branch_id_1	branch_id_2	dist_bl	dist_node_num	branch_num_fg_tube	branch_num_fg_pink	branch_num_fg_yellow	branch_num_fg_beakless	branch_num_mg_tube	branch_num_mg_pink	branch_num_mg_yellow	branch_num_mg_beakless	is_fg_tube	is_fg_pink	is_fg_yellow	is_fg_beakless	is_mf_tube	is_mf_pink	is_mf_yellow	is_mf_beakless	is_mg_tube	is_mg_pink	is_mg_yellow	is_mg_beakless	omegaCany2any	omegaCany2dif	omegaCany2spe	omegaCdif2any	omegaCdif2dif	omegaCdif2spe	omegaCspe2any	omegaCspe2dif	omegaCspe2spe	dNCany2any	dNCany2dif	dNCany2spe	dNCdif2any	dNCdif2dif	dNCdif2spe	dNCspe2any	dNCspe2dif	dNCspe2spe	dSCany2any	dSCany2dif	dSCany2spe	dSCdif2any	dSCdif2dif	dSCdif2spe	dSCspe2any	dSCspe2dif	dSCspe2spe	OCNCoD	OCSCoD	OCN_linreg_residual	OCS_linreg_residual	N_sub_1	N_sub_2	S_sub_1	S_sub_2	OCNany2any	OCNany2dif	OCNany2spe	OCNdif2any	OCNdif2dif	OCNdif2spe	OCNspe2any	OCNspe2dif	OCNspe2spe	OCSany2any	OCSany2dif	OCSany2spe	OCSdif2any	OCSdif2dif	OCSdif2spe	OCSspe2any	OCSspe2dif	OCSspe2spe	ECNany2any	ECNany2dif	ECNany2spe	ECNdif2any	ECNdif2dif	ECNdif2spe	ECNspe2any	ECNspe2dif	ECNspe2spe	ECSany2any	ECSany2dif	ECSany2spe	ECSdif2any	ECSdif2dif	ECSdif2spe	ECSspe2any	ECSspe2dif	ECSspe2spe	omegaCany2any_nocalib	omegaCany2dif_nocalib	omegaCany2spe_nocalib	omegaCdif2any_nocalib	omegaCdif2dif_nocalib	omegaCdif2spe_nocalib	omegaCspe2any_nocalib	omegaCspe2dif_nocalib	omegaCspe2spe_nocalib	dSCany2any_nocalib	dSCany2dif_nocalib	dSCany2spe_nocalib	dSCdif2any_nocalib	dSCdif2dif_nocalib	dSCdif2spe_nocalib	dSCspe2any_nocalib	dSCspe2dif_nocalib	dSCspe2spe_nocalib
0	3	0.0400	6	1	1	0	1	0	0	0	0	N	N	N	N	N	N	N	N	N	N	N	N	0.0000	0.0000	0.0000	0.0000	0.0000	0.0000	0.0000	0.0000	0.0000	0.0000	0.0000	0.0000	0.0000	0.0000	0.0000	0.0000	0.0000	0.0000	0.0000	0.0000	12.8363	1.6908	23.2062	6.8645	0.0000	0.0000	0.0000	0.0000	0.0000	0.0000	0.0000	0.0000	0.0000	0.0000	0.0000	0.0000	0.0000	0.0000	0.0000	0.0000	0.0000	0.0000	0.1168	0.0991	0.0177	0.0181	0.0175	0.0006	0.0987	0.0816	0.0171	0.1744	0.0982	0.0763	0.0233	0.0206	0.0026	0.1512	0.0775	0.0736	0.0000	0.0000	0.0000	0.0000	0.0000	0.0000	0.0000	0.0000	0.0000	0.0000	0.0000	0.0000	0.0000	0.0000	0.0000	0.0000	0.0000	0.0000											
0	4	0.1027	11	2	1	1	0	0	0	0	0	Y	N	N	N	N	N	N	N	N	N	N	N	1303.2020	0.0000	510759.5364	0.0000	0.0000	0.0000	23142096.8296	76845686.4599	15.1928	0.0000	103.3858	0.0000	0.0000	0.0000	16.8581	0.0000	106.3743	0.0117	0.0198	0.0002	0.0430	0.0483	0.0027	0.0000	0.0000	0.0000	inf	0.0073	0.4410	-0.0008	12.8363	1.0033	23.2062	4.2117	0.9761	0.0000	0.9761	0.0000	0.0000	0.0000	0.9761	0.0000	0.9761	0.0014	0.0014	0.0000	0.0014	0.0014	0.0000	0.0000	0.0000	0.0000	0.0642	0.0548	0.0094	0.0063	0.0061	0.0003	0.0579	0.0487	0.0092	0.1198	0.0701	0.0497	0.0325	0.0287	0.0038	0.0873	0.0414	0.0459	1303.2020	0.0000	510759.5364	0.0000	0.0000	0.0000	23142096.8296	0.0000	76845686.4599	0.0117	0.0198	0.0002	0.0430	0.0483	0.0027	0.0000	0.0000	0.0000	
0	5	0.0361	6	1	2	0	0	0	0	0	0	N	Y	N	N	N	N	N	N	N	N	N	N	3185.0323	4.2927	39160.2660	36.1497	33.8203	inf	4145.5913	0.0000	38306.7761	1.0100	0.0018	7.1817	0.0207	0.0209	0.0102	1.0891	0.0000	7.2466	0.0003	0.0004	0.0002	0.0006	0.0006	0.0000	0.0003	0.0003	0.0002	663.0790	0.3163	0.2988	-0.0001	12.8363	10.6531	23.2062	11.0503	0.6636	0.0010	0.6626	0.0010	0.0010	0.0000	0.6626	0.0000	0.6626	0.0002	0.0001	0.0000	0.0001	0.0001	0.0000	0.0001	0.0001	0.0000	0.6570	0.5647	0.0923	0.0486	0.0478	0.0008	0.6084	0.5170	0.0914	0.4982	0.2912	0.2070	0.0872	0.0809	0.0063	0.4110	0.2103	0.2007	3185.0323	4.2927	39160.2660	36.1497	33.8203	inf	4145.5913	0.0000	38306.7761	0.0003	0.0004	0.0002	0.0006	0.0006	0.0000	0.0003	0.0003	0.0002
0	6	0.0447	7	1	1	1	1	0	0	0	0	N	N	N	N	N	N	N	N	N	N	N	N	0.0000	0.0000	0.0000	0.0000	0.0000	0.0000	0.0000	0.0000	0.0000	0.0000	0.0000	0.0000	0.0000	0.0000	0.0000	0.0000	0.0000	0.0000	0.0000	0.0000	12.8363	0.0000	23.2062	0.7909	0.0000	0.0000	0.0000	0.0000	0.0000	0.0000	0.0000	0.0000	0.0000	0.0000	0.0000	0.0000	0.0000	0.0000	0.0000	0.0000	0.0000	0.0000	0.0000	0.0000	0.0000	0.0000	0.0000	0.0000	0.0000	0.0000	0.0000	0.0223	0.0133	0.0091	0.0052	0.0049	0.0003	0.0172	0.0084	0.0088	0.0000	0.0000	0.0000	0.0000	0.0000	0.0000	0.0000	0.0000	0.0000	0.0000	0.0000	0.0000	0.0000	0.0000	0.0000	0.0000	0.0000	0.0000											
0	7	0.0765	8	2	2	0	0	0	0	0	0	Y	Y	N	N	N	N	N	N	N	N	N	N	0.4711	0.3246	0.0000	0.0000	0.0000	0.0000	205.9568	inf	0.0000	0.0016	0.0019	0.0000	0.0000	0.0000	0.0000	0.0018	0.0021	0.0000	0.0035	0.0059	0.0002	0.0162	0.0184	0.0021	0.0000	0.0000	0.0000	0.0000	0.0193	-0.0002	-0.0007	12.8363	3.0003	23.2062	13.2183	0.0003	0.0003	0.0000	0.0000	0.0000	0.0000	0.0003	0.0003	0.0000	0.0012	0.0012	0.0000	0.0012	0.0012	0.0000	0.0000	0.0000	0.0000	0.1882	0.1606	0.0276	0.0168	0.0161	0.0007	0.1714	0.1445	0.0269	0.3426	0.1976	0.1450	0.0727	0.0631	0.0095	0.2699	0.1345	0.1354	0.4711	0.3246	0.0000	0.0000	0.0000	0.0000	205.9568	inf	0.0000	0.0035	0.0059	0.0002	0.0162	0.0184	0.0021	0.0000	0.0000	0.0000
0	8	0.0973	10	2	1	1	0	0	0	0	0	Y	N	N	N	N	N	N	N	N	N	N	N	0.0404	0.0282	0.0000	0.1151	0.1056	0.0000	0.0000	0.0000	0.0002	0.0002	0.0000	0.0017	0.0017	0.0000	0.0000	0.0000	0.0000	0.0038	0.0064	0.0001	0.0144	0.0164	0.0013	0.0000	0.0000	0.0000	0.0000	0.0126	-0.0000	-0.0005	12.8363	1.0034	23.2062	8.6617	0.0000	0.0000	0.0000	0.0000	0.0000	0.0000	0.0000	0.0000	0.0000	0.0008	0.0008	0.0000	0.0008	0.0008	0.0000	0.0000	0.0000	0.0000	0.0638	0.0544	0.0093	0.0060	0.0057	0.0003	0.0578	0.0487	0.0091	0.2109	0.1242	0.0867	0.0562	0.0488	0.0074	0.1547	0.0754	0.0792	0.0404	0.0282	0.0000	0.1151	0.1056	0.0000	0.0000	0.0000	0.0000	0.0038	0.0064	0.0001	0.0144	0.0164	0.0013	0.0000	0.0000	0.0000	
0	9	0.0356	6	1	1	1	0	0	0	0	0	N	N	N	N	N	N	N	N	N	N	N	N	7951.5872	1.4772	7092784765.9251	6.2226	5.3261	185841.4124	20700.2096	0.0000	inf	4.5065	0.0015	31.0633	0.0155	0.0142	0.0376	4.9689	0.0000	32.2415	0.0006	0.0010	0.0000	0.0025	0.0027	0.0000	0.0002	0.0005	0.0000	3613.4642	0.0000	0.8933	-0.0002	12.8363	7.0042	23.2062	16.5712	1.9783	0.0005	1.9778	0.0006	0.0005	0.0001	1.9777	0.0000	1.9777	0.0003	0.0003	0.0000	0.0002	0.0002	0.0000	0.0001	0.0001	0.0000	0.4390	0.3753	0.0637	0.0410	0.0386	0.0023	0.3980	0.3367	0.0613	0.5361	0.3078	0.2283	0.0778	0.0729	0.0049	0.4583	0.2349	0.2234	7951.5872	1.4772	7092784765.9251	6.2226	5.3261	185841.4124	20700.2096	0.0000	inf	0.0006	0.0010	0.0000	0.0025	0.0027	0.0000	0.0002	0.0005	0.0000
0	10	0.0700	8	2	2	0	0	0	0	0	0	Y	Y	N	N	N	N	N	N	N	N	N	N	0.0074	0.0054	0.0000	8.5617	inf	0.0000	0.0052	0.0028	0.0000	0.0294	0.0342	0.0000	0.0018	0.0019	0.0000	0.0331	0.0393	0.0000	3.9734	6.3127	0.0002	0.0002	0.0000	0.0022	6.3951	13.8361	0.0000	0.0000	0.0000	-0.0022	-0.6141	12.8363	2.0043	23.2062	5.1253	0.0040	0.0040	0.0000	0.0000	0.0000	0.0000	0.0040	0.0040	0.0000	0.9989	0.9989	0.0000	0.0000	0.0000	0.0000	0.9989	0.9989	0.0000	0.1365	0.1172	0.0193	0.0165	0.0159	0.0005	0.1201	0.1013	0.0188	0.2514	0.1582	0.0932	0.0952	0.0860	0.0092	0.1562	0.0722	0.0840	0.0074	0.0054	0.0000	8.5617	inf	0.0000	0.0052	0.0028	0.0000	3.9734	6.3127	0.0002	0.0002	0.0000	0.0022	6.3951	13.8361	0.0000
0	11	0.0855	12	1	2	0	0	0	0	0	0	N	Y	N	N	N	N	N	N	N	N	N	N	0.0000	0.0000	0.0000	0.0000	0.0000	0.0000	0.0000	0.0000	0.0000	0.0000	0.0000	0.0000	0.0000	0.0000	0.0000	0.0000	0.0000	2.5191	4.0578	0.0001	0.0025	0.0027	0.0007	3.6452	7.2057	0.0000	0.0000	0.0000	-0.6146	12.8363	3.0002	23.2062	13.3035	0.0000	0.0000	0.0000	0.0000	0.0000	0.0000	0.0000	0.0000	0.0000	0.9998	0.9998	0.0000	0.0003	0.0003	0.0000	0.9995	0.9995	0.0000	0.1920	0.1637	0.0282	0.0193	0.0185	0.0008	0.1726	0.1452	0.0274	0.3969	0.2464	0.1505	0.1227	0.1077	0.0150	0.2742	0.1387	0.1355	0.0000	0.0000	0.0000	0.0000	0.0000	0.0000	0.0000	0.0000	0.0000	2.5191	4.0578	0.0001	0.0025	0.0027	0.0007	3.6452	7.2057	0.0000		
0	12	0.0447	7	1	2	0	1	0	0	0	0	N	Y	N	N	N	N	N	N	N	N	N	N	0.0000	0.0000	0.0000	0.0000	0.0000	0.0000	0.0000	0.0000	0.0000	0.0000	0.0000	0.0000	0.0000	0.0000	0.0000	0.0000	0.0000	0.0000	0.0000	0.0000	12.8363	1.0000	23.2062	2.2091	0.0000	0.0000	0.0000	0.0000	0.0000	0.0000	0.0000	0.0000	0.0000	0.0000	0.0000	0.0000	0.0000	0.0000	0.0000	0.0000	0.0000	0.0000	0.0657	0.0559	0.0098	0.0063	0.0060	0.0002	0.0595	0.0499	0.0096	0.0712	0.0408	0.0305	0.0115	0.0104	0.0011	0.0598	0.0304	0.0293	0.0000	0.0000	0.0000	0.0000	0.0000	0.0000	0.0000	0.0000	0.0000	0.0000	0.0000	0.0000	0.0000	0.0000	0.0000	0.0000	0.0000	0.0000											
0	13	0.0435	6	1	1	0	1	0	0	0	0	N	N	N	N	N	N	N	N	N	N	N	N	0.0000	0.0000	0.0000	0.0000	0.0000	0.0000	0.0000	0.0000	0.0000	0.0000	0.0000	0.0000	0.0000	0.0000	0.0000	0.0000	0.0018	0.0000	0.0041	0.0001	0.0001	0.0000	0.0020	0.0000	0.0042	157.9155	0.0000	0.0000	12.8363	1.0009	23.2062	1.2082	0.0000	0.0000	0.0000	0.0000	0.0000	0.0000	0.0000	0.0000	0.0000	0.0001	0.0000	0.0001	0.0000	0.0000	0.0000	0.0001	0.0000	0.0001	0.0660	0.0561	0.0099	0.0063	0.0061	0.0002	0.0596	0.0500	0.0096	0.0452	0.0255	0.0197	0.0059	0.0051	0.0008	0.0393	0.0203	0.0189	0.0000	0.0000	0.0000	0.0000	0.0000	0.0000	0.0000	0.0000	0.0000	0.0018	0.0000	0.0041	0.0001	0.0001	0.0000	0.0020	0.0000	0.0042			
0	14	0.0802	10	1	2	0	0	0	0	0	0	N	Y	N	N	N	N	N	N	N	N	N	N	0.0000	0.0000	0.0000	0.0000	0.0000	0.0000	0.0000	0.0000	0.0000	0.0000	0.0000	0.0000	0.0000	0.0000	0.0000	0.0000	0.0001	0.0001	0.0001	0.0001	0.0002	0.0000	0.0001	0.0000	0.0001	1.4252	0.0000	-0.0000	12.8363	3.0000	23.2062	13.0223	0.0000	0.0000	0.0000	0.0000	0.0000	0.0000	0.0000	0.0000	0.0000	0.0000	0.0000	0.0000	0.0000	0.0000	0.0000	0.0000	0.0000	0.0000	0.1881	0.1605	0.0276	0.0167	0.0160	0.0007	0.1714	0.1445	0.0269	0.3169	0.1770	0.1399	0.0756	0.0616	0.0139	0.2413	0.1154	0.1259	0.0000	0.0000	0.0000	0.0000	0.0000	0.0000	0.0000	0.0000	0.0000	0.0001	0.0001	0.0001	0.0001	0.0002	0.0000	0.0001	0.0000	0.0001			
0	15	0.0435	6	1	1	0	1	0	0	0	0	N	N	N	N	N	N	N	N	N	N	N	N	0.0000	0.0000	0.0000	0.0000	0.0000	0.0000	0.0000	0.0000	0.0000	0.0000	0.0000	0.0000	0.0000	0.0000	0.0000	0.0000	0.0039	0.0000	0.0089	0.0002	0.0002	0.0000	0.0045	0.0000	0.0092	157.9155	0.0000	0.0000	12.8363	0.9991	23.2062	0.0040	0.0000	0.0000	0.0000	0.0000	0.0000	0.0000	0.0000	0.0000	0.0000	0.0001	0.0000	0.0001	0.0000	0.0000	0.0000	0.0001	0.0000	0.0001	0.0658	0.0560	0.0098	0.0063	0.0061	0.0002	0.0595	0.0499	0.0096	0.0207	0.0117	0.0090	0.0028	0.0024	0.0004	0.0180	0.0093	0.0087	0.0000	0.0000	0.0000	0.0000	0.0000	0.0000	0.0000	0.0000	0.0000	0.0039	0.0000	0.0089	0.0002	0.0002	0.0000	0.0045	0.0000	0.0092			
0	16	0.0305	5	1	1	0	1	0	0	0	0	N	N	N	N	N	N	N	N	N	N	N	N	0.0388	0.0004	0.2276	0.0920	0.0925	0.0000	0.0397	0.0000	0.2311	0.1330	0.0013	0.9059	0.0085	0.0087	0.0000	0.1524	0.0000	0.9247	3.4248	3.0074	3.9809	0.0920	0.0936	0.0152	3.8438	3.6977	4.0018	115.7650	0.9937	0.0218	-0.2332	12.8363	5.0907	23.2062	19.6153	0.0492	0.0004	0.0488	0.0004	0.0004	0.0000	0.0488	0.0000	0.0488	2.0045	1.0054	0.9991	0.0060	0.0060	0.0000	1.9985	0.9994	0.9990	0.3697	0.3159	0.0538	0.0498	0.0487	0.0011	0.3199	0.2672	0.0527	0.5853	0.3343	0.2510	0.0654	0.0640	0.0013	0.5199	0.2703	0.2496	0.0388	0.0004	0.2276	0.0920	0.0925	0.0000	0.0397	0.0000	0.2311	3.4248	3.0074	3.9809	0.0920	0.0936	0.0152	3.8438	3.6977	4.0018
0	17	0.1000	9	2	1	1	0	0	0	0	0	Y	N	N	N	N	N	N	N	N	N	N	N	0.0000	0.0000	0.0000	0.0000	0.0000	0.0000	0.0000	0.0000	0.0000	0.0000	0.0000	0.0000	0.0000	0.0037	0.0064	0.0000	0.0159	0.0186	0.0000	0.0000	0.0000	0.0000	0.0000	0.0000	-0.0001	12.8363	1.0000	23.2062	1.0003	0.0000	0.0000	0.0000	0.0000	0.0000	0.0000	0.0000	0.0000	0.0000	0.0001	0.0001	0.0000	0.0001	0.0001	0.0000	0.0000	0.0000	0.0000	0.0630	0.0537	0.0093	0.0076	0.0073	0.0004	0.0553	0.0464	0.0089	0.0382	0.0219	0.0163	0.0088	0.0075	0.0013	0.0294	0.0144	0.0150	0.0000	0.0000	0.0000	0.0000	0.0000	0.0000	0.0000	0.0000	0.0000	0.0037	0.0064	0.0000	0.0159	0.0186	0.0000	0.0000	0.0000	0.0000						
0	18	0.0463	7	1	2	0	0	0	0	0	0	N	Y	N	N	N	N	N	N	N	N	N	N	0.0000	0.0000	0.0000	0.0000	0.0000	0.0000	0.0000	0.0000	0.0000	0.0000	0.0000	0.0000	0.0000	0.0000	0.0000	0.0000	0.0004	0.0001	0.0009	0.0002	0.0003	0.0000	0.0004	0.0000	0.0010	3.0623	0.0000	0.0000	12.8363	0.0005	23.2062	9.9413	0.0000	0.0000	0.0000	0.0000	0.0000	0.0000	0.0000	0.0000	0.0000	0.0002	0.0000	0.0001	0.0000	0.0000	0.0000	0.0001	0.0000	0.0001	0.0389	0.0351	0.0038	0.0373	0.0338	0.0035	0.0016	0.0013	0.0003	0.4963	0.3487	0.1476	0.1820	0.1750	0.0070	0.3143	0.1737	0.1406	0.0000	0.0000	0.0000	0.0000	0.0000	0.0000	0.0000	0.0000	0.0000	0.0004	0.0001	0.0009	0.0002	0.0003	0.0000	0.0004	0.0000	0.0010			
0	19	0.0700	8	2	2	0	0	0	0	0	0	Y	Y	N	N	N	N	N	N	N	N	N	N	0.1708	0.1170	0.0000	0.0108	0.0098	0.0000	487.8178	inf	0.0000	0.0132	0.0154	0.0000	0.0030	0.0031	0.0000	0.0144	0.0170	0.0000	0.0773	0.1319	0.0002	0.2804	0.3182	0.0019	0.0000	0.0000	0.0001	0.0000	0.0011	-0.0022	-0.0225	12.8363	4.7901	23.2062	15.0000	0.0041	0.0041	0.0000	0.0001	0.0001	0.0000	0.0040	0.0040	0.0000	0.0367	0.0366	0.0000	0.0367	0.0366	0.0000	0.0000	0.0000	0.0000	0.3085	0.2640	0.0445	0.0317	0.0305	0.0012	0.2768	0.2334	0.0433	0.4745	0.2779	0.1966	0.1308	0.1152	0.0156	0.3437	0.1627	0.1810	0.1708	0.1170	0.0000	0.0108	0.0098	0.0000	487.8178	inf	0.0000	0.0773	0.1319	0.0002	0.2804	0.3182	0.0019	0.0000	0.0000	0.0001
0	20	0.0670	7	2	2	0	0	0	0	0	0	Y	Y	N	N	N	N	N	N	N	N	N	N	20.0291	24.6996	0.0038	0.0002	0.0002	inf	34.7626	597.5720	0.0036	12.5465	14.6791	0.0025	0.0003	0.0003	0.0000	13.8134	16.3709	0.0026	0.6264	0.5943	0.6680	1.3378	1.4713	0.0000	0.3974	0.0274	0.7036	0.0000	0.8687	-0.5387	-0.0110	12.8363	1.2170	23.2062	3.4655	0.9827	0.9827	0.0000	0.0000	0.0000	0.0000	0.9827	0.9827	0.0000	0.0734	0.0393	0.0341	0.0382	0.0382	0.0000	0.0352	0.0011	0.0341	0.0783	0.0669	0.0114	0.0072	0.0069	0.0003	0.0711	0.0600	0.0111	0.1172	0.0661	0.0511	0.0285	0.0260	0.0026	0.0887	0.0402	0.0485	20.0291	24.6996	0.0038	0.0002	0.0002	inf	34.7626	597.5720	0.0036	0.6264	0.5943	0.6680	1.3378	1.4713	0.0000	0.3974	0.0274	0.7036
0	21	0.0802	9	1	2	0	0	0	0	0	0	N	Y	N	N	N	N	N	N	N	N	N	N	0.0000	0.0000	0.0000	0.0000	0.0000	0.0000	0.0000	0.0000	0.0000	0.0000	0.0000	0.0000	0.0000	0.0000	0.0000	0.0000	0.0001	0.0001	0.0001	0.0001	0.0002	0.0000	0.0001	0.0000	0.0001	1.4189	0.0000	-0.0000	12.8363	2.0000	23.2062	11.9921	0.0000	0.0000	0.0000	0.0000	0.0000	0.0000	0.0000	0.0000	0.0000	0.0000	0.0000	0.0000	0.0000	0.0000	0.0000	0.0000	0.0000	0.0000	0.1259	0.1074	0.0185	0.0112	0.0107	0.0005	0.1147	0.0967	0.0180	0.2788	0.1558	0.1229	0.0668	0.0545	0.0123	0.2120	0.1013	0.1107	0.0000	0.0000	0.0000	0.0000	0.0000	0.0000	0.0000	0.0000	0.0000	0.0001	0.0001	0.0001	0.0001	0.0002	0.0000	0.0001	0.0000	0.0001			
0	22	0.0670	7	1	2	0	0	0	0	0	0	N	Y	N	N	N	N	N	N	N	N	N	N	1.8955	inf	5.8732	inf	inf	1.6792	5.6637	5.2812	0.0031	36.1132	0.0305	0.0317	0.0000	5.7828	0.0000	36.9677	2.7862	0.0000	6.1488	0.0000	0.0000	0.0000	3.4438	0.0000	6.5271	1986.2085	inf	0.4515	0.3700	12.8363	2.9966	23.2062	14.0927	1.0005	0.0005	1.0000	0.0005	0.0005	0.0000	1.0000	0.0000	1.0000	0.9604	0.0000	0.9604	0.0000	0.0000	0.0000	0.9604	0.0000	0.9604	0.1894	0.1617	0.0277	0.0165	0.0159	0.0006	0.1729	0.1459	0.0270	0.3447	0.1885	0.1562	0.0658	0.0568	0.0091	0.2789	0.1317	0.1471	1.8955	inf	5.8732	inf	inf	0.0000	1.6792	0.0000	5.6637	2.7862	0.0000	6.1488	0.0000	0.0000	0.0000	3.4438	0.0000	6.5271		
0	23	0.0400	6	1	2	1	1	0	0	0	0	N	Y	N	N	N	N	N	N	N	N	N	N	0.0000	0.0000	0.0000	0.0000	0.0000	0.0000	0.0000	0.0000	0.0000	0.0000	0.0000	0.0000	0.0000	0.0000	0.0000	0.0000	0.0000	0.0000	0.0000	0.0000	12.8363	0.3092	23.2062	0.1355	0.0000	0.0000	0.0000	0.0000	0.0000	0.0000	0.0000	0.0000	0.0000	0.0000	0.0000	0.0000	0.0000	0.0000	0.0000	0.0000	0.0000	0.0000	0.0309	0.0261	0.0048	0.0081	0.0080	0.0001	0.0229	0.0182	0.0047	0.0163	0.0105	0.0058	0.0047	0.0046	0.0001	0.0115	0.0059	0.0056	0.0000	0.0000	0.0000	0.0000	0.0000	0.0000	0.0000	0.0000	0.0000	0.0000	0.0000	0.0000	0.0000	0.0000	0.0000	0.0000	0.0000	0.0000											
0	24	0.0294	5	1	1	0	1	0	0	0	0	N	N	N	N	N	N	N	N	N	N	N	N	1.3295	0.0000	2.3184	0.0000	0.0000	0.0000	1.6149	2.3093	3.3435	0.0000	12.7682	0.0000	0.0000	0.0000	4.3806	0.0000	12.8580	2.5149	0.0049	5.5074	0.0372	0.0388	0.0152	2.7126	0.0000	5.5679	inf	939.0781	0.8502	0.3839	12.8363	6.2779	23.2062	13.9173	1.8817	0.0000	1.8817	0.0000	0.0000	0.0000	1.8817	0.0000	1.8817	0.9993	0.0011	0.9982	0.0011	0.0011	0.0000	0.9982	0.0000	0.9982	0.5628	0.4154	0.1474	0.1332	0.1322	0.0010	0.4295	0.2832	0.1463	0.3973	0.2161	0.1812	0.0294	0.0274	0.0020	0.3680	0.1887	0.1793	1.3295	0.0000	2.3184	0.0000	0.0000	0.0000	1.6149	0.0000	2.3093	2.5149	0.0049	5.5074	0.0372	0.0388	0.0152	2.7126	0.0000	5.5679	
0	25	0.0426	8	1	2	0	0	0	0	0	0	N	Y	N	N	N	N	N	N	N	N	N	N	0.0010	0.1711	0.0007	0.5499	0.5372	0.0000	0.0002	0.0006	0.0004	0.0004	0.0006	0.0028	0.0029	0.0000	0.0001	0.0000	0.0006	0.3857	0.0020	0.9403	0.0052	0.0054	0.0015	0.5048	0.0000	0.9722	0.2960	317.6421	-0.0000	0.0755	12.8363	3.8932	23.2062	15.3303	0.0001	0.0001	0.0000	0.0001	0.0001	0.0000	0.0000	0.0000	0.0000	0.1976	0.0006	0.1969	0.0006	0.0006	0.0000	0.1969	0.0000	0.1969	0.2736	0.2344	0.0392	0.0289	0.0284	0.0005	0.2447	0.2060	0.0387	0.5122	0.3028	0.2094	0.1221	0.1152	0.0069	0.3901	0.1875	0.2026	0.0010	0.1711	0.0007	0.5499	0.5372	0.0000	0.0002	0.0000	0.0006	0.3857	0.0020	0.9403	0.0052	0.0054	0.0015	0.5048	0.0000	0.9722	
0	26	0.0242	4	1	2	0	1	0	0	0	0	N	Y	N	N	N	N	N	N	N	N	N	N	0.0531	0.0416	0.0000	111.3403	110.5217	0.0000	0.0000	0.0000	0.1216	0.1665	0.0000	0.4384	0.4402	0.0000	0.0000	0.0000	0.0000	2.2870	4.0028	0.3728	0.0039	0.0040	0.0000	2.9770	7.0819	0.3749	0.0000	0.0835	-0.0345	-0.5826	12.8363	4.2937	23.2062	9.5692	0.0629	0.0629	0.0000	0.0629	0.0629	0.0000	0.0000	0.0000	0.0000	1.0835	1.0001	0.0835	0.0004	0.0004	0.0000	1.0831	0.9996	0.0835	0.5178	0.3780	0.1398	0.1436	0.1430	0.0006	0.3742	0.2350	0.1392	0.4738	0.2498	0.2239	0.1100	0.1087	0.0013	0.3638	0.1412	0.2227	0.0531	0.0416	0.0000	111.3403	110.5217	0.0000	0.0000	0.0000	0.0000	2.2870	4.0028	0.3728	0.0039	0.0040	0.0000	2.9770	7.0819	0.3749	
0	27	0.0338	6	2	2	0	0	0	0	0	0	Y	Y	N	N	N	N	N	N	N	N	N	N	0.9846	447.8287	0.0000	0.0000	0.0000	0.9267	inf	0.0000	1.0390	1.2249	0.0000	0.0000	0.0000	0.0000	1.0942	1.2993	0.0000	1.0552	0.0027	2.2343	0.0134	0.0149	0.0000	1.1807	0.0000	2.2861	0.0000	729.1749	-0.5412	0.3844	12.8363	16.0000	23.2062	34.8566	0.9872	0.9872	0.0000	0.0000	0.0000	0.0000	0.9872	0.9872	0.0000	1.0014	0.0014	1.0000	0.0014	0.0014	0.0000	1.0000	0.0000	1.0000	0.9501	0.8059	0.1442	0.0479	0.0461	0.0017	0.9022	0.7598	0.1424	0.9490	0.5014	0.4476	0.1020	0.0919	0.0101	0.8470	0.4095	0.4374	0.9846	447.8287	0.0000	0.0000	0.0000	0.0000	0.9267	inf	0.0000	1.0552	0.0027	2.2343	0.0134	0.0149	0.0000	1.1807	0.0000	2.2861	
0	28	0.0390	6	1	1	1	0	0	0	0	0	N	N	N	N	N	N	N	N	N	N	N	N	0.0000	0.0000	0.0000	0.0000	0.0000	0.0000	0.0000	0.0000	0.0000	0.0000	0.0000	0.0000	0.0000	0.0000	0.0000	0.0000	0.0000	0.0000	0.0000	0.0000	12.8363	0.0000	23.2062	3.0088	0.0000	0.0000	0.0000	0.0000	0.0000	0.0000	0.0000	0.0000	0.0000	0.0000	0.0000	0.0000	0.0000	0.0000	0.0000	0.0000	0.0000	0.0000	0.0000	0.0000	0.0000	0.0000	0.0000	0.0000	0.0000	0.0000	0.0000	0.0586	0.0318	0.0269	0.0059	0.0047	0.0012	0.0527	0.0271	0.0256	0.0000	0.0000	0.0000	0.0000	0.0000	0.0000	0.0000	0.0000	0.0000	0.0000	0.0000	0.0000	0.0000	0.0000	0.0000	0.0000	0.0000	0.0000											
0	29	0.0266	3	1	2	0	0	0	0	0	0	N	Y	N	N	N	N	N	N	N	N	N	N	8.3947	0.0724	102552.3189	0.0949	0.0963	inf	40169.5713	inf	103754.1189	2.7608	0.0463	14.6365	0.2968	0.3021	0.0100	3.1141	0.0007	14.8190	0.3289	0.6398	0.0001	3.1259	3.1367	0.0000	0.0001	0.0000	0.0001	72.2177	0.0002	0.4448	-0.0981	12.8363	5.0749	23.2062	14.8264	1.0151	0.0139	1.0012	0.0137	0.0137	0.0000	1.0014	0.0002	1.0012	0.1596	0.1596	0.0000	0.1596	0.1596	0.0000	0.0000	0.0000	0.0000	0.3677	0.2993	0.0684	0.0461	0.0453	0.0008	0.3216	0.2540	0.0676	0.4853	0.2494	0.2359	0.0510	0.0509	0.0002	0.4343	0.1986	0.2357	8.3947	0.0724	102552.3189	0.0949	0.0963	inf	40169.5713	inf	103754.1189	0.3289	0.6398	0.0001	3.1259	3.1367	0.0000	0.0001	0.0000	0.0001
0	30	0.0670	7	2	1	1	0	0	0	0	0	Y	N	N	N	N	N	N	N	N	N	N	N	1.1419	inf	0.0000	1.0165	inf	0.0000	2.6440	3.0965	0.0000	0.0000	0.0000	0.0000	2.8915	3.4265	0.0000	2.3154	0.0000	5.0925	0.0000	0.0000	0.0000	2.8446	0.0000	5.4084	0.0000	inf	-0.5409	0.3700	12.8363	5.9956	23.2062	15.0927	0.9867	0.9867	0.0000	0.0000	0.0000	0.0000	0.9867	0.9867	0.0000	0.9604	0.0000	0.9604	0.0000	0.0000	0.0000	0.9604	0.0000	0.9604	0.3732	0.3186	0.0545	0.0319	0.0307	0.0013	0.3412	0.2879	0.0533	0.4148	0.2262	0.1886	0.0772	0.0662	0.0110	0.3376	0.1601	0.1776	1.1419	inf	0.0000	0.0000	0.0000	0.0000	1.0165	inf	0.0000	2.3154	0.0000	5.0925	0.0000	0.0000	0.0000	2.8446	0.0000	5.4084			
0	31	0.0294	5	1	2	0	0	0	0	0	0	N	Y	N	N	N	N	N	N	N	N	N	N	40.4416	35.0196	9.9200	9.4195	0.6005	0.9496	0.0000	1.5806	1.5841	0.0000	0.0000	0.0000	0.0000	0.0148	0.0271	0.0000	0.1593	0.1682	0.0000	0.0000	0.0000	0.0000	0.0000	0.0000	-0.0984	-0.0017	12.8363	1.4218	23.2062	7.0463	0.1794	0.1794	0.0000	0.1794	0.1794	0.0000	0.0000	0.0000	0.0000	0.0028	0.0028	0.0000	0.0028	0.0028	0.0000	0.0000	0.0000	0.0000	0.2988	0.1890	0.1099	0.1135	0.1133	0.0002	0.1853	0.0757	0.1096	0.1892	0.1036	0.0856	0.0176	0.0167	0.0009	0.1715	0.0869	0.0847	40.4416	35.0196	0.0000	9.9200	9.4195	0.0000	0.0000	0.0000	0.0000	0.0148	0.0271	0.0000	0.1593	0.1682	0.0000	0.0000	0.0000	0.0000					
0	32	0.0242	4	1	1	0	0	0	0	0	0	N	N	N	N	N	N	N	N	N	N	N	N	1.9231	0.7110	85.2629	0.9692	0.9649	1497.7982	48.2090	0.0000	85.2109	0.5650	0.3892	1.0415	1.0289	1.0332	0.0019	0.3879	0.0000	1.0460	0.2938	0.5474	0.0122	1.0617	1.0708	0.0000	0.0080	0.0003	0.0123	0.9873	0.0201	-0.0151	-0.0697	12.8363	4.3312	23.2062	5.5221	0.2938	0.1478	0.1460	0.1478	0.1478	0.0000	0.1460	0.0000	0.1460	0.1171	0.1148	0.0023	0.1148	0.1148	0.0000	0.0023	0.0000	0.0023	0.5200	0.3799	0.1402	0.1437	0.1431	0.0006	0.3763	0.2368	0.1395	0.3987	0.2097	0.1889	0.1081	0.1072	0.0009	0.2905	0.1025	0.1880	1.9231	0.7110	85.2629	0.9692	0.9649	1497.7982	48.2090	0.0000	85.2109	0.2938	0.5474	0.0122	1.0617	1.0708	0.0000	0.0080	0.0003	0.0123
0	33	0.0217	3	1	1	0	0	0	0	0	0	N	N	N	N	N	N	N	N	N	N	N	N	2.6125	2.5688	2.6085	3.4201	3.4256	inf	1.5450	0.0201	2.6123	0.8232	0.8342	0.7959	2.2988	2.3025	0.0000	0.3093	0.0001	0.7971	0.3151	0.3248	0.3051	0.6721	0.6722	0.0000	0.2002	0.0049	0.3051	0.3862	0.9102	-0.1132	-0.0139	12.8363	4.2685	23.2062	3.7703	0.4197	0.3028	0.1169	0.3028	0.3028	0.0000	0.1169	0.0000	0.1169	0.1005	0.0526	0.0479	0.0522	0.0522	0.0000	0.0483	0.0004	0.0479	0.5099	0.3630	0.1469	0.1317	0.1315	0.0002	0.3782	0.2315	0.1467	0.3188	0.1619	0.1569	0.0776	0.0776	0.0000	0.2412	0.0843	0.1569	2.6125	2.5688	2.6085	3.4201	3.4256	inf	1.5450	0.0201	2.6123	0.3151	0.3248	0.3051	0.6721	0.6722	0.0000	0.2002	0.0049	0.3051
0	34	0.0670	7	2	1	1	0	0	0	0	0	Y	N	N	N	N	N	N	N	N	N	N	N	0.0007	inf	0.0000	inf	inf	0.0000	0.0000	0.0016	0.0019	0.0000	0.0188	0.0195	0.0000	0.0000	0.0000	0.0000	2.4171	0.0000	5.3203	0.0000	0.0000	0.0000	2.9736	0.0000	5.6498	0.0000	inf	-0.0003	0.3700	12.8363	4.9966	23.2062	15.0870	0.0005	0.0005	0.0000	0.0005	0.0005	0.0000	0.0000	0.0000	0.0000	0.9604	0.0000	0.9604	0.0000	0.0000	0.0000	0.9604	0.0000	0.9604	0.3125	0.2668	0.0457	0.0269	0.0258	0.0011	0.2856	0.2410	0.0446	0.3973	0.2168	0.1805	0.0744	0.0638	0.0105	0.3230	0.1530	0.1700	0.0007	inf	0.0000	inf	inf	0.0000	0.0000	0.0000	0.0000	2.4171	0.0000	5.3203	0.0000	0.0000	0.0000	2.9736	0.0000	5.6498		
0	35	0.0390	6	1	2	0	0	0	0	0	0	N	Y	N	N	N	N	N	N	N	N	N	N	0.0000	0.0000	0.0000	0.0000	0.0000	0.0000	0.0000	0.0000	0.0000	0.0000	0.0000	0.0000	0.0000	0.0000	0.0000	0.0000	0.0000	0.0000	0.0000	0.0000	12.8363	1.0000	23.2062	1.0102	0.0000	0.0000	0.0000	0.0000	0.0000	0.0000	0.0000	0.0000	0.0000	0.0000	0.0000	0.0000	0.0000	0.0000	0.0000	0.0000	0.0000	0.0000	0.0549	0.0470	0.0079	0.0036	0.0034	0.0002	0.0513	0.0436	0.0077	0.0395	0.0214	0.0181	0.0040	0.0032	0.0008	0.0354	0.0182	0.0173	0.0000	0.0000	0.0000	0.0000	0.0000	0.0000	0.0000	0.0000	0.0000	0.0000	0.0000	0.0000	0.0000	0.0000	0.0000	0.0000	0.0000	0.0000											
0	36	0.0390	5	1	1	0	0	0	0	0	0	N	N	N	N	N	N	N	N	N	N	N	N	0.0000	0.0000	0.0000	0.0000	0.0000	0.0000	0.0000	0.0000	0.0000	0.0000	0.0000	0.0000	0.0000	0.0000	0.0000	0.0000	0.0000	0.0000	0.0000	0.0000	12.8363	0.0000	23.2062	0.0263	0.0000	0.0000	0.0000	0.0000	0.0000	0.0000	0.0000	0.0000	0.0000	0.0000	0.0000	0.0000	0.0000	0.0000	0.0000	0.0000	0.0000	0.0000	0.0000	0.0000	0.0000	0.0000	0.0000	0.0000	0.0000	0.0000	0.0000	0.0009	0.0005	0.0004	0.0002	0.0002	0.0000	0.0007	0.0003	0.0004	0.0000	0.0000	0.0000	0.0000	0.0000	0.0000	0.0000	0.0000	0.0000	0.0000	0.0000	0.0000	0.0000	0.0000	0.0000	0.0000	0.0000	0.0000											
0	37	0.1000	8	2	2	1	0	0	0	0	0	Y	Y	N	N	N	N	N	N	N	N	N	N	0.0000	0.0000	0.0000	0.0000	0.0000	0.0000	0.0000	0.0000	0.0000	0.0000	0.0000	0.0000	0.0000	0.0009	0.0016	0.0000	0.0041	0.0048	0.0000	0.0000	0.0000	0.0000	0.0000	0.0000	-0.0001	12.8363	3.0000	23.2062	5.0002	0.0000	0.0000	0.0000	0.0000	0.0000	0.0000	0.0000	0.0000	0.0000	0.0001	0.0001	0.0000	0.0001	0.0001	0.0000	0.0000	0.0000	0.0000	0.1873	0.1597	0.0276	0.0227	0.0217	0.0011	0.1645	0.1380	0.0265	0.1497	0.0858	0.0639	0.0344	0.0294	0.0050	0.1153	0.0565	0.0589	0.0000	0.0000	0.0000	0.0000	0.0000	0.0000	0.0000	0.0000	0.0000	0.0009	0.0016	0.0000	0.0041	0.0048	0.0000	0.0000	0.0000	0.0000						
0	38	0.0674	10	2	2	0	0	0	0	0	0	Y	Y	N	N	N	N	N	N	N	N	N	N	0.0000	0.0000	0.0000	0.0000	0.0000	0.0000	0.0000	0.0000	0.0000	0.0000	0.0000	0.0000	0.0000	5.8969	0.0000	52.3235	0.0000	0.0000	0.0000	11.0342	0.0000	46.2014	inf	0.0000	0.0641	12.8363	0.0001	23.2062	0.1668	0.0000	0.0000	0.0000	0.0000	0.0000	0.0000	0.0000	0.0000	0.0000	0.1663	0.0000	0.1663	0.0000	0.0000	0.0000	0.1663	0.0000	0.1663	0.0000	0.0000	0.0000	0.0000	0.0000	0.0000	0.0000	0.0000	0.0000	0.0282	0.0211	0.0071	0.0131	0.0130	0.0001	0.0151	0.0080	0.0070	0.0000	0.0000	0.0000	0.0000	0.0000	0.0000	0.0000	0.0000	0.0000	5.8969	0.0000	23.3486	0.0000	0.0000	0.0000	11.0342	0.0000	23.6139						
0	39	0.0305	5	1	1	0	1	0	0	0	0	N	N	N	N	N	N	N	N	N	N	N	N	0.1037	0.0591	0.2868	0.0776	0.0785	0.0000	0.1052	0.2917	0.3095	0.0004	2.2128	0.0019	0.0019	0.0000	0.3879	0.0000	2.2616	2.9859	0.0075	7.7158	0.0242	0.0243	0.0158	3.6867	0.0000	7.7537	809.9359	647.7355	0.0220	0.3833	12.8363	1.7673	23.2062	9.0239	0.0488	0.0001	0.0487	0.0001	0.0001	0.0000	0.0487	0.0000	0.0487	0.9991	0.0015	0.9975	0.0016	0.0015	0.0000	0.9975	0.0000	0.9975	0.1577	0.1356	0.0220	0.0320	0.0316	0.0005	0.1256	0.1041	0.0216	0.3346	0.2053	0.1293	0.0640	0.0634	0.0006	0.2706	0.1419	0.1286	0.1037	0.0591	0.2868	0.0776	0.0785	0.0000	0.1052	0.0000	0.2917	2.9859	0.0075	7.7158	0.0242	0.0243	0.0158	3.6867	0.0000	7.7537	
0	40	0.0281	4	1	1	0	1	0	0	0	0	N	N	N	N	N	N	N	N	N	N	N	N	95.2268	5.7357	270.6616	13.7106	13.7760	0.0000	107.6631	0.0452	273.6257	3.5409	0.0628	17.9167	0.3217	0.3269	0.0000	4.1373	0.0004	18.1486	0.0372	0.0109	0.0662	0.0235	0.0237	0.0000	0.0384	0.0086	0.0663	69.0685	5.4719	0.4217	0.0015	12.8363	3.4690	23.2062	3.7419	0.9639	0.0138	0.9501	0.0137	0.0137	0.0000	0.9502	0.0001	0.9501	0.0064	0.0010	0.0054	0.0003	0.0003	0.0000	0.0060	0.0006	0.0054	0.2722	0.2192	0.0530	0.0425	0.0419	0.0007	0.2297	0.1773	0.0524	0.1713	0.0899	0.0814	0.0142	0.0141	0.0002	0.1571	0.0759	0.0812	95.2268	5.7357	270.6616	13.7106	13.7760	0.0000	107.6631	0.0452	273.6257	0.0372	0.0109	0.0662	0.0235	0.0237	0.0000	0.0384	0.0086	0.0663
0	41	0.0855	12	1	2	1	0	0	0	0	0	N	Y	N	N	N	N	N	N	N	N	N	N	0.0000	0.0000	0.0000	0.0000	0.0000	0.0000	0.0000	0.0000	0.0000	0.0000	0.0000	0.0000	0.0000	0.0000	0.0000	0.0000	0.0000	3.3031	0.0027	9.1435	0.0054	0.0059	0.0009	4.9134	0.0000	10.1320	1907.1377	0.0000	0.3848	12.8363	0.9997	23.2062	10.1790	0.0000	0.0000	0.0000	0.0000	0.0000	0.0000	0.0000	0.0000	0.0000	1.0003	0.0005	0.9998	0.0005	0.0005	0.0000	0.9998	0.0000	0.9998	0.0646	0.0551	0.0095	0.0065	0.0062	0.0003	0.0581	0.0488	0.0092	0.3028	0.1935	0.1093	0.0994	0.0887	0.0107	0.2035	0.1048	0.0987	0.0000	0.0000	0.0000	0.0000	0.0000	0.0000	0.0000	0.0000	0.0000	3.3031	0.0027	9.1435	0.0054	0.0059	0.0009	4.9134	0.0000	10.1320		
0	42	0.0844	11	1	2	0	0	0	0	0	0	N	Y	N	N	N	N	N	N	N	N	N	N	0.0000	0.0000	0.0000	0.0000	0.0000	0.0000	0.0000	0.0000	0.0000	0.0000	0.0000	0.0000	0.0000	0.0000	0.0000	0.0000	0.0000	0.0287	0.0312	0.0247	0.0104	0.0113	0.0000	0.0381	0.0522	0.0267	0.5179	0.0000	-0.0002	12.8363	0.0007	23.2062	0.9413	0.0000	0.0000	0.0000	0.0000	0.0000	0.0000	0.0000	0.0000	0.0000	0.0009	0.0006	0.0003	0.0001	0.0001	0.0000	0.0008	0.0005	0.0003	0.0001	0.0000	0.0000	0.0000	0.0000	0.0000	0.0000	0.0000	0.0000	0.0299	0.0181	0.0118	0.0102	0.0093	0.0009	0.0198	0.0088	0.0110	0.0000	0.0000	0.0000	0.0000	0.0000	0.0000	0.0000	0.0000	0.0000	0.0287	0.0312	0.0247	0.0104	0.0113	0.0000	0.0381	0.0522	0.0267		
0	43	0.0670	7	2	1	1	0	0	0	0	0	Y	N	N	N	N	N	N	N	N	N	N	N	2.2490	inf	0.0000	1.9834	inf	0.0000	7.7459	9.0694	0.0000	0.0000	0.0000	0.0000	8.5004	10.0766	0.0000	3.4442	0.0000	7.6300	0.0000	0.0000	0.0000	4.2857	0.0000	8.0943	0.0000	inf	-0.5409	0.3842	12.8363	1.9995	23.2062	12.0029	0.9867	0.9867	0.0000	0.0000	0.0000	0.0000	0.9867	0.9867	0.0000	0.9973	0.0000	0.9973	0.0000	0.0000	0.0000	0.9973	0.0000	0.9973	0.1274	0.1088	0.0186	0.0113	0.0109	0.0004	0.1161	0.0979	0.0182	0.2896	0.1588	0.1307	0.0569	0.0494	0.0075	0.2327	0.1095	0.1232	2.2490	inf	0.0000	0.0000	0.0000	0.0000	1.9834	inf	0.0000	3.4442	0.0000	7.6300	0.0000	0.0000	0.0000	4.2857	0.0000	8.0943			
0	44	0.0338	6	2	2	0	0	0	0	0	0	Y	Y	N	N	N	N	N	N	N	N	N	N	1.0658	72301.5879	1.6616	0.0000	0.0000	0.9944	inf	1.6450	3.2291	1.8824	10.7051	0.0000	0.0000	0.0000	3.4003	1.9967	10.8360	3.0297	0.0000	6.4426	0.0001	0.0001	0.0000	3.4195	0.0000	6.5874	1.0245	219677.2522	-0.0827	0.8463	12.8363	10.0000	23.2062	26.8440	1.9616	0.9689	0.9927	0.0000	0.0000	0.0000	1.9616	0.9689	0.9927	2.1967	0.0000	2.1967	0.0000	0.0000	0.0000	2.1967	0.0000	2.1967	0.6075	0.5147	0.0927	0.0306	0.0295	0.0011	0.5769	0.4853	0.0916	0.7251	0.3841	0.3410	0.0826	0.0752	0.0075	0.6424	0.3089	0.3335	1.0658	72301.5879	1.6616	0.0000	0.0000	0.0000	0.9944	inf	1.6450	3.0297	0.0000	6.4426	0.0001	0.0001	0.0000	3.4195	0.0000	6.5874	
0	45	0.0844	11	1	2	0	0	0	0	0	0	N	Y	N	N	N	N	N	N	N	N	N	N	0.0000	0.0000	0.0000	0.0000	0.0000	0.0000	0.0000	0.0000	0.0000	0.0000	0.0000	0.0000	0.0000	0.0006	0.0010	0.0000	0.0021	0.0025	0.0000	0.0000	0.0000	0.0000	0.0000	0.0000	-0.0001	12.8363	3.0000	23.2062	5.0456	0.0000	0.0000	0.0000	0.0000	0.0000	0.0000	0.0000	0.0000	0.0000	0.0001	0.0001	0.0000	0.0001	0.0001	0.0000	0.0000	0.0000	0.0000	0.1919	0.1637	0.0282	0.0193	0.0185	0.0008	0.1726	0.1452	0.0274	0.1724	0.0994	0.0731	0.0455	0.0385	0.0071	0.1269	0.0609	0.0660	0.0000	0.0000	0.0000	0.0000	0.0000	0.0000	0.0000	0.0000	0.0000	0.0006	0.0010	0.0000	0.0021	0.0025	0.0000	0.0000	0.0000	0.0000						
0	46	0.0802	10	1	2	0	0	0	0	0	0	N	Y	N	N	N	N	N	N	N	N	N	N	0.0000	0.0000	0.0000	0.0000	0.0000	0.0000	0.0000	0.0000	0.0000	0.0000	0.0000	0.0000	0.0000	0.0000	0.0000	0.0000	0.0000	0.0480	0.0850	0.0000	0.1889	0.2281	0.0000	0.0002	0.0004	0.0000	0.0001	0.0000	-0.0019	12.8363	2.0000	23.2062	1.0030	0.0000	0.0000	0.0000	0.0000	0.0000	0.0000	0.0000	0.0000	0.0000	0.0031	0.0031	0.0000	0.0031	0.0031	0.0000	0.0000	0.0000	0.0000	0.1259	0.1074	0.0185	0.0112	0.0107	0.0005	0.1147	0.0967	0.0180	0.0641	0.0362	0.0279	0.0163	0.0135	0.0028	0.0479	0.0228	0.0251	0.0000	0.0000	0.0000	0.0000	0.0000	0.0000	0.0000	0.0000	0.0000	0.0480	0.0850	0.0000	0.1889	0.2281	0.0000	0.0002	0.0004	0.0000		
0	47	0.0802	9	1	2	0	0	0	0	0	0	N	Y	N	N	N	N	N	N	N	N	N	N	0.0000	0.0000	0.0000	0.0000	0.0000	0.0000	0.0000	0.0000	0.0000	0.0000	0.0000	0.0000	0.0000	0.0000	0.0000	0.0000	0.0116	0.0088	0.0169	0.0134	0.0139	0.0000	0.0102	0.0000	0.0177	0.9974	0.0000	-0.0000	12.8363	0.0000	23.2062	0.0582	0.0000	0.0000	0.0000	0.0000	0.0000	0.0000	0.0000	0.0000	0.0000	0.0000	0.0000	0.0000	0.0000	0.0000	0.0000	0.0000	0.0000	0.0000	0.0000	0.0000	0.0000	0.0000	0.0000	0.0000	0.0000	0.0000	0.0000	0.0042	0.0027	0.0014	0.0018	0.0017	0.0001	0.0024	0.0010	0.0014	0.0000	0.0000	0.0000	0.0000	0.0000	0.0000	0.0000	0.0000	0.0000	0.0116	0.0088	0.0169	0.0134	0.0139	0.0000	0.0102	0.0000	0.0177			
0	48	0.0765	8	1	2	0	0	0	0	0	0	N	Y	N	N	N	N	N	N	N	N	N	N	137.9602	105.7876	0.0000	0.0000	0.0000	0.0000	12897.3093	inf	0.0000	1.3830	1.5851	0.0000	0.0000	0.0000	0.0000	1.9776	2.3423	0.0000	0.0100	0.0150	0.0008	0.0298	0.0326	0.0051	0.0002	0.0000	0.0003	0.0000	0.0275	-0.0002	-0.0007	12.8363	0.0018	23.2062	3.9096	0.0003	0.0003	0.0000	0.0000	0.0000	0.0000	0.0003	0.0003	0.0000	0.0012	0.0012	0.0000	0.0012	0.0012	0.0000	0.0000	0.0000	0.0000	0.0002	0.0002	0.0000	0.0001	0.0001	0.0000	0.0002	0.0001	0.0000	0.1203	0.0784	0.0420	0.0400	0.0361	0.0040	0.0803	0.0423	0.0380	137.9602	105.7876	0.0000	0.0000	0.0000	0.0000	12897.3093	inf	0.0000	0.0100	0.0150	0.0008	0.0298	0.0326	0.0051	0.0002	0.0000	0.0003
0	49	0.0670	7	1	2	0	0	0	0	0	0	N	Y	N	N	N	N	N	N	N	N	N	N	34.3631	22.9576	0.0000	0.0000	0.0000	1079.0199	inf	0.0000	7.7300	9.0507	0.0000	0.0000	0.0000	0.0000	8.4828	10.0558	0.0000	0.2250	0.3942	0.0139	1.0132	1.1422	0.0000	0.0079	0.0000	0.0147	0.0000	0.0282	-0.5407	-0.0239	12.8363	2.0031	23.2062	6.0601	0.9864	0.9864	0.0000	0.0000	0.0000	0.0000	0.9864	0.9864	0.0000	0.0407	0.0395	0.0011	0.0395	0.0395	0.0000	0.0011	0.0000	0.0011	0.1276	0.1090	0.0186	0.0113	0.0109	0.0004	0.1163	0.0981	0.0182	0.1807	0.1003	0.0804	0.0390	0.0346	0.0044	0.1417	0.0657	0.0760	34.3631	22.9576	0.0000	0.0000	0.0000	0.0000	1079.0199	inf	0.0000	0.2250	0.3942	0.0139	1.0132	1.1422	0.0000	0.0079	0.0000	0.0147	
0	50	0.0390	5	1	1	1	0	0	0	0	0	N	N	N	N	N	N	N	N	N	N	N	N	0.0000	0.0000	0.0000	0.0000	0.0000	0.0000	0.0000	0.0000	0.0000	0.0000	0.0000	0.0000	0.0000	0.0000	0.0000	0.0000	0.0000	0.0000	0.0000	0.0000	12.8363	0.0004	23.2062	0.9852	0.0000	0.0000	0.0000	0.0000	0.0000	0.0000	0.0000	0.0000	0.0000	0.0000	0.0000	0.0000	0.0000	0.0000	0.0000	0.0000	0.0000	0.0000	0.0001	0.0001	0.0000	0.0000	0.0000	0.0000	0.0001	0.0000	0.0000	0.0204	0.0110	0.0094	0.0013	0.0011	0.0002	0.0191	0.0099	0.0092	0.0000	0.0000	0.0000	0.0000	0.0000	0.0000	0.0000	0.0000	0.0000	0.0000	0.0000	0.0000	0.0000	0.0000	0.0000	0.0000	0.0000	0.0000											
0	51	0.0281	4	1	1	0	0	0	0	0	0	N	N	N	N	N	N	N	N	N	N	N	N	192.7128	0.2523	1890.4710	0.1322	0.1314	709.3078	0.0000	1916.3815	1.6741	0.0030	10.0627	0.0229	0.0235	0.0000	1.8743	0.0000	10.2235	0.0087	0.0118	0.0053	0.1734	0.1788	0.0000	0.0026	0.0000	0.0053	674.4762	0.4153	0.5455	-0.0013	12.8363	10.7574	23.2062	12.9024	1.2113	0.0018	1.2095	0.0018	0.0018	0.0000	1.2095	0.0000	1.2095	0.0042	0.0030	0.0012	0.0030	0.0030	0.0000	0.0012	0.0000	0.0012	0.7236	0.6034	0.1202	0.0783	0.0764	0.0019	0.6453	0.5270	0.1183	0.4808	0.2505	0.2302	0.0170	0.0165	0.0005	0.4637	0.2340	0.2297	192.7128	0.2523	1890.4710	0.1322	0.1314	0.0000	709.3078	0.0000	1916.3815	0.0087	0.0118	0.0053	0.1734	0.1788	0.0000	0.0026	0.0000	0.0053	
0	52	0.0266	3	1	1	0	0	0	0	0	0	N	N	N	N	N	N	N	N	N	N	N	N	0.7133	6.7999	0.9238	16.1767	16.3669	inf	0.3607	inf	0.9321	0.1384	0.0804	0.3544	0.3916	0.3965	0.0187	0.0903	0.0014	0.3577	0.1941	0.0118	0.3836	0.0242	0.0242	0.0000	0.2504	0.0000	0.3838	1.1841	31.1982	-0.0002	0.0140	12.8363	2.6694	23.2062	2.4027	0.0298	0.0136	0.0161	0.0134	0.0134	0.0000	0.0163	0.0002	0.0161	0.0394	0.0012	0.0382	0.0012	0.0012	0.0000	0.0382	0.0000	0.0382	0.2149	0.1694	0.0455	0.0343	0.0339	0.0005	0.1806	0.1355	0.0451	0.2032	0.1036	0.0996	0.0506	0.0506	0.0000	0.1526	0.0530	0.0996	0.7133	6.7999	0.9238	16.1767	16.3669	inf	0.3607	inf	0.9321	0.1941	0.0118	0.3836	0.0242	0.0242	0.0000	0.2504	0.0000	0.3838
0	53	0.0215	2	1	1	0	0	0	0	0	0	N	N	N	N	N	N	N	N	N	N	N	N	28.8508	12.7900	77.6365	2.8824	2.8903	inf	58.1922	inf	77.8154	4.8355	2.1165	13.1833	1.8703	1.8755	0.0723	5.5666	2.2019	13.2138	0.1676	0.1655	0.1698	0.6489	0.6489	0.0000	0.0957	0.0000	0.1698	2.0287	0.9862	0.4794	-0.0075	12.8363	8.6921	23.2062	5.3599	3.9413	1.3013	2.6400	0.3015	0.3015	0.0000	3.6398	0.9998	2.6400	0.0638	0.0321	0.0317	0.0321	0.0321	0.0000	0.0317	0.0000	0.0317	0.8151	0.6148	0.2003	0.1612	0.1608	0.0005	0.6539	0.4541	0.1998	0.3809	0.1942	0.1867	0.0495	0.0495	0.0000	0.3314	0.1447	0.1867	28.8508	12.7900	77.6365	2.8824	2.8903	inf	58.1922	inf	77.8154	0.1676	0.1655	0.1698	0.6489	0.6489	0.0000	0.0957	0.0000	0.1698
0	56	0.0670	7	2	2	0	0	0	0	0	0	Y	Y	N	N	N	N	N	N	N	N	N	N	0.0000	0.0000	0.0000	0.0000	0.0000	0.0000	0.0000	0.0000	0.0000	0.0000	0.0000	0.0000	0.0000	0.0000	0.0000	0.0000	0.0000	0.0000	0.0000	0.0000	12.8363	0.0000	23.2062	10.9971	0.0000	0.0000	0.0000	0.0000	0.0000	0.0000	0.0000	0.0000	0.0000	0.0000	0.0000	0.0000	0.0000	0.0000	0.0000	0.0000	0.0000	0.0000	0.0000	0.0000	0.0000	0.0000	0.0000	0.0000	0.0000	0.0000	0.0000	0.2349	0.1295	0.1055	0.0479	0.0420	0.0060	0.1870	0.0875	0.0995	0.0000	0.0000	0.0000	0.0000	0.0000	0.0000	0.0000	0.0000	0.0000	0.0000	0.0000	0.0000	0.0000	0.0000	0.0000	0.0000	0.0000	0.0000											
0	57	0.1222	10	1	1	0	0	0	0	0	0	N	N	N	N	N	N	N	N	N	N	N	N	0.6639	13.7734	0.0000	0.0145	0.0151	0.0025	0.5654	inf	0.0000	1.2231	1.3968	0.0001	0.0027	0.0028	0.0005	1.7147	2.0412	0.0001	1.8423	0.1014	5.5771	0.1855	0.1832	0.2076	3.0325	0.0000	6.3597	0.0000	25.6327	-0.5459	0.6810	12.8363	7.8198	23.2062	21.5823	0.9959	0.9959	0.0000	0.0006	0.0006	0.0000	0.9953	0.9953	0.0000	1.9585	0.0735	1.8849	0.0825	0.0735	0.0089	1.8760	0.0000	1.8760	0.8143	0.7130	0.1013	0.2338	0.2254	0.0084	0.5804	0.4876	0.0928	1.0631	0.7251	0.3380	0.4444	0.4014	0.0430	0.6186	0.3237	0.2950	0.6639	13.7734	0.0000	0.0145	0.0151	0.0025	0.5654	inf	0.0000	1.8423	0.1014	5.5771	0.1855	0.1832	0.2076	3.0325	0.0000	6.3597
0	58	0.1027	11	2	2	1	0	0	0	0	0	Y	Y	N	N	N	N	N	N	N	N	N	N	0.0033	73.7661	0.0000	91.9569	245.7133	0.0000	0.0000	0.0000	0.0121	0.0141	0.0000	0.1246	0.1302	0.0000	0.0000	0.0000	0.0000	3.6194	0.0002	8.3986	0.0014	0.0005	0.0062	4.7679	0.0000	9.1457	0.0000	33199.7848	-0.0008	0.3837	12.8363	2.0055	23.2062	11.8091	0.0015	0.0015	0.0000	0.0015	0.0015	0.0000	0.0000	0.0000	0.0000	0.9960	0.0000	0.9960	0.0001	0.0000	0.0001	0.9959	0.0000	0.9959	0.1273	0.1086	0.0187	0.0123	0.0118	0.0005	0.1150	0.0968	0.0181	0.2752	0.1566	0.1186	0.0663	0.0566	0.0097	0.2089	0.1000	0.1089	0.0033	73.7661	0.0000	91.9569	245.7133	0.0000	0.0000	0.0000	0.0000	3.6194	0.0002	8.3986	0.0014	0.0005	0.0062	4.7679	0.0000	9.1457	
0	59	0.0973	10	2	1	1	0	0	0	0	0	Y	N	N	N	N	N	N	N	N	N	N	N	0.6569	0.0079	2.7750	0.0379	0.0358	0.0000	0.7866	0.0000	2.6263	0.0122	0.0001	0.0831	0.0008	0.0009	0.0000	0.0134	0.0000	0.0854	0.0186	0.0116	0.0299	0.0222	0.0246	0.0026	0.0171	0.0012	0.0325	155.5735	1.6060	0.0007	0.0000	12.8363	1.9951	23.2062	2.5667	0.0015	0.0000	0.0015	0.0000	0.0000	0.0000	0.0015	0.0000	0.0015	0.0022	0.0008	0.0013	0.0008	0.0008	0.0000	0.0014	0.0000	0.0013	0.1261	0.1077	0.0185	0.0117	0.0112	0.0005	0.1144	0.0964	0.0180	0.1171	0.0722	0.0449	0.0359	0.0320	0.0039	0.0812	0.0402	0.0411	0.6569	0.0079	2.7750	0.0379	0.0358	0.0000	0.7866	0.0000	2.6263	0.0186	0.0116	0.0299	0.0222	0.0246	0.0026	0.0171	0.0012	0.0325
0	60	0.0906	9	2	1	1	0	0	0	0	0	Y	N	N	N	N	N	N	N	N	N	N	N	0.0000	0.0000	0.0000	0.0000	0.0000	0.0000	0.0000	0.0000	0.0000	0.0000	0.0000	0.0000	0.0000	0.0000	0.0000	0.0000	0.0000	0.0000	0.0271	0.0305	0.0169	0.0507	0.0550	0.0128	0.0070	0.0005	0.0178	0.1866	0.0000	-0.0016	12.8363	0.0108	23.2062	3.6229	0.0000	0.0000	0.0000	0.0000	0.0000	0.0000	0.0000	0.0000	0.0000	0.0036	0.0030	0.0006	0.0031	0.0030	0.0001	0.0005	0.0000	0.0005	0.0011	0.0009	0.0002	0.0004	0.0004	0.0000	0.0007	0.0006	0.0002	0.1314	0.0982	0.0331	0.0604	0.0541	0.0062	0.0710	0.0441	0.0269	0.0000	0.0000	0.0000	0.0000	0.0000	0.0000	0.0000	0.0000	0.0000	0.0271	0.0305	0.0169	0.0507	0.0550	0.0128	0.0070	0.0005	0.0178	
0	61	0.0426	8	1	2	0	0	0	0	0	0	N	Y	N	N	N	N	N	N	N	N	N	N	0.0110	0.0078	0.0000	0.0292	0.0285	0.0000	0.0000	0.0000	0.0000	0.0000	0.0003	0.0003	0.0000	0.0000	0.0000	0.0000	0.0027	0.0044	0.0000	0.0097	0.0102	0.0000	0.0000	0.0000	0.0000	0.0000	0.0002	-0.0000	-0.0006	12.8363	4.0917	23.2062	8.0988	0.0000	0.0000	0.0000	0.0000	0.0000	0.0000	0.0000	0.0000	0.0000	0.0010	0.0010	0.0000	0.0010	0.0010	0.0000	0.0000	0.0000	0.0000	0.2857	0.2446	0.0411	0.0296	0.0290	0.0006	0.2561	0.2156	0.0405	0.3855	0.2359	0.1496	0.1064	0.1018	0.0046	0.2791	0.1341	0.1450	0.0110	0.0078	0.0000	0.0292	0.0285	0.0000	0.0000	0.0000	0.0000	0.0027	0.0044	0.0000	0.0097	0.0102	0.0000	0.0000	0.0000	0.0000		
0	62	0.0388	7	1	2	0	0	0	0	0	0	N	Y	N	N	N	N	N	N	N	N	N	N	0.1175	0.1724	0.1232	0.6183	0.5934	0.0806	2.0144	0.1207	0.0015	0.0014	0.0023	0.0131	0.0136	0.0000	0.0009	0.0006	0.0023	0.0129	0.0080	0.0187	0.0211	0.0229	0.0000	0.0109	0.0003	0.0194	0.3055	2.0101	-0.0001	0.0001	12.8363	2.1165	23.2062	5.0852	0.0002	0.0002	0.0000	0.0001	0.0001	0.0000	0.0001	0.0001	0.0000	0.0024	0.0008	0.0016	0.0008	0.0008	0.0000	0.0017	0.0000	0.0016	0.1332	0.1127	0.0206	0.0070	0.0067	0.0003	0.1262	0.1059	0.0203	0.1889	0.1017	0.0872	0.0375	0.0347	0.0028	0.1514	0.0670	0.0844	0.1175	0.1724	0.1232	0.6183	0.5934	0.0000	0.0806	2.0144	0.1207	0.0129	0.0080	0.0187	0.0211	0.0229	0.0000	0.0109	0.0003	0.0194	
0	63	0.0906	9	2	1	1	0	0	0	0	0	Y	N	N	N	N	N	N	N	N	N	N	N	0.0000	0.0000	0.0000	0.0000	0.0000	0.0000	0.0000	0.0000	0.0000	0.0000	0.0000	0.0000	0.0000	0.0000	0.0000	0.0000	0.0000	3.2756	0.0001	8.6834	0.0028	0.0002	0.0185	4.8069	0.0000	9.8382	49537.7863	0.0000	0.3831	12.8363	3.9990	23.2062	8.8702	0.0000	0.0000	0.0000	0.0000	0.0000	0.0000	0.0000	0.0000	0.0000	0.9946	0.0000	0.9946	0.0003	0.0000	0.0002	0.9943	0.0000	0.9943	0.2456	0.2134	0.0322	0.0219	0.0211	0.0008	0.2238	0.1923	0.0314	0.3036	0.1891	0.1145	0.0968	0.0833	0.0135	0.2069	0.1058	0.1011	0.0000	0.0000	0.0000	0.0000	0.0000	0.0000	0.0000	0.0000	0.0000	3.2756	0.0001	8.6834	0.0028	0.0002	0.0185	4.8069	0.0000	9.8382		
0	64	0.0704	8	2	1	1	0	0	0	0	0	Y	N	N	N	N	N	N	N	N	N	N	N	0.0000	0.0000	0.0000	0.0000	0.0000	0.0000	0.0000	0.0000	0.0000	0.0000	0.0000	0.0000	0.0000	0.0000	0.0000	0.0000	0.0000	0.0000	0.0113	0.0021	0.0250	0.0034	0.0024	0.0144	0.0142	0.0020	0.0256	7.7981	0.0000	0.0009	12.8363	3.9972	23.2062	6.8232	0.0000	0.0000	0.0000	0.0000	0.0000	0.0000	0.0000	0.0000	0.0000	0.0033	0.0004	0.0029	0.0003	0.0002	0.0001	0.0030	0.0002	0.0028	0.2620	0.2247	0.0372	0.0271	0.0263	0.0009	0.2348	0.1984	0.0364	0.2898	0.1739	0.1159	0.0780	0.0718	0.0062	0.2118	0.1021	0.1097	0.0000	0.0000	0.0000	0.0000	0.0000	0.0000	0.0000	0.0000	0.0000	0.0113	0.0021	0.0250	0.0034	0.0024	0.0144	0.0142	0.0020	0.0256	
0	65	0.0464	8	1	2	0	0	0	0	0	0	N	Y	N	N	N	N	N	N	N	N	N	N	0.0006	0.2058	0.0000	0.7417	0.7471	0.0041	0.0000	0.0000	0.0010	0.0012	0.0000	0.0126	0.0134	0.0000	0.0000	0.0000	0.0000	1.6460	0.0060	4.1143	0.0170	0.0179	0.0053	2.0941	0.0000	4.2878	0.0029	458.8797	-0.0006	0.7340	12.8363	15.6632	23.2062	35.0639	0.0010	0.0010	0.0000	0.0010	0.0010	0.0000	0.0000	0.0000	0.0000	1.9161	0.0042	1.9119	0.0043	0.0042	0.0001	1.9118	0.0000	1.9118	0.9656	0.8210	0.1446	0.0799	0.0751	0.0048	0.8858	0.7459	0.1399	1.1641	0.6994	0.4647	0.2511	0.2323	0.0188	0.9130	0.4671	0.4459	0.0006	0.2058	0.0000	0.7417	0.7471	0.0041	0.0000	0.0000	0.0000	1.6460	0.0060	4.1143	0.0170	0.0179	0.0053	2.0941	0.0000	4.2878	
0	66	0.0464	8	1	1	1	0	0	0	0	0	N	N	N	N	N	N	N	N	N	N	N	N	1.7361	1.3809	0.0000	0.0000	1.3718	0.8865	2.8801	3.3775	0.0000	0.0000	0.0000	0.0000	3.3830	4.0256	0.0000	1.6589	2.4458	0.0000	0.0001	0.0001	0.0000	2.4661	4.5411	0.0000	0.0000	0.0000	-0.5482	-0.6147	12.8363	4.9998	23.2062	10.1184	1.0000	1.0000	0.0000	0.0000	0.0000	0.0000	1.0000	1.0000	0.0000	1.0000	1.0000	0.0000	0.0000	0.0000	0.0000	1.0000	1.0000	0.0000	0.3472	0.2961	0.0511	0.0516	0.0477	0.0039	0.2956	0.2484	0.0472	0.6028	0.4089	0.1939	0.1973	0.1887	0.0086	0.4055	0.2202	0.1853	1.7361	1.3809	0.0000	0.0000	0.0000	0.0000	1.3718	0.8865	0.0000	1.6589	2.4458	0.0000	0.0001	0.0001	0.0000	2.4661	4.5411	0.0000			
0	67	0.0356	6	1	2	0	0	0	0	0	0	N	Y	N	N	N	N	N	N	N	N	N	N	9240.2300	2023.6065	5635482901.8648	2.0622	1.4063	147376.1049	24307.1546	4850.7716	inf	4.3998	1.7013	20.3673	0.0047	0.0035	0.0245	4.8288	1.8852	21.1459	0.0005	0.0008	0.0000	0.0023	0.0025	0.0000	0.0002	0.0004	0.0000	2.0232	0.0000	0.3577	-0.0002	12.8363	10.9928	23.2062	18.5513	2.9553	0.9775	1.9778	0.0003	0.0002	0.0001	2.9550	0.9773	1.9777	0.0003	0.0003	0.0000	0.0002	0.0002	0.0000	0.0001	0.0001	0.0000	0.6717	0.5746	0.0971	0.0597	0.0562	0.0036	0.6120	0.5184	0.0935	0.6381	0.3614	0.2767	0.0844	0.0783	0.0060	0.5537	0.2830	0.2707	9240.2300	2023.6065	5635482901.8648	2.0622	1.4063	147376.1049	24307.1546	4850.7716	inf	0.0005	0.0008	0.0000	0.0023	0.0025	0.0000	0.0002	0.0004	0.0000
0	68	0.0356	5	1	1	0	0	0	0	0	0	N	N	N	N	N	N	N	N	N	N	N	N	868.2486	418.0546	3101.1344	693.4669	783.9217	14.5039	1111.9582	14.8978	3996.2795	4.3798	1.9938	18.0433	4.7354	4.7585	1.9335	4.1843	0.0461	18.3642	0.0050	0.0048	0.0058	0.0068	0.0061	0.1333	0.0038	0.0031	0.0046	1.5803	0.4336	0.0043	-0.0002	12.8363	0.0861	23.2062	1.0715	0.0672	0.0261	0.0412	0.0258	0.0257	0.0001	0.0415	0.0004	0.0411	0.0006	0.0004	0.0002	0.0003	0.0003	0.0000	0.0003	0.0001	0.0001	0.0154	0.0131	0.0023	0.0054	0.0054	0.0000	0.0099	0.0077	0.0022	0.1204	0.0888	0.0316	0.0503	0.0500	0.0003	0.0701	0.0388	0.0313	868.2486	418.0546	3101.1344	693.4669	783.9217	14.5039	1111.9582	14.8978	3996.2795	0.0050	0.0048	0.0058	0.0068	0.0061	0.1333	0.0038	0.0031	0.0046
0	69	0.1000	9	2	1	1	0	0	0	0	0	Y	N	N	N	N	N	N	N	N	N	N	N	0.0000	0.0000	0.0000	0.0000	0.0000	0.0000	0.0000	0.0000	0.0000	0.0000	0.0000	0.0000	0.0000	0.0000	0.0000	0.0000	13.6594	0.0000	85.9709	0.0000	0.0000	0.0000	17.1319	0.0000	87.8596	5273523.2058	0.0000	0.3852	12.8363	1.0000	23.2062	3.0001	0.0000	0.0000	0.0000	0.0000	0.0000	0.0000	0.0000	0.0000	0.0000	0.9999	0.0000	0.9999	0.0000	0.0000	0.0000	0.9999	0.0000	0.9999	0.0630	0.0537	0.0093	0.0076	0.0073	0.0004	0.0553	0.0464	0.0089	0.0758	0.0435	0.0323	0.0175	0.0149	0.0025	0.0584	0.0286	0.0298	0.0000	0.0000	0.0000	0.0000	0.0000	0.0000	0.0000	0.0000	0.0000	13.1834	0.0000	30.9327	0.0000	0.0000	0.0000	17.1319	0.0000	33.5643			
0	70	0.1000	8	2	1	1	0	0	0	0	0	Y	N	N	N	N	N	N	N	N	N	N	N	0.0000	0.0000	0.0000	0.0000	0.0000	0.0000	0.0000	0.0000	0.0000	0.0000	0.0000	0.0000	0.0000	0.0000	0.0000	0.0000	4.4349	3.8302	5.2663	5.1688	5.2778	0.0000	3.8834	0.0000	5.3795	1.0000	0.0000	-0.0000	12.8363	0.0000	23.2062	0.0009	0.0000	0.0000	0.0000	0.0000	0.0000	0.0000	0.0000	0.0000	0.0000	0.0003	0.0001	0.0001	0.0001	0.0001	0.0000	0.0001	0.0000	0.0001	0.0000	0.0000	0.0000	0.0000	0.0000	0.0000	0.0000	0.0000	0.0000	0.0001	0.0000	0.0000	0.0000	0.0000	0.0000	0.0000	0.0000	0.0000	0.0000	0.0000	0.0000	0.0000	0.0000	0.0000	0.0000	0.0000	0.0000	4.4349	3.8302	5.2663	5.1688	5.2778	0.0000	3.8834	0.0000	5.3795			
0	71	0.0670	7	2	1	1	0	0	0	0	0	Y	N	N	N	N	N	N	N	N	N	N	N	0.0086	0.0055	0.0000	0.0187	0.0166	0.0000	0.0000	0.0008	0.0010	0.0000	0.0097	0.0101	0.0000	0.0000	0.0000	0.0000	0.0960	0.1757	0.0007	0.5194	0.6072	0.0000	0.0004	0.0000	0.0007	0.0000	0.0033	-0.0003	-0.0262	12.8363	9.9966	23.2062	12.9129	0.0005	0.0005	0.0000	0.0005	0.0005	0.0000	0.0000	0.0000	0.0000	0.0429	0.0427	0.0001	0.0427	0.0427	0.0000	0.0001	0.0000	0.0001	0.6117	0.5225	0.0891	0.0520	0.0499	0.0021	0.5597	0.4726	0.0871	0.4462	0.2431	0.2031	0.0822	0.0703	0.0119	0.3640	0.1728	0.1912	0.0086	0.0055	0.0000	0.0187	0.0166	0.0000	0.0000	0.0000	0.0000	0.0960	0.1757	0.0007	0.5194	0.6072	0.0000	0.0004	0.0000	0.0007		
0	72	0.0338	6	1	2	0	1	0	0	0	0	N	Y	N	N	N	N	N	N	N	N	N	N	0.7732	0.0000	6.3967	0.0000	0.0000	0.7271	0.0000	6.3278	2.5486	0.0000	16.7468	0.0000	0.0000	0.0000	2.6838	0.0000	16.9508	3.2960	3.9014	2.6180	0.0002	0.0002	0.0000	3.6912	4.7718	2.6788	inf	0.5992	0.8990	-0.7668	12.8363	13.0000	23.2062	39.1663	1.9898	0.0000	1.9898	0.0000	0.0000	0.0000	1.9898	0.0000	1.9898	3.1940	1.9973	1.1967	0.0000	0.0000	0.0000	3.1940	1.9973	1.1967	0.7807	0.6619	0.1188	0.0393	0.0379	0.0014	0.7414	0.6240	0.1174	0.9690	0.5119	0.4571	0.1037	0.0934	0.0104	0.8653	0.4186	0.4467	0.7732	0.0000	6.3967	0.0000	0.0000	0.0000	0.7271	0.0000	6.3278	3.2960	3.9014	2.6180	0.0002	0.0002	0.0000	3.6912	4.7718	2.6788	
0	73	0.0313	5	1	2	0	0	0	0	0	0	N	Y	N	N	N	N	N	N	N	N	N	N	0.3769	9.1304	0.0000	37.6706	43.3348	0.0000	0.0000	0.0000	0.0015	0.0018	0.0000	0.0284	0.0295	0.0000	0.0000	0.0000	0.0000	0.0039	0.0002	0.0093	0.0008	0.0007	0.0022	0.0046	0.0000	0.0095	0.0000	33.6631	-0.0002	0.0007	12.8363	3.0003	23.2062	18.1082	0.0003	0.0003	0.0000	0.0003	0.0003	0.0000	0.0000	0.0000	0.0000	0.0021	0.0001	0.0020	0.0001	0.0001	0.0000	0.0020	0.0000	0.0020	0.1881	0.1589	0.0291	0.0098	0.0095	0.0004	0.1782	0.1495	0.0288	0.5281	0.3119	0.2162	0.0927	0.0881	0.0046	0.4354	0.2238	0.2116	0.3769	9.1304	0.0000	37.6706	43.3348	0.0000	0.0000	0.0000	0.0000	0.0039	0.0002	0.0093	0.0008	0.0007	0.0022	0.0046	0.0000	0.0095	
0	74	0.0704	8	1	2	0	0	0	0	0	0	N	Y	N	N	N	N	N	N	N	N	N	N	0.0000	0.0000	0.0000	0.0000	0.0000	0.0000	0.0000	0.0000	0.0000	0.0000	0.0000	0.0000	0.0000	0.0000	0.0000	0.0000	0.0000	0.0003	0.0001	0.0004	0.0011	0.0004	0.0066	0.0000	0.0000	0.0000	2.4987	0.0000	0.0000	12.8363	7.0046	23.2062	18.1036	0.0000	0.0000	0.0000	0.0000	0.0000	0.0000	0.0000	0.0000	0.0000	0.0001	0.0000	0.0001	0.0001	0.0000	0.0001	0.0000	0.0000	0.0000	0.4447	0.3808	0.0639	0.0425	0.0410	0.0015	0.4022	0.3398	0.0624	0.5391	0.3079	0.2312	0.1189	0.1053	0.0136	0.4202	0.2025	0.2176	0.0000	0.0000	0.0000	0.0000	0.0000	0.0000	0.0000	0.0000	0.0000	0.0003	0.0001	0.0004	0.0011	0.0004	0.0066	0.0000	0.0000	0.0000		
0	75	0.0670	7	1	1	0	0	0	0	0	0	N	N	N	N	N	N	N	N	N	N	N	N	0.0467	0.0546	0.0200	0.1621	0.1538	0.0000	0.0133	2.3740	0.0196	0.0355	0.0386	0.0167	0.2492	0.2566	0.0000	0.0065	0.0045	0.0171	0.7602	0.7058	0.8323	1.5369	1.6679	0.0051	0.4854	0.0019	0.8739	0.0696	0.8899	-0.0003	-0.0104	12.8363	0.2435	23.2062	3.2922	0.0006	0.0006	0.0000	0.0005	0.0005	0.0000	0.0001	0.0001	0.0000	0.0725	0.0384	0.0341	0.0383	0.0383	0.0000	0.0342	0.0001	0.0341	0.0169	0.0145	0.0023	0.0020	0.0020	0.0001	0.0149	0.0126	0.0023	0.0954	0.0544	0.0410	0.0249	0.0230	0.0020	0.0704	0.0314	0.0391	0.0467	0.0546	0.0200	0.1621	0.1538	0.0000	0.0133	2.3740	0.0196	0.7602	0.7058	0.8323	1.5369	1.6679	0.0051	0.4854	0.0019	0.8739
0	76	0.0338	6	1	1	0	0	0	0	0	0	N	N	N	N	N	N	N	N	N	N	N	N	2.2343	0.8246	9.1144	3060.4671	2911.8678	inf	2.0597	0.6830	9.0291	8.9328	2.7735	43.0011	0.4853	0.5030	0.0250	9.3803	2.9113	43.5282	3.9980	3.3634	4.7179	0.0002	0.0002	0.0000	4.5542	4.2627	4.8209	2.8031	1.2363	0.7262	-0.1385	12.8363	7.0044	23.2062	20.1113	3.8448	1.0110	2.8339	0.0105	0.0105	0.0000	3.8343	1.0005	2.8338	2.2363	1.0000	1.2363	0.0000	0.0000	0.0000	2.2363	1.0000	1.2363	0.4304	0.3645	0.0659	0.0217	0.0209	0.0008	0.4088	0.3437	0.0651	0.5594	0.2973	0.2620	0.0683	0.0627	0.0056	0.4910	0.2346	0.2564	2.2343	0.8246	9.1144	3060.4671	2911.8678	inf	2.0597	0.6830	9.0291	3.9980	3.3634	4.7179	0.0002	0.0002	0.0000	4.5542	4.2627	4.8209
0	77	0.0361	6	1	2	0	0	0	0	0	0	N	Y	N	N	N	N	N	N	N	N	N	N	18484.6157	4226.8980	153867174.0027	28004.3492	26244.8833	21109.1022	0.0000	150493515.9974	4.5300	1.7957	21.0754	19.7129	20.0343	0.0000	3.2425	0.0000	21.2634	0.0002	0.0004	0.0000	0.0007	0.0008	0.0000	0.0002	0.0003	0.0000	1.9397	0.0002	0.2757	-0.0001	12.8363	8.6571	23.2062	16.0761	2.4692	0.8400	1.6293	0.8400	0.8400	0.0000	1.6293	0.0000	1.6293	0.0001	0.0001	0.0000	0.0001	0.0001	0.0000	0.0001	0.0001	0.0000	0.5451	0.4678	0.0773	0.0426	0.0419	0.0007	0.5025	0.4259	0.0766	0.5468	0.3154	0.2314	0.0909	0.0838	0.0071	0.4559	0.2316	0.2244	18484.6157	4226.8980	153867174.0027	28004.3492	26244.8833	0.0000	21109.1022	0.0000	150493515.9974	0.0002	0.0004	0.0000	0.0007	0.0008	0.0000	0.0002	0.0003	0.0000	
0	78	0.0356	5	1	2	0	0	0	0	0	0	N	Y	N	N	N	N	N	N	N	N	N	N	5325.1707	128.2355	54394.3909	382.7106	555.5468	0.6933	9675.7730	0.0004	528057.8031	10.7214	0.2963	71.1813	1.2077	1.2315	0.0606	13.2422	0.0000	73.2986	0.0020	0.0023	0.0013	0.0032	0.0022	0.0875	0.0014	0.0024	0.0001	41.4239	0.2389	0.1502	-0.0001	12.8363	0.3645	23.2062	1.9845	0.3508	0.0083	0.3425	0.0083	0.0083	0.0000	0.3425	0.0000	0.3425	0.0003	0.0002	0.0001	0.0002	0.0001	0.0000	0.0001	0.0001	0.0000	0.0327	0.0279	0.0048	0.0069	0.0067	0.0001	0.0259	0.0212	0.0047	0.1438	0.1012	0.0427	0.0519	0.0513	0.0006	0.0919	0.0498	0.0421	5325.1707	128.2355	54394.3909	382.7106	555.5468	0.6933	9675.7730	0.0004	528057.8031	0.0020	0.0023	0.0013	0.0032	0.0022	0.0875	0.0014	0.0024	0.0001
0	79	0.0262	4	1	1	0	0	0	0	0	0	N	N	N	N	N	N	N	N	N	N	N	N	1.5259	0.0010	34996.2170	0.2313	0.2219	1937.4186	1.6108	0.0003	35098.6292	7.3215	0.0079	35.9697	0.0295	0.0288	0.0949	8.6786	0.0029	36.2449	4.7981	8.3481	0.0010	0.1275	0.1300	0.0000	5.3879	10.2941	0.0010	1156.5926	0.0001	0.7854	-1.2310	12.8363	2.9108	23.2062	14.2456	1.7416	0.0015	1.7401	0.0011	0.0011	0.0000	1.7405	0.0004	1.7401	2.0027	2.0025	0.0002	0.0060	0.0060	0.0000	1.9967	1.9966	0.0002	0.2379	0.1895	0.0484	0.0373	0.0370	0.0004	0.2006	0.1525	0.0480	0.4174	0.2399	0.1775	0.0468	0.0459	0.0009	0.3706	0.1940	0.1766	1.5259	0.0010	34996.2170	0.2313	0.2219	1937.4186	1.6108	0.0003	35098.6292	4.7981	8.3481	0.0010	0.1275	0.1300	0.0000	5.3879	10.2941	0.0010
0	82	0.0495	9	1	2	0	0	0	0	0	0	N	Y	N	N	N	N	N	N	N	N	N	N	364.3614	2.9138	31797343.9827	7.3292	7.6849	10666816.1117	inf	33885986.0793	3.7216	0.0508	23.5489	0.3235	0.3649	0.0000	4.2401	0.0000	26.0553	0.0102	0.0174	0.0000	0.0441	0.0475	0.0000	0.0000	0.0000	0.0000	85.8975	0.0000	0.8806	-0.0045	12.8363	7.9116	23.2062	21.1247	2.0000	0.0230	1.9770	0.0230	0.0230	0.0000	1.9770	0.0000	1.9770	0.0074	0.0074	0.0000	0.0074	0.0074	0.0000	0.0000	0.0000	0.0000	0.5374	0.4535	0.0840	0.0711	0.0631	0.0081	0.4663	0.3904	0.0759	0.7240	0.4245	0.2995	0.1675	0.1557	0.0118	0.5565	0.2688	0.2877	364.3614	2.9138	31797343.9827	7.3292	7.6849	0.0000	10666816.1117	inf	33885986.0793	0.0102	0.0174	0.0000	0.0441	0.0475	0.0000	0.0000	0.0000	0.0000	
0	83	0.0674	10	2	2	0	0	0	0	0	0	Y	Y	N	N	N	N	N	N	N	N	N	N	0.0000	0.0000	0.0000	0.0000	0.0000	0.0000	0.0000	0.0000	0.0000	0.0000	0.0000	0.0000	0.0000	0.0000	0.0000	0.0000	36.6865	20.8645	134.2941	42.8941	45.1890	0.0000	23.1190	0.0000	139.1442	1.2034	0.0000	-0.1256	12.8363	0.0000	23.2062	1.8333	0.0000	0.0000	0.0000	0.0000	0.0000	0.0000	0.0000	0.0000	0.0000	1.8310	0.8310	1.0000	0.8310	0.8310	0.0000	1.0000	0.0000	1.0000	0.0000	0.0000	0.0000	0.0000	0.0000	0.0000	0.0000	0.0000	0.0000	0.0626	0.0398	0.0228	0.0194	0.0184	0.0010	0.0433	0.0214	0.0218	0.0000	0.0000	0.0000	0.0000	0.0000	0.0000	0.0000	0.0000	0.0000	29.2361	20.8645	43.8595	42.8941	45.1890	0.0000	23.1190	0.0000	45.8375			
0	84	0.0495	9	2	2	0	0	0	0	0	0	Y	Y	N	N	N	N	N	N	N	N	N	N	0.5460	0.2475	1.3919	17.8553	0.6866	127.1415	0.4568	1.4561	1.7453	0.0018	11.1132	0.3121	0.0119	2.5719	1.9832	0.0000	12.1305	3.1963	0.0072	7.9840	0.0175	0.0173	0.0202	4.3418	0.0000	8.3308	1168.2856	743.4637	0.3786	0.7021	12.8363	6.9552	23.2062	13.1226	0.8396	0.0007	0.8389	0.0214	0.0007	0.0207	0.8182	0.0000	0.8182	1.8287	0.0025	1.8262	0.0026	0.0025	0.0002	1.8260	0.0000	1.8260	0.4811	0.4056	0.0755	0.0685	0.0605	0.0080	0.4126	0.3451	0.0675	0.5721	0.3434	0.2287	0.1516	0.1420	0.0095	0.4206	0.2014	0.2192	0.5460	0.2475	1.3919	17.8553	0.6866	127.1415	0.4568	0.0000	1.4561	3.1963	0.0072	7.9840	0.0175	0.0173	0.0202	4.3418	0.0000	8.3308	
0	85	0.0465	8	1	2	0	0	0	0	0	0	N	Y	N	N	N	N	N	N	N	N	N	N	16.1468	23.6510	4.4771	12.8968	15.3193	inf	17.2894	289.0459	6.4896	0.9570	1.1227	0.3385	1.2338	1.5044	0.0177	0.7820	0.8664	0.4992	0.0593	0.0475	0.0756	0.0957	0.0982	0.0000	0.0452	0.0030	0.0769	0.0807	1.1509	-0.0223	-0.0011	12.8363	0.3374	23.2062	6.1146	0.0471	0.0436	0.0035	0.0235	0.0235	0.0001	0.0236	0.0201	0.0035	0.0134	0.0062	0.0072	0.0060	0.0060	0.0000	0.0074	0.0002	0.0072	0.0492	0.0388	0.0104	0.0191	0.0156	0.0035	0.0302	0.0232	0.0069	0.2262	0.1313	0.0949	0.0630	0.0613	0.0016	0.1632	0.0700	0.0932	16.1468	23.6510	4.4771	12.8968	15.3193	inf	17.2894	289.0459	6.4896	0.0593	0.0475	0.0756	0.0957	0.0982	0.0000	0.0452	0.0030	0.0769
0	86	0.0465	8	1	2	0	0	0	0	0	0	N	Y	N	N	N	N	N	N	N	N	N	N	1.3173	5541.1093	0.0000	18.3061	18.8341	1.1736	inf	0.0000	2.4087	2.8518	0.0000	0.0298	0.0326	0.0000	2.6018	3.1009	0.0000	1.8285	0.0005	4.1061	0.0016	0.0017	0.0000	2.2169	0.0000	4.2064	0.0000	6403.0307	-0.9127	0.3829	12.8363	11.0342	23.2062	12.7513	1.6649	1.6649	0.0000	0.0015	0.0015	0.0000	1.6633	1.6633	0.0000	0.9943	0.0002	0.9941	0.0002	0.0002	0.0000	0.9941	0.0000	0.9941	0.6912	0.5838	0.1074	0.0519	0.0474	0.0045	0.6393	0.5364	0.1029	0.5438	0.3017	0.2421	0.0953	0.0896	0.0058	0.4484	0.2121	0.2363	1.3173	5541.1093	0.0000	18.3061	18.8341	0.0000	1.1736	inf	0.0000	1.8285	0.0005	4.1061	0.0016	0.0017	0.0000	2.2169	0.0000	4.2064	
0	87	0.0388	7	1	2	0	0	0	0	0	0	N	Y	N	N	N	N	N	N	N	N	N	N	4.8177	22.5943	0.4409	36.6503	34.9572	inf	3.3997	inf	0.4328	0.1346	0.1548	0.0230	0.7737	0.8034	0.0002	0.0998	0.1144	0.0233	0.0279	0.0069	0.0523	0.0211	0.0230	0.0000	0.0294	0.0000	0.0539	0.0271	6.6060	-0.0174	0.0018	12.8363	3.9739	23.2062	6.2820	0.0333	0.0325	0.0009	0.0099	0.0099	0.0000	0.0235	0.0226	0.0009	0.0069	0.0009	0.0060	0.0009	0.0009	0.0000	0.0060	0.0000	0.0060	0.2477	0.2096	0.0381	0.0128	0.0123	0.0005	0.2350	0.1973	0.0376	0.2483	0.1330	0.1152	0.0432	0.0397	0.0035	0.2051	0.0934	0.1117	4.8177	22.5943	0.4409	36.6503	34.9572	inf	3.3997	inf	0.4328	0.0279	0.0069	0.0523	0.0211	0.0230	0.0000	0.0294	0.0000	0.0539
0	88	0.0338	6	1	2	0	0	0	0	0	0	N	Y	N	N	N	N	N	N	N	N	N	N	21.8084	23.2124	0.0000	44.7399	44.8249	32.7653	inf	0.0000	0.2714	0.3209	0.0000	1.6281	1.6915	0.0000	0.1996	0.2378	0.0000	0.0124	0.0138	0.0107	0.0364	0.0377	0.0000	0.0061	0.0000	0.0109	0.0000	0.6312	-0.0001	-0.0005	12.8363	0.0056	23.2062	5.7021	0.0001	0.0001	0.0000	0.0000	0.0000	0.0000	0.0001	0.0001	0.0000	0.0020	0.0012	0.0008	0.0012	0.0012	0.0000	0.0008	0.0000	0.0008	0.0004	0.0003	0.0001	0.0000	0.0000	0.0000	0.0003	0.0003	0.0001	0.1624	0.0896	0.0728	0.0340	0.0328	0.0012	0.1283	0.0568	0.0715	21.8084	23.2124	0.0000	44.7399	44.8249	0.0000	32.7653	inf	0.0000	0.0124	0.0138	0.0107	0.0364	0.0377	0.0000	0.0061	0.0000	0.0109	
0	92	0.1222	10	1	1	0	0	0	0	0	0	N	N	N	N	N	N	N	N	N	N	N	N	0.2293	0.0059	1.2972	0.5055	0.0886	36.9980	0.1791	0.0000	1.1346	0.3353	0.0072	2.4556	0.1989	0.0382	3.3129	0.3636	0.0000	2.3980	1.4621	1.2258	1.8930	0.3934	0.4315	0.0895	2.0302	1.9523	2.1135	52.6328	0.8470	0.2437	-0.3324	12.8363	24.8682	23.2062	39.8855	0.5626	0.0105	0.5521	0.0574	0.0105	0.0469	0.5052	0.0000	0.5052	2.1283	1.1523	0.9760	0.1988	0.1938	0.0050	1.9296	0.9586	0.9710	1.6780	1.4532	0.2248	0.2885	0.2743	0.0142	1.3895	1.1788	0.2107	1.4556	0.9401	0.5156	0.5052	0.4491	0.0562	0.9504	0.4910	0.4594	0.2293	0.0059	1.2972	0.5055	0.0886	36.9980	0.1791	0.0000	1.1346	1.4621	1.2258	1.8930	0.3934	0.4315	0.0895	2.0302	1.9523	2.1135
1	3	0.0387	6	0	0	1	2	0	0	0	0	N	N	N	Y	N	N	N	N	N	N	N	N	0.0000	0.0000	0.0000	0.0000	0.0000	0.0000	0.0000	0.0000	0.0000	0.0000	0.0000	0.0000	0.0000	0.0000	0.0000	0.0000	0.0000	0.0000	0.0000	0.0000	15.2033	1.6908	21.2065	6.8645	0.0000	0.0000	0.0000	0.0000	0.0000	0.0000	0.0000	0.0000	0.0000	0.0000	0.0000	0.0000	0.0000	0.0000	0.0000	0.0000	0.0000	0.0000	0.1358	0.1152	0.0206	0.0206	0.0199	0.0007	0.1152	0.0953	0.0199	0.1760	0.0991	0.0769	0.0235	0.0208	0.0026	0.1526	0.0783	0.0743	0.0000	0.0000	0.0000	0.0000	0.0000	0.0000	0.0000	0.0000	0.0000	0.0000	0.0000	0.0000	0.0000	0.0000	0.0000	0.0000	0.0000	0.0000											
1	4	0.1014	11	1	0	2	1	0	0	0	0	N	N	Y	N	N	N	N	N	N	N	N	N	18.7829	12.8894	0.0000	54.2521	50.1798	0.0000	0.0000	0.2993	0.3512	0.0000	3.1902	3.3387	0.0000	0.0000	0.0000	0.0000	0.0159	0.0272	0.0000	0.0588	0.0665	0.0000	0.0000	0.0000	0.0000	0.0000	0.0000	-0.0122	-0.0012	15.2033	1.0033	21.2065	4.2117	0.0223	0.0223	0.0000	0.0223	0.0223	0.0000	0.0000	0.0000	0.0000	0.0019	0.0019	0.0000	0.0019	0.0019	0.0000	0.0000	0.0000	0.0000	0.0745	0.0635	0.0110	0.0070	0.0067	0.0003	0.0675	0.0568	0.0107	0.1209	0.0707	0.0502	0.0328	0.0290	0.0038	0.0881	0.0417	0.0464	18.7829	12.8894	0.0000	54.2521	50.1798	0.0000	0.0000	0.0000	0.0000	0.0159	0.0272	0.0000	0.0588	0.0665	0.0000	0.0000	0.0000	0.0000		
1	5	0.0348	6	0	1	1	1	0	0	0	0	N	N	N	N	N	N	N	N	N	N	N	N	0.9371	0.6343	338.6260	2.3683	2.2376	102.0174	331.2543	0.0013	0.0015	0.0001	0.0189	0.0192	0.0000	0.0000	0.0000	0.0001	0.0014	0.0024	0.0000	0.0080	0.0086	0.0000	0.0000	0.0000	0.0000	0.0056	0.0000	-0.0005	-0.0004	15.2033	10.6531	21.2065	11.0503	0.0010	0.0010	0.0000	0.0010	0.0010	0.0000	0.0000	0.0000	0.0000	0.0007	0.0007	0.0000	0.0007	0.0007	0.0000	0.0000	0.0000	0.0000	0.7621	0.6545	0.1077	0.0524	0.0515	0.0010	0.7097	0.6030	0.1067	0.5026	0.2937	0.2088	0.0879	0.0815	0.0064	0.4147	0.2122	0.2025	0.9371	0.6343	338.6260	2.3683	2.2376	0.0000	102.0174	0.0000	331.2543	0.0014	0.0024	0.0000	0.0080	0.0086	0.0000	0.0000	0.0000	0.0000		
1	6	0.0434	7	0	0	2	2	0	0	0	0	N	N	Y	Y	N	N	N	N	N	N	N	N	0.0000	0.0000	0.0000	0.0000	0.0000	0.0000	0.0000	0.0000	0.0000	0.0000	0.0000	0.0000	0.0000	0.0000	0.0000	0.0000	0.0000	0.0000	0.0000	0.0000	15.2033	0.0000	21.2065	0.7909	0.0000	0.0000	0.0000	0.0000	0.0000	0.0000	0.0000	0.0000	0.0000	0.0000	0.0000	0.0000	0.0000	0.0000	0.0000	0.0000	0.0000	0.0000	0.0000	0.0000	0.0000	0.0000	0.0000	0.0000	0.0000	0.0000	0.0000	0.0225	0.0134	0.0091	0.0052	0.0049	0.0003	0.0173	0.0084	0.0089	0.0000	0.0000	0.0000	0.0000	0.0000	0.0000	0.0000	0.0000	0.0000	0.0000	0.0000	0.0000	0.0000	0.0000	0.0000	0.0000	0.0000	0.0000											
1	7	0.0752	8	1	1	1	1	0	0	0	0	N	N	N	N	N	N	N	N	N	N	N	N	0.5284	0.0000	1.5004	0.1990	0.4826	0.0000	0.4545	0.0000	1.5090	4.5827	0.0000	31.0515	0.0002	0.0002	0.0000	5.0022	0.0000	31.8630	8.6723	5.0151	20.6954	0.0011	0.0005	0.0052	11.0052	7.3676	21.1147	251416.7903	1.9981	0.4518	0.1550	15.2033	3.0003	21.2065	13.2183	1.0000	0.0000	1.0000	0.0000	0.0000	0.0000	1.0000	0.0000	1.0000	2.9976	0.9998	1.9978	0.0001	0.0000	0.0001	2.9975	0.9998	1.9977	0.2182	0.1860	0.0322	0.0183	0.0175	0.0008	0.1999	0.1685	0.0314	0.3456	0.1994	0.1463	0.0733	0.0637	0.0096	0.2724	0.1357	0.1367	0.5284	0.0000	2.2737	0.1990	0.4826	0.0000	0.4545	0.0000	2.1799	8.6723	5.0151	13.6566	0.0011	0.0005	0.0052	11.0052	7.3676	14.6170
1	8	0.0960	10	1	0	2	1	0	0	0	0	N	N	Y	N	N	N	N	N	N	N	N	N	1.7432	1.1621	1077.7146	0.1808	0.1643	8601.6045	inf	1012.8030	0.0039	0.0044	0.0009	0.0015	0.0016	0.0000	0.0042	0.0048	0.0010	0.0023	0.0038	0.0000	0.0084	0.0097	0.0000	0.0000	0.0000	0.0000	0.0361	0.0002	-0.0001	-0.0003	15.2033	1.0034	21.2065	8.6617	0.0003	0.0003	0.0000	0.0000	0.0000	0.0000	0.0003	0.0003	0.0000	0.0005	0.0005	0.0000	0.0005	0.0005	0.0000	0.0000	0.0000	0.0000	0.0740	0.0631	0.0109	0.0066	0.0063	0.0003	0.0674	0.0568	0.0106	0.2128	0.1253	0.0875	0.0567	0.0492	0.0075	0.1561	0.0761	0.0800	1.7432	1.1621	1077.7146	0.1808	0.1643	0.0000	8601.6045	inf	1012.8030	0.0023	0.0038	0.0000	0.0084	0.0097	0.0000	0.0000	0.0000	0.0000	
1	9	0.0343	6	0	0	2	1	0	0	0	0	N	N	Y	N	N	N	N	N	N	N	N	N	0.7140	4681.2543	1.4953	251.5209	11467.7054	2.1907	0.6649	1.5352	3.9537	0.0301	26.9979	0.2949	0.3114	0.0396	4.3062	0.0000	28.0223	5.5374	0.0000	18.0547	0.0012	0.0000	0.0181	6.4769	0.0000	18.2528	152.8136	1501082.6096	0.8957	1.1538	15.2033	7.0042	21.2065	16.5712	2.0114	0.0131	1.9984	0.0132	0.0131	0.0001	1.9983	0.0000	1.9983	2.9950	0.0000	2.9950	0.0001	0.0000	0.0001	2.9949	0.0000	2.9949	0.5087	0.4347	0.0740	0.0447	0.0420	0.0027	0.4640	0.3927	0.0713	0.5409	0.3105	0.2304	0.0785	0.0735	0.0050	0.4624	0.2370	0.2254	0.7140	4681.2543	2.0766	251.5209	11467.7054	2.1907	0.6649	0.0000	2.1089	5.5374	0.0000	13.0007	0.0012	0.0000	0.0181	6.4769	0.0000	13.2877	
1	10	0.0687	8	1	1	1	1	0	0	0	0	N	N	N	N	N	N	N	N	N	N	N	N	0.0001	inf	0.0000	1.6939	inf	0.0000	0.0000	inf	0.0000	0.0003	0.0004	0.0000	0.0028	0.0029	0.0000	0.0000	0.0000	0.0000	4.0549	0.0000	13.4859	0.0017	0.0000	0.0173	6.5246	0.0000	14.4715	0.0000	inf	-0.0000	0.3963	15.2033	2.0043	21.2065	5.1253	0.0001	0.0001	0.0000	0.0001	0.0001	0.0000	0.0000	0.0000	0.0000	1.0287	0.0000	1.0287	0.0002	0.0000	0.0002	1.0286	0.0000	1.0286	0.1585	0.1359	0.0225	0.0184	0.0178	0.0006	0.1401	0.1181	0.0219	0.2537	0.1597	0.0940	0.0961	0.0868	0.0092	0.1576	0.0729	0.0848	0.0001	inf	0.0000	1.6939	inf	0.0000	0.0000	inf	0.0000	4.0549	0.0000	10.9417	0.0017	0.0000	0.0173	6.5246	0.0000	12.1329
1	11	0.0842	12	0	1	1	1	0	0	0	0	N	N	N	N	N	N	N	N	N	N	N	N	0.0000	0.0000	0.0000	0.0000	0.0000	0.0000	0.0000	0.0000	0.0000	0.0000	0.0000	0.0000	0.0000	0.0000	0.0000	0.0000	0.0004	0.0006	0.0000	0.0012	0.0013	0.0000	0.0000	0.0000	0.0000	0.0000	0.0000	-0.0001	15.2033	3.0002	21.2065	13.3035	0.0000	0.0000	0.0000	0.0000	0.0000	0.0000	0.0000	0.0000	0.0000	0.0001	0.0001	0.0000	0.0001	0.0001	0.0000	0.0000	0.0000	0.0000	0.2222	0.1893	0.0329	0.0211	0.0202	0.0010	0.2010	0.1691	0.0319	0.4005	0.2486	0.1519	0.1237	0.1086	0.0151	0.2767	0.1400	0.1367	0.0000	0.0000	0.0000	0.0000	0.0000	0.0000	0.0000	0.0000	0.0000	0.0004	0.0006	0.0000	0.0012	0.0013	0.0000	0.0000	0.0000	0.0000			
1	12	0.0434	7	0	1	1	2	0	0	0	0	N	N	N	Y	N	N	N	N	N	N	N	N	inf	inf	inf	inf	13.1499	15.4720	0.0000	0.0000	0.0000	0.0000	14.4408	17.2128	0.0000	0.0000	0.0000	0.0000	0.0000	0.0000	0.0000	0.0000	0.0000	0.0000	0.0000	-0.5482	0.0000	15.2033	1.0000	21.2065	2.2091	1.0000	1.0000	0.0000	0.0000	0.0000	0.0000	1.0000	1.0000	0.0000	0.0000	0.0000	0.0000	0.0000	0.0000	0.0000	0.0000	0.0000	0.0000	0.0760	0.0646	0.0114	0.0068	0.0065	0.0003	0.0692	0.0581	0.0112	0.0719	0.0412	0.0307	0.0116	0.0105	0.0011	0.0603	0.0307	0.0296	inf	inf	0.0000	0.0000	0.0000	0.0000	inf	inf	0.0000	0.0000	0.0000	0.0000	0.0000	0.0000	0.0000	0.0000	0.0000	0.0000						
1	13	0.0422	6	0	0	1	2	0	0	0	0	N	N	N	Y	N	N	N	N	N	N	N	N	0.0627	0.0000	0.1831	0.0000	0.0000	0.0601	0.1801	0.0003	0.0000	0.0017	0.0000	0.0000	0.0000	0.0003	0.0000	0.0018	0.0042	0.0000	0.0095	0.0001	0.0001	0.0000	0.0048	0.0000	0.0099	inf	364.9616	0.0000	0.0001	15.2033	1.0009	21.2065	1.2082	0.0000	0.0000	0.0000	0.0000	0.0000	0.0000	0.0000	0.0000	0.0000	0.0002	0.0000	0.0002	0.0000	0.0000	0.0000	0.0002	0.0000	0.0002	0.0763	0.0649	0.0114	0.0069	0.0066	0.0003	0.0694	0.0582	0.0112	0.0456	0.0257	0.0199	0.0060	0.0052	0.0008	0.0396	0.0205	0.0191	0.0627	0.0000	0.1831	0.0000	0.0000	0.0000	0.0601	0.0000	0.1801	0.0042	0.0000	0.0095	0.0001	0.0001	0.0000	0.0048	0.0000	0.0099		
1	14	0.0789	10	0	1	1	1	0	0	0	0	N	N	N	N	N	N	N	N	N	N	N	N	0.0000	0.0000	0.0000	0.0000	0.0000	0.0000	0.0000	0.0000	0.0000	0.0000	0.0000	0.0000	0.0000	0.0000	0.0000	0.0000	0.0000	3.1294	5.6023	0.0001	0.0073	0.0090	0.0000	4.1063	8.5866	0.0001	0.0000	0.0000	-0.6151	15.2033	3.0000	21.2065	13.0223	0.0000	0.0000	0.0000	0.0000	0.0000	0.0000	0.0000	0.0000	0.0000	1.0006	1.0006	0.0000	0.0006	0.0006	0.0000	1.0000	1.0000	0.0000	0.2181	0.1859	0.0322	0.0182	0.0174	0.0008	0.1998	0.1685	0.0314	0.3197	0.1786	0.1411	0.0762	0.0621	0.0141	0.2435	0.1165	0.1271	0.0000	0.0000	0.0000	0.0000	0.0000	0.0000	0.0000	0.0000	0.0000	3.1294	5.6023	0.0001	0.0073	0.0090	0.0000	4.1063	8.5866	0.0001		
1	15	0.0422	6	0	0	1	2	0	0	0	0	N	N	N	Y	N	N	N	N	N	N	N	N	0.0288	0.0000	0.0839	0.0000	0.0000	0.0275	0.0825	0.0003	0.0000	0.0018	0.0000	0.0000	0.0000	0.0003	0.0000	0.0018	0.0091	0.0000	0.0209	0.0002	0.0002	0.0000	0.0105	0.0000	0.0217	inf	364.9616	0.0000	0.0001	15.2033	0.9991	21.2065	0.0040	0.0000	0.0000	0.0000	0.0000	0.0000	0.0000	0.0000	0.0000	0.0000	0.0002	0.0000	0.0002	0.0000	0.0000	0.0000	0.0002	0.0000	0.0002	0.0762	0.0647	0.0114	0.0069	0.0066	0.0003	0.0693	0.0581	0.0112	0.0209	0.0118	0.0091	0.0028	0.0024	0.0004	0.0181	0.0094	0.0087	0.0288	0.0000	0.0839	0.0000	0.0000	0.0000	0.0275	0.0000	0.0825	0.0091	0.0000	0.0209	0.0002	0.0002	0.0000	0.0105	0.0000	0.0217		
1	16	0.0292	5	0	0	1	2	0	0	0	0	N	N	N	Y	N	N	N	N	N	N	N	N	1.1666	0.0259	3.4362	0.5566	0.0333	3.7832	1.1924	3.4875	3.9486	0.0002	27.0816	0.0305	0.0016	1.2506	4.5350	0.0000	27.6250	3.3848	0.0094	7.8813	0.0547	0.0490	0.3306	3.8032	0.0000	7.9212	18992.7134	630.3527	0.7645	0.7669	15.2033	5.0907	21.2065	19.6153	1.6922	0.0001	1.6921	0.0017	0.0001	0.0016	1.6905	0.0000	1.6905	1.9989	0.0032	1.9957	0.0036	0.0032	0.0004	1.9953	0.0000	1.9953	0.4285	0.3661	0.0625	0.0558	0.0545	0.0013	0.3728	0.3116	0.0612	0.5905	0.3373	0.2532	0.0659	0.0646	0.0013	0.5246	0.2727	0.2519	1.1666	0.0259	3.4362	0.5566	0.0333	3.7832	1.1924	0.0000	3.4875	3.3848	0.0094	7.8813	0.0547	0.0490	0.3306	3.8032	0.0000	7.9212	
1	17	0.0987	9	1	0	2	1	0	0	0	0	N	N	Y	N	N	N	N	N	N	N	N	N	0.0000	0.0000	0.0000	0.0000	0.0000	0.0000	0.0000	0.0000	0.0000	0.0000	0.0000	0.0000	0.0000	0.0000	0.0000	0.0000	0.0010	0.0009	0.0012	0.0023	0.0027	0.0000	0.0007	0.0000	0.0013	0.9906	0.0000	-0.0000	15.2033	1.0000	21.2065	1.0003	0.0000	0.0000	0.0000	0.0000	0.0000	0.0000	0.0000	0.0000	0.0000	0.0000	0.0000	0.0000	0.0000	0.0000	0.0000	0.0000	0.0000	0.0000	0.0729	0.0620	0.0108	0.0084	0.0080	0.0004	0.0644	0.0540	0.0104	0.0385	0.0221	0.0164	0.0089	0.0076	0.0013	0.0296	0.0145	0.0151	0.0000	0.0000	0.0000	0.0000	0.0000	0.0000	0.0000	0.0000	0.0000	0.0010	0.0009	0.0012	0.0023	0.0027	0.0000	0.0007	0.0000	0.0013			
1	18	0.0450	7	0	1	1	1	0	0	0	0	N	N	N	N	N	N	N	N	N	N	N	N	0.0000	0.0000	0.0000	0.0000	0.0000	0.0000	0.0000	0.0000	0.0000	0.0000	0.0000	0.0000	0.0000	0.0000	0.0000	0.0000	0.0026	0.0034	0.0009	0.0064	0.0067	0.0000	0.0004	0.0000	0.0009	0.1137	0.0000	-0.0007	15.2033	0.0005	21.2065	9.9413	0.0000	0.0000	0.0000	0.0000	0.0000	0.0000	0.0000	0.0000	0.0000	0.0013	0.0012	0.0001	0.0012	0.0012	0.0000	0.0001	0.0000	0.0001	0.0455	0.0411	0.0044	0.0436	0.0395	0.0041	0.0018	0.0015	0.0003	0.5008	0.3518	0.1489	0.1836	0.1766	0.0071	0.3171	0.1753	0.1419	0.0000	0.0000	0.0000	0.0000	0.0000	0.0000	0.0000	0.0000	0.0000	0.0026	0.0034	0.0009	0.0064	0.0067	0.0000	0.0004	0.0000	0.0009			
1	19	0.0687	8	1	1	1	1	0	0	0	0	N	N	N	N	N	N	N	N	N	N	N	N	0.0077	0.0338	0.0082	0.1851	0.1269	8.2599	0.0007	inf	0.0022	0.0006	0.0004	0.0013	0.0053	0.0041	0.0367	0.0001	0.0000	0.0004	0.0752	0.0133	0.1628	0.0288	0.0321	0.0044	0.0929	0.0000	0.1765	0.5043	8.6673	-0.0000	0.0102	15.2033	4.7901	21.2065	15.0000	0.0002	0.0001	0.0001	0.0002	0.0001	0.0000	0.0000	0.0000	0.0000	0.0360	0.0037	0.0323	0.0038	0.0037	0.0001	0.0322	0.0000	0.0322	0.3579	0.3060	0.0519	0.0351	0.0337	0.0013	0.3228	0.2723	0.0505	0.4788	0.2804	0.1984	0.1319	0.1162	0.0158	0.3468	0.1642	0.1826	0.0077	0.0338	0.0082	0.1851	0.1269	8.2599	0.0007	inf	0.0022	0.0752	0.0133	0.1628	0.0288	0.0321	0.0044	0.0929	0.0000	0.1765
1	20	0.0657	7	1	1	1	1	0	0	0	0	N	N	N	N	N	N	N	N	N	N	N	N	0.0173	67.7086	0.0000	11781.9234	11151.2514	inf	0.0001	0.2418	0.0000	0.1423	0.1664	0.0014	1.6314	1.6983	0.0001	0.0010	0.0010	0.0014	8.2140	0.0025	34.9036	0.0001	0.0002	0.0000	10.8579	0.0039	36.2523	0.0014	5922.8955	-0.0071	0.3741	15.2033	1.2170	21.2065	3.4655	0.0129	0.0129	0.0000	0.0128	0.0128	0.0000	0.0001	0.0001	0.0000	0.9715	0.0002	0.9713	0.0000	0.0000	0.0000	0.9715	0.0002	0.9713	0.0908	0.0775	0.0133	0.0079	0.0076	0.0003	0.0829	0.0700	0.0130	0.1183	0.0667	0.0516	0.0288	0.0262	0.0026	0.0895	0.0405	0.0489	0.0173	67.7086	0.0001	11781.9234	11151.2514	inf	0.0001	0.2418	0.0001	8.2140	0.0025	18.8383	0.0001	0.0002	0.0000	10.8579	0.0039	19.8444
1	21	0.0789	9	0	1	1	1	0	0	0	0	N	N	N	N	N	N	N	N	N	N	N	N	0.0000	0.0000	0.0000	0.0000	0.0000	0.0000	0.0000	0.0000	0.0000	0.0000	0.0000	0.0000	0.0000	3.5533	0.0000	8.0560	0.0000	0.0000	0.0000	4.6719	0.0000	8.9509	inf	0.0000	0.3850	15.2033	2.0000	21.2065	11.9921	0.0000	0.0000	0.0000	0.0000	0.0000	0.0000	0.0000	0.0000	0.0000	0.9994	0.0000	0.9994	0.0000	0.0000	0.0000	0.9994	0.0000	0.9994	0.1460	0.1244	0.0216	0.0122	0.0117	0.0005	0.1337	0.1127	0.0210	0.2813	0.1572	0.1241	0.0673	0.0549	0.0124	0.2139	0.1023	0.1117	0.0000	0.0000	0.0000	0.0000	0.0000	0.0000	0.0000	0.0000	0.0000	3.5533	0.0000	8.0560	0.0000	0.0000	0.0000	4.6719	0.0000	8.9509						
1	22	0.0657	7	0	1	1	1	0	0	0	0	N	N	N	N	N	N	N	N	N	N	N	N	0.0001	0.0000	25.9766	7.0060	5.1749	inf	0.0000	0.0000	0.0000	0.0002	0.0002	0.0002	0.0020	0.0017	0.0088	0.0000	0.0000	0.0000	2.8749	5.2569	0.0000	0.0003	0.0003	0.0000	3.5531	7.5210	0.0000	0.2181	0.0000	-0.0000	-0.6148	15.2033	2.9966	21.2065	14.0927	0.0000	0.0000	0.0000	0.0000	0.0000	0.0000	0.0000	0.0000	0.0000	1.0000	1.0000	0.0000	0.0000	0.0000	0.0000	1.0000	1.0000	0.0000	0.2196	0.1874	0.0323	0.0180	0.0173	0.0007	0.2016	0.1701	0.0315	0.3479	0.1902	0.1576	0.0664	0.0573	0.0091	0.2814	0.1330	0.1485	0.0001	0.0000	25.9766	7.0060	5.1749	inf	0.0000	0.0000	0.0000	2.8749	5.2569	0.0000	0.0003	0.0003	0.0000	3.5531	7.5210	0.0000
1	23	0.0387	6	0	1	2	2	0	0	0	0	N	N	Y	Y	N	N	N	N	N	N	N	N	0.0000	0.0000	0.0000	0.0000	0.0000	0.0000	0.0000	0.0000	0.0000	0.0000	0.0000	0.0000	0.0000	0.0000	0.0000	0.0000	0.0000	0.0000	0.0000	0.0000	15.2033	0.3092	21.2065	0.1355	0.0000	0.0000	0.0000	0.0000	0.0000	0.0000	0.0000	0.0000	0.0000	0.0000	0.0000	0.0000	0.0000	0.0000	0.0000	0.0000	0.0000	0.0000	0.0362	0.0305	0.0057	0.0094	0.0092	0.0001	0.0268	0.0213	0.0055	0.0164	0.0106	0.0058	0.0048	0.0046	0.0001	0.0116	0.0060	0.0057	0.0000	0.0000	0.0000	0.0000	0.0000	0.0000	0.0000	0.0000	0.0000	0.0000	0.0000	0.0000	0.0000	0.0000	0.0000	0.0000	0.0000	0.0000											
1	24	0.0280	5	0	0	1	2	0	0	0	0	N	N	N	Y	N	N	N	N	N	N	N	N	1142.1627	0.0000	1165941445.5642	0.0000	0.0000	847951447.5451	1298985939.2987	3.0288	0.0000	12.1154	0.0000	0.0000	0.0000	3.8825	0.0000	12.2102	0.0027	0.0049	0.0000	0.0360	0.0386	0.0000	0.0000	0.0000	0.0000	inf	0.0000	0.8502	-0.0007	15.2033	6.2779	21.2065	13.9173	1.8817	0.0000	1.8817	0.0000	0.0000	0.0000	1.8817	0.0000	1.8817	0.0011	0.0011	0.0000	0.0011	0.0011	0.0000	0.0000	0.0000	0.0000	0.6213	0.4659	0.1553	0.1366	0.1354	0.0012	0.4847	0.3306	0.1541	0.4008	0.2180	0.1828	0.0296	0.0276	0.0020	0.3713	0.1904	0.1809	1142.1627	0.0000	1165941445.5642	0.0000	0.0000	0.0000	847951447.5451	0.0000	1298985939.2987	0.0027	0.0049	0.0000	0.0360	0.0386	0.0000	0.0000	0.0000	0.0000		
1	25	0.0412	8	0	1	1	1	0	0	0	0	N	N	N	N	N	N	N	N	N	N	N	N	0.0105	0.0202	0.0000	4.5894	4.6240	0.1993	0.0000	0.0000	0.0000	0.0075	0.0087	0.0000	0.0730	0.0744	0.0026	0.0000	0.0000	0.0000	0.7108	0.4309	1.1156	0.0159	0.0161	0.0130	0.9283	0.6856	1.1530	0.0007	1.7907	-0.0013	0.0099	15.2033	3.8932	21.2065	15.3303	0.0024	0.0024	0.0000	0.0024	0.0024	0.0000	0.0000	0.0000	0.0000	0.3673	0.1316	0.2357	0.0020	0.0019	0.0001	0.3654	0.1298	0.2356	0.3181	0.2724	0.0457	0.0325	0.0318	0.0006	0.2856	0.2406	0.0451	0.5168	0.3055	0.2113	0.1232	0.1162	0.0069	0.3936	0.1893	0.2044	0.0105	0.0202	0.0000	4.5894	4.6240	0.1993	0.0000	0.0000	0.0000	0.7108	0.4309	1.1156	0.0159	0.0161	0.0130	0.9283	0.6856	1.1530
1	26	0.0229	4	0	1	1	2	0	0	0	0	N	N	N	Y	N	N	N	N	N	N	N	N	0.0251	0.0371	0.0001	117.3019	116.4841	inf	0.0000	0.0000	0.0001	0.1098	0.1476	0.0006	0.4181	0.4201	0.0046	0.0002	0.0000	0.0006	4.3697	3.9782	4.8066	0.0036	0.0036	0.0000	5.6831	7.0184	4.8340	0.0015	1.0826	-0.0342	-0.1977	15.2033	4.2937	21.2065	9.5692	0.0625	0.0624	0.0001	0.0624	0.0624	0.0000	0.0001	0.0000	0.0001	2.0829	1.0001	1.0827	0.0004	0.0004	0.0000	2.0825	0.9997	1.0827	0.5695	0.4232	0.1464	0.1493	0.1486	0.0007	0.4202	0.2745	0.1457	0.4767	0.2514	0.2253	0.1102	0.1090	0.0013	0.3664	0.1424	0.2240	0.0251	0.0371	0.0001	117.3019	116.4841	inf	0.0000	0.0000	0.0001	4.3697	3.9782	4.8066	0.0036	0.0036	0.0000	5.6831	7.0184	4.8340
1	27	0.0325	6	1	1	1	1	0	0	0	0	N	N	N	N	N	N	N	N	N	N	N	N	0.0056	0.0069	0.0000	19.4228	18.2233	0.0000	0.0000	0.0000	0.0116	0.0137	0.0000	0.2553	0.2660	0.0000	0.0000	0.0000	0.0000	2.0903	1.9794	2.2146	0.0131	0.0146	0.0000	2.3402	2.4195	2.2659	0.0000	0.9987	-0.0070	-0.2303	15.2033	16.0000	21.2065	34.8566	0.0128	0.0128	0.0000	0.0128	0.0128	0.0000	0.0000	0.0000	0.0000	2.0014	1.0014	1.0000	0.0014	0.0014	0.0000	2.0000	1.0000	1.0000	1.1034	0.9353	0.1681	0.0502	0.0482	0.0020	1.0532	0.8871	0.1661	0.9574	0.5059	0.4516	0.1028	0.0926	0.0102	0.8546	0.4133	0.4413	0.0056	0.0069	0.0000	19.4228	18.2233	0.0000	0.0000	0.0000	0.0000	2.0903	1.9794	2.2146	0.0131	0.0146	0.0000	2.3402	2.4195	2.2659	
1	28	0.0377	6	0	0	2	1	0	0	0	0	N	N	Y	N	N	N	N	N	N	N	N	N	0.0000	0.0000	0.0000	0.0000	0.0000	0.0000	0.0000	0.0000	0.0000	0.0000	0.0000	0.0000	0.0000	0.0000	0.0000	0.0000	0.0000	0.0000	0.0000	0.0000	15.2033	0.0000	21.2065	3.0088	0.0000	0.0000	0.0000	0.0000	0.0000	0.0000	0.0000	0.0000	0.0000	0.0000	0.0000	0.0000	0.0000	0.0000	0.0000	0.0000	0.0000	0.0000	0.0000	0.0000	0.0000	0.0000	0.0000	0.0000	0.0000	0.0000	0.0000	0.0592	0.0320	0.0271	0.0060	0.0047	0.0013	0.0532	0.0273	0.0259	0.0000	0.0000	0.0000	0.0000	0.0000	0.0000	0.0000	0.0000	0.0000	0.0000	0.0000	0.0000	0.0000	0.0000	0.0000	0.0000	0.0000	0.0000											
1	29	0.0253	3	0	1	1	1	0	0	0	0	N	N	N	N	N	N	N	N	N	N	N	N	0.1291	0.0630	366.3537	0.0914	0.0930	138.6398	370.8973	0.0422	0.0400	0.0519	0.2858	0.2918	0.0000	0.0107	0.0000	0.0526	0.3267	0.6355	0.0001	3.1269	3.1377	0.0000	0.0001	0.0000	0.0001	0.2883	0.0002	-0.0057	-0.0981	15.2033	5.0749	21.2065	14.8264	0.0177	0.0137	0.0040	0.0137	0.0137	0.0000	0.0040	0.0000	0.0040	0.1597	0.1597	0.0000	0.1597	0.1597	0.0000	0.0000	0.0000	0.0000	0.4193	0.3430	0.0762	0.0480	0.0470	0.0010	0.3713	0.2960	0.0753	0.4888	0.2513	0.2376	0.0511	0.0509	0.0002	0.4378	0.2004	0.2374	0.1291	0.0630	366.3537	0.0914	0.0930	0.0000	138.6398	0.0000	370.8973	0.3267	0.6355	0.0001	3.1269	3.1377	0.0000	0.0001	0.0000	0.0001		
1	30	0.0657	7	1	0	2	1	0	0	0	0	N	N	Y	N	N	N	N	N	N	N	N	N	0.0124	412.8444	0.0000	1492.1449	1335.3620	0.0000	0.0000	0.0296	0.0347	0.0000	0.3682	0.3844	0.0000	0.0000	0.0000	0.0000	2.3891	0.0001	5.2544	0.0002	0.0003	0.0000	2.9348	0.0000	5.5804	0.0000	52058.9948	-0.0070	0.3852	15.2033	5.9956	21.2065	15.0927	0.0128	0.0128	0.0000	0.0128	0.0128	0.0000	0.0000	0.0000	0.0000	1.0000	0.0000	1.0000	0.0000	0.0000	0.0000	1.0000	0.0000	1.0000	0.4327	0.3691	0.0636	0.0348	0.0334	0.0015	0.3978	0.3357	0.0621	0.4186	0.2283	0.1903	0.0778	0.0667	0.0111	0.3407	0.1615	0.1792	0.0124	412.8444	0.0000	1492.1449	1335.3620	0.0000	0.0000	0.0000	0.0000	2.3891	0.0001	5.2544	0.0002	0.0003	0.0000	2.9348	0.0000	5.5804		
1	31	0.0280	5	0	1	1	1	0	0	0	0	N	N	N	N	N	N	N	N	N	N	N	N	111.1510	94.2032	0.0000	28.2422	26.8233	0.0000	0.0000	0.5701	0.8824	0.0000	1.5574	1.5614	0.0000	0.0000	0.0000	0.0000	0.0051	0.0094	0.0000	0.0551	0.0582	0.0000	0.0000	0.0000	0.0000	0.0000	0.0000	-0.0984	-0.0006	15.2033	1.4218	21.2065	7.0463	0.1794	0.1794	0.0000	0.1794	0.1794	0.0000	0.0000	0.0000	0.0000	0.0010	0.0010	0.0000	0.0010	0.0010	0.0000	0.0000	0.0000	0.0000	0.3147	0.2033	0.1114	0.1152	0.1149	0.0003	0.1995	0.0884	0.1111	0.1908	0.1045	0.0863	0.0177	0.0168	0.0009	0.1731	0.0877	0.0854	111.1510	94.2032	0.0000	28.2422	26.8233	0.0000	0.0000	0.0000	0.0000	0.0051	0.0094	0.0000	0.0551	0.0582	0.0000	0.0000	0.0000	0.0000		
1	32	0.0229	4	0	0	1	1	0	0	0	0	N	N	N	N	N	N	N	N	N	N	N	N	1.7740	0.6329	372.3107	0.9254	0.9218	4821.9252	199.0947	372.2536	0.5125	0.3460	0.9953	0.9846	0.9892	0.0062	0.3456	0.0000	1.0000	0.2889	0.5467	0.0027	1.0639	1.0731	0.0000	0.0017	0.0000	0.0027	0.9926	0.0044	-0.0147	-0.0707	15.2033	4.3312	21.2065	5.5221	0.2932	0.1472	0.1461	0.1472	0.1472	0.0000	0.1461	0.0000	0.1461	0.1158	0.1153	0.0005	0.1153	0.1153	0.0000	0.0005	0.0000	0.0005	0.5721	0.4253	0.1468	0.1495	0.1488	0.0007	0.4226	0.2766	0.1461	0.4009	0.2109	0.1899	0.1084	0.1075	0.0009	0.2925	0.1035	0.1890	1.7740	0.6329	372.3107	0.9254	0.9218	4821.9252	199.0947	0.0000	372.2536	0.2889	0.5467	0.0027	1.0639	1.0731	0.0000	0.0017	0.0000	0.0027	
1	33	0.0204	3	0	0	1	1	0	0	0	0	N	N	N	N	N	N	N	N	N	N	N	N	2.0519	1.7568	2.7911	2.5437	2.5484	inf	1.5453	0.0092	2.7956	0.6452	0.5650	0.8569	1.7061	1.7093	0.0072	0.3098	0.0000	0.8583	0.3144	0.3216	0.3070	0.6707	0.6707	0.0000	0.2005	0.0031	0.3070	0.5743	0.9247	-0.0659	-0.0135	15.2033	4.2685	21.2065	3.7703	0.3591	0.2281	0.1310	0.2281	0.2281	0.0000	0.1310	0.0000	0.1310	0.1007	0.0523	0.0484	0.0521	0.0521	0.0000	0.0486	0.0003	0.0484	0.5567	0.4038	0.1529	0.1337	0.1335	0.0002	0.4229	0.2703	0.1526	0.3203	0.1627	0.1576	0.0776	0.0776	0.0000	0.2427	0.0851	0.1576	2.0519	1.7568	2.7911	2.5437	2.5484	inf	1.5453	0.0092	2.7956	0.3144	0.3216	0.3070	0.6707	0.6707	0.0000	0.2005	0.0031	0.3070
1	34	0.0657	7	1	0	2	1	0	0	0	0	N	N	Y	N	N	N	N	N	N	N	N	N	0.3543	0.0000	18.1981	0.8726	0.0000	inf	0.0000	0.0000	0.0000	0.0000	0.0001	0.0002	0.0000	0.0053	0.0000	0.0000	0.0000	0.0001	0.0001	0.0000	0.0003	0.0003	0.0000	0.0000	0.0000	0.0000	inf	0.0640	0.0000	-0.0000	15.2033	4.9966	21.2065	15.0870	0.0000	0.0000	0.0000	0.0000	0.0000	0.0000	0.0000	0.0000	0.0000	0.0000	0.0000	0.0000	0.0000	0.0000	0.0000	0.0000	0.0000	0.0000	0.3623	0.3090	0.0532	0.0293	0.0280	0.0012	0.3330	0.2810	0.0520	0.4010	0.2188	0.1822	0.0750	0.0644	0.0106	0.3260	0.1544	0.1715	0.3543	0.0000	18.1981	0.8726	0.0000	inf	0.0000	0.0000	0.0000	0.0001	0.0001	0.0000	0.0003	0.0003	0.0000	0.0000	0.0000	0.0000	
1	35	0.0377	6	0	1	1	1	0	0	0	0	N	N	N	N	N	N	N	N	N	N	N	N	0.0000	0.0000	0.0000	0.0000	0.0000	0.0000	0.0000	0.0000	0.0000	0.0000	0.0000	0.0000	0.0000	0.0000	0.0000	0.0000	0.0000	0.0000	0.0000	0.0000	15.2033	1.0000	21.2065	1.0102	0.0000	0.0000	0.0000	0.0000	0.0000	0.0000	0.0000	0.0000	0.0000	0.0000	0.0000	0.0000	0.0000	0.0000	0.0000	0.0000	0.0000	0.0000	0.0641	0.0549	0.0093	0.0040	0.0038	0.0002	0.0601	0.0511	0.0090	0.0398	0.0216	0.0183	0.0041	0.0032	0.0008	0.0358	0.0184	0.0174	0.0000	0.0000	0.0000	0.0000	0.0000	0.0000	0.0000	0.0000	0.0000	0.0000	0.0000	0.0000	0.0000	0.0000	0.0000	0.0000	0.0000	0.0000											
1	36	0.0377	5	0	0	1	1	0	0	0	0	N	N	N	N	N	N	N	N	N	N	N	N	0.0000	0.0000	0.0000	0.0000	0.0000	0.0000	0.0000	0.0000	0.0000	0.0000	0.0000	0.0000	0.0000	0.0000	0.0000	0.0000	0.0000	0.0000	0.0000	0.0000	15.2033	0.0000	21.2065	0.0263	0.0000	0.0000	0.0000	0.0000	0.0000	0.0000	0.0000	0.0000	0.0000	0.0000	0.0000	0.0000	0.0000	0.0000	0.0000	0.0000	0.0000	0.0000	0.0000	0.0000	0.0000	0.0000	0.0000	0.0000	0.0000	0.0000	0.0000	0.0009	0.0005	0.0004	0.0002	0.0002	0.0000	0.0007	0.0003	0.0004	0.0000	0.0000	0.0000	0.0000	0.0000	0.0000	0.0000	0.0000	0.0000	0.0000	0.0000	0.0000	0.0000	0.0000	0.0000	0.0000	0.0000	0.0000											
1	37	0.0987	8	1	1	2	1	0	0	0	0	N	N	Y	N	N	N	N	N	N	N	N	N	0.0000	0.0000	0.0000	0.0000	0.0000	0.0000	0.0000	0.0000	0.0000	0.0000	0.0000	0.0000	0.0000	0.0000	0.0000	0.0000	6.6198	0.0000	24.5793	0.0000	0.0000	0.0000	8.5905	0.0000	27.0317	5274261.6055	0.0000	0.3853	15.2033	3.0000	21.2065	5.0002	0.0000	0.0000	0.0000	0.0000	0.0000	0.0000	0.0000	0.0000	0.0000	1.0000	0.0000	1.0000	0.0000	0.0000	0.0000	1.0000	0.0000	1.0000	0.2167	0.1846	0.0322	0.0251	0.0239	0.0012	0.1916	0.1607	0.0309	0.1511	0.0866	0.0645	0.0347	0.0296	0.0050	0.1164	0.0570	0.0594	0.0000	0.0000	0.0000	0.0000	0.0000	0.0000	0.0000	0.0000	0.0000	6.6198	0.0000	15.5144	0.0000	0.0000	0.0000	8.5905	0.0000	16.8292			
1	38	0.0661	10	1	1	1	1	0	0	0	0	N	N	N	N	N	N	N	N	N	N	N	N	0.3441	inf	0.0000	0.5428	inf	0.0000	2.0123	2.2496	0.0000	0.0000	0.0000	0.0000	5.9398	6.8942	0.0000	5.8481	0.0000	52.2227	0.0000	0.0000	0.0000	10.9422	0.0000	44.9789	0.0000	inf	-0.0000	0.0641	15.2033	0.0001	21.2065	0.1668	0.0001	0.0001	0.0000	0.0000	0.0000	0.0000	0.0001	0.0001	0.0000	0.1663	0.0000	0.1663	0.0000	0.0000	0.0000	0.1663	0.0000	0.1663	0.0000	0.0000	0.0000	0.0000	0.0000	0.0000	0.0000	0.0000	0.0000	0.0284	0.0213	0.0072	0.0132	0.0132	0.0001	0.0152	0.0081	0.0071	0.3441	inf	0.0000	0.0000	0.0000	0.0000	0.5428	inf	0.0000	5.8481	0.0000	23.1681	0.0000	0.0000	0.0000	10.9422	0.0000	23.4317			
1	39	0.0292	5	0	0	1	2	0	0	0	0	N	N	N	Y	N	N	N	N	N	N	N	N	0.0222	0.0170	0.0000	0.0227	0.0229	0.0000	0.0000	0.0003	0.0004	0.0000	0.0016	0.0017	0.0000	0.0000	0.0000	0.0000	0.0148	0.0224	0.0026	0.0720	0.0727	0.0000	0.0012	0.0000	0.0026	0.0000	0.0717	-0.0000	-0.0027	15.2033	1.7673	21.2065	9.0239	0.0001	0.0001	0.0000	0.0001	0.0001	0.0000	0.0000	0.0000	0.0000	0.0050	0.0046	0.0003	0.0046	0.0046	0.0000	0.0003	0.0000	0.0003	0.1833	0.1577	0.0256	0.0368	0.0362	0.0006	0.1466	0.1215	0.0250	0.3376	0.2072	0.1304	0.0646	0.0639	0.0006	0.2730	0.1432	0.1298	0.0222	0.0170	0.0000	0.0227	0.0229	0.0000	0.0000	0.0000	0.0000	0.0148	0.0224	0.0026	0.0720	0.0727	0.0000	0.0012	0.0000	0.0026		
1	40	0.0268	4	0	0	1	2	0	0	0	0	N	N	N	Y	N	N	N	N	N	N	N	N	19.4619	1.5868	75.9613	1.4631	1.4738	0.0000	29.9906	1.1864	76.8891	1.0510	0.0633	5.2869	0.3187	0.3245	0.0000	1.1750	0.0077	5.3600	0.0540	0.0399	0.0696	0.2178	0.2201	0.0135	0.0392	0.0065	0.0697	19.4733	1.5779	0.1309	-0.0000	15.2033	3.4690	21.2065	3.7419	0.3249	0.0159	0.3090	0.0143	0.0143	0.0000	0.3106	0.0016	0.3090	0.0093	0.0036	0.0057	0.0031	0.0031	0.0000	0.0062	0.0005	0.0057	0.3091	0.2507	0.0584	0.0448	0.0440	0.0008	0.2643	0.2067	0.0576	0.1728	0.0907	0.0821	0.0143	0.0142	0.0002	0.1584	0.0766	0.0819	19.4619	1.5868	75.9613	1.4631	1.4738	0.0000	29.9906	1.1864	76.8891	0.0540	0.0399	0.0696	0.2178	0.2201	0.0135	0.0392	0.0065	0.0697
1	41	0.0842	12	0	1	2	1	0	0	0	0	N	N	Y	N	N	N	N	N	N	N	N	N	0.0000	0.0000	0.0000	0.0000	0.0000	0.0000	0.0000	0.0000	0.0000	0.0000	0.0000	0.0000	0.0000	0.0000	0.0000	0.0000	0.0005	0.0007	0.0000	0.0014	0.0016	0.0000	0.0000	0.0000	0.0000	0.0000	0.0000	-0.0001	15.2033	0.9997	21.2065	10.1790	0.0000	0.0000	0.0000	0.0000	0.0000	0.0000	0.0000	0.0000	0.0000	0.0001	0.0001	0.0000	0.0001	0.0001	0.0000	0.0000	0.0000	0.0000	0.0748	0.0637	0.0111	0.0071	0.0068	0.0003	0.0676	0.0569	0.0108	0.3056	0.1952	0.1103	0.1002	0.0895	0.0108	0.2053	0.1058	0.0996	0.0000	0.0000	0.0000	0.0000	0.0000	0.0000	0.0000	0.0000	0.0000	0.0005	0.0007	0.0000	0.0014	0.0016	0.0000	0.0000	0.0000	0.0000			
1	42	0.0831	11	0	1	1	1	0	0	0	0	N	N	N	N	N	N	N	N	N	N	N	N	0.0000	0.0000	0.0000	0.0000	0.0000	0.0000	0.0000	0.0000	0.0000	0.0000	0.0000	0.0000	0.0000	0.0000	0.0000	0.0000	0.0188	0.0233	0.0120	0.0415	0.0454	0.0000	0.0072	0.0000	0.0129	0.3356	0.0000	-0.0002	15.2033	0.0007	21.2065	0.9413	0.0000	0.0000	0.0000	0.0000	0.0000	0.0000	0.0000	0.0000	0.0000	0.0006	0.0004	0.0001	0.0004	0.0004	0.0000	0.0001	0.0000	0.0001	0.0001	0.0001	0.0000	0.0000	0.0000	0.0000	0.0001	0.0000	0.0000	0.0302	0.0182	0.0119	0.0102	0.0094	0.0009	0.0200	0.0089	0.0111	0.0000	0.0000	0.0000	0.0000	0.0000	0.0000	0.0000	0.0000	0.0000	0.0188	0.0233	0.0120	0.0415	0.0454	0.0000	0.0072	0.0000	0.0129			
1	43	0.0657	7	1	0	2	1	0	0	0	0	N	N	Y	N	N	N	N	N	N	N	N	N	0.0254	inf	0.0000	inf	inf	0.0000	0.0000	0.0868	0.1018	0.0000	1.0378	1.0818	0.0000	0.0000	0.0000	0.0000	3.4131	0.0000	7.5611	0.0000	0.0000	0.0000	4.2467	0.0000	8.0212	0.0000	inf	-0.0070	0.3842	15.2033	1.9995	21.2065	12.0029	0.0128	0.0128	0.0000	0.0128	0.0128	0.0000	0.0000	0.0000	0.0000	0.9973	0.0000	0.9973	0.0000	0.0000	0.0000	0.9973	0.0000	0.9973	0.1477	0.1260	0.0217	0.0124	0.0119	0.0005	0.1353	0.1142	0.0212	0.2922	0.1603	0.1319	0.0574	0.0498	0.0076	0.2348	0.1105	0.1243	0.0254	inf	0.0000	inf	inf	0.0000	0.0000	0.0000	0.0000	3.4131	0.0000	7.5611	0.0000	0.0000	0.0000	4.2467	0.0000	8.0212		
1	44	0.0325	6	1	1	1	1	0	0	0	0	N	N	N	N	N	N	N	N	N	N	N	N	1.6997	inf	2.6396	1.5779	inf	2.6131	2.7806	1.6220	9.1827	0.0000	0.0000	0.0000	2.9131	1.7102	9.2950	1.6360	0.0000	3.4788	0.0000	0.0000	0.0000	1.8462	0.0000	3.5570	1.0245	inf	-0.0827	0.4610	15.2033	10.0000	21.2065	26.8440	1.9616	0.9689	0.9927	0.0000	0.0000	0.0000	1.9616	0.9689	0.9927	1.1967	0.0000	1.1967	0.0000	0.0000	0.0000	1.1967	0.0000	1.1967	0.7055	0.5974	0.1081	0.0321	0.0308	0.0013	0.6734	0.5666	0.1068	0.7315	0.3875	0.3440	0.0833	0.0757	0.0076	0.6482	0.3118	0.3364	1.6997	inf	2.6396	0.0000	0.0000	0.0000	1.5779	inf	2.6131	1.6360	0.0000	3.4788	0.0000	0.0000	0.0000	1.8462	0.0000	3.5570			
1	45	0.0831	11	0	1	1	1	0	0	0	0	N	N	N	N	N	N	N	N	N	N	N	N	0.0000	0.0000	0.0000	0.0000	0.0000	0.0000	0.0000	0.0000	0.0000	0.0000	0.0000	0.0000	0.0000	0.0000	0.0000	0.0000	5.7457	0.0009	19.6416	0.0019	0.0022	0.0000	7.8059	0.0000	21.3028	11528.7209	0.0000	0.3851	15.2033	3.0000	21.2065	5.0456	0.0000	0.0000	0.0000	0.0000	0.0000	0.0000	0.0000	0.0000	0.0000	0.9997	0.0001	0.9997	0.0001	0.0001	0.0000	0.9997	0.0000	0.9997	0.2221	0.1893	0.0329	0.0211	0.0202	0.0010	0.2010	0.1691	0.0319	0.1740	0.1002	0.0738	0.0459	0.0388	0.0071	0.1281	0.0614	0.0666	0.0000	0.0000	0.0000	0.0000	0.0000	0.0000	0.0000	0.0000	0.0000	5.7457	0.0009	13.5541	0.0019	0.0022	0.0000	7.8059	0.0000	15.0044			
1	46	0.0789	10	0	1	1	1	0	0	0	0	N	N	N	N	N	N	N	N	N	N	N	N	0.0000	0.0000	0.0000	0.0000	0.0000	0.0000	0.0000	0.0000	0.0000	0.0000	0.0000	0.0000	0.0000	0.0000	0.0000	0.0000	0.0612	0.0990	0.0121	0.2208	0.2667	0.0000	0.0070	0.0000	0.0134	0.0940	0.0000	-0.0021	15.2033	2.0000	21.2065	1.0030	0.0000	0.0000	0.0000	0.0000	0.0000	0.0000	0.0000	0.0000	0.0000	0.0040	0.0036	0.0003	0.0036	0.0036	0.0000	0.0003	0.0000	0.0003	0.1460	0.1244	0.0216	0.0122	0.0117	0.0005	0.1337	0.1127	0.0210	0.0647	0.0366	0.0282	0.0164	0.0136	0.0028	0.0483	0.0230	0.0253	0.0000	0.0000	0.0000	0.0000	0.0000	0.0000	0.0000	0.0000	0.0000	0.0612	0.0990	0.0121	0.2208	0.2667	0.0000	0.0070	0.0000	0.0134			
1	47	0.0789	9	0	1	1	1	0	0	0	0	N	N	N	N	N	N	N	N	N	N	N	N	0.0000	0.0000	0.0000	0.0000	0.0000	0.0000	0.0000	0.0000	0.0000	0.0000	0.0000	0.0000	0.0000	0.0000	0.0000	0.0000	0.2756	0.2115	0.3986	0.3206	0.3332	0.0000	0.2412	0.0000	0.4186	0.9828	0.0000	-0.0001	15.2033	0.0000	21.2065	0.0582	0.0000	0.0000	0.0000	0.0000	0.0000	0.0000	0.0000	0.0000	0.0000	0.0012	0.0006	0.0006	0.0006	0.0006	0.0000	0.0006	0.0000	0.0006	0.0000	0.0000	0.0000	0.0000	0.0000	0.0000	0.0000	0.0000	0.0000	0.0042	0.0028	0.0014	0.0018	0.0018	0.0001	0.0024	0.0010	0.0014	0.0000	0.0000	0.0000	0.0000	0.0000	0.0000	0.0000	0.0000	0.0000	0.2756	0.2115	0.3986	0.3206	0.3332	0.0000	0.2412	0.0000	0.4186			
1	48	0.0752	8	0	1	1	1	0	0	0	0	N	N	N	N	N	N	N	N	N	N	N	N	5.2116	4.7640	0.0000	7.2057	6.8727	0.0000	0.0000	0.0000	0.1328	0.1521	0.0000	0.4504	0.4767	0.0000	0.0000	0.0000	0.0000	0.0255	0.0319	0.0135	0.0625	0.0694	0.0000	0.0070	0.0000	0.0149	0.0000	0.2265	-0.0000	-0.0013	15.2033	0.0018	21.2065	3.9096	0.0000	0.0000	0.0000	0.0000	0.0000	0.0000	0.0000	0.0000	0.0000	0.0031	0.0025	0.0006	0.0025	0.0025	0.0000	0.0006	0.0000	0.0006	0.0003	0.0002	0.0000	0.0001	0.0001	0.0000	0.0002	0.0002	0.0000	0.1214	0.0791	0.0424	0.0404	0.0364	0.0040	0.0811	0.0427	0.0384	5.2116	4.7640	0.0000	7.2057	6.8727	0.0000	0.0000	0.0000	0.0000	0.0255	0.0319	0.0135	0.0625	0.0694	0.0000	0.0070	0.0000	0.0149	
1	49	0.0657	7	0	1	1	1	0	0	0	0	N	N	N	N	N	N	N	N	N	N	N	N	6.2568	40.9329	0.0492	1931.4495	1785.9784	inf	0.0126	0.0000	0.0476	0.0869	0.1016	0.0014	1.0358	1.0797	0.0000	0.0002	0.0000	0.0014	0.0139	0.0025	0.0281	0.0005	0.0006	0.0000	0.0176	0.0035	0.0297	0.0023	9.0827	-0.0070	0.0007	15.2033	2.0031	21.2065	6.0601	0.0128	0.0128	0.0000	0.0128	0.0128	0.0000	0.0000	0.0000	0.0000	0.0025	0.0003	0.0023	0.0000	0.0000	0.0000	0.0025	0.0002	0.0023	0.1479	0.1262	0.0217	0.0124	0.0119	0.0005	0.1356	0.1144	0.0212	0.1824	0.1012	0.0812	0.0394	0.0349	0.0044	0.1430	0.0663	0.0767	6.2568	40.9329	0.0492	1931.4495	1785.9784	inf	0.0126	0.0000	0.0476	0.0139	0.0025	0.0281	0.0005	0.0006	0.0000	0.0176	0.0035	0.0297
1	50	0.0377	5	0	0	2	1	0	0	0	0	N	N	Y	N	N	N	N	N	N	N	N	N	0.0000	0.0000	0.0000	0.0000	0.0000	0.0000	0.0000	0.0000	0.0000	0.0000	0.0000	0.0000	0.0000	0.0000	0.0000	0.0000	0.0000	0.0000	0.0000	0.0000	15.2033	0.0004	21.2065	0.9852	0.0000	0.0000	0.0000	0.0000	0.0000	0.0000	0.0000	0.0000	0.0000	0.0000	0.0000	0.0000	0.0000	0.0000	0.0000	0.0000	0.0000	0.0000	0.0001	0.0001	0.0000	0.0000	0.0000	0.0000	0.0001	0.0001	0.0000	0.0206	0.0111	0.0095	0.0014	0.0011	0.0002	0.0192	0.0100	0.0093	0.0000	0.0000	0.0000	0.0000	0.0000	0.0000	0.0000	0.0000	0.0000	0.0000	0.0000	0.0000	0.0000	0.0000	0.0000	0.0000	0.0000	0.0000											
1	51	0.0268	4	0	0	1	1	0	0	0	0	N	N	N	N	N	N	N	N	N	N	N	N	0.0613	0.0002	0.3573	0.0203	0.0202	0.0657	0.0000	0.3624	0.2533	0.0007	1.5398	0.0057	0.0059	0.0000	0.2808	0.0000	1.5653	4.1301	3.9647	4.3100	0.2838	0.2927	0.0000	4.2708	4.2229	4.3197	440.2374	0.9988	0.0947	-0.2305	15.2033	10.7574	21.2065	12.9024	0.2106	0.0005	0.2102	0.0005	0.0005	0.0000	0.2102	0.0000	0.2102	2.0033	1.0022	1.0011	0.0049	0.0049	0.0000	1.9984	0.9974	1.0011	0.8315	0.6950	0.1365	0.0830	0.0808	0.0022	0.7485	0.6142	0.1343	0.4851	0.2528	0.2323	0.0171	0.0166	0.0005	0.4679	0.2362	0.2317	0.0613	0.0002	0.3573	0.0203	0.0202	0.0000	0.0657	0.0000	0.3624	4.1301	3.9647	4.3100	0.2838	0.2927	0.0000	4.2708	4.2229	4.3197	
1	52	0.0253	3	0	0	1	1	0	0	0	0	N	N	N	N	N	N	N	N	N	N	N	N	0.6061	3.6462	0.8482	14.6280	14.8364	0.0000	0.3069	0.0000	0.8569	0.1256	0.0700	0.3416	0.3808	0.3866	0.0000	0.0819	0.0000	0.3453	0.2072	0.0192	0.4028	0.0260	0.0261	0.0004	0.2670	0.0127	0.4029	1.2569	20.1782	0.0003	0.0143	15.2033	2.6694	21.2065	2.4027	0.0305	0.0135	0.0170	0.0135	0.0135	0.0000	0.0170	0.0000	0.0170	0.0423	0.0020	0.0403	0.0013	0.0013	0.0000	0.0410	0.0007	0.0403	0.2425	0.1929	0.0497	0.0354	0.0349	0.0005	0.2071	0.1579	0.0491	0.2041	0.1041	0.1001	0.0506	0.0506	0.0000	0.1535	0.0535	0.1000	0.6061	3.6462	0.8482	14.6280	14.8364	0.0000	0.3069	0.0000	0.8569	0.2072	0.0192	0.4028	0.0260	0.0261	0.0004	0.2670	0.0127	0.4029
1	53	0.0202	2	0	0	1	1	0	0	0	0	N	N	N	N	N	N	N	N	N	N	N	N	9.5266	4.0390	27.1798	4.3218	4.3360	inf	13.8430	0.0070	27.2489	1.5854	0.6617	4.5964	2.7946	2.8039	0.0000	1.3178	0.0000	4.6081	0.1664	0.1638	0.1691	0.6466	0.6467	0.0000	0.0952	0.0001	0.1691	2.1310	0.9920	0.1904	-0.0075	15.2033	8.6921	21.2065	5.3599	1.4376	0.4591	0.9784	0.4591	0.4591	0.0000	0.9784	0.0000	0.9784	0.0638	0.0320	0.0318	0.0320	0.0320	0.0000	0.0318	0.0000	0.0318	0.9068	0.6939	0.2129	0.1643	0.1638	0.0005	0.7425	0.5302	0.2123	0.3835	0.1956	0.1879	0.0495	0.0495	0.0000	0.3340	0.1460	0.1879	9.5266	4.0390	27.1798	4.3218	4.3360	inf	13.8430	0.0070	27.2489	0.1664	0.1638	0.1691	0.6466	0.6467	0.0000	0.0952	0.0001	0.1691
1	56	0.0657	7	1	1	1	1	0	0	0	0	N	N	N	N	N	N	N	N	N	N	N	N	0.0000	0.0000	0.0000	0.0000	0.0000	0.0000	0.0000	0.0000	0.0000	0.0000	0.0000	0.0000	0.0000	0.0000	0.0000	0.0000	0.0000	0.0000	0.0000	0.0000	15.2033	0.0000	21.2065	10.9971	0.0000	0.0000	0.0000	0.0000	0.0000	0.0000	0.0000	0.0000	0.0000	0.0000	0.0000	0.0000	0.0000	0.0000	0.0000	0.0000	0.0000	0.0000	0.0000	0.0000	0.0000	0.0000	0.0000	0.0000	0.0000	0.0000	0.0000	0.2371	0.1306	0.1064	0.0483	0.0423	0.0060	0.1887	0.0883	0.1004	0.0000	0.0000	0.0000	0.0000	0.0000	0.0000	0.0000	0.0000	0.0000	0.0000	0.0000	0.0000	0.0000	0.0000	0.0000	0.0000	0.0000	0.0000											
1	57	0.1209	10	0	0	1	1	0	0	0	0	N	N	N	N	N	N	N	N	N	N	N	N	0.0002	0.0007	0.0002	0.0038	0.0038	0.0093	0.0000	0.0000	0.0000	0.0002	0.0001	0.0007	0.0007	0.0004	0.0081	0.0000	0.0000	0.0001	1.2186	0.1885	3.4290	0.1824	0.1085	0.8717	1.9629	0.2876	3.8019	0.7931	8.4792	-0.0000	0.3657	15.2033	7.8198	21.2065	21.5823	0.0002	0.0001	0.0001	0.0002	0.0001	0.0001	0.0000	0.0000	0.0000	1.3072	0.1379	1.1693	0.0818	0.0440	0.0378	1.2254	0.0939	1.1315	0.9458	0.8286	0.1172	0.2692	0.2595	0.0097	0.6766	0.5690	0.1075	1.0727	0.7317	0.3410	0.4485	0.4051	0.0434	0.6243	0.3267	0.2976	0.0002	0.0007	0.0002	0.0038	0.0038	0.0093	0.0000	0.0000	0.0000	1.2186	0.1885	3.4290	0.1824	0.1085	0.8717	1.9629	0.2876	3.8019
1	58	0.1014	11	1	1	2	1	0	0	0	0	N	N	Y	N	N	N	N	N	N	N	N	N	0.0000	0.0000	0.0002	0.0000	0.0000	0.0000	0.0000	0.0000	0.0002	0.0002	0.0000	0.0016	0.0000	0.0000	0.0000	0.0003	0.0000	0.0017	7.1857	6.3247	8.3227	0.0010	0.0004	0.0051	9.4656	9.9037	9.0632	inf	0.9965	0.0000	-0.2307	15.2033	2.0055	21.2065	11.8091	0.0000	0.0000	0.0000	0.0000	0.0000	0.0000	0.0000	0.0000	0.0000	1.9954	0.9995	0.9960	0.0001	0.0000	0.0000	1.9954	0.9994	0.9959	0.1476	0.1258	0.0217	0.0135	0.0129	0.0006	0.1340	0.1129	0.0211	0.2777	0.1580	0.1197	0.0669	0.0571	0.0098	0.2108	0.1009	0.1099	0.0000	0.0000	0.0002	0.0000	0.0000	0.0000	0.0000	0.0000	0.0002	7.1857	6.3247	8.3227	0.0010	0.0004	0.0051	9.4656	9.9037	9.0632
1	59	0.0960	10	1	0	2	1	0	0	0	0	N	N	Y	N	N	N	N	N	N	N	N	N	0.1093	0.1692	0.0162	0.2655	0.2482	0.0894	0.1597	0.0152	0.0022	0.0025	0.0005	0.0035	0.0037	0.0000	0.0021	0.0024	0.0005	0.0203	0.0149	0.0290	0.0132	0.0148	0.0000	0.0235	0.0150	0.0317	0.0321	1.2094	-0.0002	-0.0002	15.2033	1.9951	21.2065	2.5667	0.0003	0.0003	0.0000	0.0000	0.0000	0.0000	0.0003	0.0003	0.0000	0.0024	0.0011	0.0013	0.0005	0.0005	0.0000	0.0019	0.0006	0.0013	0.1462	0.1247	0.0215	0.0129	0.0123	0.0006	0.1334	0.1124	0.0209	0.1182	0.0729	0.0454	0.0362	0.0323	0.0039	0.0820	0.0405	0.0415	0.1093	0.1692	0.0162	0.2655	0.2482	0.0000	0.0894	0.1597	0.0152	0.0203	0.0149	0.0290	0.0132	0.0148	0.0000	0.0235	0.0150	0.0317	
1	60	0.0893	9	1	0	2	1	0	0	0	0	N	N	Y	N	N	N	N	N	N	N	N	N	0.0000	0.0000	0.0000	0.0000	0.0000	0.0000	0.0000	0.0000	0.0000	0.0000	0.0000	0.0000	0.0000	0.0000	0.0000	0.0000	0.0000	0.0425	0.0520	0.0143	0.0846	0.0943	0.0000	0.0067	0.0000	0.0177	0.0932	0.0000	-0.0030	15.2033	0.0108	21.2065	3.6229	0.0000	0.0000	0.0000	0.0000	0.0000	0.0000	0.0000	0.0000	0.0000	0.0056	0.0052	0.0005	0.0052	0.0052	0.0000	0.0005	0.0000	0.0005	0.0013	0.0011	0.0002	0.0004	0.0004	0.0000	0.0009	0.0007	0.0002	0.1326	0.0991	0.0334	0.0609	0.0546	0.0063	0.0717	0.0445	0.0272	0.0000	0.0000	0.0000	0.0000	0.0000	0.0000	0.0000	0.0000	0.0000	0.0425	0.0520	0.0143	0.0846	0.0943	0.0000	0.0067	0.0000	0.0177		
1	61	0.0412	8	0	1	1	1	0	0	0	0	N	N	N	N	N	N	N	N	N	N	N	N	0.0000	0.0000	0.0001	0.0017	0.0000	0.1259	0.0000	0.0000	0.0000	0.0000	0.0000	0.0000	0.0000	0.0000	0.0025	0.0000	0.0000	0.0000	0.4407	0.5572	0.2570	0.0275	0.0279	0.0196	0.5981	0.9590	0.2645	inf	0.2925	0.0000	-0.0666	15.2033	4.0917	21.2065	8.0988	0.0000	0.0000	0.0000	0.0000	0.0000	0.0000	0.0000	0.0000	0.0000	0.1714	0.1326	0.0388	0.0030	0.0029	0.0001	0.1685	0.1298	0.0387	0.3321	0.2843	0.0478	0.0331	0.0325	0.0006	0.2990	0.2518	0.0472	0.3890	0.2380	0.1509	0.1073	0.1027	0.0046	0.2816	0.1353	0.1463	0.0000	0.0000	0.0001	0.0017	0.0000	0.1259	0.0000	0.0000	0.0000	0.4407	0.5572	0.2570	0.0275	0.0279	0.0196	0.5981	0.9590	0.2645
1	62	0.0375	7	0	1	1	1	0	0	0	0	N	N	N	N	N	N	N	N	N	N	N	N	0.0034	0.0025	0.0072	5.7972	5.5684	28.7202	0.0013	0.0000	0.0074	0.0330	0.0214	0.0968	0.3723	0.3863	0.0423	0.0160	0.0004	0.0975	9.6103	8.4710	13.3771	0.0642	0.0694	0.0015	11.9734	12.8129	13.2215	0.8313	1.1079	-0.0005	-0.1633	15.2033	2.1165	21.2065	5.0852	0.0051	0.0028	0.0023	0.0027	0.0027	0.0000	0.0024	0.0001	0.0023	1.8315	0.8689	0.9626	0.0024	0.0024	0.0000	1.8290	0.8664	0.9626	0.1547	0.1307	0.0240	0.0074	0.0071	0.0003	0.1473	0.1236	0.0237	0.1906	0.1026	0.0880	0.0378	0.0349	0.0029	0.1528	0.0676	0.0851	0.0034	0.0025	0.0089	5.7972	5.5684	28.7202	0.0013	0.0000	0.0086	9.6103	8.4710	10.9380	0.0642	0.0694	0.0015	11.9734	12.8129	11.3067
1	63	0.0893	9	1	0	2	1	0	0	0	0	N	N	Y	N	N	N	N	N	N	N	N	N	0.0000	0.0000	0.0000	0.0000	0.0000	0.0000	0.0000	0.0000	0.0000	0.0000	0.0000	0.0000	0.0000	0.0000	0.0000	0.0000	0.0000	6.5033	0.0002	30.6059	0.0029	0.0004	0.0184	9.5431	0.0000	35.8985	66242.8685	0.0000	0.7676	15.2033	3.9990	21.2065	8.8702	0.0000	0.0000	0.0000	0.0000	0.0000	0.0000	0.0000	0.0000	0.0000	1.9924	0.0000	1.9924	0.0003	0.0000	0.0002	1.9921	0.0000	1.9921	0.2848	0.2472	0.0376	0.0239	0.0230	0.0009	0.2609	0.2242	0.0367	0.3064	0.1908	0.1156	0.0976	0.0840	0.0136	0.2087	0.1068	0.1020	0.0000	0.0000	0.0000	0.0000	0.0000	0.0000	0.0000	0.0000	0.0000	6.5033	0.0002	17.2393	0.0029	0.0004	0.0184	9.5431	0.0000	19.5340		
1	64	0.0691	8	1	0	2	1	0	0	0	0	N	N	Y	N	N	N	N	N	N	N	N	N	0.0000	0.0000	0.0000	0.0000	0.0000	0.0000	0.0000	0.0000	0.0000	0.0000	0.0000	0.0000	0.0000	0.0000	0.0000	0.0000	0.0000	0.0000	0.0216	0.0080	0.0420	0.0145	0.0158	0.0000	0.0242	0.0025	0.0444	3.5043	0.0000	0.0010	15.2033	3.9972	21.2065	6.8232	0.0000	0.0000	0.0000	0.0000	0.0000	0.0000	0.0000	0.0000	0.0000	0.0063	0.0014	0.0049	0.0011	0.0011	0.0000	0.0052	0.0003	0.0049	0.3040	0.2605	0.0434	0.0301	0.0291	0.0010	0.2739	0.2315	0.0424	0.2925	0.1755	0.1170	0.0787	0.0724	0.0063	0.2138	0.1031	0.1107	0.0000	0.0000	0.0000	0.0000	0.0000	0.0000	0.0000	0.0000	0.0000	0.0216	0.0080	0.0420	0.0145	0.0158	0.0000	0.0242	0.0025	0.0444	
1	65	0.0451	8	0	1	1	1	0	0	0	0	N	N	N	N	N	N	N	N	N	N	N	N	1.0453	0.7392	0.0411	1.7989	1.7769	0.6312	0.8912	0.5414	0.0169	0.8943	1.0525	0.0000	0.0363	0.0387	0.0000	0.9671	1.1482	0.0000	0.8555	1.4239	0.0000	0.0202	0.0218	0.0000	1.0852	2.1208	0.0000	0.0000	0.0000	-0.5499	-0.6177	15.2033	15.6632	21.2065	35.0639	1.0032	1.0032	0.0000	0.0032	0.0032	0.0000	1.0000	1.0000	0.0000	1.0048	1.0048	0.0000	0.0051	0.0051	0.0000	0.9997	0.9997	0.0000	1.1218	0.9531	0.1687	0.0878	0.0822	0.0056	1.0340	0.8709	0.1631	1.1745	0.7057	0.4689	0.2533	0.2343	0.0190	0.9212	0.4714	0.4499	1.0453	0.7392	0.0411	1.7989	1.7769	0.6312	0.8912	0.5414	0.0169	0.8555	1.4239	0.0000	0.0202	0.0218	0.0000	1.0852	2.1208	0.0000
1	66	0.0451	8	0	0	2	1	0	0	0	0	N	N	Y	N	N	N	N	N	N	N	N	N	0.0000	0.0000	0.0000	0.0000	0.0000	0.0000	0.0000	0.0000	0.0000	0.0000	0.0000	0.0000	0.0000	0.0000	0.0000	0.0000	0.0000	1.6422	0.0004	5.1037	0.0011	0.0009	0.0034	2.4406	0.0000	5.3419	5547.8333	0.0000	0.3846	15.2033	4.9998	21.2065	10.1184	0.0000	0.0000	0.0000	0.0000	0.0000	0.0000	0.0000	0.0000	0.0000	0.9988	0.0002	0.9986	0.0002	0.0002	0.0000	0.9986	0.0000	0.9986	0.4035	0.3439	0.0596	0.0585	0.0539	0.0046	0.3450	0.2900	0.0550	0.6082	0.4125	0.1957	0.1990	0.1903	0.0087	0.4092	0.2222	0.1869	0.0000	0.0000	0.0000	0.0000	0.0000	0.0000	0.0000	0.0000	0.0000	1.6422	0.0004	5.1037	0.0011	0.0009	0.0034	2.4406	0.0000	5.3419		
1	67	0.0343	6	0	1	1	1	0	0	0	0	N	N	N	N	N	N	N	N	N	N	N	N	0.2863	0.0203	1.2381	342.1292	925.0292	1.2826	0.2614	0.0000	1.2574	1.3319	0.0557	8.8477	0.5712	0.6090	0.0190	1.4012	0.0000	9.1856	4.6524	2.7428	7.1464	0.0017	0.0007	0.0148	5.3603	3.5010	7.3050	26.9773	1.9949	0.4315	0.1538	15.2033	10.9928	21.2065	18.5513	1.0371	0.0371	1.0000	0.0371	0.0371	0.0001	0.9999	0.0000	0.9999	2.9951	1.0001	1.9950	0.0001	0.0001	0.0001	2.9949	1.0000	1.9949	0.7787	0.6656	0.1130	0.0650	0.0609	0.0042	0.7136	0.6048	0.1089	0.6438	0.3646	0.2792	0.0850	0.0790	0.0061	0.5587	0.2856	0.2731	0.2863	0.0203	1.2381	342.1292	925.0292	1.2826	0.2614	0.0000	1.2574	4.6524	2.7428	7.1464	0.0017	0.0007	0.0148	5.3603	3.5010	7.3050
1	68	0.0343	5	0	0	1	1	0	0	0	0	N	N	N	N	N	N	N	N	N	N	N	N	50.4703	62.4990	76.0260	90.8463	90.7169	1716.6391	36.0014	1.1189	76.6466	2.9809	1.4938	12.0100	3.6725	3.6887	1.7100	2.6082	0.0026	12.2235	0.0591	0.0239	0.1580	0.0404	0.0407	0.0010	0.0724	0.0023	0.1595	1.3242	2.3495	0.0011	0.0006	15.2033	0.0861	21.2065	1.0715	0.0522	0.0224	0.0297	0.0225	0.0224	0.0001	0.0296	0.0000	0.0296	0.0072	0.0021	0.0050	0.0021	0.0021	0.0000	0.0051	0.0001	0.0050	0.0175	0.0150	0.0025	0.0061	0.0061	0.0001	0.0114	0.0089	0.0024	0.1215	0.0896	0.0319	0.0508	0.0505	0.0003	0.0707	0.0391	0.0316	50.4703	62.4990	76.0260	90.8463	90.7169	1716.6391	36.0014	1.1189	76.6466	0.0591	0.0239	0.1580	0.0404	0.0407	0.0010	0.0724	0.0023	0.1595
1	69	0.0987	9	1	0	2	1	0	0	0	0	N	N	Y	N	N	N	N	N	N	N	N	N	0.0000	0.0000	0.0000	0.0000	0.0000	0.0000	0.0000	0.0000	0.0000	0.0000	0.0000	0.0000	0.0000	0.0000	0.0000	0.0000	0.0005	0.0005	0.0006	0.0011	0.0013	0.0000	0.0003	0.0000	0.0007	0.9906	0.0000	-0.0000	15.2033	1.0000	21.2065	3.0001	0.0000	0.0000	0.0000	0.0000	0.0000	0.0000	0.0000	0.0000	0.0000	0.0000	0.0000	0.0000	0.0000	0.0000	0.0000	0.0000	0.0000	0.0000	0.0729	0.0620	0.0108	0.0084	0.0080	0.0004	0.0644	0.0540	0.0104	0.0765	0.0439	0.0326	0.0176	0.0151	0.0026	0.0589	0.0288	0.0301	0.0000	0.0000	0.0000	0.0000	0.0000	0.0000	0.0000	0.0000	0.0000	0.0005	0.0005	0.0006	0.0011	0.0013	0.0000	0.0003	0.0000	0.0007			
1	70	0.0987	8	1	0	2	1	0	0	0	0	N	N	Y	N	N	N	N	N	N	N	N	N	0.0000	0.0000	0.0000	0.0000	0.0000	0.0000	0.0000	0.0000	0.0000	0.0000	0.0000	0.0000	0.0000	0.0000	0.0000	0.0000	1.2604	1.0885	1.4967	1.4691	1.5000	0.0000	1.1036	0.0000	1.5288	1.0000	0.0000	-0.0000	15.2033	0.0000	21.2065	0.0009	0.0000	0.0000	0.0000	0.0000	0.0000	0.0000	0.0000	0.0000	0.0000	0.0001	0.0000	0.0000	0.0000	0.0000	0.0000	0.0000	0.0000	0.0000	0.0000	0.0000	0.0000	0.0000	0.0000	0.0000	0.0000	0.0000	0.0000	0.0001	0.0000	0.0000	0.0000	0.0000	0.0000	0.0000	0.0000	0.0000	0.0000	0.0000	0.0000	0.0000	0.0000	0.0000	0.0000	0.0000	0.0000	1.2604	1.0885	1.4967	1.4691	1.5000	0.0000	1.1036	0.0000	1.5288			
1	71	0.0657	7	1	0	2	1	0	0	0	0	N	N	Y	N	N	N	N	N	N	N	N	N	0.0000	0.0000	0.0000	0.0030	0.0000	inf	0.0000	0.0000	0.0000	0.0000	0.0001	0.0001	0.0000	0.0027	0.0000	0.0000	0.0000	2.2278	0.0129	4.8786	0.0381	0.0445	0.0000	2.7223	0.0000	5.1821	inf	316.4753	0.0000	0.3833	15.2033	9.9966	21.2065	12.9129	0.0000	0.0000	0.0000	0.0000	0.0000	0.0000	0.0000	0.0000	0.0000	1.0032	0.0032	1.0000	0.0032	0.0032	0.0000	1.0000	0.0000	1.0000	0.7092	0.6053	0.1039	0.0566	0.0542	0.0024	0.6526	0.5511	0.1015	0.4503	0.2453	0.2050	0.0829	0.0709	0.0120	0.3673	0.1744	0.1930	0.0000	0.0000	0.0000	0.0030	0.0000	inf	0.0000	0.0000	0.0000	2.2278	0.0129	4.8786	0.0381	0.0445	0.0000	2.7223	0.0000	5.1821	
1	72	0.0325	6	0	1	1	2	0	0	0	0	N	N	N	Y	N	N	N	N	N	N	N	N	0.3342	0.0000	1.5001	0.3127	0.0000	1.4840	1.0916	0.0000	7.1452	0.0000	0.0000	0.0000	1.1437	0.0000	7.2323	3.2668	1.9308	4.7631	0.0000	0.0000	0.0000	3.6580	2.3608	4.8737	inf	2.2028	0.4472	0.2332	15.2033	13.0000	21.2065	39.1663	0.9898	0.0000	0.9898	0.0000	0.0000	0.0000	0.9898	0.0000	0.9898	3.1940	0.9973	2.1967	0.0000	0.0000	0.0000	3.1940	0.9973	2.1967	0.9067	0.7682	0.1385	0.0413	0.0396	0.0017	0.8654	0.7286	0.1369	0.9777	0.5165	0.4612	0.1045	0.0941	0.0105	0.8732	0.4224	0.4507	0.3342	0.0000	1.5001	0.0000	0.0000	0.0000	0.3127	0.0000	1.4840	3.2668	1.9308	4.7631	0.0000	0.0000	0.0000	3.6580	2.3608	4.8737			
1	73	0.0300	5	0	1	1	1	0	0	0	0	N	N	N	N	N	N	N	N	N	N	N	N	10892806.5090	7680665.0164	166735.9483	879.4392	742.7404	inf	1242553523.7403	inf	172707.4704	4.5816	5.4236	0.0015	0.0021	0.0019	0.0077	4.8082	5.7306	0.0014	0.0000	0.0000	0.0000	0.0000	0.0000	0.0000	0.0000	0.0000	0.0000	0.0000	0.0086	-0.5481	-0.0000	15.2033	3.0003	21.2065	18.1082	1.0000	1.0000	0.0000	0.0000	0.0000	0.0000	1.0000	1.0000	0.0000	0.0000	0.0000	0.0000	0.0000	0.0000	0.0000	0.0000	0.0000	0.0000	0.2183	0.1844	0.0339	0.0103	0.0099	0.0004	0.2080	0.1745	0.0335	0.5328	0.3147	0.2181	0.0935	0.0889	0.0046	0.4393	0.2258	0.2135	10892806.5090	7680665.0164	166735.9483	879.4392	742.7404	inf	1242553523.7403	inf	172707.4704	0.0000	0.0000	0.0000	0.0000	0.0000	0.0000	0.0000	0.0000	0.0000
1	74	0.0691	8	0	1	1	1	0	0	0	0	N	N	N	N	N	N	N	N	N	N	N	N	0.0000	0.0000	0.0000	0.0000	0.0000	0.0000	0.0000	0.0000	0.0000	0.0000	0.0000	0.0000	0.0000	0.0000	0.0000	1.8374	3.2172	0.0000	0.0004	0.0005	0.0000	2.3570	4.8895	0.0000	0.0000	0.0000	-0.6144	15.2033	7.0046	21.2065	18.1036	0.0000	0.0000	0.0000	0.0000	0.0000	0.0000	0.0000	0.0000	0.0000	0.9995	0.9995	0.0000	0.0001	0.0001	0.0000	0.9994	0.9994	0.0000	0.5158	0.4414	0.0745	0.0468	0.0451	0.0017	0.4690	0.3963	0.0728	0.5440	0.3107	0.2333	0.1200	0.1063	0.0137	0.4240	0.2044	0.2196	0.0000	0.0000	0.0000	0.0000	0.0000	0.0000	0.0000	0.0000	0.0000	1.8374	3.2172	0.0000	0.0004	0.0005	0.0000	2.3570	4.8895	0.0000				
1	75	0.0657	7	0	0	1	1	0	0	0	0	N	N	N	N	N	N	N	N	N	N	N	N	469.4626	495.5813	64.9362	192.3357	179.4986	inf	397.8743	337.8886	63.1771	5.8728	6.7053	0.7245	0.1700	0.1722	0.0976	6.6139	7.6782	0.7403	0.0125	0.0135	0.0112	0.0009	0.0010	0.0000	0.0166	0.0227	0.0117	0.0175	0.6222	-0.0610	-0.0003	15.2033	0.2435	21.2065	3.2922	0.1149	0.1130	0.0020	0.0004	0.0004	0.0000	0.1145	0.1126	0.0020	0.0012	0.0007	0.0005	0.0000	0.0000	0.0000	0.0012	0.0007	0.0005	0.0196	0.0168	0.0027	0.0023	0.0022	0.0001	0.0173	0.0147	0.0027	0.0962	0.0549	0.0414	0.0252	0.0232	0.0020	0.0711	0.0317	0.0394	469.4626	495.5813	64.9362	192.3357	179.4986	inf	397.8743	337.8886	63.1771	0.0125	0.0135	0.0112	0.0009	0.0010	0.0000	0.0166	0.0227	0.0117
1	76	0.0325	6	0	0	1	1	0	0	0	0	N	N	N	N	N	N	N	N	N	N	N	N	12.2862	55717.8264	34.6709	237998.4804	227812.5238	10.4629	34.3466	4.2833	0.3754	25.8017	6.9864	7.2846	0.0000	4.1545	0.0000	26.1182	0.3486	0.0000	0.7442	0.0000	0.0000	0.0000	0.3971	0.0000	0.7604	12.4808	97337.8968	0.8085	0.0758	15.2033	7.0044	21.2065	20.1113	2.1410	0.1588	1.9822	0.1588	0.1588	0.0000	1.9822	0.0000	1.9822	0.1967	0.0000	0.1967	0.0000	0.0000	0.0000	0.1967	0.0000	0.1967	0.4998	0.4230	0.0768	0.0227	0.0218	0.0009	0.4771	0.4012	0.0759	0.5643	0.3000	0.2644	0.0689	0.0632	0.0056	0.4955	0.2368	0.2587	12.2862	55717.8264	34.6709	237998.4804	227812.5238	0.0000	10.4629	0.0000	34.3466	0.3486	0.0000	0.7442	0.0000	0.0000	0.0000	0.3971	0.0000	0.7604		
1	77	0.0348	6	0	1	1	1	0	0	0	0	N	N	N	N	N	N	N	N	N	N	N	N	0.9836	0.0003	92044311.9381	2.0695	1.8669	inf	0.8850	0.0000	90027519.0656	1.7836	0.0010	12.4968	0.0121	0.0118	0.0269	1.9233	0.0000	12.6084	1.8133	3.1440	0.0000	0.0058	0.0063	0.0000	2.1732	4.2781	0.0000	2102.9802	0.0000	0.5090	-0.6149	15.2033	8.6571	21.2065	16.0761	1.1278	0.0005	1.1273	0.0006	0.0005	0.0000	1.1272	0.0000	1.1272	1.0003	1.0003	0.0000	0.0005	0.0005	0.0000	0.9998	0.9998	0.0000	0.6323	0.5421	0.0902	0.0462	0.0454	0.0008	0.5861	0.4967	0.0894	0.5517	0.3182	0.2335	0.0916	0.0845	0.0071	0.4600	0.2337	0.2263	0.9836	0.0003	92044311.9381	2.0695	1.8669	inf	0.8850	0.0000	90027519.0656	1.8133	3.1440	0.0000	0.0058	0.0063	0.0000	2.1732	4.2781	0.0000
1	78	0.0343	5	0	1	1	1	0	0	0	0	N	N	N	N	N	N	N	N	N	N	N	N	5.9456	4.5628	15.8530	10.9455	11.0565	7.1445	4.2736	0.0140	16.1169	0.1149	0.1024	0.1889	0.4311	0.4403	0.0003	0.0342	0.0001	0.1947	0.0193	0.0225	0.0119	0.0394	0.0398	0.0000	0.0080	0.0046	0.0121	0.3106	0.2239	-0.0013	-0.0012	15.2033	0.3645	21.2065	1.9845	0.0043	0.0033	0.0010	0.0033	0.0033	0.0000	0.0010	0.0000	0.0010	0.0028	0.0023	0.0005	0.0021	0.0021	0.0000	0.0007	0.0002	0.0005	0.0376	0.0322	0.0054	0.0077	0.0075	0.0002	0.0300	0.0247	0.0053	0.1451	0.1020	0.0430	0.0523	0.0518	0.0006	0.0928	0.0503	0.0425	5.9456	4.5628	15.8530	10.9455	11.0565	7.1445	4.2736	0.0140	16.1169	0.0193	0.0225	0.0119	0.0394	0.0398	0.0000	0.0080	0.0046	0.0121
1	79	0.0249	4	0	0	1	1	0	0	0	0	N	N	N	N	N	N	N	N	N	N	N	N	372.5346	60.2531	1651.9640	66.9453	66.4272	5.4627	766.2306	1.8141	1657.3119	4.1582	0.6715	18.4790	3.7447	3.7866	0.0000	4.2278	0.0006	18.6305	0.0112	0.0111	0.0112	0.0559	0.0570	0.0000	0.0055	0.0003	0.0112	6.7005	0.7428	0.3603	-0.0009	15.2033	2.9108	21.2065	14.2456	1.1192	0.1453	0.9739	0.1452	0.1452	0.0000	0.9740	0.0001	0.9739	0.0047	0.0027	0.0020	0.0026	0.0026	0.0000	0.0021	0.0001	0.0020	0.2692	0.2165	0.0527	0.0388	0.0384	0.0004	0.2304	0.1781	0.0523	0.4210	0.2420	0.1791	0.0471	0.0463	0.0009	0.3739	0.1957	0.1782	372.5346	60.2531	1651.9640	66.9453	66.4272	5.4627	766.2306	1.8141	1657.3119	0.0112	0.0111	0.0112	0.0559	0.0570	0.0000	0.0055	0.0003	0.0112
1	82	0.0482	9	0	1	1	1	0	0	0	0	N	N	N	N	N	N	N	N	N	N	N	N	565.0143	9.6570	17335.1673	29.9029	26.6863	inf	5731.8846	18256.4492	1.6515	0.0441	10.3420	0.3459	0.3322	0.4539	1.8401	0.0000	11.3389	0.0029	0.0046	0.0006	0.0116	0.0124	0.0000	0.0003	0.0000	0.0006	43.4011	0.0922	0.4410	-0.0011	15.2033	7.9116	21.2065	21.1247	1.0274	0.0231	1.0042	0.0272	0.0231	0.0040	1.0002	0.0000	1.0002	0.0021	0.0020	0.0002	0.0020	0.0020	0.0000	0.0002	0.0000	0.0002	0.6221	0.5250	0.0971	0.0786	0.0697	0.0089	0.5435	0.4553	0.0882	0.7305	0.4283	0.3022	0.1690	0.1571	0.0119	0.5615	0.2713	0.2902	565.0143	9.6570	17335.1673	29.9029	26.6863	inf	5731.8846	0.0000	18256.4492	0.0029	0.0046	0.0006	0.0116	0.0124	0.0000	0.0003	0.0000	0.0006	
1	83	0.0661	10	1	1	1	1	0	0	0	0	N	N	N	N	N	N	N	N	N	N	N	N	0.0000	0.0000	0.0000	0.0000	0.0000	0.0000	0.0000	0.0000	0.0000	0.0000	0.0000	0.0000	0.0000	13.2744	20.6843	0.0000	42.5422	44.8206	0.0000	0.0000	0.0000	0.0000	0.0000	0.0000	-0.5108	15.2033	0.0000	21.2065	1.8333	0.0000	0.0000	0.0000	0.0000	0.0000	0.0000	0.0000	0.0000	0.0000	0.8310	0.8310	0.0000	0.8310	0.8310	0.0000	0.0000	0.0000	0.0000	0.0000	0.0000	0.0000	0.0000	0.0000	0.0000	0.0000	0.0000	0.0000	0.0632	0.0402	0.0230	0.0195	0.0185	0.0010	0.0436	0.0216	0.0220	0.0000	0.0000	0.0000	0.0000	0.0000	0.0000	0.0000	0.0000	0.0000	13.1548	20.6843	0.0000	42.5422	44.8206	0.0000	0.0000	0.0000	0.0000						
1	84	0.0482	9	1	1	1	1	0	0	0	0	N	N	N	N	N	N	N	N	N	N	N	N	1.4468	2618.2066	0.0000	781.7111	1040.2562	0.0000	1.0631	inf	0.0000	2.0802	2.4667	0.0000	2.0940	2.3705	0.0000	2.0780	2.4827	0.0001	1.4377	0.0009	3.5948	0.0027	0.0023	0.0086	1.9547	0.0000	3.7510	0.0000	2541.5039	-0.6347	0.3194	15.2033	6.9552	21.2065	13.1226	1.1579	1.1579	0.0000	0.1587	0.1587	0.0000	0.9992	0.9992	0.0000	0.8299	0.0003	0.8296	0.0004	0.0003	0.0001	0.8295	0.0000	0.8295	0.5566	0.4694	0.0872	0.0758	0.0669	0.0088	0.4808	0.4025	0.0784	0.5773	0.3465	0.2308	0.1529	0.1432	0.0096	0.4244	0.2032	0.2211	1.4468	2618.2066	0.0000	781.7111	1040.2562	0.0000	1.0631	inf	0.0000	1.4377	0.0009	3.5948	0.0027	0.0023	0.0086	1.9547	0.0000	3.7510
1	85	0.0452	8	0	1	1	1	0	0	0	0	N	N	N	N	N	N	N	N	N	N	N	N	100.5105	498.6692	116.1549	739.1724	841.9307	193.3849	61.2756	28.3165	154.0180	2.1318	1.2599	5.4671	2.8516	3.1980	1.1797	1.7096	0.0400	7.3592	0.0212	0.0025	0.0471	0.0039	0.0038	0.0061	0.0279	0.0014	0.0478	1.1343	13.4601	-0.0019	0.0015	15.2033	0.3374	21.2065	6.1146	0.1164	0.0545	0.0619	0.0576	0.0535	0.0041	0.0588	0.0011	0.0578	0.0048	0.0003	0.0045	0.0002	0.0002	0.0000	0.0046	0.0001	0.0045	0.0546	0.0433	0.0113	0.0202	0.0167	0.0035	0.0344	0.0266	0.0079	0.2282	0.1325	0.0957	0.0635	0.0619	0.0016	0.1647	0.0706	0.0941	100.5105	498.6692	116.1549	739.1724	841.9307	193.3849	61.2756	28.3165	154.0180	0.0212	0.0025	0.0471	0.0039	0.0038	0.0061	0.0279	0.0014	0.0478
1	86	0.0452	8	0	1	1	1	0	0	0	0	N	N	N	N	N	N	N	N	N	N	N	N	266.7012	5990.9780	44.9286	3178.8249	3700.8878	3.6676	208.2538	inf	45.7338	1.3248	1.4790	0.4874	2.8148	3.0787	0.0063	1.2151	1.3507	0.5064	0.0050	0.0002	0.0108	0.0009	0.0008	0.0017	0.0058	0.0000	0.0111	0.0607	35.2694	-0.5206	0.0010	15.2033	11.0342	21.2065	12.7513	1.0604	0.9998	0.0607	0.1545	0.1545	0.0000	0.9059	0.8453	0.0606	0.0027	0.0001	0.0027	0.0001	0.0001	0.0000	0.0026	0.0000	0.0026	0.8004	0.6760	0.1245	0.0549	0.0502	0.0047	0.7456	0.6258	0.1198	0.5486	0.3044	0.2443	0.0961	0.0903	0.0058	0.4525	0.2140	0.2384	266.7012	5990.9780	44.9286	3178.8249	3700.8878	3.6676	208.2538	inf	45.7338	0.0050	0.0002	0.0108	0.0009	0.0008	0.0017	0.0058	0.0000	0.0111
1	87	0.0375	7	0	1	1	1	0	0	0	0	N	N	N	N	N	N	N	N	N	N	N	N	0.8104	0.5869	2.4344	3.1050	2.9778	4.0087	0.7022	10.5162	2.3896	3.2373	0.0206	20.8531	0.3364	0.3497	0.0225	3.3793	0.0022	21.1136	3.9947	0.0351	8.5661	0.1083	0.1174	0.0056	4.8125	0.0002	8.8357	184.5954	211.1120	0.4157	0.3808	15.2033	3.9739	21.2065	6.2820	0.9313	0.0050	0.9262	0.0045	0.0045	0.0000	0.9267	0.0005	0.9262	1.0006	0.0047	0.9959	0.0047	0.0047	0.0000	0.9959	0.0000	0.9959	0.2877	0.2432	0.0444	0.0134	0.0129	0.0005	0.2742	0.2304	0.0439	0.2505	0.1342	0.1163	0.0435	0.0400	0.0036	0.2069	0.0942	0.1127	0.8104	0.5869	2.4344	3.1050	2.9778	4.0087	0.7022	10.5162	2.3896	3.9947	0.0351	8.5661	0.1083	0.1174	0.0056	4.8125	0.0002	8.8357
1	88	0.0325	6	0	1	1	1	0	0	0	0	N	N	N	N	N	N	N	N	N	N	N	N	149.8831	0.8610	908.1929	19.1059	19.2239	148.3041	0.0000	904.0771	6.6810	0.0365	42.9631	0.6786	0.7081	0.0000	6.9667	0.0000	43.4943	0.0446	0.0424	0.0473	0.0355	0.0368	0.0000	0.0470	0.0455	0.0481	215.7543	0.9068	0.0012	-0.0010	15.2033	0.0056	21.2065	5.7021	0.0028	0.0000	0.0027	0.0000	0.0000	0.0000	0.0027	0.0000	0.0027	0.0073	0.0038	0.0035	0.0012	0.0012	0.0000	0.0061	0.0026	0.0035	0.0004	0.0003	0.0001	0.0000	0.0000	0.0000	0.0004	0.0003	0.0001	0.1638	0.0904	0.0734	0.0343	0.0331	0.0012	0.1295	0.0573	0.0722	149.8831	0.8610	908.1929	19.1059	19.2239	0.0000	148.3041	0.0000	904.0771	0.0446	0.0424	0.0473	0.0355	0.0368	0.0000	0.0470	0.0455	0.0481	
1	92	0.1209	10	0	0	1	1	0	0	0	0	N	N	N	N	N	N	N	N	N	N	N	N	0.6300	1.7722	0.9029	0.9964	0.5575	5.2694	0.5067	2.2634	0.8057	0.6076	0.3742	2.1112	0.2682	0.1309	2.8688	0.6760	0.4291	2.0606	0.9645	0.2111	2.3382	0.2692	0.2347	0.5444	1.3340	0.1896	2.5576	0.8758	6.0729	-0.0961	0.3455	15.2033	24.8682	21.2065	39.8855	1.1827	0.6305	0.5522	0.0876	0.0406	0.0470	1.0951	0.5899	0.5052	1.4166	0.2003	1.2164	0.1372	0.1063	0.0309	1.2794	0.0939	1.1855	1.9466	1.6850	0.2616	0.3265	0.3101	0.0164	1.6201	1.3749	0.2452	1.4689	0.9486	0.5202	0.5097	0.4530	0.0567	0.9591	0.4956	0.4635	0.6300	1.7722	0.9029	0.9964	0.5575	5.2694	0.5067	2.2634	0.8057	0.9645	0.2111	2.3382	0.2692	0.2347	0.5444	1.3340	0.1896	2.5576
2	3	0.0185	5	0	0	0	1	0	0	0	0	N	N	N	N	N	N	N	N	N	N	N	N	0.0000	0.0000	0.0000	0.0000	0.0000	0.0000	0.0000	0.0000	0.0000	0.0000	0.0000	0.0000	0.0000	0.0000	0.0000	0.0000	0.0000	0.0000	0.0000	0.0000	1.0132	1.6908	0.3440	6.8645	0.0000	0.0000	0.0000	0.0000	0.0000	0.0000	0.0000	0.0000	0.0000	0.0000	0.0000	0.0000	0.0000	0.0000	0.0000	0.0000	0.0000	0.0000	0.0161	0.0142	0.0020	0.0047	0.0047	0.0001	0.0114	0.0095	0.0019	0.0114	0.0062	0.0052	0.0031	0.0030	0.0001	0.0084	0.0032	0.0051	0.0000	0.0000	0.0000	0.0000	0.0000	0.0000	0.0000	0.0000	0.0000	0.0000	0.0000	0.0000	0.0000	0.0000	0.0000	0.0000	0.0000	0.0000											
2	4	0.0813	10	1	0	1	0	0	0	0	0	N	N	N	N	N	N	N	N	N	N	N	N	5238.4420	2339.1077	35922.8102	4092.0592	3843.6322	0.0000	9087.1963	35724.1869	4.4910	2.5259	20.2321	8.0167	8.0811	0.0000	3.1192	0.0000	20.6474	0.0009	0.0011	0.0006	0.0020	0.0021	0.0003	0.0003	0.0000	0.0006	1.0000	0.3946	-0.0021	-0.0000	1.0132	1.0033	0.3440	4.2117	0.0436	0.0218	0.0218	0.0218	0.0218	0.0000	0.0218	0.0000	0.0218	0.0000	0.0000	0.0000	0.0000	0.0000	0.0000	0.0000	0.0000	0.0000	0.0097	0.0086	0.0011	0.0027	0.0027	0.0000	0.0070	0.0059	0.0011	0.0061	0.0035	0.0026	0.0020	0.0018	0.0002	0.0042	0.0017	0.0025	5238.4420	2339.1077	35922.8102	4092.0592	3843.6322	0.0000	9087.1963	0.0000	35724.1869	0.0009	0.0011	0.0006	0.0020	0.0021	0.0003	0.0003	0.0000	0.0006	
2	5	0.0146	5	0	1	0	0	0	0	0	0	N	N	N	N	N	N	N	N	N	N	N	N	21.0391	13.0054	91.3124	24.8620	24.2200	inf	19.5346	inf	90.0091	0.0072	0.0040	0.0347	0.0136	0.0136	0.0195	0.0049	0.0000	0.0349	0.0003	0.0003	0.0004	0.0005	0.0006	0.0000	0.0002	0.0000	0.0004	0.9867	1.0000	-0.0000	-0.0000	1.0132	10.6531	0.3440	11.0503	0.0007	0.0004	0.0004	0.0004	0.0004	0.0000	0.0004	0.0000	0.0004	0.0000	0.0000	0.0000	0.0000	0.0000	0.0000	0.0000	0.0000	0.0000	0.0993	0.0891	0.0102	0.0265	0.0265	0.0001	0.0728	0.0626	0.0101	0.0355	0.0196	0.0159	0.0111	0.0108	0.0003	0.0244	0.0087	0.0157	21.0391	13.0054	91.3124	24.8620	24.2200	inf	19.5346	inf	90.0091	0.0003	0.0003	0.0004	0.0005	0.0006	0.0000	0.0002	0.0000	0.0004
2	6	0.0233	6	0	0	1	1	0	0	0	0	N	N	N	N	N	N	N	N	N	N	N	N	0.0000	0.0000	0.0000	0.0000	0.0000	0.0000	0.0000	0.0000	0.0000	0.0000	0.0000	0.0000	0.0000	0.0000	0.0000	0.0000	0.0000	0.0000	0.0000	0.0000	1.0132	0.0000	0.3440	0.7909	0.0000	0.0000	0.0000	0.0000	0.0000	0.0000	0.0000	0.0000	0.0000	0.0000	0.0000	0.0000	0.0000	0.0000	0.0000	0.0000	0.0000	0.0000	0.0000	0.0000	0.0000	0.0000	0.0000	0.0000	0.0000	0.0000	0.0000	0.0011	0.0006	0.0005	0.0003	0.0003	0.0000	0.0008	0.0003	0.0005	0.0000	0.0000	0.0000	0.0000	0.0000	0.0000	0.0000	0.0000	0.0000	0.0000	0.0000	0.0000	0.0000	0.0000	0.0000	0.0000	0.0000	0.0000											
2	7	0.0550	7	1	1	0	0	0	0	0	0	N	N	N	N	N	N	N	N	N	N	N	N	1.0507	1.3256	0.0000	1.0413	0.9655	1.0544	inf	0.0000	0.0003	0.0003	0.0000	0.0005	0.0005	0.0000	0.0002	0.0002	0.0000	0.0003	0.0002	0.0003	0.0005	0.0005	0.0000	0.0002	0.0000	0.0003	0.0000	1.0000	-0.0000	-0.0000	1.0132	3.0003	0.3440	13.2183	0.0000	0.0000	0.0000	0.0000	0.0000	0.0000	0.0000	0.0000	0.0000	0.0000	0.0000	0.0000	0.0000	0.0000	0.0000	0.0000	0.0000	0.0000	0.0282	0.0252	0.0030	0.0078	0.0078	0.0001	0.0203	0.0175	0.0029	0.0179	0.0101	0.0078	0.0049	0.0045	0.0004	0.0130	0.0056	0.0074	1.0507	1.3256	0.0000	1.0413	0.9655	0.0000	1.0544	inf	0.0000	0.0003	0.0002	0.0003	0.0005	0.0005	0.0000	0.0002	0.0000	0.0003	
2	8	0.0759	9	1	0	1	0	0	0	0	0	N	N	N	N	N	N	N	N	N	N	N	N	0.3803	0.1728	2.6043	0.3108	0.2849	0.6060	2.4813	0.0001	0.0000	0.0003	0.0001	0.0001	0.0000	0.0000	0.0000	0.0003	0.0002	0.0002	0.0001	0.0004	0.0004	0.0000	0.0001	0.0000	0.0001	1.0000	0.4202	-0.0000	-0.0000	1.0132	1.0034	0.3440	8.6617	0.0000	0.0000	0.0000	0.0000	0.0000	0.0000	0.0000	0.0000	0.0000	0.0000	0.0000	0.0000	0.0000	0.0000	0.0000	0.0000	0.0000	0.0000	0.0095	0.0085	0.0010	0.0026	0.0026	0.0000	0.0069	0.0059	0.0010	0.0109	0.0062	0.0047	0.0035	0.0031	0.0003	0.0074	0.0031	0.0043	0.3803	0.1728	2.6043	0.3108	0.2849	0.0000	0.6060	0.0000	2.4813	0.0002	0.0002	0.0001	0.0004	0.0004	0.0000	0.0001	0.0000	0.0001		
2	9	0.0142	5	0	0	1	0	0	0	0	0	N	N	N	N	N	N	N	N	N	N	N	N	4424.8424	2223.5291	20319.5201	3362.5787	3321.0198	4684.0851	5409.0899	inf	20596.2527	0.5046	0.2299	2.5835	0.7222	0.7297	0.0478	0.4194	0.0000	2.6530	0.0001	0.0001	0.0001	0.0002	0.0002	0.0000	0.0001	0.0000	0.0001	1.4849	0.9985	0.0017	-0.0000	1.0132	7.0042	0.3440	16.5712	0.0339	0.0137	0.0203	0.0137	0.0137	0.0000	0.0203	0.0000	0.0203	0.0000	0.0000	0.0000	0.0000	0.0000	0.0000	0.0000	0.0000	0.0000	0.0673	0.0594	0.0079	0.0189	0.0187	0.0002	0.0483	0.0407	0.0076	0.0337	0.0186	0.0151	0.0090	0.0087	0.0002	0.0247	0.0098	0.0149	4424.8424	2223.5291	20319.5201	3362.5787	3321.0198	4684.0851	5409.0899	inf	20596.2527	0.0001	0.0001	0.0001	0.0002	0.0002	0.0000	0.0001	0.0000	0.0001
2	10	0.0485	7	1	1	0	0	0	0	0	0	N	N	N	N	N	N	N	N	N	N	N	N	247.2249	339.2475	0.0000	340.6803	318.2937	208.3239	inf	0.0000	0.0052	0.0058	0.0000	0.0089	0.0090	0.0000	0.0036	0.0042	0.0000	0.0000	0.0000	0.0000	0.0000	0.0000	0.0000	0.0000	0.0000	0.0000	0.0000	1.0000	-0.0001	-0.0000	1.0132	2.0043	0.3440	5.1253	0.0001	0.0001	0.0000	0.0001	0.0001	0.0000	0.0001	0.0001	0.0000	0.0000	0.0000	0.0000	0.0000	0.0000	0.0000	0.0000	0.0000	0.0000	0.0199	0.0178	0.0021	0.0058	0.0057	0.0001	0.0141	0.0121	0.0020	0.0121	0.0074	0.0047	0.0048	0.0044	0.0004	0.0072	0.0030	0.0043	247.2249	339.2475	0.0000	340.6803	318.2937	0.0000	208.3239	inf	0.0000	0.0000	0.0000	0.0000	0.0000	0.0000	0.0000	0.0000	0.0000	0.0000	
2	11	0.0641	11	0	1	0	0	0	0	0	0	N	N	N	N	N	N	N	N	N	N	N	N	0.0000	0.0000	0.0000	0.0000	0.0000	0.0000	0.0000	0.0000	0.0000	0.0000	0.0000	0.0000	0.0000	0.0000	0.0000	0.0000	0.0062	0.0050	0.0081	0.0094	0.0106	0.0000	0.0046	0.0000	0.0090	1.0000	0.0000	-0.0000	1.0132	3.0002	0.3440	13.3035	0.0000	0.0000	0.0000	0.0000	0.0000	0.0000	0.0000	0.0000	0.0000	0.0001	0.0001	0.0001	0.0001	0.0001	0.0000	0.0001	0.0000	0.0001	0.0302	0.0271	0.0031	0.0089	0.0088	0.0001	0.0213	0.0183	0.0030	0.0175	0.0109	0.0066	0.0058	0.0051	0.0006	0.0118	0.0058	0.0060	0.0000	0.0000	0.0000	0.0000	0.0000	0.0000	0.0000	0.0000	0.0000	0.0062	0.0050	0.0081	0.0094	0.0106	0.0000	0.0046	0.0000	0.0090			
2	12	0.0233	6	0	1	0	1	0	0	0	0	N	N	N	N	N	N	N	N	N	N	N	N	0.0000	0.0000	0.0000	0.0000	0.0000	0.0000	0.0000	0.0000	0.0000	0.0000	0.0000	0.0000	0.0000	0.0000	0.0000	0.0000	0.0000	0.0000	0.0000	0.0000	1.0132	1.0000	0.3440	2.2091	0.0000	0.0000	0.0000	0.0000	0.0000	0.0000	0.0000	0.0000	0.0000	0.0000	0.0000	0.0000	0.0000	0.0000	0.0000	0.0000	0.0000	0.0000	0.0108	0.0095	0.0014	0.0032	0.0032	0.0000	0.0076	0.0063	0.0014	0.0037	0.0021	0.0016	0.0009	0.0008	0.0000	0.0028	0.0013	0.0016	0.0000	0.0000	0.0000	0.0000	0.0000	0.0000	0.0000	0.0000	0.0000	0.0000	0.0000	0.0000	0.0000	0.0000	0.0000	0.0000	0.0000	0.0000											
2	13	0.0220	5	0	0	0	1	0	0	0	0	N	N	N	N	N	N	N	N	N	N	N	N	0.0000	0.0000	0.0000	0.0000	0.0000	0.0000	0.0000	0.0000	0.0000	0.0000	0.0000	0.0000	0.0000	0.0000	0.0000	0.0000	0.0004	0.0004	0.0005	0.0010	0.0011	0.0000	0.0003	0.0000	0.0005	1.0000	0.0000	-0.0000	1.0132	1.0009	0.3440	1.2082	0.0000	0.0000	0.0000	0.0000	0.0000	0.0000	0.0000	0.0000	0.0000	0.0000	0.0000	0.0000	0.0000	0.0000	0.0000	0.0000	0.0000	0.0000	0.0109	0.0095	0.0014	0.0032	0.0032	0.0000	0.0076	0.0063	0.0014	0.0024	0.0013	0.0011	0.0005	0.0005	0.0000	0.0019	0.0008	0.0010	0.0000	0.0000	0.0000	0.0000	0.0000	0.0000	0.0000	0.0000	0.0000	0.0004	0.0004	0.0005	0.0010	0.0011	0.0000	0.0003	0.0000	0.0005			
2	14	0.0588	9	0	1	0	0	0	0	0	0	N	N	N	N	N	N	N	N	N	N	N	N	0.0000	0.0000	0.0000	0.0000	0.0000	0.0000	0.0000	0.0000	0.0000	0.0000	0.0000	0.0000	0.0000	0.0000	0.0000	0.0000	0.0017	0.0015	0.0019	0.0028	0.0032	0.0000	0.0012	0.0000	0.0020	1.0000	0.0000	-0.0000	1.0132	3.0000	0.3440	13.0223	0.0000	0.0000	0.0000	0.0000	0.0000	0.0000	0.0000	0.0000	0.0000	0.0000	0.0000	0.0000	0.0000	0.0000	0.0000	0.0000	0.0000	0.0000	0.0282	0.0252	0.0030	0.0078	0.0078	0.0001	0.0203	0.0174	0.0029	0.0168	0.0092	0.0076	0.0051	0.0045	0.0006	0.0117	0.0048	0.0070	0.0000	0.0000	0.0000	0.0000	0.0000	0.0000	0.0000	0.0000	0.0000	0.0017	0.0015	0.0019	0.0028	0.0032	0.0000	0.0012	0.0000	0.0020			
2	15	0.0220	5	0	0	0	1	0	0	0	0	N	N	N	N	N	N	N	N	N	N	N	N	0.0000	0.0000	0.0000	0.0000	0.0000	0.0000	0.0000	0.0000	0.0000	0.0000	0.0000	0.0000	0.0000	0.0000	0.0000	0.0000	0.0009	0.0009	0.0011	0.0022	0.0024	0.0000	0.0006	0.0000	0.0011	1.0000	0.0000	-0.0000	1.0132	0.9991	0.3440	0.0040	0.0000	0.0000	0.0000	0.0000	0.0000	0.0000	0.0000	0.0000	0.0000	0.0000	0.0000	0.0000	0.0000	0.0000	0.0000	0.0000	0.0000	0.0000	0.0108	0.0095	0.0014	0.0032	0.0032	0.0000	0.0076	0.0063	0.0014	0.0011	0.0006	0.0005	0.0002	0.0002	0.0000	0.0009	0.0004	0.0005	0.0000	0.0000	0.0000	0.0000	0.0000	0.0000	0.0000	0.0000	0.0000	0.0009	0.0009	0.0011	0.0022	0.0024	0.0000	0.0006	0.0000	0.0011			
2	16	0.0090	4	0	0	0	1	0	0	0	0	N	N	N	N	N	N	N	N	N	N	N	N	0.0098	0.0063	0.0338	0.0064	0.0062	119.0470	0.0110	0.0332	0.0020	0.0011	0.0077	0.0033	0.0032	0.0161	0.0014	0.0000	0.0076	0.2008	0.1801	0.2269	0.5185	0.5233	0.0001	0.1245	0.0000	0.2278	0.9896	1.0000	-0.0000	-0.0007	1.0132	5.0907	0.3440	19.6153	0.0001	0.0001	0.0001	0.0001	0.0001	0.0000	0.0001	0.0000	0.0001	0.0062	0.0031	0.0031	0.0031	0.0031	0.0000	0.0031	0.0000	0.0031	0.0577	0.0503	0.0073	0.0176	0.0175	0.0001	0.0400	0.0328	0.0073	0.0309	0.0172	0.0137	0.0060	0.0059	0.0001	0.0249	0.0113	0.0136	0.0098	0.0063	0.0338	0.0064	0.0062	119.0470	0.0110	0.0000	0.0332	0.2008	0.1801	0.2269	0.5185	0.5233	0.0001	0.1245	0.0000	0.2278	
2	17	0.0786	8	1	0	1	0	0	0	0	0	N	N	N	N	N	N	N	N	N	N	N	N	0.0000	0.0000	0.0000	0.0000	0.0000	0.0000	0.0000	0.0000	0.0000	0.0000	0.0000	0.0000	0.0000	0.0000	0.0000	0.0000	0.0002	0.0002	0.0003	0.0004	0.0005	0.0000	0.0002	0.0000	0.0003	1.0000	0.0000	-0.0000	1.0132	1.0000	0.3440	1.0003	0.0000	0.0000	0.0000	0.0000	0.0000	0.0000	0.0000	0.0000	0.0000	0.0000	0.0000	0.0000	0.0000	0.0000	0.0000	0.0000	0.0000	0.0000	0.0101	0.0090	0.0010	0.0031	0.0030	0.0000	0.0070	0.0060	0.0010	0.0017	0.0010	0.0007	0.0004	0.0004	0.0001	0.0013	0.0006	0.0007	0.0000	0.0000	0.0000	0.0000	0.0000	0.0000	0.0000	0.0000	0.0000	0.0002	0.0002	0.0003	0.0004	0.0005	0.0000	0.0002	0.0000	0.0003			
2	18	0.0249	6	0	1	0	0	0	0	0	0	N	N	N	N	N	N	N	N	N	N	N	N	0.0000	0.0000	0.0000	0.0000	0.0000	0.0000	0.0000	0.0000	0.0000	0.0000	0.0000	0.0000	0.0000	0.0000	0.0000	0.0000	0.0105	0.0079	0.0155	0.0132	0.0136	0.0000	0.0087	0.0000	0.0161	1.0000	0.0000	-0.0000	1.0132	0.0005	0.3440	9.9413	0.0000	0.0000	0.0000	0.0000	0.0000	0.0000	0.0000	0.0000	0.0000	0.0003	0.0001	0.0001	0.0001	0.0001	0.0000	0.0001	0.0000	0.0001	0.0033	0.0030	0.0003	0.0032	0.0029	0.0003	0.0001	0.0001	0.0000	0.0262	0.0173	0.0088	0.0104	0.0101	0.0003	0.0158	0.0073	0.0086	0.0000	0.0000	0.0000	0.0000	0.0000	0.0000	0.0000	0.0000	0.0000	0.0105	0.0079	0.0155	0.0132	0.0136	0.0000	0.0087	0.0000	0.0161			
2	19	0.0485	7	1	1	0	0	0	0	0	0	N	N	N	N	N	N	N	N	N	N	N	N	1.6731	2.0559	0.5338	1.9999	1.7646	192.0790	1.4947	inf	0.1673	0.0025	0.0026	0.0009	0.0046	0.0044	0.0184	0.0016	0.0018	0.0003	0.0015	0.0013	0.0017	0.0023	0.0025	0.0001	0.0011	0.0000	0.0018	0.0408	1.0000	-0.0001	-0.0000	1.0132	4.7901	0.3440	15.0000	0.0001	0.0001	0.0000	0.0001	0.0001	0.0000	0.0001	0.0001	0.0000	0.0000	0.0000	0.0000	0.0000	0.0000	0.0000	0.0000	0.0000	0.0000	0.0457	0.0409	0.0048	0.0130	0.0128	0.0002	0.0327	0.0281	0.0046	0.0241	0.0138	0.0103	0.0077	0.0071	0.0007	0.0163	0.0067	0.0096	1.6731	2.0559	0.5338	1.9999	1.7646	192.0790	1.4947	inf	0.1673	0.0015	0.0013	0.0017	0.0023	0.0025	0.0001	0.0011	0.0000	0.0018
2	20	0.0455	6	1	1	0	0	0	0	0	0	N	N	N	N	N	N	N	N	N	N	N	N	1107.7513	1356.1701	0.6332	1183.3681	1119.3378	inf	1079.2249	45204.5194	0.6117	2.1595	2.4137	0.0014	3.9410	3.9754	0.0009	1.4872	1.7329	0.0014	0.0019	0.0018	0.0022	0.0033	0.0036	0.0000	0.0014	0.0000	0.0023	0.0001	0.9783	-0.0138	-0.0000	1.0132	1.2170	0.3440	3.4655	0.0252	0.0252	0.0000	0.0126	0.0126	0.0000	0.0126	0.0126	0.0000	0.0000	0.0000	0.0000	0.0000	0.0000	0.0000	0.0000	0.0000	0.0000	0.0117	0.0104	0.0012	0.0032	0.0032	0.0000	0.0085	0.0073	0.0012	0.0059	0.0033	0.0026	0.0017	0.0016	0.0001	0.0042	0.0017	0.0025	1107.7513	1356.1701	0.6332	1183.3681	1119.3378	inf	1079.2249	45204.5194	0.6117	0.0019	0.0018	0.0022	0.0033	0.0036	0.0000	0.0014	0.0000	0.0023
2	21	0.0588	8	0	1	0	0	0	0	0	0	N	N	N	N	N	N	N	N	N	N	N	N	0.0000	0.0000	0.0000	0.0000	0.0000	0.0000	0.0000	0.0000	0.0000	0.0000	0.0000	0.0000	0.0000	0.0000	0.0000	0.0000	0.0019	0.0017	0.0021	0.0032	0.0036	0.0000	0.0014	0.0000	0.0023	1.0000	0.0000	-0.0000	1.0132	2.0000	0.3440	11.9921	0.0000	0.0000	0.0000	0.0000	0.0000	0.0000	0.0000	0.0000	0.0000	0.0000	0.0000	0.0000	0.0000	0.0000	0.0000	0.0000	0.0000	0.0000	0.0188	0.0169	0.0020	0.0052	0.0052	0.0000	0.0136	0.0117	0.0019	0.0148	0.0081	0.0067	0.0045	0.0040	0.0005	0.0103	0.0042	0.0061	0.0000	0.0000	0.0000	0.0000	0.0000	0.0000	0.0000	0.0000	0.0000	0.0019	0.0017	0.0021	0.0032	0.0036	0.0000	0.0014	0.0000	0.0023			
2	22	0.0455	6	0	1	0	0	0	0	0	0	N	N	N	N	N	N	N	N	N	N	N	N	1.1385	0.6861	4.9759	1.2777	1.0055	inf	0.9531	3.9865	0.0026	0.0014	0.0122	0.0056	0.0048	0.1107	0.0015	0.0000	0.0102	0.0023	0.0021	0.0025	0.0044	0.0047	0.0000	0.0015	0.0000	0.0026	1.0000	1.0000	-0.0000	-0.0000	1.0132	2.9966	0.3440	14.0927	0.0001	0.0000	0.0000	0.0000	0.0000	0.0000	0.0000	0.0000	0.0000	0.0000	0.0000	0.0000	0.0000	0.0000	0.0000	0.0000	0.0000	0.0000	0.0283	0.0254	0.0030	0.0077	0.0076	0.0001	0.0206	0.0177	0.0029	0.0181	0.0098	0.0083	0.0047	0.0043	0.0004	0.0134	0.0054	0.0080	1.1385	0.6861	4.9759	1.2777	1.0055	inf	0.9531	0.0000	3.9865	0.0023	0.0021	0.0025	0.0044	0.0047	0.0000	0.0015	0.0000	0.0026	
2	23	0.0185	5	0	1	1	1	0	0	0	0	N	N	N	N	N	N	N	N	N	N	N	N	0.0000	0.0000	0.0000	0.0000	0.0000	0.0000	0.0000	0.0000	0.0000	0.0000	0.0000	0.0000	0.0000	0.0000	0.0000	0.0000	0.0000	0.0000	0.0000	0.0000	1.0132	0.3092	0.3440	0.1355	0.0000	0.0000	0.0000	0.0000	0.0000	0.0000	0.0000	0.0000	0.0000	0.0000	0.0000	0.0000	0.0000	0.0000	0.0000	0.0000	0.0000	0.0000	0.0037	0.0032	0.0005	0.0013	0.0012	0.0000	0.0025	0.0020	0.0005	0.0009	0.0005	0.0003	0.0003	0.0003	0.0000	0.0006	0.0002	0.0003	0.0000	0.0000	0.0000	0.0000	0.0000	0.0000	0.0000	0.0000	0.0000	0.0000	0.0000	0.0000	0.0000	0.0000	0.0000	0.0000	0.0000	0.0000											
2	24	0.0079	4	0	0	0	1	0	0	0	0	N	N	N	N	N	N	N	N	N	N	N	N	32.4540	28.1125	38.4406	18.0058	17.8218	45.3589	38.2405	1.9159	1.5773	2.3945	2.0486	2.0502	0.0000	1.8068	0.0000	2.3964	0.0590	0.0561	0.0623	0.1138	0.1150	0.0000	0.0398	0.0000	0.0627	1.0741	0.9983	-0.0144	-0.0002	1.0132	6.2779	0.3440	13.9173	0.4765	0.2298	0.2468	0.2298	0.2298	0.0000	0.2468	0.0000	0.2468	0.0017	0.0009	0.0009	0.0009	0.0009	0.0000	0.0009	0.0000	0.0009	0.2487	0.1457	0.1031	0.1121	0.1121	0.0001	0.1366	0.0336	0.1030	0.0293	0.0154	0.0139	0.0076	0.0075	0.0001	0.0217	0.0079	0.0138	32.4540	28.1125	38.4406	18.0058	17.8218	0.0000	45.3589	0.0000	38.2405	0.0590	0.0561	0.0623	0.1138	0.1150	0.0000	0.0398	0.0000	0.0627		
2	25	0.0211	7	0	1	0	0	0	0	0	0	N	N	N	N	N	N	N	N	N	N	N	N	0.0002	0.0001	0.0006	0.0003	0.0002	4069.8854	0.0001	0.0005	0.0017	0.0010	0.0072	0.0038	0.0033	0.1058	0.0009	0.0000	0.0061	9.4596	8.4641	12.1321	14.1087	14.4771	0.0000	7.1181	0.0000	11.3401	0.9832	1.0018	-0.0000	-0.0361	1.0132	3.8932	0.3440	15.3303	0.0001	0.0000	0.0000	0.0000	0.0000	0.0000	0.0000	0.0000	0.0000	0.3161	0.1579	0.1582	0.1579	0.1579	0.0000	0.1582	0.0000	0.1582	0.0366	0.0324	0.0042	0.0094	0.0093	0.0000	0.0272	0.0231	0.0042	0.0334	0.0187	0.0148	0.0112	0.0109	0.0003	0.0222	0.0077	0.0145	0.0002	0.0001	0.0007	0.0003	0.0002	4069.8854	0.0001	0.0000	0.0006	9.4596	8.4641	10.7178	14.1087	14.4771	0.0000	7.1181	0.0000	10.9287	
2	26	0.0027	3	0	1	0	1	0	0	0	0	N	N	N	N	N	N	N	N	N	N	N	N	0.5058	0.4476	0.5832	0.5168	0.5167	inf	0.4962	inf	0.5831	0.4067	0.3571	0.4726	0.4430	0.4432	0.0517	0.3757	0.0000	0.4728	0.8040	0.7978	0.8103	0.8572	0.8578	0.0000	0.7571	0.0000	0.8108	0.9947	1.0018	-0.0048	-0.0154	1.0132	4.2937	0.3440	9.5692	0.0973	0.0488	0.0485	0.0488	0.0488	0.0000	0.0485	0.0000	0.0485	0.1348	0.0673	0.0674	0.0673	0.0673	0.0000	0.0674	0.0000	0.0674	0.2393	0.1366	0.1027	0.1101	0.1101	0.0001	0.1292	0.0265	0.1026	0.1676	0.0844	0.0832	0.0785	0.0785	0.0001	0.0891	0.0059	0.0832	0.5058	0.4476	0.5832	0.5168	0.5167	inf	0.4962	inf	0.5831	0.8040	0.7978	0.8103	0.8572	0.8578	0.0000	0.7571	0.0000	0.8108
2	27	0.0124	5	1	1	0	0	0	0	0	0	N	N	N	N	N	N	N	N	N	N	N	N	5.5728	6.5340	0.0000	6.2632	6.1361	5.3633	inf	0.0000	0.1900	0.2151	0.0000	0.4043	0.4061	0.0000	0.1242	0.1463	0.0000	0.0341	0.0329	0.0354	0.0646	0.0662	0.0000	0.0232	0.0000	0.0359	0.0000	0.9984	-0.0139	-0.0003	1.0132	16.0000	0.3440	34.8566	0.0253	0.0253	0.0000	0.0127	0.0127	0.0000	0.0127	0.0127	0.0000	0.0022	0.0011	0.0011	0.0011	0.0011	0.0000	0.0011	0.0000	0.0011	0.1333	0.1178	0.0155	0.0313	0.0312	0.0001	0.1020	0.0866	0.0154	0.0651	0.0338	0.0314	0.0172	0.0168	0.0004	0.0479	0.0170	0.0309	5.5728	6.5340	0.0000	6.2632	6.1361	0.0000	5.3633	inf	0.0000	0.0341	0.0329	0.0354	0.0646	0.0662	0.0000	0.0232	0.0000	0.0359	
2	28	0.0175	5	0	0	1	0	0	0	0	0	N	N	N	N	N	N	N	N	N	N	N	N	0.0000	0.0000	0.0000	0.0000	0.0000	0.0000	0.0000	0.0000	0.0000	0.0000	0.0000	0.0000	0.0000	0.0000	0.0000	0.0000	0.0000	0.0000	0.0000	0.0000	1.0132	0.0000	0.3440	3.0088	0.0000	0.0000	0.0000	0.0000	0.0000	0.0000	0.0000	0.0000	0.0000	0.0000	0.0000	0.0000	0.0000	0.0000	0.0000	0.0000	0.0000	0.0000	0.0000	0.0000	0.0000	0.0000	0.0000	0.0000	0.0000	0.0000	0.0000	0.0036	0.0019	0.0017	0.0009	0.0008	0.0001	0.0028	0.0011	0.0017	0.0000	0.0000	0.0000	0.0000	0.0000	0.0000	0.0000	0.0000	0.0000	0.0000	0.0000	0.0000	0.0000	0.0000	0.0000	0.0000	0.0000	0.0000											
2	29	0.0052	2	0	1	0	0	0	0	0	0	N	N	N	N	N	N	N	N	N	N	N	N	0.1025	0.0719	0.1801	0.1173	0.1175	inf	0.0935	inf	0.1805	0.2284	0.1596	0.4032	0.3040	0.3045	0.0197	0.1828	0.0000	0.4042	2.2286	2.2188	2.2385	2.5909	2.5912	0.0000	1.9548	0.0000	2.2388	0.9945	0.9982	-0.0010	-0.0295	1.0132	5.0749	0.3440	14.8264	0.0212	0.0106	0.0106	0.0106	0.0106	0.0000	0.0106	0.0000	0.0106	0.2562	0.1282	0.1280	0.1282	0.1282	0.0000	0.1280	0.0000	0.1280	0.0927	0.0665	0.0262	0.0349	0.0348	0.0001	0.0577	0.0316	0.0261	0.1149	0.0578	0.0572	0.0495	0.0495	0.0000	0.0655	0.0083	0.0572	0.1025	0.0719	0.1801	0.1173	0.1175	inf	0.0935	inf	0.1805	2.2286	2.2188	2.2385	2.5909	2.5912	0.0000	1.9548	0.0000	2.2388
2	30	0.0455	6	1	0	1	0	0	0	0	0	N	N	N	N	N	N	N	N	N	N	N	N	241.9667	290.9077	0.0000	228.5673	211.2909	246.9541	inf	0.0000	0.4530	0.5063	0.0000	0.8350	0.8411	0.0000	0.3108	0.3622	0.0000	0.0019	0.0017	0.0020	0.0037	0.0040	0.0000	0.0013	0.0000	0.0021	0.0000	1.0000	-0.0139	-0.0000	1.0132	5.9956	0.3440	15.0927	0.0253	0.0253	0.0000	0.0127	0.0127	0.0000	0.0127	0.0127	0.0000	0.0000	0.0000	0.0000	0.0000	0.0000	0.0000	0.0000	0.0000	0.0000	0.0559	0.0500	0.0059	0.0152	0.0151	0.0001	0.0407	0.0350	0.0058	0.0218	0.0117	0.0101	0.0056	0.0051	0.0005	0.0162	0.0066	0.0096	241.9667	290.9077	0.0000	228.5673	211.2909	0.0000	246.9541	inf	0.0000	0.0019	0.0017	0.0020	0.0037	0.0040	0.0000	0.0013	0.0000	0.0021	
2	31	0.0079	4	0	1	0	0	0	0	0	0	N	N	N	N	N	N	N	N	N	N	N	N	6.1752	6.2383	6.1135	3.7690	3.7372	8.3853	6.0822	0.6239	0.6000	0.6505	0.6508	0.6509	0.0000	0.5984	0.0000	0.6506	0.1010	0.0962	0.1064	0.1727	0.1742	0.0000	0.0714	0.0000	0.1070	0.9726	0.9983	-0.0073	-0.0002	1.0132	1.4218	0.3440	7.0463	0.1318	0.0668	0.0650	0.0668	0.0668	0.0000	0.0650	0.0000	0.0650	0.0016	0.0008	0.0008	0.0008	0.0008	0.0000	0.0008	0.0000	0.0008	0.2112	0.1113	0.0999	0.1027	0.1026	0.0000	0.1086	0.0087	0.0999	0.0154	0.0081	0.0073	0.0045	0.0045	0.0000	0.0109	0.0036	0.0073	6.1752	6.2383	6.1135	3.7690	3.7372	0.0000	8.3853	0.0000	6.0822	0.1010	0.0962	0.1064	0.1727	0.1742	0.0000	0.0714	0.0000	0.1070		
2	32	0.0027	3	0	0	0	0	0	0	0	0	N	N	N	N	N	N	N	N	N	N	N	N	0.7475	0.6573	0.8678	0.7747	0.7746	2443.3582	0.7244	inf	0.8678	0.8351	0.7308	0.9740	0.9078	0.9082	0.0748	0.7731	0.0000	0.9745	1.1171	1.1119	1.1224	1.1719	1.1724	0.0000	1.0672	0.0000	1.1230	1.0000	0.9983	-0.0096	-0.0212	1.0132	4.3312	0.3440	5.5221	0.2001	0.1001	0.1001	0.1001	0.1001	0.0000	0.1001	0.0000	0.1001	0.1845	0.0923	0.0922	0.0923	0.0923	0.0000	0.0922	0.0000	0.0922	0.2396	0.1369	0.1027	0.1102	0.1102	0.0001	0.1294	0.0267	0.1027	0.1651	0.0830	0.0821	0.0788	0.0787	0.0000	0.0864	0.0043	0.0821	0.7475	0.6573	0.8678	0.7747	0.7746	2443.3582	0.7244	inf	0.8678	1.1171	1.1119	1.1224	1.1719	1.1724	0.0000	1.0672	0.0000	1.1230
2	33	0.0003	2	0	0	0	0	0	0	0	0	N	N	N	N	N	N	N	N	N	N	N	N	1.1658	1.0412	1.3253	1.2145	1.2147	inf	1.1241	103.3119	1.3255	1.1640	1.0381	1.3251	1.2661	1.2663	0.0876	1.0768	0.0002	1.3253	0.9984	0.9970	0.9998	1.0425	1.0425	0.0000	0.9580	0.0000	0.9998	0.9969	1.0000	-0.0147	-0.0185	1.0132	4.2685	0.3440	3.7703	0.2996	0.1500	0.1495	0.1500	0.1500	0.0000	0.1495	0.0000	0.1495	0.1613	0.0807	0.0807	0.0807	0.0807	0.0000	0.0807	0.0000	0.0807	0.2574	0.1445	0.1129	0.1185	0.1185	0.0000	0.1389	0.0260	0.1128	0.1616	0.0809	0.0807	0.0774	0.0774	0.0000	0.0842	0.0035	0.0807	1.1658	1.0412	1.3253	1.2145	1.2147	inf	1.1241	103.3119	1.3255	0.9984	0.9970	0.9998	1.0425	1.0425	0.0000	0.9580	0.0000	0.9998
2	34	0.0455	6	1	0	1	0	0	0	0	0	N	N	N	N	N	N	N	N	N	N	N	N	0.1412	0.0849	0.6190	0.2673	0.1236	inf	0.0000	0.0000	0.0003	0.0002	0.0013	0.0010	0.0005	0.0701	0.0000	0.0000	0.0000	0.0020	0.0018	0.0021	0.0038	0.0041	0.0000	0.0013	0.0000	0.0022	1.0000	1.0000	-0.0000	-0.0000	1.0132	4.9966	0.3440	15.0870	0.0000	0.0000	0.0000	0.0000	0.0000	0.0000	0.0000	0.0000	0.0000	0.0000	0.0000	0.0000	0.0000	0.0000	0.0000	0.0000	0.0000	0.0000	0.0468	0.0419	0.0049	0.0127	0.0126	0.0001	0.0341	0.0293	0.0048	0.0209	0.0112	0.0097	0.0054	0.0049	0.0004	0.0155	0.0063	0.0092	0.1412	0.0849	0.6190	0.2673	0.1236	inf	0.0000	0.0000	0.0000	0.0020	0.0018	0.0021	0.0038	0.0041	0.0000	0.0013	0.0000	0.0022	
2	35	0.0175	5	0	1	0	0	0	0	0	0	N	N	N	N	N	N	N	N	N	N	N	N	0.0000	0.0000	0.0000	0.0000	0.0000	0.0000	0.0000	0.0000	0.0000	0.0000	0.0000	0.0000	0.0000	0.0000	0.0000	0.0000	0.0000	0.0000	0.0000	0.0000	1.0132	1.0000	0.3440	1.0102	0.0000	0.0000	0.0000	0.0000	0.0000	0.0000	0.0000	0.0000	0.0000	0.0000	0.0000	0.0000	0.0000	0.0000	0.0000	0.0000	0.0000	0.0000	0.0060	0.0053	0.0008	0.0010	0.0010	0.0000	0.0050	0.0042	0.0008	0.0025	0.0013	0.0012	0.0006	0.0005	0.0000	0.0019	0.0008	0.0011	0.0000	0.0000	0.0000	0.0000	0.0000	0.0000	0.0000	0.0000	0.0000	0.0000	0.0000	0.0000	0.0000	0.0000	0.0000	0.0000	0.0000	0.0000											
2	36	0.0175	4	0	0	0	0	0	0	0	0	N	N	N	N	N	N	N	N	N	N	N	N	0.0000	0.0000	0.0000	0.0000	0.0000	0.0000	0.0000	0.0000	0.0000	0.0000	0.0000	0.0000	0.0000	0.0000	0.0000	0.0000	0.0000	0.0000	0.0000	0.0000	1.0132	0.0000	0.3440	0.0263	0.0000	0.0000	0.0000	0.0000	0.0000	0.0000	0.0000	0.0000	0.0000	0.0000	0.0000	0.0000	0.0000	0.0000	0.0000	0.0000	0.0000	0.0000	0.0000	0.0000	0.0000	0.0000	0.0000	0.0000	0.0000	0.0000	0.0000	0.0000	0.0000	0.0000	0.0000	0.0000	0.0000	0.0000	0.0000	0.0000	0.0000	0.0000	0.0000	0.0000	0.0000	0.0000	0.0000	0.0000	0.0000	0.0000	0.0000	0.0000	0.0000	0.0000	0.0000	0.0000	0.0000	0.0000											
2	37	0.0786	7	1	1	1	0	0	0	0	0	N	N	N	N	N	N	N	N	N	N	N	N	0.0000	0.0000	0.0000	0.0000	0.0000	0.0000	0.0000	0.0000	0.0000	0.0000	0.0000	0.0000	0.0000	0.0000	0.0000	0.0000	0.0001	0.0001	0.0001	0.0001	0.0001	0.0000	0.0000	0.0000	0.0001	1.0000	0.0000	-0.0000	1.0132	3.0000	0.3440	5.0002	0.0000	0.0000	0.0000	0.0000	0.0000	0.0000	0.0000	0.0000	0.0000	0.0000	0.0000	0.0000	0.0000	0.0000	0.0000	0.0000	0.0000	0.0000	0.0299	0.0268	0.0031	0.0091	0.0090	0.0001	0.0208	0.0178	0.0030	0.0066	0.0038	0.0028	0.0016	0.0014	0.0002	0.0049	0.0023	0.0026	0.0000	0.0000	0.0000	0.0000	0.0000	0.0000	0.0000	0.0000	0.0000	0.0001	0.0001	0.0001	0.0001	0.0001	0.0000	0.0000	0.0000	0.0001			
2	38	0.0460	9	1	1	0	0	0	0	0	0	N	N	N	N	N	N	N	N	N	N	N	N	0.0000	0.0000	0.0000	0.0000	0.0000	0.0000	0.0000	0.0000	0.0000	0.0000	0.0000	0.0000	0.0000	0.0000	0.0000	0.0000	0.3469	0.1451	0.7442	0.2013	0.2021	0.0000	0.4801	0.0000	0.7482	2.6044	0.0000	0.0001	1.0132	0.0001	0.3440	0.1668	0.0000	0.0000	0.0000	0.0000	0.0000	0.0000	0.0000	0.0000	0.0000	0.0006	0.0002	0.0005	0.0002	0.0002	0.0000	0.0005	0.0000	0.0005	0.0000	0.0000	0.0000	0.0000	0.0000	0.0000	0.0000	0.0000	0.0000	0.0018	0.0012	0.0006	0.0009	0.0009	0.0000	0.0009	0.0003	0.0006	0.0000	0.0000	0.0000	0.0000	0.0000	0.0000	0.0000	0.0000	0.0000	0.3469	0.1451	0.7442	0.2013	0.2021	0.0000	0.4801	0.0000	0.7482			
2	39	0.0090	4	0	0	0	1	0	0	0	0	N	N	N	N	N	N	N	N	N	N	N	N	0.1154	0.0785	0.3669	0.0900	0.0899	0.0000	0.1276	0.3705	0.0041	0.0024	0.0161	0.0063	0.0063	0.0000	0.0031	0.0000	0.0163	0.0359	0.0303	0.0439	0.0702	0.0706	0.0002	0.0241	0.0000	0.0440	0.9947	1.0004	-0.0000	-0.0001	1.0132	1.7673	0.3440	9.0239	0.0001	0.0000	0.0000	0.0000	0.0000	0.0000	0.0000	0.0000	0.0000	0.0006	0.0003	0.0003	0.0003	0.0003	0.0000	0.0003	0.0000	0.0003	0.0226	0.0197	0.0029	0.0074	0.0074	0.0000	0.0152	0.0123	0.0029	0.0176	0.0104	0.0072	0.0045	0.0045	0.0000	0.0131	0.0059	0.0072	0.1154	0.0785	0.3669	0.0900	0.0899	0.0000	0.1276	0.0000	0.3705	0.0359	0.0303	0.0439	0.0702	0.0706	0.0002	0.0241	0.0000	0.0440	
2	40	0.0066	3	0	0	0	1	0	0	0	0	N	N	N	N	N	N	N	N	N	N	N	N	1.1967	0.8994	1.8466	0.8330	0.8330	0.0000	1.4344	29.9251	1.8489	0.2742	0.2004	0.4354	0.3453	0.3459	0.0000	0.2272	0.0001	0.4364	0.2291	0.2228	0.2358	0.4146	0.4153	0.0011	0.1584	0.0000	0.2360	0.9944	1.0010	-0.0010	-0.0003	1.0132	3.4690	0.3440	3.7419	0.0209	0.0105	0.0104	0.0105	0.0105	0.0000	0.0104	0.0000	0.0104	0.0031	0.0015	0.0015	0.0015	0.0015	0.0000	0.0015	0.0000	0.0015	0.0761	0.0522	0.0239	0.0303	0.0303	0.0001	0.0458	0.0220	0.0238	0.0133	0.0068	0.0065	0.0037	0.0037	0.0000	0.0096	0.0032	0.0065	1.1967	0.8994	1.8466	0.8330	0.8330	0.0000	1.4344	29.9251	1.8489	0.2291	0.2228	0.2358	0.4146	0.4153	0.0011	0.1584	0.0000	0.2360
2	41	0.0641	11	0	1	1	0	0	0	0	0	N	N	N	N	N	N	N	N	N	N	N	N	0.0000	0.0000	0.0000	0.0000	0.0000	0.0000	0.0000	0.0000	0.0000	0.0000	0.0000	0.0000	0.0000	0.0000	0.0000	0.0000	0.0081	0.0063	0.0111	0.0116	0.0129	0.0000	0.0062	0.0000	0.0123	1.0000	0.0000	-0.0000	1.0132	0.9997	0.3440	10.1790	0.0000	0.0000	0.0000	0.0000	0.0000	0.0000	0.0000	0.0000	0.0000	0.0001	0.0001	0.0001	0.0001	0.0001	0.0000	0.0001	0.0000	0.0001	0.0102	0.0091	0.0010	0.0030	0.0030	0.0000	0.0072	0.0061	0.0010	0.0134	0.0086	0.0049	0.0046	0.0042	0.0005	0.0088	0.0044	0.0044	0.0000	0.0000	0.0000	0.0000	0.0000	0.0000	0.0000	0.0000	0.0000	0.0081	0.0063	0.0111	0.0116	0.0129	0.0000	0.0062	0.0000	0.0123			
2	42	0.0630	10	0	1	0	0	0	0	0	0	N	N	N	N	N	N	N	N	N	N	N	N	0.0000	0.0000	0.0000	0.0000	0.0000	0.0000	0.0000	0.0000	0.0000	0.0000	0.0000	0.0000	0.0000	0.0000	0.0000	0.0000	0.1676	0.1434	0.2017	0.2189	0.2327	0.0000	0.1358	0.0000	0.2134	1.0000	0.0000	-0.0000	1.0132	0.0007	0.3440	0.9413	0.0000	0.0000	0.0000	0.0000	0.0000	0.0000	0.0000	0.0000	0.0000	0.0003	0.0001	0.0001	0.0001	0.0001	0.0000	0.0001	0.0000	0.0001	0.0000	0.0000	0.0000	0.0000	0.0000	0.0000	0.0000	0.0000	0.0000	0.0016	0.0010	0.0007	0.0006	0.0006	0.0000	0.0010	0.0004	0.0006	0.0000	0.0000	0.0000	0.0000	0.0000	0.0000	0.0000	0.0000	0.0000	0.1676	0.1434	0.2017	0.2189	0.2327	0.0000	0.1358	0.0000	0.2134			
2	43	0.0455	6	1	0	1	0	0	0	0	0	N	N	N	N	N	N	N	N	N	N	N	N	5.3358	11.6209	0.0000	9.2614	8.6006	3.7433	inf	0.0000	1.3299	1.4867	0.0000	2.4389	2.4585	0.0000	0.9142	1.0655	0.0000	0.2492	0.1279	0.3919	0.2633	0.2858	0.0000	0.2442	0.0000	0.4104	0.0000	2.6044	-0.0139	0.0004	1.0132	1.9995	0.3440	12.0029	0.0253	0.0253	0.0000	0.0127	0.0127	0.0000	0.0127	0.0127	0.0000	0.0038	0.0010	0.0027	0.0010	0.0010	0.0000	0.0027	0.0000	0.0027	0.0190	0.0170	0.0020	0.0052	0.0051	0.0000	0.0138	0.0119	0.0020	0.0151	0.0082	0.0070	0.0040	0.0037	0.0003	0.0112	0.0045	0.0066	5.3358	11.6209	0.0000	9.2614	8.6006	0.0000	3.7433	inf	0.0000	0.2492	0.1279	0.3919	0.2633	0.2858	0.0000	0.2442	0.0000	0.4104	
2	44	0.0124	5	1	1	0	0	0	0	0	0	N	N	N	N	N	N	N	N	N	N	N	N	0.0785	0.0762	0.1127	0.0156	0.0153	0.1366	inf	0.1123	0.4925	0.4602	0.7356	0.1809	0.1817	0.0000	0.5880	0.5604	0.7423	6.2730	6.0378	6.5267	11.5774	11.8504	0.0000	4.3043	0.0000	6.6125	0.2120	1.0018	-0.0156	-0.0361	1.0132	10.0000	0.3440	26.8440	0.0419	0.0346	0.0073	0.0036	0.0036	0.0000	0.0383	0.0310	0.0073	0.3158	0.1577	0.1580	0.1577	0.1577	0.0000	0.1580	0.0000	0.1580	0.0851	0.0752	0.0100	0.0200	0.0199	0.0001	0.0652	0.0553	0.0099	0.0503	0.0261	0.0242	0.0136	0.0133	0.0003	0.0367	0.0128	0.0239	0.0785	0.0762	0.1127	0.0156	0.0153	0.0000	0.1366	inf	0.1123	6.2730	6.0378	6.5267	11.5774	11.8504	0.0000	4.3043	0.0000	6.6125	
2	45	0.0630	10	0	1	0	0	0	0	0	0	N	N	N	N	N	N	N	N	N	N	N	N	0.0000	0.0000	0.0000	0.0000	0.0000	0.0000	0.0000	0.0000	0.0000	0.0000	0.0000	0.0000	0.0000	0.0000	0.0000	0.0000	0.0220	0.0191	0.0259	0.0374	0.0431	0.0000	0.0155	0.0000	0.0285	1.0000	0.0000	-0.0000	1.0132	3.0000	0.3440	5.0456	0.0000	0.0000	0.0000	0.0000	0.0000	0.0000	0.0000	0.0000	0.0000	0.0002	0.0001	0.0001	0.0001	0.0001	0.0000	0.0001	0.0000	0.0001	0.0302	0.0271	0.0031	0.0089	0.0088	0.0001	0.0213	0.0183	0.0030	0.0079	0.0045	0.0033	0.0023	0.0020	0.0003	0.0056	0.0025	0.0030	0.0000	0.0000	0.0000	0.0000	0.0000	0.0000	0.0000	0.0000	0.0000	0.0220	0.0191	0.0259	0.0374	0.0431	0.0000	0.0155	0.0000	0.0285			
2	46	0.0588	9	0	1	0	0	0	0	0	0	N	N	N	N	N	N	N	N	N	N	N	N	0.0000	0.0000	0.0000	0.0000	0.0000	0.0000	0.0000	0.0000	0.0000	0.0000	0.0000	0.0000	0.0000	0.0000	0.0000	0.0000	1.7825	1.6098	1.9967	2.8339	3.1896	0.0000	1.3001	0.0000	2.1670	1.0000	0.0000	-0.0007	1.0132	2.0000	0.3440	1.0030	0.0000	0.0000	0.0000	0.0000	0.0000	0.0000	0.0000	0.0000	0.0000	0.0061	0.0031	0.0031	0.0031	0.0031	0.0000	0.0031	0.0000	0.0031	0.0188	0.0169	0.0020	0.0052	0.0052	0.0000	0.0136	0.0117	0.0019	0.0034	0.0019	0.0015	0.0011	0.0010	0.0001	0.0023	0.0009	0.0014	0.0000	0.0000	0.0000	0.0000	0.0000	0.0000	0.0000	0.0000	0.0000	1.7825	1.6098	1.9967	2.8339	3.1896	0.0000	1.3001	0.0000	2.1670			
2	47	0.0588	8	0	1	0	0	0	0	0	0	N	N	N	N	N	N	N	N	N	N	N	N	0.0000	0.0000	0.0000	0.0000	0.0000	0.0000	0.0000	0.0000	0.0000	0.0000	0.0000	0.0000	0.0000	0.0000	0.0000	0.0000	0.2304	0.1882	0.2971	0.2531	0.2600	0.0000	0.2115	0.0000	0.3066	1.0000	0.0000	-0.0000	1.0132	0.0000	0.3440	0.0582	0.0000	0.0000	0.0000	0.0000	0.0000	0.0000	0.0000	0.0000	0.0000	0.0001	0.0000	0.0000	0.0000	0.0000	0.0000	0.0000	0.0000	0.0000	0.0000	0.0000	0.0000	0.0000	0.0000	0.0000	0.0000	0.0000	0.0000	0.0002	0.0001	0.0001	0.0001	0.0001	0.0000	0.0001	0.0000	0.0001	0.0000	0.0000	0.0000	0.0000	0.0000	0.0000	0.0000	0.0000	0.0000	0.2304	0.1882	0.2971	0.2531	0.2600	0.0000	0.2115	0.0000	0.3066			
2	48	0.0550	7	0	1	0	0	0	0	0	0	N	N	N	N	N	N	N	N	N	N	N	N	35.4800	53.1857	0.0000	25.9018	29.6964	45.0937	inf	0.0000	0.1946	0.2309	0.0000	0.1942	0.2414	0.0000	0.1950	0.2212	0.0000	0.0055	0.0043	0.0074	0.0075	0.0081	0.0000	0.0043	0.0000	0.0081	0.0000	1.0000	-0.0000	-0.0000	1.0132	0.0018	0.3440	3.9096	0.0000	0.0000	0.0000	0.0000	0.0000	0.0000	0.0000	0.0000	0.0000	0.0000	0.0000	0.0000	0.0000	0.0000	0.0000	0.0000	0.0000	0.0000	0.0000	0.0000	0.0000	0.0000	0.0000	0.0000	0.0000	0.0000	0.0000	0.0060	0.0038	0.0022	0.0022	0.0020	0.0002	0.0038	0.0018	0.0020	35.4800	53.1857	0.0000	25.9018	29.6964	0.0000	45.0937	inf	0.0000	0.0055	0.0043	0.0074	0.0075	0.0081	0.0000	0.0043	0.0000	0.0081	
2	49	0.0455	6	0	1	0	0	0	0	0	0	N	N	N	N	N	N	N	N	N	N	N	N	282.6856	344.9708	0.0002	284.9671	266.6267	inf	281.8303	inf	0.0000	1.3272	1.4836	0.0000	2.4339	2.4534	0.0000	0.9123	1.0633	0.0000	0.0047	0.0043	0.0052	0.0085	0.0092	0.0000	0.0032	0.0000	0.0054	0.0000	1.0000	-0.0139	-0.0000	1.0132	2.0031	0.3440	6.0601	0.0253	0.0253	0.0000	0.0127	0.0127	0.0000	0.0127	0.0127	0.0000	0.0000	0.0000	0.0000	0.0000	0.0000	0.0000	0.0000	0.0000	0.0000	0.0191	0.0171	0.0020	0.0052	0.0052	0.0000	0.0139	0.0119	0.0020	0.0093	0.0051	0.0042	0.0026	0.0024	0.0002	0.0068	0.0027	0.0041	282.6856	344.9708	0.0002	284.9671	266.6267	inf	281.8303	inf	0.0000	0.0047	0.0043	0.0052	0.0085	0.0092	0.0000	0.0032	0.0000	0.0054
2	50	0.0175	4	0	0	1	0	0	0	0	0	N	N	N	N	N	N	N	N	N	N	N	N	0.0000	0.0000	0.0000	0.0000	0.0000	0.0000	0.0000	0.0000	0.0000	0.0000	0.0000	0.0000	0.0000	0.0000	0.0000	0.0000	0.0000	0.0000	0.0000	0.0000	1.0132	0.0004	0.3440	0.9852	0.0000	0.0000	0.0000	0.0000	0.0000	0.0000	0.0000	0.0000	0.0000	0.0000	0.0000	0.0000	0.0000	0.0000	0.0000	0.0000	0.0000	0.0000	0.0000	0.0000	0.0000	0.0000	0.0000	0.0000	0.0000	0.0000	0.0000	0.0011	0.0006	0.0005	0.0002	0.0002	0.0000	0.0009	0.0004	0.0005	0.0000	0.0000	0.0000	0.0000	0.0000	0.0000	0.0000	0.0000	0.0000	0.0000	0.0000	0.0000	0.0000	0.0000	0.0000	0.0000	0.0000	0.0000											
2	51	0.0066	3	0	0	0	0	0	0	0	0	N	N	N	N	N	N	N	N	N	N	N	N	8.2587	5.4205	18.3840	4.4326	4.4290	10.2706	0.0000	18.4425	2.1881	1.3968	5.0124	3.1865	3.1959	0.0000	1.6682	0.0000	5.0355	0.2649	0.2577	0.2727	0.7189	0.7216	0.0000	0.1624	0.0010	0.2730	1.0054	0.9953	-0.0153	-0.0009	1.0132	10.7574	0.3440	12.9024	0.3262	0.1627	0.1635	0.1627	0.1627	0.0000	0.1635	0.0000	0.1635	0.0078	0.0039	0.0039	0.0039	0.0039	0.0000	0.0039	0.0000	0.0039	0.1491	0.1164	0.0326	0.0510	0.0509	0.0001	0.0980	0.0656	0.0325	0.0295	0.0152	0.0143	0.0054	0.0054	0.0000	0.0241	0.0098	0.0143	8.2587	5.4205	18.3840	4.4326	4.4290	0.0000	10.2706	0.0000	18.4425	0.2649	0.2577	0.2727	0.7189	0.7216	0.0000	0.1624	0.0010	0.2730	
2	52	0.0052	2	0	0	0	0	0	0	0	0	N	N	N	N	N	N	N	N	N	N	N	N	0.9488	0.7224	1.3849	1.1084	1.1097	inf	0.8374	0.1010	1.3869	0.5797	0.4403	0.8483	0.7056	0.7065	0.0363	0.4918	0.0000	0.8496	0.6110	0.6094	0.6125	0.6366	0.6366	0.0000	0.5874	0.0000	0.6125	0.9998	1.0017	-0.0019	-0.0072	1.0132	2.6694	0.3440	2.4027	0.0394	0.0197	0.0197	0.0197	0.0197	0.0000	0.0197	0.0000	0.0197	0.0634	0.0317	0.0317	0.0317	0.0317	0.0000	0.0317	0.0000	0.0317	0.0679	0.0447	0.0232	0.0279	0.0279	0.0000	0.0400	0.0169	0.0232	0.1037	0.0519	0.0518	0.0497	0.0497	0.0000	0.0540	0.0022	0.0518	0.9488	0.7224	1.3849	1.1084	1.1097	inf	0.8374	0.1010	1.3869	0.6110	0.6094	0.6125	0.6366	0.6366	0.0000	0.5874	0.0000	0.6125
2	56	0.0455	6	1	1	0	0	0	0	0	0	N	N	N	N	N	N	N	N	N	N	N	N	0.0000	0.0000	0.0000	0.0000	0.0000	0.0000	0.0000	0.0000	0.0000	0.0000	0.0000	0.0000	0.0000	0.0000	0.0000	0.0000	0.0000	0.0000	0.0000	0.0000	1.0132	0.0000	0.3440	10.9971	0.0000	0.0000	0.0000	0.0000	0.0000	0.0000	0.0000	0.0000	0.0000	0.0000	0.0000	0.0000	0.0000	0.0000	0.0000	0.0000	0.0000	0.0000	0.0000	0.0000	0.0000	0.0000	0.0000	0.0000	0.0000	0.0000	0.0000	0.0122	0.0066	0.0056	0.0033	0.0030	0.0002	0.0090	0.0036	0.0053	0.0000	0.0000	0.0000	0.0000	0.0000	0.0000	0.0000	0.0000	0.0000	0.0000	0.0000	0.0000	0.0000	0.0000	0.0000	0.0000	0.0000	0.0000											
2	57	0.1008	9	0	0	0	0	0	0	0	0	N	N	N	N	N	N	N	N	N	N	N	N	0.0183	0.0200	0.0427	0.0630	0.0325	3.6908	0.0009	inf	0.0032	0.0014	0.0008	0.0057	0.0035	0.0019	0.0509	0.0001	0.0000	0.0005	0.0739	0.0387	0.1330	0.0556	0.0585	0.0138	0.0885	0.0000	0.1428	0.9778	2.0410	-0.0000	0.0003	1.0132	7.8198	0.3440	21.5823	0.0001	0.0001	0.0001	0.0001	0.0001	0.0001	0.0000	0.0000	0.0000	0.0046	0.0015	0.0031	0.0015	0.0015	0.0000	0.0031	0.0000	0.0031	0.1071	0.0945	0.0126	0.0399	0.0386	0.0013	0.0673	0.0560	0.0113	0.0626	0.0393	0.0233	0.0278	0.0260	0.0018	0.0348	0.0132	0.0216	0.0183	0.0200	0.0427	0.0630	0.0325	3.6908	0.0009	inf	0.0032	0.0739	0.0387	0.1330	0.0556	0.0585	0.0138	0.0885	0.0000	0.1428
2	58	0.0813	10	1	1	1	0	0	0	0	0	N	N	N	N	N	N	N	N	N	N	N	N	0.0138	0.0155	0.0391	0.0267	0.0244	0.0000	0.0092	0.0374	0.0036	0.0020	0.0166	0.0064	0.0065	0.0000	0.0025	0.0000	0.0169	0.2602	0.1298	0.4235	0.2408	0.2656	0.0003	0.2685	0.0000	0.4520	1.0000	2.6043	-0.0000	0.0004	1.0132	2.0055	0.3440	11.8091	0.0001	0.0000	0.0000	0.0000	0.0000	0.0000	0.0000	0.0000	0.0000	0.0038	0.0010	0.0027	0.0010	0.0010	0.0000	0.0027	0.0000	0.0027	0.0191	0.0171	0.0021	0.0053	0.0053	0.0000	0.0138	0.0118	0.0020	0.0145	0.0081	0.0064	0.0043	0.0039	0.0004	0.0101	0.0041	0.0060	0.0138	0.0155	0.0391	0.0267	0.0244	0.0000	0.0092	0.0000	0.0374	0.2602	0.1298	0.4235	0.2408	0.2656	0.0003	0.2685	0.0000	0.4520	
2	59	0.0759	9	1	0	1	0	0	0	0	0	N	N	N	N	N	N	N	N	N	N	N	N	2.9897	2.3997	9.7922	4.7169	4.3695	2.2409	0.0000	9.3090	0.0037	0.0020	0.0174	0.0067	0.0067	0.0000	0.0025	0.0000	0.0177	0.0012	0.0009	0.0018	0.0014	0.0015	0.0000	0.0011	0.0001	0.0019	1.0000	1.4096	-0.0000	-0.0000	1.0132	1.9951	0.3440	2.5667	0.0001	0.0000	0.0000	0.0000	0.0000	0.0000	0.0000	0.0000	0.0000	0.0000	0.0000	0.0000	0.0000	0.0000	0.0000	0.0000	0.0000	0.0000	0.0189	0.0169	0.0020	0.0052	0.0052	0.0000	0.0137	0.0117	0.0020	0.0059	0.0035	0.0024	0.0020	0.0019	0.0002	0.0039	0.0016	0.0022	2.9897	2.3997	9.7922	4.7169	4.3695	0.0000	2.2409	0.0000	9.3090	0.0012	0.0009	0.0018	0.0014	0.0015	0.0000	0.0011	0.0001	0.0019	
2	60	0.0691	8	1	0	1	0	0	0	0	0	N	N	N	N	N	N	N	N	N	N	N	N	0.0000	0.0000	0.0000	0.0000	0.0000	0.0000	0.0000	0.0000	0.0000	0.0000	0.0000	0.0000	0.0000	0.0000	0.0000	0.0000	0.0000	0.0027	0.0023	0.0036	0.0036	0.0039	0.0007	0.0019	0.0000	0.0042	0.6132	0.0000	-0.0000	1.0132	0.0108	0.3440	3.6229	0.0000	0.0000	0.0000	0.0000	0.0000	0.0000	0.0000	0.0000	0.0000	0.0000	0.0000	0.0000	0.0000	0.0000	0.0000	0.0000	0.0000	0.0000	0.0001	0.0001	0.0000	0.0000	0.0000	0.0000	0.0001	0.0001	0.0000	0.0064	0.0046	0.0018	0.0030	0.0028	0.0003	0.0034	0.0019	0.0015	0.0000	0.0000	0.0000	0.0000	0.0000	0.0000	0.0000	0.0000	0.0000	0.0027	0.0023	0.0036	0.0036	0.0039	0.0007	0.0019	0.0000	0.0042		
2	61	0.0211	7	0	1	0	0	0	0	0	0	N	N	N	N	N	N	N	N	N	N	N	N	0.0010	0.0007	0.0039	0.0029	0.0014	inf	0.0000	0.0000	0.0001	0.0000	0.0003	0.0003	0.0001	0.0270	0.0000	0.0000	0.0000	0.0666	0.0583	0.0777	0.0932	0.0953	0.0000	0.0518	0.0000	0.0791	1.0000	0.9982	-0.0000	-0.0002	1.0132	4.0917	0.3440	8.0988	0.0000	0.0000	0.0000	0.0000	0.0000	0.0000	0.0000	0.0000	0.0000	0.0017	0.0008	0.0008	0.0008	0.0008	0.0000	0.0008	0.0000	0.0008	0.0383	0.0339	0.0044	0.0098	0.0097	0.0000	0.0285	0.0242	0.0044	0.0250	0.0143	0.0107	0.0089	0.0087	0.0002	0.0160	0.0055	0.0105	0.0010	0.0007	0.0039	0.0029	0.0014	inf	0.0000	0.0000	0.0000	0.0666	0.0583	0.0777	0.0932	0.0953	0.0000	0.0518	0.0000	0.0791	
2	62	0.0173	6	0	1	0	0	0	0	0	0	N	N	N	N	N	N	N	N	N	N	N	N	0.0391	0.0250	0.1425	0.0600	0.0508	inf	0.0298	168.4057	0.1183	0.0074	0.0045	0.0285	0.0180	0.0157	0.3482	0.0042	0.0004	0.0241	0.1906	0.1818	0.2002	0.3008	0.3097	0.0000	0.1395	0.0000	0.2041	0.8626	1.0006	-0.0000	-0.0003	1.0132	2.1165	0.3440	5.0852	0.0001	0.0001	0.0001	0.0001	0.0001	0.0000	0.0001	0.0000	0.0001	0.0024	0.0012	0.0012	0.0012	0.0012	0.0000	0.0012	0.0000	0.0012	0.0187	0.0165	0.0023	0.0044	0.0044	0.0000	0.0143	0.0121	0.0022	0.0128	0.0067	0.0061	0.0041	0.0040	0.0001	0.0088	0.0028	0.0060	0.0391	0.0250	0.1425	0.0600	0.0508	inf	0.0298	168.4057	0.1183	0.1906	0.1818	0.2002	0.3008	0.3097	0.0000	0.1395	0.0000	0.2041
2	63	0.0691	8	1	0	1	0	0	0	0	0	N	N	N	N	N	N	N	N	N	N	N	N	0.0000	0.0000	0.0000	0.0000	0.0000	0.0000	0.0000	0.0000	0.0000	0.0000	0.0000	0.0000	0.0000	0.0000	0.0000	0.0000	0.0000	0.2239	0.1043	0.4003	0.1678	0.1848	0.0008	0.2569	0.0000	0.4373	2.6011	0.0000	0.0004	1.0132	3.9990	0.3440	8.8702	0.0000	0.0000	0.0000	0.0000	0.0000	0.0000	0.0000	0.0000	0.0000	0.0038	0.0010	0.0027	0.0010	0.0010	0.0000	0.0027	0.0000	0.0027	0.0375	0.0341	0.0034	0.0104	0.0104	0.0001	0.0271	0.0237	0.0034	0.0168	0.0100	0.0068	0.0062	0.0057	0.0006	0.0106	0.0044	0.0062	0.0000	0.0000	0.0000	0.0000	0.0000	0.0000	0.0000	0.0000	0.0000	0.2239	0.1043	0.4003	0.1678	0.1848	0.0008	0.2569	0.0000	0.4373		
2	64	0.0490	7	1	0	1	0	0	0	0	0	N	N	N	N	N	N	N	N	N	N	N	N	0.0000	0.0000	0.0000	0.0000	0.0000	0.0000	0.0000	0.0000	0.0000	0.0000	0.0000	0.0000	0.0000	0.0000	0.0000	0.0000	0.0000	0.0000	0.0032	0.0025	0.0041	0.0046	0.0048	0.0000	0.0026	0.0001	0.0043	1.1913	0.0000	-0.0000	1.0132	3.9972	0.3440	6.8232	0.0000	0.0000	0.0000	0.0000	0.0000	0.0000	0.0000	0.0000	0.0000	0.0000	0.0000	0.0000	0.0000	0.0000	0.0000	0.0000	0.0000	0.0000	0.0385	0.0345	0.0040	0.0107	0.0106	0.0001	0.0278	0.0239	0.0039	0.0145	0.0084	0.0060	0.0045	0.0042	0.0003	0.0100	0.0042	0.0058	0.0000	0.0000	0.0000	0.0000	0.0000	0.0000	0.0000	0.0000	0.0000	0.0032	0.0025	0.0041	0.0046	0.0048	0.0000	0.0026	0.0001	0.0043	
2	65	0.0250	7	0	1	0	0	0	0	0	0	N	N	N	N	N	N	N	N	N	N	N	N	0.0024	0.0018	0.0074	0.0043	0.0033	183.2451	0.0012	0.0047	0.0002	0.0001	0.0007	0.0006	0.0005	0.0102	0.0001	0.0000	0.0005	0.0844	0.0741	0.0982	0.1364	0.1415	0.0001	0.0611	0.0000	0.1007	0.7279	1.0000	-0.0000	-0.0007	1.0132	15.6632	0.3440	35.0639	0.0000	0.0000	0.0000	0.0000	0.0000	0.0000	0.0000	0.0000	0.0000	0.0060	0.0030	0.0030	0.0030	0.0030	0.0000	0.0030	0.0000	0.0030	0.1336	0.1181	0.0155	0.0335	0.0331	0.0004	0.1001	0.0850	0.0151	0.0714	0.0407	0.0307	0.0221	0.0213	0.0008	0.0493	0.0194	0.0299	0.0024	0.0018	0.0074	0.0043	0.0033	183.2451	0.0012	0.0000	0.0047	0.0844	0.0741	0.0982	0.1364	0.1415	0.0001	0.0611	0.0000	0.1007	
2	66	0.0250	7	0	0	1	0	0	0	0	0	N	N	N	N	N	N	N	N	N	N	N	N	0.0000	0.0000	0.0000	0.0000	0.0000	0.0000	0.0000	0.0000	0.0000	0.0000	0.0000	0.0000	0.0000	0.0000	0.0000	0.0000	0.0000	0.0000	0.0000	0.0000	1.0132	4.9998	0.3440	10.1184	0.0000	0.0000	0.0000	0.0000	0.0000	0.0000	0.0000	0.0000	0.0000	0.0000	0.0000	0.0000	0.0000	0.0000	0.0000	0.0000	0.0000	0.0000	0.0465	0.0411	0.0054	0.0132	0.0129	0.0003	0.0333	0.0282	0.0051	0.0331	0.0211	0.0120	0.0123	0.0119	0.0004	0.0209	0.0092	0.0117	0.0000	0.0000	0.0000	0.0000	0.0000	0.0000	0.0000	0.0000	0.0000	0.0000	0.0000	0.0000	0.0000	0.0000	0.0000	0.0000	0.0000	0.0000											
2	67	0.0142	5	0	1	0	0	0	0	0	0	N	N	N	N	N	N	N	N	N	N	N	N	8003.7046	7267.6481	16914.0828	6848.1001	6763.0855	811.2662	8913.0358	inf	17167.3412	0.7582	0.6309	1.7633	1.2486	1.2626	0.0068	0.5697	0.3480	1.8131	0.0001	0.0001	0.0001	0.0002	0.0002	0.0000	0.0001	0.0000	0.0001	0.3538	0.9985	-0.0222	-0.0000	1.0132	10.9928	0.3440	18.5513	0.0776	0.0573	0.0203	0.0355	0.0355	0.0000	0.0421	0.0218	0.0203	0.0000	0.0000	0.0000	0.0000	0.0000	0.0000	0.0000	0.0000	0.0000	0.1023	0.0908	0.0115	0.0284	0.0281	0.0003	0.0739	0.0627	0.0112	0.0405	0.0221	0.0184	0.0105	0.0103	0.0003	0.0300	0.0118	0.0181	8003.7046	7267.6481	16914.0828	6848.1001	6763.0855	811.2662	8913.0358	inf	17167.3412	0.0001	0.0001	0.0001	0.0002	0.0002	0.0000	0.0001	0.0000	0.0001
2	68	0.0142	4	0	0	0	0	0	0	0	0	N	N	N	N	N	N	N	N	N	N	N	N	534.4073	544.2572	501.5609	507.7547	505.2842	4767.2500	557.6824	9110.6721	499.9072	0.7027	0.4994	1.1643	0.7780	0.7778	0.8003	0.6421	0.0117	1.1690	0.0013	0.0009	0.0023	0.0015	0.0015	0.0002	0.0012	0.0000	0.0023	1.0269	0.9989	-0.0001	-0.0000	1.0132	0.0861	0.3440	1.0715	0.0023	0.0011	0.0011	0.0011	0.0011	0.0000	0.0011	0.0000	0.0011	0.0000	0.0000	0.0000	0.0000	0.0000	0.0000	0.0000	0.0000	0.0000	0.0032	0.0022	0.0010	0.0014	0.0014	0.0000	0.0018	0.0008	0.0010	0.0058	0.0042	0.0016	0.0025	0.0025	0.0000	0.0033	0.0017	0.0016	534.4073	544.2572	501.5609	507.7547	505.2842	4767.2500	557.6824	9110.6721	499.9072	0.0013	0.0009	0.0023	0.0015	0.0015	0.0002	0.0012	0.0000	0.0023
2	69	0.0786	8	1	0	1	0	0	0	0	0	N	N	N	N	N	N	N	N	N	N	N	N	0.0000	0.0000	0.0000	0.0000	0.0000	0.0000	0.0000	0.0000	0.0000	0.0000	0.0000	0.0000	0.0000	0.0000	0.0000	0.0000	0.0001	0.0001	0.0001	0.0002	0.0003	0.0000	0.0001	0.0000	0.0001	1.0000	0.0000	-0.0000	1.0132	1.0000	0.3440	3.0001	0.0000	0.0000	0.0000	0.0000	0.0000	0.0000	0.0000	0.0000	0.0000	0.0000	0.0000	0.0000	0.0000	0.0000	0.0000	0.0000	0.0000	0.0000	0.0101	0.0090	0.0010	0.0031	0.0030	0.0000	0.0070	0.0060	0.0010	0.0033	0.0019	0.0014	0.0008	0.0007	0.0001	0.0025	0.0012	0.0013	0.0000	0.0000	0.0000	0.0000	0.0000	0.0000	0.0000	0.0000	0.0000	0.0001	0.0001	0.0001	0.0002	0.0003	0.0000	0.0001	0.0000	0.0001			
2	70	0.0786	7	1	0	1	0	0	0	0	0	N	N	N	N	N	N	N	N	N	N	N	N	0.0000	0.0000	0.0000	0.0000	0.0000	0.0000	0.0000	0.0000	0.0000	0.0000	0.0000	0.0000	0.0000	0.0000	0.0000	0.0000	0.2202	0.1959	0.2515	0.2464	0.2502	0.0000	0.1991	0.0000	0.2555	1.0000	0.0000	-0.0000	1.0132	0.0000	0.3440	0.0009	0.0000	0.0000	0.0000	0.0000	0.0000	0.0000	0.0000	0.0000	0.0000	0.0000	0.0000	0.0000	0.0000	0.0000	0.0000	0.0000	0.0000	0.0000	0.0000	0.0000	0.0000	0.0000	0.0000	0.0000	0.0000	0.0000	0.0000	0.0000	0.0000	0.0000	0.0000	0.0000	0.0000	0.0000	0.0000	0.0000	0.0000	0.0000	0.0000	0.0000	0.0000	0.0000	0.0000	0.0000	0.0000	0.2202	0.1959	0.2515	0.2464	0.2502	0.0000	0.1991	0.0000	0.2555			
2	71	0.0455	6	1	0	1	0	0	0	0	0	N	N	N	N	N	N	N	N	N	N	N	N	0.0005	0.0003	0.0023	0.0010	0.0005	inf	0.0000	0.0000	0.0001	0.0001	0.0007	0.0005	0.0003	0.0371	0.0000	0.0000	0.0000	0.2681	0.2494	0.2898	0.5254	0.5728	0.0000	0.1800	0.0000	0.3036	1.0000	1.0000	-0.0000	-0.0007	1.0132	9.9966	0.3440	12.9129	0.0000	0.0000	0.0000	0.0000	0.0000	0.0000	0.0000	0.0000	0.0000	0.0063	0.0032	0.0032	0.0032	0.0032	0.0000	0.0032	0.0000	0.0032	0.0916	0.0820	0.0096	0.0248	0.0247	0.0002	0.0668	0.0574	0.0094	0.0235	0.0126	0.0109	0.0060	0.0055	0.0005	0.0175	0.0071	0.0104	0.0005	0.0003	0.0023	0.0010	0.0005	inf	0.0000	0.0000	0.0000	0.2681	0.2494	0.2898	0.5254	0.5728	0.0000	0.1800	0.0000	0.3036	
2	72	0.0124	5	0	1	0	1	0	0	0	0	N	N	N	N	N	N	N	N	N	N	N	N	0.0267	0.0086	0.1611	0.0168	0.0165	0.0369	0.0000	0.1604	0.1286	0.0404	0.7957	0.1521	0.1528	0.0000	0.1214	0.0000	0.8030	4.8098	4.6900	4.9389	9.0567	9.2868	0.0000	3.2872	0.1573	5.0069	2.6012	0.9784	0.0025	-0.0384	1.0132	13.0000	0.3440	39.1663	0.0141	0.0039	0.0102	0.0039	0.0039	0.0000	0.0102	0.0000	0.0102	0.3195	0.1615	0.1580	0.1588	0.1588	0.0000	0.1608	0.0027	0.1580	0.1095	0.0967	0.0128	0.0257	0.0256	0.0001	0.0838	0.0711	0.0127	0.0664	0.0344	0.0320	0.0175	0.0171	0.0004	0.0489	0.0173	0.0316	0.0267	0.0086	0.1611	0.0168	0.0165	0.0000	0.0369	0.0000	0.1604	4.8098	4.6900	4.9389	9.0567	9.2868	0.0000	3.2872	0.1573	5.0069	
2	73	0.0099	4	0	1	0	0	0	0	0	0	N	N	N	N	N	N	N	N	N	N	N	N	260.8549	166.8136	902.4675	352.0560	329.1784	12813.5925	223.9541	848.3704	0.0032	0.0018	0.0124	0.0070	0.0066	0.0864	0.0020	0.0000	0.0117	0.0000	0.0000	0.0000	0.0000	0.0000	0.0000	0.0000	0.0000	0.0000	0.9958	1.0000	-0.0000	-0.0000	1.0132	3.0003	0.3440	18.1082	0.0001	0.0000	0.0000	0.0000	0.0000	0.0000	0.0000	0.0000	0.0000	0.0000	0.0000	0.0000	0.0000	0.0000	0.0000	0.0000	0.0000	0.0000	0.0269	0.0235	0.0034	0.0065	0.0065	0.0000	0.0204	0.0170	0.0034	0.0368	0.0205	0.0163	0.0113	0.0111	0.0002	0.0255	0.0094	0.0161	260.8549	166.8136	902.4675	352.0560	329.1784	12813.5925	223.9541	0.0000	848.3704	0.0000	0.0000	0.0000	0.0000	0.0000	0.0000	0.0000	0.0000	0.0000	
2	74	0.0490	7	0	1	0	0	0	0	0	0	N	N	N	N	N	N	N	N	N	N	N	N	0.0000	0.0000	0.0000	0.0000	0.0000	0.0000	0.0000	0.0000	0.0000	0.0000	0.0000	0.0000	0.0000	0.0000	0.0000	0.0000	0.0000	0.0000	0.0000	0.0000	0.0000	0.0000	0.0000	0.0000	0.0000	0.0000	0.7443	0.0000	-0.0000	1.0132	7.0046	0.3440	18.1036	0.0000	0.0000	0.0000	0.0000	0.0000	0.0000	0.0000	0.0000	0.0000	0.0000	0.0000	0.0000	0.0000	0.0000	0.0000	0.0000	0.0000	0.0000	0.0659	0.0590	0.0069	0.0181	0.0179	0.0001	0.0478	0.0410	0.0068	0.0278	0.0155	0.0123	0.0078	0.0072	0.0006	0.0201	0.0083	0.0117	0.0000	0.0000	0.0000	0.0000	0.0000	0.0000	0.0000	0.0000	0.0000	0.0000	0.0000	0.0000	0.0000	0.0000	0.0000	0.0000	0.0000	0.0000		
2	75	0.0455	6	0	0	0	0	0	0	0	0	N	N	N	N	N	N	N	N	N	N	N	N	1.5542	1.2793	4.4630	2.2487	1.5489	inf	0.9663	50.2826	1.9365	0.0137	0.0101	0.0444	0.0325	0.0237	0.6037	0.0061	0.0039	0.0200	0.0088	0.0079	0.0099	0.0145	0.0153	0.0000	0.0063	0.0001	0.0103	0.5091	0.9911	-0.0000	-0.0000	1.0132	0.2435	0.3440	3.2922	0.0000	0.0000	0.0000	0.0000	0.0000	0.0000	0.0000	0.0000	0.0000	0.0000	0.0000	0.0000	0.0000	0.0000	0.0000	0.0000	0.0000	0.0000	0.0025	0.0022	0.0003	0.0007	0.0007	0.0000	0.0018	0.0015	0.0002	0.0048	0.0027	0.0021	0.0015	0.0014	0.0001	0.0033	0.0013	0.0020	1.5542	1.2793	4.4630	2.2487	1.5489	inf	0.9663	50.2826	1.9365	0.0088	0.0079	0.0099	0.0145	0.0153	0.0000	0.0063	0.0001	0.0103
2	76	0.0124	5	0	0	0	0	0	0	0	0	N	N	N	N	N	N	N	N	N	N	N	N	0.6128	0.3533	2.5575	0.7131	0.7010	inf	0.5897	inf	2.5491	4.9104	2.7207	21.3558	10.2438	10.2906	0.0491	3.2779	0.0006	21.5520	8.0125	7.7004	8.3502	14.3661	14.6793	0.0000	5.5585	0.0000	8.4549	1.0451	1.0018	-0.0110	-0.0361	1.0132	7.0044	0.3440	20.1113	0.2960	0.1447	0.1513	0.1447	0.1447	0.0000	0.1513	0.0000	0.1513	0.3158	0.1577	0.1580	0.1577	0.1577	0.0000	0.1580	0.0000	0.1580	0.0603	0.0532	0.0071	0.0141	0.0141	0.0001	0.0462	0.0391	0.0070	0.0394	0.0205	0.0189	0.0110	0.0107	0.0002	0.0284	0.0097	0.0187	0.6128	0.3533	2.5575	0.7131	0.7010	inf	0.5897	inf	2.5491	8.0125	7.7004	8.3502	14.3661	14.6793	0.0000	5.5585	0.0000	8.4549
2	77	0.0146	5	0	1	0	0	0	0	0	0	N	N	N	N	N	N	N	N	N	N	N	N	22306.1323	12316.3892	105831.3570	23226.6578	22697.9077	inf	23066.8203	inf	104698.5130	3.6489	1.8473	19.0420	6.1431	6.1581	0.3176	2.7300	0.0001	19.1666	0.0002	0.0001	0.0002	0.0003	0.0003	0.0000	0.0001	0.0000	0.0002	1.2065	0.9983	-0.0004	-0.0000	1.0132	8.6571	0.3440	16.0761	0.3003	0.1361	0.1642	0.1361	0.1361	0.0000	0.1642	0.0000	0.1642	0.0000	0.0000	0.0000	0.0000	0.0000	0.0000	0.0000	0.0000	0.0000	0.0823	0.0737	0.0086	0.0222	0.0221	0.0001	0.0601	0.0516	0.0086	0.0394	0.0215	0.0179	0.0122	0.0119	0.0003	0.0272	0.0096	0.0176	22306.1323	12316.3892	105831.3570	23226.6578	22697.9077	inf	23066.8203	inf	104698.5130	0.0002	0.0001	0.0002	0.0003	0.0003	0.0000	0.0001	0.0000	0.0002
2	78	0.0142	4	0	1	0	0	0	0	0	0	N	N	N	N	N	N	N	N	N	N	N	N	168.5387	146.7722	250.8954	179.7468	179.5877	inf	161.2873	inf	251.9737	0.2472	0.1595	0.5653	0.3404	0.3430	0.0670	0.1930	0.0006	0.5736	0.0015	0.0011	0.0023	0.0019	0.0019	0.0000	0.0012	0.0000	0.0023	0.9762	1.0005	-0.0001	-0.0000	1.0132	0.3645	0.3440	1.9845	0.0014	0.0007	0.0007	0.0007	0.0007	0.0000	0.0007	0.0000	0.0007	0.0000	0.0000	0.0000	0.0000	0.0000	0.0000	0.0000	0.0000	0.0000	0.0058	0.0046	0.0013	0.0021	0.0021	0.0000	0.0037	0.0025	0.0012	0.0074	0.0050	0.0024	0.0029	0.0028	0.0000	0.0045	0.0021	0.0024	168.5387	146.7722	250.8954	179.7468	179.5877	inf	161.2873	inf	251.9737	0.0015	0.0011	0.0023	0.0019	0.0019	0.0000	0.0012	0.0000	0.0023
2	79	0.0047	3	0	0	0	0	0	0	0	0	N	N	N	N	N	N	N	N	N	N	N	N	27.9361	22.8203	37.1647	19.9052	19.8517	1372.8666	33.8702	5689.0910	37.1217	3.6376	2.7434	5.2787	4.3865	4.3914	0.1645	3.1283	0.0015	5.2856	0.1302	0.1202	0.1420	0.2204	0.2212	0.0001	0.0924	0.0000	0.1424	1.0483	0.9983	-0.0094	-0.0005	1.0132	2.9108	0.3440	14.2456	0.2579	0.1259	0.1320	0.1259	0.1259	0.0000	0.1320	0.0000	0.1320	0.0043	0.0021	0.0021	0.0021	0.0021	0.0000	0.0021	0.0000	0.0021	0.0709	0.0459	0.0250	0.0287	0.0287	0.0000	0.0422	0.0172	0.0250	0.0330	0.0179	0.0151	0.0097	0.0097	0.0000	0.0232	0.0082	0.0151	27.9361	22.8203	37.1647	19.9052	19.8517	1372.8666	33.8702	5689.0910	37.1217	0.1302	0.1202	0.1420	0.2204	0.2212	0.0001	0.0924	0.0000	0.1424
2	82	0.0280	8	0	1	0	0	0	0	0	0	N	N	N	N	N	N	N	N	N	N	N	N	3061.3176	1457.7533	14513.7613	2259.9648	2228.9224	4399.0319	4719.4779	inf	17544.5062	0.5937	0.3497	1.9623	0.9756	0.9799	0.9432	0.3939	0.0000	2.3357	0.0002	0.0002	0.0001	0.0004	0.0004	0.0002	0.0001	0.0000	0.0001	1.0000	0.4414	-0.0025	-0.0000	1.0132	7.9116	0.3440	21.1247	0.0510	0.0255	0.0255	0.0288	0.0255	0.0033	0.0222	0.0000	0.0222	0.0000	0.0000	0.0000	0.0000	0.0000	0.0000	0.0000	0.0000	0.0000	0.0858	0.0729	0.0130	0.0295	0.0260	0.0035	0.0564	0.0469	0.0095	0.0438	0.0246	0.0192	0.0139	0.0134	0.0005	0.0299	0.0112	0.0188	3061.3176	1457.7533	14513.7613	2259.9648	2228.9224	4399.0319	4719.4779	inf	17544.5062	0.0002	0.0002	0.0001	0.0004	0.0004	0.0002	0.0001	0.0000	0.0001
2	83	0.0460	9	1	1	0	0	0	0	0	0	N	N	N	N	N	N	N	N	N	N	N	N	0.0000	0.0000	0.0000	0.0000	0.0000	0.0000	0.0000	0.0000	0.0000	0.0000	0.0000	0.0000	0.0000	0.0000	0.0000	0.0000	0.7505	0.9237	0.5043	1.4170	1.4539	0.0000	0.3373	0.0000	0.5164	0.3840	0.0000	-0.0011	1.0132	0.0000	0.3440	1.8333	0.0000	0.0000	0.0000	0.0000	0.0000	0.0000	0.0000	0.0000	0.0000	0.0031	0.0023	0.0009	0.0023	0.0023	0.0000	0.0009	0.0000	0.0009	0.0000	0.0000	0.0000	0.0000	0.0000	0.0000	0.0000	0.0000	0.0000	0.0042	0.0025	0.0017	0.0016	0.0016	0.0000	0.0026	0.0009	0.0017	0.0000	0.0000	0.0000	0.0000	0.0000	0.0000	0.0000	0.0000	0.0000	0.7505	0.9237	0.5043	1.4170	1.4539	0.0000	0.3373	0.0000	0.5164			
2	84	0.0280	8	1	1	0	0	0	0	0	0	N	N	N	N	N	N	N	N	N	N	N	N	36.4122	44.4347	69.4277	63.3136	68.2251	1521.1288	25.3611	inf	92.5539	3.4130	2.0202	10.9969	4.9256	5.5007	0.9403	2.5805	0.0004	15.0759	0.0937	0.0455	0.1584	0.0778	0.0806	0.0006	0.1017	0.0000	0.1629	0.9997	2.6007	-0.0129	0.0003	1.0132	6.9552	0.3440	13.1226	0.2664	0.1332	0.1332	0.1365	0.1332	0.0033	0.1299	0.0000	0.1299	0.0031	0.0009	0.0023	0.0009	0.0009	0.0000	0.0023	0.0000	0.0023	0.0781	0.0660	0.0121	0.0277	0.0242	0.0035	0.0504	0.0417	0.0086	0.0335	0.0192	0.0143	0.0112	0.0108	0.0004	0.0223	0.0084	0.0139	36.4122	44.4347	69.4277	63.3136	68.2251	1521.1288	25.3611	inf	92.5539	0.0937	0.0455	0.1584	0.0778	0.0806	0.0006	0.1017	0.0000	0.1629
2	85	0.0250	7	0	1	0	0	0	0	0	0	N	N	N	N	N	N	N	N	N	N	N	N	544.6068	670.6768	487.0864	497.6978	469.8078	inf	485.4194	6028.5522	417.9845	0.8028	0.7559	0.9337	0.9020	0.8652	1.0037	0.6323	0.5691	0.8111	0.0015	0.0011	0.0019	0.0018	0.0018	0.0000	0.0013	0.0001	0.0019	0.4434	1.3335	-0.0040	-0.0000	1.0132	0.3374	0.3440	6.1146	0.0166	0.0115	0.0051	0.0118	0.0083	0.0035	0.0048	0.0032	0.0016	0.0000	0.0000	0.0000	0.0000	0.0000	0.0000	0.0000	0.0000	0.0000	0.0207	0.0152	0.0055	0.0131	0.0096	0.0035	0.0076	0.0056	0.0020	0.0127	0.0071	0.0056	0.0043	0.0042	0.0001	0.0084	0.0029	0.0055	544.6068	670.6768	487.0864	497.6978	469.8078	inf	485.4194	6028.5522	417.9845	0.0015	0.0011	0.0019	0.0018	0.0018	0.0000	0.0013	0.0001	0.0019
2	86	0.0250	7	0	1	0	0	0	0	0	0	N	N	N	N	N	N	N	N	N	N	N	N	3254.1302	4065.7947	27.0624	2967.4520	3218.0202	inf	3427.8473	inf	33.8650	4.7207	5.4940	0.0424	7.5485	8.3941	0.0010	3.4750	4.1264	0.0539	0.0015	0.0014	0.0016	0.0025	0.0026	0.0000	0.0010	0.0000	0.0016	0.0013	0.9970	-0.2814	-0.0000	1.0132	11.0342	0.3440	12.7513	0.5146	0.5139	0.0007	0.2516	0.2516	0.0000	0.2630	0.2623	0.0007	0.0000	0.0000	0.0000	0.0000	0.0000	0.0000	0.0000	0.0000	0.0000	0.1090	0.0935	0.0155	0.0333	0.0300	0.0034	0.0757	0.0636	0.0121	0.0340	0.0183	0.0157	0.0097	0.0095	0.0002	0.0243	0.0088	0.0155	3254.1302	4065.7947	27.0624	2967.4520	3218.0202	inf	3427.8473	inf	33.8650	0.0015	0.0014	0.0016	0.0025	0.0026	0.0000	0.0010	0.0000	0.0016
2	87	0.0173	6	0	1	0	0	0	0	0	0	N	N	N	N	N	N	N	N	N	N	N	N	12.2530	9.2065	35.9508	15.6056	15.2340	inf	11.2182	inf	35.6734	0.7728	0.5557	2.3740	1.6387	1.6470	0.2195	0.5054	0.1595	2.3990	0.0631	0.0604	0.0660	0.1050	0.1081	0.0000	0.0451	0.0000	0.0673	0.5792	0.9988	-0.0049	-0.0001	1.0132	3.9739	0.3440	6.2820	0.0269	0.0170	0.0099	0.0134	0.0134	0.0000	0.0134	0.0036	0.0098	0.0011	0.0005	0.0005	0.0005	0.0005	0.0000	0.0005	0.0000	0.0005	0.0348	0.0306	0.0042	0.0082	0.0082	0.0000	0.0266	0.0225	0.0041	0.0168	0.0088	0.0080	0.0050	0.0049	0.0001	0.0117	0.0039	0.0079	12.2530	9.2065	35.9508	15.6056	15.2340	inf	11.2182	inf	35.6734	0.0631	0.0604	0.0660	0.1050	0.1081	0.0000	0.0451	0.0000	0.0673
2	88	0.0124	5	0	1	0	0	0	0	0	0	N	N	N	N	N	N	N	N	N	N	N	N	7.6724	5.8347	22.3162	11.5814	11.5094	6.4807	inf	22.3409	1.5878	1.1447	4.8866	3.3957	3.4116	0.0000	1.0362	0.3317	4.9320	0.2070	0.1962	0.2190	0.2932	0.2964	0.0000	0.1599	0.0000	0.2208	0.5734	0.9993	-0.0000	-0.0003	1.0132	0.0056	0.3440	5.7021	0.0001	0.0001	0.0000	0.0000	0.0000	0.0000	0.0000	0.0000	0.0000	0.0027	0.0014	0.0014	0.0014	0.0014	0.0000	0.0014	0.0000	0.0014	0.0000	0.0000	0.0000	0.0000	0.0000	0.0000	0.0000	0.0000	0.0000	0.0133	0.0070	0.0063	0.0047	0.0046	0.0001	0.0086	0.0024	0.0062	7.6724	5.8347	22.3162	11.5814	11.5094	0.0000	6.4807	inf	22.3409	0.2070	0.1962	0.2190	0.2932	0.2964	0.0000	0.1599	0.0000	0.2208	
2	92	0.1008	9	0	0	0	0	0	0	0	0	N	N	N	N	N	N	N	N	N	N	N	N	2.7284	1.0512	15.4968	2.6863	1.9491	134.4312	3.0432	inf	13.3584	0.0379	0.0134	0.2420	0.0507	0.0386	0.5795	0.0320	0.0000	0.2182	0.0139	0.0127	0.0156	0.0189	0.0198	0.0043	0.0105	0.0000	0.0163	2.1763	0.8438	0.0013	-0.0002	1.0132	24.8682	0.3440	39.8855	0.0093	0.0029	0.0064	0.0039	0.0029	0.0010	0.0054	0.0000	0.0054	0.0013	0.0007	0.0006	0.0007	0.0007	0.0000	0.0006	0.0000	0.0006	0.2444	0.2182	0.0263	0.0775	0.0757	0.0017	0.1670	0.1424	0.0245	0.0951	0.0564	0.0388	0.0386	0.0363	0.0023	0.0566	0.0201	0.0365	2.7284	1.0512	15.4968	2.6863	1.9491	134.4312	3.0432	inf	13.3584	0.0139	0.0127	0.0156	0.0189	0.0198	0.0043	0.0105	0.0000	0.0163
3	4	0.1025	12	1	0	1	1	0	0	0	0	N	N	N	N	N	N	N	N	N	N	N	N	33.4439	26.0519	47.8450	44.3794	0.0000	0.0000	0.1734	0.2241	0.0000	0.7223	0.7408	0.0000	0.0000	0.0000	0.0000	0.0052	0.0086	0.0000	0.0151	0.0167	0.0000	0.0009	0.0020	0.0000	0.0000	0.0000	-0.0011	-0.0001	1.6908	1.0033	6.8645	4.2117	0.0020	0.0020	0.0000	0.0020	0.0020	0.0000	0.0000	0.0000	0.0000	0.0002	0.0002	0.0000	0.0001	0.0001	0.0000	0.0000	0.0000	0.0000	0.0116	0.0090	0.0026	0.0028	0.0027	0.0001	0.0088	0.0063	0.0026	0.0309	0.0186	0.0123	0.0093	0.0084	0.0009	0.0216	0.0102	0.0114	33.4439	26.0519	0.0000	47.8450	44.3794	0.0000	0.0000	0.0000	0.0000	0.0052	0.0086	0.0000	0.0151	0.0167	0.0000	0.0009	0.0020	0.0000			
3	5	0.0358	7	0	1	0	1	0	0	0	0	N	N	N	N	N	N	N	N	N	N	N	N	0.0000	0.0000	0.0000	0.0000	0.0000	0.0000	0.0000	0.0000	0.0000	0.0000	0.0000	0.0000	0.0000	0.0000	0.0000	0.0000	0.0000	0.0000	0.0000	0.0000	1.6908	10.6531	6.8645	11.0503	0.0000	0.0000	0.0000	0.0000	0.0000	0.0000	0.0000	0.0000	0.0000	0.0000	0.0000	0.0000	0.0000	0.0000	0.0000	0.0000	0.0000	0.0000	0.0935	0.0798	0.0137	0.0149	0.0145	0.0004	0.0786	0.0653	0.0134	0.1248	0.0800	0.0447	0.0343	0.0319	0.0024	0.0905	0.0481	0.0424	0.0000	0.0000	0.0000	0.0000	0.0000	0.0000	0.0000	0.0000	0.0000	0.0000	0.0000	0.0000	0.0000	0.0000	0.0000	0.0000	0.0000	0.0000											
3	6	0.0450	10	0	0	1	2	0	0	0	0	N	N	N	Y	N	N	N	N	N	N	N	N	0.0000	0.0000	0.0000	0.0000	0.0000	0.0000	0.0000	0.0000	0.0000	0.0000	0.0000	0.0000	0.0000	0.0000	0.0000	0.0000	0.0000	0.0000	0.0000	0.0000	1.6908	0.0000	6.8645	0.7909	0.0000	0.0000	0.0000	0.0000	0.0000	0.0000	0.0000	0.0000	0.0000	0.0000	0.0000	0.0000	0.0000	0.0000	0.0000	0.0000	0.0000	0.0000	0.0000	0.0000	0.0000	0.0000	0.0000	0.0000	0.0000	0.0000	0.0000	0.0055	0.0033	0.0022	0.0015	0.0014	0.0001	0.0040	0.0019	0.0021	0.0000	0.0000	0.0000	0.0000	0.0000	0.0000	0.0000	0.0000	0.0000	0.0000	0.0000	0.0000	0.0000	0.0000	0.0000	0.0000	0.0000	0.0000											
3	7	0.0762	9	1	1	0	1	0	0	0	0	N	N	N	N	N	N	N	N	N	N	N	N	0.0000	0.0000	0.0000	0.0000	0.0000	0.0000	0.0000	0.0000	0.0000	0.0000	0.0000	0.0000	0.0000	0.0000	0.0000	0.4311	0.7106	0.0000	1.4735	1.6687	0.0000	0.0105	0.0213	0.0000	0.0000	0.0000	-0.0236	1.6908	3.0003	6.8645	13.2183	0.0000	0.0000	0.0000	0.0000	0.0000	0.0000	0.0000	0.0000	0.0000	0.0384	0.0384	0.0000	0.0378	0.0378	0.0000	0.0007	0.0007	0.0000	0.0263	0.0222	0.0041	0.0041	0.0039	0.0002	0.0222	0.0183	0.0039	0.0892	0.0541	0.0351	0.0256	0.0226	0.0030	0.0635	0.0315	0.0321	0.0000	0.0000	0.0000	0.0000	0.0000	0.0000	0.0000	0.0000	0.0000	0.4311	0.7106	0.0000	1.4735	1.6687	0.0000	0.0105	0.0213	0.0000				
3	8	0.0971	11	1	0	1	1	0	0	0	0	N	N	N	N	N	N	N	N	N	N	N	N	0.0052	0.0000	inf	0.0000	0.0000	8.6117	0.0000	inf	0.0990	0.0000	0.5030	0.0000	0.0000	0.0000	0.1239	0.0000	0.5210	18.9139	29.9744	0.0000	61.2301	68.6021	0.0000	0.0144	0.0296	0.0000	inf	0.0000	0.0005	-0.6088	1.6908	1.0034	6.8645	8.6617	0.0010	0.0000	0.0010	0.0000	0.0000	0.0000	0.0010	0.0000	0.0010	0.9903	0.9903	0.0000	0.9898	0.9898	0.0000	0.0005	0.0005	0.0000	0.0101	0.0081	0.0020	0.0020	0.0020	0.0001	0.0081	0.0062	0.0019	0.0544	0.0330	0.0213	0.0162	0.0144	0.0017	0.0382	0.0186	0.0196	0.0054	0.0000	inf	0.0000	0.0000	0.0000	8.6117	0.0000	inf	18.2114	29.9744	0.0000	61.2301	68.6021	0.0000	0.0144	0.0296	0.0000	
3	9	0.0354	7	0	0	1	1	0	0	0	0	N	N	N	N	N	N	N	N	N	N	N	N	0.0000	0.0000	0.0000	0.0000	0.0000	0.0000	0.0000	0.0000	0.0000	0.0000	0.0000	0.0000	0.0000	0.0000	0.0000	0.0078	0.0125	0.0000	0.0336	0.0359	0.0000	0.0001	0.0002	0.0000	0.0000	0.0000	-0.0006	1.6908	7.0042	6.8645	16.5712	0.0000	0.0000	0.0000	0.0000	0.0000	0.0000	0.0000	0.0000	0.0000	0.0010	0.0010	0.0000	0.0010	0.0010	0.0000	0.0000	0.0000	0.0000	0.0610	0.0519	0.0090	0.0113	0.0106	0.0006	0.0497	0.0413	0.0084	0.1323	0.0821	0.0502	0.0303	0.0284	0.0019	0.1019	0.0536	0.0483	0.0000	0.0000	0.0000	0.0000	0.0000	0.0000	0.0000	0.0000	0.0000	0.0078	0.0125	0.0000	0.0336	0.0359	0.0000	0.0001	0.0002	0.0000				
3	10	0.0697	9	1	1	0	1	0	0	0	0	N	N	N	N	N	N	N	N	N	N	N	N	0.0000	0.0000	0.0000	0.0000	0.0000	0.0000	0.0000	0.0000	0.0000	0.0000	0.0000	0.0000	0.0000	0.0000	0.0000	0.0000	0.0000	13.8167	20.5684	0.0492	32.6939	35.8067	0.0218	0.0284	0.0000	0.0522	0.0013	0.0000	-0.5302	1.6908	2.0043	6.8645	5.1253	0.0000	0.0000	0.0000	0.0000	0.0000	0.0000	0.0000	0.0000	0.0000	0.8643	0.8632	0.0012	0.8632	0.8632	0.0000	0.0011	0.0000	0.0011	0.0190	0.0161	0.0028	0.0034	0.0033	0.0001	0.0155	0.0128	0.0027	0.0655	0.0420	0.0236	0.0264	0.0241	0.0023	0.0391	0.0179	0.0213	0.0000	0.0000	0.0000	0.0000	0.0000	0.0000	0.0000	0.0000	0.0000	13.1879	20.5684	0.0492	32.6939	35.8067	0.0218	0.0284	0.0000	0.0522		
3	11	0.0853	13	0	1	0	1	0	0	0	0	N	N	N	N	N	N	N	N	N	N	N	N	0.0000	0.0000	0.0000	0.0000	0.0000	0.0000	0.0000	0.0000	0.0000	0.0000	0.0000	0.0000	0.0000	0.0000	0.0000	0.0000	0.0000	0.0000	0.0000	0.0000	1.6908	3.0002	6.8645	13.3035	0.0000	0.0000	0.0000	0.0000	0.0000	0.0000	0.0000	0.0000	0.0000	0.0000	0.0000	0.0000	0.0000	0.0000	0.0000	0.0000	0.0000	0.0000	0.0269	0.0227	0.0042	0.0047	0.0045	0.0002	0.0222	0.0182	0.0040	0.0954	0.0580	0.0374	0.0312	0.0270	0.0042	0.0642	0.0309	0.0333	0.0000	0.0000	0.0000	0.0000	0.0000	0.0000	0.0000	0.0000	0.0000	0.0000	0.0000	0.0000	0.0000	0.0000	0.0000	0.0000	0.0000	0.0000											
3	12	0.0450	10	0	1	0	2	0	0	0	0	N	N	N	Y	N	N	N	N	N	N	N	N	0.0000	0.0000	0.0000	0.0000	0.0000	0.0000	0.0000	0.0000	0.0000	0.0000	0.0000	0.0000	0.0000	0.0000	0.0000	0.0000	0.0000	0.0000	0.0000	0.0000	1.6908	1.0000	6.8645	2.2091	0.0000	0.0000	0.0000	0.0000	0.0000	0.0000	0.0000	0.0000	0.0000	0.0000	0.0000	0.0000	0.0000	0.0000	0.0000	0.0000	0.0000	0.0000	0.0090	0.0076	0.0014	0.0016	0.0015	0.0001	0.0074	0.0061	0.0013	0.0176	0.0102	0.0074	0.0037	0.0033	0.0004	0.0139	0.0069	0.0070	0.0000	0.0000	0.0000	0.0000	0.0000	0.0000	0.0000	0.0000	0.0000	0.0000	0.0000	0.0000	0.0000	0.0000	0.0000	0.0000	0.0000	0.0000											
3	13	0.0438	9	0	0	0	2	0	0	0	0	N	N	N	Y	N	N	N	N	N	N	N	N	0.0000	0.0000	0.0000	0.0000	0.0000	0.0000	0.0000	0.0000	0.0000	0.0000	0.0000	0.0000	0.0000	0.0000	0.0000	0.0000	0.0000	0.0000	0.0000	0.0000	1.6908	1.0009	6.8645	1.2082	0.0000	0.0000	0.0000	0.0000	0.0000	0.0000	0.0000	0.0000	0.0000	0.0000	0.0000	0.0000	0.0000	0.0000	0.0000	0.0000	0.0000	0.0000	0.0090	0.0076	0.0014	0.0016	0.0015	0.0001	0.0074	0.0061	0.0013	0.0112	0.0064	0.0048	0.0020	0.0018	0.0003	0.0091	0.0046	0.0045	0.0000	0.0000	0.0000	0.0000	0.0000	0.0000	0.0000	0.0000	0.0000	0.0000	0.0000	0.0000	0.0000	0.0000	0.0000	0.0000	0.0000	0.0000											
3	14	0.0800	11	0	1	0	1	0	0	0	0	N	N	N	N	N	N	N	N	N	N	N	N	0.0000	0.0000	0.0000	0.0000	0.0000	0.0000	0.0000	0.0000	0.0000	0.0000	0.0000	0.0000	0.0000	0.0000	0.0000	0.0022	0.0037	0.0000	0.0065	0.0077	0.0000	0.0002	0.0004	0.0000	0.0000	0.0000	-0.0001	1.6908	3.0000	6.8645	13.0223	0.0000	0.0000	0.0000	0.0000	0.0000	0.0000	0.0000	0.0000	0.0000	0.0002	0.0002	0.0000	0.0002	0.0002	0.0000	0.0000	0.0000	0.0000	0.0263	0.0222	0.0041	0.0041	0.0039	0.0002	0.0222	0.0183	0.0039	0.0823	0.0486	0.0337	0.0263	0.0222	0.0042	0.0560	0.0264	0.0296	0.0000	0.0000	0.0000	0.0000	0.0000	0.0000	0.0000	0.0000	0.0000	0.0022	0.0037	0.0000	0.0065	0.0077	0.0000	0.0002	0.0004	0.0000				
3	15	0.0438	9	0	0	0	2	0	0	0	0	N	N	N	Y	N	N	N	N	N	N	N	N	0.0000	0.0000	0.0000	0.0000	0.0000	0.0000	0.0000	0.0000	0.0000	0.0000	0.0000	0.0000	0.0000	0.0000	0.0000	0.0000	0.0000	0.0000	0.0000	0.0000	1.6908	0.9991	6.8645	0.0040	0.0000	0.0000	0.0000	0.0000	0.0000	0.0000	0.0000	0.0000	0.0000	0.0000	0.0000	0.0000	0.0000	0.0000	0.0000	0.0000	0.0000	0.0000	0.0090	0.0076	0.0014	0.0016	0.0015	0.0001	0.0074	0.0061	0.0013	0.0051	0.0029	0.0022	0.0009	0.0008	0.0001	0.0042	0.0021	0.0021	0.0000	0.0000	0.0000	0.0000	0.0000	0.0000	0.0000	0.0000	0.0000	0.0000	0.0000	0.0000	0.0000	0.0000	0.0000	0.0000	0.0000	0.0000											
3	16	0.0308	8	0	0	0	2	0	0	0	0	N	N	N	Y	N	N	N	N	N	N	N	N	0.0000	0.0000	0.0000	0.0000	0.0000	0.0000	0.0000	0.0000	0.0000	0.0000	0.0000	0.0000	0.0000	0.0029	0.0047	0.0000	0.0137	0.0147	0.0000	0.0000	0.0000	0.0000	0.0000	0.0000	-0.0003	1.6908	5.0907	6.8645	19.6153	0.0000	0.0000	0.0000	0.0000	0.0000	0.0000	0.0000	0.0000	0.0000	0.0004	0.0004	0.0000	0.0004	0.0004	0.0000	0.0000	0.0000	0.0000	0.0505	0.0430	0.0075	0.0105	0.0102	0.0004	0.0400	0.0328	0.0071	0.1454	0.0894	0.0560	0.0307	0.0285	0.0022	0.1147	0.0609	0.0538	0.0000	0.0000	0.0000	0.0000	0.0000	0.0000	0.0000	0.0000	0.0000	0.0029	0.0047	0.0000	0.0137	0.0147	0.0000	0.0000	0.0000	0.0000						
3	17	0.0998	10	1	0	1	1	0	0	0	0	N	N	N	N	N	N	N	N	N	N	N	N	0.0000	0.0000	0.0000	0.0000	0.0000	0.0000	0.0000	0.0000	0.0000	0.0000	0.0000	0.0000	0.0000	0.0040	0.0072	0.0000	0.0182	0.0207	0.0000	0.0000	0.0000	0.0000	0.0000	0.0000	-0.0000	1.6908	1.0000	6.8645	1.0003	0.0000	0.0000	0.0000	0.0000	0.0000	0.0000	0.0000	0.0000	0.0000	0.0000	0.0000	0.0000	0.0000	0.0000	0.0000	0.0000	0.0000	0.0000	0.0090	0.0076	0.0014	0.0014	0.0014	0.0001	0.0075	0.0062	0.0013	0.0101	0.0055	0.0046	0.0022	0.0019	0.0003	0.0079	0.0036	0.0043	0.0000	0.0000	0.0000	0.0000	0.0000	0.0000	0.0000	0.0000	0.0000	0.0040	0.0072	0.0000	0.0182	0.0207	0.0000	0.0000	0.0000	0.0000						
3	18	0.0461	8	0	1	0	1	0	0	0	0	N	N	N	N	N	N	N	N	N	N	N	N	0.0000	0.0000	0.0000	0.0000	0.0000	0.0000	0.0000	0.0000	0.0000	0.0000	0.0000	0.0000	0.0000	0.0003	0.0003	0.0000	0.0006	0.0006	0.0000	0.0000	0.0000	0.0000	0.0000	0.0000	-0.0000	1.6908	0.0005	6.8645	9.9413	0.0000	0.0000	0.0000	0.0000	0.0000	0.0000	0.0000	0.0000	0.0000	0.0000	0.0000	0.0000	0.0000	0.0000	0.0000	0.0000	0.0000	0.0000	0.0054	0.0049	0.0005	0.0052	0.0047	0.0005	0.0002	0.0002	0.0000	0.1200	0.0870	0.0330	0.0496	0.0471	0.0025	0.0704	0.0399	0.0305	0.0000	0.0000	0.0000	0.0000	0.0000	0.0000	0.0000	0.0000	0.0000	0.0003	0.0003	0.0000	0.0006	0.0006	0.0000	0.0000	0.0000	0.0000						
3	19	0.0697	9	1	1	0	1	0	0	0	0	N	N	N	N	N	N	N	N	N	N	N	N	0.0000	0.0000	0.0000	0.0000	0.0000	0.0000	0.0000	0.0000	0.0000	0.0000	0.0000	0.0000	0.0000	0.0000	0.0000	0.0000	0.0000	0.0000	15.4625	25.6266	0.0267	49.7897	55.2856	0.0068	0.1092	0.2004	0.0283	0.0007	0.0000	-1.1707	1.6908	4.7901	6.8645	15.0000	0.0000	0.0000	0.0000	0.0000	0.0000	0.0000	0.0000	0.0000	0.0000	1.9065	1.9052	0.0013	1.8972	1.8972	0.0000	0.0093	0.0080	0.0013	0.0430	0.0364	0.0066	0.0072	0.0069	0.0003	0.0358	0.0296	0.0062	0.1233	0.0743	0.0490	0.0381	0.0343	0.0038	0.0852	0.0400	0.0452	0.0000	0.0000	0.0000	0.0000	0.0000	0.0000	0.0000	0.0000	0.0000	15.4625	25.6266	0.0267	49.7897	55.2856	0.0068	0.1092	0.2004	0.0283	
3	20	0.0668	8	1	1	0	1	0	0	0	0	N	N	N	N	N	N	N	N	N	N	N	N	0.0000	0.0000	0.0000	0.0000	0.0000	0.0000	0.0000	0.0000	0.0000	0.0000	0.0000	0.0000	0.0000	0.0000	0.0000	0.0000	0.0000	0.0000	3.6917	6.2968	0.0703	13.5187	14.4321	1.8968	0.0077	0.0131	0.0033	0.0080	0.0000	-0.0677	1.6908	1.2170	6.8645	3.4655	0.0000	0.0000	0.0000	0.0000	0.0000	0.0000	0.0000	0.0000	0.0000	0.1116	0.1107	0.0009	0.1115	0.1106	0.0008	0.0002	0.0001	0.0000	0.0108	0.0091	0.0017	0.0017	0.0016	0.0001	0.0091	0.0075	0.0016	0.0302	0.0176	0.0127	0.0082	0.0077	0.0006	0.0220	0.0099	0.0121	0.0000	0.0000	0.0000	0.0000	0.0000	0.0000	0.0000	0.0000	0.0000	3.6917	6.2968	0.0703	13.5187	14.4321	1.4637	0.0077	0.0131	0.0033	
3	21	0.0800	10	0	1	0	1	0	0	0	0	N	N	N	N	N	N	N	N	N	N	N	N	0.0000	0.0000	0.0000	0.0000	0.0000	0.0000	0.0000	0.0000	0.0000	0.0000	0.0000	0.0000	0.0000	0.0000	0.0000	0.0025	0.0042	0.0000	0.0073	0.0087	0.0000	0.0002	0.0004	0.0000	0.0000	0.0000	-0.0001	1.6908	2.0000	6.8645	11.9921	0.0000	0.0000	0.0000	0.0000	0.0000	0.0000	0.0000	0.0000	0.0000	0.0002	0.0002	0.0000	0.0002	0.0002	0.0000	0.0000	0.0000	0.0000	0.0176	0.0148	0.0027	0.0027	0.0026	0.0001	0.0148	0.0122	0.0026	0.0724	0.0428	0.0296	0.0232	0.0196	0.0037	0.0492	0.0232	0.0260	0.0000	0.0000	0.0000	0.0000	0.0000	0.0000	0.0000	0.0000	0.0000	0.0025	0.0042	0.0000	0.0073	0.0087	0.0000	0.0002	0.0004	0.0000				
3	22	0.0668	8	0	1	0	1	0	0	0	0	N	N	N	N	N	N	N	N	N	N	N	N	0.0000	0.0000	0.0000	0.0000	0.0000	0.0000	0.0000	0.0000	0.0000	0.0000	0.0000	0.0000	0.0000	0.0000	0.0000	0.0000	0.0000	0.0000	0.0000	0.0000	1.6908	2.9966	6.8645	14.0927	0.0000	0.0000	0.0000	0.0000	0.0000	0.0000	0.0000	0.0000	0.0000	0.0000	0.0000	0.0000	0.0000	0.0000	0.0000	0.0000	0.0000	0.0000	0.0263	0.0222	0.0041	0.0040	0.0038	0.0002	0.0223	0.0184	0.0039	0.0892	0.0507	0.0385	0.0204	0.0183	0.0021	0.0688	0.0324	0.0364	0.0000	0.0000	0.0000	0.0000	0.0000	0.0000	0.0000	0.0000	0.0000	0.0000	0.0000	0.0000	0.0000	0.0000	0.0000	0.0000	0.0000	0.0000											
3	25	0.0423	9	0	1	0	1	0	0	0	0	N	N	N	N	N	N	N	N	N	N	N	N	0.0000	0.0000	0.0000	0.0000	0.0000	0.0000	0.0000	0.0000	0.0000	0.0000	0.0000	0.0000	0.0000	0.0000	0.0000	0.0032	0.0052	0.0000	0.0068	0.0074	0.0000	0.0016	0.0033	0.0000	0.0000	0.0000	-0.0002	1.6908	3.8932	6.8645	15.3303	0.0000	0.0000	0.0000	0.0000	0.0000	0.0000	0.0000	0.0000	0.0000	0.0004	0.0004	0.0000	0.0003	0.0003	0.0000	0.0001	0.0001	0.0000	0.0389	0.0331	0.0057	0.0073	0.0071	0.0002	0.0316	0.0261	0.0055	0.1213	0.0750	0.0463	0.0381	0.0350	0.0031	0.0832	0.0400	0.0432	0.0000	0.0000	0.0000	0.0000	0.0000	0.0000	0.0000	0.0000	0.0000	0.0032	0.0052	0.0000	0.0068	0.0074	0.0000	0.0016	0.0033	0.0000				
3	26	0.0190	3	0	1	0	2	0	0	0	0	N	N	N	Y	N	N	N	N	N	N	N	N	0.0000	0.0000	0.0000	0.0000	0.0000	0.0000	0.0000	0.0000	0.0000	0.0000	0.0000	0.0000	0.0000	8.5779	15.8626	0.0000	42.0355	43.6848	0.0000	0.0000	0.0000	0.0000	0.0000	0.0000	-0.5186	1.6908	4.2937	6.8645	9.5692	0.0000	0.0000	0.0000	0.0000	0.0000	0.0000	0.0000	0.0000	0.0000	0.8436	0.8436	0.0000	0.8436	0.8436	0.0000	0.0000	0.0000	0.0000	0.0471	0.0403	0.0068	0.0089	0.0088	0.0002	0.0382	0.0316	0.0066	0.0983	0.0532	0.0452	0.0201	0.0193	0.0008	0.0783	0.0339	0.0444	0.0000	0.0000	0.0000	0.0000	0.0000	0.0000	0.0000	0.0000	0.0000	8.5779	15.8626	0.0000	42.0355	43.6848	0.0000	0.0000	0.0000	0.0000						
3	27	0.0336	7	1	1	0	1	0	0	0	0	N	N	N	N	N	N	N	N	N	N	N	N	0.0000	0.0000	0.0000	0.0000	0.0000	0.0000	0.0000	0.0000	0.0000	0.0000	0.0000	0.0000	0.0000	0.0000	0.0000	0.0000	8.6115	7.5082	10.0942	19.6534	22.3639	0.0000	5.5143	0.0000	10.7641	1.0003	0.0000	-0.2293	1.6908	16.0000	6.8645	34.8566	0.0000	0.0000	0.0000	0.0000	0.0000	0.0000	0.0000	0.0000	0.0000	1.9997	0.9997	1.0000	0.9997	0.9997	0.0000	1.0000	0.0000	1.0000	0.1344	0.1134	0.0210	0.0194	0.0186	0.0009	0.1149	0.0948	0.0201	0.2322	0.1331	0.0991	0.0509	0.0447	0.0062	0.1813	0.0884	0.0929	0.0000	0.0000	0.0000	0.0000	0.0000	0.0000	0.0000	0.0000	0.0000	8.6115	7.5082	10.0942	19.6534	22.3639	0.0000	5.5143	0.0000	10.7641			
3	28	0.0393	9	0	0	1	1	0	0	0	0	N	N	N	N	N	N	N	N	N	N	N	N	0.0000	0.0000	0.0000	0.0000	0.0000	0.0000	0.0000	0.0000	0.0000	0.0000	0.0000	0.0000	0.0000	0.0000	0.0000	0.0000	0.0000	0.0000	0.0000	0.0000	1.6908	0.0000	6.8645	3.0088	0.0000	0.0000	0.0000	0.0000	0.0000	0.0000	0.0000	0.0000	0.0000	0.0000	0.0000	0.0000	0.0000	0.0000	0.0000	0.0000	0.0000	0.0000	0.0000	0.0000	0.0000	0.0000	0.0000	0.0000	0.0000	0.0000	0.0000	0.0150	0.0085	0.0064	0.0034	0.0027	0.0007	0.0115	0.0058	0.0057	0.0000	0.0000	0.0000	0.0000	0.0000	0.0000	0.0000	0.0000	0.0000	0.0000	0.0000	0.0000	0.0000	0.0000	0.0000	0.0000	0.0000	0.0000											
3	29	0.0269	6	0	1	0	1	0	0	0	0	N	N	N	N	N	N	N	N	N	N	N	N	0.0000	0.0000	0.0000	0.0000	0.0000	0.0000	0.0000	0.0000	0.0000	0.0000	0.0000	0.0000	0.0000	10.1618	0.0000	47.0184	0.0000	0.0000	0.0000	11.6025	0.0000	47.2333	inf	0.0000	0.3852	1.6908	5.0749	6.8645	14.8264	0.0000	0.0000	0.0000	0.0000	0.0000	0.0000	0.0000	0.0000	0.0000	0.9998	0.0000	0.9998	0.0000	0.0000	0.0000	0.9998	0.0000	0.9998	0.0453	0.0383	0.0070	0.0076	0.0072	0.0003	0.0377	0.0311	0.0066	0.1011	0.0574	0.0437	0.0149	0.0134	0.0015	0.0862	0.0440	0.0422	0.0000	0.0000	0.0000	0.0000	0.0000	0.0000	0.0000	0.0000	0.0000	9.8892	0.0000	22.8587	0.0000	0.0000	0.0000	11.6025	0.0000	23.6971						
3	30	0.0668	8	1	0	1	1	0	0	0	0	N	N	N	N	N	N	N	N	N	N	N	N	0.0000	0.0000	0.0000	0.0000	0.0000	0.0000	0.0000	0.0000	0.0000	0.0000	0.0000	0.0000	0.0000	0.0000	0.0000	0.0000	0.0000	0.0000	0.0000	0.0000	1.6908	5.9956	6.8645	15.0927	0.0000	0.0000	0.0000	0.0000	0.0000	0.0000	0.0000	0.0000	0.0000	0.0000	0.0000	0.0000	0.0000	0.0000	0.0000	0.0000	0.0000	0.0000	0.0520	0.0440	0.0080	0.0079	0.0075	0.0004	0.0441	0.0364	0.0077	0.1074	0.0609	0.0465	0.0241	0.0216	0.0025	0.0832	0.0393	0.0439	0.0000	0.0000	0.0000	0.0000	0.0000	0.0000	0.0000	0.0000	0.0000	0.0000	0.0000	0.0000	0.0000	0.0000	0.0000	0.0000	0.0000	0.0000											
3	31	0.0139	2	0	1	0	1	0	0	0	0	N	N	N	N	N	N	N	N	N	N	N	N	0.0218	0.0682	0.0000	0.0000	0.0221	0.0684	0.0079	0.0000	0.0536	0.0000	0.0000	0.0000	0.0098	0.0000	0.0546	0.3647	0.0000	0.7857	0.0017	0.0000	0.0376	0.4438	0.0000	0.7986	inf	inf	0.0001	0.0082	1.6908	1.4218	6.8645	7.0463	0.0001	0.0000	0.0001	0.0000	0.0000	0.0000	0.0001	0.0000	0.0001	0.0213	0.0000	0.0213	0.0000	0.0000	0.0000	0.0213	0.0000	0.0213	0.0157	0.0134	0.0023	0.0030	0.0030	0.0000	0.0127	0.0104	0.0023	0.0583	0.0313	0.0271	0.0104	0.0100	0.0005	0.0479	0.0213	0.0266	0.0218	0.0000	0.0682	0.0000	0.0000	0.0000	0.0221	0.0000	0.0684	0.3647	0.0000	0.7857	0.0017	0.0000	0.0376	0.4438	0.0000	0.7986			
3	34	0.0668	8	1	0	1	1	0	0	0	0	N	N	N	N	N	N	N	N	N	N	N	N	0.0000	0.0000	0.0000	0.0000	0.0000	0.0000	0.0000	0.0000	0.0000	0.0000	0.0000	0.0000	0.0000	9.8420	0.0000	45.3952	0.0000	0.0000	0.0000	12.5543	0.0000	48.2235	inf	0.0000	0.3853	1.6908	4.9966	6.8645	15.0870	0.0000	0.0000	0.0000	0.0000	0.0000	0.0000	0.0000	0.0000	0.0000	1.0000	0.0000	1.0000	0.0000	0.0000	0.0000	1.0000	0.0000	1.0000	0.0435	0.0368	0.0067	0.0066	0.0063	0.0003	0.0369	0.0305	0.0064	0.1028	0.0583	0.0445	0.0232	0.0208	0.0024	0.0797	0.0376	0.0421	0.0000	0.0000	0.0000	0.0000	0.0000	0.0000	0.0000	0.0000	0.0000	9.7249	0.0000	22.4820	0.0000	0.0000	0.0000	12.5543	0.0000	23.7724						
3	35	0.0393	9	0	1	0	1	0	0	0	0	N	N	N	N	N	N	N	N	N	N	N	N	0.0000	0.0000	0.0000	0.0000	0.0000	0.0000	0.0000	0.0000	0.0000	0.0000	0.0000	0.0000	0.0000	0.0000	0.0000	0.0000	0.0000	0.0000	0.0000	0.0000	1.6908	1.0000	6.8645	1.0102	0.0000	0.0000	0.0000	0.0000	0.0000	0.0000	0.0000	0.0000	0.0000	0.0000	0.0000	0.0000	0.0000	0.0000	0.0000	0.0000	0.0000	0.0000	0.0088	0.0075	0.0013	0.0014	0.0014	0.0000	0.0074	0.0061	0.0012	0.0101	0.0057	0.0043	0.0023	0.0019	0.0005	0.0077	0.0039	0.0039	0.0000	0.0000	0.0000	0.0000	0.0000	0.0000	0.0000	0.0000	0.0000	0.0000	0.0000	0.0000	0.0000	0.0000	0.0000	0.0000	0.0000	0.0000											
3	36	0.0393	8	0	0	0	1	0	0	0	0	N	N	N	N	N	N	N	N	N	N	N	N	0.0000	0.0000	0.0000	0.0000	0.0000	0.0000	0.0000	0.0000	0.0000	0.0000	0.0000	0.0000	0.0000	0.0000	0.0000	0.0000	0.0000	0.0000	0.0000	0.0000	1.6908	0.0000	6.8645	0.0263	0.0000	0.0000	0.0000	0.0000	0.0000	0.0000	0.0000	0.0000	0.0000	0.0000	0.0000	0.0000	0.0000	0.0000	0.0000	0.0000	0.0000	0.0000	0.0000	0.0000	0.0000	0.0000	0.0000	0.0000	0.0000	0.0000	0.0000	0.0002	0.0001	0.0001	0.0001	0.0001	0.0000	0.0002	0.0001	0.0001	0.0000	0.0000	0.0000	0.0000	0.0000	0.0000	0.0000	0.0000	0.0000	0.0000	0.0000	0.0000	0.0000	0.0000	0.0000	0.0000	0.0000	0.0000											
3	37	0.0998	9	1	1	1	1	0	0	0	0	N	N	N	N	N	N	N	N	N	N	N	N	0.0000	0.0000	0.0000	0.0000	0.0000	0.0000	0.0000	0.0000	0.0000	0.0000	0.0000	0.0000	0.0000	28.9470	46.2144	0.0000	0.0000	0.0000	0.0000	33.1322	71.0137	0.0000	0.0000	0.0000	-0.6147	1.6908	3.0000	6.8645	5.0002	0.0000	0.0000	0.0000	0.0000	0.0000	0.0000	0.0000	0.0000	0.0000	1.0000	1.0000	0.0000	0.0000	0.0000	0.0000	1.0000	1.0000	0.0000	0.0267	0.0225	0.0042	0.0043	0.0041	0.0002	0.0224	0.0184	0.0040	0.0396	0.0216	0.0179	0.0086	0.0076	0.0010	0.0310	0.0141	0.0169	0.0000	0.0000	0.0000	0.0000	0.0000	0.0000	0.0000	0.0000	0.0000	25.2741	46.2144	0.0000	0.0000	0.0000	0.0000	32.2957	71.0137	0.0000						
3	38	0.0672	11	1	1	0	1	0	0	0	0	N	N	N	N	N	N	N	N	N	N	N	N	0.0000	0.0000	0.0000	0.0000	0.0000	0.0000	0.0000	0.0000	0.0000	0.0000	0.0000	0.0000	0.0000	0.0000	0.0000	0.0000	0.0000	0.0000	0.0000	0.0000	1.6908	0.0001	6.8645	0.1668	0.0000	0.0000	0.0000	0.0000	0.0000	0.0000	0.0000	0.0000	0.0000	0.0000	0.0000	0.0000	0.0000	0.0000	0.0000	0.0000	0.0000	0.0000	0.0000	0.0000	0.0000	0.0000	0.0000	0.0000	0.0000	0.0000	0.0000	0.0070	0.0054	0.0017	0.0033	0.0033	0.0000	0.0037	0.0020	0.0016	0.0000	0.0000	0.0000	0.0000	0.0000	0.0000	0.0000	0.0000	0.0000	0.0000	0.0000	0.0000	0.0000	0.0000	0.0000	0.0000	0.0000	0.0000											
3	39	0.0308	8	0	0	0	2	0	0	0	0	N	N	N	Y	N	N	N	N	N	N	N	N	0.0000	0.0000	0.0000	0.0000	0.0000	0.0000	0.0000	0.0000	0.0000	0.0000	0.0000	0.0000	0.0000	0.0000	0.0000	0.0000	0.0000	0.0000	0.0000	0.0000	1.6908	1.7673	6.8645	9.0239	0.0000	0.0000	0.0000	0.0000	0.0000	0.0000	0.0000	0.0000	0.0000	0.0000	0.0000	0.0000	0.0000	0.0000	0.0000	0.0000	0.0000	0.0000	0.0214	0.0184	0.0030	0.0056	0.0055	0.0001	0.0158	0.0129	0.0029	0.0835	0.0543	0.0292	0.0227	0.0217	0.0010	0.0608	0.0326	0.0282	0.0000	0.0000	0.0000	0.0000	0.0000	0.0000	0.0000	0.0000	0.0000	0.0000	0.0000	0.0000	0.0000	0.0000	0.0000	0.0000	0.0000	0.0000											
3	40	0.0284	7	0	0	0	2	0	0	0	0	N	N	N	Y	N	N	N	N	N	N	N	N	0.0000	0.0000	0.0000	0.0000	0.0000	0.0000	0.0000	0.0000	0.0000	0.0000	0.0000	0.0000	0.0000	0.0000	0.0000	0.0102	0.0114	0.0085	0.0000	0.0000	0.0000	0.0124	0.0160	0.0088	0.5556	0.0000	-0.0001	1.6908	3.4690	6.8645	3.7419	0.0000	0.0000	0.0000	0.0000	0.0000	0.0000	0.0000	0.0000	0.0000	0.0004	0.0003	0.0001	0.0000	0.0000	0.0000	0.0004	0.0003	0.0001	0.0322	0.0273	0.0048	0.0059	0.0056	0.0002	0.0263	0.0217	0.0046	0.0413	0.0236	0.0177	0.0074	0.0068	0.0006	0.0339	0.0168	0.0171	0.0000	0.0000	0.0000	0.0000	0.0000	0.0000	0.0000	0.0000	0.0000	0.0102	0.0114	0.0085	0.0000	0.0000	0.0000	0.0124	0.0160	0.0088				
3	41	0.0853	13	0	1	1	1	0	0	0	0	N	N	N	N	N	N	N	N	N	N	N	N	0.0000	0.0000	0.0000	0.0000	0.0000	0.0000	0.0000	0.0000	0.0000	0.0000	0.0000	0.0000	0.0000	0.0000	0.0000	0.0000	0.0000	0.0000	0.0000	0.0000	1.6908	0.9997	6.8645	10.1790	0.0000	0.0000	0.0000	0.0000	0.0000	0.0000	0.0000	0.0000	0.0000	0.0000	0.0000	0.0000	0.0000	0.0000	0.0000	0.0000	0.0000	0.0000	0.0090	0.0076	0.0014	0.0016	0.0015	0.0001	0.0075	0.0061	0.0013	0.0705	0.0440	0.0265	0.0239	0.0210	0.0030	0.0466	0.0231	0.0236	0.0000	0.0000	0.0000	0.0000	0.0000	0.0000	0.0000	0.0000	0.0000	0.0000	0.0000	0.0000	0.0000	0.0000	0.0000	0.0000	0.0000	0.0000											
3	42	0.0842	12	0	1	0	1	0	0	0	0	N	N	N	N	N	N	N	N	N	N	N	N	0.0000	0.0000	0.0000	0.0000	0.0000	0.0000	0.0000	0.0000	0.0000	0.0000	0.0000	0.0000	0.0000	0.0000	0.0000	0.0000	0.0000	0.0000	0.0000	0.0000	1.6908	0.0007	6.8645	0.9413	0.0000	0.0000	0.0000	0.0000	0.0000	0.0000	0.0000	0.0000	0.0000	0.0000	0.0000	0.0000	0.0000	0.0000	0.0000	0.0000	0.0000	0.0000	0.0000	0.0000	0.0000	0.0000	0.0000	0.0000	0.0000	0.0000	0.0000	0.0074	0.0045	0.0030	0.0027	0.0024	0.0003	0.0047	0.0020	0.0027	0.0000	0.0000	0.0000	0.0000	0.0000	0.0000	0.0000	0.0000	0.0000	0.0000	0.0000	0.0000	0.0000	0.0000	0.0000	0.0000	0.0000	0.0000											
3	43	0.0668	8	1	0	1	1	0	0	0	0	N	N	N	N	N	N	N	N	N	N	N	N	0.0000	0.0000	0.0000	0.0000	0.0000	0.0000	0.0000	0.0000	0.0000	0.0000	0.0000	0.0000	0.0000	0.0000	0.0000	0.0000	0.0000	0.0000	0.0000	0.0000	1.6908	1.9995	6.8645	12.0029	0.0000	0.0000	0.0000	0.0000	0.0000	0.0000	0.0000	0.0000	0.0000	0.0000	0.0000	0.0000	0.0000	0.0000	0.0000	0.0000	0.0000	0.0000	0.0177	0.0149	0.0027	0.0027	0.0026	0.0001	0.0149	0.0123	0.0026	0.0749	0.0427	0.0322	0.0174	0.0157	0.0017	0.0575	0.0269	0.0305	0.0000	0.0000	0.0000	0.0000	0.0000	0.0000	0.0000	0.0000	0.0000	0.0000	0.0000	0.0000	0.0000	0.0000	0.0000	0.0000	0.0000	0.0000											
3	44	0.0336	7	1	1	0	1	0	0	0	0	N	N	N	N	N	N	N	N	N	N	N	N	0.0000	0.0000	0.0000	0.0000	0.0000	0.0000	0.0000	0.0000	0.0000	0.0000	0.0000	0.0000	0.0000	0.0017	0.0030	0.0000	0.0000	0.0000	0.0000	0.0023	0.0046	0.0000	0.0000	0.0000	-0.0002	1.6908	10.0000	6.8645	26.8440	0.0000	0.0000	0.0000	0.0000	0.0000	0.0000	0.0000	0.0000	0.0000	0.0003	0.0003	0.0000	0.0000	0.0000	0.0000	0.0003	0.0003	0.0000	0.0858	0.0723	0.0135	0.0124	0.0118	0.0006	0.0734	0.0605	0.0129	0.1772	0.1019	0.0753	0.0398	0.0352	0.0046	0.1374	0.0667	0.0707	0.0000	0.0000	0.0000	0.0000	0.0000	0.0000	0.0000	0.0000	0.0000	0.0017	0.0030	0.0000	0.0000	0.0000	0.0000	0.0023	0.0046	0.0000						
3	45	0.0842	12	0	1	0	1	0	0	0	0	N	N	N	N	N	N	N	N	N	N	N	N	0.0000	0.0000	0.0000	0.0000	0.0000	0.0000	0.0000	0.0000	0.0000	0.0000	0.0000	0.0000	0.0000	0.0000	0.0000	0.0000	0.0000	0.0000	0.0000	0.0000	1.6908	3.0000	6.8645	5.0456	0.0000	0.0000	0.0000	0.0000	0.0000	0.0000	0.0000	0.0000	0.0000	0.0000	0.0000	0.0000	0.0000	0.0000	0.0000	0.0000	0.0000	0.0000	0.0269	0.0227	0.0042	0.0047	0.0045	0.0002	0.0222	0.0182	0.0040	0.0448	0.0257	0.0191	0.0138	0.0117	0.0021	0.0310	0.0140	0.0171	0.0000	0.0000	0.0000	0.0000	0.0000	0.0000	0.0000	0.0000	0.0000	0.0000	0.0000	0.0000	0.0000	0.0000	0.0000	0.0000	0.0000	0.0000											
3	46	0.0800	11	0	1	0	1	0	0	0	0	N	N	N	N	N	N	N	N	N	N	N	N	0.0000	0.0000	0.0000	0.0000	0.0000	0.0000	0.0000	0.0000	0.0000	0.0000	0.0000	0.0000	0.0000	0.0000	0.0000	0.0108	0.0182	0.0000	0.0308	0.0362	0.0000	0.0009	0.0019	0.0000	0.0000	0.0000	-0.0001	1.6908	2.0000	6.8645	1.0030	0.0000	0.0000	0.0000	0.0000	0.0000	0.0000	0.0000	0.0000	0.0000	0.0002	0.0002	0.0000	0.0002	0.0002	0.0000	0.0000	0.0000	0.0000	0.0176	0.0148	0.0027	0.0027	0.0026	0.0001	0.0148	0.0122	0.0026	0.0167	0.0099	0.0067	0.0055	0.0047	0.0008	0.0111	0.0052	0.0059	0.0000	0.0000	0.0000	0.0000	0.0000	0.0000	0.0000	0.0000	0.0000	0.0108	0.0182	0.0000	0.0308	0.0362	0.0000	0.0009	0.0019	0.0000				
3	47	0.0800	10	0	1	0	1	0	0	0	0	N	N	N	N	N	N	N	N	N	N	N	N	0.0000	0.0000	0.0000	0.0000	0.0000	0.0000	0.0000	0.0000	0.0000	0.0000	0.0000	0.0000	0.0000	0.0000	0.0000	0.3387	0.5056	0.0000	0.6988	0.7362	0.0000	0.0178	0.0423	0.0000	0.0000	0.0000	-0.0002	1.6908	0.0000	6.8645	0.0582	0.0000	0.0000	0.0000	0.0000	0.0000	0.0000	0.0000	0.0000	0.0000	0.0004	0.0004	0.0000	0.0003	0.0003	0.0000	0.0000	0.0000	0.0000	0.0000	0.0000	0.0000	0.0000	0.0000	0.0000	0.0000	0.0000	0.0000	0.0011	0.0007	0.0004	0.0005	0.0005	0.0000	0.0006	0.0002	0.0003	0.0000	0.0000	0.0000	0.0000	0.0000	0.0000	0.0000	0.0000	0.0000	0.3387	0.5056	0.0000	0.6988	0.7362	0.0000	0.0178	0.0423	0.0000				
3	48	0.0762	9	0	1	0	1	0	0	0	0	N	N	N	N	N	N	N	N	N	N	N	N	0.0000	0.0000	0.0000	0.0000	0.0000	0.0000	0.0000	0.0000	0.0000	0.0000	0.0000	0.0000	0.0000	0.0000	0.0000	37.6439	45.1837	0.0000	78.0722	86.4190	0.0000	0.0347	0.0659	0.0000	0.0000	0.0000	-0.5917	1.6908	0.0018	6.8645	3.9096	0.0000	0.0000	0.0000	0.0000	0.0000	0.0000	0.0000	0.0000	0.0000	0.9625	0.9625	0.0000	0.9618	0.9618	0.0000	0.0007	0.0007	0.0000	0.0000	0.0000	0.0000	0.0000	0.0000	0.0000	0.0000	0.0000	0.0000	0.0316	0.0213	0.0103	0.0123	0.0111	0.0012	0.0193	0.0102	0.0091	0.0000	0.0000	0.0000	0.0000	0.0000	0.0000	0.0000	0.0000	0.0000	30.4342	45.1837	0.0000	78.0722	86.4190	0.0000	0.0347	0.0659	0.0000				
3	49	0.0668	8	0	1	0	1	0	0	0	0	N	N	N	N	N	N	N	N	N	N	N	N	0.0000	0.0000	0.0000	0.0000	0.0000	0.0000	0.0000	0.0000	0.0000	0.0000	0.0000	0.0000	0.0000	0.0000	0.0000	0.8229	1.4322	0.0005	3.3053	3.6130	0.0101	0.0000	0.0000	0.0000	0.0003	0.0000	-0.0236	1.6908	2.0031	6.8645	6.0601	0.0000	0.0000	0.0000	0.0000	0.0000	0.0000	0.0000	0.0000	0.0000	0.0384	0.0384	0.0000	0.0384	0.0384	0.0000	0.0000	0.0000	0.0000	0.0177	0.0149	0.0027	0.0027	0.0026	0.0001	0.0150	0.0124	0.0026	0.0467	0.0268	0.0199	0.0116	0.0106	0.0010	0.0351	0.0162	0.0189	0.0000	0.0000	0.0000	0.0000	0.0000	0.0000	0.0000	0.0000	0.0000	0.8229	1.4322	0.0005	3.3053	3.6130	0.0101	0.0000	0.0000	0.0000				
3	50	0.0393	8	0	0	1	1	0	0	0	0	N	N	N	N	N	N	N	N	N	N	N	N	0.0000	0.0000	0.0000	0.0000	0.0000	0.0000	0.0000	0.0000	0.0000	0.0000	0.0000	0.0000	0.0000	0.0000	0.0000	0.0000	0.0000	0.0000	0.0000	0.0000	1.6908	0.0004	6.8645	0.9852	0.0000	0.0000	0.0000	0.0000	0.0000	0.0000	0.0000	0.0000	0.0000	0.0000	0.0000	0.0000	0.0000	0.0000	0.0000	0.0000	0.0000	0.0000	0.0000	0.0000	0.0000	0.0000	0.0000	0.0000	0.0000	0.0000	0.0000	0.0051	0.0028	0.0022	0.0008	0.0006	0.0001	0.0043	0.0022	0.0021	0.0000	0.0000	0.0000	0.0000	0.0000	0.0000	0.0000	0.0000	0.0000	0.0000	0.0000	0.0000	0.0000	0.0000	0.0000	0.0000	0.0000	0.0000											
3	51	0.0284	7	0	0	0	1	0	0	0	0	N	N	N	N	N	N	N	N	N	N	N	N	0.0000	0.0000	0.0000	0.0000	0.0000	0.0000	0.0000	0.0000	0.0000	0.0000	0.0000	0.0000	0.0000	0.0000	0.0000	0.0000	0.0000	0.0000	0.0000	0.0000	1.6908	10.7574	6.8645	12.9024	0.0000	0.0000	0.0000	0.0000	0.0000	0.0000	0.0000	0.0000	0.0000	0.0000	0.0000	0.0000	0.0000	0.0000	0.0000	0.0000	0.0000	0.0000	0.0944	0.0801	0.0143	0.0162	0.0155	0.0007	0.0782	0.0646	0.0136	0.1179	0.0673	0.0506	0.0173	0.0154	0.0019	0.1006	0.0519	0.0487	0.0000	0.0000	0.0000	0.0000	0.0000	0.0000	0.0000	0.0000	0.0000	0.0000	0.0000	0.0000	0.0000	0.0000	0.0000	0.0000	0.0000	0.0000											
3	52	0.0269	6	0	0	0	1	0	0	0	0	N	N	N	N	N	N	N	N	N	N	N	N	0.0000	0.0000	0.0000	0.0000	0.0000	0.0000	0.0000	0.0000	0.0000	0.0000	0.0000	0.0000	0.0000	0.0052	0.0093	0.0000	0.0275	0.0295	0.0000	0.0000	0.0000	0.0000	0.0000	0.0000	-0.0001	1.6908	2.6694	6.8645	2.4027	0.0000	0.0000	0.0000	0.0000	0.0000	0.0000	0.0000	0.0000	0.0000	0.0002	0.0002	0.0000	0.0002	0.0002	0.0000	0.0000	0.0000	0.0000	0.0243	0.0205	0.0037	0.0041	0.0039	0.0002	0.0201	0.0166	0.0036	0.0306	0.0172	0.0134	0.0058	0.0054	0.0004	0.0248	0.0117	0.0130	0.0000	0.0000	0.0000	0.0000	0.0000	0.0000	0.0000	0.0000	0.0000	0.0052	0.0093	0.0000	0.0275	0.0295	0.0000	0.0000	0.0000	0.0000						
3	53	0.0218	5	0	0	0	1	0	0	0	0	N	N	N	N	N	N	N	N	N	N	N	N	0.0000	0.0000	0.0000	0.0000	0.0000	0.0000	0.0000	0.0000	0.0000	0.0000	0.0000	0.0000	0.0000	0.0021	0.0000	0.0049	0.0000	0.0000	0.0000	0.0025	0.0000	0.0050	inf	0.0000	0.0001	1.6908	8.6921	6.8645	5.3599	0.0000	0.0000	0.0000	0.0000	0.0000	0.0000	0.0000	0.0000	0.0000	0.0002	0.0000	0.0002	0.0000	0.0000	0.0000	0.0002	0.0000	0.0002	0.0820	0.0697	0.0123	0.0133	0.0129	0.0004	0.0687	0.0568	0.0119	0.0748	0.0420	0.0328	0.0109	0.0099	0.0011	0.0639	0.0322	0.0317	0.0000	0.0000	0.0000	0.0000	0.0000	0.0000	0.0000	0.0000	0.0000	0.0021	0.0000	0.0049	0.0000	0.0000	0.0000	0.0025	0.0000	0.0050						
3	54	0.0215	4	0	0	0	1	0	0	0	0	N	N	N	N	N	N	N	N	N	N	N	N	0.0000	0.0000	0.0000	0.0000	0.0000	0.0000	0.0000	0.0000	0.0000	0.0000	0.0000	0.0000	0.0000	0.0017	0.0030	0.0000	0.0070	0.0074	0.0000	0.0000	0.0000	0.0000	0.0000	0.0000	-0.0000	1.6908	1.8652	6.8645	1.4001	0.0000	0.0000	0.0000	0.0000	0.0000	0.0000	0.0000	0.0000	0.0000	0.0000	0.0000	0.0000	0.0000	0.0000	0.0000	0.0000	0.0000	0.0000	0.0216	0.0186	0.0030	0.0047	0.0046	0.0001	0.0169	0.0140	0.0029	0.0241	0.0132	0.0110	0.0057	0.0054	0.0003	0.0185	0.0077	0.0107	0.0000	0.0000	0.0000	0.0000	0.0000	0.0000	0.0000	0.0000	0.0000	0.0017	0.0030	0.0000	0.0070	0.0074	0.0000	0.0000	0.0000	0.0000						
3	56	0.0668	8	1	1	0	1	0	0	0	0	N	N	N	N	N	N	N	N	N	N	N	N	0.0000	0.0000	0.0000	0.0000	0.0000	0.0000	0.0000	0.0000	0.0000	0.0000	0.0000	0.0000	0.0000	14.9168	24.8993	0.0000	59.5476	65.6358	0.0000	0.0000	0.0000	0.0000	0.0000	0.0000	-0.5314	1.6908	0.0000	6.8645	10.9971	0.0000	0.0000	0.0000	0.0000	0.0000	0.0000	0.0000	0.0000	0.0000	0.8645	0.8645	0.0000	0.8645	0.8645	0.0000	0.0000	0.0000	0.0000	0.0000	0.0000	0.0000	0.0000	0.0000	0.0000	0.0000	0.0000	0.0000	0.0608	0.0347	0.0260	0.0145	0.0132	0.0013	0.0462	0.0215	0.0247	0.0000	0.0000	0.0000	0.0000	0.0000	0.0000	0.0000	0.0000	0.0000	14.2288	24.8993	0.0000	59.5476	65.6358	0.0000	0.0000	0.0000	0.0000						
3	57	0.1220	11	0	0	0	1	0	0	0	0	N	N	N	N	N	N	N	N	N	N	N	N	0.0000	0.0000	0.0000	0.0000	0.0000	0.0000	0.0000	0.0000	0.0000	0.0000	0.0000	0.0000	0.0000	0.0000	0.0000	0.0000	0.0000	0.0000	0.1909	0.2712	0.0078	0.0967	0.1042	0.0365	0.2759	0.5282	0.0018	0.0127	0.0000	-0.0305	1.6908	7.8198	6.8645	21.5823	0.0000	0.0000	0.0000	0.0000	0.0000	0.0000	0.0000	0.0000	0.0000	0.0506	0.0499	0.0006	0.0121	0.0116	0.0005	0.0384	0.0383	0.0001	0.1122	0.0981	0.0141	0.0366	0.0353	0.0012	0.0756	0.0628	0.0128	0.2649	0.1841	0.0807	0.1256	0.1116	0.0140	0.1393	0.0725	0.0668	0.0000	0.0000	0.0000	0.0000	0.0000	0.0000	0.0000	0.0000	0.0000	0.1909	0.2712	0.0078	0.0967	0.1042	0.0365	0.2759	0.5282	0.0018	
3	58	0.1025	12	1	1	1	1	0	0	0	0	N	N	N	N	N	N	N	N	N	N	N	N	43.5865	31.9040	66.1436	60.3977	0.0000	0.0000	0.0977	0.1212	0.0000	0.4691	0.4848	0.0000	0.0000	0.0000	0.0000	0.0022	0.0038	0.0000	0.0071	0.0080	0.0000	0.0004	0.0008	0.0000	0.0000	0.0000	-0.0011	-0.0001	1.6908	2.0055	6.8645	11.8091	0.0020	0.0020	0.0000	0.0020	0.0020	0.0000	0.0000	0.0000	0.0000	0.0002	0.0002	0.0000	0.0001	0.0001	0.0000	0.0000	0.0000	0.0000	0.0206	0.0166	0.0040	0.0043	0.0041	0.0001	0.0163	0.0124	0.0039	0.0714	0.0421	0.0293	0.0197	0.0174	0.0023	0.0516	0.0247	0.0270	43.5865	31.9040	0.0000	66.1436	60.3977	0.0000	0.0000	0.0000	0.0000	0.0022	0.0038	0.0000	0.0071	0.0080	0.0000	0.0004	0.0008	0.0000			
3	59	0.0971	11	1	0	1	1	0	0	0	0	N	N	N	N	N	N	N	N	N	N	N	N	103.0748	79.1405	inf	198.1999	187.5948	0.0069	0.0000	inf	36.5533	44.4304	0.0009	200.8496	209.1730	0.0000	0.0002	0.0000	0.0009	0.3546	0.5614	0.0000	1.0134	1.1150	0.0000	0.0274	0.0554	0.0000	0.0000	0.0000	-0.3770	-0.0066	1.6908	1.9951	6.8645	2.5667	0.6878	0.6878	0.0000	0.6878	0.6878	0.0000	0.0000	0.0000	0.0000	0.0107	0.0107	0.0000	0.0101	0.0101	0.0000	0.0005	0.0005	0.0000	0.0188	0.0155	0.0033	0.0034	0.0033	0.0001	0.0154	0.0122	0.0032	0.0301	0.0190	0.0111	0.0100	0.0091	0.0009	0.0201	0.0099	0.0102	103.0748	79.1405	inf	198.1999	187.5948	0.0000	0.0069	0.0000	inf	0.3546	0.5614	0.0000	1.0134	1.1150	0.0000	0.0274	0.0554	0.0000	
3	60	0.0903	10	1	0	1	1	0	0	0	0	N	N	N	N	N	N	N	N	N	N	N	N	11172.1438	20516.9227	203.7676	14768.0196	26868.1089	0.0000	inf	inf	6.3703	7.7589	0.2360	18.0304	18.1449	0.0000	0.0671	0.0000	0.2389	0.0006	0.0004	0.0012	0.0012	0.0007	0.0064	0.0000	0.0000	0.0000	0.0069	1.0000	-0.0005	-0.0000	1.6908	0.0108	6.8645	3.6229	0.0010	0.0010	0.0000	0.0010	0.0010	0.0000	0.0000	0.0000	0.0000	0.0000	0.0000	0.0000	0.0000	0.0000	0.0000	0.0000	0.0000	0.0000	0.0002	0.0001	0.0000	0.0001	0.0001	0.0000	0.0001	0.0001	0.0000	0.0351	0.0264	0.0086	0.0164	0.0148	0.0016	0.0187	0.0116	0.0071	11172.1438	20516.9227	203.7676	14768.0196	26868.1089	0.0000	inf	0.0000	inf	0.0006	0.0004	0.0012	0.0012	0.0007	0.0064	0.0000	0.0000	0.0000	
3	61	0.0423	9	0	1	0	1	0	0	0	0	N	N	N	N	N	N	N	N	N	N	N	N	0.0000	0.0000	0.0000	0.0000	0.0000	0.0000	0.0000	0.0000	0.0000	0.0000	0.0000	0.0000	0.0000	0.0000	0.0000	0.0000	0.0000	0.0000	0.0000	0.0000	1.6908	4.0917	6.8645	8.0988	0.0000	0.0000	0.0000	0.0000	0.0000	0.0000	0.0000	0.0000	0.0000	0.0000	0.0000	0.0000	0.0000	0.0000	0.0000	0.0000	0.0000	0.0000	0.0406	0.0346	0.0060	0.0075	0.0073	0.0002	0.0330	0.0273	0.0058	0.0901	0.0570	0.0331	0.0306	0.0285	0.0020	0.0595	0.0285	0.0310	0.0000	0.0000	0.0000	0.0000	0.0000	0.0000	0.0000	0.0000	0.0000	0.0000	0.0000	0.0000	0.0000	0.0000	0.0000	0.0000	0.0000	0.0000											
3	62	0.0386	8	0	1	0	1	0	0	0	0	N	N	N	N	N	N	N	N	N	N	N	N	0.0000	0.0000	0.0000	0.0000	0.0000	0.0000	0.0000	0.0000	0.0000	0.0000	0.0000	0.0000	0.0000	0.0000	0.0000	0.0000	0.0000	0.0087	0.0136	0.0020	0.0181	0.0200	0.0000	0.0049	0.0083	0.0022	0.1111	0.0000	-0.0002	1.6908	2.1165	6.8645	5.0852	0.0000	0.0000	0.0000	0.0000	0.0000	0.0000	0.0000	0.0000	0.0000	0.0004	0.0004	0.0000	0.0002	0.0002	0.0000	0.0002	0.0001	0.0000	0.0187	0.0158	0.0030	0.0027	0.0026	0.0001	0.0160	0.0132	0.0028	0.0460	0.0265	0.0195	0.0133	0.0120	0.0013	0.0328	0.0145	0.0183	0.0000	0.0000	0.0000	0.0000	0.0000	0.0000	0.0000	0.0000	0.0000	0.0087	0.0136	0.0020	0.0181	0.0200	0.0000	0.0049	0.0083	0.0022		
3	63	0.0903	10	1	0	1	1	0	0	0	0	N	N	N	N	N	N	N	N	N	N	N	N	0.8093	0.0000	4.0668	0.0000	0.0000	0.0000	inf	inf	0.0002	0.0000	0.0014	0.0000	0.0000	0.0000	0.0002	0.0000	0.0014	0.0002	0.0002	0.0003	0.0007	0.0004	0.0032	0.0000	0.0000	0.0000	inf	1.0000	0.0000	-0.0000	1.6908	3.9990	6.8645	8.8702	0.0000	0.0000	0.0000	0.0000	0.0000	0.0000	0.0000	0.0000	0.0000	0.0000	0.0000	0.0000	0.0000	0.0000	0.0000	0.0000	0.0000	0.0000	0.0350	0.0300	0.0050	0.0049	0.0048	0.0001	0.0300	0.0252	0.0049	0.0820	0.0525	0.0294	0.0278	0.0247	0.0031	0.0542	0.0279	0.0263	0.8093	0.0000	4.0668	0.0000	0.0000	0.0000	inf	0.0000	inf	0.0002	0.0002	0.0003	0.0007	0.0004	0.0032	0.0000	0.0000	0.0000	
3	64	0.0702	9	1	0	1	1	0	0	0	0	N	N	N	N	N	N	N	N	N	N	N	N	0.3528	0.3374	0.0000	0.8462	1.2170	0.0000	0.0000	0.0000	0.0002	0.0002	0.0000	0.0011	0.0012	0.0000	0.0000	0.0000	0.0000	0.0005	0.0007	0.0003	0.0013	0.0010	0.0055	0.0002	0.0004	0.0000	0.0000	0.3333	-0.0000	-0.0000	1.6908	3.9972	6.8645	6.8232	0.0000	0.0000	0.0000	0.0000	0.0000	0.0000	0.0000	0.0000	0.0000	0.0000	0.0000	0.0000	0.0000	0.0000	0.0000	0.0000	0.0000	0.0000	0.0365	0.0310	0.0055	0.0061	0.0059	0.0003	0.0304	0.0251	0.0052	0.0745	0.0454	0.0291	0.0224	0.0206	0.0018	0.0521	0.0248	0.0273	0.3528	0.3374	0.0000	0.8462	1.2170	0.0000	0.0000	0.0000	0.0000	0.0005	0.0007	0.0003	0.0013	0.0010	0.0055	0.0002	0.0004	0.0000	
3	65	0.0462	9	0	1	0	1	0	0	0	0	N	N	N	N	N	N	N	N	N	N	N	N	0.0000	0.0000	0.0000	0.0000	0.0000	0.0000	0.0000	0.0000	0.0000	0.0000	0.0000	0.0000	0.0000	0.0000	0.0000	0.0124	0.0194	0.0000	0.0238	0.0263	0.0000	0.0073	0.0141	0.0000	0.0000	0.0000	-0.0022	1.6908	15.6632	6.8645	35.0639	0.0000	0.0000	0.0000	0.0000	0.0000	0.0000	0.0000	0.0000	0.0000	0.0035	0.0035	0.0000	0.0021	0.0021	0.0000	0.0014	0.0014	0.0000	0.1365	0.1155	0.0210	0.0236	0.0224	0.0013	0.1128	0.0931	0.0197	0.2838	0.1807	0.1031	0.0865	0.0782	0.0083	0.1973	0.1025	0.0948	0.0000	0.0000	0.0000	0.0000	0.0000	0.0000	0.0000	0.0000	0.0000	0.0124	0.0194	0.0000	0.0238	0.0263	0.0000	0.0073	0.0141	0.0000				
3	66	0.0462	9	0	0	1	1	0	0	0	0	N	N	N	N	N	N	N	N	N	N	N	N	0.0000	0.0000	0.0000	0.0000	0.0000	0.0000	0.0000	0.0000	0.0000	0.0000	0.0000	0.0000	0.0000	0.0000	0.0000	0.0000	0.0000	0.0000	0.0000	0.0000	1.6908	4.9998	6.8645	10.1184	0.0000	0.0000	0.0000	0.0000	0.0000	0.0000	0.0000	0.0000	0.0000	0.0000	0.0000	0.0000	0.0000	0.0000	0.0000	0.0000	0.0000	0.0000	0.0489	0.0415	0.0074	0.0113	0.0106	0.0007	0.0376	0.0309	0.0066	0.1463	0.1030	0.0432	0.0563	0.0529	0.0033	0.0900	0.0501	0.0399	0.0000	0.0000	0.0000	0.0000	0.0000	0.0000	0.0000	0.0000	0.0000	0.0000	0.0000	0.0000	0.0000	0.0000	0.0000	0.0000	0.0000	0.0000											
3	67	0.0354	7	0	1	0	1	0	0	0	0	N	N	N	N	N	N	N	N	N	N	N	N	1125.6126	810.8644	1364.6370	1350.0890	0.0000	0.0000	7.3790	8.6644	0.0000	40.5480	43.0293	0.0000	0.0000	0.0000	0.0000	0.0066	0.0107	0.0000	0.0297	0.0319	0.0000	0.0001	0.0002	0.0000	0.0000	0.0000	-0.3787	-0.0006	1.6908	10.9928	6.8645	18.5513	0.6908	0.6908	0.0000	0.6908	0.6908	0.0000	0.0000	0.0000	0.0000	0.0010	0.0010	0.0000	0.0010	0.0010	0.0000	0.0000	0.0000	0.0000	0.0936	0.0797	0.0139	0.0170	0.0161	0.0010	0.0766	0.0637	0.0129	0.1571	0.0964	0.0607	0.0343	0.0320	0.0023	0.1228	0.0644	0.0584	1125.6126	810.8644	0.0000	1364.6370	1350.0890	0.0000	0.0000	0.0000	0.0000	0.0066	0.0107	0.0000	0.0297	0.0319	0.0000	0.0001	0.0002	0.0000			
3	68	0.0354	6	0	0	0	1	0	0	0	0	N	N	N	N	N	N	N	N	N	N	N	N	0.0000	0.0000	0.0000	0.0000	0.0000	0.0000	0.0000	0.0000	0.0000	0.0000	0.0000	0.0000	0.0000	0.0000	0.0000	0.0000	0.0000	0.0000	0.0658	0.0858	0.0052	0.0746	0.0752	0.0004	0.0589	0.1004	0.0052	0.0198	0.0000	-0.0012	1.6908	0.0861	6.8645	1.0715	0.0000	0.0000	0.0000	0.0000	0.0000	0.0000	0.0000	0.0000	0.0000	0.0021	0.0020	0.0000	0.0010	0.0010	0.0000	0.0010	0.0010	0.0000	0.0019	0.0017	0.0002	0.0007	0.0007	0.0000	0.0012	0.0010	0.0002	0.0313	0.0236	0.0077	0.0138	0.0137	0.0001	0.0175	0.0099	0.0076	0.0000	0.0000	0.0000	0.0000	0.0000	0.0000	0.0000	0.0000	0.0000	0.0658	0.0858	0.0052	0.0746	0.0752	0.0004	0.0589	0.1004	0.0052	
3	69	0.0998	10	1	0	1	1	0	0	0	0	N	N	N	N	N	N	N	N	N	N	N	N	0.0000	0.0000	0.0000	0.0000	0.0000	0.0000	0.0000	0.0000	0.0000	0.0000	0.0000	0.0000	0.0000	0.0020	0.0036	0.0000	0.0092	0.0105	0.0000	0.0000	0.0000	0.0000	0.0000	0.0000	-0.0000	1.6908	1.0000	6.8645	3.0001	0.0000	0.0000	0.0000	0.0000	0.0000	0.0000	0.0000	0.0000	0.0000	0.0000	0.0000	0.0000	0.0000	0.0000	0.0000	0.0000	0.0000	0.0000	0.0090	0.0076	0.0014	0.0014	0.0014	0.0001	0.0075	0.0062	0.0013	0.0200	0.0110	0.0091	0.0044	0.0038	0.0005	0.0157	0.0071	0.0086	0.0000	0.0000	0.0000	0.0000	0.0000	0.0000	0.0000	0.0000	0.0000	0.0020	0.0036	0.0000	0.0092	0.0105	0.0000	0.0000	0.0000	0.0000						
3	70	0.0998	9	1	0	1	1	0	0	0	0	N	N	N	N	N	N	N	N	N	N	N	N	0.0000	0.0000	0.0000	0.0000	0.0000	0.0000	0.0000	0.0000	0.0000	0.0000	0.0000	0.0000	0.0000	0.0000	0.0000	5.6551	9.8538	0.0000	7.4552	7.5862	0.0000	4.3440	15.7317	0.0000	0.0000	0.0000	-0.0001	1.6908	0.0000	6.8645	0.0009	0.0000	0.0000	0.0000	0.0000	0.0000	0.0000	0.0000	0.0000	0.0000	0.0001	0.0001	0.0000	0.0000	0.0000	0.0000	0.0000	0.0000	0.0000	0.0000	0.0000	0.0000	0.0000	0.0000	0.0000	0.0000	0.0000	0.0000	0.0000	0.0000	0.0000	0.0000	0.0000	0.0000	0.0000	0.0000	0.0000	0.0000	0.0000	0.0000	0.0000	0.0000	0.0000	0.0000	0.0000	0.0000	5.6551	9.8538	0.0000	7.4552	7.5862	0.0000	4.3440	15.7317	0.0000				
3	71	0.0668	8	1	0	1	1	0	0	0	0	N	N	N	N	N	N	N	N	N	N	N	N	0.0000	0.0000	0.0000	0.0000	0.0000	0.0000	0.0000	0.0000	0.0000	0.0000	0.0000	0.0000	0.0000	0.0004	0.0008	0.0000	0.0000	0.0000	0.0000	0.0006	0.0012	0.0000	0.0000	0.0000	-0.0000	1.6908	9.9966	6.8645	12.9129	0.0000	0.0000	0.0000	0.0000	0.0000	0.0000	0.0000	0.0000	0.0000	0.0001	0.0001	0.0000	0.0000	0.0000	0.0000	0.0001	0.0001	0.0000	0.0854	0.0723	0.0132	0.0130	0.0124	0.0006	0.0724	0.0599	0.0126	0.1155	0.0655	0.0500	0.0258	0.0230	0.0027	0.0897	0.0424	0.0473	0.0000	0.0000	0.0000	0.0000	0.0000	0.0000	0.0000	0.0000	0.0000	0.0004	0.0008	0.0000	0.0000	0.0000	0.0000	0.0006	0.0012	0.0000						
3	72	0.0336	7	0	1	0	2	0	0	0	0	N	N	N	Y	N	N	N	N	N	N	N	N	0.0000	0.0000	0.0000	0.0000	0.0000	0.0000	0.0000	0.0000	0.0000	0.0000	0.0000	0.0000	0.0000	4.2153	7.3533	0.0000	19.2770	21.9456	0.0000	0.0000	0.0000	0.0000	0.0000	0.0000	-0.6146	1.6908	13.0000	6.8645	39.1663	0.0000	0.0000	0.0000	0.0000	0.0000	0.0000	0.0000	0.0000	0.0000	0.9997	0.9997	0.0000	0.9997	0.9997	0.0000	0.0000	0.0000	0.0000	0.1103	0.0930	0.0173	0.0159	0.0152	0.0007	0.0944	0.0778	0.0166	0.2372	0.1360	0.1012	0.0519	0.0456	0.0063	0.1853	0.0904	0.0949	0.0000	0.0000	0.0000	0.0000	0.0000	0.0000	0.0000	0.0000	0.0000	4.2153	7.3533	0.0000	19.2770	21.9456	0.0000	0.0000	0.0000	0.0000						
3	73	0.0311	6	0	1	0	1	0	0	0	0	N	N	N	N	N	N	N	N	N	N	N	N	0.0000	0.0000	0.0000	0.0000	0.0000	0.0000	0.0000	0.0000	0.0000	0.0000	0.0000	0.0000	0.0000	0.0000	0.0000	0.0000	0.0000	0.1268	0.1992	0.0021	0.0029	0.0031	0.0000	0.1723	0.3247	0.0022	0.0061	0.0000	-0.0100	1.6908	3.0003	6.8645	18.1082	0.0000	0.0000	0.0000	0.0000	0.0000	0.0000	0.0000	0.0000	0.0000	0.0165	0.0164	0.0001	0.0001	0.0001	0.0000	0.0164	0.0163	0.0001	0.0264	0.0222	0.0042	0.0038	0.0036	0.0002	0.0226	0.0186	0.0040	0.1301	0.0823	0.0478	0.0349	0.0321	0.0028	0.0952	0.0502	0.0450	0.0000	0.0000	0.0000	0.0000	0.0000	0.0000	0.0000	0.0000	0.0000	0.1268	0.1992	0.0021	0.0029	0.0031	0.0000	0.1723	0.3247	0.0022		
3	74	0.0702	9	0	1	0	1	0	0	0	0	N	N	N	N	N	N	N	N	N	N	N	N	0.0000	0.0000	0.0000	0.0000	0.0000	0.0000	0.0000	0.0000	0.0000	0.0000	0.0000	0.0000	0.0000	0.0000	0.0000	0.0001	0.0001	0.0002	0.0006	0.0003	0.0029	0.0000	0.0000	0.0000	1.0000	0.0000	-0.0000	1.6908	7.0046	6.8645	18.1036	0.0000	0.0000	0.0000	0.0000	0.0000	0.0000	0.0000	0.0000	0.0000	0.0000	0.0000	0.0000	0.0000	0.0000	0.0000	0.0000	0.0000	0.0000	0.0620	0.0526	0.0094	0.0100	0.0096	0.0004	0.0521	0.0431	0.0090	0.1391	0.0817	0.0574	0.0356	0.0321	0.0035	0.1035	0.0495	0.0539	0.0000	0.0000	0.0000	0.0000	0.0000	0.0000	0.0000	0.0000	0.0000	0.0001	0.0001	0.0002	0.0006	0.0003	0.0029	0.0000	0.0000	0.0000				
3	75	0.0668	8	0	0	0	1	0	0	0	0	N	N	N	N	N	N	N	N	N	N	N	N	0.0000	0.0000	0.0000	0.0000	0.0000	0.0000	0.0000	0.0000	0.0000	0.0000	0.0000	0.0000	0.0000	0.0000	0.0000	0.0000	0.0000	0.0000	0.0692	0.1138	0.0059	0.2104	0.2228	0.0228	0.0120	0.0206	0.0051	0.0366	0.0000	-0.0010	1.6908	0.2435	6.8645	3.2922	0.0000	0.0000	0.0000	0.0000	0.0000	0.0000	0.0000	0.0000	0.0000	0.0017	0.0016	0.0001	0.0015	0.0015	0.0000	0.0002	0.0002	0.0001	0.0022	0.0019	0.0003	0.0004	0.0004	0.0000	0.0019	0.0015	0.0003	0.0246	0.0144	0.0102	0.0071	0.0066	0.0004	0.0175	0.0078	0.0097	0.0000	0.0000	0.0000	0.0000	0.0000	0.0000	0.0000	0.0000	0.0000	0.0692	0.1138	0.0059	0.2104	0.2228	0.0228	0.0120	0.0206	0.0051	
3	76	0.0336	7	0	0	0	1	0	0	0	0	N	N	N	N	N	N	N	N	N	N	N	N	0.0000	0.0000	0.0000	0.0000	0.0000	0.0000	0.0000	0.0000	0.0000	0.0000	0.0000	0.0000	0.0000	0.0000	0.0000	7.3268	0.0039	31.1158	0.0000	0.0000	0.0000	9.5243	0.0061	32.0081	3225.8387	0.0000	0.3851	1.6908	7.0044	6.8645	20.1113	0.0000	0.0000	0.0000	0.0000	0.0000	0.0000	0.0000	0.0000	0.0000	1.0003	0.0003	1.0000	0.0000	0.0000	0.0000	1.0003	0.0003	1.0000	0.0607	0.0512	0.0096	0.0088	0.0084	0.0004	0.0520	0.0428	0.0092	0.1365	0.0787	0.0578	0.0315	0.0280	0.0035	0.1050	0.0507	0.0543	0.0000	0.0000	0.0000	0.0000	0.0000	0.0000	0.0000	0.0000	0.0000	7.3268	0.0039	17.3029	0.0000	0.0000	0.0000	9.5243	0.0061	18.4035				
3	77	0.0358	7	0	1	0	1	0	0	0	0	N	N	N	N	N	N	N	N	N	N	N	N	0.0000	0.0000	0.0000	0.0000	0.0000	0.0000	0.0000	0.0000	0.0000	0.0000	0.0000	0.0000	0.0000	0.0000	0.0000	0.0000	0.0000	0.0000	0.0000	0.0000	1.6908	8.6571	6.8645	16.0761	0.0000	0.0000	0.0000	0.0000	0.0000	0.0000	0.0000	0.0000	0.0000	0.0000	0.0000	0.0000	0.0000	0.0000	0.0000	0.0000	0.0000	0.0000	0.0774	0.0659	0.0114	0.0125	0.0122	0.0003	0.0648	0.0537	0.0111	0.1369	0.0868	0.0500	0.0367	0.0340	0.0027	0.1002	0.0528	0.0474	0.0000	0.0000	0.0000	0.0000	0.0000	0.0000	0.0000	0.0000	0.0000	0.0000	0.0000	0.0000	0.0000	0.0000	0.0000	0.0000	0.0000	0.0000											
3	78	0.0354	6	0	1	0	1	0	0	0	0	N	N	N	N	N	N	N	N	N	N	N	N	0.0000	0.0000	0.0000	0.0000	0.0000	0.0000	0.0000	0.0000	0.0000	0.0000	0.0000	0.0000	0.0000	0.0003	0.0004	0.0000	0.0000	0.0000	0.0000	0.0004	0.0008	0.0000	0.0000	0.0000	-0.0000	1.6908	0.3645	6.8645	1.9845	0.0000	0.0000	0.0000	0.0000	0.0000	0.0000	0.0000	0.0000	0.0000	0.0000	0.0000	0.0000	0.0000	0.0000	0.0000	0.0000	0.0000	0.0000	0.0043	0.0037	0.0006	0.0011	0.0011	0.0000	0.0032	0.0026	0.0005	0.0370	0.0268	0.0101	0.0147	0.0145	0.0002	0.0222	0.0123	0.0099	0.0000	0.0000	0.0000	0.0000	0.0000	0.0000	0.0000	0.0000	0.0000	0.0003	0.0004	0.0000	0.0000	0.0000	0.0000	0.0004	0.0008	0.0000						
3	79	0.0259	5	0	0	0	1	0	0	0	0	N	N	N	N	N	N	N	N	N	N	N	N	0.0000	0.0000	0.0000	0.0000	0.0000	0.0000	0.0000	0.0000	0.0000	0.0000	0.0000	0.0000	0.0000	0.0000	0.0000	0.0000	0.0000	0.0000	10.2233	16.0389	0.2011	0.6727	0.7267	0.0068	12.3940	22.7304	0.2092	0.0077	0.0000	-0.6206	1.6908	2.9108	6.8645	14.2456	0.0000	0.0000	0.0000	0.0000	0.0000	0.0000	0.0000	0.0000	0.0000	1.0222	1.0144	0.0078	0.0140	0.0140	0.0000	1.0082	1.0004	0.0078	0.0277	0.0236	0.0041	0.0048	0.0046	0.0002	0.0230	0.0190	0.0039	0.1021	0.0632	0.0389	0.0208	0.0192	0.0016	0.0813	0.0440	0.0373	0.0000	0.0000	0.0000	0.0000	0.0000	0.0000	0.0000	0.0000	0.0000	10.0081	16.0389	0.2011	0.6727	0.7267	0.0068	12.3940	22.7304	0.2092	
3	82	0.0493	10	0	1	0	1	0	0	0	0	N	N	N	N	N	N	N	N	N	N	N	N	0.0000	0.0000	0.0000	0.0000	0.0000	0.0000	0.0000	0.0000	0.0000	0.0000	0.0000	0.0000	0.0000	0.0000	0.0000	11.9454	17.8441	0.0000	17.4129	19.1109	0.0000	8.2115	16.7351	0.0000	0.0000	0.0000	-1.2280	1.6908	7.9116	6.8645	21.1247	0.0000	0.0000	0.0000	0.0000	0.0000	0.0000	0.0000	0.0000	0.0000	1.9976	1.9976	0.0000	0.9986	0.9986	0.0000	0.9989	0.9989	0.0000	0.0738	0.0623	0.0116	0.0150	0.0139	0.0011	0.0588	0.0483	0.0105	0.1790	0.1119	0.0671	0.0573	0.0523	0.0051	0.1217	0.0597	0.0620	0.0000	0.0000	0.0000	0.0000	0.0000	0.0000	0.0000	0.0000	0.0000	11.1595	17.8441	0.0000	17.4129	19.1109	0.0000	8.2115	16.7351	0.0000				
3	83	0.0672	11	1	1	0	1	0	0	0	0	N	N	N	N	N	N	N	N	N	N	N	N	0.0000	0.0000	0.0000	0.0000	0.0000	0.0000	0.0000	0.0000	0.0000	0.0000	0.0000	0.0000	0.0000	0.0000	0.0000	0.0000	0.0000	0.0000	0.0000	0.0000	1.6908	0.0000	6.8645	1.8333	0.0000	0.0000	0.0000	0.0000	0.0000	0.0000	0.0000	0.0000	0.0000	0.0000	0.0000	0.0000	0.0000	0.0000	0.0000	0.0000	0.0000	0.0000	0.0000	0.0000	0.0000	0.0000	0.0000	0.0000	0.0000	0.0000	0.0000	0.0154	0.0103	0.0052	0.0056	0.0053	0.0003	0.0098	0.0050	0.0048	0.0000	0.0000	0.0000	0.0000	0.0000	0.0000	0.0000	0.0000	0.0000	0.0000	0.0000	0.0000	0.0000	0.0000	0.0000	0.0000	0.0000	0.0000											
3	84	0.0493	10	1	1	0	1	0	0	0	0	N	N	N	N	N	N	N	N	N	N	N	N	0.0000	0.0000	0.0000	0.0000	0.0000	0.0000	0.0000	0.0000	0.0000	0.0000	0.0000	0.0000	0.0000	0.0000	0.0000	0.0192	0.0302	0.0000	0.0518	0.0562	0.0000	0.0020	0.0042	0.0000	0.0000	0.0000	-0.0017	1.6908	6.9552	6.8645	13.1226	0.0000	0.0000	0.0000	0.0000	0.0000	0.0000	0.0000	0.0000	0.0000	0.0027	0.0027	0.0000	0.0025	0.0025	0.0000	0.0002	0.0002	0.0000	0.0658	0.0555	0.0103	0.0138	0.0128	0.0010	0.0520	0.0427	0.0093	0.1419	0.0904	0.0514	0.0491	0.0452	0.0039	0.0928	0.0453	0.0475	0.0000	0.0000	0.0000	0.0000	0.0000	0.0000	0.0000	0.0000	0.0000	0.0192	0.0302	0.0000	0.0518	0.0562	0.0000	0.0020	0.0042	0.0000				
3	85	0.0462	9	0	1	0	1	0	0	0	0	N	N	N	N	N	N	N	N	N	N	N	N	0.0000	0.0000	0.0000	0.0000	0.0000	0.0000	0.0000	0.0000	0.0000	0.0000	0.0000	0.0000	0.0000	0.0000	0.0000	0.0000	0.0000	0.0497	0.0800	0.0005	0.0787	0.0825	0.0000	0.0341	0.0771	0.0005	0.0036	0.0000	-0.0017	1.6908	0.3374	6.8645	6.1146	0.0000	0.0000	0.0000	0.0000	0.0000	0.0000	0.0000	0.0000	0.0000	0.0028	0.0028	0.0000	0.0016	0.0016	0.0000	0.0013	0.0012	0.0000	0.0047	0.0039	0.0008	0.0014	0.0013	0.0000	0.0033	0.0025	0.0008	0.0568	0.0351	0.0217	0.0198	0.0189	0.0009	0.0370	0.0162	0.0207	0.0000	0.0000	0.0000	0.0000	0.0000	0.0000	0.0000	0.0000	0.0000	0.0497	0.0800	0.0005	0.0787	0.0825	0.0000	0.0341	0.0771	0.0005		
3	86	0.0462	9	0	1	0	1	0	0	0	0	N	N	N	N	N	N	N	N	N	N	N	N	0.0000	0.0000	0.0000	0.0000	0.0000	0.0000	0.0000	0.0000	0.0000	0.0000	0.0000	0.0000	0.0000	0.0000	0.0000	0.0007	0.0011	0.0000	0.0022	0.0024	0.0000	0.0001	0.0002	0.0000	0.0000	0.0000	-0.0001	1.6908	11.0342	6.8645	12.7513	0.0000	0.0000	0.0000	0.0000	0.0000	0.0000	0.0000	0.0000	0.0000	0.0001	0.0001	0.0000	0.0001	0.0001	0.0000	0.0000	0.0000	0.0000	0.0957	0.0807	0.0150	0.0147	0.0141	0.0006	0.0809	0.0666	0.0144	0.1343	0.0803	0.0540	0.0368	0.0336	0.0032	0.0975	0.0468	0.0508	0.0000	0.0000	0.0000	0.0000	0.0000	0.0000	0.0000	0.0000	0.0000	0.0007	0.0011	0.0000	0.0022	0.0024	0.0000	0.0001	0.0002	0.0000				
3	87	0.0386	8	0	1	0	1	0	0	0	0	N	N	N	N	N	N	N	N	N	N	N	N	0.0000	0.0000	0.0000	0.0000	0.0000	0.0000	0.0000	0.0000	0.0000	0.0000	0.0000	0.0000	0.0000	0.0000	0.0000	0.0017	0.0029	0.0000	0.0031	0.0034	0.0000	0.0011	0.0025	0.0000	0.0000	0.0000	-0.0001	1.6908	3.9739	6.8645	6.2820	0.0000	0.0000	0.0000	0.0000	0.0000	0.0000	0.0000	0.0000	0.0000	0.0001	0.0001	0.0000	0.0000	0.0000	0.0000	0.0000	0.0000	0.0000	0.0349	0.0294	0.0055	0.0051	0.0048	0.0002	0.0298	0.0245	0.0053	0.0605	0.0349	0.0257	0.0164	0.0147	0.0017	0.0442	0.0201	0.0240	0.0000	0.0000	0.0000	0.0000	0.0000	0.0000	0.0000	0.0000	0.0000	0.0017	0.0029	0.0000	0.0031	0.0034	0.0000	0.0011	0.0025	0.0000				
3	88	0.0336	7	0	1	0	1	0	0	0	0	N	N	N	N	N	N	N	N	N	N	N	N	0.0000	0.0000	0.0000	0.0000	0.0000	0.0000	0.0000	0.0000	0.0000	0.0000	0.0000	0.0000	0.0000	0.0000	0.0000	0.0081	0.0137	0.0000	0.0009	0.0009	0.0000	0.0111	0.0249	0.0000	0.0000	0.0000	-0.0002	1.6908	0.0056	6.8645	5.7021	0.0000	0.0000	0.0000	0.0000	0.0000	0.0000	0.0000	0.0000	0.0000	0.0003	0.0003	0.0000	0.0000	0.0000	0.0000	0.0003	0.0003	0.0000	0.0000	0.0000	0.0000	0.0000	0.0000	0.0000	0.0000	0.0000	0.0000	0.0395	0.0233	0.0162	0.0116	0.0108	0.0008	0.0279	0.0125	0.0154	0.0000	0.0000	0.0000	0.0000	0.0000	0.0000	0.0000	0.0000	0.0000	0.0081	0.0137	0.0000	0.0009	0.0009	0.0000	0.0111	0.0249	0.0000				
3	92	0.1220	11	0	0	0	1	0	0	0	0	N	N	N	N	N	N	N	N	N	N	N	N	0.0000	0.0000	0.0000	0.0000	0.0000	0.0000	0.0000	0.0000	0.0000	0.0000	0.0000	0.0000	0.0000	0.0000	0.0000	0.0000	0.0000	0.0000	0.1390	0.2070	0.0052	0.0786	0.0863	0.0257	0.1835	0.3595	0.0012	0.0127	0.0000	-0.0305	1.6908	24.8682	6.8645	39.8855	0.0000	0.0000	0.0000	0.0000	0.0000	0.0000	0.0000	0.0000	0.0000	0.0506	0.0499	0.0006	0.0121	0.0116	0.0005	0.0384	0.0383	0.0001	0.2350	0.2023	0.0327	0.0543	0.0519	0.0024	0.1807	0.1504	0.0303	0.3639	0.2413	0.1227	0.1545	0.1347	0.0198	0.2094	0.1066	0.1029	0.0000	0.0000	0.0000	0.0000	0.0000	0.0000	0.0000	0.0000	0.0000	0.1390	0.2070	0.0052	0.0786	0.0863	0.0257	0.1835	0.3595	0.0012	
4	5	0.0925	10	1	1	1	0	0	0	0	0	N	N	N	N	N	N	N	N	N	N	N	N	0.0000	0.0000	0.0000	0.0000	0.0000	0.0000	0.0000	0.0000	0.0000	0.0000	0.0000	0.0000	0.0000	0.0000	0.0000	0.0000	0.0000	0.0003	0.0002	0.0003	0.0005	0.0005	0.0001	0.0002	0.0000	0.0004	0.9768	0.0000	-0.0000	1.0033	10.6531	4.2117	11.0503	0.0000	0.0000	0.0000	0.0000	0.0000	0.0000	0.0000	0.0000	0.0000	0.0000	0.0000	0.0000	0.0000	0.0000	0.0000	0.0000	0.0000	0.0000	0.0492	0.0424	0.0068	0.0025	0.0024	0.0001	0.0467	0.0400	0.0067	0.0720	0.0435	0.0285	0.0220	0.0196	0.0024	0.0500	0.0239	0.0261	0.0000	0.0000	0.0000	0.0000	0.0000	0.0000	0.0000	0.0000	0.0000	0.0003	0.0002	0.0003	0.0005	0.0005	0.0001	0.0002	0.0000	0.0004		
4	6	0.1106	15	1	0	2	1	0	0	0	0	N	N	Y	N	N	N	N	N	N	N	N	N	0.0000	0.0000	0.0000	0.0000	0.0000	0.0000	0.0000	0.0000	0.0000	0.0000	0.0000	0.0000	0.0000	0.0000	0.0000	0.0000	0.0000	0.0000	0.0000	0.0000	1.0033	0.0000	4.2117	0.7909	0.0000	0.0000	0.0000	0.0000	0.0000	0.0000	0.0000	0.0000	0.0000	0.0000	0.0000	0.0000	0.0000	0.0000	0.0000	0.0000	0.0000	0.0000	0.0000	0.0000	0.0000	0.0000	0.0000	0.0000	0.0000	0.0000	0.0000	0.0038	0.0024	0.0014	0.0015	0.0013	0.0001	0.0023	0.0010	0.0013	0.0000	0.0000	0.0000	0.0000	0.0000	0.0000	0.0000	0.0000	0.0000	0.0000	0.0000	0.0000	0.0000	0.0000	0.0000	0.0000	0.0000	0.0000											
4	7	0.0513	6	2	1	1	0	0	0	0	0	Y	N	N	N	N	N	N	N	N	N	N	N	0.0000	0.0000	0.0000	0.0000	0.0000	0.0000	0.0000	0.0000	0.0000	0.0000	0.0000	0.0000	0.0000	0.0000	0.0000	0.0000	0.0000	0.0000	0.0004	0.0005	0.0003	0.0001	0.0000	0.0017	0.0005	0.0008	0.0002	0.3708	0.0000	-0.0000	1.0033	3.0003	4.2117	13.2183	0.0000	0.0000	0.0000	0.0000	0.0000	0.0000	0.0000	0.0000	0.0000	0.0000	0.0000	0.0000	0.0000	0.0000	0.0000	0.0000	0.0000	0.0000	0.0144	0.0121	0.0023	0.0003	0.0003	0.0000	0.0141	0.0119	0.0022	0.0653	0.0370	0.0283	0.0119	0.0112	0.0007	0.0534	0.0258	0.0276	0.0000	0.0000	0.0000	0.0000	0.0000	0.0000	0.0000	0.0000	0.0000	0.0004	0.0005	0.0003	0.0001	0.0000	0.0017	0.0005	0.0008	0.0002	
4	8	0.0115	2	2	0	2	0	0	0	0	0	Y	N	Y	N	N	N	N	N	N	N	N	N	0.0031	0.0019	0.0000	0.1108	0.1128	0.0000	0.0000	0.0000	0.0000	0.0034	0.0040	0.0000	0.2915	0.2970	0.0000	0.0000	0.0000	0.0000	1.0836	2.1140	0.0000	2.6322	2.6330	0.0081	0.0000	0.0000	0.0000	0.0000	0.0000	-0.0000	-0.1144	1.0033	1.0034	4.2117	8.6617	0.0000	0.0000	0.0000	0.0000	0.0000	0.0000	0.0000	0.0000	0.0000	0.1861	0.1861	0.0000	0.1861	0.1861	0.0000	0.0000	0.0000	0.0000	0.0049	0.0041	0.0008	0.0001	0.0001	0.0000	0.0049	0.0041	0.0008	0.1717	0.0880	0.0837	0.0707	0.0707	0.0000	0.1010	0.0173	0.0837	0.0031	0.0019	0.0000	0.1108	0.1128	0.0000	0.0000	0.0000	0.0000	1.0836	2.1140	0.0000	2.6322	2.6330	0.0081	0.0000	0.0000	0.0000
4	9	0.0921	10	1	0	2	0	0	0	0	0	N	N	Y	N	N	N	N	N	N	N	N	N	1.6811	1.2042	0.0000	7.9596	7.9641	0.0000	0.0000	0.0000	0.0108	0.0127	0.0000	0.1573	0.1709	0.0000	0.0000	0.0000	0.0000	0.0064	0.0105	0.0000	0.0198	0.0215	0.0000	0.0000	0.0000	0.0000	0.0000	0.0000	-0.0002	-0.0004	1.0033	7.0042	4.2117	16.5712	0.0004	0.0004	0.0000	0.0004	0.0004	0.0000	0.0000	0.0000	0.0000	0.0006	0.0006	0.0000	0.0006	0.0006	0.0000	0.0000	0.0000	0.0000	0.0333	0.0284	0.0049	0.0023	0.0021	0.0002	0.0310	0.0263	0.0047	0.0931	0.0569	0.0362	0.0303	0.0279	0.0024	0.0628	0.0290	0.0338	1.6811	1.2042	0.0000	7.9596	7.9641	0.0000	0.0000	0.0000	0.0000	0.0064	0.0105	0.0000	0.0198	0.0215	0.0000	0.0000	0.0000	0.0000	
4	10	0.0448	6	2	1	1	0	0	0	0	0	Y	N	N	N	N	N	N	N	N	N	N	N	0.0000	0.0000	0.0000	0.0000	0.0000	0.0000	0.0000	0.0000	0.0000	0.0000	0.0000	0.0000	0.0000	0.0000	0.0000	0.0000	0.0000	0.0000	0.0000	0.0000	0.0011	0.0000	0.0000	0.0000	inf	0.0000	0.0000	1.0033	2.0043	4.2117	5.1253	0.0000	0.0000	0.0000	0.0000	0.0000	0.0000	0.0000	0.0000	0.0000	0.0000	0.0000	0.0000	0.0000	0.0000	0.0000	0.0000	0.0000	0.0000	0.0105	0.0089	0.0016	0.0006	0.0006	0.0000	0.0099	0.0083	0.0016	0.0421	0.0257	0.0164	0.0113	0.0110	0.0003	0.0308	0.0147	0.0161	0.0000	0.0000	0.0000	0.0000	0.0000	0.0000	0.0000	0.0000	0.0000	0.0000	0.0000	0.0000	0.0000	0.0000	0.0011	0.0000	0.0000	0.0000				
4	11	0.0603	10	1	1	1	0	0	0	0	0	N	N	N	N	N	N	N	N	N	N	N	N	0.0000	0.0000	0.0000	0.0000	0.0000	0.0000	0.0000	0.0000	0.0000	0.0000	0.0000	0.0000	0.0000	0.0000	0.0000	0.0000	0.0000	0.0022	0.0009	0.0044	0.0017	0.0019	0.0000	0.0025	0.0000	0.0048	3.2190	0.0000	0.0000	1.0033	3.0002	4.2117	13.3035	0.0000	0.0000	0.0000	0.0000	0.0000	0.0000	0.0000	0.0000	0.0000	0.0002	0.0000	0.0001	0.0000	0.0000	0.0000	0.0001	0.0000	0.0001	0.0146	0.0123	0.0023	0.0003	0.0003	0.0000	0.0142	0.0119	0.0023	0.0759	0.0465	0.0294	0.0236	0.0215	0.0021	0.0523	0.0251	0.0273	0.0000	0.0000	0.0000	0.0000	0.0000	0.0000	0.0000	0.0000	0.0000	0.0022	0.0009	0.0044	0.0017	0.0019	0.0000	0.0025	0.0000	0.0048		
4	12	0.1106	15	1	1	1	1	0	0	0	0	N	N	N	N	N	N	N	N	N	N	N	N	0.0000	0.0000	0.0000	0.0000	0.0000	0.0000	0.0000	0.0000	0.0000	0.0000	0.0000	0.0000	0.0000	0.0000	0.0000	0.0000	0.0000	0.0000	0.0000	0.0000	1.0033	1.0000	4.2117	2.2091	0.0000	0.0000	0.0000	0.0000	0.0000	0.0000	0.0000	0.0000	0.0000	0.0000	0.0000	0.0000	0.0000	0.0000	0.0000	0.0000	0.0000	0.0000	0.0049	0.0042	0.0008	0.0004	0.0004	0.0000	0.0046	0.0038	0.0007	0.0124	0.0077	0.0047	0.0044	0.0040	0.0004	0.0079	0.0037	0.0042	0.0000	0.0000	0.0000	0.0000	0.0000	0.0000	0.0000	0.0000	0.0000	0.0000	0.0000	0.0000	0.0000	0.0000	0.0000	0.0000	0.0000	0.0000											
4	13	0.1094	14	1	0	1	1	0	0	0	0	N	N	N	N	N	N	N	N	N	N	N	N	0.0000	0.0000	0.0000	0.0000	0.0000	0.0000	0.0000	0.0000	0.0000	0.0000	0.0000	0.0000	0.0000	0.0000	0.0000	0.0000	0.0000	0.0000	0.0000	0.0000	0.0000	0.0000	0.1905	0.0000	-0.0000	1.0033	1.0009	4.2117	1.2082	0.0000	0.0000	0.0000	0.0000	0.0000	0.0000	0.0000	0.0000	0.0000	0.0000	0.0000	0.0000	0.0000	0.0000	0.0000	0.0000	0.0000	0.0000	0.0049	0.0042	0.0008	0.0004	0.0004	0.0000	0.0046	0.0038	0.0007	0.0079	0.0049	0.0030	0.0028	0.0025	0.0003	0.0052	0.0025	0.0027	0.0000	0.0000	0.0000	0.0000	0.0000	0.0000	0.0000	0.0000	0.0000	0.0000	0.0000	0.0000	0.0000	0.0000	0.0000	0.0000	0.0000	0.0000						
4	14	0.0550	8	1	1	1	0	0	0	0	0	N	N	N	N	N	N	N	N	N	N	N	N	0.0000	0.0000	0.0000	0.0000	0.0000	0.0000	0.0000	0.0000	0.0000	0.0000	0.0000	0.0000	0.0000	0.0000	0.0000	0.0000	0.0000	0.0000	0.0000	0.0000	0.0000	0.0000	0.0000	0.0000	0.0000	3.2326	0.0000	0.0000	1.0033	3.0000	4.2117	13.0223	0.0000	0.0000	0.0000	0.0000	0.0000	0.0000	0.0000	0.0000	0.0000	0.0000	0.0000	0.0000	0.0000	0.0000	0.0000	0.0000	0.0000	0.0000	0.0144	0.0121	0.0023	0.0003	0.0003	0.0000	0.0141	0.0118	0.0022	0.0611	0.0337	0.0274	0.0138	0.0122	0.0017	0.0473	0.0216	0.0257	0.0000	0.0000	0.0000	0.0000	0.0000	0.0000	0.0000	0.0000	0.0000	0.0000	0.0000	0.0000	0.0000	0.0000	0.0000	0.0000	0.0000	0.0000			
4	15	0.1094	14	1	0	1	1	0	0	0	0	N	N	N	N	N	N	N	N	N	N	N	N	0.0000	0.0000	0.0000	0.0000	0.0000	0.0000	0.0000	0.0000	0.0000	0.0000	0.0000	0.0000	0.0000	0.0000	0.0000	0.0000	0.0000	0.0000	0.0000	0.0000	0.0000	0.0000	0.1905	0.0000	-0.0000	1.0033	0.9991	4.2117	0.0040	0.0000	0.0000	0.0000	0.0000	0.0000	0.0000	0.0000	0.0000	0.0000	0.0000	0.0000	0.0000	0.0000	0.0000	0.0000	0.0000	0.0000	0.0000	0.0049	0.0042	0.0008	0.0004	0.0004	0.0000	0.0046	0.0038	0.0007	0.0036	0.0023	0.0014	0.0013	0.0011	0.0001	0.0024	0.0011	0.0012	0.0000	0.0000	0.0000	0.0000	0.0000	0.0000	0.0000	0.0000	0.0000	0.0000	0.0000	0.0000	0.0000	0.0000	0.0000	0.0000	0.0000	0.0000						
4	16	0.0964	13	1	0	1	1	0	0	0	0	N	N	N	N	N	N	N	N	N	N	N	N	0.5822	0.0000	15.3077	0.0000	0.0000	0.0000	23.7506	0.0000	75.7346	0.0007	0.0000	0.0050	0.0000	0.0000	0.0000	0.0008	0.0000	0.0052	0.0013	0.0018	0.0003	0.0039	0.0039	0.0035	0.0000	0.0000	0.0001	inf	0.1075	0.0000	-0.0001	1.0033	5.0907	4.2117	19.6153	0.0000	0.0000	0.0000	0.0000	0.0000	0.0000	0.0000	0.0000	0.0000	0.0001	0.0001	0.0000	0.0001	0.0001	0.0000	0.0000	0.0000	0.0000	0.0273	0.0232	0.0040	0.0033	0.0031	0.0002	0.0240	0.0201	0.0039	0.1017	0.0634	0.0383	0.0323	0.0294	0.0028	0.0694	0.0339	0.0354	0.5822	0.0000	15.3077	0.0000	0.0000	0.0000	23.7506	0.0000	75.7346	0.0013	0.0018	0.0003	0.0039	0.0039	0.0035	0.0000	0.0000	0.0001
4	17	0.0748	7	2	0	2	0	0	0	0	0	Y	N	Y	N	N	N	N	N	N	N	N	N	0.0000	0.0000	0.0000	0.0000	0.0000	0.0000	0.0000	0.0000	0.0000	0.0000	0.0000	0.0000	0.0000	0.0000	0.0000	0.0000	0.0013	0.0000	0.0028	0.0000	0.0000	0.0000	0.0016	0.0000	0.0029	8195.2500	0.0000	0.0000	1.0033	1.0000	4.2117	1.0003	0.0000	0.0000	0.0000	0.0000	0.0000	0.0000	0.0000	0.0000	0.0000	0.0000	0.0000	0.0000	0.0000	0.0000	0.0000	0.0000	0.0000	0.0000	0.0048	0.0040	0.0008	0.0002	0.0002	0.0000	0.0046	0.0038	0.0008	0.0078	0.0043	0.0035	0.0014	0.0013	0.0001	0.0063	0.0029	0.0034	0.0000	0.0000	0.0000	0.0000	0.0000	0.0000	0.0000	0.0000	0.0000	0.0013	0.0000	0.0028	0.0000	0.0000	0.0000	0.0016	0.0000	0.0029			
4	18	0.0875	7	1	1	1	0	0	0	0	0	N	N	N	N	N	N	N	N	N	N	N	N	0.0020	0.0000	2.0124	0.0016	0.0000	10.1912	0.0000	0.0000	0.0000	0.0000	0.0000	0.0001	0.0000	0.0000	0.0029	0.0000	0.0000	0.0000	0.0039	0.0055	0.0001	0.0095	0.0101	0.0003	0.0000	0.0000	0.0000	inf	0.0045	0.0000	-0.0002	1.0033	0.0005	4.2117	9.9413	0.0000	0.0000	0.0000	0.0000	0.0000	0.0000	0.0000	0.0000	0.0000	0.0003	0.0003	0.0000	0.0003	0.0003	0.0000	0.0000	0.0000	0.0000	0.0026	0.0024	0.0002	0.0013	0.0013	0.0000	0.0013	0.0011	0.0002	0.0806	0.0560	0.0246	0.0326	0.0308	0.0019	0.0479	0.0252	0.0227	0.0020	0.0000	2.0124	0.0016	0.0000	10.1912	0.0000	0.0000	0.0000	0.0039	0.0055	0.0001	0.0095	0.0101	0.0003	0.0000	0.0000	0.0000
4	19	0.0448	6	2	1	1	0	0	0	0	0	Y	N	N	N	N	N	N	N	N	N	N	N	0.0000	0.0000	0.0000	0.0000	0.0000	0.0000	0.0000	0.0000	0.0000	0.0000	0.0000	0.0000	0.0000	0.0000	0.0000	0.0000	0.0000	0.0000	0.0131	0.0213	0.0022	0.0622	0.0644	0.0039	0.0012	0.0000	0.0022	0.0801	0.0000	-0.0006	1.0033	4.7901	4.2117	15.0000	0.0000	0.0000	0.0000	0.0000	0.0000	0.0000	0.0000	0.0000	0.0000	0.0011	0.0010	0.0001	0.0010	0.0010	0.0000	0.0001	0.0000	0.0001	0.0236	0.0200	0.0036	0.0009	0.0008	0.0000	0.0227	0.0191	0.0036	0.0861	0.0490	0.0372	0.0168	0.0162	0.0006	0.0693	0.0328	0.0365	0.0000	0.0000	0.0000	0.0000	0.0000	0.0000	0.0000	0.0000	0.0000	0.0131	0.0213	0.0022	0.0622	0.0644	0.0039	0.0012	0.0000	0.0022	
4	20	0.0418	5	2	1	1	0	0	0	0	0	Y	N	N	N	N	N	N	N	N	N	N	N	0.0000	0.0000	0.0000	0.0000	0.0000	0.0000	0.0000	0.0000	0.0000	0.0000	0.0000	0.0000	0.0000	0.0000	0.0000	0.0000	0.0000	0.3052	0.0030	0.6668	0.0090	0.0093	0.0002	0.3704	0.0000	0.6761	187.6224	0.0000	0.0024	1.0033	1.2170	4.2117	3.4655	0.0000	0.0000	0.0000	0.0000	0.0000	0.0000	0.0000	0.0000	0.0000	0.0064	0.0000	0.0063	0.0000	0.0000	0.0000	0.0063	0.0000	0.0063	0.0060	0.0051	0.0009	0.0002	0.0001	0.0000	0.0058	0.0049	0.0009	0.0208	0.0113	0.0095	0.0038	0.0036	0.0001	0.0171	0.0077	0.0093	0.0000	0.0000	0.0000	0.0000	0.0000	0.0000	0.0000	0.0000	0.0000	0.3052	0.0030	0.6668	0.0090	0.0093	0.0002	0.3704	0.0000	0.6761		
4	21	0.0550	7	1	1	1	0	0	0	0	0	N	N	N	N	N	N	N	N	N	N	N	N	0.0000	0.0000	0.0000	0.0000	0.0000	0.0000	0.0000	0.0000	0.0000	0.0000	0.0000	0.0000	0.0000	0.0000	0.0000	0.0000	0.0004	0.0007	0.0000	0.0016	0.0019	0.0000	0.0000	0.0000	0.0000	0.0046	0.0000	-0.0000	1.0033	2.0000	4.2117	11.9921	0.0000	0.0000	0.0000	0.0000	0.0000	0.0000	0.0000	0.0000	0.0000	0.0000	0.0000	0.0000	0.0000	0.0000	0.0000	0.0000	0.0000	0.0000	0.0096	0.0081	0.0015	0.0002	0.0002	0.0000	0.0094	0.0079	0.0015	0.0537	0.0297	0.0241	0.0122	0.0107	0.0015	0.0415	0.0189	0.0226	0.0000	0.0000	0.0000	0.0000	0.0000	0.0000	0.0000	0.0000	0.0000	0.0004	0.0007	0.0000	0.0016	0.0019	0.0000	0.0000	0.0000	0.0000			
4	22	0.0418	5	1	1	1	0	0	0	0	0	N	N	N	N	N	N	N	N	N	N	N	N	0.0000	0.0000	0.0000	0.0000	0.0000	0.0000	0.0000	0.0000	0.0000	0.0000	0.0000	0.0000	0.0000	0.0000	0.0000	0.0006	0.0012	0.0000	0.0045	0.0047	0.0001	0.0000	0.0000	0.0000	0.0007	0.0000	-0.0000	1.0033	2.9966	4.2117	14.0927	0.0000	0.0000	0.0000	0.0000	0.0000	0.0000	0.0000	0.0000	0.0000	0.0000	0.0000	0.0000	0.0000	0.0000	0.0000	0.0000	0.0000	0.0000	0.0145	0.0122	0.0023	0.0003	0.0003	0.0000	0.0142	0.0120	0.0023	0.0655	0.0350	0.0305	0.0093	0.0089	0.0005	0.0562	0.0261	0.0301	0.0000	0.0000	0.0000	0.0000	0.0000	0.0000	0.0000	0.0000	0.0000	0.0006	0.0012	0.0000	0.0045	0.0047	0.0001	0.0000	0.0000	0.0000				
4	23	0.1054	12	1	1	2	1	0	0	0	0	N	N	Y	N	N	N	N	N	N	N	N	N	298149.8841	0.0000	inf	0.0000	0.0000	inf	inf	0.1778	0.0000	0.5533	0.0000	0.0000	0.0000	0.2918	0.0000	0.5577	0.0000	0.0000	0.0000	0.0000	0.0000	0.0000	0.0000	0.0000	0.0000	inf	0.0000	0.0004	-0.0000	1.0033	0.3092	4.2117	0.1355	0.0009	0.0000	0.0009	0.0000	0.0000	0.0000	0.0009	0.0000	0.0009	0.0000	0.0000	0.0000	0.0000	0.0000	0.0000	0.0000	0.0000	0.0000	0.0051	0.0034	0.0016	0.0020	0.0020	0.0000	0.0031	0.0015	0.0016	0.0027	0.0018	0.0009	0.0010	0.0010	0.0000	0.0017	0.0008	0.0009	298149.8841	0.0000	inf	0.0000	0.0000	0.0000	inf	0.0000	inf	0.0000	0.0000	0.0000	0.0000	0.0000	0.0000	0.0000	0.0000	0.0000		
4	24	0.0947	11	1	0	1	1	0	0	0	0	N	N	N	N	N	N	N	N	N	N	N	N	0.3630	0.0006	1.1055	0.0016	0.0015	0.0000	0.3235	1.0691	0.0709	0.0000	0.4945	0.0000	0.0000	0.0000	0.0821	0.0000	0.5187	0.1953	0.0110	0.4473	0.0256	0.0286	0.0052	0.2537	0.0000	0.4851	12410.3060	29.6324	0.0009	0.0040	1.0033	6.2779	4.2117	13.9173	0.0020	0.0000	0.0020	0.0000	0.0000	0.0000	0.0020	0.0000	0.0020	0.0113	0.0004	0.0109	0.0004	0.0004	0.0000	0.0109	0.0000	0.0109	0.0284	0.0243	0.0041	0.0039	0.0037	0.0002	0.0245	0.0206	0.0039	0.0579	0.0335	0.0245	0.0148	0.0129	0.0019	0.0431	0.0206	0.0225	0.3630	0.0006	1.1055	0.0016	0.0015	0.0000	0.3235	0.0000	1.0691	0.1953	0.0110	0.4473	0.0256	0.0286	0.0052	0.2537	0.0000	0.4851	
4	25	0.0837	8	1	1	1	0	0	0	0	0	N	N	N	N	N	N	N	N	N	N	N	N	0.0000	0.0000	0.0003	0.0000	0.0000	0.0000	0.0001	0.0000	0.0004	0.0000	0.0000	0.0000	0.0000	0.0000	0.0000	0.0000	0.0000	0.0000	0.0062	0.0076	0.0039	0.0154	0.0164	0.0075	0.0019	0.0001	0.0036	inf	0.3334	0.0000	-0.0002	1.0033	3.8932	4.2117	15.3303	0.0000	0.0000	0.0000	0.0000	0.0000	0.0000	0.0000	0.0000	0.0000	0.0005	0.0004	0.0001	0.0004	0.0004	0.0000	0.0001	0.0000	0.0001	0.0211	0.0181	0.0030	0.0023	0.0022	0.0001	0.0188	0.0158	0.0030	0.0876	0.0533	0.0342	0.0275	0.0245	0.0030	0.0600	0.0288	0.0312	0.0000	0.0000	0.0003	0.0000	0.0000	0.0000	0.0001	0.0000	0.0004	0.0062	0.0076	0.0039	0.0154	0.0164	0.0075	0.0019	0.0001	0.0036
4	26	0.0895	10	1	1	1	1	0	0	0	0	N	N	N	N	N	N	N	N	N	N	N	N	0.0000	0.0000	0.0000	0.0000	0.0000	0.0000	0.0000	0.0000	0.0000	0.0000	0.0000	0.0000	0.0000	0.0000	0.0000	0.0000	0.0000	0.0081	0.0141	0.0000	0.0234	0.0248	0.0004	0.0000	0.0000	0.0000	0.0009	0.0000	-0.0004	1.0033	4.2937	4.2117	9.5692	0.0000	0.0000	0.0000	0.0000	0.0000	0.0000	0.0000	0.0000	0.0000	0.0006	0.0006	0.0000	0.0006	0.0006	0.0000	0.0000	0.0000	0.0000	0.0252	0.0217	0.0035	0.0045	0.0043	0.0001	0.0207	0.0174	0.0033	0.0703	0.0405	0.0298	0.0244	0.0230	0.0014	0.0458	0.0175	0.0284	0.0000	0.0000	0.0000	0.0000	0.0000	0.0000	0.0000	0.0000	0.0000	0.0081	0.0141	0.0000	0.0234	0.0248	0.0004	0.0000	0.0000	0.0000		
4	27	0.0750	6	2	1	1	0	0	0	0	0	Y	N	N	N	N	N	N	N	N	N	N	N	0.0000	0.0000	0.0000	0.0000	0.0000	0.0000	0.0000	0.0000	0.0000	0.0000	0.0000	0.0000	0.0000	0.0027	0.0048	0.0000	0.0127	0.0141	0.0000	0.0000	0.0000	0.0000	0.0000	0.0000	-0.0003	1.0033	16.0000	4.2117	34.8566	0.0000	0.0000	0.0000	0.0000	0.0000	0.0000	0.0000	0.0000	0.0000	0.0005	0.0005	0.0000	0.0005	0.0005	0.0000	0.0000	0.0000	0.0000	0.0729	0.0617	0.0112	0.0037	0.0035	0.0002	0.0691	0.0581	0.0110	0.1685	0.0959	0.0726	0.0362	0.0325	0.0037	0.1323	0.0634	0.0689	0.0000	0.0000	0.0000	0.0000	0.0000	0.0000	0.0000	0.0000	0.0000	0.0027	0.0048	0.0000	0.0127	0.0141	0.0000	0.0000	0.0000	0.0000						
4	28	0.1049	14	1	0	2	0	0	0	0	0	N	N	Y	N	N	N	N	N	N	N	N	N	0.0000	0.0000	0.0000	0.0000	0.0000	0.0000	0.0000	0.0000	0.0000	0.0000	0.0000	0.0000	0.0000	0.0000	0.0000	0.0000	0.0000	0.0000	0.0000	0.0000	1.0033	0.0000	4.2117	3.0088	0.0000	0.0000	0.0000	0.0000	0.0000	0.0000	0.0000	0.0000	0.0000	0.0000	0.0000	0.0000	0.0000	0.0000	0.0000	0.0000	0.0000	0.0000	0.0000	0.0000	0.0000	0.0000	0.0000	0.0000	0.0000	0.0000	0.0000	0.0086	0.0051	0.0035	0.0034	0.0027	0.0007	0.0052	0.0024	0.0028	0.0000	0.0000	0.0000	0.0000	0.0000	0.0000	0.0000	0.0000	0.0000	0.0000	0.0000	0.0000	0.0000	0.0000	0.0000	0.0000	0.0000	0.0000											
4	29	0.0926	11	1	1	1	0	0	0	0	0	N	N	N	N	N	N	N	N	N	N	N	N	8245.7505	0.0000	23414.1746	0.0000	0.0000	6801.5658	22312.9045	0.0262	0.0000	0.1701	0.0000	0.0000	0.0000	0.0283	0.0000	0.1751	0.0000	0.0000	0.0000	0.0000	0.0000	0.0000	0.0000	0.0000	0.0000	inf	17.6583	0.0003	0.0000	1.0033	5.0749	4.2117	14.8264	0.0006	0.0000	0.0006	0.0000	0.0000	0.0000	0.0006	0.0000	0.0006	0.0000	0.0000	0.0000	0.0000	0.0000	0.0000	0.0000	0.0000	0.0000	0.0247	0.0209	0.0038	0.0018	0.0017	0.0001	0.0230	0.0193	0.0037	0.0704	0.0412	0.0292	0.0194	0.0172	0.0022	0.0510	0.0240	0.0270	8245.7505	0.0000	23414.1746	0.0000	0.0000	0.0000	6801.5658	0.0000	22312.9045	0.0000	0.0000	0.0000	0.0000	0.0000	0.0000	0.0000	0.0000	0.0000		
4	30	0.0418	5	2	0	2	0	0	0	0	0	Y	N	Y	N	N	N	N	N	N	N	N	N	0.0000	0.0000	0.0000	0.0000	0.0000	0.0000	0.0000	0.0000	0.0000	0.0000	0.0000	0.0000	0.0000	0.0000	0.0000	0.0005	0.0010	0.0000	0.0038	0.0040	0.0001	0.0000	0.0000	0.0000	0.0007	0.0000	-0.0000	1.0033	5.9956	4.2117	15.0927	0.0000	0.0000	0.0000	0.0000	0.0000	0.0000	0.0000	0.0000	0.0000	0.0000	0.0000	0.0000	0.0000	0.0000	0.0000	0.0000	0.0000	0.0000	0.0285	0.0241	0.0045	0.0005	0.0005	0.0000	0.0280	0.0236	0.0044	0.0793	0.0423	0.0370	0.0111	0.0105	0.0006	0.0682	0.0318	0.0364	0.0000	0.0000	0.0000	0.0000	0.0000	0.0000	0.0000	0.0000	0.0000	0.0005	0.0010	0.0000	0.0038	0.0040	0.0001	0.0000	0.0000	0.0000				
4	31	0.0947	11	1	1	1	0	0	0	0	0	N	N	N	N	N	N	N	N	N	N	N	N	0.0002	12.1825	0.0000	3.0544	23.0363	0.0000	0.0000	0.0000	0.0001	0.0001	0.0000	0.0003	0.0003	0.0000	0.0000	0.0000	0.0000	0.3940	0.0000	0.9375	0.0001	0.0000	0.0008	0.5400	0.0000	1.0146	0.0000	111457.4455	-0.0000	0.0042	1.0033	1.4218	4.2117	7.0463	0.0000	0.0000	0.0000	0.0000	0.0000	0.0000	0.0000	0.0000	0.0000	0.0109	0.0000	0.0109	0.0000	0.0000	0.0000	0.0109	0.0000	0.0109	0.0082	0.0071	0.0011	0.0016	0.0015	0.0000	0.0066	0.0055	0.0011	0.0278	0.0161	0.0117	0.0075	0.0066	0.0009	0.0202	0.0095	0.0108	0.0002	12.1825	0.0000	3.0544	23.0363	0.0000	0.0000	0.0000	0.0000	0.3940	0.0000	0.9375	0.0001	0.0000	0.0008	0.5400	0.0000	1.0146	
4	32	0.0895	10	1	0	1	0	0	0	0	0	N	N	N	N	N	N	N	N	N	N	N	N	0.0006	0.0816	0.0000	0.2558	0.2507	0.0000	0.0000	0.0000	0.0000	0.0075	0.0087	0.0002	0.0424	0.0437	0.0000	0.0000	0.0000	0.0002	12.5523	0.1063	70.0883	0.1659	0.1741	0.0007	18.2545	0.0000	67.3061	0.0028	190.4474	-0.0001	0.2537	1.0033	4.3312	4.2117	5.5221	0.0002	0.0002	0.0000	0.0002	0.0002	0.0000	0.0000	0.0000	0.0000	0.6676	0.0035	0.6641	0.0035	0.0035	0.0000	0.6641	0.0000	0.6641	0.0254	0.0219	0.0035	0.0045	0.0043	0.0001	0.0209	0.0175	0.0034	0.0574	0.0328	0.0246	0.0210	0.0200	0.0010	0.0364	0.0128	0.0236	0.0006	0.0816	0.0000	0.2558	0.2507	0.0000	0.0000	0.0000	0.0000	11.6295	0.1063	27.0013	0.1659	0.1741	0.0007	18.2545	0.0000	28.1475
4	33	0.0871	9	1	0	1	0	0	0	0	0	N	N	N	N	N	N	N	N	N	N	N	N	0.0019	1.8145	0.0010	5.8125	5.7468	0.0000	0.0006	0.0000	0.0009	0.0199	0.0138	0.0567	0.0957	0.0987	0.0000	0.0092	0.0000	0.0583	10.4717	0.0076	58.6898	0.0165	0.0172	0.0104	14.2393	0.0000	62.2387	0.6785	2306.6294	-0.0001	0.1199	1.0033	4.2685	4.2117	3.7703	0.0005	0.0003	0.0002	0.0003	0.0003	0.0000	0.0002	0.0000	0.0002	0.3117	0.0001	0.3115	0.0001	0.0001	0.0000	0.3115	0.0000	0.3115	0.0236	0.0202	0.0033	0.0029	0.0028	0.0001	0.0206	0.0174	0.0033	0.0307	0.0177	0.0129	0.0088	0.0079	0.0009	0.0219	0.0099	0.0120	0.0020	1.8145	0.0024	5.8125	5.7468	0.0000	0.0006	0.0000	0.0022	10.1656	0.0076	24.0947	0.0165	0.0172	0.0104	14.2393	0.0000	25.9330
4	34	0.0418	5	2	0	2	0	0	0	0	0	Y	N	Y	N	N	N	N	N	N	N	N	N	0.0000	0.0000	0.0000	0.0000	0.0000	0.0000	0.0000	0.0000	0.0000	0.0000	0.0000	0.0000	0.0000	0.0007	0.0013	0.0000	0.0049	0.0051	0.0000	0.0000	0.0000	0.0000	0.0000	0.0000	-0.0000	1.0033	4.9966	4.2117	15.0870	0.0000	0.0000	0.0000	0.0000	0.0000	0.0000	0.0000	0.0000	0.0000	0.0001	0.0001	0.0000	0.0001	0.0001	0.0000	0.0000	0.0000	0.0000	0.0239	0.0202	0.0037	0.0004	0.0004	0.0000	0.0235	0.0197	0.0037	0.0758	0.0405	0.0354	0.0106	0.0101	0.0005	0.0652	0.0304	0.0349	0.0000	0.0000	0.0000	0.0000	0.0000	0.0000	0.0000	0.0000	0.0000	0.0007	0.0013	0.0000	0.0049	0.0051	0.0000	0.0000	0.0000	0.0000						
4	35	0.1049	14	1	1	1	0	0	0	0	0	N	N	N	N	N	N	N	N	N	N	N	N	0.0000	0.0000	0.0000	0.0000	0.0000	0.0000	0.0000	0.0000	0.0000	0.0000	0.0000	0.0000	0.0000	0.0000	0.0000	0.0000	0.0000	0.0000	0.0000	0.0000	1.0033	1.0000	4.2117	1.0102	0.0000	0.0000	0.0000	0.0000	0.0000	0.0000	0.0000	0.0000	0.0000	0.0000	0.0000	0.0000	0.0000	0.0000	0.0000	0.0000	0.0000	0.0000	0.0043	0.0037	0.0006	0.0004	0.0003	0.0000	0.0040	0.0034	0.0006	0.0058	0.0035	0.0024	0.0023	0.0018	0.0005	0.0035	0.0016	0.0019	0.0000	0.0000	0.0000	0.0000	0.0000	0.0000	0.0000	0.0000	0.0000	0.0000	0.0000	0.0000	0.0000	0.0000	0.0000	0.0000	0.0000	0.0000											
4	36	0.1049	13	1	0	1	0	0	0	0	0	N	N	N	N	N	N	N	N	N	N	N	N	0.0000	0.0000	0.0000	0.0000	0.0000	0.0000	0.0000	0.0000	0.0000	0.0000	0.0000	0.0000	0.0000	0.0000	0.0000	0.0000	0.0000	0.0000	0.0000	0.0000	1.0033	0.0000	4.2117	0.0263	0.0000	0.0000	0.0000	0.0000	0.0000	0.0000	0.0000	0.0000	0.0000	0.0000	0.0000	0.0000	0.0000	0.0000	0.0000	0.0000	0.0000	0.0000	0.0000	0.0000	0.0000	0.0000	0.0000	0.0000	0.0000	0.0000	0.0000	0.0001	0.0001	0.0001	0.0001	0.0001	0.0000	0.0001	0.0000	0.0001	0.0000	0.0000	0.0000	0.0000	0.0000	0.0000	0.0000	0.0000	0.0000	0.0000	0.0000	0.0000	0.0000	0.0000	0.0000	0.0000	0.0000	0.0000											
4	37	0.0748	6	2	1	2	0	0	0	0	0	Y	N	Y	N	N	N	N	N	N	N	N	N	0.0000	0.0000	0.0000	0.0000	0.0000	0.0000	0.0000	0.0000	0.0000	0.0000	0.0000	0.0000	0.0000	0.0000	0.0000	0.0000	0.0003	0.0000	0.0007	0.0000	0.0000	0.0000	0.0004	0.0000	0.0007	8195.2500	0.0000	0.0000	1.0033	3.0000	4.2117	5.0002	0.0000	0.0000	0.0000	0.0000	0.0000	0.0000	0.0000	0.0000	0.0000	0.0000	0.0000	0.0000	0.0000	0.0000	0.0000	0.0000	0.0000	0.0000	0.0142	0.0119	0.0023	0.0006	0.0005	0.0000	0.0136	0.0114	0.0022	0.0304	0.0168	0.0136	0.0056	0.0052	0.0004	0.0248	0.0116	0.0132	0.0000	0.0000	0.0000	0.0000	0.0000	0.0000	0.0000	0.0000	0.0000	0.0003	0.0000	0.0007	0.0000	0.0000	0.0000	0.0004	0.0000	0.0007			
4	38	0.1086	10	2	1	1	0	0	0	0	0	Y	N	N	N	N	N	N	N	N	N	N	N	0.0000	0.0000	0.0000	0.0000	0.0000	0.0000	0.0000	0.0000	0.0000	0.0000	0.0000	0.0000	0.0000	0.0447	0.0618	0.0000	0.0940	0.0949	0.0000	0.0000	0.0000	0.0000	0.0000	0.0000	-0.0001	1.0033	0.0001	4.2117	0.1668	0.0000	0.0000	0.0000	0.0000	0.0000	0.0000	0.0000	0.0000	0.0000	0.0002	0.0002	0.0000	0.0002	0.0002	0.0000	0.0000	0.0000	0.0000	0.0000	0.0000	0.0000	0.0000	0.0000	0.0000	0.0000	0.0000	0.0000	0.0051	0.0037	0.0014	0.0024	0.0024	0.0000	0.0027	0.0013	0.0014	0.0000	0.0000	0.0000	0.0000	0.0000	0.0000	0.0000	0.0000	0.0000	0.0447	0.0618	0.0000	0.0940	0.0949	0.0000	0.0000	0.0000	0.0000						
4	39	0.0964	13	1	0	1	1	0	0	0	0	N	N	N	N	N	N	N	N	N	N	N	N	0.0000	0.0000	0.0000	0.0000	0.0000	0.0000	0.0000	0.0000	0.0000	0.0000	0.0000	0.0000	0.0000	0.0000	0.0000	0.0000	0.0000	0.0000	0.0006	0.0005	0.0006	0.0005	0.0000	0.0076	0.0006	0.0011	0.0001	0.5792	0.0000	-0.0000	1.0033	1.7673	4.2117	9.0239	0.0000	0.0000	0.0000	0.0000	0.0000	0.0000	0.0000	0.0000	0.0000	0.0000	0.0000	0.0000	0.0000	0.0000	0.0000	0.0000	0.0000	0.0000	0.0114	0.0098	0.0016	0.0022	0.0021	0.0001	0.0091	0.0076	0.0015	0.0570	0.0372	0.0198	0.0202	0.0189	0.0013	0.0368	0.0184	0.0184	0.0000	0.0000	0.0000	0.0000	0.0000	0.0000	0.0000	0.0000	0.0000	0.0006	0.0005	0.0006	0.0005	0.0000	0.0076	0.0006	0.0011	0.0001	
4	40	0.0940	12	1	0	1	1	0	0	0	0	N	N	N	N	N	N	N	N	N	N	N	N	0.5266	4.0265	0.7588	19.1612	18.3850	0.0000	0.2122	0.0000	0.7296	0.0023	0.0013	0.0075	0.0123	0.0129	0.0000	0.0012	0.0000	0.0078	0.0043	0.0003	0.0099	0.0006	0.0007	0.0000	0.0059	0.0000	0.0107	1.0000	21.1645	-0.0000	0.0000	1.0033	3.4690	4.2117	3.7419	0.0000	0.0000	0.0000	0.0000	0.0000	0.0000	0.0000	0.0000	0.0000	0.0001	0.0000	0.0001	0.0000	0.0000	0.0000	0.0001	0.0000	0.0001	0.0176	0.0150	0.0027	0.0016	0.0015	0.0001	0.0160	0.0134	0.0026	0.0292	0.0171	0.0121	0.0088	0.0080	0.0008	0.0204	0.0092	0.0112	0.5266	4.0265	0.7588	19.1612	18.3850	0.0000	0.2122	0.0000	0.7296	0.0043	0.0003	0.0099	0.0006	0.0007	0.0000	0.0059	0.0000	0.0107
4	41	0.0603	10	1	1	2	0	0	0	0	0	N	N	Y	N	N	N	N	N	N	N	N	N	0.0000	0.0000	0.0000	0.0000	0.0000	0.0000	0.0000	0.0000	0.0000	0.0000	0.0000	0.0000	0.0000	0.0000	0.0000	0.0000	0.0000	0.0000	0.0026	0.0006	0.0061	0.0022	0.0012	0.0134	0.0029	0.0000	0.0056	6.3574	0.0000	0.0000	1.0033	0.9997	4.2117	10.1790	0.0000	0.0000	0.0000	0.0000	0.0000	0.0000	0.0000	0.0000	0.0000	0.0002	0.0000	0.0001	0.0000	0.0000	0.0000	0.0001	0.0000	0.0001	0.0049	0.0041	0.0008	0.0001	0.0001	0.0000	0.0048	0.0040	0.0008	0.0572	0.0360	0.0212	0.0187	0.0172	0.0015	0.0385	0.0188	0.0197	0.0000	0.0000	0.0000	0.0000	0.0000	0.0000	0.0000	0.0000	0.0000	0.0026	0.0006	0.0061	0.0022	0.0012	0.0134	0.0029	0.0000	0.0056	
4	42	0.0592	9	1	1	1	0	0	0	0	0	N	N	N	N	N	N	N	N	N	N	N	N	0.0000	0.0000	0.0000	0.0000	0.0000	0.0000	0.0000	0.0000	0.0000	0.0000	0.0000	0.0000	0.0000	0.0000	0.0000	0.0000	0.0000	0.0002	0.0002	0.0002	0.0003	0.0004	0.0001	0.0001	0.0000	0.0002	0.8330	0.0000	-0.0000	1.0033	0.0007	4.2117	0.9413	0.0000	0.0000	0.0000	0.0000	0.0000	0.0000	0.0000	0.0000	0.0000	0.0000	0.0000	0.0000	0.0000	0.0000	0.0000	0.0000	0.0000	0.0000	0.0000	0.0000	0.0000	0.0000	0.0000	0.0000	0.0000	0.0000	0.0000	0.0056	0.0033	0.0022	0.0019	0.0018	0.0001	0.0037	0.0016	0.0021	0.0000	0.0000	0.0000	0.0000	0.0000	0.0000	0.0000	0.0000	0.0000	0.0002	0.0002	0.0002	0.0003	0.0004	0.0001	0.0001	0.0000	0.0002		
4	43	0.0418	5	2	0	2	0	0	0	0	0	Y	N	Y	N	N	N	N	N	N	N	N	N	6.0125	0.0000	863805.2481	0.0000	0.0000	0.0000	inf	inf	0.1518	0.0000	0.9708	0.0000	0.0000	0.0000	0.1551	0.0000	0.9762	0.0252	0.0472	0.0000	0.1731	0.1816	0.0001	0.0000	0.0000	0.0000	inf	0.0000	0.0007	-0.0008	1.0033	1.9995	4.2117	12.0029	0.0015	0.0000	0.0015	0.0000	0.0000	0.0000	0.0015	0.0000	0.0015	0.0014	0.0014	0.0000	0.0014	0.0014	0.0000	0.0000	0.0000	0.0000	0.0098	0.0082	0.0015	0.0002	0.0002	0.0000	0.0095	0.0080	0.0015	0.0547	0.0292	0.0254	0.0080	0.0076	0.0004	0.0467	0.0216	0.0251	6.0125	0.0000	863805.2481	0.0000	0.0000	0.0000	inf	0.0000	inf	0.0252	0.0472	0.0000	0.1731	0.1816	0.0001	0.0000	0.0000	0.0000	
4	44	0.0750	6	2	1	1	0	0	0	0	0	Y	N	N	N	N	N	N	N	N	N	N	N	0.3125	0.3085	0.0000	2.0291	2.0031	0.0000	0.0000	0.0000	0.0000	0.0011	0.0013	0.0000	0.0210	0.0222	0.0000	0.0000	0.0000	0.0000	0.0034	0.0041	0.0025	0.0103	0.0111	0.0036	0.0015	0.0004	0.0025	0.0000	0.4667	-0.0000	-0.0001	1.0033	10.0000	4.2117	26.8440	0.0001	0.0001	0.0000	0.0001	0.0001	0.0000	0.0000	0.0000	0.0000	0.0004	0.0003	0.0001	0.0003	0.0003	0.0000	0.0001	0.0000	0.0001	0.0466	0.0394	0.0072	0.0024	0.0023	0.0001	0.0442	0.0372	0.0071	0.1282	0.0729	0.0552	0.0281	0.0253	0.0028	0.1001	0.0477	0.0524	0.3125	0.3085	0.0000	2.0291	2.0031	0.0000	0.0000	0.0000	0.0000	0.0034	0.0041	0.0025	0.0103	0.0111	0.0036	0.0015	0.0004	0.0025
4	45	0.0592	9	1	1	1	0	0	0	0	0	N	N	N	N	N	N	N	N	N	N	N	N	0.0000	0.0000	0.0000	0.0000	0.0000	0.0000	0.0000	0.0000	0.0000	0.0000	0.0000	0.0000	0.0000	0.0000	0.0000	0.0000	0.0000	0.0000	0.0001	0.0001	0.0000	0.0000	0.0000	0.0000	0.0068	0.0000	-0.0000	1.0033	3.0000	4.2117	5.0456	0.0000	0.0000	0.0000	0.0000	0.0000	0.0000	0.0000	0.0000	0.0000	0.0000	0.0000	0.0000	0.0000	0.0000	0.0000	0.0000	0.0000	0.0000	0.0146	0.0122	0.0023	0.0003	0.0003	0.0000	0.0142	0.0119	0.0023	0.0337	0.0193	0.0144	0.0092	0.0082	0.0010	0.0246	0.0111	0.0134	0.0000	0.0000	0.0000	0.0000	0.0000	0.0000	0.0000	0.0000	0.0000	0.0000	0.0000	0.0000	0.0001	0.0001	0.0000	0.0000	0.0000	0.0000				
4	46	0.0550	8	1	1	1	0	0	0	0	0	N	N	N	N	N	N	N	N	N	N	N	N	0.0000	0.0000	0.0000	0.0000	0.0000	0.0000	0.0000	0.0000	0.0000	0.0000	0.0000	0.0000	0.0000	0.0000	0.0000	0.0000	0.0016	0.0028	0.0000	0.0066	0.0075	0.0000	0.0000	0.0000	0.0000	0.0007	0.0000	-0.0000	1.0033	2.0000	4.2117	1.0030	0.0000	0.0000	0.0000	0.0000	0.0000	0.0000	0.0000	0.0000	0.0000	0.0000	0.0000	0.0000	0.0000	0.0000	0.0000	0.0000	0.0000	0.0000	0.0096	0.0081	0.0015	0.0002	0.0002	0.0000	0.0094	0.0079	0.0015	0.0123	0.0069	0.0055	0.0029	0.0026	0.0003	0.0094	0.0043	0.0051	0.0000	0.0000	0.0000	0.0000	0.0000	0.0000	0.0000	0.0000	0.0000	0.0016	0.0028	0.0000	0.0066	0.0075	0.0000	0.0000	0.0000	0.0000			
4	47	0.0550	7	1	1	1	0	0	0	0	0	N	N	N	N	N	N	N	N	N	N	N	N	0.0000	0.0000	0.0000	0.0000	0.0000	0.0000	0.0000	0.0000	0.0000	0.0000	0.0000	0.0000	0.0000	0.0000	0.0000	0.0000	0.0000	0.0000	0.0003	0.0003	0.0005	0.0004	0.0004	0.0007	0.0003	0.0000	0.0004	0.9455	0.0000	-0.0000	1.0033	0.0000	4.2117	0.0582	0.0000	0.0000	0.0000	0.0000	0.0000	0.0000	0.0000	0.0000	0.0000	0.0000	0.0000	0.0000	0.0000	0.0000	0.0000	0.0000	0.0000	0.0000	0.0000	0.0000	0.0000	0.0000	0.0000	0.0000	0.0000	0.0000	0.0000	0.0008	0.0005	0.0003	0.0003	0.0003	0.0000	0.0004	0.0002	0.0003	0.0000	0.0000	0.0000	0.0000	0.0000	0.0000	0.0000	0.0000	0.0000	0.0003	0.0003	0.0005	0.0004	0.0004	0.0007	0.0003	0.0000	0.0004	
4	48	0.0513	6	1	1	1	0	0	0	0	0	N	N	N	N	N	N	N	N	N	N	N	N	0.0000	0.0000	0.0000	0.0000	0.0000	0.0000	0.0000	0.0000	0.0000	0.0000	0.0000	0.0000	0.0000	0.0000	0.0000	0.0000	0.0000	0.0072	0.0113	0.0002	0.0275	0.0285	0.0000	0.0001	0.0000	0.0002	0.0083	0.0000	-0.0001	1.0033	0.0018	4.2117	3.9096	0.0000	0.0000	0.0000	0.0000	0.0000	0.0000	0.0000	0.0000	0.0000	0.0002	0.0002	0.0000	0.0002	0.0002	0.0000	0.0000	0.0000	0.0000	0.0000	0.0000	0.0000	0.0000	0.0000	0.0000	0.0000	0.0000	0.0000	0.0215	0.0137	0.0079	0.0056	0.0054	0.0002	0.0159	0.0083	0.0077	0.0000	0.0000	0.0000	0.0000	0.0000	0.0000	0.0000	0.0000	0.0000	0.0072	0.0113	0.0002	0.0275	0.0285	0.0000	0.0001	0.0000	0.0002		
4	49	0.0418	5	1	1	1	0	0	0	0	0	N	N	N	N	N	N	N	N	N	N	N	N	0.0000	0.0000	0.0000	0.0000	0.0000	0.0000	0.0000	0.0000	0.0000	0.0000	0.0000	0.0000	0.0000	0.0000	0.0000	0.0000	0.0000	0.0031	0.0009	0.0057	0.0031	0.0032	0.0000	0.0031	0.0000	0.0058	5.3494	0.0000	0.0000	1.0033	2.0031	4.2117	6.0601	0.0000	0.0000	0.0000	0.0000	0.0000	0.0000	0.0000	0.0000	0.0000	0.0001	0.0000	0.0001	0.0000	0.0000	0.0000	0.0001	0.0000	0.0001	0.0098	0.0082	0.0015	0.0002	0.0002	0.0000	0.0096	0.0080	0.0015	0.0333	0.0179	0.0154	0.0053	0.0051	0.0002	0.0280	0.0128	0.0152	0.0000	0.0000	0.0000	0.0000	0.0000	0.0000	0.0000	0.0000	0.0000	0.0031	0.0009	0.0057	0.0031	0.0032	0.0000	0.0031	0.0000	0.0058		
4	50	0.1049	13	1	0	2	0	0	0	0	0	N	N	Y	N	N	N	N	N	N	N	N	N	0.0000	0.0000	0.0000	0.0000	0.0000	0.0000	0.0000	0.0000	0.0000	0.0000	0.0000	0.0000	0.0000	0.0000	0.0000	0.0000	0.0000	0.0000	0.0000	0.0000	1.0033	0.0004	4.2117	0.9852	0.0000	0.0000	0.0000	0.0000	0.0000	0.0000	0.0000	0.0000	0.0000	0.0000	0.0000	0.0000	0.0000	0.0000	0.0000	0.0000	0.0000	0.0000	0.0000	0.0000	0.0000	0.0000	0.0000	0.0000	0.0000	0.0000	0.0000	0.0036	0.0022	0.0014	0.0012	0.0010	0.0002	0.0025	0.0012	0.0013	0.0000	0.0000	0.0000	0.0000	0.0000	0.0000	0.0000	0.0000	0.0000	0.0000	0.0000	0.0000	0.0000	0.0000	0.0000	0.0000	0.0000	0.0000											
4	51	0.0940	12	1	0	1	0	0	0	0	0	N	N	N	N	N	N	N	N	N	N	N	N	1.7411	0.0000	460.1997	0.0000	0.0000	132.3503	438.9787	0.0004	0.0000	0.0025	0.0000	0.0000	0.0000	0.0004	0.0000	0.0026	0.0002	0.0004	0.0000	0.0008	0.0009	0.0000	0.0000	0.0000	0.0000	inf	0.0103	0.0000	-0.0000	1.0033	10.7574	4.2117	12.9024	0.0000	0.0000	0.0000	0.0000	0.0000	0.0000	0.0000	0.0000	0.0000	0.0000	0.0000	0.0000	0.0000	0.0000	0.0000	0.0000	0.0000	0.0000	0.0515	0.0437	0.0078	0.0040	0.0037	0.0002	0.0476	0.0400	0.0076	0.0839	0.0494	0.0346	0.0236	0.0211	0.0026	0.0603	0.0283	0.0320	1.7411	0.0000	460.1997	0.0000	0.0000	0.0000	132.3503	0.0000	438.9787	0.0002	0.0004	0.0000	0.0008	0.0009	0.0000	0.0000	0.0000	0.0000		
4	52	0.0926	11	1	0	1	0	0	0	0	0	N	N	N	N	N	N	N	N	N	N	N	N	486.0718	12.1309	7163.7996	67.7748	64.7369	2024.5262	6862.1422	0.0504	0.0018	0.3171	0.0199	0.0211	0.0000	0.0529	0.0000	0.3263	0.0001	0.0001	0.0000	0.0003	0.0003	0.0000	0.0000	0.0000	0.0000	32.5208	0.2176	0.0003	-0.0000	1.0033	2.6694	4.2117	2.4027	0.0007	0.0000	0.0006	0.0000	0.0000	0.0000	0.0006	0.0000	0.0006	0.0000	0.0000	0.0000	0.0000	0.0000	0.0000	0.0000	0.0000	0.0000	0.0133	0.0112	0.0020	0.0010	0.0009	0.0001	0.0123	0.0103	0.0020	0.0199	0.0116	0.0083	0.0058	0.0052	0.0006	0.0141	0.0064	0.0078	486.0718	12.1309	7163.7996	67.7748	64.7369	0.0000	2024.5262	0.0000	6862.1422	0.0001	0.0001	0.0000	0.0003	0.0003	0.0000	0.0000	0.0000	0.0000		
4	53	0.0874	10	1	0	1	0	0	0	0	0	N	N	N	N	N	N	N	N	N	N	N	N	574414.0740	28.6155	2065804.1049	93.1903	97.4823	0.0000	607504.3312	2035031.7480	21.4773	0.0004	147.6917	0.0029	0.0030	0.0000	24.1077	0.0000	151.8123	0.0000	0.0000	0.0001	0.0000	0.0000	0.0000	0.0000	0.0000	0.0001	67313.7027	3.9113	0.4407	0.0000	1.0033	8.6921	4.2117	5.3599	0.9755	0.0000	0.9755	0.0000	0.0000	0.0000	0.9755	0.0000	0.9755	0.0000	0.0000	0.0000	0.0000	0.0000	0.0000	0.0000	0.0000	0.0000	0.0454	0.0388	0.0066	0.0050	0.0048	0.0002	0.0405	0.0340	0.0064	0.0501	0.0293	0.0209	0.0138	0.0123	0.0016	0.0363	0.0170	0.0193	574414.0740	28.6155	2065804.1049	93.1903	97.4823	0.0000	607504.3312	0.0000	2035031.7480	0.0000	0.0000	0.0001	0.0000	0.0000	0.0000	0.0000	0.0000	0.0001	
4	54	0.0871	9	1	0	1	0	0	0	0	0	N	N	N	N	N	N	N	N	N	N	N	N	152.8391	1.2156	714277.1908	3.1700	2.9432	183718.6942	692047.4469	1.8488	0.0257	14.0979	0.1247	0.1270	0.0000	2.2262	0.0000	14.4568	0.0121	0.0212	0.0000	0.0393	0.0431	0.0000	0.0000	0.0000	0.0000	81.5487	0.0007	0.0099	-0.0001	1.0033	1.8652	4.2117	1.4001	0.0226	0.0003	0.0223	0.0003	0.0003	0.0000	0.0223	0.0000	0.0223	0.0002	0.0002	0.0000	0.0002	0.0002	0.0000	0.0000	0.0000	0.0000	0.0122	0.0106	0.0016	0.0022	0.0022	0.0000	0.0100	0.0085	0.0015	0.0140	0.0080	0.0060	0.0043	0.0039	0.0004	0.0097	0.0041	0.0056	152.8391	1.2156	714277.1908	3.1700	2.9432	0.0000	183718.6942	0.0000	692047.4469	0.0121	0.0212	0.0000	0.0393	0.0431	0.0000	0.0000	0.0000	0.0000		
4	55	0.0826	8	1	0	1	0	0	0	0	0	N	N	N	N	N	N	N	N	N	N	N	N	4.2101	0.0000	11.6248	0.0000	0.0000	0.0000	3.2823	0.0000	11.1019	0.0202	0.0000	0.1439	0.0000	0.0000	0.0000	0.0226	0.0000	0.1465	0.0048	0.0001	0.0124	0.0002	0.0002	0.0001	0.0069	0.0000	0.0132	inf	70.6355	0.0001	0.0001	1.0033	2.5292	4.2117	4.9772	0.0003	0.0000	0.0003	0.0000	0.0000	0.0000	0.0003	0.0000	0.0003	0.0002	0.0000	0.0002	0.0000	0.0000	0.0000	0.0002	0.0000	0.0002	0.0139	0.0119	0.0019	0.0015	0.0014	0.0000	0.0124	0.0105	0.0019	0.0354	0.0219	0.0135	0.0111	0.0102	0.0008	0.0243	0.0117	0.0127	4.2101	0.0000	11.6248	0.0000	0.0000	0.0000	3.2823	0.0000	11.1019	0.0048	0.0001	0.0124	0.0002	0.0002	0.0001	0.0069	0.0000	0.0132
4	56	0.0418	5	2	1	1	0	0	0	0	0	Y	N	N	N	N	N	N	N	N	N	N	N	0.0000	0.0000	0.0000	0.0000	0.0000	0.0000	0.0000	0.0000	0.0000	0.0000	0.0000	0.0000	0.0000	0.0002	0.0004	0.0000	0.0015	0.0016	0.0000	0.0000	0.0000	0.0000	0.0000	0.0000	-0.0000	1.0033	0.0000	4.2117	10.9971	0.0000	0.0000	0.0000	0.0000	0.0000	0.0000	0.0000	0.0000	0.0000	0.0000	0.0000	0.0000	0.0000	0.0000	0.0000	0.0000	0.0000	0.0000	0.0000	0.0000	0.0000	0.0000	0.0000	0.0000	0.0000	0.0000	0.0000	0.0439	0.0235	0.0204	0.0066	0.0063	0.0003	0.0373	0.0172	0.0201	0.0000	0.0000	0.0000	0.0000	0.0000	0.0000	0.0000	0.0000	0.0000	0.0002	0.0004	0.0000	0.0015	0.0016	0.0000	0.0000	0.0000	0.0000						
4	57	0.1634	10	1	0	1	0	0	0	0	0	N	N	N	N	N	N	N	N	N	N	N	N	0.0001	0.0000	0.8087	0.0000	0.0000	0.1737	0.0771	0.0000	3.8914	0.0000	0.0000	0.0000	0.0000	0.0000	0.0000	0.0000	0.0000	0.0000	0.0151	0.0217	0.0000	0.0294	0.0335	0.0001	0.0000	0.0001	0.0000	inf	0.0003	0.0000	-0.0015	1.0033	7.8198	4.2117	21.5823	0.0000	0.0000	0.0000	0.0000	0.0000	0.0000	0.0000	0.0000	0.0000	0.0024	0.0024	0.0000	0.0024	0.0024	0.0000	0.0000	0.0000	0.0000	0.0633	0.0556	0.0076	0.0193	0.0185	0.0007	0.0440	0.0371	0.0069	0.1590	0.1102	0.0488	0.0814	0.0714	0.0101	0.0775	0.0388	0.0387	0.0001	0.0000	0.8087	0.0000	0.0000	0.1737	0.0771	0.0000	3.8914	0.0151	0.0217	0.0000	0.0294	0.0335	0.0001	0.0000	0.0001	0.0000
4	61	0.0837	8	1	1	1	0	0	0	0	0	N	N	N	N	N	N	N	N	N	N	N	N	0.0002	0.0000	32.0609	0.0000	0.0000	0.0029	0.0000	29.3498	0.0000	0.0000	0.0000	0.0000	0.0000	0.0000	0.0000	0.0000	0.0000	0.0012	0.0019	0.0000	0.0033	0.0037	0.0000	0.0001	0.0002	0.0000	inf	0.0000	0.0000	-0.0000	1.0033	4.0917	4.2117	8.0988	0.0000	0.0000	0.0000	0.0000	0.0000	0.0000	0.0000	0.0000	0.0000	0.0001	0.0001	0.0000	0.0001	0.0001	0.0000	0.0000	0.0000	0.0000	0.0221	0.0189	0.0032	0.0024	0.0023	0.0001	0.0197	0.0166	0.0031	0.0648	0.0404	0.0244	0.0228	0.0203	0.0025	0.0420	0.0201	0.0219	0.0002	0.0000	32.0609	0.0000	0.0000	0.0000	0.0029	0.0000	29.3498	0.0012	0.0019	0.0000	0.0033	0.0037	0.0000	0.0001	0.0002	0.0000	
4	62	0.0800	7	1	1	1	0	0	0	0	0	N	N	N	N	N	N	N	N	N	N	N	N	0.0000	0.0000	0.0000	0.0001	0.0001	0.0000	0.0000	0.0000	0.0000	0.0000	0.0000	0.0000	0.0000	0.0000	0.0000	0.0000	0.0000	0.0000	0.0298	0.0352	0.0227	0.0699	0.0772	0.0000	0.0143	0.0017	0.0242	0.0000	0.4901	-0.0000	-0.0003	1.0033	2.1165	4.2117	5.0852	0.0000	0.0000	0.0000	0.0000	0.0000	0.0000	0.0000	0.0000	0.0000	0.0010	0.0006	0.0003	0.0006	0.0006	0.0000	0.0003	0.0000	0.0003	0.0102	0.0086	0.0016	0.0005	0.0005	0.0000	0.0097	0.0081	0.0016	0.0323	0.0183	0.0140	0.0090	0.0082	0.0009	0.0233	0.0102	0.0131	0.0000	0.0000	0.0000	0.0001	0.0001	0.0000	0.0000	0.0000	0.0000	0.0298	0.0352	0.0227	0.0699	0.0772	0.0000	0.0143	0.0017	0.0242
4	63	0.0182	3	2	0	2	0	0	0	0	0	Y	N	Y	N	N	N	N	N	N	N	N	N	0.0001	0.0000	0.0000	0.0011	0.0011	0.0000	0.0000	0.0000	0.0000	0.0000	0.0000	0.0000	0.0003	0.0003	0.0000	0.0000	0.0000	0.0000	0.0431	0.0770	0.0000	0.2850	0.3041	0.0000	0.0002	0.0003	0.0000	0.0000	0.0004	-0.0000	-0.0013	1.0033	3.9990	4.2117	8.8702	0.0000	0.0000	0.0000	0.0000	0.0000	0.0000	0.0000	0.0000	0.0000	0.0022	0.0022	0.0000	0.0022	0.0022	0.0000	0.0000	0.0000	0.0000	0.0190	0.0163	0.0027	0.0002	0.0002	0.0000	0.0188	0.0161	0.0027	0.0503	0.0281	0.0221	0.0076	0.0071	0.0005	0.0427	0.0210	0.0217	0.0001	0.0000	0.0000	0.0011	0.0011	0.0000	0.0000	0.0000	0.0000	0.0431	0.0770	0.0000	0.2850	0.3041	0.0000	0.0002	0.0003	0.0000
4	65	0.0876	8	1	1	1	0	0	0	0	0	N	N	N	N	N	N	N	N	N	N	N	N	0.0392	0.0293	0.0000	0.1731	0.1672	0.0000	0.0000	0.0000	0.0000	0.0007	0.0008	0.0000	0.0100	0.0104	0.0000	0.0000	0.0000	0.0000	0.0173	0.0272	0.0008	0.0576	0.0624	0.0059	0.0002	0.0000	0.0004	0.0000	0.0180	-0.0000	-0.0021	1.0033	15.6632	4.2117	35.0639	0.0000	0.0000	0.0000	0.0000	0.0000	0.0000	0.0000	0.0000	0.0000	0.0035	0.0034	0.0001	0.0034	0.0034	0.0000	0.0000	0.0000	0.0000	0.0737	0.0626	0.0111	0.0050	0.0048	0.0002	0.0687	0.0578	0.0109	0.2000	0.1245	0.0754	0.0594	0.0544	0.0050	0.1406	0.0702	0.0704	0.0392	0.0293	0.0000	0.1731	0.1672	0.0000	0.0000	0.0000	0.0000	0.0173	0.0272	0.0008	0.0576	0.0624	0.0059	0.0002	0.0000	0.0004
4	66	0.0876	8	1	0	2	0	0	0	0	0	N	N	Y	N	N	N	N	N	N	N	N	N	0.0000	0.0000	0.0000	0.0000	0.0000	0.0000	0.0000	0.0000	0.0000	0.0000	0.0000	0.0000	0.0000	0.0000	0.0000	0.0000	0.0002	0.0003	0.0000	0.0005	0.0006	0.0000	0.0000	0.0000	0.0000	0.0009	0.0000	-0.0000	1.0033	4.9998	4.2117	10.1184	0.0000	0.0000	0.0000	0.0000	0.0000	0.0000	0.0000	0.0000	0.0000	0.0000	0.0000	0.0000	0.0000	0.0000	0.0000	0.0000	0.0000	0.0000	0.0263	0.0224	0.0039	0.0025	0.0025	0.0001	0.0237	0.0199	0.0038	0.0987	0.0666	0.0320	0.0373	0.0349	0.0024	0.0614	0.0317	0.0297	0.0000	0.0000	0.0000	0.0000	0.0000	0.0000	0.0000	0.0000	0.0000	0.0002	0.0003	0.0000	0.0005	0.0006	0.0000	0.0000	0.0000	0.0000			
4	67	0.0921	10	1	1	1	0	0	0	0	0	N	N	N	N	N	N	N	N	N	N	N	N	2440.8317	1742.5650	0.0000	0.0000	0.0000	26738599.2174	16043722.0196	0.0000	19.6517	23.0485	0.0000	0.0000	0.0000	0.0000	21.0131	24.7704	0.0000	0.0081	0.0132	0.0000	0.0252	0.0275	0.0000	0.0000	0.0000	0.0000	0.0000	0.0000	-0.5487	-0.0006	1.0033	10.9928	4.2117	18.5513	1.0010	1.0010	0.0000	0.0000	0.0000	0.0000	1.0010	1.0010	0.0000	0.0009	0.0009	0.0000	0.0009	0.0009	0.0000	0.0000	0.0000	0.0000	0.0509	0.0434	0.0075	0.0033	0.0030	0.0003	0.0476	0.0404	0.0072	0.1116	0.0679	0.0437	0.0357	0.0327	0.0029	0.0760	0.0352	0.0407	2440.8317	1742.5650	0.0000	0.0000	0.0000	0.0000	26738599.2174	16043722.0196	0.0000	0.0081	0.0132	0.0000	0.0252	0.0275	0.0000	0.0000	0.0000	0.0000	
4	68	0.0921	9	1	0	1	0	0	0	0	0	N	N	N	N	N	N	N	N	N	N	N	N	251.8688	356.4341	0.0000	299.6991	326.5771	0.0000	240.1256	172249.3043	0.0000	0.6576	0.7274	0.0000	0.9794	0.9884	0.0000	0.4950	0.5754	0.0000	0.0026	0.0020	0.0037	0.0033	0.0030	0.0172	0.0021	0.0000	0.0034	0.0000	0.9257	-0.0004	-0.0000	1.0033	0.0861	4.2117	1.0715	0.0007	0.0007	0.0000	0.0004	0.0004	0.0000	0.0004	0.0004	0.0000	0.0000	0.0000	0.0000	0.0000	0.0000	0.0000	0.0000	0.0000	0.0000	0.0011	0.0010	0.0001	0.0004	0.0004	0.0000	0.0007	0.0006	0.0001	0.0180	0.0120	0.0060	0.0082	0.0081	0.0001	0.0098	0.0039	0.0059	251.8688	356.4341	0.0000	299.6991	326.5771	0.0000	240.1256	172249.3043	0.0000	0.0026	0.0020	0.0037	0.0033	0.0030	0.0172	0.0021	0.0000	0.0034
4	69	0.0748	7	2	0	2	0	0	0	0	0	Y	N	Y	N	N	N	N	N	N	N	N	N	0.0000	0.0000	0.0000	0.0000	0.0000	0.0000	0.0000	0.0000	0.0000	0.0000	0.0000	0.0000	0.0000	0.0000	0.0000	0.0000	0.0006	0.0000	0.0014	0.0000	0.0000	0.0000	0.0008	0.0000	0.0015	8195.2500	0.0000	0.0000	1.0033	1.0000	4.2117	3.0001	0.0000	0.0000	0.0000	0.0000	0.0000	0.0000	0.0000	0.0000	0.0000	0.0000	0.0000	0.0000	0.0000	0.0000	0.0000	0.0000	0.0000	0.0000	0.0048	0.0040	0.0008	0.0002	0.0002	0.0000	0.0046	0.0038	0.0008	0.0154	0.0085	0.0069	0.0028	0.0026	0.0002	0.0126	0.0058	0.0067	0.0000	0.0000	0.0000	0.0000	0.0000	0.0000	0.0000	0.0000	0.0000	0.0006	0.0000	0.0014	0.0000	0.0000	0.0000	0.0008	0.0000	0.0015			
4	70	0.0748	6	2	0	2	0	0	0	0	0	Y	N	Y	N	N	N	N	N	N	N	N	N	0.0000	0.0000	0.0000	0.0000	0.0000	0.0000	0.0000	0.0000	0.0000	0.0000	0.0000	0.0000	0.0000	0.0000	0.0000	0.0000	1.7383	1.5301	2.0120	2.1442	2.1651	0.0000	1.4616	0.0000	2.0304	1.0000	0.0000	-0.0000	1.0033	0.0000	4.2117	0.0009	0.0000	0.0000	0.0000	0.0000	0.0000	0.0000	0.0000	0.0000	0.0000	0.0000	0.0000	0.0000	0.0000	0.0000	0.0000	0.0000	0.0000	0.0000	0.0000	0.0000	0.0000	0.0000	0.0000	0.0000	0.0000	0.0000	0.0000	0.0000	0.0000	0.0000	0.0000	0.0000	0.0000	0.0000	0.0000	0.0000	0.0000	0.0000	0.0000	0.0000	0.0000	0.0000	0.0000	0.0000	0.0000	1.7383	1.5301	2.0120	2.1442	2.1651	0.0000	1.4616	0.0000	2.0304			
4	71	0.0418	5	2	0	2	0	0	0	0	0	Y	N	Y	N	N	N	N	N	N	N	N	N	0.0000	0.0000	0.0000	0.0000	0.0000	0.0000	0.0000	0.0000	0.0000	0.0000	0.0000	0.0000	0.0000	0.0000	0.0000	0.0000	0.0000	12.3374	0.0004	61.2369	0.0017	0.0018	0.0000	13.3632	0.0000	58.0290	49173.0532	0.0000	0.3788	1.0033	9.9966	4.2117	12.9129	0.0000	0.0000	0.0000	0.0000	0.0000	0.0000	0.0000	0.0000	0.0000	0.9834	0.0000	0.9834	0.0000	0.0000	0.0000	0.9834	0.0000	0.9834	0.0468	0.0395	0.0073	0.0008	0.0008	0.0000	0.0460	0.0387	0.0073	0.0854	0.0456	0.0399	0.0119	0.0113	0.0006	0.0736	0.0343	0.0393	0.0000	0.0000	0.0000	0.0000	0.0000	0.0000	0.0000	0.0000	0.0000	11.5095	0.0004	24.6615	0.0017	0.0018	0.0000	13.3632	0.0000	25.0371		
4	72	0.0750	6	1	1	1	1	0	0	0	0	N	N	N	N	N	N	N	N	N	N	N	N	0.0000	0.0000	0.0000	0.0000	0.0000	0.0000	0.0000	0.0000	0.0000	0.0000	0.0000	0.0000	0.0000	0.0000	0.0000	0.0000	0.0000	0.0096	0.0155	0.0019	0.0415	0.0458	0.0027	0.0010	0.0000	0.0018	0.0921	0.0000	-0.0009	1.0033	13.0000	4.2117	39.1663	0.0000	0.0000	0.0000	0.0000	0.0000	0.0000	0.0000	0.0000	0.0000	0.0017	0.0015	0.0001	0.0015	0.0015	0.0000	0.0001	0.0000	0.0001	0.0599	0.0507	0.0092	0.0031	0.0029	0.0002	0.0568	0.0478	0.0091	0.1721	0.0979	0.0741	0.0369	0.0332	0.0037	0.1352	0.0648	0.0704	0.0000	0.0000	0.0000	0.0000	0.0000	0.0000	0.0000	0.0000	0.0000	0.0096	0.0155	0.0019	0.0415	0.0458	0.0027	0.0010	0.0000	0.0018		
4	73	0.0775	7	1	1	1	0	0	0	0	0	N	N	N	N	N	N	N	N	N	N	N	N	0.0000	0.0000	0.0000	0.0000	0.0000	0.0000	0.0000	0.0000	0.0000	0.0000	0.0000	0.0000	0.0000	0.0000	0.0000	0.0000	0.0000	0.0003	0.0004	0.0001	0.0010	0.0010	0.0013	0.0000	0.0000	0.0000	0.1313	0.0000	-0.0000	1.0033	3.0003	4.2117	18.1082	0.0000	0.0000	0.0000	0.0000	0.0000	0.0000	0.0000	0.0000	0.0000	0.0000	0.0000	0.0000	0.0000	0.0000	0.0000	0.0000	0.0000	0.0000	0.0144	0.0121	0.0022	0.0007	0.0007	0.0000	0.0136	0.0115	0.0022	0.0870	0.0518	0.0352	0.0224	0.0207	0.0017	0.0647	0.0312	0.0335	0.0000	0.0000	0.0000	0.0000	0.0000	0.0000	0.0000	0.0000	0.0000	0.0003	0.0004	0.0001	0.0010	0.0010	0.0013	0.0000	0.0000	0.0000		
4	74	0.0384	4	1	1	1	0	0	0	0	0	N	N	N	N	N	N	N	N	N	N	N	N	0.0000	0.0000	0.0000	0.0000	0.0000	0.0000	0.0000	0.0000	0.0000	0.0000	0.0000	0.0000	0.0000	0.0000	0.0000	0.0000	0.0000	0.0000	0.0134	0.0228	0.0023	0.0571	0.0579	0.0276	0.0011	0.0000	0.0020	0.0838	0.0000	-0.0009	1.0033	7.0046	4.2117	18.1036	0.0000	0.0000	0.0000	0.0000	0.0000	0.0000	0.0000	0.0000	0.0000	0.0016	0.0015	0.0001	0.0015	0.0015	0.0000	0.0001	0.0000	0.0001	0.0339	0.0286	0.0052	0.0009	0.0009	0.0000	0.0330	0.0278	0.0052	0.1208	0.0657	0.0551	0.0266	0.0259	0.0007	0.0942	0.0398	0.0544	0.0000	0.0000	0.0000	0.0000	0.0000	0.0000	0.0000	0.0000	0.0000	0.0134	0.0228	0.0023	0.0571	0.0579	0.0276	0.0011	0.0000	0.0020	
4	77	0.0925	10	1	1	1	0	0	0	0	0	N	N	N	N	N	N	N	N	N	N	N	N	0.0000	0.0000	0.0000	0.0000	0.0000	0.0000	0.0000	0.0000	0.0000	0.0000	0.0000	0.0000	0.0000	0.0000	0.0000	0.0000	0.0000	0.0000	0.0001	0.0002	0.0000	0.0004	0.0005	0.0001	0.0000	0.0000	0.0000	0.0286	0.0000	-0.0000	1.0033	8.6571	4.2117	16.0761	0.0000	0.0000	0.0000	0.0000	0.0000	0.0000	0.0000	0.0000	0.0000	0.0000	0.0000	0.0000	0.0000	0.0000	0.0000	0.0000	0.0000	0.0000	0.0406	0.0350	0.0056	0.0021	0.0020	0.0001	0.0384	0.0329	0.0055	0.0791	0.0474	0.0317	0.0237	0.0210	0.0027	0.0555	0.0264	0.0291	0.0000	0.0000	0.0000	0.0000	0.0000	0.0000	0.0000	0.0000	0.0000	0.0001	0.0002	0.0000	0.0004	0.0005	0.0001	0.0000	0.0000	0.0000	
4	78	0.0921	9	1	1	1	0	0	0	0	0	N	N	N	N	N	N	N	N	N	N	N	N	0.0000	0.0000	0.0000	0.0000	0.0000	0.0000	0.0000	0.0000	0.0000	0.0000	0.0000	0.0000	0.0000	0.0000	0.0000	0.0000	0.0000	0.0001	0.0001	0.0002	0.0002	0.0001	0.0041	0.0000	0.0000	0.0001	1.8720	0.0000	0.0000	1.0033	0.3645	4.2117	1.9845	0.0000	0.0000	0.0000	0.0000	0.0000	0.0000	0.0000	0.0000	0.0000	0.0000	0.0000	0.0000	0.0000	0.0000	0.0000	0.0000	0.0000	0.0000	0.0024	0.0021	0.0003	0.0004	0.0004	0.0000	0.0020	0.0017	0.0003	0.0222	0.0145	0.0077	0.0095	0.0092	0.0003	0.0128	0.0053	0.0075	0.0000	0.0000	0.0000	0.0000	0.0000	0.0000	0.0000	0.0000	0.0000	0.0001	0.0001	0.0002	0.0002	0.0001	0.0041	0.0000	0.0000	0.0001		
4	79	0.0826	8	1	0	1	0	0	0	0	0	N	N	N	N	N	N	N	N	N	N	N	N	21.5204	20.5705	0.0000	0.0000	0.0000	0.0000	63.1968	72474.1756	0.0000	0.0230	0.0267	0.0000	0.0000	0.0000	0.0000	0.0255	0.0301	0.0000	0.0011	0.0013	0.0007	0.0028	0.0030	0.0001	0.0004	0.0000	0.0008	0.0000	0.3752	-0.0002	-0.0000	1.0033	2.9108	4.2117	14.2456	0.0004	0.0004	0.0000	0.0000	0.0000	0.0000	0.0004	0.0004	0.0000	0.0001	0.0001	0.0000	0.0001	0.0001	0.0000	0.0000	0.0000	0.0000	0.0157	0.0134	0.0022	0.0016	0.0015	0.0000	0.0141	0.0119	0.0022	0.0682	0.0407	0.0275	0.0193	0.0174	0.0018	0.0489	0.0233	0.0257	21.5204	20.5705	0.0000	0.0000	0.0000	0.0000	63.1968	72474.1756	0.0000	0.0011	0.0013	0.0007	0.0028	0.0030	0.0001	0.0004	0.0000	0.0008
4	80	0.0775	7	1	0	1	0	0	0	0	0	N	N	N	N	N	N	N	N	N	N	N	N	0.0021	0.0000	8.8935	0.0000	0.0000	0.0000	7.7514	0.0000	30.1876	0.0000	0.0000	0.0001	0.0000	0.0000	0.0000	0.0000	0.0000	0.0001	0.0039	0.0062	0.0000	0.0125	0.0131	0.0001	0.0000	0.0000	0.0000	inf	0.0006	0.0000	-0.0001	1.0033	0.1009	4.2117	7.5203	0.0000	0.0000	0.0000	0.0000	0.0000	0.0000	0.0000	0.0000	0.0000	0.0002	0.0002	0.0000	0.0002	0.0002	0.0000	0.0000	0.0000	0.0000	0.0005	0.0004	0.0001	0.0000	0.0000	0.0000	0.0005	0.0004	0.0001	0.0423	0.0266	0.0157	0.0133	0.0126	0.0007	0.0290	0.0140	0.0150	0.0021	0.0000	8.8935	0.0000	0.0000	0.0000	7.7514	0.0000	30.1876	0.0039	0.0062	0.0000	0.0125	0.0131	0.0001	0.0000	0.0000	0.0000
4	81	0.0750	6	1	0	1	0	0	0	0	0	N	N	N	N	N	N	N	N	N	N	N	N	1.0292	3.3059	0.0000	28.2359	28.7991	0.0000	0.0000	0.0000	0.0000	0.0006	0.0007	0.0000	0.0123	0.0130	0.0000	0.0000	0.0000	0.0000	0.0006	0.0002	0.0012	0.0004	0.0005	0.0001	0.0007	0.0000	0.0012	0.0000	3.6183	-0.0000	0.0000	1.0033	0.0014	4.2117	3.7882	0.0000	0.0000	0.0000	0.0000	0.0000	0.0000	0.0000	0.0000	0.0000	0.0000	0.0000	0.0000	0.0000	0.0000	0.0000	0.0000	0.0000	0.0000	0.0000	0.0000	0.0000	0.0000	0.0000	0.0000	0.0000	0.0000	0.0000	0.0207	0.0122	0.0086	0.0063	0.0060	0.0003	0.0144	0.0061	0.0082	1.0292	3.3059	0.0000	28.2359	28.7991	0.0000	0.0000	0.0000	0.0000	0.0006	0.0002	0.0012	0.0004	0.0005	0.0001	0.0007	0.0000	0.0012
4	82	0.0907	9	1	1	1	0	0	0	0	0	N	N	N	N	N	N	N	N	N	N	N	N	11330.6041	0.0000	71382.4369	0.0000	0.0000	0.0000	24733.8403	0.0000	82676.1622	25.0624	0.0000	167.0025	0.0000	0.0000	0.0000	27.5220	0.0000	171.2627	0.0022	0.0021	0.0023	0.0048	0.0046	0.0074	0.0011	0.0000	0.0021	inf	0.7172	0.4510	-0.0001	1.0033	7.9116	4.2117	21.1247	0.9982	0.0000	0.9982	0.0000	0.0000	0.0000	0.9982	0.0000	0.9982	0.0003	0.0002	0.0001	0.0002	0.0002	0.0000	0.0001	0.0000	0.0001	0.0398	0.0339	0.0060	0.0036	0.0034	0.0001	0.0363	0.0304	0.0058	0.1318	0.0798	0.0521	0.0398	0.0372	0.0026	0.0920	0.0426	0.0494	11330.6041	0.0000	71382.4369	0.0000	0.0000	0.0000	24733.8403	0.0000	82676.1622	0.0022	0.0021	0.0023	0.0048	0.0046	0.0074	0.0011	0.0000	0.0021
4	83	0.1086	10	2	1	1	0	0	0	0	0	Y	N	N	N	N	N	N	N	N	N	N	N	0.0000	0.0000	0.0000	0.0000	0.0000	0.0000	0.0000	0.0000	0.0000	0.0000	0.0000	0.0000	0.0000	0.0000	0.0000	0.1104	0.0000	0.3025	0.0119	0.0000	0.1970	0.1614	0.0000	0.3088	inf	0.0000	0.0004	1.0033	0.0000	4.2117	1.8333	0.0000	0.0000	0.0000	0.0000	0.0000	0.0000	0.0000	0.0000	0.0000	0.0011	0.0000	0.0011	0.0000	0.0000	0.0000	0.0011	0.0000	0.0011	0.0000	0.0000	0.0000	0.0000	0.0000	0.0000	0.0000	0.0000	0.0000	0.0103	0.0065	0.0037	0.0035	0.0033	0.0002	0.0068	0.0032	0.0035	0.0000	0.0000	0.0000	0.0000	0.0000	0.0000	0.0000	0.0000	0.0000	0.1104	0.0000	0.3025	0.0119	0.0000	0.1970	0.1614	0.0000	0.3088				
4	84	0.0907	9	2	1	1	0	0	0	0	0	Y	N	N	N	N	N	N	N	N	N	N	N	0.4906	0.3571	0.0000	1.6927	1.6808	0.0000	0.0000	0.0000	0.0000	0.0053	0.0063	0.0000	0.0568	0.0592	0.0000	0.0000	0.0000	0.0000	0.0109	0.0176	0.0003	0.0335	0.0352	0.0053	0.0000	0.0000	0.0000	0.0000	0.0095	-0.0001	-0.0007	1.0033	6.9552	4.2117	13.1226	0.0002	0.0002	0.0000	0.0002	0.0002	0.0000	0.0000	0.0000	0.0000	0.0011	0.0011	0.0000	0.0011	0.0011	0.0000	0.0000	0.0000	0.0000	0.0355	0.0302	0.0053	0.0033	0.0032	0.0001	0.0321	0.0270	0.0052	0.1049	0.0643	0.0406	0.0341	0.0321	0.0019	0.0708	0.0322	0.0387	0.4906	0.3571	0.0000	1.6927	1.6808	0.0000	0.0000	0.0000	0.0000	0.0109	0.0176	0.0003	0.0335	0.0352	0.0053	0.0000	0.0000	0.0000
4	85	0.0876	8	1	1	1	0	0	0	0	0	N	N	N	N	N	N	N	N	N	N	N	N	0.0198	0.0000	0.0616	0.0000	0.0000	0.0000	0.0197	0.0000	0.0673	0.0776	0.0000	0.5862	0.0000	0.0000	0.0000	0.1111	0.0000	0.6654	3.9244	0.2772	9.5197	0.5051	0.5283	0.0016	5.6259	0.0000	9.8872	inf	22.3867	0.0001	0.0523	1.0033	0.3374	4.2117	6.1146	0.0002	0.0000	0.0002	0.0000	0.0000	0.0000	0.0002	0.0000	0.0002	0.1528	0.0065	0.1463	0.0065	0.0065	0.0000	0.1463	0.0000	0.1463	0.0024	0.0021	0.0003	0.0007	0.0007	0.0000	0.0017	0.0014	0.0003	0.0389	0.0236	0.0154	0.0129	0.0124	0.0006	0.0260	0.0112	0.0148	0.0198	0.0000	0.0616	0.0000	0.0000	0.0000	0.0197	0.0000	0.0673	3.9244	0.2772	9.5197	0.5051	0.5283	0.0016	5.6259	0.0000	9.8872
4	86	0.0876	8	1	1	1	0	0	0	0	0	N	N	N	N	N	N	N	N	N	N	N	N	0.0000	0.0000	0.0000	0.0000	0.0000	0.0000	0.0000	0.0000	0.0000	0.0000	0.0000	0.0000	0.0000	0.0000	0.0000	0.0000	0.0000	0.0854	0.1456	0.0005	0.3283	0.3563	0.0046	0.0002	0.0000	0.0003	0.0026	0.0000	-0.0050	1.0033	11.0342	4.2117	12.7513	0.0000	0.0000	0.0000	0.0000	0.0000	0.0000	0.0000	0.0000	0.0000	0.0082	0.0082	0.0000	0.0082	0.0082	0.0000	0.0000	0.0000	0.0000	0.0519	0.0440	0.0080	0.0032	0.0030	0.0002	0.0487	0.0409	0.0078	0.0960	0.0562	0.0398	0.0249	0.0230	0.0020	0.0711	0.0332	0.0379	0.0000	0.0000	0.0000	0.0000	0.0000	0.0000	0.0000	0.0000	0.0000	0.0854	0.1456	0.0005	0.3283	0.3563	0.0046	0.0002	0.0000	0.0003		
4	87	0.0800	7	1	1	1	0	0	0	0	0	N	N	N	N	N	N	N	N	N	N	N	N	0.0000	0.0000	0.0000	0.0000	0.0000	0.0000	0.0000	0.0000	0.0000	0.0000	0.0000	0.0000	0.0000	0.0000	0.0000	0.0000	0.0000	0.0000	0.1845	0.0052	0.4203	0.0114	0.0126	0.0008	0.2459	0.0000	0.4469	61.0464	0.0000	0.0029	1.0033	3.9739	4.2117	6.2820	0.0000	0.0000	0.0000	0.0000	0.0000	0.0000	0.0000	0.0000	0.0000	0.0079	0.0001	0.0078	0.0001	0.0001	0.0000	0.0078	0.0000	0.0078	0.0190	0.0160	0.0030	0.0010	0.0009	0.0001	0.0180	0.0151	0.0029	0.0429	0.0244	0.0185	0.0112	0.0101	0.0011	0.0317	0.0142	0.0174	0.0000	0.0000	0.0000	0.0000	0.0000	0.0000	0.0000	0.0000	0.0000	0.1845	0.0052	0.4203	0.0114	0.0126	0.0008	0.2459	0.0000	0.4469	
4	88	0.0750	6	1	1	1	0	0	0	0	0	N	N	N	N	N	N	N	N	N	N	N	N	0.0000	0.0000	0.0000	0.0000	0.0000	0.0000	0.0000	0.0000	0.0000	0.0000	0.0000	0.0000	0.0000	0.0000	0.0000	0.0000	0.0000	0.0000	0.0048	0.0001	0.0113	0.0002	0.0002	0.0001	0.0066	0.0000	0.0118	78.7169	0.0000	0.0000	1.0033	0.0056	4.2117	5.7021	0.0000	0.0000	0.0000	0.0000	0.0000	0.0000	0.0000	0.0000	0.0000	0.0001	0.0000	0.0001	0.0000	0.0000	0.0000	0.0001	0.0000	0.0001	0.0000	0.0000	0.0000	0.0000	0.0000	0.0000	0.0000	0.0000	0.0000	0.0275	0.0160	0.0115	0.0077	0.0072	0.0005	0.0198	0.0087	0.0110	0.0000	0.0000	0.0000	0.0000	0.0000	0.0000	0.0000	0.0000	0.0000	0.0048	0.0001	0.0113	0.0002	0.0002	0.0001	0.0066	0.0000	0.0118	
4	92	0.1634	10	1	0	1	0	0	0	0	0	N	N	N	N	N	N	N	N	N	N	N	N	1.3009	1.0789	0.0037	3.3344	3.1348	0.0023	0.0013	0.0000	0.0044	0.0092	0.0106	0.0000	0.0488	0.0517	0.0000	0.0000	0.0000	0.0000	0.0070	0.0098	0.0016	0.0146	0.0165	0.0027	0.0007	0.0000	0.0013	0.0001	0.0818	-0.0006	-0.0008	1.0033	24.8682	4.2117	39.8855	0.0012	0.0012	0.0000	0.0012	0.0012	0.0000	0.0000	0.0000	0.0000	0.0015	0.0014	0.0001	0.0014	0.0014	0.0000	0.0001	0.0000	0.0001	0.1287	0.1115	0.0172	0.0242	0.0228	0.0014	0.1045	0.0887	0.0158	0.2142	0.1423	0.0719	0.0977	0.0845	0.0132	0.1165	0.0578	0.0587	1.3009	1.0789	0.0037	3.3344	3.1348	0.0023	0.0013	0.0000	0.0044	0.0070	0.0098	0.0016	0.0146	0.0165	0.0027	0.0007	0.0000	0.0013
5	6	0.0668	10	0	1	1	1	0	0	0	0	N	N	N	N	N	N	N	N	N	N	N	N	0.0000	0.0000	0.0000	0.0000	0.0000	0.0000	0.0000	0.0000	0.0000	0.0000	0.0000	0.0000	0.0000	0.0000	0.0000	0.0000	0.0000	0.0000	0.0000	0.0000	10.6531	0.0000	11.0503	0.7909	0.0000	0.0000	0.0000	0.0000	0.0000	0.0000	0.0000	0.0000	0.0000	0.0000	0.0000	0.0000	0.0000	0.0000	0.0000	0.0000	0.0000	0.0000	0.0000	0.0000	0.0000	0.0000	0.0000	0.0000	0.0000	0.0000	0.0000	0.0174	0.0114	0.0060	0.0058	0.0056	0.0002	0.0116	0.0058	0.0058	0.0000	0.0000	0.0000	0.0000	0.0000	0.0000	0.0000	0.0000	0.0000	0.0000	0.0000	0.0000	0.0000	0.0000	0.0000	0.0000	0.0000	0.0000											
5	7	0.0891	7	1	2	0	0	0	0	0	0	N	Y	N	N	N	N	N	N	N	N	N	N	0.0000	0.0000	0.0000	0.0000	0.0000	0.0000	0.0000	0.0000	0.0000	0.0000	0.0000	0.0000	0.0000	0.0000	0.0000	0.0000	0.0000	1.7881	3.0180	0.0002	7.9075	8.5801	0.0000	0.0003	0.0003	0.0002	0.0000	0.0000	-0.0000	-0.2421	10.6531	3.0003	11.0503	13.2183	0.0000	0.0000	0.0000	0.0000	0.0000	0.0000	0.0000	0.0000	0.0000	0.3939	0.3939	0.0000	0.3938	0.3938	0.0000	0.0000	0.0000	0.0000	0.1440	0.1240	0.0200	0.0057	0.0055	0.0002	0.1383	0.1185	0.0198	0.2203	0.1305	0.0898	0.0498	0.0459	0.0039	0.1705	0.0846	0.0859	0.0000	0.0000	0.0000	0.0000	0.0000	0.0000	0.0000	0.0000	0.0000	1.7881	3.0180	0.0002	7.9075	8.5801	0.0000	0.0003	0.0003	0.0002	
5	8	0.1099	9	1	1	1	0	0	0	0	0	N	N	N	N	N	N	N	N	N	N	N	N	0.0000	0.0000	0.0000	0.0000	0.0000	0.0000	0.0000	0.0000	0.0000	0.0000	0.0000	0.0000	0.0000	0.0000	0.0000	0.0000	0.0001	0.0000	0.0002	0.0000	0.0000	0.0000	0.0001	0.0000	0.0002	8623.9091	0.0000	0.0000	10.6531	1.0034	11.0503	8.6617	0.0000	0.0000	0.0000	0.0000	0.0000	0.0000	0.0000	0.0000	0.0000	0.0000	0.0000	0.0000	0.0000	0.0000	0.0000	0.0000	0.0000	0.0000	0.0489	0.0422	0.0068	0.0022	0.0021	0.0001	0.0467	0.0401	0.0067	0.1375	0.0847	0.0528	0.0427	0.0383	0.0044	0.0949	0.0465	0.0484	0.0000	0.0000	0.0000	0.0000	0.0000	0.0000	0.0000	0.0000	0.0000	0.0001	0.0000	0.0002	0.0000	0.0000	0.0000	0.0001	0.0000	0.0002			
5	9	0.0293	3	0	1	1	0	0	0	0	0	N	N	N	N	N	N	N	N	N	N	N	N	0.0109	0.0072	1036.8392	0.0937	0.0933	197.6129	327.0615	0.0000	1403.6513	0.0031	0.0037	0.0001	0.1061	0.1066	0.0012	0.0000	0.0000	0.0001	0.2883	0.5066	0.0000	1.1326	1.1428	0.0000	0.0000	0.0000	0.0000	0.0056	0.0000	-0.0006	-0.0911	10.6531	7.0042	11.0503	16.5712	0.0011	0.0011	0.0000	0.0011	0.0011	0.0000	0.0000	0.0000	0.0000	0.1481	0.1481	0.0000	0.1481	0.1481	0.0000	0.0000	0.0000	0.0000	0.3466	0.2956	0.0509	0.0102	0.0101	0.0000	0.3364	0.2855	0.0509	0.5138	0.2924	0.2214	0.1308	0.1296	0.0012	0.3830	0.1628	0.2202	0.0109	0.0072	1036.8392	0.0937	0.0933	197.6129	327.0615	0.0000	1403.6513	0.2883	0.5066	0.0000	1.1326	1.1428	0.0000	0.0000	0.0000	0.0000
5	10	0.0826	7	1	2	0	0	0	0	0	0	N	Y	N	N	N	N	N	N	N	N	N	N	0.0682	0.0486	0.0000	0.4463	0.4259	0.0002	inf	0.0000	0.0013	0.0015	0.0000	0.0296	0.0308	0.0000	0.0000	0.0000	0.0000	0.0184	0.0299	0.0005	0.0664	0.0724	0.0000	0.0002	0.0000	0.0005	0.0000	0.0098	-0.0001	-0.0012	10.6531	2.0043	11.0503	5.1253	0.0001	0.0001	0.0000	0.0001	0.0001	0.0000	0.0000	0.0000	0.0000	0.0019	0.0019	0.0000	0.0019	0.0019	0.0000	0.0000	0.0000	0.0000	0.0972	0.0837	0.0134	0.0041	0.0039	0.0002	0.0930	0.0798	0.0133	0.1060	0.0645	0.0414	0.0290	0.0266	0.0024	0.0769	0.0379	0.0390	0.0682	0.0486	0.0000	0.4463	0.4259	0.0000	0.0002	inf	0.0000	0.0184	0.0299	0.0005	0.0664	0.0724	0.0000	0.0002	0.0000	0.0005	
5	11	0.0981	11	0	2	0	0	0	0	0	0	N	Y	N	N	N	N	N	N	N	N	N	N	0.0000	0.0000	0.0000	0.0000	0.0000	0.0000	0.0000	0.0000	0.0000	0.0000	0.0000	0.0000	0.0000	0.0000	0.0000	0.0000	0.0000	4.8420	0.0010	15.5322	0.0028	0.0030	0.0000	6.2286	0.0000	15.2152	7678.8692	0.0000	0.3849	10.6531	3.0002	11.0503	13.3035	0.0000	0.0000	0.0000	0.0000	0.0000	0.0000	0.0000	0.0000	0.0000	0.9994	0.0001	0.9993	0.0001	0.0001	0.0000	0.9993	0.0000	0.9993	0.1372	0.1183	0.0189	0.0068	0.0065	0.0003	0.1304	0.1118	0.0186	0.2064	0.1240	0.0824	0.0460	0.0440	0.0020	0.1604	0.0800	0.0804	0.0000	0.0000	0.0000	0.0000	0.0000	0.0000	0.0000	0.0000	0.0000	4.8420	0.0010	12.1256	0.0028	0.0030	0.0000	6.2286	0.0000	12.4288		
5	12	0.0668	10	0	2	0	1	0	0	0	0	N	Y	N	N	N	N	N	N	N	N	N	N	0.0000	0.0000	0.0000	0.0000	0.0000	0.0000	0.0000	0.0000	0.0000	0.0000	0.0000	0.0000	0.0000	0.0000	0.0000	0.0000	0.0000	0.0000	0.0000	0.0000	10.6531	1.0000	11.0503	2.2091	0.0000	0.0000	0.0000	0.0000	0.0000	0.0000	0.0000	0.0000	0.0000	0.0000	0.0000	0.0000	0.0000	0.0000	0.0000	0.0000	0.0000	0.0000	0.0496	0.0426	0.0069	0.0024	0.0023	0.0001	0.0472	0.0404	0.0068	0.0533	0.0346	0.0188	0.0150	0.0142	0.0007	0.0383	0.0203	0.0180	0.0000	0.0000	0.0000	0.0000	0.0000	0.0000	0.0000	0.0000	0.0000	0.0000	0.0000	0.0000	0.0000	0.0000	0.0000	0.0000	0.0000	0.0000											
5	13	0.0656	9	0	1	0	1	0	0	0	0	N	N	N	N	N	N	N	N	N	N	N	N	0.0000	0.0000	0.0000	0.0000	0.0000	0.0000	0.0000	0.0000	0.0000	0.0000	0.0000	0.0000	0.0000	0.0000	0.0000	0.0000	0.0000	0.0000	0.0000	0.0000	0.0000	0.0000	0.0000	0.0000	0.0000	0.0000	-0.0000	10.6531	1.0009	11.0503	1.2082	0.0000	0.0000	0.0000	0.0000	0.0000	0.0000	0.0000	0.0000	0.0000	0.0000	0.0000	0.0000	0.0000	0.0000	0.0000	0.0000	0.0000	0.0000	0.0498	0.0429	0.0070	0.0025	0.0024	0.0001	0.0473	0.0405	0.0068	0.0333	0.0215	0.0118	0.0086	0.0080	0.0005	0.0247	0.0134	0.0113	0.0000	0.0000	0.0000	0.0000	0.0000	0.0000	0.0000	0.0000	0.0000	0.0000	0.0000	0.0000	0.0000	0.0000	0.0000	0.0000	0.0000	0.0000				
5	14	0.0928	9	0	2	0	0	0	0	0	0	N	Y	N	N	N	N	N	N	N	N	N	N	0.0000	0.0000	0.0000	0.0000	0.0000	0.0000	0.0000	0.0000	0.0000	0.0000	0.0000	0.0000	0.0000	0.0000	0.0000	0.0000	0.0000	1.9987	0.0019	4.8647	0.0127	0.0054	0.0987	2.5710	0.0000	5.0755	1793.3469	0.0000	0.1657	10.6531	3.0000	11.0503	13.0223	0.0000	0.0000	0.0000	0.0000	0.0000	0.0000	0.0000	0.0000	0.0000	0.4306	0.0002	0.4304	0.0006	0.0002	0.0004	0.4300	0.0000	0.4300	0.1439	0.1239	0.0200	0.0056	0.0054	0.0002	0.1382	0.1185	0.0198	0.2155	0.1270	0.0885	0.0482	0.0445	0.0037	0.1673	0.0825	0.0847	0.0000	0.0000	0.0000	0.0000	0.0000	0.0000	0.0000	0.0000	0.0000	1.9987	0.0019	4.8647	0.0127	0.0054	0.0987	2.5710	0.0000	5.0755		
5	15	0.0656	9	0	1	0	1	0	0	0	0	N	N	N	N	N	N	N	N	N	N	N	N	0.0000	0.0000	0.0000	0.0000	0.0000	0.0000	0.0000	0.0000	0.0000	0.0000	0.0000	0.0000	0.0000	0.0000	0.0000	0.0000	0.0000	0.0000	0.0000	0.0000	0.0000	0.0000	0.0000	0.0000	0.0000	0.0000	-0.0000	10.6531	0.9991	11.0503	0.0040	0.0000	0.0000	0.0000	0.0000	0.0000	0.0000	0.0000	0.0000	0.0000	0.0000	0.0000	0.0000	0.0000	0.0000	0.0000	0.0000	0.0000	0.0000	0.0497	0.0428	0.0069	0.0025	0.0024	0.0001	0.0472	0.0404	0.0068	0.0153	0.0099	0.0054	0.0040	0.0037	0.0002	0.0113	0.0061	0.0052	0.0000	0.0000	0.0000	0.0000	0.0000	0.0000	0.0000	0.0000	0.0000	0.0000	0.0000	0.0000	0.0000	0.0000	0.0000	0.0000	0.0000	0.0000				
5	16	0.0525	8	0	1	0	1	0	0	0	0	N	N	N	N	N	N	N	N	N	N	N	N	235.4660	0.0000	8962.3557	0.0000	0.0000	515.3835	0.0000	8740.5588	0.1086	0.0000	0.5853	0.0000	0.0000	0.0000	0.1235	0.0000	0.5915	0.0005	0.0007	0.0001	0.0013	0.0014	0.0000	0.0002	0.0004	0.0001	inf	0.0600	0.0148	-0.0001	10.6531	5.0907	11.0503	19.6153	0.0326	0.0000	0.0326	0.0000	0.0000	0.0000	0.0326	0.0000	0.0326	0.0002	0.0002	0.0000	0.0001	0.0001	0.0000	0.0001	0.0001	0.0000	0.3007	0.2449	0.0558	0.0364	0.0358	0.0006	0.2643	0.2091	0.0552	0.3657	0.2197	0.1460	0.0758	0.0707	0.0051	0.2899	0.1490	0.1409	235.4660	0.0000	8962.3557	0.0000	0.0000	0.0000	515.3835	0.0000	8740.5588	0.0005	0.0007	0.0001	0.0013	0.0014	0.0000	0.0002	0.0004	0.0001	
5	17	0.1126	8	1	1	1	0	0	0	0	0	N	N	N	N	N	N	N	N	N	N	N	N	0.0000	0.0000	0.0000	0.0000	0.0000	0.0000	0.0000	0.0000	0.0000	0.0000	0.0000	0.0000	0.0000	0.0000	0.0000	0.0000	0.0000	0.0000	0.0000	-0.0000	10.6531	1.0000	11.0503	1.0003	0.0000	0.0000	0.0000	0.0000	0.0000	0.0000	0.0000	0.0000	0.0000	0.0000	0.0000	0.0000	0.0000	0.0000	0.0000	0.0000	0.0000	0.0000	0.0441	0.0380	0.0061	0.0034	0.0033	0.0002	0.0406	0.0347	0.0059	0.0258	0.0159	0.0099	0.0079	0.0072	0.0007	0.0179	0.0086	0.0093	0.0000	0.0000	0.0000	0.0000	0.0000	0.0000	0.0000	0.0000	0.0000	0.0000	0.0000	0.0000	0.0000	0.0000	0.0000	0.0000	0.0000	0.0000											
5	18	0.0589	6	0	2	0	0	0	0	0	0	N	Y	N	N	N	N	N	N	N	N	N	N	0.0000	0.0000	0.0000	0.0000	0.0000	0.0000	0.0000	0.0000	0.0000	0.0000	0.0000	0.0000	0.0000	0.0000	0.0000	0.0000	0.0000	0.2883	0.0123	0.7276	0.0192	0.0190	0.0304	0.4695	0.0000	0.7407	37.3149	0.0000	0.0421	10.6531	0.0005	11.0503	9.9413	0.0000	0.0000	0.0000	0.0000	0.0000	0.0000	0.0000	0.0000	0.0000	0.1173	0.0031	0.1142	0.0031	0.0031	0.0001	0.1142	0.0000	0.1142	0.0001	0.0001	0.0000	0.0000	0.0000	0.0000	0.0001	0.0000	0.0000	0.4068	0.2498	0.1570	0.1637	0.1608	0.0029	0.2431	0.0890	0.1541	0.0000	0.0000	0.0000	0.0000	0.0000	0.0000	0.0000	0.0000	0.0000	0.2883	0.0123	0.7276	0.0192	0.0190	0.0304	0.4695	0.0000	0.7407		
5	19	0.0826	7	1	2	0	0	0	0	0	0	N	Y	N	N	N	N	N	N	N	N	N	N	1.1797	0.0000	179802.7215	0.6561	0.6218	0.9114	0.0000	171297.0909	4.3703	0.0000	31.5519	0.0002	0.0002	0.0000	4.5545	0.0000	31.9333	3.7045	6.1890	0.0002	0.0003	0.0003	0.0000	4.9973	10.1935	0.0002	572711.6531	0.0000	0.4517	-0.6133	10.6531	4.7901	11.0503	15.0000	0.9998	0.0000	0.9998	0.0000	0.0000	0.0000	0.9998	0.0000	0.9998	0.9977	0.9977	0.0000	0.0000	0.0000	0.0000	0.9977	0.9977	0.0000	0.2288	0.1971	0.0317	0.0093	0.0089	0.0004	0.2195	0.1882	0.0313	0.2693	0.1612	0.1081	0.0697	0.0633	0.0063	0.1996	0.0979	0.1018	1.1797	0.0000	179802.7215	0.6561	0.6218	0.0000	0.9114	0.0000	171297.0909	3.7045	6.1890	0.0002	0.0003	0.0003	0.0000	4.9973	10.1935	0.0002	
5	20	0.0796	6	1	2	0	0	0	0	0	0	N	Y	N	N	N	N	N	N	N	N	N	N	0.3038	0.1641	19.4229	133.6561	124.3285	0.0000	0.0528	0.0000	18.4688	0.0091	0.0082	0.0145	0.1553	0.1594	0.0000	0.0021	0.0000	0.0147	0.0298	0.0500	0.0007	0.0012	0.0013	0.0000	0.0394	0.0802	0.0008	0.2803	0.0104	-0.0002	-0.0012	10.6531	1.2170	11.0503	3.4655	0.0005	0.0004	0.0001	0.0004	0.0004	0.0000	0.0001	0.0000	0.0001	0.0019	0.0019	0.0000	0.0000	0.0000	0.0000	0.0019	0.0019	0.0000	0.0605	0.0522	0.0083	0.0028	0.0027	0.0001	0.0577	0.0495	0.0082	0.0653	0.0386	0.0267	0.0163	0.0148	0.0015	0.0490	0.0238	0.0252	0.3038	0.1641	19.4229	133.6561	124.3285	0.0000	0.0528	0.0000	18.4688	0.0298	0.0500	0.0007	0.0012	0.0013	0.0000	0.0394	0.0802	0.0008
5	21	0.0928	8	0	2	0	0	0	0	0	0	N	Y	N	N	N	N	N	N	N	N	N	N	0.0000	0.0000	0.0000	0.0000	0.0000	0.0000	0.0000	0.0000	0.0000	0.0000	0.0000	0.0000	0.0000	0.0000	0.0000	0.0000	5.2798	0.0009	17.8674	0.0024	0.0026	0.0000	6.8061	0.0000	18.5979	9675.7028	0.0000	0.3851	10.6531	2.0000	11.0503	11.9921	0.0000	0.0000	0.0000	0.0000	0.0000	0.0000	0.0000	0.0000	0.0000	0.9998	0.0001	0.9997	0.0001	0.0001	0.0000	0.9997	0.0000	0.9997	0.0963	0.0829	0.0134	0.0038	0.0036	0.0002	0.0925	0.0793	0.0132	0.1894	0.1116	0.0778	0.0425	0.0392	0.0033	0.1469	0.0724	0.0745	0.0000	0.0000	0.0000	0.0000	0.0000	0.0000	0.0000	0.0000	0.0000	5.2798	0.0009	12.8583	0.0024	0.0026	0.0000	6.8061	0.0000	13.4269			
5	22	0.0796	6	0	2	0	0	0	0	0	0	N	Y	N	N	N	N	N	N	N	N	N	N	inf	inf	inf	inf	0.0000	0.0000	0.0000	0.0000	0.0000	0.0013	0.0000	0.0000	0.0000	0.0000	0.0000	0.0000	0.0000	0.0000	0.0000	0.0000	0.0000	0.0000	inf	0.0000	0.0000	10.6531	2.9966	11.0503	14.0927	0.0000	0.0000	0.0000	0.0000	0.0000	0.0000	0.0000	0.0000	0.0000	0.0000	0.0000	0.0000	0.0000	0.0000	0.0000	0.0000	0.0000	0.0000	0.1455	0.1254	0.0201	0.0055	0.0054	0.0002	0.1399	0.1200	0.0199	0.2292	0.1352	0.0940	0.0564	0.0510	0.0053	0.1728	0.0842	0.0887	inf	0.0000	inf	inf	0.0000	inf	0.0000	0.0000	0.0000	0.0000	0.0000	0.0000	0.0000	0.0000	0.0000	0.0000	0.0000	0.0000						
5	23	0.0615	7	0	2	1	1	0	0	0	0	N	Y	N	N	N	N	N	N	N	N	N	N	0.0000	0.0000	0.0000	0.0000	0.0000	0.0000	0.0000	0.0000	0.0000	0.0000	0.0000	0.0000	0.0000	0.0000	0.0000	0.0000	0.0000	0.0000	0.0000	0.0000	10.6531	0.3092	11.0503	0.1355	0.0000	0.0000	0.0000	0.0000	0.0000	0.0000	0.0000	0.0000	0.0000	0.0000	0.0000	0.0000	0.0000	0.0000	0.0000	0.0000	0.0000	0.0000	0.0286	0.0242	0.0044	0.0085	0.0084	0.0001	0.0202	0.0158	0.0044	0.0128	0.0089	0.0039	0.0049	0.0048	0.0001	0.0079	0.0041	0.0038	0.0000	0.0000	0.0000	0.0000	0.0000	0.0000	0.0000	0.0000	0.0000	0.0000	0.0000	0.0000	0.0000	0.0000	0.0000	0.0000	0.0000	0.0000											
5	24	0.0509	6	0	1	0	1	0	0	0	0	N	N	N	N	N	N	N	N	N	N	N	N	8470.1458	3.3043	inf	104.8715	22.9844	inf	13340.3392	0.0000	inf	3.2608	0.0021	22.2025	0.0844	0.0203	1.7071	3.5786	0.0000	22.6965	0.0004	0.0006	0.0000	0.0008	0.0009	0.0000	0.0003	0.0005	0.0000	1831.6140	0.0000	0.4465	-0.0001	10.6531	6.2779	11.0503	13.9173	0.9893	0.0005	0.9888	0.0023	0.0005	0.0018	0.9870	0.0000	0.9870	0.0001	0.0001	0.0000	0.0000	0.0000	0.0000	0.0001	0.0001	0.0000	0.3034	0.2589	0.0445	0.0276	0.0265	0.0010	0.2758	0.2323	0.0435	0.2853	0.1740	0.1113	0.0621	0.0565	0.0056	0.2233	0.1176	0.1057	8470.1458	3.3043	inf	104.8715	22.9844	inf	13340.3392	0.0000	inf	0.0004	0.0006	0.0000	0.0008	0.0009	0.0000	0.0003	0.0005	0.0000
5	25	0.0552	7	0	2	0	0	0	0	0	0	N	Y	N	N	N	N	N	N	N	N	N	N	0.0000	0.0000	0.0000	0.0000	0.0001	0.0000	0.0000	0.0000	0.0000	0.0000	0.0000	0.0000	0.0000	0.0000	0.0000	0.0000	0.0000	0.0000	3.1419	0.0192	7.6521	0.0460	0.0457	0.0502	4.2666	0.0000	8.0175	0.0000	276.5649	-0.0000	0.3817	10.6531	3.8932	11.0503	15.3303	0.0000	0.0000	0.0000	0.0000	0.0000	0.0000	0.0000	0.0000	0.0000	1.0001	0.0036	0.9965	0.0039	0.0036	0.0003	0.9962	0.0000	0.9962	0.1967	0.1682	0.0286	0.0116	0.0113	0.0003	0.1851	0.1568	0.0283	0.3183	0.1881	0.1302	0.0848	0.0788	0.0060	0.2335	0.1092	0.1242	0.0000	0.0000	0.0000	0.0000	0.0001	0.0000	0.0000	0.0000	0.0000	3.1419	0.0192	7.6521	0.0460	0.0457	0.0502	4.2666	0.0000	8.0175
5	26	0.0457	5	0	2	0	1	0	0	0	0	N	Y	N	N	N	N	N	N	N	N	N	N	2259.3809	1584.6108	inf	11.7581	11.4249	inf	inf	inf	4.5818	5.3592	0.0000	0.0900	0.0929	0.0000	5.0687	6.0154	0.0000	0.0020	0.0034	0.0000	0.0077	0.0081	0.0000	0.0000	0.0000	0.0000	0.0000	0.0000	-0.5423	-0.0003	10.6531	4.2937	11.0503	9.5692	0.9892	0.9892	0.0000	0.0019	0.0019	0.0000	0.9873	0.9873	0.0000	0.0005	0.0005	0.0000	0.0005	0.0005	0.0000	0.0000	0.0000	0.0000	0.2159	0.1846	0.0313	0.0211	0.0204	0.0007	0.1948	0.1641	0.0307	0.2420	0.1451	0.0969	0.0641	0.0603	0.0038	0.1779	0.0848	0.0931	2259.3809	1584.6108	inf	11.7581	11.4249	0.0000	inf	inf	inf	0.0020	0.0034	0.0000	0.0077	0.0081	0.0000	0.0000	0.0000	0.0000	
5	27	0.0464	5	1	2	0	0	0	0	0	0	N	Y	N	N	N	N	N	N	N	N	N	N	2.5899	1.7083	0.0000	0.0044	0.0042	0.0000	7072.5810	inf	0.0000	1.3360	1.5656	0.0000	0.0138	0.0142	0.0000	1.3934	1.6427	0.0000	0.5158	0.9165	0.0004	3.1181	3.3886	0.0000	0.0002	0.0000	0.0004	0.0000	0.0003	-0.5484	-0.2079	10.6531	16.0000	11.0503	34.8566	1.0004	1.0004	0.0000	0.0004	0.0004	0.0000	1.0000	1.0000	0.0000	0.3384	0.3383	0.0001	0.3383	0.3383	0.0000	0.0001	0.0000	0.0001	0.7488	0.6390	0.1099	0.0312	0.0302	0.0009	0.7177	0.6087	0.1089	0.6561	0.3691	0.2869	0.1085	0.0998	0.0087	0.5476	0.2693	0.2783	2.5899	1.7083	0.0000	0.0044	0.0042	0.0000	7072.5810	inf	0.0000	0.5158	0.9165	0.0004	3.1181	3.3886	0.0000	0.0002	0.0000	0.0004
5	28	0.0610	9	0	1	1	0	0	0	0	0	N	N	N	N	N	N	N	N	N	N	N	N	0.0000	0.0000	0.0000	0.0000	0.0000	0.0000	0.0000	0.0000	0.0000	0.0000	0.0000	0.0000	0.0000	0.0044	0.0069	0.0000	0.0168	0.0191	0.0000	0.0000	0.0000	0.0000	0.0000	0.0000	-0.0002	10.6531	0.0000	11.0503	3.0088	0.0000	0.0000	0.0000	0.0000	0.0000	0.0000	0.0000	0.0000	0.0000	0.0003	0.0003	0.0000	0.0003	0.0003	0.0000	0.0000	0.0000	0.0000	0.0000	0.0000	0.0000	0.0000	0.0000	0.0000	0.0000	0.0000	0.0000	0.0662	0.0417	0.0245	0.0173	0.0151	0.0021	0.0489	0.0266	0.0223	0.0000	0.0000	0.0000	0.0000	0.0000	0.0000	0.0000	0.0000	0.0000	0.0044	0.0069	0.0000	0.0168	0.0191	0.0000	0.0000	0.0000	0.0000						
5	29	0.0487	6	0	2	0	0	0	0	0	0	N	Y	N	N	N	N	N	N	N	N	N	N	0.0486	0.0347	0.0920	0.1976	0.1915	inf	0.0267	0.0870	0.0001	0.0001	0.0000	0.0010	0.0011	0.0001	0.0000	0.0000	0.0000	0.0012	0.0018	0.0002	0.0052	0.0056	0.0000	0.0001	0.0000	0.0002	0.0595	0.0902	-0.0000	-0.0002	10.6531	5.0749	11.0503	14.8264	0.0000	0.0000	0.0000	0.0000	0.0000	0.0000	0.0000	0.0000	0.0000	0.0003	0.0003	0.0000	0.0003	0.0003	0.0000	0.0000	0.0000	0.0000	0.2562	0.2188	0.0375	0.0133	0.0128	0.0005	0.2430	0.2060	0.0370	0.3016	0.1787	0.1229	0.0615	0.0576	0.0039	0.2401	0.1211	0.1190	0.0486	0.0347	0.0920	0.1976	0.1915	inf	0.0267	0.0000	0.0870	0.0012	0.0018	0.0002	0.0052	0.0056	0.0000	0.0001	0.0000	0.0002	
5	30	0.0796	6	1	1	1	0	0	0	0	0	N	N	N	N	N	N	N	N	N	N	N	N	inf	inf	inf	inf	0.0015	0.0017	0.0000	0.0424	0.0439	0.0000	0.0000	0.0000	0.0000	0.0000	0.0000	0.0000	0.0000	0.0000	0.0000	0.0000	0.0000	0.0000	0.0000	-0.0002	0.0000	10.6531	5.9956	11.0503	15.0927	0.0004	0.0004	0.0000	0.0004	0.0004	0.0000	0.0000	0.0000	0.0000	0.0000	0.0000	0.0000	0.0000	0.0000	0.0000	0.0000	0.0000	0.0000	0.2861	0.2465	0.0396	0.0101	0.0098	0.0003	0.2759	0.2367	0.0392	0.2798	0.1650	0.1147	0.0685	0.0620	0.0065	0.2112	0.1030	0.1083	inf	inf	0.0000	inf	inf	0.0000	0.0000	0.0000	0.0000	0.0000	0.0000	0.0000	0.0000	0.0000	0.0000	0.0000	0.0000	0.0000						
5	31	0.0509	6	0	2	0	0	0	0	0	0	N	Y	N	N	N	N	N	N	N	N	N	N	2890.5382	2068.2552	inf	8048.3806	7517.7968	2.5323	0.0000	inf	0.0052	0.0061	0.0000	0.0402	0.0411	0.0000	0.0000	0.0000	0.0000	0.0000	0.0000	0.0000	0.0000	0.0000	0.0000	0.0000	0.0000	0.0000	0.0004	0.0000	-0.0002	-0.0000	10.6531	1.4218	11.0503	7.0463	0.0004	0.0004	0.0000	0.0004	0.0004	0.0000	0.0000	0.0000	0.0000	0.0000	0.0000	0.0000	0.0000	0.0000	0.0000	0.0000	0.0000	0.0000	0.0813	0.0695	0.0117	0.0106	0.0103	0.0003	0.0707	0.0592	0.0115	0.1332	0.0816	0.0516	0.0303	0.0276	0.0027	0.1029	0.0539	0.0489	2890.5382	2068.2552	inf	8048.3806	7517.7968	0.0000	2.5323	0.0000	inf	0.0000	0.0000	0.0000	0.0000	0.0000	0.0000	0.0000	0.0000	0.0000	
5	32	0.0457	5	0	1	0	0	0	0	0	0	N	N	N	N	N	N	N	N	N	N	N	N	378.2136	75.1105	6153.3089	309.7435	338.2400	25.9531	1920.9178	0.1823	23542.5635	0.0026	0.0008	0.0135	0.0066	0.0068	0.0012	0.0022	0.0000	0.0137	0.0000	0.0000	0.0000	0.0000	0.0000	0.0000	0.0000	0.0000	0.0000	3.0353	0.1473	0.0001	-0.0000	10.6531	4.3312	11.0503	5.5221	0.0006	0.0001	0.0004	0.0001	0.0001	0.0000	0.0004	0.0000	0.0004	0.0000	0.0000	0.0000	0.0000	0.0000	0.0000	0.0000	0.0000	0.0000	0.2176	0.1861	0.0316	0.0212	0.0206	0.0007	0.1964	0.1655	0.0309	0.1880	0.1123	0.0757	0.0532	0.0505	0.0027	0.1348	0.0618	0.0730	378.2136	75.1105	6153.3089	309.7435	338.2400	25.9531	1920.9178	0.1823	23542.5635	0.0000	0.0000	0.0000	0.0000	0.0000	0.0000	0.0000	0.0000	0.0000
5	33	0.0433	4	0	1	0	0	0	0	0	0	N	N	N	N	N	N	N	N	N	N	N	N	7.6101	3.5470	2568.1817	10.7080	10.2848	inf	883.4485	inf	2518.0910	0.0016	0.0013	0.0034	0.0097	0.0098	0.0007	0.0006	0.0002	0.0034	0.0002	0.0004	0.0000	0.0009	0.0010	0.0000	0.0000	0.0000	0.0000	0.4200	0.0028	-0.0001	-0.0000	10.6531	4.2685	11.0503	3.7703	0.0004	0.0003	0.0001	0.0002	0.0002	0.0000	0.0001	0.0000	0.0001	0.0000	0.0000	0.0000	0.0000	0.0000	0.0000	0.0000	0.0000	0.0000	0.2399	0.2072	0.0327	0.0240	0.0237	0.0003	0.2159	0.1835	0.0325	0.1419	0.0809	0.0610	0.0319	0.0303	0.0016	0.1100	0.0506	0.0594	7.6101	3.5470	2568.1817	10.7080	10.2848	inf	883.4485	inf	2518.0910	0.0002	0.0004	0.0000	0.0009	0.0010	0.0000	0.0000	0.0000	0.0000
5	34	0.0796	6	1	1	1	0	0	0	0	0	N	N	N	N	N	N	N	N	N	N	N	N	inf	inf	inf	inf	0.0000	0.0000	0.0000	0.0000	0.0000	0.0008	0.0000	0.0000	0.0000	0.0000	0.0000	0.0000	0.0000	0.0000	0.0000	0.0000	0.0000	0.0000	inf	0.0000	0.0000	10.6531	4.9966	11.0503	15.0870	0.0000	0.0000	0.0000	0.0000	0.0000	0.0000	0.0000	0.0000	0.0000	0.0000	0.0000	0.0000	0.0000	0.0000	0.0000	0.0000	0.0000	0.0000	0.2396	0.2065	0.0331	0.0086	0.0083	0.0003	0.2310	0.1981	0.0329	0.2672	0.1576	0.1096	0.0655	0.0593	0.0062	0.2016	0.0983	0.1034	inf	0.0000	inf	inf	0.0000	inf	0.0000	0.0000	0.0000	0.0000	0.0000	0.0000	0.0000	0.0000	0.0000	0.0000	0.0000	0.0000						
5	35	0.0610	9	0	2	0	0	0	0	0	0	N	Y	N	N	N	N	N	N	N	N	N	N	0.0000	0.0000	0.0000	0.0000	0.0000	0.0000	0.0000	0.0000	0.0000	0.0000	0.0000	0.0000	0.0000	0.0000	0.0000	0.0000	0.0000	0.0000	0.0000	0.0000	10.6531	1.0000	11.0503	1.0102	0.0000	0.0000	0.0000	0.0000	0.0000	0.0000	0.0000	0.0000	0.0000	0.0000	0.0000	0.0000	0.0000	0.0000	0.0000	0.0000	0.0000	0.0000	0.0670	0.0568	0.0102	0.0050	0.0048	0.0002	0.0621	0.0521	0.0100	0.0446	0.0281	0.0165	0.0117	0.0102	0.0014	0.0329	0.0179	0.0150	0.0000	0.0000	0.0000	0.0000	0.0000	0.0000	0.0000	0.0000	0.0000	0.0000	0.0000	0.0000	0.0000	0.0000	0.0000	0.0000	0.0000	0.0000											
5	36	0.0610	8	0	1	0	0	0	0	0	0	N	N	N	N	N	N	N	N	N	N	N	N	0.0000	0.0000	0.0000	0.0000	0.0000	0.0000	0.0000	0.0000	0.0000	0.0000	0.0000	0.0000	0.0000	0.0000	0.0000	0.0000	0.0003	0.0005	0.0000	0.0008	0.0009	0.0000	0.0000	0.0000	0.0000	0.0141	0.0000	-0.0000	10.6531	0.0000	11.0503	0.0263	0.0000	0.0000	0.0000	0.0000	0.0000	0.0000	0.0000	0.0000	0.0000	0.0000	0.0000	0.0000	0.0000	0.0000	0.0000	0.0000	0.0000	0.0000	0.0000	0.0000	0.0000	0.0000	0.0000	0.0000	0.0000	0.0000	0.0000	0.0007	0.0004	0.0003	0.0002	0.0002	0.0000	0.0004	0.0002	0.0003	0.0000	0.0000	0.0000	0.0000	0.0000	0.0000	0.0000	0.0000	0.0000	0.0003	0.0005	0.0000	0.0008	0.0009	0.0000	0.0000	0.0000	0.0000			
5	37	0.1126	7	1	2	1	0	0	0	0	0	N	Y	N	N	N	N	N	N	N	N	N	N	0.0000	0.0000	0.0000	0.0000	0.0000	0.0000	0.0000	0.0000	0.0000	0.0000	0.0000	0.0000	0.0000	0.0000	0.0000	0.0000	0.0000	0.0000	0.0000	-0.0000	10.6531	3.0000	11.0503	5.0002	0.0000	0.0000	0.0000	0.0000	0.0000	0.0000	0.0000	0.0000	0.0000	0.0000	0.0000	0.0000	0.0000	0.0000	0.0000	0.0000	0.0000	0.0000	0.1312	0.1130	0.0182	0.0103	0.0097	0.0006	0.1209	0.1033	0.0176	0.1010	0.0621	0.0389	0.0307	0.0281	0.0026	0.0703	0.0340	0.0363	0.0000	0.0000	0.0000	0.0000	0.0000	0.0000	0.0000	0.0000	0.0000	0.0000	0.0000	0.0000	0.0000	0.0000	0.0000	0.0000	0.0000	0.0000											
5	38	0.0800	9	1	2	0	0	0	0	0	0	N	Y	N	N	N	N	N	N	N	N	N	N	0.0000	0.0000	0.0000	0.0000	0.0000	0.0000	0.0000	0.0000	0.0000	0.0000	0.0000	0.0000	0.0000	0.0000	0.0000	0.0000	0.0000	0.0000	0.0000	0.0000	10.6531	0.0001	11.0503	0.1668	0.0000	0.0000	0.0000	0.0000	0.0000	0.0000	0.0000	0.0000	0.0000	0.0000	0.0000	0.0000	0.0000	0.0000	0.0000	0.0000	0.0000	0.0000	0.0000	0.0000	0.0000	0.0000	0.0000	0.0000	0.0000	0.0000	0.0000	0.0238	0.0182	0.0056	0.0112	0.0112	0.0000	0.0125	0.0070	0.0055	0.0000	0.0000	0.0000	0.0000	0.0000	0.0000	0.0000	0.0000	0.0000	0.0000	0.0000	0.0000	0.0000	0.0000	0.0000	0.0000	0.0000	0.0000											
5	39	0.0525	8	0	1	0	1	0	0	0	0	N	N	N	N	N	N	N	N	N	N	N	N	1013.7190	0.0000	6684.3542	0.0000	0.0000	3902.9559	0.0000	6507.3197	0.2314	0.0000	0.9735	0.0000	0.0000	0.0000	0.2957	0.0000	0.9809	0.0002	0.0003	0.0001	0.0007	0.0008	0.0000	0.0001	0.0000	0.0002	inf	0.3429	0.0148	-0.0000	10.6531	1.7673	11.0503	9.0239	0.0326	0.0000	0.0326	0.0000	0.0000	0.0000	0.0326	0.0000	0.0326	0.0000	0.0000	0.0000	0.0000	0.0000	0.0000	0.0000	0.0000	0.0000	0.1411	0.1076	0.0335	0.0307	0.0304	0.0003	0.1104	0.0771	0.0333	0.1771	0.1062	0.0709	0.0402	0.0378	0.0024	0.1368	0.0684	0.0685	1013.7190	0.0000	6684.3542	0.0000	0.0000	0.0000	3902.9559	0.0000	6507.3197	0.0002	0.0003	0.0001	0.0007	0.0008	0.0000	0.0001	0.0000	0.0002	
5	40	0.0502	7	0	1	0	1	0	0	0	0	N	N	N	N	N	N	N	N	N	N	N	N	2466.0262	0.1199	288680.7235	0.7555	0.7389	22602.6105	0.0000	283208.7468	9.1124	0.0007	61.2337	0.0108	0.0111	0.0000	9.6673	0.0000	61.9961	0.0037	0.0061	0.0002	0.0143	0.0151	0.0000	0.0004	0.0006	0.0002	14718.4338	0.0238	0.7346	-0.0003	10.6531	3.4690	11.0503	3.7419	1.6262	0.0001	1.6261	0.0001	0.0001	0.0000	1.6261	0.0000	1.6261	0.0005	0.0005	0.0000	0.0004	0.0004	0.0000	0.0000	0.0000	0.0000	0.1785	0.1519	0.0266	0.0103	0.0099	0.0003	0.1682	0.1420	0.0262	0.1247	0.0742	0.0505	0.0295	0.0279	0.0016	0.0952	0.0463	0.0489	2466.0262	0.1199	288680.7235	0.7555	0.7389	0.0000	22602.6105	0.0000	283208.7468	0.0037	0.0061	0.0002	0.0143	0.0151	0.0000	0.0004	0.0006	0.0002	
5	41	0.0981	11	0	2	1	0	0	0	0	0	N	Y	N	N	N	N	N	N	N	N	N	N	0.0000	0.0000	0.0000	0.0000	0.0000	0.0000	0.0000	0.0000	0.0000	0.0000	0.0000	0.0000	0.0000	0.0000	0.0000	0.0000	0.0034	0.0055	0.0002	0.0147	0.0153	0.0000	0.0001	0.0000	0.0002	0.0198	0.0000	-0.0003	10.6531	0.9997	11.0503	10.1790	0.0000	0.0000	0.0000	0.0000	0.0000	0.0000	0.0000	0.0000	0.0000	0.0005	0.0005	0.0000	0.0005	0.0005	0.0000	0.0000	0.0000	0.0000	0.0462	0.0398	0.0064	0.0023	0.0022	0.0001	0.0439	0.0376	0.0063	0.1449	0.0870	0.0579	0.0327	0.0313	0.0014	0.1121	0.0557	0.0565	0.0000	0.0000	0.0000	0.0000	0.0000	0.0000	0.0000	0.0000	0.0000	0.0034	0.0055	0.0002	0.0147	0.0153	0.0000	0.0001	0.0000	0.0002			
5	42	0.0970	10	0	2	0	0	0	0	0	0	N	Y	N	N	N	N	N	N	N	N	N	N	0.0000	0.0000	0.0000	0.0000	0.0000	0.0000	0.0000	0.0000	0.0000	0.0000	0.0000	0.0000	0.0000	0.0000	0.0000	0.0000	0.0292	0.0040	0.0632	0.0075	0.0077	0.0000	0.0387	0.0000	0.0643	11.8156	0.0000	0.0002	10.6531	0.0007	11.0503	0.9413	0.0000	0.0000	0.0000	0.0000	0.0000	0.0000	0.0000	0.0000	0.0000	0.0005	0.0000	0.0005	0.0000	0.0000	0.0000	0.0005	0.0000	0.0005	0.0000	0.0000	0.0000	0.0000	0.0000	0.0000	0.0000	0.0000	0.0000	0.0175	0.0100	0.0074	0.0053	0.0052	0.0001	0.0122	0.0048	0.0073	0.0000	0.0000	0.0000	0.0000	0.0000	0.0000	0.0000	0.0000	0.0000	0.0292	0.0040	0.0632	0.0075	0.0077	0.0000	0.0387	0.0000	0.0643			
5	43	0.0796	6	1	1	1	0	0	0	0	0	N	N	N	N	N	N	N	N	N	N	N	N	inf	inf	inf	inf	0.0044	0.0051	0.0000	0.1079	0.1112	0.0000	0.0000	0.0000	0.0000	0.0000	0.0000	0.0000	0.0000	0.0000	0.0000	0.0000	0.0000	0.0000	0.0000	-0.0002	0.0000	10.6531	1.9995	11.0503	12.0029	0.0004	0.0004	0.0000	0.0004	0.0004	0.0000	0.0000	0.0000	0.0000	0.0000	0.0000	0.0000	0.0000	0.0000	0.0000	0.0000	0.0000	0.0000	0.0980	0.0845	0.0135	0.0040	0.0039	0.0001	0.0940	0.0806	0.0134	0.1894	0.1118	0.0777	0.0467	0.0423	0.0044	0.1427	0.0695	0.0732	inf	inf	0.0000	inf	inf	0.0000	0.0000	0.0000	0.0000	0.0000	0.0000	0.0000	0.0000	0.0000	0.0000	0.0000	0.0000	0.0000						
5	44	0.0464	5	1	2	0	0	0	0	0	0	N	Y	N	N	N	N	N	N	N	N	N	N	0.7833	0.0012	3.1200	0.0074	0.0071	0.0000	0.9066	0.0000	3.0524	2.0912	0.0014	14.2067	0.0292	0.0301	0.0000	2.1805	0.0000	14.3272	2.6699	1.2068	4.5535	3.9408	4.2642	0.0061	2.4052	0.0003	4.6938	1724.0862	2.9307	0.4515	0.1754	10.6531	10.0000	11.0503	26.8440	1.0006	0.0006	1.0000	0.0006	0.0006	0.0000	1.0000	0.0000	1.0000	1.3407	0.3411	0.9996	0.3411	0.3410	0.0000	0.9996	0.0001	0.9996	0.4785	0.4081	0.0704	0.0199	0.0193	0.0006	0.4586	0.3888	0.0698	0.5022	0.2826	0.2195	0.0865	0.0800	0.0066	0.4156	0.2027	0.2130	0.7833	0.0012	3.1200	0.0074	0.0071	0.0000	0.9066	0.0000	3.0524	2.6699	1.2068	4.5535	3.9408	4.2642	0.0061	2.4052	0.0003	4.6938
5	45	0.0970	10	0	2	0	0	0	0	0	0	N	Y	N	N	N	N	N	N	N	N	N	N	0.0000	0.0000	0.0000	0.0000	0.0000	0.0000	0.0000	0.0000	0.0000	0.0000	0.0000	0.0000	0.0000	0.0000	0.0000	0.0000	0.0003	0.0005	0.0000	0.0012	0.0013	0.0000	0.0000	0.0000	0.0000	0.0001	0.0000	-0.0000	10.6531	3.0000	11.0503	5.0456	0.0000	0.0000	0.0000	0.0000	0.0000	0.0000	0.0000	0.0000	0.0000	0.0000	0.0000	0.0000	0.0000	0.0000	0.0000	0.0000	0.0000	0.0000	0.1372	0.1183	0.0189	0.0068	0.0065	0.0003	0.1304	0.1117	0.0186	0.1077	0.0644	0.0433	0.0250	0.0240	0.0010	0.0827	0.0404	0.0423	0.0000	0.0000	0.0000	0.0000	0.0000	0.0000	0.0000	0.0000	0.0000	0.0003	0.0005	0.0000	0.0012	0.0013	0.0000	0.0000	0.0000	0.0000			
5	46	0.0928	9	0	2	0	0	0	0	0	0	N	Y	N	N	N	N	N	N	N	N	N	N	0.0000	0.0000	0.0000	0.0000	0.0000	0.0000	0.0000	0.0000	0.0000	0.0000	0.0000	0.0000	0.0000	0.0000	0.0000	0.0000	0.0016	0.0015	0.0017	0.0038	0.0041	0.0000	0.0009	0.0000	0.0018	0.7560	0.0000	-0.0000	10.6531	2.0000	11.0503	1.0030	0.0000	0.0000	0.0000	0.0000	0.0000	0.0000	0.0000	0.0000	0.0000	0.0001	0.0000	0.0000	0.0000	0.0000	0.0000	0.0000	0.0000	0.0000	0.0963	0.0829	0.0134	0.0038	0.0036	0.0002	0.0925	0.0793	0.0132	0.0436	0.0257	0.0178	0.0103	0.0096	0.0007	0.0332	0.0161	0.0171	0.0000	0.0000	0.0000	0.0000	0.0000	0.0000	0.0000	0.0000	0.0000	0.0016	0.0015	0.0017	0.0038	0.0041	0.0000	0.0009	0.0000	0.0018			
5	47	0.0928	8	0	2	0	0	0	0	0	0	N	Y	N	N	N	N	N	N	N	N	N	N	0.0000	0.0000	0.0000	0.0000	0.0000	0.0000	0.0000	0.0000	0.0000	0.0000	0.0000	0.0000	0.0000	0.0000	0.0000	0.0000	0.0000	0.0986	0.0729	0.1399	0.1054	0.1068	0.0062	0.0935	0.0000	0.1421	1.1937	0.0000	-0.0000	10.6531	0.0000	11.0503	0.0582	0.0000	0.0000	0.0000	0.0000	0.0000	0.0000	0.0000	0.0000	0.0000	0.0003	0.0001	0.0002	0.0001	0.0001	0.0000	0.0002	0.0000	0.0002	0.0000	0.0000	0.0000	0.0000	0.0000	0.0000	0.0000	0.0000	0.0000	0.0030	0.0018	0.0011	0.0013	0.0012	0.0000	0.0017	0.0006	0.0011	0.0000	0.0000	0.0000	0.0000	0.0000	0.0000	0.0000	0.0000	0.0000	0.0986	0.0729	0.1399	0.1054	0.1068	0.0062	0.0935	0.0000	0.1421		
5	48	0.0891	7	0	2	0	0	0	0	0	0	N	Y	N	N	N	N	N	N	N	N	N	N	0.0948	624.4273	0.0000	0.1419	784.3538	0.0000	0.0000	0.0000	0.0007	0.0008	0.0000	0.0028	0.0028	0.0000	0.0000	0.0000	0.0000	0.0079	0.0000	0.0199	0.0194	0.0000	0.2552	0.0041	0.0000	0.0082	0.0000	9767.5436	-0.0000	0.0002	10.6531	0.0018	11.0503	3.9096	0.0000	0.0000	0.0000	0.0000	0.0000	0.0000	0.0000	0.0000	0.0000	0.0005	0.0000	0.0005	0.0003	0.0000	0.0003	0.0002	0.0000	0.0002	0.0002	0.0002	0.0000	0.0000	0.0000	0.0000	0.0001	0.0001	0.0000	0.0584	0.0352	0.0231	0.0144	0.0133	0.0011	0.0440	0.0219	0.0220	0.0948	624.4273	0.0000	0.1419	784.3538	0.0000	0.0000	0.0000	0.0000	0.0079	0.0000	0.0199	0.0194	0.0000	0.2552	0.0041	0.0000	0.0082	
5	49	0.0796	6	0	2	0	0	0	0	0	0	N	Y	N	N	N	N	N	N	N	N	N	N	1.4892	1.0194	0.0000	9.1085	8.4972	0.0000	0.0000	0.0000	0.0044	0.0051	0.0000	0.1077	0.1110	0.0000	0.0000	0.0000	0.0000	0.0029	0.0050	0.0000	0.0118	0.0131	0.0000	0.0000	0.0000	0.0000	0.0000	0.0000	-0.0002	-0.0002	10.6531	2.0031	11.0503	6.0601	0.0004	0.0004	0.0000	0.0004	0.0004	0.0000	0.0000	0.0000	0.0000	0.0003	0.0003	0.0000	0.0003	0.0003	0.0000	0.0000	0.0000	0.0000	0.0982	0.0847	0.0135	0.0040	0.0039	0.0001	0.0942	0.0808	0.0134	0.1111	0.0656	0.0455	0.0276	0.0250	0.0026	0.0835	0.0406	0.0429	1.4892	1.0194	0.0000	9.1085	8.4972	0.0000	0.0000	0.0000	0.0000	0.0029	0.0050	0.0000	0.0118	0.0131	0.0000	0.0000	0.0000	0.0000	
5	50	0.0610	8	0	1	1	0	0	0	0	0	N	N	N	N	N	N	N	N	N	N	N	N	0.0000	0.0000	0.0000	0.0000	0.0000	0.0000	0.0000	0.0000	0.0000	0.0000	0.0000	0.0000	0.0000	0.0000	0.0000	0.0000	0.0000	0.0000	0.0000	0.0000	0.0000	0.0000	inf	0.0000	0.0000	10.6531	0.0004	11.0503	0.9852	0.0000	0.0000	0.0000	0.0000	0.0000	0.0000	0.0000	0.0000	0.0000	0.0000	0.0000	0.0000	0.0000	0.0000	0.0000	0.0000	0.0000	0.0000	0.0001	0.0001	0.0000	0.0000	0.0000	0.0000	0.0000	0.0000	0.0000	0.0151	0.0094	0.0057	0.0039	0.0035	0.0004	0.0112	0.0059	0.0053	0.0000	0.0000	0.0000	0.0000	0.0000	0.0000	0.0000	0.0000	0.0000	0.0000	0.0000	0.0000	0.0000	0.0000	0.0000	0.0000	0.0000	0.0000						
5	51	0.0502	7	0	1	0	0	0	0	0	0	N	N	N	N	N	N	N	N	N	N	N	N	0.6668	0.4674	0.0000	480.7236	465.6985	0.5567	0.3359	0.0000	1.8924	2.2183	0.0000	0.0615	0.0638	0.0000	1.9884	2.3467	0.0000	2.8379	4.7457	0.0000	0.0001	0.0001	0.0000	3.5715	6.9855	0.0000	0.0000	0.0000	-0.5490	-0.6142	10.6531	10.7574	11.0503	12.9024	1.0015	1.0015	0.0000	0.0016	0.0016	0.0000	0.9999	0.9999	0.0000	0.9992	0.9992	0.0000	0.0000	0.0000	0.0000	0.9992	0.9992	0.0000	0.5292	0.4515	0.0777	0.0264	0.0254	0.0010	0.5029	0.4261	0.0768	0.3521	0.2105	0.1415	0.0723	0.0675	0.0048	0.2798	0.1430	0.1367	0.6668	0.4674	0.0000	480.7236	465.6985	0.0000	0.5567	0.3359	0.0000	2.8379	4.7457	0.0000	0.0001	0.0001	0.0000	3.5715	6.9855	0.0000	
5	52	0.0487	6	0	1	0	0	0	0	0	0	N	N	N	N	N	N	N	N	N	N	N	N	2.4250	0.0765	107.5298	1.2869	1.2652	inf	2.0611	0.0430	105.9208	0.0123	0.0006	0.0807	0.0018	0.0018	0.0001	0.0130	0.0005	0.0817	0.0051	0.0082	0.0008	0.0014	0.0014	0.0000	0.0063	0.0127	0.0008	22.0338	0.0658	0.0007	-0.0003	10.6531	2.6694	11.0503	2.4027	0.0017	0.0001	0.0016	0.0000	0.0000	0.0000	0.0017	0.0001	0.0016	0.0005	0.0004	0.0000	0.0000	0.0000	0.0000	0.0004	0.0004	0.0000	0.1375	0.1174	0.0201	0.0078	0.0075	0.0003	0.1297	0.1099	0.0198	0.0924	0.0538	0.0386	0.0226	0.0215	0.0011	0.0698	0.0322	0.0376	2.4250	0.0765	107.5298	1.2869	1.2652	inf	2.0611	0.0430	105.9208	0.0051	0.0082	0.0008	0.0014	0.0014	0.0000	0.0063	0.0127	0.0008
5	53	0.0435	5	0	1	0	0	0	0	0	0	N	N	N	N	N	N	N	N	N	N	N	N	7.5215	3.8219	24.3000	93.8742	87.2378	inf	5.7318	0.0002	23.6895	0.0057	0.0011	0.0344	0.0109	0.0108	0.0152	0.0052	0.0000	0.0345	0.0008	0.0003	0.0014	0.0001	0.0001	0.0000	0.0009	0.0003	0.0015	5.2059	3.6735	0.0008	0.0000	10.6531	8.6921	11.0503	5.3599	0.0026	0.0004	0.0022	0.0004	0.0004	0.0000	0.0022	0.0000	0.0022	0.0002	0.0000	0.0001	0.0000	0.0000	0.0000	0.0002	0.0000	0.0001	0.4647	0.4005	0.0643	0.0398	0.0392	0.0006	0.4250	0.3613	0.0637	0.2156	0.1254	0.0902	0.0411	0.0384	0.0027	0.1745	0.0870	0.0875	7.5215	3.8219	24.3000	93.8742	87.2378	inf	5.7318	0.0002	23.6895	0.0008	0.0003	0.0014	0.0001	0.0001	0.0000	0.0009	0.0003	0.0015
5	54	0.0433	4	0	1	0	0	0	0	0	0	N	N	N	N	N	N	N	N	N	N	N	N	7.7791	3.2995	37.4610	9.3075	9.0048	inf	9.0246	inf	36.8558	0.0047	0.0019	0.0242	0.0104	0.0104	0.0120	0.0036	0.0000	0.0243	0.0006	0.0006	0.0006	0.0011	0.0012	0.0000	0.0004	0.0000	0.0007	1.8694	0.9137	0.0001	-0.0000	10.6531	1.8652	11.0503	1.4001	0.0006	0.0002	0.0004	0.0002	0.0002	0.0000	0.0004	0.0000	0.0004	0.0000	0.0000	0.0000	0.0000	0.0000	0.0000	0.0000	0.0000	0.0000	0.1237	0.1082	0.0156	0.0195	0.0194	0.0001	0.1042	0.0887	0.0154	0.0735	0.0409	0.0326	0.0207	0.0200	0.0007	0.0528	0.0208	0.0320	7.7791	3.2995	37.4610	9.3075	9.0048	inf	9.0246	inf	36.8558	0.0006	0.0006	0.0006	0.0011	0.0012	0.0000	0.0004	0.0000	0.0007
5	55	0.0388	3	0	1	0	0	0	0	0	0	N	N	N	N	N	N	N	N	N	N	N	N	0.0082	0.0027	2.0961	0.0137	0.0136	8.2066	0.4581	0.0000	2.0847	0.0029	0.0016	0.0110	0.0129	0.0129	0.0051	0.0016	0.0000	0.0110	0.3518	0.6058	0.0052	0.9376	0.9497	0.0006	0.0035	0.0000	0.0053	1.0051	0.0063	-0.0000	-0.0629	10.6531	2.5292	11.0503	4.9772	0.0004	0.0002	0.0002	0.0002	0.0002	0.0000	0.0002	0.0000	0.0002	0.1034	0.1027	0.0006	0.1027	0.1027	0.0000	0.0006	0.0000	0.0006	0.1475	0.1282	0.0194	0.0165	0.0163	0.0002	0.1311	0.1119	0.0192	0.2939	0.1696	0.1243	0.1096	0.1082	0.0014	0.1844	0.0614	0.1229	0.0082	0.0027	2.0961	0.0137	0.0136	8.2066	0.4581	0.0000	2.0847	0.3518	0.6058	0.0052	0.9376	0.9497	0.0006	0.0035	0.0000	0.0053
5	56	0.0796	6	1	2	0	0	0	0	0	0	N	Y	N	N	N	N	N	N	N	N	N	N	0.0000	0.0000	0.0000	0.0000	0.0000	0.0000	0.0000	0.0000	0.0000	0.0000	0.0000	0.0000	0.0000	0.0000	0.0000	0.0000	0.0000	0.0000	0.0000	0.0000	10.6531	0.0000	11.0503	10.9971	0.0000	0.0000	0.0000	0.0000	0.0000	0.0000	0.0000	0.0000	0.0000	0.0000	0.0000	0.0000	0.0000	0.0000	0.0000	0.0000	0.0000	0.0000	0.0000	0.0000	0.0000	0.0000	0.0000	0.0000	0.0000	0.0000	0.0000	0.1501	0.0886	0.0615	0.0372	0.0336	0.0035	0.1129	0.0549	0.0580	0.0000	0.0000	0.0000	0.0000	0.0000	0.0000	0.0000	0.0000	0.0000	0.0000	0.0000	0.0000	0.0000	0.0000	0.0000	0.0000	0.0000	0.0000											
5	57	0.1349	9	0	1	0	0	0	0	0	0	N	N	N	N	N	N	N	N	N	N	N	N	0.0112	0.0135	0.0000	0.0014	0.0013	0.0006	0.0215	248.2179	0.0000	0.0092	0.0105	0.0000	0.0017	0.0017	0.0000	0.0115	0.0136	0.0000	0.8229	0.7800	0.9132	1.1827	1.3153	0.0085	0.5315	0.0001	1.0616	0.0000	0.5561	-0.0035	-0.1884	10.6531	7.8198	11.0503	21.5823	0.0064	0.0064	0.0000	0.0003	0.0003	0.0000	0.0061	0.0061	0.0000	0.7321	0.4705	0.2616	0.4708	0.4704	0.0003	0.2613	0.0000	0.2613	0.6921	0.6038	0.0883	0.1595	0.1549	0.0046	0.5326	0.4489	0.0837	0.8896	0.6032	0.2865	0.3981	0.3577	0.0404	0.4916	0.2455	0.2461	0.0112	0.0135	0.0000	0.0014	0.0013	0.0006	0.0215	248.2179	0.0000	0.8229	0.7800	0.9132	1.1827	1.3153	0.0085	0.5315	0.0001	1.0616
5	58	0.1153	10	1	2	1	0	0	0	0	0	N	Y	N	N	N	N	N	N	N	N	N	N	0.0000	0.0000	0.0000	0.0000	0.0000	0.0000	0.0000	0.0000	0.0000	0.0000	0.0000	0.0000	0.0000	0.0000	0.0000	0.0000	0.0000	0.0027	0.0044	0.0001	0.0089	0.0100	0.0000	0.0001	0.0000	0.0001	0.0194	0.0000	-0.0003	10.6531	2.0055	11.0503	11.8091	0.0000	0.0000	0.0000	0.0000	0.0000	0.0000	0.0000	0.0000	0.0000	0.0005	0.0005	0.0000	0.0005	0.0005	0.0000	0.0000	0.0000	0.0000	0.0975	0.0840	0.0135	0.0048	0.0046	0.0002	0.0927	0.0795	0.0132	0.1837	0.1109	0.0729	0.0552	0.0491	0.0061	0.1285	0.0618	0.0667	0.0000	0.0000	0.0000	0.0000	0.0000	0.0000	0.0000	0.0000	0.0000	0.0027	0.0044	0.0001	0.0089	0.0100	0.0000	0.0001	0.0000	0.0001		
5	59	0.1099	9	1	1	1	0	0	0	0	0	N	N	N	N	N	N	N	N	N	N	N	N	0.0000	0.0000	0.0000	0.0000	0.0000	0.0000	0.0000	0.0000	0.0000	0.0000	0.0000	0.0000	0.0000	0.0000	0.0000	0.0000	0.0000	0.0004	0.0002	0.0008	0.0009	0.0005	0.0047	0.0002	0.0000	0.0004	1.9949	0.0000	0.0000	10.6531	1.9951	11.0503	2.5667	0.0000	0.0000	0.0000	0.0000	0.0000	0.0000	0.0000	0.0000	0.0000	0.0000	0.0000	0.0000	0.0000	0.0000	0.0000	0.0000	0.0000	0.0000	0.0967	0.0834	0.0134	0.0043	0.0041	0.0002	0.0925	0.0793	0.0132	0.0701	0.0442	0.0258	0.0226	0.0205	0.0021	0.0474	0.0237	0.0237	0.0000	0.0000	0.0000	0.0000	0.0000	0.0000	0.0000	0.0000	0.0000	0.0004	0.0002	0.0008	0.0009	0.0005	0.0047	0.0002	0.0000	0.0004		
5	60	0.1032	8	1	1	1	0	0	0	0	0	N	N	N	N	N	N	N	N	N	N	N	N	66.2038	0.0000	156.1220	0.0125	0.0000	5157.1082	81.3190	130.0067	0.0705	0.0000	0.4310	0.0000	0.0000	0.0026	0.1024	0.0000	0.4343	0.0011	0.0005	0.0028	0.0008	0.0009	0.0000	0.0013	0.0000	0.0033	inf	1.7263	0.0000	0.0000	10.6531	0.0108	11.0503	3.6229	0.0001	0.0000	0.0001	0.0000	0.0000	0.0000	0.0001	0.0000	0.0001	0.0001	0.0000	0.0001	0.0000	0.0000	0.0000	0.0001	0.0000	0.0001	0.0013	0.0011	0.0002	0.0004	0.0004	0.0000	0.0009	0.0007	0.0002	0.1267	0.0957	0.0309	0.0589	0.0535	0.0054	0.0678	0.0422	0.0256	66.2038	0.0000	156.1220	0.0125	0.0000	5157.1082	81.3190	0.0000	130.0067	0.0011	0.0005	0.0028	0.0008	0.0009	0.0000	0.0013	0.0000	0.0033	
5	61	0.0552	7	0	2	0	0	0	0	0	0	N	Y	N	N	N	N	N	N	N	N	N	N	0.0000	0.0000	0.0000	0.0000	0.0000	0.0000	0.0000	0.0000	0.0000	0.0000	0.0000	0.0000	0.0000	0.0000	0.0000	0.0000	0.0000	0.0000	4.3227	0.0273	13.1851	0.0561	0.0593	0.0050	6.0959	0.0000	12.8735	0.0000	262.6799	-0.0000	0.3815	10.6531	4.0917	11.0503	8.0988	0.0000	0.0000	0.0000	0.0000	0.0000	0.0000	0.0000	0.0000	0.0000	1.0001	0.0038	0.9964	0.0038	0.0038	0.0000	0.9963	0.0000	0.9963	0.2063	0.1763	0.0300	0.0120	0.0117	0.0003	0.1943	0.1646	0.0297	0.2314	0.1389	0.0925	0.0679	0.0639	0.0040	0.1634	0.0750	0.0885	0.0000	0.0000	0.0000	0.0000	0.0000	0.0000	0.0000	0.0000	0.0000	4.3227	0.0273	10.7740	0.0561	0.0593	0.0050	6.0959	0.0000	11.2597
5	62	0.0514	6	0	2	0	0	0	0	0	0	N	Y	N	N	N	N	N	N	N	N	N	N	0.0000	0.0002	0.0000	0.0019	0.0018	0.0000	0.0000	0.0000	0.0000	0.0000	0.0000	0.0000	0.0000	0.0000	0.0000	0.0000	0.0000	0.0000	0.0871	0.0147	0.1808	0.0243	0.0263	0.0002	0.1085	0.0064	0.1892	0.0000	9.5070	-0.0000	0.0034	10.6531	2.1165	11.0503	5.0852	0.0000	0.0000	0.0000	0.0000	0.0000	0.0000	0.0000	0.0000	0.0000	0.0116	0.0011	0.0105	0.0008	0.0008	0.0000	0.0108	0.0003	0.0105	0.1045	0.0891	0.0154	0.0044	0.0043	0.0001	0.1001	0.0848	0.0153	0.1332	0.0752	0.0580	0.0339	0.0314	0.0026	0.0992	0.0438	0.0554	0.0000	0.0002	0.0000	0.0019	0.0018	0.0000	0.0000	0.0000	0.0000	0.0871	0.0147	0.1808	0.0243	0.0263	0.0002	0.1085	0.0064	0.1892
5	63	0.1032	8	1	1	1	0	0	0	0	0	N	N	N	N	N	N	N	N	N	N	N	N	1.0860	0.6492	2.9668	6.6768	6.2847	0.0000	0.8143	2.7030	0.0004	0.0001	0.0023	0.0024	0.0025	0.0000	0.0003	0.0000	0.0024	0.0004	0.0002	0.0008	0.0004	0.0004	0.0000	0.0004	0.0000	0.0009	3.0003	2.1360	0.0000	0.0000	10.6531	3.9990	11.0503	8.8702	0.0001	0.0000	0.0001	0.0000	0.0000	0.0000	0.0001	0.0000	0.0001	0.0001	0.0000	0.0001	0.0000	0.0000	0.0000	0.0001	0.0000	0.0001	0.2792	0.2406	0.0386	0.0124	0.0119	0.0005	0.2667	0.2287	0.0380	0.3167	0.2081	0.1086	0.1107	0.0996	0.0111	0.2060	0.1085	0.0975	1.0860	0.6492	2.9668	6.6768	6.2847	0.0000	0.8143	0.0000	2.7030	0.0004	0.0002	0.0008	0.0004	0.0004	0.0000	0.0004	0.0000	0.0009	
5	64	0.0830	7	1	1	1	0	0	0	0	0	N	N	N	N	N	N	N	N	N	N	N	N	2199.4470	0.0002	20344.1708	0.6072	0.0026	1099.9774	3892.0538	0.0000	19374.2727	5.1980	0.0000	37.3817	0.0030	0.0000	0.0881	5.3875	0.0000	37.7013	0.0024	0.0027	0.0018	0.0049	0.0053	0.0001	0.0014	0.0008	0.0019	11249647.2487	0.4183	0.4513	-0.0001	10.6531	3.9972	11.0503	6.8232	0.9989	0.0000	0.9989	0.0000	0.0000	0.0000	0.9989	0.0000	0.9989	0.0004	0.0003	0.0001	0.0002	0.0002	0.0000	0.0002	0.0000	0.0001	0.1922	0.1655	0.0267	0.0068	0.0065	0.0002	0.1854	0.1589	0.0265	0.1652	0.1025	0.0627	0.0461	0.0425	0.0036	0.1191	0.0600	0.0590	2199.4470	0.0002	20344.1708	0.6072	0.0026	1099.9774	3892.0538	0.0000	19374.2727	0.0024	0.0027	0.0018	0.0049	0.0053	0.0001	0.0014	0.0008	0.0019
5	65	0.0590	7	0	2	0	0	0	0	0	0	N	Y	N	N	N	N	N	N	N	N	N	N	0.0000	0.0000	0.0000	0.0005	0.0004	0.0000	0.0000	0.0000	0.0000	0.0000	0.0000	0.0000	0.0003	0.0003	0.0000	0.0000	0.0000	0.0000	0.4365	0.3434	0.5774	0.7131	0.7491	0.0058	0.3235	0.0000	0.5983	0.0000	1.1114	-0.0000	-0.0340	10.6531	15.6632	11.0503	35.0639	0.0000	0.0000	0.0000	0.0000	0.0000	0.0000	0.0000	0.0000	0.0000	0.3848	0.1823	0.2026	0.1823	0.1823	0.0001	0.2025	0.0000	0.2025	0.7342	0.6265	0.1077	0.0307	0.0298	0.0009	0.7035	0.5967	0.1068	0.8815	0.5308	0.3508	0.2557	0.2433	0.0124	0.6259	0.2874	0.3384	0.0000	0.0000	0.0000	0.0005	0.0004	0.0000	0.0000	0.0000	0.0000	0.4365	0.3434	0.5774	0.7131	0.7491	0.0058	0.3235	0.0000	0.5983
5	66	0.0590	7	0	1	1	0	0	0	0	0	N	N	N	N	N	N	N	N	N	N	N	N	3.5913	5.4268	0.0000	0.0000	0.0000	0.0000	4.3919	45501888.1768	0.0000	2.7071	3.1752	0.0000	0.0000	0.0000	0.0000	2.8253	3.3341	0.0000	0.7538	0.5851	1.0177	0.9315	0.9523	0.0165	0.6433	0.0000	1.0402	0.0000	1.1116	-0.3620	-0.0340	10.6531	4.9998	11.0503	10.1184	0.6604	0.6604	0.0000	0.0000	0.0000	0.0000	0.6604	0.6604	0.0000	0.3848	0.1822	0.2026	0.1823	0.1822	0.0001	0.2025	0.0000	0.2025	0.2440	0.2080	0.0360	0.0102	0.0099	0.0003	0.2337	0.1981	0.0357	0.5105	0.3114	0.1990	0.1957	0.1913	0.0044	0.3148	0.1201	0.1947	3.5913	5.4268	0.0000	0.0000	0.0000	0.0000	4.3919	45501888.1768	0.0000	0.7538	0.5851	1.0177	0.9315	0.9523	0.0165	0.6433	0.0000	1.0402
5	67	0.0293	3	0	2	0	0	0	0	0	0	N	Y	N	N	N	N	N	N	N	N	N	N	0.0082	0.0054	768.5800	0.0707	0.0702	155.6437	248.1966	0.0000	1040.1371	0.0021	0.0024	0.0001	0.0764	0.0768	0.0008	0.0000	0.0000	0.0001	0.2532	0.4455	0.0000	1.0817	1.0931	0.0000	0.0000	0.0000	0.0000	0.0055	0.0000	-0.0006	-0.0911	10.6531	10.9928	11.0503	18.5513	0.0011	0.0011	0.0000	0.0011	0.0011	0.0000	0.0000	0.0000	0.0000	0.1481	0.1481	0.0000	0.1481	0.1481	0.0000	0.0000	0.0000	0.0000	0.5330	0.4547	0.0783	0.0144	0.0144	0.0001	0.5186	0.4403	0.0783	0.5851	0.3326	0.2525	0.1370	0.1355	0.0014	0.4481	0.1970	0.2511	0.0082	0.0054	768.5800	0.0707	0.0702	155.6437	248.1966	0.0000	1040.1371	0.2532	0.4455	0.0000	1.0817	1.0931	0.0000	0.0000	0.0000	0.0000
5	68	0.0293	2	0	1	0	0	0	0	0	0	N	N	N	N	N	N	N	N	N	N	N	N	0.0374	0.0255	0.1176	0.1030	0.1029	0.3420	0.0234	0.0000	0.1175	0.0393	0.0233	0.1456	0.1152	0.1152	0.1129	0.0231	0.0000	0.1457	1.0507	0.9128	1.2384	1.1182	1.1189	0.3300	0.9907	0.0005	1.2393	0.9416	0.9968	-0.0000	-0.0271	10.6531	0.0861	11.0503	1.0715	0.0003	0.0001	0.0001	0.0001	0.0001	0.0000	0.0001	0.0000	0.0001	0.2344	0.1174	0.1170	0.1174	0.1174	0.0000	0.1170	0.0000	0.1170	0.0064	0.0055	0.0008	0.0011	0.0011	0.0000	0.0052	0.0044	0.0008	0.2231	0.1286	0.0945	0.1050	0.1049	0.0001	0.1181	0.0237	0.0944	0.0374	0.0255	0.1176	0.1030	0.1029	0.3420	0.0234	0.0000	0.1175	1.0507	0.9128	1.2384	1.1182	1.1189	0.3300	0.9907	0.0005	1.2393
5	69	0.1126	8	1	1	1	0	0	0	0	0	N	N	N	N	N	N	N	N	N	N	N	N	0.0000	0.0000	0.0000	0.0000	0.0000	0.0000	0.0000	0.0000	0.0000	0.0000	0.0000	0.0000	0.0000	0.0000	0.0000	0.0000	0.0000	0.0000	0.0000	-0.0000	10.6531	1.0000	11.0503	3.0001	0.0000	0.0000	0.0000	0.0000	0.0000	0.0000	0.0000	0.0000	0.0000	0.0000	0.0000	0.0000	0.0000	0.0000	0.0000	0.0000	0.0000	0.0000	0.0441	0.0380	0.0061	0.0034	0.0033	0.0002	0.0406	0.0347	0.0059	0.0512	0.0315	0.0197	0.0156	0.0143	0.0013	0.0355	0.0172	0.0184	0.0000	0.0000	0.0000	0.0000	0.0000	0.0000	0.0000	0.0000	0.0000	0.0000	0.0000	0.0000	0.0000	0.0000	0.0000	0.0000	0.0000	0.0000											
5	70	0.1126	7	1	1	1	0	0	0	0	0	N	N	N	N	N	N	N	N	N	N	N	N	0.0000	0.0000	0.0000	0.0000	0.0000	0.0000	0.0000	0.0000	0.0000	0.0000	0.0000	0.0000	0.0000	0.0000	0.0000	0.0000	0.0000	0.0000	0.0000	0.0000	-0.0000	10.6531	0.0000	11.0503	0.0009	0.0000	0.0000	0.0000	0.0000	0.0000	0.0000	0.0000	0.0000	0.0000	0.0000	0.0000	0.0000	0.0000	0.0000	0.0000	0.0000	0.0000	0.0000	0.0000	0.0000	0.0000	0.0000	0.0000	0.0000	0.0000	0.0000	0.0000	0.0000	0.0000	0.0000	0.0000	0.0000	0.0000	0.0000	0.0000	0.0000	0.0000	0.0000	0.0000	0.0000	0.0000	0.0000	0.0000	0.0000	0.0000	0.0000	0.0000	0.0000	0.0000	0.0000	0.0000	0.0000	0.0000	0.0000										
5	71	0.0796	6	1	1	1	0	0	0	0	0	N	N	N	N	N	N	N	N	N	N	N	N	0.0071	0.0000	inf	0.0502	0.0000	inf	0.0000	0.0000	0.0000	0.0000	0.0000	0.0004	0.0000	0.0000	0.0000	0.0001	0.0001	0.0000	0.0003	0.0003	0.0000	0.0000	0.0000	0.0000	inf	0.0000	0.0000	-0.0000	10.6531	9.9966	11.0503	12.9129	0.0000	0.0000	0.0000	0.0000	0.0000	0.0000	0.0000	0.0000	0.0000	0.0000	0.0000	0.0000	0.0000	0.0000	0.0000	0.0000	0.0000	0.0000	0.4688	0.4040	0.0648	0.0162	0.0156	0.0006	0.4526	0.3884	0.0643	0.3024	0.1784	0.1240	0.0740	0.0670	0.0070	0.2285	0.1114	0.1170	0.0071	0.0000	inf	0.0502	0.0000	inf	0.0000	0.0000	0.0000	0.0001	0.0001	0.0000	0.0003	0.0003	0.0000	0.0000	0.0000	0.0000			
5	72	0.0464	5	0	2	0	1	0	0	0	0	N	Y	N	N	N	N	N	N	N	N	N	N	1.6485	0.0000	4.9084	0.0000	0.0000	0.0000	1.4365	0.0000	4.8006	1.6256	0.0000	11.0656	0.0000	0.0000	0.0000	1.6961	0.0000	11.1596	0.9861	0.0003	2.2544	0.0005	0.0005	0.0007	1.1808	0.0002	2.3246	inf	6004.8598	0.4518	0.2544	10.6531	13.0000	11.0503	39.1663	1.0000	0.0000	1.0000	0.0000	0.0000	0.0000	1.0000	0.0000	1.0000	0.6606	0.0001	0.6605	0.0001	0.0000	0.0000	0.6606	0.0001	0.6605	0.6151	0.5248	0.0904	0.0256	0.0248	0.0008	0.5896	0.5000	0.0896	0.6699	0.3769	0.2930	0.1105	0.1016	0.0088	0.5594	0.2753	0.2841	1.6485	0.0000	4.9084	0.0000	0.0000	0.0000	1.4365	0.0000	4.8006	0.9861	0.0003	2.2544	0.0005	0.0005	0.0007	1.1808	0.0002	2.3246
5	73	0.0439	4	0	2	0	0	0	0	0	0	N	Y	N	N	N	N	N	N	N	N	N	N	0.0001	0.0000	0.0004	0.0004	0.0000	0.0000	0.0000	0.0001	0.0001	0.0000	0.0000	0.0000	0.0000	0.0995	0.1688	0.0000	0.3333	0.3436	0.0000	0.0000	0.0000	0.0000	0.0000	0.0000	-0.0000	-0.0300	10.6531	3.0003	11.0503	18.1082	0.0000	0.0000	0.0000	0.0000	0.0000	0.0000	0.0000	0.0000	0.0000	0.0489	0.0489	0.0000	0.0489	0.0489	0.0000	0.0000	0.0000	0.0000	0.1475	0.1258	0.0218	0.0062	0.0060	0.0002	0.1414	0.1198	0.0216	0.4910	0.2894	0.2016	0.1466	0.1422	0.0044	0.3444	0.1472	0.1972	0.0001	0.0000	0.0000	0.0004	0.0004	0.0000	0.0000	0.0000	0.0000	0.0995	0.1688	0.0000	0.3333	0.3436	0.0000	0.0000	0.0000	0.0000					
5	74	0.0830	7	0	2	0	0	0	0	0	0	N	Y	N	N	N	N	N	N	N	N	N	N	1.5196	1.2498	0.0000	13.6123	12.8640	0.0000	0.0000	0.0000	0.0000	0.0028	0.0033	0.0000	0.0828	0.0857	0.0000	0.0000	0.0000	0.0000	0.0019	0.0026	0.0007	0.0061	0.0067	0.0000	0.0004	0.0000	0.0007	0.0000	0.1726	-0.0005	-0.0003	10.6531	7.0046	11.0503	18.1036	0.0009	0.0009	0.0000	0.0009	0.0009	0.0000	0.0000	0.0000	0.0000	0.0006	0.0005	0.0001	0.0005	0.0005	0.0000	0.0001	0.0000	0.0001	0.3322	0.2861	0.0461	0.0114	0.0110	0.0004	0.3208	0.2751	0.0457	0.3461	0.2091	0.1371	0.0904	0.0825	0.0079	0.2557	0.1266	0.1291	1.5196	1.2498	0.0000	13.6123	12.8640	0.0000	0.0000	0.0000	0.0000	0.0019	0.0026	0.0007	0.0061	0.0067	0.0000	0.0004	0.0000	0.0007
5	75	0.0796	6	0	1	0	0	0	0	0	0	N	N	N	N	N	N	N	N	N	N	N	N	13.0455	0.3019	108.9081	0.0127	0.0000	0.3543	31.6634	0.8551	207.0489	0.0697	0.0017	0.5374	0.0002	0.0000	0.0152	0.0767	0.0019	0.5418	0.0053	0.0056	0.0049	0.0141	0.0111	0.0430	0.0024	0.0022	0.0026	46.0110	0.6053	0.0004	-0.0001	10.6531	0.2435	11.0503	3.2922	0.0009	0.0000	0.0009	0.0000	0.0000	0.0000	0.0009	0.0000	0.0009	0.0003	0.0002	0.0001	0.0002	0.0001	0.0000	0.0001	0.0000	0.0000	0.0135	0.0118	0.0017	0.0012	0.0012	0.0000	0.0123	0.0106	0.0017	0.0496	0.0293	0.0203	0.0124	0.0113	0.0012	0.0371	0.0181	0.0191	13.0455	0.3019	108.9081	0.0127	0.0000	0.3543	31.6634	0.8551	207.0489	0.0053	0.0056	0.0049	0.0141	0.0111	0.0430	0.0024	0.0022	0.0026
5	76	0.0464	5	0	1	0	0	0	0	0	0	N	N	N	N	N	N	N	N	N	N	N	N	0.5688	0.0003	285722.1496	0.0081	0.0077	42534.8969	0.6500	0.0000	279747.9882	1.9579	0.0019	13.2796	0.0391	0.0396	0.0238	2.0409	0.0000	13.3920	3.4419	6.1060	0.0000	4.8096	5.1775	0.0000	3.1398	6.5006	0.0000	1227.2979	0.0000	0.2993	-0.8225	10.6531	7.0044	11.0503	20.1113	0.6636	0.0005	0.6630	0.0006	0.0005	0.0000	0.6630	0.0000	0.6630	1.3380	1.3379	0.0000	0.3383	0.3383	0.0000	0.9996	0.9996	0.0000	0.3389	0.2890	0.0499	0.0141	0.0136	0.0004	0.3249	0.2753	0.0495	0.3887	0.2191	0.1696	0.0703	0.0653	0.0050	0.3184	0.1538	0.1646	0.5688	0.0003	285722.1496	0.0081	0.0077	42534.8969	0.6500	0.0000	279747.9882	3.4419	6.1060	0.0000	4.8096	5.1775	0.0000	3.1398	6.5006	0.0000
5	82	0.0621	8	0	2	0	0	0	0	0	0	N	Y	N	N	N	N	N	N	N	N	N	N	1.8162	0.7590	77861.9838	0.0744	0.0702	0.0000	1.5010	0.5352	102520.9922	4.2625	3.0064	11.6128	0.0030	0.0031	0.0000	4.5367	3.2252	11.8146	2.3470	3.9609	0.0001	0.0406	0.0448	0.0007	3.0225	6.0266	0.0001	0.6601	0.0000	-0.2499	-0.6165	10.6531	7.9116	11.0503	21.1247	1.6601	1.0000	0.6601	0.0001	0.0001	0.0000	1.6600	0.9999	0.6601	1.0029	1.0029	0.0000	0.0039	0.0039	0.0000	0.9990	0.9989	0.0000	0.3895	0.3326	0.0568	0.0236	0.0226	0.0010	0.3659	0.3100	0.0559	0.4273	0.2532	0.1741	0.0968	0.0874	0.0094	0.3305	0.1658	0.1647	1.8162	0.7590	77861.9838	0.0744	0.0702	0.0000	1.5010	0.5352	102520.9922	2.3470	3.9609	0.0001	0.0406	0.0448	0.0007	3.0225	6.0266	0.0001
5	83	0.0800	9	1	2	0	0	0	0	0	0	N	Y	N	N	N	N	N	N	N	N	N	N	0.0000	0.0000	0.0000	0.0000	0.0000	0.0000	0.0000	0.0000	0.0000	0.0000	0.0000	0.0000	0.0000	0.0000	0.0000	0.0000	0.0000	0.0000	0.0000	0.0000	10.6531	0.0000	11.0503	1.8333	0.0000	0.0000	0.0000	0.0000	0.0000	0.0000	0.0000	0.0000	0.0000	0.0000	0.0000	0.0000	0.0000	0.0000	0.0000	0.0000	0.0000	0.0000	0.0000	0.0000	0.0000	0.0000	0.0000	0.0000	0.0000	0.0000	0.0000	0.0509	0.0342	0.0167	0.0174	0.0169	0.0005	0.0335	0.0173	0.0162	0.0000	0.0000	0.0000	0.0000	0.0000	0.0000	0.0000	0.0000	0.0000	0.0000	0.0000	0.0000	0.0000	0.0000	0.0000	0.0000	0.0000	0.0000											
5	84	0.0621	8	1	2	0	0	0	0	0	0	N	Y	N	N	N	N	N	N	N	N	N	N	0.0028	0.0002	647.5318	0.4293	0.3369	inf	0.0019	0.0000	602.1646	0.0086	0.0012	0.0518	0.0202	0.0175	0.0802	0.0078	0.0000	0.0513	3.1297	5.2042	0.0001	0.0470	0.0520	0.0000	4.1567	8.3009	0.0001	7.1584	0.0000	0.0010	-0.6145	10.6531	6.9552	11.0503	13.1226	0.0030	0.0004	0.0026	0.0004	0.0004	0.0001	0.0025	0.0000	0.0025	0.9997	0.9997	0.0000	0.0038	0.0038	0.0000	0.9959	0.9959	0.0000	0.3446	0.2943	0.0503	0.0217	0.0208	0.0009	0.3229	0.2736	0.0493	0.3194	0.1921	0.1273	0.0798	0.0721	0.0077	0.2396	0.1200	0.1196	0.0028	0.0002	647.5318	0.4293	0.3369	inf	0.0019	0.0000	602.1646	3.1297	5.2042	0.0001	0.0470	0.0520	0.0000	4.1567	8.3009	0.0001
5	85	0.0591	7	0	2	0	0	0	0	0	0	N	Y	N	N	N	N	N	N	N	N	N	N	0.5357	0.1439	71.0841	1.6147	1.7180	0.0628	0.5077	0.0713	96.5531	0.0216	0.0092	0.1085	0.0117	0.0125	0.0004	0.0266	0.0074	0.1333	0.0403	0.0642	0.0015	0.0072	0.0073	0.0061	0.0524	0.1040	0.0014	1.6701	0.0146	0.0000	-0.0031	10.6531	0.3374	11.0503	6.1146	0.0005	0.0002	0.0003	0.0001	0.0001	0.0000	0.0004	0.0001	0.0003	0.0051	0.0050	0.0001	0.0002	0.0002	0.0000	0.0049	0.0048	0.0001	0.0245	0.0214	0.0030	0.0082	0.0076	0.0006	0.0163	0.0138	0.0025	0.1264	0.0783	0.0481	0.0338	0.0323	0.0015	0.0927	0.0460	0.0466	0.5357	0.1439	71.0841	1.6147	1.7180	0.0628	0.5077	0.0713	96.5531	0.0403	0.0642	0.0015	0.0072	0.0073	0.0061	0.0524	0.1040	0.0014
5	86	0.0591	7	0	2	0	0	0	0	0	0	N	Y	N	N	N	N	N	N	N	N	N	N	214.7782	149.0870	0.0000	1.4387	1.3870	0.0000	12274.6585	91592.5251	0.0000	1.8604	2.1780	0.0000	0.0616	0.0641	0.0000	1.9660	2.3185	0.0000	0.0087	0.0146	0.0003	0.0428	0.0462	0.0000	0.0002	0.0000	0.0003	0.0000	0.0138	-0.5437	-0.0018	10.6531	11.0342	11.0503	12.7513	0.9917	0.9917	0.0000	0.0018	0.0018	0.0000	0.9899	0.9899	0.0000	0.0030	0.0030	0.0000	0.0030	0.0030	0.0000	0.0000	0.0000	0.0000	0.5331	0.4553	0.0777	0.0296	0.0284	0.0012	0.5035	0.4270	0.0766	0.3466	0.2027	0.1439	0.0691	0.0640	0.0051	0.2774	0.1387	0.1387	214.7782	149.0870	0.0000	1.4387	1.3870	0.0000	12274.6585	91592.5251	0.0000	0.0087	0.0146	0.0003	0.0428	0.0462	0.0000	0.0002	0.0000	0.0003
5	87	0.0514	6	0	2	0	0	0	0	0	0	N	Y	N	N	N	N	N	N	N	N	N	N	0.0221	0.1441	0.0068	0.0164	0.0153	0.1082	0.0183	0.1615	0.0066	0.0005	0.0005	0.0003	0.0001	0.0001	0.0000	0.0005	0.0006	0.0003	0.0228	0.0037	0.0475	0.0038	0.0041	0.0004	0.0285	0.0034	0.0495	0.1049	9.9213	-0.0000	0.0012	10.6531	3.9739	11.0503	6.2820	0.0001	0.0001	0.0000	0.0000	0.0000	0.0000	0.0001	0.0001	0.0000	0.0040	0.0004	0.0036	0.0002	0.0002	0.0000	0.0038	0.0002	0.0036	0.1947	0.1660	0.0287	0.0082	0.0079	0.0002	0.1865	0.1581	0.0285	0.1736	0.0979	0.0758	0.0402	0.0370	0.0032	0.1334	0.0609	0.0726	0.0221	0.1441	0.0068	0.0164	0.0153	0.1082	0.0183	0.1615	0.0066	0.0228	0.0037	0.0475	0.0038	0.0041	0.0004	0.0285	0.0034	0.0495
5	88	0.0464	5	0	2	0	0	0	0	0	0	N	Y	N	N	N	N	N	N	N	N	N	N	0.0001	0.0502	0.0000	0.0000	0.0000	0.0000	0.0001	3.4901	0.0000	0.0007	0.0009	0.0000	0.0000	0.0000	0.0000	0.0008	0.0009	0.0000	5.5699	0.0175	18.3973	0.0377	0.0389	0.0058	7.5888	0.0003	18.6411	0.0000	549.2783	-0.0000	0.2529	10.6531	0.0056	11.0503	5.7021	0.0000	0.0000	0.0000	0.0000	0.0000	0.0000	0.0000	0.0000	0.0000	0.6595	0.0012	0.6583	0.0012	0.0012	0.0000	0.6583	0.0000	0.6583	0.0003	0.0002	0.0000	0.0000	0.0000	0.0000	0.0003	0.0002	0.0000	0.1184	0.0686	0.0498	0.0317	0.0305	0.0011	0.0867	0.0380	0.0487	0.0001	0.0502	0.0000	0.0000	0.0000	0.0000	0.0001	3.4901	0.0000	5.5699	0.0175	13.2080	0.0377	0.0389	0.0058	7.5888	0.0003	13.5154
5	92	0.1349	9	0	1	0	0	0	0	0	0	N	N	N	N	N	N	N	N	N	N	N	N	0.1445	0.1113	0.0267	0.0417	0.0386	0.2997	47.6256	29.4947	0.0000	0.0042	0.0049	0.0000	0.0031	0.0032	0.0000	0.0044	0.0052	0.0000	0.0294	0.0443	0.0000	0.0743	0.0834	0.0000	0.0001	0.0002	0.0000	0.0000	0.0000	-0.0037	-0.0231	10.6531	24.8682	11.0503	39.8855	0.0068	0.0068	0.0000	0.0007	0.0007	0.0000	0.0061	0.0061	0.0000	0.0375	0.0375	0.0000	0.0375	0.0375	0.0000	0.0001	0.0001	0.0000	1.5903	1.3712	0.2190	0.2110	0.2031	0.0078	1.3793	1.1681	0.2112	1.2764	0.8479	0.4285	0.5038	0.4493	0.0545	0.7726	0.3985	0.3740	0.1445	0.1113	0.0267	0.0417	0.0386	0.2997	47.6256	29.4947	0.0000	0.0294	0.0443	0.0000	0.0743	0.0834	0.0000	0.0001	0.0002	0.0000
6	7	0.0783	12	1	1	1	1	0	0	0	0	N	N	N	N	N	N	N	N	N	N	N	N	0.0000	0.0000	0.0000	0.0000	0.0000	0.0000	0.0000	0.0000	0.0000	0.0000	0.0000	0.0000	0.0000	0.0000	0.0000	0.0000	0.0000	0.0000	0.0000	0.0000	0.0000	3.0003	0.7909	13.2183	0.0000	0.0000	0.0000	0.0000	0.0000	0.0000	0.0000	0.0000	0.0000	0.0000	0.0000	0.0000	0.0000	0.0000	0.0000	0.0000	0.0000	0.0000	0.0000	0.0000	0.0000	0.0000	0.0000	0.0000	0.0000	0.0000	0.0000	0.0111	0.0070	0.0041	0.0039	0.0036	0.0003	0.0073	0.0034	0.0039	0.0000	0.0000	0.0000	0.0000	0.0000	0.0000	0.0000	0.0000	0.0000	0.0000	0.0000	0.0000	0.0000	0.0000	0.0000	0.0000	0.0000	0.0000											
6	8	0.0991	14	1	0	2	1	0	0	0	0	N	N	Y	N	N	N	N	N	N	N	N	N	0.0000	0.0000	0.0000	0.0000	0.0000	0.0000	0.0000	0.0000	0.0000	0.0000	0.0000	0.0000	0.0000	0.0000	0.0000	0.0000	0.0000	0.0000	0.0000	0.0000	0.0000	1.0034	0.7909	8.6617	0.0000	0.0000	0.0000	0.0000	0.0000	0.0000	0.0000	0.0000	0.0000	0.0000	0.0000	0.0000	0.0000	0.0000	0.0000	0.0000	0.0000	0.0000	0.0000	0.0000	0.0000	0.0000	0.0000	0.0000	0.0000	0.0000	0.0000	0.0068	0.0043	0.0025	0.0026	0.0024	0.0002	0.0042	0.0019	0.0022	0.0000	0.0000	0.0000	0.0000	0.0000	0.0000	0.0000	0.0000	0.0000	0.0000	0.0000	0.0000	0.0000	0.0000	0.0000	0.0000	0.0000	0.0000											
6	9	0.0375	10	0	0	2	1	0	0	0	0	N	N	Y	N	N	N	N	N	N	N	N	N	0.0000	0.0000	0.0000	0.0000	0.0000	0.0000	0.0000	0.0000	0.0000	0.0000	0.0000	0.0000	0.0000	0.0000	0.0000	0.0000	0.0000	0.0000	0.0000	0.0000	0.0000	7.0042	0.7909	16.5712	0.0000	0.0000	0.0000	0.0000	0.0000	0.0000	0.0000	0.0000	0.0000	0.0000	0.0000	0.0000	0.0000	0.0000	0.0000	0.0000	0.0000	0.0000	0.0000	0.0000	0.0000	0.0000	0.0000	0.0000	0.0000	0.0000	0.0000	0.0170	0.0109	0.0061	0.0050	0.0049	0.0002	0.0120	0.0060	0.0059	0.0000	0.0000	0.0000	0.0000	0.0000	0.0000	0.0000	0.0000	0.0000	0.0000	0.0000	0.0000	0.0000	0.0000	0.0000	0.0000	0.0000	0.0000											
6	10	0.0718	12	1	1	1	1	0	0	0	0	N	N	N	N	N	N	N	N	N	N	N	N	0.0000	0.0000	0.0000	0.0000	0.0000	0.0000	0.0000	0.0000	0.0000	0.0000	0.0000	0.0000	0.0000	0.0000	0.0000	0.0000	0.0000	0.0000	0.0000	0.0000	0.0000	2.0043	0.7909	5.1253	0.0000	0.0000	0.0000	0.0000	0.0000	0.0000	0.0000	0.0000	0.0000	0.0000	0.0000	0.0000	0.0000	0.0000	0.0000	0.0000	0.0000	0.0000	0.0000	0.0000	0.0000	0.0000	0.0000	0.0000	0.0000	0.0000	0.0000	0.0074	0.0048	0.0025	0.0033	0.0030	0.0003	0.0041	0.0018	0.0023	0.0000	0.0000	0.0000	0.0000	0.0000	0.0000	0.0000	0.0000	0.0000	0.0000	0.0000	0.0000	0.0000	0.0000	0.0000	0.0000	0.0000	0.0000											
6	11	0.0874	16	0	1	1	1	0	0	0	0	N	N	N	N	N	N	N	N	N	N	N	N	0.0000	0.0000	0.0000	0.0000	0.0000	0.0000	0.0000	0.0000	0.0000	0.0000	0.0000	0.0000	0.0000	0.0000	0.0000	0.0000	0.0000	0.0000	0.0000	0.0000	0.0000	3.0002	0.7909	13.3035	0.0000	0.0000	0.0000	0.0000	0.0000	0.0000	0.0000	0.0000	0.0000	0.0000	0.0000	0.0000	0.0000	0.0000	0.0000	0.0000	0.0000	0.0000	0.0000	0.0000	0.0000	0.0000	0.0000	0.0000	0.0000	0.0000	0.0000	0.0097	0.0059	0.0038	0.0035	0.0030	0.0005	0.0062	0.0029	0.0033	0.0000	0.0000	0.0000	0.0000	0.0000	0.0000	0.0000	0.0000	0.0000	0.0000	0.0000	0.0000	0.0000	0.0000	0.0000	0.0000	0.0000	0.0000											
6	14	0.0821	14	0	1	1	1	0	0	0	0	N	N	N	N	N	N	N	N	N	N	N	N	0.0000	0.0000	0.0000	0.0000	0.0000	0.0000	0.0000	0.0000	0.0000	0.0000	0.0000	0.0000	0.0000	0.0000	0.0000	0.0000	0.0000	0.0000	0.0000	0.0000	0.0000	3.0000	0.7909	13.0223	0.0000	0.0000	0.0000	0.0000	0.0000	0.0000	0.0000	0.0000	0.0000	0.0000	0.0000	0.0000	0.0000	0.0000	0.0000	0.0000	0.0000	0.0000	0.0000	0.0000	0.0000	0.0000	0.0000	0.0000	0.0000	0.0000	0.0000	0.0105	0.0065	0.0040	0.0039	0.0035	0.0004	0.0065	0.0029	0.0036	0.0000	0.0000	0.0000	0.0000	0.0000	0.0000	0.0000	0.0000	0.0000	0.0000	0.0000	0.0000	0.0000	0.0000	0.0000	0.0000	0.0000	0.0000											
6	15	0.0012	2	0	0	1	2	0	0	0	0	N	N	N	Y	N	N	N	N	N	N	N	N	0.0000	0.0000	0.0000	0.0000	0.0000	0.0000	0.0000	0.0000	0.0000	0.0000	0.0000	0.0000	0.0000	0.0000	0.0000	0.0000	0.5122	0.9613	0.0000	1.7868	1.7869	0.0000	0.0000	0.0000	0.0000	0.0000	0.0000	-0.0004	0.0000	0.9991	0.7909	0.0040	0.0000	0.0000	0.0000	0.0000	0.0000	0.0000	0.0000	0.0000	0.0000	0.0006	0.0006	0.0000	0.0006	0.0006	0.0000	0.0000	0.0000	0.0000	0.0000	0.0000	0.0000	0.0000	0.0000	0.0000	0.0000	0.0000	0.0000	0.0013	0.0007	0.0006	0.0004	0.0004	0.0000	0.0009	0.0003	0.0006	0.0000	0.0000	0.0000	0.0000	0.0000	0.0000	0.0000	0.0000	0.0000	0.5122	0.9613	0.0000	1.7868	1.7869	0.0000	0.0000	0.0000	0.0000			
6	17	0.1018	13	1	0	2	1	0	0	0	0	N	N	Y	N	N	N	N	N	N	N	N	N	0.0000	0.0000	0.0000	0.0000	0.0000	0.0000	0.0000	0.0000	0.0000	0.0000	0.0000	0.0000	0.0000	0.0000	0.0000	0.0000	0.0000	0.0000	0.0000	0.0000	0.0000	1.0000	0.7909	1.0003	0.0000	0.0000	0.0000	0.0000	0.0000	0.0000	0.0000	0.0000	0.0000	0.0000	0.0000	0.0000	0.0000	0.0000	0.0000	0.0000	0.0000	0.0000	0.0000	0.0000	0.0000	0.0000	0.0000	0.0000	0.0000	0.0000	0.0000	0.0009	0.0005	0.0004	0.0003	0.0002	0.0000	0.0006	0.0003	0.0003	0.0000	0.0000	0.0000	0.0000	0.0000	0.0000	0.0000	0.0000	0.0000	0.0000	0.0000	0.0000	0.0000	0.0000	0.0000	0.0000	0.0000	0.0000											
6	18	0.0482	11	0	1	1	1	0	0	0	0	N	N	N	N	N	N	N	N	N	N	N	N	0.0000	0.0000	0.0000	0.0000	0.0000	0.0000	0.0000	0.0000	0.0000	0.0000	0.0000	0.0000	0.0000	0.0006	0.0008	0.0000	0.0013	0.0014	0.0000	0.0000	0.0000	0.0000	0.0000	0.0000	-0.0000	0.0000	0.0005	0.7909	9.9413	0.0000	0.0000	0.0000	0.0000	0.0000	0.0000	0.0000	0.0000	0.0000	0.0000	0.0000	0.0000	0.0000	0.0000	0.0000	0.0000	0.0000	0.0000	0.0000	0.0000	0.0000	0.0000	0.0000	0.0000	0.0000	0.0000	0.0000	0.0136	0.0098	0.0038	0.0059	0.0057	0.0003	0.0077	0.0042	0.0035	0.0000	0.0000	0.0000	0.0000	0.0000	0.0000	0.0000	0.0000	0.0000	0.0006	0.0008	0.0000	0.0013	0.0014	0.0000	0.0000	0.0000	0.0000						
6	19	0.0718	12	1	1	1	1	0	0	0	0	N	N	N	N	N	N	N	N	N	N	N	N	0.0000	0.0000	0.0000	0.0000	0.0000	0.0000	0.0000	0.0000	0.0000	0.0000	0.0000	0.0000	0.0000	0.0000	0.0000	0.0000	0.0000	0.0000	0.0000	0.0000	0.0000	0.0000	0.0000	0.0000	-0.0000	0.0000	4.7901	0.7909	15.0000	0.0000	0.0000	0.0000	0.0000	0.0000	0.0000	0.0000	0.0000	0.0000	0.0000	0.0000	0.0000	0.0000	0.0000	0.0000	0.0000	0.0000	0.0000	0.0000	0.0000	0.0000	0.0000	0.0000	0.0000	0.0000	0.0000	0.0000	0.0149	0.0094	0.0055	0.0057	0.0052	0.0005	0.0092	0.0042	0.0050	0.0000	0.0000	0.0000	0.0000	0.0000	0.0000	0.0000	0.0000	0.0000	0.0000	0.0000	0.0000	0.0000	0.0000	0.0000	0.0000	0.0000	0.0000						
6	20	0.0688	11	1	1	1	1	0	0	0	0	N	N	N	N	N	N	N	N	N	N	N	N	0.0000	0.0000	0.0000	0.0000	0.0000	0.0000	0.0000	0.0000	0.0000	0.0000	0.0000	0.0000	0.0000	0.0000	0.0000	0.0000	0.0000	0.0000	0.0000	0.0000	0.0000	0.0000	inf	0.0000	0.0000	0.0000	1.2170	0.7909	3.4655	0.0000	0.0000	0.0000	0.0000	0.0000	0.0000	0.0000	0.0000	0.0000	0.0000	0.0000	0.0000	0.0000	0.0000	0.0000	0.0000	0.0000	0.0000	0.0000	0.0000	0.0000	0.0000	0.0000	0.0000	0.0000	0.0000	0.0000	0.0036	0.0022	0.0014	0.0013	0.0012	0.0001	0.0023	0.0010	0.0013	0.0000	0.0000	0.0000	0.0000	0.0000	0.0000	0.0000	0.0000	0.0000	0.0000	0.0000	0.0000	0.0000	0.0000	0.0000	0.0000	0.0000	0.0000						
6	21	0.0821	13	0	1	1	1	0	0	0	0	N	N	N	N	N	N	N	N	N	N	N	N	0.0000	0.0000	0.0000	0.0000	0.0000	0.0000	0.0000	0.0000	0.0000	0.0000	0.0000	0.0000	0.0000	0.0000	0.0000	0.0000	0.0000	0.0000	0.0000	0.0000	0.0000	2.0000	0.7909	11.9921	0.0000	0.0000	0.0000	0.0000	0.0000	0.0000	0.0000	0.0000	0.0000	0.0000	0.0000	0.0000	0.0000	0.0000	0.0000	0.0000	0.0000	0.0000	0.0000	0.0000	0.0000	0.0000	0.0000	0.0000	0.0000	0.0000	0.0000	0.0092	0.0057	0.0035	0.0034	0.0031	0.0004	0.0057	0.0026	0.0032	0.0000	0.0000	0.0000	0.0000	0.0000	0.0000	0.0000	0.0000	0.0000	0.0000	0.0000	0.0000	0.0000	0.0000	0.0000	0.0000	0.0000	0.0000											
6	22	0.0688	11	0	1	1	1	0	0	0	0	N	N	N	N	N	N	N	N	N	N	N	N	0.0000	0.0000	0.0000	0.0000	0.0000	0.0000	0.0000	0.0000	0.0000	0.0000	0.0000	0.0000	0.0000	0.0000	0.0000	0.0000	0.0000	0.0000	0.0000	0.0000	0.0000	2.9966	0.7909	14.0927	0.0000	0.0000	0.0000	0.0000	0.0000	0.0000	0.0000	0.0000	0.0000	0.0000	0.0000	0.0000	0.0000	0.0000	0.0000	0.0000	0.0000	0.0000	0.0000	0.0000	0.0000	0.0000	0.0000	0.0000	0.0000	0.0000	0.0000	0.0112	0.0068	0.0044	0.0038	0.0035	0.0003	0.0074	0.0033	0.0041	0.0000	0.0000	0.0000	0.0000	0.0000	0.0000	0.0000	0.0000	0.0000	0.0000	0.0000	0.0000	0.0000	0.0000	0.0000	0.0000	0.0000	0.0000											
6	23	0.0418	10	0	1	2	2	0	0	0	0	N	N	Y	Y	N	N	N	N	N	N	N	N	0.0000	0.0000	0.0000	0.0000	0.0000	0.0000	0.0000	0.0000	0.0000	0.0000	0.0000	0.0000	0.0000	0.0000	0.0000	0.0000	0.0000	0.0000	0.0000	0.0000	0.0000	0.3092	0.7909	0.1355	0.0000	0.0000	0.0000	0.0000	0.0000	0.0000	0.0000	0.0000	0.0000	0.0000	0.0000	0.0000	0.0000	0.0000	0.0000	0.0000	0.0000	0.0000	0.0000	0.0000	0.0000	0.0000	0.0000	0.0000	0.0000	0.0000	0.0000	0.0005	0.0003	0.0002	0.0002	0.0002	0.0000	0.0003	0.0001	0.0002	0.0000	0.0000	0.0000	0.0000	0.0000	0.0000	0.0000	0.0000	0.0000	0.0000	0.0000	0.0000	0.0000	0.0000	0.0000	0.0000	0.0000	0.0000											
6	24	0.0312	9	0	0	1	2	0	0	0	0	N	N	N	Y	N	N	N	N	N	N	N	N	0.0000	0.0000	0.0000	0.0000	0.0000	0.0000	0.0000	0.0000	0.0000	0.0000	0.0000	0.0000	0.0000	0.0000	0.0000	0.0000	0.0000	0.0000	0.0000	0.0000	0.0000	6.2779	0.7909	13.9173	0.0000	0.0000	0.0000	0.0000	0.0000	0.0000	0.0000	0.0000	0.0000	0.0000	0.0000	0.0000	0.0000	0.0000	0.0000	0.0000	0.0000	0.0000	0.0000	0.0000	0.0000	0.0000	0.0000	0.0000	0.0000	0.0000	0.0000	0.0126	0.0075	0.0051	0.0031	0.0029	0.0002	0.0096	0.0046	0.0049	0.0000	0.0000	0.0000	0.0000	0.0000	0.0000	0.0000	0.0000	0.0000	0.0000	0.0000	0.0000	0.0000	0.0000	0.0000	0.0000	0.0000	0.0000											
6	25	0.0444	12	0	1	1	1	0	0	0	0	N	N	N	N	N	N	N	N	N	N	N	N	0.0000	0.0000	0.0000	0.0000	0.0000	0.0000	0.0000	0.0000	0.0000	0.0000	0.0000	0.0000	0.0000	0.0000	0.0000	0.0000	0.0000	0.0000	0.0000	0.0000	0.0000	0.0000	0.0000	0.0000	-0.0000	0.0000	3.8932	0.7909	15.3303	0.0000	0.0000	0.0000	0.0000	0.0000	0.0000	0.0000	0.0000	0.0000	0.0000	0.0000	0.0000	0.0000	0.0000	0.0000	0.0000	0.0000	0.0000	0.0000	0.0000	0.0000	0.0000	0.0000	0.0000	0.0000	0.0000	0.0000	0.0152	0.0097	0.0054	0.0057	0.0053	0.0003	0.0095	0.0044	0.0051	0.0000	0.0000	0.0000	0.0000	0.0000	0.0000	0.0000	0.0000	0.0000	0.0000	0.0000	0.0000	0.0000	0.0000	0.0000	0.0000	0.0000	0.0000						
6	26	0.0260	8	0	1	1	2	0	0	0	0	N	N	N	Y	N	N	N	N	N	N	N	N	0.0000	0.0000	0.0000	0.0000	0.0000	0.0000	0.0000	0.0000	0.0000	0.0000	0.0000	0.0000	0.0000	0.0000	0.0000	0.0000	0.0000	0.0000	0.0000	0.0000	0.0000	4.2937	0.7909	9.5692	0.0000	0.0000	0.0000	0.0000	0.0000	0.0000	0.0000	0.0000	0.0000	0.0000	0.0000	0.0000	0.0000	0.0000	0.0000	0.0000	0.0000	0.0000	0.0000	0.0000	0.0000	0.0000	0.0000	0.0000	0.0000	0.0000	0.0000	0.0104	0.0061	0.0043	0.0029	0.0027	0.0001	0.0075	0.0034	0.0042	0.0000	0.0000	0.0000	0.0000	0.0000	0.0000	0.0000	0.0000	0.0000	0.0000	0.0000	0.0000	0.0000	0.0000	0.0000	0.0000	0.0000	0.0000											
6	27	0.0356	10	1	1	1	1	0	0	0	0	N	N	N	N	N	N	N	N	N	N	N	N	0.0000	0.0000	0.0000	0.0000	0.0000	0.0000	0.0000	0.0000	0.0000	0.0000	0.0000	0.0000	0.0000	0.0000	0.0000	0.0000	0.0000	0.0000	0.0000	0.0000	0.0000	16.0000	0.7909	34.8566	0.0000	0.0000	0.0000	0.0000	0.0000	0.0000	0.0000	0.0000	0.0000	0.0000	0.0000	0.0000	0.0000	0.0000	0.0000	0.0000	0.0000	0.0000	0.0000	0.0000	0.0000	0.0000	0.0000	0.0000	0.0000	0.0000	0.0000	0.0302	0.0183	0.0118	0.0092	0.0086	0.0006	0.0210	0.0098	0.0112	0.0000	0.0000	0.0000	0.0000	0.0000	0.0000	0.0000	0.0000	0.0000	0.0000	0.0000	0.0000	0.0000	0.0000	0.0000	0.0000	0.0000	0.0000											
6	28	0.0275	6	0	0	2	1	0	0	0	0	N	N	Y	N	N	N	N	N	N	N	N	N	0.0000	0.0000	0.0000	0.0000	0.0000	0.0000	0.0000	0.0000	0.0000	0.0000	0.0000	0.0000	0.0000	0.0000	0.0000	0.0000	0.0000	0.0000	0.0000	0.0000	0.0000	0.0000	0.7909	3.0088	0.0000	0.0000	0.0000	0.0000	0.0000	0.0000	0.0000	0.0000	0.0000	0.0000	0.0000	0.0000	0.0000	0.0000	0.0000	0.0000	0.0000	0.0000	0.0000	0.0000	0.0000	0.0000	0.0000	0.0000	0.0000	0.0000	0.0000	0.0024	0.0014	0.0009	0.0007	0.0006	0.0000	0.0017	0.0008	0.0009	0.0000	0.0000	0.0000	0.0000	0.0000	0.0000	0.0000	0.0000	0.0000	0.0000	0.0000	0.0000	0.0000	0.0000	0.0000	0.0000	0.0000	0.0000											
6	29	0.0181	5	0	1	1	1	0	0	0	0	N	N	N	N	N	N	N	N	N	N	N	N	0.0000	0.0000	0.0000	0.0000	0.0000	0.0000	0.0000	0.0000	0.0000	0.0000	0.0000	0.0000	0.0000	0.0000	0.0000	0.0000	0.0000	0.0000	0.0000	0.0000	0.0000	0.0000	0.0000	0.0000	-0.0000	0.0000	5.0749	0.7909	14.8264	0.0000	0.0000	0.0000	0.0000	0.0000	0.0000	0.0000	0.0000	0.0000	0.0000	0.0000	0.0000	0.0000	0.0000	0.0000	0.0000	0.0000	0.0000	0.0000	0.0000	0.0000	0.0000	0.0000	0.0000	0.0000	0.0000	0.0000	0.0134	0.0079	0.0055	0.0030	0.0029	0.0002	0.0104	0.0050	0.0054	0.0000	0.0000	0.0000	0.0000	0.0000	0.0000	0.0000	0.0000	0.0000	0.0000	0.0000	0.0000	0.0000	0.0000	0.0000	0.0000	0.0000	0.0000						
6	30	0.0688	11	1	0	2	1	0	0	0	0	N	N	Y	N	N	N	N	N	N	N	N	N	0.0000	0.0000	0.0000	0.0000	0.0000	0.0000	0.0000	0.0000	0.0000	0.0000	0.0000	0.0000	0.0000	0.0000	0.0000	0.0000	0.0000	0.0000	0.0000	0.0000	0.0000	5.9956	0.7909	15.0927	0.0000	0.0000	0.0000	0.0000	0.0000	0.0000	0.0000	0.0000	0.0000	0.0000	0.0000	0.0000	0.0000	0.0000	0.0000	0.0000	0.0000	0.0000	0.0000	0.0000	0.0000	0.0000	0.0000	0.0000	0.0000	0.0000	0.0000	0.0136	0.0082	0.0053	0.0045	0.0042	0.0003	0.0090	0.0040	0.0050	0.0000	0.0000	0.0000	0.0000	0.0000	0.0000	0.0000	0.0000	0.0000	0.0000	0.0000	0.0000	0.0000	0.0000	0.0000	0.0000	0.0000	0.0000											
6	31	0.0312	9	0	1	1	1	0	0	0	0	N	N	N	N	N	N	N	N	N	N	N	N	0.0000	0.0000	0.0000	0.0000	0.0000	0.0000	0.0000	0.0000	0.0000	0.0000	0.0000	0.0000	0.0000	0.0000	0.0000	0.0000	0.0000	0.0000	0.0000	0.0000	0.0000	1.4218	0.7909	7.0463	0.0000	0.0000	0.0000	0.0000	0.0000	0.0000	0.0000	0.0000	0.0000	0.0000	0.0000	0.0000	0.0000	0.0000	0.0000	0.0000	0.0000	0.0000	0.0000	0.0000	0.0000	0.0000	0.0000	0.0000	0.0000	0.0000	0.0000	0.0059	0.0035	0.0024	0.0015	0.0014	0.0001	0.0044	0.0021	0.0023	0.0000	0.0000	0.0000	0.0000	0.0000	0.0000	0.0000	0.0000	0.0000	0.0000	0.0000	0.0000	0.0000	0.0000	0.0000	0.0000	0.0000	0.0000											
6	32	0.0260	8	0	0	1	1	0	0	0	0	N	N	N	N	N	N	N	N	N	N	N	N	0.0000	0.0000	0.0000	0.0000	0.0000	0.0000	0.0000	0.0000	0.0000	0.0000	0.0000	0.0000	0.0000	0.0000	0.0000	0.0000	0.0000	0.0000	0.0000	0.0000	0.0000	4.3312	0.7909	5.5221	0.0000	0.0000	0.0000	0.0000	0.0000	0.0000	0.0000	0.0000	0.0000	0.0000	0.0000	0.0000	0.0000	0.0000	0.0000	0.0000	0.0000	0.0000	0.0000	0.0000	0.0000	0.0000	0.0000	0.0000	0.0000	0.0000	0.0000	0.0079	0.0046	0.0033	0.0023	0.0022	0.0001	0.0056	0.0024	0.0032	0.0000	0.0000	0.0000	0.0000	0.0000	0.0000	0.0000	0.0000	0.0000	0.0000	0.0000	0.0000	0.0000	0.0000	0.0000	0.0000	0.0000	0.0000											
6	33	0.0236	7	0	0	1	1	0	0	0	0	N	N	N	N	N	N	N	N	N	N	N	N	0.0000	0.0000	0.0000	0.0000	0.0000	0.0000	0.0000	0.0000	0.0000	0.0000	0.0000	0.0000	0.0000	0.0000	0.0000	0.0000	0.0000	0.0000	0.0000	0.0000	0.0000	4.2685	0.7909	3.7703	0.0000	0.0000	0.0000	0.0000	0.0000	0.0000	0.0000	0.0000	0.0000	0.0000	0.0000	0.0000	0.0000	0.0000	0.0000	0.0000	0.0000	0.0000	0.0000	0.0000	0.0000	0.0000	0.0000	0.0000	0.0000	0.0000	0.0000	0.0056	0.0033	0.0023	0.0014	0.0013	0.0001	0.0043	0.0020	0.0023	0.0000	0.0000	0.0000	0.0000	0.0000	0.0000	0.0000	0.0000	0.0000	0.0000	0.0000	0.0000	0.0000	0.0000	0.0000	0.0000	0.0000	0.0000											
6	34	0.0688	11	1	0	2	1	0	0	0	0	N	N	Y	N	N	N	N	N	N	N	N	N	0.0000	0.0000	0.0000	0.0000	0.0000	0.0000	0.0000	0.0000	0.0000	0.0000	0.0000	0.0000	0.0000	0.0000	0.0000	0.0000	0.0000	0.0000	0.0000	0.0000	0.0000	4.9966	0.7909	15.0870	0.0000	0.0000	0.0000	0.0000	0.0000	0.0000	0.0000	0.0000	0.0000	0.0000	0.0000	0.0000	0.0000	0.0000	0.0000	0.0000	0.0000	0.0000	0.0000	0.0000	0.0000	0.0000	0.0000	0.0000	0.0000	0.0000	0.0000	0.0130	0.0079	0.0051	0.0044	0.0040	0.0003	0.0086	0.0039	0.0048	0.0000	0.0000	0.0000	0.0000	0.0000	0.0000	0.0000	0.0000	0.0000	0.0000	0.0000	0.0000	0.0000	0.0000	0.0000	0.0000	0.0000	0.0000											
6	35	0.0275	6	0	1	1	1	0	0	0	0	N	N	N	N	N	N	N	N	N	N	N	N	0.0000	0.0000	0.0000	0.0000	0.0000	0.0000	0.0000	0.0000	0.0000	0.0000	0.0000	0.0000	0.0000	0.0000	0.0000	0.0000	0.0000	0.0000	0.0000	0.0000	0.0000	1.0000	0.7909	1.0102	0.0000	0.0000	0.0000	0.0000	0.0000	0.0000	0.0000	0.0000	0.0000	0.0000	0.0000	0.0000	0.0000	0.0000	0.0000	0.0000	0.0000	0.0000	0.0000	0.0000	0.0000	0.0000	0.0000	0.0000	0.0000	0.0000	0.0000	0.0016	0.0009	0.0006	0.0004	0.0004	0.0000	0.0011	0.0005	0.0006	0.0000	0.0000	0.0000	0.0000	0.0000	0.0000	0.0000	0.0000	0.0000	0.0000	0.0000	0.0000	0.0000	0.0000	0.0000	0.0000	0.0000	0.0000											
6	36	0.0275	5	0	0	1	1	0	0	0	0	N	N	N	N	N	N	N	N	N	N	N	N	0.0000	0.0000	0.0000	0.0000	0.0000	0.0000	0.0000	0.0000	0.0000	0.0000	0.0000	0.0000	0.0000	0.0000	0.0000	0.0000	0.0000	0.0000	0.0000	0.0000	0.0000	0.0000	0.7909	0.0263	0.0000	0.0000	0.0000	0.0000	0.0000	0.0000	0.0000	0.0000	0.0000	0.0000	0.0000	0.0000	0.0000	0.0000	0.0000	0.0000	0.0000	0.0000	0.0000	0.0000	0.0000	0.0000	0.0000	0.0000	0.0000	0.0000	0.0000	0.0000	0.0000	0.0000	0.0000	0.0000	0.0000	0.0000	0.0000	0.0000	0.0000	0.0000	0.0000	0.0000	0.0000	0.0000	0.0000	0.0000	0.0000	0.0000	0.0000	0.0000	0.0000	0.0000	0.0000	0.0000	0.0000	0.0000											
6	37	0.1018	12	1	1	2	1	0	0	0	0	N	N	Y	N	N	N	N	N	N	N	N	N	0.0000	0.0000	0.0000	0.0000	0.0000	0.0000	0.0000	0.0000	0.0000	0.0000	0.0000	0.0000	0.0000	0.0000	0.0000	0.0000	0.0000	0.0000	0.0000	0.0000	0.0000	3.0000	0.7909	5.0002	0.0000	0.0000	0.0000	0.0000	0.0000	0.0000	0.0000	0.0000	0.0000	0.0000	0.0000	0.0000	0.0000	0.0000	0.0000	0.0000	0.0000	0.0000	0.0000	0.0000	0.0000	0.0000	0.0000	0.0000	0.0000	0.0000	0.0000	0.0036	0.0021	0.0015	0.0011	0.0009	0.0002	0.0025	0.0012	0.0014	0.0000	0.0000	0.0000	0.0000	0.0000	0.0000	0.0000	0.0000	0.0000	0.0000	0.0000	0.0000	0.0000	0.0000	0.0000	0.0000	0.0000	0.0000											
6	38	0.0693	14	1	1	1	1	0	0	0	0	N	N	N	N	N	N	N	N	N	N	N	N	0.0000	0.0000	0.0000	0.0000	0.0000	0.0000	0.0000	0.0000	0.0000	0.0000	0.0000	0.0000	0.0000	0.0000	0.0000	0.0000	0.0000	0.0000	0.0000	0.0000	0.0000	0.0001	0.7909	0.1668	0.0000	0.0000	0.0000	0.0000	0.0000	0.0000	0.0000	0.0000	0.0000	0.0000	0.0000	0.0000	0.0000	0.0000	0.0000	0.0000	0.0000	0.0000	0.0000	0.0000	0.0000	0.0000	0.0000	0.0000	0.0000	0.0000	0.0000	0.0007	0.0005	0.0002	0.0003	0.0003	0.0000	0.0004	0.0002	0.0002	0.0000	0.0000	0.0000	0.0000	0.0000	0.0000	0.0000	0.0000	0.0000	0.0000	0.0000	0.0000	0.0000	0.0000	0.0000	0.0000	0.0000	0.0000											
6	39	0.0143	3	0	0	1	2	0	0	0	0	N	N	N	Y	N	N	N	N	N	N	N	N	0.0000	0.0000	0.0000	0.0000	0.0000	0.0000	0.0000	0.0000	0.0000	0.0000	0.0000	0.0000	0.0000	0.0000	0.0000	0.0000	0.0000	0.0000	0.0000	0.0000	0.0000	1.7673	0.7909	9.0239	0.0000	0.0000	0.0000	0.0000	0.0000	0.0000	0.0000	0.0000	0.0000	0.0000	0.0000	0.0000	0.0000	0.0000	0.0000	0.0000	0.0000	0.0000	0.0000	0.0000	0.0000	0.0000	0.0000	0.0000	0.0000	0.0000	0.0000	0.0104	0.0065	0.0038	0.0031	0.0030	0.0001	0.0073	0.0036	0.0037	0.0000	0.0000	0.0000	0.0000	0.0000	0.0000	0.0000	0.0000	0.0000	0.0000	0.0000	0.0000	0.0000	0.0000	0.0000	0.0000	0.0000	0.0000											
6	41	0.0874	16	0	1	2	1	0	0	0	0	N	N	Y	N	N	N	N	N	N	N	N	N	0.0000	0.0000	0.0000	0.0000	0.0000	0.0000	0.0000	0.0000	0.0000	0.0000	0.0000	0.0000	0.0000	0.0000	0.0000	0.0000	0.0000	0.0000	0.0000	0.0000	0.0000	0.9997	0.7909	10.1790	0.0000	0.0000	0.0000	0.0000	0.0000	0.0000	0.0000	0.0000	0.0000	0.0000	0.0000	0.0000	0.0000	0.0000	0.0000	0.0000	0.0000	0.0000	0.0000	0.0000	0.0000	0.0000	0.0000	0.0000	0.0000	0.0000	0.0000	0.0075	0.0046	0.0028	0.0028	0.0025	0.0004	0.0046	0.0022	0.0025	0.0000	0.0000	0.0000	0.0000	0.0000	0.0000	0.0000	0.0000	0.0000	0.0000	0.0000	0.0000	0.0000	0.0000	0.0000	0.0000	0.0000	0.0000											
6	42	0.0863	15	0	1	1	1	0	0	0	0	N	N	N	N	N	N	N	N	N	N	N	N	0.0000	0.0000	0.0000	0.0000	0.0000	0.0000	0.0000	0.0000	0.0000	0.0000	0.0000	0.0000	0.0000	0.0000	0.0000	0.0000	0.0000	0.0000	0.0000	0.0000	0.0000	0.0007	0.7909	0.9413	0.0000	0.0000	0.0000	0.0000	0.0000	0.0000	0.0000	0.0000	0.0000	0.0000	0.0000	0.0000	0.0000	0.0000	0.0000	0.0000	0.0000	0.0000	0.0000	0.0000	0.0000	0.0000	0.0000	0.0000	0.0000	0.0000	0.0000	0.0007	0.0004	0.0003	0.0003	0.0003	0.0000	0.0004	0.0002	0.0003	0.0000	0.0000	0.0000	0.0000	0.0000	0.0000	0.0000	0.0000	0.0000	0.0000	0.0000	0.0000	0.0000	0.0000	0.0000	0.0000	0.0000	0.0000											
6	43	0.0688	11	1	0	2	1	0	0	0	0	N	N	Y	N	N	N	N	N	N	N	N	N	0.0000	0.0000	0.0000	0.0000	0.0000	0.0000	0.0000	0.0000	0.0000	0.0000	0.0000	0.0000	0.0000	0.0000	0.0000	0.0000	0.0000	0.0000	0.0000	0.0000	0.0000	1.9995	0.7909	12.0029	0.0000	0.0000	0.0000	0.0000	0.0000	0.0000	0.0000	0.0000	0.0000	0.0000	0.0000	0.0000	0.0000	0.0000	0.0000	0.0000	0.0000	0.0000	0.0000	0.0000	0.0000	0.0000	0.0000	0.0000	0.0000	0.0000	0.0000	0.0094	0.0057	0.0037	0.0032	0.0029	0.0002	0.0062	0.0027	0.0034	0.0000	0.0000	0.0000	0.0000	0.0000	0.0000	0.0000	0.0000	0.0000	0.0000	0.0000	0.0000	0.0000	0.0000	0.0000	0.0000	0.0000	0.0000											
6	44	0.0356	10	1	1	1	1	0	0	0	0	N	N	N	N	N	N	N	N	N	N	N	N	0.0000	0.0000	0.0000	0.0000	0.0000	0.0000	0.0000	0.0000	0.0000	0.0000	0.0000	0.0000	0.0000	0.0000	0.0000	0.0000	0.0000	0.0000	0.0000	0.0000	0.0000	10.0000	0.7909	26.8440	0.0000	0.0000	0.0000	0.0000	0.0000	0.0000	0.0000	0.0000	0.0000	0.0000	0.0000	0.0000	0.0000	0.0000	0.0000	0.0000	0.0000	0.0000	0.0000	0.0000	0.0000	0.0000	0.0000	0.0000	0.0000	0.0000	0.0000	0.0228	0.0139	0.0090	0.0070	0.0065	0.0005	0.0158	0.0073	0.0085	0.0000	0.0000	0.0000	0.0000	0.0000	0.0000	0.0000	0.0000	0.0000	0.0000	0.0000	0.0000	0.0000	0.0000	0.0000	0.0000	0.0000	0.0000											
6	45	0.0863	15	0	1	1	1	0	0	0	0	N	N	N	N	N	N	N	N	N	N	N	N	0.0000	0.0000	0.0000	0.0000	0.0000	0.0000	0.0000	0.0000	0.0000	0.0000	0.0000	0.0000	0.0000	0.0000	0.0000	0.0000	0.0000	0.0000	0.0000	0.0000	0.0000	3.0000	0.7909	5.0456	0.0000	0.0000	0.0000	0.0000	0.0000	0.0000	0.0000	0.0000	0.0000	0.0000	0.0000	0.0000	0.0000	0.0000	0.0000	0.0000	0.0000	0.0000	0.0000	0.0000	0.0000	0.0000	0.0000	0.0000	0.0000	0.0000	0.0000	0.0042	0.0024	0.0018	0.0014	0.0012	0.0002	0.0028	0.0013	0.0016	0.0000	0.0000	0.0000	0.0000	0.0000	0.0000	0.0000	0.0000	0.0000	0.0000	0.0000	0.0000	0.0000	0.0000	0.0000	0.0000	0.0000	0.0000											
6	46	0.0821	14	0	1	1	1	0	0	0	0	N	N	N	N	N	N	N	N	N	N	N	N	0.0000	0.0000	0.0000	0.0000	0.0000	0.0000	0.0000	0.0000	0.0000	0.0000	0.0000	0.0000	0.0000	0.0000	0.0000	0.0000	0.0000	0.0000	0.0000	0.0000	0.0000	2.0000	0.7909	1.0030	0.0000	0.0000	0.0000	0.0000	0.0000	0.0000	0.0000	0.0000	0.0000	0.0000	0.0000	0.0000	0.0000	0.0000	0.0000	0.0000	0.0000	0.0000	0.0000	0.0000	0.0000	0.0000	0.0000	0.0000	0.0000	0.0000	0.0000	0.0021	0.0013	0.0008	0.0008	0.0007	0.0001	0.0013	0.0006	0.0007	0.0000	0.0000	0.0000	0.0000	0.0000	0.0000	0.0000	0.0000	0.0000	0.0000	0.0000	0.0000	0.0000	0.0000	0.0000	0.0000	0.0000	0.0000											
6	47	0.0821	13	0	1	1	1	0	0	0	0	N	N	N	N	N	N	N	N	N	N	N	N	0.0000	0.0000	0.0000	0.0000	0.0000	0.0000	0.0000	0.0000	0.0000	0.0000	0.0000	0.0000	0.0000	0.0000	0.0000	0.0000	0.0000	0.0000	0.0000	0.0000	0.0000	0.0000	0.7909	0.0582	0.0000	0.0000	0.0000	0.0000	0.0000	0.0000	0.0000	0.0000	0.0000	0.0000	0.0000	0.0000	0.0000	0.0000	0.0000	0.0000	0.0000	0.0000	0.0000	0.0000	0.0000	0.0000	0.0000	0.0000	0.0000	0.0000	0.0000	0.0001	0.0001	0.0000	0.0001	0.0000	0.0000	0.0001	0.0000	0.0000	0.0000	0.0000	0.0000	0.0000	0.0000	0.0000	0.0000	0.0000	0.0000	0.0000	0.0000	0.0000	0.0000	0.0000	0.0000	0.0000	0.0000	0.0000											
6	48	0.0783	12	0	1	1	1	0	0	0	0	N	N	N	N	N	N	N	N	N	N	N	N	0.0000	0.0000	0.0000	0.0000	0.0000	0.0000	0.0000	0.0000	0.0000	0.0000	0.0000	0.0000	0.0000	0.0000	0.0000	0.0000	0.0000	0.0000	0.0000	0.0000	0.0000	0.0018	0.7909	3.9096	0.0000	0.0000	0.0000	0.0000	0.0000	0.0000	0.0000	0.0000	0.0000	0.0000	0.0000	0.0000	0.0000	0.0000	0.0000	0.0000	0.0000	0.0000	0.0000	0.0000	0.0000	0.0000	0.0000	0.0000	0.0000	0.0000	0.0000	0.0037	0.0025	0.0012	0.0015	0.0014	0.0001	0.0021	0.0011	0.0011	0.0000	0.0000	0.0000	0.0000	0.0000	0.0000	0.0000	0.0000	0.0000	0.0000	0.0000	0.0000	0.0000	0.0000	0.0000	0.0000	0.0000	0.0000											
6	49	0.0688	11	0	1	1	1	0	0	0	0	N	N	N	N	N	N	N	N	N	N	N	N	0.0000	0.0000	0.0000	0.0000	0.0000	0.0000	0.0000	0.0000	0.0000	0.0000	0.0000	0.0000	0.0000	0.0000	0.0000	0.0000	0.0000	0.0000	0.0000	0.0000	0.0000	2.0031	0.7909	6.0601	0.0000	0.0000	0.0000	0.0000	0.0000	0.0000	0.0000	0.0000	0.0000	0.0000	0.0000	0.0000	0.0000	0.0000	0.0000	0.0000	0.0000	0.0000	0.0000	0.0000	0.0000	0.0000	0.0000	0.0000	0.0000	0.0000	0.0000	0.0057	0.0035	0.0023	0.0020	0.0018	0.0001	0.0037	0.0016	0.0021	0.0000	0.0000	0.0000	0.0000	0.0000	0.0000	0.0000	0.0000	0.0000	0.0000	0.0000	0.0000	0.0000	0.0000	0.0000	0.0000	0.0000	0.0000											
6	50	0.0275	5	0	0	2	1	0	0	0	0	N	N	Y	N	N	N	N	N	N	N	N	N	0.0000	0.0000	0.0000	0.0000	0.0000	0.0000	0.0000	0.0000	0.0000	0.0000	0.0000	0.0000	0.0000	0.0000	0.0000	0.0000	0.0000	0.0000	0.0000	0.0000	0.0000	0.0004	0.7909	0.9852	0.0000	0.0000	0.0000	0.0000	0.0000	0.0000	0.0000	0.0000	0.0000	0.0000	0.0000	0.0000	0.0000	0.0000	0.0000	0.0000	0.0000	0.0000	0.0000	0.0000	0.0000	0.0000	0.0000	0.0000	0.0000	0.0000	0.0000	0.0007	0.0004	0.0003	0.0002	0.0001	0.0000	0.0005	0.0003	0.0003	0.0000	0.0000	0.0000	0.0000	0.0000	0.0000	0.0000	0.0000	0.0000	0.0000	0.0000	0.0000	0.0000	0.0000	0.0000	0.0000	0.0000	0.0000											
6	51	0.0167	4	0	0	1	1	0	0	0	0	N	N	N	N	N	N	N	N	N	N	N	N	0.0000	0.0000	0.0000	0.0000	0.0000	0.0000	0.0000	0.0000	0.0000	0.0000	0.0000	0.0000	0.0000	0.0000	0.0000	0.0000	0.0000	0.0000	0.0000	0.0000	0.0000	0.0000	0.0000	0.0000	-0.0000	0.0000	10.7574	0.7909	12.9024	0.0000	0.0000	0.0000	0.0000	0.0000	0.0000	0.0000	0.0000	0.0000	0.0000	0.0000	0.0000	0.0000	0.0000	0.0000	0.0000	0.0000	0.0000	0.0000	0.0000	0.0000	0.0000	0.0000	0.0000	0.0000	0.0000	0.0000	0.0160	0.0094	0.0066	0.0036	0.0034	0.0002	0.0124	0.0060	0.0064	0.0000	0.0000	0.0000	0.0000	0.0000	0.0000	0.0000	0.0000	0.0000	0.0000	0.0000	0.0000	0.0000	0.0000	0.0000	0.0000	0.0000	0.0000						
6	56	0.0688	11	1	1	1	1	0	0	0	0	N	N	N	N	N	N	N	N	N	N	N	N	0.0000	0.0000	0.0000	0.0000	0.0000	0.0000	0.0000	0.0000	0.0000	0.0000	0.0000	0.0000	0.0000	0.0000	0.0000	0.0000	0.0000	0.0000	0.0000	0.0000	0.0000	0.0000	0.7909	10.9971	0.0000	0.0000	0.0000	0.0000	0.0000	0.0000	0.0000	0.0000	0.0000	0.0000	0.0000	0.0000	0.0000	0.0000	0.0000	0.0000	0.0000	0.0000	0.0000	0.0000	0.0000	0.0000	0.0000	0.0000	0.0000	0.0000	0.0000	0.0075	0.0046	0.0030	0.0026	0.0024	0.0002	0.0050	0.0022	0.0028	0.0000	0.0000	0.0000	0.0000	0.0000	0.0000	0.0000	0.0000	0.0000	0.0000	0.0000	0.0000	0.0000	0.0000	0.0000	0.0000	0.0000	0.0000											
6	57	0.1241	14	0	0	1	1	0	0	0	0	N	N	N	N	N	N	N	N	N	N	N	N	0.0000	0.0000	0.0000	0.0000	0.0000	0.0000	0.0000	0.0000	0.0000	0.0000	0.0000	0.0000	0.0000	0.0000	0.0000	12.1275	0.0000	70.9537	0.0003	0.0000	0.0068	21.3992	0.0000	68.0410	inf	0.0000	0.2864	0.0000	7.8198	0.7909	21.5823	0.0000	0.0000	0.0000	0.0000	0.0000	0.0000	0.0000	0.0000	0.0000	0.7433	0.0000	0.7433	0.0000	0.0000	0.0000	0.7433	0.0000	0.7433	0.0000	0.0000	0.0000	0.0000	0.0000	0.0000	0.0000	0.0000	0.0000	0.0659	0.0388	0.0271	0.0312	0.0300	0.0012	0.0347	0.0087	0.0260	0.0000	0.0000	0.0000	0.0000	0.0000	0.0000	0.0000	0.0000	0.0000	11.2776	0.0000	27.3810	0.0003	0.0000	0.0068	21.3992	0.0000	28.6037				
6	58	0.1046	15	1	1	2	1	0	0	0	0	N	N	Y	N	N	N	N	N	N	N	N	N	0.0000	0.0000	0.0000	0.0000	0.0000	0.0000	0.0000	0.0000	0.0000	0.0000	0.0000	0.0000	0.0000	0.0000	0.0000	0.0000	0.0000	0.0000	0.0000	0.0000	0.0000	2.0055	0.7909	11.8091	0.0000	0.0000	0.0000	0.0000	0.0000	0.0000	0.0000	0.0000	0.0000	0.0000	0.0000	0.0000	0.0000	0.0000	0.0000	0.0000	0.0000	0.0000	0.0000	0.0000	0.0000	0.0000	0.0000	0.0000	0.0000	0.0000	0.0000	0.0090	0.0056	0.0034	0.0034	0.0031	0.0003	0.0056	0.0026	0.0031	0.0000	0.0000	0.0000	0.0000	0.0000	0.0000	0.0000	0.0000	0.0000	0.0000	0.0000	0.0000	0.0000	0.0000	0.0000	0.0000	0.0000	0.0000											
6	59	0.0991	14	1	0	2	1	0	0	0	0	N	N	Y	N	N	N	N	N	N	N	N	N	0.0000	0.0000	0.0000	0.0000	0.0000	0.0000	0.0000	0.0000	0.0000	0.0000	0.0000	0.0000	0.0000	0.0000	0.0000	0.0000	0.0000	0.0000	0.0000	0.0000	0.0000	1.9951	0.7909	2.5667	0.0000	0.0000	0.0000	0.0000	0.0000	0.0000	0.0000	0.0000	0.0000	0.0000	0.0000	0.0000	0.0000	0.0000	0.0000	0.0000	0.0000	0.0000	0.0000	0.0000	0.0000	0.0000	0.0000	0.0000	0.0000	0.0000	0.0000	0.0036	0.0024	0.0013	0.0015	0.0014	0.0001	0.0022	0.0010	0.0011	0.0000	0.0000	0.0000	0.0000	0.0000	0.0000	0.0000	0.0000	0.0000	0.0000	0.0000	0.0000	0.0000	0.0000	0.0000	0.0000	0.0000	0.0000											
6	60	0.0924	13	1	0	2	1	0	0	0	0	N	N	Y	N	N	N	N	N	N	N	N	N	0.0000	0.0000	0.0000	0.0000	0.0000	0.0000	0.0000	0.0000	0.0000	0.0000	0.0000	0.0000	0.0000	0.0000	0.0000	0.0000	0.0000	0.0000	0.0000	0.0000	0.0000	0.0108	0.7909	3.6229	0.0000	0.0000	0.0000	0.0000	0.0000	0.0000	0.0000	0.0000	0.0000	0.0000	0.0000	0.0000	0.0000	0.0000	0.0000	0.0000	0.0000	0.0000	0.0000	0.0000	0.0000	0.0000	0.0000	0.0000	0.0000	0.0000	0.0000	0.0039	0.0029	0.0010	0.0019	0.0017	0.0002	0.0020	0.0012	0.0008	0.0000	0.0000	0.0000	0.0000	0.0000	0.0000	0.0000	0.0000	0.0000	0.0000	0.0000	0.0000	0.0000	0.0000	0.0000	0.0000	0.0000	0.0000											
6	61	0.0444	12	0	1	1	1	0	0	0	0	N	N	N	N	N	N	N	N	N	N	N	N	0.0000	0.0000	0.0000	0.0000	0.0000	0.0000	0.0000	0.0000	0.0000	0.0000	0.0000	0.0000	0.0000	0.0000	0.0000	0.0000	0.0000	0.0000	0.0000	0.0000	0.0000	4.0917	0.7909	8.0988	0.0000	0.0000	0.0000	0.0000	0.0000	0.0000	0.0000	0.0000	0.0000	0.0000	0.0000	0.0000	0.0000	0.0000	0.0000	0.0000	0.0000	0.0000	0.0000	0.0000	0.0000	0.0000	0.0000	0.0000	0.0000	0.0000	0.0000	0.0111	0.0072	0.0038	0.0043	0.0041	0.0002	0.0068	0.0031	0.0036	0.0000	0.0000	0.0000	0.0000	0.0000	0.0000	0.0000	0.0000	0.0000	0.0000	0.0000	0.0000	0.0000	0.0000	0.0000	0.0000	0.0000	0.0000											
6	62	0.0406	11	0	1	1	1	0	0	0	0	N	N	N	N	N	N	N	N	N	N	N	N	0.0000	0.0000	0.0000	0.0000	0.0000	0.0000	0.0000	0.0000	0.0000	0.0000	0.0000	0.0000	0.0000	0.0000	0.0000	0.0000	0.0000	0.0000	0.0000	0.0000	0.0000	0.0000	inf	0.0000	0.0000	0.0000	2.1165	0.7909	5.0852	0.0000	0.0000	0.0000	0.0000	0.0000	0.0000	0.0000	0.0000	0.0000	0.0000	0.0000	0.0000	0.0000	0.0000	0.0000	0.0000	0.0000	0.0000	0.0000	0.0000	0.0000	0.0000	0.0000	0.0000	0.0000	0.0000	0.0000	0.0056	0.0034	0.0022	0.0019	0.0018	0.0001	0.0037	0.0016	0.0021	0.0000	0.0000	0.0000	0.0000	0.0000	0.0000	0.0000	0.0000	0.0000	0.0000	0.0000	0.0000	0.0000	0.0000	0.0000	0.0000	0.0000	0.0000						
6	63	0.0924	13	1	0	2	1	0	0	0	0	N	N	Y	N	N	N	N	N	N	N	N	N	0.0000	0.0000	0.0000	0.0000	0.0000	0.0000	0.0000	0.0000	0.0000	0.0000	0.0000	0.0000	0.0000	0.0000	0.0000	0.0000	0.0000	0.0000	0.0000	0.0000	0.0000	3.9990	0.7909	8.8702	0.0000	0.0000	0.0000	0.0000	0.0000	0.0000	0.0000	0.0000	0.0000	0.0000	0.0000	0.0000	0.0000	0.0000	0.0000	0.0000	0.0000	0.0000	0.0000	0.0000	0.0000	0.0000	0.0000	0.0000	0.0000	0.0000	0.0000	0.0106	0.0070	0.0036	0.0043	0.0040	0.0004	0.0063	0.0031	0.0032	0.0000	0.0000	0.0000	0.0000	0.0000	0.0000	0.0000	0.0000	0.0000	0.0000	0.0000	0.0000	0.0000	0.0000	0.0000	0.0000	0.0000	0.0000											
6	64	0.0722	12	1	0	2	1	0	0	0	0	N	N	Y	N	N	N	N	N	N	N	N	N	0.0000	0.0000	0.0000	0.0000	0.0000	0.0000	0.0000	0.0000	0.0000	0.0000	0.0000	0.0000	0.0000	0.0018	0.0028	0.0000	0.0047	0.0050	0.0000	0.0000	0.0000	0.0000	0.0000	0.0000	-0.0000	0.0000	3.9972	0.7909	6.8232	0.0000	0.0000	0.0000	0.0000	0.0000	0.0000	0.0000	0.0000	0.0000	0.0000	0.0000	0.0000	0.0000	0.0000	0.0000	0.0000	0.0000	0.0000	0.0000	0.0000	0.0000	0.0000	0.0000	0.0000	0.0000	0.0000	0.0000	0.0089	0.0056	0.0033	0.0033	0.0031	0.0002	0.0056	0.0025	0.0031	0.0000	0.0000	0.0000	0.0000	0.0000	0.0000	0.0000	0.0000	0.0000	0.0018	0.0028	0.0000	0.0047	0.0050	0.0000	0.0000	0.0000	0.0000						
6	65	0.0483	12	0	1	1	1	0	0	0	0	N	N	N	N	N	N	N	N	N	N	N	N	0.0000	0.0000	0.0000	0.0000	0.0000	0.0000	0.0000	0.0000	0.0000	0.0000	0.0000	0.0000	0.0000	0.0002	0.0003	0.0000	0.0006	0.0007	0.0000	0.0000	0.0000	0.0000	0.0000	0.0000	-0.0000	0.0000	15.6632	0.7909	35.0639	0.0000	0.0000	0.0000	0.0000	0.0000	0.0000	0.0000	0.0000	0.0000	0.0000	0.0000	0.0000	0.0000	0.0000	0.0000	0.0000	0.0000	0.0000	0.0000	0.0000	0.0000	0.0000	0.0000	0.0000	0.0000	0.0000	0.0000	0.0355	0.0232	0.0123	0.0128	0.0120	0.0008	0.0227	0.0112	0.0115	0.0000	0.0000	0.0000	0.0000	0.0000	0.0000	0.0000	0.0000	0.0000	0.0002	0.0003	0.0000	0.0006	0.0007	0.0000	0.0000	0.0000	0.0000						
6	66	0.0483	12	0	0	2	1	0	0	0	0	N	N	Y	N	N	N	N	N	N	N	N	N	0.0000	0.0000	0.0000	0.0000	0.0000	0.0000	0.0000	0.0000	0.0000	0.0000	0.0000	0.0000	0.0000	0.0000	0.0000	0.0000	0.0000	0.0000	0.0000	0.0000	0.0000	4.9998	0.7909	10.1184	0.0000	0.0000	0.0000	0.0000	0.0000	0.0000	0.0000	0.0000	0.0000	0.0000	0.0000	0.0000	0.0000	0.0000	0.0000	0.0000	0.0000	0.0000	0.0000	0.0000	0.0000	0.0000	0.0000	0.0000	0.0000	0.0000	0.0000	0.0170	0.0119	0.0050	0.0070	0.0067	0.0003	0.0099	0.0053	0.0047	0.0000	0.0000	0.0000	0.0000	0.0000	0.0000	0.0000	0.0000	0.0000	0.0000	0.0000	0.0000	0.0000	0.0000	0.0000	0.0000	0.0000	0.0000											
6	67	0.0375	10	0	1	1	1	0	0	0	0	N	N	N	N	N	N	N	N	N	N	N	N	0.0000	0.0000	0.0000	0.0000	0.0000	0.0000	0.0000	0.0000	0.0000	0.0000	0.0000	0.0000	0.0000	0.0000	0.0000	0.0000	0.0000	0.0000	0.0000	0.0000	0.0000	10.9928	0.7909	18.5513	0.0000	0.0000	0.0000	0.0000	0.0000	0.0000	0.0000	0.0000	0.0000	0.0000	0.0000	0.0000	0.0000	0.0000	0.0000	0.0000	0.0000	0.0000	0.0000	0.0000	0.0000	0.0000	0.0000	0.0000	0.0000	0.0000	0.0000	0.0204	0.0129	0.0074	0.0059	0.0057	0.0002	0.0145	0.0073	0.0072	0.0000	0.0000	0.0000	0.0000	0.0000	0.0000	0.0000	0.0000	0.0000	0.0000	0.0000	0.0000	0.0000	0.0000	0.0000	0.0000	0.0000	0.0000											
6	68	0.0375	9	0	0	1	1	0	0	0	0	N	N	N	N	N	N	N	N	N	N	N	N	0.0000	0.0000	0.0000	0.0000	0.0000	0.0000	0.0000	0.0000	0.0000	0.0000	0.0000	0.0000	0.0000	0.0000	0.0000	0.0000	0.0000	0.0000	0.0000	0.0000	0.0000	0.0861	0.7909	1.0715	0.0000	0.0000	0.0000	0.0000	0.0000	0.0000	0.0000	0.0000	0.0000	0.0000	0.0000	0.0000	0.0000	0.0000	0.0000	0.0000	0.0000	0.0000	0.0000	0.0000	0.0000	0.0000	0.0000	0.0000	0.0000	0.0000	0.0000	0.0035	0.0026	0.0009	0.0016	0.0016	0.0000	0.0019	0.0011	0.0009	0.0000	0.0000	0.0000	0.0000	0.0000	0.0000	0.0000	0.0000	0.0000	0.0000	0.0000	0.0000	0.0000	0.0000	0.0000	0.0000	0.0000	0.0000											
6	69	0.1018	13	1	0	2	1	0	0	0	0	N	N	Y	N	N	N	N	N	N	N	N	N	0.0000	0.0000	0.0000	0.0000	0.0000	0.0000	0.0000	0.0000	0.0000	0.0000	0.0000	0.0000	0.0000	0.0000	0.0000	0.0000	0.0000	0.0000	0.0000	0.0000	0.0000	1.0000	0.7909	3.0001	0.0000	0.0000	0.0000	0.0000	0.0000	0.0000	0.0000	0.0000	0.0000	0.0000	0.0000	0.0000	0.0000	0.0000	0.0000	0.0000	0.0000	0.0000	0.0000	0.0000	0.0000	0.0000	0.0000	0.0000	0.0000	0.0000	0.0000	0.0018	0.0011	0.0008	0.0005	0.0005	0.0001	0.0013	0.0006	0.0007	0.0000	0.0000	0.0000	0.0000	0.0000	0.0000	0.0000	0.0000	0.0000	0.0000	0.0000	0.0000	0.0000	0.0000	0.0000	0.0000	0.0000	0.0000											
6	70	0.1018	12	1	0	2	1	0	0	0	0	N	N	Y	N	N	N	N	N	N	N	N	N	0.0000	0.0000	0.0000	0.0000	0.0000	0.0000	0.0000	0.0000	0.0000	0.0000	0.0000	0.0000	0.0000	0.0000	0.0000	0.0000	0.0000	0.0000	0.0000	0.0000	0.0000	0.0000	0.7909	0.0009	0.0000	0.0000	0.0000	0.0000	0.0000	0.0000	0.0000	0.0000	0.0000	0.0000	0.0000	0.0000	0.0000	0.0000	0.0000	0.0000	0.0000	0.0000	0.0000	0.0000	0.0000	0.0000	0.0000	0.0000	0.0000	0.0000	0.0000	0.0000	0.0000	0.0000	0.0000	0.0000	0.0000	0.0000	0.0000	0.0000	0.0000	0.0000	0.0000	0.0000	0.0000	0.0000	0.0000	0.0000	0.0000	0.0000	0.0000	0.0000	0.0000	0.0000	0.0000	0.0000	0.0000	0.0000											
6	71	0.0688	11	1	0	2	1	0	0	0	0	N	N	Y	N	N	N	N	N	N	N	N	N	0.0000	0.0000	0.0000	0.0000	0.0000	0.0000	0.0000	0.0000	0.0000	0.0000	0.0000	0.0000	0.0000	0.0000	0.0000	0.0000	0.0000	0.0000	0.0000	0.0000	0.0000	9.9966	0.7909	12.9129	0.0000	0.0000	0.0000	0.0000	0.0000	0.0000	0.0000	0.0000	0.0000	0.0000	0.0000	0.0000	0.0000	0.0000	0.0000	0.0000	0.0000	0.0000	0.0000	0.0000	0.0000	0.0000	0.0000	0.0000	0.0000	0.0000	0.0000	0.0146	0.0089	0.0057	0.0049	0.0045	0.0004	0.0097	0.0044	0.0054	0.0000	0.0000	0.0000	0.0000	0.0000	0.0000	0.0000	0.0000	0.0000	0.0000	0.0000	0.0000	0.0000	0.0000	0.0000	0.0000	0.0000	0.0000											
6	72	0.0356	10	0	1	1	2	0	0	0	0	N	N	N	Y	N	N	N	N	N	N	N	N	0.0000	0.0000	0.0000	0.0000	0.0000	0.0000	0.0000	0.0000	0.0000	0.0000	0.0000	0.0000	0.0000	0.0000	0.0000	0.0000	0.0000	0.0000	0.0000	0.0000	0.0000	13.0000	0.7909	39.1663	0.0000	0.0000	0.0000	0.0000	0.0000	0.0000	0.0000	0.0000	0.0000	0.0000	0.0000	0.0000	0.0000	0.0000	0.0000	0.0000	0.0000	0.0000	0.0000	0.0000	0.0000	0.0000	0.0000	0.0000	0.0000	0.0000	0.0000	0.0308	0.0187	0.0121	0.0094	0.0087	0.0006	0.0215	0.0100	0.0115	0.0000	0.0000	0.0000	0.0000	0.0000	0.0000	0.0000	0.0000	0.0000	0.0000	0.0000	0.0000	0.0000	0.0000	0.0000	0.0000	0.0000	0.0000											
6	73	0.0332	9	0	1	1	1	0	0	0	0	N	N	N	N	N	N	N	N	N	N	N	N	0.0000	0.0000	0.0000	0.0000	0.0000	0.0000	0.0000	0.0000	0.0000	0.0000	0.0000	0.0000	0.0000	0.0000	0.0000	0.0000	0.0000	0.0000	0.0000	0.0000	0.0000	3.0003	0.7909	18.1082	0.0000	0.0000	0.0000	0.0000	0.0000	0.0000	0.0000	0.0000	0.0000	0.0000	0.0000	0.0000	0.0000	0.0000	0.0000	0.0000	0.0000	0.0000	0.0000	0.0000	0.0000	0.0000	0.0000	0.0000	0.0000	0.0000	0.0000	0.0159	0.0103	0.0056	0.0052	0.0049	0.0003	0.0107	0.0054	0.0053	0.0000	0.0000	0.0000	0.0000	0.0000	0.0000	0.0000	0.0000	0.0000	0.0000	0.0000	0.0000	0.0000	0.0000	0.0000	0.0000	0.0000	0.0000											
6	74	0.0722	12	0	1	1	1	0	0	0	0	N	N	N	N	N	N	N	N	N	N	N	N	0.0000	0.0000	0.0000	0.0000	0.0000	0.0000	0.0000	0.0000	0.0000	0.0000	0.0000	0.0000	0.0000	0.0000	0.0000	0.0000	0.0000	0.0000	0.0000	0.0000	0.0000	7.0046	0.7909	18.1036	0.0000	0.0000	0.0000	0.0000	0.0000	0.0000	0.0000	0.0000	0.0000	0.0000	0.0000	0.0000	0.0000	0.0000	0.0000	0.0000	0.0000	0.0000	0.0000	0.0000	0.0000	0.0000	0.0000	0.0000	0.0000	0.0000	0.0000	0.0173	0.0107	0.0066	0.0061	0.0057	0.0004	0.0112	0.0051	0.0062	0.0000	0.0000	0.0000	0.0000	0.0000	0.0000	0.0000	0.0000	0.0000	0.0000	0.0000	0.0000	0.0000	0.0000	0.0000	0.0000	0.0000	0.0000											
6	75	0.0688	11	0	0	1	1	0	0	0	0	N	N	N	N	N	N	N	N	N	N	N	N	0.0000	0.0000	0.0000	0.0000	0.0000	0.0000	0.0000	0.0000	0.0000	0.0000	0.0000	0.0000	0.0000	0.0055	0.0000	0.0139	0.0000	0.0000	0.0000	0.0086	0.0000	0.0147	inf	0.0000	0.0000	0.0000	0.2435	0.7909	3.2922	0.0000	0.0000	0.0000	0.0000	0.0000	0.0000	0.0000	0.0000	0.0000	0.0000	0.0000	0.0000	0.0000	0.0000	0.0000	0.0000	0.0000	0.0000	0.0000	0.0000	0.0000	0.0000	0.0000	0.0000	0.0000	0.0000	0.0000	0.0029	0.0018	0.0011	0.0011	0.0010	0.0001	0.0018	0.0008	0.0011	0.0000	0.0000	0.0000	0.0000	0.0000	0.0000	0.0000	0.0000	0.0000	0.0055	0.0000	0.0139	0.0000	0.0000	0.0000	0.0086	0.0000	0.0147						
6	76	0.0356	10	0	0	1	1	0	0	0	0	N	N	N	N	N	N	N	N	N	N	N	N	0.0000	0.0000	0.0000	0.0000	0.0000	0.0000	0.0000	0.0000	0.0000	0.0000	0.0000	0.0000	0.0000	0.0000	0.0000	0.0000	0.0000	0.0000	0.0000	0.0000	0.0000	7.0044	0.7909	20.1113	0.0000	0.0000	0.0000	0.0000	0.0000	0.0000	0.0000	0.0000	0.0000	0.0000	0.0000	0.0000	0.0000	0.0000	0.0000	0.0000	0.0000	0.0000	0.0000	0.0000	0.0000	0.0000	0.0000	0.0000	0.0000	0.0000	0.0000	0.0175	0.0106	0.0068	0.0054	0.0051	0.0004	0.0120	0.0056	0.0065	0.0000	0.0000	0.0000	0.0000	0.0000	0.0000	0.0000	0.0000	0.0000	0.0000	0.0000	0.0000	0.0000	0.0000	0.0000	0.0000	0.0000	0.0000											
6	77	0.0379	10	0	1	1	1	0	0	0	0	N	N	N	N	N	N	N	N	N	N	N	N	0.0000	0.0000	0.0000	0.0000	0.0000	0.0000	0.0000	0.0000	0.0000	0.0000	0.0000	0.0000	0.0000	0.0000	0.0000	0.0000	0.0000	0.0000	0.0000	0.0000	0.0000	8.6571	0.7909	16.0761	0.0000	0.0000	0.0000	0.0000	0.0000	0.0000	0.0000	0.0000	0.0000	0.0000	0.0000	0.0000	0.0000	0.0000	0.0000	0.0000	0.0000	0.0000	0.0000	0.0000	0.0000	0.0000	0.0000	0.0000	0.0000	0.0000	0.0000	0.0192	0.0125	0.0067	0.0063	0.0061	0.0002	0.0129	0.0064	0.0065	0.0000	0.0000	0.0000	0.0000	0.0000	0.0000	0.0000	0.0000	0.0000	0.0000	0.0000	0.0000	0.0000	0.0000	0.0000	0.0000	0.0000	0.0000											
6	78	0.0375	9	0	1	1	1	0	0	0	0	N	N	N	N	N	N	N	N	N	N	N	N	0.0000	0.0000	0.0000	0.0000	0.0000	0.0000	0.0000	0.0000	0.0000	0.0000	0.0000	0.0000	0.0000	0.0000	0.0000	0.0000	0.0000	0.0000	0.0000	0.0000	0.0000	0.3645	0.7909	1.9845	0.0000	0.0000	0.0000	0.0000	0.0000	0.0000	0.0000	0.0000	0.0000	0.0000	0.0000	0.0000	0.0000	0.0000	0.0000	0.0000	0.0000	0.0000	0.0000	0.0000	0.0000	0.0000	0.0000	0.0000	0.0000	0.0000	0.0000	0.0042	0.0031	0.0012	0.0018	0.0017	0.0000	0.0025	0.0013	0.0011	0.0000	0.0000	0.0000	0.0000	0.0000	0.0000	0.0000	0.0000	0.0000	0.0000	0.0000	0.0000	0.0000	0.0000	0.0000	0.0000	0.0000	0.0000											
6	79	0.0280	8	0	0	1	1	0	0	0	0	N	N	N	N	N	N	N	N	N	N	N	N	0.0000	0.0000	0.0000	0.0000	0.0000	0.0000	0.0000	0.0000	0.0000	0.0000	0.0000	0.0000	0.0000	0.0000	0.0000	0.0000	0.0000	0.0000	0.0000	0.0000	0.0000	2.9108	0.7909	14.2456	0.0000	0.0000	0.0000	0.0000	0.0000	0.0000	0.0000	0.0000	0.0000	0.0000	0.0000	0.0000	0.0000	0.0000	0.0000	0.0000	0.0000	0.0000	0.0000	0.0000	0.0000	0.0000	0.0000	0.0000	0.0000	0.0000	0.0000	0.0126	0.0081	0.0046	0.0035	0.0034	0.0002	0.0091	0.0047	0.0044	0.0000	0.0000	0.0000	0.0000	0.0000	0.0000	0.0000	0.0000	0.0000	0.0000	0.0000	0.0000	0.0000	0.0000	0.0000	0.0000	0.0000	0.0000											
6	82	0.0513	13	0	1	1	1	0	0	0	0	N	N	N	N	N	N	N	N	N	N	N	N	0.0000	0.0000	0.0000	0.0000	0.0000	0.0000	0.0000	0.0000	0.0000	0.0000	0.0000	0.0000	0.0000	0.0000	0.0000	0.0000	0.0000	0.0000	0.0000	0.0000	0.0000	7.9116	0.7909	21.1247	0.0000	0.0000	0.0000	0.0000	0.0000	0.0000	0.0000	0.0000	0.0000	0.0000	0.0000	0.0000	0.0000	0.0000	0.0000	0.0000	0.0000	0.0000	0.0000	0.0000	0.0000	0.0000	0.0000	0.0000	0.0000	0.0000	0.0000	0.0220	0.0140	0.0080	0.0084	0.0077	0.0007	0.0136	0.0063	0.0073	0.0000	0.0000	0.0000	0.0000	0.0000	0.0000	0.0000	0.0000	0.0000	0.0000	0.0000	0.0000	0.0000	0.0000	0.0000	0.0000	0.0000	0.0000											
6	83	0.0693	14	1	1	1	1	0	0	0	0	N	N	N	N	N	N	N	N	N	N	N	N	0.0000	0.0000	0.0000	0.0000	0.0000	0.0000	0.0000	0.0000	0.0000	0.0000	0.0000	0.0000	0.0000	0.0000	0.0000	0.0000	0.0000	0.0000	0.0000	0.0000	0.0000	0.0000	0.7909	1.8333	0.0000	0.0000	0.0000	0.0000	0.0000	0.0000	0.0000	0.0000	0.0000	0.0000	0.0000	0.0000	0.0000	0.0000	0.0000	0.0000	0.0000	0.0000	0.0000	0.0000	0.0000	0.0000	0.0000	0.0000	0.0000	0.0000	0.0000	0.0018	0.0012	0.0006	0.0007	0.0007	0.0000	0.0012	0.0006	0.0006	0.0000	0.0000	0.0000	0.0000	0.0000	0.0000	0.0000	0.0000	0.0000	0.0000	0.0000	0.0000	0.0000	0.0000	0.0000	0.0000	0.0000	0.0000											
6	84	0.0513	13	1	1	1	1	0	0	0	0	N	N	N	N	N	N	N	N	N	N	N	N	0.0000	0.0000	0.0000	0.0000	0.0000	0.0000	0.0000	0.0000	0.0000	0.0000	0.0000	0.0000	0.0000	0.0000	0.0000	0.0000	0.0000	0.0000	0.0000	0.0000	0.0000	6.9552	0.7909	13.1226	0.0000	0.0000	0.0000	0.0000	0.0000	0.0000	0.0000	0.0000	0.0000	0.0000	0.0000	0.0000	0.0000	0.0000	0.0000	0.0000	0.0000	0.0000	0.0000	0.0000	0.0000	0.0000	0.0000	0.0000	0.0000	0.0000	0.0000	0.0170	0.0110	0.0061	0.0069	0.0063	0.0006	0.0101	0.0046	0.0055	0.0000	0.0000	0.0000	0.0000	0.0000	0.0000	0.0000	0.0000	0.0000	0.0000	0.0000	0.0000	0.0000	0.0000	0.0000	0.0000	0.0000	0.0000											
6	85	0.0483	12	0	1	1	1	0	0	0	0	N	N	N	N	N	N	N	N	N	N	N	N	0.0000	0.0000	0.0000	0.0000	0.0000	0.0000	0.0000	0.0000	0.0000	0.0000	0.0000	0.0000	0.0000	0.0000	0.0000	0.0000	0.0000	0.0000	0.0000	0.0000	0.0000	0.0000	inf	0.0000	0.0000	0.0000	0.3374	0.7909	6.1146	0.0000	0.0000	0.0000	0.0000	0.0000	0.0000	0.0000	0.0000	0.0000	0.0000	0.0000	0.0000	0.0000	0.0000	0.0000	0.0000	0.0000	0.0000	0.0000	0.0000	0.0000	0.0000	0.0000	0.0000	0.0000	0.0000	0.0000	0.0065	0.0040	0.0025	0.0025	0.0024	0.0001	0.0040	0.0016	0.0023	0.0000	0.0000	0.0000	0.0000	0.0000	0.0000	0.0000	0.0000	0.0000	0.0000	0.0000	0.0000	0.0000	0.0000	0.0000	0.0000	0.0000	0.0000						
6	86	0.0483	12	0	1	1	1	0	0	0	0	N	N	N	N	N	N	N	N	N	N	N	N	0.0000	0.0000	0.0000	0.0000	0.0000	0.0000	0.0000	0.0000	0.0000	0.0000	0.0000	0.0000	0.0000	0.0000	0.0000	0.0000	0.0000	0.0000	0.0000	0.0000	0.0000	11.0342	0.7909	12.7513	0.0000	0.0000	0.0000	0.0000	0.0000	0.0000	0.0000	0.0000	0.0000	0.0000	0.0000	0.0000	0.0000	0.0000	0.0000	0.0000	0.0000	0.0000	0.0000	0.0000	0.0000	0.0000	0.0000	0.0000	0.0000	0.0000	0.0000	0.0168	0.0104	0.0064	0.0057	0.0054	0.0004	0.0111	0.0050	0.0060	0.0000	0.0000	0.0000	0.0000	0.0000	0.0000	0.0000	0.0000	0.0000	0.0000	0.0000	0.0000	0.0000	0.0000	0.0000	0.0000	0.0000	0.0000											
6	87	0.0406	11	0	1	1	1	0	0	0	0	N	N	N	N	N	N	N	N	N	N	N	N	0.0000	0.0000	0.0000	0.0000	0.0000	0.0000	0.0000	0.0000	0.0000	0.0000	0.0000	0.0000	0.0000	0.0000	0.0000	0.0000	0.0000	0.0000	0.0000	0.0000	0.0000	3.9739	0.7909	6.2820	0.0000	0.0000	0.0000	0.0000	0.0000	0.0000	0.0000	0.0000	0.0000	0.0000	0.0000	0.0000	0.0000	0.0000	0.0000	0.0000	0.0000	0.0000	0.0000	0.0000	0.0000	0.0000	0.0000	0.0000	0.0000	0.0000	0.0000	0.0075	0.0045	0.0030	0.0025	0.0023	0.0002	0.0050	0.0022	0.0028	0.0000	0.0000	0.0000	0.0000	0.0000	0.0000	0.0000	0.0000	0.0000	0.0000	0.0000	0.0000	0.0000	0.0000	0.0000	0.0000	0.0000	0.0000											
6	88	0.0356	10	0	1	1	1	0	0	0	0	N	N	N	N	N	N	N	N	N	N	N	N	0.0000	0.0000	0.0000	0.0000	0.0000	0.0000	0.0000	0.0000	0.0000	0.0000	0.0000	0.0000	0.0000	0.0000	0.0000	0.0000	0.0000	0.0000	0.0000	0.0000	0.0000	0.0056	0.7909	5.7021	0.0000	0.0000	0.0000	0.0000	0.0000	0.0000	0.0000	0.0000	0.0000	0.0000	0.0000	0.0000	0.0000	0.0000	0.0000	0.0000	0.0000	0.0000	0.0000	0.0000	0.0000	0.0000	0.0000	0.0000	0.0000	0.0000	0.0000	0.0047	0.0029	0.0018	0.0016	0.0016	0.0001	0.0031	0.0013	0.0018	0.0000	0.0000	0.0000	0.0000	0.0000	0.0000	0.0000	0.0000	0.0000	0.0000	0.0000	0.0000	0.0000	0.0000	0.0000	0.0000	0.0000	0.0000											
6	92	0.1241	14	0	0	1	1	0	0	0	0	N	N	N	N	N	N	N	N	N	N	N	N	0.0000	0.0000	0.0000	0.0000	0.0000	0.0000	0.0000	0.0000	0.0000	0.0000	0.0000	0.0000	0.0000	0.6041	1.0122	0.0000	1.3739	1.4376	0.0000	0.0000	0.0000	0.0000	0.0000	0.0000	-0.0292	0.0000	24.8682	0.7909	39.8855	0.0000	0.0000	0.0000	0.0000	0.0000	0.0000	0.0000	0.0000	0.0000	0.0475	0.0475	0.0000	0.0475	0.0475	0.0000	0.0000	0.0000	0.0000	0.0000	0.0000	0.0000	0.0000	0.0000	0.0000	0.0000	0.0000	0.0000	0.0787	0.0470	0.0317	0.0346	0.0331	0.0015	0.0441	0.0139	0.0302	0.0000	0.0000	0.0000	0.0000	0.0000	0.0000	0.0000	0.0000	0.0000	0.6041	1.0122	0.0000	1.3739	1.4376	0.0000	0.0000	0.0000	0.0000						
7	8	0.0619	5	2	1	1	0	0	0	0	0	Y	N	N	N	N	N	N	N	N	N	N	N	0.0000	0.0000	0.0000	0.0000	0.0000	0.0000	0.0000	0.0000	0.0000	0.0000	0.0000	0.0000	0.0000	0.0000	0.0000	0.0000	0.0000	0.0000	0.3446	0.6055	0.0008	1.8923	2.0326	0.0007	0.0198	0.0394	0.0008	0.0010	0.0000	-0.0247	3.0003	1.0034	13.2183	8.6617	0.0000	0.0000	0.0000	0.0000	0.0000	0.0000	0.0000	0.0000	0.0000	0.0402	0.0401	0.0000	0.0383	0.0383	0.0000	0.0019	0.0019	0.0000	0.0143	0.0121	0.0023	0.0002	0.0002	0.0000	0.0141	0.0119	0.0022	0.1165	0.0663	0.0503	0.0202	0.0188	0.0014	0.0963	0.0474	0.0489	0.0000	0.0000	0.0000	0.0000	0.0000	0.0000	0.0000	0.0000	0.0000	0.3446	0.6055	0.0008	1.8923	2.0326	0.0007	0.0198	0.0394	0.0008	
7	9	0.0819	7	1	1	1	0	0	0	0	0	N	N	N	N	N	N	N	N	N	N	N	N	0.0004	0.0005	0.0000	0.0000	0.0000	0.0000	0.0003	0.0003	0.0000	0.0031	0.0037	0.0000	0.0000	0.0000	0.0000	0.0033	0.0039	0.0000	8.7197	7.6799	10.3305	0.0029	0.0024	0.0086	12.0785	13.2734	11.6223	0.0000	0.8737	-0.0002	-0.3491	3.0003	7.0042	13.2183	16.5712	0.0003	0.0003	0.0000	0.0000	0.0000	0.0000	0.0003	0.0003	0.0000	2.3518	1.2552	1.0967	0.0002	0.0002	0.0001	2.3516	1.2550	1.0966	0.0975	0.0831	0.0144	0.0058	0.0053	0.0005	0.0917	0.0778	0.0139	0.2697	0.1634	0.1063	0.0750	0.0689	0.0061	0.1947	0.0946	0.1001	0.0004	0.0005	0.0000	0.0000	0.0000	0.0000	0.0003	0.0003	0.0000	8.7197	7.6799	10.3186	0.0029	0.0024	0.0086	12.0785	13.2734	10.9503
7	10	0.0346	3	2	2	0	0	0	0	0	0	Y	Y	N	N	N	N	N	N	N	N	N	N	0.0000	0.0000	0.0000	0.0023	0.0000	0.0719	0.0000	0.0000	0.0000	0.0000	0.0000	0.0003	0.0000	0.0000	0.0080	0.0000	0.0000	0.0003	6.8089	0.0000	29.3244	0.0034	0.0001	0.1117	9.5873	0.0000	30.2935	inf	320450.2831	0.0000	0.3833	3.0003	2.0043	13.2183	5.1253	0.0000	0.0000	0.0000	0.0000	0.0000	0.0000	0.0000	0.0000	0.0000	0.9948	0.0000	0.9948	0.0001	0.0000	0.0001	0.9947	0.0000	0.9947	0.0307	0.0260	0.0047	0.0012	0.0012	0.0000	0.0295	0.0248	0.0047	0.1461	0.0875	0.0586	0.0424	0.0411	0.0013	0.1037	0.0464	0.0574	0.0000	0.0000	0.0000	0.0023	0.0000	0.0719	0.0000	0.0000	0.0000	6.8089	0.0000	16.9693	0.0034	0.0001	0.1117	9.5873	0.0000	17.3369
7	11	0.0312	5	1	2	0	0	0	0	0	0	N	Y	N	N	N	N	N	N	N	N	N	N	0.0000	0.0000	0.0000	0.0000	0.0000	0.0000	0.0000	0.0000	0.0000	0.0000	0.0000	0.0000	0.0000	0.0000	0.0000	0.0000	0.0000	0.0000	0.4087	0.0004	1.0654	0.0106	0.0012	0.1334	0.5391	0.0000	1.1104	1511.9213	0.0000	0.0362	3.0003	3.0002	13.2183	13.3035	0.0000	0.0000	0.0000	0.0000	0.0000	0.0000	0.0000	0.0000	0.0000	0.0943	0.0001	0.0942	0.0006	0.0001	0.0005	0.0936	0.0000	0.0936	0.0427	0.0359	0.0068	0.0001	0.0001	0.0000	0.0426	0.0358	0.0068	0.2306	0.1422	0.0884	0.0569	0.0528	0.0041	0.1737	0.0894	0.0843	0.0000	0.0000	0.0000	0.0000	0.0000	0.0000	0.0000	0.0000	0.0000	0.4087	0.0004	1.0654	0.0106	0.0012	0.1334	0.5391	0.0000	1.1104	
7	12	0.1004	12	1	2	0	1	0	0	0	0	N	Y	N	N	N	N	N	N	N	N	N	N	0.0000	0.0000	0.0000	0.0000	0.0000	0.0000	0.0000	0.0000	0.0000	0.0000	0.0000	0.0000	0.0000	0.0000	0.0000	0.0000	0.0000	0.0000	0.0000	0.0000	3.0003	1.0000	13.2183	2.2091	0.0000	0.0000	0.0000	0.0000	0.0000	0.0000	0.0000	0.0000	0.0000	0.0000	0.0000	0.0000	0.0000	0.0000	0.0000	0.0000	0.0000	0.0000	0.0145	0.0122	0.0022	0.0009	0.0009	0.0001	0.0135	0.0113	0.0022	0.0363	0.0224	0.0139	0.0112	0.0100	0.0012	0.0250	0.0123	0.0127	0.0000	0.0000	0.0000	0.0000	0.0000	0.0000	0.0000	0.0000	0.0000	0.0000	0.0000	0.0000	0.0000	0.0000	0.0000	0.0000	0.0000	0.0000											
7	13	0.0992	11	1	1	0	1	0	0	0	0	N	N	N	N	N	N	N	N	N	N	N	N	0.0000	0.0000	0.0000	0.0000	0.0000	0.0000	0.0000	0.0000	0.0000	0.0000	0.0000	0.0000	0.0000	0.0000	0.0000	0.0000	0.0000	0.0039	0.0000	0.0100	0.0000	0.0000	0.0000	0.0055	0.0000	0.0110	745.0730	0.0000	0.0000	3.0003	1.0009	13.2183	1.2082	0.0000	0.0000	0.0000	0.0000	0.0000	0.0000	0.0000	0.0000	0.0000	0.0001	0.0000	0.0001	0.0000	0.0000	0.0000	0.0001	0.0000	0.0001	0.0145	0.0123	0.0022	0.0010	0.0009	0.0001	0.0135	0.0114	0.0022	0.0232	0.0142	0.0090	0.0068	0.0060	0.0008	0.0164	0.0082	0.0082	0.0000	0.0000	0.0000	0.0000	0.0000	0.0000	0.0000	0.0000	0.0000	0.0039	0.0000	0.0100	0.0000	0.0000	0.0000	0.0055	0.0000	0.0110		
7	14	0.0259	3	1	2	0	0	0	0	0	0	N	Y	N	N	N	N	N	N	N	N	N	N	0.0000	0.0000	0.0000	0.0000	0.0000	0.0000	0.0000	0.0000	0.0000	0.0000	0.0000	0.0000	0.0000	0.0000	0.0000	0.0000	0.0000	0.0000	0.0057	0.0084	0.0023	0.0294	0.0327	0.0000	0.0012	0.0000	0.0024	0.2201	0.0000	-0.0005	3.0003	3.0000	13.2183	13.0223	0.0000	0.0000	0.0000	0.0000	0.0000	0.0000	0.0000	0.0000	0.0000	0.0011	0.0009	0.0002	0.0009	0.0009	0.0000	0.0002	0.0000	0.0002	0.0422	0.0355	0.0067	0.0000	0.0000	0.0000	0.0422	0.0355	0.0067	0.1868	0.1040	0.0828	0.0297	0.0267	0.0030	0.1571	0.0773	0.0798	0.0000	0.0000	0.0000	0.0000	0.0000	0.0000	0.0000	0.0000	0.0000	0.0057	0.0084	0.0023	0.0294	0.0327	0.0000	0.0012	0.0000	0.0024	
7	15	0.0992	11	1	1	0	1	0	0	0	0	N	N	N	N	N	N	N	N	N	N	N	N	0.0000	0.0000	0.0000	0.0000	0.0000	0.0000	0.0000	0.0000	0.0000	0.0000	0.0000	0.0000	0.0000	0.0000	0.0000	0.0000	0.0000	0.0085	0.0000	0.0219	0.0000	0.0000	0.0000	0.0120	0.0000	0.0241	745.0730	0.0000	0.0000	3.0003	0.9991	13.2183	0.0040	0.0000	0.0000	0.0000	0.0000	0.0000	0.0000	0.0000	0.0000	0.0000	0.0001	0.0000	0.0001	0.0000	0.0000	0.0000	0.0001	0.0000	0.0001	0.0145	0.0123	0.0022	0.0010	0.0009	0.0001	0.0135	0.0113	0.0022	0.0106	0.0065	0.0041	0.0031	0.0028	0.0004	0.0075	0.0038	0.0037	0.0000	0.0000	0.0000	0.0000	0.0000	0.0000	0.0000	0.0000	0.0000	0.0085	0.0000	0.0219	0.0000	0.0000	0.0000	0.0120	0.0000	0.0241		
7	16	0.0861	10	1	1	0	1	0	0	0	0	N	N	N	N	N	N	N	N	N	N	N	N	0.0040	0.8470	0.0000	2.8878	2.8051	0.0000	0.0000	0.0000	0.0000	0.0137	0.0160	0.0000	0.1279	0.1323	0.0000	0.0000	0.0000	0.0000	3.3828	0.0189	8.8016	0.0443	0.0471	0.0155	4.6223	0.0002	9.4019	0.0000	288.4502	-0.0006	0.3821	3.0003	5.0907	13.2183	19.6153	0.0011	0.0011	0.0000	0.0011	0.0011	0.0000	0.0000	0.0000	0.0000	1.0008	0.0035	0.9974	0.0035	0.0034	0.0001	0.9973	0.0000	0.9973	0.0811	0.0692	0.0120	0.0087	0.0084	0.0003	0.0724	0.0608	0.0117	0.2959	0.1825	0.1133	0.0801	0.0729	0.0072	0.2158	0.1097	0.1061	0.0040	0.8470	0.0000	2.8878	2.8051	0.0000	0.0000	0.0000	0.0000	3.3828	0.0189	8.8016	0.0443	0.0471	0.0155	4.6223	0.0002	9.4019
7	17	0.0646	4	2	1	1	0	0	0	0	0	Y	N	N	N	N	N	N	N	N	N	N	N	0.0000	0.0000	0.0000	0.0000	0.0000	0.0000	0.0000	0.0000	0.0000	0.0000	0.0000	0.0000	0.0000	0.0000	0.0000	0.0000	0.0009	0.0016	0.0000	0.0058	0.0063	0.0000	0.0000	0.0000	0.0000	0.0062	0.0000	-0.0000	3.0003	1.0000	13.2183	1.0003	0.0000	0.0000	0.0000	0.0000	0.0000	0.0000	0.0000	0.0000	0.0000	0.0000	0.0000	0.0000	0.0000	0.0000	0.0000	0.0000	0.0000	0.0000	0.0140	0.0117	0.0022	0.0005	0.0004	0.0000	0.0135	0.0113	0.0022	0.0220	0.0124	0.0096	0.0035	0.0032	0.0003	0.0186	0.0092	0.0093	0.0000	0.0000	0.0000	0.0000	0.0000	0.0000	0.0000	0.0000	0.0000	0.0009	0.0016	0.0000	0.0058	0.0063	0.0000	0.0000	0.0000	0.0000			
7	18	0.0773	4	1	2	0	0	0	0	0	0	N	Y	N	N	N	N	N	N	N	N	N	N	0.0000	0.0000	0.0000	0.0000	0.0000	0.0000	0.0000	0.0000	0.0000	0.0000	0.0000	0.0000	0.0000	0.0000	0.0000	0.0000	0.0000	0.0000	1.1768	1.4727	0.4845	2.3378	2.6605	0.0844	0.2524	0.0002	0.5756	0.1406	0.0000	-0.1629	3.0003	0.0005	13.2183	9.9413	0.0000	0.0000	0.0000	0.0000	0.0000	0.0000	0.0000	0.0000	0.0000	0.3314	0.2906	0.0409	0.2919	0.2906	0.0013	0.0396	0.0000	0.0395	0.0077	0.0072	0.0005	0.0039	0.0039	0.0000	0.0038	0.0032	0.0005	0.2817	0.1973	0.0843	0.1248	0.1092	0.0156	0.1568	0.0881	0.0687	0.0000	0.0000	0.0000	0.0000	0.0000	0.0000	0.0000	0.0000	0.0000	1.1768	1.4727	0.4845	2.3378	2.6605	0.0844	0.2524	0.0002	0.5756	
7	19	0.0346	3	2	2	0	0	0	0	0	0	Y	Y	N	N	N	N	N	N	N	N	N	N	0.0008	0.0007	0.0009	0.0108	0.0103	0.1884	0.0003	0.0000	0.0008	0.0002	0.0002	0.0001	0.0081	0.0081	0.0039	0.0000	0.0000	0.0001	0.2036	0.2560	0.1357	0.7554	0.7863	0.0209	0.0729	0.0001	0.1377	0.1260	0.4084	-0.0000	-0.0179	3.0003	4.7901	13.2183	15.0000	0.0000	0.0000	0.0000	0.0000	0.0000	0.0000	0.0000	0.0000	0.0000	0.0552	0.0392	0.0160	0.0392	0.0392	0.0000	0.0160	0.0000	0.0160	0.0693	0.0585	0.0108	0.0012	0.0012	0.0000	0.0681	0.0573	0.0107	0.2710	0.1530	0.1180	0.0519	0.0498	0.0021	0.2191	0.1032	0.1159	0.0008	0.0007	0.0009	0.0108	0.0103	0.1884	0.0003	0.0000	0.0008	0.2036	0.2560	0.1357	0.7554	0.7863	0.0209	0.0729	0.0001	0.1377
7	20	0.0316	2	2	2	0	0	0	0	0	0	Y	Y	N	N	N	N	N	N	N	N	N	N	0.0908	0.0040	0.4762	0.0000	0.0000	0.0000	0.1310	0.0371	0.4725	0.0181	0.0007	0.1122	0.0000	0.0000	0.0000	0.0184	0.0007	0.1125	0.1994	0.1687	0.2356	0.4669	0.4791	0.0057	0.1403	0.0185	0.2380	30.8357	1.1845	0.0001	-0.0010	3.0003	1.2170	13.2183	3.4655	0.0003	0.0000	0.0003	0.0000	0.0000	0.0000	0.0003	0.0000	0.0003	0.0132	0.0060	0.0071	0.0056	0.0056	0.0000	0.0076	0.0004	0.0071	0.0176	0.0149	0.0028	0.0003	0.0003	0.0000	0.0173	0.0146	0.0027	0.0661	0.0357	0.0303	0.0120	0.0117	0.0003	0.0541	0.0241	0.0300	0.0908	0.0040	0.4762	0.0000	0.0000	0.0000	0.1310	0.0371	0.4725	0.1994	0.1687	0.2356	0.4669	0.4791	0.0057	0.1403	0.0185	0.2380
7	21	0.0259	2	1	2	0	0	0	0	0	0	N	Y	N	N	N	N	N	N	N	N	N	N	0.0000	0.0000	0.0000	0.0000	0.0000	0.0000	0.0000	0.0000	0.0000	0.0000	0.0000	0.0000	0.0000	0.0000	0.0000	0.0000	0.0000	0.0000	6.1668	0.1897	20.8575	0.6611	0.7326	0.0189	7.2184	0.0000	19.4214	57.3400	0.0000	0.3737	3.0003	2.0000	13.2183	11.9921	0.0000	0.0000	0.0000	0.0000	0.0000	0.0000	0.0000	0.0000	0.0000	1.0152	0.0174	0.9978	0.0175	0.0174	0.0000	0.9978	0.0000	0.9978	0.0283	0.0238	0.0045	0.0000	0.0000	0.0000	0.0282	0.0238	0.0045	0.1646	0.0917	0.0729	0.0264	0.0238	0.0026	0.1382	0.0680	0.0702	0.0000	0.0000	0.0000	0.0000	0.0000	0.0000	0.0000	0.0000	0.0000	6.1668	0.1897	13.6885	0.6611	0.7326	0.0189	7.2184	0.0000	14.2036	
7	22	0.0316	2	1	2	0	0	0	0	0	0	N	Y	N	N	N	N	N	N	N	N	N	N	0.0165	0.0104	0.2168	0.2149	0.0002	0.0003	0.0000	0.0272	0.0283	0.0000	0.0000	0.0000	0.0000	0.0144	0.0272	0.0000	0.1254	0.1315	0.0000	0.0000	0.0000	0.0000	0.0000	0.0000	-0.0000	-0.0017	3.0003	2.9966	13.2183	14.0927	0.0000	0.0000	0.0000	0.0000	0.0000	0.0000	0.0000	0.0000	0.0000	0.0028	0.0028	0.0000	0.0028	0.0028	0.0000	0.0000	0.0000	0.0000	0.0425	0.0358	0.0067	0.0004	0.0004	0.0000	0.0422	0.0355	0.0067	0.1929	0.1026	0.0903	0.0222	0.0212	0.0010	0.1707	0.0814	0.0893	0.0165	0.0104	0.0000	0.2168	0.2149	0.0000	0.0000	0.0000	0.0000	0.0144	0.0272	0.0000	0.1254	0.1315	0.0000	0.0000	0.0000	0.0000					
7	23	0.0951	9	1	2	1	1	0	0	0	0	N	Y	N	N	N	N	N	N	N	N	N	N	0.0000	0.0000	0.0000	0.0000	0.0000	0.0000	0.0000	0.0000	0.0000	0.0000	0.0000	0.0000	0.0000	0.0000	0.0001	0.0000	0.0001	0.0001	0.0000	0.0000	0.0000	0.0000	0.0000	0.0000	-0.0000	3.0003	0.3092	13.2183	0.1355	0.0000	0.0000	0.0000	0.0000	0.0000	0.0000	0.0000	0.0000	0.0000	0.0000	0.0000	0.0000	0.0000	0.0000	0.0000	0.0000	0.0000	0.0000	0.0071	0.0059	0.0011	0.0019	0.0018	0.0000	0.0052	0.0041	0.0011	0.0080	0.0053	0.0027	0.0030	0.0028	0.0002	0.0050	0.0025	0.0025	0.0000	0.0000	0.0000	0.0000	0.0000	0.0000	0.0000	0.0000	0.0000	0.0000	0.0001	0.0000	0.0001	0.0001	0.0000	0.0000	0.0000	0.0000						
7	24	0.0845	8	1	1	0	1	0	0	0	0	N	N	N	N	N	N	N	N	N	N	N	N	0.0000	0.0000	0.0000	0.0000	0.0000	0.0000	0.0000	0.0000	0.0000	0.0000	0.0000	0.0000	0.0000	0.0000	0.0000	0.0000	0.0000	0.0000	0.0965	0.1582	0.0003	0.3542	0.4039	0.0031	0.0000	0.0000	0.0000	0.0011	-0.0000	-0.0114	3.0003	6.2779	13.2183	13.9173	0.0000	0.0000	0.0000	0.0000	0.0000	0.0000	0.0000	0.0000	0.0000	0.0186	0.0186	0.0000	0.0186	0.0186	0.0000	0.0000	0.0000	0.0000	0.0832	0.0712	0.0120	0.0105	0.0100	0.0005	0.0727	0.0612	0.0115	0.1932	0.1177	0.0755	0.0526	0.0461	0.0065	0.1406	0.0716	0.0690	0.0000	0.0000	0.0000	0.0000	0.0000	0.0000	0.0000	0.0000	0.0000	0.0965	0.1582	0.0003	0.3542	0.4039	0.0031	0.0000	0.0000	0.0000	
7	25	0.0735	5	1	2	0	0	0	0	0	0	N	Y	N	N	N	N	N	N	N	N	N	N	0.0003	0.0479	0.0000	0.0575	0.1638	0.0000	0.0000	0.0000	0.0000	0.0002	0.0002	0.0000	0.0016	0.0016	0.0000	0.0000	0.0000	0.0000	0.5932	0.0039	1.5212	0.0279	0.0100	0.3058	0.7866	0.0000	1.5715	0.0000	245.9806	-0.0000	0.0575	3.0003	3.8932	13.2183	15.3303	0.0000	0.0000	0.0000	0.0000	0.0000	0.0000	0.0000	0.0000	0.0000	0.1509	0.0006	0.1502	0.0018	0.0006	0.0012	0.1490	0.0000	0.1490	0.0621	0.0531	0.0090	0.0062	0.0061	0.0001	0.0559	0.0470	0.0088	0.2543	0.1555	0.0988	0.0648	0.0609	0.0039	0.1895	0.0946	0.0948	0.0003	0.0479	0.0000	0.0575	0.1638	0.0000	0.0000	0.0000	0.0000	0.5932	0.0039	1.5212	0.0279	0.0100	0.3058	0.7866	0.0000	1.5715
7	26	0.0793	7	1	2	0	1	0	0	0	0	N	Y	N	N	N	N	N	N	N	N	N	N	0.0005	0.0003	0.0000	0.0008	0.0007	0.0000	0.0000	0.0000	0.0000	0.0000	0.0000	0.0000	0.0000	0.0000	0.0000	0.0000	0.0000	0.0000	0.0024	0.0041	0.0000	0.0082	0.0090	0.0000	0.0000	0.0000	0.0000	0.0000	0.0005	-0.0000	-0.0002	3.0003	4.2937	13.2183	9.5692	0.0000	0.0000	0.0000	0.0000	0.0000	0.0000	0.0000	0.0000	0.0000	0.0004	0.0004	0.0000	0.0004	0.0004	0.0000	0.0000	0.0000	0.0000	0.0740	0.0638	0.0102	0.0125	0.0122	0.0003	0.0615	0.0516	0.0099	0.1674	0.0989	0.0685	0.0494	0.0449	0.0046	0.1180	0.0540	0.0640	0.0005	0.0003	0.0000	0.0008	0.0007	0.0000	0.0000	0.0000	0.0000	0.0024	0.0041	0.0000	0.0082	0.0090	0.0000	0.0000	0.0000	0.0000
7	27	0.0648	3	2	2	0	0	0	0	0	0	Y	Y	N	N	N	N	N	N	N	N	N	N	0.0006	0.0004	0.0000	0.0000	0.0000	0.0006	0.0004	0.0000	0.0015	0.0017	0.0000	0.0000	0.0000	0.0000	0.0015	0.0018	0.0000	2.3800	4.2535	0.0000	2.0615	2.2712	0.0000	2.4301	4.8138	0.0000	0.0000	0.0000	-0.0002	-0.6956	3.0003	16.0000	13.2183	34.8566	0.0003	0.0003	0.0000	0.0000	0.0000	0.0000	0.0003	0.0003	0.0000	1.1315	1.1315	0.0000	0.1331	0.1331	0.0000	0.9983	0.9983	0.0000	0.2137	0.1807	0.0330	0.0086	0.0081	0.0005	0.2051	0.1726	0.0325	0.4754	0.2660	0.2094	0.0646	0.0586	0.0060	0.4108	0.2074	0.2034	0.0006	0.0004	0.0000	0.0000	0.0000	0.0000	0.0006	0.0004	0.0000	2.3800	4.2535	0.0000	2.0615	2.2712	0.0000	2.4301	4.8138	0.0000	
7	28	0.0946	11	1	1	1	0	0	0	0	0	N	N	N	N	N	N	N	N	N	N	N	N	0.0000	0.0000	0.0000	0.0000	0.0000	0.0000	0.0000	0.0000	0.0000	0.0000	0.0000	0.0000	0.0000	0.0000	0.0000	0.0000	0.0000	0.0000	0.0000	0.0000	3.0003	0.0000	13.2183	3.0088	0.0000	0.0000	0.0000	0.0000	0.0000	0.0000	0.0000	0.0000	0.0000	0.0000	0.0000	0.0000	0.0000	0.0000	0.0000	0.0000	0.0000	0.0000	0.0000	0.0000	0.0000	0.0000	0.0000	0.0000	0.0000	0.0000	0.0000	0.0261	0.0151	0.0109	0.0074	0.0060	0.0014	0.0187	0.0092	0.0095	0.0000	0.0000	0.0000	0.0000	0.0000	0.0000	0.0000	0.0000	0.0000	0.0000	0.0000	0.0000	0.0000	0.0000	0.0000	0.0000	0.0000	0.0000											
7	29	0.0823	8	1	2	0	0	0	0	0	0	N	Y	N	N	N	N	N	N	N	N	N	N	0.0006	0.0004	0.0000	0.0016	0.0015	0.0000	0.0766	377.4298	0.0000	0.0000	0.0000	0.0000	0.0002	0.0002	0.0000	0.0000	0.0000	0.0000	0.0260	0.0451	0.0001	0.1199	0.1370	0.0000	0.0001	0.0000	0.0001	0.0000	0.0016	-0.0000	-0.0032	3.0003	5.0749	13.2183	14.8264	0.0000	0.0000	0.0000	0.0000	0.0000	0.0000	0.0000	0.0000	0.0000	0.0053	0.0053	0.0000	0.0053	0.0053	0.0000	0.0000	0.0000	0.0000	0.0725	0.0613	0.0112	0.0041	0.0038	0.0002	0.0685	0.0575	0.0110	0.2037	0.1173	0.0864	0.0441	0.0386	0.0055	0.1596	0.0786	0.0809	0.0006	0.0004	0.0000	0.0016	0.0015	0.0000	0.0766	377.4298	0.0000	0.0260	0.0451	0.0001	0.1199	0.1370	0.0000	0.0001	0.0000	0.0001
7	30	0.0316	2	2	1	1	0	0	0	0	0	Y	N	N	N	N	N	N	N	N	N	N	N	1.3216	0.0000	8.2649	0.0046	0.0046	0.0000	1.2430	0.0000	8.1871	11.9425	0.0001	75.9348	0.0176	0.0185	0.0000	12.0236	0.0000	76.0984	9.0364	8.9028	9.1877	3.8422	4.0412	0.0397	9.6731	10.0830	9.2949	100378.4678	0.9107	0.4517	-0.2893	3.0003	5.9956	13.2183	15.0927	0.9999	0.0000	0.9998	0.0000	0.0000	0.0000	0.9998	0.0000	0.9998	2.0947	1.0963	0.9984	0.0973	0.0972	0.0000	1.9974	0.9991	0.9983	0.0837	0.0706	0.0132	0.0006	0.0005	0.0000	0.0832	0.0700	0.0131	0.2318	0.1231	0.1087	0.0253	0.0241	0.0013	0.2065	0.0991	0.1074	1.3216	0.0000	8.2649	0.0046	0.0046	0.0000	1.2430	0.0000	8.1871	9.0364	8.9028	9.1877	3.8422	4.0412	0.0397	9.6731	10.0830	9.2949
7	31	0.0845	8	1	2	0	0	0	0	0	0	N	Y	N	N	N	N	N	N	N	N	N	N	0.0000	0.0000	0.0000	0.0000	0.0000	0.0000	0.0000	0.0000	0.0000	0.0000	0.0000	0.0000	0.0000	0.0000	0.0000	0.0000	0.0000	0.0000	11.2158	0.0003	71.2820	0.0011	0.0009	0.0031	15.0458	0.0000	72.3579	50405.7699	-0.0000	0.3792	3.0003	1.4218	13.2183	7.0463	0.0000	0.0000	0.0000	0.0000	0.0000	0.0000	0.0000	0.0000	0.0000	0.9842	0.0000	0.9842	0.0000	0.0000	0.0000	0.9842	0.0000	0.9842	0.0240	0.0207	0.0033	0.0045	0.0043	0.0001	0.0195	0.0164	0.0031	0.0913	0.0558	0.0354	0.0259	0.0229	0.0030	0.0654	0.0330	0.0324	0.0000	0.0000	0.0000	0.0000	0.0000	0.0000	0.0000	0.0000	0.0000	10.7839	0.0003	27.7784	0.0011	0.0009	0.0031	15.0458	0.0000	30.3509	
7	32	0.0793	7	1	1	0	0	0	0	0	0	N	N	N	N	N	N	N	N	N	N	N	N	0.0000	0.0000	0.0000	0.0001	0.0000	0.0000	0.0000	0.0000	0.0000	0.0000	0.0000	0.0000	0.0000	0.0000	0.0000	0.0000	0.0000	0.0000	0.1480	0.0667	0.2643	0.1263	0.1374	0.0018	0.1578	0.0003	0.2816	0.0037	2.7673	-0.0000	0.0023	3.0003	4.3312	13.2183	5.5221	0.0000	0.0000	0.0000	0.0000	0.0000	0.0000	0.0000	0.0000	0.0000	0.0192	0.0051	0.0141	0.0051	0.0051	0.0000	0.0141	0.0000	0.0141	0.0745	0.0643	0.0103	0.0126	0.0122	0.0003	0.0620	0.0520	0.0099	0.1297	0.0763	0.0534	0.0403	0.0370	0.0033	0.0894	0.0393	0.0500	0.0000	0.0000	0.0000	0.0001	0.0000	0.0000	0.0000	0.0000	0.0000	0.1480	0.0667	0.2643	0.1263	0.1374	0.0018	0.1578	0.0003	0.2816
7	33	0.0769	6	1	1	0	0	0	0	0	0	N	N	N	N	N	N	N	N	N	N	N	N	0.0011	0.0013	0.0000	0.0040	0.0037	0.0000	0.0000	0.0000	0.0000	0.0001	0.0002	0.0000	0.0012	0.0013	0.0000	0.0000	0.0000	0.0000	0.1264	0.1289	0.1230	0.3090	0.3479	0.0005	0.0703	0.0034	0.1310	0.0000	0.7128	-0.0000	-0.0022	3.0003	4.2685	13.2183	3.7703	0.0000	0.0000	0.0000	0.0000	0.0000	0.0000	0.0000	0.0000	0.0000	0.0112	0.0066	0.0047	0.0064	0.0064	0.0000	0.0048	0.0001	0.0047	0.0692	0.0594	0.0099	0.0080	0.0078	0.0002	0.0612	0.0516	0.0096	0.0889	0.0509	0.0380	0.0209	0.0185	0.0023	0.0680	0.0323	0.0357	0.0011	0.0013	0.0000	0.0040	0.0037	0.0000	0.0000	0.0000	0.0000	0.1264	0.1289	0.1230	0.3090	0.3479	0.0005	0.0703	0.0034	0.1310
7	34	0.0316	2	2	1	1	0	0	0	0	0	Y	N	N	N	N	N	N	N	N	N	N	N	0.0037	0.0072	0.0000	0.1708	0.1771	0.0000	0.0000	0.0000	0.0001	0.0002	0.0000	0.0202	0.0212	0.0000	0.0000	0.0000	0.0000	0.0394	0.0236	0.0572	0.1181	0.1195	0.0910	0.0296	0.0000	0.0568	0.0000	2.1330	-0.0000	0.0006	3.0003	4.9966	13.2183	15.0870	0.0000	0.0000	0.0000	0.0000	0.0000	0.0000	0.0000	0.0000	0.0000	0.0087	0.0028	0.0060	0.0029	0.0028	0.0001	0.0058	0.0000	0.0058	0.0701	0.0591	0.0110	0.0005	0.0005	0.0000	0.0696	0.0586	0.0110	0.2221	0.1180	0.1041	0.0246	0.0233	0.0012	0.1976	0.0947	0.1029	0.0037	0.0072	0.0000	0.1708	0.1771	0.0000	0.0000	0.0000	0.0000	0.0394	0.0236	0.0572	0.1181	0.1195	0.0910	0.0296	0.0000	0.0568	
7	35	0.0946	11	1	2	0	0	0	0	0	0	N	Y	N	N	N	N	N	N	N	N	N	N	0.0000	0.0000	0.0000	0.0000	0.0000	0.0000	0.0000	0.0000	0.0000	0.0000	0.0000	0.0000	0.0000	0.0000	0.0000	0.0000	0.0000	0.0000	0.0000	0.0000	3.0003	1.0000	13.2183	1.0102	0.0000	0.0000	0.0000	0.0000	0.0000	0.0000	0.0000	0.0000	0.0000	0.0000	0.0000	0.0000	0.0000	0.0000	0.0000	0.0000	0.0000	0.0000	0.0126	0.0108	0.0018	0.0010	0.0009	0.0001	0.0117	0.0099	0.0017	0.0175	0.0102	0.0074	0.0050	0.0040	0.0010	0.0126	0.0062	0.0064	0.0000	0.0000	0.0000	0.0000	0.0000	0.0000	0.0000	0.0000	0.0000	0.0000	0.0000	0.0000	0.0000	0.0000	0.0000	0.0000	0.0000	0.0000											
7	36	0.0946	10	1	1	0	0	0	0	0	0	N	N	N	N	N	N	N	N	N	N	N	N	0.0000	0.0000	0.0000	0.0000	0.0000	0.0000	0.0000	0.0000	0.0000	0.0000	0.0000	0.0000	0.0000	0.0000	0.0000	0.0000	0.0000	0.0000	0.0000	0.0000	3.0003	0.0000	13.2183	0.0263	0.0000	0.0000	0.0000	0.0000	0.0000	0.0000	0.0000	0.0000	0.0000	0.0000	0.0000	0.0000	0.0000	0.0000	0.0000	0.0000	0.0000	0.0000	0.0000	0.0000	0.0000	0.0000	0.0000	0.0000	0.0000	0.0000	0.0000	0.0004	0.0002	0.0002	0.0002	0.0001	0.0000	0.0003	0.0001	0.0002	0.0000	0.0000	0.0000	0.0000	0.0000	0.0000	0.0000	0.0000	0.0000	0.0000	0.0000	0.0000	0.0000	0.0000	0.0000	0.0000	0.0000	0.0000											
7	37	0.0646	3	2	2	1	0	0	0	0	0	Y	Y	N	N	N	N	N	N	N	N	N	N	0.0000	0.0000	0.0000	0.0000	0.0000	0.0000	0.0000	0.0000	0.0000	0.0000	0.0000	0.0000	0.0000	0.0000	0.0000	0.0000	0.0000	12.3396	0.0000	67.3014	0.0037	0.0000	0.0433	13.7374	0.0000	65.2774	22485589.0828	0.0000	0.3846	3.0003	3.0000	13.2183	5.0002	0.0000	0.0000	0.0000	0.0000	0.0000	0.0000	0.0000	0.0000	0.0000	0.9984	0.0000	0.9984	0.0001	0.0000	0.0000	0.9983	0.0000	0.9983	0.0415	0.0349	0.0067	0.0014	0.0013	0.0001	0.0401	0.0336	0.0066	0.0860	0.0483	0.0377	0.0134	0.0122	0.0012	0.0727	0.0361	0.0366	0.0000	0.0000	0.0000	0.0000	0.0000	0.0000	0.0000	0.0000	0.0000	11.6027	0.0000	26.4586	0.0037	0.0000	0.0433	13.7374	0.0000	27.2921		
7	38	0.0984	7	2	2	0	0	0	0	0	0	Y	Y	N	N	N	N	N	N	N	N	N	N	0.0000	0.0000	0.0000	0.0000	0.0000	0.0000	0.0000	0.0000	0.0000	0.0000	0.0000	0.0000	0.0000	0.0000	0.0000	0.0000	0.0000	0.0000	0.0000	0.0000	3.0003	0.0001	13.2183	0.1668	0.0000	0.0000	0.0000	0.0000	0.0000	0.0000	0.0000	0.0000	0.0000	0.0000	0.0000	0.0000	0.0000	0.0000	0.0000	0.0000	0.0000	0.0000	0.0000	0.0000	0.0000	0.0000	0.0000	0.0000	0.0000	0.0000	0.0000	0.0132	0.0100	0.0032	0.0061	0.0061	0.0000	0.0071	0.0039	0.0031	0.0000	0.0000	0.0000	0.0000	0.0000	0.0000	0.0000	0.0000	0.0000	0.0000	0.0000	0.0000	0.0000	0.0000	0.0000	0.0000	0.0000	0.0000											
7	39	0.0861	10	1	1	0	1	0	0	0	0	N	N	N	N	N	N	N	N	N	N	N	N	4.8626	0.0000	7.2040	0.0000	0.0000	0.0000	4.0489	0.0000	6.7604	28.9421	0.0000	210.3448	0.0000	0.0000	0.0000	35.2835	0.0000	215.8929	5.9520	0.0095	29.1982	0.0204	0.0202	0.0239	8.7143	0.0003	31.9349	inf	968.9587	0.4511	0.3833	3.0003	1.7673	13.2183	9.0239	0.9984	0.0000	0.9984	0.0000	0.0000	0.0000	0.9984	0.0000	0.9984	0.9975	0.0010	0.9965	0.0011	0.0010	0.0001	0.9964	0.0000	0.9964	0.0345	0.0298	0.0047	0.0062	0.0061	0.0001	0.0283	0.0237	0.0046	0.1676	0.1088	0.0588	0.0532	0.0499	0.0033	0.1143	0.0589	0.0554	4.8626	0.0000	12.4075	0.0000	0.0000	0.0000	4.0489	0.0000	12.0103	5.9520	0.0095	16.9530	0.0204	0.0202	0.0239	8.7143	0.0003	17.9757
7	40	0.0838	9	1	1	0	1	0	0	0	0	N	N	N	N	N	N	N	N	N	N	N	N	0.2286	0.0001	1.3509	0.0000	0.0000	0.0000	0.1902	0.0001	1.3034	0.0214	0.0000	0.1420	0.0000	0.0000	0.0000	0.0232	0.0000	0.1455	0.0938	0.0855	0.1051	0.0088	0.0096	0.0012	0.1221	0.1339	0.1117	1973.8305	0.8964	0.0005	-0.0011	3.0003	3.4690	13.2183	3.7419	0.0011	0.0000	0.0011	0.0000	0.0000	0.0000	0.0011	0.0000	0.0011	0.0080	0.0042	0.0038	0.0002	0.0002	0.0000	0.0078	0.0040	0.0038	0.0518	0.0440	0.0078	0.0040	0.0038	0.0002	0.0478	0.0402	0.0076	0.0852	0.0493	0.0359	0.0213	0.0192	0.0021	0.0639	0.0301	0.0338	0.2286	0.0001	1.3509	0.0000	0.0000	0.0000	0.1902	0.0001	1.3034	0.0938	0.0855	0.1051	0.0088	0.0096	0.0012	0.1221	0.1339	0.1117
7	41	0.0312	5	1	2	1	0	0	0	0	0	N	Y	N	N	N	N	N	N	N	N	N	N	0.0000	0.0000	0.0000	0.0000	0.0000	0.0000	0.0000	0.0000	0.0000	0.0000	0.0000	0.0000	0.0000	0.0000	0.0000	0.0000	0.0000	0.0018	0.0029	0.0000	0.0069	0.0074	0.0000	0.0000	0.0000	0.0000	0.0011	0.0000	-0.0002	3.0003	0.9997	13.2183	10.1790	0.0000	0.0000	0.0000	0.0000	0.0000	0.0000	0.0000	0.0000	0.0000	0.0003	0.0003	0.0000	0.0003	0.0003	0.0000	0.0000	0.0000	0.0000	0.0144	0.0121	0.0023	0.0000	0.0000	0.0000	0.0143	0.0120	0.0023	0.1743	0.1102	0.0641	0.0467	0.0438	0.0029	0.1276	0.0665	0.0611	0.0000	0.0000	0.0000	0.0000	0.0000	0.0000	0.0000	0.0000	0.0000	0.0018	0.0029	0.0000	0.0069	0.0074	0.0000	0.0000	0.0000	0.0000		
7	42	0.0301	4	1	2	0	0	0	0	0	0	N	Y	N	N	N	N	N	N	N	N	N	N	0.0000	0.0000	0.0000	0.0000	0.0000	0.0000	0.0000	0.0000	0.0000	0.0000	0.0000	0.0000	0.0000	0.0000	0.0000	0.0000	0.0000	0.0000	0.0280	0.0218	0.0375	0.0428	0.0445	0.0060	0.0221	0.0026	0.0385	1.1395	0.0000	-0.0000	3.0003	0.0007	13.2183	0.9413	0.0000	0.0000	0.0000	0.0000	0.0000	0.0000	0.0000	0.0000	0.0000	0.0005	0.0002	0.0003	0.0002	0.0002	0.0000	0.0003	0.0000	0.0003	0.0000	0.0000	0.0000	0.0000	0.0000	0.0000	0.0000	0.0000	0.0000	0.0174	0.0104	0.0069	0.0050	0.0048	0.0002	0.0124	0.0057	0.0067	0.0000	0.0000	0.0000	0.0000	0.0000	0.0000	0.0000	0.0000	0.0000	0.0280	0.0218	0.0375	0.0428	0.0445	0.0060	0.0221	0.0026	0.0385	
7	43	0.0316	2	2	1	1	0	0	0	0	0	Y	N	N	N	N	N	N	N	N	N	N	N	37.3389	0.0000	inf	0.0000	0.0000	inf	inf	0.0108	0.0000	0.0690	0.0000	0.0000	0.0000	0.0109	0.0000	0.0691	0.0003	0.0005	0.0000	0.0024	0.0025	0.0000	0.0000	0.0000	0.0000	inf	0.0000	0.0001	-0.0000	3.0003	1.9995	13.2183	12.0029	0.0003	0.0000	0.0003	0.0000	0.0000	0.0000	0.0003	0.0000	0.0003	0.0000	0.0000	0.0000	0.0000	0.0000	0.0000	0.0000	0.0000	0.0000	0.0286	0.0241	0.0045	0.0003	0.0003	0.0000	0.0283	0.0238	0.0045	0.1623	0.0864	0.0758	0.0198	0.0189	0.0009	0.1425	0.0675	0.0750	37.3389	0.0000	inf	0.0000	0.0000	0.0000	inf	0.0000	inf	0.0003	0.0005	0.0000	0.0024	0.0025	0.0000	0.0000	0.0000	0.0000		
7	44	0.0648	3	2	2	0	0	0	0	0	0	Y	Y	N	N	N	N	N	N	N	N	N	N	0.0000	0.0000	0.0000	0.0000	0.0000	0.0000	0.0000	0.0000	0.0000	0.0000	0.0000	0.0000	0.0000	0.0000	0.0000	0.0000	0.0000	0.0000	5.5446	0.0887	16.7584	0.3513	0.3823	0.0259	6.4076	0.0000	16.9608	110.4634	0.0000	0.7583	3.0003	10.0000	13.2183	26.8440	0.0000	0.0000	0.0000	0.0000	0.0000	0.0000	0.0000	0.0000	0.0000	2.0153	0.0181	1.9972	0.0182	0.0181	0.0001	1.9971	0.0000	1.9971	0.1367	0.1155	0.0212	0.0055	0.0052	0.0003	0.1312	0.1103	0.0209	0.3635	0.2038	0.1597	0.0518	0.0473	0.0045	0.3117	0.1565	0.1552	0.0000	0.0000	0.0000	0.0000	0.0000	0.0000	0.0000	0.0000	0.0000	5.5446	0.0887	12.5071	0.3513	0.3823	0.0259	6.4076	0.0000	12.8693	
7	45	0.0301	4	1	2	0	0	0	0	0	0	N	Y	N	N	N	N	N	N	N	N	N	N	0.0000	0.0000	0.0000	0.0000	0.0000	0.0000	0.0000	0.0000	0.0000	0.0000	0.0000	0.0000	0.0000	0.0000	0.0000	0.0000	0.0000	0.0014	0.0024	0.0000	0.0068	0.0074	0.0001	0.0000	0.0000	0.0000	0.0069	0.0000	-0.0001	3.0003	3.0000	13.2183	5.0456	0.0000	0.0000	0.0000	0.0000	0.0000	0.0000	0.0000	0.0000	0.0000	0.0001	0.0001	0.0000	0.0001	0.0001	0.0000	0.0000	0.0000	0.0000	0.0427	0.0359	0.0068	0.0001	0.0001	0.0000	0.0426	0.0358	0.0068	0.1034	0.0600	0.0435	0.0209	0.0191	0.0018	0.0825	0.0409	0.0417	0.0000	0.0000	0.0000	0.0000	0.0000	0.0000	0.0000	0.0000	0.0000	0.0014	0.0024	0.0000	0.0068	0.0074	0.0001	0.0000	0.0000	0.0000		
7	46	0.0259	3	1	2	0	0	0	0	0	0	N	Y	N	N	N	N	N	N	N	N	N	N	0.0000	0.0000	0.0000	0.0000	0.0000	0.0000	0.0000	0.0000	0.0000	0.0000	0.0000	0.0000	0.0000	0.0000	0.0000	0.0000	0.0000	0.0000	0.0480	0.0682	0.0221	0.2091	0.2284	0.0011	0.0119	0.0000	0.0229	0.2537	0.0000	-0.0008	3.0003	2.0000	13.2183	1.0030	0.0000	0.0000	0.0000	0.0000	0.0000	0.0000	0.0000	0.0000	0.0000	0.0019	0.0015	0.0004	0.0015	0.0015	0.0000	0.0004	0.0000	0.0004	0.0283	0.0238	0.0045	0.0000	0.0000	0.0000	0.0282	0.0238	0.0045	0.0389	0.0218	0.0171	0.0071	0.0065	0.0006	0.0318	0.0153	0.0165	0.0000	0.0000	0.0000	0.0000	0.0000	0.0000	0.0000	0.0000	0.0000	0.0480	0.0682	0.0221	0.2091	0.2284	0.0011	0.0119	0.0000	0.0229	
7	47	0.0259	2	1	2	0	0	0	0	0	0	N	Y	N	N	N	N	N	N	N	N	N	N	0.0000	0.0000	0.0000	0.0000	0.0000	0.0000	0.0000	0.0000	0.0000	0.0000	0.0000	0.0000	0.0000	0.0000	0.0000	0.0000	0.0000	0.0000	0.5587	0.4737	0.6822	0.6488	0.6540	0.0958	0.4900	0.0013	0.6880	0.9911	0.0000	-0.0002	3.0003	0.0000	13.2183	0.0582	0.0000	0.0000	0.0000	0.0000	0.0000	0.0000	0.0000	0.0000	0.0000	0.0020	0.0010	0.0010	0.0010	0.0010	0.0000	0.0010	0.0000	0.0010	0.0000	0.0000	0.0000	0.0000	0.0000	0.0000	0.0000	0.0000	0.0000	0.0035	0.0021	0.0014	0.0015	0.0015	0.0000	0.0020	0.0006	0.0014	0.0000	0.0000	0.0000	0.0000	0.0000	0.0000	0.0000	0.0000	0.0000	0.5587	0.4737	0.6822	0.6488	0.6540	0.0958	0.4900	0.0013	0.6880	
7	50	0.0946	10	1	1	1	0	0	0	0	0	N	N	N	N	N	N	N	N	N	N	N	N	inf	inf	inf	inf	0.0001	0.0001	0.0000	0.0002	0.0002	0.0000	0.0000	0.0000	0.0000	0.0000	0.0000	0.0000	0.0000	0.0000	0.0000	0.0000	0.0000	0.0000	0.0000	-0.0000	0.0000	3.0003	0.0004	13.2183	0.9852	0.0000	0.0000	0.0000	0.0000	0.0000	0.0000	0.0000	0.0000	0.0000	0.0000	0.0000	0.0000	0.0000	0.0000	0.0000	0.0000	0.0000	0.0000	0.0000	0.0000	0.0000	0.0000	0.0000	0.0000	0.0000	0.0000	0.0000	0.0105	0.0063	0.0042	0.0028	0.0024	0.0004	0.0077	0.0039	0.0038	inf	inf	0.0000	inf	inf	0.0000	0.0000	0.0000	0.0000	0.0000	0.0000	0.0000	0.0000	0.0000	0.0000	0.0000	0.0000	0.0000						
7	51	0.0838	9	1	1	0	0	0	0	0	0	N	N	N	N	N	N	N	N	N	N	N	N	0.0009	0.0006	0.0000	0.0033	0.0031	0.0000	0.0004	0.0002	0.0000	0.0001	0.0001	0.0000	0.0011	0.0011	0.0000	0.0000	0.0000	0.0000	0.0818	0.1413	0.0000	0.3275	0.3727	0.0000	0.0110	0.0224	0.0000	0.0000	0.0000	-0.0000	-0.0122	3.0003	10.7574	13.2183	12.9024	0.0000	0.0000	0.0000	0.0000	0.0000	0.0000	0.0000	0.0000	0.0000	0.0199	0.0199	0.0000	0.0178	0.0178	0.0000	0.0021	0.0021	0.0000	0.1512	0.1281	0.0231	0.0093	0.0087	0.0005	0.1419	0.1194	0.0226	0.2428	0.1405	0.1023	0.0543	0.0477	0.0066	0.1885	0.0928	0.0957	0.0009	0.0006	0.0000	0.0033	0.0031	0.0000	0.0004	0.0002	0.0000	0.0818	0.1413	0.0000	0.3275	0.3727	0.0000	0.0110	0.0224	0.0000
7	52	0.0823	8	1	1	0	0	0	0	0	0	N	N	N	N	N	N	N	N	N	N	N	N	0.0011	0.0008	0.0000	0.0001	0.0001	0.0000	0.0009	0.0005	0.0000	0.0198	0.0234	0.0000	0.0000	0.0000	0.0000	0.0210	0.0251	0.0000	17.6374	29.7941	0.0015	0.0102	0.0114	0.0001	22.3916	47.3403	0.0016	0.0000	0.0000	-0.0004	-0.6100	3.0003	2.6694	13.2183	2.4027	0.0008	0.0008	0.0000	0.0000	0.0000	0.0000	0.0008	0.0008	0.0000	0.9924	0.9923	0.0000	0.0001	0.0001	0.0000	0.9922	0.9922	0.0000	0.0389	0.0329	0.0060	0.0024	0.0022	0.0001	0.0365	0.0307	0.0059	0.0581	0.0333	0.0248	0.0138	0.0123	0.0015	0.0443	0.0210	0.0234	0.0012	0.0008	0.0000	0.0001	0.0001	0.0000	0.0009	0.0005	0.0000	17.0716	29.7941	0.0015	0.0102	0.0114	0.0001	22.3916	47.3403	0.0016
7	53	0.0771	7	1	1	0	0	0	0	0	0	N	N	N	N	N	N	N	N	N	N	N	N	0.0529	0.0428	0.0000	0.0005	0.0009	0.0000	0.0459	0.0322	0.0000	0.0023	0.0027	0.0000	0.0000	0.0000	0.0000	0.0026	0.0030	0.0000	0.0436	0.0629	0.0172	0.0006	0.0003	0.0025	0.0558	0.0944	0.0182	0.0000	0.2001	-0.0002	-0.0028	3.0003	8.6921	13.2183	5.3599	0.0003	0.0003	0.0000	0.0000	0.0000	0.0000	0.0003	0.0003	0.0000	0.0063	0.0053	0.0011	0.0000	0.0000	0.0000	0.0063	0.0052	0.0010	0.1330	0.1137	0.0193	0.0133	0.0128	0.0005	0.1197	0.1009	0.0188	0.1447	0.0835	0.0612	0.0319	0.0279	0.0040	0.1128	0.0556	0.0572	0.0529	0.0428	0.0000	0.0005	0.0009	0.0000	0.0459	0.0322	0.0000	0.0436	0.0629	0.0172	0.0006	0.0003	0.0025	0.0558	0.0944	0.0182
7	54	0.0769	6	1	1	0	0	0	0	0	0	N	N	N	N	N	N	N	N	N	N	N	N	0.0307	0.0207	0.0008	0.0006	0.0005	0.0000	0.0729	0.0422	0.0008	0.0001	0.0001	0.0000	0.0000	0.0000	0.0000	0.0001	0.0002	0.0000	0.0036	0.0062	0.0003	0.0087	0.0096	0.0000	0.0018	0.0038	0.0003	0.0003	0.0366	-0.0000	-0.0001	3.0003	1.8652	13.2183	1.4001	0.0000	0.0000	0.0000	0.0000	0.0000	0.0000	0.0000	0.0000	0.0000	0.0001	0.0001	0.0000	0.0001	0.0001	0.0000	0.0001	0.0000	0.0000	0.0359	0.0312	0.0047	0.0062	0.0061	0.0001	0.0297	0.0251	0.0046	0.0407	0.0230	0.0177	0.0107	0.0097	0.0010	0.0300	0.0133	0.0167	0.0307	0.0207	0.0008	0.0006	0.0005	0.0000	0.0729	0.0422	0.0008	0.0036	0.0062	0.0003	0.0087	0.0096	0.0000	0.0018	0.0038	0.0003
7	55	0.0724	5	1	1	0	0	0	0	0	0	N	N	N	N	N	N	N	N	N	N	N	N	0.0000	0.0000	0.0000	0.0000	0.0000	0.0000	0.0000	0.0000	0.0000	0.0000	0.0000	0.0000	0.0000	0.0000	0.0000	0.0000	0.0000	0.0000	2.4651	3.9855	0.0022	0.1005	0.1104	0.0001	3.3943	6.7341	0.0024	0.0000	0.0003	-0.0000	-0.1598	3.0003	2.5292	13.2183	4.9772	0.0000	0.0000	0.0000	0.0000	0.0000	0.0000	0.0000	0.0000	0.0000	0.2601	0.2600	0.0001	0.0030	0.0030	0.0000	0.2571	0.2570	0.0001	0.0407	0.0350	0.0057	0.0039	0.0039	0.0001	0.0368	0.0311	0.0056	0.1055	0.0652	0.0403	0.0298	0.0271	0.0027	0.0757	0.0382	0.0376	0.0000	0.0000	0.0000	0.0000	0.0000	0.0000	0.0000	0.0000	0.0000	2.4651	3.9855	0.0022	0.1005	0.1104	0.0001	3.3943	6.7341	0.0024
7	56	0.0316	2	2	2	0	0	0	0	0	0	Y	Y	N	N	N	N	N	N	N	N	N	N	0.0000	0.0000	0.0000	0.0000	0.0000	0.0000	0.0000	0.0000	0.0000	0.0000	0.0000	0.0000	0.0000	0.0000	0.0000	0.0451	0.0000	0.0969	0.0063	0.0000	0.1582	0.0510	0.0000	0.0962	inf	0.0000	0.0023	3.0003	0.0000	13.2183	10.9971	0.0000	0.0000	0.0000	0.0000	0.0000	0.0000	0.0000	0.0000	0.0000	0.0060	0.0000	0.0060	0.0001	0.0000	0.0001	0.0058	0.0000	0.0058	0.0000	0.0000	0.0000	0.0000	0.0000	0.0000	0.0000	0.0000	0.0000	0.1319	0.0704	0.0614	0.0173	0.0166	0.0007	0.1145	0.0538	0.0608	0.0000	0.0000	0.0000	0.0000	0.0000	0.0000	0.0000	0.0000	0.0000	0.0451	0.0000	0.0969	0.0063	0.0000	0.1582	0.0510	0.0000	0.0962				
7	57	0.1532	7	1	1	0	0	0	0	0	0	N	N	N	N	N	N	N	N	N	N	N	N	0.0005	0.0013	0.0000	0.0032	0.0073	0.0000	0.0000	0.0000	0.0000	0.0002	0.0002	0.0000	0.0007	0.0007	0.0000	0.0000	0.0000	0.0000	0.4680	0.1846	1.0983	0.2283	0.1022	1.1843	0.6953	0.3210	1.0790	0.0000	2.6760	-0.0000	0.0254	3.0003	7.8198	13.2183	21.5823	0.0000	0.0000	0.0000	0.0000	0.0000	0.0000	0.0000	0.0000	0.0000	0.2247	0.0611	0.1636	0.0533	0.0211	0.0323	0.1714	0.0400	0.1313	0.1864	0.1638	0.0226	0.0555	0.0534	0.0021	0.1309	0.1103	0.0205	0.4802	0.3312	0.1490	0.2337	0.2065	0.0272	0.2465	0.1248	0.1217	0.0005	0.0013	0.0000	0.0032	0.0073	0.0000	0.0000	0.0000	0.0000	0.4680	0.1846	1.0983	0.2283	0.1022	1.1843	0.6953	0.3210	1.0790
7	58	0.0673	6	2	2	1	0	0	0	0	0	Y	Y	N	N	N	N	N	N	N	N	N	N	0.0000	0.0000	0.0000	0.0000	0.0000	0.0000	0.0000	0.0000	0.0000	0.0000	0.0000	0.0000	0.0000	0.0000	0.0000	0.0000	0.0000	0.0000	0.0002	0.0002	0.0001	0.0001	0.0000	0.0007	0.0002	0.0003	0.0001	0.3708	0.0000	-0.0000	3.0003	2.0055	13.2183	11.8091	0.0000	0.0000	0.0000	0.0000	0.0000	0.0000	0.0000	0.0000	0.0000	0.0000	0.0000	0.0000	0.0000	0.0000	0.0000	0.0000	0.0000	0.0000	0.0285	0.0240	0.0045	0.0005	0.0005	0.0000	0.0280	0.0236	0.0045	0.1524	0.0840	0.0683	0.0226	0.0207	0.0019	0.1298	0.0633	0.0665	0.0000	0.0000	0.0000	0.0000	0.0000	0.0000	0.0000	0.0000	0.0000	0.0002	0.0002	0.0001	0.0001	0.0000	0.0007	0.0002	0.0003	0.0001	
7	59	0.0619	5	2	1	1	0	0	0	0	0	Y	N	N	N	N	N	N	N	N	N	N	N	0.0000	0.0000	0.0000	0.0000	0.0000	0.0000	0.0000	0.0000	0.0000	0.0000	0.0000	0.0000	0.0000	0.0000	0.0000	0.0000	0.0000	0.0000	0.0395	0.0549	0.0170	0.0189	0.0166	0.0625	0.0452	0.0751	0.0158	0.2125	0.0000	-0.0011	3.0003	1.9951	13.2183	2.5667	0.0000	0.0000	0.0000	0.0000	0.0000	0.0000	0.0000	0.0000	0.0000	0.0025	0.0021	0.0004	0.0003	0.0002	0.0000	0.0023	0.0019	0.0004	0.0283	0.0238	0.0045	0.0004	0.0004	0.0000	0.0279	0.0235	0.0044	0.0640	0.0380	0.0260	0.0138	0.0131	0.0007	0.0502	0.0249	0.0253	0.0000	0.0000	0.0000	0.0000	0.0000	0.0000	0.0000	0.0000	0.0000	0.0395	0.0549	0.0170	0.0189	0.0166	0.0625	0.0452	0.0751	0.0158	
7	60	0.0552	4	2	1	1	0	0	0	0	0	Y	N	N	N	N	N	N	N	N	N	N	N	0.0000	0.0000	0.0000	0.0000	0.0000	0.0000	0.0000	0.0000	0.0000	0.0000	0.0000	0.0000	0.0000	0.0000	0.0000	0.0000	0.0000	0.0000	6.8607	9.4524	0.0082	3.5377	3.9284	0.0326	9.1762	15.1846	0.0038	0.0003	0.0000	-0.2774	3.0003	0.0108	13.2183	3.6229	0.0000	0.0000	0.0000	0.0000	0.0000	0.0000	0.0000	0.0000	0.0000	0.4514	0.4513	0.0001	0.0956	0.0955	0.0001	0.3558	0.3558	0.0001	0.0003	0.0002	0.0000	0.0001	0.0001	0.0000	0.0002	0.0001	0.0000	0.0658	0.0477	0.0181	0.0270	0.0243	0.0027	0.0388	0.0234	0.0153	0.0000	0.0000	0.0000	0.0000	0.0000	0.0000	0.0000	0.0000	0.0000	6.8607	9.4524	0.0082	3.5377	3.9284	0.0326	9.1762	15.1846	0.0038	
7	61	0.0735	5	1	2	0	0	0	0	0	0	N	Y	N	N	N	N	N	N	N	N	N	N	0.0000	0.0000	0.0000	0.0000	0.0000	0.0000	0.0000	0.0000	0.0000	0.0000	0.0000	0.0000	0.0000	0.0000	0.0000	0.7898	0.0000	2.1271	0.0211	0.0000	0.4358	1.1027	0.0000	2.1936	inf	0.0000	0.0579	3.0003	4.0917	13.2183	8.0988	0.0000	0.0000	0.0000	0.0000	0.0000	0.0000	0.0000	0.0000	0.0000	0.1502	0.0000	0.1502	0.0012	0.0000	0.0012	0.1490	0.0000	0.1490	0.0648	0.0554	0.0094	0.0063	0.0062	0.0001	0.0585	0.0492	0.0093	0.1902	0.1196	0.0706	0.0550	0.0523	0.0027	0.1351	0.0672	0.0679	0.0000	0.0000	0.0000	0.0000	0.0000	0.0000	0.0000	0.0000	0.0000	0.7898	0.0000	2.1271	0.0211	0.0000	0.4358	1.1027	0.0000	2.1936				
7	62	0.0698	4	1	2	0	0	0	0	0	0	N	Y	N	N	N	N	N	N	N	N	N	N	0.0000	0.0086	0.0000	0.0000	0.0000	0.0000	0.0000	0.0095	0.0000	0.0003	0.0004	0.0000	0.0000	0.0000	0.0000	0.0003	0.0004	0.0000	9.0378	0.0459	38.1577	0.0484	0.0497	0.0331	11.5477	0.0437	40.4646	0.0000	348.9767	-0.0000	0.3237	3.0003	2.1165	13.2183	5.0852	0.0000	0.0000	0.0000	0.0000	0.0000	0.0000	0.0000	0.0000	0.0000	0.8466	0.0024	0.8442	0.0010	0.0009	0.0001	0.8456	0.0015	0.8441	0.0299	0.0253	0.0047	0.0012	0.0012	0.0001	0.0287	0.0241	0.0046	0.0937	0.0528	0.0409	0.0204	0.0189	0.0016	0.0732	0.0339	0.0393	0.0000	0.0086	0.0000	0.0000	0.0000	0.0000	0.0000	0.0095	0.0000	9.0378	0.0459	20.6294	0.0484	0.0497	0.0331	11.5477	0.0437	21.4533
7	63	0.0552	4	2	1	1	0	0	0	0	0	Y	N	N	N	N	N	N	N	N	N	N	N	0.0000	0.0000	0.0000	0.0000	0.0000	0.0000	0.0000	0.0000	0.0000	0.0000	0.0000	0.0000	0.0000	0.0000	0.0000	0.0000	0.0000	0.0000	5.9601	0.0034	21.3712	17.0078	0.0105	279.2990	2.9704	0.0000	5.9775	3039.3892	0.0000	0.3498	3.0003	3.9990	13.2183	8.8702	0.0000	0.0000	0.0000	0.0000	0.0000	0.0000	0.0000	0.0000	0.0000	0.9088	0.0003	0.9085	0.5524	0.0003	0.5521	0.3565	0.0000	0.3565	0.0553	0.0476	0.0078	0.0010	0.0010	0.0001	0.0543	0.0466	0.0077	0.1525	0.0889	0.0636	0.0325	0.0286	0.0039	0.1200	0.0604	0.0596	0.0000	0.0000	0.0000	0.0000	0.0000	0.0000	0.0000	0.0000	0.0000	5.9601	0.0034	14.2944	17.0078	0.0105	140.7602	2.9704	0.0000	5.9775	
7	64	0.0350	3	2	1	1	0	0	0	0	0	Y	N	N	N	N	N	N	N	N	N	N	N	0.0000	0.0000	0.0000	0.0000	0.0000	0.0000	0.0000	0.0000	0.0000	0.0000	0.0000	0.0000	0.0000	0.0000	0.0000	0.0000	0.0000	0.0000	3.9638	5.9494	1.3053	0.0969	0.0838	0.5857	4.9827	9.1749	1.3145	inf	0.1639	0.0000	-0.3041	3.0003	3.9972	13.2183	6.8232	0.0000	0.0000	0.0000	0.0000	0.0000	0.0000	0.0000	0.0000	0.0000	0.6416	0.5513	0.0903	0.0033	0.0028	0.0005	0.6384	0.5486	0.0898	0.0589	0.0499	0.0090	0.0017	0.0017	0.0000	0.0572	0.0482	0.0090	0.1619	0.0927	0.0692	0.0338	0.0329	0.0009	0.1281	0.0598	0.0683	0.0000	0.0000	0.0000	0.0000	0.0000	0.0000	0.0000	0.0000	0.0000	3.9638	5.9494	1.3053	0.0969	0.0838	0.5857	4.9827	9.1749	1.3145
7	65	0.0774	5	1	2	0	0	0	0	0	0	N	Y	N	N	N	N	N	N	N	N	N	N	0.0110	0.0087	0.0000	0.3643	0.3404	0.0000	0.0000	0.0000	0.0000	0.0108	0.0127	0.0000	0.1879	0.1963	0.0000	0.0000	0.0000	0.0000	0.9809	1.4603	0.1803	0.5157	0.5767	0.0692	1.1658	2.0493	0.1915	0.0000	0.0739	-0.0013	-0.3222	3.0003	15.6632	13.2183	35.0639	0.0023	0.0023	0.0000	0.0023	0.0023	0.0000	0.0000	0.0000	0.0000	0.5903	0.5496	0.0406	0.0882	0.0868	0.0014	0.5020	0.4628	0.0392	0.2163	0.1835	0.0328	0.0124	0.0119	0.0005	0.2039	0.1716	0.0322	0.6018	0.3764	0.2254	0.1711	0.1506	0.0206	0.4306	0.2258	0.2048	0.0110	0.0087	0.0000	0.3643	0.3404	0.0000	0.0000	0.0000	0.0000	0.9809	1.4603	0.1803	0.5157	0.5767	0.0692	1.1658	2.0493	0.1915
7	66	0.0774	5	1	1	1	0	0	0	0	0	N	N	N	N	N	N	N	N	N	N	N	N	0.0000	0.0000	0.0000	0.0000	0.0000	0.0000	0.0000	0.0000	0.0000	0.0000	0.0000	0.0000	0.0000	0.0000	0.0000	0.0000	0.0000	0.0000	4.4024	2.0424	9.4769	0.0023	0.0020	0.0048	7.4116	4.2712	12.6193	2.1579	0.0000	0.1001	3.0003	4.9998	13.2183	10.1184	0.0000	0.0000	0.0000	0.0000	0.0000	0.0000	0.0000	0.0000	0.0000	1.4590	0.4620	0.9970	0.0003	0.0002	0.0001	1.4587	0.4618	0.9969	0.0771	0.0658	0.0114	0.0068	0.0066	0.0002	0.0704	0.0592	0.0112	0.3314	0.2262	0.1052	0.1346	0.1181	0.0165	0.1968	0.1081	0.0887	0.0000	0.0000	0.0000	0.0000	0.0000	0.0000	0.0000	0.0000	0.0000	4.4024	2.0424	9.4769	0.0023	0.0020	0.0048	7.4116	4.2712	11.2393	
7	67	0.0819	7	1	2	0	0	0	0	0	0	N	Y	N	N	N	N	N	N	N	N	N	N	0.0019	0.0018	0.0000	0.0000	0.0000	0.0000	0.0014	0.0011	0.0000	0.0021	0.0024	0.0000	0.0000	0.0000	0.0000	0.0022	0.0026	0.0000	1.0983	1.3151	0.7687	0.0020	0.0022	0.0004	1.5036	2.2239	0.8166	0.0000	0.3847	-0.0002	-0.1192	3.0003	10.9928	13.2183	18.5513	0.0003	0.0003	0.0000	0.0000	0.0000	0.0000	0.0003	0.0003	0.0000	0.3537	0.2555	0.0983	0.0002	0.0002	0.0000	0.3536	0.2553	0.0983	0.1494	0.1273	0.0221	0.0082	0.0074	0.0008	0.1412	0.1199	0.0214	0.3221	0.1942	0.1278	0.0870	0.0795	0.0075	0.2351	0.1148	0.1204	0.0019	0.0018	0.0000	0.0000	0.0000	0.0000	0.0014	0.0011	0.0000	1.0983	1.3151	0.7687	0.0020	0.0022	0.0004	1.5036	2.2239	0.8166
7	68	0.0819	6	1	1	0	0	0	0	0	0	N	N	N	N	N	N	N	N	N	N	N	N	0.0001	0.0001	0.0000	0.0001	0.0001	0.0000	0.0002	0.0001	0.0000	0.0014	0.0016	0.0000	0.0009	0.0009	0.0000	0.0017	0.0020	0.0000	10.7456	12.9390	4.8497	11.4198	11.6580	0.0903	9.2612	15.4132	4.9840	0.0000	0.1891	-0.0000	-0.2543	3.0003	0.0861	13.2183	1.0715	0.0000	0.0000	0.0000	0.0000	0.0000	0.0000	0.0000	0.0000	0.0000	0.5581	0.4694	0.0888	0.2787	0.2786	0.0000	0.2794	0.1907	0.0887	0.0032	0.0029	0.0003	0.0011	0.0011	0.0000	0.0021	0.0018	0.0003	0.0546	0.0363	0.0183	0.0244	0.0239	0.0005	0.0302	0.0124	0.0178	0.0001	0.0001	0.0000	0.0001	0.0001	0.0000	0.0002	0.0001	0.0000	10.2264	12.9390	4.8497	11.4198	11.6580	0.0903	9.2612	15.4132	4.9840
7	69	0.0646	4	2	1	1	0	0	0	0	0	Y	N	N	N	N	N	N	N	N	N	N	N	0.0000	0.0000	0.0000	0.0000	0.0000	0.0000	0.0000	0.0000	0.0000	0.0000	0.0000	0.0000	0.0000	0.0000	0.0000	0.0000	0.0005	0.0008	0.0000	0.0029	0.0032	0.0000	0.0000	0.0000	0.0000	0.0062	0.0000	-0.0000	3.0003	1.0000	13.2183	3.0001	0.0000	0.0000	0.0000	0.0000	0.0000	0.0000	0.0000	0.0000	0.0000	0.0000	0.0000	0.0000	0.0000	0.0000	0.0000	0.0000	0.0000	0.0000	0.0140	0.0117	0.0022	0.0005	0.0004	0.0000	0.0135	0.0113	0.0022	0.0437	0.0245	0.0191	0.0068	0.0062	0.0006	0.0368	0.0183	0.0186	0.0000	0.0000	0.0000	0.0000	0.0000	0.0000	0.0000	0.0000	0.0000	0.0005	0.0008	0.0000	0.0029	0.0032	0.0000	0.0000	0.0000	0.0000			
7	70	0.0646	3	2	1	1	0	0	0	0	0	Y	N	N	N	N	N	N	N	N	N	N	N	0.0000	0.0000	0.0000	0.0000	0.0000	0.0000	0.0000	0.0000	0.0000	0.0000	0.0000	0.0000	0.0000	0.0000	0.0000	0.0000	1.2454	1.0848	1.4618	1.5650	1.5811	0.0000	1.0342	0.0000	1.4759	1.0000	0.0000	-0.0000	3.0003	0.0000	13.2183	0.0009	0.0000	0.0000	0.0000	0.0000	0.0000	0.0000	0.0000	0.0000	0.0000	0.0000	0.0000	0.0000	0.0000	0.0000	0.0000	0.0000	0.0000	0.0000	0.0000	0.0000	0.0000	0.0000	0.0000	0.0000	0.0000	0.0000	0.0000	0.0000	0.0000	0.0000	0.0000	0.0000	0.0000	0.0000	0.0000	0.0000	0.0000	0.0000	0.0000	0.0000	0.0000	0.0000	0.0000	0.0000	0.0000	1.2454	1.0848	1.4618	1.5650	1.5811	0.0000	1.0342	0.0000	1.4759			
7	71	0.0316	2	2	1	1	0	0	0	0	0	Y	N	N	N	N	N	N	N	N	N	N	N	0.0016	0.0140	0.0000	0.3974	0.4000	0.0000	0.0000	0.0001	0.0001	0.0000	0.0124	0.0131	0.0000	0.0000	0.0000	0.0000	0.0466	0.0063	0.0922	0.0311	0.0327	0.0000	0.0485	0.0000	0.0933	0.0000	13.0023	-0.0000	0.0036	3.0003	9.9966	13.2183	12.9129	0.0000	0.0000	0.0000	0.0000	0.0000	0.0000	0.0000	0.0000	0.0000	0.0116	0.0008	0.0108	0.0008	0.0008	0.0000	0.0108	0.0000	0.0108	0.1372	0.1157	0.0215	0.0008	0.0008	0.0000	0.1364	0.1149	0.0215	0.2492	0.1323	0.1169	0.0267	0.0253	0.0014	0.2225	0.1070	0.1155	0.0016	0.0140	0.0000	0.3974	0.4000	0.0000	0.0000	0.0000	0.0000	0.0466	0.0063	0.0922	0.0311	0.0327	0.0000	0.0485	0.0000	0.0933		
7	72	0.0648	3	1	2	0	1	0	0	0	0	N	Y	N	N	N	N	N	N	N	N	N	N	0.0000	0.0000	0.0000	0.0000	0.0000	0.0000	0.0000	0.0000	0.0000	0.0000	0.0000	0.0000	0.0000	0.0000	0.0000	0.0000	0.0000	0.0000	0.2869	0.5127	0.0001	2.0250	2.2315	0.0033	0.0147	0.0292	0.0000	0.0001	0.0000	-0.0856	3.0003	13.0000	13.2183	39.1663	0.0000	0.0000	0.0000	0.0000	0.0000	0.0000	0.0000	0.0000	0.0000	0.1392	0.1392	0.0000	0.1331	0.1330	0.0000	0.0062	0.0062	0.0000	0.1756	0.1485	0.0272	0.0071	0.0067	0.0004	0.1686	0.1418	0.0268	0.4854	0.2716	0.2138	0.0657	0.0596	0.0061	0.4197	0.2120	0.2078	0.0000	0.0000	0.0000	0.0000	0.0000	0.0000	0.0000	0.0000	0.0000	0.2869	0.5127	0.0001	2.0250	2.2315	0.0033	0.0147	0.0292	0.0000	
7	73	0.0673	4	1	2	0	0	0	0	0	0	N	Y	N	N	N	N	N	N	N	N	N	N	0.0000	0.0000	0.0000	0.0000	0.0000	0.0000	0.0000	0.0000	0.0000	0.0000	0.0000	0.0000	0.0000	0.0000	0.0000	0.0000	0.0000	0.0000	0.0027	0.0003	0.0061	0.0133	0.0011	0.1762	0.0001	0.0000	0.0001	12.6452	0.0000	0.0002	3.0003	3.0003	13.2183	18.1082	0.0000	0.0000	0.0000	0.0000	0.0000	0.0000	0.0000	0.0000	0.0000	0.0007	0.0000	0.0006	0.0007	0.0000	0.0006	0.0000	0.0000	0.0000	0.0422	0.0356	0.0066	0.0017	0.0016	0.0001	0.0405	0.0340	0.0065	0.2524	0.1494	0.1030	0.0503	0.0468	0.0035	0.2021	0.1026	0.0995	0.0000	0.0000	0.0000	0.0000	0.0000	0.0000	0.0000	0.0000	0.0000	0.0027	0.0003	0.0061	0.0133	0.0011	0.1762	0.0001	0.0000	0.0001	
7	74	0.0350	3	1	2	0	0	0	0	0	0	N	Y	N	N	N	N	N	N	N	N	N	N	0.0000	0.0000	0.3691	0.0000	0.0000	0.0000	0.0000	0.0000	1.1421	0.0000	0.0000	0.0000	0.0000	0.0000	0.0000	0.0000	0.0000	0.0000	0.0360	0.0653	0.0000	0.1428	0.1486	0.0000	0.0174	0.0362	0.0000	inf	0.0000	0.0000	-0.0067	3.0003	7.0046	13.2183	18.1036	0.0000	0.0000	0.0000	0.0000	0.0000	0.0000	0.0000	0.0000	0.0000	0.0108	0.0108	0.0000	0.0064	0.0064	0.0000	0.0044	0.0044	0.0000	0.0999	0.0845	0.0154	0.0019	0.0019	0.0000	0.0980	0.0826	0.0154	0.3002	0.1656	0.1346	0.0447	0.0429	0.0018	0.2555	0.1226	0.1328	0.0000	0.0000	0.3691	0.0000	0.0000	0.0000	0.0000	0.0000	1.1421	0.0360	0.0653	0.0000	0.1428	0.1486	0.0000	0.0174	0.0362	0.0000
7	75	0.0316	2	1	1	0	0	0	0	0	0	N	N	N	N	N	N	N	N	N	N	N	N	0.0100	0.0086	0.0005	0.0063	0.0062	0.0000	0.0092	0.0066	0.0005	0.0027	0.0031	0.0001	0.0008	0.0008	0.0000	0.0028	0.0033	0.0001	0.2665	0.3631	0.1512	0.1339	0.1366	0.0073	0.3005	0.4938	0.1526	0.0039	0.3485	-0.0000	-0.0051	3.0003	0.2435	13.2183	3.2922	0.0000	0.0000	0.0000	0.0000	0.0000	0.0000	0.0000	0.0000	0.0000	0.0143	0.0106	0.0037	0.0015	0.0015	0.0000	0.0129	0.0092	0.0037	0.0038	0.0033	0.0006	0.0002	0.0002	0.0000	0.0036	0.0031	0.0006	0.0538	0.0293	0.0245	0.0110	0.0107	0.0002	0.0429	0.0186	0.0243	0.0100	0.0086	0.0005	0.0063	0.0062	0.0000	0.0092	0.0066	0.0005	0.2665	0.3631	0.1512	0.1339	0.1366	0.0073	0.3005	0.4938	0.1526
7	77	0.0823	7	1	2	0	0	0	0	0	0	N	Y	N	N	N	N	N	N	N	N	N	N	0.0000	0.0000	0.0000	0.0000	0.0000	0.0000	0.0000	0.0000	0.0000	0.0000	0.0000	0.0000	0.0000	0.0000	0.0000	0.0000	0.0000	1.6266	2.7694	0.0000	7.4533	8.1227	0.0000	0.0001	0.0003	0.0000	0.0000	0.0000	-0.0000	-0.2422	3.0003	8.6571	13.2183	16.0761	0.0000	0.0000	0.0000	0.0000	0.0000	0.0000	0.0000	0.0000	0.0000	0.3939	0.3939	0.0000	0.3939	0.3939	0.0000	0.0000	0.0000	0.0000	0.1188	0.1023	0.0165	0.0049	0.0047	0.0002	0.1139	0.0975	0.0163	0.2422	0.1422	0.0999	0.0528	0.0485	0.0044	0.1893	0.0938	0.0956	0.0000	0.0000	0.0000	0.0000	0.0000	0.0000	0.0000	0.0000	0.0000	1.6266	2.7694	0.0000	7.4533	8.1227	0.0000	0.0001	0.0003	0.0000	
7	78	0.0819	6	1	2	0	0	0	0	0	0	N	Y	N	N	N	N	N	N	N	N	N	N	0.0000	0.0000	0.0000	0.0000	0.0000	0.0000	0.0000	0.0000	0.0000	0.0002	0.0002	0.0000	0.0008	0.0008	0.0000	0.0000	0.0000	0.0000	8.2596	12.6763	0.0026	16.4831	16.9934	0.0542	2.5609	5.9424	0.0007	0.0000	0.0001	-0.0000	-0.3389	3.0003	0.3645	13.2183	1.9845	0.0000	0.0000	0.0000	0.0000	0.0000	0.0000	0.0000	0.0000	0.0000	0.5514	0.5514	0.0001	0.4504	0.4504	0.0000	0.1010	0.1010	0.0000	0.0071	0.0062	0.0009	0.0013	0.0012	0.0000	0.0058	0.0049	0.0009	0.0668	0.0435	0.0233	0.0273	0.0265	0.0008	0.0394	0.0170	0.0224	0.0000	0.0000	0.0000	0.0000	0.0000	0.0000	0.0000	0.0000	0.0000	8.2596	12.6763	0.0026	16.4831	16.9934	0.0542	2.5609	5.9424	0.0007
7	79	0.0724	5	1	1	0	0	0	0	0	0	N	N	N	N	N	N	N	N	N	N	N	N	0.0000	0.0000	0.0000	0.0000	0.0000	0.0000	0.0000	0.0000	0.0000	0.0000	0.0000	0.0000	0.0000	0.0000	0.0000	0.0000	0.0000	0.0000	6.4161	3.2309	13.7051	4.0150	4.5017	0.0082	7.1682	2.5202	14.2815	0.0000	2.3487	-0.0000	0.1109	3.0003	2.9108	13.2183	14.2456	0.0000	0.0000	0.0000	0.0000	0.0000	0.0000	0.0000	0.0000	0.0000	1.2802	0.3823	0.8979	0.1911	0.1911	0.0000	1.0891	0.1913	0.8979	0.0460	0.0394	0.0066	0.0041	0.0040	0.0001	0.0418	0.0354	0.0065	0.1995	0.1183	0.0812	0.0476	0.0424	0.0052	0.1519	0.0759	0.0760	0.0000	0.0000	0.0000	0.0000	0.0000	0.0000	0.0000	0.0000	0.0000	6.4161	3.2309	11.0575	4.0150	4.5017	0.0082	7.1682	2.5202	11.8066
7	80	0.0673	4	1	1	0	0	0	0	0	0	N	N	N	N	N	N	N	N	N	N	N	N	0.0000	0.0000	0.0000	0.0000	0.0000	0.0000	0.0000	0.0000	0.0000	0.0000	0.0000	0.0000	0.0000	0.0000	0.0000	0.0000	0.0000	0.0000	5.2888	8.3700	0.0506	2.8827	3.0357	0.0095	6.2161	12.2247	0.0522	0.0000	0.0036	-0.0000	-0.4068	3.0003	0.1009	13.2183	7.5203	0.0000	0.0000	0.0000	0.0000	0.0000	0.0000	0.0000	0.0000	0.0000	0.6656	0.6632	0.0024	0.1009	0.1009	0.0000	0.5647	0.5623	0.0023	0.0015	0.0012	0.0002	0.0001	0.0001	0.0000	0.0014	0.0012	0.0002	0.1259	0.0792	0.0466	0.0350	0.0332	0.0018	0.0908	0.0460	0.0448	0.0000	0.0000	0.0000	0.0000	0.0000	0.0000	0.0000	0.0000	0.0000	5.2888	8.3700	0.0506	2.8827	3.0357	0.0095	6.2161	12.2247	0.0522
7	81	0.0648	3	1	1	0	0	0	0	0	0	N	N	N	N	N	N	N	N	N	N	N	N	0.0000	0.0000	0.0000	0.0000	0.0000	0.0000	0.0000	0.0000	0.0000	0.0000	0.0000	0.0000	0.0000	0.0000	0.0000	0.0000	0.0000	0.0000	4.0354	6.8998	0.0293	0.0563	0.0572	0.0311	5.4223	12.0274	0.0293	0.0030	0.0000	-0.1487	3.0003	0.0014	13.2183	3.7882	0.0000	0.0000	0.0000	0.0000	0.0000	0.0000	0.0000	0.0000	0.0000	0.2432	0.2424	0.0007	0.0009	0.0009	0.0000	0.2423	0.2416	0.0007	0.0000	0.0000	0.0000	0.0000	0.0000	0.0000	0.0000	0.0000	0.0000	0.0603	0.0351	0.0251	0.0156	0.0151	0.0005	0.0447	0.0201	0.0246	0.0000	0.0000	0.0000	0.0000	0.0000	0.0000	0.0000	0.0000	0.0000	4.0354	6.8998	0.0293	0.0563	0.0572	0.0311	5.4223	12.0274	0.0293	
7	82	0.0805	6	1	2	0	0	0	0	0	0	N	Y	N	N	N	N	N	N	N	N	N	N	53.9758	0.0701	655.9881	0.3249	0.2912	87.0519	207.7643	0.0000	648.1611	8.5645	0.0144	56.7758	0.1686	0.1601	0.3682	9.2909	0.0000	58.0204	0.1587	0.2054	0.0866	0.5187	0.5498	0.0042	0.0447	0.0000	0.0895	699.5106	0.2730	0.4510	-0.0230	3.0003	7.9116	13.2183	21.1247	1.0013	0.0014	0.9998	0.0016	0.0014	0.0001	0.9997	0.0000	0.9997	0.0574	0.0451	0.0123	0.0451	0.0451	0.0000	0.0123	0.0000	0.0123	0.1169	0.0993	0.0176	0.0093	0.0089	0.0004	0.1076	0.0904	0.0172	0.3620	0.2197	0.1423	0.0870	0.0821	0.0049	0.2750	0.1376	0.1374	53.9758	0.0701	655.9881	0.3249	0.2912	87.0519	207.7643	0.0000	648.1611	0.1587	0.2054	0.0866	0.5187	0.5498	0.0042	0.0447	0.0000	0.0895
7	83	0.0984	7	2	2	0	0	0	0	0	0	Y	Y	N	N	N	N	N	N	N	N	N	N	0.0000	0.0000	0.0000	0.0000	0.0000	0.0000	0.0000	0.0000	0.0000	0.0000	0.0000	0.0000	0.0000	0.0000	0.0000	0.0000	0.0000	0.0000	0.0000	0.0000	3.0003	0.0000	13.2183	1.8333	0.0000	0.0000	0.0000	0.0000	0.0000	0.0000	0.0000	0.0000	0.0000	0.0000	0.0000	0.0000	0.0000	0.0000	0.0000	0.0000	0.0000	0.0000	0.0000	0.0000	0.0000	0.0000	0.0000	0.0000	0.0000	0.0000	0.0000	0.0308	0.0201	0.0106	0.0093	0.0089	0.0004	0.0214	0.0112	0.0102	0.0000	0.0000	0.0000	0.0000	0.0000	0.0000	0.0000	0.0000	0.0000	0.0000	0.0000	0.0000	0.0000	0.0000	0.0000	0.0000	0.0000	0.0000											
7	84	0.0805	6	2	2	0	0	0	0	0	0	Y	Y	N	N	N	N	N	N	N	N	N	N	2.7387	10.7268	6.9820	12.0511	46.4026	0.0000	2.1905	6.9071	9.5841	0.0028	63.8082	0.0284	0.0296	0.0000	10.4670	0.0000	65.2723	3.4995	0.0003	9.1390	0.0024	0.0006	0.0370	4.7782	0.0000	9.4501	3992.5624	21539.9774	0.4508	0.3849	3.0003	6.9552	13.2183	13.1226	0.9984	0.0002	0.9981	0.0002	0.0002	0.0000	0.9981	0.0000	0.9981	0.9992	0.0000	0.9991	0.0002	0.0000	0.0001	0.9990	0.0000	0.9990	0.1042	0.0885	0.0156	0.0088	0.0085	0.0004	0.0954	0.0801	0.0153	0.2855	0.1762	0.1093	0.0765	0.0728	0.0036	0.2091	0.1034	0.1057	2.7387	10.7268	6.9820	12.0511	46.4026	0.0000	2.1905	0.0000	6.9071	3.4995	0.0003	9.1390	0.0024	0.0006	0.0370	4.7782	0.0000	9.4501	
7	85	0.0774	5	1	2	0	0	0	0	0	0	N	Y	N	N	N	N	N	N	N	N	N	N	11.7460	2.5177	47.3425	0.7974	0.8307	0.0000	15.5549	7.7885	52.7874	0.2375	0.0272	1.6127	0.0141	0.0148	0.0000	0.3314	0.0331	1.8257	0.0202	0.0108	0.0341	0.0176	0.0179	0.0101	0.0213	0.0043	0.0346	9.0579	2.1403	0.0006	0.0002	3.0003	0.3374	13.2183	6.1146	0.0017	0.0002	0.0015	0.0000	0.0000	0.0000	0.0017	0.0001	0.0015	0.0023	0.0007	0.0016	0.0006	0.0006	0.0000	0.0017	0.0002	0.0016	0.0072	0.0062	0.0010	0.0021	0.0020	0.0001	0.0051	0.0042	0.0008	0.1143	0.0681	0.0462	0.0338	0.0328	0.0010	0.0805	0.0353	0.0453	11.7460	2.5177	47.3425	0.7974	0.8307	0.0000	15.5549	7.7885	52.7874	0.0202	0.0108	0.0341	0.0176	0.0179	0.0101	0.0213	0.0043	0.0346
7	86	0.0774	5	1	2	0	0	0	0	0	0	N	Y	N	N	N	N	N	N	N	N	N	N	0.0080	0.0055	0.0000	0.0316	0.0314	0.0000	0.0000	0.0000	0.0000	0.0002	0.0002	0.0000	0.0039	0.0041	0.0000	0.0000	0.0000	0.0000	0.0245	0.0423	0.0000	0.1218	0.1297	0.0001	0.0000	0.0000	0.0000	0.0000	0.0005	-0.0000	-0.0041	3.0003	11.0342	13.2183	12.7513	0.0000	0.0000	0.0000	0.0000	0.0000	0.0000	0.0000	0.0000	0.0000	0.0068	0.0067	0.0000	0.0067	0.0067	0.0000	0.0000	0.0000	0.0000	0.1523	0.1289	0.0235	0.0078	0.0074	0.0004	0.1445	0.1215	0.0230	0.2756	0.1597	0.1159	0.0554	0.0520	0.0034	0.2201	0.1077	0.1125	0.0080	0.0055	0.0000	0.0316	0.0314	0.0000	0.0000	0.0000	0.0000	0.0245	0.0423	0.0000	0.1218	0.1297	0.0001	0.0000	0.0000	0.0000
7	87	0.0698	4	1	2	0	0	0	0	0	0	N	Y	N	N	N	N	N	N	N	N	N	N	0.0105	0.0000	2.9300	0.0000	0.0000	0.0000	0.6774	0.0000	2.9256	0.0005	0.0000	0.0034	0.0000	0.0000	0.0000	0.0006	0.0000	0.0035	0.0514	0.0905	0.0012	0.2579	0.2807	0.0007	0.0008	0.0004	0.0012	inf	0.0101	0.0000	-0.0038	3.0003	3.9739	13.2183	6.2820	0.0000	0.0000	0.0000	0.0000	0.0000	0.0000	0.0000	0.0000	0.0000	0.0064	0.0063	0.0001	0.0063	0.0063	0.0000	0.0001	0.0000	0.0001	0.0557	0.0470	0.0087	0.0023	0.0022	0.0001	0.0534	0.0449	0.0086	0.1238	0.0696	0.0541	0.0244	0.0224	0.0020	0.0994	0.0473	0.0522	0.0105	0.0000	2.9300	0.0000	0.0000	0.0000	0.6774	0.0000	2.9256	0.0514	0.0905	0.0012	0.2579	0.2807	0.0007	0.0008	0.0004	0.0012
7	88	0.0648	3	1	2	0	0	0	0	0	0	N	Y	N	N	N	N	N	N	N	N	N	N	0.0000	0.0000	0.0000	0.0000	0.0000	0.0000	0.0000	0.0000	0.0000	0.0000	0.0000	0.0000	0.0000	0.0000	0.0000	0.0000	0.0000	0.0000	0.0757	0.0055	0.1714	0.0128	0.0124	0.0214	0.0941	0.0014	0.1749	22.8847	0.0000	0.0021	3.0003	0.0056	13.2183	5.7021	0.0000	0.0000	0.0000	0.0000	0.0000	0.0000	0.0000	0.0000	0.0000	0.0060	0.0003	0.0058	0.0002	0.0002	0.0000	0.0058	0.0000	0.0058	0.0001	0.0001	0.0000	0.0000	0.0000	0.0000	0.0001	0.0001	0.0000	0.0795	0.0458	0.0337	0.0179	0.0172	0.0008	0.0616	0.0287	0.0329	0.0000	0.0000	0.0000	0.0000	0.0000	0.0000	0.0000	0.0000	0.0000	0.0757	0.0055	0.1714	0.0128	0.0124	0.0214	0.0941	0.0014	0.1749	
7	92	0.1532	7	1	1	0	0	0	0	0	0	N	N	N	N	N	N	N	N	N	N	N	N	1.6781	0.7876	14.6512	3.6693	8.7875	2.1904	1.1872	0.4145	16.4565	3.1150	1.9137	10.8634	0.6295	0.5422	2.0467	3.6652	2.2507	11.6131	1.8563	2.4297	0.7415	0.1716	0.0617	0.9344	3.0873	5.4304	0.7057	0.8800	0.1570	-0.0941	-0.5773	3.0003	24.8682	13.2183	39.8855	1.1746	0.6248	0.5498	0.0430	0.0349	0.0081	1.1316	0.5899	0.5417	1.2050	1.0415	0.1635	0.0470	0.0148	0.0322	1.1580	1.0267	0.1313	0.3771	0.3265	0.0506	0.0683	0.0644	0.0040	0.3087	0.2621	0.0466	0.6492	0.4287	0.2205	0.2741	0.2396	0.0345	0.3751	0.1891	0.1860	1.6781	0.7876	14.6512	3.6693	8.7875	2.1904	1.1872	0.4145	16.4565	1.8563	2.4297	0.7415	0.1716	0.0617	0.9344	3.0873	5.4304	0.7057
8	9	0.0920	9	1	0	2	0	0	0	0	0	N	N	Y	N	N	N	N	N	N	N	N	N	0.0000	0.0000	0.0000	0.0002	0.0000	0.0051	0.0000	0.0000	0.0000	0.0000	0.0000	0.0000	0.0000	0.0000	0.0000	0.0000	0.0000	0.0000	6.2293	0.3107	25.6477	0.0087	0.0092	0.0040	9.2362	0.5896	28.9133	inf	31.5554	0.0000	0.3654	1.0034	7.0042	8.6617	16.5712	0.0000	0.0000	0.0000	0.0000	0.0000	0.0000	0.0000	0.0000	0.0000	1.0308	0.0317	0.9991	0.0005	0.0004	0.0000	1.0303	0.0312	0.9991	0.0331	0.0282	0.0049	0.0021	0.0019	0.0002	0.0310	0.0263	0.0047	0.1655	0.1019	0.0636	0.0539	0.0490	0.0050	0.1115	0.0529	0.0586	0.0000	0.0000	0.0000	0.0002	0.0000	0.0051	0.0000	0.0000	0.0000	6.2293	0.3107	15.7184	0.0087	0.0092	0.0040	9.2362	0.5896	17.0459
8	10	0.0447	5	2	1	1	0	0	0	0	0	Y	N	N	N	N	N	N	N	N	N	N	N	0.0000	0.0000	0.0000	0.0000	0.0000	0.0000	0.0000	0.0000	0.0000	0.0000	0.0000	0.0000	0.0000	0.0000	0.0000	0.0000	0.0000	0.0000	0.0000	0.0000	0.0000	0.0000	0.0000	0.0000	inf	0.0000	0.0000	1.0034	2.0043	8.6617	5.1253	0.0000	0.0000	0.0000	0.0000	0.0000	0.0000	0.0000	0.0000	0.0000	0.0000	0.0000	0.0000	0.0000	0.0000	0.0000	0.0000	0.0000	0.0000	0.0104	0.0088	0.0016	0.0005	0.0005	0.0000	0.0099	0.0083	0.0016	0.0804	0.0490	0.0314	0.0224	0.0217	0.0007	0.0579	0.0272	0.0307	0.0000	0.0000	0.0000	0.0000	0.0000	0.0000	0.0000	0.0000	0.0000	0.0000	0.0000	0.0000	0.0000	0.0000	0.0000	0.0000	0.0000	0.0000				
8	11	0.0603	9	1	1	1	0	0	0	0	0	N	N	N	N	N	N	N	N	N	N	N	N	0.0000	0.0000	0.0000	0.0000	0.0000	0.0000	0.0000	0.0000	0.0000	0.0000	0.0000	0.0000	0.0000	0.0000	0.0000	0.0000	0.0000	0.0000	7.3742	11.8274	0.0744	0.0068	0.0073	0.0026	10.5935	21.2458	0.0802	0.0038	0.0000	-0.6102	1.0034	3.0002	8.6617	13.3035	0.0000	0.0000	0.0000	0.0000	0.0000	0.0000	0.0000	0.0000	0.0000	0.9988	0.9950	0.0038	0.0003	0.0003	0.0000	0.9985	0.9947	0.0038	0.0145	0.0122	0.0023	0.0003	0.0003	0.0000	0.0142	0.0119	0.0023	0.1354	0.0841	0.0513	0.0412	0.0373	0.0039	0.0943	0.0468	0.0474	0.0000	0.0000	0.0000	0.0000	0.0000	0.0000	0.0000	0.0000	0.0000	7.3742	11.8274	0.0744	0.0068	0.0073	0.0026	10.5935	21.2458	0.0802	
8	12	0.1106	14	1	1	1	1	0	0	0	0	N	N	N	N	N	N	N	N	N	N	N	N	0.0000	0.0000	0.0000	0.0000	0.0000	0.0000	0.0000	0.0000	0.0000	0.0000	0.0000	0.0000	0.0000	0.0000	0.0000	0.0000	0.0000	0.0000	0.0000	0.0000	1.0034	1.0000	8.6617	2.2091	0.0000	0.0000	0.0000	0.0000	0.0000	0.0000	0.0000	0.0000	0.0000	0.0000	0.0000	0.0000	0.0000	0.0000	0.0000	0.0000	0.0000	0.0000	0.0049	0.0042	0.0008	0.0004	0.0003	0.0000	0.0046	0.0038	0.0007	0.0221	0.0139	0.0082	0.0079	0.0071	0.0009	0.0142	0.0068	0.0073	0.0000	0.0000	0.0000	0.0000	0.0000	0.0000	0.0000	0.0000	0.0000	0.0000	0.0000	0.0000	0.0000	0.0000	0.0000	0.0000	0.0000	0.0000											
8	13	0.1093	13	1	0	1	1	0	0	0	0	N	N	N	N	N	N	N	N	N	N	N	N	0.9801	0.8025	0.0000	0.0000	inf	inf	0.0000	0.0000	0.0000	0.0000	0.0000	0.0000	0.0000	0.0000	0.0000	0.0000	0.0000	0.0000	0.0000	0.0000	0.0000	0.0000	0.0000	0.0000	0.0000	0.1081	-0.0000	-0.0000	1.0034	1.0009	8.6617	1.2082	0.0000	0.0000	0.0000	0.0000	0.0000	0.0000	0.0000	0.0000	0.0000	0.0000	0.0000	0.0000	0.0000	0.0000	0.0000	0.0000	0.0000	0.0000	0.0049	0.0042	0.0008	0.0004	0.0003	0.0000	0.0046	0.0038	0.0007	0.0141	0.0088	0.0053	0.0049	0.0043	0.0006	0.0092	0.0045	0.0047	0.9801	0.8025	0.0000	0.0000	0.0000	0.0000	inf	inf	0.0000	0.0000	0.0000	0.0000	0.0000	0.0000	0.0000	0.0000	0.0000	0.0000			
8	14	0.0550	7	1	1	1	0	0	0	0	0	N	N	N	N	N	N	N	N	N	N	N	N	0.0000	0.0000	0.0000	0.0000	0.0000	0.0000	0.0000	0.0000	0.0000	0.0000	0.0000	0.0000	0.0000	0.0000	0.0000	0.0000	0.0000	0.0018	0.0003	0.0037	0.0017	0.0010	0.0065	0.0019	0.0000	0.0035	8.9274	0.0000	0.0001	1.0034	3.0000	8.6617	13.0223	0.0000	0.0000	0.0000	0.0000	0.0000	0.0000	0.0000	0.0000	0.0000	0.0002	0.0000	0.0002	0.0000	0.0000	0.0000	0.0002	0.0000	0.0002	0.0143	0.0120	0.0023	0.0002	0.0002	0.0000	0.0141	0.0119	0.0022	0.1088	0.0609	0.0479	0.0236	0.0206	0.0031	0.0851	0.0403	0.0448	0.0000	0.0000	0.0000	0.0000	0.0000	0.0000	0.0000	0.0000	0.0000	0.0018	0.0003	0.0037	0.0017	0.0010	0.0065	0.0019	0.0000	0.0035		
8	15	0.1093	13	1	0	1	1	0	0	0	0	N	N	N	N	N	N	N	N	N	N	N	N	0.4499	0.3688	0.0000	0.0000	inf	inf	0.0000	0.0000	0.0000	0.0000	0.0000	0.0000	0.0000	0.0000	0.0000	0.0000	0.0000	0.0000	0.0000	0.0000	0.0000	0.0000	0.0000	0.0000	0.0000	0.1081	-0.0000	-0.0000	1.0034	0.9991	8.6617	0.0040	0.0000	0.0000	0.0000	0.0000	0.0000	0.0000	0.0000	0.0000	0.0000	0.0000	0.0000	0.0000	0.0000	0.0000	0.0000	0.0000	0.0000	0.0000	0.0049	0.0042	0.0008	0.0004	0.0003	0.0000	0.0046	0.0038	0.0007	0.0065	0.0041	0.0024	0.0023	0.0020	0.0003	0.0042	0.0021	0.0022	0.4499	0.3688	0.0000	0.0000	0.0000	0.0000	inf	inf	0.0000	0.0000	0.0000	0.0000	0.0000	0.0000	0.0000	0.0000	0.0000	0.0000			
8	16	0.0963	12	1	0	1	1	0	0	0	0	N	N	N	N	N	N	N	N	N	N	N	N	3.4067	2.5659	0.0089	0.3771	0.3715	0.0000	19.6238	11.7175	0.5205	0.0087	0.0102	0.0000	0.0026	0.0028	0.0000	0.0095	0.0113	0.0000	0.0025	0.0040	0.0002	0.0070	0.0076	0.0018	0.0005	0.0010	0.0000	0.0000	0.0225	-0.0001	-0.0003	1.0034	5.0907	8.6617	19.6153	0.0002	0.0002	0.0000	0.0000	0.0000	0.0000	0.0002	0.0002	0.0000	0.0005	0.0005	0.0000	0.0004	0.0004	0.0000	0.0001	0.0001	0.0000	0.0273	0.0232	0.0040	0.0033	0.0031	0.0002	0.0240	0.0201	0.0038	0.1811	0.1137	0.0675	0.0574	0.0518	0.0056	0.1238	0.0619	0.0619	3.4067	2.5659	0.0089	0.3771	0.3715	0.0000	19.6238	11.7175	0.5205	0.0025	0.0040	0.0002	0.0070	0.0076	0.0018	0.0005	0.0010	0.0000
8	17	0.0747	6	2	0	2	0	0	0	0	0	Y	N	Y	N	N	N	N	N	N	N	N	N	0.0000	0.0000	0.0000	0.0000	0.0000	0.0000	0.0000	0.0000	0.0000	0.0000	0.0000	0.0000	0.0000	0.0000	0.0000	0.0000	0.0000	0.0000	0.0000	0.0000	0.0000	0.0000	0.0000	0.0000	0.0000	4.7746	0.0000	0.0000	1.0034	1.0000	8.6617	1.0003	0.0000	0.0000	0.0000	0.0000	0.0000	0.0000	0.0000	0.0000	0.0000	0.0000	0.0000	0.0000	0.0000	0.0000	0.0000	0.0000	0.0000	0.0000	0.0047	0.0040	0.0008	0.0002	0.0001	0.0000	0.0046	0.0038	0.0008	0.0136	0.0075	0.0061	0.0023	0.0021	0.0002	0.0113	0.0054	0.0059	0.0000	0.0000	0.0000	0.0000	0.0000	0.0000	0.0000	0.0000	0.0000	0.0000	0.0000	0.0000	0.0000	0.0000	0.0000	0.0000	0.0000	0.0000			
8	18	0.0875	6	1	1	1	0	0	0	0	0	N	N	N	N	N	N	N	N	N	N	N	N	0.0000	0.0000	0.0000	0.0000	0.0000	0.0000	0.0000	0.0000	0.0000	0.0000	0.0000	0.0000	0.0000	0.0000	0.0000	0.0000	0.0000	0.0000	6.1562	0.0011	37.3817	0.0020	0.0007	0.0222	10.3278	0.0016	44.1065	7855.8520	0.0000	0.3443	1.0034	0.0005	8.6617	9.9413	0.0000	0.0000	0.0000	0.0000	0.0000	0.0000	0.0000	0.0000	0.0000	0.8940	0.0001	0.8938	0.0001	0.0000	0.0001	0.8938	0.0001	0.8938	0.0026	0.0024	0.0002	0.0013	0.0013	0.0000	0.0013	0.0011	0.0002	0.1452	0.1015	0.0437	0.0587	0.0551	0.0036	0.0865	0.0464	0.0402	0.0000	0.0000	0.0000	0.0000	0.0000	0.0000	0.0000	0.0000	0.0000	6.1562	0.0011	20.4384	0.0020	0.0007	0.0222	10.3278	0.0016	22.2470	
8	19	0.0447	5	2	1	1	0	0	0	0	0	Y	N	N	N	N	N	N	N	N	N	N	N	0.0000	0.0001	0.0000	0.0000	0.0010	0.0000	0.0000	0.0000	0.0000	0.0000	0.0000	0.0000	0.0000	0.0000	0.0000	0.0000	0.0000	0.0000	5.7131	0.0013	18.9458	0.5244	0.0040	53.0651	6.9728	0.0000	18.3726	0.2500	7676.4735	-0.0000	0.3466	1.0034	4.7901	8.6617	15.0000	0.0000	0.0000	0.0000	0.0000	0.0000	0.0000	0.0000	0.0000	0.0000	0.9001	0.0001	0.9000	0.0161	0.0001	0.0160	0.8840	0.0000	0.8840	0.0235	0.0199	0.0036	0.0007	0.0007	0.0000	0.0227	0.0191	0.0036	0.1576	0.0899	0.0676	0.0308	0.0294	0.0014	0.1268	0.0605	0.0662	0.0000	0.0001	0.0000	0.0000	0.0010	0.0000	0.0000	0.0000	0.0000	5.7131	0.0013	13.3115	0.5244	0.0040	11.6867	6.9728	0.0000	13.3451
8	20	0.0417	4	2	1	1	0	0	0	0	0	Y	N	N	N	N	N	N	N	N	N	N	N	0.0000	0.0000	0.0000	0.0000	0.0000	0.0000	0.0000	0.0000	0.0000	0.0000	0.0000	0.0000	0.0000	0.0000	0.0000	0.0000	0.0000	0.0000	2.8584	0.7531	5.3839	0.0628	0.0527	0.3372	3.4710	1.0795	5.4558	0.0000	5.9594	-0.0000	0.0263	1.0034	1.2170	8.6617	3.4655	0.0000	0.0000	0.0000	0.0000	0.0000	0.0000	0.0000	0.0000	0.0000	0.1090	0.0157	0.0934	0.0004	0.0003	0.0001	0.1086	0.0153	0.0933	0.0060	0.0050	0.0009	0.0001	0.0001	0.0000	0.0058	0.0049	0.0009	0.0381	0.0208	0.0173	0.0069	0.0066	0.0002	0.0313	0.0142	0.0171	0.0000	0.0000	0.0000	0.0000	0.0000	0.0000	0.0000	0.0000	0.0000	2.8584	0.7531	5.3839	0.0628	0.0527	0.3372	3.4710	1.0795	5.4558
8	21	0.0550	6	1	1	1	0	0	0	0	0	N	N	N	N	N	N	N	N	N	N	N	N	0.0000	0.0000	0.0000	0.0000	0.0000	0.0000	0.0000	0.0000	0.0000	0.0000	0.0000	0.0000	0.0000	0.0000	0.0000	0.0000	0.0000	10.9557	0.0013	55.1480	0.0053	0.0038	0.0147	13.3443	0.0000	60.0421	14318.6813	0.0000	0.3846	1.0034	2.0000	8.6617	11.9921	0.0000	0.0000	0.0000	0.0000	0.0000	0.0000	0.0000	0.0000	0.0000	0.9984	0.0001	0.9983	0.0001	0.0001	0.0000	0.9982	0.0000	0.9982	0.0096	0.0081	0.0015	0.0001	0.0001	0.0000	0.0094	0.0079	0.0015	0.0957	0.0535	0.0421	0.0209	0.0182	0.0027	0.0748	0.0354	0.0394	0.0000	0.0000	0.0000	0.0000	0.0000	0.0000	0.0000	0.0000	0.0000	10.4341	0.0013	23.6924	0.0053	0.0038	0.0147	13.3443	0.0000	25.3191		
8	22	0.0417	4	1	1	1	0	0	0	0	0	N	N	N	N	N	N	N	N	N	N	N	N	0.0000	0.0000	0.0000	0.0000	0.0000	0.0000	0.0000	0.0000	0.0000	0.0000	0.0000	0.0000	0.0000	0.0000	0.0000	0.0000	0.0000	0.0069	0.0125	0.0004	0.0511	0.0541	0.0000	0.0002	0.0000	0.0004	0.0256	0.0000	-0.0005	1.0034	2.9966	8.6617	14.0927	0.0000	0.0000	0.0000	0.0000	0.0000	0.0000	0.0000	0.0000	0.0000	0.0008	0.0008	0.0000	0.0008	0.0008	0.0000	0.0000	0.0000	0.0000	0.0144	0.0122	0.0023	0.0002	0.0002	0.0000	0.0142	0.0120	0.0023	0.1166	0.0625	0.0542	0.0153	0.0145	0.0009	0.1013	0.0480	0.0533	0.0000	0.0000	0.0000	0.0000	0.0000	0.0000	0.0000	0.0000	0.0000	0.0069	0.0125	0.0004	0.0511	0.0541	0.0000	0.0002	0.0000	0.0004		
8	23	0.1053	11	1	1	2	1	0	0	0	0	N	N	Y	N	N	N	N	N	N	N	N	N	60.1989	55.3183	65.7573	63.0526	0.1238	0.1708	0.0000	0.3572	0.3609	0.0000	0.0000	0.0000	0.0000	0.0021	0.0031	0.0000	0.0054	0.0057	0.0000	0.0000	0.0000	0.0000	0.0000	0.0000	-0.0002	-0.0000	1.0034	0.3092	8.6617	0.1355	0.0004	0.0004	0.0000	0.0004	0.0004	0.0000	0.0000	0.0000	0.0000	0.0000	0.0000	0.0000	0.0000	0.0000	0.0000	0.0000	0.0000	0.0000	0.0036	0.0026	0.0010	0.0013	0.0012	0.0000	0.0024	0.0014	0.0010	0.0048	0.0032	0.0016	0.0018	0.0017	0.0001	0.0030	0.0015	0.0015	60.1989	55.3183	0.0000	65.7573	63.0526	0.0000	0.0000	0.0000	0.0000	0.0021	0.0031	0.0000	0.0054	0.0057	0.0000	0.0000	0.0000	0.0000					
8	24	0.0946	10	1	0	1	1	0	0	0	0	N	N	N	N	N	N	N	N	N	N	N	N	0.0039	79.9297	0.0000	93.4501	212.4157	0.0000	0.0000	0.0000	0.0000	0.0355	0.0415	0.0000	0.2697	0.2837	0.0000	0.0000	0.0000	0.0000	9.2084	0.0005	46.2159	0.0029	0.0013	0.0129	12.5575	0.0000	53.7103	0.0001	29820.2847	-0.0005	0.3839	1.0034	6.2779	8.6617	13.9173	0.0010	0.0010	0.0000	0.0010	0.0010	0.0000	0.0000	0.0000	0.0000	0.9966	0.0000	0.9966	0.0001	0.0000	0.0000	0.9965	0.0000	0.9965	0.0282	0.0241	0.0040	0.0037	0.0035	0.0002	0.0245	0.0206	0.0039	0.1082	0.0644	0.0438	0.0289	0.0250	0.0039	0.0794	0.0394	0.0400	0.0039	79.9297	0.0000	93.4501	212.4157	0.0000	0.0000	0.0000	0.0000	9.2084	0.0005	22.7356	0.0029	0.0013	0.0129	12.5575	0.0000	24.9268
8	25	0.0837	7	1	1	1	0	0	0	0	0	N	N	N	N	N	N	N	N	N	N	N	N	0.0000	0.0002	0.0000	0.0010	0.0012	0.0000	0.0000	0.0000	0.0000	0.0000	0.0000	0.0000	0.0000	0.0000	0.0000	0.0000	0.0000	0.0000	0.0442	0.0073	0.1027	0.0120	0.0098	0.0281	0.0586	0.0053	0.1105	0.0000	8.8993	-0.0000	0.0020	1.0034	3.8932	8.6617	15.3303	0.0000	0.0000	0.0000	0.0000	0.0000	0.0000	0.0000	0.0000	0.0000	0.0069	0.0007	0.0062	0.0006	0.0004	0.0002	0.0063	0.0003	0.0060	0.0210	0.0180	0.0030	0.0022	0.0022	0.0001	0.0188	0.0158	0.0030	0.1556	0.0955	0.0601	0.0481	0.0424	0.0057	0.1075	0.0531	0.0544	0.0000	0.0002	0.0000	0.0010	0.0012	0.0000	0.0000	0.0000	0.0000	0.0442	0.0073	0.1027	0.0120	0.0098	0.0281	0.0586	0.0053	0.1105
8	26	0.0895	9	1	1	1	1	0	0	0	0	N	N	N	N	N	N	N	N	N	N	N	N	0.0000	0.0000	0.0000	0.0000	0.0000	0.0000	0.0000	0.0000	0.0000	0.0000	0.0000	0.0000	0.0000	0.0000	0.0000	0.0000	0.0000	0.0001	0.0002	0.0000	0.0004	0.0004	0.0002	0.0000	0.0000	0.0000	0.0419	0.0000	-0.0000	1.0034	4.2937	8.6617	9.5692	0.0000	0.0000	0.0000	0.0000	0.0000	0.0000	0.0000	0.0000	0.0000	0.0000	0.0000	0.0000	0.0000	0.0000	0.0000	0.0000	0.0000	0.0000	0.0251	0.0216	0.0035	0.0043	0.0042	0.0001	0.0207	0.0174	0.0033	0.1027	0.0613	0.0414	0.0322	0.0294	0.0028	0.0705	0.0319	0.0386	0.0000	0.0000	0.0000	0.0000	0.0000	0.0000	0.0000	0.0000	0.0000	0.0001	0.0002	0.0000	0.0004	0.0004	0.0002	0.0000	0.0000	0.0000		
8	27	0.0749	5	2	1	1	0	0	0	0	0	Y	N	N	N	N	N	N	N	N	N	N	N	0.0000	0.0000	0.0000	0.0000	0.0000	0.0000	0.0000	0.0000	0.0000	0.0000	0.0000	0.0000	0.0000	0.0000	0.0000	0.0000	0.0000	0.0000	6.3765	5.8557	7.0733	0.0166	0.0174	0.0104	7.9697	8.4835	7.4690	0.9029	0.0000	-0.2643	1.0034	16.0000	8.6617	34.8566	0.0000	0.0000	0.0000	0.0000	0.0000	0.0000	0.0000	0.0000	0.0000	1.8840	0.9901	0.8939	0.0010	0.0009	0.0001	1.8830	0.9892	0.8939	0.0724	0.0613	0.0111	0.0033	0.0032	0.0002	0.0691	0.0581	0.0110	0.2955	0.1691	0.1264	0.0592	0.0525	0.0067	0.2363	0.1166	0.1197	0.0000	0.0000	0.0000	0.0000	0.0000	0.0000	0.0000	0.0000	0.0000	6.3765	5.8557	7.0733	0.0166	0.0174	0.0104	7.9697	8.4835	7.4690	
8	28	0.1048	13	1	0	2	0	0	0	0	0	N	N	Y	N	N	N	N	N	N	N	N	N	0.0000	0.0000	0.0000	0.0000	0.0000	0.0000	0.0000	0.0000	0.0000	0.0000	0.0000	0.0000	0.0000	0.0000	0.0000	0.0000	0.0000	0.0000	0.0000	0.0000	1.0034	0.0000	8.6617	3.0088	0.0000	0.0000	0.0000	0.0000	0.0000	0.0000	0.0000	0.0000	0.0000	0.0000	0.0000	0.0000	0.0000	0.0000	0.0000	0.0000	0.0000	0.0000	0.0000	0.0000	0.0000	0.0000	0.0000	0.0000	0.0000	0.0000	0.0000	0.0168	0.0103	0.0065	0.0066	0.0054	0.0012	0.0101	0.0049	0.0053	0.0000	0.0000	0.0000	0.0000	0.0000	0.0000	0.0000	0.0000	0.0000	0.0000	0.0000	0.0000	0.0000	0.0000	0.0000	0.0000	0.0000	0.0000											
8	29	0.0925	10	1	1	1	0	0	0	0	0	N	N	N	N	N	N	N	N	N	N	N	N	0.0027	0.0004	1.7495	0.0021	0.0020	0.0000	0.5237	1.6761	0.0000	0.0000	0.0000	0.0000	0.0000	0.0000	0.0000	0.0000	0.0000	0.0007	0.0012	0.0000	0.0027	0.0031	0.0000	0.0000	0.0000	0.0000	4.3011	0.0034	0.0000	-0.0001	1.0034	5.0749	8.6617	14.8264	0.0000	0.0000	0.0000	0.0000	0.0000	0.0000	0.0000	0.0000	0.0000	0.0001	0.0001	0.0000	0.0001	0.0001	0.0000	0.0000	0.0000	0.0000	0.0246	0.0208	0.0038	0.0017	0.0016	0.0001	0.0230	0.0193	0.0037	0.1242	0.0732	0.0510	0.0338	0.0295	0.0043	0.0904	0.0437	0.0467	0.0027	0.0004	1.7495	0.0021	0.0020	0.0000	0.5237	0.0000	1.6761	0.0007	0.0012	0.0000	0.0027	0.0031	0.0000	0.0000	0.0000	0.0000	
8	30	0.0417	4	2	0	2	0	0	0	0	0	Y	N	Y	N	N	N	N	N	N	N	N	N	0.0000	0.0000	0.0000	0.0000	0.0000	0.0000	0.0000	0.0000	0.0000	0.0000	0.0000	0.0000	0.0000	0.0000	0.0000	0.0058	0.0108	0.0000	0.0453	0.0480	0.0000	0.0000	0.0000	0.0000	0.0000	0.0000	-0.0005	1.0034	5.9956	8.6617	15.0927	0.0000	0.0000	0.0000	0.0000	0.0000	0.0000	0.0000	0.0000	0.0000	0.0008	0.0008	0.0000	0.0008	0.0008	0.0000	0.0000	0.0000	0.0000	0.0284	0.0239	0.0045	0.0004	0.0003	0.0000	0.0280	0.0236	0.0044	0.1408	0.0753	0.0655	0.0180	0.0169	0.0010	0.1228	0.0584	0.0644	0.0000	0.0000	0.0000	0.0000	0.0000	0.0000	0.0000	0.0000	0.0000	0.0058	0.0108	0.0000	0.0453	0.0480	0.0000	0.0000	0.0000	0.0000				
8	31	0.0946	10	1	1	1	0	0	0	0	0	N	N	N	N	N	N	N	N	N	N	N	N	0.0010	0.0000	138.1116	0.0000	0.0000	0.0000	311.9266	1164.0496	0.0000	0.0000	0.0002	0.0000	0.0000	0.0000	0.0000	0.0000	0.0002	0.0313	0.0524	0.0000	0.1128	0.1289	0.0000	0.0000	0.0000	0.0000	inf	0.0000	0.0000	-0.0010	1.0034	1.4218	8.6617	7.0463	0.0000	0.0000	0.0000	0.0000	0.0000	0.0000	0.0000	0.0000	0.0000	0.0016	0.0016	0.0000	0.0016	0.0016	0.0000	0.0000	0.0000	0.0000	0.0081	0.0070	0.0011	0.0015	0.0015	0.0000	0.0066	0.0055	0.0011	0.0511	0.0305	0.0206	0.0142	0.0124	0.0018	0.0369	0.0181	0.0188	0.0010	0.0000	138.1116	0.0000	0.0000	0.0000	311.9266	0.0000	1164.0496	0.0313	0.0524	0.0000	0.1128	0.1289	0.0000	0.0000	0.0000	0.0000	
8	32	0.0895	9	1	0	1	0	0	0	0	0	N	N	N	N	N	N	N	N	N	N	N	N	0.0003	0.0006	0.0000	0.0017	0.0016	0.0000	0.0000	0.0000	0.0000	0.0000	0.0000	0.0000	0.0001	0.0001	0.0000	0.0000	0.0000	0.0000	0.0321	0.0209	0.0485	0.0361	0.0391	0.0003	0.0301	0.0021	0.0517	0.0073	1.5811	-0.0000	-0.0000	1.0034	4.3312	8.6617	5.5221	0.0000	0.0000	0.0000	0.0000	0.0000	0.0000	0.0000	0.0000	0.0000	0.0025	0.0010	0.0016	0.0009	0.0009	0.0000	0.0016	0.0000	0.0016	0.0252	0.0218	0.0035	0.0044	0.0042	0.0001	0.0209	0.0175	0.0034	0.0795	0.0473	0.0322	0.0260	0.0240	0.0020	0.0535	0.0233	0.0302	0.0003	0.0006	0.0000	0.0017	0.0016	0.0000	0.0000	0.0000	0.0000	0.0321	0.0209	0.0485	0.0361	0.0391	0.0003	0.0301	0.0021	0.0517
8	33	0.0870	8	1	0	1	0	0	0	0	0	N	N	N	N	N	N	N	N	N	N	N	N	0.0001	0.0000	0.0010	0.0001	0.0001	0.0000	0.0003	0.0000	0.0030	0.0000	0.0000	0.0000	0.0000	0.0000	0.0000	0.0000	0.0000	0.0000	0.0112	0.0175	0.0025	0.0358	0.0377	0.0216	0.0015	0.0022	0.0009	1.0121	0.1041	-0.0000	-0.0003	1.0034	4.2685	8.6617	3.7703	0.0000	0.0000	0.0000	0.0000	0.0000	0.0000	0.0000	0.0000	0.0000	0.0006	0.0006	0.0001	0.0005	0.0005	0.0000	0.0001	0.0000	0.0000	0.0234	0.0201	0.0033	0.0028	0.0027	0.0001	0.0206	0.0174	0.0032	0.0542	0.0315	0.0226	0.0154	0.0135	0.0018	0.0388	0.0180	0.0208	0.0001	0.0000	0.0010	0.0001	0.0001	0.0000	0.0003	0.0000	0.0030	0.0112	0.0175	0.0025	0.0358	0.0377	0.0216	0.0015	0.0022	0.0009
8	34	0.0417	4	2	0	2	0	0	0	0	0	Y	N	Y	N	N	N	N	N	N	N	N	N	0.0000	0.0000	0.0000	0.0000	0.0000	0.0000	0.0000	0.0000	0.0000	0.0000	0.0000	0.0000	0.0000	0.0000	0.0000	0.0061	0.0114	0.0000	0.0464	0.0492	0.0000	0.0002	0.0004	0.0000	0.0000	0.0000	-0.0005	1.0034	4.9966	8.6617	15.0870	0.0000	0.0000	0.0000	0.0000	0.0000	0.0000	0.0000	0.0000	0.0000	0.0008	0.0008	0.0000	0.0008	0.0008	0.0000	0.0000	0.0000	0.0000	0.0238	0.0200	0.0037	0.0003	0.0003	0.0000	0.0235	0.0197	0.0037	0.1348	0.0721	0.0627	0.0173	0.0163	0.0010	0.1175	0.0558	0.0617	0.0000	0.0000	0.0000	0.0000	0.0000	0.0000	0.0000	0.0000	0.0000	0.0061	0.0114	0.0000	0.0464	0.0492	0.0000	0.0002	0.0004	0.0000				
8	35	0.1048	13	1	1	1	0	0	0	0	0	N	N	N	N	N	N	N	N	N	N	N	N	0.0000	0.0000	0.0000	0.0000	0.0000	0.0000	0.0000	0.0000	0.0000	0.0000	0.0000	0.0000	0.0000	0.0000	0.0000	0.0000	0.0000	0.0000	0.0000	0.0000	1.0034	1.0000	8.6617	1.0102	0.0000	0.0000	0.0000	0.0000	0.0000	0.0000	0.0000	0.0000	0.0000	0.0000	0.0000	0.0000	0.0000	0.0000	0.0000	0.0000	0.0000	0.0000	0.0043	0.0037	0.0006	0.0003	0.0003	0.0000	0.0040	0.0034	0.0006	0.0113	0.0069	0.0044	0.0045	0.0036	0.0008	0.0068	0.0033	0.0035	0.0000	0.0000	0.0000	0.0000	0.0000	0.0000	0.0000	0.0000	0.0000	0.0000	0.0000	0.0000	0.0000	0.0000	0.0000	0.0000	0.0000	0.0000											
8	36	0.1048	12	1	0	1	0	0	0	0	0	N	N	N	N	N	N	N	N	N	N	N	N	0.0000	0.0000	0.0000	0.0000	0.0000	0.0000	0.0000	0.0000	0.0000	0.0000	0.0000	0.0000	0.0000	0.0000	0.0000	0.0000	0.0000	0.0000	0.0000	0.0000	1.0034	0.0000	8.6617	0.0263	0.0000	0.0000	0.0000	0.0000	0.0000	0.0000	0.0000	0.0000	0.0000	0.0000	0.0000	0.0000	0.0000	0.0000	0.0000	0.0000	0.0000	0.0000	0.0000	0.0000	0.0000	0.0000	0.0000	0.0000	0.0000	0.0000	0.0000	0.0003	0.0002	0.0001	0.0001	0.0001	0.0000	0.0002	0.0001	0.0001	0.0000	0.0000	0.0000	0.0000	0.0000	0.0000	0.0000	0.0000	0.0000	0.0000	0.0000	0.0000	0.0000	0.0000	0.0000	0.0000	0.0000	0.0000											
8	37	0.0747	5	2	1	2	0	0	0	0	0	Y	N	Y	N	N	N	N	N	N	N	N	N	0.0000	0.0000	0.0000	0.0000	0.0000	0.0000	0.0000	0.0000	0.0000	0.0000	0.0000	0.0000	0.0000	0.0000	0.0000	0.0000	0.0000	0.0000	0.0000	0.0000	0.0000	0.0000	0.0000	0.0000	0.0000	4.7746	0.0000	0.0000	1.0034	3.0000	8.6617	5.0002	0.0000	0.0000	0.0000	0.0000	0.0000	0.0000	0.0000	0.0000	0.0000	0.0000	0.0000	0.0000	0.0000	0.0000	0.0000	0.0000	0.0000	0.0000	0.0141	0.0118	0.0023	0.0005	0.0004	0.0000	0.0136	0.0114	0.0022	0.0534	0.0296	0.0238	0.0090	0.0083	0.0007	0.0443	0.0213	0.0230	0.0000	0.0000	0.0000	0.0000	0.0000	0.0000	0.0000	0.0000	0.0000	0.0000	0.0000	0.0000	0.0000	0.0000	0.0000	0.0000	0.0000	0.0000			
8	38	0.1086	9	2	1	1	0	0	0	0	0	Y	N	N	N	N	N	N	N	N	N	N	N	1.0278	0.8633	0.0000	0.0000	inf	inf	0.0098	0.0110	0.0000	0.0000	0.0000	0.0000	0.0179	0.0209	0.0000	0.0096	0.0127	0.0000	0.0203	0.0205	0.0000	0.0000	0.0000	0.0000	0.0000	0.0000	-0.0000	-0.0000	1.0034	0.0001	8.6617	0.1668	0.0000	0.0000	0.0000	0.0000	0.0000	0.0000	0.0000	0.0000	0.0000	0.0001	0.0001	0.0000	0.0001	0.0001	0.0000	0.0000	0.0000	0.0000	0.0000	0.0000	0.0000	0.0000	0.0000	0.0000	0.0000	0.0000	0.0000	0.0082	0.0062	0.0020	0.0039	0.0038	0.0000	0.0043	0.0023	0.0020	1.0278	0.8633	0.0000	0.0000	0.0000	0.0000	inf	inf	0.0000	0.0096	0.0127	0.0000	0.0203	0.0205	0.0000	0.0000	0.0000	0.0000			
8	39	0.0963	12	1	0	1	1	0	0	0	0	N	N	N	N	N	N	N	N	N	N	N	N	0.0000	0.0000	0.0000	0.0000	0.0000	0.0000	0.0000	0.0000	0.0000	0.0000	0.0000	0.0000	0.0000	0.0000	0.0000	0.0000	0.0000	0.0000	0.0201	0.0305	0.0003	0.0052	0.0054	0.0038	0.0283	0.0556	0.0000	0.0057	0.0000	-0.0013	1.0034	1.7673	8.6617	9.0239	0.0000	0.0000	0.0000	0.0000	0.0000	0.0000	0.0000	0.0000	0.0000	0.0021	0.0020	0.0000	0.0002	0.0002	0.0000	0.0019	0.0019	0.0000	0.0115	0.0099	0.0016	0.0023	0.0022	0.0001	0.0091	0.0077	0.0015	0.1021	0.0671	0.0350	0.0362	0.0336	0.0026	0.0659	0.0335	0.0324	0.0000	0.0000	0.0000	0.0000	0.0000	0.0000	0.0000	0.0000	0.0000	0.0201	0.0305	0.0003	0.0052	0.0054	0.0038	0.0283	0.0556	0.0000	
8	40	0.0939	11	1	0	1	1	0	0	0	0	N	N	N	N	N	N	N	N	N	N	N	N	0.3173	0.2838	0.0072	0.0469	0.0551	0.0008	1.6849	1.4862	0.0283	0.0025	0.0029	0.0000	0.0011	0.0011	0.0000	0.0026	0.0031	0.0000	0.0078	0.0103	0.0043	0.0225	0.0201	0.0423	0.0016	0.0021	0.0011	0.0019	0.2900	-0.0000	-0.0002	1.0034	3.4690	8.6617	3.7419	0.0000	0.0000	0.0000	0.0000	0.0000	0.0000	0.0000	0.0000	0.0000	0.0004	0.0003	0.0001	0.0003	0.0003	0.0001	0.0001	0.0000	0.0000	0.0176	0.0149	0.0026	0.0015	0.0015	0.0001	0.0160	0.0135	0.0026	0.0517	0.0305	0.0212	0.0154	0.0138	0.0016	0.0362	0.0167	0.0195	0.3173	0.2838	0.0072	0.0469	0.0551	0.0008	1.6849	1.4862	0.0283	0.0078	0.0103	0.0043	0.0225	0.0201	0.0423	0.0016	0.0021	0.0011
8	41	0.0603	9	1	1	2	0	0	0	0	0	N	N	Y	N	N	N	N	N	N	N	N	N	0.0000	0.0000	0.0000	0.0000	0.0000	0.0000	0.0000	0.0000	0.0000	0.0000	0.0000	0.0000	0.0000	0.0000	0.0000	0.0000	0.0000	0.0000	0.0652	0.0075	0.1663	0.0198	0.0163	0.0580	0.0867	0.0000	0.1750	12.5811	0.0000	0.0021	1.0034	0.9997	8.6617	10.1790	0.0000	0.0000	0.0000	0.0000	0.0000	0.0000	0.0000	0.0000	0.0000	0.0067	0.0005	0.0062	0.0007	0.0005	0.0002	0.0060	0.0000	0.0060	0.0049	0.0041	0.0008	0.0001	0.0001	0.0000	0.0048	0.0040	0.0008	0.1023	0.0651	0.0372	0.0328	0.0301	0.0028	0.0695	0.0351	0.0344	0.0000	0.0000	0.0000	0.0000	0.0000	0.0000	0.0000	0.0000	0.0000	0.0652	0.0075	0.1663	0.0198	0.0163	0.0580	0.0867	0.0000	0.1750	
8	42	0.0592	8	1	1	1	0	0	0	0	0	N	N	N	N	N	N	N	N	N	N	N	N	0.0000	0.0000	0.0000	0.0000	0.0000	0.0000	0.0000	0.0000	0.0000	0.0000	0.0000	0.0000	0.0000	0.0000	0.0000	0.0000	0.0000	0.0000	0.0418	0.0680	0.0015	0.0040	0.0042	0.0007	0.0605	0.1345	0.0016	0.0144	0.0000	-0.0003	1.0034	0.0007	8.6617	0.9413	0.0000	0.0000	0.0000	0.0000	0.0000	0.0000	0.0000	0.0000	0.0000	0.0004	0.0004	0.0000	0.0000	0.0000	0.0000	0.0004	0.0004	0.0000	0.0000	0.0000	0.0000	0.0000	0.0000	0.0000	0.0000	0.0000	0.0000	0.0100	0.0060	0.0039	0.0033	0.0031	0.0002	0.0067	0.0030	0.0037	0.0000	0.0000	0.0000	0.0000	0.0000	0.0000	0.0000	0.0000	0.0000	0.0418	0.0680	0.0015	0.0040	0.0042	0.0007	0.0605	0.1345	0.0016	
8	43	0.0417	4	2	0	2	0	0	0	0	0	Y	N	Y	N	N	N	N	N	N	N	N	N	34.7095	22.0657	0.0000	286.0251	281.9707	0.0000	0.1743	0.2066	0.0000	10.5669	11.0003	0.0000	0.0000	0.0000	0.0000	0.0050	0.0094	0.0000	0.0369	0.0390	0.0000	0.0000	0.0000	0.0000	0.0000	0.0001	-0.0009	-0.0003	1.0034	1.9995	8.6617	12.0029	0.0017	0.0017	0.0000	0.0017	0.0017	0.0000	0.0000	0.0000	0.0000	0.0005	0.0005	0.0000	0.0005	0.0005	0.0000	0.0000	0.0000	0.0000	0.0097	0.0082	0.0015	0.0002	0.0002	0.0000	0.0095	0.0080	0.0015	0.0976	0.0523	0.0453	0.0133	0.0126	0.0007	0.0843	0.0398	0.0446	34.7095	22.0657	0.0000	286.0251	281.9707	0.0000	0.0000	0.0000	0.0000	0.0050	0.0094	0.0000	0.0369	0.0390	0.0000	0.0000	0.0000	0.0000			
8	44	0.0749	5	2	1	1	0	0	0	0	0	Y	N	N	N	N	N	N	N	N	N	N	N	0.0000	0.0000	0.0000	0.0000	0.0000	0.0000	0.0000	0.0000	0.0000	0.0000	0.0000	0.0000	0.0000	0.0000	0.0000	0.0000	0.0000	0.0000	0.0274	0.0183	0.0396	0.0108	0.0119	0.0020	0.0317	0.0213	0.0417	1.6162	0.0000	0.0000	1.0034	10.0000	8.6617	26.8440	0.0000	0.0000	0.0000	0.0000	0.0000	0.0000	0.0000	0.0000	0.0000	0.0062	0.0024	0.0038	0.0005	0.0005	0.0000	0.0057	0.0019	0.0038	0.0463	0.0392	0.0072	0.0021	0.0020	0.0001	0.0442	0.0372	0.0071	0.2250	0.1288	0.0962	0.0461	0.0411	0.0051	0.1788	0.0877	0.0911	0.0000	0.0000	0.0000	0.0000	0.0000	0.0000	0.0000	0.0000	0.0000	0.0274	0.0183	0.0396	0.0108	0.0119	0.0020	0.0317	0.0213	0.0417	
8	45	0.0592	8	1	1	1	0	0	0	0	0	N	N	N	N	N	N	N	N	N	N	N	N	0.0000	0.0000	0.0000	0.0000	0.0000	0.0000	0.0000	0.0000	0.0000	0.0000	0.0000	0.0000	0.0000	0.0000	0.0000	0.0000	0.0000	0.0000	0.0002	0.0003	0.0000	0.0007	0.0008	0.0001	0.0000	0.0000	0.0000	0.0118	0.0000	-0.0000	1.0034	3.0000	8.6617	5.0456	0.0000	0.0000	0.0000	0.0000	0.0000	0.0000	0.0000	0.0000	0.0000	0.0000	0.0000	0.0000	0.0000	0.0000	0.0000	0.0000	0.0000	0.0000	0.0145	0.0122	0.0023	0.0003	0.0003	0.0000	0.0142	0.0119	0.0023	0.0600	0.0349	0.0251	0.0158	0.0140	0.0018	0.0442	0.0209	0.0233	0.0000	0.0000	0.0000	0.0000	0.0000	0.0000	0.0000	0.0000	0.0000	0.0002	0.0003	0.0000	0.0007	0.0008	0.0001	0.0000	0.0000	0.0000	
8	46	0.0550	7	1	1	1	0	0	0	0	0	N	N	N	N	N	N	N	N	N	N	N	N	0.0000	0.0000	0.0000	0.0000	0.0000	0.0000	0.0000	0.0000	0.0000	0.0000	0.0000	0.0000	0.0000	0.0000	0.0000	0.0000	0.0000	0.0000	0.0099	0.0032	0.0186	0.0098	0.0066	0.0325	0.0100	0.0013	0.0177	4.5246	0.0000	0.0000	1.0034	2.0000	8.6617	1.0030	0.0000	0.0000	0.0000	0.0000	0.0000	0.0000	0.0000	0.0000	0.0000	0.0002	0.0000	0.0002	0.0000	0.0000	0.0000	0.0002	0.0000	0.0002	0.0096	0.0081	0.0015	0.0001	0.0001	0.0000	0.0094	0.0079	0.0015	0.0220	0.0124	0.0096	0.0051	0.0044	0.0006	0.0169	0.0080	0.0090	0.0000	0.0000	0.0000	0.0000	0.0000	0.0000	0.0000	0.0000	0.0000	0.0099	0.0032	0.0186	0.0098	0.0066	0.0325	0.0100	0.0013	0.0177	
8	47	0.0550	6	1	1	1	0	0	0	0	0	N	N	N	N	N	N	N	N	N	N	N	N	0.0000	0.0000	0.0000	0.0000	0.0000	0.0000	0.0000	0.0000	0.0000	0.0000	0.0000	0.0000	0.0000	0.0000	0.0000	0.0000	0.0000	0.0000	0.2741	0.2075	0.4040	0.3638	0.3364	2.2778	0.2101	0.0000	0.3713	1.0000	0.0000	-0.0000	1.0034	0.0000	8.6617	0.0582	0.0000	0.0000	0.0000	0.0000	0.0000	0.0000	0.0000	0.0000	0.0000	0.0004	0.0002	0.0002	0.0002	0.0002	0.0000	0.0002	0.0000	0.0002	0.0000	0.0000	0.0000	0.0000	0.0000	0.0000	0.0000	0.0000	0.0000	0.0014	0.0009	0.0005	0.0006	0.0006	0.0000	0.0008	0.0003	0.0005	0.0000	0.0000	0.0000	0.0000	0.0000	0.0000	0.0000	0.0000	0.0000	0.2741	0.2075	0.4040	0.3638	0.3364	1.5743	0.2101	0.0000	0.3713	
8	48	0.0512	5	1	1	1	0	0	0	0	0	N	N	N	N	N	N	N	N	N	N	N	N	0.0000	0.0000	0.0000	0.0000	0.0000	0.0000	0.0000	0.0000	0.0000	0.0000	0.0000	0.0000	0.0000	0.0000	0.0000	0.0000	0.0000	0.0000	25.0624	0.0019	210.3584	0.1813	0.0027	36.3390	33.5857	0.0013	215.8977	20365.3767	0.0000	0.3672	1.0034	0.0018	8.6617	3.9096	0.0000	0.0000	0.0000	0.0000	0.0000	0.0000	0.0000	0.0000	0.0000	0.9532	0.0000	0.9532	0.0019	0.0000	0.0019	0.9513	0.0000	0.9513	0.0000	0.0000	0.0000	0.0000	0.0000	0.0000	0.0000	0.0000	0.0000	0.0398	0.0253	0.0145	0.0104	0.0100	0.0004	0.0293	0.0152	0.0141	0.0000	0.0000	0.0000	0.0000	0.0000	0.0000	0.0000	0.0000	0.0000	23.9735	0.0019	65.6919	0.1813	0.0027	4.6254	32.4496	0.0013	67.4384	
8	49	0.0417	4	1	1	1	0	0	0	0	0	N	N	N	N	N	N	N	N	N	N	N	N	0.0000	0.0000	0.0000	0.0000	0.0000	0.0000	0.0000	0.0000	0.0000	0.0000	0.0000	0.0000	0.0000	0.0000	0.0000	0.0000	0.0000	0.0000	0.6808	0.0327	1.4400	0.0065	0.0021	0.1004	0.8029	0.0441	1.4604	37.6063	0.0000	0.0147	1.0034	2.0031	8.6617	6.0601	0.0000	0.0000	0.0000	0.0000	0.0000	0.0000	0.0000	0.0000	0.0000	0.0409	0.0011	0.0398	0.0001	0.0000	0.0000	0.0408	0.0010	0.0398	0.0097	0.0082	0.0015	0.0002	0.0002	0.0000	0.0096	0.0080	0.0015	0.0601	0.0324	0.0277	0.0092	0.0088	0.0004	0.0509	0.0236	0.0272	0.0000	0.0000	0.0000	0.0000	0.0000	0.0000	0.0000	0.0000	0.0000	0.6808	0.0327	1.4400	0.0065	0.0021	0.1004	0.8029	0.0441	1.4604	
8	50	0.1048	12	1	0	2	0	0	0	0	0	N	N	Y	N	N	N	N	N	N	N	N	N	0.0000	0.0000	0.0000	0.0000	0.0000	0.0000	0.0000	0.0000	0.0000	0.0000	0.0000	0.0000	0.0000	0.0000	0.0000	0.0000	0.0000	0.0000	0.0000	0.0000	1.0034	0.0004	8.6617	0.9852	0.0000	0.0000	0.0000	0.0000	0.0000	0.0000	0.0000	0.0000	0.0000	0.0000	0.0000	0.0000	0.0000	0.0000	0.0000	0.0000	0.0000	0.0000	0.0000	0.0000	0.0000	0.0000	0.0000	0.0000	0.0000	0.0000	0.0000	0.0064	0.0039	0.0025	0.0021	0.0018	0.0003	0.0044	0.0022	0.0022	0.0000	0.0000	0.0000	0.0000	0.0000	0.0000	0.0000	0.0000	0.0000	0.0000	0.0000	0.0000	0.0000	0.0000	0.0000	0.0000	0.0000	0.0000											
8	51	0.0939	11	1	0	1	0	0	0	0	0	N	N	N	N	N	N	N	N	N	N	N	N	0.7402	0.0046	98.0693	0.0240	0.0224	0.0000	29.1145	2.5031	94.5768	0.0002	0.0000	0.0013	0.0000	0.0000	0.0000	0.0002	0.0000	0.0013	0.0003	0.0004	0.0000	0.0009	0.0011	0.0000	0.0000	0.0000	0.0000	115.0057	0.0204	0.0000	-0.0000	1.0034	10.7574	8.6617	12.9024	0.0000	0.0000	0.0000	0.0000	0.0000	0.0000	0.0000	0.0000	0.0000	0.0000	0.0000	0.0000	0.0000	0.0000	0.0000	0.0000	0.0000	0.0000	0.0513	0.0435	0.0078	0.0037	0.0035	0.0002	0.0476	0.0400	0.0076	0.1482	0.0878	0.0604	0.0413	0.0362	0.0051	0.1070	0.0517	0.0553	0.7402	0.0046	98.0693	0.0240	0.0224	0.0000	29.1145	2.5031	94.5768	0.0003	0.0004	0.0000	0.0009	0.0011	0.0000	0.0000	0.0000	0.0000
8	52	0.0925	10	1	0	1	0	0	0	0	0	N	N	N	N	N	N	N	N	N	N	N	N	0.1060	0.0756	0.2653	0.0800	0.0756	0.0000	0.2276	4.5938	0.2528	0.0000	0.0000	0.0000	0.0000	0.0000	0.0000	0.0000	0.0000	0.0000	0.0001	0.0001	0.0001	0.0002	0.0003	0.0000	0.0000	0.0000	0.0001	0.4001	0.4432	-0.0000	-0.0000	1.0034	2.6694	8.6617	2.4027	0.0000	0.0000	0.0000	0.0000	0.0000	0.0000	0.0000	0.0000	0.0000	0.0000	0.0000	0.0000	0.0000	0.0000	0.0000	0.0000	0.0000	0.0000	0.0132	0.0112	0.0020	0.0009	0.0009	0.0001	0.0123	0.0103	0.0020	0.0353	0.0206	0.0146	0.0102	0.0090	0.0011	0.0251	0.0116	0.0135	0.1060	0.0756	0.2653	0.0800	0.0756	0.0000	0.2276	4.5938	0.2528	0.0001	0.0001	0.0001	0.0002	0.0003	0.0000	0.0000	0.0000	0.0001
8	53	0.0873	9	1	0	1	0	0	0	0	0	N	N	N	N	N	N	N	N	N	N	N	N	0.1595	13.9823	0.2293	4.6023	48.2968	0.0000	0.0681	inf	0.2247	0.0004	0.0003	0.0015	0.0021	0.0022	0.0000	0.0002	0.0000	0.0016	0.0027	0.0000	0.0066	0.0005	0.0000	0.0032	0.0036	0.0000	0.0069	1.0084	255.2330	-0.0000	0.0001	1.0034	8.6921	8.6617	5.3599	0.0000	0.0000	0.0000	0.0000	0.0000	0.0000	0.0000	0.0000	0.0000	0.0002	0.0000	0.0002	0.0000	0.0000	0.0000	0.0002	0.0000	0.0002	0.0451	0.0385	0.0065	0.0047	0.0045	0.0002	0.0404	0.0340	0.0063	0.0884	0.0520	0.0365	0.0241	0.0210	0.0031	0.0643	0.0310	0.0334	0.1595	13.9823	0.2293	4.6023	48.2968	0.0000	0.0681	inf	0.2247	0.0027	0.0000	0.0066	0.0005	0.0000	0.0032	0.0036	0.0000	0.0069
8	54	0.0870	8	1	0	1	0	0	0	0	0	N	N	N	N	N	N	N	N	N	N	N	N	0.0636	0.0294	2.2724	1.3923	1.2771	0.0181	0.0000	2.1637	0.0000	0.0000	0.0001	0.0001	0.0001	0.0000	0.0000	0.0000	0.0001	0.0004	0.0007	0.0000	0.0001	0.0001	0.0000	0.0006	0.0013	0.0000	0.4681	0.0302	-0.0000	-0.0000	1.0034	1.8652	8.6617	1.4001	0.0000	0.0000	0.0000	0.0000	0.0000	0.0000	0.0000	0.0000	0.0000	0.0000	0.0000	0.0000	0.0000	0.0000	0.0000	0.0000	0.0000	0.0000	0.0122	0.0106	0.0016	0.0021	0.0021	0.0000	0.0100	0.0085	0.0015	0.0247	0.0142	0.0105	0.0076	0.0068	0.0007	0.0172	0.0074	0.0098	0.0636	0.0294	2.2724	1.3923	1.2771	0.0000	0.0181	0.0000	2.1637	0.0004	0.0007	0.0000	0.0001	0.0001	0.0000	0.0006	0.0013	0.0000	
8	55	0.0826	7	1	0	1	0	0	0	0	0	N	N	N	N	N	N	N	N	N	N	N	N	0.0000	0.0000	0.2560	0.0000	0.0000	0.0000	0.0000	0.0000	0.2432	0.0000	0.0000	0.0000	0.0000	0.0000	0.0000	0.0000	0.0000	0.0000	0.2367	0.3795	0.0000	0.0654	0.0718	0.0000	0.3153	0.6405	0.0000	2.2857	0.0000	0.0000	-0.0092	1.0034	2.5292	8.6617	4.9772	0.0000	0.0000	0.0000	0.0000	0.0000	0.0000	0.0000	0.0000	0.0000	0.0150	0.0150	0.0000	0.0013	0.0013	0.0000	0.0137	0.0137	0.0000	0.0138	0.0119	0.0019	0.0014	0.0014	0.0000	0.0124	0.0105	0.0019	0.0635	0.0396	0.0239	0.0200	0.0182	0.0018	0.0435	0.0214	0.0221	0.0000	0.0000	0.2560	0.0000	0.0000	0.0000	0.0000	0.0000	0.2432	0.2367	0.3795	0.0000	0.0654	0.0718	0.0000	0.3153	0.6405	0.0000
8	56	0.0417	4	2	1	1	0	0	0	0	0	Y	N	N	N	N	N	N	N	N	N	N	N	0.0000	0.0000	0.0000	0.0000	0.0000	0.0000	0.0000	0.0000	0.0000	0.0000	0.0000	0.0000	0.0000	0.0001	0.0002	0.0000	0.0009	0.0009	0.0000	0.0000	0.0000	0.0000	0.0000	0.0000	-0.0000	1.0034	0.0000	8.6617	10.9971	0.0000	0.0000	0.0000	0.0000	0.0000	0.0000	0.0000	0.0000	0.0000	0.0000	0.0000	0.0000	0.0000	0.0000	0.0000	0.0000	0.0000	0.0000	0.0000	0.0000	0.0000	0.0000	0.0000	0.0000	0.0000	0.0000	0.0000	0.0788	0.0423	0.0364	0.0112	0.0107	0.0006	0.0675	0.0317	0.0359	0.0000	0.0000	0.0000	0.0000	0.0000	0.0000	0.0000	0.0000	0.0000	0.0001	0.0002	0.0000	0.0009	0.0009	0.0000	0.0000	0.0000	0.0000						
8	57	0.1634	9	1	0	1	0	0	0	0	0	N	N	N	N	N	N	N	N	N	N	N	N	0.0004	0.0004	0.0000	0.0001	0.0001	0.0000	0.0243	0.0152	0.0000	0.0000	0.0000	0.0000	0.0000	0.0000	0.0000	0.0000	0.0000	0.0000	0.0039	0.0056	0.0000	0.0077	0.0087	0.0000	0.0001	0.0002	0.0000	0.0000	0.0006	-0.0000	-0.0007	1.0034	7.8198	8.6617	21.5823	0.0000	0.0000	0.0000	0.0000	0.0000	0.0000	0.0000	0.0000	0.0000	0.0012	0.0012	0.0000	0.0012	0.0011	0.0000	0.0000	0.0000	0.0000	0.0630	0.0554	0.0076	0.0190	0.0183	0.0007	0.0440	0.0371	0.0069	0.2954	0.2059	0.0895	0.1501	0.1319	0.0182	0.1453	0.0739	0.0714	0.0004	0.0004	0.0000	0.0001	0.0001	0.0000	0.0243	0.0152	0.0000	0.0039	0.0056	0.0000	0.0077	0.0087	0.0000	0.0001	0.0002	0.0000
8	58	0.0168	2	2	1	2	0	0	0	0	0	Y	N	Y	N	N	N	N	N	N	N	N	N	0.0003	0.0596	0.0000	3.7114	3.9376	0.0000	0.0000	0.0000	0.0000	0.0007	0.0008	0.0000	0.0839	0.0862	0.0000	0.0000	0.0000	0.0000	2.5638	0.0138	5.2819	0.0226	0.0219	2.8226	3.7885	0.0000	5.2830	0.0023	359.4867	-0.0000	0.2199	1.0034	2.0055	8.6617	11.8091	0.0000	0.0000	0.0000	0.0000	0.0000	0.0000	0.0000	0.0000	0.0000	0.5749	0.0016	0.5733	0.0016	0.0016	0.0001	0.5733	0.0000	0.5733	0.0097	0.0082	0.0016	0.0001	0.0001	0.0000	0.0097	0.0081	0.0016	0.2242	0.1157	0.1085	0.0729	0.0729	0.0000	0.1513	0.0428	0.1085	0.0003	0.0596	0.0000	3.7114	3.9376	0.0000	0.0000	0.0000	0.0000	2.5638	0.0138	5.2819	0.0226	0.0219	1.6240	3.7885	0.0000	5.2830
8	61	0.0837	7	1	1	1	0	0	0	0	0	N	N	N	N	N	N	N	N	N	N	N	N	0.0000	0.0000	0.0000	0.0000	0.0000	0.0000	0.0000	0.0000	0.0000	0.0000	0.0000	0.0000	0.0000	0.0000	0.0000	0.0000	0.0000	0.0027	0.0043	0.0000	0.0008	0.0009	0.0000	0.0037	0.0075	0.0000	0.0000	0.0000	-0.0002	1.0034	4.0917	8.6617	8.0988	0.0000	0.0000	0.0000	0.0000	0.0000	0.0000	0.0000	0.0000	0.0000	0.0003	0.0003	0.0000	0.0000	0.0000	0.0000	0.0003	0.0003	0.0000	0.0220	0.0188	0.0032	0.0023	0.0022	0.0001	0.0197	0.0166	0.0031	0.1158	0.0728	0.0430	0.0405	0.0357	0.0047	0.0754	0.0371	0.0383	0.0000	0.0000	0.0000	0.0000	0.0000	0.0000	0.0000	0.0000	0.0000	0.0027	0.0043	0.0000	0.0008	0.0009	0.0000	0.0037	0.0075	0.0000		
8	62	0.0799	6	1	1	1	0	0	0	0	0	N	N	N	N	N	N	N	N	N	N	N	N	0.0001	0.0001	0.0039	0.0040	0.0038	0.0000	0.0001	0.0000	0.0037	0.0000	0.0000	0.0000	0.0001	0.0001	0.0000	0.0000	0.0000	0.0000	0.0383	0.0642	0.0038	0.0146	0.0163	0.0001	0.0471	0.0999	0.0040	0.7601	0.0443	-0.0000	-0.0013	1.0034	2.1165	8.6617	5.0852	0.0000	0.0000	0.0000	0.0000	0.0000	0.0000	0.0000	0.0000	0.0000	0.0022	0.0021	0.0001	0.0002	0.0002	0.0000	0.0020	0.0019	0.0001	0.0101	0.0086	0.0016	0.0005	0.0005	0.0000	0.0097	0.0081	0.0016	0.0574	0.0328	0.0246	0.0156	0.0140	0.0016	0.0418	0.0188	0.0231	0.0001	0.0001	0.0039	0.0040	0.0038	0.0000	0.0001	0.0000	0.0037	0.0383	0.0642	0.0038	0.0146	0.0163	0.0001	0.0471	0.0999	0.0040
8	63	0.0182	2	2	0	2	0	0	0	0	0	Y	N	Y	N	N	N	N	N	N	N	N	N	0.0000	0.0000	0.0000	0.0000	0.0000	0.0000	0.0000	0.0000	0.0000	0.0000	0.0000	0.0000	0.0000	0.0000	0.0000	0.0000	0.0000	0.0000	6.0803	0.0456	20.2365	0.0839	0.0814	0.1592	8.1493	0.0165	19.1145	inf	239.4377	0.0000	0.3057	1.0034	3.9990	8.6617	8.8702	0.0000	0.0000	0.0000	0.0000	0.0000	0.0000	0.0000	0.0000	0.0000	0.8022	0.0033	0.7989	0.0028	0.0027	0.0002	0.7994	0.0007	0.7987	0.0189	0.0162	0.0027	0.0001	0.0001	0.0000	0.0188	0.0161	0.0027	0.1319	0.0732	0.0588	0.0338	0.0328	0.0011	0.0981	0.0404	0.0577	0.0000	0.0000	0.0000	0.0000	0.0000	0.0000	0.0000	0.0000	0.0000	6.0803	0.0456	13.5896	0.0839	0.0814	0.1592	8.1493	0.0165	13.8379
8	65	0.0876	7	1	1	1	0	0	0	0	0	N	N	N	N	N	N	N	N	N	N	N	N	0.0104	0.0085	0.0000	0.0540	0.0515	0.0000	0.0000	0.0000	0.0000	0.0001	0.0002	0.0000	0.0022	0.0023	0.0000	0.0000	0.0000	0.0000	0.0132	0.0190	0.0035	0.0405	0.0444	0.0013	0.0021	0.0006	0.0037	0.0000	0.1106	-0.0000	-0.0024	1.0034	15.6632	8.6617	35.0639	0.0000	0.0000	0.0000	0.0000	0.0000	0.0000	0.0000	0.0000	0.0000	0.0047	0.0042	0.0005	0.0041	0.0041	0.0000	0.0005	0.0001	0.0005	0.0733	0.0622	0.0111	0.0046	0.0044	0.0002	0.0687	0.0578	0.0109	0.3535	0.2218	0.1317	0.1021	0.0928	0.0093	0.2514	0.1290	0.1224	0.0104	0.0085	0.0000	0.0540	0.0515	0.0000	0.0000	0.0000	0.0000	0.0132	0.0190	0.0035	0.0405	0.0444	0.0013	0.0021	0.0006	0.0037
8	66	0.0876	7	1	0	2	0	0	0	0	0	N	N	Y	N	N	N	N	N	N	N	N	N	0.0000	0.0000	0.0000	0.0000	0.0000	0.0000	0.0000	0.0000	0.0000	0.0000	0.0000	0.0000	0.0000	0.0000	0.0000	0.0000	0.0000	5.6422	0.0002	31.5554	0.0006	0.0003	0.0045	9.0339	0.0000	34.9562	49905.5012	0.0000	0.3845	1.0034	4.9998	8.6617	10.1184	0.0000	0.0000	0.0000	0.0000	0.0000	0.0000	0.0000	0.0000	0.0000	0.9981	0.0000	0.9981	0.0000	0.0000	0.0000	0.9981	0.0000	0.9981	0.0261	0.0223	0.0038	0.0024	0.0024	0.0001	0.0237	0.0199	0.0038	0.1769	0.1203	0.0566	0.0664	0.0620	0.0044	0.1105	0.0583	0.0522	0.0000	0.0000	0.0000	0.0000	0.0000	0.0000	0.0000	0.0000	0.0000	5.6422	0.0002	17.6247	0.0006	0.0003	0.0045	9.0339	0.0000	19.1161		
8	67	0.0920	9	1	1	1	0	0	0	0	0	N	N	N	N	N	N	N	N	N	N	N	N	0.0030	0.1275	0.0000	56.7197	64.7241	0.0000	0.0000	0.0000	0.0000	0.0288	0.0338	0.0000	0.4828	0.5300	0.0000	0.0000	0.0000	0.0000	9.7635	0.2653	63.3175	0.0085	0.0082	0.0116	14.2812	0.4941	64.5321	0.0000	58.7261	-0.0008	0.7093	1.0034	10.9928	8.6617	18.5513	0.0015	0.0015	0.0000	0.0015	0.0015	0.0000	0.0000	0.0000	0.0000	1.9249	0.0322	1.8927	0.0005	0.0005	0.0001	1.9244	0.0318	1.8926	0.0506	0.0432	0.0075	0.0030	0.0028	0.0003	0.0476	0.0404	0.0072	0.1980	0.1215	0.0765	0.0632	0.0572	0.0061	0.1347	0.0643	0.0705	0.0030	0.1275	0.0000	56.7197	64.7241	0.0000	0.0000	0.0000	0.0000	9.7220	0.2653	24.7359	0.0085	0.0082	0.0116	14.2812	0.4941	26.8593
8	68	0.0920	8	1	0	1	0	0	0	0	0	N	N	N	N	N	N	N	N	N	N	N	N	0.0000	0.0000	0.0020	0.0000	0.0000	0.0031	0.0000	0.0000	0.0000	0.0000	0.0000	0.0000	0.0000	0.0000	0.0013	0.0000	0.0000	0.0000	1.8542	2.7663	0.0173	2.0326	2.0779	0.4350	1.7013	4.1759	0.0007	1.0000	0.0031	-0.0000	-0.0377	1.0034	0.0861	8.6617	1.0715	0.0000	0.0000	0.0000	0.0000	0.0000	0.0000	0.0000	0.0000	0.0000	0.0616	0.0614	0.0002	0.0312	0.0310	0.0002	0.0304	0.0304	0.0000	0.0011	0.0010	0.0001	0.0004	0.0004	0.0000	0.0007	0.0006	0.0001	0.0332	0.0222	0.0110	0.0153	0.0149	0.0004	0.0179	0.0073	0.0106	0.0000	0.0000	0.0020	0.0000	0.0000	0.0031	0.0000	0.0000	0.0000	1.8542	2.7663	0.0173	2.0326	2.0779	0.4350	1.7013	4.1759	0.0007
8	69	0.0747	6	2	0	2	0	0	0	0	0	Y	N	Y	N	N	N	N	N	N	N	N	N	0.0000	0.0000	0.0000	0.0000	0.0000	0.0000	0.0000	0.0000	0.0000	0.0000	0.0000	0.0000	0.0000	0.0000	0.0000	0.0000	0.0000	0.0000	0.0000	0.0000	0.0000	0.0000	0.0000	0.0000	0.0000	4.7746	0.0000	0.0000	1.0034	1.0000	8.6617	3.0001	0.0000	0.0000	0.0000	0.0000	0.0000	0.0000	0.0000	0.0000	0.0000	0.0000	0.0000	0.0000	0.0000	0.0000	0.0000	0.0000	0.0000	0.0000	0.0047	0.0040	0.0008	0.0002	0.0001	0.0000	0.0046	0.0038	0.0008	0.0270	0.0150	0.0121	0.0046	0.0042	0.0004	0.0225	0.0108	0.0117	0.0000	0.0000	0.0000	0.0000	0.0000	0.0000	0.0000	0.0000	0.0000	0.0000	0.0000	0.0000	0.0000	0.0000	0.0000	0.0000	0.0000	0.0000			
8	70	0.0747	5	2	0	2	0	0	0	0	0	Y	N	Y	N	N	N	N	N	N	N	N	N	0.0000	0.0000	0.0000	0.0000	0.0000	0.0000	0.0000	0.0000	0.0000	0.0000	0.0000	0.0000	0.0000	0.0000	0.0000	0.0000	0.0084	0.0073	0.0098	0.0105	0.0106	0.0000	0.0070	0.0000	0.0099	1.0000	0.0000	-0.0000	1.0034	0.0000	8.6617	0.0009	0.0000	0.0000	0.0000	0.0000	0.0000	0.0000	0.0000	0.0000	0.0000	0.0000	0.0000	0.0000	0.0000	0.0000	0.0000	0.0000	0.0000	0.0000	0.0000	0.0000	0.0000	0.0000	0.0000	0.0000	0.0000	0.0000	0.0000	0.0000	0.0000	0.0000	0.0000	0.0000	0.0000	0.0000	0.0000	0.0000	0.0000	0.0000	0.0000	0.0000	0.0000	0.0000	0.0000	0.0000	0.0000	0.0084	0.0073	0.0098	0.0105	0.0106	0.0000	0.0070	0.0000	0.0099			
8	71	0.0417	4	2	0	2	0	0	0	0	0	Y	N	Y	N	N	N	N	N	N	N	N	N	0.0042	0.0156	0.0000	0.0000	0.0000	0.0000	0.0045	inf	0.0000	0.0002	0.0003	0.0000	0.0000	0.0000	0.0000	0.0002	0.0003	0.0000	0.0510	0.0164	0.0909	0.0694	0.0737	0.0000	0.0484	0.0000	0.0923	0.0000	4.8196	-0.0000	0.0017	1.0034	9.9966	8.6617	12.9129	0.0000	0.0000	0.0000	0.0000	0.0000	0.0000	0.0000	0.0000	0.0000	0.0077	0.0013	0.0064	0.0013	0.0013	0.0000	0.0064	0.0000	0.0064	0.0465	0.0392	0.0073	0.0006	0.0005	0.0000	0.0460	0.0387	0.0072	0.1516	0.0811	0.0705	0.0191	0.0180	0.0011	0.1325	0.0631	0.0694	0.0042	0.0156	0.0000	0.0000	0.0000	0.0000	0.0045	inf	0.0000	0.0510	0.0164	0.0909	0.0694	0.0737	0.0000	0.0484	0.0000	0.0923
8	72	0.0749	5	1	1	1	1	0	0	0	0	N	N	N	N	N	N	N	N	N	N	N	N	0.0000	0.0000	0.0000	0.0000	0.0000	0.0000	0.0000	0.0000	0.0000	0.0000	0.0000	0.0000	0.0000	0.0000	0.0000	0.0000	0.0000	0.0000	3.2952	5.7357	0.0299	0.0240	0.0269	0.0015	4.1130	8.2982	0.0315	0.0039	0.0000	-0.6075	1.0034	13.0000	8.6617	39.1663	0.0000	0.0000	0.0000	0.0000	0.0000	0.0000	0.0000	0.0000	0.0000	0.9945	0.9906	0.0039	0.0015	0.0014	0.0000	0.9930	0.9892	0.0038	0.0595	0.0504	0.0092	0.0027	0.0026	0.0002	0.0568	0.0478	0.0090	0.3018	0.1727	0.1291	0.0604	0.0535	0.0068	0.2414	0.1192	0.1222	0.0000	0.0000	0.0000	0.0000	0.0000	0.0000	0.0000	0.0000	0.0000	3.2952	5.7357	0.0299	0.0240	0.0269	0.0015	4.1130	8.2982	0.0315	
8	73	0.0774	6	1	1	1	0	0	0	0	0	N	N	N	N	N	N	N	N	N	N	N	N	0.0000	0.0000	0.0000	0.0000	0.0000	0.0000	0.0000	0.0000	0.0000	0.0000	0.0000	0.0000	0.0000	0.0000	0.0000	0.0000	0.0000	0.0000	6.5755	0.1758	27.0001	0.4247	0.4639	0.0091	8.6100	0.0002	29.7311	61.3662	0.0000	0.3745	1.0034	3.0003	8.6617	18.1082	0.0000	0.0000	0.0000	0.0000	0.0000	0.0000	0.0000	0.0000	0.0000	1.0142	0.0163	0.9979	0.0163	0.0163	0.0000	0.9979	0.0000	0.9979	0.0143	0.0121	0.0022	0.0007	0.0006	0.0000	0.0136	0.0115	0.0022	0.1542	0.0925	0.0617	0.0383	0.0350	0.0033	0.1159	0.0575	0.0584	0.0000	0.0000	0.0000	0.0000	0.0000	0.0000	0.0000	0.0000	0.0000	6.5755	0.1758	16.1696	0.4247	0.4639	0.0091	8.6100	0.0002	17.0843	
8	74	0.0383	3	1	1	1	0	0	0	0	0	N	N	N	N	N	N	N	N	N	N	N	N	0.0000	0.0005	0.0000	0.0032	0.0058	0.0000	0.0000	0.0000	0.0000	0.0000	0.0000	0.0000	0.0000	0.0000	0.0000	0.0000	0.0000	0.0000	0.0301	0.0017	0.0644	0.0087	0.0050	0.1219	0.0354	0.0000	0.0636	0.0000	30.5796	-0.0000	0.0022	1.0034	7.0046	8.6617	18.1036	0.0000	0.0000	0.0000	0.0000	0.0000	0.0000	0.0000	0.0000	0.0000	0.0062	0.0002	0.0060	0.0004	0.0002	0.0002	0.0058	0.0000	0.0058	0.0338	0.0286	0.0053	0.0008	0.0008	0.0000	0.0330	0.0278	0.0053	0.2048	0.1122	0.0927	0.0403	0.0391	0.0013	0.1645	0.0731	0.0914	0.0000	0.0005	0.0000	0.0032	0.0058	0.0000	0.0000	0.0000	0.0000	0.0301	0.0017	0.0644	0.0087	0.0050	0.1219	0.0354	0.0000	0.0636
8	77	0.0924	9	1	1	1	0	0	0	0	0	N	N	N	N	N	N	N	N	N	N	N	N	0.0000	0.0000	0.0000	0.0000	0.0000	0.0000	0.0000	0.0000	0.0000	0.0000	0.0000	0.0000	0.0000	0.0000	0.0000	0.0000	0.0000	0.0001	0.0001	0.0000	0.0002	0.0002	0.0000	0.0000	0.0000	0.0000	0.0003	0.0000	-0.0000	1.0034	8.6571	8.6617	16.0761	0.0000	0.0000	0.0000	0.0000	0.0000	0.0000	0.0000	0.0000	0.0000	0.0000	0.0000	0.0000	0.0000	0.0000	0.0000	0.0000	0.0000	0.0000	0.0404	0.0348	0.0056	0.0019	0.0018	0.0001	0.0385	0.0330	0.0055	0.1514	0.0926	0.0587	0.0461	0.0412	0.0049	0.1053	0.0515	0.0538	0.0000	0.0000	0.0000	0.0000	0.0000	0.0000	0.0000	0.0000	0.0000	0.0001	0.0001	0.0000	0.0002	0.0002	0.0000	0.0000	0.0000	0.0000		
8	78	0.0920	8	1	1	1	0	0	0	0	0	N	N	N	N	N	N	N	N	N	N	N	N	0.0000	0.0000	0.0000	0.0000	0.0000	0.0000	0.0000	0.0000	0.0000	0.0000	0.0000	0.0000	0.0000	0.0000	0.0000	0.0000	0.0000	0.0000	0.0000	0.0000	0.0000	0.0000	0.0000	0.0000	0.0000	0.0000	0.8097	0.0000	-0.0000	1.0034	0.3645	8.6617	1.9845	0.0000	0.0000	0.0000	0.0000	0.0000	0.0000	0.0000	0.0000	0.0000	0.0000	0.0000	0.0000	0.0000	0.0000	0.0000	0.0000	0.0000	0.0000	0.0024	0.0021	0.0003	0.0004	0.0004	0.0000	0.0020	0.0017	0.0003	0.0406	0.0267	0.0140	0.0175	0.0168	0.0007	0.0231	0.0098	0.0133	0.0000	0.0000	0.0000	0.0000	0.0000	0.0000	0.0000	0.0000	0.0000	0.0000	0.0000	0.0000	0.0000	0.0000	0.0000	0.0000	0.0000	0.0000		
8	79	0.0826	7	1	0	1	0	0	0	0	0	N	N	N	N	N	N	N	N	N	N	N	N	0.0000	0.0000	0.0000	0.0001	0.0001	0.0000	0.0000	0.0000	0.0000	0.0000	0.0000	0.0000	0.0000	0.0000	0.0000	0.0000	0.0000	0.0000	8.0739	13.4281	0.0039	0.0426	0.0469	0.0079	11.2153	22.9677	0.0036	0.0000	0.0002	-0.0000	-0.6015	1.0034	2.9108	8.6617	14.2456	0.0000	0.0000	0.0000	0.0000	0.0000	0.0000	0.0000	0.0000	0.0000	0.9787	0.9786	0.0002	0.0015	0.0014	0.0000	0.9773	0.9771	0.0002	0.0156	0.0134	0.0022	0.0015	0.0014	0.0000	0.0141	0.0119	0.0022	0.1212	0.0729	0.0483	0.0341	0.0303	0.0038	0.0871	0.0425	0.0446	0.0000	0.0000	0.0000	0.0001	0.0001	0.0000	0.0000	0.0000	0.0000	8.0739	13.4281	0.0039	0.0426	0.0469	0.0079	11.2153	22.9677	0.0036
8	80	0.0774	6	1	0	1	0	0	0	0	0	N	N	N	N	N	N	N	N	N	N	N	N	0.0000	0.0000	0.0000	0.0000	0.0000	0.0000	0.0000	0.0000	0.0000	0.0000	0.0000	0.0000	0.0000	0.0000	0.0000	0.0000	0.0000	0.0000	13.2504	19.9897	0.0021	0.0589	0.0624	0.0008	18.3642	37.1116	0.0022	0.0001	0.0000	-0.5915	1.0034	0.1009	8.6617	7.5203	0.0000	0.0000	0.0000	0.0000	0.0000	0.0000	0.0000	0.0000	0.0000	0.9623	0.9622	0.0001	0.0014	0.0014	0.0000	0.9609	0.9608	0.0001	0.0005	0.0004	0.0001	0.0000	0.0000	0.0000	0.0005	0.0004	0.0001	0.0759	0.0481	0.0278	0.0236	0.0222	0.0014	0.0523	0.0259	0.0264	0.0000	0.0000	0.0000	0.0000	0.0000	0.0000	0.0000	0.0000	0.0000	12.6739	19.9897	0.0021	0.0589	0.0624	0.0008	18.3642	37.1116	0.0022	
8	81	0.0749	5	1	0	1	0	0	0	0	0	N	N	N	N	N	N	N	N	N	N	N	N	0.0000	0.0000	0.0000	0.0000	0.0000	0.0000	0.0000	0.0000	0.0000	0.0000	0.0000	0.0000	0.0000	0.0000	0.0000	0.0000	0.0000	0.0000	0.4552	0.7605	0.0165	0.0288	0.0304	0.0001	0.6371	1.4353	0.0172	0.0151	0.0000	-0.0101	1.0034	0.0014	8.6617	3.7882	0.0000	0.0000	0.0000	0.0000	0.0000	0.0000	0.0000	0.0000	0.0000	0.0168	0.0165	0.0002	0.0003	0.0003	0.0000	0.0165	0.0162	0.0002	0.0000	0.0000	0.0000	0.0000	0.0000	0.0000	0.0000	0.0000	0.0000	0.0368	0.0217	0.0151	0.0110	0.0104	0.0006	0.0258	0.0113	0.0145	0.0000	0.0000	0.0000	0.0000	0.0000	0.0000	0.0000	0.0000	0.0000	0.4552	0.7605	0.0165	0.0288	0.0304	0.0001	0.6371	1.4353	0.0172	
8	82	0.0906	8	1	1	1	0	0	0	0	0	N	N	N	N	N	N	N	N	N	N	N	N	0.0000	0.0000	0.0000	0.1620	8.8142	0.0000	0.0000	0.0000	0.0000	0.0003	0.0003	0.0000	0.0030	0.0032	0.0000	0.0000	0.0000	0.0000	8.9423	7.3000	15.3395	0.0188	0.0004	0.2408	12.4801	12.7367	15.0814	0.0000	0.9945	-0.0000	-0.2311	1.0034	7.9116	8.6617	21.1247	0.0000	0.0000	0.0000	0.0000	0.0000	0.0000	0.0000	0.0000	0.0000	1.9898	0.9976	0.9922	0.0012	0.0000	0.0012	1.9886	0.9976	0.9910	0.0396	0.0337	0.0060	0.0034	0.0032	0.0001	0.0363	0.0304	0.0058	0.2225	0.1367	0.0859	0.0632	0.0583	0.0048	0.1593	0.0783	0.0810	0.0000	0.0000	0.0000	0.1620	8.8142	0.0000	0.0000	0.0000	0.0000	8.9423	7.3000	11.5564	0.0188	0.0004	0.2408	12.4801	12.7367	12.2320
8	83	0.1086	9	2	1	1	0	0	0	0	0	Y	N	N	N	N	N	N	N	N	N	N	N	0.0000	0.0000	0.0000	0.0000	0.0000	0.0000	0.0000	0.0000	0.0000	0.0000	0.0000	0.0000	0.0000	0.0217	0.0000	0.0620	0.0000	0.0000	0.0000	0.0325	0.0000	0.0659	inf	0.0000	0.0002	1.0034	0.0000	8.6617	1.8333	0.0000	0.0000	0.0000	0.0000	0.0000	0.0000	0.0000	0.0000	0.0000	0.0004	0.0000	0.0004	0.0000	0.0000	0.0000	0.0004	0.0000	0.0004	0.0000	0.0000	0.0000	0.0000	0.0000	0.0000	0.0000	0.0000	0.0000	0.0181	0.0118	0.0063	0.0060	0.0056	0.0004	0.0121	0.0061	0.0059	0.0000	0.0000	0.0000	0.0000	0.0000	0.0000	0.0000	0.0000	0.0000	0.0217	0.0000	0.0620	0.0000	0.0000	0.0000	0.0325	0.0000	0.0659						
8	84	0.0906	8	2	1	1	0	0	0	0	0	Y	N	N	N	N	N	N	N	N	N	N	N	0.4292	0.3054	11.4837	0.0506	0.0494	0.0000	1092.8656	3854.8618	148.0216	0.0082	0.0093	0.0019	0.0032	0.0033	0.0000	0.0087	0.0100	0.0019	0.0191	0.0305	0.0002	0.0625	0.0666	0.0029	0.0000	0.0000	0.0000	0.0357	0.0032	-0.0001	-0.0020	1.0034	6.9552	8.6617	13.1226	0.0003	0.0003	0.0000	0.0000	0.0000	0.0000	0.0003	0.0003	0.0000	0.0033	0.0033	0.0000	0.0033	0.0033	0.0000	0.0000	0.0000	0.0000	0.0353	0.0300	0.0053	0.0032	0.0030	0.0001	0.0321	0.0270	0.0052	0.1748	0.1091	0.0656	0.0535	0.0500	0.0035	0.1213	0.0591	0.0621	0.4292	0.3054	11.4837	0.0506	0.0494	0.0000	1092.8656	3854.8618	148.0216	0.0191	0.0305	0.0002	0.0625	0.0666	0.0029	0.0000	0.0000	0.0000
8	85	0.0876	7	1	1	1	0	0	0	0	0	N	N	N	N	N	N	N	N	N	N	N	N	0.0093	0.0058	0.0325	0.0238	0.0240	0.0000	0.0066	0.0017	0.0354	0.0005	0.0003	0.0018	0.0007	0.0007	0.0000	0.0005	0.0001	0.0021	0.0574	0.0580	0.0563	0.0291	0.0304	0.0018	0.0711	0.0872	0.0585	0.8298	0.6265	-0.0000	-0.0009	1.0034	0.3374	8.6617	6.1146	0.0000	0.0000	0.0000	0.0000	0.0000	0.0000	0.0000	0.0000	0.0000	0.0040	0.0025	0.0015	0.0007	0.0007	0.0000	0.0033	0.0018	0.0015	0.0024	0.0021	0.0003	0.0007	0.0007	0.0000	0.0017	0.0014	0.0003	0.0697	0.0424	0.0273	0.0228	0.0218	0.0010	0.0469	0.0206	0.0263	0.0093	0.0058	0.0325	0.0238	0.0240	0.0000	0.0066	0.0017	0.0354	0.0574	0.0580	0.0563	0.0291	0.0304	0.0018	0.0711	0.0872	0.0585
8	86	0.0876	7	1	1	1	0	0	0	0	0	N	N	N	N	N	N	N	N	N	N	N	N	0.0019	0.0000	0.0145	0.0001	0.0001	0.0000	0.0044	0.0000	0.0144	0.0000	0.0000	0.0001	0.0000	0.0000	0.0000	0.0000	0.0000	0.0001	0.0064	0.0072	0.0053	0.0173	0.0186	0.0025	0.0028	0.0000	0.0055	204.4000	0.5157	0.0000	-0.0003	1.0034	11.0342	8.6617	12.7513	0.0000	0.0000	0.0000	0.0000	0.0000	0.0000	0.0000	0.0000	0.0000	0.0011	0.0007	0.0004	0.0007	0.0007	0.0000	0.0004	0.0000	0.0004	0.0516	0.0437	0.0079	0.0029	0.0028	0.0002	0.0487	0.0409	0.0078	0.1697	0.0998	0.0699	0.0423	0.0387	0.0036	0.1273	0.0611	0.0662	0.0019	0.0000	0.0145	0.0001	0.0001	0.0000	0.0044	0.0000	0.0144	0.0064	0.0072	0.0053	0.0173	0.0186	0.0025	0.0028	0.0000	0.0055
8	87	0.0799	6	1	1	1	0	0	0	0	0	N	N	N	N	N	N	N	N	N	N	N	N	0.0106	0.0001	0.0302	0.0008	0.0008	0.0000	0.0084	0.0001	0.0288	0.0005	0.0000	0.0032	0.0000	0.0000	0.0000	0.0005	0.0000	0.0032	0.0470	0.0032	0.1053	0.0024	0.0027	0.0004	0.0620	0.0035	0.1123	1951.0696	25.0674	0.0000	0.0012	1.0034	3.9739	8.6617	6.2820	0.0000	0.0000	0.0000	0.0000	0.0000	0.0000	0.0000	0.0000	0.0000	0.0036	0.0001	0.0034	0.0000	0.0000	0.0000	0.0035	0.0001	0.0034	0.0189	0.0159	0.0029	0.0009	0.0008	0.0000	0.0180	0.0151	0.0029	0.0760	0.0434	0.0326	0.0192	0.0171	0.0020	0.0568	0.0262	0.0306	0.0106	0.0001	0.0302	0.0008	0.0008	0.0000	0.0084	0.0001	0.0288	0.0470	0.0032	0.1053	0.0024	0.0027	0.0004	0.0620	0.0035	0.1123
8	88	0.0749	5	1	1	1	0	0	0	0	0	N	N	N	N	N	N	N	N	N	N	N	N	0.1261	0.0000	2.0737	0.0000	0.0000	0.0000	0.4482	0.0000	2.0174	0.0010	0.0000	0.0065	0.0000	0.0000	0.0000	0.0011	0.0000	0.0066	0.0081	0.0116	0.0032	0.0234	0.0250	0.0000	0.0024	0.0013	0.0033	inf	0.1929	0.0000	-0.0002	1.0034	0.0056	8.6617	5.7021	0.0000	0.0000	0.0000	0.0000	0.0000	0.0000	0.0000	0.0000	0.0000	0.0004	0.0003	0.0001	0.0003	0.0003	0.0000	0.0001	0.0000	0.0001	0.0000	0.0000	0.0000	0.0000	0.0000	0.0000	0.0000	0.0000	0.0000	0.0487	0.0284	0.0202	0.0132	0.0124	0.0009	0.0354	0.0161	0.0194	0.1261	0.0000	2.0737	0.0000	0.0000	0.0000	0.4482	0.0000	2.0174	0.0081	0.0116	0.0032	0.0234	0.0250	0.0000	0.0024	0.0013	0.0033
8	92	0.1634	9	1	0	1	0	0	0	0	0	N	N	N	N	N	N	N	N	N	N	N	N	0.0001	0.0001	0.0013	0.0001	0.0000	0.0062	0.0036	0.0103	0.0005	0.0000	0.0000	0.0000	0.0000	0.0000	0.0000	0.0000	0.0000	0.0000	0.0068	0.0099	0.0005	0.0147	0.0167	0.0010	0.0003	0.0001	0.0004	0.1070	0.0269	-0.0000	-0.0016	1.0034	24.8682	8.6617	39.8855	0.0000	0.0000	0.0000	0.0000	0.0000	0.0000	0.0000	0.0000	0.0000	0.0028	0.0027	0.0001	0.0027	0.0027	0.0000	0.0001	0.0000	0.0000	0.1278	0.1107	0.0171	0.0234	0.0220	0.0013	0.1044	0.0887	0.0158	0.4043	0.2715	0.1328	0.1834	0.1594	0.0240	0.2210	0.1121	0.1088	0.0001	0.0001	0.0013	0.0001	0.0000	0.0062	0.0036	0.0103	0.0005	0.0068	0.0099	0.0005	0.0147	0.0167	0.0010	0.0003	0.0001	0.0004
9	10	0.0716	7	1	1	1	0	0	0	0	0	N	N	N	N	N	N	N	N	N	N	N	N	0.0106	799.9956	0.0000	0.4838	33.4877	0.0000	0.0068	inf	0.0000	0.0564	0.0658	0.0000	0.0044	0.0046	0.0000	0.0619	0.0730	0.0000	5.3239	0.0001	22.8818	0.0090	0.0001	0.1207	9.1097	0.0000	25.7745	0.0000	100121.7479	-0.0022	0.4214	7.0042	2.0043	16.5712	5.1253	0.0040	0.0040	0.0000	0.0000	0.0000	0.0000	0.0040	0.0040	0.0000	1.0938	0.0000	1.0938	0.0008	0.0000	0.0008	1.0930	0.0000	1.0930	0.0711	0.0610	0.0101	0.0068	0.0064	0.0004	0.0643	0.0546	0.0097	0.2055	0.1329	0.0726	0.0855	0.0792	0.0063	0.1200	0.0537	0.0663	0.0106	799.9956	0.0000	0.4838	33.4877	0.0000	0.0068	inf	0.0000	5.3239	0.0001	15.0723	0.0090	0.0001	0.1207	9.1097	0.0000	16.4934
9	11	0.0872	11	0	1	1	0	0	0	0	0	N	N	N	N	N	N	N	N	N	N	N	N	0.0000	0.0000	0.0000	0.0000	0.0000	0.0000	0.0000	0.0000	0.0000	0.0000	0.0000	0.0000	0.0000	0.0000	0.0000	0.0000	0.0000	0.0000	0.1158	0.0273	0.2752	0.0518	0.0530	0.0389	0.1521	0.0000	0.2978	5.6084	0.0000	0.0085	7.0042	3.0002	16.5712	13.3035	0.0000	0.0000	0.0000	0.0000	0.0000	0.0000	0.0000	0.0000	0.0000	0.0363	0.0055	0.0308	0.0059	0.0055	0.0004	0.0305	0.0000	0.0305	0.0986	0.0840	0.0146	0.0067	0.0061	0.0006	0.0919	0.0779	0.0140	0.3137	0.2016	0.1120	0.1134	0.1036	0.0098	0.2003	0.0980	0.1023	0.0000	0.0000	0.0000	0.0000	0.0000	0.0000	0.0000	0.0000	0.0000	0.1158	0.0273	0.2752	0.0518	0.0530	0.0389	0.1521	0.0000	0.2978	
9	12	0.0558	10	0	1	1	1	0	0	0	0	N	N	N	N	N	N	N	N	N	N	N	N	0.0000	0.0000	0.0000	0.0000	0.0000	0.0000	0.0000	0.0000	0.0000	0.0000	0.0000	0.0000	0.0000	0.0000	0.0000	0.0000	0.0000	0.0000	0.0000	0.0000	7.0042	1.0000	16.5712	2.2091	0.0000	0.0000	0.0000	0.0000	0.0000	0.0000	0.0000	0.0000	0.0000	0.0000	0.0000	0.0000	0.0000	0.0000	0.0000	0.0000	0.0000	0.0000	0.0337	0.0288	0.0049	0.0031	0.0029	0.0003	0.0306	0.0259	0.0047	0.0560	0.0354	0.0206	0.0140	0.0133	0.0007	0.0420	0.0221	0.0198	0.0000	0.0000	0.0000	0.0000	0.0000	0.0000	0.0000	0.0000	0.0000	0.0000	0.0000	0.0000	0.0000	0.0000	0.0000	0.0000	0.0000	0.0000											
9	13	0.0546	9	0	0	1	1	0	0	0	0	N	N	N	N	N	N	N	N	N	N	N	N	0.1150	0.0000	0.2915	0.0000	0.0000	0.0000	0.0974	0.0000	0.2954	0.0003	0.0000	0.0020	0.0000	0.0000	0.0000	0.0003	0.0000	0.0021	0.0026	0.0000	0.0069	0.0000	0.0000	0.0000	0.0033	0.0000	0.0072	inf	4944.3369	0.0000	0.0000	7.0042	1.0009	16.5712	1.2082	0.0000	0.0000	0.0000	0.0000	0.0000	0.0000	0.0000	0.0000	0.0000	0.0001	0.0000	0.0001	0.0000	0.0000	0.0000	0.0001	0.0000	0.0001	0.0338	0.0289	0.0049	0.0032	0.0029	0.0003	0.0307	0.0260	0.0047	0.0360	0.0227	0.0133	0.0084	0.0078	0.0005	0.0277	0.0148	0.0128	0.1150	0.0000	0.2915	0.0000	0.0000	0.0000	0.0974	0.0000	0.2954	0.0026	0.0000	0.0069	0.0000	0.0000	0.0000	0.0033	0.0000	0.0072
9	14	0.0819	9	0	1	1	0	0	0	0	0	N	N	N	N	N	N	N	N	N	N	N	N	0.0000	0.0000	0.0000	0.0000	0.0000	0.0000	0.0000	0.0000	0.0000	0.0000	0.0000	0.0000	0.0000	0.0000	0.0000	0.0000	0.0000	3.9897	0.0042	9.7745	0.0081	0.0092	0.0000	5.7333	0.0000	10.7281	1612.1380	0.0000	0.3849	7.0042	3.0000	16.5712	13.0223	0.0000	0.0000	0.0000	0.0000	0.0000	0.0000	0.0000	0.0000	0.0000	1.0006	0.0006	1.0000	0.0006	0.0006	0.0000	1.0000	0.0000	1.0000	0.0974	0.0830	0.0144	0.0057	0.0052	0.0005	0.0917	0.0778	0.0139	0.2508	0.1485	0.1023	0.0764	0.0673	0.0091	0.1744	0.0812	0.0932	0.0000	0.0000	0.0000	0.0000	0.0000	0.0000	0.0000	0.0000	0.0000	3.9897	0.0042	9.7745	0.0081	0.0092	0.0000	5.7333	0.0000	10.7281		
9	15	0.0546	9	0	0	1	1	0	0	0	0	N	N	N	N	N	N	N	N	N	N	N	N	0.0528	0.0000	0.1336	0.0000	0.0000	0.0000	0.0446	0.0000	0.1353	0.0003	0.0000	0.0020	0.0000	0.0000	0.0000	0.0003	0.0000	0.0021	0.0056	0.0000	0.0151	0.0000	0.0000	0.0001	0.0073	0.0000	0.0158	inf	4944.3369	0.0000	0.0000	7.0042	0.9991	16.5712	0.0040	0.0000	0.0000	0.0000	0.0000	0.0000	0.0000	0.0000	0.0000	0.0000	0.0001	0.0000	0.0001	0.0000	0.0000	0.0000	0.0001	0.0000	0.0001	0.0338	0.0288	0.0049	0.0031	0.0029	0.0003	0.0306	0.0259	0.0047	0.0165	0.0104	0.0061	0.0039	0.0036	0.0002	0.0127	0.0068	0.0059	0.0528	0.0000	0.1336	0.0000	0.0000	0.0000	0.0446	0.0000	0.1353	0.0056	0.0000	0.0151	0.0000	0.0000	0.0001	0.0073	0.0000	0.0158
9	16	0.0416	8	0	0	1	1	0	0	0	0	N	N	N	N	N	N	N	N	N	N	N	N	1.9928	0.0548	5.2341	4.2331	0.1832	5.5553	1.7616	0.0000	5.3324	4.4035	0.0001	30.5950	0.0268	0.0004	0.5552	5.0899	0.0000	32.0027	2.2097	0.0011	5.8453	0.0063	0.0022	0.0999	2.8894	0.0005	6.0015	85664.6571	3240.4712	0.3815	0.4007	7.0042	5.0907	16.5712	19.6153	0.8444	0.0000	0.8443	0.0007	0.0000	0.0007	0.8437	0.0000	0.8437	1.0409	0.0003	1.0405	0.0007	0.0002	0.0005	1.0402	0.0001	1.0401	0.1917	0.1642	0.0276	0.0260	0.0248	0.0012	0.1658	0.1394	0.0264	0.4710	0.2930	0.1780	0.1111	0.1063	0.0047	0.3600	0.1867	0.1733	1.9928	0.0548	5.2341	4.2331	0.1832	5.5553	1.7616	0.0000	5.3324	2.2097	0.0011	5.8453	0.0063	0.0022	0.0999	2.8894	0.0005	6.0015
9	17	0.1017	8	1	0	2	0	0	0	0	0	N	N	Y	N	N	N	N	N	N	N	N	N	0.0000	0.0000	0.0000	0.0000	0.0000	0.0000	0.0000	0.0000	0.0000	0.0000	0.0000	0.0000	0.0000	0.0000	0.0000	0.0000	0.0006	0.0010	0.0000	0.0020	0.0022	0.0000	0.0000	0.0000	0.0000	0.0001	0.0000	-0.0000	7.0042	1.0000	16.5712	1.0003	0.0000	0.0000	0.0000	0.0000	0.0000	0.0000	0.0000	0.0000	0.0000	0.0000	0.0000	0.0000	0.0000	0.0000	0.0000	0.0000	0.0000	0.0000	0.0323	0.0275	0.0048	0.0029	0.0027	0.0002	0.0294	0.0248	0.0046	0.0315	0.0192	0.0123	0.0098	0.0090	0.0008	0.0217	0.0102	0.0115	0.0000	0.0000	0.0000	0.0000	0.0000	0.0000	0.0000	0.0000	0.0000	0.0006	0.0010	0.0000	0.0020	0.0022	0.0000	0.0000	0.0000	0.0000			
9	18	0.0480	6	0	1	1	0	0	0	0	0	N	N	N	N	N	N	N	N	N	N	N	N	0.0000	0.0000	0.0000	0.0000	0.0000	0.0000	0.0000	0.0000	0.0000	0.0000	0.0000	0.0000	0.0000	0.0000	0.0000	0.0000	2.1928	0.2384	5.8105	0.3669	0.3784	0.0000	3.5249	0.0000	6.0311	13.1692	0.0000	0.3350	7.0042	0.0005	16.5712	9.9413	0.0000	0.0000	0.0000	0.0000	0.0000	0.0000	0.0000	0.0000	0.0000	1.0644	0.0751	0.9893	0.0751	0.0751	0.0000	0.9893	0.0000	0.9893	0.0177	0.0164	0.0013	0.0091	0.0090	0.0001	0.0086	0.0074	0.0012	0.4854	0.3152	0.1703	0.2048	0.1985	0.0062	0.2807	0.1166	0.1640	0.0000	0.0000	0.0000	0.0000	0.0000	0.0000	0.0000	0.0000	0.0000	2.1928	0.2384	5.8105	0.3669	0.3784	0.0000	3.5249	0.0000	6.0311			
9	19	0.0716	7	1	1	1	0	0	0	0	0	N	N	N	N	N	N	N	N	N	N	N	N	0.0658	1.3944	0.0000	0.1000	0.1264	0.0000	0.0486	4.4933	0.0000	0.0252	0.0294	0.0000	0.0042	0.0045	0.0000	0.0269	0.0317	0.0000	0.3826	0.0211	0.9561	0.0415	0.0353	0.1120	0.5528	0.0070	1.0196	0.0000	28.5386	-0.0022	0.0514	7.0042	4.7901	16.5712	15.0000	0.0040	0.0040	0.0000	0.0000	0.0000	0.0000	0.0040	0.0040	0.0000	0.1463	0.0050	0.1413	0.0053	0.0041	0.0012	0.1410	0.0008	0.1402	0.1602	0.1370	0.0232	0.0120	0.0112	0.0008	0.1482	0.1258	0.0224	0.3823	0.2345	0.1478	0.1273	0.1169	0.0103	0.2551	0.1176	0.1375	0.0658	1.3944	0.0000	0.1000	0.1264	0.0000	0.0486	4.4933	0.0000	0.3826	0.0211	0.9561	0.0415	0.0353	0.1120	0.5528	0.0070	1.0196
9	20	0.0686	6	1	1	1	0	0	0	0	0	N	N	N	N	N	N	N	N	N	N	N	N	2.3120	1412.3049	0.0000	0.2453	0.5349	0.0009	1.7944	831.5001	0.0000	24.1910	28.3285	0.0017	0.0008	0.0009	0.0000	25.8085	30.3915	0.0017	10.4631	0.0201	61.5323	0.0034	0.0017	0.0301	14.3831	0.0366	62.0224	0.0000	852.2163	-0.5394	0.3505	7.0042	1.2170	16.5712	3.4655	0.9840	0.9840	0.0000	0.0000	0.0000	0.0000	0.9840	0.9840	0.0000	0.9126	0.0011	0.9115	0.0001	0.0000	0.0000	0.9125	0.0010	0.9115	0.0407	0.0347	0.0059	0.0025	0.0024	0.0002	0.0381	0.0324	0.0057	0.0903	0.0533	0.0369	0.0268	0.0252	0.0016	0.0634	0.0281	0.0353	2.3925	1412.3049	0.0001	0.2453	0.5349	0.0009	1.7944	831.5001	0.0001	10.1113	0.0201	24.6821	0.0034	0.0017	0.0301	14.3831	0.0366	25.8007
9	21	0.0819	8	0	1	1	0	0	0	0	0	N	N	N	N	N	N	N	N	N	N	N	N	0.0000	0.0000	0.0000	0.0000	0.0000	0.0000	0.0000	0.0000	0.0000	0.0000	0.0000	0.0000	0.0000	0.0000	0.0000	0.0000	0.0000	0.0000	4.5292	0.0000	14.0997	0.0000	0.0000	0.0000	6.5216	0.0000	14.8293	3195076.7834	0.0000	0.3850	7.0042	2.0000	16.5712	11.9921	0.0000	0.0000	0.0000	0.0000	0.0000	0.0000	0.0000	0.0000	0.0000	0.9994	0.0000	0.9994	0.0000	0.0000	0.0000	0.9994	0.0000	0.9994	0.0652	0.0556	0.0096	0.0038	0.0035	0.0003	0.0614	0.0521	0.0093	0.2207	0.1307	0.0900	0.0674	0.0594	0.0080	0.1532	0.0713	0.0819	0.0000	0.0000	0.0000	0.0000	0.0000	0.0000	0.0000	0.0000	0.0000	4.5292	0.0000	11.1097	0.0000	0.0000	0.0000	6.5216	0.0000	12.1967	
9	22	0.0686	6	0	1	1	0	0	0	0	0	N	N	N	N	N	N	N	N	N	N	N	N	22.7920	16.3452	0.0000	103.9264	109.6605	0.0000	0.0051	0.0060	0.0000	0.0898	0.0978	0.0000	0.0000	0.0000	0.0000	0.0002	0.0004	0.0000	0.0009	0.0009	0.0005	0.0000	0.0000	0.0000	0.0000	0.0530	-0.0003	-0.0000	7.0042	2.9966	16.5712	14.0927	0.0005	0.0005	0.0000	0.0005	0.0005	0.0000	0.0000	0.0000	0.0000	0.0001	0.0001	0.0000	0.0001	0.0001	0.0000	0.0000	0.0000	0.0000	0.0983	0.0838	0.0144	0.0056	0.0052	0.0005	0.0926	0.0787	0.0140	0.2714	0.1577	0.1138	0.0707	0.0651	0.0056	0.2007	0.0926	0.1081	22.7920	16.3452	0.0000	103.9264	109.6605	0.0000	0.0000	0.0000	0.0000	0.0002	0.0004	0.0000	0.0009	0.0009	0.0005	0.0000	0.0000	0.0000			
9	23	0.0506	7	0	1	2	1	0	0	0	0	N	N	Y	N	N	N	N	N	N	N	N	N	0.0000	0.0000	0.0000	0.0000	0.0000	0.0000	0.0000	0.0000	0.0000	0.0000	0.0000	0.0000	0.0000	0.0000	0.0000	0.0000	0.0000	0.0000	0.0001	0.0000	0.0000	0.0000	inf	0.0000	0.0000	7.0042	0.3092	16.5712	0.1355	0.0000	0.0000	0.0000	0.0000	0.0000	0.0000	0.0000	0.0000	0.0000	0.0000	0.0000	0.0000	0.0000	0.0000	0.0000	0.0000	0.0000	0.0000	0.0164	0.0139	0.0025	0.0047	0.0046	0.0001	0.0117	0.0093	0.0024	0.0117	0.0079	0.0038	0.0039	0.0038	0.0001	0.0077	0.0040	0.0037	0.0000	0.0000	0.0000	0.0000	0.0000	0.0000	0.0000	0.0000	0.0000	0.0000	0.0000	0.0000	0.0000	0.0000	0.0001	0.0000	0.0000	0.0000						
9	24	0.0399	6	0	0	1	1	0	0	0	0	N	N	N	N	N	N	N	N	N	N	N	N	995.3394	0.3355	88546592.3483	0.6769	0.6664	16094.3416	0.0000	91150949.8527	5.1301	0.0029	37.0331	0.0190	0.0203	0.0000	5.9089	0.0000	39.4210	0.0052	0.0087	0.0000	0.0281	0.0305	0.0000	0.0004	0.0007	0.0000	2037.0010	0.0000	0.4468	-0.0009	7.0042	6.2779	16.5712	13.9173	0.9899	0.0005	0.9894	0.0005	0.0005	0.0000	0.9894	0.0000	0.9894	0.0015	0.0015	0.0000	0.0014	0.0014	0.0000	0.0001	0.0001	0.0000	0.1930	0.1662	0.0267	0.0255	0.0239	0.0016	0.1674	0.1423	0.0251	0.2958	0.1751	0.1207	0.0510	0.0470	0.0040	0.2448	0.1281	0.1168	995.3394	0.3355	88546592.3483	0.6769	0.6664	0.0000	16094.3416	0.0000	91150949.8527	0.0052	0.0087	0.0000	0.0281	0.0305	0.0000	0.0004	0.0007	0.0000	
9	25	0.0442	7	0	1	1	0	0	0	0	0	N	N	N	N	N	N	N	N	N	N	N	N	0.0004	0.0003	0.4198	0.0218	0.0213	0.0736	0.0000	0.0000	0.6376	0.0001	0.0002	0.0000	0.0013	0.0014	0.0000	0.0000	0.0000	0.0000	0.3561	0.5888	0.0000	0.0613	0.0656	0.0001	0.4765	1.0144	0.0000	0.0029	0.0000	-0.0000	-0.0835	7.0042	3.8932	16.5712	15.3303	0.0000	0.0000	0.0000	0.0000	0.0000	0.0000	0.0000	0.0000	0.0000	0.1359	0.1359	0.0000	0.0068	0.0068	0.0000	0.1291	0.1291	0.0000	0.1441	0.1238	0.0203	0.0151	0.0145	0.0006	0.1290	0.1094	0.0197	0.3816	0.2308	0.1508	0.1107	0.1035	0.0072	0.2709	0.1273	0.1437	0.0004	0.0003	0.4198	0.0218	0.0213	0.0736	0.0000	0.0000	0.6376	0.3561	0.5888	0.0000	0.0613	0.0656	0.0001	0.4765	1.0144	0.0000
9	26	0.0347	5	0	1	1	1	0	0	0	0	N	N	N	N	N	N	N	N	N	N	N	N	0.0000	0.0000	0.2525	0.2496	0.0000	0.0000	0.0001	0.0001	0.0000	0.0004	0.0004	0.0000	0.0000	0.0000	0.0000	3.7607	6.4393	0.0000	0.0015	0.0016	0.0000	4.9181	10.4549	0.0000	0.0000	0.0000	-0.0000	-0.6115	7.0042	4.2937	16.5712	9.5692	0.0000	0.0000	0.0000	0.0000	0.0000	0.0000	0.0000	0.0000	0.0000	0.9947	0.9947	0.0000	0.0001	0.0001	0.0000	0.9947	0.9947	0.0000	0.1716	0.1485	0.0231	0.0295	0.0285	0.0011	0.1421	0.1201	0.0220	0.2645	0.1545	0.1100	0.0623	0.0593	0.0029	0.2022	0.0951	0.1071	0.0000	0.0000	0.0000	0.2525	0.2496	0.0000	0.0000	0.0000	0.0000	3.7607	6.4393	0.0000	0.0015	0.0016	0.0000	4.9181	10.4549	0.0000			
9	27	0.0355	5	1	1	1	0	0	0	0	0	N	N	N	N	N	N	N	N	N	N	N	N	1.4186	0.9255	0.0000	0.0000	0.0000	0.0000	1.2184	0.6839	0.0000	1.9905	2.3415	0.0000	0.0000	0.0000	0.0000	2.0824	2.4570	0.0000	1.4031	2.5300	0.0040	0.0016	0.0010	0.0082	1.7092	3.5928	0.0038	0.0000	0.0013	-0.5419	-0.6143	7.0042	16.0000	16.5712	34.8566	0.9885	0.9885	0.0000	0.0000	0.0000	0.0000	0.9885	0.9885	0.0000	1.0014	1.0001	0.0013	0.0002	0.0001	0.0001	1.0012	1.0000	0.0012	0.4966	0.4221	0.0744	0.0219	0.0198	0.0021	0.4747	0.4023	0.0724	0.7137	0.3953	0.3184	0.1279	0.1170	0.0110	0.5858	0.2783	0.3074	1.4186	0.9255	0.0000	0.0000	0.0000	0.0000	1.2184	0.6839	0.0000	1.4031	2.5300	0.0040	0.0016	0.0010	0.0082	1.7092	3.5928	0.0038
9	28	0.0501	9	0	0	2	0	0	0	0	0	N	N	Y	N	N	N	N	N	N	N	N	N	0.0000	0.0000	0.0000	0.0000	0.0000	0.0000	0.0000	0.0000	0.0000	0.0000	0.0000	0.0000	0.0000	0.0000	0.0000	0.0000	0.0000	0.0000	0.0000	0.0000	7.0042	0.0000	16.5712	3.0088	0.0000	0.0000	0.0000	0.0000	0.0000	0.0000	0.0000	0.0000	0.0000	0.0000	0.0000	0.0000	0.0000	0.0000	0.0000	0.0000	0.0000	0.0000	0.0000	0.0000	0.0000	0.0000	0.0000	0.0000	0.0000	0.0000	0.0000	0.0474	0.0292	0.0182	0.0106	0.0091	0.0015	0.0369	0.0201	0.0167	0.0000	0.0000	0.0000	0.0000	0.0000	0.0000	0.0000	0.0000	0.0000	0.0000	0.0000	0.0000	0.0000	0.0000	0.0000	0.0000	0.0000	0.0000											
9	29	0.0378	6	0	1	1	0	0	0	0	0	N	N	N	N	N	N	N	N	N	N	N	N	0.0018	0.0000	587.2226	0.0136	0.0134	10.9007	0.0016	0.0000	600.0446	0.0055	0.0000	0.0371	0.0000	0.0000	0.0000	0.0060	0.0000	0.0388	3.1093	5.3356	0.0001	0.0033	0.0035	0.0000	3.7586	7.4089	0.0001	1620.1412	0.0000	0.0004	-0.6138	7.0042	5.0749	16.5712	14.8264	0.0009	0.0000	0.0009	0.0000	0.0000	0.0000	0.0009	0.0000	0.0009	0.9985	0.9985	0.0000	0.0002	0.0002	0.0000	0.9983	0.9983	0.0000	0.1695	0.1444	0.0251	0.0134	0.0123	0.0011	0.1561	0.1321	0.0240	0.3211	0.1871	0.1340	0.0555	0.0524	0.0031	0.2656	0.1347	0.1309	0.0018	0.0000	587.2226	0.0136	0.0134	10.9007	0.0016	0.0000	600.0446	3.1093	5.3356	0.0001	0.0033	0.0035	0.0000	3.7586	7.4089	0.0001
9	30	0.0686	6	1	0	2	0	0	0	0	0	N	N	Y	N	N	N	N	N	N	N	N	N	1.6695	6759.2817	0.0000	0.0000	0.0000	0.0000	1.3129	inf	0.0000	5.1063	5.9870	0.0000	0.0000	0.0000	0.0000	5.4036	6.3631	0.0000	3.0586	0.0009	7.2815	0.0020	0.0022	0.0004	4.1156	0.0000	7.6642	0.0000	5952.6139	-0.5416	0.3852	7.0042	5.9956	16.5712	15.0927	0.9879	0.9879	0.0000	0.0000	0.0000	0.0000	0.9879	0.9879	0.0000	1.0003	0.0002	1.0002	0.0002	0.0002	0.0000	1.0002	0.0000	1.0002	0.1935	0.1650	0.0285	0.0106	0.0098	0.0009	0.1828	0.1553	0.0276	0.3271	0.1897	0.1374	0.0840	0.0772	0.0069	0.2430	0.1125	0.1305	1.6695	6759.2817	0.0000	0.0000	0.0000	0.0000	1.3129	inf	0.0000	3.0586	0.0009	7.2815	0.0020	0.0022	0.0004	4.1156	0.0000	7.6642
9	31	0.0399	6	0	1	1	0	0	0	0	0	N	N	N	N	N	N	N	N	N	N	N	N	0.0076	1425.2183	0.0003	2175.1971	2507.8532	11.8036	0.0001	0.0000	0.0003	0.0052	0.0059	0.0006	0.0270	0.0280	0.0003	0.0001	0.0000	0.0006	0.6873	0.0000	1.6905	0.0000	0.0000	0.0000	0.8478	0.0000	1.7485	0.0149	277987.0060	-0.0002	0.0374	7.0042	1.4218	16.5712	7.0463	0.0003	0.0003	0.0000	0.0003	0.0003	0.0000	0.0000	0.0000	0.0000	0.0970	0.0000	0.0970	0.0000	0.0000	0.0000	0.0970	0.0000	0.0970	0.0556	0.0483	0.0073	0.0107	0.0103	0.0004	0.0450	0.0381	0.0069	0.1412	0.0838	0.0574	0.0267	0.0248	0.0019	0.1145	0.0590	0.0555	0.0076	1425.2183	0.0003	2175.1971	2507.8532	11.8036	0.0001	0.0000	0.0003	0.6873	0.0000	1.6905	0.0000	0.0000	0.0000	0.8478	0.0000	1.7485
9	32	0.0347	5	0	0	1	0	0	0	0	0	N	N	N	N	N	N	N	N	N	N	N	N	0.1935	0.0588	0.7724	0.1310	0.1302	1.1671	0.2229	0.0000	0.7892	0.0020	0.0004	0.0125	0.0018	0.0019	0.0001	0.0020	0.0000	0.0131	0.0103	0.0060	0.0162	0.0137	0.0143	0.0001	0.0091	0.0000	0.0166	5.4761	1.9297	0.0001	0.0001	7.0042	4.3312	16.5712	5.5221	0.0003	0.0001	0.0003	0.0001	0.0001	0.0000	0.0003	0.0000	0.0003	0.0021	0.0007	0.0014	0.0007	0.0007	0.0000	0.0014	0.0000	0.0014	0.1728	0.1495	0.0232	0.0296	0.0285	0.0011	0.1432	0.1210	0.0222	0.2059	0.1197	0.0862	0.0527	0.0506	0.0021	0.1532	0.0691	0.0840	0.1935	0.0588	0.7724	0.1310	0.1302	1.1671	0.2229	0.0000	0.7892	0.0103	0.0060	0.0162	0.0137	0.0143	0.0001	0.0091	0.0000	0.0166
9	33	0.0323	4	0	0	1	0	0	0	0	0	N	N	N	N	N	N	N	N	N	N	N	N	0.4827	0.7344	0.2956	32.1731	32.1220	12.8313	0.0558	0.0001	0.2993	0.0027	0.0027	0.0023	0.0194	0.0202	0.0003	0.0004	0.0000	0.0024	0.0055	0.0037	0.0079	0.0006	0.0006	0.0000	0.0066	0.0051	0.0080	0.1402	1.6352	-0.0002	0.0000	7.0042	4.2685	16.5712	3.7703	0.0004	0.0004	0.0001	0.0004	0.0004	0.0000	0.0001	0.0000	0.0001	0.0008	0.0003	0.0005	0.0000	0.0000	0.0000	0.0008	0.0003	0.0005	0.1611	0.1385	0.0226	0.0194	0.0186	0.0008	0.1417	0.1199	0.0218	0.1466	0.0829	0.0637	0.0272	0.0260	0.0012	0.1193	0.0569	0.0624	0.4827	0.7344	0.2956	32.1731	32.1220	12.8313	0.0558	0.0001	0.2993	0.0055	0.0037	0.0079	0.0006	0.0006	0.0000	0.0066	0.0051	0.0080
9	34	0.0686	6	1	0	2	0	0	0	0	0	N	N	Y	N	N	N	N	N	N	N	N	N	20.4598	14.4054	0.0000	95.0611	98.6088	0.0000	0.0060	0.0070	0.0000	0.1073	0.1170	0.0000	0.0000	0.0000	0.0000	0.0003	0.0005	0.0000	0.0011	0.0012	0.0005	0.0000	0.0000	0.0000	0.0000	0.0349	-0.0005	-0.0001	7.0042	4.9966	16.5712	15.0870	0.0010	0.0010	0.0000	0.0010	0.0010	0.0000	0.0000	0.0000	0.0000	0.0001	0.0001	0.0000	0.0001	0.0001	0.0000	0.0000	0.0000	0.0000	0.1620	0.1382	0.0238	0.0090	0.0082	0.0007	0.1530	0.1299	0.0231	0.3132	0.1817	0.1315	0.0807	0.0742	0.0066	0.2325	0.1075	0.1249	20.4598	14.4054	0.0000	95.0611	98.6088	0.0000	0.0000	0.0000	0.0000	0.0003	0.0005	0.0000	0.0011	0.0012	0.0005	0.0000	0.0000	0.0000			
9	35	0.0501	9	0	1	1	0	0	0	0	0	N	N	N	N	N	N	N	N	N	N	N	N	0.0000	0.0000	0.0000	0.0000	0.0000	0.0000	0.0000	0.0000	0.0000	0.0000	0.0000	0.0000	0.0000	0.0000	0.0000	0.0000	0.0000	0.0000	0.0000	0.0000	7.0042	1.0000	16.5712	1.0102	0.0000	0.0000	0.0000	0.0000	0.0000	0.0000	0.0000	0.0000	0.0000	0.0000	0.0000	0.0000	0.0000	0.0000	0.0000	0.0000	0.0000	0.0000	0.0303	0.0259	0.0044	0.0018	0.0017	0.0001	0.0284	0.0242	0.0043	0.0319	0.0197	0.0123	0.0072	0.0061	0.0010	0.0248	0.0135	0.0113	0.0000	0.0000	0.0000	0.0000	0.0000	0.0000	0.0000	0.0000	0.0000	0.0000	0.0000	0.0000	0.0000	0.0000	0.0000	0.0000	0.0000	0.0000											
9	36	0.0501	8	0	0	1	0	0	0	0	0	N	N	N	N	N	N	N	N	N	N	N	N	0.0000	0.0000	0.0000	0.0000	0.0000	0.0000	0.0000	0.0000	0.0000	0.0000	0.0000	0.0000	0.0000	0.0000	0.0000	0.0000	0.0000	0.0000	0.0000	0.0000	7.0042	0.0000	16.5712	0.0263	0.0000	0.0000	0.0000	0.0000	0.0000	0.0000	0.0000	0.0000	0.0000	0.0000	0.0000	0.0000	0.0000	0.0000	0.0000	0.0000	0.0000	0.0000	0.0000	0.0000	0.0000	0.0000	0.0000	0.0000	0.0000	0.0000	0.0000	0.0007	0.0004	0.0003	0.0002	0.0002	0.0000	0.0005	0.0002	0.0003	0.0000	0.0000	0.0000	0.0000	0.0000	0.0000	0.0000	0.0000	0.0000	0.0000	0.0000	0.0000	0.0000	0.0000	0.0000	0.0000	0.0000	0.0000											
9	37	0.1017	7	1	1	2	0	0	0	0	0	N	N	Y	N	N	N	N	N	N	N	N	N	0.0000	0.0000	0.0000	0.0000	0.0000	0.0000	0.0000	0.0000	0.0000	0.0000	0.0000	0.0000	0.0000	8.1041	0.0000	40.3655	0.0000	0.0000	0.0000	11.7220	0.0000	43.5382	inf	0.0000	0.3852	7.0042	3.0000	16.5712	5.0002	0.0000	0.0000	0.0000	0.0000	0.0000	0.0000	0.0000	0.0000	0.0000	1.0000	0.0000	1.0000	0.0000	0.0000	0.0000	1.0000	0.0000	1.0000	0.0960	0.0817	0.0143	0.0086	0.0079	0.0007	0.0874	0.0738	0.0135	0.1234	0.0751	0.0483	0.0381	0.0350	0.0031	0.0853	0.0401	0.0452	0.0000	0.0000	0.0000	0.0000	0.0000	0.0000	0.0000	0.0000	0.0000	8.1041	0.0000	20.7010	0.0000	0.0000	0.0000	11.7220	0.0000	22.1279						
9	38	0.0691	9	1	1	1	0	0	0	0	0	N	N	N	N	N	N	N	N	N	N	N	N	7.5742	inf	0.0000	inf	inf	0.0000	0.0000	0.0002	0.0003	0.0000	0.0006	0.0006	0.0000	0.0000	0.0000	0.0000	0.0000	0.0000	0.0001	0.0000	0.0000	0.0000	0.0001	0.0000	0.0001	0.0000	inf	-0.0000	0.0000	7.0042	0.0001	16.5712	0.1668	0.0000	0.0000	0.0000	0.0000	0.0000	0.0000	0.0000	0.0000	0.0000	0.0000	0.0000	0.0000	0.0000	0.0000	0.0000	0.0000	0.0000	0.0000	0.0000	0.0000	0.0000	0.0000	0.0000	0.0000	0.0000	0.0000	0.0000	0.0187	0.0142	0.0045	0.0087	0.0087	0.0000	0.0100	0.0055	0.0045	7.5742	inf	0.0000	inf	inf	0.0000	0.0000	0.0000	0.0000	0.0000	0.0000	0.0001	0.0000	0.0000	0.0000	0.0001	0.0000	0.0001		
9	39	0.0416	8	0	0	1	1	0	0	0	0	N	N	N	N	N	N	N	N	N	N	N	N	0.0251	0.0189	0.0000	0.0353	0.0353	0.0000	0.0000	0.0000	0.0001	0.0001	0.0000	0.0005	0.0005	0.0000	0.0000	0.0000	0.0000	0.0040	0.0061	0.0000	0.0135	0.0139	0.0000	0.0000	0.0000	0.0000	0.0000	0.0000	-0.0000	-0.0007	7.0042	1.7673	16.5712	9.0239	0.0000	0.0000	0.0000	0.0000	0.0000	0.0000	0.0000	0.0000	0.0000	0.0011	0.0011	0.0000	0.0011	0.0011	0.0000	0.0000	0.0000	0.0000	0.0831	0.0715	0.0117	0.0174	0.0169	0.0005	0.0657	0.0546	0.0112	0.2742	0.1780	0.0962	0.0809	0.0786	0.0023	0.1933	0.0995	0.0939	0.0251	0.0189	0.0000	0.0353	0.0353	0.0000	0.0000	0.0000	0.0000	0.0040	0.0061	0.0000	0.0135	0.0139	0.0000	0.0000	0.0000	0.0000	
9	40	0.0392	7	0	0	1	1	0	0	0	0	N	N	N	N	N	N	N	N	N	N	N	N	19.0337	3.3336	55.5667	4.8442	9.6041	0.0744	17.0835	2.5661	57.3476	1.2807	0.0092	8.8303	0.0242	0.0256	0.0038	1.4198	0.0072	9.2595	0.0673	0.0028	0.1589	0.0050	0.0027	0.0517	0.0831	0.0028	0.1615	160.8709	40.3476	0.0690	0.0032	7.0042	3.4690	16.5712	3.7419	0.1549	0.0010	0.1539	0.0003	0.0003	0.0000	0.1546	0.0007	0.1539	0.0088	0.0002	0.0086	0.0001	0.0001	0.0001	0.0087	0.0001	0.0085	0.1209	0.1035	0.0174	0.0121	0.0112	0.0008	0.1089	0.0923	0.0166	0.1309	0.0768	0.0541	0.0265	0.0253	0.0013	0.1044	0.0515	0.0528	19.0337	3.3336	55.5667	4.8442	9.6041	0.0744	17.0835	2.5661	57.3476	0.0673	0.0028	0.1589	0.0050	0.0027	0.0517	0.0831	0.0028	0.1615
9	41	0.0872	11	0	1	2	0	0	0	0	0	N	N	Y	N	N	N	N	N	N	N	N	N	0.0000	0.0000	0.0000	0.0000	0.0000	0.0000	0.0000	0.0000	0.0000	0.0000	0.0000	0.0000	0.0000	0.0000	0.0000	0.0000	0.0000	0.0000	0.0009	0.0014	0.0000	0.0024	0.0026	0.0000	0.0000	0.0000	0.0000	0.0135	0.0000	-0.0001	7.0042	0.9997	16.5712	10.1790	0.0000	0.0000	0.0000	0.0000	0.0000	0.0000	0.0000	0.0000	0.0000	0.0002	0.0002	0.0000	0.0002	0.0002	0.0000	0.0000	0.0000	0.0000	0.0332	0.0283	0.0049	0.0023	0.0021	0.0002	0.0309	0.0262	0.0047	0.2370	0.1557	0.0813	0.0888	0.0818	0.0070	0.1482	0.0739	0.0743	0.0000	0.0000	0.0000	0.0000	0.0000	0.0000	0.0000	0.0000	0.0000	0.0009	0.0014	0.0000	0.0024	0.0026	0.0000	0.0000	0.0000	0.0000	
9	42	0.0861	10	0	1	1	0	0	0	0	0	N	N	N	N	N	N	N	N	N	N	N	N	0.0000	0.0000	0.0000	0.0000	0.0000	0.0000	0.0000	0.0000	0.0000	0.0000	0.0000	0.0000	0.0000	0.0000	0.0000	0.0000	0.0000	0.0000	0.0034	0.0043	0.0019	0.0026	0.0027	0.0012	0.0039	0.0064	0.0020	0.2674	0.0000	-0.0000	7.0042	0.0007	16.5712	0.9413	0.0000	0.0000	0.0000	0.0000	0.0000	0.0000	0.0000	0.0000	0.0000	0.0001	0.0001	0.0000	0.0000	0.0000	0.0000	0.0001	0.0000	0.0000	0.0000	0.0000	0.0000	0.0000	0.0000	0.0000	0.0000	0.0000	0.0000	0.0230	0.0144	0.0086	0.0087	0.0082	0.0006	0.0143	0.0062	0.0081	0.0000	0.0000	0.0000	0.0000	0.0000	0.0000	0.0000	0.0000	0.0000	0.0034	0.0043	0.0019	0.0026	0.0027	0.0012	0.0039	0.0064	0.0020	
9	43	0.0686	6	1	0	2	0	0	0	0	0	N	N	Y	N	N	N	N	N	N	N	N	N	340172.3401	231983.3915	0.0000	0.0000	inf	inf	14.9474	17.5184	0.0000	0.0000	0.0000	0.0000	15.8858	18.7113	0.0000	0.0000	0.0001	0.0000	0.0002	0.0002	0.0000	0.0000	0.0000	0.0000	0.0000	0.0000	-0.5416	-0.0000	7.0042	1.9995	16.5712	12.0029	0.9879	0.9879	0.0000	0.0000	0.0000	0.0000	0.9879	0.9879	0.0000	0.0000	0.0000	0.0000	0.0000	0.0000	0.0000	0.0000	0.0000	0.0000	0.0661	0.0564	0.0097	0.0039	0.0036	0.0003	0.0622	0.0528	0.0094	0.2276	0.1324	0.0952	0.0602	0.0555	0.0047	0.1674	0.0769	0.0905	340172.3401	231983.3915	0.0000	0.0000	0.0000	0.0000	inf	inf	0.0000	0.0000	0.0001	0.0000	0.0002	0.0002	0.0000	0.0000	0.0000	0.0000			
9	44	0.0355	5	1	1	1	0	0	0	0	0	N	N	N	N	N	N	N	N	N	N	N	N	0.8545	9.1931	2.5241	135.9282	137.9810	0.0000	0.7285	0.0000	2.5097	3.1206	0.0048	20.6902	0.0908	0.1004	0.0000	3.2626	0.0000	21.2948	3.6522	0.0005	8.1971	0.0007	0.0007	0.0000	4.4787	0.0004	8.4851	767.1938	12659.2117	0.4464	0.7664	7.0042	10.0000	16.5712	26.8440	0.9910	0.0013	0.9897	0.0013	0.0013	0.0000	0.9897	0.0000	0.9897	1.9896	0.0002	1.9895	0.0001	0.0001	0.0000	1.9896	0.0001	1.9895	0.3176	0.2697	0.0478	0.0142	0.0129	0.0014	0.3033	0.2569	0.0465	0.5448	0.3021	0.2427	0.1006	0.0923	0.0082	0.4442	0.2098	0.2345	0.8545	9.1931	2.5241	135.9282	137.9810	0.0000	0.7285	0.0000	2.5097	3.6522	0.0005	8.1971	0.0007	0.0007	0.0000	4.4787	0.0004	8.4851
9	45	0.0861	10	0	1	1	0	0	0	0	0	N	N	N	N	N	N	N	N	N	N	N	N	23.5612	52.3399	0.0000	139.7709	351.7240	0.0000	0.0000	0.0000	0.0002	0.0002	0.0000	0.0030	0.0033	0.0000	0.0000	0.0000	0.0000	0.0000	0.0000	0.0000	0.0000	0.0000	0.0001	0.0000	0.0000	0.0000	0.0000	2.1152	-0.0000	0.0000	7.0042	3.0000	16.5712	5.0456	0.0000	0.0000	0.0000	0.0000	0.0000	0.0000	0.0000	0.0000	0.0000	0.0000	0.0000	0.0000	0.0000	0.0000	0.0000	0.0000	0.0000	0.0000	0.0986	0.0840	0.0146	0.0067	0.0061	0.0006	0.0919	0.0779	0.0140	0.1392	0.0846	0.0546	0.0461	0.0415	0.0046	0.0932	0.0431	0.0501	23.5612	52.3399	0.0000	139.7709	351.7240	0.0000	0.0000	0.0000	0.0000	0.0000	0.0000	0.0000	0.0000	0.0000	0.0001	0.0000	0.0000	0.0000	
9	46	0.0819	9	0	1	1	0	0	0	0	0	N	N	N	N	N	N	N	N	N	N	N	N	0.0000	0.0000	0.0000	0.0000	0.0000	0.0000	0.0000	0.0000	0.0000	0.0000	0.0000	0.0000	0.0000	0.0000	0.0000	0.0000	0.0000	0.0000	0.0112	0.0186	0.0004	0.0351	0.0396	0.0000	0.0002	0.0000	0.0004	0.0130	-0.0000	-0.0003	7.0042	2.0000	16.5712	1.0030	0.0000	0.0000	0.0000	0.0000	0.0000	0.0000	0.0000	0.0000	0.0000	0.0006	0.0006	0.0000	0.0006	0.0006	0.0000	0.0000	0.0000	0.0000	0.0652	0.0556	0.0096	0.0038	0.0035	0.0003	0.0614	0.0521	0.0093	0.0506	0.0302	0.0204	0.0160	0.0142	0.0018	0.0346	0.0160	0.0186	0.0000	0.0000	0.0000	0.0000	0.0000	0.0000	0.0000	0.0000	0.0000	0.0112	0.0186	0.0004	0.0351	0.0396	0.0000	0.0002	0.0000	0.0004	
9	47	0.0819	8	0	1	1	0	0	0	0	0	N	N	N	N	N	N	N	N	N	N	N	N	0.0000	0.0000	0.0000	0.0000	0.0000	0.0000	0.0000	0.0000	0.0000	0.0000	0.0000	0.0000	0.0000	0.0000	0.0000	0.0000	0.0000	0.0000	0.3819	0.2904	0.5625	0.4318	0.4471	0.0017	0.3417	0.0002	0.5891	0.9818	0.0000	-0.0001	7.0042	0.0000	16.5712	0.0582	0.0000	0.0000	0.0000	0.0000	0.0000	0.0000	0.0000	0.0000	0.0000	0.0011	0.0006	0.0006	0.0006	0.0006	0.0000	0.0006	0.0000	0.0006	0.0000	0.0000	0.0000	0.0000	0.0000	0.0000	0.0000	0.0000	0.0000	0.0030	0.0020	0.0010	0.0013	0.0013	0.0000	0.0016	0.0007	0.0010	0.0000	0.0000	0.0000	0.0000	0.0000	0.0000	0.0000	0.0000	0.0000	0.3819	0.2904	0.5625	0.4318	0.4471	0.0017	0.3417	0.0002	0.5891	
9	48	0.0781	7	0	1	1	0	0	0	0	0	N	N	N	N	N	N	N	N	N	N	N	N	59.2679	53.3229	0.0000	0.0000	0.0000	0.0000	142.6487	140.8034	0.0000	2.4768	2.8559	0.0000	0.0000	0.0000	0.0000	3.6050	4.2376	0.0000	0.0418	0.0536	0.0184	0.0696	0.0756	0.0000	0.0253	0.0301	0.0202	0.0000	0.1731	-0.0002	-0.0018	7.0042	0.0018	16.5712	3.9096	0.0003	0.0003	0.0000	0.0000	0.0000	0.0000	0.0003	0.0003	0.0000	0.0039	0.0033	0.0006	0.0024	0.0024	0.0000	0.0015	0.0009	0.0006	0.0001	0.0001	0.0000	0.0000	0.0000	0.0000	0.0001	0.0001	0.0000	0.0923	0.0614	0.0309	0.0344	0.0317	0.0027	0.0579	0.0297	0.0282	59.2679	53.3229	0.0000	0.0000	0.0000	0.0000	142.6487	140.8034	0.0000	0.0418	0.0536	0.0184	0.0696	0.0756	0.0000	0.0253	0.0301	0.0202
9	49	0.0686	6	0	1	1	0	0	0	0	0	N	N	N	N	N	N	N	N	N	N	N	N	895.6157	2814.5768	0.0000	0.0279	0.0282	0.0000	704.1327	1884.9136	0.0000	14.9167	17.4825	0.0000	0.0000	0.0000	0.0000	15.8530	18.6727	0.0000	0.0167	0.0062	0.0314	0.0014	0.0015	0.0000	0.0225	0.0099	0.0329	0.0000	3.5795	-0.5414	0.0004	7.0042	2.0031	16.5712	6.0601	0.9876	0.9876	0.0000	0.0000	0.0000	0.0000	0.9876	0.9876	0.0000	0.0023	0.0005	0.0018	0.0001	0.0001	0.0000	0.0023	0.0005	0.0018	0.0662	0.0565	0.0097	0.0039	0.0036	0.0003	0.0623	0.0529	0.0094	0.1409	0.0825	0.0584	0.0392	0.0364	0.0027	0.1018	0.0461	0.0557	895.6157	2814.5768	0.0000	0.0279	0.0282	0.0000	704.1327	1884.9136	0.0000	0.0167	0.0062	0.0314	0.0014	0.0015	0.0000	0.0225	0.0099	0.0329
9	50	0.0501	8	0	0	2	0	0	0	0	0	N	N	Y	N	N	N	N	N	N	N	N	N	0.0000	0.0000	0.0000	0.0000	0.0000	0.0000	0.0000	0.0000	0.0000	0.0000	0.0000	0.0000	0.0000	0.0000	0.0000	0.0000	0.0000	0.0000	0.0000	0.0000	7.0042	0.0004	16.5712	0.9852	0.0000	0.0000	0.0000	0.0000	0.0000	0.0000	0.0000	0.0000	0.0000	0.0000	0.0000	0.0000	0.0000	0.0000	0.0000	0.0000	0.0000	0.0000	0.0000	0.0000	0.0000	0.0000	0.0000	0.0000	0.0000	0.0000	0.0000	0.0162	0.0098	0.0064	0.0034	0.0031	0.0003	0.0128	0.0067	0.0061	0.0000	0.0000	0.0000	0.0000	0.0000	0.0000	0.0000	0.0000	0.0000	0.0000	0.0000	0.0000	0.0000	0.0000	0.0000	0.0000	0.0000	0.0000											
9	51	0.0392	7	0	0	1	0	0	0	0	0	N	N	N	N	N	N	N	N	N	N	N	N	2.7306	1.9224	0.5452	5.8311	5.9614	0.0000	0.1853	0.0000	0.5950	0.0004	0.0005	0.0000	0.0051	0.0055	0.0000	0.0000	0.0000	0.0000	0.0002	0.0003	0.0000	0.0009	0.0009	0.0000	0.0000	0.0000	0.0000	0.0018	0.0257	-0.0001	-0.0000	7.0042	10.7574	16.5712	12.9024	0.0002	0.0001	0.0000	0.0001	0.0001	0.0000	0.0000	0.0000	0.0000	0.0001	0.0001	0.0000	0.0001	0.0001	0.0000	0.0000	0.0000	0.0000	0.3530	0.3015	0.0515	0.0295	0.0272	0.0023	0.3235	0.2743	0.0492	0.3753	0.2204	0.1549	0.0655	0.0616	0.0039	0.3098	0.1588	0.1510	2.7306	1.9224	0.5452	5.8311	5.9614	0.0000	0.1853	0.0000	0.5950	0.0002	0.0003	0.0000	0.0009	0.0009	0.0000	0.0000	0.0000	0.0000
9	52	0.0378	6	0	0	1	0	0	0	0	0	N	N	N	N	N	N	N	N	N	N	N	N	4.2693	0.0028	81.4447	0.0114	0.0112	0.2026	19.4055	0.0000	84.0660	0.0113	0.0000	0.0764	0.0001	0.0001	0.0001	0.0124	0.0000	0.0799	0.0027	0.0039	0.0009	0.0103	0.0107	0.0004	0.0006	0.0003	0.0009	1215.4657	0.1761	0.0005	-0.0001	7.0042	2.6694	16.5712	2.4027	0.0010	0.0000	0.0010	0.0000	0.0000	0.0000	0.0010	0.0000	0.0010	0.0003	0.0002	0.0000	0.0002	0.0002	0.0000	0.0000	0.0000	0.0000	0.0910	0.0775	0.0135	0.0076	0.0070	0.0006	0.0834	0.0705	0.0129	0.0957	0.0552	0.0405	0.0200	0.0191	0.0008	0.0757	0.0360	0.0397	4.2693	0.0028	81.4447	0.0114	0.0112	0.2026	19.4055	0.0000	84.0660	0.0027	0.0039	0.0009	0.0103	0.0107	0.0004	0.0006	0.0003	0.0009
9	53	0.0326	5	0	0	1	0	0	0	0	0	N	N	N	N	N	N	N	N	N	N	N	N	1925.5921	3.9292	17610.6255	41.3217	40.8323	1136.9378	2114.5244	0.0000	17891.7388	3.1520	0.0076	21.9418	0.0622	0.0652	0.0052	3.5139	0.0000	22.7749	0.0016	0.0019	0.0012	0.0015	0.0016	0.0000	0.0017	0.0020	0.0013	484.7199	0.4811	0.4403	-0.0001	7.0042	8.6921	16.5712	5.3599	0.9789	0.0020	0.9769	0.0020	0.0020	0.0000	0.9768	0.0000	0.9768	0.0004	0.0003	0.0001	0.0001	0.0001	0.0000	0.0003	0.0002	0.0001	0.3106	0.2660	0.0445	0.0326	0.0309	0.0016	0.2780	0.2351	0.0429	0.2301	0.1319	0.0982	0.0363	0.0343	0.0021	0.1938	0.0977	0.0961	1925.5921	3.9292	17610.6255	41.3217	40.8323	1136.9378	2114.5244	0.0000	17891.7388	0.0016	0.0019	0.0012	0.0015	0.0016	0.0000	0.0017	0.0020	0.0013
9	54	0.0323	4	0	0	1	0	0	0	0	0	N	N	N	N	N	N	N	N	N	N	N	N	420.4509	12.9414	2856.4309	27.0059	26.7219	1016.7595	780.9311	inf	2908.2310	0.1695	0.0048	1.2644	0.0236	0.0240	0.0051	0.2011	0.0000	1.3078	0.0004	0.0004	0.0004	0.0009	0.0009	0.0000	0.0003	0.0000	0.0004	39.5595	0.9527	0.0061	-0.0000	7.0042	1.8652	16.5712	1.4001	0.0142	0.0003	0.0138	0.0004	0.0003	0.0000	0.0138	0.0000	0.0138	0.0000	0.0000	0.0000	0.0000	0.0000	0.0000	0.0000	0.0000	0.0000	0.0838	0.0728	0.0109	0.0149	0.0145	0.0004	0.0688	0.0583	0.0106	0.0719	0.0400	0.0319	0.0170	0.0165	0.0005	0.0549	0.0235	0.0314	420.4509	12.9414	2856.4309	27.0059	26.7219	1016.7595	780.9311	inf	2908.2310	0.0004	0.0004	0.0004	0.0009	0.0009	0.0000	0.0003	0.0000	0.0004
9	55	0.0278	3	0	0	1	0	0	0	0	0	N	N	N	N	N	N	N	N	N	N	N	N	0.0323	0.2393	0.0500	1.2010	1.2388	0.1540	0.0121	0.0000	0.0508	0.0076	0.0044	0.0266	0.0373	0.0387	0.0029	0.0041	0.0000	0.0273	0.2336	0.0186	0.5322	0.0311	0.0312	0.0189	0.3425	0.0000	0.5370	0.9775	20.6366	-0.0000	0.0234	7.0042	2.5292	16.5712	4.9772	0.0007	0.0004	0.0004	0.0004	0.0004	0.0000	0.0004	0.0000	0.0004	0.0689	0.0032	0.0658	0.0032	0.0032	0.0000	0.0657	0.0000	0.0657	0.0948	0.0815	0.0133	0.0097	0.0094	0.0004	0.0851	0.0722	0.0129	0.2952	0.1716	0.1236	0.1032	0.1021	0.0012	0.1919	0.0695	0.1224	0.0323	0.2393	0.0500	1.2010	1.2388	0.1540	0.0121	0.0000	0.0508	0.2336	0.0186	0.5322	0.0311	0.0312	0.0189	0.3425	0.0000	0.5370
9	56	0.0686	6	1	1	1	0	0	0	0	0	N	N	N	N	N	N	N	N	N	N	N	N	0.0000	0.0000	0.0000	0.0000	0.0000	0.0000	0.0000	0.0000	0.0000	0.0000	0.0000	0.0000	0.0000	0.0000	0.0000	0.0000	0.0000	0.0000	0.0000	0.0000	7.0042	0.0000	16.5712	10.9971	0.0000	0.0000	0.0000	0.0000	0.0000	0.0000	0.0000	0.0000	0.0000	0.0000	0.0000	0.0000	0.0000	0.0000	0.0000	0.0000	0.0000	0.0000	0.0000	0.0000	0.0000	0.0000	0.0000	0.0000	0.0000	0.0000	0.0000	0.1841	0.1074	0.0767	0.0497	0.0460	0.0037	0.1345	0.0614	0.0730	0.0000	0.0000	0.0000	0.0000	0.0000	0.0000	0.0000	0.0000	0.0000	0.0000	0.0000	0.0000	0.0000	0.0000	0.0000	0.0000	0.0000	0.0000											
9	57	0.1239	9	0	0	1	0	0	0	0	0	N	N	N	N	N	N	N	N	N	N	N	N	0.0002	0.0003	0.0000	0.0010	0.0012	0.0000	0.0000	0.0000	0.0000	0.0001	0.0001	0.0000	0.0003	0.0004	0.0000	0.0000	0.0000	0.0000	0.4358	0.3501	0.6181	0.3387	0.2947	0.7558	0.5144	0.4317	0.5968	0.0003	0.8287	-0.0000	-0.0580	7.0042	7.8198	16.5712	21.5823	0.0000	0.0000	0.0000	0.0000	0.0000	0.0000	0.0000	0.0000	0.0000	0.3588	0.1962	0.1626	0.1249	0.0983	0.0266	0.2339	0.0979	0.1360	0.4250	0.3668	0.0582	0.1198	0.1160	0.0038	0.3052	0.2508	0.0544	0.8234	0.5603	0.2630	0.3686	0.3334	0.0352	0.4547	0.2269	0.2278	0.0002	0.0003	0.0000	0.0010	0.0012	0.0000	0.0000	0.0000	0.0000	0.4358	0.3501	0.6181	0.3387	0.2947	0.7558	0.5144	0.4317	0.5968
9	58	0.1044	10	1	1	2	0	0	0	0	0	N	N	Y	N	N	N	N	N	N	N	N	N	0.0000	0.0000	15.9648	0.0700	0.0000	inf	0.0000	0.0000	0.0000	0.0000	0.0000	0.0001	0.0001	0.0000	0.0016	0.0000	0.0000	0.0000	4.5744	7.6177	0.0000	0.0018	0.0020	0.0000	6.5826	14.1295	0.0000	inf	0.0000	0.0000	-0.6114	7.0042	2.0055	16.5712	11.8091	0.0000	0.0000	0.0000	0.0000	0.0000	0.0000	0.0000	0.0000	0.0000	0.9945	0.9945	0.0000	0.0001	0.0001	0.0000	0.9944	0.9944	0.0000	0.0659	0.0562	0.0097	0.0044	0.0040	0.0004	0.0615	0.0522	0.0093	0.2174	0.1305	0.0869	0.0663	0.0602	0.0062	0.1511	0.0704	0.0807	0.0000	0.0000	15.9648	0.0700	0.0000	inf	0.0000	0.0000	0.0000	4.5744	7.6177	0.0000	0.0018	0.0020	0.0000	6.5826	14.1295	0.0000
9	59	0.0990	9	1	0	2	0	0	0	0	0	N	N	Y	N	N	N	N	N	N	N	N	N	0.0005	0.0004	0.0006	0.0041	0.0041	4.2004	0.0000	0.0000	0.0000	0.0000	0.0000	0.0000	0.0001	0.0002	0.0000	0.0000	0.0000	0.0000	0.0185	0.0287	0.0006	0.0339	0.0370	0.0000	0.0100	0.0199	0.0007	0.0064	0.0124	-0.0000	-0.0010	7.0042	1.9951	16.5712	2.5667	0.0000	0.0000	0.0000	0.0000	0.0000	0.0000	0.0000	0.0000	0.0000	0.0017	0.0017	0.0000	0.0011	0.0011	0.0000	0.0006	0.0006	0.0000	0.0654	0.0557	0.0096	0.0041	0.0038	0.0003	0.0613	0.0520	0.0093	0.0905	0.0576	0.0329	0.0322	0.0295	0.0027	0.0583	0.0281	0.0302	0.0005	0.0004	0.0006	0.0041	0.0041	4.2004	0.0000	0.0000	0.0000	0.0185	0.0287	0.0006	0.0339	0.0370	0.0000	0.0100	0.0199	0.0007
9	60	0.0922	8	1	0	2	0	0	0	0	0	N	N	Y	N	N	N	N	N	N	N	N	N	0.0002	0.0000	0.0004	0.0040	0.0000	1665.5917	0.0000	0.0000	0.0000	0.0000	0.0000	0.0000	0.0000	0.0000	0.0019	0.0000	0.0000	0.0000	0.0107	0.0015	0.0391	0.0019	0.0021	0.0000	0.0184	0.0006	0.0475	inf	8.7430	0.0000	0.0003	7.0042	0.0108	16.5712	3.6229	0.0000	0.0000	0.0000	0.0000	0.0000	0.0000	0.0000	0.0000	0.0000	0.0010	0.0001	0.0009	0.0001	0.0001	0.0000	0.0009	0.0000	0.0009	0.0006	0.0005	0.0001	0.0002	0.0002	0.0000	0.0004	0.0003	0.0001	0.0948	0.0715	0.0233	0.0442	0.0401	0.0041	0.0505	0.0313	0.0192	0.0002	0.0000	0.0004	0.0040	0.0000	1665.5917	0.0000	0.0000	0.0000	0.0107	0.0015	0.0391	0.0019	0.0021	0.0000	0.0184	0.0006	0.0475
9	61	0.0442	7	0	1	1	0	0	0	0	0	N	N	N	N	N	N	N	N	N	N	N	N	0.0000	0.0000	0.0000	0.0001	0.0001	0.0000	0.0000	0.0000	0.0000	0.0000	0.0000	0.0000	0.0000	0.0000	0.0000	0.0000	0.0000	0.4588	0.7379	0.0000	0.0192	0.0203	0.0000	0.6655	1.4178	0.0000	0.0000	0.0000	-0.0000	-0.0804	7.0042	4.0917	16.5712	8.0988	0.0000	0.0000	0.0000	0.0000	0.0000	0.0000	0.0000	0.0000	0.0000	0.1309	0.1309	0.0000	0.0018	0.0018	0.0000	0.1291	0.1291	0.0000	0.1504	0.1292	0.0212	0.0154	0.0147	0.0006	0.1351	0.1145	0.0206	0.2852	0.1773	0.1078	0.0912	0.0863	0.0049	0.1940	0.0911	0.1029	0.0000	0.0000	0.0000	0.0001	0.0001	0.0000	0.0000	0.0000	0.0000	0.4588	0.7379	0.0000	0.0192	0.0203	0.0000	0.6655	1.4178	0.0000	
9	62	0.0404	6	0	1	1	0	0	0	0	0	N	N	N	N	N	N	N	N	N	N	N	N	0.0000	0.0000	0.0000	0.0014	0.0014	0.0000	0.0000	0.0000	0.0000	0.0003	0.0003	0.0000	0.0001	0.0001	0.0000	0.0003	0.0004	0.0000	6.1661	11.0463	0.0342	0.0535	0.0577	0.0018	8.2314	18.9997	0.0356	0.0000	0.0025	-0.0000	-0.5303	7.0042	2.1165	16.5712	5.0852	0.0000	0.0000	0.0000	0.0000	0.0000	0.0000	0.0000	0.0000	0.0000	0.8660	0.8639	0.0021	0.0019	0.0019	0.0000	0.8641	0.8620	0.0021	0.0696	0.0590	0.0106	0.0033	0.0030	0.0003	0.0663	0.0560	0.0103	0.1405	0.0782	0.0622	0.0355	0.0328	0.0026	0.1050	0.0454	0.0596	0.0000	0.0000	0.0000	0.0014	0.0014	0.0000	0.0000	0.0000	0.0000	6.1661	11.0463	0.0342	0.0535	0.0577	0.0018	8.2314	18.9997	0.0356
9	63	0.0922	8	1	0	2	0	0	0	0	0	N	N	Y	N	N	N	N	N	N	N	N	N	0.2117	0.1594	0.0000	1.7010	1.5947	0.0000	0.0000	0.0000	0.0001	0.0001	0.0000	0.0018	0.0019	0.0000	0.0000	0.0000	0.0000	0.0004	0.0006	0.0000	0.0011	0.0012	0.0000	0.0000	0.0000	0.0000	0.0000	0.0001	-0.0000	-0.0001	7.0042	3.9990	16.5712	8.8702	0.0000	0.0000	0.0000	0.0000	0.0000	0.0000	0.0000	0.0000	0.0000	0.0001	0.0001	0.0000	0.0001	0.0001	0.0000	0.0000	0.0000	0.0000	0.1294	0.1115	0.0178	0.0056	0.0053	0.0003	0.1238	0.1062	0.0176	0.2305	0.1496	0.0809	0.0800	0.0715	0.0084	0.1506	0.0780	0.0725	0.2117	0.1594	0.0000	1.7010	1.5947	0.0000	0.0000	0.0000	0.0000	0.0004	0.0006	0.0000	0.0011	0.0012	0.0000	0.0000	0.0000	0.0000	
9	64	0.0720	7	1	0	2	0	0	0	0	0	N	N	Y	N	N	N	N	N	N	N	N	N	0.0000	0.0000	0.0000	0.0000	0.0000	0.0000	0.0000	0.0000	0.0000	0.0000	0.0000	0.0000	0.0000	0.0000	0.0000	0.0000	0.0000	0.0000	0.0033	0.0051	0.0004	0.0092	0.0098	0.0000	0.0006	0.0007	0.0004	0.0000	0.0487	-0.0000	-0.0004	7.0042	3.9972	16.5712	6.8232	0.0000	0.0000	0.0000	0.0000	0.0000	0.0000	0.0000	0.0000	0.0000	0.0007	0.0007	0.0000	0.0007	0.0007	0.0000	0.0001	0.0001	0.0000	0.1361	0.1167	0.0194	0.0103	0.0097	0.0006	0.1259	0.1070	0.0188	0.2219	0.1378	0.0841	0.0705	0.0664	0.0042	0.1514	0.0714	0.0799	0.0000	0.0000	0.0000	0.0000	0.0000	0.0000	0.0000	0.0000	0.0000	0.0033	0.0051	0.0004	0.0092	0.0098	0.0000	0.0006	0.0007	0.0004
9	65	0.0481	7	0	1	1	0	0	0	0	0	N	N	N	N	N	N	N	N	N	N	N	N	0.0006	0.0444	0.0001	0.3088	0.3145	0.0107	0.0000	0.0187	0.0001	0.0007	0.0008	0.0002	0.0105	0.0113	0.0000	0.0000	0.0000	0.0002	1.1398	0.0169	2.8837	0.0340	0.0359	0.0031	1.6237	0.0000	3.0218	0.0461	109.6812	-0.0002	0.4245	7.0042	15.6632	16.5712	35.0639	0.0003	0.0003	0.0000	0.0003	0.0003	0.0000	0.0000	0.0000	0.0000	1.1283	0.0102	1.1181	0.0102	0.0102	0.0001	1.1181	0.0000	1.1181	0.5024	0.4284	0.0741	0.0306	0.0284	0.0022	0.4718	0.3999	0.0719	0.9899	0.6022	0.3877	0.3013	0.2835	0.0177	0.6886	0.3186	0.3700	0.0006	0.0444	0.0001	0.3088	0.3145	0.0107	0.0000	0.0187	0.0001	1.1398	0.0169	2.8837	0.0340	0.0359	0.0031	1.6237	0.0000	3.0218
9	66	0.0481	7	0	0	2	0	0	0	0	0	N	N	Y	N	N	N	N	N	N	N	N	N	0.0005	2.3019	0.0000	9.1696	13.5880	0.0000	0.0000	0.0000	0.0000	0.0009	0.0011	0.0000	0.0103	0.0108	0.0000	0.0000	0.0000	0.0000	1.8978	0.0005	5.2355	0.0011	0.0008	0.0105	3.1536	0.0000	5.4371	0.0000	6178.9312	-0.0001	0.4301	7.0042	4.9998	16.5712	10.1184	0.0002	0.0002	0.0000	0.0002	0.0002	0.0000	0.0000	0.0000	0.0000	1.1169	0.0002	1.1167	0.0003	0.0002	0.0001	1.1166	0.0000	1.1166	0.1790	0.1533	0.0257	0.0165	0.0157	0.0008	0.1626	0.1376	0.0249	0.5885	0.3752	0.2133	0.2344	0.2265	0.0079	0.3541	0.1487	0.2054	0.0005	2.3019	0.0000	9.1696	13.5880	0.0000	0.0000	0.0000	0.0000	1.8978	0.0005	5.2355	0.0011	0.0008	0.0105	3.1536	0.0000	5.4371
9	69	0.1017	8	1	0	2	0	0	0	0	0	N	N	Y	N	N	N	N	N	N	N	N	N	0.0000	0.0000	0.0000	0.0000	0.0000	0.0000	0.0000	0.0000	0.0000	0.0000	0.0000	0.0000	0.0000	0.0005	0.0008	0.0000	0.0015	0.0017	0.0000	0.0000	0.0000	0.0000	0.0000	0.0000	-0.0000	7.0042	1.0000	16.5712	3.0001	0.0000	0.0000	0.0000	0.0000	0.0000	0.0000	0.0000	0.0000	0.0000	0.0000	0.0000	0.0000	0.0000	0.0000	0.0000	0.0000	0.0000	0.0000	0.0323	0.0275	0.0048	0.0029	0.0027	0.0002	0.0294	0.0248	0.0046	0.0626	0.0381	0.0245	0.0194	0.0178	0.0016	0.0432	0.0203	0.0229	0.0000	0.0000	0.0000	0.0000	0.0000	0.0000	0.0000	0.0000	0.0000	0.0005	0.0008	0.0000	0.0015	0.0017	0.0000	0.0000	0.0000	0.0000						
9	70	0.1017	7	1	0	2	0	0	0	0	0	N	N	Y	N	N	N	N	N	N	N	N	N	0.0000	0.0000	0.0000	0.0000	0.0000	0.0000	0.0000	0.0000	0.0000	0.0000	0.0000	0.0000	0.0000	0.0000	0.0000	0.0000	0.8855	0.7506	1.0793	1.0012	1.0190	0.0000	0.7937	0.0000	1.1000	1.0000	0.0000	-0.0000	7.0042	0.0000	16.5712	0.0009	0.0000	0.0000	0.0000	0.0000	0.0000	0.0000	0.0000	0.0000	0.0000	0.0000	0.0000	0.0000	0.0000	0.0000	0.0000	0.0000	0.0000	0.0000	0.0000	0.0000	0.0000	0.0000	0.0000	0.0000	0.0000	0.0000	0.0000	0.0000	0.0000	0.0000	0.0000	0.0000	0.0000	0.0000	0.0000	0.0000	0.0000	0.0000	0.0000	0.0000	0.0000	0.0000	0.0000	0.0000	0.0000	0.8855	0.7506	1.0793	1.0012	1.0190	0.0000	0.7937	0.0000	1.1000			
9	71	0.0686	6	1	0	2	0	0	0	0	0	N	N	Y	N	N	N	N	N	N	N	N	N	0.0067	0.0046	0.0000	432.2362	452.1795	0.0000	0.0000	0.0000	0.0000	0.0189	0.0222	0.0000	0.3511	0.3834	0.0000	0.0000	0.0000	0.0000	2.8206	4.8654	0.0002	0.0008	0.0008	0.0004	3.7889	8.1719	0.0002	0.0000	0.0000	-0.0033	-0.6102	7.0042	9.9966	16.5712	12.9129	0.0060	0.0060	0.0000	0.0060	0.0060	0.0000	0.0000	0.0000	0.0000	0.9927	0.9927	0.0000	0.0001	0.0001	0.0000	0.9927	0.9926	0.0000	0.3171	0.2705	0.0465	0.0171	0.0157	0.0014	0.3000	0.2549	0.0451	0.3520	0.2040	0.1479	0.0900	0.0826	0.0074	0.2620	0.1215	0.1405	0.0067	0.0046	0.0000	432.2362	452.1795	0.0000	0.0000	0.0000	0.0000	2.8206	4.8654	0.0002	0.0008	0.0008	0.0004	3.7889	8.1719	0.0002
9	72	0.0355	5	0	1	1	1	0	0	0	0	N	N	N	N	N	N	N	N	N	N	N	N	20.8273	0.0467	91.6584	1.5029	0.3740	5.7749	25.9054	0.0000	99.3314	0.0437	0.0001	0.2903	0.0055	0.0012	0.0463	0.0454	0.0000	0.2973	0.0021	0.0012	0.0032	0.0037	0.0033	0.0080	0.0018	0.0004	0.0030	890.0000	2.0664	0.0080	0.0001	7.0042	13.0000	16.5712	39.1663	0.0178	0.0000	0.0178	0.0001	0.0000	0.0001	0.0177	0.0000	0.0177	0.0015	0.0005	0.0010	0.0005	0.0004	0.0001	0.0010	0.0001	0.0009	0.4081	0.3468	0.0613	0.0181	0.0164	0.0017	0.3900	0.3304	0.0596	0.7288	0.4036	0.3252	0.1304	0.1192	0.0112	0.5984	0.2845	0.3139	20.8273	0.0467	91.6584	1.5029	0.3740	5.7749	25.9054	0.0000	99.3314	0.0021	0.0012	0.0032	0.0037	0.0033	0.0080	0.0018	0.0004	0.0030
9	73	0.0330	4	0	1	1	0	0	0	0	0	N	N	N	N	N	N	N	N	N	N	N	N	0.0221	48.9452	0.0000	33.5612	482.0112	0.0000	0.0000	0.0000	0.0000	0.0047	0.0055	0.0000	0.1026	0.1134	0.0000	0.0000	0.0000	0.0000	0.2130	0.0001	0.5115	0.0031	0.0002	0.0783	0.2993	0.0000	0.5227	0.0000	3221.1017	-0.0003	0.0411	7.0042	3.0003	16.5712	18.1082	0.0005	0.0005	0.0000	0.0005	0.0005	0.0000	0.0000	0.0000	0.0000	0.1067	0.0000	0.1067	0.0004	0.0000	0.0004	0.1062	0.0000	0.1062	0.0980	0.0832	0.0148	0.0045	0.0041	0.0004	0.0935	0.0791	0.0144	0.5009	0.2924	0.2085	0.1460	0.1407	0.0053	0.3550	0.1517	0.2033	0.0221	48.9452	0.0000	33.5612	482.0112	0.0000	0.0000	0.0000	0.0000	0.2130	0.0001	0.5115	0.0031	0.0002	0.0783	0.2993	0.0000	0.5227
9	74	0.0720	7	0	1	1	0	0	0	0	0	N	N	N	N	N	N	N	N	N	N	N	N	0.0000	0.0000	0.0000	0.0000	0.0000	0.0000	0.0000	0.0000	0.0000	0.0000	0.0000	0.0000	0.0000	0.0000	0.0000	0.0000	0.0000	0.0000	2.3674	3.9476	0.0000	0.0013	0.0014	0.0000	3.2975	6.9953	0.0000	0.0000	0.0000	-0.6114	7.0042	7.0046	16.5712	18.1036	0.0000	0.0000	0.0000	0.0000	0.0000	0.0000	0.0000	0.0000	0.0000	0.9945	0.9945	0.0000	0.0002	0.0002	0.0000	0.9943	0.9943	0.0000	0.2308	0.1975	0.0334	0.0153	0.0142	0.0010	0.2156	0.1833	0.0323	0.4201	0.2519	0.1682	0.1185	0.1098	0.0088	0.3015	0.1421	0.1594	0.0000	0.0000	0.0000	0.0000	0.0000	0.0000	0.0000	0.0000	0.0000	2.3674	3.9476	0.0000	0.0013	0.0014	0.0000	3.2975	6.9953	0.0000	
9	75	0.0686	6	0	0	1	0	0	0	0	0	N	N	N	N	N	N	N	N	N	N	N	N	3.7303	2.9240	0.0309	44.0368	44.2814	0.0000	0.1497	0.0905	0.0311	0.0594	0.0689	0.0001	0.5953	0.6272	0.0000	0.0025	0.0030	0.0001	0.0159	0.0236	0.0047	0.0135	0.0142	0.0022	0.0170	0.0327	0.0048	0.0003	0.1363	-0.0003	-0.0006	7.0042	0.2435	16.5712	3.2922	0.0005	0.0005	0.0000	0.0005	0.0005	0.0000	0.0000	0.0000	0.0000	0.0012	0.0010	0.0001	0.0003	0.0003	0.0000	0.0009	0.0007	0.0001	0.0088	0.0076	0.0012	0.0008	0.0008	0.0000	0.0080	0.0068	0.0012	0.0728	0.0433	0.0295	0.0225	0.0213	0.0012	0.0503	0.0220	0.0283	3.7303	2.9240	0.0309	44.0368	44.2814	0.0000	0.1497	0.0905	0.0311	0.0159	0.0236	0.0047	0.0135	0.0142	0.0022	0.0170	0.0327	0.0048
9	76	0.0355	5	0	0	1	0	0	0	0	0	N	N	N	N	N	N	N	N	N	N	N	N	5128.9012	3.3941	45919.0750	9.3348	8.9943	31965.2209	7517.0506	4.9021	45695.8042	4.4114	0.0035	29.1959	0.0178	0.0185	0.0103	4.6187	0.0028	30.0562	0.0009	0.0010	0.0006	0.0019	0.0021	0.0000	0.0006	0.0006	0.0007	1471.5858	0.4894	0.4478	-0.0001	7.0042	7.0044	16.5712	20.1113	0.9927	0.0007	0.9920	0.0002	0.0002	0.0000	0.9925	0.0005	0.9920	0.0004	0.0002	0.0001	0.0002	0.0002	0.0000	0.0002	0.0001	0.0001	0.2250	0.1910	0.0340	0.0101	0.0092	0.0010	0.2149	0.1819	0.0330	0.4194	0.2330	0.1864	0.0800	0.0738	0.0062	0.3394	0.1592	0.1802	5128.9012	3.3941	45919.0750	9.3348	8.9943	31965.2209	7517.0506	4.9021	45695.8042	0.0009	0.0010	0.0006	0.0019	0.0021	0.0000	0.0006	0.0006	0.0007
9	77	0.0188	3	0	1	1	0	0	0	0	0	N	N	N	N	N	N	N	N	N	N	N	N	18.3280	12.1939	0.0000	0.4397	0.4369	0.0000	3187255.4162	347603197.9328	0.0000	3.4888	4.0961	0.0000	0.3478	0.3491	0.0000	3.5995	4.2515	0.0000	0.1904	0.3359	0.0000	0.7910	0.7989	0.0000	0.0000	0.0000	0.0000	0.0000	0.0000	-0.5500	-0.0641	7.0042	8.6571	16.5712	16.0761	1.0034	1.0034	0.0000	0.0034	0.0034	0.0000	1.0000	1.0000	0.0000	0.1043	0.1043	0.0000	0.1043	0.1043	0.0000	0.0000	0.0000	0.0000	0.2876	0.2450	0.0426	0.0098	0.0098	0.0000	0.2778	0.2352	0.0426	0.5477	0.3104	0.2373	0.1318	0.1305	0.0013	0.4159	0.1799	0.2360	18.3280	12.1939	0.0000	0.4397	0.4369	0.0000	3187255.4162	347603197.9328	0.0000	0.1904	0.3359	0.0000	0.7910	0.7989	0.0000	0.0000	0.0000	0.0000
9	78	0.0184	2	0	1	1	0	0	0	0	0	N	N	N	N	N	N	N	N	N	N	N	N	0.7789	0.5773	1.3803	2.6562	2.6579	0.5704	0.3550	1.1434	1.3807	0.4337	0.4495	0.3556	2.6774	2.6823	0.0114	0.0700	0.0009	0.3561	0.5568	0.7786	0.2576	1.0080	1.0092	0.0200	0.1972	0.0008	0.2579	0.1594	0.2453	-0.0029	-0.0658	7.0042	0.3645	16.5712	1.9845	0.0070	0.0060	0.0010	0.0060	0.0060	0.0000	0.0010	0.0000	0.0010	0.1576	0.1265	0.0310	0.1265	0.1265	0.0000	0.0311	0.0000	0.0310	0.0161	0.0134	0.0027	0.0023	0.0022	0.0000	0.0139	0.0112	0.0027	0.2830	0.1625	0.1205	0.1255	0.1254	0.0001	0.1575	0.0372	0.1203	0.7789	0.5773	1.3803	2.6562	2.6579	0.5704	0.3550	1.1434	1.3807	0.5568	0.7786	0.2576	1.0080	1.0092	0.0200	0.1972	0.0008	0.2579
9	82	0.0511	8	0	1	1	0	0	0	0	0	N	N	N	N	N	N	N	N	N	N	N	N	0.0013	0.0009	0.0000	0.5914	0.5879	4.7382	0.0000	0.0000	0.0000	0.0023	0.0027	0.0000	0.0259	0.0275	0.0000	0.0000	0.0000	0.0000	1.7858	2.9746	0.0257	0.0438	0.0469	0.0000	2.4951	5.3970	0.0269	0.0000	0.0058	-0.0003	-0.6166	7.0042	7.9116	16.5712	21.1247	0.0006	0.0006	0.0000	0.0006	0.0006	0.0000	0.0000	0.0000	0.0000	1.0125	1.0066	0.0059	0.0072	0.0072	0.0000	1.0053	0.9995	0.0059	0.2731	0.2330	0.0401	0.0246	0.0231	0.0015	0.2485	0.2098	0.0386	0.5670	0.3384	0.2286	0.1641	0.1532	0.0109	0.4029	0.1852	0.2177	0.0013	0.0009	0.0000	0.5914	0.5879	4.7382	0.0000	0.0000	0.0000	1.7858	2.9746	0.0257	0.0438	0.0469	0.0000	2.4951	5.3970	0.0269
9	83	0.0691	9	1	1	1	0	0	0	0	0	N	N	N	N	N	N	N	N	N	N	N	N	0.0000	0.0000	0.0000	0.0000	0.0000	0.0000	0.0000	0.0000	0.0000	0.0000	0.0000	0.0000	0.0000	0.0000	0.0000	0.0000	0.0000	0.0000	0.0000	0.0000	7.0042	0.0000	16.5712	1.8333	0.0000	0.0000	0.0000	0.0000	0.0000	0.0000	0.0000	0.0000	0.0000	0.0000	0.0000	0.0000	0.0000	0.0000	0.0000	0.0000	0.0000	0.0000	0.0000	0.0000	0.0000	0.0000	0.0000	0.0000	0.0000	0.0000	0.0000	0.0449	0.0292	0.0157	0.0149	0.0143	0.0006	0.0300	0.0149	0.0151	0.0000	0.0000	0.0000	0.0000	0.0000	0.0000	0.0000	0.0000	0.0000	0.0000	0.0000	0.0000	0.0000	0.0000	0.0000	0.0000	0.0000	0.0000											
9	84	0.0511	8	1	1	1	0	0	0	0	0	N	N	N	N	N	N	N	N	N	N	N	N	0.0022	0.0001	0.0117	0.1713	0.1792	0.1688	0.0016	0.0000	0.0113	0.0097	0.0002	0.0650	0.0049	0.0022	0.0489	0.0102	0.0000	0.0657	4.3897	3.6318	5.5598	0.0288	0.0122	0.2899	6.4319	7.1681	5.8277	48.4265	0.9916	0.0010	-0.2328	7.0042	6.9552	16.5712	13.1226	0.0024	0.0000	0.0023	0.0001	0.0000	0.0001	0.0023	0.0000	0.0023	1.9925	1.0004	0.9921	0.0042	0.0017	0.0025	1.9883	0.9988	0.9896	0.2436	0.2078	0.0357	0.0233	0.0219	0.0014	0.2203	0.1859	0.0344	0.4539	0.2755	0.1784	0.1448	0.1361	0.0086	0.3091	0.1393	0.1698	0.0022	0.0001	0.0117	0.1713	0.1792	0.1688	0.0016	0.0000	0.0113	4.3897	3.6318	5.5598	0.0288	0.0122	0.2899	6.4319	7.1681	5.8277
9	85	0.0481	7	0	1	1	0	0	0	0	0	N	N	N	N	N	N	N	N	N	N	N	N	0.0293	0.0692	0.0055	0.1008	0.1043	0.0254	0.0159	0.0486	0.0057	0.0069	0.0077	0.0022	0.0111	0.0116	0.0010	0.0048	0.0054	0.0023	0.2344	0.1118	0.3976	0.1099	0.1116	0.0412	0.3020	0.1120	0.4049	0.0526	2.6709	-0.0001	0.0055	7.0042	0.3374	16.5712	6.1146	0.0001	0.0001	0.0000	0.0001	0.0001	0.0000	0.0001	0.0001	0.0000	0.0489	0.0133	0.0356	0.0081	0.0080	0.0001	0.0409	0.0053	0.0355	0.0193	0.0162	0.0030	0.0064	0.0060	0.0003	0.0129	0.0102	0.0027	0.2088	0.1193	0.0895	0.0735	0.0717	0.0018	0.1353	0.0475	0.0878	0.0293	0.0692	0.0055	0.1008	0.1043	0.0254	0.0159	0.0486	0.0057	0.2344	0.1118	0.3976	0.1099	0.1116	0.0412	0.3020	0.1120	0.4049
9	86	0.0481	7	0	1	1	0	0	0	0	0	N	N	N	N	N	N	N	N	N	N	N	N	0.0029	0.0019	0.2321	0.1258	0.1292	1.1471	0.0023	0.0012	0.0045	0.0065	0.0076	0.0000	0.0019	0.0021	0.0001	0.0068	0.0080	0.0000	2.2119	3.9178	0.0000	0.0153	0.0162	0.0001	2.9656	6.8400	0.0000	0.0001	0.0000	-0.0013	-0.6066	7.0042	11.0342	16.5712	12.7513	0.0023	0.0023	0.0000	0.0000	0.0000	0.0000	0.0023	0.0023	0.0000	0.9867	0.9867	0.0000	0.0017	0.0017	0.0000	0.9850	0.9850	0.0000	0.3557	0.3024	0.0533	0.0219	0.0201	0.0018	0.3337	0.2822	0.0515	0.4461	0.2519	0.1943	0.1140	0.1079	0.0061	0.3321	0.1440	0.1881	0.0029	0.0019	0.2321	0.1258	0.1292	1.1471	0.0023	0.0012	0.0045	2.2119	3.9178	0.0000	0.0153	0.0162	0.0001	2.9656	6.8400	0.0000
9	87	0.0404	6	0	1	1	0	0	0	0	0	N	N	N	N	N	N	N	N	N	N	N	N	0.0023	0.0092	0.0003	0.0016	0.0016	0.0259	0.0020	0.0108	0.0003	0.0005	0.0006	0.0001	0.0001	0.0001	0.0000	0.0005	0.0006	0.0001	0.2126	0.0607	0.4030	0.0659	0.0714	0.0008	0.2573	0.0539	0.4202	0.0390	5.3007	-0.0000	0.0089	7.0042	3.9739	16.5712	6.2820	0.0001	0.0001	0.0000	0.0000	0.0000	0.0000	0.0001	0.0001	0.0000	0.0395	0.0063	0.0332	0.0029	0.0029	0.0000	0.0366	0.0034	0.0332	0.1295	0.1099	0.0196	0.0060	0.0054	0.0006	0.1235	0.1044	0.0190	0.1856	0.1032	0.0824	0.0433	0.0400	0.0034	0.1422	0.0632	0.0790	0.0023	0.0092	0.0003	0.0016	0.0016	0.0259	0.0020	0.0108	0.0003	0.2126	0.0607	0.4030	0.0659	0.0714	0.0008	0.2573	0.0539	0.4202
9	88	0.0355	5	0	1	1	0	0	0	0	0	N	N	N	N	N	N	N	N	N	N	N	N	0.0353	0.0281	0.0000	0.0250	0.0264	0.0000	0.0295	0.0184	0.0000	0.0010	0.0012	0.0000	0.0002	0.0002	0.0000	0.0010	0.0012	0.0000	0.0286	0.0423	0.0105	0.0085	0.0089	0.0000	0.0355	0.0672	0.0107	0.0000	0.1866	-0.0000	-0.0015	7.0042	0.0056	16.5712	5.7021	0.0000	0.0000	0.0000	0.0000	0.0000	0.0000	0.0000	0.0000	0.0000	0.0034	0.0028	0.0005	0.0003	0.0003	0.0000	0.0031	0.0026	0.0005	0.0002	0.0002	0.0000	0.0000	0.0000	0.0000	0.0002	0.0001	0.0000	0.1179	0.0672	0.0507	0.0301	0.0287	0.0014	0.0878	0.0385	0.0493	0.0353	0.0281	0.0000	0.0250	0.0264	0.0000	0.0295	0.0184	0.0000	0.0286	0.0423	0.0105	0.0085	0.0089	0.0000	0.0355	0.0672	0.0107
9	92	0.1239	9	0	0	1	0	0	0	0	0	N	N	N	N	N	N	N	N	N	N	N	N	0.0074	0.0029	0.0262	0.2113	0.3010	0.2351	0.0038	0.0000	0.0226	0.0151	0.0043	0.0820	0.0291	0.0239	0.1456	0.0124	0.0000	0.0786	2.0419	1.4800	3.1284	0.1379	0.0795	0.6192	3.2482	3.0262	3.4809	3.0722	1.0933	0.0027	-0.2092	7.0042	24.8682	16.5712	39.8855	0.0132	0.0032	0.0099	0.0041	0.0032	0.0009	0.0090	0.0000	0.0090	2.2631	1.0811	1.1820	0.0593	0.0305	0.0288	2.2039	1.0507	1.1532	0.8713	0.7502	0.1211	0.1412	0.1352	0.0061	0.7301	0.6150	0.1151	1.1083	0.7305	0.3778	0.4298	0.3833	0.0465	0.6785	0.3472	0.3313	0.0074	0.0029	0.0262	0.2113	0.3010	0.2351	0.0038	0.0000	0.0226	2.0419	1.4800	3.1284	0.1379	0.0795	0.6192	3.2482	3.0262	3.4809
10	11	0.0353	7	1	2	0	0	0	0	0	0	N	Y	N	N	N	N	N	N	N	N	N	N	0.0000	0.0000	0.0000	0.0000	0.0000	0.0000	0.0000	0.0000	0.0000	0.0000	0.0000	0.0000	0.0000	0.0000	0.0000	0.0000	0.0000	0.0000	0.0000	0.0000	0.0000	0.0000	0.0000	0.0000	0.0000	0.0028	0.0000	-0.0000	2.0043	3.0002	5.1253	13.3035	0.0000	0.0000	0.0000	0.0000	0.0000	0.0000	0.0000	0.0000	0.0000	0.0000	0.0000	0.0000	0.0000	0.0000	0.0000	0.0000	0.0000	0.0000	0.0314	0.0266	0.0048	0.0014	0.0014	0.0000	0.0299	0.0252	0.0048	0.1546	0.1040	0.0506	0.0555	0.0524	0.0031	0.0990	0.0516	0.0475	0.0000	0.0000	0.0000	0.0000	0.0000	0.0000	0.0000	0.0000	0.0000	0.0000	0.0000	0.0000	0.0000	0.0000	0.0000	0.0000	0.0000	0.0000			
10	12	0.0856	12	1	2	0	1	0	0	0	0	N	Y	N	N	N	N	N	N	N	N	N	N	0.0000	0.0000	0.0000	0.0000	0.0000	0.0000	0.0000	0.0000	0.0000	0.0000	0.0000	0.0000	0.0000	0.0000	0.0000	0.0000	0.0000	0.0000	0.0000	0.0000	2.0043	1.0000	5.1253	2.2091	0.0000	0.0000	0.0000	0.0000	0.0000	0.0000	0.0000	0.0000	0.0000	0.0000	0.0000	0.0000	0.0000	0.0000	0.0000	0.0000	0.0000	0.0000	0.0110	0.0093	0.0017	0.0018	0.0016	0.0002	0.0092	0.0077	0.0015	0.0258	0.0169	0.0089	0.0113	0.0102	0.0010	0.0146	0.0067	0.0079	0.0000	0.0000	0.0000	0.0000	0.0000	0.0000	0.0000	0.0000	0.0000	0.0000	0.0000	0.0000	0.0000	0.0000	0.0000	0.0000	0.0000	0.0000											
10	13	0.0844	11	1	1	0	1	0	0	0	0	N	N	N	N	N	N	N	N	N	N	N	N	0.0000	0.0000	0.0000	0.0000	0.0000	0.0000	0.0000	0.0000	0.0000	0.0000	0.0000	0.0000	0.0000	0.0000	0.0000	0.0000	0.0000	0.0053	0.0000	0.0152	0.0000	0.0000	0.0000	0.0093	0.0000	0.0174	14012.4062	0.0000	0.0000	2.0043	1.0009	5.1253	1.2082	0.0000	0.0000	0.0000	0.0000	0.0000	0.0000	0.0000	0.0000	0.0000	0.0001	0.0000	0.0001	0.0000	0.0000	0.0000	0.0001	0.0000	0.0001	0.0110	0.0093	0.0017	0.0018	0.0016	0.0002	0.0092	0.0077	0.0015	0.0170	0.0111	0.0059	0.0074	0.0066	0.0007	0.0097	0.0045	0.0052	0.0000	0.0000	0.0000	0.0000	0.0000	0.0000	0.0000	0.0000	0.0000	0.0053	0.0000	0.0152	0.0000	0.0000	0.0000	0.0093	0.0000	0.0174		
10	14	0.0300	5	1	2	0	0	0	0	0	0	N	Y	N	N	N	N	N	N	N	N	N	N	0.0000	0.0000	0.0000	0.0000	0.0000	0.0000	0.0000	0.0000	0.0000	0.0000	0.0000	0.0000	0.0000	0.0000	0.0000	0.0000	0.0000	0.7628	0.0068	2.0939	0.0311	0.0151	0.2770	1.0874	0.0000	2.1937	174.5377	0.0000	0.0372	2.0043	3.0000	5.1253	13.0223	0.0000	0.0000	0.0000	0.0000	0.0000	0.0000	0.0000	0.0000	0.0000	0.0979	0.0006	0.0974	0.0012	0.0006	0.0007	0.0967	0.0000	0.0967	0.0307	0.0260	0.0047	0.0012	0.0012	0.0000	0.0295	0.0248	0.0047	0.1284	0.0819	0.0465	0.0395	0.0370	0.0024	0.0889	0.0449	0.0441	0.0000	0.0000	0.0000	0.0000	0.0000	0.0000	0.0000	0.0000	0.0000	0.7628	0.0068	2.0939	0.0311	0.0151	0.2770	1.0874	0.0000	2.1937		
10	15	0.0844	11	1	1	0	1	0	0	0	0	N	N	N	N	N	N	N	N	N	N	N	N	0.0000	0.0000	0.0000	0.0000	0.0000	0.0000	0.0000	0.0000	0.0000	0.0000	0.0000	0.0000	0.0000	0.0000	0.0000	0.0000	0.0000	0.0115	0.0000	0.0333	0.0000	0.0000	0.0000	0.0203	0.0000	0.0379	14012.4062	0.0000	0.0000	2.0043	0.9991	5.1253	0.0040	0.0000	0.0000	0.0000	0.0000	0.0000	0.0000	0.0000	0.0000	0.0000	0.0001	0.0000	0.0001	0.0000	0.0000	0.0000	0.0001	0.0000	0.0001	0.0110	0.0093	0.0017	0.0018	0.0016	0.0002	0.0092	0.0077	0.0015	0.0078	0.0051	0.0027	0.0034	0.0030	0.0003	0.0044	0.0021	0.0024	0.0000	0.0000	0.0000	0.0000	0.0000	0.0000	0.0000	0.0000	0.0000	0.0115	0.0000	0.0333	0.0000	0.0000	0.0000	0.0203	0.0000	0.0379		
10	16	0.0713	10	1	1	0	1	0	0	0	0	N	N	N	N	N	N	N	N	N	N	N	N	0.0001	1.4607	0.0000	1.0872	4.0204	0.0000	0.0000	0.0000	0.0005	0.0005	0.0000	0.0021	0.0024	0.0000	0.0000	0.0000	0.0000	4.0711	0.0004	12.5086	0.0019	0.0006	0.0190	7.0072	0.0000	13.7252	0.0000	17482.5430	-0.0000	0.3834	2.0043	5.0907	5.1253	19.6153	0.0000	0.0000	0.0000	0.0000	0.0000	0.0000	0.0000	0.0000	0.0000	0.9954	0.0001	0.9954	0.0002	0.0001	0.0001	0.9952	0.0000	0.9952	0.0647	0.0547	0.0100	0.0144	0.0125	0.0019	0.0503	0.0422	0.0080	0.2445	0.1517	0.0929	0.1025	0.0951	0.0073	0.1420	0.0565	0.0855	0.0001	1.4607	0.0000	1.0872	4.0204	0.0000	0.0000	0.0000	0.0000	4.0711	0.0004	10.7189	0.0019	0.0006	0.0190	7.0072	0.0000	11.6372	
10	17	0.0498	4	2	1	1	0	0	0	0	0	Y	N	N	N	N	N	N	N	N	N	N	N	0.0000	0.0000	0.0000	0.0000	0.0000	0.0000	0.0000	0.0000	0.0000	0.0000	0.0000	0.0000	0.0000	0.0013	0.0020	0.0000	0.0049	0.0050	0.0000	0.0000	0.0000	0.0000	0.0000	0.0000	-0.0000	2.0043	1.0000	5.1253	1.0003	0.0000	0.0000	0.0000	0.0000	0.0000	0.0000	0.0000	0.0000	0.0000	0.0000	0.0000	0.0000	0.0000	0.0000	0.0000	0.0000	0.0000	0.0000	0.0103	0.0087	0.0016	0.0008	0.0007	0.0000	0.0095	0.0080	0.0016	0.0154	0.0097	0.0057	0.0041	0.0040	0.0001	0.0113	0.0057	0.0056	0.0000	0.0000	0.0000	0.0000	0.0000	0.0000	0.0000	0.0000	0.0000	0.0013	0.0020	0.0000	0.0049	0.0050	0.0000	0.0000	0.0000	0.0000						
10	18	0.0625	4	1	2	0	0	0	0	0	0	N	Y	N	N	N	N	N	N	N	N	N	N	0.0000	0.0000	0.0000	0.0000	0.0000	0.0000	0.0000	0.0000	0.0000	0.0000	0.0000	0.0000	0.0000	0.0000	0.0000	0.0000	0.0000	0.0043	0.0062	0.0000	0.0083	0.0096	0.0000	0.0000	0.0000	0.0000	0.0019	0.0000	-0.0006	2.0043	0.0005	5.1253	9.9413	0.0000	0.0000	0.0000	0.0000	0.0000	0.0000	0.0000	0.0000	0.0000	0.0009	0.0009	0.0000	0.0009	0.0009	0.0000	0.0000	0.0000	0.0000	0.0052	0.0048	0.0004	0.0027	0.0026	0.0000	0.0025	0.0022	0.0004	0.2128	0.1474	0.0655	0.1095	0.0944	0.0151	0.1033	0.0529	0.0504	0.0000	0.0000	0.0000	0.0000	0.0000	0.0000	0.0000	0.0000	0.0000	0.0043	0.0062	0.0000	0.0083	0.0096	0.0000	0.0000	0.0000	0.0000		
10	21	0.0300	4	1	2	0	0	0	0	0	0	N	Y	N	N	N	N	N	N	N	N	N	N	0.0007	0.6415	0.0000	6.0414	6.2840	0.0000	0.0000	0.0000	0.0000	0.0063	0.0075	0.0000	0.1613	0.1614	0.0000	0.0000	0.0000	0.0000	8.8198	0.0116	59.7457	0.0267	0.0257	0.0421	12.7325	0.0000	61.9964	0.0000	1186.5350	-0.0001	0.3831	2.0043	2.0000	5.1253	11.9921	0.0001	0.0001	0.0000	0.0001	0.0001	0.0000	0.0000	0.0000	0.0000	0.9967	0.0008	0.9959	0.0009	0.0008	0.0001	0.9958	0.0000	0.9958	0.0205	0.0174	0.0031	0.0008	0.0008	0.0000	0.0197	0.0166	0.0031	0.1130	0.0721	0.0409	0.0348	0.0327	0.0021	0.0782	0.0394	0.0388	0.0007	0.6415	0.0000	6.0414	6.2840	0.0000	0.0000	0.0000	0.0000	8.8198	0.0116	24.3491	0.0267	0.0257	0.0421	12.7325	0.0000	25.6898
10	22	0.0168	2	1	2	0	0	0	0	0	0	N	Y	N	N	N	N	N	N	N	N	N	N	549.3457	inf	0.0000	72777.4220	inf	0.0000	0.0000	0.0000	0.0033	0.0039	0.0000	0.0699	0.0704	0.0000	0.0000	0.0000	0.0000	0.0000	0.0000	0.0000	0.0000	0.0000	0.0002	0.0000	0.0000	0.0000	0.0000	inf	-0.0001	0.0000	2.0043	2.9966	5.1253	14.0927	0.0001	0.0001	0.0000	0.0001	0.0001	0.0000	0.0000	0.0000	0.0000	0.0000	0.0000	0.0000	0.0000	0.0000	0.0000	0.0000	0.0000	0.0000	0.0309	0.0263	0.0047	0.0015	0.0014	0.0000	0.0295	0.0248	0.0047	0.2485	0.1371	0.1114	0.0893	0.0889	0.0004	0.1592	0.0482	0.1110	549.3457	inf	0.0000	72777.4220	inf	0.0000	0.0000	0.0000	0.0000	0.0000	0.0000	0.0000	0.0000	0.0000	0.0002	0.0000	0.0000	0.0000	
10	23	0.0803	9	1	2	1	1	0	0	0	0	N	Y	N	N	N	N	N	N	N	N	N	N	0.0000	0.0000	0.0000	0.0000	0.0000	0.0000	0.0000	0.0000	0.0000	0.0000	0.0000	0.0000	0.0000	0.0000	0.0000	25.0681	0.0000	218.5703	0.0017	0.0000	0.0321	49.6548	0.0000	229.4989	inf	0.0000	0.0521	2.0043	0.3092	5.1253	0.1355	0.0000	0.0000	0.0000	0.0000	0.0000	0.0000	0.0000	0.0000	0.0000	0.1353	0.0000	0.1353	0.0000	0.0000	0.0000	0.1353	0.0000	0.1353	0.0050	0.0042	0.0008	0.0014	0.0014	0.0000	0.0036	0.0029	0.0008	0.0056	0.0036	0.0019	0.0025	0.0023	0.0001	0.0031	0.0013	0.0018	0.0000	0.0000	0.0000	0.0000	0.0000	0.0000	0.0000	0.0000	0.0000	24.2742	0.0000	70.0796	0.0017	0.0000	0.0321	43.4094	0.0000	74.9978				
10	24	0.0697	8	1	1	0	1	0	0	0	0	N	N	N	N	N	N	N	N	N	N	N	N	0.0000	0.0000	0.0000	0.0000	0.0000	0.0000	0.0000	0.0000	0.0000	0.0000	0.0000	0.0000	0.0000	0.0000	0.0000	0.0000	0.0000	6.3146	0.0392	31.0643	0.0650	0.0706	0.0123	10.3311	0.0000	35.1512	0.0000	252.0473	-0.0000	0.3223	2.0043	6.2779	5.1253	13.9173	0.0000	0.0000	0.0000	0.0000	0.0000	0.0000	0.0000	0.0000	0.0000	0.8453	0.0033	0.8420	0.0034	0.0033	0.0001	0.8419	0.0000	0.8419	0.0578	0.0495	0.0083	0.0081	0.0077	0.0003	0.0498	0.0418	0.0079	0.1339	0.0852	0.0487	0.0524	0.0473	0.0051	0.0815	0.0379	0.0436	0.0000	0.0000	0.0000	0.0000	0.0000	0.0000	0.0000	0.0000	0.0000	6.3146	0.0392	17.2903	0.0650	0.0706	0.0123	10.3311	0.0000	19.3065	
10	25	0.0587	5	1	2	0	0	0	0	0	0	N	Y	N	N	N	N	N	N	N	N	N	N	0.0000	0.0000	0.0000	0.0000	0.0000	0.0000	0.0000	0.0000	0.0000	0.0000	0.0000	0.0000	0.0000	0.0000	0.0000	0.0000	0.0000	5.7752	0.0000	27.1041	0.0008	0.0001	0.0199	8.8511	0.0000	26.7493	279317.7982	0.0000	0.3832	2.0043	3.8932	5.1253	15.3303	0.0000	0.0000	0.0000	0.0000	0.0000	0.0000	0.0000	0.0000	0.0000	0.9947	0.0000	0.9947	0.0001	0.0000	0.0000	0.9947	0.0000	0.9947	0.0448	0.0385	0.0063	0.0057	0.0056	0.0001	0.0390	0.0329	0.0062	0.1722	0.1107	0.0615	0.0599	0.0575	0.0023	0.1124	0.0532	0.0592	0.0000	0.0000	0.0000	0.0000	0.0000	0.0000	0.0000	0.0000	0.0000	5.7752	0.0000	16.1731	0.0008	0.0001	0.0199	8.8511	0.0000	16.8124		
10	26	0.0645	7	1	2	0	1	0	0	0	0	N	Y	N	N	N	N	N	N	N	N	N	N	0.0000	0.0015	0.0000	0.0041	0.0040	0.0000	0.0000	0.0000	0.0000	0.0000	0.0000	0.0001	0.0001	0.0000	0.0000	0.0000	0.0000	8.4722	0.0117	48.0068	0.0194	0.0201	0.0112	14.1038	0.0000	58.6990	0.0000	1141.8887	-0.0000	0.3749	2.0043	4.2937	5.1253	9.5692	0.0000	0.0000	0.0000	0.0000	0.0000	0.0000	0.0000	0.0000	0.0000	0.9753	0.0009	0.9744	0.0009	0.0009	0.0000	0.9744	0.0000	0.9744	0.0531	0.0460	0.0071	0.0101	0.0099	0.0002	0.0430	0.0361	0.0069	0.1151	0.0727	0.0424	0.0460	0.0424	0.0036	0.0691	0.0303	0.0388	0.0000	0.0015	0.0000	0.0041	0.0040	0.0000	0.0000	0.0000	0.0000	8.4722	0.0117	22.9635	0.0194	0.0201	0.0112	14.1038	0.0000	25.1189	
10	27	0.0500	3	2	2	0	0	0	0	0	0	Y	Y	N	N	N	N	N	N	N	N	N	N	0.0092	0.0067	0.0000	9.7699	14.7035	0.0000	0.0068	0.0040	0.0000	0.0270	0.0317	0.0000	0.0149	0.0153	0.0000	0.0280	0.0333	0.0000	2.9503	4.7205	0.0092	0.0015	0.0010	0.0130	4.1045	8.3159	0.0090	0.0000	0.0012	-0.0023	-0.6121	2.0043	16.0000	5.1253	34.8566	0.0042	0.0042	0.0000	0.0002	0.0002	0.0000	0.0040	0.0040	0.0000	0.9976	0.9964	0.0012	0.0001	0.0001	0.0000	0.9974	0.9963	0.0011	0.1559	0.1328	0.0230	0.0121	0.0117	0.0003	0.1438	0.1211	0.0227	0.3381	0.2111	0.1270	0.0951	0.0913	0.0038	0.2430	0.1198	0.1232	0.0092	0.0067	0.0000	9.7699	14.7035	0.0000	0.0068	0.0040	0.0000	2.9503	4.7205	0.0092	0.0015	0.0010	0.0130	4.1045	8.3159	0.0090
10	28	0.0798	11	1	1	1	0	0	0	0	0	N	N	N	N	N	N	N	N	N	N	N	N	0.0000	0.0000	0.0000	0.0000	0.0000	0.0000	0.0000	0.0000	0.0000	0.0000	0.0000	0.0000	0.0000	0.0000	0.0000	0.0000	0.0000	0.0000	0.0000	0.0000	2.0043	0.0000	5.1253	3.0088	0.0000	0.0000	0.0000	0.0000	0.0000	0.0000	0.0000	0.0000	0.0000	0.0000	0.0000	0.0000	0.0000	0.0000	0.0000	0.0000	0.0000	0.0000	0.0000	0.0000	0.0000	0.0000	0.0000	0.0000	0.0000	0.0000	0.0000	0.0129	0.0078	0.0051	0.0045	0.0037	0.0008	0.0084	0.0041	0.0043	0.0000	0.0000	0.0000	0.0000	0.0000	0.0000	0.0000	0.0000	0.0000	0.0000	0.0000	0.0000	0.0000	0.0000	0.0000	0.0000	0.0000	0.0000											
10	29	0.0675	8	1	2	0	0	0	0	0	0	N	Y	N	N	N	N	N	N	N	N	N	N	18.6940	inf	0.0000	inf	inf	13.1408	inf	0.0000	0.0001	0.0001	0.0000	0.0000	0.0000	0.0000	0.0001	0.0001	0.0000	0.0000	0.0000	0.0000	0.0000	0.0000	0.0000	0.0000	0.0000	0.0000	0.0000	inf	-0.0000	0.0000	2.0043	5.0749	5.1253	14.8264	0.0000	0.0000	0.0000	0.0000	0.0000	0.0000	0.0000	0.0000	0.0000	0.0000	0.0000	0.0000	0.0000	0.0000	0.0000	0.0000	0.0000	0.0000	0.0553	0.0469	0.0084	0.0069	0.0062	0.0007	0.0484	0.0407	0.0077	0.1468	0.0909	0.0559	0.0559	0.0504	0.0054	0.0910	0.0404	0.0505	18.6940	inf	0.0000	inf	inf	0.0000	13.1408	inf	0.0000	0.0000	0.0000	0.0000	0.0000	0.0000	0.0000	0.0000	0.0000	0.0000	
10	30	0.0168	2	2	1	1	0	0	0	0	0	Y	N	N	N	N	N	N	N	N	N	N	N	0.0188	inf	0.0539	49.0519	inf	6.9774	0.0125	0.0535	0.0682	0.0019	0.4414	0.0467	0.0362	1.4914	0.0693	0.0000	0.4391	3.6295	0.0000	8.1877	0.0010	0.0000	0.2137	5.5374	0.0000	8.2154	40.7390	inf	0.0018	0.3839	2.0043	5.9956	5.1253	15.0927	0.0042	0.0001	0.0041	0.0001	0.0001	0.0000	0.0040	0.0000	0.0040	0.9964	0.0000	0.9964	0.0001	0.0000	0.0001	0.9963	0.0000	0.9963	0.0609	0.0517	0.0092	0.0028	0.0028	0.0000	0.0582	0.0490	0.0092	0.2745	0.1528	0.1217	0.0946	0.0942	0.0004	0.1799	0.0587	0.1213	0.0188	inf	0.0539	49.0519	inf	6.9774	0.0125	0.0000	0.0535	3.6295	0.0000	8.1877	0.0010	0.0000	0.2137	5.5374	0.0000	8.2154	
10	31	0.0697	8	1	2	0	0	0	0	0	0	N	Y	N	N	N	N	N	N	N	N	N	N	0.0000	0.0000	0.0000	0.0000	0.0000	0.0000	0.0000	0.0000	0.0000	0.0000	0.0000	0.0000	0.0000	0.0000	0.0000	0.0000	0.0000	0.0000	0.3941	0.6187	0.0000	0.9949	1.0996	0.0000	0.0000	0.0000	0.0000	0.0000	0.0000	-0.0000	-0.0151	2.0043	1.4218	5.1253	7.0463	0.0000	0.0000	0.0000	0.0000	0.0000	0.0000	0.0000	0.0000	0.0000	0.0246	0.0246	0.0000	0.0246	0.0246	0.0000	0.0000	0.0000	0.0000	0.0166	0.0143	0.0022	0.0032	0.0032	0.0001	0.0133	0.0112	0.0022	0.0624	0.0397	0.0226	0.0247	0.0223	0.0024	0.0377	0.0174	0.0203	0.0000	0.0000	0.0000	0.0000	0.0000	0.0000	0.0000	0.0000	0.0000	0.3941	0.6187	0.0000	0.9949	1.0996	0.0000	0.0000	0.0000	0.0000
10	32	0.0645	7	1	1	0	0	0	0	0	0	N	N	N	N	N	N	N	N	N	N	N	N	0.0000	0.0000	0.0000	0.0001	0.0001	0.0000	0.0000	0.0000	0.0000	0.0000	0.0000	0.0000	0.0001	0.0001	0.0000	0.0000	0.0000	0.0000	0.5466	0.4305	0.7433	0.6674	0.7213	0.0010	0.4642	0.0009	0.8094	0.0037	1.0183	-0.0000	-0.0052	2.0043	4.3312	5.1253	5.5221	0.0000	0.0000	0.0000	0.0000	0.0000	0.0000	0.0000	0.0000	0.0000	0.0475	0.0236	0.0240	0.0235	0.0235	0.0000	0.0240	0.0000	0.0240	0.0534	0.0463	0.0072	0.0102	0.0099	0.0002	0.0433	0.0363	0.0069	0.0870	0.0547	0.0323	0.0353	0.0326	0.0026	0.0517	0.0221	0.0296	0.0000	0.0000	0.0000	0.0001	0.0001	0.0000	0.0000	0.0000	0.0000	0.5466	0.4305	0.7433	0.6674	0.7213	0.0010	0.4642	0.0009	0.8094
10	33	0.0620	6	1	1	0	0	0	0	0	0	N	N	N	N	N	N	N	N	N	N	N	N	0.0051	1.9600	0.0000	5.2512	8.7709	0.0000	0.0000	0.0000	0.0000	0.0020	0.0023	0.0000	0.0141	0.0144	0.0000	0.0000	0.0000	0.0000	0.3895	0.0012	1.0345	0.0027	0.0016	0.0128	0.6345	0.0006	1.1430	0.0000	526.8576	-0.0001	0.0095	2.0043	4.2685	5.1253	3.7703	0.0001	0.0001	0.0000	0.0001	0.0001	0.0000	0.0000	0.0000	0.0000	0.0247	0.0000	0.0246	0.0001	0.0000	0.0000	0.0246	0.0000	0.0246	0.0499	0.0430	0.0069	0.0071	0.0069	0.0002	0.0428	0.0361	0.0067	0.0633	0.0395	0.0238	0.0245	0.0223	0.0023	0.0388	0.0172	0.0215	0.0051	1.9600	0.0000	5.2512	8.7709	0.0000	0.0000	0.0000	0.0000	0.3895	0.0012	1.0345	0.0027	0.0016	0.0128	0.6345	0.0006	1.1430
10	34	0.0168	2	2	1	1	0	0	0	0	0	Y	N	N	N	N	N	N	N	N	N	N	N	1.0109	0.6615	7.6827	7.7042	0.0020	0.0023	0.0000	0.0435	0.0438	0.0000	0.0000	0.0000	0.0000	0.0020	0.0035	0.0000	0.0057	0.0057	0.0000	0.0000	0.0000	0.0000	0.0000	0.0000	-0.0001	-0.0003	2.0043	4.9966	5.1253	15.0870	0.0001	0.0001	0.0000	0.0001	0.0001	0.0000	0.0000	0.0000	0.0000	0.0005	0.0005	0.0000	0.0005	0.0005	0.0000	0.0000	0.0000	0.0000	0.0510	0.0433	0.0077	0.0023	0.0023	0.0000	0.0487	0.0410	0.0077	0.2680	0.1489	0.1191	0.0933	0.0929	0.0004	0.1748	0.0560	0.1187	1.0109	0.6615	0.0000	7.6827	7.7042	0.0000	0.0000	0.0000	0.0000	0.0020	0.0035	0.0000	0.0057	0.0057	0.0000	0.0000	0.0000	0.0000					
10	35	0.0798	11	1	2	0	0	0	0	0	0	N	Y	N	N	N	N	N	N	N	N	N	N	0.0000	0.0000	0.0000	0.0000	0.0000	0.0000	0.0000	0.0000	0.0000	0.0000	0.0000	0.0000	0.0000	0.0000	0.0000	0.0000	0.0000	0.0000	0.0000	0.0000	2.0043	1.0000	5.1253	1.0102	0.0000	0.0000	0.0000	0.0000	0.0000	0.0000	0.0000	0.0000	0.0000	0.0000	0.0000	0.0000	0.0000	0.0000	0.0000	0.0000	0.0000	0.0000	0.0087	0.0075	0.0012	0.0008	0.0008	0.0000	0.0078	0.0067	0.0012	0.0087	0.0053	0.0034	0.0030	0.0025	0.0005	0.0057	0.0028	0.0029	0.0000	0.0000	0.0000	0.0000	0.0000	0.0000	0.0000	0.0000	0.0000	0.0000	0.0000	0.0000	0.0000	0.0000	0.0000	0.0000	0.0000	0.0000											
10	36	0.0798	10	1	1	0	0	0	0	0	0	N	N	N	N	N	N	N	N	N	N	N	N	0.0000	0.0000	0.0000	0.0000	0.0000	0.0000	0.0000	0.0000	0.0000	0.0000	0.0000	0.0000	0.0000	0.0000	0.0000	0.0000	0.0000	0.0000	0.0000	0.0000	2.0043	0.0000	5.1253	0.0263	0.0000	0.0000	0.0000	0.0000	0.0000	0.0000	0.0000	0.0000	0.0000	0.0000	0.0000	0.0000	0.0000	0.0000	0.0000	0.0000	0.0000	0.0000	0.0000	0.0000	0.0000	0.0000	0.0000	0.0000	0.0000	0.0000	0.0000	0.0003	0.0002	0.0001	0.0001	0.0001	0.0000	0.0002	0.0001	0.0001	0.0000	0.0000	0.0000	0.0000	0.0000	0.0000	0.0000	0.0000	0.0000	0.0000	0.0000	0.0000	0.0000	0.0000	0.0000	0.0000	0.0000	0.0000											
10	37	0.0498	3	2	2	1	0	0	0	0	0	Y	Y	N	N	N	N	N	N	N	N	N	N	0.0000	0.0000	0.0000	0.0000	0.0000	0.0000	0.0000	0.0000	0.0000	0.0000	0.0000	0.0000	0.0000	0.0000	0.0000	0.0000	0.0000	16.9044	0.0000	147.7073	0.0056	0.0000	0.2532	22.3984	0.0000	136.9892	415166700.5596	0.0000	0.3839	2.0043	3.0000	5.1253	5.0002	0.0000	0.0000	0.0000	0.0000	0.0000	0.0000	0.0000	0.0000	0.0000	0.9964	0.0000	0.9964	0.0001	0.0000	0.0001	0.9963	0.0000	0.9963	0.0306	0.0259	0.0047	0.0023	0.0022	0.0001	0.0283	0.0237	0.0046	0.0604	0.0382	0.0223	0.0159	0.0156	0.0004	0.0445	0.0226	0.0219	0.0000	0.0000	0.0000	0.0000	0.0000	0.0000	0.0000	0.0000	0.0000	16.4886	0.0000	44.7529	0.0056	0.0000	0.2532	22.3984	0.0000	45.4748		
10	38	0.0836	7	2	2	0	0	0	0	0	0	Y	Y	N	N	N	N	N	N	N	N	N	N	0.0000	0.0000	0.0000	0.0000	0.0000	0.0000	0.0000	0.0000	0.0000	0.0000	0.0000	0.0000	0.0000	0.0000	0.0000	0.0000	0.0000	0.0000	0.0000	0.0000	2.0043	0.0001	5.1253	0.1668	0.0000	0.0000	0.0000	0.0000	0.0000	0.0000	0.0000	0.0000	0.0000	0.0000	0.0000	0.0000	0.0000	0.0000	0.0000	0.0000	0.0000	0.0000	0.0000	0.0000	0.0000	0.0000	0.0000	0.0000	0.0000	0.0000	0.0000	0.0063	0.0048	0.0015	0.0030	0.0029	0.0000	0.0034	0.0019	0.0015	0.0000	0.0000	0.0000	0.0000	0.0000	0.0000	0.0000	0.0000	0.0000	0.0000	0.0000	0.0000	0.0000	0.0000	0.0000	0.0000	0.0000	0.0000											
10	39	0.0713	10	1	1	0	1	0	0	0	0	N	N	N	N	N	N	N	N	N	N	N	N	0.0000	0.0000	0.0000	0.0000	0.0000	0.0000	0.0000	0.0000	0.0000	0.0000	0.0000	0.0000	0.0000	0.0000	0.0000	0.0000	0.0000	0.0000	0.0067	0.0106	0.0004	0.0150	0.0156	0.0054	0.0000	0.0000	0.0001	0.0231	0.0000	-0.0006	2.0043	1.7673	5.1253	9.0239	0.0000	0.0000	0.0000	0.0000	0.0000	0.0000	0.0000	0.0000	0.0000	0.0010	0.0010	0.0000	0.0010	0.0010	0.0000	0.0000	0.0000	0.0000	0.0292	0.0247	0.0045	0.0090	0.0077	0.0013	0.0202	0.0170	0.0032	0.1534	0.0946	0.0588	0.0683	0.0646	0.0037	0.0852	0.0301	0.0551	0.0000	0.0000	0.0000	0.0000	0.0000	0.0000	0.0000	0.0000	0.0000	0.0067	0.0106	0.0004	0.0150	0.0156	0.0054	0.0000	0.0000	0.0001	
10	40	0.0689	9	1	1	0	1	0	0	0	0	N	N	N	N	N	N	N	N	N	N	N	N	0.0000	0.0000	0.0000	0.0000	0.0000	0.0000	0.0000	0.0000	0.0000	0.0000	0.0000	0.0000	0.0000	0.0000	0.0000	0.0000	0.0000	0.0000	0.0175	0.0012	0.0438	0.0001	0.0001	0.0001	0.0287	0.0026	0.0482	inf	23.1034	0.0000	0.0004	2.0043	3.4690	5.1253	3.7419	0.0000	0.0000	0.0000	0.0000	0.0000	0.0000	0.0000	0.0000	0.0000	0.0010	0.0000	0.0010	0.0000	0.0000	0.0000	0.0010	0.0000	0.0010	0.0436	0.0366	0.0070	0.0099	0.0082	0.0018	0.0337	0.0284	0.0053	0.0592	0.0365	0.0226	0.0232	0.0211	0.0021	0.0359	0.0154	0.0205	0.0000	0.0000	0.0000	0.0000	0.0000	0.0000	0.0000	0.0000	0.0000	0.0175	0.0012	0.0438	0.0001	0.0001	0.0001	0.0287	0.0026	0.0482
10	41	0.0353	7	1	2	1	0	0	0	0	0	N	Y	N	N	N	N	N	N	N	N	N	N	0.0000	0.0000	0.0000	0.0000	0.0000	0.0000	0.0000	0.0000	0.0000	0.0000	0.0000	0.0000	0.0000	0.0000	0.0000	0.0000	0.0000	0.0000	0.0000	0.0000	0.0000	0.0000	0.0000	0.0000	0.0000	0.0022	0.0000	-0.0000	2.0043	0.9997	5.1253	10.1790	0.0000	0.0000	0.0000	0.0000	0.0000	0.0000	0.0000	0.0000	0.0000	0.0000	0.0000	0.0000	0.0000	0.0000	0.0000	0.0000	0.0000	0.0000	0.0105	0.0089	0.0016	0.0005	0.0005	0.0000	0.0101	0.0085	0.0016	0.1140	0.0776	0.0363	0.0420	0.0398	0.0022	0.0720	0.0379	0.0341	0.0000	0.0000	0.0000	0.0000	0.0000	0.0000	0.0000	0.0000	0.0000	0.0000	0.0000	0.0000	0.0000	0.0000	0.0000	0.0000	0.0000	0.0000			
10	42	0.0342	6	1	2	0	0	0	0	0	0	N	Y	N	N	N	N	N	N	N	N	N	N	0.0000	0.0000	0.0000	0.0000	0.0000	0.0000	0.0000	0.0000	0.0000	0.0000	0.0000	0.0000	0.0000	0.0000	0.0000	0.0000	0.0002	0.0002	0.0002	0.0003	0.0003	0.0000	0.0001	0.0000	0.0002	0.6177	0.0000	-0.0000	2.0043	0.0007	5.1253	0.9413	0.0000	0.0000	0.0000	0.0000	0.0000	0.0000	0.0000	0.0000	0.0000	0.0000	0.0000	0.0000	0.0000	0.0000	0.0000	0.0000	0.0000	0.0000	0.0000	0.0000	0.0000	0.0000	0.0000	0.0000	0.0000	0.0000	0.0000	0.0108	0.0071	0.0037	0.0040	0.0038	0.0002	0.0068	0.0033	0.0035	0.0000	0.0000	0.0000	0.0000	0.0000	0.0000	0.0000	0.0000	0.0000	0.0002	0.0002	0.0002	0.0003	0.0003	0.0000	0.0001	0.0000	0.0002			
10	43	0.0168	2	2	1	1	0	0	0	0	0	Y	N	N	N	N	N	N	N	N	N	N	N	1072.2882	0.0000	89763.3854	62.8888	0.0000	17905.4691	20753.9992	94440.9177	0.1951	0.0000	1.2936	0.0296	0.0000	4.4176	0.2036	0.0000	1.2869	0.0002	0.0003	0.0000	0.0005	0.0005	0.0002	0.0000	0.0000	0.0000	inf	0.0372	0.0018	-0.0000	2.0043	1.9995	5.1253	12.0029	0.0041	0.0000	0.0041	0.0000	0.0000	0.0000	0.0040	0.0000	0.0040	0.0000	0.0000	0.0000	0.0000	0.0000	0.0000	0.0000	0.0000	0.0000	0.0208	0.0177	0.0031	0.0010	0.0010	0.0000	0.0198	0.0167	0.0031	0.2280	0.1248	0.1032	0.0851	0.0848	0.0003	0.1428	0.0400	0.1028	1072.2882	0.0000	89763.3854	62.8888	0.0000	17905.4691	20753.9992	0.0000	94440.9177	0.0002	0.0003	0.0000	0.0005	0.0005	0.0002	0.0000	0.0000	0.0000	
10	44	0.0500	3	2	2	0	0	0	0	0	0	Y	Y	N	N	N	N	N	N	N	N	N	N	0.0003	44.2810	0.0000	9.8853	219.7733	0.0000	0.0000	0.0000	0.0012	0.0014	0.0000	0.0157	0.0161	0.0000	0.0000	0.0000	0.0000	3.8878	0.0000	10.4925	0.0016	0.0001	0.0378	5.4260	0.0000	10.6535	0.0000	194998.7057	-0.0001	0.3839	2.0043	10.0000	5.1253	26.8440	0.0001	0.0001	0.0000	0.0001	0.0001	0.0000	0.0000	0.0000	0.0000	0.9964	0.0000	0.9964	0.0001	0.0000	0.0001	0.9963	0.0000	0.9963	0.0996	0.0848	0.0148	0.0077	0.0075	0.0002	0.0919	0.0773	0.0146	0.2563	0.1599	0.0964	0.0727	0.0698	0.0029	0.1836	0.0901	0.0935	0.0003	44.2810	0.0000	9.8853	219.7733	0.0000	0.0000	0.0000	0.0000	3.8878	0.0000	10.3330	0.0016	0.0001	0.0378	5.4260	0.0000	10.6535	
10	45	0.0342	6	1	2	0	0	0	0	0	0	N	Y	N	N	N	N	N	N	N	N	N	N	0.0000	0.0000	0.0000	0.0000	0.0000	0.0000	0.0000	0.0000	0.0000	0.0000	0.0000	0.0000	0.0000	0.0000	0.0000	0.0000	0.0000	0.0000	0.0000	0.0000	0.0000	0.0000	0.0000	0.0000	-0.0000	2.0043	3.0000	5.1253	5.0456	0.0000	0.0000	0.0000	0.0000	0.0000	0.0000	0.0000	0.0000	0.0000	0.0000	0.0000	0.0000	0.0000	0.0000	0.0000	0.0000	0.0000	0.0000	0.0314	0.0266	0.0048	0.0014	0.0014	0.0000	0.0299	0.0252	0.0048	0.0721	0.0472	0.0249	0.0245	0.0230	0.0014	0.0476	0.0241	0.0235	0.0000	0.0000	0.0000	0.0000	0.0000	0.0000	0.0000	0.0000	0.0000	0.0000	0.0000	0.0000	0.0000	0.0000	0.0000	0.0000	0.0000	0.0000						
10	46	0.0300	5	1	2	0	0	0	0	0	0	N	Y	N	N	N	N	N	N	N	N	N	N	0.0000	0.0000	0.0000	0.0000	0.0000	0.0000	0.0000	0.0000	0.0000	0.0000	0.0000	0.0000	0.0000	0.0000	0.0000	0.0000	0.0231	0.0361	0.0000	0.0733	0.0780	0.0000	0.0000	0.0000	0.0000	0.0000	0.0000	-0.0004	2.0043	2.0000	5.1253	1.0030	0.0000	0.0000	0.0000	0.0000	0.0000	0.0000	0.0000	0.0000	0.0000	0.0006	0.0006	0.0000	0.0006	0.0006	0.0000	0.0000	0.0000	0.0000	0.0205	0.0174	0.0031	0.0008	0.0008	0.0000	0.0197	0.0166	0.0031	0.0258	0.0165	0.0093	0.0081	0.0076	0.0005	0.0177	0.0089	0.0088	0.0000	0.0000	0.0000	0.0000	0.0000	0.0000	0.0000	0.0000	0.0000	0.0231	0.0361	0.0000	0.0733	0.0780	0.0000	0.0000	0.0000	0.0000			
10	47	0.0300	4	1	2	0	0	0	0	0	0	N	Y	N	N	N	N	N	N	N	N	N	N	0.0000	0.0000	0.0000	0.0000	0.0000	0.0000	0.0000	0.0000	0.0000	0.0000	0.0000	0.0000	0.0000	0.0000	0.0000	0.0000	0.0000	0.8659	0.6521	1.2996	1.0093	1.0358	0.0580	0.7562	0.0000	1.3455	0.9825	0.0000	-0.0001	2.0043	0.0000	5.1253	0.0582	0.0000	0.0000	0.0000	0.0000	0.0000	0.0000	0.0000	0.0000	0.0000	0.0011	0.0006	0.0006	0.0006	0.0006	0.0000	0.0006	0.0000	0.0006	0.0000	0.0000	0.0000	0.0000	0.0000	0.0000	0.0000	0.0000	0.0000	0.0013	0.0009	0.0004	0.0006	0.0005	0.0000	0.0007	0.0003	0.0004	0.0000	0.0000	0.0000	0.0000	0.0000	0.0000	0.0000	0.0000	0.0000	0.8659	0.6521	1.2996	1.0093	1.0358	0.0580	0.7562	0.0000	1.3455		
10	48	0.0262	3	1	2	0	0	0	0	0	0	N	Y	N	N	N	N	N	N	N	N	N	N	0.9551	0.0000	8.4901	0.0138	0.0000	6364.4246	3.1176	0.0000	8.1697	0.0338	0.0000	0.1930	0.0009	0.0000	0.7548	0.0456	0.0000	0.1919	0.0353	0.0436	0.0227	0.0682	0.0705	0.0001	0.0146	0.0000	0.0235	inf	0.3401	0.0000	-0.0008	2.0043	0.0018	5.1253	3.9096	0.0000	0.0000	0.0000	0.0000	0.0000	0.0000	0.0000	0.0000	0.0000	0.0022	0.0017	0.0006	0.0017	0.0017	0.0000	0.0006	0.0000	0.0006	0.0000	0.0000	0.0000	0.0000	0.0000	0.0000	0.0000	0.0000	0.0000	0.0632	0.0383	0.0250	0.0245	0.0236	0.0008	0.0388	0.0146	0.0241	0.9551	0.0000	8.4901	0.0138	0.0000	6364.4246	3.1176	0.0000	8.1697	0.0353	0.0436	0.0227	0.0682	0.0705	0.0001	0.0146	0.0000	0.0235
10	49	0.0168	2	1	2	0	0	0	0	0	0	N	Y	N	N	N	N	N	N	N	N	N	N	16.7546	0.0000	69.6211	4.4092	0.0002	8551.5735	13.5057	0.0000	69.0370	0.1948	0.0000	1.2911	0.0296	0.0000	4.4084	0.2032	0.0000	1.2843	0.0116	0.0056	0.0185	0.0067	0.0067	0.0005	0.0150	0.0021	0.0186	2476891.1189	2.8552	0.0018	0.0003	2.0043	2.0031	5.1253	6.0601	0.0041	0.0000	0.0041	0.0000	0.0000	0.0000	0.0040	0.0000	0.0040	0.0022	0.0006	0.0016	0.0005	0.0005	0.0000	0.0017	0.0000	0.0016	0.0208	0.0177	0.0031	0.0010	0.0010	0.0000	0.0198	0.0167	0.0031	0.1875	0.1005	0.0870	0.0769	0.0766	0.0003	0.1106	0.0238	0.0868	16.7546	0.0000	69.6211	4.4092	0.0002	8551.5735	13.5057	0.0000	69.0370	0.0116	0.0056	0.0185	0.0067	0.0067	0.0005	0.0150	0.0021	0.0186
10	50	0.0798	10	1	1	1	0	0	0	0	0	N	N	N	N	N	N	N	N	N	N	N	N	inf	inf	inf	inf	0.0009	0.0010	0.0000	0.0022	0.0022	0.0000	0.0000	0.0000	0.0000	0.0000	0.0000	0.0000	0.0000	0.0000	0.0000	0.0000	0.0000	0.0000	0.0000	-0.0000	0.0000	2.0043	0.0004	5.1253	0.9852	0.0000	0.0000	0.0000	0.0000	0.0000	0.0000	0.0000	0.0000	0.0000	0.0000	0.0000	0.0000	0.0000	0.0000	0.0000	0.0000	0.0000	0.0000	0.0000	0.0000	0.0000	0.0000	0.0000	0.0000	0.0000	0.0000	0.0000	0.0076	0.0048	0.0028	0.0031	0.0028	0.0003	0.0044	0.0020	0.0024	inf	inf	0.0000	inf	inf	0.0000	0.0000	0.0000	0.0000	0.0000	0.0000	0.0000	0.0000	0.0000	0.0000	0.0000	0.0000	0.0000						
10	51	0.0689	9	1	1	0	0	0	0	0	0	N	N	N	N	N	N	N	N	N	N	N	N	0.0412	0.0303	0.0878	0.0926	0.0008	0.0010	0.0000	0.0047	0.0054	0.0000	0.0000	0.0000	0.0000	0.0204	0.0328	0.0000	0.0531	0.0588	0.0000	0.0000	0.0000	0.0000	0.0000	0.0000	-0.0001	-0.0022	2.0043	10.7574	5.1253	12.9024	0.0001	0.0001	0.0000	0.0001	0.0001	0.0000	0.0000	0.0000	0.0000	0.0035	0.0035	0.0000	0.0035	0.0035	0.0000	0.0000	0.0000	0.0000	0.1193	0.1007	0.0186	0.0214	0.0184	0.0031	0.0979	0.0823	0.0156	0.1742	0.1081	0.0661	0.0667	0.0603	0.0064	0.1074	0.0478	0.0597	0.0412	0.0303	0.0000	0.0878	0.0926	0.0000	0.0000	0.0000	0.0000	0.0204	0.0328	0.0000	0.0531	0.0588	0.0000	0.0000	0.0000	0.0000					
10	52	0.0675	8	1	1	0	0	0	0	0	0	N	N	N	N	N	N	N	N	N	N	N	N	1.0077	0.8151	0.0000	0.0271	0.0287	7.1698	inf	0.0000	0.0001	0.0001	0.0000	0.0000	0.0000	0.0000	0.0001	0.0002	0.0000	0.0001	0.0002	0.0000	0.0003	0.0003	0.0000	0.0000	0.0000	0.0000	0.0000	0.1113	-0.0000	-0.0000	2.0043	2.6694	5.1253	2.4027	0.0000	0.0000	0.0000	0.0000	0.0000	0.0000	0.0000	0.0000	0.0000	0.0000	0.0000	0.0000	0.0000	0.0000	0.0000	0.0000	0.0000	0.0000	0.0307	0.0259	0.0048	0.0046	0.0039	0.0007	0.0261	0.0220	0.0041	0.0410	0.0252	0.0158	0.0159	0.0145	0.0015	0.0251	0.0107	0.0143	1.0077	0.8151	0.0000	0.0271	0.0287	0.0000	7.1698	inf	0.0000	0.0001	0.0002	0.0000	0.0003	0.0003	0.0000	0.0000	0.0000	0.0000	
10	53	0.0623	7	1	1	0	0	0	0	0	0	N	N	N	N	N	N	N	N	N	N	N	N	6868.6871	6259.9209	0.0000	186.9990	174.1710	24453.4182	inf	0.0000	0.0416	0.0484	0.0000	0.0024	0.0024	0.0000	0.0475	0.0563	0.0000	0.0000	0.0000	0.0000	0.0000	0.0000	0.0000	0.0000	0.0000	0.0000	0.0000	0.2461	-0.0022	-0.0000	2.0043	8.6921	5.1253	5.3599	0.0040	0.0040	0.0000	0.0000	0.0000	0.0000	0.0040	0.0040	0.0000	0.0000	0.0000	0.0000	0.0000	0.0000	0.0000	0.0000	0.0000	0.0000	0.0963	0.0828	0.0135	0.0125	0.0121	0.0004	0.0838	0.0706	0.0131	0.1052	0.0662	0.0390	0.0404	0.0365	0.0039	0.0649	0.0297	0.0352	6868.6871	6259.9209	0.0000	186.9990	174.1710	0.0000	24453.4182	inf	0.0000	0.0000	0.0000	0.0000	0.0000	0.0000	0.0000	0.0000	0.0000	0.0000	
10	54	0.0620	6	1	1	0	0	0	0	0	0	N	N	N	N	N	N	N	N	N	N	N	N	122.4537	140.6873	0.2014	6.1333	5.6916	233.8897	inf	0.1878	0.0021	0.0023	0.0000	0.0002	0.0002	0.0000	0.0025	0.0030	0.0000	0.0000	0.0000	0.0000	0.0000	0.0000	0.0000	0.0000	0.0000	0.0000	0.0002	0.6279	-0.0000	-0.0000	2.0043	1.8652	5.1253	1.4001	0.0001	0.0001	0.0000	0.0000	0.0000	0.0000	0.0001	0.0001	0.0000	0.0000	0.0000	0.0000	0.0000	0.0000	0.0000	0.0000	0.0000	0.0000	0.0256	0.0223	0.0032	0.0049	0.0048	0.0001	0.0207	0.0175	0.0032	0.0279	0.0172	0.0107	0.0110	0.0101	0.0009	0.0168	0.0071	0.0098	122.4537	140.6873	0.2014	6.1333	5.6916	0.0000	233.8897	inf	0.1878	0.0000	0.0000	0.0000	0.0000	0.0000	0.0000	0.0000	0.0000	0.0000	
10	55	0.0576	5	1	1	0	0	0	0	0	0	N	N	N	N	N	N	N	N	N	N	N	N	4.0679	6.4486	0.0000	10.9320	10.5734	0.0000	3.1224	20.1811	0.0000	0.0000	0.0000	0.0000	0.0001	0.0001	0.0000	0.0000	0.0000	0.0000	0.0000	0.0000	0.0000	0.0000	0.0000	0.0000	0.0000	0.0000	0.0000	0.0000	1.1382	-0.0000	-0.0000	2.0043	2.5292	5.1253	4.9772	0.0000	0.0000	0.0000	0.0000	0.0000	0.0000	0.0000	0.0000	0.0000	0.0000	0.0000	0.0000	0.0000	0.0000	0.0000	0.0000	0.0000	0.0000	0.0293	0.0253	0.0040	0.0037	0.0036	0.0001	0.0257	0.0217	0.0039	0.0829	0.0531	0.0298	0.0353	0.0320	0.0033	0.0476	0.0211	0.0265	4.0679	6.4486	0.0000	10.9320	10.5734	0.0000	3.1224	20.1811	0.0000	0.0000	0.0000	0.0000	0.0000	0.0000	0.0000	0.0000	0.0000	0.0000
10	56	0.0168	2	2	2	0	0	0	0	0	0	Y	Y	N	N	N	N	N	N	N	N	N	N	0.0000	0.0000	0.0000	0.0000	0.0000	0.0000	0.0000	0.0000	0.0000	0.0000	0.0000	0.0000	0.0000	0.0000	0.0000	0.0000	0.0000	4.8107	0.0046	11.0678	0.0068	0.0064	0.0950	7.8832	0.0000	10.5346	1925.7191	0.0000	0.3844	2.0043	0.0000	5.1253	10.9971	0.0000	0.0000	0.0000	0.0000	0.0000	0.0000	0.0000	0.0000	0.0000	0.9990	0.0005	0.9985	0.0005	0.0005	0.0000	0.9985	0.0000	0.9985	0.0000	0.0000	0.0000	0.0000	0.0000	0.0000	0.0000	0.0000	0.0000	0.2077	0.1126	0.0951	0.0810	0.0807	0.0003	0.1267	0.0319	0.0948	0.0000	0.0000	0.0000	0.0000	0.0000	0.0000	0.0000	0.0000	0.0000	4.8107	0.0046	10.5000	0.0068	0.0064	0.0950	7.8832	0.0000	10.5346		
10	57	0.1384	7	1	1	0	0	0	0	0	0	N	N	N	N	N	N	N	N	N	N	N	N	0.0027	0.0132	0.0000	0.0146	0.0268	0.0000	0.0000	0.0009	0.0000	0.0013	0.0014	0.0000	0.0042	0.0044	0.0000	0.0000	0.0000	0.0000	0.4604	0.1083	1.2877	0.2868	0.1629	1.1037	0.6609	0.0006	1.3447	0.0000	5.0589	-0.0001	0.0321	2.0043	7.8198	5.1253	21.5823	0.0002	0.0002	0.0000	0.0002	0.0002	0.0000	0.0000	0.0000	0.0000	0.1455	0.0240	0.1215	0.0486	0.0240	0.0246	0.0970	0.0000	0.0969	0.1253	0.1102	0.0151	0.0374	0.0360	0.0014	0.0879	0.0742	0.0137	0.3162	0.2218	0.0944	0.1695	0.1471	0.0223	0.1467	0.0746	0.0721	0.0027	0.0132	0.0000	0.0146	0.0268	0.0000	0.0000	0.0009	0.0000	0.4604	0.1083	1.2877	0.2868	0.1629	1.1037	0.6609	0.0006	1.3447
10	58	0.0525	6	2	2	1	0	0	0	0	0	Y	Y	N	N	N	N	N	N	N	N	N	N	0.0000	0.0000	0.0000	0.0000	0.0000	0.0000	0.0000	0.0000	0.0000	0.0000	0.0000	0.0000	0.0000	0.0000	0.0000	0.0000	0.0000	0.0036	0.0059	0.0000	0.0143	0.0146	0.0000	0.0000	0.0000	0.0000	0.0000	0.0000	-0.0002	2.0043	2.0055	5.1253	11.8091	0.0000	0.0000	0.0000	0.0000	0.0000	0.0000	0.0000	0.0000	0.0000	0.0004	0.0004	0.0000	0.0004	0.0004	0.0000	0.0000	0.0000	0.0000	0.0207	0.0176	0.0031	0.0012	0.0011	0.0000	0.0196	0.0165	0.0031	0.1010	0.0611	0.0399	0.0252	0.0246	0.0007	0.0758	0.0365	0.0392	0.0000	0.0000	0.0000	0.0000	0.0000	0.0000	0.0000	0.0000	0.0000	0.0036	0.0059	0.0000	0.0143	0.0146	0.0000	0.0000	0.0000	0.0000		
10	59	0.0471	5	2	1	1	0	0	0	0	0	Y	N	N	N	N	N	N	N	N	N	N	N	0.0000	0.0000	0.0000	0.0000	0.0000	0.0000	0.0000	0.0000	0.0000	0.0000	0.0000	0.0000	0.0000	0.0000	0.0000	0.0000	0.0000	0.0000	0.0000	0.0000	0.0000	0.0000	0.0000	0.0000	0.0000	0.0000	0.0388	0.0000	-0.0000	2.0043	1.9951	5.1253	2.5667	0.0000	0.0000	0.0000	0.0000	0.0000	0.0000	0.0000	0.0000	0.0000	0.0000	0.0000	0.0000	0.0000	0.0000	0.0000	0.0000	0.0000	0.0000	0.0206	0.0175	0.0031	0.0011	0.0011	0.0000	0.0195	0.0164	0.0031	0.0450	0.0278	0.0172	0.0141	0.0137	0.0004	0.0309	0.0141	0.0168	0.0000	0.0000	0.0000	0.0000	0.0000	0.0000	0.0000	0.0000	0.0000	0.0000	0.0000	0.0000	0.0000	0.0000	0.0000	0.0000	0.0000	0.0000		
10	60	0.0403	4	2	1	1	0	0	0	0	0	Y	N	N	N	N	N	N	N	N	N	N	N	0.0000	0.0000	0.0000	0.0000	0.0000	0.0000	0.0000	0.0000	0.0000	0.0000	0.0000	0.0000	0.0000	0.0000	0.0000	0.0000	0.0000	0.0000	0.0000	0.0000	0.0000	0.0000	0.0000	0.0001	0.0000	0.0000	0.0000	0.3222	0.0000	-0.0000	2.0043	0.0108	5.1253	3.6229	0.0000	0.0000	0.0000	0.0000	0.0000	0.0000	0.0000	0.0000	0.0000	0.0000	0.0000	0.0000	0.0000	0.0000	0.0000	0.0000	0.0000	0.0000	0.0002	0.0001	0.0000	0.0001	0.0001	0.0000	0.0001	0.0001	0.0000	0.0302	0.0219	0.0084	0.0121	0.0110	0.0011	0.0182	0.0109	0.0073	0.0000	0.0000	0.0000	0.0000	0.0000	0.0000	0.0000	0.0000	0.0000	0.0000	0.0000	0.0000	0.0000	0.0000	0.0001	0.0000	0.0000	0.0000	
10	61	0.0587	5	1	2	0	0	0	0	0	0	N	Y	N	N	N	N	N	N	N	N	N	N	0.0000	0.0000	0.0000	0.0000	0.0000	0.0000	0.0000	0.0000	0.0000	0.0000	0.0000	0.0000	0.0000	0.0000	0.0000	0.0000	0.0000	0.0335	0.0516	0.0000	0.0915	0.0948	0.0000	0.0000	0.0000	0.0000	0.0000	0.0000	-0.0026	2.0043	4.0917	5.1253	8.0988	0.0000	0.0000	0.0000	0.0000	0.0000	0.0000	0.0000	0.0000	0.0000	0.0042	0.0042	0.0000	0.0042	0.0042	0.0000	0.0000	0.0000	0.0000	0.0467	0.0402	0.0066	0.0059	0.0058	0.0001	0.0408	0.0344	0.0065	0.1254	0.0814	0.0441	0.0459	0.0443	0.0016	0.0795	0.0371	0.0424	0.0000	0.0000	0.0000	0.0000	0.0000	0.0000	0.0000	0.0000	0.0000	0.0335	0.0516	0.0000	0.0915	0.0948	0.0000	0.0000	0.0000	0.0000		
10	62	0.0549	4	1	2	0	0	0	0	0	0	N	Y	N	N	N	N	N	N	N	N	N	N	0.0000	0.0000	0.0000	0.0000	0.0000	0.0000	0.0000	0.0000	0.0000	0.0000	0.0000	0.0000	0.0000	0.0000	0.0000	0.0000	0.0000	0.0000	0.0337	0.0023	0.0812	0.0033	0.0034	0.0002	0.0493	0.0010	0.0839	23.0780	0.0000	0.0008	2.0043	2.1165	5.1253	5.0852	0.0000	0.0000	0.0000	0.0000	0.0000	0.0000	0.0000	0.0000	0.0000	0.0024	0.0001	0.0023	0.0001	0.0001	0.0000	0.0023	0.0000	0.0023	0.0218	0.0185	0.0033	0.0017	0.0016	0.0000	0.0201	0.0169	0.0032	0.0700	0.0421	0.0278	0.0237	0.0229	0.0009	0.0462	0.0193	0.0269	0.0000	0.0000	0.0000	0.0000	0.0000	0.0000	0.0000	0.0000	0.0000	0.0337	0.0023	0.0812	0.0033	0.0034	0.0002	0.0493	0.0010	0.0839	
10	63	0.0403	4	2	1	1	0	0	0	0	0	Y	N	N	N	N	N	N	N	N	N	N	N	0.0000	0.0000	0.0000	0.0000	0.0000	0.0000	0.0000	0.0000	0.0000	0.0000	0.0000	0.0000	0.0000	0.0000	0.0000	0.0000	0.0000	0.0000	0.0000	0.0000	0.0000	0.0000	0.0000	0.0000	0.0000	0.0000	0.0000	0.3328	0.0000	-0.0000	2.0043	3.9990	5.1253	8.8702	0.0000	0.0000	0.0000	0.0000	0.0000	0.0000	0.0000	0.0000	0.0000	0.0000	0.0000	0.0000	0.0000	0.0000	0.0000	0.0000	0.0000	0.0000	0.0373	0.0321	0.0052	0.0008	0.0008	0.0000	0.0365	0.0314	0.0052	0.0728	0.0427	0.0301	0.0151	0.0137	0.0014	0.0577	0.0290	0.0287	0.0000	0.0000	0.0000	0.0000	0.0000	0.0000	0.0000	0.0000	0.0000	0.0000	0.0000	0.0000	0.0000	0.0000	0.0000	0.0000	0.0000	0.0000	
10	64	0.0202	3	2	1	1	0	0	0	0	0	Y	N	N	N	N	N	N	N	N	N	N	N	0.0165	0.0000	0.8329	0.0000	0.0000	0.0000	0.1314	0.0000	0.9692	0.0000	0.0000	0.0000	0.0000	0.0000	0.0000	0.0000	0.0000	0.0000	0.0000	0.0001	0.0000	0.0001	0.0001	0.0001	0.0000	0.0000	0.0000	inf	0.0657	0.0000	-0.0000	2.0043	3.9972	5.1253	6.8232	0.0000	0.0000	0.0000	0.0000	0.0000	0.0000	0.0000	0.0000	0.0000	0.0000	0.0000	0.0000	0.0000	0.0000	0.0000	0.0000	0.0000	0.0000	0.0427	0.0364	0.0063	0.0027	0.0027	0.0000	0.0399	0.0337	0.0063	0.3051	0.1654	0.1397	0.1312	0.1300	0.0012	0.1739	0.0354	0.1385	0.0165	0.0000	0.8329	0.0000	0.0000	0.0000	0.1314	0.0000	0.9692	0.0000	0.0001	0.0000	0.0001	0.0001	0.0001	0.0000	0.0000	0.0000
10	65	0.0626	5	1	2	0	0	0	0	0	0	N	Y	N	N	N	N	N	N	N	N	N	N	0.0000	0.0000	0.0000	0.0000	0.0000	0.0000	0.0000	0.0000	0.0000	0.0000	0.0000	0.0000	0.0000	0.0000	0.0000	0.0000	0.0000	0.0000	0.2202	0.0049	0.6369	0.0118	0.0090	0.0354	0.3600	0.0000	0.7218	66.9320	0.0000	0.0366	2.0043	15.6632	5.1253	35.0639	0.0000	0.0000	0.0000	0.0000	0.0000	0.0000	0.0000	0.0000	0.0000	0.0988	0.0015	0.0974	0.0021	0.0015	0.0007	0.0967	0.0000	0.0967	0.1574	0.1345	0.0229	0.0145	0.0142	0.0004	0.1429	0.1203	0.0225	0.4489	0.2960	0.1529	0.1802	0.1613	0.0189	0.2687	0.1347	0.1340	0.0000	0.0000	0.0000	0.0000	0.0000	0.0000	0.0000	0.0000	0.0000	0.2202	0.0049	0.6369	0.0118	0.0090	0.0354	0.3600	0.0000	0.7218	
10	66	0.0626	5	1	1	1	0	0	0	0	0	N	N	N	N	N	N	N	N	N	N	N	N	0.0000	0.0000	0.0000	0.0000	0.0000	0.0000	0.0000	0.0000	0.0000	0.0000	0.0000	0.0000	0.0000	0.0000	0.0000	0.0000	0.0000	4.0134	0.0000	17.6700	0.0010	0.0000	0.0076	7.8274	0.0000	22.7777	249001.5209	0.0000	0.3833	2.0043	4.9998	5.1253	10.1184	0.0000	0.0000	0.0000	0.0000	0.0000	0.0000	0.0000	0.0000	0.0000	0.9950	0.0000	0.9950	0.0001	0.0000	0.0001	0.9949	0.0000	0.9949	0.0558	0.0478	0.0079	0.0066	0.0064	0.0001	0.0492	0.0414	0.0078	0.2479	0.1697	0.0782	0.1208	0.1051	0.0157	0.1271	0.0646	0.0625	0.0000	0.0000	0.0000	0.0000	0.0000	0.0000	0.0000	0.0000	0.0000	4.0134	0.0000	12.7249	0.0010	0.0000	0.0076	7.8274	0.0000	15.9169		
10	67	0.0670	7	1	2	0	0	0	0	0	0	N	Y	N	N	N	N	N	N	N	N	N	N	824.6205	624.3785	0.0000	27.4722	26.9274	0.0000	1445675.3349	inf	0.0000	0.0368	0.0429	0.0000	0.0030	0.0032	0.0000	0.0402	0.0474	0.0000	0.0000	0.0001	0.0000	0.0001	0.0001	0.0000	0.0000	0.0000	0.0000	0.0000	0.0021	-0.0022	-0.0000	2.0043	10.9928	5.1253	18.5513	0.0040	0.0040	0.0000	0.0000	0.0000	0.0000	0.0040	0.0040	0.0000	0.0000	0.0000	0.0000	0.0000	0.0000	0.0000	0.0000	0.0000	0.0000	0.1090	0.0935	0.0155	0.0100	0.0094	0.0006	0.0991	0.0841	0.0150	0.2445	0.1584	0.0860	0.1007	0.0930	0.0077	0.1438	0.0654	0.0784	824.6205	624.3785	0.0000	27.4722	26.9274	0.0000	1445675.3349	inf	0.0000	0.0000	0.0001	0.0000	0.0001	0.0001	0.0000	0.0000	0.0000	0.0000
10	68	0.0670	6	1	1	0	0	0	0	0	0	N	N	N	N	N	N	N	N	N	N	N	N	55.1499	74.8002	0.0000	32.2849	32.2964	0.0000	69.2159	117642.5499	0.0000	0.0261	0.0289	0.0000	0.0157	0.0161	0.0000	0.0319	0.0370	0.0000	0.0005	0.0004	0.0006	0.0005	0.0005	0.0000	0.0005	0.0000	0.0006	0.0000	0.9993	-0.0000	-0.0000	2.0043	0.0861	5.1253	1.0715	0.0001	0.0001	0.0000	0.0000	0.0000	0.0000	0.0000	0.0000	0.0000	0.0000	0.0000	0.0000	0.0000	0.0000	0.0000	0.0000	0.0000	0.0000	0.0023	0.0020	0.0002	0.0008	0.0008	0.0000	0.0015	0.0013	0.0002	0.0459	0.0281	0.0178	0.0223	0.0218	0.0006	0.0236	0.0063	0.0172	55.1499	74.8002	0.0000	32.2849	32.2964	0.0000	69.2159	117642.5499	0.0000	0.0005	0.0004	0.0006	0.0005	0.0005	0.0000	0.0005	0.0000	0.0006
10	69	0.0498	4	2	1	1	0	0	0	0	0	Y	N	N	N	N	N	N	N	N	N	N	N	0.0000	0.0000	0.0000	0.0000	0.0000	0.0000	0.0000	0.0000	0.0000	0.0000	0.0000	0.0000	0.0000	0.0007	0.0010	0.0000	0.0025	0.0025	0.0000	0.0000	0.0000	0.0000	0.0000	0.0000	-0.0000	2.0043	1.0000	5.1253	3.0001	0.0000	0.0000	0.0000	0.0000	0.0000	0.0000	0.0000	0.0000	0.0000	0.0000	0.0000	0.0000	0.0000	0.0000	0.0000	0.0000	0.0000	0.0000	0.0103	0.0087	0.0016	0.0008	0.0007	0.0000	0.0095	0.0080	0.0016	0.0306	0.0193	0.0113	0.0081	0.0079	0.0002	0.0225	0.0114	0.0111	0.0000	0.0000	0.0000	0.0000	0.0000	0.0000	0.0000	0.0000	0.0000	0.0007	0.0010	0.0000	0.0025	0.0025	0.0000	0.0000	0.0000	0.0000						
10	70	0.0498	3	2	1	1	0	0	0	0	0	Y	N	N	N	N	N	N	N	N	N	N	N	0.0000	0.0000	0.0000	0.0000	0.0000	0.0000	0.0000	0.0000	0.0000	0.0000	0.0000	0.0000	0.0000	0.0000	0.0000	0.0000	0.0000	1.5371	1.3585	1.7698	1.7517	1.7584	0.0406	1.3693	0.0000	1.7766	1.0000	0.0000	-0.0000	2.0043	0.0000	5.1253	0.0009	0.0000	0.0000	0.0000	0.0000	0.0000	0.0000	0.0000	0.0000	0.0000	0.0000	0.0000	0.0000	0.0000	0.0000	0.0000	0.0000	0.0000	0.0000	0.0000	0.0000	0.0000	0.0000	0.0000	0.0000	0.0000	0.0000	0.0000	0.0000	0.0000	0.0000	0.0000	0.0000	0.0000	0.0000	0.0000	0.0000	0.0000	0.0000	0.0000	0.0000	0.0000	0.0000	0.0000	0.0000	0.0000	1.5371	1.3585	1.7698	1.7517	1.7584	0.0406	1.3693	0.0000	1.7766		
10	71	0.0168	2	2	1	1	0	0	0	0	0	Y	N	N	N	N	N	N	N	N	N	N	N	4.0783	3.8297	0.0000	43.5764	43.7760	0.0000	0.0000	0.0000	0.0010	0.0012	0.0000	0.0225	0.0227	0.0000	0.0000	0.0000	0.0000	0.0002	0.0003	0.0002	0.0005	0.0005	0.0002	0.0001	0.0000	0.0002	0.0000	0.4283	-0.0001	-0.0000	2.0043	9.9966	5.1253	12.9129	0.0001	0.0001	0.0000	0.0001	0.0001	0.0000	0.0000	0.0000	0.0000	0.0001	0.0000	0.0000	0.0001	0.0000	0.0000	0.0000	0.0000	0.0000	0.0999	0.0849	0.0150	0.0045	0.0045	0.0000	0.0954	0.0804	0.0150	0.2862	0.1599	0.1263	0.0970	0.0965	0.0004	0.1892	0.0633	0.1259	4.0783	3.8297	0.0000	43.5764	43.7760	0.0000	0.0000	0.0000	0.0000	0.0002	0.0003	0.0002	0.0005	0.0005	0.0002	0.0001	0.0000	0.0002	
10	72	0.0500	3	1	2	0	1	0	0	0	0	N	Y	N	N	N	N	N	N	N	N	N	N	5.4016	3.9595	0.0000	28.2544	53.5321	0.0000	4.2077	2.4658	15.6188	18.3379	0.0000	0.0121	0.0125	0.0000	16.9248	20.1103	0.0000	2.8915	4.6314	0.0002	0.0004	0.0002	0.0051	4.0223	8.1556	0.0000	0.0000	0.0000	-1.0963	-0.6141	2.0043	13.0000	5.1253	39.1663	2.0000	2.0000	0.0000	0.0001	0.0001	0.0000	1.9998	1.9998	0.0000	0.9990	0.9989	0.0000	0.0000	0.0000	0.0000	0.9989	0.9989	0.0000	0.1280	0.1091	0.0190	0.0099	0.0096	0.0003	0.1182	0.0994	0.0187	0.3455	0.2157	0.1298	0.0971	0.0932	0.0039	0.2483	0.1225	0.1259	5.4016	3.9595	0.0000	28.2544	53.5321	0.0000	4.2077	2.4658	0.0000	2.8915	4.6314	0.0002	0.0004	0.0002	0.0051	4.0223	8.1556	0.0000	
10	73	0.0524	4	1	2	0	0	0	0	0	0	N	Y	N	N	N	N	N	N	N	N	N	N	0.0000	0.0000	0.0000	0.0000	0.0000	0.0000	0.0000	0.0000	0.0000	0.0000	0.0000	0.0000	0.0000	0.0000	0.0000	0.0000	0.0000	0.0000	0.0000	0.0000	0.0000	0.0000	inf	0.0000	0.0000	2.0043	3.0003	5.1253	18.1082	0.0000	0.0000	0.0000	0.0000	0.0000	0.0000	0.0000	0.0000	0.0000	0.0000	0.0000	0.0000	0.0000	0.0000	0.0000	0.0000	0.0000	0.0000	0.0307	0.0261	0.0046	0.0024	0.0023	0.0001	0.0284	0.0238	0.0045	0.1789	0.1138	0.0651	0.0582	0.0551	0.0032	0.1207	0.0587	0.0620	0.0000	0.0000	0.0000	0.0000	0.0000	0.0000	0.0000	0.0000	0.0000	0.0000	0.0000	0.0000	0.0000	0.0000	0.0000	0.0000	0.0000	0.0000						
10	74	0.0202	3	1	2	0	0	0	0	0	0	N	Y	N	N	N	N	N	N	N	N	N	N	210.9856	inf	0.6725	7214.1307	inf	0.0000	0.1848	0.8321	0.0004	0.0005	0.0000	0.0074	0.0074	0.0000	0.0000	0.0000	0.0000	0.0000	0.0000	0.0000	0.0000	0.0000	0.0001	0.0000	0.0000	0.0000	0.0011	inf	-0.0000	0.0000	2.0043	7.0046	5.1253	18.1036	0.0000	0.0000	0.0000	0.0000	0.0000	0.0000	0.0000	0.0000	0.0000	0.0000	0.0000	0.0000	0.0000	0.0000	0.0000	0.0000	0.0000	0.0000	0.0725	0.0618	0.0108	0.0041	0.0040	0.0000	0.0685	0.0578	0.0107	0.3946	0.2196	0.1750	0.1485	0.1471	0.0014	0.2462	0.0725	0.1737	210.9856	inf	0.6725	7214.1307	inf	0.0000	0.1848	0.0000	0.8321	0.0000	0.0000	0.0000	0.0000	0.0000	0.0001	0.0000	0.0000	0.0000	
10	75	0.0168	2	1	1	0	0	0	0	0	0	N	N	N	N	N	N	N	N	N	N	N	N	26.3672	22.6197	34.3362	622.2977	680.1381	0.0000	3.0655	0.0000	35.7624	0.0009	0.0009	0.0010	0.0091	0.0091	0.0000	0.0002	0.0000	0.0010	0.0000	0.0000	0.0000	0.0000	0.0000	0.0004	0.0001	0.0002	0.0000	0.1863	0.6667	-0.0000	-0.0000	2.0043	0.2435	5.1253	3.2922	0.0000	0.0000	0.0000	0.0000	0.0000	0.0000	0.0000	0.0000	0.0000	0.0000	0.0000	0.0000	0.0000	0.0000	0.0000	0.0000	0.0000	0.0000	0.0028	0.0024	0.0004	0.0002	0.0002	0.0000	0.0025	0.0021	0.0004	0.1557	0.0814	0.0743	0.0705	0.0703	0.0002	0.0852	0.0112	0.0741	26.3672	22.6197	34.3362	622.2977	680.1381	0.0000	3.0655	0.0000	35.7624	0.0000	0.0000	0.0000	0.0000	0.0000	0.0004	0.0001	0.0002	0.0000
10	77	0.0675	7	1	2	0	0	0	0	0	0	N	Y	N	N	N	N	N	N	N	N	N	N	0.1240	0.0905	0.0181	0.7504	0.7411	0.0000	0.3300	0.8599	0.6072	0.0000	0.0000	0.0000	0.0005	0.0005	0.0000	0.0000	0.0000	0.0000	0.0002	0.0003	0.0000	0.0007	0.0007	0.0003	0.0000	0.0000	0.0000	0.0021	0.0419	-0.0000	-0.0000	2.0043	8.6571	5.1253	16.0761	0.0000	0.0000	0.0000	0.0000	0.0000	0.0000	0.0000	0.0000	0.0000	0.0000	0.0000	0.0000	0.0000	0.0000	0.0000	0.0000	0.0000	0.0000	0.0802	0.0691	0.0111	0.0035	0.0034	0.0001	0.0766	0.0657	0.0110	0.1167	0.0706	0.0461	0.0313	0.0286	0.0027	0.0855	0.0420	0.0434	0.1240	0.0905	0.0181	0.7504	0.7411	0.0000	0.3300	0.8599	0.6072	0.0002	0.0003	0.0000	0.0007	0.0007	0.0003	0.0000	0.0000	0.0000
10	78	0.0670	6	1	2	0	0	0	0	0	0	N	Y	N	N	N	N	N	N	N	N	N	N	11.9488	9.1311	0.0000	26.1260	26.0864	0.0000	13.3848	2897.9766	0.0000	0.0028	0.0032	0.0000	0.0120	0.0124	0.0000	0.0004	0.0005	0.0000	0.0002	0.0004	0.0000	0.0005	0.0005	0.0000	0.0000	0.0000	0.0000	0.0000	0.0805	-0.0000	-0.0000	2.0043	0.3645	5.1253	1.9845	0.0000	0.0000	0.0000	0.0000	0.0000	0.0000	0.0000	0.0000	0.0000	0.0000	0.0000	0.0000	0.0000	0.0000	0.0000	0.0000	0.0000	0.0000	0.0051	0.0045	0.0006	0.0010	0.0010	0.0000	0.0040	0.0035	0.0006	0.0549	0.0340	0.0209	0.0259	0.0250	0.0009	0.0290	0.0090	0.0200	11.9488	9.1311	0.0000	26.1260	26.0864	0.0000	13.3848	2897.9766	0.0000	0.0002	0.0004	0.0000	0.0005	0.0005	0.0000	0.0000	0.0000	0.0000
10	79	0.0576	5	1	1	0	0	0	0	0	0	N	N	N	N	N	N	N	N	N	N	N	N	1.8472	1.9939	0.0000	0.2095	0.1928	0.0000	3.8818	inf	0.0000	0.0004	0.0004	0.0000	0.0001	0.0001	0.0000	0.0004	0.0005	0.0000	0.0002	0.0002	0.0002	0.0004	0.0004	0.0000	0.0001	0.0000	0.0002	0.0000	0.4653	-0.0000	-0.0000	2.0043	2.9108	5.1253	14.2456	0.0000	0.0000	0.0000	0.0000	0.0000	0.0000	0.0000	0.0000	0.0000	0.0000	0.0000	0.0000	0.0000	0.0000	0.0000	0.0000	0.0000	0.0000	0.0332	0.0286	0.0046	0.0039	0.0039	0.0001	0.0292	0.0247	0.0045	0.1518	0.0964	0.0554	0.0604	0.0547	0.0057	0.0913	0.0417	0.0496	1.8472	1.9939	0.0000	0.2095	0.1928	0.0000	3.8818	inf	0.0000	0.0002	0.0002	0.0002	0.0004	0.0004	0.0000	0.0001	0.0000	0.0002
10	80	0.0524	4	1	1	0	0	0	0	0	0	N	N	N	N	N	N	N	N	N	N	N	N	0.3813	0.3187	0.0000	0.0137	0.0131	0.0000	2.9588	3562.4603	0.0000	0.0002	0.0002	0.0000	0.0000	0.0000	0.0000	0.0002	0.0002	0.0000	0.0005	0.0007	0.0001	0.0012	0.0013	0.0000	0.0001	0.0000	0.0001	0.0000	0.0959	-0.0000	-0.0000	2.0043	0.1009	5.1253	7.5203	0.0000	0.0000	0.0000	0.0000	0.0000	0.0000	0.0000	0.0000	0.0000	0.0000	0.0000	0.0000	0.0000	0.0000	0.0000	0.0000	0.0000	0.0000	0.0011	0.0009	0.0002	0.0001	0.0001	0.0000	0.0010	0.0008	0.0002	0.0884	0.0574	0.0310	0.0335	0.0314	0.0021	0.0549	0.0261	0.0289	0.3813	0.3187	0.0000	0.0137	0.0131	0.0000	2.9588	3562.4603	0.0000	0.0005	0.0007	0.0001	0.0012	0.0013	0.0000	0.0001	0.0000	0.0001
10	81	0.0500	3	1	1	0	0	0	0	0	0	N	N	N	N	N	N	N	N	N	N	N	N	0.0000	0.0000	0.0000	0.0000	0.0000	0.0000	0.0000	0.0000	0.0000	0.0000	0.0000	0.0000	0.0000	0.0000	0.0000	0.0000	0.0000	0.0000	0.0013	0.0014	0.0012	0.0002	0.0002	0.0000	0.0019	0.0027	0.0012	0.5093	0.0000	-0.0000	2.0043	0.0014	5.1253	3.7882	0.0000	0.0000	0.0000	0.0000	0.0000	0.0000	0.0000	0.0000	0.0000	0.0000	0.0000	0.0000	0.0000	0.0000	0.0000	0.0000	0.0000	0.0000	0.0000	0.0000	0.0000	0.0000	0.0000	0.0000	0.0000	0.0000	0.0000	0.0377	0.0235	0.0142	0.0127	0.0123	0.0004	0.0250	0.0112	0.0138	0.0000	0.0000	0.0000	0.0000	0.0000	0.0000	0.0000	0.0000	0.0000	0.0013	0.0014	0.0012	0.0002	0.0002	0.0000	0.0019	0.0027	0.0012	
10	82	0.0656	6	1	2	0	0	0	0	0	0	N	Y	N	N	N	N	N	N	N	N	N	N	0.0000	0.0000	0.0000	0.0000	0.0000	0.0000	0.0000	0.0000	0.0000	0.0000	0.0000	0.0000	0.0000	0.0000	0.0000	0.0000	0.0000	0.0000	0.0057	0.0066	0.0042	0.0019	0.0016	0.0124	0.0080	0.0138	0.0040	0.3916	0.0000	-0.0006	2.0043	7.9116	5.1253	21.1247	0.0000	0.0000	0.0000	0.0000	0.0000	0.0000	0.0000	0.0000	0.0000	0.0018	0.0013	0.0005	0.0002	0.0002	0.0000	0.0016	0.0011	0.0005	0.0847	0.0724	0.0123	0.0094	0.0091	0.0003	0.0753	0.0633	0.0120	0.3130	0.1936	0.1194	0.1170	0.1132	0.0039	0.1960	0.0805	0.1155	0.0000	0.0000	0.0000	0.0000	0.0000	0.0000	0.0000	0.0000	0.0000	0.0057	0.0066	0.0042	0.0019	0.0016	0.0124	0.0080	0.0138	0.0040	
10	83	0.0836	7	2	2	0	0	0	0	0	0	Y	Y	N	N	N	N	N	N	N	N	N	N	0.0000	0.0000	0.0000	0.0000	0.0000	0.0000	0.0000	0.0000	0.0000	0.0000	0.0000	0.0000	0.0000	0.0000	0.0000	0.0000	0.0000	0.0000	0.0000	0.0000	2.0043	0.0000	5.1253	1.8333	0.0000	0.0000	0.0000	0.0000	0.0000	0.0000	0.0000	0.0000	0.0000	0.0000	0.0000	0.0000	0.0000	0.0000	0.0000	0.0000	0.0000	0.0000	0.0000	0.0000	0.0000	0.0000	0.0000	0.0000	0.0000	0.0000	0.0000	0.0181	0.0122	0.0059	0.0066	0.0063	0.0004	0.0115	0.0059	0.0055	0.0000	0.0000	0.0000	0.0000	0.0000	0.0000	0.0000	0.0000	0.0000	0.0000	0.0000	0.0000	0.0000	0.0000	0.0000	0.0000	0.0000	0.0000											
10	84	0.0656	6	2	2	0	0	0	0	0	0	Y	Y	N	N	N	N	N	N	N	N	N	N	0.0000	0.0000	0.0000	0.0000	0.0000	0.0000	0.0000	0.0000	0.0000	0.0000	0.0000	0.0000	0.0000	0.0000	0.0000	0.0000	0.0000	0.0000	0.3749	0.6109	0.0003	0.0073	0.0073	0.0064	0.6139	1.6076	0.0001	0.0003	0.0000	-0.0598	2.0043	6.9552	5.1253	13.1226	0.0000	0.0000	0.0000	0.0000	0.0000	0.0000	0.0000	0.0000	0.0000	0.0973	0.0973	0.0000	0.0007	0.0007	0.0000	0.0966	0.0966	0.0000	0.0754	0.0645	0.0109	0.0087	0.0085	0.0002	0.0667	0.0560	0.0107	0.2597	0.1593	0.1004	0.1023	0.0992	0.0031	0.1573	0.0601	0.0973	0.0000	0.0000	0.0000	0.0000	0.0000	0.0000	0.0000	0.0000	0.0000	0.3749	0.6109	0.0003	0.0073	0.0073	0.0064	0.6139	1.6076	0.0001	
10	85	0.0626	5	1	2	0	0	0	0	0	0	N	Y	N	N	N	N	N	N	N	N	N	N	0.0000	0.0000	0.0000	0.0000	0.0000	0.0000	0.0000	0.0000	0.0000	0.0000	0.0000	0.0000	0.0000	0.0000	0.0000	0.0000	0.0000	0.0000	0.0039	0.0034	0.0046	0.0017	0.0017	0.0044	0.0051	0.0059	0.0046	0.8146	0.0000	-0.0000	2.0043	0.3374	5.1253	6.1146	0.0000	0.0000	0.0000	0.0000	0.0000	0.0000	0.0000	0.0000	0.0000	0.0003	0.0002	0.0001	0.0000	0.0000	0.0000	0.0003	0.0001	0.0001	0.0051	0.0044	0.0007	0.0016	0.0015	0.0001	0.0035	0.0030	0.0006	0.0776	0.0482	0.0294	0.0288	0.0281	0.0006	0.0488	0.0201	0.0287	0.0000	0.0000	0.0000	0.0000	0.0000	0.0000	0.0000	0.0000	0.0000	0.0039	0.0034	0.0046	0.0017	0.0017	0.0044	0.0051	0.0059	0.0046	
10	86	0.0626	5	1	2	0	0	0	0	0	0	N	Y	N	N	N	N	N	N	N	N	N	N	0.0000	0.0000	0.0000	0.0000	0.0000	0.0000	0.0000	0.0000	0.0000	0.0000	0.0000	0.0000	0.0000	0.0000	0.0000	0.0000	0.0000	0.0000	0.0029	0.0000	0.0078	0.0005	0.0000	0.0133	0.0040	0.0000	0.0076	282.4655	0.0000	0.0002	2.0043	11.0342	5.1253	12.7513	0.0000	0.0000	0.0000	0.0000	0.0000	0.0000	0.0000	0.0000	0.0000	0.0006	0.0000	0.0006	0.0000	0.0000	0.0000	0.0005	0.0000	0.0005	0.1109	0.0945	0.0164	0.0096	0.0093	0.0003	0.1013	0.0852	0.0161	0.1940	0.1215	0.0725	0.0616	0.0594	0.0021	0.1325	0.0620	0.0704	0.0000	0.0000	0.0000	0.0000	0.0000	0.0000	0.0000	0.0000	0.0000	0.0029	0.0000	0.0078	0.0005	0.0000	0.0133	0.0040	0.0000	0.0076	
10	87	0.0549	4	1	2	0	0	0	0	0	0	N	Y	N	N	N	N	N	N	N	N	N	N	0.0000	0.0000	0.0000	0.0000	0.0000	0.0000	0.0000	0.0000	0.0000	0.0000	0.0000	0.0000	0.0000	0.0000	0.0000	0.0000	0.0000	0.0000	0.3522	0.0004	0.8971	0.0031	0.0007	0.0631	0.5205	0.0001	0.9248	1422.7999	0.0000	0.0124	2.0043	3.9739	5.1253	6.2820	0.0000	0.0000	0.0000	0.0000	0.0000	0.0000	0.0000	0.0000	0.0000	0.0322	0.0000	0.0322	0.0001	0.0000	0.0001	0.0321	0.0000	0.0321	0.0405	0.0345	0.0061	0.0031	0.0030	0.0001	0.0374	0.0314	0.0060	0.0915	0.0556	0.0359	0.0298	0.0286	0.0012	0.0617	0.0270	0.0347	0.0000	0.0000	0.0000	0.0000	0.0000	0.0000	0.0000	0.0000	0.0000	0.3522	0.0004	0.8971	0.0031	0.0007	0.0631	0.5205	0.0001	0.9248	
10	88	0.0500	3	1	2	0	0	0	0	0	0	N	Y	N	N	N	N	N	N	N	N	N	N	0.0000	0.0000	0.0000	0.0000	0.0000	0.0000	0.0000	0.0000	0.0000	0.0000	0.0000	0.0000	0.0000	0.0000	0.0000	0.0000	0.0000	0.0000	0.0016	0.0003	0.0037	0.0005	0.0005	0.0002	0.0021	0.0000	0.0038	8.1991	0.0000	0.0000	2.0043	0.0056	5.1253	5.7021	0.0000	0.0000	0.0000	0.0000	0.0000	0.0000	0.0000	0.0000	0.0000	0.0001	0.0000	0.0001	0.0000	0.0000	0.0000	0.0001	0.0000	0.0001	0.0001	0.0000	0.0000	0.0000	0.0000	0.0000	0.0001	0.0000	0.0000	0.0514	0.0321	0.0194	0.0164	0.0159	0.0005	0.0350	0.0162	0.0188	0.0000	0.0000	0.0000	0.0000	0.0000	0.0000	0.0000	0.0000	0.0000	0.0016	0.0003	0.0037	0.0005	0.0005	0.0002	0.0021	0.0000	0.0038	
10	92	0.1384	7	1	1	0	0	0	0	0	0	N	N	N	N	N	N	N	N	N	N	N	N	0.0000	0.0061	0.0000	0.0031	0.0170	0.0001	0.0000	0.0391	0.0000	0.0001	0.0001	0.0000	0.0005	0.0005	0.0001	0.0000	0.0000	0.0000	2.8087	0.0184	9.0418	0.1540	0.0296	1.0229	5.3205	0.0004	11.9140	0.0147	220.2998	-0.0000	0.4566	2.0043	24.8682	5.1253	39.8855	0.0000	0.0000	0.0000	0.0000	0.0000	0.0000	0.0000	0.0000	0.0000	1.1993	0.0054	1.1939	0.0320	0.0054	0.0266	1.1673	0.0000	1.1673	0.2540	0.2201	0.0339	0.0464	0.0437	0.0027	0.2076	0.1764	0.0313	0.4270	0.2950	0.1320	0.2076	0.1816	0.0260	0.2194	0.1134	0.1060	0.0000	0.0061	0.0000	0.0031	0.0170	0.0001	0.0000	0.0391	0.0000	2.8087	0.0184	9.0418	0.1540	0.0296	1.0229	5.3205	0.0004	11.0075
11	12	0.1134	16	0	2	0	1	0	0	0	0	N	Y	N	N	N	N	N	N	N	N	N	N	0.0000	0.0000	0.0000	0.0000	0.0000	0.0000	0.0000	0.0000	0.0000	0.0000	0.0000	0.0000	0.0000	0.0000	0.0000	0.0000	0.0000	0.0000	0.0000	0.0000	3.0002	1.0000	13.3035	2.2091	0.0000	0.0000	0.0000	0.0000	0.0000	0.0000	0.0000	0.0000	0.0000	0.0000	0.0000	0.0000	0.0000	0.0000	0.0000	0.0000	0.0000	0.0000	0.0147	0.0124	0.0023	0.0011	0.0010	0.0001	0.0136	0.0114	0.0022	0.0392	0.0239	0.0154	0.0141	0.0121	0.0019	0.0252	0.0117	0.0134	0.0000	0.0000	0.0000	0.0000	0.0000	0.0000	0.0000	0.0000	0.0000	0.0000	0.0000	0.0000	0.0000	0.0000	0.0000	0.0000	0.0000	0.0000											
11	13	0.1121	15	0	1	0	1	0	0	0	0	N	N	N	N	N	N	N	N	N	N	N	N	0.0000	0.0000	0.0000	0.0000	0.0000	0.0000	0.0000	0.0000	0.0000	0.0000	0.0000	0.0000	0.0000	0.0000	0.0000	0.0000	0.0000	0.0008	0.0012	0.0003	0.0003	0.0004	0.0000	0.0011	0.0020	0.0003	0.1421	0.0000	-0.0000	3.0002	1.0009	13.3035	1.2082	0.0000	0.0000	0.0000	0.0000	0.0000	0.0000	0.0000	0.0000	0.0000	0.0000	0.0000	0.0000	0.0000	0.0000	0.0000	0.0000	0.0000	0.0000	0.0147	0.0124	0.0023	0.0011	0.0010	0.0001	0.0136	0.0114	0.0022	0.0272	0.0166	0.0106	0.0098	0.0084	0.0013	0.0174	0.0081	0.0093	0.0000	0.0000	0.0000	0.0000	0.0000	0.0000	0.0000	0.0000	0.0000	0.0008	0.0012	0.0003	0.0003	0.0004	0.0000	0.0011	0.0020	0.0003		
11	14	0.0313	3	0	2	0	0	0	0	0	0	N	Y	N	N	N	N	N	N	N	N	N	N	0.3615	0.2507	0.0000	21.5423	22.8412	0.0000	0.0000	0.0000	0.0089	0.0106	0.0000	4.5179	4.9205	0.0000	0.0000	0.0000	0.0000	0.0246	0.0423	0.0000	0.2097	0.2154	0.0000	0.0000	0.0000	0.0000	0.0000	0.0000	-0.0002	-0.0032	3.0002	3.0000	13.3035	13.0223	0.0004	0.0004	0.0000	0.0004	0.0004	0.0000	0.0000	0.0000	0.0000	0.0052	0.0052	0.0000	0.0052	0.0052	0.0000	0.0000	0.0000	0.0000	0.0427	0.0359	0.0068	0.0001	0.0001	0.0000	0.0426	0.0358	0.0068	0.2113	0.1231	0.0882	0.0248	0.0241	0.0007	0.1865	0.0990	0.0875	0.3615	0.2507	0.0000	21.5423	22.8412	0.0000	0.0000	0.0000	0.0000	0.0246	0.0423	0.0000	0.2097	0.2154	0.0000	0.0000	0.0000	0.0000	
11	15	0.1121	15	0	1	0	1	0	0	0	0	N	N	N	N	N	N	N	N	N	N	N	N	0.0000	0.0000	0.0000	0.0000	0.0000	0.0000	0.0000	0.0000	0.0000	0.0000	0.0000	0.0000	0.0000	0.0000	0.0000	0.0000	0.0000	0.0018	0.0025	0.0006	0.0007	0.0008	0.0000	0.0024	0.0043	0.0006	0.1421	0.0000	-0.0000	3.0002	0.9991	13.3035	0.0040	0.0000	0.0000	0.0000	0.0000	0.0000	0.0000	0.0000	0.0000	0.0000	0.0000	0.0000	0.0000	0.0000	0.0000	0.0000	0.0000	0.0000	0.0000	0.0147	0.0124	0.0023	0.0011	0.0010	0.0001	0.0136	0.0114	0.0022	0.0125	0.0076	0.0049	0.0045	0.0039	0.0006	0.0080	0.0037	0.0043	0.0000	0.0000	0.0000	0.0000	0.0000	0.0000	0.0000	0.0000	0.0000	0.0018	0.0025	0.0006	0.0007	0.0008	0.0000	0.0024	0.0043	0.0006		
11	16	0.0991	14	0	1	0	1	0	0	0	0	N	N	N	N	N	N	N	N	N	N	N	N	0.0000	0.0000	0.0000	0.0000	0.0000	0.0000	0.0000	0.0000	0.0000	0.0000	0.0000	0.0000	0.0000	0.0000	0.0000	0.0000	0.0000	0.0000	2.0450	3.1772	0.1068	0.8726	0.9639	0.0094	2.7658	5.8332	0.1175	0.0196	0.0000	-0.4957	3.0002	5.0907	13.3035	19.6153	0.0000	0.0000	0.0000	0.0000	0.0000	0.0000	0.0000	0.0000	0.0000	0.8325	0.8164	0.0160	0.1353	0.1351	0.0001	0.6972	0.6813	0.0159	0.0833	0.0710	0.0123	0.0100	0.0096	0.0003	0.0733	0.0614	0.0120	0.4071	0.2570	0.1501	0.1550	0.1402	0.0148	0.2521	0.1168	0.1353	0.0000	0.0000	0.0000	0.0000	0.0000	0.0000	0.0000	0.0000	0.0000	2.0450	3.1772	0.1068	0.8726	0.9639	0.0094	2.7658	5.8332	0.1175	
11	17	0.0776	8	1	1	1	0	0	0	0	0	N	N	N	N	N	N	N	N	N	N	N	N	0.0000	0.0000	0.0000	0.0000	0.0000	0.0000	0.0000	0.0000	0.0000	0.0000	0.0000	0.0000	0.0000	0.0000	0.0000	0.0000	0.0004	0.0000	0.0009	0.0000	0.0000	0.0000	0.0005	0.0000	0.0010	6121.3889	0.0000	0.0000	3.0002	1.0000	13.3035	1.0003	0.0000	0.0000	0.0000	0.0000	0.0000	0.0000	0.0000	0.0000	0.0000	0.0000	0.0000	0.0000	0.0000	0.0000	0.0000	0.0000	0.0000	0.0000	0.0159	0.0133	0.0026	0.0005	0.0005	0.0000	0.0154	0.0129	0.0025	0.0285	0.0167	0.0118	0.0076	0.0067	0.0009	0.0209	0.0100	0.0109	0.0000	0.0000	0.0000	0.0000	0.0000	0.0000	0.0000	0.0000	0.0000	0.0004	0.0000	0.0009	0.0000	0.0000	0.0000	0.0005	0.0000	0.0010			
11	18	0.0903	8	0	2	0	0	0	0	0	0	N	Y	N	N	N	N	N	N	N	N	N	N	0.0000	0.0000	0.0000	0.0000	0.0000	0.0000	0.0000	0.0000	0.0000	0.0000	0.0000	0.0000	0.0000	0.0000	0.0000	0.0026	0.0037	0.0000	0.0052	0.0059	0.0000	0.0000	0.0000	0.0000	0.0000	0.0000	-0.0005	3.0002	0.0005	13.3035	9.9413	0.0000	0.0000	0.0000	0.0000	0.0000	0.0000	0.0000	0.0000	0.0000	0.0008	0.0008	0.0000	0.0008	0.0008	0.0000	0.0000	0.0000	0.0000	0.0087	0.0081	0.0006	0.0045	0.0044	0.0000	0.0043	0.0037	0.0006	0.2881	0.2036	0.0845	0.1431	0.1268	0.0163	0.1450	0.0768	0.0682	0.0000	0.0000	0.0000	0.0000	0.0000	0.0000	0.0000	0.0000	0.0000	0.0026	0.0037	0.0000	0.0052	0.0059	0.0000	0.0000	0.0000	0.0000				
11	19	0.0475	7	1	2	0	0	0	0	0	0	N	Y	N	N	N	N	N	N	N	N	N	N	0.0000	0.0000	0.0000	0.0000	0.0000	0.0000	0.0000	0.0000	0.0000	0.0000	0.0000	0.0000	0.0000	0.0000	0.0000	0.0000	0.0000	0.0000	0.0045	0.0045	0.0046	0.0130	0.0102	0.0463	0.0010	0.0001	0.0019	0.6226	0.0000	-0.0003	3.0002	4.7901	13.3035	15.0000	0.0000	0.0000	0.0000	0.0000	0.0000	0.0000	0.0000	0.0000	0.0000	0.0014	0.0008	0.0005	0.0011	0.0008	0.0003	0.0002	0.0000	0.0002	0.0704	0.0594	0.0110	0.0015	0.0015	0.0000	0.0689	0.0579	0.0110	0.3003	0.1878	0.1125	0.0881	0.0811	0.0069	0.2122	0.1066	0.1056	0.0000	0.0000	0.0000	0.0000	0.0000	0.0000	0.0000	0.0000	0.0000	0.0045	0.0045	0.0046	0.0130	0.0102	0.0463	0.0010	0.0001	0.0019	
11	20	0.0445	6	1	2	0	0	0	0	0	0	N	Y	N	N	N	N	N	N	N	N	N	N	0.0000	0.0000	0.0000	0.0000	0.0000	0.0000	0.0000	0.0000	0.0000	0.0000	0.0000	0.0000	0.0000	0.0000	0.0000	0.0000	0.0000	0.0000	0.0195	0.0260	0.0101	0.0309	0.0334	0.0011	0.0152	0.0204	0.0106	0.2674	0.0000	-0.0005	3.0002	1.2170	13.3035	3.4655	0.0000	0.0000	0.0000	0.0000	0.0000	0.0000	0.0000	0.0000	0.0000	0.0014	0.0011	0.0003	0.0006	0.0006	0.0000	0.0008	0.0005	0.0003	0.0179	0.0150	0.0028	0.0003	0.0003	0.0000	0.0175	0.0147	0.0028	0.0696	0.0412	0.0284	0.0192	0.0177	0.0015	0.0504	0.0235	0.0269	0.0000	0.0000	0.0000	0.0000	0.0000	0.0000	0.0000	0.0000	0.0000	0.0195	0.0260	0.0101	0.0309	0.0334	0.0011	0.0152	0.0204	0.0106	
11	21	0.0313	4	0	2	0	0	0	0	0	0	N	Y	N	N	N	N	N	N	N	N	N	N	0.0000	0.0000	0.0000	0.0000	0.0000	0.0000	0.0000	0.0000	0.0000	0.0000	0.0000	0.0000	0.0000	0.0000	0.0000	0.0000	0.0000	0.0000	5.3843	0.0204	17.9212	0.1007	0.1034	0.0000	6.0905	0.0000	17.2189	inf	451.9914	0.0000	0.3837	3.0002	2.0000	13.3035	11.9921	0.0000	0.0000	0.0000	0.0000	0.0000	0.0000	0.0000	0.0000	0.0000	1.0017	0.0022	0.9995	0.0022	0.0022	0.0000	0.9995	0.0000	0.9995	0.0286	0.0240	0.0046	0.0001	0.0001	0.0000	0.0285	0.0240	0.0046	0.1860	0.1084	0.0776	0.0219	0.0214	0.0006	0.1641	0.0871	0.0770	0.0000	0.0000	0.0000	0.0000	0.0000	0.0000	0.0000	0.0000	0.0000	5.3843	0.0204	12.8795	0.1007	0.1034	0.0000	6.0905	0.0000	12.9758
11	22	0.0445	6	0	2	0	0	0	0	0	0	N	Y	N	N	N	N	N	N	N	N	N	N	0.0000	0.0000	0.0000	0.0000	0.0000	0.0000	0.0000	0.0000	0.0000	0.0000	0.0000	0.0000	0.0000	0.0005	0.0008	0.0000	0.0019	0.0021	0.0000	0.0000	0.0000	0.0000	0.0000	0.0000	-0.0001	3.0002	2.9966	13.3035	14.0927	0.0000	0.0000	0.0000	0.0000	0.0000	0.0000	0.0000	0.0000	0.0000	0.0001	0.0001	0.0000	0.0001	0.0001	0.0000	0.0000	0.0000	0.0000	0.0431	0.0362	0.0068	0.0005	0.0005	0.0000	0.0426	0.0358	0.0068	0.2174	0.1272	0.0902	0.0535	0.0483	0.0052	0.1639	0.0789	0.0850	0.0000	0.0000	0.0000	0.0000	0.0000	0.0000	0.0000	0.0000	0.0000	0.0005	0.0008	0.0000	0.0019	0.0021	0.0000	0.0000	0.0000	0.0000						
11	23	0.1081	13	0	2	1	1	0	0	0	0	N	Y	N	N	N	N	N	N	N	N	N	N	0.0000	0.0000	0.0000	0.0000	0.0000	0.0000	0.0000	0.0000	0.0000	0.0000	0.0000	0.0000	0.0000	0.0000	0.0000	0.0000	0.0000	0.0000	0.0000	0.0000	3.0002	0.3092	13.3035	0.1355	0.0000	0.0000	0.0000	0.0000	0.0000	0.0000	0.0000	0.0000	0.0000	0.0000	0.0000	0.0000	0.0000	0.0000	0.0000	0.0000	0.0000	0.0000	0.0075	0.0063	0.0012	0.0021	0.0021	0.0000	0.0054	0.0042	0.0012	0.0088	0.0059	0.0029	0.0035	0.0033	0.0002	0.0052	0.0026	0.0027	0.0000	0.0000	0.0000	0.0000	0.0000	0.0000	0.0000	0.0000	0.0000	0.0000	0.0000	0.0000	0.0000	0.0000	0.0000	0.0000	0.0000	0.0000											
11	24	0.0974	12	0	1	0	1	0	0	0	0	N	N	N	N	N	N	N	N	N	N	N	N	0.0000	0.0000	0.0000	0.0000	0.0000	0.0000	0.0000	0.0000	0.0000	0.0000	0.0000	0.0000	0.0000	0.0000	0.0000	0.0000	0.0000	0.0000	0.0006	0.0003	0.0010	0.0008	0.0007	0.0011	0.0005	0.0000	0.0010	1.9728	0.0000	0.0000	3.0002	6.2779	13.3035	13.9173	0.0000	0.0000	0.0000	0.0000	0.0000	0.0000	0.0000	0.0000	0.0000	0.0001	0.0000	0.0001	0.0000	0.0000	0.0000	0.0001	0.0000	0.0001	0.0836	0.0716	0.0120	0.0121	0.0115	0.0006	0.0715	0.0601	0.0114	0.2056	0.1255	0.0801	0.0654	0.0560	0.0094	0.1402	0.0695	0.0707	0.0000	0.0000	0.0000	0.0000	0.0000	0.0000	0.0000	0.0000	0.0000	0.0006	0.0003	0.0010	0.0008	0.0007	0.0011	0.0005	0.0000	0.0010	
11	25	0.0865	9	0	2	0	0	0	0	0	0	N	Y	N	N	N	N	N	N	N	N	N	N	0.0000	0.0000	0.0000	0.0000	0.0000	0.0000	0.0000	0.0000	0.0000	0.0000	0.0000	0.0000	0.0000	0.0000	0.0000	0.0000	0.0000	0.0000	2.9082	0.0809	8.0220	0.1916	0.1630	0.5250	4.3507	0.0001	8.6463	54.7928	0.0000	0.3106	3.0002	3.8932	13.3035	15.3303	0.0000	0.0000	0.0000	0.0000	0.0000	0.0000	0.0000	0.0000	0.0000	0.8455	0.0152	0.8304	0.0193	0.0151	0.0042	0.8262	0.0000	0.8262	0.0637	0.0545	0.0092	0.0072	0.0070	0.0002	0.0566	0.0475	0.0090	0.2907	0.1872	0.1035	0.1008	0.0929	0.0080	0.1899	0.0943	0.0956	0.0000	0.0000	0.0000	0.0000	0.0000	0.0000	0.0000	0.0000	0.0000	2.9082	0.0809	8.0220	0.1916	0.1630	0.5250	4.3507	0.0001	8.6463	
11	26	0.0923	11	0	2	0	1	0	0	0	0	N	Y	N	N	N	N	N	N	N	N	N	N	0.0000	0.0000	0.0000	0.0000	0.0000	0.0000	0.0000	0.0000	0.0000	0.0000	0.0000	0.0000	0.0000	0.0000	0.0000	0.0000	0.0088	0.0003	0.0217	0.0005	0.0005	0.0000	0.0132	0.0000	0.0239	53.1733	0.0000	0.0006	3.0002	4.2937	13.3035	9.5692	0.0000	0.0000	0.0000	0.0000	0.0000	0.0000	0.0000	0.0000	0.0000	0.0016	0.0000	0.0016	0.0000	0.0000	0.0000	0.0016	0.0000	0.0016	0.0766	0.0661	0.0105	0.0144	0.0140	0.0004	0.0623	0.0522	0.0101	0.1845	0.1110	0.0735	0.0636	0.0568	0.0069	0.1209	0.0543	0.0667	0.0000	0.0000	0.0000	0.0000	0.0000	0.0000	0.0000	0.0000	0.0000	0.0088	0.0003	0.0217	0.0005	0.0005	0.0000	0.0132	0.0000	0.0239			
11	27	0.0777	7	1	2	0	0	0	0	0	0	N	Y	N	N	N	N	N	N	N	N	N	N	0.0000	0.0000	0.0000	0.0000	0.0000	0.0000	0.0000	0.0000	0.0000	0.0000	0.0000	0.0000	0.0000	0.0000	0.0000	0.0000	0.0000	2.3791	2.9971	1.4432	6.9783	7.7990	0.0683	0.7721	0.0000	1.5453	0.3180	0.0000	-0.4921	3.0002	16.0000	13.3035	34.8566	0.0000	0.0000	0.0000	0.0000	0.0000	0.0000	0.0000	0.0000	0.0000	1.3178	0.9998	0.3180	1.0009	0.9998	0.0010	0.3169	0.0000	0.3169	0.2158	0.1822	0.0335	0.0102	0.0096	0.0006	0.2056	0.1727	0.0330	0.5539	0.3336	0.2203	0.1434	0.1282	0.0152	0.4105	0.2054	0.2051	0.0000	0.0000	0.0000	0.0000	0.0000	0.0000	0.0000	0.0000	0.0000	2.3791	2.9971	1.4432	6.9783	7.7990	0.0683	0.7721	0.0000	1.5453		
11	28	0.1076	15	0	1	1	0	0	0	0	0	N	N	N	N	N	N	N	N	N	N	N	N	0.0000	0.0000	0.0000	0.0000	0.0000	0.0000	0.0000	0.0000	0.0000	0.0000	0.0000	0.0000	0.0000	0.0017	0.0033	0.0000	0.0075	0.0096	0.0000	0.0000	0.0000	0.0000	0.0000	0.0000	-0.0000	3.0002	0.0000	13.3035	3.0088	0.0000	0.0000	0.0000	0.0000	0.0000	0.0000	0.0000	0.0000	0.0000	0.0000	0.0000	0.0000	0.0000	0.0000	0.0000	0.0000	0.0000	0.0000	0.0000	0.0000	0.0000	0.0000	0.0000	0.0000	0.0000	0.0000	0.0000	0.0234	0.0122	0.0112	0.0053	0.0042	0.0012	0.0180	0.0080	0.0100	0.0000	0.0000	0.0000	0.0000	0.0000	0.0000	0.0000	0.0000	0.0000	0.0017	0.0033	0.0000	0.0075	0.0096	0.0000	0.0000	0.0000	0.0000						
11	29	0.0953	12	0	2	0	0	0	0	0	0	N	Y	N	N	N	N	N	N	N	N	N	N	0.0000	0.0000	0.0000	0.0000	0.0000	0.0000	0.0000	0.0000	0.0000	0.0000	0.0000	0.0000	0.0000	0.0000	0.0000	0.0000	0.0000	0.0013	0.0021	0.0000	0.0039	0.0045	0.0000	0.0001	0.0002	0.0000	0.0000	0.0000	-0.0002	3.0002	5.0749	13.3035	14.8264	0.0000	0.0000	0.0000	0.0000	0.0000	0.0000	0.0000	0.0000	0.0000	0.0003	0.0003	0.0000	0.0003	0.0003	0.0000	0.0000	0.0000	0.0000	0.0735	0.0621	0.0115	0.0047	0.0044	0.0003	0.0688	0.0577	0.0112	0.2352	0.1457	0.0895	0.0732	0.0644	0.0087	0.1620	0.0813	0.0808	0.0000	0.0000	0.0000	0.0000	0.0000	0.0000	0.0000	0.0000	0.0000	0.0013	0.0021	0.0000	0.0039	0.0045	0.0000	0.0001	0.0002	0.0000		
11	30	0.0445	6	1	1	1	0	0	0	0	0	N	N	N	N	N	N	N	N	N	N	N	N	0.0000	0.0000	0.0000	0.0000	0.0000	0.0000	0.0000	0.0000	0.0000	0.0000	0.0000	0.0000	0.0000	0.0000	0.0000	0.0000	0.0000	7.4810	6.5046	8.8528	18.1003	17.3619	60.4492	4.0713	0.0000	7.8691	0.9688	0.0000	-0.2410	3.0002	5.9956	13.3035	15.0927	0.0000	0.0000	0.0000	0.0000	0.0000	0.0000	0.0000	0.0000	0.0000	1.9643	0.9977	0.9666	1.1551	0.9977	0.1574	0.8092	0.0000	0.8092	0.0847	0.0713	0.0134	0.0008	0.0007	0.0000	0.0839	0.0705	0.0134	0.2626	0.1534	0.1092	0.0638	0.0575	0.0064	0.1988	0.0959	0.1028	0.0000	0.0000	0.0000	0.0000	0.0000	0.0000	0.0000	0.0000	0.0000	7.4810	6.5046	8.8528	18.1003	17.3619	24.7813	4.0713	0.0000	7.8691		
11	31	0.0974	12	0	2	0	0	0	0	0	0	N	Y	N	N	N	N	N	N	N	N	N	N	0.0000	0.0000	0.0000	0.0000	0.0000	0.0000	0.0000	0.0000	0.0000	0.0000	0.0000	0.0000	0.0000	0.0000	0.0000	0.0000	0.0000	0.0012	0.0008	0.0018	0.0016	0.0018	0.0000	0.0010	0.0000	0.0021	1.3814	0.0000	-0.0000	3.0002	1.4218	13.3035	7.0463	0.0000	0.0000	0.0000	0.0000	0.0000	0.0000	0.0000	0.0000	0.0000	0.0001	0.0000	0.0001	0.0000	0.0000	0.0000	0.0001	0.0000	0.0001	0.0246	0.0213	0.0033	0.0051	0.0050	0.0001	0.0195	0.0164	0.0032	0.0973	0.0596	0.0376	0.0319	0.0275	0.0043	0.0654	0.0321	0.0333	0.0000	0.0000	0.0000	0.0000	0.0000	0.0000	0.0000	0.0000	0.0000	0.0012	0.0008	0.0018	0.0016	0.0018	0.0000	0.0010	0.0000	0.0021		
11	32	0.0923	11	0	1	0	0	0	0	0	0	N	N	N	N	N	N	N	N	N	N	N	N	0.0000	0.0000	0.0000	0.0000	0.0000	0.0000	0.0000	0.0000	0.0000	0.0000	0.0000	0.0000	0.0000	0.0000	0.0000	0.0000	0.0000	0.0000	0.0131	0.0020	0.0298	0.0043	0.0035	0.0121	0.0180	0.0003	0.0314	9.9882	0.0000	0.0005	3.0002	4.3312	13.3035	5.5221	0.0000	0.0000	0.0000	0.0000	0.0000	0.0000	0.0000	0.0000	0.0000	0.0019	0.0002	0.0017	0.0002	0.0002	0.0001	0.0016	0.0000	0.0016	0.0771	0.0666	0.0106	0.0144	0.0140	0.0004	0.0627	0.0526	0.0102	0.1424	0.0854	0.0571	0.0507	0.0458	0.0050	0.0917	0.0396	0.0521	0.0000	0.0000	0.0000	0.0000	0.0000	0.0000	0.0000	0.0000	0.0000	0.0131	0.0020	0.0298	0.0043	0.0035	0.0121	0.0180	0.0003	0.0314	
11	33	0.0898	10	0	1	0	0	0	0	0	0	N	N	N	N	N	N	N	N	N	N	N	N	0.0000	0.0000	0.0000	0.0000	0.0000	0.0000	0.0000	0.0000	0.0000	0.0000	0.0000	0.0000	0.0000	0.0000	0.0000	0.0000	0.0000	0.0000	0.1619	0.0048	0.4185	0.0038	0.0043	0.0001	0.2364	0.0053	0.4646	52.9122	0.0000	0.0059	3.0002	4.2685	13.3035	3.7703	0.0000	0.0000	0.0000	0.0000	0.0000	0.0000	0.0000	0.0000	0.0000	0.0160	0.0003	0.0157	0.0001	0.0001	0.0000	0.0159	0.0002	0.0157	0.0712	0.0611	0.0101	0.0092	0.0089	0.0003	0.0620	0.0522	0.0098	0.0990	0.0614	0.0376	0.0317	0.0280	0.0037	0.0673	0.0334	0.0339	0.0000	0.0000	0.0000	0.0000	0.0000	0.0000	0.0000	0.0000	0.0000	0.1619	0.0048	0.4185	0.0038	0.0043	0.0001	0.2364	0.0053	0.4646	
11	34	0.0445	6	1	1	1	0	0	0	0	0	N	N	N	N	N	N	N	N	N	N	N	N	0.0000	0.0000	0.0000	0.0000	0.0000	0.0000	0.0000	0.0000	0.0000	0.0000	0.0000	0.0000	0.0000	0.0076	0.0129	0.0000	0.0310	0.0344	0.0000	0.0000	0.0000	0.0000	0.0000	0.0000	-0.0012	3.0002	4.9966	13.3035	15.0870	0.0000	0.0000	0.0000	0.0000	0.0000	0.0000	0.0000	0.0000	0.0000	0.0019	0.0019	0.0000	0.0019	0.0019	0.0000	0.0000	0.0000	0.0000	0.0709	0.0597	0.0113	0.0007	0.0007	0.0000	0.0703	0.0590	0.0112	0.2513	0.1469	0.1045	0.0613	0.0552	0.0061	0.1901	0.0917	0.0984	0.0000	0.0000	0.0000	0.0000	0.0000	0.0000	0.0000	0.0000	0.0000	0.0076	0.0129	0.0000	0.0310	0.0344	0.0000	0.0000	0.0000	0.0000						
11	35	0.1076	15	0	2	0	0	0	0	0	0	N	Y	N	N	N	N	N	N	N	N	N	N	0.0000	0.0000	0.0000	0.0000	0.0000	0.0000	0.0000	0.0000	0.0000	0.0000	0.0000	0.0000	0.0000	0.0000	0.0000	0.0000	0.0000	0.0000	0.0000	0.0000	3.0002	1.0000	13.3035	1.0102	0.0000	0.0000	0.0000	0.0000	0.0000	0.0000	0.0000	0.0000	0.0000	0.0000	0.0000	0.0000	0.0000	0.0000	0.0000	0.0000	0.0000	0.0000	0.0112	0.0096	0.0016	0.0010	0.0010	0.0001	0.0101	0.0086	0.0015	0.0157	0.0082	0.0075	0.0036	0.0028	0.0008	0.0121	0.0054	0.0067	0.0000	0.0000	0.0000	0.0000	0.0000	0.0000	0.0000	0.0000	0.0000	0.0000	0.0000	0.0000	0.0000	0.0000	0.0000	0.0000	0.0000	0.0000											
11	36	0.1076	14	0	1	0	0	0	0	0	0	N	N	N	N	N	N	N	N	N	N	N	N	0.0000	0.0000	0.0000	0.0000	0.0000	0.0000	0.0000	0.0000	0.0000	0.0000	0.0000	0.0000	0.0000	0.0000	0.0000	0.0000	0.0000	0.0000	0.0000	0.0000	3.0002	0.0000	13.3035	0.0263	0.0000	0.0000	0.0000	0.0000	0.0000	0.0000	0.0000	0.0000	0.0000	0.0000	0.0000	0.0000	0.0000	0.0000	0.0000	0.0000	0.0000	0.0000	0.0000	0.0000	0.0000	0.0000	0.0000	0.0000	0.0000	0.0000	0.0000	0.0005	0.0003	0.0002	0.0002	0.0002	0.0000	0.0003	0.0001	0.0002	0.0000	0.0000	0.0000	0.0000	0.0000	0.0000	0.0000	0.0000	0.0000	0.0000	0.0000	0.0000	0.0000	0.0000	0.0000	0.0000	0.0000	0.0000											
11	37	0.0775	7	1	2	1	0	0	0	0	0	N	Y	N	N	N	N	N	N	N	N	N	N	0.0000	0.0000	0.0000	0.0000	0.0000	0.0000	0.0000	0.0000	0.0000	0.0000	0.0000	0.0000	0.0000	0.0000	0.0000	0.0000	0.0001	0.0000	0.0002	0.0000	0.0000	0.0000	0.0001	0.0000	0.0003	6121.3889	0.0000	0.0000	3.0002	3.0000	13.3035	5.0002	0.0000	0.0000	0.0000	0.0000	0.0000	0.0000	0.0000	0.0000	0.0000	0.0000	0.0000	0.0000	0.0000	0.0000	0.0000	0.0000	0.0000	0.0000	0.0472	0.0396	0.0076	0.0015	0.0014	0.0001	0.0457	0.0383	0.0075	0.1115	0.0651	0.0463	0.0295	0.0260	0.0035	0.0820	0.0392	0.0428	0.0000	0.0000	0.0000	0.0000	0.0000	0.0000	0.0000	0.0000	0.0000	0.0001	0.0000	0.0002	0.0000	0.0000	0.0000	0.0001	0.0000	0.0003			
11	38	0.1114	11	1	2	0	0	0	0	0	0	N	Y	N	N	N	N	N	N	N	N	N	N	0.0000	0.0000	0.0000	0.0000	0.0000	0.0000	0.0000	0.0000	0.0000	0.0000	0.0000	0.0000	0.0000	0.0000	0.0000	0.0000	0.0000	0.0000	0.0000	0.0000	3.0002	0.0001	13.3035	0.1668	0.0000	0.0000	0.0000	0.0000	0.0000	0.0000	0.0000	0.0000	0.0000	0.0000	0.0000	0.0000	0.0000	0.0000	0.0000	0.0000	0.0000	0.0000	0.0000	0.0000	0.0000	0.0000	0.0000	0.0000	0.0000	0.0000	0.0000	0.0148	0.0113	0.0035	0.0071	0.0070	0.0001	0.0077	0.0043	0.0035	0.0000	0.0000	0.0000	0.0000	0.0000	0.0000	0.0000	0.0000	0.0000	0.0000	0.0000	0.0000	0.0000	0.0000	0.0000	0.0000	0.0000	0.0000											
11	39	0.0991	14	0	1	0	1	0	0	0	0	N	N	N	N	N	N	N	N	N	N	N	N	0.0000	0.0000	0.0000	0.0000	0.0000	0.0000	0.0000	0.0000	0.0000	0.0000	0.0000	0.0000	0.0000	0.0000	0.0000	0.0000	0.0051	0.0080	0.0000	0.0119	0.0130	0.0000	0.0000	0.0000	0.0000	0.0000	0.0000	-0.0008	3.0002	1.7673	13.3035	9.0239	0.0000	0.0000	0.0000	0.0000	0.0000	0.0000	0.0000	0.0000	0.0000	0.0013	0.0013	0.0000	0.0013	0.0013	0.0000	0.0000	0.0000	0.0000	0.0361	0.0312	0.0049	0.0071	0.0069	0.0001	0.0290	0.0242	0.0048	0.2641	0.1687	0.0953	0.1130	0.1038	0.0092	0.1511	0.0650	0.0861	0.0000	0.0000	0.0000	0.0000	0.0000	0.0000	0.0000	0.0000	0.0000	0.0051	0.0080	0.0000	0.0119	0.0130	0.0000	0.0000	0.0000	0.0000			
11	40	0.0967	13	0	1	0	1	0	0	0	0	N	N	N	N	N	N	N	N	N	N	N	N	0.0000	0.0000	0.0000	0.0000	0.0000	0.0000	0.0000	0.0000	0.0000	0.0000	0.0000	0.0000	0.0000	0.0000	0.0000	0.0000	0.0000	0.0000	1.5556	2.5245	0.0492	0.8086	0.8948	0.0272	1.9356	4.1476	0.0513	0.0125	0.0000	-0.0944	3.0002	3.4690	13.3035	3.7419	0.0000	0.0000	0.0000	0.0000	0.0000	0.0000	0.0000	0.0000	0.0000	0.1567	0.1547	0.0019	0.0275	0.0274	0.0001	0.1292	0.1274	0.0018	0.0527	0.0448	0.0080	0.0046	0.0044	0.0002	0.0481	0.0404	0.0078	0.1007	0.0613	0.0394	0.0340	0.0306	0.0034	0.0668	0.0307	0.0361	0.0000	0.0000	0.0000	0.0000	0.0000	0.0000	0.0000	0.0000	0.0000	1.5556	2.5245	0.0492	0.8086	0.8948	0.0272	1.9356	4.1476	0.0513	
11	43	0.0445	6	1	1	1	0	0	0	0	0	N	N	N	N	N	N	N	N	N	N	N	N	0.0000	0.0000	0.0000	0.0000	0.0000	0.0000	0.0000	0.0000	0.0000	0.0000	0.0000	0.0000	0.0000	0.0001	0.0002	0.0000	0.0004	0.0005	0.0000	0.0000	0.0000	0.0000	0.0000	0.0000	-0.0000	3.0002	1.9995	13.3035	12.0029	0.0000	0.0000	0.0000	0.0000	0.0000	0.0000	0.0000	0.0000	0.0000	0.0000	0.0000	0.0000	0.0000	0.0000	0.0000	0.0000	0.0000	0.0000	0.0290	0.0244	0.0046	0.0004	0.0004	0.0000	0.0286	0.0240	0.0046	0.1818	0.1065	0.0753	0.0453	0.0410	0.0043	0.1364	0.0655	0.0710	0.0000	0.0000	0.0000	0.0000	0.0000	0.0000	0.0000	0.0000	0.0000	0.0001	0.0002	0.0000	0.0004	0.0005	0.0000	0.0000	0.0000	0.0000						
11	44	0.0777	7	1	2	0	0	0	0	0	0	N	Y	N	N	N	N	N	N	N	N	N	N	0.0000	0.0000	0.0000	0.0000	0.0000	0.0000	0.0000	0.0000	0.0000	0.0000	0.0000	0.0000	0.0000	0.0000	0.0000	0.0000	0.0000	4.7077	3.8995	5.9398	0.0005	0.0000	0.0052	6.4086	6.4391	6.3782	0.9991	0.0000	-0.2297	3.0002	10.0000	13.3035	26.8440	0.0000	0.0000	0.0000	0.0000	0.0000	0.0000	0.0000	0.0000	0.0000	1.9982	0.9995	0.9987	0.0001	0.0000	0.0001	1.9981	0.9995	0.9986	0.1381	0.1165	0.0216	0.0065	0.0061	0.0004	0.1316	0.1104	0.0212	0.4244	0.2563	0.1681	0.1127	0.1011	0.0116	0.3118	0.1552	0.1566	0.0000	0.0000	0.0000	0.0000	0.0000	0.0000	0.0000	0.0000	0.0000	4.7077	3.8995	5.9398	0.0005	0.0000	0.0052	6.4086	6.4391	6.3782		
11	45	0.0271	2	0	2	0	0	0	0	0	0	N	Y	N	N	N	N	N	N	N	N	N	N	0.0000	0.0000	0.0001	0.0000	0.0000	0.0000	0.0000	0.0000	0.0001	0.0000	0.0000	0.0000	0.0000	0.0000	0.0000	0.0000	0.0000	0.0000	0.1065	0.1800	0.0079	0.5952	0.6184	0.0001	0.0177	0.0273	0.0080	inf	0.0328	0.0000	-0.0087	3.0002	3.0000	13.3035	5.0456	0.0000	0.0000	0.0000	0.0000	0.0000	0.0000	0.0000	0.0000	0.0000	0.0149	0.0144	0.0005	0.0128	0.0128	0.0000	0.0021	0.0016	0.0005	0.0486	0.0408	0.0078	0.0000	0.0000	0.0000	0.0486	0.0408	0.0078	0.1396	0.0800	0.0596	0.0215	0.0207	0.0008	0.1181	0.0593	0.0588	0.0000	0.0000	0.0001	0.0000	0.0000	0.0000	0.0000	0.0000	0.0001	0.1065	0.1800	0.0079	0.5952	0.6184	0.0001	0.0177	0.0273	0.0080
11	50	0.1076	14	0	1	1	0	0	0	0	0	N	N	N	N	N	N	N	N	N	N	N	N	0.0000	0.0000	0.0000	0.0000	0.0000	0.0000	0.0000	0.0000	0.0000	0.0000	0.0000	0.0000	0.0000	0.0000	0.0000	0.0000	0.0000	0.0000	0.0000	0.0000	3.0002	0.0004	13.3035	0.9852	0.0000	0.0000	0.0000	0.0000	0.0000	0.0000	0.0000	0.0000	0.0000	0.0000	0.0000	0.0000	0.0000	0.0000	0.0000	0.0000	0.0000	0.0000	0.0000	0.0000	0.0000	0.0000	0.0000	0.0000	0.0000	0.0000	0.0000	0.0123	0.0075	0.0048	0.0041	0.0035	0.0006	0.0082	0.0040	0.0042	0.0000	0.0000	0.0000	0.0000	0.0000	0.0000	0.0000	0.0000	0.0000	0.0000	0.0000	0.0000	0.0000	0.0000	0.0000	0.0000	0.0000	0.0000											
11	51	0.0967	13	0	1	0	0	0	0	0	0	N	N	N	N	N	N	N	N	N	N	N	N	0.0000	0.0000	0.0000	0.0000	0.0000	0.0000	0.0000	0.0000	0.0000	0.0000	0.0000	0.0000	0.0000	0.0000	0.0000	0.0000	0.0000	0.0619	0.0099	0.1452	0.0164	0.0185	0.0000	0.0829	0.0028	0.1603	9.1133	0.0000	0.0050	3.0002	10.7574	13.3035	12.9024	0.0000	0.0000	0.0000	0.0000	0.0000	0.0000	0.0000	0.0000	0.0000	0.0176	0.0017	0.0159	0.0015	0.0015	0.0000	0.0161	0.0003	0.0159	0.1533	0.1297	0.0235	0.0107	0.0101	0.0006	0.1426	0.1197	0.0229	0.2844	0.1752	0.1092	0.0898	0.0795	0.0103	0.1946	0.0957	0.0990	0.0000	0.0000	0.0000	0.0000	0.0000	0.0000	0.0000	0.0000	0.0000	0.0619	0.0099	0.1452	0.0164	0.0185	0.0000	0.0829	0.0028	0.1603		
11	52	0.0953	12	0	1	0	0	0	0	0	0	N	N	N	N	N	N	N	N	N	N	N	N	0.0000	0.0000	0.0000	0.0000	0.0000	0.0000	0.0000	0.0000	0.0000	0.0000	0.0000	0.0000	0.0000	0.0000	0.0000	0.0000	0.0000	0.0509	0.0502	0.0519	0.0266	0.0300	0.0000	0.0624	0.0675	0.0574	0.6381	0.0000	-0.0007	3.0002	2.6694	13.3035	2.4027	0.0000	0.0000	0.0000	0.0000	0.0000	0.0000	0.0000	0.0000	0.0000	0.0033	0.0020	0.0013	0.0006	0.0006	0.0000	0.0027	0.0015	0.0013	0.0395	0.0333	0.0062	0.0027	0.0026	0.0002	0.0368	0.0308	0.0060	0.0648	0.0401	0.0248	0.0208	0.0184	0.0024	0.0440	0.0216	0.0224	0.0000	0.0000	0.0000	0.0000	0.0000	0.0000	0.0000	0.0000	0.0000	0.0509	0.0502	0.0519	0.0266	0.0300	0.0000	0.0624	0.0675	0.0574		
11	53	0.0901	11	0	1	0	0	0	0	0	0	N	N	N	N	N	N	N	N	N	N	N	N	0.0000	0.0000	0.0000	0.0000	0.0000	0.0000	0.0000	0.0000	0.0000	0.0000	0.0000	0.0000	0.0000	0.0000	0.0000	0.0000	0.0000	0.0022	0.0017	0.0029	0.0014	0.0016	0.0000	0.0025	0.0018	0.0032	1.0084	0.0000	-0.0000	3.0002	8.6921	13.3035	5.3599	0.0000	0.0000	0.0000	0.0000	0.0000	0.0000	0.0000	0.0000	0.0000	0.0004	0.0002	0.0002	0.0001	0.0001	0.0000	0.0003	0.0001	0.0002	0.1361	0.1164	0.0197	0.0153	0.0147	0.0006	0.1208	0.1016	0.0191	0.1663	0.1037	0.0626	0.0526	0.0462	0.0064	0.1137	0.0575	0.0563	0.0000	0.0000	0.0000	0.0000	0.0000	0.0000	0.0000	0.0000	0.0000	0.0022	0.0017	0.0029	0.0014	0.0016	0.0000	0.0025	0.0018	0.0032		
11	54	0.0898	10	0	1	0	0	0	0	0	0	N	N	N	N	N	N	N	N	N	N	N	N	0.0000	0.0000	0.0000	0.0000	0.0000	0.0000	0.0000	0.0000	0.0000	0.0000	0.0000	0.0000	0.0000	0.0000	0.0000	0.0000	0.0031	0.0030	0.0033	0.0056	0.0062	0.0000	0.0019	0.0000	0.0037	0.6997	0.0000	-0.0000	3.0002	1.8652	13.3035	1.4001	0.0000	0.0000	0.0000	0.0000	0.0000	0.0000	0.0000	0.0000	0.0000	0.0001	0.0001	0.0001	0.0001	0.0001	0.0000	0.0001	0.0000	0.0001	0.0375	0.0327	0.0048	0.0071	0.0070	0.0001	0.0304	0.0257	0.0047	0.0423	0.0261	0.0162	0.0139	0.0123	0.0015	0.0284	0.0138	0.0147	0.0000	0.0000	0.0000	0.0000	0.0000	0.0000	0.0000	0.0000	0.0000	0.0031	0.0030	0.0033	0.0056	0.0062	0.0000	0.0019	0.0000	0.0037			
11	55	0.0854	9	0	1	0	0	0	0	0	0	N	N	N	N	N	N	N	N	N	N	N	N	0.0000	0.0000	0.0000	0.0000	0.0000	0.0000	0.0000	0.0000	0.0000	0.0000	0.0000	0.0000	0.0000	0.0000	0.0000	0.0000	0.0000	0.0102	0.0146	0.0018	0.0263	0.0289	0.0000	0.0010	0.0000	0.0020	0.0665	0.0000	-0.0007	3.0002	2.5292	13.3035	4.9772	0.0000	0.0000	0.0000	0.0000	0.0000	0.0000	0.0000	0.0000	0.0000	0.0012	0.0012	0.0001	0.0012	0.0012	0.0000	0.0001	0.0000	0.0001	0.0418	0.0359	0.0059	0.0045	0.0044	0.0001	0.0373	0.0315	0.0058	0.1219	0.0796	0.0423	0.0443	0.0403	0.0040	0.0776	0.0393	0.0383	0.0000	0.0000	0.0000	0.0000	0.0000	0.0000	0.0000	0.0000	0.0000	0.0102	0.0146	0.0018	0.0263	0.0289	0.0000	0.0010	0.0000	0.0020		
11	56	0.0445	6	1	2	0	0	0	0	0	0	N	Y	N	N	N	N	N	N	N	N	N	N	0.0000	0.0000	0.0000	0.0000	0.0000	0.0000	0.0000	0.0000	0.0000	0.0000	0.0000	0.0000	0.0000	0.0000	0.0000	0.0000	0.0000	0.0000	0.0000	0.0000	3.0002	0.0000	13.3035	10.9971	0.0000	0.0000	0.0000	0.0000	0.0000	0.0000	0.0000	0.0000	0.0000	0.0000	0.0000	0.0000	0.0000	0.0000	0.0000	0.0000	0.0000	0.0000	0.0000	0.0000	0.0000	0.0000	0.0000	0.0000	0.0000	0.0000	0.0000	0.1463	0.0859	0.0605	0.0371	0.0337	0.0034	0.1092	0.0522	0.0570	0.0000	0.0000	0.0000	0.0000	0.0000	0.0000	0.0000	0.0000	0.0000	0.0000	0.0000	0.0000	0.0000	0.0000	0.0000	0.0000	0.0000	0.0000											
11	57	0.1662	11	0	1	0	0	0	0	0	0	N	N	N	N	N	N	N	N	N	N	N	N	0.0268	17.3526	0.0000	0.3361	0.4625	0.0011	0.0209	22640.3650	0.0000	0.0542	0.0615	0.0002	0.0025	0.0026	0.0000	0.0790	0.0937	0.0002	2.0237	0.0035	6.2296	0.0076	0.0057	0.0238	3.7864	0.0000	7.3003	0.0003	844.3178	-0.0058	0.3693	3.0002	7.8198	13.3035	21.5823	0.0105	0.0105	0.0000	0.0002	0.0002	0.0000	0.0104	0.0104	0.0000	0.9615	0.0011	0.9604	0.0017	0.0011	0.0005	0.9598	0.0000	0.9598	0.1941	0.1711	0.0231	0.0629	0.0605	0.0024	0.1312	0.1105	0.0207	0.4751	0.3210	0.1542	0.2216	0.1989	0.0227	0.2535	0.1220	0.1315	0.0268	17.3526	0.0000	0.3361	0.4625	0.0011	0.0209	22640.3650	0.0000	2.0237	0.0035	6.2296	0.0076	0.0057	0.0238	3.7864	0.0000	7.3003
11	58	0.0803	10	1	2	1	0	0	0	0	0	N	Y	N	N	N	N	N	N	N	N	N	N	0.0000	0.0000	0.0000	0.0000	0.0000	0.0000	0.0000	0.0000	0.0000	0.0000	0.0000	0.0000	0.0000	0.0000	0.0000	0.0000	0.0000	0.0010	0.0004	0.0018	0.0008	0.0009	0.0000	0.0010	0.0000	0.0020	3.2190	0.0000	0.0000	3.0002	2.0055	13.3035	11.8091	0.0000	0.0000	0.0000	0.0000	0.0000	0.0000	0.0000	0.0000	0.0000	0.0002	0.0000	0.0001	0.0000	0.0000	0.0000	0.0001	0.0000	0.0001	0.0289	0.0243	0.0046	0.0006	0.0006	0.0000	0.0282	0.0237	0.0045	0.1774	0.1069	0.0704	0.0513	0.0459	0.0054	0.1261	0.0611	0.0651	0.0000	0.0000	0.0000	0.0000	0.0000	0.0000	0.0000	0.0000	0.0000	0.0010	0.0004	0.0018	0.0008	0.0009	0.0000	0.0010	0.0000	0.0020		
11	59	0.0749	9	1	1	1	0	0	0	0	0	N	N	N	N	N	N	N	N	N	N	N	N	0.0000	0.0000	0.0000	0.0000	0.0000	0.0000	0.0000	0.0000	0.0000	0.0000	0.0000	0.0000	0.0000	0.0000	0.0000	0.0000	0.0000	0.0000	0.1195	0.1057	0.1445	0.2050	0.2217	0.0054	0.0774	0.0016	0.1553	0.7559	0.0000	-0.0016	3.0002	1.9951	13.3035	2.5667	0.0000	0.0000	0.0000	0.0000	0.0000	0.0000	0.0000	0.0000	0.0000	0.0089	0.0050	0.0038	0.0050	0.0050	0.0000	0.0038	0.0000	0.0038	0.0286	0.0241	0.0046	0.0005	0.0005	0.0000	0.0281	0.0236	0.0045	0.0742	0.0478	0.0264	0.0245	0.0226	0.0019	0.0497	0.0252	0.0245	0.0000	0.0000	0.0000	0.0000	0.0000	0.0000	0.0000	0.0000	0.0000	0.1195	0.1057	0.1445	0.2050	0.2217	0.0054	0.0774	0.0016	0.1553	
11	60	0.0681	8	1	1	1	0	0	0	0	0	N	N	N	N	N	N	N	N	N	N	N	N	0.0000	0.0000	0.0000	0.0000	0.0000	0.0000	0.0000	0.0000	0.0000	0.0000	0.0000	0.0000	0.0000	0.0000	0.0000	0.0000	0.0000	0.0000	0.0025	0.0034	0.0000	0.0058	0.0064	0.0000	0.0000	0.0000	0.0000	0.0026	0.0000	-0.0001	3.0002	0.0108	13.3035	3.6229	0.0000	0.0000	0.0000	0.0000	0.0000	0.0000	0.0000	0.0000	0.0000	0.0002	0.0002	0.0000	0.0002	0.0002	0.0000	0.0000	0.0000	0.0000	0.0003	0.0002	0.0000	0.0001	0.0001	0.0000	0.0002	0.0001	0.0000	0.0685	0.0511	0.0174	0.0301	0.0273	0.0028	0.0384	0.0239	0.0146	0.0000	0.0000	0.0000	0.0000	0.0000	0.0000	0.0000	0.0000	0.0000	0.0025	0.0034	0.0000	0.0058	0.0064	0.0000	0.0000	0.0000	0.0000	
11	61	0.0865	9	0	2	0	0	0	0	0	0	N	Y	N	N	N	N	N	N	N	N	N	N	0.0000	0.0000	0.0000	0.0000	0.0000	0.0000	0.0000	0.0000	0.0000	0.0000	0.0000	0.0000	0.0000	0.0000	0.0000	0.0000	0.0000	0.0000	0.0000	0.0000	0.0000	0.0000	0.0000	0.0000	0.0000	0.0000	0.0965	0.0000	-0.0000	3.0002	4.0917	13.3035	8.0988	0.0000	0.0000	0.0000	0.0000	0.0000	0.0000	0.0000	0.0000	0.0000	0.0000	0.0000	0.0000	0.0000	0.0000	0.0000	0.0000	0.0000	0.0000	0.0665	0.0568	0.0096	0.0073	0.0071	0.0002	0.0592	0.0497	0.0095	0.2176	0.1430	0.0746	0.0804	0.0751	0.0053	0.1372	0.0679	0.0692	0.0000	0.0000	0.0000	0.0000	0.0000	0.0000	0.0000	0.0000	0.0000	0.0000	0.0000	0.0000	0.0000	0.0000	0.0000	0.0000	0.0000	0.0000		
11	62	0.0827	8	0	2	0	0	0	0	0	0	N	Y	N	N	N	N	N	N	N	N	N	N	0.0000	0.0000	0.0000	0.0000	0.0000	0.0000	0.0000	0.0000	0.0000	0.0000	0.0000	0.0000	0.0000	0.0000	0.0000	0.0000	0.0000	0.0000	1.8881	0.3567	4.1994	0.5293	0.5828	0.0058	2.5353	0.1423	4.5397	7.8004	0.0000	0.0562	3.0002	2.1165	13.3035	5.0852	0.0000	0.0000	0.0000	0.0000	0.0000	0.0000	0.0000	0.0000	0.0000	0.2069	0.0235	0.1834	0.0187	0.0187	0.0000	0.1882	0.0048	0.1834	0.0303	0.0255	0.0048	0.0015	0.0014	0.0001	0.0288	0.0241	0.0047	0.1096	0.0659	0.0437	0.0354	0.0321	0.0033	0.0742	0.0338	0.0404	0.0000	0.0000	0.0000	0.0000	0.0000	0.0000	0.0000	0.0000	0.0000	1.8881	0.3567	4.1994	0.5293	0.5828	0.0058	2.5353	0.1423	4.5397	
11	63	0.0681	8	1	1	1	0	0	0	0	0	N	N	N	N	N	N	N	N	N	N	N	N	0.0000	0.0000	0.0000	0.0000	0.0000	0.0000	0.0000	0.0000	0.0000	0.0000	0.0000	0.0000	0.0000	0.0000	0.0000	0.0000	0.0000	0.0000	0.0001	0.0000	0.0001	0.0001	0.0001	0.0000	0.0001	0.0000	0.0001	2.7769	0.0000	0.0000	3.0002	3.9990	13.3035	8.8702	0.0000	0.0000	0.0000	0.0000	0.0000	0.0000	0.0000	0.0000	0.0000	0.0000	0.0000	0.0000	0.0000	0.0000	0.0000	0.0000	0.0000	0.0000	0.0527	0.0453	0.0074	0.0013	0.0012	0.0001	0.0514	0.0441	0.0073	0.1489	0.0904	0.0585	0.0382	0.0340	0.0041	0.1107	0.0564	0.0543	0.0000	0.0000	0.0000	0.0000	0.0000	0.0000	0.0000	0.0000	0.0000	0.0001	0.0000	0.0001	0.0001	0.0001	0.0000	0.0001	0.0000	0.0001	
11	64	0.0479	7	1	1	1	0	0	0	0	0	N	N	N	N	N	N	N	N	N	N	N	N	0.0000	0.0000	0.0000	0.0000	0.0000	0.0000	0.0000	0.0000	0.0000	0.0000	0.0000	0.0000	0.0000	0.0000	0.0000	0.0000	0.0000	0.0000	0.0018	0.0029	0.0001	0.0060	0.0065	0.0000	0.0001	0.0000	0.0001	0.0278	0.0000	-0.0002	3.0002	3.9972	13.3035	6.8232	0.0000	0.0000	0.0000	0.0000	0.0000	0.0000	0.0000	0.0000	0.0000	0.0003	0.0003	0.0000	0.0003	0.0003	0.0000	0.0000	0.0000	0.0000	0.0599	0.0507	0.0092	0.0020	0.0020	0.0000	0.0579	0.0487	0.0092	0.1728	0.1055	0.0673	0.0517	0.0481	0.0036	0.1210	0.0574	0.0636	0.0000	0.0000	0.0000	0.0000	0.0000	0.0000	0.0000	0.0000	0.0000	0.0018	0.0029	0.0001	0.0060	0.0065	0.0000	0.0001	0.0000	0.0001	
11	65	0.0904	9	0	2	0	0	0	0	0	0	N	Y	N	N	N	N	N	N	N	N	N	N	0.0000	0.0000	0.0000	0.0002	0.0002	0.0000	0.0000	0.0000	0.0000	0.0000	0.0001	0.0000	0.0007	0.0007	0.0000	0.0000	0.0000	0.0000	3.9830	1.9045	7.8303	3.3957	3.7607	0.4699	4.3204	0.0504	8.7903	0.0019	2.2212	-0.0000	0.2000	3.0002	15.6632	13.3035	35.0639	0.0000	0.0000	0.0000	0.0000	0.0000	0.0000	0.0000	0.0000	0.0000	2.6740	0.8301	1.8439	0.8319	0.8191	0.0128	1.8421	0.0110	1.8311	0.2192	0.1858	0.0334	0.0145	0.0138	0.0006	0.2048	0.1720	0.0328	0.6714	0.4359	0.2355	0.2450	0.2178	0.0272	0.4264	0.2181	0.2083	0.0000	0.0000	0.0000	0.0002	0.0002	0.0000	0.0000	0.0000	0.0000	3.9830	1.9045	7.8303	3.3957	3.7607	0.4699	4.3204	0.0504	8.7903
11	66	0.0904	9	0	1	1	0	0	0	0	0	N	N	N	N	N	N	N	N	N	N	N	N	0.0017	0.0014	0.0000	517054.5505	inf	0.0000	0.0000	0.0000	0.0000	0.0048	0.0056	0.0000	0.0487	0.0502	0.0000	0.0000	0.0000	0.0000	2.8741	4.1500	0.0000	0.0000	0.0000	0.0000	5.3620	10.2586	0.0000	0.0000	0.0000	-0.0002	-0.6145	3.0002	4.9998	13.3035	10.1184	0.0004	0.0004	0.0000	0.0004	0.0004	0.0000	0.0000	0.0000	0.0000	0.9995	0.9995	0.0000	0.0000	0.0000	0.0000	0.9995	0.9995	0.0000	0.0789	0.0673	0.0117	0.0078	0.0076	0.0002	0.0711	0.0597	0.0114	0.3478	0.2408	0.1069	0.1614	0.1434	0.0180	0.1864	0.0974	0.0890	0.0017	0.0014	0.0000	517054.5505	inf	0.0000	0.0000	0.0000	0.0000	2.8741	4.1500	0.0000	0.0000	0.0000	0.0000	5.3620	10.2586	0.0000
11	67	0.0948	11	0	2	0	0	0	0	0	0	N	Y	N	N	N	N	N	N	N	N	N	N	0.0000	0.0000	0.0000	0.0000	0.0000	0.0000	0.0000	0.0000	0.0000	0.0000	0.0000	0.0000	0.0000	0.0000	0.0000	0.0000	0.0000	0.0000	2.7355	0.0003	7.6136	0.0045	0.0006	0.0443	4.2432	0.0000	8.3522	14356.8903	0.0000	0.3949	3.0002	10.9928	13.3035	18.5513	0.0000	0.0000	0.0000	0.0000	0.0000	0.0000	0.0000	0.0000	0.0000	1.0251	0.0001	1.0251	0.0006	0.0001	0.0005	1.0245	0.0000	1.0245	0.1509	0.1285	0.0224	0.0095	0.0086	0.0009	0.1414	0.1198	0.0215	0.3747	0.2401	0.1346	0.1333	0.1213	0.0120	0.2415	0.1188	0.1227	0.0000	0.0000	0.0000	0.0000	0.0000	0.0000	0.0000	0.0000	0.0000	2.7355	0.0003	7.6136	0.0045	0.0006	0.0443	4.2432	0.0000	8.3522	
11	68	0.0948	10	0	1	0	0	0	0	0	0	N	N	N	N	N	N	N	N	N	N	N	N	0.0000	0.0000	0.0000	0.0000	0.0000	0.0000	0.0000	0.0000	0.0000	0.0000	0.0000	0.0000	0.0000	0.0000	0.0000	0.0000	0.0000	0.0000	1.1539	0.8571	1.7731	1.2465	1.2598	0.6212	1.0727	0.0149	1.8087	0.9914	0.0000	-0.0083	3.0002	0.0861	13.3035	1.0715	0.0000	0.0000	0.0000	0.0000	0.0000	0.0000	0.0000	0.0000	0.0000	0.0708	0.0355	0.0352	0.0357	0.0353	0.0004	0.0351	0.0002	0.0349	0.0035	0.0032	0.0003	0.0012	0.0012	0.0000	0.0022	0.0019	0.0003	0.0613	0.0415	0.0199	0.0286	0.0280	0.0006	0.0327	0.0134	0.0193	0.0000	0.0000	0.0000	0.0000	0.0000	0.0000	0.0000	0.0000	0.0000	1.1539	0.8571	1.7731	1.2465	1.2598	0.6212	1.0727	0.0149	1.8087	
11	69	0.0776	8	1	1	1	0	0	0	0	0	N	N	N	N	N	N	N	N	N	N	N	N	0.0000	0.0000	0.0000	0.0000	0.0000	0.0000	0.0000	0.0000	0.0000	0.0000	0.0000	0.0000	0.0000	0.0000	0.0000	0.0000	0.0002	0.0000	0.0005	0.0000	0.0000	0.0000	0.0003	0.0000	0.0005	6121.3889	0.0000	0.0000	3.0002	1.0000	13.3035	3.0001	0.0000	0.0000	0.0000	0.0000	0.0000	0.0000	0.0000	0.0000	0.0000	0.0000	0.0000	0.0000	0.0000	0.0000	0.0000	0.0000	0.0000	0.0000	0.0159	0.0133	0.0026	0.0005	0.0005	0.0000	0.0154	0.0129	0.0025	0.0566	0.0331	0.0235	0.0150	0.0132	0.0018	0.0415	0.0198	0.0217	0.0000	0.0000	0.0000	0.0000	0.0000	0.0000	0.0000	0.0000	0.0000	0.0002	0.0000	0.0005	0.0000	0.0000	0.0000	0.0003	0.0000	0.0005			
11	70	0.0775	7	1	1	1	0	0	0	0	0	N	N	N	N	N	N	N	N	N	N	N	N	0.0000	0.0000	0.0000	0.0000	0.0000	0.0000	0.0000	0.0000	0.0000	0.0000	0.0000	0.0000	0.0000	0.0000	0.0000	0.0000	0.5523	0.4781	0.6539	0.6467	0.6622	0.0000	0.4820	0.0000	0.6698	1.0000	0.0000	-0.0000	3.0002	0.0000	13.3035	0.0009	0.0000	0.0000	0.0000	0.0000	0.0000	0.0000	0.0000	0.0000	0.0000	0.0000	0.0000	0.0000	0.0000	0.0000	0.0000	0.0000	0.0000	0.0000	0.0000	0.0000	0.0000	0.0000	0.0000	0.0000	0.0000	0.0000	0.0000	0.0000	0.0000	0.0000	0.0000	0.0000	0.0000	0.0000	0.0000	0.0000	0.0000	0.0000	0.0000	0.0000	0.0000	0.0000	0.0000	0.0000	0.0000	0.5523	0.4781	0.6539	0.6467	0.6622	0.0000	0.4820	0.0000	0.6698			
11	71	0.0445	6	1	1	1	0	0	0	0	0	N	N	N	N	N	N	N	N	N	N	N	N	0.0000	0.0000	0.0000	0.0000	0.0000	0.0000	0.0000	0.0000	0.0000	0.0000	0.0000	0.0000	0.0000	0.0000	0.0000	0.0000	0.0000	7.1294	6.0559	8.6358	0.0015	0.0016	0.0000	9.4034	9.6534	9.1697	1.0163	0.0000	-0.2232	3.0002	9.9966	13.3035	12.9129	0.0000	0.0000	0.0000	0.0000	0.0000	0.0000	0.0000	0.0000	0.0000	2.0158	0.9998	1.0160	0.0001	0.0001	0.0000	2.0157	0.9997	1.0160	0.1387	0.1167	0.0219	0.0012	0.0011	0.0001	0.1375	0.1156	0.0219	0.2827	0.1651	0.1177	0.0684	0.0615	0.0069	0.2144	0.1036	0.1108	0.0000	0.0000	0.0000	0.0000	0.0000	0.0000	0.0000	0.0000	0.0000	7.1294	6.0559	8.6358	0.0015	0.0016	0.0000	9.4034	9.6534	9.1697		
11	72	0.0777	7	0	2	0	1	0	0	0	0	N	Y	N	N	N	N	N	N	N	N	N	N	0.0000	0.0000	0.0000	0.0000	0.0000	0.0000	0.0000	0.0000	0.0000	0.0000	0.0000	0.0000	0.0000	0.0000	0.0000	0.0000	0.0000	3.5319	2.9327	4.4386	6.8333	7.6470	0.0006	2.3814	0.0000	4.7680	1.0001	0.0000	-0.2291	3.0002	13.0000	13.3035	39.1663	0.0000	0.0000	0.0000	0.0000	0.0000	0.0000	0.0000	0.0000	0.0000	1.9971	0.9985	0.9986	0.9985	0.9985	0.0000	0.9986	0.0000	0.9986	0.1774	0.1498	0.0277	0.0084	0.0079	0.0005	0.1691	0.1419	0.0272	0.5654	0.3405	0.2250	0.1461	0.1306	0.0155	0.4193	0.2099	0.2094	0.0000	0.0000	0.0000	0.0000	0.0000	0.0000	0.0000	0.0000	0.0000	3.5319	2.9327	4.4386	6.8333	7.6470	0.0006	2.3814	0.0000	4.7680		
11	73	0.0802	8	0	2	0	0	0	0	0	0	N	Y	N	N	N	N	N	N	N	N	N	N	0.0000	0.0000	0.0000	0.0000	0.0000	0.0000	0.0000	0.0000	0.0000	0.0000	0.0000	0.0000	0.0000	0.0000	0.0000	0.0000	0.0000	0.0000	3.5329	5.6949	0.0002	0.0009	0.0008	0.0024	5.0533	10.1930	0.0000	0.0000	0.0000	-0.6145	3.0002	3.0003	13.3035	18.1082	0.0000	0.0000	0.0000	0.0000	0.0000	0.0000	0.0000	0.0000	0.0000	0.9997	0.9996	0.0000	0.0001	0.0001	0.0000	0.9996	0.9996	0.0000	0.0427	0.0360	0.0067	0.0020	0.0019	0.0001	0.0407	0.0341	0.0066	0.2830	0.1755	0.1074	0.0852	0.0775	0.0077	0.1978	0.0981	0.0997	0.0000	0.0000	0.0000	0.0000	0.0000	0.0000	0.0000	0.0000	0.0000	3.5329	5.6949	0.0002	0.0009	0.0008	0.0024	5.0533	10.1930	0.0000	
11	74	0.0479	7	0	2	0	0	0	0	0	0	N	Y	N	N	N	N	N	N	N	N	N	N	0.0000	0.0000	0.0000	0.0000	0.0000	0.0000	0.0000	0.0000	0.0000	0.0000	0.0000	0.0000	0.0000	0.0000	0.0000	0.0000	0.0000	2.9954	0.0009	7.4157	0.0042	0.0021	0.0257	4.0787	0.0000	7.8686	5749.1774	0.0000	0.3851	3.0002	7.0046	13.3035	18.1036	0.0000	0.0000	0.0000	0.0000	0.0000	0.0000	0.0000	0.0000	0.0000	0.9999	0.0002	0.9998	0.0004	0.0002	0.0002	0.9996	0.0000	0.9996	0.1013	0.0856	0.0157	0.0023	0.0023	0.0001	0.0990	0.0833	0.0157	0.3338	0.1990	0.1348	0.0888	0.0810	0.0078	0.2451	0.1180	0.1270	0.0000	0.0000	0.0000	0.0000	0.0000	0.0000	0.0000	0.0000	0.0000	2.9954	0.0009	7.4157	0.0042	0.0021	0.0257	4.0787	0.0000	7.8686		
11	75	0.0445	6	0	1	0	0	0	0	0	0	N	N	N	N	N	N	N	N	N	N	N	N	0.0000	0.0000	0.0000	0.0000	0.0000	0.0000	0.0000	0.0000	0.0000	0.0000	0.0000	0.0000	0.0000	0.0000	0.0000	0.0000	0.0000	0.0000	2.0193	0.0610	4.8968	0.0480	0.0515	0.0028	2.8126	0.0687	5.1595	54.6286	0.0000	0.0410	3.0002	0.2435	13.3035	3.2922	0.0000	0.0000	0.0000	0.0000	0.0000	0.0000	0.0000	0.0000	0.0000	0.1117	0.0020	0.1097	0.0008	0.0008	0.0000	0.1109	0.0012	0.1097	0.0039	0.0033	0.0006	0.0002	0.0002	0.0000	0.0037	0.0031	0.0006	0.0553	0.0329	0.0224	0.0159	0.0147	0.0011	0.0394	0.0182	0.0213	0.0000	0.0000	0.0000	0.0000	0.0000	0.0000	0.0000	0.0000	0.0000	2.0193	0.0610	4.8968	0.0480	0.0515	0.0028	2.8126	0.0687	5.1595	
11	77	0.0952	11	0	2	0	0	0	0	0	0	N	Y	N	N	N	N	N	N	N	N	N	N	0.0000	0.0000	0.0000	0.0000	0.0000	0.0000	0.0000	0.0000	0.0000	0.0000	0.0000	0.0000	0.0000	0.0000	0.0000	0.0000	4.4071	0.0017	13.2814	0.0047	0.0049	0.0000	5.6133	0.0000	12.2140	4344.8233	0.0000	0.3850	3.0002	8.6571	13.3035	16.0761	0.0000	0.0000	0.0000	0.0000	0.0000	0.0000	0.0000	0.0000	0.0000	0.9998	0.0002	0.9996	0.0002	0.0002	0.0000	0.9996	0.0000	0.9996	0.1134	0.0977	0.0157	0.0059	0.0056	0.0003	0.1075	0.0921	0.0154	0.2269	0.1351	0.0918	0.0488	0.0465	0.0023	0.1781	0.0886	0.0895	0.0000	0.0000	0.0000	0.0000	0.0000	0.0000	0.0000	0.0000	0.0000	4.4071	0.0017	10.8908	0.0047	0.0049	0.0000	5.6133	0.0000	11.1670			
11	78	0.0948	10	0	2	0	0	0	0	0	0	N	Y	N	N	N	N	N	N	N	N	N	N	0.0000	0.0000	0.0000	0.0000	0.0000	0.0000	0.0000	0.0000	0.0000	0.0000	0.0000	0.0000	0.0000	0.0000	0.0000	0.0000	0.0048	0.0000	0.0144	0.0000	0.0000	0.0000	0.0086	0.0000	0.0151	799.1985	0.0000	0.0001	3.0002	0.3645	13.3035	1.9845	0.0000	0.0000	0.0000	0.0000	0.0000	0.0000	0.0000	0.0000	0.0000	0.0004	0.0000	0.0004	0.0000	0.0000	0.0000	0.0004	0.0000	0.0004	0.0074	0.0065	0.0009	0.0015	0.0014	0.0000	0.0059	0.0051	0.0009	0.0757	0.0506	0.0251	0.0336	0.0324	0.0011	0.0421	0.0182	0.0239	0.0000	0.0000	0.0000	0.0000	0.0000	0.0000	0.0000	0.0000	0.0000	0.0048	0.0000	0.0144	0.0000	0.0000	0.0000	0.0086	0.0000	0.0151			
11	79	0.0854	9	0	1	0	0	0	0	0	0	N	N	N	N	N	N	N	N	N	N	N	N	0.0000	0.0000	0.0000	0.0000	0.0000	0.0000	0.0000	0.0000	0.0000	0.0000	0.0000	0.0000	0.0000	0.0000	0.0000	0.0000	0.0000	0.0000	4.1962	0.0047	14.6439	0.0021	0.0023	0.0000	6.2490	0.0069	15.2547	1396.7968	0.0000	0.3744	3.0002	2.9108	13.3035	14.2456	0.0000	0.0000	0.0000	0.0000	0.0000	0.0000	0.0000	0.0000	0.0000	0.9735	0.0007	0.9728	0.0002	0.0002	0.0000	0.9734	0.0005	0.9728	0.0471	0.0404	0.0067	0.0048	0.0047	0.0001	0.0424	0.0358	0.0066	0.2320	0.1466	0.0854	0.0762	0.0683	0.0080	0.1558	0.0784	0.0774	0.0000	0.0000	0.0000	0.0000	0.0000	0.0000	0.0000	0.0000	0.0000	4.1962	0.0047	11.3960	0.0021	0.0023	0.0000	6.2490	0.0069	12.5679	
11	80	0.0802	8	0	1	0	0	0	0	0	0	N	N	N	N	N	N	N	N	N	N	N	N	0.0000	0.0000	0.0000	0.0000	0.0000	0.0000	0.0000	0.0000	0.0000	0.0000	0.0000	0.0000	0.0000	0.0000	0.0000	0.0000	0.0000	0.0000	0.0149	0.0096	0.0243	0.0175	0.0186	0.0030	0.0134	0.0000	0.0259	1.4250	0.0000	-0.0001	3.0002	0.1009	13.3035	7.5203	0.0000	0.0000	0.0000	0.0000	0.0000	0.0000	0.0000	0.0000	0.0000	0.0020	0.0008	0.0012	0.0008	0.0008	0.0000	0.0012	0.0000	0.0012	0.0015	0.0013	0.0002	0.0001	0.0001	0.0000	0.0014	0.0012	0.0002	0.1342	0.0859	0.0483	0.0475	0.0442	0.0033	0.0866	0.0417	0.0449	0.0000	0.0000	0.0000	0.0000	0.0000	0.0000	0.0000	0.0000	0.0000	0.0149	0.0096	0.0243	0.0175	0.0186	0.0030	0.0134	0.0000	0.0259	
11	81	0.0777	7	0	1	0	0	0	0	0	0	N	N	N	N	N	N	N	N	N	N	N	N	0.0000	0.0000	0.0000	0.0000	0.0000	0.0000	0.0000	0.0000	0.0000	0.0000	0.0000	0.0000	0.0000	0.0000	0.0000	0.0000	0.0000	0.0000	0.0069	0.0088	0.0038	0.0153	0.0140	0.0371	0.0025	0.0030	0.0021	0.2738	0.0000	-0.0002	3.0002	0.0014	13.3035	3.7882	0.0000	0.0000	0.0000	0.0000	0.0000	0.0000	0.0000	0.0000	0.0000	0.0005	0.0004	0.0001	0.0004	0.0003	0.0000	0.0001	0.0001	0.0001	0.0000	0.0000	0.0000	0.0000	0.0000	0.0000	0.0000	0.0000	0.0000	0.0699	0.0430	0.0270	0.0240	0.0227	0.0013	0.0459	0.0203	0.0256	0.0000	0.0000	0.0000	0.0000	0.0000	0.0000	0.0000	0.0000	0.0000	0.0069	0.0088	0.0038	0.0153	0.0140	0.0371	0.0025	0.0030	0.0021	
11	82	0.0934	10	0	2	0	0	0	0	0	0	N	Y	N	N	N	N	N	N	N	N	N	N	0.0000	0.0000	0.0000	0.0000	0.0000	0.0000	0.0000	0.0000	0.0000	0.0000	0.0000	0.0000	0.0000	0.0000	0.0000	0.0000	0.0000	0.0000	0.0000	0.0001	0.0001	0.0000	0.0004	0.0000	0.0000	0.0001	16.1857	0.0000	0.0000	3.0002	7.9116	13.3035	21.1247	0.0000	0.0000	0.0000	0.0000	0.0000	0.0000	0.0000	0.0000	0.0000	0.0000	0.0000	0.0000	0.0000	0.0000	0.0000	0.0000	0.0000	0.0000	0.1192	0.1011	0.0180	0.0108	0.0103	0.0005	0.1084	0.0908	0.0176	0.4706	0.3063	0.1643	0.1857	0.1589	0.0268	0.2849	0.1474	0.1374	0.0000	0.0000	0.0000	0.0000	0.0000	0.0000	0.0000	0.0000	0.0000	0.0000	0.0000	0.0001	0.0001	0.0000	0.0004	0.0000	0.0000	0.0001		
11	83	0.1114	11	1	2	0	0	0	0	0	0	N	Y	N	N	N	N	N	N	N	N	N	N	0.0000	0.0000	0.0000	0.0000	0.0000	0.0000	0.0000	0.0000	0.0000	0.0000	0.0000	0.0000	0.0000	0.0069	0.0104	0.0000	0.0185	0.0198	0.0000	0.0000	0.0000	0.0000	0.0000	0.0000	-0.0001	3.0002	0.0000	13.3035	1.8333	0.0000	0.0000	0.0000	0.0000	0.0000	0.0000	0.0000	0.0000	0.0000	0.0002	0.0002	0.0000	0.0002	0.0002	0.0000	0.0000	0.0000	0.0000	0.0000	0.0000	0.0000	0.0000	0.0000	0.0000	0.0000	0.0000	0.0000	0.0332	0.0221	0.0111	0.0124	0.0116	0.0008	0.0208	0.0104	0.0103	0.0000	0.0000	0.0000	0.0000	0.0000	0.0000	0.0000	0.0000	0.0000	0.0069	0.0104	0.0000	0.0185	0.0198	0.0000	0.0000	0.0000	0.0000						
11	84	0.0934	10	1	2	0	0	0	0	0	0	N	Y	N	N	N	N	N	N	N	N	N	N	0.0000	0.0000	0.0000	0.0000	0.0000	0.0000	0.0000	0.0000	0.0000	0.0000	0.0000	0.0000	0.0000	0.0000	0.0000	0.0000	0.0000	0.0001	0.0000	0.0002	0.0001	0.0000	0.0008	0.0000	0.0000	0.0001	24.9297	0.0000	0.0000	3.0002	6.9552	13.3035	13.1226	0.0000	0.0000	0.0000	0.0000	0.0000	0.0000	0.0000	0.0000	0.0000	0.0000	0.0000	0.0000	0.0000	0.0000	0.0000	0.0000	0.0000	0.0000	0.1063	0.0903	0.0160	0.0102	0.0098	0.0004	0.0961	0.0805	0.0156	0.3851	0.2548	0.1303	0.1642	0.1396	0.0246	0.2210	0.1153	0.1057	0.0000	0.0000	0.0000	0.0000	0.0000	0.0000	0.0000	0.0000	0.0000	0.0001	0.0000	0.0002	0.0001	0.0000	0.0008	0.0000	0.0000	0.0001		
11	85	0.0904	9	0	2	0	0	0	0	0	0	N	Y	N	N	N	N	N	N	N	N	N	N	0.0000	0.0000	0.0000	0.0000	0.0000	0.0000	0.0000	0.0000	0.0000	0.0000	0.0000	0.0000	0.0000	0.0000	0.0000	0.0000	0.0000	0.0000	2.3140	2.6909	1.6692	2.0175	2.1993	0.0119	2.5053	3.3416	1.8298	0.3625	0.0000	-0.1118	3.0002	0.3374	13.3035	6.1146	0.0000	0.0000	0.0000	0.0000	0.0000	0.0000	0.0000	0.0000	0.0000	0.3206	0.2353	0.0853	0.1096	0.1095	0.0001	0.2110	0.1257	0.0852	0.0076	0.0066	0.0010	0.0024	0.0023	0.0001	0.0052	0.0043	0.0009	0.1385	0.0874	0.0511	0.0543	0.0498	0.0045	0.0842	0.0376	0.0466	0.0000	0.0000	0.0000	0.0000	0.0000	0.0000	0.0000	0.0000	0.0000	2.3140	2.6909	1.6692	2.0175	2.1993	0.0119	2.5053	3.3416	1.8298	
11	86	0.0904	9	0	2	0	0	0	0	0	0	N	Y	N	N	N	N	N	N	N	N	N	N	0.0000	0.0000	0.0000	0.0000	0.0000	0.0000	0.0000	0.0000	0.0000	0.0000	0.0000	0.0000	0.0000	0.0000	0.0000	0.0000	0.0000	0.0000	0.3299	0.0770	0.7416	0.1502	0.1665	0.0001	0.4134	0.0002	0.8076	5.9121	0.0000	0.0259	3.0002	11.0342	13.3035	12.7513	0.0000	0.0000	0.0000	0.0000	0.0000	0.0000	0.0000	0.0000	0.0000	0.1078	0.0156	0.0922	0.0156	0.0156	0.0000	0.0922	0.0000	0.0922	0.1542	0.1303	0.0239	0.0091	0.0086	0.0005	0.1451	0.1217	0.0234	0.3267	0.2024	0.1243	0.1037	0.0935	0.0102	0.2230	0.1089	0.1141	0.0000	0.0000	0.0000	0.0000	0.0000	0.0000	0.0000	0.0000	0.0000	0.3299	0.0770	0.7416	0.1502	0.1665	0.0001	0.4134	0.0002	0.8076	
11	87	0.0827	8	0	2	0	0	0	0	0	0	N	Y	N	N	N	N	N	N	N	N	N	N	0.0000	0.0000	0.0000	0.0000	0.0000	0.0000	0.0000	0.0000	0.0000	0.0000	0.0000	0.0000	0.0000	0.0000	0.0000	0.0000	0.0000	0.0000	6.2807	0.2151	24.2258	0.1305	0.1442	0.0027	9.0186	0.2759	26.1350	47.4123	0.0000	0.3319	3.0002	3.9739	13.3035	6.2820	0.0000	0.0000	0.0000	0.0000	0.0000	0.0000	0.0000	0.0000	0.0000	0.9104	0.0188	0.8916	0.0058	0.0058	0.0000	0.9045	0.0130	0.8916	0.0564	0.0475	0.0089	0.0027	0.0025	0.0002	0.0537	0.0450	0.0087	0.1449	0.0874	0.0575	0.0446	0.0403	0.0043	0.1003	0.0471	0.0532	0.0000	0.0000	0.0000	0.0000	0.0000	0.0000	0.0000	0.0000	0.0000	6.2807	0.2151	15.4963	0.1305	0.1442	0.0027	9.0186	0.2759	16.7537	
11	88	0.0777	7	0	2	0	0	0	0	0	0	N	Y	N	N	N	N	N	N	N	N	N	N	0.0000	0.0000	0.0000	0.0000	0.0000	0.0000	0.0000	0.0000	0.0000	0.0000	0.0000	0.0000	0.0000	0.0000	0.0000	0.0000	0.0000	0.0000	0.2096	0.0257	0.5000	0.0337	0.0343	0.0249	0.2934	0.0173	0.5281	12.3406	0.0000	0.0060	3.0002	0.0056	13.3035	5.7021	0.0000	0.0000	0.0000	0.0000	0.0000	0.0000	0.0000	0.0000	0.0000	0.0194	0.0015	0.0180	0.0010	0.0010	0.0000	0.0184	0.0005	0.0179	0.0001	0.0001	0.0000	0.0000	0.0000	0.0000	0.0001	0.0001	0.0000	0.0926	0.0567	0.0359	0.0299	0.0279	0.0020	0.0627	0.0288	0.0339	0.0000	0.0000	0.0000	0.0000	0.0000	0.0000	0.0000	0.0000	0.0000	0.2096	0.0257	0.5000	0.0337	0.0343	0.0249	0.2934	0.0173	0.5281	
11	92	0.1662	11	0	1	0	0	0	0	0	0	N	N	N	N	N	N	N	N	N	N	N	N	0.3750	0.2937	0.0000	0.0461	0.0433	0.0000	4.8788	2901170.9496	0.0000	0.0292	0.0337	0.0000	0.0083	0.0089	0.0000	0.0347	0.0409	0.0000	0.0780	0.1148	0.0121	0.1808	0.2046	0.0025	0.0071	0.0000	0.0135	0.0000	0.0587	-0.0060	-0.0275	3.0002	24.8682	13.3035	39.8855	0.0110	0.0110	0.0000	0.0006	0.0006	0.0000	0.0104	0.0104	0.0000	0.0492	0.0464	0.0027	0.0465	0.0464	0.0001	0.0027	0.0000	0.0027	0.3765	0.3264	0.0501	0.0775	0.0730	0.0045	0.2990	0.2534	0.0456	0.6307	0.4044	0.2263	0.2572	0.2270	0.0302	0.3735	0.1774	0.1961	0.3750	0.2937	0.0000	0.0461	0.0433	0.0000	4.8788	2901170.9496	0.0000	0.0780	0.1148	0.0121	0.1808	0.2046	0.0025	0.0071	0.0000	0.0135
12	14	0.0825	14	0	2	0	1	0	0	0	0	N	Y	N	N	N	N	N	N	N	N	N	N	0.0000	0.0000	0.0000	0.0000	0.0000	0.0000	0.0000	0.0000	0.0000	0.0000	0.0000	0.0000	0.0000	0.0000	0.0000	0.0000	0.0000	0.0000	0.0000	0.0000	1.0000	3.0000	2.2091	13.0223	0.0000	0.0000	0.0000	0.0000	0.0000	0.0000	0.0000	0.0000	0.0000	0.0000	0.0000	0.0000	0.0000	0.0000	0.0000	0.0000	0.0000	0.0000	0.0145	0.0122	0.0022	0.0009	0.0009	0.0001	0.0135	0.0113	0.0022	0.0336	0.0203	0.0133	0.0115	0.0099	0.0016	0.0221	0.0104	0.0117	0.0000	0.0000	0.0000	0.0000	0.0000	0.0000	0.0000	0.0000	0.0000	0.0000	0.0000	0.0000	0.0000	0.0000	0.0000	0.0000	0.0000	0.0000											
12	15	0.0017	2	0	1	0	2	0	0	0	0	N	N	N	Y	N	N	N	N	N	N	N	N	0.0000	0.0000	0.0000	0.0000	0.0000	0.0000	0.0000	0.0000	0.0000	0.0000	0.0000	0.0000	0.0000	0.0000	0.0000	0.0000	0.0828	0.0457	0.1239	0.1890	0.1890	0.0000	0.0674	0.0000	0.1239	2.4500	0.0000	0.0000	1.0000	0.9991	2.2091	0.0040	0.0000	0.0000	0.0000	0.0000	0.0000	0.0000	0.0000	0.0000	0.0000	0.0002	0.0001	0.0002	0.0001	0.0001	0.0000	0.0002	0.0000	0.0002	0.0051	0.0043	0.0008	0.0000	0.0000	0.0000	0.0051	0.0043	0.0008	0.0029	0.0015	0.0014	0.0004	0.0004	0.0000	0.0025	0.0012	0.0014	0.0000	0.0000	0.0000	0.0000	0.0000	0.0000	0.0000	0.0000	0.0000	0.0828	0.0457	0.1239	0.1890	0.1890	0.0000	0.0674	0.0000	0.1239			
12	17	0.1023	13	1	1	1	1	0	0	0	0	N	N	N	N	N	N	N	N	N	N	N	N	0.0000	0.0000	0.0000	0.0000	0.0000	0.0000	0.0000	0.0000	0.0000	0.0000	0.0000	0.0000	0.0000	0.0000	0.0000	0.0000	0.0000	0.0000	0.0000	0.0000	1.0000	1.0000	2.2091	1.0003	0.0000	0.0000	0.0000	0.0000	0.0000	0.0000	0.0000	0.0000	0.0000	0.0000	0.0000	0.0000	0.0000	0.0000	0.0000	0.0000	0.0000	0.0000	0.0048	0.0041	0.0008	0.0005	0.0005	0.0000	0.0043	0.0036	0.0007	0.0037	0.0022	0.0016	0.0011	0.0010	0.0002	0.0026	0.0012	0.0014	0.0000	0.0000	0.0000	0.0000	0.0000	0.0000	0.0000	0.0000	0.0000	0.0000	0.0000	0.0000	0.0000	0.0000	0.0000	0.0000	0.0000	0.0000											
12	18	0.0486	11	0	2	0	1	0	0	0	0	N	Y	N	N	N	N	N	N	N	N	N	N	0.0000	0.0000	0.0000	0.0000	0.0000	0.0000	0.0000	0.0000	0.0000	0.0000	0.0000	0.0000	0.0000	0.0000	0.0000	0.0002	0.0000	0.0000	0.0000	0.0001	0.0000	0.0002	inf	0.0000	0.0000	1.0000	0.0005	2.2091	9.9413	0.0000	0.0000	0.0000	0.0000	0.0000	0.0000	0.0000	0.0000	0.0000	0.0000	0.0000	0.0000	0.0000	0.0000	0.0000	0.0000	0.0000	0.0000	0.0032	0.0029	0.0003	0.0031	0.0028	0.0003	0.0001	0.0001	0.0000	0.0494	0.0359	0.0135	0.0211	0.0201	0.0011	0.0283	0.0158	0.0125	0.0000	0.0000	0.0000	0.0000	0.0000	0.0000	0.0000	0.0000	0.0000	0.0000	0.0000	0.0002	0.0000	0.0000	0.0000	0.0001	0.0000	0.0002						
12	19	0.0723	12	1	2	0	1	0	0	0	0	N	Y	N	N	N	N	N	N	N	N	N	N	0.0000	0.0000	0.0000	0.0000	0.0000	0.0000	0.0000	0.0000	0.0000	0.0000	0.0000	0.0000	0.0000	0.0004	0.0000	0.0011	0.0000	0.0000	0.0000	0.0006	0.0000	0.0012	inf	0.0000	0.0000	1.0000	4.7901	2.2091	15.0000	0.0000	0.0000	0.0000	0.0000	0.0000	0.0000	0.0000	0.0000	0.0000	0.0000	0.0000	0.0000	0.0000	0.0000	0.0000	0.0000	0.0000	0.0000	0.0242	0.0205	0.0037	0.0026	0.0024	0.0003	0.0216	0.0181	0.0035	0.0496	0.0308	0.0188	0.0177	0.0159	0.0019	0.0318	0.0149	0.0169	0.0000	0.0000	0.0000	0.0000	0.0000	0.0000	0.0000	0.0000	0.0000	0.0004	0.0000	0.0011	0.0000	0.0000	0.0000	0.0006	0.0000	0.0012						
12	20	0.0693	11	1	2	0	1	0	0	0	0	N	Y	N	N	N	N	N	N	N	N	N	N	0.0000	0.0000	0.0000	0.0000	0.0000	0.0000	0.0000	0.0000	0.0000	0.0000	0.0000	0.0000	0.0000	0.0017	0.0028	0.0000	0.0051	0.0055	0.0000	0.0000	0.0000	0.0000	0.0000	0.0000	-0.0000	1.0000	1.2170	2.2091	3.4655	0.0000	0.0000	0.0000	0.0000	0.0000	0.0000	0.0000	0.0000	0.0000	0.0000	0.0000	0.0000	0.0000	0.0000	0.0000	0.0000	0.0000	0.0000	0.0060	0.0051	0.0009	0.0005	0.0004	0.0000	0.0056	0.0047	0.0009	0.0120	0.0071	0.0049	0.0039	0.0036	0.0003	0.0081	0.0035	0.0046	0.0000	0.0000	0.0000	0.0000	0.0000	0.0000	0.0000	0.0000	0.0000	0.0017	0.0028	0.0000	0.0051	0.0055	0.0000	0.0000	0.0000	0.0000						
12	21	0.0825	13	0	2	0	1	0	0	0	0	N	Y	N	N	N	N	N	N	N	N	N	N	0.0000	0.0000	0.0000	0.0000	0.0000	0.0000	0.0000	0.0000	0.0000	0.0000	0.0000	0.0000	0.0000	0.0000	0.0000	0.0000	0.0000	0.0000	0.0000	0.0000	1.0000	2.0000	2.2091	11.9921	0.0000	0.0000	0.0000	0.0000	0.0000	0.0000	0.0000	0.0000	0.0000	0.0000	0.0000	0.0000	0.0000	0.0000	0.0000	0.0000	0.0000	0.0000	0.0097	0.0082	0.0015	0.0006	0.0006	0.0000	0.0090	0.0076	0.0015	0.0296	0.0178	0.0117	0.0101	0.0087	0.0014	0.0194	0.0091	0.0103	0.0000	0.0000	0.0000	0.0000	0.0000	0.0000	0.0000	0.0000	0.0000	0.0000	0.0000	0.0000	0.0000	0.0000	0.0000	0.0000	0.0000	0.0000											
12	22	0.0693	11	0	2	0	1	0	0	0	0	N	Y	N	N	N	N	N	N	N	N	N	N	0.0000	0.0000	0.0000	0.0000	0.0000	0.0000	0.0000	0.0000	0.0000	0.0000	0.0000	0.0000	0.0000	0.0000	0.0000	0.0000	0.0000	0.0000	0.0000	0.0000	1.0000	2.9966	2.2091	14.0927	0.0000	0.0000	0.0000	0.0000	0.0000	0.0000	0.0000	0.0000	0.0000	0.0000	0.0000	0.0000	0.0000	0.0000	0.0000	0.0000	0.0000	0.0000	0.0146	0.0124	0.0022	0.0010	0.0010	0.0001	0.0136	0.0114	0.0022	0.0361	0.0213	0.0148	0.0107	0.0095	0.0011	0.0254	0.0118	0.0136	0.0000	0.0000	0.0000	0.0000	0.0000	0.0000	0.0000	0.0000	0.0000	0.0000	0.0000	0.0000	0.0000	0.0000	0.0000	0.0000	0.0000	0.0000											
12	23	0.0423	10	0	2	1	2	0	0	0	0	N	Y	N	Y	N	N	N	N	N	N	N	N	0.0000	0.0000	0.0000	0.0000	0.0000	0.0000	0.0000	0.0000	0.0000	0.0000	0.0000	0.0000	0.0000	0.0000	0.0000	0.0000	0.0000	0.0000	0.0000	0.0000	1.0000	0.3092	2.2091	0.1355	0.0000	0.0000	0.0000	0.0000	0.0000	0.0000	0.0000	0.0000	0.0000	0.0000	0.0000	0.0000	0.0000	0.0000	0.0000	0.0000	0.0000	0.0000	0.0024	0.0020	0.0004	0.0007	0.0007	0.0000	0.0017	0.0014	0.0004	0.0016	0.0010	0.0006	0.0005	0.0005	0.0000	0.0011	0.0005	0.0005	0.0000	0.0000	0.0000	0.0000	0.0000	0.0000	0.0000	0.0000	0.0000	0.0000	0.0000	0.0000	0.0000	0.0000	0.0000	0.0000	0.0000	0.0000											
12	24	0.0316	9	0	1	0	2	0	0	0	0	N	N	N	Y	N	N	N	N	N	N	N	N	0.0000	0.0000	0.0000	0.0000	0.0000	0.0000	0.0000	0.0000	0.0000	0.0000	0.0000	0.0000	0.0000	0.0000	0.0000	26.6905	43.6108	0.0000	0.0014	0.0016	0.0000	30.1695	59.8668	0.0000	0.0000	0.0000	-0.6146	1.0000	6.2779	2.2091	13.9173	0.0000	0.0000	0.0000	0.0000	0.0000	0.0000	0.0000	0.0000	0.0000	0.9998	0.9998	0.0000	0.0000	0.0000	0.0000	0.9998	0.9998	0.0000	0.0298	0.0252	0.0046	0.0040	0.0039	0.0002	0.0257	0.0213	0.0044	0.0402	0.0229	0.0172	0.0070	0.0062	0.0008	0.0331	0.0167	0.0164	0.0000	0.0000	0.0000	0.0000	0.0000	0.0000	0.0000	0.0000	0.0000	24.8999	43.6108	0.0000	0.0014	0.0016	0.0000	30.1695	59.8668	0.0000				
12	25	0.0448	12	0	2	0	1	0	0	0	0	N	Y	N	N	N	N	N	N	N	N	N	N	0.0000	0.0000	0.0000	0.0000	0.0000	0.0000	0.0000	0.0000	0.0000	0.0000	0.0000	0.0000	0.0000	0.0004	0.0000	0.0011	0.0000	0.0000	0.0000	0.0006	0.0000	0.0012	inf	0.0000	0.0000	1.0000	3.8932	2.2091	15.3303	0.0000	0.0000	0.0000	0.0000	0.0000	0.0000	0.0000	0.0000	0.0000	0.0000	0.0000	0.0000	0.0000	0.0000	0.0000	0.0000	0.0000	0.0000	0.0213	0.0182	0.0031	0.0027	0.0026	0.0001	0.0186	0.0156	0.0030	0.0509	0.0324	0.0185	0.0177	0.0164	0.0013	0.0332	0.0160	0.0172	0.0000	0.0000	0.0000	0.0000	0.0000	0.0000	0.0000	0.0000	0.0000	0.0004	0.0000	0.0011	0.0000	0.0000	0.0000	0.0006	0.0000	0.0012						
12	26	0.0265	8	0	2	0	2	0	0	0	0	N	Y	N	Y	N	N	N	N	N	N	N	N	0.0000	0.0000	0.0000	0.0000	0.0000	0.0000	0.0000	0.0000	0.0000	0.0000	0.0000	0.0000	0.0000	0.0000	0.0000	0.0000	0.0000	0.0000	0.0000	0.0000	1.0000	4.2937	2.2091	9.5692	0.0000	0.0000	0.0000	0.0000	0.0000	0.0000	0.0000	0.0000	0.0000	0.0000	0.0000	0.0000	0.0000	0.0000	0.0000	0.0000	0.0000	0.0000	0.0265	0.0226	0.0039	0.0048	0.0047	0.0001	0.0217	0.0179	0.0038	0.0344	0.0195	0.0149	0.0078	0.0072	0.0006	0.0266	0.0123	0.0143	0.0000	0.0000	0.0000	0.0000	0.0000	0.0000	0.0000	0.0000	0.0000	0.0000	0.0000	0.0000	0.0000	0.0000	0.0000	0.0000	0.0000	0.0000											
12	27	0.0361	10	1	2	0	1	0	0	0	0	N	Y	N	N	N	N	N	N	N	N	N	N	0.0000	0.0000	0.0000	0.0000	0.0000	0.0000	0.0000	0.0000	0.0000	0.0000	0.0000	0.0000	0.0000	0.0000	0.0000	0.0000	0.0000	0.0000	0.0000	0.0000	1.0000	16.0000	2.2091	34.8566	0.0000	0.0000	0.0000	0.0000	0.0000	0.0000	0.0000	0.0000	0.0000	0.0000	0.0000	0.0000	0.0000	0.0000	0.0000	0.0000	0.0000	0.0000	0.0733	0.0621	0.0113	0.0053	0.0050	0.0004	0.0680	0.0571	0.0109	0.0956	0.0563	0.0393	0.0240	0.0215	0.0025	0.0717	0.0348	0.0368	0.0000	0.0000	0.0000	0.0000	0.0000	0.0000	0.0000	0.0000	0.0000	0.0000	0.0000	0.0000	0.0000	0.0000	0.0000	0.0000	0.0000	0.0000											
12	28	0.0280	6	0	1	1	1	0	0	0	0	N	N	N	N	N	N	N	N	N	N	N	N	0.0000	0.0000	0.0000	0.0000	0.0000	0.0000	0.0000	0.0000	0.0000	0.0000	0.0000	0.0000	0.0000	0.0000	0.0000	0.0000	0.0000	0.0000	0.0000	0.0000	1.0000	0.0000	2.2091	3.0088	0.0000	0.0000	0.0000	0.0000	0.0000	0.0000	0.0000	0.0000	0.0000	0.0000	0.0000	0.0000	0.0000	0.0000	0.0000	0.0000	0.0000	0.0000	0.0000	0.0000	0.0000	0.0000	0.0000	0.0000	0.0000	0.0000	0.0000	0.0066	0.0038	0.0029	0.0012	0.0011	0.0001	0.0054	0.0027	0.0027	0.0000	0.0000	0.0000	0.0000	0.0000	0.0000	0.0000	0.0000	0.0000	0.0000	0.0000	0.0000	0.0000	0.0000	0.0000	0.0000	0.0000	0.0000											
12	29	0.0185	5	0	2	0	1	0	0	0	0	N	Y	N	N	N	N	N	N	N	N	N	N	0.0000	0.0000	0.0000	0.0000	0.0000	0.0000	0.0000	0.0000	0.0000	0.0000	0.0000	0.0000	0.0000	0.0005	0.0000	0.0011	0.0000	0.0000	0.0000	0.0005	0.0000	0.0011	inf	0.0000	0.0000	1.0000	5.0749	2.2091	14.8264	0.0000	0.0000	0.0000	0.0000	0.0000	0.0000	0.0000	0.0000	0.0000	0.0000	0.0000	0.0000	0.0000	0.0000	0.0000	0.0000	0.0000	0.0000	0.0258	0.0217	0.0041	0.0008	0.0007	0.0000	0.0251	0.0210	0.0041	0.0433	0.0246	0.0188	0.0068	0.0062	0.0006	0.0365	0.0184	0.0181	0.0000	0.0000	0.0000	0.0000	0.0000	0.0000	0.0000	0.0000	0.0000	0.0005	0.0000	0.0011	0.0000	0.0000	0.0000	0.0005	0.0000	0.0011						
12	30	0.0693	11	1	1	1	1	0	0	0	0	N	N	N	N	N	N	N	N	N	N	N	N	0.0000	0.0000	0.0000	0.0000	0.0000	0.0000	0.0000	0.0000	0.0000	0.0000	0.0000	0.0000	0.0000	0.0000	0.0000	0.0000	0.0000	0.0000	0.0000	0.0000	1.0000	5.9956	2.2091	15.0927	0.0000	0.0000	0.0000	0.0000	0.0000	0.0000	0.0000	0.0000	0.0000	0.0000	0.0000	0.0000	0.0000	0.0000	0.0000	0.0000	0.0000	0.0000	0.0287	0.0243	0.0044	0.0020	0.0019	0.0001	0.0267	0.0224	0.0043	0.0435	0.0256	0.0178	0.0127	0.0113	0.0014	0.0308	0.0143	0.0164	0.0000	0.0000	0.0000	0.0000	0.0000	0.0000	0.0000	0.0000	0.0000	0.0000	0.0000	0.0000	0.0000	0.0000	0.0000	0.0000	0.0000	0.0000											
12	31	0.0316	9	0	2	0	1	0	0	0	0	N	Y	N	N	N	N	N	N	N	N	N	N	0.0000	0.0000	0.0000	0.0000	0.0000	0.0000	0.0000	0.0000	0.0000	0.0000	0.0000	0.0000	0.0000	0.0132	0.0231	0.0000	0.0712	0.0794	0.0000	0.0000	0.0000	0.0000	0.0000	0.0000	-0.0002	1.0000	1.4218	2.2091	7.0463	0.0000	0.0000	0.0000	0.0000	0.0000	0.0000	0.0000	0.0000	0.0000	0.0003	0.0003	0.0000	0.0003	0.0003	0.0000	0.0000	0.0000	0.0000	0.0094	0.0079	0.0015	0.0021	0.0020	0.0000	0.0073	0.0058	0.0015	0.0189	0.0108	0.0081	0.0035	0.0031	0.0004	0.0154	0.0077	0.0077	0.0000	0.0000	0.0000	0.0000	0.0000	0.0000	0.0000	0.0000	0.0000	0.0132	0.0231	0.0000	0.0712	0.0794	0.0000	0.0000	0.0000	0.0000						
12	32	0.0265	8	0	1	0	1	0	0	0	0	N	N	N	N	N	N	N	N	N	N	N	N	0.0000	0.0000	0.0000	0.0000	0.0000	0.0000	0.0000	0.0000	0.0000	0.0000	0.0000	0.0000	0.0000	0.0000	0.0000	0.0094	0.0160	0.0009	0.0000	0.0000	0.0000	0.0125	0.0269	0.0009	0.0417	0.0000	-0.0001	1.0000	4.3312	2.2091	5.5221	0.0000	0.0000	0.0000	0.0000	0.0000	0.0000	0.0000	0.0000	0.0000	0.0003	0.0002	0.0000	0.0000	0.0000	0.0000	0.0003	0.0002	0.0000	0.0267	0.0228	0.0040	0.0048	0.0047	0.0001	0.0219	0.0180	0.0039	0.0265	0.0150	0.0115	0.0065	0.0061	0.0004	0.0200	0.0089	0.0111	0.0000	0.0000	0.0000	0.0000	0.0000	0.0000	0.0000	0.0000	0.0000	0.0094	0.0160	0.0009	0.0000	0.0000	0.0000	0.0125	0.0269	0.0009				
12	33	0.0240	7	0	1	0	1	0	0	0	0	N	N	N	N	N	N	N	N	N	N	N	N	0.0000	0.0000	0.0000	0.0000	0.0000	0.0000	0.0000	0.0000	0.0000	0.0000	0.0000	0.0000	0.0000	0.0005	0.0010	0.0000	0.0029	0.0032	0.0000	0.0000	0.0000	0.0000	0.0000	0.0000	-0.0000	1.0000	4.2685	2.2091	3.7703	0.0000	0.0000	0.0000	0.0000	0.0000	0.0000	0.0000	0.0000	0.0000	0.0000	0.0000	0.0000	0.0000	0.0000	0.0000	0.0000	0.0000	0.0000	0.0248	0.0210	0.0037	0.0032	0.0032	0.0001	0.0215	0.0179	0.0037	0.0184	0.0105	0.0079	0.0034	0.0032	0.0003	0.0150	0.0073	0.0076	0.0000	0.0000	0.0000	0.0000	0.0000	0.0000	0.0000	0.0000	0.0000	0.0005	0.0010	0.0000	0.0029	0.0032	0.0000	0.0000	0.0000	0.0000						
12	34	0.0693	11	1	1	1	1	0	0	0	0	N	N	N	N	N	N	N	N	N	N	N	N	0.0000	0.0000	0.0000	0.0000	0.0000	0.0000	0.0000	0.0000	0.0000	0.0000	0.0000	0.0000	0.0000	0.0000	0.0000	0.0000	0.0000	0.0000	0.0000	0.0000	1.0000	4.9966	2.2091	15.0870	0.0000	0.0000	0.0000	0.0000	0.0000	0.0000	0.0000	0.0000	0.0000	0.0000	0.0000	0.0000	0.0000	0.0000	0.0000	0.0000	0.0000	0.0000	0.0241	0.0204	0.0037	0.0017	0.0016	0.0001	0.0224	0.0188	0.0036	0.0416	0.0246	0.0171	0.0122	0.0109	0.0013	0.0294	0.0137	0.0157	0.0000	0.0000	0.0000	0.0000	0.0000	0.0000	0.0000	0.0000	0.0000	0.0000	0.0000	0.0000	0.0000	0.0000	0.0000	0.0000	0.0000	0.0000											
12	35	0.0280	6	0	2	0	1	0	0	0	0	N	Y	N	N	N	N	N	N	N	N	N	N	0.0000	0.0000	0.0000	0.0000	0.0000	0.0000	0.0000	0.0000	0.0000	0.0000	0.0000	0.0000	0.0000	0.0000	0.0000	0.0000	0.0000	0.0000	0.0000	0.0000	1.0000	1.0000	2.2091	1.0102	0.0000	0.0000	0.0000	0.0000	0.0000	0.0000	0.0000	0.0000	0.0000	0.0000	0.0000	0.0000	0.0000	0.0000	0.0000	0.0000	0.0000	0.0000	0.0046	0.0039	0.0007	0.0002	0.0002	0.0000	0.0044	0.0037	0.0006	0.0045	0.0025	0.0019	0.0008	0.0007	0.0001	0.0036	0.0018	0.0018	0.0000	0.0000	0.0000	0.0000	0.0000	0.0000	0.0000	0.0000	0.0000	0.0000	0.0000	0.0000	0.0000	0.0000	0.0000	0.0000	0.0000	0.0000											
12	36	0.0280	5	0	1	0	1	0	0	0	0	N	N	N	N	N	N	N	N	N	N	N	N	0.0000	0.0000	0.0000	0.0000	0.0000	0.0000	0.0000	0.0000	0.0000	0.0000	0.0000	0.0000	0.0000	0.0000	0.0000	0.0000	0.0000	0.0000	0.0000	0.0000	1.0000	0.0000	2.2091	0.0263	0.0000	0.0000	0.0000	0.0000	0.0000	0.0000	0.0000	0.0000	0.0000	0.0000	0.0000	0.0000	0.0000	0.0000	0.0000	0.0000	0.0000	0.0000	0.0000	0.0000	0.0000	0.0000	0.0000	0.0000	0.0000	0.0000	0.0000	0.0001	0.0000	0.0000	0.0000	0.0000	0.0000	0.0001	0.0000	0.0000	0.0000	0.0000	0.0000	0.0000	0.0000	0.0000	0.0000	0.0000	0.0000	0.0000	0.0000	0.0000	0.0000	0.0000	0.0000	0.0000	0.0000	0.0000											
12	37	0.1023	12	1	2	1	1	0	0	0	0	N	Y	N	N	N	N	N	N	N	N	N	N	0.0000	0.0000	0.0000	0.0000	0.0000	0.0000	0.0000	0.0000	0.0000	0.0000	0.0000	0.0000	0.0000	0.0000	0.0000	0.0000	0.0000	0.0000	0.0000	0.0000	1.0000	3.0000	2.2091	5.0002	0.0000	0.0000	0.0000	0.0000	0.0000	0.0000	0.0000	0.0000	0.0000	0.0000	0.0000	0.0000	0.0000	0.0000	0.0000	0.0000	0.0000	0.0000	0.0143	0.0121	0.0022	0.0015	0.0014	0.0001	0.0128	0.0107	0.0021	0.0146	0.0085	0.0061	0.0043	0.0037	0.0006	0.0102	0.0047	0.0055	0.0000	0.0000	0.0000	0.0000	0.0000	0.0000	0.0000	0.0000	0.0000	0.0000	0.0000	0.0000	0.0000	0.0000	0.0000	0.0000	0.0000	0.0000											
12	38	0.0697	14	1	2	0	1	0	0	0	0	N	Y	N	N	N	N	N	N	N	N	N	N	0.0000	0.0000	0.0000	0.0000	0.0000	0.0000	0.0000	0.0000	0.0000	0.0000	0.0000	0.0000	0.0000	0.0000	0.0000	0.0000	0.0000	0.0000	0.0000	0.0000	1.0000	0.0001	2.2091	0.1668	0.0000	0.0000	0.0000	0.0000	0.0000	0.0000	0.0000	0.0000	0.0000	0.0000	0.0000	0.0000	0.0000	0.0000	0.0000	0.0000	0.0000	0.0000	0.0000	0.0000	0.0000	0.0000	0.0000	0.0000	0.0000	0.0000	0.0000	0.0027	0.0021	0.0007	0.0013	0.0013	0.0000	0.0014	0.0008	0.0006	0.0000	0.0000	0.0000	0.0000	0.0000	0.0000	0.0000	0.0000	0.0000	0.0000	0.0000	0.0000	0.0000	0.0000	0.0000	0.0000	0.0000	0.0000											
12	39	0.0147	3	0	1	0	2	0	0	0	0	N	N	N	Y	N	N	N	N	N	N	N	N	0.0000	0.0000	0.0000	0.0000	0.0000	0.0000	0.0000	0.0000	0.0000	0.0000	0.0000	0.0000	0.0000	0.0000	0.0000	0.0000	0.0000	0.0000	0.0000	0.0000	1.0000	1.7673	2.2091	9.0239	0.0000	0.0000	0.0000	0.0000	0.0000	0.0000	0.0000	0.0000	0.0000	0.0000	0.0000	0.0000	0.0000	0.0000	0.0000	0.0000	0.0000	0.0000	0.0142	0.0124	0.0018	0.0034	0.0033	0.0001	0.0108	0.0091	0.0017	0.0359	0.0224	0.0134	0.0094	0.0090	0.0004	0.0265	0.0134	0.0131	0.0000	0.0000	0.0000	0.0000	0.0000	0.0000	0.0000	0.0000	0.0000	0.0000	0.0000	0.0000	0.0000	0.0000	0.0000	0.0000	0.0000	0.0000											
12	41	0.0878	16	0	2	1	1	0	0	0	0	N	Y	N	N	N	N	N	N	N	N	N	N	0.0000	0.0000	0.0000	0.0000	0.0000	0.0000	0.0000	0.0000	0.0000	0.0000	0.0000	0.0000	0.0000	0.0000	0.0000	0.0000	0.0000	0.0000	0.0000	0.0000	1.0000	0.9997	2.2091	10.1790	0.0000	0.0000	0.0000	0.0000	0.0000	0.0000	0.0000	0.0000	0.0000	0.0000	0.0000	0.0000	0.0000	0.0000	0.0000	0.0000	0.0000	0.0000	0.0049	0.0042	0.0008	0.0004	0.0003	0.0000	0.0046	0.0038	0.0007	0.0300	0.0186	0.0114	0.0113	0.0099	0.0014	0.0187	0.0087	0.0100	0.0000	0.0000	0.0000	0.0000	0.0000	0.0000	0.0000	0.0000	0.0000	0.0000	0.0000	0.0000	0.0000	0.0000	0.0000	0.0000	0.0000	0.0000											
12	42	0.0867	15	0	2	0	1	0	0	0	0	N	Y	N	N	N	N	N	N	N	N	N	N	0.0000	0.0000	0.0000	0.0000	0.0000	0.0000	0.0000	0.0000	0.0000	0.0000	0.0000	0.0000	0.0000	0.0000	0.0000	0.0000	0.0000	0.0000	0.0000	0.0000	1.0000	0.0007	2.2091	0.9413	0.0000	0.0000	0.0000	0.0000	0.0000	0.0000	0.0000	0.0000	0.0000	0.0000	0.0000	0.0000	0.0000	0.0000	0.0000	0.0000	0.0000	0.0000	0.0000	0.0000	0.0000	0.0000	0.0000	0.0000	0.0000	0.0000	0.0000	0.0029	0.0017	0.0012	0.0011	0.0010	0.0001	0.0018	0.0007	0.0011	0.0000	0.0000	0.0000	0.0000	0.0000	0.0000	0.0000	0.0000	0.0000	0.0000	0.0000	0.0000	0.0000	0.0000	0.0000	0.0000	0.0000	0.0000											
12	43	0.0693	11	1	1	1	1	0	0	0	0	N	N	N	N	N	N	N	N	N	N	N	N	0.0000	0.0000	0.0000	0.0000	0.0000	0.0000	0.0000	0.0000	0.0000	0.0000	0.0000	0.0000	0.0000	0.0000	0.0000	0.0000	0.0000	0.0000	0.0000	0.0000	1.0000	1.9995	2.2091	12.0029	0.0000	0.0000	0.0000	0.0000	0.0000	0.0000	0.0000	0.0000	0.0000	0.0000	0.0000	0.0000	0.0000	0.0000	0.0000	0.0000	0.0000	0.0000	0.0098	0.0083	0.0015	0.0007	0.0007	0.0000	0.0091	0.0076	0.0015	0.0302	0.0179	0.0124	0.0090	0.0081	0.0009	0.0212	0.0098	0.0114	0.0000	0.0000	0.0000	0.0000	0.0000	0.0000	0.0000	0.0000	0.0000	0.0000	0.0000	0.0000	0.0000	0.0000	0.0000	0.0000	0.0000	0.0000											
12	44	0.0361	10	1	2	0	1	0	0	0	0	N	Y	N	N	N	N	N	N	N	N	N	N	0.0000	0.0000	0.0000	0.0000	0.0000	0.0000	0.0000	0.0000	0.0000	0.0000	0.0000	0.0000	0.0000	0.0000	0.0000	0.0000	0.0000	0.0000	0.0000	0.0000	1.0000	10.0000	2.2091	26.8440	0.0000	0.0000	0.0000	0.0000	0.0000	0.0000	0.0000	0.0000	0.0000	0.0000	0.0000	0.0000	0.0000	0.0000	0.0000	0.0000	0.0000	0.0000	0.0469	0.0397	0.0073	0.0034	0.0032	0.0002	0.0435	0.0365	0.0070	0.0729	0.0430	0.0299	0.0187	0.0168	0.0019	0.0543	0.0262	0.0280	0.0000	0.0000	0.0000	0.0000	0.0000	0.0000	0.0000	0.0000	0.0000	0.0000	0.0000	0.0000	0.0000	0.0000	0.0000	0.0000	0.0000	0.0000											
12	45	0.0867	15	0	2	0	1	0	0	0	0	N	Y	N	N	N	N	N	N	N	N	N	N	0.0000	0.0000	0.0000	0.0000	0.0000	0.0000	0.0000	0.0000	0.0000	0.0000	0.0000	0.0000	0.0000	0.0000	0.0000	0.0000	0.0000	0.0000	0.0000	0.0000	1.0000	3.0000	2.2091	5.0456	0.0000	0.0000	0.0000	0.0000	0.0000	0.0000	0.0000	0.0000	0.0000	0.0000	0.0000	0.0000	0.0000	0.0000	0.0000	0.0000	0.0000	0.0000	0.0147	0.0124	0.0023	0.0011	0.0010	0.0001	0.0136	0.0114	0.0022	0.0169	0.0098	0.0071	0.0055	0.0046	0.0008	0.0115	0.0052	0.0063	0.0000	0.0000	0.0000	0.0000	0.0000	0.0000	0.0000	0.0000	0.0000	0.0000	0.0000	0.0000	0.0000	0.0000	0.0000	0.0000	0.0000	0.0000											
12	46	0.0825	14	0	2	0	1	0	0	0	0	N	Y	N	N	N	N	N	N	N	N	N	N	0.0000	0.0000	0.0000	0.0000	0.0000	0.0000	0.0000	0.0000	0.0000	0.0000	0.0000	0.0000	0.0000	0.0000	0.0000	0.0000	0.0000	0.0000	0.0000	0.0000	1.0000	2.0000	2.2091	1.0030	0.0000	0.0000	0.0000	0.0000	0.0000	0.0000	0.0000	0.0000	0.0000	0.0000	0.0000	0.0000	0.0000	0.0000	0.0000	0.0000	0.0000	0.0000	0.0097	0.0082	0.0015	0.0006	0.0006	0.0000	0.0090	0.0076	0.0015	0.0068	0.0041	0.0027	0.0024	0.0021	0.0003	0.0044	0.0021	0.0023	0.0000	0.0000	0.0000	0.0000	0.0000	0.0000	0.0000	0.0000	0.0000	0.0000	0.0000	0.0000	0.0000	0.0000	0.0000	0.0000	0.0000	0.0000											
12	47	0.0825	13	0	2	0	1	0	0	0	0	N	Y	N	N	N	N	N	N	N	N	N	N	0.0000	0.0000	0.0000	0.0000	0.0000	0.0000	0.0000	0.0000	0.0000	0.0000	0.0000	0.0000	0.0000	0.0000	0.0000	0.0000	0.0000	0.0000	0.0000	0.0000	1.0000	0.0000	2.2091	0.0582	0.0000	0.0000	0.0000	0.0000	0.0000	0.0000	0.0000	0.0000	0.0000	0.0000	0.0000	0.0000	0.0000	0.0000	0.0000	0.0000	0.0000	0.0000	0.0000	0.0000	0.0000	0.0000	0.0000	0.0000	0.0000	0.0000	0.0000	0.0004	0.0003	0.0001	0.0002	0.0002	0.0000	0.0002	0.0001	0.0001	0.0000	0.0000	0.0000	0.0000	0.0000	0.0000	0.0000	0.0000	0.0000	0.0000	0.0000	0.0000	0.0000	0.0000	0.0000	0.0000	0.0000	0.0000											
12	48	0.0787	12	0	2	0	1	0	0	0	0	N	Y	N	N	N	N	N	N	N	N	N	N	0.0000	0.0000	0.0000	0.0000	0.0000	0.0000	0.0000	0.0000	0.0000	0.0000	0.0000	0.0000	0.0000	0.0000	0.0000	0.0000	0.0000	0.0000	0.0000	0.0000	1.0000	0.0018	2.2091	3.9096	0.0000	0.0000	0.0000	0.0000	0.0000	0.0000	0.0000	0.0000	0.0000	0.0000	0.0000	0.0000	0.0000	0.0000	0.0000	0.0000	0.0000	0.0000	0.0000	0.0000	0.0000	0.0000	0.0000	0.0000	0.0000	0.0000	0.0000	0.0126	0.0086	0.0041	0.0051	0.0046	0.0005	0.0076	0.0040	0.0036	0.0000	0.0000	0.0000	0.0000	0.0000	0.0000	0.0000	0.0000	0.0000	0.0000	0.0000	0.0000	0.0000	0.0000	0.0000	0.0000	0.0000	0.0000											
12	49	0.0693	11	0	2	0	1	0	0	0	0	N	Y	N	N	N	N	N	N	N	N	N	N	0.0000	0.0000	0.0000	0.0000	0.0000	0.0000	0.0000	0.0000	0.0000	0.0000	0.0000	0.0000	0.0000	0.0000	0.0000	0.0000	0.0000	0.0000	0.0000	0.0000	1.0000	2.0031	2.2091	6.0601	0.0000	0.0000	0.0000	0.0000	0.0000	0.0000	0.0000	0.0000	0.0000	0.0000	0.0000	0.0000	0.0000	0.0000	0.0000	0.0000	0.0000	0.0000	0.0098	0.0083	0.0015	0.0007	0.0007	0.0000	0.0091	0.0076	0.0015	0.0187	0.0111	0.0077	0.0058	0.0053	0.0006	0.0129	0.0058	0.0071	0.0000	0.0000	0.0000	0.0000	0.0000	0.0000	0.0000	0.0000	0.0000	0.0000	0.0000	0.0000	0.0000	0.0000	0.0000	0.0000	0.0000	0.0000											
12	50	0.0280	5	0	1	1	1	0	0	0	0	N	N	N	N	N	N	N	N	N	N	N	N	0.0000	0.0000	0.0000	0.0000	0.0000	0.0000	0.0000	0.0000	0.0000	0.0000	0.0000	0.0000	0.0000	0.0000	0.0000	0.0000	0.0000	0.0000	0.0000	0.0000	1.0000	0.0004	2.2091	0.9852	0.0000	0.0000	0.0000	0.0000	0.0000	0.0000	0.0000	0.0000	0.0000	0.0000	0.0000	0.0000	0.0000	0.0000	0.0000	0.0000	0.0000	0.0000	0.0000	0.0000	0.0000	0.0000	0.0000	0.0000	0.0000	0.0000	0.0000	0.0022	0.0012	0.0010	0.0004	0.0003	0.0000	0.0019	0.0009	0.0009	0.0000	0.0000	0.0000	0.0000	0.0000	0.0000	0.0000	0.0000	0.0000	0.0000	0.0000	0.0000	0.0000	0.0000	0.0000	0.0000	0.0000	0.0000											
12	51	0.0171	4	0	1	0	1	0	0	0	0	N	N	N	N	N	N	N	N	N	N	N	N	0.0000	0.0000	0.0000	0.0000	0.0000	0.0000	0.0000	0.0000	0.0000	0.0000	0.0000	0.0000	0.0000	0.0114	0.0000	0.0264	0.0000	0.0000	0.0000	0.0135	0.0000	0.0272	inf	0.0000	0.0002	1.0000	10.7574	2.2091	12.9024	0.0000	0.0000	0.0000	0.0000	0.0000	0.0000	0.0000	0.0000	0.0000	0.0006	0.0000	0.0006	0.0000	0.0000	0.0000	0.0006	0.0000	0.0006	0.0549	0.0464	0.0084	0.0023	0.0022	0.0001	0.0525	0.0442	0.0083	0.0518	0.0294	0.0224	0.0082	0.0074	0.0007	0.0436	0.0219	0.0217	0.0000	0.0000	0.0000	0.0000	0.0000	0.0000	0.0000	0.0000	0.0000	0.0114	0.0000	0.0264	0.0000	0.0000	0.0000	0.0135	0.0000	0.0272						
12	56	0.0693	11	1	2	0	1	0	0	0	0	N	Y	N	N	N	N	N	N	N	N	N	N	0.0000	0.0000	0.0000	0.0000	0.0000	0.0000	0.0000	0.0000	0.0000	0.0000	0.0000	0.0000	0.0000	0.0000	0.0000	0.0000	0.0000	0.0000	0.0000	0.0000	1.0000	0.0000	2.2091	10.9971	0.0000	0.0000	0.0000	0.0000	0.0000	0.0000	0.0000	0.0000	0.0000	0.0000	0.0000	0.0000	0.0000	0.0000	0.0000	0.0000	0.0000	0.0000	0.0000	0.0000	0.0000	0.0000	0.0000	0.0000	0.0000	0.0000	0.0000	0.0245	0.0145	0.0100	0.0074	0.0067	0.0007	0.0170	0.0078	0.0093	0.0000	0.0000	0.0000	0.0000	0.0000	0.0000	0.0000	0.0000	0.0000	0.0000	0.0000	0.0000	0.0000	0.0000	0.0000	0.0000	0.0000	0.0000											
12	57	0.1245	14	0	1	0	1	0	0	0	0	N	N	N	N	N	N	N	N	N	N	N	N	0.0000	0.0000	0.0000	0.0000	0.0000	0.0000	0.0000	0.0000	0.0000	0.0000	0.0000	0.0000	0.0000	1.3977	2.1846	0.0000	3.1135	3.3625	0.0000	0.0000	0.0000	0.0000	0.0000	0.0000	-0.1209	1.0000	7.8198	2.2091	21.5823	0.0000	0.0000	0.0000	0.0000	0.0000	0.0000	0.0000	0.0000	0.0000	0.1966	0.1966	0.0000	0.1966	0.1966	0.0000	0.0000	0.0000	0.0000	0.0651	0.0574	0.0077	0.0210	0.0202	0.0008	0.0441	0.0372	0.0069	0.1407	0.0900	0.0507	0.0631	0.0585	0.0047	0.0775	0.0315	0.0460	0.0000	0.0000	0.0000	0.0000	0.0000	0.0000	0.0000	0.0000	0.0000	1.3977	2.1846	0.0000	3.1135	3.3625	0.0000	0.0000	0.0000	0.0000						
12	58	0.1050	15	1	2	1	1	0	0	0	0	N	Y	N	N	N	N	N	N	N	N	N	N	0.0000	0.0000	0.0000	0.0000	0.0000	0.0000	0.0000	0.0000	0.0000	0.0000	0.0000	0.0000	0.0000	0.0000	0.0000	0.0000	0.0000	0.0000	0.0000	0.0000	1.0000	2.0055	2.2091	11.8091	0.0000	0.0000	0.0000	0.0000	0.0000	0.0000	0.0000	0.0000	0.0000	0.0000	0.0000	0.0000	0.0000	0.0000	0.0000	0.0000	0.0000	0.0000	0.0098	0.0083	0.0015	0.0007	0.0007	0.0000	0.0090	0.0076	0.0015	0.0289	0.0178	0.0112	0.0099	0.0087	0.0011	0.0190	0.0090	0.0100	0.0000	0.0000	0.0000	0.0000	0.0000	0.0000	0.0000	0.0000	0.0000	0.0000	0.0000	0.0000	0.0000	0.0000	0.0000	0.0000	0.0000	0.0000											
12	59	0.0996	14	1	1	1	1	0	0	0	0	N	N	N	N	N	N	N	N	N	N	N	N	0.0000	0.0000	0.0000	0.0000	0.0000	0.0000	0.0000	0.0000	0.0000	0.0000	0.0000	0.0000	0.0000	0.0000	0.0000	0.0000	0.0000	0.0000	0.0000	0.0000	1.0000	1.9951	2.2091	2.5667	0.0000	0.0000	0.0000	0.0000	0.0000	0.0000	0.0000	0.0000	0.0000	0.0000	0.0000	0.0000	0.0000	0.0000	0.0000	0.0000	0.0000	0.0000	0.0097	0.0082	0.0015	0.0007	0.0007	0.0000	0.0090	0.0076	0.0015	0.0121	0.0079	0.0043	0.0047	0.0042	0.0004	0.0075	0.0036	0.0038	0.0000	0.0000	0.0000	0.0000	0.0000	0.0000	0.0000	0.0000	0.0000	0.0000	0.0000	0.0000	0.0000	0.0000	0.0000	0.0000	0.0000	0.0000											
12	60	0.0929	13	1	1	1	1	0	0	0	0	N	N	N	N	N	N	N	N	N	N	N	N	0.0000	0.0000	0.0000	0.0000	0.0000	0.0000	0.0000	0.0000	0.0000	0.0000	0.0000	0.0000	0.0000	0.0000	0.0000	0.0000	0.0000	0.0000	0.0000	0.0000	1.0000	0.0108	2.2091	3.6229	0.0000	0.0000	0.0000	0.0000	0.0000	0.0000	0.0000	0.0000	0.0000	0.0000	0.0000	0.0000	0.0000	0.0000	0.0000	0.0000	0.0000	0.0000	0.0001	0.0001	0.0000	0.0000	0.0000	0.0000	0.0001	0.0000	0.0000	0.0137	0.0104	0.0033	0.0066	0.0060	0.0007	0.0071	0.0044	0.0026	0.0000	0.0000	0.0000	0.0000	0.0000	0.0000	0.0000	0.0000	0.0000	0.0000	0.0000	0.0000	0.0000	0.0000	0.0000	0.0000	0.0000	0.0000											
12	61	0.0448	12	0	2	0	1	0	0	0	0	N	Y	N	N	N	N	N	N	N	N	N	N	0.0000	0.0000	0.0000	0.0000	0.0000	0.0000	0.0000	0.0000	0.0000	0.0000	0.0000	0.0000	0.0000	0.0000	0.0000	0.0000	0.0000	0.0000	0.0000	0.0000	1.0000	4.0917	2.2091	8.0988	0.0000	0.0000	0.0000	0.0000	0.0000	0.0000	0.0000	0.0000	0.0000	0.0000	0.0000	0.0000	0.0000	0.0000	0.0000	0.0000	0.0000	0.0000	0.0222	0.0190	0.0032	0.0028	0.0027	0.0001	0.0194	0.0163	0.0031	0.0381	0.0248	0.0133	0.0141	0.0132	0.0009	0.0240	0.0116	0.0124	0.0000	0.0000	0.0000	0.0000	0.0000	0.0000	0.0000	0.0000	0.0000	0.0000	0.0000	0.0000	0.0000	0.0000	0.0000	0.0000	0.0000	0.0000											
12	62	0.0411	11	0	2	0	1	0	0	0	0	N	Y	N	N	N	N	N	N	N	N	N	N	0.0000	0.0000	0.0000	0.0000	0.0000	0.0000	0.0000	0.0000	0.0000	0.0000	0.0000	0.0000	0.0000	0.0011	0.0018	0.0000	0.0034	0.0037	0.0000	0.0000	0.0000	0.0000	0.0000	0.0000	-0.0000	1.0000	2.1165	2.2091	5.0852	0.0000	0.0000	0.0000	0.0000	0.0000	0.0000	0.0000	0.0000	0.0000	0.0000	0.0000	0.0000	0.0000	0.0000	0.0000	0.0000	0.0000	0.0000	0.0103	0.0087	0.0016	0.0007	0.0007	0.0000	0.0095	0.0080	0.0016	0.0187	0.0110	0.0077	0.0059	0.0053	0.0005	0.0128	0.0057	0.0072	0.0000	0.0000	0.0000	0.0000	0.0000	0.0000	0.0000	0.0000	0.0000	0.0011	0.0018	0.0000	0.0034	0.0037	0.0000	0.0000	0.0000	0.0000						
12	63	0.0929	13	1	1	1	1	0	0	0	0	N	N	N	N	N	N	N	N	N	N	N	N	0.0000	0.0000	0.0000	0.0000	0.0000	0.0000	0.0000	0.0000	0.0000	0.0000	0.0000	0.0000	0.0000	0.0000	0.0000	0.0000	0.0000	0.0000	0.0000	0.0000	1.0000	3.9990	2.2091	8.8702	0.0000	0.0000	0.0000	0.0000	0.0000	0.0000	0.0000	0.0000	0.0000	0.0000	0.0000	0.0000	0.0000	0.0000	0.0000	0.0000	0.0000	0.0000	0.0191	0.0164	0.0026	0.0013	0.0012	0.0001	0.0177	0.0152	0.0025	0.0328	0.0215	0.0112	0.0123	0.0109	0.0014	0.0205	0.0106	0.0098	0.0000	0.0000	0.0000	0.0000	0.0000	0.0000	0.0000	0.0000	0.0000	0.0000	0.0000	0.0000	0.0000	0.0000	0.0000	0.0000	0.0000	0.0000											
12	64	0.0727	12	1	1	1	1	0	0	0	0	N	N	N	N	N	N	N	N	N	N	N	N	0.0000	0.0000	0.0000	0.0000	0.0000	0.0000	0.0000	0.0000	0.0000	0.0000	0.0000	0.0000	0.0000	0.0000	0.0000	0.0000	0.0005	0.0005	0.0004	0.0009	0.0010	0.0000	0.0002	0.0000	0.0004	0.4183	0.0000	-0.0000	1.0000	3.9972	2.2091	6.8232	0.0000	0.0000	0.0000	0.0000	0.0000	0.0000	0.0000	0.0000	0.0000	0.0000	0.0000	0.0000	0.0000	0.0000	0.0000	0.0000	0.0000	0.0000	0.0205	0.0174	0.0031	0.0024	0.0022	0.0002	0.0181	0.0152	0.0029	0.0302	0.0188	0.0114	0.0105	0.0098	0.0008	0.0197	0.0090	0.0107	0.0000	0.0000	0.0000	0.0000	0.0000	0.0000	0.0000	0.0000	0.0000	0.0005	0.0005	0.0004	0.0009	0.0010	0.0000	0.0002	0.0000	0.0004			
12	65	0.0487	12	0	2	0	1	0	0	0	0	N	Y	N	N	N	N	N	N	N	N	N	N	0.3455	inf	0.0000	7.2937	inf	0.0000	0.0000	0.0000	0.0008	0.0009	0.0000	0.0076	0.0082	0.0000	0.0000	0.0000	0.0000	0.0023	0.0000	0.0066	0.0010	0.0000	0.0118	0.0030	0.0000	0.0061	0.0000	inf	-0.0000	0.0001	1.0000	15.6632	2.2091	35.0639	0.0001	0.0001	0.0000	0.0001	0.0001	0.0000	0.0000	0.0000	0.0000	0.0003	0.0000	0.0003	0.0000	0.0000	0.0000	0.0002	0.0000	0.0002	0.0747	0.0634	0.0113	0.0079	0.0073	0.0006	0.0668	0.0561	0.0107	0.1171	0.0758	0.0413	0.0386	0.0352	0.0034	0.0784	0.0405	0.0379	0.3455	inf	0.0000	7.2937	inf	0.0000	0.0000	0.0000	0.0000	0.0023	0.0000	0.0066	0.0010	0.0000	0.0118	0.0030	0.0000	0.0061	
12	66	0.0487	12	0	1	1	1	0	0	0	0	N	N	N	N	N	N	N	N	N	N	N	N	0.0000	0.0000	0.0000	0.0000	0.0000	0.0000	0.0000	0.0000	0.0000	0.0000	0.0000	0.0000	0.0000	0.0000	0.0000	0.0000	0.0000	0.0000	0.0000	0.0000	1.0000	4.9998	2.2091	10.1184	0.0000	0.0000	0.0000	0.0000	0.0000	0.0000	0.0000	0.0000	0.0000	0.0000	0.0000	0.0000	0.0000	0.0000	0.0000	0.0000	0.0000	0.0000	0.0270	0.0230	0.0040	0.0047	0.0043	0.0004	0.0223	0.0187	0.0036	0.0602	0.0426	0.0176	0.0242	0.0228	0.0014	0.0360	0.0198	0.0162	0.0000	0.0000	0.0000	0.0000	0.0000	0.0000	0.0000	0.0000	0.0000	0.0000	0.0000	0.0000	0.0000	0.0000	0.0000	0.0000	0.0000	0.0000											
12	67	0.0379	10	0	2	0	1	0	0	0	0	N	Y	N	N	N	N	N	N	N	N	N	N	0.0000	0.0000	0.0000	0.0000	0.0000	0.0000	0.0000	0.0000	0.0000	0.0000	0.0000	0.0000	0.0000	0.0000	0.0000	0.0000	0.0000	0.0000	0.0000	0.0000	1.0000	10.9928	2.2091	18.5513	0.0000	0.0000	0.0000	0.0000	0.0000	0.0000	0.0000	0.0000	0.0000	0.0000	0.0000	0.0000	0.0000	0.0000	0.0000	0.0000	0.0000	0.0000	0.0515	0.0439	0.0076	0.0045	0.0041	0.0004	0.0470	0.0398	0.0072	0.0665	0.0416	0.0248	0.0160	0.0151	0.0009	0.0505	0.0266	0.0239	0.0000	0.0000	0.0000	0.0000	0.0000	0.0000	0.0000	0.0000	0.0000	0.0000	0.0000	0.0000	0.0000	0.0000	0.0000	0.0000	0.0000	0.0000											
12	68	0.0379	9	0	1	0	1	0	0	0	0	N	N	N	N	N	N	N	N	N	N	N	N	0.0000	0.0000	0.0000	0.0000	0.0000	0.0000	0.0000	0.0000	0.0000	0.0000	0.0000	0.0000	0.0000	0.0000	0.0000	0.0000	0.0000	0.0000	0.0000	0.0000	1.0000	0.0861	2.2091	1.0715	0.0000	0.0000	0.0000	0.0000	0.0000	0.0000	0.0000	0.0000	0.0000	0.0000	0.0000	0.0000	0.0000	0.0000	0.0000	0.0000	0.0000	0.0000	0.0012	0.0011	0.0001	0.0004	0.0004	0.0000	0.0007	0.0006	0.0001	0.0134	0.0101	0.0033	0.0060	0.0059	0.0000	0.0074	0.0041	0.0033	0.0000	0.0000	0.0000	0.0000	0.0000	0.0000	0.0000	0.0000	0.0000	0.0000	0.0000	0.0000	0.0000	0.0000	0.0000	0.0000	0.0000	0.0000											
12	69	0.1023	13	1	1	1	1	0	0	0	0	N	N	N	N	N	N	N	N	N	N	N	N	0.0000	0.0000	0.0000	0.0000	0.0000	0.0000	0.0000	0.0000	0.0000	0.0000	0.0000	0.0000	0.0000	0.0000	0.0000	0.0000	0.0000	0.0000	0.0000	0.0000	1.0000	1.0000	2.2091	3.0001	0.0000	0.0000	0.0000	0.0000	0.0000	0.0000	0.0000	0.0000	0.0000	0.0000	0.0000	0.0000	0.0000	0.0000	0.0000	0.0000	0.0000	0.0000	0.0048	0.0041	0.0008	0.0005	0.0005	0.0000	0.0043	0.0036	0.0007	0.0074	0.0043	0.0031	0.0022	0.0019	0.0003	0.0052	0.0024	0.0028	0.0000	0.0000	0.0000	0.0000	0.0000	0.0000	0.0000	0.0000	0.0000	0.0000	0.0000	0.0000	0.0000	0.0000	0.0000	0.0000	0.0000	0.0000											
12	70	0.1023	12	1	1	1	1	0	0	0	0	N	N	N	N	N	N	N	N	N	N	N	N	0.0000	0.0000	0.0000	0.0000	0.0000	0.0000	0.0000	0.0000	0.0000	0.0000	0.0000	0.0000	0.0000	0.0000	0.0000	0.0000	0.0000	0.0000	0.0000	0.0000	1.0000	0.0000	2.2091	0.0009	0.0000	0.0000	0.0000	0.0000	0.0000	0.0000	0.0000	0.0000	0.0000	0.0000	0.0000	0.0000	0.0000	0.0000	0.0000	0.0000	0.0000	0.0000	0.0000	0.0000	0.0000	0.0000	0.0000	0.0000	0.0000	0.0000	0.0000	0.0000	0.0000	0.0000	0.0000	0.0000	0.0000	0.0000	0.0000	0.0000	0.0000	0.0000	0.0000	0.0000	0.0000	0.0000	0.0000	0.0000	0.0000	0.0000	0.0000	0.0000	0.0000	0.0000	0.0000	0.0000	0.0000	0.0000											
12	71	0.0693	11	1	1	1	1	0	0	0	0	N	N	N	N	N	N	N	N	N	N	N	N	0.0000	0.0000	0.0000	0.0000	0.0000	0.0000	0.0000	0.0000	0.0000	0.0000	0.0000	0.0000	0.0000	0.0000	0.0000	0.0000	0.0000	0.0000	0.0000	0.0000	1.0000	9.9966	2.2091	12.9129	0.0000	0.0000	0.0000	0.0000	0.0000	0.0000	0.0000	0.0000	0.0000	0.0000	0.0000	0.0000	0.0000	0.0000	0.0000	0.0000	0.0000	0.0000	0.0471	0.0399	0.0072	0.0033	0.0030	0.0002	0.0438	0.0368	0.0070	0.0468	0.0276	0.0192	0.0136	0.0121	0.0015	0.0332	0.0155	0.0177	0.0000	0.0000	0.0000	0.0000	0.0000	0.0000	0.0000	0.0000	0.0000	0.0000	0.0000	0.0000	0.0000	0.0000	0.0000	0.0000	0.0000	0.0000											
12	72	0.0361	10	0	2	0	2	0	0	0	0	N	Y	N	Y	N	N	N	N	N	N	N	N	0.0000	0.0000	0.0000	0.0000	0.0000	0.0000	0.0000	0.0000	0.0000	0.0000	0.0000	0.0000	0.0000	0.0000	0.0000	0.0000	0.0000	0.0000	0.0000	0.0000	1.0000	13.0000	2.2091	39.1663	0.0000	0.0000	0.0000	0.0000	0.0000	0.0000	0.0000	0.0000	0.0000	0.0000	0.0000	0.0000	0.0000	0.0000	0.0000	0.0000	0.0000	0.0000	0.0603	0.0510	0.0093	0.0044	0.0041	0.0003	0.0559	0.0469	0.0090	0.0977	0.0575	0.0402	0.0245	0.0219	0.0026	0.0732	0.0356	0.0376	0.0000	0.0000	0.0000	0.0000	0.0000	0.0000	0.0000	0.0000	0.0000	0.0000	0.0000	0.0000	0.0000	0.0000	0.0000	0.0000	0.0000	0.0000											
12	73	0.0336	9	0	2	0	1	0	0	0	0	N	Y	N	N	N	N	N	N	N	N	N	N	0.0000	0.0000	0.0000	0.0000	0.0000	0.0000	0.0000	0.0000	0.0000	0.0000	0.0000	0.0000	0.0000	0.0000	0.0000	0.0000	0.0000	0.0000	0.0000	0.0000	1.0000	3.0003	2.2091	18.1082	0.0000	0.0000	0.0000	0.0000	0.0000	0.0000	0.0000	0.0000	0.0000	0.0000	0.0000	0.0000	0.0000	0.0000	0.0000	0.0000	0.0000	0.0000	0.0145	0.0122	0.0023	0.0010	0.0010	0.0001	0.0134	0.0113	0.0022	0.0529	0.0340	0.0189	0.0155	0.0143	0.0011	0.0374	0.0197	0.0178	0.0000	0.0000	0.0000	0.0000	0.0000	0.0000	0.0000	0.0000	0.0000	0.0000	0.0000	0.0000	0.0000	0.0000	0.0000	0.0000	0.0000	0.0000											
12	74	0.0727	12	0	2	0	1	0	0	0	0	N	Y	N	N	N	N	N	N	N	N	N	N	0.0000	0.0000	0.0000	0.0000	0.0000	0.0000	0.0000	0.0000	0.0000	0.0000	0.0000	0.0000	0.0000	0.0000	0.0000	0.0000	0.0000	0.0000	0.0000	0.0000	1.0000	7.0046	2.2091	18.1036	0.0000	0.0000	0.0000	0.0000	0.0000	0.0000	0.0000	0.0000	0.0000	0.0000	0.0000	0.0000	0.0000	0.0000	0.0000	0.0000	0.0000	0.0000	0.0346	0.0293	0.0053	0.0033	0.0031	0.0003	0.0312	0.0262	0.0050	0.0566	0.0343	0.0223	0.0179	0.0162	0.0017	0.0387	0.0181	0.0206	0.0000	0.0000	0.0000	0.0000	0.0000	0.0000	0.0000	0.0000	0.0000	0.0000	0.0000	0.0000	0.0000	0.0000	0.0000	0.0000	0.0000	0.0000											
12	75	0.0693	11	0	1	0	1	0	0	0	0	N	N	N	N	N	N	N	N	N	N	N	N	1.6713	0.0000	20.8384	0.0000	0.0000	5.5196	20.1180	0.0076	0.0000	0.0528	0.0000	0.0000	0.0000	0.0086	0.0000	0.0543	0.0045	0.0059	0.0025	0.0104	0.0112	0.0000	0.0016	0.0000	0.0027	inf	0.2926	0.0000	-0.0000	1.0000	0.2435	2.2091	3.2922	0.0000	0.0000	0.0000	0.0000	0.0000	0.0000	0.0000	0.0000	0.0000	0.0000	0.0000	0.0000	0.0000	0.0000	0.0000	0.0000	0.0000	0.0000	0.0013	0.0011	0.0002	0.0002	0.0001	0.0000	0.0012	0.0010	0.0002	0.0097	0.0058	0.0039	0.0033	0.0031	0.0002	0.0064	0.0027	0.0037	1.6713	0.0000	20.8384	0.0000	0.0000	0.0000	5.5196	0.0000	20.1180	0.0045	0.0059	0.0025	0.0104	0.0112	0.0000	0.0016	0.0000	0.0027		
12	76	0.0361	10	0	1	0	1	0	0	0	0	N	N	N	N	N	N	N	N	N	N	N	N	0.0000	0.0000	0.0000	0.0000	0.0000	0.0000	0.0000	0.0000	0.0000	0.0000	0.0000	0.0000	0.0000	0.0000	0.0000	0.0000	0.0000	0.0000	0.0000	0.0000	1.0000	7.0044	2.2091	20.1113	0.0000	0.0000	0.0000	0.0000	0.0000	0.0000	0.0000	0.0000	0.0000	0.0000	0.0000	0.0000	0.0000	0.0000	0.0000	0.0000	0.0000	0.0000	0.0332	0.0281	0.0052	0.0024	0.0022	0.0002	0.0309	0.0259	0.0050	0.0561	0.0332	0.0230	0.0147	0.0133	0.0014	0.0414	0.0199	0.0215	0.0000	0.0000	0.0000	0.0000	0.0000	0.0000	0.0000	0.0000	0.0000	0.0000	0.0000	0.0000	0.0000	0.0000	0.0000	0.0000	0.0000	0.0000											
12	77	0.0383	10	0	2	0	1	0	0	0	0	N	Y	N	N	N	N	N	N	N	N	N	N	0.0000	0.0000	0.0000	0.0000	0.0000	0.0000	0.0000	0.0000	0.0000	0.0000	0.0000	0.0000	0.0000	0.0000	0.0000	0.0000	0.0000	0.0000	0.0000	0.0000	1.0000	8.6571	2.2091	16.0761	0.0000	0.0000	0.0000	0.0000	0.0000	0.0000	0.0000	0.0000	0.0000	0.0000	0.0000	0.0000	0.0000	0.0000	0.0000	0.0000	0.0000	0.0000	0.0409	0.0352	0.0057	0.0021	0.0019	0.0001	0.0389	0.0332	0.0056	0.0585	0.0376	0.0210	0.0161	0.0152	0.0008	0.0425	0.0223	0.0201	0.0000	0.0000	0.0000	0.0000	0.0000	0.0000	0.0000	0.0000	0.0000	0.0000	0.0000	0.0000	0.0000	0.0000	0.0000	0.0000	0.0000	0.0000											
12	78	0.0379	9	0	2	0	1	0	0	0	0	N	Y	N	N	N	N	N	N	N	N	N	N	0.0000	0.0000	0.0000	0.0000	0.0000	0.0000	0.0000	0.0000	0.0000	0.0000	0.0000	0.0000	0.0000	0.0000	0.0000	0.0000	0.0000	0.0000	0.0000	0.0000	1.0000	0.3645	2.2091	1.9845	0.0000	0.0000	0.0000	0.0000	0.0000	0.0000	0.0000	0.0000	0.0000	0.0000	0.0000	0.0000	0.0000	0.0000	0.0000	0.0000	0.0000	0.0000	0.0025	0.0022	0.0003	0.0005	0.0005	0.0000	0.0020	0.0017	0.0003	0.0158	0.0115	0.0043	0.0064	0.0063	0.0001	0.0093	0.0052	0.0042	0.0000	0.0000	0.0000	0.0000	0.0000	0.0000	0.0000	0.0000	0.0000	0.0000	0.0000	0.0000	0.0000	0.0000	0.0000	0.0000	0.0000	0.0000											
12	79	0.0285	8	0	1	0	1	0	0	0	0	N	N	N	N	N	N	N	N	N	N	N	N	0.0000	0.0000	0.0000	0.0000	0.0000	0.0000	0.0000	0.0000	0.0000	0.0000	0.0000	0.0000	0.0000	0.0000	0.0000	0.0000	0.0000	0.0000	0.0000	0.0000	1.0000	2.9108	2.2091	14.2456	0.0000	0.0000	0.0000	0.0000	0.0000	0.0000	0.0000	0.0000	0.0000	0.0000	0.0000	0.0000	0.0000	0.0000	0.0000	0.0000	0.0000	0.0000	0.0158	0.0135	0.0022	0.0019	0.0018	0.0001	0.0139	0.0117	0.0022	0.0417	0.0263	0.0154	0.0097	0.0090	0.0007	0.0320	0.0173	0.0148	0.0000	0.0000	0.0000	0.0000	0.0000	0.0000	0.0000	0.0000	0.0000	0.0000	0.0000	0.0000	0.0000	0.0000	0.0000	0.0000	0.0000	0.0000											
12	82	0.0518	13	0	2	0	1	0	0	0	0	N	Y	N	N	N	N	N	N	N	N	N	N	0.0000	0.0000	0.0000	0.0000	0.0000	0.0000	0.0000	0.0000	0.0000	0.0000	0.0000	0.0000	0.0000	0.0000	0.0000	0.0000	0.0000	0.0000	0.0000	0.0000	1.0000	7.9116	2.2091	21.1247	0.0000	0.0000	0.0000	0.0000	0.0000	0.0000	0.0000	0.0000	0.0000	0.0000	0.0000	0.0000	0.0000	0.0000	0.0000	0.0000	0.0000	0.0000	0.0406	0.0344	0.0062	0.0058	0.0052	0.0006	0.0348	0.0292	0.0056	0.0734	0.0462	0.0273	0.0264	0.0234	0.0029	0.0471	0.0227	0.0243	0.0000	0.0000	0.0000	0.0000	0.0000	0.0000	0.0000	0.0000	0.0000	0.0000	0.0000	0.0000	0.0000	0.0000	0.0000	0.0000	0.0000	0.0000											
12	83	0.0697	14	1	2	0	1	0	0	0	0	N	Y	N	N	N	N	N	N	N	N	N	N	0.0000	0.0000	0.0000	0.0000	0.0000	0.0000	0.0000	0.0000	0.0000	0.0000	0.0000	0.0000	0.0000	0.0000	0.0000	0.0000	0.0000	0.0000	0.0000	0.0000	1.0000	0.0000	2.2091	1.8333	0.0000	0.0000	0.0000	0.0000	0.0000	0.0000	0.0000	0.0000	0.0000	0.0000	0.0000	0.0000	0.0000	0.0000	0.0000	0.0000	0.0000	0.0000	0.0000	0.0000	0.0000	0.0000	0.0000	0.0000	0.0000	0.0000	0.0000	0.0063	0.0042	0.0021	0.0022	0.0021	0.0001	0.0041	0.0021	0.0020	0.0000	0.0000	0.0000	0.0000	0.0000	0.0000	0.0000	0.0000	0.0000	0.0000	0.0000	0.0000	0.0000	0.0000	0.0000	0.0000	0.0000	0.0000											
12	84	0.0518	13	1	2	0	1	0	0	0	0	N	Y	N	N	N	N	N	N	N	N	N	N	0.0000	0.0000	0.0000	0.0000	0.0000	0.0000	0.0000	0.0000	0.0000	0.0000	0.0000	0.0000	0.0000	0.0000	0.0000	0.0000	0.0000	0.0000	0.0000	0.0000	1.0000	6.9552	2.2091	13.1226	0.0000	0.0000	0.0000	0.0000	0.0000	0.0000	0.0000	0.0000	0.0000	0.0000	0.0000	0.0000	0.0000	0.0000	0.0000	0.0000	0.0000	0.0000	0.0362	0.0307	0.0055	0.0055	0.0049	0.0006	0.0308	0.0258	0.0050	0.0580	0.0370	0.0210	0.0226	0.0201	0.0025	0.0354	0.0169	0.0186	0.0000	0.0000	0.0000	0.0000	0.0000	0.0000	0.0000	0.0000	0.0000	0.0000	0.0000	0.0000	0.0000	0.0000	0.0000	0.0000	0.0000	0.0000											
12	85	0.0487	12	0	2	0	1	0	0	0	0	N	Y	N	N	N	N	N	N	N	N	N	N	64.5334	3.2649	inf	0.0000	0.0000	inf	inf	inf	0.0568	0.0047	0.3924	0.0000	0.0000	0.0000	0.0845	0.0073	0.4660	0.0009	0.0014	0.0000	0.0024	0.0025	0.0000	0.0000	0.0000	0.0000	13.0000	0.0000	0.0001	-0.0000	1.0000	0.3374	2.2091	6.1146	0.0001	0.0000	0.0001	0.0000	0.0000	0.0000	0.0001	0.0000	0.0001	0.0000	0.0000	0.0000	0.0000	0.0000	0.0000	0.0000	0.0000	0.0000	0.0025	0.0021	0.0003	0.0008	0.0008	0.0001	0.0017	0.0014	0.0003	0.0227	0.0139	0.0088	0.0085	0.0080	0.0005	0.0142	0.0059	0.0083	64.5334	3.2649	inf	0.0000	0.0000	0.0000	inf	inf	inf	0.0009	0.0014	0.0000	0.0024	0.0025	0.0000	0.0000	0.0000	0.0000	
12	86	0.0487	12	0	2	0	1	0	0	0	0	N	Y	N	N	N	N	N	N	N	N	N	N	0.0000	0.0000	0.0000	0.0000	0.0000	0.0000	0.0000	0.0000	0.0000	0.0000	0.0000	0.0000	0.0000	0.0000	0.0000	0.0000	0.0000	0.0000	0.0000	0.0000	1.0000	11.0342	2.2091	12.7513	0.0000	0.0000	0.0000	0.0000	0.0000	0.0000	0.0000	0.0000	0.0000	0.0000	0.0000	0.0000	0.0000	0.0000	0.0000	0.0000	0.0000	0.0000	0.0523	0.0442	0.0080	0.0043	0.0041	0.0003	0.0479	0.0402	0.0077	0.0550	0.0333	0.0217	0.0167	0.0153	0.0014	0.0383	0.0180	0.0203	0.0000	0.0000	0.0000	0.0000	0.0000	0.0000	0.0000	0.0000	0.0000	0.0000	0.0000	0.0000	0.0000	0.0000	0.0000	0.0000	0.0000	0.0000											
12	87	0.0411	11	0	2	0	1	0	0	0	0	N	Y	N	N	N	N	N	N	N	N	N	N	0.0000	0.0000	0.0000	0.0000	0.0000	0.0000	0.0000	0.0000	0.0000	0.0000	0.0000	0.0000	0.0000	0.0000	0.0000	0.0000	0.0000	0.0000	0.0000	0.0000	1.0000	3.9739	2.2091	6.2820	0.0000	0.0000	0.0000	0.0000	0.0000	0.0000	0.0000	0.0000	0.0000	0.0000	0.0000	0.0000	0.0000	0.0000	0.0000	0.0000	0.0000	0.0000	0.0191	0.0161	0.0030	0.0014	0.0013	0.0001	0.0177	0.0148	0.0029	0.0247	0.0145	0.0101	0.0074	0.0067	0.0007	0.0173	0.0079	0.0095	0.0000	0.0000	0.0000	0.0000	0.0000	0.0000	0.0000	0.0000	0.0000	0.0000	0.0000	0.0000	0.0000	0.0000	0.0000	0.0000	0.0000	0.0000											
12	88	0.0361	10	0	2	0	1	0	0	0	0	N	Y	N	N	N	N	N	N	N	N	N	N	0.0000	0.0000	0.0000	0.0000	0.0000	0.0000	0.0000	0.0000	0.0000	0.0000	0.0000	0.0000	0.0000	0.0000	0.0000	0.0000	0.0000	0.0000	0.0000	0.0000	1.0000	0.0056	2.2091	5.7021	0.0000	0.0000	0.0000	0.0000	0.0000	0.0000	0.0000	0.0000	0.0000	0.0000	0.0000	0.0000	0.0000	0.0000	0.0000	0.0000	0.0000	0.0000	0.0000	0.0000	0.0000	0.0000	0.0000	0.0000	0.0000	0.0000	0.0000	0.0160	0.0096	0.0064	0.0050	0.0047	0.0003	0.0109	0.0049	0.0061	0.0000	0.0000	0.0000	0.0000	0.0000	0.0000	0.0000	0.0000	0.0000	0.0000	0.0000	0.0000	0.0000	0.0000	0.0000	0.0000	0.0000	0.0000											
12	92	0.1245	14	0	1	0	1	0	0	0	0	N	N	N	N	N	N	N	N	N	N	N	N	0.0000	0.0000	0.0000	0.0000	0.0000	0.0000	0.0000	0.0000	0.0000	0.0000	0.0000	0.0000	0.0000	0.0000	0.0000	0.0000	0.0000	0.0701	0.0002	0.1873	0.0003	0.0003	0.0003	0.1154	0.0000	0.2063	628.3611	0.0000	0.0048	1.0000	24.8682	2.2091	39.8855	0.0000	0.0000	0.0000	0.0000	0.0000	0.0000	0.0000	0.0000	0.0000	0.0126	0.0000	0.0126	0.0000	0.0000	0.0000	0.0126	0.0000	0.0126	0.1304	0.1131	0.0173	0.0260	0.0245	0.0015	0.1044	0.0886	0.0158	0.1795	0.1124	0.0671	0.0706	0.0645	0.0062	0.1089	0.0480	0.0609	0.0000	0.0000	0.0000	0.0000	0.0000	0.0000	0.0000	0.0000	0.0000	0.0701	0.0002	0.1873	0.0003	0.0003	0.0003	0.1154	0.0000	0.2063		
13	14	0.0821	13	0	1	0	1	0	0	0	0	N	N	N	N	N	N	N	N	N	N	N	N	0.0000	0.0000	0.0000	0.0000	0.0000	0.0000	0.0000	0.0000	0.0000	0.0000	0.0000	0.0000	0.0000	0.0000	0.0001	0.0000	0.0001	0.0001	0.0000	0.0000	0.0000	0.0000	0.0000	0.0000	-0.0000	1.0009	3.0000	1.2082	13.0223	0.0000	0.0000	0.0000	0.0000	0.0000	0.0000	0.0000	0.0000	0.0000	0.0000	0.0000	0.0000	0.0000	0.0000	0.0000	0.0000	0.0000	0.0000	0.0145	0.0123	0.0022	0.0010	0.0009	0.0001	0.0135	0.0114	0.0022	0.0214	0.0128	0.0086	0.0070	0.0059	0.0011	0.0144	0.0069	0.0075	0.0000	0.0000	0.0000	0.0000	0.0000	0.0000	0.0000	0.0000	0.0000	0.0000	0.0001	0.0000	0.0001	0.0001	0.0000	0.0000	0.0000	0.0000						
13	17	0.1018	12	1	0	1	1	0	0	0	0	N	N	N	N	N	N	N	N	N	N	N	N	0.0000	0.0000	0.0000	0.0000	0.0000	0.0000	0.0000	0.0000	0.0000	0.0000	0.0000	0.0000	0.0000	0.0000	0.0000	0.0000	0.0000	0.0000	0.0000	0.0000	0.0000	0.0000	0.0000	0.0000	0.0000	5.3333	0.0000	0.0000	1.0009	1.0000	1.2082	1.0003	0.0000	0.0000	0.0000	0.0000	0.0000	0.0000	0.0000	0.0000	0.0000	0.0000	0.0000	0.0000	0.0000	0.0000	0.0000	0.0000	0.0000	0.0000	0.0048	0.0041	0.0008	0.0005	0.0005	0.0000	0.0043	0.0036	0.0007	0.0026	0.0015	0.0011	0.0008	0.0007	0.0001	0.0018	0.0008	0.0010	0.0000	0.0000	0.0000	0.0000	0.0000	0.0000	0.0000	0.0000	0.0000	0.0000	0.0000	0.0000	0.0000	0.0000	0.0000	0.0000	0.0000	0.0000			
13	18	0.0482	10	0	1	0	1	0	0	0	0	N	N	N	N	N	N	N	N	N	N	N	N	0.0000	0.0000	0.0000	0.0000	0.0000	0.0000	0.0000	0.0000	0.0000	0.0000	0.0000	0.0000	0.0000	0.0000	0.0000	0.0000	0.0003	0.0004	0.0000	0.0006	0.0007	0.0000	0.0000	0.0000	0.0000	0.0007	0.0000	-0.0000	1.0009	0.0005	1.2082	9.9413	0.0000	0.0000	0.0000	0.0000	0.0000	0.0000	0.0000	0.0000	0.0000	0.0000	0.0000	0.0000	0.0000	0.0000	0.0000	0.0000	0.0000	0.0000	0.0032	0.0029	0.0003	0.0031	0.0028	0.0003	0.0001	0.0001	0.0000	0.0330	0.0240	0.0090	0.0140	0.0133	0.0007	0.0190	0.0107	0.0082	0.0000	0.0000	0.0000	0.0000	0.0000	0.0000	0.0000	0.0000	0.0000	0.0003	0.0004	0.0000	0.0006	0.0007	0.0000	0.0000	0.0000	0.0000			
13	19	0.0718	11	1	1	0	1	0	0	0	0	N	N	N	N	N	N	N	N	N	N	N	N	0.0000	0.0000	0.0000	0.0000	0.0000	0.0000	0.0000	0.0000	0.0000	0.0000	0.0000	0.0000	0.0000	0.0000	0.0000	0.0000	0.0000	0.0014	0.0000	0.0037	0.0000	0.0000	0.0001	0.0021	0.0000	0.0041	113.5982	-0.0000	0.0000	1.0009	4.7901	1.2082	15.0000	0.0000	0.0000	0.0000	0.0000	0.0000	0.0000	0.0000	0.0000	0.0000	0.0000	0.0000	0.0000	0.0000	0.0000	0.0000	0.0000	0.0000	0.0000	0.0243	0.0206	0.0037	0.0027	0.0024	0.0003	0.0216	0.0181	0.0035	0.0320	0.0198	0.0122	0.0111	0.0098	0.0013	0.0209	0.0099	0.0109	0.0000	0.0000	0.0000	0.0000	0.0000	0.0000	0.0000	0.0000	0.0000	0.0014	0.0000	0.0037	0.0000	0.0000	0.0001	0.0021	0.0000	0.0041		
13	20	0.0688	10	1	1	0	1	0	0	0	0	N	N	N	N	N	N	N	N	N	N	N	N	0.0000	0.0000	0.0000	0.0000	0.0000	0.0000	0.0000	0.0000	0.0000	0.0000	0.0000	0.0000	0.0000	0.0000	0.0000	0.0000	0.0000	0.0008	0.0000	0.0018	0.0000	0.0000	0.0000	0.0011	0.0001	0.0019	42.4774	-0.0000	0.0000	1.0009	1.2170	1.2082	3.4655	0.0000	0.0000	0.0000	0.0000	0.0000	0.0000	0.0000	0.0000	0.0000	0.0000	0.0000	0.0000	0.0000	0.0000	0.0000	0.0000	0.0000	0.0000	0.0061	0.0051	0.0009	0.0005	0.0005	0.0000	0.0056	0.0047	0.0009	0.0078	0.0046	0.0032	0.0025	0.0022	0.0002	0.0053	0.0023	0.0030	0.0000	0.0000	0.0000	0.0000	0.0000	0.0000	0.0000	0.0000	0.0000	0.0008	0.0000	0.0018	0.0000	0.0000	0.0000	0.0011	0.0001	0.0019		
13	21	0.0821	12	0	1	0	1	0	0	0	0	N	N	N	N	N	N	N	N	N	N	N	N	0.0000	0.0000	0.0000	0.0000	0.0000	0.0000	0.0000	0.0000	0.0000	0.0000	0.0000	0.0000	0.0000	0.0000	0.0000	0.0000	0.0048	0.0001	0.0119	0.0001	0.0001	0.0000	0.0071	0.0000	0.0137	125.1373	0.0000	0.0000	1.0009	2.0000	1.2082	11.9921	0.0000	0.0000	0.0000	0.0000	0.0000	0.0000	0.0000	0.0000	0.0000	0.0001	0.0000	0.0001	0.0000	0.0000	0.0000	0.0001	0.0000	0.0001	0.0097	0.0082	0.0015	0.0006	0.0006	0.0000	0.0091	0.0076	0.0015	0.0188	0.0112	0.0076	0.0062	0.0052	0.0010	0.0126	0.0060	0.0066	0.0000	0.0000	0.0000	0.0000	0.0000	0.0000	0.0000	0.0000	0.0000	0.0048	0.0001	0.0119	0.0001	0.0001	0.0000	0.0071	0.0000	0.0137			
13	22	0.0688	10	0	1	0	1	0	0	0	0	N	N	N	N	N	N	N	N	N	N	N	N	0.0000	0.0000	0.0000	0.0000	0.0000	0.0000	0.0000	0.0000	0.0000	0.0000	0.0000	0.0000	0.0000	0.0004	0.0007	0.0000	0.0000	0.0000	0.0000	0.0006	0.0013	0.0000	0.0000	0.0000	-0.0000	1.0009	2.9966	1.2082	14.0927	0.0000	0.0000	0.0000	0.0000	0.0000	0.0000	0.0000	0.0000	0.0000	0.0000	0.0000	0.0000	0.0000	0.0000	0.0000	0.0000	0.0000	0.0000	0.0146	0.0124	0.0022	0.0011	0.0010	0.0001	0.0136	0.0114	0.0022	0.0230	0.0134	0.0096	0.0064	0.0056	0.0008	0.0166	0.0078	0.0088	0.0000	0.0000	0.0000	0.0000	0.0000	0.0000	0.0000	0.0000	0.0000	0.0004	0.0007	0.0000	0.0000	0.0000	0.0000	0.0006	0.0013	0.0000						
13	23	0.0418	9	0	1	1	2	0	0	0	0	N	N	N	Y	N	N	N	N	N	N	N	N	0.0000	0.0000	0.0000	0.0000	0.0000	0.0000	0.0000	0.0000	0.0000	0.0000	0.0000	0.0000	0.0000	0.0000	0.0000	0.0000	0.0000	0.0000	0.0000	0.0000	1.0009	0.3092	1.2082	0.1355	0.0000	0.0000	0.0000	0.0000	0.0000	0.0000	0.0000	0.0000	0.0000	0.0000	0.0000	0.0000	0.0000	0.0000	0.0000	0.0000	0.0000	0.0000	0.0024	0.0020	0.0004	0.0007	0.0007	0.0000	0.0017	0.0014	0.0004	0.0010	0.0007	0.0004	0.0003	0.0003	0.0000	0.0007	0.0004	0.0003	0.0000	0.0000	0.0000	0.0000	0.0000	0.0000	0.0000	0.0000	0.0000	0.0000	0.0000	0.0000	0.0000	0.0000	0.0000	0.0000	0.0000	0.0000											
13	24	0.0312	8	0	0	0	2	0	0	0	0	N	N	N	Y	N	N	N	N	N	N	N	N	0.0000	0.0000	0.0000	0.0000	0.0000	0.0000	0.0000	0.0000	0.0000	0.0000	0.0000	0.0000	0.0000	0.0000	0.0000	0.0000	0.0000	0.0043	0.0000	0.0099	0.0000	0.0000	0.0000	0.0051	0.0000	0.0104	55218.4000	0.0000	0.0000	1.0009	6.2779	1.2082	13.9173	0.0000	0.0000	0.0000	0.0000	0.0000	0.0000	0.0000	0.0000	0.0000	0.0001	0.0000	0.0001	0.0000	0.0000	0.0000	0.0001	0.0000	0.0001	0.0299	0.0253	0.0046	0.0041	0.0039	0.0002	0.0258	0.0214	0.0044	0.0254	0.0143	0.0111	0.0037	0.0031	0.0005	0.0217	0.0111	0.0106	0.0000	0.0000	0.0000	0.0000	0.0000	0.0000	0.0000	0.0000	0.0000	0.0043	0.0000	0.0099	0.0000	0.0000	0.0000	0.0051	0.0000	0.0104		
13	25	0.0444	11	0	1	0	1	0	0	0	0	N	N	N	N	N	N	N	N	N	N	N	N	0.0000	0.0000	0.0000	0.0000	0.0000	0.0000	0.0000	0.0000	0.0000	0.0000	0.0000	0.0000	0.0000	0.0000	0.0000	0.0000	0.0006	0.0000	0.0017	0.0000	0.0000	0.0000	0.0009	0.0000	0.0018	243.9782	-0.0000	0.0000	1.0009	3.8932	1.2082	15.3303	0.0000	0.0000	0.0000	0.0000	0.0000	0.0000	0.0000	0.0000	0.0000	0.0000	0.0000	0.0000	0.0000	0.0000	0.0000	0.0000	0.0000	0.0000	0.0213	0.0182	0.0031	0.0027	0.0026	0.0001	0.0186	0.0156	0.0030	0.0329	0.0209	0.0120	0.0111	0.0102	0.0009	0.0218	0.0107	0.0111	0.0000	0.0000	0.0000	0.0000	0.0000	0.0000	0.0000	0.0000	0.0000	0.0006	0.0000	0.0017	0.0000	0.0000	0.0000	0.0009	0.0000	0.0018			
13	26	0.0260	7	0	1	0	2	0	0	0	0	N	N	N	Y	N	N	N	N	N	N	N	N	0.0000	0.0000	0.0000	0.0000	0.0000	0.0000	0.0000	0.0000	0.0000	0.0000	0.0000	0.0000	0.0000	0.0000	0.0000	0.0000	0.0052	0.0000	0.0117	0.0000	0.0000	0.0000	0.0065	0.0000	0.0122	104360.7273	0.0000	0.0000	1.0009	4.2937	1.2082	9.5692	0.0000	0.0000	0.0000	0.0000	0.0000	0.0000	0.0000	0.0000	0.0000	0.0001	0.0000	0.0001	0.0000	0.0000	0.0000	0.0001	0.0000	0.0001	0.0266	0.0227	0.0039	0.0048	0.0047	0.0001	0.0218	0.0180	0.0038	0.0222	0.0124	0.0098	0.0046	0.0042	0.0004	0.0176	0.0082	0.0094	0.0000	0.0000	0.0000	0.0000	0.0000	0.0000	0.0000	0.0000	0.0000	0.0052	0.0000	0.0117	0.0000	0.0000	0.0000	0.0065	0.0000	0.0122			
13	27	0.0356	9	1	1	0	1	0	0	0	0	N	N	N	N	N	N	N	N	N	N	N	N	0.0000	0.0000	0.0000	0.0000	0.0000	0.0000	0.0000	0.0000	0.0000	0.0000	0.0000	0.0000	0.0000	0.0015	0.0026	0.0000	0.0000	0.0000	0.0000	0.0019	0.0039	0.0000	0.0000	0.0000	-0.0001	1.0009	16.0000	1.2082	34.8566	0.0000	0.0000	0.0000	0.0000	0.0000	0.0000	0.0000	0.0000	0.0000	0.0001	0.0001	0.0000	0.0000	0.0000	0.0000	0.0001	0.0001	0.0000	0.0736	0.0623	0.0113	0.0054	0.0051	0.0004	0.0682	0.0572	0.0109	0.0605	0.0351	0.0253	0.0138	0.0120	0.0017	0.0467	0.0231	0.0236	0.0000	0.0000	0.0000	0.0000	0.0000	0.0000	0.0000	0.0000	0.0000	0.0015	0.0026	0.0000	0.0000	0.0000	0.0000	0.0019	0.0039	0.0000						
13	28	0.0275	5	0	0	1	1	0	0	0	0	N	N	N	N	N	N	N	N	N	N	N	N	0.0000	0.0000	0.0000	0.0000	0.0000	0.0000	0.0000	0.0000	0.0000	0.0000	0.0000	0.0000	0.0000	0.0000	0.0000	0.0000	0.0000	0.0000	0.0000	0.0000	1.0009	0.0000	1.2082	3.0088	0.0000	0.0000	0.0000	0.0000	0.0000	0.0000	0.0000	0.0000	0.0000	0.0000	0.0000	0.0000	0.0000	0.0000	0.0000	0.0000	0.0000	0.0000	0.0000	0.0000	0.0000	0.0000	0.0000	0.0000	0.0000	0.0000	0.0000	0.0040	0.0022	0.0018	0.0005	0.0004	0.0001	0.0034	0.0017	0.0017	0.0000	0.0000	0.0000	0.0000	0.0000	0.0000	0.0000	0.0000	0.0000	0.0000	0.0000	0.0000	0.0000	0.0000	0.0000	0.0000	0.0000	0.0000											
13	29	0.0181	4	0	1	0	1	0	0	0	0	N	N	N	N	N	N	N	N	N	N	N	N	0.0000	0.0000	0.0000	0.0000	0.0000	0.0000	0.0000	0.0000	0.0000	0.0000	0.0000	0.0000	0.0000	0.0001	0.0001	0.0000	0.0005	0.0005	0.0000	0.0000	0.0000	0.0000	0.0006	-0.0000	-0.0000	1.0009	5.0749	1.2082	14.8264	0.0000	0.0000	0.0000	0.0000	0.0000	0.0000	0.0000	0.0000	0.0000	0.0000	0.0000	0.0000	0.0000	0.0000	0.0000	0.0000	0.0000	0.0000	0.0259	0.0218	0.0041	0.0008	0.0008	0.0000	0.0251	0.0211	0.0041	0.0277	0.0155	0.0122	0.0036	0.0032	0.0004	0.0241	0.0123	0.0118	0.0000	0.0000	0.0000	0.0000	0.0000	0.0000	0.0000	0.0000	0.0000	0.0001	0.0001	0.0000	0.0005	0.0005	0.0000	0.0000	0.0000	0.0000						
13	30	0.0688	10	1	0	1	1	0	0	0	0	N	N	N	N	N	N	N	N	N	N	N	N	0.0000	0.0000	0.0000	0.0000	0.0000	0.0000	0.0000	0.0000	0.0000	0.0000	0.0000	0.0000	0.0000	0.0000	0.0000	0.0040	0.0012	0.0078	0.0000	0.0000	0.0000	0.0055	0.0021	0.0085	4.5000	0.0000	0.0000	1.0009	5.9956	1.2082	15.0927	0.0000	0.0000	0.0000	0.0000	0.0000	0.0000	0.0000	0.0000	0.0000	0.0001	0.0000	0.0001	0.0000	0.0000	0.0000	0.0001	0.0000	0.0001	0.0288	0.0244	0.0044	0.0020	0.0019	0.0001	0.0268	0.0225	0.0043	0.0276	0.0161	0.0115	0.0076	0.0066	0.0010	0.0201	0.0095	0.0106	0.0000	0.0000	0.0000	0.0000	0.0000	0.0000	0.0000	0.0000	0.0000	0.0040	0.0012	0.0078	0.0000	0.0000	0.0000	0.0055	0.0021	0.0085				
13	31	0.0312	8	0	1	0	1	0	0	0	0	N	N	N	N	N	N	N	N	N	N	N	N	0.0000	0.0000	0.0000	0.0000	0.0000	0.0000	0.0000	0.0000	0.0000	0.0000	0.0000	0.0000	0.0000	0.0000	0.0000	0.0000	0.0001	0.0000	0.0001	0.0001	0.0001	0.0000	0.0001	0.0000	0.0001	3.0990	0.0000	0.0000	1.0009	1.4218	1.2082	7.0463	0.0000	0.0000	0.0000	0.0000	0.0000	0.0000	0.0000	0.0000	0.0000	0.0000	0.0000	0.0000	0.0000	0.0000	0.0000	0.0000	0.0000	0.0000	0.0094	0.0079	0.0015	0.0021	0.0021	0.0000	0.0074	0.0059	0.0015	0.0120	0.0068	0.0052	0.0019	0.0017	0.0003	0.0101	0.0051	0.0050	0.0000	0.0000	0.0000	0.0000	0.0000	0.0000	0.0000	0.0000	0.0000	0.0001	0.0000	0.0001	0.0001	0.0001	0.0000	0.0001	0.0000	0.0001			
13	32	0.0260	7	0	0	0	1	0	0	0	0	N	N	N	N	N	N	N	N	N	N	N	N	0.0000	0.0000	0.0000	0.0000	0.0000	0.0000	0.0000	0.0000	0.0000	0.0000	0.0000	0.0000	0.0000	0.0000	0.0000	0.0000	0.0000	0.0009	0.0001	0.0020	0.0002	0.0002	0.0000	0.0011	0.0000	0.0021	22.4961	0.0000	0.0000	1.0009	4.3312	1.2082	5.5221	0.0000	0.0000	0.0000	0.0000	0.0000	0.0000	0.0000	0.0000	0.0000	0.0000	0.0000	0.0000	0.0000	0.0000	0.0000	0.0000	0.0000	0.0000	0.0268	0.0228	0.0040	0.0048	0.0047	0.0001	0.0219	0.0181	0.0039	0.0172	0.0096	0.0076	0.0039	0.0036	0.0003	0.0133	0.0060	0.0073	0.0000	0.0000	0.0000	0.0000	0.0000	0.0000	0.0000	0.0000	0.0000	0.0009	0.0001	0.0020	0.0002	0.0002	0.0000	0.0011	0.0000	0.0021		
13	33	0.0235	6	0	0	0	1	0	0	0	0	N	N	N	N	N	N	N	N	N	N	N	N	0.0000	0.0000	0.0000	0.0000	0.0000	0.0000	0.0000	0.0000	0.0000	0.0000	0.0000	0.0000	0.0000	0.0000	0.0000	0.0000	0.0000	0.0123	0.0000	0.0280	0.0000	0.0000	0.0000	0.0146	0.0000	0.0291	1861.5560	0.0000	0.0001	1.0009	4.2685	1.2082	3.7703	0.0000	0.0000	0.0000	0.0000	0.0000	0.0000	0.0000	0.0000	0.0000	0.0001	0.0000	0.0001	0.0000	0.0000	0.0000	0.0001	0.0000	0.0001	0.0248	0.0211	0.0037	0.0033	0.0032	0.0001	0.0216	0.0179	0.0037	0.0118	0.0066	0.0052	0.0019	0.0017	0.0002	0.0099	0.0049	0.0050	0.0000	0.0000	0.0000	0.0000	0.0000	0.0000	0.0000	0.0000	0.0000	0.0123	0.0000	0.0280	0.0000	0.0000	0.0000	0.0146	0.0000	0.0291		
13	34	0.0688	10	1	0	1	1	0	0	0	0	N	N	N	N	N	N	N	N	N	N	N	N	0.0000	0.0000	0.0000	0.0000	0.0000	0.0000	0.0000	0.0000	0.0000	0.0000	0.0000	0.0000	0.0000	0.0004	0.0006	0.0000	0.0000	0.0000	0.0000	0.0005	0.0011	0.0000	0.0000	0.0000	-0.0000	1.0009	4.9966	1.2082	15.0870	0.0000	0.0000	0.0000	0.0000	0.0000	0.0000	0.0000	0.0000	0.0000	0.0000	0.0000	0.0000	0.0000	0.0000	0.0000	0.0000	0.0000	0.0000	0.0241	0.0204	0.0037	0.0017	0.0016	0.0001	0.0224	0.0188	0.0036	0.0265	0.0154	0.0110	0.0073	0.0064	0.0009	0.0192	0.0091	0.0101	0.0000	0.0000	0.0000	0.0000	0.0000	0.0000	0.0000	0.0000	0.0000	0.0004	0.0006	0.0000	0.0000	0.0000	0.0000	0.0005	0.0011	0.0000						
13	35	0.0275	5	0	1	0	1	0	0	0	0	N	N	N	N	N	N	N	N	N	N	N	N	0.0000	0.0000	0.0000	0.0000	0.0000	0.0000	0.0000	0.0000	0.0000	0.0000	0.0000	0.0000	0.0000	0.0000	0.0000	0.0000	0.0000	0.0000	0.0000	0.0000	1.0009	1.0000	1.2082	1.0102	0.0000	0.0000	0.0000	0.0000	0.0000	0.0000	0.0000	0.0000	0.0000	0.0000	0.0000	0.0000	0.0000	0.0000	0.0000	0.0000	0.0000	0.0000	0.0046	0.0039	0.0007	0.0002	0.0002	0.0000	0.0044	0.0038	0.0006	0.0027	0.0015	0.0012	0.0004	0.0003	0.0001	0.0023	0.0012	0.0011	0.0000	0.0000	0.0000	0.0000	0.0000	0.0000	0.0000	0.0000	0.0000	0.0000	0.0000	0.0000	0.0000	0.0000	0.0000	0.0000	0.0000	0.0000											
13	36	0.0275	4	0	0	0	1	0	0	0	0	N	N	N	N	N	N	N	N	N	N	N	N	0.0000	0.0000	0.0000	0.0000	0.0000	0.0000	0.0000	0.0000	0.0000	0.0000	0.0000	0.0000	0.0000	0.0000	0.0000	0.0000	0.0000	0.0000	0.0000	0.0000	1.0009	0.0000	1.2082	0.0263	0.0000	0.0000	0.0000	0.0000	0.0000	0.0000	0.0000	0.0000	0.0000	0.0000	0.0000	0.0000	0.0000	0.0000	0.0000	0.0000	0.0000	0.0000	0.0000	0.0000	0.0000	0.0000	0.0000	0.0000	0.0000	0.0000	0.0000	0.0001	0.0000	0.0000	0.0000	0.0000	0.0000	0.0000	0.0000	0.0000	0.0000	0.0000	0.0000	0.0000	0.0000	0.0000	0.0000	0.0000	0.0000	0.0000	0.0000	0.0000	0.0000	0.0000	0.0000	0.0000	0.0000	0.0000											
13	37	0.1018	11	1	1	1	1	0	0	0	0	N	N	N	N	N	N	N	N	N	N	N	N	0.0000	0.0000	0.0000	0.0000	0.0000	0.0000	0.0000	0.0000	0.0000	0.0000	0.0000	0.0000	0.0000	0.0089	0.0000	0.0214	0.0000	0.0000	0.0000	0.0127	0.0000	0.0237	inf	0.0000	0.0000	1.0009	3.0000	1.2082	5.0002	0.0000	0.0000	0.0000	0.0000	0.0000	0.0000	0.0000	0.0000	0.0000	0.0001	0.0000	0.0001	0.0000	0.0000	0.0000	0.0001	0.0000	0.0001	0.0144	0.0121	0.0022	0.0016	0.0014	0.0001	0.0128	0.0107	0.0021	0.0101	0.0059	0.0042	0.0030	0.0026	0.0004	0.0071	0.0033	0.0038	0.0000	0.0000	0.0000	0.0000	0.0000	0.0000	0.0000	0.0000	0.0000	0.0089	0.0000	0.0214	0.0000	0.0000	0.0000	0.0127	0.0000	0.0237						
13	38	0.0693	13	1	1	0	1	0	0	0	0	N	N	N	N	N	N	N	N	N	N	N	N	0.0000	0.0000	0.0000	0.0000	0.0000	0.0000	0.0000	0.0000	0.0000	0.0000	0.0000	0.0000	0.0000	0.0000	0.0000	0.0000	0.0000	0.0000	-0.0000	0.0000	1.0009	0.0001	1.2082	0.1668	0.0000	0.0000	0.0000	0.0000	0.0000	0.0000	0.0000	0.0000	0.0000	0.0000	0.0000	0.0000	0.0000	0.0000	0.0000	0.0000	0.0000	0.0000	0.0000	0.0000	0.0000	0.0000	0.0000	0.0000	0.0000	0.0000	0.0000	0.0019	0.0014	0.0004	0.0009	0.0009	0.0000	0.0010	0.0005	0.0004	0.0000	0.0000	0.0000	0.0000	0.0000	0.0000	0.0000	0.0000	0.0000	0.0000	0.0000	0.0000	0.0000	0.0000	0.0000	0.0000	0.0000	0.0000											
13	39	0.0143	2	0	0	0	2	0	0	0	0	N	N	N	Y	N	N	N	N	N	N	N	N	0.0000	0.0000	0.0000	0.0000	0.0000	0.0000	0.0000	0.0000	0.0000	0.0000	0.0000	0.0000	0.0000	0.0006	0.0009	0.0000	0.0022	0.0023	0.0000	0.0000	0.0000	0.0000	0.0000	0.0000	-0.0000	1.0009	1.7673	1.2082	9.0239	0.0000	0.0000	0.0000	0.0000	0.0000	0.0000	0.0000	0.0000	0.0000	0.0000	0.0000	0.0000	0.0000	0.0000	0.0000	0.0000	0.0000	0.0000	0.0143	0.0124	0.0018	0.0034	0.0033	0.0001	0.0108	0.0092	0.0017	0.0237	0.0148	0.0089	0.0060	0.0057	0.0003	0.0177	0.0090	0.0087	0.0000	0.0000	0.0000	0.0000	0.0000	0.0000	0.0000	0.0000	0.0000	0.0006	0.0009	0.0000	0.0022	0.0023	0.0000	0.0000	0.0000	0.0000						
13	41	0.0874	15	0	1	1	1	0	0	0	0	N	N	N	N	N	N	N	N	N	N	N	N	0.0000	0.0000	0.0000	0.0000	0.0000	0.0000	0.0000	0.0000	0.0000	0.0000	0.0000	0.0000	0.0000	0.0000	0.0000	0.0000	0.0000	0.0009	0.0000	0.0025	0.0001	0.0000	0.0007	0.0015	0.0000	0.0027	19632.6000	0.0000	0.0000	1.0009	0.9997	1.2082	10.1790	0.0000	0.0000	0.0000	0.0000	0.0000	0.0000	0.0000	0.0000	0.0000	0.0000	0.0000	0.0000	0.0000	0.0000	0.0000	0.0000	0.0000	0.0000	0.0050	0.0042	0.0008	0.0004	0.0004	0.0000	0.0046	0.0038	0.0007	0.0208	0.0129	0.0079	0.0079	0.0069	0.0010	0.0130	0.0061	0.0069	0.0000	0.0000	0.0000	0.0000	0.0000	0.0000	0.0000	0.0000	0.0000	0.0009	0.0000	0.0025	0.0001	0.0000	0.0007	0.0015	0.0000	0.0027		
13	42	0.0862	14	0	1	0	1	0	0	0	0	N	N	N	N	N	N	N	N	N	N	N	N	0.0000	0.0000	0.0000	0.0000	0.0000	0.0000	0.0000	0.0000	0.0000	0.0000	0.0000	0.0000	0.0000	0.0000	0.0000	0.0000	0.0000	0.0000	0.0054	0.0029	0.0089	0.0037	0.0040	0.0000	0.0064	0.0014	0.0098	2.0802	0.0000	0.0000	1.0009	0.0007	1.2082	0.9413	0.0000	0.0000	0.0000	0.0000	0.0000	0.0000	0.0000	0.0000	0.0000	0.0000	0.0000	0.0000	0.0000	0.0000	0.0000	0.0000	0.0000	0.0000	0.0000	0.0000	0.0000	0.0000	0.0000	0.0000	0.0000	0.0000	0.0000	0.0020	0.0012	0.0008	0.0008	0.0007	0.0001	0.0013	0.0005	0.0008	0.0000	0.0000	0.0000	0.0000	0.0000	0.0000	0.0000	0.0000	0.0000	0.0054	0.0029	0.0089	0.0037	0.0040	0.0000	0.0064	0.0014	0.0098	
13	43	0.0688	10	1	0	1	1	0	0	0	0	N	N	N	N	N	N	N	N	N	N	N	N	0.0000	0.0000	0.0000	0.0000	0.0000	0.0000	0.0000	0.0000	0.0000	0.0000	0.0000	0.0000	0.0000	0.0000	0.0000	0.0000	0.0000	0.0000	0.0000	0.0000	1.0009	1.9995	1.2082	12.0029	0.0000	0.0000	0.0000	0.0000	0.0000	0.0000	0.0000	0.0000	0.0000	0.0000	0.0000	0.0000	0.0000	0.0000	0.0000	0.0000	0.0000	0.0000	0.0099	0.0083	0.0015	0.0007	0.0007	0.0000	0.0091	0.0077	0.0015	0.0193	0.0113	0.0080	0.0054	0.0048	0.0007	0.0138	0.0065	0.0074	0.0000	0.0000	0.0000	0.0000	0.0000	0.0000	0.0000	0.0000	0.0000	0.0000	0.0000	0.0000	0.0000	0.0000	0.0000	0.0000	0.0000	0.0000											
13	44	0.0356	9	1	1	0	1	0	0	0	0	N	N	N	N	N	N	N	N	N	N	N	N	0.0000	0.0000	0.0000	0.0000	0.0000	0.0000	0.0000	0.0000	0.0000	0.0000	0.0000	0.0000	0.0000	0.0037	0.0000	0.0088	0.0000	0.0000	0.0000	0.0048	0.0000	0.0094	inf	0.0000	0.0001	1.0009	10.0000	1.2082	26.8440	0.0000	0.0000	0.0000	0.0000	0.0000	0.0000	0.0000	0.0000	0.0000	0.0002	0.0000	0.0002	0.0000	0.0000	0.0000	0.0002	0.0000	0.0002	0.0471	0.0398	0.0073	0.0034	0.0032	0.0002	0.0436	0.0366	0.0070	0.0462	0.0269	0.0193	0.0108	0.0095	0.0013	0.0354	0.0174	0.0180	0.0000	0.0000	0.0000	0.0000	0.0000	0.0000	0.0000	0.0000	0.0000	0.0037	0.0000	0.0088	0.0000	0.0000	0.0000	0.0048	0.0000	0.0094						
13	45	0.0862	14	0	1	0	1	0	0	0	0	N	N	N	N	N	N	N	N	N	N	N	N	0.0000	0.0000	0.0000	0.0000	0.0000	0.0000	0.0000	0.0000	0.0000	0.0000	0.0000	0.0000	0.0000	0.0000	0.0000	0.0000	0.0004	0.0000	0.0009	0.0001	0.0001	0.0000	0.0006	0.0000	0.0010	19.4094	0.0000	0.0000	1.0009	3.0000	1.2082	5.0456	0.0000	0.0000	0.0000	0.0000	0.0000	0.0000	0.0000	0.0000	0.0000	0.0000	0.0000	0.0000	0.0000	0.0000	0.0000	0.0000	0.0000	0.0000	0.0147	0.0124	0.0023	0.0011	0.0010	0.0001	0.0136	0.0114	0.0022	0.0118	0.0068	0.0049	0.0038	0.0032	0.0006	0.0080	0.0036	0.0044	0.0000	0.0000	0.0000	0.0000	0.0000	0.0000	0.0000	0.0000	0.0000	0.0004	0.0000	0.0009	0.0001	0.0001	0.0000	0.0006	0.0000	0.0010			
13	46	0.0821	13	0	1	0	1	0	0	0	0	N	N	N	N	N	N	N	N	N	N	N	N	0.0000	0.0000	0.0000	0.0000	0.0000	0.0000	0.0000	0.0000	0.0000	0.0000	0.0000	0.0000	0.0000	0.0000	0.0000	0.0000	0.0000	0.0358	0.0000	0.0901	0.0000	0.0001	0.0000	0.0542	0.0000	0.1035	1746.8747	0.0000	0.0001	1.0009	2.0000	1.2082	1.0030	0.0000	0.0000	0.0000	0.0000	0.0000	0.0000	0.0000	0.0000	0.0000	0.0002	0.0000	0.0002	0.0000	0.0000	0.0000	0.0002	0.0000	0.0002	0.0097	0.0082	0.0015	0.0006	0.0006	0.0000	0.0091	0.0076	0.0015	0.0043	0.0026	0.0017	0.0015	0.0013	0.0002	0.0029	0.0014	0.0015	0.0000	0.0000	0.0000	0.0000	0.0000	0.0000	0.0000	0.0000	0.0000	0.0358	0.0000	0.0901	0.0000	0.0001	0.0000	0.0542	0.0000	0.1035		
13	47	0.0821	12	0	1	0	1	0	0	0	0	N	N	N	N	N	N	N	N	N	N	N	N	0.0000	0.0000	0.0000	0.0000	0.0000	0.0000	0.0000	0.0000	0.0000	0.0000	0.0000	0.0000	0.0000	0.0000	0.0000	0.0000	0.0055	0.0041	0.0084	0.0060	0.0062	0.0000	0.0051	0.0000	0.0090	1.0030	0.0000	-0.0000	1.0009	0.0000	1.2082	0.0582	0.0000	0.0000	0.0000	0.0000	0.0000	0.0000	0.0000	0.0000	0.0000	0.0000	0.0000	0.0000	0.0000	0.0000	0.0000	0.0000	0.0000	0.0000	0.0000	0.0000	0.0000	0.0000	0.0000	0.0000	0.0000	0.0000	0.0000	0.0003	0.0002	0.0001	0.0001	0.0001	0.0000	0.0002	0.0001	0.0001	0.0000	0.0000	0.0000	0.0000	0.0000	0.0000	0.0000	0.0000	0.0000	0.0055	0.0041	0.0084	0.0060	0.0062	0.0000	0.0051	0.0000	0.0090			
13	48	0.0783	11	0	1	0	1	0	0	0	0	N	N	N	N	N	N	N	N	N	N	N	N	0.0000	0.0000	0.0000	0.0000	0.0000	0.0000	0.0000	0.0000	0.0000	0.0000	0.0000	0.0000	0.0000	0.0000	0.0000	0.0000	0.0000	0.0001	0.0000	0.0003	0.0001	0.0001	0.0000	0.0002	0.0000	0.0003	2.8529	0.0000	0.0000	1.0009	0.0018	1.2082	3.9096	0.0000	0.0000	0.0000	0.0000	0.0000	0.0000	0.0000	0.0000	0.0000	0.0000	0.0000	0.0000	0.0000	0.0000	0.0000	0.0000	0.0000	0.0000	0.0000	0.0000	0.0000	0.0000	0.0000	0.0000	0.0000	0.0000	0.0000	0.0083	0.0056	0.0027	0.0033	0.0030	0.0003	0.0050	0.0027	0.0023	0.0000	0.0000	0.0000	0.0000	0.0000	0.0000	0.0000	0.0000	0.0000	0.0001	0.0000	0.0003	0.0001	0.0001	0.0000	0.0002	0.0000	0.0003		
13	49	0.0688	10	0	1	0	1	0	0	0	0	N	N	N	N	N	N	N	N	N	N	N	N	0.0000	0.0000	0.0000	0.0000	0.0000	0.0000	0.0000	0.0000	0.0000	0.0000	0.0000	0.0000	0.0000	0.0000	0.0000	0.0000	0.0000	0.0000	0.0000	0.0001	0.0000	0.0000	0.0000	0.0000	0.0000	0.0001	42.2540	0.0000	0.0000	1.0009	2.0031	1.2082	6.0601	0.0000	0.0000	0.0000	0.0000	0.0000	0.0000	0.0000	0.0000	0.0000	0.0000	0.0000	0.0000	0.0000	0.0000	0.0000	0.0000	0.0000	0.0000	0.0099	0.0084	0.0015	0.0007	0.0007	0.0000	0.0091	0.0077	0.0015	0.0120	0.0070	0.0050	0.0036	0.0032	0.0004	0.0085	0.0039	0.0046	0.0000	0.0000	0.0000	0.0000	0.0000	0.0000	0.0000	0.0000	0.0000	0.0000	0.0000	0.0001	0.0000	0.0000	0.0000	0.0000	0.0000	0.0001		
13	50	0.0275	4	0	0	1	1	0	0	0	0	N	N	N	N	N	N	N	N	N	N	N	N	0.0000	0.0000	0.0000	0.0000	0.0000	0.0000	0.0000	0.0000	0.0000	0.0000	0.0000	0.0000	0.0000	0.0000	0.0000	0.0000	0.0000	0.0000	0.0000	0.0000	1.0009	0.0004	1.2082	0.9852	0.0000	0.0000	0.0000	0.0000	0.0000	0.0000	0.0000	0.0000	0.0000	0.0000	0.0000	0.0000	0.0000	0.0000	0.0000	0.0000	0.0000	0.0000	0.0000	0.0000	0.0000	0.0000	0.0000	0.0000	0.0000	0.0000	0.0000	0.0014	0.0008	0.0006	0.0002	0.0002	0.0000	0.0012	0.0006	0.0006	0.0000	0.0000	0.0000	0.0000	0.0000	0.0000	0.0000	0.0000	0.0000	0.0000	0.0000	0.0000	0.0000	0.0000	0.0000	0.0000	0.0000	0.0000											
13	51	0.0167	3	0	0	0	1	0	0	0	0	N	N	N	N	N	N	N	N	N	N	N	N	0.0000	0.0000	0.0000	0.0047	0.0043	0.0000	0.0000	0.0000	0.0000	0.0000	0.0000	0.0000	0.0000	0.0000	0.0000	0.0000	0.0000	0.0075	0.0055	0.0101	0.0005	0.0006	0.0000	0.0086	0.0068	0.0105	0.0000	1.4505	-0.0000	-0.0000	1.0009	10.7574	1.2082	12.9024	0.0000	0.0000	0.0000	0.0000	0.0000	0.0000	0.0000	0.0000	0.0000	0.0002	0.0001	0.0001	0.0000	0.0000	0.0000	0.0002	0.0001	0.0001	0.0550	0.0466	0.0084	0.0024	0.0023	0.0001	0.0527	0.0443	0.0083	0.0331	0.0185	0.0146	0.0043	0.0038	0.0005	0.0288	0.0147	0.0141	0.0000	0.0000	0.0000	0.0047	0.0043	0.0000	0.0000	0.0000	0.0000	0.0075	0.0055	0.0101	0.0005	0.0006	0.0000	0.0086	0.0068	0.0105	
13	56	0.0688	10	1	1	0	1	0	0	0	0	N	N	N	N	N	N	N	N	N	N	N	N	0.0000	0.0000	0.0000	0.0000	0.0000	0.0000	0.0000	0.0000	0.0000	0.0000	0.0000	0.0000	0.0000	0.0000	0.0000	0.0000	0.0000	0.0000	0.0000	0.0000	1.0009	0.0000	1.2082	10.9971	0.0000	0.0000	0.0000	0.0000	0.0000	0.0000	0.0000	0.0000	0.0000	0.0000	0.0000	0.0000	0.0000	0.0000	0.0000	0.0000	0.0000	0.0000	0.0000	0.0000	0.0000	0.0000	0.0000	0.0000	0.0000	0.0000	0.0000	0.0156	0.0091	0.0065	0.0045	0.0040	0.0005	0.0111	0.0052	0.0060	0.0000	0.0000	0.0000	0.0000	0.0000	0.0000	0.0000	0.0000	0.0000	0.0000	0.0000	0.0000	0.0000	0.0000	0.0000	0.0000	0.0000	0.0000											
13	57	0.1241	13	0	0	0	1	0	0	0	0	N	N	N	N	N	N	N	N	N	N	N	N	0.0000	0.0000	0.0000	0.0000	0.0000	0.0000	0.0000	0.0000	0.0000	0.0000	0.0000	0.0000	0.0000	0.0000	0.0000	0.0000	0.0000	0.0000	2.8558	0.0309	8.9776	0.0484	0.0541	0.0015	4.9577	0.0017	10.5326	134.0284	0.0000	0.0748	1.0009	7.8198	1.2082	21.5823	0.0000	0.0000	0.0000	0.0000	0.0000	0.0000	0.0000	0.0000	0.0000	0.1979	0.0015	0.1965	0.0014	0.0014	0.0000	0.1965	0.0000	0.1965	0.0652	0.0576	0.0077	0.0210	0.0203	0.0008	0.0442	0.0373	0.0069	0.0693	0.0474	0.0219	0.0297	0.0264	0.0032	0.0396	0.0210	0.0187	0.0000	0.0000	0.0000	0.0000	0.0000	0.0000	0.0000	0.0000	0.0000	2.8558	0.0309	8.9776	0.0484	0.0541	0.0015	4.9577	0.0017	10.5326	
13	58	0.1046	14	1	1	1	1	0	0	0	0	N	N	N	N	N	N	N	N	N	N	N	N	0.0000	0.0000	0.0000	0.0000	0.0000	0.0000	0.0000	0.0000	0.0000	0.0000	0.0000	0.0000	0.0000	0.0000	0.0000	0.0000	0.0000	0.0000	0.0000	0.0000	0.0000	0.0000	0.1905	0.0000	-0.0000	1.0009	2.0055	1.2082	11.8091	0.0000	0.0000	0.0000	0.0000	0.0000	0.0000	0.0000	0.0000	0.0000	0.0000	0.0000	0.0000	0.0000	0.0000	0.0000	0.0000	0.0000	0.0000	0.0098	0.0083	0.0015	0.0008	0.0007	0.0000	0.0091	0.0076	0.0015	0.0184	0.0112	0.0072	0.0060	0.0052	0.0008	0.0124	0.0060	0.0064	0.0000	0.0000	0.0000	0.0000	0.0000	0.0000	0.0000	0.0000	0.0000	0.0000	0.0000	0.0000	0.0000	0.0000	0.0000	0.0000	0.0000	0.0000						
13	59	0.0991	13	1	0	1	1	0	0	0	0	N	N	N	N	N	N	N	N	N	N	N	N	0.1708	0.2101	0.0000	0.0000	0.0000	0.3479	inf	0.0000	0.0000	0.0000	0.0000	0.0000	0.0000	0.0000	0.0000	0.0000	0.0000	0.0000	0.0000	0.0000	0.0000	0.0000	0.0000	0.0000	0.0000	0.0000	0.0000	0.6098	-0.0000	-0.0000	1.0009	1.9951	1.2082	2.5667	0.0000	0.0000	0.0000	0.0000	0.0000	0.0000	0.0000	0.0000	0.0000	0.0000	0.0000	0.0000	0.0000	0.0000	0.0000	0.0000	0.0000	0.0000	0.0097	0.0082	0.0015	0.0007	0.0007	0.0000	0.0090	0.0076	0.0015	0.0078	0.0051	0.0028	0.0030	0.0026	0.0003	0.0049	0.0024	0.0025	0.1708	0.2101	0.0000	0.0000	0.0000	0.0000	0.3479	inf	0.0000	0.0000	0.0000	0.0000	0.0000	0.0000	0.0000	0.0000	0.0000	0.0000	
13	60	0.0924	12	1	0	1	1	0	0	0	0	N	N	N	N	N	N	N	N	N	N	N	N	0.0000	0.0000	0.0000	0.0000	0.0000	0.0000	0.0000	0.0000	0.0000	0.0000	0.0000	0.0000	0.0000	0.0000	0.0000	0.0000	0.0000	0.0000	0.0000	0.0000	0.0000	0.0000	0.0000	0.0000	0.0000	0.0000	0.3795	0.0000	-0.0000	1.0009	0.0108	1.2082	3.6229	0.0000	0.0000	0.0000	0.0000	0.0000	0.0000	0.0000	0.0000	0.0000	0.0000	0.0000	0.0000	0.0000	0.0000	0.0000	0.0000	0.0000	0.0000	0.0001	0.0001	0.0000	0.0000	0.0000	0.0000	0.0001	0.0000	0.0000	0.0090	0.0069	0.0021	0.0044	0.0039	0.0005	0.0047	0.0030	0.0017	0.0000	0.0000	0.0000	0.0000	0.0000	0.0000	0.0000	0.0000	0.0000	0.0000	0.0000	0.0000	0.0000	0.0000	0.0000	0.0000	0.0000	0.0000		
13	61	0.0444	11	0	1	0	1	0	0	0	0	N	N	N	N	N	N	N	N	N	N	N	N	0.0000	0.0000	0.0000	0.0000	0.0000	0.0000	0.0000	0.0000	0.0000	0.0000	0.0000	0.0000	0.0000	0.0000	0.0000	0.0000	0.0000	0.0000	0.0000	0.0000	0.0000	0.0000	0.0000	0.0000	-0.0000	1.0009	4.0917	1.2082	8.0988	0.0000	0.0000	0.0000	0.0000	0.0000	0.0000	0.0000	0.0000	0.0000	0.0000	0.0000	0.0000	0.0000	0.0000	0.0000	0.0000	0.0000	0.0000	0.0223	0.0190	0.0032	0.0028	0.0027	0.0001	0.0195	0.0163	0.0031	0.0249	0.0162	0.0087	0.0090	0.0084	0.0006	0.0159	0.0077	0.0081	0.0000	0.0000	0.0000	0.0000	0.0000	0.0000	0.0000	0.0000	0.0000	0.0000	0.0000	0.0000	0.0000	0.0000	0.0000	0.0000	0.0000	0.0000						
13	62	0.0406	10	0	1	0	1	0	0	0	0	N	N	N	N	N	N	N	N	N	N	N	N	0.0000	0.0000	0.0000	0.0000	0.0000	0.0000	0.0000	0.0000	0.0000	0.0000	0.0000	0.0000	0.0000	0.0000	0.0000	0.0000	0.0000	0.0000	0.0000	0.0000	0.0000	0.0000	0.0000	0.0000	0.0000	0.0000	3.1003	-0.0000	0.0000	1.0009	2.1165	1.2082	5.0852	0.0000	0.0000	0.0000	0.0000	0.0000	0.0000	0.0000	0.0000	0.0000	0.0000	0.0000	0.0000	0.0000	0.0000	0.0000	0.0000	0.0000	0.0000	0.0103	0.0087	0.0016	0.0008	0.0007	0.0000	0.0095	0.0080	0.0016	0.0121	0.0070	0.0050	0.0036	0.0033	0.0004	0.0084	0.0038	0.0047	0.0000	0.0000	0.0000	0.0000	0.0000	0.0000	0.0000	0.0000	0.0000	0.0000	0.0000	0.0000	0.0000	0.0000	0.0000	0.0000	0.0000	0.0000		
13	63	0.0924	12	1	0	1	1	0	0	0	0	N	N	N	N	N	N	N	N	N	N	N	N	0.0000	0.0000	0.0000	0.0000	0.0000	0.0000	0.0000	0.0000	0.0000	0.0000	0.0000	0.0000	0.0000	0.0000	0.0000	0.0000	0.0000	0.0000	0.0000	0.0000	0.0000	0.0000	0.0000	0.0000	0.2707	0.0000	-0.0000	1.0009	3.9990	1.2082	8.8702	0.0000	0.0000	0.0000	0.0000	0.0000	0.0000	0.0000	0.0000	0.0000	0.0000	0.0000	0.0000	0.0000	0.0000	0.0000	0.0000	0.0000	0.0000	0.0192	0.0165	0.0026	0.0014	0.0013	0.0001	0.0178	0.0152	0.0025	0.0205	0.0134	0.0071	0.0074	0.0065	0.0010	0.0131	0.0070	0.0061	0.0000	0.0000	0.0000	0.0000	0.0000	0.0000	0.0000	0.0000	0.0000	0.0000	0.0000	0.0000	0.0000	0.0000	0.0000	0.0000	0.0000	0.0000				
13	64	0.0722	11	1	0	1	1	0	0	0	0	N	N	N	N	N	N	N	N	N	N	N	N	0.0000	0.0000	0.0000	0.0000	0.0000	0.0000	0.0000	0.0000	0.0000	0.0000	0.0000	0.0000	0.0000	0.0000	0.0000	0.0000	0.0000	0.0002	0.0004	0.0000	0.0007	0.0007	0.0000	0.0000	0.0000	0.0000	0.0112	0.0000	-0.0000	1.0009	3.9972	1.2082	6.8232	0.0000	0.0000	0.0000	0.0000	0.0000	0.0000	0.0000	0.0000	0.0000	0.0000	0.0000	0.0000	0.0000	0.0000	0.0000	0.0000	0.0000	0.0000	0.0206	0.0174	0.0031	0.0024	0.0022	0.0002	0.0181	0.0152	0.0029	0.0196	0.0121	0.0075	0.0066	0.0061	0.0005	0.0130	0.0060	0.0070	0.0000	0.0000	0.0000	0.0000	0.0000	0.0000	0.0000	0.0000	0.0000	0.0002	0.0004	0.0000	0.0007	0.0007	0.0000	0.0000	0.0000	0.0000		
13	65	0.0483	11	0	1	0	1	0	0	0	0	N	N	N	N	N	N	N	N	N	N	N	N	0.0000	0.0015	0.0000	0.0058	0.0056	0.0000	0.0000	0.0000	0.0000	0.0000	0.0000	0.0000	0.0000	0.0000	0.0000	0.0000	0.0000	0.0021	0.0001	0.0057	0.0001	0.0001	0.0000	0.0030	0.0000	0.0062	0.0000	52.6416	-0.0000	0.0001	1.0009	15.6632	1.2082	35.0639	0.0000	0.0000	0.0000	0.0000	0.0000	0.0000	0.0000	0.0000	0.0000	0.0002	0.0000	0.0002	0.0000	0.0000	0.0000	0.0002	0.0000	0.0002	0.0750	0.0636	0.0113	0.0080	0.0074	0.0006	0.0669	0.0562	0.0107	0.0753	0.0486	0.0267	0.0239	0.0215	0.0023	0.0514	0.0270	0.0244	0.0000	0.0015	0.0000	0.0058	0.0056	0.0000	0.0000	0.0000	0.0000	0.0021	0.0001	0.0057	0.0001	0.0001	0.0000	0.0030	0.0000	0.0062	
13	66	0.0483	11	0	0	1	1	0	0	0	0	N	N	N	N	N	N	N	N	N	N	N	N	0.0000	0.0000	0.0000	0.0000	0.0000	0.0000	0.0000	0.0000	0.0000	0.0000	0.0000	0.0000	0.0000	0.0000	0.0000	0.0023	0.0000	0.0078	0.0000	0.0000	0.0000	0.0037	0.0000	0.0085	inf	0.0000	0.0000	1.0009	4.9998	1.2082	10.1184	0.0000	0.0000	0.0000	0.0000	0.0000	0.0000	0.0000	0.0000	0.0000	0.0001	0.0000	0.0001	0.0000	0.0000	0.0000	0.0001	0.0000	0.0001	0.0271	0.0231	0.0040	0.0047	0.0043	0.0004	0.0224	0.0187	0.0036	0.0399	0.0283	0.0116	0.0158	0.0149	0.0010	0.0240	0.0134	0.0106	0.0000	0.0000	0.0000	0.0000	0.0000	0.0000	0.0000	0.0000	0.0000	0.0023	0.0000	0.0078	0.0000	0.0000	0.0000	0.0037	0.0000	0.0085				
13	67	0.0375	9	0	1	0	1	0	0	0	0	N	N	N	N	N	N	N	N	N	N	N	N	0.0056	0.5127	0.0000	1.0224	2.8054	0.0000	0.0000	0.0000	0.0000	0.0000	0.0000	0.0000	0.0000	0.0000	0.0000	0.0000	0.0000	0.0000	0.0001	0.0000	0.0002	0.0000	0.0000	0.0000	0.0001	0.0000	0.0002	0.0000	125.5102	-0.0000	0.0000	1.0009	10.9928	1.2082	18.5513	0.0000	0.0000	0.0000	0.0000	0.0000	0.0000	0.0000	0.0000	0.0000	0.0000	0.0000	0.0000	0.0000	0.0000	0.0000	0.0000	0.0000	0.0000	0.0517	0.0441	0.0076	0.0046	0.0042	0.0004	0.0471	0.0399	0.0072	0.0426	0.0265	0.0161	0.0094	0.0087	0.0006	0.0332	0.0178	0.0154	0.0056	0.5127	0.0000	1.0224	2.8054	0.0000	0.0000	0.0000	0.0000	0.0001	0.0000	0.0002	0.0000	0.0000	0.0000	0.0001	0.0000	0.0002
13	68	0.0375	8	0	0	0	1	0	0	0	0	N	N	N	N	N	N	N	N	N	N	N	N	0.0556	0.0465	0.1499	0.0695	0.0713	0.0000	0.0480	0.0000	0.1558	0.0000	0.0000	0.0002	0.0000	0.0000	0.0000	0.0000	0.0000	0.0002	0.0005	0.0003	0.0011	0.0006	0.0006	0.0008	0.0005	0.0000	0.0011	0.9763	0.9942	-0.0000	-0.0000	1.0009	0.0861	1.2082	1.0715	0.0000	0.0000	0.0000	0.0000	0.0000	0.0000	0.0000	0.0000	0.0000	0.0000	0.0000	0.0000	0.0000	0.0000	0.0000	0.0000	0.0000	0.0000	0.0012	0.0011	0.0001	0.0004	0.0004	0.0000	0.0007	0.0006	0.0001	0.0091	0.0069	0.0022	0.0041	0.0040	0.0000	0.0051	0.0028	0.0022	0.0556	0.0465	0.1499	0.0695	0.0713	0.0000	0.0480	0.0000	0.1558	0.0005	0.0003	0.0011	0.0006	0.0006	0.0008	0.0005	0.0000	0.0011
13	69	0.1018	12	1	0	1	1	0	0	0	0	N	N	N	N	N	N	N	N	N	N	N	N	0.0000	0.0000	0.0000	0.0000	0.0000	0.0000	0.0000	0.0000	0.0000	0.0000	0.0000	0.0000	0.0000	0.0000	0.0000	0.0000	0.0000	0.0000	0.0000	0.0000	0.0000	0.0000	0.0000	0.0000	0.0000	5.3333	0.0000	0.0000	1.0009	1.0000	1.2082	3.0001	0.0000	0.0000	0.0000	0.0000	0.0000	0.0000	0.0000	0.0000	0.0000	0.0000	0.0000	0.0000	0.0000	0.0000	0.0000	0.0000	0.0000	0.0000	0.0048	0.0041	0.0008	0.0005	0.0005	0.0000	0.0043	0.0036	0.0007	0.0051	0.0030	0.0021	0.0015	0.0013	0.0002	0.0036	0.0017	0.0019	0.0000	0.0000	0.0000	0.0000	0.0000	0.0000	0.0000	0.0000	0.0000	0.0000	0.0000	0.0000	0.0000	0.0000	0.0000	0.0000	0.0000	0.0000			
13	70	0.1018	11	1	0	1	1	0	0	0	0	N	N	N	N	N	N	N	N	N	N	N	N	0.0000	0.0000	0.0000	0.0000	0.0000	0.0000	0.0000	0.0000	0.0000	0.0000	0.0000	0.0000	0.0000	0.0000	0.0000	0.0000	0.0054	0.0045	0.0066	0.0060	0.0062	0.0000	0.0049	0.0000	0.0068	1.0000	0.0000	-0.0000	1.0009	0.0000	1.2082	0.0009	0.0000	0.0000	0.0000	0.0000	0.0000	0.0000	0.0000	0.0000	0.0000	0.0000	0.0000	0.0000	0.0000	0.0000	0.0000	0.0000	0.0000	0.0000	0.0000	0.0000	0.0000	0.0000	0.0000	0.0000	0.0000	0.0000	0.0000	0.0000	0.0000	0.0000	0.0000	0.0000	0.0000	0.0000	0.0000	0.0000	0.0000	0.0000	0.0000	0.0000	0.0000	0.0000	0.0000	0.0000	0.0000	0.0054	0.0045	0.0066	0.0060	0.0062	0.0000	0.0049	0.0000	0.0068			
13	71	0.0688	10	1	0	1	1	0	0	0	0	N	N	N	N	N	N	N	N	N	N	N	N	0.0000	0.0000	0.0000	0.0000	0.0000	0.0000	0.0000	0.0000	0.0000	0.0000	0.0000	0.0000	0.0000	0.0054	0.0000	0.0129	0.0000	0.0000	0.0000	0.0074	0.0000	0.0141	inf	0.0000	0.0001	1.0009	9.9966	1.2082	12.9129	0.0000	0.0000	0.0000	0.0000	0.0000	0.0000	0.0000	0.0000	0.0000	0.0002	0.0000	0.0002	0.0000	0.0000	0.0000	0.0002	0.0000	0.0002	0.0472	0.0400	0.0072	0.0033	0.0031	0.0002	0.0439	0.0369	0.0070	0.0297	0.0173	0.0124	0.0081	0.0071	0.0010	0.0216	0.0103	0.0114	0.0000	0.0000	0.0000	0.0000	0.0000	0.0000	0.0000	0.0000	0.0000	0.0054	0.0000	0.0129	0.0000	0.0000	0.0000	0.0074	0.0000	0.0141						
13	72	0.0356	9	0	1	0	2	0	0	0	0	N	N	N	Y	N	N	N	N	N	N	N	N	0.0000	0.0000	0.0000	0.0000	0.0000	0.0000	0.0000	0.0000	0.0000	0.0000	0.0000	0.0000	0.0000	0.0029	0.0000	0.0070	0.0000	0.0000	0.0000	0.0038	0.0000	0.0075	inf	0.0000	0.0001	1.0009	13.0000	1.2082	39.1663	0.0000	0.0000	0.0000	0.0000	0.0000	0.0000	0.0000	0.0000	0.0000	0.0002	0.0000	0.0002	0.0000	0.0000	0.0000	0.0002	0.0000	0.0002	0.0605	0.0512	0.0093	0.0044	0.0042	0.0003	0.0560	0.0470	0.0090	0.0617	0.0359	0.0259	0.0140	0.0122	0.0018	0.0477	0.0236	0.0241	0.0000	0.0000	0.0000	0.0000	0.0000	0.0000	0.0000	0.0000	0.0000	0.0029	0.0000	0.0070	0.0000	0.0000	0.0000	0.0038	0.0000	0.0075						
13	73	0.0332	8	0	1	0	1	0	0	0	0	N	N	N	N	N	N	N	N	N	N	N	N	0.0000	0.0000	0.0000	0.0000	0.0000	0.0000	0.0000	0.0000	0.0000	0.0000	0.0000	0.0000	0.0000	0.0000	0.0000	0.0000	0.0014	0.0000	0.0040	0.0000	0.0000	0.0000	0.0020	0.0000	0.0043	27252.5000	0.0000	0.0000	1.0009	3.0003	1.2082	18.1082	0.0000	0.0000	0.0000	0.0000	0.0000	0.0000	0.0000	0.0000	0.0000	0.0000	0.0000	0.0000	0.0000	0.0000	0.0000	0.0000	0.0000	0.0000	0.0145	0.0123	0.0023	0.0011	0.0010	0.0001	0.0135	0.0113	0.0022	0.0341	0.0219	0.0123	0.0095	0.0087	0.0008	0.0247	0.0132	0.0115	0.0000	0.0000	0.0000	0.0000	0.0000	0.0000	0.0000	0.0000	0.0000	0.0014	0.0000	0.0040	0.0000	0.0000	0.0000	0.0020	0.0000	0.0043			
13	74	0.0722	11	0	1	0	1	0	0	0	0	N	N	N	N	N	N	N	N	N	N	N	N	0.0000	0.0000	0.0000	0.0000	0.0000	0.0000	0.0000	0.0000	0.0000	0.0000	0.0000	0.0000	0.0000	0.0000	0.0000	0.0000	0.0000	0.0000	0.0000	0.0000	0.0000	0.0000	0.0000	0.0000	8.0000	0.0000	0.0000	1.0009	7.0046	1.2082	18.1036	0.0000	0.0000	0.0000	0.0000	0.0000	0.0000	0.0000	0.0000	0.0000	0.0000	0.0000	0.0000	0.0000	0.0000	0.0000	0.0000	0.0000	0.0000	0.0347	0.0294	0.0053	0.0034	0.0031	0.0003	0.0313	0.0263	0.0050	0.0362	0.0218	0.0144	0.0109	0.0098	0.0012	0.0253	0.0120	0.0133	0.0000	0.0000	0.0000	0.0000	0.0000	0.0000	0.0000	0.0000	0.0000	0.0000	0.0000	0.0000	0.0000	0.0000	0.0000	0.0000	0.0000	0.0000				
13	75	0.0688	10	0	0	0	1	0	0	0	0	N	N	N	N	N	N	N	N	N	N	N	N	1.2385	90.0165	0.0606	0.0000	0.0000	0.9467	115.6472	0.0583	0.0009	0.0010	0.0001	0.0000	0.0000	0.0000	0.0010	0.0011	0.0001	0.0007	0.0000	0.0017	0.0000	0.0000	0.0000	0.0010	0.0000	0.0018	0.0172	106.3957	-0.0000	0.0000	1.0009	0.2435	1.2082	3.2922	0.0000	0.0000	0.0000	0.0000	0.0000	0.0000	0.0000	0.0000	0.0000	0.0000	0.0000	0.0000	0.0000	0.0000	0.0000	0.0000	0.0000	0.0000	0.0013	0.0011	0.0002	0.0002	0.0001	0.0000	0.0012	0.0010	0.0002	0.0063	0.0037	0.0026	0.0021	0.0019	0.0002	0.0042	0.0018	0.0024	1.2385	90.0165	0.0606	0.0000	0.0000	0.0000	0.9467	115.6472	0.0583	0.0007	0.0000	0.0017	0.0000	0.0000	0.0000	0.0010	0.0000	0.0018	
13	76	0.0356	9	0	0	0	1	0	0	0	0	N	N	N	N	N	N	N	N	N	N	N	N	0.0000	0.0000	0.0000	0.0000	0.0000	0.0000	0.0000	0.0000	0.0000	0.0000	0.0000	0.0000	0.0000	0.0028	0.0000	0.0067	0.0000	0.0000	0.0000	0.0037	0.0000	0.0072	inf	0.0000	0.0000	1.0009	7.0044	1.2082	20.1113	0.0000	0.0000	0.0000	0.0000	0.0000	0.0000	0.0000	0.0000	0.0000	0.0001	0.0000	0.0001	0.0000	0.0000	0.0000	0.0001	0.0000	0.0001	0.0334	0.0282	0.0052	0.0024	0.0023	0.0002	0.0309	0.0259	0.0050	0.0357	0.0208	0.0149	0.0086	0.0076	0.0010	0.0271	0.0132	0.0139	0.0000	0.0000	0.0000	0.0000	0.0000	0.0000	0.0000	0.0000	0.0000	0.0028	0.0000	0.0067	0.0000	0.0000	0.0000	0.0037	0.0000	0.0072						
13	77	0.0379	9	0	1	0	1	0	0	0	0	N	N	N	N	N	N	N	N	N	N	N	N	0.0000	0.0000	0.0000	0.0000	0.0000	0.0000	0.0000	0.0000	0.0000	0.0000	0.0000	0.0000	0.0000	0.0000	0.0000	0.0000	0.0000	0.0000	0.0000	0.0000	0.0000	0.0000	0.0000	0.0000	0.0000	0.0000	-0.0000	1.0009	8.6571	1.2082	16.0761	0.0000	0.0000	0.0000	0.0000	0.0000	0.0000	0.0000	0.0000	0.0000	0.0000	0.0000	0.0000	0.0000	0.0000	0.0000	0.0000	0.0000	0.0000	0.0411	0.0353	0.0057	0.0021	0.0020	0.0001	0.0390	0.0333	0.0056	0.0364	0.0232	0.0131	0.0091	0.0085	0.0006	0.0273	0.0147	0.0126	0.0000	0.0000	0.0000	0.0000	0.0000	0.0000	0.0000	0.0000	0.0000	0.0000	0.0000	0.0000	0.0000	0.0000	0.0000	0.0000	0.0000	0.0000				
13	78	0.0375	8	0	1	0	1	0	0	0	0	N	N	N	N	N	N	N	N	N	N	N	N	0.0000	0.0000	0.0000	0.0000	0.0000	0.0000	0.0000	0.0000	0.0000	0.0000	0.0000	0.0000	0.0000	0.0000	0.0000	0.0000	0.0000	0.0000	0.0000	0.0000	0.0000	0.0000	0.0000	0.0001	0.0000	0.0000	0.0000	0.3559	0.0000	-0.0000	1.0009	0.3645	1.2082	1.9845	0.0000	0.0000	0.0000	0.0000	0.0000	0.0000	0.0000	0.0000	0.0000	0.0000	0.0000	0.0000	0.0000	0.0000	0.0000	0.0000	0.0000	0.0000	0.0025	0.0022	0.0003	0.0005	0.0005	0.0000	0.0020	0.0017	0.0003	0.0106	0.0078	0.0029	0.0043	0.0042	0.0001	0.0063	0.0035	0.0028	0.0000	0.0000	0.0000	0.0000	0.0000	0.0000	0.0000	0.0000	0.0000	0.0000	0.0000	0.0000	0.0000	0.0000	0.0001	0.0000	0.0000	0.0000	
13	79	0.0280	7	0	0	0	1	0	0	0	0	N	N	N	N	N	N	N	N	N	N	N	N	0.0002	0.0000	0.0016	0.0000	0.0000	0.0002	0.0000	0.0016	0.0000	0.0000	0.0000	0.0000	0.0000	0.0000	0.0000	0.0000	0.0000	0.0047	0.0047	0.0047	0.0000	0.0000	0.0000	0.0060	0.0069	0.0049	inf	0.5821	0.0000	-0.0000	1.0009	2.9108	1.2082	14.2456	0.0000	0.0000	0.0000	0.0000	0.0000	0.0000	0.0000	0.0000	0.0000	0.0001	0.0001	0.0000	0.0000	0.0000	0.0000	0.0001	0.0001	0.0000	0.0158	0.0136	0.0023	0.0019	0.0018	0.0001	0.0139	0.0118	0.0022	0.0269	0.0169	0.0100	0.0057	0.0053	0.0005	0.0212	0.0116	0.0096	0.0002	0.0000	0.0016	0.0000	0.0000	0.0000	0.0002	0.0000	0.0016	0.0047	0.0047	0.0047	0.0000	0.0000	0.0000	0.0060	0.0069	0.0049	
13	82	0.0513	12	0	1	0	1	0	0	0	0	N	N	N	N	N	N	N	N	N	N	N	N	0.0321	0.0237	0.0785	0.0765	0.0000	0.0000	0.0000	0.0000	0.0000	0.0000	0.0000	0.0000	0.0000	0.0000	0.0000	0.0000	0.0000	0.0000	0.0000	0.0000	0.0000	0.0000	0.0000	0.0000	-0.0000	-0.0000	1.0009	7.9116	1.2082	21.1247	0.0000	0.0000	0.0000	0.0000	0.0000	0.0000	0.0000	0.0000	0.0000	0.0000	0.0000	0.0000	0.0000	0.0000	0.0000	0.0000	0.0000	0.0000	0.0407	0.0345	0.0062	0.0058	0.0052	0.0006	0.0349	0.0293	0.0057	0.0475	0.0297	0.0178	0.0166	0.0146	0.0020	0.0309	0.0152	0.0158	0.0321	0.0237	0.0000	0.0785	0.0765	0.0000	0.0000	0.0000	0.0000	0.0000	0.0000	0.0000	0.0000	0.0000	0.0000	0.0000	0.0000	0.0000					
13	83	0.0693	13	1	1	0	1	0	0	0	0	N	N	N	N	N	N	N	N	N	N	N	N	0.0000	0.0000	0.0000	0.0000	0.0000	0.0000	0.0000	0.0000	0.0000	0.0000	0.0000	0.0000	0.0000	0.0000	0.0000	0.0000	0.0000	0.0000	0.0000	0.0000	1.0009	0.0000	1.2082	1.8333	0.0000	0.0000	0.0000	0.0000	0.0000	0.0000	0.0000	0.0000	0.0000	0.0000	0.0000	0.0000	0.0000	0.0000	0.0000	0.0000	0.0000	0.0000	0.0000	0.0000	0.0000	0.0000	0.0000	0.0000	0.0000	0.0000	0.0000	0.0041	0.0027	0.0014	0.0014	0.0013	0.0001	0.0027	0.0014	0.0013	0.0000	0.0000	0.0000	0.0000	0.0000	0.0000	0.0000	0.0000	0.0000	0.0000	0.0000	0.0000	0.0000	0.0000	0.0000	0.0000	0.0000	0.0000											
13	84	0.0513	12	1	1	0	1	0	0	0	0	N	N	N	N	N	N	N	N	N	N	N	N	0.1303	512.7926	0.0000	0.0000	0.0000	0.0000	0.0949	inf	0.0000	0.0003	0.0003	0.0000	0.0000	0.0000	0.0000	0.0003	0.0004	0.0000	0.0021	0.0000	0.0058	0.0000	0.0000	0.0000	0.0034	0.0000	0.0066	0.0000	5246.3158	-0.0000	0.0000	1.0009	6.9552	1.2082	13.1226	0.0000	0.0000	0.0000	0.0000	0.0000	0.0000	0.0000	0.0000	0.0000	0.0001	0.0000	0.0001	0.0000	0.0000	0.0000	0.0001	0.0000	0.0001	0.0363	0.0308	0.0056	0.0055	0.0050	0.0006	0.0308	0.0258	0.0050	0.0378	0.0240	0.0138	0.0145	0.0127	0.0017	0.0234	0.0113	0.0121	0.1303	512.7926	0.0000	0.0000	0.0000	0.0000	0.0949	inf	0.0000	0.0021	0.0000	0.0058	0.0000	0.0000	0.0000	0.0034	0.0000	0.0066
13	85	0.0483	11	0	1	0	1	0	0	0	0	N	N	N	N	N	N	N	N	N	N	N	N	0.0041	0.0085	0.0000	0.0000	0.0000	0.0040	0.0066	0.0000	0.0000	0.0000	0.0000	0.0000	0.0000	0.0000	0.0000	0.0000	0.0000	0.0008	0.0004	0.0013	0.0001	0.0001	0.0000	0.0011	0.0008	0.0014	0.0400	2.0408	-0.0000	0.0000	1.0009	0.3374	1.2082	6.1146	0.0000	0.0000	0.0000	0.0000	0.0000	0.0000	0.0000	0.0000	0.0000	0.0000	0.0000	0.0000	0.0000	0.0000	0.0000	0.0000	0.0000	0.0000	0.0025	0.0021	0.0003	0.0008	0.0008	0.0001	0.0017	0.0014	0.0003	0.0150	0.0091	0.0058	0.0055	0.0052	0.0003	0.0095	0.0040	0.0055	0.0041	0.0085	0.0000	0.0000	0.0000	0.0000	0.0040	0.0066	0.0000	0.0008	0.0004	0.0013	0.0001	0.0001	0.0000	0.0011	0.0008	0.0014	
13	86	0.0483	11	0	1	0	1	0	0	0	0	N	N	N	N	N	N	N	N	N	N	N	N	0.0000	0.0000	0.0000	0.0000	0.0000	0.0000	0.0000	0.0000	0.0000	0.0000	0.0000	0.0000	0.0000	0.0000	0.0000	0.0000	0.0001	0.0001	0.0000	0.0000	0.0000	0.0000	0.0000	-0.0000	-0.0000	1.0009	11.0342	1.2082	12.7513	0.0000	0.0000	0.0000	0.0000	0.0000	0.0000	0.0000	0.0000	0.0000	0.0000	0.0000	0.0000	0.0000	0.0000	0.0000	0.0000	0.0000	0.0000	0.0524	0.0444	0.0080	0.0044	0.0041	0.0003	0.0480	0.0403	0.0078	0.0353	0.0212	0.0141	0.0102	0.0092	0.0010	0.0251	0.0120	0.0131	0.0000	0.0000	0.0000	0.0000	0.0000	0.0000	0.0000	0.0000	0.0000	0.0000	0.0000	0.0000	0.0001	0.0001	0.0000	0.0000	0.0000	0.0000						
13	87	0.0406	10	0	1	0	1	0	0	0	0	N	N	N	N	N	N	N	N	N	N	N	N	0.0000	0.0000	0.0000	0.0000	0.0000	0.0000	0.0000	0.0000	0.0000	0.0000	0.0000	0.0000	0.0000	0.0000	0.0000	0.0000	0.0000	0.0000	0.0000	0.0000	0.0000	0.0000	0.0000	0.0001	0.0001	0.0000	0.8437	-0.0000	-0.0000	1.0009	3.9739	1.2082	6.2820	0.0000	0.0000	0.0000	0.0000	0.0000	0.0000	0.0000	0.0000	0.0000	0.0000	0.0000	0.0000	0.0000	0.0000	0.0000	0.0000	0.0000	0.0000	0.0192	0.0162	0.0030	0.0014	0.0013	0.0001	0.0178	0.0149	0.0029	0.0159	0.0093	0.0066	0.0045	0.0040	0.0005	0.0114	0.0052	0.0061	0.0000	0.0000	0.0000	0.0000	0.0000	0.0000	0.0000	0.0000	0.0000	0.0000	0.0000	0.0000	0.0000	0.0000	0.0000	0.0001	0.0001	0.0000		
13	88	0.0356	9	0	1	0	1	0	0	0	0	N	N	N	N	N	N	N	N	N	N	N	N	0.0000	0.0000	0.0000	0.0000	0.0000	0.0000	0.0000	0.0000	0.0000	0.0000	0.0000	0.0000	0.0000	0.0000	0.0000	0.0000	0.0000	0.0000	0.0000	0.0000	0.0000	0.0000	0.0000	0.0000	0.6230	0.0000	-0.0000	1.0009	0.0056	1.2082	5.7021	0.0000	0.0000	0.0000	0.0000	0.0000	0.0000	0.0000	0.0000	0.0000	0.0000	0.0000	0.0000	0.0000	0.0000	0.0000	0.0000	0.0000	0.0000	0.0000	0.0000	0.0000	0.0000	0.0000	0.0000	0.0000	0.0000	0.0000	0.0104	0.0062	0.0042	0.0031	0.0029	0.0002	0.0072	0.0033	0.0040	0.0000	0.0000	0.0000	0.0000	0.0000	0.0000	0.0000	0.0000	0.0000	0.0000	0.0000	0.0000	0.0000	0.0000	0.0000	0.0000	0.0000	0.0000				
13	92	0.1241	13	0	0	0	1	0	0	0	0	N	N	N	N	N	N	N	N	N	N	N	N	0.0000	0.0000	0.0000	0.0000	0.0000	0.0000	0.0000	0.0000	0.0000	0.0000	0.0000	0.0000	0.0000	0.0000	0.0000	0.0000	0.0000	0.1362	0.2070	0.0051	0.3754	0.4301	0.0007	0.0028	0.0000	0.0058	0.0000	0.0134	-0.0000	-0.0077	1.0009	24.8682	1.2082	39.8855	0.0000	0.0000	0.0000	0.0000	0.0000	0.0000	0.0000	0.0000	0.0000	0.0127	0.0126	0.0002	0.0126	0.0126	0.0000	0.0002	0.0000	0.0002	0.1309	0.1135	0.0174	0.0262	0.0247	0.0015	0.1047	0.0888	0.0159	0.0934	0.0607	0.0328	0.0335	0.0292	0.0043	0.0600	0.0315	0.0285	0.0000	0.0000	0.0000	0.0000	0.0000	0.0000	0.0000	0.0000	0.0000	0.1362	0.2070	0.0051	0.3754	0.4301	0.0007	0.0028	0.0000	0.0058	
14	15	0.1041	13	0	1	0	1	0	0	0	0	N	N	N	N	N	N	N	N	N	N	N	N	0.0000	0.0000	0.0000	0.0000	0.0000	0.0000	0.0000	0.0000	0.0000	0.0000	0.0000	0.0000	0.0000	0.0001	0.0001	0.0000	0.0002	0.0003	0.0000	0.0000	0.0000	0.0000	0.0000	0.0000	-0.0000	3.0000	0.9991	13.0223	0.0040	0.0000	0.0000	0.0000	0.0000	0.0000	0.0000	0.0000	0.0000	0.0000	0.0000	0.0000	0.0000	0.0000	0.0000	0.0000	0.0000	0.0000	0.0000	0.0145	0.0122	0.0022	0.0010	0.0009	0.0001	0.0135	0.0113	0.0022	0.0098	0.0059	0.0039	0.0032	0.0027	0.0005	0.0066	0.0031	0.0034	0.0000	0.0000	0.0000	0.0000	0.0000	0.0000	0.0000	0.0000	0.0000	0.0001	0.0001	0.0000	0.0002	0.0003	0.0000	0.0000	0.0000	0.0000						
14	16	0.0910	12	0	1	0	1	0	0	0	0	N	N	N	N	N	N	N	N	N	N	N	N	0.0000	0.0000	0.0000	0.0000	0.0000	0.0000	0.0000	0.0000	0.0000	0.0000	0.0000	0.0000	0.0000	0.0000	0.0000	0.0000	0.0000	3.0690	5.0794	0.0000	0.1165	0.1334	0.0000	4.3127	8.7866	0.0000	0.0000	0.0000	-0.5235	3.0000	5.0907	13.0223	19.6153	0.0000	0.0000	0.0000	0.0000	0.0000	0.0000	0.0000	0.0000	0.0000	0.8516	0.8516	0.0000	0.0096	0.0096	0.0000	0.8420	0.8420	0.0000	0.0810	0.0691	0.0120	0.0086	0.0083	0.0003	0.0724	0.0608	0.0117	0.2775	0.1677	0.1098	0.0822	0.0718	0.0104	0.1952	0.0958	0.0994	0.0000	0.0000	0.0000	0.0000	0.0000	0.0000	0.0000	0.0000	0.0000	3.0690	5.0794	0.0000	0.1165	0.1334	0.0000	4.3127	8.7866	0.0000		
14	17	0.0695	6	1	1	1	0	0	0	0	0	N	N	N	N	N	N	N	N	N	N	N	N	0.0000	0.0000	0.0000	0.0000	0.0000	0.0000	0.0000	0.0000	0.0000	0.0000	0.0000	0.0000	0.0000	0.0000	0.0000	0.0000	0.0000	0.0000	0.0000	0.0001	0.0001	0.0000	0.0000	0.0000	0.0000	0.0421	0.0000	-0.0000	3.0000	1.0000	13.0223	1.0003	0.0000	0.0000	0.0000	0.0000	0.0000	0.0000	0.0000	0.0000	0.0000	0.0000	0.0000	0.0000	0.0000	0.0000	0.0000	0.0000	0.0000	0.0000	0.0140	0.0117	0.0022	0.0005	0.0004	0.0000	0.0135	0.0113	0.0022	0.0202	0.0109	0.0092	0.0043	0.0036	0.0007	0.0159	0.0073	0.0085	0.0000	0.0000	0.0000	0.0000	0.0000	0.0000	0.0000	0.0000	0.0000	0.0000	0.0000	0.0000	0.0001	0.0001	0.0000	0.0000	0.0000	0.0000			
14	18	0.0822	6	0	2	0	0	0	0	0	0	N	Y	N	N	N	N	N	N	N	N	N	N	0.0000	0.0000	0.0000	0.0000	0.0000	0.0000	0.0000	0.0000	0.0000	0.0000	0.0000	0.0000	0.0000	0.0000	0.0000	0.0000	0.0000	0.0009	0.0001	0.0026	0.0001	0.0001	0.0000	0.0015	0.0000	0.0032	19.2575	0.0000	0.0001	3.0000	0.0005	13.0223	9.9413	0.0000	0.0000	0.0000	0.0000	0.0000	0.0000	0.0000	0.0000	0.0000	0.0002	0.0000	0.0002	0.0000	0.0000	0.0000	0.0002	0.0000	0.0002	0.0077	0.0071	0.0005	0.0039	0.0039	0.0000	0.0038	0.0032	0.0005	0.2376	0.1635	0.0741	0.1128	0.0989	0.0138	0.1248	0.0646	0.0603	0.0000	0.0000	0.0000	0.0000	0.0000	0.0000	0.0000	0.0000	0.0000	0.0009	0.0001	0.0026	0.0001	0.0001	0.0000	0.0015	0.0000	0.0032		
14	19	0.0395	5	1	2	0	0	0	0	0	0	N	Y	N	N	N	N	N	N	N	N	N	N	0.0000	0.0000	0.0000	0.0000	0.0000	0.0000	0.0000	0.0000	0.0000	0.0000	0.0000	0.0000	0.0000	0.0000	0.0000	0.0000	0.0000	0.0000	0.4056	0.0112	0.9334	0.0428	0.0331	0.1286	0.5056	0.0000	0.9770	62.1444	0.0000	0.0366	3.0000	4.7901	13.0223	15.0000	0.0000	0.0000	0.0000	0.0000	0.0000	0.0000	0.0000	0.0000	0.0000	0.0991	0.0016	0.0976	0.0023	0.0016	0.0007	0.0969	0.0000	0.0969	0.0692	0.0585	0.0107	0.0012	0.0012	0.0000	0.0680	0.0573	0.0107	0.2444	0.1399	0.1045	0.0528	0.0474	0.0054	0.1916	0.0925	0.0992	0.0000	0.0000	0.0000	0.0000	0.0000	0.0000	0.0000	0.0000	0.0000	0.4056	0.0112	0.9334	0.0428	0.0331	0.1286	0.5056	0.0000	0.9770	
14	20	0.0365	4	1	2	0	0	0	0	0	0	N	Y	N	N	N	N	N	N	N	N	N	N	0.0000	0.0000	0.0000	0.0000	0.0000	0.0000	0.0000	0.0000	0.0000	0.0000	0.0000	0.0000	0.0000	0.0000	0.0000	0.0000	0.0000	0.0000	16.1395	0.0326	96.5721	0.0007	0.0006	0.0016	19.9042	0.0476	90.9261	931.5683	0.0000	0.3472	3.0000	1.2170	13.0223	3.4655	0.0000	0.0000	0.0000	0.0000	0.0000	0.0000	0.0000	0.0000	0.0000	0.9037	0.0010	0.9027	0.0000	0.0000	0.0000	0.9037	0.0010	0.9027	0.0176	0.0148	0.0027	0.0003	0.0002	0.0000	0.0173	0.0146	0.0027	0.0560	0.0297	0.0263	0.0106	0.0094	0.0011	0.0454	0.0202	0.0252	0.0000	0.0000	0.0000	0.0000	0.0000	0.0000	0.0000	0.0000	0.0000	16.1395	0.0326	34.3187	0.0007	0.0006	0.0016	19.9042	0.0476	35.8823	
14	21	0.0233	2	0	2	0	0	0	0	0	0	N	Y	N	N	N	N	N	N	N	N	N	N	0.0049	0.0030	0.0000	4.8700	4.8340	0.0000	0.0000	0.0000	0.0000	0.0007	0.0008	0.0000	61.0154	61.0391	0.0000	0.0000	0.0000	0.0000	0.1449	0.2807	0.0003	12.5288	12.6271	0.0005	0.0002	0.0000	0.0003	0.0000	0.0011	-0.0000	-0.0133	3.0000	2.0000	13.0223	11.9921	0.0000	0.0000	0.0000	0.0000	0.0000	0.0000	0.0000	0.0000	0.0000	0.0217	0.0217	0.0000	0.0217	0.0217	0.0000	0.0000	0.0000	0.0000	0.0282	0.0238	0.0045	0.0000	0.0000	0.0000	0.0282	0.0238	0.0045	0.1498	0.0772	0.0725	0.0017	0.0017	0.0000	0.1480	0.0755	0.0725	0.0049	0.0030	0.0000	4.8700	4.8340	0.0000	0.0000	0.0000	0.0000	0.1449	0.2807	0.0003	12.5288	12.6271	0.0005	0.0002	0.0000	0.0003
14	22	0.0365	4	0	2	0	0	0	0	0	0	N	Y	N	N	N	N	N	N	N	N	N	N	0.0000	0.0000	0.0000	0.0000	0.0000	0.0000	0.0000	0.0000	0.0000	0.0000	0.0000	0.0000	0.0000	0.0001	0.0001	0.0000	0.0005	0.0006	0.0000	0.0000	0.0000	0.0000	0.0000	0.0000	-0.0000	3.0000	2.9966	13.0223	14.0927	0.0000	0.0000	0.0000	0.0000	0.0000	0.0000	0.0000	0.0000	0.0000	0.0000	0.0000	0.0000	0.0000	0.0000	0.0000	0.0000	0.0000	0.0000	0.0425	0.0358	0.0067	0.0004	0.0003	0.0000	0.0421	0.0355	0.0067	0.1737	0.0895	0.0843	0.0253	0.0213	0.0040	0.1484	0.0681	0.0803	0.0000	0.0000	0.0000	0.0000	0.0000	0.0000	0.0000	0.0000	0.0000	0.0001	0.0001	0.0000	0.0005	0.0006	0.0000	0.0000	0.0000	0.0000						
14	23	0.1000	11	0	2	1	1	0	0	0	0	N	Y	N	N	N	N	N	N	N	N	N	N	0.0000	0.0000	0.0000	0.0000	0.0000	0.0000	0.0000	0.0000	0.0000	0.0000	0.0000	0.0000	0.0000	0.0000	0.0000	0.0000	0.0000	0.0000	0.0000	0.0000	0.0000	0.0000	0.0000	0.0000	-0.0000	3.0000	0.3092	13.0223	0.1355	0.0000	0.0000	0.0000	0.0000	0.0000	0.0000	0.0000	0.0000	0.0000	0.0000	0.0000	0.0000	0.0000	0.0000	0.0000	0.0000	0.0000	0.0000	0.0071	0.0059	0.0011	0.0019	0.0018	0.0000	0.0052	0.0041	0.0011	0.0076	0.0050	0.0026	0.0030	0.0028	0.0002	0.0046	0.0022	0.0023	0.0000	0.0000	0.0000	0.0000	0.0000	0.0000	0.0000	0.0000	0.0000	0.0000	0.0000	0.0000	0.0000	0.0000	0.0000	0.0000	0.0000	0.0000						
14	24	0.0894	10	0	1	0	1	0	0	0	0	N	N	N	N	N	N	N	N	N	N	N	N	0.0000	0.0000	0.0000	0.0000	0.0000	0.0000	0.0000	0.0000	0.0000	0.0000	0.0000	0.0000	0.0000	0.0000	0.0000	0.0551	0.0931	0.0000	0.0018	0.0022	0.0000	0.0785	0.1613	0.0000	0.0000	0.0000	-0.0060	3.0000	6.2779	13.0223	13.9173	0.0000	0.0000	0.0000	0.0000	0.0000	0.0000	0.0000	0.0000	0.0000	0.0098	0.0098	0.0000	0.0001	0.0001	0.0000	0.0097	0.0097	0.0000	0.0831	0.0712	0.0120	0.0105	0.0100	0.0005	0.0727	0.0612	0.0115	0.1779	0.1053	0.0726	0.0543	0.0451	0.0092	0.1235	0.0601	0.0634	0.0000	0.0000	0.0000	0.0000	0.0000	0.0000	0.0000	0.0000	0.0000	0.0551	0.0931	0.0000	0.0018	0.0022	0.0000	0.0785	0.1613	0.0000				
14	25	0.0784	7	0	2	0	0	0	0	0	0	N	Y	N	N	N	N	N	N	N	N	N	N	0.0000	0.0000	0.0000	0.0000	0.0000	0.0000	0.0000	0.0000	0.0000	0.0000	0.0000	0.0000	0.0000	0.0000	0.0000	0.0000	0.0000	0.0000	0.0015	0.0026	0.0000	0.0052	0.0058	0.0000	0.0000	0.0000	0.0000	0.0007	0.0000	-0.0002	3.0000	3.8932	13.0223	15.3303	0.0000	0.0000	0.0000	0.0000	0.0000	0.0000	0.0000	0.0000	0.0000	0.0004	0.0004	0.0000	0.0004	0.0004	0.0000	0.0000	0.0000	0.0000	0.0621	0.0531	0.0090	0.0062	0.0061	0.0001	0.0558	0.0470	0.0088	0.2384	0.1434	0.0950	0.0708	0.0636	0.0072	0.1676	0.0798	0.0878	0.0000	0.0000	0.0000	0.0000	0.0000	0.0000	0.0000	0.0000	0.0000	0.0015	0.0026	0.0000	0.0052	0.0058	0.0000	0.0000	0.0000	0.0000	
14	26	0.0842	9	0	2	0	1	0	0	0	0	N	Y	N	N	N	N	N	N	N	N	N	N	0.0000	0.0000	0.0000	0.0000	0.0000	0.0000	0.0000	0.0000	0.0000	0.0000	0.0000	0.0000	0.0000	0.0000	0.0000	0.0330	0.0573	0.0000	0.1020	0.1169	0.0000	0.0000	0.0000	0.0000	0.0000	0.0000	-0.0032	3.0000	4.2937	13.0223	9.5692	0.0000	0.0000	0.0000	0.0000	0.0000	0.0000	0.0000	0.0000	0.0000	0.0052	0.0052	0.0000	0.0052	0.0052	0.0000	0.0000	0.0000	0.0000	0.0740	0.0638	0.0102	0.0125	0.0122	0.0003	0.0615	0.0516	0.0099	0.1563	0.0900	0.0663	0.0505	0.0441	0.0064	0.1058	0.0459	0.0599	0.0000	0.0000	0.0000	0.0000	0.0000	0.0000	0.0000	0.0000	0.0000	0.0330	0.0573	0.0000	0.1020	0.1169	0.0000	0.0000	0.0000	0.0000				
14	27	0.0697	5	1	2	0	0	0	0	0	0	N	Y	N	N	N	N	N	N	N	N	N	N	0.0000	0.0000	0.0000	0.0000	0.0000	0.0000	0.0000	0.0000	0.0000	0.0000	0.0000	0.0000	0.0000	0.0000	0.0000	0.0000	0.0000	6.8048	8.3657	4.9542	0.0091	0.0110	0.0000	8.3099	11.5703	5.3135	0.4995	0.0000	-0.8453	3.0000	16.0000	13.0223	34.8566	0.0000	0.0000	0.0000	0.0000	0.0000	0.0000	0.0000	0.0000	0.0000	3.0015	2.0017	0.9998	0.0007	0.0007	0.0000	3.0008	2.0009	0.9998	0.2136	0.1806	0.0329	0.0086	0.0081	0.0005	0.2050	0.1725	0.0325	0.4411	0.2393	0.2018	0.0800	0.0663	0.0136	0.3611	0.1729	0.1882	0.0000	0.0000	0.0000	0.0000	0.0000	0.0000	0.0000	0.0000	0.0000	6.8048	8.3657	4.9542	0.0091	0.0110	0.0000	8.3099	11.5703	5.3135		
14	28	0.0995	13	0	1	1	0	0	0	0	0	N	N	N	N	N	N	N	N	N	N	N	N	0.0000	0.0000	0.0000	0.0000	0.0000	0.0000	0.0000	0.0000	0.0000	0.0000	0.0000	0.0000	0.0000	0.0000	0.0000	0.0000	0.0000	0.0000	0.0000	0.0000	3.0000	0.0000	13.0223	3.0088	0.0000	0.0000	0.0000	0.0000	0.0000	0.0000	0.0000	0.0000	0.0000	0.0000	0.0000	0.0000	0.0000	0.0000	0.0000	0.0000	0.0000	0.0000	0.0000	0.0000	0.0000	0.0000	0.0000	0.0000	0.0000	0.0000	0.0000	0.0254	0.0146	0.0108	0.0071	0.0057	0.0014	0.0183	0.0089	0.0094	0.0000	0.0000	0.0000	0.0000	0.0000	0.0000	0.0000	0.0000	0.0000	0.0000	0.0000	0.0000	0.0000	0.0000	0.0000	0.0000	0.0000	0.0000											
14	29	0.0872	10	0	2	0	0	0	0	0	0	N	Y	N	N	N	N	N	N	N	N	N	N	0.0000	0.0000	0.0000	0.0000	0.0000	0.0000	0.0000	0.0000	0.0000	0.0000	0.0000	0.0000	0.0000	0.0000	0.0000	0.0003	0.0000	0.0006	0.0000	0.0000	0.0000	0.0003	0.0000	0.0006	inf	0.0000	0.0000	3.0000	5.0749	13.0223	14.8264	0.0000	0.0000	0.0000	0.0000	0.0000	0.0000	0.0000	0.0000	0.0000	0.0000	0.0000	0.0000	0.0000	0.0000	0.0000	0.0000	0.0000	0.0000	0.0725	0.0612	0.0112	0.0040	0.0038	0.0002	0.0685	0.0575	0.0110	0.1885	0.1052	0.0833	0.0459	0.0378	0.0081	0.1426	0.0674	0.0752	0.0000	0.0000	0.0000	0.0000	0.0000	0.0000	0.0000	0.0000	0.0000	0.0003	0.0000	0.0006	0.0000	0.0000	0.0000	0.0003	0.0000	0.0006				
14	30	0.0365	4	1	1	1	0	0	0	0	0	N	N	N	N	N	N	N	N	N	N	N	N	0.0000	0.0000	0.0000	0.0000	0.0000	0.0000	0.0000	0.0000	0.0000	0.0000	0.0000	0.0000	0.0000	0.0000	0.0000	0.0128	0.0249	0.0000	0.0199	0.0238	0.0000	0.0116	0.0252	0.0000	0.0000	0.0000	-0.0016	3.0000	5.9956	13.0223	15.0927	0.0000	0.0000	0.0000	0.0000	0.0000	0.0000	0.0000	0.0000	0.0000	0.0027	0.0027	0.0000	0.0006	0.0006	0.0000	0.0021	0.0021	0.0000	0.0837	0.0705	0.0132	0.0005	0.0005	0.0000	0.0831	0.0700	0.0131	0.2099	0.1079	0.1020	0.0297	0.0249	0.0048	0.1801	0.0829	0.0972	0.0000	0.0000	0.0000	0.0000	0.0000	0.0000	0.0000	0.0000	0.0000	0.0128	0.0249	0.0000	0.0199	0.0238	0.0000	0.0116	0.0252	0.0000				
14	31	0.0894	10	0	2	0	0	0	0	0	0	N	Y	N	N	N	N	N	N	N	N	N	N	0.0000	0.0000	0.0000	0.0000	0.0000	0.0000	0.0000	0.0000	0.0000	0.0000	0.0000	0.0000	0.0000	0.0000	0.0000	0.0000	0.0000	0.1163	0.1954	0.0000	0.0034	0.0040	0.0000	0.1687	0.3503	0.0000	0.0000	0.0000	-0.0060	3.0000	1.4218	13.0223	7.0463	0.0000	0.0000	0.0000	0.0000	0.0000	0.0000	0.0000	0.0000	0.0000	0.0098	0.0098	0.0000	0.0001	0.0001	0.0000	0.0097	0.0097	0.0000	0.0240	0.0207	0.0032	0.0045	0.0043	0.0001	0.0195	0.0164	0.0031	0.0841	0.0501	0.0340	0.0266	0.0224	0.0042	0.0575	0.0277	0.0298	0.0000	0.0000	0.0000	0.0000	0.0000	0.0000	0.0000	0.0000	0.0000	0.1163	0.1954	0.0000	0.0034	0.0040	0.0000	0.1687	0.3503	0.0000		
14	32	0.0842	9	0	1	0	0	0	0	0	0	N	N	N	N	N	N	N	N	N	N	N	N	0.0000	0.0000	0.0000	0.0000	0.0000	0.0000	0.0000	0.0000	0.0000	0.0000	0.0000	0.0000	0.0000	0.0000	0.0000	0.0000	0.0000	0.0000	8.1126	14.1165	0.0009	0.0163	0.0184	0.0001	12.2431	29.4609	0.0010	0.0000	0.0000	-0.6062	3.0000	4.3312	13.0223	5.5221	0.0000	0.0000	0.0000	0.0000	0.0000	0.0000	0.0000	0.0000	0.0000	0.9862	0.9861	0.0000	0.0007	0.0007	0.0000	0.9855	0.9855	0.0000	0.0745	0.0642	0.0103	0.0126	0.0122	0.0003	0.0619	0.0520	0.0099	0.1216	0.0699	0.0517	0.0411	0.0364	0.0047	0.0805	0.0335	0.0470	0.0000	0.0000	0.0000	0.0000	0.0000	0.0000	0.0000	0.0000	0.0000	8.1126	14.1165	0.0009	0.0163	0.0184	0.0001	12.2431	29.4609	0.0010	
14	33	0.0818	8	0	1	0	0	0	0	0	0	N	N	N	N	N	N	N	N	N	N	N	N	0.0000	0.0000	0.0000	0.0000	0.0000	0.0000	0.0000	0.0000	0.0000	0.0000	0.0000	0.0000	0.0000	0.0000	0.0000	0.0000	0.0000	0.0000	0.0937	0.1681	0.0009	0.1882	0.2240	0.0000	0.0600	0.1313	0.0010	0.0042	0.0000	-0.0047	3.0000	4.2685	13.0223	3.7703	0.0000	0.0000	0.0000	0.0000	0.0000	0.0000	0.0000	0.0000	0.0000	0.0077	0.0077	0.0000	0.0041	0.0041	0.0000	0.0036	0.0036	0.0000	0.0692	0.0593	0.0098	0.0080	0.0077	0.0002	0.0612	0.0516	0.0096	0.0824	0.0457	0.0367	0.0216	0.0182	0.0035	0.0608	0.0275	0.0332	0.0000	0.0000	0.0000	0.0000	0.0000	0.0000	0.0000	0.0000	0.0000	0.0937	0.1681	0.0009	0.1882	0.2240	0.0000	0.0600	0.1313	0.0010	
14	34	0.0365	4	1	1	1	0	0	0	0	0	N	N	N	N	N	N	N	N	N	N	N	N	0.0000	0.0000	0.0000	0.0000	0.0000	0.0000	0.0000	0.0000	0.0000	0.0000	0.0000	0.0000	0.0000	0.0000	0.0000	0.0000	0.0000	10.2177	9.6817	10.2452	0.0004	0.0005	0.0000	11.6115	12.6176	10.7538	0.9998	0.0000	-0.2296	3.0000	4.9966	13.0223	15.0870	0.0000	0.0000	0.0000	0.0000	0.0000	0.0000	0.0000	0.0000	0.0000	1.9998	1.0000	0.9998	0.0000	0.0000	0.0000	1.9998	1.0000	0.9998	0.0701	0.0590	0.0110	0.0005	0.0005	0.0000	0.0696	0.0586	0.0110	0.2009	0.1033	0.0976	0.0287	0.0240	0.0046	0.1722	0.0793	0.0930	0.0000	0.0000	0.0000	0.0000	0.0000	0.0000	0.0000	0.0000	0.0000	9.9555	9.6817	10.2452	0.0004	0.0005	0.0000	11.6115	12.6176	10.7538		
14	35	0.0995	13	0	2	0	0	0	0	0	0	N	Y	N	N	N	N	N	N	N	N	N	N	0.0000	0.0000	0.0000	0.0000	0.0000	0.0000	0.0000	0.0000	0.0000	0.0000	0.0000	0.0000	0.0000	0.0000	0.0000	0.0000	0.0000	0.0000	0.0000	0.0000	3.0000	1.0000	13.0223	1.0102	0.0000	0.0000	0.0000	0.0000	0.0000	0.0000	0.0000	0.0000	0.0000	0.0000	0.0000	0.0000	0.0000	0.0000	0.0000	0.0000	0.0000	0.0000	0.0126	0.0108	0.0018	0.0009	0.0009	0.0001	0.0117	0.0099	0.0017	0.0171	0.0098	0.0072	0.0048	0.0039	0.0009	0.0123	0.0060	0.0063	0.0000	0.0000	0.0000	0.0000	0.0000	0.0000	0.0000	0.0000	0.0000	0.0000	0.0000	0.0000	0.0000	0.0000	0.0000	0.0000	0.0000	0.0000											
14	36	0.0995	12	0	1	0	0	0	0	0	0	N	N	N	N	N	N	N	N	N	N	N	N	0.0000	0.0000	0.0000	0.0000	0.0000	0.0000	0.0000	0.0000	0.0000	0.0000	0.0000	0.0000	0.0000	0.0000	0.0000	0.0000	0.0000	0.0000	0.0000	0.0000	3.0000	0.0000	13.0223	0.0263	0.0000	0.0000	0.0000	0.0000	0.0000	0.0000	0.0000	0.0000	0.0000	0.0000	0.0000	0.0000	0.0000	0.0000	0.0000	0.0000	0.0000	0.0000	0.0000	0.0000	0.0000	0.0000	0.0000	0.0000	0.0000	0.0000	0.0000	0.0004	0.0002	0.0002	0.0002	0.0001	0.0000	0.0003	0.0001	0.0002	0.0000	0.0000	0.0000	0.0000	0.0000	0.0000	0.0000	0.0000	0.0000	0.0000	0.0000	0.0000	0.0000	0.0000	0.0000	0.0000	0.0000	0.0000											
14	37	0.0695	5	1	2	1	0	0	0	0	0	N	Y	N	N	N	N	N	N	N	N	N	N	0.0000	0.0000	0.0000	0.0000	0.0000	0.0000	0.0000	0.0000	0.0000	0.0000	0.0000	0.0000	0.0000	0.0071	0.0131	0.0000	0.0337	0.0404	0.0000	0.0000	0.0000	0.0000	0.0000	0.0000	-0.0003	3.0000	3.0000	13.0223	5.0002	0.0000	0.0000	0.0000	0.0000	0.0000	0.0000	0.0000	0.0000	0.0000	0.0006	0.0006	0.0000	0.0006	0.0006	0.0000	0.0000	0.0000	0.0000	0.0415	0.0348	0.0067	0.0014	0.0013	0.0001	0.0401	0.0335	0.0066	0.0789	0.0427	0.0362	0.0166	0.0139	0.0028	0.0622	0.0288	0.0334	0.0000	0.0000	0.0000	0.0000	0.0000	0.0000	0.0000	0.0000	0.0000	0.0071	0.0131	0.0000	0.0337	0.0404	0.0000	0.0000	0.0000	0.0000						
14	38	0.1033	9	1	2	0	0	0	0	0	0	N	Y	N	N	N	N	N	N	N	N	N	N	0.0000	0.0000	0.0000	0.0000	0.0000	0.0000	0.0000	0.0000	0.0000	0.0000	0.0000	0.0000	0.0000	0.0000	0.0000	0.0000	0.0000	0.0000	0.0000	0.0000	3.0000	0.0001	13.0223	0.1668	0.0000	0.0000	0.0000	0.0000	0.0000	0.0000	0.0000	0.0000	0.0000	0.0000	0.0000	0.0000	0.0000	0.0000	0.0000	0.0000	0.0000	0.0000	0.0000	0.0000	0.0000	0.0000	0.0000	0.0000	0.0000	0.0000	0.0000	0.0129	0.0098	0.0031	0.0061	0.0060	0.0001	0.0068	0.0038	0.0030	0.0000	0.0000	0.0000	0.0000	0.0000	0.0000	0.0000	0.0000	0.0000	0.0000	0.0000	0.0000	0.0000	0.0000	0.0000	0.0000	0.0000	0.0000											
14	39	0.0910	12	0	1	0	1	0	0	0	0	N	N	N	N	N	N	N	N	N	N	N	N	0.0000	0.0000	0.0000	0.0000	0.0000	0.0000	0.0000	0.0000	0.0000	0.0000	0.0000	0.0000	0.0000	0.0000	0.0000	0.0025	0.0000	0.0069	0.0007	0.0000	0.0083	0.0034	0.0000	0.0068	inf	0.0000	0.0002	3.0000	1.7673	13.0223	9.0239	0.0000	0.0000	0.0000	0.0000	0.0000	0.0000	0.0000	0.0000	0.0000	0.0004	0.0000	0.0004	0.0000	0.0000	0.0000	0.0004	0.0000	0.0004	0.0345	0.0297	0.0047	0.0062	0.0061	0.0001	0.0283	0.0237	0.0046	0.1592	0.1019	0.0573	0.0543	0.0495	0.0048	0.1049	0.0524	0.0525	0.0000	0.0000	0.0000	0.0000	0.0000	0.0000	0.0000	0.0000	0.0000	0.0025	0.0000	0.0069	0.0007	0.0000	0.0083	0.0034	0.0000	0.0068				
14	40	0.0887	11	0	1	0	1	0	0	0	0	N	N	N	N	N	N	N	N	N	N	N	N	0.0000	0.0000	0.0000	0.0000	0.0000	0.0000	0.0000	0.0000	0.0000	0.0000	0.0000	0.0000	0.0000	0.0000	0.0000	0.0000	0.0000	0.0000	1.9848	3.4910	0.0524	0.0266	0.0309	0.0001	2.7436	6.0752	0.0575	0.0117	0.0000	-0.0959	3.0000	3.4690	13.0223	3.7419	0.0000	0.0000	0.0000	0.0000	0.0000	0.0000	0.0000	0.0000	0.0000	0.1589	0.1571	0.0018	0.0006	0.0006	0.0000	0.1584	0.1565	0.0018	0.0517	0.0439	0.0078	0.0040	0.0038	0.0002	0.0478	0.0402	0.0076	0.0801	0.0450	0.0351	0.0224	0.0192	0.0031	0.0577	0.0258	0.0320	0.0000	0.0000	0.0000	0.0000	0.0000	0.0000	0.0000	0.0000	0.0000	1.9848	3.4910	0.0524	0.0266	0.0309	0.0001	2.7436	6.0752	0.0575	
14	41	0.0286	3	0	2	1	0	0	0	0	0	N	Y	N	N	N	N	N	N	N	N	N	N	3.5390	0.0000	2.8541	0.0000	0.0000	0.0000	3.1776	2.8720	69.5709	0.0000	434.0437	0.0000	0.0000	0.0000	69.7188	0.0000	434.4780	19.6582	0.0010	152.0784	0.0090	0.0040	0.2419	21.9405	0.0000	151.2828	inf	31788.0292	0.4516	1.1545	3.0000	0.9997	13.0223	10.1790	0.9996	0.0000	0.9996	0.0000	0.0000	0.0000	0.9996	0.0000	0.9996	2.9970	0.0001	2.9969	0.0002	0.0001	0.0001	2.9968	0.0000	2.9968	0.0144	0.0121	0.0023	0.0000	0.0000	0.0000	0.0143	0.0120	0.0023	0.1604	0.0965	0.0638	0.0238	0.0233	0.0005	0.1366	0.0732	0.0633	3.7228	0.0000	9.2462	0.0000	0.0000	0.0000	3.1776	0.0000	9.1838	18.6878	0.0010	46.9431	0.0090	0.0040	0.2419	21.9405	0.0000	47.3092	
14	42	0.0275	2	0	2	0	0	0	0	0	0	N	Y	N	N	N	N	N	N	N	N	N	N	141.0542	15.5444	424.1894	46.8060	47.0105	0.0000	144.6479	0.0000	425.5189	30.5671	0.9377	181.1154	6.9275	6.9616	0.0000	33.5817	0.0000	181.7279	0.2167	0.0603	0.4270	0.1480	0.1481	0.0085	0.2322	0.0190	0.4271	38.0137	5.2641	0.0002	0.0008	3.0000	0.0007	13.0223	0.9413	0.0004	0.0000	0.0004	0.0000	0.0000	0.0000	0.0004	0.0000	0.0004	0.0035	0.0006	0.0029	0.0004	0.0004	0.0000	0.0031	0.0001	0.0029	0.0000	0.0000	0.0000	0.0000	0.0000	0.0000	0.0000	0.0000	0.0000	0.0162	0.0093	0.0069	0.0030	0.0030	0.0000	0.0132	0.0063	0.0069	141.0542	15.5444	424.1894	46.8060	47.0105	0.0000	144.6479	0.0000	425.5189	0.2167	0.0603	0.4270	0.1480	0.1481	0.0085	0.2322	0.0190	0.4271
14	43	0.0365	4	1	1	1	0	0	0	0	0	N	N	N	N	N	N	N	N	N	N	N	N	0.0000	0.0000	0.0000	0.0000	0.0000	0.0000	0.0000	0.0000	0.0000	0.0000	0.0000	0.0000	0.0000	0.0000	0.0000	0.0000	0.0000	0.0000	0.0000	0.0000	3.0000	1.9995	13.0223	12.0029	0.0000	0.0000	0.0000	0.0000	0.0000	0.0000	0.0000	0.0000	0.0000	0.0000	0.0000	0.0000	0.0000	0.0000	0.0000	0.0000	0.0000	0.0000	0.0286	0.0241	0.0045	0.0003	0.0003	0.0000	0.0283	0.0238	0.0045	0.1453	0.0750	0.0703	0.0218	0.0185	0.0033	0.1235	0.0565	0.0670	0.0000	0.0000	0.0000	0.0000	0.0000	0.0000	0.0000	0.0000	0.0000	0.0000	0.0000	0.0000	0.0000	0.0000	0.0000	0.0000	0.0000	0.0000											
14	44	0.0697	5	1	2	0	0	0	0	0	0	N	Y	N	N	N	N	N	N	N	N	N	N	0.0000	0.0000	0.0000	0.0000	0.0000	0.0000	0.0000	0.0000	0.0000	0.0000	0.0000	0.0000	0.0000	0.0000	0.0000	0.0000	0.0000	0.0017	0.0031	0.0001	0.0088	0.0105	0.0000	0.0001	0.0000	0.0001	0.0357	0.0000	-0.0003	3.0000	10.0000	13.0223	26.8440	0.0000	0.0000	0.0000	0.0000	0.0000	0.0000	0.0000	0.0000	0.0000	0.0006	0.0006	0.0000	0.0006	0.0006	0.0000	0.0000	0.0000	0.0000	0.1366	0.1154	0.0212	0.0055	0.0052	0.0003	0.1311	0.1102	0.0209	0.3371	0.1834	0.1537	0.0636	0.0532	0.0104	0.2736	0.1302	0.1434	0.0000	0.0000	0.0000	0.0000	0.0000	0.0000	0.0000	0.0000	0.0000	0.0017	0.0031	0.0001	0.0088	0.0105	0.0000	0.0001	0.0000	0.0001		
14	45	0.0275	2	0	2	0	0	0	0	0	0	N	Y	N	N	N	N	N	N	N	N	N	N	0.1005	0.0646	0.0000	2.4326	2.6478	0.0000	0.0000	0.0000	0.0005	0.0006	0.0000	0.2440	0.2664	0.0000	0.0000	0.0000	0.0000	0.0047	0.0086	0.0001	0.1003	0.1006	0.0014	0.0000	0.0000	0.0001	0.0000	0.0080	-0.0000	-0.0003	3.0000	3.0000	13.0223	5.0456	0.0000	0.0000	0.0000	0.0000	0.0000	0.0000	0.0000	0.0000	0.0000	0.0004	0.0004	0.0000	0.0004	0.0004	0.0000	0.0000	0.0000	0.0000	0.0427	0.0359	0.0068	0.0001	0.0001	0.0000	0.0426	0.0358	0.0068	0.0938	0.0503	0.0435	0.0043	0.0043	0.0000	0.0894	0.0460	0.0435	0.1005	0.0646	0.0000	2.4326	2.6478	0.0000	0.0000	0.0000	0.0000	0.0047	0.0086	0.0001	0.1003	0.1006	0.0014	0.0000	0.0000	0.0001	
14	50	0.0995	12	0	1	1	0	0	0	0	0	N	N	N	N	N	N	N	N	N	N	N	N	0.0000	0.0000	0.0000	0.0000	0.0000	0.0000	0.0000	0.0000	0.0000	0.0000	0.0000	0.0000	0.0000	0.0000	0.0000	0.0000	0.0000	0.0000	0.0000	0.0000	3.0000	0.0004	13.0223	0.9852	0.0000	0.0000	0.0000	0.0000	0.0000	0.0000	0.0000	0.0000	0.0000	0.0000	0.0000	0.0000	0.0000	0.0000	0.0000	0.0000	0.0000	0.0000	0.0000	0.0000	0.0000	0.0000	0.0000	0.0000	0.0000	0.0000	0.0000	0.0096	0.0056	0.0040	0.0029	0.0023	0.0005	0.0068	0.0033	0.0035	0.0000	0.0000	0.0000	0.0000	0.0000	0.0000	0.0000	0.0000	0.0000	0.0000	0.0000	0.0000	0.0000	0.0000	0.0000	0.0000	0.0000	0.0000											
14	51	0.0887	11	0	1	0	0	0	0	0	0	N	N	N	N	N	N	N	N	N	N	N	N	0.0000	0.0000	0.0000	0.0000	0.0000	0.0000	0.0000	0.0000	0.0000	0.0000	0.0000	0.0000	0.0000	0.0000	0.0000	0.0000	4.4996	0.1218	10.0979	0.2723	0.3282	0.0000	5.9163	0.0000	12.2404	64.8227	0.0000	0.3758	3.0000	10.7574	13.0223	12.9024	0.0000	0.0000	0.0000	0.0000	0.0000	0.0000	0.0000	0.0000	0.0000	1.0154	0.0154	1.0000	0.0154	0.0154	0.0000	1.0000	0.0000	1.0000	0.1510	0.1280	0.0231	0.0091	0.0086	0.0005	0.1419	0.1193	0.0225	0.2257	0.1266	0.0990	0.0566	0.0470	0.0096	0.1690	0.0796	0.0894	0.0000	0.0000	0.0000	0.0000	0.0000	0.0000	0.0000	0.0000	0.0000	4.4996	0.1218	10.0979	0.2723	0.3282	0.0000	5.9163	0.0000	11.1864			
14	52	0.0872	10	0	1	0	0	0	0	0	0	N	N	N	N	N	N	N	N	N	N	N	N	0.0000	0.0000	0.0000	0.0000	0.0000	0.0000	0.0000	0.0000	0.0000	0.0000	0.0000	0.0000	0.0000	0.0000	0.0000	0.0000	0.0000	0.0130	0.0210	0.0031	0.0251	0.0296	0.0000	0.0087	0.0151	0.0034	0.1178	0.0000	-0.0004	3.0000	2.6694	13.0223	2.4027	0.0000	0.0000	0.0000	0.0000	0.0000	0.0000	0.0000	0.0000	0.0000	0.0007	0.0006	0.0001	0.0004	0.0004	0.0000	0.0003	0.0003	0.0001	0.0389	0.0328	0.0060	0.0023	0.0022	0.0001	0.0365	0.0306	0.0059	0.0541	0.0301	0.0240	0.0144	0.0122	0.0022	0.0397	0.0179	0.0218	0.0000	0.0000	0.0000	0.0000	0.0000	0.0000	0.0000	0.0000	0.0000	0.0130	0.0210	0.0031	0.0251	0.0296	0.0000	0.0087	0.0151	0.0034		
14	53	0.0820	9	0	1	0	0	0	0	0	0	N	N	N	N	N	N	N	N	N	N	N	N	0.0000	0.0000	0.0000	0.0000	0.0000	0.0000	0.0000	0.0000	0.0000	0.0000	0.0000	0.0000	0.0000	0.0000	0.0000	0.0000	0.0005	0.0006	0.0002	0.0014	0.0017	0.0000	0.0001	0.0000	0.0003	0.2951	0.0000	-0.0000	3.0000	8.6921	13.0223	5.3599	0.0000	0.0000	0.0000	0.0000	0.0000	0.0000	0.0000	0.0000	0.0000	0.0001	0.0000	0.0000	0.0000	0.0000	0.0000	0.0000	0.0000	0.0000	0.1329	0.1136	0.0193	0.0132	0.0128	0.0005	0.1196	0.1009	0.0188	0.1337	0.0748	0.0590	0.0332	0.0273	0.0059	0.1005	0.0475	0.0531	0.0000	0.0000	0.0000	0.0000	0.0000	0.0000	0.0000	0.0000	0.0000	0.0005	0.0006	0.0002	0.0014	0.0017	0.0000	0.0001	0.0000	0.0003			
14	54	0.0818	8	0	1	0	0	0	0	0	0	N	N	N	N	N	N	N	N	N	N	N	N	0.0000	0.0000	0.0000	0.0000	0.0000	0.0000	0.0000	0.0000	0.0000	0.0000	0.0000	0.0000	0.0000	0.0000	0.0000	0.0000	0.0000	0.0009	0.0007	0.0012	0.0013	0.0015	0.0000	0.0008	0.0000	0.0013	1.4290	0.0000	-0.0000	3.0000	1.8652	13.0223	1.4001	0.0000	0.0000	0.0000	0.0000	0.0000	0.0000	0.0000	0.0000	0.0000	0.0000	0.0000	0.0000	0.0000	0.0000	0.0000	0.0000	0.0000	0.0000	0.0359	0.0312	0.0047	0.0062	0.0061	0.0001	0.0297	0.0251	0.0046	0.0380	0.0209	0.0171	0.0110	0.0095	0.0014	0.0270	0.0113	0.0157	0.0000	0.0000	0.0000	0.0000	0.0000	0.0000	0.0000	0.0000	0.0000	0.0009	0.0007	0.0012	0.0013	0.0015	0.0000	0.0008	0.0000	0.0013		
14	55	0.0773	7	0	1	0	0	0	0	0	0	N	N	N	N	N	N	N	N	N	N	N	N	0.0000	0.0000	0.0000	0.0000	0.0000	0.0000	0.0000	0.0000	0.0000	0.0000	0.0000	0.0000	0.0000	0.0000	0.0000	0.0000	0.0000	0.0221	0.0363	0.0000	0.0007	0.0008	0.0000	0.0320	0.0662	0.0000	0.0005	0.0000	-0.0013	3.0000	2.5292	13.0223	4.9772	0.0000	0.0000	0.0000	0.0000	0.0000	0.0000	0.0000	0.0000	0.0000	0.0022	0.0022	0.0000	0.0000	0.0000	0.0000	0.0022	0.0022	0.0000	0.0407	0.0349	0.0057	0.0039	0.0038	0.0001	0.0367	0.0311	0.0056	0.0987	0.0601	0.0386	0.0311	0.0274	0.0037	0.0676	0.0327	0.0349	0.0000	0.0000	0.0000	0.0000	0.0000	0.0000	0.0000	0.0000	0.0000	0.0221	0.0363	0.0000	0.0007	0.0008	0.0000	0.0320	0.0662	0.0000		
14	56	0.0365	4	1	2	0	0	0	0	0	0	N	Y	N	N	N	N	N	N	N	N	N	N	0.0000	0.0000	0.0000	0.0000	0.0000	0.0000	0.0000	0.0000	0.0000	0.0000	0.0000	0.0000	0.0000	0.0000	0.0000	0.0000	0.0000	0.0000	0.0000	0.0000	3.0000	0.0000	13.0223	10.9971	0.0000	0.0000	0.0000	0.0000	0.0000	0.0000	0.0000	0.0000	0.0000	0.0000	0.0000	0.0000	0.0000	0.0000	0.0000	0.0000	0.0000	0.0000	0.0000	0.0000	0.0000	0.0000	0.0000	0.0000	0.0000	0.0000	0.0000	0.1170	0.0607	0.0564	0.0183	0.0157	0.0026	0.0987	0.0450	0.0537	0.0000	0.0000	0.0000	0.0000	0.0000	0.0000	0.0000	0.0000	0.0000	0.0000	0.0000	0.0000	0.0000	0.0000	0.0000	0.0000	0.0000	0.0000											
14	57	0.1581	9	0	1	0	0	0	0	0	0	N	N	N	N	N	N	N	N	N	N	N	N	1.2776	1.0020	0.0063	2.0891	1.9206	0.0080	0.0022	0.0000	0.0112	0.0507	0.0577	0.0000	0.1705	0.1772	0.0000	0.0000	0.0000	0.0000	0.0397	0.0576	0.0002	0.0816	0.0923	0.0008	0.0000	0.0000	0.0001	0.0000	0.0015	-0.0052	-0.0115	3.0000	7.8198	13.0223	21.5823	0.0094	0.0094	0.0000	0.0094	0.0094	0.0000	0.0000	0.0000	0.0000	0.0187	0.0186	0.0000	0.0187	0.0186	0.0000	0.0000	0.0000	0.0000	0.1860	0.1636	0.0225	0.0554	0.0533	0.0021	0.1307	0.1103	0.0204	0.4702	0.3237	0.1465	0.2286	0.2020	0.0266	0.2416	0.1217	0.1199	1.2776	1.0020	0.0063	2.0891	1.9206	0.0080	0.0022	0.0000	0.0112	0.0397	0.0576	0.0002	0.0816	0.0923	0.0008	0.0000	0.0000	0.0001
14	58	0.0722	8	1	2	1	0	0	0	0	0	N	Y	N	N	N	N	N	N	N	N	N	N	0.0000	0.0000	0.0000	0.0000	0.0000	0.0000	0.0000	0.0000	0.0000	0.0000	0.0000	0.0000	0.0000	0.0000	0.0000	0.0000	0.0000	0.0000	0.0000	0.0000	0.0000	0.0000	0.0000	0.0000	0.0000	3.2326	0.0000	0.0000	3.0000	2.0055	13.0223	11.8091	0.0000	0.0000	0.0000	0.0000	0.0000	0.0000	0.0000	0.0000	0.0000	0.0000	0.0000	0.0000	0.0000	0.0000	0.0000	0.0000	0.0000	0.0000	0.0285	0.0240	0.0045	0.0005	0.0005	0.0000	0.0280	0.0235	0.0045	0.1418	0.0759	0.0659	0.0275	0.0233	0.0043	0.1142	0.0526	0.0617	0.0000	0.0000	0.0000	0.0000	0.0000	0.0000	0.0000	0.0000	0.0000	0.0000	0.0000	0.0000	0.0000	0.0000	0.0000	0.0000	0.0000	0.0000			
14	59	0.0668	7	1	1	1	0	0	0	0	0	N	N	N	N	N	N	N	N	N	N	N	N	0.0000	0.0000	0.0000	0.0000	0.0000	0.0000	0.0000	0.0000	0.0000	0.0000	0.0000	0.0000	0.0000	0.0000	0.0000	0.0000	0.0000	0.0000	0.0002	0.0003	0.0000	0.0008	0.0009	0.0000	0.0000	0.0000	0.0000	0.0431	0.0000	-0.0000	3.0000	1.9951	13.0223	2.5667	0.0000	0.0000	0.0000	0.0000	0.0000	0.0000	0.0000	0.0000	0.0000	0.0000	0.0000	0.0000	0.0000	0.0000	0.0000	0.0000	0.0000	0.0000	0.0283	0.0238	0.0045	0.0004	0.0004	0.0000	0.0279	0.0235	0.0044	0.0601	0.0356	0.0245	0.0154	0.0139	0.0015	0.0447	0.0217	0.0230	0.0000	0.0000	0.0000	0.0000	0.0000	0.0000	0.0000	0.0000	0.0000	0.0002	0.0003	0.0000	0.0008	0.0009	0.0000	0.0000	0.0000	0.0000	
14	60	0.0600	6	1	1	1	0	0	0	0	0	N	N	N	N	N	N	N	N	N	N	N	N	0.2264	0.0000	0.5100	0.0000	0.0000	0.0000	0.2638	0.4433	0.0001	0.0000	0.0008	0.0000	0.0000	0.0000	0.0002	0.0000	0.0008	0.0006	0.0002	0.0016	0.0004	0.0004	0.0000	0.0008	0.0000	0.0019	inf	2.7403	0.0000	0.0000	3.0000	0.0108	13.0223	3.6229	0.0000	0.0000	0.0000	0.0000	0.0000	0.0000	0.0000	0.0000	0.0000	0.0000	0.0000	0.0000	0.0000	0.0000	0.0000	0.0000	0.0000	0.0000	0.0003	0.0002	0.0000	0.0001	0.0001	0.0000	0.0002	0.0001	0.0000	0.0639	0.0463	0.0176	0.0259	0.0235	0.0024	0.0380	0.0228	0.0151	0.2264	0.0000	0.5100	0.0000	0.0000	0.0000	0.2638	0.0000	0.4433	0.0006	0.0002	0.0016	0.0004	0.0004	0.0000	0.0008	0.0000	0.0019	
14	61	0.0784	7	0	2	0	0	0	0	0	0	N	Y	N	N	N	N	N	N	N	N	N	N	0.0000	0.0000	0.0000	0.0000	0.0000	0.0000	0.0000	0.0000	0.0000	0.0000	0.0000	0.0000	0.0000	0.0000	0.0000	0.0000	0.0000	0.0000	0.0000	0.0000	0.0000	0.0000	inf	0.0000	0.0000	3.0000	4.0917	13.0223	8.0988	0.0000	0.0000	0.0000	0.0000	0.0000	0.0000	0.0000	0.0000	0.0000	0.0000	0.0000	0.0000	0.0000	0.0000	0.0000	0.0000	0.0000	0.0000	0.0648	0.0554	0.0094	0.0063	0.0062	0.0001	0.0584	0.0492	0.0093	0.1793	0.1114	0.0679	0.0587	0.0539	0.0048	0.1206	0.0575	0.0632	0.0000	0.0000	0.0000	0.0000	0.0000	0.0000	0.0000	0.0000	0.0000	0.0000	0.0000	0.0000	0.0000	0.0000	0.0000	0.0000	0.0000	0.0000						
14	62	0.0747	6	0	2	0	0	0	0	0	0	N	Y	N	N	N	N	N	N	N	N	N	N	0.0000	0.0000	0.0000	0.0000	0.0000	0.0000	0.0000	0.0000	0.0000	0.0000	0.0000	0.0000	0.0000	0.0000	0.0000	0.0000	0.0000	0.0000	0.0041	0.0059	0.0020	0.0001	0.0001	0.0000	0.0056	0.0100	0.0022	0.2847	0.0000	-0.0001	3.0000	2.1165	13.0223	5.0852	0.0000	0.0000	0.0000	0.0000	0.0000	0.0000	0.0000	0.0000	0.0000	0.0004	0.0003	0.0001	0.0000	0.0000	0.0000	0.0004	0.0003	0.0001	0.0299	0.0252	0.0047	0.0012	0.0012	0.0001	0.0287	0.0241	0.0046	0.0876	0.0482	0.0395	0.0229	0.0201	0.0028	0.0647	0.0281	0.0366	0.0000	0.0000	0.0000	0.0000	0.0000	0.0000	0.0000	0.0000	0.0000	0.0041	0.0059	0.0020	0.0001	0.0001	0.0000	0.0056	0.0100	0.0022	
14	63	0.0600	6	1	1	1	0	0	0	0	0	N	N	N	N	N	N	N	N	N	N	N	N	0.0058	0.0039	0.0000	0.0658	0.0621	0.0000	0.0000	0.0002	0.0002	0.0000	0.0098	0.0104	0.0000	0.0000	0.0000	0.0000	0.0310	0.0534	0.0000	0.1483	0.1682	0.0000	0.0000	0.0000	0.0000	0.0000	0.0002	-0.0000	-0.0028	3.0000	3.9990	13.0223	8.8702	0.0000	0.0000	0.0000	0.0000	0.0000	0.0000	0.0000	0.0000	0.0000	0.0046	0.0046	0.0000	0.0046	0.0046	0.0000	0.0000	0.0000	0.0000	0.0553	0.0475	0.0078	0.0010	0.0010	0.0001	0.0543	0.0466	0.0077	0.1487	0.0862	0.0625	0.0310	0.0274	0.0037	0.1177	0.0588	0.0588	0.0058	0.0039	0.0000	0.0658	0.0621	0.0000	0.0000	0.0000	0.0000	0.0310	0.0534	0.0000	0.1483	0.1682	0.0000	0.0000	0.0000	0.0000		
14	64	0.0399	5	1	1	1	0	0	0	0	0	N	N	N	N	N	N	N	N	N	N	N	N	0.0003	0.0001	0.0269	0.0014	0.0013	0.0000	0.0033	0.0000	0.0265	0.0000	0.0000	0.0000	0.0000	0.0000	0.0000	0.0000	0.0000	0.0000	0.0034	0.0059	0.0001	0.0142	0.0155	0.0001	0.0002	0.0002	0.0001	0.8739	0.0165	-0.0000	-0.0003	3.0000	3.9972	13.0223	6.8232	0.0000	0.0000	0.0000	0.0000	0.0000	0.0000	0.0000	0.0000	0.0000	0.0005	0.0005	0.0000	0.0005	0.0005	0.0000	0.0000	0.0000	0.0000	0.0589	0.0499	0.0090	0.0017	0.0017	0.0000	0.0572	0.0482	0.0090	0.1437	0.0812	0.0625	0.0329	0.0302	0.0028	0.1108	0.0511	0.0597	0.0003	0.0001	0.0269	0.0014	0.0013	0.0000	0.0033	0.0000	0.0265	0.0034	0.0059	0.0001	0.0142	0.0155	0.0001	0.0002	0.0002	0.0001
14	65	0.0823	7	0	2	0	0	0	0	0	0	N	Y	N	N	N	N	N	N	N	N	N	N	0.0001	0.0092	0.0000	0.0851	0.0765	0.0000	0.0000	0.0000	0.0000	0.0002	0.0003	0.0000	0.0041	0.0042	0.0000	0.0000	0.0000	0.0000	1.8652	0.0296	4.7209	0.0476	0.0553	0.0000	2.6971	0.0092	5.3198	0.0000	102.3759	-0.0000	0.3792	3.0000	15.6632	13.0223	35.0639	0.0000	0.0000	0.0000	0.0000	0.0000	0.0000	0.0000	0.0000	0.0000	1.0097	0.0098	1.0000	0.0081	0.0081	0.0000	1.0017	0.0017	1.0000	0.2161	0.1834	0.0328	0.0123	0.0118	0.0005	0.2038	0.1716	0.0322	0.5414	0.3295	0.2118	0.1700	0.1461	0.0238	0.3714	0.1834	0.1880	0.0001	0.0092	0.0000	0.0851	0.0765	0.0000	0.0000	0.0000	0.0000	1.8652	0.0296	4.7209	0.0476	0.0553	0.0000	2.6971	0.0092	5.3198
14	66	0.0823	7	0	1	1	0	0	0	0	0	N	N	N	N	N	N	N	N	N	N	N	N	6161.6800	4831.8745	0.6126	0.5522	inf	inf	12.9689	15.2144	0.0000	0.0030	0.0030	0.0000	14.2134	16.9018	0.0000	0.0021	0.0031	0.0000	0.0048	0.0055	0.0000	0.0000	0.0000	0.0000	0.0000	0.0000	-0.5482	-0.0004	3.0000	4.9998	13.0223	10.1184	1.0000	1.0000	0.0000	0.0000	0.0000	0.0000	0.9999	0.9999	0.0000	0.0006	0.0006	0.0000	0.0006	0.0006	0.0000	0.0000	0.0000	0.0000	0.0771	0.0657	0.0114	0.0068	0.0066	0.0002	0.0704	0.0592	0.0112	0.2847	0.1903	0.0944	0.1239	0.1086	0.0154	0.1608	0.0817	0.0790	6161.6800	4831.8745	0.0000	0.6126	0.5522	0.0000	inf	inf	0.0000	0.0021	0.0031	0.0000	0.0048	0.0055	0.0000	0.0000	0.0000	0.0000			
14	67	0.0867	9	0	2	0	0	0	0	0	0	N	Y	N	N	N	N	N	N	N	N	N	N	0.0000	0.0000	0.0000	0.0000	0.0000	0.0000	0.0000	0.0000	0.0000	0.0000	0.0000	0.0000	0.0000	0.0000	0.0000	0.0000	0.0000	0.0002	0.0003	0.0000	0.0007	0.0008	0.0000	0.0000	0.0000	0.0000	0.0001	0.0000	-0.0000	3.0000	10.9928	13.0223	18.5513	0.0000	0.0000	0.0000	0.0000	0.0000	0.0000	0.0000	0.0000	0.0000	0.0001	0.0001	0.0000	0.0001	0.0001	0.0000	0.0000	0.0000	0.0000	0.1493	0.1272	0.0221	0.0081	0.0074	0.0008	0.1412	0.1198	0.0213	0.2993	0.1762	0.1231	0.0888	0.0776	0.0111	0.2105	0.0985	0.1120	0.0000	0.0000	0.0000	0.0000	0.0000	0.0000	0.0000	0.0000	0.0000	0.0002	0.0003	0.0000	0.0007	0.0008	0.0000	0.0000	0.0000	0.0000		
14	68	0.0867	8	0	1	0	0	0	0	0	0	N	N	N	N	N	N	N	N	N	N	N	N	0.0000	0.0000	0.0000	0.0000	0.0000	0.0000	0.0000	0.0000	0.0000	0.0000	0.0000	0.0000	0.0000	0.0000	0.0000	0.0000	0.0000	0.0000	0.0023	0.0026	0.0017	0.0025	0.0026	0.0000	0.0021	0.0027	0.0018	0.3320	0.0000	-0.0000	3.0000	0.0861	13.0223	1.0715	0.0000	0.0000	0.0000	0.0000	0.0000	0.0000	0.0000	0.0000	0.0000	0.0001	0.0001	0.0000	0.0001	0.0001	0.0000	0.0001	0.0000	0.0000	0.0032	0.0029	0.0003	0.0011	0.0011	0.0000	0.0021	0.0018	0.0003	0.0521	0.0346	0.0175	0.0237	0.0231	0.0005	0.0284	0.0114	0.0170	0.0000	0.0000	0.0000	0.0000	0.0000	0.0000	0.0000	0.0000	0.0000	0.0023	0.0026	0.0017	0.0025	0.0026	0.0000	0.0021	0.0027	0.0018	
14	69	0.0695	6	1	1	1	0	0	0	0	0	N	N	N	N	N	N	N	N	N	N	N	N	0.0000	0.0000	0.0000	0.0000	0.0000	0.0000	0.0000	0.0000	0.0000	0.0000	0.0000	0.0000	0.0000	0.0000	0.0000	0.0000	0.0000	0.0000	0.0000	0.0000	0.0000	0.0000	0.0000	0.0000	0.0000	0.0421	0.0000	-0.0000	3.0000	1.0000	13.0223	3.0001	0.0000	0.0000	0.0000	0.0000	0.0000	0.0000	0.0000	0.0000	0.0000	0.0000	0.0000	0.0000	0.0000	0.0000	0.0000	0.0000	0.0000	0.0000	0.0140	0.0117	0.0022	0.0005	0.0004	0.0000	0.0135	0.0113	0.0022	0.0400	0.0217	0.0183	0.0085	0.0071	0.0014	0.0315	0.0146	0.0169	0.0000	0.0000	0.0000	0.0000	0.0000	0.0000	0.0000	0.0000	0.0000	0.0000	0.0000	0.0000	0.0000	0.0000	0.0000	0.0000	0.0000	0.0000			
14	70	0.0695	5	1	1	1	0	0	0	0	0	N	N	N	N	N	N	N	N	N	N	N	N	0.0000	0.0000	0.0000	0.0000	0.0000	0.0000	0.0000	0.0000	0.0000	0.0000	0.0000	0.0000	0.0000	0.0000	0.0000	0.0000	0.0180	0.0158	0.0208	0.0214	0.0219	0.0000	0.0155	0.0000	0.0213	1.0000	0.0000	-0.0000	3.0000	0.0000	13.0223	0.0009	0.0000	0.0000	0.0000	0.0000	0.0000	0.0000	0.0000	0.0000	0.0000	0.0000	0.0000	0.0000	0.0000	0.0000	0.0000	0.0000	0.0000	0.0000	0.0000	0.0000	0.0000	0.0000	0.0000	0.0000	0.0000	0.0000	0.0000	0.0000	0.0000	0.0000	0.0000	0.0000	0.0000	0.0000	0.0000	0.0000	0.0000	0.0000	0.0000	0.0000	0.0000	0.0000	0.0000	0.0000	0.0000	0.0180	0.0158	0.0208	0.0214	0.0219	0.0000	0.0155	0.0000	0.0213			
14	71	0.0365	4	1	1	1	0	0	0	0	0	N	N	N	N	N	N	N	N	N	N	N	N	0.0000	0.0000	0.0000	0.0000	0.0000	0.0000	0.0000	0.0000	0.0000	0.0000	0.0000	0.0000	0.0000	0.0000	0.0000	0.0000	0.0200	0.0388	0.0002	0.1422	0.1701	0.0000	0.0001	0.0000	0.0002	0.0039	0.0000	-0.0028	3.0000	9.9966	13.0223	12.9129	0.0000	0.0000	0.0000	0.0000	0.0000	0.0000	0.0000	0.0000	0.0000	0.0045	0.0045	0.0000	0.0045	0.0045	0.0000	0.0000	0.0000	0.0000	0.1371	0.1156	0.0215	0.0008	0.0007	0.0000	0.1363	0.1149	0.0215	0.2260	0.1161	0.1100	0.0317	0.0265	0.0052	0.1943	0.0896	0.1047	0.0000	0.0000	0.0000	0.0000	0.0000	0.0000	0.0000	0.0000	0.0000	0.0200	0.0388	0.0002	0.1422	0.1701	0.0000	0.0001	0.0000	0.0002			
14	72	0.0697	5	0	2	0	1	0	0	0	0	N	Y	N	N	N	N	N	N	N	N	N	N	0.0000	0.0000	0.0000	0.0000	0.0000	0.0000	0.0000	0.0000	0.0000	0.0000	0.0000	0.0000	0.0000	0.0000	0.0000	0.0000	0.0000	4.4454	4.1028	4.8514	0.0002	0.0003	0.0000	5.4263	5.6688	5.2032	0.9978	0.0000	-0.2309	3.0000	13.0000	13.0223	39.1663	0.0000	0.0000	0.0000	0.0000	0.0000	0.0000	0.0000	0.0000	0.0000	2.0022	1.0022	1.0000	0.0000	0.0000	0.0000	2.0022	1.0022	1.0000	0.1755	0.1484	0.0272	0.0070	0.0066	0.0004	0.1685	0.1417	0.0268	0.4504	0.2443	0.2061	0.0814	0.0675	0.0139	0.3690	0.1768	0.1922	0.0000	0.0000	0.0000	0.0000	0.0000	0.0000	0.0000	0.0000	0.0000	4.4454	4.1028	4.8514	0.0002	0.0003	0.0000	5.4263	5.6688	5.2032		
14	73	0.0722	6	0	2	0	0	0	0	0	0	N	Y	N	N	N	N	N	N	N	N	N	N	0.0000	0.0000	0.0000	0.0000	0.0000	0.0000	0.0000	0.0000	0.0000	0.0000	0.0000	0.0000	0.0000	0.0000	0.0000	0.0520	0.0895	0.0000	0.2109	0.2397	0.0000	0.0000	0.0000	0.0000	0.0000	0.0000	-0.0075	3.0000	3.0003	13.0223	18.1082	0.0000	0.0000	0.0000	0.0000	0.0000	0.0000	0.0000	0.0000	0.0000	0.0122	0.0122	0.0000	0.0122	0.0122	0.0000	0.0000	0.0000	0.0000	0.0422	0.0356	0.0066	0.0017	0.0016	0.0001	0.0405	0.0340	0.0065	0.2354	0.1367	0.0988	0.0580	0.0510	0.0070	0.1774	0.0856	0.0918	0.0000	0.0000	0.0000	0.0000	0.0000	0.0000	0.0000	0.0000	0.0000	0.0520	0.0895	0.0000	0.2109	0.2397	0.0000	0.0000	0.0000	0.0000				
14	74	0.0399	5	0	2	0	0	0	0	0	0	N	Y	N	N	N	N	N	N	N	N	N	N	0.0000	0.0000	0.7408	0.6634	0.0000	0.0000	0.0001	0.0001	0.0000	0.0053	0.0054	0.0000	0.0000	0.0000	0.0000	3.6675	6.8161	0.0000	0.0072	0.0082	0.0000	4.4663	9.6313	0.0000	0.0000	0.0000	-0.0000	-0.6139	3.0000	7.0046	13.0223	18.1036	0.0000	0.0000	0.0000	0.0000	0.0000	0.0000	0.0000	0.0000	0.0000	0.9987	0.9987	0.0000	0.0003	0.0003	0.0000	0.9983	0.9983	0.0000	0.0998	0.0844	0.0154	0.0019	0.0018	0.0000	0.0979	0.0826	0.0154	0.2723	0.1465	0.1258	0.0488	0.0429	0.0059	0.2235	0.1037	0.1199	0.0000	0.0000	0.0000	0.7408	0.6634	0.0000	0.0000	0.0000	0.0000	3.6675	6.8161	0.0000	0.0072	0.0082	0.0000	4.4663	9.6313	0.0000			
14	75	0.0365	4	0	1	0	0	0	0	0	0	N	N	N	N	N	N	N	N	N	N	N	N	0.0004	0.0003	0.0000	0.1413	0.1290	0.0000	0.0000	0.0000	0.0000	0.0000	0.0000	0.0000	0.0002	0.0002	0.0000	0.0000	0.0000	0.0000	0.0207	0.0330	0.0065	0.0011	0.0012	0.0000	0.0258	0.0498	0.0068	0.0000	0.1707	-0.0000	-0.0004	3.0000	0.2435	13.0223	3.2922	0.0000	0.0000	0.0000	0.0000	0.0000	0.0000	0.0000	0.0000	0.0000	0.0009	0.0008	0.0001	0.0000	0.0000	0.0000	0.0009	0.0008	0.0001	0.0038	0.0033	0.0006	0.0002	0.0002	0.0000	0.0036	0.0031	0.0006	0.0447	0.0239	0.0207	0.0091	0.0083	0.0009	0.0355	0.0157	0.0198	0.0004	0.0003	0.0000	0.1413	0.1290	0.0000	0.0000	0.0000	0.0000	0.0207	0.0330	0.0065	0.0011	0.0012	0.0000	0.0258	0.0498	0.0068
14	77	0.0872	9	0	2	0	0	0	0	0	0	N	Y	N	N	N	N	N	N	N	N	N	N	0.0000	0.0000	0.0000	0.0000	0.0000	0.0000	0.0000	0.0000	0.0000	0.0000	0.0000	0.0000	0.0000	0.0000	0.0000	0.0000	0.0000	0.0000	6.0385	0.0003	22.2133	0.0080	0.0008	0.0881	7.6984	0.0000	21.5692	36256.6774	0.0000	0.5510	3.0000	8.6571	13.0223	16.0761	0.0000	0.0000	0.0000	0.0000	0.0000	0.0000	0.0000	0.0000	0.0000	1.4302	0.0000	1.4302	0.0004	0.0000	0.0004	1.4298	0.0000	1.4298	0.1187	0.1022	0.0165	0.0049	0.0047	0.0002	0.1138	0.0975	0.0163	0.2369	0.1384	0.0985	0.0511	0.0469	0.0042	0.1857	0.0915	0.0943	0.0000	0.0000	0.0000	0.0000	0.0000	0.0000	0.0000	0.0000	0.0000	6.0385	0.0003	14.5229	0.0080	0.0008	0.0881	7.6984	0.0000	15.1658	
14	78	0.0867	8	0	2	0	0	0	0	0	0	N	Y	N	N	N	N	N	N	N	N	N	N	0.0000	0.0000	0.0000	0.0000	0.0000	0.0000	0.0000	0.0000	0.0000	0.0000	0.0000	0.0000	0.0000	0.0000	0.0000	0.0000	0.0000	0.0000	9.0011	0.0093	64.3359	0.0005	0.0005	0.0000	15.5829	0.0242	63.5495	1485.4097	0.0000	0.2192	3.0000	0.3645	13.0223	1.9845	0.0000	0.0000	0.0000	0.0000	0.0000	0.0000	0.0000	0.0000	0.0000	0.5699	0.0004	0.5695	0.0000	0.0000	0.0000	0.5699	0.0004	0.5695	0.0071	0.0062	0.0009	0.0013	0.0012	0.0000	0.0058	0.0049	0.0009	0.0633	0.0410	0.0223	0.0267	0.0257	0.0010	0.0366	0.0153	0.0213	0.0000	0.0000	0.0000	0.0000	0.0000	0.0000	0.0000	0.0000	0.0000	9.0011	0.0093	25.5312	0.0005	0.0005	0.0000	15.5829	0.0242	26.7745	
14	79	0.0773	7	0	1	0	0	0	0	0	0	N	N	N	N	N	N	N	N	N	N	N	N	0.0000	0.0000	0.0000	0.0000	0.0000	0.0000	0.0000	0.0000	0.0000	0.0000	0.0000	0.0000	0.0000	0.0000	0.0000	0.0000	0.0000	0.0000	0.0120	0.0204	0.0004	0.0000	0.0000	0.0000	0.0164	0.0337	0.0004	0.0142	0.0000	-0.0013	3.0000	2.9108	13.0223	14.2456	0.0000	0.0000	0.0000	0.0000	0.0000	0.0000	0.0000	0.0000	0.0000	0.0022	0.0022	0.0000	0.0000	0.0000	0.0000	0.0022	0.0022	0.0000	0.0460	0.0394	0.0065	0.0041	0.0040	0.0001	0.0418	0.0354	0.0065	0.1855	0.1075	0.0781	0.0498	0.0424	0.0074	0.1358	0.0651	0.0707	0.0000	0.0000	0.0000	0.0000	0.0000	0.0000	0.0000	0.0000	0.0000	0.0120	0.0204	0.0004	0.0000	0.0000	0.0000	0.0164	0.0337	0.0004	
14	80	0.0722	6	0	1	0	0	0	0	0	0	N	N	N	N	N	N	N	N	N	N	N	N	0.0000	0.0000	0.0000	0.0000	0.0000	0.0000	0.0000	0.0000	0.0000	0.0000	0.0000	0.0000	0.0000	0.0000	0.0000	0.0000	0.0000	0.0000	8.3034	13.3020	0.0000	0.0028	0.0030	0.0000	12.2649	25.4130	0.0000	0.0000	0.0000	-0.6060	3.0000	0.1009	13.0223	7.5203	0.0000	0.0000	0.0000	0.0000	0.0000	0.0000	0.0000	0.0000	0.0000	0.9858	0.9858	0.0000	0.0001	0.0001	0.0000	0.9857	0.9857	0.0000	0.0015	0.0012	0.0002	0.0001	0.0001	0.0000	0.0014	0.0012	0.0002	0.1187	0.0741	0.0446	0.0384	0.0353	0.0030	0.0804	0.0388	0.0416	0.0000	0.0000	0.0000	0.0000	0.0000	0.0000	0.0000	0.0000	0.0000	8.3034	13.3020	0.0000	0.0028	0.0030	0.0000	12.2649	25.4130	0.0000	
14	81	0.0697	5	0	1	0	0	0	0	0	0	N	N	N	N	N	N	N	N	N	N	N	N	0.0000	0.0000	0.0000	0.0000	0.0000	0.0000	0.0000	0.0000	0.0000	0.0000	0.0000	0.0000	0.0000	0.0000	0.0000	0.0000	0.0000	0.0000	0.2149	0.3749	0.0000	0.0001	0.0001	0.0000	0.3054	0.7211	0.0000	0.0000	0.0000	-0.0075	3.0000	0.0014	13.0223	3.7882	0.0000	0.0000	0.0000	0.0000	0.0000	0.0000	0.0000	0.0000	0.0000	0.0122	0.0122	0.0000	0.0000	0.0000	0.0000	0.0122	0.0122	0.0000	0.0000	0.0000	0.0000	0.0000	0.0000	0.0000	0.0000	0.0000	0.0000	0.0569	0.0326	0.0243	0.0169	0.0157	0.0012	0.0401	0.0170	0.0231	0.0000	0.0000	0.0000	0.0000	0.0000	0.0000	0.0000	0.0000	0.0000	0.2149	0.3749	0.0000	0.0001	0.0001	0.0000	0.3054	0.7211	0.0000	
14	82	0.0853	8	0	2	0	0	0	0	0	0	N	Y	N	N	N	N	N	N	N	N	N	N	0.0000	0.0000	0.0000	0.0000	0.0000	0.0000	0.0000	0.0000	0.0000	0.0000	0.0000	0.0000	0.0000	0.0000	0.0000	0.0000	0.0000	0.0047	0.0068	0.0018	0.0150	0.0160	0.0062	0.0007	0.0000	0.0014	0.1765	0.0000	-0.0007	3.0000	7.9116	13.0223	21.1247	0.0000	0.0000	0.0000	0.0000	0.0000	0.0000	0.0000	0.0000	0.0000	0.0016	0.0014	0.0002	0.0014	0.0014	0.0001	0.0002	0.0000	0.0002	0.1168	0.0992	0.0176	0.0093	0.0089	0.0004	0.1076	0.0903	0.0172	0.3369	0.2010	0.1359	0.0946	0.0849	0.0097	0.2423	0.1161	0.1262	0.0000	0.0000	0.0000	0.0000	0.0000	0.0000	0.0000	0.0000	0.0000	0.0047	0.0068	0.0018	0.0150	0.0160	0.0062	0.0007	0.0000	0.0014		
14	83	0.1033	9	1	2	0	0	0	0	0	0	N	Y	N	N	N	N	N	N	N	N	N	N	0.0000	0.0000	0.0000	0.0000	0.0000	0.0000	0.0000	0.0000	0.0000	0.0000	0.0000	0.0000	0.0000	0.0000	0.0000	0.0000	0.0000	0.0000	0.0000	0.0000	3.0000	0.0000	13.0223	1.8333	0.0000	0.0000	0.0000	0.0000	0.0000	0.0000	0.0000	0.0000	0.0000	0.0000	0.0000	0.0000	0.0000	0.0000	0.0000	0.0000	0.0000	0.0000	0.0000	0.0000	0.0000	0.0000	0.0000	0.0000	0.0000	0.0000	0.0000	0.0290	0.0188	0.0102	0.0100	0.0093	0.0008	0.0190	0.0095	0.0094	0.0000	0.0000	0.0000	0.0000	0.0000	0.0000	0.0000	0.0000	0.0000	0.0000	0.0000	0.0000	0.0000	0.0000	0.0000	0.0000	0.0000	0.0000											
14	84	0.0853	8	1	2	0	0	0	0	0	0	N	Y	N	N	N	N	N	N	N	N	N	N	0.0000	0.0000	0.0000	0.0000	0.0000	0.0000	0.0000	0.0000	0.0000	0.0000	0.0000	0.0000	0.0000	0.0000	0.0000	0.0000	0.0000	3.7519	6.1594	0.0000	0.0023	0.0026	0.0000	5.3985	11.3620	0.0000	0.0000	0.0000	-0.6141	3.0000	6.9552	13.0223	13.1226	0.0000	0.0000	0.0000	0.0000	0.0000	0.0000	0.0000	0.0000	0.0000	0.9989	0.9989	0.0000	0.0002	0.0002	0.0000	0.9987	0.9987	0.0000	0.1041	0.0885	0.0156	0.0088	0.0084	0.0004	0.0953	0.0800	0.0153	0.2662	0.1622	0.1041	0.0812	0.0743	0.0070	0.1850	0.0879	0.0971	0.0000	0.0000	0.0000	0.0000	0.0000	0.0000	0.0000	0.0000	0.0000	3.7519	6.1594	0.0000	0.0023	0.0026	0.0000	5.3985	11.3620	0.0000		
14	85	0.0823	7	0	2	0	0	0	0	0	0	N	Y	N	N	N	N	N	N	N	N	N	N	0.0000	0.0000	0.0000	0.0000	0.0000	0.0000	0.0000	0.0000	0.0000	0.0000	0.0000	0.0000	0.0000	0.0000	0.0000	0.0000	0.0000	0.0000	0.0200	0.0314	0.0037	0.0138	0.0147	0.0002	0.0230	0.0497	0.0038	0.0815	0.0000	-0.0012	3.0000	0.3374	13.0223	6.1146	0.0000	0.0000	0.0000	0.0000	0.0000	0.0000	0.0000	0.0000	0.0000	0.0021	0.0020	0.0002	0.0005	0.0005	0.0000	0.0017	0.0015	0.0002	0.0072	0.0062	0.0010	0.0021	0.0020	0.0001	0.0051	0.0042	0.0008	0.1068	0.0629	0.0440	0.0350	0.0329	0.0021	0.0718	0.0300	0.0418	0.0000	0.0000	0.0000	0.0000	0.0000	0.0000	0.0000	0.0000	0.0000	0.0200	0.0314	0.0037	0.0138	0.0147	0.0002	0.0230	0.0497	0.0038	
14	86	0.0823	7	0	2	0	0	0	0	0	0	N	Y	N	N	N	N	N	N	N	N	N	N	0.0000	0.0000	0.0000	0.0000	0.0000	0.0000	0.0000	0.0000	0.0000	0.0000	0.0000	0.0000	0.0000	0.0000	0.0000	0.0000	0.0000	0.0000	3.9053	6.8958	0.0000	0.0016	0.0018	0.0000	5.1656	11.1220	0.0000	0.0000	0.0000	-0.6139	3.0000	11.0342	13.0223	12.7513	0.0000	0.0000	0.0000	0.0000	0.0000	0.0000	0.0000	0.0000	0.0000	0.9986	0.9986	0.0000	0.0001	0.0001	0.0000	0.9985	0.9985	0.0000	0.1522	0.1288	0.0234	0.0077	0.0073	0.0004	0.1445	0.1215	0.0230	0.2557	0.1448	0.1109	0.0624	0.0550	0.0074	0.1933	0.0898	0.1035	0.0000	0.0000	0.0000	0.0000	0.0000	0.0000	0.0000	0.0000	0.0000	3.9053	6.8958	0.0000	0.0016	0.0018	0.0000	5.1656	11.1220	0.0000	
14	87	0.0747	6	0	2	0	0	0	0	0	0	N	Y	N	N	N	N	N	N	N	N	N	N	0.0000	0.0000	0.0000	0.0000	0.0000	0.0000	0.0000	0.0000	0.0000	0.0000	0.0000	0.0000	0.0000	0.0000	0.0000	0.0000	0.0000	0.0000	0.0042	0.0076	0.0000	0.0000	0.0000	0.0000	0.0055	0.0123	0.0000	0.0002	0.0000	-0.0003	3.0000	3.9739	13.0223	6.2820	0.0000	0.0000	0.0000	0.0000	0.0000	0.0000	0.0000	0.0000	0.0000	0.0005	0.0005	0.0000	0.0000	0.0000	0.0000	0.0005	0.0005	0.0000	0.0557	0.0470	0.0087	0.0023	0.0021	0.0001	0.0534	0.0448	0.0086	0.1154	0.0633	0.0521	0.0279	0.0241	0.0038	0.0875	0.0391	0.0484	0.0000	0.0000	0.0000	0.0000	0.0000	0.0000	0.0000	0.0000	0.0000	0.0042	0.0076	0.0000	0.0000	0.0000	0.0000	0.0055	0.0123	0.0000	
14	88	0.0697	5	0	2	0	0	0	0	0	0	N	Y	N	N	N	N	N	N	N	N	N	N	0.0000	0.0000	0.0000	0.0000	0.0000	0.0000	0.0000	0.0000	0.0000	0.0000	0.0000	0.0000	0.0000	0.0000	0.0000	0.0000	0.0000	0.0000	0.0000	0.0000	0.0000	0.0000	0.0000	0.0000	0.0000	0.0000	0.0835	0.0000	-0.0000	3.0000	0.0056	13.0223	5.7021	0.0000	0.0000	0.0000	0.0000	0.0000	0.0000	0.0000	0.0000	0.0000	0.0000	0.0000	0.0000	0.0000	0.0000	0.0000	0.0000	0.0000	0.0000	0.0001	0.0001	0.0000	0.0000	0.0000	0.0000	0.0001	0.0001	0.0000	0.0747	0.0422	0.0325	0.0199	0.0181	0.0018	0.0547	0.0240	0.0307	0.0000	0.0000	0.0000	0.0000	0.0000	0.0000	0.0000	0.0000	0.0000	0.0000	0.0000	0.0000	0.0000	0.0000	0.0000	0.0000	0.0000	0.0000		
14	92	0.1581	9	0	1	0	0	0	0	0	0	N	N	N	N	N	N	N	N	N	N	N	N	1.6797	0.0204	4.3143	0.1168	0.0579	0.6602	1.1976	0.0154	3.9587	2.6311	0.0004	19.6272	0.0043	0.0019	0.0430	3.2109	0.0000	21.2933	1.5664	0.0181	4.5493	0.0365	0.0323	0.0651	2.6811	0.0000	5.3788	8256.3662	130.6359	0.4476	0.3751	3.0000	24.8682	13.0223	39.8855	0.9909	0.0001	0.9907	0.0003	0.0001	0.0002	0.9906	0.0000	0.9906	0.9933	0.0075	0.9858	0.0097	0.0075	0.0022	0.9836	0.0000	0.9836	0.3766	0.3261	0.0505	0.0681	0.0641	0.0040	0.3085	0.2620	0.0465	0.6341	0.4175	0.2167	0.2673	0.2335	0.0338	0.3668	0.1840	0.1829	1.6797	0.0204	4.3143	0.1168	0.0579	0.6602	1.1976	0.0154	3.9587	1.5664	0.0181	4.5493	0.0365	0.0323	0.0651	2.6811	0.0000	5.3788
15	17	0.1011	12	1	0	1	1	0	0	0	0	N	N	N	N	N	N	N	N	N	N	N	N	0.0000	0.0000	0.0000	0.0000	0.0000	0.0000	0.0000	0.0000	0.0000	0.0000	0.0000	0.0000	0.0000	0.0000	0.0000	0.0000	0.0000	0.0000	0.0000	0.0000	0.0000	0.0000	0.0000	0.0000	0.0000	5.3333	0.0000	0.0000	0.9991	1.0000	0.0040	1.0003	0.0000	0.0000	0.0000	0.0000	0.0000	0.0000	0.0000	0.0000	0.0000	0.0000	0.0000	0.0000	0.0000	0.0000	0.0000	0.0000	0.0000	0.0000	0.0048	0.0041	0.0008	0.0005	0.0005	0.0000	0.0043	0.0036	0.0007	0.0012	0.0007	0.0005	0.0004	0.0003	0.0000	0.0008	0.0004	0.0004	0.0000	0.0000	0.0000	0.0000	0.0000	0.0000	0.0000	0.0000	0.0000	0.0000	0.0000	0.0000	0.0000	0.0000	0.0000	0.0000	0.0000	0.0000			
15	18	0.0475	10	0	1	0	1	0	0	0	0	N	N	N	N	N	N	N	N	N	N	N	N	0.0000	0.0000	0.0000	0.0000	0.0000	0.0000	0.0000	0.0000	0.0000	0.0000	0.0000	0.0000	0.0000	0.0000	0.0000	0.0000	0.0005	0.0006	0.0000	0.0011	0.0011	0.0000	0.0000	0.0000	0.0000	0.0012	0.0000	-0.0000	0.9991	0.0005	0.0040	9.9413	0.0000	0.0000	0.0000	0.0000	0.0000	0.0000	0.0000	0.0000	0.0000	0.0000	0.0000	0.0000	0.0000	0.0000	0.0000	0.0000	0.0000	0.0000	0.0032	0.0029	0.0003	0.0031	0.0028	0.0003	0.0001	0.0001	0.0000	0.0151	0.0110	0.0041	0.0064	0.0061	0.0003	0.0087	0.0049	0.0038	0.0000	0.0000	0.0000	0.0000	0.0000	0.0000	0.0000	0.0000	0.0000	0.0005	0.0006	0.0000	0.0011	0.0011	0.0000	0.0000	0.0000	0.0000			
15	19	0.0711	11	1	1	0	1	0	0	0	0	N	N	N	N	N	N	N	N	N	N	N	N	0.0000	0.0000	0.0000	0.0000	0.0000	0.0000	0.0000	0.0000	0.0000	0.0000	0.0000	0.0000	0.0000	0.0000	0.0000	0.0000	0.0000	0.0031	0.0000	0.0080	0.0001	0.0001	0.0002	0.0047	0.0000	0.0089	113.5957	-0.0000	0.0000	0.9991	4.7901	0.0040	15.0000	0.0000	0.0000	0.0000	0.0000	0.0000	0.0000	0.0000	0.0000	0.0000	0.0000	0.0000	0.0000	0.0000	0.0000	0.0000	0.0000	0.0000	0.0000	0.0243	0.0205	0.0037	0.0027	0.0024	0.0003	0.0216	0.0181	0.0035	0.0147	0.0091	0.0056	0.0051	0.0045	0.0006	0.0095	0.0045	0.0050	0.0000	0.0000	0.0000	0.0000	0.0000	0.0000	0.0000	0.0000	0.0000	0.0031	0.0000	0.0080	0.0001	0.0001	0.0002	0.0047	0.0000	0.0089		
15	20	0.0681	10	1	1	0	1	0	0	0	0	N	N	N	N	N	N	N	N	N	N	N	N	0.0000	0.0000	0.0000	0.0000	0.0000	0.0000	0.0000	0.0000	0.0000	0.0000	0.0000	0.0000	0.0000	0.0000	0.0000	0.0000	0.0000	0.0016	0.0001	0.0039	0.0000	0.0000	0.0000	0.0024	0.0001	0.0042	42.7946	-0.0000	0.0000	0.9991	1.2170	0.0040	3.4655	0.0000	0.0000	0.0000	0.0000	0.0000	0.0000	0.0000	0.0000	0.0000	0.0000	0.0000	0.0000	0.0000	0.0000	0.0000	0.0000	0.0000	0.0000	0.0061	0.0051	0.0009	0.0005	0.0005	0.0000	0.0056	0.0047	0.0009	0.0036	0.0021	0.0015	0.0011	0.0010	0.0001	0.0024	0.0011	0.0014	0.0000	0.0000	0.0000	0.0000	0.0000	0.0000	0.0000	0.0000	0.0000	0.0016	0.0001	0.0039	0.0000	0.0000	0.0000	0.0024	0.0001	0.0042		
15	21	0.0814	12	0	1	0	1	0	0	0	0	N	N	N	N	N	N	N	N	N	N	N	N	0.0000	0.0000	0.0000	0.0000	0.0000	0.0000	0.0000	0.0000	0.0000	0.0000	0.0000	0.0000	0.0000	0.0000	0.0000	0.0000	0.0105	0.0001	0.0260	0.0003	0.0003	0.0000	0.0156	0.0000	0.0299	125.1373	0.0000	0.0000	0.9991	2.0000	0.0040	11.9921	0.0000	0.0000	0.0000	0.0000	0.0000	0.0000	0.0000	0.0000	0.0000	0.0001	0.0000	0.0001	0.0000	0.0000	0.0000	0.0001	0.0000	0.0001	0.0097	0.0082	0.0015	0.0006	0.0006	0.0000	0.0091	0.0076	0.0015	0.0086	0.0052	0.0035	0.0029	0.0024	0.0005	0.0058	0.0028	0.0030	0.0000	0.0000	0.0000	0.0000	0.0000	0.0000	0.0000	0.0000	0.0000	0.0105	0.0001	0.0260	0.0003	0.0003	0.0000	0.0156	0.0000	0.0299			
15	22	0.0681	10	0	1	0	1	0	0	0	0	N	N	N	N	N	N	N	N	N	N	N	N	0.0000	0.0000	0.0000	0.0000	0.0000	0.0000	0.0000	0.0000	0.0000	0.0000	0.0000	0.0000	0.0000	0.0010	0.0016	0.0000	0.0000	0.0000	0.0000	0.0013	0.0028	0.0000	0.0000	0.0000	-0.0000	0.9991	2.9966	0.0040	14.0927	0.0000	0.0000	0.0000	0.0000	0.0000	0.0000	0.0000	0.0000	0.0000	0.0000	0.0000	0.0000	0.0000	0.0000	0.0000	0.0000	0.0000	0.0000	0.0146	0.0124	0.0022	0.0011	0.0010	0.0001	0.0136	0.0114	0.0022	0.0105	0.0061	0.0044	0.0029	0.0026	0.0004	0.0076	0.0036	0.0040	0.0000	0.0000	0.0000	0.0000	0.0000	0.0000	0.0000	0.0000	0.0000	0.0010	0.0016	0.0000	0.0000	0.0000	0.0000	0.0013	0.0028	0.0000						
15	23	0.0411	9	0	1	1	2	0	0	0	0	N	N	N	Y	N	N	N	N	N	N	N	N	0.0000	0.0000	0.0000	0.0000	0.0000	0.0000	0.0000	0.0000	0.0000	0.0000	0.0000	0.0000	0.0000	0.0000	0.0000	0.0000	0.0000	0.0000	0.0000	0.0000	0.9991	0.3092	0.0040	0.1355	0.0000	0.0000	0.0000	0.0000	0.0000	0.0000	0.0000	0.0000	0.0000	0.0000	0.0000	0.0000	0.0000	0.0000	0.0000	0.0000	0.0000	0.0000	0.0024	0.0020	0.0004	0.0007	0.0007	0.0000	0.0017	0.0014	0.0004	0.0005	0.0003	0.0002	0.0002	0.0001	0.0000	0.0003	0.0002	0.0002	0.0000	0.0000	0.0000	0.0000	0.0000	0.0000	0.0000	0.0000	0.0000	0.0000	0.0000	0.0000	0.0000	0.0000	0.0000	0.0000	0.0000	0.0000											
15	24	0.0305	8	0	0	0	2	0	0	0	0	N	N	N	Y	N	N	N	N	N	N	N	N	0.0000	0.0000	0.0000	0.0000	0.0000	0.0000	0.0000	0.0000	0.0000	0.0000	0.0000	0.0000	0.0000	0.0000	0.0000	0.0000	0.0000	0.0095	0.0000	0.0217	0.0000	0.0000	0.0000	0.0111	0.0000	0.0228	55218.4000	0.0000	0.0000	0.9991	6.2779	0.0040	13.9173	0.0000	0.0000	0.0000	0.0000	0.0000	0.0000	0.0000	0.0000	0.0000	0.0001	0.0000	0.0001	0.0000	0.0000	0.0000	0.0001	0.0000	0.0001	0.0298	0.0253	0.0046	0.0041	0.0039	0.0002	0.0258	0.0214	0.0044	0.0117	0.0066	0.0051	0.0017	0.0015	0.0002	0.0099	0.0051	0.0048	0.0000	0.0000	0.0000	0.0000	0.0000	0.0000	0.0000	0.0000	0.0000	0.0095	0.0000	0.0217	0.0000	0.0000	0.0000	0.0111	0.0000	0.0228		
15	25	0.0437	11	0	1	0	1	0	0	0	0	N	N	N	N	N	N	N	N	N	N	N	N	0.0000	0.0000	0.0000	0.0000	0.0000	0.0000	0.0000	0.0000	0.0000	0.0000	0.0000	0.0000	0.0000	0.0000	0.0000	0.0000	0.0013	0.0000	0.0036	0.0000	0.0000	0.0000	0.0020	0.0000	0.0039	243.9657	-0.0000	0.0000	0.9991	3.8932	0.0040	15.3303	0.0000	0.0000	0.0000	0.0000	0.0000	0.0000	0.0000	0.0000	0.0000	0.0000	0.0000	0.0000	0.0000	0.0000	0.0000	0.0000	0.0000	0.0000	0.0213	0.0182	0.0031	0.0027	0.0026	0.0001	0.0186	0.0156	0.0030	0.0151	0.0096	0.0055	0.0051	0.0047	0.0004	0.0100	0.0049	0.0051	0.0000	0.0000	0.0000	0.0000	0.0000	0.0000	0.0000	0.0000	0.0000	0.0013	0.0000	0.0036	0.0000	0.0000	0.0000	0.0020	0.0000	0.0039			
15	26	0.0253	7	0	1	0	2	0	0	0	0	N	N	N	Y	N	N	N	N	N	N	N	N	0.0000	0.0000	0.0000	0.0000	0.0000	0.0000	0.0000	0.0000	0.0000	0.0000	0.0000	0.0000	0.0000	0.0000	0.0000	0.0000	0.0113	0.0000	0.0255	0.0000	0.0000	0.0000	0.0142	0.0000	0.0266	104360.7273	0.0000	0.0000	0.9991	4.2937	0.0040	9.5692	0.0000	0.0000	0.0000	0.0000	0.0000	0.0000	0.0000	0.0000	0.0000	0.0001	0.0000	0.0001	0.0000	0.0000	0.0000	0.0001	0.0000	0.0001	0.0266	0.0226	0.0039	0.0048	0.0047	0.0001	0.0218	0.0179	0.0038	0.0102	0.0057	0.0045	0.0021	0.0020	0.0002	0.0081	0.0038	0.0043	0.0000	0.0000	0.0000	0.0000	0.0000	0.0000	0.0000	0.0000	0.0000	0.0113	0.0000	0.0255	0.0000	0.0000	0.0000	0.0142	0.0000	0.0266			
15	27	0.0349	9	1	1	0	1	0	0	0	0	N	N	N	N	N	N	N	N	N	N	N	N	0.0000	0.0000	0.0000	0.0000	0.0000	0.0000	0.0000	0.0000	0.0000	0.0000	0.0000	0.0000	0.0000	0.0032	0.0056	0.0000	0.0000	0.0000	0.0000	0.0042	0.0085	0.0000	0.0000	0.0000	-0.0001	0.9991	16.0000	0.0040	34.8566	0.0000	0.0000	0.0000	0.0000	0.0000	0.0000	0.0000	0.0000	0.0000	0.0001	0.0001	0.0000	0.0000	0.0000	0.0000	0.0001	0.0001	0.0000	0.0735	0.0622	0.0113	0.0054	0.0051	0.0004	0.0680	0.0571	0.0109	0.0277	0.0161	0.0116	0.0064	0.0056	0.0008	0.0214	0.0106	0.0108	0.0000	0.0000	0.0000	0.0000	0.0000	0.0000	0.0000	0.0000	0.0000	0.0032	0.0056	0.0000	0.0000	0.0000	0.0000	0.0042	0.0085	0.0000						
15	28	0.0268	5	0	0	1	1	0	0	0	0	N	N	N	N	N	N	N	N	N	N	N	N	0.0000	0.0000	0.0000	0.0000	0.0000	0.0000	0.0000	0.0000	0.0000	0.0000	0.0000	0.0000	0.0000	0.0000	0.0000	0.0000	0.0000	0.0000	0.0000	0.0000	0.9991	0.0000	0.0040	3.0088	0.0000	0.0000	0.0000	0.0000	0.0000	0.0000	0.0000	0.0000	0.0000	0.0000	0.0000	0.0000	0.0000	0.0000	0.0000	0.0000	0.0000	0.0000	0.0000	0.0000	0.0000	0.0000	0.0000	0.0000	0.0000	0.0000	0.0000	0.0018	0.0010	0.0008	0.0003	0.0002	0.0000	0.0016	0.0008	0.0008	0.0000	0.0000	0.0000	0.0000	0.0000	0.0000	0.0000	0.0000	0.0000	0.0000	0.0000	0.0000	0.0000	0.0000	0.0000	0.0000	0.0000	0.0000											
15	29	0.0174	4	0	1	0	1	0	0	0	0	N	N	N	N	N	N	N	N	N	N	N	N	0.0000	0.0000	0.0000	0.0000	0.0000	0.0000	0.0000	0.0000	0.0000	0.0000	0.0000	0.0000	0.0000	0.0001	0.0002	0.0000	0.0010	0.0012	0.0000	0.0000	0.0000	0.0000	0.0000	-0.0000	-0.0000	0.9991	5.0749	0.0040	14.8264	0.0000	0.0000	0.0000	0.0000	0.0000	0.0000	0.0000	0.0000	0.0000	0.0000	0.0000	0.0000	0.0000	0.0000	0.0000	0.0000	0.0000	0.0000	0.0259	0.0218	0.0041	0.0008	0.0008	0.0000	0.0251	0.0210	0.0041	0.0127	0.0071	0.0056	0.0017	0.0015	0.0002	0.0110	0.0056	0.0054	0.0000	0.0000	0.0000	0.0000	0.0000	0.0000	0.0000	0.0000	0.0000	0.0001	0.0002	0.0000	0.0010	0.0012	0.0000	0.0000	0.0000	0.0000						
15	30	0.0681	10	1	0	1	1	0	0	0	0	N	N	N	N	N	N	N	N	N	N	N	N	0.0000	0.0000	0.0000	0.0000	0.0000	0.0000	0.0000	0.0000	0.0000	0.0000	0.0000	0.0000	0.0000	0.0000	0.0000	0.0087	0.0027	0.0171	0.0000	0.0000	0.0000	0.0120	0.0046	0.0186	4.5000	0.0000	0.0000	0.9991	5.9956	0.0040	15.0927	0.0000	0.0000	0.0000	0.0000	0.0000	0.0000	0.0000	0.0000	0.0000	0.0001	0.0000	0.0001	0.0000	0.0000	0.0000	0.0001	0.0000	0.0001	0.0288	0.0244	0.0044	0.0020	0.0019	0.0001	0.0267	0.0225	0.0043	0.0127	0.0074	0.0053	0.0035	0.0031	0.0004	0.0092	0.0043	0.0048	0.0000	0.0000	0.0000	0.0000	0.0000	0.0000	0.0000	0.0000	0.0000	0.0087	0.0027	0.0171	0.0000	0.0000	0.0000	0.0120	0.0046	0.0186				
15	31	0.0305	8	0	1	0	1	0	0	0	0	N	N	N	N	N	N	N	N	N	N	N	N	0.0000	0.0000	0.0000	0.0000	0.0000	0.0000	0.0000	0.0000	0.0000	0.0000	0.0000	0.0000	0.0000	0.0000	0.0000	0.0000	0.0002	0.0001	0.0003	0.0002	0.0003	0.0000	0.0001	0.0000	0.0003	3.0990	0.0000	0.0000	0.9991	1.4218	0.0040	7.0463	0.0000	0.0000	0.0000	0.0000	0.0000	0.0000	0.0000	0.0000	0.0000	0.0000	0.0000	0.0000	0.0000	0.0000	0.0000	0.0000	0.0000	0.0000	0.0094	0.0079	0.0015	0.0021	0.0020	0.0000	0.0073	0.0058	0.0015	0.0055	0.0031	0.0024	0.0009	0.0008	0.0001	0.0046	0.0023	0.0023	0.0000	0.0000	0.0000	0.0000	0.0000	0.0000	0.0000	0.0000	0.0000	0.0002	0.0001	0.0003	0.0002	0.0003	0.0000	0.0001	0.0000	0.0003			
15	32	0.0253	7	0	0	0	1	0	0	0	0	N	N	N	N	N	N	N	N	N	N	N	N	0.0000	0.0000	0.0000	0.0000	0.0000	0.0000	0.0000	0.0000	0.0000	0.0000	0.0000	0.0000	0.0000	0.0000	0.0000	0.0000	0.0000	0.0020	0.0002	0.0043	0.0004	0.0004	0.0000	0.0025	0.0000	0.0045	22.4961	0.0000	0.0000	0.9991	4.3312	0.0040	5.5221	0.0000	0.0000	0.0000	0.0000	0.0000	0.0000	0.0000	0.0000	0.0000	0.0000	0.0000	0.0000	0.0000	0.0000	0.0000	0.0000	0.0000	0.0000	0.0267	0.0228	0.0040	0.0048	0.0047	0.0001	0.0219	0.0181	0.0039	0.0079	0.0044	0.0035	0.0018	0.0017	0.0001	0.0061	0.0027	0.0034	0.0000	0.0000	0.0000	0.0000	0.0000	0.0000	0.0000	0.0000	0.0000	0.0020	0.0002	0.0043	0.0004	0.0004	0.0000	0.0025	0.0000	0.0045		
15	33	0.0228	6	0	0	0	1	0	0	0	0	N	N	N	N	N	N	N	N	N	N	N	N	0.0000	0.0000	0.0000	0.0000	0.0000	0.0000	0.0000	0.0000	0.0000	0.0000	0.0000	0.0000	0.0000	0.0000	0.0000	0.0000	0.0000	0.0267	0.0000	0.0612	0.0001	0.0001	0.0000	0.0320	0.0000	0.0635	1873.6186	0.0000	0.0001	0.9991	4.2685	0.0040	3.7703	0.0000	0.0000	0.0000	0.0000	0.0000	0.0000	0.0000	0.0000	0.0000	0.0001	0.0000	0.0001	0.0000	0.0000	0.0000	0.0001	0.0000	0.0001	0.0248	0.0210	0.0037	0.0032	0.0032	0.0001	0.0215	0.0179	0.0037	0.0054	0.0030	0.0024	0.0009	0.0008	0.0001	0.0045	0.0022	0.0023	0.0000	0.0000	0.0000	0.0000	0.0000	0.0000	0.0000	0.0000	0.0000	0.0267	0.0000	0.0612	0.0001	0.0001	0.0000	0.0320	0.0000	0.0635		
15	34	0.0681	10	1	0	1	1	0	0	0	0	N	N	N	N	N	N	N	N	N	N	N	N	0.0000	0.0000	0.0000	0.0000	0.0000	0.0000	0.0000	0.0000	0.0000	0.0000	0.0000	0.0000	0.0000	0.0008	0.0014	0.0000	0.0000	0.0000	0.0000	0.0011	0.0024	0.0000	0.0000	0.0000	-0.0000	0.9991	4.9966	0.0040	15.0870	0.0000	0.0000	0.0000	0.0000	0.0000	0.0000	0.0000	0.0000	0.0000	0.0000	0.0000	0.0000	0.0000	0.0000	0.0000	0.0000	0.0000	0.0000	0.0241	0.0204	0.0037	0.0017	0.0016	0.0001	0.0224	0.0188	0.0036	0.0121	0.0071	0.0050	0.0034	0.0029	0.0004	0.0088	0.0042	0.0046	0.0000	0.0000	0.0000	0.0000	0.0000	0.0000	0.0000	0.0000	0.0000	0.0008	0.0014	0.0000	0.0000	0.0000	0.0000	0.0011	0.0024	0.0000						
15	35	0.0268	5	0	1	0	1	0	0	0	0	N	N	N	N	N	N	N	N	N	N	N	N	0.0000	0.0000	0.0000	0.0000	0.0000	0.0000	0.0000	0.0000	0.0000	0.0000	0.0000	0.0000	0.0000	0.0000	0.0000	0.0000	0.0000	0.0000	0.0000	0.0000	0.9991	1.0000	0.0040	1.0102	0.0000	0.0000	0.0000	0.0000	0.0000	0.0000	0.0000	0.0000	0.0000	0.0000	0.0000	0.0000	0.0000	0.0000	0.0000	0.0000	0.0000	0.0000	0.0046	0.0039	0.0007	0.0002	0.0002	0.0000	0.0044	0.0038	0.0006	0.0012	0.0007	0.0005	0.0002	0.0001	0.0000	0.0011	0.0005	0.0005	0.0000	0.0000	0.0000	0.0000	0.0000	0.0000	0.0000	0.0000	0.0000	0.0000	0.0000	0.0000	0.0000	0.0000	0.0000	0.0000	0.0000	0.0000											
15	36	0.0268	4	0	0	0	1	0	0	0	0	N	N	N	N	N	N	N	N	N	N	N	N	0.0000	0.0000	0.0000	0.0000	0.0000	0.0000	0.0000	0.0000	0.0000	0.0000	0.0000	0.0000	0.0000	0.0000	0.0000	0.0000	0.0000	0.0000	0.0000	0.0000	0.9991	0.0000	0.0040	0.0263	0.0000	0.0000	0.0000	0.0000	0.0000	0.0000	0.0000	0.0000	0.0000	0.0000	0.0000	0.0000	0.0000	0.0000	0.0000	0.0000	0.0000	0.0000	0.0000	0.0000	0.0000	0.0000	0.0000	0.0000	0.0000	0.0000	0.0000	0.0000	0.0000	0.0000	0.0000	0.0000	0.0000	0.0000	0.0000	0.0000	0.0000	0.0000	0.0000	0.0000	0.0000	0.0000	0.0000	0.0000	0.0000	0.0000	0.0000	0.0000	0.0000	0.0000	0.0000	0.0000	0.0000	0.0000											
15	37	0.1011	11	1	1	1	1	0	0	0	0	N	N	N	N	N	N	N	N	N	N	N	N	0.0000	0.0000	0.0000	0.0000	0.0000	0.0000	0.0000	0.0000	0.0000	0.0000	0.0000	0.0000	0.0000	0.0194	0.0000	0.0467	0.0000	0.0000	0.0000	0.0278	0.0000	0.0519	inf	0.0000	0.0000	0.9991	3.0000	0.0040	5.0002	0.0000	0.0000	0.0000	0.0000	0.0000	0.0000	0.0000	0.0000	0.0000	0.0001	0.0000	0.0001	0.0000	0.0000	0.0000	0.0001	0.0000	0.0001	0.0143	0.0121	0.0022	0.0015	0.0014	0.0001	0.0128	0.0107	0.0021	0.0046	0.0027	0.0019	0.0014	0.0012	0.0002	0.0032	0.0015	0.0017	0.0000	0.0000	0.0000	0.0000	0.0000	0.0000	0.0000	0.0000	0.0000	0.0194	0.0000	0.0467	0.0000	0.0000	0.0000	0.0278	0.0000	0.0519						
15	38	0.0686	13	1	1	0	1	0	0	0	0	N	N	N	N	N	N	N	N	N	N	N	N	0.0000	0.0000	0.0000	0.0000	0.0000	0.0000	0.0000	0.0000	0.0000	0.0000	0.0000	0.0000	0.0000	0.0000	0.0000	0.0000	0.0000	0.0000	-0.0000	0.0000	0.9991	0.0001	0.0040	0.1668	0.0000	0.0000	0.0000	0.0000	0.0000	0.0000	0.0000	0.0000	0.0000	0.0000	0.0000	0.0000	0.0000	0.0000	0.0000	0.0000	0.0000	0.0000	0.0000	0.0000	0.0000	0.0000	0.0000	0.0000	0.0000	0.0000	0.0000	0.0009	0.0006	0.0002	0.0004	0.0004	0.0000	0.0005	0.0002	0.0002	0.0000	0.0000	0.0000	0.0000	0.0000	0.0000	0.0000	0.0000	0.0000	0.0000	0.0000	0.0000	0.0000	0.0000	0.0000	0.0000	0.0000	0.0000											
15	39	0.0136	2	0	0	0	2	0	0	0	0	N	N	N	Y	N	N	N	N	N	N	N	N	0.0000	0.0000	0.0000	0.0000	0.0000	0.0000	0.0000	0.0000	0.0000	0.0000	0.0000	0.0000	0.0000	0.0012	0.0019	0.0000	0.0047	0.0049	0.0000	0.0000	0.0000	0.0000	0.0000	0.0000	-0.0000	0.9991	1.7673	0.0040	9.0239	0.0000	0.0000	0.0000	0.0000	0.0000	0.0000	0.0000	0.0000	0.0000	0.0000	0.0000	0.0000	0.0000	0.0000	0.0000	0.0000	0.0000	0.0000	0.0143	0.0124	0.0018	0.0034	0.0033	0.0001	0.0108	0.0091	0.0017	0.0110	0.0068	0.0041	0.0028	0.0027	0.0001	0.0082	0.0041	0.0040	0.0000	0.0000	0.0000	0.0000	0.0000	0.0000	0.0000	0.0000	0.0000	0.0012	0.0019	0.0000	0.0047	0.0049	0.0000	0.0000	0.0000	0.0000						
15	41	0.0867	15	0	1	1	1	0	0	0	0	N	N	N	N	N	N	N	N	N	N	N	N	0.0000	0.0000	0.0000	0.0000	0.0000	0.0000	0.0000	0.0000	0.0000	0.0000	0.0000	0.0000	0.0000	0.0000	0.0000	0.0000	0.0000	0.0021	0.0000	0.0054	0.0002	0.0000	0.0015	0.0032	0.0000	0.0060	19632.6000	0.0000	0.0000	0.9991	0.9997	0.0040	10.1790	0.0000	0.0000	0.0000	0.0000	0.0000	0.0000	0.0000	0.0000	0.0000	0.0000	0.0000	0.0000	0.0000	0.0000	0.0000	0.0000	0.0000	0.0000	0.0049	0.0042	0.0008	0.0004	0.0004	0.0000	0.0046	0.0038	0.0007	0.0095	0.0059	0.0036	0.0036	0.0032	0.0005	0.0059	0.0028	0.0032	0.0000	0.0000	0.0000	0.0000	0.0000	0.0000	0.0000	0.0000	0.0000	0.0021	0.0000	0.0054	0.0002	0.0000	0.0015	0.0032	0.0000	0.0060		
15	42	0.0855	14	0	1	0	1	0	0	0	0	N	N	N	N	N	N	N	N	N	N	N	N	0.0000	0.0000	0.0000	0.0000	0.0000	0.0000	0.0000	0.0000	0.0000	0.0000	0.0000	0.0000	0.0000	0.0000	0.0000	0.0000	0.0000	0.0000	0.0116	0.0064	0.0193	0.0079	0.0087	0.0001	0.0140	0.0030	0.0212	2.0802	0.0000	0.0000	0.9991	0.0007	0.0040	0.9413	0.0000	0.0000	0.0000	0.0000	0.0000	0.0000	0.0000	0.0000	0.0000	0.0000	0.0000	0.0000	0.0000	0.0000	0.0000	0.0000	0.0000	0.0000	0.0000	0.0000	0.0000	0.0000	0.0000	0.0000	0.0000	0.0000	0.0000	0.0009	0.0006	0.0004	0.0004	0.0003	0.0000	0.0006	0.0002	0.0003	0.0000	0.0000	0.0000	0.0000	0.0000	0.0000	0.0000	0.0000	0.0000	0.0116	0.0064	0.0193	0.0079	0.0087	0.0001	0.0140	0.0030	0.0212	
15	43	0.0681	10	1	0	1	1	0	0	0	0	N	N	N	N	N	N	N	N	N	N	N	N	0.0000	0.0000	0.0000	0.0000	0.0000	0.0000	0.0000	0.0000	0.0000	0.0000	0.0000	0.0000	0.0000	0.0000	0.0000	0.0000	0.0000	0.0000	0.0000	0.0000	0.9991	1.9995	0.0040	12.0029	0.0000	0.0000	0.0000	0.0000	0.0000	0.0000	0.0000	0.0000	0.0000	0.0000	0.0000	0.0000	0.0000	0.0000	0.0000	0.0000	0.0000	0.0000	0.0098	0.0083	0.0015	0.0007	0.0007	0.0000	0.0091	0.0076	0.0015	0.0088	0.0052	0.0037	0.0025	0.0022	0.0003	0.0063	0.0030	0.0034	0.0000	0.0000	0.0000	0.0000	0.0000	0.0000	0.0000	0.0000	0.0000	0.0000	0.0000	0.0000	0.0000	0.0000	0.0000	0.0000	0.0000	0.0000											
15	44	0.0349	9	1	1	0	1	0	0	0	0	N	N	N	N	N	N	N	N	N	N	N	N	0.0000	0.0000	0.0000	0.0000	0.0000	0.0000	0.0000	0.0000	0.0000	0.0000	0.0000	0.0000	0.0000	0.0080	0.0000	0.0193	0.0000	0.0000	0.0000	0.0105	0.0000	0.0206	inf	0.0000	0.0001	0.9991	10.0000	0.0040	26.8440	0.0000	0.0000	0.0000	0.0000	0.0000	0.0000	0.0000	0.0000	0.0000	0.0002	0.0000	0.0002	0.0000	0.0000	0.0000	0.0002	0.0000	0.0002	0.0470	0.0397	0.0073	0.0034	0.0032	0.0002	0.0435	0.0365	0.0070	0.0212	0.0124	0.0088	0.0050	0.0044	0.0006	0.0162	0.0080	0.0082	0.0000	0.0000	0.0000	0.0000	0.0000	0.0000	0.0000	0.0000	0.0000	0.0080	0.0000	0.0193	0.0000	0.0000	0.0000	0.0105	0.0000	0.0206						
15	45	0.0855	14	0	1	0	1	0	0	0	0	N	N	N	N	N	N	N	N	N	N	N	N	0.0000	0.0000	0.0000	0.0000	0.0000	0.0000	0.0000	0.0000	0.0000	0.0000	0.0000	0.0000	0.0000	0.0000	0.0000	0.0000	0.0009	0.0001	0.0019	0.0001	0.0002	0.0000	0.0012	0.0000	0.0022	19.4094	0.0000	0.0000	0.9991	3.0000	0.0040	5.0456	0.0000	0.0000	0.0000	0.0000	0.0000	0.0000	0.0000	0.0000	0.0000	0.0000	0.0000	0.0000	0.0000	0.0000	0.0000	0.0000	0.0000	0.0000	0.0147	0.0124	0.0023	0.0011	0.0010	0.0001	0.0136	0.0114	0.0022	0.0054	0.0031	0.0023	0.0018	0.0015	0.0003	0.0036	0.0016	0.0020	0.0000	0.0000	0.0000	0.0000	0.0000	0.0000	0.0000	0.0000	0.0000	0.0009	0.0001	0.0019	0.0001	0.0002	0.0000	0.0012	0.0000	0.0022			
15	46	0.0814	13	0	1	0	1	0	0	0	0	N	N	N	N	N	N	N	N	N	N	N	N	0.0000	0.0000	0.0000	0.0000	0.0000	0.0000	0.0000	0.0000	0.0000	0.0000	0.0000	0.0000	0.0000	0.0000	0.0000	0.0000	0.0000	0.0780	0.0001	0.1968	0.0001	0.0001	0.0000	0.1185	0.0000	0.2260	1746.8747	0.0000	0.0001	0.9991	2.0000	0.0040	1.0030	0.0000	0.0000	0.0000	0.0000	0.0000	0.0000	0.0000	0.0000	0.0000	0.0002	0.0000	0.0002	0.0000	0.0000	0.0000	0.0002	0.0000	0.0002	0.0097	0.0082	0.0015	0.0006	0.0006	0.0000	0.0091	0.0076	0.0015	0.0020	0.0012	0.0008	0.0007	0.0006	0.0001	0.0013	0.0006	0.0007	0.0000	0.0000	0.0000	0.0000	0.0000	0.0000	0.0000	0.0000	0.0000	0.0780	0.0001	0.1968	0.0001	0.0001	0.0000	0.1185	0.0000	0.2260		
15	47	0.0814	12	0	1	0	1	0	0	0	0	N	N	N	N	N	N	N	N	N	N	N	N	0.0000	0.0000	0.0000	0.0000	0.0000	0.0000	0.0000	0.0000	0.0000	0.0000	0.0000	0.0000	0.0000	0.0000	0.0000	0.0000	0.0119	0.0088	0.0181	0.0128	0.0134	0.0000	0.0110	0.0000	0.0192	1.0030	0.0000	-0.0000	0.9991	0.0000	0.0040	0.0582	0.0000	0.0000	0.0000	0.0000	0.0000	0.0000	0.0000	0.0000	0.0000	0.0000	0.0000	0.0000	0.0000	0.0000	0.0000	0.0000	0.0000	0.0000	0.0000	0.0000	0.0000	0.0000	0.0000	0.0000	0.0000	0.0000	0.0000	0.0001	0.0001	0.0000	0.0001	0.0001	0.0000	0.0001	0.0000	0.0000	0.0000	0.0000	0.0000	0.0000	0.0000	0.0000	0.0000	0.0000	0.0000	0.0119	0.0088	0.0181	0.0128	0.0134	0.0000	0.0110	0.0000	0.0192			
15	48	0.0776	11	0	1	0	1	0	0	0	0	N	N	N	N	N	N	N	N	N	N	N	N	0.0000	0.0000	0.0000	0.0000	0.0000	0.0000	0.0000	0.0000	0.0000	0.0000	0.0000	0.0000	0.0000	0.0000	0.0000	0.0000	0.0000	0.0003	0.0001	0.0006	0.0002	0.0002	0.0000	0.0003	0.0000	0.0007	2.8529	0.0000	0.0000	0.9991	0.0018	0.0040	3.9096	0.0000	0.0000	0.0000	0.0000	0.0000	0.0000	0.0000	0.0000	0.0000	0.0000	0.0000	0.0000	0.0000	0.0000	0.0000	0.0000	0.0000	0.0000	0.0000	0.0000	0.0000	0.0000	0.0000	0.0000	0.0000	0.0000	0.0000	0.0038	0.0026	0.0012	0.0015	0.0014	0.0001	0.0023	0.0012	0.0011	0.0000	0.0000	0.0000	0.0000	0.0000	0.0000	0.0000	0.0000	0.0000	0.0003	0.0001	0.0006	0.0002	0.0002	0.0000	0.0003	0.0000	0.0007		
15	49	0.0681	10	0	1	0	1	0	0	0	0	N	N	N	N	N	N	N	N	N	N	N	N	0.0000	0.0000	0.0000	0.0000	0.0000	0.0000	0.0000	0.0000	0.0000	0.0000	0.0000	0.0000	0.0000	0.0000	0.0000	0.0000	0.0000	0.0000	0.0000	0.0001	0.0000	0.0000	0.0000	0.0001	0.0000	0.0001	42.2540	0.0000	0.0000	0.9991	2.0031	0.0040	6.0601	0.0000	0.0000	0.0000	0.0000	0.0000	0.0000	0.0000	0.0000	0.0000	0.0000	0.0000	0.0000	0.0000	0.0000	0.0000	0.0000	0.0000	0.0000	0.0099	0.0083	0.0015	0.0007	0.0007	0.0000	0.0091	0.0077	0.0015	0.0055	0.0032	0.0023	0.0016	0.0015	0.0002	0.0039	0.0018	0.0021	0.0000	0.0000	0.0000	0.0000	0.0000	0.0000	0.0000	0.0000	0.0000	0.0000	0.0000	0.0001	0.0000	0.0000	0.0000	0.0001	0.0000	0.0001		
15	50	0.0268	4	0	0	1	1	0	0	0	0	N	N	N	N	N	N	N	N	N	N	N	N	0.0000	0.0000	0.0000	0.0000	0.0000	0.0000	0.0000	0.0000	0.0000	0.0000	0.0000	0.0000	0.0000	0.0000	0.0000	0.0000	0.0000	0.0000	0.0000	0.0000	0.9991	0.0004	0.0040	0.9852	0.0000	0.0000	0.0000	0.0000	0.0000	0.0000	0.0000	0.0000	0.0000	0.0000	0.0000	0.0000	0.0000	0.0000	0.0000	0.0000	0.0000	0.0000	0.0000	0.0000	0.0000	0.0000	0.0000	0.0000	0.0000	0.0000	0.0000	0.0007	0.0004	0.0003	0.0001	0.0001	0.0000	0.0006	0.0003	0.0003	0.0000	0.0000	0.0000	0.0000	0.0000	0.0000	0.0000	0.0000	0.0000	0.0000	0.0000	0.0000	0.0000	0.0000	0.0000	0.0000	0.0000	0.0000											
15	51	0.0160	3	0	0	0	1	0	0	0	0	N	N	N	N	N	N	N	N	N	N	N	N	0.0000	0.0000	0.0000	0.0022	0.0020	0.0000	0.0000	0.0000	0.0000	0.0000	0.0000	0.0000	0.0000	0.0000	0.0000	0.0000	0.0000	0.0164	0.0120	0.0221	0.0011	0.0012	0.0000	0.0188	0.0148	0.0229	0.0000	1.4502	-0.0000	-0.0000	0.9991	10.7574	0.0040	12.9024	0.0000	0.0000	0.0000	0.0000	0.0000	0.0000	0.0000	0.0000	0.0000	0.0002	0.0001	0.0001	0.0000	0.0000	0.0000	0.0002	0.0001	0.0001	0.0549	0.0465	0.0084	0.0024	0.0023	0.0001	0.0526	0.0442	0.0083	0.0152	0.0085	0.0067	0.0020	0.0018	0.0002	0.0132	0.0067	0.0065	0.0000	0.0000	0.0000	0.0022	0.0020	0.0000	0.0000	0.0000	0.0000	0.0164	0.0120	0.0221	0.0011	0.0012	0.0000	0.0188	0.0148	0.0229	
15	56	0.0681	10	1	1	0	1	0	0	0	0	N	N	N	N	N	N	N	N	N	N	N	N	0.0000	0.0000	0.0000	0.0000	0.0000	0.0000	0.0000	0.0000	0.0000	0.0000	0.0000	0.0000	0.0000	0.0000	0.0000	0.0000	0.0000	0.0000	0.0000	0.0000	0.9991	0.0000	0.0040	10.9971	0.0000	0.0000	0.0000	0.0000	0.0000	0.0000	0.0000	0.0000	0.0000	0.0000	0.0000	0.0000	0.0000	0.0000	0.0000	0.0000	0.0000	0.0000	0.0000	0.0000	0.0000	0.0000	0.0000	0.0000	0.0000	0.0000	0.0000	0.0072	0.0042	0.0030	0.0021	0.0018	0.0002	0.0051	0.0024	0.0027	0.0000	0.0000	0.0000	0.0000	0.0000	0.0000	0.0000	0.0000	0.0000	0.0000	0.0000	0.0000	0.0000	0.0000	0.0000	0.0000	0.0000	0.0000											
15	57	0.1234	13	0	0	0	1	0	0	0	0	N	N	N	N	N	N	N	N	N	N	N	N	0.0000	0.0000	0.0000	0.0000	0.0000	0.0000	0.0000	0.0000	0.0000	0.0000	0.0000	0.0000	0.0000	0.0000	0.0000	0.0000	0.0000	0.0000	0.0269	0.0371	0.0048	0.0569	0.0634	0.0031	0.0043	0.0037	0.0051	0.0597	0.0000	-0.0005	0.9991	7.8198	0.0040	21.5823	0.0000	0.0000	0.0000	0.0000	0.0000	0.0000	0.0000	0.0000	0.0000	0.0009	0.0008	0.0000	0.0008	0.0008	0.0000	0.0001	0.0000	0.0000	0.0651	0.0575	0.0077	0.0210	0.0202	0.0008	0.0441	0.0372	0.0069	0.0319	0.0218	0.0101	0.0137	0.0122	0.0015	0.0182	0.0096	0.0086	0.0000	0.0000	0.0000	0.0000	0.0000	0.0000	0.0000	0.0000	0.0000	0.0269	0.0371	0.0048	0.0569	0.0634	0.0031	0.0043	0.0037	0.0051	
15	58	0.1039	14	1	1	1	1	0	0	0	0	N	N	N	N	N	N	N	N	N	N	N	N	0.0000	0.0000	0.0000	0.0000	0.0000	0.0000	0.0000	0.0000	0.0000	0.0000	0.0000	0.0000	0.0000	0.0000	0.0000	0.0000	0.0000	0.0000	0.0000	0.0000	0.0000	0.0000	0.1905	0.0000	-0.0000	0.9991	2.0055	0.0040	11.8091	0.0000	0.0000	0.0000	0.0000	0.0000	0.0000	0.0000	0.0000	0.0000	0.0000	0.0000	0.0000	0.0000	0.0000	0.0000	0.0000	0.0000	0.0000	0.0098	0.0083	0.0015	0.0007	0.0007	0.0000	0.0090	0.0076	0.0015	0.0084	0.0051	0.0033	0.0028	0.0024	0.0004	0.0057	0.0027	0.0029	0.0000	0.0000	0.0000	0.0000	0.0000	0.0000	0.0000	0.0000	0.0000	0.0000	0.0000	0.0000	0.0000	0.0000	0.0000	0.0000	0.0000	0.0000						
15	59	0.0984	13	1	0	1	1	0	0	0	0	N	N	N	N	N	N	N	N	N	N	N	N	0.0783	0.0964	0.0000	0.0000	0.0000	0.1593	inf	0.0000	0.0000	0.0000	0.0000	0.0000	0.0000	0.0000	0.0000	0.0000	0.0000	0.0000	0.0000	0.0000	0.0000	0.0000	0.0000	0.0000	0.0000	0.0000	0.0000	0.6098	-0.0000	-0.0000	0.9991	1.9951	0.0040	2.5667	0.0000	0.0000	0.0000	0.0000	0.0000	0.0000	0.0000	0.0000	0.0000	0.0000	0.0000	0.0000	0.0000	0.0000	0.0000	0.0000	0.0000	0.0000	0.0097	0.0082	0.0015	0.0007	0.0007	0.0000	0.0090	0.0076	0.0015	0.0036	0.0023	0.0013	0.0014	0.0012	0.0001	0.0022	0.0011	0.0011	0.0783	0.0964	0.0000	0.0000	0.0000	0.0000	0.1593	inf	0.0000	0.0000	0.0000	0.0000	0.0000	0.0000	0.0000	0.0000	0.0000	0.0000	
15	60	0.0917	12	1	0	1	1	0	0	0	0	N	N	N	N	N	N	N	N	N	N	N	N	0.0000	0.0000	0.0000	0.0000	0.0000	0.0000	0.0000	0.0000	0.0000	0.0000	0.0000	0.0000	0.0000	0.0000	0.0000	0.0000	0.0000	0.0000	0.0000	0.0000	0.0000	0.0000	0.0000	0.0000	0.0000	0.0000	0.3795	0.0000	-0.0000	0.9991	0.0108	0.0040	3.6229	0.0000	0.0000	0.0000	0.0000	0.0000	0.0000	0.0000	0.0000	0.0000	0.0000	0.0000	0.0000	0.0000	0.0000	0.0000	0.0000	0.0000	0.0000	0.0001	0.0001	0.0000	0.0000	0.0000	0.0000	0.0001	0.0000	0.0000	0.0041	0.0032	0.0010	0.0020	0.0018	0.0002	0.0021	0.0014	0.0008	0.0000	0.0000	0.0000	0.0000	0.0000	0.0000	0.0000	0.0000	0.0000	0.0000	0.0000	0.0000	0.0000	0.0000	0.0000	0.0000	0.0000	0.0000		
15	61	0.0437	11	0	1	0	1	0	0	0	0	N	N	N	N	N	N	N	N	N	N	N	N	0.0000	0.0000	0.0000	0.0000	0.0000	0.0000	0.0000	0.0000	0.0000	0.0000	0.0000	0.0000	0.0000	0.0000	0.0000	0.0000	0.0000	0.0000	0.0000	0.0000	0.0000	0.0000	0.0000	0.0000	-0.0000	0.9991	4.0917	0.0040	8.0988	0.0000	0.0000	0.0000	0.0000	0.0000	0.0000	0.0000	0.0000	0.0000	0.0000	0.0000	0.0000	0.0000	0.0000	0.0000	0.0000	0.0000	0.0000	0.0222	0.0190	0.0032	0.0028	0.0027	0.0001	0.0194	0.0163	0.0031	0.0114	0.0074	0.0040	0.0041	0.0039	0.0003	0.0072	0.0035	0.0037	0.0000	0.0000	0.0000	0.0000	0.0000	0.0000	0.0000	0.0000	0.0000	0.0000	0.0000	0.0000	0.0000	0.0000	0.0000	0.0000	0.0000	0.0000						
15	62	0.0399	10	0	1	0	1	0	0	0	0	N	N	N	N	N	N	N	N	N	N	N	N	0.0000	0.0000	0.0000	0.0000	0.0000	0.0000	0.0000	0.0000	0.0000	0.0000	0.0000	0.0000	0.0000	0.0000	0.0000	0.0000	0.0000	0.0000	0.0000	0.0001	0.0000	0.0000	0.0000	0.0000	0.0000	0.0001	3.1769	-0.0000	0.0000	0.9991	2.1165	0.0040	5.0852	0.0000	0.0000	0.0000	0.0000	0.0000	0.0000	0.0000	0.0000	0.0000	0.0000	0.0000	0.0000	0.0000	0.0000	0.0000	0.0000	0.0000	0.0000	0.0103	0.0087	0.0016	0.0008	0.0007	0.0000	0.0095	0.0080	0.0016	0.0055	0.0032	0.0023	0.0017	0.0015	0.0002	0.0039	0.0017	0.0021	0.0000	0.0000	0.0000	0.0000	0.0000	0.0000	0.0000	0.0000	0.0000	0.0000	0.0000	0.0001	0.0000	0.0000	0.0000	0.0000	0.0000	0.0001		
15	63	0.0917	12	1	0	1	1	0	0	0	0	N	N	N	N	N	N	N	N	N	N	N	N	0.0000	0.0000	0.0000	0.0000	0.0000	0.0000	0.0000	0.0000	0.0000	0.0000	0.0000	0.0000	0.0000	0.0000	0.0000	0.0000	0.0000	0.0000	0.0000	0.0000	0.0000	0.0000	0.0000	0.0000	0.2707	0.0000	-0.0000	0.9991	3.9990	0.0040	8.8702	0.0000	0.0000	0.0000	0.0000	0.0000	0.0000	0.0000	0.0000	0.0000	0.0000	0.0000	0.0000	0.0000	0.0000	0.0000	0.0000	0.0000	0.0000	0.0191	0.0165	0.0026	0.0014	0.0013	0.0001	0.0178	0.0152	0.0025	0.0094	0.0062	0.0032	0.0034	0.0030	0.0005	0.0060	0.0032	0.0028	0.0000	0.0000	0.0000	0.0000	0.0000	0.0000	0.0000	0.0000	0.0000	0.0000	0.0000	0.0000	0.0000	0.0000	0.0000	0.0000	0.0000	0.0000				
15	64	0.0715	11	1	0	1	1	0	0	0	0	N	N	N	N	N	N	N	N	N	N	N	N	0.0000	0.0000	0.0000	0.0000	0.0000	0.0000	0.0000	0.0000	0.0000	0.0000	0.0000	0.0000	0.0000	0.0000	0.0000	0.0000	0.0000	0.0000	0.0000	0.0000	0.0000	0.0000	0.0000	0.0000	0.0000	0.0000	0.3818	0.0000	-0.0000	0.9991	3.9972	0.0040	6.8232	0.0000	0.0000	0.0000	0.0000	0.0000	0.0000	0.0000	0.0000	0.0000	0.0000	0.0000	0.0000	0.0000	0.0000	0.0000	0.0000	0.0000	0.0000	0.0205	0.0174	0.0031	0.0024	0.0022	0.0002	0.0181	0.0152	0.0029	0.0090	0.0056	0.0034	0.0030	0.0028	0.0002	0.0059	0.0028	0.0032	0.0000	0.0000	0.0000	0.0000	0.0000	0.0000	0.0000	0.0000	0.0000	0.0000	0.0000	0.0000	0.0000	0.0000	0.0000	0.0000	0.0000	0.0000		
15	65	0.0476	11	0	1	0	1	0	0	0	0	N	N	N	N	N	N	N	N	N	N	N	N	0.0000	0.0025	0.0000	0.0096	0.0094	0.0000	0.0000	0.0000	0.0000	0.0000	0.0000	0.0000	0.0000	0.0000	0.0000	0.0000	0.0044	0.0000	0.0124	0.0001	0.0001	0.0000	0.0065	0.0000	0.0136	0.0000	190.3734	-0.0000	0.0001	0.9991	15.6632	0.0040	35.0639	0.0000	0.0000	0.0000	0.0000	0.0000	0.0000	0.0000	0.0000	0.0000	0.0002	0.0000	0.0002	0.0000	0.0000	0.0000	0.0002	0.0000	0.0002	0.0748	0.0635	0.0113	0.0080	0.0074	0.0006	0.0668	0.0561	0.0107	0.0345	0.0223	0.0122	0.0110	0.0099	0.0011	0.0235	0.0124	0.0112	0.0000	0.0025	0.0000	0.0096	0.0094	0.0000	0.0000	0.0000	0.0000	0.0044	0.0000	0.0124	0.0001	0.0001	0.0000	0.0065	0.0000	0.0136		
15	66	0.0476	11	0	0	1	1	0	0	0	0	N	N	N	N	N	N	N	N	N	N	N	N	0.0000	0.0000	0.0000	0.0000	0.0000	0.0000	0.0000	0.0000	0.0000	0.0000	0.0000	0.0000	0.0000	0.0000	0.0000	0.0049	0.0000	0.0170	0.0000	0.0000	0.0000	0.0082	0.0000	0.0185	inf	0.0000	0.0000	0.9991	4.9998	0.0040	10.1184	0.0000	0.0000	0.0000	0.0000	0.0000	0.0000	0.0000	0.0000	0.0000	0.0001	0.0000	0.0001	0.0000	0.0000	0.0000	0.0001	0.0000	0.0001	0.0271	0.0230	0.0040	0.0047	0.0043	0.0004	0.0223	0.0187	0.0036	0.0182	0.0129	0.0053	0.0073	0.0068	0.0004	0.0110	0.0061	0.0049	0.0000	0.0000	0.0000	0.0000	0.0000	0.0000	0.0000	0.0000	0.0000	0.0049	0.0000	0.0170	0.0000	0.0000	0.0000	0.0082	0.0000	0.0185				
15	67	0.0368	9	0	1	0	1	0	0	0	0	N	N	N	N	N	N	N	N	N	N	N	N	0.0025	0.2357	0.0000	0.4738	1.3003	0.0000	0.0000	0.0000	0.0000	0.0000	0.0000	0.0000	0.0000	0.0000	0.0000	0.0000	0.0000	0.0000	0.0001	0.0000	0.0003	0.0000	0.0000	0.0001	0.0002	0.0000	0.0003	0.0000	125.5102	-0.0000	0.0000	0.9991	10.9928	0.0040	18.5513	0.0000	0.0000	0.0000	0.0000	0.0000	0.0000	0.0000	0.0000	0.0000	0.0000	0.0000	0.0000	0.0000	0.0000	0.0000	0.0000	0.0000	0.0000	0.0516	0.0440	0.0076	0.0046	0.0042	0.0004	0.0470	0.0398	0.0072	0.0195	0.0122	0.0074	0.0043	0.0040	0.0003	0.0152	0.0081	0.0071	0.0025	0.2357	0.0000	0.4738	1.3003	0.0000	0.0000	0.0000	0.0000	0.0001	0.0000	0.0003	0.0000	0.0000	0.0001	0.0002	0.0000	0.0003
15	68	0.0368	8	0	0	0	1	0	0	0	0	N	N	N	N	N	N	N	N	N	N	N	N	0.0255	0.0213	0.0688	0.0319	0.0327	0.0000	0.0220	0.0000	0.0714	0.0000	0.0000	0.0002	0.0000	0.0000	0.0000	0.0000	0.0000	0.0002	0.0011	0.0008	0.0023	0.0013	0.0013	0.0018	0.0010	0.0000	0.0023	0.9763	0.9942	-0.0000	-0.0000	0.9991	0.0861	0.0040	1.0715	0.0000	0.0000	0.0000	0.0000	0.0000	0.0000	0.0000	0.0000	0.0000	0.0000	0.0000	0.0000	0.0000	0.0000	0.0000	0.0000	0.0000	0.0000	0.0012	0.0011	0.0001	0.0004	0.0004	0.0000	0.0007	0.0006	0.0001	0.0042	0.0031	0.0010	0.0019	0.0018	0.0000	0.0023	0.0013	0.0010	0.0255	0.0213	0.0688	0.0319	0.0327	0.0000	0.0220	0.0000	0.0714	0.0011	0.0008	0.0023	0.0013	0.0013	0.0018	0.0010	0.0000	0.0023
15	69	0.1011	12	1	0	1	1	0	0	0	0	N	N	N	N	N	N	N	N	N	N	N	N	0.0000	0.0000	0.0000	0.0000	0.0000	0.0000	0.0000	0.0000	0.0000	0.0000	0.0000	0.0000	0.0000	0.0000	0.0000	0.0000	0.0000	0.0000	0.0000	0.0000	0.0000	0.0000	0.0000	0.0000	0.0000	5.3333	0.0000	0.0000	0.9991	1.0000	0.0040	3.0001	0.0000	0.0000	0.0000	0.0000	0.0000	0.0000	0.0000	0.0000	0.0000	0.0000	0.0000	0.0000	0.0000	0.0000	0.0000	0.0000	0.0000	0.0000	0.0048	0.0041	0.0008	0.0005	0.0005	0.0000	0.0043	0.0036	0.0007	0.0023	0.0014	0.0010	0.0007	0.0006	0.0001	0.0016	0.0008	0.0009	0.0000	0.0000	0.0000	0.0000	0.0000	0.0000	0.0000	0.0000	0.0000	0.0000	0.0000	0.0000	0.0000	0.0000	0.0000	0.0000	0.0000	0.0000			
15	70	0.1011	11	1	0	1	1	0	0	0	0	N	N	N	N	N	N	N	N	N	N	N	N	0.0000	0.0000	0.0000	0.0000	0.0000	0.0000	0.0000	0.0000	0.0000	0.0000	0.0000	0.0000	0.0000	0.0000	0.0000	0.0000	0.0116	0.0098	0.0143	0.0130	0.0133	0.0000	0.0105	0.0000	0.0147	1.0000	0.0000	-0.0000	0.9991	0.0000	0.0040	0.0009	0.0000	0.0000	0.0000	0.0000	0.0000	0.0000	0.0000	0.0000	0.0000	0.0000	0.0000	0.0000	0.0000	0.0000	0.0000	0.0000	0.0000	0.0000	0.0000	0.0000	0.0000	0.0000	0.0000	0.0000	0.0000	0.0000	0.0000	0.0000	0.0000	0.0000	0.0000	0.0000	0.0000	0.0000	0.0000	0.0000	0.0000	0.0000	0.0000	0.0000	0.0000	0.0000	0.0000	0.0000	0.0000	0.0116	0.0098	0.0143	0.0130	0.0133	0.0000	0.0105	0.0000	0.0147			
15	71	0.0681	10	1	0	1	1	0	0	0	0	N	N	N	N	N	N	N	N	N	N	N	N	0.0000	0.0000	0.0000	0.0000	0.0000	0.0000	0.0000	0.0000	0.0000	0.0000	0.0000	0.0000	0.0000	0.0117	0.0000	0.0282	0.0000	0.0000	0.0000	0.0162	0.0000	0.0308	inf	0.0000	0.0001	0.9991	9.9966	0.0040	12.9129	0.0000	0.0000	0.0000	0.0000	0.0000	0.0000	0.0000	0.0000	0.0000	0.0002	0.0000	0.0002	0.0000	0.0000	0.0000	0.0002	0.0000	0.0002	0.0471	0.0399	0.0072	0.0033	0.0031	0.0002	0.0438	0.0368	0.0070	0.0136	0.0080	0.0057	0.0037	0.0033	0.0005	0.0099	0.0047	0.0052	0.0000	0.0000	0.0000	0.0000	0.0000	0.0000	0.0000	0.0000	0.0000	0.0117	0.0000	0.0282	0.0000	0.0000	0.0000	0.0162	0.0000	0.0308						
15	72	0.0349	9	0	1	0	2	0	0	0	0	N	N	N	Y	N	N	N	N	N	N	N	N	0.0000	0.0000	0.0000	0.0000	0.0000	0.0000	0.0000	0.0000	0.0000	0.0000	0.0000	0.0000	0.0000	0.0064	0.0000	0.0152	0.0000	0.0000	0.0000	0.0082	0.0000	0.0163	inf	0.0000	0.0001	0.9991	13.0000	0.0040	39.1663	0.0000	0.0000	0.0000	0.0000	0.0000	0.0000	0.0000	0.0000	0.0000	0.0002	0.0000	0.0002	0.0000	0.0000	0.0000	0.0002	0.0000	0.0002	0.0604	0.0511	0.0093	0.0044	0.0041	0.0003	0.0559	0.0469	0.0090	0.0283	0.0165	0.0118	0.0065	0.0057	0.0008	0.0218	0.0108	0.0110	0.0000	0.0000	0.0000	0.0000	0.0000	0.0000	0.0000	0.0000	0.0000	0.0064	0.0000	0.0152	0.0000	0.0000	0.0000	0.0082	0.0000	0.0163						
15	73	0.0325	8	0	1	0	1	0	0	0	0	N	N	N	N	N	N	N	N	N	N	N	N	0.0000	0.0000	0.0000	0.0000	0.0000	0.0000	0.0000	0.0000	0.0000	0.0000	0.0000	0.0000	0.0000	0.0000	0.0000	0.0000	0.0031	0.0000	0.0087	0.0000	0.0000	0.0000	0.0043	0.0000	0.0093	27252.5000	0.0000	0.0000	0.9991	3.0003	0.0040	18.1082	0.0000	0.0000	0.0000	0.0000	0.0000	0.0000	0.0000	0.0000	0.0000	0.0000	0.0000	0.0000	0.0000	0.0000	0.0000	0.0000	0.0000	0.0000	0.0145	0.0123	0.0023	0.0011	0.0010	0.0001	0.0134	0.0113	0.0022	0.0156	0.0100	0.0056	0.0044	0.0040	0.0004	0.0113	0.0060	0.0053	0.0000	0.0000	0.0000	0.0000	0.0000	0.0000	0.0000	0.0000	0.0000	0.0031	0.0000	0.0087	0.0000	0.0000	0.0000	0.0043	0.0000	0.0093			
15	74	0.0715	11	0	1	0	1	0	0	0	0	N	N	N	N	N	N	N	N	N	N	N	N	0.0000	0.0000	0.0000	0.0000	0.0000	0.0000	0.0000	0.0000	0.0000	0.0000	0.0000	0.0000	0.0000	0.0000	0.0000	0.0000	0.0000	0.0000	0.0000	0.0000	0.0000	0.0000	0.0000	0.0000	8.0000	0.0000	0.0000	0.9991	7.0046	0.0040	18.1036	0.0000	0.0000	0.0000	0.0000	0.0000	0.0000	0.0000	0.0000	0.0000	0.0000	0.0000	0.0000	0.0000	0.0000	0.0000	0.0000	0.0000	0.0000	0.0346	0.0293	0.0053	0.0034	0.0031	0.0003	0.0312	0.0262	0.0050	0.0166	0.0100	0.0066	0.0050	0.0045	0.0005	0.0116	0.0055	0.0061	0.0000	0.0000	0.0000	0.0000	0.0000	0.0000	0.0000	0.0000	0.0000	0.0000	0.0000	0.0000	0.0000	0.0000	0.0000	0.0000	0.0000	0.0000				
15	75	0.0681	10	0	0	0	1	0	0	0	0	N	N	N	N	N	N	N	N	N	N	N	N	10.7370	39.4791	0.6365	0.0000	0.0000	9.1312	52.9821	0.6125	0.0009	0.0010	0.0001	0.0000	0.0000	0.0000	0.0010	0.0011	0.0001	0.0001	0.0000	0.0002	0.0000	0.0000	0.0000	0.0001	0.0000	0.0002	0.0172	4.4256	-0.0000	0.0000	0.9991	0.2435	0.0040	3.2922	0.0000	0.0000	0.0000	0.0000	0.0000	0.0000	0.0000	0.0000	0.0000	0.0000	0.0000	0.0000	0.0000	0.0000	0.0000	0.0000	0.0000	0.0000	0.0013	0.0011	0.0002	0.0002	0.0001	0.0000	0.0012	0.0010	0.0002	0.0029	0.0017	0.0012	0.0010	0.0009	0.0001	0.0019	0.0008	0.0011	10.7370	39.4791	0.6365	0.0000	0.0000	0.0000	9.1312	52.9821	0.6125	0.0001	0.0000	0.0002	0.0000	0.0000	0.0000	0.0001	0.0000	0.0002	
15	76	0.0349	9	0	0	0	1	0	0	0	0	N	N	N	N	N	N	N	N	N	N	N	N	0.0000	0.0000	0.0000	0.0000	0.0000	0.0000	0.0000	0.0000	0.0000	0.0000	0.0000	0.0000	0.0000	0.0061	0.0000	0.0147	0.0000	0.0000	0.0000	0.0081	0.0000	0.0158	inf	0.0000	0.0000	0.9991	7.0044	0.0040	20.1113	0.0000	0.0000	0.0000	0.0000	0.0000	0.0000	0.0000	0.0000	0.0000	0.0001	0.0000	0.0001	0.0000	0.0000	0.0000	0.0001	0.0000	0.0001	0.0333	0.0281	0.0052	0.0024	0.0023	0.0002	0.0309	0.0259	0.0050	0.0164	0.0096	0.0068	0.0040	0.0035	0.0004	0.0124	0.0060	0.0063	0.0000	0.0000	0.0000	0.0000	0.0000	0.0000	0.0000	0.0000	0.0000	0.0061	0.0000	0.0147	0.0000	0.0000	0.0000	0.0081	0.0000	0.0158						
15	77	0.0372	9	0	1	0	1	0	0	0	0	N	N	N	N	N	N	N	N	N	N	N	N	0.0000	0.0000	0.0000	0.0000	0.0000	0.0000	0.0000	0.0000	0.0000	0.0000	0.0000	0.0000	0.0000	0.0000	0.0000	0.0000	0.0000	0.0000	0.0000	0.0000	0.0000	0.0000	0.0000	0.0000	0.0000	0.0000	-0.0000	0.9991	8.6571	0.0040	16.0761	0.0000	0.0000	0.0000	0.0000	0.0000	0.0000	0.0000	0.0000	0.0000	0.0000	0.0000	0.0000	0.0000	0.0000	0.0000	0.0000	0.0000	0.0000	0.0410	0.0353	0.0057	0.0021	0.0020	0.0001	0.0389	0.0333	0.0056	0.0167	0.0107	0.0060	0.0042	0.0039	0.0003	0.0125	0.0067	0.0057	0.0000	0.0000	0.0000	0.0000	0.0000	0.0000	0.0000	0.0000	0.0000	0.0000	0.0000	0.0000	0.0000	0.0000	0.0000	0.0000	0.0000	0.0000				
15	78	0.0368	8	0	1	0	1	0	0	0	0	N	N	N	N	N	N	N	N	N	N	N	N	0.0000	0.0000	0.0000	0.0000	0.0000	0.0000	0.0000	0.0000	0.0000	0.0000	0.0000	0.0000	0.0000	0.0000	0.0000	0.0000	0.0000	0.0000	0.0000	0.0000	0.0000	0.0000	0.0000	0.0002	0.0000	0.0000	0.0000	0.3559	0.0000	-0.0000	0.9991	0.3645	0.0040	1.9845	0.0000	0.0000	0.0000	0.0000	0.0000	0.0000	0.0000	0.0000	0.0000	0.0000	0.0000	0.0000	0.0000	0.0000	0.0000	0.0000	0.0000	0.0000	0.0025	0.0022	0.0003	0.0005	0.0005	0.0000	0.0020	0.0017	0.0003	0.0049	0.0036	0.0013	0.0020	0.0019	0.0000	0.0029	0.0016	0.0013	0.0000	0.0000	0.0000	0.0000	0.0000	0.0000	0.0000	0.0000	0.0000	0.0000	0.0000	0.0000	0.0000	0.0000	0.0002	0.0000	0.0000	0.0000	
15	79	0.0273	7	0	0	0	1	0	0	0	0	N	N	N	N	N	N	N	N	N	N	N	N	0.0001	0.0000	0.0007	0.0000	0.0000	0.0001	0.0000	0.0007	0.0000	0.0000	0.0000	0.0000	0.0000	0.0000	0.0000	0.0000	0.0000	0.0103	0.0103	0.0102	0.0000	0.0000	0.0000	0.0131	0.0151	0.0107	inf	0.5821	0.0000	-0.0000	0.9991	2.9108	0.0040	14.2456	0.0000	0.0000	0.0000	0.0000	0.0000	0.0000	0.0000	0.0000	0.0000	0.0001	0.0001	0.0000	0.0000	0.0000	0.0000	0.0001	0.0001	0.0000	0.0158	0.0135	0.0022	0.0019	0.0018	0.0001	0.0139	0.0117	0.0022	0.0123	0.0077	0.0046	0.0026	0.0024	0.0002	0.0097	0.0053	0.0044	0.0001	0.0000	0.0007	0.0000	0.0000	0.0000	0.0001	0.0000	0.0007	0.0103	0.0103	0.0102	0.0000	0.0000	0.0000	0.0131	0.0151	0.0107	
15	82	0.0506	12	0	1	0	1	0	0	0	0	N	N	N	N	N	N	N	N	N	N	N	N	0.0147	0.0109	0.0361	0.0352	0.0000	0.0000	0.0000	0.0000	0.0000	0.0000	0.0000	0.0000	0.0000	0.0000	0.0000	0.0000	0.0000	0.0000	0.0000	0.0000	0.0000	0.0000	0.0000	0.0000	-0.0000	-0.0000	0.9991	7.9116	0.0040	21.1247	0.0000	0.0000	0.0000	0.0000	0.0000	0.0000	0.0000	0.0000	0.0000	0.0000	0.0000	0.0000	0.0000	0.0000	0.0000	0.0000	0.0000	0.0000	0.0406	0.0344	0.0062	0.0058	0.0052	0.0006	0.0348	0.0292	0.0056	0.0218	0.0136	0.0081	0.0076	0.0067	0.0009	0.0141	0.0069	0.0072	0.0147	0.0109	0.0000	0.0361	0.0352	0.0000	0.0000	0.0000	0.0000	0.0000	0.0000	0.0000	0.0000	0.0000	0.0000	0.0000	0.0000	0.0000					
15	83	0.0686	13	1	1	0	1	0	0	0	0	N	N	N	N	N	N	N	N	N	N	N	N	0.0000	0.0000	0.0000	0.0000	0.0000	0.0000	0.0000	0.0000	0.0000	0.0000	0.0000	0.0000	0.0000	0.0000	0.0000	0.0000	0.0000	0.0000	0.0000	0.0000	0.9991	0.0000	0.0040	1.8333	0.0000	0.0000	0.0000	0.0000	0.0000	0.0000	0.0000	0.0000	0.0000	0.0000	0.0000	0.0000	0.0000	0.0000	0.0000	0.0000	0.0000	0.0000	0.0000	0.0000	0.0000	0.0000	0.0000	0.0000	0.0000	0.0000	0.0000	0.0019	0.0013	0.0006	0.0006	0.0006	0.0000	0.0012	0.0006	0.0006	0.0000	0.0000	0.0000	0.0000	0.0000	0.0000	0.0000	0.0000	0.0000	0.0000	0.0000	0.0000	0.0000	0.0000	0.0000	0.0000	0.0000	0.0000											
15	84	0.0506	12	1	1	0	1	0	0	0	0	N	N	N	N	N	N	N	N	N	N	N	N	0.0598	235.5266	0.0000	0.0000	0.0000	0.0000	0.0435	inf	0.0000	0.0003	0.0003	0.0000	0.0000	0.0000	0.0000	0.0003	0.0004	0.0000	0.0046	0.0000	0.0126	0.0000	0.0000	0.0000	0.0075	0.0000	0.0144	0.0000	5246.3158	-0.0000	0.0000	0.9991	6.9552	0.0040	13.1226	0.0000	0.0000	0.0000	0.0000	0.0000	0.0000	0.0000	0.0000	0.0000	0.0001	0.0000	0.0001	0.0000	0.0000	0.0000	0.0001	0.0000	0.0001	0.0363	0.0307	0.0055	0.0055	0.0049	0.0006	0.0308	0.0258	0.0050	0.0173	0.0110	0.0063	0.0066	0.0059	0.0008	0.0107	0.0052	0.0055	0.0598	235.5266	0.0000	0.0000	0.0000	0.0000	0.0435	inf	0.0000	0.0046	0.0000	0.0126	0.0000	0.0000	0.0000	0.0075	0.0000	0.0144
15	85	0.0476	11	0	1	0	1	0	0	0	0	N	N	N	N	N	N	N	N	N	N	N	N	0.0019	0.0039	0.0000	0.0000	0.0000	0.0018	0.0030	0.0000	0.0000	0.0000	0.0000	0.0000	0.0000	0.0000	0.0000	0.0000	0.0000	0.0017	0.0009	0.0029	0.0002	0.0002	0.0000	0.0025	0.0018	0.0031	0.0400	2.0413	-0.0000	0.0000	0.9991	0.3374	0.0040	6.1146	0.0000	0.0000	0.0000	0.0000	0.0000	0.0000	0.0000	0.0000	0.0000	0.0000	0.0000	0.0000	0.0000	0.0000	0.0000	0.0000	0.0000	0.0000	0.0025	0.0021	0.0003	0.0008	0.0008	0.0001	0.0017	0.0014	0.0003	0.0068	0.0042	0.0027	0.0025	0.0024	0.0002	0.0043	0.0018	0.0025	0.0019	0.0039	0.0000	0.0000	0.0000	0.0000	0.0018	0.0030	0.0000	0.0017	0.0009	0.0029	0.0002	0.0002	0.0000	0.0025	0.0018	0.0031	
15	86	0.0476	11	0	1	0	1	0	0	0	0	N	N	N	N	N	N	N	N	N	N	N	N	0.0000	0.0000	0.0000	0.0000	0.0000	0.0000	0.0000	0.0000	0.0000	0.0000	0.0000	0.0000	0.0000	0.0000	0.0001	0.0000	0.0001	0.0001	0.0000	0.0000	0.0000	0.0000	0.0000	-0.0000	-0.0000	0.9991	11.0342	0.0040	12.7513	0.0000	0.0000	0.0000	0.0000	0.0000	0.0000	0.0000	0.0000	0.0000	0.0000	0.0000	0.0000	0.0000	0.0000	0.0000	0.0000	0.0000	0.0000	0.0524	0.0443	0.0080	0.0044	0.0041	0.0003	0.0480	0.0402	0.0077	0.0162	0.0097	0.0065	0.0047	0.0042	0.0005	0.0115	0.0055	0.0060	0.0000	0.0000	0.0000	0.0000	0.0000	0.0000	0.0000	0.0000	0.0000	0.0000	0.0001	0.0000	0.0001	0.0001	0.0000	0.0000	0.0000	0.0000						
15	87	0.0399	10	0	1	0	1	0	0	0	0	N	N	N	N	N	N	N	N	N	N	N	N	0.0000	0.0000	0.0000	0.0000	0.0000	0.0000	0.0000	0.0000	0.0000	0.0000	0.0000	0.0000	0.0000	0.0000	0.0000	0.0000	0.0000	0.0001	0.0001	0.0001	0.0000	0.0000	0.0000	0.0001	0.0001	0.0001	0.8437	-0.0000	-0.0000	0.9991	3.9739	0.0040	6.2820	0.0000	0.0000	0.0000	0.0000	0.0000	0.0000	0.0000	0.0000	0.0000	0.0000	0.0000	0.0000	0.0000	0.0000	0.0000	0.0000	0.0000	0.0000	0.0191	0.0162	0.0030	0.0014	0.0013	0.0001	0.0177	0.0149	0.0029	0.0073	0.0042	0.0030	0.0021	0.0018	0.0002	0.0052	0.0024	0.0028	0.0000	0.0000	0.0000	0.0000	0.0000	0.0000	0.0000	0.0000	0.0000	0.0001	0.0001	0.0001	0.0000	0.0000	0.0000	0.0001	0.0001	0.0001		
15	88	0.0349	9	0	1	0	1	0	0	0	0	N	N	N	N	N	N	N	N	N	N	N	N	0.0000	0.0000	0.0000	0.0000	0.0000	0.0000	0.0000	0.0000	0.0000	0.0000	0.0000	0.0000	0.0000	0.0000	0.0000	0.0000	0.0000	0.0000	0.0000	0.0000	0.0000	0.0000	0.0000	0.0000	0.6230	0.0000	-0.0000	0.9991	0.0056	0.0040	5.7021	0.0000	0.0000	0.0000	0.0000	0.0000	0.0000	0.0000	0.0000	0.0000	0.0000	0.0000	0.0000	0.0000	0.0000	0.0000	0.0000	0.0000	0.0000	0.0000	0.0000	0.0000	0.0000	0.0000	0.0000	0.0000	0.0000	0.0000	0.0047	0.0028	0.0019	0.0014	0.0013	0.0001	0.0033	0.0015	0.0018	0.0000	0.0000	0.0000	0.0000	0.0000	0.0000	0.0000	0.0000	0.0000	0.0000	0.0000	0.0000	0.0000	0.0000	0.0000	0.0000	0.0000	0.0000				
15	92	0.1234	13	0	0	0	1	0	0	0	0	N	N	N	N	N	N	N	N	N	N	N	N	0.0000	0.0017	0.0000	0.0006	0.0038	0.0000	0.0000	0.0000	0.0000	0.0000	0.0000	0.0000	0.0000	0.0000	0.0000	0.0000	0.0000	0.0042	0.0000	0.0119	0.0002	0.0000	0.0016	0.0064	0.0000	0.0134	0.0000	308.1273	-0.0000	0.0001	0.9991	24.8682	0.0040	39.8855	0.0000	0.0000	0.0000	0.0000	0.0000	0.0000	0.0000	0.0000	0.0000	0.0002	0.0000	0.0002	0.0000	0.0000	0.0000	0.0002	0.0000	0.0002	0.1306	0.1133	0.0173	0.0261	0.0247	0.0015	0.1045	0.0887	0.0159	0.0429	0.0279	0.0151	0.0154	0.0135	0.0019	0.0275	0.0144	0.0131	0.0000	0.0017	0.0000	0.0006	0.0038	0.0000	0.0000	0.0000	0.0000	0.0042	0.0000	0.0119	0.0002	0.0000	0.0016	0.0064	0.0000	0.0134	
16	17	0.1006	11	1	0	1	1	0	0	0	0	N	N	N	N	N	N	N	N	N	N	N	N	0.0000	0.0000	0.0000	0.0000	0.0000	0.0000	0.0000	0.0000	0.0000	0.0000	0.0000	0.0000	0.0000	0.0000	0.0000	0.0000	0.0025	0.0014	0.0042	0.0029	0.0032	0.0000	0.0023	0.0000	0.0046	1.8438	0.0000	0.0000	5.0907	1.0000	19.6153	1.0003	0.0000	0.0000	0.0000	0.0000	0.0000	0.0000	0.0000	0.0000	0.0000	0.0001	0.0000	0.0001	0.0000	0.0000	0.0000	0.0001	0.0000	0.0001	0.0301	0.0259	0.0041	0.0069	0.0067	0.0003	0.0231	0.0192	0.0039	0.0345	0.0215	0.0130	0.0103	0.0093	0.0010	0.0242	0.0122	0.0121	0.0000	0.0000	0.0000	0.0000	0.0000	0.0000	0.0000	0.0000	0.0000	0.0025	0.0014	0.0042	0.0029	0.0032	0.0000	0.0023	0.0000	0.0046			
16	18	0.0469	9	0	1	0	1	0	0	0	0	N	N	N	N	N	N	N	N	N	N	N	N	0.0000	0.0000	0.0000	0.0000	0.0000	0.0000	0.0000	0.0000	0.0000	0.0000	0.0000	0.0000	0.0000	0.0000	0.0000	0.0000	0.0000	0.0000	0.1025	0.1443	0.0000	0.2600	0.2708	0.0000	0.0000	0.0000	0.0000	0.0000	0.0000	-0.0248	5.0907	0.0005	19.6153	9.9413	0.0000	0.0000	0.0000	0.0000	0.0000	0.0000	0.0000	0.0000	0.0000	0.0404	0.0404	0.0000	0.0404	0.0404	0.0000	0.0000	0.0000	0.0000	0.0165	0.0148	0.0016	0.0157	0.0142	0.0015	0.0007	0.0006	0.0001	0.3942	0.2798	0.1143	0.1553	0.1491	0.0062	0.2388	0.1307	0.1081	0.0000	0.0000	0.0000	0.0000	0.0000	0.0000	0.0000	0.0000	0.0000	0.1025	0.1443	0.0000	0.2600	0.2708	0.0000	0.0000	0.0000	0.0000	
16	19	0.0706	10	1	1	0	1	0	0	0	0	N	N	N	N	N	N	N	N	N	N	N	N	4.1960	3.8938	10.9358	0.0293	0.0505	0.0001	3.3534	215.4278	11.3802	7.2684	0.0747	47.9825	0.0017	0.0019	0.0000	8.6567	0.0896	53.5273	1.7322	0.0192	4.3877	0.0582	0.0374	0.2869	2.5815	0.0004	4.7035	113.5420	147.6077	0.4470	0.2878	5.0907	4.7901	19.6153	15.0000	1.0087	0.0088	0.9999	0.0000	0.0000	0.0000	1.0087	0.0088	0.9999	0.7603	0.0051	0.7552	0.0086	0.0051	0.0035	0.7517	0.0001	0.7517	0.1388	0.1179	0.0208	0.0223	0.0201	0.0022	0.1165	0.0978	0.0187	0.4389	0.2668	0.1721	0.1477	0.1354	0.0123	0.2912	0.1314	0.1598	4.1960	3.8938	10.9358	0.0293	0.0505	0.0001	3.3534	215.4278	11.3802	1.7322	0.0192	4.3877	0.0582	0.0374	0.2869	2.5815	0.0004	4.7035
16	20	0.0676	9	1	1	0	1	0	0	0	0	N	N	N	N	N	N	N	N	N	N	N	N	0.0335	0.8326	0.0039	0.0021	0.0062	0.0008	0.0269	0.5383	0.0038	0.0333	0.0374	0.0093	0.0000	0.0000	0.0001	0.0377	0.0431	0.0095	0.9956	0.0450	2.3985	0.0094	0.0029	0.0947	1.4024	0.0801	2.5226	0.0423	36.1449	-0.0006	0.0349	5.0907	1.2170	19.6153	3.4655	0.0011	0.0011	0.0000	0.0000	0.0000	0.0000	0.0011	0.0011	0.0000	0.0973	0.0026	0.0947	0.0003	0.0001	0.0002	0.0970	0.0025	0.0945	0.0338	0.0289	0.0049	0.0039	0.0038	0.0001	0.0299	0.0251	0.0048	0.0977	0.0583	0.0395	0.0285	0.0265	0.0020	0.0692	0.0317	0.0375	0.0335	0.8326	0.0039	0.0021	0.0062	0.0008	0.0269	0.5383	0.0038	0.9956	0.0450	2.3985	0.0094	0.0029	0.0947	1.4024	0.0801	2.5226
16	21	0.0808	11	0	1	0	1	0	0	0	0	N	N	N	N	N	N	N	N	N	N	N	N	0.0000	0.0000	0.0000	0.0000	0.0000	0.0000	0.0000	0.0000	0.0000	0.0000	0.0000	0.0000	0.0000	0.0000	0.0000	0.0000	0.0000	0.0000	4.1050	0.0284	10.3486	0.0581	0.0661	0.0033	5.8176	0.0000	13.3942	238.1386	0.0000	0.3820	5.0907	2.0000	19.6153	11.9921	0.0000	0.0000	0.0000	0.0000	0.0000	0.0000	0.0000	0.0000	0.0000	1.0026	0.0042	0.9984	0.0042	0.0042	0.0000	0.9983	0.0000	0.9983	0.0542	0.0462	0.0080	0.0058	0.0056	0.0002	0.0485	0.0407	0.0078	0.2442	0.1476	0.0966	0.0726	0.0634	0.0092	0.1716	0.0842	0.0874	0.0000	0.0000	0.0000	0.0000	0.0000	0.0000	0.0000	0.0000	0.0000	4.1050	0.0284	10.3324	0.0581	0.0661	0.0033	5.8176	0.0000	11.4178	
16	22	0.0676	9	0	1	0	1	0	0	0	0	N	N	N	N	N	N	N	N	N	N	N	N	0.0014	0.0010	0.0000	0.9390	0.8827	0.0000	0.0000	0.0000	0.0040	0.0047	0.0000	0.0361	0.0374	0.0000	0.0000	0.0000	0.0000	2.8467	4.7963	0.0000	0.0384	0.0423	0.0000	3.8216	7.8897	0.0000	0.0000	0.0000	-0.0002	-0.5199	5.0907	2.9966	19.6153	14.0927	0.0003	0.0003	0.0000	0.0003	0.0003	0.0000	0.0000	0.0000	0.0000	0.8457	0.8457	0.0000	0.0029	0.0029	0.0000	0.8428	0.8428	0.0000	0.0817	0.0698	0.0120	0.0091	0.0088	0.0003	0.0726	0.0609	0.0117	0.2971	0.1763	0.1208	0.0766	0.0695	0.0071	0.2205	0.1068	0.1137	0.0014	0.0010	0.0000	0.9390	0.8827	0.0000	0.0000	0.0000	0.0000	2.8467	4.7963	0.0000	0.0384	0.0423	0.0000	3.8216	7.8897	0.0000	
16	23	0.0406	8	0	1	1	2	0	0	0	0	N	N	N	Y	N	N	N	N	N	N	N	N	0.0000	0.0000	0.0000	0.0000	0.0000	0.0000	0.0000	0.0000	0.0000	0.0000	0.0000	0.0000	0.0000	0.0000	0.0000	0.0000	0.0000	0.0000	0.0000	0.0000	0.0000	0.0000	0.0000	0.0000	inf	0.0000	0.0000	5.0907	0.3092	19.6153	0.1355	0.0000	0.0000	0.0000	0.0000	0.0000	0.0000	0.0000	0.0000	0.0000	0.0000	0.0000	0.0000	0.0000	0.0000	0.0000	0.0000	0.0000	0.0000	0.0131	0.0111	0.0020	0.0038	0.0038	0.0001	0.0092	0.0073	0.0019	0.0126	0.0084	0.0042	0.0041	0.0039	0.0001	0.0085	0.0045	0.0040	0.0000	0.0000	0.0000	0.0000	0.0000	0.0000	0.0000	0.0000	0.0000	0.0000	0.0000	0.0000	0.0000	0.0000	0.0000	0.0000	0.0000	0.0000				
16	24	0.0299	7	0	0	0	2	0	0	0	0	N	N	N	Y	N	N	N	N	N	N	N	N	0.0002	3.1371	0.0000	2.4079	3.6541	0.0000	0.0000	0.0000	0.0013	0.0016	0.0000	0.0081	0.0083	0.0000	0.0000	0.0000	0.0000	6.4051	0.0005	24.0983	0.0034	0.0023	0.0244	7.3979	0.0000	22.4246	0.0000	21980.2157	-0.0001	0.7696	5.0907	6.2779	19.6153	13.9173	0.0002	0.0002	0.0000	0.0002	0.0002	0.0000	0.0000	0.0000	0.0000	1.9980	0.0001	1.9979	0.0001	0.0001	0.0001	1.9979	0.0000	1.9979	0.1659	0.1408	0.0251	0.0272	0.0264	0.0008	0.1387	0.1143	0.0243	0.3119	0.1820	0.1299	0.0419	0.0398	0.0021	0.2701	0.1422	0.1279	0.0002	3.1371	0.0000	2.4079	3.6541	0.0000	0.0000	0.0000	0.0000	6.4051	0.0005	15.3789	0.0034	0.0023	0.0244	7.3979	0.0000	15.6251	
16	25	0.0431	10	0	1	0	1	0	0	0	0	N	N	N	N	N	N	N	N	N	N	N	N	0.0001	0.0328	0.0000	0.0796	0.0784	0.0051	0.0000	0.0053	0.0000	0.0002	0.0003	0.0000	0.0014	0.0014	0.0000	0.0000	0.0000	0.0000	2.4303	0.0079	6.5376	0.0175	0.0182	0.0035	3.4094	0.0000	6.7934	0.0005	485.1852	-0.0000	0.3824	5.0907	3.8932	19.6153	15.3303	0.0000	0.0000	0.0000	0.0000	0.0000	0.0000	0.0000	0.0000	0.0000	0.9978	0.0021	0.9958	0.0021	0.0021	0.0000	0.9957	0.0000	0.9957	0.1188	0.1020	0.0167	0.0191	0.0187	0.0005	0.0996	0.0834	0.0163	0.4106	0.2583	0.1523	0.1185	0.1128	0.0057	0.2921	0.1455	0.1466	0.0001	0.0328	0.0000	0.0796	0.0784	0.0051	0.0000	0.0053	0.0000	2.4303	0.0079	6.5376	0.0175	0.0182	0.0035	3.4094	0.0000	6.7934
16	26	0.0248	6	0	1	0	2	0	0	0	0	N	N	N	Y	N	N	N	N	N	N	N	N	0.0001	0.0000	0.0001	0.0000	0.0000	0.0000	0.0001	0.0001	0.0005	0.0000	0.0035	0.0000	0.0000	0.0000	0.0006	0.0000	0.0036	7.0427	0.0001	29.1418	0.0073	0.0004	0.3013	8.9407	0.0000	27.6354	inf	96734.1774	0.0000	0.8016	5.0907	4.2937	19.6153	9.5692	0.0001	0.0000	0.0001	0.0000	0.0000	0.0000	0.0001	0.0000	0.0001	2.0809	0.0000	2.0808	0.0005	0.0000	0.0004	2.0804	0.0000	2.0804	0.1469	0.1256	0.0213	0.0304	0.0299	0.0005	0.1165	0.0957	0.0208	0.2955	0.1710	0.1244	0.0628	0.0613	0.0015	0.2327	0.1097	0.1230	0.0001	0.0000	0.0002	0.0000	0.0000	0.0000	0.0001	0.0000	0.0002	7.0427	0.0001	16.7250	0.0073	0.0004	0.3013	8.9407	0.0000	16.9200	
16	27	0.0344	8	1	1	0	1	0	0	0	0	N	N	N	N	N	N	N	N	N	N	N	N	1.8788	1.2920	0.0000	0.0000	0.0000	0.0000	1.7320	1.0420	0.0000	2.3967	2.8142	0.0000	0.0000	0.0000	0.0000	2.7184	3.2500	0.0000	1.2756	2.1782	0.0011	0.0114	0.0101	0.0312	1.5695	3.1190	0.0002	0.0000	0.0004	-0.5482	-0.6148	5.0907	16.0000	19.6153	34.8566	1.0000	1.0000	0.0000	0.0000	0.0000	0.0000	1.0000	1.0000	0.0000	1.0007	1.0003	0.0004	0.0017	0.0014	0.0003	0.9990	0.9989	0.0001	0.4172	0.3553	0.0619	0.0494	0.0476	0.0017	0.3679	0.3077	0.0602	0.7845	0.4592	0.3252	0.1480	0.1390	0.0090	0.6365	0.3203	0.3162	1.8788	1.2920	0.0000	0.0000	0.0000	0.0000	1.7320	1.0420	0.0000	1.2756	2.1782	0.0011	0.0114	0.0101	0.0312	1.5695	3.1190	0.0002
16	28	0.0263	4	0	0	1	1	0	0	0	0	N	N	N	N	N	N	N	N	N	N	N	N	0.0000	0.0000	0.0000	0.0000	0.0000	0.0000	0.0000	0.0000	0.0000	0.0000	0.0000	0.0000	0.0000	0.0000	0.0000	0.0000	0.0000	0.0000	0.0000	0.0000	5.0907	0.0000	19.6153	3.0088	0.0000	0.0000	0.0000	0.0000	0.0000	0.0000	0.0000	0.0000	0.0000	0.0000	0.0000	0.0000	0.0000	0.0000	0.0000	0.0000	0.0000	0.0000	0.0000	0.0000	0.0000	0.0000	0.0000	0.0000	0.0000	0.0000	0.0000	0.0445	0.0246	0.0200	0.0049	0.0041	0.0009	0.0396	0.0205	0.0191	0.0000	0.0000	0.0000	0.0000	0.0000	0.0000	0.0000	0.0000	0.0000	0.0000	0.0000	0.0000	0.0000	0.0000	0.0000	0.0000	0.0000	0.0000											
16	29	0.0168	3	0	1	0	1	0	0	0	0	N	N	N	N	N	N	N	N	N	N	N	N	0.2920	0.1931	5.6308	0.4025	0.4078	inf	6.8309	15572.3885	5.6658	0.0085	0.0099	0.0008	0.0957	0.0984	0.0002	0.0005	0.0004	0.0008	0.0291	0.0514	0.0001	0.2377	0.2412	0.0000	0.0001	0.0000	0.0001	0.0149	0.0021	-0.0007	-0.0065	5.0907	5.0749	19.6153	14.8264	0.0013	0.0012	0.0000	0.0012	0.0012	0.0000	0.0001	0.0000	0.0000	0.0106	0.0106	0.0000	0.0106	0.0106	0.0000	0.0000	0.0000	0.0000	0.1476	0.1245	0.0231	0.0124	0.0121	0.0003	0.1351	0.1124	0.0228	0.3648	0.2061	0.1588	0.0445	0.0439	0.0006	0.3203	0.1622	0.1581	0.2920	0.1931	5.6308	0.4025	0.4078	inf	6.8309	15572.3885	5.6658	0.0291	0.0514	0.0001	0.2377	0.2412	0.0000	0.0001	0.0000	0.0001
16	30	0.0676	9	1	0	1	1	0	0	0	0	N	N	N	N	N	N	N	N	N	N	N	N	0.0013	0.0020	0.0000	1.8962	1.8096	0.0000	0.0000	0.0000	0.0000	0.0069	0.0081	0.0000	0.0623	0.0645	0.0000	0.0000	0.0000	0.0000	5.1461	3.9749	6.8542	0.0328	0.0356	0.0058	6.8913	6.4781	7.2828	0.0000	1.1823	-0.0006	-0.1346	5.0907	5.9956	19.6153	15.0927	0.0011	0.0011	0.0000	0.0011	0.0011	0.0000	0.0000	0.0000	0.0000	1.8439	0.8449	0.9990	0.0030	0.0029	0.0000	1.8409	0.8420	0.9989	0.1611	0.1375	0.0236	0.0178	0.0172	0.0006	0.1433	0.1203	0.0230	0.3583	0.2126	0.1457	0.0912	0.0826	0.0086	0.2671	0.1300	0.1372	0.0013	0.0020	0.0000	1.8962	1.8096	0.0000	0.0000	0.0000	0.0000	5.1461	3.9749	6.8542	0.0328	0.0356	0.0058	6.8913	6.4781	7.2828
16	31	0.0299	7	0	1	0	1	0	0	0	0	N	N	N	N	N	N	N	N	N	N	N	N	0.0301	0.0000	0.1583	0.0006	0.0000	65.5207	0.0680	0.1565	0.0015	0.0000	0.0095	0.0001	0.0000	0.0076	0.0020	0.0000	0.0096	0.0514	0.0451	0.0602	0.1785	0.1867	0.0001	0.0293	0.0000	0.0612	inf	0.9437	0.0000	-0.0010	5.0907	1.4218	19.6153	7.0463	0.0001	0.0000	0.0001	0.0000	0.0000	0.0000	0.0001	0.0000	0.0001	0.0076	0.0039	0.0037	0.0039	0.0039	0.0000	0.0037	0.0000	0.0037	0.0514	0.0431	0.0083	0.0122	0.0120	0.0002	0.0392	0.0311	0.0082	0.1474	0.0863	0.0611	0.0218	0.0209	0.0010	0.1256	0.0655	0.0601	0.0301	0.0000	0.1583	0.0006	0.0000	65.5207	0.0680	0.0000	0.1565	0.0514	0.0451	0.0602	0.1785	0.1867	0.0001	0.0293	0.0000	0.0612	
16	32	0.0248	6	0	0	0	1	0	0	0	0	N	N	N	N	N	N	N	N	N	N	N	N	0.0019	0.0123	0.0030	0.0215	0.0211	14.1881	0.0010	0.0000	0.0030	0.0008	0.0005	0.0027	0.0019	0.0019	0.0023	0.0005	0.0000	0.0027	0.4062	0.0370	0.9075	0.0898	0.0916	0.0002	0.5039	0.0004	0.9175	1.0053	18.0490	-0.0000	0.0313	5.0907	4.3312	19.6153	5.5221	0.0001	0.0001	0.0001	0.0001	0.0001	0.0000	0.0001	0.0000	0.0001	0.0939	0.0049	0.0890	0.0049	0.0049	0.0000	0.0890	0.0000	0.0890	0.1478	0.1264	0.0215	0.0305	0.0300	0.0005	0.1174	0.0964	0.0209	0.2313	0.1332	0.0981	0.0546	0.0535	0.0011	0.1767	0.0797	0.0970	0.0019	0.0123	0.0030	0.0215	0.0211	14.1881	0.0010	0.0000	0.0030	0.4062	0.0370	0.9075	0.0898	0.0916	0.0002	0.5039	0.0004	0.9175
16	33	0.0223	5	0	0	0	1	0	0	0	0	N	N	N	N	N	N	N	N	N	N	N	N	0.0002	0.0205	0.0004	0.0355	0.0336	2.5043	0.0002	0.0000	0.0005	0.0013	0.0002	0.0076	0.0010	0.0009	0.0033	0.0013	0.0000	0.0077	5.4820	0.0087	17.3544	0.0277	0.0281	0.0013	6.3699	0.0025	15.9706	7.4213	1110.1524	0.0001	0.3205	5.0907	4.2685	19.6153	3.7703	0.0002	0.0000	0.0002	0.0000	0.0000	0.0000	0.0002	0.0000	0.0002	0.8340	0.0008	0.8332	0.0006	0.0006	0.0000	0.8334	0.0002	0.8332	0.1377	0.1174	0.0203	0.0224	0.0221	0.0004	0.1153	0.0953	0.0200	0.1521	0.0864	0.0657	0.0213	0.0210	0.0003	0.1308	0.0654	0.0654	0.0002	0.0205	0.0006	0.0355	0.0336	2.5043	0.0002	0.0000	0.0006	5.4820	0.0087	12.6821	0.0277	0.0281	0.0013	6.3699	0.0025	12.7437
16	34	0.0676	9	1	0	1	1	0	0	0	0	N	N	N	N	N	N	N	N	N	N	N	N	0.0000	0.0000	0.0000	0.0000	0.0000	0.0000	0.0000	0.0000	0.0000	0.0000	0.0000	0.0000	0.0000	0.0000	0.0000	0.0000	0.0000	4.9336	8.3155	0.0000	0.0888	0.0980	0.0000	6.5935	13.5648	0.0000	0.0000	0.0000	-1.0405	5.0907	4.9966	19.6153	15.0870	0.0000	0.0000	0.0000	0.0000	0.0000	0.0000	0.0000	0.0000	0.0000	1.6926	1.6926	0.0000	0.0078	0.0078	0.0000	1.6848	1.6848	0.0000	0.1349	0.1151	0.0198	0.0149	0.0144	0.0005	0.1199	0.1007	0.0193	0.3431	0.2035	0.1395	0.0875	0.0793	0.0082	0.2555	0.1242	0.1313	0.0000	0.0000	0.0000	0.0000	0.0000	0.0000	0.0000	0.0000	0.0000	4.9336	8.3155	0.0000	0.0888	0.0980	0.0000	6.5935	13.5648	0.0000		
16	35	0.0263	4	0	1	0	1	0	0	0	0	N	N	N	N	N	N	N	N	N	N	N	N	0.0000	0.0000	0.0000	0.0000	0.0000	0.0000	0.0000	0.0000	0.0000	0.0000	0.0000	0.0000	0.0000	0.0000	0.0000	0.0000	0.0000	0.0000	0.0000	0.0000	5.0907	1.0000	19.6153	1.0102	0.0000	0.0000	0.0000	0.0000	0.0000	0.0000	0.0000	0.0000	0.0000	0.0000	0.0000	0.0000	0.0000	0.0000	0.0000	0.0000	0.0000	0.0000	0.0247	0.0211	0.0036	0.0016	0.0015	0.0000	0.0231	0.0196	0.0035	0.0300	0.0165	0.0135	0.0034	0.0028	0.0006	0.0266	0.0138	0.0129	0.0000	0.0000	0.0000	0.0000	0.0000	0.0000	0.0000	0.0000	0.0000	0.0000	0.0000	0.0000	0.0000	0.0000	0.0000	0.0000	0.0000	0.0000											
16	36	0.0263	3	0	0	0	1	0	0	0	0	N	N	N	N	N	N	N	N	N	N	N	N	0.0000	0.0000	0.0000	0.0000	0.0000	0.0000	0.0000	0.0000	0.0000	0.0000	0.0000	0.0000	0.0000	0.0000	0.0000	0.0000	0.0000	0.0000	0.0000	0.0000	5.0907	0.0000	19.6153	0.0263	0.0000	0.0000	0.0000	0.0000	0.0000	0.0000	0.0000	0.0000	0.0000	0.0000	0.0000	0.0000	0.0000	0.0000	0.0000	0.0000	0.0000	0.0000	0.0000	0.0000	0.0000	0.0000	0.0000	0.0000	0.0000	0.0000	0.0000	0.0007	0.0004	0.0003	0.0002	0.0002	0.0000	0.0005	0.0002	0.0003	0.0000	0.0000	0.0000	0.0000	0.0000	0.0000	0.0000	0.0000	0.0000	0.0000	0.0000	0.0000	0.0000	0.0000	0.0000	0.0000	0.0000	0.0000											
16	37	0.1006	10	1	1	1	1	0	0	0	0	N	N	N	N	N	N	N	N	N	N	N	N	0.0000	0.0000	0.0000	0.0000	0.0000	0.0000	0.0000	0.0000	0.0000	0.0000	0.0000	0.0000	0.0000	0.0000	0.0000	0.0000	0.0000	7.3996	0.0002	34.9812	0.0013	0.0006	0.0079	10.5221	0.0000	39.4396	49712.0095	0.0000	0.3848	5.0907	3.0000	19.6153	5.0002	0.0000	0.0000	0.0000	0.0000	0.0000	0.0000	0.0000	0.0000	0.0000	0.9990	0.0000	0.9990	0.0001	0.0000	0.0000	0.9989	0.0000	0.9989	0.0895	0.0772	0.0123	0.0207	0.0200	0.0007	0.0688	0.0573	0.0115	0.1350	0.0840	0.0510	0.0401	0.0363	0.0038	0.0949	0.0477	0.0472	0.0000	0.0000	0.0000	0.0000	0.0000	0.0000	0.0000	0.0000	0.0000	7.3996	0.0002	19.5693	0.0013	0.0006	0.0079	10.5221	0.0000	21.1489		
16	38	0.0680	12	1	1	0	1	0	0	0	0	N	N	N	N	N	N	N	N	N	N	N	N	9511752.7028	10437319.6621	7498.6016	10287.2717	inf	inf	1.2242	1.5594	0.0000	0.0018	0.0025	0.0000	4.5751	4.8054	0.0000	0.0000	0.0000	0.0000	0.0000	0.0000	0.0000	0.0000	0.0000	0.0000	0.0000	0.1364	-0.0000	-0.0000	5.0907	0.0001	19.6153	0.1668	0.0001	0.0001	0.0000	0.0000	0.0000	0.0000	0.0001	0.0001	0.0000	0.0000	0.0000	0.0000	0.0000	0.0000	0.0000	0.0000	0.0000	0.0000	0.0000	0.0000	0.0000	0.0000	0.0000	0.0000	0.0000	0.0000	0.0000	0.0194	0.0147	0.0047	0.0090	0.0090	0.0001	0.0104	0.0057	0.0046	9511752.7028	10437319.6621	0.0000	7498.6016	10287.2717	0.0000	inf	inf	0.0000	0.0000	0.0000	0.0000	0.0000	0.0000	0.0000	0.0000	0.0000	0.0000			
16	41	0.0861	14	0	1	1	1	0	0	0	0	N	N	N	N	N	N	N	N	N	N	N	N	0.0000	0.0000	0.0000	0.0000	0.0000	0.0000	0.0000	0.0000	0.0000	0.0000	0.0000	0.0000	0.0000	0.0000	0.0000	0.0000	0.0000	0.0000	2.2391	0.0006	6.1597	0.2431	0.0011	10.9986	3.5798	0.0000	6.5422	5700.7503	0.0000	0.2807	5.0907	0.9997	19.6153	10.1790	0.0000	0.0000	0.0000	0.0000	0.0000	0.0000	0.0000	0.0000	0.0000	0.7290	0.0001	0.7288	0.0318	0.0001	0.0317	0.6972	0.0000	0.6972	0.0280	0.0239	0.0041	0.0033	0.0032	0.0001	0.0247	0.0206	0.0040	0.3256	0.2072	0.1183	0.1308	0.1190	0.0118	0.1947	0.0882	0.1066	0.0000	0.0000	0.0000	0.0000	0.0000	0.0000	0.0000	0.0000	0.0000	2.2391	0.0006	6.1597	0.2431	0.0011	2.6934	3.5798	0.0000	6.5422	
16	42	0.0850	13	0	1	0	1	0	0	0	0	N	N	N	N	N	N	N	N	N	N	N	N	0.0000	0.0000	0.0000	0.0000	0.0000	0.0000	0.0000	0.0000	0.0000	0.0000	0.0000	0.0000	0.0000	0.0000	0.0000	0.0000	0.0000	0.0000	5.7850	2.4797	12.0147	1.6291	1.6826	0.6560	8.6835	4.0076	12.2104	2.9367	0.0000	0.0273	5.0907	0.0007	19.6153	0.9413	0.0000	0.0000	0.0000	0.0000	0.0000	0.0000	0.0000	0.0000	0.0000	0.2077	0.0528	0.1550	0.0240	0.0235	0.0005	0.1837	0.0292	0.1545	0.0000	0.0000	0.0000	0.0000	0.0000	0.0000	0.0000	0.0000	0.0000	0.0359	0.0213	0.0146	0.0148	0.0140	0.0008	0.0212	0.0073	0.0139	0.0000	0.0000	0.0000	0.0000	0.0000	0.0000	0.0000	0.0000	0.0000	5.7850	2.4797	10.5933	1.6291	1.6826	0.6560	8.6835	4.0076	11.1450	
16	43	0.0676	9	1	0	1	1	0	0	0	0	N	N	N	N	N	N	N	N	N	N	N	N	0.0000	0.0000	0.0000	0.0000	0.0000	0.0000	0.0000	0.0000	0.0000	0.0000	0.0000	0.0000	0.0000	0.0000	0.0000	0.0000	0.0000	0.0000	0.0000	0.0000	5.0907	1.9995	19.6153	12.0029	0.0000	0.0000	0.0000	0.0000	0.0000	0.0000	0.0000	0.0000	0.0000	0.0000	0.0000	0.0000	0.0000	0.0000	0.0000	0.0000	0.0000	0.0000	0.0550	0.0469	0.0081	0.0062	0.0060	0.0002	0.0487	0.0409	0.0078	0.2488	0.1478	0.1011	0.0650	0.0592	0.0058	0.1838	0.0886	0.0952	0.0000	0.0000	0.0000	0.0000	0.0000	0.0000	0.0000	0.0000	0.0000	0.0000	0.0000	0.0000	0.0000	0.0000	0.0000	0.0000	0.0000	0.0000											
16	44	0.0344	8	1	1	0	1	0	0	0	0	N	N	N	N	N	N	N	N	N	N	N	N	0.0000	0.0000	0.0001	0.0000	0.0000	0.0000	0.0000	0.0001	0.0001	0.0000	0.0005	0.0000	0.0000	0.0000	0.0001	0.0000	0.0005	3.3433	0.0077	8.0659	0.0239	0.0249	0.0075	4.1383	0.0000	8.2889	inf	737.4607	0.0000	0.7682	5.0907	10.0000	19.6153	26.8440	0.0000	0.0000	0.0000	0.0000	0.0000	0.0000	0.0000	0.0000	0.0000	2.0010	0.0027	1.9983	0.0028	0.0027	0.0001	1.9983	0.0000	1.9983	0.2664	0.2266	0.0398	0.0313	0.0302	0.0011	0.2351	0.1964	0.0387	0.5985	0.3508	0.2478	0.1157	0.1090	0.0067	0.4829	0.2418	0.2411	0.0000	0.0000	0.0001	0.0000	0.0000	0.0000	0.0000	0.0000	0.0001	3.3433	0.0077	8.0659	0.0239	0.0249	0.0075	4.1383	0.0000	8.2889	
16	45	0.0850	13	0	1	0	1	0	0	0	0	N	N	N	N	N	N	N	N	N	N	N	N	0.0006	0.0015	0.0000	0.0056	0.0052	0.0000	0.0000	0.0000	0.0000	0.0001	0.0001	0.0000	0.0010	0.0010	0.0000	0.0000	0.0000	0.0000	0.2147	0.0972	0.3984	0.1810	0.2013	0.0000	0.2310	0.0000	0.4352	0.0000	2.6219	-0.0000	0.0038	5.0907	3.0000	19.6153	5.0456	0.0000	0.0000	0.0000	0.0000	0.0000	0.0000	0.0000	0.0000	0.0000	0.0349	0.0096	0.0253	0.0096	0.0096	0.0000	0.0253	0.0000	0.0253	0.0833	0.0710	0.0123	0.0099	0.0096	0.0003	0.0733	0.0614	0.0120	0.1627	0.0992	0.0635	0.0533	0.0479	0.0054	0.1094	0.0513	0.0581	0.0006	0.0015	0.0000	0.0056	0.0052	0.0000	0.0000	0.0000	0.0000	0.2147	0.0972	0.3984	0.1810	0.2013	0.0000	0.2310	0.0000	0.4352
16	46	0.0808	12	0	1	0	1	0	0	0	0	N	N	N	N	N	N	N	N	N	N	N	N	0.0000	0.0000	0.0000	0.0000	0.0000	0.0000	0.0000	0.0000	0.0000	0.0000	0.0000	0.0000	0.0000	0.0000	0.0000	0.0000	0.0000	0.0000	15.9100	0.0431	107.1065	0.0421	0.0461	0.0125	23.0326	0.0405	109.9597	608.6056	-0.0000	0.3461	5.0907	2.0000	19.6153	1.0030	0.0000	0.0000	0.0000	0.0000	0.0000	0.0000	0.0000	0.0000	0.0000	0.9022	0.0015	0.9007	0.0007	0.0007	0.0000	0.9015	0.0008	0.9007	0.0542	0.0462	0.0080	0.0058	0.0056	0.0002	0.0485	0.0407	0.0078	0.0567	0.0344	0.0223	0.0176	0.0155	0.0021	0.0391	0.0189	0.0202	0.0000	0.0000	0.0000	0.0000	0.0000	0.0000	0.0000	0.0000	0.0000	15.9100	0.0431	40.3357	0.0421	0.0461	0.0125	23.0326	0.0405	44.4966	
16	47	0.0808	11	0	1	0	1	0	0	0	0	N	N	N	N	N	N	N	N	N	N	N	N	0.0000	0.0000	0.0000	0.0000	0.0000	0.0000	0.0000	0.0000	0.0000	0.0000	0.0000	0.0000	0.0000	0.0000	0.0000	0.0000	0.0000	0.0000	2.2505	1.8009	3.0012	2.4660	2.5355	0.0068	2.0700	0.0112	3.1049	0.9982	0.0000	-0.0011	5.0907	0.0000	19.6153	0.0582	0.0000	0.0000	0.0000	0.0000	0.0000	0.0000	0.0000	0.0000	0.0000	0.0094	0.0047	0.0047	0.0047	0.0047	0.0000	0.0047	0.0000	0.0047	0.0000	0.0000	0.0000	0.0000	0.0000	0.0000	0.0000	0.0000	0.0000	0.0042	0.0026	0.0016	0.0019	0.0019	0.0001	0.0023	0.0008	0.0015	0.0000	0.0000	0.0000	0.0000	0.0000	0.0000	0.0000	0.0000	0.0000	2.2505	1.8009	3.0012	2.4660	2.5355	0.0068	2.0700	0.0112	3.1049	
16	48	0.0770	10	0	1	0	1	0	0	0	0	N	N	N	N	N	N	N	N	N	N	N	N	0.0579	0.0000	0.3013	0.0000	0.0000	0.0000	0.1266	0.0000	0.3183	0.0045	0.0000	0.0437	0.0000	0.0000	0.0000	0.0096	0.0000	0.0506	0.0772	0.0439	0.1452	0.0800	0.0866	0.0068	0.0756	0.0020	0.1590	inf	1.6208	0.0000	0.0000	5.0907	0.0018	19.6153	3.9096	0.0000	0.0000	0.0000	0.0000	0.0000	0.0000	0.0000	0.0000	0.0000	0.0077	0.0029	0.0047	0.0029	0.0029	0.0000	0.0048	0.0001	0.0047	0.0001	0.0001	0.0000	0.0001	0.0001	0.0000	0.0001	0.0000	0.0000	0.0993	0.0667	0.0327	0.0360	0.0330	0.0030	0.0634	0.0337	0.0297	0.0579	0.0000	0.3013	0.0000	0.0000	0.0000	0.1266	0.0000	0.3183	0.0772	0.0439	0.1452	0.0800	0.0866	0.0068	0.0756	0.0020	0.1590
16	49	0.0676	9	0	1	0	1	0	0	0	0	N	N	N	N	N	N	N	N	N	N	N	N	0.0006	0.0058	0.0000	0.0310	0.0298	0.0000	0.0000	0.0000	0.0000	0.0000	0.0000	0.0000	0.0001	0.0001	0.0000	0.0000	0.0000	0.0000	0.0164	0.0019	0.0377	0.0026	0.0028	0.0004	0.0216	0.0012	0.0399	0.0000	13.7843	-0.0000	0.0008	5.0907	2.0031	19.6153	6.0601	0.0000	0.0000	0.0000	0.0000	0.0000	0.0000	0.0000	0.0000	0.0000	0.0025	0.0002	0.0023	0.0001	0.0001	0.0000	0.0024	0.0001	0.0023	0.0551	0.0470	0.0081	0.0062	0.0060	0.0002	0.0488	0.0410	0.0079	0.1535	0.0913	0.0622	0.0420	0.0386	0.0034	0.1115	0.0527	0.0588	0.0006	0.0058	0.0000	0.0310	0.0298	0.0000	0.0000	0.0000	0.0000	0.0164	0.0019	0.0377	0.0026	0.0028	0.0004	0.0216	0.0012	0.0399
16	50	0.0263	3	0	0	1	1	0	0	0	0	N	N	N	N	N	N	N	N	N	N	N	N	49684.2232	38733.7284	7074.8168	8592.8963	inf	inf	0.3275	0.4369	0.0000	0.3289	0.4313	0.0000	0.3251	0.4464	0.0000	0.0000	0.0000	0.0000	0.0000	0.0001	0.0000	0.0000	0.0000	0.0000	0.0000	0.0000	-0.0000	-0.0000	5.0907	0.0004	19.6153	0.9852	0.0000	0.0000	0.0000	0.0000	0.0000	0.0000	0.0000	0.0000	0.0000	0.0000	0.0000	0.0000	0.0000	0.0000	0.0000	0.0000	0.0000	0.0000	0.0001	0.0001	0.0000	0.0001	0.0001	0.0000	0.0001	0.0000	0.0000	0.0182	0.0106	0.0076	0.0026	0.0024	0.0002	0.0156	0.0082	0.0074	49684.2232	38733.7284	0.0000	7074.8168	8592.8963	0.0000	inf	inf	0.0000	0.0000	0.0000	0.0000	0.0000	0.0001	0.0000	0.0000	0.0000	0.0000			
16	51	0.0154	2	0	0	0	1	0	0	0	0	N	N	N	N	N	N	N	N	N	N	N	N	0.1484	0.2006	0.0002	0.7317	0.9181	9.4972	0.0831	0.1059	0.0002	0.6207	0.8342	0.0007	0.9630	1.2187	0.0001	0.3885	0.5449	0.0010	4.1811	4.1575	4.2116	1.3161	1.3274	0.0000	4.6749	5.1462	4.2236	0.0003	0.7861	-0.2373	-0.3378	5.0907	10.7574	19.6153	12.9024	0.4332	0.4331	0.0001	0.2716	0.2716	0.0000	0.1616	0.1615	0.0001	1.9348	1.0832	0.8516	0.0895	0.0895	0.0000	1.8452	0.9937	0.8516	0.6980	0.5192	0.1788	0.2820	0.2229	0.0592	0.4159	0.2963	0.1196	0.4627	0.2605	0.2022	0.0680	0.0675	0.0006	0.3947	0.1931	0.2016	0.1484	0.2006	0.0002	0.7317	0.9181	9.4972	0.0831	0.1059	0.0002	4.1811	4.1575	4.2116	1.3161	1.3274	0.0000	4.6749	5.1462	4.2236
16	56	0.0676	9	1	1	0	1	0	0	0	0	N	N	N	N	N	N	N	N	N	N	N	N	0.0000	0.0000	0.0000	0.0000	0.0000	0.0000	0.0000	0.0000	0.0000	0.0000	0.0000	0.0000	0.0000	0.0000	0.0000	0.0000	0.0000	0.0000	0.0000	0.0000	5.0907	0.0000	19.6153	10.9971	0.0000	0.0000	0.0000	0.0000	0.0000	0.0000	0.0000	0.0000	0.0000	0.0000	0.0000	0.0000	0.0000	0.0000	0.0000	0.0000	0.0000	0.0000	0.0000	0.0000	0.0000	0.0000	0.0000	0.0000	0.0000	0.0000	0.0000	0.2010	0.1194	0.0816	0.0535	0.0489	0.0046	0.1475	0.0706	0.0769	0.0000	0.0000	0.0000	0.0000	0.0000	0.0000	0.0000	0.0000	0.0000	0.0000	0.0000	0.0000	0.0000	0.0000	0.0000	0.0000	0.0000	0.0000											
16	57	0.1228	12	0	0	0	1	0	0	0	0	N	N	N	N	N	N	N	N	N	N	N	N	1.1218	0.0000	18.7169	9.9780	0.0015	60.2002	0.7311	0.0000	15.6372	2.7825	0.0001	22.5620	1.9904	0.0002	53.9236	3.1295	0.0000	19.4158	2.4803	3.1467	1.2054	0.1995	0.1377	0.8957	4.2803	7.9917	1.2416	39865.5372	0.2002	0.4127	-0.9983	5.0907	7.8198	19.6153	21.5823	0.9136	0.0000	0.9136	0.1991	0.0000	0.1991	0.7145	0.0000	0.7145	2.2287	1.8570	0.3718	0.0791	0.0501	0.0289	2.1497	1.8068	0.3429	0.3283	0.2878	0.0405	0.1000	0.0963	0.0037	0.2283	0.1915	0.0368	0.8986	0.5901	0.3084	0.3963	0.3640	0.0323	0.5022	0.2261	0.2761	1.1218	0.0000	18.7169	9.9780	0.0015	60.2002	0.7311	0.0000	15.6372	2.4803	3.1467	1.2054	0.1995	0.1377	0.8957	4.2803	7.9917	1.2416
16	58	0.1033	13	1	1	1	1	0	0	0	0	N	N	N	N	N	N	N	N	N	N	N	N	0.0021	0.0018	0.0000	0.0053	0.0060	0.0000	0.0000	0.0000	0.0000	0.0000	0.0000	0.0000	0.0000	0.0000	0.0000	0.0000	0.0000	0.0000	0.0003	0.0004	0.0001	0.0009	0.0009	0.0014	0.0000	0.0000	0.0000	0.0000	0.2093	-0.0000	-0.0000	5.0907	2.0055	19.6153	11.8091	0.0000	0.0000	0.0000	0.0000	0.0000	0.0000	0.0000	0.0000	0.0000	0.0001	0.0001	0.0000	0.0001	0.0001	0.0000	0.0000	0.0000	0.0000	0.0541	0.0461	0.0080	0.0065	0.0062	0.0003	0.0476	0.0400	0.0076	0.2391	0.1469	0.0922	0.0713	0.0640	0.0073	0.1677	0.0829	0.0848	0.0021	0.0018	0.0000	0.0053	0.0060	0.0000	0.0000	0.0000	0.0000	0.0003	0.0004	0.0001	0.0009	0.0009	0.0014	0.0000	0.0000	0.0000
16	59	0.0979	12	1	0	1	1	0	0	0	0	N	N	N	N	N	N	N	N	N	N	N	N	3.5153	3.9006	0.0041	0.4957	0.5392	0.0000	10.3348	164.0412	0.0053	0.0044	0.0052	0.0000	0.0014	0.0014	0.0000	0.0048	0.0057	0.0000	0.0013	0.0013	0.0011	0.0027	0.0027	0.0035	0.0005	0.0000	0.0009	0.0002	0.4648	-0.0001	-0.0000	5.0907	1.9951	19.6153	2.5667	0.0002	0.0002	0.0000	0.0000	0.0000	0.0000	0.0002	0.0002	0.0000	0.0001	0.0001	0.0000	0.0001	0.0001	0.0000	0.0000	0.0000	0.0000	0.0538	0.0459	0.0080	0.0064	0.0060	0.0004	0.0474	0.0398	0.0076	0.0983	0.0635	0.0348	0.0339	0.0310	0.0029	0.0644	0.0325	0.0319	3.5153	3.9006	0.0041	0.4957	0.5392	0.0000	10.3348	164.0412	0.0053	0.0013	0.0013	0.0011	0.0027	0.0027	0.0035	0.0005	0.0000	0.0009
16	60	0.0912	11	1	0	1	1	0	0	0	0	N	N	N	N	N	N	N	N	N	N	N	N	0.0063	0.0000	0.1290	0.0000	0.0000	0.0000	0.0275	0.0000	0.4021	0.0001	0.0000	0.0006	0.0000	0.0000	0.0000	0.0001	0.0000	0.0006	0.0149	0.0185	0.0045	0.0261	0.0274	0.0163	0.0050	0.0072	0.0014	inf	0.0824	0.0000	-0.0008	5.0907	0.0108	19.6153	3.6229	0.0000	0.0000	0.0000	0.0000	0.0000	0.0000	0.0000	0.0000	0.0000	0.0015	0.0014	0.0001	0.0012	0.0011	0.0001	0.0003	0.0002	0.0000	0.0004	0.0004	0.0001	0.0001	0.0001	0.0000	0.0003	0.0002	0.0001	0.0982	0.0732	0.0250	0.0460	0.0410	0.0051	0.0521	0.0322	0.0199	0.0063	0.0000	0.1290	0.0000	0.0000	0.0000	0.0275	0.0000	0.4021	0.0149	0.0185	0.0045	0.0261	0.0274	0.0163	0.0050	0.0072	0.0014
16	61	0.0431	10	0	1	0	1	0	0	0	0	N	N	N	N	N	N	N	N	N	N	N	N	0.0000	0.0000	0.0000	0.0000	0.0000	0.0000	0.0000	0.0000	0.0000	0.0000	0.0000	0.0000	0.0000	0.0000	0.0000	0.0000	0.0000	0.0128	0.0199	0.0000	0.0404	0.0421	0.0000	0.0000	0.0000	0.0000	0.0000	0.0000	-0.0024	5.0907	4.0917	19.6153	8.0988	0.0000	0.0000	0.0000	0.0000	0.0000	0.0000	0.0000	0.0000	0.0000	0.0039	0.0039	0.0000	0.0039	0.0039	0.0000	0.0000	0.0000	0.0000	0.1241	0.1065	0.0175	0.0198	0.0193	0.0005	0.1043	0.0873	0.0170	0.3040	0.1954	0.1085	0.0961	0.0923	0.0038	0.2079	0.1032	0.1047	0.0000	0.0000	0.0000	0.0000	0.0000	0.0000	0.0000	0.0000	0.0000	0.0128	0.0199	0.0000	0.0404	0.0421	0.0000	0.0000	0.0000	0.0000		
16	62	0.0394	9	0	1	0	1	0	0	0	0	N	N	N	N	N	N	N	N	N	N	N	N	0.0094	0.0088	0.0173	0.0032	0.0030	0.9264	0.0118	0.0221	0.0171	0.0005	0.0004	0.0011	0.0002	0.0002	0.0002	0.0005	0.0004	0.0011	0.0514	0.0426	0.0639	0.0735	0.0783	0.0002	0.0439	0.0179	0.0663	0.5270	1.0642	-0.0000	-0.0008	5.0907	2.1165	19.6153	5.0852	0.0000	0.0000	0.0000	0.0000	0.0000	0.0000	0.0000	0.0000	0.0000	0.0078	0.0038	0.0040	0.0028	0.0028	0.0000	0.0050	0.0009	0.0040	0.0582	0.0494	0.0088	0.0068	0.0066	0.0002	0.0513	0.0428	0.0085	0.1518	0.0888	0.0630	0.0387	0.0363	0.0024	0.1131	0.0525	0.0607	0.0094	0.0088	0.0173	0.0032	0.0030	0.9264	0.0118	0.0221	0.0171	0.0514	0.0426	0.0639	0.0735	0.0783	0.0002	0.0439	0.0179	0.0663
16	63	0.0912	11	1	0	1	1	0	0	0	0	N	N	N	N	N	N	N	N	N	N	N	N	0.0000	0.0000	0.0029	0.0000	0.0000	0.0000	0.0044	0.0000	0.0235	0.0000	0.0000	0.0000	0.0000	0.0000	0.0000	0.0000	0.0000	0.0000	0.0116	0.0179	0.0011	0.0345	0.0388	0.0077	0.0001	0.0001	0.0001	inf	0.0354	0.0000	-0.0015	5.0907	3.9990	19.6153	8.8702	0.0000	0.0000	0.0000	0.0000	0.0000	0.0000	0.0000	0.0000	0.0000	0.0026	0.0025	0.0001	0.0026	0.0025	0.0001	0.0000	0.0000	0.0000	0.0998	0.0863	0.0135	0.0081	0.0077	0.0004	0.0917	0.0786	0.0132	0.2274	0.1422	0.0852	0.0757	0.0654	0.0103	0.1517	0.0768	0.0749	0.0000	0.0000	0.0029	0.0000	0.0000	0.0000	0.0044	0.0000	0.0235	0.0116	0.0179	0.0011	0.0345	0.0388	0.0077	0.0001	0.0001	0.0001
16	64	0.0710	10	1	0	1	1	0	0	0	0	N	N	N	N	N	N	N	N	N	N	N	N	0.2369	0.0083	4.9329	0.0104	0.0133	0.0000	3.3044	0.0000	12.6083	0.0029	0.0001	0.0157	0.0004	0.0005	0.0000	0.0041	0.0000	0.0285	0.0123	0.0179	0.0032	0.0363	0.0375	0.0194	0.0013	0.0001	0.0023	22.9770	0.1083	0.0002	-0.0016	5.0907	3.9972	19.6153	6.8232	0.0005	0.0000	0.0005	0.0000	0.0000	0.0000	0.0005	0.0000	0.0005	0.0030	0.0027	0.0003	0.0028	0.0027	0.0001	0.0002	0.0000	0.0002	0.1644	0.1351	0.0293	0.0532	0.0400	0.0132	0.1112	0.0951	0.0161	0.2442	0.1518	0.0924	0.0770	0.0721	0.0049	0.1671	0.0797	0.0874	0.2369	0.0083	4.9329	0.0104	0.0133	0.0000	3.3044	0.0000	12.6083	0.0123	0.0179	0.0032	0.0363	0.0375	0.0194	0.0013	0.0001	0.0023
16	65	0.0470	10	0	1	0	1	0	0	0	0	N	N	N	N	N	N	N	N	N	N	N	N	0.0014	0.0615	0.0000	0.1517	0.1498	0.1947	0.0000	0.6153	0.0000	0.0013	0.0015	0.0000	0.0088	0.0093	0.0000	0.0000	0.0000	0.0000	0.9355	0.0251	2.5411	0.0582	0.0619	0.0001	1.2682	0.0000	2.6640	0.0002	57.4370	-0.0003	0.3279	5.0907	15.6632	19.6153	35.0639	0.0006	0.0006	0.0000	0.0005	0.0005	0.0000	0.0000	0.0000	0.0000	0.8906	0.0152	0.8753	0.0152	0.0152	0.0000	0.8754	0.0000	0.8753	0.4235	0.3614	0.0622	0.0623	0.0593	0.0030	0.3612	0.3021	0.0591	0.9520	0.6075	0.3445	0.2618	0.2459	0.0159	0.6902	0.3616	0.3286	0.0014	0.0615	0.0000	0.1517	0.1498	0.1947	0.0000	0.6153	0.0000	0.9355	0.0251	2.5411	0.0582	0.0619	0.0001	1.2682	0.0000	2.6640
16	66	0.0470	10	0	0	1	1	0	0	0	0	N	N	N	N	N	N	N	N	N	N	N	N	0.1558	12477.5772	0.0000	0.0000	0.0000	0.0000	0.1249	inf	0.0000	0.3216	0.3762	0.0000	0.0000	0.0000	0.0000	0.4043	0.4845	0.0000	2.0645	0.0000	6.7094	0.0004	0.0001	0.0079	3.2368	0.0000	7.0687	0.0000	98913.6636	-0.0267	0.3843	5.0907	4.9998	19.6153	10.1184	0.0487	0.0487	0.0000	0.0000	0.0000	0.0000	0.0487	0.0487	0.0000	0.9976	0.0000	0.9976	0.0001	0.0000	0.0001	0.9975	0.0000	0.9975	0.1515	0.1296	0.0220	0.0310	0.0290	0.0020	0.1205	0.1006	0.0200	0.4832	0.3345	0.1487	0.1750	0.1675	0.0076	0.3082	0.1671	0.1411	0.1558	12477.5772	0.0000	0.0000	0.0000	0.0000	0.1249	inf	0.0000	2.0645	0.0000	6.7094	0.0004	0.0001	0.0079	3.2368	0.0000	7.0687
16	67	0.0362	8	0	1	0	1	0	0	0	0	N	N	N	N	N	N	N	N	N	N	N	N	0.0660	4.8750	0.0000	6.0315	14.3704	0.0000	0.0016	0.4664	0.0000	0.0050	0.0058	0.0000	0.0367	0.0386	0.0000	0.0002	0.0002	0.0000	0.0754	0.0012	0.1955	0.0061	0.0027	0.0770	0.0955	0.0004	0.1987	0.0000	101.2857	-0.0008	0.0158	5.0907	10.9928	19.6153	18.5513	0.0015	0.0015	0.0000	0.0014	0.0014	0.0000	0.0000	0.0000	0.0000	0.0420	0.0004	0.0416	0.0008	0.0003	0.0004	0.0413	0.0001	0.0412	0.2933	0.2511	0.0422	0.0387	0.0368	0.0019	0.2546	0.2144	0.0403	0.5573	0.3444	0.2129	0.1250	0.1193	0.0057	0.4322	0.2251	0.2072	0.0660	4.8750	0.0000	6.0315	14.3704	0.0000	0.0016	0.4664	0.0000	0.0754	0.0012	0.1955	0.0061	0.0027	0.0770	0.0955	0.0004	0.1987
16	68	0.0362	7	0	0	0	1	0	0	0	0	N	N	N	N	N	N	N	N	N	N	N	N	0.6043	0.4964	1.2617	0.7117	0.7206	0.0401	0.5410	0.9076	1.2931	0.4106	0.2426	1.4111	0.5475	0.5523	0.0460	0.3283	0.0050	1.4458	0.6794	0.4887	1.1185	0.7694	0.7665	1.1467	0.6069	0.0056	1.1181	0.9764	0.9938	-0.0002	-0.0093	5.0907	0.0861	19.6153	1.0715	0.0028	0.0014	0.0014	0.0014	0.0014	0.0000	0.0014	0.0000	0.0014	0.0798	0.0400	0.0398	0.0403	0.0399	0.0005	0.0395	0.0002	0.0393	0.0069	0.0059	0.0010	0.0026	0.0026	0.0000	0.0043	0.0033	0.0010	0.1175	0.0819	0.0356	0.0524	0.0520	0.0004	0.0651	0.0299	0.0352	0.6043	0.4964	1.2617	0.7117	0.7206	0.0401	0.5410	0.9076	1.2931	0.6794	0.4887	1.1185	0.7694	0.7665	1.1467	0.6069	0.0056	1.1181
16	69	0.1006	11	1	0	1	1	0	0	0	0	N	N	N	N	N	N	N	N	N	N	N	N	0.0000	0.0000	0.0000	0.0000	0.0000	0.0000	0.0000	0.0000	0.0000	0.0000	0.0000	0.0000	0.0000	0.0000	0.0000	0.0000	0.0017	0.0014	0.0021	0.0029	0.0033	0.0000	0.0011	0.0000	0.0023	0.9216	0.0000	-0.0000	5.0907	1.0000	19.6153	3.0001	0.0000	0.0000	0.0000	0.0000	0.0000	0.0000	0.0000	0.0000	0.0000	0.0001	0.0001	0.0001	0.0001	0.0001	0.0000	0.0001	0.0000	0.0001	0.0301	0.0259	0.0041	0.0069	0.0067	0.0003	0.0231	0.0192	0.0039	0.0685	0.0426	0.0259	0.0204	0.0184	0.0019	0.0481	0.0242	0.0239	0.0000	0.0000	0.0000	0.0000	0.0000	0.0000	0.0000	0.0000	0.0000	0.0017	0.0014	0.0021	0.0029	0.0033	0.0000	0.0011	0.0000	0.0023			
16	70	0.1006	10	1	0	1	1	0	0	0	0	N	N	N	N	N	N	N	N	N	N	N	N	0.0000	0.0000	0.0000	0.0000	0.0000	0.0000	0.0000	0.0000	0.0000	0.0000	0.0000	0.0000	0.0000	0.0000	0.0000	0.0000	0.0000	2.4363	2.1256	2.8533	2.7024	2.7447	0.0037	2.2178	0.0000	2.9005	1.0000	0.0000	-0.0000	5.0907	0.0000	19.6153	0.0009	0.0000	0.0000	0.0000	0.0000	0.0000	0.0000	0.0000	0.0000	0.0000	0.0002	0.0001	0.0001	0.0001	0.0001	0.0000	0.0001	0.0000	0.0001	0.0000	0.0000	0.0000	0.0000	0.0000	0.0000	0.0000	0.0000	0.0000	0.0001	0.0000	0.0000	0.0000	0.0000	0.0000	0.0000	0.0000	0.0000	0.0000	0.0000	0.0000	0.0000	0.0000	0.0000	0.0000	0.0000	0.0000	2.4363	2.1256	2.8533	2.7024	2.7447	0.0037	2.2178	0.0000	2.9005		
16	71	0.0676	9	1	0	1	1	0	0	0	0	N	N	N	N	N	N	N	N	N	N	N	N	0.8521	1544.8792	0.0000	1597.8609	1498.4095	0.4911	inf	0.0000	2.0358	2.3841	0.0000	5.7744	5.9824	0.0000	1.5709	1.8700	0.0000	2.3892	0.0015	5.8701	0.0036	0.0040	0.0000	3.1985	0.0000	6.2386	0.0000	2609.1652	-0.2951	0.3547	5.0907	9.9966	19.6153	12.9129	0.5383	0.5383	0.0000	0.1689	0.1689	0.0000	0.3694	0.3694	0.0000	0.9216	0.0004	0.9212	0.0004	0.0004	0.0000	0.9212	0.0000	0.9212	0.2644	0.2258	0.0386	0.0292	0.0282	0.0010	0.2352	0.1975	0.0376	0.3857	0.2288	0.1569	0.0977	0.0884	0.0093	0.2880	0.1404	0.1477	0.8521	1544.8792	0.0000	1597.8609	1498.4095	0.0000	0.4911	inf	0.0000	2.3892	0.0015	5.8701	0.0036	0.0040	0.0000	3.1985	0.0000	6.2386	
16	72	0.0344	8	0	1	0	2	0	0	0	0	N	N	N	Y	N	N	N	N	N	N	N	N	0.0000	0.0817	0.0000	0.0862	0.1848	0.0000	0.0000	0.0000	0.0001	0.0001	0.0000	0.0007	0.0008	0.0000	0.0000	0.0000	0.0000	2.4929	0.0013	6.0108	0.0086	0.0042	0.0772	3.0692	0.0000	6.1797	0.0000	3381.4577	-0.0000	0.7688	5.0907	13.0000	19.6153	39.1663	0.0000	0.0000	0.0000	0.0000	0.0000	0.0000	0.0000	0.0000	0.0000	1.9970	0.0006	1.9964	0.0013	0.0006	0.0007	1.9957	0.0000	1.9957	0.3426	0.2916	0.0510	0.0404	0.0390	0.0014	0.3022	0.2526	0.0496	0.8011	0.4689	0.3321	0.1508	0.1417	0.0092	0.6502	0.3273	0.3229	0.0000	0.0817	0.0000	0.0862	0.1848	0.0000	0.0000	0.0000	0.0000	2.4929	0.0013	6.0108	0.0086	0.0042	0.0772	3.0692	0.0000	6.1797	
16	73	0.0319	7	0	1	0	1	0	0	0	0	N	N	N	N	N	N	N	N	N	N	N	N	0.0000	0.0000	0.0000	0.0000	0.0000	0.0000	0.0000	0.0000	0.0000	0.0000	0.0000	0.0000	0.0000	0.0000	0.0000	0.0000	0.0000	0.0000	1.9205	0.0007	5.1864	0.0187	0.0020	0.4232	2.5186	0.0000	5.3116	4143.9971	0.0000	0.3196	5.0907	3.0003	19.6153	18.1082	0.0000	0.0000	0.0000	0.0000	0.0000	0.0000	0.0000	0.0000	0.0000	0.8300	0.0002	0.8298	0.0019	0.0002	0.0017	0.8281	0.0000	0.8281	0.0821	0.0697	0.0124	0.0096	0.0092	0.0003	0.0725	0.0605	0.0120	0.4322	0.2722	0.1600	0.1034	0.0993	0.0041	0.3288	0.1729	0.1559	0.0000	0.0000	0.0000	0.0000	0.0000	0.0000	0.0000	0.0000	0.0000	1.9205	0.0007	5.1864	0.0187	0.0020	0.4232	2.5186	0.0000	5.3116	
16	74	0.0710	10	0	1	0	1	0	0	0	0	N	N	N	N	N	N	N	N	N	N	N	N	11963.6064	0.0141	38242.6834	0.0062	0.0251	0.0000	155640.3855	0.0000	531167.8364	4.1165	0.0000	24.5695	0.0000	0.0000	0.0000	5.5151	0.0000	36.6392	0.0003	0.0002	0.0006	0.0011	0.0004	0.0099	0.0000	0.0000	0.0001	2312557.8181	2.7332	0.4518	0.0000	5.0907	7.0046	19.6153	18.1036	1.0000	0.0000	1.0000	0.0000	0.0000	0.0000	1.0000	0.0000	1.0000	0.0002	0.0000	0.0001	0.0001	0.0000	0.0001	0.0000	0.0000	0.0000	0.2429	0.2022	0.0407	0.0616	0.0482	0.0134	0.1813	0.1540	0.0273	0.4622	0.2810	0.1812	0.1295	0.1189	0.0106	0.3327	0.1620	0.1706	11963.6064	0.0141	38242.6834	0.0062	0.0251	0.0000	155640.3855	0.0000	531167.8364	0.0003	0.0002	0.0006	0.0011	0.0004	0.0099	0.0000	0.0000	0.0001
16	75	0.0676	9	0	0	0	1	0	0	0	0	N	N	N	N	N	N	N	N	N	N	N	N	399.5011	626.1402	35.2701	9.3274	8.8635	60.1057	361.0982	506.1755	34.4846	13.2696	15.1385	1.6436	0.0999	0.1007	0.0665	15.5455	18.1482	1.6867	0.0332	0.0242	0.0466	0.0107	0.0114	0.0011	0.0431	0.0359	0.0489	0.0175	1.3014	-0.0514	-0.0001	5.0907	0.2435	19.6153	3.2922	0.0968	0.0952	0.0017	0.0001	0.0001	0.0000	0.0967	0.0951	0.0017	0.0026	0.0011	0.0015	0.0003	0.0003	0.0000	0.0024	0.0009	0.0015	0.0073	0.0063	0.0010	0.0011	0.0010	0.0000	0.0062	0.0052	0.0010	0.0786	0.0469	0.0317	0.0239	0.0224	0.0015	0.0547	0.0245	0.0301	399.5011	626.1402	35.2701	9.3274	8.8635	60.1057	361.0982	506.1755	34.4846	0.0332	0.0242	0.0466	0.0107	0.0114	0.0011	0.0431	0.0359	0.0489
16	76	0.0344	8	0	0	0	1	0	0	0	0	N	N	N	N	N	N	N	N	N	N	N	N	0.0602	0.0000	0.1565	0.0520	0.0000	6.3874	0.0546	0.1661	0.2613	0.0000	1.7429	0.0009	0.0000	0.0256	0.2957	0.0000	1.7917	4.3433	0.0058	11.1356	0.0174	0.0182	0.0040	5.4163	0.0000	10.7870	inf	1268.2873	0.0223	0.7688	5.0907	7.0044	19.6153	20.1113	0.0493	0.0000	0.0493	0.0000	0.0000	0.0000	0.0493	0.0000	0.0493	1.9997	0.0016	1.9981	0.0016	0.0016	0.0000	1.9981	0.0000	1.9981	0.1886	0.1603	0.0283	0.0220	0.0213	0.0008	0.1666	0.1391	0.0275	0.4604	0.2702	0.1902	0.0915	0.0865	0.0050	0.3689	0.1837	0.1852	0.0602	0.0000	0.1659	0.0520	0.0000	6.3874	0.0546	0.0000	0.1661	4.3433	0.0058	10.5040	0.0174	0.0182	0.0040	5.4163	0.0000	10.7870	
16	77	0.0366	8	0	1	0	1	0	0	0	0	N	N	N	N	N	N	N	N	N	N	N	N	31.4176	0.0000	1602374.3958	0.0000	0.0000	0.0000	775.0088	0.0000	1930065.3586	0.1262	0.0000	0.6486	0.0000	0.0000	0.0000	0.1455	0.0000	0.6549	0.0040	0.0068	0.0000	0.0195	0.0210	0.0000	0.0002	0.0004	0.0000	1749342.1736	0.0000	0.0145	-0.0010	5.0907	8.6571	19.6153	16.0761	0.0322	0.0000	0.0322	0.0000	0.0000	0.0000	0.0322	0.0000	0.0322	0.0016	0.0016	0.0000	0.0015	0.0015	0.0000	0.0001	0.0001	0.0000	0.2551	0.2055	0.0496	0.0339	0.0334	0.0005	0.2212	0.1721	0.0491	0.4006	0.2378	0.1629	0.0796	0.0739	0.0057	0.3210	0.1639	0.1572	31.4176	0.0000	1602374.3958	0.0000	0.0000	0.0000	775.0088	0.0000	1930065.3586	0.0040	0.0068	0.0000	0.0195	0.0210	0.0000	0.0002	0.0004	0.0000
16	78	0.0362	7	0	1	0	1	0	0	0	0	N	N	N	N	N	N	N	N	N	N	N	N	523.5278	0.1799	4942.5044	0.4794	0.6687	0.0000	1033.8184	0.0000	17884.2976	1.1454	0.0004	7.9027	0.0016	0.0016	0.0000	1.5126	0.0000	8.1932	0.0022	0.0025	0.0016	0.0032	0.0024	0.0768	0.0015	0.0026	0.0005	3024.2745	0.3018	0.0075	-0.0001	5.0907	0.3645	19.6153	1.9845	0.0166	0.0000	0.0165	0.0000	0.0000	0.0000	0.0165	0.0000	0.0165	0.0003	0.0002	0.0001	0.0002	0.0001	0.0001	0.0001	0.0001	0.0000	0.0145	0.0124	0.0021	0.0035	0.0034	0.0001	0.0109	0.0089	0.0020	0.1375	0.0939	0.0436	0.0558	0.0551	0.0007	0.0817	0.0388	0.0430	523.5278	0.1799	4942.5044	0.4794	0.6687	0.0000	1033.8184	0.0000	17884.2976	0.0022	0.0025	0.0016	0.0032	0.0024	0.0768	0.0015	0.0026	0.0005
16	79	0.0268	6	0	0	0	1	0	0	0	0	N	N	N	N	N	N	N	N	N	N	N	N	0.0031	0.0000	0.0191	0.0029	0.0024	0.0027	0.0030	0.0000	0.0195	0.0161	0.0002	0.1144	0.0001	0.0001	0.0033	0.0190	0.0003	0.1175	5.1964	4.7049	5.9902	0.0474	0.0222	1.2540	6.3773	6.6726	6.0381	79.6073	0.7883	0.0006	-0.3109	5.0907	2.9108	19.6153	14.2456	0.0014	0.0000	0.0014	0.0000	0.0000	0.0000	0.0014	0.0000	0.0014	1.7875	0.9996	0.7879	0.0030	0.0014	0.0017	1.7845	0.9982	0.7863	0.0882	0.0759	0.0123	0.0135	0.0131	0.0003	0.0747	0.0628	0.0119	0.3440	0.2125	0.1315	0.0642	0.0629	0.0013	0.2798	0.1496	0.1302	0.0031	0.0000	0.0191	0.0029	0.0024	0.0027	0.0030	0.0000	0.0195	5.1964	4.7049	5.9902	0.0474	0.0222	1.2540	6.3773	6.6726	6.0381
16	82	0.0501	11	0	1	0	1	0	0	0	0	N	N	N	N	N	N	N	N	N	N	N	N	27.7048	0.2718	139304.3590	0.7057	0.6832	3.2558	1876.8087	0.1999	138706.5837	0.2160	0.0034	1.4328	0.0161	0.0174	0.0000	0.2590	0.0001	1.5664	0.0078	0.0125	0.0000	0.0228	0.0254	0.0000	0.0001	0.0003	0.0000	73.8350	0.0005	0.0217	-0.0033	5.0907	7.9116	19.6153	21.1247	0.0494	0.0007	0.0487	0.0007	0.0007	0.0000	0.0487	0.0000	0.0487	0.0053	0.0053	0.0000	0.0053	0.0053	0.0000	0.0001	0.0001	0.0000	0.2287	0.1947	0.0340	0.0405	0.0376	0.0029	0.1882	0.1571	0.0311	0.6844	0.4276	0.2568	0.2310	0.2077	0.0234	0.4533	0.2199	0.2334	27.7048	0.2718	139304.3590	0.7057	0.6832	3.2558	1876.8087	0.1999	138706.5837	0.0078	0.0125	0.0000	0.0228	0.0254	0.0000	0.0001	0.0003	0.0000
16	83	0.0680	12	1	1	0	1	0	0	0	0	N	N	N	N	N	N	N	N	N	N	N	N	0.0000	0.0000	0.0000	0.0000	0.0000	0.0000	0.0000	0.0000	0.0000	0.0000	0.0000	0.0000	0.0000	0.0000	0.0000	0.0000	0.0000	0.0000	0.0000	0.0000	5.0907	0.0000	19.6153	1.8333	0.0000	0.0000	0.0000	0.0000	0.0000	0.0000	0.0000	0.0000	0.0000	0.0000	0.0000	0.0000	0.0000	0.0000	0.0000	0.0000	0.0000	0.0000	0.0000	0.0000	0.0000	0.0000	0.0000	0.0000	0.0000	0.0000	0.0000	0.0456	0.0294	0.0161	0.0146	0.0139	0.0007	0.0310	0.0156	0.0154	0.0000	0.0000	0.0000	0.0000	0.0000	0.0000	0.0000	0.0000	0.0000	0.0000	0.0000	0.0000	0.0000	0.0000	0.0000	0.0000	0.0000	0.0000											
16	84	0.0501	11	1	1	0	1	0	0	0	0	N	N	N	N	N	N	N	N	N	N	N	N	2.3433	13328.8477	0.0000	44.7802	86.6231	0.0001	1.7976	7362587.9963	0.0000	4.1520	4.8779	0.0000	0.0555	0.0600	0.0000	5.0797	6.0873	0.0000	1.7719	0.0004	4.8177	0.0012	0.0007	0.0059	2.8258	0.0000	5.3940	0.0000	7656.8589	-0.4639	0.3836	5.0907	6.9552	19.6153	13.1226	0.8463	0.8463	0.0000	0.0021	0.0021	0.0000	0.8442	0.8442	0.0000	0.9959	0.0001	0.9958	0.0003	0.0001	0.0001	0.9957	0.0000	0.9957	0.2038	0.1735	0.0303	0.0376	0.0348	0.0028	0.1662	0.1387	0.0275	0.5621	0.3554	0.2067	0.2097	0.1876	0.0221	0.3523	0.1678	0.1846	2.3433	13328.8477	0.0000	44.7802	86.6231	0.0001	1.7976	7362587.9963	0.0000	1.7719	0.0004	4.8177	0.0012	0.0007	0.0059	2.8258	0.0000	5.3940
16	85	0.0470	10	0	1	0	1	0	0	0	0	N	N	N	N	N	N	N	N	N	N	N	N	0.0371	0.0439	0.0247	0.0323	0.0320	0.0537	0.0377	0.0357	0.0271	0.0550	0.0568	0.0439	0.0085	0.0087	0.0047	0.0789	0.0850	0.0504	1.4810	1.2937	1.7793	0.2635	0.2732	0.0866	2.0919	2.3812	1.8585	0.1214	0.8634	-0.0003	-0.0420	5.0907	0.3374	19.6153	6.1146	0.0007	0.0007	0.0001	0.0000	0.0000	0.0000	0.0007	0.0006	0.0001	0.2773	0.1488	0.1285	0.0165	0.0162	0.0003	0.2608	0.1326	0.1282	0.0135	0.0117	0.0018	0.0046	0.0043	0.0003	0.0090	0.0074	0.0016	0.1872	0.1150	0.0722	0.0626	0.0593	0.0032	0.1247	0.0557	0.0690	0.0371	0.0439	0.0247	0.0323	0.0320	0.0537	0.0377	0.0357	0.0271	1.4810	1.2937	1.7793	0.2635	0.2732	0.0866	2.0919	2.3812	1.8585
16	86	0.0470	10	0	1	0	1	0	0	0	0	N	N	N	N	N	N	N	N	N	N	N	N	0.0059	0.0023	41.2071	0.0065	0.0061	9.0641	1.4689	0.0001	49.1008	0.0002	0.0002	0.0008	0.0011	0.0011	0.0009	0.0001	0.0000	0.0007	0.0411	0.0682	0.0000	0.1653	0.1757	0.0001	0.0001	0.0002	0.0000	0.8507	0.0002	-0.0000	-0.0115	5.0907	11.0342	19.6153	12.7513	0.0001	0.0000	0.0000	0.0000	0.0000	0.0000	0.0000	0.0000	0.0000	0.0186	0.0186	0.0000	0.0186	0.0186	0.0000	0.0000	0.0000	0.0000	0.2965	0.2525	0.0440	0.0375	0.0361	0.0014	0.2590	0.2163	0.0426	0.4540	0.2734	0.1806	0.1126	0.1059	0.0066	0.3415	0.1675	0.1740	0.0059	0.0023	41.2071	0.0065	0.0061	9.0641	1.4689	0.0001	49.1008	0.0411	0.0682	0.0000	0.1653	0.1757	0.0001	0.0001	0.0002	0.0000
16	87	0.0394	9	0	1	0	1	0	0	0	0	N	N	N	N	N	N	N	N	N	N	N	N	0.0500	0.0008	0.5351	0.0944	0.0007	12.2292	0.0433	0.0006	0.5122	0.0048	0.0001	0.0311	0.0015	0.0000	0.0417	0.0052	0.0001	0.0308	0.0949	0.1210	0.0580	0.0158	0.0166	0.0034	0.1196	0.1852	0.0600	58.4925	0.3392	0.0002	-0.0069	5.0907	3.9739	19.6153	6.2820	0.0005	0.0000	0.0005	0.0000	0.0000	0.0000	0.0005	0.0000	0.0005	0.0191	0.0143	0.0048	0.0008	0.0007	0.0000	0.0184	0.0135	0.0048	0.1083	0.0920	0.0163	0.0127	0.0122	0.0004	0.0957	0.0798	0.0158	0.2016	0.1181	0.0835	0.0479	0.0449	0.0030	0.1538	0.0732	0.0806	0.0500	0.0008	0.5351	0.0944	0.0007	12.2292	0.0433	0.0006	0.5122	0.0949	0.1210	0.0580	0.0158	0.0166	0.0034	0.1196	0.1852	0.0600
16	88	0.0344	8	0	1	0	1	0	0	0	0	N	N	N	N	N	N	N	N	N	N	N	N	1.8460	0.0000	26.0471	1.6739	0.0000	646.9721	1.6414	0.0000	25.2735	0.0096	0.0000	0.0637	0.0031	0.0000	0.0863	0.0105	0.0000	0.0631	0.0052	0.0071	0.0024	0.0018	0.0019	0.0001	0.0064	0.0109	0.0025	inf	0.2342	0.0000	-0.0003	5.0907	0.0056	19.6153	5.7021	0.0000	0.0000	0.0000	0.0000	0.0000	0.0000	0.0000	0.0000	0.0000	0.0007	0.0005	0.0001	0.0001	0.0001	0.0000	0.0006	0.0005	0.0001	0.0002	0.0001	0.0000	0.0000	0.0000	0.0000	0.0001	0.0001	0.0000	0.1278	0.0761	0.0517	0.0329	0.0319	0.0011	0.0949	0.0442	0.0506	1.8460	0.0000	26.0471	1.6739	0.0000	646.9721	1.6414	0.0000	25.2735	0.0052	0.0071	0.0024	0.0018	0.0019	0.0001	0.0064	0.0109	0.0025
16	92	0.1228	12	0	0	0	1	0	0	0	0	N	N	N	N	N	N	N	N	N	N	N	N	0.7511	17.3246	0.0000	3.6546	5.4829	0.0001	0.5360	7873.9509	0.0000	1.2057	1.3958	0.0000	0.7791	0.8224	0.0000	1.3124	1.5572	0.0000	1.6051	0.0806	4.2686	0.2132	0.1500	0.8110	2.4486	0.0002	4.6490	0.0000	30.3246	-0.4499	0.6581	5.0907	24.8682	19.6153	39.8855	0.8206	0.8206	0.0000	0.1062	0.1062	0.0000	0.7145	0.7145	0.0000	1.8627	0.0595	1.8032	0.0934	0.0594	0.0340	1.7693	0.0001	1.7692	0.6807	0.5879	0.0927	0.1362	0.1291	0.0072	0.5444	0.4588	0.0856	1.1605	0.7380	0.4224	0.4379	0.3960	0.0419	0.7226	0.3420	0.3806	0.7511	17.3246	0.0000	3.6546	5.4829	0.0001	0.5360	7873.9509	0.0000	1.6051	0.0806	4.2686	0.2132	0.1500	0.8110	2.4486	0.0002	4.6490
17	18	0.0809	5	1	1	1	0	0	0	0	0	N	N	N	N	N	N	N	N	N	N	N	N	0.0000	0.0000	0.0000	0.0000	0.0000	0.0000	0.0000	0.0000	0.0000	0.0000	0.0000	0.0000	0.0000	0.0000	0.0000	0.0000	0.0007	0.0011	0.0000	0.0016	0.0018	0.0000	0.0000	0.0000	0.0000	0.0008	0.0000	-0.0000	1.0000	0.0005	1.0003	9.9413	0.0000	0.0000	0.0000	0.0000	0.0000	0.0000	0.0000	0.0000	0.0000	0.0000	0.0000	0.0000	0.0000	0.0000	0.0000	0.0000	0.0000	0.0000	0.0029	0.0027	0.0002	0.0015	0.0015	0.0000	0.0014	0.0012	0.0002	0.0312	0.0214	0.0098	0.0137	0.0124	0.0014	0.0175	0.0091	0.0084	0.0000	0.0000	0.0000	0.0000	0.0000	0.0000	0.0000	0.0000	0.0000	0.0007	0.0011	0.0000	0.0016	0.0018	0.0000	0.0000	0.0000	0.0000			
17	19	0.0381	4	2	1	1	0	0	0	0	0	Y	N	N	N	N	N	N	N	N	N	N	N	0.0000	0.0000	0.0000	0.0000	0.0000	0.0000	0.0000	0.0000	0.0000	0.0000	0.0000	0.0000	0.0000	0.0000	0.0000	0.0000	0.0000	0.0010	0.0012	0.0006	0.0040	0.0042	0.0000	0.0003	0.0000	0.0006	0.3818	0.0000	-0.0000	1.0000	4.7901	1.0003	15.0000	0.0000	0.0000	0.0000	0.0000	0.0000	0.0000	0.0000	0.0000	0.0000	0.0000	0.0000	0.0000	0.0000	0.0000	0.0000	0.0000	0.0000	0.0000	0.0230	0.0194	0.0036	0.0012	0.0011	0.0001	0.0218	0.0183	0.0036	0.0297	0.0169	0.0127	0.0051	0.0049	0.0002	0.0246	0.0121	0.0125	0.0000	0.0000	0.0000	0.0000	0.0000	0.0000	0.0000	0.0000	0.0000	0.0010	0.0012	0.0006	0.0040	0.0042	0.0000	0.0003	0.0000	0.0006		
17	20	0.0352	3	2	1	1	0	0	0	0	0	Y	N	N	N	N	N	N	N	N	N	N	N	0.0000	0.0000	0.0000	0.0000	0.0000	0.0000	0.0000	0.0000	0.0000	0.0000	0.0000	0.0000	0.0000	0.0000	0.0000	0.0000	0.0000	0.0033	0.0004	0.0070	0.0014	0.0015	0.0000	0.0037	0.0000	0.0071	13.3929	0.0000	0.0000	1.0000	1.2170	1.0003	3.4655	0.0000	0.0000	0.0000	0.0000	0.0000	0.0000	0.0000	0.0000	0.0000	0.0000	0.0000	0.0000	0.0000	0.0000	0.0000	0.0000	0.0000	0.0000	0.0058	0.0048	0.0009	0.0002	0.0002	0.0000	0.0056	0.0047	0.0009	0.0073	0.0041	0.0032	0.0012	0.0011	0.0000	0.0061	0.0030	0.0032	0.0000	0.0000	0.0000	0.0000	0.0000	0.0000	0.0000	0.0000	0.0000	0.0033	0.0004	0.0070	0.0014	0.0015	0.0000	0.0037	0.0000	0.0071		
17	21	0.0484	5	1	1	1	0	0	0	0	0	N	N	N	N	N	N	N	N	N	N	N	N	0.0000	0.0000	0.0000	0.0000	0.0000	0.0000	0.0000	0.0000	0.0000	0.0000	0.0000	0.0000	0.0000	0.0011	0.0021	0.0000	0.0053	0.0064	0.0000	0.0000	0.0000	0.0000	0.0000	0.0000	-0.0000	1.0000	2.0000	1.0003	11.9921	0.0000	0.0000	0.0000	0.0000	0.0000	0.0000	0.0000	0.0000	0.0000	0.0000	0.0000	0.0000	0.0000	0.0000	0.0000	0.0000	0.0000	0.0000	0.0093	0.0078	0.0015	0.0003	0.0003	0.0000	0.0090	0.0075	0.0015	0.0177	0.0096	0.0081	0.0038	0.0032	0.0006	0.0139	0.0064	0.0075	0.0000	0.0000	0.0000	0.0000	0.0000	0.0000	0.0000	0.0000	0.0000	0.0011	0.0021	0.0000	0.0053	0.0064	0.0000	0.0000	0.0000	0.0000						
17	22	0.0352	3	1	1	1	0	0	0	0	0	N	N	N	N	N	N	N	N	N	N	N	N	0.0000	0.0000	0.0000	0.0000	0.0000	0.0000	0.0000	0.0000	0.0000	0.0000	0.0000	0.0000	0.0000	0.0000	0.0000	0.0000	0.0000	0.0023	0.0036	0.0009	0.0097	0.0104	0.0000	0.0015	0.0021	0.0009	0.2272	0.0000	-0.0000	1.0000	2.9966	1.0003	14.0927	0.0000	0.0000	0.0000	0.0000	0.0000	0.0000	0.0000	0.0000	0.0000	0.0001	0.0000	0.0000	0.0000	0.0000	0.0000	0.0000	0.0000	0.0000	0.0140	0.0118	0.0022	0.0004	0.0004	0.0000	0.0136	0.0114	0.0022	0.0219	0.0115	0.0104	0.0022	0.0020	0.0002	0.0197	0.0094	0.0102	0.0000	0.0000	0.0000	0.0000	0.0000	0.0000	0.0000	0.0000	0.0000	0.0023	0.0036	0.0009	0.0097	0.0104	0.0000	0.0015	0.0021	0.0009		
17	23	0.0987	10	1	1	2	1	0	0	0	0	N	N	Y	N	N	N	N	N	N	N	N	N	0.0000	0.0000	0.0000	0.0000	0.0000	0.0000	0.0000	0.0000	0.0000	0.0000	0.0000	0.0000	0.0000	0.0000	0.0000	0.0000	0.0000	0.0000	0.0000	0.0000	1.0000	0.3092	1.0003	0.1355	0.0000	0.0000	0.0000	0.0000	0.0000	0.0000	0.0000	0.0000	0.0000	0.0000	0.0000	0.0000	0.0000	0.0000	0.0000	0.0000	0.0000	0.0000	0.0025	0.0021	0.0004	0.0007	0.0007	0.0000	0.0018	0.0014	0.0004	0.0010	0.0006	0.0004	0.0003	0.0003	0.0000	0.0006	0.0003	0.0003	0.0000	0.0000	0.0000	0.0000	0.0000	0.0000	0.0000	0.0000	0.0000	0.0000	0.0000	0.0000	0.0000	0.0000	0.0000	0.0000	0.0000	0.0000											
17	24	0.0881	9	1	0	1	1	0	0	0	0	N	N	N	N	N	N	N	N	N	N	N	N	0.0000	0.0000	0.0000	0.0000	0.0000	0.0000	0.0000	0.0000	0.0000	0.0000	0.0000	0.0000	0.0000	0.0000	0.0000	0.0000	0.0000	0.0000	0.0000	0.0000	0.0000	0.0000	inf	0.0000	0.0000	1.0000	6.2779	1.0003	13.9173	0.0000	0.0000	0.0000	0.0000	0.0000	0.0000	0.0000	0.0000	0.0000	0.0000	0.0000	0.0000	0.0000	0.0000	0.0000	0.0000	0.0000	0.0000	0.0278	0.0238	0.0040	0.0035	0.0034	0.0002	0.0243	0.0204	0.0039	0.0216	0.0118	0.0098	0.0044	0.0038	0.0006	0.0172	0.0080	0.0092	0.0000	0.0000	0.0000	0.0000	0.0000	0.0000	0.0000	0.0000	0.0000	0.0000	0.0000	0.0000	0.0000	0.0000	0.0000	0.0000	0.0000	0.0000						
17	25	0.0771	6	1	1	1	0	0	0	0	0	N	N	N	N	N	N	N	N	N	N	N	N	0.0000	0.0000	0.0000	0.0000	0.0000	0.0000	0.0000	0.0000	0.0000	0.0000	0.0000	0.0000	0.0000	0.0000	0.0000	0.0000	0.0003	0.0005	0.0000	0.0011	0.0012	0.0000	0.0000	0.0000	0.0000	0.0012	0.0000	-0.0000	1.0000	3.8932	1.0003	15.3303	0.0000	0.0000	0.0000	0.0000	0.0000	0.0000	0.0000	0.0000	0.0000	0.0000	0.0000	0.0000	0.0000	0.0000	0.0000	0.0000	0.0000	0.0000	0.0209	0.0179	0.0030	0.0028	0.0027	0.0001	0.0181	0.0152	0.0030	0.0308	0.0190	0.0119	0.0091	0.0084	0.0007	0.0217	0.0106	0.0112	0.0000	0.0000	0.0000	0.0000	0.0000	0.0000	0.0000	0.0000	0.0000	0.0003	0.0005	0.0000	0.0011	0.0012	0.0000	0.0000	0.0000	0.0000			
17	26	0.0829	8	1	1	1	1	0	0	0	0	N	N	N	N	N	N	N	N	N	N	N	N	0.0000	0.0000	0.0000	0.0000	0.0000	0.0000	0.0000	0.0000	0.0000	0.0000	0.0000	0.0000	0.0000	0.0003	0.0000	0.0007	0.0000	0.0000	0.0000	0.0004	0.0000	0.0007	inf	0.0000	0.0000	1.0000	4.2937	1.0003	9.5692	0.0000	0.0000	0.0000	0.0000	0.0000	0.0000	0.0000	0.0000	0.0000	0.0000	0.0000	0.0000	0.0000	0.0000	0.0000	0.0000	0.0000	0.0000	0.0254	0.0219	0.0035	0.0044	0.0043	0.0001	0.0210	0.0176	0.0034	0.0187	0.0104	0.0083	0.0046	0.0042	0.0005	0.0140	0.0062	0.0078	0.0000	0.0000	0.0000	0.0000	0.0000	0.0000	0.0000	0.0000	0.0000	0.0003	0.0000	0.0007	0.0000	0.0000	0.0000	0.0004	0.0000	0.0007						
17	27	0.0684	4	2	1	1	0	0	0	0	0	Y	N	N	N	N	N	N	N	N	N	N	N	0.0000	0.0000	0.0000	0.0000	0.0000	0.0000	0.0000	0.0000	0.0000	0.0000	0.0000	0.0000	0.0000	0.0004	0.0007	0.0000	0.0022	0.0026	0.0000	0.0000	0.0000	0.0000	0.0000	0.0000	-0.0000	1.0000	16.0000	1.0003	34.8566	0.0000	0.0000	0.0000	0.0000	0.0000	0.0000	0.0000	0.0000	0.0000	0.0000	0.0000	0.0000	0.0000	0.0000	0.0000	0.0000	0.0000	0.0000	0.0706	0.0596	0.0110	0.0049	0.0046	0.0003	0.0658	0.0550	0.0107	0.0548	0.0301	0.0247	0.0089	0.0077	0.0012	0.0459	0.0224	0.0235	0.0000	0.0000	0.0000	0.0000	0.0000	0.0000	0.0000	0.0000	0.0000	0.0004	0.0007	0.0000	0.0022	0.0026	0.0000	0.0000	0.0000	0.0000						
17	28	0.0982	12	1	0	2	0	0	0	0	0	N	N	Y	N	N	N	N	N	N	N	N	N	0.0000	0.0000	0.0000	0.0000	0.0000	0.0000	0.0000	0.0000	0.0000	0.0000	0.0000	0.0000	0.0000	0.0000	0.0000	0.0000	0.0000	0.0000	0.0000	0.0000	1.0000	0.0000	1.0003	3.0088	0.0000	0.0000	0.0000	0.0000	0.0000	0.0000	0.0000	0.0000	0.0000	0.0000	0.0000	0.0000	0.0000	0.0000	0.0000	0.0000	0.0000	0.0000	0.0000	0.0000	0.0000	0.0000	0.0000	0.0000	0.0000	0.0000	0.0000	0.0029	0.0015	0.0014	0.0008	0.0006	0.0002	0.0021	0.0009	0.0012	0.0000	0.0000	0.0000	0.0000	0.0000	0.0000	0.0000	0.0000	0.0000	0.0000	0.0000	0.0000	0.0000	0.0000	0.0000	0.0000	0.0000	0.0000											
17	29	0.0859	9	1	1	1	0	0	0	0	0	N	N	N	N	N	N	N	N	N	N	N	N	0.0000	0.0000	0.0000	0.0000	0.0000	0.0000	0.0000	0.0000	0.0000	0.0000	0.0000	0.0000	0.0000	0.0000	0.0000	0.0000	0.0005	0.0000	0.0010	0.0001	0.0001	0.0000	0.0006	0.0000	0.0011	15.7454	0.0000	0.0000	1.0000	5.0749	1.0003	14.8264	0.0000	0.0000	0.0000	0.0000	0.0000	0.0000	0.0000	0.0000	0.0000	0.0000	0.0000	0.0000	0.0000	0.0000	0.0000	0.0000	0.0000	0.0000	0.0241	0.0203	0.0038	0.0023	0.0021	0.0001	0.0219	0.0182	0.0036	0.0225	0.0129	0.0095	0.0053	0.0046	0.0007	0.0172	0.0084	0.0088	0.0000	0.0000	0.0000	0.0000	0.0000	0.0000	0.0000	0.0000	0.0000	0.0005	0.0000	0.0010	0.0001	0.0001	0.0000	0.0006	0.0000	0.0011			
17	30	0.0352	3	2	0	2	0	0	0	0	0	Y	N	Y	N	N	N	N	N	N	N	N	N	0.0000	0.0000	0.0000	0.0000	0.0000	0.0000	0.0000	0.0000	0.0000	0.0000	0.0000	0.0000	0.0000	0.0000	0.0000	0.0000	0.0012	0.0015	0.0007	0.0085	0.0092	0.0000	0.0004	0.0000	0.0008	0.4406	0.0000	-0.0000	1.0000	5.9956	1.0003	15.0927	0.0000	0.0000	0.0000	0.0000	0.0000	0.0000	0.0000	0.0000	0.0000	0.0000	0.0000	0.0000	0.0000	0.0000	0.0000	0.0000	0.0000	0.0000	0.0276	0.0232	0.0044	0.0008	0.0007	0.0001	0.0268	0.0225	0.0044	0.0263	0.0137	0.0126	0.0025	0.0023	0.0002	0.0238	0.0114	0.0124	0.0000	0.0000	0.0000	0.0000	0.0000	0.0000	0.0000	0.0000	0.0000	0.0012	0.0015	0.0007	0.0085	0.0092	0.0000	0.0004	0.0000	0.0008			
17	31	0.0881	9	1	1	1	0	0	0	0	0	N	N	N	N	N	N	N	N	N	N	N	N	0.0000	0.0000	0.0000	0.0000	0.0000	0.0000	0.0000	0.0000	0.0000	0.0000	0.0000	0.0000	0.0000	0.0000	0.0000	0.0001	0.0000	0.0000	0.0000	0.0000	0.0000	0.0001	inf	0.0000	0.0000	1.0000	1.4218	1.0003	7.0463	0.0000	0.0000	0.0000	0.0000	0.0000	0.0000	0.0000	0.0000	0.0000	0.0000	0.0000	0.0000	0.0000	0.0000	0.0000	0.0000	0.0000	0.0000	0.0082	0.0071	0.0011	0.0016	0.0015	0.0000	0.0066	0.0055	0.0011	0.0102	0.0056	0.0046	0.0022	0.0019	0.0003	0.0080	0.0037	0.0043	0.0000	0.0000	0.0000	0.0000	0.0000	0.0000	0.0000	0.0000	0.0000	0.0000	0.0000	0.0001	0.0000	0.0000	0.0000	0.0000	0.0000	0.0001						
17	32	0.0829	8	1	0	1	0	0	0	0	0	N	N	N	N	N	N	N	N	N	N	N	N	0.0000	0.0000	0.0000	0.0000	0.0000	0.0000	0.0000	0.0000	0.0000	0.0000	0.0000	0.0000	0.0000	0.0000	0.0000	0.0000	0.0009	0.0000	0.0019	0.0001	0.0001	0.0000	0.0012	0.0000	0.0021	48.7191	0.0000	0.0000	1.0000	4.3312	1.0003	5.5221	0.0000	0.0000	0.0000	0.0000	0.0000	0.0000	0.0000	0.0000	0.0000	0.0000	0.0000	0.0000	0.0000	0.0000	0.0000	0.0000	0.0000	0.0000	0.0256	0.0220	0.0036	0.0044	0.0043	0.0001	0.0212	0.0177	0.0034	0.0144	0.0081	0.0063	0.0038	0.0035	0.0003	0.0106	0.0046	0.0060	0.0000	0.0000	0.0000	0.0000	0.0000	0.0000	0.0000	0.0000	0.0000	0.0009	0.0000	0.0019	0.0001	0.0001	0.0000	0.0012	0.0000	0.0021			
17	33	0.0804	7	1	0	1	0	0	0	0	0	N	N	N	N	N	N	N	N	N	N	N	N	0.0000	0.0000	0.0000	0.0000	0.0000	0.0000	0.0000	0.0000	0.0000	0.0000	0.0000	0.0000	0.0000	0.0000	0.0000	0.0000	0.0060	0.0000	0.0142	0.0000	0.0000	0.0000	0.0080	0.0000	0.0153	1950.0666	0.0000	0.0000	1.0000	4.2685	1.0003	3.7703	0.0000	0.0000	0.0000	0.0000	0.0000	0.0000	0.0000	0.0000	0.0000	0.0001	0.0000	0.0001	0.0000	0.0000	0.0000	0.0001	0.0000	0.0001	0.0234	0.0200	0.0033	0.0035	0.0034	0.0001	0.0199	0.0167	0.0032	0.0095	0.0054	0.0040	0.0023	0.0020	0.0003	0.0072	0.0035	0.0037	0.0000	0.0000	0.0000	0.0000	0.0000	0.0000	0.0000	0.0000	0.0000	0.0060	0.0000	0.0142	0.0000	0.0000	0.0000	0.0080	0.0000	0.0153			
17	34	0.0352	3	2	0	2	0	0	0	0	0	Y	N	Y	N	N	N	N	N	N	N	N	N	0.0000	0.0000	0.0000	0.0000	0.0000	0.0000	0.0000	0.0000	0.0000	0.0000	0.0000	0.0000	0.0000	0.0000	0.0000	0.0000	0.0004	0.0001	0.0008	0.0005	0.0006	0.0000	0.0004	0.0000	0.0008	7.2435	0.0000	0.0000	1.0000	4.9966	1.0003	15.0870	0.0000	0.0000	0.0000	0.0000	0.0000	0.0000	0.0000	0.0000	0.0000	0.0000	0.0000	0.0000	0.0000	0.0000	0.0000	0.0000	0.0000	0.0000	0.0231	0.0194	0.0037	0.0007	0.0006	0.0000	0.0225	0.0188	0.0037	0.0252	0.0132	0.0120	0.0024	0.0022	0.0002	0.0228	0.0109	0.0118	0.0000	0.0000	0.0000	0.0000	0.0000	0.0000	0.0000	0.0000	0.0000	0.0004	0.0001	0.0008	0.0005	0.0006	0.0000	0.0004	0.0000	0.0008			
17	35	0.0982	12	1	1	1	0	0	0	0	0	N	N	N	N	N	N	N	N	N	N	N	N	0.0000	0.0000	0.0000	0.0000	0.0000	0.0000	0.0000	0.0000	0.0000	0.0000	0.0000	0.0000	0.0000	0.0000	0.0000	0.0000	0.0000	0.0000	0.0000	0.0000	1.0000	1.0000	1.0003	1.0102	0.0000	0.0000	0.0000	0.0000	0.0000	0.0000	0.0000	0.0000	0.0000	0.0000	0.0000	0.0000	0.0000	0.0000	0.0000	0.0000	0.0000	0.0000	0.0038	0.0032	0.0005	0.0004	0.0003	0.0000	0.0034	0.0029	0.0005	0.0020	0.0010	0.0009	0.0006	0.0004	0.0001	0.0014	0.0006	0.0008	0.0000	0.0000	0.0000	0.0000	0.0000	0.0000	0.0000	0.0000	0.0000	0.0000	0.0000	0.0000	0.0000	0.0000	0.0000	0.0000	0.0000	0.0000											
17	36	0.0982	11	1	0	1	0	0	0	0	0	N	N	N	N	N	N	N	N	N	N	N	N	0.0000	0.0000	0.0000	0.0000	0.0000	0.0000	0.0000	0.0000	0.0000	0.0000	0.0000	0.0000	0.0000	0.0000	0.0000	0.0000	0.0000	0.0000	0.0000	0.0000	1.0000	0.0000	1.0003	0.0263	0.0000	0.0000	0.0000	0.0000	0.0000	0.0000	0.0000	0.0000	0.0000	0.0000	0.0000	0.0000	0.0000	0.0000	0.0000	0.0000	0.0000	0.0000	0.0000	0.0000	0.0000	0.0000	0.0000	0.0000	0.0000	0.0000	0.0000	0.0001	0.0000	0.0000	0.0000	0.0000	0.0000	0.0000	0.0000	0.0000	0.0000	0.0000	0.0000	0.0000	0.0000	0.0000	0.0000	0.0000	0.0000	0.0000	0.0000	0.0000	0.0000	0.0000	0.0000	0.0000	0.0000	0.0000											
17	37	0.0022	2	2	1	2	0	0	0	0	0	Y	N	Y	N	N	N	N	N	N	N	N	N	0.0000	0.0000	0.0000	0.0000	0.0000	0.0000	0.0000	0.0000	0.0000	0.0000	0.0000	0.0000	0.0000	0.0000	0.0000	0.0000	0.0151	0.0323	0.0000	23.4914	23.5106	0.0000	0.0000	0.0000	0.0000	0.0001	0.0000	-0.0001	1.0000	3.0000	1.0003	5.0002	0.0000	0.0000	0.0000	0.0000	0.0000	0.0000	0.0000	0.0000	0.0000	0.0002	0.0002	0.0000	0.0002	0.0002	0.0000	0.0000	0.0000	0.0000	0.0159	0.0133	0.0026	0.0000	0.0000	0.0000	0.0159	0.0133	0.0026	0.0112	0.0053	0.0060	0.0000	0.0000	0.0000	0.0112	0.0053	0.0060	0.0000	0.0000	0.0000	0.0000	0.0000	0.0000	0.0000	0.0000	0.0000	0.0151	0.0323	0.0000	23.4914	23.5106	0.0000	0.0000	0.0000	0.0000			
17	38	0.1020	8	2	1	1	0	0	0	0	0	Y	N	N	N	N	N	N	N	N	N	N	N	0.0000	0.0000	0.0000	0.0000	0.0000	0.0000	0.0000	0.0000	0.0000	0.0000	0.0000	0.0000	0.0000	0.0000	0.0000	0.0000	0.0000	0.0000	0.0000	0.0000	1.0000	0.0001	1.0003	0.1668	0.0000	0.0000	0.0000	0.0000	0.0000	0.0000	0.0000	0.0000	0.0000	0.0000	0.0000	0.0000	0.0000	0.0000	0.0000	0.0000	0.0000	0.0000	0.0000	0.0000	0.0000	0.0000	0.0000	0.0000	0.0000	0.0000	0.0000	0.0019	0.0014	0.0005	0.0009	0.0009	0.0000	0.0010	0.0006	0.0004	0.0000	0.0000	0.0000	0.0000	0.0000	0.0000	0.0000	0.0000	0.0000	0.0000	0.0000	0.0000	0.0000	0.0000	0.0000	0.0000	0.0000	0.0000											
17	39	0.0897	11	1	0	1	1	0	0	0	0	N	N	N	N	N	N	N	N	N	N	N	N	0.0000	0.0000	0.0000	0.0000	0.0000	0.0000	0.0000	0.0000	0.0000	0.0000	0.0000	0.0000	0.0000	0.0000	0.0000	0.0000	0.0002	0.0004	0.0000	0.0007	0.0007	0.0000	0.0000	0.0000	0.0000	0.0043	0.0000	-0.0000	1.0000	1.7673	1.0003	9.0239	0.0000	0.0000	0.0000	0.0000	0.0000	0.0000	0.0000	0.0000	0.0000	0.0000	0.0000	0.0000	0.0000	0.0000	0.0000	0.0000	0.0000	0.0000	0.0146	0.0129	0.0017	0.0055	0.0054	0.0001	0.0091	0.0075	0.0016	0.0203	0.0134	0.0069	0.0070	0.0066	0.0004	0.0133	0.0068	0.0065	0.0000	0.0000	0.0000	0.0000	0.0000	0.0000	0.0000	0.0000	0.0000	0.0002	0.0004	0.0000	0.0007	0.0007	0.0000	0.0000	0.0000	0.0000			
17	40	0.0873	10	1	0	1	1	0	0	0	0	N	N	N	N	N	N	N	N	N	N	N	N	0.0000	0.0000	0.0000	0.0000	0.0000	0.0000	0.0000	0.0000	0.0000	0.0000	0.0000	0.0000	0.0000	0.0000	0.0000	0.0000	0.0020	0.0008	0.0035	0.0017	0.0019	0.0000	0.0021	0.0000	0.0038	3.4114	0.0000	0.0000	1.0000	3.4690	1.0003	3.7419	0.0000	0.0000	0.0000	0.0000	0.0000	0.0000	0.0000	0.0000	0.0000	0.0000	0.0000	0.0000	0.0000	0.0000	0.0000	0.0000	0.0000	0.0000	0.0201	0.0174	0.0027	0.0050	0.0048	0.0002	0.0151	0.0125	0.0025	0.0095	0.0054	0.0041	0.0025	0.0022	0.0003	0.0069	0.0032	0.0038	0.0000	0.0000	0.0000	0.0000	0.0000	0.0000	0.0000	0.0000	0.0000	0.0020	0.0008	0.0035	0.0017	0.0019	0.0000	0.0021	0.0000	0.0038			
17	41	0.0537	8	1	1	2	0	0	0	0	0	N	N	Y	N	N	N	N	N	N	N	N	N	0.0000	0.0000	0.0000	0.0000	0.0000	0.0000	0.0000	0.0000	0.0000	0.0000	0.0000	0.0000	0.0000	0.0000	0.0000	0.0000	0.0000	0.0000	0.0001	0.0000	0.0000	0.0000	0.0001	0.0000	0.0001	79.8140	0.0000	0.0000	1.0000	0.9997	1.0003	10.1790	0.0000	0.0000	0.0000	0.0000	0.0000	0.0000	0.0000	0.0000	0.0000	0.0000	0.0000	0.0000	0.0000	0.0000	0.0000	0.0000	0.0000	0.0000	0.0053	0.0045	0.0009	0.0002	0.0002	0.0000	0.0052	0.0043	0.0009	0.0218	0.0132	0.0086	0.0063	0.0057	0.0006	0.0155	0.0075	0.0079	0.0000	0.0000	0.0000	0.0000	0.0000	0.0000	0.0000	0.0000	0.0000	0.0000	0.0000	0.0001	0.0000	0.0000	0.0000	0.0001	0.0000	0.0001			
17	42	0.0526	7	1	1	1	0	0	0	0	0	N	N	N	N	N	N	N	N	N	N	N	N	0.0000	0.0000	0.0000	0.0000	0.0000	0.0000	0.0000	0.0000	0.0000	0.0000	0.0000	0.0000	0.0000	0.0000	0.0000	0.0000	0.0012	0.0008	0.0018	0.0016	0.0017	0.0000	0.0011	0.0000	0.0019	1.6169	0.0000	0.0000	1.0000	0.0007	1.0003	0.9413	0.0000	0.0000	0.0000	0.0000	0.0000	0.0000	0.0000	0.0000	0.0000	0.0000	0.0000	0.0000	0.0000	0.0000	0.0000	0.0000	0.0000	0.0000	0.0000	0.0000	0.0000	0.0000	0.0000	0.0000	0.0000	0.0000	0.0000	0.0021	0.0012	0.0009	0.0006	0.0006	0.0001	0.0015	0.0006	0.0008	0.0000	0.0000	0.0000	0.0000	0.0000	0.0000	0.0000	0.0000	0.0000	0.0012	0.0008	0.0018	0.0016	0.0017	0.0000	0.0011	0.0000	0.0019			
17	43	0.0352	3	2	0	2	0	0	0	0	0	Y	N	Y	N	N	N	N	N	N	N	N	N	0.0000	0.0000	0.0000	0.0000	0.0000	0.0000	0.0000	0.0000	0.0000	0.0000	0.0000	0.0000	0.0000	0.0000	0.0000	0.0000	0.0000	0.0000	0.0000	0.0000	1.0000	1.9995	1.0003	12.0029	0.0000	0.0000	0.0000	0.0000	0.0000	0.0000	0.0000	0.0000	0.0000	0.0000	0.0000	0.0000	0.0000	0.0000	0.0000	0.0000	0.0000	0.0000	0.0094	0.0079	0.0015	0.0003	0.0003	0.0000	0.0091	0.0076	0.0015	0.0183	0.0097	0.0087	0.0020	0.0018	0.0001	0.0164	0.0079	0.0085	0.0000	0.0000	0.0000	0.0000	0.0000	0.0000	0.0000	0.0000	0.0000	0.0000	0.0000	0.0000	0.0000	0.0000	0.0000	0.0000	0.0000	0.0000											
17	44	0.0684	4	2	1	1	0	0	0	0	0	Y	N	N	N	N	N	N	N	N	N	N	N	0.0000	0.0000	0.0000	0.0000	0.0000	0.0000	0.0000	0.0000	0.0000	0.0000	0.0000	0.0000	0.0000	0.0000	0.0000	0.0000	0.0007	0.0009	0.0005	0.0028	0.0032	0.0000	0.0003	0.0000	0.0006	0.4998	0.0000	-0.0000	1.0000	10.0000	1.0003	26.8440	0.0000	0.0000	0.0000	0.0000	0.0000	0.0000	0.0000	0.0000	0.0000	0.0000	0.0000	0.0000	0.0000	0.0000	0.0000	0.0000	0.0000	0.0000	0.0452	0.0381	0.0071	0.0031	0.0029	0.0002	0.0421	0.0351	0.0069	0.0420	0.0232	0.0188	0.0071	0.0062	0.0009	0.0349	0.0170	0.0179	0.0000	0.0000	0.0000	0.0000	0.0000	0.0000	0.0000	0.0000	0.0000	0.0007	0.0009	0.0005	0.0028	0.0032	0.0000	0.0003	0.0000	0.0006			
17	45	0.0526	7	1	1	1	0	0	0	0	0	N	N	N	N	N	N	N	N	N	N	N	N	0.0000	0.0000	0.0000	0.0000	0.0000	0.0000	0.0000	0.0000	0.0000	0.0000	0.0000	0.0000	0.0000	0.0018	0.0000	0.0037	0.0000	0.0000	0.0000	0.0022	0.0000	0.0040	inf	0.0000	0.0000	1.0000	3.0000	1.0003	5.0456	0.0000	0.0000	0.0000	0.0000	0.0000	0.0000	0.0000	0.0000	0.0000	0.0000	0.0000	0.0000	0.0000	0.0000	0.0000	0.0000	0.0000	0.0000	0.0159	0.0133	0.0026	0.0005	0.0005	0.0000	0.0154	0.0129	0.0025	0.0124	0.0066	0.0058	0.0026	0.0022	0.0004	0.0097	0.0044	0.0054	0.0000	0.0000	0.0000	0.0000	0.0000	0.0000	0.0000	0.0000	0.0000	0.0018	0.0000	0.0037	0.0000	0.0000	0.0000	0.0022	0.0000	0.0040						
17	46	0.0484	6	1	1	1	0	0	0	0	0	N	N	N	N	N	N	N	N	N	N	N	N	0.0000	0.0000	0.0000	0.0000	0.0000	0.0000	0.0000	0.0000	0.0000	0.0000	0.0000	0.0000	0.0000	0.0000	0.0000	0.0000	0.0142	0.0000	0.0315	0.0000	0.0000	0.0000	0.0184	0.0000	0.0341	7825.8800	0.0000	0.0000	1.0000	2.0000	1.0003	1.0030	0.0000	0.0000	0.0000	0.0000	0.0000	0.0000	0.0000	0.0000	0.0000	0.0001	0.0000	0.0001	0.0000	0.0000	0.0000	0.0001	0.0000	0.0001	0.0093	0.0078	0.0015	0.0003	0.0003	0.0000	0.0090	0.0075	0.0015	0.0041	0.0022	0.0018	0.0009	0.0008	0.0001	0.0032	0.0014	0.0017	0.0000	0.0000	0.0000	0.0000	0.0000	0.0000	0.0000	0.0000	0.0000	0.0142	0.0000	0.0315	0.0000	0.0000	0.0000	0.0184	0.0000	0.0341			
17	47	0.0484	5	1	1	1	0	0	0	0	0	N	N	N	N	N	N	N	N	N	N	N	N	0.0000	0.0000	0.0000	0.0000	0.0000	0.0000	0.0000	0.0000	0.0000	0.0000	0.0000	0.0000	0.0000	0.0000	0.0000	0.0000	0.0022	0.0017	0.0031	0.0026	0.0027	0.0000	0.0019	0.0000	0.0032	1.0050	0.0000	-0.0000	1.0000	0.0000	1.0003	0.0582	0.0000	0.0000	0.0000	0.0000	0.0000	0.0000	0.0000	0.0000	0.0000	0.0000	0.0000	0.0000	0.0000	0.0000	0.0000	0.0000	0.0000	0.0000	0.0000	0.0000	0.0000	0.0000	0.0000	0.0000	0.0000	0.0000	0.0000	0.0003	0.0002	0.0001	0.0001	0.0001	0.0000	0.0001	0.0001	0.0001	0.0000	0.0000	0.0000	0.0000	0.0000	0.0000	0.0000	0.0000	0.0000	0.0022	0.0017	0.0031	0.0026	0.0027	0.0000	0.0019	0.0000	0.0032			
17	48	0.0446	4	1	1	1	0	0	0	0	0	N	N	N	N	N	N	N	N	N	N	N	N	0.0000	0.0000	0.0000	0.0000	0.0000	0.0000	0.0000	0.0000	0.0000	0.0000	0.0000	0.0000	0.0000	0.0000	0.0000	0.0000	0.0001	0.0000	0.0002	0.0000	0.0000	0.0000	0.0001	0.0000	0.0002	5.1485	0.0000	0.0000	1.0000	0.0018	1.0003	3.9096	0.0000	0.0000	0.0000	0.0000	0.0000	0.0000	0.0000	0.0000	0.0000	0.0000	0.0000	0.0000	0.0000	0.0000	0.0000	0.0000	0.0000	0.0000	0.0000	0.0000	0.0000	0.0000	0.0000	0.0000	0.0000	0.0000	0.0000	0.0078	0.0051	0.0027	0.0020	0.0020	0.0001	0.0058	0.0031	0.0027	0.0000	0.0000	0.0000	0.0000	0.0000	0.0000	0.0000	0.0000	0.0000	0.0001	0.0000	0.0002	0.0000	0.0000	0.0000	0.0001	0.0000	0.0002			
17	49	0.0352	3	1	1	1	0	0	0	0	0	N	N	N	N	N	N	N	N	N	N	N	N	0.0000	0.0000	0.0000	0.0000	0.0000	0.0000	0.0000	0.0000	0.0000	0.0000	0.0000	0.0000	0.0000	0.0000	0.0000	0.0000	0.0008	0.0001	0.0017	0.0005	0.0005	0.0000	0.0009	0.0000	0.0017	13.0269	0.0000	0.0000	1.0000	2.0031	1.0003	6.0601	0.0000	0.0000	0.0000	0.0000	0.0000	0.0000	0.0000	0.0000	0.0000	0.0000	0.0000	0.0000	0.0000	0.0000	0.0000	0.0000	0.0000	0.0000	0.0094	0.0079	0.0015	0.0003	0.0003	0.0000	0.0091	0.0076	0.0015	0.0114	0.0062	0.0052	0.0015	0.0014	0.0001	0.0099	0.0048	0.0051	0.0000	0.0000	0.0000	0.0000	0.0000	0.0000	0.0000	0.0000	0.0000	0.0008	0.0001	0.0017	0.0005	0.0005	0.0000	0.0009	0.0000	0.0017			
17	50	0.0982	11	1	0	2	0	0	0	0	0	N	N	Y	N	N	N	N	N	N	N	N	N	0.0000	0.0000	0.0000	0.0000	0.0000	0.0000	0.0000	0.0000	0.0000	0.0000	0.0000	0.0000	0.0000	0.0000	0.0000	0.0000	0.0000	0.0000	0.0000	0.0000	1.0000	0.0004	1.0003	0.9852	0.0000	0.0000	0.0000	0.0000	0.0000	0.0000	0.0000	0.0000	0.0000	0.0000	0.0000	0.0000	0.0000	0.0000	0.0000	0.0000	0.0000	0.0000	0.0000	0.0000	0.0000	0.0000	0.0000	0.0000	0.0000	0.0000	0.0000	0.0012	0.0007	0.0005	0.0003	0.0002	0.0001	0.0009	0.0004	0.0005	0.0000	0.0000	0.0000	0.0000	0.0000	0.0000	0.0000	0.0000	0.0000	0.0000	0.0000	0.0000	0.0000	0.0000	0.0000	0.0000	0.0000	0.0000											
17	51	0.0873	10	1	0	1	0	0	0	0	0	N	N	N	N	N	N	N	N	N	N	N	N	0.0000	0.0000	0.0000	0.0000	0.0000	0.0000	0.0000	0.0000	0.0000	0.0000	0.0000	0.0000	0.0000	0.0000	0.0000	0.0000	0.0028	0.0013	0.0048	0.0030	0.0035	0.0000	0.0027	0.0000	0.0052	2.7736	0.0000	0.0000	1.0000	10.7574	1.0003	12.9024	0.0000	0.0000	0.0000	0.0000	0.0000	0.0000	0.0000	0.0000	0.0000	0.0001	0.0000	0.0001	0.0000	0.0000	0.0000	0.0001	0.0000	0.0001	0.0530	0.0452	0.0078	0.0080	0.0076	0.0004	0.0451	0.0376	0.0074	0.0271	0.0155	0.0115	0.0066	0.0057	0.0009	0.0205	0.0098	0.0107	0.0000	0.0000	0.0000	0.0000	0.0000	0.0000	0.0000	0.0000	0.0000	0.0028	0.0013	0.0048	0.0030	0.0035	0.0000	0.0027	0.0000	0.0052			
17	52	0.0859	9	1	0	1	0	0	0	0	0	N	N	N	N	N	N	N	N	N	N	N	N	0.0000	0.0000	0.0000	0.0000	0.0000	0.0000	0.0000	0.0000	0.0000	0.0000	0.0000	0.0000	0.0000	0.0000	0.0000	0.0000	0.0008	0.0002	0.0017	0.0004	0.0004	0.0000	0.0010	0.0000	0.0019	7.5336	0.0000	0.0000	1.0000	2.6694	1.0003	2.4027	0.0000	0.0000	0.0000	0.0000	0.0000	0.0000	0.0000	0.0000	0.0000	0.0000	0.0000	0.0000	0.0000	0.0000	0.0000	0.0000	0.0000	0.0000	0.0130	0.0109	0.0020	0.0013	0.0012	0.0001	0.0117	0.0097	0.0020	0.0062	0.0036	0.0026	0.0015	0.0013	0.0002	0.0046	0.0022	0.0024	0.0000	0.0000	0.0000	0.0000	0.0000	0.0000	0.0000	0.0000	0.0000	0.0008	0.0002	0.0017	0.0004	0.0004	0.0000	0.0010	0.0000	0.0019			
17	53	0.0807	8	1	0	1	0	0	0	0	0	N	N	N	N	N	N	N	N	N	N	N	N	0.0000	0.0000	0.0000	0.0000	0.0000	0.0000	0.0000	0.0000	0.0000	0.0000	0.0000	0.0000	0.0000	0.0000	0.0000	0.0000	0.0001	0.0000	0.0001	0.0001	0.0001	0.0000	0.0001	0.0000	0.0001	3.3950	0.0000	0.0000	1.0000	8.6921	1.0003	5.3599	0.0000	0.0000	0.0000	0.0000	0.0000	0.0000	0.0000	0.0000	0.0000	0.0000	0.0000	0.0000	0.0000	0.0000	0.0000	0.0000	0.0000	0.0000	0.0447	0.0382	0.0065	0.0059	0.0057	0.0002	0.0387	0.0325	0.0063	0.0159	0.0092	0.0067	0.0038	0.0032	0.0005	0.0121	0.0059	0.0062	0.0000	0.0000	0.0000	0.0000	0.0000	0.0000	0.0000	0.0000	0.0000	0.0001	0.0000	0.0001	0.0001	0.0001	0.0000	0.0001	0.0000	0.0001			
17	54	0.0804	7	1	0	1	0	0	0	0	0	N	N	N	N	N	N	N	N	N	N	N	N	0.0000	0.0000	0.0000	0.0000	0.0000	0.0000	0.0000	0.0000	0.0000	0.0000	0.0000	0.0000	0.0000	0.0000	0.0000	0.0000	0.0001	0.0001	0.0001	0.0003	0.0003	0.0000	0.0001	0.0000	0.0001	0.6953	0.0000	-0.0000	1.0000	1.8652	1.0003	1.4001	0.0000	0.0000	0.0000	0.0000	0.0000	0.0000	0.0000	0.0000	0.0000	0.0000	0.0000	0.0000	0.0000	0.0000	0.0000	0.0000	0.0000	0.0000	0.0124	0.0108	0.0016	0.0026	0.0025	0.0001	0.0098	0.0083	0.0015	0.0041	0.0023	0.0018	0.0010	0.0009	0.0001	0.0030	0.0014	0.0016	0.0000	0.0000	0.0000	0.0000	0.0000	0.0000	0.0000	0.0000	0.0000	0.0001	0.0001	0.0001	0.0003	0.0003	0.0000	0.0001	0.0000	0.0001			
17	55	0.0760	6	1	0	1	0	0	0	0	0	N	N	N	N	N	N	N	N	N	N	N	N	0.0000	0.0000	0.0000	0.0000	0.0000	0.0000	0.0000	0.0000	0.0000	0.0000	0.0000	0.0000	0.0000	0.0000	0.0000	0.0000	0.0000	0.0000	0.0001	0.0000	0.0000	0.0000	0.0000	0.0000	0.0001	18.9909	0.0000	0.0000	1.0000	2.5292	1.0003	4.9772	0.0000	0.0000	0.0000	0.0000	0.0000	0.0000	0.0000	0.0000	0.0000	0.0000	0.0000	0.0000	0.0000	0.0000	0.0000	0.0000	0.0000	0.0000	0.0137	0.0118	0.0019	0.0018	0.0017	0.0001	0.0119	0.0101	0.0019	0.0124	0.0077	0.0047	0.0037	0.0034	0.0003	0.0087	0.0043	0.0044	0.0000	0.0000	0.0000	0.0000	0.0000	0.0000	0.0000	0.0000	0.0000	0.0000	0.0000	0.0001	0.0000	0.0000	0.0000	0.0000	0.0000	0.0001			
17	56	0.0352	3	2	1	1	0	0	0	0	0	Y	N	N	N	N	N	N	N	N	N	N	N	0.0000	0.0000	0.0000	0.0000	0.0000	0.0000	0.0000	0.0000	0.0000	0.0000	0.0000	0.0000	0.0000	0.0000	0.0000	0.0000	0.0000	0.0000	0.0000	0.0000	1.0000	0.0000	1.0003	10.9971	0.0000	0.0000	0.0000	0.0000	0.0000	0.0000	0.0000	0.0000	0.0000	0.0000	0.0000	0.0000	0.0000	0.0000	0.0000	0.0000	0.0000	0.0000	0.0000	0.0000	0.0000	0.0000	0.0000	0.0000	0.0000	0.0000	0.0000	0.0148	0.0079	0.0069	0.0017	0.0016	0.0001	0.0131	0.0063	0.0068	0.0000	0.0000	0.0000	0.0000	0.0000	0.0000	0.0000	0.0000	0.0000	0.0000	0.0000	0.0000	0.0000	0.0000	0.0000	0.0000	0.0000	0.0000											
17	57	0.1568	8	1	0	1	0	0	0	0	0	N	N	N	N	N	N	N	N	N	N	N	N	80.4052	89.6689	0.0000	21.4375	19.8976	177.1431	inf	0.0000	0.0405	0.0459	0.0000	0.0153	0.0159	0.0000	0.0540	0.0642	0.0000	0.0005	0.0005	0.0005	0.0007	0.0008	0.0000	0.0003	0.0000	0.0006	0.0000	0.4482	-0.0014	-0.0000	1.0000	7.8198	1.0003	21.5823	0.0026	0.0026	0.0000	0.0003	0.0003	0.0000	0.0022	0.0022	0.0000	0.0000	0.0000	0.0000	0.0000	0.0000	0.0000	0.0000	0.0000	0.0000	0.0640	0.0564	0.0076	0.0223	0.0213	0.0010	0.0417	0.0350	0.0067	0.0594	0.0403	0.0191	0.0290	0.0258	0.0032	0.0304	0.0145	0.0159	80.4052	89.6689	0.0000	21.4375	19.8976	0.0000	177.1431	inf	0.0000	0.0005	0.0005	0.0005	0.0007	0.0008	0.0000	0.0003	0.0000	0.0006	
17	58	0.0709	7	2	1	2	0	0	0	0	0	Y	N	Y	N	N	N	N	N	N	N	N	N	0.0000	0.0000	0.0000	0.0000	0.0000	0.0000	0.0000	0.0000	0.0000	0.0000	0.0000	0.0000	0.0000	0.0000	0.0000	0.0000	0.0000	0.0000	0.0000	0.0001	0.0001	0.0000	0.0000	0.0000	0.0000	0.0136	0.0000	-0.0000	1.0000	2.0055	1.0003	11.8091	0.0000	0.0000	0.0000	0.0000	0.0000	0.0000	0.0000	0.0000	0.0000	0.0000	0.0000	0.0000	0.0000	0.0000	0.0000	0.0000	0.0000	0.0000	0.0095	0.0079	0.0015	0.0004	0.0003	0.0000	0.0091	0.0076	0.0015	0.0178	0.0094	0.0083	0.0026	0.0023	0.0003	0.0152	0.0071	0.0081	0.0000	0.0000	0.0000	0.0000	0.0000	0.0000	0.0000	0.0000	0.0000	0.0000	0.0000	0.0000	0.0001	0.0001	0.0000	0.0000	0.0000	0.0000			
17	59	0.0655	6	2	0	2	0	0	0	0	0	Y	N	Y	N	N	N	N	N	N	N	N	N	0.0000	0.0000	0.0000	0.0000	0.0000	0.0000	0.0000	0.0000	0.0000	0.0000	0.0000	0.0000	0.0000	0.0000	0.0000	0.0000	0.0000	0.0000	0.0001	0.0000	0.0000	0.0000	0.0000	0.0000	0.0001	14.5369	0.0000	0.0000	1.0000	1.9951	1.0003	2.5667	0.0000	0.0000	0.0000	0.0000	0.0000	0.0000	0.0000	0.0000	0.0000	0.0000	0.0000	0.0000	0.0000	0.0000	0.0000	0.0000	0.0000	0.0000	0.0094	0.0079	0.0015	0.0003	0.0003	0.0000	0.0091	0.0076	0.0015	0.0076	0.0044	0.0031	0.0016	0.0015	0.0001	0.0059	0.0029	0.0030	0.0000	0.0000	0.0000	0.0000	0.0000	0.0000	0.0000	0.0000	0.0000	0.0000	0.0000	0.0001	0.0000	0.0000	0.0000	0.0000	0.0000	0.0001			
17	60	0.0587	5	2	0	2	0	0	0	0	0	Y	N	Y	N	N	N	N	N	N	N	N	N	0.0000	0.0000	0.0000	0.0000	0.0000	0.0000	0.0000	0.0000	0.0000	0.0000	0.0000	0.0000	0.0000	0.0000	0.0000	0.0000	0.0000	0.0000	0.0000	0.0000	0.0000	0.0000	0.0000	0.0000	0.0000	0.1666	0.0000	-0.0000	1.0000	0.0108	1.0003	3.6229	0.0000	0.0000	0.0000	0.0000	0.0000	0.0000	0.0000	0.0000	0.0000	0.0000	0.0000	0.0000	0.0000	0.0000	0.0000	0.0000	0.0000	0.0000	0.0001	0.0001	0.0000	0.0000	0.0000	0.0000	0.0001	0.0000	0.0000	0.0089	0.0066	0.0023	0.0039	0.0036	0.0004	0.0049	0.0030	0.0019	0.0000	0.0000	0.0000	0.0000	0.0000	0.0000	0.0000	0.0000	0.0000	0.0000	0.0000	0.0000	0.0000	0.0000	0.0000	0.0000	0.0000	0.0000			
17	61	0.0771	6	1	1	1	0	0	0	0	0	N	N	N	N	N	N	N	N	N	N	N	N	0.0000	0.0000	0.0000	0.0000	0.0000	0.0000	0.0000	0.0000	0.0000	0.0000	0.0000	0.0000	0.0000	0.0000	0.0000	0.0000	0.0000	0.0000	0.0000	0.0000	0.0000	0.0000	0.1333	0.0000	-0.0000	1.0000	4.0917	1.0003	8.0988	0.0000	0.0000	0.0000	0.0000	0.0000	0.0000	0.0000	0.0000	0.0000	0.0000	0.0000	0.0000	0.0000	0.0000	0.0000	0.0000	0.0000	0.0000	0.0218	0.0186	0.0032	0.0029	0.0028	0.0001	0.0190	0.0159	0.0031	0.0236	0.0150	0.0086	0.0078	0.0073	0.0005	0.0159	0.0077	0.0082	0.0000	0.0000	0.0000	0.0000	0.0000	0.0000	0.0000	0.0000	0.0000	0.0000	0.0000	0.0000	0.0000	0.0000	0.0000	0.0000	0.0000	0.0000						
17	62	0.0733	5	1	1	1	0	0	0	0	0	N	N	N	N	N	N	N	N	N	N	N	N	0.0000	0.0000	0.0000	0.0000	0.0000	0.0000	0.0000	0.0000	0.0000	0.0000	0.0000	0.0000	0.0000	0.0000	0.0000	0.0000	0.0009	0.0000	0.0020	0.0001	0.0001	0.0000	0.0012	0.0000	0.0022	55.4435	0.0000	0.0000	1.0000	2.1165	1.0003	5.0852	0.0000	0.0000	0.0000	0.0000	0.0000	0.0000	0.0000	0.0000	0.0000	0.0000	0.0000	0.0000	0.0000	0.0000	0.0000	0.0000	0.0000	0.0000	0.0099	0.0083	0.0016	0.0007	0.0007	0.0000	0.0092	0.0077	0.0015	0.0112	0.0063	0.0050	0.0028	0.0026	0.0003	0.0084	0.0037	0.0047	0.0000	0.0000	0.0000	0.0000	0.0000	0.0000	0.0000	0.0000	0.0000	0.0009	0.0000	0.0020	0.0001	0.0001	0.0000	0.0012	0.0000	0.0022			
17	63	0.0587	5	2	0	2	0	0	0	0	0	Y	N	Y	N	N	N	N	N	N	N	N	N	0.0000	0.0000	0.0000	0.0000	0.0000	0.0000	0.0000	0.0000	0.0000	0.0000	0.0000	0.0000	0.0000	0.0000	0.0000	0.0000	0.0000	0.0000	0.0000	0.0000	0.0000	0.0000	0.0417	0.0000	-0.0000	1.0000	3.9990	1.0003	8.8702	0.0000	0.0000	0.0000	0.0000	0.0000	0.0000	0.0000	0.0000	0.0000	0.0000	0.0000	0.0000	0.0000	0.0000	0.0000	0.0000	0.0000	0.0000	0.0170	0.0145	0.0024	0.0007	0.0007	0.0001	0.0162	0.0138	0.0024	0.0190	0.0114	0.0075	0.0050	0.0045	0.0005	0.0140	0.0070	0.0070	0.0000	0.0000	0.0000	0.0000	0.0000	0.0000	0.0000	0.0000	0.0000	0.0000	0.0000	0.0000	0.0000	0.0000	0.0000	0.0000	0.0000	0.0000						
17	64	0.0386	4	2	0	2	0	0	0	0	0	Y	N	Y	N	N	N	N	N	N	N	N	N	0.0000	0.0000	0.0000	0.0000	0.0000	0.0000	0.0000	0.0000	0.0000	0.0000	0.0000	0.0000	0.0000	0.0000	0.0000	0.0000	0.0000	0.0000	0.0000	0.0000	0.0000	0.0000	0.0000	0.0000	0.0000	0.2145	0.0000	-0.0000	1.0000	3.9972	1.0003	6.8232	0.0000	0.0000	0.0000	0.0000	0.0000	0.0000	0.0000	0.0000	0.0000	0.0000	0.0000	0.0000	0.0000	0.0000	0.0000	0.0000	0.0000	0.0000	0.0196	0.0166	0.0030	0.0011	0.0010	0.0000	0.0185	0.0156	0.0030	0.0180	0.0104	0.0077	0.0035	0.0033	0.0001	0.0146	0.0070	0.0075	0.0000	0.0000	0.0000	0.0000	0.0000	0.0000	0.0000	0.0000	0.0000	0.0000	0.0000	0.0000	0.0000	0.0000	0.0000	0.0000	0.0000	0.0000			
17	65	0.0810	6	1	1	1	0	0	0	0	0	N	N	N	N	N	N	N	N	N	N	N	N	0.0000	0.0000	0.0000	0.0000	0.0000	0.0000	0.0000	0.0000	0.0000	0.0000	0.0000	0.0000	0.0000	0.0000	0.0000	0.0000	0.0000	0.0031	0.0037	0.0022	0.0074	0.0084	0.0000	0.0013	0.0002	0.0024	0.3669	0.0000	-0.0001	1.0000	15.6632	1.0003	35.0639	0.0000	0.0000	0.0000	0.0000	0.0000	0.0000	0.0000	0.0000	0.0000	0.0002	0.0002	0.0001	0.0002	0.0002	0.0000	0.0001	0.0000	0.0001	0.0718	0.0608	0.0110	0.0063	0.0060	0.0003	0.0655	0.0549	0.0107	0.0685	0.0420	0.0264	0.0205	0.0181	0.0024	0.0480	0.0240	0.0240	0.0000	0.0000	0.0000	0.0000	0.0000	0.0000	0.0000	0.0000	0.0000	0.0031	0.0037	0.0022	0.0074	0.0084	0.0000	0.0013	0.0002	0.0024		
17	66	0.0810	6	1	0	2	0	0	0	0	0	N	N	Y	N	N	N	N	N	N	N	N	N	0.0000	0.0000	0.0000	0.0000	0.0000	0.0000	0.0000	0.0000	0.0000	0.0000	0.0000	0.0000	0.0000	0.0000	0.0000	0.0000	0.0005	0.0008	0.0000	0.0013	0.0015	0.0000	0.0000	0.0000	0.0000	0.0007	0.0000	-0.0000	1.0000	4.9998	1.0003	10.1184	0.0000	0.0000	0.0000	0.0000	0.0000	0.0000	0.0000	0.0000	0.0000	0.0000	0.0000	0.0000	0.0000	0.0000	0.0000	0.0000	0.0000	0.0000	0.0259	0.0220	0.0038	0.0031	0.0030	0.0001	0.0228	0.0190	0.0037	0.0371	0.0249	0.0123	0.0151	0.0136	0.0015	0.0220	0.0113	0.0107	0.0000	0.0000	0.0000	0.0000	0.0000	0.0000	0.0000	0.0000	0.0000	0.0005	0.0008	0.0000	0.0013	0.0015	0.0000	0.0000	0.0000	0.0000			
17	67	0.0854	8	1	1	1	0	0	0	0	0	N	N	N	N	N	N	N	N	N	N	N	N	0.0000	0.0000	0.0000	0.0000	0.0000	0.0000	0.0000	0.0000	0.0000	0.0000	0.0000	0.0000	0.0000	0.0000	0.0000	0.0000	0.0000	0.0000	0.0000	0.0000	0.0000	0.0000	inf	0.0000	0.0000	1.0000	10.9928	1.0003	18.5513	0.0000	0.0000	0.0000	0.0000	0.0000	0.0000	0.0000	0.0000	0.0000	0.0000	0.0000	0.0000	0.0000	0.0000	0.0000	0.0000	0.0000	0.0000	0.0494	0.0420	0.0074	0.0042	0.0038	0.0004	0.0452	0.0382	0.0070	0.0374	0.0226	0.0148	0.0113	0.0103	0.0010	0.0261	0.0123	0.0138	0.0000	0.0000	0.0000	0.0000	0.0000	0.0000	0.0000	0.0000	0.0000	0.0000	0.0000	0.0000	0.0000	0.0000	0.0000	0.0000	0.0000	0.0000						
17	68	0.0854	7	1	0	1	0	0	0	0	0	N	N	N	N	N	N	N	N	N	N	N	N	0.0000	0.0000	0.0000	0.0000	0.0000	0.0000	0.0000	0.0000	0.0000	0.0000	0.0000	0.0000	0.0000	0.0000	0.0000	0.0000	0.0000	0.0000	0.0000	0.0000	0.0000	0.0000	0.0000	0.0000	0.0000	1.0000	0.0000	-0.0000	1.0000	0.0861	1.0003	1.0715	0.0000	0.0000	0.0000	0.0000	0.0000	0.0000	0.0000	0.0000	0.0000	0.0000	0.0000	0.0000	0.0000	0.0000	0.0000	0.0000	0.0000	0.0000	0.0012	0.0011	0.0001	0.0004	0.0004	0.0000	0.0007	0.0006	0.0001	0.0074	0.0050	0.0025	0.0034	0.0034	0.0001	0.0040	0.0016	0.0024	0.0000	0.0000	0.0000	0.0000	0.0000	0.0000	0.0000	0.0000	0.0000	0.0000	0.0000	0.0000	0.0000	0.0000	0.0000	0.0000	0.0000	0.0000			
17	72	0.0684	4	1	1	1	1	0	0	0	0	N	N	N	N	N	N	N	N	N	N	N	N	0.0000	0.0000	0.0000	0.0000	0.0000	0.0000	0.0000	0.0000	0.0000	0.0000	0.0000	0.0000	0.0000	0.0007	0.0000	0.0016	0.0000	0.0000	0.0000	0.0009	0.0000	0.0017	inf	0.0000	0.0000	1.0000	13.0000	1.0003	39.1663	0.0000	0.0000	0.0000	0.0000	0.0000	0.0000	0.0000	0.0000	0.0000	0.0000	0.0000	0.0000	0.0000	0.0000	0.0000	0.0000	0.0000	0.0000	0.0581	0.0489	0.0091	0.0040	0.0038	0.0002	0.0540	0.0452	0.0089	0.0559	0.0307	0.0252	0.0090	0.0078	0.0012	0.0469	0.0229	0.0239	0.0000	0.0000	0.0000	0.0000	0.0000	0.0000	0.0000	0.0000	0.0000	0.0007	0.0000	0.0016	0.0000	0.0000	0.0000	0.0009	0.0000	0.0017						
17	73	0.0708	5	1	1	1	0	0	0	0	0	N	N	N	N	N	N	N	N	N	N	N	N	0.0000	0.0000	0.0000	0.0000	0.0000	0.0000	0.0000	0.0000	0.0000	0.0000	0.0000	0.0000	0.0000	51.6624	0.0000	332.1306	0.0000	0.0000	0.0000	52.8319	0.0000	314.2049	inf	0.0000	0.3852	1.0000	3.0003	1.0003	18.1082	0.0000	0.0000	0.0000	0.0000	0.0000	0.0000	0.0000	0.0000	0.0000	0.9999	0.0000	0.9999	0.0000	0.0000	0.0000	0.9999	0.0000	0.9999	0.0140	0.0117	0.0022	0.0010	0.0009	0.0001	0.0130	0.0108	0.0022	0.0284	0.0163	0.0121	0.0061	0.0055	0.0006	0.0224	0.0108	0.0115	0.0000	0.0000	0.0000	0.0000	0.0000	0.0000	0.0000	0.0000	0.0000	35.1637	0.0000	82.6864	0.0000	0.0000	0.0000	44.6963	0.0000	86.7125						
17	74	0.0386	4	1	1	1	0	0	0	0	0	N	N	N	N	N	N	N	N	N	N	N	N	0.0000	0.0000	0.0000	0.0000	0.0000	0.0000	0.0000	0.0000	0.0000	0.0000	0.0000	0.0000	0.0000	0.0000	0.0000	0.0000	0.0000	0.0000	0.0000	0.0000	1.0000	7.0046	1.0003	18.1036	0.0000	0.0000	0.0000	0.0000	0.0000	0.0000	0.0000	0.0000	0.0000	0.0000	0.0000	0.0000	0.0000	0.0000	0.0000	0.0000	0.0000	0.0000	0.0332	0.0280	0.0052	0.0015	0.0014	0.0001	0.0317	0.0266	0.0051	0.0339	0.0184	0.0155	0.0046	0.0043	0.0003	0.0294	0.0141	0.0152	0.0000	0.0000	0.0000	0.0000	0.0000	0.0000	0.0000	0.0000	0.0000	0.0000	0.0000	0.0000	0.0000	0.0000	0.0000	0.0000	0.0000	0.0000											
17	75	0.0352	3	1	0	1	0	0	0	0	0	N	N	N	N	N	N	N	N	N	N	N	N	0.0000	0.0000	0.0000	0.0000	0.0000	0.0000	0.0000	0.0000	0.0000	0.0000	0.0000	0.0000	0.0000	0.0000	0.0000	0.0000	0.0000	0.0043	0.0005	0.0094	0.0015	0.0015	0.0000	0.0049	0.0000	0.0095	14.7283	0.0000	0.0000	1.0000	0.2435	1.0003	3.2922	0.0000	0.0000	0.0000	0.0000	0.0000	0.0000	0.0000	0.0000	0.0000	0.0000	0.0000	0.0000	0.0000	0.0000	0.0000	0.0000	0.0000	0.0000	0.0012	0.0010	0.0002	0.0001	0.0001	0.0000	0.0011	0.0010	0.0002	0.0059	0.0034	0.0025	0.0011	0.0010	0.0000	0.0048	0.0023	0.0025	0.0000	0.0000	0.0000	0.0000	0.0000	0.0000	0.0000	0.0000	0.0000	0.0043	0.0005	0.0094	0.0015	0.0015	0.0000	0.0049	0.0000	0.0095		
17	77	0.0858	8	1	1	1	0	0	0	0	0	N	N	N	N	N	N	N	N	N	N	N	N	0.0000	0.0000	0.0000	0.0000	0.0000	0.0000	0.0000	0.0000	0.0000	0.0000	0.0000	0.0000	0.0000	0.0000	0.0000	0.0000	0.0000	0.0000	0.0000	-0.0000	1.0000	8.6571	1.0003	16.0761	0.0000	0.0000	0.0000	0.0000	0.0000	0.0000	0.0000	0.0000	0.0000	0.0000	0.0000	0.0000	0.0000	0.0000	0.0000	0.0000	0.0000	0.0000	0.0364	0.0314	0.0051	0.0029	0.0028	0.0002	0.0335	0.0286	0.0049	0.0283	0.0173	0.0110	0.0085	0.0077	0.0008	0.0198	0.0095	0.0103	0.0000	0.0000	0.0000	0.0000	0.0000	0.0000	0.0000	0.0000	0.0000	0.0000	0.0000	0.0000	0.0000	0.0000	0.0000	0.0000	0.0000	0.0000											
17	78	0.0854	7	1	1	1	0	0	0	0	0	N	N	N	N	N	N	N	N	N	N	N	N	0.0000	0.0000	0.0000	0.0000	0.0000	0.0000	0.0000	0.0000	0.0000	0.0000	0.0000	0.0000	0.0000	0.0000	0.0000	0.0000	0.0000	0.0000	0.0000	0.0000	1.0000	0.3645	1.0003	1.9845	0.0000	0.0000	0.0000	0.0000	0.0000	0.0000	0.0000	0.0000	0.0000	0.0000	0.0000	0.0000	0.0000	0.0000	0.0000	0.0000	0.0000	0.0000	0.0024	0.0021	0.0003	0.0005	0.0005	0.0000	0.0019	0.0016	0.0003	0.0088	0.0058	0.0030	0.0038	0.0037	0.0001	0.0050	0.0021	0.0029	0.0000	0.0000	0.0000	0.0000	0.0000	0.0000	0.0000	0.0000	0.0000	0.0000	0.0000	0.0000	0.0000	0.0000	0.0000	0.0000	0.0000	0.0000											
17	79	0.0760	6	1	0	1	0	0	0	0	0	N	N	N	N	N	N	N	N	N	N	N	N	0.0000	0.0000	0.0000	0.0000	0.0000	0.0000	0.0000	0.0000	0.0000	0.0000	0.0000	0.0000	0.0000	0.0000	0.0000	0.0000	0.0000	0.0000	0.0000	0.0000	0.0000	0.0000	0.0125	0.0000	-0.0000	1.0000	2.9108	1.0003	14.2456	0.0000	0.0000	0.0000	0.0000	0.0000	0.0000	0.0000	0.0000	0.0000	0.0000	0.0000	0.0000	0.0000	0.0000	0.0000	0.0000	0.0000	0.0000	0.0155	0.0133	0.0022	0.0019	0.0018	0.0001	0.0136	0.0114	0.0021	0.0230	0.0136	0.0094	0.0059	0.0052	0.0006	0.0172	0.0084	0.0088	0.0000	0.0000	0.0000	0.0000	0.0000	0.0000	0.0000	0.0000	0.0000	0.0000	0.0000	0.0000	0.0000	0.0000	0.0000	0.0000	0.0000	0.0000						
17	80	0.0708	5	1	0	1	0	0	0	0	0	N	N	N	N	N	N	N	N	N	N	N	N	0.0000	0.0000	0.0000	0.0000	0.0000	0.0000	0.0000	0.0000	0.0000	0.0000	0.0000	0.0000	0.0000	0.0000	0.0000	0.0000	0.0057	0.0094	0.0000	0.0202	0.0213	0.0000	0.0000	0.0000	0.0000	0.0002	0.0000	-0.0000	1.0000	0.1009	1.0003	7.5203	0.0000	0.0000	0.0000	0.0000	0.0000	0.0000	0.0000	0.0000	0.0000	0.0001	0.0001	0.0000	0.0001	0.0001	0.0000	0.0000	0.0000	0.0000	0.0005	0.0004	0.0001	0.0000	0.0000	0.0000	0.0004	0.0004	0.0001	0.0140	0.0085	0.0055	0.0040	0.0038	0.0002	0.0101	0.0047	0.0053	0.0000	0.0000	0.0000	0.0000	0.0000	0.0000	0.0000	0.0000	0.0000	0.0057	0.0094	0.0000	0.0202	0.0213	0.0000	0.0000	0.0000	0.0000			
17	81	0.0684	4	1	0	1	0	0	0	0	0	N	N	N	N	N	N	N	N	N	N	N	N	0.0000	0.0000	0.0000	0.0000	0.0000	0.0000	0.0000	0.0000	0.0000	0.0000	0.0000	0.0000	0.0000	0.0000	0.0000	0.0000	0.0106	0.0000	0.0254	0.0000	0.0000	0.0000	0.0151	0.0000	0.0263	21055.2092	0.0000	0.0000	1.0000	0.0014	1.0003	3.7882	0.0000	0.0000	0.0000	0.0000	0.0000	0.0000	0.0000	0.0000	0.0000	0.0001	0.0000	0.0001	0.0000	0.0000	0.0000	0.0001	0.0000	0.0001	0.0000	0.0000	0.0000	0.0000	0.0000	0.0000	0.0000	0.0000	0.0000	0.0075	0.0044	0.0031	0.0022	0.0021	0.0001	0.0053	0.0023	0.0030	0.0000	0.0000	0.0000	0.0000	0.0000	0.0000	0.0000	0.0000	0.0000	0.0106	0.0000	0.0254	0.0000	0.0000	0.0000	0.0151	0.0000	0.0263			
17	82	0.0840	7	1	1	1	0	0	0	0	0	N	N	N	N	N	N	N	N	N	N	N	N	0.0000	0.0000	0.0000	0.0000	0.0000	0.0000	0.0000	0.0000	0.0000	0.0000	0.0000	0.0000	0.0000	0.0000	0.0000	0.0000	0.0000	0.0003	0.0000	0.0009	0.0000	0.0000	0.0000	0.0005	0.0000	0.0009	3475.1190	0.0000	0.0000	1.0000	7.9116	1.0003	21.1247	0.0000	0.0000	0.0000	0.0000	0.0000	0.0000	0.0000	0.0000	0.0000	0.0000	0.0000	0.0000	0.0000	0.0000	0.0000	0.0000	0.0000	0.0000	0.0390	0.0331	0.0059	0.0044	0.0042	0.0002	0.0347	0.0289	0.0057	0.0426	0.0257	0.0169	0.0106	0.0098	0.0008	0.0320	0.0159	0.0161	0.0000	0.0000	0.0000	0.0000	0.0000	0.0000	0.0000	0.0000	0.0000	0.0003	0.0000	0.0009	0.0000	0.0000	0.0000	0.0005	0.0000	0.0009		
17	83	0.1020	8	2	1	1	0	0	0	0	0	Y	N	N	N	N	N	N	N	N	N	N	N	0.0000	0.0000	0.0000	0.0000	0.0000	0.0000	0.0000	0.0000	0.0000	0.0000	0.0000	0.0000	0.0000	0.0000	0.0000	0.0000	0.0000	0.0000	0.0000	0.0000	1.0000	0.0000	1.0003	1.8333	0.0000	0.0000	0.0000	0.0000	0.0000	0.0000	0.0000	0.0000	0.0000	0.0000	0.0000	0.0000	0.0000	0.0000	0.0000	0.0000	0.0000	0.0000	0.0000	0.0000	0.0000	0.0000	0.0000	0.0000	0.0000	0.0000	0.0000	0.0038	0.0025	0.0013	0.0012	0.0012	0.0001	0.0026	0.0013	0.0013	0.0000	0.0000	0.0000	0.0000	0.0000	0.0000	0.0000	0.0000	0.0000	0.0000	0.0000	0.0000	0.0000	0.0000	0.0000	0.0000	0.0000	0.0000											
17	84	0.0840	7	2	1	1	0	0	0	0	0	Y	N	N	N	N	N	N	N	N	N	N	N	0.0000	0.0000	0.0000	0.0000	0.0000	0.0000	0.0000	0.0000	0.0000	0.0000	0.0000	0.0000	0.0000	0.0000	0.0000	0.0000	0.0000	0.0005	0.0007	0.0002	0.0016	0.0017	0.0001	0.0001	0.0000	0.0002	0.1479	0.0000	-0.0000	1.0000	6.9552	1.0003	13.1226	0.0000	0.0000	0.0000	0.0000	0.0000	0.0000	0.0000	0.0000	0.0000	0.0000	0.0000	0.0000	0.0000	0.0000	0.0000	0.0000	0.0000	0.0000	0.0348	0.0296	0.0053	0.0041	0.0039	0.0002	0.0308	0.0257	0.0051	0.0340	0.0211	0.0129	0.0094	0.0088	0.0006	0.0245	0.0122	0.0123	0.0000	0.0000	0.0000	0.0000	0.0000	0.0000	0.0000	0.0000	0.0000	0.0005	0.0007	0.0002	0.0016	0.0017	0.0001	0.0001	0.0000	0.0002		
17	85	0.0810	6	1	1	1	0	0	0	0	0	N	N	N	N	N	N	N	N	N	N	N	N	0.0000	0.0000	0.0000	0.0000	0.0000	0.0000	0.0000	0.0000	0.0000	0.0000	0.0000	0.0000	0.0000	0.0000	0.0000	0.0000	0.0000	0.0000	0.0013	0.0005	0.0024	0.0010	0.0010	0.0000	0.0014	0.0000	0.0025	2.9872	0.0000	0.0000	1.0000	0.3374	1.0003	6.1146	0.0000	0.0000	0.0000	0.0000	0.0000	0.0000	0.0000	0.0000	0.0000	0.0000	0.0000	0.0000	0.0000	0.0000	0.0000	0.0000	0.0000	0.0000	0.0025	0.0022	0.0003	0.0009	0.0008	0.0000	0.0017	0.0014	0.0003	0.0142	0.0086	0.0056	0.0046	0.0044	0.0002	0.0097	0.0043	0.0054	0.0000	0.0000	0.0000	0.0000	0.0000	0.0000	0.0000	0.0000	0.0000	0.0013	0.0005	0.0024	0.0010	0.0010	0.0000	0.0014	0.0000	0.0025	
17	86	0.0810	6	1	1	1	0	0	0	0	0	N	N	N	N	N	N	N	N	N	N	N	N	0.0000	0.0000	0.0000	0.0000	0.0000	0.0000	0.0000	0.0000	0.0000	0.0000	0.0000	0.0000	0.0000	0.0000	0.0000	0.0000	0.0005	0.0008	0.0001	0.0022	0.0024	0.0000	0.0000	0.0000	0.0001	0.0584	0.0000	-0.0000	1.0000	11.0342	1.0003	12.7513	0.0000	0.0000	0.0000	0.0000	0.0000	0.0000	0.0000	0.0000	0.0000	0.0000	0.0000	0.0000	0.0000	0.0000	0.0000	0.0000	0.0000	0.0000	0.0505	0.0426	0.0079	0.0041	0.0038	0.0002	0.0464	0.0387	0.0076	0.0325	0.0186	0.0139	0.0073	0.0066	0.0007	0.0253	0.0120	0.0132	0.0000	0.0000	0.0000	0.0000	0.0000	0.0000	0.0000	0.0000	0.0000	0.0005	0.0008	0.0001	0.0022	0.0024	0.0000	0.0000	0.0000	0.0001			
17	87	0.0733	5	1	1	1	0	0	0	0	0	N	N	N	N	N	N	N	N	N	N	N	N	0.0000	0.0000	0.0000	0.0000	0.0000	0.0000	0.0000	0.0000	0.0000	0.0000	0.0000	0.0000	0.0000	0.0000	0.0000	0.0000	0.0000	0.0009	0.0006	0.0014	0.0014	0.0015	0.0000	0.0008	0.0000	0.0015	2.0232	0.0000	0.0000	1.0000	3.9739	1.0003	6.2820	0.0000	0.0000	0.0000	0.0000	0.0000	0.0000	0.0000	0.0000	0.0000	0.0000	0.0000	0.0000	0.0000	0.0000	0.0000	0.0000	0.0000	0.0000	0.0184	0.0155	0.0029	0.0013	0.0012	0.0001	0.0171	0.0143	0.0028	0.0146	0.0081	0.0065	0.0034	0.0030	0.0004	0.0113	0.0051	0.0061	0.0000	0.0000	0.0000	0.0000	0.0000	0.0000	0.0000	0.0000	0.0000	0.0009	0.0006	0.0014	0.0014	0.0015	0.0000	0.0008	0.0000	0.0015		
17	88	0.0684	4	1	1	1	0	0	0	0	0	N	N	N	N	N	N	N	N	N	N	N	N	0.0000	0.0000	0.0000	0.0000	0.0000	0.0000	0.0000	0.0000	0.0000	0.0000	0.0000	0.0000	0.0000	0.0000	0.0000	0.0000	0.0000	0.0000	0.0000	0.0000	0.0000	0.0000	0.0000	0.0000	0.0000	15.3383	0.0000	0.0000	1.0000	0.0056	1.0003	5.7021	0.0000	0.0000	0.0000	0.0000	0.0000	0.0000	0.0000	0.0000	0.0000	0.0000	0.0000	0.0000	0.0000	0.0000	0.0000	0.0000	0.0000	0.0000	0.0000	0.0000	0.0000	0.0000	0.0000	0.0000	0.0000	0.0000	0.0000	0.0097	0.0056	0.0041	0.0025	0.0024	0.0002	0.0072	0.0032	0.0040	0.0000	0.0000	0.0000	0.0000	0.0000	0.0000	0.0000	0.0000	0.0000	0.0000	0.0000	0.0000	0.0000	0.0000	0.0000	0.0000	0.0000	0.0000			
17	92	0.1568	8	1	0	1	0	0	0	0	0	N	N	N	N	N	N	N	N	N	N	N	N	122.7284	507.8954	0.0000	164.1288	159.2399	0.0000	95.7525	inf	0.0000	0.0211	0.0243	0.0000	0.0121	0.0129	0.0000	0.0237	0.0281	0.0000	0.0002	0.0000	0.0004	0.0001	0.0001	0.0000	0.0002	0.0000	0.0005	0.0000	4.5728	-0.0014	0.0000	1.0000	24.8682	1.0003	39.8855	0.0026	0.0026	0.0000	0.0003	0.0003	0.0000	0.0022	0.0022	0.0000	0.0000	0.0000	0.0000	0.0000	0.0000	0.0000	0.0000	0.0000	0.0000	0.1229	0.1065	0.0164	0.0282	0.0264	0.0018	0.0948	0.0801	0.0147	0.0792	0.0509	0.0282	0.0346	0.0302	0.0045	0.0445	0.0208	0.0238	122.7284	507.8954	0.0000	164.1288	159.2399	0.0000	95.7525	inf	0.0000	0.0002	0.0000	0.0004	0.0001	0.0001	0.0000	0.0002	0.0000	0.0005
18	19	0.0698	4	1	2	0	0	0	0	0	0	N	Y	N	N	N	N	N	N	N	N	N	N	0.0000	0.0000	0.0000	0.0000	0.0000	0.0000	0.0000	0.0000	0.0000	0.0000	0.0000	0.0000	0.0000	0.0000	0.0000	0.0000	0.0000	0.0001	0.0000	0.0003	0.0001	0.0000	0.0011	0.0001	0.0000	0.0002	35.1159	0.0000	0.0000	0.0005	4.7901	9.9413	15.0000	0.0000	0.0000	0.0000	0.0000	0.0000	0.0000	0.0000	0.0000	0.0000	0.0000	0.0000	0.0000	0.0000	0.0000	0.0000	0.0000	0.0000	0.0000	0.0122	0.0114	0.0009	0.0063	0.0062	0.0000	0.0060	0.0051	0.0008	0.3755	0.2589	0.1165	0.1696	0.1520	0.0177	0.2058	0.1070	0.0989	0.0000	0.0000	0.0000	0.0000	0.0000	0.0000	0.0000	0.0000	0.0000	0.0001	0.0000	0.0003	0.0001	0.0000	0.0011	0.0001	0.0000	0.0002		
18	20	0.0668	3	1	2	0	0	0	0	0	0	N	Y	N	N	N	N	N	N	N	N	N	N	0.0000	0.0000	0.0000	0.0000	0.0000	0.0000	0.0000	0.0000	0.0000	0.0000	0.0000	0.0000	0.0000	0.0000	0.0000	0.0000	0.0000	0.0001	0.0001	0.0000	0.0002	0.0002	0.0000	0.0000	0.0000	0.0000	0.0039	0.0000	-0.0000	0.0005	1.2170	9.9413	3.4655	0.0000	0.0000	0.0000	0.0000	0.0000	0.0000	0.0000	0.0000	0.0000	0.0000	0.0000	0.0000	0.0000	0.0000	0.0000	0.0000	0.0000	0.0000	0.0031	0.0029	0.0002	0.0016	0.0016	0.0000	0.0015	0.0013	0.0002	0.1533	0.1055	0.0478	0.0847	0.0693	0.0154	0.0686	0.0362	0.0324	0.0000	0.0000	0.0000	0.0000	0.0000	0.0000	0.0000	0.0000	0.0000	0.0001	0.0001	0.0000	0.0002	0.0002	0.0000	0.0000	0.0000	0.0000		
18	21	0.0800	5	0	2	0	0	0	0	0	0	N	Y	N	N	N	N	N	N	N	N	N	N	0.0000	0.0000	0.0000	0.0000	0.0000	0.0000	0.0000	0.0000	0.0000	0.0000	0.0000	0.0000	0.0000	0.0000	0.0000	0.0000	0.0053	0.0064	0.0029	0.0092	0.0105	0.0000	0.0017	0.0000	0.0036	0.2080	0.0000	-0.0005	0.0005	2.0000	9.9413	11.9921	0.0000	0.0000	0.0000	0.0000	0.0000	0.0000	0.0000	0.0000	0.0000	0.0011	0.0009	0.0002	0.0009	0.0009	0.0000	0.0002	0.0000	0.0002	0.0051	0.0048	0.0004	0.0026	0.0026	0.0000	0.0025	0.0022	0.0003	0.2092	0.1439	0.0653	0.0995	0.0872	0.0122	0.1097	0.0567	0.0530	0.0000	0.0000	0.0000	0.0000	0.0000	0.0000	0.0000	0.0000	0.0000	0.0053	0.0064	0.0029	0.0092	0.0105	0.0000	0.0017	0.0000	0.0036			
18	22	0.0668	3	0	2	0	0	0	0	0	0	N	Y	N	N	N	N	N	N	N	N	N	N	0.0000	0.0000	0.0000	0.0000	0.0000	0.0000	0.0000	0.0000	0.0000	0.0000	0.0000	0.0000	0.0000	0.0000	0.0000	0.0000	0.0000	9.4684	0.0002	80.0372	0.0006	0.0004	0.0022	17.4230	0.0000	97.3879	59956.0000	0.0000	1.1549	0.0005	2.9966	9.9413	14.0927	0.0000	0.0000	0.0000	0.0000	0.0000	0.0000	0.0000	0.0000	0.0000	2.9979	0.0001	2.9978	0.0001	0.0001	0.0000	2.9978	0.0000	2.9978	0.0077	0.0071	0.0005	0.0039	0.0039	0.0000	0.0037	0.0032	0.0005	0.3166	0.2173	0.0993	0.1446	0.1268	0.0178	0.1721	0.0905	0.0815	0.0000	0.0000	0.0000	0.0000	0.0000	0.0000	0.0000	0.0000	0.0000	9.4684	0.0002	30.1841	0.0006	0.0004	0.0022	17.4230	0.0000	36.7745		
18	23	0.0640	8	0	2	1	1	0	0	0	0	N	Y	N	N	N	N	N	N	N	N	N	N	0.0000	0.0000	0.0000	0.0000	0.0000	0.0000	0.0000	0.0000	0.0000	0.0000	0.0000	0.0000	0.0000	0.0000	0.0000	0.0000	0.0000	0.0000	0.0000	0.0000	0.0005	0.3092	9.9413	0.1355	0.0000	0.0000	0.0000	0.0000	0.0000	0.0000	0.0000	0.0000	0.0000	0.0000	0.0000	0.0000	0.0000	0.0000	0.0000	0.0000	0.0000	0.0000	0.0010	0.0009	0.0001	0.0010	0.0009	0.0001	0.0000	0.0000	0.0000	0.0084	0.0061	0.0022	0.0036	0.0035	0.0001	0.0047	0.0026	0.0021	0.0000	0.0000	0.0000	0.0000	0.0000	0.0000	0.0000	0.0000	0.0000	0.0000	0.0000	0.0000	0.0000	0.0000	0.0000	0.0000	0.0000	0.0000											
18	24	0.0533	7	0	1	0	1	0	0	0	0	N	N	N	N	N	N	N	N	N	N	N	N	0.0000	0.0000	0.0000	0.0000	0.0000	0.0000	0.0000	0.0000	0.0000	0.0000	0.0000	0.0000	0.0000	0.0000	0.0000	0.0000	0.0006	0.0009	0.0000	0.0017	0.0017	0.0000	0.0000	0.0000	0.0000	0.0008	0.0000	-0.0001	0.0005	6.2779	9.9413	13.9173	0.0000	0.0000	0.0000	0.0000	0.0000	0.0000	0.0000	0.0000	0.0000	0.0002	0.0002	0.0000	0.0002	0.0002	0.0000	0.0000	0.0000	0.0000	0.0196	0.0177	0.0019	0.0188	0.0171	0.0018	0.0007	0.0006	0.0001	0.2787	0.1987	0.0800	0.1085	0.1039	0.0046	0.1701	0.0948	0.0753	0.0000	0.0000	0.0000	0.0000	0.0000	0.0000	0.0000	0.0000	0.0000	0.0006	0.0009	0.0000	0.0017	0.0017	0.0000	0.0000	0.0000	0.0000			
18	25	0.0423	4	0	2	0	0	0	0	0	0	N	Y	N	N	N	N	N	N	N	N	N	N	0.0000	0.0000	0.0000	0.0000	0.0000	0.0000	0.0000	0.0000	0.0000	0.0000	0.0000	0.0000	0.0000	0.0000	0.0000	0.0000	0.0000	0.0000	0.1345	0.0026	0.3719	0.0127	0.0043	0.2477	0.2152	0.0000	0.3769	80.3947	0.0000	0.0205	0.0005	3.8932	9.9413	15.3303	0.0000	0.0000	0.0000	0.0000	0.0000	0.0000	0.0000	0.0000	0.0000	0.0549	0.0007	0.0542	0.0021	0.0007	0.0014	0.0528	0.0000	0.0528	0.0100	0.0093	0.0007	0.0051	0.0051	0.0000	0.0049	0.0042	0.0007	0.4079	0.2622	0.1457	0.1626	0.1570	0.0056	0.2453	0.1052	0.1401	0.0000	0.0000	0.0000	0.0000	0.0000	0.0000	0.0000	0.0000	0.0000	0.1345	0.0026	0.3719	0.0127	0.0043	0.2477	0.2152	0.0000	0.3769	
18	26	0.0481	6	0	2	0	1	0	0	0	0	N	Y	N	N	N	N	N	N	N	N	N	N	0.0000	0.0000	0.0000	0.0000	0.0000	0.0000	0.0000	0.0000	0.0000	0.0000	0.0000	0.0000	0.0000	0.0174	0.0253	0.0000	0.0435	0.0451	0.0000	0.0000	0.0000	0.0000	0.0000	0.0000	-0.0025	0.0005	4.2937	9.9413	9.5692	0.0000	0.0000	0.0000	0.0000	0.0000	0.0000	0.0000	0.0000	0.0000	0.0041	0.0041	0.0000	0.0041	0.0041	0.0000	0.0000	0.0000	0.0000	0.0136	0.0123	0.0013	0.0131	0.0119	0.0012	0.0005	0.0005	0.0001	0.2355	0.1617	0.0738	0.0941	0.0909	0.0033	0.1414	0.0708	0.0705	0.0000	0.0000	0.0000	0.0000	0.0000	0.0000	0.0000	0.0000	0.0000	0.0174	0.0253	0.0000	0.0435	0.0451	0.0000	0.0000	0.0000	0.0000						
18	27	0.0336	2	1	2	0	0	0	0	0	0	N	Y	N	N	N	N	N	N	N	N	N	N	0.0000	0.0000	0.0000	0.0000	0.0000	0.0000	0.0000	0.0000	0.0000	0.0000	0.0000	0.0000	0.0000	0.0000	0.0000	0.0000	0.0000	1.3175	0.0020	3.7459	0.0037	0.0038	0.0015	2.0466	0.0000	3.8409	1003.1916	0.0000	0.3850	0.0005	16.0000	9.9413	34.8566	0.0000	0.0000	0.0000	0.0000	0.0000	0.0000	0.0000	0.0000	0.0000	1.0020	0.0010	1.0010	0.0010	0.0010	0.0000	1.0010	0.0000	1.0010	0.0389	0.0362	0.0027	0.0199	0.0198	0.0001	0.0190	0.0164	0.0026	0.7605	0.4933	0.2672	0.2714	0.2648	0.0066	0.4891	0.2285	0.2606	0.0000	0.0000	0.0000	0.0000	0.0000	0.0000	0.0000	0.0000	0.0000	1.3175	0.0020	3.7459	0.0037	0.0038	0.0015	2.0466	0.0000	3.8409		
18	28	0.0635	10	0	1	1	0	0	0	0	0	N	N	N	N	N	N	N	N	N	N	N	N	0.0000	0.0000	0.0000	0.0000	0.0000	0.0000	0.0000	0.0000	0.0000	0.0000	0.0000	0.0000	0.0000	0.0040	0.0056	0.0000	0.0108	0.0114	0.0000	0.0000	0.0000	0.0000	0.0000	0.0000	-0.0001	0.0005	0.0000	9.9413	3.0088	0.0000	0.0000	0.0000	0.0000	0.0000	0.0000	0.0000	0.0000	0.0000	0.0001	0.0001	0.0000	0.0001	0.0001	0.0000	0.0000	0.0000	0.0000	0.0000	0.0000	0.0000	0.0000	0.0000	0.0000	0.0000	0.0000	0.0000	0.0348	0.0248	0.0100	0.0129	0.0122	0.0007	0.0219	0.0125	0.0094	0.0000	0.0000	0.0000	0.0000	0.0000	0.0000	0.0000	0.0000	0.0000	0.0040	0.0056	0.0000	0.0108	0.0114	0.0000	0.0000	0.0000	0.0000						
18	29	0.0511	7	0	2	0	0	0	0	0	0	N	Y	N	N	N	N	N	N	N	N	N	N	0.0000	0.0000	0.0000	0.0000	0.0000	0.0000	0.0000	0.0000	0.0000	0.0000	0.0000	0.0000	0.0000	0.0000	0.0000	0.0000	0.0000	0.0016	0.0000	0.0054	0.0001	0.0001	0.0000	0.0026	0.0000	0.0057	46.7285	0.0000	0.0002	0.0005	5.0749	9.9413	14.8264	0.0000	0.0000	0.0000	0.0000	0.0000	0.0000	0.0000	0.0000	0.0000	0.0005	0.0000	0.0005	0.0000	0.0000	0.0000	0.0005	0.0000	0.0005	0.0160	0.0145	0.0015	0.0154	0.0140	0.0014	0.0006	0.0005	0.0001	0.2904	0.2042	0.0862	0.1088	0.1045	0.0042	0.1816	0.0996	0.0820	0.0000	0.0000	0.0000	0.0000	0.0000	0.0000	0.0000	0.0000	0.0000	0.0016	0.0000	0.0054	0.0001	0.0001	0.0000	0.0026	0.0000	0.0057		
18	30	0.0668	3	1	1	1	0	0	0	0	0	N	N	N	N	N	N	N	N	N	N	N	N	0.0000	0.0000	0.0000	0.0000	0.0000	0.0000	0.0000	0.0000	0.0000	0.0000	0.0000	0.0000	0.0000	0.0025	0.0037	0.0000	0.0057	0.0064	0.0000	0.0000	0.0000	0.0000	0.0000	0.0000	-0.0006	0.0005	5.9956	9.9413	15.0927	0.0000	0.0000	0.0000	0.0000	0.0000	0.0000	0.0000	0.0000	0.0000	0.0009	0.0009	0.0000	0.0009	0.0009	0.0000	0.0000	0.0000	0.0000	0.0152	0.0141	0.0011	0.0078	0.0077	0.0000	0.0074	0.0064	0.0010	0.3667	0.2516	0.1151	0.1628	0.1443	0.0185	0.2039	0.1073	0.0966	0.0000	0.0000	0.0000	0.0000	0.0000	0.0000	0.0000	0.0000	0.0000	0.0025	0.0037	0.0000	0.0057	0.0064	0.0000	0.0000	0.0000	0.0000						
18	31	0.0533	7	0	2	0	0	0	0	0	0	N	Y	N	N	N	N	N	N	N	N	N	N	0.0000	0.0000	0.0000	0.0000	0.0000	0.0000	0.0000	0.0000	0.0000	0.0000	0.0000	0.0000	0.0000	0.0000	0.0000	0.0000	0.0014	0.0019	0.0000	0.0035	0.0037	0.0000	0.0000	0.0000	0.0000	0.0006	0.0000	-0.0001	0.0005	1.4218	9.9413	7.0463	0.0000	0.0000	0.0000	0.0000	0.0000	0.0000	0.0000	0.0000	0.0000	0.0002	0.0002	0.0000	0.0002	0.0002	0.0000	0.0000	0.0000	0.0000	0.0048	0.0043	0.0005	0.0046	0.0042	0.0004	0.0002	0.0002	0.0000	0.1298	0.0924	0.0374	0.0510	0.0488	0.0021	0.0788	0.0435	0.0353	0.0000	0.0000	0.0000	0.0000	0.0000	0.0000	0.0000	0.0000	0.0000	0.0014	0.0019	0.0000	0.0035	0.0037	0.0000	0.0000	0.0000	0.0000			
18	32	0.0481	6	0	1	0	0	0	0	0	0	N	N	N	N	N	N	N	N	N	N	N	N	0.0000	0.0000	0.0000	0.0000	0.0000	0.0000	0.0000	0.0000	0.0000	0.0000	0.0000	0.0000	0.0000	0.0000	0.0000	0.0000	0.0000	0.0228	0.0323	0.0029	0.0539	0.0557	0.0000	0.0015	0.0000	0.0030	0.0420	0.0000	-0.0024	0.0005	4.3312	9.9413	5.5221	0.0000	0.0000	0.0000	0.0000	0.0000	0.0000	0.0000	0.0000	0.0000	0.0041	0.0039	0.0002	0.0039	0.0039	0.0000	0.0002	0.0000	0.0002	0.0137	0.0124	0.0013	0.0132	0.0120	0.0012	0.0006	0.0005	0.0001	0.1801	0.1220	0.0581	0.0731	0.0708	0.0024	0.1070	0.0513	0.0557	0.0000	0.0000	0.0000	0.0000	0.0000	0.0000	0.0000	0.0000	0.0000	0.0228	0.0323	0.0029	0.0539	0.0557	0.0000	0.0015	0.0000	0.0030		
18	33	0.0457	5	0	1	0	0	0	0	0	0	N	N	N	N	N	N	N	N	N	N	N	N	0.0000	0.0000	0.0000	0.0000	0.0000	0.0000	0.0000	0.0000	0.0000	0.0000	0.0000	0.0000	0.0000	0.0000	0.0000	0.0000	0.2995	0.4337	0.0006	0.7966	0.8255	0.0000	0.0003	0.0000	0.0006	0.0006	0.0000	-0.0237	0.0005	4.2685	9.9413	3.7703	0.0000	0.0000	0.0000	0.0000	0.0000	0.0000	0.0000	0.0000	0.0000	0.0385	0.0385	0.0000	0.0385	0.0385	0.0000	0.0000	0.0000	0.0000	0.0136	0.0123	0.0013	0.0130	0.0118	0.0012	0.0006	0.0005	0.0001	0.1286	0.0887	0.0399	0.0483	0.0466	0.0017	0.0803	0.0421	0.0382	0.0000	0.0000	0.0000	0.0000	0.0000	0.0000	0.0000	0.0000	0.0000	0.2995	0.4337	0.0006	0.7966	0.8255	0.0000	0.0003	0.0000	0.0006			
18	34	0.0668	3	1	1	1	0	0	0	0	0	N	N	N	N	N	N	N	N	N	N	N	N	0.0000	0.0000	0.0000	0.0000	0.0000	0.0000	0.0000	0.0000	0.0000	0.0000	0.0000	0.0000	0.0000	0.0000	0.0000	2.8194	0.0000	8.9850	0.0001	0.0000	0.0005	5.0967	0.0000	10.7614	inf	0.0000	0.3848	0.0005	4.9966	9.9413	15.0870	0.0000	0.0000	0.0000	0.0000	0.0000	0.0000	0.0000	0.0000	0.0000	0.9988	0.0000	0.9988	0.0000	0.0000	0.0000	0.9988	0.0000	0.9988	0.0127	0.0118	0.0009	0.0065	0.0065	0.0000	0.0062	0.0054	0.0008	0.3543	0.2431	0.1112	0.1583	0.1399	0.0184	0.1960	0.1032	0.0928	0.0000	0.0000	0.0000	0.0000	0.0000	0.0000	0.0000	0.0000	0.0000	2.8194	0.0000	8.9850	0.0001	0.0000	0.0005	5.0967	0.0000	10.7614				
18	35	0.0635	10	0	2	0	0	0	0	0	0	N	Y	N	N	N	N	N	N	N	N	N	N	0.0000	0.0000	0.0000	0.0000	0.0000	0.0000	0.0000	0.0000	0.0000	0.0000	0.0000	0.0000	0.0000	0.0000	0.0000	0.0000	0.0000	0.0000	0.0000	0.0000	0.0005	1.0000	9.9413	1.0102	0.0000	0.0000	0.0000	0.0000	0.0000	0.0000	0.0000	0.0000	0.0000	0.0000	0.0000	0.0000	0.0000	0.0000	0.0000	0.0000	0.0000	0.0000	0.0000	0.0000	0.0000	0.0000	0.0000	0.0000	0.0000	0.0000	0.0000	0.0234	0.0167	0.0068	0.0087	0.0082	0.0005	0.0147	0.0084	0.0063	0.0000	0.0000	0.0000	0.0000	0.0000	0.0000	0.0000	0.0000	0.0000	0.0000	0.0000	0.0000	0.0000	0.0000	0.0000	0.0000	0.0000	0.0000											
18	36	0.0635	9	0	1	0	0	0	0	0	0	N	N	N	N	N	N	N	N	N	N	N	N	0.0000	0.0000	0.0000	0.0000	0.0000	0.0000	0.0000	0.0000	0.0000	0.0000	0.0000	0.0000	0.0000	0.0000	0.0000	0.0000	0.0002	0.0003	0.0000	0.0005	0.0005	0.0000	0.0000	0.0000	0.0000	0.0141	0.0000	-0.0000	0.0005	0.0000	9.9413	0.0263	0.0000	0.0000	0.0000	0.0000	0.0000	0.0000	0.0000	0.0000	0.0000	0.0000	0.0000	0.0000	0.0000	0.0000	0.0000	0.0000	0.0000	0.0000	0.0000	0.0000	0.0000	0.0000	0.0000	0.0000	0.0000	0.0000	0.0000	0.0005	0.0003	0.0002	0.0002	0.0002	0.0000	0.0003	0.0001	0.0002	0.0000	0.0000	0.0000	0.0000	0.0000	0.0000	0.0000	0.0000	0.0000	0.0002	0.0003	0.0000	0.0005	0.0005	0.0000	0.0000	0.0000	0.0000			
18	37	0.0998	4	1	2	1	0	0	0	0	0	N	Y	N	N	N	N	N	N	N	N	N	N	0.0000	0.0000	0.0000	0.0000	0.0000	0.0000	0.0000	0.0000	0.0000	0.0000	0.0000	0.0000	0.0000	0.0000	0.0000	0.0000	0.0000	8.1804	0.0109	66.3214	0.0172	0.0189	0.0019	14.5504	0.0000	72.2841	1095.0231	0.0000	0.3844	0.0005	3.0000	9.9413	5.0002	0.0000	0.0000	0.0000	0.0000	0.0000	0.0000	0.0000	0.0000	0.0000	1.0002	0.0009	0.9993	0.0009	0.0009	0.0000	0.9992	0.0000	0.9992	0.0087	0.0081	0.0006	0.0045	0.0045	0.0000	0.0042	0.0037	0.0006	0.1223	0.0840	0.0383	0.0536	0.0483	0.0053	0.0687	0.0357	0.0330	0.0000	0.0000	0.0000	0.0000	0.0000	0.0000	0.0000	0.0000	0.0000	8.1804	0.0109	26.0981	0.0172	0.0189	0.0019	14.5504	0.0000	30.2894		
18	38	0.0672	6	1	2	0	0	0	0	0	0	N	Y	N	N	N	N	N	N	N	N	N	N	0.0000	0.0000	0.0000	0.0000	0.0000	0.0000	0.0000	0.0000	0.0000	0.0000	0.0000	0.0000	0.0000	0.0000	0.0000	0.0000	0.0000	0.0000	0.0000	0.0000	0.0005	0.0001	9.9413	0.1668	0.0000	0.0000	0.0000	0.0000	0.0000	0.0000	0.0000	0.0000	0.0000	0.0000	0.0000	0.0000	0.0000	0.0000	0.0000	0.0000	0.0000	0.0000	0.0000	0.0000	0.0000	0.0000	0.0000	0.0000	0.0000	0.0000	0.0000	0.0095	0.0072	0.0024	0.0045	0.0044	0.0001	0.0050	0.0027	0.0023	0.0000	0.0000	0.0000	0.0000	0.0000	0.0000	0.0000	0.0000	0.0000	0.0000	0.0000	0.0000	0.0000	0.0000	0.0000	0.0000	0.0000	0.0000											
18	39	0.0550	9	0	1	0	1	0	0	0	0	N	N	N	N	N	N	N	N	N	N	N	N	0.0000	0.0000	0.0000	0.0000	0.0000	0.0000	0.0000	0.0000	0.0000	0.0000	0.0000	0.0000	0.0000	0.0000	0.0000	0.0000	0.0000	0.0000	0.2097	0.0006	0.7184	0.0162	0.0011	0.3952	0.3459	0.0000	0.7369	490.8837	0.0000	0.0169	0.0005	1.7673	9.9413	9.0239	0.0000	0.0000	0.0000	0.0000	0.0000	0.0000	0.0000	0.0000	0.0000	0.0442	0.0001	0.0441	0.0014	0.0001	0.0013	0.0428	0.0000	0.0428	0.0061	0.0054	0.0007	0.0058	0.0052	0.0006	0.0003	0.0003	0.0001	0.2108	0.1494	0.0614	0.0871	0.0837	0.0033	0.1238	0.0657	0.0581	0.0000	0.0000	0.0000	0.0000	0.0000	0.0000	0.0000	0.0000	0.0000	0.2097	0.0006	0.7184	0.0162	0.0011	0.3952	0.3459	0.0000	0.7369	
18	40	0.0526	8	0	1	0	1	0	0	0	0	N	N	N	N	N	N	N	N	N	N	N	N	0.0000	0.0000	0.0000	0.0000	0.0000	0.0000	0.0000	0.0000	0.0000	0.0000	0.0000	0.0000	0.0000	0.0000	0.0000	0.0000	0.0000	0.0000	0.0520	0.0393	0.0795	0.0690	0.0713	0.0022	0.0411	0.0000	0.0828	0.9302	0.0000	-0.0009	0.0005	3.4690	9.9413	3.7419	0.0000	0.0000	0.0000	0.0000	0.0000	0.0000	0.0000	0.0000	0.0000	0.0064	0.0033	0.0031	0.0033	0.0033	0.0000	0.0031	0.0000	0.0031	0.0112	0.0101	0.0011	0.0107	0.0097	0.0010	0.0005	0.0004	0.0001	0.1232	0.0844	0.0388	0.0481	0.0465	0.0016	0.0751	0.0378	0.0372	0.0000	0.0000	0.0000	0.0000	0.0000	0.0000	0.0000	0.0000	0.0000	0.0520	0.0393	0.0795	0.0690	0.0713	0.0022	0.0411	0.0000	0.0828	
18	41	0.0853	8	0	2	1	0	0	0	0	0	N	Y	N	N	N	N	N	N	N	N	N	N	0.0000	0.0000	0.0000	0.0000	0.0000	0.0000	0.0000	0.0000	0.0000	0.0000	0.0000	0.0000	0.0000	0.0036	0.0051	0.0000	0.0072	0.0081	0.0000	0.0000	0.0000	0.0000	0.0000	0.0000	-0.0005	0.0005	0.9997	9.9413	10.1790	0.0000	0.0000	0.0000	0.0000	0.0000	0.0000	0.0000	0.0000	0.0000	0.0008	0.0008	0.0000	0.0008	0.0008	0.0000	0.0000	0.0000	0.0000	0.0029	0.0027	0.0002	0.0015	0.0015	0.0000	0.0014	0.0012	0.0002	0.2115	0.1503	0.0613	0.1059	0.0941	0.0118	0.1057	0.0562	0.0494	0.0000	0.0000	0.0000	0.0000	0.0000	0.0000	0.0000	0.0000	0.0000	0.0036	0.0051	0.0000	0.0072	0.0081	0.0000	0.0000	0.0000	0.0000						
18	42	0.0842	7	0	2	0	0	0	0	0	0	N	Y	N	N	N	N	N	N	N	N	N	N	0.0000	0.0000	0.0000	0.0000	0.0000	0.0000	0.0000	0.0000	0.0000	0.0000	0.0000	0.0000	0.0000	0.0000	0.0000	0.0000	0.0811	0.0765	0.0903	0.1002	0.1110	0.0000	0.0617	0.0000	0.1056	0.6047	0.0000	-0.0005	0.0005	0.0007	9.9413	0.9413	0.0000	0.0000	0.0000	0.0000	0.0000	0.0000	0.0000	0.0000	0.0000	0.0019	0.0012	0.0007	0.0012	0.0012	0.0000	0.0007	0.0000	0.0007	0.0000	0.0000	0.0000	0.0000	0.0000	0.0000	0.0000	0.0000	0.0000	0.0239	0.0158	0.0081	0.0121	0.0109	0.0012	0.0118	0.0049	0.0069	0.0000	0.0000	0.0000	0.0000	0.0000	0.0000	0.0000	0.0000	0.0000	0.0811	0.0765	0.0903	0.1002	0.1110	0.0000	0.0617	0.0000	0.1056			
18	43	0.0668	3	1	1	1	0	0	0	0	0	N	N	N	N	N	N	N	N	N	N	N	N	0.0000	0.0000	0.0000	0.0000	0.0000	0.0000	0.0000	0.0000	0.0000	0.0000	0.0000	0.0000	0.0000	0.0000	0.0000	3.6079	0.0000	14.8359	0.0002	0.0000	0.0012	6.8016	0.0000	20.2565	inf	0.0000	0.3852	0.0005	1.9995	9.9413	12.0029	0.0000	0.0000	0.0000	0.0000	0.0000	0.0000	0.0000	0.0000	0.0000	0.9998	0.0000	0.9998	0.0000	0.0000	0.0000	0.9997	0.0000	0.9997	0.0051	0.0048	0.0004	0.0026	0.0026	0.0000	0.0025	0.0022	0.0003	0.2771	0.1902	0.0869	0.1301	0.1129	0.0172	0.1470	0.0773	0.0697	0.0000	0.0000	0.0000	0.0000	0.0000	0.0000	0.0000	0.0000	0.0000	3.6079	0.0000	11.5089	0.0002	0.0000	0.0012	6.8016	0.0000	14.3536				
18	44	0.0336	2	1	2	0	0	0	0	0	0	N	Y	N	N	N	N	N	N	N	N	N	N	0.0096	5.1249	0.0000	2.7041	5.2562	0.0000	0.0000	0.0000	0.0165	0.0177	0.0000	0.0322	0.0324	0.0000	0.0000	0.0000	0.0000	1.7161	0.0035	4.7467	0.0119	0.0062	0.2648	2.7012	0.0000	4.8502	0.0000	776.5203	-0.0002	0.4030	0.0005	10.0000	9.9413	26.8440	0.0004	0.0004	0.0000	0.0004	0.0004	0.0000	0.0000	0.0000	0.0000	1.0496	0.0013	1.0482	0.0027	0.0013	0.0013	1.0469	0.0000	1.0469	0.0249	0.0232	0.0017	0.0127	0.0127	0.0001	0.0122	0.0105	0.0017	0.6116	0.3908	0.2208	0.2240	0.2191	0.0050	0.3876	0.1717	0.2158	0.0096	5.1249	0.0000	2.7041	5.2562	0.0000	0.0000	0.0000	0.0000	1.7161	0.0035	4.7467	0.0119	0.0062	0.2648	2.7012	0.0000	4.8502	
18	45	0.0842	7	0	2	0	0	0	0	0	0	N	Y	N	N	N	N	N	N	N	N	N	N	0.0000	0.0000	0.0000	0.0000	0.0000	0.0000	0.0000	0.0000	0.0000	0.0000	0.0000	0.0000	0.0000	0.0084	0.0122	0.0000	0.0171	0.0194	0.0000	0.0000	0.0000	0.0000	0.0000	0.0000	-0.0007	0.0005	3.0000	9.9413	5.0456	0.0000	0.0000	0.0000	0.0000	0.0000	0.0000	0.0000	0.0000	0.0000	0.0012	0.0012	0.0000	0.0012	0.0012	0.0000	0.0000	0.0000	0.0000	0.0087	0.0081	0.0006	0.0045	0.0044	0.0000	0.0043	0.0037	0.0006	0.1390	0.0960	0.0429	0.0683	0.0603	0.0080	0.0707	0.0357	0.0350	0.0000	0.0000	0.0000	0.0000	0.0000	0.0000	0.0000	0.0000	0.0000	0.0084	0.0122	0.0000	0.0171	0.0194	0.0000	0.0000	0.0000	0.0000						
18	46	0.0800	6	0	2	0	0	0	0	0	0	N	Y	N	N	N	N	N	N	N	N	N	N	0.0000	0.0000	0.0000	0.0000	0.0000	0.0000	0.0000	0.0000	0.0000	0.0000	0.0000	0.0000	0.0000	0.0000	0.0000	0.0000	0.0000	0.8478	1.2328	0.0043	1.7444	1.9996	0.0000	0.0026	0.0000	0.0054	0.0016	0.0000	-0.0253	0.0005	2.0000	9.9413	1.0030	0.0000	0.0000	0.0000	0.0000	0.0000	0.0000	0.0000	0.0000	0.0000	0.0413	0.0412	0.0001	0.0412	0.0412	0.0000	0.0001	0.0000	0.0001	0.0051	0.0048	0.0004	0.0026	0.0026	0.0000	0.0025	0.0022	0.0003	0.0487	0.0335	0.0153	0.0236	0.0206	0.0030	0.0251	0.0128	0.0123	0.0000	0.0000	0.0000	0.0000	0.0000	0.0000	0.0000	0.0000	0.0000	0.8478	1.2328	0.0043	1.7444	1.9996	0.0000	0.0026	0.0000	0.0054		
18	47	0.0800	5	0	2	0	0	0	0	0	0	N	Y	N	N	N	N	N	N	N	N	N	N	0.0000	0.0000	0.0000	0.0000	0.0000	0.0000	0.0000	0.0000	0.0000	0.0000	0.0000	0.0000	0.0000	0.0000	0.0000	0.0000	0.0000	0.1038	0.0775	0.1578	0.0898	0.1075	0.0000	0.1233	0.0000	0.2226	0.9956	0.0000	-0.0000	0.0005	0.0000	9.9413	0.0582	0.0000	0.0000	0.0000	0.0000	0.0000	0.0000	0.0000	0.0000	0.0000	0.0004	0.0002	0.0002	0.0002	0.0002	0.0000	0.0002	0.0000	0.0002	0.0000	0.0000	0.0000	0.0000	0.0000	0.0000	0.0000	0.0000	0.0000	0.0037	0.0025	0.0012	0.0021	0.0018	0.0004	0.0015	0.0007	0.0009	0.0000	0.0000	0.0000	0.0000	0.0000	0.0000	0.0000	0.0000	0.0000	0.1038	0.0775	0.1578	0.0898	0.1075	0.0000	0.1233	0.0000	0.2226		
18	48	0.0762	4	0	2	0	0	0	0	0	0	N	Y	N	N	N	N	N	N	N	N	N	N	0.0000	0.0000	0.0000	0.0000	0.0000	0.0000	0.0000	0.0000	0.0000	0.0000	0.0000	0.0000	0.0000	0.0000	0.0000	0.0000	0.0000	0.0000	0.0041	0.0027	0.0077	0.0066	0.0044	0.0151	0.0010	0.0000	0.0027	1.1002	0.0000	-0.0000	0.0005	0.0018	9.9413	3.9096	0.0000	0.0000	0.0000	0.0000	0.0000	0.0000	0.0000	0.0000	0.0000	0.0005	0.0002	0.0003	0.0004	0.0002	0.0002	0.0001	0.0000	0.0001	0.0000	0.0000	0.0000	0.0000	0.0000	0.0000	0.0000	0.0000	0.0000	0.1214	0.0878	0.0336	0.0670	0.0534	0.0136	0.0544	0.0344	0.0200	0.0000	0.0000	0.0000	0.0000	0.0000	0.0000	0.0000	0.0000	0.0000	0.0041	0.0027	0.0077	0.0066	0.0044	0.0151	0.0010	0.0000	0.0027	
18	49	0.0668	3	0	2	0	0	0	0	0	0	N	Y	N	N	N	N	N	N	N	N	N	N	0.0000	0.0000	0.0000	0.0000	0.0000	0.0000	0.0000	0.0000	0.0000	0.0000	0.0000	0.0000	0.0000	0.0000	0.0000	0.0000	0.0000	0.0000	0.0015	0.0019	0.0007	0.0026	0.0030	0.0001	0.0004	0.0000	0.0009	0.1633	0.0000	-0.0001	0.0005	2.0031	9.9413	6.0601	0.0000	0.0000	0.0000	0.0000	0.0000	0.0000	0.0000	0.0000	0.0000	0.0003	0.0003	0.0000	0.0003	0.0003	0.0000	0.0000	0.0000	0.0000	0.0051	0.0048	0.0004	0.0026	0.0026	0.0000	0.0025	0.0022	0.0003	0.1990	0.1368	0.0622	0.1015	0.0855	0.0161	0.0975	0.0513	0.0462	0.0000	0.0000	0.0000	0.0000	0.0000	0.0000	0.0000	0.0000	0.0000	0.0015	0.0019	0.0007	0.0026	0.0030	0.0001	0.0004	0.0000	0.0009	
18	50	0.0635	9	0	1	1	0	0	0	0	0	N	N	N	N	N	N	N	N	N	N	N	N	0.0000	0.0000	0.0000	0.0000	0.0000	0.0000	0.0000	0.0000	0.0000	0.0000	0.0000	0.0000	0.0000	0.0000	0.0000	0.0000	0.0000	0.0000	0.0000	0.0000	0.0000	0.0000	inf	0.0000	0.0000	0.0005	0.0004	9.9413	0.9852	0.0000	0.0000	0.0000	0.0000	0.0000	0.0000	0.0000	0.0000	0.0000	0.0000	0.0000	0.0000	0.0000	0.0000	0.0000	0.0000	0.0000	0.0000	0.0000	0.0000	0.0000	0.0000	0.0000	0.0000	0.0000	0.0000	0.0000	0.0148	0.0106	0.0042	0.0059	0.0056	0.0003	0.0090	0.0051	0.0039	0.0000	0.0000	0.0000	0.0000	0.0000	0.0000	0.0000	0.0000	0.0000	0.0000	0.0000	0.0000	0.0000	0.0000	0.0000	0.0000	0.0000	0.0000						
18	51	0.0526	8	0	1	0	0	0	0	0	0	N	N	N	N	N	N	N	N	N	N	N	N	0.0000	0.0000	0.0000	0.0000	0.0000	0.0000	0.0000	0.0000	0.0000	0.0000	0.0000	0.0000	0.0000	0.0000	0.0000	0.0000	0.0000	0.0000	2.9968	0.1625	9.6574	0.3019	0.3137	0.0020	4.6317	0.0000	10.1423	25.2941	0.0000	0.3606	0.0005	10.7574	9.9413	12.9024	0.0000	0.0000	0.0000	0.0000	0.0000	0.0000	0.0000	0.0000	0.0000	1.0385	0.0395	0.9990	0.0395	0.0395	0.0000	0.9990	0.0000	0.9990	0.0330	0.0298	0.0032	0.0317	0.0287	0.0030	0.0013	0.0011	0.0002	0.3465	0.2431	0.1034	0.1309	0.1259	0.0049	0.2157	0.1172	0.0985	0.0000	0.0000	0.0000	0.0000	0.0000	0.0000	0.0000	0.0000	0.0000	2.9968	0.1625	9.6574	0.3019	0.3137	0.0020	4.6317	0.0000	10.1423	
18	52	0.0511	7	0	1	0	0	0	0	0	0	N	N	N	N	N	N	N	N	N	N	N	N	0.0000	0.0000	0.0000	0.0000	0.0000	0.0000	0.0000	0.0000	0.0000	0.0000	0.0000	0.0000	0.0000	0.0000	0.0000	0.0000	0.0000	0.0461	0.0558	0.0246	0.0997	0.1037	0.0000	0.0124	0.0000	0.0258	0.1976	0.0000	-0.0017	0.0005	2.6694	9.9413	2.4027	0.0000	0.0000	0.0000	0.0000	0.0000	0.0000	0.0000	0.0000	0.0000	0.0039	0.0032	0.0006	0.0032	0.0032	0.0000	0.0006	0.0000	0.0006	0.0086	0.0078	0.0008	0.0082	0.0075	0.0008	0.0004	0.0003	0.0001	0.0837	0.0578	0.0259	0.0323	0.0311	0.0012	0.0514	0.0267	0.0247	0.0000	0.0000	0.0000	0.0000	0.0000	0.0000	0.0000	0.0000	0.0000	0.0461	0.0558	0.0246	0.0997	0.1037	0.0000	0.0124	0.0000	0.0258		
18	53	0.0460	6	0	1	0	0	0	0	0	0	N	N	N	N	N	N	N	N	N	N	N	N	0.0000	0.0000	0.0000	0.0000	0.0000	0.0000	0.0000	0.0000	0.0000	0.0000	0.0000	0.0000	0.0000	0.0000	0.0000	0.0000	0.0028	0.0031	0.0023	0.0058	0.0060	0.0000	0.0011	0.0000	0.0024	0.3232	0.0000	-0.0002	0.0005	8.6921	9.9413	5.3599	0.0000	0.0000	0.0000	0.0000	0.0000	0.0000	0.0000	0.0000	0.0000	0.0006	0.0005	0.0001	0.0005	0.0005	0.0000	0.0001	0.0000	0.0001	0.0269	0.0243	0.0026	0.0258	0.0234	0.0024	0.0011	0.0009	0.0002	0.2104	0.1473	0.0632	0.0779	0.0750	0.0029	0.1325	0.0723	0.0603	0.0000	0.0000	0.0000	0.0000	0.0000	0.0000	0.0000	0.0000	0.0000	0.0028	0.0031	0.0023	0.0058	0.0060	0.0000	0.0011	0.0000	0.0024			
18	54	0.0457	5	0	1	0	0	0	0	0	0	N	N	N	N	N	N	N	N	N	N	N	N	0.0000	0.0000	0.0000	0.0000	0.0000	0.0000	0.0000	0.0000	0.0000	0.0000	0.0000	0.0000	0.0000	0.0000	0.0000	0.0000	0.0060	0.0039	0.0101	0.0069	0.0071	0.0000	0.0054	0.0000	0.0105	1.2492	0.0000	-0.0000	0.0005	1.8652	9.9413	1.4001	0.0000	0.0000	0.0000	0.0000	0.0000	0.0000	0.0000	0.0000	0.0000	0.0003	0.0002	0.0002	0.0002	0.0002	0.0000	0.0002	0.0000	0.0002	0.0061	0.0055	0.0006	0.0058	0.0052	0.0005	0.0003	0.0002	0.0000	0.0584	0.0393	0.0191	0.0226	0.0219	0.0007	0.0358	0.0174	0.0184	0.0000	0.0000	0.0000	0.0000	0.0000	0.0000	0.0000	0.0000	0.0000	0.0060	0.0039	0.0101	0.0069	0.0071	0.0000	0.0054	0.0000	0.0105			
18	55	0.0412	4	0	1	0	0	0	0	0	0	N	N	N	N	N	N	N	N	N	N	N	N	0.0000	0.0000	0.0000	0.0000	0.0000	0.0000	0.0000	0.0000	0.0000	0.0000	0.0000	0.0000	0.0000	0.0000	0.0000	0.0000	0.0000	0.0000	0.2752	0.4590	0.0002	0.6217	0.6300	0.0000	0.0001	0.0000	0.0002	0.0003	0.0000	-0.0460	0.0005	2.5292	9.9413	4.9772	0.0000	0.0000	0.0000	0.0000	0.0000	0.0000	0.0000	0.0000	0.0000	0.0748	0.0748	0.0000	0.0748	0.0748	0.0000	0.0000	0.0000	0.0000	0.0087	0.0077	0.0010	0.0050	0.0044	0.0005	0.0037	0.0033	0.0005	0.2718	0.1629	0.1089	0.1203	0.1187	0.0016	0.1515	0.0442	0.1073	0.0000	0.0000	0.0000	0.0000	0.0000	0.0000	0.0000	0.0000	0.0000	0.2752	0.4590	0.0002	0.6217	0.6300	0.0000	0.0001	0.0000	0.0002	
18	56	0.0668	3	1	2	0	0	0	0	0	0	N	Y	N	N	N	N	N	N	N	N	N	N	0.0000	0.0000	0.0000	0.0000	0.0000	0.0000	0.0000	0.0000	0.0000	0.0000	0.0000	0.0000	0.0000	0.0000	0.0000	0.0000	0.0000	4.2343	0.0365	19.0443	0.0528	0.0601	0.0090	8.1978	0.0000	30.0611	168.0403	0.0000	0.3822	0.0005	0.0000	9.9413	10.9971	0.0000	0.0000	0.0000	0.0000	0.0000	0.0000	0.0000	0.0000	0.0000	1.0075	0.0060	1.0015	0.0061	0.0060	0.0002	1.0014	0.0000	1.0014	0.0000	0.0000	0.0000	0.0000	0.0000	0.0000	0.0000	0.0000	0.0000	0.2379	0.1634	0.0745	0.1158	0.0991	0.0166	0.1222	0.0643	0.0579	0.0000	0.0000	0.0000	0.0000	0.0000	0.0000	0.0000	0.0000	0.0000	4.2343	0.0365	13.4412	0.0528	0.0601	0.0090	8.1978	0.0000	17.3024		
18	57	0.0970	4	0	1	0	0	0	0	0	0	N	N	N	N	N	N	N	N	N	N	N	N	0.0001	0.0007	0.0000	0.0006	0.0006	0.0000	0.0000	0.0000	0.0000	0.0001	0.0001	0.0000	0.0001	0.0001	0.0000	0.0000	0.0000	0.0000	0.9802	0.1208	2.4917	0.1612	0.1632	0.1383	1.8187	0.0061	2.7884	0.0000	11.7279	-0.0000	0.3030	0.0005	7.8198	9.9413	21.5823	0.0000	0.0000	0.0000	0.0000	0.0000	0.0000	0.0000	0.0000	0.0000	0.9881	0.0776	0.9105	0.0822	0.0766	0.0057	0.9059	0.0011	0.9048	0.0065	0.0038	0.0027	0.0035	0.0033	0.0002	0.0030	0.0005	0.0025	1.0081	0.6427	0.3654	0.5100	0.4691	0.0409	0.4981	0.1736	0.3245	0.0001	0.0007	0.0000	0.0006	0.0006	0.0000	0.0000	0.0000	0.0000	0.9802	0.1208	2.4917	0.1612	0.1632	0.1383	1.8187	0.0061	2.7884
18	58	0.1025	7	1	2	1	0	0	0	0	0	N	Y	N	N	N	N	N	N	N	N	N	N	21.4943	16.0750	0.0000	16.8248	15.8859	0.0000	0.0000	0.0000	0.0795	0.0855	0.0000	0.1555	0.1563	0.0000	0.0000	0.0000	0.0000	0.0037	0.0053	0.0000	0.0092	0.0098	0.0000	0.0000	0.0000	0.0000	0.0000	0.0014	-0.0002	-0.0004	0.0005	2.0055	9.9413	11.8091	0.0004	0.0004	0.0000	0.0004	0.0004	0.0000	0.0000	0.0000	0.0000	0.0007	0.0007	0.0000	0.0007	0.0007	0.0000	0.0000	0.0000	0.0000	0.0052	0.0048	0.0004	0.0026	0.0026	0.0000	0.0025	0.0022	0.0003	0.1976	0.1374	0.0602	0.0789	0.0741	0.0048	0.1187	0.0633	0.0554	21.4943	16.0750	0.0000	16.8248	15.8859	0.0000	0.0000	0.0000	0.0000	0.0037	0.0053	0.0000	0.0092	0.0098	0.0000	0.0000	0.0000	0.0000	
18	59	0.0971	6	1	1	1	0	0	0	0	0	N	N	N	N	N	N	N	N	N	N	N	N	0.0000	0.0000	0.0000	0.0000	0.0000	0.0000	0.0000	0.0000	0.0000	0.0000	0.0000	0.0000	0.0000	0.0000	0.0000	0.0000	0.0000	0.0000	1.4256	2.0216	0.0121	3.4450	3.6587	0.0000	0.0078	0.0031	0.0132	0.0000	0.0025	-0.0000	-0.0652	0.0005	1.9951	9.9413	2.5667	0.0000	0.0000	0.0000	0.0000	0.0000	0.0000	0.0000	0.0000	0.0000	0.1065	0.1062	0.0003	0.1061	0.1061	0.0000	0.0003	0.0001	0.0003	0.0051	0.0048	0.0004	0.0026	0.0026	0.0000	0.0025	0.0022	0.0003	0.0747	0.0525	0.0222	0.0308	0.0290	0.0018	0.0439	0.0235	0.0204	0.0000	0.0000	0.0000	0.0000	0.0000	0.0000	0.0000	0.0000	0.0000	1.4256	2.0216	0.0121	3.4450	3.6587	0.0000	0.0078	0.0031	0.0132
18	60	0.0904	5	1	1	1	0	0	0	0	0	N	N	N	N	N	N	N	N	N	N	N	N	0.0000	0.0000	0.0000	0.0000	0.0000	0.0000	0.0000	0.0000	0.0000	0.0000	0.0000	0.0000	0.0000	0.0000	0.0000	0.0000	0.0000	0.0000	2.3767	1.7571	4.1553	1.7957	2.2432	0.0016	3.3943	0.6903	8.1764	0.8238	0.0000	-0.0342	0.0005	0.0108	9.9413	3.6229	0.0000	0.0000	0.0000	0.0000	0.0000	0.0000	0.0000	0.0000	0.0000	0.2099	0.1151	0.0948	0.1010	0.1010	0.0000	0.1090	0.0142	0.0948	0.0000	0.0000	0.0000	0.0000	0.0000	0.0000	0.0000	0.0000	0.0000	0.0883	0.0655	0.0228	0.0562	0.0450	0.0112	0.0321	0.0205	0.0116	0.0000	0.0000	0.0000	0.0000	0.0000	0.0000	0.0000	0.0000	0.0000	2.3767	1.7571	4.1553	1.7957	2.2432	0.0016	3.3943	0.6903	8.1764	
18	61	0.0423	4	0	2	0	0	0	0	0	0	N	Y	N	N	N	N	N	N	N	N	N	N	0.0000	0.0000	0.0000	0.0000	0.0000	0.0000	0.0000	0.0000	0.0000	0.0000	0.0000	0.0000	0.0000	0.0000	0.0000	0.0000	0.0000	0.0250	0.0012	0.0663	0.0036	0.0018	0.0521	0.0404	0.0000	0.0669	32.9560	0.0000	0.0028	0.0005	4.0917	9.9413	8.0988	0.0000	0.0000	0.0000	0.0000	0.0000	0.0000	0.0000	0.0000	0.0000	0.0079	0.0002	0.0077	0.0005	0.0002	0.0002	0.0074	0.0000	0.0074	0.0105	0.0097	0.0007	0.0054	0.0053	0.0000	0.0051	0.0044	0.0007	0.3170	0.2011	0.1159	0.1328	0.1281	0.0047	0.1842	0.0730	0.1112	0.0000	0.0000	0.0000	0.0000	0.0000	0.0000	0.0000	0.0000	0.0000	0.0250	0.0012	0.0663	0.0036	0.0018	0.0521	0.0404	0.0000	0.0669		
18	62	0.0386	3	0	2	0	0	0	0	0	0	N	Y	N	N	N	N	N	N	N	N	N	N	0.0000	0.0000	0.0000	0.0000	0.0000	0.0000	0.0000	0.0000	0.0000	0.0000	0.0000	0.0000	0.0000	0.0000	0.0000	0.0000	0.0000	0.0000	0.2918	0.0118	0.8079	0.0449	0.0207	0.7385	0.4331	0.0012	0.8104	37.1399	0.0000	0.0130	0.0005	2.1165	9.9413	5.0852	0.0000	0.0000	0.0000	0.0000	0.0000	0.0000	0.0000	0.0000	0.0000	0.0362	0.0009	0.0352	0.0020	0.0009	0.0011	0.0341	0.0000	0.0341	0.0055	0.0051	0.0004	0.0028	0.0028	0.0000	0.0027	0.0023	0.0004	0.1239	0.0803	0.0436	0.0451	0.0436	0.0015	0.0788	0.0367	0.0421	0.0000	0.0000	0.0000	0.0000	0.0000	0.0000	0.0000	0.0000	0.0000	0.2918	0.0118	0.8079	0.0449	0.0207	0.7385	0.4331	0.0012	0.8104	
18	63	0.0904	5	1	1	1	0	0	0	0	0	N	N	N	N	N	N	N	N	N	N	N	N	0.0000	0.0000	0.0000	0.0000	0.0000	0.0000	0.0000	0.0000	0.0000	0.0000	0.0000	0.0000	0.0000	0.0000	0.0000	0.0000	0.0000	0.0000	4.9444	0.0011	28.0942	0.2542	0.0018	2.8711	9.3939	0.0000	36.9818	6633.6175	0.0000	0.3585	0.0005	3.9990	9.9413	8.8702	0.0000	0.0000	0.0000	0.0000	0.0000	0.0000	0.0000	0.0000	0.0000	0.9309	0.0001	0.9308	0.0233	0.0001	0.0232	0.9076	0.0000	0.9076	0.0000	0.0000	0.0000	0.0000	0.0000	0.0000	0.0000	0.0000	0.0000	0.1883	0.1313	0.0570	0.0917	0.0787	0.0129	0.0966	0.0526	0.0440	0.0000	0.0000	0.0000	0.0000	0.0000	0.0000	0.0000	0.0000	0.0000	4.9444	0.0011	16.3434	0.2542	0.0018	1.7902	9.3939	0.0000	20.6209	
18	64	0.0702	4	1	1	1	0	0	0	0	0	N	N	N	N	N	N	N	N	N	N	N	N	0.0000	0.0000	0.0000	0.0000	0.0000	0.0000	0.0000	0.0000	0.0000	0.0000	0.0000	0.0000	0.0000	0.0000	0.0000	0.0000	0.0000	0.0000	0.4434	0.1177	1.0776	0.0134	0.0140	0.0085	0.8594	0.3202	1.2835	4.7019	0.0000	0.0284	0.0005	3.9972	9.9413	6.8232	0.0000	0.0000	0.0000	0.0000	0.0000	0.0000	0.0000	0.0000	0.0000	0.1352	0.0237	0.1115	0.0020	0.0019	0.0001	0.1332	0.0218	0.1113	0.0103	0.0096	0.0007	0.0053	0.0052	0.0001	0.0050	0.0043	0.0007	0.3048	0.2014	0.1034	0.1499	0.1332	0.0167	0.1550	0.0682	0.0867	0.0000	0.0000	0.0000	0.0000	0.0000	0.0000	0.0000	0.0000	0.0000	0.4434	0.1177	1.0776	0.0134	0.0140	0.0085	0.8594	0.3202	1.2835	
18	65	0.0212	2	0	2	0	0	0	0	0	0	N	Y	N	N	N	N	N	N	N	N	N	N	0.0089	0.0173	0.0000	0.0158	0.0158	0.0000	0.0000	0.0000	0.0000	0.0019	0.0032	0.0000	0.0036	0.0038	0.0000	0.0000	0.0000	0.0000	0.2190	0.1858	0.2672	0.2287	0.2426	0.0049	0.2101	0.0071	0.2865	0.0000	0.9908	-0.0002	-0.0555	0.0005	15.6632	9.9413	35.0639	0.0004	0.0004	0.0000	0.0004	0.0004	0.0000	0.0000	0.0000	0.0000	0.4740	0.2381	0.2359	0.2362	0.2359	0.0003	0.2378	0.0022	0.2356	0.2111	0.1274	0.0836	0.1129	0.1066	0.0063	0.0982	0.0208	0.0774	2.1648	1.2817	0.8830	1.0328	0.9723	0.0605	1.1319	0.3094	0.8225	0.0089	0.0173	0.0000	0.0158	0.0158	0.0000	0.0000	0.0000	0.0000	0.2190	0.1858	0.2672	0.2287	0.2426	0.0049	0.2101	0.0071	0.2865
18	66	0.0212	2	0	1	1	0	0	0	0	0	N	N	N	N	N	N	N	N	N	N	N	N	0.0000	0.0000	0.0000	0.0000	0.0000	0.0000	0.0000	0.0000	0.0000	0.0000	0.0000	0.0000	0.0000	0.0000	0.0000	0.0000	0.0000	0.0000	0.0721	0.1247	0.0028	0.1371	0.1463	0.0018	0.0024	0.0000	0.0029	0.0170	0.0000	-0.0830	0.0005	4.9998	9.9413	10.1184	0.0000	0.0000	0.0000	0.0000	0.0000	0.0000	0.0000	0.0000	0.0000	0.1389	0.1365	0.0023	0.1367	0.1365	0.0001	0.0022	0.0000	0.0022	0.1942	0.1091	0.0851	0.1043	0.0977	0.0066	0.0899	0.0115	0.0784	1.9259	1.0951	0.8309	0.9964	0.9335	0.0629	0.9295	0.1616	0.7679	0.0000	0.0000	0.0000	0.0000	0.0000	0.0000	0.0000	0.0000	0.0000	0.0721	0.1247	0.0028	0.1371	0.1463	0.0018	0.0024	0.0000	0.0029	
18	67	0.0507	6	0	2	0	0	0	0	0	0	N	Y	N	N	N	N	N	N	N	N	N	N	0.0000	0.0000	0.0000	0.0000	0.0000	0.0000	0.0000	0.0000	0.0000	0.0000	0.0000	0.0000	0.0000	0.0000	0.0000	0.0000	0.0000	3.7111	0.2029	11.0000	0.3213	0.3321	0.0013	6.1198	0.0000	11.1679	26.8113	0.0000	0.7207	0.0005	10.9928	9.9413	18.5513	0.0000	0.0000	0.0000	0.0000	0.0000	0.0000	0.0000	0.0000	0.0000	2.0634	0.0742	1.9892	0.0742	0.0742	0.0000	1.9892	0.0000	1.9892	0.0273	0.0253	0.0019	0.0140	0.0139	0.0001	0.0133	0.0115	0.0019	0.5560	0.3657	0.1903	0.2310	0.2234	0.0075	0.3250	0.1423	0.1828	0.0000	0.0000	0.0000	0.0000	0.0000	0.0000	0.0000	0.0000	0.0000	3.7111	0.2029	10.4532	0.3213	0.3321	0.0013	6.1198	0.0000	10.8836		
18	68	0.0507	5	0	1	0	0	0	0	0	0	N	N	N	N	N	N	N	N	N	N	N	N	0.0000	0.0000	0.0000	0.0000	0.0000	0.0000	0.0000	0.0000	0.0000	0.0000	0.0000	0.0000	0.0000	0.0000	0.0000	0.0000	0.0000	0.0000	0.6520	0.5758	0.7449	0.6425	0.6479	0.0279	0.6611	0.0002	0.7519	1.0603	0.0000	-0.0128	0.0005	0.0861	9.9413	1.0715	0.0000	0.0000	0.0000	0.0000	0.0000	0.0000	0.0000	0.0000	0.0000	0.1275	0.0619	0.0656	0.0619	0.0619	0.0000	0.0656	0.0000	0.0656	0.0004	0.0003	0.0001	0.0002	0.0002	0.0000	0.0002	0.0001	0.0001	0.1956	0.1075	0.0881	0.0964	0.0955	0.0008	0.0992	0.0120	0.0873	0.0000	0.0000	0.0000	0.0000	0.0000	0.0000	0.0000	0.0000	0.0000	0.6520	0.5758	0.7449	0.6425	0.6479	0.0279	0.6611	0.0002	0.7519	
18	69	0.0998	5	1	1	1	0	0	0	0	0	N	N	N	N	N	N	N	N	N	N	N	N	0.0000	0.0000	0.0000	0.0000	0.0000	0.0000	0.0000	0.0000	0.0000	0.0000	0.0000	0.0000	0.0000	0.0000	0.0000	0.0000	0.0004	0.0005	0.0000	0.0008	0.0009	0.0000	0.0000	0.0000	0.0000	0.0008	0.0000	-0.0000	0.0005	1.0000	9.9413	3.0001	0.0000	0.0000	0.0000	0.0000	0.0000	0.0000	0.0000	0.0000	0.0000	0.0000	0.0000	0.0000	0.0000	0.0000	0.0000	0.0000	0.0000	0.0000	0.0029	0.0027	0.0002	0.0015	0.0015	0.0000	0.0014	0.0012	0.0002	0.0620	0.0426	0.0194	0.0272	0.0245	0.0027	0.0348	0.0181	0.0167	0.0000	0.0000	0.0000	0.0000	0.0000	0.0000	0.0000	0.0000	0.0000	0.0004	0.0005	0.0000	0.0008	0.0009	0.0000	0.0000	0.0000	0.0000			
18	70	0.0998	4	1	1	1	0	0	0	0	0	N	N	N	N	N	N	N	N	N	N	N	N	0.0000	0.0000	0.0000	0.0000	0.0000	0.0000	0.0000	0.0000	0.0000	0.0000	0.0000	0.0000	0.0000	0.0000	0.0000	0.0000	0.9193	0.7293	1.2432	0.8490	0.9598	0.0000	1.0023	0.0000	1.4960	1.0000	0.0000	-0.0000	0.0005	0.0000	9.9413	0.0009	0.0000	0.0000	0.0000	0.0000	0.0000	0.0000	0.0000	0.0000	0.0000	0.0000	0.0000	0.0000	0.0000	0.0000	0.0000	0.0000	0.0000	0.0000	0.0000	0.0000	0.0000	0.0000	0.0000	0.0000	0.0000	0.0000	0.0000	0.0000	0.0000	0.0000	0.0000	0.0000	0.0000	0.0000	0.0000	0.0000	0.0000	0.0000	0.0000	0.0000	0.0000	0.0000	0.0000	0.0000	0.0000	0.9193	0.7293	1.2432	0.8490	0.9598	0.0000	1.0023	0.0000	1.4960			
18	71	0.0668	3	1	1	1	0	0	0	0	0	N	N	N	N	N	N	N	N	N	N	N	N	0.0000	0.0000	0.0000	0.0000	0.0000	0.0000	0.0000	0.0000	0.0000	0.0000	0.0000	0.0000	0.0000	0.0000	0.0000	0.0000	0.1095	0.1595	0.0002	0.2491	0.2800	0.0000	0.0001	0.0000	0.0002	0.0005	0.0000	-0.0262	0.0005	9.9966	9.9413	12.9129	0.0000	0.0000	0.0000	0.0000	0.0000	0.0000	0.0000	0.0000	0.0000	0.0426	0.0426	0.0000	0.0426	0.0426	0.0000	0.0000	0.0000	0.0000	0.0249	0.0231	0.0017	0.0127	0.0126	0.0001	0.0122	0.0105	0.0017	0.3892	0.2670	0.1221	0.1710	0.1521	0.0189	0.2182	0.1149	0.1033	0.0000	0.0000	0.0000	0.0000	0.0000	0.0000	0.0000	0.0000	0.0000	0.1095	0.1595	0.0002	0.2491	0.2800	0.0000	0.0001	0.0000	0.0002			
18	72	0.0336	2	0	2	0	1	0	0	0	0	N	Y	N	N	N	N	N	N	N	N	N	N	0.0000	0.0000	0.0000	0.0000	0.0000	0.0000	0.0000	0.0000	0.0000	0.0000	0.0000	0.0000	0.0000	0.0000	0.0000	0.0000	0.0000	0.6270	0.0005	1.7871	0.0016	0.0009	0.0296	0.9731	0.0000	1.8321	1957.8188	0.0000	0.1867	0.0005	13.0000	9.9413	39.1663	0.0000	0.0000	0.0000	0.0000	0.0000	0.0000	0.0000	0.0000	0.0000	0.4852	0.0002	0.4850	0.0004	0.0002	0.0002	0.4848	0.0000	0.4848	0.0320	0.0297	0.0022	0.0163	0.0163	0.0001	0.0156	0.0135	0.0021	0.7739	0.5025	0.2714	0.2757	0.2689	0.0068	0.4982	0.2336	0.2646	0.0000	0.0000	0.0000	0.0000	0.0000	0.0000	0.0000	0.0000	0.0000	0.6270	0.0005	1.7871	0.0016	0.0009	0.0296	0.9731	0.0000	1.8321		
18	73	0.0361	3	0	2	0	0	0	0	0	0	N	Y	N	N	N	N	N	N	N	N	N	N	0.0000	0.0000	0.0000	0.0000	0.0000	0.0000	0.0000	0.0000	0.0000	0.0000	0.0000	0.0000	0.0000	0.0000	0.0000	0.0000	0.0001	0.0001	0.0000	0.0000	0.0000	0.0000	0.0000	0.0000	-0.0000	0.0005	3.0003	9.9413	18.1082	0.0000	0.0000	0.0000	0.0000	0.0000	0.0000	0.0000	0.0000	0.0000	0.0000	0.0000	0.0000	0.0000	0.0000	0.0000	0.0000	0.0000	0.0000	0.0077	0.0072	0.0005	0.0039	0.0039	0.0000	0.0038	0.0032	0.0005	0.4744	0.2978	0.1766	0.1896	0.1861	0.0034	0.2848	0.1117	0.1731	0.0000	0.0000	0.0000	0.0000	0.0000	0.0000	0.0000	0.0000	0.0000	0.0000	0.0000	0.0000	0.0001	0.0001	0.0000	0.0000	0.0000	0.0000						
18	74	0.0702	4	0	2	0	0	0	0	0	0	N	Y	N	N	N	N	N	N	N	N	N	N	0.0000	0.0000	0.0000	0.0000	0.0000	0.0000	0.0000	0.0000	0.0000	0.0000	0.0000	0.0000	0.0000	0.0000	0.0000	0.0000	0.0000	0.0009	0.0013	0.0000	0.0020	0.0022	0.0000	0.0000	0.0000	0.0000	0.0000	0.0000	-0.0003	0.0005	7.0046	9.9413	18.1036	0.0000	0.0000	0.0000	0.0000	0.0000	0.0000	0.0000	0.0000	0.0000	0.0004	0.0004	0.0000	0.0004	0.0004	0.0000	0.0000	0.0000	0.0000	0.0178	0.0165	0.0013	0.0091	0.0090	0.0001	0.0087	0.0075	0.0012	0.4828	0.3239	0.1589	0.2150	0.1955	0.0194	0.2679	0.1284	0.1395	0.0000	0.0000	0.0000	0.0000	0.0000	0.0000	0.0000	0.0000	0.0000	0.0009	0.0013	0.0000	0.0020	0.0022	0.0000	0.0000	0.0000	0.0000		
18	75	0.0668	3	0	1	0	0	0	0	0	0	N	N	N	N	N	N	N	N	N	N	N	N	0.0000	0.0000	0.0000	0.0000	0.0000	0.0000	0.0000	0.0000	0.0000	0.0000	0.0000	0.0000	0.0000	0.0000	0.0000	0.0000	0.0000	0.0000	0.0097	0.0032	0.0240	0.0005	0.0006	0.0001	0.0220	0.0085	0.0372	3.3794	0.0000	0.0002	0.0005	0.2435	9.9413	3.2922	0.0000	0.0000	0.0000	0.0000	0.0000	0.0000	0.0000	0.0000	0.0000	0.0013	0.0003	0.0010	0.0000	0.0000	0.0000	0.0013	0.0003	0.0010	0.0006	0.0006	0.0000	0.0003	0.0003	0.0000	0.0003	0.0003	0.0000	0.1376	0.0948	0.0428	0.0789	0.0638	0.0151	0.0586	0.0310	0.0277	0.0000	0.0000	0.0000	0.0000	0.0000	0.0000	0.0000	0.0000	0.0000	0.0097	0.0032	0.0240	0.0005	0.0006	0.0001	0.0220	0.0085	0.0372	
18	76	0.0336	2	0	1	0	0	0	0	0	0	N	N	N	N	N	N	N	N	N	N	N	N	0.0000	0.0000	0.0000	0.0000	0.0000	0.0000	0.0000	0.0000	0.0000	0.0000	0.0000	0.0000	0.0000	0.0000	0.0000	0.0000	0.0000	0.0025	0.0040	0.0000	0.0067	0.0068	0.0000	0.0000	0.0000	0.0000	0.0046	0.0000	-0.0008	0.0005	7.0044	9.9413	20.1113	0.0000	0.0000	0.0000	0.0000	0.0000	0.0000	0.0000	0.0000	0.0000	0.0013	0.0013	0.0000	0.0013	0.0013	0.0000	0.0000	0.0000	0.0000	0.0177	0.0164	0.0012	0.0090	0.0090	0.0000	0.0086	0.0074	0.0012	0.5008	0.3147	0.1861	0.1887	0.1849	0.0038	0.3121	0.1298	0.1823	0.0000	0.0000	0.0000	0.0000	0.0000	0.0000	0.0000	0.0000	0.0000	0.0025	0.0040	0.0000	0.0067	0.0068	0.0000	0.0000	0.0000	0.0000		
18	77	0.0511	6	0	2	0	0	0	0	0	0	N	Y	N	N	N	N	N	N	N	N	N	N	0.0000	0.0000	0.0000	0.0000	0.0000	0.0000	0.0000	0.0000	0.0000	0.0000	0.0000	0.0000	0.0000	0.0000	0.0000	0.0000	0.0000	2.6026	0.0107	6.8038	0.0172	0.0170	0.0272	4.2982	0.0000	6.9396	392.8142	0.0000	0.4294	0.0005	8.6571	9.9413	16.0761	0.0000	0.0000	0.0000	0.0000	0.0000	0.0000	0.0000	0.0000	0.0000	1.1219	0.0028	1.1190	0.0029	0.0028	0.0001	1.1190	0.0000	1.1190	0.0001	0.0001	0.0000	0.0000	0.0000	0.0000	0.0001	0.0000	0.0000	0.4311	0.2666	0.1645	0.1707	0.1675	0.0032	0.2603	0.0991	0.1612	0.0000	0.0000	0.0000	0.0000	0.0000	0.0000	0.0000	0.0000	0.0000	2.6026	0.0107	6.8038	0.0172	0.0170	0.0272	4.2982	0.0000	6.9396		
18	78	0.0507	5	0	2	0	0	0	0	0	0	N	Y	N	N	N	N	N	N	N	N	N	N	0.0000	0.0000	0.0000	0.0000	0.0000	0.0000	0.0000	0.0000	0.0000	0.0000	0.0000	0.0000	0.0000	0.0000	0.0000	0.0000	0.0000	0.0000	0.7997	0.3014	1.4403	0.3508	0.3543	0.0486	1.2200	0.0017	1.4578	3.7164	0.0000	0.0294	0.0005	0.3645	9.9413	1.9845	0.0000	0.0000	0.0000	0.0000	0.0000	0.0000	0.0000	0.0000	0.0000	0.1696	0.0360	0.1336	0.0360	0.0359	0.0001	0.1336	0.0000	0.1336	0.0011	0.0010	0.0001	0.0006	0.0005	0.0000	0.0005	0.0004	0.0001	0.2121	0.1193	0.0928	0.1026	0.1014	0.0011	0.1095	0.0179	0.0916	0.0000	0.0000	0.0000	0.0000	0.0000	0.0000	0.0000	0.0000	0.0000	0.7997	0.3014	1.4403	0.3508	0.3543	0.0486	1.2200	0.0017	1.4578	
18	79	0.0412	4	0	1	0	0	0	0	0	0	N	N	N	N	N	N	N	N	N	N	N	N	0.0000	0.0000	0.0000	0.0000	0.0000	0.0000	0.0000	0.0000	0.0000	0.0000	0.0000	0.0000	0.0000	0.0000	0.0000	0.0000	0.0000	0.0000	0.2943	0.2198	0.4229	0.3376	0.3446	0.0082	0.2638	0.0000	0.4328	1.1143	0.0000	-0.0103	0.0005	2.9108	9.9413	14.2456	0.0000	0.0000	0.0000	0.0000	0.0000	0.0000	0.0000	0.0000	0.0000	0.1174	0.0555	0.0618	0.0555	0.0555	0.0000	0.0618	0.0000	0.0618	0.0096	0.0086	0.0011	0.0054	0.0049	0.0005	0.0042	0.0037	0.0005	0.3988	0.2526	0.1463	0.1645	0.1611	0.0034	0.2343	0.0915	0.1428	0.0000	0.0000	0.0000	0.0000	0.0000	0.0000	0.0000	0.0000	0.0000	0.2943	0.2198	0.4229	0.3376	0.3446	0.0082	0.2638	0.0000	0.4328	
18	80	0.0361	3	0	1	0	0	0	0	0	0	N	N	N	N	N	N	N	N	N	N	N	N	0.0000	0.0000	0.0000	0.0000	0.0000	0.0000	0.0000	0.0000	0.0000	0.0000	0.0000	0.0000	0.0000	0.0000	0.0000	0.0000	0.0000	0.0000	0.5955	0.9069	0.1446	1.2128	1.2257	0.0741	0.1053	0.0001	0.1454	0.1101	0.0000	-0.0940	0.0005	0.1009	9.9413	7.5203	0.0000	0.0000	0.0000	0.0000	0.0000	0.0000	0.0000	0.0000	0.0000	0.1823	0.1642	0.0181	0.1643	0.1642	0.0001	0.0180	0.0000	0.0180	0.0003	0.0003	0.0000	0.0001	0.0001	0.0000	0.0001	0.0001	0.0000	0.3062	0.1811	0.1251	0.1355	0.1340	0.0015	0.1707	0.0471	0.1236	0.0000	0.0000	0.0000	0.0000	0.0000	0.0000	0.0000	0.0000	0.0000	0.5955	0.9069	0.1446	1.2128	1.2257	0.0741	0.1053	0.0001	0.1454	
18	81	0.0336	2	0	1	0	0	0	0	0	0	N	N	N	N	N	N	N	N	N	N	N	N	0.0000	0.0000	0.0000	0.0000	0.0000	0.0000	0.0000	0.0000	0.0000	0.0000	0.0000	0.0000	0.0000	0.0000	0.0000	0.0000	0.0000	0.0000	0.3434	0.6207	0.0045	0.7486	0.7532	0.0004	0.0038	0.0005	0.0046	0.0060	0.0000	-0.0434	0.0005	0.0014	9.9413	3.7882	0.0000	0.0000	0.0000	0.0000	0.0000	0.0000	0.0000	0.0000	0.0000	0.0714	0.0709	0.0004	0.0709	0.0709	0.0000	0.0004	0.0000	0.0004	0.0000	0.0000	0.0000	0.0000	0.0000	0.0000	0.0000	0.0000	0.0000	0.2078	0.1143	0.0935	0.0948	0.0942	0.0006	0.1131	0.0201	0.0930	0.0000	0.0000	0.0000	0.0000	0.0000	0.0000	0.0000	0.0000	0.0000	0.3434	0.6207	0.0045	0.7486	0.7532	0.0004	0.0038	0.0005	0.0046	
18	82	0.0493	5	0	2	0	0	0	0	0	0	N	Y	N	N	N	N	N	N	N	N	N	N	0.0000	0.0000	0.0000	0.0000	0.0000	0.0000	0.0000	0.0000	0.0000	0.0000	0.0000	0.0000	0.0000	0.0000	0.0000	0.0000	0.0000	0.0000	0.3667	0.5366	0.0001	0.7497	0.8920	0.0000	0.0000	0.0000	0.0001	0.0001	0.0000	-0.1452	0.0005	7.9116	9.9413	21.1247	0.0000	0.0000	0.0000	0.0000	0.0000	0.0000	0.0000	0.0000	0.0000	0.2362	0.2362	0.0000	0.2362	0.2362	0.0000	0.0000	0.0000	0.0000	0.1008	0.0747	0.0261	0.0679	0.0522	0.0157	0.0329	0.0225	0.0103	0.6440	0.4401	0.2039	0.3150	0.2648	0.0503	0.3290	0.1754	0.1536	0.0000	0.0000	0.0000	0.0000	0.0000	0.0000	0.0000	0.0000	0.0000	0.3667	0.5366	0.0001	0.7497	0.8920	0.0000	0.0000	0.0000	0.0001	
18	83	0.0672	6	1	2	0	0	0	0	0	0	N	Y	N	N	N	N	N	N	N	N	N	N	0.0000	0.0000	0.0000	0.0000	0.0000	0.0000	0.0000	0.0000	0.0000	0.0000	0.0000	0.0000	0.0000	0.0000	0.0000	0.0000	0.0000	0.0000	0.0000	0.0000	0.0005	0.0000	9.9413	1.8333	0.0000	0.0000	0.0000	0.0000	0.0000	0.0000	0.0000	0.0000	0.0000	0.0000	0.0000	0.0000	0.0000	0.0000	0.0000	0.0000	0.0000	0.0000	0.0000	0.0000	0.0000	0.0000	0.0000	0.0000	0.0000	0.0000	0.0000	0.0345	0.0234	0.0110	0.0146	0.0135	0.0012	0.0198	0.0100	0.0099	0.0000	0.0000	0.0000	0.0000	0.0000	0.0000	0.0000	0.0000	0.0000	0.0000	0.0000	0.0000	0.0000	0.0000	0.0000	0.0000	0.0000	0.0000											
18	84	0.0493	5	1	2	0	0	0	0	0	0	N	Y	N	N	N	N	N	N	N	N	N	N	0.0000	0.0000	0.0000	0.0000	0.0000	0.0000	0.0000	0.0000	0.0000	0.0000	0.0000	0.0000	0.0000	0.0000	0.0000	0.0000	0.0000	0.0000	3.2849	0.0001	11.6472	0.0100	0.0001	0.0572	6.8187	0.0000	21.2643	79056.6686	0.0000	0.6804	0.0005	6.9552	9.9413	13.1226	0.0000	0.0000	0.0000	0.0000	0.0000	0.0000	0.0000	0.0000	0.0000	1.7661	0.0000	1.7660	0.0028	0.0000	0.0028	1.7633	0.0000	1.7633	0.0992	0.0731	0.0261	0.0671	0.0513	0.0158	0.0321	0.0218	0.0103	0.5376	0.3704	0.1672	0.2790	0.2305	0.0485	0.2586	0.1399	0.1187	0.0000	0.0000	0.0000	0.0000	0.0000	0.0000	0.0000	0.0000	0.0000	3.2849	0.0001	10.5633	0.0100	0.0001	0.0572	6.8187	0.0000	14.8590	
18	85	0.0462	4	0	2	0	0	0	0	0	0	N	Y	N	N	N	N	N	N	N	N	N	N	0.0000	0.0000	0.0000	0.0000	0.0000	0.0000	0.0000	0.0000	0.0000	0.0000	0.0000	0.0000	0.0000	0.0000	0.0000	0.0000	0.0000	0.0000	2.2390	1.6917	3.3296	2.4417	2.7219	0.0077	2.0701	0.0645	3.8724	0.9878	0.0000	-0.0429	0.0005	0.3374	9.9413	6.1146	0.0000	0.0000	0.0000	0.0000	0.0000	0.0000	0.0000	0.0000	0.0000	0.3638	0.1830	0.1808	0.1804	0.1803	0.0001	0.1834	0.0027	0.1807	0.0030	0.0024	0.0006	0.0020	0.0015	0.0005	0.0010	0.0008	0.0002	0.1625	0.1082	0.0543	0.0739	0.0662	0.0076	0.0886	0.0419	0.0467	0.0000	0.0000	0.0000	0.0000	0.0000	0.0000	0.0000	0.0000	0.0000	2.2390	1.6917	3.3296	2.4417	2.7219	0.0077	2.0701	0.0645	3.8724	
18	86	0.0462	4	0	2	0	0	0	0	0	0	N	Y	N	N	N	N	N	N	N	N	N	N	0.0000	0.0000	0.0000	0.0000	0.0000	0.0000	0.0000	0.0000	0.0000	0.0000	0.0000	0.0000	0.0000	0.0000	0.0000	0.0000	0.0000	0.0000	4.4850	3.7869	5.8877	0.0110	0.0103	0.0212	7.2772	8.1894	6.3623	0.7737	0.0000	-0.3157	0.0005	11.0342	9.9413	12.7513	0.0000	0.0000	0.0000	0.0000	0.0000	0.0000	0.0000	0.0000	0.0000	1.7681	0.9968	0.7712	0.0017	0.0015	0.0002	1.7664	0.9954	0.7710	0.0293	0.0268	0.0024	0.0154	0.0149	0.0005	0.0139	0.0119	0.0019	0.3942	0.2632	0.1310	0.1515	0.1417	0.0098	0.2427	0.1215	0.1212	0.0000	0.0000	0.0000	0.0000	0.0000	0.0000	0.0000	0.0000	0.0000	4.4850	3.7869	5.8877	0.0110	0.0103	0.0212	7.2772	8.1894	6.3623	
18	87	0.0386	3	0	2	0	0	0	0	0	0	N	Y	N	N	N	N	N	N	N	N	N	N	0.0000	0.0000	0.0000	0.0000	0.0000	0.0000	0.0000	0.0000	0.0000	0.0000	0.0000	0.0000	0.0000	0.0000	0.0000	0.0000	0.0000	0.0000	1.4437	0.0429	4.0762	0.0196	0.0202	0.0012	2.2324	0.0684	4.2181	50.5108	0.0000	0.0883	0.0005	3.9739	9.9413	6.2820	0.0000	0.0000	0.0000	0.0000	0.0000	0.0000	0.0000	0.0000	0.0000	0.2414	0.0047	0.2367	0.0012	0.0012	0.0000	0.2402	0.0035	0.2367	0.0102	0.0094	0.0007	0.0052	0.0052	0.0000	0.0050	0.0043	0.0007	0.1672	0.1091	0.0581	0.0596	0.0576	0.0020	0.1076	0.0515	0.0561	0.0000	0.0000	0.0000	0.0000	0.0000	0.0000	0.0000	0.0000	0.0000	1.4437	0.0429	4.0762	0.0196	0.0202	0.0012	2.2324	0.0684	4.2181	
18	88	0.0336	2	0	2	0	0	0	0	0	0	N	Y	N	N	N	N	N	N	N	N	N	N	0.0000	0.0000	0.0000	0.0000	0.0000	0.0000	0.0000	0.0000	0.0000	0.0000	0.0000	0.0000	0.0000	0.0000	0.0000	0.0000	0.0000	0.0000	0.0075	0.0059	0.0095	0.0076	0.0076	0.0089	0.0075	0.0004	0.0095	1.2386	0.0000	-0.0001	0.0005	0.0056	9.9413	5.7021	0.0000	0.0000	0.0000	0.0000	0.0000	0.0000	0.0000	0.0000	0.0000	0.0018	0.0008	0.0010	0.0008	0.0008	0.0000	0.0010	0.0000	0.0010	0.0000	0.0000	0.0000	0.0000	0.0000	0.0000	0.0000	0.0000	0.0000	0.2335	0.1318	0.1017	0.1030	0.1021	0.0009	0.1305	0.0297	0.1008	0.0000	0.0000	0.0000	0.0000	0.0000	0.0000	0.0000	0.0000	0.0000	0.0075	0.0059	0.0095	0.0076	0.0076	0.0089	0.0075	0.0004	0.0095	
18	92	0.0970	4	0	1	0	0	0	0	0	0	N	N	N	N	N	N	N	N	N	N	N	N	0.0004	0.0004	0.0000	0.0004	0.0004	0.0000	0.0000	0.0000	0.0000	0.0000	0.0001	0.0000	0.0001	0.0001	0.0000	0.0000	0.0000	0.0000	0.1098	0.1609	0.0134	0.2329	0.2441	0.0978	0.0023	0.0002	0.0037	0.0000	0.0442	-0.0000	-0.0747	0.0005	24.8682	9.9413	39.8855	0.0000	0.0000	0.0000	0.0000	0.0000	0.0000	0.0000	0.0000	0.0000	0.1305	0.1250	0.0055	0.1291	0.1250	0.0041	0.0014	0.0001	0.0014	0.0073	0.0047	0.0026	0.0039	0.0037	0.0002	0.0034	0.0011	0.0023	1.1885	0.7769	0.4117	0.5543	0.5119	0.0424	0.6342	0.2650	0.3693	0.0004	0.0004	0.0000	0.0004	0.0004	0.0000	0.0000	0.0000	0.0000	0.1098	0.1609	0.0134	0.2329	0.2441	0.0978	0.0023	0.0002	0.0037
19	21	0.0407	4	1	2	0	0	0	0	0	0	N	Y	N	N	N	N	N	N	N	N	N	N	4.6310	3.1404	0.0000	0.0000	0.0000	0.0000	3.7062	2.1241	0.0000	21.5760	25.5451	0.0000	0.0000	0.0000	0.0000	21.9598	26.0838	0.0000	4.6591	8.1344	0.0019	0.0879	0.0973	0.0043	5.9252	12.2798	0.0018	0.0000	0.0002	-0.5481	-0.6159	4.7901	2.0000	15.0000	11.9921	0.9999	0.9999	0.0000	0.0000	0.0000	0.0000	0.9999	0.9999	0.0000	1.0022	1.0020	0.0002	0.0041	0.0041	0.0000	0.9981	0.9980	0.0002	0.0463	0.0391	0.0072	0.0008	0.0008	0.0000	0.0455	0.0383	0.0072	0.2151	0.1232	0.0919	0.0467	0.0419	0.0047	0.1685	0.0813	0.0872	4.6310	3.1404	0.0000	0.0000	0.0000	0.0000	3.7062	2.1241	0.0000	4.6591	8.1344	0.0019	0.0879	0.0973	0.0043	5.9252	12.2798	0.0018
19	22	0.0275	2	1	2	0	0	0	0	0	0	N	Y	N	N	N	N	N	N	N	N	N	N	0.0029	0.0018	0.0000	0.0284	0.0286	0.0000	0.0000	0.0000	0.0019	0.0022	0.0000	0.0741	0.0751	0.0000	0.0000	0.0000	0.0000	0.6423	1.2117	0.0000	2.6077	2.6246	0.0001	0.0000	0.0000	0.0000	0.0000	0.0000	-0.0001	-0.1463	4.7901	2.9966	15.0000	14.0927	0.0001	0.0001	0.0000	0.0001	0.0001	0.0000	0.0000	0.0000	0.0000	0.2380	0.2380	0.0000	0.2380	0.2380	0.0000	0.0000	0.0000	0.0000	0.0698	0.0590	0.0108	0.0018	0.0018	0.0000	0.0680	0.0573	0.0107	0.3705	0.1964	0.1741	0.0913	0.0907	0.0006	0.2792	0.1057	0.1735	0.0029	0.0018	0.0000	0.0284	0.0286	0.0000	0.0000	0.0000	0.0000	0.6423	1.2117	0.0000	2.6077	2.6246	0.0001	0.0000	0.0000	0.0000	
19	23	0.0911	9	1	2	1	1	0	0	0	0	N	Y	N	N	N	N	N	N	N	N	N	N	0.0000	0.0000	0.0000	0.0000	0.0000	0.0000	0.0000	0.0000	0.0000	0.0000	0.0000	0.0000	0.0000	0.0000	0.0000	0.0192	0.0296	0.0000	0.0496	0.0521	0.0000	0.0000	0.0000	0.0000	0.0000	0.0000	-0.0001	4.7901	0.3092	15.0000	0.1355	0.0000	0.0000	0.0000	0.0000	0.0000	0.0000	0.0000	0.0000	0.0000	0.0002	0.0002	0.0000	0.0002	0.0002	0.0000	0.0000	0.0000	0.0000	0.0115	0.0097	0.0018	0.0031	0.0030	0.0001	0.0084	0.0066	0.0017	0.0111	0.0072	0.0039	0.0043	0.0041	0.0002	0.0068	0.0031	0.0037	0.0000	0.0000	0.0000	0.0000	0.0000	0.0000	0.0000	0.0000	0.0000	0.0192	0.0296	0.0000	0.0496	0.0521	0.0000	0.0000	0.0000	0.0000				
19	24	0.0804	8	1	1	0	1	0	0	0	0	N	N	N	N	N	N	N	N	N	N	N	N	0.0354	0.0253	0.0000	0.0792	0.0750	0.0000	0.0000	0.0000	0.0000	0.0002	0.0002	0.0000	0.0015	0.0015	0.0000	0.0000	0.0000	0.0000	0.0055	0.0089	0.0003	0.0185	0.0205	0.0025	0.0001	0.0000	0.0001	0.0000	0.0217	-0.0000	-0.0008	4.7901	6.2779	15.0000	13.9173	0.0000	0.0000	0.0000	0.0000	0.0000	0.0000	0.0000	0.0000	0.0000	0.0014	0.0014	0.0000	0.0014	0.0014	0.0000	0.0000	0.0000	0.0000	0.1339	0.1147	0.0192	0.0176	0.0168	0.0008	0.1163	0.0979	0.0184	0.2589	0.1554	0.1035	0.0757	0.0673	0.0083	0.1833	0.0881	0.0952	0.0354	0.0253	0.0000	0.0792	0.0750	0.0000	0.0000	0.0000	0.0000	0.0055	0.0089	0.0003	0.0185	0.0205	0.0025	0.0001	0.0000	0.0001
19	25	0.0694	5	1	2	0	0	0	0	0	0	N	Y	N	N	N	N	N	N	N	N	N	N	0.0000	0.0000	0.0018	0.0001	0.0001	0.0230	0.0003	0.0000	0.0012	0.0000	0.0000	0.0000	0.0000	0.0000	0.0000	0.0000	0.0000	0.0000	0.0697	0.1132	0.0003	0.2369	0.2514	0.0007	0.0002	0.0000	0.0003	0.0573	0.0019	-0.0000	-0.0148	4.7901	3.8932	15.0000	15.3303	0.0000	0.0000	0.0000	0.0000	0.0000	0.0000	0.0000	0.0000	0.0000	0.0241	0.0240	0.0000	0.0240	0.0240	0.0000	0.0000	0.0000	0.0000	0.1015	0.0870	0.0144	0.0114	0.0112	0.0002	0.0901	0.0759	0.0142	0.3454	0.2125	0.1329	0.1015	0.0956	0.0059	0.2439	0.1168	0.1271	0.0000	0.0000	0.0018	0.0001	0.0001	0.0230	0.0003	0.0000	0.0012	0.0697	0.1132	0.0003	0.2369	0.2514	0.0007	0.0002	0.0000	0.0003
19	26	0.0752	7	1	2	0	1	0	0	0	0	N	Y	N	N	N	N	N	N	N	N	N	N	0.0000	0.0007	0.0000	0.0018	0.0017	0.0000	0.0000	0.0000	0.0000	0.0000	0.0000	0.0000	0.0000	0.0000	0.0000	0.0000	0.0000	4.4395	0.0111	13.3230	0.0213	0.0228	0.0053	6.4821	0.0000	13.9380	0.0000	671.5547	-0.0000	0.3839	4.7901	4.2937	15.0000	9.5692	0.0000	0.0000	0.0000	0.0000	0.0000	0.0000	0.0000	0.0000	0.0000	1.0002	0.0015	0.9988	0.0015	0.0015	0.0000	0.9987	0.0000	0.9987	0.1208	0.1044	0.0164	0.0216	0.0210	0.0005	0.0992	0.0833	0.0159	0.2253	0.1339	0.0914	0.0712	0.0653	0.0059	0.1541	0.0686	0.0855	0.0000	0.0007	0.0000	0.0018	0.0017	0.0000	0.0000	0.0000	0.0000	4.4395	0.0111	10.9251	0.0213	0.0228	0.0053	6.4821	0.0000	11.6853	
19	27	0.0607	3	2	2	0	0	0	0	0	0	Y	Y	N	N	N	N	N	N	N	N	N	N	1.9539	1.3211	0.0000	0.0002	0.0002	0.0000	3.5751	2.0783	0.0000	5.7070	6.7227	0.0000	0.0015	0.0016	0.0000	6.0492	7.1828	0.0000	2.9208	5.0886	0.0018	8.0031	8.6660	0.0000	1.6920	3.4561	0.0019	0.0000	0.0003	-1.0985	-1.1736	4.7901	16.0000	15.0000	34.8566	2.0039	2.0039	0.0000	0.0000	0.0000	0.0000	2.0039	2.0039	0.0000	1.9100	1.9095	0.0005	1.0189	1.0189	0.0000	0.8910	0.8905	0.0005	0.3511	0.2981	0.0531	0.0199	0.0191	0.0008	0.3313	0.2790	0.0523	0.6539	0.3752	0.2787	0.1273	0.1176	0.0097	0.5266	0.2577	0.2689	1.9539	1.3211	0.0000	0.0002	0.0002	0.0000	3.5751	2.0783	0.0000	2.9208	5.0886	0.0018	8.0031	8.6660	0.0000	1.6920	3.4561	0.0019
19	28	0.0906	11	1	1	1	0	0	0	0	0	N	N	N	N	N	N	N	N	N	N	N	N	0.0000	0.0000	0.0000	0.0000	0.0000	0.0000	0.0000	0.0000	0.0000	0.0000	0.0000	0.0000	0.0000	0.0000	0.0000	0.0000	0.0000	0.0000	0.0000	0.0000	4.7901	0.0000	15.0000	3.0088	0.0000	0.0000	0.0000	0.0000	0.0000	0.0000	0.0000	0.0000	0.0000	0.0000	0.0000	0.0000	0.0000	0.0000	0.0000	0.0000	0.0000	0.0000	0.0000	0.0000	0.0000	0.0000	0.0000	0.0000	0.0000	0.0000	0.0000	0.0321	0.0188	0.0132	0.0106	0.0085	0.0020	0.0215	0.0103	0.0112	0.0000	0.0000	0.0000	0.0000	0.0000	0.0000	0.0000	0.0000	0.0000	0.0000	0.0000	0.0000	0.0000	0.0000	0.0000	0.0000	0.0000	0.0000											
19	29	0.0782	8	1	2	0	0	0	0	0	0	N	Y	N	N	N	N	N	N	N	N	N	N	0.2198	0.1509	0.3906	0.7093	0.6864	77.9020	0.1004	4674.7158	0.1893	0.0438	0.0515	0.0011	0.5028	0.5515	0.0108	0.0002	0.0001	0.0006	0.1992	0.3413	0.0028	0.7090	0.8035	0.0001	0.0016	0.0000	0.0030	0.0038	0.0059	-0.0029	-0.0339	4.7901	5.0749	15.0000	14.8264	0.0053	0.0053	0.0000	0.0053	0.0053	0.0000	0.0000	0.0000	0.0000	0.0556	0.0553	0.0003	0.0553	0.0553	0.0000	0.0003	0.0000	0.0003	0.1215	0.1029	0.0186	0.0105	0.0096	0.0009	0.1110	0.0933	0.0177	0.2794	0.1621	0.1173	0.0780	0.0689	0.0092	0.2014	0.0932	0.1081	0.2198	0.1509	0.3906	0.7093	0.6864	77.9020	0.1004	4674.7158	0.1893	0.1992	0.3413	0.0028	0.7090	0.8035	0.0001	0.0016	0.0000	0.0030
19	30	0.0275	2	2	1	1	0	0	0	0	0	Y	N	N	N	N	N	N	N	N	N	N	N	0.0527	0.0008	25511.5009	0.0158	0.0123	5055.3614	6982.5092	26840.7616	0.0303	0.0009	0.1916	0.0398	0.0310	0.6397	0.0300	0.0000	0.1906	0.5743	1.0810	0.0000	2.5134	2.5312	0.0001	0.0000	0.0000	0.0000	40.7390	0.0000	0.0018	-0.1491	4.7901	5.9956	15.0000	15.0927	0.0042	0.0001	0.0041	0.0001	0.0001	0.0000	0.0040	0.0000	0.0040	0.2426	0.2426	0.0000	0.2426	0.2426	0.0000	0.0000	0.0000	0.0000	0.1374	0.1162	0.0212	0.0033	0.0032	0.0000	0.1342	0.1130	0.0211	0.4224	0.2244	0.1980	0.0965	0.0958	0.0007	0.3259	0.1286	0.1973	0.0527	0.0008	25511.5009	0.0158	0.0123	5055.3614	6982.5092	0.0000	26840.7616	0.5743	1.0810	0.0000	2.5134	2.5312	0.0001	0.0000	0.0000	0.0000	
19	31	0.0804	8	1	2	0	0	0	0	0	0	N	Y	N	N	N	N	N	N	N	N	N	N	0.0370	0.0000	1.0072	0.0437	0.0000	56.6732	0.1009	0.0000	0.3296	0.0001	0.0000	0.0008	0.0004	0.0000	0.0139	0.0000	0.0000	0.0003	0.0029	0.0043	0.0008	0.0087	0.0097	0.0002	0.0004	0.0000	0.0008	1383.7000	0.1211	0.0000	-0.0002	4.7901	1.4218	15.0000	7.0463	0.0000	0.0000	0.0000	0.0000	0.0000	0.0000	0.0000	0.0000	0.0000	0.0004	0.0003	0.0000	0.0003	0.0003	0.0000	0.0000	0.0000	0.0000	0.0385	0.0333	0.0052	0.0073	0.0071	0.0002	0.0312	0.0262	0.0050	0.1215	0.0732	0.0483	0.0365	0.0327	0.0038	0.0850	0.0405	0.0445	0.0370	0.0000	1.0072	0.0437	0.0000	56.6732	0.1009	0.0000	0.3296	0.0029	0.0043	0.0008	0.0087	0.0097	0.0002	0.0004	0.0000	0.0008
19	32	0.0752	7	1	1	0	0	0	0	0	0	N	N	N	N	N	N	N	N	N	N	N	N	0.0127	0.0054	0.1483	0.0235	0.0145	5.8485	0.0102	0.0000	0.0494	0.0001	0.0000	0.0002	0.0003	0.0002	0.0045	0.0000	0.0000	0.0001	0.0052	0.0077	0.0015	0.0133	0.0143	0.0008	0.0012	0.0007	0.0015	0.8140	0.1300	-0.0000	-0.0004	4.7901	4.3312	15.0000	5.5221	0.0000	0.0000	0.0000	0.0000	0.0000	0.0000	0.0000	0.0000	0.0000	0.0009	0.0008	0.0001	0.0008	0.0008	0.0000	0.0001	0.0000	0.0001	0.1216	0.1051	0.0165	0.0216	0.0211	0.0005	0.0999	0.0840	0.0160	0.1728	0.1026	0.0703	0.0567	0.0524	0.0043	0.1161	0.0501	0.0660	0.0127	0.0054	0.1483	0.0235	0.0145	5.8485	0.0102	0.0000	0.0494	0.0052	0.0077	0.0015	0.0133	0.0143	0.0008	0.0012	0.0007	0.0015
19	33	0.0728	6	1	1	0	0	0	0	0	0	N	N	N	N	N	N	N	N	N	N	N	N	0.0800	0.2050	0.0109	0.8040	0.8680	0.4515	0.0009	0.0000	0.0036	0.0009	0.0011	0.0002	0.0074	0.0074	0.0065	0.0000	0.0000	0.0001	0.0118	0.0052	0.0210	0.0091	0.0085	0.0145	0.0129	0.0025	0.0215	0.0350	2.9268	-0.0001	0.0002	4.7901	4.2685	15.0000	3.7703	0.0001	0.0001	0.0000	0.0001	0.0001	0.0000	0.0000	0.0000	0.0000	0.0014	0.0004	0.0011	0.0003	0.0003	0.0001	0.0011	0.0001	0.0010	0.1131	0.0973	0.0158	0.0144	0.0140	0.0004	0.0987	0.0833	0.0155	0.1214	0.0705	0.0509	0.0354	0.0316	0.0038	0.0860	0.0389	0.0471	0.0800	0.2050	0.0109	0.8040	0.8680	0.4515	0.0009	0.0000	0.0036	0.0118	0.0052	0.0210	0.0091	0.0085	0.0145	0.0129	0.0025	0.0215
19	34	0.0275	2	2	1	1	0	0	0	0	0	Y	N	N	N	N	N	N	N	N	N	N	N	0.0015	0.0010	0.0146	0.0147	0.0009	0.0010	0.0000	0.0368	0.0373	0.0000	0.0000	0.0000	0.0000	0.5838	1.0995	0.0000	2.5111	2.5285	0.0000	0.0000	0.0000	0.0000	0.0000	0.0000	-0.0001	-0.1470	4.7901	4.9966	15.0000	15.0870	0.0001	0.0001	0.0000	0.0001	0.0001	0.0000	0.0000	0.0000	0.0000	0.2391	0.2391	0.0000	0.2391	0.2391	0.0000	0.0000	0.0000	0.0000	0.1151	0.0973	0.0177	0.0028	0.0027	0.0000	0.1123	0.0946	0.0177	0.4095	0.2174	0.1921	0.0952	0.0945	0.0007	0.3143	0.1229	0.1914	0.0015	0.0010	0.0000	0.0146	0.0147	0.0000	0.0000	0.0000	0.0000	0.5838	1.0995	0.0000	2.5111	2.5285	0.0000	0.0000	0.0000	0.0000					
19	35	0.0906	11	1	2	0	0	0	0	0	0	N	Y	N	N	N	N	N	N	N	N	N	N	0.0000	0.0000	0.0000	0.0000	0.0000	0.0000	0.0000	0.0000	0.0000	0.0000	0.0000	0.0000	0.0000	0.0000	0.0000	0.0000	0.0000	0.0000	0.0000	0.0000	4.7901	1.0000	15.0000	1.0102	0.0000	0.0000	0.0000	0.0000	0.0000	0.0000	0.0000	0.0000	0.0000	0.0000	0.0000	0.0000	0.0000	0.0000	0.0000	0.0000	0.0000	0.0000	0.0202	0.0174	0.0028	0.0017	0.0016	0.0001	0.0185	0.0158	0.0027	0.0216	0.0127	0.0089	0.0071	0.0058	0.0014	0.0144	0.0069	0.0075	0.0000	0.0000	0.0000	0.0000	0.0000	0.0000	0.0000	0.0000	0.0000	0.0000	0.0000	0.0000	0.0000	0.0000	0.0000	0.0000	0.0000	0.0000											
19	36	0.0906	10	1	1	0	0	0	0	0	0	N	N	N	N	N	N	N	N	N	N	N	N	0.0000	0.0000	0.0000	0.0000	0.0000	0.0000	0.0000	0.0000	0.0000	0.0000	0.0000	0.0000	0.0000	0.0000	0.0000	0.0000	0.0000	0.0000	0.0000	0.0000	4.7901	0.0000	15.0000	0.0263	0.0000	0.0000	0.0000	0.0000	0.0000	0.0000	0.0000	0.0000	0.0000	0.0000	0.0000	0.0000	0.0000	0.0000	0.0000	0.0000	0.0000	0.0000	0.0000	0.0000	0.0000	0.0000	0.0000	0.0000	0.0000	0.0000	0.0000	0.0006	0.0003	0.0002	0.0002	0.0002	0.0000	0.0004	0.0001	0.0002	0.0000	0.0000	0.0000	0.0000	0.0000	0.0000	0.0000	0.0000	0.0000	0.0000	0.0000	0.0000	0.0000	0.0000	0.0000	0.0000	0.0000	0.0000											
19	37	0.0605	3	2	2	1	0	0	0	0	0	Y	Y	N	N	N	N	N	N	N	N	N	N	0.0000	0.0000	0.0000	0.0000	0.0000	0.0000	0.0000	0.0000	0.0000	0.0000	0.0000	0.0000	0.0000	0.0000	0.0000	0.0000	0.0319	0.0557	0.0002	0.1866	0.1954	0.0000	0.0001	0.0000	0.0002	0.0021	0.0000	-0.0023	4.7901	3.0000	15.0000	5.0002	0.0000	0.0000	0.0000	0.0000	0.0000	0.0000	0.0000	0.0000	0.0000	0.0037	0.0037	0.0000	0.0037	0.0037	0.0000	0.0000	0.0000	0.0000	0.0685	0.0577	0.0107	0.0036	0.0034	0.0002	0.0649	0.0544	0.0106	0.1163	0.0664	0.0499	0.0198	0.0189	0.0009	0.0965	0.0475	0.0490	0.0000	0.0000	0.0000	0.0000	0.0000	0.0000	0.0000	0.0000	0.0000	0.0319	0.0557	0.0002	0.1866	0.1954	0.0000	0.0001	0.0000	0.0002			
19	38	0.0943	7	2	2	0	0	0	0	0	0	Y	Y	N	N	N	N	N	N	N	N	N	N	3.0450	2.5528	3.3017	3.5501	0.0002	0.0002	0.0000	0.0005	0.0005	0.0000	0.0000	0.0000	0.0000	0.0001	0.0001	0.0000	0.0001	0.0001	0.0000	0.0000	0.0000	0.0000	0.0000	0.0007	-0.0000	-0.0000	4.7901	0.0001	15.0000	0.1668	0.0000	0.0000	0.0000	0.0000	0.0000	0.0000	0.0000	0.0000	0.0000	0.0000	0.0000	0.0000	0.0000	0.0000	0.0000	0.0000	0.0000	0.0000	0.0000	0.0000	0.0000	0.0000	0.0000	0.0000	0.0000	0.0000	0.0000	0.0160	0.0121	0.0039	0.0075	0.0074	0.0001	0.0086	0.0047	0.0038	3.0450	2.5528	0.0000	3.3017	3.5501	0.0000	0.0000	0.0000	0.0000	0.0001	0.0001	0.0000	0.0001	0.0001	0.0000	0.0000	0.0000	0.0000					
19	39	0.0821	10	1	1	0	1	0	0	0	0	N	N	N	N	N	N	N	N	N	N	N	N	1.7017	1.9120	0.0000	2.9275	4.2734	0.0000	0.0000	0.0000	0.0005	0.0006	0.0000	0.0020	0.0023	0.0000	0.0000	0.0000	0.0000	0.0003	0.0003	0.0003	0.0007	0.0005	0.0034	0.0000	0.0000	0.0001	0.0000	0.5373	-0.0000	-0.0000	4.7901	1.7673	15.0000	9.0239	0.0000	0.0000	0.0000	0.0000	0.0000	0.0000	0.0000	0.0000	0.0000	0.0001	0.0000	0.0000	0.0001	0.0000	0.0000	0.0000	0.0000	0.0000	0.0607	0.0519	0.0088	0.0147	0.0133	0.0014	0.0461	0.0387	0.0074	0.2645	0.1653	0.0992	0.1003	0.0944	0.0060	0.1641	0.0709	0.0932	1.7017	1.9120	0.0000	2.9275	4.2734	0.0000	0.0000	0.0000	0.0000	0.0003	0.0003	0.0003	0.0007	0.0005	0.0034	0.0000	0.0000	0.0001	
19	40	0.0797	9	1	1	0	1	0	0	0	0	N	N	N	N	N	N	N	N	N	N	N	N	0.1706	4.9251	0.0007	10.0978	13.0475	0.0002	0.0770	3.6016	0.0008	0.2091	0.2472	0.0021	0.6429	0.7493	0.0000	0.1333	0.1578	0.0025	1.2257	0.0502	2.8623	0.0637	0.0574	0.1190	1.7317	0.0438	3.0799	0.0016	40.9596	-0.0104	0.0510	4.7901	3.4690	15.0000	3.7419	0.0190	0.0190	0.0000	0.0087	0.0087	0.0000	0.0103	0.0103	0.0000	0.1410	0.0034	0.1377	0.0022	0.0018	0.0004	0.1388	0.0016	0.1373	0.0909	0.0767	0.0141	0.0135	0.0116	0.0019	0.0773	0.0651	0.0122	0.1151	0.0670	0.0481	0.0349	0.0314	0.0035	0.0802	0.0356	0.0446	0.1706	4.9251	0.0007	10.0978	13.0475	0.0002	0.0770	3.6016	0.0008	1.2257	0.0502	2.8623	0.0637	0.0574	0.1190	1.7317	0.0438	3.0799
19	41	0.0460	7	1	2	1	0	0	0	0	0	N	Y	N	N	N	N	N	N	N	N	N	N	0.0000	0.0000	0.0000	0.0000	0.0000	0.0000	0.0000	0.0000	0.0000	0.0000	0.0000	0.0000	0.0000	0.0000	0.0000	0.0000	0.0000	0.0000	0.0064	0.0100	0.0000	0.0207	0.0223	0.0000	0.0000	0.0000	0.0000	0.0005	0.0000	-0.0009	4.7901	0.9997	15.0000	10.1790	0.0000	0.0000	0.0000	0.0000	0.0000	0.0000	0.0000	0.0000	0.0000	0.0014	0.0014	0.0000	0.0014	0.0014	0.0000	0.0000	0.0000	0.0000	0.0237	0.0200	0.0037	0.0005	0.0005	0.0000	0.0232	0.0195	0.0037	0.2251	0.1440	0.0812	0.0697	0.0647	0.0050	0.1555	0.0793	0.0762	0.0000	0.0000	0.0000	0.0000	0.0000	0.0000	0.0000	0.0000	0.0000	0.0064	0.0100	0.0000	0.0207	0.0223	0.0000	0.0000	0.0000	0.0000	
19	42	0.0449	6	1	2	0	0	0	0	0	0	N	Y	N	N	N	N	N	N	N	N	N	N	0.0000	0.0000	0.0000	0.0000	0.0000	0.0000	0.0000	0.0000	0.0000	0.0000	0.0000	0.0000	0.0000	0.0000	0.0000	0.0000	0.0000	0.0000	0.0058	0.0090	0.0008	0.0178	0.0182	0.0113	0.0001	0.0000	0.0002	0.0535	0.0000	-0.0001	4.7901	0.0007	15.0000	0.9413	0.0000	0.0000	0.0000	0.0000	0.0000	0.0000	0.0000	0.0000	0.0000	0.0001	0.0001	0.0000	0.0001	0.0001	0.0000	0.0000	0.0000	0.0000	0.0000	0.0000	0.0000	0.0000	0.0000	0.0000	0.0000	0.0000	0.0000	0.0217	0.0133	0.0084	0.0069	0.0065	0.0004	0.0148	0.0067	0.0080	0.0000	0.0000	0.0000	0.0000	0.0000	0.0000	0.0000	0.0000	0.0000	0.0058	0.0090	0.0008	0.0178	0.0182	0.0113	0.0001	0.0000	0.0002	
19	43	0.0275	2	2	1	1	0	0	0	0	0	Y	N	N	N	N	N	N	N	N	N	N	N	687.1134	0.0000	58628.9823	50.9002	0.0000	11488.1525	15270.3501	61686.9875	0.0865	0.0000	0.5617	0.0234	0.0000	1.8964	0.0883	0.0000	0.5588	0.0001	0.0002	0.0000	0.0005	0.0005	0.0002	0.0000	0.0000	0.0000	inf	0.0372	0.0018	-0.0000	4.7901	1.9995	15.0000	12.0029	0.0041	0.0000	0.0041	0.0000	0.0000	0.0000	0.0040	0.0000	0.0040	0.0000	0.0000	0.0000	0.0000	0.0000	0.0000	0.0000	0.0000	0.0000	0.0469	0.0397	0.0072	0.0013	0.0013	0.0000	0.0456	0.0384	0.0072	0.3296	0.1744	0.1552	0.0871	0.0866	0.0005	0.2425	0.0878	0.1547	687.1134	0.0000	58628.9823	50.9002	0.0000	11488.1525	15270.3501	0.0000	61686.9875	0.0001	0.0002	0.0000	0.0005	0.0005	0.0002	0.0000	0.0000	0.0000	
19	44	0.0607	3	2	2	0	0	0	0	0	0	Y	Y	N	N	N	N	N	N	N	N	N	N	468.5513	0.0000	11841.9387	0.0000	0.0000	0.0000	3712.2734	0.0000	12059.1253	4.4539	0.0000	29.2932	0.0000	0.0000	0.0000	4.7198	0.0000	29.7229	0.0095	0.0147	0.0025	0.0426	0.0458	0.0027	0.0013	0.0000	0.0025	inf	0.1246	0.4518	-0.0024	4.7901	10.0000	15.0000	26.8440	0.9999	0.0000	0.9999	0.0000	0.0000	0.0000	0.9999	0.0000	0.9999	0.0047	0.0042	0.0005	0.0042	0.0042	0.0000	0.0005	0.0000	0.0005	0.2245	0.1904	0.0341	0.0126	0.0122	0.0005	0.2118	0.1782	0.0336	0.4976	0.2857	0.2119	0.0991	0.0917	0.0074	0.3985	0.1940	0.2046	468.5513	0.0000	11841.9387	0.0000	0.0000	0.0000	3712.2734	0.0000	12059.1253	0.0095	0.0147	0.0025	0.0426	0.0458	0.0027	0.0013	0.0000	0.0025
19	45	0.0449	6	1	2	0	0	0	0	0	0	N	Y	N	N	N	N	N	N	N	N	N	N	1.1066	1.1493	0.0000	14.0716	17.9693	0.0000	0.0000	0.0000	0.0001	0.0002	0.0000	0.0066	0.0067	0.0000	0.0000	0.0000	0.0000	0.0001	0.0001	0.0001	0.0005	0.0004	0.0015	0.0000	0.0000	0.0000	0.0000	0.4794	-0.0000	-0.0000	4.7901	3.0000	15.0000	5.0456	0.0000	0.0000	0.0000	0.0000	0.0000	0.0000	0.0000	0.0000	0.0000	0.0000	0.0000	0.0000	0.0000	0.0000	0.0000	0.0000	0.0000	0.0000	0.0704	0.0594	0.0110	0.0015	0.0015	0.0000	0.0688	0.0579	0.0110	0.1355	0.0802	0.0552	0.0348	0.0316	0.0032	0.1006	0.0486	0.0521	1.1066	1.1493	0.0000	14.0716	17.9693	0.0000	0.0000	0.0000	0.0000	0.0001	0.0001	0.0001	0.0005	0.0004	0.0015	0.0000	0.0000	0.0000	
19	46	0.0407	5	1	2	0	0	0	0	0	0	N	Y	N	N	N	N	N	N	N	N	N	N	0.0000	0.0000	0.0000	0.0000	0.0000	0.0000	0.0000	0.0000	0.0000	0.0000	0.0000	0.0000	0.0000	0.0000	0.0000	0.0000	0.0000	0.0046	0.0016	0.0087	0.0059	0.0045	0.0194	0.0042	0.0000	0.0081	3.9967	-0.0000	0.0000	4.7901	2.0000	15.0000	1.0030	0.0000	0.0000	0.0000	0.0000	0.0000	0.0000	0.0000	0.0000	0.0000	0.0002	0.0000	0.0002	0.0001	0.0000	0.0000	0.0002	0.0000	0.0002	0.0463	0.0391	0.0072	0.0008	0.0008	0.0000	0.0455	0.0383	0.0072	0.0494	0.0285	0.0209	0.0113	0.0102	0.0011	0.0381	0.0183	0.0198	0.0000	0.0000	0.0000	0.0000	0.0000	0.0000	0.0000	0.0000	0.0000	0.0046	0.0016	0.0087	0.0059	0.0045	0.0194	0.0042	0.0000	0.0081		
19	47	0.0407	4	1	2	0	0	0	0	0	0	N	Y	N	N	N	N	N	N	N	N	N	N	0.0000	0.0000	0.0000	0.0000	0.0000	0.0000	0.0000	0.0000	0.0000	0.0000	0.0000	0.0000	0.0000	0.0000	0.0000	0.0000	0.0000	0.0000	0.9486	1.2377	0.3866	1.1680	1.1765	0.7956	0.7946	1.3338	0.3751	0.1607	0.0000	-0.0013	4.7901	0.0000	15.0000	0.0582	0.0000	0.0000	0.0000	0.0000	0.0000	0.0000	0.0000	0.0000	0.0000	0.0028	0.0024	0.0004	0.0014	0.0014	0.0000	0.0014	0.0010	0.0004	0.0000	0.0000	0.0000	0.0000	0.0000	0.0000	0.0000	0.0000	0.0000	0.0029	0.0019	0.0010	0.0012	0.0012	0.0000	0.0017	0.0007	0.0010	0.0000	0.0000	0.0000	0.0000	0.0000	0.0000	0.0000	0.0000	0.0000	0.9486	1.2377	0.3866	1.1680	1.1765	0.7956	0.7946	1.3338	0.3751	
19	48	0.0370	3	1	2	0	0	0	0	0	0	N	Y	N	N	N	N	N	N	N	N	N	N	0.0019	0.0000	0.0025	0.0012	0.0000	0.0150	0.0017	0.0000	0.0024	0.0159	0.0000	0.1063	0.0006	0.0000	0.9036	0.0207	0.0000	0.1055	8.4676	0.0247	43.3229	0.5075	0.0182	60.0892	11.9812	0.0308	43.4949	inf	561.2775	0.0000	0.3413	4.7901	0.0018	15.0000	3.9096	0.0000	0.0000	0.0000	0.0000	0.0000	0.0000	0.0000	0.0000	0.0000	0.8900	0.0016	0.8885	0.0163	0.0006	0.0158	0.8737	0.0010	0.8727	0.0001	0.0001	0.0000	0.0000	0.0000	0.0000	0.0001	0.0000	0.0000	0.1051	0.0642	0.0409	0.0322	0.0312	0.0010	0.0729	0.0330	0.0399	0.0019	0.0000	0.0049	0.0012	0.0000	0.0576	0.0017	0.0000	0.0048	8.4676	0.0247	21.7157	0.5075	0.0182	15.6987	11.9812	0.0308	21.8671
19	49	0.0275	2	1	2	0	0	0	0	0	0	N	Y	N	N	N	N	N	N	N	N	N	N	0.0090	0.0000	0.0155	0.3124	0.0001	0.0452	0.0063	0.0000	0.0152	0.0863	0.0000	0.5606	0.0234	0.0000	1.8925	0.0881	0.0000	0.5577	9.5621	0.0231	36.1692	0.0748	0.0262	41.8512	13.9746	0.0184	36.6077	1004729.4698	786.7687	0.0018	0.9138	4.7901	2.0031	15.0000	6.0601	0.0041	0.0000	0.0041	0.0000	0.0000	0.0000	0.0040	0.0000	0.0040	2.3798	0.0030	2.3768	0.0059	0.0021	0.0039	2.3739	0.0010	2.3729	0.0470	0.0398	0.0072	0.0013	0.0013	0.0000	0.0457	0.0385	0.0072	0.2489	0.1310	0.1179	0.0790	0.0786	0.0004	0.1699	0.0524	0.1175	0.0090	0.0000	0.0278	0.3124	0.0001	0.1878	0.0063	0.0000	0.0276	9.5621	0.0231	20.1628	0.0748	0.0262	10.0774	13.9746	0.0184	20.1956
19	50	0.0906	10	1	1	1	0	0	0	0	0	N	N	N	N	N	N	N	N	N	N	N	N	1127.8223	742.7147	957.5652	838.4164	0.0004	0.0004	0.0000	0.0010	0.0010	0.0000	0.0000	0.0000	0.0000	0.0000	0.0000	0.0000	0.0000	0.0000	0.0000	0.0000	0.0000	0.0000	0.0000	0.0000	-0.0000	-0.0000	4.7901	0.0004	15.0000	0.9852	0.0000	0.0000	0.0000	0.0000	0.0000	0.0000	0.0000	0.0000	0.0000	0.0000	0.0000	0.0000	0.0000	0.0000	0.0000	0.0000	0.0000	0.0000	0.0000	0.0000	0.0000	0.0000	0.0000	0.0000	0.0000	0.0000	0.0000	0.0143	0.0086	0.0057	0.0046	0.0040	0.0006	0.0097	0.0046	0.0051	1127.8223	742.7147	0.0000	957.5652	838.4164	0.0000	0.0000	0.0000	0.0000	0.0000	0.0000	0.0000	0.0000	0.0000	0.0000	0.0000	0.0000	0.0000					
19	51	0.0797	9	1	1	0	0	0	0	0	0	N	N	N	N	N	N	N	N	N	N	N	N	0.0068	12.5046	0.0000	0.4832	0.4915	0.0110	0.0054	590520.9651	0.0000	0.0408	0.0482	0.0000	0.0039	0.0044	0.0000	0.0456	0.0542	0.0000	6.0041	0.0039	21.9497	0.0080	0.0089	0.0010	8.3887	0.0000	22.1226	0.0000	2673.3403	-0.0057	0.7684	4.7901	10.7574	15.0000	12.9024	0.0105	0.0105	0.0000	0.0001	0.0001	0.0000	0.0104	0.0104	0.0000	1.9965	0.0007	1.9958	0.0008	0.0007	0.0000	1.9958	0.0000	1.9958	0.2573	0.2177	0.0396	0.0297	0.0262	0.0035	0.2276	0.1915	0.0361	0.3325	0.1938	0.1387	0.0946	0.0837	0.0109	0.2379	0.1101	0.1278	0.0068	12.5046	0.0000	0.4832	0.4915	0.0110	0.0054	590520.9651	0.0000	6.0041	0.0039	14.3858	0.0080	0.0089	0.0010	8.3887	0.0000	15.6178
19	52	0.0782	8	1	1	0	0	0	0	0	0	N	N	N	N	N	N	N	N	N	N	N	N	559.9256	7189.3577	0.0006	48.7133	51.2134	0.1879	461.9188	48733.9330	0.0002	13.2501	15.6778	0.0000	0.1970	0.2225	0.0003	14.7196	17.5096	0.0000	0.0237	0.0022	0.0530	0.0040	0.0043	0.0015	0.0319	0.0004	0.0571	0.0000	17.8084	-0.4807	0.0006	4.7901	2.6694	15.0000	2.4027	0.8769	0.8769	0.0000	0.0013	0.0013	0.0000	0.8756	0.8756	0.0000	0.0019	0.0001	0.0018	0.0001	0.0001	0.0000	0.0018	0.0000	0.0018	0.0662	0.0559	0.0102	0.0067	0.0059	0.0008	0.0595	0.0500	0.0095	0.0791	0.0456	0.0335	0.0233	0.0209	0.0025	0.0558	0.0248	0.0310	559.9256	7189.3577	0.0006	48.7133	51.2134	0.1879	461.9188	48733.9330	0.0002	0.0237	0.0022	0.0530	0.0040	0.0043	0.0015	0.0319	0.0004	0.0571
19	53	0.0731	7	1	1	0	0	0	0	0	0	N	N	N	N	N	N	N	N	N	N	N	N	0.0102	102.0532	0.0002	0.0643	1.3680	0.1360	0.0082	inf	0.0001	0.0429	0.0496	0.0024	0.0036	0.0016	0.0645	0.0479	0.0567	0.0007	4.2019	0.0005	10.1323	0.0565	0.0011	0.4741	5.8295	0.0000	11.8153	0.0079	14754.5412	-0.0050	0.3224	4.7901	8.6921	15.0000	5.3599	0.0093	0.0093	0.0001	0.0001	0.0000	0.0001	0.0093	0.0092	0.0000	0.8369	0.0001	0.8368	0.0032	0.0001	0.0031	0.8337	0.0000	0.8337	0.2177	0.1867	0.0310	0.0246	0.0238	0.0008	0.1931	0.1629	0.0302	0.1992	0.1166	0.0826	0.0562	0.0496	0.0066	0.1430	0.0670	0.0760	0.0102	102.0532	0.0002	0.0643	1.3680	0.1360	0.0082	inf	0.0001	4.2019	0.0005	10.1323	0.0565	0.0011	0.4741	5.8295	0.0000	10.9683
19	54	0.0728	6	1	1	0	0	0	0	0	0	N	N	N	N	N	N	N	N	N	N	N	N	0.7028	1.2444	0.2528	0.6266	0.3563	181.0122	0.6798	2.2963	0.0784	0.0010	0.0011	0.0006	0.0007	0.0004	0.0175	0.0011	0.0013	0.0002	0.0015	0.0009	0.0023	0.0011	0.0012	0.0001	0.0016	0.0006	0.0024	0.0762	1.8946	-0.0000	0.0000	4.7901	1.8652	15.0000	1.4001	0.0001	0.0001	0.0000	0.0000	0.0000	0.0000	0.0001	0.0001	0.0000	0.0001	0.0000	0.0001	0.0000	0.0000	0.0000	0.0001	0.0000	0.0001	0.0584	0.0509	0.0075	0.0106	0.0104	0.0002	0.0478	0.0405	0.0073	0.0549	0.0315	0.0234	0.0171	0.0155	0.0016	0.0378	0.0160	0.0218	0.7028	1.2444	0.2528	0.6266	0.3563	181.0122	0.6798	2.2963	0.0784	0.0015	0.0009	0.0023	0.0011	0.0012	0.0001	0.0016	0.0006	0.0024
19	55	0.0683	5	1	1	0	0	0	0	0	0	N	N	N	N	N	N	N	N	N	N	N	N	0.0001	0.0013	0.0000	0.0084	0.0087	0.0013	0.0000	0.0000	0.0000	0.0004	0.0004	0.0000	0.0034	0.0034	0.0006	0.0000	0.0000	0.0000	6.0564	0.3285	23.5646	0.4025	0.3937	0.4902	8.9695	0.2635	26.0570	0.0042	28.8181	-0.0000	0.3228	4.7901	2.5292	15.0000	4.9772	0.0000	0.0000	0.0000	0.0000	0.0000	0.0000	0.0000	0.0000	0.0000	0.9177	0.0308	0.8869	0.0207	0.0184	0.0023	0.8969	0.0123	0.8846	0.0665	0.0573	0.0092	0.0072	0.0071	0.0001	0.0592	0.0502	0.0091	0.1515	0.0937	0.0578	0.0515	0.0468	0.0047	0.1000	0.0469	0.0531	0.0001	0.0013	0.0000	0.0084	0.0087	0.0013	0.0000	0.0000	0.0000	6.0564	0.3285	15.3313	0.4025	0.3937	0.4902	8.9695	0.2635	16.6473
19	56	0.0275	2	2	2	0	0	0	0	0	0	Y	Y	N	N	N	N	N	N	N	N	N	N	0.0000	0.0000	0.0000	0.0000	0.0000	0.0000	0.0000	0.0000	0.0000	0.0000	0.0000	0.0000	0.0000	0.0070	0.0133	0.0000	0.0244	0.0246	0.0000	0.0000	0.0000	0.0000	0.0000	0.0000	-0.0012	4.7901	0.0000	15.0000	10.9971	0.0000	0.0000	0.0000	0.0000	0.0000	0.0000	0.0000	0.0000	0.0000	0.0020	0.0020	0.0000	0.0020	0.0020	0.0000	0.0000	0.0000	0.0000	0.0000	0.0000	0.0000	0.0000	0.0000	0.0000	0.0000	0.0000	0.0000	0.2891	0.1526	0.1365	0.0831	0.0826	0.0005	0.2061	0.0700	0.1360	0.0000	0.0000	0.0000	0.0000	0.0000	0.0000	0.0000	0.0000	0.0000	0.0070	0.0133	0.0000	0.0244	0.0246	0.0000	0.0000	0.0000	0.0000						
19	57	0.1491	7	1	1	0	0	0	0	0	0	N	N	N	N	N	N	N	N	N	N	N	N	59.1060	24.4318	71823.9995	12.5693	0.0633	683525.6569	246.2260	86.5008	51464.8033	6.4730	3.8434	25.6452	2.2774	0.0131	60.0889	8.2509	5.6933	22.1134	0.1095	0.1573	0.0004	0.1812	0.2072	0.0001	0.0335	0.0658	0.0004	0.9152	0.0010	-0.1344	-0.0451	4.7901	7.8198	15.0000	21.5823	1.9117	0.9982	0.9136	0.2002	0.0011	0.1991	1.7116	0.9971	0.7145	0.0735	0.0734	0.0001	0.0626	0.0626	0.0000	0.0109	0.0108	0.0001	0.2953	0.2597	0.0356	0.0879	0.0846	0.0033	0.2074	0.1751	0.0323	0.6709	0.4666	0.2043	0.3453	0.3019	0.0434	0.3256	0.1647	0.1609	59.1060	24.4318	71823.9995	12.5693	0.0633	683525.6569	246.2260	86.5008	51464.8033	0.1095	0.1573	0.0004	0.1812	0.2072	0.0001	0.0335	0.0658	0.0004
19	58	0.0632	6	2	2	1	0	0	0	0	0	Y	Y	N	N	N	N	N	N	N	N	N	N	0.0000	0.0000	0.0000	0.0000	0.0000	0.0000	0.0000	0.0000	0.0000	0.0000	0.0000	0.0000	0.0000	0.0000	0.0000	0.0000	0.0000	0.0000	4.9308	8.8663	0.0009	0.0075	0.0079	0.0000	5.9055	12.3587	0.0009	0.0001	0.0000	-0.6142	4.7901	2.0055	15.0000	11.8091	0.0000	0.0000	0.0000	0.0000	0.0000	0.0000	0.0000	0.0000	0.0000	0.9992	0.9991	0.0001	0.0003	0.0003	0.0000	0.9989	0.9989	0.0001	0.0468	0.0396	0.0072	0.0016	0.0016	0.0001	0.0452	0.0380	0.0072	0.2026	0.1127	0.0900	0.0335	0.0319	0.0016	0.1692	0.0808	0.0883	0.0000	0.0000	0.0000	0.0000	0.0000	0.0000	0.0000	0.0000	0.0000	4.9308	8.8663	0.0009	0.0075	0.0079	0.0000	5.9055	12.3587	0.0009	
19	59	0.0578	5	2	1	1	0	0	0	0	0	Y	N	N	N	N	N	N	N	N	N	N	N	0.0000	0.0000	0.0000	0.0000	0.0000	0.0000	0.0000	0.0000	0.0000	0.0000	0.0000	0.0000	0.0000	0.0000	0.0000	0.0000	0.0000	0.0000	0.1497	0.2017	0.0743	0.4624	0.4796	0.0173	0.0518	0.0256	0.0755	0.2500	0.2540	-0.0000	-0.0054	4.7901	1.9951	15.0000	2.5667	0.0000	0.0000	0.0000	0.0000	0.0000	0.0000	0.0000	0.0000	0.0000	0.0131	0.0104	0.0027	0.0096	0.0096	0.0000	0.0034	0.0008	0.0026	0.0464	0.0393	0.0072	0.0014	0.0014	0.0000	0.0450	0.0379	0.0071	0.0874	0.0517	0.0357	0.0208	0.0201	0.0008	0.0666	0.0317	0.0349	0.0000	0.0000	0.0000	0.0000	0.0000	0.0000	0.0000	0.0000	0.0000	0.1497	0.2017	0.0743	0.4624	0.4796	0.0173	0.0518	0.0256	0.0755
19	60	0.0511	4	2	1	1	0	0	0	0	0	Y	N	N	N	N	N	N	N	N	N	N	N	0.0000	0.0000	0.0000	0.0000	0.0000	0.0000	0.0000	0.0000	0.0000	0.0000	0.0000	0.0000	0.0000	0.0000	0.0000	0.0000	0.0000	0.0000	0.0004	0.0005	0.0000	0.0007	0.0007	0.0000	0.0002	0.0004	0.0000	0.0027	0.0000	-0.0000	4.7901	0.0108	15.0000	3.6229	0.0000	0.0000	0.0000	0.0000	0.0000	0.0000	0.0000	0.0000	0.0000	0.0000	0.0000	0.0000	0.0000	0.0000	0.0000	0.0000	0.0000	0.0000	0.0004	0.0003	0.0001	0.0001	0.0001	0.0000	0.0003	0.0002	0.0001	0.0785	0.0566	0.0218	0.0310	0.0282	0.0028	0.0475	0.0285	0.0190	0.0000	0.0000	0.0000	0.0000	0.0000	0.0000	0.0000	0.0000	0.0000	0.0004	0.0005	0.0000	0.0007	0.0007	0.0000	0.0002	0.0004	0.0000	
19	61	0.0694	5	1	2	0	0	0	0	0	0	N	Y	N	N	N	N	N	N	N	N	N	N	0.0000	0.0000	0.0000	0.0000	0.0000	0.0000	0.0000	0.0000	0.0000	0.0000	0.0000	0.0000	0.0000	0.0000	0.0000	0.0000	0.0000	0.0000	3.8769	6.1639	0.0001	0.0005	0.0005	0.0000	5.7163	12.0159	0.0001	0.0000	0.0000	-0.6114	4.7901	4.0917	15.0000	8.0988	0.0000	0.0000	0.0000	0.0000	0.0000	0.0000	0.0000	0.0000	0.0000	0.9946	0.9946	0.0000	0.0000	0.0000	0.0000	0.9945	0.9945	0.0000	0.1059	0.0908	0.0151	0.0117	0.0114	0.0002	0.0943	0.0794	0.0149	0.2565	0.1614	0.0952	0.0826	0.0786	0.0040	0.1740	0.0828	0.0912	0.0000	0.0000	0.0000	0.0000	0.0000	0.0000	0.0000	0.0000	0.0000	3.8769	6.1639	0.0001	0.0005	0.0005	0.0000	5.7163	12.0159	0.0001	
19	62	0.0657	4	1	2	0	0	0	0	0	0	N	Y	N	N	N	N	N	N	N	N	N	N	0.0000	0.0000	0.0001	0.0002	0.0001	1.5730	0.0000	0.0000	0.0000	0.0000	0.0000	0.0000	0.0001	0.0001	0.0011	0.0000	0.0000	0.0000	0.2988	0.3117	0.2818	0.5354	0.5718	0.0007	0.2101	0.0997	0.2936	0.8007	0.6855	-0.0000	-0.0083	4.7901	2.1165	15.0000	5.0852	0.0000	0.0000	0.0000	0.0000	0.0000	0.0000	0.0000	0.0000	0.0000	0.0398	0.0236	0.0162	0.0195	0.0195	0.0000	0.0204	0.0042	0.0162	0.0491	0.0416	0.0075	0.0028	0.0027	0.0001	0.0463	0.0389	0.0074	0.1333	0.0758	0.0575	0.0364	0.0341	0.0023	0.0970	0.0418	0.0552	0.0000	0.0000	0.0001	0.0002	0.0001	1.5730	0.0000	0.0000	0.0000	0.2988	0.3117	0.2818	0.5354	0.5718	0.0007	0.2101	0.0997	0.2936
19	63	0.0511	4	2	1	1	0	0	0	0	0	Y	N	N	N	N	N	N	N	N	N	N	N	0.0000	0.0000	0.0000	0.0000	0.0000	0.0000	0.0000	0.0000	0.0000	0.0000	0.0000	0.0000	0.0000	0.0000	0.0000	0.0000	0.0000	0.0000	0.0001	0.0002	0.0000	0.0006	0.0006	0.0000	0.0000	0.0000	0.0000	0.0041	0.0000	-0.0000	4.7901	3.9990	15.0000	8.8702	0.0000	0.0000	0.0000	0.0000	0.0000	0.0000	0.0000	0.0000	0.0000	0.0000	0.0000	0.0000	0.0000	0.0000	0.0000	0.0000	0.0000	0.0000	0.0879	0.0756	0.0123	0.0017	0.0016	0.0001	0.0862	0.0740	0.0122	0.1851	0.1068	0.0783	0.0354	0.0318	0.0036	0.1497	0.0750	0.0748	0.0000	0.0000	0.0000	0.0000	0.0000	0.0000	0.0000	0.0000	0.0000	0.0001	0.0002	0.0000	0.0006	0.0006	0.0000	0.0000	0.0000	0.0000	
19	64	0.0309	3	2	1	1	0	0	0	0	0	Y	N	N	N	N	N	N	N	N	N	N	N	0.5140	0.3518	0.0382	4.6861	4.6820	0.0000	0.0043	0.0000	0.0384	0.0002	0.0002	0.0000	0.0047	0.0047	0.0000	0.0000	0.0000	0.0000	0.0004	0.0007	0.0001	0.0010	0.0010	0.0001	0.0001	0.0001	0.0001	0.0016	0.0699	-0.0000	-0.0001	4.7901	3.9972	15.0000	6.8232	0.0000	0.0000	0.0000	0.0000	0.0000	0.0000	0.0000	0.0000	0.0000	0.0002	0.0002	0.0000	0.0001	0.0001	0.0000	0.0000	0.0000	0.0000	0.0965	0.0821	0.0144	0.0043	0.0043	0.0000	0.0922	0.0778	0.0144	0.4057	0.2210	0.1847	0.1438	0.1425	0.0014	0.2618	0.0786	0.1833	0.5140	0.3518	0.0382	4.6861	4.6820	0.0000	0.0043	0.0000	0.0384	0.0004	0.0007	0.0001	0.0010	0.0010	0.0001	0.0001	0.0001	0.0001
19	65	0.0733	5	1	2	0	0	0	0	0	0	N	Y	N	N	N	N	N	N	N	N	N	N	0.0002	0.0026	0.0000	0.0164	0.0154	0.0021	0.0000	0.0000	0.0000	0.0003	0.0004	0.0000	0.0041	0.0043	0.0001	0.0000	0.0000	0.0000	1.2556	0.1366	3.1538	0.2501	0.2761	0.0256	1.7369	0.0171	3.4647	0.0011	13.6158	-0.0001	0.3306	4.7901	15.6632	15.0000	35.0639	0.0001	0.0001	0.0000	0.0001	0.0001	0.0000	0.0000	0.0000	0.0000	1.0435	0.0714	0.9721	0.0673	0.0666	0.0007	0.9762	0.0048	0.9714	0.3550	0.3022	0.0528	0.0258	0.0249	0.0009	0.3292	0.2773	0.0519	0.8310	0.5228	0.3082	0.2690	0.2411	0.0279	0.5620	0.2817	0.2804	0.0002	0.0026	0.0000	0.0164	0.0154	0.0021	0.0000	0.0000	0.0000	1.2556	0.1366	3.1538	0.2501	0.2761	0.0256	1.7369	0.0171	3.4647
19	66	0.0733	5	1	1	1	0	0	0	0	0	N	N	N	N	N	N	N	N	N	N	N	N	0.0000	0.0000	0.0000	0.0000	0.0000	0.0000	0.0000	0.0000	0.0000	0.0000	0.0000	0.0000	0.0000	0.0000	0.0000	0.0000	0.0000	0.0083	0.0122	0.0000	0.0196	0.0218	0.0000	0.0000	0.0000	0.0000	0.0000	0.0000	-0.0023	4.7901	4.9998	15.0000	10.1184	0.0000	0.0000	0.0000	0.0000	0.0000	0.0000	0.0000	0.0000	0.0000	0.0037	0.0037	0.0000	0.0037	0.0037	0.0000	0.0000	0.0000	0.0000	0.1263	0.1079	0.0183	0.0127	0.0124	0.0003	0.1135	0.0955	0.0180	0.4446	0.3000	0.1445	0.1872	0.1679	0.0192	0.2574	0.1321	0.1253	0.0000	0.0000	0.0000	0.0000	0.0000	0.0000	0.0000	0.0000	0.0000	0.0083	0.0122	0.0000	0.0196	0.0218	0.0000	0.0000	0.0000	0.0000		
19	67	0.0778	7	1	2	0	0	0	0	0	0	N	Y	N	N	N	N	N	N	N	N	N	N	0.1645	3.6817	0.0000	0.3075	0.5397	0.0007	0.1210	3.5451	0.0000	0.0164	0.0192	0.0000	0.0023	0.0025	0.0000	0.0175	0.0206	0.0000	0.0996	0.0052	0.2486	0.0075	0.0046	0.0386	0.1442	0.0058	0.2647	0.0000	30.2674	-0.0022	0.0160	4.7901	10.9928	15.0000	18.5513	0.0040	0.0040	0.0000	0.0000	0.0000	0.0000	0.0040	0.0040	0.0000	0.0454	0.0015	0.0439	0.0011	0.0006	0.0005	0.0443	0.0008	0.0435	0.2455	0.2098	0.0357	0.0173	0.0161	0.0012	0.2282	0.1938	0.0344	0.4555	0.2788	0.1768	0.1485	0.1358	0.0126	0.3070	0.1429	0.1641	0.1645	3.6817	0.0000	0.3075	0.5397	0.0007	0.1210	3.5451	0.0000	0.0996	0.0052	0.2486	0.0075	0.0046	0.0386	0.1442	0.0058	0.2647
19	68	0.0778	6	1	1	0	0	0	0	0	0	N	N	N	N	N	N	N	N	N	N	N	N	0.0112	0.0154	0.0004	0.0065	0.0065	0.0115	0.0145	0.2617	0.0001	0.0116	0.0127	0.0005	0.0073	0.0073	0.0072	0.0138	0.0160	0.0001	1.0310	0.8268	1.3899	1.1240	1.1344	0.6218	0.9505	0.0612	1.4105	0.0044	0.9569	-0.0000	-0.0108	4.7901	0.0861	15.0000	1.0715	0.0001	0.0001	0.0000	0.0000	0.0000	0.0000	0.0000	0.0000	0.0000	0.0860	0.0440	0.0421	0.0435	0.0430	0.0005	0.0425	0.0009	0.0416	0.0052	0.0047	0.0005	0.0018	0.0018	0.0000	0.0034	0.0029	0.0005	0.0834	0.0532	0.0303	0.0387	0.0379	0.0008	0.0447	0.0152	0.0295	0.0112	0.0154	0.0004	0.0065	0.0065	0.0115	0.0145	0.2617	0.0001	1.0310	0.8268	1.3899	1.1240	1.1344	0.6218	0.9505	0.0612	1.4105
19	69	0.0605	4	2	1	1	0	0	0	0	0	Y	N	N	N	N	N	N	N	N	N	N	N	0.0000	0.0000	0.0000	0.0000	0.0000	0.0000	0.0000	0.0000	0.0000	0.0000	0.0000	0.0000	0.0000	0.0000	0.0000	0.0000	0.0000	0.0017	0.0027	0.0003	0.0090	0.0094	0.0000	0.0002	0.0000	0.0003	0.0866	0.0000	-0.0001	4.7901	1.0000	15.0000	3.0001	0.0000	0.0000	0.0000	0.0000	0.0000	0.0000	0.0000	0.0000	0.0000	0.0001	0.0001	0.0000	0.0001	0.0001	0.0000	0.0000	0.0000	0.0000	0.0230	0.0194	0.0036	0.0012	0.0011	0.0001	0.0218	0.0183	0.0036	0.0589	0.0336	0.0253	0.0101	0.0096	0.0005	0.0489	0.0240	0.0248	0.0000	0.0000	0.0000	0.0000	0.0000	0.0000	0.0000	0.0000	0.0000	0.0017	0.0027	0.0003	0.0090	0.0094	0.0000	0.0002	0.0000	0.0003		
19	70	0.0605	3	2	1	1	0	0	0	0	0	Y	N	N	N	N	N	N	N	N	N	N	N	0.0000	0.0000	0.0000	0.0000	0.0000	0.0000	0.0000	0.0000	0.0000	0.0000	0.0000	0.0000	0.0000	0.0000	0.0000	0.0000	0.0000	0.3477	0.3082	0.3987	0.4225	0.4244	0.0440	0.2953	0.0000	0.4005	1.0000	0.0000	-0.0000	4.7901	0.0000	15.0000	0.0009	0.0000	0.0000	0.0000	0.0000	0.0000	0.0000	0.0000	0.0000	0.0000	0.0000	0.0000	0.0000	0.0000	0.0000	0.0000	0.0000	0.0000	0.0000	0.0000	0.0000	0.0000	0.0000	0.0000	0.0000	0.0000	0.0000	0.0000	0.0000	0.0000	0.0000	0.0000	0.0000	0.0000	0.0000	0.0000	0.0000	0.0000	0.0000	0.0000	0.0000	0.0000	0.0000	0.0000	0.0000	0.0000	0.3477	0.3082	0.3987	0.4225	0.4244	0.0440	0.2953	0.0000	0.4005		
19	71	0.0275	2	2	1	1	0	0	0	0	0	Y	N	N	N	N	N	N	N	N	N	N	N	0.0003	0.0013	0.0000	0.0204	0.0206	0.0000	0.0000	0.0000	0.0005	0.0006	0.0000	0.0214	0.0217	0.0000	0.0000	0.0000	0.0000	1.7516	0.4374	3.2436	1.0483	1.0560	0.0001	1.9521	0.0000	3.2548	0.0000	6.5315	-0.0001	0.1971	4.7901	9.9966	15.0000	12.9129	0.0001	0.0001	0.0000	0.0001	0.0001	0.0000	0.0000	0.0000	0.0000	0.7806	0.1036	0.6770	0.1036	0.1036	0.0000	0.6770	0.0000	0.6770	0.2252	0.1906	0.0346	0.0052	0.0051	0.0001	0.2200	0.1855	0.0345	0.4457	0.2370	0.2087	0.0989	0.0982	0.0007	0.3468	0.1388	0.2080	0.0003	0.0013	0.0000	0.0204	0.0206	0.0000	0.0000	0.0000	0.0000	1.7516	0.4374	3.2436	1.0483	1.0560	0.0001	1.9521	0.0000	3.2548	
19	72	0.0607	3	1	2	0	1	0	0	0	0	N	Y	N	N	N	N	N	N	N	N	N	N	1.2479	0.0001	12522.7410	0.0186	0.0179	0.0000	1.1089	0.0000	12753.8779	3.4659	0.0007	22.8633	0.0104	0.0109	0.0000	3.6727	0.0000	23.2004	2.7773	4.8387	0.0018	0.5618	0.6083	0.0020	3.3119	6.7643	0.0018	5881.5882	0.0003	0.4517	-1.1399	4.7901	13.0000	15.0000	39.1663	1.0000	0.0002	0.9999	0.0002	0.0002	0.0000	0.9999	0.0000	0.9999	1.8551	1.8546	0.0005	0.0729	0.0729	0.0000	1.7822	1.7817	0.0005	0.2885	0.2448	0.0437	0.0163	0.0157	0.0006	0.2722	0.2291	0.0431	0.6680	0.3833	0.2847	0.1298	0.1199	0.0100	0.5381	0.2634	0.2747	1.2479	0.0001	12522.7410	0.0186	0.0179	0.0000	1.1089	0.0000	12753.8779	2.7773	4.8387	0.0018	0.5618	0.6083	0.0020	3.3119	6.7643	0.0018
19	73	0.0632	4	1	2	0	0	0	0	0	0	N	Y	N	N	N	N	N	N	N	N	N	N	0.0000	0.0000	0.0000	0.0000	0.0000	0.0000	0.0000	0.0000	0.0000	0.0000	0.0000	0.0000	0.0000	0.0000	0.0000	0.0000	0.0000	0.0000	2.5695	0.0737	6.3050	0.2014	0.1880	0.3842	3.3593	0.0010	6.5697	57.1817	0.0000	0.3281	4.7901	3.0003	15.0000	18.1082	0.0000	0.0000	0.0000	0.0000	0.0000	0.0000	0.0000	0.0000	0.0000	0.8913	0.0153	0.8760	0.0175	0.0152	0.0023	0.8738	0.0001	0.8737	0.0693	0.0587	0.0106	0.0039	0.0038	0.0002	0.0654	0.0549	0.0105	0.3469	0.2079	0.1389	0.0868	0.0808	0.0059	0.2601	0.1271	0.1330	0.0000	0.0000	0.0000	0.0000	0.0000	0.0000	0.0000	0.0000	0.0000	2.5695	0.0737	6.3050	0.2014	0.1880	0.3842	3.3593	0.0010	6.5697	
19	74	0.0309	3	1	2	0	0	0	0	0	0	N	Y	N	N	N	N	N	N	N	N	N	N	173077.8451	0.0000	14553642.5303	0.0000	0.0000	0.0000	4468323.6712	17869029.5880	6.1044	0.0000	40.3338	0.0000	0.0000	0.0000	6.3277	0.0000	40.4304	0.0000	0.0001	0.0000	0.0001	0.0001	0.0001	0.0000	0.0000	0.0000	inf	0.0373	0.4518	-0.0000	4.7901	7.0046	15.0000	18.1036	1.0000	0.0000	1.0000	0.0000	0.0000	0.0000	1.0000	0.0000	1.0000	0.0000	0.0000	0.0000	0.0000	0.0000	0.0000	0.0000	0.0000	0.0000	0.1638	0.1390	0.0248	0.0058	0.0057	0.0001	0.1580	0.1333	0.0247	0.5873	0.3189	0.2684	0.1610	0.1592	0.0018	0.4263	0.1597	0.2666	173077.8451	0.0000	14553642.5303	0.0000	0.0000	0.0000	4468323.6712	0.0000	17869029.5880	0.0000	0.0001	0.0000	0.0001	0.0001	0.0001	0.0000	0.0000	0.0000	
19	75	0.0275	2	1	1	0	0	0	0	0	0	N	N	N	N	N	N	N	N	N	N	N	N	0.0017	0.0005	0.0068	0.0047	0.0047	0.0000	0.0013	0.0000	0.0068	0.0038	0.0006	0.0224	0.0082	0.0082	0.0000	0.0035	0.0000	0.0224	2.2536	1.3235	3.2735	1.7255	1.7249	3.1732	2.5938	0.1439	3.2778	6.1943	2.2558	0.0000	0.0326	4.7901	0.2435	15.0000	3.2922	0.0000	0.0000	0.0000	0.0000	0.0000	0.0000	0.0000	0.0000	0.0000	0.4180	0.1284	0.2896	0.1253	0.1248	0.0005	0.2926	0.0035	0.2891	0.0062	0.0053	0.0009	0.0004	0.0004	0.0000	0.0058	0.0049	0.0009	0.1855	0.0970	0.0885	0.0726	0.0724	0.0003	0.1128	0.0246	0.0882	0.0017	0.0005	0.0068	0.0047	0.0047	0.0000	0.0013	0.0000	0.0068	2.2536	1.3235	3.2735	1.7255	1.7249	1.8816	2.5938	0.1439	3.2778
19	77	0.0782	7	1	2	0	0	0	0	0	0	N	Y	N	N	N	N	N	N	N	N	N	N	0.1135	0.0783	0.0000	0.6753	0.6356	0.1975	0.4067	0.0000	0.0002	0.0002	0.0000	0.0040	0.0041	0.0000	0.0000	0.0000	0.0000	0.0015	0.0025	0.0000	0.0059	0.0065	0.0000	0.0000	0.0000	0.0000	0.0000	0.0000	-0.0000	-0.0003	4.7901	8.6571	15.0000	16.0761	0.0000	0.0000	0.0000	0.0000	0.0000	0.0000	0.0000	0.0000	0.0000	0.0004	0.0004	0.0000	0.0004	0.0004	0.0000	0.0000	0.0000	0.0000	0.1888	0.1626	0.0262	0.0080	0.0077	0.0003	0.1808	0.1549	0.0259	0.2963	0.1759	0.1204	0.0746	0.0675	0.0071	0.2217	0.1084	0.1133	0.1135	0.0783	0.0000	0.6753	0.6356	0.0000	0.1975	0.4067	0.0000	0.0015	0.0025	0.0000	0.0059	0.0065	0.0000	0.0000	0.0000	0.0000	
19	78	0.0778	6	1	2	0	0	0	0	0	0	N	Y	N	N	N	N	N	N	N	N	N	N	0.8933	0.2086	786.3861	22.4365	22.3735	0.0000	0.4575	0.0111	794.8169	0.0038	0.0014	0.0209	0.0057	0.0059	0.0000	0.0034	0.0002	0.0218	0.0043	0.0068	0.0000	0.0003	0.0003	0.0000	0.0074	0.0200	0.0000	2.1005	0.0023	0.0000	-0.0003	4.7901	0.3645	15.0000	1.9845	0.0000	0.0000	0.0000	0.0000	0.0000	0.0000	0.0000	0.0000	0.0000	0.0004	0.0004	0.0000	0.0000	0.0000	0.0000	0.0004	0.0004	0.0000	0.0115	0.0101	0.0014	0.0022	0.0021	0.0001	0.0093	0.0080	0.0014	0.1003	0.0634	0.0369	0.0438	0.0424	0.0013	0.0565	0.0210	0.0355	0.8933	0.2086	786.3861	22.4365	22.3735	0.0000	0.4575	0.0111	794.8169	0.0043	0.0068	0.0000	0.0003	0.0003	0.0000	0.0074	0.0200	0.0000
19	79	0.0683	5	1	1	0	0	0	0	0	0	N	N	N	N	N	N	N	N	N	N	N	N	0.0001	0.0029	0.0000	0.0115	0.0135	0.0014	0.0000	0.0016	0.0000	0.0003	0.0004	0.0000	0.0013	0.0013	0.0004	0.0002	0.0002	0.0000	3.0272	0.1206	7.3865	0.1152	0.0997	0.2490	4.2828	0.1376	7.9928	0.0044	40.8540	-0.0000	0.3079	4.7901	2.9108	15.0000	14.2456	0.0000	0.0000	0.0000	0.0000	0.0000	0.0000	0.0000	0.0000	0.0000	0.8522	0.0204	0.8318	0.0098	0.0076	0.0022	0.8424	0.0128	0.8296	0.0752	0.0646	0.0105	0.0077	0.0075	0.0002	0.0675	0.0571	0.0104	0.2815	0.1689	0.1126	0.0848	0.0760	0.0088	0.1967	0.0929	0.1038	0.0001	0.0029	0.0000	0.0115	0.0135	0.0014	0.0000	0.0016	0.0000	3.0272	0.1206	7.3865	0.1152	0.0997	0.2490	4.2828	0.1376	7.9928
19	80	0.0632	4	1	1	0	0	0	0	0	0	N	N	N	N	N	N	N	N	N	N	N	N	0.0000	0.0000	0.0000	0.0014	0.0014	0.0000	0.0000	0.0000	0.0000	0.0001	0.0002	0.0000	0.0008	0.0009	0.0000	0.0001	0.0001	0.0000	5.3064	8.2175	0.3546	0.5812	0.6153	0.0192	7.5153	15.1481	0.3720	0.0024	0.0254	-0.0000	-0.5421	4.7901	0.1009	15.0000	7.5203	0.0000	0.0000	0.0000	0.0000	0.0000	0.0000	0.0000	0.0000	0.0000	0.9188	0.8961	0.0227	0.0321	0.0320	0.0001	0.8867	0.8641	0.0227	0.0024	0.0020	0.0004	0.0002	0.0002	0.0000	0.0022	0.0019	0.0004	0.1731	0.1090	0.0641	0.0552	0.0520	0.0032	0.1180	0.0570	0.0609	0.0000	0.0000	0.0000	0.0014	0.0014	0.0000	0.0000	0.0000	0.0000	5.3064	8.2175	0.3546	0.5812	0.6153	0.0192	7.5153	15.1481	0.3720
19	81	0.0607	3	1	1	0	0	0	0	0	0	N	N	N	N	N	N	N	N	N	N	N	N	0.0000	0.0000	0.0000	0.0000	0.0000	0.0000	0.0000	0.0000	0.0000	0.0000	0.0000	0.0000	0.0000	0.0000	0.0000	0.0000	0.0000	0.0000	0.4136	0.3264	0.5389	0.0288	0.0280	0.0519	0.5697	0.5924	0.5521	1.1488	-0.0000	-0.0026	4.7901	0.0014	15.0000	3.7882	0.0000	0.0000	0.0000	0.0000	0.0000	0.0000	0.0000	0.0000	0.0000	0.0328	0.0152	0.0175	0.0007	0.0006	0.0000	0.0321	0.0146	0.0175	0.0000	0.0000	0.0000	0.0000	0.0000	0.0000	0.0000	0.0000	0.0000	0.0792	0.0467	0.0325	0.0229	0.0220	0.0009	0.0563	0.0247	0.0316	0.0000	0.0000	0.0000	0.0000	0.0000	0.0000	0.0000	0.0000	0.0000	0.4136	0.3264	0.5389	0.0288	0.0280	0.0519	0.5697	0.5924	0.5521	
19	82	0.0764	6	1	2	0	0	0	0	0	0	N	Y	N	N	N	N	N	N	N	N	N	N	0.0000	0.0000	0.0000	0.0002	0.0002	0.0000	0.0000	0.0010	0.0000	0.0001	0.0001	0.0000	0.0010	0.0010	0.0000	0.0000	0.0000	0.0000	4.8477	2.9910	7.6776	6.0396	6.2548	3.3140	4.3278	0.0001	7.9050	0.0006	1.6842	-0.0000	0.0340	4.7901	7.9116	15.0000	21.1247	0.0000	0.0000	0.0000	0.0000	0.0000	0.0000	0.0000	0.0000	0.0000	2.6788	0.9980	1.6808	1.0137	0.9980	0.0157	1.6651	0.0000	1.6651	0.1915	0.1632	0.0283	0.0179	0.0173	0.0006	0.1736	0.1459	0.0277	0.5526	0.3337	0.2189	0.1678	0.1596	0.0083	0.3848	0.1741	0.2106	0.0000	0.0000	0.0000	0.0002	0.0002	0.0000	0.0000	0.0010	0.0000	4.8477	2.9910	7.6776	6.0396	6.2548	1.8943	4.3278	0.0001	7.9050
19	83	0.0943	7	2	2	0	0	0	0	0	0	Y	Y	N	N	N	N	N	N	N	N	N	N	0.0000	0.0000	0.0000	0.0000	0.0000	0.0000	0.0000	0.0000	0.0000	0.0000	0.0000	0.0000	0.0000	0.0000	0.0000	0.0000	0.0000	0.0000	0.0000	0.0000	4.7901	0.0000	15.0000	1.8333	0.0000	0.0000	0.0000	0.0000	0.0000	0.0000	0.0000	0.0000	0.0000	0.0000	0.0000	0.0000	0.0000	0.0000	0.0000	0.0000	0.0000	0.0000	0.0000	0.0000	0.0000	0.0000	0.0000	0.0000	0.0000	0.0000	0.0000	0.0392	0.0256	0.0136	0.0128	0.0121	0.0007	0.0264	0.0135	0.0129	0.0000	0.0000	0.0000	0.0000	0.0000	0.0000	0.0000	0.0000	0.0000	0.0000	0.0000	0.0000	0.0000	0.0000	0.0000	0.0000	0.0000	0.0000											
19	84	0.0764	6	2	2	0	0	0	0	0	0	Y	Y	N	N	N	N	N	N	N	N	N	N	0.0007	0.0005	0.0000	0.0146	0.0156	0.0000	0.0000	0.0000	0.0001	0.0002	0.0002	0.0000	0.0017	0.0017	0.0000	0.0000	0.0000	0.0000	0.2534	0.4115	0.0078	0.1147	0.1109	0.1998	0.3217	0.7371	0.0006	0.0001	0.0122	-0.0000	-0.0685	4.7901	6.9552	15.0000	13.1226	0.0000	0.0000	0.0000	0.0000	0.0000	0.0000	0.0000	0.0000	0.0000	0.1137	0.1123	0.0014	0.0170	0.0157	0.0013	0.0967	0.0966	0.0001	0.1706	0.1454	0.0251	0.0167	0.0161	0.0006	0.1539	0.1293	0.0246	0.4488	0.2730	0.1758	0.1482	0.1419	0.0063	0.3006	0.1310	0.1695	0.0007	0.0005	0.0000	0.0146	0.0156	0.0000	0.0000	0.0000	0.0001	0.2534	0.4115	0.0078	0.1147	0.1109	0.1998	0.3217	0.7371	0.0006
19	85	0.0733	5	1	2	0	0	0	0	0	0	N	Y	N	N	N	N	N	N	N	N	N	N	0.0008	0.0012	0.0012	0.0028	0.0020	0.0619	0.0001	0.0000	0.0004	0.0009	0.0007	0.0027	0.0027	0.0020	0.0167	0.0001	0.0000	0.0009	1.1987	0.5443	2.1955	0.9681	0.9905	0.2693	1.3101	0.0555	2.2458	0.6280	2.6482	-0.0000	0.0207	4.7901	0.3374	15.0000	6.1146	0.0000	0.0000	0.0000	0.0000	0.0000	0.0000	0.0000	0.0000	0.0000	0.1863	0.0511	0.1353	0.0490	0.0486	0.0004	0.1373	0.0025	0.1348	0.0117	0.0102	0.0015	0.0035	0.0033	0.0002	0.0082	0.0068	0.0014	0.1554	0.0938	0.0616	0.0506	0.0491	0.0016	0.1048	0.0448	0.0600	0.0008	0.0012	0.0012	0.0028	0.0020	0.0619	0.0001	0.0000	0.0004	1.1987	0.5443	2.1955	0.9681	0.9905	0.2693	1.3101	0.0555	2.2458
19	86	0.0733	5	1	2	0	0	0	0	0	0	N	Y	N	N	N	N	N	N	N	N	N	N	0.0015	0.0010	0.0083	0.0058	0.0053	0.2494	0.0007	0.0000	0.0025	0.0002	0.0002	0.0001	0.0026	0.0025	0.0046	0.0000	0.0000	0.0000	0.1152	0.1859	0.0139	0.4452	0.4710	0.0183	0.0072	0.0000	0.0137	0.1092	0.0521	-0.0000	-0.0246	4.7901	11.0342	15.0000	12.7513	0.0000	0.0000	0.0000	0.0000	0.0000	0.0000	0.0000	0.0000	0.0000	0.0435	0.0414	0.0022	0.0415	0.0414	0.0001	0.0021	0.0000	0.0021	0.2501	0.2123	0.0377	0.0167	0.0160	0.0007	0.2334	0.1963	0.0371	0.3779	0.2226	0.1552	0.0932	0.0878	0.0053	0.2847	0.1348	0.1499	0.0015	0.0010	0.0083	0.0058	0.0053	0.2494	0.0007	0.0000	0.0025	0.1152	0.1859	0.0139	0.4452	0.4710	0.0183	0.0072	0.0000	0.0137
19	87	0.0657	4	1	2	0	0	0	0	0	0	N	Y	N	N	N	N	N	N	N	N	N	N	0.0021	0.0000	0.0092	0.0184	0.0001	7.9870	0.0007	0.0000	0.0026	0.0007	0.0000	0.0047	0.0091	0.0000	0.2333	0.0002	0.0000	0.0014	0.3429	0.2188	0.5073	0.4923	0.5257	0.0292	0.2922	0.0017	0.5270	456.6695	1.7487	0.0000	0.0013	4.7901	3.9739	15.0000	6.2820	0.0001	0.0000	0.0001	0.0000	0.0000	0.0000	0.0000	0.0000	0.0000	0.0599	0.0218	0.0381	0.0218	0.0217	0.0001	0.0381	0.0001	0.0380	0.0914	0.0774	0.0140	0.0052	0.0050	0.0002	0.0862	0.0725	0.0138	0.1747	0.0996	0.0751	0.0442	0.0413	0.0030	0.1304	0.0583	0.0721	0.0021	0.0000	0.0092	0.0184	0.0001	7.9870	0.0007	0.0000	0.0026	0.3429	0.2188	0.5073	0.4923	0.5257	0.0292	0.2922	0.0017	0.5270
19	88	0.0607	3	1	2	0	0	0	0	0	0	N	Y	N	N	N	N	N	N	N	N	N	N	0.0002	0.0000	3.5701	0.0006	0.0000	2281.9251	0.1852	0.0000	1.0071	0.0015	0.0000	0.0096	0.0189	0.0000	0.4833	0.0004	0.0000	0.0028	8.2630	14.1285	0.0027	31.4950	33.0088	0.0002	0.0024	0.0020	0.0028	inf	0.0001	0.0000	-0.5361	4.7901	0.0056	15.0000	5.7021	0.0000	0.0000	0.0000	0.0000	0.0000	0.0000	0.0000	0.0000	0.0000	0.8722	0.8721	0.0001	0.8720	0.8720	0.0000	0.0002	0.0001	0.0001	0.0001	0.0001	0.0000	0.0000	0.0000	0.0000	0.0001	0.0001	0.0000	0.1056	0.0617	0.0438	0.0277	0.0264	0.0013	0.0779	0.0353	0.0426	0.0002	0.0000	3.5701	0.0006	0.0000	2281.9251	0.1852	0.0000	1.0071	8.2630	14.1285	0.0027	31.4950	33.0088	0.0002	0.0024	0.0020	0.0028
19	92	0.1491	7	1	1	0	0	0	0	0	0	N	N	N	N	N	N	N	N	N	N	N	N	1.0519	9.1694	0.0000	4.2654	4.0613	0.0013	0.6576	38.9361	0.0000	1.3751	1.5872	0.0000	1.0009	1.0621	0.0001	1.4579	1.7162	0.0000	1.3072	0.1731	3.6478	0.2347	0.2615	0.0534	2.2169	0.0441	4.4448	0.0000	10.2110	-0.4512	0.3508	4.7901	24.8682	15.0000	39.8855	0.8231	0.8231	0.0000	0.1086	0.1086	0.0000	0.7145	0.7145	0.0000	1.1850	0.1057	1.0793	0.0976	0.0948	0.0029	1.0874	0.0109	1.0764	0.5986	0.5186	0.0800	0.1085	0.1022	0.0063	0.4901	0.4163	0.0738	0.9065	0.6106	0.2959	0.4160	0.3623	0.0537	0.4905	0.2483	0.2422	1.0519	9.1694	0.0000	4.2654	4.0613	0.0013	0.6576	38.9361	0.0000	1.3072	0.1731	3.6478	0.2347	0.2615	0.0534	2.2169	0.0441	4.4448
20	21	0.0162	3	1	2	0	0	0	0	0	0	N	Y	N	N	N	N	N	N	N	N	N	N	0.1194	0.3655	0.0000	0.0000	0.0000	0.0000	0.0982	0.2538	0.0000	0.0110	0.0131	0.0000	0.0000	0.0000	0.0000	0.0112	0.0133	0.0000	0.0925	0.0358	0.1565	0.0005	0.0004	0.0019	0.1140	0.0524	0.1635	0.0000	3.8700	-0.0001	0.0008	1.2170	2.0000	3.4655	11.9921	0.0001	0.0001	0.0000	0.0000	0.0000	0.0000	0.0001	0.0001	0.0000	0.0046	0.0009	0.0036	0.0000	0.0000	0.0000	0.0045	0.0009	0.0036	0.0118	0.0099	0.0018	0.0002	0.0002	0.0000	0.0116	0.0098	0.0018	0.0493	0.0261	0.0231	0.0094	0.0083	0.0010	0.0399	0.0178	0.0221	0.1194	0.3655	0.0000	0.0000	0.0000	0.0000	0.0982	0.2538	0.0000	0.0925	0.0358	0.1565	0.0005	0.0004	0.0019	0.1140	0.0524	0.1635
20	23	0.0665	8	1	2	1	1	0	0	0	0	N	Y	N	N	N	N	N	N	N	N	N	N	0.0000	0.0000	0.0000	0.0000	0.0000	0.0000	0.0000	0.0000	0.0000	0.0000	0.0000	0.0000	0.0000	0.0000	0.0000	0.0000	0.0000	0.0000	0.0808	0.0031	0.2221	0.0012	0.0012	0.0026	0.1250	0.0053	0.2299	39.5344	0.0000	0.0001	1.2170	0.3092	3.4655	0.1355	0.0000	0.0000	0.0000	0.0000	0.0000	0.0000	0.0000	0.0000	0.0000	0.0002	0.0000	0.0002	0.0000	0.0000	0.0000	0.0002	0.0000	0.0002	0.0029	0.0024	0.0005	0.0008	0.0007	0.0000	0.0021	0.0017	0.0004	0.0025	0.0016	0.0009	0.0009	0.0009	0.0000	0.0016	0.0008	0.0009	0.0000	0.0000	0.0000	0.0000	0.0000	0.0000	0.0000	0.0000	0.0000	0.0808	0.0031	0.2221	0.0012	0.0012	0.0026	0.1250	0.0053	0.2299	
20	24	0.0559	7	1	1	0	1	0	0	0	0	N	N	N	N	N	N	N	N	N	N	N	N	0.0355	0.1942	0.0372	0.0146	0.0145	0.0000	0.0304	0.1791	0.0370	0.0008	0.0006	0.0018	0.0000	0.0000	0.0000	0.0009	0.0007	0.0018	0.0213	0.0030	0.0471	0.0019	0.0020	0.0005	0.0284	0.0038	0.0494	0.4968	10.9813	-0.0000	0.0004	1.2170	6.2779	3.4655	13.9173	0.0000	0.0000	0.0000	0.0000	0.0000	0.0000	0.0000	0.0000	0.0000	0.0014	0.0001	0.0013	0.0000	0.0000	0.0000	0.0014	0.0001	0.0013	0.0343	0.0293	0.0049	0.0043	0.0041	0.0002	0.0300	0.0253	0.0047	0.0662	0.0387	0.0275	0.0176	0.0163	0.0013	0.0486	0.0224	0.0262	0.0355	0.1942	0.0372	0.0146	0.0145	0.0000	0.0304	0.1791	0.0370	0.0213	0.0030	0.0471	0.0019	0.0020	0.0005	0.0284	0.0038	0.0494
20	25	0.0449	4	1	2	0	0	0	0	0	0	N	Y	N	N	N	N	N	N	N	N	N	N	0.0001	0.0001	0.0001	0.0000	0.0000	0.0000	0.0001	0.0009	0.0001	0.0000	0.0000	0.0000	0.0000	0.0000	0.0000	0.0000	0.0000	0.0000	0.0670	0.0483	0.0947	0.0941	0.0989	0.0141	0.0561	0.0064	0.0981	0.3703	1.3226	-0.0000	-0.0003	1.2170	3.8932	3.4655	15.3303	0.0000	0.0000	0.0000	0.0000	0.0000	0.0000	0.0000	0.0000	0.0000	0.0057	0.0024	0.0032	0.0023	0.0023	0.0000	0.0034	0.0002	0.0032	0.0258	0.0221	0.0037	0.0027	0.0026	0.0000	0.0232	0.0195	0.0036	0.0847	0.0506	0.0341	0.0243	0.0229	0.0014	0.0604	0.0277	0.0327	0.0001	0.0001	0.0001	0.0000	0.0000	0.0000	0.0001	0.0009	0.0001	0.0670	0.0483	0.0947	0.0941	0.0989	0.0141	0.0561	0.0064	0.0981
20	26	0.0507	6	1	2	0	1	0	0	0	0	N	Y	N	N	N	N	N	N	N	N	N	N	0.0239	0.4574	0.0019	3.7080	3.7444	0.0000	0.0005	0.0000	0.0019	0.0011	0.0012	0.0002	0.0061	0.0063	0.0000	0.0000	0.0000	0.0002	0.0444	0.0026	0.1010	0.0017	0.0017	0.0012	0.0618	0.0035	0.1051	0.0254	28.3540	-0.0000	0.0009	1.2170	4.2937	3.4655	9.5692	0.0000	0.0000	0.0000	0.0000	0.0000	0.0000	0.0000	0.0000	0.0000	0.0025	0.0001	0.0024	0.0000	0.0000	0.0000	0.0025	0.0001	0.0024	0.0306	0.0263	0.0043	0.0052	0.0050	0.0001	0.0254	0.0213	0.0041	0.0562	0.0323	0.0238	0.0162	0.0153	0.0009	0.0399	0.0170	0.0229	0.0239	0.4574	0.0019	3.7080	3.7444	0.0000	0.0005	0.0000	0.0019	0.0444	0.0026	0.1010	0.0017	0.0017	0.0012	0.0618	0.0035	0.1051
20	27	0.0362	2	2	2	0	0	0	0	0	0	Y	Y	N	N	N	N	N	N	N	N	N	N	15.9871	11.2087	0.0000	0.0142	0.0138	13.6491	8.0496	0.0000	11.1863	13.1978	0.0000	0.0005	0.0005	0.0000	11.7070	13.8957	0.0000	0.6997	1.1775	0.1159	0.0369	0.0397	0.0000	0.8577	1.7263	0.1195	0.0000	0.0806	-0.5458	-0.0620	1.2170	16.0000	3.4655	34.8566	0.9956	0.9956	0.0000	0.0000	0.0000	0.0000	0.9956	0.9956	0.0000	0.1149	0.1063	0.0086	0.0012	0.0012	0.0000	0.1137	0.1051	0.0086	0.0890	0.0754	0.0136	0.0040	0.0038	0.0002	0.0850	0.0716	0.0134	0.1642	0.0903	0.0739	0.0316	0.0294	0.0022	0.1326	0.0609	0.0717	15.9871	11.2087	0.0000	0.0142	0.0138	0.0000	13.6491	8.0496	0.0000	0.6997	1.1775	0.1159	0.0369	0.0397	0.0000	0.8577	1.7263	0.1195	
20	28	0.0660	10	1	1	1	0	0	0	0	0	N	N	N	N	N	N	N	N	N	N	N	N	0.0000	0.0000	0.0000	0.0000	0.0000	0.0000	0.0000	0.0000	0.0000	0.0000	0.0000	0.0000	0.0000	0.0000	0.0000	0.0000	0.0000	0.0000	0.0000	0.0000	1.2170	0.0000	3.4655	3.0088	0.0000	0.0000	0.0000	0.0000	0.0000	0.0000	0.0000	0.0000	0.0000	0.0000	0.0000	0.0000	0.0000	0.0000	0.0000	0.0000	0.0000	0.0000	0.0000	0.0000	0.0000	0.0000	0.0000	0.0000	0.0000	0.0000	0.0000	0.0076	0.0044	0.0032	0.0025	0.0020	0.0005	0.0052	0.0025	0.0027	0.0000	0.0000	0.0000	0.0000	0.0000	0.0000	0.0000	0.0000	0.0000	0.0000	0.0000	0.0000	0.0000	0.0000	0.0000	0.0000	0.0000	0.0000											
20	29	0.0537	7	1	2	0	0	0	0	0	0	N	Y	N	N	N	N	N	N	N	N	N	N	0.0324	0.0397	0.0013	0.0938	0.0902	0.0000	0.0322	2.9407	0.0012	0.0521	0.0611	0.0022	0.3223	0.3404	0.0000	0.0324	0.0382	0.0022	1.6076	1.5385	1.6940	3.4353	3.7728	0.0003	1.0064	0.0130	1.7828	0.0064	0.8811	-0.0009	-0.0161	1.2170	5.0749	3.4655	14.8264	0.0016	0.0016	0.0000	0.0007	0.0007	0.0000	0.0009	0.0009	0.0000	0.1102	0.0586	0.0516	0.0583	0.0583	0.0000	0.0519	0.0003	0.0516	0.0303	0.0257	0.0046	0.0021	0.0019	0.0001	0.0283	0.0237	0.0045	0.0686	0.0381	0.0305	0.0170	0.0154	0.0015	0.0516	0.0226	0.0290	0.0324	0.0397	0.0013	0.0938	0.0902	0.0000	0.0322	2.9407	0.0012	1.6076	1.5385	1.6940	3.4353	3.7728	0.0003	1.0064	0.0130	1.7828
20	31	0.0559	7	1	2	0	0	0	0	0	0	N	Y	N	N	N	N	N	N	N	N	N	N	0.0382	0.1146	0.0001	0.4950	0.4803	0.0000	0.0000	0.0000	0.0001	0.0004	0.0005	0.0000	0.0024	0.0024	0.0000	0.0000	0.0000	0.0000	0.0113	0.0044	0.0212	0.0048	0.0050	0.0010	0.0138	0.0039	0.0222	0.0007	3.4183	-0.0000	0.0001	1.2170	1.4218	3.4655	7.0463	0.0000	0.0000	0.0000	0.0000	0.0000	0.0000	0.0000	0.0000	0.0000	0.0004	0.0001	0.0003	0.0000	0.0000	0.0000	0.0003	0.0000	0.0003	0.0099	0.0085	0.0013	0.0018	0.0018	0.0000	0.0080	0.0068	0.0013	0.0310	0.0182	0.0128	0.0085	0.0079	0.0006	0.0225	0.0103	0.0122	0.0382	0.1146	0.0001	0.4950	0.4803	0.0000	0.0000	0.0000	0.0001	0.0113	0.0044	0.0212	0.0048	0.0050	0.0010	0.0138	0.0039	0.0222
20	32	0.0507	6	1	1	0	0	0	0	0	0	N	N	N	N	N	N	N	N	N	N	N	N	0.1470	0.3526	0.0324	0.8929	0.9213	0.0000	0.0189	0.2335	0.0329	0.0013	0.0014	0.0005	0.0068	0.0070	0.0000	0.0002	0.0001	0.0005	0.0088	0.0040	0.0152	0.0076	0.0076	0.0085	0.0093	0.0005	0.0155	0.0563	2.7893	-0.0000	0.0000	1.2170	4.3312	3.4655	5.5221	0.0000	0.0000	0.0000	0.0000	0.0000	0.0000	0.0000	0.0000	0.0000	0.0004	0.0001	0.0003	0.0001	0.0001	0.0000	0.0003	0.0000	0.0003	0.0308	0.0265	0.0043	0.0052	0.0050	0.0001	0.0256	0.0214	0.0042	0.0432	0.0249	0.0183	0.0131	0.0125	0.0007	0.0301	0.0124	0.0177	0.1470	0.3526	0.0324	0.8929	0.9213	0.0000	0.0189	0.2335	0.0329	0.0088	0.0040	0.0152	0.0076	0.0076	0.0085	0.0093	0.0005	0.0155
20	33	0.0483	5	1	1	0	0	0	0	0	0	N	N	N	N	N	N	N	N	N	N	N	N	1.2582	5.0445	0.1142	17.4332	16.5389	0.0000	0.0313	0.0664	0.1112	0.1422	0.1615	0.0247	1.1736	1.2043	0.0000	0.0040	0.0001	0.0252	0.1130	0.0320	0.2159	0.0673	0.0728	0.0048	0.1290	0.0017	0.2265	0.0250	5.3100	-0.0021	0.0008	1.2170	4.2685	3.4655	3.7703	0.0041	0.0040	0.0001	0.0040	0.0040	0.0000	0.0001	0.0000	0.0001	0.0034	0.0005	0.0028	0.0005	0.0005	0.0000	0.0029	0.0000	0.0028	0.0288	0.0247	0.0041	0.0034	0.0033	0.0001	0.0254	0.0214	0.0040	0.0299	0.0167	0.0132	0.0078	0.0071	0.0006	0.0222	0.0096	0.0126	1.2582	5.0445	0.1142	17.4332	16.5389	0.0000	0.0313	0.0664	0.1112	0.1130	0.0320	0.2159	0.0673	0.0728	0.0048	0.1290	0.0017	0.2265
20	35	0.0660	10	1	2	0	0	0	0	0	0	N	Y	N	N	N	N	N	N	N	N	N	N	0.0000	0.0000	0.0000	0.0000	0.0000	0.0000	0.0000	0.0000	0.0000	0.0000	0.0000	0.0000	0.0000	0.0000	0.0000	0.0000	0.0000	0.0000	0.0000	0.0000	1.2170	1.0000	3.4655	1.0102	0.0000	0.0000	0.0000	0.0000	0.0000	0.0000	0.0000	0.0000	0.0000	0.0000	0.0000	0.0000	0.0000	0.0000	0.0000	0.0000	0.0000	0.0000	0.0052	0.0045	0.0007	0.0004	0.0004	0.0000	0.0048	0.0041	0.0007	0.0051	0.0030	0.0021	0.0017	0.0013	0.0003	0.0035	0.0017	0.0018	0.0000	0.0000	0.0000	0.0000	0.0000	0.0000	0.0000	0.0000	0.0000	0.0000	0.0000	0.0000	0.0000	0.0000	0.0000	0.0000	0.0000	0.0000											
20	36	0.0660	9	1	1	0	0	0	0	0	0	N	N	N	N	N	N	N	N	N	N	N	N	0.0000	0.0000	0.0000	0.0000	0.0000	0.0000	0.0000	0.0000	0.0000	0.0000	0.0000	0.0000	0.0000	0.0000	0.0000	0.0000	0.0000	0.0000	0.0000	0.0000	1.2170	0.0000	3.4655	0.0263	0.0000	0.0000	0.0000	0.0000	0.0000	0.0000	0.0000	0.0000	0.0000	0.0000	0.0000	0.0000	0.0000	0.0000	0.0000	0.0000	0.0000	0.0000	0.0000	0.0000	0.0000	0.0000	0.0000	0.0000	0.0000	0.0000	0.0000	0.0001	0.0001	0.0001	0.0000	0.0000	0.0000	0.0001	0.0000	0.0001	0.0000	0.0000	0.0000	0.0000	0.0000	0.0000	0.0000	0.0000	0.0000	0.0000	0.0000	0.0000	0.0000	0.0000	0.0000	0.0000	0.0000	0.0000											
20	37	0.0360	2	2	2	1	0	0	0	0	0	Y	Y	N	N	N	N	N	N	N	N	N	N	0.0000	0.0000	0.0000	0.0000	0.0000	0.0000	0.0000	0.0000	0.0000	0.0000	0.0000	0.0000	0.0000	0.0000	0.0000	0.0000	0.0000	0.1298	0.0057	0.2878	0.0004	0.0004	0.0000	0.1543	0.0077	0.2918	39.4353	0.0000	0.0013	1.2170	3.0000	3.4655	5.0002	0.0000	0.0000	0.0000	0.0000	0.0000	0.0000	0.0000	0.0000	0.0000	0.0037	0.0001	0.0036	0.0000	0.0000	0.0000	0.0037	0.0001	0.0036	0.0171	0.0144	0.0027	0.0006	0.0005	0.0000	0.0166	0.0139	0.0027	0.0285	0.0160	0.0126	0.0045	0.0044	0.0002	0.0240	0.0116	0.0124	0.0000	0.0000	0.0000	0.0000	0.0000	0.0000	0.0000	0.0000	0.0000	0.1298	0.0057	0.2878	0.0004	0.0004	0.0000	0.1543	0.0077	0.2918		
20	38	0.0698	6	2	2	0	0	0	0	0	0	Y	Y	N	N	N	N	N	N	N	N	N	N	1.4997	2.3502	0.0000	0.0000	0.0000	2.6037	287.9709	0.0000	0.0008	0.0009	0.0000	0.0000	0.0000	0.0000	0.0012	0.0014	0.0000	0.0005	0.0004	0.0010	0.0006	0.0006	0.0000	0.0005	0.0000	0.0010	0.0000	0.8801	-0.0000	-0.0000	1.2170	0.0001	3.4655	0.1668	0.0000	0.0000	0.0000	0.0000	0.0000	0.0000	0.0000	0.0000	0.0000	0.0000	0.0000	0.0000	0.0000	0.0000	0.0000	0.0000	0.0000	0.0000	0.0000	0.0000	0.0000	0.0000	0.0000	0.0000	0.0000	0.0000	0.0000	0.0040	0.0031	0.0010	0.0019	0.0019	0.0000	0.0022	0.0012	0.0010	1.4997	2.3502	0.0000	0.0000	0.0000	0.0000	2.6037	287.9709	0.0000	0.0005	0.0004	0.0010	0.0006	0.0006	0.0000	0.0005	0.0000	0.0010	
20	39	0.0575	9	1	1	0	1	0	0	0	0	N	N	N	N	N	N	N	N	N	N	N	N	0.0000	0.0000	0.0000	0.0000	0.0000	0.0000	0.0000	0.0000	0.0000	0.0000	0.0000	0.0000	0.0000	0.0000	0.0000	0.0005	0.0008	0.0000	0.0015	0.0016	0.0000	0.0000	0.0000	0.0000	0.0000	-0.0000	-0.0000	1.2170	1.7673	3.4655	9.0239	0.0000	0.0000	0.0000	0.0000	0.0000	0.0000	0.0000	0.0000	0.0000	0.0000	0.0000	0.0000	0.0000	0.0000	0.0000	0.0000	0.0000	0.0000	0.0143	0.0124	0.0020	0.0027	0.0026	0.0001	0.0116	0.0097	0.0019	0.0542	0.0341	0.0201	0.0179	0.0170	0.0009	0.0363	0.0171	0.0192	0.0000	0.0000	0.0000	0.0000	0.0000	0.0000	0.0000	0.0000	0.0000	0.0005	0.0008	0.0000	0.0015	0.0016	0.0000	0.0000	0.0000	0.0000				
20	40	0.0552	8	1	1	0	1	0	0	0	0	N	N	N	N	N	N	N	N	N	N	N	N	0.1737	2.5616	0.0024	30.6009	31.1863	0.0000	0.0758	1.0184	0.0024	0.1072	0.1255	0.0032	0.5546	0.5802	0.0000	0.0639	0.0754	0.0033	0.6173	0.0490	1.3384	0.0181	0.0186	0.0123	0.8428	0.0740	1.4038	0.0045	21.5402	-0.0013	0.0059	1.2170	3.4690	3.4655	3.7419	0.0023	0.0023	0.0000	0.0011	0.0011	0.0000	0.0013	0.0012	0.0000	0.0174	0.0008	0.0166	0.0001	0.0001	0.0000	0.0173	0.0006	0.0166	0.0216	0.0184	0.0032	0.0019	0.0018	0.0001	0.0197	0.0166	0.0031	0.0282	0.0158	0.0124	0.0077	0.0071	0.0006	0.0205	0.0086	0.0118	0.1737	2.5616	0.0024	30.6009	31.1863	0.0000	0.0758	1.0184	0.0024	0.6173	0.0490	1.3384	0.0181	0.0186	0.0123	0.8428	0.0740	1.4038
20	41	0.0215	6	1	2	1	0	0	0	0	0	N	Y	N	N	N	N	N	N	N	N	N	N	0.0000	0.0000	0.0000	0.0000	0.0000	0.0000	0.0000	0.0000	0.0000	0.0000	0.0000	0.0000	0.0000	0.0000	0.0000	0.0000	0.0000	0.0000	0.0275	0.0403	0.0076	0.0011	0.0010	0.0027	0.0385	0.0724	0.0079	0.1207	0.0000	-0.0007	1.2170	0.9997	3.4655	10.1790	0.0000	0.0000	0.0000	0.0000	0.0000	0.0000	0.0000	0.0000	0.0000	0.0014	0.0013	0.0002	0.0000	0.0000	0.0000	0.0014	0.0013	0.0002	0.0060	0.0051	0.0009	0.0001	0.0001	0.0000	0.0059	0.0050	0.0009	0.0524	0.0319	0.0205	0.0154	0.0144	0.0011	0.0370	0.0176	0.0194	0.0000	0.0000	0.0000	0.0000	0.0000	0.0000	0.0000	0.0000	0.0000	0.0275	0.0403	0.0076	0.0011	0.0010	0.0027	0.0385	0.0724	0.0079	
20	42	0.0204	5	1	2	0	0	0	0	0	0	N	Y	N	N	N	N	N	N	N	N	N	N	0.0000	0.0000	0.0000	0.0000	0.0000	0.0000	0.0000	0.0000	0.0000	0.0000	0.0000	0.0000	0.0000	0.0000	0.0000	0.0000	0.0000	0.0000	0.0247	0.0327	0.0135	0.0045	0.0047	0.0003	0.0336	0.0606	0.0140	0.2957	-0.0000	-0.0000	1.2170	0.0007	3.4655	0.9413	0.0000	0.0000	0.0000	0.0000	0.0000	0.0000	0.0000	0.0000	0.0000	0.0001	0.0001	0.0000	0.0000	0.0000	0.0000	0.0001	0.0001	0.0000	0.0000	0.0000	0.0000	0.0000	0.0000	0.0000	0.0000	0.0000	0.0000	0.0051	0.0030	0.0021	0.0016	0.0015	0.0001	0.0035	0.0015	0.0020	0.0000	0.0000	0.0000	0.0000	0.0000	0.0000	0.0000	0.0000	0.0000	0.0247	0.0327	0.0135	0.0045	0.0047	0.0003	0.0336	0.0606	0.0140	
20	44	0.0362	2	2	2	0	0	0	0	0	0	Y	Y	N	N	N	N	N	N	N	N	N	N	0.0651	0.0000	0.2001	0.0000	0.0000	0.0555	0.0000	0.1966	0.0021	0.0000	0.0137	0.0000	0.0000	0.0000	0.0022	0.0000	0.0139	0.0324	0.0027	0.0687	0.0024	0.0026	0.0000	0.0397	0.0028	0.0708	inf	20.4537	0.0001	0.0014	1.2170	10.0000	3.4655	26.8440	0.0001	0.0000	0.0001	0.0000	0.0000	0.0000	0.0001	0.0000	0.0001	0.0040	0.0002	0.0039	0.0001	0.0001	0.0000	0.0040	0.0001	0.0039	0.0570	0.0482	0.0087	0.0025	0.0024	0.0001	0.0544	0.0458	0.0086	0.1249	0.0688	0.0562	0.0246	0.0229	0.0017	0.1003	0.0459	0.0545	0.0651	0.0000	0.2001	0.0000	0.0000	0.0000	0.0555	0.0000	0.1966	0.0324	0.0027	0.0687	0.0024	0.0026	0.0000	0.0397	0.0028	0.0708	
20	45	0.0204	5	1	2	0	0	0	0	0	0	N	Y	N	N	N	N	N	N	N	N	N	N	0.9990	0.0000	4.3693	0.0000	0.0000	1.1526	0.0000	4.1695	0.0006	0.0000	0.0036	0.0000	0.0000	0.0000	0.0006	0.0000	0.0036	0.0006	0.0004	0.0008	0.0008	0.0009	0.0000	0.0005	0.0000	0.0009	inf	1.8771	0.0000	0.0000	1.2170	3.0000	3.4655	5.0456	0.0000	0.0000	0.0000	0.0000	0.0000	0.0000	0.0000	0.0000	0.0000	0.0000	0.0000	0.0000	0.0000	0.0000	0.0000	0.0000	0.0000	0.0000	0.0179	0.0150	0.0028	0.0003	0.0003	0.0000	0.0175	0.0147	0.0028	0.0310	0.0171	0.0139	0.0073	0.0066	0.0007	0.0238	0.0105	0.0133	0.9990	0.0000	4.3693	0.0000	0.0000	0.0000	1.1526	0.0000	4.1695	0.0006	0.0004	0.0008	0.0008	0.0009	0.0000	0.0005	0.0000	0.0009	
20	46	0.0162	4	1	2	0	0	0	0	0	0	N	Y	N	N	N	N	N	N	N	N	N	N	0.0000	0.0000	0.0000	0.0000	0.0000	0.0000	0.0000	0.0000	0.0000	0.0000	0.0000	0.0000	0.0000	0.0000	0.0000	0.0000	0.0000	0.0000	0.0066	0.0022	0.0117	0.0032	0.0026	0.0081	0.0075	0.0019	0.0118	4.6517	0.0000	0.0000	1.2170	2.0000	3.4655	1.0030	0.0000	0.0000	0.0000	0.0000	0.0000	0.0000	0.0000	0.0000	0.0000	0.0001	0.0000	0.0001	0.0000	0.0000	0.0000	0.0001	0.0000	0.0001	0.0118	0.0099	0.0018	0.0002	0.0002	0.0000	0.0116	0.0098	0.0018	0.0113	0.0061	0.0052	0.0023	0.0021	0.0002	0.0090	0.0040	0.0050	0.0000	0.0000	0.0000	0.0000	0.0000	0.0000	0.0000	0.0000	0.0000	0.0066	0.0022	0.0117	0.0032	0.0026	0.0081	0.0075	0.0019	0.0118	
20	47	0.0162	3	1	2	0	0	0	0	0	0	N	Y	N	N	N	N	N	N	N	N	N	N	0.0000	0.0000	0.0000	0.0000	0.0000	0.0000	0.0000	0.0000	0.0000	0.0000	0.0000	0.0000	0.0000	0.0000	0.0000	0.0000	0.0000	0.0000	0.0883	0.0776	0.1080	0.1166	0.1113	0.4278	0.0690	0.0235	0.1018	0.7558	0.0000	-0.0000	1.2170	0.0000	3.4655	0.0582	0.0000	0.0000	0.0000	0.0000	0.0000	0.0000	0.0000	0.0000	0.0000	0.0001	0.0000	0.0000	0.0000	0.0000	0.0000	0.0000	0.0000	0.0000	0.0000	0.0000	0.0000	0.0000	0.0000	0.0000	0.0000	0.0000	0.0000	0.0007	0.0004	0.0002	0.0003	0.0003	0.0000	0.0004	0.0002	0.0002	0.0000	0.0000	0.0000	0.0000	0.0000	0.0000	0.0000	0.0000	0.0000	0.0883	0.0776	0.1080	0.1166	0.1113	0.4278	0.0690	0.0235	0.1018	
20	48	0.0124	2	1	2	0	0	0	0	0	0	N	Y	N	N	N	N	N	N	N	N	N	N	3.5783	0.0007	12.5599	0.0040	0.0042	0.0000	3.3512	0.0004	12.4921	15.1141	0.0008	109.7867	0.0008	0.0008	0.0000	19.8919	0.0007	109.9271	4.2239	1.0788	8.7410	0.2073	0.1960	1.2540	5.9357	1.9669	8.7997	23146.4621	5.6410	0.0001	0.0259	1.2170	0.0018	3.4655	3.9096	0.0003	0.0000	0.0003	0.0000	0.0000	0.0000	0.0003	0.0000	0.0003	0.1104	0.0166	0.0937	0.0016	0.0015	0.0001	0.1087	0.0151	0.0936	0.0000	0.0000	0.0000	0.0000	0.0000	0.0000	0.0000	0.0000	0.0000	0.0261	0.0154	0.0107	0.0078	0.0077	0.0001	0.0183	0.0077	0.0106	3.5783	0.0007	12.5599	0.0040	0.0042	0.0000	3.3512	0.0004	12.4921	4.2239	1.0788	8.7410	0.2073	0.1960	1.2540	5.9357	1.9669	8.7997
20	50	0.0660	9	1	1	1	0	0	0	0	0	N	N	N	N	N	N	N	N	N	N	N	N	35383.4811	inf	2264.3788	inf	inf	1032.0820	2116.5084	0.0486	0.0567	0.0073	0.1198	0.1203	0.0000	0.0020	0.0000	0.0074	0.0000	0.0000	0.0000	0.0000	0.0000	0.0000	0.0000	0.0000	0.0000	0.0254	inf	-0.0000	0.0000	1.2170	0.0004	3.4655	0.9852	0.0000	0.0000	0.0000	0.0000	0.0000	0.0000	0.0000	0.0000	0.0000	0.0000	0.0000	0.0000	0.0000	0.0000	0.0000	0.0000	0.0000	0.0000	0.0000	0.0000	0.0000	0.0000	0.0000	0.0000	0.0000	0.0000	0.0000	0.0035	0.0020	0.0015	0.0010	0.0009	0.0001	0.0025	0.0011	0.0014	35383.4811	inf	2264.3788	inf	inf	0.0000	1032.0820	0.0000	2116.5084	0.0000	0.0000	0.0000	0.0000	0.0000	0.0000	0.0000	0.0000	0.0000		
20	51	0.0552	8	1	1	0	0	0	0	0	0	N	N	N	N	N	N	N	N	N	N	N	N	1.8518	42.2529	0.1142	187.0362	179.7779	0.3958	68.0954	0.1112	0.0837	0.0966	0.0114	0.8528	0.8993	0.0000	0.0234	0.0256	0.0117	0.0452	0.0023	0.0996	0.0046	0.0050	0.0000	0.0590	0.0004	0.1049	0.0209	34.4101	-0.0028	0.0013	1.2170	10.7574	3.4655	12.9024	0.0053	0.0052	0.0001	0.0039	0.0039	0.0000	0.0014	0.0013	0.0001	0.0037	0.0001	0.0036	0.0001	0.0001	0.0000	0.0036	0.0000	0.0036	0.0631	0.0536	0.0095	0.0046	0.0044	0.0002	0.0585	0.0492	0.0093	0.0815	0.0455	0.0359	0.0206	0.0188	0.0018	0.0608	0.0267	0.0341	1.8518	42.2529	0.1142	187.0362	179.7779	0.0000	0.3958	68.0954	0.1112	0.0452	0.0023	0.0996	0.0046	0.0050	0.0000	0.0590	0.0004	0.1049	
20	52	0.0537	7	1	1	0	0	0	0	0	0	N	N	N	N	N	N	N	N	N	N	N	N	516.4509	1274.7615	13.8190	0.5771	0.5651	0.0000	542.5140	10816.1875	13.5367	6.6354	7.7787	0.2929	0.0069	0.0072	0.0000	7.1496	8.4612	0.3000	0.0128	0.0061	0.0212	0.0119	0.0128	0.0014	0.0132	0.0008	0.0222	0.0068	2.8067	-0.0584	0.0000	1.2170	2.6694	3.4655	2.4027	0.1078	0.1071	0.0007	0.0000	0.0000	0.0000	0.1078	0.1071	0.0007	0.0003	0.0001	0.0002	0.0001	0.0001	0.0000	0.0002	0.0000	0.0002	0.0163	0.0138	0.0025	0.0012	0.0011	0.0001	0.0151	0.0127	0.0024	0.0195	0.0108	0.0087	0.0052	0.0048	0.0004	0.0143	0.0060	0.0083	516.4509	1274.7615	13.8190	0.5771	0.5651	0.0000	542.5140	10816.1875	13.5367	0.0128	0.0061	0.0212	0.0119	0.0128	0.0014	0.0132	0.0008	0.0222
20	53	0.0485	6	1	1	0	0	0	0	0	0	N	N	N	N	N	N	N	N	N	N	N	N	4.2091	10.5399	0.0003	0.0036	0.0034	inf	4.6867	132.3591	0.0002	17.7547	20.7284	0.0018	0.0153	0.0159	0.0000	19.7727	23.4309	0.0018	4.2181	1.9667	7.1225	4.2159	4.6240	0.0000	4.2189	0.1770	7.4994	0.0000	2.8075	-0.5386	0.0254	1.2170	8.6921	3.4655	5.3599	0.9825	0.9825	0.0000	0.0001	0.0001	0.0000	0.9824	0.9824	0.0000	0.2072	0.0544	0.1528	0.0515	0.0515	0.0000	0.1557	0.0029	0.1528	0.0553	0.0474	0.0079	0.0057	0.0055	0.0002	0.0497	0.0419	0.0078	0.0491	0.0277	0.0215	0.0122	0.0111	0.0011	0.0369	0.0165	0.0204	4.2091	10.5399	0.0003	0.0036	0.0034	inf	4.6867	132.3591	0.0002	4.2181	1.9667	7.1225	4.2159	4.6240	0.0000	4.2189	0.1770	7.4994
20	54	0.0483	5	1	1	0	0	0	0	0	0	N	N	N	N	N	N	N	N	N	N	N	N	754.5563	1123.2305	0.6403	27.5274	26.0395	1005.9053	4148.3764	0.6252	0.8648	0.9925	0.0009	0.0395	0.0401	0.0000	1.0391	1.2265	0.0010	0.0011	0.0009	0.0015	0.0014	0.0015	0.0000	0.0010	0.0003	0.0015	0.0001	1.3388	-0.0071	-0.0000	1.2170	1.8652	3.4655	1.4001	0.0129	0.0129	0.0000	0.0001	0.0001	0.0000	0.0128	0.0128	0.0000	0.0000	0.0000	0.0000	0.0000	0.0000	0.0000	0.0000	0.0000	0.0000	0.0149	0.0130	0.0019	0.0026	0.0026	0.0000	0.0123	0.0104	0.0019	0.0135	0.0075	0.0060	0.0038	0.0035	0.0003	0.0097	0.0040	0.0058	754.5563	1123.2305	0.6403	27.5274	26.0395	0.0000	1005.9053	4148.3764	0.6252	0.0011	0.0009	0.0015	0.0014	0.0015	0.0000	0.0010	0.0003	0.0015	
20	55	0.0438	4	1	1	0	0	0	0	0	0	N	N	N	N	N	N	N	N	N	N	N	N	0.0031	0.0387	0.0006	0.1301	0.1252	0.0000	0.0018	0.0266	0.0006	0.0103	0.0112	0.0048	0.0297	0.0303	0.0000	0.0081	0.0087	0.0049	3.3372	0.2881	7.9148	0.2286	0.2418	0.0151	4.5983	0.3265	8.2602	0.0698	18.2994	-0.0001	0.0379	1.2170	2.5292	3.4655	4.9772	0.0002	0.0002	0.0000	0.0001	0.0001	0.0000	0.0001	0.0001	0.0000	0.1135	0.0059	0.1077	0.0022	0.0022	0.0000	0.1113	0.0036	0.1077	0.0169	0.0146	0.0024	0.0017	0.0017	0.0000	0.0152	0.0129	0.0023	0.0340	0.0204	0.0136	0.0098	0.0092	0.0006	0.0242	0.0112	0.0130	0.0031	0.0387	0.0006	0.1301	0.1252	0.0000	0.0018	0.0266	0.0006	3.3372	0.2881	7.9148	0.2286	0.2418	0.0151	4.5983	0.3265	8.2602
20	57	0.1246	6	1	1	0	0	0	0	0	0	N	N	N	N	N	N	N	N	N	N	N	N	0.0236	0.0158	0.3725	0.0017	0.0000	1.1302	0.5640	2.0495	0.2991	0.0020	0.0019	0.0030	0.0003	0.0000	0.0071	0.0028	0.0028	0.0025	0.0863	0.1210	0.0080	0.1552	0.1805	0.0063	0.0049	0.0014	0.0085	0.2115	0.0291	-0.0001	-0.0095	1.2170	7.8198	3.4655	21.5823	0.0002	0.0001	0.0000	0.0000	0.0000	0.0000	0.0002	0.0001	0.0000	0.0162	0.0158	0.0005	0.0158	0.0157	0.0001	0.0004	0.0001	0.0004	0.0772	0.0679	0.0093	0.0230	0.0221	0.0008	0.0542	0.0458	0.0084	0.1884	0.1305	0.0578	0.1019	0.0871	0.0148	0.0864	0.0434	0.0431	0.0236	0.0158	0.3725	0.0017	0.0000	1.1302	0.5640	2.0495	0.2991	0.0863	0.1210	0.0080	0.1552	0.1805	0.0063	0.0049	0.0014	0.0085
20	58	0.0387	5	2	2	1	0	0	0	0	0	Y	Y	N	N	N	N	N	N	N	N	N	N	0.0000	0.0000	0.0000	0.0000	0.0000	0.0000	0.0000	0.0000	0.0000	0.0000	0.0000	0.0000	0.0000	0.0000	0.0000	0.0000	0.0000	0.0000	0.0115	0.0199	0.0021	0.0164	0.0172	0.0001	0.0107	0.0209	0.0021	0.0937	0.0000	-0.0003	1.2170	2.0055	3.4655	11.8091	0.0000	0.0000	0.0000	0.0000	0.0000	0.0000	0.0000	0.0000	0.0000	0.0006	0.0005	0.0000	0.0001	0.0001	0.0000	0.0004	0.0004	0.0000	0.0119	0.0100	0.0019	0.0003	0.0003	0.0000	0.0116	0.0098	0.0018	0.0490	0.0260	0.0230	0.0073	0.0070	0.0003	0.0417	0.0190	0.0227	0.0000	0.0000	0.0000	0.0000	0.0000	0.0000	0.0000	0.0000	0.0000	0.0115	0.0199	0.0021	0.0164	0.0172	0.0001	0.0107	0.0209	0.0021	
20	59	0.0333	4	2	1	1	0	0	0	0	0	Y	N	N	N	N	N	N	N	N	N	N	N	0.0000	0.0000	0.0000	0.0000	0.0000	0.0000	0.0000	0.0003	0.0000	0.0000	0.0000	0.0000	0.0000	0.0000	0.0000	0.0000	0.0000	0.0000	0.1071	0.1258	0.0824	0.3180	0.3258	0.0133	0.0463	0.0011	0.0833	0.0000	0.4984	-0.0000	-0.0006	1.2170	1.9951	3.4655	2.5667	0.0000	0.0000	0.0000	0.0000	0.0000	0.0000	0.0000	0.0000	0.0000	0.0023	0.0015	0.0008	0.0015	0.0015	0.0000	0.0008	0.0000	0.0008	0.0118	0.0100	0.0018	0.0002	0.0002	0.0000	0.0116	0.0097	0.0018	0.0212	0.0120	0.0091	0.0047	0.0046	0.0001	0.0164	0.0074	0.0090	0.0000	0.0000	0.0000	0.0000	0.0000	0.0000	0.0000	0.0003	0.0000	0.1071	0.1258	0.0824	0.3180	0.3258	0.0133	0.0463	0.0011	0.0833
20	60	0.0266	3	2	1	1	0	0	0	0	0	Y	N	N	N	N	N	N	N	N	N	N	N	0.0000	0.0000	0.0000	0.0000	0.0000	0.0000	0.0000	0.0000	0.0000	0.0000	0.0000	0.0000	0.0000	0.0000	0.0000	0.0000	0.0000	0.0000	0.0005	0.0007	0.0001	0.0013	0.0014	0.0004	0.0000	0.0000	0.0000	0.0351	0.0000	-0.0000	1.2170	0.0108	3.4655	3.6229	0.0000	0.0000	0.0000	0.0000	0.0000	0.0000	0.0000	0.0000	0.0000	0.0000	0.0000	0.0000	0.0000	0.0000	0.0000	0.0000	0.0000	0.0000	0.0001	0.0001	0.0000	0.0000	0.0000	0.0000	0.0001	0.0001	0.0000	0.0195	0.0140	0.0054	0.0077	0.0070	0.0007	0.0118	0.0071	0.0047	0.0000	0.0000	0.0000	0.0000	0.0000	0.0000	0.0000	0.0000	0.0000	0.0005	0.0007	0.0001	0.0013	0.0014	0.0004	0.0000	0.0000	0.0000	
20	61	0.0449	4	1	2	0	0	0	0	0	0	N	Y	N	N	N	N	N	N	N	N	N	N	0.0000	0.0000	0.0000	0.0000	0.0000	0.0000	0.0000	0.0000	0.0000	0.0000	0.0000	0.0000	0.0000	0.0000	0.0000	0.0000	0.0000	0.0326	0.0526	0.0007	0.0058	0.0061	0.0000	0.0449	0.0968	0.0007	0.0085	0.0000	-0.0012	1.2170	4.0917	3.4655	8.0988	0.0000	0.0000	0.0000	0.0000	0.0000	0.0000	0.0000	0.0000	0.0000	0.0020	0.0020	0.0000	0.0001	0.0001	0.0000	0.0019	0.0019	0.0000	0.0270	0.0231	0.0039	0.0027	0.0027	0.0001	0.0242	0.0204	0.0038	0.0624	0.0383	0.0241	0.0196	0.0187	0.0009	0.0428	0.0197	0.0231	0.0000	0.0000	0.0000	0.0000	0.0000	0.0000	0.0000	0.0000	0.0000	0.0326	0.0526	0.0007	0.0058	0.0061	0.0000	0.0449	0.0968	0.0007		
20	62	0.0412	3	1	2	0	0	0	0	0	0	N	Y	N	N	N	N	N	N	N	N	N	N	0.0001	0.0001	0.0002	0.0006	0.0006	0.0000	0.0002	0.0010	0.0002	0.0000	0.0000	0.0000	0.0003	0.0003	0.0000	0.0000	0.0000	0.0000	0.1985	0.2333	0.1555	0.4887	0.5240	0.0021	0.0992	0.0139	0.1616	0.2009	0.5388	-0.0000	-0.0016	1.2170	2.1165	3.4655	5.0852	0.0000	0.0000	0.0000	0.0000	0.0000	0.0000	0.0000	0.0000	0.0000	0.0062	0.0040	0.0022	0.0039	0.0039	0.0000	0.0023	0.0001	0.0022	0.0125	0.0106	0.0019	0.0006	0.0006	0.0000	0.0119	0.0100	0.0019	0.0313	0.0173	0.0140	0.0080	0.0075	0.0005	0.0234	0.0099	0.0135	0.0001	0.0001	0.0002	0.0006	0.0006	0.0000	0.0002	0.0010	0.0002	0.1985	0.2333	0.1555	0.4887	0.5240	0.0021	0.0992	0.0139	0.1616
20	63	0.0266	3	2	1	1	0	0	0	0	0	Y	N	N	N	N	N	N	N	N	N	N	N	0.0000	0.0000	0.0000	0.0000	0.0000	0.0000	0.0000	0.0000	0.0000	0.0000	0.0000	0.0000	0.0000	0.0000	0.0000	0.0000	0.0000	0.0000	0.0002	0.0004	0.0000	0.0012	0.0013	0.0003	0.0000	0.0000	0.0000	0.0350	0.0000	-0.0000	1.2170	3.9990	3.4655	8.8702	0.0000	0.0000	0.0000	0.0000	0.0000	0.0000	0.0000	0.0000	0.0000	0.0000	0.0000	0.0000	0.0000	0.0000	0.0000	0.0000	0.0000	0.0000	0.0233	0.0201	0.0032	0.0006	0.0006	0.0000	0.0227	0.0195	0.0032	0.0453	0.0258	0.0195	0.0082	0.0074	0.0009	0.0370	0.0184	0.0186	0.0000	0.0000	0.0000	0.0000	0.0000	0.0000	0.0000	0.0000	0.0000	0.0002	0.0004	0.0000	0.0012	0.0013	0.0003	0.0000	0.0000	0.0000	
20	64	0.0064	2	2	1	1	0	0	0	0	0	Y	N	N	N	N	N	N	N	N	N	N	N	0.0819	0.0013	7.6225	0.0321	0.0322	0.0000	0.2344	0.0000	8.3041	0.0001	0.0000	0.0003	0.0000	0.0000	0.0000	0.0001	0.0000	0.0003	0.0006	0.0012	0.0000	0.0012	0.0012	0.0012	0.0002	0.0010	0.0000	38.6229	0.0344	0.0000	-0.0001	1.2170	3.9972	3.4655	6.8232	0.0000	0.0000	0.0000	0.0000	0.0000	0.0000	0.0000	0.0000	0.0000	0.0001	0.0001	0.0000	0.0001	0.0001	0.0000	0.0000	0.0000	0.0000	0.0245	0.0208	0.0037	0.0008	0.0008	0.0000	0.0237	0.0200	0.0037	0.1744	0.0907	0.0836	0.0722	0.0720	0.0003	0.1022	0.0188	0.0834	0.0819	0.0013	7.6225	0.0321	0.0322	0.0000	0.2344	0.0000	8.3041	0.0006	0.0012	0.0000	0.0012	0.0012	0.0012	0.0002	0.0010	0.0000
20	65	0.0488	4	1	2	0	0	0	0	0	0	N	Y	N	N	N	N	N	N	N	N	N	N	0.0001	0.0006	0.0000	0.0030	0.0026	0.0000	0.0000	0.0006	0.0000	0.0003	0.0004	0.0000	0.0021	0.0021	0.0000	0.0002	0.0002	0.0000	4.4100	0.6203	12.7862	0.6801	0.8162	0.0056	6.9578	0.3911	18.1524	0.0002	10.3504	-0.0000	0.3392	1.2170	15.6632	3.4655	35.0639	0.0000	0.0000	0.0000	0.0000	0.0000	0.0000	0.0000	0.0000	0.0000	1.1415	0.1006	1.0409	0.0714	0.0713	0.0001	1.0701	0.0292	1.0408	0.0900	0.0765	0.0135	0.0055	0.0053	0.0002	0.0845	0.0712	0.0133	0.2588	0.1621	0.0967	0.1051	0.0874	0.0176	0.1538	0.0747	0.0791	0.0001	0.0006	0.0000	0.0030	0.0026	0.0000	0.0000	0.0006	0.0000	4.4100	0.6203	10.7622	0.6801	0.8162	0.0056	6.9578	0.3911	13.1620
20	66	0.0488	4	1	1	1	0	0	0	0	0	N	N	N	N	N	N	N	N	N	N	N	N	0.0000	0.0000	0.0000	0.0000	0.0000	0.0000	0.0000	0.0000	0.0000	0.0000	0.0000	0.0000	0.0000	0.0000	0.0000	0.0000	0.0000	0.0000	0.0217	0.0009	0.0651	0.0002	0.0002	0.0000	0.0453	0.0022	0.0912	33.1390	0.0000	0.0013	1.2170	4.9998	3.4655	10.1184	0.0000	0.0000	0.0000	0.0000	0.0000	0.0000	0.0000	0.0000	0.0000	0.0037	0.0001	0.0036	0.0000	0.0000	0.0000	0.0037	0.0001	0.0036	0.0321	0.0274	0.0047	0.0029	0.0029	0.0001	0.0292	0.0246	0.0046	0.1695	0.1146	0.0550	0.0886	0.0728	0.0157	0.0810	0.0418	0.0392	0.0000	0.0000	0.0000	0.0000	0.0000	0.0000	0.0000	0.0000	0.0000	0.0217	0.0009	0.0651	0.0002	0.0002	0.0000	0.0453	0.0022	0.0912	
20	67	0.0533	6	1	2	0	0	0	0	0	0	N	Y	N	N	N	N	N	N	N	N	N	N	293.3639	2817.6050	0.0179	0.2015	0.4438	0.0007	224.3610	1789.5481	0.0179	15.8013	18.5097	0.0022	0.0006	0.0006	0.0000	16.7804	19.7511	0.0022	0.0539	0.0066	0.1214	0.0028	0.0014	0.0245	0.0748	0.0110	0.1259	0.0000	12.9405	-0.5394	0.0018	1.2170	10.9928	3.4655	18.5513	0.9840	0.9839	0.0000	0.0000	0.0000	0.0000	0.9840	0.9839	0.0000	0.0058	0.0004	0.0054	0.0001	0.0000	0.0000	0.0057	0.0004	0.0054	0.0623	0.0532	0.0091	0.0036	0.0033	0.0003	0.0586	0.0498	0.0088	0.1084	0.0637	0.0446	0.0315	0.0295	0.0020	0.0768	0.0342	0.0427	293.3639	2817.6050	0.0179	0.2015	0.4438	0.0007	224.3610	1789.5481	0.0179	0.0539	0.0066	0.1214	0.0028	0.0014	0.0245	0.0748	0.0110	0.1259
20	68	0.0533	5	1	1	0	0	0	0	0	0	N	N	N	N	N	N	N	N	N	N	N	N	16.9764	23.7117	0.0015	9.3714	9.4342	0.0028	22.6230	251.2056	0.0015	10.8947	12.0518	0.0014	6.8434	6.9135	0.0015	12.9222	15.0084	0.0014	0.6418	0.5083	0.8977	0.7302	0.7328	0.5307	0.5712	0.0597	0.9038	0.0000	0.9211	-0.0080	-0.0014	1.2170	0.0861	3.4655	1.0715	0.0145	0.0145	0.0000	0.0030	0.0030	0.0000	0.0115	0.0115	0.0000	0.0106	0.0055	0.0051	0.0054	0.0053	0.0000	0.0053	0.0002	0.0050	0.0013	0.0012	0.0001	0.0004	0.0004	0.0000	0.0009	0.0008	0.0001	0.0165	0.0109	0.0057	0.0073	0.0072	0.0001	0.0092	0.0036	0.0056	16.9764	23.7117	0.0015	9.3714	9.4342	0.0028	22.6230	251.2056	0.0015	0.6418	0.5083	0.8977	0.7302	0.7328	0.5307	0.5712	0.0597	0.9038
20	69	0.0360	3	2	1	1	0	0	0	0	0	Y	N	N	N	N	N	N	N	N	N	N	N	0.0000	0.0000	0.0000	0.0000	0.0000	0.0000	0.0000	0.0000	0.0000	0.0000	0.0000	0.0000	0.0000	0.0000	0.0000	0.0000	0.0000	0.0065	0.0002	0.0145	0.0007	0.0007	0.0000	0.0076	0.0000	0.0147	55.4835	0.0000	0.0000	1.2170	1.0000	3.4655	3.0001	0.0000	0.0000	0.0000	0.0000	0.0000	0.0000	0.0000	0.0000	0.0000	0.0001	0.0000	0.0001	0.0000	0.0000	0.0000	0.0001	0.0000	0.0001	0.0058	0.0048	0.0009	0.0002	0.0002	0.0000	0.0056	0.0047	0.0009	0.0145	0.0081	0.0064	0.0023	0.0022	0.0001	0.0122	0.0059	0.0063	0.0000	0.0000	0.0000	0.0000	0.0000	0.0000	0.0000	0.0000	0.0000	0.0065	0.0002	0.0145	0.0007	0.0007	0.0000	0.0076	0.0000	0.0147		
20	70	0.0360	2	2	1	1	0	0	0	0	0	Y	N	N	N	N	N	N	N	N	N	N	N	0.0000	0.0000	0.0000	0.0000	0.0000	0.0000	0.0000	0.0000	0.0000	0.0000	0.0000	0.0000	0.0000	0.0000	0.0000	0.0000	0.0000	0.5013	0.4610	0.5493	0.5769	0.5785	0.0000	0.4432	0.0025	0.5507	0.9978	0.0000	-0.0000	1.2170	0.0000	3.4655	0.0009	0.0000	0.0000	0.0000	0.0000	0.0000	0.0000	0.0000	0.0000	0.0000	0.0000	0.0000	0.0000	0.0000	0.0000	0.0000	0.0000	0.0000	0.0000	0.0000	0.0000	0.0000	0.0000	0.0000	0.0000	0.0000	0.0000	0.0000	0.0000	0.0000	0.0000	0.0000	0.0000	0.0000	0.0000	0.0000	0.0000	0.0000	0.0000	0.0000	0.0000	0.0000	0.0000	0.0000	0.0000	0.0000	0.5013	0.4610	0.5493	0.5769	0.5785	0.0000	0.4432	0.0025	0.5507		
20	72	0.0362	2	1	2	0	1	0	0	0	0	N	Y	N	N	N	N	N	N	N	N	N	N	0.0020	0.0009	0.0145	0.0000	0.0000	0.0021	0.0008	0.0143	0.0040	0.0026	0.0116	0.0000	0.0000	0.0000	0.0041	0.0027	0.0118	1.9673	2.9222	0.8007	1.8097	1.9470	0.0000	2.0049	3.3914	0.8256	0.8125	0.2243	-0.0000	-0.1424	1.2170	13.0000	3.4655	39.1663	0.0003	0.0002	0.0001	0.0000	0.0000	0.0000	0.0003	0.0002	0.0001	0.3299	0.2694	0.0604	0.0583	0.0583	0.0000	0.2715	0.2111	0.0604	0.0732	0.0620	0.0112	0.0033	0.0031	0.0001	0.0699	0.0589	0.0110	0.1677	0.0922	0.0755	0.0322	0.0300	0.0023	0.1354	0.0623	0.0732	0.0020	0.0009	0.0145	0.0000	0.0000	0.0000	0.0021	0.0008	0.0143	1.9673	2.9222	0.8007	1.8097	1.9470	0.0000	2.0049	3.3914	0.8256	
20	73	0.0387	3	1	2	0	0	0	0	0	0	N	Y	N	N	N	N	N	N	N	N	N	N	0.0000	0.0000	0.0000	0.0000	0.0000	0.0000	0.0000	0.0000	0.0000	0.0000	0.0000	0.0000	0.0000	0.0000	0.0000	0.0000	0.0000	0.0000	1.3010	0.0847	2.9614	0.0910	0.0960	0.0025	1.6728	0.0776	3.0525	25.6169	-0.0000	0.0381	1.2170	3.0003	3.4655	18.1082	0.0000	0.0000	0.0000	0.0000	0.0000	0.0000	0.0000	0.0000	0.0000	0.1095	0.0041	0.1054	0.0018	0.0018	0.0000	0.1077	0.0023	0.1054	0.0176	0.0149	0.0027	0.0008	0.0008	0.0000	0.0168	0.0141	0.0027	0.0842	0.0486	0.0356	0.0198	0.0187	0.0011	0.0644	0.0299	0.0345	0.0000	0.0000	0.0000	0.0000	0.0000	0.0000	0.0000	0.0000	0.0000	1.3010	0.0847	2.9614	0.0910	0.0960	0.0025	1.6728	0.0776	3.0525	
20	74	0.0064	2	1	2	0	0	0	0	0	0	N	Y	N	N	N	N	N	N	N	N	N	N	36.7004	0.1314	139.8506	2.2056	3.0971	0.0000	32.6125	152.6075	0.0008	0.0000	0.0049	0.0000	0.0000	0.0000	0.0008	0.0000	0.0049	0.0000	0.0000	0.0000	0.0000	0.0000	0.0010	0.0000	0.0000	0.0000	980.5206	4.7340	0.0000	0.0000	1.2170	7.0046	3.4655	18.1036	0.0000	0.0000	0.0000	0.0000	0.0000	0.0000	0.0000	0.0000	0.0000	0.0000	0.0000	0.0000	0.0000	0.0000	0.0000	0.0000	0.0000	0.0000	0.0416	0.0353	0.0063	0.0010	0.0010	0.0000	0.0406	0.0343	0.0063	0.2163	0.1123	0.1040	0.0745	0.0742	0.0003	0.1417	0.0381	0.1037	36.7004	0.1314	139.8506	2.2056	3.0971	0.0000	32.6125	0.0000	152.6075	0.0000	0.0000	0.0000	0.0000	0.0000	0.0010	0.0000	0.0000	0.0000	
20	77	0.0537	6	1	2	0	0	0	0	0	0	N	Y	N	N	N	N	N	N	N	N	N	N	29.9643	20.3396	0.0000	153.0778	141.4811	0.0000	0.0000	0.0000	0.0000	0.0086	0.0099	0.0000	0.1805	0.1850	0.0000	0.0000	0.0000	0.0000	0.0003	0.0005	0.0000	0.0012	0.0013	0.0000	0.0000	0.0000	0.0000	0.0000	0.0001	-0.0002	-0.0000	1.2170	8.6571	3.4655	16.0761	0.0004	0.0004	0.0000	0.0004	0.0004	0.0000	0.0000	0.0000	0.0000	0.0000	0.0000	0.0000	0.0000	0.0000	0.0000	0.0000	0.0000	0.0000	0.0499	0.0431	0.0068	0.0024	0.0023	0.0001	0.0475	0.0408	0.0068	0.0718	0.0421	0.0297	0.0174	0.0157	0.0017	0.0544	0.0264	0.0280	29.9643	20.3396	0.0000	153.0778	141.4811	0.0000	0.0000	0.0000	0.0000	0.0003	0.0005	0.0000	0.0012	0.0013	0.0000	0.0000	0.0000	0.0000
20	78	0.0533	5	1	2	0	0	0	0	0	0	N	Y	N	N	N	N	N	N	N	N	N	N	8255.7169	8654.8272	0.3200	38417.7598	38642.4387	18.1239	1274.3653	1287.2173	0.1799	1.1878	1.3576	0.0000	5.8379	5.9744	0.0005	0.1763	0.2067	0.0000	0.0001	0.0002	0.0001	0.0002	0.0002	0.0000	0.0001	0.0002	0.0001	0.0000	0.4311	-0.0019	-0.0000	1.2170	0.3645	3.4655	1.9845	0.0035	0.0035	0.0000	0.0031	0.0031	0.0000	0.0004	0.0004	0.0000	0.0000	0.0000	0.0000	0.0000	0.0000	0.0000	0.0000	0.0000	0.0000	0.0029	0.0026	0.0004	0.0005	0.0005	0.0000	0.0024	0.0021	0.0004	0.0207	0.0133	0.0074	0.0084	0.0083	0.0002	0.0122	0.0050	0.0073	8255.7169	8654.8272	0.3200	38417.7598	38642.4387	18.1239	1274.3653	1287.2173	0.1799	0.0001	0.0002	0.0001	0.0002	0.0002	0.0000	0.0001	0.0002	0.0001
20	79	0.0438	4	1	1	0	0	0	0	0	0	N	N	N	N	N	N	N	N	N	N	N	N	0.1035	1.6222	0.0000	0.5431	0.5288	0.0000	0.0841	1.2924	0.0000	0.1639	0.1908	0.0000	0.0279	0.0284	0.0000	0.1779	0.2101	0.0000	1.5837	0.1176	3.5853	0.0513	0.0537	0.0209	2.1145	0.1626	3.7512	0.0000	22.3329	-0.0017	0.0359	1.2170	2.9108	3.4655	14.2456	0.0031	0.0031	0.0000	0.0000	0.0000	0.0000	0.0031	0.0031	0.0000	0.1048	0.0045	0.1003	0.0009	0.0008	0.0000	0.1040	0.0036	0.1003	0.0191	0.0164	0.0027	0.0018	0.0018	0.0000	0.0173	0.0147	0.0027	0.0662	0.0382	0.0280	0.0170	0.0158	0.0012	0.0492	0.0224	0.0267	0.1035	1.6222	0.0000	0.5431	0.5288	0.0000	0.0841	1.2924	0.0000	1.5837	0.1176	3.5853	0.0513	0.0537	0.0209	2.1145	0.1626	3.7512
20	80	0.0387	3	1	1	0	0	0	0	0	0	N	N	N	N	N	N	N	N	N	N	N	N	0.0296	0.0237	0.0007	0.0000	0.0000	0.0000	0.0226	0.0139	0.0007	0.0815	0.0961	0.0005	0.0000	0.0000	0.0000	0.0863	0.1026	0.0005	2.7486	4.0568	0.6767	0.1772	0.1834	0.0036	3.8152	7.3805	0.6947	0.0009	0.1053	-0.0000	-0.0575	1.2170	0.1009	3.4655	7.5203	0.0000	0.0000	0.0000	0.0000	0.0000	0.0000	0.0000	0.0000	0.0000	0.1107	0.1001	0.0105	0.0021	0.0021	0.0000	0.1086	0.0981	0.0105	0.0006	0.0005	0.0001	0.0000	0.0000	0.0000	0.0006	0.0005	0.0001	0.0403	0.0247	0.0156	0.0118	0.0114	0.0004	0.0285	0.0133	0.0152	0.0296	0.0237	0.0007	0.0000	0.0000	0.0000	0.0226	0.0139	0.0007	2.7486	4.0568	0.6767	0.1772	0.1834	0.0036	3.8152	7.3805	0.6947
20	81	0.0362	2	1	1	0	0	0	0	0	0	N	N	N	N	N	N	N	N	N	N	N	N	0.0000	0.0000	0.0000	0.0000	0.0000	0.0000	0.0000	0.0000	0.0000	0.0000	0.0000	0.0000	0.0000	0.0000	0.0000	0.0000	0.0000	0.0000	0.2035	0.1554	0.2681	0.0086	0.0089	0.0000	0.2814	0.2913	0.2743	1.2864	-0.0000	-0.0002	1.2170	0.0014	3.4655	3.7882	0.0000	0.0000	0.0000	0.0000	0.0000	0.0000	0.0000	0.0000	0.0000	0.0040	0.0018	0.0023	0.0000	0.0000	0.0000	0.0040	0.0017	0.0023	0.0000	0.0000	0.0000	0.0000	0.0000	0.0000	0.0000	0.0000	0.0000	0.0198	0.0113	0.0084	0.0056	0.0055	0.0002	0.0141	0.0059	0.0083	0.0000	0.0000	0.0000	0.0000	0.0000	0.0000	0.0000	0.0000	0.0000	0.2035	0.1554	0.2681	0.0086	0.0089	0.0000	0.2814	0.2913	0.2743	
20	82	0.0519	5	1	2	0	0	0	0	0	0	N	Y	N	N	N	N	N	N	N	N	N	N	0.0001	0.0002	0.0003	0.0001	0.0001	0.2130	0.0001	0.0006	0.0003	0.0004	0.0002	0.0012	0.0002	0.0001	0.0030	0.0004	0.0002	0.0012	2.5898	1.2912	4.3921	1.9903	2.0732	0.0141	2.8826	0.3665	4.5347	0.9989	2.4508	-0.0000	0.0391	1.2170	7.9116	3.4655	21.1247	0.0000	0.0000	0.0000	0.0000	0.0000	0.0000	0.0000	0.0000	0.0000	0.4099	0.1188	0.2911	0.1034	0.1033	0.0000	0.3065	0.0154	0.2911	0.0487	0.0414	0.0073	0.0040	0.0039	0.0001	0.0446	0.0375	0.0071	0.1583	0.0920	0.0663	0.0519	0.0498	0.0021	0.1063	0.0421	0.0642	0.0001	0.0002	0.0003	0.0001	0.0001	0.2130	0.0001	0.0006	0.0003	2.5898	1.2912	4.3921	1.9903	2.0732	0.0141	2.8826	0.3665	4.5347
20	83	0.0698	6	2	2	0	0	0	0	0	0	Y	Y	N	N	N	N	N	N	N	N	N	N	0.0000	0.0000	0.0000	0.0000	0.0000	0.0000	0.0000	0.0000	0.0000	0.0000	0.0000	0.0000	0.0000	0.0000	0.0000	0.0000	0.0000	0.0000	0.0000	0.0000	1.2170	0.0000	3.4655	1.8333	0.0000	0.0000	0.0000	0.0000	0.0000	0.0000	0.0000	0.0000	0.0000	0.0000	0.0000	0.0000	0.0000	0.0000	0.0000	0.0000	0.0000	0.0000	0.0000	0.0000	0.0000	0.0000	0.0000	0.0000	0.0000	0.0000	0.0000	0.0103	0.0066	0.0036	0.0034	0.0032	0.0001	0.0069	0.0034	0.0035	0.0000	0.0000	0.0000	0.0000	0.0000	0.0000	0.0000	0.0000	0.0000	0.0000	0.0000	0.0000	0.0000	0.0000	0.0000	0.0000	0.0000	0.0000											
20	84	0.0519	5	2	2	0	0	0	0	0	0	Y	Y	N	N	N	N	N	N	N	N	N	N	0.0001	0.0001	0.0000	0.0020	0.0021	0.0000	0.0001	0.0000	0.0000	0.0007	0.0008	0.0000	0.0006	0.0007	0.0000	0.0007	0.0008	0.0000	6.9949	11.8180	0.2322	0.3078	0.3108	0.2238	10.6962	28.3361	0.2324	0.0000	0.0140	-0.0000	-0.5580	1.2170	6.9552	3.4655	13.1226	0.0000	0.0000	0.0000	0.0000	0.0000	0.0000	0.0000	0.0000	0.0000	0.9285	0.9157	0.0128	0.0146	0.0142	0.0004	0.9140	0.9015	0.0125	0.0434	0.0369	0.0064	0.0038	0.0037	0.0001	0.0395	0.0332	0.0063	0.1327	0.0775	0.0553	0.0473	0.0457	0.0016	0.0854	0.0318	0.0536	0.0001	0.0001	0.0000	0.0020	0.0021	0.0000	0.0001	0.0000	0.0000	6.9949	11.8180	0.2322	0.3078	0.3108	0.2238	10.6962	28.3361	0.2324
20	85	0.0488	4	1	2	0	0	0	0	0	0	N	Y	N	N	N	N	N	N	N	N	N	N	0.0015	0.0018	0.0018	0.0016	0.0016	0.0000	0.0015	0.0117	0.0020	0.0036	0.0034	0.0055	0.0047	0.0050	0.0000	0.0032	0.0026	0.0063	2.4099	1.8815	3.1369	2.9960	3.0688	0.0743	2.0996	0.2195	3.1994	0.2505	1.2119	-0.0000	-0.0072	1.2170	0.3374	3.4655	6.1146	0.0000	0.0000	0.0000	0.0000	0.0000	0.0000	0.0000	0.0000	0.0000	0.1070	0.0484	0.0586	0.0460	0.0460	0.0000	0.0609	0.0024	0.0586	0.0030	0.0026	0.0004	0.0009	0.0008	0.0000	0.0021	0.0018	0.0003	0.0444	0.0257	0.0187	0.0154	0.0150	0.0004	0.0290	0.0107	0.0183	0.0015	0.0018	0.0018	0.0016	0.0016	0.0000	0.0015	0.0117	0.0020	2.4099	1.8815	3.1369	2.9960	3.0688	0.0743	2.0996	0.2195	3.1994
20	86	0.0488	4	1	2	0	0	0	0	0	0	N	Y	N	N	N	N	N	N	N	N	N	N	0.0009	0.0006	0.0022	0.0008	0.0008	0.0000	0.0012	0.2491	0.0022	0.0007	0.0005	0.0021	0.0012	0.0013	0.0000	0.0007	0.0004	0.0021	0.8160	0.7199	0.9413	1.5766	1.6560	0.0227	0.5511	0.0016	0.9686	0.8222	1.0029	-0.0000	-0.0093	1.2170	11.0342	3.4655	12.7513	0.0000	0.0000	0.0000	0.0000	0.0000	0.0000	0.0000	0.0000	0.0000	0.0814	0.0407	0.0408	0.0406	0.0406	0.0000	0.0408	0.0001	0.0408	0.0634	0.0538	0.0097	0.0035	0.0033	0.0002	0.0599	0.0504	0.0095	0.0998	0.0565	0.0433	0.0258	0.0245	0.0013	0.0740	0.0320	0.0421	0.0009	0.0006	0.0022	0.0008	0.0008	0.0000	0.0012	0.2491	0.0022	0.8160	0.7199	0.9413	1.5766	1.6560	0.0227	0.5511	0.0016	0.9686
20	87	0.0412	3	1	2	0	0	0	0	0	0	N	Y	N	N	N	N	N	N	N	N	N	N	0.0001	0.0172	0.0000	0.1422	0.1387	0.0000	0.0000	0.0005	0.0000	0.0028	0.0033	0.0000	0.0619	0.0646	0.0000	0.0000	0.0000	0.0000	24.1951	0.1937	163.4098	0.4356	0.4661	0.0294	30.4081	0.0110	163.4210	0.0007	216.5611	-0.0000	0.3696	1.2170	3.9739	3.4655	6.2820	0.0001	0.0001	0.0000	0.0001	0.0001	0.0000	0.0000	0.0000	0.0000	0.9710	0.0045	0.9665	0.0043	0.0043	0.0000	0.9666	0.0002	0.9665	0.0232	0.0196	0.0036	0.0011	0.0010	0.0000	0.0222	0.0186	0.0035	0.0417	0.0230	0.0187	0.0099	0.0093	0.0007	0.0318	0.0138	0.0180	0.0001	0.0172	0.0000	0.1422	0.1387	0.0000	0.0000	0.0005	0.0000	23.2660	0.1937	51.6930	0.4356	0.4661	0.0294	30.4081	0.0110	53.6828
20	88	0.0362	2	1	2	0	0	0	0	0	0	N	Y	N	N	N	N	N	N	N	N	N	N	0.0014	0.0010	0.0000	0.0083	0.0084	0.0000	0.0000	0.0000	0.0000	0.0058	0.0069	0.0000	0.1290	0.1348	0.0000	0.0000	0.0000	0.0000	4.0672	7.0874	0.1308	15.4712	16.1446	0.0000	0.0778	0.0028	0.1341	0.0010	0.0142	-0.0000	-0.0645	1.2170	0.0056	3.4655	5.7021	0.0000	0.0000	0.0000	0.0000	0.0000	0.0000	0.0000	0.0000	0.0000	0.1074	0.1059	0.0015	0.1059	0.1059	0.0000	0.0015	0.0000	0.0015	0.0000	0.0000	0.0000	0.0000	0.0000	0.0000	0.0000	0.0000	0.0000	0.0264	0.0149	0.0115	0.0068	0.0066	0.0003	0.0196	0.0084	0.0112	0.0014	0.0010	0.0000	0.0083	0.0084	0.0000	0.0000	0.0000	0.0000	4.0672	7.0874	0.1308	15.4712	16.1446	0.0000	0.0778	0.0028	0.1341
20	92	0.1246	6	1	1	0	0	0	0	0	0	N	N	N	N	N	N	N	N	N	N	N	N	0.0001	0.0036	0.0000	0.0014	0.0016	0.0001	0.0000	0.0222	0.0000	0.0003	0.0003	0.0003	0.0002	0.0002	0.0000	0.0003	0.0003	0.0003	3.7783	0.0745	14.2158	0.1265	0.1132	0.2033	7.1810	0.0132	20.6598	0.1513	74.6004	-0.0000	0.3396	1.2170	24.8682	3.4655	39.8855	0.0000	0.0000	0.0000	0.0000	0.0000	0.0000	0.0000	0.0000	0.0000	0.9129	0.0121	0.9008	0.0147	0.0112	0.0035	0.8982	0.0008	0.8973	0.1570	0.1362	0.0208	0.0286	0.0271	0.0016	0.1284	0.1091	0.0192	0.2416	0.1620	0.0796	0.1165	0.0994	0.0172	0.1251	0.0627	0.0624	0.0001	0.0036	0.0000	0.0014	0.0016	0.0001	0.0000	0.0222	0.0000	3.7783	0.0745	11.3211	0.1265	0.1132	0.2033	7.1810	0.0132	14.3854
21	22	0.0330	3	0	2	0	0	0	0	0	0	N	Y	N	N	N	N	N	N	N	N	N	N	0.0000	0.0000	0.0000	0.0000	0.0000	0.0000	0.0000	0.0000	0.0000	0.0000	0.0000	0.0000	0.0000	0.0001	0.0002	0.0000	0.0005	0.0006	0.0000	0.0000	0.0000	0.0000	0.0000	0.0000	-0.0000	2.0000	2.9966	11.9921	14.0927	0.0000	0.0000	0.0000	0.0000	0.0000	0.0000	0.0000	0.0000	0.0000	0.0000	0.0000	0.0000	0.0000	0.0000	0.0000	0.0000	0.0000	0.0000	0.0284	0.0240	0.0045	0.0002	0.0002	0.0000	0.0282	0.0237	0.0045	0.1529	0.0788	0.0741	0.0224	0.0189	0.0035	0.1304	0.0599	0.0706	0.0000	0.0000	0.0000	0.0000	0.0000	0.0000	0.0000	0.0000	0.0000	0.0001	0.0002	0.0000	0.0005	0.0006	0.0000	0.0000	0.0000	0.0000						
21	23	0.0966	10	0	2	1	1	0	0	0	0	N	Y	N	N	N	N	N	N	N	N	N	N	0.0000	0.0000	0.0000	0.0000	0.0000	0.0000	0.0000	0.0000	0.0000	0.0000	0.0000	0.0000	0.0000	0.0000	0.0000	0.0000	0.0000	0.0000	0.0000	0.0000	0.0000	0.0000	0.0000	0.0000	-0.0000	2.0000	0.3092	11.9921	0.1355	0.0000	0.0000	0.0000	0.0000	0.0000	0.0000	0.0000	0.0000	0.0000	0.0000	0.0000	0.0000	0.0000	0.0000	0.0000	0.0000	0.0000	0.0000	0.0047	0.0040	0.0008	0.0013	0.0012	0.0000	0.0035	0.0027	0.0007	0.0066	0.0044	0.0023	0.0026	0.0024	0.0002	0.0040	0.0019	0.0021	0.0000	0.0000	0.0000	0.0000	0.0000	0.0000	0.0000	0.0000	0.0000	0.0000	0.0000	0.0000	0.0000	0.0000	0.0000	0.0000	0.0000	0.0000						
21	24	0.0859	9	0	1	0	1	0	0	0	0	N	N	N	N	N	N	N	N	N	N	N	N	0.0000	0.0000	0.0000	0.0000	0.0000	0.0000	0.0000	0.0000	0.0000	0.0000	0.0000	0.0000	0.0000	0.0000	0.0000	0.0000	0.0000	0.0000	6.3795	0.0003	24.9402	0.0010	0.0008	0.0025	9.2009	0.0000	31.8646	33232.1493	0.0000	0.3846	2.0000	6.2779	11.9921	13.9173	0.0000	0.0000	0.0000	0.0000	0.0000	0.0000	0.0000	0.0000	0.0000	0.9985	0.0000	0.9984	0.0001	0.0000	0.0000	0.9984	0.0000	0.9984	0.0556	0.0476	0.0080	0.0070	0.0067	0.0003	0.0486	0.0409	0.0077	0.1565	0.0927	0.0638	0.0480	0.0399	0.0081	0.1085	0.0528	0.0557	0.0000	0.0000	0.0000	0.0000	0.0000	0.0000	0.0000	0.0000	0.0000	6.3795	0.0003	15.6471	0.0010	0.0008	0.0025	9.2009	0.0000	17.9228	
21	25	0.0749	6	0	2	0	0	0	0	0	0	N	Y	N	N	N	N	N	N	N	N	N	N	0.0000	0.0000	0.0000	0.0000	0.0000	0.0000	0.0000	0.0000	0.0000	0.0000	0.0000	0.0000	0.0000	0.0000	0.0000	0.0000	0.0000	0.0000	3.9473	0.0000	9.9105	0.0000	0.0000	0.0000	5.6200	0.0000	10.7214	762439.6657	0.0000	0.3188	2.0000	3.8932	11.9921	15.3303	0.0000	0.0000	0.0000	0.0000	0.0000	0.0000	0.0000	0.0000	0.0000	0.8276	0.0000	0.8276	0.0000	0.0000	0.0000	0.8276	0.0000	0.8276	0.0415	0.0355	0.0060	0.0042	0.0041	0.0001	0.0374	0.0315	0.0059	0.2096	0.1261	0.0835	0.0624	0.0561	0.0063	0.1473	0.0701	0.0772	0.0000	0.0000	0.0000	0.0000	0.0000	0.0000	0.0000	0.0000	0.0000	3.9473	0.0000	9.9105	0.0000	0.0000	0.0000	5.6200	0.0000	10.7214	
21	26	0.0807	8	0	2	0	1	0	0	0	0	N	Y	N	N	N	N	N	N	N	N	N	N	0.0000	0.0000	0.0000	0.0000	0.0000	0.0000	0.0000	0.0000	0.0000	0.0000	0.0000	0.0000	0.0000	0.0000	0.0000	0.0000	0.0000	0.0000	7.2563	12.5956	0.0001	0.0182	0.0207	0.0007	10.7337	24.7601	0.0000	0.0000	0.0000	-0.6142	2.0000	4.2937	11.9921	9.5692	0.0000	0.0000	0.0000	0.0000	0.0000	0.0000	0.0000	0.0000	0.0000	0.9991	0.9991	0.0000	0.0008	0.0008	0.0000	0.9983	0.9983	0.0000	0.0495	0.0427	0.0068	0.0084	0.0082	0.0002	0.0411	0.0345	0.0066	0.1377	0.0793	0.0584	0.0447	0.0390	0.0057	0.0930	0.0403	0.0527	0.0000	0.0000	0.0000	0.0000	0.0000	0.0000	0.0000	0.0000	0.0000	7.2563	12.5956	0.0001	0.0182	0.0207	0.0007	10.7337	24.7601	0.0000	
21	27	0.0662	4	1	2	0	0	0	0	0	0	N	Y	N	N	N	N	N	N	N	N	N	N	0.0000	0.0000	0.0000	0.0000	0.0000	0.0000	0.0000	0.0000	0.0000	0.0000	0.0000	0.0000	0.0000	0.0000	0.0000	2.5855	4.7637	0.0000	0.0201	0.0242	0.0000	3.1579	6.5963	0.0000	0.0000	0.0000	-0.6167	2.0000	16.0000	11.9921	34.8566	0.0000	0.0000	0.0000	0.0000	0.0000	0.0000	0.0000	0.0000	0.0000	1.0031	1.0031	0.0000	0.0014	0.0014	0.0000	1.0017	1.0017	0.0000	0.1429	0.1209	0.0221	0.0057	0.0054	0.0003	0.1372	0.1155	0.0217	0.3880	0.2106	0.1774	0.0708	0.0587	0.0120	0.3172	0.1519	0.1654	0.0000	0.0000	0.0000	0.0000	0.0000	0.0000	0.0000	0.0000	0.0000	2.5855	4.7637	0.0000	0.0201	0.0242	0.0000	3.1579	6.5963	0.0000				
21	28	0.0961	12	0	1	1	0	0	0	0	0	N	N	N	N	N	N	N	N	N	N	N	N	0.0000	0.0000	0.0000	0.0000	0.0000	0.0000	0.0000	0.0000	0.0000	0.0000	0.0000	0.0000	0.0000	0.0000	0.0000	0.0000	0.0000	0.0000	0.0000	0.0000	2.0000	0.0000	11.9921	3.0088	0.0000	0.0000	0.0000	0.0000	0.0000	0.0000	0.0000	0.0000	0.0000	0.0000	0.0000	0.0000	0.0000	0.0000	0.0000	0.0000	0.0000	0.0000	0.0000	0.0000	0.0000	0.0000	0.0000	0.0000	0.0000	0.0000	0.0000	0.0223	0.0129	0.0095	0.0063	0.0050	0.0012	0.0160	0.0078	0.0082	0.0000	0.0000	0.0000	0.0000	0.0000	0.0000	0.0000	0.0000	0.0000	0.0000	0.0000	0.0000	0.0000	0.0000	0.0000	0.0000	0.0000	0.0000											
21	29	0.0837	9	0	2	0	0	0	0	0	0	N	Y	N	N	N	N	N	N	N	N	N	N	0.0000	0.0000	0.0000	0.0000	0.0000	0.0000	0.0000	0.0000	0.0000	0.0000	0.0000	0.0000	0.0000	0.0000	0.0000	0.0000	0.0000	0.0003	0.0001	0.0006	0.0002	0.0003	0.0000	0.0004	0.0000	0.0007	4.8152	0.0000	0.0000	2.0000	5.0749	11.9921	14.8264	0.0000	0.0000	0.0000	0.0000	0.0000	0.0000	0.0000	0.0000	0.0000	0.0001	0.0000	0.0000	0.0000	0.0000	0.0000	0.0000	0.0000	0.0000	0.0485	0.0410	0.0075	0.0027	0.0025	0.0002	0.0458	0.0385	0.0074	0.1659	0.0926	0.0733	0.0406	0.0334	0.0071	0.1253	0.0592	0.0661	0.0000	0.0000	0.0000	0.0000	0.0000	0.0000	0.0000	0.0000	0.0000	0.0003	0.0001	0.0006	0.0002	0.0003	0.0000	0.0004	0.0000	0.0007		
21	30	0.0330	3	1	1	1	0	0	0	0	0	N	N	N	N	N	N	N	N	N	N	N	N	0.0000	0.0000	0.0000	0.0000	0.0000	0.0000	0.0000	0.0000	0.0000	0.0000	0.0000	0.0000	0.0000	0.0000	0.0000	0.0000	0.0000	5.4236	0.0225	14.1430	0.0012	0.0015	0.0000	6.3265	0.0288	14.1630	468.7329	0.0000	0.3837	2.0000	5.9956	11.9921	15.0927	0.0000	0.0000	0.0000	0.0000	0.0000	0.0000	0.0000	0.0000	0.0000	1.0016	0.0021	0.9994	0.0000	0.0000	0.0000	1.0015	0.0021	0.9994	0.0560	0.0472	0.0088	0.0004	0.0003	0.0000	0.0556	0.0468	0.0088	0.1847	0.0950	0.0897	0.0264	0.0221	0.0043	0.1583	0.0729	0.0855	0.0000	0.0000	0.0000	0.0000	0.0000	0.0000	0.0000	0.0000	0.0000	5.4236	0.0225	11.1403	0.0012	0.0015	0.0000	6.3265	0.0288	11.6957		
21	31	0.0859	9	0	2	0	0	0	0	0	0	N	Y	N	N	N	N	N	N	N	N	N	N	0.0000	0.0000	0.0000	0.0000	0.0000	0.0000	0.0000	0.0000	0.0000	0.0000	0.0000	0.0000	0.0000	0.0000	0.0000	0.0218	0.0365	0.0000	0.0684	0.0813	0.0000	0.0000	0.0000	0.0000	0.0000	0.0000	-0.0010	2.0000	1.4218	11.9921	7.0463	0.0000	0.0000	0.0000	0.0000	0.0000	0.0000	0.0000	0.0000	0.0000	0.0016	0.0016	0.0000	0.0016	0.0016	0.0000	0.0000	0.0000	0.0000	0.0160	0.0139	0.0022	0.0030	0.0029	0.0001	0.0131	0.0110	0.0021	0.0740	0.0441	0.0299	0.0235	0.0198	0.0037	0.0505	0.0243	0.0262	0.0000	0.0000	0.0000	0.0000	0.0000	0.0000	0.0000	0.0000	0.0000	0.0218	0.0365	0.0000	0.0684	0.0813	0.0000	0.0000	0.0000	0.0000				
21	32	0.0807	8	0	1	0	0	0	0	0	0	N	N	N	N	N	N	N	N	N	N	N	N	0.0000	0.0000	0.0000	0.0000	0.0000	0.0000	0.0000	0.0000	0.0000	0.0000	0.0000	0.0000	0.0000	0.0000	0.0000	0.0000	0.0000	0.0000	0.0346	0.0346	0.0346	0.0581	0.0655	0.0000	0.0225	0.0007	0.0380	0.7404	0.0000	-0.0007	2.0000	4.3312	11.9921	5.5221	0.0000	0.0000	0.0000	0.0000	0.0000	0.0000	0.0000	0.0000	0.0000	0.0037	0.0021	0.0016	0.0021	0.0021	0.0000	0.0016	0.0000	0.0016	0.0499	0.0430	0.0069	0.0084	0.0082	0.0002	0.0415	0.0348	0.0067	0.1071	0.0616	0.0455	0.0363	0.0322	0.0041	0.0708	0.0294	0.0414	0.0000	0.0000	0.0000	0.0000	0.0000	0.0000	0.0000	0.0000	0.0000	0.0346	0.0346	0.0346	0.0581	0.0655	0.0000	0.0225	0.0007	0.0380	
21	33	0.0783	7	0	1	0	0	0	0	0	0	N	N	N	N	N	N	N	N	N	N	N	N	0.0000	0.0000	0.0000	0.0000	0.0000	0.0000	0.0000	0.0000	0.0000	0.0000	0.0000	0.0000	0.0000	0.0000	0.0000	0.0000	0.0000	0.0000	0.0625	0.1122	0.0004	0.2123	0.2526	0.0000	0.0088	0.0190	0.0004	0.0027	0.0000	-0.0028	2.0000	4.2685	11.9921	3.7703	0.0000	0.0000	0.0000	0.0000	0.0000	0.0000	0.0000	0.0000	0.0000	0.0045	0.0045	0.0000	0.0041	0.0041	0.0000	0.0005	0.0005	0.0000	0.0463	0.0397	0.0066	0.0053	0.0052	0.0002	0.0410	0.0345	0.0064	0.0725	0.0403	0.0322	0.0191	0.0161	0.0030	0.0534	0.0242	0.0292	0.0000	0.0000	0.0000	0.0000	0.0000	0.0000	0.0000	0.0000	0.0000	0.0625	0.1122	0.0004	0.2123	0.2526	0.0000	0.0088	0.0190	0.0004	
21	34	0.0330	3	1	1	1	0	0	0	0	0	N	N	N	N	N	N	N	N	N	N	N	N	0.0000	0.0000	0.0000	0.0000	0.0000	0.0000	0.0000	0.0000	0.0000	0.0000	0.0000	0.0000	0.0000	0.0010	0.0020	0.0000	0.0072	0.0085	0.0000	0.0000	0.0000	0.0000	0.0000	0.0000	-0.0001	2.0000	4.9966	11.9921	15.0870	0.0000	0.0000	0.0000	0.0000	0.0000	0.0000	0.0000	0.0000	0.0000	0.0002	0.0002	0.0000	0.0002	0.0002	0.0000	0.0000	0.0000	0.0000	0.0469	0.0395	0.0074	0.0003	0.0003	0.0000	0.0466	0.0392	0.0074	0.1768	0.0909	0.0858	0.0254	0.0213	0.0041	0.1514	0.0696	0.0818	0.0000	0.0000	0.0000	0.0000	0.0000	0.0000	0.0000	0.0000	0.0000	0.0010	0.0020	0.0000	0.0072	0.0085	0.0000	0.0000	0.0000	0.0000						
21	35	0.0961	12	0	2	0	0	0	0	0	0	N	Y	N	N	N	N	N	N	N	N	N	N	0.0000	0.0000	0.0000	0.0000	0.0000	0.0000	0.0000	0.0000	0.0000	0.0000	0.0000	0.0000	0.0000	0.0000	0.0000	0.0000	0.0000	0.0000	0.0000	0.0000	2.0000	1.0000	11.9921	1.0102	0.0000	0.0000	0.0000	0.0000	0.0000	0.0000	0.0000	0.0000	0.0000	0.0000	0.0000	0.0000	0.0000	0.0000	0.0000	0.0000	0.0000	0.0000	0.0084	0.0072	0.0012	0.0006	0.0006	0.0000	0.0078	0.0066	0.0012	0.0150	0.0087	0.0064	0.0042	0.0034	0.0008	0.0108	0.0052	0.0055	0.0000	0.0000	0.0000	0.0000	0.0000	0.0000	0.0000	0.0000	0.0000	0.0000	0.0000	0.0000	0.0000	0.0000	0.0000	0.0000	0.0000	0.0000											
21	36	0.0961	11	0	1	0	0	0	0	0	0	N	N	N	N	N	N	N	N	N	N	N	N	0.0000	0.0000	0.0000	0.0000	0.0000	0.0000	0.0000	0.0000	0.0000	0.0000	0.0000	0.0000	0.0000	0.0000	0.0000	0.0000	0.0000	0.0000	0.0000	0.0000	2.0000	0.0000	11.9921	0.0263	0.0000	0.0000	0.0000	0.0000	0.0000	0.0000	0.0000	0.0000	0.0000	0.0000	0.0000	0.0000	0.0000	0.0000	0.0000	0.0000	0.0000	0.0000	0.0000	0.0000	0.0000	0.0000	0.0000	0.0000	0.0000	0.0000	0.0000	0.0004	0.0002	0.0002	0.0001	0.0001	0.0000	0.0002	0.0001	0.0001	0.0000	0.0000	0.0000	0.0000	0.0000	0.0000	0.0000	0.0000	0.0000	0.0000	0.0000	0.0000	0.0000	0.0000	0.0000	0.0000	0.0000	0.0000											
21	37	0.0660	4	1	2	1	0	0	0	0	0	N	Y	N	N	N	N	N	N	N	N	N	N	0.0000	0.0000	0.0000	0.0000	0.0000	0.0000	0.0000	0.0000	0.0000	0.0000	0.0000	0.0000	0.0000	0.0000	0.0000	0.0000	14.9234	0.0000	94.5519	0.0000	0.0000	0.0000	18.2748	0.0000	90.0321	3709762.4784	0.0000	0.3850	2.0000	3.0000	11.9921	5.0002	0.0000	0.0000	0.0000	0.0000	0.0000	0.0000	0.0000	0.0000	0.0000	0.9994	0.0000	0.9994	0.0000	0.0000	0.0000	0.9994	0.0000	0.9994	0.0278	0.0233	0.0045	0.0009	0.0009	0.0001	0.0268	0.0224	0.0044	0.0694	0.0376	0.0318	0.0147	0.0123	0.0024	0.0547	0.0253	0.0294	0.0000	0.0000	0.0000	0.0000	0.0000	0.0000	0.0000	0.0000	0.0000	14.3989	0.0000	31.4227	0.0000	0.0000	0.0000	18.2748	0.0000	34.0257			
21	38	0.0998	8	1	2	0	0	0	0	0	0	N	Y	N	N	N	N	N	N	N	N	N	N	0.0000	0.0000	0.0000	0.0000	0.0000	0.0000	0.0000	0.0000	0.0000	0.0000	0.0000	0.0000	0.0000	0.0000	0.0000	0.0000	0.0000	0.0000	0.0000	0.0000	2.0000	0.0001	11.9921	0.1668	0.0000	0.0000	0.0000	0.0000	0.0000	0.0000	0.0000	0.0000	0.0000	0.0000	0.0000	0.0000	0.0000	0.0000	0.0000	0.0000	0.0000	0.0000	0.0000	0.0000	0.0000	0.0000	0.0000	0.0000	0.0000	0.0000	0.0000	0.0113	0.0086	0.0027	0.0054	0.0053	0.0001	0.0060	0.0033	0.0027	0.0000	0.0000	0.0000	0.0000	0.0000	0.0000	0.0000	0.0000	0.0000	0.0000	0.0000	0.0000	0.0000	0.0000	0.0000	0.0000	0.0000	0.0000											
21	39	0.0876	11	0	1	0	1	0	0	0	0	N	N	N	N	N	N	N	N	N	N	N	N	0.0000	0.0000	0.0000	0.0000	0.0000	0.0000	0.0000	0.0000	0.0000	0.0000	0.0000	0.0000	0.0000	0.0000	0.0000	0.0000	0.0000	0.0101	0.0114	0.0078	0.0221	0.0233	0.0094	0.0038	0.0000	0.0076	0.3854	0.0000	-0.0005	2.0000	1.7673	11.9921	9.0239	0.0000	0.0000	0.0000	0.0000	0.0000	0.0000	0.0000	0.0000	0.0000	0.0014	0.0010	0.0004	0.0011	0.0010	0.0000	0.0004	0.0000	0.0004	0.0231	0.0199	0.0032	0.0041	0.0040	0.0001	0.0189	0.0158	0.0031	0.1402	0.0897	0.0505	0.0480	0.0437	0.0043	0.0922	0.0460	0.0462	0.0000	0.0000	0.0000	0.0000	0.0000	0.0000	0.0000	0.0000	0.0000	0.0101	0.0114	0.0078	0.0221	0.0233	0.0094	0.0038	0.0000	0.0076		
21	40	0.0852	10	0	1	0	1	0	0	0	0	N	N	N	N	N	N	N	N	N	N	N	N	0.0000	0.0000	0.0000	0.0000	0.0000	0.0000	0.0000	0.0000	0.0000	0.0000	0.0000	0.0000	0.0000	0.0000	0.0000	0.0000	0.0000	0.0000	0.0271	0.0148	0.0428	0.0282	0.0327	0.0000	0.0266	0.0013	0.0470	2.2468	0.0000	0.0001	2.0000	3.4690	11.9921	3.7419	0.0000	0.0000	0.0000	0.0000	0.0000	0.0000	0.0000	0.0000	0.0000	0.0019	0.0006	0.0013	0.0006	0.0006	0.0000	0.0014	0.0000	0.0013	0.0346	0.0294	0.0052	0.0026	0.0025	0.0001	0.0320	0.0269	0.0051	0.0706	0.0397	0.0309	0.0198	0.0171	0.0028	0.0508	0.0226	0.0282	0.0000	0.0000	0.0000	0.0000	0.0000	0.0000	0.0000	0.0000	0.0000	0.0271	0.0148	0.0428	0.0282	0.0327	0.0000	0.0266	0.0013	0.0470	
21	41	0.0251	4	0	2	1	0	0	0	0	0	N	Y	N	N	N	N	N	N	N	N	N	N	0.1839	0.1327	0.0000	13.0005	13.7710	0.0000	0.0000	0.0000	0.0010	0.0012	0.0000	0.4906	0.5306	0.0000	0.0000	0.0000	0.0000	0.0057	0.0093	0.0001	0.0377	0.0385	0.0002	0.0000	0.0000	0.0001	0.0000	0.0062	-0.0000	-0.0005	2.0000	0.9997	11.9921	10.1790	0.0000	0.0000	0.0000	0.0000	0.0000	0.0000	0.0000	0.0000	0.0000	0.0008	0.0008	0.0000	0.0008	0.0008	0.0000	0.0000	0.0000	0.0000	0.0096	0.0081	0.0015	0.0000	0.0000	0.0000	0.0096	0.0081	0.0015	0.1412	0.0850	0.0562	0.0210	0.0206	0.0004	0.1202	0.0644	0.0558	0.1839	0.1327	0.0000	13.0005	13.7710	0.0000	0.0000	0.0000	0.0000	0.0057	0.0093	0.0001	0.0377	0.0385	0.0002	0.0000	0.0000	0.0001	
21	42	0.0240	3	0	2	0	0	0	0	0	0	N	Y	N	N	N	N	N	N	N	N	N	N	86.3253	219.7616	0.0000	525.9350	528.2510	0.0000	0.0000	0.0000	0.0000	4.6854	5.6090	0.0000	41.4883	41.6923	0.0000	0.0000	0.0000	0.0000	0.0543	0.0255	0.0929	0.0789	0.0789	0.0096	0.0487	0.0000	0.0929	0.0000	2.7087	-0.0000	0.0001	2.0000	0.0007	11.9921	0.9413	0.0000	0.0000	0.0000	0.0000	0.0000	0.0000	0.0000	0.0000	0.0000	0.0008	0.0002	0.0006	0.0002	0.0002	0.0000	0.0006	0.0000	0.0006	0.0000	0.0000	0.0000	0.0000	0.0000	0.0000	0.0000	0.0000	0.0000	0.0143	0.0082	0.0061	0.0027	0.0027	0.0000	0.0117	0.0056	0.0061	86.3253	219.7616	0.0000	525.9350	528.2510	0.0000	0.0000	0.0000	0.0000	0.0543	0.0255	0.0929	0.0789	0.0789	0.0096	0.0487	0.0000	0.0929
21	43	0.0330	3	1	1	1	0	0	0	0	0	N	N	N	N	N	N	N	N	N	N	N	N	0.0000	0.0000	0.0000	0.0000	0.0000	0.0000	0.0000	0.0000	0.0000	0.0000	0.0000	0.0000	0.0000	0.0000	0.0000	0.0000	0.0000	0.0000	0.0000	0.0000	2.0000	1.9995	11.9921	12.0029	0.0000	0.0000	0.0000	0.0000	0.0000	0.0000	0.0000	0.0000	0.0000	0.0000	0.0000	0.0000	0.0000	0.0000	0.0000	0.0000	0.0000	0.0000	0.0191	0.0161	0.0030	0.0002	0.0002	0.0000	0.0189	0.0159	0.0030	0.1278	0.0660	0.0618	0.0193	0.0164	0.0029	0.1085	0.0496	0.0589	0.0000	0.0000	0.0000	0.0000	0.0000	0.0000	0.0000	0.0000	0.0000	0.0000	0.0000	0.0000	0.0000	0.0000	0.0000	0.0000	0.0000	0.0000											
21	44	0.0662	4	1	2	0	0	0	0	0	0	N	Y	N	N	N	N	N	N	N	N	N	N	0.0000	0.0000	0.0000	0.0000	0.0000	0.0000	0.0000	0.0000	0.0000	0.0000	0.0000	0.0000	0.0000	0.0000	0.0000	0.0000	0.0000	3.3703	0.0000	7.3952	0.0000	0.0000	0.0000	4.1590	0.0000	7.9322	6215485.0759	0.0000	0.3850	2.0000	10.0000	11.9921	26.8440	0.0000	0.0000	0.0000	0.0000	0.0000	0.0000	0.0000	0.0000	0.0000	0.9995	0.0000	0.9995	0.0000	0.0000	0.0000	0.9995	0.0000	0.9995	0.0914	0.0772	0.0142	0.0037	0.0035	0.0002	0.0878	0.0738	0.0140	0.2965	0.1614	0.1351	0.0562	0.0471	0.0091	0.2403	0.1143	0.1260	0.0000	0.0000	0.0000	0.0000	0.0000	0.0000	0.0000	0.0000	0.0000	3.3703	0.0000	7.3952	0.0000	0.0000	0.0000	4.1590	0.0000	7.9322		
21	45	0.0240	3	0	2	0	0	0	0	0	0	N	Y	N	N	N	N	N	N	N	N	N	N	14057.5781	0.0000	2832559.6731	0.0000	0.0000	0.0000	939806.1198	2852133.3720	34.9895	0.0000	218.5612	0.0000	0.0000	0.0000	35.0567	0.0000	218.7810	0.0025	0.0046	0.0001	0.0522	0.0523	0.0016	0.0000	0.0000	0.0001	inf	0.0146	0.4518	-0.0001	2.0000	3.0000	11.9921	5.0456	1.0000	0.0000	1.0000	0.0000	0.0000	0.0000	1.0000	0.0000	1.0000	0.0002	0.0002	0.0000	0.0002	0.0002	0.0000	0.0000	0.0000	0.0000	0.0286	0.0240	0.0046	0.0001	0.0001	0.0000	0.0285	0.0240	0.0046	0.0826	0.0443	0.0383	0.0039	0.0039	0.0000	0.0787	0.0404	0.0383	14057.5781	0.0000	2832559.6731	0.0000	0.0000	0.0000	939806.1198	0.0000	2852133.3720	0.0025	0.0046	0.0001	0.0522	0.0523	0.0016	0.0000	0.0000	0.0001	
21	46	0.0198	2	0	2	0	0	0	0	0	0	N	Y	N	N	N	N	N	N	N	N	N	N	0.0051	0.0006	2.3460	2.8036	2.7957	0.0000	0.7512	2.3456	0.0026	0.0006	0.0133	38.0523	38.0646	0.0000	0.0021	0.0000	0.0133	0.5137	0.9775	0.0057	13.5727	13.6156	0.0018	0.0028	0.0000	0.0057	4.0001	0.0053	0.0000	-0.0097	2.0000	2.0000	11.9921	1.0030	0.0000	0.0000	0.0000	0.0000	0.0000	0.0000	0.0000	0.0000	0.0000	0.0159	0.0158	0.0001	0.0158	0.0158	0.0000	0.0001	0.0000	0.0001	0.0189	0.0159	0.0030	0.0000	0.0000	0.0000	0.0189	0.0159	0.0030	0.0310	0.0162	0.0148	0.0012	0.0012	0.0000	0.0298	0.0150	0.0148	0.0051	0.0006	2.3460	2.8036	2.7957	0.0000	0.7512	0.0000	2.3456	0.5137	0.9775	0.0057	13.5727	13.6156	0.0018	0.0028	0.0000	0.0057	
21	50	0.0961	11	0	1	1	0	0	0	0	0	N	N	N	N	N	N	N	N	N	N	N	N	0.0000	0.0000	0.0000	0.0000	0.0000	0.0000	0.0000	0.0000	0.0000	0.0000	0.0000	0.0000	0.0000	0.0000	0.0000	0.0000	0.0000	0.0000	0.0000	0.0000	2.0000	0.0004	11.9921	0.9852	0.0000	0.0000	0.0000	0.0000	0.0000	0.0000	0.0000	0.0000	0.0000	0.0000	0.0000	0.0000	0.0000	0.0000	0.0000	0.0000	0.0000	0.0000	0.0000	0.0000	0.0000	0.0000	0.0000	0.0000	0.0000	0.0000	0.0000	0.0085	0.0049	0.0035	0.0025	0.0021	0.0005	0.0059	0.0029	0.0031	0.0000	0.0000	0.0000	0.0000	0.0000	0.0000	0.0000	0.0000	0.0000	0.0000	0.0000	0.0000	0.0000	0.0000	0.0000	0.0000	0.0000	0.0000											
21	51	0.0852	10	0	1	0	0	0	0	0	0	N	N	N	N	N	N	N	N	N	N	N	N	0.0000	0.0000	0.0000	0.0000	0.0000	0.0000	0.0000	0.0000	0.0000	0.0000	0.0000	0.0000	0.0000	0.0000	0.0000	0.0000	0.0000	4.9967	0.0372	14.4389	0.0828	0.0997	0.0000	6.6540	0.0000	15.4035	238.1916	0.0000	0.3783	2.0000	10.7574	11.9921	12.9024	0.0000	0.0000	0.0000	0.0000	0.0000	0.0000	0.0000	0.0000	0.0000	0.9927	0.0042	0.9886	0.0042	0.0042	0.0000	0.9886	0.0000	0.9886	0.1011	0.0856	0.0155	0.0061	0.0058	0.0004	0.0950	0.0799	0.0151	0.1987	0.1115	0.0871	0.0501	0.0416	0.0085	0.1486	0.0699	0.0786	0.0000	0.0000	0.0000	0.0000	0.0000	0.0000	0.0000	0.0000	0.0000	4.9967	0.0372	11.3452	0.0828	0.0997	0.0000	6.6540	0.0000	12.5714		
21	52	0.0837	9	0	1	0	0	0	0	0	0	N	N	N	N	N	N	N	N	N	N	N	N	0.0000	0.0000	0.0000	0.0000	0.0000	0.0000	0.0000	0.0000	0.0000	0.0000	0.0000	0.0000	0.0000	0.0000	0.0000	0.0000	0.0134	0.0138	0.0128	0.0289	0.0340	0.0000	0.0078	0.0000	0.0141	0.7415	0.0000	-0.0001	2.0000	2.6694	11.9921	2.4027	0.0000	0.0000	0.0000	0.0000	0.0000	0.0000	0.0000	0.0000	0.0000	0.0006	0.0004	0.0003	0.0004	0.0004	0.0000	0.0003	0.0000	0.0003	0.0260	0.0220	0.0040	0.0016	0.0015	0.0001	0.0245	0.0205	0.0039	0.0476	0.0265	0.0211	0.0127	0.0108	0.0019	0.0349	0.0157	0.0192	0.0000	0.0000	0.0000	0.0000	0.0000	0.0000	0.0000	0.0000	0.0000	0.0134	0.0138	0.0128	0.0289	0.0340	0.0000	0.0078	0.0000	0.0141			
21	53	0.0786	8	0	1	0	0	0	0	0	0	N	N	N	N	N	N	N	N	N	N	N	N	0.0000	0.0000	0.0000	0.0000	0.0000	0.0000	0.0000	0.0000	0.0000	0.0000	0.0000	0.0000	0.0000	0.0000	0.0000	0.0000	0.0006	0.0007	0.0005	0.0016	0.0020	0.0000	0.0003	0.0000	0.0005	0.5041	0.0000	-0.0000	2.0000	8.6921	11.9921	5.3599	0.0000	0.0000	0.0000	0.0000	0.0000	0.0000	0.0000	0.0000	0.0000	0.0001	0.0000	0.0000	0.0000	0.0000	0.0000	0.0000	0.0000	0.0000	0.0889	0.0760	0.0129	0.0089	0.0085	0.0003	0.0801	0.0675	0.0126	0.1177	0.0658	0.0518	0.0294	0.0242	0.0052	0.0883	0.0417	0.0466	0.0000	0.0000	0.0000	0.0000	0.0000	0.0000	0.0000	0.0000	0.0000	0.0006	0.0007	0.0005	0.0016	0.0020	0.0000	0.0003	0.0000	0.0005			
21	54	0.0783	7	0	1	0	0	0	0	0	0	N	N	N	N	N	N	N	N	N	N	N	N	0.0000	0.0000	0.0000	0.0000	0.0000	0.0000	0.0000	0.0000	0.0000	0.0000	0.0000	0.0000	0.0000	0.0000	0.0000	0.0000	0.0000	0.0010	0.0008	0.0013	0.0015	0.0017	0.0000	0.0009	0.0000	0.0015	1.4290	0.0000	-0.0000	2.0000	1.8652	11.9921	1.4001	0.0000	0.0000	0.0000	0.0000	0.0000	0.0000	0.0000	0.0000	0.0000	0.0000	0.0000	0.0000	0.0000	0.0000	0.0000	0.0000	0.0000	0.0000	0.0240	0.0209	0.0031	0.0041	0.0041	0.0001	0.0199	0.0168	0.0031	0.0334	0.0184	0.0150	0.0097	0.0084	0.0013	0.0237	0.0100	0.0138	0.0000	0.0000	0.0000	0.0000	0.0000	0.0000	0.0000	0.0000	0.0000	0.0010	0.0008	0.0013	0.0015	0.0017	0.0000	0.0009	0.0000	0.0015		
21	55	0.0738	6	0	1	0	0	0	0	0	0	N	N	N	N	N	N	N	N	N	N	N	N	0.0000	0.0000	0.0000	0.0000	0.0000	0.0000	0.0000	0.0000	0.0000	0.0000	0.0000	0.0000	0.0000	0.0000	0.0000	0.0000	0.0000	0.0003	0.0004	0.0000	0.0008	0.0009	0.0000	0.0001	0.0001	0.0000	0.0469	0.0000	-0.0000	2.0000	2.5292	11.9921	4.9772	0.0000	0.0000	0.0000	0.0000	0.0000	0.0000	0.0000	0.0000	0.0000	0.0000	0.0000	0.0000	0.0000	0.0000	0.0000	0.0000	0.0000	0.0000	0.0272	0.0234	0.0038	0.0026	0.0026	0.0001	0.0246	0.0208	0.0038	0.0868	0.0529	0.0339	0.0274	0.0242	0.0032	0.0594	0.0287	0.0307	0.0000	0.0000	0.0000	0.0000	0.0000	0.0000	0.0000	0.0000	0.0000	0.0003	0.0004	0.0000	0.0008	0.0009	0.0000	0.0001	0.0001	0.0000		
21	56	0.0330	3	1	2	0	0	0	0	0	0	N	Y	N	N	N	N	N	N	N	N	N	N	0.0000	0.0000	0.0000	0.0000	0.0000	0.0000	0.0000	0.0000	0.0000	0.0000	0.0000	0.0000	0.0000	0.0000	0.0000	0.0000	0.0000	0.0000	0.0000	0.0000	2.0000	0.0000	11.9921	10.9971	0.0000	0.0000	0.0000	0.0000	0.0000	0.0000	0.0000	0.0000	0.0000	0.0000	0.0000	0.0000	0.0000	0.0000	0.0000	0.0000	0.0000	0.0000	0.0000	0.0000	0.0000	0.0000	0.0000	0.0000	0.0000	0.0000	0.0000	0.1030	0.0534	0.0496	0.0162	0.0139	0.0023	0.0868	0.0395	0.0472	0.0000	0.0000	0.0000	0.0000	0.0000	0.0000	0.0000	0.0000	0.0000	0.0000	0.0000	0.0000	0.0000	0.0000	0.0000	0.0000	0.0000	0.0000											
21	57	0.1546	8	0	1	0	0	0	0	0	0	N	N	N	N	N	N	N	N	N	N	N	N	22.9361	113.3539	0.0000	0.4409	0.8407	0.0000	24.8809	174482.4778	0.0000	8.0370	9.1434	0.0000	0.1044	0.1085	0.0000	11.3985	13.5092	0.0000	0.3504	0.0807	0.9461	0.2368	0.1291	1.0553	0.4581	0.0001	0.9218	0.0000	5.3115	-0.5488	0.0328	2.0000	7.8198	11.9921	21.5823	1.0011	1.0011	0.0000	0.0039	0.0039	0.0000	0.9972	0.9972	0.0000	0.1448	0.0229	0.1219	0.0476	0.0229	0.0247	0.0972	0.0000	0.0972	0.1246	0.1095	0.0151	0.0371	0.0357	0.0014	0.0875	0.0738	0.0137	0.4133	0.2845	0.1288	0.2011	0.1777	0.0234	0.2122	0.1067	0.1054	22.9361	113.3539	0.0000	0.4409	0.8407	0.0000	24.8809	174482.4778	0.0000	0.3504	0.0807	0.9461	0.2368	0.1291	1.0553	0.4581	0.0001	0.9218
21	58	0.0687	7	1	2	1	0	0	0	0	0	N	Y	N	N	N	N	N	N	N	N	N	N	0.0000	0.0000	0.0000	0.0000	0.0000	0.0000	0.0000	0.0000	0.0000	0.0000	0.0000	0.0000	0.0000	0.0000	0.0000	0.0000	0.0002	0.0003	0.0000	0.0008	0.0010	0.0000	0.0000	0.0000	0.0000	0.0046	0.0000	-0.0000	2.0000	2.0055	11.9921	11.8091	0.0000	0.0000	0.0000	0.0000	0.0000	0.0000	0.0000	0.0000	0.0000	0.0000	0.0000	0.0000	0.0000	0.0000	0.0000	0.0000	0.0000	0.0000	0.0191	0.0161	0.0030	0.0003	0.0003	0.0000	0.0187	0.0158	0.0030	0.1247	0.0668	0.0580	0.0243	0.0206	0.0038	0.1004	0.0462	0.0542	0.0000	0.0000	0.0000	0.0000	0.0000	0.0000	0.0000	0.0000	0.0000	0.0002	0.0003	0.0000	0.0008	0.0010	0.0000	0.0000	0.0000	0.0000			
21	59	0.0633	6	1	1	1	0	0	0	0	0	N	N	N	N	N	N	N	N	N	N	N	N	0.0000	0.0000	0.0000	0.0000	0.0000	0.0000	0.0000	0.0000	0.0000	0.0000	0.0000	0.0000	0.0000	0.0000	0.0000	0.0000	0.0000	0.0000	0.0377	0.0630	0.0009	0.1451	0.1608	0.0000	0.0005	0.0000	0.0010	0.0102	0.0000	-0.0012	2.0000	1.9951	11.9921	2.5667	0.0000	0.0000	0.0000	0.0000	0.0000	0.0000	0.0000	0.0000	0.0000	0.0020	0.0020	0.0000	0.0020	0.0020	0.0000	0.0000	0.0000	0.0000	0.0189	0.0159	0.0030	0.0003	0.0002	0.0000	0.0187	0.0157	0.0030	0.0528	0.0313	0.0216	0.0136	0.0123	0.0013	0.0393	0.0190	0.0202	0.0000	0.0000	0.0000	0.0000	0.0000	0.0000	0.0000	0.0000	0.0000	0.0377	0.0630	0.0009	0.1451	0.1608	0.0000	0.0005	0.0000	0.0010	
21	60	0.0566	5	1	1	1	0	0	0	0	0	N	N	N	N	N	N	N	N	N	N	N	N	144.2331	165.5054	0.0000	257.4678	233.8984	0.0000	0.0000	0.0000	0.0000	20.6786	24.8296	0.0000	68.6644	68.8869	0.0000	0.0000	0.0000	0.0000	0.1434	0.1500	0.1259	0.2667	0.2945	0.0000	0.0590	0.0010	0.1462	0.0000	0.3190	-0.0019	-0.0030	2.0000	0.0108	11.9921	3.6229	0.0035	0.0035	0.0000	0.0035	0.0035	0.0000	0.0000	0.0000	0.0000	0.0081	0.0061	0.0019	0.0061	0.0061	0.0000	0.0020	0.0000	0.0019	0.0002	0.0001	0.0000	0.0001	0.0001	0.0000	0.0001	0.0001	0.0000	0.0562	0.0407	0.0155	0.0228	0.0207	0.0022	0.0334	0.0201	0.0133	144.2331	165.5054	0.0000	257.4678	233.8984	0.0000	0.0000	0.0000	0.0000	0.1434	0.1500	0.1259	0.2667	0.2945	0.0000	0.0590	0.0010	0.1462
21	61	0.0749	6	0	2	0	0	0	0	0	0	N	Y	N	N	N	N	N	N	N	N	N	N	0.0000	0.0000	0.0000	0.0000	0.0000	0.0000	0.0000	0.0000	0.0000	0.0000	0.0000	0.0000	0.0000	0.0000	0.0000	0.0000	0.0000	0.0000	0.0000	0.0000	0.0000	0.0000	inf	0.0000	0.0000	2.0000	4.0917	11.9921	8.0988	0.0000	0.0000	0.0000	0.0000	0.0000	0.0000	0.0000	0.0000	0.0000	0.0000	0.0000	0.0000	0.0000	0.0000	0.0000	0.0000	0.0000	0.0000	0.0434	0.0371	0.0063	0.0042	0.0041	0.0001	0.0391	0.0329	0.0062	0.1576	0.0979	0.0597	0.0517	0.0475	0.0042	0.1060	0.0504	0.0555	0.0000	0.0000	0.0000	0.0000	0.0000	0.0000	0.0000	0.0000	0.0000	0.0000	0.0000	0.0000	0.0000	0.0000	0.0000	0.0000	0.0000	0.0000						
21	62	0.0712	5	0	2	0	0	0	0	0	0	N	Y	N	N	N	N	N	N	N	N	N	N	0.0000	0.0000	0.0000	0.0000	0.0000	0.0000	0.0000	0.0000	0.0000	0.0000	0.0000	0.0000	0.0000	0.0000	0.0000	0.0000	0.0000	0.0000	2.2450	0.0172	4.9682	0.0361	0.0412	0.0000	3.0302	0.0000	5.3557	236.2120	0.0000	0.0659	2.0000	2.1165	11.9921	5.0852	0.0000	0.0000	0.0000	0.0000	0.0000	0.0000	0.0000	0.0000	0.0000	0.1730	0.0007	0.1723	0.0007	0.0007	0.0000	0.1723	0.0000	0.1723	0.0200	0.0169	0.0031	0.0008	0.0008	0.0000	0.0192	0.0161	0.0031	0.0771	0.0424	0.0347	0.0202	0.0177	0.0025	0.0568	0.0247	0.0322	0.0000	0.0000	0.0000	0.0000	0.0000	0.0000	0.0000	0.0000	0.0000	2.2450	0.0172	4.9682	0.0361	0.0412	0.0000	3.0302	0.0000	5.3557	
21	63	0.0566	5	1	1	1	0	0	0	0	0	N	N	N	N	N	N	N	N	N	N	N	N	3.5603	0.0000	5.8586	0.0000	0.0000	0.0000	2.8678	5.6081	26.9246	0.0000	191.2212	0.0000	0.0000	0.0000	27.4304	0.0000	192.9047	7.5626	0.0012	32.6391	0.0040	0.0037	0.0062	9.5649	0.0000	34.3973	inf	10993.3157	0.4502	0.3811	2.0000	3.9990	11.9921	8.8702	0.9965	0.0000	0.9965	0.0000	0.0000	0.0000	0.9965	0.0000	0.9965	0.9895	0.0001	0.9894	0.0001	0.0001	0.0000	0.9894	0.0000	0.9894	0.0370	0.0318	0.0052	0.0007	0.0006	0.0000	0.0363	0.0312	0.0052	0.1308	0.0758	0.0550	0.0274	0.0242	0.0032	0.1034	0.0517	0.0518	3.5603	0.0000	10.6298	0.0000	0.0000	0.0000	2.8678	0.0000	10.0942	7.5626	0.0012	17.9891	0.0040	0.0037	0.0062	9.5649	0.0000	19.1104	
21	64	0.0364	4	1	1	1	0	0	0	0	0	N	N	N	N	N	N	N	N	N	N	N	N	2.9570	6.4568	5.2351	78.1194	72.5145	0.0000	1.4573	0.0000	5.0156	0.1660	0.0914	0.5796	2.6957	2.7289	0.0000	0.0912	0.0000	0.5810	0.0561	0.0141	0.1107	0.0345	0.0376	0.0003	0.0626	0.0002	0.1158	1.1443	6.0168	-0.0001	0.0017	2.0000	3.9972	11.9921	6.8232	0.0065	0.0030	0.0035	0.0030	0.0030	0.0000	0.0035	0.0000	0.0035	0.0071	0.0010	0.0061	0.0010	0.0010	0.0000	0.0061	0.0000	0.0061	0.0394	0.0334	0.0060	0.0011	0.0011	0.0000	0.0383	0.0323	0.0060	0.1263	0.0714	0.0549	0.0290	0.0266	0.0024	0.0973	0.0448	0.0525	2.9570	6.4568	5.2351	78.1194	72.5145	0.0000	1.4573	0.0000	5.0156	0.0561	0.0141	0.1107	0.0345	0.0376	0.0003	0.0626	0.0002	0.1158
21	65	0.0788	6	0	2	0	0	0	0	0	0	N	Y	N	N	N	N	N	N	N	N	N	N	0.0000	0.0000	0.0000	0.0000	0.0000	0.0000	0.0000	0.0000	0.0000	0.0000	0.0000	0.0000	0.0000	0.0000	0.0000	0.0000	0.0000	0.0000	0.0157	0.0258	0.0000	0.0386	0.0449	0.0000	0.0052	0.0105	0.0000	0.0001	0.0000	-0.0046	2.0000	15.6632	11.9921	35.0639	0.0000	0.0000	0.0000	0.0000	0.0000	0.0000	0.0000	0.0000	0.0000	0.0075	0.0075	0.0000	0.0058	0.0058	0.0000	0.0017	0.0017	0.0000	0.1447	0.1227	0.0219	0.0083	0.0079	0.0004	0.1364	0.1148	0.0216	0.4763	0.2900	0.1863	0.1500	0.1290	0.0211	0.3262	0.1610	0.1652	0.0000	0.0000	0.0000	0.0000	0.0000	0.0000	0.0000	0.0000	0.0000	0.0157	0.0258	0.0000	0.0386	0.0449	0.0000	0.0052	0.0105	0.0000	
21	66	0.0788	6	0	1	1	0	0	0	0	0	N	N	N	N	N	N	N	N	N	N	N	N	0.0000	inf	0.0000	8.0684	inf	0.0000	0.0000	0.0000	0.0002	0.0002	0.0000	0.0022	0.0023	0.0000	0.0000	0.0000	0.0000	7.9717	0.0000	58.5996	0.0003	0.0000	0.0022	14.1417	0.0000	71.3701	0.0000	inf	-0.0000	0.7697	2.0000	4.9998	11.9921	10.1184	0.0000	0.0000	0.0000	0.0000	0.0000	0.0000	0.0000	0.0000	0.0000	1.9980	0.0000	1.9980	0.0000	0.0000	0.0000	1.9980	0.0000	1.9980	0.0516	0.0440	0.0076	0.0045	0.0044	0.0001	0.0471	0.0396	0.0075	0.2506	0.1675	0.0831	0.1094	0.0958	0.0136	0.1413	0.0718	0.0695	0.0000	inf	0.0000	8.0684	inf	0.0000	0.0000	0.0000	0.0000	7.9717	0.0000	24.0404	0.0003	0.0000	0.0022	14.1417	0.0000	28.7418	
21	67	0.0833	8	0	2	0	0	0	0	0	0	N	Y	N	N	N	N	N	N	N	N	N	N	0.0000	0.0000	0.0000	0.0000	0.0000	0.0000	0.0000	0.0000	0.0000	0.0000	0.0000	0.0000	0.0000	0.0000	0.0000	0.0000	0.0000	0.0000	0.0000	0.0001	0.0000	0.0001	0.0001	0.0000	0.0000	0.0000	0.0000	0.0012	0.0000	-0.0000	2.0000	10.9928	11.9921	18.5513	0.0000	0.0000	0.0000	0.0000	0.0000	0.0000	0.0000	0.0000	0.0000	0.0000	0.0000	0.0000	0.0000	0.0000	0.0000	0.0000	0.0000	0.0000	0.0999	0.0851	0.0148	0.0054	0.0049	0.0005	0.0945	0.0802	0.0143	0.2633	0.1551	0.1083	0.0783	0.0685	0.0098	0.1850	0.0865	0.0985	0.0000	0.0000	0.0000	0.0000	0.0000	0.0000	0.0000	0.0000	0.0000	0.0000	0.0001	0.0000	0.0001	0.0001	0.0000	0.0000	0.0000	0.0000	
21	68	0.0833	7	0	1	0	0	0	0	0	0	N	N	N	N	N	N	N	N	N	N	N	N	0.0000	0.0000	0.0000	0.0000	0.0000	0.0000	0.0000	0.0000	0.0000	0.0000	0.0000	0.0000	0.0000	0.0000	0.0000	0.0000	0.0000	0.0000	0.0005	0.0003	0.0007	0.0005	0.0005	0.0000	0.0004	0.0000	0.0007	0.9538	0.0000	-0.0000	2.0000	0.0861	11.9921	1.0715	0.0000	0.0000	0.0000	0.0000	0.0000	0.0000	0.0000	0.0000	0.0000	0.0000	0.0000	0.0000	0.0000	0.0000	0.0000	0.0000	0.0000	0.0000	0.0021	0.0019	0.0002	0.0007	0.0007	0.0000	0.0014	0.0012	0.0002	0.0458	0.0304	0.0154	0.0209	0.0204	0.0005	0.0250	0.0100	0.0150	0.0000	0.0000	0.0000	0.0000	0.0000	0.0000	0.0000	0.0000	0.0000	0.0005	0.0003	0.0007	0.0005	0.0005	0.0000	0.0004	0.0000	0.0007	
21	69	0.0660	5	1	1	1	0	0	0	0	0	N	N	N	N	N	N	N	N	N	N	N	N	0.0000	0.0000	0.0000	0.0000	0.0000	0.0000	0.0000	0.0000	0.0000	0.0000	0.0000	0.0000	0.0000	0.0006	0.0011	0.0000	0.0027	0.0032	0.0000	0.0000	0.0000	0.0000	0.0000	0.0000	-0.0000	2.0000	1.0000	11.9921	3.0001	0.0000	0.0000	0.0000	0.0000	0.0000	0.0000	0.0000	0.0000	0.0000	0.0000	0.0000	0.0000	0.0000	0.0000	0.0000	0.0000	0.0000	0.0000	0.0093	0.0078	0.0015	0.0003	0.0003	0.0000	0.0090	0.0075	0.0015	0.0352	0.0191	0.0161	0.0075	0.0063	0.0012	0.0277	0.0128	0.0149	0.0000	0.0000	0.0000	0.0000	0.0000	0.0000	0.0000	0.0000	0.0000	0.0006	0.0011	0.0000	0.0027	0.0032	0.0000	0.0000	0.0000	0.0000						
21	70	0.0660	4	1	1	1	0	0	0	0	0	N	N	N	N	N	N	N	N	N	N	N	N	0.0000	0.0000	0.0000	0.0000	0.0000	0.0000	0.0000	0.0000	0.0000	0.0000	0.0000	0.0000	0.0000	0.0000	0.0000	0.0000	1.4594	1.2847	1.6893	1.7368	1.7787	0.0000	1.2585	0.0000	1.7289	1.0000	0.0000	-0.0000	2.0000	0.0000	11.9921	0.0009	0.0000	0.0000	0.0000	0.0000	0.0000	0.0000	0.0000	0.0000	0.0000	0.0000	0.0000	0.0000	0.0000	0.0000	0.0000	0.0000	0.0000	0.0000	0.0000	0.0000	0.0000	0.0000	0.0000	0.0000	0.0000	0.0000	0.0000	0.0000	0.0000	0.0000	0.0000	0.0000	0.0000	0.0000	0.0000	0.0000	0.0000	0.0000	0.0000	0.0000	0.0000	0.0000	0.0000	0.0000	0.0000	1.4594	1.2847	1.6893	1.7368	1.7787	0.0000	1.2585	0.0000	1.7289			
21	71	0.0330	3	1	1	1	0	0	0	0	0	N	N	N	N	N	N	N	N	N	N	N	N	0.0000	0.0000	0.0000	0.0000	0.0000	0.0000	0.0000	0.0000	0.0000	0.0000	0.0000	0.0000	0.0000	0.0000	0.0000	0.0000	0.0228	0.0439	0.0004	0.1598	0.1910	0.0000	0.0002	0.0000	0.0004	0.0084	0.0000	-0.0027	2.0000	9.9966	11.9921	12.9129	0.0000	0.0000	0.0000	0.0000	0.0000	0.0000	0.0000	0.0000	0.0000	0.0045	0.0045	0.0000	0.0045	0.0045	0.0000	0.0000	0.0000	0.0000	0.0918	0.0774	0.0144	0.0005	0.0005	0.0000	0.0912	0.0769	0.0144	0.1989	0.1022	0.0967	0.0281	0.0235	0.0046	0.1708	0.0787	0.0921	0.0000	0.0000	0.0000	0.0000	0.0000	0.0000	0.0000	0.0000	0.0000	0.0228	0.0439	0.0004	0.1598	0.1910	0.0000	0.0002	0.0000	0.0004			
21	72	0.0662	4	0	2	0	1	0	0	0	0	N	Y	N	N	N	N	N	N	N	N	N	N	0.0000	0.0000	0.0000	0.0000	0.0000	0.0000	0.0000	0.0000	0.0000	0.0000	0.0000	0.0000	0.0000	0.0000	0.0000	0.0059	0.0108	0.0000	0.0010	0.0012	0.0000	0.0070	0.0146	0.0000	0.0000	0.0000	-0.0014	2.0000	13.0000	11.9921	39.1663	0.0000	0.0000	0.0000	0.0000	0.0000	0.0000	0.0000	0.0000	0.0000	0.0023	0.0023	0.0000	0.0001	0.0001	0.0000	0.0023	0.0023	0.0000	0.1175	0.0993	0.0182	0.0047	0.0044	0.0003	0.1128	0.0949	0.0179	0.3962	0.2150	0.1812	0.0720	0.0597	0.0123	0.3241	0.1552	0.1689	0.0000	0.0000	0.0000	0.0000	0.0000	0.0000	0.0000	0.0000	0.0000	0.0059	0.0108	0.0000	0.0010	0.0012	0.0000	0.0070	0.0146	0.0000				
21	73	0.0687	5	0	2	0	0	0	0	0	0	N	Y	N	N	N	N	N	N	N	N	N	N	0.0000	0.0000	0.0000	0.0000	0.0000	0.0000	0.0000	0.0000	0.0000	0.0000	0.0000	0.0000	0.0000	0.0000	0.0000	0.0000	0.0000	0.0000	9.6569	0.0000	49.6610	0.0003	0.0001	0.0017	12.8285	0.0000	53.6282	672603.6371	0.0000	0.7704	2.0000	3.0003	11.9921	18.1082	0.0000	0.0000	0.0000	0.0000	0.0000	0.0000	0.0000	0.0000	0.0000	1.9997	0.0000	1.9997	0.0000	0.0000	0.0000	1.9996	0.0000	1.9996	0.0282	0.0238	0.0044	0.0011	0.0011	0.0001	0.0271	0.0227	0.0044	0.2071	0.1202	0.0869	0.0512	0.0450	0.0062	0.1559	0.0752	0.0807	0.0000	0.0000	0.0000	0.0000	0.0000	0.0000	0.0000	0.0000	0.0000	9.6569	0.0000	23.0235	0.0003	0.0001	0.0017	12.8285	0.0000	24.7786	
21	74	0.0364	4	0	2	0	0	0	0	0	0	N	Y	N	N	N	N	N	N	N	N	N	N	2883.1515	0.0000	inf	0.0000	0.0000	69150356.8690	0.0000	inf	14.9232	0.0000	96.5495	0.0000	0.0000	0.0000	15.2086	0.0000	96.7701	0.0052	0.0096	0.0000	0.0288	0.0327	0.0000	0.0000	0.0000	0.0000	inf	0.0000	0.4504	-0.0008	2.0000	7.0046	11.9921	18.1036	0.9969	0.0000	0.9969	0.0000	0.0000	0.0000	0.9969	0.0000	0.9969	0.0012	0.0012	0.0000	0.0012	0.0012	0.0000	0.0000	0.0000	0.0000	0.0668	0.0565	0.0103	0.0013	0.0012	0.0000	0.0655	0.0552	0.0103	0.2395	0.1289	0.1106	0.0431	0.0379	0.0052	0.1964	0.0910	0.1054	2883.1515	0.0000	inf	0.0000	0.0000	0.0000	69150356.8690	0.0000	inf	0.0052	0.0096	0.0000	0.0288	0.0327	0.0000	0.0000	0.0000	0.0000	
21	75	0.0330	3	0	1	0	0	0	0	0	0	N	N	N	N	N	N	N	N	N	N	N	N	45.3319	0.0000	158.4203	0.0000	0.0000	0.0000	38.1566	0.0000	152.0649	1.1979	0.0000	8.0938	0.0000	0.0000	0.0000	1.2613	0.0000	8.1106	0.0264	0.0051	0.0511	0.0008	0.0009	0.0000	0.0331	0.0073	0.0533	inf	8.6881	0.0014	0.0003	2.0000	0.2435	11.9921	3.2922	0.0031	0.0000	0.0031	0.0000	0.0000	0.0000	0.0031	0.0000	0.0031	0.0010	0.0001	0.0009	0.0000	0.0000	0.0000	0.0010	0.0001	0.0009	0.0026	0.0022	0.0004	0.0001	0.0001	0.0000	0.0024	0.0020	0.0004	0.0393	0.0211	0.0182	0.0081	0.0073	0.0008	0.0312	0.0138	0.0175	45.3319	0.0000	158.4203	0.0000	0.0000	0.0000	38.1566	0.0000	152.0649	0.0264	0.0051	0.0511	0.0008	0.0009	0.0000	0.0331	0.0073	0.0533
21	77	0.0837	8	0	2	0	0	0	0	0	0	N	Y	N	N	N	N	N	N	N	N	N	N	0.0000	0.0000	0.0000	0.0000	0.0000	0.0000	0.0000	0.0000	0.0000	0.0000	0.0000	0.0000	0.0000	0.0000	0.0000	0.0000	0.0000	0.0018	0.0031	0.0000	0.0083	0.0090	0.0000	0.0000	0.0000	0.0000	0.0001	0.0000	-0.0002	2.0000	8.6571	11.9921	16.0761	0.0000	0.0000	0.0000	0.0000	0.0000	0.0000	0.0000	0.0000	0.0000	0.0004	0.0004	0.0000	0.0004	0.0004	0.0000	0.0000	0.0000	0.0000	0.0794	0.0684	0.0111	0.0033	0.0031	0.0001	0.0762	0.0652	0.0109	0.2082	0.1216	0.0865	0.0451	0.0414	0.0037	0.1631	0.0803	0.0829	0.0000	0.0000	0.0000	0.0000	0.0000	0.0000	0.0000	0.0000	0.0000	0.0018	0.0031	0.0000	0.0083	0.0090	0.0000	0.0000	0.0000	0.0000		
21	78	0.0833	7	0	2	0	0	0	0	0	0	N	Y	N	N	N	N	N	N	N	N	N	N	0.0000	0.0000	0.0000	0.0000	0.0000	0.0000	0.0000	0.0000	0.0000	0.0000	0.0000	0.0000	0.0000	0.0000	0.0000	0.0000	0.0000	0.0068	0.0041	0.0117	0.0063	0.0065	0.0000	0.0072	0.0000	0.0123	1.5608	0.0000	-0.0000	2.0000	0.3645	11.9921	1.9845	0.0000	0.0000	0.0000	0.0000	0.0000	0.0000	0.0000	0.0000	0.0000	0.0004	0.0001	0.0002	0.0001	0.0001	0.0000	0.0002	0.0000	0.0002	0.0047	0.0041	0.0006	0.0009	0.0008	0.0000	0.0039	0.0033	0.0006	0.0557	0.0361	0.0196	0.0235	0.0226	0.0009	0.0322	0.0134	0.0187	0.0000	0.0000	0.0000	0.0000	0.0000	0.0000	0.0000	0.0000	0.0000	0.0068	0.0041	0.0117	0.0063	0.0065	0.0000	0.0072	0.0000	0.0123		
21	79	0.0738	6	0	1	0	0	0	0	0	0	N	N	N	N	N	N	N	N	N	N	N	N	0.0000	0.0000	0.0000	0.0000	0.0000	0.0000	0.0000	0.0000	0.0000	0.0000	0.0000	0.0000	0.0000	0.0000	0.0000	0.0000	0.0000	0.0000	0.0001	0.0000	0.0002	0.0000	0.0000	0.0000	0.0001	0.0000	0.0002	3.8710	0.0000	0.0000	2.0000	2.9108	11.9921	14.2456	0.0000	0.0000	0.0000	0.0000	0.0000	0.0000	0.0000	0.0000	0.0000	0.0000	0.0000	0.0000	0.0000	0.0000	0.0000	0.0000	0.0000	0.0000	0.0308	0.0264	0.0044	0.0028	0.0027	0.0001	0.0280	0.0237	0.0043	0.1632	0.0946	0.0686	0.0440	0.0375	0.0065	0.1193	0.0571	0.0621	0.0000	0.0000	0.0000	0.0000	0.0000	0.0000	0.0000	0.0000	0.0000	0.0001	0.0000	0.0002	0.0000	0.0000	0.0000	0.0001	0.0000	0.0002	
21	80	0.0687	5	0	1	0	0	0	0	0	0	N	N	N	N	N	N	N	N	N	N	N	N	0.0000	0.0000	0.0000	0.0000	0.0000	0.0000	0.0000	0.0000	0.0000	0.0000	0.0000	0.0000	0.0000	0.0000	0.0000	0.0000	0.0000	0.0000	0.0062	0.0099	0.0000	0.0145	0.0157	0.0000	0.0022	0.0046	0.0000	0.0016	0.0000	-0.0004	2.0000	0.1009	11.9921	7.5203	0.0000	0.0000	0.0000	0.0000	0.0000	0.0000	0.0000	0.0000	0.0000	0.0006	0.0006	0.0000	0.0005	0.0005	0.0000	0.0002	0.0002	0.0000	0.0010	0.0008	0.0002	0.0001	0.0000	0.0000	0.0009	0.0008	0.0001	0.1044	0.0652	0.0392	0.0338	0.0311	0.0027	0.0706	0.0341	0.0365	0.0000	0.0000	0.0000	0.0000	0.0000	0.0000	0.0000	0.0000	0.0000	0.0062	0.0099	0.0000	0.0145	0.0157	0.0000	0.0022	0.0046	0.0000	
21	81	0.0662	4	0	1	0	0	0	0	0	0	N	N	N	N	N	N	N	N	N	N	N	N	0.0000	0.0000	0.0000	0.0000	0.0000	0.0000	0.0000	0.0000	0.0000	0.0000	0.0000	0.0000	0.0000	0.0000	0.0000	0.0000	0.0000	0.0000	0.0085	0.0019	0.0173	0.0001	0.0002	0.0000	0.0120	0.0035	0.0182	6.7602	0.0000	0.0001	2.0000	0.0014	11.9921	3.7882	0.0000	0.0000	0.0000	0.0000	0.0000	0.0000	0.0000	0.0000	0.0000	0.0004	0.0001	0.0004	0.0000	0.0000	0.0000	0.0004	0.0001	0.0004	0.0000	0.0000	0.0000	0.0000	0.0000	0.0000	0.0000	0.0000	0.0000	0.0501	0.0287	0.0214	0.0149	0.0138	0.0011	0.0352	0.0149	0.0203	0.0000	0.0000	0.0000	0.0000	0.0000	0.0000	0.0000	0.0000	0.0000	0.0085	0.0019	0.0173	0.0001	0.0002	0.0000	0.0120	0.0035	0.0182	
21	82	0.0819	7	0	2	0	0	0	0	0	0	N	Y	N	N	N	N	N	N	N	N	N	N	0.0000	0.0000	0.0000	0.0000	0.0000	0.0000	0.0000	0.0000	0.0000	0.0000	0.0000	0.0000	0.0000	0.0000	0.0000	0.0000	0.0000	0.0008	0.0000	0.0020	0.0007	0.0000	0.0070	0.0008	0.0000	0.0016	5716.8310	0.0000	0.0001	2.0000	7.9116	11.9921	21.1247	0.0000	0.0000	0.0000	0.0000	0.0000	0.0000	0.0000	0.0000	0.0000	0.0002	0.0000	0.0002	0.0001	0.0000	0.0001	0.0002	0.0000	0.0002	0.0782	0.0664	0.0118	0.0062	0.0060	0.0003	0.0720	0.0605	0.0115	0.2963	0.1769	0.1194	0.0834	0.0749	0.0085	0.2129	0.1020	0.1109	0.0000	0.0000	0.0000	0.0000	0.0000	0.0000	0.0000	0.0000	0.0000	0.0008	0.0000	0.0020	0.0007	0.0000	0.0070	0.0008	0.0000	0.0016		
21	83	0.0998	8	1	2	0	0	0	0	0	0	N	Y	N	N	N	N	N	N	N	N	N	N	0.0000	0.0000	0.0000	0.0000	0.0000	0.0000	0.0000	0.0000	0.0000	0.0000	0.0000	0.0000	0.0000	0.0000	0.0000	0.0000	0.0000	0.0000	0.0000	0.0000	2.0000	0.0000	11.9921	1.8333	0.0000	0.0000	0.0000	0.0000	0.0000	0.0000	0.0000	0.0000	0.0000	0.0000	0.0000	0.0000	0.0000	0.0000	0.0000	0.0000	0.0000	0.0000	0.0000	0.0000	0.0000	0.0000	0.0000	0.0000	0.0000	0.0000	0.0000	0.0255	0.0165	0.0090	0.0088	0.0082	0.0007	0.0167	0.0084	0.0083	0.0000	0.0000	0.0000	0.0000	0.0000	0.0000	0.0000	0.0000	0.0000	0.0000	0.0000	0.0000	0.0000	0.0000	0.0000	0.0000	0.0000	0.0000											
21	84	0.0819	7	1	2	0	0	0	0	0	0	N	Y	N	N	N	N	N	N	N	N	N	N	0.0000	0.0000	0.0000	0.0000	0.0000	0.0000	0.0000	0.0000	0.0000	0.0000	0.0000	0.0000	0.0000	0.0000	0.0000	0.0000	0.0000	0.0000	0.0000	0.0000	0.0000	0.0000	0.0000	0.0000	0.0000	0.0000	0.0000	1.0305	0.0000	-0.0000	2.0000	6.9552	11.9921	13.1226	0.0000	0.0000	0.0000	0.0000	0.0000	0.0000	0.0000	0.0000	0.0000	0.0000	0.0000	0.0000	0.0000	0.0000	0.0000	0.0000	0.0000	0.0000	0.0697	0.0592	0.0105	0.0059	0.0056	0.0002	0.0638	0.0536	0.0102	0.2342	0.1427	0.0915	0.0716	0.0655	0.0061	0.1625	0.0772	0.0853	0.0000	0.0000	0.0000	0.0000	0.0000	0.0000	0.0000	0.0000	0.0000	0.0000	0.0000	0.0000	0.0000	0.0000	0.0000	0.0000	0.0000	0.0000	
21	85	0.0788	6	0	2	0	0	0	0	0	0	N	Y	N	N	N	N	N	N	N	N	N	N	0.0000	0.0000	0.0000	0.0000	0.0000	0.0000	0.0000	0.0000	0.0000	0.0000	0.0000	0.0000	0.0000	0.0000	0.0000	0.0000	0.0000	0.0000	0.0002	0.0002	0.0000	0.0005	0.0005	0.0004	0.0000	0.0000	0.0000	0.0867	0.0000	-0.0000	2.0000	0.3374	11.9921	6.1146	0.0000	0.0000	0.0000	0.0000	0.0000	0.0000	0.0000	0.0000	0.0000	0.0000	0.0000	0.0000	0.0000	0.0000	0.0000	0.0000	0.0000	0.0000	0.0048	0.0042	0.0006	0.0014	0.0014	0.0001	0.0034	0.0028	0.0006	0.0939	0.0553	0.0387	0.0308	0.0289	0.0019	0.0631	0.0263	0.0368	0.0000	0.0000	0.0000	0.0000	0.0000	0.0000	0.0000	0.0000	0.0000	0.0002	0.0002	0.0000	0.0005	0.0005	0.0004	0.0000	0.0000	0.0000	
21	86	0.0788	6	0	2	0	0	0	0	0	0	N	Y	N	N	N	N	N	N	N	N	N	N	0.0000	0.0000	0.0000	0.0000	0.0000	0.0000	0.0000	0.0000	0.0000	0.0000	0.0000	0.0000	0.0000	0.0000	0.0000	0.0000	0.0000	0.0045	0.0079	0.0000	0.0183	0.0208	0.0000	0.0000	0.0000	0.0000	0.0005	0.0000	-0.0006	2.0000	11.0342	11.9921	12.7513	0.0000	0.0000	0.0000	0.0000	0.0000	0.0000	0.0000	0.0000	0.0000	0.0010	0.0010	0.0000	0.0010	0.0010	0.0000	0.0000	0.0000	0.0000	0.1019	0.0862	0.0157	0.0052	0.0049	0.0003	0.0967	0.0813	0.0154	0.2249	0.1274	0.0975	0.0551	0.0486	0.0065	0.1698	0.0788	0.0910	0.0000	0.0000	0.0000	0.0000	0.0000	0.0000	0.0000	0.0000	0.0000	0.0045	0.0079	0.0000	0.0183	0.0208	0.0000	0.0000	0.0000	0.0000		
21	87	0.0712	5	0	2	0	0	0	0	0	0	N	Y	N	N	N	N	N	N	N	N	N	N	0.0000	0.0000	0.0000	0.0000	0.0000	0.0000	0.0000	0.0000	0.0000	0.0000	0.0000	0.0000	0.0000	0.0000	0.0000	0.0000	0.0000	0.0000	0.0088	0.0158	0.0002	0.0358	0.0414	0.0000	0.0001	0.0000	0.0002	0.0114	0.0000	-0.0005	2.0000	3.9739	11.9921	6.2820	0.0000	0.0000	0.0000	0.0000	0.0000	0.0000	0.0000	0.0000	0.0000	0.0009	0.0009	0.0000	0.0009	0.0009	0.0000	0.0000	0.0000	0.0000	0.0373	0.0314	0.0058	0.0015	0.0014	0.0001	0.0358	0.0300	0.0057	0.1015	0.0557	0.0458	0.0246	0.0213	0.0033	0.0769	0.0344	0.0425	0.0000	0.0000	0.0000	0.0000	0.0000	0.0000	0.0000	0.0000	0.0000	0.0088	0.0158	0.0002	0.0358	0.0414	0.0000	0.0001	0.0000	0.0002	
21	88	0.0662	4	0	2	0	0	0	0	0	0	N	Y	N	N	N	N	N	N	N	N	N	N	0.0000	0.0000	0.0000	0.0000	0.0000	0.0000	0.0000	0.0000	0.0000	0.0000	0.0000	0.0000	0.0000	0.0000	0.0000	0.0000	0.0000	0.0134	0.0000	0.0308	0.0000	0.0000	0.0000	0.0183	0.0000	0.0326	3621.5065	0.0000	0.0003	2.0000	0.0056	11.9921	5.7021	0.0000	0.0000	0.0000	0.0000	0.0000	0.0000	0.0000	0.0000	0.0000	0.0009	0.0000	0.0009	0.0000	0.0000	0.0000	0.0009	0.0000	0.0009	0.0001	0.0000	0.0000	0.0000	0.0000	0.0000	0.0001	0.0000	0.0000	0.0657	0.0371	0.0286	0.0176	0.0160	0.0016	0.0481	0.0211	0.0270	0.0000	0.0000	0.0000	0.0000	0.0000	0.0000	0.0000	0.0000	0.0000	0.0134	0.0000	0.0308	0.0000	0.0000	0.0000	0.0183	0.0000	0.0326		
21	92	0.1546	8	0	1	0	0	0	0	0	0	N	N	N	N	N	N	N	N	N	N	N	N	1.9998	1.7084	0.0000	0.8154	3.1065	0.0000	1.4464	0.9384	0.0000	3.9770	4.5930	0.0000	0.1131	0.1201	0.0000	4.8305	5.6890	0.0000	1.9887	2.6885	0.6402	0.1388	0.0387	0.8384	3.3397	6.0623	0.6050	0.0000	0.1236	-0.5495	-0.5593	2.0000	24.8682	11.9921	39.8855	1.0024	1.0024	0.0000	0.0052	0.0052	0.0000	0.9972	0.9972	0.0000	1.1080	0.9861	0.1219	0.0326	0.0079	0.0247	1.0754	0.9782	0.0972	0.2520	0.2182	0.0338	0.0456	0.0430	0.0027	0.2064	0.1753	0.0311	0.5571	0.3668	0.1904	0.2352	0.2054	0.0297	0.3220	0.1614	0.1606	1.9998	1.7084	0.0000	0.8154	3.1065	0.0000	1.4464	0.9384	0.0000	1.9887	2.6885	0.6402	0.1388	0.0387	0.8305	3.3397	6.0623	0.6050
22	23	0.0858	8	0	2	1	1	0	0	0	0	N	Y	N	N	N	N	N	N	N	N	N	N	0.0000	0.0000	0.0000	0.0000	0.0000	0.0000	0.0000	0.0000	0.0000	0.0000	0.0000	0.0000	0.0000	0.0000	0.0000	0.0000	0.0000	0.0000	0.0000	0.0000	2.9966	0.3092	14.0927	0.1355	0.0000	0.0000	0.0000	0.0000	0.0000	0.0000	0.0000	0.0000	0.0000	0.0000	0.0000	0.0000	0.0000	0.0000	0.0000	0.0000	0.0000	0.0000	0.0071	0.0060	0.0011	0.0019	0.0018	0.0000	0.0052	0.0041	0.0011	0.0081	0.0052	0.0029	0.0028	0.0027	0.0001	0.0053	0.0026	0.0028	0.0000	0.0000	0.0000	0.0000	0.0000	0.0000	0.0000	0.0000	0.0000	0.0000	0.0000	0.0000	0.0000	0.0000	0.0000	0.0000	0.0000	0.0000											
22	24	0.0751	7	0	1	0	1	0	0	0	0	N	N	N	N	N	N	N	N	N	N	N	N	5.2593	0.0000	58.0951	0.0000	0.0000	0.0000	21.6291	71.2634	0.0004	0.0000	0.0025	0.0000	0.0000	0.0000	0.0004	0.0000	0.0026	0.0001	0.0001	0.0000	0.0002	0.0003	0.0002	0.0000	0.0000	0.0000	inf	0.3708	0.0000	-0.0000	2.9966	6.2779	14.0927	13.9173	0.0000	0.0000	0.0000	0.0000	0.0000	0.0000	0.0000	0.0000	0.0000	0.0000	0.0000	0.0000	0.0000	0.0000	0.0000	0.0000	0.0000	0.0000	0.0834	0.0714	0.0120	0.0102	0.0097	0.0005	0.0732	0.0617	0.0115	0.1932	0.1102	0.0830	0.0417	0.0372	0.0045	0.1515	0.0730	0.0785	5.2593	0.0000	58.0951	0.0000	0.0000	0.0000	21.6291	0.0000	71.2634	0.0001	0.0001	0.0000	0.0002	0.0003	0.0002	0.0000	0.0000	0.0000	
22	25	0.0642	4	0	2	0	0	0	0	0	0	N	Y	N	N	N	N	N	N	N	N	N	N	0.1215	0.0863	0.0000	0.3142	0.3032	0.0000	0.0000	0.0000	0.0005	0.0006	0.0000	0.0048	0.0049	0.0000	0.0000	0.0000	0.0000	0.0040	0.0065	0.0003	0.0154	0.0163	0.0039	0.0001	0.0000	0.0001	0.0000	0.0295	-0.0000	-0.0006	2.9966	3.8932	14.0927	15.3303	0.0000	0.0000	0.0000	0.0000	0.0000	0.0000	0.0000	0.0000	0.0000	0.0010	0.0010	0.0000	0.0010	0.0010	0.0000	0.0000	0.0000	0.0000	0.0625	0.0535	0.0090	0.0062	0.0061	0.0001	0.0563	0.0474	0.0089	0.2600	0.1535	0.1065	0.0659	0.0612	0.0047	0.1941	0.0922	0.1018	0.1215	0.0863	0.0000	0.3142	0.3032	0.0000	0.0000	0.0000	0.0000	0.0040	0.0065	0.0003	0.0154	0.0163	0.0039	0.0001	0.0000	0.0001	
22	26	0.0700	6	0	2	0	1	0	0	0	0	N	Y	N	N	N	N	N	N	N	N	N	N	128.4581	405.9738	0.0000	0.0000	116.4238	403.4286	0.1082	0.0000	0.7826	0.0000	0.0000	0.0000	0.1299	0.0000	0.8071	0.0008	0.0000	0.0019	0.0000	0.0000	0.0003	0.0011	0.0000	0.0020	inf	inf	0.0036	0.0001	2.9966	4.2937	14.0927	9.5692	0.0080	0.0000	0.0080	0.0000	0.0000	0.0000	0.0080	0.0000	0.0080	0.0001	0.0000	0.0001	0.0000	0.0000	0.0000	0.0001	0.0000	0.0001	0.0743	0.0640	0.0103	0.0124	0.0121	0.0003	0.0619	0.0519	0.0100	0.1683	0.0947	0.0736	0.0422	0.0390	0.0032	0.1261	0.0558	0.0703	128.4581	0.0000	405.9738	0.0000	0.0000	0.0000	116.4238	0.0000	403.4286	0.0008	0.0000	0.0019	0.0000	0.0000	0.0003	0.0011	0.0000	0.0020			
22	27	0.0554	2	1	2	0	0	0	0	0	0	N	Y	N	N	N	N	N	N	N	N	N	N	40.5498	25.4244	136.1257	126.0551	0.0024	0.0028	0.0000	0.0604	0.0636	0.0000	0.0000	0.0000	0.0000	0.0001	0.0001	0.0000	0.0004	0.0005	0.0000	0.0000	0.0000	0.0000	0.0000	0.0000	-0.0003	-0.0000	2.9966	16.0000	14.0927	34.8566	0.0005	0.0005	0.0000	0.0005	0.0005	0.0000	0.0000	0.0000	0.0000	0.0000	0.0000	0.0000	0.0000	0.0000	0.0000	0.0000	0.0000	0.0000	0.2151	0.1821	0.0330	0.0084	0.0080	0.0004	0.2067	0.1741	0.0326	0.4853	0.2576	0.2277	0.0639	0.0563	0.0076	0.4214	0.2013	0.2201	40.5498	25.4244	0.0000	136.1257	126.0551	0.0000	0.0000	0.0000	0.0000	0.0001	0.0001	0.0000	0.0004	0.0005	0.0000	0.0000	0.0000	0.0000					
22	28	0.0853	10	0	1	1	0	0	0	0	0	N	N	N	N	N	N	N	N	N	N	N	N	0.0000	0.0000	0.0000	0.0000	0.0000	0.0000	0.0000	0.0000	0.0000	0.0000	0.0000	0.0000	0.0000	0.0000	0.0000	0.0000	0.0000	0.0000	0.0000	0.0000	2.9966	0.0000	14.0927	3.0088	0.0000	0.0000	0.0000	0.0000	0.0000	0.0000	0.0000	0.0000	0.0000	0.0000	0.0000	0.0000	0.0000	0.0000	0.0000	0.0000	0.0000	0.0000	0.0000	0.0000	0.0000	0.0000	0.0000	0.0000	0.0000	0.0000	0.0000	0.0267	0.0154	0.0113	0.0084	0.0067	0.0017	0.0182	0.0087	0.0095	0.0000	0.0000	0.0000	0.0000	0.0000	0.0000	0.0000	0.0000	0.0000	0.0000	0.0000	0.0000	0.0000	0.0000	0.0000	0.0000	0.0000	0.0000											
22	29	0.0730	7	0	2	0	0	0	0	0	0	N	Y	N	N	N	N	N	N	N	N	N	N	2.9545	0.0184	8.7337	0.0757	0.0847	0.0000	2.5251	8.4293	13.6575	0.0000	88.7569	0.0001	0.0001	0.0000	14.5555	0.0000	90.8855	4.6227	0.0004	10.1626	0.0013	0.0013	0.0018	5.7643	0.0000	10.7821	2201938.7529	21320.1703	0.4516	0.3613	2.9966	5.0749	14.0927	14.8264	0.9995	0.0000	0.9995	0.0000	0.0000	0.0000	0.9995	0.0000	0.9995	0.9379	0.0000	0.9379	0.0001	0.0000	0.0000	0.9378	0.0000	0.9378	0.0732	0.0619	0.0113	0.0045	0.0043	0.0003	0.0687	0.0577	0.0110	0.2029	0.1106	0.0923	0.0402	0.0349	0.0053	0.1627	0.0757	0.0870	2.9545	0.0184	8.7337	0.0757	0.0847	0.0000	2.5251	0.0000	8.4293	4.6227	0.0004	10.1626	0.0013	0.0013	0.0018	5.7643	0.0000	10.7821	
22	31	0.0751	7	0	2	0	0	0	0	0	0	N	Y	N	N	N	N	N	N	N	N	N	N	8.6056	0.0000	100.0993	0.0000	0.0000	0.0000	37.4290	122.3984	0.0012	0.0000	0.0092	0.0000	0.0000	0.0000	0.0015	0.0000	0.0095	0.0001	0.0002	0.0001	0.0005	0.0005	0.0003	0.0000	0.0000	0.0001	inf	0.3708	0.0000	-0.0000	2.9966	1.4218	14.0927	7.0463	0.0000	0.0000	0.0000	0.0000	0.0000	0.0000	0.0000	0.0000	0.0000	0.0000	0.0000	0.0000	0.0000	0.0000	0.0000	0.0000	0.0000	0.0000	0.0240	0.0208	0.0033	0.0044	0.0043	0.0001	0.0196	0.0165	0.0031	0.0911	0.0523	0.0388	0.0207	0.0187	0.0021	0.0703	0.0336	0.0367	8.6056	0.0000	100.0993	0.0000	0.0000	0.0000	37.4290	0.0000	122.3984	0.0001	0.0002	0.0001	0.0005	0.0005	0.0003	0.0000	0.0000	0.0001	
22	32	0.0700	6	0	1	0	0	0	0	0	0	N	N	N	N	N	N	N	N	N	N	N	N	54.9798	0.3393	282.6550	0.8015	0.8048	0.0000	81.1536	0.0000	288.4312	0.1079	0.0005	0.7767	0.0024	0.0024	0.0000	0.1289	0.0000	0.8010	0.0020	0.0014	0.0027	0.0030	0.0030	0.0021	0.0016	0.0000	0.0028	271.1831	1.5654	0.0036	-0.0000	2.9966	4.3312	14.0927	5.5221	0.0081	0.0000	0.0080	0.0000	0.0000	0.0000	0.0080	0.0000	0.0080	0.0003	0.0001	0.0002	0.0001	0.0001	0.0000	0.0002	0.0000	0.0002	0.0748	0.0644	0.0103	0.0124	0.0121	0.0003	0.0623	0.0523	0.0100	0.1305	0.0736	0.0569	0.0351	0.0328	0.0023	0.0953	0.0408	0.0545	54.9798	0.3393	282.6550	0.8015	0.8048	0.0000	81.1536	0.0000	288.4312	0.0020	0.0014	0.0027	0.0030	0.0030	0.0021	0.0016	0.0000	0.0028
22	33	0.0675	5	0	1	0	0	0	0	0	0	N	N	N	N	N	N	N	N	N	N	N	N	446.8745	0.0285	1453.3403	0.1532	0.1317	inf	398.6166	0.0000	1405.2277	14.1858	0.0000	100.1032	0.0001	0.0001	0.0002	16.0146	0.0000	102.3026	0.0317	0.0005	0.0689	0.0008	0.0009	0.0000	0.0402	0.0003	0.0728	1117281.6718	111.5843	0.4464	0.0011	2.9966	4.2685	14.0927	3.7703	0.9879	0.0000	0.9879	0.0000	0.0000	0.0000	0.9879	0.0000	0.9879	0.0028	0.0000	0.0028	0.0000	0.0000	0.0000	0.0028	0.0000	0.0028	0.0696	0.0598	0.0099	0.0080	0.0077	0.0002	0.0617	0.0520	0.0097	0.0891	0.0484	0.0407	0.0191	0.0169	0.0022	0.0701	0.0315	0.0385	446.8745	0.0285	1453.3403	0.1532	0.1317	inf	398.6166	0.0000	1405.2277	0.0317	0.0005	0.0689	0.0008	0.0009	0.0000	0.0402	0.0003	0.0728
22	35	0.0853	10	0	2	0	0	0	0	0	0	N	Y	N	N	N	N	N	N	N	N	N	N	0.0000	0.0000	0.0000	0.0000	0.0000	0.0000	0.0000	0.0000	0.0000	0.0000	0.0000	0.0000	0.0000	0.0000	0.0000	0.0000	0.0000	0.0000	0.0000	0.0000	2.9966	1.0000	14.0927	1.0102	0.0000	0.0000	0.0000	0.0000	0.0000	0.0000	0.0000	0.0000	0.0000	0.0000	0.0000	0.0000	0.0000	0.0000	0.0000	0.0000	0.0000	0.0000	0.0127	0.0109	0.0018	0.0010	0.0010	0.0001	0.0116	0.0099	0.0017	0.0180	0.0104	0.0076	0.0057	0.0045	0.0012	0.0122	0.0058	0.0064	0.0000	0.0000	0.0000	0.0000	0.0000	0.0000	0.0000	0.0000	0.0000	0.0000	0.0000	0.0000	0.0000	0.0000	0.0000	0.0000	0.0000	0.0000											
22	36	0.0853	9	0	1	0	0	0	0	0	0	N	N	N	N	N	N	N	N	N	N	N	N	0.0000	0.0000	0.0000	0.0000	0.0000	0.0000	0.0000	0.0000	0.0000	0.0000	0.0000	0.0000	0.0000	0.0000	0.0000	0.0000	0.0000	0.0000	0.0000	0.0000	2.9966	0.0000	14.0927	0.0263	0.0000	0.0000	0.0000	0.0000	0.0000	0.0000	0.0000	0.0000	0.0000	0.0000	0.0000	0.0000	0.0000	0.0000	0.0000	0.0000	0.0000	0.0000	0.0000	0.0000	0.0000	0.0000	0.0000	0.0000	0.0000	0.0000	0.0000	0.0004	0.0002	0.0002	0.0001	0.0001	0.0000	0.0003	0.0001	0.0002	0.0000	0.0000	0.0000	0.0000	0.0000	0.0000	0.0000	0.0000	0.0000	0.0000	0.0000	0.0000	0.0000	0.0000	0.0000	0.0000	0.0000	0.0000											
22	37	0.0552	2	1	2	1	0	0	0	0	0	N	Y	N	N	N	N	N	N	N	N	N	N	0.0000	0.0000	0.0000	0.0000	0.0000	0.0000	0.0000	0.0000	0.0000	0.0000	0.0000	0.0000	0.0000	0.0000	0.0000	0.0000	0.0000	12.9694	0.0005	60.6914	0.0002	0.0002	0.0000	12.9828	0.0005	55.4617	46957.9995	0.0000	0.3852	2.9966	3.0000	14.0927	5.0002	0.0000	0.0000	0.0000	0.0000	0.0000	0.0000	0.0000	0.0000	0.0000	1.0000	0.0000	1.0000	0.0000	0.0000	0.0000	1.0000	0.0000	1.0000	0.0416	0.0350	0.0067	0.0012	0.0012	0.0001	0.0404	0.0338	0.0066	0.0855	0.0449	0.0406	0.0085	0.0079	0.0006	0.0770	0.0370	0.0400	0.0000	0.0000	0.0000	0.0000	0.0000	0.0000	0.0000	0.0000	0.0000	11.6900	0.0005	24.6111	0.0002	0.0002	0.0000	12.9828	0.0005	24.9937		
22	38	0.0891	6	1	2	0	0	0	0	0	0	N	Y	N	N	N	N	N	N	N	N	N	N	0.0000	0.0000	0.0000	0.0000	0.0000	0.0000	0.0000	0.0000	0.0000	0.0000	0.0000	0.0000	0.0000	0.0014	0.0000	0.0056	0.0000	0.0000	0.0000	0.0025	0.0000	0.0057	inf	0.0000	0.0000	2.9966	0.0001	14.0927	0.1668	0.0000	0.0000	0.0000	0.0000	0.0000	0.0000	0.0000	0.0000	0.0000	0.0000	0.0000	0.0000	0.0000	0.0000	0.0000	0.0000	0.0000	0.0000	0.0000	0.0000	0.0000	0.0000	0.0000	0.0000	0.0000	0.0000	0.0000	0.0138	0.0104	0.0033	0.0064	0.0063	0.0000	0.0074	0.0041	0.0033	0.0000	0.0000	0.0000	0.0000	0.0000	0.0000	0.0000	0.0000	0.0000	0.0014	0.0000	0.0056	0.0000	0.0000	0.0000	0.0025	0.0000	0.0057						
22	39	0.0768	9	0	1	0	1	0	0	0	0	N	N	N	N	N	N	N	N	N	N	N	N	0.0000	0.0000	0.0000	0.0000	0.0000	0.0000	0.0000	0.0000	0.0000	0.0000	0.0000	0.0000	0.0000	0.0001	0.0001	0.0000	0.0002	0.0002	0.0000	0.0000	0.0000	0.0000	0.0000	0.0000	-0.0000	2.9966	1.7673	14.0927	9.0239	0.0000	0.0000	0.0000	0.0000	0.0000	0.0000	0.0000	0.0000	0.0000	0.0000	0.0000	0.0000	0.0000	0.0000	0.0000	0.0000	0.0000	0.0000	0.0347	0.0300	0.0048	0.0064	0.0062	0.0001	0.0284	0.0237	0.0046	0.1693	0.1069	0.0624	0.0522	0.0489	0.0032	0.1171	0.0580	0.0591	0.0000	0.0000	0.0000	0.0000	0.0000	0.0000	0.0000	0.0000	0.0000	0.0001	0.0001	0.0000	0.0002	0.0002	0.0000	0.0000	0.0000	0.0000						
22	40	0.0744	8	0	1	0	1	0	0	0	0	N	N	N	N	N	N	N	N	N	N	N	N	0.0063	0.0023	0.6623	2.0916	1.9714	0.0000	0.0028	0.0003	0.6438	0.0117	0.0077	0.0345	0.0647	0.0679	0.0000	0.0069	0.0015	0.0354	1.8637	3.3405	0.0520	0.0309	0.0345	0.0003	2.4225	5.3699	0.0550	0.7948	0.0127	-0.0001	-0.0952	2.9966	3.4690	14.0927	3.7419	0.0006	0.0003	0.0003	0.0003	0.0003	0.0000	0.0003	0.0001	0.0003	0.1580	0.1561	0.0020	0.0006	0.0006	0.0000	0.1574	0.1554	0.0020	0.0522	0.0444	0.0078	0.0043	0.0041	0.0002	0.0479	0.0403	0.0076	0.0848	0.0467	0.0381	0.0198	0.0178	0.0020	0.0650	0.0289	0.0360	0.0063	0.0023	0.6623	2.0916	1.9714	0.0000	0.0028	0.0003	0.6438	1.8637	3.3405	0.0520	0.0309	0.0345	0.0003	2.4225	5.3699	0.0550
22	41	0.0408	6	0	2	1	0	0	0	0	0	N	Y	N	N	N	N	N	N	N	N	N	N	0.0000	0.0000	0.0000	0.0000	0.0000	0.0000	0.0000	0.0000	0.0000	0.0000	0.0000	0.0000	0.0000	0.0006	0.0010	0.0000	0.0022	0.0025	0.0000	0.0000	0.0000	0.0000	0.0000	0.0000	-0.0001	2.9966	0.9997	14.0927	10.1790	0.0000	0.0000	0.0000	0.0000	0.0000	0.0000	0.0000	0.0000	0.0000	0.0001	0.0001	0.0000	0.0001	0.0001	0.0000	0.0000	0.0000	0.0000	0.0145	0.0122	0.0023	0.0002	0.0002	0.0000	0.0143	0.0120	0.0023	0.1651	0.0998	0.0653	0.0444	0.0406	0.0037	0.1207	0.0592	0.0615	0.0000	0.0000	0.0000	0.0000	0.0000	0.0000	0.0000	0.0000	0.0000	0.0006	0.0010	0.0000	0.0022	0.0025	0.0000	0.0000	0.0000	0.0000						
22	42	0.0396	5	0	2	0	0	0	0	0	0	N	Y	N	N	N	N	N	N	N	N	N	N	0.0000	0.0000	0.0000	0.0000	0.0000	0.0000	0.0000	0.0000	0.0000	0.0000	0.0000	0.0000	0.0000	0.0000	0.0000	0.0000	0.0000	0.0272	0.0462	0.0014	0.0738	0.0787	0.0000	0.0086	0.0180	0.0015	0.0223	0.0000	-0.0003	2.9966	0.0007	14.0927	0.9413	0.0000	0.0000	0.0000	0.0000	0.0000	0.0000	0.0000	0.0000	0.0000	0.0004	0.0004	0.0000	0.0003	0.0003	0.0000	0.0001	0.0001	0.0000	0.0000	0.0000	0.0000	0.0000	0.0000	0.0000	0.0000	0.0000	0.0000	0.0162	0.0093	0.0069	0.0046	0.0043	0.0003	0.0116	0.0050	0.0066	0.0000	0.0000	0.0000	0.0000	0.0000	0.0000	0.0000	0.0000	0.0000	0.0272	0.0462	0.0014	0.0738	0.0787	0.0000	0.0086	0.0180	0.0015		
22	44	0.0554	2	1	2	0	0	0	0	0	0	N	Y	N	N	N	N	N	N	N	N	N	N	0.0000	0.0000	0.0000	0.0000	0.0000	0.0000	0.0000	0.0000	0.0000	0.0000	0.0000	0.0000	0.0000	0.0001	0.0001	0.0000	0.0006	0.0006	0.0000	0.0000	0.0000	0.0000	0.0000	0.0000	-0.0000	2.9966	10.0000	14.0927	26.8440	0.0000	0.0000	0.0000	0.0000	0.0000	0.0000	0.0000	0.0000	0.0000	0.0000	0.0000	0.0000	0.0000	0.0000	0.0000	0.0000	0.0000	0.0000	0.1376	0.1164	0.0212	0.0054	0.0051	0.0003	0.1322	0.1113	0.0210	0.3703	0.1970	0.1733	0.0511	0.0453	0.0058	0.3192	0.1517	0.1676	0.0000	0.0000	0.0000	0.0000	0.0000	0.0000	0.0000	0.0000	0.0000	0.0001	0.0001	0.0000	0.0006	0.0006	0.0000	0.0000	0.0000	0.0000						
22	45	0.0396	5	0	2	0	0	0	0	0	0	N	Y	N	N	N	N	N	N	N	N	N	N	0.0000	0.0000	0.0000	0.0000	0.0000	0.0000	0.0000	0.0000	0.0000	0.0000	0.0000	0.0000	0.0000	11.0480	19.4979	0.0000	0.0000	0.0000	0.0000	12.9899	28.4597	0.0000	0.0000	0.0000	-0.6145	2.9966	3.0000	14.0927	5.0456	0.0000	0.0000	0.0000	0.0000	0.0000	0.0000	0.0000	0.0000	0.0000	0.9997	0.9997	0.0000	0.0000	0.0000	0.0000	0.9997	0.9997	0.0000	0.0431	0.0362	0.0068	0.0005	0.0005	0.0000	0.0426	0.0358	0.0068	0.0955	0.0513	0.0442	0.0185	0.0161	0.0024	0.0770	0.0351	0.0418	0.0000	0.0000	0.0000	0.0000	0.0000	0.0000	0.0000	0.0000	0.0000	10.4714	19.4979	0.0000	0.0000	0.0000	0.0000	12.9899	28.4597	0.0000						
22	46	0.0355	4	0	2	0	0	0	0	0	0	N	Y	N	N	N	N	N	N	N	N	N	N	0.0000	0.0000	0.0000	0.0000	0.0000	0.0000	0.0000	0.0000	0.0000	0.0000	0.0000	0.0000	0.0000	0.0000	0.0000	0.0100	0.0191	0.0000	0.0021	0.0025	0.0000	0.0115	0.0252	0.0000	0.0000	0.0000	-0.0002	2.9966	2.0000	14.0927	1.0030	0.0000	0.0000	0.0000	0.0000	0.0000	0.0000	0.0000	0.0000	0.0000	0.0004	0.0004	0.0000	0.0000	0.0000	0.0000	0.0003	0.0003	0.0000	0.0284	0.0240	0.0045	0.0002	0.0002	0.0000	0.0282	0.0237	0.0045	0.0352	0.0184	0.0168	0.0057	0.0049	0.0008	0.0295	0.0135	0.0160	0.0000	0.0000	0.0000	0.0000	0.0000	0.0000	0.0000	0.0000	0.0000	0.0100	0.0191	0.0000	0.0021	0.0025	0.0000	0.0115	0.0252	0.0000				
22	47	0.0355	3	0	2	0	0	0	0	0	0	N	Y	N	N	N	N	N	N	N	N	N	N	0.0000	0.0000	0.0000	0.0000	0.0000	0.0000	0.0000	0.0000	0.0000	0.0000	0.0000	0.0000	0.0000	0.0000	0.0000	0.0000	0.0105	0.0081	0.0151	0.0132	0.0134	0.0000	0.0088	0.0000	0.0154	1.0000	0.0000	-0.0000	2.9966	0.0000	14.0927	0.0582	0.0000	0.0000	0.0000	0.0000	0.0000	0.0000	0.0000	0.0000	0.0000	0.0000	0.0000	0.0000	0.0000	0.0000	0.0000	0.0000	0.0000	0.0000	0.0000	0.0000	0.0000	0.0000	0.0000	0.0000	0.0000	0.0000	0.0000	0.0023	0.0015	0.0008	0.0009	0.0009	0.0000	0.0014	0.0006	0.0008	0.0000	0.0000	0.0000	0.0000	0.0000	0.0000	0.0000	0.0000	0.0000	0.0105	0.0081	0.0151	0.0132	0.0134	0.0000	0.0088	0.0000	0.0154			
22	48	0.0317	2	0	2	0	0	0	0	0	0	N	Y	N	N	N	N	N	N	N	N	N	N	2.7157	1.8937	0.0000	2.7224	2.6786	0.0000	0.0000	0.2085	0.2395	0.0000	0.8953	0.8960	0.0000	0.0000	0.0000	0.0000	0.0768	0.1265	0.0004	0.3289	0.3345	0.0000	0.0002	0.0000	0.0004	0.0000	0.0023	-0.0000	-0.0033	2.9966	0.0018	14.0927	3.9096	0.0000	0.0000	0.0000	0.0000	0.0000	0.0000	0.0000	0.0000	0.0000	0.0053	0.0053	0.0000	0.0053	0.0053	0.0000	0.0000	0.0000	0.0000	0.0000	0.0000	0.0000	0.0000	0.0000	0.0000	0.0000	0.0000	0.0000	0.0694	0.0420	0.0274	0.0162	0.0159	0.0003	0.0532	0.0261	0.0271	2.7157	1.8937	0.0000	2.7224	2.6786	0.0000	0.0000	0.0000	0.0000	0.0768	0.1265	0.0004	0.3289	0.3345	0.0000	0.0002	0.0000	0.0004		
22	50	0.0853	9	0	1	1	0	0	0	0	0	N	N	N	N	N	N	N	N	N	N	N	N	inf	inf	inf	inf	5.5703	0.0000	45.3823	0.0000	0.0000	0.0000	9.0129	0.0000	46.1847	0.0000	0.0000	0.0000	0.0000	0.0000	0.0000	0.0000	0.0000	0.0000	inf	0.0001	0.0000	2.9966	0.0004	14.0927	0.9852	0.0001	0.0000	0.0001	0.0000	0.0000	0.0000	0.0001	0.0000	0.0001	0.0000	0.0000	0.0000	0.0000	0.0000	0.0000	0.0000	0.0000	0.0000	0.0000	0.0000	0.0000	0.0000	0.0000	0.0000	0.0000	0.0000	0.0000	0.0103	0.0059	0.0045	0.0026	0.0022	0.0004	0.0078	0.0037	0.0041	inf	0.0000	inf	0.0000	0.0000	0.0000	inf	0.0000	inf	0.0000	0.0000	0.0000	0.0000	0.0000	0.0000	0.0000	0.0000	0.0000						
22	51	0.0744	8	0	1	0	0	0	0	0	0	N	N	N	N	N	N	N	N	N	N	N	N	1.5800	0.4812	4.6962	2.2840	2.1104	1.3454	4.5347	6.5332	0.0016	43.0338	0.0206	0.0218	0.0000	7.0006	0.0000	44.1360	4.1350	0.0034	9.1635	0.0090	0.0103	0.0000	5.2035	0.0000	9.7330	4742.1006	2230.8930	0.4498	0.3849	2.9966	10.7574	14.0927	12.9024	0.9961	0.0002	0.9959	0.0002	0.0002	0.0000	0.9959	0.0000	0.9959	1.0002	0.0004	0.9998	0.0004	0.0004	0.0000	0.9998	0.0000	0.9998	0.1525	0.1293	0.0231	0.0102	0.0096	0.0006	0.1423	0.1197	0.0226	0.2419	0.1328	0.1091	0.0498	0.0434	0.0064	0.1921	0.0894	0.1027	1.5800	0.4812	4.6962	2.2840	2.1104	0.0000	1.3454	0.0000	4.5347	4.1350	0.0034	9.1635	0.0090	0.0103	0.0000	5.2035	0.0000	9.7330		
22	52	0.0730	7	0	1	0	0	0	0	0	0	N	N	N	N	N	N	N	N	N	N	N	N	1.0108	0.5571	4.4105	5.0390	4.7427	0.5163	0.0000	4.2751	0.0209	0.0163	0.0463	0.2089	0.2209	0.0000	0.0076	0.0000	0.0474	0.0207	0.0292	0.0105	0.0415	0.0466	0.0000	0.0148	0.0194	0.0111	0.5175	0.3017	-0.0002	-0.0005	2.9966	2.6694	14.0927	2.4027	0.0008	0.0005	0.0003	0.0005	0.0005	0.0000	0.0003	0.0000	0.0003	0.0012	0.0009	0.0003	0.0005	0.0005	0.0000	0.0007	0.0004	0.0003	0.0392	0.0332	0.0060	0.0026	0.0024	0.0001	0.0367	0.0308	0.0059	0.0580	0.0316	0.0265	0.0128	0.0114	0.0014	0.0452	0.0201	0.0251	1.0108	0.5571	4.4105	5.0390	4.7427	0.0000	0.5163	0.0000	4.2751	0.0207	0.0292	0.0105	0.0415	0.0466	0.0000	0.0148	0.0194	0.0111	
22	53	0.0678	6	0	1	0	0	0	0	0	0	N	N	N	N	N	N	N	N	N	N	N	N	0.0187	0.0060	3.7609	0.0190	0.0171	inf	1.0232	0.0000	3.6267	0.0080	0.0047	0.0280	0.0407	0.0421	0.0000	0.0045	0.0000	0.0286	0.4278	0.7762	0.0074	2.1398	2.4626	0.0000	0.0044	0.0004	0.0079	1.0131	0.0079	-0.0000	-0.0376	2.9966	8.6921	14.0927	5.3599	0.0011	0.0005	0.0005	0.0005	0.0005	0.0000	0.0005	0.0000	0.0005	0.0620	0.0615	0.0005	0.0615	0.0615	0.0000	0.0005	0.0000	0.0005	0.1338	0.1145	0.0193	0.0131	0.0126	0.0004	0.1208	0.1019	0.0189	0.1450	0.0793	0.0657	0.0287	0.0250	0.0038	0.1162	0.0543	0.0619	0.0187	0.0060	3.7609	0.0190	0.0171	inf	1.0232	0.0000	3.6267	0.4278	0.7762	0.0074	2.1398	2.4626	0.0000	0.0044	0.0004	0.0079
22	54	0.0675	5	0	1	0	0	0	0	0	0	N	N	N	N	N	N	N	N	N	N	N	N	5.3612	6.9602	6.3230	16.0038	14.7736	inf	1.6166	6.1333	0.0041	0.0037	0.0064	0.0188	0.0191	0.0005	0.0010	0.0000	0.0066	0.0008	0.0005	0.0010	0.0012	0.0013	0.0000	0.0006	0.0000	0.0011	0.2588	1.6388	-0.0001	0.0000	2.9966	1.8652	14.0927	1.4001	0.0001	0.0001	0.0000	0.0001	0.0001	0.0000	0.0000	0.0000	0.0000	0.0000	0.0000	0.0000	0.0000	0.0000	0.0000	0.0000	0.0000	0.0000	0.0361	0.0314	0.0047	0.0062	0.0061	0.0001	0.0299	0.0253	0.0046	0.0409	0.0221	0.0189	0.0100	0.0091	0.0009	0.0309	0.0130	0.0180	5.3612	6.9602	6.3230	16.0038	14.7736	inf	1.6166	0.0000	6.1333	0.0008	0.0005	0.0010	0.0012	0.0013	0.0000	0.0006	0.0000	0.0011	
22	55	0.0630	4	0	1	0	0	0	0	0	0	N	N	N	N	N	N	N	N	N	N	N	N	26.6703	inf	77.2567	inf	inf	inf	21.9112	74.5571	0.0027	0.0000	0.0191	0.0000	0.0000	0.0004	0.0030	0.0000	0.0194	0.0001	0.0000	0.0002	0.0000	0.0000	0.0000	0.0001	0.0000	0.0003	2149.0152	inf	0.0000	0.0000	2.9966	2.5292	14.0927	4.9772	0.0001	0.0000	0.0001	0.0000	0.0000	0.0000	0.0001	0.0000	0.0001	0.0000	0.0000	0.0000	0.0000	0.0000	0.0000	0.0000	0.0000	0.0000	0.0409	0.0352	0.0057	0.0039	0.0038	0.0001	0.0370	0.0314	0.0057	0.1045	0.0621	0.0424	0.0268	0.0248	0.0020	0.0777	0.0373	0.0404	26.6703	inf	77.2567	inf	inf	inf	21.9112	0.0000	74.5571	0.0001	0.0000	0.0002	0.0000	0.0000	0.0000	0.0001	0.0000	0.0003	
22	57	0.1439	6	0	1	0	0	0	0	0	0	N	N	N	N	N	N	N	N	N	N	N	N	0.0000	0.0190	0.0000	0.0076	0.0378	0.0000	0.0000	0.0000	0.0001	0.0001	0.0000	0.0002	0.0002	0.0000	0.0000	0.0000	0.0000	1.6766	0.0032	5.3984	0.0238	0.0050	0.1511	3.3907	0.0000	6.8022	0.0000	760.9609	-0.0000	0.3501	2.9966	7.8198	14.0927	21.5823	0.0000	0.0000	0.0000	0.0000	0.0000	0.0000	0.0000	0.0000	0.0000	0.9118	0.0012	0.9106	0.0066	0.0012	0.0054	0.9052	0.0000	0.9052	0.1870	0.1645	0.0225	0.0552	0.0532	0.0020	0.1318	0.1113	0.0205	0.5438	0.3752	0.1687	0.2769	0.2413	0.0356	0.2670	0.1339	0.1331	0.0000	0.0190	0.0000	0.0076	0.0378	0.0000	0.0000	0.0000	0.0000	1.6766	0.0032	5.3984	0.0238	0.0050	0.1511	3.3907	0.0000	6.8022	
22	58	0.0580	5	1	2	1	0	0	0	0	0	N	Y	N	N	N	N	N	N	N	N	N	N	0.0000	0.0000	0.0000	0.0000	0.0000	0.0000	0.0000	0.0000	0.0000	0.0000	0.0000	0.0000	0.0000	0.0000	0.0000	0.0003	0.0005	0.0000	0.0027	0.0029	0.0000	0.0000	0.0000	0.0000	0.0007	0.0000	-0.0000	2.9966	2.0055	14.0927	11.8091	0.0000	0.0000	0.0000	0.0000	0.0000	0.0000	0.0000	0.0000	0.0000	0.0000	0.0000	0.0000	0.0000	0.0000	0.0000	0.0000	0.0000	0.0000	0.0287	0.0242	0.0045	0.0005	0.0005	0.0000	0.0282	0.0238	0.0045	0.1522	0.0785	0.0738	0.0156	0.0144	0.0012	0.1366	0.0640	0.0726	0.0000	0.0000	0.0000	0.0000	0.0000	0.0000	0.0000	0.0000	0.0000	0.0003	0.0005	0.0000	0.0027	0.0029	0.0000	0.0000	0.0000	0.0000				
22	59	0.0525	4	1	1	1	0	0	0	0	0	N	N	N	N	N	N	N	N	N	N	N	N	0.0000	0.0000	0.0000	0.0000	0.0000	0.0000	0.0000	0.0000	0.0000	0.0000	0.0000	0.0000	0.0000	0.0000	0.0000	0.0000	0.0000	0.0131	0.0215	0.0022	0.0676	0.0701	0.0001	0.0012	0.0000	0.0022	0.0789	0.0000	-0.0005	2.9966	1.9951	14.0927	2.5667	0.0000	0.0000	0.0000	0.0000	0.0000	0.0000	0.0000	0.0000	0.0000	0.0008	0.0008	0.0001	0.0008	0.0008	0.0000	0.0001	0.0000	0.0001	0.0285	0.0240	0.0045	0.0004	0.0004	0.0000	0.0281	0.0237	0.0045	0.0643	0.0363	0.0280	0.0116	0.0112	0.0004	0.0528	0.0252	0.0276	0.0000	0.0000	0.0000	0.0000	0.0000	0.0000	0.0000	0.0000	0.0000	0.0131	0.0215	0.0022	0.0676	0.0701	0.0001	0.0012	0.0000	0.0022		
22	60	0.0458	3	1	1	1	0	0	0	0	0	N	N	N	N	N	N	N	N	N	N	N	N	0.0000	0.0000	0.0000	0.0000	0.0000	0.0000	0.0000	0.0000	0.0000	0.0000	0.0000	0.0000	0.0000	0.0000	0.0000	0.0000	0.0000	0.0588	0.0004	0.2089	0.0019	0.0008	0.0126	0.0954	0.0000	0.2373	199.0127	0.0000	0.0015	2.9966	0.0108	14.0927	3.6229	0.0000	0.0000	0.0000	0.0000	0.0000	0.0000	0.0000	0.0000	0.0000	0.0040	0.0000	0.0040	0.0001	0.0000	0.0000	0.0039	0.0000	0.0039	0.0003	0.0002	0.0000	0.0001	0.0001	0.0000	0.0002	0.0001	0.0000	0.0678	0.0488	0.0190	0.0265	0.0241	0.0024	0.0413	0.0247	0.0166	0.0000	0.0000	0.0000	0.0000	0.0000	0.0000	0.0000	0.0000	0.0000	0.0588	0.0004	0.2089	0.0019	0.0008	0.0126	0.0954	0.0000	0.2373		
22	61	0.0642	4	0	2	0	0	0	0	0	0	N	Y	N	N	N	N	N	N	N	N	N	N	0.0000	0.0000	0.0000	0.0000	0.0000	0.0000	0.0000	0.0000	0.0000	0.0000	0.0000	0.0000	0.0000	0.0001	0.0002	0.0000	0.0004	0.0004	0.0000	0.0000	0.0000	0.0000	0.0000	0.0000	-0.0000	2.9966	4.0917	14.0927	8.0988	0.0000	0.0000	0.0000	0.0000	0.0000	0.0000	0.0000	0.0000	0.0000	0.0000	0.0000	0.0000	0.0000	0.0000	0.0000	0.0000	0.0000	0.0000	0.0652	0.0558	0.0094	0.0063	0.0062	0.0001	0.0589	0.0496	0.0093	0.1948	0.1190	0.0758	0.0562	0.0531	0.0032	0.1386	0.0659	0.0727	0.0000	0.0000	0.0000	0.0000	0.0000	0.0000	0.0000	0.0000	0.0000	0.0001	0.0002	0.0000	0.0004	0.0004	0.0000	0.0000	0.0000	0.0000						
22	62	0.0604	3	0	2	0	0	0	0	0	0	N	Y	N	N	N	N	N	N	N	N	N	N	0.0479	0.0370	0.1055	0.0000	0.0000	0.0000	0.0780	0.2539	0.1024	0.0010	0.0008	0.0021	0.0000	0.0000	0.0000	0.0010	0.0008	0.0022	0.0208	0.0213	0.0202	0.0479	0.0527	0.0003	0.0133	0.0032	0.0211	0.5000	0.8137	-0.0000	-0.0003	2.9966	2.1165	14.0927	5.0852	0.0000	0.0000	0.0000	0.0000	0.0000	0.0000	0.0000	0.0000	0.0000	0.0020	0.0011	0.0009	0.0010	0.0010	0.0000	0.0010	0.0001	0.0009	0.0301	0.0255	0.0047	0.0012	0.0012	0.0001	0.0289	0.0243	0.0046	0.0956	0.0515	0.0441	0.0207	0.0188	0.0019	0.0750	0.0328	0.0422	0.0479	0.0370	0.1055	0.0000	0.0000	0.0000	0.0780	0.2539	0.1024	0.0208	0.0213	0.0202	0.0479	0.0527	0.0003	0.0133	0.0032	0.0211
22	63	0.0458	3	1	1	1	0	0	0	0	0	N	N	N	N	N	N	N	N	N	N	N	N	0.0000	0.0000	0.0000	0.0000	0.0000	0.0000	0.0000	0.0000	0.0000	0.0000	0.0000	0.0000	0.0000	0.0000	0.0000	0.0251	0.0000	0.0582	0.0011	0.0000	0.0101	0.0303	0.0000	0.0604	inf	0.0000	0.0015	2.9966	3.9990	14.0927	8.8702	0.0000	0.0000	0.0000	0.0000	0.0000	0.0000	0.0000	0.0000	0.0000	0.0040	0.0000	0.0040	0.0000	0.0000	0.0000	0.0039	0.0000	0.0039	0.0559	0.0481	0.0078	0.0010	0.0010	0.0000	0.0550	0.0472	0.0078	0.1582	0.0900	0.0682	0.0283	0.0253	0.0030	0.1299	0.0647	0.0652	0.0000	0.0000	0.0000	0.0000	0.0000	0.0000	0.0000	0.0000	0.0000	0.0251	0.0000	0.0582	0.0011	0.0000	0.0101	0.0303	0.0000	0.0604				
22	64	0.0256	2	1	1	1	0	0	0	0	0	N	N	N	N	N	N	N	N	N	N	N	N	0.0015	7.8144	0.0000	162.4639	180.5015	0.0000	0.0000	0.0000	0.0000	0.0054	0.0063	0.0000	0.1897	0.1902	0.0000	0.0000	0.0000	0.0000	3.5596	0.0008	7.6098	0.0012	0.0011	0.0277	5.1537	0.0005	7.6314	0.0000	8243.9752	-0.0002	0.3827	2.9966	3.9972	14.0927	6.8232	0.0003	0.0003	0.0000	0.0003	0.0003	0.0000	0.0000	0.0000	0.0000	0.9936	0.0001	0.9935	0.0001	0.0001	0.0000	0.9935	0.0000	0.9935	0.0593	0.0503	0.0090	0.0017	0.0017	0.0000	0.0576	0.0486	0.0090	0.2791	0.1486	0.1306	0.0864	0.0860	0.0004	0.1928	0.0626	0.1302	0.0015	7.8144	0.0000	162.4639	180.5015	0.0000	0.0000	0.0000	0.0000	3.5596	0.0008	7.6098	0.0012	0.0011	0.0277	5.1537	0.0005	7.6314
22	65	0.0680	4	0	2	0	0	0	0	0	0	N	Y	N	N	N	N	N	N	N	N	N	N	0.0004	0.0012	0.0000	0.0381	0.0343	0.0000	0.0000	0.0000	0.0000	0.0014	0.0017	0.0000	0.0254	0.0264	0.0000	0.0000	0.0000	0.0000	3.7536	1.4003	7.3790	0.6651	0.7680	0.0039	5.0759	1.8732	8.2214	0.0000	3.4205	-0.0002	0.3855	2.9966	15.6632	14.0927	35.0639	0.0003	0.0003	0.0000	0.0003	0.0003	0.0000	0.0000	0.0000	0.0000	2.4242	0.5484	1.8758	0.1288	0.1287	0.0001	2.2955	0.4197	1.8757	0.2177	0.1848	0.0328	0.0122	0.0118	0.0005	0.2055	0.1731	0.0324	0.6458	0.3916	0.2542	0.1936	0.1676	0.0261	0.4522	0.2241	0.2282	0.0004	0.0012	0.0000	0.0381	0.0343	0.0000	0.0000	0.0000	0.0000	3.7536	1.4003	7.3790	0.6651	0.7680	0.0039	5.0759	1.8732	8.2214
22	66	0.0680	4	0	1	1	0	0	0	0	0	N	N	N	N	N	N	N	N	N	N	N	N	0.0000	0.0000	0.0000	0.0000	0.0000	0.0000	0.0000	0.0000	0.0000	0.0000	0.0000	0.0000	0.0000	0.0023	0.0034	0.0000	0.0054	0.0062	0.0000	0.0000	0.0000	0.0000	0.0000	0.0000	-0.0005	2.9966	4.9998	14.0927	10.1184	0.0000	0.0000	0.0000	0.0000	0.0000	0.0000	0.0000	0.0000	0.0000	0.0008	0.0008	0.0000	0.0008	0.0008	0.0000	0.0000	0.0000	0.0000	0.0776	0.0662	0.0114	0.0067	0.0066	0.0002	0.0709	0.0597	0.0112	0.3675	0.2454	0.1221	0.1546	0.1356	0.0191	0.2128	0.1099	0.1030	0.0000	0.0000	0.0000	0.0000	0.0000	0.0000	0.0000	0.0000	0.0000	0.0023	0.0034	0.0000	0.0054	0.0062	0.0000	0.0000	0.0000	0.0000						
22	67	0.0725	6	0	2	0	0	0	0	0	0	N	Y	N	N	N	N	N	N	N	N	N	N	0.0011	0.0007	0.0000	84.7994	89.6554	0.0000	0.0000	0.0000	0.0034	0.0039	0.0000	0.0634	0.0695	0.0000	0.0000	0.0000	0.0000	3.0830	5.3406	0.0000	0.0007	0.0008	0.0004	4.1220	8.8966	0.0000	0.0000	0.0000	-0.0003	-0.6148	2.9966	10.9928	14.0927	18.5513	0.0005	0.0005	0.0000	0.0005	0.0005	0.0000	0.0000	0.0000	0.0000	1.0001	1.0001	0.0000	0.0001	0.0001	0.0000	1.0000	1.0000	0.0000	0.1505	0.1283	0.0222	0.0080	0.0073	0.0007	0.1425	0.1210	0.0215	0.3244	0.1873	0.1371	0.0818	0.0749	0.0069	0.2426	0.1124	0.1302	0.0011	0.0007	0.0000	84.7994	89.6554	0.0000	0.0000	0.0000	0.0000	3.0830	5.3406	0.0000	0.0007	0.0008	0.0004	4.1220	8.8966	0.0000	
22	68	0.0725	5	0	1	0	0	0	0	0	0	N	N	N	N	N	N	N	N	N	N	N	N	1.0465	1.2072	1.5575	2.6497	2.1890	18.6156	0.0000	0.0000	0.0023	0.0020	0.0050	0.0070	0.0056	0.1791	0.0000	0.0000	0.0000	0.0022	0.0017	0.0032	0.0026	0.0025	0.0096	0.0019	0.0000	0.0031	0.2650	1.0000	-0.0000	-0.0000	2.9966	0.0861	14.0927	1.0715	0.0000	0.0000	0.0000	0.0000	0.0000	0.0000	0.0000	0.0000	0.0000	0.0001	0.0001	0.0001	0.0001	0.0001	0.0000	0.0001	0.0000	0.0001	0.0032	0.0029	0.0003	0.0011	0.0011	0.0000	0.0022	0.0019	0.0003	0.0554	0.0366	0.0189	0.0244	0.0241	0.0003	0.0310	0.0125	0.0185	1.0465	1.2072	1.5575	2.6497	2.1890	18.6156	0.0000	0.0000	0.0000	0.0022	0.0017	0.0032	0.0026	0.0025	0.0096	0.0019	0.0000	0.0031	
22	69	0.0552	3	1	1	1	0	0	0	0	0	N	N	N	N	N	N	N	N	N	N	N	N	0.0000	0.0000	0.0000	0.0000	0.0000	0.0000	0.0000	0.0000	0.0000	0.0000	0.0000	0.0000	0.0000	0.0000	0.0000	0.0000	0.0000	0.0012	0.0018	0.0005	0.0049	0.0053	0.0000	0.0008	0.0011	0.0005	0.2272	0.0000	-0.0000	2.9966	1.0000	14.0927	3.0001	0.0000	0.0000	0.0000	0.0000	0.0000	0.0000	0.0000	0.0000	0.0000	0.0001	0.0000	0.0000	0.0000	0.0000	0.0000	0.0000	0.0000	0.0000	0.0140	0.0118	0.0022	0.0004	0.0004	0.0000	0.0136	0.0114	0.0022	0.0434	0.0228	0.0206	0.0043	0.0040	0.0003	0.0390	0.0187	0.0203	0.0000	0.0000	0.0000	0.0000	0.0000	0.0000	0.0000	0.0000	0.0000	0.0012	0.0018	0.0005	0.0049	0.0053	0.0000	0.0008	0.0011	0.0005		
22	70	0.0552	2	1	1	1	0	0	0	0	0	N	N	N	N	N	N	N	N	N	N	N	N	0.0000	0.0000	0.0000	0.0000	0.0000	0.0000	0.0000	0.0000	0.0000	0.0000	0.0000	0.0000	0.0000	0.0000	0.0000	0.0000	0.0000	2.5850	3.2513	1.7560	3.2109	3.2252	0.0000	2.1633	3.3193	1.7631	0.4341	0.0000	-0.0000	2.9966	0.0000	14.0927	0.0009	0.0000	0.0000	0.0000	0.0000	0.0000	0.0000	0.0000	0.0000	0.0000	0.0001	0.0001	0.0000	0.0001	0.0001	0.0000	0.0001	0.0000	0.0000	0.0000	0.0000	0.0000	0.0000	0.0000	0.0000	0.0000	0.0000	0.0000	0.0000	0.0000	0.0000	0.0000	0.0000	0.0000	0.0000	0.0000	0.0000	0.0000	0.0000	0.0000	0.0000	0.0000	0.0000	0.0000	0.0000	0.0000	2.5850	3.2513	1.7560	3.2109	3.2252	0.0000	2.1633	3.3193	1.7631		
22	72	0.0554	2	0	2	0	1	0	0	0	0	N	Y	N	N	N	N	N	N	N	N	N	N	0.0000	0.0000	0.0000	0.0000	0.0000	0.0000	0.0000	0.0000	0.0000	0.0000	0.0000	0.0000	0.0000	0.0000	0.0000	0.0000	0.0000	3.9110	3.8020	4.0344	0.0001	0.0002	0.0000	4.5018	4.8593	4.1746	0.9383	0.0000	-0.2533	2.9966	13.0000	14.0927	39.1663	0.0000	0.0000	0.0000	0.0000	0.0000	0.0000	0.0000	0.0000	0.0000	1.9383	1.0000	0.9383	0.0000	0.0000	0.0000	1.9383	1.0000	0.9383	0.1768	0.1496	0.0272	0.0069	0.0066	0.0003	0.1699	0.1430	0.0269	0.4956	0.2630	0.2326	0.0650	0.0572	0.0078	0.4306	0.2058	0.2248	0.0000	0.0000	0.0000	0.0000	0.0000	0.0000	0.0000	0.0000	0.0000	3.9110	3.8020	4.0344	0.0001	0.0002	0.0000	4.5018	4.8593	4.1746		
22	73	0.0579	3	0	2	0	0	0	0	0	0	N	Y	N	N	N	N	N	N	N	N	N	N	0.0000	0.0000	0.0000	0.0000	0.0000	0.0000	0.0000	0.0000	0.0000	0.0000	0.0000	0.0000	0.0000	0.0000	0.0000	0.0000	0.0001	0.0000	0.0002	0.0002	0.0002	0.0000	0.0000	0.0000	0.0640	0.0000	-0.0000	2.9966	3.0003	14.0927	18.1082	0.0000	0.0000	0.0000	0.0000	0.0000	0.0000	0.0000	0.0000	0.0000	0.0000	0.0000	0.0000	0.0000	0.0000	0.0000	0.0000	0.0000	0.0000	0.0425	0.0359	0.0066	0.0017	0.0016	0.0001	0.0408	0.0343	0.0065	0.2551	0.1444	0.1107	0.0487	0.0450	0.0037	0.2065	0.0994	0.1070	0.0000	0.0000	0.0000	0.0000	0.0000	0.0000	0.0000	0.0000	0.0000	0.0000	0.0001	0.0000	0.0002	0.0002	0.0002	0.0000	0.0000	0.0000				
22	74	0.0256	2	0	2	0	0	0	0	0	0	N	Y	N	N	N	N	N	N	N	N	N	N	0.5087	0.3116	0.0000	5.9227	5.9056	0.0000	0.0000	0.0000	0.0032	0.0037	0.0000	0.1727	0.1732	0.0000	0.0000	0.0000	0.0000	0.0062	0.0120	0.0000	0.0292	0.0293	0.0006	0.0000	0.0000	0.0000	0.0000	0.0014	-0.0002	-0.0016	2.9966	7.0046	14.0927	18.1036	0.0003	0.0003	0.0000	0.0003	0.0003	0.0000	0.0000	0.0000	0.0000	0.0026	0.0026	0.0000	0.0026	0.0026	0.0000	0.0000	0.0000	0.0000	0.1006	0.0851	0.0154	0.0018	0.0018	0.0000	0.0987	0.0833	0.0154	0.4146	0.2147	0.1999	0.0885	0.0880	0.0005	0.3261	0.1267	0.1994	0.5087	0.3116	0.0000	5.9227	5.9056	0.0000	0.0000	0.0000	0.0000	0.0062	0.0120	0.0000	0.0292	0.0293	0.0006	0.0000	0.0000	0.0000	
22	77	0.0729	6	0	2	0	0	0	0	0	0	N	Y	N	N	N	N	N	N	N	N	N	N	0.0460	0.0000	inf	0.2746	0.0000	inf	0.0000	0.0000	0.0000	0.0000	0.0000	0.0015	0.0000	0.0000	0.0000	0.0000	0.0001	0.0000	0.0002	0.0002	0.0000	0.0000	0.0000	0.0000	inf	0.0000	0.0000	-0.0000	2.9966	8.6571	14.0927	16.0761	0.0000	0.0000	0.0000	0.0000	0.0000	0.0000	0.0000	0.0000	0.0000	0.0000	0.0000	0.0000	0.0000	0.0000	0.0000	0.0000	0.0000	0.0000	0.1200	0.1034	0.0166	0.0048	0.0047	0.0001	0.1152	0.0988	0.0164	0.2520	0.1474	0.1046	0.0601	0.0541	0.0060	0.1919	0.0932	0.0987	0.0460	0.0000	inf	0.2746	0.0000	inf	0.0000	0.0000	0.0000	0.0000	0.0001	0.0000	0.0002	0.0002	0.0000	0.0000	0.0000	0.0000			
22	78	0.0725	5	0	2	0	0	0	0	0	0	N	Y	N	N	N	N	N	N	N	N	N	N	1.7021	0.1523	inf	inf	inf	inf	0.0000	0.0000	0.0003	0.0000	0.0018	0.0014	0.0002	0.0583	0.0000	0.0000	0.0000	0.0001	0.0002	0.0000	0.0000	0.0000	0.0000	0.0002	0.0006	0.0000	7.2052	0.0000	0.0000	-0.0000	2.9966	0.3645	14.0927	1.9845	0.0000	0.0000	0.0000	0.0000	0.0000	0.0000	0.0000	0.0000	0.0000	0.0000	0.0000	0.0000	0.0000	0.0000	0.0000	0.0000	0.0000	0.0000	0.0071	0.0062	0.0009	0.0012	0.0012	0.0000	0.0059	0.0050	0.0009	0.0676	0.0434	0.0242	0.0270	0.0264	0.0006	0.0406	0.0170	0.0236	1.7021	0.1523	inf	inf	inf	inf	0.0000	0.0000	0.0000	0.0001	0.0002	0.0000	0.0000	0.0000	0.0000	0.0002	0.0006	0.0000	
22	79	0.0630	4	0	1	0	0	0	0	0	0	N	N	N	N	N	N	N	N	N	N	N	N	0.1127	1.4521	0.0058	5.4030	4.8742	inf	0.0000	0.0000	0.0000	0.0000	0.0000	0.0004	0.0004	0.0003	0.0000	0.0000	0.0000	0.0003	0.0000	0.0007	0.0001	0.0001	0.0000	0.0004	0.0000	0.0007	0.0161	18.8660	-0.0000	0.0000	2.9966	2.9108	14.0927	14.2456	0.0000	0.0000	0.0000	0.0000	0.0000	0.0000	0.0000	0.0000	0.0000	0.0001	0.0000	0.0001	0.0000	0.0000	0.0000	0.0001	0.0000	0.0001	0.0463	0.0397	0.0066	0.0041	0.0040	0.0001	0.0422	0.0357	0.0065	0.1990	0.1125	0.0865	0.0426	0.0383	0.0043	0.1564	0.0742	0.0821	0.1127	1.4521	0.0058	5.4030	4.8742	inf	0.0000	0.0000	0.0000	0.0003	0.0000	0.0007	0.0001	0.0001	0.0000	0.0004	0.0000	0.0007	
22	80	0.0579	3	0	1	0	0	0	0	0	0	N	N	N	N	N	N	N	N	N	N	N	N	0.0540	0.0395	0.0000	0.2848	0.2882	0.0000	0.0000	0.0000	0.0000	0.0003	0.0004	0.0000	0.0000	0.0000	0.0000	0.0003	0.0005	0.0000	0.0012	0.0012	0.0004	0.0000	0.0000	0.0000	0.0000	0.0155	-0.0000	-0.0000	2.9966	0.1009	14.0927	7.5203	0.0000	0.0000	0.0000	0.0000	0.0000	0.0000	0.0000	0.0000	0.0000	0.0000	0.0000	0.0000	0.0000	0.0000	0.0000	0.0000	0.0000	0.0000	0.0015	0.0013	0.0002	0.0001	0.0001	0.0000	0.0014	0.0012	0.0002	0.1265	0.0771	0.0494	0.0338	0.0324	0.0014	0.0927	0.0447	0.0480	0.0540	0.0395	0.0000	0.2848	0.2882	0.0000	0.0000	0.0000	0.0000	0.0003	0.0005	0.0000	0.0012	0.0012	0.0004	0.0000	0.0000	0.0000			
22	81	0.0554	2	0	1	0	0	0	0	0	0	N	N	N	N	N	N	N	N	N	N	N	N	0.0000	0.0000	0.0000	0.0000	0.0000	0.0000	0.0000	0.0000	0.0000	0.0000	0.0000	0.0000	0.0000	0.0000	0.0000	0.0000	0.0000	0.0011	0.0014	0.0007	0.0018	0.0019	0.0000	0.0009	0.0010	0.0007	0.4009	0.0000	-0.0000	2.9966	0.0014	14.0927	3.7882	0.0000	0.0000	0.0000	0.0000	0.0000	0.0000	0.0000	0.0000	0.0000	0.0001	0.0000	0.0000	0.0000	0.0000	0.0000	0.0000	0.0000	0.0000	0.0000	0.0000	0.0000	0.0000	0.0000	0.0000	0.0000	0.0000	0.0000	0.0617	0.0348	0.0269	0.0158	0.0152	0.0007	0.0459	0.0196	0.0263	0.0000	0.0000	0.0000	0.0000	0.0000	0.0000	0.0000	0.0000	0.0000	0.0011	0.0014	0.0007	0.0018	0.0019	0.0000	0.0009	0.0010	0.0007		
22	82	0.0711	5	0	2	0	0	0	0	0	0	N	Y	N	N	N	N	N	N	N	N	N	N	0.0000	0.0000	0.0000	0.0000	0.0000	0.0000	0.0000	0.0000	0.0000	0.0000	0.0000	0.0000	0.0000	0.0000	0.0000	0.0000	0.0000	0.9030	1.5386	0.0156	3.4635	3.6860	0.0004	0.0088	0.0000	0.0162	0.0073	0.0000	-0.2214	2.9966	7.9116	14.0927	21.1247	0.0000	0.0000	0.0000	0.0000	0.0000	0.0000	0.0000	0.0000	0.0000	0.3645	0.3619	0.0026	0.3619	0.3619	0.0000	0.0026	0.0000	0.0026	0.1177	0.1000	0.0176	0.0092	0.0089	0.0003	0.1084	0.0911	0.0173	0.4036	0.2352	0.1685	0.1045	0.0982	0.0063	0.2992	0.1370	0.1622	0.0000	0.0000	0.0000	0.0000	0.0000	0.0000	0.0000	0.0000	0.0000	0.9030	1.5386	0.0156	3.4635	3.6860	0.0004	0.0088	0.0000	0.0162		
22	83	0.0891	6	1	2	0	0	0	0	0	0	N	Y	N	N	N	N	N	N	N	N	N	N	0.0000	0.0000	0.0000	0.0000	0.0000	0.0000	0.0000	0.0000	0.0000	0.0000	0.0000	0.0000	0.0000	0.0000	0.0000	0.0000	0.0000	0.0000	0.0000	0.0000	2.9966	0.0000	14.0927	1.8333	0.0000	0.0000	0.0000	0.0000	0.0000	0.0000	0.0000	0.0000	0.0000	0.0000	0.0000	0.0000	0.0000	0.0000	0.0000	0.0000	0.0000	0.0000	0.0000	0.0000	0.0000	0.0000	0.0000	0.0000	0.0000	0.0000	0.0000	0.0315	0.0201	0.0114	0.0096	0.0091	0.0005	0.0220	0.0111	0.0109	0.0000	0.0000	0.0000	0.0000	0.0000	0.0000	0.0000	0.0000	0.0000	0.0000	0.0000	0.0000	0.0000	0.0000	0.0000	0.0000	0.0000	0.0000											
22	84	0.0711	5	1	2	0	0	0	0	0	0	N	Y	N	N	N	N	N	N	N	N	N	N	0.0000	0.0000	0.0000	0.0000	0.0000	0.0000	0.0000	0.0000	0.0000	0.0000	0.0000	0.0000	0.0000	0.0000	0.0000	0.0000	0.0000	3.0178	0.0118	7.3959	0.0961	0.0254	1.8925	4.2124	0.0000	7.6125	429.5441	0.0000	0.3777	2.9966	6.9552	14.0927	13.1226	0.0000	0.0000	0.0000	0.0000	0.0000	0.0000	0.0000	0.0000	0.0000	0.9863	0.0023	0.9840	0.0091	0.0023	0.0068	0.9771	0.0000	0.9771	0.1048	0.0892	0.0157	0.0087	0.0084	0.0003	0.0961	0.0807	0.0153	0.3268	0.1938	0.1330	0.0948	0.0902	0.0047	0.2320	0.1036	0.1284	0.0000	0.0000	0.0000	0.0000	0.0000	0.0000	0.0000	0.0000	0.0000	3.0178	0.0118	7.3959	0.0961	0.0254	1.4567	4.2124	0.0000	7.6125		
22	85	0.0681	4	0	2	0	0	0	0	0	0	N	Y	N	N	N	N	N	N	N	N	N	N	0.0000	0.0000	0.0000	0.0000	0.0000	0.0000	0.0000	0.0000	0.0000	0.0000	0.0000	0.0000	0.0000	0.0000	0.0000	0.0000	0.0000	0.0000	8.7628	2.7075	31.0518	5.0390	5.2051	0.2125	10.3843	0.1842	31.7914	4.5466	0.0000	0.2210	2.9966	0.3374	14.0927	6.1146	0.0000	0.0000	0.0000	0.0000	0.0000	0.0000	0.0000	0.0000	0.0000	1.0784	0.1944	0.8840	0.1881	0.1879	0.0003	0.8903	0.0066	0.8837	0.0072	0.0063	0.0010	0.0021	0.0020	0.0001	0.0051	0.0043	0.0008	0.1231	0.0718	0.0513	0.0373	0.0361	0.0012	0.0857	0.0357	0.0500	0.0000	0.0000	0.0000	0.0000	0.0000	0.0000	0.0000	0.0000	0.0000	8.7628	2.7075	17.2468	5.0390	5.2051	0.2125	10.3843	0.1842	17.6698	
22	86	0.0681	4	0	2	0	0	0	0	0	0	N	Y	N	N	N	N	N	N	N	N	N	N	0.0000	0.0000	0.0000	0.0000	0.0000	0.0000	0.0000	0.0000	0.0000	0.0000	0.0000	0.0000	0.0000	0.0000	0.0000	0.0000	0.0000	6.1283	0.1645	20.3777	0.4572	0.4900	0.0471	7.5612	0.0000	19.3186	65.9581	0.0000	0.6501	2.9966	11.0342	14.0927	12.7513	0.0000	0.0000	0.0000	0.0000	0.0000	0.0000	0.0000	0.0000	0.0000	1.7554	0.0262	1.7292	0.0264	0.0262	0.0002	1.7290	0.0000	1.7290	0.1534	0.1299	0.0235	0.0077	0.0073	0.0004	0.1457	0.1226	0.0231	0.2864	0.1593	0.1271	0.0578	0.0535	0.0043	0.2287	0.1058	0.1228	0.0000	0.0000	0.0000	0.0000	0.0000	0.0000	0.0000	0.0000	0.0000	6.1283	0.1645	13.6039	0.4572	0.4900	0.0471	7.5612	0.0000	14.0753		
22	87	0.0604	3	0	2	0	0	0	0	0	0	N	Y	N	N	N	N	N	N	N	N	N	N	0.0000	0.0000	0.0000	0.0000	0.0000	0.0000	0.0000	0.0000	0.0000	0.0000	0.0000	0.0000	0.0000	0.0000	0.0000	0.0000	0.0000	0.0000	2.0711	0.0199	4.4469	0.0355	0.0393	0.0004	2.5602	0.0106	4.6377	192.7293	0.0000	0.0993	2.9966	3.9739	14.0927	6.2820	0.0000	0.0000	0.0000	0.0000	0.0000	0.0000	0.0000	0.0000	0.0000	0.2613	0.0013	0.2600	0.0009	0.0009	0.0000	0.2604	0.0005	0.2600	0.0561	0.0474	0.0087	0.0022	0.0021	0.0001	0.0539	0.0453	0.0086	0.1262	0.0677	0.0585	0.0244	0.0220	0.0024	0.1017	0.0457	0.0561	0.0000	0.0000	0.0000	0.0000	0.0000	0.0000	0.0000	0.0000	0.0000	2.0711	0.0199	4.4469	0.0355	0.0393	0.0004	2.5602	0.0106	4.6377	
22	88	0.0554	2	0	2	0	0	0	0	0	0	N	Y	N	N	N	N	N	N	N	N	N	N	0.0000	0.0000	0.0000	0.0000	0.0000	0.0000	0.0000	0.0000	0.0000	0.0000	0.0000	0.0000	0.0000	0.0000	0.0000	0.0000	0.0000	0.0122	0.0009	0.0263	0.0016	0.0017	0.0000	0.0152	0.0003	0.0270	24.7919	0.0000	0.0003	2.9966	0.0056	14.0927	5.7021	0.0000	0.0000	0.0000	0.0000	0.0000	0.0000	0.0000	0.0000	0.0000	0.0010	0.0000	0.0010	0.0000	0.0000	0.0000	0.0010	0.0000	0.0010	0.0001	0.0001	0.0000	0.0000	0.0000	0.0000	0.0001	0.0001	0.0000	0.0812	0.0450	0.0362	0.0181	0.0171	0.0010	0.0631	0.0279	0.0352	0.0000	0.0000	0.0000	0.0000	0.0000	0.0000	0.0000	0.0000	0.0000	0.0122	0.0009	0.0263	0.0016	0.0017	0.0000	0.0152	0.0003	0.0270		
22	92	0.1439	6	0	1	0	0	0	0	0	0	N	N	N	N	N	N	N	N	N	N	N	N	0.0001	0.0001	0.0000	0.0003	0.0003	0.0000	0.0000	0.0000	0.0000	0.0000	0.0000	0.0001	0.0002	0.0000	0.0000	0.0000	0.0000	0.2253	0.3313	0.0184	0.4948	0.5674	0.0377	0.0071	0.0000	0.0142	0.0000	0.0285	-0.0000	-0.0956	2.9966	24.8682	14.0927	39.8855	0.0000	0.0000	0.0000	0.0000	0.0000	0.0000	0.0000	0.0000	0.0000	0.1629	0.1584	0.0045	0.1600	0.1584	0.0017	0.0028	0.0000	0.0028	0.3795	0.3288	0.0506	0.0677	0.0639	0.0038	0.3118	0.2650	0.0468	0.7230	0.4780	0.2450	0.3234	0.2791	0.0443	0.3996	0.1989	0.2007	0.0001	0.0001	0.0000	0.0003	0.0003	0.0000	0.0000	0.0000	0.0000	0.2253	0.3313	0.0184	0.4948	0.5674	0.0377	0.0071	0.0000	0.0142	
23	25	0.0391	9	0	2	1	1	0	0	0	0	N	Y	N	N	N	N	N	N	N	N	N	N	0.0000	0.0000	0.0000	0.0000	0.0000	0.0000	0.0000	0.0000	0.0000	0.0000	0.0000	0.0000	0.0000	0.0000	0.0000	0.0000	0.0000	0.0000	0.0000	0.0000	0.0000	0.0000	0.0000	0.0000	-0.0000	0.3092	3.8932	0.1355	15.3303	0.0000	0.0000	0.0000	0.0000	0.0000	0.0000	0.0000	0.0000	0.0000	0.0000	0.0000	0.0000	0.0000	0.0000	0.0000	0.0000	0.0000	0.0000	0.0101	0.0085	0.0015	0.0028	0.0028	0.0000	0.0073	0.0058	0.0015	0.0102	0.0068	0.0034	0.0039	0.0038	0.0002	0.0063	0.0031	0.0032	0.0000	0.0000	0.0000	0.0000	0.0000	0.0000	0.0000	0.0000	0.0000	0.0000	0.0000	0.0000	0.0000	0.0000	0.0000	0.0000	0.0000	0.0000						
23	26	0.0158	3	0	2	1	2	0	0	0	0	N	Y	N	Y	N	N	N	N	N	N	N	N	0.0000	0.0000	0.0000	0.0000	0.0000	0.0000	0.0000	0.0000	0.0000	0.0000	0.0000	0.0000	0.0000	0.0000	0.0000	7.2732	0.0000	26.3445	0.0002	0.0000	0.0325	12.4298	0.0000	24.5026	inf	0.0000	0.0510	0.3092	4.2937	0.1355	9.5692	0.0000	0.0000	0.0000	0.0000	0.0000	0.0000	0.0000	0.0000	0.0000	0.1323	0.0000	0.1323	0.0000	0.0000	0.0000	0.1323	0.0000	0.1323	0.0119	0.0101	0.0018	0.0032	0.0032	0.0000	0.0086	0.0069	0.0018	0.0182	0.0100	0.0082	0.0075	0.0075	0.0000	0.0106	0.0025	0.0081	0.0000	0.0000	0.0000	0.0000	0.0000	0.0000	0.0000	0.0000	0.0000	7.2732	0.0000	16.1694	0.0002	0.0000	0.0325	12.4298	0.0000	16.2521				
23	27	0.0304	7	1	2	1	1	0	0	0	0	N	Y	N	N	N	N	N	N	N	N	N	N	0.0000	0.0000	0.0000	0.0000	0.0000	0.0000	0.0000	0.0000	0.0000	0.0000	0.0000	0.0000	0.0000	0.0005	0.0000	0.0013	0.0013	0.0000	0.0302	0.0000	0.0000	0.0000	inf	0.0000	0.0000	0.3092	16.0000	0.1355	34.8566	0.0000	0.0000	0.0000	0.0000	0.0000	0.0000	0.0000	0.0000	0.0000	0.0000	0.0000	0.0000	0.0000	0.0000	0.0000	0.0000	0.0000	0.0000	0.0365	0.0306	0.0058	0.0095	0.0093	0.0002	0.0270	0.0213	0.0057	0.0220	0.0144	0.0076	0.0076	0.0072	0.0003	0.0145	0.0072	0.0073	0.0000	0.0000	0.0000	0.0000	0.0000	0.0000	0.0000	0.0000	0.0000	0.0005	0.0000	0.0013	0.0013	0.0000	0.0302	0.0000	0.0000	0.0000						
23	28	0.0360	9	0	1	2	1	0	0	0	0	N	N	Y	N	N	N	N	N	N	N	N	N	0.0000	0.0000	0.0000	0.0000	0.0000	0.0000	0.0000	0.0000	0.0000	0.0000	0.0000	0.0000	0.0000	0.0000	0.0000	0.0000	0.0000	0.0000	0.0000	0.0000	0.3092	0.0000	0.1355	3.0088	0.0000	0.0000	0.0000	0.0000	0.0000	0.0000	0.0000	0.0000	0.0000	0.0000	0.0000	0.0000	0.0000	0.0000	0.0000	0.0000	0.0000	0.0000	0.0000	0.0000	0.0000	0.0000	0.0000	0.0000	0.0000	0.0000	0.0000	0.0019	0.0013	0.0006	0.0007	0.0007	0.0000	0.0011	0.0006	0.0006	0.0000	0.0000	0.0000	0.0000	0.0000	0.0000	0.0000	0.0000	0.0000	0.0000	0.0000	0.0000	0.0000	0.0000	0.0000	0.0000	0.0000	0.0000											
23	29	0.0237	6	0	2	1	1	0	0	0	0	N	Y	N	N	N	N	N	N	N	N	N	N	0.0000	0.0000	0.0000	0.0000	0.0000	0.0000	0.0000	0.0000	0.0000	0.0000	0.0000	0.0000	0.0000	0.0000	0.0000	0.0000	0.0000	0.0000	0.0000	0.0000	0.3092	5.0749	0.1355	14.8264	0.0000	0.0000	0.0000	0.0000	0.0000	0.0000	0.0000	0.0000	0.0000	0.0000	0.0000	0.0000	0.0000	0.0000	0.0000	0.0000	0.0000	0.0000	0.0121	0.0102	0.0019	0.0033	0.0032	0.0001	0.0088	0.0070	0.0019	0.0093	0.0060	0.0033	0.0028	0.0027	0.0001	0.0065	0.0033	0.0032	0.0000	0.0000	0.0000	0.0000	0.0000	0.0000	0.0000	0.0000	0.0000	0.0000	0.0000	0.0000	0.0000	0.0000	0.0000	0.0000	0.0000	0.0000											
23	30	0.0636	8	1	1	2	1	0	0	0	0	N	N	Y	N	N	N	N	N	N	N	N	N	0.0000	0.0000	0.0000	0.0000	0.0000	0.0000	0.0000	0.0000	0.0000	0.0000	0.0000	0.0000	0.0000	0.0000	0.0000	0.0000	0.0000	0.0000	0.0000	0.0000	0.3092	5.9956	0.1355	15.0927	0.0000	0.0000	0.0000	0.0000	0.0000	0.0000	0.0000	0.0000	0.0000	0.0000	0.0000	0.0000	0.0000	0.0000	0.0000	0.0000	0.0000	0.0000	0.0140	0.0118	0.0022	0.0037	0.0036	0.0001	0.0103	0.0082	0.0022	0.0099	0.0064	0.0035	0.0034	0.0032	0.0001	0.0065	0.0031	0.0034	0.0000	0.0000	0.0000	0.0000	0.0000	0.0000	0.0000	0.0000	0.0000	0.0000	0.0000	0.0000	0.0000	0.0000	0.0000	0.0000	0.0000	0.0000											
23	31	0.0106	2	0	2	1	1	0	0	0	0	N	Y	N	N	N	N	N	N	N	N	N	N	0.0621	0.0399	0.0947	0.0950	0.0135	0.0161	0.0000	0.0473	0.0476	0.0000	0.0000	0.0000	0.0000	0.2172	0.4048	0.0000	0.4991	0.5011	0.0000	0.0000	0.0000	0.0000	0.0000	0.0000	-0.0000	-0.0021	0.3092	1.4218	0.1355	7.0463	0.0001	0.0001	0.0000	0.0001	0.0001	0.0000	0.0000	0.0000	0.0000	0.0033	0.0033	0.0000	0.0033	0.0033	0.0000	0.0000	0.0000	0.0000	0.0041	0.0034	0.0007	0.0012	0.0012	0.0000	0.0029	0.0023	0.0007	0.0154	0.0082	0.0071	0.0067	0.0067	0.0000	0.0087	0.0016	0.0071	0.0621	0.0399	0.0000	0.0947	0.0950	0.0000	0.0000	0.0000	0.0000	0.2172	0.4048	0.0000	0.4991	0.5011	0.0000	0.0000	0.0000	0.0000					
23	34	0.0636	8	1	1	2	1	0	0	0	0	N	N	Y	N	N	N	N	N	N	N	N	N	0.0000	0.0000	0.0000	0.0000	0.0000	0.0000	0.0000	0.0000	0.0000	0.0000	0.0000	0.0000	0.0000	0.0000	0.0000	0.0000	0.0000	0.0000	0.0000	0.0000	0.3092	4.9966	0.1355	15.0870	0.0000	0.0000	0.0000	0.0000	0.0000	0.0000	0.0000	0.0000	0.0000	0.0000	0.0000	0.0000	0.0000	0.0000	0.0000	0.0000	0.0000	0.0000	0.0117	0.0099	0.0019	0.0031	0.0030	0.0001	0.0086	0.0068	0.0018	0.0094	0.0061	0.0033	0.0032	0.0031	0.0001	0.0062	0.0030	0.0032	0.0000	0.0000	0.0000	0.0000	0.0000	0.0000	0.0000	0.0000	0.0000	0.0000	0.0000	0.0000	0.0000	0.0000	0.0000	0.0000	0.0000	0.0000											
23	35	0.0360	9	0	2	1	1	0	0	0	0	N	Y	N	N	N	N	N	N	N	N	N	N	0.0000	0.0000	0.0000	0.0000	0.0000	0.0000	0.0000	0.0000	0.0000	0.0000	0.0000	0.0000	0.0000	0.0000	0.0000	0.0000	0.0000	0.0000	0.0000	0.0000	0.3092	1.0000	0.1355	1.0102	0.0000	0.0000	0.0000	0.0000	0.0000	0.0000	0.0000	0.0000	0.0000	0.0000	0.0000	0.0000	0.0000	0.0000	0.0000	0.0000	0.0000	0.0000	0.0029	0.0025	0.0005	0.0009	0.0009	0.0000	0.0020	0.0016	0.0005	0.0012	0.0008	0.0004	0.0005	0.0005	0.0000	0.0008	0.0004	0.0004	0.0000	0.0000	0.0000	0.0000	0.0000	0.0000	0.0000	0.0000	0.0000	0.0000	0.0000	0.0000	0.0000	0.0000	0.0000	0.0000	0.0000	0.0000											
23	36	0.0360	8	0	1	1	1	0	0	0	0	N	N	N	N	N	N	N	N	N	N	N	N	0.0000	0.0000	0.0000	0.0000	0.0000	0.0000	0.0000	0.0000	0.0000	0.0000	0.0000	0.0000	0.0000	0.0000	0.0000	0.0000	0.0000	0.0000	0.0000	0.0000	0.3092	0.0000	0.1355	0.0263	0.0000	0.0000	0.0000	0.0000	0.0000	0.0000	0.0000	0.0000	0.0000	0.0000	0.0000	0.0000	0.0000	0.0000	0.0000	0.0000	0.0000	0.0000	0.0000	0.0000	0.0000	0.0000	0.0000	0.0000	0.0000	0.0000	0.0000	0.0000	0.0000	0.0000	0.0000	0.0000	0.0000	0.0000	0.0000	0.0000	0.0000	0.0000	0.0000	0.0000	0.0000	0.0000	0.0000	0.0000	0.0000	0.0000	0.0000	0.0000	0.0000	0.0000	0.0000	0.0000	0.0000	0.0000											
23	37	0.0966	9	1	2	2	1	0	0	0	0	N	Y	Y	N	N	N	N	N	N	N	N	N	0.0000	0.0000	0.0000	0.0000	0.0000	0.0000	0.0000	0.0000	0.0000	0.0000	0.0000	0.0000	0.0000	0.0000	0.0000	0.0000	0.0000	0.0000	0.0000	0.0000	0.3092	3.0000	0.1355	5.0002	0.0000	0.0000	0.0000	0.0000	0.0000	0.0000	0.0000	0.0000	0.0000	0.0000	0.0000	0.0000	0.0000	0.0000	0.0000	0.0000	0.0000	0.0000	0.0075	0.0063	0.0012	0.0021	0.0020	0.0000	0.0054	0.0042	0.0012	0.0039	0.0025	0.0014	0.0014	0.0013	0.0001	0.0026	0.0012	0.0013	0.0000	0.0000	0.0000	0.0000	0.0000	0.0000	0.0000	0.0000	0.0000	0.0000	0.0000	0.0000	0.0000	0.0000	0.0000	0.0000	0.0000	0.0000											
23	38	0.0640	11	1	2	1	1	0	0	0	0	N	Y	N	N	N	N	N	N	N	N	N	N	0.0000	0.0000	0.0000	0.0000	0.0000	0.0000	0.0000	0.0000	0.0000	0.0000	0.0000	0.0000	0.0000	0.0000	0.0000	0.0000	0.0000	0.0000	0.0000	0.0000	0.3092	0.0001	0.1355	0.1668	0.0000	0.0000	0.0000	0.0000	0.0000	0.0000	0.0000	0.0000	0.0000	0.0000	0.0000	0.0000	0.0000	0.0000	0.0000	0.0000	0.0000	0.0000	0.0000	0.0000	0.0000	0.0000	0.0000	0.0000	0.0000	0.0000	0.0000	0.0004	0.0003	0.0001	0.0002	0.0002	0.0000	0.0002	0.0001	0.0001	0.0000	0.0000	0.0000	0.0000	0.0000	0.0000	0.0000	0.0000	0.0000	0.0000	0.0000	0.0000	0.0000	0.0000	0.0000	0.0000	0.0000	0.0000											
23	39	0.0275	8	0	1	1	2	0	0	0	0	N	N	N	Y	N	N	N	N	N	N	N	N	0.0000	0.0000	0.0000	0.0000	0.0000	0.0000	0.0000	0.0000	0.0000	0.0000	0.0000	0.0000	0.0000	0.0000	0.0000	0.0000	0.0000	0.0000	0.0000	0.0000	0.3092	1.7673	0.1355	9.0239	0.0000	0.0000	0.0000	0.0000	0.0000	0.0000	0.0000	0.0000	0.0000	0.0000	0.0000	0.0000	0.0000	0.0000	0.0000	0.0000	0.0000	0.0000	0.0053	0.0045	0.0008	0.0017	0.0017	0.0000	0.0036	0.0028	0.0008	0.0066	0.0045	0.0021	0.0023	0.0022	0.0001	0.0043	0.0023	0.0020	0.0000	0.0000	0.0000	0.0000	0.0000	0.0000	0.0000	0.0000	0.0000	0.0000	0.0000	0.0000	0.0000	0.0000	0.0000	0.0000	0.0000	0.0000											
23	40	0.0252	7	0	1	1	2	0	0	0	0	N	N	N	Y	N	N	N	N	N	N	N	N	0.0000	0.0000	0.0000	0.0000	0.0000	0.0000	0.0000	0.0000	0.0000	0.0000	0.0000	0.0000	0.0000	0.0000	0.0000	0.0000	0.0000	0.0000	0.0000	0.0000	0.0000	0.0000	0.0000	0.0000	-0.0000	0.3092	3.4690	0.1355	3.7419	0.0000	0.0000	0.0000	0.0000	0.0000	0.0000	0.0000	0.0000	0.0000	0.0000	0.0000	0.0000	0.0000	0.0000	0.0000	0.0000	0.0000	0.0000	0.0085	0.0072	0.0013	0.0024	0.0023	0.0000	0.0061	0.0049	0.0013	0.0036	0.0023	0.0013	0.0011	0.0011	0.0000	0.0025	0.0013	0.0013	0.0000	0.0000	0.0000	0.0000	0.0000	0.0000	0.0000	0.0000	0.0000	0.0000	0.0000	0.0000	0.0000	0.0000	0.0000	0.0000	0.0000	0.0000						
23	41	0.0821	13	0	2	2	1	0	0	0	0	N	Y	Y	N	N	N	N	N	N	N	N	N	0.0000	0.0000	0.0000	0.0000	0.0000	0.0000	0.0000	0.0000	0.0000	0.0000	0.0000	0.0000	0.0000	0.0000	0.0000	0.0000	0.0000	0.0000	0.0000	0.0000	0.3092	0.9997	0.1355	10.1790	0.0000	0.0000	0.0000	0.0000	0.0000	0.0000	0.0000	0.0000	0.0000	0.0000	0.0000	0.0000	0.0000	0.0000	0.0000	0.0000	0.0000	0.0000	0.0025	0.0021	0.0004	0.0007	0.0007	0.0000	0.0018	0.0014	0.0004	0.0063	0.0043	0.0020	0.0025	0.0024	0.0002	0.0037	0.0019	0.0019	0.0000	0.0000	0.0000	0.0000	0.0000	0.0000	0.0000	0.0000	0.0000	0.0000	0.0000	0.0000	0.0000	0.0000	0.0000	0.0000	0.0000	0.0000											
23	42	0.0810	12	0	2	1	1	0	0	0	0	N	Y	N	N	N	N	N	N	N	N	N	N	0.0000	0.0000	0.0000	0.0000	0.0000	0.0000	0.0000	0.0000	0.0000	0.0000	0.0000	0.0000	0.0000	0.0000	0.0000	0.0000	0.0000	0.0000	0.0000	0.0000	0.3092	0.0007	0.1355	0.9413	0.0000	0.0000	0.0000	0.0000	0.0000	0.0000	0.0000	0.0000	0.0000	0.0000	0.0000	0.0000	0.0000	0.0000	0.0000	0.0000	0.0000	0.0000	0.0000	0.0000	0.0000	0.0000	0.0000	0.0000	0.0000	0.0000	0.0000	0.0006	0.0004	0.0002	0.0003	0.0002	0.0000	0.0004	0.0002	0.0002	0.0000	0.0000	0.0000	0.0000	0.0000	0.0000	0.0000	0.0000	0.0000	0.0000	0.0000	0.0000	0.0000	0.0000	0.0000	0.0000	0.0000	0.0000											
23	43	0.0636	8	1	1	2	1	0	0	0	0	N	N	Y	N	N	N	N	N	N	N	N	N	0.0000	0.0000	0.0000	0.0000	0.0000	0.0000	0.0000	0.0000	0.0000	0.0000	0.0000	0.0000	0.0000	0.0000	0.0000	0.0000	0.0000	0.0000	0.0000	0.0000	0.3092	1.9995	0.1355	12.0029	0.0000	0.0000	0.0000	0.0000	0.0000	0.0000	0.0000	0.0000	0.0000	0.0000	0.0000	0.0000	0.0000	0.0000	0.0000	0.0000	0.0000	0.0000	0.0047	0.0040	0.0008	0.0012	0.0012	0.0000	0.0035	0.0028	0.0007	0.0068	0.0044	0.0024	0.0023	0.0022	0.0001	0.0044	0.0021	0.0023	0.0000	0.0000	0.0000	0.0000	0.0000	0.0000	0.0000	0.0000	0.0000	0.0000	0.0000	0.0000	0.0000	0.0000	0.0000	0.0000	0.0000	0.0000											
23	44	0.0304	7	1	2	1	1	0	0	0	0	N	Y	N	N	N	N	N	N	N	N	N	N	0.0000	0.0000	0.0000	0.0000	0.0000	0.0000	0.0000	0.0000	0.0000	0.0000	0.0000	0.0000	0.0000	0.0000	0.0000	0.0000	0.0000	0.0000	0.0000	0.0000	0.0000	0.0000	0.0000	0.0000	-0.0000	0.3092	10.0000	0.1355	26.8440	0.0000	0.0000	0.0000	0.0000	0.0000	0.0000	0.0000	0.0000	0.0000	0.0000	0.0000	0.0000	0.0000	0.0000	0.0000	0.0000	0.0000	0.0000	0.0232	0.0195	0.0037	0.0060	0.0059	0.0001	0.0172	0.0136	0.0036	0.0165	0.0108	0.0057	0.0057	0.0054	0.0002	0.0109	0.0054	0.0055	0.0000	0.0000	0.0000	0.0000	0.0000	0.0000	0.0000	0.0000	0.0000	0.0000	0.0000	0.0000	0.0000	0.0000	0.0000	0.0000	0.0000	0.0000						
23	45	0.0810	12	0	2	1	1	0	0	0	0	N	Y	N	N	N	N	N	N	N	N	N	N	0.0000	0.0000	0.0000	0.0000	0.0000	0.0000	0.0000	0.0000	0.0000	0.0000	0.0000	0.0000	0.0000	0.0000	0.0000	0.0000	0.0000	0.0000	0.0000	0.0000	0.3092	3.0000	0.1355	5.0456	0.0000	0.0000	0.0000	0.0000	0.0000	0.0000	0.0000	0.0000	0.0000	0.0000	0.0000	0.0000	0.0000	0.0000	0.0000	0.0000	0.0000	0.0000	0.0075	0.0063	0.0012	0.0021	0.0021	0.0000	0.0054	0.0042	0.0012	0.0042	0.0027	0.0015	0.0017	0.0015	0.0001	0.0026	0.0012	0.0014	0.0000	0.0000	0.0000	0.0000	0.0000	0.0000	0.0000	0.0000	0.0000	0.0000	0.0000	0.0000	0.0000	0.0000	0.0000	0.0000	0.0000	0.0000											
23	46	0.0768	11	0	2	1	1	0	0	0	0	N	Y	N	N	N	N	N	N	N	N	N	N	0.0000	0.0000	0.0000	0.0000	0.0000	0.0000	0.0000	0.0000	0.0000	0.0000	0.0000	0.0000	0.0000	0.0000	0.0000	0.0000	0.0000	0.0000	0.0000	0.0000	0.0000	0.0000	0.0000	0.0000	-0.0000	0.3092	2.0000	0.1355	1.0030	0.0000	0.0000	0.0000	0.0000	0.0000	0.0000	0.0000	0.0000	0.0000	0.0000	0.0000	0.0000	0.0000	0.0000	0.0000	0.0000	0.0000	0.0000	0.0047	0.0040	0.0008	0.0013	0.0012	0.0000	0.0035	0.0027	0.0007	0.0015	0.0010	0.0005	0.0006	0.0006	0.0000	0.0009	0.0004	0.0005	0.0000	0.0000	0.0000	0.0000	0.0000	0.0000	0.0000	0.0000	0.0000	0.0000	0.0000	0.0000	0.0000	0.0000	0.0000	0.0000	0.0000	0.0000						
23	47	0.0768	10	0	2	1	1	0	0	0	0	N	Y	N	N	N	N	N	N	N	N	N	N	0.0000	0.0000	0.0000	0.0000	0.0000	0.0000	0.0000	0.0000	0.0000	0.0000	0.0000	0.0000	0.0000	0.0001	0.0001	0.0000	0.0001	0.0001	0.0000	0.0000	0.0000	0.0000	0.0286	0.0000	-0.0000	0.3092	0.0000	0.1355	0.0582	0.0000	0.0000	0.0000	0.0000	0.0000	0.0000	0.0000	0.0000	0.0000	0.0000	0.0000	0.0000	0.0000	0.0000	0.0000	0.0000	0.0000	0.0000	0.0000	0.0000	0.0000	0.0000	0.0000	0.0000	0.0000	0.0000	0.0000	0.0001	0.0000	0.0000	0.0000	0.0000	0.0000	0.0000	0.0000	0.0000	0.0000	0.0000	0.0000	0.0000	0.0000	0.0000	0.0000	0.0000	0.0000	0.0001	0.0001	0.0000	0.0001	0.0001	0.0000	0.0000	0.0000	0.0000						
23	48	0.0730	9	0	2	1	1	0	0	0	0	N	Y	N	N	N	N	N	N	N	N	N	N	0.0000	0.0000	0.0000	0.0000	0.0000	0.0000	0.0000	0.0000	0.0000	0.0000	0.0000	0.0000	0.0000	0.0039	0.0056	0.0000	0.0091	0.0097	0.0000	0.0000	0.0000	0.0000	0.0000	0.0000	-0.0000	0.3092	0.0018	0.1355	3.9096	0.0000	0.0000	0.0000	0.0000	0.0000	0.0000	0.0000	0.0000	0.0000	0.0000	0.0000	0.0000	0.0000	0.0000	0.0000	0.0000	0.0000	0.0000	0.0000	0.0000	0.0000	0.0000	0.0000	0.0000	0.0000	0.0000	0.0000	0.0025	0.0017	0.0007	0.0011	0.0010	0.0001	0.0014	0.0007	0.0007	0.0000	0.0000	0.0000	0.0000	0.0000	0.0000	0.0000	0.0000	0.0000	0.0039	0.0056	0.0000	0.0091	0.0097	0.0000	0.0000	0.0000	0.0000						
23	49	0.0636	8	0	2	1	1	0	0	0	0	N	Y	N	N	N	N	N	N	N	N	N	N	0.0000	0.0000	0.0000	0.0000	0.0000	0.0000	0.0000	0.0000	0.0000	0.0000	0.0000	0.0000	0.0000	0.0000	0.0000	0.0001	0.0001	0.0000	0.0003	0.0003	0.0001	0.0000	0.0000	0.0000	0.0177	0.0000	-0.0000	0.3092	2.0031	0.1355	6.0601	0.0000	0.0000	0.0000	0.0000	0.0000	0.0000	0.0000	0.0000	0.0000	0.0000	0.0000	0.0000	0.0000	0.0000	0.0000	0.0000	0.0000	0.0000	0.0048	0.0040	0.0008	0.0012	0.0012	0.0000	0.0035	0.0028	0.0007	0.0041	0.0026	0.0015	0.0014	0.0014	0.0001	0.0027	0.0013	0.0014	0.0000	0.0000	0.0000	0.0000	0.0000	0.0000	0.0000	0.0000	0.0000	0.0001	0.0001	0.0000	0.0003	0.0003	0.0001	0.0000	0.0000	0.0000				
23	50	0.0360	8	0	1	2	1	0	0	0	0	N	N	Y	N	N	N	N	N	N	N	N	N	0.0000	0.0000	0.0000	0.0000	0.0000	0.0000	0.0000	0.0000	0.0000	0.0000	0.0000	0.0000	0.0000	0.0000	0.0000	0.0000	0.0000	0.0000	0.0000	0.0000	0.3092	0.0004	0.1355	0.9852	0.0000	0.0000	0.0000	0.0000	0.0000	0.0000	0.0000	0.0000	0.0000	0.0000	0.0000	0.0000	0.0000	0.0000	0.0000	0.0000	0.0000	0.0000	0.0000	0.0000	0.0000	0.0000	0.0000	0.0000	0.0000	0.0000	0.0000	0.0005	0.0003	0.0002	0.0001	0.0001	0.0000	0.0003	0.0002	0.0002	0.0000	0.0000	0.0000	0.0000	0.0000	0.0000	0.0000	0.0000	0.0000	0.0000	0.0000	0.0000	0.0000	0.0000	0.0000	0.0000	0.0000	0.0000											
23	51	0.0252	7	0	1	1	1	0	0	0	0	N	N	N	N	N	N	N	N	N	N	N	N	0.0000	0.0000	0.0000	0.0000	0.0000	0.0000	0.0000	0.0000	0.0000	0.0000	0.0000	0.0000	0.0000	0.0000	0.0000	0.0000	0.0000	0.0000	0.0000	0.0000	0.3092	10.7574	0.1355	12.9024	0.0000	0.0000	0.0000	0.0000	0.0000	0.0000	0.0000	0.0000	0.0000	0.0000	0.0000	0.0000	0.0000	0.0000	0.0000	0.0000	0.0000	0.0000	0.0253	0.0214	0.0040	0.0070	0.0068	0.0001	0.0184	0.0145	0.0038	0.0109	0.0071	0.0038	0.0032	0.0031	0.0001	0.0077	0.0039	0.0037	0.0000	0.0000	0.0000	0.0000	0.0000	0.0000	0.0000	0.0000	0.0000	0.0000	0.0000	0.0000	0.0000	0.0000	0.0000	0.0000	0.0000	0.0000											
23	52	0.0237	6	0	1	1	1	0	0	0	0	N	N	N	N	N	N	N	N	N	N	N	N	0.0000	0.0000	0.0000	0.0000	0.0000	0.0000	0.0000	0.0000	0.0000	0.0000	0.0000	0.0000	0.0000	0.0000	0.0000	0.0000	0.0000	0.0000	0.0000	0.0000	0.3092	2.6694	0.1355	2.4027	0.0000	0.0000	0.0000	0.0000	0.0000	0.0000	0.0000	0.0000	0.0000	0.0000	0.0000	0.0000	0.0000	0.0000	0.0000	0.0000	0.0000	0.0000	0.0065	0.0054	0.0010	0.0018	0.0017	0.0000	0.0047	0.0037	0.0010	0.0026	0.0017	0.0010	0.0008	0.0008	0.0000	0.0018	0.0009	0.0009	0.0000	0.0000	0.0000	0.0000	0.0000	0.0000	0.0000	0.0000	0.0000	0.0000	0.0000	0.0000	0.0000	0.0000	0.0000	0.0000	0.0000	0.0000											
23	53	0.0185	5	0	1	1	1	0	0	0	0	N	N	N	N	N	N	N	N	N	N	N	N	0.0000	0.0000	0.0000	0.0000	0.0000	0.0000	0.0000	0.0000	0.0000	0.0000	0.0000	0.0000	0.0000	0.0000	0.0000	0.0000	0.0000	0.0000	0.0000	0.0000	0.3092	8.6921	0.1355	5.3599	0.0000	0.0000	0.0000	0.0000	0.0000	0.0000	0.0000	0.0000	0.0000	0.0000	0.0000	0.0000	0.0000	0.0000	0.0000	0.0000	0.0000	0.0000	0.0215	0.0182	0.0033	0.0057	0.0056	0.0001	0.0159	0.0126	0.0033	0.0068	0.0043	0.0024	0.0020	0.0019	0.0001	0.0048	0.0024	0.0024	0.0000	0.0000	0.0000	0.0000	0.0000	0.0000	0.0000	0.0000	0.0000	0.0000	0.0000	0.0000	0.0000	0.0000	0.0000	0.0000	0.0000	0.0000											
23	54	0.0183	4	0	1	1	1	0	0	0	0	N	N	N	N	N	N	N	N	N	N	N	N	0.0000	0.0000	0.0000	0.0000	0.0000	0.0000	0.0000	0.0000	0.0000	0.0000	0.0000	0.0000	0.0000	0.0000	0.0000	0.0000	0.0000	0.0000	0.0000	0.0000	0.3092	1.8652	0.1355	1.4001	0.0000	0.0000	0.0000	0.0000	0.0000	0.0000	0.0000	0.0000	0.0000	0.0000	0.0000	0.0000	0.0000	0.0000	0.0000	0.0000	0.0000	0.0000	0.0054	0.0046	0.0008	0.0016	0.0015	0.0000	0.0038	0.0030	0.0008	0.0019	0.0012	0.0007	0.0006	0.0006	0.0000	0.0013	0.0006	0.0007	0.0000	0.0000	0.0000	0.0000	0.0000	0.0000	0.0000	0.0000	0.0000	0.0000	0.0000	0.0000	0.0000	0.0000	0.0000	0.0000	0.0000	0.0000											
23	56	0.0636	8	1	2	1	1	0	0	0	0	N	Y	N	N	N	N	N	N	N	N	N	N	0.0000	0.0000	0.0000	0.0000	0.0000	0.0000	0.0000	0.0000	0.0000	0.0000	0.0000	0.0000	0.0000	26.9313	0.0000	225.2789	0.0000	0.0000	0.0000	46.2543	0.0000	218.7956	inf	0.0000	0.0522	0.3092	0.0000	0.1355	10.9971	0.0000	0.0000	0.0000	0.0000	0.0000	0.0000	0.0000	0.0000	0.0000	0.1355	0.0000	0.1355	0.0000	0.0000	0.0000	0.1355	0.0000	0.1355	0.0000	0.0000	0.0000	0.0000	0.0000	0.0000	0.0000	0.0000	0.0000	0.0054	0.0035	0.0019	0.0019	0.0018	0.0001	0.0036	0.0017	0.0019	0.0000	0.0000	0.0000	0.0000	0.0000	0.0000	0.0000	0.0000	0.0000	25.0161	0.0000	70.5046	0.0000	0.0000	0.0000	38.1644	0.0000	73.2317						
23	57	0.1188	11	0	1	1	1	0	0	0	0	N	N	N	N	N	N	N	N	N	N	N	N	0.0000	0.0000	0.0000	0.0000	0.0000	0.0000	0.0000	0.0000	0.0000	0.0000	0.0000	0.0000	0.0000	0.0013	0.0018	0.0000	0.0026	0.0028	0.0000	0.0000	0.0000	0.0000	0.0000	0.0000	-0.0000	0.3092	7.8198	0.1355	21.5823	0.0000	0.0000	0.0000	0.0000	0.0000	0.0000	0.0000	0.0000	0.0000	0.0000	0.0000	0.0000	0.0000	0.0000	0.0000	0.0000	0.0000	0.0000	0.0281	0.0243	0.0038	0.0105	0.0102	0.0002	0.0176	0.0140	0.0036	0.0215	0.0154	0.0061	0.0104	0.0096	0.0008	0.0111	0.0057	0.0054	0.0000	0.0000	0.0000	0.0000	0.0000	0.0000	0.0000	0.0000	0.0000	0.0013	0.0018	0.0000	0.0026	0.0028	0.0000	0.0000	0.0000	0.0000						
23	58	0.0993	12	1	2	2	1	0	0	0	0	N	Y	Y	N	N	N	N	N	N	N	N	N	482590.3931	0.0000	inf	0.0000	0.0000	inf	inf	0.1182	0.0000	0.4478	0.0000	0.0000	0.0000	0.1833	0.0000	0.4536	0.0000	0.0000	0.0000	0.0000	0.0000	0.0000	0.0000	0.0000	0.0000	inf	0.0000	0.0004	-0.0000	0.3092	2.0055	0.1355	11.8091	0.0009	0.0000	0.0009	0.0000	0.0000	0.0000	0.0009	0.0000	0.0009	0.0000	0.0000	0.0000	0.0000	0.0000	0.0000	0.0000	0.0000	0.0000	0.0076	0.0056	0.0020	0.0027	0.0027	0.0000	0.0049	0.0029	0.0020	0.0065	0.0043	0.0022	0.0024	0.0023	0.0001	0.0041	0.0020	0.0021	482590.3931	0.0000	inf	0.0000	0.0000	0.0000	inf	0.0000	inf	0.0000	0.0000	0.0000	0.0000	0.0000	0.0000	0.0000	0.0000	0.0000		
23	59	0.0939	11	1	1	2	1	0	0	0	0	N	N	Y	N	N	N	N	N	N	N	N	N	1216085.7940	4.5297	inf	6.4340	6.2061	inf	inf	51.6621	0.0003	225.1957	0.0007	0.0007	0.0000	75.4620	0.0000	229.4054	0.0000	0.0001	0.0000	0.0001	0.0001	0.0000	0.0000	0.0000	0.0000	235960.2438	0.0019	0.1391	-0.0000	0.3092	1.9951	0.1355	2.5667	0.3078	0.0000	0.3078	0.0000	0.0000	0.0000	0.3078	0.0000	0.3078	0.0000	0.0000	0.0000	0.0000	0.0000	0.0000	0.0000	0.0000	0.0000	0.0060	0.0046	0.0014	0.0019	0.0019	0.0000	0.0041	0.0027	0.0013	0.0025	0.0017	0.0008	0.0010	0.0009	0.0000	0.0015	0.0008	0.0008	1216085.7940	4.5297	inf	6.4340	6.2061	0.0000	inf	0.0000	inf	0.0000	0.0001	0.0000	0.0001	0.0001	0.0000	0.0000	0.0000	0.0000		
23	60	0.0871	10	1	1	2	1	0	0	0	0	N	N	Y	N	N	N	N	N	N	N	N	N	inf	inf	inf	inf	inf	inf	inf	10.2176	0.0909	43.8288	0.1739	0.1746	0.0000	16.9629	0.0000	44.1060	0.0000	0.0000	0.0000	0.0000	0.0000	0.0000	0.0000	0.0000	0.0000	145.2091	0.0002	0.0000	0.3092	0.0108	0.1355	3.6229	0.0005	0.0000	0.0004	0.0000	0.0000	0.0000	0.0004	0.0000	0.0004	0.0000	0.0000	0.0000	0.0000	0.0000	0.0000	0.0000	0.0000	0.0000	0.0000	0.0000	0.0000	0.0000	0.0000	0.0000	0.0000	0.0000	0.0000	0.0026	0.0020	0.0006	0.0012	0.0012	0.0001	0.0014	0.0008	0.0006	inf	inf	inf	inf	inf	0.0000	inf	0.0000	inf	0.0000	0.0000	0.0000	0.0000	0.0000	0.0000	0.0000	0.0000	0.0000			
23	61	0.0391	9	0	2	1	1	0	0	0	0	N	Y	N	N	N	N	N	N	N	N	N	N	0.0000	0.0000	0.0000	0.0000	0.0000	0.0000	0.0000	0.0000	0.0000	0.0000	0.0000	0.0000	0.0000	0.0000	0.0000	0.0000	0.0000	0.0000	0.0000	0.0000	0.3092	4.0917	0.1355	8.0988	0.0000	0.0000	0.0000	0.0000	0.0000	0.0000	0.0000	0.0000	0.0000	0.0000	0.0000	0.0000	0.0000	0.0000	0.0000	0.0000	0.0000	0.0000	0.0105	0.0089	0.0016	0.0029	0.0029	0.0000	0.0076	0.0060	0.0016	0.0072	0.0049	0.0024	0.0028	0.0027	0.0001	0.0044	0.0021	0.0022	0.0000	0.0000	0.0000	0.0000	0.0000	0.0000	0.0000	0.0000	0.0000	0.0000	0.0000	0.0000	0.0000	0.0000	0.0000	0.0000	0.0000	0.0000											
23	62	0.0353	8	0	2	1	1	0	0	0	0	N	Y	N	N	N	N	N	N	N	N	N	N	0.0000	0.0000	0.0000	0.0000	0.0000	0.0000	0.0000	0.0000	0.0000	0.0000	0.0000	0.0000	0.0000	0.0000	0.0000	0.0000	0.0000	0.0000	0.0000	0.0000	0.0000	0.0000	0.0000	0.0000	1.0833	0.0000	-0.0000	0.3092	2.1165	0.1355	5.0852	0.0000	0.0000	0.0000	0.0000	0.0000	0.0000	0.0000	0.0000	0.0000	0.0000	0.0000	0.0000	0.0000	0.0000	0.0000	0.0000	0.0000	0.0000	0.0050	0.0042	0.0008	0.0013	0.0013	0.0000	0.0037	0.0029	0.0008	0.0039	0.0025	0.0014	0.0014	0.0014	0.0001	0.0025	0.0011	0.0013	0.0000	0.0000	0.0000	0.0000	0.0000	0.0000	0.0000	0.0000	0.0000	0.0000	0.0000	0.0000	0.0000	0.0000	0.0000	0.0000	0.0000	0.0000				
23	63	0.0871	10	1	1	2	1	0	0	0	0	N	N	Y	N	N	N	N	N	N	N	N	N	inf	inf	inf	inf	0.0003	0.0003	0.0000	0.0010	0.0010	0.0000	0.0000	0.0000	0.0000	0.0000	0.0000	0.0000	0.0000	0.0000	0.0000	0.0000	0.0000	0.0000	0.0000	-0.0000	0.0000	0.3092	3.9990	0.1355	8.8702	0.0000	0.0000	0.0000	0.0000	0.0000	0.0000	0.0000	0.0000	0.0000	0.0000	0.0000	0.0000	0.0000	0.0000	0.0000	0.0000	0.0000	0.0000	0.0108	0.0091	0.0017	0.0031	0.0031	0.0000	0.0077	0.0061	0.0016	0.0081	0.0056	0.0025	0.0033	0.0032	0.0002	0.0047	0.0024	0.0023	inf	inf	0.0000	inf	inf	0.0000	0.0000	0.0000	0.0000	0.0000	0.0000	0.0000	0.0000	0.0000	0.0000	0.0000	0.0000	0.0000						
23	64	0.0670	9	1	1	2	1	0	0	0	0	N	N	Y	N	N	N	N	N	N	N	N	N	inf	inf	inf	inf	0.0003	0.0000	0.0020	0.0000	0.0000	0.0000	0.0004	0.0000	0.0021	0.0000	0.0000	0.0000	0.0000	0.0000	0.0000	0.0000	0.0000	0.0000	inf	0.0000	0.0000	0.3092	3.9972	0.1355	6.8232	0.0000	0.0000	0.0000	0.0000	0.0000	0.0000	0.0000	0.0000	0.0000	0.0000	0.0000	0.0000	0.0000	0.0000	0.0000	0.0000	0.0000	0.0000	0.0097	0.0082	0.0015	0.0026	0.0026	0.0000	0.0071	0.0056	0.0015	0.0061	0.0040	0.0021	0.0023	0.0022	0.0001	0.0038	0.0019	0.0020	inf	0.0000	inf	0.0000	0.0000	0.0000	inf	0.0000	inf	0.0000	0.0000	0.0000	0.0000	0.0000	0.0000	0.0000	0.0000	0.0000						
23	65	0.0430	9	0	2	1	1	0	0	0	0	N	Y	N	N	N	N	N	N	N	N	N	N	0.0000	0.0000	0.0000	0.0000	0.0000	0.0000	0.0000	0.0000	0.0000	0.0000	0.0000	0.0000	0.0000	0.0000	0.0000	0.0000	0.0000	0.0000	0.0000	0.0000	0.0000	0.0000	0.0000	0.0000	-0.0000	0.3092	15.6632	0.1355	35.0639	0.0000	0.0000	0.0000	0.0000	0.0000	0.0000	0.0000	0.0000	0.0000	0.0000	0.0000	0.0000	0.0000	0.0000	0.0000	0.0000	0.0000	0.0000	0.0366	0.0308	0.0058	0.0101	0.0099	0.0002	0.0265	0.0209	0.0056	0.0248	0.0169	0.0078	0.0095	0.0090	0.0004	0.0153	0.0079	0.0074	0.0000	0.0000	0.0000	0.0000	0.0000	0.0000	0.0000	0.0000	0.0000	0.0000	0.0000	0.0000	0.0000	0.0000	0.0000	0.0000	0.0000	0.0000						
23	66	0.0430	9	0	1	2	1	0	0	0	0	N	N	Y	N	N	N	N	N	N	N	N	N	0.0000	0.0000	0.0000	0.0000	0.0000	0.0000	0.0000	0.0000	0.0000	0.0000	0.0000	0.0000	0.0000	0.0000	0.0000	0.0000	0.0000	0.0000	0.0000	0.0000	0.3092	4.9998	0.1355	10.1184	0.0000	0.0000	0.0000	0.0000	0.0000	0.0000	0.0000	0.0000	0.0000	0.0000	0.0000	0.0000	0.0000	0.0000	0.0000	0.0000	0.0000	0.0000	0.0127	0.0107	0.0020	0.0039	0.0038	0.0001	0.0088	0.0069	0.0018	0.0108	0.0078	0.0030	0.0045	0.0043	0.0002	0.0063	0.0034	0.0029	0.0000	0.0000	0.0000	0.0000	0.0000	0.0000	0.0000	0.0000	0.0000	0.0000	0.0000	0.0000	0.0000	0.0000	0.0000	0.0000	0.0000	0.0000											
23	67	0.0322	7	0	2	1	1	0	0	0	0	N	Y	N	N	N	N	N	N	N	N	N	N	16889916.3988	inf	0.0000	0.0000	0.0000	inf	inf	12.1979	14.4256	0.0000	0.0000	0.0000	0.0000	17.0417	21.4569	0.0000	0.0000	0.0000	0.0000	0.0000	0.0000	0.0001	0.0000	0.0000	0.0000	0.0000	inf	-0.1695	0.0000	0.3092	10.9928	0.1355	18.5513	0.3092	0.3092	0.0000	0.0000	0.0000	0.0000	0.3092	0.3092	0.0000	0.0000	0.0000	0.0000	0.0000	0.0000	0.0000	0.0000	0.0000	0.0000	0.0253	0.0214	0.0039	0.0072	0.0070	0.0002	0.0181	0.0144	0.0037	0.0141	0.0095	0.0046	0.0047	0.0046	0.0001	0.0094	0.0049	0.0045	16889916.3988	inf	0.0000	0.0000	0.0000	0.0000	inf	inf	0.0000	0.0000	0.0000	0.0000	0.0000	0.0000	0.0001	0.0000	0.0000	0.0000		
23	68	0.0322	6	0	1	1	1	0	0	0	0	N	N	N	N	N	N	N	N	N	N	N	N	0.0000	0.0000	0.0000	0.0000	0.0000	0.0000	0.0000	0.0000	0.0000	0.0000	0.0000	0.0000	0.0000	0.0000	0.0000	0.0000	0.0000	0.0000	0.0000	0.0000	0.0017	0.0000	0.0000	0.0000	0.9998	0.0000	-0.0000	0.3092	0.0861	0.1355	1.0715	0.0000	0.0000	0.0000	0.0000	0.0000	0.0000	0.0000	0.0000	0.0000	0.0000	0.0000	0.0000	0.0000	0.0000	0.0000	0.0000	0.0000	0.0000	0.0004	0.0004	0.0000	0.0002	0.0002	0.0000	0.0002	0.0002	0.0000	0.0019	0.0014	0.0005	0.0009	0.0009	0.0000	0.0011	0.0006	0.0005	0.0000	0.0000	0.0000	0.0000	0.0000	0.0000	0.0000	0.0000	0.0000	0.0000	0.0000	0.0000	0.0000	0.0000	0.0017	0.0000	0.0000	0.0000				
23	69	0.0966	10	1	1	2	1	0	0	0	0	N	N	Y	N	N	N	N	N	N	N	N	N	0.0000	0.0000	0.0000	0.0000	0.0000	0.0000	0.0000	0.0000	0.0000	0.0000	0.0000	0.0000	0.0000	0.0000	0.0000	0.0000	0.0000	0.0000	0.0000	0.0000	0.3092	1.0000	0.1355	3.0001	0.0000	0.0000	0.0000	0.0000	0.0000	0.0000	0.0000	0.0000	0.0000	0.0000	0.0000	0.0000	0.0000	0.0000	0.0000	0.0000	0.0000	0.0000	0.0025	0.0021	0.0004	0.0007	0.0007	0.0000	0.0018	0.0014	0.0004	0.0020	0.0013	0.0007	0.0007	0.0007	0.0000	0.0013	0.0006	0.0007	0.0000	0.0000	0.0000	0.0000	0.0000	0.0000	0.0000	0.0000	0.0000	0.0000	0.0000	0.0000	0.0000	0.0000	0.0000	0.0000	0.0000	0.0000											
23	70	0.0966	9	1	1	2	1	0	0	0	0	N	N	Y	N	N	N	N	N	N	N	N	N	0.0000	0.0000	0.0000	0.0000	0.0000	0.0000	0.0000	0.0000	0.0000	0.0000	0.0000	0.0000	0.0000	0.0000	0.0000	0.0000	0.0000	0.0000	0.0000	0.0000	0.3092	0.0000	0.1355	0.0009	0.0000	0.0000	0.0000	0.0000	0.0000	0.0000	0.0000	0.0000	0.0000	0.0000	0.0000	0.0000	0.0000	0.0000	0.0000	0.0000	0.0000	0.0000	0.0000	0.0000	0.0000	0.0000	0.0000	0.0000	0.0000	0.0000	0.0000	0.0000	0.0000	0.0000	0.0000	0.0000	0.0000	0.0000	0.0000	0.0000	0.0000	0.0000	0.0000	0.0000	0.0000	0.0000	0.0000	0.0000	0.0000	0.0000	0.0000	0.0000	0.0000	0.0000	0.0000	0.0000	0.0000	0.0000											
23	71	0.0636	8	1	1	2	1	0	0	0	0	N	N	Y	N	N	N	N	N	N	N	N	N	0.0000	0.0000	0.0000	0.0000	0.0000	0.0000	0.0000	0.0000	0.0000	0.0000	0.0000	0.0000	0.0000	0.0000	0.0000	0.0000	0.0000	0.0000	0.0000	0.0000	0.3092	9.9966	0.1355	12.9129	0.0000	0.0000	0.0000	0.0000	0.0000	0.0000	0.0000	0.0000	0.0000	0.0000	0.0000	0.0000	0.0000	0.0000	0.0000	0.0000	0.0000	0.0000	0.0231	0.0195	0.0037	0.0061	0.0060	0.0001	0.0170	0.0135	0.0036	0.0106	0.0069	0.0038	0.0036	0.0035	0.0001	0.0070	0.0034	0.0036	0.0000	0.0000	0.0000	0.0000	0.0000	0.0000	0.0000	0.0000	0.0000	0.0000	0.0000	0.0000	0.0000	0.0000	0.0000	0.0000	0.0000	0.0000											
23	72	0.0304	7	0	2	1	2	0	0	0	0	N	Y	N	Y	N	N	N	N	N	N	N	N	0.0000	0.0000	0.0000	0.0000	0.0000	0.0000	0.0000	0.0000	0.0000	0.0000	0.0000	0.0000	0.0000	0.0004	0.0000	0.0013	0.0013	0.0000	0.0295	0.0000	0.0000	0.0000	inf	0.0000	0.0000	0.3092	13.0000	0.1355	39.1663	0.0000	0.0000	0.0000	0.0000	0.0000	0.0000	0.0000	0.0000	0.0000	0.0000	0.0000	0.0000	0.0000	0.0000	0.0000	0.0000	0.0000	0.0000	0.0299	0.0251	0.0048	0.0077	0.0076	0.0001	0.0221	0.0175	0.0046	0.0225	0.0147	0.0078	0.0077	0.0074	0.0003	0.0148	0.0073	0.0075	0.0000	0.0000	0.0000	0.0000	0.0000	0.0000	0.0000	0.0000	0.0000	0.0004	0.0000	0.0013	0.0013	0.0000	0.0295	0.0000	0.0000	0.0000						
23	73	0.0279	6	0	2	1	1	0	0	0	0	N	Y	N	N	N	N	N	N	N	N	N	N	0.0000	0.0000	0.0000	0.0000	0.0000	0.0000	0.0000	0.0000	0.0000	0.0000	0.0000	0.0000	0.0000	0.0000	0.0000	0.0000	0.0000	0.0000	0.0000	0.0000	0.0000	0.0000	0.0000	0.0000	-0.0000	0.3092	3.0003	0.1355	18.1082	0.0000	0.0000	0.0000	0.0000	0.0000	0.0000	0.0000	0.0000	0.0000	0.0000	0.0000	0.0000	0.0000	0.0000	0.0000	0.0000	0.0000	0.0000	0.0071	0.0060	0.0011	0.0018	0.0018	0.0000	0.0053	0.0042	0.0011	0.0111	0.0075	0.0036	0.0039	0.0038	0.0002	0.0071	0.0037	0.0034	0.0000	0.0000	0.0000	0.0000	0.0000	0.0000	0.0000	0.0000	0.0000	0.0000	0.0000	0.0000	0.0000	0.0000	0.0000	0.0000	0.0000	0.0000						
23	74	0.0670	9	0	2	1	1	0	0	0	0	N	Y	N	N	N	N	N	N	N	N	N	N	0.0000	0.0000	0.0000	0.0000	0.0000	0.0000	0.0000	0.0000	0.0000	0.0000	0.0000	0.0000	0.0000	0.0000	0.0000	0.0000	0.0000	0.0000	0.0000	0.0000	0.3092	7.0046	0.1355	18.1036	0.0000	0.0000	0.0000	0.0000	0.0000	0.0000	0.0000	0.0000	0.0000	0.0000	0.0000	0.0000	0.0000	0.0000	0.0000	0.0000	0.0000	0.0000	0.0166	0.0140	0.0026	0.0044	0.0044	0.0001	0.0122	0.0096	0.0025	0.0123	0.0080	0.0043	0.0044	0.0042	0.0002	0.0080	0.0039	0.0041	0.0000	0.0000	0.0000	0.0000	0.0000	0.0000	0.0000	0.0000	0.0000	0.0000	0.0000	0.0000	0.0000	0.0000	0.0000	0.0000	0.0000	0.0000											
23	75	0.0636	8	0	1	1	1	0	0	0	0	N	N	N	N	N	N	N	N	N	N	N	N	0.0000	0.0000	0.0000	0.0000	0.0000	0.0000	0.0000	0.0000	0.0000	0.0000	0.0000	0.0000	0.0000	0.0000	0.0000	0.0000	0.0000	0.0000	0.0000	0.0000	0.0001	0.0000	0.0000	0.0000	0.2542	0.0000	-0.0000	0.3092	0.2435	0.1355	3.2922	0.0000	0.0000	0.0000	0.0000	0.0000	0.0000	0.0000	0.0000	0.0000	0.0000	0.0000	0.0000	0.0000	0.0000	0.0000	0.0000	0.0000	0.0000	0.0006	0.0005	0.0001	0.0002	0.0002	0.0000	0.0004	0.0003	0.0001	0.0020	0.0013	0.0007	0.0007	0.0007	0.0000	0.0013	0.0006	0.0007	0.0000	0.0000	0.0000	0.0000	0.0000	0.0000	0.0000	0.0000	0.0000	0.0000	0.0000	0.0000	0.0000	0.0000	0.0001	0.0000	0.0000	0.0000				
23	76	0.0304	7	0	1	1	1	0	0	0	0	N	N	N	N	N	N	N	N	N	N	N	N	0.0000	0.0000	0.0000	0.0000	0.0000	0.0000	0.0000	0.0000	0.0000	0.0000	0.0000	0.0000	0.0000	0.0000	0.0000	0.0000	0.0000	0.0000	0.0000	0.0000	0.0000	0.0000	0.0000	0.0000	-0.0000	0.3092	7.0044	0.1355	20.1113	0.0000	0.0000	0.0000	0.0000	0.0000	0.0000	0.0000	0.0000	0.0000	0.0000	0.0000	0.0000	0.0000	0.0000	0.0000	0.0000	0.0000	0.0000	0.0164	0.0137	0.0026	0.0042	0.0041	0.0001	0.0122	0.0096	0.0026	0.0126	0.0082	0.0044	0.0043	0.0041	0.0002	0.0082	0.0040	0.0042	0.0000	0.0000	0.0000	0.0000	0.0000	0.0000	0.0000	0.0000	0.0000	0.0000	0.0000	0.0000	0.0000	0.0000	0.0000	0.0000	0.0000	0.0000						
23	77	0.0326	7	0	2	1	1	0	0	0	0	N	Y	N	N	N	N	N	N	N	N	N	N	0.0000	0.0000	0.0000	0.0000	0.0000	0.0000	0.0000	0.0000	0.0000	0.0000	0.0000	0.0000	0.0000	0.0000	0.0000	0.0000	0.0000	0.0000	0.0000	0.0000	0.3092	8.6571	0.1355	16.0761	0.0000	0.0000	0.0000	0.0000	0.0000	0.0000	0.0000	0.0000	0.0000	0.0000	0.0000	0.0000	0.0000	0.0000	0.0000	0.0000	0.0000	0.0000	0.0236	0.0199	0.0037	0.0070	0.0069	0.0001	0.0166	0.0130	0.0036	0.0143	0.0099	0.0044	0.0055	0.0053	0.0001	0.0088	0.0046	0.0042	0.0000	0.0000	0.0000	0.0000	0.0000	0.0000	0.0000	0.0000	0.0000	0.0000	0.0000	0.0000	0.0000	0.0000	0.0000	0.0000	0.0000	0.0000											
23	78	0.0322	6	0	2	1	1	0	0	0	0	N	Y	N	N	N	N	N	N	N	N	N	N	0.0000	0.0000	0.0000	0.0000	0.0000	0.0000	0.0000	0.0000	0.0000	0.0000	0.0000	0.0000	0.0000	0.0000	0.0000	0.0000	0.0000	0.0000	0.0000	0.0000	0.3092	0.3645	0.1355	1.9845	0.0000	0.0000	0.0000	0.0000	0.0000	0.0000	0.0000	0.0000	0.0000	0.0000	0.0000	0.0000	0.0000	0.0000	0.0000	0.0000	0.0000	0.0000	0.0011	0.0009	0.0001	0.0003	0.0003	0.0000	0.0007	0.0006	0.0001	0.0025	0.0018	0.0007	0.0010	0.0010	0.0000	0.0014	0.0008	0.0006	0.0000	0.0000	0.0000	0.0000	0.0000	0.0000	0.0000	0.0000	0.0000	0.0000	0.0000	0.0000	0.0000	0.0000	0.0000	0.0000	0.0000	0.0000											
23	79	0.0227	5	0	1	1	1	0	0	0	0	N	N	N	N	N	N	N	N	N	N	N	N	0.0000	0.0000	0.0000	0.0000	0.0000	0.0000	0.0000	0.0000	0.0000	0.0000	0.0000	0.0000	0.0000	0.0000	0.0000	0.0000	0.0000	0.0000	0.0001	0.0000	0.0017	0.0000	0.0000	0.0000	13.8772	0.0000	0.0000	0.3092	2.9108	0.1355	14.2456	0.0000	0.0000	0.0000	0.0000	0.0000	0.0000	0.0000	0.0000	0.0000	0.0000	0.0000	0.0000	0.0000	0.0000	0.0000	0.0000	0.0000	0.0000	0.0073	0.0062	0.0011	0.0020	0.0019	0.0000	0.0053	0.0042	0.0011	0.0088	0.0059	0.0029	0.0028	0.0027	0.0001	0.0060	0.0032	0.0028	0.0000	0.0000	0.0000	0.0000	0.0000	0.0000	0.0000	0.0000	0.0000	0.0000	0.0000	0.0000	0.0001	0.0000	0.0017	0.0000	0.0000	0.0000				
23	82	0.0460	10	0	2	1	1	0	0	0	0	N	Y	N	N	N	N	N	N	N	N	N	N	0.0000	0.0000	0.0000	0.0000	0.0000	0.0000	0.0000	0.0000	0.0000	0.0000	0.0000	0.0000	0.0000	0.0007	0.0010	0.0000	0.0017	0.0018	0.0000	0.0000	0.0000	0.0000	0.0000	0.0000	-0.0000	0.3092	7.9116	0.1355	21.1247	0.0000	0.0000	0.0000	0.0000	0.0000	0.0000	0.0000	0.0000	0.0000	0.0000	0.0000	0.0000	0.0000	0.0000	0.0000	0.0000	0.0000	0.0000	0.0195	0.0163	0.0031	0.0057	0.0055	0.0002	0.0138	0.0108	0.0029	0.0152	0.0102	0.0050	0.0059	0.0056	0.0003	0.0093	0.0046	0.0047	0.0000	0.0000	0.0000	0.0000	0.0000	0.0000	0.0000	0.0000	0.0000	0.0007	0.0010	0.0000	0.0017	0.0018	0.0000	0.0000	0.0000	0.0000						
23	83	0.0640	11	1	2	1	1	0	0	0	0	N	Y	N	N	N	N	N	N	N	N	N	N	0.0000	0.0000	0.0000	0.0000	0.0000	0.0000	0.0000	0.0000	0.0000	0.0000	0.0000	0.0000	0.0000	0.0000	0.0000	0.0000	0.0000	0.0000	0.0000	0.0000	0.3092	0.0000	0.1355	1.8333	0.0000	0.0000	0.0000	0.0000	0.0000	0.0000	0.0000	0.0000	0.0000	0.0000	0.0000	0.0000	0.0000	0.0000	0.0000	0.0000	0.0000	0.0000	0.0000	0.0000	0.0000	0.0000	0.0000	0.0000	0.0000	0.0000	0.0000	0.0012	0.0009	0.0004	0.0005	0.0005	0.0000	0.0007	0.0004	0.0004	0.0000	0.0000	0.0000	0.0000	0.0000	0.0000	0.0000	0.0000	0.0000	0.0000	0.0000	0.0000	0.0000	0.0000	0.0000	0.0000	0.0000	0.0000											
23	84	0.0460	10	1	2	1	1	0	0	0	0	N	Y	N	N	N	N	N	N	N	N	N	N	0.0000	0.0000	0.0000	0.0000	0.0000	0.0000	0.0000	0.0000	0.0000	0.0000	0.0000	0.0000	0.0000	0.0000	0.0000	0.0000	0.0000	0.0000	0.0000	0.0000	0.0000	0.0000	0.0000	0.0000	-0.0000	0.3092	6.9552	0.1355	13.1226	0.0000	0.0000	0.0000	0.0000	0.0000	0.0000	0.0000	0.0000	0.0000	0.0000	0.0000	0.0000	0.0000	0.0000	0.0000	0.0000	0.0000	0.0000	0.0173	0.0145	0.0028	0.0051	0.0049	0.0002	0.0121	0.0096	0.0026	0.0115	0.0078	0.0037	0.0046	0.0044	0.0002	0.0069	0.0034	0.0035	0.0000	0.0000	0.0000	0.0000	0.0000	0.0000	0.0000	0.0000	0.0000	0.0000	0.0000	0.0000	0.0000	0.0000	0.0000	0.0000	0.0000	0.0000						
23	85	0.0430	9	0	2	1	1	0	0	0	0	N	Y	N	N	N	N	N	N	N	N	N	N	0.0000	0.0000	0.0000	0.0000	0.0000	0.0000	0.0000	0.0000	0.0000	0.0000	0.0000	0.0000	0.0000	0.0000	0.0000	0.0000	0.0000	0.0000	0.0000	0.0000	0.0000	0.0000	0.0000	0.0000	0.1418	0.0000	-0.0000	0.3092	0.3374	0.1355	6.1146	0.0000	0.0000	0.0000	0.0000	0.0000	0.0000	0.0000	0.0000	0.0000	0.0000	0.0000	0.0000	0.0000	0.0000	0.0000	0.0000	0.0000	0.0000	0.0011	0.0009	0.0002	0.0004	0.0004	0.0000	0.0007	0.0006	0.0002	0.0043	0.0028	0.0015	0.0017	0.0017	0.0000	0.0026	0.0012	0.0014	0.0000	0.0000	0.0000	0.0000	0.0000	0.0000	0.0000	0.0000	0.0000	0.0000	0.0000	0.0000	0.0000	0.0000	0.0000	0.0000	0.0000	0.0000				
23	86	0.0430	9	0	2	1	1	0	0	0	0	N	Y	N	N	N	N	N	N	N	N	N	N	0.0000	0.0000	0.0000	0.0000	0.0000	0.0000	0.0000	0.0000	0.0000	0.0000	0.0000	0.0000	0.0000	0.0000	0.0000	0.0000	0.0000	0.0000	0.0000	-0.0000	0.3092	11.0342	0.1355	12.7513	0.0000	0.0000	0.0000	0.0000	0.0000	0.0000	0.0000	0.0000	0.0000	0.0000	0.0000	0.0000	0.0000	0.0000	0.0000	0.0000	0.0000	0.0000	0.0258	0.0216	0.0041	0.0068	0.0067	0.0001	0.0190	0.0150	0.0040	0.0118	0.0078	0.0040	0.0043	0.0041	0.0002	0.0075	0.0037	0.0038	0.0000	0.0000	0.0000	0.0000	0.0000	0.0000	0.0000	0.0000	0.0000	0.0000	0.0000	0.0000	0.0000	0.0000	0.0000	0.0000	0.0000	0.0000											
23	87	0.0353	8	0	2	1	1	0	0	0	0	N	Y	N	N	N	N	N	N	N	N	N	N	0.0000	0.0000	0.0000	0.0000	0.0000	0.0000	0.0000	0.0000	0.0000	0.0000	0.0000	0.0000	0.0000	0.0000	0.0000	0.0000	0.0000	0.0000	0.0000	-0.0000	0.3092	3.9739	0.1355	6.2820	0.0000	0.0000	0.0000	0.0000	0.0000	0.0000	0.0000	0.0000	0.0000	0.0000	0.0000	0.0000	0.0000	0.0000	0.0000	0.0000	0.0000	0.0000	0.0094	0.0079	0.0015	0.0024	0.0024	0.0000	0.0070	0.0055	0.0015	0.0053	0.0034	0.0019	0.0019	0.0018	0.0001	0.0034	0.0016	0.0018	0.0000	0.0000	0.0000	0.0000	0.0000	0.0000	0.0000	0.0000	0.0000	0.0000	0.0000	0.0000	0.0000	0.0000	0.0000	0.0000	0.0000	0.0000											
23	88	0.0304	7	0	2	1	1	0	0	0	0	N	Y	N	N	N	N	N	N	N	N	N	N	0.0000	0.0000	0.0000	0.0000	0.0000	0.0000	0.0000	0.0000	0.0000	0.0000	0.0000	0.0000	0.0000	0.0000	0.0000	0.0000	0.0000	0.0000	0.0000	0.0000	0.0000	0.0000	0.0322	0.0000	-0.0000	0.3092	0.0056	0.1355	5.7021	0.0000	0.0000	0.0000	0.0000	0.0000	0.0000	0.0000	0.0000	0.0000	0.0000	0.0000	0.0000	0.0000	0.0000	0.0000	0.0000	0.0000	0.0000	0.0000	0.0000	0.0000	0.0000	0.0000	0.0000	0.0000	0.0000	0.0000	0.0032	0.0021	0.0011	0.0012	0.0012	0.0000	0.0021	0.0010	0.0011	0.0000	0.0000	0.0000	0.0000	0.0000	0.0000	0.0000	0.0000	0.0000	0.0000	0.0000	0.0000	0.0000	0.0000	0.0000	0.0000	0.0000	0.0000						
23	92	0.1188	11	0	1	1	1	0	0	0	0	N	N	N	N	N	N	N	N	N	N	N	N	0.0000	0.0000	0.0000	0.0000	0.0000	0.0000	0.0000	0.0000	0.0000	0.0000	0.0000	0.0000	0.0000	0.0008	0.0011	0.0000	0.0017	0.0018	0.0000	0.0000	0.0000	0.0000	0.0000	0.0000	-0.0000	0.3092	24.8682	0.1355	39.8855	0.0000	0.0000	0.0000	0.0000	0.0000	0.0000	0.0000	0.0000	0.0000	0.0000	0.0000	0.0000	0.0000	0.0000	0.0000	0.0000	0.0000	0.0000	0.0663	0.0565	0.0098	0.0215	0.0211	0.0004	0.0448	0.0354	0.0094	0.0348	0.0245	0.0103	0.0160	0.0149	0.0011	0.0188	0.0096	0.0092	0.0000	0.0000	0.0000	0.0000	0.0000	0.0000	0.0000	0.0000	0.0000	0.0008	0.0011	0.0000	0.0017	0.0018	0.0000	0.0000	0.0000	0.0000						
24	25	0.0391	8	0	1	0	1	0	0	0	0	N	N	N	N	N	N	N	N	N	N	N	N	0.0023	0.0146	0.0060	0.0330	0.0379	0.0105	0.0018	0.0000	0.0059	0.0066	0.0004	0.0446	0.0025	0.0025	0.0023	0.0073	0.0000	0.0458	2.8878	0.0283	7.4136	0.0761	0.0665	0.2160	3.9729	0.0001	7.7635	17.6997	165.5615	0.0003	0.3153	6.2779	3.8932	13.9173	15.3303	0.0008	0.0000	0.0008	0.0000	0.0000	0.0000	0.0008	0.0000	0.0008	0.8314	0.0050	0.8264	0.0061	0.0050	0.0011	0.8253	0.0000	0.8253	0.1255	0.1079	0.0176	0.0181	0.0176	0.0005	0.1074	0.0903	0.0172	0.2879	0.1764	0.1115	0.0802	0.0750	0.0052	0.2077	0.1014	0.1063	0.0023	0.0146	0.0060	0.0330	0.0379	0.0105	0.0018	0.0000	0.0059	2.8878	0.0283	7.4136	0.0761	0.0665	0.2160	3.9729	0.0001	7.7635
24	26	0.0158	2	0	1	0	2	0	0	0	0	N	N	N	Y	N	N	N	N	N	N	N	N	0.8452	103.3649	0.0000	8.9214	8.9383	0.0000	0.9344	inf	0.0000	3.2490	4.9680	0.0000	1.5428	1.5449	0.0000	4.1851	9.0023	0.0000	3.8439	0.0481	8.0908	0.1729	0.1728	0.1954	4.4790	0.0000	8.1016	0.0000	150.4583	-0.6587	0.3139	6.2779	4.2937	13.9173	9.5692	1.2015	1.2015	0.0000	0.2021	0.2021	0.0000	0.9994	0.9994	0.0000	0.8289	0.0055	0.8234	0.0055	0.0055	0.0000	0.8234	0.0000	0.8234	0.3698	0.2419	0.1280	0.1310	0.1308	0.0002	0.2388	0.1110	0.1278	0.2156	0.1139	0.1018	0.0318	0.0317	0.0001	0.1838	0.0822	0.1016	0.8452	103.3649	0.0000	8.9214	8.9383	0.0000	0.9344	inf	0.0000	3.8439	0.0481	8.0908	0.1729	0.1728	0.1954	4.4790	0.0000	8.1016
24	27	0.0304	6	1	1	0	1	0	0	0	0	N	N	N	N	N	N	N	N	N	N	N	N	0.0000	0.0000	0.0000	0.0000	0.0000	0.0000	0.0000	0.0000	0.0000	0.0000	0.0000	0.0000	0.0000	0.0000	0.0000	0.0000	0.0000	0.0187	0.0337	0.0001	0.0011	0.0012	0.0000	0.0219	0.0444	0.0001	0.0030	0.0000	-0.0060	6.2779	16.0000	13.9173	34.8566	0.0000	0.0000	0.0000	0.0000	0.0000	0.0000	0.0000	0.0000	0.0000	0.0098	0.0098	0.0000	0.0001	0.0001	0.0000	0.0097	0.0097	0.0000	0.4244	0.3616	0.0627	0.0361	0.0345	0.0016	0.3883	0.3271	0.0611	0.5249	0.2906	0.2342	0.0805	0.0721	0.0084	0.4444	0.2186	0.2258	0.0000	0.0000	0.0000	0.0000	0.0000	0.0000	0.0000	0.0000	0.0000	0.0187	0.0337	0.0001	0.0011	0.0012	0.0000	0.0219	0.0444	0.0001		
24	28	0.0360	8	0	0	1	1	0	0	0	0	N	N	N	N	N	N	N	N	N	N	N	N	0.0000	0.0000	0.0000	0.0000	0.0000	0.0000	0.0000	0.0000	0.0000	0.0000	0.0000	0.0000	0.0000	0.0000	0.0000	36.5536	0.0000	191.2581	0.0265	0.0000	0.1069	35.0572	0.0000	192.9491	inf	0.0000	0.3851	6.2779	0.0000	13.9173	3.0088	0.0000	0.0000	0.0000	0.0000	0.0000	0.0000	0.0000	0.0000	0.0000	0.9995	0.0000	0.9995	0.0001	0.0000	0.0001	0.9994	0.0000	0.9994	0.0000	0.0000	0.0000	0.0000	0.0000	0.0000	0.0000	0.0000	0.0000	0.0344	0.0183	0.0161	0.0041	0.0031	0.0010	0.0302	0.0152	0.0151	0.0000	0.0000	0.0000	0.0000	0.0000	0.0000	0.0000	0.0000	0.0000	29.0681	0.0000	62.0989	0.0265	0.0000	0.1069	33.0509	0.0000	66.3310				
24	29	0.0237	5	0	1	0	1	0	0	0	0	N	N	N	N	N	N	N	N	N	N	N	N	6.4775	876.5262	0.0000	530.5221	507.7292	0.0000	0.0000	0.2242	0.2921	0.0000	1.0696	1.0879	0.0000	0.0000	0.0000	0.0000	0.0346	0.0003	0.0761	0.0020	0.0021	0.0000	0.0379	0.0000	0.0770	0.0000	188.7444	-0.0239	0.0031	6.2779	5.0749	13.9173	14.8264	0.0435	0.0435	0.0000	0.0435	0.0435	0.0000	0.0000	0.0000	0.0000	0.0081	0.0000	0.0080	0.0000	0.0000	0.0000	0.0080	0.0000	0.0080	0.1941	0.1490	0.0451	0.0407	0.0400	0.0007	0.1534	0.1090	0.0444	0.2332	0.1277	0.1055	0.0211	0.0199	0.0012	0.2121	0.1078	0.1043	6.4775	876.5262	0.0000	530.5221	507.7292	0.0000	0.0000	0.0000	0.0000	0.0346	0.0003	0.0761	0.0020	0.0021	0.0000	0.0379	0.0000	0.0770		
24	30	0.0636	7	1	0	1	1	0	0	0	0	N	N	N	N	N	N	N	N	N	N	N	N	3.2011	0.0000	35.5332	0.0000	0.0000	0.0000	13.2317	43.5613	0.0002	0.0000	0.0013	0.0000	0.0000	0.0000	0.0002	0.0000	0.0013	0.0001	0.0001	0.0000	0.0002	0.0002	0.0001	0.0000	0.0000	0.0000	inf	0.3708	0.0000	-0.0000	6.2779	5.9956	13.9173	15.0927	0.0000	0.0000	0.0000	0.0000	0.0000	0.0000	0.0000	0.0000	0.0000	0.0000	0.0000	0.0000	0.0000	0.0000	0.0000	0.0000	0.0000	0.0000	0.1647	0.1411	0.0237	0.0200	0.0191	0.0010	0.1447	0.1220	0.0227	0.2323	0.1322	0.1002	0.0491	0.0436	0.0055	0.1833	0.0886	0.0946	3.2011	0.0000	35.5332	0.0000	0.0000	0.0000	13.2317	0.0000	43.5613	0.0001	0.0001	0.0000	0.0002	0.0002	0.0001	0.0000	0.0000	0.0000	
24	34	0.0636	7	1	0	1	1	0	0	0	0	N	N	N	N	N	N	N	N	N	N	N	N	1556.4151	1035.1594	235.2131	0.0000	0.0000	0.0000	inf	inf	inf	7.2528	8.4695	0.0015	0.0000	0.0000	0.0000	8.2586	9.7964	0.0016	0.0047	0.0082	0.0000	0.0220	0.0247	0.0001	0.0000	0.0000	0.0000	0.0000	0.0006	-0.5480	-0.0006	6.2779	4.9966	13.9173	15.0870	0.9997	0.9997	0.0000	0.0000	0.0000	0.0000	0.9997	0.9997	0.0000	0.0010	0.0010	0.0000	0.0010	0.0010	0.0000	0.0000	0.0000	0.0000	0.1378	0.1180	0.0198	0.0168	0.0160	0.0008	0.1211	0.1020	0.0190	0.2226	0.1267	0.0959	0.0473	0.0420	0.0053	0.1753	0.0847	0.0906	1556.4151	1035.1594	235.2131	0.0000	0.0000	0.0000	inf	inf	inf	0.0047	0.0082	0.0000	0.0220	0.0247	0.0001	0.0000	0.0000	0.0000
24	35	0.0360	8	0	1	0	1	0	0	0	0	N	N	N	N	N	N	N	N	N	N	N	N	0.0000	0.0000	0.0000	0.0000	0.0000	0.0000	0.0000	0.0000	0.0000	0.0000	0.0000	0.0000	0.0000	0.0000	0.0000	0.0000	0.0000	0.0000	0.0000	0.0000	6.2779	1.0000	13.9173	1.0102	0.0000	0.0000	0.0000	0.0000	0.0000	0.0000	0.0000	0.0000	0.0000	0.0000	0.0000	0.0000	0.0000	0.0000	0.0000	0.0000	0.0000	0.0000	0.0277	0.0236	0.0040	0.0020	0.0019	0.0001	0.0256	0.0217	0.0039	0.0231	0.0123	0.0108	0.0028	0.0021	0.0007	0.0203	0.0102	0.0101	0.0000	0.0000	0.0000	0.0000	0.0000	0.0000	0.0000	0.0000	0.0000	0.0000	0.0000	0.0000	0.0000	0.0000	0.0000	0.0000	0.0000	0.0000											
24	36	0.0360	7	0	0	0	1	0	0	0	0	N	N	N	N	N	N	N	N	N	N	N	N	0.0000	0.0000	0.0000	0.0000	0.0000	0.0000	0.0000	0.0000	0.0000	0.0000	0.0000	0.0000	0.0000	0.0000	0.0000	0.0000	0.0000	0.0000	0.0000	0.0000	6.2779	0.0000	13.9173	0.0263	0.0000	0.0000	0.0000	0.0000	0.0000	0.0000	0.0000	0.0000	0.0000	0.0000	0.0000	0.0000	0.0000	0.0000	0.0000	0.0000	0.0000	0.0000	0.0000	0.0000	0.0000	0.0000	0.0000	0.0000	0.0000	0.0000	0.0000	0.0005	0.0003	0.0002	0.0001	0.0001	0.0000	0.0004	0.0001	0.0002	0.0000	0.0000	0.0000	0.0000	0.0000	0.0000	0.0000	0.0000	0.0000	0.0000	0.0000	0.0000	0.0000	0.0000	0.0000	0.0000	0.0000	0.0000											
24	37	0.0966	8	1	1	1	1	0	0	0	0	N	N	N	N	N	N	N	N	N	N	N	N	0.0000	0.0000	0.0000	0.0000	0.0000	0.0000	0.0000	0.0000	0.0000	0.0000	0.0000	0.0000	0.0000	0.0000	0.0000	0.0000	0.0000	0.0000	0.0000	0.0000	0.0000	0.0000	inf	0.0000	0.0000	6.2779	3.0000	13.9173	5.0002	0.0000	0.0000	0.0000	0.0000	0.0000	0.0000	0.0000	0.0000	0.0000	0.0000	0.0000	0.0000	0.0000	0.0000	0.0000	0.0000	0.0000	0.0000	0.0828	0.0708	0.0120	0.0106	0.0101	0.0005	0.0723	0.0608	0.0115	0.0846	0.0461	0.0385	0.0172	0.0148	0.0024	0.0673	0.0313	0.0360	0.0000	0.0000	0.0000	0.0000	0.0000	0.0000	0.0000	0.0000	0.0000	0.0000	0.0000	0.0000	0.0000	0.0000	0.0000	0.0000	0.0000	0.0000						
24	38	0.0640	10	1	1	0	1	0	0	0	0	N	N	N	N	N	N	N	N	N	N	N	N	0.0000	0.0000	0.0000	0.0000	0.0000	0.0000	0.0000	0.0000	0.0000	0.0000	0.0000	0.0000	0.0000	0.0000	0.0000	0.0000	0.0000	0.0000	0.0000	0.0000	6.2779	0.0001	13.9173	0.1668	0.0000	0.0000	0.0000	0.0000	0.0000	0.0000	0.0000	0.0000	0.0000	0.0000	0.0000	0.0000	0.0000	0.0000	0.0000	0.0000	0.0000	0.0000	0.0000	0.0000	0.0000	0.0000	0.0000	0.0000	0.0000	0.0000	0.0000	0.0160	0.0122	0.0038	0.0075	0.0075	0.0001	0.0085	0.0047	0.0038	0.0000	0.0000	0.0000	0.0000	0.0000	0.0000	0.0000	0.0000	0.0000	0.0000	0.0000	0.0000	0.0000	0.0000	0.0000	0.0000	0.0000	0.0000											
24	39	0.0275	7	0	0	0	2	0	0	0	0	N	N	N	Y	N	N	N	N	N	N	N	N	0.2114	0.1525	0.0000	0.1868	0.1849	0.0000	0.0000	0.0000	0.0028	0.0033	0.0000	0.0127	0.0129	0.0000	0.0000	0.0000	0.0000	0.0132	0.0215	0.0000	0.0679	0.0699	0.0000	0.0000	0.0000	0.0000	0.0000	0.0000	-0.0001	-0.0014	6.2779	1.7673	13.9173	9.0239	0.0002	0.0002	0.0000	0.0002	0.0002	0.0000	0.0000	0.0000	0.0000	0.0022	0.0022	0.0000	0.0022	0.0022	0.0000	0.0000	0.0000	0.0000	0.0697	0.0594	0.0103	0.0154	0.0151	0.0003	0.0543	0.0443	0.0100	0.1697	0.1043	0.0654	0.0330	0.0321	0.0009	0.1366	0.0722	0.0644	0.2114	0.1525	0.0000	0.1868	0.1849	0.0000	0.0000	0.0000	0.0000	0.0132	0.0215	0.0000	0.0679	0.0699	0.0000	0.0000	0.0000	0.0000	
24	40	0.0252	6	0	0	0	2	0	0	0	0	N	N	N	Y	N	N	N	N	N	N	N	N	10.6834	52.7372	0.1010	45.0186	43.6116	0.0000	0.0675	0.0677	0.1011	0.2932	0.3929	0.0053	1.2255	1.2422	0.0000	0.0019	0.0001	0.0053	0.0274	0.0075	0.0521	0.0272	0.0285	0.0001	0.0275	0.0017	0.0528	0.0046	5.6692	-0.0236	0.0006	6.2779	3.4690	13.9173	3.7419	0.0434	0.0432	0.0002	0.0431	0.0431	0.0000	0.0002	0.0000	0.0002	0.0026	0.0004	0.0022	0.0003	0.0003	0.0000	0.0023	0.0001	0.0022	0.1479	0.1098	0.0380	0.0352	0.0347	0.0005	0.1127	0.0751	0.0376	0.0951	0.0525	0.0426	0.0118	0.0113	0.0005	0.0833	0.0412	0.0421	10.6834	52.7372	0.1010	45.0186	43.6116	0.0000	0.0675	0.0677	0.1011	0.0274	0.0075	0.0521	0.0272	0.0285	0.0001	0.0275	0.0017	0.0528
24	41	0.0821	12	0	1	1	1	0	0	0	0	N	N	N	N	N	N	N	N	N	N	N	N	0.0000	0.0000	0.0000	0.0000	0.0000	0.0000	0.0000	0.0000	0.0000	0.0000	0.0000	0.0000	0.0000	0.0000	0.0000	0.0000	0.0000	0.0000	0.0008	0.0004	0.0014	0.0010	0.0009	0.0015	0.0007	0.0000	0.0014	1.9728	0.0000	0.0000	6.2779	0.9997	13.9173	10.1790	0.0000	0.0000	0.0000	0.0000	0.0000	0.0000	0.0000	0.0000	0.0000	0.0001	0.0000	0.0001	0.0000	0.0000	0.0000	0.0001	0.0000	0.0001	0.0281	0.0241	0.0040	0.0041	0.0039	0.0002	0.0240	0.0202	0.0038	0.1525	0.0957	0.0568	0.0506	0.0439	0.0067	0.1019	0.0518	0.0501	0.0000	0.0000	0.0000	0.0000	0.0000	0.0000	0.0000	0.0000	0.0000	0.0008	0.0004	0.0014	0.0010	0.0009	0.0015	0.0007	0.0000	0.0014	
24	42	0.0810	11	0	1	0	1	0	0	0	0	N	N	N	N	N	N	N	N	N	N	N	N	0.0000	0.0000	0.0000	0.0000	0.0000	0.0000	0.0000	0.0000	0.0000	0.0000	0.0000	0.0000	0.0000	0.0000	0.0000	0.0000	0.0000	0.0270	0.0339	0.0165	0.0499	0.0552	0.0000	0.0141	0.0088	0.0181	0.3224	0.0000	-0.0002	6.2779	0.0007	13.9173	0.9413	0.0000	0.0000	0.0000	0.0000	0.0000	0.0000	0.0000	0.0000	0.0000	0.0004	0.0003	0.0001	0.0003	0.0003	0.0000	0.0001	0.0000	0.0001	0.0000	0.0000	0.0000	0.0000	0.0000	0.0000	0.0000	0.0000	0.0000	0.0165	0.0099	0.0066	0.0060	0.0054	0.0006	0.0105	0.0046	0.0060	0.0000	0.0000	0.0000	0.0000	0.0000	0.0000	0.0000	0.0000	0.0000	0.0270	0.0339	0.0165	0.0499	0.0552	0.0000	0.0141	0.0088	0.0181		
24	43	0.0636	7	1	0	1	1	0	0	0	0	N	N	N	N	N	N	N	N	N	N	N	N	0.0000	0.0000	0.0000	0.0000	0.0000	0.0000	0.0000	0.0000	0.0000	0.0000	0.0000	0.0000	0.0000	0.0000	0.0000	0.0000	0.0000	0.0000	0.0000	0.0000	0.0000	0.0000	0.0000	0.0000	inf	0.0000	0.0000	6.2779	1.9995	13.9173	12.0029	0.0000	0.0000	0.0000	0.0000	0.0000	0.0000	0.0000	0.0000	0.0000	0.0000	0.0000	0.0000	0.0000	0.0000	0.0000	0.0000	0.0000	0.0000	0.0559	0.0479	0.0080	0.0069	0.0066	0.0003	0.0491	0.0413	0.0077	0.1624	0.0929	0.0695	0.0359	0.0322	0.0037	0.1265	0.0607	0.0658	0.0000	0.0000	0.0000	0.0000	0.0000	0.0000	0.0000	0.0000	0.0000	0.0000	0.0000	0.0000	0.0000	0.0000	0.0000	0.0000	0.0000	0.0000				
24	44	0.0304	6	1	1	0	1	0	0	0	0	N	N	N	N	N	N	N	N	N	N	N	N	2.9521	0.0000	8.8693	0.0000	0.0000	0.0000	2.7240	0.0000	8.7846	7.3795	0.0000	49.6440	0.0000	0.0000	0.0000	8.0674	0.0000	50.9629	2.4997	0.0215	5.5973	0.0752	0.0829	0.0048	2.9616	0.0000	5.8014	inf	207.9475	0.9034	0.3816	6.2779	10.0000	13.9173	26.8440	1.9994	0.0000	1.9994	0.0000	0.0000	0.0000	1.9994	0.0000	1.9994	1.0030	0.0048	0.9982	0.0048	0.0048	0.0000	0.9982	0.0000	0.9982	0.2709	0.2307	0.0403	0.0231	0.0221	0.0010	0.2478	0.2086	0.0392	0.4012	0.2229	0.1783	0.0642	0.0579	0.0063	0.3370	0.1650	0.1721	2.9521	0.0000	8.8693	0.0000	0.0000	0.0000	2.7240	0.0000	8.7846	2.4997	0.0215	5.5973	0.0752	0.0829	0.0048	2.9616	0.0000	5.8014
24	45	0.0810	11	0	1	0	1	0	0	0	0	N	N	N	N	N	N	N	N	N	N	N	N	0.0000	0.0000	0.0000	0.0000	0.0000	0.0000	0.0000	0.0000	0.0000	0.0000	0.0000	0.0000	0.0000	0.0000	0.0000	0.0000	0.0000	10.8955	17.9998	0.0027	0.0038	0.0046	0.0000	14.7571	31.8265	0.0030	0.0001	0.0000	-0.6143	6.2779	3.0000	13.9173	5.0456	0.0000	0.0000	0.0000	0.0000	0.0000	0.0000	0.0000	0.0000	0.0000	0.9994	0.9993	0.0001	0.0001	0.0001	0.0000	0.9993	0.9992	0.0001	0.0836	0.0716	0.0120	0.0121	0.0115	0.0006	0.0715	0.0601	0.0114	0.0965	0.0555	0.0410	0.0288	0.0241	0.0047	0.0677	0.0314	0.0363	0.0000	0.0000	0.0000	0.0000	0.0000	0.0000	0.0000	0.0000	0.0000	10.3529	17.9998	0.0027	0.0038	0.0046	0.0000	14.7571	31.8265	0.0030		
24	46	0.0768	10	0	1	0	1	0	0	0	0	N	N	N	N	N	N	N	N	N	N	N	N	0.0000	0.0000	0.0000	0.0000	0.0000	0.0000	0.0000	0.0000	0.0000	0.0000	0.0000	0.0000	0.0000	0.0000	0.0000	0.0000	0.0000	0.1133	0.0107	0.2658	0.0010	0.0012	0.0000	0.1662	0.0185	0.3047	16.6962	0.0000	0.0013	6.2779	2.0000	13.9173	1.0030	0.0000	0.0000	0.0000	0.0000	0.0000	0.0000	0.0000	0.0000	0.0000	0.0041	0.0002	0.0039	0.0000	0.0000	0.0000	0.0041	0.0002	0.0039	0.0556	0.0476	0.0080	0.0070	0.0067	0.0003	0.0486	0.0409	0.0077	0.0361	0.0216	0.0145	0.0116	0.0097	0.0019	0.0246	0.0119	0.0127	0.0000	0.0000	0.0000	0.0000	0.0000	0.0000	0.0000	0.0000	0.0000	0.1133	0.0107	0.2658	0.0010	0.0012	0.0000	0.1662	0.0185	0.3047		
24	47	0.0768	9	0	1	0	1	0	0	0	0	N	N	N	N	N	N	N	N	N	N	N	N	0.0000	0.0000	0.0000	0.0000	0.0000	0.0000	0.0000	0.0000	0.0000	0.0000	0.0000	0.0000	0.0000	0.0000	0.0000	0.0000	0.0000	0.0000	0.0325	0.0312	0.0353	0.0340	0.0361	0.0001	0.0312	0.0213	0.0385	0.5590	0.0000	-0.0000	6.2779	0.0000	13.9173	0.0582	0.0000	0.0000	0.0000	0.0000	0.0000	0.0000	0.0000	0.0000	0.0000	0.0001	0.0001	0.0000	0.0000	0.0000	0.0000	0.0000	0.0000	0.0000	0.0000	0.0000	0.0000	0.0000	0.0000	0.0000	0.0000	0.0000	0.0000	0.0025	0.0017	0.0008	0.0012	0.0011	0.0001	0.0013	0.0005	0.0007	0.0000	0.0000	0.0000	0.0000	0.0000	0.0000	0.0000	0.0000	0.0000	0.0325	0.0312	0.0353	0.0340	0.0361	0.0001	0.0312	0.0213	0.0385	
24	48	0.0730	8	0	1	0	1	0	0	0	0	N	N	N	N	N	N	N	N	N	N	N	N	0.0000	0.0000	0.0000	0.0000	0.0000	0.0000	0.0000	0.0000	0.0000	0.0000	0.0000	0.0000	0.0000	0.0000	0.0000	0.0000	0.0000	0.0000	0.0657	0.0954	0.0032	0.1700	0.1877	0.0077	0.0015	0.0005	0.0026	0.0161	-0.0000	-0.0027	6.2779	0.0018	13.9173	3.9096	0.0000	0.0000	0.0000	0.0000	0.0000	0.0000	0.0000	0.0000	0.0000	0.0046	0.0045	0.0001	0.0045	0.0045	0.0000	0.0001	0.0000	0.0001	0.0001	0.0001	0.0000	0.0000	0.0000	0.0000	0.0001	0.0001	0.0000	0.0693	0.0470	0.0223	0.0264	0.0238	0.0026	0.0429	0.0232	0.0197	0.0000	0.0000	0.0000	0.0000	0.0000	0.0000	0.0000	0.0000	0.0000	0.0657	0.0954	0.0032	0.1700	0.1877	0.0077	0.0015	0.0005	0.0026	
24	49	0.0636	7	0	1	0	1	0	0	0	0	N	N	N	N	N	N	N	N	N	N	N	N	0.0000	0.0000	0.0000	0.0000	0.0000	0.0000	0.0000	0.0000	0.0000	0.0000	0.0000	0.0000	0.0000	0.0000	0.0000	0.0000	0.0000	0.0000	10.0294	16.9511	0.0001	40.8123	44.8543	0.0000	0.0000	0.0000	0.0001	0.0025	0.0000	-0.0000	-0.6114	6.2779	2.0031	13.9173	6.0601	0.0000	0.0000	0.0000	0.0000	0.0000	0.0000	0.0000	0.0000	0.0000	0.9946	0.9946	0.0000	0.9946	0.9946	0.0000	0.0000	0.0000	0.0000	0.0560	0.0480	0.0081	0.0069	0.0066	0.0003	0.0491	0.0414	0.0077	0.1017	0.0587	0.0430	0.0244	0.0222	0.0022	0.0773	0.0365	0.0408	0.0000	0.0000	0.0000	0.0000	0.0000	0.0000	0.0000	0.0000	0.0000	9.7839	16.9511	0.0001	40.8123	44.8543	0.0000	0.0000	0.0000	0.0001
24	50	0.0360	7	0	0	1	1	0	0	0	0	N	N	N	N	N	N	N	N	N	N	N	N	inf	inf	inf	inf	0.0001	0.0000	0.0012	0.0000	0.0000	0.0000	0.0002	0.0000	0.0012	0.0000	0.0000	0.0000	0.0000	0.0000	0.0000	0.0000	0.0000	0.0000	inf	0.0000	0.0000	6.2779	0.0004	13.9173	0.9852	0.0000	0.0000	0.0000	0.0000	0.0000	0.0000	0.0000	0.0000	0.0000	0.0000	0.0000	0.0000	0.0000	0.0000	0.0000	0.0000	0.0000	0.0000	0.0000	0.0000	0.0000	0.0000	0.0000	0.0000	0.0000	0.0000	0.0000	0.0116	0.0062	0.0054	0.0011	0.0009	0.0002	0.0105	0.0054	0.0051	inf	0.0000	inf	0.0000	0.0000	0.0000	inf	0.0000	inf	0.0000	0.0000	0.0000	0.0000	0.0000	0.0000	0.0000	0.0000	0.0000						
24	51	0.0252	6	0	0	0	1	0	0	0	0	N	N	N	N	N	N	N	N	N	N	N	N	138.9797	0.1808	323.9290	0.1341	0.1275	154.8149	0.0000	326.2658	1.9268	0.0001	9.8544	0.0003	0.0003	0.0000	2.3141	0.0000	10.0617	0.0139	0.0003	0.0304	0.0022	0.0024	0.0000	0.0149	0.0000	0.0308	39347.9489	73.8324	0.3063	0.0014	6.2779	10.7574	13.9173	12.9024	0.6781	0.0000	0.6781	0.0000	0.0000	0.0000	0.6781	0.0000	0.6781	0.0037	0.0000	0.0037	0.0000	0.0000	0.0000	0.0037	0.0000	0.0037	0.3519	0.2831	0.0688	0.0589	0.0575	0.0014	0.2930	0.2256	0.0674	0.2696	0.1484	0.1212	0.0229	0.0212	0.0016	0.2467	0.1272	0.1196	138.9797	0.1808	323.9290	0.1341	0.1275	0.0000	154.8149	0.0000	326.2658	0.0139	0.0003	0.0304	0.0022	0.0024	0.0000	0.0149	0.0000	0.0308	
24	52	0.0237	5	0	0	0	1	0	0	0	0	N	N	N	N	N	N	N	N	N	N	N	N	36.2707	18.3401	117.0048	14.1444	13.8717	81.3688	117.0733	0.6515	0.4525	1.1706	1.2534	1.2676	0.0000	0.4388	0.0000	1.1831	0.0180	0.0247	0.0100	0.0886	0.0914	0.0000	0.0054	0.0000	0.0101	0.9912	0.3421	-0.0041	-0.0005	6.2779	2.6694	13.9173	2.4027	0.0815	0.0409	0.0406	0.0409	0.0409	0.0000	0.0406	0.0000	0.0406	0.0013	0.0010	0.0003	0.0010	0.0010	0.0000	0.0003	0.0000	0.0003	0.1251	0.0904	0.0347	0.0327	0.0323	0.0004	0.0924	0.0582	0.0343	0.0727	0.0395	0.0333	0.0110	0.0107	0.0003	0.0618	0.0288	0.0330	36.2707	18.3401	117.0048	14.1444	13.8717	0.0000	81.3688	0.0000	117.0733	0.0180	0.0247	0.0100	0.0886	0.0914	0.0000	0.0054	0.0000	0.0101		
24	53	0.0185	4	0	0	0	1	0	0	0	0	N	N	N	N	N	N	N	N	N	N	N	N	150.7403	216.4980	7.4809	96.7934	92.3733	5.9351	7.4416	1.4605	2.0276	0.0754	5.2412	5.2703	0.0000	0.0302	0.0000	0.0757	0.0097	0.0094	0.0101	0.0541	0.0571	0.0000	0.0051	0.0000	0.0102	0.0152	0.9063	-0.3519	-0.0002	6.2779	8.6921	13.9173	5.3599	0.6601	0.6502	0.0099	0.6502	0.6502	0.0000	0.0099	0.0000	0.0099	0.0017	0.0009	0.0008	0.0009	0.0009	0.0000	0.0008	0.0000	0.0008	0.4519	0.3207	0.1313	0.1240	0.1234	0.0007	0.3279	0.1973	0.1306	0.1729	0.0938	0.0791	0.0162	0.0154	0.0008	0.1567	0.0784	0.0782	150.7403	216.4980	7.4809	96.7934	92.3733	0.0000	5.9351	0.0000	7.4416	0.0097	0.0094	0.0101	0.0541	0.0571	0.0000	0.0051	0.0000	0.0102		
24	54	0.0183	3	0	0	0	1	0	0	0	0	N	N	N	N	N	N	N	N	N	N	N	N	8.5770	3.8978	111.0237	2.3996	2.3681	124.4108	110.4114	1.7443	1.4315	2.2154	2.0751	2.0778	0.0000	1.5102	0.0000	2.2184	0.2034	0.3673	0.0200	0.8648	0.8774	0.0000	0.0121	0.0000	0.0201	1.0278	0.0485	-0.0190	-0.0071	6.2779	1.8652	13.9173	1.4001	0.4588	0.2262	0.2325	0.2262	0.2262	0.0000	0.2325	0.0000	0.2325	0.0125	0.0119	0.0006	0.0119	0.0119	0.0000	0.0006	0.0000	0.0006	0.2630	0.1580	0.1050	0.1090	0.1089	0.0001	0.1540	0.0492	0.1048	0.0614	0.0324	0.0290	0.0138	0.0136	0.0002	0.0476	0.0188	0.0288	8.5770	3.8978	111.0237	2.3996	2.3681	0.0000	124.4108	0.0000	110.4114	0.2034	0.3673	0.0200	0.8648	0.8774	0.0000	0.0121	0.0000	0.0201		
24	56	0.0636	7	1	1	0	1	0	0	0	0	N	N	N	N	N	N	N	N	N	N	N	N	0.0000	0.0000	0.0000	0.0000	0.0000	0.0000	0.0000	0.0000	0.0000	0.0000	0.0000	0.0000	0.0000	0.0000	0.0000	0.0000	0.0000	6.4425	0.0888	22.8451	0.2237	0.2475	0.0058	8.2832	0.0000	22.6988	125.4324	0.0000	0.3207	6.2779	0.0000	13.9173	10.9971	0.0000	0.0000	0.0000	0.0000	0.0000	0.0000	0.0000	0.0000	0.0000	0.8499	0.0067	0.8432	0.0067	0.0067	0.0000	0.8432	0.0000	0.8432	0.0000	0.0000	0.0000	0.0000	0.0000	0.0000	0.0000	0.0000	0.0000	0.1319	0.0757	0.0562	0.0301	0.0272	0.0030	0.1018	0.0486	0.0532	0.0000	0.0000	0.0000	0.0000	0.0000	0.0000	0.0000	0.0000	0.0000	6.4425	0.0888	15.0008	0.2237	0.2475	0.0058	8.2832	0.0000	15.8368		
24	57	0.1188	10	0	0	0	1	0	0	0	0	N	N	N	N	N	N	N	N	N	N	N	N	0.0001	0.0018	0.0002	0.0026	0.0030	0.0044	0.0000	0.0000	0.0001	0.0002	0.0001	0.0007	0.0005	0.0004	0.0031	0.0001	0.0000	0.0005	1.6257	0.0814	4.8961	0.2033	0.1441	0.7135	2.6924	0.0000	5.5710	0.7220	28.3894	-0.0000	0.3534	6.2779	7.8198	13.9173	21.5823	0.0001	0.0000	0.0000	0.0001	0.0000	0.0000	0.0000	0.0000	0.0000	1.0061	0.0342	0.9719	0.0539	0.0342	0.0197	0.9522	0.0000	0.9522	0.3949	0.3461	0.0488	0.1203	0.1157	0.0046	0.2746	0.2303	0.0442	0.6189	0.4204	0.1985	0.2652	0.2376	0.0276	0.3537	0.1827	0.1709	0.0001	0.0018	0.0002	0.0026	0.0030	0.0044	0.0000	0.0000	0.0001	1.6257	0.0814	4.8961	0.2033	0.1441	0.7135	2.6924	0.0000	5.5710
24	58	0.0993	11	1	1	1	1	0	0	0	0	N	N	N	N	N	N	N	N	N	N	N	N	0.0052	0.0000	1525.2370	0.0031	0.0029	0.0000	0.0045	0.0000	inf	0.0358	0.0000	0.2495	0.0000	0.0000	0.0000	0.0413	0.0000	0.2618	6.8901	11.9173	0.0002	0.0069	0.0077	0.0020	9.1403	18.8143	0.0000	12410.3060	0.0000	0.0009	-0.6134	6.2779	2.0055	13.9173	11.8091	0.0020	0.0000	0.0020	0.0000	0.0000	0.0000	0.0020	0.0000	0.0020	0.9977	0.9977	0.0000	0.0002	0.0002	0.0000	0.9975	0.9975	0.0000	0.0562	0.0482	0.0081	0.0076	0.0072	0.0004	0.0486	0.0410	0.0077	0.1448	0.0837	0.0611	0.0357	0.0307	0.0050	0.1091	0.0530	0.0561	0.0052	0.0000	1525.2370	0.0031	0.0029	0.0000	0.0045	0.0000	inf	6.8901	11.9173	0.0002	0.0069	0.0077	0.0020	9.1403	18.8143	0.0000
24	59	0.0939	10	1	0	1	1	0	0	0	0	N	N	N	N	N	N	N	N	N	N	N	N	275.8031	0.0185	7854.4139	0.0673	0.0623	0.0000	1007.5411	0.0000	7784.3792	12.3375	0.0012	85.9508	0.0080	0.0084	0.0000	14.1959	0.0000	90.0259	0.0447	0.0661	0.0109	0.1187	0.1348	0.0049	0.0141	0.0166	0.0116	11790.2015	0.1047	0.3107	-0.0013	6.2779	1.9951	13.9173	2.5667	0.6877	0.0001	0.6877	0.0001	0.0001	0.0000	0.6877	0.0000	0.6877	0.0025	0.0023	0.0002	0.0019	0.0019	0.0000	0.0006	0.0003	0.0002	0.0557	0.0477	0.0080	0.0073	0.0069	0.0004	0.0484	0.0408	0.0076	0.0558	0.0342	0.0216	0.0163	0.0143	0.0020	0.0395	0.0199	0.0196	275.8031	0.0185	7854.4139	0.0673	0.0623	0.0000	1007.5411	0.0000	7784.3792	0.0447	0.0661	0.0109	0.1187	0.1348	0.0049	0.0141	0.0166	0.0116
24	60	0.0871	9	1	0	1	1	0	0	0	0	N	N	N	N	N	N	N	N	N	N	N	N	68.0858	4.0899	110.2353	6.7581	9.9157	0.0000	60.3305	0.0000	94.5145	1.9329	0.0160	11.6303	0.0392	0.0395	0.0000	2.9129	0.0000	11.8297	0.0284	0.0039	0.1055	0.0058	0.0040	0.0224	0.0483	0.0038	0.1252	143.5298	8.5495	0.0004	0.0006	6.2779	0.0108	13.9173	3.6229	0.0010	0.0000	0.0010	0.0000	0.0000	0.0000	0.0010	0.0000	0.0010	0.0022	0.0002	0.0020	0.0002	0.0001	0.0001	0.0020	0.0001	0.0019	0.0005	0.0004	0.0001	0.0002	0.0002	0.0000	0.0003	0.0003	0.0001	0.0774	0.0587	0.0186	0.0362	0.0327	0.0036	0.0411	0.0261	0.0151	68.0858	4.0899	110.2353	6.7581	9.9157	0.0000	60.3305	0.0000	94.5145	0.0284	0.0039	0.1055	0.0058	0.0040	0.0224	0.0483	0.0038	0.1252
24	61	0.0391	8	0	1	0	1	0	0	0	0	N	N	N	N	N	N	N	N	N	N	N	N	0.0000	0.0000	0.0000	0.0000	0.0000	0.0000	0.0000	0.0000	0.0000	0.0000	0.0000	0.0000	0.0000	0.0000	0.0000	0.0000	0.0000	0.0008	0.0011	0.0003	0.0020	0.0021	0.0000	0.0002	0.0001	0.0003	0.1749	0.0000	-0.0001	6.2779	4.0917	13.9173	8.0988	0.0000	0.0000	0.0000	0.0000	0.0000	0.0000	0.0000	0.0000	0.0000	0.0002	0.0001	0.0000	0.0001	0.0001	0.0000	0.0000	0.0000	0.0000	0.1309	0.1125	0.0184	0.0185	0.0181	0.0005	0.1124	0.0944	0.0179	0.2176	0.1374	0.0802	0.0678	0.0644	0.0035	0.1498	0.0731	0.0767	0.0000	0.0000	0.0000	0.0000	0.0000	0.0000	0.0000	0.0000	0.0000	0.0008	0.0011	0.0003	0.0020	0.0021	0.0000	0.0002	0.0001	0.0003		
24	62	0.0353	7	0	1	0	1	0	0	0	0	N	N	N	N	N	N	N	N	N	N	N	N	0.0022	0.0077	0.0056	0.0001	0.0001	0.0000	0.0018	0.0123	0.0054	0.0035	0.0005	0.0205	0.0000	0.0000	0.0000	0.0039	0.0006	0.0211	1.6245	0.0701	3.6500	0.0943	0.1030	0.0210	2.1439	0.0482	3.8900	6.7350	39.9367	0.0001	0.0635	6.2779	2.1165	13.9173	5.0852	0.0002	0.0000	0.0002	0.0000	0.0000	0.0000	0.0002	0.0000	0.0002	0.1759	0.0043	0.1716	0.0026	0.0025	0.0001	0.1733	0.0018	0.1715	0.0591	0.0503	0.0088	0.0051	0.0049	0.0002	0.0540	0.0454	0.0086	0.1083	0.0613	0.0470	0.0274	0.0245	0.0029	0.0808	0.0367	0.0441	0.0022	0.0077	0.0056	0.0001	0.0001	0.0000	0.0018	0.0123	0.0054	1.6245	0.0701	3.6500	0.0943	0.1030	0.0210	2.1439	0.0482	3.8900
24	63	0.0871	9	1	0	1	1	0	0	0	0	N	N	N	N	N	N	N	N	N	N	N	N	0.0371	0.0403	0.0000	0.1638	0.2522	0.0000	0.0000	0.0000	0.0000	0.0001	0.0001	0.0000	0.0006	0.0006	0.0000	0.0000	0.0000	0.0000	0.0016	0.0018	0.0014	0.0034	0.0023	0.0111	0.0008	0.0013	0.0002	0.0001	0.4499	-0.0000	-0.0001	6.2779	3.9990	13.9173	8.8702	0.0000	0.0000	0.0000	0.0000	0.0000	0.0000	0.0000	0.0000	0.0000	0.0003	0.0002	0.0001	0.0002	0.0001	0.0001	0.0001	0.0001	0.0000	0.1130	0.0975	0.0156	0.0124	0.0118	0.0006	0.1006	0.0857	0.0149	0.1765	0.1138	0.0627	0.0590	0.0518	0.0072	0.1175	0.0620	0.0555	0.0371	0.0403	0.0000	0.1638	0.2522	0.0000	0.0000	0.0000	0.0000	0.0016	0.0018	0.0014	0.0034	0.0023	0.0111	0.0008	0.0013	0.0002
24	64	0.0670	8	1	0	1	1	0	0	0	0	N	N	N	N	N	N	N	N	N	N	N	N	0.0002	0.0000	0.1191	0.0000	0.0000	0.0000	0.0001	0.0000	0.2212	0.0001	0.0000	0.0004	0.0000	0.0000	0.0000	0.0001	0.0000	0.0004	0.3514	0.5701	0.0036	0.0531	0.0550	0.0307	0.4647	0.9339	0.0020	680.0402	0.0040	0.0000	-0.0328	6.2779	3.9972	13.9173	6.8232	0.0000	0.0000	0.0000	0.0000	0.0000	0.0000	0.0000	0.0000	0.0000	0.0537	0.0535	0.0002	0.0022	0.0021	0.0001	0.0515	0.0514	0.0001	0.1163	0.1002	0.0162	0.0164	0.0157	0.0007	0.1000	0.0845	0.0155	0.1530	0.0939	0.0591	0.0421	0.0389	0.0032	0.1108	0.0550	0.0558	0.0002	0.0000	0.1191	0.0000	0.0000	0.0000	0.0001	0.0000	0.2212	0.3514	0.5701	0.0036	0.0531	0.0550	0.0307	0.4647	0.9339	0.0020
24	65	0.0430	8	0	1	0	1	0	0	0	0	N	N	N	N	N	N	N	N	N	N	N	N	0.0469	0.0843	0.0000	0.2456	0.2401	0.0000	0.0000	0.0000	0.0000	0.0005	0.0005	0.0000	0.0039	0.0042	0.0000	0.0000	0.0000	0.0000	0.0100	0.0065	0.0157	0.0159	0.0173	0.0002	0.0080	0.0000	0.0166	0.0000	1.4756	-0.0001	-0.0001	6.2779	15.6632	13.9173	35.0639	0.0002	0.0002	0.0000	0.0002	0.0002	0.0000	0.0000	0.0000	0.0000	0.0065	0.0026	0.0039	0.0026	0.0026	0.0000	0.0039	0.0000	0.0039	0.4333	0.3701	0.0631	0.0520	0.0489	0.0031	0.3812	0.3212	0.0600	0.6467	0.4014	0.2453	0.1646	0.1511	0.0135	0.4821	0.2503	0.2318	0.0469	0.0843	0.0000	0.2456	0.2401	0.0000	0.0000	0.0000	0.0000	0.0100	0.0065	0.0157	0.0159	0.0173	0.0002	0.0080	0.0000	0.0166
24	66	0.0430	8	0	0	1	1	0	0	0	0	N	N	N	N	N	N	N	N	N	N	N	N	0.0000	0.0000	0.0000	0.0000	0.0000	0.0000	0.0000	0.0000	0.0000	0.0000	0.0000	0.0000	0.0000	0.0000	0.0000	0.0000	0.0000	2.9536	0.0001	9.5787	0.0003	0.0002	0.0034	4.5752	0.0000	10.1512	50033.5760	0.0000	0.3846	6.2779	4.9998	13.9173	10.1184	0.0000	0.0000	0.0000	0.0000	0.0000	0.0000	0.0000	0.0000	0.0000	0.9984	0.0000	0.9984	0.0000	0.0000	0.0000	0.9984	0.0000	0.9984	0.1569	0.1345	0.0224	0.0300	0.0278	0.0022	0.1269	0.1067	0.0202	0.3380	0.2338	0.1042	0.1198	0.1139	0.0059	0.2182	0.1199	0.0984	0.0000	0.0000	0.0000	0.0000	0.0000	0.0000	0.0000	0.0000	0.0000	2.9536	0.0001	9.5787	0.0003	0.0002	0.0034	4.5752	0.0000	10.1512		
24	67	0.0322	6	0	1	0	1	0	0	0	0	N	N	N	N	N	N	N	N	N	N	N	N	2088.4685	894.7358	69624164.5907	0.0840	0.0822	34151.3521	13241.6544	71653223.2722	9.0585	6.6346	24.0948	0.0021	0.0023	0.0000	10.3912	7.7069	25.6514	0.0043	0.0074	0.0000	0.0256	0.0280	0.0000	0.0003	0.0006	0.0000	0.5854	0.0000	-0.4794	-0.0009	6.2779	10.9928	13.9173	18.5513	2.6794	1.6900	0.9894	0.0001	0.0001	0.0000	2.6793	1.6899	0.9894	0.0015	0.0015	0.0000	0.0014	0.0014	0.0000	0.0001	0.0001	0.0000	0.2958	0.2547	0.0411	0.0379	0.0355	0.0025	0.2578	0.2193	0.0386	0.3516	0.2056	0.1459	0.0561	0.0513	0.0049	0.2954	0.1544	0.1411	2088.4685	894.7358	69624164.5907	0.0840	0.0822	0.0000	34151.3521	13241.6544	71653223.2722	0.0043	0.0074	0.0000	0.0256	0.0280	0.0000	0.0003	0.0006	0.0000	
24	68	0.0322	5	0	0	0	1	0	0	0	0	N	N	N	N	N	N	N	N	N	N	N	N	54.1672	22.2709	243.5825	29.6435	30.5786	0.0000	76.3837	30.3971	258.5127	2.1946	0.6587	17.0551	1.4493	1.4642	0.0000	2.6190	0.1301	17.7519	0.0405	0.0296	0.0700	0.0489	0.0479	0.1836	0.0343	0.0043	0.0687	2.6758	0.8775	0.0025	-0.0004	6.2779	0.0861	13.9173	1.0715	0.0142	0.0039	0.0103	0.0034	0.0034	0.0000	0.0108	0.0005	0.0103	0.0028	0.0015	0.0013	0.0014	0.0014	0.0000	0.0013	0.0001	0.0013	0.0065	0.0059	0.0006	0.0023	0.0023	0.0000	0.0041	0.0035	0.0006	0.0685	0.0500	0.0185	0.0292	0.0290	0.0002	0.0393	0.0210	0.0183	54.1672	22.2709	243.5825	29.6435	30.5786	0.0000	76.3837	30.3971	258.5127	0.0405	0.0296	0.0700	0.0489	0.0479	0.1836	0.0343	0.0043	0.0687
24	69	0.0966	9	1	0	1	1	0	0	0	0	N	N	N	N	N	N	N	N	N	N	N	N	0.0000	0.0000	0.0000	0.0000	0.0000	0.0000	0.0000	0.0000	0.0000	0.0000	0.0000	0.0000	0.0000	0.0000	0.0000	0.0000	0.0000	0.0000	0.0000	0.0000	0.0000	0.0000	inf	0.0000	0.0000	6.2779	1.0000	13.9173	3.0001	0.0000	0.0000	0.0000	0.0000	0.0000	0.0000	0.0000	0.0000	0.0000	0.0000	0.0000	0.0000	0.0000	0.0000	0.0000	0.0000	0.0000	0.0000	0.0278	0.0238	0.0040	0.0035	0.0034	0.0002	0.0243	0.0204	0.0039	0.0429	0.0234	0.0195	0.0087	0.0075	0.0012	0.0341	0.0159	0.0183	0.0000	0.0000	0.0000	0.0000	0.0000	0.0000	0.0000	0.0000	0.0000	0.0000	0.0000	0.0000	0.0000	0.0000	0.0000	0.0000	0.0000	0.0000						
24	70	0.0966	8	1	0	1	1	0	0	0	0	N	N	N	N	N	N	N	N	N	N	N	N	0.0000	0.0000	0.0000	0.0000	0.0000	0.0000	0.0000	0.0000	0.0000	0.0000	0.0000	0.0000	0.0000	0.0000	0.0000	0.0000	0.0194	0.0169	0.0227	0.0230	0.0234	0.0000	0.0168	0.0000	0.0231	1.0000	0.0000	-0.0000	6.2779	0.0000	13.9173	0.0009	0.0000	0.0000	0.0000	0.0000	0.0000	0.0000	0.0000	0.0000	0.0000	0.0000	0.0000	0.0000	0.0000	0.0000	0.0000	0.0000	0.0000	0.0000	0.0000	0.0000	0.0000	0.0000	0.0000	0.0000	0.0000	0.0000	0.0000	0.0000	0.0000	0.0000	0.0000	0.0000	0.0000	0.0000	0.0000	0.0000	0.0000	0.0000	0.0000	0.0000	0.0000	0.0000	0.0000	0.0000	0.0000	0.0194	0.0169	0.0227	0.0230	0.0234	0.0000	0.0168	0.0000	0.0231			
24	71	0.0636	7	1	0	1	1	0	0	0	0	N	N	N	N	N	N	N	N	N	N	N	N	0.0018	0.0055	0.0000	0.0000	0.0016	0.0054	0.0001	0.0000	0.0008	0.0000	0.0000	0.0000	0.0001	0.0000	0.0008	0.0605	0.0000	0.1401	0.0000	0.0000	0.0001	0.0765	0.0000	0.1483	inf	inf	0.0000	0.0058	6.2779	9.9966	13.9173	12.9129	0.0000	0.0000	0.0000	0.0000	0.0000	0.0000	0.0000	0.0000	0.0000	0.0151	0.0000	0.0151	0.0000	0.0000	0.0000	0.0151	0.0000	0.0151	0.2706	0.2318	0.0387	0.0328	0.0312	0.0016	0.2378	0.2006	0.0372	0.2499	0.1420	0.1078	0.0524	0.0464	0.0060	0.1975	0.0956	0.1019	0.0018	0.0000	0.0055	0.0000	0.0000	0.0000	0.0016	0.0000	0.0054	0.0605	0.0000	0.1401	0.0000	0.0000	0.0001	0.0765	0.0000	0.1483			
24	72	0.0304	6	0	1	0	2	0	0	0	0	N	N	N	Y	N	N	N	N	N	N	N	N	0.0000	0.0000	0.0000	0.0000	0.0000	0.0000	0.0000	0.0000	0.0000	0.0000	0.0000	0.0000	0.0000	0.0000	0.0000	0.0000	0.0000	5.5942	0.0162	17.0652	0.0593	0.0657	0.0046	6.5931	0.0000	17.3475	620.9872	0.0000	1.1502	6.2779	13.0000	13.9173	39.1663	0.0000	0.0000	0.0000	0.0000	0.0000	0.0000	0.0000	0.0000	0.0000	2.9981	0.0048	2.9933	0.0049	0.0048	0.0000	2.9932	0.0000	2.9932	0.3485	0.2968	0.0517	0.0297	0.0284	0.0013	0.3188	0.2685	0.0503	0.5359	0.2967	0.2392	0.0819	0.0733	0.0086	0.4540	0.2234	0.2306	0.0000	0.0000	0.0000	0.0000	0.0000	0.0000	0.0000	0.0000	0.0000	5.5942	0.0162	12.5120	0.0593	0.0657	0.0046	6.5931	0.0000	12.9793		
24	73	0.0279	5	0	1	0	1	0	0	0	0	N	N	N	N	N	N	N	N	N	N	N	N	3.4929	83983.7786	0.0000	1.8118	7.1195	0.0000	3.0126	93960.9003	0.0000	11.8904	14.0246	0.0000	0.0012	0.0012	0.0000	13.0507	15.5884	0.0000	3.4042	0.0002	8.8525	0.0006	0.0002	0.0078	4.3320	0.0002	9.1637	0.0000	33120.0257	-0.5480	0.3846	6.2779	3.0003	13.9173	18.1082	0.9997	0.9997	0.0000	0.0000	0.0000	0.0000	0.9997	0.9997	0.0000	0.9983	0.0000	0.9982	0.0000	0.0000	0.0000	0.9982	0.0000	0.9982	0.0841	0.0713	0.0128	0.0075	0.0072	0.0003	0.0766	0.0641	0.0125	0.2932	0.1805	0.1128	0.0628	0.0590	0.0038	0.2304	0.1215	0.1089	3.4929	83983.7786	0.0000	1.8118	7.1195	0.0000	3.0126	93960.9003	0.0000	3.4042	0.0002	8.8525	0.0006	0.0002	0.0078	4.3320	0.0002	9.1637
24	74	0.0670	8	0	1	0	1	0	0	0	0	N	N	N	N	N	N	N	N	N	N	N	N	0.0000	0.0000	0.0000	0.0000	0.0000	0.0000	0.0000	0.0000	0.0000	0.0000	0.0000	0.0000	0.0000	0.0000	0.0000	0.0000	0.0000	0.0000	3.6234	6.1527	0.0008	14.5239	16.1573	0.0129	0.2731	0.5532	0.0001	0.0000	0.0001	-0.0000	-0.6516	6.2779	7.0046	13.9173	18.1036	0.0000	0.0000	0.0000	0.0000	0.0000	0.0000	0.0000	0.0000	0.0000	1.0602	1.0601	0.0001	0.9991	0.9990	0.0001	0.0611	0.0611	0.0000	0.1973	0.1695	0.0278	0.0262	0.0250	0.0011	0.1711	0.1445	0.0266	0.2926	0.1723	0.1203	0.0688	0.0618	0.0070	0.2238	0.1105	0.1133	0.0000	0.0000	0.0000	0.0000	0.0000	0.0000	0.0000	0.0000	0.0000	3.6234	6.1527	0.0008	14.5239	16.1573	0.0129	0.2731	0.5532	0.0001
24	75	0.0636	7	0	0	0	1	0	0	0	0	N	N	N	N	N	N	N	N	N	N	N	N	0.0003	0.0001	0.6237	0.0031	0.0030	0.0000	0.0003	0.0001	0.6215	0.0061	0.0043	0.0172	0.0001	0.0001	0.0000	0.0070	0.0050	0.0179	17.7627	29.7612	0.0275	0.0392	0.0418	0.0006	25.2380	53.9607	0.0288	0.6640	0.0006	-0.0000	-0.5816	6.2779	0.2435	13.9173	3.2922	0.0000	0.0000	0.0000	0.0000	0.0000	0.0000	0.0000	0.0000	0.0000	0.9471	0.9465	0.0006	0.0006	0.0006	0.0000	0.9465	0.9459	0.0006	0.0071	0.0061	0.0010	0.0010	0.0009	0.0000	0.0061	0.0052	0.0010	0.0540	0.0318	0.0222	0.0153	0.0143	0.0010	0.0387	0.0175	0.0212	0.0003	0.0001	0.6237	0.0031	0.0030	0.0000	0.0003	0.0001	0.6215	17.5527	29.7612	0.0275	0.0392	0.0418	0.0006	24.4527	53.9607	0.0288
24	76	0.0304	6	0	0	0	1	0	0	0	0	N	N	N	N	N	N	N	N	N	N	N	N	0.8061	0.0000	4.7944	0.0000	0.0000	0.0000	0.7352	0.0000	4.7530	5.2113	0.0000	34.9606	0.0000	0.0000	0.0000	5.6976	0.0000	35.8912	6.4651	5.8087	7.2919	0.0939	0.1020	0.0127	7.7498	7.9594	7.5513	inf	0.9965	0.4517	-0.2315	6.2779	7.0044	13.9173	20.1113	0.9997	0.0000	0.9997	0.0000	0.0000	0.0000	0.9997	0.0000	0.9997	2.0019	1.0027	0.9992	0.0049	0.0048	0.0001	1.9971	0.9979	0.9992	0.1918	0.1632	0.0286	0.0164	0.0156	0.0007	0.1755	0.1476	0.0279	0.3097	0.1726	0.1370	0.0520	0.0472	0.0047	0.2577	0.1254	0.1323	0.8061	0.0000	4.7944	0.0000	0.0000	0.0000	0.7352	0.0000	4.7530	6.4651	5.8087	7.2919	0.0939	0.1020	0.0127	7.7498	7.9594	7.5513
24	77	0.0326	6	0	1	0	1	0	0	0	0	N	N	N	N	N	N	N	N	N	N	N	N	11287.3247	7988.9959	0.0000	618.9405	580.5530	17881.9302	11142.0749	0.0000	3.9675	4.6574	0.0000	0.4727	0.4905	0.0000	4.3353	5.1605	0.0000	0.0004	0.0006	0.0000	0.0008	0.0008	0.0000	0.0002	0.0005	0.0000	0.0000	0.0009	-0.5473	-0.0001	6.2779	8.6571	13.9173	16.0761	0.9983	0.9983	0.0000	0.0113	0.0113	0.0000	0.9870	0.9870	0.0000	0.0001	0.0001	0.0000	0.0000	0.0000	0.0000	0.0001	0.0001	0.0000	0.2516	0.2144	0.0373	0.0240	0.0231	0.0009	0.2277	0.1913	0.0364	0.3129	0.1885	0.1244	0.0655	0.0592	0.0063	0.2474	0.1293	0.1181	11287.3247	7988.9959	0.0000	618.9405	580.5530	0.0000	17881.9302	11142.0749	0.0000	0.0004	0.0006	0.0000	0.0008	0.0008	0.0000	0.0002	0.0005	0.0000	
24	78	0.0322	5	0	1	0	1	0	0	0	0	N	N	N	N	N	N	N	N	N	N	N	N	386.0263	114.5687	3263.6095	182.5023	277.3432	0.0000	684.6206	58.3556	1254079.5022	1.1380	0.3810	6.7247	0.8972	0.9225	0.0000	1.2109	0.1940	7.1040	0.0029	0.0033	0.0021	0.0049	0.0033	0.1144	0.0018	0.0033	0.0000	2.3914	0.2637	0.0025	-0.0001	6.2779	0.3645	13.9173	1.9845	0.0160	0.0047	0.0113	0.0029	0.0029	0.0000	0.0131	0.0018	0.0113	0.0002	0.0002	0.0001	0.0001	0.0001	0.0000	0.0001	0.0001	0.0000	0.0141	0.0124	0.0017	0.0033	0.0032	0.0001	0.0108	0.0092	0.0016	0.0813	0.0571	0.0243	0.0305	0.0300	0.0004	0.0509	0.0270	0.0238	386.0263	114.5687	3263.6095	182.5023	277.3432	0.0000	684.6206	58.3556	1254079.5022	0.0029	0.0033	0.0021	0.0049	0.0033	0.1144	0.0018	0.0033	0.0000
24	79	0.0227	4	0	0	0	1	0	0	0	0	N	N	N	N	N	N	N	N	N	N	N	N	0.0149	0.0022	274.5421	0.1753	0.1723	0.0000	0.0129	0.0007	276.9625	0.0658	0.0163	0.3489	0.0669	0.0688	0.0000	0.0656	0.0070	0.3578	4.4004	7.3242	0.0013	0.3816	0.3995	0.0000	5.0917	9.4323	0.0013	3.7325	0.0001	0.0014	-0.6207	6.2779	2.9108	13.9173	14.2456	0.0060	0.0013	0.0047	0.0008	0.0008	0.0000	0.0052	0.0005	0.0047	1.0100	1.0098	0.0001	0.0129	0.0129	0.0000	0.9971	0.9970	0.0001	0.0910	0.0774	0.0135	0.0120	0.0117	0.0003	0.0789	0.0658	0.0132	0.2295	0.1379	0.0916	0.0337	0.0322	0.0015	0.1958	0.1057	0.0901	0.0149	0.0022	274.5421	0.1753	0.1723	0.0000	0.0129	0.0007	276.9625	4.4004	7.3242	0.0013	0.3816	0.3995	0.0000	5.0917	9.4323	0.0013
24	82	0.0460	9	0	1	0	1	0	0	0	0	N	N	N	N	N	N	N	N	N	N	N	N	0.1818	0.1382	0.0000	0.3300	0.3323	0.0000	0.0000	0.0000	0.0000	0.0064	0.0075	0.0000	0.0423	0.0463	0.0000	0.0000	0.0000	0.0000	0.0351	0.0542	0.0061	0.1281	0.1392	0.0034	0.0032	0.0000	0.0062	0.0000	0.0740	-0.0008	-0.0075	6.2779	7.9116	13.9173	21.1247	0.0015	0.0015	0.0000	0.0015	0.0015	0.0000	0.0000	0.0000	0.0000	0.0138	0.0128	0.0009	0.0128	0.0128	0.0000	0.0009	0.0000	0.0009	0.2337	0.1991	0.0347	0.0353	0.0323	0.0030	0.1984	0.1668	0.0316	0.3917	0.2362	0.1555	0.1002	0.0920	0.0082	0.2915	0.1442	0.1473	0.1818	0.1382	0.0000	0.3300	0.3323	0.0000	0.0000	0.0000	0.0000	0.0351	0.0542	0.0061	0.1281	0.1392	0.0034	0.0032	0.0000	0.0062
24	83	0.0640	10	1	1	0	1	0	0	0	0	N	N	N	N	N	N	N	N	N	N	N	N	0.0000	0.0000	0.0000	0.0000	0.0000	0.0000	0.0000	0.0000	0.0000	0.0000	0.0000	0.0000	0.0000	0.0000	0.0000	0.0000	0.0000	0.0000	0.0000	0.0000	6.2779	0.0000	13.9173	1.8333	0.0000	0.0000	0.0000	0.0000	0.0000	0.0000	0.0000	0.0000	0.0000	0.0000	0.0000	0.0000	0.0000	0.0000	0.0000	0.0000	0.0000	0.0000	0.0000	0.0000	0.0000	0.0000	0.0000	0.0000	0.0000	0.0000	0.0000	0.0357	0.0234	0.0123	0.0121	0.0114	0.0007	0.0237	0.0120	0.0116	0.0000	0.0000	0.0000	0.0000	0.0000	0.0000	0.0000	0.0000	0.0000	0.0000	0.0000	0.0000	0.0000	0.0000	0.0000	0.0000	0.0000	0.0000											
24	84	0.0460	9	1	1	0	1	0	0	0	0	N	N	N	N	N	N	N	N	N	N	N	N	0.0001	0.5514	0.0000	0.4905	1.3880	0.0000	0.0000	0.0000	0.0000	0.0002	0.0002	0.0000	0.0013	0.0014	0.0000	0.0000	0.0000	0.0000	3.2423	0.0004	8.4488	0.0026	0.0010	0.0228	4.5385	0.0000	8.9415	0.0145	11952.0924	-0.0000	0.3833	6.2779	6.9552	13.9173	13.1226	0.0000	0.0000	0.0000	0.0000	0.0000	0.0000	0.0000	0.0000	0.0000	0.9951	0.0001	0.9950	0.0002	0.0001	0.0001	0.9949	0.0000	0.9949	0.2084	0.1775	0.0309	0.0332	0.0303	0.0030	0.1752	0.1472	0.0280	0.3069	0.1891	0.1178	0.0877	0.0812	0.0065	0.2192	0.1079	0.1113	0.0001	0.5514	0.0000	0.4905	1.3880	0.0000	0.0000	0.0000	0.0000	3.2423	0.0004	8.4488	0.0026	0.0010	0.0228	4.5385	0.0000	8.9415
24	85	0.0430	8	0	1	0	1	0	0	0	0	N	N	N	N	N	N	N	N	N	N	N	N	1.0045	9.8138	0.0001	24.5464	25.4976	0.0000	0.0743	1.8751	0.0001	0.0430	0.0508	0.0000	0.1861	0.1984	0.0000	0.0043	0.0052	0.0000	0.0428	0.0052	0.1011	0.0076	0.0078	0.0020	0.0580	0.0028	0.1038	0.0000	12.6139	-0.0003	0.0017	6.2779	0.3374	13.9173	6.1146	0.0005	0.0005	0.0000	0.0005	0.0005	0.0000	0.0000	0.0000	0.0000	0.0053	0.0004	0.0049	0.0003	0.0003	0.0000	0.0050	0.0001	0.0049	0.0127	0.0107	0.0020	0.0027	0.0025	0.0002	0.0100	0.0082	0.0018	0.1241	0.0754	0.0487	0.0373	0.0360	0.0013	0.0868	0.0393	0.0474	1.0045	9.8138	0.0001	24.5464	25.4976	0.0000	0.0743	1.8751	0.0001	0.0428	0.0052	0.1011	0.0076	0.0078	0.0020	0.0580	0.0028	0.1038
24	86	0.0430	8	0	1	0	1	0	0	0	0	N	N	N	N	N	N	N	N	N	N	N	N	1594.8822	5789.3355	0.0000	0.0000	0.0000	0.0000	1759.6900	135478633.5232	0.0000	6.1845	7.2624	0.0000	0.0000	0.0000	0.0000	6.8087	8.0930	0.0000	0.0039	0.0013	0.0075	0.0039	0.0037	0.0062	0.0039	0.0000	0.0075	0.0000	4.3431	-1.0200	0.0002	6.2779	11.0342	13.9173	12.7513	1.8607	1.8607	0.0000	0.0000	0.0000	0.0000	1.8607	1.8607	0.0000	0.0012	0.0002	0.0009	0.0002	0.0002	0.0000	0.0009	0.0000	0.0009	0.3009	0.2562	0.0447	0.0276	0.0263	0.0013	0.2733	0.2299	0.0434	0.3008	0.1740	0.1268	0.0630	0.0585	0.0045	0.2378	0.1155	0.1223	1594.8822	5789.3355	0.0000	0.0000	0.0000	0.0000	1759.6900	135478633.5232	0.0000	0.0039	0.0013	0.0075	0.0039	0.0037	0.0062	0.0039	0.0000	0.0075
24	87	0.0353	7	0	1	0	1	0	0	0	0	N	N	N	N	N	N	N	N	N	N	N	N	0.1385	0.0981	0.0000	0.0001	0.0001	0.0000	1.7220	17.4425	0.0000	0.0046	0.0054	0.0000	0.0000	0.0000	0.0000	0.0050	0.0059	0.0000	0.0329	0.0547	0.0049	0.1347	0.1508	0.0008	0.0029	0.0003	0.0051	0.0000	0.0693	-0.0003	-0.0026	6.2779	3.9739	13.9173	6.2820	0.0005	0.0005	0.0000	0.0000	0.0000	0.0000	0.0005	0.0005	0.0000	0.0047	0.0044	0.0003	0.0043	0.0043	0.0000	0.0003	0.0000	0.0003	0.1101	0.0937	0.0165	0.0095	0.0090	0.0004	0.1007	0.0847	0.0160	0.1412	0.0795	0.0617	0.0322	0.0287	0.0035	0.1090	0.0508	0.0582	0.1385	0.0981	0.0000	0.0001	0.0001	0.0000	1.7220	17.4425	0.0000	0.0329	0.0547	0.0049	0.1347	0.1508	0.0008	0.0029	0.0003	0.0051
24	88	0.0304	6	0	1	0	1	0	0	0	0	N	N	N	N	N	N	N	N	N	N	N	N	0.0132	0.0000	0.1234	0.0000	0.0000	0.0000	0.0343	0.0000	0.1233	0.0004	0.0000	0.0028	0.0000	0.0000	0.0000	0.0005	0.0000	0.0029	0.0318	0.0385	0.0227	0.0884	0.0927	0.0000	0.0134	0.0013	0.0234	inf	0.4366	0.0000	-0.0009	6.2779	0.0056	13.9173	5.7021	0.0000	0.0000	0.0000	0.0000	0.0000	0.0000	0.0000	0.0000	0.0000	0.0029	0.0020	0.0009	0.0020	0.0020	0.0000	0.0009	0.0000	0.0009	0.0002	0.0001	0.0000	0.0000	0.0000	0.0000	0.0001	0.0001	0.0000	0.0899	0.0517	0.0382	0.0221	0.0211	0.0010	0.0678	0.0306	0.0372	0.0132	0.0000	0.1234	0.0000	0.0000	0.0000	0.0343	0.0000	0.1233	0.0318	0.0385	0.0227	0.0884	0.0927	0.0000	0.0134	0.0013	0.0234
24	92	0.1188	10	0	0	0	1	0	0	0	0	N	N	N	N	N	N	N	N	N	N	N	N	0.0042	0.0446	0.0001	0.1052	0.1039	0.0128	0.0000	0.0000	0.0001	0.0053	0.0060	0.0003	0.0271	0.0285	0.0018	0.0000	0.0000	0.0002	1.2465	0.1352	3.2532	0.2580	0.2746	0.1376	1.8046	0.0000	3.6909	0.0086	13.3196	-0.0023	0.3310	6.2779	24.8682	13.9173	39.8855	0.0043	0.0042	0.0000	0.0042	0.0042	0.0000	0.0000	0.0000	0.0000	1.0494	0.0733	0.9761	0.0784	0.0733	0.0051	0.9710	0.0000	0.9710	0.8095	0.6993	0.1103	0.1561	0.1479	0.0082	0.6535	0.5514	0.1021	0.8419	0.5418	0.3000	0.3038	0.2668	0.0370	0.5381	0.2750	0.2631	0.0042	0.0446	0.0001	0.1052	0.1039	0.0128	0.0000	0.0000	0.0001	1.2465	0.1352	3.2532	0.2580	0.2746	0.1376	1.8046	0.0000	3.6909
25	26	0.0414	7	0	2	0	1	0	0	0	0	N	Y	N	N	N	N	N	N	N	N	N	N	0.0000	0.0000	0.0000	0.0000	0.0000	0.0000	0.0000	0.0000	0.0000	0.0000	0.0000	0.0000	0.0000	0.0000	0.0000	0.0000	0.0000	0.0000	2.2054	0.0001	5.4354	0.0227	0.0002	0.4957	3.1648	0.0000	5.6104	inf	35504.4573	0.0000	0.2122	3.8932	4.2937	15.3303	9.5692	0.0000	0.0000	0.0000	0.0000	0.0000	0.0000	0.0000	0.0000	0.0000	0.5509	0.0000	0.5509	0.0017	0.0000	0.0017	0.5492	0.0000	0.5492	0.2235	0.1513	0.0722	0.0773	0.0767	0.0006	0.1462	0.0746	0.0716	0.2498	0.1485	0.1014	0.0763	0.0728	0.0035	0.1735	0.0756	0.0979	0.0000	0.0000	0.0000	0.0000	0.0000	0.0000	0.0000	0.0000	0.0000	2.2054	0.0001	5.4354	0.0227	0.0002	0.4957	3.1648	0.0000	5.6104
25	27	0.0269	3	1	2	0	0	0	0	0	0	N	Y	N	N	N	N	N	N	N	N	N	N	17.7971	0.0000	1835651.8900	0.0000	0.0000	0.0000	498346.1060	1820886.2413	3.1108	0.0000	20.9908	0.0000	0.0000	0.0000	3.3272	0.0000	21.0287	0.1748	0.3132	0.0000	0.7188	0.7322	0.0000	0.0000	0.0000	0.0000	inf	0.0000	0.4447	-0.0942	3.8932	16.0000	15.3303	34.8566	0.9842	0.0000	0.9842	0.0000	0.0000	0.0000	0.9842	0.0000	0.9842	0.1533	0.1533	0.0000	0.1533	0.1533	0.0000	0.0000	0.0000	0.0000	0.3164	0.2695	0.0469	0.0206	0.0205	0.0001	0.2958	0.2490	0.0468	0.8771	0.4894	0.3877	0.2133	0.2094	0.0039	0.6638	0.2800	0.3838	17.7971	0.0000	1835651.8900	0.0000	0.0000	0.0000	498346.1060	0.0000	1820886.2413	0.1748	0.3132	0.0000	0.7188	0.7322	0.0000	0.0000	0.0000	0.0000	
25	28	0.0567	11	0	1	1	0	0	0	0	0	N	N	N	N	N	N	N	N	N	N	N	N	0.0000	0.0000	0.0000	0.0000	0.0000	0.0000	0.0000	0.0000	0.0000	0.0000	0.0000	0.0000	0.0000	0.0000	0.0000	0.0000	0.0000	0.0000	0.0000	0.0000	3.8932	0.0000	15.3303	3.0088	0.0000	0.0000	0.0000	0.0000	0.0000	0.0000	0.0000	0.0000	0.0000	0.0000	0.0000	0.0000	0.0000	0.0000	0.0000	0.0000	0.0000	0.0000	0.0000	0.0000	0.0000	0.0000	0.0000	0.0000	0.0000	0.0000	0.0000	0.0398	0.0233	0.0164	0.0114	0.0102	0.0012	0.0284	0.0132	0.0152	0.0000	0.0000	0.0000	0.0000	0.0000	0.0000	0.0000	0.0000	0.0000	0.0000	0.0000	0.0000	0.0000	0.0000	0.0000	0.0000	0.0000	0.0000											
25	29	0.0444	8	0	2	0	0	0	0	0	0	N	Y	N	N	N	N	N	N	N	N	N	N	0.0003	0.0001	406.0318	0.0005	0.0003	1446.2746	42.9076	140.1807	0.0007	0.0004	0.0026	0.0056	0.0033	0.0770	0.0001	0.0000	0.0007	2.6931	4.5411	0.0000	10.7464	11.3650	0.0001	0.0000	0.0000	0.0000	1.0188	0.0000	-0.0000	-0.4932	3.8932	5.0749	15.3303	14.8264	0.0001	0.0000	0.0000	0.0001	0.0000	0.0000	0.0000	0.0000	0.0000	0.8023	0.8023	0.0000	0.8023	0.8023	0.0000	0.0000	0.0000	0.0000	0.1068	0.0912	0.0156	0.0123	0.0119	0.0004	0.0945	0.0793	0.0152	0.2979	0.1767	0.1212	0.0747	0.0706	0.0041	0.2232	0.1061	0.1172	0.0003	0.0001	406.0318	0.0005	0.0003	1446.2746	42.9076	0.0000	140.1807	2.6931	4.5411	0.0000	10.7464	11.3650	0.0001	0.0000	0.0000	0.0000	
25	30	0.0600	4	1	1	1	0	0	0	0	0	N	N	N	N	N	N	N	N	N	N	N	N	18.1373	0.0000	4156.6195	0.0833	0.0000	38.1921	3243.0104	10779.5066	0.1368	0.0000	0.9501	0.0025	0.0000	0.1239	0.1513	0.0000	0.9615	0.0075	0.0126	0.0002	0.0300	0.0321	0.0032	0.0000	0.0000	0.0001	inf	0.0126	0.0076	-0.0014	3.8932	5.9956	15.3303	15.0927	0.0168	0.0000	0.0168	0.0000	0.0000	0.0000	0.0168	0.0000	0.0168	0.0024	0.0023	0.0000	0.0024	0.0023	0.0000	0.0000	0.0000	0.0000	0.1231	0.1053	0.0177	0.0120	0.0118	0.0002	0.1110	0.0936	0.0175	0.3139	0.1852	0.1288	0.0786	0.0729	0.0057	0.2353	0.1122	0.1231	18.1373	0.0000	4156.6195	0.0833	0.0000	38.1921	3243.0104	0.0000	10779.5066	0.0075	0.0126	0.0002	0.0300	0.0321	0.0032	0.0000	0.0000	0.0001	
25	31	0.0466	8	0	2	0	0	0	0	0	0	N	Y	N	N	N	N	N	N	N	N	N	N	0.0672	0.0000	78441.1408	0.0033	0.0000	2399.8042	0.0734	0.0000	132595.9269	0.0221	0.0000	0.1608	0.0007	0.0000	0.0443	0.0274	0.0000	0.1636	0.3297	0.5375	0.0000	0.2214	0.2364	0.0000	0.3735	0.7740	0.0000	inf	0.0000	0.0004	-0.0275	3.8932	1.4218	15.3303	7.0463	0.0008	0.0000	0.0008	0.0000	0.0000	0.0000	0.0008	0.0000	0.0008	0.0447	0.0447	0.0000	0.0086	0.0086	0.0000	0.0360	0.0360	0.0000	0.0358	0.0309	0.0049	0.0071	0.0070	0.0001	0.0287	0.0239	0.0048	0.1355	0.0831	0.0524	0.0390	0.0366	0.0025	0.0965	0.0465	0.0499	0.0672	0.0000	78441.1408	0.0033	0.0000	2399.8042	0.0734	0.0000	132595.9269	0.3297	0.5375	0.0000	0.2214	0.2364	0.0000	0.3735	0.7740	0.0000
25	32	0.0414	7	0	1	0	0	0	0	0	0	N	N	N	N	N	N	N	N	N	N	N	N	0.8417	0.0003	168.4901	0.0021	0.0003	2031.7845	131.9947	0.0000	164.2517	2.5074	0.0017	7.7768	0.0196	0.0034	2.1443	3.8184	0.0000	7.8230	2.9791	5.0126	0.0462	9.2479	9.6376	0.0011	0.0289	0.0028	0.0476	2178.0298	0.0064	0.2537	-0.3511	3.8932	4.3312	15.3303	5.5221	0.5621	0.0003	0.5618	0.0015	0.0003	0.0013	0.5606	0.0000	0.5606	0.5771	0.5735	0.0037	0.5733	0.5733	0.0000	0.0038	0.0002	0.0037	0.2242	0.1519	0.0722	0.0774	0.0768	0.0006	0.1468	0.0751	0.0717	0.1937	0.1144	0.0793	0.0620	0.0595	0.0025	0.1317	0.0549	0.0768	0.8417	0.0003	168.4901	0.0021	0.0003	2031.7845	131.9947	0.0000	164.2517	2.9791	5.0126	0.0462	9.2479	9.6376	0.0011	0.0289	0.0028	0.0476
25	33	0.0390	6	0	1	0	0	0	0	0	0	N	N	N	N	N	N	N	N	N	N	N	N	0.7823	0.0020	4.7413	0.0048	0.0002	3051.0713	1.3164	7.3384	4.6583	2.6926	0.0060	19.1120	0.0307	0.0010	2.2029	3.0696	0.0068	19.3152	3.4420	3.0121	4.0309	6.4353	6.7275	0.0007	2.3319	0.0009	4.1464	522.8937	0.9768	0.1199	-0.0585	3.8932	4.2685	15.3303	3.7703	0.2665	0.0005	0.2660	0.0004	0.0000	0.0004	0.2661	0.0005	0.2656	0.4850	0.2453	0.2396	0.2453	0.2453	0.0000	0.2397	0.0000	0.2396	0.0990	0.0851	0.0139	0.0123	0.0121	0.0002	0.0867	0.0729	0.0138	0.1409	0.0814	0.0594	0.0381	0.0365	0.0017	0.1028	0.0450	0.0578	0.7823	0.0020	4.7413	0.0048	0.0002	3051.0713	1.3164	7.3384	4.6583	3.4420	3.0121	4.0309	6.4353	6.7275	0.0007	2.3319	0.0009	4.1464
25	34	0.0600	4	1	1	1	0	0	0	0	0	N	N	N	N	N	N	N	N	N	N	N	N	1843.4180	0.0000	207395.2772	0.0000	0.0000	0.0000	113751.3339	378012.5226	9.5524	0.0000	66.3212	0.0000	0.0000	0.0000	10.5899	0.0000	67.2383	0.0052	0.0086	0.0003	0.0204	0.0217	0.0034	0.0001	0.0000	0.0002	inf	0.0260	0.4447	-0.0009	3.8932	4.9966	15.3303	15.0870	0.9842	0.0000	0.9842	0.0000	0.0000	0.0000	0.9842	0.0000	0.9842	0.0016	0.0015	0.0000	0.0015	0.0015	0.0000	0.0000	0.0000	0.0000	0.1030	0.0882	0.0148	0.0101	0.0099	0.0002	0.0929	0.0783	0.0146	0.3005	0.1773	0.1232	0.0754	0.0700	0.0054	0.2250	0.1073	0.1178	1843.4180	0.0000	207395.2772	0.0000	0.0000	0.0000	113751.3339	0.0000	378012.5226	0.0052	0.0086	0.0003	0.0204	0.0217	0.0034	0.0001	0.0000	0.0002	
25	35	0.0567	11	0	2	0	0	0	0	0	0	N	Y	N	N	N	N	N	N	N	N	N	N	0.0000	0.0000	0.0000	0.0000	0.0000	0.0000	0.0000	0.0000	0.0000	0.0000	0.0000	0.0000	0.0000	0.0000	0.0000	0.0000	0.0000	0.0000	0.0000	0.0000	3.8932	1.0000	15.3303	1.0102	0.0000	0.0000	0.0000	0.0000	0.0000	0.0000	0.0000	0.0000	0.0000	0.0000	0.0000	0.0000	0.0000	0.0000	0.0000	0.0000	0.0000	0.0000	0.0167	0.0143	0.0025	0.0009	0.0009	0.0001	0.0158	0.0134	0.0024	0.0268	0.0157	0.0111	0.0077	0.0069	0.0008	0.0191	0.0088	0.0102	0.0000	0.0000	0.0000	0.0000	0.0000	0.0000	0.0000	0.0000	0.0000	0.0000	0.0000	0.0000	0.0000	0.0000	0.0000	0.0000	0.0000	0.0000											
25	36	0.0567	10	0	1	0	0	0	0	0	0	N	N	N	N	N	N	N	N	N	N	N	N	0.0000	0.0000	0.0000	0.0000	0.0000	0.0000	0.0000	0.0000	0.0000	0.0000	0.0000	0.0000	0.0000	0.0000	0.0000	0.0000	0.0000	0.0000	0.0000	0.0000	3.8932	0.0000	15.3303	0.0263	0.0000	0.0000	0.0000	0.0000	0.0000	0.0000	0.0000	0.0000	0.0000	0.0000	0.0000	0.0000	0.0000	0.0000	0.0000	0.0000	0.0000	0.0000	0.0000	0.0000	0.0000	0.0000	0.0000	0.0000	0.0000	0.0000	0.0000	0.0006	0.0003	0.0002	0.0002	0.0002	0.0000	0.0004	0.0001	0.0002	0.0000	0.0000	0.0000	0.0000	0.0000	0.0000	0.0000	0.0000	0.0000	0.0000	0.0000	0.0000	0.0000	0.0000	0.0000	0.0000	0.0000	0.0000											
25	37	0.0931	5	1	2	1	0	0	0	0	0	N	Y	N	N	N	N	N	N	N	N	N	N	0.7754	0.5581	0.0000	1.7106	1.6302	0.0000	0.0000	0.0003	0.0004	0.0000	0.0024	0.0025	0.0000	0.0000	0.0000	0.0000	0.0004	0.0007	0.0000	0.0014	0.0015	0.0000	0.0000	0.0000	0.0000	0.0000	0.0002	-0.0000	-0.0000	3.8932	3.0000	15.3303	5.0002	0.0000	0.0000	0.0000	0.0000	0.0000	0.0000	0.0000	0.0000	0.0000	0.0001	0.0001	0.0000	0.0001	0.0001	0.0000	0.0000	0.0000	0.0000	0.0622	0.0532	0.0090	0.0083	0.0081	0.0002	0.0539	0.0451	0.0088	0.1209	0.0744	0.0465	0.0356	0.0329	0.0027	0.0853	0.0415	0.0438	0.7754	0.5581	0.0000	1.7106	1.6302	0.0000	0.0000	0.0000	0.0000	0.0004	0.0007	0.0000	0.0014	0.0015	0.0000	0.0000	0.0000	0.0000		
25	38	0.0505	5	1	2	0	0	0	0	0	0	N	Y	N	N	N	N	N	N	N	N	N	N	65.9173	66.8150	0.0000	82.3820	92.3536	0.0000	0.0000	0.0004	0.0005	0.0000	0.0009	0.0010	0.0000	0.0000	0.0000	0.0000	0.0000	0.0000	0.0000	0.0000	0.0000	0.0000	0.0000	0.0000	0.0000	0.0000	0.2155	-0.0000	-0.0000	3.8932	0.0001	15.3303	0.1668	0.0000	0.0000	0.0000	0.0000	0.0000	0.0000	0.0000	0.0000	0.0000	0.0000	0.0000	0.0000	0.0000	0.0000	0.0000	0.0000	0.0000	0.0000	0.0000	0.0000	0.0000	0.0000	0.0000	0.0000	0.0000	0.0000	0.0000	0.0157	0.0119	0.0039	0.0073	0.0072	0.0000	0.0085	0.0047	0.0038	65.9173	66.8150	0.0000	82.3820	92.3536	0.0000	0.0000	0.0000	0.0000	0.0000	0.0000	0.0000	0.0000	0.0000	0.0000	0.0000	0.0000	0.0000		
25	39	0.0482	10	0	1	0	1	0	0	0	0	N	N	N	N	N	N	N	N	N	N	N	N	0.0000	0.0000	0.0000	0.0000	0.0000	0.0000	0.0000	0.0000	0.0000	0.0000	0.0000	0.0000	0.0000	0.0000	0.0000	0.0000	0.0000	0.6715	0.0085	1.9260	0.0328	0.0177	0.4284	0.9815	0.0000	1.9799	119.7593	0.0000	0.0572	3.8932	1.7673	15.3303	9.0239	0.0000	0.0000	0.0000	0.0000	0.0000	0.0000	0.0000	0.0000	0.0000	0.1516	0.0013	0.1504	0.0024	0.0013	0.0012	0.1492	0.0000	0.1492	0.0502	0.0434	0.0068	0.0112	0.0110	0.0002	0.0391	0.0324	0.0066	0.2258	0.1477	0.0781	0.0738	0.0711	0.0027	0.1520	0.0767	0.0754	0.0000	0.0000	0.0000	0.0000	0.0000	0.0000	0.0000	0.0000	0.0000	0.6715	0.0085	1.9260	0.0328	0.0177	0.4284	0.9815	0.0000	1.9799		
25	40	0.0458	9	0	1	0	1	0	0	0	0	N	N	N	N	N	N	N	N	N	N	N	N	0.0013	0.0084	0.0007	0.0265	0.0261	0.0068	0.0002	0.0005	0.0007	0.0001	0.0001	0.0001	0.0006	0.0006	0.0000	0.0000	0.0000	0.0001	0.0728	0.0111	0.1637	0.0229	0.0239	0.0038	0.0912	0.0015	0.1691	0.1990	9.9674	-0.0000	0.0025	3.8932	3.4690	15.3303	3.7419	0.0000	0.0000	0.0000	0.0000	0.0000	0.0000	0.0000	0.0000	0.0000	0.0087	0.0008	0.0079	0.0007	0.0007	0.0000	0.0079	0.0001	0.0079	0.0759	0.0651	0.0108	0.0100	0.0097	0.0003	0.0658	0.0553	0.0105	0.1189	0.0709	0.0481	0.0320	0.0305	0.0016	0.0869	0.0404	0.0465	0.0013	0.0084	0.0007	0.0265	0.0261	0.0068	0.0002	0.0005	0.0007	0.0728	0.0111	0.1637	0.0229	0.0239	0.0038	0.0912	0.0015	0.1691
25	41	0.0786	9	0	2	1	0	0	0	0	0	N	Y	N	N	N	N	N	N	N	N	N	N	0.0000	0.0000	0.0000	0.0000	0.0000	0.0000	0.0000	0.0000	0.0000	0.0000	0.0000	0.0000	0.0000	0.0000	0.0000	0.0000	0.0000	0.0000	4.6334	0.0159	19.0212	0.0291	0.0313	0.0018	7.2078	0.0002	21.0314	442.9020	0.0000	0.3836	3.8932	0.9997	15.3303	10.1790	0.0000	0.0000	0.0000	0.0000	0.0000	0.0000	0.0000	0.0000	0.0000	1.0016	0.0023	0.9994	0.0023	0.0022	0.0000	0.9994	0.0000	0.9994	0.0214	0.0183	0.0031	0.0024	0.0024	0.0001	0.0190	0.0160	0.0031	0.2162	0.1418	0.0744	0.0775	0.0718	0.0057	0.1387	0.0700	0.0687	0.0000	0.0000	0.0000	0.0000	0.0000	0.0000	0.0000	0.0000	0.0000	4.6334	0.0159	13.4358	0.0291	0.0313	0.0018	7.2078	0.0002	14.5530	
25	42	0.0775	8	0	2	0	0	0	0	0	0	N	Y	N	N	N	N	N	N	N	N	N	N	0.0000	0.0000	0.0000	0.0000	0.0000	0.0000	0.0000	0.0000	0.0000	0.0000	0.0000	0.0000	0.0000	0.0000	0.0000	0.0000	0.0000	0.0000	0.0402	0.0164	0.0805	0.0283	0.0286	0.0228	0.0471	0.0014	0.0841	2.9087	0.0000	0.0001	3.8932	0.0007	15.3303	0.9413	0.0000	0.0000	0.0000	0.0000	0.0000	0.0000	0.0000	0.0000	0.0000	0.0008	0.0002	0.0006	0.0002	0.0002	0.0000	0.0006	0.0000	0.0006	0.0000	0.0000	0.0000	0.0000	0.0000	0.0000	0.0000	0.0000	0.0000	0.0211	0.0133	0.0078	0.0077	0.0073	0.0005	0.0133	0.0060	0.0074	0.0000	0.0000	0.0000	0.0000	0.0000	0.0000	0.0000	0.0000	0.0000	0.0402	0.0164	0.0805	0.0283	0.0286	0.0228	0.0471	0.0014	0.0841	
25	43	0.0600	4	1	1	1	0	0	0	0	0	N	N	N	N	N	N	N	N	N	N	N	N	0.0000	0.0000	0.0000	0.0000	0.0000	0.0000	0.0000	0.0000	0.0000	0.0000	0.0000	0.0000	0.0000	0.0000	0.0000	0.0000	0.0000	0.0000	0.0000	0.0000	0.0000	0.0000	0.0000	0.0000	-0.0000	3.8932	1.9995	15.3303	12.0029	0.0000	0.0000	0.0000	0.0000	0.0000	0.0000	0.0000	0.0000	0.0000	0.0000	0.0000	0.0000	0.0000	0.0000	0.0000	0.0000	0.0000	0.0000	0.0420	0.0360	0.0060	0.0042	0.0041	0.0001	0.0378	0.0318	0.0060	0.2175	0.1285	0.0890	0.0558	0.0520	0.0039	0.1616	0.0765	0.0851	0.0000	0.0000	0.0000	0.0000	0.0000	0.0000	0.0000	0.0000	0.0000	0.0000	0.0000	0.0000	0.0000	0.0000	0.0000	0.0000	0.0000	0.0000						
25	44	0.0269	3	1	2	0	0	0	0	0	0	N	Y	N	N	N	N	N	N	N	N	N	N	1.5169	0.0000	4.8812	0.0000	0.0000	0.0000	1.2851	4.8483	4.8635	0.0000	32.6011	0.0000	0.0000	0.0000	5.2016	0.0000	32.6595	3.2063	0.4035	6.6788	0.8549	0.8608	0.4838	4.0476	0.0000	6.7362	inf	13.3589	0.4447	0.7244	3.8932	10.0000	15.3303	26.8440	0.9842	0.0000	0.9842	0.0000	0.0000	0.0000	0.9842	0.0000	0.9842	2.2953	0.1599	2.1355	0.1613	0.1599	0.0014	2.1341	0.0000	2.1341	0.2024	0.1722	0.0302	0.0132	0.0131	0.0001	0.1892	0.1591	0.0301	0.7159	0.3961	0.3197	0.1886	0.1857	0.0029	0.5272	0.2104	0.3168	1.5169	0.0000	4.8812	0.0000	0.0000	0.0000	1.2851	0.0000	4.8483	3.2063	0.4035	6.6788	0.8549	0.8608	0.4838	4.0476	0.0000	6.7362	
25	45	0.0775	8	0	2	0	0	0	0	0	0	N	Y	N	N	N	N	N	N	N	N	N	N	0.5221	0.5244	0.0000	1.5618	1.9480	0.0000	0.0000	0.0000	0.0002	0.0002	0.0000	0.0014	0.0014	0.0000	0.0000	0.0000	0.0000	0.0003	0.0003	0.0002	0.0009	0.0007	0.0026	0.0000	0.0000	0.0000	0.0000	0.3959	-0.0000	-0.0000	3.8932	3.0000	15.3303	5.0456	0.0000	0.0000	0.0000	0.0000	0.0000	0.0000	0.0000	0.0000	0.0000	0.0000	0.0000	0.0000	0.0000	0.0000	0.0000	0.0000	0.0000	0.0000	0.0637	0.0545	0.0092	0.0072	0.0070	0.0002	0.0566	0.0475	0.0090	0.1329	0.0818	0.0511	0.0427	0.0390	0.0037	0.0902	0.0428	0.0474	0.5221	0.5244	0.0000	1.5618	1.9480	0.0000	0.0000	0.0000	0.0000	0.0003	0.0003	0.0002	0.0009	0.0007	0.0026	0.0000	0.0000	0.0000	
25	46	0.0733	7	0	2	0	0	0	0	0	0	N	Y	N	N	N	N	N	N	N	N	N	N	0.0000	0.0000	0.0000	0.0000	0.0000	0.0000	0.0000	0.0000	0.0000	0.0000	0.0000	0.0000	0.0000	0.0000	0.0000	0.0000	0.0000	0.0000	0.0018	0.0024	0.0009	0.0048	0.0052	0.0004	0.0005	0.0000	0.0010	0.2504	-0.0000	-0.0000	3.8932	2.0000	15.3303	1.0030	0.0000	0.0000	0.0000	0.0000	0.0000	0.0000	0.0000	0.0000	0.0000	0.0001	0.0001	0.0000	0.0001	0.0001	0.0000	0.0000	0.0000	0.0000	0.0415	0.0355	0.0060	0.0042	0.0041	0.0001	0.0374	0.0315	0.0059	0.0478	0.0289	0.0189	0.0146	0.0132	0.0014	0.0331	0.0157	0.0175	0.0000	0.0000	0.0000	0.0000	0.0000	0.0000	0.0000	0.0000	0.0000	0.0018	0.0024	0.0009	0.0048	0.0052	0.0004	0.0005	0.0000	0.0010	
25	47	0.0733	6	0	2	0	0	0	0	0	0	N	Y	N	N	N	N	N	N	N	N	N	N	0.0000	0.0000	0.0000	0.0000	0.0000	0.0000	0.0000	0.0000	0.0000	0.0000	0.0000	0.0000	0.0000	0.0000	0.0000	0.0000	0.0000	0.0000	0.0075	0.0057	0.0112	0.0094	0.0090	0.0232	0.0061	0.0000	0.0107	0.9983	0.0000	-0.0000	3.8932	0.0000	15.3303	0.0582	0.0000	0.0000	0.0000	0.0000	0.0000	0.0000	0.0000	0.0000	0.0000	0.0000	0.0000	0.0000	0.0000	0.0000	0.0000	0.0000	0.0000	0.0000	0.0000	0.0000	0.0000	0.0000	0.0000	0.0000	0.0000	0.0000	0.0000	0.0026	0.0017	0.0009	0.0011	0.0011	0.0000	0.0015	0.0006	0.0008	0.0000	0.0000	0.0000	0.0000	0.0000	0.0000	0.0000	0.0000	0.0000	0.0075	0.0057	0.0112	0.0094	0.0090	0.0232	0.0061	0.0000	0.0107	
25	48	0.0695	5	0	2	0	0	0	0	0	0	N	Y	N	N	N	N	N	N	N	N	N	N	0.0034	0.0000	0.7663	0.0040	0.0000	38.4181	0.0000	0.0000	0.0000	0.0000	0.0000	0.0003	0.0001	0.0000	0.0271	0.0000	0.0000	0.0000	0.0108	0.0160	0.0004	0.0342	0.0356	0.0007	0.0002	0.0000	0.0004	inf	0.0126	0.0000	-0.0005	3.8932	0.0018	15.3303	3.9096	0.0000	0.0000	0.0000	0.0000	0.0000	0.0000	0.0000	0.0000	0.0000	0.0009	0.0009	0.0000	0.0009	0.0009	0.0000	0.0000	0.0000	0.0000	0.0001	0.0001	0.0000	0.0000	0.0000	0.0000	0.0000	0.0000	0.0000	0.0822	0.0546	0.0276	0.0256	0.0246	0.0010	0.0565	0.0300	0.0266	0.0034	0.0000	0.7663	0.0040	0.0000	38.4181	0.0000	0.0000	0.0000	0.0108	0.0160	0.0004	0.0342	0.0356	0.0007	0.0002	0.0000	0.0004
25	49	0.0600	4	0	2	0	0	0	0	0	0	N	Y	N	N	N	N	N	N	N	N	N	N	0.0000	0.0000	0.0000	0.0000	0.0000	0.0000	0.0000	0.0000	0.0000	0.0000	0.0000	0.0000	0.0000	0.0000	0.0000	0.0000	0.0000	0.0000	0.0052	0.0061	0.0038	0.0134	0.0142	0.0021	0.0021	0.0001	0.0039	0.0000	0.4324	-0.0000	-0.0002	3.8932	2.0031	15.3303	6.0601	0.0000	0.0000	0.0000	0.0000	0.0000	0.0000	0.0000	0.0000	0.0000	0.0007	0.0005	0.0002	0.0005	0.0005	0.0000	0.0002	0.0000	0.0002	0.0421	0.0360	0.0061	0.0042	0.0041	0.0001	0.0378	0.0319	0.0060	0.1337	0.0793	0.0543	0.0360	0.0336	0.0023	0.0977	0.0457	0.0520	0.0000	0.0000	0.0000	0.0000	0.0000	0.0000	0.0000	0.0000	0.0000	0.0052	0.0061	0.0038	0.0134	0.0142	0.0021	0.0021	0.0001	0.0039
25	50	0.0567	10	0	1	1	0	0	0	0	0	N	N	N	N	N	N	N	N	N	N	N	N	0.0000	0.0000	0.0000	0.0000	0.0000	0.0000	0.0000	0.0000	0.0000	0.0000	0.0000	0.0000	0.0000	0.0000	0.0000	0.0000	0.0000	0.0000	0.0000	0.0000	0.0000	0.0000	0.0000	0.0000	-0.0000	3.8932	0.0004	15.3303	0.9852	0.0000	0.0000	0.0000	0.0000	0.0000	0.0000	0.0000	0.0000	0.0000	0.0000	0.0000	0.0000	0.0000	0.0000	0.0000	0.0000	0.0000	0.0000	0.0000	0.0000	0.0000	0.0000	0.0000	0.0000	0.0000	0.0000	0.0000	0.0149	0.0091	0.0057	0.0042	0.0039	0.0003	0.0106	0.0052	0.0054	0.0000	0.0000	0.0000	0.0000	0.0000	0.0000	0.0000	0.0000	0.0000	0.0000	0.0000	0.0000	0.0000	0.0000	0.0000	0.0000	0.0000	0.0000						
25	51	0.0458	9	0	1	0	0	0	0	0	0	N	N	N	N	N	N	N	N	N	N	N	N	0.0002	0.0004	0.0000	0.0013	0.0012	0.0287	0.0000	0.0000	0.0000	0.0000	0.0000	0.0001	0.0001	0.0000	0.0000	0.0000	0.0000	0.0284	0.0176	0.0444	0.0422	0.0447	0.0003	0.0238	0.0000	0.0461	0.0093	1.6915	-0.0000	0.0001	3.8932	10.7574	15.3303	12.9024	0.0000	0.0000	0.0000	0.0000	0.0000	0.0000	0.0000	0.0000	0.0000	0.0098	0.0036	0.0062	0.0036	0.0036	0.0000	0.0062	0.0000	0.0062	0.2223	0.1904	0.0319	0.0266	0.0258	0.0008	0.1957	0.1646	0.0311	0.3456	0.2067	0.1388	0.0865	0.0815	0.0050	0.2591	0.1252	0.1339	0.0002	0.0004	0.0000	0.0013	0.0012	0.0287	0.0000	0.0000	0.0000	0.0284	0.0176	0.0444	0.0422	0.0447	0.0003	0.0238	0.0000	0.0461	
25	52	0.0444	8	0	1	0	0	0	0	0	0	N	N	N	N	N	N	N	N	N	N	N	N	0.0001	0.0020	0.0000	0.0069	0.0068	0.3588	0.0000	0.0000	0.0002	0.0002	0.0002	0.0014	0.0014	0.0001	0.0000	0.0000	0.0002	2.1965	0.0953	5.1349	0.1983	0.2071	0.0003	2.9751	0.0000	5.2877	0.1546	38.5142	-0.0000	0.0708	3.8932	2.6694	15.3303	2.4027	0.0000	0.0000	0.0000	0.0000	0.0000	0.0000	0.0000	0.0000	0.0000	0.1968	0.0050	0.1918	0.0050	0.0050	0.0000	0.1918	0.0000	0.1918	0.0573	0.0489	0.0084	0.0068	0.0066	0.0002	0.0505	0.0423	0.0082	0.0896	0.0522	0.0373	0.0251	0.0240	0.0011	0.0645	0.0282	0.0363	0.0001	0.0020	0.0000	0.0069	0.0068	0.3588	0.0000	0.0000	0.0000	2.1965	0.0953	5.1349	0.1983	0.2071	0.0003	2.9751	0.0000	5.2877	
25	53	0.0392	7	0	1	0	0	0	0	0	0	N	N	N	N	N	N	N	N	N	N	N	N	0.0084	0.0116	0.0001	0.0373	0.0358	inf	0.0000	0.0000	0.0120	0.0139	0.0002	0.1062	0.1077	0.0124	0.0000	0.0000	0.0001	1.4313	1.2033	1.7564	2.8487	3.0057	0.0000	0.9633	0.0000	1.8134	0.0026	1.0241	-0.0013	-0.0342	3.8932	8.6921	15.3303	5.3599	0.0023	0.0023	0.0000	0.0023	0.0023	0.0000	0.0000	0.0000	0.0000	0.3142	0.1552	0.1590	0.1552	0.1552	0.0000	0.1590	0.0000	0.1590	0.1919	0.1646	0.0273	0.0217	0.0213	0.0004	0.1702	0.1432	0.0270	0.2195	0.1290	0.0905	0.0545	0.0516	0.0028	0.1650	0.0774	0.0877	0.0084	0.0116	0.0001	0.0373	0.0358	inf	0.0000	0.0000	0.0000	1.4313	1.2033	1.7564	2.8487	3.0057	0.0000	0.9633	0.0000	1.8134	
25	54	0.0390	6	0	1	0	0	0	0	0	0	N	N	N	N	N	N	N	N	N	N	N	N	0.0001	0.0003	0.0001	0.0010	0.0009	14953.5968	0.0000	0.0000	0.0009	0.0009	0.0011	0.0052	0.0047	0.0567	0.0001	0.0000	0.0004	6.3644	2.9083	13.2268	5.2879	5.4585	0.0000	6.8493	0.0000	12.1341	0.1778	2.8756	-0.0000	0.0568	3.8932	1.8652	15.3303	1.4001	0.0000	0.0000	0.0000	0.0000	0.0000	0.0000	0.0000	0.0000	0.0000	0.4467	0.1153	0.3314	0.1153	0.1153	0.0000	0.3314	0.0000	0.3314	0.0496	0.0431	0.0065	0.0084	0.0083	0.0001	0.0412	0.0348	0.0065	0.0702	0.0396	0.0306	0.0218	0.0211	0.0007	0.0484	0.0185	0.0299	0.0001	0.0003	0.0001	0.0010	0.0009	14953.5968	0.0000	0.0000	0.0000	6.3644	2.9083	10.8470	5.2879	5.4585	0.0000	6.8493	0.0000	11.0944	
25	55	0.0345	5	0	1	0	0	0	0	0	0	N	N	N	N	N	N	N	N	N	N	N	N	0.0003	0.0164	0.0001	0.0641	0.0611	32.4205	0.0000	0.0000	0.0001	0.0010	0.0010	0.0011	0.0083	0.0082	0.0336	0.0002	0.0000	0.0010	3.9310	0.0589	10.1333	0.1290	0.1336	0.0010	5.4194	0.0000	10.3940	0.1922	107.3293	-0.0000	0.2183	3.8932	2.5292	15.3303	4.9772	0.0001	0.0000	0.0000	0.0000	0.0000	0.0000	0.0000	0.0000	0.0000	0.5805	0.0054	0.5752	0.0054	0.0054	0.0000	0.5752	0.0000	0.5752	0.0575	0.0494	0.0081	0.0059	0.0058	0.0000	0.0516	0.0436	0.0081	0.1477	0.0909	0.0568	0.0415	0.0401	0.0014	0.1061	0.0508	0.0553	0.0003	0.0164	0.0001	0.0641	0.0611	32.4205	0.0000	0.0000	0.0001	3.9310	0.0589	10.1333	0.1290	0.1336	0.0010	5.4194	0.0000	10.3940
25	56	0.0600	4	1	2	0	0	0	0	0	0	N	Y	N	N	N	N	N	N	N	N	N	N	0.0000	0.0000	0.0000	0.0000	0.0000	0.0000	0.0000	0.0000	0.0000	0.0000	0.0000	0.0000	0.0000	0.0001	0.0000	0.0001	0.0000	0.0000	0.0000	0.0001	0.0000	0.0001	inf	0.0000	0.0000	3.8932	0.0000	15.3303	10.9971	0.0000	0.0000	0.0000	0.0000	0.0000	0.0000	0.0000	0.0000	0.0000	0.0000	0.0000	0.0000	0.0000	0.0000	0.0000	0.0000	0.0000	0.0000	0.0000	0.0000	0.0000	0.0000	0.0000	0.0000	0.0000	0.0000	0.0000	0.1754	0.1038	0.0716	0.0459	0.0428	0.0031	0.1295	0.0610	0.0685	0.0000	0.0000	0.0000	0.0000	0.0000	0.0000	0.0000	0.0000	0.0000	0.0001	0.0000	0.0001	0.0000	0.0000	0.0000	0.0001	0.0000	0.0001						
25	57	0.1153	7	0	1	0	0	0	0	0	0	N	N	N	N	N	N	N	N	N	N	N	N	0.0011	0.0010	0.0000	0.0020	0.0019	0.0000	0.0000	0.0000	0.0000	0.0016	0.0018	0.0000	0.0058	0.0060	0.0000	0.0000	0.0000	0.0000	1.4057	1.8791	0.4006	2.8672	3.1172	0.2381	0.2659	0.1079	0.4225	0.0000	0.1004	-0.0002	-0.5424	3.8932	7.8198	15.3303	21.5823	0.0004	0.0004	0.0000	0.0004	0.0004	0.0000	0.0000	0.0000	0.0000	1.0362	0.9416	0.0945	0.9261	0.9194	0.0067	0.1101	0.0222	0.0879	0.2449	0.2146	0.0304	0.0678	0.0654	0.0024	0.1772	0.1492	0.0280	0.7371	0.5011	0.2360	0.3230	0.2949	0.0280	0.4142	0.2062	0.2080	0.0011	0.0010	0.0000	0.0020	0.0019	0.0000	0.0000	0.0000	0.0000	1.4057	1.8791	0.4006	2.8672	3.1172	0.2381	0.2659	0.1079	0.4225
25	58	0.0958	8	1	2	1	0	0	0	0	0	N	Y	N	N	N	N	N	N	N	N	N	N	0.0004	0.4950	0.0000	0.0751	1.8194	0.0000	0.0000	0.0000	0.0000	0.0002	0.0003	0.0000	0.0022	0.0023	0.0000	0.0000	0.0000	0.0000	0.6354	0.0006	1.5891	0.0295	0.0012	0.2272	0.8901	0.0000	1.7282	0.0000	1879.6428	-0.0000	0.0506	3.8932	2.0055	15.3303	11.8091	0.0000	0.0000	0.0000	0.0000	0.0000	0.0000	0.0000	0.0000	0.0000	0.1316	0.0001	0.1315	0.0018	0.0001	0.0017	0.1298	0.0000	0.1298	0.0419	0.0359	0.0060	0.0045	0.0044	0.0001	0.0374	0.0315	0.0059	0.2071	0.1244	0.0828	0.0613	0.0536	0.0077	0.1458	0.0707	0.0751	0.0004	0.4950	0.0000	0.0751	1.8194	0.0000	0.0000	0.0000	0.0000	0.6354	0.0006	1.5891	0.0295	0.0012	0.2272	0.8901	0.0000	1.7282
25	59	0.0904	7	1	1	1	0	0	0	0	0	N	N	N	N	N	N	N	N	N	N	N	N	0.0000	0.0001	0.0000	0.0005	0.0008	0.0000	0.0000	0.0000	0.0000	0.0000	0.0000	0.0000	0.0000	0.0000	0.0000	0.0000	0.0000	0.0000	0.0810	0.0096	0.2037	0.0144	0.0090	0.0608	0.1142	0.0101	0.2185	0.0000	12.3980	-0.0000	0.0021	3.8932	1.9951	15.3303	2.5667	0.0000	0.0000	0.0000	0.0000	0.0000	0.0000	0.0000	0.0000	0.0000	0.0068	0.0005	0.0063	0.0004	0.0002	0.0002	0.0064	0.0003	0.0061	0.0416	0.0356	0.0060	0.0043	0.0042	0.0001	0.0373	0.0314	0.0059	0.0836	0.0529	0.0308	0.0278	0.0249	0.0029	0.0558	0.0279	0.0279	0.0000	0.0001	0.0000	0.0005	0.0008	0.0000	0.0000	0.0000	0.0000	0.0810	0.0096	0.2037	0.0144	0.0090	0.0608	0.1142	0.0101	0.2185
25	60	0.0836	6	1	1	1	0	0	0	0	0	N	N	N	N	N	N	N	N	N	N	N	N	0.0000	0.0000	0.0000	0.0000	0.0000	0.0000	0.0000	0.0000	0.0000	0.0000	0.0000	0.0000	0.0000	0.0000	0.0000	0.0000	0.0000	0.0000	5.2205	0.4814	32.3838	0.1173	0.1543	0.0044	15.2947	1.2005	116.5931	13.9185	0.0000	0.3245	3.8932	0.0108	15.3303	3.6229	0.0000	0.0000	0.0000	0.0000	0.0000	0.0000	0.0000	0.0000	0.0000	1.0197	0.0683	0.9513	0.0152	0.0151	0.0001	1.0045	0.0533	0.9512	0.0003	0.0003	0.0001	0.0001	0.0001	0.0000	0.0002	0.0002	0.0001	0.1953	0.1420	0.0533	0.1296	0.0976	0.0321	0.0657	0.0444	0.0213	0.0000	0.0000	0.0000	0.0000	0.0000	0.0000	0.0000	0.0000	0.0000	5.2205	0.4814	17.8351	0.1173	0.1543	0.0044	15.2947	1.2005	44.6826	
25	63	0.0836	6	1	1	1	0	0	0	0	0	N	N	N	N	N	N	N	N	N	N	N	N	0.0000	0.0000	0.0000	0.0000	0.0000	0.0000	0.0000	0.0000	0.0000	0.0000	0.0000	0.0000	0.0000	0.0000	0.0000	0.0000	0.0000	0.0000	0.5832	0.2091	1.3138	0.7990	0.3478	6.7336	0.3560	0.0000	0.7763	3.2176	0.0000	0.0266	3.8932	3.9990	15.3303	8.8702	0.0000	0.0000	0.0000	0.0000	0.0000	0.0000	0.0000	0.0000	0.0000	0.1793	0.0425	0.1367	0.1259	0.0425	0.0834	0.0533	0.0000	0.0533	0.0735	0.0635	0.0100	0.0055	0.0053	0.0002	0.0680	0.0582	0.0098	0.3073	0.2033	0.1041	0.1576	0.1222	0.0354	0.1497	0.0811	0.0687	0.0000	0.0000	0.0000	0.0000	0.0000	0.0000	0.0000	0.0000	0.0000	0.5832	0.2091	1.3138	0.7990	0.3478	2.3562	0.3560	0.0000	0.7763	
25	64	0.0635	5	1	1	1	0	0	0	0	0	N	N	N	N	N	N	N	N	N	N	N	N	0.0000	0.0000	0.0000	0.0000	0.0000	0.0000	0.0000	0.0000	0.0000	0.0000	0.0000	0.0000	0.0000	0.0000	0.0000	0.0000	0.0000	0.0000	0.8112	0.8926	0.6799	0.5202	0.5508	0.0471	0.9425	1.1990	0.7127	0.4716	0.0000	-0.0502	3.8932	3.9972	15.3303	6.8232	0.0000	0.0000	0.0000	0.0000	0.0000	0.0000	0.0000	0.0000	0.0000	0.1705	0.1159	0.0546	0.0340	0.0338	0.0002	0.1365	0.0821	0.0545	0.0861	0.0740	0.0121	0.0098	0.0096	0.0002	0.0763	0.0644	0.0119	0.2102	0.1298	0.0804	0.0653	0.0614	0.0040	0.1449	0.0685	0.0764	0.0000	0.0000	0.0000	0.0000	0.0000	0.0000	0.0000	0.0000	0.0000	0.8112	0.8926	0.6799	0.5202	0.5508	0.0471	0.9425	1.1990	0.7127	
25	65	0.0395	5	0	2	0	0	0	0	0	0	N	Y	N	N	N	N	N	N	N	N	N	N	0.0001	0.0002	0.0000	0.0008	0.0008	0.0002	0.0000	0.0000	0.0000	0.0003	0.0003	0.0000	0.0032	0.0032	0.0003	0.0000	0.0000	0.0000	1.8996	1.8439	1.9858	4.0431	4.1539	1.8908	1.1146	0.1496	2.0016	0.0093	0.6953	-0.0000	-0.3462	3.8932	15.6632	15.3303	35.0639	0.0001	0.0001	0.0000	0.0001	0.0001	0.0000	0.0000	0.0000	0.0000	1.6918	0.9979	0.6938	0.9652	0.9512	0.0139	0.7266	0.0467	0.6799	0.3190	0.2724	0.0466	0.0253	0.0252	0.0002	0.2937	0.2472	0.0464	0.8906	0.5412	0.3494	0.2387	0.2290	0.0097	0.6519	0.3122	0.3397	0.0001	0.0002	0.0000	0.0008	0.0008	0.0002	0.0000	0.0000	0.0000	1.8996	1.8439	1.9858	4.0431	4.1539	1.4331	1.1146	0.1496	2.0016
25	66	0.0395	5	0	1	1	0	0	0	0	0	N	N	N	N	N	N	N	N	N	N	N	N	0.0000	0.0000	0.0000	0.0000	0.0000	0.0000	0.0000	0.0000	0.0000	0.0000	0.0000	0.0000	0.0000	0.0000	0.0000	0.0000	0.0000	0.1011	0.0022	0.2730	0.0107	0.0040	0.1907	0.1535	0.0000	0.2761	69.7856	0.0000	0.0180	3.8932	4.9998	15.3303	10.1184	0.0000	0.0000	0.0000	0.0000	0.0000	0.0000	0.0000	0.0000	0.0000	0.0486	0.0007	0.0479	0.0019	0.0007	0.0012	0.0467	0.0000	0.0467	0.1128	0.0967	0.0162	0.0119	0.0118	0.0001	0.1010	0.0849	0.0161	0.4809	0.3054	0.1756	0.1766	0.1703	0.0063	0.3043	0.1351	0.1692	0.0000	0.0000	0.0000	0.0000	0.0000	0.0000	0.0000	0.0000	0.0000	0.1011	0.0022	0.2730	0.0107	0.0040	0.1907	0.1535	0.0000	0.2761		
25	67	0.0439	7	0	2	0	0	0	0	0	0	N	Y	N	N	N	N	N	N	N	N	N	N	0.0000	0.0001	0.0000	0.0094	0.0243	0.0001	0.0000	0.0000	0.0000	0.0000	0.0001	0.0000	0.0005	0.0005	0.0000	0.0000	0.0000	0.0000	2.0872	0.4753	4.5355	0.0486	0.0194	0.4612	2.8946	0.8326	4.7374	0.0036	6.2829	-0.0000	0.2374	3.8932	10.9928	15.3303	18.5513	0.0000	0.0000	0.0000	0.0000	0.0000	0.0000	0.0000	0.0000	0.0000	0.9574	0.1315	0.8260	0.0063	0.0024	0.0040	0.9511	0.1291	0.8220	0.2209	0.1898	0.0311	0.0224	0.0214	0.0009	0.1986	0.1684	0.0302	0.4587	0.2766	0.1821	0.1301	0.1215	0.0086	0.3286	0.1551	0.1735	0.0000	0.0001	0.0000	0.0094	0.0243	0.0001	0.0000	0.0000	0.0000	2.0872	0.4753	4.5355	0.0486	0.0194	0.4612	2.8946	0.8326	4.7374
25	68	0.0439	6	0	1	0	0	0	0	0	0	N	N	N	N	N	N	N	N	N	N	N	N	0.0008	0.0005	0.0033	0.0020	0.0011	0.6509	0.0001	0.0000	0.0006	0.0001	0.0001	0.0007	0.0004	0.0002	0.0241	0.0000	0.0000	0.0001	0.1622	0.1369	0.2101	0.1775	0.1809	0.0370	0.1500	0.0518	0.2156	0.9888	0.8080	-0.0000	-0.0018	3.8932	0.0861	15.3303	1.0715	0.0000	0.0000	0.0000	0.0000	0.0000	0.0000	0.0000	0.0000	0.0000	0.0107	0.0059	0.0048	0.0052	0.0052	0.0000	0.0055	0.0008	0.0048	0.0043	0.0039	0.0004	0.0015	0.0014	0.0000	0.0029	0.0025	0.0004	0.0662	0.0434	0.0228	0.0293	0.0286	0.0007	0.0369	0.0148	0.0221	0.0008	0.0005	0.0033	0.0020	0.0011	0.6509	0.0001	0.0000	0.0006	0.1622	0.1369	0.2101	0.1775	0.1809	0.0370	0.1500	0.0518	0.2156
25	69	0.0931	6	1	1	1	0	0	0	0	0	N	N	N	N	N	N	N	N	N	N	N	N	0.0000	0.0000	0.0000	0.0000	0.0000	0.0000	0.0000	0.0000	0.0000	0.0000	0.0000	0.0000	0.0000	0.0000	0.0000	0.0000	0.0013	0.0021	0.0000	0.0044	0.0048	0.0000	0.0000	0.0000	0.0000	0.0000	0.0000	-0.0000	3.8932	1.0000	15.3303	3.0001	0.0000	0.0000	0.0000	0.0000	0.0000	0.0000	0.0000	0.0000	0.0000	0.0001	0.0001	0.0000	0.0001	0.0001	0.0000	0.0000	0.0000	0.0000	0.0209	0.0179	0.0030	0.0028	0.0027	0.0001	0.0181	0.0152	0.0030	0.0613	0.0377	0.0236	0.0181	0.0167	0.0014	0.0432	0.0210	0.0222	0.0000	0.0000	0.0000	0.0000	0.0000	0.0000	0.0000	0.0000	0.0000	0.0013	0.0021	0.0000	0.0044	0.0048	0.0000	0.0000	0.0000	0.0000			
25	70	0.0931	5	1	1	1	0	0	0	0	0	N	N	N	N	N	N	N	N	N	N	N	N	0.0000	0.0000	0.0000	0.0000	0.0000	0.0000	0.0000	0.0000	0.0000	0.0000	0.0000	0.0000	0.0000	0.0000	0.0000	0.0000	0.0081	0.0069	0.0099	0.0095	0.0096	0.0000	0.0071	0.0000	0.0101	1.0000	0.0000	-0.0000	3.8932	0.0000	15.3303	0.0009	0.0000	0.0000	0.0000	0.0000	0.0000	0.0000	0.0000	0.0000	0.0000	0.0000	0.0000	0.0000	0.0000	0.0000	0.0000	0.0000	0.0000	0.0000	0.0000	0.0000	0.0000	0.0000	0.0000	0.0000	0.0000	0.0000	0.0000	0.0000	0.0000	0.0000	0.0000	0.0000	0.0000	0.0000	0.0000	0.0000	0.0000	0.0000	0.0000	0.0000	0.0000	0.0000	0.0000	0.0000	0.0000	0.0081	0.0069	0.0099	0.0095	0.0096	0.0000	0.0071	0.0000	0.0101			
25	71	0.0600	4	1	1	1	0	0	0	0	0	N	N	N	N	N	N	N	N	N	N	N	N	0.0011	0.0008	0.0000	0.0029	0.0028	0.0000	0.0000	0.0000	0.0000	0.0001	0.0000	0.0005	0.0005	0.0000	0.0000	0.0000	0.0000	0.0438	0.0741	0.0003	0.1754	0.1889	0.0030	0.0001	0.0000	0.0002	0.0000	0.0027	-0.0000	-0.0091	3.8932	9.9966	15.3303	12.9129	0.0000	0.0000	0.0000	0.0000	0.0000	0.0000	0.0000	0.0000	0.0000	0.0148	0.0148	0.0000	0.0148	0.0148	0.0000	0.0000	0.0000	0.0000	0.2017	0.1728	0.0289	0.0196	0.0192	0.0004	0.1821	0.1536	0.0285	0.3381	0.1994	0.1387	0.0843	0.0782	0.0061	0.2538	0.1212	0.1326	0.0011	0.0008	0.0000	0.0029	0.0028	0.0000	0.0000	0.0000	0.0000	0.0438	0.0741	0.0003	0.1754	0.1889	0.0030	0.0001	0.0000	0.0002	
25	72	0.0269	3	0	2	0	1	0	0	0	0	N	Y	N	N	N	N	N	N	N	N	N	N	0.0001	0.0003	0.0000	0.0016	0.0016	0.0000	0.0000	0.0001	0.0001	0.0000	0.0012	0.0012	0.0000	0.0000	0.0000	0.0000	1.2899	0.3237	2.5113	0.7477	0.7618	0.0000	1.4627	0.0000	2.5371	0.0000	6.1372	-0.0000	0.2819	3.8932	13.0000	15.3303	39.1663	0.0000	0.0000	0.0000	0.0000	0.0000	0.0000	0.0000	0.0000	0.0000	1.1500	0.1611	0.9888	0.1611	0.1611	0.0000	0.9888	0.0000	0.9888	0.2600	0.2214	0.0387	0.0169	0.0168	0.0001	0.2431	0.2045	0.0386	0.8915	0.4978	0.3937	0.2155	0.2115	0.0040	0.6760	0.2863	0.3897	0.0001	0.0003	0.0000	0.0016	0.0016	0.0000	0.0000	0.0000	0.0000	1.2899	0.3237	2.5113	0.7477	0.7618	0.0000	1.4627	0.0000	2.5371		
25	73	0.0293	4	0	2	0	0	0	0	0	0	N	Y	N	N	N	N	N	N	N	N	N	N	0.0000	0.0000	0.0000	0.0000	0.0000	0.0004	0.0000	0.0000	0.0000	0.0000	0.0000	0.0000	0.0000	0.0002	0.0000	0.0000	0.0000	1.6038	0.0252	3.6711	0.0532	0.0466	0.5630	2.3017	0.0000	3.6998	inf	111.2446	0.0000	0.3144	3.8932	3.0003	15.3303	18.1082	0.0000	0.0000	0.0000	0.0000	0.0000	0.0000	0.0000	0.0000	0.0000	0.8354	0.0074	0.8279	0.0086	0.0074	0.0012	0.8268	0.0000	0.8268	0.0625	0.0531	0.0094	0.0041	0.0041	0.0000	0.0584	0.0490	0.0094	0.5209	0.2953	0.2255	0.1617	0.1596	0.0021	0.3592	0.1357	0.2235	0.0000	0.0000	0.0000	0.0000	0.0000	0.0004	0.0000	0.0000	0.0000	1.6038	0.0252	3.6711	0.0532	0.0466	0.5630	2.3017	0.0000	3.6998	
25	74	0.0635	5	0	2	0	0	0	0	0	0	N	Y	N	N	N	N	N	N	N	N	N	N	0.0000	0.0000	0.0000	0.0000	0.0000	0.0000	0.0000	0.0000	0.0000	0.0000	0.0000	0.0000	0.0000	0.0000	0.0000	0.0000	0.0000	0.0000	2.7294	0.5454	6.0519	0.0257	0.0263	0.0184	3.7526	0.9270	6.3537	7.2943	0.0000	0.2906	3.8932	7.0046	15.3303	18.1036	0.0000	0.0000	0.0000	0.0000	0.0000	0.0000	0.0000	0.0000	0.0000	1.0980	0.1324	0.9657	0.0028	0.0027	0.0001	1.0952	0.1297	0.9655	0.1464	0.1256	0.0207	0.0156	0.0153	0.0003	0.1308	0.1103	0.0205	0.4023	0.2427	0.1596	0.1105	0.1029	0.0076	0.2919	0.1399	0.1520	0.0000	0.0000	0.0000	0.0000	0.0000	0.0000	0.0000	0.0000	0.0000	2.7294	0.5454	6.0519	0.0257	0.0263	0.0184	3.7526	0.9270	6.3537	
25	75	0.0600	4	0	1	0	0	0	0	0	0	N	N	N	N	N	N	N	N	N	N	N	N	0.0007	0.0043	0.0005	0.0175	0.0175	0.0000	0.0002	0.0016	0.0005	0.0004	0.0003	0.0006	0.0016	0.0016	0.0000	0.0002	0.0001	0.0007	0.5501	0.0753	1.2622	0.0924	0.0937	0.0674	0.7450	0.0588	1.3099	0.3134	11.1759	-0.0000	0.0113	3.8932	0.2435	15.3303	3.2922	0.0000	0.0000	0.0000	0.0000	0.0000	0.0000	0.0000	0.0000	0.0000	0.0373	0.0031	0.0343	0.0019	0.0018	0.0001	0.0355	0.0013	0.0342	0.0056	0.0048	0.0008	0.0007	0.0007	0.0000	0.0048	0.0041	0.0007	0.0679	0.0407	0.0272	0.0203	0.0192	0.0010	0.0476	0.0215	0.0261	0.0007	0.0043	0.0005	0.0175	0.0175	0.0000	0.0002	0.0016	0.0005	0.5501	0.0753	1.2622	0.0924	0.0937	0.0674	0.7450	0.0588	1.3099
25	76	0.0269	3	0	1	0	0	0	0	0	0	N	N	N	N	N	N	N	N	N	N	N	N	0.0031	0.0063	0.0000	67.3941	68.9818	0.0000	0.0000	0.0000	0.0000	0.0162	0.0191	0.0000	0.2501	0.2511	0.0000	0.0000	0.0000	0.0000	5.2651	3.0471	7.9610	0.0037	0.0036	0.0091	7.3681	6.2627	8.0268	0.0000	2.1496	-0.0013	0.2127	3.8932	7.0044	15.3303	20.1113	0.0023	0.0023	0.0000	0.0023	0.0023	0.0000	0.0000	0.0000	0.0000	3.1397	0.9969	2.1429	0.0006	0.0006	0.0000	3.1391	0.9963	2.1428	0.1434	0.1220	0.0215	0.0093	0.0093	0.0000	0.1341	0.1127	0.0214	0.5963	0.3272	0.2692	0.1703	0.1681	0.0022	0.4260	0.1591	0.2670	0.0031	0.0063	0.0000	67.3941	68.9818	0.0000	0.0000	0.0000	0.0000	5.2651	3.0471	7.9610	0.0037	0.0036	0.0091	7.3681	6.2627	8.0268
25	77	0.0444	7	0	2	0	0	0	0	0	0	N	Y	N	N	N	N	N	N	N	N	N	N	0.0395	0.0000	40.7803	0.1647	0.0000	35483.1714	0.0000	0.0000	0.0000	0.0001	0.0000	0.0004	0.0010	0.0000	0.0451	0.0000	0.0000	0.0000	0.0015	0.0026	0.0000	0.0059	0.0063	0.0000	0.0000	0.0000	0.0000	inf	0.0027	0.0000	-0.0003	3.8932	8.6571	15.3303	16.0761	0.0000	0.0000	0.0000	0.0000	0.0000	0.0000	0.0000	0.0000	0.0000	0.0005	0.0005	0.0000	0.0005	0.0005	0.0000	0.0000	0.0000	0.0000	0.1632	0.1393	0.0239	0.0103	0.0101	0.0002	0.1529	0.1292	0.0237	0.3521	0.2067	0.1454	0.0922	0.0855	0.0067	0.2599	0.1212	0.1387	0.0395	0.0000	40.7803	0.1647	0.0000	35483.1714	0.0000	0.0000	0.0000	0.0015	0.0026	0.0000	0.0059	0.0063	0.0000	0.0000	0.0000	0.0000
25	78	0.0439	6	0	2	0	0	0	0	0	0	N	Y	N	N	N	N	N	N	N	N	N	N	0.0005	0.0004	0.0016	0.0031	0.0014	5.9434	0.0000	0.0000	0.0000	0.0000	0.0000	0.0000	0.0000	0.0000	0.0008	0.0000	0.0000	0.0000	0.0094	0.0072	0.0134	0.0081	0.0083	0.0001	0.0103	0.0054	0.0138	1.0927	1.0372	-0.0000	-0.0001	3.8932	0.3645	15.3303	1.9845	0.0000	0.0000	0.0000	0.0000	0.0000	0.0000	0.0000	0.0000	0.0000	0.0008	0.0004	0.0004	0.0003	0.0003	0.0000	0.0005	0.0001	0.0004	0.0101	0.0088	0.0012	0.0020	0.0020	0.0000	0.0081	0.0069	0.0012	0.0839	0.0539	0.0300	0.0339	0.0328	0.0010	0.0501	0.0211	0.0290	0.0005	0.0004	0.0016	0.0031	0.0014	5.9434	0.0000	0.0000	0.0000	0.0094	0.0072	0.0134	0.0081	0.0083	0.0001	0.0103	0.0054	0.0138
25	79	0.0345	5	0	1	0	0	0	0	0	0	N	N	N	N	N	N	N	N	N	N	N	N	0.0033	0.0029	0.0004	0.0107	0.0102	0.6753	0.0000	0.0000	0.0001	0.0003	0.0003	0.0000	0.0030	0.0030	0.0046	0.0000	0.0000	0.0000	0.0892	0.1182	0.0460	0.2794	0.2920	0.0068	0.0262	0.0036	0.0471	0.0096	0.2614	-0.0000	-0.0104	3.8932	2.9108	15.3303	14.2456	0.0000	0.0000	0.0000	0.0000	0.0000	0.0000	0.0000	0.0000	0.0000	0.0256	0.0203	0.0053	0.0199	0.0199	0.0000	0.0056	0.0004	0.0053	0.0653	0.0561	0.0093	0.0064	0.0063	0.0000	0.0590	0.0497	0.0092	0.2865	0.1714	0.1151	0.0713	0.0682	0.0032	0.2152	0.1033	0.1120	0.0033	0.0029	0.0004	0.0107	0.0102	0.6753	0.0000	0.0000	0.0001	0.0892	0.1182	0.0460	0.2794	0.2920	0.0068	0.0262	0.0036	0.0471
25	80	0.0293	4	0	1	0	0	0	0	0	0	N	N	N	N	N	N	N	N	N	N	N	N	0.0015	0.0119	0.0000	0.0973	0.0968	3.5912	0.0000	0.0000	0.0000	0.0005	0.0006	0.0000	0.0070	0.0070	0.0064	0.0000	0.0000	0.0000	0.3434	0.0502	0.7209	0.0723	0.0727	0.0018	0.5172	0.0000	0.7248	0.0038	11.1563	-0.0000	0.0352	3.8932	0.1009	15.3303	7.5203	0.0000	0.0000	0.0000	0.0000	0.0000	0.0000	0.0000	0.0000	0.0000	0.1161	0.0095	0.1065	0.0095	0.0095	0.0000	0.1065	0.0000	0.1065	0.0022	0.0018	0.0003	0.0002	0.0002	0.0000	0.0020	0.0017	0.0003	0.3380	0.1902	0.1477	0.1320	0.1312	0.0008	0.2059	0.0590	0.1469	0.0015	0.0119	0.0000	0.0973	0.0968	3.5912	0.0000	0.0000	0.0000	0.3434	0.0502	0.7209	0.0723	0.0727	0.0018	0.5172	0.0000	0.7248
25	81	0.0269	3	0	1	0	0	0	0	0	0	N	N	N	N	N	N	N	N	N	N	N	N	0.0003	0.0005	0.0000	0.0053	0.0053	0.0000	0.0000	0.0000	0.0000	0.0002	0.0002	0.0000	0.0024	0.0024	0.0000	0.0000	0.0000	0.0000	0.5553	0.3732	0.7522	0.4480	0.4492	0.0014	0.6370	0.0017	0.7540	0.0000	1.8645	-0.0000	0.0057	3.8932	0.0014	15.3303	3.7882	0.0000	0.0000	0.0000	0.0000	0.0000	0.0000	0.0000	0.0000	0.0000	0.1564	0.0546	0.1018	0.0546	0.0546	0.0000	0.1018	0.0000	0.1018	0.0000	0.0000	0.0000	0.0000	0.0000	0.0000	0.0000	0.0000	0.0000	0.2817	0.1463	0.1354	0.1218	0.1215	0.0003	0.1599	0.0249	0.1350	0.0003	0.0005	0.0000	0.0053	0.0053	0.0000	0.0000	0.0000	0.0000	0.5553	0.3732	0.7522	0.4480	0.4492	0.0014	0.6370	0.0017	0.7540
25	82	0.0326	4	0	2	0	0	0	0	0	0	N	Y	N	N	N	N	N	N	N	N	N	N	0.0380	0.0285	0.0197	0.1039	0.1013	36.1579	0.0057	0.3837	0.0180	0.0002	0.0002	0.0000	0.0021	0.0021	0.0003	0.0000	0.0000	0.0000	0.0055	0.0084	0.0010	0.0200	0.0207	0.0000	0.0005	0.0000	0.0010	0.0139	0.0761	-0.0000	-0.0015	3.8932	7.9116	15.3303	21.1247	0.0000	0.0000	0.0000	0.0000	0.0000	0.0000	0.0000	0.0000	0.0000	0.0028	0.0026	0.0002	0.0026	0.0026	0.0000	0.0002	0.0000	0.0002	0.1723	0.1468	0.0255	0.0170	0.0168	0.0001	0.1553	0.1300	0.0253	0.5160	0.3115	0.2045	0.1310	0.1268	0.0042	0.3850	0.1848	0.2003	0.0380	0.0285	0.0197	0.1039	0.1013	36.1579	0.0057	0.3837	0.0180	0.0055	0.0084	0.0010	0.0200	0.0207	0.0000	0.0005	0.0000	0.0010
25	83	0.0505	5	1	2	0	0	0	0	0	0	N	Y	N	N	N	N	N	N	N	N	N	N	0.0000	0.0000	0.0000	0.0000	0.0000	0.0000	0.0000	0.0000	0.0000	0.0000	0.0000	0.0000	0.0000	0.0000	0.0000	0.0000	0.0000	0.0000	0.0000	0.0000	3.8932	0.0000	15.3303	1.8333	0.0000	0.0000	0.0000	0.0000	0.0000	0.0000	0.0000	0.0000	0.0000	0.0000	0.0000	0.0000	0.0000	0.0000	0.0000	0.0000	0.0000	0.0000	0.0000	0.0000	0.0000	0.0000	0.0000	0.0000	0.0000	0.0000	0.0000	0.0400	0.0257	0.0143	0.0126	0.0121	0.0005	0.0274	0.0136	0.0137	0.0000	0.0000	0.0000	0.0000	0.0000	0.0000	0.0000	0.0000	0.0000	0.0000	0.0000	0.0000	0.0000	0.0000	0.0000	0.0000	0.0000	0.0000											
25	84	0.0326	4	1	2	0	0	0	0	0	0	N	Y	N	N	N	N	N	N	N	N	N	N	0.8558	0.9752	0.0000	3.6296	3.5578	0.0826	0.0158	25.7026	0.0000	0.0029	0.0034	0.0000	0.0283	0.0285	0.0000	0.0000	0.0000	0.0000	0.0034	0.0035	0.0033	0.0078	0.0080	0.0001	0.0017	0.0000	0.0033	0.0000	0.5873	-0.0002	-0.0003	3.8932	6.9552	15.3303	13.1226	0.0004	0.0004	0.0000	0.0004	0.0004	0.0000	0.0000	0.0000	0.0000	0.0014	0.0009	0.0005	0.0009	0.0009	0.0000	0.0005	0.0000	0.0005	0.1534	0.1307	0.0227	0.0157	0.0156	0.0001	0.1377	0.1152	0.0226	0.4006	0.2451	0.1555	0.1105	0.1074	0.0031	0.2901	0.1377	0.1524	0.8558	0.9752	0.0000	3.6296	3.5578	0.0826	0.0158	25.7026	0.0000	0.0034	0.0035	0.0033	0.0078	0.0080	0.0001	0.0017	0.0000	0.0033
25	85	0.0295	3	0	2	0	0	0	0	0	0	N	Y	N	N	N	N	N	N	N	N	N	N	0.4504	0.2724	1.3104	0.5099	0.5030	5.6716	0.5184	0.0180	1.2987	0.0224	0.0152	0.0535	0.0530	0.0530	0.0400	0.0130	0.0000	0.0535	0.0496	0.0558	0.0408	0.1039	0.1054	0.0071	0.0252	0.0019	0.0412	0.8075	0.5134	-0.0000	-0.0023	3.8932	0.3374	15.3303	6.1146	0.0003	0.0001	0.0001	0.0001	0.0001	0.0000	0.0001	0.0000	0.0001	0.0083	0.0055	0.0028	0.0054	0.0054	0.0000	0.0029	0.0001	0.0028	0.0115	0.0093	0.0021	0.0027	0.0027	0.0000	0.0088	0.0067	0.0021	0.1664	0.0978	0.0686	0.0518	0.0510	0.0008	0.1147	0.0468	0.0679	0.4504	0.2724	1.3104	0.5099	0.5030	5.6716	0.5184	0.0180	1.2987	0.0496	0.0558	0.0408	0.1039	0.1054	0.0071	0.0252	0.0019	0.0412
25	86	0.0295	3	0	2	0	0	0	0	0	0	N	Y	N	N	N	N	N	N	N	N	N	N	0.2876	0.2524	0.0007	1.1195	1.0953	0.1691	0.0001	0.0000	0.0005	0.0032	0.0038	0.0000	0.0429	0.0432	0.0005	0.0000	0.0000	0.0000	0.0113	0.0151	0.0060	0.0383	0.0394	0.0027	0.0033	0.0001	0.0060	0.0002	0.2875	-0.0004	-0.0018	3.8932	11.0342	15.3303	12.7513	0.0007	0.0007	0.0000	0.0007	0.0007	0.0000	0.0000	0.0000	0.0000	0.0046	0.0036	0.0010	0.0036	0.0035	0.0000	0.0010	0.0000	0.0010	0.2259	0.1920	0.0338	0.0170	0.0170	0.0001	0.2088	0.1751	0.0337	0.4068	0.2357	0.1711	0.0928	0.0901	0.0027	0.3140	0.1457	0.1684	0.2876	0.2524	0.0007	1.1195	1.0953	0.1691	0.0001	0.0000	0.0005	0.0113	0.0151	0.0060	0.0383	0.0394	0.0027	0.0033	0.0001	0.0060
25	87	0.0219	2	0	2	0	0	0	0	0	0	N	Y	N	N	N	N	N	N	N	N	N	N	0.0749	0.1106	0.0001	1.3541	1.3150	0.0000	0.0000	0.0000	0.0001	0.0281	0.0332	0.0000	0.4163	0.4179	0.0000	0.0000	0.0000	0.0000	0.3757	0.2997	0.4648	0.3074	0.3178	0.0003	0.4165	0.2630	0.4775	0.0002	1.3225	-0.0013	-0.0064	3.8932	3.9739	15.3303	6.2820	0.0023	0.0023	0.0000	0.0023	0.0023	0.0000	0.0000	0.0000	0.0000	0.1423	0.0613	0.0810	0.0435	0.0435	0.0000	0.0987	0.0177	0.0810	0.0829	0.0703	0.0126	0.0056	0.0056	0.0000	0.0773	0.0647	0.0126	0.3787	0.2044	0.1743	0.1416	0.1369	0.0046	0.2371	0.0674	0.1697	0.0749	0.1106	0.0001	1.3541	1.3150	0.0000	0.0000	0.0000	0.0001	0.3757	0.2997	0.4648	0.3074	0.3178	0.0003	0.4165	0.2630	0.4775
25	92	0.1153	7	0	1	0	0	0	0	0	0	N	N	N	N	N	N	N	N	N	N	N	N	0.0001	0.0057	0.0000	0.0035	0.0175	0.0002	0.0000	0.0223	0.0000	0.0001	0.0002	0.0001	0.0009	0.0009	0.0015	0.0000	0.0000	0.0000	1.0938	0.0273	3.1499	0.2700	0.0519	9.4722	1.5974	0.0000	3.2159	0.0986	59.8300	-0.0000	0.4114	3.8932	24.8682	15.3303	39.8855	0.0001	0.0001	0.0000	0.0001	0.0001	0.0000	0.0000	0.0000	0.0000	1.1155	0.0183	1.0971	0.1044	0.0183	0.0861	1.0110	0.0000	1.0110	0.5003	0.4314	0.0689	0.0772	0.0731	0.0042	0.4231	0.3583	0.0647	1.0198	0.6715	0.3483	0.3869	0.3530	0.0339	0.6329	0.3185	0.3144	0.0001	0.0057	0.0000	0.0035	0.0175	0.0006	0.0000	0.0223	0.0000	1.0938	0.0273	3.1499	0.2700	0.0519	2.5384	1.5974	0.0000	3.2159
26	27	0.0285	5	1	2	0	1	0	0	0	0	N	Y	N	N	N	N	N	N	N	N	N	N	0.0000	0.0000	0.0000	0.0000	0.0000	0.0000	0.0000	0.0000	0.0000	0.0000	0.0000	0.0000	0.0000	0.0129	0.0236	0.0000	0.0608	0.0646	0.0000	0.0000	0.0000	0.0000	0.0000	0.0000	-0.0038	4.2937	16.0000	9.5692	34.8566	0.0000	0.0000	0.0000	0.0000	0.0000	0.0000	0.0000	0.0000	0.0000	0.0061	0.0061	0.0000	0.0061	0.0061	0.0000	0.0000	0.0000	0.0000	0.3774	0.3243	0.0532	0.0511	0.0502	0.0010	0.3263	0.2741	0.0522	0.4762	0.2599	0.2163	0.1010	0.0951	0.0059	0.3752	0.1648	0.2104	0.0000	0.0000	0.0000	0.0000	0.0000	0.0000	0.0000	0.0000	0.0000	0.0129	0.0236	0.0000	0.0608	0.0646	0.0000	0.0000	0.0000	0.0000						
26	28	0.0342	7	0	1	1	1	0	0	0	0	N	N	N	N	N	N	N	N	N	N	N	N	0.0000	0.0000	0.0000	0.0000	0.0000	0.0000	0.0000	0.0000	0.0000	0.0000	0.0000	0.0000	0.0000	0.0000	0.0000	0.0000	0.0000	0.0000	0.0000	0.0000	4.2937	0.0000	9.5692	3.0088	0.0000	0.0000	0.0000	0.0000	0.0000	0.0000	0.0000	0.0000	0.0000	0.0000	0.0000	0.0000	0.0000	0.0000	0.0000	0.0000	0.0000	0.0000	0.0000	0.0000	0.0000	0.0000	0.0000	0.0000	0.0000	0.0000	0.0000	0.0292	0.0157	0.0135	0.0054	0.0047	0.0007	0.0238	0.0110	0.0128	0.0000	0.0000	0.0000	0.0000	0.0000	0.0000	0.0000	0.0000	0.0000	0.0000	0.0000	0.0000	0.0000	0.0000	0.0000	0.0000	0.0000	0.0000											
26	29	0.0218	4	0	2	0	1	0	0	0	0	N	Y	N	N	N	N	N	N	N	N	N	N	5.5546	0.0000	inf	0.0000	0.0000	inf	inf	5.7191	0.0000	24.2158	0.0000	0.0000	0.0000	7.6536	0.0000	24.4691	1.0296	1.9643	0.0000	3.5743	3.6041	0.0000	0.0000	0.0000	0.0000	5559154.7365	0.0000	0.4594	-0.2135	4.2937	5.0749	9.5692	14.8264	1.0168	0.0000	1.0168	0.0000	0.0000	0.0000	1.0168	0.0000	1.0168	0.3473	0.3473	0.0000	0.3473	0.3473	0.0000	0.0000	0.0000	0.0000	0.1778	0.1358	0.0420	0.0449	0.0445	0.0004	0.1328	0.0913	0.0416	0.3373	0.1768	0.1605	0.0972	0.0964	0.0008	0.2402	0.0804	0.1597	5.5546	0.0000	inf	0.0000	0.0000	0.0000	inf	0.0000	inf	1.0296	1.9643	0.0000	3.5743	3.6041	0.0000	0.0000	0.0000	0.0000		
26	30	0.0617	6	1	1	1	1	0	0	0	0	N	N	N	N	N	N	N	N	N	N	N	N	78.3723	249.5589	0.0000	0.0000	71.3146	247.9137	0.0548	0.0000	0.3984	0.0000	0.0000	0.0000	0.0657	0.0000	0.4109	0.0007	0.0000	0.0016	0.0000	0.0000	0.0003	0.0009	0.0000	0.0017	inf	inf	0.0036	0.0001	4.2937	5.9956	9.5692	15.0927	0.0080	0.0000	0.0080	0.0000	0.0000	0.0000	0.0080	0.0000	0.0080	0.0001	0.0000	0.0001	0.0000	0.0000	0.0000	0.0001	0.0000	0.0001	0.1466	0.1264	0.0202	0.0243	0.0237	0.0006	0.1223	0.1027	0.0196	0.2026	0.1138	0.0888	0.0501	0.0461	0.0039	0.1526	0.0677	0.0849	78.3723	0.0000	249.5589	0.0000	0.0000	0.0000	71.3146	0.0000	247.9137	0.0007	0.0000	0.0016	0.0000	0.0000	0.0003	0.0009	0.0000	0.0017			
26	31	0.0191	2	0	2	0	1	0	0	0	0	N	Y	N	N	N	N	N	N	N	N	N	N	1.2538	0.0069	84.8708	0.0031	0.0031	0.0000	116.6365	inf	85.1720	0.3011	0.0031	0.6854	0.0039	0.0039	0.0000	0.5442	0.0000	0.6856	0.2401	0.4470	0.0081	1.2594	1.2634	0.0281	0.0047	0.0000	0.0081	172.5498	0.0161	0.0350	-0.0159	4.2937	1.4218	9.5692	7.0463	0.0786	0.0005	0.0781	0.0005	0.0005	0.0000	0.0781	0.0000	0.0781	0.0266	0.0262	0.0004	0.0262	0.0262	0.0000	0.0004	0.0000	0.0004	0.2609	0.1470	0.1140	0.1174	0.1174	0.0000	0.1435	0.0296	0.1139	0.1109	0.0586	0.0523	0.0208	0.0207	0.0001	0.0901	0.0379	0.0522	1.2538	0.0069	84.8708	0.0031	0.0031	0.0000	116.6365	inf	85.1720	0.2401	0.4470	0.0081	1.2594	1.2634	0.0281	0.0047	0.0000	0.0081
26	34	0.0617	6	1	1	1	1	0	0	0	0	N	N	N	N	N	N	N	N	N	N	N	N	0.2573	0.0000	inf	0.0000	0.0000	inf	inf	0.0655	0.0000	0.4754	0.0000	0.0000	0.0000	0.0786	0.0000	0.4903	0.2547	0.4532	0.0000	1.0277	1.1150	0.0000	0.0000	0.0000	0.0000	inf	0.0000	0.0036	-0.0304	4.2937	4.9966	9.5692	15.0870	0.0080	0.0000	0.0080	0.0000	0.0000	0.0000	0.0080	0.0000	0.0080	0.0494	0.0494	0.0000	0.0494	0.0494	0.0000	0.0000	0.0000	0.0000	0.1227	0.1058	0.0169	0.0204	0.0199	0.0005	0.1023	0.0859	0.0164	0.1941	0.1091	0.0850	0.0481	0.0443	0.0038	0.1460	0.0647	0.0812	0.2573	0.0000	inf	0.0000	0.0000	0.0000	inf	0.0000	inf	0.2547	0.4532	0.0000	1.0277	1.1150	0.0000	0.0000	0.0000	0.0000		
26	35	0.0342	7	0	2	0	1	0	0	0	0	N	Y	N	N	N	N	N	N	N	N	N	N	0.0000	0.0000	0.0000	0.0000	0.0000	0.0000	0.0000	0.0000	0.0000	0.0000	0.0000	0.0000	0.0000	0.0000	0.0000	0.0000	0.0000	0.0000	0.0000	0.0000	4.2937	1.0000	9.5692	1.0102	0.0000	0.0000	0.0000	0.0000	0.0000	0.0000	0.0000	0.0000	0.0000	0.0000	0.0000	0.0000	0.0000	0.0000	0.0000	0.0000	0.0000	0.0000	0.0194	0.0166	0.0028	0.0016	0.0015	0.0001	0.0178	0.0151	0.0028	0.0197	0.0106	0.0091	0.0036	0.0032	0.0005	0.0160	0.0074	0.0086	0.0000	0.0000	0.0000	0.0000	0.0000	0.0000	0.0000	0.0000	0.0000	0.0000	0.0000	0.0000	0.0000	0.0000	0.0000	0.0000	0.0000	0.0000											
26	36	0.0342	6	0	1	0	1	0	0	0	0	N	N	N	N	N	N	N	N	N	N	N	N	0.0000	0.0000	0.0000	0.0000	0.0000	0.0000	0.0000	0.0000	0.0000	0.0000	0.0000	0.0000	0.0000	0.0000	0.0000	0.0000	0.0000	0.0000	0.0000	0.0000	4.2937	0.0000	9.5692	0.0263	0.0000	0.0000	0.0000	0.0000	0.0000	0.0000	0.0000	0.0000	0.0000	0.0000	0.0000	0.0000	0.0000	0.0000	0.0000	0.0000	0.0000	0.0000	0.0000	0.0000	0.0000	0.0000	0.0000	0.0000	0.0000	0.0000	0.0000	0.0004	0.0002	0.0002	0.0001	0.0001	0.0000	0.0003	0.0001	0.0002	0.0000	0.0000	0.0000	0.0000	0.0000	0.0000	0.0000	0.0000	0.0000	0.0000	0.0000	0.0000	0.0000	0.0000	0.0000	0.0000	0.0000	0.0000											
26	37	0.0947	7	1	2	1	1	0	0	0	0	N	Y	N	N	N	N	N	N	N	N	N	N	0.0000	0.0000	0.0000	0.0000	0.0000	0.0000	0.0000	0.0000	0.0000	0.0000	0.0000	0.0000	0.0000	0.0001	0.0000	0.0002	0.0000	0.0000	0.0000	0.0001	0.0000	0.0002	inf	0.0000	0.0000	4.2937	3.0000	9.5692	5.0002	0.0000	0.0000	0.0000	0.0000	0.0000	0.0000	0.0000	0.0000	0.0000	0.0000	0.0000	0.0000	0.0000	0.0000	0.0000	0.0000	0.0000	0.0000	0.0756	0.0652	0.0105	0.0131	0.0128	0.0003	0.0625	0.0524	0.0102	0.0729	0.0406	0.0323	0.0180	0.0162	0.0018	0.0549	0.0244	0.0305	0.0000	0.0000	0.0000	0.0000	0.0000	0.0000	0.0000	0.0000	0.0000	0.0001	0.0000	0.0002	0.0000	0.0000	0.0000	0.0001	0.0000	0.0002						
26	38	0.0621	9	1	2	0	1	0	0	0	0	N	Y	N	N	N	N	N	N	N	N	N	N	0.0000	0.0000	0.0000	0.0000	0.0000	0.0000	0.0000	0.0000	0.0000	0.0000	0.0000	0.0000	0.0000	0.0000	0.0000	0.0000	0.0000	0.0000	0.0000	0.0000	4.2937	0.0001	9.5692	0.1668	0.0000	0.0000	0.0000	0.0000	0.0000	0.0000	0.0000	0.0000	0.0000	0.0000	0.0000	0.0000	0.0000	0.0000	0.0000	0.0000	0.0000	0.0000	0.0000	0.0000	0.0000	0.0000	0.0000	0.0000	0.0000	0.0000	0.0000	0.0115	0.0087	0.0028	0.0054	0.0054	0.0000	0.0061	0.0033	0.0028	0.0000	0.0000	0.0000	0.0000	0.0000	0.0000	0.0000	0.0000	0.0000	0.0000	0.0000	0.0000	0.0000	0.0000	0.0000	0.0000	0.0000	0.0000											
26	39	0.0257	6	0	1	0	2	0	0	0	0	N	N	N	Y	N	N	N	N	N	N	N	N	0.0184	0.0000	3.3300	0.0000	0.0000	1.1546	3.3806	0.0012	0.0000	0.0088	0.0000	0.0000	0.0000	0.0017	0.0000	0.0090	0.0671	0.1090	0.0026	0.2367	0.2401	0.0000	0.0014	0.0000	0.0027	inf	0.0157	0.0000	-0.0070	4.2937	1.7673	9.5692	9.0239	0.0001	0.0000	0.0001	0.0000	0.0000	0.0000	0.0001	0.0000	0.0001	0.0117	0.0115	0.0002	0.0115	0.0115	0.0000	0.0002	0.0000	0.0002	0.0611	0.0525	0.0086	0.0157	0.0154	0.0002	0.0454	0.0371	0.0084	0.1745	0.1058	0.0687	0.0487	0.0480	0.0007	0.1258	0.0578	0.0680	0.0184	0.0000	3.3300	0.0000	0.0000	0.0000	1.1546	0.0000	3.3806	0.0671	0.1090	0.0026	0.2367	0.2401	0.0000	0.0014	0.0000	0.0027		
26	40	0.0233	5	0	1	0	2	0	0	0	0	N	N	N	Y	N	N	N	N	N	N	N	N	0.5580	0.0040	1.7357	0.0051	0.0050	0.0000	0.9864	0.0000	1.7399	0.1210	0.0007	0.4657	0.0018	0.0018	0.0000	0.1687	0.0000	0.4701	0.2169	0.1722	0.2683	0.3574	0.3621	0.0064	0.1710	0.0139	0.2702	233.7318	1.3547	0.0075	-0.0009	4.2937	3.4690	9.5692	3.7419	0.0168	0.0001	0.0168	0.0001	0.0001	0.0000	0.0168	0.0000	0.0168	0.0229	0.0097	0.0132	0.0093	0.0093	0.0000	0.0136	0.0004	0.0131	0.1390	0.1030	0.0360	0.0397	0.0393	0.0003	0.0993	0.0637	0.0356	0.1054	0.0564	0.0490	0.0260	0.0256	0.0003	0.0794	0.0307	0.0487	0.5580	0.0040	1.7357	0.0051	0.0050	0.0000	0.9864	0.0000	1.7399	0.2169	0.1722	0.2683	0.3574	0.3621	0.0064	0.1710	0.0139	0.2702
26	41	0.0802	11	0	2	1	1	0	0	0	0	N	Y	N	N	N	N	N	N	N	N	N	N	0.0000	0.0000	0.0000	0.0000	0.0000	0.0000	0.0000	0.0000	0.0000	0.0000	0.0000	0.0000	0.0000	0.0000	0.0000	0.0000	0.0117	0.0004	0.0299	0.0006	0.0007	0.0000	0.0179	0.0000	0.0329	53.1733	0.0000	0.0006	4.2937	0.9997	9.5692	10.1790	0.0000	0.0000	0.0000	0.0000	0.0000	0.0000	0.0000	0.0000	0.0000	0.0016	0.0000	0.0016	0.0000	0.0000	0.0000	0.0016	0.0000	0.0016	0.0258	0.0222	0.0035	0.0048	0.0047	0.0001	0.0209	0.0175	0.0034	0.1390	0.0856	0.0533	0.0498	0.0449	0.0049	0.0892	0.0407	0.0485	0.0000	0.0000	0.0000	0.0000	0.0000	0.0000	0.0000	0.0000	0.0000	0.0117	0.0004	0.0299	0.0006	0.0007	0.0000	0.0179	0.0000	0.0329			
26	42	0.0791	10	0	2	0	1	0	0	0	0	N	Y	N	N	N	N	N	N	N	N	N	N	0.0000	0.0000	0.0000	0.0000	0.0000	0.0000	0.0000	0.0000	0.0000	0.0000	0.0000	0.0000	0.0000	0.0000	0.0000	0.0000	0.2001	0.1442	0.2715	0.1946	0.2040	0.0000	0.2041	0.0000	0.2839	1.4738	0.0000	-0.0001	4.2937	0.0007	9.5692	0.9413	0.0000	0.0000	0.0000	0.0000	0.0000	0.0000	0.0000	0.0000	0.0000	0.0043	0.0017	0.0025	0.0017	0.0017	0.0000	0.0025	0.0000	0.0025	0.0000	0.0000	0.0000	0.0000	0.0000	0.0000	0.0000	0.0000	0.0000	0.0213	0.0119	0.0093	0.0088	0.0084	0.0004	0.0124	0.0035	0.0089	0.0000	0.0000	0.0000	0.0000	0.0000	0.0000	0.0000	0.0000	0.0000	0.2001	0.1442	0.2715	0.1946	0.2040	0.0000	0.2041	0.0000	0.2839			
26	43	0.0617	6	1	1	1	1	0	0	0	0	N	N	N	N	N	N	N	N	N	N	N	N	0.0000	0.0000	0.0000	0.0000	0.0000	0.0000	0.0000	0.0000	0.0000	0.0000	0.0000	0.0000	0.0000	0.0000	0.0000	0.0010	0.0000	0.0023	0.0000	0.0000	0.0004	0.0013	0.0000	0.0024	inf	0.0000	0.0001	4.2937	1.9995	9.5692	12.0029	0.0000	0.0000	0.0000	0.0000	0.0000	0.0000	0.0000	0.0000	0.0000	0.0001	0.0000	0.0001	0.0000	0.0000	0.0000	0.0001	0.0000	0.0001	0.0499	0.0429	0.0069	0.0084	0.0081	0.0002	0.0415	0.0348	0.0067	0.1412	0.0797	0.0615	0.0360	0.0333	0.0027	0.1052	0.0464	0.0589	0.0000	0.0000	0.0000	0.0000	0.0000	0.0000	0.0000	0.0000	0.0000	0.0010	0.0000	0.0023	0.0000	0.0000	0.0004	0.0013	0.0000	0.0024				
26	44	0.0285	5	1	2	0	1	0	0	0	0	N	Y	N	N	N	N	N	N	N	N	N	N	0.0000	0.1378	0.0000	0.3477	0.3351	0.0000	0.0000	0.0000	0.0000	0.0000	0.0003	0.0003	0.0000	0.0000	0.0000	0.0000	1.1481	0.0004	2.5345	0.0009	0.0009	0.0000	1.4686	0.0000	2.6033	0.0000	5986.8405	-0.0000	0.1614	4.2937	10.0000	9.5692	26.8440	0.0000	0.0000	0.0000	0.0000	0.0000	0.0000	0.0000	0.0000	0.0000	0.4191	0.0001	0.4191	0.0001	0.0001	0.0000	0.4191	0.0000	0.4191	0.2413	0.2070	0.0342	0.0328	0.0321	0.0006	0.2085	0.1749	0.0336	0.3651	0.1997	0.1654	0.0797	0.0753	0.0044	0.2854	0.1244	0.1610	0.0000	0.1378	0.0000	0.3477	0.3351	0.0000	0.0000	0.0000	0.0000	1.1481	0.0004	2.5345	0.0009	0.0009	0.0000	1.4686	0.0000	2.6033		
26	45	0.0791	10	0	2	0	1	0	0	0	0	N	Y	N	N	N	N	N	N	N	N	N	N	0.0000	0.0000	0.0000	0.0000	0.0000	0.0000	0.0000	0.0000	0.0000	0.0000	0.0000	0.0000	0.0000	11.8912	0.0000	63.8109	0.0000	0.0000	0.0000	16.7812	0.0000	67.2389	inf	0.0000	0.3860	4.2937	3.0000	9.5692	5.0456	0.0000	0.0000	0.0000	0.0000	0.0000	0.0000	0.0000	0.0000	0.0000	1.0021	0.0000	1.0021	0.0000	0.0000	0.0000	1.0021	0.0000	1.0021	0.0766	0.0661	0.0105	0.0143	0.0140	0.0004	0.0623	0.0522	0.0101	0.0900	0.0507	0.0393	0.0298	0.0265	0.0033	0.0602	0.0242	0.0360	0.0000	0.0000	0.0000	0.0000	0.0000	0.0000	0.0000	0.0000	0.0000	11.1288	0.0000	25.4825	0.0000	0.0000	0.0000	16.6457	0.0000	27.8344						
26	46	0.0749	9	0	2	0	1	0	0	0	0	N	Y	N	N	N	N	N	N	N	N	N	N	0.0000	0.0000	0.0000	0.0000	0.0000	0.0000	0.0000	0.0000	0.0000	0.0000	0.0000	0.0000	0.0000	0.0000	0.0000	0.0000	2.7655	0.0006	6.5577	0.0010	0.0012	0.0000	4.1880	0.0000	7.2385	7838.1252	0.0000	0.0347	4.2937	2.0000	9.5692	1.0030	0.0000	0.0000	0.0000	0.0000	0.0000	0.0000	0.0000	0.0000	0.0000	0.0902	0.0000	0.0901	0.0000	0.0000	0.0000	0.0901	0.0000	0.0901	0.0495	0.0427	0.0068	0.0084	0.0082	0.0002	0.0411	0.0345	0.0066	0.0326	0.0189	0.0137	0.0111	0.0098	0.0013	0.0215	0.0091	0.0125	0.0000	0.0000	0.0000	0.0000	0.0000	0.0000	0.0000	0.0000	0.0000	2.7655	0.0006	6.5577	0.0010	0.0012	0.0000	4.1880	0.0000	7.2385			
26	47	0.0749	8	0	2	0	1	0	0	0	0	N	Y	N	N	N	N	N	N	N	N	N	N	0.0000	0.0000	0.0000	0.0000	0.0000	0.0000	0.0000	0.0000	0.0000	0.0000	0.0000	0.0000	0.0000	0.0000	0.0000	0.0000	0.0000	0.0000	1.0386	1.4156	0.4896	1.0999	1.1240	0.1200	0.9836	2.4428	0.5002	0.2375	0.0000	-0.0014	4.2937	0.0000	9.5692	0.0582	0.0000	0.0000	0.0000	0.0000	0.0000	0.0000	0.0000	0.0000	0.0000	0.0032	0.0026	0.0006	0.0016	0.0016	0.0000	0.0016	0.0010	0.0006	0.0000	0.0000	0.0000	0.0000	0.0000	0.0000	0.0000	0.0000	0.0000	0.0031	0.0018	0.0013	0.0015	0.0014	0.0000	0.0016	0.0004	0.0012	0.0000	0.0000	0.0000	0.0000	0.0000	0.0000	0.0000	0.0000	0.0000	1.0386	1.4156	0.4896	1.0999	1.1240	0.1200	0.9836	2.4428	0.5002	
26	48	0.0711	7	0	2	0	1	0	0	0	0	N	Y	N	N	N	N	N	N	N	N	N	N	0.0302	0.0322	0.0000	0.1923	0.1782	0.0000	0.0000	0.0000	0.0000	0.0011	0.0012	0.0000	0.0035	0.0036	0.0000	0.0000	0.0000	0.0000	0.0351	0.0374	0.0307	0.0184	0.0200	0.0001	0.0456	0.0581	0.0338	0.0000	0.4381	-0.0000	-0.0006	4.2937	0.0018	9.5692	3.9096	0.0000	0.0000	0.0000	0.0000	0.0000	0.0000	0.0000	0.0000	0.0000	0.0020	0.0014	0.0006	0.0004	0.0004	0.0000	0.0016	0.0010	0.0006	0.0001	0.0001	0.0000	0.0000	0.0000	0.0000	0.0001	0.0000	0.0000	0.0577	0.0376	0.0201	0.0222	0.0204	0.0018	0.0355	0.0172	0.0182	0.0302	0.0322	0.0000	0.1923	0.1782	0.0000	0.0000	0.0000	0.0000	0.0351	0.0374	0.0307	0.0184	0.0200	0.0001	0.0456	0.0581	0.0338
26	49	0.0617	6	0	2	0	1	0	0	0	0	N	Y	N	N	N	N	N	N	N	N	N	N	0.0011	0.0007	0.0049	0.0018	0.0017	0.0000	0.0011	0.0000	0.0054	0.0006	0.0007	0.0000	0.0038	0.0039	0.0000	0.0000	0.0000	0.0000	0.5625	0.9870	0.0024	2.0857	2.2343	0.0063	0.0017	0.0011	0.0022	0.0025	0.0018	-0.0000	-0.0302	4.2937	2.0031	9.5692	6.0601	0.0000	0.0000	0.0000	0.0000	0.0000	0.0000	0.0000	0.0000	0.0000	0.0493	0.0492	0.0001	0.0492	0.0491	0.0000	0.0001	0.0000	0.0001	0.0499	0.0430	0.0069	0.0084	0.0082	0.0002	0.0416	0.0349	0.0067	0.0876	0.0498	0.0378	0.0236	0.0220	0.0016	0.0640	0.0278	0.0362	0.0011	0.0007	0.0049	0.0018	0.0017	0.0000	0.0011	0.0000	0.0054	0.5625	0.9870	0.0024	2.0857	2.2343	0.0063	0.0017	0.0011	0.0022
26	50	0.0342	6	0	1	1	1	0	0	0	0	N	N	N	N	N	N	N	N	N	N	N	N	inf	inf	inf	inf	0.0394	0.0000	0.2284	0.0000	0.0000	0.0000	0.0601	0.0000	0.2311	0.0000	0.0000	0.0000	0.0000	0.0000	0.0000	0.0000	0.0000	0.0000	inf	0.0000	0.0000	4.2937	0.0004	9.5692	0.9852	0.0000	0.0000	0.0000	0.0000	0.0000	0.0000	0.0000	0.0000	0.0000	0.0000	0.0000	0.0000	0.0000	0.0000	0.0000	0.0000	0.0000	0.0000	0.0000	0.0000	0.0000	0.0000	0.0000	0.0000	0.0000	0.0000	0.0000	0.0101	0.0054	0.0047	0.0015	0.0014	0.0001	0.0086	0.0040	0.0045	inf	0.0000	inf	0.0000	0.0000	0.0000	inf	0.0000	inf	0.0000	0.0000	0.0000	0.0000	0.0000	0.0000	0.0000	0.0000	0.0000						
26	51	0.0233	5	0	1	0	1	0	0	0	0	N	N	N	N	N	N	N	N	N	N	N	N	0.1980	0.1401	0.1715	84.6495	83.7039	0.0062	0.0000	0.1726	0.8472	1.0200	0.1297	3.7823	3.8344	0.0000	0.0322	0.0000	0.1318	4.2778	7.2820	0.7565	0.0447	0.0458	0.0000	5.1494	10.5119	0.7635	0.0306	0.0886	-0.1407	-0.5798	4.2937	10.7574	9.5692	12.9024	0.2714	0.2634	0.0081	0.2634	0.2634	0.0000	0.0081	0.0000	0.0081	1.0871	0.9986	0.0885	0.0019	0.0019	0.0000	1.0852	0.9967	0.0885	0.3204	0.2582	0.0622	0.0696	0.0687	0.0009	0.2507	0.1895	0.0612	0.2541	0.1371	0.1170	0.0434	0.0423	0.0011	0.2107	0.0948	0.1159	0.1980	0.1401	0.1715	84.6495	83.7039	0.0000	0.0062	0.0000	0.1726	4.2778	7.2820	0.7565	0.0447	0.0458	0.0000	5.1494	10.5119	0.7635	
26	52	0.0218	4	0	1	0	1	0	0	0	0	N	N	N	N	N	N	N	N	N	N	N	N	0.5871	5.1975	0.5274	12.0836	12.1329	0.0000	0.2575	0.0000	0.5300	0.2711	0.1890	0.4781	0.4517	0.4547	0.0000	0.1938	0.0000	0.4815	0.4617	0.0364	0.9065	0.0374	0.0375	0.0001	0.7525	0.0321	0.9085	1.0028	23.8424	-0.0015	0.0324	4.2937	2.6694	9.5692	2.4027	0.0316	0.0158	0.0158	0.0158	0.0158	0.0000	0.0158	0.0000	0.0158	0.0940	0.0038	0.0902	0.0031	0.0031	0.0000	0.0909	0.0007	0.0902	0.1164	0.0834	0.0331	0.0349	0.0347	0.0002	0.0816	0.0487	0.0328	0.2035	0.1040	0.0995	0.0828	0.0825	0.0002	0.1208	0.0215	0.0993	0.5871	5.1975	0.5274	12.0836	12.1329	0.0000	0.2575	0.0000	0.5300	0.4617	0.0364	0.9065	0.0374	0.0375	0.0001	0.7525	0.0321	0.9085
26	53	0.0167	3	0	1	0	1	0	0	0	0	N	N	N	N	N	N	N	N	N	N	N	N	1.0644	0.0328	3.2754	0.0451	0.0450	2.0293	0.0000	3.2731	0.4970	0.0145	1.6191	0.0326	0.0327	0.0000	0.7066	0.0000	1.6242	0.4670	0.4417	0.4943	0.7228	0.7270	0.0000	0.3482	0.0002	0.4962	47.9957	1.0370	0.0900	-0.0142	4.2937	8.6921	9.5692	5.3599	0.2086	0.0043	0.2044	0.0043	0.0043	0.0000	0.2044	0.0000	0.2044	0.1344	0.0660	0.0684	0.0660	0.0660	0.0000	0.0684	0.0000	0.0684	0.4198	0.2935	0.1262	0.1305	0.1301	0.0004	0.2892	0.1634	0.1258	0.2878	0.1494	0.1384	0.0913	0.0908	0.0005	0.1966	0.0587	0.1379	1.0644	0.0328	3.2754	0.0451	0.0450	0.0000	2.0293	0.0000	3.2731	0.4670	0.4417	0.4943	0.7228	0.7270	0.0000	0.3482	0.0002	0.4962	
26	54	0.0164	2	0	1	0	1	0	0	0	0	N	N	N	N	N	N	N	N	N	N	N	N	0.5152	0.7283	0.4447	0.8931	0.8928	inf	0.3551	inf	0.4446	0.3858	0.3282	0.4683	0.4483	0.4487	0.0179	0.3386	0.0000	0.4686	0.7489	0.4506	1.0530	0.5020	0.5025	0.0000	0.9534	0.0000	1.0540	0.9984	2.2924	-0.0047	0.0165	4.2937	1.8652	9.5692	1.4001	0.0975	0.0488	0.0487	0.0488	0.0488	0.0000	0.0487	0.0000	0.0487	0.2022	0.0614	0.1408	0.0614	0.0614	0.0000	0.1408	0.0000	0.1408	0.2526	0.1486	0.1040	0.1088	0.1087	0.0001	0.1438	0.0399	0.1039	0.2700	0.1363	0.1337	0.1224	0.1222	0.0001	0.1477	0.0141	0.1336	0.5152	0.7283	0.4447	0.8931	0.8928	inf	0.3551	inf	0.4446	0.7489	0.4506	1.0530	0.5020	0.5025	0.0000	0.9534	0.0000	1.0540
26	56	0.0617	6	1	2	0	1	0	0	0	0	N	Y	N	N	N	N	N	N	N	N	N	N	0.0000	0.0000	0.0000	0.0000	0.0000	0.0000	0.0000	0.0000	0.0000	0.0000	0.0000	0.0000	0.0000	0.0000	0.0000	0.0000	0.0000	8.9690	0.7641	35.9726	1.6613	1.7885	0.0047	11.5421	0.0000	36.7944	19.7346	0.0000	0.3455	4.2937	0.0000	9.5692	10.9971	0.0000	0.0000	0.0000	0.0000	0.0000	0.0000	0.0000	0.0000	0.0000	1.0253	0.0494	0.9758	0.0495	0.0494	0.0000	0.9758	0.0000	0.9758	0.0000	0.0000	0.0000	0.0000	0.0000	0.0000	0.0000	0.0000	0.0000	0.1143	0.0647	0.0496	0.0298	0.0276	0.0021	0.0845	0.0371	0.0475	0.0000	0.0000	0.0000	0.0000	0.0000	0.0000	0.0000	0.0000	0.0000	8.9690	0.7641	19.6725	1.6613	1.7885	0.0047	11.5421	0.0000	20.5517		
26	57	0.1169	9	0	1	0	1	0	0	0	0	N	N	N	N	N	N	N	N	N	N	N	N	0.0002	0.0014	0.0000	0.0011	0.0025	0.0000	0.0000	0.0007	0.0000	0.0001	0.0001	0.0000	0.0003	0.0003	0.0001	0.0000	0.0000	0.0000	0.5254	0.0696	1.4005	0.2457	0.1145	2.8234	0.7432	0.0000	1.3718	0.0115	10.4773	-0.0000	0.0794	4.2937	7.8198	9.5692	21.5823	0.0000	0.0000	0.0000	0.0000	0.0000	0.0000	0.0000	0.0000	0.0000	0.2662	0.0232	0.2430	0.0545	0.0232	0.0313	0.2117	0.0000	0.2117	0.2829	0.2474	0.0355	0.0877	0.0843	0.0034	0.1952	0.1631	0.0321	0.5066	0.3331	0.1735	0.2218	0.2026	0.0192	0.2848	0.1305	0.1543	0.0002	0.0014	0.0000	0.0011	0.0025	0.0000	0.0000	0.0007	0.0000	0.5254	0.0696	1.4005	0.2457	0.1145	1.6317	0.7432	0.0000	1.3718
26	58	0.0974	10	1	2	1	1	0	0	0	0	N	Y	N	N	N	N	N	N	N	N	N	N	0.0000	0.0000	0.0000	0.0000	0.0000	0.0000	0.0000	0.0000	0.0000	0.0000	0.0000	0.0000	0.0000	0.0000	0.0000	0.0000	0.0000	6.8137	0.0000	26.1638	0.0005	0.0000	0.0057	9.8782	0.0000	28.4262	537574.9943	0.0000	0.3849	4.2937	2.0055	9.5692	11.8091	0.0000	0.0000	0.0000	0.0000	0.0000	0.0000	0.0000	0.0000	0.0000	0.9992	0.0000	0.9992	0.0000	0.0000	0.0000	0.9992	0.0000	0.9992	0.0500	0.0431	0.0069	0.0088	0.0085	0.0002	0.0412	0.0346	0.0066	0.1466	0.0843	0.0624	0.0455	0.0419	0.0036	0.1011	0.0424	0.0588	0.0000	0.0000	0.0000	0.0000	0.0000	0.0000	0.0000	0.0000	0.0000	6.8137	0.0000	16.0239	0.0005	0.0000	0.0057	9.8782	0.0000	17.0007		
26	59	0.0920	9	1	1	1	1	0	0	0	0	N	N	N	N	N	N	N	N	N	N	N	N	0.0000	0.0000	0.0000	0.0000	0.0000	0.0000	0.0000	0.0000	0.0000	0.0000	0.0000	0.0000	0.0000	0.0000	0.0000	0.0000	0.0000	0.0000	0.0102	0.0006	0.0257	0.0001	0.0001	0.0003	0.0155	0.0012	0.0275	24.7088	0.0000	0.0002	4.2937	1.9951	9.5692	2.5667	0.0000	0.0000	0.0000	0.0000	0.0000	0.0000	0.0000	0.0000	0.0000	0.0006	0.0000	0.0006	0.0000	0.0000	0.0000	0.0006	0.0000	0.0006	0.0496	0.0428	0.0068	0.0086	0.0083	0.0002	0.0410	0.0344	0.0066	0.0562	0.0347	0.0215	0.0193	0.0179	0.0015	0.0369	0.0169	0.0200	0.0000	0.0000	0.0000	0.0000	0.0000	0.0000	0.0000	0.0000	0.0000	0.0102	0.0006	0.0257	0.0001	0.0001	0.0003	0.0155	0.0012	0.0275	
26	60	0.0852	8	1	1	1	1	0	0	0	0	N	N	N	N	N	N	N	N	N	N	N	N	0.0000	0.0000	0.0000	0.0000	0.0000	0.0000	0.0000	0.0000	0.0000	0.0000	0.0000	0.0000	0.0000	0.0000	0.0000	0.0000	0.0000	0.0008	0.0008	0.0008	0.0015	0.0014	0.0018	0.0002	0.0000	0.0006	0.3436	0.0000	-0.0000	4.2937	0.0108	9.5692	3.6229	0.0000	0.0000	0.0000	0.0000	0.0000	0.0000	0.0000	0.0000	0.0000	0.0000	0.0000	0.0000	0.0000	0.0000	0.0000	0.0000	0.0000	0.0000	0.0004	0.0003	0.0001	0.0001	0.0001	0.0000	0.0002	0.0002	0.0001	0.0584	0.0436	0.0148	0.0274	0.0248	0.0025	0.0310	0.0188	0.0122	0.0000	0.0000	0.0000	0.0000	0.0000	0.0000	0.0000	0.0000	0.0000	0.0008	0.0008	0.0008	0.0015	0.0014	0.0018	0.0002	0.0000	0.0006		
26	61	0.0372	7	0	2	0	1	0	0	0	0	N	Y	N	N	N	N	N	N	N	N	N	N	0.0000	0.0000	0.0000	0.0000	0.0000	0.0000	0.0000	0.0000	0.0000	0.0000	0.0000	0.0000	0.0000	0.0000	0.0000	0.0000	0.0000	0.0000	0.7210	0.0196	1.8210	0.0642	0.0376	0.7495	1.0463	0.0000	1.8562	inf	59.1852	0.0000	0.0493	4.2937	4.0917	9.5692	8.0988	0.0000	0.0000	0.0000	0.0000	0.0000	0.0000	0.0000	0.0000	0.0000	0.1337	0.0022	0.1314	0.0039	0.0022	0.0017	0.1297	0.0000	0.1297	0.2281	0.1553	0.0727	0.0779	0.0773	0.0006	0.1502	0.0781	0.0721	0.1854	0.1132	0.0722	0.0614	0.0591	0.0023	0.1240	0.0541	0.0699	0.0000	0.0000	0.0000	0.0000	0.0000	0.0000	0.0000	0.0000	0.0000	0.7210	0.0196	1.8210	0.0642	0.0376	0.7495	1.0463	0.0000	1.8562
26	62	0.0335	6	0	2	0	1	0	0	0	0	N	Y	N	N	N	N	N	N	N	N	N	N	0.0001	0.0217	0.0000	0.1492	0.1454	0.0263	0.0000	0.0000	0.0000	0.0011	0.0013	0.0000	0.0082	0.0084	0.0003	0.0000	0.0000	0.0000	9.3581	0.0610	42.0900	0.0553	0.0578	0.0124	12.9044	0.0639	42.3277	0.0008	277.4897	-0.0000	0.3326	4.2937	2.1165	9.5692	5.0852	0.0001	0.0001	0.0000	0.0001	0.0001	0.0000	0.0000	0.0000	0.0000	0.8714	0.0031	0.8682	0.0014	0.0014	0.0000	0.8699	0.0017	0.8682	0.0529	0.0453	0.0076	0.0073	0.0071	0.0001	0.0456	0.0381	0.0075	0.0931	0.0513	0.0418	0.0257	0.0243	0.0014	0.0674	0.0270	0.0404	0.0001	0.0217	0.0000	0.1492	0.1454	0.0263	0.0000	0.0000	0.0000	9.3581	0.0610	20.7550	0.0553	0.0578	0.0124	12.9044	0.0639	21.4798
26	63	0.0852	8	1	1	1	1	0	0	0	0	N	N	N	N	N	N	N	N	N	N	N	N	0.0000	0.0000	0.0000	0.0000	0.0000	0.0000	0.0000	0.0000	0.0000	0.0000	0.0000	0.0000	0.0000	0.0000	0.0000	0.0000	0.0000	0.0003	0.0004	0.0002	0.0008	0.0008	0.0009	0.0001	0.0000	0.0001	0.2954	0.0000	-0.0000	4.2937	3.9990	9.5692	8.8702	0.0000	0.0000	0.0000	0.0000	0.0000	0.0000	0.0000	0.0000	0.0000	0.0000	0.0000	0.0000	0.0000	0.0000	0.0000	0.0000	0.0000	0.0000	0.0806	0.0696	0.0110	0.0094	0.0090	0.0004	0.0712	0.0606	0.0106	0.1428	0.0908	0.0519	0.0502	0.0451	0.0051	0.0926	0.0457	0.0469	0.0000	0.0000	0.0000	0.0000	0.0000	0.0000	0.0000	0.0000	0.0000	0.0003	0.0004	0.0002	0.0008	0.0008	0.0009	0.0001	0.0000	0.0001		
26	64	0.0651	7	1	1	1	1	0	0	0	0	N	N	N	N	N	N	N	N	N	N	N	N	0.0038	0.0030	0.0000	0.0077	0.0075	0.0000	0.0000	0.0000	0.0000	0.0000	0.0000	0.0000	0.0001	0.0001	0.0000	0.0000	0.0000	0.0000	0.0067	0.0096	0.0023	0.0184	0.0193	0.0031	0.0016	0.0007	0.0023	0.0000	0.1561	-0.0000	-0.0004	4.2937	3.9972	9.5692	6.8232	0.0000	0.0000	0.0000	0.0000	0.0000	0.0000	0.0000	0.0000	0.0000	0.0009	0.0008	0.0001	0.0008	0.0008	0.0000	0.0001	0.0000	0.0001	0.1024	0.0886	0.0137	0.0183	0.0179	0.0004	0.0840	0.0707	0.0133	0.1364	0.0825	0.0539	0.0419	0.0396	0.0022	0.0946	0.0429	0.0517	0.0038	0.0030	0.0000	0.0077	0.0075	0.0000	0.0000	0.0000	0.0000	0.0067	0.0096	0.0023	0.0184	0.0193	0.0031	0.0016	0.0007	0.0023
26	65	0.0411	7	0	2	0	1	0	0	0	0	N	Y	N	N	N	N	N	N	N	N	N	N	0.0000	0.0000	0.0000	0.0000	0.0000	0.0000	0.0000	0.0000	0.0000	0.0000	0.0000	0.0000	0.0000	0.0000	0.0000	0.0000	0.1552	0.0007	0.3894	0.0014	0.0015	0.0000	0.2175	0.0000	0.4063	370.5407	0.0000	0.0339	4.2937	15.6632	9.5692	35.0639	0.0000	0.0000	0.0000	0.0000	0.0000	0.0000	0.0000	0.0000	0.0000	0.0885	0.0002	0.0883	0.0002	0.0002	0.0000	0.0883	0.0000	0.0883	0.3820	0.3287	0.0533	0.0617	0.0597	0.0020	0.3203	0.2691	0.0513	0.5706	0.3439	0.2268	0.1647	0.1552	0.0095	0.4059	0.1886	0.2173	0.0000	0.0000	0.0000	0.0000	0.0000	0.0000	0.0000	0.0000	0.0000	0.1552	0.0007	0.3894	0.0014	0.0015	0.0000	0.2175	0.0000	0.4063			
26	66	0.0411	7	0	1	1	1	0	0	0	0	N	N	N	N	N	N	N	N	N	N	N	N	0.0000	0.0000	0.0000	0.0000	0.0000	0.0000	0.0000	0.0000	0.0000	0.0000	0.0000	0.0000	0.0000	0.0000	0.0000	0.0002	0.0003	0.0000	0.0006	0.0006	0.0000	0.0000	0.0000	0.0000	0.0000	0.0000	-0.0000	4.2937	4.9998	9.5692	10.1184	0.0000	0.0000	0.0000	0.0000	0.0000	0.0000	0.0000	0.0000	0.0000	0.0001	0.0001	0.0000	0.0001	0.0001	0.0000	0.0000	0.0000	0.0000	0.1361	0.1173	0.0188	0.0294	0.0279	0.0015	0.1068	0.0895	0.0173	0.2898	0.1929	0.0969	0.1074	0.1032	0.0041	0.1824	0.0897	0.0928	0.0000	0.0000	0.0000	0.0000	0.0000	0.0000	0.0000	0.0000	0.0000	0.0002	0.0003	0.0000	0.0006	0.0006	0.0000	0.0000	0.0000	0.0000				
26	67	0.0303	5	0	2	0	1	0	0	0	0	N	Y	N	N	N	N	N	N	N	N	N	N	0.0000	0.0000	0.1921	0.1893	0.0000	0.0000	0.0000	0.0000	0.0000	0.0003	0.0003	0.0000	0.0000	0.0000	0.0000	3.1508	5.4542	0.0000	0.0013	0.0014	0.0000	4.0718	8.6857	0.0000	0.0000	0.0000	-0.0000	-0.6115	4.2937	10.9928	9.5692	18.5513	0.0000	0.0000	0.0000	0.0000	0.0000	0.0000	0.0000	0.0000	0.0000	0.9947	0.9947	0.0000	0.0001	0.0001	0.0000	0.9947	0.9947	0.0000	0.2634	0.2280	0.0354	0.0445	0.0429	0.0016	0.2188	0.1851	0.0338	0.3157	0.1824	0.1333	0.0714	0.0679	0.0036	0.2443	0.1145	0.1298	0.0000	0.0000	0.0000	0.1921	0.1893	0.0000	0.0000	0.0000	0.0000	3.1508	5.4542	0.0000	0.0013	0.0014	0.0000	4.0718	8.6857	0.0000			
26	68	0.0303	4	0	1	0	1	0	0	0	0	N	N	N	N	N	N	N	N	N	N	N	N	0.0044	0.0019	0.4417	0.0098	0.0095	3.2174	0.0025	0.0000	0.4353	0.0006	0.0003	0.0025	0.0008	0.0008	0.0029	0.0004	0.0000	0.0025	0.1304	0.1767	0.0057	0.0852	0.0858	0.0009	0.1649	0.3076	0.0058	0.9274	0.0120	-0.0000	-0.0043	4.2937	0.0861	9.5692	1.0715	0.0000	0.0000	0.0000	0.0000	0.0000	0.0000	0.0000	0.0000	0.0000	0.0071	0.0070	0.0001	0.0020	0.0020	0.0000	0.0051	0.0050	0.0001	0.0051	0.0045	0.0006	0.0018	0.0018	0.0000	0.0033	0.0027	0.0005	0.0543	0.0396	0.0147	0.0235	0.0234	0.0002	0.0308	0.0162	0.0145	0.0044	0.0019	0.4417	0.0098	0.0095	3.2174	0.0025	0.0000	0.4353	0.1304	0.1767	0.0057	0.0852	0.0858	0.0009	0.1649	0.3076	0.0058
26	69	0.0947	8	1	1	1	1	0	0	0	0	N	N	N	N	N	N	N	N	N	N	N	N	0.0000	0.0000	0.0000	0.0000	0.0000	0.0000	0.0000	0.0000	0.0000	0.0000	0.0000	0.0000	0.0000	0.0002	0.0000	0.0003	0.0000	0.0000	0.0000	0.0002	0.0000	0.0004	inf	0.0000	0.0000	4.2937	1.0000	9.5692	3.0001	0.0000	0.0000	0.0000	0.0000	0.0000	0.0000	0.0000	0.0000	0.0000	0.0000	0.0000	0.0000	0.0000	0.0000	0.0000	0.0000	0.0000	0.0000	0.0254	0.0219	0.0035	0.0044	0.0043	0.0001	0.0210	0.0176	0.0034	0.0370	0.0206	0.0164	0.0092	0.0083	0.0009	0.0278	0.0124	0.0155	0.0000	0.0000	0.0000	0.0000	0.0000	0.0000	0.0000	0.0000	0.0000	0.0002	0.0000	0.0003	0.0000	0.0000	0.0000	0.0002	0.0000	0.0004						
26	70	0.0947	7	1	1	1	1	0	0	0	0	N	N	N	N	N	N	N	N	N	N	N	N	0.0000	0.0000	0.0000	0.0000	0.0000	0.0000	0.0000	0.0000	0.0000	0.0000	0.0000	0.0000	0.0000	0.0000	0.0000	0.0000	0.2125	0.1973	0.2302	0.2305	0.2324	0.0000	0.1970	0.0000	0.2320	1.0000	0.0000	-0.0000	4.2937	0.0000	9.5692	0.0009	0.0000	0.0000	0.0000	0.0000	0.0000	0.0000	0.0000	0.0000	0.0000	0.0000	0.0000	0.0000	0.0000	0.0000	0.0000	0.0000	0.0000	0.0000	0.0000	0.0000	0.0000	0.0000	0.0000	0.0000	0.0000	0.0000	0.0000	0.0001	0.0000	0.0000	0.0000	0.0000	0.0000	0.0000	0.0000	0.0000	0.0000	0.0000	0.0000	0.0000	0.0000	0.0000	0.0000	0.0000	0.0000	0.2125	0.1973	0.2302	0.2305	0.2324	0.0000	0.1970	0.0000	0.2320			
26	71	0.0617	6	1	1	1	1	0	0	0	0	N	N	N	N	N	N	N	N	N	N	N	N	0.0783	0.2508	0.0000	0.0000	0.0708	0.2472	0.0334	0.0000	0.2441	0.0000	0.0000	0.0000	0.0401	0.0000	0.2517	0.4269	0.0000	0.9730	0.0000	0.0000	0.0003	0.5659	0.0000	1.0184	inf	inf	0.0036	0.0359	4.2937	9.9966	9.5692	12.9129	0.0080	0.0000	0.0080	0.0000	0.0000	0.0000	0.0080	0.0000	0.0080	0.0931	0.0000	0.0931	0.0000	0.0000	0.0000	0.0931	0.0000	0.0931	0.2405	0.2076	0.0329	0.0398	0.0388	0.0010	0.2007	0.1688	0.0319	0.2180	0.1224	0.0956	0.0536	0.0493	0.0043	0.1645	0.0731	0.0914	0.0783	0.0000	0.2508	0.0000	0.0000	0.0000	0.0708	0.0000	0.2472	0.4269	0.0000	0.9730	0.0000	0.0000	0.0003	0.5659	0.0000	1.0184			
26	72	0.0285	5	0	2	0	2	0	0	0	0	N	Y	N	Y	N	N	N	N	N	N	N	N	0.0000	0.0000	0.0000	0.0000	0.0000	0.0000	0.0000	0.0000	0.0000	0.0000	0.0000	0.0000	0.0000	0.0000	0.0000	0.0000	2.9291	0.0002	6.4483	0.0004	0.0004	0.0000	3.7154	0.0000	6.6285	35595.7948	0.0000	0.5485	4.2937	13.0000	9.5692	39.1663	0.0000	0.0000	0.0000	0.0000	0.0000	0.0000	0.0000	0.0000	0.0000	1.4239	0.0000	1.4238	0.0000	0.0000	0.0000	1.4238	0.0000	1.4238	0.3101	0.2663	0.0438	0.0421	0.0413	0.0008	0.2681	0.2250	0.0430	0.4861	0.2653	0.2208	0.1029	0.0969	0.0060	0.3832	0.1684	0.2148	0.0000	0.0000	0.0000	0.0000	0.0000	0.0000	0.0000	0.0000	0.0000	2.9291	0.0002	6.4483	0.0004	0.0004	0.0000	3.7154	0.0000	6.6285			
26	73	0.0260	4	0	2	0	1	0	0	0	0	N	Y	N	N	N	N	N	N	N	N	N	N	0.0001	0.0000	inf	0.0112	0.0000	inf	0.0001	0.0000	inf	0.0000	0.0000	0.0000	0.0000	0.0000	0.0001	0.0000	0.0000	0.0000	0.0209	0.0351	0.0000	0.0001	0.0002	0.0000	0.0282	0.0602	0.0000	inf	0.0000	0.0000	-0.0034	4.2937	3.0003	9.5692	18.1082	0.0000	0.0000	0.0000	0.0000	0.0000	0.0000	0.0000	0.0000	0.0000	0.0055	0.0055	0.0000	0.0000	0.0000	0.0000	0.0055	0.0055	0.0000	0.0750	0.0641	0.0110	0.0105	0.0103	0.0002	0.0646	0.0538	0.0108	0.2618	0.1560	0.1058	0.0679	0.0652	0.0027	0.1939	0.0908	0.1031	0.0001	0.0000	inf	0.0112	0.0000	inf	0.0001	0.0000	inf	0.0209	0.0351	0.0000	0.0001	0.0002	0.0000	0.0282	0.0602	0.0000
26	74	0.0651	7	0	2	0	1	0	0	0	0	N	Y	N	N	N	N	N	N	N	N	N	N	0.0000	0.0000	0.0000	0.0016	0.0015	0.0000	0.0000	0.0000	0.0000	0.0000	0.0000	0.0000	0.0001	0.0001	0.0000	0.0000	0.0000	0.0000	3.8744	6.6608	0.0006	0.0547	0.0587	0.0012	5.2950	11.7149	0.0006	0.0000	0.0001	-0.0000	-0.6166	4.2937	7.0046	9.5692	18.1036	0.0000	0.0000	0.0000	0.0000	0.0000	0.0000	0.0000	0.0000	0.0000	1.0030	1.0030	0.0001	0.0038	0.0038	0.0000	0.9992	0.9992	0.0001	0.1743	0.1507	0.0236	0.0302	0.0295	0.0007	0.1441	0.1212	0.0228	0.2589	0.1506	0.1083	0.0702	0.0653	0.0049	0.1887	0.0853	0.1034	0.0000	0.0000	0.0000	0.0016	0.0015	0.0000	0.0000	0.0000	0.0000	3.8744	6.6608	0.0006	0.0547	0.0587	0.0012	5.2950	11.7149	0.0006
26	75	0.0617	6	0	1	0	1	0	0	0	0	N	N	N	N	N	N	N	N	N	N	N	N	0.1925	0.1537	0.1967	3.1314	3.0669	0.0000	0.0136	0.0000	0.1958	0.0053	0.0058	0.0028	0.0271	0.0277	0.0000	0.0005	0.0000	0.0029	0.0278	0.0375	0.0143	0.0087	0.0090	0.0016	0.0361	0.0655	0.0148	0.0813	0.2766	-0.0000	-0.0005	4.2937	0.2435	9.5692	3.2922	0.0000	0.0000	0.0000	0.0000	0.0000	0.0000	0.0000	0.0000	0.0000	0.0013	0.0010	0.0003	0.0001	0.0001	0.0000	0.0011	0.0009	0.0003	0.0064	0.0055	0.0009	0.0012	0.0011	0.0000	0.0052	0.0043	0.0009	0.0454	0.0263	0.0191	0.0137	0.0130	0.0007	0.0316	0.0133	0.0184	0.1925	0.1537	0.1967	3.1314	3.0669	0.0000	0.0136	0.0000	0.1958	0.0278	0.0375	0.0143	0.0087	0.0090	0.0016	0.0361	0.0655	0.0148
26	76	0.0285	5	0	1	0	1	0	0	0	0	N	N	N	N	N	N	N	N	N	N	N	N	0.0022	31.6813	0.0004	4.0183	79.4440	0.0000	0.0001	0.0004	0.0037	0.0041	0.0013	0.0258	0.0263	0.0000	0.0002	0.0000	0.0013	1.6598	0.0001	3.6753	0.0064	0.0003	0.1184	2.1407	0.0000	3.7693	0.0527	23425.9389	-0.0003	0.1805	4.2937	7.0044	9.5692	20.1113	0.0006	0.0006	0.0000	0.0006	0.0006	0.0000	0.0000	0.0000	0.0000	0.4685	0.0000	0.4685	0.0004	0.0000	0.0004	0.4681	0.0000	0.4681	0.1709	0.1466	0.0243	0.0232	0.0228	0.0004	0.1477	0.1238	0.0239	0.2823	0.1548	0.1275	0.0636	0.0603	0.0033	0.2187	0.0945	0.1242	0.0022	31.6813	0.0004	4.0183	79.4440	0.0000	0.0001	0.0000	0.0004	1.6598	0.0001	3.6753	0.0064	0.0003	0.1184	2.1407	0.0000	3.7693	
26	77	0.0307	5	0	2	0	1	0	0	0	0	N	Y	N	N	N	N	N	N	N	N	N	N	2977.1312	0.0000	64960653.5148	82.7215	0.0000	inf	18924492.1475	63065934.3705	5.5795	0.0000	38.1168	0.5985	0.0000	19.8437	6.1446	0.0000	38.5086	0.0019	0.0032	0.0000	0.0072	0.0077	0.0000	0.0000	0.0000	0.0000	inf	0.0001	0.4513	-0.0003	4.2937	8.6571	9.5692	16.0761	0.9988	0.0000	0.9988	0.0109	0.0000	0.0109	0.9879	0.0000	0.9879	0.0005	0.0005	0.0000	0.0005	0.0005	0.0000	0.0000	0.0000	0.0000	0.1790	0.1528	0.0262	0.0182	0.0177	0.0006	0.1608	0.1351	0.0257	0.2664	0.1580	0.1084	0.0690	0.0648	0.0042	0.1974	0.0933	0.1042	2977.1312	0.0000	64960653.5148	82.7215	0.0000	inf	18924492.1475	0.0000	63065934.3705	0.0019	0.0032	0.0000	0.0072	0.0077	0.0000	0.0000	0.0000	0.0000	
26	78	0.0303	4	0	2	0	1	0	0	0	0	N	Y	N	N	N	N	N	N	N	N	N	N	27.7474	19.1744	817.5487	0.0122	0.0112	35.1372	113.7380	63.0703	838.1808	1.0525	1.0325	1.1934	0.0010	0.0009	0.0042	1.4013	1.4313	1.2424	0.0379	0.0538	0.0015	0.0781	0.0792	0.0001	0.0123	0.0227	0.0015	0.1642	0.0118	-0.0051	-0.0015	4.2937	0.3645	9.5692	1.9845	0.0126	0.0108	0.0018	0.0000	0.0000	0.0000	0.0126	0.0108	0.0018	0.0025	0.0025	0.0000	0.0020	0.0020	0.0000	0.0005	0.0005	0.0000	0.0119	0.0105	0.0015	0.0030	0.0029	0.0001	0.0090	0.0075	0.0014	0.0662	0.0461	0.0201	0.0258	0.0254	0.0003	0.0404	0.0207	0.0198	27.7474	19.1744	817.5487	0.0122	0.0112	35.1372	113.7380	63.0703	838.1808	0.0379	0.0538	0.0015	0.0781	0.0792	0.0001	0.0123	0.0227	0.0015
26	79	0.0209	3	0	1	0	1	0	0	0	0	N	N	N	N	N	N	N	N	N	N	N	N	0.4379	0.3014	0.0136	0.7524	0.7470	inf	0.0001	0.0000	0.0133	0.0152	0.0178	0.0000	0.0881	0.0895	0.0000	0.0000	0.0000	0.0000	0.0347	0.0592	0.0008	0.1171	0.1198	0.0000	0.0121	0.0248	0.0008	0.0001	0.0094	-0.0007	-0.0045	4.2937	2.9108	9.5692	14.2456	0.0012	0.0012	0.0000	0.0012	0.0012	0.0000	0.0000	0.0000	0.0000	0.0074	0.0073	0.0001	0.0054	0.0054	0.0000	0.0020	0.0020	0.0001	0.0800	0.0683	0.0118	0.0138	0.0136	0.0002	0.0662	0.0547	0.0116	0.2128	0.1238	0.0890	0.0458	0.0448	0.0010	0.1670	0.0790	0.0880	0.4379	0.3014	0.0136	0.7524	0.7470	inf	0.0001	0.0000	0.0133	0.0347	0.0592	0.0008	0.1171	0.1198	0.0000	0.0121	0.0248	0.0008
26	82	0.0442	8	0	2	0	1	0	0	0	0	N	Y	N	N	N	N	N	N	N	N	N	N	0.0031	0.2288	0.0065	0.2649	0.6241	0.1055	0.0012	0.0000	0.0048	0.0003	0.0001	0.0016	0.0009	0.0005	0.0068	0.0002	0.0000	0.0012	0.1025	0.0005	0.2396	0.0033	0.0009	0.0643	0.1537	0.0000	0.2452	2.3066	360.6749	0.0000	0.0175	4.2937	7.9116	9.5692	21.1247	0.0001	0.0000	0.0000	0.0000	0.0000	0.0000	0.0000	0.0000	0.0000	0.0457	0.0001	0.0456	0.0005	0.0001	0.0004	0.0452	0.0000	0.0452	0.2063	0.1768	0.0295	0.0391	0.0370	0.0021	0.1672	0.1398	0.0274	0.4462	0.2559	0.1903	0.1520	0.1462	0.0058	0.2942	0.1097	0.1845	0.0031	0.2288	0.0065	0.2649	0.6241	0.1055	0.0012	0.0000	0.0048	0.1025	0.0005	0.2396	0.0033	0.0009	0.0643	0.1537	0.0000	0.2452
26	83	0.0621	9	1	2	0	1	0	0	0	0	N	Y	N	N	N	N	N	N	N	N	N	N	0.0000	0.0000	0.0000	0.0000	0.0000	0.0000	0.0000	0.0000	0.0000	0.0000	0.0000	0.0000	0.0000	0.0000	0.0000	0.0000	0.0000	0.0000	0.0000	0.0000	4.2937	0.0000	9.5692	1.8333	0.0000	0.0000	0.0000	0.0000	0.0000	0.0000	0.0000	0.0000	0.0000	0.0000	0.0000	0.0000	0.0000	0.0000	0.0000	0.0000	0.0000	0.0000	0.0000	0.0000	0.0000	0.0000	0.0000	0.0000	0.0000	0.0000	0.0000	0.0281	0.0181	0.0100	0.0099	0.0094	0.0005	0.0182	0.0087	0.0096	0.0000	0.0000	0.0000	0.0000	0.0000	0.0000	0.0000	0.0000	0.0000	0.0000	0.0000	0.0000	0.0000	0.0000	0.0000	0.0000	0.0000	0.0000											
26	84	0.0442	8	1	2	0	1	0	0	0	0	N	Y	N	N	N	N	N	N	N	N	N	N	0.3141	0.2014	466.4635	0.5618	0.5754	102.3126	3.6501	490.6708	0.0034	0.0037	0.0011	0.0163	0.0173	0.0000	0.0002	0.0000	0.0012	0.0107	0.0185	0.0000	0.0290	0.0300	0.0000	0.0000	0.0000	0.0000	0.0510	0.0001	-0.0003	-0.0025	4.2937	6.9552	9.5692	13.1226	0.0006	0.0006	0.0000	0.0006	0.0006	0.0000	0.0000	0.0000	0.0000	0.0040	0.0040	0.0000	0.0040	0.0040	0.0000	0.0000	0.0000	0.0000	0.1838	0.1575	0.0263	0.0361	0.0341	0.0020	0.1478	0.1235	0.0243	0.3745	0.2162	0.1583	0.1383	0.1337	0.0046	0.2362	0.0826	0.1536	0.3141	0.2014	466.4635	0.5618	0.5754	0.0000	102.3126	3.6501	490.6708	0.0107	0.0185	0.0000	0.0290	0.0300	0.0000	0.0000	0.0000	0.0000	
26	85	0.0411	7	0	2	0	1	0	0	0	0	N	Y	N	N	N	N	N	N	N	N	N	N	1.0676	0.1132	4.9037	0.2492	0.2094	3.0819	1.7445	0.0005	5.0977	0.0645	0.0060	0.3456	0.0213	0.0181	0.0984	0.0818	0.0000	0.3628	0.0604	0.0531	0.0705	0.0853	0.0865	0.0319	0.0469	0.0045	0.0712	11.9553	0.9591	0.0003	-0.0009	4.2937	0.3374	9.5692	6.1146	0.0009	0.0001	0.0008	0.0001	0.0001	0.0000	0.0008	0.0000	0.0008	0.0075	0.0038	0.0037	0.0037	0.0037	0.0000	0.0038	0.0001	0.0036	0.0132	0.0109	0.0023	0.0038	0.0036	0.0001	0.0094	0.0073	0.0021	0.1240	0.0720	0.0520	0.0436	0.0427	0.0009	0.0804	0.0293	0.0511	1.0676	0.1132	4.9037	0.2492	0.2094	3.0819	1.7445	0.0005	5.0977	0.0604	0.0531	0.0705	0.0853	0.0865	0.0319	0.0469	0.0045	0.0712
26	86	0.0411	7	0	2	0	1	0	0	0	0	N	Y	N	N	N	N	N	N	N	N	N	N	23.0775	9.6639	70.6197	3.2513	26.7068	1.1232	19.8717	inf	70.9107	3.7219	0.0025	26.1594	0.0175	0.0150	0.1313	4.3511	0.0000	26.7420	0.1613	0.0003	0.3704	0.0054	0.0006	0.1169	0.2190	0.0000	0.3771	1741.8956	1107.0726	0.4518	0.0176	4.2937	11.0342	9.5692	12.7513	1.0013	0.0006	1.0007	0.0007	0.0006	0.0001	1.0006	0.0000	1.0006	0.0457	0.0000	0.0456	0.0004	0.0000	0.0004	0.0453	0.0000	0.0453	0.2690	0.2308	0.0383	0.0391	0.0382	0.0008	0.2300	0.1926	0.0374	0.2831	0.1600	0.1232	0.0765	0.0733	0.0032	0.2067	0.0867	0.1200	23.0775	9.6639	70.6197	3.2513	26.7068	1.1232	19.8717	inf	70.9107	0.1613	0.0003	0.3704	0.0054	0.0006	0.1169	0.2190	0.0000	0.3771
26	87	0.0335	6	0	2	0	1	0	0	0	0	N	Y	N	N	N	N	N	N	N	N	N	N	163.0132	0.0035	989.4185	0.0104	0.0100	0.0103	270.1701	0.0000	983.0837	10.1606	0.0002	70.9516	0.0012	0.0012	0.0002	11.7721	0.0000	72.2836	0.0623	0.0547	0.0717	0.1160	0.1219	0.0173	0.0436	0.0008	0.0735	61836.6414	1.0742	0.4514	-0.0007	4.2937	3.9739	9.5692	6.2820	0.9992	0.0000	0.9992	0.0000	0.0000	0.0000	0.9992	0.0000	0.9992	0.0077	0.0037	0.0040	0.0037	0.0037	0.0000	0.0040	0.0000	0.0039	0.0983	0.0843	0.0141	0.0135	0.0132	0.0003	0.0849	0.0711	0.0138	0.1232	0.0677	0.0555	0.0319	0.0301	0.0018	0.0913	0.0376	0.0537	163.0132	0.0035	989.4185	0.0104	0.0100	0.0103	270.1701	0.0000	983.0837	0.0623	0.0547	0.0717	0.1160	0.1219	0.0173	0.0436	0.0008	0.0735
26	88	0.0285	5	0	2	0	1	0	0	0	0	N	Y	N	N	N	N	N	N	N	N	N	N	5.5988	0.0069	29.4675	0.0226	0.0223	0.0000	7.8680	0.0000	29.4252	0.4262	0.0004	2.9670	0.0025	0.0025	0.0000	0.4930	0.0000	3.0231	0.0761	0.0569	0.1007	0.1091	0.1125	0.0001	0.0627	0.0009	0.1027	1271.1610	1.3872	0.0000	-0.0002	4.2937	0.0056	9.5692	5.7021	0.0001	0.0000	0.0001	0.0000	0.0000	0.0000	0.0001	0.0000	0.0001	0.0063	0.0026	0.0036	0.0026	0.0026	0.0000	0.0037	0.0000	0.0036	0.0001	0.0001	0.0000	0.0000	0.0000	0.0000	0.0001	0.0001	0.0000	0.0822	0.0461	0.0361	0.0238	0.0231	0.0007	0.0583	0.0230	0.0354	5.5988	0.0069	29.4675	0.0226	0.0223	0.0000	7.8680	0.0000	29.4252	0.0761	0.0569	0.1007	0.1091	0.1125	0.0001	0.0627	0.0009	0.1027
26	92	0.1169	9	0	1	0	1	0	0	0	0	N	N	N	N	N	N	N	N	N	N	N	N	0.0000	0.0200	0.0000	0.0016	0.0492	0.0000	0.0000	0.0780	0.0000	0.0000	0.0000	0.0000	0.0002	0.0002	0.0000	0.0000	0.0000	0.0000	1.8352	0.0024	4.9270	0.1324	0.0044	1.4986	2.8791	0.0000	5.3229	0.0115	1223.4118	-0.0000	0.4895	4.2937	24.8682	9.5692	39.8855	0.0000	0.0000	0.0000	0.0000	0.0000	0.0000	0.0000	0.0000	0.0000	1.2732	0.0010	1.2722	0.0349	0.0010	0.0339	1.2383	0.0000	1.2383	0.5833	0.5045	0.0788	0.1180	0.1122	0.0057	0.4653	0.3922	0.0731	0.6937	0.4355	0.2582	0.2637	0.2381	0.0256	0.4301	0.1975	0.2326	0.0000	0.0200	0.0000	0.0016	0.0492	0.0000	0.0000	0.0780	0.0000	1.8352	0.0024	4.9270	0.1324	0.0044	1.3252	2.8791	0.0000	5.3229
27	28	0.0901	9	1	1	1	0	0	0	0	0	N	N	N	N	N	N	N	N	N	N	N	N	0.0000	0.0000	0.0000	0.0000	0.0000	0.0000	0.0000	0.0000	0.0000	0.0000	0.0000	0.0000	0.0000	0.0000	0.0000	0.0000	0.0000	0.0000	0.0000	0.0000	16.0000	0.0000	34.8566	3.0088	0.0000	0.0000	0.0000	0.0000	0.0000	0.0000	0.0000	0.0000	0.0000	0.0000	0.0000	0.0000	0.0000	0.0000	0.0000	0.0000	0.0000	0.0000	0.0000	0.0000	0.0000	0.0000	0.0000	0.0000	0.0000	0.0000	0.0000	0.0789	0.0436	0.0353	0.0141	0.0117	0.0024	0.0648	0.0319	0.0329	0.0000	0.0000	0.0000	0.0000	0.0000	0.0000	0.0000	0.0000	0.0000	0.0000	0.0000	0.0000	0.0000	0.0000	0.0000	0.0000	0.0000	0.0000											
27	29	0.0778	6	1	2	0	0	0	0	0	0	N	Y	N	N	N	N	N	N	N	N	N	N	1.4844	0.9430	0.0000	0.0000	0.0000	1.3827	0.7955	0.0000	2.7124	3.2103	0.0000	0.0000	0.0000	0.0000	2.8838	3.4364	0.0000	1.8273	3.4045	0.0319	0.0003	0.0003	0.0000	2.0856	4.3199	0.0326	0.0000	0.0082	-0.5487	-0.6115	16.0000	5.0749	34.8566	14.8264	1.0009	1.0009	0.0000	0.0000	0.0000	0.0000	1.0009	1.0009	0.0000	1.0081	0.9999	0.0082	0.0000	0.0000	0.0000	1.0081	0.9998	0.0082	0.3690	0.3118	0.0572	0.0219	0.0205	0.0014	0.3471	0.2913	0.0558	0.5517	0.2937	0.2580	0.0684	0.0622	0.0061	0.4833	0.2314	0.2519	1.4844	0.9430	0.0000	0.0000	0.0000	0.0000	1.3827	0.7955	0.0000	1.8273	3.4045	0.0319	0.0003	0.0003	0.0000	2.0856	4.3199	0.0326	
27	30	0.0934	2	2	1	1	0	0	0	0	0	Y	N	N	N	N	N	N	N	N	N	N	N	0.6890	0.8613	0.0000	0.0000	0.0000	0.6255	0.7117	0.0000	2.3588	2.7863	0.0000	0.0000	0.0000	0.0000	2.4504	2.9081	0.0000	3.4236	3.2351	3.6355	0.0004	0.0004	0.0000	3.9173	4.0859	3.7621	0.0000	0.9999	-0.5479	-0.2295	16.0000	5.9956	34.8566	15.0927	0.9995	0.9995	0.0000	0.0000	0.0000	0.0000	0.9995	0.9995	0.0000	2.0000	1.0000	1.0000	0.0000	0.0000	0.0000	2.0000	1.0000	1.0000	0.4237	0.3587	0.0650	0.0158	0.0150	0.0008	0.4079	0.3437	0.0642	0.5842	0.3091	0.2751	0.0736	0.0644	0.0093	0.5105	0.2447	0.2658	0.6890	0.8613	0.0000	0.0000	0.0000	0.0000	0.6255	0.7117	0.0000	3.4236	3.2351	3.6355	0.0004	0.0004	0.0000	3.9173	4.0859	3.7621	
27	31	0.0799	6	1	2	0	0	0	0	0	0	N	Y	N	N	N	N	N	N	N	N	N	N	0.0000	0.0000	0.0000	0.0000	0.0000	0.0000	0.0000	0.0000	0.0000	0.0000	0.0000	0.0000	0.0000	0.0000	0.0000	0.0000	0.0000	0.0396	0.0707	0.0003	0.0017	0.0019	0.0000	0.0472	0.0966	0.0003	0.0030	0.0000	-0.0060	16.0000	1.4218	34.8566	7.0463	0.0000	0.0000	0.0000	0.0000	0.0000	0.0000	0.0000	0.0000	0.0000	0.0098	0.0098	0.0000	0.0001	0.0001	0.0000	0.0097	0.0097	0.0000	0.1227	0.1057	0.0170	0.0187	0.0183	0.0004	0.1040	0.0874	0.0166	0.2478	0.1383	0.1095	0.0416	0.0377	0.0039	0.2062	0.1006	0.1056	0.0000	0.0000	0.0000	0.0000	0.0000	0.0000	0.0000	0.0000	0.0000	0.0396	0.0707	0.0003	0.0017	0.0019	0.0000	0.0472	0.0966	0.0003		
27	32	0.0747	5	1	1	0	0	0	0	0	0	N	N	N	N	N	N	N	N	N	N	N	N	0.0000	0.0000	0.0000	0.0000	0.0000	0.0000	0.0000	0.0000	0.0000	0.0000	0.0000	0.0000	0.0000	0.0000	0.0000	0.0000	0.0000	0.0000	2.6529	4.8403	0.0219	0.0042	0.0031	0.0259	3.4741	8.2379	0.0218	0.0038	0.0000	-0.6053	16.0000	4.3312	34.8566	5.5221	0.0000	0.0000	0.0000	0.0000	0.0000	0.0000	0.0000	0.0000	0.0000	0.9907	0.9870	0.0037	0.0004	0.0003	0.0001	0.9904	0.9868	0.0036	0.3800	0.3264	0.0536	0.0512	0.0503	0.0010	0.3288	0.2761	0.0526	0.3735	0.2039	0.1695	0.0884	0.0841	0.0042	0.2851	0.1198	0.1653	0.0000	0.0000	0.0000	0.0000	0.0000	0.0000	0.0000	0.0000	0.0000	2.6529	4.8403	0.0219	0.0042	0.0031	0.0259	3.4741	8.2379	0.0218	
27	33	0.0723	4	1	1	0	0	0	0	0	0	N	N	N	N	N	N	N	N	N	N	N	N	0.0101	0.0084	0.0000	0.0970	0.0934	0.0000	0.0000	0.0000	0.0003	0.0003	0.0000	0.0039	0.0040	0.0000	0.0000	0.0000	0.0000	0.0286	0.0404	0.0155	0.0400	0.0425	0.0000	0.0263	0.0396	0.0158	0.0000	0.3498	-0.0001	-0.0027	16.0000	4.2685	34.8566	3.7703	0.0001	0.0001	0.0000	0.0001	0.0001	0.0000	0.0000	0.0000	0.0000	0.0076	0.0056	0.0020	0.0017	0.0017	0.0000	0.0059	0.0039	0.0020	0.3460	0.2948	0.0512	0.0257	0.0252	0.0005	0.3203	0.2696	0.0507	0.2663	0.1393	0.1270	0.0433	0.0408	0.0025	0.2230	0.0985	0.1246	0.0101	0.0084	0.0000	0.0970	0.0934	0.0000	0.0000	0.0000	0.0000	0.0286	0.0404	0.0155	0.0400	0.0425	0.0000	0.0263	0.0396	0.0158	
27	34	0.0934	2	2	1	1	0	0	0	0	0	Y	N	N	N	N	N	N	N	N	N	N	N	1.5778	17.7337	4.8338	95.5643	88.2166	1.4303	4.7310	2.8200	0.0017	18.3613	0.0381	0.0401	0.0000	2.9291	0.0000	18.5967	1.7872	0.0001	3.7986	0.0004	0.0005	0.0000	2.0479	0.0000	3.9308	1960.7843	35247.3838	0.4515	0.3852	16.0000	4.9966	34.8566	15.0870	1.0005	0.0005	1.0000	0.0005	0.0005	0.0000	1.0000	0.0000	1.0000	1.0000	0.0000	1.0000	0.0000	0.0000	0.0000	1.0000	0.0000	1.0000	0.3548	0.3003	0.0545	0.0134	0.0127	0.0007	0.3414	0.2876	0.0538	0.5595	0.2963	0.2633	0.0712	0.0624	0.0089	0.4883	0.2339	0.2544	1.5778	17.7337	4.8338	95.5643	88.2166	0.0000	1.4303	0.0000	4.7310	1.7872	0.0001	3.7986	0.0004	0.0005	0.0000	2.0479	0.0000	3.9308		
27	35	0.0901	9	1	2	0	0	0	0	0	0	N	Y	N	N	N	N	N	N	N	N	N	N	0.0000	0.0000	0.0000	0.0000	0.0000	0.0000	0.0000	0.0000	0.0000	0.0000	0.0000	0.0000	0.0000	0.0000	0.0000	0.0000	0.0000	0.0000	0.0000	0.0000	16.0000	1.0000	34.8566	1.0102	0.0000	0.0000	0.0000	0.0000	0.0000	0.0000	0.0000	0.0000	0.0000	0.0000	0.0000	0.0000	0.0000	0.0000	0.0000	0.0000	0.0000	0.0000	0.0652	0.0557	0.0095	0.0032	0.0029	0.0002	0.0621	0.0527	0.0093	0.0531	0.0293	0.0238	0.0096	0.0079	0.0016	0.0435	0.0214	0.0221	0.0000	0.0000	0.0000	0.0000	0.0000	0.0000	0.0000	0.0000	0.0000	0.0000	0.0000	0.0000	0.0000	0.0000	0.0000	0.0000	0.0000	0.0000											
27	36	0.0901	8	1	1	0	0	0	0	0	0	N	N	N	N	N	N	N	N	N	N	N	N	0.0000	0.0000	0.0000	0.0000	0.0000	0.0000	0.0000	0.0000	0.0000	0.0000	0.0000	0.0000	0.0000	0.0000	0.0000	0.0000	0.0000	0.0000	0.0000	0.0000	16.0000	0.0000	34.8566	0.0263	0.0000	0.0000	0.0000	0.0000	0.0000	0.0000	0.0000	0.0000	0.0000	0.0000	0.0000	0.0000	0.0000	0.0000	0.0000	0.0000	0.0000	0.0000	0.0000	0.0000	0.0000	0.0000	0.0000	0.0000	0.0000	0.0000	0.0000	0.0012	0.0006	0.0006	0.0004	0.0003	0.0000	0.0008	0.0003	0.0005	0.0000	0.0000	0.0000	0.0000	0.0000	0.0000	0.0000	0.0000	0.0000	0.0000	0.0000	0.0000	0.0000	0.0000	0.0000	0.0000	0.0000	0.0000											
27	37	0.1264	3	2	2	1	0	0	0	0	0	Y	Y	N	N	N	N	N	N	N	N	N	N	0.0000	0.0000	0.0000	0.0000	0.0000	0.0000	0.0000	0.0000	0.0000	0.0000	0.0000	0.0000	0.0000	0.0000	0.0000	4.6574	8.4791	0.0000	0.0000	0.0000	0.0000	5.5489	11.3405	0.0000	0.0000	0.0000	-0.6147	16.0000	3.0000	34.8566	5.0002	0.0000	0.0000	0.0000	0.0000	0.0000	0.0000	0.0000	0.0000	0.0000	1.0000	1.0000	0.0000	0.0000	0.0000	0.0000	1.0000	1.0000	0.0000	0.2100	0.1772	0.0328	0.0145	0.0136	0.0009	0.1955	0.1637	0.0319	0.2147	0.1179	0.0968	0.0345	0.0298	0.0047	0.1802	0.0882	0.0920	0.0000	0.0000	0.0000	0.0000	0.0000	0.0000	0.0000	0.0000	0.0000	4.6574	8.4791	0.0000	0.0000	0.0000	0.0000	5.5489	11.3405	0.0000				
27	38	0.0938	5	2	2	0	0	0	0	0	0	Y	Y	N	N	N	N	N	N	N	N	N	N	0.0000	0.0000	0.0000	0.0000	0.0000	0.0000	0.0000	0.0000	0.0000	0.0000	0.0000	0.0000	0.0000	0.0000	0.0000	0.0000	0.0000	0.0000	0.0000	-0.0000	16.0000	0.0001	34.8566	0.1668	0.0000	0.0000	0.0000	0.0000	0.0000	0.0000	0.0000	0.0000	0.0000	0.0000	0.0000	0.0000	0.0000	0.0000	0.0000	0.0000	0.0000	0.0000	0.0000	0.0000	0.0000	0.0000	0.0000	0.0000	0.0000	0.0000	0.0000	0.0362	0.0273	0.0088	0.0165	0.0164	0.0001	0.0197	0.0109	0.0088	0.0000	0.0000	0.0000	0.0000	0.0000	0.0000	0.0000	0.0000	0.0000	0.0000	0.0000	0.0000	0.0000	0.0000	0.0000	0.0000	0.0000	0.0000											
27	39	0.0816	8	1	1	0	1	0	0	0	0	N	N	N	N	N	N	N	N	N	N	N	N	0.0001	0.0001	0.0000	0.0787	0.0774	0.0000	0.0000	0.0000	0.0002	0.0002	0.0000	0.0008	0.0009	0.0000	0.0000	0.0000	0.0000	2.2353	3.5733	0.0001	0.0108	0.0112	0.0000	2.9894	5.8500	0.0001	0.0000	0.0000	-0.0000	-0.6149	16.0000	1.7673	34.8566	9.0239	0.0000	0.0000	0.0000	0.0000	0.0000	0.0000	0.0000	0.0000	0.0000	1.0003	1.0003	0.0000	0.0012	0.0012	0.0000	0.9991	0.9991	0.0000	0.1809	0.1554	0.0255	0.0353	0.0346	0.0007	0.1455	0.1208	0.0248	0.4475	0.2799	0.1676	0.1133	0.1092	0.0042	0.3342	0.1708	0.1634	0.0001	0.0001	0.0000	0.0787	0.0774	0.0000	0.0000	0.0000	0.0000	2.2353	3.5733	0.0001	0.0108	0.0112	0.0000	2.9894	5.8500	0.0001	
27	40	0.0792	7	1	1	0	1	0	0	0	0	N	N	N	N	N	N	N	N	N	N	N	N	0.0089	0.0064	0.0000	0.0000	0.0000	0.0095	0.0061	0.0000	0.0001	0.0001	0.0000	0.0000	0.0000	0.0000	0.0001	0.0001	0.0000	0.0128	0.0211	0.0030	0.0116	0.0124	0.0000	0.0130	0.0243	0.0031	0.0000	0.1222	-0.0000	-0.0015	16.0000	3.4690	34.8566	3.7419	0.0000	0.0000	0.0000	0.0000	0.0000	0.0000	0.0000	0.0000	0.0000	0.0029	0.0026	0.0003	0.0004	0.0004	0.0000	0.0025	0.0021	0.0003	0.2637	0.2239	0.0398	0.0215	0.0204	0.0011	0.2422	0.2035	0.0387	0.2243	0.1214	0.1029	0.0354	0.0329	0.0024	0.1889	0.0884	0.1005	0.0089	0.0064	0.0000	0.0000	0.0000	0.0000	0.0095	0.0061	0.0000	0.0128	0.0211	0.0030	0.0116	0.0124	0.0000	0.0130	0.0243	0.0031	
27	41	0.1119	7	1	2	1	0	0	0	0	0	N	Y	N	N	N	N	N	N	N	N	N	N	0.0000	0.0000	0.0000	0.0000	0.0000	0.0000	0.0000	0.0000	0.0000	0.0000	0.0000	0.0000	0.0000	0.0000	0.0000	0.0000	0.0000	0.0000	3.1316	0.0089	8.2548	0.0096	0.0005	0.1004	4.3527	0.0149	8.8508	562.4812	0.0000	0.5056	16.0000	0.9997	34.8566	10.1790	0.0000	0.0000	0.0000	0.0000	0.0000	0.0000	0.0000	0.0000	0.0000	1.3185	0.0023	1.3161	0.0011	0.0000	0.0011	1.3173	0.0023	1.3151	0.0726	0.0613	0.0113	0.0034	0.0032	0.0002	0.0692	0.0581	0.0111	0.4210	0.2616	0.1594	0.1184	0.1075	0.0109	0.3026	0.1541	0.1486	0.0000	0.0000	0.0000	0.0000	0.0000	0.0000	0.0000	0.0000	0.0000	3.1316	0.0089	8.2548	0.0096	0.0005	0.1004	4.3527	0.0149	8.8508	
27	42	0.1108	6	1	2	0	0	0	0	0	0	N	Y	N	N	N	N	N	N	N	N	N	N	0.0000	0.0000	0.0000	0.0000	0.0000	0.0000	0.0000	0.0000	0.0000	0.0000	0.0000	0.0000	0.0000	0.0000	0.0000	0.0000	0.0000	0.0000	17.3713	0.2790	109.9016	0.3658	0.3912	0.0315	24.1139	0.1821	109.5722	100.8941	0.0000	0.2578	16.0000	0.0007	34.8566	0.9413	0.0000	0.0000	0.0000	0.0000	0.0000	0.0000	0.0000	0.0000	0.0000	0.6867	0.0067	0.6800	0.0044	0.0044	0.0000	0.6823	0.0024	0.6799	0.0001	0.0001	0.0000	0.0000	0.0000	0.0000	0.0001	0.0000	0.0000	0.0409	0.0242	0.0167	0.0120	0.0112	0.0009	0.0289	0.0130	0.0159	0.0000	0.0000	0.0000	0.0000	0.0000	0.0000	0.0000	0.0000	0.0000	16.7900	0.2790	40.6181	0.3658	0.3912	0.0315	23.6452	0.1821	42.7933	
27	43	0.0934	2	2	1	1	0	0	0	0	0	Y	N	N	N	N	N	N	N	N	N	N	N	2.8147	inf	0.0000	2.5305	inf	0.0000	6.9081	8.1574	0.0000	0.0000	0.0000	0.0000	7.2037	8.5524	0.0000	2.4543	0.0000	5.2513	0.0000	0.0000	0.0000	2.8467	0.0000	5.4326	0.0000	inf	-0.5479	0.3853	16.0000	1.9995	34.8566	12.0029	0.9995	0.9995	0.0000	0.0000	0.0000	0.0000	0.9995	0.9995	0.0000	1.0000	0.0000	1.0000	0.0000	0.0000	0.0000	1.0000	0.0000	1.0000	0.1447	0.1225	0.0222	0.0059	0.0057	0.0003	0.1387	0.1169	0.0219	0.4075	0.2170	0.1904	0.0562	0.0498	0.0064	0.3513	0.1672	0.1841	2.8147	inf	0.0000	0.0000	0.0000	0.0000	2.5305	inf	0.0000	2.4543	0.0000	5.2513	0.0000	0.0000	0.0000	2.8467	0.0000	5.4326			
27	45	0.1108	6	1	2	0	0	0	0	0	0	N	Y	N	N	N	N	N	N	N	N	N	N	0.0000	0.0000	0.0000	0.0000	0.0000	0.0000	0.0000	0.0000	0.0000	0.0000	0.0000	0.0000	0.0000	0.0000	0.0000	0.0000	0.0000	0.0301	0.0540	0.0000	0.1194	0.1387	0.0000	0.0067	0.0140	0.0000	0.0000	0.0000	-0.0045	16.0000	3.0000	34.8566	5.0456	0.0000	0.0000	0.0000	0.0000	0.0000	0.0000	0.0000	0.0000	0.0000	0.0073	0.0073	0.0000	0.0060	0.0060	0.0000	0.0013	0.0013	0.0000	0.2157	0.1822	0.0335	0.0102	0.0096	0.0006	0.2056	0.1726	0.0329	0.2418	0.1345	0.1073	0.0501	0.0432	0.0070	0.1917	0.0913	0.1003	0.0000	0.0000	0.0000	0.0000	0.0000	0.0000	0.0000	0.0000	0.0000	0.0301	0.0540	0.0000	0.1194	0.1387	0.0000	0.0067	0.0140	0.0000		
27	46	0.1066	5	1	2	0	0	0	0	0	0	N	Y	N	N	N	N	N	N	N	N	N	N	0.0000	0.0000	0.0000	0.0000	0.0000	0.0000	0.0000	0.0000	0.0000	0.0000	0.0000	0.0000	0.0000	0.0000	0.0000	0.0000	0.0000	0.1151	0.0875	0.1488	0.1150	0.1363	0.0000	0.1152	0.0662	0.1597	1.3990	0.0000	-0.0003	16.0000	2.0000	34.8566	1.0030	0.0000	0.0000	0.0000	0.0000	0.0000	0.0000	0.0000	0.0000	0.0000	0.0103	0.0043	0.0060	0.0020	0.0020	0.0000	0.0082	0.0023	0.0060	0.1429	0.1209	0.0221	0.0057	0.0054	0.0003	0.1372	0.1155	0.0217	0.0891	0.0489	0.0402	0.0175	0.0148	0.0027	0.0715	0.0341	0.0374	0.0000	0.0000	0.0000	0.0000	0.0000	0.0000	0.0000	0.0000	0.0000	0.1151	0.0875	0.1488	0.1150	0.1363	0.0000	0.1152	0.0662	0.1597		
27	47	0.1066	4	1	2	0	0	0	0	0	0	N	Y	N	N	N	N	N	N	N	N	N	N	0.0000	0.0000	0.0000	0.0000	0.0000	0.0000	0.0000	0.0000	0.0000	0.0000	0.0000	0.0000	0.0000	0.0000	0.0000	0.0000	0.0000	0.0000	1.5360	2.2936	0.0991	1.8846	1.9301	0.1714	1.2971	2.8499	0.0968	0.0228	0.0000	-0.0051	16.0000	0.0000	34.8566	0.0582	0.0000	0.0000	0.0000	0.0000	0.0000	0.0000	0.0000	0.0000	0.0000	0.0085	0.0083	0.0002	0.0043	0.0042	0.0000	0.0043	0.0041	0.0002	0.0000	0.0000	0.0000	0.0000	0.0000	0.0000	0.0000	0.0000	0.0000	0.0056	0.0036	0.0019	0.0023	0.0022	0.0001	0.0033	0.0014	0.0019	0.0000	0.0000	0.0000	0.0000	0.0000	0.0000	0.0000	0.0000	0.0000	1.5360	2.2936	0.0991	1.8846	1.9301	0.1714	1.2971	2.8499	0.0968	
27	48	0.1028	3	1	2	0	0	0	0	0	0	N	Y	N	N	N	N	N	N	N	N	N	N	0.1018	0.0794	0.0000	0.0000	0.0000	0.0000	0.1122	0.0721	0.0000	1.2709	1.4465	0.0000	0.0000	0.0000	0.0000	1.6947	2.0180	0.0000	12.4863	18.2105	0.0033	0.0936	0.0976	0.0003	15.1045	27.9785	0.0033	0.0000	0.0001	-0.0002	-1.1495	16.0000	0.0018	34.8566	3.9096	0.0003	0.0003	0.0000	0.0000	0.0000	0.0000	0.0003	0.0003	0.0000	1.8702	1.8700	0.0002	0.0035	0.0035	0.0000	1.8667	1.8665	0.0002	0.0002	0.0002	0.0000	0.0001	0.0001	0.0000	0.0002	0.0002	0.0000	0.1611	0.1027	0.0584	0.0375	0.0360	0.0015	0.1236	0.0667	0.0569	0.1095	0.0794	0.0000	0.0000	0.0000	0.0000	0.1122	0.0721	0.0000	11.6090	18.2105	0.0033	0.0936	0.0976	0.0003	15.1045	27.9785	0.0033
27	49	0.0934	2	1	2	0	0	0	0	0	0	N	Y	N	N	N	N	N	N	N	N	N	N	13.0071	8.3536	0.0000	3.8606	3.6761	11.3875	6.3952	0.0000	6.8939	8.1407	0.0000	0.0000	0.0000	0.0000	7.1888	8.5347	0.0000	0.5300	0.9745	0.0089	0.0000	0.0000	0.0000	0.6313	1.3345	0.0092	0.0000	0.0078	-0.5477	-0.0817	16.0000	2.0031	34.8566	6.0601	0.9992	0.9992	0.0000	0.0000	0.0000	0.0000	0.9992	0.9992	0.0000	0.1346	0.1335	0.0010	0.0000	0.0000	0.0000	0.1346	0.1335	0.0010	0.1449	0.1227	0.0222	0.0059	0.0057	0.0003	0.1390	0.1171	0.0219	0.2539	0.1370	0.1169	0.0407	0.0370	0.0038	0.2131	0.1000	0.1131	13.0071	8.3536	0.0000	3.8606	3.6761	0.0000	11.3875	6.3952	0.0000	0.5300	0.9745	0.0089	0.0000	0.0000	0.0000	0.6313	1.3345	0.0092	
27	50	0.0901	8	1	1	1	0	0	0	0	0	N	N	N	N	N	N	N	N	N	N	N	N	0.0000	0.0000	0.0000	0.0000	0.0000	0.0000	0.0000	0.0000	0.0000	0.0000	0.0000	0.0000	0.0000	0.0000	0.0000	0.0000	0.0000	0.0000	0.0000	0.0000	16.0000	0.0004	34.8566	0.9852	0.0000	0.0000	0.0000	0.0000	0.0000	0.0000	0.0000	0.0000	0.0000	0.0000	0.0000	0.0000	0.0000	0.0000	0.0000	0.0000	0.0000	0.0000	0.0001	0.0001	0.0000	0.0000	0.0000	0.0000	0.0001	0.0001	0.0000	0.0274	0.0152	0.0122	0.0045	0.0038	0.0006	0.0229	0.0114	0.0115	0.0000	0.0000	0.0000	0.0000	0.0000	0.0000	0.0000	0.0000	0.0000	0.0000	0.0000	0.0000	0.0000	0.0000	0.0000	0.0000	0.0000	0.0000											
27	51	0.0792	7	1	1	0	0	0	0	0	0	N	N	N	N	N	N	N	N	N	N	N	N	0.0000	0.0000	0.0000	0.0000	0.0000	0.0000	0.0000	0.0000	0.0000	0.0000	0.0000	0.0000	0.0000	0.0000	0.0000	0.0000	0.0000	1.5622	2.9046	0.0003	0.0005	0.0005	0.0000	1.7812	3.6607	0.0003	0.0001	0.0000	-0.6147	16.0000	10.7574	34.8566	12.9024	0.0000	0.0000	0.0000	0.0000	0.0000	0.0000	0.0000	0.0000	0.0000	1.0001	1.0000	0.0001	0.0000	0.0000	0.0000	1.0001	1.0000	0.0001	0.7690	0.6515	0.1175	0.0498	0.0467	0.0031	0.7192	0.6048	0.1144	0.6402	0.3443	0.2959	0.0787	0.0711	0.0076	0.5614	0.2732	0.2883	0.0000	0.0000	0.0000	0.0000	0.0000	0.0000	0.0000	0.0000	0.0000	1.5622	2.9046	0.0003	0.0005	0.0005	0.0000	1.7812	3.6607	0.0003		
27	52	0.0778	6	1	1	0	0	0	0	0	0	N	N	N	N	N	N	N	N	N	N	N	N	0.1638	0.3336	0.0000	0.0323	0.0324	0.2029	17.6476	0.0000	0.0046	0.0054	0.0000	0.0016	0.0017	0.0000	0.0048	0.0057	0.0000	0.0281	0.0163	0.0413	0.0488	0.0516	0.0000	0.0237	0.0003	0.0422	0.0000	2.2484	-0.0005	0.0004	16.0000	2.6694	34.8566	2.4027	0.0009	0.0009	0.0000	0.0000	0.0000	0.0000	0.0009	0.0009	0.0000	0.0047	0.0015	0.0033	0.0014	0.0014	0.0000	0.0033	0.0000	0.0033	0.1980	0.1673	0.0307	0.0127	0.0120	0.0008	0.1853	0.1554	0.0300	0.1689	0.0895	0.0795	0.0295	0.0279	0.0016	0.1394	0.0616	0.0778	0.1638	0.3336	0.0000	0.0323	0.0324	0.0000	0.2029	17.6476	0.0000	0.0281	0.0163	0.0413	0.0488	0.0516	0.0000	0.0237	0.0003	0.0422	
27	53	0.0726	5	1	1	0	0	0	0	0	0	N	N	N	N	N	N	N	N	N	N	N	N	0.6045	327.0467	0.0000	0.0147	0.0139	0.5636	1972.6717	0.0000	1.4768	1.7384	0.0000	0.0003	0.0003	0.0000	1.5704	1.8655	0.0000	2.4431	0.0053	5.1655	0.0195	0.0212	0.0000	2.7862	0.0009	5.2809	0.0000	870.2355	-0.5407	0.3836	16.0000	8.6921	34.8566	5.3599	0.9863	0.9863	0.0000	0.0000	0.0000	0.0000	0.9863	0.9863	0.0000	0.9987	0.0011	0.9976	0.0010	0.0010	0.0000	0.9977	0.0002	0.9976	0.6679	0.5674	0.1005	0.0398	0.0387	0.0011	0.6280	0.5287	0.0993	0.4088	0.2157	0.1931	0.0507	0.0465	0.0042	0.3581	0.1692	0.1889	0.6045	327.0467	0.0000	0.0147	0.0139	0.0000	0.5636	1972.6717	0.0000	2.4431	0.0053	5.1655	0.0195	0.0212	0.0000	2.7862	0.0009	5.2809	
27	54	0.0723	4	1	1	0	0	0	0	0	0	N	N	N	N	N	N	N	N	N	N	N	N	3.2975	2.7648	0.0000	0.0610	0.0595	10.2789	inf	0.0000	0.0734	0.0851	0.0000	0.0043	0.0043	0.0000	0.0838	0.0993	0.0000	0.0223	0.0308	0.0131	0.0701	0.0725	0.0000	0.0082	0.0000	0.0133	0.0000	0.3947	-0.0071	-0.0010	16.0000	1.8652	34.8566	1.4001	0.0129	0.0129	0.0000	0.0001	0.0001	0.0000	0.0128	0.0128	0.0000	0.0030	0.0022	0.0009	0.0022	0.0022	0.0000	0.0009	0.0000	0.0009	0.1761	0.1520	0.0241	0.0231	0.0229	0.0002	0.1530	0.1291	0.0239	0.1357	0.0704	0.0653	0.0309	0.0299	0.0010	0.1048	0.0405	0.0643	3.2975	2.7648	0.0000	0.0610	0.0595	0.0000	10.2789	inf	0.0000	0.0223	0.0308	0.0131	0.0701	0.0725	0.0000	0.0082	0.0000	0.0133	
27	55	0.0678	3	1	1	0	0	0	0	0	0	N	N	N	N	N	N	N	N	N	N	N	N	0.0087	0.0167	0.0000	0.0320	0.0319	0.0000	0.0078	inf	0.0000	0.0007	0.0009	0.0000	0.0053	0.0053	0.0000	0.0005	0.0006	0.0000	0.0861	0.0527	0.1319	0.1645	0.1659	0.1267	0.0676	0.0000	0.1320	0.0000	1.8201	-0.0001	0.0008	16.0000	2.5292	34.8566	4.9772	0.0001	0.0001	0.0000	0.0000	0.0000	0.0000	0.0001	0.0001	0.0000	0.0247	0.0088	0.0160	0.0090	0.0088	0.0002	0.0157	0.0000	0.0157	0.2000	0.1703	0.0297	0.0095	0.0094	0.0000	0.1905	0.1609	0.0296	0.2875	0.1664	0.1211	0.0549	0.0529	0.0020	0.2327	0.1135	0.1191	0.0087	0.0167	0.0000	0.0320	0.0319	0.0000	0.0078	inf	0.0000	0.0861	0.0527	0.1319	0.1645	0.1659	0.1267	0.0676	0.0000	0.1320
27	56	0.0934	2	2	2	0	0	0	0	0	0	Y	Y	N	N	N	N	N	N	N	N	N	N	0.0000	0.0000	0.0000	0.0000	0.0000	0.0000	0.0000	0.0000	0.0000	0.0000	0.0000	0.0000	0.0000	0.0000	0.0000	0.0000	0.0000	0.0000	0.0000	0.0000	16.0000	0.0000	34.8566	10.9971	0.0000	0.0000	0.0000	0.0000	0.0000	0.0000	0.0000	0.0000	0.0000	0.0000	0.0000	0.0000	0.0000	0.0000	0.0000	0.0000	0.0000	0.0000	0.0000	0.0000	0.0000	0.0000	0.0000	0.0000	0.0000	0.0000	0.0000	0.3304	0.1769	0.1535	0.0485	0.0434	0.0051	0.2819	0.1335	0.1484	0.0000	0.0000	0.0000	0.0000	0.0000	0.0000	0.0000	0.0000	0.0000	0.0000	0.0000	0.0000	0.0000	0.0000	0.0000	0.0000	0.0000	0.0000											
27	57	0.1486	5	1	1	0	0	0	0	0	0	N	N	N	N	N	N	N	N	N	N	N	N	7.6875	10.8632	0.0000	34.1716	32.8111	0.0000	4.4606	5.3461	0.0000	1.6243	1.8530	0.0000	2.1243	2.2018	0.0000	1.4398	1.7059	0.0000	0.2113	0.1706	0.2914	0.0622	0.0671	0.0101	0.3228	0.3191	0.3261	0.0000	0.8684	-0.8381	-0.0494	16.0000	7.8198	34.8566	21.5823	1.5289	1.5289	0.0000	0.5391	0.5391	0.0000	0.9899	0.9899	0.0000	0.3297	0.1765	0.1532	0.0415	0.0409	0.0006	0.2882	0.1356	0.1527	0.9413	0.8251	0.1162	0.2538	0.2448	0.0089	0.6875	0.5803	0.1072	1.5604	1.0345	0.5259	0.6675	0.6097	0.0578	0.8929	0.4248	0.4681	7.6875	10.8632	0.0000	34.1716	32.8111	0.0000	4.4606	5.3461	0.0000	0.2113	0.1706	0.2914	0.0622	0.0671	0.0101	0.3228	0.3191	0.3261
27	58	0.1291	6	2	2	1	0	0	0	0	0	Y	Y	N	N	N	N	N	N	N	N	N	N	0.0000	0.0000	0.0000	0.0000	0.0000	0.0000	0.0000	0.0000	0.0000	0.0000	0.0000	0.0000	0.0000	0.0012	0.0021	0.0000	0.0066	0.0077	0.0000	0.0000	0.0000	0.0000	0.0000	0.0000	-0.0003	16.0000	2.0055	34.8566	11.8091	0.0000	0.0000	0.0000	0.0000	0.0000	0.0000	0.0000	0.0000	0.0000	0.0005	0.0005	0.0000	0.0005	0.0005	0.0000	0.0000	0.0000	0.0000	0.1444	0.1222	0.0222	0.0071	0.0067	0.0004	0.1373	0.1155	0.0218	0.3880	0.2141	0.1739	0.0693	0.0599	0.0094	0.3187	0.1542	0.1645	0.0000	0.0000	0.0000	0.0000	0.0000	0.0000	0.0000	0.0000	0.0000	0.0012	0.0021	0.0000	0.0066	0.0077	0.0000	0.0000	0.0000	0.0000						
27	59	0.1237	5	2	1	1	0	0	0	0	0	Y	N	N	N	N	N	N	N	N	N	N	N	0.0000	0.0000	0.0000	0.0000	0.0000	0.0000	0.0000	0.0000	0.0000	0.0000	0.0000	0.0000	0.0000	0.0000	0.0000	0.0000	0.0000	0.0000	0.7182	1.1912	0.0044	2.9731	3.2413	0.0001	0.0034	0.0022	0.0047	0.0025	0.0000	-0.0717	16.0000	1.9951	34.8566	2.5667	0.0000	0.0000	0.0000	0.0000	0.0000	0.0000	0.0000	0.0000	0.0000	0.1171	0.1168	0.0003	0.1167	0.1167	0.0000	0.0004	0.0001	0.0003	0.1432	0.1212	0.0220	0.0065	0.0061	0.0004	0.1367	0.1151	0.0217	0.1630	0.0980	0.0650	0.0392	0.0360	0.0032	0.1238	0.0621	0.0617	0.0000	0.0000	0.0000	0.0000	0.0000	0.0000	0.0000	0.0000	0.0000	0.7182	1.1912	0.0044	2.9731	3.2413	0.0001	0.0034	0.0022	0.0047	
27	60	0.1170	4	2	1	1	0	0	0	0	0	Y	N	N	N	N	N	N	N	N	N	N	N	0.0000	0.0000	0.0000	0.0000	0.0000	0.0000	0.0000	0.0000	0.0000	0.0000	0.0000	0.0000	0.0000	0.0000	0.0000	0.0000	0.0000	0.0000	1.0651	0.7193	2.0622	1.2094	1.3424	0.0034	0.9512	0.0016	2.4845	0.9944	0.0000	-0.0221	16.0000	0.0108	34.8566	3.6229	0.0000	0.0000	0.0000	0.0000	0.0000	0.0000	0.0000	0.0000	0.0000	0.1902	0.0954	0.0948	0.0953	0.0953	0.0000	0.0949	0.0001	0.0948	0.0013	0.0011	0.0002	0.0004	0.0004	0.0000	0.0009	0.0007	0.0002	0.1786	0.1326	0.0460	0.0788	0.0710	0.0078	0.0998	0.0616	0.0382	0.0000	0.0000	0.0000	0.0000	0.0000	0.0000	0.0000	0.0000	0.0000	1.0651	0.7193	2.0622	1.2094	1.3424	0.0034	0.9512	0.0016	2.4845	
27	61	0.0689	3	1	2	0	0	0	0	0	0	N	Y	N	N	N	N	N	N	N	N	N	N	0.0914	72.3772	0.0000	505.5237	501.0036	0.0000	0.0000	0.0476	0.0559	0.0000	0.7633	0.7666	0.0000	0.0000	0.0000	0.0000	0.5213	0.0008	1.2171	0.0015	0.0015	0.0000	0.7366	0.0000	1.2282	0.0000	1177.9296	-0.0086	0.1406	16.0000	4.0917	34.8566	8.0988	0.0157	0.0157	0.0000	0.0157	0.0157	0.0000	0.0000	0.0000	0.0000	0.3657	0.0003	0.3653	0.0003	0.0003	0.0000	0.3653	0.0000	0.3653	0.3303	0.2812	0.0491	0.0206	0.0205	0.0001	0.3097	0.2606	0.0490	0.7014	0.4012	0.3002	0.2054	0.2027	0.0027	0.4960	0.1985	0.2975	0.0914	72.3772	0.0000	505.5237	501.0036	0.0000	0.0000	0.0000	0.0000	0.5213	0.0008	1.2171	0.0015	0.0015	0.0000	0.7366	0.0000	1.2282		
27	62	0.0652	2	1	2	0	0	0	0	0	0	N	Y	N	N	N	N	N	N	N	N	N	N	0.2095	0.0003	1.2859	0.0711	0.0701	0.0000	0.3000	0.0000	1.2748	0.1031	0.0002	0.6411	0.0616	0.0617	0.0000	0.1032	0.0000	0.6411	0.4923	0.4863	0.4986	0.8666	0.8796	0.0000	0.3440	0.0114	0.5029	799.0616	0.9806	0.0071	-0.0256	16.0000	2.1165	34.8566	5.0852	0.0157	0.0000	0.0157	0.0000	0.0000	0.0000	0.0157	0.0000	0.0157	0.2140	0.1081	0.1060	0.1069	0.1069	0.0000	0.1071	0.0011	0.1060	0.1527	0.1282	0.0245	0.0003	0.0003	0.0000	0.1524	0.1279	0.0245	0.4347	0.2222	0.2125	0.1234	0.1215	0.0018	0.3113	0.1006	0.2107	0.2095	0.0003	1.2859	0.0711	0.0701	0.0000	0.3000	0.0000	1.2748	0.4923	0.4863	0.4986	0.8666	0.8796	0.0000	0.3440	0.0114	0.5029
27	63	0.1170	4	2	1	1	0	0	0	0	0	Y	N	N	N	N	N	N	N	N	N	N	N	0.0000	0.0000	0.0000	0.0000	0.0000	0.0000	0.0000	0.0000	0.0000	0.0000	0.0000	0.0000	0.0000	0.0000	0.0000	0.0000	0.0000	2.1224	0.0008	5.5244	0.0029	0.0020	0.0085	2.9701	0.0000	6.1168	4194.0505	0.0000	0.3442	16.0000	3.9990	34.8566	8.8702	0.0000	0.0000	0.0000	0.0000	0.0000	0.0000	0.0000	0.0000	0.0000	0.8939	0.0002	0.8937	0.0003	0.0002	0.0001	0.8936	0.0000	0.8936	0.2794	0.2410	0.0384	0.0161	0.0152	0.0009	0.2633	0.2258	0.0375	0.4212	0.2594	0.1618	0.1203	0.1046	0.0157	0.3009	0.1548	0.1461	0.0000	0.0000	0.0000	0.0000	0.0000	0.0000	0.0000	0.0000	0.0000	2.1224	0.0008	5.5244	0.0029	0.0020	0.0085	2.9701	0.0000	6.1168		
27	64	0.0968	3	2	1	1	0	0	0	0	0	Y	N	N	N	N	N	N	N	N	N	N	N	0.0003	0.0198	0.0000	0.1219	0.1210	0.0000	0.0000	0.0000	0.0000	0.0001	0.0001	0.0000	0.0011	0.0012	0.0000	0.0000	0.0000	0.0000	0.2647	0.0040	0.6347	0.0093	0.0097	0.0034	0.3372	0.0008	0.6558	0.0000	112.6265	-0.0000	0.0404	16.0000	3.9972	34.8566	6.8232	0.0000	0.0000	0.0000	0.0000	0.0000	0.0000	0.0000	0.0000	0.0000	0.1073	0.0009	0.1064	0.0008	0.0008	0.0000	0.1065	0.0001	0.1063	0.2986	0.2542	0.0444	0.0177	0.0171	0.0006	0.2809	0.2371	0.0438	0.4054	0.2378	0.1676	0.0897	0.0843	0.0054	0.3157	0.1536	0.1622	0.0003	0.0198	0.0000	0.1219	0.1210	0.0000	0.0000	0.0000	0.0000	0.2647	0.0040	0.6347	0.0093	0.0097	0.0034	0.3372	0.0008	0.6558
27	65	0.0728	3	1	2	0	0	0	0	0	0	N	Y	N	N	N	N	N	N	N	N	N	N	0.0000	0.0001	0.0000	0.0076	0.0093	0.0000	0.0000	0.0000	0.0000	0.0000	0.0001	0.0000	0.0025	0.0025	0.0000	0.0000	0.0000	0.0000	1.6324	0.9409	2.5569	0.3265	0.2726	2.2036	1.9340	1.2463	2.5772	0.0000	2.0327	-0.0000	0.1512	16.0000	15.6632	34.8566	35.0639	0.0001	0.0001	0.0000	0.0001	0.0001	0.0000	0.0000	0.0000	0.0000	2.7235	0.8980	1.8254	0.1022	0.0816	0.0206	2.6213	0.8164	1.8049	1.1026	0.9311	0.1715	0.0200	0.0197	0.0003	1.0826	0.9114	0.1712	1.6684	0.9544	0.7139	0.3130	0.2994	0.0136	1.3554	0.6551	0.7003	0.0000	0.0001	0.0000	0.0076	0.0093	0.0000	0.0000	0.0000	0.0000	1.6324	0.9409	2.5569	0.3265	0.2726	1.5133	1.9340	1.2463	2.5772
27	66	0.0728	3	1	1	1	0	0	0	0	0	N	N	N	N	N	N	N	N	N	N	N	N	0.0000	0.0000	0.0000	0.0000	0.0000	0.0000	0.0000	0.0000	0.0000	0.0000	0.0000	0.0000	0.0000	0.0000	0.0000	0.0000	0.0000	1.1887	1.8829	0.0031	0.2415	0.2484	0.0000	1.6277	3.4421	0.0032	0.0010	0.0000	-0.6557	16.0000	4.9998	34.8566	10.1184	0.0000	0.0000	0.0000	0.0000	0.0000	0.0000	0.0000	0.0000	0.0000	1.0683	1.0673	0.0010	0.0687	0.0687	0.0000	0.9996	0.9986	0.0010	0.3928	0.3334	0.0594	0.0201	0.0199	0.0002	0.3728	0.3135	0.0593	0.8987	0.5669	0.3319	0.2846	0.2767	0.0079	0.6141	0.2901	0.3240	0.0000	0.0000	0.0000	0.0000	0.0000	0.0000	0.0000	0.0000	0.0000	1.1887	1.8829	0.0031	0.2415	0.2484	0.0000	1.6277	3.4421	0.0032		
27	67	0.0773	5	1	2	0	0	0	0	0	0	N	Y	N	N	N	N	N	N	N	N	N	N	1.1097	7416.5395	0.0000	0.0000	0.0000	0.0000	0.9601	inf	0.0000	1.2990	1.5287	0.0000	0.0000	0.0000	0.0000	1.3529	1.5956	0.0000	1.1706	0.0002	2.5989	0.0013	0.0007	0.0067	1.4092	0.0000	2.6924	0.0000	10332.5901	-0.5419	0.3857	16.0000	10.9928	34.8566	18.5513	0.9885	0.9885	0.0000	0.0000	0.0000	0.0000	0.9885	0.9885	0.0000	1.0014	0.0001	1.0013	0.0002	0.0001	0.0001	1.0012	0.0000	1.0012	0.7609	0.6466	0.1143	0.0303	0.0271	0.0032	0.7306	0.6195	0.1111	0.8554	0.4701	0.3853	0.1449	0.1315	0.0134	0.7105	0.3386	0.3719	1.1097	7416.5395	0.0000	0.0000	0.0000	0.0000	0.9601	inf	0.0000	1.1706	0.0002	2.5989	0.0013	0.0007	0.0067	1.4092	0.0000	2.6924
27	68	0.0773	4	1	1	0	0	0	0	0	0	N	N	N	N	N	N	N	N	N	N	N	N	44.9221	62.1989	0.0000	22.7744	24.1288	0.0000	65.5945	533.2173	0.0000	0.9201	1.0204	0.0000	0.6010	0.6049	0.0000	1.0708	1.2474	0.0000	0.0205	0.0164	0.0284	0.0264	0.0251	0.1413	0.0163	0.0023	0.0268	0.0000	0.8912	-0.0080	-0.0004	16.0000	0.0861	34.8566	1.0715	0.0146	0.0146	0.0000	0.0031	0.0031	0.0000	0.0115	0.0115	0.0000	0.0028	0.0015	0.0013	0.0015	0.0014	0.0001	0.0013	0.0001	0.0012	0.0158	0.0143	0.0016	0.0051	0.0050	0.0000	0.0108	0.0092	0.0015	0.1360	0.0898	0.0462	0.0562	0.0556	0.0006	0.0798	0.0342	0.0456	44.9221	62.1989	0.0000	22.7744	24.1288	0.0000	65.5945	533.2173	0.0000	0.0205	0.0164	0.0284	0.0264	0.0251	0.1413	0.0163	0.0023	0.0268
27	69	0.1264	4	2	1	1	0	0	0	0	0	Y	N	N	N	N	N	N	N	N	N	N	N	0.0000	0.0000	0.0000	0.0000	0.0000	0.0000	0.0000	0.0000	0.0000	0.0000	0.0000	0.0000	0.0000	0.0002	0.0003	0.0000	0.0011	0.0013	0.0000	0.0000	0.0000	0.0000	0.0000	0.0000	-0.0000	16.0000	1.0000	34.8566	3.0001	0.0000	0.0000	0.0000	0.0000	0.0000	0.0000	0.0000	0.0000	0.0000	0.0000	0.0000	0.0000	0.0000	0.0000	0.0000	0.0000	0.0000	0.0000	0.0706	0.0596	0.0110	0.0049	0.0046	0.0003	0.0658	0.0550	0.0107	0.1088	0.0598	0.0490	0.0176	0.0152	0.0024	0.0912	0.0446	0.0466	0.0000	0.0000	0.0000	0.0000	0.0000	0.0000	0.0000	0.0000	0.0000	0.0002	0.0003	0.0000	0.0011	0.0013	0.0000	0.0000	0.0000	0.0000						
27	70	0.1264	3	2	1	1	0	0	0	0	0	Y	N	N	N	N	N	N	N	N	N	N	N	0.0000	0.0000	0.0000	0.0000	0.0000	0.0000	0.0000	0.0000	0.0000	0.0000	0.0000	0.0000	0.0000	0.0000	0.0000	0.0000	0.0000	0.4669	0.8149	0.0001	0.5755	0.5846	0.0000	0.3927	1.3451	0.0001	0.0001	0.0000	-0.0000	16.0000	0.0000	34.8566	0.0009	0.0000	0.0000	0.0000	0.0000	0.0000	0.0000	0.0000	0.0000	0.0000	0.0000	0.0000	0.0000	0.0000	0.0000	0.0000	0.0000	0.0000	0.0000	0.0000	0.0000	0.0000	0.0000	0.0000	0.0000	0.0000	0.0000	0.0000	0.0001	0.0000	0.0000	0.0000	0.0000	0.0000	0.0001	0.0000	0.0000	0.0000	0.0000	0.0000	0.0000	0.0000	0.0000	0.0000	0.0000	0.0000	0.4669	0.8149	0.0001	0.5755	0.5846	0.0000	0.3927	1.3451	0.0001		
27	71	0.0934	2	2	1	1	0	0	0	0	0	Y	N	N	N	N	N	N	N	N	N	N	N	1.3607	0.8502	0.0000	4.9018	4.5156	0.0000	0.0000	0.0000	0.0007	0.0009	0.0000	0.0200	0.0212	0.0000	0.0000	0.0000	0.0000	0.0005	0.0010	0.0000	0.0041	0.0047	0.0000	0.0000	0.0001	0.0000	0.0000	0.0012	-0.0003	-0.0002	16.0000	9.9966	34.8566	12.9129	0.0005	0.0005	0.0000	0.0005	0.0005	0.0000	0.0000	0.0000	0.0000	0.0003	0.0003	0.0000	0.0003	0.0003	0.0000	0.0000	0.0000	0.0000	0.6945	0.5883	0.1063	0.0254	0.0241	0.0014	0.6691	0.5642	0.1049	0.6285	0.3322	0.2963	0.0780	0.0680	0.0100	0.5505	0.2642	0.2863	1.3607	0.8502	0.0000	4.9018	4.5156	0.0000	0.0000	0.0000	0.0000	0.0005	0.0010	0.0000	0.0041	0.0047	0.0000	0.0000	0.0001	0.0000	
27	73	0.0627	2	1	2	0	0	0	0	0	0	N	Y	N	N	N	N	N	N	N	N	N	N	0.0000	0.0000	0.0000	0.0000	0.0000	0.0000	0.0000	0.0000	0.0000	0.0000	0.0000	0.0000	0.0000	0.0000	0.0000	0.0000	0.0000	0.0367	0.0340	0.0399	0.0908	0.0912	0.0122	0.0231	0.0000	0.0400	1.0081	0.0000	-0.0037	16.0000	3.0003	34.8566	18.1082	0.0000	0.0000	0.0000	0.0000	0.0000	0.0000	0.0000	0.0000	0.0000	0.0330	0.0164	0.0166	0.0164	0.0164	0.0000	0.0166	0.0000	0.0166	0.2150	0.1805	0.0345	0.0001	0.0001	0.0000	0.2149	0.1804	0.0345	0.8984	0.4831	0.4153	0.1810	0.1802	0.0008	0.7173	0.3029	0.4144	0.0000	0.0000	0.0000	0.0000	0.0000	0.0000	0.0000	0.0000	0.0000	0.0367	0.0340	0.0399	0.0908	0.0912	0.0122	0.0231	0.0000	0.0400		
27	74	0.0968	3	1	2	0	0	0	0	0	0	N	Y	N	N	N	N	N	N	N	N	N	N	1.4961	4890.7963	0.0000	0.0000	0.0000	0.0000	1.3148	inf	0.0000	1.9759	2.3261	0.0000	0.0000	0.0000	0.0000	2.0787	2.4640	0.0000	1.3207	0.0005	2.9739	0.0033	0.0018	0.0179	1.5810	0.0000	3.0795	0.0000	4993.6227	-0.5482	0.3851	16.0000	7.0046	34.8566	18.1036	1.0000	1.0000	0.0000	0.0000	0.0000	0.0000	1.0000	1.0000	0.0000	1.0000	0.0002	0.9998	0.0004	0.0002	0.0002	0.9996	0.0000	0.9996	0.5061	0.4299	0.0762	0.0250	0.0241	0.0010	0.4811	0.4058	0.0752	0.7572	0.4210	0.3362	0.1249	0.1133	0.0116	0.6323	0.3077	0.3246	1.4961	4890.7963	0.0000	0.0000	0.0000	0.0000	1.3148	inf	0.0000	1.3207	0.0005	2.9739	0.0033	0.0018	0.0179	1.5810	0.0000	3.0795
27	75	0.0934	2	1	1	0	0	0	0	0	0	N	N	N	N	N	N	N	N	N	N	N	N	1.0478	1.1000	0.0000	157.1520	151.3110	0.0343	0.0300	0.0000	0.0275	0.0322	0.0000	0.3445	0.3526	0.0000	0.0011	0.0013	0.0000	0.0263	0.0293	0.0225	0.0022	0.0023	0.0000	0.0328	0.0444	0.0232	0.0000	0.6134	-0.0003	-0.0008	16.0000	0.2435	34.8566	3.2922	0.0005	0.0005	0.0000	0.0005	0.0005	0.0000	0.0000	0.0000	0.0000	0.0035	0.0022	0.0013	0.0001	0.0001	0.0000	0.0034	0.0021	0.0013	0.0192	0.0165	0.0028	0.0015	0.0014	0.0000	0.0178	0.0150	0.0027	0.1333	0.0742	0.0591	0.0284	0.0268	0.0017	0.1049	0.0475	0.0574	1.0478	1.1000	0.0000	157.1520	151.3110	0.0000	0.0343	0.0300	0.0000	0.0263	0.0293	0.0225	0.0022	0.0023	0.0000	0.0328	0.0444	0.0232	
27	77	0.0777	5	1	2	0	0	0	0	0	0	N	Y	N	N	N	N	N	N	N	N	N	N	0.0005	0.0004	0.0000	78.1455	85.9182	0.0000	0.0000	0.0000	0.0000	0.0007	0.0009	0.0000	0.0160	0.0164	0.0000	0.0000	0.0000	0.0000	1.3824	2.4787	0.0017	0.0002	0.0002	0.0003	1.6415	3.3461	0.0017	0.0000	0.0005	-0.0003	-0.6145	16.0000	8.6571	34.8566	16.0761	0.0005	0.0005	0.0000	0.0005	0.0005	0.0000	0.0000	0.0000	0.0000	1.0005	0.9999	0.0005	0.0000	0.0000	0.0000	1.0004	0.9999	0.0005	0.6214	0.5294	0.0920	0.0288	0.0280	0.0008	0.5926	0.5014	0.0912	0.7237	0.4034	0.3203	0.1143	0.1046	0.0097	0.6095	0.2988	0.3106	0.0005	0.0004	0.0000	78.1455	85.9182	0.0000	0.0000	0.0000	0.0000	1.3824	2.4787	0.0017	0.0002	0.0002	0.0003	1.6415	3.3461	0.0017
27	78	0.0773	4	1	2	0	0	0	0	0	0	N	Y	N	N	N	N	N	N	N	N	N	N	18.2171	18.9729	0.0000	59.7299	59.7389	4.4075	8.6564	0.0000	0.0998	0.1145	0.0000	0.5404	0.5517	0.0000	0.0154	0.0181	0.0000	0.0055	0.0060	0.0045	0.0090	0.0092	0.0000	0.0035	0.0021	0.0046	0.0000	0.4298	-0.0019	-0.0003	16.0000	0.3645	34.8566	1.9845	0.0035	0.0035	0.0000	0.0031	0.0031	0.0000	0.0005	0.0005	0.0000	0.0009	0.0006	0.0003	0.0005	0.0005	0.0000	0.0004	0.0001	0.0003	0.0356	0.0310	0.0046	0.0057	0.0056	0.0001	0.0298	0.0254	0.0045	0.1685	0.1070	0.0616	0.0603	0.0591	0.0012	0.1082	0.0479	0.0603	18.2171	18.9729	0.0000	59.7299	59.7389	0.0000	4.4075	8.6564	0.0000	0.0055	0.0060	0.0045	0.0090	0.0092	0.0000	0.0035	0.0021	0.0046	
27	79	0.0678	3	1	1	0	0	0	0	0	0	N	N	N	N	N	N	N	N	N	N	N	N	0.0037	1.6846	0.0000	0.1275	0.1314	0.0000	0.0033	47.3095	0.0000	0.0138	0.0163	0.0000	0.0053	0.0053	0.0000	0.0142	0.0168	0.0000	3.7041	0.0097	8.1776	0.0412	0.0402	0.0574	4.2802	0.0004	8.3237	0.0000	699.4367	-0.0017	0.7734	16.0000	2.9108	34.8566	14.2456	0.0031	0.0031	0.0000	0.0000	0.0000	0.0000	0.0031	0.0031	0.0000	2.0151	0.0029	2.0122	0.0030	0.0028	0.0002	2.0121	0.0001	2.0120	0.2270	0.1930	0.0340	0.0095	0.0094	0.0000	0.2175	0.1836	0.0340	0.5440	0.2980	0.2461	0.0739	0.0696	0.0044	0.4701	0.2284	0.2417	0.0037	1.6846	0.0000	0.1275	0.1314	0.0000	0.0033	47.3095	0.0000	3.7041	0.0097	8.1776	0.0412	0.0402	0.0574	4.2802	0.0004	8.3237
27	80	0.0627	2	1	1	0	0	0	0	0	0	N	N	N	N	N	N	N	N	N	N	N	N	0.0020	0.0146	0.0000	0.0000	0.0000	0.0000	0.0015	5.1897	0.0000	0.0067	0.0080	0.0000	0.0000	0.0000	0.0000	0.0068	0.0081	0.0000	3.2894	0.5464	6.7773	0.9825	0.9553	53.9355	4.3774	0.0016	6.7664	0.0000	9.7548	-0.0000	0.5372	16.0000	0.1009	34.8566	7.5203	0.0001	0.0001	0.0000	0.0000	0.0000	0.0000	0.0001	0.0001	0.0000	1.8382	0.1709	1.6672	0.1759	0.1707	0.0052	1.6622	0.0002	1.6620	0.0075	0.0063	0.0012	0.0001	0.0001	0.0000	0.0074	0.0062	0.0012	0.5588	0.3128	0.2460	0.1791	0.1787	0.0004	0.3797	0.1341	0.2456	0.0020	0.0146	0.0000	0.0000	0.0000	0.0000	0.0015	5.1897	0.0000	3.2894	0.5464	6.7773	0.9825	0.9553	13.9293	4.3774	0.0016	6.7664
27	82	0.0759	4	1	2	0	0	0	0	0	0	N	Y	N	N	N	N	N	N	N	N	N	N	0.0000	0.0000	0.0000	0.0000	0.0000	0.0000	0.0000	0.0000	0.0000	0.0000	0.0000	0.0000	0.0000	0.0000	0.0000	0.0000	0.0000	0.0000	2.9547	5.2239	0.0049	0.8803	0.9007	0.0000	3.3608	6.9310	0.0050	0.0007	0.0000	-1.8177	16.0000	7.9116	34.8566	21.1247	0.0000	0.0000	0.0000	0.0000	0.0000	0.0000	0.0000	0.0000	0.0000	2.9604	2.9582	0.0022	0.1444	0.1444	0.0000	2.8160	2.8138	0.0022	0.5968	0.5039	0.0929	0.0247	0.0244	0.0003	0.5721	0.4795	0.0926	1.0019	0.5663	0.4356	0.1640	0.1603	0.0037	0.8379	0.4060	0.4319	0.0000	0.0000	0.0000	0.0000	0.0000	0.0000	0.0000	0.0000	0.0000	2.9547	5.2239	0.0049	0.8803	0.9007	0.0000	3.3608	6.9310	0.0050	
27	83	0.0938	5	2	2	0	0	0	0	0	0	Y	Y	N	N	N	N	N	N	N	N	N	N	0.0000	0.0000	0.0000	0.0000	0.0000	0.0000	0.0000	0.0000	0.0000	0.0000	0.0000	0.0000	0.0000	0.0000	0.0000	0.0000	0.0000	0.0000	0.0000	0.0000	16.0000	0.0000	34.8566	1.8333	0.0000	0.0000	0.0000	0.0000	0.0000	0.0000	0.0000	0.0000	0.0000	0.0000	0.0000	0.0000	0.0000	0.0000	0.0000	0.0000	0.0000	0.0000	0.0000	0.0000	0.0000	0.0000	0.0000	0.0000	0.0000	0.0000	0.0000	0.0840	0.0523	0.0316	0.0220	0.0211	0.0009	0.0620	0.0312	0.0307	0.0000	0.0000	0.0000	0.0000	0.0000	0.0000	0.0000	0.0000	0.0000	0.0000	0.0000	0.0000	0.0000	0.0000	0.0000	0.0000	0.0000	0.0000											
27	84	0.0759	4	2	2	0	0	0	0	0	0	Y	Y	N	N	N	N	N	N	N	N	N	N	0.0000	0.0000	0.0000	0.0000	0.0000	0.0000	0.0000	0.0000	0.0000	0.0000	0.0000	0.0000	0.0000	0.0000	0.0000	0.0000	0.0000	1.0945	1.8828	0.0065	0.2795	0.2848	0.0000	1.2954	2.6866	0.0066	0.0025	0.0000	-0.5281	16.0000	6.9552	34.8566	13.1226	0.0000	0.0000	0.0000	0.0000	0.0000	0.0000	0.0000	0.0000	0.0000	0.8626	0.8604	0.0022	0.0436	0.0436	0.0000	0.8190	0.8169	0.0022	0.5320	0.4492	0.0827	0.0246	0.0242	0.0003	0.5074	0.4250	0.0824	0.7881	0.4570	0.3311	0.1558	0.1529	0.0029	0.6323	0.3041	0.3282	0.0000	0.0000	0.0000	0.0000	0.0000	0.0000	0.0000	0.0000	0.0000	1.0945	1.8828	0.0065	0.2795	0.2848	0.0000	1.2954	2.6866	0.0066		
27	85	0.0728	3	1	2	0	0	0	0	0	0	N	Y	N	N	N	N	N	N	N	N	N	N	0.0000	0.0000	0.0000	0.0000	0.0000	0.0000	0.0000	0.0000	0.0000	0.0000	0.0000	0.0000	0.0000	0.0000	0.0000	0.0000	0.0000	0.0000	0.6381	1.0611	0.0906	0.0614	0.0617	0.0020	0.8178	1.7824	0.0908	0.0659	0.0000	-0.1116	16.0000	0.3374	34.8566	6.1146	0.0000	0.0000	0.0000	0.0000	0.0000	0.0000	0.0000	0.0000	0.0000	0.2018	0.1893	0.0125	0.0046	0.0046	0.0000	0.1972	0.1847	0.0125	0.0397	0.0326	0.0071	0.0077	0.0077	0.0000	0.0319	0.0248	0.0071	0.3162	0.1784	0.1378	0.0751	0.0748	0.0003	0.2411	0.1036	0.1375	0.0000	0.0000	0.0000	0.0000	0.0000	0.0000	0.0000	0.0000	0.0000	0.6381	1.0611	0.0906	0.0614	0.0617	0.0020	0.8178	1.7824	0.0908	
27	86	0.0728	3	1	2	0	0	0	0	0	0	N	Y	N	N	N	N	N	N	N	N	N	N	0.0000	0.0000	0.0000	0.0000	0.0000	0.0000	0.0000	0.0000	0.0000	0.0000	0.0000	0.0000	0.0000	0.0000	0.0000	0.0000	0.0000	0.0175	0.0063	0.0303	0.0282	0.0286	0.0000	0.0160	0.0000	0.0304	4.2279	0.0000	0.0026	16.0000	11.0342	34.8566	12.7513	0.0000	0.0000	0.0000	0.0000	0.0000	0.0000	0.0000	0.0000	0.0000	0.0134	0.0026	0.0108	0.0026	0.0026	0.0000	0.0108	0.0000	0.0108	0.7781	0.6544	0.1237	0.0096	0.0095	0.0001	0.7685	0.6449	0.1236	0.7651	0.4080	0.3571	0.0907	0.0895	0.0012	0.6745	0.3185	0.3560	0.0000	0.0000	0.0000	0.0000	0.0000	0.0000	0.0000	0.0000	0.0000	0.0175	0.0063	0.0303	0.0282	0.0286	0.0000	0.0160	0.0000	0.0304		
27	87	0.0652	2	1	2	0	0	0	0	0	0	N	Y	N	N	N	N	N	N	N	N	N	N	0.0000	0.0002	0.0000	0.0539	0.0532	0.0000	0.0000	0.0000	0.0000	0.0001	0.0001	0.0000	0.0628	0.0629	0.0000	0.0000	0.0000	0.0000	2.1950	0.5554	3.9007	1.1648	1.1825	0.0000	2.5237	0.0053	3.9299	0.0000	6.7509	-0.0000	0.2908	16.0000	3.9739	34.8566	6.2820	0.0000	0.0000	0.0000	0.0000	0.0000	0.0000	0.0000	0.0000	0.0000	1.1348	0.1464	0.9884	0.1457	0.1457	0.0000	0.9892	0.0007	0.9884	0.2841	0.2385	0.0455	0.0003	0.0003	0.0000	0.2838	0.2382	0.0455	0.5170	0.2636	0.2534	0.1251	0.1232	0.0019	0.3919	0.1404	0.2515	0.0000	0.0002	0.0000	0.0539	0.0532	0.0000	0.0000	0.0000	0.0000	2.1950	0.5554	3.9007	1.1648	1.1825	0.0000	2.5237	0.0053	3.9299
27	92	0.1486	5	1	1	0	0	0	0	0	0	N	N	N	N	N	N	N	N	N	N	N	N	2.8020	7.3599	3.9445	30.7639	22.9944	2262.6518	1.8067	4.3556	3.4569	1.5926	1.0225	5.1501	1.9564	1.6168	7.6026	1.5326	0.9135	4.9986	0.5684	0.1389	1.3056	0.0636	0.0703	0.0034	0.8483	0.2097	1.4460	0.8072	5.4745	-0.3096	0.2726	16.0000	24.8682	34.8566	39.8855	3.0494	1.6873	1.3621	0.5305	0.4136	0.1170	2.5189	1.2738	1.2451	1.1812	0.1824	0.9988	0.0471	0.0469	0.0002	1.1341	0.1355	0.9985	1.9147	1.6502	0.2645	0.2712	0.2558	0.0154	1.6435	1.3944	0.2491	2.0782	1.3132	0.7650	0.7413	0.6669	0.0744	1.3369	0.6463	0.6906	2.8020	7.3599	3.9445	30.7639	22.9944	2262.6518	1.8067	4.3556	3.4569	0.5684	0.1389	1.3056	0.0636	0.0703	0.0034	0.8483	0.2097	1.4460
28	29	0.0142	4	0	1	1	0	0	0	0	0	N	N	N	N	N	N	N	N	N	N	N	N	0.0000	0.0000	0.0000	0.0000	0.0000	0.0000	0.0000	0.0000	0.0000	0.0000	0.0000	0.0000	0.0000	34.9933	0.0000	181.1377	0.0000	0.0000	0.0000	31.4098	0.0000	181.7526	inf	0.0000	0.3848	0.0000	5.0749	3.0088	14.8264	0.0000	0.0000	0.0000	0.0000	0.0000	0.0000	0.0000	0.0000	0.0000	0.9988	0.0000	0.9988	0.0000	0.0000	0.0000	0.9988	0.0000	0.9988	0.0000	0.0000	0.0000	0.0000	0.0000	0.0000	0.0000	0.0000	0.0000	0.0356	0.0194	0.0162	0.0038	0.0030	0.0007	0.0318	0.0163	0.0155	0.0000	0.0000	0.0000	0.0000	0.0000	0.0000	0.0000	0.0000	0.0000	28.0888	0.0000	61.6391	0.0000	0.0000	0.0000	31.4098	0.0000	64.5010						
28	30	0.0650	10	1	0	2	0	0	0	0	0	N	N	Y	N	N	N	N	N	N	N	N	N	0.0000	0.0000	0.0000	0.0000	0.0000	0.0000	0.0000	0.0000	0.0000	0.0000	0.0000	0.0000	0.0000	0.0000	0.0000	0.0000	0.0000	0.0000	0.0000	0.0000	0.0000	5.9956	3.0088	15.0927	0.0000	0.0000	0.0000	0.0000	0.0000	0.0000	0.0000	0.0000	0.0000	0.0000	0.0000	0.0000	0.0000	0.0000	0.0000	0.0000	0.0000	0.0000	0.0000	0.0000	0.0000	0.0000	0.0000	0.0000	0.0000	0.0000	0.0000	0.0326	0.0188	0.0138	0.0103	0.0081	0.0021	0.0223	0.0107	0.0116	0.0000	0.0000	0.0000	0.0000	0.0000	0.0000	0.0000	0.0000	0.0000	0.0000	0.0000	0.0000	0.0000	0.0000	0.0000	0.0000	0.0000	0.0000											
28	31	0.0273	8	0	1	1	0	0	0	0	0	N	N	N	N	N	N	N	N	N	N	N	N	0.0000	0.0000	0.0000	0.0000	0.0000	0.0000	0.0000	0.0000	0.0000	0.0000	0.0000	0.0000	0.0000	0.0352	0.0656	0.0000	0.2627	0.3360	0.0000	0.0000	0.0000	0.0000	0.0000	0.0000	-0.0004	0.0000	1.4218	3.0088	7.0463	0.0000	0.0000	0.0000	0.0000	0.0000	0.0000	0.0000	0.0000	0.0000	0.0006	0.0006	0.0000	0.0006	0.0006	0.0000	0.0000	0.0000	0.0000	0.0000	0.0000	0.0000	0.0000	0.0000	0.0000	0.0000	0.0000	0.0000	0.0162	0.0087	0.0075	0.0022	0.0017	0.0005	0.0140	0.0070	0.0070	0.0000	0.0000	0.0000	0.0000	0.0000	0.0000	0.0000	0.0000	0.0000	0.0352	0.0656	0.0000	0.2627	0.3360	0.0000	0.0000	0.0000	0.0000						
28	32	0.0221	7	0	0	1	0	0	0	0	0	N	N	N	N	N	N	N	N	N	N	N	N	0.0000	0.0000	0.0000	0.0000	0.0000	0.0000	0.0000	0.0000	0.0000	0.0000	0.0000	0.0000	0.0000	0.0000	0.0000	0.0250	0.0089	0.0440	0.0000	0.0000	0.0000	0.0316	0.0136	0.0462	4.1818	0.0000	0.0001	0.0000	4.3312	3.0088	5.5221	0.0000	0.0000	0.0000	0.0000	0.0000	0.0000	0.0000	0.0000	0.0000	0.0006	0.0001	0.0005	0.0000	0.0000	0.0000	0.0006	0.0001	0.0005	0.0000	0.0000	0.0000	0.0000	0.0000	0.0000	0.0000	0.0000	0.0000	0.0228	0.0123	0.0105	0.0048	0.0043	0.0005	0.0180	0.0081	0.0099	0.0000	0.0000	0.0000	0.0000	0.0000	0.0000	0.0000	0.0000	0.0000	0.0250	0.0089	0.0440	0.0000	0.0000	0.0000	0.0316	0.0136	0.0462				
28	33	0.0197	6	0	0	1	0	0	0	0	0	N	N	N	N	N	N	N	N	N	N	N	N	0.0000	0.0000	0.0000	0.0000	0.0000	0.0000	0.0000	0.0000	0.0000	0.0000	0.0000	0.0000	0.0000	0.0000	0.0000	0.0000	0.0000	0.0000	0.0000	0.0000	0.0000	4.2685	3.0088	3.7703	0.0000	0.0000	0.0000	0.0000	0.0000	0.0000	0.0000	0.0000	0.0000	0.0000	0.0000	0.0000	0.0000	0.0000	0.0000	0.0000	0.0000	0.0000	0.0000	0.0000	0.0000	0.0000	0.0000	0.0000	0.0000	0.0000	0.0000	0.0161	0.0087	0.0074	0.0025	0.0022	0.0003	0.0136	0.0065	0.0071	0.0000	0.0000	0.0000	0.0000	0.0000	0.0000	0.0000	0.0000	0.0000	0.0000	0.0000	0.0000	0.0000	0.0000	0.0000	0.0000	0.0000	0.0000											
28	34	0.0650	10	1	0	2	0	0	0	0	0	N	N	Y	N	N	N	N	N	N	N	N	N	0.0000	0.0000	0.0000	0.0000	0.0000	0.0000	0.0000	0.0000	0.0000	0.0000	0.0000	0.0000	0.0000	0.0000	0.0000	0.0000	0.0000	0.0000	0.0000	0.0000	0.0000	4.9966	3.0088	15.0870	0.0000	0.0000	0.0000	0.0000	0.0000	0.0000	0.0000	0.0000	0.0000	0.0000	0.0000	0.0000	0.0000	0.0000	0.0000	0.0000	0.0000	0.0000	0.0000	0.0000	0.0000	0.0000	0.0000	0.0000	0.0000	0.0000	0.0000	0.0311	0.0180	0.0131	0.0098	0.0078	0.0020	0.0213	0.0102	0.0111	0.0000	0.0000	0.0000	0.0000	0.0000	0.0000	0.0000	0.0000	0.0000	0.0000	0.0000	0.0000	0.0000	0.0000	0.0000	0.0000	0.0000	0.0000											
28	37	0.0980	11	1	1	2	0	0	0	0	0	N	N	Y	N	N	N	N	N	N	N	N	N	0.0000	0.0000	0.0000	0.0000	0.0000	0.0000	0.0000	0.0000	0.0000	0.0000	0.0000	0.0000	0.0000	0.0000	0.0000	0.0000	0.0000	0.0000	0.0000	0.0000	0.0000	3.0000	3.0088	5.0002	0.0000	0.0000	0.0000	0.0000	0.0000	0.0000	0.0000	0.0000	0.0000	0.0000	0.0000	0.0000	0.0000	0.0000	0.0000	0.0000	0.0000	0.0000	0.0000	0.0000	0.0000	0.0000	0.0000	0.0000	0.0000	0.0000	0.0000	0.0115	0.0060	0.0055	0.0032	0.0025	0.0008	0.0083	0.0036	0.0047	0.0000	0.0000	0.0000	0.0000	0.0000	0.0000	0.0000	0.0000	0.0000	0.0000	0.0000	0.0000	0.0000	0.0000	0.0000	0.0000	0.0000	0.0000											
28	38	0.0654	13	1	1	1	0	0	0	0	0	N	N	N	N	N	N	N	N	N	N	N	N	0.0000	0.0000	0.0000	0.0000	0.0000	0.0000	0.0000	0.0000	0.0000	0.0000	0.0000	0.0000	0.0000	0.0000	0.0000	0.0000	0.0000	0.0000	0.0000	0.0000	0.0000	0.0001	3.0088	0.1668	0.0000	0.0000	0.0000	0.0000	0.0000	0.0000	0.0000	0.0000	0.0000	0.0000	0.0000	0.0000	0.0000	0.0000	0.0000	0.0000	0.0000	0.0000	0.0000	0.0000	0.0000	0.0000	0.0000	0.0000	0.0000	0.0000	0.0000	0.0042	0.0033	0.0010	0.0020	0.0020	0.0000	0.0022	0.0012	0.0010	0.0000	0.0000	0.0000	0.0000	0.0000	0.0000	0.0000	0.0000	0.0000	0.0000	0.0000	0.0000	0.0000	0.0000	0.0000	0.0000	0.0000	0.0000											
28	39	0.0152	4	0	0	1	1	0	0	0	0	N	N	N	N	N	N	N	N	N	N	N	N	0.0000	0.0000	0.0000	0.0000	0.0000	0.0000	0.0000	0.0000	0.0000	0.0000	0.0000	0.0000	0.0000	0.0000	0.0000	0.0000	0.0000	0.0000	0.0000	0.0000	0.0000	1.7673	3.0088	9.0239	0.0000	0.0000	0.0000	0.0000	0.0000	0.0000	0.0000	0.0000	0.0000	0.0000	0.0000	0.0000	0.0000	0.0000	0.0000	0.0000	0.0000	0.0000	0.0000	0.0000	0.0000	0.0000	0.0000	0.0000	0.0000	0.0000	0.0000	0.0221	0.0123	0.0098	0.0032	0.0028	0.0004	0.0189	0.0095	0.0094	0.0000	0.0000	0.0000	0.0000	0.0000	0.0000	0.0000	0.0000	0.0000	0.0000	0.0000	0.0000	0.0000	0.0000	0.0000	0.0000	0.0000	0.0000											
28	40	0.0128	3	0	0	1	1	0	0	0	0	N	N	N	N	N	N	N	N	N	N	N	N	0.0000	0.0000	0.0000	0.0000	0.0000	0.0000	0.0000	0.0000	0.0000	0.0000	0.0000	0.0000	0.0000	0.0006	0.0011	0.0000	0.0039	0.0043	0.0000	0.0000	0.0000	0.0000	0.0000	0.0000	-0.0000	0.0000	3.4690	3.0088	3.7419	0.0000	0.0000	0.0000	0.0000	0.0000	0.0000	0.0000	0.0000	0.0000	0.0000	0.0000	0.0000	0.0000	0.0000	0.0000	0.0000	0.0000	0.0000	0.0000	0.0000	0.0000	0.0000	0.0000	0.0000	0.0000	0.0000	0.0000	0.0159	0.0088	0.0070	0.0026	0.0023	0.0003	0.0133	0.0065	0.0068	0.0000	0.0000	0.0000	0.0000	0.0000	0.0000	0.0000	0.0000	0.0000	0.0006	0.0011	0.0000	0.0039	0.0043	0.0000	0.0000	0.0000	0.0000						
28	41	0.0835	15	0	1	2	0	0	0	0	0	N	N	Y	N	N	N	N	N	N	N	N	N	0.0000	0.0000	0.0000	0.0000	0.0000	0.0000	0.0000	0.0000	0.0000	0.0000	0.0000	0.0000	0.0000	0.0024	0.0047	0.0000	0.0105	0.0134	0.0000	0.0000	0.0000	0.0000	0.0000	0.0000	-0.0000	0.0000	0.9997	3.0088	10.1790	0.0000	0.0000	0.0000	0.0000	0.0000	0.0000	0.0000	0.0000	0.0000	0.0000	0.0000	0.0000	0.0000	0.0000	0.0000	0.0000	0.0000	0.0000	0.0000	0.0000	0.0000	0.0000	0.0000	0.0000	0.0000	0.0000	0.0000	0.0164	0.0086	0.0079	0.0038	0.0030	0.0008	0.0126	0.0056	0.0070	0.0000	0.0000	0.0000	0.0000	0.0000	0.0000	0.0000	0.0000	0.0000	0.0024	0.0047	0.0000	0.0105	0.0134	0.0000	0.0000	0.0000	0.0000						
28	42	0.0824	14	0	1	1	0	0	0	0	0	N	N	N	N	N	N	N	N	N	N	N	N	0.0000	0.0000	0.0000	0.0000	0.0000	0.0000	0.0000	0.0000	0.0000	0.0000	0.0000	0.0000	0.0000	0.0000	0.0000	0.1161	0.2261	0.0000	0.2975	0.3299	0.0000	0.0267	0.0828	0.0000	0.0000	0.0000	-0.0002	0.0000	0.0007	3.0088	0.9413	0.0000	0.0000	0.0000	0.0000	0.0000	0.0000	0.0000	0.0000	0.0000	0.0003	0.0003	0.0000	0.0002	0.0002	0.0000	0.0000	0.0000	0.0000	0.0000	0.0000	0.0000	0.0000	0.0000	0.0000	0.0000	0.0000	0.0000	0.0022	0.0011	0.0011	0.0007	0.0007	0.0001	0.0015	0.0005	0.0010	0.0000	0.0000	0.0000	0.0000	0.0000	0.0000	0.0000	0.0000	0.0000	0.1161	0.2261	0.0000	0.2975	0.3299	0.0000	0.0267	0.0828	0.0000				
28	43	0.0650	10	1	0	2	0	0	0	0	0	N	N	Y	N	N	N	N	N	N	N	N	N	0.0000	0.0000	0.0000	0.0000	0.0000	0.0000	0.0000	0.0000	0.0000	0.0000	0.0000	0.0000	0.0000	0.0000	0.0000	0.0000	0.0000	0.0000	0.0000	0.0000	0.0000	1.9995	3.0088	12.0029	0.0000	0.0000	0.0000	0.0000	0.0000	0.0000	0.0000	0.0000	0.0000	0.0000	0.0000	0.0000	0.0000	0.0000	0.0000	0.0000	0.0000	0.0000	0.0000	0.0000	0.0000	0.0000	0.0000	0.0000	0.0000	0.0000	0.0000	0.0221	0.0128	0.0093	0.0070	0.0056	0.0014	0.0150	0.0072	0.0079	0.0000	0.0000	0.0000	0.0000	0.0000	0.0000	0.0000	0.0000	0.0000	0.0000	0.0000	0.0000	0.0000	0.0000	0.0000	0.0000	0.0000	0.0000											
28	44	0.0318	9	1	1	1	0	0	0	0	0	N	N	N	N	N	N	N	N	N	N	N	N	0.0000	0.0000	0.0000	0.0000	0.0000	0.0000	0.0000	0.0000	0.0000	0.0000	0.0000	0.0000	0.0000	0.0000	0.0000	0.0000	0.0000	0.0000	0.0000	0.0000	0.0000	10.0000	3.0088	26.8440	0.0000	0.0000	0.0000	0.0000	0.0000	0.0000	0.0000	0.0000	0.0000	0.0000	0.0000	0.0000	0.0000	0.0000	0.0000	0.0000	0.0000	0.0000	0.0000	0.0000	0.0000	0.0000	0.0000	0.0000	0.0000	0.0000	0.0000	0.0600	0.0331	0.0269	0.0110	0.0092	0.0018	0.0490	0.0239	0.0251	0.0000	0.0000	0.0000	0.0000	0.0000	0.0000	0.0000	0.0000	0.0000	0.0000	0.0000	0.0000	0.0000	0.0000	0.0000	0.0000	0.0000	0.0000											
28	45	0.0824	14	0	1	1	0	0	0	0	0	N	N	N	N	N	N	N	N	N	N	N	N	0.0000	0.0000	0.0000	0.0000	0.0000	0.0000	0.0000	0.0000	0.0000	0.0000	0.0000	0.0000	0.0000	80.8921	155.5900	0.0000	0.0000	0.0000	0.0000	106.7439	247.7437	0.0000	0.0000	0.0000	-0.6146	0.0000	3.0000	3.0088	5.0456	0.0000	0.0000	0.0000	0.0000	0.0000	0.0000	0.0000	0.0000	0.0000	0.9998	0.9998	0.0000	0.0000	0.0000	0.0000	0.9998	0.9998	0.0000	0.0000	0.0000	0.0000	0.0000	0.0000	0.0000	0.0000	0.0000	0.0000	0.0124	0.0064	0.0059	0.0030	0.0024	0.0006	0.0094	0.0040	0.0053	0.0000	0.0000	0.0000	0.0000	0.0000	0.0000	0.0000	0.0000	0.0000	80.8921	155.5900	0.0000	0.0000	0.0000	0.0000	106.7439	247.7437	0.0000						
28	46	0.0782	13	0	1	1	0	0	0	0	0	N	N	N	N	N	N	N	N	N	N	N	N	0.0000	0.0000	0.0000	0.0000	0.0000	0.0000	0.0000	0.0000	0.0000	0.0000	0.0000	0.0000	0.0000	0.0421	0.0723	0.0000	0.0000	0.0000	0.0000	0.0598	0.1246	0.0000	0.0000	0.0000	-0.0001	0.0000	2.0000	3.0088	1.0030	0.0000	0.0000	0.0000	0.0000	0.0000	0.0000	0.0000	0.0000	0.0000	0.0002	0.0002	0.0000	0.0000	0.0000	0.0000	0.0002	0.0002	0.0000	0.0000	0.0000	0.0000	0.0000	0.0000	0.0000	0.0000	0.0000	0.0000	0.0052	0.0030	0.0022	0.0016	0.0013	0.0003	0.0037	0.0018	0.0019	0.0000	0.0000	0.0000	0.0000	0.0000	0.0000	0.0000	0.0000	0.0000	0.0421	0.0723	0.0000	0.0000	0.0000	0.0000	0.0598	0.1246	0.0000						
28	47	0.0782	12	0	1	1	0	0	0	0	0	N	N	N	N	N	N	N	N	N	N	N	N	0.0000	0.0000	0.0000	0.0000	0.0000	0.0000	0.0000	0.0000	0.0000	0.0000	0.0000	0.0000	0.0000	0.0000	0.0000	0.0000	0.0000	0.0000	0.0000	0.0000	0.0000	0.0000	3.0088	0.0582	0.0000	0.0000	0.0000	0.0000	0.0000	0.0000	0.0000	0.0000	0.0000	0.0000	0.0000	0.0000	0.0000	0.0000	0.0000	0.0000	0.0000	0.0000	0.0000	0.0000	0.0000	0.0000	0.0000	0.0000	0.0000	0.0000	0.0000	0.0005	0.0003	0.0002	0.0002	0.0002	0.0000	0.0003	0.0001	0.0002	0.0000	0.0000	0.0000	0.0000	0.0000	0.0000	0.0000	0.0000	0.0000	0.0000	0.0000	0.0000	0.0000	0.0000	0.0000	0.0000	0.0000	0.0000											
28	48	0.0744	11	0	1	1	0	0	0	0	0	N	N	N	N	N	N	N	N	N	N	N	N	0.0000	0.0000	0.0000	0.0000	0.0000	0.0000	0.0000	0.0000	0.0000	0.0000	0.0000	0.0000	0.0000	0.0000	0.0000	0.0000	0.0000	0.0000	0.0000	0.0000	0.0000	0.0018	3.0088	3.9096	0.0000	0.0000	0.0000	0.0000	0.0000	0.0000	0.0000	0.0000	0.0000	0.0000	0.0000	0.0000	0.0000	0.0000	0.0000	0.0000	0.0000	0.0000	0.0000	0.0000	0.0000	0.0000	0.0000	0.0000	0.0000	0.0000	0.0000	0.0071	0.0043	0.0028	0.0022	0.0018	0.0004	0.0049	0.0024	0.0025	0.0000	0.0000	0.0000	0.0000	0.0000	0.0000	0.0000	0.0000	0.0000	0.0000	0.0000	0.0000	0.0000	0.0000	0.0000	0.0000	0.0000	0.0000											
28	49	0.0650	10	0	1	1	0	0	0	0	0	N	N	N	N	N	N	N	N	N	N	N	N	0.0000	0.0000	0.0000	0.0000	0.0000	0.0000	0.0000	0.0000	0.0000	0.0000	0.0000	0.0000	0.0000	0.0000	0.0000	0.0000	0.0000	0.0000	0.0000	0.0000	0.0000	2.0031	3.0088	6.0601	0.0000	0.0000	0.0000	0.0000	0.0000	0.0000	0.0000	0.0000	0.0000	0.0000	0.0000	0.0000	0.0000	0.0000	0.0000	0.0000	0.0000	0.0000	0.0000	0.0000	0.0000	0.0000	0.0000	0.0000	0.0000	0.0000	0.0000	0.0129	0.0075	0.0054	0.0042	0.0033	0.0008	0.0088	0.0042	0.0046	0.0000	0.0000	0.0000	0.0000	0.0000	0.0000	0.0000	0.0000	0.0000	0.0000	0.0000	0.0000	0.0000	0.0000	0.0000	0.0000	0.0000	0.0000											
28	50	0.0019	2	0	0	2	0	0	0	0	0	N	N	Y	N	N	N	N	N	N	N	N	N	0.0000	0.0000	0.0000	0.0000	0.0000	0.0000	0.0000	0.0000	0.0000	0.0000	0.0000	0.0000	0.0000	4.0484	8.0427	0.0000	30.9270	30.9270	0.0000	0.0000	0.0000	0.0000	0.0000	0.0000	-0.0062	0.0000	0.0004	3.0088	0.9852	0.0000	0.0000	0.0000	0.0000	0.0000	0.0000	0.0000	0.0000	0.0000	0.0100	0.0100	0.0000	0.0100	0.0100	0.0000	0.0000	0.0000	0.0000	0.0000	0.0000	0.0000	0.0000	0.0000	0.0000	0.0000	0.0000	0.0000	0.0025	0.0012	0.0012	0.0003	0.0003	0.0000	0.0022	0.0009	0.0012	0.0000	0.0000	0.0000	0.0000	0.0000	0.0000	0.0000	0.0000	0.0000	4.0484	8.0427	0.0000	30.9270	30.9270	0.0000	0.0000	0.0000	0.0000						
28	56	0.0650	10	1	1	1	0	0	0	0	0	N	N	N	N	N	N	N	N	N	N	N	N	0.0000	0.0000	0.0000	0.0000	0.0000	0.0000	0.0000	0.0000	0.0000	0.0000	0.0000	0.0000	0.0000	0.0000	0.0000	0.0000	0.0000	0.0000	0.0000	0.0000	0.0000	0.0000	3.0088	10.9971	0.0000	0.0000	0.0000	0.0000	0.0000	0.0000	0.0000	0.0000	0.0000	0.0000	0.0000	0.0000	0.0000	0.0000	0.0000	0.0000	0.0000	0.0000	0.0000	0.0000	0.0000	0.0000	0.0000	0.0000	0.0000	0.0000	0.0000	0.0175	0.0101	0.0074	0.0056	0.0044	0.0011	0.0119	0.0057	0.0062	0.0000	0.0000	0.0000	0.0000	0.0000	0.0000	0.0000	0.0000	0.0000	0.0000	0.0000	0.0000	0.0000	0.0000	0.0000	0.0000	0.0000	0.0000											
28	57	0.1202	13	0	0	1	0	0	0	0	0	N	N	N	N	N	N	N	N	N	N	N	N	0.0000	0.0000	0.0000	0.0000	0.0000	0.0000	0.0000	0.0000	0.0000	0.0000	0.0000	0.0000	0.0000	0.0000	0.0000	0.0000	0.0000	9.9606	0.0036	75.9661	0.4698	0.0066	16.6502	16.7246	0.0000	76.1891	4192.0468	0.0000	0.3872	0.0000	7.8198	3.0088	21.5823	0.0000	0.0000	0.0000	0.0000	0.0000	0.0000	0.0000	0.0000	0.0000	1.0056	0.0002	1.0054	0.0198	0.0002	0.0196	0.9858	0.0000	0.9858	0.0000	0.0000	0.0000	0.0000	0.0000	0.0000	0.0000	0.0000	0.0000	0.1028	0.0672	0.0356	0.0422	0.0362	0.0059	0.0606	0.0310	0.0296	0.0000	0.0000	0.0000	0.0000	0.0000	0.0000	0.0000	0.0000	0.0000	9.7838	0.0036	28.2633	0.4698	0.0066	3.2966	16.2680	0.0000	33.2677		
28	58	0.1007	14	1	1	2	0	0	0	0	0	N	N	Y	N	N	N	N	N	N	N	N	N	0.0000	0.0000	0.0000	0.0000	0.0000	0.0000	0.0000	0.0000	0.0000	0.0000	0.0000	0.0000	0.0000	0.0000	0.0000	0.0000	0.0000	0.0000	0.0000	0.0000	0.0000	2.0055	3.0088	11.8091	0.0000	0.0000	0.0000	0.0000	0.0000	0.0000	0.0000	0.0000	0.0000	0.0000	0.0000	0.0000	0.0000	0.0000	0.0000	0.0000	0.0000	0.0000	0.0000	0.0000	0.0000	0.0000	0.0000	0.0000	0.0000	0.0000	0.0000	0.0219	0.0130	0.0089	0.0085	0.0068	0.0017	0.0134	0.0062	0.0072	0.0000	0.0000	0.0000	0.0000	0.0000	0.0000	0.0000	0.0000	0.0000	0.0000	0.0000	0.0000	0.0000	0.0000	0.0000	0.0000	0.0000	0.0000											
28	59	0.0953	13	1	0	2	0	0	0	0	0	N	N	Y	N	N	N	N	N	N	N	N	N	0.0000	0.0000	0.0000	0.0000	0.0000	0.0000	0.0000	0.0000	0.0000	0.0000	0.0000	0.0000	0.0000	0.0000	0.0000	0.0000	0.0000	0.0000	0.0000	0.0000	0.0000	1.9951	3.0088	2.5667	0.0000	0.0000	0.0000	0.0000	0.0000	0.0000	0.0000	0.0000	0.0000	0.0000	0.0000	0.0000	0.0000	0.0000	0.0000	0.0000	0.0000	0.0000	0.0000	0.0000	0.0000	0.0000	0.0000	0.0000	0.0000	0.0000	0.0000	0.0087	0.0055	0.0032	0.0035	0.0030	0.0006	0.0052	0.0026	0.0026	0.0000	0.0000	0.0000	0.0000	0.0000	0.0000	0.0000	0.0000	0.0000	0.0000	0.0000	0.0000	0.0000	0.0000	0.0000	0.0000	0.0000	0.0000											
28	60	0.0885	12	1	0	2	0	0	0	0	0	N	N	Y	N	N	N	N	N	N	N	N	N	0.0000	0.0000	0.0000	0.0000	0.0000	0.0000	0.0000	0.0000	0.0000	0.0000	0.0000	0.0000	0.0000	0.0000	0.0000	0.0000	0.0000	0.0000	0.0000	0.0000	0.0000	0.0108	3.0088	3.6229	0.0000	0.0000	0.0000	0.0000	0.0000	0.0000	0.0000	0.0000	0.0000	0.0000	0.0000	0.0000	0.0000	0.0000	0.0000	0.0000	0.0000	0.0000	0.0000	0.0000	0.0000	0.0000	0.0000	0.0000	0.0000	0.0000	0.0000	0.0198	0.0154	0.0044	0.0103	0.0091	0.0012	0.0095	0.0063	0.0032	0.0000	0.0000	0.0000	0.0000	0.0000	0.0000	0.0000	0.0000	0.0000	0.0000	0.0000	0.0000	0.0000	0.0000	0.0000	0.0000	0.0000	0.0000											
28	61	0.0405	11	0	1	1	0	0	0	0	0	N	N	N	N	N	N	N	N	N	N	N	N	0.0000	0.0000	0.0000	0.0000	0.0000	0.0000	0.0000	0.0000	0.0000	0.0000	0.0000	0.0000	0.0000	0.0000	0.0000	0.0000	0.0000	0.0000	0.0000	0.0000	0.0000	4.0917	3.0088	8.0988	0.0000	0.0000	0.0000	0.0000	0.0000	0.0000	0.0000	0.0000	0.0000	0.0000	0.0000	0.0000	0.0000	0.0000	0.0000	0.0000	0.0000	0.0000	0.0000	0.0000	0.0000	0.0000	0.0000	0.0000	0.0000	0.0000	0.0000	0.0293	0.0175	0.0118	0.0092	0.0084	0.0008	0.0201	0.0091	0.0110	0.0000	0.0000	0.0000	0.0000	0.0000	0.0000	0.0000	0.0000	0.0000	0.0000	0.0000	0.0000	0.0000	0.0000	0.0000	0.0000	0.0000	0.0000											
28	62	0.0368	10	0	1	1	0	0	0	0	0	N	N	N	N	N	N	N	N	N	N	N	N	0.0000	0.0000	0.0000	0.0000	0.0000	0.0000	0.0000	0.0000	0.0000	0.0000	0.0000	0.0000	0.0000	0.0000	0.0000	0.0000	0.0000	0.0000	0.0000	0.0000	0.0000	2.1165	3.0088	5.0852	0.0000	0.0000	0.0000	0.0000	0.0000	0.0000	0.0000	0.0000	0.0000	0.0000	0.0000	0.0000	0.0000	0.0000	0.0000	0.0000	0.0000	0.0000	0.0000	0.0000	0.0000	0.0000	0.0000	0.0000	0.0000	0.0000	0.0000	0.0180	0.0101	0.0079	0.0053	0.0047	0.0006	0.0127	0.0054	0.0073	0.0000	0.0000	0.0000	0.0000	0.0000	0.0000	0.0000	0.0000	0.0000	0.0000	0.0000	0.0000	0.0000	0.0000	0.0000	0.0000	0.0000	0.0000											
28	63	0.0885	12	1	0	2	0	0	0	0	0	N	N	Y	N	N	N	N	N	N	N	N	N	0.0000	0.0000	0.0000	0.0000	0.0000	0.0000	0.0000	0.0000	0.0000	0.0000	0.0000	0.0000	0.0000	0.0000	0.0000	0.0000	0.0000	0.0000	0.0000	0.0000	0.0000	3.9990	3.0088	8.8702	0.0000	0.0000	0.0000	0.0000	0.0000	0.0000	0.0000	0.0000	0.0000	0.0000	0.0000	0.0000	0.0000	0.0000	0.0000	0.0000	0.0000	0.0000	0.0000	0.0000	0.0000	0.0000	0.0000	0.0000	0.0000	0.0000	0.0000	0.0420	0.0282	0.0139	0.0181	0.0152	0.0029	0.0239	0.0129	0.0110	0.0000	0.0000	0.0000	0.0000	0.0000	0.0000	0.0000	0.0000	0.0000	0.0000	0.0000	0.0000	0.0000	0.0000	0.0000	0.0000	0.0000	0.0000											
28	64	0.0684	11	1	0	2	0	0	0	0	0	N	N	Y	N	N	N	N	N	N	N	N	N	0.0000	0.0000	0.0000	0.0000	0.0000	0.0000	0.0000	0.0000	0.0000	0.0000	0.0000	0.0000	0.0000	0.0000	0.0000	0.0000	0.0000	0.0000	0.0000	0.0000	0.0000	3.9972	3.0088	6.8232	0.0000	0.0000	0.0000	0.0000	0.0000	0.0000	0.0000	0.0000	0.0000	0.0000	0.0000	0.0000	0.0000	0.0000	0.0000	0.0000	0.0000	0.0000	0.0000	0.0000	0.0000	0.0000	0.0000	0.0000	0.0000	0.0000	0.0000	0.0191	0.0116	0.0075	0.0065	0.0053	0.0011	0.0126	0.0063	0.0063	0.0000	0.0000	0.0000	0.0000	0.0000	0.0000	0.0000	0.0000	0.0000	0.0000	0.0000	0.0000	0.0000	0.0000	0.0000	0.0000	0.0000	0.0000											
28	65	0.0444	11	0	1	1	0	0	0	0	0	N	N	N	N	N	N	N	N	N	N	N	N	0.0000	0.0000	0.0000	0.0000	0.0000	0.0000	0.0000	0.0000	0.0000	0.0000	0.0000	0.0000	0.0000	0.0022	0.0035	0.0000	0.0084	0.0095	0.0000	0.0000	0.0000	0.0000	0.0000	0.0000	-0.0001	0.0000	15.6632	3.0088	35.0639	0.0000	0.0000	0.0000	0.0000	0.0000	0.0000	0.0000	0.0000	0.0000	0.0002	0.0002	0.0000	0.0002	0.0002	0.0000	0.0000	0.0000	0.0000	0.0000	0.0000	0.0000	0.0000	0.0000	0.0000	0.0000	0.0000	0.0000	0.0924	0.0575	0.0349	0.0238	0.0210	0.0028	0.0686	0.0365	0.0321	0.0000	0.0000	0.0000	0.0000	0.0000	0.0000	0.0000	0.0000	0.0000	0.0022	0.0035	0.0000	0.0084	0.0095	0.0000	0.0000	0.0000	0.0000						
28	66	0.0444	11	0	0	2	0	0	0	0	0	N	N	Y	N	N	N	N	N	N	N	N	N	0.0000	0.0000	0.0000	0.0000	0.0000	0.0000	0.0000	0.0000	0.0000	0.0000	0.0000	0.0000	0.0000	0.0000	0.0000	0.0000	0.0000	0.0000	0.0000	0.0000	0.0000	4.9998	3.0088	10.1184	0.0000	0.0000	0.0000	0.0000	0.0000	0.0000	0.0000	0.0000	0.0000	0.0000	0.0000	0.0000	0.0000	0.0000	0.0000	0.0000	0.0000	0.0000	0.0000	0.0000	0.0000	0.0000	0.0000	0.0000	0.0000	0.0000	0.0000	0.0450	0.0312	0.0138	0.0153	0.0144	0.0010	0.0297	0.0168	0.0129	0.0000	0.0000	0.0000	0.0000	0.0000	0.0000	0.0000	0.0000	0.0000	0.0000	0.0000	0.0000	0.0000	0.0000	0.0000	0.0000	0.0000	0.0000											
28	67	0.0336	9	0	1	1	0	0	0	0	0	N	N	N	N	N	N	N	N	N	N	N	N	0.0000	0.0000	0.0000	0.0000	0.0000	0.0000	0.0000	0.0000	0.0000	0.0000	0.0000	0.0000	0.0000	0.0000	0.0000	0.0000	0.0000	0.0000	0.0000	0.0000	0.0000	10.9928	3.0088	18.5513	0.0000	0.0000	0.0000	0.0000	0.0000	0.0000	0.0000	0.0000	0.0000	0.0000	0.0000	0.0000	0.0000	0.0000	0.0000	0.0000	0.0000	0.0000	0.0000	0.0000	0.0000	0.0000	0.0000	0.0000	0.0000	0.0000	0.0000	0.0561	0.0338	0.0223	0.0118	0.0100	0.0018	0.0443	0.0239	0.0204	0.0000	0.0000	0.0000	0.0000	0.0000	0.0000	0.0000	0.0000	0.0000	0.0000	0.0000	0.0000	0.0000	0.0000	0.0000	0.0000	0.0000	0.0000											
28	68	0.0336	8	0	0	1	0	0	0	0	0	N	N	N	N	N	N	N	N	N	N	N	N	0.0000	0.0000	0.0000	0.0000	0.0000	0.0000	0.0000	0.0000	0.0000	0.0000	0.0000	0.0000	0.0000	0.0000	0.0000	0.0000	0.0000	0.0000	0.0000	0.0000	0.0000	0.0861	3.0088	1.0715	0.0000	0.0000	0.0000	0.0000	0.0000	0.0000	0.0000	0.0000	0.0000	0.0000	0.0000	0.0000	0.0000	0.0000	0.0000	0.0000	0.0000	0.0000	0.0000	0.0000	0.0000	0.0000	0.0000	0.0000	0.0000	0.0000	0.0000	0.0122	0.0103	0.0019	0.0054	0.0053	0.0001	0.0068	0.0050	0.0018	0.0000	0.0000	0.0000	0.0000	0.0000	0.0000	0.0000	0.0000	0.0000	0.0000	0.0000	0.0000	0.0000	0.0000	0.0000	0.0000	0.0000	0.0000											
28	69	0.0980	12	1	0	2	0	0	0	0	0	N	N	Y	N	N	N	N	N	N	N	N	N	0.0000	0.0000	0.0000	0.0000	0.0000	0.0000	0.0000	0.0000	0.0000	0.0000	0.0000	0.0000	0.0000	0.0000	0.0000	0.0000	0.0000	0.0000	0.0000	0.0000	0.0000	1.0000	3.0088	3.0001	0.0000	0.0000	0.0000	0.0000	0.0000	0.0000	0.0000	0.0000	0.0000	0.0000	0.0000	0.0000	0.0000	0.0000	0.0000	0.0000	0.0000	0.0000	0.0000	0.0000	0.0000	0.0000	0.0000	0.0000	0.0000	0.0000	0.0000	0.0058	0.0031	0.0028	0.0017	0.0013	0.0004	0.0042	0.0018	0.0024	0.0000	0.0000	0.0000	0.0000	0.0000	0.0000	0.0000	0.0000	0.0000	0.0000	0.0000	0.0000	0.0000	0.0000	0.0000	0.0000	0.0000	0.0000											
28	70	0.0980	11	1	0	2	0	0	0	0	0	N	N	Y	N	N	N	N	N	N	N	N	N	0.0000	0.0000	0.0000	0.0000	0.0000	0.0000	0.0000	0.0000	0.0000	0.0000	0.0000	0.0000	0.0000	0.0000	0.0000	0.0000	0.0000	0.0000	0.0000	0.0000	0.0000	0.0000	3.0088	0.0009	0.0000	0.0000	0.0000	0.0000	0.0000	0.0000	0.0000	0.0000	0.0000	0.0000	0.0000	0.0000	0.0000	0.0000	0.0000	0.0000	0.0000	0.0000	0.0000	0.0000	0.0000	0.0000	0.0000	0.0000	0.0000	0.0000	0.0000	0.0000	0.0000	0.0000	0.0000	0.0000	0.0000	0.0000	0.0000	0.0000	0.0000	0.0000	0.0000	0.0000	0.0000	0.0000	0.0000	0.0000	0.0000	0.0000	0.0000	0.0000	0.0000	0.0000	0.0000	0.0000	0.0000	0.0000											
28	71	0.0650	10	1	0	2	0	0	0	0	0	N	N	Y	N	N	N	N	N	N	N	N	N	0.0000	0.0000	0.0000	0.0000	0.0000	0.0000	0.0000	0.0000	0.0000	0.0000	0.0000	0.0000	0.0000	0.0000	0.0000	0.0000	0.0000	0.0000	0.0000	0.0000	0.0000	9.9966	3.0088	12.9129	0.0000	0.0000	0.0000	0.0000	0.0000	0.0000	0.0000	0.0000	0.0000	0.0000	0.0000	0.0000	0.0000	0.0000	0.0000	0.0000	0.0000	0.0000	0.0000	0.0000	0.0000	0.0000	0.0000	0.0000	0.0000	0.0000	0.0000	0.0352	0.0203	0.0149	0.0111	0.0088	0.0023	0.0241	0.0115	0.0126	0.0000	0.0000	0.0000	0.0000	0.0000	0.0000	0.0000	0.0000	0.0000	0.0000	0.0000	0.0000	0.0000	0.0000	0.0000	0.0000	0.0000	0.0000											
28	72	0.0318	9	0	1	1	1	0	0	0	0	N	N	N	N	N	N	N	N	N	N	N	N	0.0000	0.0000	0.0000	0.0000	0.0000	0.0000	0.0000	0.0000	0.0000	0.0000	0.0000	0.0000	0.0000	0.0000	0.0000	0.0000	0.0000	0.0000	0.0000	0.0000	0.0000	13.0000	3.0088	39.1663	0.0000	0.0000	0.0000	0.0000	0.0000	0.0000	0.0000	0.0000	0.0000	0.0000	0.0000	0.0000	0.0000	0.0000	0.0000	0.0000	0.0000	0.0000	0.0000	0.0000	0.0000	0.0000	0.0000	0.0000	0.0000	0.0000	0.0000	0.0806	0.0445	0.0360	0.0144	0.0119	0.0025	0.0662	0.0326	0.0336	0.0000	0.0000	0.0000	0.0000	0.0000	0.0000	0.0000	0.0000	0.0000	0.0000	0.0000	0.0000	0.0000	0.0000	0.0000	0.0000	0.0000	0.0000											
28	73	0.0293	8	0	1	1	0	0	0	0	0	N	N	N	N	N	N	N	N	N	N	N	N	0.0000	0.0000	0.0000	0.0000	0.0000	0.0000	0.0000	0.0000	0.0000	0.0000	0.0000	0.0000	0.0000	0.0000	0.0000	0.0000	0.0000	0.0000	0.0000	0.0000	0.0000	3.0003	3.0088	18.1082	0.0000	0.0000	0.0000	0.0000	0.0000	0.0000	0.0000	0.0000	0.0000	0.0000	0.0000	0.0000	0.0000	0.0000	0.0000	0.0000	0.0000	0.0000	0.0000	0.0000	0.0000	0.0000	0.0000	0.0000	0.0000	0.0000	0.0000	0.0502	0.0326	0.0176	0.0133	0.0122	0.0011	0.0369	0.0204	0.0165	0.0000	0.0000	0.0000	0.0000	0.0000	0.0000	0.0000	0.0000	0.0000	0.0000	0.0000	0.0000	0.0000	0.0000	0.0000	0.0000	0.0000	0.0000											
28	74	0.0684	11	0	1	1	0	0	0	0	0	N	N	N	N	N	N	N	N	N	N	N	N	0.0000	0.0000	0.0000	0.0000	0.0000	0.0000	0.0000	0.0000	0.0000	0.0000	0.0000	0.0000	0.0000	0.0000	0.0000	0.0000	0.0000	0.0000	0.0000	0.0000	0.0000	7.0046	3.0088	18.1036	0.0000	0.0000	0.0000	0.0000	0.0000	0.0000	0.0000	0.0000	0.0000	0.0000	0.0000	0.0000	0.0000	0.0000	0.0000	0.0000	0.0000	0.0000	0.0000	0.0000	0.0000	0.0000	0.0000	0.0000	0.0000	0.0000	0.0000	0.0402	0.0237	0.0164	0.0130	0.0105	0.0025	0.0272	0.0132	0.0139	0.0000	0.0000	0.0000	0.0000	0.0000	0.0000	0.0000	0.0000	0.0000	0.0000	0.0000	0.0000	0.0000	0.0000	0.0000	0.0000	0.0000	0.0000											
28	75	0.0650	10	0	0	1	0	0	0	0	0	N	N	N	N	N	N	N	N	N	N	N	N	0.0000	0.0000	0.0000	0.0000	0.0000	0.0000	0.0000	0.0000	0.0000	0.0000	0.0000	0.0000	0.0000	0.0000	0.0000	0.0000	0.0000	0.0000	0.0000	0.0000	0.0000	0.2435	3.0088	3.2922	0.0000	0.0000	0.0000	0.0000	0.0000	0.0000	0.0000	0.0000	0.0000	0.0000	0.0000	0.0000	0.0000	0.0000	0.0000	0.0000	0.0000	0.0000	0.0000	0.0000	0.0000	0.0000	0.0000	0.0000	0.0000	0.0000	0.0000	0.0058	0.0034	0.0024	0.0019	0.0015	0.0004	0.0039	0.0019	0.0020	0.0000	0.0000	0.0000	0.0000	0.0000	0.0000	0.0000	0.0000	0.0000	0.0000	0.0000	0.0000	0.0000	0.0000	0.0000	0.0000	0.0000	0.0000											
28	76	0.0318	9	0	0	1	0	0	0	0	0	N	N	N	N	N	N	N	N	N	N	N	N	0.0000	0.0000	0.0000	0.0000	0.0000	0.0000	0.0000	0.0000	0.0000	0.0000	0.0000	0.0000	0.0000	0.0000	0.0000	0.0000	0.0000	0.0000	0.0000	0.0000	0.0000	7.0044	3.0088	20.1113	0.0000	0.0000	0.0000	0.0000	0.0000	0.0000	0.0000	0.0000	0.0000	0.0000	0.0000	0.0000	0.0000	0.0000	0.0000	0.0000	0.0000	0.0000	0.0000	0.0000	0.0000	0.0000	0.0000	0.0000	0.0000	0.0000	0.0000	0.0461	0.0254	0.0207	0.0087	0.0074	0.0014	0.0373	0.0180	0.0193	0.0000	0.0000	0.0000	0.0000	0.0000	0.0000	0.0000	0.0000	0.0000	0.0000	0.0000	0.0000	0.0000	0.0000	0.0000	0.0000	0.0000	0.0000											
28	77	0.0340	9	0	1	1	0	0	0	0	0	N	N	N	N	N	N	N	N	N	N	N	N	0.0000	0.0000	0.0000	0.0000	0.0000	0.0000	0.0000	0.0000	0.0000	0.0000	0.0000	0.0000	0.0000	14.2731	0.0000	103.4031	0.0000	0.0000	0.0000	18.5106	0.0000	106.3821	inf	0.0000	0.3849	0.0000	8.6571	3.0088	16.0761	0.0000	0.0000	0.0000	0.0000	0.0000	0.0000	0.0000	0.0000	0.0000	0.9990	0.0000	0.9990	0.0000	0.0000	0.0000	0.9990	0.0000	0.9990	0.0000	0.0000	0.0000	0.0000	0.0000	0.0000	0.0000	0.0000	0.0000	0.0722	0.0449	0.0273	0.0182	0.0159	0.0024	0.0540	0.0291	0.0249	0.0000	0.0000	0.0000	0.0000	0.0000	0.0000	0.0000	0.0000	0.0000	13.8357	0.0000	36.6134	0.0000	0.0000	0.0000	18.5106	0.0000	40.1190						
28	78	0.0336	8	0	1	1	0	0	0	0	0	N	N	N	N	N	N	N	N	N	N	N	N	0.0000	0.0000	0.0000	0.0000	0.0000	0.0000	0.0000	0.0000	0.0000	0.0000	0.0000	0.0000	0.0000	0.0204	0.0000	0.1034	0.0000	0.0000	0.0000	0.0342	0.0000	0.1098	inf	0.0000	0.0001	0.0000	0.3645	3.0088	1.9845	0.0000	0.0000	0.0000	0.0000	0.0000	0.0000	0.0000	0.0000	0.0000	0.0003	0.0000	0.0003	0.0000	0.0000	0.0000	0.0003	0.0000	0.0003	0.0000	0.0000	0.0000	0.0000	0.0000	0.0000	0.0000	0.0000	0.0000	0.0142	0.0114	0.0028	0.0057	0.0056	0.0002	0.0085	0.0058	0.0026	0.0000	0.0000	0.0000	0.0000	0.0000	0.0000	0.0000	0.0000	0.0000	0.0204	0.0000	0.1034	0.0000	0.0000	0.0000	0.0342	0.0000	0.1098						
28	79	0.0241	7	0	0	1	0	0	0	0	0	N	N	N	N	N	N	N	N	N	N	N	N	0.0000	0.0000	0.0000	0.0000	0.0000	0.0000	0.0000	0.0000	0.0000	0.0000	0.0000	0.0000	0.0000	0.0000	0.0000	0.0000	0.0000	0.0000	0.0000	0.0000	0.0000	2.9108	3.0088	14.2456	0.0000	0.0000	0.0000	0.0000	0.0000	0.0000	0.0000	0.0000	0.0000	0.0000	0.0000	0.0000	0.0000	0.0000	0.0000	0.0000	0.0000	0.0000	0.0000	0.0000	0.0000	0.0000	0.0000	0.0000	0.0000	0.0000	0.0000	0.0382	0.0242	0.0139	0.0082	0.0075	0.0007	0.0300	0.0168	0.0132	0.0000	0.0000	0.0000	0.0000	0.0000	0.0000	0.0000	0.0000	0.0000	0.0000	0.0000	0.0000	0.0000	0.0000	0.0000	0.0000	0.0000	0.0000											
28	82	0.0475	12	0	1	1	0	0	0	0	0	N	N	N	N	N	N	N	N	N	N	N	N	0.0000	0.0000	0.0000	0.0000	0.0000	0.0000	0.0000	0.0000	0.0000	0.0000	0.0000	0.0000	0.0000	0.0000	0.0000	0.0000	0.0000	0.0000	0.0000	0.0000	0.0000	7.9116	3.0088	21.1247	0.0000	0.0000	0.0000	0.0000	0.0000	0.0000	0.0000	0.0000	0.0000	0.0000	0.0000	0.0000	0.0000	0.0000	0.0000	0.0000	0.0000	0.0000	0.0000	0.0000	0.0000	0.0000	0.0000	0.0000	0.0000	0.0000	0.0000	0.0556	0.0340	0.0217	0.0146	0.0125	0.0021	0.0410	0.0214	0.0196	0.0000	0.0000	0.0000	0.0000	0.0000	0.0000	0.0000	0.0000	0.0000	0.0000	0.0000	0.0000	0.0000	0.0000	0.0000	0.0000	0.0000	0.0000											
28	83	0.0654	13	1	1	1	0	0	0	0	0	N	N	N	N	N	N	N	N	N	N	N	N	0.0000	0.0000	0.0000	0.0000	0.0000	0.0000	0.0000	0.0000	0.0000	0.0000	0.0000	0.0000	0.0000	0.0000	0.0000	0.0000	0.0000	0.0000	0.0000	0.0000	0.0000	0.0000	3.0088	1.8333	0.0000	0.0000	0.0000	0.0000	0.0000	0.0000	0.0000	0.0000	0.0000	0.0000	0.0000	0.0000	0.0000	0.0000	0.0000	0.0000	0.0000	0.0000	0.0000	0.0000	0.0000	0.0000	0.0000	0.0000	0.0000	0.0000	0.0000	0.0074	0.0051	0.0024	0.0028	0.0026	0.0002	0.0046	0.0024	0.0022	0.0000	0.0000	0.0000	0.0000	0.0000	0.0000	0.0000	0.0000	0.0000	0.0000	0.0000	0.0000	0.0000	0.0000	0.0000	0.0000	0.0000	0.0000											
28	84	0.0475	12	1	1	1	0	0	0	0	0	N	N	N	N	N	N	N	N	N	N	N	N	0.0000	0.0000	0.0000	0.0000	0.0000	0.0000	0.0000	0.0000	0.0000	0.0000	0.0000	0.0000	0.0000	0.0000	0.0000	0.0000	0.0000	0.0000	0.0000	0.0000	0.0000	6.9552	3.0088	13.1226	0.0000	0.0000	0.0000	0.0000	0.0000	0.0000	0.0000	0.0000	0.0000	0.0000	0.0000	0.0000	0.0000	0.0000	0.0000	0.0000	0.0000	0.0000	0.0000	0.0000	0.0000	0.0000	0.0000	0.0000	0.0000	0.0000	0.0000	0.0426	0.0268	0.0159	0.0125	0.0108	0.0017	0.0302	0.0159	0.0142	0.0000	0.0000	0.0000	0.0000	0.0000	0.0000	0.0000	0.0000	0.0000	0.0000	0.0000	0.0000	0.0000	0.0000	0.0000	0.0000	0.0000	0.0000											
28	85	0.0444	11	0	1	1	0	0	0	0	0	N	N	N	N	N	N	N	N	N	N	N	N	0.0000	0.0000	0.0000	0.0000	0.0000	0.0000	0.0000	0.0000	0.0000	0.0000	0.0000	0.0000	0.0000	0.0000	0.0000	0.0000	0.0000	0.0000	0.0000	0.0000	0.0000	0.3374	3.0088	6.1146	0.0000	0.0000	0.0000	0.0000	0.0000	0.0000	0.0000	0.0000	0.0000	0.0000	0.0000	0.0000	0.0000	0.0000	0.0000	0.0000	0.0000	0.0000	0.0000	0.0000	0.0000	0.0000	0.0000	0.0000	0.0000	0.0000	0.0000	0.0183	0.0123	0.0060	0.0057	0.0053	0.0004	0.0126	0.0070	0.0056	0.0000	0.0000	0.0000	0.0000	0.0000	0.0000	0.0000	0.0000	0.0000	0.0000	0.0000	0.0000	0.0000	0.0000	0.0000	0.0000	0.0000	0.0000											
28	86	0.0444	11	0	1	1	0	0	0	0	0	N	N	N	N	N	N	N	N	N	N	N	N	0.0000	0.0000	0.0000	0.0000	0.0000	0.0000	0.0000	0.0000	0.0000	0.0000	0.0000	0.0000	0.0000	0.0000	0.0000	0.0000	0.0000	0.0000	0.0000	0.0000	0.0000	11.0342	3.0088	12.7513	0.0000	0.0000	0.0000	0.0000	0.0000	0.0000	0.0000	0.0000	0.0000	0.0000	0.0000	0.0000	0.0000	0.0000	0.0000	0.0000	0.0000	0.0000	0.0000	0.0000	0.0000	0.0000	0.0000	0.0000	0.0000	0.0000	0.0000	0.0449	0.0271	0.0178	0.0102	0.0089	0.0013	0.0346	0.0181	0.0165	0.0000	0.0000	0.0000	0.0000	0.0000	0.0000	0.0000	0.0000	0.0000	0.0000	0.0000	0.0000	0.0000	0.0000	0.0000	0.0000	0.0000	0.0000											
28	87	0.0368	10	0	1	1	0	0	0	0	0	N	N	N	N	N	N	N	N	N	N	N	N	0.0000	0.0000	0.0000	0.0000	0.0000	0.0000	0.0000	0.0000	0.0000	0.0000	0.0000	0.0000	0.0000	0.0000	0.0000	0.0000	0.0000	0.0000	0.0000	0.0000	0.0000	3.9739	3.0088	6.2820	0.0000	0.0000	0.0000	0.0000	0.0000	0.0000	0.0000	0.0000	0.0000	0.0000	0.0000	0.0000	0.0000	0.0000	0.0000	0.0000	0.0000	0.0000	0.0000	0.0000	0.0000	0.0000	0.0000	0.0000	0.0000	0.0000	0.0000	0.0229	0.0129	0.0101	0.0061	0.0054	0.0007	0.0168	0.0075	0.0093	0.0000	0.0000	0.0000	0.0000	0.0000	0.0000	0.0000	0.0000	0.0000	0.0000	0.0000	0.0000	0.0000	0.0000	0.0000	0.0000	0.0000	0.0000											
28	88	0.0318	9	0	1	1	0	0	0	0	0	N	N	N	N	N	N	N	N	N	N	N	N	0.0000	0.0000	0.0000	0.0000	0.0000	0.0000	0.0000	0.0000	0.0000	0.0000	0.0000	0.0000	0.0000	0.0000	0.0000	0.0000	0.0000	0.0000	0.0000	0.0000	0.0000	0.0056	3.0088	5.7021	0.0000	0.0000	0.0000	0.0000	0.0000	0.0000	0.0000	0.0000	0.0000	0.0000	0.0000	0.0000	0.0000	0.0000	0.0000	0.0000	0.0000	0.0000	0.0000	0.0000	0.0000	0.0000	0.0000	0.0000	0.0000	0.0000	0.0000	0.0127	0.0069	0.0058	0.0032	0.0029	0.0003	0.0095	0.0040	0.0055	0.0000	0.0000	0.0000	0.0000	0.0000	0.0000	0.0000	0.0000	0.0000	0.0000	0.0000	0.0000	0.0000	0.0000	0.0000	0.0000	0.0000	0.0000											
28	92	0.1202	13	0	0	1	0	0	0	0	0	N	N	N	N	N	N	N	N	N	N	N	N	0.0000	0.0000	0.0000	0.0000	0.0000	0.0000	0.0000	0.0000	0.0000	0.0000	0.0000	0.0000	0.0000	0.0000	0.0000	0.0000	0.5421	0.5085	0.5986	0.9367	1.0972	0.0000	0.3384	0.0000	0.6910	0.6998	0.0000	-0.0166	0.0000	24.8682	3.0088	39.8855	0.0000	0.0000	0.0000	0.0000	0.0000	0.0000	0.0000	0.0000	0.0000	0.0817	0.0481	0.0336	0.0481	0.0481	0.0000	0.0336	0.0000	0.0336	0.0000	0.0000	0.0000	0.0000	0.0000	0.0000	0.0000	0.0000	0.0000	0.1507	0.0945	0.0562	0.0513	0.0438	0.0075	0.0994	0.0507	0.0487	0.0000	0.0000	0.0000	0.0000	0.0000	0.0000	0.0000	0.0000	0.0000	0.5421	0.5085	0.5986	0.9367	1.0972	0.0000	0.3384	0.0000	0.6910			
29	30	0.0617	7	1	1	1	0	0	0	0	0	N	N	N	N	N	N	N	N	N	N	N	N	0.0016	6.2988	0.0000	0.0000	0.0000	0.0000	0.0014	inf	0.0000	0.0062	0.0073	0.0000	0.0000	0.0000	0.0000	0.0066	0.0078	0.0000	3.8409	0.0012	8.4262	0.0035	0.0038	0.0015	4.7617	0.0000	8.9448	0.0000	6090.3795	-0.0005	0.3612	5.0749	5.9956	14.8264	15.0927	0.0009	0.0009	0.0000	0.0000	0.0000	0.0000	0.0009	0.0009	0.0000	0.9380	0.0002	0.9379	0.0002	0.0002	0.0000	0.9378	0.0000	0.9378	0.1441	0.1219	0.0222	0.0086	0.0081	0.0005	0.1355	0.1138	0.0216	0.2442	0.1329	0.1113	0.0473	0.0408	0.0065	0.1970	0.0921	0.1048	0.0016	6.2988	0.0000	0.0000	0.0000	0.0000	0.0014	inf	0.0000	3.8409	0.0012	8.4262	0.0035	0.0038	0.0015	4.7617	0.0000	8.9448
29	31	0.0240	5	0	2	0	0	0	0	0	0	N	Y	N	N	N	N	N	N	N	N	N	N	2.5344	0.0000	3.5110	0.0000	0.0000	3.4888	3.4896	0.1832	0.0000	0.5617	0.0000	0.0000	0.0000	0.2823	0.0000	0.5649	0.0723	0.0007	0.1600	0.0034	0.0036	0.0000	0.0809	0.0000	0.1619	inf	190.2103	0.0076	0.0031	5.0749	1.4218	14.8264	7.0463	0.0168	0.0000	0.0168	0.0000	0.0000	0.0000	0.0168	0.0000	0.0168	0.0081	0.0000	0.0080	0.0000	0.0000	0.0000	0.0080	0.0000	0.0080	0.0915	0.0617	0.0299	0.0321	0.0319	0.0002	0.0594	0.0297	0.0297	0.1116	0.0615	0.0502	0.0124	0.0118	0.0006	0.0993	0.0496	0.0496	2.5344	0.0000	3.5110	0.0000	0.0000	0.0000	3.4888	0.0000	3.4896	0.0723	0.0007	0.1600	0.0034	0.0036	0.0000	0.0809	0.0000	0.1619		
29	32	0.0188	4	0	1	0	0	0	0	0	0	N	N	N	N	N	N	N	N	N	N	N	N	0.0276	5.1221	0.0280	9.6965	9.7318	0.1966	0.0124	0.0000	0.0282	0.1362	0.0891	0.2886	0.2705	0.2731	0.0000	0.0909	0.0000	0.2916	4.9381	0.0174	10.3123	0.0279	0.0281	0.0000	7.3095	0.0000	10.3556	0.9988	542.5562	-0.0012	0.5580	5.0749	4.3312	14.8264	5.5221	0.0243	0.0122	0.0122	0.0122	0.0122	0.0000	0.0122	0.0000	0.0122	1.4555	0.0027	1.4528	0.0027	0.0027	0.0000	1.4528	0.0000	1.4528	0.1786	0.1365	0.0421	0.0450	0.0446	0.0004	0.1337	0.0920	0.0417	0.2947	0.1539	0.1409	0.0960	0.0954	0.0006	0.1988	0.0585	0.1403	0.0276	5.1221	0.0280	9.6965	9.7318	0.1966	0.0124	0.0000	0.0282	4.9381	0.0174	10.3123	0.0279	0.0281	0.0000	7.3095	0.0000	10.3556
29	33	0.0164	3	0	1	0	0	0	0	0	0	N	N	N	N	N	N	N	N	N	N	N	N	0.1391	0.0193	0.5236	0.0437	0.0440	inf	0.2157	0.0003	0.5272	0.2317	0.0316	0.8889	0.1163	0.1172	0.0000	0.2621	0.0000	0.8954	1.6658	1.6347	1.6978	2.6623	2.6637	0.0000	1.2149	0.0002	1.6984	8.5672	1.0085	0.0131	-0.0460	5.0749	4.2685	14.8264	3.7703	0.0376	0.0039	0.0337	0.0039	0.0039	0.0000	0.0337	0.0000	0.0337	0.4084	0.2033	0.2050	0.2033	0.2033	0.0000	0.2050	0.0000	0.2050	0.1622	0.1243	0.0379	0.0338	0.0335	0.0003	0.1284	0.0908	0.0376	0.2451	0.1244	0.1208	0.0764	0.0763	0.0000	0.1688	0.0481	0.1207	0.1391	0.0193	0.5236	0.0437	0.0440	inf	0.2157	0.0003	0.5272	1.6658	1.6347	1.6978	2.6623	2.6637	0.0000	1.2149	0.0002	1.6984
29	34	0.0617	7	1	1	1	0	0	0	0	0	N	N	N	N	N	N	N	N	N	N	N	N	0.0000	0.0167	0.0000	0.0657	0.0771	0.0000	0.0000	0.0000	0.0000	0.0000	0.0000	0.0001	0.0001	0.0000	0.0000	0.0000	0.0000	4.0094	0.0003	8.8008	0.0010	0.0009	0.0015	4.9774	0.0000	9.3414	0.0000	27592.8565	-0.0000	0.3613	5.0749	4.9966	14.8264	15.0870	0.0000	0.0000	0.0000	0.0000	0.0000	0.0000	0.0000	0.0000	0.0000	0.9379	0.0000	0.9379	0.0000	0.0000	0.0000	0.9378	0.0000	0.9378	0.1206	0.1021	0.0186	0.0072	0.0068	0.0004	0.1134	0.0953	0.0181	0.2339	0.1274	0.1066	0.0455	0.0393	0.0062	0.1884	0.0880	0.1004	0.0000	0.0167	0.0000	0.0657	0.0771	0.0000	0.0000	0.0000	0.0000	4.0094	0.0003	8.8008	0.0010	0.0009	0.0015	4.9774	0.0000	9.3414	
29	35	0.0232	4	0	2	0	0	0	0	0	0	N	Y	N	N	N	N	N	N	N	N	N	N	0.0000	0.0000	0.0000	0.0000	0.0000	0.0000	0.0000	0.0000	0.0000	0.0000	0.0000	0.0000	0.0000	0.0000	0.0000	0.0000	0.0000	0.0000	0.0000	0.0000	5.0749	1.0000	14.8264	1.0102	0.0000	0.0000	0.0000	0.0000	0.0000	0.0000	0.0000	0.0000	0.0000	0.0000	0.0000	0.0000	0.0000	0.0000	0.0000	0.0000	0.0000	0.0000	0.0231	0.0197	0.0034	0.0006	0.0006	0.0000	0.0225	0.0192	0.0033	0.0239	0.0130	0.0109	0.0026	0.0021	0.0005	0.0214	0.0110	0.0104	0.0000	0.0000	0.0000	0.0000	0.0000	0.0000	0.0000	0.0000	0.0000	0.0000	0.0000	0.0000	0.0000	0.0000	0.0000	0.0000	0.0000	0.0000											
29	36	0.0232	3	0	1	0	0	0	0	0	0	N	N	N	N	N	N	N	N	N	N	N	N	0.0000	0.0000	0.0000	0.0000	0.0000	0.0000	0.0000	0.0000	0.0000	0.0000	0.0000	0.0000	0.0000	0.0000	0.0000	0.0000	1.3767	0.0365	2.8504	0.0853	0.0881	0.0000	1.7493	0.0000	2.8928	71.0497	0.0000	0.0003	5.0749	0.0000	14.8264	0.0263	0.0000	0.0000	0.0000	0.0000	0.0000	0.0000	0.0000	0.0000	0.0000	0.0007	0.0000	0.0007	0.0000	0.0000	0.0000	0.0007	0.0000	0.0007	0.0000	0.0000	0.0000	0.0000	0.0000	0.0000	0.0000	0.0000	0.0000	0.0005	0.0003	0.0002	0.0001	0.0001	0.0000	0.0004	0.0002	0.0002	0.0000	0.0000	0.0000	0.0000	0.0000	0.0000	0.0000	0.0000	0.0000	1.3767	0.0365	2.8504	0.0853	0.0881	0.0000	1.7493	0.0000	2.8928			
29	37	0.0947	8	1	2	1	0	0	0	0	0	N	Y	N	N	N	N	N	N	N	N	N	N	0.0000	0.0000	0.0000	0.0000	0.0000	0.0000	0.0000	0.0000	0.0000	0.0000	0.0000	0.0000	0.0000	0.0000	0.0000	0.0000	0.0002	0.0002	0.0003	0.0005	0.0006	0.0000	0.0001	0.0000	0.0003	0.9399	0.0000	-0.0000	5.0749	3.0000	14.8264	5.0002	0.0000	0.0000	0.0000	0.0000	0.0000	0.0000	0.0000	0.0000	0.0000	0.0000	0.0000	0.0000	0.0000	0.0000	0.0000	0.0000	0.0000	0.0000	0.0717	0.0605	0.0112	0.0067	0.0063	0.0004	0.0650	0.0542	0.0108	0.0880	0.0506	0.0374	0.0207	0.0178	0.0029	0.0673	0.0328	0.0345	0.0000	0.0000	0.0000	0.0000	0.0000	0.0000	0.0000	0.0000	0.0000	0.0002	0.0002	0.0003	0.0005	0.0006	0.0000	0.0001	0.0000	0.0003			
29	38	0.0621	10	1	2	0	0	0	0	0	0	N	Y	N	N	N	N	N	N	N	N	N	N	4620.8184	inf	0.0000	inf	inf	0.0000	0.0000	5.8288	6.5275	0.0000	8.7263	9.5918	0.0000	0.0000	0.0000	0.0000	0.0013	0.0000	0.0052	0.0000	0.0000	0.0000	0.0024	0.0000	0.0052	0.0000	inf	-0.0000	0.0000	5.0749	0.0001	14.8264	0.1668	0.0001	0.0001	0.0000	0.0001	0.0001	0.0000	0.0000	0.0000	0.0000	0.0000	0.0000	0.0000	0.0000	0.0000	0.0000	0.0000	0.0000	0.0000	0.0000	0.0000	0.0000	0.0000	0.0000	0.0000	0.0000	0.0000	0.0000	0.0158	0.0120	0.0039	0.0074	0.0073	0.0000	0.0085	0.0047	0.0038	4620.8184	inf	0.0000	inf	inf	0.0000	0.0000	0.0000	0.0000	0.0013	0.0000	0.0052	0.0000	0.0000	0.0000	0.0024	0.0000	0.0052		
29	39	0.0147	3	0	1	0	1	0	0	0	0	N	N	N	N	N	N	N	N	N	N	N	N	0.0548	0.0302	0.1658	0.0507	0.0518	0.0000	0.0617	0.1705	0.0004	0.0002	0.0016	0.0007	0.0008	0.0000	0.0003	0.0000	0.0017	0.0069	0.0050	0.0099	0.0146	0.0147	0.0002	0.0049	0.0000	0.0099	1.9847	1.3102	0.0000	-0.0001	5.0749	1.7673	14.8264	9.0239	0.0000	0.0000	0.0000	0.0000	0.0000	0.0000	0.0000	0.0000	0.0000	0.0015	0.0006	0.0008	0.0006	0.0006	0.0000	0.0008	0.0000	0.0008	0.0643	0.0544	0.0099	0.0110	0.0107	0.0003	0.0533	0.0437	0.0096	0.2122	0.1279	0.0843	0.0434	0.0430	0.0003	0.1688	0.0849	0.0840	0.0548	0.0302	0.1658	0.0507	0.0518	0.0000	0.0617	0.0000	0.1705	0.0069	0.0050	0.0099	0.0146	0.0147	0.0002	0.0049	0.0000	0.0099	
29	40	0.0124	2	0	1	0	1	0	0	0	0	N	N	N	N	N	N	N	N	N	N	N	N	0.7228	0.1121	7.7871	0.1571	0.1398	330.3216	3.2529	3.2777	7.6495	0.0487	0.0119	0.1943	0.0844	0.0755	0.4290	0.0443	0.0022	0.1910	0.0674	0.1064	0.0249	0.5372	0.5399	0.0013	0.0136	0.0007	0.0250	4.1127	0.2157	0.0014	-0.0032	5.0749	3.4690	14.8264	3.7419	0.0053	0.0010	0.0042	0.0010	0.0009	0.0001	0.0043	0.0002	0.0041	0.0073	0.0060	0.0013	0.0060	0.0060	0.0000	0.0013	0.0000	0.0013	0.1084	0.0865	0.0218	0.0118	0.0115	0.0003	0.0965	0.0750	0.0216	0.1091	0.0568	0.0522	0.0112	0.0111	0.0001	0.0979	0.0457	0.0522	0.7228	0.1121	7.7871	0.1571	0.1398	330.3216	3.2529	3.2777	7.6495	0.0674	0.1064	0.0249	0.5372	0.5399	0.0013	0.0136	0.0007	0.0250
29	41	0.0802	12	0	2	1	0	0	0	0	0	N	Y	N	N	N	N	N	N	N	N	N	N	0.0000	0.0000	0.0000	0.0000	0.0000	0.0000	0.0000	0.0000	0.0000	0.0000	0.0000	0.0000	0.0000	0.0000	0.0000	0.0000	0.0016	0.0025	0.0000	0.0049	0.0055	0.0000	0.0000	0.0000	0.0000	0.0000	0.0000	-0.0002	5.0749	0.9997	14.8264	10.1790	0.0000	0.0000	0.0000	0.0000	0.0000	0.0000	0.0000	0.0000	0.0000	0.0003	0.0003	0.0000	0.0003	0.0003	0.0000	0.0000	0.0000	0.0000	0.0247	0.0209	0.0039	0.0016	0.0015	0.0001	0.0232	0.0194	0.0038	0.1796	0.1145	0.0651	0.0593	0.0530	0.0062	0.1204	0.0614	0.0589	0.0000	0.0000	0.0000	0.0000	0.0000	0.0000	0.0000	0.0000	0.0000	0.0016	0.0025	0.0000	0.0049	0.0055	0.0000	0.0000	0.0000	0.0000			
29	42	0.0791	11	0	2	0	0	0	0	0	0	N	Y	N	N	N	N	N	N	N	N	N	N	0.0000	0.0000	0.0000	0.0000	0.0000	0.0000	0.0000	0.0000	0.0000	0.0000	0.0000	0.0000	0.0000	0.0000	0.0000	0.0000	0.0000	0.0000	0.0263	0.0279	0.0239	0.0480	0.0520	0.0002	0.0147	0.0000	0.0256	0.5736	0.0000	-0.0001	5.0749	0.0007	14.8264	0.9413	0.0000	0.0000	0.0000	0.0000	0.0000	0.0000	0.0000	0.0000	0.0000	0.0005	0.0003	0.0002	0.0003	0.0003	0.0000	0.0002	0.0000	0.0002	0.0000	0.0000	0.0000	0.0000	0.0000	0.0000	0.0000	0.0000	0.0000	0.0186	0.0111	0.0075	0.0065	0.0060	0.0005	0.0121	0.0052	0.0069	0.0000	0.0000	0.0000	0.0000	0.0000	0.0000	0.0000	0.0000	0.0000	0.0263	0.0279	0.0239	0.0480	0.0520	0.0002	0.0147	0.0000	0.0256	
29	43	0.0617	7	1	1	1	0	0	0	0	0	N	N	N	N	N	N	N	N	N	N	N	N	inf	inf	inf	inf	0.0181	0.0213	0.0000	0.0000	0.0000	0.0000	0.0193	0.0230	0.0000	0.0000	0.0000	0.0000	0.0000	0.0000	0.0000	0.0000	0.0000	0.0000	0.0000	-0.0005	0.0000	5.0749	1.9995	14.8264	12.0029	0.0009	0.0009	0.0000	0.0000	0.0000	0.0000	0.0009	0.0009	0.0000	0.0000	0.0000	0.0000	0.0000	0.0000	0.0000	0.0000	0.0000	0.0000	0.0492	0.0417	0.0076	0.0031	0.0030	0.0002	0.0461	0.0387	0.0074	0.1703	0.0930	0.0773	0.0346	0.0302	0.0044	0.1357	0.0628	0.0729	inf	inf	0.0000	0.0000	0.0000	0.0000	inf	inf	0.0000	0.0000	0.0000	0.0000	0.0000	0.0000	0.0000	0.0000	0.0000	0.0000						
29	44	0.0285	6	1	2	0	0	0	0	0	0	N	Y	N	N	N	N	N	N	N	N	N	N	0.0009	0.0000	inf	0.0000	0.0000	inf	inf	0.0017	0.0000	0.0111	0.0000	0.0000	0.0000	0.0018	0.0000	0.0114	1.8977	3.5568	0.0000	14.5560	15.8586	0.0000	0.0000	0.0000	0.0000	inf	0.0000	0.0002	-0.4925	5.0749	10.0000	14.8264	26.8440	0.0004	0.0000	0.0004	0.0000	0.0000	0.0000	0.0004	0.0000	0.0004	0.8011	0.8011	0.0000	0.8011	0.8011	0.0000	0.0000	0.0000	0.0000	0.2360	0.1992	0.0368	0.0140	0.0131	0.0009	0.2220	0.1861	0.0359	0.4221	0.2252	0.1969	0.0550	0.0505	0.0045	0.3671	0.1747	0.1924	0.0009	0.0000	inf	0.0000	0.0000	0.0000	inf	0.0000	inf	1.8977	3.5568	0.0000	14.5560	15.8586	0.0000	0.0000	0.0000	0.0000		
29	45	0.0791	11	0	2	0	0	0	0	0	0	N	Y	N	N	N	N	N	N	N	N	N	N	0.0000	0.0000	0.0000	0.0000	0.0000	0.0000	0.0000	0.0000	0.0000	0.0000	0.0000	0.0000	0.0000	0.0000	0.0000	0.0000	0.0000	0.0028	0.0049	0.0000	0.0105	0.0124	0.0000	0.0000	0.0000	0.0000	0.0051	0.0000	-0.0002	5.0749	3.0000	14.8264	5.0456	0.0000	0.0000	0.0000	0.0000	0.0000	0.0000	0.0000	0.0000	0.0000	0.0003	0.0003	0.0000	0.0003	0.0003	0.0000	0.0000	0.0000	0.0000	0.0735	0.0621	0.0115	0.0047	0.0044	0.0003	0.0688	0.0577	0.0112	0.1029	0.0592	0.0438	0.0276	0.0235	0.0041	0.0754	0.0357	0.0397	0.0000	0.0000	0.0000	0.0000	0.0000	0.0000	0.0000	0.0000	0.0000	0.0028	0.0049	0.0000	0.0105	0.0124	0.0000	0.0000	0.0000	0.0000		
29	46	0.0749	10	0	2	0	0	0	0	0	0	N	Y	N	N	N	N	N	N	N	N	N	N	0.0000	0.0000	0.0000	0.0000	0.0000	0.0000	0.0000	0.0000	0.0000	0.0000	0.0000	0.0000	0.0000	0.0000	0.0000	0.0000	0.2676	0.4747	0.0001	1.0347	1.2380	0.0000	0.0001	0.0000	0.0001	0.0001	0.0000	-0.0063	5.0749	2.0000	14.8264	1.0030	0.0000	0.0000	0.0000	0.0000	0.0000	0.0000	0.0000	0.0000	0.0000	0.0102	0.0102	0.0000	0.0102	0.0102	0.0000	0.0000	0.0000	0.0000	0.0485	0.0410	0.0075	0.0027	0.0025	0.0002	0.0458	0.0385	0.0074	0.0383	0.0216	0.0167	0.0099	0.0083	0.0016	0.0284	0.0133	0.0151	0.0000	0.0000	0.0000	0.0000	0.0000	0.0000	0.0000	0.0000	0.0000	0.2676	0.4747	0.0001	1.0347	1.2380	0.0000	0.0001	0.0000	0.0001			
29	47	0.0749	9	0	2	0	0	0	0	0	0	N	Y	N	N	N	N	N	N	N	N	N	N	0.0000	0.0000	0.0000	0.0000	0.0000	0.0000	0.0000	0.0000	0.0000	0.0000	0.0000	0.0000	0.0000	0.0000	0.0000	0.0000	0.0000	0.0368	0.0285	0.0520	0.0422	0.0437	0.0026	0.0326	0.0000	0.0542	0.9956	0.0000	-0.0000	5.0749	0.0000	14.8264	0.0582	0.0000	0.0000	0.0000	0.0000	0.0000	0.0000	0.0000	0.0000	0.0000	0.0001	0.0000	0.0000	0.0000	0.0000	0.0000	0.0000	0.0000	0.0000	0.0000	0.0000	0.0000	0.0000	0.0000	0.0000	0.0000	0.0000	0.0000	0.0026	0.0017	0.0009	0.0011	0.0011	0.0000	0.0015	0.0006	0.0009	0.0000	0.0000	0.0000	0.0000	0.0000	0.0000	0.0000	0.0000	0.0000	0.0368	0.0285	0.0520	0.0422	0.0437	0.0026	0.0326	0.0000	0.0542		
29	48	0.0711	8	0	2	0	0	0	0	0	0	N	Y	N	N	N	N	N	N	N	N	N	N	0.2412	0.1750	0.0000	0.1133	0.1061	0.0000	29.0659	inf	0.0000	0.0093	0.0103	0.0000	0.0129	0.0134	0.0000	0.0051	0.0062	0.0000	0.0384	0.0589	0.0004	0.1141	0.1261	0.0011	0.0002	0.0000	0.0004	0.0000	0.0040	-0.0000	-0.0017	5.0749	0.0018	14.8264	3.9096	0.0000	0.0000	0.0000	0.0000	0.0000	0.0000	0.0000	0.0000	0.0000	0.0027	0.0027	0.0000	0.0027	0.0027	0.0000	0.0000	0.0000	0.0000	0.0001	0.0001	0.0000	0.0001	0.0001	0.0000	0.0001	0.0000	0.0000	0.0716	0.0465	0.0251	0.0240	0.0217	0.0023	0.0476	0.0248	0.0228	0.2412	0.1750	0.0000	0.1133	0.1061	0.0000	29.0659	inf	0.0000	0.0384	0.0589	0.0004	0.1141	0.1261	0.0011	0.0002	0.0000	0.0004
29	49	0.0617	7	0	2	0	0	0	0	0	0	N	Y	N	N	N	N	N	N	N	N	N	N	0.0638	0.0433	0.0000	0.1238	0.1168	0.0000	0.5489	11.4416	0.0000	0.0387	0.0457	0.0000	0.3241	0.3434	0.0000	0.0193	0.0229	0.0000	0.6069	1.0552	0.0591	2.6173	2.9404	0.0000	0.0351	0.0020	0.0625	0.0000	0.0459	-0.0010	-0.0368	5.0749	2.0031	14.8264	6.0601	0.0019	0.0019	0.0000	0.0010	0.0010	0.0000	0.0009	0.0009	0.0000	0.0644	0.0616	0.0028	0.0615	0.0615	0.0000	0.0029	0.0001	0.0028	0.0493	0.0417	0.0076	0.0031	0.0030	0.0002	0.0462	0.0388	0.0074	0.1061	0.0584	0.0477	0.0235	0.0209	0.0026	0.0826	0.0374	0.0452	0.0638	0.0433	0.0000	0.1238	0.1168	0.0000	0.5489	11.4416	0.0000	0.6069	1.0552	0.0591	2.6173	2.9404	0.0000	0.0351	0.0020	0.0625
29	50	0.0232	3	0	1	1	0	0	0	0	0	N	N	N	N	N	N	N	N	N	N	N	N	5.0166	2.9593	0.5956	0.5050	inf	inf	0.0040	0.0044	0.0000	0.0071	0.0072	0.0000	0.0023	0.0027	0.0000	0.0008	0.0015	0.0000	0.0120	0.0143	0.0000	0.0000	0.0000	0.0000	0.0000	0.0000	-0.0000	-0.0000	5.0749	0.0004	14.8264	0.9852	0.0000	0.0000	0.0000	0.0000	0.0000	0.0000	0.0000	0.0000	0.0000	0.0000	0.0000	0.0000	0.0000	0.0000	0.0000	0.0000	0.0000	0.0000	0.0000	0.0000	0.0000	0.0000	0.0000	0.0000	0.0000	0.0000	0.0000	0.0125	0.0067	0.0058	0.0008	0.0007	0.0001	0.0116	0.0060	0.0057	5.0166	2.9593	0.0000	0.5956	0.5050	0.0000	inf	inf	0.0000	0.0008	0.0015	0.0000	0.0120	0.0143	0.0000	0.0000	0.0000	0.0000			
29	51	0.0124	2	0	1	0	0	0	0	0	0	N	N	N	N	N	N	N	N	N	N	N	N	3.9056	2.4512	0.6777	3.5309	3.5664	2.2002	44.0849	2130.1246	0.6769	0.2029	0.2457	0.0001	4.0507	4.1454	0.0001	0.0017	0.0021	0.0001	0.0519	0.1002	0.0001	1.1472	1.1624	0.0000	0.0000	0.0000	0.0001	0.0000	0.0007	-0.0317	-0.0095	5.0749	10.7574	14.8264	12.9024	0.0579	0.0579	0.0000	0.0575	0.0575	0.0000	0.0005	0.0005	0.0000	0.0155	0.0155	0.0000	0.0155	0.0155	0.0000	0.0000	0.0000	0.0000	0.2855	0.2358	0.0497	0.0142	0.0139	0.0003	0.2713	0.2219	0.0494	0.2976	0.1542	0.1435	0.0135	0.0133	0.0002	0.2842	0.1409	0.1433	3.9056	2.4512	0.6777	3.5309	3.5664	2.2002	44.0849	2130.1246	0.6769	0.0519	0.1002	0.0001	1.1472	1.1624	0.0000	0.0000	0.0000	0.0001
29	56	0.0617	7	1	2	0	0	0	0	0	0	N	Y	N	N	N	N	N	N	N	N	N	N	0.0000	0.0000	0.0000	0.0000	0.0000	0.0000	0.0000	0.0000	0.0000	0.0000	0.0000	0.0000	0.0000	7.2395	0.0000	25.8113	0.0000	0.0000	0.0000	9.1670	0.0000	28.0327	inf	0.0000	0.3852	5.0749	0.0000	14.8264	10.9971	0.0000	0.0000	0.0000	0.0000	0.0000	0.0000	0.0000	0.0000	0.0000	0.9998	0.0000	0.9998	0.0000	0.0000	0.0000	0.9998	0.0000	0.9998	0.0000	0.0000	0.0000	0.0000	0.0000	0.0000	0.0000	0.0000	0.0000	0.1381	0.0756	0.0625	0.0290	0.0256	0.0035	0.1091	0.0501	0.0590	0.0000	0.0000	0.0000	0.0000	0.0000	0.0000	0.0000	0.0000	0.0000	7.2395	0.0000	16.0035	0.0000	0.0000	0.0000	9.1670	0.0000	16.9492						
29	57	0.1169	10	0	1	0	0	0	0	0	0	N	N	N	N	N	N	N	N	N	N	N	N	0.0019	0.0018	0.0000	0.0029	0.0032	0.0000	0.0000	0.0011	0.0000	0.0000	0.0000	0.0000	0.0000	0.0000	0.0000	0.0000	0.0000	0.0000	0.0054	0.0062	0.0034	0.0114	0.0110	0.0149	0.0008	0.0000	0.0017	0.0006	0.2576	-0.0000	-0.0014	5.0749	7.8198	14.8264	21.5823	0.0000	0.0000	0.0000	0.0000	0.0000	0.0000	0.0000	0.0000	0.0000	0.0033	0.0026	0.0007	0.0030	0.0026	0.0004	0.0003	0.0000	0.0003	0.3173	0.2785	0.0389	0.0935	0.0900	0.0036	0.2238	0.1885	0.0353	0.6180	0.4213	0.1967	0.2635	0.2380	0.0256	0.3545	0.1833	0.1712	0.0019	0.0018	0.0000	0.0029	0.0032	0.0000	0.0000	0.0011	0.0000	0.0054	0.0062	0.0034	0.0114	0.0110	0.0149	0.0008	0.0000	0.0017
29	58	0.0974	11	1	2	1	0	0	0	0	0	N	Y	N	N	N	N	N	N	N	N	N	N	15.0741	189.7170	0.0000	991.0417	910.8859	0.0000	0.0000	0.0000	0.0000	0.0000	0.0003	0.0003	0.0000	0.0000	0.0000	0.0000	0.0000	0.0000	0.0000	0.0000	0.0000	0.0000	0.0000	0.0000	0.0000	0.0000	17.6583	-0.0000	0.0000	5.0749	2.0055	14.8264	11.8091	0.0000	0.0000	0.0000	0.0000	0.0000	0.0000	0.0000	0.0000	0.0000	0.0000	0.0000	0.0000	0.0000	0.0000	0.0000	0.0000	0.0000	0.0000	0.0491	0.0415	0.0076	0.0034	0.0032	0.0002	0.0456	0.0383	0.0073	0.1622	0.0926	0.0697	0.0401	0.0345	0.0056	0.1222	0.0581	0.0641	15.0741	189.7170	0.0000	991.0417	910.8859	0.0000	0.0000	0.0000	0.0000	0.0000	0.0000	0.0000	0.0000	0.0000	0.0000	0.0000	0.0000	0.0000		
29	59	0.0920	10	1	1	1	0	0	0	0	0	N	N	N	N	N	N	N	N	N	N	N	N	0.0167	0.0001	11.7153	0.0007	0.0006	0.0000	3.5328	11.2116	0.0000	0.0000	0.0001	0.0000	0.0000	0.0000	0.0000	0.0000	0.0001	0.0013	0.0021	0.0000	0.0042	0.0047	0.0000	0.0000	0.0000	0.0000	114.1553	0.0035	0.0000	-0.0001	5.0749	1.9951	14.8264	2.5667	0.0000	0.0000	0.0000	0.0000	0.0000	0.0000	0.0000	0.0000	0.0000	0.0001	0.0001	0.0000	0.0001	0.0001	0.0000	0.0000	0.0000	0.0000	0.0487	0.0412	0.0075	0.0032	0.0030	0.0002	0.0454	0.0381	0.0073	0.0688	0.0424	0.0264	0.0214	0.0191	0.0022	0.0475	0.0232	0.0242	0.0167	0.0001	11.7153	0.0007	0.0006	0.0000	3.5328	0.0000	11.2116	0.0013	0.0021	0.0000	0.0042	0.0047	0.0000	0.0000	0.0000	0.0000	
29	60	0.0852	9	1	1	1	0	0	0	0	0	N	N	N	N	N	N	N	N	N	N	N	N	0.0000	0.0000	0.0000	0.0000	0.0000	0.0000	0.0000	0.0000	0.0000	0.0000	0.0000	0.0000	0.0000	0.0000	0.0000	0.0000	0.0001	0.0001	0.0001	0.0002	0.0003	0.0000	0.0000	0.0000	0.0001	0.2043	0.0000	-0.0000	5.0749	0.0108	14.8264	3.6229	0.0000	0.0000	0.0000	0.0000	0.0000	0.0000	0.0000	0.0000	0.0000	0.0000	0.0000	0.0000	0.0000	0.0000	0.0000	0.0000	0.0000	0.0000	0.0004	0.0004	0.0001	0.0001	0.0001	0.0000	0.0003	0.0002	0.0001	0.0775	0.0579	0.0196	0.0358	0.0321	0.0037	0.0417	0.0258	0.0159	0.0000	0.0000	0.0000	0.0000	0.0000	0.0000	0.0000	0.0000	0.0000	0.0001	0.0001	0.0001	0.0002	0.0003	0.0000	0.0000	0.0000	0.0001			
29	61	0.0372	8	0	2	0	0	0	0	0	0	N	Y	N	N	N	N	N	N	N	N	N	N	0.0000	0.0001	0.0000	0.0005	0.0005	0.0000	0.0000	0.0000	0.0000	0.0000	0.0000	0.0000	0.0000	0.0000	0.0000	0.0000	0.0189	0.0002	0.0485	0.0005	0.0005	0.0000	0.0263	0.0000	0.0501	0.0000	138.3282	-0.0000	0.0016	5.0749	4.0917	14.8264	8.0988	0.0000	0.0000	0.0000	0.0000	0.0000	0.0000	0.0000	0.0000	0.0000	0.0042	0.0000	0.0042	0.0000	0.0000	0.0000	0.0042	0.0000	0.0042	0.1115	0.0952	0.0163	0.0126	0.0122	0.0004	0.0989	0.0830	0.0159	0.2244	0.1375	0.0868	0.0643	0.0616	0.0027	0.1601	0.0759	0.0842	0.0000	0.0001	0.0000	0.0005	0.0005	0.0000	0.0000	0.0000	0.0000	0.0189	0.0002	0.0485	0.0005	0.0005	0.0000	0.0263	0.0000	0.0501		
29	62	0.0335	7	0	2	0	0	0	0	0	0	N	Y	N	N	N	N	N	N	N	N	N	N	0.0518	0.0389	0.1016	0.2160	0.1814	2061.5357	0.0282	0.2072	0.0494	0.0033	0.0030	0.0048	0.0420	0.0380	0.1007	0.0008	0.0005	0.0024	0.0636	0.0774	0.0474	0.1945	0.2095	0.0000	0.0287	0.0024	0.0491	0.2994	0.5204	-0.0001	-0.0019	5.0749	2.1165	14.8264	5.0852	0.0002	0.0001	0.0000	0.0001	0.0001	0.0000	0.0000	0.0000	0.0000	0.0070	0.0046	0.0024	0.0045	0.0045	0.0000	0.0025	0.0001	0.0024	0.0517	0.0435	0.0081	0.0031	0.0029	0.0002	0.0486	0.0406	0.0079	0.1099	0.0594	0.0505	0.0232	0.0215	0.0017	0.0867	0.0379	0.0488	0.0518	0.0389	0.1016	0.2160	0.1814	2061.5357	0.0282	0.2072	0.0494	0.0636	0.0774	0.0474	0.1945	0.2095	0.0000	0.0287	0.0024	0.0491
29	63	0.0852	9	1	1	1	0	0	0	0	0	N	N	N	N	N	N	N	N	N	N	N	N	0.0000	0.0000	0.0000	0.0000	0.0000	0.0000	0.0000	0.0000	0.0000	0.0000	0.0000	0.0000	0.0000	0.0000	0.0000	0.0000	0.0001	0.0001	0.0000	0.0001	0.0002	0.0000	0.0000	0.0000	0.0000	0.2096	0.0000	-0.0000	5.0749	3.9990	14.8264	8.8702	0.0000	0.0000	0.0000	0.0000	0.0000	0.0000	0.0000	0.0000	0.0000	0.0000	0.0000	0.0000	0.0000	0.0000	0.0000	0.0000	0.0000	0.0000	0.0958	0.0826	0.0132	0.0064	0.0060	0.0004	0.0894	0.0766	0.0128	0.1795	0.1118	0.0677	0.0580	0.0502	0.0079	0.1215	0.0616	0.0598	0.0000	0.0000	0.0000	0.0000	0.0000	0.0000	0.0000	0.0000	0.0000	0.0001	0.0001	0.0000	0.0001	0.0002	0.0000	0.0000	0.0000	0.0000			
29	64	0.0651	8	1	1	1	0	0	0	0	0	N	N	N	N	N	N	N	N	N	N	N	N	0.0000	0.0000	0.0000	0.0000	0.0000	0.0000	0.0000	0.0000	0.0000	0.0000	0.0000	0.0000	0.0000	0.0000	0.0000	0.0000	0.0000	0.0008	0.0012	0.0002	0.0026	0.0029	0.0000	0.0001	0.0000	0.0002	0.1294	0.0000	-0.0001	5.0749	3.9972	14.8264	6.8232	0.0000	0.0000	0.0000	0.0000	0.0000	0.0000	0.0000	0.0000	0.0000	0.0001	0.0001	0.0000	0.0001	0.0001	0.0000	0.0000	0.0000	0.0000	0.1012	0.0861	0.0151	0.0080	0.0076	0.0004	0.0933	0.0785	0.0148	0.1729	0.1018	0.0711	0.0480	0.0443	0.0037	0.1249	0.0575	0.0674	0.0000	0.0000	0.0000	0.0000	0.0000	0.0000	0.0000	0.0000	0.0000	0.0008	0.0012	0.0002	0.0026	0.0029	0.0000	0.0001	0.0000	0.0002		
29	65	0.0411	8	0	2	0	0	0	0	0	0	N	Y	N	N	N	N	N	N	N	N	N	N	2.5363	1.8084	0.1263	25.2295	25.3089	1.7789	0.0092	0.0056	0.0358	2.2218	2.6228	0.0000	23.7219	25.6642	0.0001	0.0079	0.0094	0.0000	0.8760	1.4503	0.0001	0.9402	1.0140	0.0001	0.8569	1.6872	0.0001	0.0000	0.0000	-0.4578	-0.3645	5.0749	15.6632	14.8264	35.0639	0.8351	0.8351	0.0000	0.8324	0.8324	0.0000	0.0027	0.0027	0.0000	0.5930	0.5930	0.0000	0.1459	0.1459	0.0000	0.4471	0.4471	0.0000	0.3759	0.3184	0.0575	0.0351	0.0324	0.0027	0.3408	0.2860	0.0548	0.6769	0.4088	0.2681	0.1551	0.1438	0.0113	0.5218	0.2650	0.2568	2.5363	1.8084	0.1263	25.2295	25.3089	1.7789	0.0092	0.0056	0.0358	0.8760	1.4503	0.0001	0.9402	1.0140	0.0001	0.8569	1.6872	0.0001
29	66	0.0411	8	0	1	1	0	0	0	0	0	N	N	N	N	N	N	N	N	N	N	N	N	7521.5978	inf	0.0000	inf	inf	0.0000	0.0000	0.0001	0.0002	0.0000	0.0009	0.0010	0.0000	0.0000	0.0000	0.0000	0.0000	0.0000	0.0000	0.0000	0.0000	0.0000	0.0000	0.0000	0.0000	0.0000	inf	-0.0000	0.0000	5.0749	4.9998	14.8264	10.1184	0.0000	0.0000	0.0000	0.0000	0.0000	0.0000	0.0000	0.0000	0.0000	0.0000	0.0000	0.0000	0.0000	0.0000	0.0000	0.0000	0.0000	0.0000	0.1358	0.1155	0.0204	0.0220	0.0201	0.0019	0.1138	0.0953	0.0185	0.3524	0.2395	0.1129	0.1186	0.1134	0.0052	0.2338	0.1261	0.1077	7521.5978	inf	0.0000	inf	inf	0.0000	0.0000	0.0000	0.0000	0.0000	0.0000	0.0000	0.0000	0.0000	0.0000	0.0000	0.0000	0.0000		
29	67	0.0303	6	0	2	0	0	0	0	0	0	N	Y	N	N	N	N	N	N	N	N	N	N	2.1756	0.7055	576.5205	0.0001	0.0000	8.6181	350.4989	inf	589.1126	0.0086	0.0048	0.0301	0.0000	0.0000	0.0000	0.0093	0.0052	0.0315	0.0039	0.0068	0.0001	0.0245	0.0261	0.0000	0.0000	0.0000	0.0001	1.0954	0.0057	-0.0001	-0.0009	5.0749	10.9928	14.8264	18.5513	0.0022	0.0011	0.0012	0.0000	0.0000	0.0000	0.0022	0.0011	0.0012	0.0015	0.0015	0.0000	0.0015	0.0015	0.0000	0.0000	0.0000	0.0000	0.2591	0.2206	0.0385	0.0193	0.0176	0.0017	0.2399	0.2030	0.0368	0.3811	0.2192	0.1619	0.0610	0.0571	0.0038	0.3201	0.1621	0.1581	2.1756	0.7055	576.5205	0.0001	0.0000	8.6181	350.4989	inf	589.1126	0.0039	0.0068	0.0001	0.0245	0.0261	0.0000	0.0000	0.0000	0.0001
29	68	0.0303	5	0	1	0	0	0	0	0	0	N	N	N	N	N	N	N	N	N	N	N	N	0.5098	0.2076	12.2097	0.5890	0.5913	1.0500	0.4750	0.0032	12.5712	0.0201	0.0104	0.1143	0.0270	0.0273	0.0013	0.0163	0.0002	0.1187	0.0393	0.0503	0.0094	0.0459	0.0462	0.0013	0.0344	0.0560	0.0094	1.1173	0.0679	-0.0000	-0.0017	5.0749	0.0861	14.8264	1.0715	0.0001	0.0001	0.0001	0.0001	0.0001	0.0000	0.0001	0.0000	0.0001	0.0030	0.0028	0.0002	0.0015	0.0015	0.0000	0.0015	0.0013	0.0002	0.0058	0.0052	0.0005	0.0020	0.0020	0.0000	0.0038	0.0033	0.0005	0.0762	0.0558	0.0204	0.0326	0.0324	0.0002	0.0435	0.0234	0.0202	0.5098	0.2076	12.2097	0.5890	0.5913	1.0500	0.4750	0.0032	12.5712	0.0393	0.0503	0.0094	0.0459	0.0462	0.0013	0.0344	0.0560	0.0094
29	69	0.0947	9	1	1	1	0	0	0	0	0	N	N	N	N	N	N	N	N	N	N	N	N	0.0000	0.0000	0.0000	0.0000	0.0000	0.0000	0.0000	0.0000	0.0000	0.0000	0.0000	0.0000	0.0000	0.0000	0.0000	0.0000	0.0002	0.0000	0.0005	0.0001	0.0001	0.0000	0.0003	0.0000	0.0006	15.7454	0.0000	0.0000	5.0749	1.0000	14.8264	3.0001	0.0000	0.0000	0.0000	0.0000	0.0000	0.0000	0.0000	0.0000	0.0000	0.0000	0.0000	0.0000	0.0000	0.0000	0.0000	0.0000	0.0000	0.0000	0.0241	0.0203	0.0038	0.0023	0.0021	0.0001	0.0219	0.0182	0.0036	0.0446	0.0257	0.0189	0.0105	0.0090	0.0015	0.0341	0.0166	0.0175	0.0000	0.0000	0.0000	0.0000	0.0000	0.0000	0.0000	0.0000	0.0000	0.0002	0.0000	0.0005	0.0001	0.0001	0.0000	0.0003	0.0000	0.0006			
29	70	0.0947	8	1	1	1	0	0	0	0	0	N	N	N	N	N	N	N	N	N	N	N	N	0.0000	0.0000	0.0000	0.0000	0.0000	0.0000	0.0000	0.0000	0.0000	0.0000	0.0000	0.0000	0.0000	0.0000	0.0000	0.0000	0.5484	0.4765	0.6458	0.6328	0.6455	0.0000	0.4839	0.0000	0.6589	1.0000	0.0000	-0.0000	5.0749	0.0000	14.8264	0.0009	0.0000	0.0000	0.0000	0.0000	0.0000	0.0000	0.0000	0.0000	0.0000	0.0000	0.0000	0.0000	0.0000	0.0000	0.0000	0.0000	0.0000	0.0000	0.0000	0.0000	0.0000	0.0000	0.0000	0.0000	0.0000	0.0000	0.0000	0.0000	0.0000	0.0000	0.0000	0.0000	0.0000	0.0000	0.0000	0.0000	0.0000	0.0000	0.0000	0.0000	0.0000	0.0000	0.0000	0.0000	0.0000	0.5484	0.4765	0.6458	0.6328	0.6455	0.0000	0.4839	0.0000	0.6589			
29	71	0.0617	7	1	1	1	0	0	0	0	0	N	N	N	N	N	N	N	N	N	N	N	N	0.0018	0.1025	0.0000	0.5188	0.4767	0.0000	0.0000	0.0000	0.0064	0.0076	0.0000	0.1092	0.1163	0.0000	0.0000	0.0000	0.0000	3.6099	0.0742	7.8269	0.2105	0.2441	0.0013	4.4171	0.0000	8.3101	0.0000	88.4425	-0.0008	0.3548	5.0749	9.9966	14.8264	12.9129	0.0015	0.0015	0.0000	0.0015	0.0015	0.0000	0.0000	0.0000	0.0000	0.9484	0.0106	0.9378	0.0106	0.0106	0.0000	0.9378	0.0000	0.9378	0.2361	0.1999	0.0362	0.0139	0.0131	0.0009	0.2221	0.1868	0.0354	0.2627	0.1429	0.1198	0.0504	0.0434	0.0070	0.2123	0.0995	0.1129	0.0018	0.1025	0.0000	0.5188	0.4767	0.0000	0.0000	0.0000	0.0000	3.6099	0.0742	7.8269	0.2105	0.2441	0.0013	4.4171	0.0000	8.3101	
29	72	0.0285	6	0	2	0	1	0	0	0	0	N	Y	N	N	N	N	N	N	N	N	N	N	0.0000	0.0000	0.0000	0.0000	0.0000	0.0000	0.0000	0.0000	0.0000	0.0000	0.0000	0.0000	0.0000	0.0000	0.0000	0.0000	0.0000	3.1966	2.6720	3.7935	11.5199	12.6580	0.0016	2.0242	0.0000	3.8857	1.2476	0.0000	-0.1074	5.0749	13.0000	14.8264	39.1663	0.0000	0.0000	0.0000	0.0000	0.0000	0.0000	0.0000	0.0000	0.0000	1.8006	0.8011	0.9995	0.8012	0.8011	0.0000	0.9995	0.0000	0.9995	0.3033	0.2561	0.0472	0.0180	0.0168	0.0012	0.2853	0.2393	0.0460	0.5633	0.2998	0.2635	0.0695	0.0633	0.0063	0.4938	0.2365	0.2572	0.0000	0.0000	0.0000	0.0000	0.0000	0.0000	0.0000	0.0000	0.0000	3.1966	2.6720	3.7935	11.5199	12.6580	0.0016	2.0242	0.0000	3.8857		
29	73	0.0260	5	0	2	0	0	0	0	0	0	N	Y	N	N	N	N	N	N	N	N	N	N	0.7113	0.0146	2.1767	0.0652	0.0664	0.7298	2.1816	0.0003	0.0000	0.0017	0.0000	0.0000	0.0000	0.0003	0.0000	0.0018	0.0004	0.0001	0.0008	0.0003	0.0003	0.0000	0.0004	0.0000	0.0008	208.1145	5.0945	0.0000	0.0000	5.0749	3.0003	14.8264	18.1082	0.0000	0.0000	0.0000	0.0000	0.0000	0.0000	0.0000	0.0000	0.0000	0.0001	0.0000	0.0001	0.0000	0.0000	0.0000	0.0001	0.0000	0.0001	0.0730	0.0615	0.0115	0.0044	0.0041	0.0003	0.0686	0.0573	0.0113	0.3092	0.1836	0.1256	0.0588	0.0561	0.0028	0.2503	0.1275	0.1228	0.7113	0.0146	2.1767	0.0652	0.0664	0.0000	0.7298	0.0000	2.1816	0.0004	0.0001	0.0008	0.0003	0.0003	0.0000	0.0004	0.0000	0.0008		
29	74	0.0651	8	0	2	0	0	0	0	0	0	N	Y	N	N	N	N	N	N	N	N	N	N	423189044.9992	inf	0.0000	385797457.1266	inf	0.0000	5.8229	6.8597	0.0000	0.0000	0.0000	0.0000	6.2621	7.4436	0.0000	0.0000	0.0000	0.0000	0.0000	0.0000	0.0000	0.0000	0.0000	0.0000	0.0000	inf	-0.5482	0.0000	5.0749	7.0046	14.8264	18.1036	1.0000	1.0000	0.0000	0.0000	0.0000	0.0000	1.0000	1.0000	0.0000	0.0000	0.0000	0.0000	0.0000	0.0000	0.0000	0.0000	0.0000	0.0000	0.1717	0.1458	0.0260	0.0120	0.0114	0.0006	0.1597	0.1343	0.0253	0.3198	0.1811	0.1386	0.0733	0.0654	0.0079	0.2464	0.1157	0.1307	423189044.9992	inf	0.0000	0.0000	0.0000	0.0000	385797457.1266	inf	0.0000	0.0000	0.0000	0.0000	0.0000	0.0000	0.0000	0.0000	0.0000	0.0000			
29	75	0.0617	7	0	1	0	0	0	0	0	0	N	N	N	N	N	N	N	N	N	N	N	N	0.0041	0.0041	0.0050	0.0084	0.0080	0.0000	0.0040	0.2066	0.0049	0.0081	0.0076	0.0105	0.0332	0.0343	0.0000	0.0051	0.0040	0.0108	1.9805	1.8852	2.1014	3.9621	4.2981	0.0004	1.2680	0.0195	2.2048	0.2318	0.8790	-0.0000	-0.0162	5.0749	0.2435	14.8264	3.2922	0.0001	0.0000	0.0000	0.0000	0.0000	0.0000	0.0000	0.0000	0.0000	0.1102	0.0587	0.0516	0.0583	0.0583	0.0000	0.0519	0.0003	0.0516	0.0066	0.0056	0.0010	0.0007	0.0007	0.0000	0.0059	0.0050	0.0009	0.0556	0.0311	0.0245	0.0147	0.0136	0.0012	0.0409	0.0175	0.0234	0.0041	0.0041	0.0050	0.0084	0.0080	0.0000	0.0040	0.2066	0.0049	1.9805	1.8852	2.1014	3.9621	4.2981	0.0004	1.2680	0.0195	2.2048
29	76	0.0285	6	0	1	0	0	0	0	0	0	N	N	N	N	N	N	N	N	N	N	N	N	0.0102	0.0000	0.4225	0.0002	0.0001	85.1800	0.1300	inf	0.4225	0.0270	0.0001	0.1719	0.0030	0.0022	0.0156	0.0285	0.0000	0.1758	2.6453	4.5894	0.4068	17.7300	19.1610	0.0002	0.2195	0.0000	0.4161	220.0069	0.0770	0.0020	-0.4687	5.0749	7.0044	14.8264	20.1113	0.0045	0.0000	0.0045	0.0000	0.0000	0.0000	0.0045	0.0000	0.0045	0.8628	0.8011	0.0617	0.8011	0.8011	0.0000	0.0617	0.0000	0.0617	0.1672	0.1410	0.0262	0.0099	0.0092	0.0006	0.1573	0.1318	0.0255	0.3262	0.1746	0.1516	0.0452	0.0418	0.0034	0.2810	0.1327	0.1482	0.0102	0.0000	0.4225	0.0002	0.0001	85.1800	0.1300	inf	0.4225	2.6453	4.5894	0.4068	17.7300	19.1610	0.0002	0.2195	0.0000	0.4161
29	77	0.0307	6	0	2	0	0	0	0	0	0	N	Y	N	N	N	N	N	N	N	N	N	N	0.0005	34.4785	0.0000	175.3272	169.1872	0.0000	0.0000	0.0000	0.0015	0.0018	0.0000	0.0272	0.0281	0.0000	0.0000	0.0000	0.0000	3.0226	0.0001	7.2851	0.0002	0.0002	0.0000	3.7562	0.0000	7.5235	0.0000	99993.6627	-0.0002	0.3850	5.0749	8.6571	14.8264	16.0761	0.0003	0.0003	0.0000	0.0003	0.0003	0.0000	0.0000	0.0000	0.0000	0.9993	0.0000	0.9992	0.0000	0.0000	0.0000	0.9992	0.0000	0.9992	0.2126	0.1812	0.0314	0.0119	0.0115	0.0004	0.2007	0.1697	0.0310	0.3306	0.1934	0.1372	0.0646	0.0602	0.0043	0.2660	0.1332	0.1328	0.0005	34.4785	0.0000	175.3272	169.1872	0.0000	0.0000	0.0000	0.0000	3.0226	0.0001	7.2851	0.0002	0.0002	0.0000	3.7562	0.0000	7.5235	
29	78	0.0303	5	0	2	0	0	0	0	0	0	N	Y	N	N	N	N	N	N	N	N	N	N	0.2530	3.3638	0.0623	8.1183	8.2269	inf	0.0197	0.0625	0.0009	0.0009	0.0007	0.0043	0.0044	0.0004	0.0001	0.0000	0.0007	0.0036	0.0003	0.0116	0.0005	0.0005	0.0000	0.0055	0.0000	0.0117	0.1079	17.3575	-0.0000	0.0001	5.0749	0.3645	14.8264	1.9845	0.0000	0.0000	0.0000	0.0000	0.0000	0.0000	0.0000	0.0000	0.0000	0.0003	0.0000	0.0003	0.0000	0.0000	0.0000	0.0003	0.0000	0.0003	0.0125	0.0109	0.0016	0.0024	0.0024	0.0001	0.0100	0.0085	0.0015	0.0900	0.0632	0.0268	0.0339	0.0336	0.0004	0.0561	0.0296	0.0264	0.2530	3.3638	0.0623	8.1183	8.2269	inf	0.0197	0.0000	0.0625	0.0036	0.0003	0.0116	0.0005	0.0005	0.0000	0.0055	0.0000	0.0117	
29	79	0.0208	4	0	1	0	0	0	0	0	0	N	N	N	N	N	N	N	N	N	N	N	N	0.5479	0.3066	1.5946	20.3629	25.3034	4.0970	0.5071	0.0008	1.6166	0.0505	0.0029	0.3275	0.0247	0.0233	0.0689	0.0536	0.0000	0.3338	0.0921	0.0094	0.2054	0.0012	0.0009	0.0168	0.1057	0.0118	0.2065	19.5279	15.9656	0.0016	0.0074	5.0749	2.9108	14.8264	14.2456	0.0040	0.0002	0.0038	0.0002	0.0002	0.0000	0.0038	0.0000	0.0038	0.0227	0.0013	0.0214	0.0000	0.0000	0.0000	0.0227	0.0013	0.0214	0.0798	0.0681	0.0117	0.0087	0.0084	0.0003	0.0712	0.0597	0.0114	0.2465	0.1425	0.1041	0.0321	0.0315	0.0006	0.2144	0.1110	0.1035	0.5479	0.3066	1.5946	20.3629	25.3034	4.0970	0.5071	0.0008	1.6166	0.0921	0.0094	0.2054	0.0012	0.0009	0.0168	0.1057	0.0118	0.2065
29	82	0.0441	9	0	2	0	0	0	0	0	0	N	Y	N	N	N	N	N	N	N	N	N	N	181377.9530	108343496.5916	370.6468	239994113.1552	299457784.7002	23.3365	279.5415	inf	388.4294	4.3138	5.1037	0.0214	33.0275	36.6978	0.0000	0.0088	0.0059	0.0233	0.0000	0.0000	0.0001	0.0000	0.0000	0.0000	0.0000	0.0000	0.0001	0.0008	857.5556	-0.4833	0.0000	5.0749	7.9116	14.8264	21.1247	0.8828	0.8821	0.0007	0.8813	0.8813	0.0000	0.0016	0.0009	0.0007	0.0000	0.0000	0.0000	0.0000	0.0000	0.0000	0.0000	0.0000	0.0000	0.2047	0.1728	0.0318	0.0267	0.0240	0.0027	0.1780	0.1488	0.0291	0.4224	0.2484	0.1740	0.1025	0.0955	0.0070	0.3199	0.1529	0.1670	181377.9530	108343496.5916	370.6468	239994113.1552	299457784.7002	23.3365	279.5415	inf	388.4294	0.0000	0.0000	0.0001	0.0000	0.0000	0.0000	0.0000	0.0000	0.0001
29	83	0.0621	10	1	2	0	0	0	0	0	0	N	Y	N	N	N	N	N	N	N	N	N	N	0.0000	0.0000	0.0000	0.0000	0.0000	0.0000	0.0000	0.0000	0.0000	0.0000	0.0000	0.0000	0.0000	0.0000	0.0000	0.0000	0.0000	0.0000	0.0000	0.0000	5.0749	0.0000	14.8264	1.8333	0.0000	0.0000	0.0000	0.0000	0.0000	0.0000	0.0000	0.0000	0.0000	0.0000	0.0000	0.0000	0.0000	0.0000	0.0000	0.0000	0.0000	0.0000	0.0000	0.0000	0.0000	0.0000	0.0000	0.0000	0.0000	0.0000	0.0000	0.0364	0.0232	0.0132	0.0113	0.0108	0.0006	0.0250	0.0124	0.0126	0.0000	0.0000	0.0000	0.0000	0.0000	0.0000	0.0000	0.0000	0.0000	0.0000	0.0000	0.0000	0.0000	0.0000	0.0000	0.0000	0.0000	0.0000											
29	84	0.0441	9	1	2	0	0	0	0	0	0	N	Y	N	N	N	N	N	N	N	N	N	N	7.6951	53664.2791	0.0072	490.3236	154852.9952	0.0082	0.0084	inf	0.0072	5.2540	6.2192	0.0123	37.5693	41.8447	0.0102	0.0076	0.0067	0.0125	0.6828	0.0001	1.7135	0.0766	0.0003	1.2441	0.9126	0.0000	1.7343	0.0004	9792.4989	-0.5258	0.0878	5.0749	6.9552	14.8264	13.1226	0.9599	0.9595	0.0003	0.9587	0.9587	0.0000	0.0012	0.0009	0.0003	0.2280	0.0000	0.2279	0.0070	0.0000	0.0070	0.2209	0.0000	0.2209	0.1827	0.1543	0.0284	0.0255	0.0229	0.0026	0.1572	0.1314	0.0258	0.3339	0.2009	0.1330	0.0918	0.0861	0.0056	0.2421	0.1147	0.1274	7.6951	53664.2791	0.0072	490.3236	154852.9952	0.0082	0.0084	inf	0.0072	0.6828	0.0001	1.7135	0.0766	0.0003	1.2441	0.9126	0.0000	1.7343
29	85	0.0411	8	0	2	0	0	0	0	0	0	N	Y	N	N	N	N	N	N	N	N	N	N	2.1337	83.3284	0.0901	211.2893	223.0623	44.0913	0.0144	0.0089	0.0286	12.3374	14.3444	1.8084	37.0676	38.7113	10.8903	0.1158	0.0015	0.5458	5.7821	0.1721	20.0673	0.1754	0.1735	0.2470	8.0362	0.1708	19.1081	0.0240	56.7755	-0.0861	0.2808	5.0749	0.3374	14.8264	6.1146	0.1640	0.1602	0.0038	0.1630	0.1602	0.0028	0.0010	0.0000	0.0010	0.7633	0.0132	0.7501	0.0066	0.0064	0.0002	0.7566	0.0068	0.7498	0.0133	0.0112	0.0021	0.0044	0.0041	0.0003	0.0089	0.0070	0.0019	0.1320	0.0767	0.0553	0.0379	0.0369	0.0010	0.0942	0.0399	0.0543	2.1337	83.3284	0.1332	211.2893	223.0623	44.0913	0.0144	0.0089	0.0395	5.7821	0.1721	13.5727	0.1754	0.1735	0.2470	8.0362	0.1708	13.8119
29	86	0.0411	8	0	2	0	0	0	0	0	0	N	Y	N	N	N	N	N	N	N	N	N	N	0.2144	0.0165	280.0360	0.4158	0.0331	4688.5194	26.9865	81709.2337	68.7720	0.0189	0.0026	0.1072	0.1950	0.0165	2.8230	0.0054	0.0014	0.0259	0.0882	0.1582	0.0004	0.4691	0.4980	0.0006	0.0002	0.0000	0.0004	7.5722	0.0019	0.0017	-0.0172	5.0749	11.0342	14.8264	12.7513	0.0050	0.0006	0.0044	0.0037	0.0003	0.0034	0.0013	0.0003	0.0010	0.0280	0.0279	0.0001	0.0279	0.0279	0.0000	0.0001	0.0000	0.0001	0.2636	0.2225	0.0411	0.0188	0.0176	0.0012	0.2448	0.2049	0.0399	0.3172	0.1766	0.1406	0.0596	0.0561	0.0035	0.2577	0.1205	0.1372	0.2144	0.0165	280.0360	0.4158	0.0331	4688.5194	26.9865	81709.2337	68.7720	0.0882	0.1582	0.0004	0.4691	0.4980	0.0006	0.0002	0.0000	0.0004
29	87	0.0335	7	0	2	0	0	0	0	0	0	N	Y	N	N	N	N	N	N	N	N	N	N	45.1695	5.3279	134.5756	51.2762	50.4022	178.5859	39.2749	0.0186	133.6506	10.4630	0.0419	66.3482	0.5934	0.6305	0.0540	11.0902	0.0001	68.0095	0.2316	0.0079	0.4930	0.0116	0.0125	0.0003	0.2824	0.0057	0.5089	295.0962	53.6376	0.4513	0.0123	5.0749	3.9739	14.8264	6.2820	1.0063	0.0034	1.0029	0.0034	0.0034	0.0000	1.0029	0.0000	1.0029	0.0335	0.0006	0.0328	0.0003	0.0003	0.0000	0.0331	0.0003	0.0328	0.0962	0.0811	0.0151	0.0057	0.0054	0.0004	0.0904	0.0757	0.0147	0.1444	0.0778	0.0666	0.0271	0.0250	0.0021	0.1174	0.0528	0.0645	45.1695	5.3279	134.5756	51.2762	50.4022	178.5859	39.2749	0.0186	133.6506	0.2316	0.0079	0.4930	0.0116	0.0125	0.0003	0.2824	0.0057	0.5089
29	88	0.0285	6	0	2	0	0	0	0	0	0	N	Y	N	N	N	N	N	N	N	N	N	N	8.6871	4.5045	26.5666	26.3635	27.2510	0.0000	7.7221	0.7127	26.7632	0.6604	0.1723	3.2665	2.4667	2.6391	0.0000	0.5476	0.0002	3.3479	0.0760	0.0383	0.1230	0.0936	0.0968	0.0000	0.0709	0.0003	0.1251	3.5501	2.5863	0.0000	0.0008	5.0749	0.0056	14.8264	5.7021	0.0001	0.0000	0.0001	0.0000	0.0000	0.0000	0.0001	0.0000	0.0001	0.0073	0.0020	0.0053	0.0020	0.0020	0.0000	0.0053	0.0000	0.0053	0.0001	0.0001	0.0000	0.0000	0.0000	0.0000	0.0001	0.0001	0.0000	0.0959	0.0531	0.0428	0.0216	0.0209	0.0007	0.0743	0.0322	0.0420	8.6871	4.5045	26.5666	26.3635	27.2510	0.0000	7.7221	0.7127	26.7632	0.0760	0.0383	0.1230	0.0936	0.0968	0.0000	0.0709	0.0003	0.1251
29	92	0.1169	10	0	1	0	0	0	0	0	0	N	N	N	N	N	N	N	N	N	N	N	N	0.0000	0.0000	0.0068	0.0001	0.0000	0.0130	0.0000	0.0000	0.0037	0.0000	0.0000	0.0000	0.0000	0.0000	0.0001	0.0000	0.0000	0.0000	0.7644	1.1802	0.0023	0.7533	0.8450	0.0114	0.7707	1.5066	0.0011	0.3466	0.0011	-0.0000	-0.3963	5.0749	24.8682	14.8264	39.8855	0.0000	0.0000	0.0000	0.0000	0.0000	0.0000	0.0000	0.0000	0.0000	0.6458	0.6451	0.0007	0.2282	0.2278	0.0004	0.4176	0.4173	0.0003	0.6482	0.5602	0.0881	0.1170	0.1102	0.0068	0.5312	0.4500	0.0812	0.8448	0.5466	0.2982	0.3029	0.2696	0.0333	0.5418	0.2770	0.2649	0.0000	0.0000	0.0068	0.0001	0.0000	0.0130	0.0000	0.0000	0.0037	0.7644	1.1802	0.0023	0.7533	0.8450	0.0114	0.7707	1.5066	0.0011
30	31	0.0813	7	1	1	1	0	0	0	0	0	N	N	N	N	N	N	N	N	N	N	N	N	5.2351	0.0000	61.2187	0.0000	0.0000	0.0000	22.8887	74.8120	0.0006	0.0000	0.0047	0.0000	0.0000	0.0000	0.0008	0.0000	0.0048	0.0001	0.0002	0.0001	0.0004	0.0004	0.0003	0.0000	0.0000	0.0001	inf	0.3708	0.0000	-0.0000	5.9956	1.4218	15.0927	7.0463	0.0000	0.0000	0.0000	0.0000	0.0000	0.0000	0.0000	0.0000	0.0000	0.0000	0.0000	0.0000	0.0000	0.0000	0.0000	0.0000	0.0000	0.0000	0.0475	0.0411	0.0064	0.0087	0.0084	0.0002	0.0388	0.0327	0.0062	0.1096	0.0627	0.0468	0.0245	0.0219	0.0025	0.0851	0.0408	0.0443	5.2351	0.0000	61.2187	0.0000	0.0000	0.0000	22.8887	0.0000	74.8120	0.0001	0.0002	0.0001	0.0004	0.0004	0.0003	0.0000	0.0000	0.0001	
30	32	0.0761	6	1	0	1	0	0	0	0	0	N	N	N	N	N	N	N	N	N	N	N	N	19.7031	0.0764	163.3126	0.1849	0.1800	0.0000	46.6286	0.0000	166.2850	0.0547	0.0002	0.3954	0.0012	0.0012	0.0000	0.0653	0.0000	0.4078	0.0028	0.0030	0.0024	0.0066	0.0069	0.0017	0.0014	0.0000	0.0025	271.1831	0.6161	0.0036	-0.0001	5.9956	4.3312	15.0927	5.5221	0.0081	0.0000	0.0080	0.0000	0.0000	0.0000	0.0080	0.0000	0.0080	0.0004	0.0003	0.0002	0.0003	0.0003	0.0000	0.0002	0.0000	0.0002	0.1476	0.1272	0.0203	0.0244	0.0238	0.0006	0.1232	0.1035	0.0197	0.1571	0.0885	0.0687	0.0418	0.0390	0.0028	0.1154	0.0495	0.0658	19.7031	0.0764	163.3126	0.1849	0.1800	0.0000	46.6286	0.0000	166.2850	0.0028	0.0030	0.0024	0.0066	0.0069	0.0017	0.0014	0.0000	0.0025
30	33	0.0737	5	1	0	1	0	0	0	0	0	N	N	N	N	N	N	N	N	N	N	N	N	256.9002	0.2690	885.4959	5.9533	5.3931	230.7083	0.0000	855.8638	7.2011	0.0009	50.8346	0.0065	0.0067	0.0000	8.1162	0.0000	51.9535	0.0280	0.0032	0.0574	0.0011	0.0012	0.0000	0.0352	0.0042	0.0607	9797.5944	15.2558	0.4463	0.0010	5.9956	4.2685	15.0927	3.7703	0.9880	0.0001	0.9879	0.0001	0.0001	0.0000	0.9879	0.0000	0.9879	0.0030	0.0002	0.0028	0.0000	0.0000	0.0000	0.0030	0.0002	0.0028	0.1372	0.1178	0.0194	0.0155	0.0151	0.0004	0.1217	0.1027	0.0190	0.1074	0.0582	0.0492	0.0225	0.0198	0.0027	0.0848	0.0383	0.0465	256.9002	0.2690	885.4959	5.9533	5.3931	0.0000	230.7083	0.0000	855.8638	0.0280	0.0032	0.0574	0.0011	0.0012	0.0000	0.0352	0.0042	0.0607	
30	35	0.0914	10	1	1	1	0	0	0	0	0	N	N	N	N	N	N	N	N	N	N	N	N	0.0000	0.0000	0.0000	0.0000	0.0000	0.0000	0.0000	0.0000	0.0000	0.0000	0.0000	0.0000	0.0000	0.0000	0.0000	0.0000	0.0000	0.0000	0.0000	0.0000	5.9956	1.0000	15.0927	1.0102	0.0000	0.0000	0.0000	0.0000	0.0000	0.0000	0.0000	0.0000	0.0000	0.0000	0.0000	0.0000	0.0000	0.0000	0.0000	0.0000	0.0000	0.0000	0.0251	0.0215	0.0035	0.0020	0.0019	0.0001	0.0231	0.0196	0.0034	0.0219	0.0127	0.0093	0.0069	0.0055	0.0014	0.0150	0.0071	0.0078	0.0000	0.0000	0.0000	0.0000	0.0000	0.0000	0.0000	0.0000	0.0000	0.0000	0.0000	0.0000	0.0000	0.0000	0.0000	0.0000	0.0000	0.0000											
30	36	0.0914	9	1	0	1	0	0	0	0	0	N	N	N	N	N	N	N	N	N	N	N	N	0.0000	0.0000	0.0000	0.0000	0.0000	0.0000	0.0000	0.0000	0.0000	0.0000	0.0000	0.0000	0.0000	0.0000	0.0000	0.0000	0.0000	0.0000	0.0000	0.0000	5.9956	0.0000	15.0927	0.0263	0.0000	0.0000	0.0000	0.0000	0.0000	0.0000	0.0000	0.0000	0.0000	0.0000	0.0000	0.0000	0.0000	0.0000	0.0000	0.0000	0.0000	0.0000	0.0000	0.0000	0.0000	0.0000	0.0000	0.0000	0.0000	0.0000	0.0000	0.0005	0.0003	0.0002	0.0002	0.0002	0.0000	0.0004	0.0001	0.0002	0.0000	0.0000	0.0000	0.0000	0.0000	0.0000	0.0000	0.0000	0.0000	0.0000	0.0000	0.0000	0.0000	0.0000	0.0000	0.0000	0.0000	0.0000											
30	37	0.0614	2	2	1	2	0	0	0	0	0	Y	N	Y	N	N	N	N	N	N	N	N	N	0.0000	0.0000	0.0000	0.0000	0.0000	0.0000	0.0000	0.0000	0.0000	0.0000	0.0000	0.0000	0.0000	0.0000	0.0000	0.0000	9.7425	0.0000	37.0398	0.0001	0.0001	0.0000	10.7172	0.0000	37.7166	771954.1324	0.0000	0.3852	5.9956	3.0000	15.0927	5.0002	0.0000	0.0000	0.0000	0.0000	0.0000	0.0000	0.0000	0.0000	0.0000	1.0000	0.0000	1.0000	0.0000	0.0000	0.0000	1.0000	0.0000	1.0000	0.0821	0.0690	0.0131	0.0024	0.0022	0.0002	0.0798	0.0668	0.0130	0.1030	0.0538	0.0492	0.0097	0.0090	0.0008	0.0933	0.0448	0.0485	0.0000	0.0000	0.0000	0.0000	0.0000	0.0000	0.0000	0.0000	0.0000	9.7065	0.0000	20.3119	0.0001	0.0001	0.0000	10.7172	0.0000	20.6305			
30	38	0.0952	6	2	1	1	0	0	0	0	0	Y	N	N	N	N	N	N	N	N	N	N	N	0.0000	0.0000	0.0000	0.0000	0.0000	0.0000	0.0000	0.0000	0.0000	0.0000	0.0000	0.0000	0.0000	0.0011	0.0000	0.0046	0.0000	0.0000	0.0000	0.0021	0.0000	0.0047	inf	0.0000	0.0000	5.9956	0.0001	15.0927	0.1668	0.0000	0.0000	0.0000	0.0000	0.0000	0.0000	0.0000	0.0000	0.0000	0.0000	0.0000	0.0000	0.0000	0.0000	0.0000	0.0000	0.0000	0.0000	0.0000	0.0000	0.0000	0.0000	0.0000	0.0000	0.0000	0.0000	0.0000	0.0167	0.0126	0.0041	0.0077	0.0077	0.0000	0.0090	0.0050	0.0040	0.0000	0.0000	0.0000	0.0000	0.0000	0.0000	0.0000	0.0000	0.0000	0.0011	0.0000	0.0046	0.0000	0.0000	0.0000	0.0021	0.0000	0.0047						
30	39	0.0829	9	1	0	1	1	0	0	0	0	N	N	N	N	N	N	N	N	N	N	N	N	2950.6909	0.0000	inf	0.0000	0.0000	inf	inf	14.5706	0.0000	106.5357	0.0000	0.0000	0.0000	17.8330	0.0000	109.5703	0.0049	0.0078	0.0000	0.0161	0.0172	0.0000	0.0000	0.0000	0.0000	inf	0.0000	0.4513	-0.0006	5.9956	1.7673	15.0927	9.0239	0.9989	0.0000	0.9989	0.0000	0.0000	0.0000	0.9989	0.0000	0.9989	0.0010	0.0010	0.0000	0.0010	0.0010	0.0000	0.0000	0.0000	0.0000	0.0686	0.0592	0.0094	0.0125	0.0123	0.0003	0.0560	0.0469	0.0091	0.2045	0.1292	0.0753	0.0626	0.0587	0.0039	0.1419	0.0706	0.0714	2950.6909	0.0000	inf	0.0000	0.0000	0.0000	inf	0.0000	inf	0.0049	0.0078	0.0000	0.0161	0.0172	0.0000	0.0000	0.0000	0.0000		
30	40	0.0806	8	1	0	1	1	0	0	0	0	N	N	N	N	N	N	N	N	N	N	N	N	0.0073	0.0003	1.7956	0.1241	0.1167	0.0000	0.0058	0.0000	1.7451	0.0115	0.0008	0.0720	0.0084	0.0088	0.0000	0.0117	0.0000	0.0739	1.5732	2.8262	0.0401	0.0674	0.0753	0.0004	2.0226	4.4658	0.0424	15.9195	0.0116	0.0005	-0.0969	5.9956	3.4690	15.0927	3.7419	0.0012	0.0001	0.0011	0.0001	0.0001	0.0000	0.0011	0.0000	0.0011	0.1607	0.1589	0.0018	0.0016	0.0016	0.0000	0.1591	0.1573	0.0018	0.1028	0.0874	0.0154	0.0083	0.0079	0.0004	0.0945	0.0795	0.0150	0.1021	0.0562	0.0459	0.0235	0.0210	0.0025	0.0787	0.0352	0.0435	0.0073	0.0003	1.7956	0.1241	0.1167	0.0000	0.0058	0.0000	1.7451	1.5732	2.8262	0.0401	0.0674	0.0753	0.0004	2.0226	4.4658	0.0424
30	41	0.0469	6	1	1	2	0	0	0	0	0	N	N	Y	N	N	N	N	N	N	N	N	N	0.0000	0.0000	0.0000	0.0000	0.0000	0.0000	0.0000	0.0000	0.0000	0.0000	0.0000	0.0000	0.0000	0.0000	0.0000	4.2450	7.0278	0.0000	0.6630	0.7249	0.0000	5.5434	11.2792	0.0000	0.0000	0.0000	-0.5205	5.9956	0.9997	15.0927	10.1790	0.0000	0.0000	0.0000	0.0000	0.0000	0.0000	0.0000	0.0000	0.0000	0.8467	0.8467	0.0000	0.0352	0.0352	0.0000	0.8115	0.8115	0.0000	0.0285	0.0240	0.0045	0.0003	0.0003	0.0000	0.0282	0.0237	0.0045	0.1994	0.1205	0.0790	0.0531	0.0485	0.0045	0.1464	0.0719	0.0744	0.0000	0.0000	0.0000	0.0000	0.0000	0.0000	0.0000	0.0000	0.0000	4.2450	7.0278	0.0000	0.6630	0.7249	0.0000	5.5434	11.2792	0.0000				
30	42	0.0458	5	1	1	1	0	0	0	0	0	N	N	N	N	N	N	N	N	N	N	N	N	0.0000	0.0000	0.0000	0.0000	0.0000	0.0000	0.0000	0.0000	0.0000	0.0000	0.0000	0.0000	0.0000	0.0000	0.0000	0.0000	0.0000	0.0000	10.8252	15.0075	4.0249	2.1782	2.2541	1.0622	13.5465	25.8484	4.1557	0.1983	0.0000	-0.0907	5.9956	0.0007	15.0927	0.9413	0.0000	0.0000	0.0000	0.0000	0.0000	0.0000	0.0000	0.0000	0.0000	0.2019	0.1685	0.0334	0.0120	0.0116	0.0004	0.1899	0.1569	0.0330	0.0000	0.0000	0.0000	0.0000	0.0000	0.0000	0.0000	0.0000	0.0000	0.0195	0.0112	0.0083	0.0055	0.0052	0.0004	0.0140	0.0061	0.0080	0.0000	0.0000	0.0000	0.0000	0.0000	0.0000	0.0000	0.0000	0.0000	10.3391	15.0075	4.0249	2.1782	2.2541	1.0622	13.5465	25.8484	4.1557	
30	44	0.0616	2	2	1	1	0	0	0	0	0	Y	N	N	N	N	N	N	N	N	N	N	N	0.0000	0.0000	0.0000	0.0000	0.0000	0.0000	0.0000	0.0000	0.0000	0.0000	0.0000	0.0000	0.0000	0.0000	0.0000	0.0000	2.2432	0.0003	4.7760	0.0013	0.0015	0.0000	2.5857	0.0000	4.9410	12759.8382	0.0000	0.3852	5.9956	10.0000	15.0927	26.8440	0.0000	0.0000	0.0000	0.0000	0.0000	0.0000	0.0000	0.0000	0.0000	1.0001	0.0001	1.0000	0.0001	0.0001	0.0000	1.0000	0.0000	1.0000	0.2711	0.2292	0.0418	0.0102	0.0096	0.0005	0.2609	0.2196	0.0413	0.4458	0.2364	0.2094	0.0591	0.0521	0.0070	0.3867	0.1844	0.2024	0.0000	0.0000	0.0000	0.0000	0.0000	0.0000	0.0000	0.0000	0.0000	2.2432	0.0003	4.7760	0.0013	0.0015	0.0000	2.5857	0.0000	4.9410			
30	45	0.0458	5	1	1	1	0	0	0	0	0	N	N	N	N	N	N	N	N	N	N	N	N	0.0000	0.0000	0.0000	0.0000	0.0000	0.0000	0.0000	0.0000	0.0000	0.0000	0.0000	0.0000	0.0000	0.0000	0.0000	0.1093	0.2040	0.0000	0.5172	0.5953	0.0000	0.0137	0.0300	0.0000	0.0000	0.0000	-0.0077	5.9956	3.0000	15.0927	5.0456	0.0000	0.0000	0.0000	0.0000	0.0000	0.0000	0.0000	0.0000	0.0000	0.0126	0.0126	0.0000	0.0113	0.0113	0.0000	0.0013	0.0013	0.0000	0.0847	0.0713	0.0134	0.0008	0.0007	0.0000	0.0839	0.0705	0.0134	0.1152	0.0617	0.0535	0.0219	0.0190	0.0029	0.0933	0.0427	0.0506	0.0000	0.0000	0.0000	0.0000	0.0000	0.0000	0.0000	0.0000	0.0000	0.1093	0.2040	0.0000	0.5172	0.5953	0.0000	0.0137	0.0300	0.0000				
30	46	0.0416	4	1	1	1	0	0	0	0	0	N	N	N	N	N	N	N	N	N	N	N	N	0.0000	0.0000	0.0000	0.0000	0.0000	0.0000	0.0000	0.0000	0.0000	0.0000	0.0000	0.0000	0.0000	0.0000	0.0000	0.0000	0.0000	0.0000	0.3587	0.6543	0.0368	0.2767	0.3231	0.0000	0.3741	0.7712	0.0386	0.0517	0.0000	-0.0086	5.9956	2.0000	15.0927	1.0030	0.0000	0.0000	0.0000	0.0000	0.0000	0.0000	0.0000	0.0000	0.0000	0.0153	0.0145	0.0008	0.0019	0.0019	0.0000	0.0134	0.0126	0.0007	0.0560	0.0472	0.0088	0.0004	0.0003	0.0000	0.0556	0.0468	0.0088	0.0426	0.0222	0.0204	0.0068	0.0058	0.0010	0.0358	0.0164	0.0194	0.0000	0.0000	0.0000	0.0000	0.0000	0.0000	0.0000	0.0000	0.0000	0.3587	0.6543	0.0368	0.2767	0.3231	0.0000	0.3741	0.7712	0.0386	
30	47	0.0416	3	1	1	1	0	0	0	0	0	N	N	N	N	N	N	N	N	N	N	N	N	0.0000	0.0000	0.0000	0.0000	0.0000	0.0000	0.0000	0.0000	0.0000	0.0000	0.0000	0.0000	0.0000	0.0000	0.0000	0.0000	0.0000	1.9156	2.6259	0.5855	2.3983	2.4411	0.0000	1.5947	2.9053	0.5975	0.1191	0.0000	-0.0027	5.9956	0.0000	15.0927	0.0582	0.0000	0.0000	0.0000	0.0000	0.0000	0.0000	0.0000	0.0000	0.0000	0.0054	0.0048	0.0006	0.0027	0.0027	0.0000	0.0027	0.0021	0.0006	0.0000	0.0000	0.0000	0.0000	0.0000	0.0000	0.0000	0.0000	0.0000	0.0028	0.0018	0.0010	0.0011	0.0011	0.0000	0.0017	0.0007	0.0010	0.0000	0.0000	0.0000	0.0000	0.0000	0.0000	0.0000	0.0000	0.0000	1.9156	2.6259	0.5855	2.3983	2.4411	0.0000	1.5947	2.9053	0.5975		
30	48	0.0378	2	1	1	1	0	0	0	0	0	N	N	N	N	N	N	N	N	N	N	N	N	0.6944	0.3102	1435.6744	46.2182	45.4412	0.0000	0.2987	0.0000	1423.2738	8.1879	5.6486	25.7370	21.3771	21.3941	0.0000	4.2297	0.0000	25.7744	11.7917	18.2093	0.0179	0.4625	0.4708	0.0001	14.1582	28.4396	0.0181	0.6593	0.0006	-0.0001	-0.5606	5.9956	0.0018	15.0927	3.9096	0.0008	0.0005	0.0003	0.0005	0.0005	0.0000	0.0003	0.0000	0.0003	0.9129	0.9123	0.0006	0.0086	0.0086	0.0000	0.9043	0.9037	0.0006	0.0001	0.0001	0.0000	0.0000	0.0000	0.0000	0.0001	0.0001	0.0000	0.0825	0.0501	0.0324	0.0187	0.0183	0.0003	0.0639	0.0318	0.0321	0.7402	0.3102	1435.6744	46.2182	45.4412	0.0000	0.2987	0.0000	1423.2738	11.0623	18.2093	0.0179	0.4625	0.4708	0.0001	14.1582	28.4396	0.0181
30	50	0.0914	9	1	0	2	0	0	0	0	0	N	N	Y	N	N	N	N	N	N	N	N	N	inf	inf	inf	inf	2.9598	0.0000	27.9604	0.0000	0.0000	0.0000	4.7427	0.0000	28.5654	0.0000	0.0000	0.0000	0.0000	0.0000	0.0000	0.0000	0.0000	0.0000	inf	0.0001	0.0000	5.9956	0.0004	15.0927	0.9852	0.0001	0.0000	0.0001	0.0000	0.0000	0.0000	0.0001	0.0000	0.0001	0.0000	0.0000	0.0000	0.0000	0.0000	0.0000	0.0000	0.0000	0.0000	0.0000	0.0000	0.0000	0.0000	0.0000	0.0000	0.0000	0.0000	0.0000	0.0124	0.0071	0.0054	0.0030	0.0025	0.0005	0.0094	0.0045	0.0049	inf	0.0000	inf	0.0000	0.0000	0.0000	inf	0.0000	inf	0.0000	0.0000	0.0000	0.0000	0.0000	0.0000	0.0000	0.0000	0.0000						
30	51	0.0806	8	1	0	1	0	0	0	0	0	N	N	N	N	N	N	N	N	N	N	N	N	531.2591	0.0000	inf	0.0000	0.0000	inf	inf	3.3170	0.0000	21.8543	0.0000	0.0000	0.0000	3.5479	0.0000	22.4162	0.0062	0.0114	0.0000	0.0310	0.0358	0.0000	0.0000	0.0000	0.0000	119023810.1656	0.0000	0.4500	-0.0011	5.9956	10.7574	15.0927	12.9024	0.9959	0.0000	0.9959	0.0000	0.0000	0.0000	0.9959	0.0000	0.9959	0.0018	0.0018	0.0000	0.0018	0.0018	0.0000	0.0000	0.0000	0.0000	0.3002	0.2547	0.0456	0.0195	0.0184	0.0011	0.2807	0.2363	0.0444	0.2912	0.1596	0.1316	0.0586	0.0508	0.0078	0.2326	0.1088	0.1238	531.2591	0.0000	inf	0.0000	0.0000	0.0000	inf	0.0000	inf	0.0062	0.0114	0.0000	0.0310	0.0358	0.0000	0.0000	0.0000	0.0000		
30	52	0.0791	7	1	0	1	0	0	0	0	0	N	N	N	N	N	N	N	N	N	N	N	N	0.3529	0.2133	4.9164	0.0000	0.0000	0.3994	0.2017	4.7633	0.0124	0.0136	0.0059	0.0000	0.0000	0.0000	0.0133	0.0147	0.0060	0.0352	0.0638	0.0012	0.0423	0.0477	0.0000	0.0332	0.0726	0.0013	0.0784	0.0157	-0.0005	-0.0015	5.9956	2.6694	15.0927	2.4027	0.0010	0.0009	0.0001	0.0000	0.0000	0.0000	0.0010	0.0009	0.0001	0.0025	0.0024	0.0000	0.0006	0.0006	0.0000	0.0018	0.0018	0.0000	0.0773	0.0654	0.0119	0.0049	0.0047	0.0003	0.0723	0.0607	0.0116	0.0699	0.0380	0.0320	0.0152	0.0134	0.0017	0.0547	0.0245	0.0302	0.3529	0.2133	4.9164	0.0000	0.0000	0.0000	0.3994	0.2017	4.7633	0.0352	0.0638	0.0012	0.0423	0.0477	0.0000	0.0332	0.0726	0.0013	
30	53	0.0739	6	1	0	1	0	0	0	0	0	N	N	N	N	N	N	N	N	N	N	N	N	10.5020	6.7433	0.0000	0.0002	0.0002	942.0381	2319.2839	0.0000	3.7392	4.3695	0.0000	0.0005	0.0005	0.0000	4.1372	4.9020	0.0000	0.3561	0.6480	0.0060	1.8212	2.1073	0.0000	0.0044	0.0021	0.0064	0.0000	0.0078	-0.5404	-0.0377	5.9956	8.6921	15.0927	5.3599	0.9858	0.9858	0.0000	0.0000	0.0000	0.0000	0.9858	0.9858	0.0000	0.0621	0.0616	0.0005	0.0615	0.0615	0.0000	0.0006	0.0001	0.0005	0.2636	0.2256	0.0380	0.0254	0.0245	0.0008	0.2383	0.2011	0.0372	0.1745	0.0951	0.0793	0.0338	0.0292	0.0046	0.1407	0.0659	0.0748	10.5020	6.7433	0.0000	0.0002	0.0002	0.0000	942.0381	2319.2839	0.0000	0.3561	0.6480	0.0060	1.8212	2.1073	0.0000	0.0044	0.0021	0.0064	
30	54	0.0737	5	1	0	1	0	0	0	0	0	N	N	N	N	N	N	N	N	N	N	N	N	292.5005	476.7671	0.0000	17.4130	16.0462	424.2324	inf	0.0000	0.1832	0.2104	0.0000	0.0172	0.0174	0.0000	0.2173	0.2565	0.0000	0.0006	0.0004	0.0008	0.0010	0.0011	0.0000	0.0005	0.0000	0.0009	0.0000	1.6388	-0.0071	0.0000	5.9956	1.8652	15.0927	1.4001	0.0130	0.0130	0.0000	0.0002	0.0002	0.0000	0.0128	0.0128	0.0000	0.0000	0.0000	0.0000	0.0000	0.0000	0.0000	0.0000	0.0000	0.0000	0.0711	0.0619	0.0092	0.0121	0.0119	0.0002	0.0590	0.0500	0.0090	0.0494	0.0266	0.0228	0.0119	0.0108	0.0011	0.0375	0.0158	0.0217	292.5005	476.7671	0.0000	17.4130	16.0462	0.0000	424.2324	inf	0.0000	0.0006	0.0004	0.0008	0.0010	0.0011	0.0000	0.0005	0.0000	0.0009	
30	55	0.0692	4	1	0	1	0	0	0	0	0	N	N	N	N	N	N	N	N	N	N	N	N	0.0737	inf	0.0902	10.5543	inf	0.0000	0.0492	inf	0.0874	0.0032	0.0022	0.0097	0.0066	0.0067	0.0000	0.0029	0.0016	0.0098	0.0437	0.0000	0.1076	0.0006	0.0000	0.0083	0.0583	0.0000	0.1125	0.7309	inf	-0.0000	0.0021	5.9956	2.5292	15.0927	4.9772	0.0003	0.0001	0.0001	0.0000	0.0000	0.0000	0.0002	0.0001	0.0001	0.0055	0.0000	0.0055	0.0000	0.0000	0.0000	0.0055	0.0000	0.0055	0.0806	0.0693	0.0113	0.0076	0.0074	0.0001	0.0730	0.0619	0.0111	0.1261	0.0749	0.0512	0.0320	0.0295	0.0024	0.0941	0.0453	0.0488	0.0737	inf	0.0902	10.5543	inf	0.0000	0.0492	inf	0.0874	0.0437	0.0000	0.1076	0.0006	0.0000	0.0083	0.0583	0.0000	0.1125
30	57	0.1500	6	1	0	1	0	0	0	0	0	N	N	N	N	N	N	N	N	N	N	N	N	0.0001	0.2406	0.0000	0.0073	0.4778	0.0000	0.0000	0.0000	0.0002	0.0002	0.0000	0.0006	0.0006	0.0000	0.0000	0.0000	0.0000	1.5814	0.0008	5.0922	0.0758	0.0012	0.5888	3.1210	0.0000	6.2658	0.0000	2980.5745	-0.0000	0.3978	5.9956	7.8198	15.0927	21.5823	0.0001	0.0001	0.0000	0.0001	0.0001	0.0000	0.0000	0.0000	0.0000	1.0336	0.0003	1.0332	0.0250	0.0003	0.0247	1.0085	0.0000	1.0085	0.3684	0.3240	0.0444	0.1085	0.1044	0.0040	0.2600	0.2196	0.0403	0.6536	0.4507	0.2029	0.3304	0.2885	0.0419	0.3231	0.1622	0.1610	0.0001	0.2406	0.0000	0.0073	0.4778	0.0000	0.0000	0.0000	0.0000	1.5814	0.0008	5.0922	0.0758	0.0012	0.5888	3.1210	0.0000	6.2658	
30	58	0.0641	5	2	1	2	0	0	0	0	0	Y	N	Y	N	N	N	N	N	N	N	N	N	0.0000	0.0000	0.0000	0.0000	0.0000	0.0000	0.0000	0.0000	0.0000	0.0000	0.0000	0.0000	0.0000	0.0000	0.0000	0.0002	0.0004	0.0000	0.0023	0.0025	0.0000	0.0000	0.0000	0.0000	0.0007	0.0000	-0.0000	5.9956	2.0055	15.0927	11.8091	0.0000	0.0000	0.0000	0.0000	0.0000	0.0000	0.0000	0.0000	0.0000	0.0000	0.0000	0.0000	0.0000	0.0000	0.0000	0.0000	0.0000	0.0000	0.0566	0.0477	0.0089	0.0009	0.0008	0.0000	0.0557	0.0469	0.0088	0.1840	0.0947	0.0893	0.0182	0.0168	0.0014	0.1658	0.0779	0.0879	0.0000	0.0000	0.0000	0.0000	0.0000	0.0000	0.0000	0.0000	0.0000	0.0002	0.0004	0.0000	0.0023	0.0025	0.0000	0.0000	0.0000	0.0000				
30	59	0.0587	4	2	0	2	0	0	0	0	0	Y	N	Y	N	N	N	N	N	N	N	N	N	0.0000	0.0000	0.0000	0.0000	0.0000	0.0000	0.0000	0.0000	0.0000	0.0000	0.0000	0.0000	0.0000	0.0000	0.0000	0.0000	0.0000	0.0110	0.0185	0.0012	0.0593	0.0616	0.0001	0.0007	0.0000	0.0013	0.0514	0.0000	-0.0005	5.9956	1.9951	15.0927	2.5667	0.0000	0.0000	0.0000	0.0000	0.0000	0.0000	0.0000	0.0000	0.0000	0.0009	0.0008	0.0000	0.0008	0.0008	0.0000	0.0000	0.0000	0.0000	0.0561	0.0473	0.0088	0.0007	0.0006	0.0000	0.0555	0.0467	0.0088	0.0776	0.0439	0.0338	0.0137	0.0132	0.0005	0.0639	0.0307	0.0333	0.0000	0.0000	0.0000	0.0000	0.0000	0.0000	0.0000	0.0000	0.0000	0.0110	0.0185	0.0012	0.0593	0.0616	0.0001	0.0007	0.0000	0.0013		
30	60	0.0519	3	2	0	2	0	0	0	0	0	Y	N	Y	N	N	N	N	N	N	N	N	N	0.0000	0.0000	0.0000	0.0000	0.0000	0.0000	0.0000	0.0000	0.0000	0.0000	0.0000	0.0000	0.0000	0.0000	0.0000	0.0000	0.0000	0.0000	0.0000	0.0000	0.0000	0.0000	0.0001	0.0000	0.0000	0.0000	12.0010	0.0000	0.0000	5.9956	0.0108	15.0927	3.6229	0.0000	0.0000	0.0000	0.0000	0.0000	0.0000	0.0000	0.0000	0.0000	0.0000	0.0000	0.0000	0.0000	0.0000	0.0000	0.0000	0.0000	0.0000	0.0005	0.0004	0.0001	0.0002	0.0002	0.0000	0.0004	0.0003	0.0001	0.0825	0.0594	0.0231	0.0322	0.0293	0.0029	0.0503	0.0301	0.0202	0.0000	0.0000	0.0000	0.0000	0.0000	0.0000	0.0000	0.0000	0.0000	0.0000	0.0000	0.0000	0.0000	0.0000	0.0001	0.0000	0.0000	0.0000		
30	61	0.0703	4	1	1	1	0	0	0	0	0	N	N	N	N	N	N	N	N	N	N	N	N	1079242.1296	0.0000	inf	5781.7504	0.0000	inf	inf	inf	0.1310	0.0000	0.9073	0.0025	0.0000	0.1181	0.1446	0.0000	0.9183	0.0000	0.0000	0.0000	0.0000	0.0000	0.0000	0.0000	0.0000	0.0000	inf	0.0000	0.0076	-0.0000	5.9956	4.0917	15.0927	8.0988	0.0168	0.0000	0.0168	0.0000	0.0000	0.0000	0.0168	0.0000	0.0168	0.0000	0.0000	0.0000	0.0000	0.0000	0.0000	0.0000	0.0000	0.0000	0.1285	0.1099	0.0185	0.0122	0.0120	0.0003	0.1162	0.0979	0.0183	0.2356	0.1438	0.0917	0.0674	0.0636	0.0038	0.1681	0.0802	0.0879	1079242.1296	0.0000	inf	5781.7504	0.0000	inf	inf	0.0000	inf	0.0000	0.0000	0.0000	0.0000	0.0000	0.0000	0.0000	0.0000	0.0000	
30	62	0.0666	3	1	1	1	0	0	0	0	0	N	N	N	N	N	N	N	N	N	N	N	N	541.6304	0.0281	5557.1171	0.2399	0.2291	0.0000	669.5769	0.0189	5389.5667	16.5416	0.0011	106.3799	0.0116	0.0122	0.0000	17.2087	0.0006	107.7228	0.0305	0.0403	0.0191	0.0485	0.0534	0.0003	0.0257	0.0330	0.0200	17308.6253	0.4079	0.4435	-0.0011	5.9956	2.1165	15.0927	5.0852	0.9817	0.0001	0.9816	0.0000	0.0000	0.0000	0.9816	0.0000	0.9816	0.0035	0.0025	0.0010	0.0012	0.0012	0.0000	0.0023	0.0013	0.0010	0.0593	0.0501	0.0092	0.0023	0.0022	0.0001	0.0570	0.0479	0.0091	0.1155	0.0621	0.0534	0.0246	0.0223	0.0023	0.0909	0.0398	0.0511	541.6304	0.0281	5557.1171	0.2399	0.2291	0.0000	669.5769	0.0189	5389.5667	0.0305	0.0403	0.0191	0.0485	0.0534	0.0003	0.0257	0.0330	0.0200
30	63	0.0519	3	2	0	2	0	0	0	0	0	Y	N	Y	N	N	N	N	N	N	N	N	N	0.0000	0.0000	0.0000	0.0000	0.0000	0.0000	0.0000	0.0000	0.0000	0.0000	0.0000	0.0000	0.0000	0.0000	0.0000	0.0000	0.0000	0.0000	0.0000	0.0000	0.0001	0.0000	0.0000	0.0000	inf	0.0000	0.0000	5.9956	3.9990	15.0927	8.8702	0.0000	0.0000	0.0000	0.0000	0.0000	0.0000	0.0000	0.0000	0.0000	0.0000	0.0000	0.0000	0.0000	0.0000	0.0000	0.0000	0.0000	0.0000	0.1100	0.0946	0.0154	0.0016	0.0016	0.0001	0.1083	0.0930	0.0153	0.1927	0.1097	0.0831	0.0343	0.0307	0.0036	0.1584	0.0790	0.0794	0.0000	0.0000	0.0000	0.0000	0.0000	0.0000	0.0000	0.0000	0.0000	0.0000	0.0000	0.0000	0.0000	0.0000	0.0001	0.0000	0.0000	0.0000				
30	64	0.0318	2	2	0	2	0	0	0	0	0	Y	N	Y	N	N	N	N	N	N	N	N	N	212.2399	1560.9870	0.0000	14141.8361	27036.9592	0.0000	0.0000	0.0000	0.0027	0.0032	0.0000	0.1024	0.1027	0.0000	0.0000	0.0000	0.0000	0.0000	0.0000	0.0000	0.0000	0.0000	0.0008	0.0000	0.0000	0.0000	0.0000	10.6694	-0.0002	0.0000	5.9956	3.9972	15.0927	6.8232	0.0003	0.0003	0.0000	0.0003	0.0003	0.0000	0.0000	0.0000	0.0000	0.0000	0.0000	0.0000	0.0000	0.0000	0.0000	0.0000	0.0000	0.0000	0.1168	0.0991	0.0177	0.0031	0.0031	0.0000	0.1137	0.0960	0.0177	0.3114	0.1665	0.1449	0.0907	0.0903	0.0004	0.2206	0.0761	0.1445	212.2399	1560.9870	0.0000	14141.8361	27036.9592	0.0000	0.0000	0.0000	0.0000	0.0000	0.0000	0.0000	0.0000	0.0000	0.0008	0.0000	0.0000	0.0000	
30	65	0.0742	4	1	1	1	0	0	0	0	0	N	N	N	N	N	N	N	N	N	N	N	N	0.0000	0.0000	0.0000	0.0012	0.0013	0.0000	0.0000	0.0000	0.0000	0.0000	0.0001	0.0000	0.0009	0.0009	0.0000	0.0000	0.0000	0.0000	2.9443	1.1938	5.6180	0.6929	0.6884	0.7230	3.8564	1.5527	6.1286	0.0000	3.0810	-0.0000	0.3158	5.9956	15.6632	15.0927	35.0639	0.0000	0.0000	0.0000	0.0000	0.0000	0.0000	0.0000	0.0000	0.0000	2.2523	0.5519	1.7004	0.1528	0.1322	0.0207	2.0995	0.4197	1.6797	0.4288	0.3641	0.0647	0.0233	0.0224	0.0009	0.4054	0.3417	0.0637	0.7650	0.4623	0.3027	0.2206	0.1920	0.0286	0.5444	0.2703	0.2741	0.0000	0.0000	0.0000	0.0012	0.0013	0.0000	0.0000	0.0000	0.0000	2.9443	1.1938	5.6180	0.6929	0.6884	0.7230	3.8564	1.5527	6.1286
30	66	0.0742	4	1	0	2	0	0	0	0	0	N	N	Y	N	N	N	N	N	N	N	N	N	0.0000	0.0000	0.0000	0.0000	0.0000	0.0000	0.0000	0.0000	0.0000	0.0000	0.0000	0.0000	0.0000	0.0000	0.0000	2.3319	0.0000	7.0028	0.0002	0.0000	0.0015	3.9400	0.0000	8.1509	inf	0.0000	0.3847	5.9956	4.9998	15.0927	10.1184	0.0000	0.0000	0.0000	0.0000	0.0000	0.0000	0.0000	0.0000	0.0000	0.9986	0.0000	0.9986	0.0000	0.0000	0.0000	0.9986	0.0000	0.9986	0.1529	0.1304	0.0225	0.0130	0.0127	0.0003	0.1399	0.1178	0.0221	0.4282	0.2856	0.1426	0.1748	0.1547	0.0201	0.2534	0.1309	0.1225	0.0000	0.0000	0.0000	0.0000	0.0000	0.0000	0.0000	0.0000	0.0000	2.3319	0.0000	7.0028	0.0002	0.0000	0.0015	3.9400	0.0000	8.1509				
30	67	0.0787	6	1	1	1	0	0	0	0	0	N	N	N	N	N	N	N	N	N	N	N	N	3607.7344	4946.3776	0.0000	0.0000	0.0000	0.0000	5731.4505	inf	0.0000	3.3340	3.9104	0.0000	0.0000	0.0000	0.0000	3.5124	4.1343	0.0000	0.0009	0.0008	0.0011	0.0019	0.0020	0.0004	0.0006	0.0000	0.0011	0.0000	1.0284	-0.5416	-0.0000	5.9956	10.9928	15.0927	18.5513	0.9879	0.9879	0.0000	0.0000	0.0000	0.0000	0.9879	0.9879	0.0000	0.0004	0.0002	0.0002	0.0002	0.0002	0.0000	0.0002	0.0000	0.0002	0.2963	0.2526	0.0437	0.0151	0.0137	0.0014	0.2813	0.2390	0.0423	0.3908	0.2252	0.1656	0.0970	0.0886	0.0084	0.2937	0.1366	0.1571	3607.7344	4946.3776	0.0000	0.0000	0.0000	0.0000	5731.4505	inf	0.0000	0.0009	0.0008	0.0011	0.0019	0.0020	0.0004	0.0006	0.0000	0.0011
30	68	0.0787	5	1	0	1	0	0	0	0	0	N	N	N	N	N	N	N	N	N	N	N	N	214.6405	245.4949	0.0000	119.0361	119.3610	0.0000	285.9695	480.6307	0.0000	2.3042	2.5479	0.0000	1.4655	1.4765	0.0000	2.7162	3.1546	0.0000	0.0107	0.0104	0.0114	0.0123	0.0124	0.0079	0.0095	0.0066	0.0115	0.0000	0.5662	-0.0080	-0.0002	5.9956	0.0861	15.0927	1.0715	0.0146	0.0146	0.0000	0.0031	0.0031	0.0000	0.0115	0.0115	0.0000	0.0007	0.0005	0.0003	0.0004	0.0004	0.0000	0.0004	0.0001	0.0003	0.0063	0.0057	0.0006	0.0021	0.0021	0.0000	0.0042	0.0037	0.0006	0.0673	0.0444	0.0228	0.0296	0.0292	0.0004	0.0377	0.0152	0.0225	214.6405	245.4949	0.0000	119.0361	119.3610	0.0000	285.9695	480.6307	0.0000	0.0107	0.0104	0.0114	0.0123	0.0124	0.0079	0.0095	0.0066	0.0115
30	69	0.0614	3	2	0	2	0	0	0	0	0	Y	N	Y	N	N	N	N	N	N	N	N	N	0.0000	0.0000	0.0000	0.0000	0.0000	0.0000	0.0000	0.0000	0.0000	0.0000	0.0000	0.0000	0.0000	0.0000	0.0000	0.0000	0.0006	0.0008	0.0004	0.0043	0.0047	0.0000	0.0002	0.0000	0.0004	0.4406	0.0000	-0.0000	5.9956	1.0000	15.0927	3.0001	0.0000	0.0000	0.0000	0.0000	0.0000	0.0000	0.0000	0.0000	0.0000	0.0000	0.0000	0.0000	0.0000	0.0000	0.0000	0.0000	0.0000	0.0000	0.0276	0.0232	0.0044	0.0008	0.0007	0.0001	0.0268	0.0225	0.0044	0.0522	0.0273	0.0250	0.0050	0.0046	0.0004	0.0473	0.0227	0.0246	0.0000	0.0000	0.0000	0.0000	0.0000	0.0000	0.0000	0.0000	0.0000	0.0006	0.0008	0.0004	0.0043	0.0047	0.0000	0.0002	0.0000	0.0004			
30	70	0.0614	2	2	0	2	0	0	0	0	0	Y	N	Y	N	N	N	N	N	N	N	N	N	0.0000	0.0000	0.0000	0.0000	0.0000	0.0000	0.0000	0.0000	0.0000	0.0000	0.0000	0.0000	0.0000	0.0000	0.0000	0.0000	1.3306	1.1975	1.4971	1.6679	1.6757	0.0000	1.1068	0.0000	1.5034	1.0000	0.0000	-0.0000	5.9956	0.0000	15.0927	0.0009	0.0000	0.0000	0.0000	0.0000	0.0000	0.0000	0.0000	0.0000	0.0000	0.0001	0.0000	0.0000	0.0000	0.0000	0.0000	0.0000	0.0000	0.0000	0.0000	0.0000	0.0000	0.0000	0.0000	0.0000	0.0000	0.0000	0.0000	0.0000	0.0000	0.0000	0.0000	0.0000	0.0000	0.0000	0.0000	0.0000	0.0000	0.0000	0.0000	0.0000	0.0000	0.0000	0.0000	0.0000	0.0000	1.3306	1.1975	1.4971	1.6679	1.6757	0.0000	1.1068	0.0000	1.5034			
30	72	0.0616	2	1	1	1	1	0	0	0	0	N	N	N	N	N	N	N	N	N	N	N	N	0.0000	0.0000	0.0000	0.0000	0.0000	0.0000	0.0000	0.0000	0.0000	0.0000	0.0000	0.0000	0.0000	0.0000	0.0000	0.0000	3.2490	0.0000	6.8993	0.0001	0.0001	0.0000	3.7156	0.0000	7.1397	201806.5733	0.0000	0.7467	5.9956	13.0000	15.0927	39.1663	0.0000	0.0000	0.0000	0.0000	0.0000	0.0000	0.0000	0.0000	0.0000	1.9383	0.0000	1.9383	0.0000	0.0000	0.0000	1.9383	0.0000	1.9383	0.3483	0.2947	0.0536	0.0130	0.0124	0.0007	0.3353	0.2823	0.0529	0.5966	0.3156	0.2809	0.0749	0.0655	0.0095	0.5216	0.2502	0.2715	0.0000	0.0000	0.0000	0.0000	0.0000	0.0000	0.0000	0.0000	0.0000	3.2490	0.0000	6.8993	0.0001	0.0001	0.0000	3.7156	0.0000	7.1397			
30	73	0.0641	3	1	1	1	0	0	0	0	0	N	N	N	N	N	N	N	N	N	N	N	N	0.0000	0.0000	0.0000	0.0000	0.0000	0.0000	0.0000	0.0000	0.0000	0.0000	0.0000	0.0000	0.0000	0.0000	0.0000	0.0213	0.0377	0.0000	0.1142	0.1237	0.0001	0.0000	0.0000	0.0000	0.0001	0.0000	-0.0040	5.9956	3.0003	15.0927	18.1082	0.0000	0.0000	0.0000	0.0000	0.0000	0.0000	0.0000	0.0000	0.0000	0.0066	0.0066	0.0000	0.0066	0.0066	0.0000	0.0000	0.0000	0.0000	0.0837	0.0707	0.0130	0.0032	0.0030	0.0002	0.0805	0.0677	0.0128	0.3078	0.1740	0.1338	0.0575	0.0530	0.0044	0.2503	0.1210	0.1293	0.0000	0.0000	0.0000	0.0000	0.0000	0.0000	0.0000	0.0000	0.0000	0.0213	0.0377	0.0000	0.1142	0.1237	0.0001	0.0000	0.0000	0.0000				
30	74	0.0318	2	1	1	1	0	0	0	0	0	N	N	N	N	N	N	N	N	N	N	N	N	209.0830	inf	0.0000	28705.6906	inf	0.0000	0.0000	0.0000	0.0016	0.0019	0.0000	0.0973	0.0976	0.0000	0.0000	0.0000	0.0000	0.0000	0.0000	0.0000	0.0000	0.0000	0.0005	0.0000	0.0000	0.0000	0.0000	inf	-0.0002	0.0000	5.9956	7.0046	15.0927	18.1036	0.0003	0.0003	0.0000	0.0003	0.0003	0.0000	0.0000	0.0000	0.0000	0.0000	0.0000	0.0000	0.0000	0.0000	0.0000	0.0000	0.0000	0.0000	0.1980	0.1676	0.0304	0.0033	0.0033	0.0000	0.1948	0.1644	0.0304	0.4756	0.2463	0.2293	0.0928	0.0922	0.0006	0.3827	0.1540	0.2287	209.0830	inf	0.0000	28705.6906	inf	0.0000	0.0000	0.0000	0.0000	0.0000	0.0000	0.0000	0.0000	0.0000	0.0005	0.0000	0.0000	0.0000	
30	77	0.0791	6	1	1	1	0	0	0	0	0	N	N	N	N	N	N	N	N	N	N	N	N	inf	inf	inf	inf	0.0018	0.0021	0.0000	0.0487	0.0503	0.0000	0.0000	0.0000	0.0000	0.0000	0.0000	0.0000	0.0000	0.0000	0.0000	0.0000	0.0000	0.0000	0.0000	-0.0002	0.0000	5.9956	8.6571	15.0927	16.0761	0.0004	0.0004	0.0000	0.0004	0.0004	0.0000	0.0000	0.0000	0.0000	0.0000	0.0000	0.0000	0.0000	0.0000	0.0000	0.0000	0.0000	0.0000	0.2361	0.2034	0.0327	0.0088	0.0085	0.0003	0.2272	0.1948	0.0324	0.3076	0.1798	0.1278	0.0731	0.0658	0.0073	0.2345	0.1140	0.1205	inf	inf	0.0000	inf	inf	0.0000	0.0000	0.0000	0.0000	0.0000	0.0000	0.0000	0.0000	0.0000	0.0000	0.0000	0.0000	0.0000						
30	78	0.0787	5	1	1	1	0	0	0	0	0	N	N	N	N	N	N	N	N	N	N	N	N	2055.7433	1510.2714	4179.2938	4171.7729	inf	inf	0.2510	0.2870	0.0000	1.2784	1.3062	0.0000	0.0370	0.0433	0.0000	0.0001	0.0002	0.0000	0.0003	0.0003	0.0000	0.0000	0.0000	0.0000	0.0000	0.0000	-0.0019	-0.0000	5.9956	0.3645	15.0927	1.9845	0.0035	0.0035	0.0000	0.0031	0.0031	0.0000	0.0004	0.0004	0.0000	0.0000	0.0000	0.0000	0.0000	0.0000	0.0000	0.0000	0.0000	0.0000	0.0140	0.0122	0.0018	0.0024	0.0024	0.0001	0.0116	0.0099	0.0017	0.0819	0.0526	0.0293	0.0327	0.0319	0.0008	0.0492	0.0207	0.0285	2055.7433	1510.2714	0.0000	4179.2938	4171.7729	0.0000	inf	inf	0.0000	0.0001	0.0002	0.0000	0.0003	0.0003	0.0000	0.0000	0.0000	0.0000			
30	79	0.0692	4	1	0	1	0	0	0	0	0	N	N	N	N	N	N	N	N	N	N	N	N	1.4099	19.2659	0.0000	1.5669	1.5898	0.0000	1.2432	39.5809	0.0000	0.0344	0.0401	0.0000	0.0063	0.0064	0.0000	0.0371	0.0439	0.0000	0.0244	0.0021	0.0534	0.0040	0.0040	0.0038	0.0299	0.0011	0.0561	0.0000	19.7703	-0.0017	0.0020	5.9956	2.9108	15.0927	14.2456	0.0031	0.0031	0.0000	0.0000	0.0000	0.0000	0.0031	0.0031	0.0000	0.0059	0.0003	0.0056	0.0002	0.0002	0.0000	0.0057	0.0001	0.0056	0.0911	0.0782	0.0129	0.0079	0.0078	0.0002	0.0832	0.0704	0.0128	0.2398	0.1354	0.1044	0.0504	0.0452	0.0053	0.1894	0.0902	0.0991	1.4099	19.2659	0.0000	1.5669	1.5898	0.0000	1.2432	39.5809	0.0000	0.0244	0.0021	0.0534	0.0040	0.0040	0.0038	0.0299	0.0011	0.0561
30	80	0.0641	3	1	0	1	0	0	0	0	0	N	N	N	N	N	N	N	N	N	N	N	N	0.0027	16.3630	0.0000	0.0000	0.0000	0.0000	0.0021	58.8103	0.0000	0.0172	0.0203	0.0000	0.0000	0.0000	0.0000	0.0180	0.0215	0.0000	6.4567	0.0012	28.5451	0.0029	0.0025	0.0121	8.7815	0.0004	28.5737	0.0000	8550.0551	-0.0000	0.3806	5.9956	0.1009	15.0927	7.5203	0.0000	0.0000	0.0000	0.0000	0.0000	0.0000	0.0000	0.0000	0.0000	0.9881	0.0001	0.9880	0.0001	0.0001	0.0000	0.9880	0.0000	0.9880	0.0029	0.0025	0.0004	0.0001	0.0001	0.0000	0.0028	0.0023	0.0004	0.1530	0.0933	0.0597	0.0405	0.0388	0.0017	0.1125	0.0545	0.0581	0.0027	16.3630	0.0000	0.0000	0.0000	0.0000	0.0021	58.8103	0.0000	6.4567	0.0012	16.5362	0.0029	0.0025	0.0121	8.7815	0.0004	17.0187
30	81	0.0616	2	1	0	1	0	0	0	0	0	N	N	N	N	N	N	N	N	N	N	N	N	0.0000	0.0000	0.0000	0.0000	0.0000	0.0000	0.0000	0.0000	0.0000	0.0000	0.0000	0.0000	0.0000	0.0000	0.0000	0.0000	0.0000	0.0896	0.0028	0.2011	0.0042	0.0043	0.0000	0.1187	0.0017	0.2061	55.1035	0.0000	0.0025	5.9956	0.0014	15.0927	3.7882	0.0000	0.0000	0.0000	0.0000	0.0000	0.0000	0.0000	0.0000	0.0000	0.0067	0.0001	0.0066	0.0001	0.0001	0.0000	0.0066	0.0000	0.0066	0.0000	0.0000	0.0000	0.0000	0.0000	0.0000	0.0000	0.0000	0.0000	0.0746	0.0420	0.0326	0.0190	0.0182	0.0008	0.0556	0.0238	0.0318	0.0000	0.0000	0.0000	0.0000	0.0000	0.0000	0.0000	0.0000	0.0000	0.0896	0.0028	0.2011	0.0042	0.0043	0.0000	0.1187	0.0017	0.2061		
30	82	0.0773	5	1	1	1	0	0	0	0	0	N	N	N	N	N	N	N	N	N	N	N	N	0.0220	0.0154	0.0000	0.0736	0.0717	0.0000	0.0000	0.0000	0.0062	0.0073	0.0000	0.0803	0.0835	0.0000	0.0000	0.0000	0.0000	0.2799	0.4708	0.0132	1.0914	1.1646	0.0004	0.0073	0.0000	0.0137	0.0000	0.0200	-0.0008	-0.0798	5.9956	7.9116	15.0927	21.1247	0.0014	0.0014	0.0000	0.0014	0.0014	0.0000	0.0000	0.0000	0.0000	0.1341	0.1314	0.0026	0.1314	0.1314	0.0000	0.0026	0.0000	0.0026	0.2317	0.1970	0.0347	0.0178	0.0171	0.0007	0.2139	0.1799	0.0340	0.4790	0.2791	0.1999	0.1204	0.1129	0.0076	0.3586	0.1663	0.1923	0.0220	0.0154	0.0000	0.0736	0.0717	0.0000	0.0000	0.0000	0.0000	0.2799	0.4708	0.0132	1.0914	1.1646	0.0004	0.0073	0.0000	0.0137	
30	83	0.0952	6	2	1	1	0	0	0	0	0	Y	N	N	N	N	N	N	N	N	N	N	N	0.0000	0.0000	0.0000	0.0000	0.0000	0.0000	0.0000	0.0000	0.0000	0.0000	0.0000	0.0000	0.0000	0.0000	0.0000	0.0000	0.0000	0.0000	0.0000	0.0000	5.9956	0.0000	15.0927	1.8333	0.0000	0.0000	0.0000	0.0000	0.0000	0.0000	0.0000	0.0000	0.0000	0.0000	0.0000	0.0000	0.0000	0.0000	0.0000	0.0000	0.0000	0.0000	0.0000	0.0000	0.0000	0.0000	0.0000	0.0000	0.0000	0.0000	0.0000	0.0380	0.0243	0.0138	0.0114	0.0108	0.0006	0.0266	0.0134	0.0132	0.0000	0.0000	0.0000	0.0000	0.0000	0.0000	0.0000	0.0000	0.0000	0.0000	0.0000	0.0000	0.0000	0.0000	0.0000	0.0000	0.0000	0.0000											
30	84	0.0773	5	2	1	1	0	0	0	0	0	Y	N	N	N	N	N	N	N	N	N	N	N	8.6321	0.0000	23.7254	0.0000	0.0000	0.0000	7.0303	24.0995	4.8364	0.0000	32.3789	0.0000	0.0000	0.0000	5.2671	0.0000	33.0581	0.5603	0.0101	1.3647	0.0813	0.0223	1.1756	0.7492	0.0000	1.3717	inf	92.6785	0.4512	0.0811	5.9956	6.9552	15.0927	13.1226	0.9986	0.0000	0.9986	0.0000	0.0000	0.0000	0.9986	0.0000	0.9986	0.2165	0.0023	0.2142	0.0089	0.0023	0.0066	0.2076	0.0000	0.2076	0.2065	0.1756	0.0308	0.0169	0.0162	0.0006	0.1896	0.1594	0.0302	0.3863	0.2294	0.1569	0.1093	0.1037	0.0056	0.2771	0.1257	0.1513	8.6321	0.0000	23.7254	0.0000	0.0000	0.0000	7.0303	0.0000	24.0995	0.5603	0.0101	1.3647	0.0813	0.0223	1.1756	0.7492	0.0000	1.3717	
30	85	0.0742	4	1	1	1	0	0	0	0	0	N	N	N	N	N	N	N	N	N	N	N	N	0.0169	0.0011	0.0500	0.0121	0.0124	0.0000	0.0169	0.0000	0.0599	0.1025	0.0024	0.7599	0.0072	0.0076	0.0000	0.1419	0.0000	0.8584	6.0774	2.1828	15.1975	0.5928	0.6084	0.1485	8.4167	3.7238	14.3325	47.7340	3.7687	0.0006	0.1570	5.9956	0.3374	15.0927	6.1146	0.0015	0.0000	0.0014	0.0000	0.0000	0.0000	0.0014	0.0000	0.0014	0.8942	0.1875	0.7067	0.0261	0.0259	0.0002	0.8681	0.1617	0.7064	0.0142	0.0124	0.0019	0.0042	0.0040	0.0002	0.0101	0.0084	0.0017	0.1471	0.0859	0.0612	0.0440	0.0425	0.0015	0.1031	0.0434	0.0597	0.0169	0.0011	0.0658	0.0121	0.0124	0.0000	0.0169	0.0000	0.0726	6.0774	2.1828	11.5412	0.5928	0.6084	0.1485	8.4167	3.7238	11.8274
30	86	0.0742	4	1	1	1	0	0	0	0	0	N	N	N	N	N	N	N	N	N	N	N	N	0.0000	0.0000	0.0000	0.0033	0.0032	0.0000	0.0000	0.0000	0.0000	0.0001	0.0001	0.0000	0.0021	0.0022	0.0000	0.0000	0.0000	0.0000	5.8170	5.4589	6.2643	0.6272	0.6792	0.0003	7.0842	7.7736	6.4837	0.0000	0.9187	-0.0000	-0.2718	5.9956	11.0342	15.0927	12.7513	0.0000	0.0000	0.0000	0.0000	0.0000	0.0000	0.0000	0.0000	0.0000	1.9996	1.0421	0.9575	0.0423	0.0423	0.0000	1.9573	0.9998	0.9574	0.3020	0.2558	0.0463	0.0146	0.0138	0.0007	0.2875	0.2419	0.0455	0.3438	0.1909	0.1528	0.0675	0.0623	0.0052	0.2763	0.1286	0.1477	0.0000	0.0000	0.0000	0.0033	0.0032	0.0000	0.0000	0.0000	0.0000	5.8170	5.4589	6.2643	0.6272	0.6792	0.0003	7.0842	7.7736	6.4837
30	87	0.0666	3	1	1	1	0	0	0	0	0	N	N	N	N	N	N	N	N	N	N	N	N	0.0451	0.0787	0.0039	9.4611	8.9657	0.0000	0.0007	0.0000	0.0038	0.0147	0.0170	0.0017	0.3768	0.3970	0.0000	0.0003	0.0000	0.0018	0.3250	0.2166	0.4498	0.0398	0.0443	0.0003	0.3918	0.2972	0.4692	0.0189	1.8016	-0.0009	0.0014	5.9956	3.9739	15.0927	6.2820	0.0016	0.0016	0.0000	0.0016	0.0016	0.0000	0.0000	0.0000	0.0000	0.0495	0.0177	0.0318	0.0012	0.0011	0.0000	0.0483	0.0165	0.0318	0.1105	0.0933	0.0171	0.0042	0.0040	0.0002	0.1062	0.0893	0.0169	0.1522	0.0815	0.0707	0.0289	0.0260	0.0029	0.1233	0.0555	0.0678	0.0451	0.0787	0.0039	9.4611	8.9657	0.0000	0.0007	0.0000	0.0038	0.3250	0.2166	0.4498	0.0398	0.0443	0.0003	0.3918	0.2972	0.4692
30	88	0.0616	2	1	1	1	0	0	0	0	0	N	N	N	N	N	N	N	N	N	N	N	N	793.0205	0.0000	5020.8491	0.0000	0.0000	686.7767	0.0000	4945.9691	10.0294	0.0000	64.3154	0.0000	0.0000	0.0000	10.4211	0.0000	65.1217	0.0126	0.0125	0.0128	0.0037	0.0039	0.0000	0.0152	0.0177	0.0132	inf	0.8270	0.0007	-0.0002	5.9956	0.0056	15.0927	5.7021	0.0016	0.0000	0.0016	0.0000	0.0000	0.0000	0.0016	0.0000	0.0016	0.0012	0.0007	0.0006	0.0001	0.0001	0.0000	0.0012	0.0006	0.0006	0.0002	0.0001	0.0000	0.0000	0.0000	0.0000	0.0002	0.0001	0.0000	0.0980	0.0542	0.0438	0.0215	0.0203	0.0012	0.0765	0.0339	0.0426	793.0205	0.0000	5020.8491	0.0000	0.0000	0.0000	686.7767	0.0000	4945.9691	0.0126	0.0125	0.0128	0.0037	0.0039	0.0000	0.0152	0.0177	0.0132	
30	92	0.1500	6	1	0	1	0	0	0	0	0	N	N	N	N	N	N	N	N	N	N	N	N	0.0003	0.0004	0.0000	0.0010	0.0011	0.0000	0.0000	0.0000	0.0001	0.0001	0.0000	0.0005	0.0005	0.0000	0.0000	0.0000	0.0000	0.3186	0.2630	0.4267	0.4596	0.4530	0.5011	0.2063	0.0000	0.4107	0.0000	0.8353	-0.0000	-0.0443	5.9956	24.8682	15.0927	39.8855	0.0001	0.0001	0.0000	0.0001	0.0001	0.0000	0.0000	0.0000	0.0000	0.2778	0.1514	0.1265	0.1778	0.1514	0.0264	0.1001	0.0000	0.1001	0.7475	0.6477	0.0998	0.1321	0.1246	0.0075	0.6154	0.5231	0.0923	0.8720	0.5757	0.2963	0.3868	0.3342	0.0526	0.4852	0.2415	0.2437	0.0003	0.0004	0.0000	0.0010	0.0011	0.0000	0.0000	0.0000	0.0000	0.3186	0.2630	0.4267	0.4596	0.4530	0.5011	0.2063	0.0000	0.4107	
31	34	0.0587	7	1	1	1	0	0	0	0	0	N	N	N	N	N	N	N	N	N	N	N	N	0.8146	0.4895	405.2598	0.9085	0.8383	0.0000	inf	inf	0.0081	0.0084	0.0056	0.0400	0.0411	0.0000	0.0009	0.0000	0.0058	0.0099	0.0172	0.0000	0.0441	0.0491	0.0003	0.0000	0.0000	0.0000	0.1030	0.0006	-0.0001	-0.0006	1.4218	4.9966	7.0463	15.0870	0.0003	0.0003	0.0000	0.0003	0.0003	0.0000	0.0000	0.0000	0.0000	0.0010	0.0010	0.0000	0.0010	0.0010	0.0000	0.0000	0.0000	0.0000	0.0397	0.0344	0.0054	0.0072	0.0071	0.0002	0.0325	0.0273	0.0052	0.1050	0.0601	0.0448	0.0235	0.0211	0.0024	0.0814	0.0390	0.0424	0.8146	0.4895	405.2598	0.9085	0.8383	0.0000	inf	0.0000	inf	0.0099	0.0172	0.0000	0.0441	0.0491	0.0003	0.0000	0.0000	0.0000	
31	35	0.0312	8	0	2	0	0	0	0	0	0	N	Y	N	N	N	N	N	N	N	N	N	N	0.0000	0.0000	0.0000	0.0000	0.0000	0.0000	0.0000	0.0000	0.0000	0.0000	0.0000	0.0000	0.0000	0.0000	0.0000	0.0000	0.0000	0.0000	0.0000	0.0000	1.4218	1.0000	7.0463	1.0102	0.0000	0.0000	0.0000	0.0000	0.0000	0.0000	0.0000	0.0000	0.0000	0.0000	0.0000	0.0000	0.0000	0.0000	0.0000	0.0000	0.0000	0.0000	0.0076	0.0065	0.0011	0.0009	0.0009	0.0000	0.0067	0.0056	0.0011	0.0109	0.0058	0.0051	0.0015	0.0012	0.0003	0.0094	0.0047	0.0047	0.0000	0.0000	0.0000	0.0000	0.0000	0.0000	0.0000	0.0000	0.0000	0.0000	0.0000	0.0000	0.0000	0.0000	0.0000	0.0000	0.0000	0.0000											
31	36	0.0312	7	0	1	0	0	0	0	0	0	N	N	N	N	N	N	N	N	N	N	N	N	0.0000	0.0000	0.0000	0.0000	0.0000	0.0000	0.0000	0.0000	0.0000	0.0000	0.0000	0.0000	0.0000	0.0000	0.0000	0.0000	0.0000	0.0000	0.0000	0.0000	1.4218	0.0000	7.0463	0.0263	0.0000	0.0000	0.0000	0.0000	0.0000	0.0000	0.0000	0.0000	0.0000	0.0000	0.0000	0.0000	0.0000	0.0000	0.0000	0.0000	0.0000	0.0000	0.0000	0.0000	0.0000	0.0000	0.0000	0.0000	0.0000	0.0000	0.0000	0.0002	0.0001	0.0001	0.0001	0.0001	0.0000	0.0002	0.0001	0.0001	0.0000	0.0000	0.0000	0.0000	0.0000	0.0000	0.0000	0.0000	0.0000	0.0000	0.0000	0.0000	0.0000	0.0000	0.0000	0.0000	0.0000	0.0000											
31	37	0.0917	8	1	2	1	0	0	0	0	0	N	Y	N	N	N	N	N	N	N	N	N	N	0.0000	0.0000	0.0000	0.0000	0.0000	0.0000	0.0000	0.0000	0.0000	0.0000	0.0000	0.0000	0.0000	0.0000	0.0000	0.0000	0.0000	0.0000	0.0000	0.0000	0.0000	0.0000	inf	0.0000	0.0000	1.4218	3.0000	7.0463	5.0002	0.0000	0.0000	0.0000	0.0000	0.0000	0.0000	0.0000	0.0000	0.0000	0.0000	0.0000	0.0000	0.0000	0.0000	0.0000	0.0000	0.0000	0.0000	0.0244	0.0211	0.0033	0.0047	0.0046	0.0001	0.0197	0.0165	0.0032	0.0401	0.0220	0.0180	0.0087	0.0076	0.0011	0.0314	0.0145	0.0169	0.0000	0.0000	0.0000	0.0000	0.0000	0.0000	0.0000	0.0000	0.0000	0.0000	0.0000	0.0000	0.0000	0.0000	0.0000	0.0000	0.0000	0.0000						
31	38	0.0591	10	1	2	0	0	0	0	0	0	N	Y	N	N	N	N	N	N	N	N	N	N	0.0000	0.0000	0.0000	0.0000	0.0000	0.0000	0.0000	0.0000	0.0000	0.0000	0.0000	0.0000	0.0000	0.0000	0.0000	0.0000	0.0000	0.0000	0.0000	0.0000	1.4218	0.0001	7.0463	0.1668	0.0000	0.0000	0.0000	0.0000	0.0000	0.0000	0.0000	0.0000	0.0000	0.0000	0.0000	0.0000	0.0000	0.0000	0.0000	0.0000	0.0000	0.0000	0.0000	0.0000	0.0000	0.0000	0.0000	0.0000	0.0000	0.0000	0.0000	0.0074	0.0056	0.0018	0.0035	0.0034	0.0000	0.0039	0.0022	0.0017	0.0000	0.0000	0.0000	0.0000	0.0000	0.0000	0.0000	0.0000	0.0000	0.0000	0.0000	0.0000	0.0000	0.0000	0.0000	0.0000	0.0000	0.0000											
31	39	0.0227	7	0	1	0	1	0	0	0	0	N	N	N	N	N	N	N	N	N	N	N	N	0.9038	0.0000	189.9559	0.0000	0.0000	0.0000	87.9498	194.8947	0.0036	0.0000	0.0225	0.0000	0.0000	0.0000	0.0050	0.0000	0.0230	0.0040	0.0064	0.0001	0.0191	0.0196	0.0002	0.0001	0.0000	0.0001	inf	0.0116	0.0000	-0.0002	1.4218	1.7673	7.0463	9.0239	0.0001	0.0000	0.0001	0.0000	0.0000	0.0000	0.0001	0.0000	0.0001	0.0003	0.0003	0.0000	0.0003	0.0003	0.0000	0.0000	0.0000	0.0000	0.0209	0.0176	0.0033	0.0057	0.0057	0.0001	0.0152	0.0119	0.0033	0.0802	0.0493	0.0308	0.0165	0.0161	0.0004	0.0636	0.0332	0.0304	0.9038	0.0000	189.9559	0.0000	0.0000	0.0000	87.9498	0.0000	194.8947	0.0040	0.0064	0.0001	0.0191	0.0196	0.0002	0.0001	0.0000	0.0001	
31	40	0.0203	6	0	1	0	1	0	0	0	0	N	N	N	N	N	N	N	N	N	N	N	N	13.4692	0.1145	30.6026	0.0531	0.0513	0.0000	32.2722	0.0000	30.3606	0.2176	0.0015	0.6060	0.0026	0.0026	0.0000	0.3483	0.0000	0.6085	0.0162	0.0132	0.0198	0.0485	0.0504	0.0000	0.0108	0.0010	0.0200	222.5687	1.2029	0.0075	-0.0001	1.4218	3.4690	7.0463	3.7419	0.0168	0.0001	0.0167	0.0001	0.0001	0.0000	0.0167	0.0000	0.0167	0.0007	0.0003	0.0004	0.0003	0.0003	0.0000	0.0004	0.0000	0.0004	0.0770	0.0495	0.0275	0.0291	0.0290	0.0001	0.0479	0.0205	0.0274	0.0455	0.0252	0.0203	0.0065	0.0062	0.0002	0.0390	0.0190	0.0200	13.4692	0.1145	30.6026	0.0531	0.0513	0.0000	32.2722	0.0000	30.3606	0.0162	0.0132	0.0198	0.0485	0.0504	0.0000	0.0108	0.0010	0.0200
31	41	0.0772	12	0	2	1	0	0	0	0	0	N	Y	N	N	N	N	N	N	N	N	N	N	0.0000	0.0000	0.0000	0.0000	0.0000	0.0000	0.0000	0.0000	0.0000	0.0000	0.0000	0.0000	0.0000	0.0000	0.0000	0.0000	0.0000	0.0014	0.0007	0.0026	0.0012	0.0014	0.0000	0.0014	0.0000	0.0029	2.3148	0.0000	0.0000	1.4218	0.9997	7.0463	10.1790	0.0000	0.0000	0.0000	0.0000	0.0000	0.0000	0.0000	0.0000	0.0000	0.0001	0.0000	0.0001	0.0000	0.0000	0.0000	0.0001	0.0000	0.0001	0.0083	0.0072	0.0011	0.0017	0.0017	0.0000	0.0066	0.0055	0.0011	0.0721	0.0454	0.0267	0.0246	0.0215	0.0031	0.0475	0.0239	0.0236	0.0000	0.0000	0.0000	0.0000	0.0000	0.0000	0.0000	0.0000	0.0000	0.0014	0.0007	0.0026	0.0012	0.0014	0.0000	0.0014	0.0000	0.0029		
31	42	0.0761	11	0	2	0	0	0	0	0	0	N	Y	N	N	N	N	N	N	N	N	N	N	0.0000	0.0000	0.0000	0.0000	0.0000	0.0000	0.0000	0.0000	0.0000	0.0000	0.0000	0.0000	0.0000	0.0000	0.0000	0.0000	0.0000	0.0000	0.0341	0.0282	0.0430	0.0457	0.0501	0.0004	0.0273	0.0000	0.0468	1.0122	0.0000	-0.0000	1.4218	0.0007	7.0463	0.9413	0.0000	0.0000	0.0000	0.0000	0.0000	0.0000	0.0000	0.0000	0.0000	0.0003	0.0001	0.0001	0.0001	0.0001	0.0000	0.0001	0.0000	0.0001	0.0000	0.0000	0.0000	0.0000	0.0000	0.0000	0.0000	0.0000	0.0000	0.0080	0.0048	0.0032	0.0030	0.0027	0.0003	0.0050	0.0021	0.0029	0.0000	0.0000	0.0000	0.0000	0.0000	0.0000	0.0000	0.0000	0.0000	0.0341	0.0282	0.0430	0.0457	0.0501	0.0004	0.0273	0.0000	0.0468	
31	43	0.0587	7	1	1	1	0	0	0	0	0	N	N	N	N	N	N	N	N	N	N	N	N	0.0000	0.0000	0.0000	0.0000	0.0000	0.0000	0.0000	0.0000	0.0000	0.0000	0.0000	0.0000	0.0000	0.0000	0.0000	0.0000	0.0000	0.0001	0.0000	0.0000	0.0001	0.0000	0.0000	0.0001	inf	0.0000	0.0000	1.4218	1.9995	7.0463	12.0029	0.0000	0.0000	0.0000	0.0000	0.0000	0.0000	0.0000	0.0000	0.0000	0.0000	0.0000	0.0000	0.0000	0.0000	0.0000	0.0000	0.0000	0.0000	0.0161	0.0139	0.0022	0.0029	0.0029	0.0001	0.0132	0.0111	0.0021	0.0765	0.0440	0.0325	0.0178	0.0161	0.0017	0.0587	0.0279	0.0308	0.0000	0.0000	0.0000	0.0000	0.0000	0.0000	0.0000	0.0000	0.0000	0.0000	0.0000	0.0001	0.0000	0.0000	0.0001	0.0000	0.0000	0.0001				
31	44	0.0255	6	1	2	0	0	0	0	0	0	N	Y	N	N	N	N	N	N	N	N	N	N	0.2119	0.1377	0.2426	0.2261	0.0074	0.0086	0.0000	0.0488	0.0498	0.0000	0.0000	0.0000	0.0000	0.0350	0.0626	0.0000	0.2011	0.2205	0.0000	0.0000	0.0000	0.0000	0.0000	0.0000	-0.0003	-0.0041	1.4218	10.0000	7.0463	26.8440	0.0006	0.0006	0.0000	0.0006	0.0006	0.0000	0.0000	0.0000	0.0000	0.0066	0.0066	0.0000	0.0066	0.0066	0.0000	0.0000	0.0000	0.0000	0.0782	0.0673	0.0109	0.0119	0.0116	0.0003	0.0663	0.0557	0.0106	0.1894	0.1060	0.0834	0.0330	0.0301	0.0029	0.1564	0.0759	0.0805	0.2119	0.1377	0.0000	0.2426	0.2261	0.0000	0.0000	0.0000	0.0000	0.0350	0.0626	0.0000	0.2011	0.2205	0.0000	0.0000	0.0000	0.0000					
31	45	0.0761	11	0	2	0	0	0	0	0	0	N	Y	N	N	N	N	N	N	N	N	N	N	0.0000	0.0000	0.0000	0.0000	0.0000	0.0000	0.0000	0.0000	0.0000	0.0000	0.0000	0.0000	0.0000	0.0000	0.0000	0.0000	0.0148	0.0215	0.0057	0.0400	0.0472	0.0000	0.0035	0.0000	0.0064	0.1921	0.0000	-0.0003	1.4218	3.0000	7.0463	5.0456	0.0000	0.0000	0.0000	0.0000	0.0000	0.0000	0.0000	0.0000	0.0000	0.0007	0.0006	0.0001	0.0006	0.0006	0.0000	0.0001	0.0000	0.0001	0.0246	0.0213	0.0033	0.0051	0.0050	0.0001	0.0195	0.0163	0.0032	0.0459	0.0265	0.0194	0.0142	0.0121	0.0022	0.0317	0.0145	0.0172	0.0000	0.0000	0.0000	0.0000	0.0000	0.0000	0.0000	0.0000	0.0000	0.0148	0.0215	0.0057	0.0400	0.0472	0.0000	0.0035	0.0000	0.0064			
31	46	0.0719	10	0	2	0	0	0	0	0	0	N	Y	N	N	N	N	N	N	N	N	N	N	0.0000	0.0000	0.0000	0.0000	0.0000	0.0000	0.0000	0.0000	0.0000	0.0000	0.0000	0.0000	0.0000	0.0000	0.0000	0.0000	0.2295	0.0001	0.5751	0.0001	0.0001	0.0000	0.3434	0.0000	0.6582	6346.2941	0.0000	0.0015	1.4218	2.0000	7.0463	1.0030	0.0000	0.0000	0.0000	0.0000	0.0000	0.0000	0.0000	0.0000	0.0000	0.0039	0.0000	0.0039	0.0000	0.0000	0.0000	0.0039	0.0000	0.0039	0.0160	0.0139	0.0022	0.0030	0.0029	0.0001	0.0131	0.0110	0.0021	0.0171	0.0103	0.0068	0.0057	0.0048	0.0009	0.0114	0.0055	0.0060	0.0000	0.0000	0.0000	0.0000	0.0000	0.0000	0.0000	0.0000	0.0000	0.2295	0.0001	0.5751	0.0001	0.0001	0.0000	0.3434	0.0000	0.6582			
31	47	0.0719	9	0	2	0	0	0	0	0	0	N	Y	N	N	N	N	N	N	N	N	N	N	0.0000	0.0000	0.0000	0.0000	0.0000	0.0000	0.0000	0.0000	0.0000	0.0000	0.0000	0.0000	0.0000	0.0000	0.0000	0.0000	0.0000	0.0000	0.0500	0.0518	0.0466	0.0513	0.0548	0.0002	0.0488	0.0453	0.0513	0.4536	0.0000	-0.0000	1.4218	0.0000	7.0463	0.0582	0.0000	0.0000	0.0000	0.0000	0.0000	0.0000	0.0000	0.0000	0.0000	0.0001	0.0000	0.0000	0.0000	0.0000	0.0000	0.0000	0.0000	0.0000	0.0000	0.0000	0.0000	0.0000	0.0000	0.0000	0.0000	0.0000	0.0000	0.0012	0.0008	0.0004	0.0006	0.0005	0.0000	0.0006	0.0003	0.0004	0.0000	0.0000	0.0000	0.0000	0.0000	0.0000	0.0000	0.0000	0.0000	0.0500	0.0518	0.0466	0.0513	0.0548	0.0002	0.0488	0.0453	0.0513	
31	48	0.0682	8	0	2	0	0	0	0	0	0	N	Y	N	N	N	N	N	N	N	N	N	N	0.0000	0.0000	0.0000	0.0000	0.0000	0.0000	0.0000	0.0000	0.0000	0.0000	0.0000	0.0000	0.0000	0.0000	0.0000	0.0000	0.0000	0.0000	0.0516	0.0749	0.0027	0.1308	0.1438	0.0078	0.0015	0.0010	0.0020	0.0170	-0.0000	-0.0010	1.4218	0.0018	7.0463	3.9096	0.0000	0.0000	0.0000	0.0000	0.0000	0.0000	0.0000	0.0000	0.0000	0.0017	0.0017	0.0000	0.0017	0.0016	0.0000	0.0000	0.0000	0.0000	0.0000	0.0000	0.0000	0.0000	0.0000	0.0000	0.0000	0.0000	0.0000	0.0326	0.0221	0.0105	0.0127	0.0115	0.0012	0.0200	0.0107	0.0093	0.0000	0.0000	0.0000	0.0000	0.0000	0.0000	0.0000	0.0000	0.0000	0.0516	0.0749	0.0027	0.1308	0.1438	0.0078	0.0015	0.0010	0.0020	
31	49	0.0587	7	0	2	0	0	0	0	0	0	N	Y	N	N	N	N	N	N	N	N	N	N	0.0001	0.0002	0.0000	0.0002	0.0004	0.0000	0.0000	0.0000	0.0000	0.0000	0.0000	0.0000	0.0000	0.0000	0.0000	0.0000	0.0000	0.0000	0.0996	0.0372	0.1859	0.2616	0.0943	4.4084	0.0458	0.0000	0.0860	0.0025	3.6191	-0.0000	0.0008	1.4218	2.0031	7.0463	6.0601	0.0000	0.0000	0.0000	0.0000	0.0000	0.0000	0.0000	0.0000	0.0000	0.0048	0.0010	0.0037	0.0031	0.0010	0.0021	0.0016	0.0000	0.0016	0.0161	0.0139	0.0022	0.0030	0.0029	0.0001	0.0132	0.0111	0.0021	0.0478	0.0277	0.0201	0.0119	0.0109	0.0010	0.0359	0.0168	0.0191	0.0001	0.0002	0.0000	0.0002	0.0004	0.0000	0.0000	0.0000	0.0000	0.0996	0.0372	0.1859	0.2616	0.0943	2.0814	0.0458	0.0000	0.0860
31	50	0.0312	7	0	1	1	0	0	0	0	0	N	N	N	N	N	N	N	N	N	N	N	N	inf	inf	inf	inf	0.0005	0.0000	0.0045	0.0000	0.0000	0.0000	0.0008	0.0000	0.0046	0.0000	0.0000	0.0000	0.0000	0.0000	0.0000	0.0000	0.0000	0.0000	inf	0.0000	0.0000	1.4218	0.0004	7.0463	0.9852	0.0000	0.0000	0.0000	0.0000	0.0000	0.0000	0.0000	0.0000	0.0000	0.0000	0.0000	0.0000	0.0000	0.0000	0.0000	0.0000	0.0000	0.0000	0.0000	0.0000	0.0000	0.0000	0.0000	0.0000	0.0000	0.0000	0.0000	0.0055	0.0030	0.0025	0.0006	0.0005	0.0001	0.0049	0.0025	0.0024	inf	0.0000	inf	0.0000	0.0000	0.0000	inf	0.0000	inf	0.0000	0.0000	0.0000	0.0000	0.0000	0.0000	0.0000	0.0000	0.0000						
31	51	0.0203	6	0	1	0	0	0	0	0	0	N	N	N	N	N	N	N	N	N	N	N	N	64.0140	4502.0044	0.0136	2042.3118	1938.5755	0.0103	0.0000	0.0135	1.8660	2.5407	0.0009	6.2579	6.3093	0.0000	0.0003	0.0000	0.0009	0.0292	0.0006	0.0646	0.0031	0.0033	0.0000	0.0321	0.0000	0.0655	0.0001	92.2676	-0.1437	0.0014	1.4218	10.7574	7.0463	12.9024	0.2622	0.2622	0.0000	0.2622	0.2622	0.0000	0.0000	0.0000	0.0000	0.0037	0.0000	0.0037	0.0000	0.0000	0.0000	0.0037	0.0000	0.0037	0.1405	0.1032	0.0373	0.0419	0.0416	0.0003	0.0986	0.0616	0.0370	0.1279	0.0708	0.0571	0.0130	0.0123	0.0008	0.1149	0.0586	0.0563	64.0140	4502.0044	0.0136	2042.3118	1938.5755	0.0000	0.0103	0.0000	0.0135	0.0292	0.0006	0.0646	0.0031	0.0033	0.0000	0.0321	0.0000	0.0655	
31	52	0.0189	5	0	1	0	0	0	0	0	0	N	N	N	N	N	N	N	N	N	N	N	N	12.4078	7.2058	30.1057	3.6932	3.6146	34.0158	29.9193	0.4487	0.3600	0.5944	0.5640	0.5658	0.0000	0.3729	0.0000	0.5964	0.0362	0.0500	0.0197	0.1527	0.1565	0.0000	0.0110	0.0000	0.0199	1.0057	0.3320	-0.0015	-0.0005	1.4218	2.6694	7.0463	2.4027	0.0315	0.0157	0.0158	0.0157	0.0157	0.0000	0.0158	0.0000	0.0158	0.0013	0.0010	0.0003	0.0010	0.0010	0.0000	0.0003	0.0000	0.0003	0.0701	0.0436	0.0265	0.0278	0.0277	0.0001	0.0423	0.0158	0.0264	0.0358	0.0195	0.0164	0.0064	0.0062	0.0002	0.0295	0.0133	0.0162	12.4078	7.2058	30.1057	3.6932	3.6146	0.0000	34.0158	0.0000	29.9193	0.0362	0.0500	0.0197	0.1527	0.1565	0.0000	0.0110	0.0000	0.0199		
31	53	0.0137	4	0	1	0	0	0	0	0	0	N	N	N	N	N	N	N	N	N	N	N	N	44.6081	1.3420	100.6399	0.4251	0.4087	130.6526	99.7661	0.8521	0.0235	2.1171	0.0348	0.0349	0.0000	1.4138	0.0000	2.1204	0.0191	0.0175	0.0210	0.0819	0.0853	0.0000	0.0108	0.0000	0.0213	59.0838	1.0020	0.0988	-0.0002	1.4218	8.6921	7.0463	5.3599	0.2270	0.0038	0.2232	0.0038	0.0038	0.0000	0.2232	0.0000	0.2232	0.0016	0.0008	0.0008	0.0008	0.0008	0.0000	0.0008	0.0000	0.0008	0.2664	0.1610	0.1054	0.1085	0.1084	0.0002	0.1579	0.0526	0.1053	0.0833	0.0454	0.0378	0.0097	0.0093	0.0004	0.0736	0.0361	0.0375	44.6081	1.3420	100.6399	0.4251	0.4087	0.0000	130.6526	0.0000	99.7661	0.0191	0.0175	0.0210	0.0819	0.0853	0.0000	0.0108	0.0000	0.0213		
31	54	0.0134	3	0	1	0	0	0	0	0	0	N	N	N	N	N	N	N	N	N	N	N	N	8.5875	5.6836	17.3395	3.1778	3.1438	23.9806	17.2395	0.6091	0.5733	0.6503	0.6463	0.6465	0.0000	0.5755	0.0000	0.6505	0.0709	0.1009	0.0375	0.2034	0.2056	0.0000	0.0240	0.0000	0.0377	0.9861	0.3330	-0.0067	-0.0008	1.4218	1.8652	7.0463	1.4001	0.1302	0.0656	0.0646	0.0656	0.0656	0.0000	0.0646	0.0000	0.0646	0.0023	0.0017	0.0006	0.0017	0.0017	0.0000	0.0006	0.0000	0.0006	0.2138	0.1144	0.0994	0.1014	0.1014	0.0000	0.1123	0.0130	0.0994	0.0323	0.0170	0.0153	0.0084	0.0084	0.0001	0.0238	0.0087	0.0152	8.5875	5.6836	17.3395	3.1778	3.1438	0.0000	23.9806	0.0000	17.2395	0.0709	0.1009	0.0375	0.2034	0.2056	0.0000	0.0240	0.0000	0.0377		
31	56	0.0587	7	1	2	0	0	0	0	0	0	N	Y	N	N	N	N	N	N	N	N	N	N	0.0000	0.0000	0.0000	0.0000	0.0000	0.0000	0.0000	0.0000	0.0000	0.0000	0.0000	0.0000	0.0000	0.0000	0.0000	0.0000	16.5445	0.7154	106.3807	1.7261	1.8998	0.0000	21.1160	0.0000	102.3273	38.9140	0.0000	0.3686	1.4218	0.0000	7.0463	10.9971	0.0000	0.0000	0.0000	0.0000	0.0000	0.0000	0.0000	0.0000	0.0000	1.0233	0.0256	0.9976	0.0256	0.0256	0.0000	0.9976	0.0000	0.9976	0.0000	0.0000	0.0000	0.0000	0.0000	0.0000	0.0000	0.0000	0.0000	0.0621	0.0358	0.0263	0.0149	0.0135	0.0014	0.0472	0.0223	0.0249	0.0000	0.0000	0.0000	0.0000	0.0000	0.0000	0.0000	0.0000	0.0000	16.4784	0.7154	37.9904	1.7261	1.8998	0.0000	21.1160	0.0000	40.0617			
31	57	0.1140	10	0	1	0	0	0	0	0	0	N	N	N	N	N	N	N	N	N	N	N	N	0.0001	0.0538	0.0000	0.0833	0.0848	0.0009	0.0000	0.0000	0.0000	0.0003	0.0004	0.0000	0.0009	0.0010	0.0000	0.0000	0.0000	0.0000	3.2273	0.0065	9.9536	0.0111	0.0113	0.0090	5.6787	0.0000	13.4548	0.0005	729.8915	-0.0000	0.3616	1.4218	7.8198	7.0463	21.5823	0.0000	0.0000	0.0000	0.0000	0.0000	0.0000	0.0000	0.0000	0.0000	0.9419	0.0013	0.9406	0.0014	0.0013	0.0001	0.9405	0.0000	0.9405	0.1100	0.0965	0.0135	0.0367	0.0352	0.0014	0.0734	0.0613	0.0121	0.2919	0.1974	0.0945	0.1262	0.1135	0.0127	0.1656	0.0838	0.0818	0.0001	0.0538	0.0000	0.0833	0.0848	0.0009	0.0000	0.0000	0.0000	3.2273	0.0065	9.9536	0.0111	0.0113	0.0090	5.6787	0.0000	11.5017
31	58	0.0944	11	1	2	1	0	0	0	0	0	N	Y	N	N	N	N	N	N	N	N	N	N	0.0010	0.0006	0.0000	0.0013	0.0012	0.0000	0.0000	0.0000	0.0000	0.0000	0.0000	0.0000	0.0002	0.0002	0.0000	0.0000	0.0000	0.0000	0.0338	0.0581	0.0000	0.1301	0.1492	0.0000	0.0000	0.0000	0.0000	0.0000	0.0000	-0.0000	-0.0014	1.4218	2.0055	7.0463	11.8091	0.0000	0.0000	0.0000	0.0000	0.0000	0.0000	0.0000	0.0000	0.0000	0.0023	0.0023	0.0000	0.0023	0.0023	0.0000	0.0000	0.0000	0.0000	0.0162	0.0140	0.0022	0.0031	0.0030	0.0001	0.0131	0.0110	0.0021	0.0689	0.0400	0.0288	0.0179	0.0156	0.0023	0.0510	0.0244	0.0266	0.0010	0.0006	0.0000	0.0013	0.0012	0.0000	0.0000	0.0000	0.0000	0.0338	0.0581	0.0000	0.1301	0.1492	0.0000	0.0000	0.0000	0.0000
31	59	0.0890	10	1	1	1	0	0	0	0	0	N	N	N	N	N	N	N	N	N	N	N	N	1.3736	8.6833	0.0000	19.4380	17.7416	0.0000	0.0000	0.0000	0.0000	0.0112	0.0129	0.0000	0.0589	0.0606	0.0000	0.0000	0.0000	0.0000	0.0081	0.0015	0.0187	0.0030	0.0034	0.0001	0.0103	0.0000	0.0206	0.0000	7.9053	-0.0001	0.0001	1.4218	1.9951	7.0463	2.5667	0.0002	0.0002	0.0000	0.0002	0.0002	0.0000	0.0000	0.0000	0.0000	0.0002	0.0000	0.0002	0.0000	0.0000	0.0000	0.0002	0.0000	0.0002	0.0161	0.0139	0.0022	0.0030	0.0030	0.0001	0.0130	0.0109	0.0021	0.0263	0.0161	0.0102	0.0080	0.0070	0.0009	0.0183	0.0091	0.0092	1.3736	8.6833	0.0000	19.4380	17.7416	0.0000	0.0000	0.0000	0.0000	0.0081	0.0015	0.0187	0.0030	0.0034	0.0001	0.0103	0.0000	0.0206
31	60	0.0823	9	1	1	1	0	0	0	0	0	N	N	N	N	N	N	N	N	N	N	N	N	4.9660	4.5990	1.9069	6.8502	6.2677	0.0000	1.2139	0.0000	2.0762	0.0020	0.0024	0.0001	0.0057	0.0058	0.0000	0.0000	0.0000	0.0001	0.0004	0.0005	0.0000	0.0008	0.0009	0.0001	0.0000	0.0000	0.0000	0.0069	0.0269	-0.0000	-0.0000	1.4218	0.0108	7.0463	3.6229	0.0000	0.0000	0.0000	0.0000	0.0000	0.0000	0.0000	0.0000	0.0000	0.0000	0.0000	0.0000	0.0000	0.0000	0.0000	0.0000	0.0000	0.0000	0.0001	0.0001	0.0000	0.0000	0.0000	0.0000	0.0001	0.0001	0.0000	0.0359	0.0272	0.0086	0.0169	0.0152	0.0017	0.0190	0.0120	0.0070	4.9660	4.5990	1.9069	6.8502	6.2677	0.0000	1.2139	0.0000	2.0762	0.0004	0.0005	0.0000	0.0008	0.0009	0.0001	0.0000	0.0000	0.0000
31	61	0.0343	8	0	2	0	0	0	0	0	0	N	Y	N	N	N	N	N	N	N	N	N	N	0.0000	0.0000	0.0000	0.0000	0.0000	0.0000	0.0000	0.0000	0.0000	0.0000	0.0000	0.0000	0.0000	0.0000	0.0000	0.0000	0.0000	0.3711	0.5876	0.0007	0.0579	0.0611	0.0000	0.5184	1.0753	0.0007	0.0007	0.0000	-0.0233	1.4218	4.0917	7.0463	8.0988	0.0000	0.0000	0.0000	0.0000	0.0000	0.0000	0.0000	0.0000	0.0000	0.0379	0.0379	0.0000	0.0019	0.0019	0.0000	0.0360	0.0360	0.0000	0.0373	0.0322	0.0051	0.0073	0.0072	0.0001	0.0300	0.0250	0.0050	0.1022	0.0645	0.0377	0.0327	0.0310	0.0017	0.0695	0.0335	0.0360	0.0000	0.0000	0.0000	0.0000	0.0000	0.0000	0.0000	0.0000	0.0000	0.3711	0.5876	0.0007	0.0579	0.0611	0.0000	0.5184	1.0753	0.0007		
31	62	0.0305	7	0	2	0	0	0	0	0	0	N	Y	N	N	N	N	N	N	N	N	N	N	0.0009	0.0000	0.7691	0.0003	0.0003	0.0000	0.0009	0.0000	1.2077	0.0100	0.0005	0.0682	0.0022	0.0022	0.0000	0.0114	0.0001	0.0698	11.4567	18.7280	0.0886	6.7389	7.6202	0.4381	12.3857	27.0836	0.0578	24.4828	0.0035	0.0001	-0.3495	1.4218	2.1165	7.0463	5.0852	0.0002	0.0000	0.0002	0.0000	0.0000	0.0000	0.0002	0.0000	0.0002	0.5718	0.5698	0.0020	0.1003	0.0995	0.0008	0.4715	0.4703	0.0012	0.0170	0.0146	0.0024	0.0026	0.0025	0.0001	0.0144	0.0121	0.0023	0.0530	0.0304	0.0225	0.0149	0.0131	0.0018	0.0381	0.0174	0.0207	0.0009	0.0000	0.7691	0.0003	0.0003	0.0000	0.0009	0.0000	1.2077	10.7981	18.7280	0.0886	6.7389	7.6202	0.4381	12.3857	27.0836	0.0578
31	63	0.0823	9	1	1	1	0	0	0	0	0	N	N	N	N	N	N	N	N	N	N	N	N	0.0004	0.0000	0.0424	0.0000	0.0000	0.0000	0.0164	0.0000	0.0566	0.0000	0.0000	0.0000	0.0000	0.0000	0.0000	0.0000	0.0000	0.0000	0.0001	0.0002	0.0000	0.0004	0.0004	0.0000	0.0000	0.0000	0.0000	inf	0.0270	0.0000	-0.0000	1.4218	3.9990	7.0463	8.8702	0.0000	0.0000	0.0000	0.0000	0.0000	0.0000	0.0000	0.0000	0.0000	0.0000	0.0000	0.0000	0.0000	0.0000	0.0000	0.0000	0.0000	0.0000	0.0303	0.0262	0.0041	0.0045	0.0043	0.0002	0.0259	0.0219	0.0040	0.0823	0.0533	0.0291	0.0281	0.0248	0.0033	0.0542	0.0285	0.0257	0.0004	0.0000	0.0424	0.0000	0.0000	0.0000	0.0164	0.0000	0.0566	0.0001	0.0002	0.0000	0.0004	0.0004	0.0000	0.0000	0.0000	0.0000
31	64	0.0621	8	1	1	1	0	0	0	0	0	N	N	N	N	N	N	N	N	N	N	N	N	0.0002	0.0001	0.0000	0.0003	0.0002	0.0000	0.0000	0.0000	0.0000	0.0000	0.0000	0.0000	0.0000	0.0000	0.0000	0.0000	0.0000	0.0000	0.0021	0.0033	0.0001	0.0067	0.0072	0.0002	0.0003	0.0004	0.0001	0.0000	0.0155	-0.0000	-0.0001	1.4218	3.9972	7.0463	6.8232	0.0000	0.0000	0.0000	0.0000	0.0000	0.0000	0.0000	0.0000	0.0000	0.0002	0.0001	0.0000	0.0001	0.0001	0.0000	0.0000	0.0000	0.0000	0.0333	0.0289	0.0044	0.0065	0.0064	0.0002	0.0268	0.0225	0.0042	0.0718	0.0442	0.0276	0.0204	0.0189	0.0015	0.0514	0.0253	0.0261	0.0002	0.0001	0.0000	0.0003	0.0002	0.0000	0.0000	0.0000	0.0000	0.0021	0.0033	0.0001	0.0067	0.0072	0.0002	0.0003	0.0004	0.0001
31	65	0.0381	8	0	2	0	0	0	0	0	0	N	Y	N	N	N	N	N	N	N	N	N	N	0.0000	0.0000	0.0000	0.0028	0.0000	183.7871	0.0000	0.0000	0.0000	0.0001	0.0000	0.0004	0.0002	0.0000	0.0055	0.0000	0.0000	0.0002	3.3131	0.0284	8.7232	0.0669	0.0725	0.0000	4.4765	0.0000	9.2200	367.5579	186.6254	0.0000	0.3825	1.4218	15.6632	7.0463	35.0639	0.0000	0.0000	0.0000	0.0000	0.0000	0.0000	0.0000	0.0000	0.0000	1.0068	0.0054	1.0014	0.0054	0.0054	0.0000	1.0014	0.0000	1.0014	0.1244	0.1074	0.0170	0.0224	0.0216	0.0008	0.1021	0.0858	0.0163	0.3039	0.1891	0.1148	0.0802	0.0740	0.0062	0.2237	0.1151	0.1086	0.0000	0.0000	0.0000	0.0028	0.0000	183.7871	0.0000	0.0000	0.0000	3.3131	0.0284	8.7232	0.0669	0.0725	0.0000	4.4765	0.0000	9.2200
31	66	0.0381	8	0	1	1	0	0	0	0	0	N	N	N	N	N	N	N	N	N	N	N	N	0.0000	0.0000	0.0000	0.0000	0.0000	0.0000	0.0000	0.0000	0.0000	0.0000	0.0000	0.0000	0.0000	0.0000	0.0000	0.0000	0.0000	0.0100	0.0145	0.0000	0.0279	0.0293	0.0000	0.0000	0.0000	0.0000	0.0000	0.0000	-0.0010	1.4218	4.9998	7.0463	10.1184	0.0000	0.0000	0.0000	0.0000	0.0000	0.0000	0.0000	0.0000	0.0000	0.0016	0.0016	0.0000	0.0016	0.0016	0.0000	0.0000	0.0000	0.0000	0.0444	0.0384	0.0060	0.0105	0.0099	0.0005	0.0339	0.0284	0.0055	0.1578	0.1090	0.0488	0.0567	0.0540	0.0027	0.1012	0.0551	0.0461	0.0000	0.0000	0.0000	0.0000	0.0000	0.0000	0.0000	0.0000	0.0000	0.0100	0.0145	0.0000	0.0279	0.0293	0.0000	0.0000	0.0000	0.0000		
31	67	0.0273	6	0	2	0	0	0	0	0	0	N	Y	N	N	N	N	N	N	N	N	N	N	0.0154	49.4672	0.0003	68.6070	65.6910	0.0001	0.0000	0.0003	0.0089	0.0102	0.0004	0.0469	0.0487	0.0000	0.0001	0.0000	0.0004	0.5801	0.0002	1.4046	0.0007	0.0007	0.0000	0.7041	0.0000	1.4535	0.0055	4793.7027	-0.0004	0.0374	1.4218	10.9928	7.0463	18.5513	0.0008	0.0008	0.0000	0.0008	0.0008	0.0000	0.0000	0.0000	0.0000	0.0971	0.0000	0.0970	0.0000	0.0000	0.0000	0.0970	0.0000	0.0970	0.0854	0.0743	0.0112	0.0161	0.0155	0.0006	0.0693	0.0587	0.0106	0.1673	0.0982	0.0691	0.0295	0.0272	0.0023	0.1378	0.0711	0.0668	0.0154	49.4672	0.0003	68.6070	65.6910	0.0000	0.0001	0.0000	0.0003	0.5801	0.0002	1.4046	0.0007	0.0007	0.0000	0.7041	0.0000	1.4535	
31	68	0.0273	5	0	1	0	0	0	0	0	0	N	N	N	N	N	N	N	N	N	N	N	N	0.0014	0.0013	0.0035	0.0020	0.0020	10.8220	0.0010	0.0000	0.0035	0.0073	0.0047	0.0312	0.0116	0.0115	0.0225	0.0047	0.0000	0.0315	5.0755	3.5589	8.8370	5.8462	5.8872	0.0021	4.4849	0.0000	8.9309	0.7055	1.0011	-0.0000	-0.0200	1.4218	0.0861	7.0463	1.0715	0.0000	0.0000	0.0000	0.0000	0.0000	0.0000	0.0000	0.0000	0.0000	0.1751	0.0875	0.0876	0.0875	0.0875	0.0000	0.0876	0.0000	0.0876	0.0017	0.0015	0.0002	0.0006	0.0006	0.0000	0.0011	0.0009	0.0002	0.0345	0.0246	0.0099	0.0150	0.0149	0.0001	0.0195	0.0097	0.0098	0.0014	0.0013	0.0035	0.0020	0.0020	10.8220	0.0010	0.0000	0.0035	5.0755	3.5589	8.8370	5.8462	5.8872	0.0021	4.4849	0.0000	8.9309
31	69	0.0917	9	1	1	1	0	0	0	0	0	N	N	N	N	N	N	N	N	N	N	N	N	0.0000	0.0000	0.0000	0.0000	0.0000	0.0000	0.0000	0.0000	0.0000	0.0000	0.0000	0.0000	0.0000	0.0000	0.0000	0.0000	0.0000	0.0000	0.0000	0.0000	0.0000	0.0000	inf	0.0000	0.0000	1.4218	1.0000	7.0463	3.0001	0.0000	0.0000	0.0000	0.0000	0.0000	0.0000	0.0000	0.0000	0.0000	0.0000	0.0000	0.0000	0.0000	0.0000	0.0000	0.0000	0.0000	0.0000	0.0082	0.0071	0.0011	0.0016	0.0015	0.0000	0.0066	0.0055	0.0011	0.0203	0.0112	0.0091	0.0044	0.0038	0.0006	0.0159	0.0073	0.0086	0.0000	0.0000	0.0000	0.0000	0.0000	0.0000	0.0000	0.0000	0.0000	0.0000	0.0000	0.0000	0.0000	0.0000	0.0000	0.0000	0.0000	0.0000						
31	70	0.0917	8	1	1	1	0	0	0	0	0	N	N	N	N	N	N	N	N	N	N	N	N	0.0000	0.0000	0.0000	0.0000	0.0000	0.0000	0.0000	0.0000	0.0000	0.0000	0.0000	0.0000	0.0000	0.0000	0.0000	0.0000	0.0402	0.0352	0.0468	0.0470	0.0478	0.0000	0.0351	0.0000	0.0476	1.0000	0.0000	-0.0000	1.4218	0.0000	7.0463	0.0009	0.0000	0.0000	0.0000	0.0000	0.0000	0.0000	0.0000	0.0000	0.0000	0.0000	0.0000	0.0000	0.0000	0.0000	0.0000	0.0000	0.0000	0.0000	0.0000	0.0000	0.0000	0.0000	0.0000	0.0000	0.0000	0.0000	0.0000	0.0000	0.0000	0.0000	0.0000	0.0000	0.0000	0.0000	0.0000	0.0000	0.0000	0.0000	0.0000	0.0000	0.0000	0.0000	0.0000	0.0000	0.0000	0.0402	0.0352	0.0468	0.0470	0.0478	0.0000	0.0351	0.0000	0.0476			
31	71	0.0587	7	1	1	1	0	0	0	0	0	N	N	N	N	N	N	N	N	N	N	N	N	0.0030	0.0095	0.0000	0.0000	0.0028	0.0093	0.0004	0.0000	0.0028	0.0000	0.0000	0.0000	0.0005	0.0000	0.0029	0.1282	0.0000	0.2997	0.0000	0.0000	0.0003	0.1648	0.0000	0.3168	inf	inf	0.0000	0.0058	1.4218	9.9966	7.0463	12.9129	0.0000	0.0000	0.0000	0.0000	0.0000	0.0000	0.0000	0.0000	0.0000	0.0151	0.0000	0.0151	0.0000	0.0000	0.0000	0.0151	0.0000	0.0151	0.0781	0.0676	0.0105	0.0142	0.0139	0.0004	0.0639	0.0537	0.0101	0.1179	0.0674	0.0504	0.0261	0.0234	0.0027	0.0917	0.0440	0.0477	0.0030	0.0000	0.0095	0.0000	0.0000	0.0000	0.0028	0.0000	0.0093	0.1282	0.0000	0.2997	0.0000	0.0000	0.0003	0.1648	0.0000	0.3168			
31	72	0.0255	6	0	2	0	1	0	0	0	0	N	Y	N	N	N	N	N	N	N	N	N	N	0.0000	0.0000	0.0000	0.0000	0.0000	0.0000	0.0000	0.0000	0.0000	0.0000	0.0000	0.0000	0.0000	0.0000	0.0000	0.0000	0.0458	0.0820	0.0002	0.2735	0.3017	0.0000	0.0001	0.0000	0.0002	0.0017	0.0000	-0.0071	1.4218	13.0000	7.0463	39.1663	0.0000	0.0000	0.0000	0.0000	0.0000	0.0000	0.0000	0.0000	0.0000	0.0116	0.0116	0.0000	0.0116	0.0116	0.0000	0.0000	0.0000	0.0000	0.1006	0.0867	0.0140	0.0153	0.0150	0.0003	0.0853	0.0717	0.0137	0.2530	0.1411	0.1119	0.0423	0.0384	0.0040	0.2107	0.1028	0.1079	0.0000	0.0000	0.0000	0.0000	0.0000	0.0000	0.0000	0.0000	0.0000	0.0458	0.0820	0.0002	0.2735	0.3017	0.0000	0.0001	0.0000	0.0002			
31	73	0.0230	5	0	2	0	0	0	0	0	0	N	Y	N	N	N	N	N	N	N	N	N	N	0.9933	0.7178	1057.6840	1.3990	1.3460	0.0000	0.3572	0.0000	inf	0.0118	0.0138	0.0004	0.0731	0.0746	0.0000	0.0001	0.0000	0.0004	0.0119	0.0193	0.0000	0.0523	0.0554	0.0000	0.0002	0.0004	0.0000	0.0048	0.0000	-0.0002	-0.0010	1.4218	3.0003	7.0463	18.1082	0.0003	0.0003	0.0000	0.0003	0.0003	0.0000	0.0000	0.0000	0.0000	0.0016	0.0016	0.0000	0.0016	0.0016	0.0000	0.0000	0.0000	0.0000	0.0247	0.0210	0.0037	0.0040	0.0039	0.0001	0.0207	0.0171	0.0036	0.1379	0.0851	0.0527	0.0310	0.0292	0.0018	0.1069	0.0559	0.0510	0.9933	0.7178	1057.6840	1.3990	1.3460	0.0000	0.3572	0.0000	inf	0.0119	0.0193	0.0000	0.0523	0.0554	0.0000	0.0002	0.0004	0.0000
31	74	0.0621	8	0	2	0	0	0	0	0	0	N	Y	N	N	N	N	N	N	N	N	N	N	0.0000	0.0000	0.0000	0.0000	0.0000	0.0000	0.0000	0.0000	0.0000	0.0000	0.0000	0.0000	0.0000	0.0000	0.0000	0.0000	0.0000	0.0000	0.0871	0.1473	0.0000	0.0677	0.0748	0.0000	0.0935	0.1910	0.0000	0.0000	0.0001	-0.0000	-0.0074	1.4218	7.0046	7.0463	18.1036	0.0000	0.0000	0.0000	0.0000	0.0000	0.0000	0.0000	0.0000	0.0000	0.0120	0.0120	0.0000	0.0023	0.0023	0.0000	0.0097	0.0097	0.0000	0.0567	0.0491	0.0075	0.0108	0.0105	0.0003	0.0459	0.0386	0.0073	0.1378	0.0815	0.0563	0.0340	0.0307	0.0033	0.1038	0.0508	0.0530	0.0000	0.0000	0.0000	0.0000	0.0000	0.0000	0.0000	0.0000	0.0000	0.0871	0.1473	0.0000	0.0677	0.0748	0.0000	0.0935	0.1910	0.0000
31	75	0.0587	7	0	1	0	0	0	0	0	0	N	N	N	N	N	N	N	N	N	N	N	N	0.0344	0.0272	0.0010	0.0616	0.0593	0.0000	0.0003	0.0000	0.0010	0.0035	0.0040	0.0000	0.0180	0.0184	0.0000	0.0000	0.0000	0.0000	0.1007	0.1470	0.0337	0.2915	0.3103	0.0014	0.0228	0.0078	0.0351	0.0014	0.1583	-0.0000	-0.0012	1.4218	0.2435	7.0463	3.2922	0.0000	0.0000	0.0000	0.0000	0.0000	0.0000	0.0000	0.0000	0.0000	0.0025	0.0022	0.0003	0.0021	0.0021	0.0000	0.0004	0.0001	0.0003	0.0020	0.0018	0.0003	0.0004	0.0004	0.0000	0.0016	0.0014	0.0003	0.0252	0.0149	0.0103	0.0073	0.0069	0.0004	0.0179	0.0081	0.0099	0.0344	0.0272	0.0010	0.0616	0.0593	0.0000	0.0003	0.0000	0.0010	0.1007	0.1470	0.0337	0.2915	0.3103	0.0014	0.0228	0.0078	0.0351
31	76	0.0255	6	0	1	0	0	0	0	0	0	N	N	N	N	N	N	N	N	N	N	N	N	0.0785	0.0572	0.0009	0.1044	0.0983	0.0000	0.0003	0.0010	0.0052	0.0061	0.0000	0.0345	0.0353	0.0000	0.0000	0.0000	0.0000	0.0668	0.1065	0.0160	0.3306	0.3589	0.0138	0.0083	0.0000	0.0161	0.0004	0.1176	-0.0002	-0.0050	1.4218	7.0044	7.0463	20.1113	0.0003	0.0003	0.0000	0.0003	0.0003	0.0000	0.0000	0.0000	0.0000	0.0098	0.0087	0.0010	0.0088	0.0087	0.0000	0.0010	0.0000	0.0010	0.0553	0.0476	0.0077	0.0084	0.0082	0.0002	0.0469	0.0394	0.0076	0.1461	0.0820	0.0641	0.0265	0.0243	0.0022	0.1196	0.0577	0.0619	0.0785	0.0572	0.0009	0.1044	0.0983	0.0000	0.0003	0.0000	0.0010	0.0668	0.1065	0.0160	0.3306	0.3589	0.0138	0.0083	0.0000	0.0161	
31	77	0.0278	6	0	2	0	0	0	0	0	0	N	Y	N	N	N	N	N	N	N	N	N	N	2457.9649	2335.1546	9.5382	7868.3683	7304.4819	50.1630	62.6425	9.2406	0.0064	0.0075	0.0000	0.0472	0.0484	0.0000	0.0001	0.0001	0.0000	0.0000	0.0000	0.0000	0.0000	0.0000	0.0000	0.0000	0.0000	0.0000	0.0004	0.3418	-0.0002	-0.0000	1.4218	8.6571	7.0463	16.0761	0.0004	0.0004	0.0000	0.0004	0.0004	0.0000	0.0000	0.0000	0.0000	0.0000	0.0000	0.0000	0.0000	0.0000	0.0000	0.0000	0.0000	0.0000	0.0673	0.0575	0.0098	0.0090	0.0088	0.0002	0.0583	0.0487	0.0096	0.1461	0.0884	0.0577	0.0321	0.0291	0.0030	0.1140	0.0593	0.0547	2457.9649	2335.1546	9.5382	7868.3683	7304.4819	0.0000	50.1630	62.6425	9.2406	0.0000	0.0000	0.0000	0.0000	0.0000	0.0000	0.0000	0.0000	0.0000	
31	78	0.0273	5	0	2	0	0	0	0	0	0	N	Y	N	N	N	N	N	N	N	N	N	N	99.8015	105.4780	97.9520	180.4346	237.7518	0.0000	36.3044	0.0000	185.2407	0.0016	0.0016	0.0019	0.0053	0.0054	0.0000	0.0003	0.0000	0.0020	0.0000	0.0000	0.0000	0.0000	0.0000	0.0005	0.0000	0.0000	0.0000	0.1533	0.5613	-0.0000	-0.0000	1.4218	0.3645	7.0463	1.9845	0.0000	0.0000	0.0000	0.0000	0.0000	0.0000	0.0000	0.0000	0.0000	0.0000	0.0000	0.0000	0.0000	0.0000	0.0000	0.0000	0.0000	0.0000	0.0039	0.0034	0.0005	0.0010	0.0010	0.0000	0.0029	0.0024	0.0004	0.0405	0.0279	0.0126	0.0156	0.0154	0.0002	0.0249	0.0125	0.0124	99.8015	105.4780	97.9520	180.4346	237.7518	0.0000	36.3044	0.0000	185.2407	0.0000	0.0000	0.0000	0.0000	0.0000	0.0005	0.0000	0.0000	0.0000
31	79	0.0179	4	0	1	0	0	0	0	0	0	N	N	N	N	N	N	N	N	N	N	N	N	0.0036	0.9431	0.0007	1.0180	0.9910	inf	0.0006	0.0000	0.0007	0.0294	0.0296	0.0279	0.1205	0.1222	0.0000	0.0058	0.0000	0.0284	8.2005	0.0314	37.3971	0.1183	0.1233	0.0000	9.7424	0.0000	38.5258	0.1844	431.5709	-0.0003	0.3403	1.4218	2.9108	7.0463	14.2456	0.0008	0.0007	0.0001	0.0007	0.0007	0.0000	0.0001	0.0000	0.0001	0.8887	0.0021	0.8867	0.0021	0.0021	0.0000	0.8867	0.0000	0.8867	0.0275	0.0230	0.0045	0.0057	0.0056	0.0001	0.0219	0.0174	0.0044	0.1084	0.0654	0.0430	0.0174	0.0167	0.0007	0.0910	0.0487	0.0423	0.0036	0.9431	0.0014	1.0180	0.9910	inf	0.0006	0.0000	0.0014	8.2005	0.0314	20.6238	0.1183	0.1233	0.0000	9.7424	0.0000	20.9672
31	82	0.0412	9	0	2	0	0	0	0	0	0	N	Y	N	N	N	N	N	N	N	N	N	N	2.8210	0.0000	8315.4486	0.2160	0.0000	1.2264	2.5933	0.0000	8847.9546	14.9737	0.0000	107.0931	0.0005	0.0000	0.0092	18.8094	0.0000	116.4971	5.3079	8.7891	0.0129	0.0024	0.0019	0.0075	7.2530	14.9279	0.0132	inf	0.0010	0.4510	-0.6080	1.4218	7.9116	7.0463	21.1247	0.9981	0.0000	0.9981	0.0000	0.0000	0.0000	0.9981	0.0000	0.9981	0.9906	0.9896	0.0010	0.0001	0.0001	0.0000	0.9905	0.9896	0.0009	0.0667	0.0573	0.0093	0.0136	0.0128	0.0008	0.0531	0.0445	0.0086	0.1866	0.1126	0.0740	0.0501	0.0463	0.0038	0.1366	0.0663	0.0703	2.8210	0.0000	8315.4486	0.2160	0.0000	1.2264	2.5933	0.0000	8847.9546	5.3079	8.7891	0.0129	0.0024	0.0019	0.0075	7.2530	14.9279	0.0132
31	83	0.0591	10	1	2	0	0	0	0	0	0	N	Y	N	N	N	N	N	N	N	N	N	N	0.0000	0.0000	0.0000	0.0000	0.0000	0.0000	0.0000	0.0000	0.0000	0.0000	0.0000	0.0000	0.0000	0.0000	0.0000	0.0000	0.0000	0.0000	0.0000	0.0000	1.4218	0.0000	7.0463	1.8333	0.0000	0.0000	0.0000	0.0000	0.0000	0.0000	0.0000	0.0000	0.0000	0.0000	0.0000	0.0000	0.0000	0.0000	0.0000	0.0000	0.0000	0.0000	0.0000	0.0000	0.0000	0.0000	0.0000	0.0000	0.0000	0.0000	0.0000	0.0167	0.0110	0.0058	0.0057	0.0054	0.0003	0.0110	0.0055	0.0054	0.0000	0.0000	0.0000	0.0000	0.0000	0.0000	0.0000	0.0000	0.0000	0.0000	0.0000	0.0000	0.0000	0.0000	0.0000	0.0000	0.0000	0.0000											
31	84	0.0412	9	1	2	0	0	0	0	0	0	N	Y	N	N	N	N	N	N	N	N	N	N	0.3773	0.2657	1131.5733	0.5325	0.5187	1632.9150	0.0000	0.0000	0.0000	0.0074	0.0084	0.0008	0.0349	0.0365	0.0094	0.0000	0.0000	0.0000	0.0195	0.0317	0.0000	0.0656	0.0704	0.0000	0.0000	0.0000	0.0000	0.0161	0.0000	-0.0002	-0.0018	1.4218	6.9552	7.0463	13.1226	0.0004	0.0004	0.0000	0.0004	0.0004	0.0000	0.0000	0.0000	0.0000	0.0029	0.0029	0.0000	0.0029	0.0029	0.0000	0.0000	0.0000	0.0000	0.0593	0.0510	0.0083	0.0125	0.0118	0.0007	0.0468	0.0393	0.0076	0.1467	0.0903	0.0564	0.0436	0.0406	0.0030	0.1031	0.0496	0.0534	0.3773	0.2657	1131.5733	0.5325	0.5187	1632.9150	0.0000	0.0000	0.0000	0.0195	0.0317	0.0000	0.0656	0.0704	0.0000	0.0000	0.0000	0.0000
31	85	0.0382	8	0	2	0	0	0	0	0	0	N	Y	N	N	N	N	N	N	N	N	N	N	2.4723	0.1719	9.2365	4.6301	1.6940	2.9343	2.1704	0.0000	9.8560	0.1411	0.0054	0.8979	0.0922	0.0181	0.8475	0.1598	0.0000	0.9076	0.0571	0.0312	0.0972	0.0199	0.0107	0.2888	0.0736	0.0509	0.0921	29.9992	2.0045	0.0002	0.0002	1.4218	0.3374	7.0463	6.1146	0.0005	0.0000	0.0005	0.0001	0.0000	0.0001	0.0004	0.0000	0.0004	0.0033	0.0011	0.0022	0.0004	0.0002	0.0002	0.0030	0.0009	0.0020	0.0037	0.0031	0.0006	0.0010	0.0009	0.0001	0.0027	0.0022	0.0005	0.0583	0.0354	0.0228	0.0179	0.0173	0.0006	0.0403	0.0181	0.0222	2.4723	0.1719	9.2365	4.6301	1.6940	2.9343	2.1704	0.0000	9.8560	0.0571	0.0312	0.0972	0.0199	0.0107	0.2888	0.0736	0.0509	0.0921
31	86	0.0382	8	0	2	0	0	0	0	0	0	N	Y	N	N	N	N	N	N	N	N	N	N	147.7245	1208.6786	0.0000	977.7596	2399.7185	0.0000	0.0000	0.0000	1.5963	1.8549	0.0000	10.0867	10.3589	0.0000	0.0000	0.0000	0.0000	0.0108	0.0015	0.0237	0.0103	0.0043	0.0951	0.0109	0.0000	0.0211	0.0000	11.1167	-0.0761	0.0005	1.4218	11.0342	7.0463	12.7513	0.1387	0.1387	0.0000	0.1387	0.1387	0.0000	0.0000	0.0000	0.0000	0.0015	0.0001	0.0014	0.0003	0.0001	0.0002	0.0012	0.0000	0.0012	0.0869	0.0748	0.0121	0.0138	0.0134	0.0004	0.0732	0.0614	0.0118	0.1419	0.0824	0.0594	0.0314	0.0293	0.0021	0.1105	0.0531	0.0573	147.7245	1208.6786	0.0000	977.7596	2399.7185	0.0000	0.0000	0.0000	0.0000	0.0108	0.0015	0.0237	0.0103	0.0043	0.0951	0.0109	0.0000	0.0211	
31	87	0.0305	7	0	2	0	0	0	0	0	0	N	Y	N	N	N	N	N	N	N	N	N	N	0.0002	0.4022	0.0000	0.0007	1.5390	0.0000	0.0000	0.0000	0.0001	0.0028	0.0028	0.0022	0.0161	0.0164	0.0000	0.0004	0.0000	0.0023	14.1868	0.0071	88.7967	24.3760	0.0107	483.4480	9.5605	0.0047	31.7991	0.1287	3299.0483	-0.0000	0.3512	1.4218	3.9739	7.0463	6.2820	0.0001	0.0001	0.0000	0.0001	0.0001	0.0000	0.0000	0.0000	0.0000	0.9124	0.0003	0.9121	0.4234	0.0002	0.4233	0.4890	0.0001	0.4888	0.0317	0.0273	0.0044	0.0048	0.0047	0.0001	0.0269	0.0226	0.0043	0.0685	0.0391	0.0294	0.0174	0.0153	0.0021	0.0511	0.0238	0.0273	0.0002	0.4022	0.0001	0.0007	1.5390	0.0000	0.0000	0.0000	0.0001	13.3167	0.0071	31.0298	24.3760	0.0107	203.8109	9.5605	0.0047	17.8948
31	88	0.0255	6	0	2	0	0	0	0	0	0	N	Y	N	N	N	N	N	N	N	N	N	N	0.0001	0.0000	0.0022	0.0000	0.0000	0.0000	0.0001	0.0000	0.0022	0.0015	0.0000	0.0104	0.0000	0.0000	0.0000	0.0017	0.0000	0.0106	13.0092	17.3876	4.7070	0.0032	0.0030	0.0071	16.1329	30.0470	4.8361	inf	0.1982	0.0000	-0.2280	1.4218	0.0056	7.0463	5.7021	0.0000	0.0000	0.0000	0.0000	0.0000	0.0000	0.0000	0.0000	0.0000	0.5074	0.4235	0.0839	0.0000	0.0000	0.0000	0.5074	0.4234	0.0839	0.0000	0.0000	0.0000	0.0000	0.0000	0.0000	0.0000	0.0000	0.0000	0.0422	0.0244	0.0178	0.0107	0.0103	0.0005	0.0314	0.0141	0.0174	0.0001	0.0000	0.0022	0.0000	0.0000	0.0000	0.0001	0.0000	0.0022	12.0271	17.3876	4.7070	0.0032	0.0030	0.0071	16.1329	30.0470	4.8361
31	92	0.1140	10	0	1	0	0	0	0	0	0	N	N	N	N	N	N	N	N	N	N	N	N	0.0019	0.0007	0.0055	0.0145	0.0013	0.0587	0.0004	0.0000	0.0014	0.0030	0.0002	0.0219	0.0092	0.0006	0.2184	0.0009	0.0000	0.0060	1.5810	0.2295	4.0246	0.6369	0.4553	3.7230	2.1294	0.0000	4.2996	19.7482	9.6981	0.0003	0.1829	1.4218	24.8682	7.0463	39.8855	0.0007	0.0000	0.0007	0.0005	0.0000	0.0005	0.0002	0.0000	0.0002	0.6267	0.0586	0.5681	0.0928	0.0586	0.0342	0.5340	0.0000	0.5340	0.2358	0.2052	0.0305	0.0580	0.0558	0.0023	0.1777	0.1495	0.0282	0.3964	0.2552	0.1412	0.1456	0.1287	0.0170	0.2508	0.1266	0.1242	0.0019	0.0007	0.0055	0.0145	0.0013	0.1085	0.0004	0.0000	0.0014	1.5810	0.2295	4.0246	0.6369	0.4553	2.0133	2.1294	0.0000	4.2996
32	34	0.0529	6	1	0	1	0	0	0	0	0	N	N	N	N	N	N	N	N	N	N	N	N	0.2036	0.0066	32.2096	0.0047	0.0045	0.0000	9.0352	5.5804	31.9856	0.0684	0.0038	0.4718	0.0059	0.0060	0.0000	0.0808	0.0034	0.4866	0.3360	0.5850	0.0146	1.2350	1.3243	0.0015	0.0089	0.0006	0.0152	19.6250	0.0194	0.0034	-0.0301	4.3312	4.9966	5.5221	15.0870	0.0084	0.0004	0.0080	0.0001	0.0001	0.0000	0.0083	0.0003	0.0080	0.0506	0.0496	0.0010	0.0496	0.0496	0.0000	0.0010	0.0000	0.0010	0.1235	0.1065	0.0170	0.0204	0.0199	0.0005	0.1031	0.0865	0.0165	0.1505	0.0848	0.0657	0.0401	0.0374	0.0027	0.1104	0.0474	0.0630	0.2036	0.0066	32.2096	0.0047	0.0045	0.0000	9.0352	5.5804	31.9856	0.3360	0.5850	0.0146	1.2350	1.3243	0.0015	0.0089	0.0006	0.0152
32	35	0.0254	7	0	1	0	0	0	0	0	0	N	N	N	N	N	N	N	N	N	N	N	N	0.0000	0.0000	0.0000	0.0000	0.0000	0.0000	0.0000	0.0000	0.0000	0.0000	0.0000	0.0000	0.0000	0.0000	0.0000	0.0000	0.0000	0.0000	0.0000	0.0000	4.3312	1.0000	5.5221	1.0102	0.0000	0.0000	0.0000	0.0000	0.0000	0.0000	0.0000	0.0000	0.0000	0.0000	0.0000	0.0000	0.0000	0.0000	0.0000	0.0000	0.0000	0.0000	0.0196	0.0167	0.0028	0.0016	0.0015	0.0001	0.0180	0.0152	0.0028	0.0154	0.0083	0.0070	0.0032	0.0029	0.0003	0.0121	0.0054	0.0067	0.0000	0.0000	0.0000	0.0000	0.0000	0.0000	0.0000	0.0000	0.0000	0.0000	0.0000	0.0000	0.0000	0.0000	0.0000	0.0000	0.0000	0.0000											
32	36	0.0254	6	0	0	0	0	0	0	0	0	N	N	N	N	N	N	N	N	N	N	N	N	0.0000	0.0000	0.0000	0.0000	0.0000	0.0000	0.0000	0.0000	0.0000	0.0000	0.0000	0.0000	0.0000	0.0000	0.0000	0.0000	0.0000	0.0000	0.0000	0.0000	4.3312	0.0000	5.5221	0.0263	0.0000	0.0000	0.0000	0.0000	0.0000	0.0000	0.0000	0.0000	0.0000	0.0000	0.0000	0.0000	0.0000	0.0000	0.0000	0.0000	0.0000	0.0000	0.0000	0.0000	0.0000	0.0000	0.0000	0.0000	0.0000	0.0000	0.0000	0.0003	0.0002	0.0001	0.0001	0.0001	0.0000	0.0002	0.0001	0.0001	0.0000	0.0000	0.0000	0.0000	0.0000	0.0000	0.0000	0.0000	0.0000	0.0000	0.0000	0.0000	0.0000	0.0000	0.0000	0.0000	0.0000	0.0000											
32	37	0.0859	7	1	1	1	0	0	0	0	0	N	N	N	N	N	N	N	N	N	N	N	N	0.0000	0.0000	0.0000	0.0000	0.0000	0.0000	0.0000	0.0000	0.0000	0.0000	0.0000	0.0000	0.0000	0.0000	0.0000	0.0000	0.0004	0.0003	0.0005	0.0007	0.0008	0.0000	0.0003	0.0000	0.0005	1.2007	0.0000	-0.0000	4.3312	3.0000	5.5221	5.0002	0.0000	0.0000	0.0000	0.0000	0.0000	0.0000	0.0000	0.0000	0.0000	0.0000	0.0000	0.0000	0.0000	0.0000	0.0000	0.0000	0.0000	0.0000	0.0761	0.0656	0.0105	0.0132	0.0128	0.0003	0.0630	0.0528	0.0102	0.0562	0.0315	0.0247	0.0148	0.0136	0.0013	0.0414	0.0179	0.0234	0.0000	0.0000	0.0000	0.0000	0.0000	0.0000	0.0000	0.0000	0.0000	0.0004	0.0003	0.0005	0.0007	0.0008	0.0000	0.0003	0.0000	0.0005			
32	38	0.0533	9	1	1	0	0	0	0	0	0	N	N	N	N	N	N	N	N	N	N	N	N	inf	inf	inf	inf	0.0005	0.0005	0.0000	0.0000	0.0000	0.0000	0.0012	0.0014	0.0000	0.0000	0.0000	0.0000	0.0000	0.0000	0.0000	0.0000	0.0000	0.0000	0.0000	-0.0000	-0.0000	4.3312	0.0001	5.5221	0.1668	0.0000	0.0000	0.0000	0.0000	0.0000	0.0000	0.0000	0.0000	0.0000	0.0000	0.0000	0.0000	0.0000	0.0000	0.0000	0.0000	0.0000	0.0000	0.0000	0.0000	0.0000	0.0000	0.0000	0.0000	0.0000	0.0000	0.0000	0.0084	0.0063	0.0021	0.0039	0.0039	0.0000	0.0044	0.0024	0.0020	inf	inf	0.0000	0.0000	0.0000	0.0000	inf	inf	0.0000	0.0000	0.0000	0.0000	0.0000	0.0000	0.0000	0.0000	0.0000	0.0000						
32	39	0.0169	6	0	0	0	1	0	0	0	0	N	N	N	N	N	N	N	N	N	N	N	N	0.0312	0.0113	1.2077	0.0189	0.0189	0.0000	0.4002	1.2284	0.0018	0.0010	0.0063	0.0034	0.0035	0.0000	0.0012	0.0000	0.0065	0.0566	0.0910	0.0052	0.1822	0.1845	0.0006	0.0030	0.0000	0.0053	1.0064	0.0383	-0.0000	-0.0045	4.3312	1.7673	5.5221	9.0239	0.0001	0.0001	0.0001	0.0001	0.0001	0.0000	0.0001	0.0000	0.0001	0.0078	0.0075	0.0003	0.0075	0.0075	0.0000	0.0003	0.0000	0.0003	0.0615	0.0529	0.0087	0.0157	0.0155	0.0002	0.0458	0.0373	0.0085	0.1380	0.0827	0.0553	0.0413	0.0408	0.0005	0.0967	0.0419	0.0548	0.0312	0.0113	1.2077	0.0189	0.0189	0.0000	0.4002	0.0000	1.2284	0.0566	0.0910	0.0052	0.1822	0.1845	0.0006	0.0030	0.0000	0.0053	
32	40	0.0145	5	0	0	0	1	0	0	0	0	N	N	N	N	N	N	N	N	N	N	N	N	0.8637	0.5272	1.8958	0.7251	0.7239	0.0000	1.0533	1.1249	1.9021	0.1734	0.1165	0.3365	0.3037	0.3063	0.0000	0.1215	0.0000	0.3397	0.2007	0.2210	0.1775	0.4189	0.4231	0.0024	0.1154	0.0000	0.1786	1.0061	0.7042	-0.0011	-0.0036	4.3312	3.4690	5.5221	3.7419	0.0242	0.0121	0.0121	0.0121	0.0121	0.0000	0.0121	0.0000	0.0121	0.0176	0.0103	0.0073	0.0103	0.0103	0.0000	0.0073	0.0000	0.0073	0.1396	0.1035	0.0361	0.0397	0.0394	0.0003	0.0999	0.0642	0.0357	0.0878	0.0468	0.0410	0.0247	0.0244	0.0003	0.0631	0.0223	0.0408	0.8637	0.5272	1.8958	0.7251	0.7239	0.0000	1.0533	1.1249	1.9021	0.2007	0.2210	0.1775	0.4189	0.4231	0.0024	0.1154	0.0000	0.1786
32	41	0.0714	11	0	1	1	0	0	0	0	0	N	N	N	N	N	N	N	N	N	N	N	N	0.0000	0.0000	0.0000	0.0000	0.0000	0.0000	0.0000	0.0000	0.0000	0.0000	0.0000	0.0000	0.0000	0.0000	0.0000	0.0000	0.0000	0.0000	0.0165	0.0027	0.0382	0.0046	0.0050	0.0000	0.0235	0.0000	0.0418	8.8038	0.0000	0.0005	4.3312	0.9997	5.5221	10.1790	0.0000	0.0000	0.0000	0.0000	0.0000	0.0000	0.0000	0.0000	0.0000	0.0018	0.0002	0.0016	0.0002	0.0002	0.0000	0.0016	0.0000	0.0016	0.0259	0.0224	0.0036	0.0048	0.0047	0.0001	0.0211	0.0177	0.0034	0.1073	0.0657	0.0416	0.0396	0.0361	0.0035	0.0677	0.0297	0.0380	0.0000	0.0000	0.0000	0.0000	0.0000	0.0000	0.0000	0.0000	0.0000	0.0165	0.0027	0.0382	0.0046	0.0050	0.0000	0.0235	0.0000	0.0418	
32	42	0.0703	10	0	1	0	0	0	0	0	0	N	N	N	N	N	N	N	N	N	N	N	N	0.0000	0.0000	0.0000	0.0000	0.0000	0.0000	0.0000	0.0000	0.0000	0.0000	0.0000	0.0000	0.0000	0.0000	0.0000	0.0000	0.0000	0.0000	0.2301	0.1637	0.3122	0.2105	0.2186	0.0027	0.2448	0.0000	0.3238	1.5418	0.0000	-0.0000	4.3312	0.0007	5.5221	0.9413	0.0000	0.0000	0.0000	0.0000	0.0000	0.0000	0.0000	0.0000	0.0000	0.0042	0.0017	0.0026	0.0017	0.0017	0.0000	0.0026	0.0000	0.0026	0.0000	0.0000	0.0000	0.0000	0.0000	0.0000	0.0000	0.0000	0.0000	0.0183	0.0101	0.0082	0.0079	0.0076	0.0003	0.0104	0.0025	0.0079	0.0000	0.0000	0.0000	0.0000	0.0000	0.0000	0.0000	0.0000	0.0000	0.2301	0.1637	0.3122	0.2105	0.2186	0.0027	0.2448	0.0000	0.3238	
32	43	0.0529	6	1	0	1	0	0	0	0	0	N	N	N	N	N	N	N	N	N	N	N	N	0.0000	0.0000	0.0000	0.0000	0.0000	0.0000	0.0000	0.0000	0.0000	0.0000	0.0000	0.0000	0.0000	0.0000	0.0000	0.0000	0.0000	0.0000	0.0013	0.0000	0.0030	0.0001	0.0001	0.0006	0.0018	0.0000	0.0031	50.4986	0.0000	0.0001	4.3312	1.9995	5.5221	12.0029	0.0000	0.0000	0.0000	0.0000	0.0000	0.0000	0.0000	0.0000	0.0000	0.0001	0.0000	0.0001	0.0000	0.0000	0.0000	0.0001	0.0000	0.0001	0.0502	0.0432	0.0070	0.0084	0.0082	0.0002	0.0418	0.0351	0.0068	0.1094	0.0619	0.0475	0.0299	0.0279	0.0019	0.0795	0.0339	0.0456	0.0000	0.0000	0.0000	0.0000	0.0000	0.0000	0.0000	0.0000	0.0000	0.0013	0.0000	0.0030	0.0001	0.0001	0.0006	0.0018	0.0000	0.0031	
32	44	0.0197	5	1	1	0	0	0	0	0	0	N	N	N	N	N	N	N	N	N	N	N	N	0.0014	0.0001	0.5679	0.0004	0.0004	0.0000	0.1547	0.0000	0.5644	0.0028	0.0005	0.0168	0.0030	0.0031	0.0000	0.0028	0.0000	0.0171	2.0091	3.6481	0.0296	8.2250	8.6174	0.0000	0.0178	0.0003	0.0304	5.8014	0.0067	0.0002	-0.3502	4.3312	10.0000	5.5221	26.8440	0.0007	0.0001	0.0006	0.0001	0.0001	0.0000	0.0006	0.0000	0.0006	0.5759	0.5720	0.0038	0.5720	0.5720	0.0000	0.0039	0.0000	0.0038	0.2429	0.2084	0.0345	0.0328	0.0322	0.0006	0.2101	0.1762	0.0339	0.2866	0.1568	0.1298	0.0695	0.0664	0.0032	0.2171	0.0904	0.1267	0.0014	0.0001	0.5679	0.0004	0.0004	0.0000	0.1547	0.0000	0.5644	2.0091	3.6481	0.0296	8.2250	8.6174	0.0000	0.0178	0.0003	0.0304
32	45	0.0703	10	0	1	0	0	0	0	0	0	N	N	N	N	N	N	N	N	N	N	N	N	0.0000	0.0000	0.0000	0.0000	0.0000	0.0000	0.0000	0.0000	0.0000	0.0000	0.0000	0.0000	0.0000	0.0000	0.0000	0.0000	0.0000	0.0000	0.0496	0.0234	0.0832	0.0173	0.0192	0.0003	0.0669	0.0289	0.0902	2.7689	0.0000	0.0004	4.3312	3.0000	5.5221	5.0456	0.0000	0.0000	0.0000	0.0000	0.0000	0.0000	0.0000	0.0000	0.0000	0.0035	0.0009	0.0026	0.0004	0.0004	0.0000	0.0031	0.0005	0.0026	0.0771	0.0665	0.0106	0.0144	0.0140	0.0004	0.0627	0.0525	0.0102	0.0713	0.0401	0.0312	0.0248	0.0224	0.0024	0.0465	0.0177	0.0288	0.0000	0.0000	0.0000	0.0000	0.0000	0.0000	0.0000	0.0000	0.0000	0.0496	0.0234	0.0832	0.0173	0.0192	0.0003	0.0669	0.0289	0.0902	
32	46	0.0661	9	0	1	0	0	0	0	0	0	N	N	N	N	N	N	N	N	N	N	N	N	0.0000	0.0000	0.0000	0.0000	0.0000	0.0000	0.0000	0.0000	0.0000	0.0000	0.0000	0.0000	0.0000	0.0000	0.0000	0.0000	0.0000	0.0000	3.6373	0.2385	8.2543	0.3876	0.4321	0.0001	5.4215	0.0000	9.0334	25.4798	0.0000	0.0324	4.3312	2.0000	5.5221	1.0030	0.0000	0.0000	0.0000	0.0000	0.0000	0.0000	0.0000	0.0000	0.0000	0.0931	0.0035	0.0896	0.0035	0.0035	0.0000	0.0896	0.0000	0.0896	0.0499	0.0430	0.0069	0.0084	0.0082	0.0002	0.0415	0.0348	0.0067	0.0256	0.0147	0.0109	0.0091	0.0081	0.0009	0.0165	0.0066	0.0099	0.0000	0.0000	0.0000	0.0000	0.0000	0.0000	0.0000	0.0000	0.0000	3.6373	0.2385	8.2543	0.3876	0.4321	0.0001	5.4215	0.0000	9.0334	
32	47	0.0661	8	0	1	0	0	0	0	0	0	N	N	N	N	N	N	N	N	N	N	N	N	0.0000	0.0000	0.0000	0.0000	0.0000	0.0000	0.0000	0.0000	0.0000	0.0000	0.0000	0.0000	0.0000	0.0000	0.0000	0.0000	0.0000	0.0000	1.2436	1.8115	0.4652	1.2766	1.3031	0.0278	1.2134	3.9841	0.4758	0.1873	0.0000	-0.0015	4.3312	0.0000	5.5221	0.0582	0.0000	0.0000	0.0000	0.0000	0.0000	0.0000	0.0000	0.0000	0.0000	0.0034	0.0028	0.0005	0.0017	0.0017	0.0000	0.0017	0.0012	0.0005	0.0000	0.0000	0.0000	0.0000	0.0000	0.0000	0.0000	0.0000	0.0000	0.0027	0.0016	0.0011	0.0013	0.0013	0.0000	0.0014	0.0003	0.0011	0.0000	0.0000	0.0000	0.0000	0.0000	0.0000	0.0000	0.0000	0.0000	1.2436	1.8115	0.4652	1.2766	1.3031	0.0278	1.2134	3.9841	0.4758	
32	48	0.0624	7	0	1	0	0	0	0	0	0	N	N	N	N	N	N	N	N	N	N	N	N	0.0200	0.0187	0.0000	0.0927	0.0864	0.0000	0.0000	0.0000	0.0000	0.0011	0.0012	0.0000	0.0035	0.0035	0.0000	0.0000	0.0000	0.0000	0.0530	0.0638	0.0333	0.0379	0.0410	0.0003	0.0628	0.0930	0.0363	0.0037	0.2855	-0.0000	-0.0009	4.3312	0.0018	5.5221	3.9096	0.0000	0.0000	0.0000	0.0000	0.0000	0.0000	0.0000	0.0000	0.0000	0.0023	0.0018	0.0005	0.0007	0.0007	0.0000	0.0017	0.0012	0.0005	0.0001	0.0001	0.0000	0.0000	0.0000	0.0000	0.0001	0.0000	0.0000	0.0442	0.0286	0.0156	0.0174	0.0161	0.0013	0.0268	0.0125	0.0143	0.0200	0.0187	0.0000	0.0927	0.0864	0.0000	0.0000	0.0000	0.0000	0.0530	0.0638	0.0333	0.0379	0.0410	0.0003	0.0628	0.0930	0.0363
32	49	0.0529	6	0	1	0	0	0	0	0	0	N	N	N	N	N	N	N	N	N	N	N	N	0.0008	0.0005	0.0008	0.0014	0.0014	0.0000	0.0002	0.0000	0.0008	0.0006	0.0007	0.0000	0.0038	0.0039	0.0000	0.0000	0.0000	0.0000	0.7743	1.3319	0.0363	2.6527	2.8171	0.0097	0.0231	0.0034	0.0374	0.0062	0.0206	-0.0000	-0.0312	4.3312	2.0031	5.5221	6.0601	0.0000	0.0000	0.0000	0.0000	0.0000	0.0000	0.0000	0.0000	0.0000	0.0524	0.0514	0.0011	0.0513	0.0513	0.0000	0.0011	0.0001	0.0010	0.0503	0.0433	0.0070	0.0084	0.0082	0.0002	0.0419	0.0351	0.0068	0.0677	0.0386	0.0291	0.0193	0.0182	0.0011	0.0484	0.0204	0.0280	0.0008	0.0005	0.0008	0.0014	0.0014	0.0000	0.0002	0.0000	0.0008	0.7743	1.3319	0.0363	2.6527	2.8171	0.0097	0.0231	0.0034	0.0374
32	50	0.0254	6	0	0	1	0	0	0	0	0	N	N	N	N	N	N	N	N	N	N	N	N	254635.3356	606.6947	inf	471.2109	438.1511	inf	inf	0.0392	0.0002	0.2274	0.0004	0.0004	0.0000	0.0597	0.0000	0.2302	0.0000	0.0000	0.0000	0.0000	0.0000	0.0000	0.0000	0.0000	0.0000	271.1831	0.0000	0.0000	-0.0000	4.3312	0.0004	5.5221	0.9852	0.0000	0.0000	0.0000	0.0000	0.0000	0.0000	0.0000	0.0000	0.0000	0.0000	0.0000	0.0000	0.0000	0.0000	0.0000	0.0000	0.0000	0.0000	0.0000	0.0000	0.0000	0.0000	0.0000	0.0000	0.0000	0.0000	0.0000	0.0078	0.0042	0.0036	0.0014	0.0013	0.0001	0.0064	0.0029	0.0035	254635.3356	606.6947	inf	471.2109	438.1511	0.0000	inf	0.0000	inf	0.0000	0.0000	0.0000	0.0000	0.0000	0.0000	0.0000	0.0000	0.0000		
32	51	0.0145	5	0	0	0	0	0	0	0	0	N	N	N	N	N	N	N	N	N	N	N	N	2.6044	10.4100	3.4299	14.5857	14.5073	0.0000	1.4692	0.0000	3.4540	1.2004	0.7314	3.1505	2.7233	2.7611	0.0000	0.7796	0.0000	3.1994	0.4609	0.0703	0.9185	0.1867	0.1903	0.0002	0.5306	0.0002	0.9263	1.0360	11.1604	-0.0152	0.0283	4.3312	10.7574	5.5221	12.9024	0.3867	0.1900	0.1968	0.1900	0.1900	0.0000	0.1968	0.0000	0.1968	0.0932	0.0077	0.0856	0.0077	0.0077	0.0000	0.0856	0.0000	0.0856	0.3222	0.2597	0.0625	0.0698	0.0688	0.0010	0.2524	0.1909	0.0615	0.2023	0.1091	0.0932	0.0410	0.0402	0.0008	0.1613	0.0689	0.0924	2.6044	10.4100	3.4299	14.5857	14.5073	0.0000	1.4692	0.0000	3.4540	0.4609	0.0703	0.9185	0.1867	0.1903	0.0002	0.5306	0.0002	0.9263
32	52	0.0131	4	0	0	0	0	0	0	0	0	N	N	N	N	N	N	N	N	N	N	N	N	0.6079	0.2357	6.3177	0.4762	0.4785	0.0735	2.9708	0.0000	6.3520	0.3887	0.2712	0.6858	0.6505	0.6549	0.0000	0.2771	0.0000	0.6907	0.6394	1.1507	0.1086	1.3661	1.3687	0.0001	0.0933	0.0000	0.1087	1.0000	0.0909	-0.0022	-0.0654	4.3312	2.6694	5.5221	2.4027	0.0454	0.0227	0.0227	0.0227	0.0227	0.0000	0.0227	0.0000	0.0227	0.1231	0.1128	0.0103	0.1128	0.1128	0.0000	0.0103	0.0000	0.0103	0.1169	0.0838	0.0331	0.0349	0.0347	0.0002	0.0820	0.0491	0.0329	0.1925	0.0980	0.0944	0.0826	0.0824	0.0002	0.1099	0.0156	0.0943	0.6079	0.2357	6.3177	0.4762	0.4785	0.0735	2.9708	0.0000	6.3520	0.6394	1.1507	0.1086	1.3661	1.3687	0.0001	0.0933	0.0000	0.1087
32	53	0.0079	3	0	0	0	0	0	0	0	0	N	N	N	N	N	N	N	N	N	N	N	N	1.1053	0.8112	1.7902	1.2497	1.2481	inf	1.0436	0.0000	1.7903	0.7927	0.5662	1.3208	1.2782	1.2822	0.0031	0.5746	0.0000	1.3250	0.7172	0.6980	0.7378	1.0229	1.0273	0.0000	0.5505	0.0002	0.7401	1.0005	0.9870	-0.0161	-0.0218	4.3312	8.6921	5.5221	5.3599	0.3340	0.1670	0.1670	0.1670	0.1670	0.0000	0.1670	0.0000	0.1670	0.1844	0.0928	0.0916	0.0928	0.0928	0.0000	0.0916	0.0000	0.0916	0.4213	0.2949	0.1265	0.1306	0.1302	0.0004	0.2907	0.1646	0.1261	0.2571	0.1329	0.1241	0.0907	0.0903	0.0004	0.1664	0.0426	0.1237	1.1053	0.8112	1.7902	1.2497	1.2481	inf	1.0436	0.0000	1.7903	0.7172	0.6980	0.7378	1.0229	1.0273	0.0000	0.5505	0.0002	0.7401
32	54	0.0076	2	0	0	0	0	0	0	0	0	N	N	N	N	N	N	N	N	N	N	N	N	0.7271	0.4297	1.5907	0.5431	0.5431	2430.5287	1.2370	0.0287	1.5908	0.7798	0.6623	0.9480	0.9066	0.9072	0.0316	0.6841	0.0000	0.9488	1.0725	1.5415	0.5960	1.6692	1.6705	0.0000	0.5530	0.0000	0.5964	0.9995	0.3805	-0.0095	-0.0957	4.3312	1.8652	5.5221	1.4001	0.1973	0.0987	0.0986	0.0987	0.0987	0.0000	0.0986	0.0000	0.0986	0.2824	0.2045	0.0778	0.2045	0.2045	0.0000	0.0778	0.0000	0.0778	0.2530	0.1490	0.1040	0.1089	0.1088	0.0001	0.1442	0.0402	0.1040	0.2633	0.1327	0.1306	0.1225	0.1224	0.0001	0.1407	0.0102	0.1305	0.7271	0.4297	1.5907	0.5431	0.5431	2430.5287	1.2370	0.0287	1.5908	1.0725	1.5415	0.5960	1.6692	1.6705	0.0000	0.5530	0.0000	0.5964
32	56	0.0529	6	1	1	0	0	0	0	0	0	N	N	N	N	N	N	N	N	N	N	N	N	0.0000	0.0000	0.0000	0.0000	0.0000	0.0000	0.0000	0.0000	0.0000	0.0000	0.0000	0.0000	0.0000	0.0000	0.0000	0.0000	0.0000	0.0000	1.1336	1.4549	0.7126	2.9659	3.1624	0.0004	0.4281	0.0018	0.7422	0.3740	0.0000	-0.0344	4.3312	0.0000	5.5221	10.9971	0.0000	0.0000	0.0000	0.0000	0.0000	0.0000	0.0000	0.0000	0.0000	0.1003	0.0730	0.0273	0.0730	0.0730	0.0000	0.0274	0.0000	0.0273	0.0000	0.0000	0.0000	0.0000	0.0000	0.0000	0.0000	0.0000	0.0000	0.0885	0.0502	0.0383	0.0246	0.0231	0.0015	0.0639	0.0271	0.0368	0.0000	0.0000	0.0000	0.0000	0.0000	0.0000	0.0000	0.0000	0.0000	1.1336	1.4549	0.7126	2.9659	3.1624	0.0004	0.4281	0.0018	0.7422	
32	57	0.1081	9	0	0	0	0	0	0	0	0	N	N	N	N	N	N	N	N	N	N	N	N	0.0013	0.0034	0.0021	0.0094	0.0064	0.9056	0.0004	0.0000	0.0012	0.0001	0.0000	0.0003	0.0002	0.0001	0.0013	0.0000	0.0000	0.0002	0.0558	0.0122	0.1366	0.0175	0.0189	0.0014	0.0863	0.0011	0.1519	1.0050	6.0223	-0.0000	0.0053	4.3312	7.8198	5.5221	21.5823	0.0000	0.0000	0.0000	0.0000	0.0000	0.0000	0.0000	0.0000	0.0000	0.0218	0.0031	0.0187	0.0030	0.0030	0.0000	0.0188	0.0001	0.0187	0.2851	0.2493	0.0357	0.0883	0.0849	0.0034	0.1968	0.1644	0.0324	0.3909	0.2539	0.1370	0.1730	0.1591	0.0139	0.2179	0.0948	0.1231	0.0013	0.0034	0.0021	0.0094	0.0064	0.9056	0.0004	0.0000	0.0012	0.0558	0.0122	0.1366	0.0175	0.0189	0.0014	0.0863	0.0011	0.1519
32	58	0.0886	10	1	1	1	0	0	0	0	0	N	N	N	N	N	N	N	N	N	N	N	N	0.0001	0.0000	0.0987	0.0000	0.0000	0.0000	0.0007	0.0000	0.0979	0.0000	0.0000	0.0001	0.0000	0.0000	0.0000	0.0000	0.0000	0.0001	0.1241	0.2158	0.0012	0.3199	0.3429	0.0002	0.0280	0.0689	0.0013	inf	0.0042	0.0000	-0.0089	4.3312	2.0055	5.5221	11.8091	0.0000	0.0000	0.0000	0.0000	0.0000	0.0000	0.0000	0.0000	0.0000	0.0145	0.0144	0.0001	0.0123	0.0123	0.0000	0.0022	0.0021	0.0001	0.0503	0.0434	0.0069	0.0088	0.0086	0.0002	0.0415	0.0348	0.0067	0.1168	0.0669	0.0499	0.0384	0.0359	0.0026	0.0783	0.0310	0.0473	0.0001	0.0000	0.0987	0.0000	0.0000	0.0000	0.0007	0.0000	0.0979	0.1241	0.2158	0.0012	0.3199	0.3429	0.0002	0.0280	0.0689	0.0013
32	59	0.0832	9	1	0	1	0	0	0	0	0	N	N	N	N	N	N	N	N	N	N	N	N	0.0128	0.0002	0.0384	0.0006	0.0006	0.0000	0.0107	0.0000	0.0373	0.0036	0.0000	0.0261	0.0000	0.0000	0.0000	0.0043	0.0000	0.0270	0.2819	0.0327	0.6794	0.0567	0.0609	0.0005	0.4056	0.0001	0.7250	599.2775	13.0167	0.0001	0.0038	4.3312	1.9951	5.5221	2.5667	0.0002	0.0000	0.0002	0.0000	0.0000	0.0000	0.0002	0.0000	0.0002	0.0122	0.0009	0.0113	0.0009	0.0009	0.0000	0.0113	0.0000	0.0113	0.0499	0.0430	0.0069	0.0086	0.0084	0.0002	0.0413	0.0347	0.0066	0.0433	0.0266	0.0167	0.0154	0.0143	0.0011	0.0280	0.0123	0.0156	0.0128	0.0002	0.0384	0.0006	0.0006	0.0000	0.0107	0.0000	0.0373	0.2819	0.0327	0.6794	0.0567	0.0609	0.0005	0.4056	0.0001	0.7250
32	60	0.0765	8	1	0	1	0	0	0	0	0	N	N	N	N	N	N	N	N	N	N	N	N	0.9275	0.0086	4.1529	0.0112	0.0125	0.0000	3.3973	0.0000	5.8261	0.0007	0.0000	0.0043	0.0000	0.0000	0.0000	0.0011	0.0000	0.0044	0.0008	0.0007	0.0010	0.0013	0.0012	0.0025	0.0003	0.0000	0.0008	145.2091	0.5306	0.0000	-0.0000	4.3312	0.0108	5.5221	3.6229	0.0000	0.0000	0.0000	0.0000	0.0000	0.0000	0.0000	0.0000	0.0000	0.0000	0.0000	0.0000	0.0000	0.0000	0.0000	0.0000	0.0000	0.0000	0.0004	0.0003	0.0001	0.0001	0.0001	0.0000	0.0002	0.0002	0.0001	0.0434	0.0323	0.0112	0.0204	0.0186	0.0018	0.0230	0.0137	0.0093	0.9275	0.0086	4.1529	0.0112	0.0125	0.0000	3.3973	0.0000	5.8261	0.0008	0.0007	0.0010	0.0013	0.0012	0.0025	0.0003	0.0000	0.0008
32	61	0.0285	7	0	1	0	0	0	0	0	0	N	N	N	N	N	N	N	N	N	N	N	N	0.0000	0.0000	0.0000	0.0001	0.0000	0.1921	0.0000	0.0000	0.0000	0.0000	0.0000	0.0000	0.0000	0.0000	0.0000	0.0000	0.0000	0.0000	0.0224	0.0022	0.0534	0.0012	0.0012	0.0000	0.0335	0.0035	0.0550	inf	15.5997	0.0000	0.0010	4.3312	4.0917	5.5221	8.0988	0.0000	0.0000	0.0000	0.0000	0.0000	0.0000	0.0000	0.0000	0.0000	0.0032	0.0002	0.0030	0.0001	0.0001	0.0000	0.0031	0.0001	0.0030	0.2288	0.1560	0.0728	0.0779	0.0773	0.0006	0.1509	0.0787	0.0722	0.1430	0.0867	0.0564	0.0491	0.0474	0.0017	0.0940	0.0392	0.0547	0.0000	0.0000	0.0000	0.0001	0.0000	0.1921	0.0000	0.0000	0.0000	0.0224	0.0022	0.0534	0.0012	0.0012	0.0000	0.0335	0.0035	0.0550
32	62	0.0247	6	0	1	0	0	0	0	0	0	N	N	N	N	N	N	N	N	N	N	N	N	21.0773	0.1343	251.1910	0.1526	0.0722	114.2609	34.8702	0.2191	248.5158	2.2029	0.0189	15.1919	0.0275	0.0136	0.7292	2.5485	0.0199	15.4633	0.1045	0.1405	0.0605	0.1801	0.1888	0.0064	0.0731	0.0906	0.0622	135.3267	0.3520	0.0521	-0.0027	4.3312	2.1165	5.5221	5.0852	0.1172	0.0009	0.1164	0.0002	0.0001	0.0001	0.1170	0.0008	0.1163	0.0076	0.0056	0.0020	0.0038	0.0038	0.0000	0.0037	0.0018	0.0020	0.0532	0.0456	0.0077	0.0073	0.0072	0.0001	0.0459	0.0384	0.0075	0.0726	0.0399	0.0327	0.0213	0.0203	0.0010	0.0513	0.0196	0.0316	21.0773	0.1343	251.1910	0.1526	0.0722	114.2609	34.8702	0.2191	248.5158	0.1045	0.1405	0.0605	0.1801	0.1888	0.0064	0.0731	0.0906	0.0622
32	63	0.0765	8	1	0	1	0	0	0	0	0	N	N	N	N	N	N	N	N	N	N	N	N	0.0001	0.0001	0.0000	0.0003	0.0003	0.0000	0.0000	0.0000	0.0000	0.0000	0.0000	0.0000	0.0000	0.0000	0.0000	0.0000	0.0000	0.0000	0.0003	0.0003	0.0002	0.0006	0.0006	0.0013	0.0000	0.0000	0.0001	0.0000	0.3223	-0.0000	-0.0000	4.3312	3.9990	5.5221	8.8702	0.0000	0.0000	0.0000	0.0000	0.0000	0.0000	0.0000	0.0000	0.0000	0.0000	0.0000	0.0000	0.0000	0.0000	0.0000	0.0000	0.0000	0.0000	0.0812	0.0702	0.0111	0.0094	0.0090	0.0004	0.0718	0.0611	0.0106	0.1092	0.0694	0.0398	0.0395	0.0358	0.0037	0.0697	0.0336	0.0362	0.0001	0.0001	0.0000	0.0003	0.0003	0.0000	0.0000	0.0000	0.0000	0.0003	0.0003	0.0002	0.0006	0.0006	0.0013	0.0000	0.0000	0.0001
32	64	0.0563	7	1	0	1	0	0	0	0	0	N	N	N	N	N	N	N	N	N	N	N	N	0.0034	0.0027	0.0004	0.0082	0.0080	0.0000	0.0000	0.0000	0.0004	0.0000	0.0000	0.0000	0.0001	0.0001	0.0000	0.0000	0.0000	0.0000	0.0074	0.0108	0.0021	0.0172	0.0179	0.0038	0.0028	0.0037	0.0020	0.0044	0.1289	-0.0000	-0.0004	4.3312	3.9972	5.5221	6.8232	0.0000	0.0000	0.0000	0.0000	0.0000	0.0000	0.0000	0.0000	0.0000	0.0008	0.0007	0.0001	0.0006	0.0006	0.0000	0.0002	0.0001	0.0001	0.1031	0.0892	0.0138	0.0184	0.0180	0.0004	0.0847	0.0712	0.0134	0.1044	0.0629	0.0414	0.0333	0.0317	0.0016	0.0711	0.0313	0.0398	0.0034	0.0027	0.0004	0.0082	0.0080	0.0000	0.0000	0.0000	0.0004	0.0074	0.0108	0.0021	0.0172	0.0179	0.0038	0.0028	0.0037	0.0020
32	65	0.0323	7	0	1	0	0	0	0	0	0	N	N	N	N	N	N	N	N	N	N	N	N	0.0010	0.0139	0.0003	0.0121	0.0101	7.7555	0.0006	2.8124	0.0001	0.0002	0.0002	0.0001	0.0004	0.0004	0.0018	0.0002	0.0002	0.0001	0.2140	0.0169	0.5078	0.0331	0.0349	0.0002	0.2934	0.0001	0.5281	0.0921	20.1510	-0.0000	0.0321	4.3312	15.6632	5.5221	35.0639	0.0001	0.0001	0.0000	0.0000	0.0000	0.0000	0.0001	0.0001	0.0000	0.0948	0.0045	0.0904	0.0045	0.0045	0.0000	0.0904	0.0000	0.0904	0.3846	0.3309	0.0537	0.0619	0.0598	0.0020	0.3227	0.2711	0.0517	0.4431	0.2652	0.1779	0.1350	0.1282	0.0068	0.3080	0.1370	0.1711	0.0010	0.0139	0.0003	0.0121	0.0101	7.7555	0.0006	2.8124	0.0001	0.2140	0.0169	0.5078	0.0331	0.0349	0.0002	0.2934	0.0001	0.5281
32	66	0.0323	7	0	0	1	0	0	0	0	0	N	N	N	N	N	N	N	N	N	N	N	N	0.0000	0.0000	0.0000	0.0000	0.0000	0.0000	0.0000	0.0000	0.0000	0.0000	0.0000	0.0000	0.0000	0.0000	0.0000	0.0000	0.0000	0.0000	0.0071	0.0002	0.0204	0.0001	0.0001	0.0000	0.0114	0.0003	0.0213	51.9497	0.0000	0.0006	4.3312	4.9998	5.5221	10.1184	0.0000	0.0000	0.0000	0.0000	0.0000	0.0000	0.0000	0.0000	0.0000	0.0016	0.0000	0.0016	0.0000	0.0000	0.0000	0.0016	0.0000	0.0016	0.1371	0.1181	0.0190	0.0295	0.0280	0.0015	0.1076	0.0901	0.0174	0.2229	0.1465	0.0764	0.0845	0.0815	0.0030	0.1384	0.0650	0.0734	0.0000	0.0000	0.0000	0.0000	0.0000	0.0000	0.0000	0.0000	0.0000	0.0071	0.0002	0.0204	0.0001	0.0001	0.0000	0.0114	0.0003	0.0213	
32	67	0.0215	5	0	1	0	0	0	0	0	0	N	N	N	N	N	N	N	N	N	N	N	N	0.4683	0.6499	0.6061	0.6044	0.6008	0.0000	0.4513	20.7012	0.6194	0.0041	0.0035	0.0081	0.0075	0.0077	0.0000	0.0034	0.0025	0.0085	0.0088	0.0054	0.0134	0.0123	0.0129	0.0000	0.0076	0.0001	0.0138	0.3620	1.8421	-0.0003	0.0001	4.3312	10.9928	5.5221	18.5513	0.0011	0.0008	0.0003	0.0003	0.0003	0.0000	0.0008	0.0005	0.0003	0.0022	0.0008	0.0014	0.0008	0.0008	0.0000	0.0014	0.0000	0.0014	0.2651	0.2295	0.0357	0.0446	0.0430	0.0016	0.2205	0.1865	0.0340	0.2461	0.1417	0.1044	0.0610	0.0584	0.0026	0.1851	0.0832	0.1018	0.4683	0.6499	0.6061	0.6044	0.6008	0.0000	0.4513	20.7012	0.6194	0.0088	0.0054	0.0134	0.0123	0.0129	0.0000	0.0076	0.0001	0.0138
32	68	0.0215	4	0	0	0	0	0	0	0	0	N	N	N	N	N	N	N	N	N	N	N	N	0.2266	0.1814	0.5875	0.2686	0.2682	1.6434	0.2034	6.0424	0.5964	0.0188	0.0104	0.0879	0.0256	0.0257	0.0100	0.0149	0.0001	0.0902	0.0829	0.0573	0.1497	0.0952	0.0958	0.0061	0.0735	0.0000	0.1513	1.0250	0.9998	-0.0000	-0.0004	4.3312	0.0861	5.5221	1.0715	0.0001	0.0000	0.0000	0.0000	0.0000	0.0000	0.0000	0.0000	0.0000	0.0034	0.0017	0.0017	0.0017	0.0017	0.0000	0.0017	0.0000	0.0017	0.0051	0.0046	0.0006	0.0019	0.0018	0.0000	0.0033	0.0027	0.0005	0.0405	0.0293	0.0112	0.0176	0.0175	0.0001	0.0228	0.0118	0.0111	0.2266	0.1814	0.5875	0.2686	0.2682	1.6434	0.2034	6.0424	0.5964	0.0829	0.0573	0.1497	0.0952	0.0958	0.0061	0.0735	0.0000	0.1513
32	69	0.0859	8	1	0	1	0	0	0	0	0	N	N	N	N	N	N	N	N	N	N	N	N	0.0000	0.0000	0.0000	0.0000	0.0000	0.0000	0.0000	0.0000	0.0000	0.0000	0.0000	0.0000	0.0000	0.0000	0.0000	0.0000	0.0011	0.0013	0.0010	0.0027	0.0029	0.0000	0.0006	0.0000	0.0010	0.6078	0.0000	-0.0000	4.3312	1.0000	5.5221	3.0001	0.0000	0.0000	0.0000	0.0000	0.0000	0.0000	0.0000	0.0000	0.0000	0.0000	0.0000	0.0000	0.0000	0.0000	0.0000	0.0000	0.0000	0.0000	0.0256	0.0220	0.0036	0.0044	0.0043	0.0001	0.0212	0.0177	0.0034	0.0285	0.0160	0.0125	0.0076	0.0069	0.0006	0.0210	0.0091	0.0119	0.0000	0.0000	0.0000	0.0000	0.0000	0.0000	0.0000	0.0000	0.0000	0.0011	0.0013	0.0010	0.0027	0.0029	0.0000	0.0006	0.0000	0.0010			
32	70	0.0859	7	1	0	1	0	0	0	0	0	N	N	N	N	N	N	N	N	N	N	N	N	0.0000	0.0000	0.0000	0.0000	0.0000	0.0000	0.0000	0.0000	0.0000	0.0000	0.0000	0.0000	0.0000	0.0000	0.0000	0.0000	0.5426	0.5097	0.5802	0.5796	0.5834	0.0000	0.5101	0.0000	0.5840	1.0000	0.0000	-0.0000	4.3312	0.0000	5.5221	0.0009	0.0000	0.0000	0.0000	0.0000	0.0000	0.0000	0.0000	0.0000	0.0000	0.0000	0.0000	0.0000	0.0000	0.0000	0.0000	0.0000	0.0000	0.0000	0.0000	0.0000	0.0000	0.0000	0.0000	0.0000	0.0000	0.0000	0.0000	0.0000	0.0000	0.0000	0.0000	0.0000	0.0000	0.0000	0.0000	0.0000	0.0000	0.0000	0.0000	0.0000	0.0000	0.0000	0.0000	0.0000	0.0000	0.5426	0.5097	0.5802	0.5796	0.5834	0.0000	0.5101	0.0000	0.5840			
32	71	0.0529	6	1	0	1	0	0	0	0	0	N	N	N	N	N	N	N	N	N	N	N	N	0.0073	0.0019	0.0223	0.0046	0.0044	0.0000	0.0064	0.0000	0.0230	0.0333	0.0001	0.2422	0.0007	0.0008	0.0000	0.0398	0.0000	0.2498	4.5854	0.0754	10.8695	0.1604	0.1721	0.0016	6.1785	0.0000	10.8512	271.1831	107.0698	0.0036	0.2915	4.3312	9.9966	5.5221	12.9129	0.0081	0.0000	0.0080	0.0000	0.0000	0.0000	0.0080	0.0000	0.0080	0.7753	0.0072	0.7681	0.0072	0.0072	0.0000	0.7681	0.0000	0.7681	0.2421	0.2089	0.0332	0.0399	0.0389	0.0010	0.2022	0.1700	0.0322	0.1691	0.0951	0.0739	0.0448	0.0417	0.0031	0.1243	0.0534	0.0709	0.0073	0.0019	0.0233	0.0046	0.0044	0.0000	0.0064	0.0000	0.0231	4.5854	0.0754	10.3881	0.1604	0.1721	0.0016	6.1785	0.0000	10.8373
32	72	0.0197	5	0	1	0	1	0	0	0	0	N	N	N	N	N	N	N	N	N	N	N	N	0.0044	0.0029	0.0000	0.0080	0.0077	0.0000	0.0000	0.0000	0.0000	0.0069	0.0080	0.0000	0.0508	0.0518	0.0000	0.0000	0.0000	0.0000	1.5408	2.7531	0.0830	6.3639	6.6852	0.0253	0.0491	0.0003	0.0845	0.0000	0.0251	-0.0012	-0.3467	4.3312	13.0000	5.5221	39.1663	0.0021	0.0021	0.0000	0.0021	0.0021	0.0000	0.0000	0.0000	0.0000	0.5873	0.5730	0.0144	0.5730	0.5729	0.0001	0.0143	0.0000	0.0143	0.3122	0.2680	0.0442	0.0421	0.0413	0.0008	0.2701	0.2267	0.0434	0.3812	0.2081	0.1731	0.0900	0.0857	0.0043	0.2912	0.1224	0.1687	0.0044	0.0029	0.0000	0.0080	0.0077	0.0000	0.0000	0.0000	0.0000	1.5408	2.7531	0.0830	6.3639	6.6852	0.0253	0.0491	0.0003	0.0845
32	73	0.0172	4	0	1	0	0	0	0	0	0	N	N	N	N	N	N	N	N	N	N	N	N	0.1447	0.1278	0.0067	4.8642	4.7888	10.3746	0.0936	0.0643	0.0066	0.0051	0.0059	0.0001	0.0087	0.0089	0.0001	0.0045	0.0053	0.0001	0.0350	0.0462	0.0187	0.0018	0.0019	0.0000	0.0478	0.0832	0.0192	0.0036	0.2791	-0.0002	-0.0028	4.3312	3.0003	5.5221	18.1082	0.0004	0.0004	0.0000	0.0001	0.0001	0.0000	0.0003	0.0003	0.0000	0.0072	0.0056	0.0016	0.0001	0.0001	0.0000	0.0070	0.0055	0.0016	0.0755	0.0645	0.0110	0.0105	0.0103	0.0002	0.0651	0.0542	0.0108	0.2042	0.1209	0.0833	0.0569	0.0550	0.0019	0.1474	0.0659	0.0814	0.1447	0.1278	0.0067	4.8642	4.7888	10.3746	0.0936	0.0643	0.0066	0.0350	0.0462	0.0187	0.0018	0.0019	0.0000	0.0478	0.0832	0.0192
32	74	0.0563	7	0	1	0	0	0	0	0	0	N	N	N	N	N	N	N	N	N	N	N	N	0.0000	0.0000	0.0004	0.0019	0.0018	0.0000	0.0000	0.0000	0.0004	0.0000	0.0000	0.0000	0.0001	0.0001	0.0000	0.0000	0.0000	0.0000	4.9571	8.5247	0.0010	0.0458	0.0487	0.0018	6.9338	15.8383	0.0010	0.0037	0.0001	-0.0000	-0.6080	4.3312	7.0046	5.5221	18.1036	0.0000	0.0000	0.0000	0.0000	0.0000	0.0000	0.0000	0.0000	0.0000	0.9892	0.9891	0.0001	0.0026	0.0026	0.0000	0.9866	0.9865	0.0001	0.1755	0.1517	0.0238	0.0303	0.0296	0.0007	0.1452	0.1221	0.0230	0.1996	0.1160	0.0835	0.0573	0.0537	0.0035	0.1423	0.0623	0.0800	0.0000	0.0000	0.0004	0.0019	0.0018	0.0000	0.0000	0.0000	0.0004	4.9571	8.5247	0.0010	0.0458	0.0487	0.0018	6.9338	15.8383	0.0010
32	75	0.0529	6	0	0	0	0	0	0	0	0	N	N	N	N	N	N	N	N	N	N	N	N	0.0797	0.0592	0.1352	3.0856	3.1417	0.0000	0.0130	0.0033	0.1354	0.0072	0.0075	0.0055	0.0322	0.0329	0.0000	0.0016	0.0008	0.0057	0.0902	0.1260	0.0409	0.0104	0.0105	0.0095	0.1269	0.2506	0.0420	0.1233	0.2354	-0.0000	-0.0013	4.3312	0.2435	5.5221	3.2922	0.0000	0.0000	0.0000	0.0000	0.0000	0.0000	0.0000	0.0000	0.0000	0.0031	0.0025	0.0006	0.0001	0.0001	0.0000	0.0030	0.0024	0.0006	0.0064	0.0055	0.0009	0.0012	0.0011	0.0000	0.0053	0.0044	0.0009	0.0348	0.0202	0.0146	0.0110	0.0105	0.0005	0.0238	0.0097	0.0141	0.0797	0.0592	0.1352	3.0856	3.1417	0.0000	0.0130	0.0033	0.1354	0.0902	0.1260	0.0409	0.0104	0.0105	0.0095	0.1269	0.2506	0.0420
32	76	0.0197	5	0	0	0	0	0	0	0	0	N	N	N	N	N	N	N	N	N	N	N	N	0.0019	0.0009	0.0247	0.0025	0.0024	0.0000	0.0065	0.0000	0.0248	0.0054	0.0041	0.0131	0.0258	0.0263	0.0000	0.0022	0.0000	0.0134	2.8330	4.7305	0.5310	10.3764	10.8356	0.1634	0.3300	0.0310	0.5399	0.5360	0.0925	-0.0002	-0.3331	4.3312	7.0044	5.5221	20.1113	0.0009	0.0006	0.0003	0.0006	0.0006	0.0000	0.0003	0.0000	0.0003	0.6283	0.5751	0.0532	0.5734	0.5730	0.0004	0.0550	0.0021	0.0528	0.1721	0.1476	0.0245	0.0233	0.0228	0.0005	0.1488	0.1247	0.0241	0.2218	0.1216	0.1002	0.0553	0.0529	0.0024	0.1665	0.0687	0.0978	0.0019	0.0009	0.0247	0.0025	0.0024	0.0000	0.0065	0.0000	0.0248	2.8330	4.7305	0.5310	10.3764	10.8356	0.1634	0.3300	0.0310	0.5399
32	77	0.0220	5	0	1	0	0	0	0	0	0	N	N	N	N	N	N	N	N	N	N	N	N	58.4503	40.8970	161.6352	46.2522	40.0791	896.3375	78.6971	1947.1662	155.3630	0.0064	0.0037	0.0223	0.0089	0.0081	0.0360	0.0061	0.0031	0.0220	0.0001	0.0001	0.0001	0.0002	0.0002	0.0000	0.0001	0.0000	0.0001	1.0341	1.0551	-0.0000	-0.0000	4.3312	8.6571	5.5221	16.0761	0.0012	0.0006	0.0006	0.0002	0.0001	0.0000	0.0010	0.0004	0.0006	0.0000	0.0000	0.0000	0.0000	0.0000	0.0000	0.0000	0.0000	0.0000	0.1805	0.1540	0.0264	0.0183	0.0178	0.0006	0.1621	0.1362	0.0259	0.2072	0.1225	0.0847	0.0576	0.0545	0.0031	0.1496	0.0680	0.0817	58.4503	40.8970	161.6352	46.2522	40.0791	896.3375	78.6971	1947.1662	155.3630	0.0001	0.0001	0.0001	0.0002	0.0002	0.0000	0.0001	0.0000	0.0001
32	78	0.0215	4	0	1	0	0	0	0	0	0	N	N	N	N	N	N	N	N	N	N	N	N	1.5776	1.2991	3.8083	2.1412	2.2377	0.3541	1.4080	9.3599	4.0112	0.0009	0.0005	0.0042	0.0014	0.0014	0.0009	0.0008	0.0001	0.0044	0.0006	0.0003	0.0011	0.0006	0.0006	0.0025	0.0006	0.0000	0.0011	1.3262	1.4309	0.0000	-0.0000	4.3312	0.3645	5.5221	1.9845	0.0000	0.0000	0.0000	0.0000	0.0000	0.0000	0.0000	0.0000	0.0000	0.0000	0.0000	0.0000	0.0000	0.0000	0.0000	0.0000	0.0000	0.0000	0.0120	0.0105	0.0015	0.0030	0.0029	0.0001	0.0090	0.0076	0.0014	0.0499	0.0344	0.0155	0.0197	0.0194	0.0002	0.0302	0.0150	0.0152	1.5776	1.2991	3.8083	2.1412	2.2377	0.3541	1.4080	9.3599	4.0112	0.0006	0.0003	0.0011	0.0006	0.0006	0.0025	0.0006	0.0000	0.0011
32	79	0.0121	3	0	0	0	0	0	0	0	0	N	N	N	N	N	N	N	N	N	N	N	N	0.3063	0.7507	0.1794	2.2027	2.1965	0.0298	0.0526	0.0001	0.1807	0.0476	0.0471	0.0507	0.2335	0.2371	0.0001	0.0090	0.0000	0.0516	0.1554	0.0627	0.2825	0.1060	0.1079	0.0021	0.1711	0.0315	0.2854	0.1855	3.2863	-0.0015	0.0040	4.3312	2.9108	5.5221	14.2456	0.0038	0.0032	0.0006	0.0032	0.0032	0.0000	0.0006	0.0000	0.0006	0.0261	0.0061	0.0200	0.0043	0.0043	0.0000	0.0218	0.0018	0.0200	0.0806	0.0687	0.0118	0.0139	0.0136	0.0002	0.0667	0.0551	0.0116	0.1678	0.0970	0.0708	0.0404	0.0396	0.0007	0.1274	0.0574	0.0700	0.3063	0.7507	0.1794	2.2027	2.1965	0.0298	0.0526	0.0001	0.1807	0.1554	0.0627	0.2825	0.1060	0.1079	0.0021	0.1711	0.0315	0.2854
32	82	0.0354	8	0	1	0	0	0	0	0	0	N	N	N	N	N	N	N	N	N	N	N	N	0.0525	0.0240	0.1737	0.1820	0.1862	0.1078	0.0386	0.0035	0.1810	0.0084	0.0016	0.0495	0.0061	0.0059	0.0096	0.0090	0.0004	0.0526	0.1604	0.0650	0.2852	0.0334	0.0316	0.0887	0.2324	0.1190	0.2905	5.2993	3.3567	0.0005	0.0092	4.3312	7.9116	5.5221	21.1247	0.0017	0.0003	0.0015	0.0002	0.0002	0.0000	0.0015	0.0001	0.0015	0.0592	0.0136	0.0456	0.0045	0.0041	0.0004	0.0547	0.0095	0.0452	0.2077	0.1780	0.0297	0.0393	0.0372	0.0021	0.1685	0.1409	0.0276	0.3688	0.2090	0.1598	0.1334	0.1292	0.0042	0.2354	0.0798	0.1556	0.0525	0.0240	0.1737	0.1820	0.1862	0.1078	0.0386	0.0035	0.1810	0.1604	0.0650	0.2852	0.0334	0.0316	0.0887	0.2324	0.1190	0.2905
32	83	0.0533	9	1	1	0	0	0	0	0	0	N	N	N	N	N	N	N	N	N	N	N	N	0.0000	0.0000	0.0000	0.0000	0.0000	0.0000	0.0000	0.0000	0.0000	0.0000	0.0000	0.0000	0.0000	0.0000	0.0000	0.0000	0.0000	0.0000	0.0000	0.0000	4.3312	0.0000	5.5221	1.8333	0.0000	0.0000	0.0000	0.0000	0.0000	0.0000	0.0000	0.0000	0.0000	0.0000	0.0000	0.0000	0.0000	0.0000	0.0000	0.0000	0.0000	0.0000	0.0000	0.0000	0.0000	0.0000	0.0000	0.0000	0.0000	0.0000	0.0000	0.0213	0.0136	0.0077	0.0077	0.0073	0.0003	0.0136	0.0063	0.0073	0.0000	0.0000	0.0000	0.0000	0.0000	0.0000	0.0000	0.0000	0.0000	0.0000	0.0000	0.0000	0.0000	0.0000	0.0000	0.0000	0.0000	0.0000											
32	84	0.0354	8	1	1	0	0	0	0	0	0	N	N	N	N	N	N	N	N	N	N	N	N	0.1908	0.1836	0.0162	0.5076	0.5185	2.9156	0.0401	0.8838	0.0001	0.0036	0.0042	0.0002	0.0168	0.0176	0.0029	0.0004	0.0005	0.0000	0.0189	0.0227	0.0139	0.0331	0.0340	0.0010	0.0099	0.0005	0.0142	0.0090	0.4626	-0.0004	-0.0018	4.3312	6.9552	5.5221	13.1226	0.0007	0.0007	0.0000	0.0006	0.0006	0.0000	0.0001	0.0001	0.0000	0.0059	0.0041	0.0019	0.0040	0.0040	0.0000	0.0019	0.0000	0.0019	0.1851	0.1586	0.0265	0.0362	0.0342	0.0020	0.1489	0.1244	0.0245	0.3136	0.1783	0.1352	0.1217	0.1183	0.0033	0.1919	0.0600	0.1319	0.1908	0.1836	0.0162	0.5076	0.5185	2.9156	0.0401	0.8838	0.0001	0.0189	0.0227	0.0139	0.0331	0.0340	0.0010	0.0099	0.0005	0.0142
32	85	0.0324	7	0	1	0	0	0	0	0	0	N	N	N	N	N	N	N	N	N	N	N	N	0.0124	0.0624	0.0146	0.1848	0.0991	11.8162	0.0012	2.0159	0.0003	0.0142	0.0096	0.0361	0.0447	0.0243	0.5428	0.0020	0.0023	0.0008	1.1389	0.1543	2.4692	0.2417	0.2454	0.0459	1.6592	0.0012	2.5091	0.7800	11.8477	-0.0000	0.0348	4.3312	0.3374	5.5221	6.1146	0.0002	0.0001	0.0001	0.0002	0.0001	0.0001	0.0000	0.0000	0.0000	0.1131	0.0088	0.1043	0.0088	0.0088	0.0000	0.1042	0.0000	0.1042	0.0133	0.0110	0.0023	0.0038	0.0036	0.0001	0.0095	0.0074	0.0021	0.0993	0.0570	0.0422	0.0364	0.0358	0.0007	0.0628	0.0213	0.0415	0.0124	0.0624	0.0146	0.1848	0.0991	11.8162	0.0012	2.0159	0.0003	1.1389	0.1543	2.4692	0.2417	0.2454	0.0459	1.6592	0.0012	2.5091
32	86	0.0324	7	0	1	0	0	0	0	0	0	N	N	N	N	N	N	N	N	N	N	N	N	3.8042	20.7109	0.0000	29.9930	31.3357	0.0000	1.8116	3422.7280	0.0000	0.8812	1.0274	0.0000	3.0377	3.1047	0.0000	0.5168	0.6172	0.0000	0.2316	0.0496	0.4658	0.1013	0.0991	0.1616	0.2853	0.0002	0.4732	0.0000	7.2984	-0.1308	0.0137	4.3312	11.0342	5.5221	12.7513	0.2387	0.2387	0.0000	0.1189	0.1189	0.0000	0.1197	0.1197	0.0000	0.0519	0.0063	0.0456	0.0066	0.0062	0.0004	0.0453	0.0000	0.0453	0.2708	0.2323	0.0385	0.0391	0.0383	0.0008	0.2317	0.1940	0.0377	0.2240	0.1260	0.0980	0.0653	0.0630	0.0023	0.1587	0.0630	0.0956	3.8042	20.7109	0.0000	29.9930	31.3357	0.0000	1.8116	3422.7280	0.0000	0.2316	0.0496	0.4658	0.1013	0.0991	0.1616	0.2853	0.0002	0.4732
32	87	0.0247	6	0	1	0	0	0	0	0	0	N	N	N	N	N	N	N	N	N	N	N	N	0.0146	0.4461	0.0000	0.1571	1.0665	0.0001	0.0044	0.7977	0.0000	0.0022	0.0026	0.0000	0.0111	0.0113	0.0002	0.0008	0.0009	0.0000	0.1496	0.0057	0.3251	0.0707	0.0106	1.2787	0.1801	0.0012	0.2965	0.0004	46.5078	-0.0001	0.0052	4.3312	3.9739	5.5221	6.2820	0.0002	0.0002	0.0000	0.0001	0.0001	0.0000	0.0001	0.0001	0.0000	0.0144	0.0003	0.0141	0.0019	0.0003	0.0016	0.0125	0.0000	0.0125	0.0990	0.0848	0.0142	0.0135	0.0132	0.0003	0.0855	0.0716	0.0139	0.0962	0.0529	0.0434	0.0268	0.0255	0.0013	0.0694	0.0274	0.0421	0.0146	0.4461	0.0000	0.1571	1.0665	0.0001	0.0044	0.7977	0.0000	0.1496	0.0057	0.3251	0.0707	0.0106	1.2540	0.1801	0.0012	0.2965
32	88	0.0197	5	0	1	0	0	0	0	0	0	N	N	N	N	N	N	N	N	N	N	N	N	3.0832	0.0069	16.7335	0.0796	0.0494	980.9446	3.1036	0.0001	16.7239	0.3352	0.0006	2.3299	0.0058	0.0037	0.1108	0.3868	0.0000	2.3719	0.1087	0.0846	0.1392	0.0731	0.0750	0.0001	0.1246	0.0958	0.1418	666.8607	1.3010	0.0000	-0.0003	4.3312	0.0056	5.5221	5.7021	0.0000	0.0000	0.0000	0.0000	0.0000	0.0000	0.0000	0.0000	0.0000	0.0070	0.0031	0.0040	0.0015	0.0015	0.0000	0.0056	0.0016	0.0040	0.0001	0.0001	0.0000	0.0000	0.0000	0.0000	0.0001	0.0001	0.0000	0.0647	0.0361	0.0286	0.0200	0.0195	0.0005	0.0447	0.0167	0.0280	3.0832	0.0069	16.7335	0.0796	0.0494	980.9446	3.1036	0.0001	16.7239	0.1087	0.0846	0.1392	0.0731	0.0750	0.0001	0.1246	0.0958	0.1418
32	92	0.1081	9	0	0	0	0	0	0	0	0	N	N	N	N	N	N	N	N	N	N	N	N	0.0288	0.2359	0.0212	0.6599	0.6103	1.4100	0.0015	0.0000	0.0054	0.0040	0.0035	0.0073	0.0187	0.0158	0.0750	0.0003	0.0000	0.0020	0.1397	0.0149	0.3457	0.0283	0.0258	0.0532	0.2106	0.0003	0.3751	0.3273	14.0928	-0.0007	0.0239	4.3312	24.8682	5.5221	39.8855	0.0024	0.0018	0.0006	0.0022	0.0018	0.0004	0.0002	0.0000	0.0002	0.0748	0.0050	0.0699	0.0059	0.0049	0.0010	0.0689	0.0000	0.0689	0.5878	0.5083	0.0794	0.1187	0.1129	0.0058	0.4690	0.3954	0.0736	0.5359	0.3337	0.2021	0.2084	0.1900	0.0185	0.3274	0.1438	0.1837	0.0288	0.2359	0.0212	0.6599	0.6103	1.4100	0.0015	0.0000	0.0054	0.1397	0.0149	0.3457	0.0283	0.0258	0.0532	0.2106	0.0003	0.3751
33	34	0.0477	5	1	0	1	0	0	0	0	0	N	N	N	N	N	N	N	N	N	N	N	N	0.9328	0.0001	15683.4940	0.0000	0.0000	inf	3008.3668	0.4828	15159.7531	8.6006	0.0009	60.6849	0.0001	0.0001	0.0001	9.6975	0.0010	62.0200	9.2205	17.0063	0.0039	43.7590	49.6035	0.0000	0.0032	0.0022	0.0041	10870.1273	0.0002	0.4463	-0.5826	4.2685	4.9966	3.7703	15.0870	0.9880	0.0001	0.9879	0.0000	0.0000	0.0000	0.9880	0.0001	0.9879	0.9481	0.9479	0.0002	0.9478	0.9478	0.0000	0.0003	0.0001	0.0002	0.1149	0.0986	0.0163	0.0130	0.0126	0.0004	0.1019	0.0860	0.0159	0.1028	0.0557	0.0471	0.0217	0.0191	0.0026	0.0812	0.0366	0.0445	0.9328	0.0001	15683.4940	0.0000	0.0000	inf	3008.3668	0.4828	15159.7531	9.2205	17.0063	0.0039	43.7590	49.6035	0.0000	0.0032	0.0022	0.0041
33	35	0.0202	6	0	1	0	0	0	0	0	0	N	N	N	N	N	N	N	N	N	N	N	N	0.0000	0.0000	0.0000	0.0000	0.0000	0.0000	0.0000	0.0000	0.0000	0.0000	0.0000	0.0000	0.0000	0.0000	0.0000	0.0000	0.0000	0.0000	0.0000	0.0000	4.2685	1.0000	3.7703	1.0102	0.0000	0.0000	0.0000	0.0000	0.0000	0.0000	0.0000	0.0000	0.0000	0.0000	0.0000	0.0000	0.0000	0.0000	0.0000	0.0000	0.0000	0.0000	0.0191	0.0163	0.0028	0.0014	0.0013	0.0001	0.0177	0.0150	0.0027	0.0109	0.0059	0.0050	0.0017	0.0015	0.0002	0.0092	0.0044	0.0048	0.0000	0.0000	0.0000	0.0000	0.0000	0.0000	0.0000	0.0000	0.0000	0.0000	0.0000	0.0000	0.0000	0.0000	0.0000	0.0000	0.0000	0.0000											
33	36	0.0202	5	0	0	0	0	0	0	0	0	N	N	N	N	N	N	N	N	N	N	N	N	0.0000	0.0000	0.0000	0.0000	0.0000	0.0000	0.0000	0.0000	0.0000	0.0000	0.0000	0.0000	0.0000	0.0000	0.0000	0.0000	0.0000	0.0000	0.0000	0.0000	4.2685	0.0000	3.7703	0.0263	0.0000	0.0000	0.0000	0.0000	0.0000	0.0000	0.0000	0.0000	0.0000	0.0000	0.0000	0.0000	0.0000	0.0000	0.0000	0.0000	0.0000	0.0000	0.0000	0.0000	0.0000	0.0000	0.0000	0.0000	0.0000	0.0000	0.0000	0.0002	0.0001	0.0001	0.0001	0.0001	0.0000	0.0002	0.0001	0.0001	0.0000	0.0000	0.0000	0.0000	0.0000	0.0000	0.0000	0.0000	0.0000	0.0000	0.0000	0.0000	0.0000	0.0000	0.0000	0.0000	0.0000	0.0000											
33	37	0.0807	6	1	1	1	0	0	0	0	0	N	N	N	N	N	N	N	N	N	N	N	N	0.0000	0.0000	0.0000	0.0000	0.0000	0.0000	0.0000	0.0000	0.0000	0.0000	0.0000	0.0000	0.0000	0.0000	0.0000	0.0000	0.0018	0.0000	0.0042	0.0000	0.0000	0.0000	0.0024	0.0000	0.0046	2305.7850	0.0000	0.0000	4.2685	3.0000	3.7703	5.0002	0.0000	0.0000	0.0000	0.0000	0.0000	0.0000	0.0000	0.0000	0.0000	0.0001	0.0000	0.0001	0.0000	0.0000	0.0000	0.0001	0.0000	0.0001	0.0695	0.0596	0.0099	0.0104	0.0101	0.0004	0.0591	0.0496	0.0095	0.0372	0.0213	0.0159	0.0089	0.0077	0.0012	0.0283	0.0136	0.0147	0.0000	0.0000	0.0000	0.0000	0.0000	0.0000	0.0000	0.0000	0.0000	0.0018	0.0000	0.0042	0.0000	0.0000	0.0000	0.0024	0.0000	0.0046			
33	38	0.0482	8	1	1	0	0	0	0	0	0	N	N	N	N	N	N	N	N	N	N	N	N	2.3074	1.9374	0.8057	0.8775	inf	inf	0.0011	0.0013	0.0000	0.0008	0.0009	0.0000	0.0017	0.0020	0.0000	0.0005	0.0007	0.0000	0.0011	0.0011	0.0000	0.0000	0.0000	0.0000	0.0000	0.0002	-0.0000	-0.0000	4.2685	0.0001	3.7703	0.1668	0.0000	0.0000	0.0000	0.0000	0.0000	0.0000	0.0000	0.0000	0.0000	0.0000	0.0000	0.0000	0.0000	0.0000	0.0000	0.0000	0.0000	0.0000	0.0000	0.0000	0.0000	0.0000	0.0000	0.0000	0.0000	0.0000	0.0000	0.0068	0.0051	0.0017	0.0032	0.0031	0.0000	0.0036	0.0020	0.0017	2.3074	1.9374	0.0000	0.8057	0.8775	0.0000	inf	inf	0.0000	0.0005	0.0007	0.0000	0.0011	0.0011	0.0000	0.0000	0.0000	0.0000			
33	39	0.0117	5	0	0	0	1	0	0	0	0	N	N	N	N	N	N	N	N	N	N	N	N	0.0035	0.0003	4.5633	0.0003	0.0003	0.0000	1.6792	4.6309	0.0029	0.0003	0.0183	0.0013	0.0013	0.0000	0.0034	0.0000	0.0186	0.8209	1.3477	0.0040	3.8495	3.8817	0.0000	0.0020	0.0000	0.0040	8.9063	0.0019	0.0001	-0.0436	4.2685	1.7673	3.7703	9.0239	0.0002	0.0000	0.0002	0.0000	0.0000	0.0000	0.0002	0.0000	0.0002	0.0712	0.0711	0.0001	0.0711	0.0711	0.0000	0.0001	0.0000	0.0001	0.0578	0.0496	0.0082	0.0128	0.0127	0.0002	0.0450	0.0369	0.0081	0.0867	0.0527	0.0340	0.0185	0.0183	0.0002	0.0683	0.0344	0.0339	0.0035	0.0003	4.5633	0.0003	0.0003	0.0000	1.6792	0.0000	4.6309	0.8209	1.3477	0.0040	3.8495	3.8817	0.0000	0.0020	0.0000	0.0040	
33	40	0.0093	4	0	0	0	1	0	0	0	0	N	N	N	N	N	N	N	N	N	N	N	N	0.1131	0.0171	0.3728	0.0157	0.0158	0.0000	0.2212	0.0121	0.3748	0.2967	0.0422	1.0427	0.1286	0.1295	0.0000	0.3513	0.0000	1.0499	2.6240	2.4651	2.7973	8.1774	8.2159	0.0002	1.5881	0.0016	2.8016	8.4203	1.0403	0.0129	-0.0138	4.2685	3.4690	3.7703	3.7419	0.0374	0.0040	0.0334	0.0040	0.0040	0.0000	0.0334	0.0000	0.0334	0.1319	0.0647	0.0673	0.0646	0.0646	0.0000	0.0673	0.0000	0.0673	0.1261	0.0940	0.0321	0.0309	0.0307	0.0002	0.0952	0.0633	0.0318	0.0503	0.0262	0.0240	0.0079	0.0079	0.0000	0.0424	0.0184	0.0240	0.1131	0.0171	0.3728	0.0157	0.0158	0.0000	0.2212	0.0121	0.3748	2.6240	2.4651	2.7973	8.1774	8.2159	0.0002	1.5881	0.0016	2.8016
33	41	0.0663	10	0	1	1	0	0	0	0	0	N	N	N	N	N	N	N	N	N	N	N	N	0.0000	0.0000	0.0000	0.0000	0.0000	0.0000	0.0000	0.0000	0.0000	0.0000	0.0000	0.0000	0.0000	0.0000	0.0000	0.0000	0.0000	0.0000	0.2095	0.0045	0.5712	0.0004	0.0004	0.0003	0.3165	0.0083	0.6324	71.2501	0.0000	0.0059	4.2685	0.9997	3.7703	10.1790	0.0000	0.0000	0.0000	0.0000	0.0000	0.0000	0.0000	0.0000	0.0000	0.0158	0.0002	0.0156	0.0000	0.0000	0.0000	0.0158	0.0002	0.0156	0.0240	0.0206	0.0034	0.0031	0.0030	0.0001	0.0209	0.0175	0.0033	0.0756	0.0483	0.0274	0.0256	0.0229	0.0026	0.0500	0.0253	0.0247	0.0000	0.0000	0.0000	0.0000	0.0000	0.0000	0.0000	0.0000	0.0000	0.2095	0.0045	0.5712	0.0004	0.0004	0.0003	0.3165	0.0083	0.6324	
33	42	0.0652	9	0	1	0	0	0	0	0	0	N	N	N	N	N	N	N	N	N	N	N	N	0.0000	0.0000	0.0000	0.0000	0.0000	0.0000	0.0000	0.0000	0.0000	0.0000	0.0000	0.0000	0.0000	0.0000	0.0000	0.0000	0.0000	0.0000	5.0454	3.2282	7.7566	5.3543	5.7970	0.0000	4.8743	0.0895	8.3211	1.6105	0.0000	0.0001	4.2685	0.0007	3.7703	0.9413	0.0000	0.0000	0.0000	0.0000	0.0000	0.0000	0.0000	0.0000	0.0000	0.0399	0.0153	0.0246	0.0151	0.0151	0.0000	0.0248	0.0002	0.0246	0.0000	0.0000	0.0000	0.0000	0.0000	0.0000	0.0000	0.0000	0.0000	0.0079	0.0047	0.0032	0.0028	0.0026	0.0002	0.0051	0.0021	0.0030	0.0000	0.0000	0.0000	0.0000	0.0000	0.0000	0.0000	0.0000	0.0000	5.0454	3.2282	7.7566	5.3543	5.7970	0.0000	4.8743	0.0895	8.3211	
33	43	0.0477	5	1	0	1	0	0	0	0	0	N	N	N	N	N	N	N	N	N	N	N	N	0.0583	4.7882	0.0000	15.0640	13.7506	0.0000	0.0000	0.0000	0.0021	0.0025	0.0000	0.0185	0.0190	0.0000	0.0000	0.0000	0.0000	0.0366	0.0005	0.0798	0.0012	0.0014	0.0000	0.0465	0.0000	0.0843	0.0000	128.4244	-0.0001	0.0010	4.2685	1.9995	3.7703	12.0029	0.0001	0.0001	0.0000	0.0001	0.0001	0.0000	0.0000	0.0000	0.0000	0.0027	0.0000	0.0027	0.0000	0.0000	0.0000	0.0027	0.0000	0.0027	0.0468	0.0402	0.0066	0.0054	0.0053	0.0001	0.0414	0.0349	0.0065	0.0748	0.0407	0.0340	0.0163	0.0145	0.0018	0.0584	0.0262	0.0322	0.0583	4.7882	0.0000	15.0640	13.7506	0.0000	0.0000	0.0000	0.0000	0.0366	0.0005	0.0798	0.0012	0.0014	0.0000	0.0465	0.0000	0.0843	
33	44	0.0145	4	1	1	0	0	0	0	0	0	N	N	N	N	N	N	N	N	N	N	N	N	0.0002	0.0000	0.0012	0.0002	0.0002	0.0003	0.0000	0.0012	0.0005	0.0001	0.0030	0.0012	0.0012	0.0000	0.0005	0.0000	0.0031	2.3690	2.2877	2.4584	7.0892	7.4835	0.0000	1.4081	0.0001	2.5053	5.0000	0.9757	0.0000	-0.0585	4.2685	10.0000	3.7703	26.8440	0.0001	0.0000	0.0001	0.0000	0.0000	0.0000	0.0001	0.0000	0.0001	0.4839	0.2449	0.2390	0.2449	0.2449	0.0000	0.2390	0.0000	0.2390	0.2212	0.1883	0.0330	0.0164	0.0161	0.0003	0.2048	0.1722	0.0326	0.2043	0.1071	0.0972	0.0345	0.0327	0.0018	0.1697	0.0743	0.0954	0.0002	0.0000	0.0012	0.0002	0.0002	0.0000	0.0003	0.0000	0.0012	2.3690	2.2877	2.4584	7.0892	7.4835	0.0000	1.4081	0.0001	2.5053	
33	45	0.0652	9	0	1	0	0	0	0	0	0	N	N	N	N	N	N	N	N	N	N	N	N	0.0000	0.0000	0.0000	0.0000	0.0000	0.0000	0.0000	0.0000	0.0000	0.0000	0.0000	0.0000	0.0000	0.0000	0.0000	0.0000	0.0000	0.5800	0.0006	1.3645	0.0013	0.0015	0.0000	0.8035	0.0000	1.5088	1567.8585	0.0000	0.0097	4.2685	3.0000	3.7703	5.0456	0.0000	0.0000	0.0000	0.0000	0.0000	0.0000	0.0000	0.0000	0.0000	0.0251	0.0000	0.0251	0.0000	0.0000	0.0000	0.0251	0.0000	0.0251	0.0712	0.0611	0.0101	0.0092	0.0089	0.0003	0.0620	0.0522	0.0098	0.0433	0.0249	0.0184	0.0121	0.0103	0.0018	0.0312	0.0146	0.0166	0.0000	0.0000	0.0000	0.0000	0.0000	0.0000	0.0000	0.0000	0.0000	0.5800	0.0006	1.3645	0.0013	0.0015	0.0000	0.8035	0.0000	1.5088		
33	46	0.0610	8	0	1	0	0	0	0	0	0	N	N	N	N	N	N	N	N	N	N	N	N	0.0000	0.0000	0.0000	0.0000	0.0000	0.0000	0.0000	0.0000	0.0000	0.0000	0.0000	0.0000	0.0000	0.0000	0.0000	0.0000	0.0000	0.0000	69.5714	0.0555	434.0487	0.1120	0.1318	0.0000	75.4624	0.0004	434.4863	1680.8296	0.0000	0.3365	4.2685	2.0000	3.7703	1.0030	0.0000	0.0000	0.0000	0.0000	0.0000	0.0000	0.0000	0.0000	0.0000	0.8748	0.0005	0.8742	0.0005	0.0005	0.0000	0.8742	0.0000	0.8742	0.0463	0.0397	0.0066	0.0053	0.0052	0.0002	0.0410	0.0345	0.0064	0.0167	0.0094	0.0073	0.0046	0.0039	0.0007	0.0121	0.0054	0.0066	0.0000	0.0000	0.0000	0.0000	0.0000	0.0000	0.0000	0.0000	0.0000	52.3471	0.0555	119.0906	0.1120	0.1318	0.0000	72.3182	0.0004	131.5034	
33	47	0.0610	7	0	1	0	0	0	0	0	0	N	N	N	N	N	N	N	N	N	N	N	N	0.0000	0.0000	0.0000	0.0000	0.0000	0.0000	0.0000	0.0000	0.0000	0.0000	0.0000	0.0000	0.0000	0.0000	0.0000	0.0000	0.0000	0.0000	7.2856	5.6633	10.2018	8.2262	8.5203	0.0006	6.5410	0.0201	10.6565	1.0021	0.0000	-0.0009	4.2685	0.0000	3.7703	0.0582	0.0000	0.0000	0.0000	0.0000	0.0000	0.0000	0.0000	0.0000	0.0000	0.0081	0.0040	0.0041	0.0040	0.0040	0.0000	0.0041	0.0000	0.0041	0.0000	0.0000	0.0000	0.0000	0.0000	0.0000	0.0000	0.0000	0.0000	0.0011	0.0007	0.0004	0.0005	0.0005	0.0000	0.0006	0.0002	0.0004	0.0000	0.0000	0.0000	0.0000	0.0000	0.0000	0.0000	0.0000	0.0000	7.2856	5.6633	10.2018	8.2262	8.5203	0.0006	6.5410	0.0201	10.6565	
33	48	0.0572	6	0	1	0	0	0	0	0	0	N	N	N	N	N	N	N	N	N	N	N	N	0.3943	0.4709	0.0000	0.8152	0.7504	0.0000	0.0000	0.0000	0.0000	0.1354	0.1535	0.0000	0.4917	0.4959	0.0000	0.0000	0.0000	0.0000	0.3435	0.3259	0.3755	0.6031	0.6609	0.0294	0.2057	0.0067	0.4095	0.0000	0.6326	-0.0000	-0.0024	4.2685	0.0018	3.7703	3.9096	0.0000	0.0000	0.0000	0.0000	0.0000	0.0000	0.0000	0.0000	0.0000	0.0107	0.0065	0.0041	0.0065	0.0065	0.0000	0.0042	0.0001	0.0041	0.0001	0.0001	0.0000	0.0000	0.0000	0.0000	0.0001	0.0000	0.0000	0.0310	0.0200	0.0110	0.0108	0.0098	0.0010	0.0203	0.0103	0.0100	0.3943	0.4709	0.0000	0.8152	0.7504	0.0000	0.0000	0.0000	0.0000	0.3435	0.3259	0.3755	0.6031	0.6609	0.0294	0.2057	0.0067	0.4095
33	49	0.0477	5	0	1	0	0	0	0	0	0	N	N	N	N	N	N	N	N	N	N	N	N	0.0040	0.0027	0.0425	0.0085	0.0079	0.0000	0.0107	0.0000	0.0413	0.0852	0.0990	0.0015	0.7359	0.7557	0.0000	0.0002	0.0000	0.0015	21.4778	36.8152	0.0350	86.1406	95.4652	0.0011	0.0223	0.0040	0.0369	0.0025	0.0008	-0.0022	-0.5790	4.2685	2.0031	3.7703	6.0601	0.0040	0.0040	0.0000	0.0040	0.0040	0.0000	0.0000	0.0000	0.0000	0.9430	0.9423	0.0007	0.9423	0.9423	0.0000	0.0008	0.0001	0.0007	0.0469	0.0403	0.0066	0.0054	0.0053	0.0001	0.0415	0.0350	0.0065	0.0465	0.0256	0.0209	0.0109	0.0099	0.0011	0.0355	0.0157	0.0198	0.0042	0.0027	0.0425	0.0085	0.0079	0.0000	0.0107	0.0000	0.0413	20.2949	36.8152	0.0350	86.1406	95.4652	0.0011	0.0223	0.0040	0.0369
33	50	0.0202	5	0	0	1	0	0	0	0	0	N	N	N	N	N	N	N	N	N	N	N	N	18021515.7788	94588260.5894	25871780.8395	94366980.4659	4.0625	0.0000	46.2035	0.0000	0.0000	0.0000	6.4692	0.0000	47.2307	0.0000	0.0000	0.0000	0.0000	0.0000	0.0000	0.0000	0.0000	0.0000	inf	inf	0.0001	0.0000	4.2685	0.0004	3.7703	0.9852	0.0001	0.0000	0.0001	0.0000	0.0000	0.0000	0.0001	0.0000	0.0001	0.0000	0.0000	0.0000	0.0000	0.0000	0.0000	0.0000	0.0000	0.0000	0.0000	0.0000	0.0000	0.0000	0.0000	0.0000	0.0000	0.0000	0.0000	0.0053	0.0029	0.0025	0.0005	0.0005	0.0001	0.0048	0.0024	0.0024	18021515.7788	0.0000	94588260.5894	0.0000	0.0000	0.0000	25871780.8395	0.0000	94366980.4659	0.0000	0.0000	0.0000	0.0000	0.0000	0.0000	0.0000	0.0000	0.0000					
33	51	0.0093	4	0	0	0	0	0	0	0	0	N	N	N	N	N	N	N	N	N	N	N	N	0.8319	56.7467	0.9684	62.4186	62.5399	0.6109	0.0000	1.0000	5.3408	2.2075	18.3943	10.4746	10.6047	0.0000	4.2896	0.0000	18.5946	6.4199	0.0389	18.9940	0.1678	0.1696	0.0000	7.0223	0.0127	18.5947	2.0002	316.1329	0.1867	0.3205	4.2685	10.7574	3.7703	12.9024	1.5758	0.5253	1.0506	0.5253	0.5253	0.0000	1.0506	0.0000	1.0506	0.8388	0.0026	0.8361	0.0019	0.0019	0.0000	0.8369	0.0007	0.8361	0.2951	0.2379	0.0571	0.0501	0.0495	0.0006	0.2449	0.1884	0.0565	0.1307	0.0680	0.0627	0.0115	0.0114	0.0001	0.1192	0.0566	0.0625	0.8319	56.7467	1.3785	62.4186	62.5399	0.0000	0.6109	0.0000	1.3909	6.4199	0.0389	13.3438	0.1678	0.1696	0.0000	7.0223	0.0127	13.3692	
33	52	0.0079	3	0	0	0	0	0	0	0	0	N	N	N	N	N	N	N	N	N	N	N	N	0.6831	0.7137	0.9134	1.6880	1.6968	inf	0.3955	0.0023	0.9179	0.6684	0.4628	1.1989	1.2795	1.2864	0.0000	0.4529	0.0000	1.2049	0.9785	0.6485	1.3125	0.7580	0.7581	0.0000	1.1451	0.0001	1.3126	1.0039	2.0002	-0.0033	0.0090	4.2685	2.6694	3.7703	2.4027	0.0702	0.0350	0.0352	0.0350	0.0350	0.0000	0.0352	0.0000	0.0352	0.1727	0.0576	0.1152	0.0576	0.0576	0.0000	0.1152	0.0000	0.1152	0.1050	0.0757	0.0293	0.0274	0.0272	0.0001	0.0776	0.0484	0.0292	0.1765	0.0888	0.0877	0.0760	0.0759	0.0000	0.1006	0.0128	0.0877	0.6831	0.7137	0.9134	1.6880	1.6968	inf	0.3955	0.0023	0.9179	0.9785	0.6485	1.3125	0.7580	0.7581	0.0000	1.1451	0.0001	1.3126
33	53	0.0027	2	0	0	0	0	0	0	0	0	N	N	N	N	N	N	N	N	N	N	N	N	1.8247	0.7175	4.0644	1.1286	1.1297	inf	2.4343	0.0568	4.0683	1.3617	0.5108	3.1755	1.1657	1.1669	0.0001	1.4450	0.0001	3.1785	0.7463	0.7119	0.7813	1.0329	1.0329	0.0000	0.5936	0.0017	0.7813	2.9166	1.0774	0.1125	-0.0160	4.2685	8.6921	3.7703	5.3599	0.5728	0.1462	0.4265	0.1462	0.1462	0.0000	0.4266	0.0000	0.4265	0.1665	0.0802	0.0864	0.0801	0.0801	0.0000	0.0864	0.0001	0.0864	0.4206	0.2863	0.1343	0.1254	0.1253	0.0001	0.2952	0.1610	0.1342	0.2231	0.1126	0.1105	0.0775	0.0775	0.0000	0.1456	0.0351	0.1105	1.8247	0.7175	4.0644	1.1286	1.1297	inf	2.4343	0.0568	4.0683	0.7463	0.7119	0.7813	1.0329	1.0329	0.0000	0.5936	0.0017	0.7813
33	56	0.0477	5	1	1	0	0	0	0	0	0	N	N	N	N	N	N	N	N	N	N	N	N	0.0000	0.0000	0.0000	0.0000	0.0000	0.0000	0.0000	0.0000	0.0000	0.0000	0.0000	0.0000	0.0000	0.0000	0.0000	0.0000	0.0000	16.0467	28.5983	0.8814	69.5094	77.7316	0.0000	0.5153	0.0005	0.9303	0.0255	0.0000	-0.5733	4.2685	0.0000	3.7703	10.9971	0.0000	0.0000	0.0000	0.0000	0.0000	0.0000	0.0000	0.0000	0.0000	0.9720	0.9478	0.0242	0.9478	0.9478	0.0000	0.0242	0.0000	0.0242	0.0000	0.0000	0.0000	0.0000	0.0000	0.0000	0.0000	0.0000	0.0000	0.0606	0.0331	0.0274	0.0136	0.0122	0.0014	0.0469	0.0209	0.0260	0.0000	0.0000	0.0000	0.0000	0.0000	0.0000	0.0000	0.0000	0.0000	16.0467	28.5983	0.8814	69.5094	77.7316	0.0000	0.5153	0.0005	0.9303		
33	57	0.1030	8	0	0	0	0	0	0	0	0	N	N	N	N	N	N	N	N	N	N	N	N	0.0006	0.0014	0.0008	0.0047	0.0026	13.1846	0.0000	0.0000	0.0000	0.0003	0.0002	0.0012	0.0012	0.0007	0.0135	0.0000	0.0000	0.0001	0.5980	0.1565	1.4638	0.2438	0.2665	0.0010	0.8602	0.0000	1.6409	0.7756	4.7674	-0.0000	0.0357	4.2685	7.8198	3.7703	21.5823	0.0001	0.0001	0.0000	0.0001	0.0001	0.0000	0.0000	0.0000	0.0000	0.1685	0.0292	0.1393	0.0292	0.0292	0.0000	0.1393	0.0000	0.1393	0.2947	0.2583	0.0364	0.0879	0.0847	0.0032	0.2068	0.1736	0.0333	0.2818	0.1866	0.0951	0.1199	0.1096	0.0103	0.1619	0.0770	0.0849	0.0006	0.0014	0.0008	0.0047	0.0026	13.1846	0.0000	0.0000	0.0000	0.5980	0.1565	1.4638	0.2438	0.2665	0.0010	0.8602	0.0000	1.6409
33	58	0.0835	9	1	1	1	0	0	0	0	0	N	N	N	N	N	N	N	N	N	N	N	N	0.0002	0.0000	0.0074	0.0002	0.0002	0.0000	0.0006	0.0000	0.0073	0.0000	0.0000	0.0001	0.0001	0.0001	0.0000	0.0000	0.0000	0.0001	0.0891	0.1511	0.0090	0.2891	0.3305	0.0040	0.0184	0.0293	0.0094	1.4738	0.0460	0.0000	-0.0036	4.2685	2.0055	3.7703	11.8091	0.0000	0.0000	0.0000	0.0000	0.0000	0.0000	0.0000	0.0000	0.0000	0.0063	0.0061	0.0003	0.0054	0.0054	0.0000	0.0010	0.0007	0.0003	0.0467	0.0401	0.0066	0.0057	0.0056	0.0002	0.0410	0.0346	0.0065	0.0712	0.0401	0.0311	0.0186	0.0162	0.0024	0.0526	0.0239	0.0287	0.0002	0.0000	0.0074	0.0002	0.0002	0.0000	0.0006	0.0000	0.0073	0.0891	0.1511	0.0090	0.2891	0.3305	0.0040	0.0184	0.0293	0.0094
33	59	0.0780	8	1	0	1	0	0	0	0	0	N	N	N	N	N	N	N	N	N	N	N	N	0.0001	0.0005	0.0001	0.0018	0.0017	0.0000	0.0000	0.0000	0.0001	0.0000	0.0000	0.0000	0.0001	0.0001	0.0000	0.0000	0.0000	0.0000	0.1936	0.0227	0.4589	0.0443	0.0480	0.0104	0.2634	0.0000	0.4985	0.6847	13.0369	-0.0000	0.0018	4.2685	1.9951	3.7703	2.5667	0.0000	0.0000	0.0000	0.0000	0.0000	0.0000	0.0000	0.0000	0.0000	0.0058	0.0004	0.0053	0.0004	0.0004	0.0000	0.0053	0.0000	0.0053	0.0464	0.0398	0.0066	0.0055	0.0054	0.0002	0.0408	0.0344	0.0064	0.0297	0.0181	0.0117	0.0095	0.0085	0.0009	0.0203	0.0096	0.0107	0.0001	0.0005	0.0001	0.0018	0.0017	0.0000	0.0000	0.0000	0.0001	0.1936	0.0227	0.4589	0.0443	0.0480	0.0104	0.2634	0.0000	0.4985
33	60	0.0713	7	1	0	1	0	0	0	0	0	N	N	N	N	N	N	N	N	N	N	N	N	0.0000	0.0000	0.0000	0.0000	0.0000	0.0000	0.0000	0.0000	0.0000	0.0000	0.0000	0.0000	0.0000	0.0000	0.0000	0.0000	0.0000	0.0000	0.0087	0.0063	0.0154	0.0155	0.0111	0.0545	0.0028	0.0000	0.0069	0.8628	0.0000	-0.0000	4.2685	0.0108	3.7703	3.6229	0.0000	0.0000	0.0000	0.0000	0.0000	0.0000	0.0000	0.0000	0.0000	0.0003	0.0002	0.0001	0.0002	0.0002	0.0001	0.0000	0.0000	0.0000	0.0004	0.0003	0.0001	0.0001	0.0001	0.0000	0.0003	0.0002	0.0001	0.0336	0.0249	0.0088	0.0157	0.0141	0.0016	0.0180	0.0108	0.0072	0.0000	0.0000	0.0000	0.0000	0.0000	0.0000	0.0000	0.0000	0.0000	0.0087	0.0063	0.0154	0.0155	0.0111	0.0545	0.0028	0.0000	0.0069	
33	61	0.0233	6	0	1	0	0	0	0	0	0	N	N	N	N	N	N	N	N	N	N	N	N	0.0003	0.0000	0.0020	0.0017	0.0000	12.6239	0.0000	0.0000	0.0000	0.0000	0.0000	0.0001	0.0001	0.0000	0.0051	0.0000	0.0000	0.0000	0.0249	0.0208	0.0311	0.0411	0.0425	0.0004	0.0180	0.0000	0.0319	165.3496	1.0086	0.0000	-0.0003	4.2685	4.0917	3.7703	8.0988	0.0000	0.0000	0.0000	0.0000	0.0000	0.0000	0.0000	0.0000	0.0000	0.0026	0.0013	0.0013	0.0013	0.0013	0.0000	0.0013	0.0000	0.0013	0.1034	0.0888	0.0146	0.0126	0.0124	0.0002	0.0908	0.0764	0.0144	0.1056	0.0630	0.0426	0.0320	0.0309	0.0011	0.0737	0.0321	0.0415	0.0003	0.0000	0.0020	0.0017	0.0000	12.6239	0.0000	0.0000	0.0000	0.0249	0.0208	0.0311	0.0411	0.0425	0.0004	0.0180	0.0000	0.0319
33	62	0.0195	5	0	1	0	0	0	0	0	0	N	N	N	N	N	N	N	N	N	N	N	N	13.6530	0.1612	79.7295	0.0587	0.0454	3962.3943	21.1636	13.1397	78.4024	1.1471	0.0120	7.5514	0.0097	0.0079	0.0871	1.2405	0.0124	7.6361	0.0840	0.0746	0.0947	0.1654	0.1749	0.0000	0.0586	0.0009	0.0974	111.2841	1.1194	0.0246	-0.0004	4.2685	2.1165	3.7703	5.0852	0.0556	0.0005	0.0551	0.0000	0.0000	0.0000	0.0556	0.0005	0.0551	0.0044	0.0021	0.0023	0.0021	0.0021	0.0000	0.0024	0.0000	0.0023	0.0485	0.0412	0.0073	0.0037	0.0036	0.0001	0.0448	0.0376	0.0072	0.0526	0.0280	0.0247	0.0125	0.0118	0.0007	0.0401	0.0161	0.0240	13.6530	0.1612	79.7295	0.0587	0.0454	3962.3943	21.1636	13.1397	78.4024	0.0840	0.0746	0.0947	0.1654	0.1749	0.0000	0.0586	0.0009	0.0974
33	63	0.0713	7	1	0	1	0	0	0	0	0	N	N	N	N	N	N	N	N	N	N	N	N	0.0000	0.0000	0.0000	0.0000	0.0000	0.0000	0.0000	0.0000	0.0000	0.0000	0.0000	0.0000	0.0000	0.0000	0.0000	0.0000	0.0000	0.0000	0.0035	0.0034	0.0038	0.0093	0.0070	0.0257	0.0006	0.0000	0.0011	0.7003	0.0000	-0.0001	4.2685	3.9990	3.7703	8.8702	0.0000	0.0000	0.0000	0.0000	0.0000	0.0000	0.0000	0.0000	0.0000	0.0003	0.0002	0.0001	0.0003	0.0002	0.0001	0.0000	0.0000	0.0000	0.0899	0.0785	0.0114	0.0104	0.0101	0.0003	0.0796	0.0684	0.0112	0.0802	0.0492	0.0310	0.0272	0.0239	0.0033	0.0530	0.0253	0.0277	0.0000	0.0000	0.0000	0.0000	0.0000	0.0000	0.0000	0.0000	0.0000	0.0035	0.0034	0.0038	0.0093	0.0070	0.0257	0.0006	0.0000	0.0011	
33	64	0.0511	6	1	0	1	0	0	0	0	0	N	N	N	N	N	N	N	N	N	N	N	N	0.1097	0.2004	0.0000	0.5702	0.6094	0.0000	0.0000	0.0000	0.0000	0.0033	0.0038	0.0000	0.0258	0.0264	0.0000	0.0000	0.0000	0.0000	0.0302	0.0192	0.0462	0.0452	0.0433	0.0692	0.0242	0.0001	0.0450	0.0000	1.6553	-0.0002	0.0000	4.2685	3.9972	3.7703	6.8232	0.0003	0.0003	0.0000	0.0003	0.0003	0.0000	0.0000	0.0000	0.0000	0.0022	0.0008	0.0014	0.0009	0.0008	0.0001	0.0013	0.0000	0.0013	0.0960	0.0827	0.0133	0.0123	0.0120	0.0003	0.0837	0.0707	0.0130	0.0736	0.0436	0.0299	0.0208	0.0192	0.0015	0.0528	0.0244	0.0284	0.1097	0.2004	0.0000	0.5702	0.6094	0.0000	0.0000	0.0000	0.0000	0.0302	0.0192	0.0462	0.0452	0.0433	0.0692	0.0242	0.0001	0.0450
33	65	0.0272	6	0	1	0	0	0	0	0	0	N	N	N	N	N	N	N	N	N	N	N	N	0.0002	0.1080	0.0000	0.2035	0.1907	10.4792	0.0001	0.4230	0.0000	0.0005	0.0005	0.0002	0.0021	0.0021	0.0024	0.0003	0.0003	0.0001	2.7255	0.0048	6.6293	0.0104	0.0111	0.0002	3.6148	0.0007	6.8722	0.0507	961.0284	-0.0001	0.3300	4.2685	15.6632	3.7703	35.0639	0.0002	0.0002	0.0000	0.0001	0.0001	0.0000	0.0001	0.0001	0.0000	0.8590	0.0009	0.8581	0.0008	0.0008	0.0000	0.8582	0.0001	0.8581	0.3512	0.2998	0.0514	0.0367	0.0351	0.0016	0.3144	0.2647	0.0498	0.3152	0.1857	0.1294	0.0778	0.0732	0.0046	0.2374	0.1125	0.1249	0.0002	0.1080	0.0000	0.2035	0.1907	10.4792	0.0001	0.4230	0.0000	2.7255	0.0048	6.6293	0.0104	0.0111	0.0002	3.6148	0.0007	6.8722
33	66	0.0272	6	0	0	1	0	0	0	0	0	N	N	N	N	N	N	N	N	N	N	N	N	0.0000	0.0000	0.0000	0.0000	0.0000	0.0000	0.0000	0.0000	0.0000	0.0000	0.0000	0.0000	0.0000	0.0000	0.0000	0.0000	0.0000	0.0002	0.0000	0.0006	0.0000	0.0000	0.0000	0.0003	0.0000	0.0007	1723.8980	0.0000	0.0000	4.2685	4.9998	3.7703	10.1184	0.0000	0.0000	0.0000	0.0000	0.0000	0.0000	0.0000	0.0000	0.0000	0.0000	0.0000	0.0000	0.0000	0.0000	0.0000	0.0000	0.0000	0.0000	0.1259	0.1077	0.0181	0.0209	0.0196	0.0013	0.1049	0.0881	0.0168	0.1581	0.1052	0.0529	0.0539	0.0518	0.0021	0.1042	0.0534	0.0508	0.0000	0.0000	0.0000	0.0000	0.0000	0.0000	0.0000	0.0000	0.0000	0.0002	0.0000	0.0006	0.0000	0.0000	0.0000	0.0003	0.0000	0.0007		
33	67	0.0164	4	0	1	0	0	0	0	0	0	N	N	N	N	N	N	N	N	N	N	N	N	0.8782	1.4515	0.2350	42.2744	42.1397	6.3030	0.2814	0.3703	0.2384	0.0040	0.0044	0.0015	0.0228	0.0239	0.0001	0.0015	0.0015	0.0016	0.0046	0.0030	0.0065	0.0005	0.0006	0.0000	0.0054	0.0041	0.0066	0.0562	1.6892	-0.0005	0.0000	4.2685	10.9928	3.7703	18.5513	0.0010	0.0009	0.0001	0.0007	0.0007	0.0000	0.0003	0.0003	0.0001	0.0008	0.0003	0.0005	0.0000	0.0000	0.0000	0.0008	0.0003	0.0005	0.2466	0.2121	0.0345	0.0287	0.0275	0.0013	0.2179	0.1847	0.0332	0.1750	0.0977	0.0773	0.0307	0.0292	0.0015	0.1443	0.0685	0.0758	0.8782	1.4515	0.2350	42.2744	42.1397	6.3030	0.2814	0.3703	0.2384	0.0046	0.0030	0.0065	0.0005	0.0006	0.0000	0.0054	0.0041	0.0066
33	68	0.0164	3	0	0	0	0	0	0	0	0	N	N	N	N	N	N	N	N	N	N	N	N	3.7033	3.2630	6.0099	4.3068	4.3065	44.9980	3.3452	1.3767	6.0380	0.1081	0.0654	0.3266	0.1486	0.1495	0.0206	0.0847	0.0005	0.3311	0.0292	0.0200	0.0544	0.0345	0.0347	0.0005	0.0253	0.0003	0.0548	0.9774	0.9880	-0.0000	-0.0001	4.2685	0.0861	3.7703	1.0715	0.0006	0.0003	0.0003	0.0003	0.0003	0.0000	0.0003	0.0000	0.0003	0.0009	0.0005	0.0004	0.0005	0.0005	0.0000	0.0005	0.0000	0.0004	0.0058	0.0048	0.0009	0.0021	0.0021	0.0000	0.0036	0.0027	0.0009	0.0309	0.0227	0.0083	0.0131	0.0130	0.0001	0.0178	0.0097	0.0082	3.7033	3.2630	6.0099	4.3068	4.3065	44.9980	3.3452	1.3767	6.0380	0.0292	0.0200	0.0544	0.0345	0.0347	0.0005	0.0253	0.0003	0.0548
33	69	0.0807	7	1	0	1	0	0	0	0	0	N	N	N	N	N	N	N	N	N	N	N	N	0.0000	0.0000	0.0000	0.0000	0.0000	0.0000	0.0000	0.0000	0.0000	0.0000	0.0000	0.0000	0.0000	0.0000	0.0000	0.0000	0.0041	0.0000	0.0096	0.0000	0.0000	0.0000	0.0054	0.0000	0.0104	2906.8244	0.0000	0.0000	4.2685	1.0000	3.7703	3.0001	0.0000	0.0000	0.0000	0.0000	0.0000	0.0000	0.0000	0.0000	0.0000	0.0001	0.0000	0.0001	0.0000	0.0000	0.0000	0.0001	0.0000	0.0001	0.0234	0.0200	0.0033	0.0035	0.0034	0.0001	0.0199	0.0167	0.0032	0.0188	0.0108	0.0080	0.0045	0.0039	0.0006	0.0143	0.0069	0.0074	0.0000	0.0000	0.0000	0.0000	0.0000	0.0000	0.0000	0.0000	0.0000	0.0041	0.0000	0.0096	0.0000	0.0000	0.0000	0.0054	0.0000	0.0104			
33	70	0.0807	6	1	0	1	0	0	0	0	0	N	N	N	N	N	N	N	N	N	N	N	N	0.0000	0.0000	0.0000	0.0000	0.0000	0.0000	0.0000	0.0000	0.0000	0.0000	0.0000	0.0000	0.0000	0.0000	0.0000	0.0000	6.9745	6.0742	8.1882	8.0185	8.1729	0.0000	6.1711	0.0000	8.3493	1.0000	0.0000	-0.0000	4.2685	0.0000	3.7703	0.0009	0.0000	0.0000	0.0000	0.0000	0.0000	0.0000	0.0000	0.0000	0.0000	0.0001	0.0001	0.0001	0.0001	0.0001	0.0000	0.0001	0.0000	0.0001	0.0000	0.0000	0.0000	0.0000	0.0000	0.0000	0.0000	0.0000	0.0000	0.0000	0.0000	0.0000	0.0000	0.0000	0.0000	0.0000	0.0000	0.0000	0.0000	0.0000	0.0000	0.0000	0.0000	0.0000	0.0000	0.0000	0.0000	6.9745	6.0742	8.1882	8.0185	8.1729	0.0000	6.1711	0.0000	8.3493			
33	71	0.0477	5	1	0	1	0	0	0	0	0	N	N	N	N	N	N	N	N	N	N	N	N	0.3927	0.0005	0.6117	0.0016	0.0014	inf	0.3703	0.0000	0.6117	4.3929	0.0000	31.1056	0.0000	0.0000	0.0001	4.9487	0.0000	31.7912	11.1867	0.0093	50.8541	0.0225	0.0256	0.0000	13.3654	0.0010	51.9709	1117281.6718	2101.3448	0.4464	0.4706	4.2685	9.9966	3.7703	12.9129	0.9879	0.0000	0.9879	0.0000	0.0000	0.0000	0.9879	0.0000	0.9879	1.2232	0.0006	1.2226	0.0005	0.0005	0.0000	1.2226	0.0000	1.2226	0.2249	0.1931	0.0318	0.0253	0.0246	0.0007	0.1996	0.1686	0.0311	0.1155	0.0625	0.0530	0.0241	0.0212	0.0029	0.0915	0.0414	0.0501	0.4149	0.0005	1.3485	0.0016	0.0014	inf	0.3703	0.0000	1.3032	10.5870	0.0093	23.0674	0.0225	0.0256	0.0000	13.3654	0.0010	24.3943
33	72	0.0145	4	0	1	0	1	0	0	0	0	N	N	N	N	N	N	N	N	N	N	N	N	0.0034	0.0075	0.0053	0.0267	0.0257	0.0015	0.0000	0.0053	0.0186	0.0130	0.0505	0.1488	0.1519	0.0000	0.0081	0.0000	0.0511	5.4414	1.7248	9.5152	5.5641	5.9016	0.0000	5.4177	0.0008	9.7037	0.6787	5.0331	-0.0008	0.3247	4.2685	13.0000	3.7703	39.1663	0.0053	0.0031	0.0021	0.0031	0.0031	0.0000	0.0021	0.0000	0.0021	1.4792	0.2452	1.2340	0.2451	0.2451	0.0000	1.2341	0.0001	1.2340	0.2843	0.2421	0.0422	0.0211	0.0207	0.0004	0.2632	0.2214	0.0418	0.2718	0.1422	0.1297	0.0441	0.0415	0.0025	0.2278	0.1006	0.1272	0.0034	0.0075	0.0053	0.0267	0.0257	0.0000	0.0015	0.0000	0.0053	5.4414	1.7248	9.5152	5.5641	5.9016	0.0000	5.4177	0.0008	9.7037	
33	73	0.0121	3	0	1	0	0	0	0	0	0	N	N	N	N	N	N	N	N	N	N	N	N	0.0003	0.0001	1.3363	0.6106	0.2622	3301.1450	0.0002	0.0001	1.2442	0.0017	0.0016	0.0027	0.0006	0.0003	0.0165	0.0018	0.0017	0.0026	6.6608	11.5215	0.0020	0.0010	0.0010	0.0000	8.5639	18.3324	0.0021	0.3157	0.0001	-0.0000	-0.6110	4.2685	3.0003	3.7703	18.1082	0.0001	0.0001	0.0000	0.0000	0.0000	0.0000	0.0001	0.0001	0.0000	0.9941	0.9940	0.0001	0.0000	0.0000	0.0000	0.9941	0.9940	0.0001	0.0689	0.0583	0.0106	0.0054	0.0053	0.0001	0.0635	0.0530	0.0104	0.1493	0.0863	0.0630	0.0332	0.0321	0.0011	0.1161	0.0542	0.0619	0.0003	0.0001	1.3363	0.6106	0.2622	3301.1450	0.0002	0.0001	1.2442	6.6608	11.5215	0.0020	0.0010	0.0010	0.0000	8.5639	18.3324	0.0021
33	74	0.0511	6	0	1	0	0	0	0	0	0	N	N	N	N	N	N	N	N	N	N	N	N	0.0536	0.0464	0.0000	4.6015	44.4806	0.0000	0.0000	0.0000	0.0000	0.0019	0.0023	0.0000	0.0160	0.0164	0.0000	0.0000	0.0000	0.0000	0.0363	0.0487	0.0202	0.0035	0.0004	0.0318	0.0467	0.0785	0.0196	0.0000	0.3193	-0.0002	-0.0019	4.2685	7.0046	3.7703	18.1036	0.0003	0.0003	0.0000	0.0003	0.0003	0.0000	0.0000	0.0000	0.0000	0.0050	0.0038	0.0012	0.0001	0.0000	0.0001	0.0049	0.0038	0.0011	0.1632	0.1404	0.0228	0.0198	0.0193	0.0005	0.1434	0.1211	0.0223	0.1384	0.0783	0.0602	0.0332	0.0299	0.0033	0.1053	0.0484	0.0569	0.0536	0.0464	0.0000	4.6015	44.4806	0.0000	0.0000	0.0000	0.0000	0.0363	0.0487	0.0202	0.0035	0.0004	0.0318	0.0467	0.0785	0.0196
33	75	0.0477	5	0	0	0	0	0	0	0	0	N	N	N	N	N	N	N	N	N	N	N	N	3.4343	7.8254	1.1408	23.6870	22.4431	16.4932	0.2993	0.1800	1.1126	0.6819	0.7285	0.3830	4.4076	4.4967	0.0029	0.0608	0.0008	0.3911	0.1986	0.0931	0.3357	0.1861	0.2004	0.0002	0.2033	0.0046	0.3516	0.0818	2.7740	-0.0020	0.0006	4.2685	0.2435	3.7703	3.2922	0.0042	0.0039	0.0003	0.0039	0.0039	0.0000	0.0003	0.0000	0.0003	0.0048	0.0013	0.0035	0.0012	0.0012	0.0000	0.0036	0.0000	0.0035	0.0062	0.0053	0.0008	0.0009	0.0009	0.0000	0.0053	0.0045	0.0008	0.0242	0.0137	0.0105	0.0067	0.0062	0.0005	0.0176	0.0075	0.0101	3.4343	7.8254	1.1408	23.6870	22.4431	16.4932	0.2993	0.1800	1.1126	0.1986	0.0931	0.3357	0.1861	0.2004	0.0002	0.2033	0.0046	0.3516
33	76	0.0145	4	0	0	0	0	0	0	0	0	N	N	N	N	N	N	N	N	N	N	N	N	0.0669	0.2286	0.0083	0.8877	0.8628	0.0038	0.0209	0.0092	0.6048	0.6737	0.2125	7.7340	7.8986	0.0000	0.0344	0.0001	0.2147	9.0391	2.9474	25.7387	8.7120	9.1544	0.0000	9.1097	0.0071	23.2113	0.0554	4.8351	-0.0470	0.3062	4.2685	7.0044	3.7703	20.1113	0.0948	0.0898	0.0050	0.0898	0.0898	0.0000	0.0050	0.0000	0.0050	1.4316	0.2453	1.1863	0.2449	0.2449	0.0000	1.1867	0.0004	1.1863	0.1567	0.1333	0.0234	0.0116	0.0114	0.0002	0.1451	0.1219	0.0232	0.1584	0.0832	0.0751	0.0281	0.0268	0.0014	0.1303	0.0565	0.0738	0.0669	0.2286	0.0135	0.8877	0.8628	0.0000	0.0038	0.0209	0.0134	9.0391	2.9474	15.7880	8.7120	9.1544	0.0000	9.1097	0.0071	16.0788	
33	77	0.0168	4	0	1	0	0	0	0	0	0	N	N	N	N	N	N	N	N	N	N	N	N	1818.7857	9.9910	44816.3743	26.8009	25.6355	inf	12355.7155	inf	44018.0950	0.4502	0.0038	3.2394	0.0265	0.0268	0.0054	0.4993	0.0007	3.2660	0.0002	0.0004	0.0001	0.0010	0.0010	0.0000	0.0000	0.0000	0.0001	135.2678	0.1463	0.0398	-0.0000	4.2685	8.6571	3.7703	16.0761	0.0896	0.0007	0.0889	0.0005	0.0005	0.0000	0.0891	0.0001	0.0889	0.0000	0.0000	0.0000	0.0000	0.0000	0.0000	0.0000	0.0000	0.0000	0.1990	0.1716	0.0275	0.0207	0.0204	0.0002	0.1784	0.1511	0.0272	0.1563	0.0880	0.0683	0.0341	0.0323	0.0018	0.1222	0.0556	0.0665	1818.7857	9.9910	44816.3743	26.8009	25.6355	inf	12355.7155	inf	44018.0950	0.0002	0.0004	0.0001	0.0010	0.0010	0.0000	0.0000	0.0000	0.0001
33	78	0.0164	3	0	1	0	0	0	0	0	0	N	N	N	N	N	N	N	N	N	N	N	N	26.5758	17.7079	67.5448	34.4569	34.6839	inf	27.6088	19.1417	68.4491	0.0369	0.0208	0.1272	0.0756	0.0769	0.0002	0.0253	0.0002	0.1306	0.0014	0.0012	0.0019	0.0022	0.0022	0.0000	0.0009	0.0000	0.0019	1.0954	0.7018	-0.0000	-0.0000	4.2685	0.3645	3.7703	1.9845	0.0004	0.0002	0.0002	0.0002	0.0002	0.0000	0.0002	0.0000	0.0002	0.0001	0.0000	0.0000	0.0000	0.0000	0.0000	0.0000	0.0000	0.0000	0.0121	0.0103	0.0018	0.0028	0.0028	0.0000	0.0093	0.0075	0.0018	0.0374	0.0260	0.0114	0.0139	0.0137	0.0001	0.0236	0.0123	0.0112	26.5758	17.7079	67.5448	34.4569	34.6839	inf	27.6088	19.1417	68.4491	0.0014	0.0012	0.0019	0.0022	0.0022	0.0000	0.0009	0.0000	0.0019
33	79	0.0069	2	0	0	0	0	0	0	0	0	N	N	N	N	N	N	N	N	N	N	N	N	10.0234	22.3360	0.8704	25.9959	25.8880	2.4856	0.4936	0.3048	0.8712	0.8976	1.1409	0.1209	4.0525	4.0747	0.0001	0.0369	0.0003	0.1215	0.0896	0.0511	0.1389	0.1559	0.1574	0.0001	0.0748	0.0010	0.1395	0.0332	2.1192	-0.0456	0.0007	4.2685	2.9108	3.7703	14.2456	0.0884	0.0856	0.0028	0.0856	0.0856	0.0000	0.0029	0.0000	0.0028	0.0111	0.0035	0.0075	0.0035	0.0035	0.0000	0.0076	0.0000	0.0075	0.0985	0.0750	0.0235	0.0211	0.0210	0.0001	0.0774	0.0540	0.0234	0.1235	0.0694	0.0541	0.0224	0.0222	0.0002	0.1011	0.0472	0.0539	10.0234	22.3360	0.8704	25.9959	25.8880	2.4856	0.4936	0.3048	0.8712	0.0896	0.0511	0.1389	0.1559	0.1574	0.0001	0.0748	0.0010	0.1395
33	82	0.0302	7	0	1	0	0	0	0	0	0	N	N	N	N	N	N	N	N	N	N	N	N	0.0035	0.0841	0.0075	8.2759	3.3047	5.6336	0.0005	0.0114	0.0015	0.0157	0.0027	0.0866	0.0806	0.0130	0.6033	0.0033	0.0006	0.0169	4.4910	0.0320	11.6136	0.0097	0.0039	0.1071	6.0636	0.0528	11.3780	5.8832	242.4588	0.0010	0.3345	4.2685	7.9116	3.7703	21.1247	0.0031	0.0005	0.0027	0.0026	0.0004	0.0022	0.0005	0.0001	0.0005	0.8775	0.0036	0.8739	0.0005	0.0002	0.0003	0.8771	0.0034	0.8736	0.1980	0.1674	0.0306	0.0318	0.0281	0.0036	0.1663	0.1393	0.0270	0.1954	0.1126	0.0828	0.0508	0.0479	0.0029	0.1446	0.0647	0.0799	0.0035	0.0841	0.0082	8.2759	3.3047	5.6336	0.0005	0.0114	0.0015	4.4910	0.0320	10.5601	0.0097	0.0039	0.1071	6.0636	0.0528	10.9333
33	83	0.0482	8	1	1	0	0	0	0	0	0	N	N	N	N	N	N	N	N	N	N	N	N	0.0000	0.0000	0.0000	0.0000	0.0000	0.0000	0.0000	0.0000	0.0000	0.0000	0.0000	0.0000	0.0000	0.0010	0.0000	0.0027	0.0000	0.0000	0.0000	0.0015	0.0000	0.0028	inf	0.0000	0.0000	4.2685	0.0000	3.7703	1.8333	0.0000	0.0000	0.0000	0.0000	0.0000	0.0000	0.0000	0.0000	0.0000	0.0000	0.0000	0.0000	0.0000	0.0000	0.0000	0.0000	0.0000	0.0000	0.0000	0.0000	0.0000	0.0000	0.0000	0.0000	0.0000	0.0000	0.0000	0.0165	0.0103	0.0062	0.0054	0.0051	0.0002	0.0111	0.0052	0.0060	0.0000	0.0000	0.0000	0.0000	0.0000	0.0000	0.0000	0.0000	0.0000	0.0010	0.0000	0.0027	0.0000	0.0000	0.0000	0.0015	0.0000	0.0028						
33	84	0.0302	7	1	1	0	0	0	0	0	0	N	N	N	N	N	N	N	N	N	N	N	N	1.0072	0.6996	62.4372	1.6860	1.8148	102.9025	21.1984	17.8810	67.1960	0.5048	0.5942	0.0190	2.9372	3.3365	0.0051	0.0041	0.0008	0.0211	0.5012	0.8494	0.0003	1.7421	1.8385	0.0000	0.0002	0.0000	0.0003	0.0059	0.0002	-0.0486	-0.0471	4.2685	6.9552	3.7703	13.1226	0.0896	0.0891	0.0005	0.0890	0.0890	0.0000	0.0006	0.0001	0.0005	0.0767	0.0766	0.0000	0.0766	0.0766	0.0000	0.0000	0.0000	0.0000	0.1775	0.1499	0.0276	0.0303	0.0267	0.0036	0.1472	0.1232	0.0240	0.1530	0.0902	0.0627	0.0440	0.0417	0.0023	0.1090	0.0485	0.0604	1.0072	0.6996	62.4372	1.6860	1.8148	102.9025	21.1984	17.8810	67.1960	0.5012	0.8494	0.0003	1.7421	1.8385	0.0000	0.0002	0.0000	0.0003
33	85	0.0272	6	0	1	0	0	0	0	0	0	N	N	N	N	N	N	N	N	N	N	N	N	0.0768	0.0740	0.1243	0.1276	0.0842	23.2492	0.0060	0.2194	0.0150	0.2441	0.1568	0.5717	0.5190	0.3501	1.0859	0.0169	0.0040	0.0701	3.1788	2.1179	4.6005	4.0682	4.1594	0.0467	2.8030	0.0182	4.6717	0.9713	1.6208	-0.0003	0.0007	4.2685	0.3374	3.7703	6.1146	0.0051	0.0026	0.0025	0.0049	0.0025	0.0023	0.0002	0.0000	0.0002	0.1899	0.0724	0.1174	0.0722	0.0721	0.0000	0.1177	0.0003	0.1174	0.0208	0.0164	0.0044	0.0094	0.0072	0.0022	0.0114	0.0092	0.0022	0.0597	0.0342	0.0255	0.0177	0.0173	0.0004	0.0420	0.0169	0.0251	0.0768	0.0740	0.1243	0.1276	0.0842	23.2492	0.0060	0.2194	0.0150	3.1788	2.1179	4.6005	4.0682	4.1594	0.0467	2.8030	0.0182	4.6717
33	86	0.0272	6	0	1	0	0	0	0	0	0	N	N	N	N	N	N	N	N	N	N	N	N	0.2151	42.0063	0.0001	86.5407	98.9891	0.0086	0.0699	88.7012	0.0001	1.2727	1.5017	0.0024	7.6165	8.3662	0.0014	0.5238	0.6232	0.0025	5.9180	0.0357	18.3625	0.0880	0.0845	0.1632	7.4887	0.0070	18.3007	0.0003	301.5441	-0.1775	0.3351	4.2685	11.0342	3.7703	12.7513	0.3239	0.3238	0.0001	0.2047	0.2047	0.0000	0.1192	0.1191	0.0001	0.8773	0.0029	0.8744	0.0028	0.0025	0.0002	0.8745	0.0004	0.8742	0.2545	0.2156	0.0389	0.0269	0.0245	0.0024	0.2276	0.1912	0.0365	0.1482	0.0811	0.0671	0.0315	0.0301	0.0014	0.1168	0.0511	0.0657	0.2151	42.0063	0.0002	86.5407	98.9891	0.0086	0.0699	88.7012	0.0002	5.9180	0.0357	13.0259	0.0880	0.0845	0.1632	7.4887	0.0070	13.2994
33	87	0.0195	5	0	1	0	0	0	0	0	0	N	N	N	N	N	N	N	N	N	N	N	N	0.0359	1.3219	0.0168	7.6870	7.4327	9.4690	0.0051	0.0990	0.0163	0.0416	0.0418	0.0408	0.4626	0.4717	0.0477	0.0075	0.0011	0.0407	1.1605	0.0316	2.4306	0.0602	0.0635	0.0050	1.4645	0.0116	2.4952	0.1723	68.3399	-0.0015	0.0297	4.2685	3.9739	3.7703	6.2820	0.0038	0.0032	0.0006	0.0031	0.0031	0.0000	0.0006	0.0001	0.0005	0.0802	0.0012	0.0790	0.0009	0.0009	0.0000	0.0793	0.0003	0.0790	0.0902	0.0766	0.0135	0.0068	0.0066	0.0001	0.0834	0.0700	0.0134	0.0691	0.0366	0.0325	0.0150	0.0141	0.0008	0.0541	0.0225	0.0317	0.0359	1.3219	0.0168	7.6870	7.4327	9.4690	0.0051	0.0990	0.0163	1.1605	0.0316	2.4306	0.0602	0.0635	0.0050	1.4645	0.0116	2.4952
33	88	0.0145	4	0	1	0	0	0	0	0	0	N	N	N	N	N	N	N	N	N	N	N	N	2.7855	1.0094	11.8446	5.7032	5.6925	3.0577	0.3394	11.8101	0.2555	0.0819	1.2346	0.9336	0.9538	0.0000	0.2015	0.0009	1.2476	0.0917	0.0811	0.1042	0.1637	0.1676	0.0000	0.0659	0.0025	0.1056	2.6727	1.0869	0.0000	-0.0004	4.2685	0.0056	3.7703	5.7021	0.0000	0.0000	0.0000	0.0000	0.0000	0.0000	0.0000	0.0000	0.0000	0.0044	0.0021	0.0023	0.0021	0.0021	0.0000	0.0023	0.0000	0.0023	0.0001	0.0001	0.0000	0.0000	0.0000	0.0000	0.0001	0.0001	0.0000	0.0484	0.0262	0.0222	0.0128	0.0125	0.0003	0.0356	0.0137	0.0219	2.7855	1.0094	11.8446	5.7032	5.6925	0.0000	3.0577	0.3394	11.8101	0.0917	0.0811	0.1042	0.1637	0.1676	0.0000	0.0659	0.0025	0.1056	
33	92	0.1030	8	0	0	0	0	0	0	0	0	N	N	N	N	N	N	N	N	N	N	N	N	0.0025	1.3225	0.0031	0.6513	6.5336	0.2897	0.0006	0.0000	0.0021	0.0068	0.0045	0.0224	0.0249	0.0210	0.1118	0.0025	0.0000	0.0164	2.6741	0.0034	7.1232	0.0382	0.0032	0.3859	4.1978	0.0035	7.7845	0.7573	1268.8567	-0.0005	0.4109	4.2685	24.8682	3.7703	39.8855	0.0042	0.0024	0.0018	0.0030	0.0024	0.0006	0.0012	0.0000	0.0012	1.0686	0.0008	1.0678	0.0056	0.0004	0.0052	1.0630	0.0004	1.0626	0.6158	0.5352	0.0806	0.1187	0.1136	0.0051	0.4971	0.4216	0.0755	0.3996	0.2497	0.1499	0.1464	0.1330	0.0134	0.2532	0.1167	0.1365	0.0025	1.3225	0.0031	0.6513	6.5336	0.2897	0.0006	0.0000	0.0021	2.6741	0.0034	7.1232	0.0382	0.0032	0.3859	4.1978	0.0035	7.7845
34	35	0.0891	10	1	1	1	0	0	0	0	0	N	N	N	N	N	N	N	N	N	N	N	N	0.0000	0.0000	0.0000	0.0000	0.0000	0.0000	0.0000	0.0000	0.0000	0.0000	0.0000	0.0000	0.0000	0.0000	0.0000	0.0000	0.0000	0.0000	0.0000	0.0000	4.9966	1.0000	15.0870	1.0102	0.0000	0.0000	0.0000	0.0000	0.0000	0.0000	0.0000	0.0000	0.0000	0.0000	0.0000	0.0000	0.0000	0.0000	0.0000	0.0000	0.0000	0.0000	0.0210	0.0180	0.0030	0.0017	0.0016	0.0001	0.0193	0.0164	0.0029	0.0209	0.0121	0.0088	0.0066	0.0053	0.0014	0.0143	0.0068	0.0075	0.0000	0.0000	0.0000	0.0000	0.0000	0.0000	0.0000	0.0000	0.0000	0.0000	0.0000	0.0000	0.0000	0.0000	0.0000	0.0000	0.0000	0.0000											
34	36	0.0891	9	1	0	1	0	0	0	0	0	N	N	N	N	N	N	N	N	N	N	N	N	0.0000	0.0000	0.0000	0.0000	0.0000	0.0000	0.0000	0.0000	0.0000	0.0000	0.0000	0.0000	0.0000	0.0000	0.0000	0.0000	0.0000	0.0000	0.0000	0.0000	4.9966	0.0000	15.0870	0.0263	0.0000	0.0000	0.0000	0.0000	0.0000	0.0000	0.0000	0.0000	0.0000	0.0000	0.0000	0.0000	0.0000	0.0000	0.0000	0.0000	0.0000	0.0000	0.0000	0.0000	0.0000	0.0000	0.0000	0.0000	0.0000	0.0000	0.0000	0.0005	0.0003	0.0002	0.0002	0.0002	0.0000	0.0003	0.0001	0.0002	0.0000	0.0000	0.0000	0.0000	0.0000	0.0000	0.0000	0.0000	0.0000	0.0000	0.0000	0.0000	0.0000	0.0000	0.0000	0.0000	0.0000	0.0000											
34	37	0.0591	2	2	1	2	0	0	0	0	0	Y	N	Y	N	N	N	N	N	N	N	N	N	0.0000	0.0000	0.0000	0.0000	0.0000	0.0000	0.0000	0.0000	0.0000	0.0000	0.0000	0.0000	0.0000	0.0000	0.0000	0.0000	0.0001	0.0000	0.0002	0.0001	0.0001	0.0000	0.0001	0.0000	0.0002	7.2435	0.0000	0.0000	4.9966	3.0000	15.0870	5.0002	0.0000	0.0000	0.0000	0.0000	0.0000	0.0000	0.0000	0.0000	0.0000	0.0000	0.0000	0.0000	0.0000	0.0000	0.0000	0.0000	0.0000	0.0000	0.0687	0.0578	0.0110	0.0020	0.0019	0.0001	0.0667	0.0559	0.0109	0.0987	0.0516	0.0471	0.0094	0.0087	0.0007	0.0893	0.0429	0.0464	0.0000	0.0000	0.0000	0.0000	0.0000	0.0000	0.0000	0.0000	0.0000	0.0001	0.0000	0.0002	0.0001	0.0001	0.0000	0.0001	0.0000	0.0002			
34	38	0.0929	6	2	1	1	0	0	0	0	0	Y	N	N	N	N	N	N	N	N	N	N	N	0.0000	0.0000	0.0000	0.0000	0.0000	0.0000	0.0000	0.0000	0.0000	0.0000	0.0000	0.0000	0.0000	0.0012	0.0000	0.0048	0.0000	0.0000	0.0000	0.0022	0.0000	0.0049	inf	0.0000	0.0000	4.9966	0.0001	15.0870	0.1668	0.0000	0.0000	0.0000	0.0000	0.0000	0.0000	0.0000	0.0000	0.0000	0.0000	0.0000	0.0000	0.0000	0.0000	0.0000	0.0000	0.0000	0.0000	0.0000	0.0000	0.0000	0.0000	0.0000	0.0000	0.0000	0.0000	0.0000	0.0160	0.0121	0.0039	0.0074	0.0073	0.0000	0.0086	0.0047	0.0038	0.0000	0.0000	0.0000	0.0000	0.0000	0.0000	0.0000	0.0000	0.0000	0.0012	0.0000	0.0048	0.0000	0.0000	0.0000	0.0022	0.0000	0.0049						
34	39	0.0806	9	1	0	1	1	0	0	0	0	N	N	N	N	N	N	N	N	N	N	N	N	0.0000	0.0000	0.0000	0.0000	0.0000	0.0000	0.0000	0.0000	0.0000	0.0000	0.0000	0.0000	0.0000	0.0000	0.0000	0.0000	0.0000	0.0000	0.0000	0.0000	4.9966	1.7673	15.0870	9.0239	0.0000	0.0000	0.0000	0.0000	0.0000	0.0000	0.0000	0.0000	0.0000	0.0000	0.0000	0.0000	0.0000	0.0000	0.0000	0.0000	0.0000	0.0000	0.0574	0.0495	0.0079	0.0105	0.0103	0.0002	0.0469	0.0392	0.0076	0.1958	0.1237	0.0721	0.0600	0.0562	0.0038	0.1358	0.0674	0.0683	0.0000	0.0000	0.0000	0.0000	0.0000	0.0000	0.0000	0.0000	0.0000	0.0000	0.0000	0.0000	0.0000	0.0000	0.0000	0.0000	0.0000	0.0000											
34	40	0.0783	8	1	0	1	1	0	0	0	0	N	N	N	N	N	N	N	N	N	N	N	N	0.0003	0.0002	0.0000	0.4036	0.3803	0.0000	0.0000	0.0000	0.0000	0.0009	0.0011	0.0000	0.0114	0.0120	0.0000	0.0000	0.0000	0.0000	3.2310	5.7726	0.1194	0.0282	0.0314	0.0006	4.1913	9.2169	0.1262	0.0000	0.0169	-0.0000	-0.1891	4.9966	3.4690	15.0870	3.7419	0.0001	0.0001	0.0000	0.0001	0.0001	0.0000	0.0000	0.0000	0.0000	0.3161	0.3108	0.0053	0.0006	0.0006	0.0000	0.3154	0.3102	0.0053	0.0861	0.0732	0.0129	0.0070	0.0067	0.0003	0.0791	0.0665	0.0126	0.0978	0.0538	0.0440	0.0226	0.0202	0.0024	0.0753	0.0337	0.0416	0.0003	0.0002	0.0000	0.4036	0.3803	0.0000	0.0000	0.0000	0.0000	3.2310	5.7726	0.1194	0.0282	0.0314	0.0006	4.1913	9.2169	0.1262
34	41	0.0446	6	1	1	2	0	0	0	0	0	N	N	Y	N	N	N	N	N	N	N	N	N	0.0000	0.0000	0.0000	0.0000	0.0000	0.0000	0.0000	0.0000	0.0000	0.0000	0.0000	0.0000	0.0000	0.0000	0.0000	0.0000	0.0000	5.2289	0.0002	18.4878	0.0014	0.0004	0.0115	7.1298	0.0000	19.1828	50915.3511	0.0000	0.3845	4.9966	0.9997	15.0870	10.1790	0.0000	0.0000	0.0000	0.0000	0.0000	0.0000	0.0000	0.0000	0.0000	0.9982	0.0000	0.9982	0.0001	0.0000	0.0000	0.9981	0.0000	0.9981	0.0239	0.0201	0.0038	0.0002	0.0002	0.0000	0.0236	0.0199	0.0038	0.1909	0.1153	0.0756	0.0509	0.0466	0.0043	0.1400	0.0688	0.0712	0.0000	0.0000	0.0000	0.0000	0.0000	0.0000	0.0000	0.0000	0.0000	5.2289	0.0002	13.2096	0.0014	0.0004	0.0115	7.1298	0.0000	14.0125		
34	42	0.0435	5	1	1	1	0	0	0	0	0	N	N	N	N	N	N	N	N	N	N	N	N	0.0000	0.0000	0.0000	0.0000	0.0000	0.0000	0.0000	0.0000	0.0000	0.0000	0.0000	0.0000	0.0000	0.0000	0.0000	0.0000	0.0000	0.1139	0.0269	0.2315	0.0434	0.0464	0.0000	0.1416	0.0103	0.2417	6.3515	0.0000	0.0005	4.9966	0.0007	15.0870	0.9413	0.0000	0.0000	0.0000	0.0000	0.0000	0.0000	0.0000	0.0000	0.0000	0.0021	0.0003	0.0018	0.0002	0.0002	0.0000	0.0019	0.0001	0.0018	0.0000	0.0000	0.0000	0.0000	0.0000	0.0000	0.0000	0.0000	0.0000	0.0187	0.0108	0.0079	0.0053	0.0050	0.0003	0.0134	0.0058	0.0076	0.0000	0.0000	0.0000	0.0000	0.0000	0.0000	0.0000	0.0000	0.0000	0.1139	0.0269	0.2315	0.0434	0.0464	0.0000	0.1416	0.0103	0.2417		
34	44	0.0593	2	2	1	1	0	0	0	0	0	Y	N	N	N	N	N	N	N	N	N	N	N	132623.4442	41617.9101	inf	0.0000	0.0000	inf	inf	inf	8.8115	5.2103	28.5299	0.0000	0.0000	0.0000	9.1581	5.4414	28.8924	0.0001	0.0001	0.0000	0.0005	0.0006	0.0000	0.0000	0.0000	0.0000	1.0000	0.0000	-0.0964	-0.0000	4.9966	10.0000	15.0870	26.8440	2.0000	1.0000	1.0000	0.0000	0.0000	0.0000	2.0000	1.0000	1.0000	0.0000	0.0000	0.0000	0.0000	0.0000	0.0000	0.0000	0.0000	0.0000	0.2270	0.1919	0.0351	0.0086	0.0082	0.0004	0.2184	0.1838	0.0346	0.4270	0.2266	0.2004	0.0571	0.0504	0.0067	0.3699	0.1762	0.1937	132623.4442	41617.9101	inf	0.0000	0.0000	0.0000	inf	inf	inf	0.0001	0.0001	0.0000	0.0005	0.0006	0.0000	0.0000	0.0000	0.0000	
34	45	0.0435	5	1	1	1	0	0	0	0	0	N	N	N	N	N	N	N	N	N	N	N	N	0.0000	0.0000	0.0000	0.0000	0.0000	0.0000	0.0000	0.0000	0.0000	0.0000	0.0000	0.0000	0.0000	0.0021	0.0039	0.0000	0.0109	0.0126	0.0000	0.0000	0.0000	0.0000	0.0000	0.0000	-0.0001	4.9966	3.0000	15.0870	5.0456	0.0000	0.0000	0.0000	0.0000	0.0000	0.0000	0.0000	0.0000	0.0000	0.0002	0.0002	0.0000	0.0002	0.0002	0.0000	0.0000	0.0000	0.0000	0.0709	0.0597	0.0113	0.0007	0.0006	0.0000	0.0703	0.0590	0.0112	0.1103	0.0591	0.0512	0.0210	0.0183	0.0027	0.0892	0.0408	0.0484	0.0000	0.0000	0.0000	0.0000	0.0000	0.0000	0.0000	0.0000	0.0000	0.0021	0.0039	0.0000	0.0109	0.0126	0.0000	0.0000	0.0000	0.0000						
34	46	0.0393	4	1	1	1	0	0	0	0	0	N	N	N	N	N	N	N	N	N	N	N	N	0.0000	0.0000	0.0000	0.0000	0.0000	0.0000	0.0000	0.0000	0.0000	0.0000	0.0000	0.0000	0.0000	0.0000	0.0000	0.0000	0.0101	0.0086	0.0118	0.0280	0.0327	0.0000	0.0067	0.0000	0.0124	1.2624	0.0000	-0.0000	4.9966	2.0000	15.0870	1.0030	0.0000	0.0000	0.0000	0.0000	0.0000	0.0000	0.0000	0.0000	0.0000	0.0004	0.0002	0.0002	0.0002	0.0002	0.0000	0.0002	0.0000	0.0002	0.0469	0.0395	0.0074	0.0003	0.0003	0.0000	0.0466	0.0392	0.0074	0.0407	0.0212	0.0195	0.0065	0.0056	0.0009	0.0342	0.0157	0.0186	0.0000	0.0000	0.0000	0.0000	0.0000	0.0000	0.0000	0.0000	0.0000	0.0101	0.0086	0.0118	0.0280	0.0327	0.0000	0.0067	0.0000	0.0124			
34	47	0.0393	3	1	1	1	0	0	0	0	0	N	N	N	N	N	N	N	N	N	N	N	N	0.0000	0.0000	0.0000	0.0000	0.0000	0.0000	0.0000	0.0000	0.0000	0.0000	0.0000	0.0000	0.0000	0.0000	0.0000	0.0000	0.0000	0.1358	0.1099	0.1842	0.1699	0.1729	0.0000	0.1131	0.0144	0.1880	0.8959	0.0000	-0.0001	4.9966	0.0000	15.0870	0.0582	0.0000	0.0000	0.0000	0.0000	0.0000	0.0000	0.0000	0.0000	0.0000	0.0004	0.0002	0.0002	0.0002	0.0002	0.0000	0.0002	0.0000	0.0002	0.0000	0.0000	0.0000	0.0000	0.0000	0.0000	0.0000	0.0000	0.0000	0.0027	0.0017	0.0009	0.0011	0.0011	0.0000	0.0016	0.0007	0.0009	0.0000	0.0000	0.0000	0.0000	0.0000	0.0000	0.0000	0.0000	0.0000	0.1358	0.1099	0.1842	0.1699	0.1729	0.0000	0.1131	0.0144	0.1880		
34	48	0.0355	2	1	1	1	0	0	0	0	0	N	N	N	N	N	N	N	N	N	N	N	N	0.8779	1.3122	0.0000	1.8243	1.8310	0.0000	0.0000	0.0000	0.0000	0.1268	0.1453	0.0000	0.5488	0.5492	0.0000	0.0000	0.0000	0.0000	0.1445	0.1107	0.1965	0.3008	0.2999	0.3488	0.0984	0.0003	0.1950	0.0000	1.1503	-0.0000	-0.0009	4.9966	0.0018	15.0870	3.9096	0.0000	0.0000	0.0000	0.0000	0.0000	0.0000	0.0000	0.0000	0.0000	0.0114	0.0053	0.0061	0.0054	0.0053	0.0001	0.0060	0.0000	0.0060	0.0001	0.0001	0.0000	0.0000	0.0000	0.0000	0.0001	0.0001	0.0000	0.0793	0.0481	0.0312	0.0180	0.0177	0.0003	0.0612	0.0304	0.0308	0.8779	1.3122	0.0000	1.8243	1.8310	0.0000	0.0000	0.0000	0.0000	0.1445	0.1107	0.1965	0.3008	0.2999	0.3488	0.0984	0.0003	0.1950
34	50	0.0891	9	1	0	2	0	0	0	0	0	N	N	Y	N	N	N	N	N	N	N	N	N	inf	inf	inf	inf	3.5001	0.0000	32.0083	0.0000	0.0000	0.0000	5.6204	0.0000	32.6707	0.0000	0.0000	0.0000	0.0000	0.0000	0.0000	0.0000	0.0000	0.0000	inf	0.0001	0.0000	4.9966	0.0004	15.0870	0.9852	0.0001	0.0000	0.0001	0.0000	0.0000	0.0000	0.0001	0.0000	0.0001	0.0000	0.0000	0.0000	0.0000	0.0000	0.0000	0.0000	0.0000	0.0000	0.0000	0.0000	0.0000	0.0000	0.0000	0.0000	0.0000	0.0000	0.0000	0.0119	0.0068	0.0052	0.0029	0.0024	0.0005	0.0090	0.0043	0.0047	inf	0.0000	inf	0.0000	0.0000	0.0000	inf	0.0000	inf	0.0000	0.0000	0.0000	0.0000	0.0000	0.0000	0.0000	0.0000	0.0000						
34	51	0.0783	8	1	0	1	0	0	0	0	0	N	N	N	N	N	N	N	N	N	N	N	N	3041.0928	0.0000	inf	0.0000	0.0000	inf	inf	7.9391	0.0000	52.2851	0.0000	0.0000	0.0000	8.4949	0.0000	53.6274	0.0026	0.0048	0.0000	0.0129	0.0149	0.0000	0.0000	0.0000	0.0000	238537538.4218	0.0000	0.9018	-0.0004	4.9966	10.7574	15.0870	12.9024	1.9959	0.0000	1.9959	0.0000	0.0000	0.0000	1.9959	0.0000	1.9959	0.0007	0.0007	0.0000	0.0007	0.0007	0.0000	0.0000	0.0000	0.0000	0.2514	0.2132	0.0382	0.0164	0.0155	0.0010	0.2349	0.1977	0.0372	0.2789	0.1529	0.1260	0.0564	0.0490	0.0074	0.2225	0.1039	0.1186	3041.0928	0.0000	inf	0.0000	0.0000	0.0000	inf	0.0000	inf	0.0026	0.0048	0.0000	0.0129	0.0149	0.0000	0.0000	0.0000	0.0000		
34	52	0.0768	7	1	0	1	0	0	0	0	0	N	N	N	N	N	N	N	N	N	N	N	N	0.0664	0.0003	2.7794	0.0030	0.0029	0.0947	0.0000	2.6931	0.0012	0.0000	0.0080	0.0001	0.0001	0.0000	0.0013	0.0000	0.0082	0.0187	0.0320	0.0029	0.0358	0.0403	0.0000	0.0139	0.0273	0.0030	175.6475	0.0758	0.0000	-0.0007	4.9966	2.6694	15.0870	2.4027	0.0001	0.0000	0.0001	0.0000	0.0000	0.0000	0.0001	0.0000	0.0001	0.0013	0.0012	0.0001	0.0005	0.0005	0.0000	0.0007	0.0006	0.0001	0.0647	0.0547	0.0100	0.0042	0.0039	0.0002	0.0605	0.0508	0.0097	0.0669	0.0364	0.0306	0.0146	0.0129	0.0016	0.0524	0.0234	0.0289	0.0664	0.0003	2.7794	0.0030	0.0029	0.0000	0.0947	0.0000	2.6931	0.0187	0.0320	0.0029	0.0358	0.0403	0.0000	0.0139	0.0273	0.0030	
34	53	0.0716	6	1	0	1	0	0	0	0	0	N	N	N	N	N	N	N	N	N	N	N	N	0.0061	0.0039	0.0000	0.0125	0.0112	inf	0.0000	0.0000	0.0000	0.0023	0.0027	0.0000	0.0236	0.0244	0.0000	0.0000	0.0000	0.0000	0.3710	0.6748	0.0063	1.8912	2.1857	0.0000	0.0037	0.0003	0.0067	0.0000	0.0078	-0.0003	-0.0376	4.9966	8.6921	15.0870	5.3599	0.0005	0.0005	0.0000	0.0005	0.0005	0.0000	0.0000	0.0000	0.0000	0.0620	0.0615	0.0005	0.0615	0.0615	0.0000	0.0005	0.0000	0.0005	0.2207	0.1889	0.0319	0.0213	0.0206	0.0007	0.1994	0.1683	0.0311	0.1671	0.0912	0.0759	0.0325	0.0281	0.0044	0.1346	0.0630	0.0716	0.0061	0.0039	0.0000	0.0125	0.0112	inf	0.0000	0.0000	0.0000	0.3710	0.6748	0.0063	1.8912	2.1857	0.0000	0.0037	0.0003	0.0067
34	54	0.0714	5	1	0	1	0	0	0	0	0	N	N	N	N	N	N	N	N	N	N	N	N	0.2719	5.2592	0.0004	12.0409	11.0963	inf	0.0000	0.0000	0.0020	0.0022	0.0000	0.0114	0.0116	0.0003	0.0000	0.0000	0.0000	0.0072	0.0004	0.0150	0.0009	0.0010	0.0000	0.0092	0.0000	0.0158	0.0004	30.3034	-0.0001	0.0001	4.9966	1.8652	15.0870	1.4001	0.0001	0.0001	0.0000	0.0001	0.0001	0.0000	0.0000	0.0000	0.0000	0.0003	0.0000	0.0003	0.0000	0.0000	0.0000	0.0003	0.0000	0.0003	0.0595	0.0518	0.0077	0.0102	0.0100	0.0002	0.0494	0.0418	0.0075	0.0473	0.0254	0.0218	0.0114	0.0104	0.0011	0.0359	0.0151	0.0208	0.2719	5.2592	0.0004	12.0409	11.0963	inf	0.0000	0.0000	0.0000	0.0072	0.0004	0.0150	0.0009	0.0010	0.0000	0.0092	0.0000	0.0158	
34	55	0.0669	4	1	0	1	0	0	0	0	0	N	N	N	N	N	N	N	N	N	N	N	N	0.6510	0.0389	59.1608	0.1523	0.1432	inf	16.8012	57.0813	0.0018	0.0002	0.0116	0.0016	0.0016	0.0002	0.0018	0.0000	0.0117	0.0027	0.0045	0.0002	0.0104	0.0113	0.0000	0.0001	0.0000	0.0002	10.9038	0.0301	0.0000	-0.0002	4.9966	2.5292	15.0870	4.9772	0.0001	0.0000	0.0001	0.0000	0.0000	0.0000	0.0001	0.0000	0.0001	0.0003	0.0003	0.0000	0.0003	0.0003	0.0000	0.0000	0.0000	0.0000	0.0675	0.0580	0.0095	0.0064	0.0062	0.0001	0.0611	0.0518	0.0093	0.1207	0.0717	0.0490	0.0307	0.0284	0.0023	0.0900	0.0433	0.0467	0.6510	0.0389	59.1608	0.1523	0.1432	inf	16.8012	0.0000	57.0813	0.0027	0.0045	0.0002	0.0104	0.0113	0.0000	0.0001	0.0000	0.0002	
34	57	0.1477	6	1	0	1	0	0	0	0	0	N	N	N	N	N	N	N	N	N	N	N	N	47.8810	1756.1656	0.0000	354.0527	2900.0152	0.0000	7.0100	inf	0.0000	2.3606	2.6840	0.0000	6.6598	6.9164	0.0000	0.5649	0.6687	0.0000	0.0493	0.0015	0.1554	0.0188	0.0024	0.1314	0.0806	0.0000	0.1617	0.0000	45.7778	-0.3992	0.0112	4.9966	7.8198	15.0870	21.5823	0.7282	0.7282	0.0000	0.6053	0.6053	0.0000	0.1229	0.1229	0.0000	0.0309	0.0007	0.0302	0.0060	0.0007	0.0053	0.0249	0.0000	0.0249	0.3085	0.2713	0.0372	0.0909	0.0875	0.0034	0.2176	0.1838	0.0338	0.6262	0.4319	0.1944	0.3171	0.2767	0.0404	0.3091	0.1551	0.1540	47.8810	1756.1656	0.0000	354.0527	2900.0152	0.0000	7.0100	inf	0.0000	0.0493	0.0015	0.1554	0.0188	0.0024	0.1314	0.0806	0.0000	0.1617
34	58	0.0618	5	2	1	2	0	0	0	0	0	Y	N	Y	N	N	N	N	N	N	N	N	N	0.0000	0.0000	0.0000	0.0000	0.0000	0.0000	0.0000	0.0000	0.0000	0.0000	0.0000	0.0000	0.0000	0.0003	0.0006	0.0000	0.0029	0.0032	0.0000	0.0000	0.0000	0.0000	0.0000	0.0000	-0.0000	4.9966	2.0055	15.0870	11.8091	0.0000	0.0000	0.0000	0.0000	0.0000	0.0000	0.0000	0.0000	0.0000	0.0001	0.0001	0.0000	0.0001	0.0001	0.0000	0.0000	0.0000	0.0000	0.0474	0.0400	0.0074	0.0008	0.0007	0.0000	0.0466	0.0392	0.0074	0.1761	0.0906	0.0854	0.0176	0.0162	0.0014	0.1585	0.0744	0.0841	0.0000	0.0000	0.0000	0.0000	0.0000	0.0000	0.0000	0.0000	0.0000	0.0003	0.0006	0.0000	0.0029	0.0032	0.0000	0.0000	0.0000	0.0000						
34	59	0.0564	4	2	0	2	0	0	0	0	0	Y	N	Y	N	N	N	N	N	N	N	N	N	0.0000	0.0000	0.0000	0.0000	0.0000	0.0000	0.0000	0.0000	0.0000	0.0000	0.0000	0.0000	0.0000	0.0000	0.0000	0.0000	0.0000	0.0118	0.0198	0.0013	0.0609	0.0632	0.0000	0.0012	0.0010	0.0013	0.0501	0.0000	-0.0005	4.9966	1.9951	15.0870	2.5667	0.0000	0.0000	0.0000	0.0000	0.0000	0.0000	0.0000	0.0000	0.0000	0.0009	0.0008	0.0000	0.0008	0.0008	0.0000	0.0001	0.0000	0.0000	0.0470	0.0396	0.0074	0.0006	0.0005	0.0000	0.0464	0.0391	0.0073	0.0743	0.0420	0.0323	0.0132	0.0127	0.0005	0.0611	0.0293	0.0318	0.0000	0.0000	0.0000	0.0000	0.0000	0.0000	0.0000	0.0000	0.0000	0.0118	0.0198	0.0013	0.0609	0.0632	0.0000	0.0012	0.0010	0.0013		
34	60	0.0497	3	2	0	2	0	0	0	0	0	Y	N	Y	N	N	N	N	N	N	N	N	N	17.6474	0.0000	105.6136	10.1964	0.0000	542.7298	16.1364	0.0000	110.4214	1.2848	0.0000	7.7394	0.1589	0.0000	60.3042	1.7663	0.0000	7.4883	0.0728	0.0726	0.0733	0.0156	0.0061	0.1111	0.1095	0.1375	0.0678	inf	0.3933	0.0002	-0.0019	4.9966	0.0108	15.0870	3.6229	0.0005	0.0000	0.0005	0.0000	0.0000	0.0000	0.0005	0.0000	0.0005	0.0057	0.0041	0.0016	0.0005	0.0002	0.0003	0.0053	0.0039	0.0013	0.0004	0.0004	0.0001	0.0001	0.0001	0.0000	0.0003	0.0002	0.0001	0.0788	0.0567	0.0221	0.0308	0.0280	0.0028	0.0481	0.0287	0.0193	17.6474	0.0000	105.6136	10.1964	0.0000	542.7298	16.1364	0.0000	110.4214	0.0728	0.0726	0.0733	0.0156	0.0061	0.1111	0.1095	0.1375	0.0678
34	61	0.0680	4	1	1	1	0	0	0	0	0	N	N	N	N	N	N	N	N	N	N	N	N	1650.7994	2353.1121	0.0000	9896.5509	9532.0678	0.0000	0.0000	0.1463	0.1710	0.0000	1.5309	1.5632	0.0000	0.0000	0.0000	0.0000	0.0001	0.0001	0.0001	0.0002	0.0002	0.0000	0.0001	0.0000	0.0001	0.0000	0.9971	-0.0086	-0.0000	4.9966	4.0917	15.0870	8.0988	0.0157	0.0157	0.0000	0.0157	0.0157	0.0000	0.0000	0.0000	0.0000	0.0000	0.0000	0.0000	0.0000	0.0000	0.0000	0.0000	0.0000	0.0000	0.1076	0.0920	0.0155	0.0103	0.0101	0.0002	0.0973	0.0820	0.0153	0.2254	0.1376	0.0878	0.0646	0.0610	0.0037	0.1608	0.0767	0.0841	1650.7994	2353.1121	0.0000	9896.5509	9532.0678	0.0000	0.0000	0.0000	0.0000	0.0001	0.0001	0.0001	0.0002	0.0002	0.0000	0.0001	0.0000	0.0001		
34	62	0.0643	3	1	1	1	0	0	0	0	0	N	N	N	N	N	N	N	N	N	N	N	N	15.5225	0.0269	85.0764	0.3976	0.3799	0.0000	17.2872	0.0000	82.5034	0.3169	0.0005	2.0348	0.0101	0.0106	0.0000	0.3294	0.0000	2.0604	0.0204	0.0174	0.0239	0.0254	0.0280	0.0003	0.0191	0.0115	0.0250	799.0616	1.1795	0.0071	-0.0002	4.9966	2.1165	15.0870	5.0852	0.0157	0.0000	0.0157	0.0000	0.0000	0.0000	0.0157	0.0000	0.0157	0.0023	0.0010	0.0012	0.0006	0.0006	0.0000	0.0017	0.0004	0.0012	0.0497	0.0420	0.0077	0.0019	0.0019	0.0001	0.0477	0.0401	0.0076	0.1105	0.0595	0.0511	0.0236	0.0214	0.0022	0.0870	0.0381	0.0489	15.5225	0.0269	85.0764	0.3976	0.3799	0.0000	17.2872	0.0000	82.5034	0.0204	0.0174	0.0239	0.0254	0.0280	0.0003	0.0191	0.0115	0.0250
34	63	0.0497	3	2	0	2	0	0	0	0	0	Y	N	Y	N	N	N	N	N	N	N	N	N	0.1891	0.0000	2.0517	0.9961	0.0000	3.1235	0.1653	0.0000	2.3493	0.0059	0.0000	0.0419	0.0140	0.0000	0.2784	0.0057	0.0000	0.0406	0.0310	0.0390	0.0204	0.0140	0.0051	0.0891	0.0347	0.0522	0.0173	inf	0.3961	0.0002	-0.0019	4.9966	3.9990	15.0870	8.8702	0.0005	0.0000	0.0005	0.0000	0.0000	0.0000	0.0005	0.0000	0.0005	0.0057	0.0041	0.0016	0.0005	0.0001	0.0003	0.0052	0.0039	0.0013	0.0921	0.0792	0.0129	0.0014	0.0014	0.0001	0.0907	0.0779	0.0128	0.1841	0.1048	0.0794	0.0328	0.0293	0.0035	0.1513	0.0754	0.0759	0.1891	0.0000	2.0517	0.9961	0.0000	3.1235	0.1653	0.0000	2.3493	0.0310	0.0390	0.0204	0.0140	0.0051	0.0891	0.0347	0.0522	0.0173
34	64	0.0295	2	2	0	2	0	0	0	0	0	Y	N	Y	N	N	N	N	N	N	N	N	N	1.5587	0.0007	9.5690	4.4005	8.2856	0.2231	1.1296	0.0000	9.5597	10.2196	0.0041	67.2751	0.1362	0.1213	6.7310	10.4989	0.0002	67.2993	6.5565	6.1429	7.0305	0.0309	0.0146	30.1757	9.2940	13.6608	7.0399	2947.6538	0.9985	0.4512	-0.2290	4.9966	3.9972	15.0870	6.8232	0.9994	0.0003	0.9991	0.0004	0.0003	0.0000	0.9991	0.0000	0.9991	1.9888	0.9952	0.9936	0.0028	0.0013	0.0015	1.9860	0.9939	0.9922	0.0978	0.0829	0.0149	0.0026	0.0026	0.0000	0.0952	0.0803	0.0148	0.3033	0.1620	0.1413	0.0896	0.0892	0.0004	0.2137	0.0728	0.1409	1.5587	0.0007	9.5690	4.4005	8.2856	1.8163	1.1296	0.0000	9.5597	6.5565	6.1429	7.0305	0.0309	0.0146	3.7059	9.2940	13.6608	7.0399
34	65	0.0719	4	1	1	1	0	0	0	0	0	N	N	N	N	N	N	N	N	N	N	N	N	1.4343	2.6421	0.0000	0.0041	0.0037	0.0000	1.1860	2.1561	0.0000	2.7855	3.2804	0.0000	0.0025	0.0026	0.0000	2.9468	3.4971	0.0000	1.9421	1.2416	3.0141	0.6195	0.7122	0.0033	2.4846	1.6219	3.3347	0.0000	1.5864	-0.5482	-0.0020	4.9966	15.6632	15.0870	35.0639	1.0000	1.0000	0.0000	0.0000	0.0000	0.0000	1.0000	1.0000	0.0000	1.4280	0.5521	0.8759	0.1325	0.1324	0.0001	1.2955	0.4197	0.8758	0.3590	0.3049	0.0542	0.0197	0.0189	0.0008	0.3393	0.2860	0.0534	0.7353	0.4447	0.2906	0.2139	0.1859	0.0280	0.5214	0.2588	0.2626	1.4343	2.6421	0.0000	0.0041	0.0037	0.0000	1.1860	2.1561	0.0000	1.9421	1.2416	3.0141	0.6195	0.7122	0.0033	2.4846	1.6219	3.3347
34	66	0.0719	4	1	0	2	0	0	0	0	0	N	N	Y	N	N	N	N	N	N	N	N	N	0.2689	0.2103	1.2941	1.1728	0.0001	0.0001	0.0000	0.0009	0.0009	0.0000	0.0000	0.0000	0.0000	0.0003	0.0004	0.0000	0.0007	0.0008	0.0000	0.0000	0.0000	0.0000	0.0000	0.0000	-0.0000	-0.0001	4.9966	4.9998	15.0870	10.1184	0.0000	0.0000	0.0000	0.0000	0.0000	0.0000	0.0000	0.0000	0.0000	0.0001	0.0001	0.0000	0.0001	0.0001	0.0000	0.0000	0.0000	0.0000	0.1280	0.1092	0.0188	0.0109	0.0107	0.0003	0.1171	0.0986	0.0185	0.4131	0.2756	0.1375	0.1698	0.1499	0.0198	0.2433	0.1257	0.1176	0.2689	0.2103	0.0000	1.2941	1.1728	0.0000	0.0000	0.0000	0.0000	0.0003	0.0004	0.0000	0.0007	0.0008	0.0000	0.0000	0.0000	0.0000					
34	67	0.0764	6	1	1	1	0	0	0	0	0	N	N	N	N	N	N	N	N	N	N	N	N	1.5081	1.0198	0.0000	40.5759	42.1858	0.0000	1.1931	0.6526	4.0305	4.7276	0.0000	0.0396	0.0436	0.0000	4.2461	4.9984	0.0000	2.6725	4.6356	0.0000	0.0010	0.0010	0.0004	3.5590	7.6590	0.0000	0.0000	0.0000	-0.5482	-0.6148	4.9966	10.9928	15.0870	18.5513	1.0000	1.0000	0.0000	0.0005	0.0005	0.0000	0.9995	0.9995	0.0000	1.0001	1.0001	0.0000	0.0001	0.0001	0.0000	1.0000	1.0000	0.0000	0.2481	0.2115	0.0366	0.0127	0.0116	0.0012	0.2354	0.2000	0.0354	0.3742	0.2157	0.1585	0.0932	0.0852	0.0081	0.2810	0.1306	0.1504	1.5081	1.0198	0.0000	40.5759	42.1858	0.0000	1.1931	0.6526	0.0000	2.6725	4.6356	0.0000	0.0010	0.0010	0.0004	3.5590	7.6590	0.0000	
34	68	0.0764	5	1	0	1	0	0	0	0	0	N	N	N	N	N	N	N	N	N	N	N	N	61.1278	72.6193	0.9436	79.5007	81.4273	14.1746	52.4409	104.6873	0.0000	0.1748	0.1930	0.0031	0.2671	0.2683	0.1173	0.1294	0.1503	0.0000	0.0029	0.0027	0.0033	0.0034	0.0033	0.0083	0.0025	0.0014	0.0032	0.0017	0.6299	-0.0005	-0.0000	4.9966	0.0861	15.0870	1.0715	0.0009	0.0009	0.0000	0.0005	0.0005	0.0000	0.0005	0.0005	0.0000	0.0002	0.0001	0.0001	0.0001	0.0001	0.0000	0.0001	0.0000	0.0001	0.0053	0.0048	0.0005	0.0017	0.0017	0.0000	0.0036	0.0031	0.0005	0.0643	0.0425	0.0219	0.0283	0.0279	0.0004	0.0360	0.0146	0.0215	61.1278	72.6193	0.9436	79.5007	81.4273	14.1746	52.4409	104.6873	0.0000	0.0029	0.0027	0.0033	0.0034	0.0033	0.0083	0.0025	0.0014	0.0032
34	69	0.0591	3	2	0	2	0	0	0	0	0	Y	N	Y	N	N	N	N	N	N	N	N	N	0.0000	0.0000	0.0000	0.0000	0.0000	0.0000	0.0000	0.0000	0.0000	0.0000	0.0000	0.0000	0.0000	0.0000	0.0000	0.0000	0.0002	0.0000	0.0004	0.0003	0.0003	0.0000	0.0002	0.0000	0.0004	7.2435	0.0000	0.0000	4.9966	1.0000	15.0870	3.0001	0.0000	0.0000	0.0000	0.0000	0.0000	0.0000	0.0000	0.0000	0.0000	0.0000	0.0000	0.0000	0.0000	0.0000	0.0000	0.0000	0.0000	0.0000	0.0231	0.0194	0.0037	0.0007	0.0006	0.0000	0.0225	0.0188	0.0037	0.0500	0.0262	0.0239	0.0048	0.0044	0.0004	0.0452	0.0217	0.0235	0.0000	0.0000	0.0000	0.0000	0.0000	0.0000	0.0000	0.0000	0.0000	0.0002	0.0000	0.0004	0.0003	0.0003	0.0000	0.0002	0.0000	0.0004			
34	70	0.0591	2	2	0	2	0	0	0	0	0	Y	N	Y	N	N	N	N	N	N	N	N	N	0.0000	0.0000	0.0000	0.0000	0.0000	0.0000	0.0000	0.0000	0.0000	0.0000	0.0000	0.0000	0.0000	0.0000	0.0000	0.0000	0.4811	0.4331	0.5409	0.6018	0.6046	0.0000	0.4007	0.0000	0.5432	1.0000	0.0000	-0.0000	4.9966	0.0000	15.0870	0.0009	0.0000	0.0000	0.0000	0.0000	0.0000	0.0000	0.0000	0.0000	0.0000	0.0000	0.0000	0.0000	0.0000	0.0000	0.0000	0.0000	0.0000	0.0000	0.0000	0.0000	0.0000	0.0000	0.0000	0.0000	0.0000	0.0000	0.0000	0.0000	0.0000	0.0000	0.0000	0.0000	0.0000	0.0000	0.0000	0.0000	0.0000	0.0000	0.0000	0.0000	0.0000	0.0000	0.0000	0.0000	0.0000	0.4811	0.4331	0.5409	0.6018	0.6046	0.0000	0.4007	0.0000	0.5432			
34	72	0.0593	2	1	1	1	1	0	0	0	0	N	N	N	N	N	N	N	N	N	N	N	N	0.0000	0.0000	0.0000	0.0000	0.0000	0.0000	0.0000	0.0000	0.0000	0.0000	0.0000	0.0000	0.0000	0.0000	0.0000	0.0000	1.6421	0.0000	3.4896	0.0001	0.0002	0.0000	1.8806	0.0000	3.6111	97693.9178	0.0000	0.3615	4.9966	13.0000	15.0870	39.1663	0.0000	0.0000	0.0000	0.0000	0.0000	0.0000	0.0000	0.0000	0.0000	0.9383	0.0000	0.9383	0.0000	0.0000	0.0000	0.9383	0.0000	0.9383	0.2916	0.2467	0.0449	0.0110	0.0105	0.0006	0.2806	0.2363	0.0443	0.5714	0.3025	0.2689	0.0725	0.0634	0.0091	0.4989	0.2391	0.2598	0.0000	0.0000	0.0000	0.0000	0.0000	0.0000	0.0000	0.0000	0.0000	1.6421	0.0000	3.4896	0.0001	0.0002	0.0000	1.8806	0.0000	3.6111			
34	73	0.0618	3	1	1	1	0	0	0	0	0	N	N	N	N	N	N	N	N	N	N	N	N	411407.8567	293128.6872	0.0000	0.0000	0.0000	0.0000	inf	inf	14.2697	16.8963	0.0000	0.0000	0.0000	0.0000	14.8383	17.6571	0.0000	0.0000	0.0001	0.0000	0.0002	0.0002	0.0001	0.0000	0.0000	0.0000	0.0000	0.0640	-0.5482	-0.0000	4.9966	3.0003	15.0870	18.1082	1.0000	1.0000	0.0000	0.0000	0.0000	0.0000	1.0000	1.0000	0.0000	0.0000	0.0000	0.0000	0.0000	0.0000	0.0000	0.0000	0.0000	0.0000	0.0701	0.0592	0.0109	0.0027	0.0026	0.0001	0.0674	0.0566	0.0108	0.2946	0.1666	0.1280	0.0553	0.0510	0.0042	0.2394	0.1156	0.1238	411407.8567	293128.6872	0.0000	0.0000	0.0000	0.0000	inf	inf	0.0000	0.0000	0.0001	0.0000	0.0002	0.0002	0.0001	0.0000	0.0000	0.0000	
34	74	0.0295	2	1	1	1	0	0	0	0	0	N	N	N	N	N	N	N	N	N	N	N	N	0.1945	0.1190	2.2946	2.2875	0.0043	0.0050	0.0000	0.2530	0.2538	0.0000	0.0000	0.0000	0.0000	0.0220	0.0424	0.0000	0.1103	0.1110	0.0000	0.0000	0.0000	0.0000	0.0000	0.0000	-0.0004	-0.0062	4.9966	7.0046	15.0870	18.1036	0.0007	0.0007	0.0000	0.0007	0.0007	0.0000	0.0000	0.0000	0.0000	0.0101	0.0101	0.0000	0.0101	0.0101	0.0000	0.0000	0.0000	0.0000	0.1658	0.1403	0.0255	0.0028	0.0028	0.0000	0.1630	0.1376	0.0255	0.4604	0.2384	0.2220	0.0918	0.0912	0.0006	0.3686	0.1472	0.2214	0.1945	0.1190	0.0000	2.2946	2.2875	0.0000	0.0000	0.0000	0.0000	0.0220	0.0424	0.0000	0.1103	0.1110	0.0000	0.0000	0.0000	0.0000					
34	77	0.0768	6	1	1	1	0	0	0	0	0	N	N	N	N	N	N	N	N	N	N	N	N	inf	inf	inf	inf	0.0000	0.0000	0.0000	0.0000	0.0000	0.0009	0.0000	0.0000	0.0000	0.0000	0.0000	0.0000	0.0000	0.0000	0.0000	0.0000	0.0000	0.0000	inf	0.0000	0.0000	4.9966	8.6571	15.0870	16.0761	0.0000	0.0000	0.0000	0.0000	0.0000	0.0000	0.0000	0.0000	0.0000	0.0000	0.0000	0.0000	0.0000	0.0000	0.0000	0.0000	0.0000	0.0000	0.1977	0.1703	0.0274	0.0075	0.0073	0.0002	0.1902	0.1631	0.0271	0.2937	0.1717	0.1220	0.0698	0.0629	0.0069	0.2239	0.1088	0.1151	inf	0.0000	inf	inf	0.0000	inf	0.0000	0.0000	0.0000	0.0000	0.0000	0.0000	0.0000	0.0000	0.0000	0.0000	0.0000	0.0000						
34	78	0.0764	5	1	1	1	0	0	0	0	0	N	N	N	N	N	N	N	N	N	N	N	N	inf	inf	inf	inf	inf	inf	0.0002	0.0000	0.0011	0.0009	0.0001	0.0363	0.0000	0.0000	0.0000	0.0000	0.0000	0.0000	0.0000	0.0000	0.0000	0.0000	0.0000	0.0000	7.2052	0.0000	0.0000	4.9966	0.3645	15.0870	1.9845	0.0000	0.0000	0.0000	0.0000	0.0000	0.0000	0.0000	0.0000	0.0000	0.0000	0.0000	0.0000	0.0000	0.0000	0.0000	0.0000	0.0000	0.0000	0.0117	0.0103	0.0015	0.0020	0.0020	0.0000	0.0097	0.0083	0.0014	0.0783	0.0503	0.0280	0.0313	0.0306	0.0007	0.0471	0.0198	0.0273	inf	inf	inf	inf	inf	inf	0.0000	0.0000	0.0000	0.0000	0.0000	0.0000	0.0000	0.0000	0.0000	0.0000	0.0000	0.0000				
34	79	0.0669	4	1	0	1	0	0	0	0	0	N	N	N	N	N	N	N	N	N	N	N	N	10.0605	12.7835	0.0035	25.9050	23.6446	inf	8.6830	9.6410	0.0000	0.0062	0.0072	0.0000	0.0017	0.0018	0.0002	0.0066	0.0078	0.0000	0.0006	0.0006	0.0007	0.0001	0.0001	0.0000	0.0008	0.0008	0.0007	0.0001	0.9308	-0.0003	-0.0000	4.9966	2.9108	15.0870	14.2456	0.0005	0.0005	0.0000	0.0000	0.0000	0.0000	0.0005	0.0005	0.0000	0.0001	0.0001	0.0001	0.0000	0.0000	0.0000	0.0001	0.0001	0.0001	0.0763	0.0655	0.0108	0.0067	0.0065	0.0001	0.0696	0.0589	0.0107	0.2296	0.1297	0.1000	0.0485	0.0435	0.0050	0.1811	0.0862	0.0949	10.0605	12.7835	0.0035	25.9050	23.6446	inf	8.6830	9.6410	0.0000	0.0006	0.0006	0.0007	0.0001	0.0001	0.0000	0.0008	0.0008	0.0007
34	80	0.0618	3	1	0	1	0	0	0	0	0	N	N	N	N	N	N	N	N	N	N	N	N	39.9643	88.2677	0.0000	322.2033	1009.3472	0.0000	15.4866	26.6927	0.0000	0.0164	0.0194	0.0000	0.2502	0.2604	0.0000	0.0043	0.0051	0.0000	0.0004	0.0002	0.0007	0.0008	0.0003	0.0127	0.0003	0.0002	0.0004	0.0000	2.0659	-0.0000	0.0000	4.9966	0.1009	15.0870	7.5203	0.0000	0.0000	0.0000	0.0000	0.0000	0.0000	0.0000	0.0000	0.0000	0.0001	0.0000	0.0000	0.0000	0.0000	0.0000	0.0000	0.0000	0.0000	0.0024	0.0021	0.0004	0.0001	0.0001	0.0000	0.0023	0.0019	0.0004	0.1464	0.0893	0.0572	0.0388	0.0372	0.0016	0.1076	0.0520	0.0555	39.9643	88.2677	0.0000	322.2033	1009.3472	0.0000	15.4866	26.6927	0.0000	0.0004	0.0002	0.0007	0.0008	0.0003	0.0127	0.0003	0.0002	0.0004
34	81	0.0593	2	1	0	1	0	0	0	0	0	N	N	N	N	N	N	N	N	N	N	N	N	836.9210	635.8350	0.0000	0.0000	0.0000	5297.4806	inf	0.0000	0.9203	1.0904	0.0000	0.0000	0.0000	0.0000	0.9566	1.1390	0.0000	0.0011	0.0017	0.0003	0.0038	0.0040	0.0000	0.0002	0.0000	0.0003	0.0000	0.1395	-0.0000	-0.0000	4.9966	0.0014	15.0870	3.7882	0.0000	0.0000	0.0000	0.0000	0.0000	0.0000	0.0000	0.0000	0.0000	0.0001	0.0001	0.0000	0.0001	0.0001	0.0000	0.0000	0.0000	0.0000	0.0000	0.0000	0.0000	0.0000	0.0000	0.0000	0.0000	0.0000	0.0000	0.0714	0.0402	0.0312	0.0182	0.0174	0.0008	0.0532	0.0227	0.0304	836.9210	635.8350	0.0000	0.0000	0.0000	0.0000	5297.4806	inf	0.0000	0.0011	0.0017	0.0003	0.0038	0.0040	0.0000	0.0002	0.0000	0.0003	
34	82	0.0750	5	1	1	1	0	0	0	0	0	N	N	N	N	N	N	N	N	N	N	N	N	0.0000	0.0000	0.0000	0.0000	0.0000	0.0000	0.0000	0.0000	0.0000	0.0000	0.0000	0.0000	0.0000	0.0000	0.0000	2.2783	3.9096	0.0000	9.0035	9.6016	0.0003	0.0000	0.0000	0.0000	0.0000	0.0000	-0.6446	4.9966	7.9116	15.0870	21.1247	0.0000	0.0000	0.0000	0.0000	0.0000	0.0000	0.0000	0.0000	0.0000	1.0486	1.0486	0.0000	1.0486	1.0486	0.0000	0.0000	0.0000	0.0000	0.1940	0.1649	0.0291	0.0150	0.0144	0.0006	0.1791	0.1505	0.0285	0.4602	0.2682	0.1920	0.1165	0.1092	0.0073	0.3438	0.1590	0.1848	0.0000	0.0000	0.0000	0.0000	0.0000	0.0000	0.0000	0.0000	0.0000	2.2783	3.9096	0.0000	9.0035	9.6016	0.0003	0.0000	0.0000	0.0000				
34	83	0.0929	6	2	1	1	0	0	0	0	0	Y	N	N	N	N	N	N	N	N	N	N	N	0.0000	0.0000	0.0000	0.0000	0.0000	0.0000	0.0000	0.0000	0.0000	0.0000	0.0000	0.0000	0.0000	0.0000	0.0000	0.0000	0.0000	0.0000	0.0000	0.0000	4.9966	0.0000	15.0870	1.8333	0.0000	0.0000	0.0000	0.0000	0.0000	0.0000	0.0000	0.0000	0.0000	0.0000	0.0000	0.0000	0.0000	0.0000	0.0000	0.0000	0.0000	0.0000	0.0000	0.0000	0.0000	0.0000	0.0000	0.0000	0.0000	0.0000	0.0000	0.0364	0.0232	0.0132	0.0110	0.0104	0.0006	0.0255	0.0128	0.0126	0.0000	0.0000	0.0000	0.0000	0.0000	0.0000	0.0000	0.0000	0.0000	0.0000	0.0000	0.0000	0.0000	0.0000	0.0000	0.0000	0.0000	0.0000											
34	84	0.0750	5	2	1	1	0	0	0	0	0	Y	N	N	N	N	N	N	N	N	N	N	N	0.0000	0.0000	0.0000	0.0000	0.0000	0.0000	0.0000	0.0000	0.0000	0.0000	0.0000	0.0000	0.0000	0.0000	0.0000	0.0000	0.0000	0.7982	0.0095	1.9504	0.0848	0.0208	1.3379	1.0819	0.0000	1.9752	140.8665	0.0000	0.1122	4.9966	6.9552	15.0870	13.1226	0.0000	0.0000	0.0000	0.0000	0.0000	0.0000	0.0000	0.0000	0.0000	0.2966	0.0021	0.2945	0.0090	0.0021	0.0069	0.2876	0.0000	0.2876	0.1729	0.1470	0.0258	0.0142	0.0137	0.0005	0.1587	0.1334	0.0253	0.3715	0.2206	0.1510	0.1057	0.1003	0.0054	0.2658	0.1202	0.1456	0.0000	0.0000	0.0000	0.0000	0.0000	0.0000	0.0000	0.0000	0.0000	0.7982	0.0095	1.9504	0.0848	0.0208	1.2791	1.0819	0.0000	1.9752		
34	85	0.0719	4	1	1	1	0	0	0	0	0	N	N	N	N	N	N	N	N	N	N	N	N	0.0000	0.0000	0.0000	0.0000	0.0000	0.0000	0.0000	0.0000	0.0000	0.0000	0.0000	0.0000	0.0000	0.0000	0.0000	0.0000	0.0000	0.0000	6.1778	1.1206	18.7380	2.0350	2.0958	0.3048	7.9529	0.1595	18.9354	8.4433	0.0000	0.2436	4.9966	0.3374	15.0870	6.1146	0.0000	0.0000	0.0000	0.0000	0.0000	0.0000	0.0000	0.0000	0.0000	0.8720	0.0923	0.7796	0.0862	0.0857	0.0004	0.7858	0.0066	0.7792	0.0119	0.0104	0.0016	0.0035	0.0033	0.0002	0.0084	0.0070	0.0014	0.1411	0.0824	0.0587	0.0423	0.0409	0.0014	0.0988	0.0415	0.0573	0.0000	0.0000	0.0000	0.0000	0.0000	0.0000	0.0000	0.0000	0.0000	6.1778	1.1206	13.2707	2.0350	2.0958	0.3048	7.9529	0.1595	13.5958	
34	86	0.0719	4	1	1	1	0	0	0	0	0	N	N	N	N	N	N	N	N	N	N	N	N	0.0000	0.0000	0.0000	0.0000	0.0000	0.0000	0.0000	0.0000	0.0000	0.0000	0.0000	0.0000	0.0000	0.0000	0.0000	0.0000	0.0000	5.7626	5.1563	6.5205	14.5083	15.7027	0.0001	3.6109	0.0000	6.7485	1.0116	0.0000	-0.2124	4.9966	11.0342	15.0870	12.7513	0.0000	0.0000	0.0000	0.0000	0.0000	0.0000	0.0000	0.0000	0.0000	1.8987	0.9438	0.9548	0.9438	0.9438	0.0000	0.9548	0.0000	0.9548	0.2529	0.2141	0.0388	0.0123	0.0117	0.0006	0.2406	0.2025	0.0381	0.3295	0.1830	0.1464	0.0651	0.0601	0.0049	0.2644	0.1229	0.1415	0.0000	0.0000	0.0000	0.0000	0.0000	0.0000	0.0000	0.0000	0.0000	5.7626	5.1563	6.5205	14.5083	15.7027	0.0001	3.6109	0.0000	6.7485		
34	87	0.0643	3	1	1	1	0	0	0	0	0	N	N	N	N	N	N	N	N	N	N	N	N	0.0003	0.0002	0.0000	0.0019	0.0018	0.0000	0.0000	0.0000	0.0000	0.0002	0.0003	0.0000	0.0056	0.0059	0.0000	0.0000	0.0000	0.0000	0.7712	1.0334	0.4686	2.8926	3.2158	0.0003	0.2715	0.0059	0.4888	0.0000	0.3930	-0.0000	-0.0374	4.9966	3.9739	15.0870	6.2820	0.0000	0.0000	0.0000	0.0000	0.0000	0.0000	0.0000	0.0000	0.0000	0.1124	0.0807	0.0317	0.0803	0.0803	0.0000	0.0320	0.0003	0.0317	0.0925	0.0781	0.0144	0.0036	0.0034	0.0002	0.0889	0.0747	0.0142	0.1457	0.0781	0.0676	0.0278	0.0250	0.0028	0.1179	0.0531	0.0649	0.0003	0.0002	0.0000	0.0019	0.0018	0.0000	0.0000	0.0000	0.0000	0.7712	1.0334	0.4686	2.8926	3.2158	0.0003	0.2715	0.0059	0.4888
34	88	0.0593	2	1	1	1	0	0	0	0	0	N	N	N	N	N	N	N	N	N	N	N	N	19.3973	0.0000	73.4906	0.0000	0.0000	20.4514	0.0000	72.3926	0.1506	0.0000	0.9656	0.0000	0.0000	0.0000	0.1566	0.0000	0.9777	0.0078	0.0034	0.0131	0.0082	0.0086	0.0000	0.0077	0.0003	0.0135	inf	3.0941	0.0000	0.0001	4.9966	0.0056	15.0870	5.7021	0.0000	0.0000	0.0000	0.0000	0.0000	0.0000	0.0000	0.0000	0.0000	0.0007	0.0002	0.0006	0.0002	0.0002	0.0000	0.0006	0.0000	0.0006	0.0001	0.0001	0.0000	0.0000	0.0000	0.0000	0.0001	0.0001	0.0000	0.0938	0.0519	0.0419	0.0207	0.0195	0.0011	0.0731	0.0324	0.0408	19.3973	0.0000	73.4906	0.0000	0.0000	0.0000	20.4514	0.0000	72.3926	0.0078	0.0034	0.0131	0.0082	0.0086	0.0000	0.0077	0.0003	0.0135	
34	92	0.1477	6	1	0	1	0	0	0	0	0	N	N	N	N	N	N	N	N	N	N	N	N	0.5228	0.3991	0.0000	0.9149	0.8391	0.0000	1621.5337	inf	0.0000	0.6494	0.7494	0.0000	2.5571	2.7111	0.0000	0.2387	0.2808	0.0000	1.2422	1.8779	0.0061	2.7950	3.2308	0.0327	0.0001	0.0000	0.0003	0.0000	0.0017	-0.2228	-0.6358	4.9966	24.8682	15.0870	39.8855	0.4064	0.4064	0.0000	0.2835	0.2835	0.0000	0.1229	0.1229	0.0000	1.0371	1.0353	0.0017	1.0370	1.0353	0.0017	0.0001	0.0000	0.0001	0.6258	0.5423	0.0836	0.1109	0.1046	0.0063	0.5150	0.4377	0.0773	0.8349	0.5513	0.2835	0.3710	0.3205	0.0506	0.4638	0.2309	0.2330	0.5228	0.3991	0.0000	0.9149	0.8391	0.0000	1621.5337	inf	0.0000	1.2422	1.8779	0.0061	2.7950	3.2308	0.0327	0.0001	0.0000	0.0003
35	37	0.0983	11	1	2	1	0	0	0	0	0	N	Y	N	N	N	N	N	N	N	N	N	N	0.0000	0.0000	0.0000	0.0000	0.0000	0.0000	0.0000	0.0000	0.0000	0.0000	0.0000	0.0000	0.0000	0.0000	0.0000	0.0000	0.0000	0.0000	0.0000	0.0000	1.0000	3.0000	1.0102	5.0002	0.0000	0.0000	0.0000	0.0000	0.0000	0.0000	0.0000	0.0000	0.0000	0.0000	0.0000	0.0000	0.0000	0.0000	0.0000	0.0000	0.0000	0.0000	0.0112	0.0096	0.0016	0.0011	0.0010	0.0001	0.0101	0.0086	0.0015	0.0077	0.0041	0.0037	0.0022	0.0017	0.0005	0.0056	0.0024	0.0032	0.0000	0.0000	0.0000	0.0000	0.0000	0.0000	0.0000	0.0000	0.0000	0.0000	0.0000	0.0000	0.0000	0.0000	0.0000	0.0000	0.0000	0.0000											
35	38	0.0657	13	1	2	0	0	0	0	0	0	N	Y	N	N	N	N	N	N	N	N	N	N	0.0000	0.0000	0.0000	0.0000	0.0000	0.0000	0.0000	0.0000	0.0000	0.0000	0.0000	0.0000	0.0000	0.0000	0.0000	0.0000	0.0000	0.0000	0.0000	0.0000	1.0000	0.0001	1.0102	0.1668	0.0000	0.0000	0.0000	0.0000	0.0000	0.0000	0.0000	0.0000	0.0000	0.0000	0.0000	0.0000	0.0000	0.0000	0.0000	0.0000	0.0000	0.0000	0.0000	0.0000	0.0000	0.0000	0.0000	0.0000	0.0000	0.0000	0.0000	0.0029	0.0022	0.0007	0.0014	0.0014	0.0000	0.0015	0.0008	0.0007	0.0000	0.0000	0.0000	0.0000	0.0000	0.0000	0.0000	0.0000	0.0000	0.0000	0.0000	0.0000	0.0000	0.0000	0.0000	0.0000	0.0000	0.0000											
35	39	0.0155	4	0	1	0	1	0	0	0	0	N	N	N	N	N	N	N	N	N	N	N	N	0.0000	0.0000	0.0000	0.0000	0.0000	0.0000	0.0000	0.0000	0.0000	0.0000	0.0000	0.0000	0.0000	0.0000	0.0000	0.0000	0.0000	0.0000	0.0000	0.0000	1.0000	1.7673	1.0102	9.0239	0.0000	0.0000	0.0000	0.0000	0.0000	0.0000	0.0000	0.0000	0.0000	0.0000	0.0000	0.0000	0.0000	0.0000	0.0000	0.0000	0.0000	0.0000	0.0100	0.0085	0.0015	0.0012	0.0012	0.0000	0.0087	0.0073	0.0014	0.0149	0.0083	0.0066	0.0022	0.0019	0.0003	0.0127	0.0064	0.0063	0.0000	0.0000	0.0000	0.0000	0.0000	0.0000	0.0000	0.0000	0.0000	0.0000	0.0000	0.0000	0.0000	0.0000	0.0000	0.0000	0.0000	0.0000											
35	40	0.0131	3	0	1	0	1	0	0	0	0	N	N	N	N	N	N	N	N	N	N	N	N	0.0000	0.0000	0.0000	0.0000	0.0000	0.0000	0.0000	0.0000	0.0000	0.0000	0.0000	0.0000	0.0000	0.0000	0.0000	0.0000	0.0000	0.0000	0.0000	0.0000	1.0000	3.4690	1.0102	3.7419	0.0000	0.0000	0.0000	0.0000	0.0000	0.0000	0.0000	0.0000	0.0000	0.0000	0.0000	0.0000	0.0000	0.0000	0.0000	0.0000	0.0000	0.0000	0.0160	0.0137	0.0023	0.0005	0.0004	0.0000	0.0155	0.0132	0.0023	0.0107	0.0060	0.0047	0.0018	0.0016	0.0002	0.0089	0.0044	0.0045	0.0000	0.0000	0.0000	0.0000	0.0000	0.0000	0.0000	0.0000	0.0000	0.0000	0.0000	0.0000	0.0000	0.0000	0.0000	0.0000	0.0000	0.0000											
35	41	0.0838	15	0	2	1	0	0	0	0	0	N	Y	N	N	N	N	N	N	N	N	N	N	0.0000	0.0000	0.0000	0.0000	0.0000	0.0000	0.0000	0.0000	0.0000	0.0000	0.0000	0.0000	0.0000	0.0000	0.0000	0.0000	0.0000	0.0000	0.0000	0.0000	1.0000	0.9997	1.0102	10.1790	0.0000	0.0000	0.0000	0.0000	0.0000	0.0000	0.0000	0.0000	0.0000	0.0000	0.0000	0.0000	0.0000	0.0000	0.0000	0.0000	0.0000	0.0000	0.0038	0.0032	0.0005	0.0003	0.0003	0.0000	0.0034	0.0029	0.0005	0.0111	0.0058	0.0053	0.0026	0.0020	0.0006	0.0085	0.0037	0.0047	0.0000	0.0000	0.0000	0.0000	0.0000	0.0000	0.0000	0.0000	0.0000	0.0000	0.0000	0.0000	0.0000	0.0000	0.0000	0.0000	0.0000	0.0000											
35	42	0.0827	14	0	2	0	0	0	0	0	0	N	Y	N	N	N	N	N	N	N	N	N	N	0.0000	0.0000	0.0000	0.0000	0.0000	0.0000	0.0000	0.0000	0.0000	0.0000	0.0000	0.0000	0.0000	0.0000	0.0000	0.0000	0.0000	0.0000	0.0000	0.0000	1.0000	0.0007	1.0102	0.9413	0.0000	0.0000	0.0000	0.0000	0.0000	0.0000	0.0000	0.0000	0.0000	0.0000	0.0000	0.0000	0.0000	0.0000	0.0000	0.0000	0.0000	0.0000	0.0000	0.0000	0.0000	0.0000	0.0000	0.0000	0.0000	0.0000	0.0000	0.0015	0.0008	0.0007	0.0005	0.0005	0.0000	0.0010	0.0003	0.0007	0.0000	0.0000	0.0000	0.0000	0.0000	0.0000	0.0000	0.0000	0.0000	0.0000	0.0000	0.0000	0.0000	0.0000	0.0000	0.0000	0.0000	0.0000											
35	43	0.0653	10	1	1	1	0	0	0	0	0	N	N	N	N	N	N	N	N	N	N	N	N	0.0000	0.0000	0.0000	0.0000	0.0000	0.0000	0.0000	0.0000	0.0000	0.0000	0.0000	0.0000	0.0000	0.0000	0.0000	0.0000	0.0000	0.0000	0.0000	0.0000	1.0000	1.9995	1.0102	12.0029	0.0000	0.0000	0.0000	0.0000	0.0000	0.0000	0.0000	0.0000	0.0000	0.0000	0.0000	0.0000	0.0000	0.0000	0.0000	0.0000	0.0000	0.0000	0.0085	0.0073	0.0012	0.0007	0.0007	0.0000	0.0078	0.0066	0.0012	0.0148	0.0086	0.0063	0.0047	0.0038	0.0010	0.0101	0.0048	0.0053	0.0000	0.0000	0.0000	0.0000	0.0000	0.0000	0.0000	0.0000	0.0000	0.0000	0.0000	0.0000	0.0000	0.0000	0.0000	0.0000	0.0000	0.0000											
35	44	0.0321	9	1	2	0	0	0	0	0	0	N	Y	N	N	N	N	N	N	N	N	N	N	0.0000	0.0000	0.0000	0.0000	0.0000	0.0000	0.0000	0.0000	0.0000	0.0000	0.0000	0.0000	0.0000	0.0000	0.0000	0.0000	0.0000	0.0000	0.0000	0.0000	1.0000	10.0000	1.0102	26.8440	0.0000	0.0000	0.0000	0.0000	0.0000	0.0000	0.0000	0.0000	0.0000	0.0000	0.0000	0.0000	0.0000	0.0000	0.0000	0.0000	0.0000	0.0000	0.0416	0.0355	0.0061	0.0020	0.0018	0.0001	0.0396	0.0336	0.0060	0.0404	0.0223	0.0181	0.0075	0.0063	0.0012	0.0329	0.0160	0.0169	0.0000	0.0000	0.0000	0.0000	0.0000	0.0000	0.0000	0.0000	0.0000	0.0000	0.0000	0.0000	0.0000	0.0000	0.0000	0.0000	0.0000	0.0000											
35	45	0.0827	14	0	2	0	0	0	0	0	0	N	Y	N	N	N	N	N	N	N	N	N	N	0.0000	0.0000	0.0000	0.0000	0.0000	0.0000	0.0000	0.0000	0.0000	0.0000	0.0000	0.0000	0.0000	0.0000	0.0000	0.0000	0.0000	0.0000	0.0000	0.0000	1.0000	3.0000	1.0102	5.0456	0.0000	0.0000	0.0000	0.0000	0.0000	0.0000	0.0000	0.0000	0.0000	0.0000	0.0000	0.0000	0.0000	0.0000	0.0000	0.0000	0.0000	0.0000	0.0112	0.0096	0.0016	0.0010	0.0010	0.0001	0.0101	0.0086	0.0015	0.0083	0.0043	0.0040	0.0020	0.0016	0.0004	0.0063	0.0027	0.0036	0.0000	0.0000	0.0000	0.0000	0.0000	0.0000	0.0000	0.0000	0.0000	0.0000	0.0000	0.0000	0.0000	0.0000	0.0000	0.0000	0.0000	0.0000											
35	46	0.0785	13	0	2	0	0	0	0	0	0	N	Y	N	N	N	N	N	N	N	N	N	N	0.0000	0.0000	0.0000	0.0000	0.0000	0.0000	0.0000	0.0000	0.0000	0.0000	0.0000	0.0000	0.0000	0.0000	0.0000	0.0000	0.0000	0.0000	0.0000	0.0000	1.0000	2.0000	1.0102	1.0030	0.0000	0.0000	0.0000	0.0000	0.0000	0.0000	0.0000	0.0000	0.0000	0.0000	0.0000	0.0000	0.0000	0.0000	0.0000	0.0000	0.0000	0.0000	0.0084	0.0072	0.0012	0.0006	0.0006	0.0000	0.0078	0.0066	0.0012	0.0035	0.0020	0.0015	0.0010	0.0009	0.0002	0.0025	0.0012	0.0013	0.0000	0.0000	0.0000	0.0000	0.0000	0.0000	0.0000	0.0000	0.0000	0.0000	0.0000	0.0000	0.0000	0.0000	0.0000	0.0000	0.0000	0.0000											
35	47	0.0785	12	0	2	0	0	0	0	0	0	N	Y	N	N	N	N	N	N	N	N	N	N	0.0000	0.0000	0.0000	0.0000	0.0000	0.0000	0.0000	0.0000	0.0000	0.0000	0.0000	0.0000	0.0000	0.0000	0.0000	0.0000	0.0000	0.0000	0.0000	0.0000	1.0000	0.0000	1.0102	0.0582	0.0000	0.0000	0.0000	0.0000	0.0000	0.0000	0.0000	0.0000	0.0000	0.0000	0.0000	0.0000	0.0000	0.0000	0.0000	0.0000	0.0000	0.0000	0.0000	0.0000	0.0000	0.0000	0.0000	0.0000	0.0000	0.0000	0.0000	0.0003	0.0002	0.0001	0.0001	0.0001	0.0000	0.0002	0.0001	0.0001	0.0000	0.0000	0.0000	0.0000	0.0000	0.0000	0.0000	0.0000	0.0000	0.0000	0.0000	0.0000	0.0000	0.0000	0.0000	0.0000	0.0000	0.0000											
35	48	0.0748	11	0	2	0	0	0	0	0	0	N	Y	N	N	N	N	N	N	N	N	N	N	0.0000	0.0000	0.0000	0.0000	0.0000	0.0000	0.0000	0.0000	0.0000	0.0000	0.0000	0.0000	0.0000	0.0000	0.0000	0.0000	0.0000	0.0000	0.0000	0.0000	1.0000	0.0018	1.0102	3.9096	0.0000	0.0000	0.0000	0.0000	0.0000	0.0000	0.0000	0.0000	0.0000	0.0000	0.0000	0.0000	0.0000	0.0000	0.0000	0.0000	0.0000	0.0000	0.0000	0.0000	0.0000	0.0000	0.0000	0.0000	0.0000	0.0000	0.0000	0.0048	0.0029	0.0019	0.0015	0.0012	0.0002	0.0033	0.0016	0.0017	0.0000	0.0000	0.0000	0.0000	0.0000	0.0000	0.0000	0.0000	0.0000	0.0000	0.0000	0.0000	0.0000	0.0000	0.0000	0.0000	0.0000	0.0000											
35	49	0.0653	10	0	2	0	0	0	0	0	0	N	Y	N	N	N	N	N	N	N	N	N	N	0.0000	0.0000	0.0000	0.0000	0.0000	0.0000	0.0000	0.0000	0.0000	0.0000	0.0000	0.0000	0.0000	0.0000	0.0000	0.0000	0.0000	0.0000	0.0000	0.0000	1.0000	2.0031	1.0102	6.0601	0.0000	0.0000	0.0000	0.0000	0.0000	0.0000	0.0000	0.0000	0.0000	0.0000	0.0000	0.0000	0.0000	0.0000	0.0000	0.0000	0.0000	0.0000	0.0085	0.0073	0.0012	0.0007	0.0007	0.0000	0.0078	0.0067	0.0012	0.0087	0.0051	0.0037	0.0028	0.0022	0.0006	0.0059	0.0028	0.0031	0.0000	0.0000	0.0000	0.0000	0.0000	0.0000	0.0000	0.0000	0.0000	0.0000	0.0000	0.0000	0.0000	0.0000	0.0000	0.0000	0.0000	0.0000											
35	50	0.0022	2	0	1	1	0	0	0	0	0	N	N	N	N	N	N	N	N	N	N	N	N	0.0000	0.0000	0.0000	0.0000	0.0000	0.0000	0.0000	0.0000	0.0000	0.0000	0.0000	0.0000	0.0000	5.3786	10.6942	0.0000	31.6340	31.6340	0.0000	0.0000	0.0000	0.0000	0.0000	0.0000	-0.0062	1.0000	0.0004	1.0102	0.9852	0.0000	0.0000	0.0000	0.0000	0.0000	0.0000	0.0000	0.0000	0.0000	0.0100	0.0100	0.0000	0.0100	0.0100	0.0000	0.0000	0.0000	0.0000	0.0000	0.0000	0.0000	0.0000	0.0000	0.0000	0.0000	0.0000	0.0000	0.0019	0.0009	0.0009	0.0003	0.0003	0.0000	0.0015	0.0006	0.0009	0.0000	0.0000	0.0000	0.0000	0.0000	0.0000	0.0000	0.0000	0.0000	5.3786	10.6942	0.0000	31.6340	31.6340	0.0000	0.0000	0.0000	0.0000						
35	56	0.0653	10	1	2	0	0	0	0	0	0	N	Y	N	N	N	N	N	N	N	N	N	N	0.0000	0.0000	0.0000	0.0000	0.0000	0.0000	0.0000	0.0000	0.0000	0.0000	0.0000	0.0000	0.0000	0.0000	0.0000	0.0000	0.0000	0.0000	0.0000	0.0000	1.0000	0.0000	1.0102	10.9971	0.0000	0.0000	0.0000	0.0000	0.0000	0.0000	0.0000	0.0000	0.0000	0.0000	0.0000	0.0000	0.0000	0.0000	0.0000	0.0000	0.0000	0.0000	0.0000	0.0000	0.0000	0.0000	0.0000	0.0000	0.0000	0.0000	0.0000	0.0118	0.0068	0.0050	0.0038	0.0030	0.0008	0.0080	0.0038	0.0042	0.0000	0.0000	0.0000	0.0000	0.0000	0.0000	0.0000	0.0000	0.0000	0.0000	0.0000	0.0000	0.0000	0.0000	0.0000	0.0000	0.0000	0.0000											
35	57	0.1205	13	0	1	0	0	0	0	0	0	N	N	N	N	N	N	N	N	N	N	N	N	0.0000	0.0000	0.0000	0.0000	0.0000	0.0000	0.0000	0.0000	0.0000	0.0000	0.0000	0.0000	0.0000	0.0000	0.0000	0.0000	0.0010	0.0015	0.0000	0.0025	0.0029	0.0000	0.0000	0.0000	0.0000	0.0116	0.0000	-0.0000	1.0000	7.8198	1.0102	21.5823	0.0000	0.0000	0.0000	0.0000	0.0000	0.0000	0.0000	0.0000	0.0000	0.0001	0.0001	0.0000	0.0001	0.0001	0.0000	0.0000	0.0000	0.0000	0.0493	0.0427	0.0067	0.0077	0.0072	0.0004	0.0416	0.0354	0.0062	0.0691	0.0452	0.0240	0.0284	0.0244	0.0040	0.0407	0.0208	0.0200	0.0000	0.0000	0.0000	0.0000	0.0000	0.0000	0.0000	0.0000	0.0000	0.0010	0.0015	0.0000	0.0025	0.0029	0.0000	0.0000	0.0000	0.0000			
35	58	0.1010	14	1	2	1	0	0	0	0	0	N	Y	N	N	N	N	N	N	N	N	N	N	0.0000	0.0000	0.0000	0.0000	0.0000	0.0000	0.0000	0.0000	0.0000	0.0000	0.0000	0.0000	0.0000	0.0000	0.0000	0.0000	0.0000	0.0000	0.0000	0.0000	1.0000	2.0055	1.0102	11.8091	0.0000	0.0000	0.0000	0.0000	0.0000	0.0000	0.0000	0.0000	0.0000	0.0000	0.0000	0.0000	0.0000	0.0000	0.0000	0.0000	0.0000	0.0000	0.0086	0.0074	0.0012	0.0007	0.0006	0.0000	0.0079	0.0067	0.0012	0.0148	0.0088	0.0060	0.0058	0.0046	0.0012	0.0090	0.0042	0.0048	0.0000	0.0000	0.0000	0.0000	0.0000	0.0000	0.0000	0.0000	0.0000	0.0000	0.0000	0.0000	0.0000	0.0000	0.0000	0.0000	0.0000	0.0000											
35	59	0.0956	13	1	1	1	0	0	0	0	0	N	N	N	N	N	N	N	N	N	N	N	N	0.0000	0.0000	0.0000	0.0000	0.0000	0.0000	0.0000	0.0000	0.0000	0.0000	0.0000	0.0000	0.0000	0.0000	0.0000	0.0000	0.0000	0.0000	0.0000	0.0000	1.0000	1.9951	1.0102	2.5667	0.0000	0.0000	0.0000	0.0000	0.0000	0.0000	0.0000	0.0000	0.0000	0.0000	0.0000	0.0000	0.0000	0.0000	0.0000	0.0000	0.0000	0.0000	0.0085	0.0073	0.0012	0.0006	0.0006	0.0000	0.0079	0.0067	0.0012	0.0059	0.0037	0.0021	0.0024	0.0020	0.0004	0.0035	0.0017	0.0017	0.0000	0.0000	0.0000	0.0000	0.0000	0.0000	0.0000	0.0000	0.0000	0.0000	0.0000	0.0000	0.0000	0.0000	0.0000	0.0000	0.0000	0.0000											
35	60	0.0889	12	1	1	1	0	0	0	0	0	N	N	N	N	N	N	N	N	N	N	N	N	0.0000	0.0000	0.0000	0.0000	0.0000	0.0000	0.0000	0.0000	0.0000	0.0000	0.0000	0.0000	0.0000	0.0000	0.0000	0.0000	0.0000	0.0000	0.0000	0.0000	1.0000	0.0108	1.0102	3.6229	0.0000	0.0000	0.0000	0.0000	0.0000	0.0000	0.0000	0.0000	0.0000	0.0000	0.0000	0.0000	0.0000	0.0000	0.0000	0.0000	0.0000	0.0000	0.0001	0.0001	0.0000	0.0001	0.0001	0.0000	0.0001	0.0001	0.0000	0.0133	0.0104	0.0029	0.0069	0.0061	0.0008	0.0064	0.0042	0.0021	0.0000	0.0000	0.0000	0.0000	0.0000	0.0000	0.0000	0.0000	0.0000	0.0000	0.0000	0.0000	0.0000	0.0000	0.0000	0.0000	0.0000	0.0000											
35	61	0.0408	11	0	2	0	0	0	0	0	0	N	Y	N	N	N	N	N	N	N	N	N	N	0.0000	0.0000	0.0000	0.0000	0.0000	0.0000	0.0000	0.0000	0.0000	0.0000	0.0000	0.0000	0.0000	0.0000	0.0000	0.0000	0.0000	0.0000	0.0000	0.0000	1.0000	4.0917	1.0102	8.0988	0.0000	0.0000	0.0000	0.0000	0.0000	0.0000	0.0000	0.0000	0.0000	0.0000	0.0000	0.0000	0.0000	0.0000	0.0000	0.0000	0.0000	0.0000	0.0176	0.0150	0.0026	0.0010	0.0009	0.0001	0.0166	0.0141	0.0025	0.0197	0.0117	0.0080	0.0062	0.0057	0.0005	0.0135	0.0061	0.0074	0.0000	0.0000	0.0000	0.0000	0.0000	0.0000	0.0000	0.0000	0.0000	0.0000	0.0000	0.0000	0.0000	0.0000	0.0000	0.0000	0.0000	0.0000											
35	62	0.0371	10	0	2	0	0	0	0	0	0	N	Y	N	N	N	N	N	N	N	N	N	N	0.0000	0.0000	0.0000	0.0000	0.0000	0.0000	0.0000	0.0000	0.0000	0.0000	0.0000	0.0000	0.0000	0.0000	0.0000	0.0000	0.0000	0.0000	0.0000	0.0000	1.0000	2.1165	1.0102	5.0852	0.0000	0.0000	0.0000	0.0000	0.0000	0.0000	0.0000	0.0000	0.0000	0.0000	0.0000	0.0000	0.0000	0.0000	0.0000	0.0000	0.0000	0.0000	0.0091	0.0077	0.0013	0.0004	0.0004	0.0000	0.0086	0.0073	0.0013	0.0121	0.0068	0.0053	0.0036	0.0032	0.0004	0.0085	0.0036	0.0049	0.0000	0.0000	0.0000	0.0000	0.0000	0.0000	0.0000	0.0000	0.0000	0.0000	0.0000	0.0000	0.0000	0.0000	0.0000	0.0000	0.0000	0.0000											
35	63	0.0889	12	1	1	1	0	0	0	0	0	N	N	N	N	N	N	N	N	N	N	N	N	0.0000	0.0000	0.0000	0.0000	0.0000	0.0000	0.0000	0.0000	0.0000	0.0000	0.0000	0.0000	0.0000	0.0000	0.0000	0.0000	0.0000	0.0000	0.0000	0.0000	1.0000	3.9990	1.0102	8.8702	0.0000	0.0000	0.0000	0.0000	0.0000	0.0000	0.0000	0.0000	0.0000	0.0000	0.0000	0.0000	0.0000	0.0000	0.0000	0.0000	0.0000	0.0000	0.0246	0.0211	0.0035	0.0018	0.0017	0.0001	0.0228	0.0194	0.0034	0.0283	0.0189	0.0093	0.0122	0.0103	0.0019	0.0161	0.0087	0.0074	0.0000	0.0000	0.0000	0.0000	0.0000	0.0000	0.0000	0.0000	0.0000	0.0000	0.0000	0.0000	0.0000	0.0000	0.0000	0.0000	0.0000	0.0000											
35	64	0.0687	11	1	1	1	0	0	0	0	0	N	N	N	N	N	N	N	N	N	N	N	N	0.0000	0.0000	0.0000	0.0000	0.0000	0.0000	0.0000	0.0000	0.0000	0.0000	0.0000	0.0000	0.0000	0.0000	0.0000	0.0000	0.0000	0.0000	0.0000	0.0000	1.0000	3.9972	1.0102	6.8232	0.0000	0.0000	0.0000	0.0000	0.0000	0.0000	0.0000	0.0000	0.0000	0.0000	0.0000	0.0000	0.0000	0.0000	0.0000	0.0000	0.0000	0.0000	0.0169	0.0145	0.0024	0.0014	0.0013	0.0001	0.0155	0.0132	0.0023	0.0129	0.0078	0.0050	0.0044	0.0036	0.0008	0.0085	0.0042	0.0043	0.0000	0.0000	0.0000	0.0000	0.0000	0.0000	0.0000	0.0000	0.0000	0.0000	0.0000	0.0000	0.0000	0.0000	0.0000	0.0000	0.0000	0.0000											
35	65	0.0447	11	0	2	0	0	0	0	0	0	N	Y	N	N	N	N	N	N	N	N	N	N	0.0000	0.0000	0.0000	0.0000	0.0000	0.0000	0.0000	0.0000	0.0000	0.0000	0.0000	0.0000	0.0000	0.0000	0.0000	0.0000	0.0000	0.0000	0.0000	0.0000	1.0000	15.6632	1.0102	35.0639	0.0000	0.0000	0.0000	0.0000	0.0000	0.0000	0.0000	0.0000	0.0000	0.0000	0.0000	0.0000	0.0000	0.0000	0.0000	0.0000	0.0000	0.0000	0.0639	0.0546	0.0094	0.0031	0.0029	0.0002	0.0608	0.0517	0.0091	0.0622	0.0387	0.0235	0.0161	0.0142	0.0019	0.0461	0.0245	0.0216	0.0000	0.0000	0.0000	0.0000	0.0000	0.0000	0.0000	0.0000	0.0000	0.0000	0.0000	0.0000	0.0000	0.0000	0.0000	0.0000	0.0000	0.0000											
35	66	0.0447	11	0	1	1	0	0	0	0	0	N	N	N	N	N	N	N	N	N	N	N	N	inf	inf	inf	inf	47.2616	55.4417	0.0000	0.0000	0.0000	0.0000	49.6513	58.5003	0.0000	0.0000	0.0000	0.0000	0.0000	0.0000	0.0000	0.0000	0.0000	0.0000	0.0000	-0.5482	0.0000	1.0000	4.9998	1.0102	10.1184	1.0000	1.0000	0.0000	0.0000	0.0000	0.0000	1.0000	1.0000	0.0000	0.0000	0.0000	0.0000	0.0000	0.0000	0.0000	0.0000	0.0000	0.0000	0.0212	0.0180	0.0031	0.0010	0.0009	0.0001	0.0201	0.0171	0.0030	0.0303	0.0210	0.0093	0.0103	0.0097	0.0007	0.0200	0.0113	0.0087	inf	inf	0.0000	0.0000	0.0000	0.0000	inf	inf	0.0000	0.0000	0.0000	0.0000	0.0000	0.0000	0.0000	0.0000	0.0000	0.0000						
35	67	0.0339	9	0	2	0	0	0	0	0	0	N	Y	N	N	N	N	N	N	N	N	N	N	0.0000	0.0000	0.0000	0.0000	0.0000	0.0000	0.0000	0.0000	0.0000	0.0000	0.0000	0.0000	0.0000	0.0000	0.0000	0.0000	0.0000	0.0000	0.0000	0.0000	1.0000	10.9928	1.0102	18.5513	0.0000	0.0000	0.0000	0.0000	0.0000	0.0000	0.0000	0.0000	0.0000	0.0000	0.0000	0.0000	0.0000	0.0000	0.0000	0.0000	0.0000	0.0000	0.0464	0.0397	0.0067	0.0026	0.0024	0.0002	0.0438	0.0372	0.0066	0.0378	0.0228	0.0150	0.0080	0.0068	0.0012	0.0298	0.0160	0.0138	0.0000	0.0000	0.0000	0.0000	0.0000	0.0000	0.0000	0.0000	0.0000	0.0000	0.0000	0.0000	0.0000	0.0000	0.0000	0.0000	0.0000	0.0000											
35	68	0.0339	8	0	1	0	0	0	0	0	0	N	N	N	N	N	N	N	N	N	N	N	N	0.0000	0.0000	0.0000	0.0000	0.0000	0.0000	0.0000	0.0000	0.0000	0.0000	0.0000	0.0000	0.0000	0.0000	0.0000	0.0000	0.0000	0.0000	0.0000	0.0000	1.0000	0.0861	1.0102	1.0715	0.0000	0.0000	0.0000	0.0000	0.0000	0.0000	0.0000	0.0000	0.0000	0.0000	0.0000	0.0000	0.0000	0.0000	0.0000	0.0000	0.0000	0.0000	0.0006	0.0006	0.0001	0.0001	0.0001	0.0000	0.0005	0.0004	0.0001	0.0082	0.0070	0.0013	0.0037	0.0036	0.0001	0.0046	0.0034	0.0012	0.0000	0.0000	0.0000	0.0000	0.0000	0.0000	0.0000	0.0000	0.0000	0.0000	0.0000	0.0000	0.0000	0.0000	0.0000	0.0000	0.0000	0.0000											
35	69	0.0983	12	1	1	1	0	0	0	0	0	N	N	N	N	N	N	N	N	N	N	N	N	0.0000	0.0000	0.0000	0.0000	0.0000	0.0000	0.0000	0.0000	0.0000	0.0000	0.0000	0.0000	0.0000	0.0000	0.0000	0.0000	0.0000	0.0000	0.0000	0.0000	1.0000	1.0000	1.0102	3.0001	0.0000	0.0000	0.0000	0.0000	0.0000	0.0000	0.0000	0.0000	0.0000	0.0000	0.0000	0.0000	0.0000	0.0000	0.0000	0.0000	0.0000	0.0000	0.0038	0.0032	0.0005	0.0004	0.0003	0.0000	0.0034	0.0029	0.0005	0.0039	0.0021	0.0019	0.0011	0.0009	0.0003	0.0028	0.0012	0.0016	0.0000	0.0000	0.0000	0.0000	0.0000	0.0000	0.0000	0.0000	0.0000	0.0000	0.0000	0.0000	0.0000	0.0000	0.0000	0.0000	0.0000	0.0000											
35	70	0.0983	11	1	1	1	0	0	0	0	0	N	N	N	N	N	N	N	N	N	N	N	N	0.0000	0.0000	0.0000	0.0000	0.0000	0.0000	0.0000	0.0000	0.0000	0.0000	0.0000	0.0000	0.0000	0.0000	0.0000	0.0000	0.0000	0.0000	0.0000	0.0000	1.0000	0.0000	1.0102	0.0009	0.0000	0.0000	0.0000	0.0000	0.0000	0.0000	0.0000	0.0000	0.0000	0.0000	0.0000	0.0000	0.0000	0.0000	0.0000	0.0000	0.0000	0.0000	0.0000	0.0000	0.0000	0.0000	0.0000	0.0000	0.0000	0.0000	0.0000	0.0000	0.0000	0.0000	0.0000	0.0000	0.0000	0.0000	0.0000	0.0000	0.0000	0.0000	0.0000	0.0000	0.0000	0.0000	0.0000	0.0000	0.0000	0.0000	0.0000	0.0000	0.0000	0.0000	0.0000	0.0000	0.0000	0.0000											
35	71	0.0653	10	1	1	1	0	0	0	0	0	N	N	N	N	N	N	N	N	N	N	N	N	0.0000	0.0000	0.0000	0.0000	0.0000	0.0000	0.0000	0.0000	0.0000	0.0000	0.0000	0.0000	0.0000	0.0000	0.0000	0.0000	0.0000	0.0000	0.0000	0.0000	1.0000	9.9966	1.0102	12.9129	0.0000	0.0000	0.0000	0.0000	0.0000	0.0000	0.0000	0.0000	0.0000	0.0000	0.0000	0.0000	0.0000	0.0000	0.0000	0.0000	0.0000	0.0000	0.0412	0.0354	0.0058	0.0033	0.0031	0.0002	0.0379	0.0323	0.0056	0.0237	0.0137	0.0100	0.0075	0.0059	0.0015	0.0162	0.0077	0.0085	0.0000	0.0000	0.0000	0.0000	0.0000	0.0000	0.0000	0.0000	0.0000	0.0000	0.0000	0.0000	0.0000	0.0000	0.0000	0.0000	0.0000	0.0000											
35	72	0.0321	9	0	2	0	1	0	0	0	0	N	Y	N	N	N	N	N	N	N	N	N	N	0.0000	0.0000	0.0000	0.0000	0.0000	0.0000	0.0000	0.0000	0.0000	0.0000	0.0000	0.0000	0.0000	0.0000	0.0000	0.0000	0.0000	0.0000	0.0000	0.0000	1.0000	13.0000	1.0102	39.1663	0.0000	0.0000	0.0000	0.0000	0.0000	0.0000	0.0000	0.0000	0.0000	0.0000	0.0000	0.0000	0.0000	0.0000	0.0000	0.0000	0.0000	0.0000	0.0535	0.0457	0.0079	0.0026	0.0024	0.0002	0.0509	0.0433	0.0077	0.0542	0.0300	0.0243	0.0097	0.0081	0.0017	0.0445	0.0219	0.0226	0.0000	0.0000	0.0000	0.0000	0.0000	0.0000	0.0000	0.0000	0.0000	0.0000	0.0000	0.0000	0.0000	0.0000	0.0000	0.0000	0.0000	0.0000											
35	73	0.0296	8	0	2	0	0	0	0	0	0	N	Y	N	N	N	N	N	N	N	N	N	N	0.0000	0.0000	0.0000	0.0000	0.0000	0.0000	0.0000	0.0000	0.0000	0.0000	0.0000	0.0000	0.0000	0.0000	0.0000	0.0000	0.0000	0.0000	0.0000	0.0000	1.0000	3.0003	1.0102	18.1082	0.0000	0.0000	0.0000	0.0000	0.0000	0.0000	0.0000	0.0000	0.0000	0.0000	0.0000	0.0000	0.0000	0.0000	0.0000	0.0000	0.0000	0.0000	0.0128	0.0109	0.0019	0.0006	0.0006	0.0000	0.0122	0.0103	0.0018	0.0338	0.0219	0.0119	0.0090	0.0082	0.0008	0.0248	0.0137	0.0111	0.0000	0.0000	0.0000	0.0000	0.0000	0.0000	0.0000	0.0000	0.0000	0.0000	0.0000	0.0000	0.0000	0.0000	0.0000	0.0000	0.0000	0.0000											
35	74	0.0687	11	0	2	0	0	0	0	0	0	N	Y	N	N	N	N	N	N	N	N	N	N	0.0000	0.0000	0.0000	0.0000	0.0000	0.0000	0.0000	0.0000	0.0000	0.0000	0.0000	0.0000	0.0000	0.0000	0.0000	0.0000	0.0000	0.0000	0.0000	0.0000	1.0000	7.0046	1.0102	18.1036	0.0000	0.0000	0.0000	0.0000	0.0000	0.0000	0.0000	0.0000	0.0000	0.0000	0.0000	0.0000	0.0000	0.0000	0.0000	0.0000	0.0000	0.0000	0.0292	0.0251	0.0041	0.0023	0.0022	0.0001	0.0269	0.0229	0.0040	0.0270	0.0160	0.0111	0.0088	0.0071	0.0017	0.0183	0.0089	0.0094	0.0000	0.0000	0.0000	0.0000	0.0000	0.0000	0.0000	0.0000	0.0000	0.0000	0.0000	0.0000	0.0000	0.0000	0.0000	0.0000	0.0000	0.0000											
35	75	0.0653	10	0	1	0	0	0	0	0	0	N	N	N	N	N	N	N	N	N	N	N	N	0.0000	0.0000	0.0000	0.0000	0.0000	0.0000	0.0000	0.0000	0.0000	0.0000	0.0000	0.0000	0.0000	0.0000	0.0000	0.0000	0.0000	0.0000	0.0000	0.0000	1.0000	0.2435	1.0102	3.2922	0.0000	0.0000	0.0000	0.0000	0.0000	0.0000	0.0000	0.0000	0.0000	0.0000	0.0000	0.0000	0.0000	0.0000	0.0000	0.0000	0.0000	0.0000	0.0011	0.0009	0.0001	0.0001	0.0001	0.0000	0.0010	0.0008	0.0001	0.0039	0.0023	0.0016	0.0013	0.0010	0.0003	0.0026	0.0013	0.0014	0.0000	0.0000	0.0000	0.0000	0.0000	0.0000	0.0000	0.0000	0.0000	0.0000	0.0000	0.0000	0.0000	0.0000	0.0000	0.0000	0.0000	0.0000											
35	76	0.0321	9	0	1	0	0	0	0	0	0	N	N	N	N	N	N	N	N	N	N	N	N	0.0000	0.0000	0.0000	0.0000	0.0000	0.0000	0.0000	0.0000	0.0000	0.0000	0.0000	0.0000	0.0000	0.0000	0.0000	0.0000	0.0000	0.0000	0.0000	0.0000	1.0000	7.0044	1.0102	20.1113	0.0000	0.0000	0.0000	0.0000	0.0000	0.0000	0.0000	0.0000	0.0000	0.0000	0.0000	0.0000	0.0000	0.0000	0.0000	0.0000	0.0000	0.0000	0.0294	0.0251	0.0043	0.0014	0.0013	0.0001	0.0280	0.0238	0.0042	0.0310	0.0171	0.0139	0.0059	0.0050	0.0009	0.0251	0.0121	0.0130	0.0000	0.0000	0.0000	0.0000	0.0000	0.0000	0.0000	0.0000	0.0000	0.0000	0.0000	0.0000	0.0000	0.0000	0.0000	0.0000	0.0000	0.0000											
35	77	0.0344	9	0	2	0	0	0	0	0	0	N	Y	N	N	N	N	N	N	N	N	N	N	0.0000	0.0000	0.0000	0.0000	0.0000	0.0000	0.0000	0.0000	0.0000	0.0000	0.0000	0.0000	0.0000	0.0000	0.0000	0.0000	0.0000	0.0000	0.0000	0.0000	1.0000	8.6571	1.0102	16.0761	0.0000	0.0000	0.0000	0.0000	0.0000	0.0000	0.0000	0.0000	0.0000	0.0000	0.0000	0.0000	0.0000	0.0000	0.0000	0.0000	0.0000	0.0000	0.0557	0.0471	0.0086	0.0044	0.0042	0.0002	0.0513	0.0429	0.0084	0.0486	0.0302	0.0184	0.0123	0.0107	0.0016	0.0363	0.0195	0.0168	0.0000	0.0000	0.0000	0.0000	0.0000	0.0000	0.0000	0.0000	0.0000	0.0000	0.0000	0.0000	0.0000	0.0000	0.0000	0.0000	0.0000	0.0000											
35	78	0.0339	8	0	2	0	0	0	0	0	0	N	Y	N	N	N	N	N	N	N	N	N	N	0.0000	0.0000	0.0000	0.0000	0.0000	0.0000	0.0000	0.0000	0.0000	0.0000	0.0000	0.0000	0.0000	0.0000	0.0000	0.0000	0.0000	0.0000	0.0000	0.0000	1.0000	0.3645	1.0102	1.9845	0.0000	0.0000	0.0000	0.0000	0.0000	0.0000	0.0000	0.0000	0.0000	0.0000	0.0000	0.0000	0.0000	0.0000	0.0000	0.0000	0.0000	0.0000	0.0018	0.0016	0.0002	0.0002	0.0002	0.0000	0.0016	0.0014	0.0002	0.0096	0.0077	0.0019	0.0039	0.0037	0.0001	0.0057	0.0039	0.0018	0.0000	0.0000	0.0000	0.0000	0.0000	0.0000	0.0000	0.0000	0.0000	0.0000	0.0000	0.0000	0.0000	0.0000	0.0000	0.0000	0.0000	0.0000											
35	79	0.0245	7	0	1	0	0	0	0	0	0	N	N	N	N	N	N	N	N	N	N	N	N	0.0000	0.0000	0.0000	0.0000	0.0000	0.0000	0.0000	0.0000	0.0000	0.0000	0.0000	0.0000	0.0000	0.0000	0.0000	0.0000	0.0000	0.0000	0.0000	0.0000	1.0000	2.9108	1.0102	14.2456	0.0000	0.0000	0.0000	0.0000	0.0000	0.0000	0.0000	0.0000	0.0000	0.0000	0.0000	0.0000	0.0000	0.0000	0.0000	0.0000	0.0000	0.0000	0.0124	0.0106	0.0018	0.0006	0.0006	0.0000	0.0118	0.0100	0.0018	0.0257	0.0163	0.0094	0.0056	0.0051	0.0005	0.0201	0.0113	0.0089	0.0000	0.0000	0.0000	0.0000	0.0000	0.0000	0.0000	0.0000	0.0000	0.0000	0.0000	0.0000	0.0000	0.0000	0.0000	0.0000	0.0000	0.0000											
35	82	0.0478	12	0	2	0	0	0	0	0	0	N	Y	N	N	N	N	N	N	N	N	N	N	0.0000	0.0000	0.0000	0.0000	0.0000	0.0000	0.0000	0.0000	0.0000	0.0000	0.0000	0.0000	0.0000	0.0000	0.0000	30.5793	43.7625	0.0000	0.0010	0.0012	0.0000	41.7839	69.5064	0.0000	0.0000	0.0000	-0.6144	1.0000	7.9116	1.0102	21.1247	0.0000	0.0000	0.0000	0.0000	0.0000	0.0000	0.0000	0.0000	0.0000	0.9995	0.9995	0.0000	0.0000	0.0000	0.0000	0.9995	0.9995	0.0000	0.0332	0.0283	0.0049	0.0017	0.0016	0.0001	0.0315	0.0267	0.0048	0.0374	0.0228	0.0146	0.0099	0.0085	0.0014	0.0275	0.0144	0.0132	0.0000	0.0000	0.0000	0.0000	0.0000	0.0000	0.0000	0.0000	0.0000	26.7056	43.7625	0.0000	0.0010	0.0012	0.0000	36.2822	69.5064	0.0000				
35	83	0.0657	13	1	2	0	0	0	0	0	0	N	Y	N	N	N	N	N	N	N	N	N	N	0.0000	0.0000	0.0000	0.0000	0.0000	0.0000	0.0000	0.0000	0.0000	0.0000	0.0000	0.0000	0.0000	0.0000	0.0000	0.0000	0.0000	0.0000	0.0000	0.0000	1.0000	0.0000	1.0102	1.8333	0.0000	0.0000	0.0000	0.0000	0.0000	0.0000	0.0000	0.0000	0.0000	0.0000	0.0000	0.0000	0.0000	0.0000	0.0000	0.0000	0.0000	0.0000	0.0000	0.0000	0.0000	0.0000	0.0000	0.0000	0.0000	0.0000	0.0000	0.0050	0.0034	0.0016	0.0019	0.0018	0.0001	0.0031	0.0016	0.0015	0.0000	0.0000	0.0000	0.0000	0.0000	0.0000	0.0000	0.0000	0.0000	0.0000	0.0000	0.0000	0.0000	0.0000	0.0000	0.0000	0.0000	0.0000											
35	84	0.0478	12	1	2	0	0	0	0	0	0	N	Y	N	N	N	N	N	N	N	N	N	N	0.0000	0.0000	0.0000	0.0000	0.0000	0.0000	0.0000	0.0000	0.0000	0.0000	0.0000	0.0000	0.0000	0.0181	0.0289	0.0000	0.0617	0.0712	0.0000	0.0000	0.0000	0.0000	0.0000	0.0000	-0.0003	1.0000	6.9552	1.0102	13.1226	0.0000	0.0000	0.0000	0.0000	0.0000	0.0000	0.0000	0.0000	0.0000	0.0005	0.0005	0.0000	0.0005	0.0005	0.0000	0.0000	0.0000	0.0000	0.0293	0.0250	0.0043	0.0015	0.0014	0.0001	0.0278	0.0236	0.0042	0.0287	0.0180	0.0107	0.0084	0.0073	0.0011	0.0203	0.0107	0.0096	0.0000	0.0000	0.0000	0.0000	0.0000	0.0000	0.0000	0.0000	0.0000	0.0181	0.0289	0.0000	0.0617	0.0712	0.0000	0.0000	0.0000	0.0000						
35	85	0.0447	11	0	2	0	0	0	0	0	0	N	Y	N	N	N	N	N	N	N	N	N	N	0.0000	0.0000	0.0000	0.0000	0.0000	0.0000	0.0000	0.0000	0.0000	0.0000	0.0000	0.0000	0.0000	0.0000	0.0000	0.0000	0.0000	0.0431	0.0629	0.0025	0.0026	0.0028	0.0000	0.0615	0.1090	0.0026	0.0192	0.0000	-0.0003	1.0000	0.3374	1.0102	6.1146	0.0000	0.0000	0.0000	0.0000	0.0000	0.0000	0.0000	0.0000	0.0000	0.0005	0.0005	0.0000	0.0000	0.0000	0.0000	0.0005	0.0005	0.0000	0.0015	0.0012	0.0002	0.0001	0.0001	0.0000	0.0014	0.0012	0.0002	0.0123	0.0083	0.0040	0.0038	0.0036	0.0003	0.0085	0.0047	0.0038	0.0000	0.0000	0.0000	0.0000	0.0000	0.0000	0.0000	0.0000	0.0000	0.0431	0.0629	0.0025	0.0026	0.0028	0.0000	0.0615	0.1090	0.0026		
35	86	0.0447	11	0	2	0	0	0	0	0	0	N	Y	N	N	N	N	N	N	N	N	N	N	0.0000	0.0000	0.0000	0.0000	0.0000	0.0000	0.0000	0.0000	0.0000	0.0000	0.0000	0.0000	0.0000	0.0003	0.0005	0.0000	0.0014	0.0017	0.0000	0.0000	0.0000	0.0000	0.0000	0.0000	-0.0000	1.0000	11.0342	1.0102	12.7513	0.0000	0.0000	0.0000	0.0000	0.0000	0.0000	0.0000	0.0000	0.0000	0.0000	0.0000	0.0000	0.0000	0.0000	0.0000	0.0000	0.0000	0.0000	0.0457	0.0390	0.0067	0.0023	0.0021	0.0002	0.0434	0.0369	0.0065	0.0302	0.0182	0.0120	0.0069	0.0060	0.0009	0.0233	0.0122	0.0111	0.0000	0.0000	0.0000	0.0000	0.0000	0.0000	0.0000	0.0000	0.0000	0.0003	0.0005	0.0000	0.0014	0.0017	0.0000	0.0000	0.0000	0.0000						
35	87	0.0371	10	0	2	0	0	0	0	0	0	N	Y	N	N	N	N	N	N	N	N	N	N	0.0000	0.0000	0.0000	0.0000	0.0000	0.0000	0.0000	0.0000	0.0000	0.0000	0.0000	0.0000	0.0000	0.0006	0.0012	0.0000	0.0000	0.0000	0.0000	0.0009	0.0020	0.0000	0.0000	0.0000	-0.0000	1.0000	3.9739	1.0102	6.2820	0.0000	0.0000	0.0000	0.0000	0.0000	0.0000	0.0000	0.0000	0.0000	0.0000	0.0000	0.0000	0.0000	0.0000	0.0000	0.0000	0.0000	0.0000	0.0169	0.0144	0.0025	0.0008	0.0008	0.0001	0.0161	0.0136	0.0024	0.0154	0.0087	0.0068	0.0041	0.0036	0.0005	0.0113	0.0050	0.0063	0.0000	0.0000	0.0000	0.0000	0.0000	0.0000	0.0000	0.0000	0.0000	0.0006	0.0012	0.0000	0.0000	0.0000	0.0000	0.0009	0.0020	0.0000						
35	88	0.0321	9	0	2	0	0	0	0	0	0	N	Y	N	N	N	N	N	N	N	N	N	N	0.0000	0.0000	0.0000	0.0000	0.0000	0.0000	0.0000	0.0000	0.0000	0.0000	0.0000	0.0000	0.0000	0.0000	0.0000	0.0000	0.0000	0.0000	0.0000	0.0000	1.0000	0.0056	1.0102	5.7021	0.0000	0.0000	0.0000	0.0000	0.0000	0.0000	0.0000	0.0000	0.0000	0.0000	0.0000	0.0000	0.0000	0.0000	0.0000	0.0000	0.0000	0.0000	0.0000	0.0000	0.0000	0.0000	0.0000	0.0000	0.0000	0.0000	0.0000	0.0085	0.0046	0.0039	0.0021	0.0019	0.0002	0.0064	0.0027	0.0037	0.0000	0.0000	0.0000	0.0000	0.0000	0.0000	0.0000	0.0000	0.0000	0.0000	0.0000	0.0000	0.0000	0.0000	0.0000	0.0000	0.0000	0.0000											
35	92	0.1205	13	0	1	0	0	0	0	0	0	N	N	N	N	N	N	N	N	N	N	N	N	0.0000	0.0000	0.0000	0.0000	0.0000	0.0000	0.0000	0.0000	0.0000	0.0000	0.0000	0.0000	0.0000	0.0000	0.0000	0.0000	0.0007	0.0011	0.0000	0.0020	0.0024	0.0000	0.0000	0.0000	0.0000	0.0116	0.0000	-0.0000	1.0000	24.8682	1.0102	39.8855	0.0000	0.0000	0.0000	0.0000	0.0000	0.0000	0.0000	0.0000	0.0000	0.0001	0.0001	0.0000	0.0001	0.0001	0.0000	0.0000	0.0000	0.0000	0.1310	0.1126	0.0184	0.0120	0.0113	0.0008	0.1190	0.1013	0.0176	0.1014	0.0636	0.0379	0.0346	0.0295	0.0050	0.0668	0.0340	0.0328	0.0000	0.0000	0.0000	0.0000	0.0000	0.0000	0.0000	0.0000	0.0000	0.0007	0.0011	0.0000	0.0020	0.0024	0.0000	0.0000	0.0000	0.0000			
36	37	0.0961	10	1	1	1	0	0	0	0	0	N	N	N	N	N	N	N	N	N	N	N	N	0.0000	0.0000	0.0000	0.0000	0.0000	0.0000	0.0000	0.0000	0.0000	0.0000	0.0000	0.0000	0.0000	0.0000	0.0000	0.0000	0.0000	0.0000	0.0000	0.0000	0.0000	3.0000	0.0263	5.0002	0.0000	0.0000	0.0000	0.0000	0.0000	0.0000	0.0000	0.0000	0.0000	0.0000	0.0000	0.0000	0.0000	0.0000	0.0000	0.0000	0.0000	0.0000	0.0000	0.0000	0.0000	0.0000	0.0000	0.0000	0.0000	0.0000	0.0000	0.0002	0.0001	0.0001	0.0001	0.0001	0.0000	0.0001	0.0000	0.0001	0.0000	0.0000	0.0000	0.0000	0.0000	0.0000	0.0000	0.0000	0.0000	0.0000	0.0000	0.0000	0.0000	0.0000	0.0000	0.0000	0.0000	0.0000											
36	38	0.0635	12	1	1	0	0	0	0	0	0	N	N	N	N	N	N	N	N	N	N	N	N	0.0000	0.0000	0.0000	0.0000	0.0000	0.0000	0.0000	0.0000	0.0000	0.0000	0.0000	0.0000	0.0000	0.0000	0.0000	0.0000	0.0000	0.0000	0.0000	0.0000	0.0000	0.0001	0.0263	0.1668	0.0000	0.0000	0.0000	0.0000	0.0000	0.0000	0.0000	0.0000	0.0000	0.0000	0.0000	0.0000	0.0000	0.0000	0.0000	0.0000	0.0000	0.0000	0.0000	0.0000	0.0000	0.0000	0.0000	0.0000	0.0000	0.0000	0.0000	0.0000	0.0000	0.0000	0.0000	0.0000	0.0000	0.0000	0.0000	0.0000	0.0000	0.0000	0.0000	0.0000	0.0000	0.0000	0.0000	0.0000	0.0000	0.0000	0.0000	0.0000	0.0000	0.0000	0.0000	0.0000	0.0000	0.0000											
36	39	0.0133	3	0	0	0	1	0	0	0	0	N	N	N	N	N	N	N	N	N	N	N	N	0.0000	0.0000	0.0000	0.0000	0.0000	0.0000	0.0000	0.0000	0.0000	0.0000	0.0000	0.0000	0.0000	0.0000	0.0000	0.0000	0.0000	0.0000	0.0000	0.0000	0.0000	1.7673	0.0263	9.0239	0.0000	0.0000	0.0000	0.0000	0.0000	0.0000	0.0000	0.0000	0.0000	0.0000	0.0000	0.0000	0.0000	0.0000	0.0000	0.0000	0.0000	0.0000	0.0000	0.0000	0.0000	0.0000	0.0000	0.0000	0.0000	0.0000	0.0000	0.0004	0.0002	0.0002	0.0001	0.0001	0.0000	0.0003	0.0001	0.0002	0.0000	0.0000	0.0000	0.0000	0.0000	0.0000	0.0000	0.0000	0.0000	0.0000	0.0000	0.0000	0.0000	0.0000	0.0000	0.0000	0.0000	0.0000											
36	40	0.0109	2	0	0	0	1	0	0	0	0	N	N	N	N	N	N	N	N	N	N	N	N	0.0000	0.0000	0.0000	0.0000	0.0000	0.0000	0.0000	0.0000	0.0000	0.0000	0.0000	0.0000	0.0000	0.0000	0.0001	0.0000	0.0001	0.0001	0.0000	0.0000	0.0000	0.0000	0.0141	0.0000	-0.0000	0.0000	3.4690	0.0263	3.7419	0.0000	0.0000	0.0000	0.0000	0.0000	0.0000	0.0000	0.0000	0.0000	0.0000	0.0000	0.0000	0.0000	0.0000	0.0000	0.0000	0.0000	0.0000	0.0000	0.0000	0.0000	0.0000	0.0000	0.0000	0.0000	0.0000	0.0000	0.0002	0.0001	0.0001	0.0000	0.0000	0.0000	0.0002	0.0001	0.0001	0.0000	0.0000	0.0000	0.0000	0.0000	0.0000	0.0000	0.0000	0.0000	0.0000	0.0001	0.0000	0.0001	0.0001	0.0000	0.0000	0.0000	0.0000						
36	41	0.0816	14	0	1	1	0	0	0	0	0	N	N	N	N	N	N	N	N	N	N	N	N	0.0000	0.0000	0.0000	0.0000	0.0000	0.0000	0.0000	0.0000	0.0000	0.0000	0.0000	0.0000	0.0000	0.0000	0.0000	0.0000	0.0000	0.0000	0.0000	0.0000	0.0000	0.9997	0.0263	10.1790	0.0000	0.0000	0.0000	0.0000	0.0000	0.0000	0.0000	0.0000	0.0000	0.0000	0.0000	0.0000	0.0000	0.0000	0.0000	0.0000	0.0000	0.0000	0.0000	0.0000	0.0000	0.0000	0.0000	0.0000	0.0000	0.0000	0.0000	0.0004	0.0002	0.0002	0.0001	0.0001	0.0000	0.0002	0.0001	0.0001	0.0000	0.0000	0.0000	0.0000	0.0000	0.0000	0.0000	0.0000	0.0000	0.0000	0.0000	0.0000	0.0000	0.0000	0.0000	0.0000	0.0000	0.0000											
36	42	0.0805	13	0	1	0	0	0	0	0	0	N	N	N	N	N	N	N	N	N	N	N	N	0.0000	0.0000	0.0000	0.0000	0.0000	0.0000	0.0000	0.0000	0.0000	0.0000	0.0000	0.0000	0.0000	0.0000	0.0000	0.0000	0.0000	0.0000	0.0000	0.0000	0.0000	0.0007	0.0263	0.9413	0.0000	0.0000	0.0000	0.0000	0.0000	0.0000	0.0000	0.0000	0.0000	0.0000	0.0000	0.0000	0.0000	0.0000	0.0000	0.0000	0.0000	0.0000	0.0000	0.0000	0.0000	0.0000	0.0000	0.0000	0.0000	0.0000	0.0000	0.0000	0.0000	0.0000	0.0000	0.0000	0.0000	0.0000	0.0000	0.0000	0.0000	0.0000	0.0000	0.0000	0.0000	0.0000	0.0000	0.0000	0.0000	0.0000	0.0000	0.0000	0.0000	0.0000	0.0000	0.0000	0.0000	0.0000											
36	43	0.0631	9	1	0	1	0	0	0	0	0	N	N	N	N	N	N	N	N	N	N	N	N	0.0000	0.0000	0.0000	0.0000	0.0000	0.0000	0.0000	0.0000	0.0000	0.0000	0.0000	0.0000	0.0000	0.0000	0.0000	0.0000	0.0000	0.0000	0.0000	0.0000	0.0000	1.9995	0.0263	12.0029	0.0000	0.0000	0.0000	0.0000	0.0000	0.0000	0.0000	0.0000	0.0000	0.0000	0.0000	0.0000	0.0000	0.0000	0.0000	0.0000	0.0000	0.0000	0.0000	0.0000	0.0000	0.0000	0.0000	0.0000	0.0000	0.0000	0.0000	0.0004	0.0002	0.0002	0.0001	0.0001	0.0000	0.0002	0.0001	0.0002	0.0000	0.0000	0.0000	0.0000	0.0000	0.0000	0.0000	0.0000	0.0000	0.0000	0.0000	0.0000	0.0000	0.0000	0.0000	0.0000	0.0000	0.0000											
36	44	0.0299	8	1	1	0	0	0	0	0	0	N	N	N	N	N	N	N	N	N	N	N	N	0.0000	0.0000	0.0000	0.0000	0.0000	0.0000	0.0000	0.0000	0.0000	0.0000	0.0000	0.0000	0.0000	0.0000	0.0000	0.0000	0.0000	0.0000	0.0000	0.0000	0.0000	10.0000	0.0263	26.8440	0.0000	0.0000	0.0000	0.0000	0.0000	0.0000	0.0000	0.0000	0.0000	0.0000	0.0000	0.0000	0.0000	0.0000	0.0000	0.0000	0.0000	0.0000	0.0000	0.0000	0.0000	0.0000	0.0000	0.0000	0.0000	0.0000	0.0000	0.0009	0.0005	0.0004	0.0003	0.0003	0.0000	0.0006	0.0002	0.0004	0.0000	0.0000	0.0000	0.0000	0.0000	0.0000	0.0000	0.0000	0.0000	0.0000	0.0000	0.0000	0.0000	0.0000	0.0000	0.0000	0.0000	0.0000											
36	45	0.0805	13	0	1	0	0	0	0	0	0	N	N	N	N	N	N	N	N	N	N	N	N	0.0000	0.0000	0.0000	0.0000	0.0000	0.0000	0.0000	0.0000	0.0000	0.0000	0.0000	0.0000	0.0000	0.0000	0.0000	0.0000	0.0000	0.0000	0.0000	0.0000	0.0000	3.0000	0.0263	5.0456	0.0000	0.0000	0.0000	0.0000	0.0000	0.0000	0.0000	0.0000	0.0000	0.0000	0.0000	0.0000	0.0000	0.0000	0.0000	0.0000	0.0000	0.0000	0.0000	0.0000	0.0000	0.0000	0.0000	0.0000	0.0000	0.0000	0.0000	0.0002	0.0001	0.0001	0.0001	0.0001	0.0000	0.0001	0.0000	0.0001	0.0000	0.0000	0.0000	0.0000	0.0000	0.0000	0.0000	0.0000	0.0000	0.0000	0.0000	0.0000	0.0000	0.0000	0.0000	0.0000	0.0000	0.0000											
36	46	0.0763	12	0	1	0	0	0	0	0	0	N	N	N	N	N	N	N	N	N	N	N	N	0.0000	0.0000	0.0000	0.0000	0.0000	0.0000	0.0000	0.0000	0.0000	0.0000	0.0000	0.0000	0.0000	0.0000	0.0000	0.0000	0.0000	0.0000	0.0000	0.0000	0.0000	2.0000	0.0263	1.0030	0.0000	0.0000	0.0000	0.0000	0.0000	0.0000	0.0000	0.0000	0.0000	0.0000	0.0000	0.0000	0.0000	0.0000	0.0000	0.0000	0.0000	0.0000	0.0000	0.0000	0.0000	0.0000	0.0000	0.0000	0.0000	0.0000	0.0000	0.0001	0.0000	0.0000	0.0000	0.0000	0.0000	0.0001	0.0000	0.0000	0.0000	0.0000	0.0000	0.0000	0.0000	0.0000	0.0000	0.0000	0.0000	0.0000	0.0000	0.0000	0.0000	0.0000	0.0000	0.0000	0.0000	0.0000											
36	47	0.0763	11	0	1	0	0	0	0	0	0	N	N	N	N	N	N	N	N	N	N	N	N	0.0000	0.0000	0.0000	0.0000	0.0000	0.0000	0.0000	0.0000	0.0000	0.0000	0.0000	0.0000	0.0000	0.0000	0.0000	0.0000	0.0000	0.0000	0.0000	0.0000	0.0000	0.0000	0.0263	0.0582	0.0000	0.0000	0.0000	0.0000	0.0000	0.0000	0.0000	0.0000	0.0000	0.0000	0.0000	0.0000	0.0000	0.0000	0.0000	0.0000	0.0000	0.0000	0.0000	0.0000	0.0000	0.0000	0.0000	0.0000	0.0000	0.0000	0.0000	0.0000	0.0000	0.0000	0.0000	0.0000	0.0000	0.0000	0.0000	0.0000	0.0000	0.0000	0.0000	0.0000	0.0000	0.0000	0.0000	0.0000	0.0000	0.0000	0.0000	0.0000	0.0000	0.0000	0.0000	0.0000	0.0000	0.0000											
36	48	0.0725	10	0	1	0	0	0	0	0	0	N	N	N	N	N	N	N	N	N	N	N	N	0.0000	0.0000	0.0000	0.0000	0.0000	0.0000	0.0000	0.0000	0.0000	0.0000	0.0000	0.0000	0.0000	0.0000	0.0000	0.0000	0.0000	0.0000	0.0000	0.0000	0.0000	0.0018	0.0263	3.9096	0.0000	0.0000	0.0000	0.0000	0.0000	0.0000	0.0000	0.0000	0.0000	0.0000	0.0000	0.0000	0.0000	0.0000	0.0000	0.0000	0.0000	0.0000	0.0000	0.0000	0.0000	0.0000	0.0000	0.0000	0.0000	0.0000	0.0000	0.0001	0.0001	0.0001	0.0001	0.0001	0.0000	0.0001	0.0000	0.0000	0.0000	0.0000	0.0000	0.0000	0.0000	0.0000	0.0000	0.0000	0.0000	0.0000	0.0000	0.0000	0.0000	0.0000	0.0000	0.0000	0.0000	0.0000											
36	49	0.0631	9	0	1	0	0	0	0	0	0	N	N	N	N	N	N	N	N	N	N	N	N	0.0000	0.0000	0.0000	0.0000	0.0000	0.0000	0.0000	0.0000	0.0000	0.0000	0.0000	0.0000	0.0000	0.0000	0.0000	0.0000	0.0000	0.0000	0.0000	0.0000	0.0000	2.0031	0.0263	6.0601	0.0000	0.0000	0.0000	0.0000	0.0000	0.0000	0.0000	0.0000	0.0000	0.0000	0.0000	0.0000	0.0000	0.0000	0.0000	0.0000	0.0000	0.0000	0.0000	0.0000	0.0000	0.0000	0.0000	0.0000	0.0000	0.0000	0.0000	0.0002	0.0001	0.0001	0.0001	0.0001	0.0000	0.0001	0.0000	0.0001	0.0000	0.0000	0.0000	0.0000	0.0000	0.0000	0.0000	0.0000	0.0000	0.0000	0.0000	0.0000	0.0000	0.0000	0.0000	0.0000	0.0000	0.0000											
36	56	0.0631	9	1	1	0	0	0	0	0	0	N	N	N	N	N	N	N	N	N	N	N	N	0.0000	0.0000	0.0000	0.0000	0.0000	0.0000	0.0000	0.0000	0.0000	0.0000	0.0000	0.0000	0.0000	0.0000	0.0000	0.0000	0.0000	0.0000	0.0000	0.0000	0.0000	0.0000	0.0263	10.9971	0.0000	0.0000	0.0000	0.0000	0.0000	0.0000	0.0000	0.0000	0.0000	0.0000	0.0000	0.0000	0.0000	0.0000	0.0000	0.0000	0.0000	0.0000	0.0000	0.0000	0.0000	0.0000	0.0000	0.0000	0.0000	0.0000	0.0000	0.0003	0.0002	0.0001	0.0001	0.0001	0.0000	0.0002	0.0001	0.0001	0.0000	0.0000	0.0000	0.0000	0.0000	0.0000	0.0000	0.0000	0.0000	0.0000	0.0000	0.0000	0.0000	0.0000	0.0000	0.0000	0.0000	0.0000											
36	57	0.1183	12	0	0	0	0	0	0	0	0	N	N	N	N	N	N	N	N	N	N	N	N	0.0000	0.0000	0.0000	0.0000	0.0000	0.0000	0.0000	0.0000	0.0000	0.0000	0.0000	0.0000	0.0000	0.0000	0.0000	0.0000	0.0202	0.0016	0.0525	0.0020	0.0023	0.0000	0.0376	0.0000	0.0626	19.1688	0.0000	0.0000	0.0000	7.8198	0.0263	21.5823	0.0000	0.0000	0.0000	0.0000	0.0000	0.0000	0.0000	0.0000	0.0000	0.0000	0.0000	0.0000	0.0000	0.0000	0.0000	0.0000	0.0000	0.0000	0.0000	0.0000	0.0000	0.0000	0.0000	0.0000	0.0000	0.0000	0.0000	0.0013	0.0008	0.0005	0.0006	0.0006	0.0001	0.0007	0.0003	0.0004	0.0000	0.0000	0.0000	0.0000	0.0000	0.0000	0.0000	0.0000	0.0000	0.0202	0.0016	0.0525	0.0020	0.0023	0.0000	0.0376	0.0000	0.0626			
36	58	0.0988	13	1	1	1	0	0	0	0	0	N	N	N	N	N	N	N	N	N	N	N	N	0.0000	0.0000	0.0000	0.0000	0.0000	0.0000	0.0000	0.0000	0.0000	0.0000	0.0000	0.0000	0.0000	0.0000	0.0000	0.0000	0.0000	0.0000	0.0000	0.0000	0.0000	2.0055	0.0263	11.8091	0.0000	0.0000	0.0000	0.0000	0.0000	0.0000	0.0000	0.0000	0.0000	0.0000	0.0000	0.0000	0.0000	0.0000	0.0000	0.0000	0.0000	0.0000	0.0000	0.0000	0.0000	0.0000	0.0000	0.0000	0.0000	0.0000	0.0000	0.0004	0.0002	0.0002	0.0001	0.0001	0.0000	0.0002	0.0001	0.0001	0.0000	0.0000	0.0000	0.0000	0.0000	0.0000	0.0000	0.0000	0.0000	0.0000	0.0000	0.0000	0.0000	0.0000	0.0000	0.0000	0.0000	0.0000											
36	59	0.0934	12	1	0	1	0	0	0	0	0	N	N	N	N	N	N	N	N	N	N	N	N	0.0000	0.0000	0.0000	0.0000	0.0000	0.0000	0.0000	0.0000	0.0000	0.0000	0.0000	0.0000	0.0000	0.0000	0.0000	0.0000	0.0000	0.0000	0.0000	0.0000	0.0000	1.9951	0.0263	2.5667	0.0000	0.0000	0.0000	0.0000	0.0000	0.0000	0.0000	0.0000	0.0000	0.0000	0.0000	0.0000	0.0000	0.0000	0.0000	0.0000	0.0000	0.0000	0.0000	0.0000	0.0000	0.0000	0.0000	0.0000	0.0000	0.0000	0.0000	0.0001	0.0001	0.0001	0.0001	0.0001	0.0000	0.0001	0.0000	0.0001	0.0000	0.0000	0.0000	0.0000	0.0000	0.0000	0.0000	0.0000	0.0000	0.0000	0.0000	0.0000	0.0000	0.0000	0.0000	0.0000	0.0000	0.0000											
36	60	0.0866	11	1	0	1	0	0	0	0	0	N	N	N	N	N	N	N	N	N	N	N	N	0.0000	0.0000	0.0000	0.0000	0.0000	0.0000	0.0000	0.0000	0.0000	0.0000	0.0000	0.0000	0.0000	0.0000	0.0000	0.0000	0.0000	0.0000	0.0000	0.0000	0.0000	0.0108	0.0263	3.6229	0.0000	0.0000	0.0000	0.0000	0.0000	0.0000	0.0000	0.0000	0.0000	0.0000	0.0000	0.0000	0.0000	0.0000	0.0000	0.0000	0.0000	0.0000	0.0000	0.0000	0.0000	0.0000	0.0000	0.0000	0.0000	0.0000	0.0000	0.0001	0.0001	0.0000	0.0001	0.0001	0.0000	0.0001	0.0000	0.0000	0.0000	0.0000	0.0000	0.0000	0.0000	0.0000	0.0000	0.0000	0.0000	0.0000	0.0000	0.0000	0.0000	0.0000	0.0000	0.0000	0.0000	0.0000											
36	61	0.0386	10	0	1	0	0	0	0	0	0	N	N	N	N	N	N	N	N	N	N	N	N	0.0000	0.0000	0.0000	0.0000	0.0000	0.0000	0.0000	0.0000	0.0000	0.0000	0.0000	0.0000	0.0000	0.0000	0.0000	0.0000	0.0000	0.0000	0.0000	0.0000	0.0000	4.0917	0.0263	8.0988	0.0000	0.0000	0.0000	0.0000	0.0000	0.0000	0.0000	0.0000	0.0000	0.0000	0.0000	0.0000	0.0000	0.0000	0.0000	0.0000	0.0000	0.0000	0.0000	0.0000	0.0000	0.0000	0.0000	0.0000	0.0000	0.0000	0.0000	0.0004	0.0002	0.0002	0.0002	0.0001	0.0000	0.0003	0.0001	0.0002	0.0000	0.0000	0.0000	0.0000	0.0000	0.0000	0.0000	0.0000	0.0000	0.0000	0.0000	0.0000	0.0000	0.0000	0.0000	0.0000	0.0000	0.0000											
36	62	0.0348	9	0	1	0	0	0	0	0	0	N	N	N	N	N	N	N	N	N	N	N	N	0.0000	0.0000	0.0000	0.0000	0.0000	0.0000	0.0000	0.0000	0.0000	0.0000	0.0000	0.0000	0.0000	0.0000	0.0000	0.0000	0.0000	0.0000	0.0000	0.0000	0.0000	2.1165	0.0263	5.0852	0.0000	0.0000	0.0000	0.0000	0.0000	0.0000	0.0000	0.0000	0.0000	0.0000	0.0000	0.0000	0.0000	0.0000	0.0000	0.0000	0.0000	0.0000	0.0000	0.0000	0.0000	0.0000	0.0000	0.0000	0.0000	0.0000	0.0000	0.0002	0.0001	0.0001	0.0001	0.0001	0.0000	0.0001	0.0001	0.0001	0.0000	0.0000	0.0000	0.0000	0.0000	0.0000	0.0000	0.0000	0.0000	0.0000	0.0000	0.0000	0.0000	0.0000	0.0000	0.0000	0.0000	0.0000											
36	63	0.0866	11	1	0	1	0	0	0	0	0	N	N	N	N	N	N	N	N	N	N	N	N	0.0000	0.0000	0.0000	0.0000	0.0000	0.0000	0.0000	0.0000	0.0000	0.0000	0.0000	0.0000	0.0000	0.0000	0.0000	0.0000	0.0000	0.0000	0.0000	0.0000	0.0000	3.9990	0.0263	8.8702	0.0000	0.0000	0.0000	0.0000	0.0000	0.0000	0.0000	0.0000	0.0000	0.0000	0.0000	0.0000	0.0000	0.0000	0.0000	0.0000	0.0000	0.0000	0.0000	0.0000	0.0000	0.0000	0.0000	0.0000	0.0000	0.0000	0.0000	0.0004	0.0002	0.0002	0.0002	0.0002	0.0000	0.0002	0.0001	0.0002	0.0000	0.0000	0.0000	0.0000	0.0000	0.0000	0.0000	0.0000	0.0000	0.0000	0.0000	0.0000	0.0000	0.0000	0.0000	0.0000	0.0000	0.0000											
36	64	0.0665	10	1	0	1	0	0	0	0	0	N	N	N	N	N	N	N	N	N	N	N	N	0.0000	0.0000	0.0000	0.0000	0.0000	0.0000	0.0000	0.0000	0.0000	0.0000	0.0000	0.0000	0.0000	0.0000	0.0000	0.0000	0.0000	0.0000	0.0000	0.0000	0.0000	3.9972	0.0263	6.8232	0.0000	0.0000	0.0000	0.0000	0.0000	0.0000	0.0000	0.0000	0.0000	0.0000	0.0000	0.0000	0.0000	0.0000	0.0000	0.0000	0.0000	0.0000	0.0000	0.0000	0.0000	0.0000	0.0000	0.0000	0.0000	0.0000	0.0000	0.0003	0.0002	0.0001	0.0001	0.0001	0.0000	0.0002	0.0001	0.0001	0.0000	0.0000	0.0000	0.0000	0.0000	0.0000	0.0000	0.0000	0.0000	0.0000	0.0000	0.0000	0.0000	0.0000	0.0000	0.0000	0.0000	0.0000											
36	65	0.0425	10	0	1	0	0	0	0	0	0	N	N	N	N	N	N	N	N	N	N	N	N	0.0000	0.0000	0.0000	0.0000	0.0000	0.0000	0.0000	0.0000	0.0000	0.0000	0.0000	0.0000	0.0000	0.0000	0.0000	0.0000	0.0001	0.0002	0.0000	0.0003	0.0003	0.0000	0.0000	0.0000	0.0000	0.0141	0.0000	-0.0000	0.0000	15.6632	0.0263	35.0639	0.0000	0.0000	0.0000	0.0000	0.0000	0.0000	0.0000	0.0000	0.0000	0.0000	0.0000	0.0000	0.0000	0.0000	0.0000	0.0000	0.0000	0.0000	0.0000	0.0000	0.0000	0.0000	0.0000	0.0000	0.0000	0.0000	0.0000	0.0014	0.0008	0.0006	0.0005	0.0005	0.0000	0.0009	0.0004	0.0006	0.0000	0.0000	0.0000	0.0000	0.0000	0.0000	0.0000	0.0000	0.0000	0.0001	0.0002	0.0000	0.0003	0.0003	0.0000	0.0000	0.0000	0.0000			
36	66	0.0425	10	0	0	1	0	0	0	0	0	N	N	N	N	N	N	N	N	N	N	N	N	0.0000	0.0000	0.0000	0.0000	0.0000	0.0000	0.0000	0.0000	0.0000	0.0000	0.0000	0.0000	0.0000	0.0000	0.0000	0.0000	0.0000	0.0000	0.0000	0.0000	0.0000	4.9998	0.0263	10.1184	0.0000	0.0000	0.0000	0.0000	0.0000	0.0000	0.0000	0.0000	0.0000	0.0000	0.0000	0.0000	0.0000	0.0000	0.0000	0.0000	0.0000	0.0000	0.0000	0.0000	0.0000	0.0000	0.0000	0.0000	0.0000	0.0000	0.0000	0.0006	0.0004	0.0002	0.0002	0.0002	0.0000	0.0004	0.0002	0.0002	0.0000	0.0000	0.0000	0.0000	0.0000	0.0000	0.0000	0.0000	0.0000	0.0000	0.0000	0.0000	0.0000	0.0000	0.0000	0.0000	0.0000	0.0000											
36	67	0.0317	8	0	1	0	0	0	0	0	0	N	N	N	N	N	N	N	N	N	N	N	N	0.0000	0.0000	0.0000	0.0000	0.0000	0.0000	0.0000	0.0000	0.0000	0.0000	0.0000	0.0000	0.0000	0.0000	0.0000	0.0000	0.0000	0.0000	0.0000	0.0000	0.0000	10.9928	0.0263	18.5513	0.0000	0.0000	0.0000	0.0000	0.0000	0.0000	0.0000	0.0000	0.0000	0.0000	0.0000	0.0000	0.0000	0.0000	0.0000	0.0000	0.0000	0.0000	0.0000	0.0000	0.0000	0.0000	0.0000	0.0000	0.0000	0.0000	0.0000	0.0008	0.0004	0.0003	0.0002	0.0002	0.0000	0.0006	0.0002	0.0003	0.0000	0.0000	0.0000	0.0000	0.0000	0.0000	0.0000	0.0000	0.0000	0.0000	0.0000	0.0000	0.0000	0.0000	0.0000	0.0000	0.0000	0.0000											
36	68	0.0317	7	0	0	0	0	0	0	0	0	N	N	N	N	N	N	N	N	N	N	N	N	0.0000	0.0000	0.0000	0.0000	0.0000	0.0000	0.0000	0.0000	0.0000	0.0000	0.0000	0.0000	0.0000	0.0000	0.0000	0.0000	0.0000	0.0000	0.0000	0.0000	0.0000	0.0861	0.0263	1.0715	0.0000	0.0000	0.0000	0.0000	0.0000	0.0000	0.0000	0.0000	0.0000	0.0000	0.0000	0.0000	0.0000	0.0000	0.0000	0.0000	0.0000	0.0000	0.0000	0.0000	0.0000	0.0000	0.0000	0.0000	0.0000	0.0000	0.0000	0.0001	0.0001	0.0000	0.0001	0.0001	0.0000	0.0001	0.0000	0.0000	0.0000	0.0000	0.0000	0.0000	0.0000	0.0000	0.0000	0.0000	0.0000	0.0000	0.0000	0.0000	0.0000	0.0000	0.0000	0.0000	0.0000	0.0000											
36	69	0.0961	11	1	0	1	0	0	0	0	0	N	N	N	N	N	N	N	N	N	N	N	N	0.0000	0.0000	0.0000	0.0000	0.0000	0.0000	0.0000	0.0000	0.0000	0.0000	0.0000	0.0000	0.0000	0.0000	0.0000	0.0000	0.0000	0.0000	0.0000	0.0000	0.0000	1.0000	0.0263	3.0001	0.0000	0.0000	0.0000	0.0000	0.0000	0.0000	0.0000	0.0000	0.0000	0.0000	0.0000	0.0000	0.0000	0.0000	0.0000	0.0000	0.0000	0.0000	0.0000	0.0000	0.0000	0.0000	0.0000	0.0000	0.0000	0.0000	0.0000	0.0001	0.0001	0.0000	0.0000	0.0000	0.0000	0.0001	0.0000	0.0000	0.0000	0.0000	0.0000	0.0000	0.0000	0.0000	0.0000	0.0000	0.0000	0.0000	0.0000	0.0000	0.0000	0.0000	0.0000	0.0000	0.0000	0.0000											
36	70	0.0961	10	1	0	1	0	0	0	0	0	N	N	N	N	N	N	N	N	N	N	N	N	0.0000	0.0000	0.0000	0.0000	0.0000	0.0000	0.0000	0.0000	0.0000	0.0000	0.0000	0.0000	0.0000	0.0000	0.0000	0.0000	0.0000	0.0000	0.0000	0.0000	0.0000	0.0000	0.0263	0.0009	0.0000	0.0000	0.0000	0.0000	0.0000	0.0000	0.0000	0.0000	0.0000	0.0000	0.0000	0.0000	0.0000	0.0000	0.0000	0.0000	0.0000	0.0000	0.0000	0.0000	0.0000	0.0000	0.0000	0.0000	0.0000	0.0000	0.0000	0.0000	0.0000	0.0000	0.0000	0.0000	0.0000	0.0000	0.0000	0.0000	0.0000	0.0000	0.0000	0.0000	0.0000	0.0000	0.0000	0.0000	0.0000	0.0000	0.0000	0.0000	0.0000	0.0000	0.0000	0.0000	0.0000	0.0000											
36	71	0.0631	9	1	0	1	0	0	0	0	0	N	N	N	N	N	N	N	N	N	N	N	N	0.0000	0.0000	0.0000	0.0000	0.0000	0.0000	0.0000	0.0000	0.0000	0.0000	0.0000	0.0000	0.0000	0.0000	0.0000	0.0000	0.0000	0.0000	0.0000	0.0000	0.0000	9.9966	0.0263	12.9129	0.0000	0.0000	0.0000	0.0000	0.0000	0.0000	0.0000	0.0000	0.0000	0.0000	0.0000	0.0000	0.0000	0.0000	0.0000	0.0000	0.0000	0.0000	0.0000	0.0000	0.0000	0.0000	0.0000	0.0000	0.0000	0.0000	0.0000	0.0006	0.0003	0.0003	0.0002	0.0002	0.0000	0.0004	0.0001	0.0002	0.0000	0.0000	0.0000	0.0000	0.0000	0.0000	0.0000	0.0000	0.0000	0.0000	0.0000	0.0000	0.0000	0.0000	0.0000	0.0000	0.0000	0.0000											
36	72	0.0299	8	0	1	0	1	0	0	0	0	N	N	N	N	N	N	N	N	N	N	N	N	0.0000	0.0000	0.0000	0.0000	0.0000	0.0000	0.0000	0.0000	0.0000	0.0000	0.0000	0.0000	0.0000	0.0000	0.0000	0.0000	0.0000	0.0000	0.0000	0.0000	0.0000	13.0000	0.0263	39.1663	0.0000	0.0000	0.0000	0.0000	0.0000	0.0000	0.0000	0.0000	0.0000	0.0000	0.0000	0.0000	0.0000	0.0000	0.0000	0.0000	0.0000	0.0000	0.0000	0.0000	0.0000	0.0000	0.0000	0.0000	0.0000	0.0000	0.0000	0.0012	0.0007	0.0006	0.0004	0.0003	0.0000	0.0009	0.0003	0.0006	0.0000	0.0000	0.0000	0.0000	0.0000	0.0000	0.0000	0.0000	0.0000	0.0000	0.0000	0.0000	0.0000	0.0000	0.0000	0.0000	0.0000	0.0000											
36	73	0.0274	7	0	1	0	0	0	0	0	0	N	N	N	N	N	N	N	N	N	N	N	N	0.0000	0.0000	0.0000	0.0000	0.0000	0.0000	0.0000	0.0000	0.0000	0.0000	0.0000	0.0000	0.0000	0.0000	0.0000	0.0000	0.0000	0.0000	0.0000	0.0000	0.0000	3.0003	0.0263	18.1082	0.0000	0.0000	0.0000	0.0000	0.0000	0.0000	0.0000	0.0000	0.0000	0.0000	0.0000	0.0000	0.0000	0.0000	0.0000	0.0000	0.0000	0.0000	0.0000	0.0000	0.0000	0.0000	0.0000	0.0000	0.0000	0.0000	0.0000	0.0006	0.0004	0.0003	0.0002	0.0002	0.0000	0.0004	0.0002	0.0002	0.0000	0.0000	0.0000	0.0000	0.0000	0.0000	0.0000	0.0000	0.0000	0.0000	0.0000	0.0000	0.0000	0.0000	0.0000	0.0000	0.0000	0.0000											
36	74	0.0665	10	0	1	0	0	0	0	0	0	N	N	N	N	N	N	N	N	N	N	N	N	0.0000	0.0000	0.0000	0.0000	0.0000	0.0000	0.0000	0.0000	0.0000	0.0000	0.0000	0.0000	0.0000	0.0000	0.0000	0.0000	0.0000	0.0000	0.0000	0.0000	0.0000	7.0046	0.0263	18.1036	0.0000	0.0000	0.0000	0.0000	0.0000	0.0000	0.0000	0.0000	0.0000	0.0000	0.0000	0.0000	0.0000	0.0000	0.0000	0.0000	0.0000	0.0000	0.0000	0.0000	0.0000	0.0000	0.0000	0.0000	0.0000	0.0000	0.0000	0.0007	0.0004	0.0003	0.0002	0.0002	0.0000	0.0004	0.0002	0.0003	0.0000	0.0000	0.0000	0.0000	0.0000	0.0000	0.0000	0.0000	0.0000	0.0000	0.0000	0.0000	0.0000	0.0000	0.0000	0.0000	0.0000	0.0000											
36	75	0.0631	9	0	0	0	0	0	0	0	0	N	N	N	N	N	N	N	N	N	N	N	N	0.0000	0.0000	0.0000	0.0000	0.0000	0.0000	0.0000	0.0000	0.0000	0.0000	0.0000	0.0000	0.0000	0.0000	0.0000	0.0000	0.0000	0.0000	0.0000	0.0000	0.0000	0.2435	0.0263	3.2922	0.0000	0.0000	0.0000	0.0000	0.0000	0.0000	0.0000	0.0000	0.0000	0.0000	0.0000	0.0000	0.0000	0.0000	0.0000	0.0000	0.0000	0.0000	0.0000	0.0000	0.0000	0.0000	0.0000	0.0000	0.0000	0.0000	0.0000	0.0001	0.0001	0.0000	0.0000	0.0000	0.0000	0.0001	0.0000	0.0000	0.0000	0.0000	0.0000	0.0000	0.0000	0.0000	0.0000	0.0000	0.0000	0.0000	0.0000	0.0000	0.0000	0.0000	0.0000	0.0000	0.0000	0.0000											
36	76	0.0299	8	0	0	0	0	0	0	0	0	N	N	N	N	N	N	N	N	N	N	N	N	0.0000	0.0000	0.0000	0.0000	0.0000	0.0000	0.0000	0.0000	0.0000	0.0000	0.0000	0.0000	0.0000	0.0000	0.0000	0.0000	0.0000	0.0000	0.0000	0.0000	0.0000	7.0044	0.0263	20.1113	0.0000	0.0000	0.0000	0.0000	0.0000	0.0000	0.0000	0.0000	0.0000	0.0000	0.0000	0.0000	0.0000	0.0000	0.0000	0.0000	0.0000	0.0000	0.0000	0.0000	0.0000	0.0000	0.0000	0.0000	0.0000	0.0000	0.0000	0.0007	0.0004	0.0003	0.0002	0.0002	0.0000	0.0005	0.0002	0.0003	0.0000	0.0000	0.0000	0.0000	0.0000	0.0000	0.0000	0.0000	0.0000	0.0000	0.0000	0.0000	0.0000	0.0000	0.0000	0.0000	0.0000	0.0000											
36	77	0.0321	8	0	1	0	0	0	0	0	0	N	N	N	N	N	N	N	N	N	N	N	N	0.0000	0.0000	0.0000	0.0000	0.0000	0.0000	0.0000	0.0000	0.0000	0.0000	0.0000	0.0000	0.0000	0.0000	0.0000	0.0000	0.9328	0.0229	2.1177	0.0363	0.0380	0.0000	1.4304	0.0000	2.1998	71.0497	0.0000	0.0003	0.0000	8.6571	0.0263	16.0761	0.0000	0.0000	0.0000	0.0000	0.0000	0.0000	0.0000	0.0000	0.0000	0.0007	0.0000	0.0007	0.0000	0.0000	0.0000	0.0007	0.0000	0.0007	0.0000	0.0000	0.0000	0.0000	0.0000	0.0000	0.0000	0.0000	0.0000	0.0008	0.0004	0.0003	0.0003	0.0003	0.0000	0.0005	0.0002	0.0003	0.0000	0.0000	0.0000	0.0000	0.0000	0.0000	0.0000	0.0000	0.0000	0.9328	0.0229	2.1177	0.0363	0.0380	0.0000	1.4304	0.0000	2.1998			
36	78	0.0317	7	0	1	0	0	0	0	0	0	N	N	N	N	N	N	N	N	N	N	N	N	0.0000	0.0000	0.0000	0.0000	0.0000	0.0000	0.0000	0.0000	0.0000	0.0000	0.0000	0.0000	0.0000	0.0000	0.0000	0.0000	0.0014	0.0000	0.0043	0.0000	0.0000	0.0000	0.0023	0.0000	0.0044	71.0497	0.0000	0.0000	0.0000	0.3645	0.0263	1.9845	0.0000	0.0000	0.0000	0.0000	0.0000	0.0000	0.0000	0.0000	0.0000	0.0000	0.0000	0.0000	0.0000	0.0000	0.0000	0.0000	0.0000	0.0000	0.0000	0.0000	0.0000	0.0000	0.0000	0.0000	0.0000	0.0000	0.0000	0.0001	0.0001	0.0000	0.0001	0.0001	0.0000	0.0001	0.0000	0.0000	0.0000	0.0000	0.0000	0.0000	0.0000	0.0000	0.0000	0.0000	0.0000	0.0014	0.0000	0.0043	0.0000	0.0000	0.0000	0.0023	0.0000	0.0044			
36	79	0.0222	6	0	0	0	0	0	0	0	0	N	N	N	N	N	N	N	N	N	N	N	N	0.0000	0.0000	0.0000	0.0000	0.0000	0.0000	0.0000	0.0000	0.0000	0.0000	0.0000	0.0000	0.0000	0.0000	0.0000	0.0000	0.0000	0.0000	0.0000	0.0000	0.0000	2.9108	0.0263	14.2456	0.0000	0.0000	0.0000	0.0000	0.0000	0.0000	0.0000	0.0000	0.0000	0.0000	0.0000	0.0000	0.0000	0.0000	0.0000	0.0000	0.0000	0.0000	0.0000	0.0000	0.0000	0.0000	0.0000	0.0000	0.0000	0.0000	0.0000	0.0005	0.0003	0.0002	0.0001	0.0001	0.0000	0.0004	0.0002	0.0002	0.0000	0.0000	0.0000	0.0000	0.0000	0.0000	0.0000	0.0000	0.0000	0.0000	0.0000	0.0000	0.0000	0.0000	0.0000	0.0000	0.0000	0.0000											
36	82	0.0455	11	0	1	0	0	0	0	0	0	N	N	N	N	N	N	N	N	N	N	N	N	0.0000	0.0000	0.0000	0.0000	0.0000	0.0000	0.0000	0.0000	0.0000	0.0000	0.0000	0.0000	0.0000	0.0000	0.0000	0.0000	0.0000	0.0000	0.0000	0.0000	0.0000	7.9116	0.0263	21.1247	0.0000	0.0000	0.0000	0.0000	0.0000	0.0000	0.0000	0.0000	0.0000	0.0000	0.0000	0.0000	0.0000	0.0000	0.0000	0.0000	0.0000	0.0000	0.0000	0.0000	0.0000	0.0000	0.0000	0.0000	0.0000	0.0000	0.0000	0.0008	0.0005	0.0004	0.0003	0.0003	0.0000	0.0006	0.0002	0.0003	0.0000	0.0000	0.0000	0.0000	0.0000	0.0000	0.0000	0.0000	0.0000	0.0000	0.0000	0.0000	0.0000	0.0000	0.0000	0.0000	0.0000	0.0000											
36	83	0.0635	12	1	1	0	0	0	0	0	0	N	N	N	N	N	N	N	N	N	N	N	N	0.0000	0.0000	0.0000	0.0000	0.0000	0.0000	0.0000	0.0000	0.0000	0.0000	0.0000	0.0000	0.0000	0.0000	0.0000	0.0000	0.0000	0.0000	0.0000	0.0000	0.0000	0.0000	0.0263	1.8333	0.0000	0.0000	0.0000	0.0000	0.0000	0.0000	0.0000	0.0000	0.0000	0.0000	0.0000	0.0000	0.0000	0.0000	0.0000	0.0000	0.0000	0.0000	0.0000	0.0000	0.0000	0.0000	0.0000	0.0000	0.0000	0.0000	0.0000	0.0001	0.0000	0.0000	0.0000	0.0000	0.0000	0.0000	0.0000	0.0000	0.0000	0.0000	0.0000	0.0000	0.0000	0.0000	0.0000	0.0000	0.0000	0.0000	0.0000	0.0000	0.0000	0.0000	0.0000	0.0000	0.0000	0.0000											
36	84	0.0455	11	1	1	0	0	0	0	0	0	N	N	N	N	N	N	N	N	N	N	N	N	0.0000	0.0000	0.0000	0.0000	0.0000	0.0000	0.0000	0.0000	0.0000	0.0000	0.0000	0.0000	0.0000	0.0000	0.0000	0.0000	0.0000	0.0000	0.0000	0.0000	0.0000	6.9552	0.0263	13.1226	0.0000	0.0000	0.0000	0.0000	0.0000	0.0000	0.0000	0.0000	0.0000	0.0000	0.0000	0.0000	0.0000	0.0000	0.0000	0.0000	0.0000	0.0000	0.0000	0.0000	0.0000	0.0000	0.0000	0.0000	0.0000	0.0000	0.0000	0.0006	0.0004	0.0003	0.0002	0.0002	0.0000	0.0004	0.0002	0.0003	0.0000	0.0000	0.0000	0.0000	0.0000	0.0000	0.0000	0.0000	0.0000	0.0000	0.0000	0.0000	0.0000	0.0000	0.0000	0.0000	0.0000	0.0000											
36	85	0.0425	10	0	1	0	0	0	0	0	0	N	N	N	N	N	N	N	N	N	N	N	N	0.0000	0.0000	0.0000	0.0000	0.0000	0.0000	0.0000	0.0000	0.0000	0.0000	0.0000	0.0000	0.0000	0.0000	0.0000	0.0000	0.0000	0.0000	0.0000	0.0000	0.0000	0.3374	0.0263	6.1146	0.0000	0.0000	0.0000	0.0000	0.0000	0.0000	0.0000	0.0000	0.0000	0.0000	0.0000	0.0000	0.0000	0.0000	0.0000	0.0000	0.0000	0.0000	0.0000	0.0000	0.0000	0.0000	0.0000	0.0000	0.0000	0.0000	0.0000	0.0002	0.0001	0.0001	0.0001	0.0001	0.0000	0.0002	0.0001	0.0001	0.0000	0.0000	0.0000	0.0000	0.0000	0.0000	0.0000	0.0000	0.0000	0.0000	0.0000	0.0000	0.0000	0.0000	0.0000	0.0000	0.0000	0.0000											
36	86	0.0425	10	0	1	0	0	0	0	0	0	N	N	N	N	N	N	N	N	N	N	N	N	0.0000	0.0000	0.0000	0.0000	0.0000	0.0000	0.0000	0.0000	0.0000	0.0000	0.0000	0.0000	0.0000	0.0000	0.0000	0.0000	0.0000	0.0000	0.0000	0.0000	0.0000	11.0342	0.0263	12.7513	0.0000	0.0000	0.0000	0.0000	0.0000	0.0000	0.0000	0.0000	0.0000	0.0000	0.0000	0.0000	0.0000	0.0000	0.0000	0.0000	0.0000	0.0000	0.0000	0.0000	0.0000	0.0000	0.0000	0.0000	0.0000	0.0000	0.0000	0.0007	0.0004	0.0003	0.0002	0.0002	0.0000	0.0004	0.0002	0.0003	0.0000	0.0000	0.0000	0.0000	0.0000	0.0000	0.0000	0.0000	0.0000	0.0000	0.0000	0.0000	0.0000	0.0000	0.0000	0.0000	0.0000	0.0000											
36	87	0.0348	9	0	1	0	0	0	0	0	0	N	N	N	N	N	N	N	N	N	N	N	N	0.0000	0.0000	0.0000	0.0000	0.0000	0.0000	0.0000	0.0000	0.0000	0.0000	0.0000	0.0000	0.0000	0.0000	0.0000	0.0000	0.0000	0.0000	0.0000	0.0000	0.0000	3.9739	0.0263	6.2820	0.0000	0.0000	0.0000	0.0000	0.0000	0.0000	0.0000	0.0000	0.0000	0.0000	0.0000	0.0000	0.0000	0.0000	0.0000	0.0000	0.0000	0.0000	0.0000	0.0000	0.0000	0.0000	0.0000	0.0000	0.0000	0.0000	0.0000	0.0003	0.0002	0.0001	0.0001	0.0001	0.0000	0.0002	0.0001	0.0001	0.0000	0.0000	0.0000	0.0000	0.0000	0.0000	0.0000	0.0000	0.0000	0.0000	0.0000	0.0000	0.0000	0.0000	0.0000	0.0000	0.0000	0.0000											
36	88	0.0299	8	0	1	0	0	0	0	0	0	N	N	N	N	N	N	N	N	N	N	N	N	0.0000	0.0000	0.0000	0.0000	0.0000	0.0000	0.0000	0.0000	0.0000	0.0000	0.0000	0.0000	0.0000	0.0000	0.0000	0.0000	0.0000	0.0000	0.0000	0.0000	0.0000	0.0056	0.0263	5.7021	0.0000	0.0000	0.0000	0.0000	0.0000	0.0000	0.0000	0.0000	0.0000	0.0000	0.0000	0.0000	0.0000	0.0000	0.0000	0.0000	0.0000	0.0000	0.0000	0.0000	0.0000	0.0000	0.0000	0.0000	0.0000	0.0000	0.0000	0.0002	0.0001	0.0001	0.0001	0.0001	0.0000	0.0001	0.0000	0.0001	0.0000	0.0000	0.0000	0.0000	0.0000	0.0000	0.0000	0.0000	0.0000	0.0000	0.0000	0.0000	0.0000	0.0000	0.0000	0.0000	0.0000	0.0000											
36	92	0.1183	12	0	0	0	0	0	0	0	0	N	N	N	N	N	N	N	N	N	N	N	N	0.0000	0.0000	0.0000	0.0000	0.0000	0.0000	0.0000	0.0000	0.0000	0.0000	0.0000	0.0000	0.0000	0.0000	0.0000	0.0000	0.0132	0.0011	0.0310	0.0015	0.0016	0.0000	0.0227	0.0000	0.0348	19.1688	0.0000	0.0000	0.0000	24.8682	0.0263	39.8855	0.0000	0.0000	0.0000	0.0000	0.0000	0.0000	0.0000	0.0000	0.0000	0.0000	0.0000	0.0000	0.0000	0.0000	0.0000	0.0000	0.0000	0.0000	0.0000	0.0000	0.0000	0.0000	0.0000	0.0000	0.0000	0.0000	0.0000	0.0020	0.0012	0.0008	0.0009	0.0008	0.0001	0.0011	0.0004	0.0007	0.0000	0.0000	0.0000	0.0000	0.0000	0.0000	0.0000	0.0000	0.0000	0.0132	0.0011	0.0310	0.0015	0.0016	0.0000	0.0227	0.0000	0.0348			
37	38	0.1108	7	2	2	1	0	0	0	0	0	Y	Y	N	N	N	N	N	N	N	N	N	N	0.0000	0.0000	0.0000	0.0000	0.0000	0.0000	0.0000	0.0000	0.0000	0.0000	0.0000	0.0000	0.0000	0.0000	0.0000	0.0000	0.0000	0.0000	0.0000	0.0000	3.0000	0.0001	5.0002	0.1668	0.0000	0.0000	0.0000	0.0000	0.0000	0.0000	0.0000	0.0000	0.0000	0.0000	0.0000	0.0000	0.0000	0.0000	0.0000	0.0000	0.0000	0.0000	0.0000	0.0000	0.0000	0.0000	0.0000	0.0000	0.0000	0.0000	0.0000	0.0074	0.0056	0.0018	0.0035	0.0034	0.0000	0.0039	0.0022	0.0017	0.0000	0.0000	0.0000	0.0000	0.0000	0.0000	0.0000	0.0000	0.0000	0.0000	0.0000	0.0000	0.0000	0.0000	0.0000	0.0000	0.0000	0.0000											
37	39	0.0986	10	1	1	1	1	0	0	0	0	N	N	N	N	N	N	N	N	N	N	N	N	0.0000	0.0000	0.0000	0.0000	0.0000	0.0000	0.0000	0.0000	0.0000	0.0000	0.0000	0.0000	0.0000	0.0129	0.0196	0.0000	0.0375	0.0401	0.0000	0.0000	0.0000	0.0000	0.0000	0.0000	-0.0006	3.0000	1.7673	5.0002	9.0239	0.0000	0.0000	0.0000	0.0000	0.0000	0.0000	0.0000	0.0000	0.0000	0.0010	0.0010	0.0000	0.0010	0.0010	0.0000	0.0000	0.0000	0.0000	0.0435	0.0384	0.0051	0.0165	0.0161	0.0004	0.0270	0.0224	0.0046	0.0793	0.0523	0.0270	0.0273	0.0256	0.0017	0.0520	0.0267	0.0253	0.0000	0.0000	0.0000	0.0000	0.0000	0.0000	0.0000	0.0000	0.0000	0.0129	0.0196	0.0000	0.0375	0.0401	0.0000	0.0000	0.0000	0.0000						
37	40	0.0962	9	1	1	1	1	0	0	0	0	N	N	N	N	N	N	N	N	N	N	N	N	0.0000	0.0000	0.0000	0.0000	0.0000	0.0000	0.0000	0.0000	0.0000	0.0000	0.0000	0.0000	0.0000	0.0000	0.0000	0.0000	0.0000	0.0341	0.0121	0.0632	0.0229	0.0258	0.0000	0.0381	0.0024	0.0680	3.9512	0.0000	0.0002	3.0000	3.4690	5.0002	3.7419	0.0000	0.0000	0.0000	0.0000	0.0000	0.0000	0.0000	0.0000	0.0000	0.0013	0.0003	0.0010	0.0002	0.0002	0.0000	0.0010	0.0000	0.0010	0.0597	0.0517	0.0080	0.0150	0.0144	0.0006	0.0448	0.0373	0.0074	0.0369	0.0211	0.0159	0.0098	0.0087	0.0011	0.0272	0.0124	0.0148	0.0000	0.0000	0.0000	0.0000	0.0000	0.0000	0.0000	0.0000	0.0000	0.0341	0.0121	0.0632	0.0229	0.0258	0.0000	0.0381	0.0024	0.0680		
37	41	0.0626	7	1	2	2	0	0	0	0	0	N	Y	Y	N	N	N	N	N	N	N	N	N	0.0000	0.0000	0.0000	0.0000	0.0000	0.0000	0.0000	0.0000	0.0000	0.0000	0.0000	0.0000	0.0000	0.0000	0.0000	0.0000	0.0000	0.0000	0.0000	0.0000	0.0000	0.0000	0.0000	0.0000	0.0000	79.8140	0.0000	0.0000	3.0000	0.9997	5.0002	10.1790	0.0000	0.0000	0.0000	0.0000	0.0000	0.0000	0.0000	0.0000	0.0000	0.0000	0.0000	0.0000	0.0000	0.0000	0.0000	0.0000	0.0000	0.0000	0.0159	0.0133	0.0026	0.0005	0.0005	0.0000	0.0154	0.0129	0.0025	0.0851	0.0515	0.0336	0.0244	0.0219	0.0025	0.0607	0.0296	0.0311	0.0000	0.0000	0.0000	0.0000	0.0000	0.0000	0.0000	0.0000	0.0000	0.0000	0.0000	0.0000	0.0000	0.0000	0.0000	0.0000	0.0000	0.0000			
37	42	0.0614	6	1	2	1	0	0	0	0	0	N	Y	N	N	N	N	N	N	N	N	N	N	0.0000	0.0000	0.0000	0.0000	0.0000	0.0000	0.0000	0.0000	0.0000	0.0000	0.0000	0.0000	0.0000	0.0000	0.0000	0.0000	0.0003	0.0002	0.0005	0.0004	0.0004	0.0000	0.0003	0.0000	0.0005	1.6169	0.0000	0.0000	3.0000	0.0007	5.0002	0.9413	0.0000	0.0000	0.0000	0.0000	0.0000	0.0000	0.0000	0.0000	0.0000	0.0000	0.0000	0.0000	0.0000	0.0000	0.0000	0.0000	0.0000	0.0000	0.0000	0.0000	0.0000	0.0000	0.0000	0.0000	0.0000	0.0000	0.0000	0.0082	0.0047	0.0035	0.0025	0.0023	0.0002	0.0058	0.0025	0.0033	0.0000	0.0000	0.0000	0.0000	0.0000	0.0000	0.0000	0.0000	0.0000	0.0003	0.0002	0.0005	0.0004	0.0004	0.0000	0.0003	0.0000	0.0005			
37	43	0.0440	2	2	1	2	0	0	0	0	0	Y	N	Y	N	N	N	N	N	N	N	N	N	0.0000	0.0000	0.0000	0.0000	0.0000	0.0000	0.0000	0.0000	0.0000	0.0000	0.0000	0.0000	0.0000	0.0000	0.0000	0.0000	0.0000	0.0000	0.0000	0.0000	3.0000	1.9995	5.0002	12.0029	0.0000	0.0000	0.0000	0.0000	0.0000	0.0000	0.0000	0.0000	0.0000	0.0000	0.0000	0.0000	0.0000	0.0000	0.0000	0.0000	0.0000	0.0000	0.0279	0.0235	0.0045	0.0009	0.0008	0.0001	0.0271	0.0227	0.0044	0.0718	0.0379	0.0338	0.0076	0.0071	0.0005	0.0642	0.0309	0.0333	0.0000	0.0000	0.0000	0.0000	0.0000	0.0000	0.0000	0.0000	0.0000	0.0000	0.0000	0.0000	0.0000	0.0000	0.0000	0.0000	0.0000	0.0000											
37	44	0.0772	3	2	2	1	0	0	0	0	0	Y	Y	N	N	N	N	N	N	N	N	N	N	0.0000	0.0000	0.0000	0.0000	0.0000	0.0000	0.0000	0.0000	0.0000	0.0000	0.0000	0.0000	0.0000	6.0745	0.0000	19.1292	0.0000	0.0000	0.0000	7.3054	0.0000	19.6052	inf	0.0000	0.3852	3.0000	10.0000	5.0002	26.8440	0.0000	0.0000	0.0000	0.0000	0.0000	0.0000	0.0000	0.0000	0.0000	1.0000	0.0000	1.0000	0.0000	0.0000	0.0000	1.0000	0.0000	1.0000	0.1343	0.1132	0.0211	0.0093	0.0087	0.0006	0.1251	0.1045	0.0205	0.1646	0.0908	0.0739	0.0277	0.0242	0.0036	0.1369	0.0666	0.0703	0.0000	0.0000	0.0000	0.0000	0.0000	0.0000	0.0000	0.0000	0.0000	6.0745	0.0000	13.5393	0.0000	0.0000	0.0000	7.3054	0.0000	14.2267						
37	45	0.0614	6	1	2	1	0	0	0	0	0	N	Y	N	N	N	N	N	N	N	N	N	N	0.0000	0.0000	0.0000	0.0000	0.0000	0.0000	0.0000	0.0000	0.0000	0.0000	0.0000	0.0000	0.0000	0.0004	0.0000	0.0010	0.0000	0.0000	0.0000	0.0006	0.0000	0.0010	inf	0.0000	0.0000	3.0000	3.0000	5.0002	5.0456	0.0000	0.0000	0.0000	0.0000	0.0000	0.0000	0.0000	0.0000	0.0000	0.0000	0.0000	0.0000	0.0000	0.0000	0.0000	0.0000	0.0000	0.0000	0.0472	0.0396	0.0076	0.0015	0.0014	0.0001	0.0457	0.0383	0.0075	0.0483	0.0257	0.0226	0.0102	0.0085	0.0016	0.0381	0.0172	0.0209	0.0000	0.0000	0.0000	0.0000	0.0000	0.0000	0.0000	0.0000	0.0000	0.0004	0.0000	0.0010	0.0000	0.0000	0.0000	0.0006	0.0000	0.0010						
37	46	0.0573	5	1	2	1	0	0	0	0	0	N	Y	N	N	N	N	N	N	N	N	N	N	0.0000	0.0000	0.0000	0.0000	0.0000	0.0000	0.0000	0.0000	0.0000	0.0000	0.0000	0.0000	0.0000	0.0000	0.0000	0.0000	0.0387	0.0640	0.0080	0.1555	0.1835	0.0000	0.0047	0.0000	0.0087	0.1037	0.0000	-0.0003	3.0000	2.0000	5.0002	1.0030	0.0000	0.0000	0.0000	0.0000	0.0000	0.0000	0.0000	0.0000	0.0000	0.0006	0.0006	0.0001	0.0006	0.0006	0.0000	0.0001	0.0000	0.0001	0.0278	0.0233	0.0045	0.0009	0.0009	0.0001	0.0268	0.0224	0.0044	0.0160	0.0087	0.0072	0.0036	0.0031	0.0005	0.0124	0.0057	0.0067	0.0000	0.0000	0.0000	0.0000	0.0000	0.0000	0.0000	0.0000	0.0000	0.0387	0.0640	0.0080	0.1555	0.1835	0.0000	0.0047	0.0000	0.0087			
37	47	0.0572	4	1	2	1	0	0	0	0	0	N	Y	N	N	N	N	N	N	N	N	N	N	0.0000	0.0000	0.0000	0.0000	0.0000	0.0000	0.0000	0.0000	0.0000	0.0000	0.0000	0.0000	0.0000	0.0000	0.0000	0.0000	1.1441	0.8905	1.6111	1.3937	1.4325	0.0000	0.9676	0.0000	1.6640	0.9825	0.0000	-0.0001	3.0000	0.0000	5.0002	0.0582	0.0000	0.0000	0.0000	0.0000	0.0000	0.0000	0.0000	0.0000	0.0000	0.0011	0.0006	0.0006	0.0006	0.0006	0.0000	0.0006	0.0000	0.0006	0.0000	0.0000	0.0000	0.0000	0.0000	0.0000	0.0000	0.0000	0.0000	0.0010	0.0006	0.0003	0.0004	0.0004	0.0000	0.0006	0.0002	0.0003	0.0000	0.0000	0.0000	0.0000	0.0000	0.0000	0.0000	0.0000	0.0000	1.1441	0.8905	1.6111	1.3937	1.4325	0.0000	0.9676	0.0000	1.6640			
37	48	0.0535	3	1	2	1	0	0	0	0	0	N	Y	N	N	N	N	N	N	N	N	N	N	0.0000	0.0000	0.0000	0.0000	0.0000	0.0000	0.0000	0.0000	0.0000	0.0000	0.0000	0.0000	0.0000	0.0000	0.0000	0.0000	0.0000	0.0734	0.0844	0.0532	0.2125	0.2207	0.0001	0.0252	0.0000	0.0547	0.3412	0.0000	-0.0008	3.0000	0.0018	5.0002	3.9096	0.0000	0.0000	0.0000	0.0000	0.0000	0.0000	0.0000	0.0000	0.0000	0.0022	0.0017	0.0006	0.0017	0.0017	0.0000	0.0006	0.0000	0.0006	0.0000	0.0000	0.0000	0.0000	0.0000	0.0000	0.0000	0.0000	0.0000	0.0305	0.0198	0.0107	0.0079	0.0076	0.0003	0.0226	0.0122	0.0104	0.0000	0.0000	0.0000	0.0000	0.0000	0.0000	0.0000	0.0000	0.0000	0.0734	0.0844	0.0532	0.2125	0.2207	0.0001	0.0252	0.0000	0.0547		
37	49	0.0440	2	1	2	1	0	0	0	0	0	N	Y	N	N	N	N	N	N	N	N	N	N	0.0000	0.0000	0.0000	0.0000	0.0000	0.0000	0.0000	0.0000	0.0000	0.0000	0.0000	0.0000	0.0000	0.0000	0.0000	0.0000	0.0000	0.0377	0.0021	0.0798	0.0001	0.0001	0.0000	0.0432	0.0027	0.0809	32.1668	0.0000	0.0006	3.0000	2.0031	5.0002	6.0601	0.0000	0.0000	0.0000	0.0000	0.0000	0.0000	0.0000	0.0000	0.0000	0.0017	0.0001	0.0016	0.0000	0.0000	0.0000	0.0017	0.0000	0.0016	0.0280	0.0235	0.0045	0.0009	0.0008	0.0001	0.0271	0.0227	0.0044	0.0445	0.0241	0.0204	0.0057	0.0054	0.0003	0.0388	0.0187	0.0201	0.0000	0.0000	0.0000	0.0000	0.0000	0.0000	0.0000	0.0000	0.0000	0.0377	0.0021	0.0798	0.0001	0.0001	0.0000	0.0432	0.0027	0.0809		
37	50	0.1071	10	1	1	2	0	0	0	0	0	N	N	Y	N	N	N	N	N	N	N	N	N	0.0000	0.0000	0.0000	0.0000	0.0000	0.0000	0.0000	0.0000	0.0000	0.0000	0.0000	0.0000	0.0000	0.0000	0.0000	0.0000	0.0000	0.0000	0.0000	0.0000	3.0000	0.0004	5.0002	0.9852	0.0000	0.0000	0.0000	0.0000	0.0000	0.0000	0.0000	0.0000	0.0000	0.0000	0.0000	0.0000	0.0000	0.0000	0.0000	0.0000	0.0000	0.0000	0.0000	0.0000	0.0000	0.0000	0.0000	0.0000	0.0000	0.0000	0.0000	0.0046	0.0026	0.0020	0.0012	0.0010	0.0002	0.0034	0.0016	0.0018	0.0000	0.0000	0.0000	0.0000	0.0000	0.0000	0.0000	0.0000	0.0000	0.0000	0.0000	0.0000	0.0000	0.0000	0.0000	0.0000	0.0000	0.0000											
37	51	0.0962	9	1	1	1	0	0	0	0	0	N	N	N	N	N	N	N	N	N	N	N	N	0.0000	0.0000	0.0000	0.0000	0.0000	0.0000	0.0000	0.0000	0.0000	0.0000	0.0000	0.0000	0.0000	9.4395	0.0000	43.9090	0.0000	0.0000	0.0000	12.4319	0.0000	50.9777	inf	0.0000	0.3852	3.0000	10.7574	5.0002	12.9024	0.0000	0.0000	0.0000	0.0000	0.0000	0.0000	0.0000	0.0000	0.0000	0.9998	0.0000	0.9998	0.0000	0.0000	0.0000	0.9998	0.0000	0.9998	0.1577	0.1345	0.0233	0.0238	0.0225	0.0012	0.1340	0.1119	0.0221	0.1059	0.0607	0.0452	0.0255	0.0220	0.0034	0.0804	0.0386	0.0418	0.0000	0.0000	0.0000	0.0000	0.0000	0.0000	0.0000	0.0000	0.0000	9.4395	0.0000	22.0983	0.0000	0.0000	0.0000	12.4319	0.0000	23.9223						
37	52	0.0948	8	1	1	1	0	0	0	0	0	N	N	N	N	N	N	N	N	N	N	N	N	0.0000	0.0000	0.0000	0.0000	0.0000	0.0000	0.0000	0.0000	0.0000	0.0000	0.0000	0.0000	0.0000	0.0000	0.0000	0.0000	0.0097	0.0008	0.0218	0.0018	0.0020	0.0000	0.0123	0.0000	0.0236	21.1990	0.0000	0.0001	3.0000	2.6694	5.0002	2.4027	0.0000	0.0000	0.0000	0.0000	0.0000	0.0000	0.0000	0.0000	0.0000	0.0002	0.0000	0.0002	0.0000	0.0000	0.0000	0.0002	0.0000	0.0002	0.0385	0.0325	0.0060	0.0038	0.0036	0.0002	0.0347	0.0289	0.0058	0.0242	0.0139	0.0103	0.0059	0.0052	0.0008	0.0182	0.0087	0.0095	0.0000	0.0000	0.0000	0.0000	0.0000	0.0000	0.0000	0.0000	0.0000	0.0097	0.0008	0.0218	0.0018	0.0020	0.0000	0.0123	0.0000	0.0236			
37	53	0.0896	7	1	1	1	0	0	0	0	0	N	N	N	N	N	N	N	N	N	N	N	N	0.0000	0.0000	0.0000	0.0000	0.0000	0.0000	0.0000	0.0000	0.0000	0.0000	0.0000	0.0000	0.0000	0.0000	0.0000	0.0000	0.0002	0.0000	0.0004	0.0000	0.0000	0.0000	0.0002	0.0000	0.0004	56.6757	0.0000	0.0000	3.0000	8.6921	5.0002	5.3599	0.0000	0.0000	0.0000	0.0000	0.0000	0.0000	0.0000	0.0000	0.0000	0.0000	0.0000	0.0000	0.0000	0.0000	0.0000	0.0000	0.0000	0.0000	0.1328	0.1135	0.0193	0.0176	0.0169	0.0007	0.1152	0.0966	0.0186	0.0623	0.0359	0.0264	0.0146	0.0125	0.0021	0.0477	0.0233	0.0244	0.0000	0.0000	0.0000	0.0000	0.0000	0.0000	0.0000	0.0000	0.0000	0.0002	0.0000	0.0004	0.0000	0.0000	0.0000	0.0002	0.0000	0.0004			
37	54	0.0893	6	1	1	1	0	0	0	0	0	N	N	N	N	N	N	N	N	N	N	N	N	0.0000	0.0000	0.0000	0.0000	0.0000	0.0000	0.0000	0.0000	0.0000	0.0000	0.0000	0.0000	0.0000	0.0000	0.0000	0.0000	0.0000	0.0000	0.0000	0.0001	0.0001	0.0000	0.0000	0.0000	0.0000	0.6953	0.0000	-0.0000	3.0000	1.8652	5.0002	1.4001	0.0000	0.0000	0.0000	0.0000	0.0000	0.0000	0.0000	0.0000	0.0000	0.0000	0.0000	0.0000	0.0000	0.0000	0.0000	0.0000	0.0000	0.0000	0.0368	0.0320	0.0047	0.0076	0.0075	0.0002	0.0291	0.0246	0.0046	0.0160	0.0091	0.0069	0.0040	0.0035	0.0005	0.0120	0.0056	0.0064	0.0000	0.0000	0.0000	0.0000	0.0000	0.0000	0.0000	0.0000	0.0000	0.0000	0.0000	0.0000	0.0001	0.0001	0.0000	0.0000	0.0000	0.0000			
37	55	0.0848	5	1	1	1	0	0	0	0	0	N	N	N	N	N	N	N	N	N	N	N	N	0.0000	0.0000	0.0000	0.0000	0.0000	0.0000	0.0000	0.0000	0.0000	0.0000	0.0000	0.0000	0.0000	0.0000	0.0000	0.0000	0.0000	0.0000	0.0000	0.0000	0.0000	0.0000	0.0000	0.0000	0.0000	18.9909	0.0000	0.0000	3.0000	2.5292	5.0002	4.9772	0.0000	0.0000	0.0000	0.0000	0.0000	0.0000	0.0000	0.0000	0.0000	0.0000	0.0000	0.0000	0.0000	0.0000	0.0000	0.0000	0.0000	0.0000	0.0408	0.0350	0.0057	0.0053	0.0051	0.0002	0.0355	0.0299	0.0056	0.0486	0.0302	0.0185	0.0144	0.0133	0.0011	0.0343	0.0169	0.0174	0.0000	0.0000	0.0000	0.0000	0.0000	0.0000	0.0000	0.0000	0.0000	0.0000	0.0000	0.0000	0.0000	0.0000	0.0000	0.0000	0.0000	0.0000			
37	56	0.0440	2	2	2	1	0	0	0	0	0	Y	Y	N	N	N	N	N	N	N	N	N	N	0.0000	0.0000	0.0000	0.0000	0.0000	0.0000	0.0000	0.0000	0.0000	0.0000	0.0000	0.0000	0.0000	0.0000	0.0000	0.0000	0.0000	0.0000	0.0000	0.0000	3.0000	0.0000	5.0002	10.9971	0.0000	0.0000	0.0000	0.0000	0.0000	0.0000	0.0000	0.0000	0.0000	0.0000	0.0000	0.0000	0.0000	0.0000	0.0000	0.0000	0.0000	0.0000	0.0000	0.0000	0.0000	0.0000	0.0000	0.0000	0.0000	0.0000	0.0000	0.0581	0.0310	0.0271	0.0066	0.0062	0.0004	0.0515	0.0248	0.0267	0.0000	0.0000	0.0000	0.0000	0.0000	0.0000	0.0000	0.0000	0.0000	0.0000	0.0000	0.0000	0.0000	0.0000	0.0000	0.0000	0.0000	0.0000											
37	57	0.1657	7	1	1	1	0	0	0	0	0	N	N	N	N	N	N	N	N	N	N	N	N	0.0000	0.0000	0.0000	0.0000	0.0000	0.0000	0.0000	0.0000	0.0000	0.0000	0.0000	0.0000	0.0000	0.0000	0.0000	0.0000	0.0000	4.4278	0.0030	20.9935	0.2687	0.0048	7.1836	8.3840	0.0000	23.6054	2151.2296	0.0000	0.3975	3.0000	7.8198	5.0002	21.5823	0.0000	0.0000	0.0000	0.0000	0.0000	0.0000	0.0000	0.0000	0.0000	1.0330	0.0005	1.0325	0.0306	0.0005	0.0301	1.0025	0.0000	1.0025	0.1901	0.1675	0.0226	0.0662	0.0633	0.0029	0.1239	0.1042	0.0197	0.2333	0.1583	0.0750	0.1137	0.1010	0.0127	0.1196	0.0573	0.0622	0.0000	0.0000	0.0000	0.0000	0.0000	0.0000	0.0000	0.0000	0.0000	4.4278	0.0030	13.7724	0.2687	0.0048	2.3635	8.3840	0.0000	16.1051		
37	58	0.0798	6	2	2	2	0	0	0	0	0	Y	Y	Y	N	N	N	N	N	N	N	N	N	0.0000	0.0000	0.0000	0.0000	0.0000	0.0000	0.0000	0.0000	0.0000	0.0000	0.0000	0.0000	0.0000	0.0000	0.0000	0.0000	0.0000	0.0000	0.0000	0.0000	0.0000	0.0000	0.0000	0.0000	0.0000	0.0136	0.0000	-0.0000	3.0000	2.0055	5.0002	11.8091	0.0000	0.0000	0.0000	0.0000	0.0000	0.0000	0.0000	0.0000	0.0000	0.0000	0.0000	0.0000	0.0000	0.0000	0.0000	0.0000	0.0000	0.0000	0.0281	0.0236	0.0045	0.0010	0.0010	0.0001	0.0271	0.0226	0.0044	0.0696	0.0370	0.0326	0.0100	0.0090	0.0010	0.0596	0.0280	0.0316	0.0000	0.0000	0.0000	0.0000	0.0000	0.0000	0.0000	0.0000	0.0000	0.0000	0.0000	0.0000	0.0000	0.0000	0.0000	0.0000	0.0000	0.0000			
37	59	0.0743	5	2	1	2	0	0	0	0	0	Y	N	Y	N	N	N	N	N	N	N	N	N	0.0000	0.0000	0.0000	0.0000	0.0000	0.0000	0.0000	0.0000	0.0000	0.0000	0.0000	0.0000	0.0000	0.0000	0.0000	0.0000	0.0000	0.0000	0.0000	0.0000	0.0000	0.0000	0.0000	0.0000	0.0000	14.5369	0.0000	0.0000	3.0000	1.9951	5.0002	2.5667	0.0000	0.0000	0.0000	0.0000	0.0000	0.0000	0.0000	0.0000	0.0000	0.0000	0.0000	0.0000	0.0000	0.0000	0.0000	0.0000	0.0000	0.0000	0.0279	0.0234	0.0045	0.0009	0.0009	0.0001	0.0270	0.0225	0.0044	0.0297	0.0175	0.0123	0.0064	0.0061	0.0004	0.0233	0.0114	0.0119	0.0000	0.0000	0.0000	0.0000	0.0000	0.0000	0.0000	0.0000	0.0000	0.0000	0.0000	0.0000	0.0000	0.0000	0.0000	0.0000	0.0000	0.0000			
37	60	0.0676	4	2	1	2	0	0	0	0	0	Y	N	Y	N	N	N	N	N	N	N	N	N	0.0000	0.0000	0.0000	0.0000	0.0000	0.0000	0.0000	0.0000	0.0000	0.0000	0.0000	0.0000	0.0000	0.0000	0.0000	0.0000	0.0003	0.0004	0.0000	0.0007	0.0007	0.0000	0.0000	0.0000	0.0000	0.0001	0.0000	-0.0000	3.0000	0.0108	5.0002	3.6229	0.0000	0.0000	0.0000	0.0000	0.0000	0.0000	0.0000	0.0000	0.0000	0.0000	0.0000	0.0000	0.0000	0.0000	0.0000	0.0000	0.0000	0.0000	0.0003	0.0002	0.0000	0.0001	0.0001	0.0000	0.0002	0.0001	0.0000	0.0345	0.0257	0.0088	0.0153	0.0139	0.0014	0.0192	0.0119	0.0074	0.0000	0.0000	0.0000	0.0000	0.0000	0.0000	0.0000	0.0000	0.0000	0.0003	0.0004	0.0000	0.0007	0.0007	0.0000	0.0000	0.0000	0.0000			
37	61	0.0860	5	1	2	1	0	0	0	0	0	N	Y	N	N	N	N	N	N	N	N	N	N	0.0000	0.0000	0.0000	0.0000	0.0000	0.0000	0.0000	0.0000	0.0000	0.0000	0.0000	0.0000	0.0000	0.0002	0.0003	0.0000	0.0007	0.0007	0.0000	0.0000	0.0000	0.0000	0.0000	0.0000	-0.0000	3.0000	4.0917	5.0002	8.0988	0.0000	0.0000	0.0000	0.0000	0.0000	0.0000	0.0000	0.0000	0.0000	0.0000	0.0000	0.0000	0.0000	0.0000	0.0000	0.0000	0.0000	0.0000	0.0649	0.0554	0.0094	0.0085	0.0082	0.0003	0.0564	0.0472	0.0092	0.0926	0.0588	0.0338	0.0303	0.0286	0.0018	0.0623	0.0303	0.0320	0.0000	0.0000	0.0000	0.0000	0.0000	0.0000	0.0000	0.0000	0.0000	0.0002	0.0003	0.0000	0.0007	0.0007	0.0000	0.0000	0.0000	0.0000						
37	62	0.0822	4	1	2	1	0	0	0	0	0	N	Y	N	N	N	N	N	N	N	N	N	N	0.0664	0.0247	0.8351	0.0000	0.0000	0.4799	inf	0.8097	0.0007	0.0004	0.0021	0.0000	0.0000	0.0000	0.0007	0.0004	0.0022	0.0102	0.0163	0.0026	0.0359	0.0399	0.0000	0.0015	0.0000	0.0027	1.0000	0.1253	-0.0000	-0.0002	3.0000	2.1165	5.0002	5.0852	0.0000	0.0000	0.0000	0.0000	0.0000	0.0000	0.0000	0.0000	0.0000	0.0005	0.0004	0.0001	0.0004	0.0004	0.0000	0.0001	0.0000	0.0001	0.0294	0.0248	0.0047	0.0021	0.0020	0.0001	0.0273	0.0228	0.0045	0.0440	0.0245	0.0195	0.0111	0.0100	0.0011	0.0329	0.0145	0.0184	0.0664	0.0247	0.8351	0.0000	0.0000	0.0000	0.4799	inf	0.8097	0.0102	0.0163	0.0026	0.0359	0.0399	0.0000	0.0015	0.0000	0.0027	
37	63	0.0676	4	2	1	2	0	0	0	0	0	Y	N	Y	N	N	N	N	N	N	N	N	N	0.0000	0.0000	0.0000	0.0000	0.0000	0.0000	0.0000	0.0000	0.0000	0.0000	0.0000	0.0000	0.0000	0.0001	0.0002	0.0000	0.0005	0.0006	0.0000	0.0000	0.0000	0.0000	0.0000	0.0000	-0.0000	3.0000	3.9990	5.0002	8.8702	0.0000	0.0000	0.0000	0.0000	0.0000	0.0000	0.0000	0.0000	0.0000	0.0000	0.0000	0.0000	0.0000	0.0000	0.0000	0.0000	0.0000	0.0000	0.0504	0.0432	0.0072	0.0022	0.0021	0.0002	0.0482	0.0412	0.0070	0.0741	0.0447	0.0294	0.0193	0.0173	0.0020	0.0548	0.0274	0.0274	0.0000	0.0000	0.0000	0.0000	0.0000	0.0000	0.0000	0.0000	0.0000	0.0001	0.0002	0.0000	0.0005	0.0006	0.0000	0.0000	0.0000	0.0000						
37	64	0.0474	3	2	1	2	0	0	0	0	0	Y	N	Y	N	N	N	N	N	N	N	N	N	0.0000	0.0000	0.0000	0.0000	0.0000	0.0000	0.0000	0.0000	0.0000	0.0000	0.0000	0.0000	0.0000	0.0000	0.0000	0.0000	0.0003	0.0002	0.0003	0.0007	0.0008	0.0000	0.0002	0.0000	0.0003	0.9964	0.0000	-0.0000	3.0000	3.9972	5.0002	6.8232	0.0000	0.0000	0.0000	0.0000	0.0000	0.0000	0.0000	0.0000	0.0000	0.0000	0.0000	0.0000	0.0000	0.0000	0.0000	0.0000	0.0000	0.0000	0.0584	0.0494	0.0090	0.0032	0.0031	0.0001	0.0551	0.0463	0.0089	0.0707	0.0407	0.0300	0.0135	0.0131	0.0005	0.0572	0.0277	0.0295	0.0000	0.0000	0.0000	0.0000	0.0000	0.0000	0.0000	0.0000	0.0000	0.0003	0.0002	0.0003	0.0007	0.0008	0.0000	0.0002	0.0000	0.0003			
37	65	0.0898	5	1	2	1	0	0	0	0	0	N	Y	N	N	N	N	N	N	N	N	N	N	0.0100	0.0074	0.0000	0.0349	0.0325	0.0000	0.0000	0.0000	0.0001	0.0001	0.0000	0.0011	0.0011	0.0000	0.0000	0.0000	0.0000	0.0094	0.0149	0.0006	0.0307	0.0348	0.0000	0.0003	0.0000	0.0006	0.0000	0.0233	-0.0000	-0.0015	3.0000	15.6632	5.0002	35.0639	0.0000	0.0000	0.0000	0.0000	0.0000	0.0000	0.0000	0.0000	0.0000	0.0025	0.0025	0.0001	0.0025	0.0025	0.0000	0.0001	0.0000	0.0001	0.2136	0.1809	0.0327	0.0187	0.0177	0.0009	0.1949	0.1632	0.0317	0.2683	0.1647	0.1037	0.0800	0.0705	0.0095	0.1884	0.0942	0.0942	0.0100	0.0074	0.0000	0.0349	0.0325	0.0000	0.0000	0.0000	0.0000	0.0094	0.0149	0.0006	0.0307	0.0348	0.0000	0.0003	0.0000	0.0006	
37	66	0.0898	5	1	1	2	0	0	0	0	0	N	N	Y	N	N	N	N	N	N	N	N	N	0.0000	0.0000	0.0000	0.0000	0.0000	0.0000	0.0000	0.0000	0.0000	0.0000	0.0000	0.0000	0.0000	0.0000	0.0000	0.0000	0.0000	6.8783	0.0071	42.9638	0.0122	0.0130	0.0051	11.5703	0.0000	47.4120	1447.2546	0.0000	0.3843	3.0000	4.9998	5.0002	10.1184	0.0000	0.0000	0.0000	0.0000	0.0000	0.0000	0.0000	0.0000	0.0000	0.9993	0.0007	0.9986	0.0007	0.0007	0.0000	0.9986	0.0000	0.9986	0.0769	0.0655	0.0114	0.0093	0.0089	0.0003	0.0677	0.0566	0.0111	0.1453	0.0973	0.0480	0.0590	0.0530	0.0059	0.0863	0.0443	0.0420	0.0000	0.0000	0.0000	0.0000	0.0000	0.0000	0.0000	0.0000	0.0000	6.8783	0.0071	20.8174	0.0122	0.0130	0.0051	11.5703	0.0000	23.7515		
37	67	0.0943	7	1	2	1	0	0	0	0	0	N	Y	N	N	N	N	N	N	N	N	N	N	0.0000	0.0000	0.0000	0.0000	0.0000	0.0000	0.0000	0.0000	0.0000	0.0000	0.0000	0.0000	0.0000	0.0000	0.0000	0.0000	0.0001	0.0001	0.0000	0.0002	0.0002	0.0000	0.0000	0.0000	0.0000	0.0001	0.0000	-0.0000	3.0000	10.9928	5.0002	18.5513	0.0000	0.0000	0.0000	0.0000	0.0000	0.0000	0.0000	0.0000	0.0000	0.0000	0.0000	0.0000	0.0000	0.0000	0.0000	0.0000	0.0000	0.0000	0.1468	0.1249	0.0219	0.0125	0.0114	0.0011	0.1343	0.1136	0.0208	0.1464	0.0886	0.0579	0.0439	0.0401	0.0038	0.1025	0.0485	0.0540	0.0000	0.0000	0.0000	0.0000	0.0000	0.0000	0.0000	0.0000	0.0000	0.0001	0.0001	0.0000	0.0002	0.0002	0.0000	0.0000	0.0000	0.0000			
37	68	0.0943	6	1	1	1	0	0	0	0	0	N	N	N	N	N	N	N	N	N	N	N	N	0.0000	0.0000	0.0000	0.0000	0.0000	0.0000	0.0000	0.0000	0.0000	0.0000	0.0000	0.0000	0.0000	0.0000	0.0000	0.0000	0.0007	0.0005	0.0010	0.0007	0.0008	0.0000	0.0006	0.0000	0.0011	1.0000	0.0000	-0.0000	3.0000	0.0861	5.0002	1.0715	0.0000	0.0000	0.0000	0.0000	0.0000	0.0000	0.0000	0.0000	0.0000	0.0000	0.0000	0.0000	0.0000	0.0000	0.0000	0.0000	0.0000	0.0000	0.0035	0.0031	0.0003	0.0013	0.0013	0.0000	0.0022	0.0019	0.0003	0.0291	0.0194	0.0096	0.0134	0.0132	0.0002	0.0157	0.0062	0.0094	0.0000	0.0000	0.0000	0.0000	0.0000	0.0000	0.0000	0.0000	0.0000	0.0007	0.0005	0.0010	0.0007	0.0008	0.0000	0.0006	0.0000	0.0011			
37	69	0.0110	2	2	1	2	0	0	0	0	0	Y	N	Y	N	N	N	N	N	N	N	N	N	0.0000	0.0000	0.0000	0.0000	0.0000	0.0000	0.0000	0.0000	0.0000	0.0000	0.0000	0.0000	0.0000	0.0000	0.0000	0.0000	0.0108	0.0230	0.0000	27.8223	27.8600	0.0000	0.0000	0.0000	0.0000	0.0000	0.0000	-0.0001	3.0000	1.0000	5.0002	3.0001	0.0000	0.0000	0.0000	0.0000	0.0000	0.0000	0.0000	0.0000	0.0000	0.0002	0.0002	0.0000	0.0002	0.0002	0.0000	0.0000	0.0000	0.0000	0.0159	0.0133	0.0026	0.0000	0.0000	0.0000	0.0159	0.0133	0.0026	0.0223	0.0104	0.0118	0.0000	0.0000	0.0000	0.0223	0.0104	0.0118	0.0000	0.0000	0.0000	0.0000	0.0000	0.0000	0.0000	0.0000	0.0000	0.0108	0.0230	0.0000	27.8223	27.8600	0.0000	0.0000	0.0000	0.0000			
37	72	0.0772	3	1	2	1	1	0	0	0	0	N	Y	N	N	N	N	N	N	N	N	N	N	0.0000	0.0000	0.0000	0.0000	0.0000	0.0000	0.0000	0.0000	0.0000	0.0000	0.0000	0.0000	0.0000	0.0002	0.0000	0.0004	0.0000	0.0000	0.0000	0.0002	0.0000	0.0004	inf	0.0000	0.0000	3.0000	13.0000	5.0002	39.1663	0.0000	0.0000	0.0000	0.0000	0.0000	0.0000	0.0000	0.0000	0.0000	0.0000	0.0000	0.0000	0.0000	0.0000	0.0000	0.0000	0.0000	0.0000	0.1726	0.1456	0.0270	0.0119	0.0112	0.0007	0.1607	0.1344	0.0263	0.2192	0.1204	0.0988	0.0351	0.0302	0.0048	0.1841	0.0901	0.0940	0.0000	0.0000	0.0000	0.0000	0.0000	0.0000	0.0000	0.0000	0.0000	0.0002	0.0000	0.0004	0.0000	0.0000	0.0000	0.0002	0.0000	0.0004						
37	73	0.0797	4	1	2	1	0	0	0	0	0	N	Y	N	N	N	N	N	N	N	N	N	N	0.0000	0.0000	0.0000	0.0000	0.0000	0.0000	0.0000	0.0000	0.0000	0.0000	0.0000	0.0000	0.0000	0.0006	0.0011	0.0000	0.0030	0.0033	0.0000	0.0000	0.0000	0.0000	0.0000	0.0000	-0.0000	3.0000	3.0003	5.0002	18.1082	0.0000	0.0000	0.0000	0.0000	0.0000	0.0000	0.0000	0.0000	0.0000	0.0001	0.0001	0.0000	0.0001	0.0001	0.0000	0.0000	0.0000	0.0000	0.0415	0.0349	0.0066	0.0029	0.0027	0.0002	0.0386	0.0322	0.0064	0.1114	0.0640	0.0474	0.0236	0.0214	0.0022	0.0878	0.0426	0.0452	0.0000	0.0000	0.0000	0.0000	0.0000	0.0000	0.0000	0.0000	0.0000	0.0006	0.0011	0.0000	0.0030	0.0033	0.0000	0.0000	0.0000	0.0000						
37	74	0.0474	3	1	2	1	0	0	0	0	0	N	Y	N	N	N	N	N	N	N	N	N	N	0.0000	0.0000	0.0000	0.0000	0.0000	0.0000	0.0000	0.0000	0.0000	0.0000	0.0000	0.0000	0.0000	0.0001	0.0001	0.0000	0.0006	0.0006	0.0000	0.0000	0.0000	0.0000	0.0000	0.0000	-0.0000	3.0000	7.0046	5.0002	18.1036	0.0000	0.0000	0.0000	0.0000	0.0000	0.0000	0.0000	0.0000	0.0000	0.0000	0.0000	0.0000	0.0000	0.0000	0.0000	0.0000	0.0000	0.0000	0.0987	0.0832	0.0154	0.0044	0.0042	0.0002	0.0943	0.0791	0.0152	0.1329	0.0722	0.0607	0.0178	0.0168	0.0010	0.1151	0.0554	0.0597	0.0000	0.0000	0.0000	0.0000	0.0000	0.0000	0.0000	0.0000	0.0000	0.0001	0.0001	0.0000	0.0006	0.0006	0.0000	0.0000	0.0000	0.0000						
37	75	0.0440	2	1	1	1	0	0	0	0	0	N	N	N	N	N	N	N	N	N	N	N	N	0.0000	0.0000	0.0000	0.0000	0.0000	0.0000	0.0000	0.0000	0.0000	0.0000	0.0000	0.0000	0.0000	0.0000	0.0000	0.0000	0.0000	0.0024	0.0001	0.0054	0.0004	0.0004	0.0000	0.0028	0.0000	0.0055	33.4238	0.0000	0.0000	3.0000	0.2435	5.0002	3.2922	0.0000	0.0000	0.0000	0.0000	0.0000	0.0000	0.0000	0.0000	0.0000	0.0001	0.0000	0.0001	0.0000	0.0000	0.0000	0.0001	0.0000	0.0001	0.0036	0.0030	0.0006	0.0002	0.0002	0.0000	0.0034	0.0028	0.0006	0.0231	0.0132	0.0098	0.0042	0.0040	0.0001	0.0189	0.0092	0.0097	0.0000	0.0000	0.0000	0.0000	0.0000	0.0000	0.0000	0.0000	0.0000	0.0024	0.0001	0.0054	0.0004	0.0004	0.0000	0.0028	0.0000	0.0055		
37	77	0.0947	7	1	2	1	0	0	0	0	0	N	Y	N	N	N	N	N	N	N	N	N	N	0.0000	0.0000	0.0000	0.0000	0.0000	0.0000	0.0000	0.0000	0.0000	0.0000	0.0000	0.0000	0.0000	0.0000	0.0000	0.0000	0.0000	0.0000	0.0000	-0.0000	3.0000	8.6571	5.0002	16.0761	0.0000	0.0000	0.0000	0.0000	0.0000	0.0000	0.0000	0.0000	0.0000	0.0000	0.0000	0.0000	0.0000	0.0000	0.0000	0.0000	0.0000	0.0000	0.1083	0.0933	0.0150	0.0087	0.0083	0.0005	0.0996	0.0850	0.0146	0.1110	0.0676	0.0434	0.0330	0.0301	0.0029	0.0779	0.0375	0.0404	0.0000	0.0000	0.0000	0.0000	0.0000	0.0000	0.0000	0.0000	0.0000	0.0000	0.0000	0.0000	0.0000	0.0000	0.0000	0.0000	0.0000	0.0000											
37	78	0.0943	6	1	2	1	0	0	0	0	0	N	Y	N	N	N	N	N	N	N	N	N	N	0.0000	0.0000	0.0000	0.0000	0.0000	0.0000	0.0000	0.0000	0.0000	0.0000	0.0000	0.0000	0.0000	0.0003	0.0004	0.0000	0.0007	0.0007	0.0000	0.0000	0.0000	0.0000	0.0001	0.0000	-0.0000	3.0000	0.3645	5.0002	1.9845	0.0000	0.0000	0.0000	0.0000	0.0000	0.0000	0.0000	0.0000	0.0000	0.0000	0.0000	0.0000	0.0000	0.0000	0.0000	0.0000	0.0000	0.0000	0.0073	0.0064	0.0009	0.0016	0.0015	0.0000	0.0057	0.0048	0.0009	0.0344	0.0226	0.0118	0.0148	0.0144	0.0004	0.0196	0.0081	0.0114	0.0000	0.0000	0.0000	0.0000	0.0000	0.0000	0.0000	0.0000	0.0000	0.0003	0.0004	0.0000	0.0007	0.0007	0.0000	0.0000	0.0000	0.0000						
37	79	0.0848	5	1	1	1	0	0	0	0	0	N	N	N	N	N	N	N	N	N	N	N	N	0.0000	0.0000	0.0000	0.0000	0.0000	0.0000	0.0000	0.0000	0.0000	0.0000	0.0000	0.0000	0.0000	0.0000	0.0000	0.0000	0.0001	0.0000	0.0003	0.0000	0.0000	0.0000	0.0001	0.0000	0.0003	632.9114	0.0000	0.0000	3.0000	2.9108	5.0002	14.2456	0.0000	0.0000	0.0000	0.0000	0.0000	0.0000	0.0000	0.0000	0.0000	0.0000	0.0000	0.0000	0.0000	0.0000	0.0000	0.0000	0.0000	0.0000	0.0460	0.0394	0.0065	0.0056	0.0054	0.0002	0.0403	0.0340	0.0064	0.0901	0.0532	0.0369	0.0228	0.0204	0.0024	0.0673	0.0328	0.0345	0.0000	0.0000	0.0000	0.0000	0.0000	0.0000	0.0000	0.0000	0.0000	0.0001	0.0000	0.0003	0.0000	0.0000	0.0000	0.0001	0.0000	0.0003			
37	80	0.0797	4	1	1	1	0	0	0	0	0	N	N	N	N	N	N	N	N	N	N	N	N	0.0000	0.0000	0.0000	0.0000	0.0000	0.0000	0.0000	0.0000	0.0000	0.0000	0.0000	0.0000	0.0000	0.0000	0.0000	0.0000	0.0005	0.0009	0.0000	0.0019	0.0020	0.0000	0.0000	0.0000	0.0000	0.0007	0.0000	-0.0000	3.0000	0.1009	5.0002	7.5203	0.0000	0.0000	0.0000	0.0000	0.0000	0.0000	0.0000	0.0000	0.0000	0.0000	0.0000	0.0000	0.0000	0.0000	0.0000	0.0000	0.0000	0.0000	0.0014	0.0012	0.0002	0.0001	0.0001	0.0000	0.0013	0.0011	0.0002	0.0549	0.0333	0.0217	0.0155	0.0147	0.0008	0.0394	0.0186	0.0209	0.0000	0.0000	0.0000	0.0000	0.0000	0.0000	0.0000	0.0000	0.0000	0.0005	0.0009	0.0000	0.0019	0.0020	0.0000	0.0000	0.0000	0.0000			
37	81	0.0772	3	1	1	1	0	0	0	0	0	N	N	N	N	N	N	N	N	N	N	N	N	0.0000	0.0000	0.0000	0.0000	0.0000	0.0000	0.0000	0.0000	0.0000	0.0000	0.0000	0.0000	0.0000	0.0000	0.0000	0.0000	0.0000	0.0010	0.0012	0.0008	0.0000	0.0000	0.0000	0.0014	0.0022	0.0008	0.5005	0.0000	-0.0000	3.0000	0.0014	5.0002	3.7882	0.0000	0.0000	0.0000	0.0000	0.0000	0.0000	0.0000	0.0000	0.0000	0.0000	0.0000	0.0000	0.0000	0.0000	0.0000	0.0000	0.0000	0.0000	0.0000	0.0000	0.0000	0.0000	0.0000	0.0000	0.0000	0.0000	0.0000	0.0295	0.0172	0.0123	0.0087	0.0083	0.0004	0.0208	0.0089	0.0119	0.0000	0.0000	0.0000	0.0000	0.0000	0.0000	0.0000	0.0000	0.0000	0.0010	0.0012	0.0008	0.0000	0.0000	0.0000	0.0014	0.0022	0.0008		
37	82	0.0929	6	1	2	1	0	0	0	0	0	N	Y	N	N	N	N	N	N	N	N	N	N	0.0000	0.0000	0.0000	0.0000	0.0000	0.0000	0.0000	0.0000	0.0000	0.0000	0.0000	0.0000	0.0000	0.0000	0.0000	0.0000	1.3827	2.2917	0.0002	5.5911	6.0600	0.0000	0.0001	0.0000	0.0002	0.0000	0.0000	-0.1417	3.0000	7.9116	5.0002	21.1247	0.0000	0.0000	0.0000	0.0000	0.0000	0.0000	0.0000	0.0000	0.0000	0.2304	0.2304	0.0000	0.2304	0.2304	0.0000	0.0000	0.0000	0.0000	0.1161	0.0985	0.0176	0.0130	0.0124	0.0006	0.1031	0.0861	0.0170	0.1667	0.1006	0.0661	0.0412	0.0380	0.0032	0.1255	0.0625	0.0629	0.0000	0.0000	0.0000	0.0000	0.0000	0.0000	0.0000	0.0000	0.0000	1.3827	2.2917	0.0002	5.5911	6.0600	0.0000	0.0001	0.0000	0.0002			
37	83	0.1108	7	2	2	1	0	0	0	0	0	Y	Y	N	N	N	N	N	N	N	N	N	N	0.0000	0.0000	0.0000	0.0000	0.0000	0.0000	0.0000	0.0000	0.0000	0.0000	0.0000	0.0000	0.0000	0.0000	0.0000	0.0000	0.0000	0.0000	0.0000	0.0000	3.0000	0.0000	5.0002	1.8333	0.0000	0.0000	0.0000	0.0000	0.0000	0.0000	0.0000	0.0000	0.0000	0.0000	0.0000	0.0000	0.0000	0.0000	0.0000	0.0000	0.0000	0.0000	0.0000	0.0000	0.0000	0.0000	0.0000	0.0000	0.0000	0.0000	0.0000	0.0150	0.0098	0.0052	0.0049	0.0046	0.0002	0.0101	0.0052	0.0049	0.0000	0.0000	0.0000	0.0000	0.0000	0.0000	0.0000	0.0000	0.0000	0.0000	0.0000	0.0000	0.0000	0.0000	0.0000	0.0000	0.0000	0.0000											
37	84	0.0929	6	2	2	1	0	0	0	0	0	Y	Y	N	N	N	N	N	N	N	N	N	N	0.0000	0.0000	0.0000	0.0000	0.0000	0.0000	0.0000	0.0000	0.0000	0.0000	0.0000	0.0000	0.0000	0.0000	0.0000	0.0000	0.0000	5.7973	0.0000	23.4948	0.0065	0.0000	0.1052	8.0075	0.0000	22.8789	43600375.0099	0.0000	0.2966	3.0000	6.9552	5.0002	13.1226	0.0000	0.0000	0.0000	0.0000	0.0000	0.0000	0.0000	0.0000	0.0000	0.7698	0.0000	0.7698	0.0002	0.0000	0.0002	0.7696	0.0000	0.7696	0.1036	0.0879	0.0157	0.0122	0.0116	0.0006	0.0914	0.0763	0.0151	0.1328	0.0823	0.0505	0.0367	0.0344	0.0023	0.0961	0.0479	0.0482	0.0000	0.0000	0.0000	0.0000	0.0000	0.0000	0.0000	0.0000	0.0000	5.7973	0.0000	15.2472	0.0065	0.0000	0.1052	8.0075	0.0000	15.9640		
37	85	0.0899	5	1	2	1	0	0	0	0	0	N	Y	N	N	N	N	N	N	N	N	N	N	0.0000	0.0000	0.0000	0.0000	0.0000	0.0000	0.0000	0.0000	0.0000	0.0000	0.0000	0.0000	0.0000	0.0000	0.0000	0.0000	0.0000	0.0000	6.3719	5.2263	8.1398	9.9172	10.3475	0.0620	4.7071	0.0111	8.4241	1.0092	0.0000	-0.0398	3.0000	0.3374	5.0002	6.1146	0.0000	0.0000	0.0000	0.0000	0.0000	0.0000	0.0000	0.0000	0.0000	0.3537	0.1760	0.1777	0.1759	0.1759	0.0000	0.1778	0.0002	0.1776	0.0074	0.0065	0.0010	0.0025	0.0024	0.0001	0.0049	0.0041	0.0008	0.0555	0.0337	0.0218	0.0177	0.0170	0.0007	0.0378	0.0167	0.0211	0.0000	0.0000	0.0000	0.0000	0.0000	0.0000	0.0000	0.0000	0.0000	6.3719	5.2263	8.1398	9.9172	10.3475	0.0620	4.7071	0.0111	8.4241	
37	86	0.0899	5	1	2	1	0	0	0	0	0	N	Y	N	N	N	N	N	N	N	N	N	N	0.0000	0.0000	0.0000	0.0000	0.0000	0.0000	0.0000	0.0000	0.0000	0.0000	0.0000	0.0000	0.0000	0.0000	0.0000	0.0000	0.0000	6.0672	0.0000	21.0841	0.0071	0.0000	0.0776	7.7908	0.0000	21.2933	2145497.6030	0.0000	0.2973	3.0000	11.0342	5.0002	12.7513	0.0000	0.0000	0.0000	0.0000	0.0000	0.0000	0.0000	0.0000	0.0000	0.7717	0.0000	0.7717	0.0002	0.0000	0.0002	0.7715	0.0000	0.7715	0.1500	0.1267	0.0234	0.0122	0.0114	0.0007	0.1379	0.1152	0.0226	0.1272	0.0729	0.0543	0.0282	0.0256	0.0026	0.0990	0.0473	0.0517	0.0000	0.0000	0.0000	0.0000	0.0000	0.0000	0.0000	0.0000	0.0000	6.0672	0.0000	14.2068	0.0071	0.0000	0.0776	7.7908	0.0000	14.9110		
37	87	0.0822	4	1	2	1	0	0	0	0	0	N	Y	N	N	N	N	N	N	N	N	N	N	0.0000	0.0000	0.0000	0.0000	0.0000	0.0000	0.0000	0.0000	0.0000	0.0000	0.0000	0.0000	0.0000	0.0000	0.0000	0.0000	0.0000	3.9809	0.0159	8.9411	0.0234	0.0262	0.0000	5.1620	0.0099	9.4708	448.5815	0.0000	0.0876	3.0000	3.9739	5.0002	6.2820	0.0000	0.0000	0.0000	0.0000	0.0000	0.0000	0.0000	0.0000	0.0000	0.2287	0.0005	0.2282	0.0003	0.0003	0.0000	0.2284	0.0002	0.2282	0.0548	0.0461	0.0087	0.0038	0.0036	0.0002	0.0509	0.0425	0.0084	0.0574	0.0319	0.0255	0.0132	0.0118	0.0014	0.0442	0.0201	0.0241	0.0000	0.0000	0.0000	0.0000	0.0000	0.0000	0.0000	0.0000	0.0000	3.9809	0.0159	8.9411	0.0234	0.0262	0.0000	5.1620	0.0099	9.4708		
37	88	0.0772	3	1	2	1	0	0	0	0	0	N	Y	N	N	N	N	N	N	N	N	N	N	0.0000	0.0000	0.0000	0.0000	0.0000	0.0000	0.0000	0.0000	0.0000	0.0000	0.0000	0.0000	0.0000	0.0000	0.0000	0.0000	0.0105	0.0000	0.0247	0.0000	0.0000	0.0000	0.0142	0.0000	0.0256	123142.7098	0.0000	0.0002	3.0000	0.0056	5.0002	5.7021	0.0000	0.0000	0.0000	0.0000	0.0000	0.0000	0.0000	0.0000	0.0000	0.0004	0.0000	0.0004	0.0000	0.0000	0.0000	0.0004	0.0000	0.0004	0.0001	0.0001	0.0000	0.0000	0.0000	0.0000	0.0001	0.0001	0.0000	0.0380	0.0218	0.0162	0.0099	0.0093	0.0006	0.0281	0.0125	0.0156	0.0000	0.0000	0.0000	0.0000	0.0000	0.0000	0.0000	0.0000	0.0000	0.0105	0.0000	0.0247	0.0000	0.0000	0.0000	0.0142	0.0000	0.0256			
37	92	0.1657	7	1	1	1	0	0	0	0	0	N	N	N	N	N	N	N	N	N	N	N	N	0.0024	0.0040	0.0000	0.0082	0.0096	0.0000	0.0000	0.0000	0.0017	0.0019	0.0000	0.0073	0.0078	0.0000	0.0000	0.0000	0.0000	0.6979	0.4758	1.0985	0.8840	0.8058	1.7681	0.5541	0.0000	1.0397	0.0000	1.2803	-0.0003	-0.0116	3.0000	24.8682	5.0002	39.8855	0.0006	0.0006	0.0000	0.0006	0.0006	0.0000	0.0000	0.0000	0.0000	0.2172	0.0952	0.1219	0.1199	0.0952	0.0247	0.0972	0.0000	0.0972	0.3656	0.3168	0.0488	0.0837	0.0785	0.0052	0.2819	0.2383	0.0436	0.3112	0.2002	0.1110	0.1357	0.1182	0.0175	0.1755	0.0820	0.0935	0.0024	0.0040	0.0000	0.0082	0.0096	0.0000	0.0000	0.0000	0.0000	0.6979	0.4758	1.0985	0.8840	0.8058	1.4131	0.5541	0.0000	1.0397	
38	39	0.0550	12	1	1	0	1	0	0	0	0	N	N	N	N	N	N	N	N	N	N	N	N	0.0000	0.0000	0.0000	0.0000	0.0000	0.0000	0.0000	0.0000	0.0000	0.0000	0.0000	0.0000	0.0000	0.0000	0.0000	0.0000	0.0000	0.0000	0.0000	0.0000	0.0001	1.7673	0.1668	9.0239	0.0000	0.0000	0.0000	0.0000	0.0000	0.0000	0.0000	0.0000	0.0000	0.0000	0.0000	0.0000	0.0000	0.0000	0.0000	0.0000	0.0000	0.0000	0.0000	0.0000	0.0000	0.0000	0.0000	0.0000	0.0000	0.0000	0.0000	0.0091	0.0068	0.0022	0.0042	0.0042	0.0000	0.0048	0.0026	0.0022	0.0000	0.0000	0.0000	0.0000	0.0000	0.0000	0.0000	0.0000	0.0000	0.0000	0.0000	0.0000	0.0000	0.0000	0.0000	0.0000	0.0000	0.0000											
38	40	0.0526	11	1	1	0	1	0	0	0	0	N	N	N	N	N	N	N	N	N	N	N	N	2408461.7153	4474220.8641	14213.2994	8827.1889	7083.4954	5812576.1921	inf	32630.2081	1.3052	1.4615	0.0171	0.0034	0.0038	0.0000	3.9341	4.5711	0.0397	0.0000	0.0000	0.0000	0.0000	0.0000	0.0000	0.0000	0.0000	0.0000	0.0014	1.2000	-0.0000	-0.0000	0.0001	3.4690	0.1668	3.7419	0.0000	0.0000	0.0000	0.0000	0.0000	0.0000	0.0000	0.0000	0.0000	0.0000	0.0000	0.0000	0.0000	0.0000	0.0000	0.0000	0.0000	0.0000	0.0000	0.0000	0.0000	0.0000	0.0000	0.0000	0.0000	0.0000	0.0000	0.0061	0.0046	0.0015	0.0028	0.0028	0.0000	0.0033	0.0018	0.0015	2408461.7153	4474220.8641	14213.2994	8827.1889	7083.4954	0.0000	5812576.1921	inf	32630.2081	0.0000	0.0000	0.0000	0.0000	0.0000	0.0000	0.0000	0.0000	0.0000	
38	41	0.0854	11	1	2	1	0	0	0	0	0	N	Y	N	N	N	N	N	N	N	N	N	N	0.0000	0.0000	0.0000	0.0000	0.0000	0.0000	0.0000	0.0000	0.0000	0.0000	0.0000	0.0000	0.0000	0.0000	0.0000	0.0000	0.0000	0.0000	0.0000	0.0000	0.0001	0.9997	0.1668	10.1790	0.0000	0.0000	0.0000	0.0000	0.0000	0.0000	0.0000	0.0000	0.0000	0.0000	0.0000	0.0000	0.0000	0.0000	0.0000	0.0000	0.0000	0.0000	0.0000	0.0000	0.0000	0.0000	0.0000	0.0000	0.0000	0.0000	0.0000	0.0104	0.0079	0.0025	0.0050	0.0049	0.0000	0.0054	0.0030	0.0024	0.0000	0.0000	0.0000	0.0000	0.0000	0.0000	0.0000	0.0000	0.0000	0.0000	0.0000	0.0000	0.0000	0.0000	0.0000	0.0000	0.0000	0.0000											
38	42	0.0842	10	1	2	0	0	0	0	0	0	N	Y	N	N	N	N	N	N	N	N	N	N	0.0000	0.0000	0.0000	0.0000	0.0000	0.0000	0.0000	0.0000	0.0000	0.0000	0.0000	0.0000	0.0000	0.0000	0.0000	0.0000	0.0000	0.0000	0.0000	0.0000	0.0001	0.0007	0.1668	0.9413	0.0000	0.0000	0.0000	0.0000	0.0000	0.0000	0.0000	0.0000	0.0000	0.0000	0.0000	0.0000	0.0000	0.0000	0.0000	0.0000	0.0000	0.0000	0.0000	0.0000	0.0000	0.0000	0.0000	0.0000	0.0000	0.0000	0.0000	0.0009	0.0007	0.0002	0.0004	0.0004	0.0000	0.0005	0.0003	0.0002	0.0000	0.0000	0.0000	0.0000	0.0000	0.0000	0.0000	0.0000	0.0000	0.0000	0.0000	0.0000	0.0000	0.0000	0.0000	0.0000	0.0000	0.0000											
38	43	0.0668	6	2	1	1	0	0	0	0	0	Y	N	N	N	N	N	N	N	N	N	N	N	0.0000	0.0000	0.0000	0.0000	0.0000	0.0000	0.0000	0.0000	0.0000	0.0000	0.0000	0.0000	0.0000	14.9751	0.0000	167.0375	0.0000	0.0000	0.0000	27.2042	0.0000	171.2886	inf	0.0000	0.0642	0.0001	1.9995	0.1668	12.0029	0.0000	0.0000	0.0000	0.0000	0.0000	0.0000	0.0000	0.0000	0.0000	0.1667	0.0000	0.1667	0.0000	0.0000	0.0000	0.1667	0.0000	0.1667	0.0000	0.0000	0.0000	0.0000	0.0000	0.0000	0.0000	0.0000	0.0000	0.0114	0.0086	0.0028	0.0053	0.0053	0.0000	0.0061	0.0034	0.0028	0.0000	0.0000	0.0000	0.0000	0.0000	0.0000	0.0000	0.0000	0.0000	14.5965	0.0000	59.9099	0.0000	0.0000	0.0000	27.2042	0.0000	60.6105						
38	44	0.0336	5	2	2	0	0	0	0	0	0	Y	Y	N	N	N	N	N	N	N	N	N	N	0.0000	0.0000	0.0000	0.0000	0.0000	0.0000	0.0000	0.0000	0.0000	0.0000	0.0000	0.0000	0.0000	0.0000	0.0000	0.0000	0.0000	0.0000	0.0000	-0.0000	0.0001	10.0000	0.1668	26.8440	0.0000	0.0000	0.0000	0.0000	0.0000	0.0000	0.0000	0.0000	0.0000	0.0000	0.0000	0.0000	0.0000	0.0000	0.0000	0.0000	0.0000	0.0000	0.0000	0.0000	0.0000	0.0000	0.0000	0.0000	0.0000	0.0000	0.0000	0.0276	0.0209	0.0068	0.0126	0.0125	0.0001	0.0150	0.0083	0.0067	0.0000	0.0000	0.0000	0.0000	0.0000	0.0000	0.0000	0.0000	0.0000	0.0000	0.0000	0.0000	0.0000	0.0000	0.0000	0.0000	0.0000	0.0000											
38	45	0.0842	10	1	2	0	0	0	0	0	0	N	Y	N	N	N	N	N	N	N	N	N	N	0.0000	0.0000	0.0000	0.0000	0.0000	0.0000	0.0000	0.0000	0.0000	0.0000	0.0000	0.0000	0.0000	0.0000	0.0000	0.0000	0.0000	0.0000	0.0000	0.0000	0.0001	3.0000	0.1668	5.0456	0.0000	0.0000	0.0000	0.0000	0.0000	0.0000	0.0000	0.0000	0.0000	0.0000	0.0000	0.0000	0.0000	0.0000	0.0000	0.0000	0.0000	0.0000	0.0000	0.0000	0.0000	0.0000	0.0000	0.0000	0.0000	0.0000	0.0000	0.0075	0.0057	0.0018	0.0036	0.0035	0.0000	0.0039	0.0022	0.0018	0.0000	0.0000	0.0000	0.0000	0.0000	0.0000	0.0000	0.0000	0.0000	0.0000	0.0000	0.0000	0.0000	0.0000	0.0000	0.0000	0.0000	0.0000											
38	46	0.0800	9	1	2	0	0	0	0	0	0	N	Y	N	N	N	N	N	N	N	N	N	N	0.0000	0.0000	0.0000	0.0000	0.0000	0.0000	0.0000	0.0000	0.0000	0.0000	0.0000	0.0000	0.0000	0.0000	0.0000	0.0000	0.0000	0.0000	0.0000	0.0000	0.0001	2.0000	0.1668	1.0030	0.0000	0.0000	0.0000	0.0000	0.0000	0.0000	0.0000	0.0000	0.0000	0.0000	0.0000	0.0000	0.0000	0.0000	0.0000	0.0000	0.0000	0.0000	0.0000	0.0000	0.0000	0.0000	0.0000	0.0000	0.0000	0.0000	0.0000	0.0025	0.0019	0.0006	0.0012	0.0012	0.0000	0.0013	0.0007	0.0006	0.0000	0.0000	0.0000	0.0000	0.0000	0.0000	0.0000	0.0000	0.0000	0.0000	0.0000	0.0000	0.0000	0.0000	0.0000	0.0000	0.0000	0.0000											
38	47	0.0800	8	1	2	0	0	0	0	0	0	N	Y	N	N	N	N	N	N	N	N	N	N	0.0000	0.0000	0.0000	0.0000	0.0000	0.0000	0.0000	0.0000	0.0000	0.0000	0.0000	0.0000	0.0000	0.0000	0.0000	0.0000	0.0000	0.0000	0.0000	0.0000	0.0001	0.0000	0.1668	0.0582	0.0000	0.0000	0.0000	0.0000	0.0000	0.0000	0.0000	0.0000	0.0000	0.0000	0.0000	0.0000	0.0000	0.0000	0.0000	0.0000	0.0000	0.0000	0.0000	0.0000	0.0000	0.0000	0.0000	0.0000	0.0000	0.0000	0.0000	0.0001	0.0000	0.0000	0.0000	0.0000	0.0000	0.0000	0.0000	0.0000	0.0000	0.0000	0.0000	0.0000	0.0000	0.0000	0.0000	0.0000	0.0000	0.0000	0.0000	0.0000	0.0000	0.0000	0.0000	0.0000	0.0000	0.0000											
38	48	0.0763	7	1	2	0	0	0	0	0	0	N	Y	N	N	N	N	N	N	N	N	N	N	0.0000	0.0000	0.0000	0.0000	0.0000	0.0000	0.0000	0.0000	0.0000	0.0000	0.0000	0.0000	0.0000	0.0000	0.0000	0.0000	0.0000	0.0000	0.0000	0.0000	0.0000	0.0000	0.0000	0.0000	-0.0000	0.0001	0.0018	0.1668	3.9096	0.0000	0.0000	0.0000	0.0000	0.0000	0.0000	0.0000	0.0000	0.0000	0.0000	0.0000	0.0000	0.0000	0.0000	0.0000	0.0000	0.0000	0.0000	0.0000	0.0000	0.0000	0.0000	0.0000	0.0000	0.0000	0.0000	0.0000	0.0035	0.0027	0.0008	0.0016	0.0016	0.0000	0.0019	0.0010	0.0008	0.0000	0.0000	0.0000	0.0000	0.0000	0.0000	0.0000	0.0000	0.0000	0.0000	0.0000	0.0000	0.0000	0.0000	0.0000	0.0000	0.0000	0.0000						
38	49	0.0668	6	1	2	0	0	0	0	0	0	N	Y	N	N	N	N	N	N	N	N	N	N	0.0000	0.0000	0.0000	0.0000	0.0000	0.0000	0.0000	0.0000	0.0000	0.0000	0.0000	0.0000	0.0000	0.0000	0.0000	0.0000	0.0000	0.0002	0.0002	0.0000	0.0004	0.0004	0.0000	0.0000	0.0000	0.0000	0.0398	0.0000	-0.0000	0.0001	2.0031	0.1668	6.0601	0.0000	0.0000	0.0000	0.0000	0.0000	0.0000	0.0000	0.0000	0.0000	0.0000	0.0000	0.0000	0.0000	0.0000	0.0000	0.0000	0.0000	0.0000	0.0000	0.0000	0.0000	0.0000	0.0000	0.0000	0.0000	0.0000	0.0000	0.0068	0.0051	0.0017	0.0031	0.0031	0.0000	0.0036	0.0020	0.0016	0.0000	0.0000	0.0000	0.0000	0.0000	0.0000	0.0000	0.0000	0.0000	0.0002	0.0002	0.0000	0.0004	0.0004	0.0000	0.0000	0.0000	0.0000		
38	50	0.0635	12	1	1	1	0	0	0	0	0	N	N	N	N	N	N	N	N	N	N	N	N	0.0000	0.0000	0.0000	0.0000	0.0000	0.0000	0.0000	0.0000	0.0000	0.0000	0.0000	0.0000	0.0000	0.0000	0.0000	0.0000	0.0000	0.0000	0.0000	0.0000	0.0001	0.0004	0.1668	0.9852	0.0000	0.0000	0.0000	0.0000	0.0000	0.0000	0.0000	0.0000	0.0000	0.0000	0.0000	0.0000	0.0000	0.0000	0.0000	0.0000	0.0000	0.0000	0.0000	0.0000	0.0000	0.0000	0.0000	0.0000	0.0000	0.0000	0.0000	0.0008	0.0006	0.0002	0.0004	0.0004	0.0000	0.0004	0.0002	0.0002	0.0000	0.0000	0.0000	0.0000	0.0000	0.0000	0.0000	0.0000	0.0000	0.0000	0.0000	0.0000	0.0000	0.0000	0.0000	0.0000	0.0000	0.0000											
38	51	0.0526	11	1	1	0	0	0	0	0	0	N	N	N	N	N	N	N	N	N	N	N	N	inf	inf	inf	inf	0.0009	0.0010	0.0000	0.0013	0.0014	0.0000	0.0000	0.0000	0.0000	0.0000	0.0000	0.0000	0.0000	0.0000	0.0000	0.0000	0.0000	0.0000	0.0000	-0.0000	-0.0000	0.0001	10.7574	0.1668	12.9024	0.0000	0.0000	0.0000	0.0000	0.0000	0.0000	0.0000	0.0000	0.0000	0.0000	0.0000	0.0000	0.0000	0.0000	0.0000	0.0000	0.0000	0.0000	0.0000	0.0000	0.0000	0.0000	0.0000	0.0000	0.0000	0.0000	0.0000	0.0186	0.0141	0.0045	0.0086	0.0086	0.0001	0.0099	0.0055	0.0044	inf	inf	0.0000	inf	inf	0.0000	0.0000	0.0000	0.0000	0.0000	0.0000	0.0000	0.0000	0.0000	0.0000	0.0000	0.0000	0.0000						
38	52	0.0512	10	1	1	0	0	0	0	0	0	N	N	N	N	N	N	N	N	N	N	N	N	1986.0088	1801.2485	99.6490	108.9224	inf	inf	0.0051	0.0057	0.0000	0.0005	0.0006	0.0000	0.0144	0.0168	0.0000	0.0000	0.0000	0.0000	0.0000	0.0000	0.0000	0.0000	0.0000	0.0000	0.0000	0.0769	-0.0000	-0.0000	0.0001	2.6694	0.1668	2.4027	0.0000	0.0000	0.0000	0.0000	0.0000	0.0000	0.0000	0.0000	0.0000	0.0000	0.0000	0.0000	0.0000	0.0000	0.0000	0.0000	0.0000	0.0000	0.0000	0.0000	0.0000	0.0000	0.0000	0.0000	0.0000	0.0000	0.0000	0.0043	0.0033	0.0011	0.0020	0.0020	0.0000	0.0023	0.0013	0.0011	1986.0088	1801.2485	0.0000	99.6490	108.9224	0.0000	inf	inf	0.0000	0.0000	0.0000	0.0000	0.0000	0.0000	0.0000	0.0000	0.0000	0.0000			
38	53	0.0460	9	1	1	0	0	0	0	0	0	N	N	N	N	N	N	N	N	N	N	N	N	0.0371	0.0308	0.0000	0.0245	0.0285	0.0000	0.0000	0.0005	0.0006	0.0000	0.0008	0.0009	0.0000	0.0000	0.0000	0.0000	0.0146	0.0196	0.0000	0.0313	0.0315	0.0000	0.0000	0.0000	0.0000	0.0000	0.0001	-0.0000	-0.0001	0.0001	8.6921	0.1668	5.3599	0.0000	0.0000	0.0000	0.0000	0.0000	0.0000	0.0000	0.0000	0.0000	0.0002	0.0002	0.0000	0.0002	0.0002	0.0000	0.0000	0.0000	0.0000	0.0000	0.0000	0.0000	0.0000	0.0000	0.0000	0.0000	0.0000	0.0000	0.0120	0.0089	0.0031	0.0056	0.0056	0.0000	0.0064	0.0034	0.0030	0.0371	0.0308	0.0000	0.0245	0.0285	0.0000	0.0000	0.0000	0.0000	0.0146	0.0196	0.0000	0.0313	0.0315	0.0000	0.0000	0.0000	0.0000		
38	54	0.0457	8	1	1	0	0	0	0	0	0	N	N	N	N	N	N	N	N	N	N	N	N	0.0232	1.0291	0.0000	0.1267	0.1376	0.0312	inf	0.0000	0.0014	0.0016	0.0000	0.0003	0.0003	0.0000	0.0035	0.0041	0.0000	0.0615	0.0015	0.2352	0.0025	0.0025	0.0000	0.1132	0.0000	0.2377	0.0000	52.5526	-0.0000	0.0001	0.0001	1.8652	0.1668	1.4001	0.0000	0.0000	0.0000	0.0000	0.0000	0.0000	0.0000	0.0000	0.0000	0.0002	0.0000	0.0002	0.0000	0.0000	0.0000	0.0002	0.0000	0.0002	0.0000	0.0000	0.0000	0.0000	0.0000	0.0000	0.0000	0.0000	0.0000	0.0029	0.0022	0.0007	0.0014	0.0013	0.0000	0.0015	0.0008	0.0007	0.0232	1.0291	0.0000	0.1267	0.1376	0.0000	0.0312	inf	0.0000	0.0615	0.0015	0.2352	0.0025	0.0025	0.0000	0.1132	0.0000	0.2377	
38	55	0.0413	7	1	1	0	0	0	0	0	0	N	N	N	N	N	N	N	N	N	N	N	N	19267.7473	218868.8872	0.0000	36626.4219	40062.1799	17895.9831	inf	0.0000	10.7441	12.0911	0.0000	3.2951	3.6253	0.0000	17.2401	19.7963	0.0000	0.0006	0.0001	0.0021	0.0001	0.0001	0.0000	0.0010	0.0000	0.0021	0.0000	12.3425	-0.0000	0.0000	0.0001	2.5292	0.1668	4.9772	0.0001	0.0001	0.0000	0.0000	0.0000	0.0000	0.0001	0.0001	0.0000	0.0000	0.0000	0.0000	0.0000	0.0000	0.0000	0.0000	0.0000	0.0000	0.0000	0.0000	0.0000	0.0000	0.0000	0.0000	0.0000	0.0000	0.0000	0.0065	0.0049	0.0016	0.0030	0.0030	0.0000	0.0035	0.0019	0.0016	19267.7473	218868.8872	0.0000	36626.4219	40062.1799	0.0000	17895.9831	inf	0.0000	0.0006	0.0001	0.0021	0.0001	0.0001	0.0000	0.0010	0.0000	0.0021	
38	56	0.0668	6	2	2	0	0	0	0	0	0	Y	Y	N	N	N	N	N	N	N	N	N	N	0.0000	0.0000	0.0000	0.0000	0.0000	0.0000	0.0000	0.0000	0.0000	0.0000	0.0000	0.0000	0.0000	0.0000	0.0000	0.0000	0.0000	0.0000	0.0000	0.0000	0.0001	0.0000	0.1668	10.9971	0.0000	0.0000	0.0000	0.0000	0.0000	0.0000	0.0000	0.0000	0.0000	0.0000	0.0000	0.0000	0.0000	0.0000	0.0000	0.0000	0.0000	0.0000	0.0000	0.0000	0.0000	0.0000	0.0000	0.0000	0.0000	0.0000	0.0000	0.0091	0.0069	0.0022	0.0042	0.0042	0.0000	0.0049	0.0027	0.0022	0.0000	0.0000	0.0000	0.0000	0.0000	0.0000	0.0000	0.0000	0.0000	0.0000	0.0000	0.0000	0.0000	0.0000	0.0000	0.0000	0.0000	0.0000											
38	57	0.1221	9	1	1	0	0	0	0	0	0	N	N	N	N	N	N	N	N	N	N	N	N	0.0000	0.0000	0.0000	0.0000	0.0000	0.0000	0.0000	0.0000	0.0000	0.0000	0.0000	0.0000	0.0000	0.0000	0.0000	2.6971	0.0000	7.9436	0.0495	0.0000	1.0852	5.5266	0.0000	8.4555	inf	0.0000	0.0605	0.0001	7.8198	0.1668	21.5823	0.0000	0.0000	0.0000	0.0000	0.0000	0.0000	0.0000	0.0000	0.0000	0.1571	0.0000	0.1571	0.0015	0.0000	0.0015	0.1556	0.0000	0.1556	0.0000	0.0000	0.0000	0.0000	0.0000	0.0000	0.0000	0.0000	0.0000	0.0583	0.0385	0.0198	0.0301	0.0287	0.0014	0.0282	0.0098	0.0184	0.0000	0.0000	0.0000	0.0000	0.0000	0.0000	0.0000	0.0000	0.0000	2.6971	0.0000	7.9436	0.0495	0.0000	1.0852	5.5266	0.0000	8.4555				
38	58	0.1026	10	2	2	1	0	0	0	0	0	Y	Y	N	N	N	N	N	N	N	N	N	N	0.0000	0.0000	0.0000	0.0000	0.0000	0.0000	0.0000	0.0000	0.0000	0.0000	0.0000	0.0000	0.0000	0.0000	0.0000	14.5744	0.0000	163.5125	0.0015	0.0000	0.1682	26.6390	0.0000	167.9265	inf	0.0000	0.0642	0.0001	2.0055	0.1668	11.8091	0.0000	0.0000	0.0000	0.0000	0.0000	0.0000	0.0000	0.0000	0.0000	0.1665	0.0000	0.1665	0.0000	0.0000	0.0000	0.1665	0.0000	0.1665	0.0000	0.0000	0.0000	0.0000	0.0000	0.0000	0.0000	0.0000	0.0000	0.0118	0.0088	0.0030	0.0056	0.0055	0.0000	0.0063	0.0033	0.0030	0.0000	0.0000	0.0000	0.0000	0.0000	0.0000	0.0000	0.0000	0.0000	14.0823	0.0000	55.1242	0.0015	0.0000	0.1682	26.6390	0.0000	56.0411				
38	59	0.0971	9	2	1	1	0	0	0	0	0	Y	N	N	N	N	N	N	N	N	N	N	N	0.0682	0.1990	0.0000	0.0000	0.0000	0.0875	1.4553	0.0000	0.0051	0.0056	0.0000	0.0000	0.0000	0.0000	0.0091	0.0107	0.0000	0.0742	0.0283	0.2074	0.0404	0.0407	0.0000	0.1043	0.0073	0.2104	0.0000	2.5211	-0.0000	0.0000	0.0001	1.9951	0.1668	2.5667	0.0000	0.0000	0.0000	0.0000	0.0000	0.0000	0.0000	0.0000	0.0000	0.0003	0.0001	0.0002	0.0001	0.0001	0.0000	0.0002	0.0000	0.0002	0.0000	0.0000	0.0000	0.0000	0.0000	0.0000	0.0000	0.0000	0.0000	0.0041	0.0031	0.0011	0.0019	0.0019	0.0000	0.0022	0.0011	0.0010	0.0682	0.1990	0.0000	0.0000	0.0000	0.0000	0.0875	1.4553	0.0000	0.0742	0.0283	0.2074	0.0404	0.0407	0.0000	0.1043	0.0073	0.2104	
38	60	0.0904	8	2	1	1	0	0	0	0	0	Y	N	N	N	N	N	N	N	N	N	N	N	0.0000	0.0000	0.0000	0.0000	0.0000	0.0000	0.0000	0.0000	0.0000	0.0000	0.0000	0.0000	0.0000	0.0000	0.0000	0.0000	0.0000	0.1137	0.1416	0.0508	0.1966	0.2011	0.0002	0.0312	0.0000	0.0527	0.1590	0.0000	-0.0003	0.0001	0.0108	0.1668	3.6229	0.0000	0.0000	0.0000	0.0000	0.0000	0.0000	0.0000	0.0000	0.0000	0.0006	0.0005	0.0001	0.0005	0.0005	0.0000	0.0001	0.0000	0.0001	0.0000	0.0000	0.0000	0.0000	0.0000	0.0000	0.0000	0.0000	0.0000	0.0050	0.0035	0.0015	0.0025	0.0024	0.0001	0.0025	0.0010	0.0015	0.0000	0.0000	0.0000	0.0000	0.0000	0.0000	0.0000	0.0000	0.0000	0.1137	0.1416	0.0508	0.1966	0.2011	0.0002	0.0312	0.0000	0.0527		
38	61	0.0324	5	1	2	0	0	0	0	0	0	N	Y	N	N	N	N	N	N	N	N	N	N	0.0000	0.0000	0.0000	0.0000	0.0000	0.0000	0.0000	0.0000	0.0000	0.0000	0.0000	0.0000	0.0000	0.0000	0.0000	0.0000	0.0000	0.0000	0.0000	0.0000	0.0001	4.0917	0.1668	8.0988	0.0000	0.0000	0.0000	0.0000	0.0000	0.0000	0.0000	0.0000	0.0000	0.0000	0.0000	0.0000	0.0000	0.0000	0.0000	0.0000	0.0000	0.0000	0.0000	0.0000	0.0000	0.0000	0.0000	0.0000	0.0000	0.0000	0.0000	0.0104	0.0079	0.0026	0.0048	0.0048	0.0000	0.0056	0.0031	0.0025	0.0000	0.0000	0.0000	0.0000	0.0000	0.0000	0.0000	0.0000	0.0000	0.0000	0.0000	0.0000	0.0000	0.0000	0.0000	0.0000	0.0000	0.0000											
38	62	0.0286	4	1	2	0	0	0	0	0	0	N	Y	N	N	N	N	N	N	N	N	N	N	32.3112	50.6334	0.0000	23.1021	23.5719	41.0522	1379.1214	0.0000	0.0011	0.0012	0.0000	0.0009	0.0009	0.0000	0.0013	0.0015	0.0000	0.0000	0.0000	0.0001	0.0000	0.0000	0.0000	0.0000	0.0000	0.0001	0.0000	0.8901	-0.0000	-0.0000	0.0001	2.1165	0.1668	5.0852	0.0000	0.0000	0.0000	0.0000	0.0000	0.0000	0.0000	0.0000	0.0000	0.0000	0.0000	0.0000	0.0000	0.0000	0.0000	0.0000	0.0000	0.0000	0.0000	0.0000	0.0000	0.0000	0.0000	0.0000	0.0000	0.0000	0.0000	0.0061	0.0046	0.0015	0.0028	0.0028	0.0000	0.0033	0.0018	0.0015	32.3112	50.6334	0.0000	23.1021	23.5719	0.0000	41.0522	1379.1214	0.0000	0.0000	0.0000	0.0001	0.0000	0.0000	0.0000	0.0000	0.0000	0.0001	
38	63	0.0904	8	2	1	1	0	0	0	0	0	Y	N	N	N	N	N	N	N	N	N	N	N	0.0000	0.0000	0.0000	0.0000	0.0000	0.0000	0.0000	0.0000	0.0000	0.0000	0.0000	0.0000	0.0000	0.0000	0.0000	10.7218	0.0000	106.5386	0.0036	0.0000	0.3072	19.7345	0.0000	107.7330	inf	0.0000	0.0641	0.0001	3.9990	0.1668	8.8702	0.0000	0.0000	0.0000	0.0000	0.0000	0.0000	0.0000	0.0000	0.0000	0.1663	0.0000	0.1663	0.0000	0.0000	0.0000	0.1662	0.0000	0.1662	0.0000	0.0000	0.0000	0.0000	0.0000	0.0000	0.0000	0.0000	0.0000	0.0163	0.0122	0.0042	0.0079	0.0078	0.0001	0.0084	0.0044	0.0041	0.0000	0.0000	0.0000	0.0000	0.0000	0.0000	0.0000	0.0000	0.0000	10.1871	0.0000	39.9683	0.0036	0.0000	0.3072	19.7345	0.0000	40.8680				
38	64	0.0702	7	2	1	1	0	0	0	0	0	Y	N	N	N	N	N	N	N	N	N	N	N	0.0000	0.0000	0.0000	0.0000	0.0000	0.0000	0.0000	0.0000	0.0000	0.0000	0.0000	0.0000	0.0000	0.0000	0.0000	0.0000	0.0000	0.0000	0.0541	0.0046	0.2087	0.0008	0.0008	0.0002	0.1004	0.0105	0.2114	14.6361	0.0000	0.0002	0.0001	3.9972	0.1668	6.8232	0.0000	0.0000	0.0000	0.0000	0.0000	0.0000	0.0000	0.0000	0.0000	0.0005	0.0000	0.0005	0.0000	0.0000	0.0000	0.0005	0.0000	0.0005	0.0000	0.0000	0.0000	0.0000	0.0000	0.0000	0.0000	0.0000	0.0000	0.0092	0.0069	0.0022	0.0043	0.0042	0.0000	0.0049	0.0027	0.0022	0.0000	0.0000	0.0000	0.0000	0.0000	0.0000	0.0000	0.0000	0.0000	0.0541	0.0046	0.2087	0.0008	0.0008	0.0002	0.1004	0.0105	0.2114	
38	65	0.0463	7	1	2	0	0	0	0	0	0	N	Y	N	N	N	N	N	N	N	N	N	N	2664.3225	0.9788	14719154.7016	1782.0926	4.0258	inf	3074.0751	0.0000	14045323.3904	0.8388	0.0004	2.9561	0.2803	0.0006	3.4614	1.3879	0.0000	2.8730	0.0003	0.0004	0.0000	0.0002	0.0002	0.0000	0.0005	0.0008	0.0000	2879.0000	0.0002	0.0000	-0.0000	0.0001	15.6632	0.1668	35.0639	0.0001	0.0000	0.0001	0.0000	0.0000	0.0000	0.0000	0.0000	0.0000	0.0000	0.0000	0.0000	0.0000	0.0000	0.0000	0.0000	0.0000	0.0000	0.0001	0.0000	0.0000	0.0000	0.0000	0.0000	0.0000	0.0000	0.0000	0.0370	0.0280	0.0090	0.0172	0.0170	0.0002	0.0198	0.0110	0.0088	2664.3225	0.9788	14719154.7016	1782.0926	4.0258	inf	3074.0751	0.0000	14045323.3904	0.0003	0.0004	0.0000	0.0002	0.0002	0.0000	0.0005	0.0008	0.0000
38	66	0.0463	7	1	1	1	0	0	0	0	0	N	N	N	N	N	N	N	N	N	N	N	N	0.0000	0.0000	0.0000	0.0000	0.0000	0.0000	0.0000	0.0000	0.0000	0.0000	0.0000	0.0000	0.0000	0.0000	0.0000	0.0000	0.0000	0.0000	0.0000	0.0000	0.0001	4.9998	0.1668	10.1184	0.0000	0.0000	0.0000	0.0000	0.0000	0.0000	0.0000	0.0000	0.0000	0.0000	0.0000	0.0000	0.0000	0.0000	0.0000	0.0000	0.0000	0.0000	0.0001	0.0000	0.0000	0.0000	0.0000	0.0000	0.0000	0.0000	0.0000	0.0135	0.0102	0.0033	0.0064	0.0063	0.0001	0.0071	0.0039	0.0032	0.0000	0.0000	0.0000	0.0000	0.0000	0.0000	0.0000	0.0000	0.0000	0.0000	0.0000	0.0000	0.0000	0.0000	0.0000	0.0000	0.0000	0.0000											
38	67	0.0507	9	1	2	0	0	0	0	0	0	N	Y	N	N	N	N	N	N	N	N	N	N	6.0003	inf	0.0000	inf	inf	0.0000	0.0000	0.0002	0.0002	0.0000	0.0004	0.0004	0.0000	0.0000	0.0000	0.0000	0.0000	0.0000	0.0001	0.0000	0.0000	0.0000	0.0000	0.0000	0.0001	0.0000	inf	-0.0000	0.0000	0.0001	10.9928	0.1668	18.5513	0.0000	0.0000	0.0000	0.0000	0.0000	0.0000	0.0000	0.0000	0.0000	0.0000	0.0000	0.0000	0.0000	0.0000	0.0000	0.0000	0.0000	0.0000	0.0000	0.0000	0.0000	0.0000	0.0000	0.0000	0.0000	0.0000	0.0000	0.0229	0.0174	0.0055	0.0107	0.0106	0.0001	0.0122	0.0067	0.0055	6.0003	inf	0.0000	inf	inf	0.0000	0.0000	0.0000	0.0000	0.0000	0.0000	0.0001	0.0000	0.0000	0.0000	0.0000	0.0000	0.0001		
38	68	0.0507	8	1	1	0	0	0	0	0	0	N	N	N	N	N	N	N	N	N	N	N	N	29.0663	46.9686	0.0000	34.5922	35.9537	24.0414	inf	0.0000	0.0241	0.0264	0.0000	0.0300	0.0313	0.0000	0.0190	0.0219	0.0000	0.0008	0.0006	0.0016	0.0009	0.0009	0.0000	0.0008	0.0000	0.0016	0.0000	1.0018	-0.0000	-0.0000	0.0001	0.0861	0.1668	1.0715	0.0000	0.0000	0.0000	0.0000	0.0000	0.0000	0.0000	0.0000	0.0000	0.0000	0.0000	0.0000	0.0000	0.0000	0.0000	0.0000	0.0000	0.0000	0.0000	0.0000	0.0000	0.0000	0.0000	0.0000	0.0000	0.0000	0.0000	0.0014	0.0010	0.0004	0.0006	0.0006	0.0000	0.0007	0.0004	0.0004	29.0663	46.9686	0.0000	34.5922	35.9537	0.0000	24.0414	inf	0.0000	0.0008	0.0006	0.0016	0.0009	0.0009	0.0000	0.0008	0.0000	0.0016	
38	69	0.0998	8	2	1	1	0	0	0	0	0	Y	N	N	N	N	N	N	N	N	N	N	N	0.0000	0.0000	0.0000	0.0000	0.0000	0.0000	0.0000	0.0000	0.0000	0.0000	0.0000	0.0000	0.0000	0.0000	0.0000	0.0000	0.0000	0.0000	0.0000	0.0000	0.0001	1.0000	0.1668	3.0001	0.0000	0.0000	0.0000	0.0000	0.0000	0.0000	0.0000	0.0000	0.0000	0.0000	0.0000	0.0000	0.0000	0.0000	0.0000	0.0000	0.0000	0.0000	0.0000	0.0000	0.0000	0.0000	0.0000	0.0000	0.0000	0.0000	0.0000	0.0037	0.0029	0.0009	0.0018	0.0018	0.0000	0.0020	0.0011	0.0009	0.0000	0.0000	0.0000	0.0000	0.0000	0.0000	0.0000	0.0000	0.0000	0.0000	0.0000	0.0000	0.0000	0.0000	0.0000	0.0000	0.0000	0.0000											
38	70	0.0998	7	2	1	1	0	0	0	0	0	Y	N	N	N	N	N	N	N	N	N	N	N	0.0000	0.0000	0.0000	0.0000	0.0000	0.0000	0.0000	0.0000	0.0000	0.0000	0.0000	0.0000	0.0000	0.0000	0.0000	0.0000	0.0000	0.0000	0.0000	-0.0000	0.0001	0.0000	0.1668	0.0009	0.0000	0.0000	0.0000	0.0000	0.0000	0.0000	0.0000	0.0000	0.0000	0.0000	0.0000	0.0000	0.0000	0.0000	0.0000	0.0000	0.0000	0.0000	0.0000	0.0000	0.0000	0.0000	0.0000	0.0000	0.0000	0.0000	0.0000	0.0000	0.0000	0.0000	0.0000	0.0000	0.0000	0.0000	0.0000	0.0000	0.0000	0.0000	0.0000	0.0000	0.0000	0.0000	0.0000	0.0000	0.0000	0.0000	0.0000	0.0000	0.0000	0.0000	0.0000	0.0000	0.0000	0.0000											
38	71	0.0668	6	2	1	1	0	0	0	0	0	Y	N	N	N	N	N	N	N	N	N	N	N	0.0000	0.0000	0.0000	0.0000	0.0000	0.0000	0.0000	0.0000	0.0000	0.0000	0.0000	0.0000	0.0000	0.0010	0.0000	0.0043	0.0000	0.0000	0.0000	0.0019	0.0000	0.0043	inf	0.0000	0.0000	0.0001	9.9966	0.1668	12.9129	0.0000	0.0000	0.0000	0.0000	0.0000	0.0000	0.0000	0.0000	0.0000	0.0000	0.0000	0.0000	0.0000	0.0000	0.0000	0.0000	0.0000	0.0000	0.0000	0.0000	0.0000	0.0000	0.0000	0.0000	0.0000	0.0000	0.0000	0.0180	0.0136	0.0044	0.0083	0.0083	0.0001	0.0097	0.0053	0.0043	0.0000	0.0000	0.0000	0.0000	0.0000	0.0000	0.0000	0.0000	0.0000	0.0010	0.0000	0.0043	0.0000	0.0000	0.0000	0.0019	0.0000	0.0043						
38	72	0.0336	5	1	2	0	1	0	0	0	0	N	Y	N	N	N	N	N	N	N	N	N	N	0.0000	0.0000	0.0000	0.0000	0.0000	0.0000	0.0000	0.0000	0.0000	0.0000	0.0000	0.0000	0.0000	0.0000	0.0000	4.5150	5.9732	0.0022	0.0000	0.0000	0.0000	8.2844	14.9115	0.0022	0.0001	0.0000	-0.1025	0.0001	13.0000	0.1668	39.1663	0.0000	0.0000	0.0000	0.0000	0.0000	0.0000	0.0000	0.0000	0.0000	0.1668	0.1667	0.0000	0.0000	0.0000	0.0000	0.1668	0.1667	0.0000	0.0000	0.0000	0.0000	0.0000	0.0000	0.0000	0.0000	0.0000	0.0000	0.0369	0.0279	0.0090	0.0168	0.0167	0.0001	0.0201	0.0112	0.0089	0.0000	0.0000	0.0000	0.0000	0.0000	0.0000	0.0000	0.0000	0.0000	4.5150	5.9732	0.0022	0.0000	0.0000	0.0000	8.2844	14.9115	0.0022				
38	73	0.0361	6	1	2	0	0	0	0	0	0	N	Y	N	N	N	N	N	N	N	N	N	N	0.3910	inf	0.0000	inf	inf	0.0000	0.0000	0.0002	0.0002	0.0000	0.0006	0.0006	0.0000	0.0000	0.0000	0.0000	0.0006	0.0000	0.0023	0.0000	0.0000	0.0000	0.0011	0.0000	0.0024	0.0000	inf	-0.0000	0.0000	0.0001	3.0003	0.1668	18.1082	0.0000	0.0000	0.0000	0.0000	0.0000	0.0000	0.0000	0.0000	0.0000	0.0000	0.0000	0.0000	0.0000	0.0000	0.0000	0.0000	0.0000	0.0000	0.0000	0.0000	0.0000	0.0000	0.0000	0.0000	0.0000	0.0000	0.0000	0.0171	0.0129	0.0042	0.0079	0.0078	0.0001	0.0092	0.0051	0.0041	0.3910	inf	0.0000	inf	inf	0.0000	0.0000	0.0000	0.0000	0.0006	0.0000	0.0023	0.0000	0.0000	0.0000	0.0011	0.0000	0.0024		
38	74	0.0702	7	1	2	0	0	0	0	0	0	N	Y	N	N	N	N	N	N	N	N	N	N	0.0000	0.0000	0.0000	0.0000	0.0000	0.0000	0.0000	0.0000	0.0000	0.0000	0.0000	0.0000	0.0000	0.0002	0.0002	0.0000	0.0004	0.0004	0.0000	0.0000	0.0000	0.0000	0.0000	0.0000	-0.0000	0.0001	7.0046	0.1668	18.1036	0.0000	0.0000	0.0000	0.0000	0.0000	0.0000	0.0000	0.0000	0.0000	0.0000	0.0000	0.0000	0.0000	0.0000	0.0000	0.0000	0.0000	0.0000	0.0000	0.0000	0.0000	0.0000	0.0000	0.0000	0.0000	0.0000	0.0000	0.0198	0.0150	0.0048	0.0092	0.0091	0.0001	0.0106	0.0059	0.0047	0.0000	0.0000	0.0000	0.0000	0.0000	0.0000	0.0000	0.0000	0.0000	0.0002	0.0002	0.0000	0.0004	0.0004	0.0000	0.0000	0.0000	0.0000						
38	75	0.0668	6	1	1	0	0	0	0	0	0	N	N	N	N	N	N	N	N	N	N	N	N	8483.8270	13717.5069	92.1679	0.0000	0.0000	9742.1033	16022.1867	104.9155	15.1208	16.6491	0.3245	0.0000	0.0000	0.0000	25.6184	29.6535	0.3735	0.0018	0.0012	0.0035	0.0008	0.0008	0.0000	0.0026	0.0019	0.0036	0.0020	0.9487	-0.0000	-0.0000	0.0001	0.2435	0.1668	3.2922	0.0000	0.0000	0.0000	0.0000	0.0000	0.0000	0.0000	0.0000	0.0000	0.0000	0.0000	0.0000	0.0000	0.0000	0.0000	0.0000	0.0000	0.0000	0.0000	0.0000	0.0000	0.0000	0.0000	0.0000	0.0000	0.0000	0.0000	0.0031	0.0023	0.0008	0.0014	0.0014	0.0000	0.0017	0.0009	0.0008	8483.8270	13717.5069	92.1679	0.0000	0.0000	0.0000	9742.1033	16022.1867	104.9155	0.0018	0.0012	0.0035	0.0008	0.0008	0.0000	0.0026	0.0019	0.0036	
38	76	0.0336	5	1	1	0	0	0	0	0	0	N	N	N	N	N	N	N	N	N	N	N	N	0.0000	0.0000	0.0000	0.0000	0.0000	0.0000	0.0000	0.0000	0.0000	0.0000	0.0000	0.0000	0.0000	0.0001	0.0000	0.0002	0.0000	0.0000	0.0000	0.0001	0.0000	0.0002	inf	0.0000	0.0000	0.0001	7.0044	0.1668	20.1113	0.0000	0.0000	0.0000	0.0000	0.0000	0.0000	0.0000	0.0000	0.0000	0.0000	0.0000	0.0000	0.0000	0.0000	0.0000	0.0000	0.0000	0.0000	0.0000	0.0000	0.0000	0.0000	0.0000	0.0000	0.0000	0.0000	0.0000	0.0211	0.0159	0.0052	0.0097	0.0096	0.0000	0.0115	0.0063	0.0052	0.0000	0.0000	0.0000	0.0000	0.0000	0.0000	0.0000	0.0000	0.0000	0.0001	0.0000	0.0002	0.0000	0.0000	0.0000	0.0001	0.0000	0.0002						
38	77	0.0511	9	1	2	0	0	0	0	0	0	N	Y	N	N	N	N	N	N	N	N	N	N	0.0000	0.0000	0.0000	0.0000	0.0000	0.0000	0.0000	0.0000	0.0000	0.0000	0.0000	0.0000	0.0000	0.0000	0.0000	0.0000	0.0000	0.0000	0.0000	0.0000	0.0001	8.6571	0.1668	16.0761	0.0000	0.0000	0.0000	0.0000	0.0000	0.0000	0.0000	0.0000	0.0000	0.0000	0.0000	0.0000	0.0000	0.0000	0.0000	0.0000	0.0000	0.0000	0.0000	0.0000	0.0000	0.0000	0.0000	0.0000	0.0000	0.0000	0.0000	0.0266	0.0204	0.0062	0.0126	0.0125	0.0000	0.0140	0.0079	0.0062	0.0000	0.0000	0.0000	0.0000	0.0000	0.0000	0.0000	0.0000	0.0000	0.0000	0.0000	0.0000	0.0000	0.0000	0.0000	0.0000	0.0000	0.0000											
38	78	0.0507	8	1	2	0	0	0	0	0	0	N	Y	N	N	N	N	N	N	N	N	N	N	0.0000	0.0000	0.0000	0.0000	0.0000	0.0000	0.0000	0.0000	0.0000	0.0000	0.0000	0.0000	0.0000	0.0000	0.0000	0.0000	0.0000	0.0000	0.0000	0.0000	0.0001	0.3645	0.1668	1.9845	0.0000	0.0000	0.0000	0.0000	0.0000	0.0000	0.0000	0.0000	0.0000	0.0000	0.0000	0.0000	0.0000	0.0000	0.0000	0.0000	0.0000	0.0000	0.0000	0.0000	0.0000	0.0000	0.0000	0.0000	0.0000	0.0000	0.0000	0.0024	0.0018	0.0006	0.0011	0.0011	0.0000	0.0012	0.0006	0.0006	0.0000	0.0000	0.0000	0.0000	0.0000	0.0000	0.0000	0.0000	0.0000	0.0000	0.0000	0.0000	0.0000	0.0000	0.0000	0.0000	0.0000	0.0000											
38	79	0.0413	7	1	1	0	0	0	0	0	0	N	N	N	N	N	N	N	N	N	N	N	N	52.7199	25196.8116	0.0000	29535.0872	32096.7370	0.6425	inf	0.0000	0.0346	0.0389	0.0000	0.0745	0.0814	0.0000	0.0008	0.0009	0.0000	0.0007	0.0000	0.0027	0.0000	0.0000	0.0000	0.0012	0.0000	0.0027	0.0000	561.0819	-0.0000	0.0000	0.0001	2.9108	0.1668	14.2456	0.0000	0.0000	0.0000	0.0000	0.0000	0.0000	0.0000	0.0000	0.0000	0.0000	0.0000	0.0000	0.0000	0.0000	0.0000	0.0000	0.0000	0.0000	0.0000	0.0000	0.0000	0.0000	0.0000	0.0000	0.0000	0.0000	0.0000	0.0139	0.0106	0.0034	0.0065	0.0064	0.0000	0.0075	0.0041	0.0034	52.7199	25196.8116	0.0000	29535.0872	32096.7370	0.0000	0.6425	inf	0.0000	0.0007	0.0000	0.0027	0.0000	0.0000	0.0000	0.0012	0.0000	0.0027	
38	80	0.0361	6	1	1	0	0	0	0	0	0	N	N	N	N	N	N	N	N	N	N	N	N	2006.8235	1795.1797	0.0000	358.3024	369.6125	22694.9451	inf	0.0000	1.1361	1.2610	0.0000	0.4039	0.4218	0.0000	1.6562	1.9238	0.0000	0.0006	0.0007	0.0002	0.0011	0.0011	0.0000	0.0001	0.0000	0.0002	0.0000	0.0737	-0.0000	-0.0000	0.0001	0.1009	0.1668	7.5203	0.0000	0.0000	0.0000	0.0000	0.0000	0.0000	0.0000	0.0000	0.0000	0.0000	0.0000	0.0000	0.0000	0.0000	0.0000	0.0000	0.0000	0.0000	0.0000	0.0000	0.0000	0.0000	0.0000	0.0000	0.0000	0.0000	0.0000	0.0068	0.0051	0.0017	0.0032	0.0031	0.0000	0.0036	0.0020	0.0017	2006.8235	1795.1797	0.0000	358.3024	369.6125	0.0000	22694.9451	inf	0.0000	0.0006	0.0007	0.0002	0.0011	0.0011	0.0000	0.0001	0.0000	0.0002	
38	81	0.0336	5	1	1	0	0	0	0	0	0	N	N	N	N	N	N	N	N	N	N	N	N	467.8974	818.5465	0.0000	363.4845	466.5342	0.0000	0.4810	0.5322	0.0000	0.0000	0.0000	0.0000	0.6926	0.8058	0.0000	0.0010	0.0007	0.0021	0.0000	0.0000	0.0000	0.0019	0.0017	0.0021	0.0000	1.1487	-0.0000	-0.0000	0.0001	0.0014	0.1668	3.7882	0.0000	0.0000	0.0000	0.0000	0.0000	0.0000	0.0000	0.0000	0.0000	0.0000	0.0000	0.0000	0.0000	0.0000	0.0000	0.0000	0.0000	0.0000	0.0000	0.0000	0.0000	0.0000	0.0000	0.0000	0.0000	0.0000	0.0000	0.0035	0.0026	0.0009	0.0016	0.0016	0.0000	0.0019	0.0010	0.0009	467.8974	818.5465	0.0000	0.0000	0.0000	0.0000	363.4845	466.5342	0.0000	0.0010	0.0007	0.0021	0.0000	0.0000	0.0000	0.0019	0.0017	0.0021			
38	82	0.0180	2	1	2	0	0	0	0	0	0	N	Y	N	N	N	N	N	N	N	N	N	N	81.9334	80.6899	0.0000	11.2733	14.5141	32371.4322	inf	0.0000	1.1639	1.5323	0.0000	0.3499	0.4528	0.0000	2.4653	3.3381	0.0000	0.0142	0.0190	0.0002	0.0310	0.0312	0.0000	0.0001	0.0000	0.0002	0.0000	0.0029	-0.0000	-0.0002	0.0001	7.9116	0.1668	21.1247	0.0001	0.0001	0.0000	0.0000	0.0000	0.0000	0.0001	0.0001	0.0000	0.0003	0.0003	0.0000	0.0003	0.0003	0.0000	0.0000	0.0000	0.0000	0.0001	0.0000	0.0000	0.0000	0.0000	0.0000	0.0000	0.0000	0.0000	0.0237	0.0176	0.0060	0.0108	0.0107	0.0001	0.0129	0.0069	0.0060	81.9334	80.6899	0.0000	11.2733	14.5141	0.0000	32371.4322	inf	0.0000	0.0142	0.0190	0.0002	0.0310	0.0312	0.0000	0.0001	0.0000	0.0002	
38	86	0.0210	3	1	2	0	0	0	0	0	0	N	Y	N	N	N	N	N	N	N	N	N	N	12.5310	10.5054	11.8242	12.3866	inf	inf	0.0102	0.0114	0.0000	0.0212	0.0223	0.0000	0.0023	0.0027	0.0000	0.0008	0.0011	0.0000	0.0018	0.0018	0.0000	0.0000	0.0000	0.0000	0.0000	0.0000	-0.0000	-0.0000	0.0001	11.0342	0.1668	12.7513	0.0000	0.0000	0.0000	0.0000	0.0000	0.0000	0.0000	0.0000	0.0000	0.0000	0.0000	0.0000	0.0000	0.0000	0.0000	0.0000	0.0000	0.0000	0.0000	0.0000	0.0000	0.0000	0.0000	0.0000	0.0000	0.0000	0.0000	0.0190	0.0143	0.0047	0.0086	0.0086	0.0000	0.0103	0.0057	0.0047	12.5310	10.5054	0.0000	11.8242	12.3866	0.0000	inf	inf	0.0000	0.0008	0.0011	0.0000	0.0018	0.0018	0.0000	0.0000	0.0000	0.0000			
38	92	0.1221	9	1	1	0	0	0	0	0	0	N	N	N	N	N	N	N	N	N	N	N	N	0.0000	0.0000	0.0000	0.0000	0.0000	0.0000	0.0000	0.0000	0.0000	0.0000	0.0000	0.0000	0.0000	0.0000	0.0000	0.0000	0.1483	0.2093	0.0003	0.2934	0.3041	0.0000	0.0002	0.0000	0.0003	0.0005	0.0000	-0.0068	0.0001	24.8682	0.1668	39.8855	0.0000	0.0000	0.0000	0.0000	0.0000	0.0000	0.0000	0.0000	0.0000	0.0111	0.0111	0.0000	0.0111	0.0111	0.0000	0.0000	0.0000	0.0000	0.0000	0.0000	0.0000	0.0000	0.0000	0.0000	0.0000	0.0000	0.0000	0.0750	0.0531	0.0219	0.0379	0.0365	0.0013	0.0371	0.0165	0.0206	0.0000	0.0000	0.0000	0.0000	0.0000	0.0000	0.0000	0.0000	0.0000	0.1483	0.2093	0.0003	0.2934	0.3041	0.0000	0.0002	0.0000	0.0003			
39	41	0.0810	14	0	1	1	1	0	0	0	0	N	N	N	N	N	N	N	N	N	N	N	N	0.0000	0.0000	0.0000	0.0000	0.0000	0.0000	0.0000	0.0000	0.0000	0.0000	0.0000	0.0000	0.0000	0.0000	0.0000	0.0000	0.0062	0.0097	0.0000	0.0138	0.0151	0.0000	0.0000	0.0000	0.0000	0.0000	0.0000	-0.0008	1.7673	0.9997	9.0239	10.1790	0.0000	0.0000	0.0000	0.0000	0.0000	0.0000	0.0000	0.0000	0.0000	0.0013	0.0013	0.0000	0.0013	0.0013	0.0000	0.0000	0.0000	0.0000	0.0121	0.0105	0.0017	0.0024	0.0023	0.0000	0.0098	0.0081	0.0016	0.2182	0.1388	0.0794	0.0975	0.0896	0.0079	0.1207	0.0492	0.0715	0.0000	0.0000	0.0000	0.0000	0.0000	0.0000	0.0000	0.0000	0.0000	0.0062	0.0097	0.0000	0.0138	0.0151	0.0000	0.0000	0.0000	0.0000			
39	42	0.0799	13	0	1	0	1	0	0	0	0	N	N	N	N	N	N	N	N	N	N	N	N	0.0000	0.0000	0.0000	0.0000	0.0000	0.0000	0.0000	0.0000	0.0000	0.0000	0.0000	0.0000	0.0000	0.0000	0.0000	0.0000	0.0000	0.1320	0.1392	0.1218	0.1820	0.1890	0.0000	0.0914	0.0000	0.1269	0.6188	0.0000	-0.0008	1.7673	0.0007	9.0239	0.9413	0.0000	0.0000	0.0000	0.0000	0.0000	0.0000	0.0000	0.0000	0.0000	0.0034	0.0021	0.0013	0.0021	0.0021	0.0000	0.0013	0.0000	0.0013	0.0000	0.0000	0.0000	0.0000	0.0000	0.0000	0.0000	0.0000	0.0000	0.0260	0.0152	0.0108	0.0116	0.0112	0.0004	0.0143	0.0040	0.0103	0.0000	0.0000	0.0000	0.0000	0.0000	0.0000	0.0000	0.0000	0.0000	0.1320	0.1392	0.1218	0.1820	0.1890	0.0000	0.0914	0.0000	0.1269		
39	43	0.0625	9	1	0	1	1	0	0	0	0	N	N	N	N	N	N	N	N	N	N	N	N	0.0000	0.0000	0.0000	0.0000	0.0000	0.0000	0.0000	0.0000	0.0000	0.0000	0.0000	0.0000	0.0000	0.0000	0.0000	0.0000	0.0000	0.0000	0.0000	0.0000	1.7673	1.9995	9.0239	12.0029	0.0000	0.0000	0.0000	0.0000	0.0000	0.0000	0.0000	0.0000	0.0000	0.0000	0.0000	0.0000	0.0000	0.0000	0.0000	0.0000	0.0000	0.0000	0.0233	0.0201	0.0032	0.0043	0.0042	0.0001	0.0190	0.0159	0.0031	0.1415	0.0893	0.0521	0.0439	0.0412	0.0027	0.0975	0.0481	0.0495	0.0000	0.0000	0.0000	0.0000	0.0000	0.0000	0.0000	0.0000	0.0000	0.0000	0.0000	0.0000	0.0000	0.0000	0.0000	0.0000	0.0000	0.0000											
39	44	0.0293	8	1	1	0	1	0	0	0	0	N	N	N	N	N	N	N	N	N	N	N	N	0.0000	0.0000	0.0000	0.0000	0.0000	0.0000	0.0000	0.0000	0.0000	0.0000	0.0000	0.0000	0.0000	0.0000	0.0000	0.0000	0.0000	2.9301	0.0091	7.8133	0.0226	0.0231	0.0097	3.9333	0.0000	8.0063	511.6219	0.0000	0.3832	1.7673	10.0000	9.0239	26.8440	0.0000	0.0000	0.0000	0.0000	0.0000	0.0000	0.0000	0.0000	0.0000	0.9996	0.0019	0.9977	0.0020	0.0019	0.0000	0.9976	0.0000	0.9976	0.1152	0.0988	0.0164	0.0223	0.0218	0.0005	0.0929	0.0770	0.0159	0.3411	0.2135	0.1277	0.0875	0.0844	0.0031	0.2536	0.1290	0.1246	0.0000	0.0000	0.0000	0.0000	0.0000	0.0000	0.0000	0.0000	0.0000	2.9301	0.0091	7.8133	0.0226	0.0231	0.0097	3.9333	0.0000	8.0063		
39	45	0.0799	13	0	1	0	1	0	0	0	0	N	N	N	N	N	N	N	N	N	N	N	N	0.0000	0.0000	0.0000	0.0000	0.0000	0.0000	0.0000	0.0000	0.0000	0.0000	0.0000	0.0000	0.0000	0.0218	0.0343	0.0000	0.0582	0.0625	0.0000	0.0000	0.0000	0.0000	0.0000	0.0000	-0.0013	1.7673	3.0000	9.0239	5.0456	0.0000	0.0000	0.0000	0.0000	0.0000	0.0000	0.0000	0.0000	0.0000	0.0022	0.0022	0.0000	0.0022	0.0022	0.0000	0.0000	0.0000	0.0000	0.0361	0.0311	0.0049	0.0071	0.0069	0.0001	0.0290	0.0242	0.0048	0.0991	0.0629	0.0361	0.0371	0.0345	0.0026	0.0620	0.0284	0.0336	0.0000	0.0000	0.0000	0.0000	0.0000	0.0000	0.0000	0.0000	0.0000	0.0218	0.0343	0.0000	0.0582	0.0625	0.0000	0.0000	0.0000	0.0000						
39	46	0.0757	12	0	1	0	1	0	0	0	0	N	N	N	N	N	N	N	N	N	N	N	N	0.0000	0.0000	0.0000	0.0000	0.0000	0.0000	0.0000	0.0000	0.0000	0.0000	0.0000	0.0000	0.0000	0.0000	0.0000	0.0000	0.0000	2.3164	3.6309	0.0009	6.5564	7.1535	0.0000	0.0005	0.0000	0.0010	0.0001	0.0000	-0.0468	1.7673	2.0000	9.0239	1.0030	0.0000	0.0000	0.0000	0.0000	0.0000	0.0000	0.0000	0.0000	0.0000	0.0761	0.0761	0.0000	0.0761	0.0761	0.0000	0.0000	0.0000	0.0000	0.0231	0.0199	0.0032	0.0041	0.0040	0.0001	0.0189	0.0158	0.0031	0.0329	0.0210	0.0119	0.0116	0.0106	0.0010	0.0212	0.0103	0.0109	0.0000	0.0000	0.0000	0.0000	0.0000	0.0000	0.0000	0.0000	0.0000	2.3164	3.6309	0.0009	6.5564	7.1535	0.0000	0.0005	0.0000	0.0010		
39	47	0.0757	11	0	1	0	1	0	0	0	0	N	N	N	N	N	N	N	N	N	N	N	N	0.0000	0.0000	0.0000	0.0000	0.0000	0.0000	0.0000	0.0000	0.0000	0.0000	0.0000	0.0000	0.0000	0.0000	0.0000	0.0000	0.0000	0.2848	0.2379	0.3550	0.3339	0.3092	2.5740	0.2410	0.0000	0.3263	0.9960	0.0000	-0.0001	1.7673	0.0000	9.0239	0.0582	0.0000	0.0000	0.0000	0.0000	0.0000	0.0000	0.0000	0.0000	0.0000	0.0008	0.0004	0.0004	0.0004	0.0004	0.0000	0.0004	0.0000	0.0004	0.0000	0.0000	0.0000	0.0000	0.0000	0.0000	0.0000	0.0000	0.0000	0.0028	0.0017	0.0011	0.0013	0.0013	0.0000	0.0015	0.0004	0.0011	0.0000	0.0000	0.0000	0.0000	0.0000	0.0000	0.0000	0.0000	0.0000	0.2848	0.2379	0.3550	0.3339	0.3092	1.5793	0.2410	0.0000	0.3263		
39	48	0.0720	10	0	1	0	1	0	0	0	0	N	N	N	N	N	N	N	N	N	N	N	N	354.5334	289.8355	0.0000	267.1752	258.9805	0.0000	0.0000	0.0000	0.0000	10.1284	11.4099	0.0000	18.9685	19.4266	0.0000	0.0000	0.0000	0.0000	0.0286	0.0394	0.0047	0.0710	0.0750	0.0145	0.0018	0.0000	0.0039	0.0000	0.0546	-0.0003	-0.0009	1.7673	0.0018	9.0239	3.9096	0.0005	0.0005	0.0000	0.0005	0.0005	0.0000	0.0000	0.0000	0.0000	0.0015	0.0015	0.0001	0.0015	0.0015	0.0000	0.0001	0.0000	0.0001	0.0000	0.0000	0.0000	0.0000	0.0000	0.0000	0.0000	0.0000	0.0000	0.0539	0.0371	0.0168	0.0209	0.0195	0.0014	0.0331	0.0176	0.0154	354.5334	289.8355	0.0000	267.1752	258.9805	0.0000	0.0000	0.0000	0.0000	0.0286	0.0394	0.0047	0.0710	0.0750	0.0145	0.0018	0.0000	0.0039
39	49	0.0625	9	0	1	0	1	0	0	0	0	N	N	N	N	N	N	N	N	N	N	N	N	1.4699	0.0000	4.3820	0.0000	0.0000	0.0000	1.3184	0.0000	4.2840	0.0197	0.0000	0.1437	0.0000	0.0000	0.0000	0.0241	0.0000	0.1478	0.0134	0.0020	0.0328	0.0029	0.0031	0.0000	0.0183	0.0010	0.0345	inf	9.5396	0.0002	0.0003	1.7673	2.0031	9.0239	6.0601	0.0005	0.0000	0.0005	0.0000	0.0000	0.0000	0.0005	0.0000	0.0005	0.0012	0.0001	0.0010	0.0001	0.0001	0.0000	0.0011	0.0000	0.0010	0.0234	0.0202	0.0032	0.0043	0.0042	0.0001	0.0191	0.0159	0.0031	0.0864	0.0545	0.0319	0.0276	0.0260	0.0016	0.0589	0.0285	0.0303	1.4699	0.0000	4.3820	0.0000	0.0000	0.0000	1.3184	0.0000	4.2840	0.0134	0.0020	0.0328	0.0029	0.0031	0.0000	0.0183	0.0010	0.0345
39	50	0.0212	3	0	0	1	1	0	0	0	0	N	N	N	N	N	N	N	N	N	N	N	N	0.0000	0.0000	0.0000	0.0000	0.0000	0.0000	0.0000	0.0000	0.0000	0.0000	0.0000	0.0000	0.0000	0.0000	0.0000	0.0000	0.0000	0.0000	0.0000	0.0000	1.7673	0.0004	9.0239	0.9852	0.0000	0.0000	0.0000	0.0000	0.0000	0.0000	0.0000	0.0000	0.0000	0.0000	0.0000	0.0000	0.0000	0.0000	0.0000	0.0000	0.0000	0.0000	0.0001	0.0001	0.0000	0.0001	0.0001	0.0000	0.0000	0.0000	0.0000	0.0104	0.0065	0.0039	0.0022	0.0021	0.0001	0.0081	0.0044	0.0038	0.0000	0.0000	0.0000	0.0000	0.0000	0.0000	0.0000	0.0000	0.0000	0.0000	0.0000	0.0000	0.0000	0.0000	0.0000	0.0000	0.0000	0.0000											
39	51	0.0103	2	0	0	0	1	0	0	0	0	N	N	N	N	N	N	N	N	N	N	N	N	0.0004	0.0040	0.0000	0.0021	0.0027	0.0000	0.1061	0.0000	0.0013	0.0018	0.0000	0.0024	0.0031	0.0000	0.0000	0.0000	0.0000	3.3347	0.4568	7.5331	1.1460	1.1512	0.0000	4.0126	0.0001	7.5530	0.0000	11.3038	-0.0004	0.2857	1.7673	10.7574	9.0239	12.9024	0.0007	0.0007	0.0000	0.0007	0.0007	0.0000	0.0000	0.0000	0.0000	0.9400	0.0764	0.8636	0.0764	0.0764	0.0000	0.8636	0.0000	0.8636	0.5259	0.3731	0.1529	0.2796	0.2201	0.0595	0.2463	0.1530	0.0934	0.2819	0.1673	0.1146	0.0667	0.0664	0.0003	0.2152	0.1009	0.1143	0.0004	0.0040	0.0000	0.0021	0.0027	0.0000	0.0000	0.1061	0.0000	3.3347	0.4568	7.5331	1.1460	1.1512	0.0000	4.0126	0.0001	7.5530	
39	56	0.0625	9	1	1	0	1	0	0	0	0	N	N	N	N	N	N	N	N	N	N	N	N	0.0000	0.0000	0.0000	0.0000	0.0000	0.0000	0.0000	0.0000	0.0000	0.0000	0.0000	0.0000	0.0000	0.0000	0.0000	0.0000	0.0000	0.0000	0.0000	0.0000	1.7673	0.0000	9.0239	10.9971	0.0000	0.0000	0.0000	0.0000	0.0000	0.0000	0.0000	0.0000	0.0000	0.0000	0.0000	0.0000	0.0000	0.0000	0.0000	0.0000	0.0000	0.0000	0.0000	0.0000	0.0000	0.0000	0.0000	0.0000	0.0000	0.0000	0.0000	0.1139	0.0719	0.0420	0.0357	0.0336	0.0021	0.0781	0.0383	0.0399	0.0000	0.0000	0.0000	0.0000	0.0000	0.0000	0.0000	0.0000	0.0000	0.0000	0.0000	0.0000	0.0000	0.0000	0.0000	0.0000	0.0000	0.0000											
39	57	0.1178	12	0	0	0	1	0	0	0	0	N	N	N	N	N	N	N	N	N	N	N	N	0.0009	0.0007	0.0000	0.0033	0.0033	0.0000	0.0000	0.0000	0.0000	0.0007	0.0008	0.0000	0.0022	0.0022	0.0000	0.0000	0.0000	0.0000	0.7557	1.1622	0.0677	0.6546	0.6699	0.4374	0.8398	2.1856	0.0356	0.0000	0.0344	-0.0000	-0.2223	1.7673	7.8198	9.0239	21.5823	0.0001	0.0001	0.0000	0.0001	0.0001	0.0000	0.0000	0.0000	0.0000	0.3823	0.3696	0.0127	0.1504	0.1438	0.0066	0.2319	0.2257	0.0061	0.1239	0.1082	0.0156	0.0396	0.0382	0.0014	0.0843	0.0700	0.0143	0.5059	0.3180	0.1879	0.2297	0.2147	0.0150	0.2761	0.1033	0.1729	0.0009	0.0007	0.0000	0.0033	0.0033	0.0000	0.0000	0.0000	0.0000	0.7557	1.1622	0.0677	0.6546	0.6699	0.4374	0.8398	2.1856	0.0356
39	58	0.0982	13	1	1	1	1	0	0	0	0	N	N	N	N	N	N	N	N	N	N	N	N	0.0000	0.0000	0.0000	0.0000	0.0000	0.0000	0.0000	0.0000	0.0000	0.0000	0.0000	0.0000	0.0000	0.0000	0.0000	0.0000	0.0000	0.0000	0.0002	0.0002	0.0002	0.0002	0.0000	0.0029	0.0002	0.0004	0.0000	0.5792	0.0000	-0.0000	1.7673	2.0055	9.0239	11.8091	0.0000	0.0000	0.0000	0.0000	0.0000	0.0000	0.0000	0.0000	0.0000	0.0000	0.0000	0.0000	0.0000	0.0000	0.0000	0.0000	0.0000	0.0000	0.0226	0.0194	0.0031	0.0044	0.0043	0.0002	0.0181	0.0152	0.0029	0.1365	0.0885	0.0480	0.0467	0.0433	0.0034	0.0899	0.0453	0.0446	0.0000	0.0000	0.0000	0.0000	0.0000	0.0000	0.0000	0.0000	0.0000	0.0002	0.0002	0.0002	0.0002	0.0000	0.0029	0.0002	0.0004	0.0000	
39	59	0.0928	12	1	0	1	1	0	0	0	0	N	N	N	N	N	N	N	N	N	N	N	N	0.0000	0.0000	0.0000	0.0000	0.0000	0.0000	0.0000	0.0000	0.0000	0.0000	0.0000	0.0000	0.0000	0.0000	0.0000	0.0000	0.0000	0.0000	0.0386	0.0573	0.0006	0.0109	0.0112	0.0074	0.0551	0.1076	0.0001	0.0056	0.0000	-0.0013	1.7673	1.9951	9.0239	2.5667	0.0000	0.0000	0.0000	0.0000	0.0000	0.0000	0.0000	0.0000	0.0000	0.0021	0.0021	0.0000	0.0002	0.0002	0.0000	0.0019	0.0019	0.0000	0.0225	0.0194	0.0031	0.0045	0.0042	0.0002	0.0181	0.0152	0.0029	0.0541	0.0362	0.0179	0.0202	0.0189	0.0014	0.0339	0.0173	0.0166	0.0000	0.0000	0.0000	0.0000	0.0000	0.0000	0.0000	0.0000	0.0000	0.0386	0.0573	0.0006	0.0109	0.0112	0.0074	0.0551	0.1076	0.0001	
39	60	0.0861	11	1	0	1	1	0	0	0	0	N	N	N	N	N	N	N	N	N	N	N	N	0.0000	0.0000	0.0838	0.0000	0.0000	0.0000	0.0000	0.0000	0.2274	0.0003	0.0000	0.0016	0.0000	0.0000	0.0000	0.0004	0.0000	0.0016	9.3981	12.6911	0.0191	4.1440	4.6844	0.0624	14.2597	23.4539	0.0071	inf	0.0005	0.0000	-0.2769	1.7673	0.0108	9.0239	3.6229	0.0000	0.0000	0.0000	0.0000	0.0000	0.0000	0.0000	0.0000	0.0000	0.4508	0.4506	0.0002	0.0955	0.0954	0.0002	0.3553	0.3552	0.0001	0.0002	0.0001	0.0000	0.0001	0.0001	0.0000	0.0001	0.0001	0.0000	0.0480	0.0355	0.0125	0.0231	0.0204	0.0027	0.0249	0.0151	0.0098	0.0000	0.0000	0.0838	0.0000	0.0000	0.0000	0.0000	0.0000	0.2274	9.3981	12.6911	0.0191	4.1440	4.6844	0.0624	14.2597	23.4539	0.0071
39	61	0.0381	10	0	1	0	1	0	0	0	0	N	N	N	N	N	N	N	N	N	N	N	N	0.0000	0.0000	0.0000	0.0000	0.0000	0.0000	0.0000	0.0000	0.0000	0.0000	0.0000	0.0000	0.0000	0.0000	0.0000	0.0000	0.0000	0.9143	0.0003	2.7120	0.0210	0.0006	0.6297	1.3882	0.0000	2.7838	4665.1515	0.0000	0.0578	1.7673	4.0917	9.0239	8.0988	0.0000	0.0000	0.0000	0.0000	0.0000	0.0000	0.0000	0.0000	0.0000	0.1500	0.0000	0.1500	0.0012	0.0000	0.0012	0.1488	0.0000	0.1488	0.0525	0.0454	0.0072	0.0116	0.0114	0.0002	0.0409	0.0339	0.0070	0.1640	0.1087	0.0553	0.0569	0.0550	0.0018	0.1072	0.0537	0.0535	0.0000	0.0000	0.0000	0.0000	0.0000	0.0000	0.0000	0.0000	0.0000	0.9143	0.0003	2.7120	0.0210	0.0006	0.6297	1.3882	0.0000	2.7838		
39	62	0.0343	9	0	1	0	1	0	0	0	0	N	N	N	N	N	N	N	N	N	N	N	N	0.0000	0.0000	0.0000	0.0000	0.0000	0.0000	0.0000	0.0000	0.0000	0.0000	0.0000	0.0000	0.0000	0.0000	0.0000	0.0000	0.0000	0.0000	10.4012	0.0389	66.3572	0.0368	0.0364	0.0455	14.3407	0.0411	65.7694	415.4847	0.0000	0.3234	1.7673	2.1165	9.0239	5.0852	0.0000	0.0000	0.0000	0.0000	0.0000	0.0000	0.0000	0.0000	0.0000	0.8446	0.0020	0.8426	0.0009	0.0009	0.0001	0.8437	0.0012	0.8425	0.0251	0.0215	0.0036	0.0048	0.0047	0.0001	0.0202	0.0167	0.0035	0.0840	0.0521	0.0319	0.0252	0.0241	0.0011	0.0588	0.0280	0.0308	0.0000	0.0000	0.0000	0.0000	0.0000	0.0000	0.0000	0.0000	0.0000	10.0504	0.0389	26.3734	0.0368	0.0364	0.0455	14.3407	0.0411	27.3261	
39	63	0.0861	11	1	0	1	1	0	0	0	0	N	N	N	N	N	N	N	N	N	N	N	N	0.0000	0.0000	0.0000	0.0000	0.0000	0.0000	0.0000	0.0000	0.0000	0.0000	0.0000	0.0000	0.0000	0.0000	0.0000	0.0000	0.0000	8.1269	0.0000	43.0386	14.0475	0.0000	234.4532	4.9171	0.0000	9.6677	inf	10711287.0229	0.0000	0.3495	1.7673	3.9990	9.0239	8.8702	0.0000	0.0000	0.0000	0.0000	0.0000	0.0000	0.0000	0.0000	0.0000	0.9072	0.0000	0.9072	0.5513	0.0000	0.5513	0.3559	0.0000	0.3559	0.0383	0.0333	0.0050	0.0045	0.0044	0.0001	0.0338	0.0289	0.0049	0.1116	0.0697	0.0419	0.0392	0.0342	0.0051	0.0724	0.0356	0.0368	0.0000	0.0000	0.0000	0.0000	0.0000	0.0000	0.0000	0.0000	0.0000	8.1269	0.0000	21.6465	14.0475	0.0000	108.2287	4.9171	0.0000	9.6677	
39	64	0.0659	10	1	0	1	1	0	0	0	0	N	N	N	N	N	N	N	N	N	N	N	N	0.0010	0.0000	0.0121	0.0000	0.0000	0.0000	0.0012	0.0000	0.0346	0.0046	0.0000	0.0233	0.0000	0.0000	0.0000	0.0089	0.0000	0.0694	4.7991	6.3619	1.9271	0.0811	0.0634	0.4166	7.3221	12.9455	2.0059	inf	0.1648	0.0002	-0.3035	1.7673	3.9972	9.0239	6.8232	0.0005	0.0000	0.0005	0.0000	0.0000	0.0000	0.0005	0.0000	0.0005	0.6413	0.5505	0.0907	0.0038	0.0028	0.0010	0.6375	0.5477	0.0898	0.0999	0.0803	0.0197	0.0485	0.0355	0.0131	0.0514	0.0448	0.0066	0.1336	0.0865	0.0471	0.0466	0.0442	0.0023	0.0871	0.0423	0.0448	0.0010	0.0000	0.0121	0.0000	0.0000	0.0000	0.0012	0.0000	0.0346	4.7991	6.3619	1.9271	0.0811	0.0634	0.4166	7.3221	12.9455	2.0059
39	65	0.0419	10	0	1	0	1	0	0	0	0	N	N	N	N	N	N	N	N	N	N	N	N	0.0000	0.0000	0.0000	0.0000	0.0000	0.0000	0.0000	0.0000	0.0000	0.0000	0.0000	0.0000	0.0000	0.0000	0.0000	0.0000	0.0000	0.0000	0.2165	0.2124	0.2245	0.4480	0.4611	0.1719	0.1080	0.0000	0.2268	0.5411	0.0000	-0.0304	1.7673	15.6632	9.0239	35.0639	0.0000	0.0000	0.0000	0.0000	0.0000	0.0000	0.0000	0.0000	0.0000	0.1152	0.0748	0.0405	0.0761	0.0748	0.0013	0.0391	0.0000	0.0391	0.1827	0.1571	0.0256	0.0397	0.0385	0.0012	0.1430	0.1186	0.0244	0.5324	0.3522	0.1803	0.1699	0.1622	0.0077	0.3625	0.1900	0.1726	0.0000	0.0000	0.0000	0.0000	0.0000	0.0000	0.0000	0.0000	0.0000	0.2165	0.2124	0.2245	0.4480	0.4611	0.1719	0.1080	0.0000	0.2268	
39	66	0.0419	10	0	0	1	1	0	0	0	0	N	N	N	N	N	N	N	N	N	N	N	N	196.4170	159.0427	0.0000	0.0000	0.0000	0.0000	21627996.8791	inf	0.0000	0.7562	0.8791	0.0000	0.0000	0.0000	0.0000	1.0235	1.2370	0.0000	0.0038	0.0055	0.0000	0.0099	0.0104	0.0000	0.0000	0.0000	0.0000	0.0000	0.0000	-0.0267	-0.0006	1.7673	4.9998	9.0239	10.1184	0.0487	0.0487	0.0000	0.0000	0.0000	0.0000	0.0487	0.0487	0.0000	0.0010	0.0010	0.0000	0.0010	0.0010	0.0000	0.0000	0.0000	0.0000	0.0645	0.0554	0.0090	0.0168	0.0160	0.0008	0.0476	0.0394	0.0082	0.2620	0.1825	0.0795	0.1014	0.0974	0.0040	0.1606	0.0850	0.0756	196.4170	159.0427	0.0000	0.0000	0.0000	0.0000	21627996.8791	inf	0.0000	0.0038	0.0055	0.0000	0.0099	0.0104	0.0000	0.0000	0.0000	0.0000
39	67	0.0312	8	0	1	0	1	0	0	0	0	N	N	N	N	N	N	N	N	N	N	N	N	0.2618	0.1971	0.0000	0.3618	0.3613	0.0000	0.0000	0.0000	0.0001	0.0001	0.0000	0.0003	0.0003	0.0000	0.0000	0.0000	0.0000	0.0002	0.0004	0.0000	0.0009	0.0009	0.0000	0.0000	0.0000	0.0000	0.0000	0.0001	-0.0000	-0.0000	1.7673	10.9928	9.0239	18.5513	0.0000	0.0000	0.0000	0.0000	0.0000	0.0000	0.0000	0.0000	0.0000	0.0001	0.0001	0.0000	0.0001	0.0001	0.0000	0.0000	0.0000	0.0000	0.1273	0.1096	0.0177	0.0263	0.0256	0.0008	0.1010	0.0841	0.0170	0.3238	0.2098	0.1139	0.0925	0.0897	0.0028	0.2313	0.1201	0.1111	0.2618	0.1971	0.0000	0.3618	0.3613	0.0000	0.0000	0.0000	0.0000	0.0002	0.0004	0.0000	0.0009	0.0009	0.0000	0.0000	0.0000	0.0000	
39	68	0.0312	7	0	0	0	1	0	0	0	0	N	N	N	N	N	N	N	N	N	N	N	N	2.2441	0.9430	545.6007	2.5286	2.5330	0.0000	2.0483	0.0000	651.0669	0.0051	0.0032	0.0125	0.0063	0.0064	0.0000	0.0043	0.0000	0.0127	0.0023	0.0034	0.0000	0.0025	0.0025	0.0003	0.0021	0.0055	0.0000	1.0000	0.0034	-0.0000	-0.0001	1.7673	0.0861	9.0239	1.0715	0.0000	0.0000	0.0000	0.0000	0.0000	0.0000	0.0000	0.0000	0.0000	0.0002	0.0002	0.0000	0.0001	0.0001	0.0000	0.0001	0.0001	0.0000	0.0032	0.0026	0.0007	0.0013	0.0013	0.0000	0.0019	0.0013	0.0007	0.0701	0.0467	0.0235	0.0323	0.0320	0.0003	0.0379	0.0146	0.0232	2.2441	0.9430	545.6007	2.5286	2.5330	0.0000	2.0483	0.0000	651.0669	0.0023	0.0034	0.0000	0.0025	0.0025	0.0003	0.0021	0.0055	0.0000
39	69	0.0955	11	1	0	1	1	0	0	0	0	N	N	N	N	N	N	N	N	N	N	N	N	0.0000	0.0000	0.0000	0.0000	0.0000	0.0000	0.0000	0.0000	0.0000	0.0000	0.0000	0.0000	0.0000	0.0000	0.0000	0.0000	0.0001	0.0002	0.0000	0.0003	0.0004	0.0000	0.0000	0.0000	0.0000	0.0043	0.0000	-0.0000	1.7673	1.0000	9.0239	3.0001	0.0000	0.0000	0.0000	0.0000	0.0000	0.0000	0.0000	0.0000	0.0000	0.0000	0.0000	0.0000	0.0000	0.0000	0.0000	0.0000	0.0000	0.0000	0.0146	0.0129	0.0017	0.0055	0.0054	0.0001	0.0091	0.0075	0.0016	0.0402	0.0265	0.0137	0.0139	0.0130	0.0009	0.0263	0.0135	0.0128	0.0000	0.0000	0.0000	0.0000	0.0000	0.0000	0.0000	0.0000	0.0000	0.0001	0.0002	0.0000	0.0003	0.0004	0.0000	0.0000	0.0000	0.0000			
39	70	0.0955	10	1	0	1	1	0	0	0	0	N	N	N	N	N	N	N	N	N	N	N	N	0.0000	0.0000	0.0000	0.0000	0.0000	0.0000	0.0000	0.0000	0.0000	0.0000	0.0000	0.0000	0.0000	0.0000	0.0000	0.0000	0.2384	0.2104	0.2748	0.2560	0.2587	0.0000	0.2230	0.0000	0.2780	1.0000	0.0000	-0.0000	1.7673	0.0000	9.0239	0.0009	0.0000	0.0000	0.0000	0.0000	0.0000	0.0000	0.0000	0.0000	0.0000	0.0000	0.0000	0.0000	0.0000	0.0000	0.0000	0.0000	0.0000	0.0000	0.0000	0.0000	0.0000	0.0000	0.0000	0.0000	0.0000	0.0000	0.0000	0.0000	0.0000	0.0000	0.0000	0.0000	0.0000	0.0000	0.0000	0.0000	0.0000	0.0000	0.0000	0.0000	0.0000	0.0000	0.0000	0.0000	0.0000	0.2384	0.2104	0.2748	0.2560	0.2587	0.0000	0.2230	0.0000	0.2780			
39	71	0.0625	9	1	0	1	1	0	0	0	0	N	N	N	N	N	N	N	N	N	N	N	N	0.0000	0.0000	0.0000	0.0000	0.0000	0.0000	0.0000	0.0000	0.0000	0.0000	0.0000	0.0000	0.0000	0.3567	0.5646	0.0000	1.1687	1.2475	0.0000	0.0000	0.0000	0.0000	0.0000	0.0000	-0.0483	1.7673	9.9966	9.0239	12.9129	0.0000	0.0000	0.0000	0.0000	0.0000	0.0000	0.0000	0.0000	0.0000	0.0786	0.0786	0.0000	0.0786	0.0786	0.0000	0.0000	0.0000	0.0000	0.1127	0.0974	0.0153	0.0207	0.0203	0.0004	0.0920	0.0771	0.0149	0.2203	0.1392	0.0811	0.0672	0.0630	0.0042	0.1531	0.0762	0.0769	0.0000	0.0000	0.0000	0.0000	0.0000	0.0000	0.0000	0.0000	0.0000	0.3567	0.5646	0.0000	1.1687	1.2475	0.0000	0.0000	0.0000	0.0000						
39	72	0.0293	8	0	1	0	2	0	0	0	0	N	N	N	Y	N	N	N	N	N	N	N	N	0.0000	0.0000	0.0000	0.0000	0.0000	0.0000	0.0000	0.0000	0.0000	0.0000	0.0000	0.0000	0.0000	0.0000	0.0000	0.0000	0.0113	0.0166	0.0025	0.0412	0.0427	0.0000	0.0013	0.0000	0.0026	0.0898	0.0000	-0.0028	1.7673	13.0000	9.0239	39.1663	0.0000	0.0000	0.0000	0.0000	0.0000	0.0000	0.0000	0.0000	0.0000	0.0052	0.0048	0.0004	0.0048	0.0048	0.0000	0.0004	0.0000	0.0004	0.1483	0.1273	0.0210	0.0288	0.0283	0.0006	0.1195	0.0991	0.0204	0.4570	0.2859	0.1711	0.1156	0.1114	0.0042	0.3414	0.1745	0.1669	0.0000	0.0000	0.0000	0.0000	0.0000	0.0000	0.0000	0.0000	0.0000	0.0113	0.0166	0.0025	0.0412	0.0427	0.0000	0.0013	0.0000	0.0026			
39	73	0.0268	7	0	1	0	1	0	0	0	0	N	N	N	N	N	N	N	N	N	N	N	N	0.0000	0.0000	0.0000	0.0000	0.0000	0.0000	0.0000	0.0000	0.0000	0.0000	0.0000	0.0000	0.0000	0.0000	0.0000	0.0000	0.0000	0.0000	0.0000	0.0000	0.0000	0.0000	inf	0.0000	0.0000	1.7673	3.0003	9.0239	18.1082	0.0000	0.0000	0.0000	0.0000	0.0000	0.0000	0.0000	0.0000	0.0000	0.0000	0.0000	0.0000	0.0000	0.0000	0.0000	0.0000	0.0000	0.0000	0.0354	0.0303	0.0051	0.0068	0.0066	0.0001	0.0286	0.0237	0.0049	0.2434	0.1592	0.0843	0.0707	0.0688	0.0019	0.1727	0.0904	0.0823	0.0000	0.0000	0.0000	0.0000	0.0000	0.0000	0.0000	0.0000	0.0000	0.0000	0.0000	0.0000	0.0000	0.0000	0.0000	0.0000	0.0000	0.0000						
39	74	0.0659	10	0	1	0	1	0	0	0	0	N	N	N	N	N	N	N	N	N	N	N	N	0.0093	0.0073	0.0000	0.0074	0.0091	0.0000	0.0000	0.0000	0.0000	0.0002	0.0003	0.0000	0.0006	0.0007	0.0000	0.0000	0.0000	0.0000	0.0245	0.0383	0.0000	0.0758	0.0805	0.0000	0.0000	0.0000	0.0000	0.0000	0.0000	-0.0000	-0.0039	1.7673	7.0046	9.0239	18.1036	0.0000	0.0000	0.0000	0.0000	0.0000	0.0000	0.0000	0.0000	0.0000	0.0064	0.0064	0.0000	0.0064	0.0064	0.0000	0.0000	0.0000	0.0000	0.1331	0.1090	0.0241	0.0544	0.0413	0.0131	0.0787	0.0677	0.0110	0.2595	0.1662	0.0933	0.0840	0.0791	0.0049	0.1755	0.0871	0.0883	0.0093	0.0073	0.0000	0.0074	0.0091	0.0000	0.0000	0.0000	0.0000	0.0245	0.0383	0.0000	0.0758	0.0805	0.0000	0.0000	0.0000	0.0000
39	75	0.0625	9	0	0	0	1	0	0	0	0	N	N	N	N	N	N	N	N	N	N	N	N	0.0009	0.0000	0.0258	0.0000	0.0000	0.0000	0.0008	0.0000	0.0254	0.0001	0.0000	0.0011	0.0000	0.0000	0.0000	0.0002	0.0000	0.0011	0.1608	0.2315	0.0411	0.0376	0.0395	0.0000	0.2239	0.4341	0.0430	43.1837	0.1049	0.0000	-0.0036	1.7673	0.2435	9.0239	3.2922	0.0000	0.0000	0.0000	0.0000	0.0000	0.0000	0.0000	0.0000	0.0000	0.0069	0.0063	0.0007	0.0006	0.0006	0.0000	0.0064	0.0057	0.0007	0.0031	0.0027	0.0004	0.0006	0.0006	0.0000	0.0024	0.0020	0.0004	0.0431	0.0271	0.0160	0.0146	0.0139	0.0007	0.0285	0.0132	0.0153	0.0009	0.0000	0.0258	0.0000	0.0000	0.0000	0.0008	0.0000	0.0254	0.1608	0.2315	0.0411	0.0376	0.0395	0.0000	0.2239	0.4341	0.0430
39	76	0.0293	8	0	0	0	1	0	0	0	0	N	N	N	N	N	N	N	N	N	N	N	N	0.1565	0.0000	0.4113	0.0000	0.0000	0.0000	0.1437	0.4131	0.5983	0.0000	4.1935	0.0000	0.0000	0.0000	0.7412	0.0000	4.3139	3.8241	0.0146	10.1963	0.0356	0.0364	0.0130	5.1573	0.0000	10.4419	inf	416.3314	0.0220	0.3834	1.7673	7.0044	9.0239	20.1113	0.0487	0.0000	0.0487	0.0000	0.0000	0.0000	0.0487	0.0000	0.0487	1.0014	0.0024	0.9990	0.0024	0.0024	0.0000	0.9990	0.0000	0.9990	0.0815	0.0698	0.0116	0.0157	0.0154	0.0003	0.0658	0.0545	0.0113	0.2619	0.1639	0.0980	0.0682	0.0659	0.0023	0.1937	0.0980	0.0957	0.1565	0.0000	0.4113	0.0000	0.0000	0.0000	0.1437	0.0000	0.4131	3.8241	0.0146	10.1963	0.0356	0.0364	0.0130	5.1573	0.0000	10.4419	
39	77	0.0316	8	0	1	0	1	0	0	0	0	N	N	N	N	N	N	N	N	N	N	N	N	0.0514	0.0000	92947.8134	0.0001	0.0001	0.0000	0.0524	0.0000	93073.6300	0.2606	0.0000	1.0285	0.0000	0.0000	0.0000	0.3405	0.0000	1.0354	5.0730	8.5547	0.0000	0.0089	0.0095	0.0000	6.4967	13.0904	0.0000	1749342.1736	0.0000	0.0145	-0.6054	1.7673	8.6571	9.0239	16.0761	0.0322	0.0000	0.0322	0.0000	0.0000	0.0000	0.0322	0.0000	0.0322	0.9847	0.9847	0.0000	0.0004	0.0004	0.0000	0.9844	0.9844	0.0000	0.1235	0.0922	0.0313	0.0290	0.0288	0.0002	0.0945	0.0634	0.0311	0.1941	0.1151	0.0790	0.0426	0.0399	0.0027	0.1515	0.0752	0.0763	0.0514	0.0000	92947.8134	0.0001	0.0001	0.0000	0.0524	0.0000	93073.6300	5.0730	8.5547	0.0000	0.0089	0.0095	0.0000	6.4967	13.0904	0.0000
39	78	0.0312	7	0	1	0	1	0	0	0	0	N	N	N	N	N	N	N	N	N	N	N	N	14.6789	0.0039	2149.5388	1.2164	1.2238	0.0000	12.0697	0.0000	2181.5221	2.5557	0.0010	14.8211	0.0028	0.0028	0.0000	3.6601	0.0000	15.2487	0.1741	0.2594	0.0069	0.0023	0.0023	0.0002	0.3032	0.7178	0.0070	3024.2745	0.0136	0.0075	-0.0086	1.7673	0.3645	9.0239	1.9845	0.0166	0.0000	0.0165	0.0000	0.0000	0.0000	0.0165	0.0000	0.0165	0.0142	0.0140	0.0002	0.0001	0.0001	0.0000	0.0141	0.0140	0.0002	0.0065	0.0054	0.0011	0.0020	0.0019	0.0000	0.0045	0.0034	0.0011	0.0817	0.0541	0.0276	0.0351	0.0347	0.0004	0.0467	0.0194	0.0272	14.6789	0.0039	2149.5388	1.2164	1.2238	0.0000	12.0697	0.0000	2181.5221	0.1741	0.2594	0.0069	0.0023	0.0023	0.0002	0.3032	0.7178	0.0070
39	79	0.0217	6	0	0	0	1	0	0	0	0	N	N	N	N	N	N	N	N	N	N	N	N	0.0446	0.0025	4.0042	0.0042	0.0043	0.3830	0.0000	4.0800	0.0002	0.0000	0.0016	0.0001	0.0001	0.0000	0.0003	0.0000	0.0017	0.0054	0.0081	0.0004	0.0192	0.0194	0.0000	0.0007	0.0010	0.0004	12.6289	0.0281	0.0000	-0.0006	1.7673	2.9108	9.0239	14.2456	0.0000	0.0000	0.0000	0.0000	0.0000	0.0000	0.0000	0.0000	0.0000	0.0011	0.0010	0.0000	0.0009	0.0009	0.0000	0.0001	0.0001	0.0000	0.0374	0.0323	0.0050	0.0081	0.0079	0.0001	0.0293	0.0244	0.0049	0.1966	0.1266	0.0700	0.0493	0.0487	0.0006	0.1472	0.0779	0.0694	0.0446	0.0025	4.0042	0.0042	0.0043	0.0000	0.3830	0.0000	4.0800	0.0054	0.0081	0.0004	0.0192	0.0194	0.0000	0.0007	0.0010	0.0004	
39	82	0.0450	11	0	1	0	1	0	0	0	0	N	N	N	N	N	N	N	N	N	N	N	N	0.2207	473.6102	0.5323	117.8636	995.3679	0.0000	0.1677	0.5068	0.5122	0.0170	3.4825	0.0609	0.0640	0.0000	0.6546	0.0000	3.7940	2.3207	0.0000	6.5425	0.0005	0.0001	0.0042	3.9037	0.0000	7.4867	34.1051	100046.3127	0.0212	0.3844	1.7673	7.9116	9.0239	21.1247	0.0501	0.0014	0.0487	0.0014	0.0014	0.0000	0.0487	0.0000	0.0487	0.9979	0.0000	0.9979	0.0001	0.0000	0.0001	0.9978	0.0000	0.9978	0.0979	0.0839	0.0140	0.0235	0.0223	0.0011	0.0744	0.0616	0.0128	0.4300	0.2775	0.1525	0.1744	0.1551	0.0192	0.2556	0.1223	0.1333	0.2207	473.6102	0.5323	117.8636	995.3679	0.0000	0.1677	0.0000	0.5068	2.3207	0.0000	6.5425	0.0005	0.0001	0.0042	3.9037	0.0000	7.4867	
39	83	0.0630	12	1	1	0	1	0	0	0	0	N	N	N	N	N	N	N	N	N	N	N	N	0.0000	0.0000	0.0000	0.0000	0.0000	0.0000	0.0000	0.0000	0.0000	0.0000	0.0000	0.0000	0.0000	0.0000	0.0000	0.0000	0.0000	0.0000	0.0000	0.0000	1.7673	0.0000	9.0239	1.8333	0.0000	0.0000	0.0000	0.0000	0.0000	0.0000	0.0000	0.0000	0.0000	0.0000	0.0000	0.0000	0.0000	0.0000	0.0000	0.0000	0.0000	0.0000	0.0000	0.0000	0.0000	0.0000	0.0000	0.0000	0.0000	0.0000	0.0000	0.0225	0.0145	0.0079	0.0075	0.0072	0.0003	0.0149	0.0073	0.0076	0.0000	0.0000	0.0000	0.0000	0.0000	0.0000	0.0000	0.0000	0.0000	0.0000	0.0000	0.0000	0.0000	0.0000	0.0000	0.0000	0.0000	0.0000											
39	84	0.0450	11	1	1	0	1	0	0	0	0	N	N	N	N	N	N	N	N	N	N	N	N	2455.2787	0.0446	1847642.3023	0.1051	0.0976	559382.4676	0.0000	1726347.9017	11.4511	0.0003	79.9928	0.0011	0.0012	0.0000	15.1820	0.0000	87.8433	0.0047	0.0072	0.0000	0.0106	0.0121	0.0000	0.0000	0.0000	0.0001	41764.7827	0.0033	0.4506	-0.0010	1.7673	6.9552	9.0239	13.1226	0.9975	0.0000	0.9975	0.0000	0.0000	0.0000	0.9975	0.0000	0.9975	0.0017	0.0017	0.0000	0.0017	0.0017	0.0000	0.0000	0.0000	0.0000	0.0871	0.0746	0.0125	0.0214	0.0203	0.0011	0.0657	0.0543	0.0114	0.3622	0.2346	0.1276	0.1586	0.1396	0.0190	0.2036	0.0950	0.1085	2455.2787	0.0446	1847642.3023	0.1051	0.0976	0.0000	559382.4676	0.0000	1726347.9017	0.0047	0.0072	0.0000	0.0106	0.0121	0.0000	0.0000	0.0000	0.0001	
39	85	0.0420	10	0	1	0	1	0	0	0	0	N	N	N	N	N	N	N	N	N	N	N	N	34.1494	3.5146	102.7317	8.3235	8.1657	0.0000	36.0422	0.0000	109.4375	0.2654	0.0063	1.8859	0.0148	0.0156	0.0000	0.4105	0.0000	2.1565	0.0078	0.0018	0.0184	0.0018	0.0019	0.0000	0.0114	0.0017	0.0197	47.7546	5.7679	0.0006	0.0002	1.7673	0.3374	9.0239	6.1146	0.0015	0.0000	0.0015	0.0000	0.0000	0.0000	0.0015	0.0000	0.0015	0.0008	0.0001	0.0007	0.0001	0.0001	0.0000	0.0007	0.0000	0.0007	0.0056	0.0048	0.0008	0.0020	0.0020	0.0001	0.0035	0.0029	0.0007	0.1047	0.0669	0.0378	0.0394	0.0368	0.0026	0.0653	0.0301	0.0352	34.1494	3.5146	102.7317	8.3235	8.1657	0.0000	36.0422	0.0000	109.4375	0.0078	0.0018	0.0184	0.0018	0.0019	0.0000	0.0114	0.0017	0.0197
39	86	0.0420	10	0	1	0	1	0	0	0	0	N	N	N	N	N	N	N	N	N	N	N	N	0.8760	0.6737	0.0000	1.3767	1.3354	0.0000	0.0000	0.0000	0.0002	0.0003	0.0000	0.0012	0.0012	0.0000	0.0000	0.0000	0.0000	0.0003	0.0004	0.0000	0.0009	0.0009	0.0000	0.0000	0.0000	0.0000	0.0000	0.0380	-0.0000	-0.0000	1.7673	11.0342	9.0239	12.7513	0.0000	0.0000	0.0000	0.0000	0.0000	0.0000	0.0000	0.0000	0.0000	0.0001	0.0001	0.0000	0.0001	0.0001	0.0000	0.0000	0.0000	0.0000	0.1280	0.1099	0.0181	0.0257	0.0251	0.0006	0.1023	0.0848	0.0176	0.2584	0.1643	0.0941	0.0785	0.0745	0.0041	0.1799	0.0899	0.0900	0.8760	0.6737	0.0000	1.3767	1.3354	0.0000	0.0000	0.0000	0.0000	0.0003	0.0004	0.0000	0.0009	0.0009	0.0000	0.0000	0.0000	0.0000	
39	87	0.0343	9	0	1	0	1	0	0	0	0	N	N	N	N	N	N	N	N	N	N	N	N	0.0126	0.0000	2.7565	0.0000	0.0000	0.0000	0.9214	2.7431	0.0007	0.0000	0.0046	0.0000	0.0000	0.0000	0.0008	0.0000	0.0047	0.0519	0.0824	0.0017	0.1781	0.1861	0.0000	0.0009	0.0000	0.0017	inf	0.0122	0.0000	-0.0035	1.7673	3.9739	9.0239	6.2820	0.0000	0.0000	0.0000	0.0000	0.0000	0.0000	0.0000	0.0000	0.0000	0.0059	0.0058	0.0001	0.0058	0.0058	0.0000	0.0001	0.0000	0.0001	0.0467	0.0400	0.0067	0.0090	0.0088	0.0002	0.0377	0.0312	0.0065	0.1128	0.0702	0.0426	0.0325	0.0311	0.0014	0.0803	0.0391	0.0412	0.0126	0.0000	2.7565	0.0000	0.0000	0.0000	0.9214	0.0000	2.7431	0.0519	0.0824	0.0017	0.1781	0.1861	0.0000	0.0009	0.0000	0.0017	
39	88	0.0293	8	0	1	0	1	0	0	0	0	N	N	N	N	N	N	N	N	N	N	N	N	0.0000	0.0000	0.0000	0.0000	0.0000	0.0000	0.0000	0.0000	0.0000	0.0000	0.0000	0.0000	0.0000	0.0000	0.0000	0.0000	0.0000	0.0000	0.0851	0.0050	0.2197	0.0091	0.0094	0.0003	0.1177	0.0013	0.2240	25.8996	0.0000	0.0021	1.7673	0.0056	9.0239	5.7021	0.0000	0.0000	0.0000	0.0000	0.0000	0.0000	0.0000	0.0000	0.0000	0.0060	0.0002	0.0057	0.0002	0.0002	0.0000	0.0058	0.0000	0.0057	0.0001	0.0001	0.0000	0.0000	0.0000	0.0000	0.0001	0.0000	0.0000	0.0701	0.0439	0.0262	0.0210	0.0205	0.0005	0.0491	0.0234	0.0256	0.0000	0.0000	0.0000	0.0000	0.0000	0.0000	0.0000	0.0000	0.0000	0.0851	0.0050	0.2197	0.0091	0.0094	0.0003	0.1177	0.0013	0.2240	
39	92	0.1178	12	0	0	0	1	0	0	0	0	N	N	N	N	N	N	N	N	N	N	N	N	0.0002	0.0002	0.0000	0.0005	0.0005	0.0000	0.0000	0.0000	0.0000	0.0003	0.0004	0.0000	0.0013	0.0014	0.0000	0.0000	0.0000	0.0000	1.4654	2.3402	0.0531	2.7461	2.9479	0.3411	0.6153	1.4435	0.0278	0.0000	0.0141	-0.0000	-0.5521	1.7673	24.8682	9.0239	39.8855	0.0001	0.0001	0.0000	0.0001	0.0001	0.0000	0.0000	0.0000	0.0000	0.9187	0.9060	0.0127	0.6869	0.6803	0.0066	0.2319	0.2257	0.0061	0.2646	0.2280	0.0367	0.0611	0.0584	0.0027	0.2035	0.1695	0.0340	0.6270	0.3871	0.2398	0.2501	0.2308	0.0194	0.3768	0.1564	0.2205	0.0002	0.0002	0.0000	0.0005	0.0005	0.0000	0.0000	0.0000	0.0000	1.4654	2.3402	0.0531	2.7461	2.9479	0.3411	0.6153	1.4435	0.0278
40	41	0.0731	13	0	1	1	1	0	0	0	0	N	N	N	N	N	N	N	N	N	N	N	N	0.0000	0.0000	0.0000	0.0000	0.0000	0.0000	0.0000	0.0000	0.0000	0.0000	0.0000	0.0000	0.0000	0.0000	0.0000	0.0000	0.0000	0.0000	1.7591	0.0962	4.5064	0.2894	0.1012	4.4316	2.5694	0.0909	4.7087	28.3407	0.0000	0.0481	3.4690	0.9997	3.7419	10.1790	0.0000	0.0000	0.0000	0.0000	0.0000	0.0000	0.0000	0.0000	0.0000	0.1370	0.0047	0.1323	0.0080	0.0026	0.0055	0.1289	0.0021	0.1268	0.0177	0.0150	0.0027	0.0015	0.0015	0.0001	0.0162	0.0136	0.0026	0.0779	0.0485	0.0294	0.0277	0.0253	0.0024	0.0502	0.0232	0.0269	0.0000	0.0000	0.0000	0.0000	0.0000	0.0000	0.0000	0.0000	0.0000	1.7591	0.0962	4.5064	0.2894	0.1012	2.2544	2.5694	0.0909	4.7087	
40	42	0.0720	12	0	1	0	1	0	0	0	0	N	N	N	N	N	N	N	N	N	N	N	N	0.0000	0.0000	0.0000	0.0000	0.0000	0.0000	0.0000	0.0000	0.0000	0.0000	0.0000	0.0000	0.0000	0.0000	0.0000	0.0000	0.0000	0.0000	2.6668	1.3750	4.2477	0.8120	0.8348	0.1253	4.0434	2.9896	4.3769	2.5242	-0.0000	0.0038	3.4690	0.0007	3.7419	0.9413	0.0000	0.0000	0.0000	0.0000	0.0000	0.0000	0.0000	0.0000	0.0000	0.0378	0.0107	0.0271	0.0049	0.0049	0.0000	0.0329	0.0058	0.0270	0.0000	0.0000	0.0000	0.0000	0.0000	0.0000	0.0000	0.0000	0.0000	0.0142	0.0078	0.0064	0.0060	0.0058	0.0002	0.0081	0.0020	0.0062	0.0000	0.0000	0.0000	0.0000	0.0000	0.0000	0.0000	0.0000	0.0000	2.6668	1.3750	4.2477	0.8120	0.8348	0.1253	4.0434	2.9896	4.3769	
40	43	0.0546	8	1	0	1	1	0	0	0	0	N	N	N	N	N	N	N	N	N	N	N	N	0.0000	0.0000	0.0000	0.0000	0.0000	0.0000	0.0000	0.0000	0.0000	0.0000	0.0000	0.0000	0.0000	0.0000	0.0000	0.0000	0.0000	0.0000	0.0000	0.0000	3.4690	1.9995	3.7419	12.0029	0.0000	0.0000	0.0000	0.0000	0.0000	0.0000	0.0000	0.0000	0.0000	0.0000	0.0000	0.0000	0.0000	0.0000	0.0000	0.0000	0.0000	0.0000	0.0351	0.0299	0.0053	0.0030	0.0028	0.0001	0.0322	0.0270	0.0051	0.0711	0.0392	0.0319	0.0169	0.0152	0.0017	0.0542	0.0240	0.0302	0.0000	0.0000	0.0000	0.0000	0.0000	0.0000	0.0000	0.0000	0.0000	0.0000	0.0000	0.0000	0.0000	0.0000	0.0000	0.0000	0.0000	0.0000											
40	44	0.0214	7	1	1	0	1	0	0	0	0	N	N	N	N	N	N	N	N	N	N	N	N	0.0027	0.0243	0.0029	0.0946	0.0934	0.0009	0.0000	0.0029	0.0002	0.0001	0.0004	0.0015	0.0015	0.0000	0.0001	0.0000	0.0004	0.0655	0.0058	0.1362	0.0155	0.0166	0.0000	0.0753	0.0015	0.1394	0.5000	20.0241	-0.0000	0.0038	3.4690	10.0000	3.7419	26.8440	0.0000	0.0000	0.0000	0.0000	0.0000	0.0000	0.0000	0.0000	0.0000	0.0112	0.0005	0.0107	0.0004	0.0004	0.0000	0.0108	0.0001	0.0107	0.1685	0.1429	0.0256	0.0136	0.0129	0.0007	0.1549	0.1300	0.0249	0.1716	0.0930	0.0786	0.0280	0.0262	0.0018	0.1436	0.0667	0.0768	0.0027	0.0243	0.0029	0.0946	0.0934	0.0000	0.0009	0.0000	0.0029	0.0655	0.0058	0.1362	0.0155	0.0166	0.0000	0.0753	0.0015	0.1394	
40	45	0.0720	12	0	1	0	1	0	0	0	0	N	N	N	N	N	N	N	N	N	N	N	N	0.0016	0.0000	0.0130	0.0000	0.0000	0.0000	0.0033	0.0000	0.0124	0.0002	0.0000	0.0013	0.0000	0.0000	0.0000	0.0002	0.0000	0.0013	0.1186	0.1361	0.0962	0.2375	0.2640	0.0010	0.0630	0.0030	0.1037	inf	0.5514	0.0000	-0.0015	3.4690	3.0000	3.7419	5.0456	0.0000	0.0000	0.0000	0.0000	0.0000	0.0000	0.0000	0.0000	0.0000	0.0058	0.0037	0.0021	0.0037	0.0037	0.0000	0.0021	0.0000	0.0021	0.0527	0.0447	0.0080	0.0046	0.0044	0.0002	0.0481	0.0404	0.0078	0.0489	0.0275	0.0214	0.0156	0.0140	0.0016	0.0333	0.0135	0.0199	0.0016	0.0000	0.0130	0.0000	0.0000	0.0000	0.0033	0.0000	0.0124	0.1186	0.1361	0.0962	0.2375	0.2640	0.0010	0.0630	0.0030	0.1037
40	46	0.0678	11	0	1	0	1	0	0	0	0	N	N	N	N	N	N	N	N	N	N	N	N	0.0000	0.0000	0.0000	0.0000	0.0000	0.0000	0.0000	0.0000	0.0000	0.0000	0.0000	0.0000	0.0000	0.0000	0.0000	0.0000	0.0000	0.0000	8.1459	7.0133	9.6056	13.0023	14.7865	0.0001	6.0353	0.0333	10.4826	1.0628	0.0000	-0.0139	3.4690	2.0000	3.7419	1.0030	0.0000	0.0000	0.0000	0.0000	0.0000	0.0000	0.0000	0.0000	0.0000	0.1397	0.0677	0.0720	0.0675	0.0675	0.0000	0.0721	0.0002	0.0720	0.0346	0.0294	0.0052	0.0026	0.0025	0.0001	0.0320	0.0269	0.0051	0.0171	0.0097	0.0075	0.0052	0.0046	0.0006	0.0120	0.0051	0.0069	0.0000	0.0000	0.0000	0.0000	0.0000	0.0000	0.0000	0.0000	0.0000	8.1459	7.0133	9.6056	13.0023	14.7865	0.0001	6.0353	0.0333	10.4826	
40	47	0.0678	10	0	1	0	1	0	0	0	0	N	N	N	N	N	N	N	N	N	N	N	N	0.0000	0.0000	0.0000	0.0000	0.0000	0.0000	0.0000	0.0000	0.0000	0.0000	0.0000	0.0000	0.0000	0.0000	0.0000	0.0000	0.0000	0.0000	0.6057	0.5344	0.6996	0.6408	0.6507	0.0054	0.5743	0.0089	0.7115	0.9940	0.0000	-0.0002	3.4690	0.0000	3.7419	0.0582	0.0000	0.0000	0.0000	0.0000	0.0000	0.0000	0.0000	0.0000	0.0000	0.0013	0.0006	0.0006	0.0006	0.0006	0.0000	0.0006	0.0000	0.0006	0.0000	0.0000	0.0000	0.0000	0.0000	0.0000	0.0000	0.0000	0.0000	0.0021	0.0012	0.0009	0.0010	0.0010	0.0000	0.0011	0.0002	0.0009	0.0000	0.0000	0.0000	0.0000	0.0000	0.0000	0.0000	0.0000	0.0000	0.6057	0.5344	0.6996	0.6408	0.6507	0.0054	0.5743	0.0089	0.7115	
40	48	0.0640	9	0	1	0	1	0	0	0	0	N	N	N	N	N	N	N	N	N	N	N	N	0.3114	0.3850	0.0000	0.1793	0.1885	0.0000	0.5003	1.5223	0.0000	0.0139	0.0155	0.0000	0.0122	0.0127	0.0000	0.0160	0.0192	0.0000	0.0447	0.0401	0.0531	0.0682	0.0675	0.0756	0.0319	0.0126	0.0510	0.0007	0.7272	-0.0000	-0.0003	3.4690	0.0018	3.7419	3.9096	0.0000	0.0000	0.0000	0.0000	0.0000	0.0000	0.0000	0.0000	0.0000	0.0013	0.0008	0.0006	0.0007	0.0006	0.0001	0.0006	0.0001	0.0005	0.0001	0.0001	0.0000	0.0000	0.0000	0.0000	0.0000	0.0000	0.0000	0.0294	0.0190	0.0104	0.0104	0.0095	0.0009	0.0190	0.0095	0.0095	0.3114	0.3850	0.0000	0.1793	0.1885	0.0000	0.5003	1.5223	0.0000	0.0447	0.0401	0.0531	0.0682	0.0675	0.0756	0.0319	0.0126	0.0510
40	49	0.0546	8	0	1	0	1	0	0	0	0	N	N	N	N	N	N	N	N	N	N	N	N	1.9212	5.4278	0.0080	0.0000	0.0000	0.0000	1.9581	21.6388	0.0078	0.0208	0.0244	0.0001	0.0000	0.0000	0.0000	0.0227	0.0269	0.0002	0.0108	0.0045	0.0187	0.0085	0.0091	0.0026	0.0116	0.0012	0.0195	0.0011	3.3354	-0.0004	0.0001	3.4690	2.0031	3.7419	6.0601	0.0007	0.0007	0.0000	0.0000	0.0000	0.0000	0.0007	0.0007	0.0000	0.0005	0.0001	0.0004	0.0001	0.0001	0.0000	0.0004	0.0000	0.0004	0.0352	0.0299	0.0053	0.0030	0.0028	0.0001	0.0322	0.0271	0.0051	0.0440	0.0244	0.0196	0.0111	0.0101	0.0010	0.0329	0.0143	0.0186	1.9212	5.4278	0.0080	0.0000	0.0000	0.0000	1.9581	21.6388	0.0078	0.0108	0.0045	0.0187	0.0085	0.0091	0.0026	0.0116	0.0012	0.0195
40	50	0.0133	2	0	0	1	1	0	0	0	0	N	N	N	N	N	N	N	N	N	N	N	N	8288.4958	9069.9514	6363.6137	1626.7297	1616.5333	inf	16420.5141	inf	7222.7395	0.4126	0.4469	0.3206	0.4070	0.4476	0.2807	0.4220	0.4456	0.3723	0.0000	0.0000	0.0001	0.0003	0.0003	0.0000	0.0000	0.0000	0.0001	0.2678	0.8553	-0.0000	-0.0000	3.4690	0.0004	3.7419	0.9852	0.0001	0.0000	0.0000	0.0000	0.0000	0.0000	0.0000	0.0000	0.0000	0.0000	0.0000	0.0000	0.0000	0.0000	0.0000	0.0000	0.0000	0.0000	0.0001	0.0001	0.0000	0.0001	0.0001	0.0000	0.0001	0.0000	0.0000	0.0052	0.0028	0.0024	0.0006	0.0005	0.0001	0.0047	0.0023	0.0023	8288.4958	9069.9514	6363.6137	1626.7297	1616.5333	inf	16420.5141	inf	7222.7395	0.0000	0.0000	0.0001	0.0003	0.0003	0.0000	0.0000	0.0000	0.0001
40	56	0.0546	8	1	1	0	1	0	0	0	0	N	N	N	N	N	N	N	N	N	N	N	N	0.0000	0.0000	0.0000	0.0000	0.0000	0.0000	0.0000	0.0000	0.0000	0.0000	0.0000	0.0000	0.0000	0.0000	0.0000	0.0000	0.0000	0.0000	0.0000	0.0000	3.4690	0.0000	3.7419	10.9971	0.0000	0.0000	0.0000	0.0000	0.0000	0.0000	0.0000	0.0000	0.0000	0.0000	0.0000	0.0000	0.0000	0.0000	0.0000	0.0000	0.0000	0.0000	0.0000	0.0000	0.0000	0.0000	0.0000	0.0000	0.0000	0.0000	0.0000	0.0575	0.0318	0.0257	0.0140	0.0127	0.0013	0.0435	0.0191	0.0244	0.0000	0.0000	0.0000	0.0000	0.0000	0.0000	0.0000	0.0000	0.0000	0.0000	0.0000	0.0000	0.0000	0.0000	0.0000	0.0000	0.0000	0.0000											
40	57	0.1098	11	0	0	0	1	0	0	0	0	N	N	N	N	N	N	N	N	N	N	N	N	0.0069	0.0079	0.0079	0.0189	0.0172	0.4184	0.0015	0.0000	0.0061	0.0006	0.0006	0.0010	0.0019	0.0018	0.0024	0.0001	0.0000	0.0009	0.0935	0.0753	0.1290	0.0978	0.1064	0.0058	0.0901	0.0273	0.1444	0.2405	0.8738	-0.0001	-0.0037	3.4690	7.8198	3.7419	21.5823	0.0001	0.0001	0.0000	0.0001	0.0001	0.0000	0.0000	0.0000	0.0000	0.0251	0.0134	0.0117	0.0115	0.0115	0.0001	0.0135	0.0019	0.0116	0.2190	0.1922	0.0269	0.0648	0.0623	0.0025	0.1543	0.1299	0.0244	0.2685	0.1778	0.0907	0.1181	0.1080	0.0101	0.1504	0.0698	0.0806	0.0069	0.0079	0.0079	0.0189	0.0172	0.4184	0.0015	0.0000	0.0061	0.0935	0.0753	0.1290	0.0978	0.1064	0.0058	0.0901	0.0273	0.1444
40	58	0.0903	12	1	1	1	1	0	0	0	0	N	N	N	N	N	N	N	N	N	N	N	N	0.0036	0.0016	0.0187	0.0367	0.0346	0.0000	0.0017	0.0000	0.0180	0.0000	0.0000	0.0000	0.0000	0.0000	0.0000	0.0000	0.0000	0.0000	0.0005	0.0006	0.0003	0.0003	0.0003	0.0000	0.0006	0.0009	0.0003	1.0000	0.3687	-0.0000	-0.0000	3.4690	2.0055	3.7419	11.8091	0.0000	0.0000	0.0000	0.0000	0.0000	0.0000	0.0000	0.0000	0.0000	0.0000	0.0000	0.0000	0.0000	0.0000	0.0000	0.0000	0.0000	0.0000	0.0350	0.0297	0.0053	0.0032	0.0030	0.0002	0.0318	0.0267	0.0051	0.0680	0.0390	0.0290	0.0189	0.0168	0.0021	0.0491	0.0222	0.0269	0.0036	0.0016	0.0187	0.0367	0.0346	0.0000	0.0017	0.0000	0.0180	0.0005	0.0006	0.0003	0.0003	0.0003	0.0000	0.0006	0.0009	0.0003
40	59	0.0849	11	1	0	1	1	0	0	0	0	N	N	N	N	N	N	N	N	N	N	N	N	1.0622	1.1557	0.0210	0.2885	0.2864	0.0229	1.5957	2.7574	0.0207	0.0013	0.0015	0.0000	0.0005	0.0006	0.0000	0.0013	0.0016	0.0000	0.0012	0.0013	0.0010	0.0019	0.0020	0.0008	0.0008	0.0006	0.0011	0.0026	0.5108	-0.0000	-0.0000	3.4690	1.9951	3.7419	2.5667	0.0000	0.0000	0.0000	0.0000	0.0000	0.0000	0.0000	0.0000	0.0000	0.0000	0.0000	0.0000	0.0000	0.0000	0.0000	0.0000	0.0000	0.0000	0.0347	0.0295	0.0052	0.0030	0.0029	0.0002	0.0317	0.0266	0.0051	0.0282	0.0173	0.0109	0.0093	0.0085	0.0009	0.0189	0.0088	0.0101	1.0622	1.1557	0.0210	0.2885	0.2864	0.0229	1.5957	2.7574	0.0207	0.0012	0.0013	0.0010	0.0019	0.0020	0.0008	0.0008	0.0006	0.0011
40	60	0.0781	10	1	0	1	1	0	0	0	0	N	N	N	N	N	N	N	N	N	N	N	N	7.8115	0.0114	818.2783	0.0844	0.0771	0.0000	7.8160	0.0000	740.5277	0.3028	0.0006	1.8234	0.0015	0.0016	0.0000	0.4438	0.0000	1.8459	0.0388	0.0518	0.0022	0.0183	0.0201	0.0010	0.0568	0.0941	0.0025	615.2717	0.0153	0.0000	-0.0007	3.4690	0.0108	3.7419	3.6229	0.0001	0.0000	0.0001	0.0000	0.0000	0.0000	0.0001	0.0000	0.0001	0.0012	0.0012	0.0000	0.0003	0.0003	0.0000	0.0009	0.0009	0.0000	0.0003	0.0002	0.0000	0.0001	0.0001	0.0000	0.0002	0.0002	0.0000	0.0312	0.0230	0.0082	0.0146	0.0132	0.0014	0.0166	0.0099	0.0068	7.8115	0.0114	818.2783	0.0844	0.0771	0.0000	7.8160	0.0000	740.5277	0.0388	0.0518	0.0022	0.0183	0.0201	0.0010	0.0568	0.0941	0.0025
40	61	0.0301	9	0	1	0	1	0	0	0	0	N	N	N	N	N	N	N	N	N	N	N	N	0.0000	0.0000	0.0000	0.0000	0.0000	0.0000	0.0000	0.0000	0.0000	0.0000	0.0000	0.0000	0.0000	0.0000	0.0000	0.0000	0.0000	0.0000	0.0099	0.0089	0.0115	0.0170	0.0176	0.0029	0.0069	0.0012	0.0118	0.8120	0.0000	-0.0001	3.4690	4.0917	3.7419	8.0988	0.0000	0.0000	0.0000	0.0000	0.0000	0.0000	0.0000	0.0000	0.0000	0.0009	0.0005	0.0004	0.0005	0.0005	0.0000	0.0004	0.0000	0.0004	0.0792	0.0679	0.0113	0.0103	0.0100	0.0003	0.0689	0.0579	0.0110	0.0886	0.0544	0.0342	0.0266	0.0255	0.0010	0.0620	0.0289	0.0331	0.0000	0.0000	0.0000	0.0000	0.0000	0.0000	0.0000	0.0000	0.0000	0.0099	0.0089	0.0115	0.0170	0.0176	0.0029	0.0069	0.0012	0.0118	
40	62	0.0264	8	0	1	0	1	0	0	0	0	N	N	N	N	N	N	N	N	N	N	N	N	0.0046	0.0130	0.0066	0.0669	0.0665	0.0000	0.0029	0.0076	0.0066	0.0003	0.0002	0.0008	0.0010	0.0010	0.0000	0.0002	0.0001	0.0008	0.0617	0.0150	0.1181	0.0147	0.0156	0.0015	0.0759	0.0146	0.1220	0.7194	6.5116	-0.0000	0.0007	3.4690	2.1165	3.7419	5.0852	0.0000	0.0000	0.0000	0.0000	0.0000	0.0000	0.0000	0.0000	0.0000	0.0027	0.0004	0.0024	0.0002	0.0001	0.0000	0.0026	0.0002	0.0024	0.0368	0.0312	0.0056	0.0030	0.0028	0.0002	0.0339	0.0284	0.0055	0.0439	0.0240	0.0199	0.0102	0.0096	0.0006	0.0337	0.0145	0.0193	0.0046	0.0130	0.0066	0.0669	0.0665	0.0000	0.0029	0.0076	0.0066	0.0617	0.0150	0.1181	0.0147	0.0156	0.0015	0.0759	0.0146	0.1220
40	63	0.0781	10	1	0	1	1	0	0	0	0	N	N	N	N	N	N	N	N	N	N	N	N	0.0408	0.0006	0.1216	0.0005	0.0045	0.0000	0.0768	0.0000	0.2830	0.0014	0.0000	0.0099	0.0000	0.0000	0.0000	0.0015	0.0000	0.0101	0.0333	0.0040	0.0812	0.0600	0.0075	0.4676	0.0190	0.0005	0.0358	615.2608	12.5689	0.0000	0.0008	3.4690	3.9990	3.7419	8.8702	0.0001	0.0000	0.0001	0.0000	0.0000	0.0000	0.0001	0.0000	0.0001	0.0025	0.0002	0.0024	0.0016	0.0002	0.0014	0.0009	0.0000	0.0009	0.0662	0.0571	0.0091	0.0046	0.0043	0.0002	0.0617	0.0528	0.0089	0.0763	0.0473	0.0291	0.0267	0.0237	0.0030	0.0496	0.0236	0.0260	0.0408	0.0006	0.1216	0.0005	0.0045	0.0000	0.0768	0.0000	0.2830	0.0333	0.0040	0.0812	0.0600	0.0075	0.4676	0.0190	0.0005	0.0358
40	64	0.0580	9	1	0	1	1	0	0	0	0	N	N	N	N	N	N	N	N	N	N	N	N	535.0184	0.0356	8943.4591	3.4477	2.7813	32.7444	436.9462	0.0000	8844.4816	13.8122	0.0013	94.5386	0.0139	0.0116	0.0653	15.3393	0.0000	97.3566	0.0258	0.0364	0.0106	0.0040	0.0042	0.0020	0.0351	0.0655	0.0110	12466.8250	0.2022	0.4508	-0.0008	3.4690	3.9972	3.7419	6.8232	0.9980	0.0001	0.9979	0.0001	0.0001	0.0000	0.9979	0.0000	0.9979	0.0018	0.0015	0.0003	0.0001	0.0001	0.0000	0.0017	0.0014	0.0003	0.0723	0.0617	0.0106	0.0072	0.0069	0.0003	0.0651	0.0548	0.0102	0.0706	0.0416	0.0290	0.0211	0.0197	0.0014	0.0495	0.0219	0.0276	535.0184	0.0356	8943.4591	3.4477	2.7813	32.7444	436.9462	0.0000	8844.4816	0.0258	0.0364	0.0106	0.0040	0.0042	0.0020	0.0351	0.0655	0.0110
40	65	0.0340	9	0	1	0	1	0	0	0	0	N	N	N	N	N	N	N	N	N	N	N	N	0.0015	0.0018	0.0012	0.0067	0.0057	4.4561	0.0000	0.0001	0.0000	0.0007	0.0007	0.0007	0.0064	0.0058	0.0149	0.0000	0.0000	0.0000	0.4943	0.4081	0.6254	0.9519	1.0128	0.0034	0.3351	0.0018	0.6508	0.1798	1.0068	-0.0001	-0.0156	3.4690	15.6632	3.7419	35.0639	0.0002	0.0002	0.0000	0.0002	0.0002	0.0000	0.0000	0.0000	0.0000	0.1384	0.0690	0.0694	0.0688	0.0688	0.0000	0.0696	0.0002	0.0694	0.2684	0.2284	0.0400	0.0305	0.0286	0.0020	0.2378	0.1998	0.0380	0.2800	0.1690	0.1110	0.0723	0.0679	0.0044	0.2077	0.1011	0.1067	0.0015	0.0018	0.0012	0.0067	0.0057	4.4561	0.0000	0.0001	0.0000	0.4943	0.4081	0.6254	0.9519	1.0128	0.0034	0.3351	0.0018	0.6508
40	66	0.0340	9	0	0	1	1	0	0	0	0	N	N	N	N	N	N	N	N	N	N	N	N	1279.9691	6737.2546	0.0000	1.6838	1.7577	0.0000	1139.7736	22827.4477	0.0000	9.8253	11.5116	0.0000	0.0044	0.0048	0.0000	11.9590	14.2628	0.0000	0.0077	0.0017	0.0195	0.0026	0.0027	0.0000	0.0105	0.0006	0.0203	0.0000	5.7581	-0.5207	0.0003	3.4690	4.9998	3.7419	10.1184	0.9499	0.9499	0.0000	0.0001	0.0001	0.0000	0.9498	0.9498	0.0000	0.0011	0.0002	0.0010	0.0001	0.0001	0.0000	0.0010	0.0000	0.0010	0.0967	0.0825	0.0142	0.0173	0.0159	0.0013	0.0794	0.0666	0.0128	0.1497	0.0995	0.0502	0.0535	0.0515	0.0020	0.0961	0.0479	0.0482	1279.9691	6737.2546	0.0000	1.6838	1.7577	0.0000	1139.7736	22827.4477	0.0000	0.0077	0.0017	0.0195	0.0026	0.0027	0.0000	0.0105	0.0006	0.0203
40	67	0.0232	7	0	1	0	1	0	0	0	0	N	N	N	N	N	N	N	N	N	N	N	N	0.0524	1.3772	0.0001	6.3311	13.7818	0.0000	0.0029	0.0901	0.0001	0.0026	0.0031	0.0000	0.0260	0.0280	0.0000	0.0002	0.0002	0.0000	0.0506	0.0022	0.1174	0.0041	0.0020	0.0424	0.0616	0.0023	0.1192	0.0005	37.7951	-0.0003	0.0028	3.4690	10.9928	3.7419	18.5513	0.0005	0.0005	0.0000	0.0005	0.0005	0.0000	0.0000	0.0000	0.0000	0.0079	0.0002	0.0077	0.0001	0.0001	0.0001	0.0077	0.0001	0.0076	0.1850	0.1583	0.0268	0.0177	0.0164	0.0012	0.1673	0.1418	0.0255	0.1554	0.0902	0.0653	0.0297	0.0282	0.0015	0.1257	0.0620	0.0637	0.0524	1.3772	0.0001	6.3311	13.7818	0.0000	0.0029	0.0901	0.0001	0.0506	0.0022	0.1174	0.0041	0.0020	0.0424	0.0616	0.0023	0.1192
40	68	0.0232	6	0	0	0	1	0	0	0	0	N	N	N	N	N	N	N	N	N	N	N	N	0.4216	0.3381	1.2507	0.5154	0.5218	0.0028	0.3715	0.1722	1.2988	0.2088	0.1160	1.1354	0.2976	0.3006	0.0023	0.1608	0.0019	1.1801	0.4953	0.3431	0.9078	0.5774	0.5760	0.8202	0.4328	0.0108	0.9086	0.9802	0.9760	-0.0000	-0.0018	3.4690	0.0861	3.7419	1.0715	0.0008	0.0004	0.0004	0.0004	0.0004	0.0000	0.0004	0.0000	0.0004	0.0147	0.0075	0.0073	0.0074	0.0074	0.0001	0.0073	0.0001	0.0072	0.0040	0.0037	0.0004	0.0014	0.0014	0.0000	0.0026	0.0023	0.0004	0.0297	0.0217	0.0080	0.0129	0.0128	0.0001	0.0169	0.0090	0.0079	0.4216	0.3381	1.2507	0.5154	0.5218	0.0028	0.3715	0.1722	1.2988	0.4953	0.3431	0.9078	0.5774	0.5760	0.8202	0.4328	0.0108	0.9086
40	69	0.0876	10	1	0	1	1	0	0	0	0	N	N	N	N	N	N	N	N	N	N	N	N	0.0000	0.0000	0.0000	0.0000	0.0000	0.0000	0.0000	0.0000	0.0000	0.0000	0.0000	0.0000	0.0000	0.0000	0.0000	0.0000	0.0026	0.0004	0.0055	0.0008	0.0010	0.0000	0.0032	0.0000	0.0059	10.5467	0.0000	0.0000	3.4690	1.0000	3.7419	3.0001	0.0000	0.0000	0.0000	0.0000	0.0000	0.0000	0.0000	0.0000	0.0000	0.0000	0.0000	0.0000	0.0000	0.0000	0.0000	0.0000	0.0000	0.0000	0.0201	0.0174	0.0027	0.0050	0.0048	0.0002	0.0151	0.0125	0.0025	0.0188	0.0107	0.0081	0.0050	0.0044	0.0006	0.0138	0.0063	0.0075	0.0000	0.0000	0.0000	0.0000	0.0000	0.0000	0.0000	0.0000	0.0000	0.0026	0.0004	0.0055	0.0008	0.0010	0.0000	0.0032	0.0000	0.0059			
40	70	0.0876	9	1	0	1	1	0	0	0	0	N	N	N	N	N	N	N	N	N	N	N	N	0.0000	0.0000	0.0000	0.0000	0.0000	0.0000	0.0000	0.0000	0.0000	0.0000	0.0000	0.0000	0.0000	0.0000	0.0000	0.0000	0.0000	0.5714	0.5321	0.6171	0.6107	0.6161	0.0000	0.5369	0.0007	0.6227	0.9996	0.0000	-0.0000	3.4690	0.0000	3.7419	0.0009	0.0000	0.0000	0.0000	0.0000	0.0000	0.0000	0.0000	0.0000	0.0000	0.0000	0.0000	0.0000	0.0000	0.0000	0.0000	0.0000	0.0000	0.0000	0.0000	0.0000	0.0000	0.0000	0.0000	0.0000	0.0000	0.0000	0.0000	0.0000	0.0000	0.0000	0.0000	0.0000	0.0000	0.0000	0.0000	0.0000	0.0000	0.0000	0.0000	0.0000	0.0000	0.0000	0.0000	0.0000	0.0000	0.5714	0.5321	0.6171	0.6107	0.6161	0.0000	0.5369	0.0007	0.6227		
40	71	0.0546	8	1	0	1	1	0	0	0	0	N	N	N	N	N	N	N	N	N	N	N	N	2.9102	3.8459	0.0022	9.5678	8.9831	inf	2.0648	1019.1751	0.0009	3.7796	4.4430	0.0032	26.5842	27.9466	0.0677	1.7770	2.1108	0.0014	1.2987	1.1553	1.4742	2.7785	3.1110	0.0000	0.8606	0.0021	1.5587	0.0001	1.0438	-0.3493	-0.0148	3.4690	9.9966	3.7419	12.9129	0.6373	0.6372	0.0001	0.3619	0.3618	0.0000	0.2754	0.2754	0.0000	0.1427	0.0698	0.0729	0.0698	0.0698	0.0000	0.0730	0.0001	0.0729	0.1686	0.1434	0.0252	0.0136	0.0129	0.0007	0.1550	0.1305	0.0245	0.1099	0.0605	0.0495	0.0251	0.0224	0.0027	0.0848	0.0380	0.0468	2.9102	3.8459	0.0022	9.5678	8.9831	inf	2.0648	1019.1751	0.0009	1.2987	1.1553	1.4742	2.7785	3.1110	0.0000	0.8606	0.0021	1.5587
40	72	0.0214	7	0	1	0	2	0	0	0	0	N	N	N	Y	N	N	N	N	N	N	N	N	0.0022	0.0017	0.0060	0.0000	0.0000	0.0000	0.0026	0.0083	0.0060	0.0001	0.0001	0.0006	0.0000	0.0000	0.0000	0.0002	0.0001	0.0006	0.0643	0.0328	0.1014	0.0949	0.1019	0.0009	0.0586	0.0072	0.1038	2.0000	2.6204	0.0000	0.0016	3.4690	13.0000	3.7419	39.1663	0.0000	0.0000	0.0000	0.0000	0.0000	0.0000	0.0000	0.0000	0.0000	0.0147	0.0041	0.0107	0.0034	0.0034	0.0000	0.0113	0.0006	0.0107	0.2166	0.1838	0.0328	0.0176	0.0167	0.0009	0.1990	0.1671	0.0319	0.2290	0.1239	0.1051	0.0360	0.0335	0.0025	0.1930	0.0904	0.1026	0.0022	0.0017	0.0060	0.0000	0.0000	0.0000	0.0026	0.0083	0.0060	0.0643	0.0328	0.1014	0.0949	0.1019	0.0009	0.0586	0.0072	0.1038
40	73	0.0189	6	0	1	0	1	0	0	0	0	N	N	N	N	N	N	N	N	N	N	N	N	0.0000	0.0000	0.0000	0.0000	0.0000	0.0000	0.0000	0.0000	0.0000	0.0000	0.0000	0.0000	0.0000	0.0000	0.0000	0.0000	0.0000	0.0000	1.2412	0.0320	3.0394	0.0238	0.0247	0.0042	1.5712	0.0357	3.1080	63.9479	0.0000	0.0568	3.4690	3.0003	3.7419	18.1082	0.0000	0.0000	0.0000	0.0000	0.0000	0.0000	0.0000	0.0000	0.0000	0.1536	0.0024	0.1512	0.0006	0.0006	0.0000	0.1530	0.0017	0.1512	0.0522	0.0441	0.0080	0.0043	0.0041	0.0002	0.0479	0.0400	0.0078	0.1237	0.0740	0.0498	0.0264	0.0253	0.0011	0.0974	0.0487	0.0487	0.0000	0.0000	0.0000	0.0000	0.0000	0.0000	0.0000	0.0000	0.0000	1.2412	0.0320	3.0394	0.0238	0.0247	0.0042	1.5712	0.0357	3.1080	
40	74	0.0580	9	0	1	0	1	0	0	0	0	N	N	N	N	N	N	N	N	N	N	N	N	5.8306	4.2527	4.7105	18.3197	17.4957	0.0000	1.1691	0.0000	4.6201	0.0079	0.0090	0.0017	0.0838	0.0877	0.0000	0.0003	0.0000	0.0017	0.0014	0.0021	0.0004	0.0046	0.0050	0.0000	0.0002	0.0001	0.0004	0.0321	0.1268	-0.0005	-0.0001	3.4690	7.0046	3.7419	18.1036	0.0010	0.0009	0.0000	0.0009	0.0009	0.0000	0.0000	0.0000	0.0000	0.0002	0.0002	0.0000	0.0002	0.0002	0.0000	0.0000	0.0000	0.0000	0.1226	0.1045	0.0181	0.0112	0.0107	0.0005	0.1114	0.0938	0.0176	0.1323	0.0754	0.0569	0.0343	0.0312	0.0030	0.0981	0.0441	0.0539	5.8306	4.2527	4.7105	18.3197	17.4957	0.0000	1.1691	0.0000	4.6201	0.0014	0.0021	0.0004	0.0046	0.0050	0.0000	0.0002	0.0001	0.0004
40	75	0.0546	8	0	0	0	1	0	0	0	0	N	N	N	N	N	N	N	N	N	N	N	N	166.5310	194.2268	72.4250	4.3624	4.1967	3.2053	161.2041	170.4664	71.1191	3.9879	4.3325	1.8870	0.0587	0.0605	0.0006	4.5420	5.0250	1.9386	0.0239	0.0223	0.0261	0.0135	0.0144	0.0002	0.0282	0.0295	0.0273	0.0714	0.9093	-0.0090	-0.0001	3.4690	0.2435	3.7419	3.2922	0.0187	0.0175	0.0012	0.0000	0.0000	0.0000	0.0187	0.0174	0.0012	0.0005	0.0003	0.0003	0.0001	0.0001	0.0000	0.0005	0.0002	0.0003	0.0047	0.0040	0.0007	0.0006	0.0006	0.0000	0.0041	0.0035	0.0006	0.0227	0.0128	0.0099	0.0065	0.0061	0.0004	0.0162	0.0067	0.0095	166.5310	194.2268	72.4250	4.3624	4.1967	3.2053	161.2041	170.4664	71.1191	0.0239	0.0223	0.0261	0.0135	0.0144	0.0002	0.0282	0.0295	0.0273
40	76	0.0214	7	0	0	0	1	0	0	0	0	N	N	N	N	N	N	N	N	N	N	N	N	99.5201	0.6082	319.7412	2.1579	2.1396	95.8078	0.0001	321.4061	7.9659	0.0061	52.2219	0.0640	0.0675	0.0000	8.6584	0.0000	53.6867	0.0800	0.0100	0.1633	0.0297	0.0316	0.0000	0.0904	0.0010	0.1670	1542.8550	13.7208	0.4291	0.0034	3.4690	7.0044	3.7419	20.1113	0.9510	0.0006	0.9504	0.0006	0.0006	0.0000	0.9504	0.0000	0.9504	0.0106	0.0007	0.0099	0.0007	0.0007	0.0000	0.0099	0.0001	0.0099	0.1194	0.1012	0.0182	0.0096	0.0091	0.0005	0.1098	0.0921	0.0177	0.1323	0.0719	0.0605	0.0225	0.0212	0.0013	0.1098	0.0507	0.0591	99.5201	0.6082	319.7412	2.1579	2.1396	0.0000	95.8078	0.0001	321.4061	0.0800	0.0100	0.1633	0.0297	0.0316	0.0000	0.0904	0.0010	0.1670	
40	77	0.0236	7	0	1	0	1	0	0	0	0	N	N	N	N	N	N	N	N	N	N	N	N	390.7552	0.0400	38925.2212	26.3429	26.0105	0.0658	323.7824	0.0000	38337.9601	4.2310	0.0007	28.0830	0.0098	0.0101	0.0000	4.5110	0.0000	28.4226	0.0108	0.0179	0.0007	0.0004	0.0004	0.0001	0.0139	0.0280	0.0007	6956.0500	0.0282	0.2833	-0.0009	3.4690	8.6571	3.7419	16.0761	0.6273	0.0001	0.6272	0.0001	0.0001	0.0000	0.6272	0.0000	0.6272	0.0015	0.0014	0.0000	0.0000	0.0000	0.0000	0.0015	0.0014	0.0000	0.1483	0.1259	0.0223	0.0092	0.0090	0.0003	0.1390	0.1170	0.0221	0.1368	0.0805	0.0563	0.0313	0.0296	0.0018	0.1055	0.0510	0.0545	390.7552	0.0400	38925.2212	26.3429	26.0105	0.0658	323.7824	0.0000	38337.9601	0.0108	0.0179	0.0007	0.0004	0.0004	0.0001	0.0139	0.0280	0.0007
40	78	0.0232	6	0	1	0	1	0	0	0	0	N	N	N	N	N	N	N	N	N	N	N	N	54345.1807	19.3520	1659179.1948	586.4301	613.7699	0.0000	45376.2903	0.0000	1756889.2178	36.6847	0.0172	300.5726	0.0727	0.0746	0.0000	46.2496	0.0000	314.1890	0.0007	0.0009	0.0002	0.0001	0.0001	0.0003	0.0010	0.0018	0.0002	2435.0571	0.0874	0.1456	-0.0000	3.4690	0.3645	3.7419	1.9845	0.3226	0.0001	0.3225	0.0001	0.0001	0.0000	0.3225	0.0000	0.3225	0.0000	0.0000	0.0000	0.0000	0.0000	0.0000	0.0000	0.0000	0.0000	0.0088	0.0077	0.0011	0.0018	0.0018	0.0000	0.0070	0.0059	0.0010	0.0355	0.0249	0.0106	0.0136	0.0135	0.0001	0.0218	0.0114	0.0105	54345.1807	19.3520	1659179.1948	586.4301	613.7699	0.0000	45376.2903	0.0000	1756889.2178	0.0007	0.0009	0.0002	0.0001	0.0001	0.0003	0.0010	0.0018	0.0002
40	79	0.0137	5	0	0	0	1	0	0	0	0	N	N	N	N	N	N	N	N	N	N	N	N	0.0066	0.0503	0.0144	0.3519	0.3579	0.0000	0.0048	0.0016	0.0147	0.0100	0.0031	0.0509	0.0202	0.0208	0.0000	0.0085	0.0001	0.0523	1.5027	0.0612	3.5269	0.0574	0.0581	0.0161	1.7655	0.0623	3.5504	2.7805	41.0378	0.0001	0.0532	3.4690	2.9108	3.7419	14.2456	0.0006	0.0001	0.0004	0.0001	0.0001	0.0000	0.0004	0.0000	0.0004	0.1473	0.0035	0.1438	0.0009	0.0009	0.0000	0.1464	0.0026	0.1438	0.0569	0.0487	0.0082	0.0072	0.0070	0.0002	0.0496	0.0417	0.0080	0.0980	0.0572	0.0408	0.0151	0.0148	0.0003	0.0829	0.0424	0.0405	0.0066	0.0503	0.0144	0.3519	0.3579	0.0000	0.0048	0.0016	0.0147	1.5027	0.0612	3.5269	0.0574	0.0581	0.0161	1.7655	0.0623	3.5504
40	82	0.0370	10	0	1	0	1	0	0	0	0	N	N	N	N	N	N	N	N	N	N	N	N	559.2729	0.5341	1832.7736	1.3564	1.7324	0.0043	584.6329	0.0001	2007.7567	6.5337	0.0018	43.3143	0.0106	0.0116	0.0001	7.6574	0.0000	47.3999	0.0117	0.0034	0.0236	0.0078	0.0067	0.0242	0.0131	0.0010	0.0236	4204.5468	4.7674	0.4288	0.0004	3.4690	7.9116	3.7419	21.1247	0.9496	0.0002	0.9493	0.0002	0.0002	0.0000	0.9493	0.0000	0.9493	0.0020	0.0003	0.0017	0.0004	0.0003	0.0001	0.0016	0.0001	0.0016	0.1453	0.1234	0.0219	0.0214	0.0195	0.0019	0.1240	0.1039	0.0200	0.1715	0.1014	0.0701	0.0458	0.0429	0.0029	0.1257	0.0585	0.0672	559.2729	0.5341	1832.7736	1.3564	1.7324	0.0043	584.6329	0.0001	2007.7567	0.0117	0.0034	0.0236	0.0078	0.0067	0.0242	0.0131	0.0010	0.0236
40	83	0.0550	11	1	1	0	1	0	0	0	0	N	N	N	N	N	N	N	N	N	N	N	N	0.0000	0.0000	0.0000	0.0000	0.0000	0.0000	0.0000	0.0000	0.0000	0.0000	0.0000	0.0000	0.0000	0.0000	0.0000	0.0000	0.0000	0.0000	0.0000	0.0000	3.4690	0.0000	3.7419	1.8333	0.0000	0.0000	0.0000	0.0000	0.0000	0.0000	0.0000	0.0000	0.0000	0.0000	0.0000	0.0000	0.0000	0.0000	0.0000	0.0000	0.0000	0.0000	0.0000	0.0000	0.0000	0.0000	0.0000	0.0000	0.0000	0.0000	0.0000	0.0146	0.0093	0.0053	0.0048	0.0046	0.0002	0.0099	0.0047	0.0051	0.0000	0.0000	0.0000	0.0000	0.0000	0.0000	0.0000	0.0000	0.0000	0.0000	0.0000	0.0000	0.0000	0.0000	0.0000	0.0000	0.0000	0.0000											
40	84	0.0370	10	1	1	0	1	0	0	0	0	N	N	N	N	N	N	N	N	N	N	N	N	139.5017	519.1950	3.8303	8.1478	8.4602	0.1670	139.1779	3032.8144	4.0435	1.2099	1.4127	0.0679	0.0403	0.0444	0.0000	1.4254	1.6860	0.0750	0.0087	0.0027	0.0177	0.0049	0.0052	0.0003	0.0102	0.0006	0.0185	0.0085	4.2802	-0.0846	0.0002	3.4690	6.9552	3.7419	13.1226	0.1568	0.1555	0.0013	0.0008	0.0008	0.0000	0.1560	0.1547	0.0013	0.0012	0.0002	0.0010	0.0002	0.0002	0.0000	0.0010	0.0000	0.0009	0.1296	0.1101	0.0195	0.0202	0.0183	0.0018	0.1095	0.0917	0.0177	0.1351	0.0816	0.0536	0.0400	0.0377	0.0024	0.0951	0.0439	0.0512	139.5017	519.1950	3.8303	8.1478	8.4602	0.1670	139.1779	3032.8144	4.0435	0.0087	0.0027	0.0177	0.0049	0.0052	0.0003	0.0102	0.0006	0.0185
40	85	0.0340	9	0	1	0	1	0	0	0	0	N	N	N	N	N	N	N	N	N	N	N	N	0.0839	0.0272	0.4124	0.1225	0.1279	0.0057	0.0835	0.0144	0.4729	0.0816	0.0249	0.4334	0.0256	0.0272	0.0003	0.1090	0.0236	0.5059	0.9726	0.9166	1.0510	0.2090	0.2129	0.0597	1.3048	1.6384	1.0698	2.8034	0.8186	0.0001	-0.0085	3.4690	0.3374	3.7419	6.1146	0.0007	0.0002	0.0005	0.0001	0.0001	0.0000	0.0006	0.0001	0.0005	0.0514	0.0282	0.0231	0.0033	0.0033	0.0000	0.0480	0.0249	0.0231	0.0089	0.0076	0.0012	0.0029	0.0027	0.0002	0.0059	0.0049	0.0011	0.0528	0.0308	0.0220	0.0160	0.0156	0.0004	0.0368	0.0152	0.0216	0.0839	0.0272	0.4124	0.1225	0.1279	0.0057	0.0835	0.0144	0.4729	0.9726	0.9166	1.0510	0.2090	0.2129	0.0597	1.3048	1.6384	1.0698
40	86	0.0340	9	0	1	0	1	0	0	0	0	N	N	N	N	N	N	N	N	N	N	N	N	0.0236	0.0106	0.4295	0.0288	0.0291	0.0035	0.2034	108.1805	0.4847	0.0007	0.0005	0.0017	0.0037	0.0039	0.0001	0.0004	0.0001	0.0017	0.0296	0.0497	0.0039	0.1298	0.1357	0.0172	0.0019	0.0000	0.0036	0.5635	0.0610	-0.0000	-0.0021	3.4690	11.0342	3.7419	12.7513	0.0001	0.0001	0.0000	0.0001	0.0001	0.0000	0.0001	0.0000	0.0000	0.0038	0.0036	0.0002	0.0036	0.0036	0.0000	0.0002	0.0000	0.0002	0.1878	0.1594	0.0284	0.0172	0.0163	0.0009	0.1706	0.1432	0.0275	0.1292	0.0726	0.0566	0.0280	0.0266	0.0014	0.1012	0.0460	0.0552	0.0236	0.0106	0.4295	0.0288	0.0291	0.0035	0.2034	108.1805	0.4847	0.0296	0.0497	0.0039	0.1298	0.1357	0.0172	0.0019	0.0000	0.0036
40	87	0.0264	8	0	1	0	1	0	0	0	0	N	N	N	N	N	N	N	N	N	N	N	N	0.2410	0.1004	1.3682	4.9664	4.9143	0.0000	0.1175	0.0002	1.3648	0.0158	0.0087	0.0553	0.0911	0.0960	0.0000	0.0092	0.0000	0.0568	0.0657	0.0869	0.0404	0.0183	0.0195	0.0011	0.0786	0.1255	0.0416	1.1448	0.3878	-0.0000	-0.0013	3.4690	3.9739	3.7419	6.2820	0.0011	0.0005	0.0006	0.0005	0.0005	0.0000	0.0006	0.0000	0.0006	0.0038	0.0028	0.0011	0.0002	0.0002	0.0000	0.0036	0.0025	0.0011	0.0686	0.0581	0.0105	0.0055	0.0053	0.0003	0.0631	0.0529	0.0102	0.0582	0.0317	0.0265	0.0124	0.0116	0.0008	0.0458	0.0202	0.0257	0.2410	0.1004	1.3682	4.9664	4.9143	0.0000	0.1175	0.0002	1.3648	0.0657	0.0869	0.0404	0.0183	0.0195	0.0011	0.0786	0.1255	0.0416
40	88	0.0214	7	0	1	0	1	0	0	0	0	N	N	N	N	N	N	N	N	N	N	N	N	5.7315	2.8633	23.0325	40.8477	41.6921	0.0000	3.1317	0.0000	23.2533	0.0324	0.0180	0.1117	0.1904	0.2008	0.0000	0.0187	0.0000	0.1148	0.0056	0.0063	0.0048	0.0047	0.0048	0.0000	0.0060	0.0073	0.0049	1.1295	0.6060	-0.0000	-0.0001	3.4690	0.0056	3.7419	5.7021	0.0000	0.0000	0.0000	0.0000	0.0000	0.0000	0.0000	0.0000	0.0000	0.0002	0.0001	0.0001	0.0000	0.0000	0.0000	0.0002	0.0001	0.0001	0.0001	0.0001	0.0000	0.0000	0.0000	0.0000	0.0001	0.0001	0.0000	0.0375	0.0210	0.0165	0.0090	0.0087	0.0003	0.0285	0.0123	0.0162	5.7315	2.8633	23.0325	40.8477	41.6921	0.0000	3.1317	0.0000	23.2533	0.0056	0.0063	0.0048	0.0047	0.0048	0.0000	0.0060	0.0073	0.0049
40	92	0.1098	11	0	0	0	1	0	0	0	0	N	N	N	N	N	N	N	N	N	N	N	N	0.0014	0.0082	0.0000	0.0218	0.0210	0.0062	0.0001	0.0069	0.0000	0.0004	0.0005	0.0000	0.0022	0.0023	0.0000	0.0001	0.0001	0.0000	0.3131	0.0627	0.7576	0.0989	0.1090	0.0053	0.4427	0.0100	0.8432	0.0014	6.8116	-0.0001	0.0285	3.4690	24.8682	3.7419	39.8855	0.0002	0.0002	0.0000	0.0002	0.0002	0.0000	0.0000	0.0000	0.0000	0.1107	0.0142	0.0965	0.0132	0.0131	0.0001	0.0975	0.0011	0.0965	0.4478	0.3869	0.0609	0.0816	0.0769	0.0047	0.3662	0.3100	0.0562	0.3536	0.2262	0.1274	0.1333	0.1203	0.0130	0.2203	0.1059	0.1144	0.0014	0.0082	0.0000	0.0218	0.0210	0.0062	0.0001	0.0069	0.0000	0.3131	0.0627	0.7576	0.0989	0.1090	0.0053	0.4427	0.0100	0.8432
41	43	0.0375	6	1	1	2	0	0	0	0	0	N	N	Y	N	N	N	N	N	N	N	N	N	0.0000	0.0000	0.0000	0.0000	0.0000	0.0000	0.0000	0.0000	0.0000	0.0000	0.0000	0.0000	0.0000	0.0001	0.0002	0.0000	0.0005	0.0006	0.0000	0.0000	0.0000	0.0000	0.0000	0.0000	-0.0000	0.9997	1.9995	10.1790	12.0029	0.0000	0.0000	0.0000	0.0000	0.0000	0.0000	0.0000	0.0000	0.0000	0.0000	0.0000	0.0000	0.0000	0.0000	0.0000	0.0000	0.0000	0.0000	0.0098	0.0082	0.0015	0.0001	0.0001	0.0000	0.0096	0.0081	0.0015	0.1379	0.0835	0.0545	0.0375	0.0344	0.0031	0.1005	0.0491	0.0514	0.0000	0.0000	0.0000	0.0000	0.0000	0.0000	0.0000	0.0000	0.0000	0.0001	0.0002	0.0000	0.0005	0.0006	0.0000	0.0000	0.0000	0.0000						
41	44	0.0707	7	1	2	1	0	0	0	0	0	N	Y	N	N	N	N	N	N	N	N	N	N	0.0000	0.0000	0.0000	0.0000	0.0000	0.0000	0.0000	0.0000	0.0000	0.0000	0.0000	0.0000	0.0000	0.0000	0.0000	0.0000	0.0000	0.0049	0.0078	0.0001	0.0171	0.0186	0.0012	0.0000	0.0000	0.0000	0.0064	0.0000	-0.0010	0.9997	10.0000	10.1790	26.8440	0.0000	0.0000	0.0000	0.0000	0.0000	0.0000	0.0000	0.0000	0.0000	0.0016	0.0016	0.0000	0.0016	0.0016	0.0000	0.0000	0.0000	0.0000	0.0465	0.0392	0.0073	0.0022	0.0021	0.0001	0.0443	0.0371	0.0072	0.3227	0.2009	0.1217	0.0926	0.0844	0.0082	0.2300	0.1165	0.1135	0.0000	0.0000	0.0000	0.0000	0.0000	0.0000	0.0000	0.0000	0.0000	0.0049	0.0078	0.0001	0.0171	0.0186	0.0012	0.0000	0.0000	0.0000		
41	45	0.0200	2	0	2	1	0	0	0	0	0	N	Y	N	N	N	N	N	N	N	N	N	N	0.0053	0.0039	0.0000	3.6555	3.5303	0.0000	0.0000	0.0000	0.0000	0.0006	0.0007	0.0000	2.1202	2.1209	0.0000	0.0000	0.0000	0.0000	0.1157	0.1891	0.0106	0.5800	0.6008	0.0001	0.0057	0.0006	0.0108	0.0000	0.0391	-0.0000	-0.0073	0.9997	3.0000	10.1790	5.0456	0.0000	0.0000	0.0000	0.0000	0.0000	0.0000	0.0000	0.0000	0.0000	0.0126	0.0121	0.0005	0.0121	0.0121	0.0000	0.0005	0.0000	0.0005	0.0164	0.0137	0.0026	0.0000	0.0000	0.0000	0.0163	0.0137	0.0026	0.1089	0.0641	0.0448	0.0209	0.0201	0.0007	0.0880	0.0440	0.0441	0.0053	0.0039	0.0000	3.6555	3.5303	0.0000	0.0000	0.0000	0.0000	0.1157	0.1891	0.0106	0.5800	0.6008	0.0001	0.0057	0.0006	0.0108
41	50	0.1005	14	0	1	2	0	0	0	0	0	N	N	Y	N	N	N	N	N	N	N	N	N	0.0000	0.0000	0.0000	0.0000	0.0000	0.0000	0.0000	0.0000	0.0000	0.0000	0.0000	0.0000	0.0000	0.0000	0.0000	0.0000	0.0000	0.0000	0.0000	0.0000	0.9997	0.0004	10.1790	0.9852	0.0000	0.0000	0.0000	0.0000	0.0000	0.0000	0.0000	0.0000	0.0000	0.0000	0.0000	0.0000	0.0000	0.0000	0.0000	0.0000	0.0000	0.0000	0.0000	0.0000	0.0000	0.0000	0.0000	0.0000	0.0000	0.0000	0.0000	0.0094	0.0059	0.0035	0.0033	0.0029	0.0004	0.0061	0.0031	0.0030	0.0000	0.0000	0.0000	0.0000	0.0000	0.0000	0.0000	0.0000	0.0000	0.0000	0.0000	0.0000	0.0000	0.0000	0.0000	0.0000	0.0000	0.0000											
41	51	0.0896	13	0	1	1	0	0	0	0	0	N	N	N	N	N	N	N	N	N	N	N	N	0.0000	0.0000	0.0000	0.0000	0.0000	0.0000	0.0000	0.0000	0.0000	0.0000	0.0000	0.0000	0.0000	0.0000	0.0000	0.0000	0.0000	0.0798	0.0110	0.1983	0.0209	0.0232	0.0000	0.1094	0.0000	0.2183	10.4157	0.0000	0.0052	0.9997	10.7574	10.1790	12.9024	0.0000	0.0000	0.0000	0.0000	0.0000	0.0000	0.0000	0.0000	0.0000	0.0174	0.0015	0.0159	0.0015	0.0015	0.0000	0.0159	0.0000	0.0159	0.0516	0.0436	0.0079	0.0036	0.0034	0.0002	0.0480	0.0402	0.0077	0.2178	0.1379	0.0800	0.0729	0.0655	0.0073	0.1450	0.0723	0.0727	0.0000	0.0000	0.0000	0.0000	0.0000	0.0000	0.0000	0.0000	0.0000	0.0798	0.0110	0.1983	0.0209	0.0232	0.0000	0.1094	0.0000	0.2183		
41	52	0.0882	12	0	1	1	0	0	0	0	0	N	N	N	N	N	N	N	N	N	N	N	N	0.0000	0.0000	0.0000	0.0000	0.0000	0.0000	0.0000	0.0000	0.0000	0.0000	0.0000	0.0000	0.0000	0.0000	0.0000	0.0000	0.0000	0.0000	0.0618	0.0096	0.1526	0.0202	0.0184	0.0366	0.0831	0.0015	0.1645	9.1194	0.0000	0.0009	0.9997	2.6694	10.1790	2.4027	0.0000	0.0000	0.0000	0.0000	0.0000	0.0000	0.0000	0.0000	0.0000	0.0031	0.0003	0.0028	0.0003	0.0003	0.0001	0.0027	0.0000	0.0027	0.0133	0.0112	0.0021	0.0009	0.0009	0.0001	0.0124	0.0104	0.0020	0.0496	0.0315	0.0181	0.0168	0.0152	0.0017	0.0328	0.0164	0.0164	0.0000	0.0000	0.0000	0.0000	0.0000	0.0000	0.0000	0.0000	0.0000	0.0618	0.0096	0.1526	0.0202	0.0184	0.0366	0.0831	0.0015	0.1645	
41	53	0.0830	11	0	1	1	0	0	0	0	0	N	N	N	N	N	N	N	N	N	N	N	N	0.0000	0.0000	0.0000	0.0000	0.0000	0.0000	0.0000	0.0000	0.0000	0.0000	0.0000	0.0000	0.0000	0.0000	0.0000	0.0000	0.0000	0.0027	0.0007	0.0064	0.0014	0.0014	0.0010	0.0034	0.0000	0.0070	5.4018	0.0000	0.0001	0.9997	8.6921	10.1790	5.3599	0.0000	0.0000	0.0000	0.0000	0.0000	0.0000	0.0000	0.0000	0.0000	0.0003	0.0001	0.0003	0.0001	0.0001	0.0000	0.0003	0.0000	0.0003	0.0458	0.0391	0.0066	0.0051	0.0050	0.0002	0.0406	0.0342	0.0065	0.1271	0.0815	0.0456	0.0426	0.0380	0.0045	0.0846	0.0435	0.0411	0.0000	0.0000	0.0000	0.0000	0.0000	0.0000	0.0000	0.0000	0.0000	0.0027	0.0007	0.0064	0.0014	0.0014	0.0010	0.0034	0.0000	0.0070		
41	54	0.0827	10	0	1	1	0	0	0	0	0	N	N	N	N	N	N	N	N	N	N	N	N	0.0000	0.0000	0.0000	0.0000	0.0000	0.0000	0.0000	0.0000	0.0000	0.0000	0.0000	0.0000	0.0000	0.0000	0.0000	0.0000	0.0041	0.0038	0.0046	0.0069	0.0077	0.0000	0.0026	0.0000	0.0050	0.6997	0.0000	-0.0000	0.9997	1.8652	10.1790	1.4001	0.0000	0.0000	0.0000	0.0000	0.0000	0.0000	0.0000	0.0000	0.0000	0.0001	0.0001	0.0001	0.0001	0.0001	0.0000	0.0001	0.0000	0.0001	0.0126	0.0110	0.0016	0.0024	0.0023	0.0000	0.0102	0.0087	0.0016	0.0323	0.0205	0.0118	0.0112	0.0101	0.0011	0.0212	0.0104	0.0107	0.0000	0.0000	0.0000	0.0000	0.0000	0.0000	0.0000	0.0000	0.0000	0.0041	0.0038	0.0046	0.0069	0.0077	0.0000	0.0026	0.0000	0.0050			
41	55	0.0783	9	0	1	1	0	0	0	0	0	N	N	N	N	N	N	N	N	N	N	N	N	0.0000	0.0000	0.0000	0.0000	0.0000	0.0000	0.0000	0.0000	0.0000	0.0000	0.0000	0.0000	0.0000	0.0000	0.0000	0.0000	0.0000	0.0246	0.0357	0.0025	0.0001	0.0001	0.0000	0.0392	0.0738	0.0028	0.0360	0.0000	-0.0013	0.9997	2.5292	10.1790	4.9772	0.0000	0.0000	0.0000	0.0000	0.0000	0.0000	0.0000	0.0000	0.0000	0.0022	0.0022	0.0001	0.0000	0.0000	0.0000	0.0022	0.0022	0.0001	0.0141	0.0121	0.0020	0.0015	0.0015	0.0000	0.0125	0.0106	0.0019	0.0912	0.0606	0.0306	0.0342	0.0314	0.0028	0.0570	0.0293	0.0278	0.0000	0.0000	0.0000	0.0000	0.0000	0.0000	0.0000	0.0000	0.0000	0.0246	0.0357	0.0025	0.0001	0.0001	0.0000	0.0392	0.0738	0.0028		
41	56	0.0375	6	1	2	1	0	0	0	0	0	N	Y	N	N	N	N	N	N	N	N	N	N	0.0000	0.0000	0.0000	0.0000	0.0000	0.0000	0.0000	0.0000	0.0000	0.0000	0.0000	0.0000	0.0000	0.0000	0.0000	0.0000	0.0000	0.0000	0.0000	0.0000	0.9997	0.0000	10.1790	10.9971	0.0000	0.0000	0.0000	0.0000	0.0000	0.0000	0.0000	0.0000	0.0000	0.0000	0.0000	0.0000	0.0000	0.0000	0.0000	0.0000	0.0000	0.0000	0.0000	0.0000	0.0000	0.0000	0.0000	0.0000	0.0000	0.0000	0.0000	0.1109	0.0672	0.0437	0.0306	0.0281	0.0025	0.0804	0.0391	0.0413	0.0000	0.0000	0.0000	0.0000	0.0000	0.0000	0.0000	0.0000	0.0000	0.0000	0.0000	0.0000	0.0000	0.0000	0.0000	0.0000	0.0000	0.0000											
41	57	0.1591	11	0	1	1	0	0	0	0	0	N	N	N	N	N	N	N	N	N	N	N	N	0.0551	0.0423	0.0000	38.4094	35.8844	0.0000	0.0000	0.0000	0.0000	0.1444	0.1639	0.0000	0.4452	0.4628	0.0000	0.0000	0.0000	0.0000	2.6197	3.8760	0.0243	0.0116	0.0129	0.0000	4.9081	10.2672	0.0284	0.0000	0.0030	-0.0052	-0.5346	0.9997	7.8198	10.1790	21.5823	0.0094	0.0094	0.0000	0.0094	0.0094	0.0000	0.0000	0.0000	0.0000	0.8739	0.8712	0.0026	0.0018	0.0018	0.0000	0.8721	0.8694	0.0026	0.0654	0.0576	0.0078	0.0212	0.0204	0.0008	0.0442	0.0372	0.0070	0.3336	0.2248	0.1088	0.1559	0.1401	0.0158	0.1777	0.0847	0.0930	0.0551	0.0423	0.0000	38.4094	35.8844	0.0000	0.0000	0.0000	0.0000	2.6197	3.8760	0.0243	0.0116	0.0129	0.0000	4.9081	10.2672	0.0284
41	58	0.0732	10	1	2	2	0	0	0	0	0	N	Y	Y	N	N	N	N	N	N	N	N	N	0.0000	0.0000	0.0000	0.0000	0.0000	0.0000	0.0000	0.0000	0.0000	0.0000	0.0000	0.0000	0.0000	0.0000	0.0000	0.0000	0.0000	0.0000	0.0011	0.0002	0.0025	0.0010	0.0005	0.0052	0.0012	0.0000	0.0023	6.3574	0.0000	0.0000	0.9997	2.0055	10.1790	11.8091	0.0000	0.0000	0.0000	0.0000	0.0000	0.0000	0.0000	0.0000	0.0000	0.0002	0.0000	0.0001	0.0000	0.0000	0.0000	0.0001	0.0000	0.0001	0.0097	0.0082	0.0015	0.0002	0.0002	0.0000	0.0095	0.0080	0.0015	0.1347	0.0837	0.0510	0.0415	0.0377	0.0038	0.0932	0.0460	0.0472	0.0000	0.0000	0.0000	0.0000	0.0000	0.0000	0.0000	0.0000	0.0000	0.0011	0.0002	0.0025	0.0010	0.0005	0.0052	0.0012	0.0000	0.0023	
41	59	0.0678	9	1	1	2	0	0	0	0	0	N	N	Y	N	N	N	N	N	N	N	N	N	0.0000	0.0000	0.0000	0.0000	0.0000	0.0000	0.0000	0.0000	0.0000	0.0000	0.0000	0.0000	0.0000	0.0000	0.0000	0.0000	0.0000	0.0000	0.1158	0.0067	0.3242	0.0202	0.0126	0.1202	0.1658	0.0011	0.3397	25.5129	0.0000	0.0022	0.9997	1.9951	10.1790	2.5667	0.0000	0.0000	0.0000	0.0000	0.0000	0.0000	0.0000	0.0000	0.0000	0.0064	0.0002	0.0062	0.0004	0.0002	0.0002	0.0060	0.0000	0.0060	0.0096	0.0081	0.0015	0.0002	0.0002	0.0000	0.0095	0.0079	0.0015	0.0555	0.0364	0.0191	0.0190	0.0177	0.0013	0.0364	0.0187	0.0177	0.0000	0.0000	0.0000	0.0000	0.0000	0.0000	0.0000	0.0000	0.0000	0.1158	0.0067	0.3242	0.0202	0.0126	0.1202	0.1658	0.0011	0.3397	
41	60	0.0610	8	1	1	2	0	0	0	0	0	N	N	Y	N	N	N	N	N	N	N	N	N	0.0000	0.0000	0.0000	0.0000	0.0000	0.0000	0.0000	0.0000	0.0000	0.0000	0.0000	0.0000	0.0000	0.0000	0.0000	0.0000	0.0000	0.0000	21.4579	0.0125	300.5987	0.0196	0.0154	0.0606	40.5054	0.0092	333.5171	2121.5886	0.0000	0.3663	0.9997	0.0108	10.1790	3.6229	0.0000	0.0000	0.0000	0.0000	0.0000	0.0000	0.0000	0.0000	0.0000	0.9520	0.0004	0.9515	0.0004	0.0003	0.0001	0.9516	0.0002	0.9514	0.0001	0.0001	0.0000	0.0000	0.0000	0.0000	0.0001	0.0000	0.0000	0.0481	0.0359	0.0122	0.0212	0.0192	0.0020	0.0269	0.0167	0.0103	0.0000	0.0000	0.0000	0.0000	0.0000	0.0000	0.0000	0.0000	0.0000	19.7842	0.0125	77.8165	0.0196	0.0154	0.0606	35.3194	0.0092	92.7178	
41	61	0.0794	9	0	2	1	0	0	0	0	0	N	Y	N	N	N	N	N	N	N	N	N	N	0.0000	0.0000	0.0000	0.0000	0.0000	0.0000	0.0000	0.0000	0.0000	0.0000	0.0000	0.0000	0.0000	0.0000	0.0000	0.0029	0.0044	0.0000	0.0076	0.0081	0.0000	0.0001	0.0002	0.0000	0.0000	0.0000	-0.0003	0.9997	4.0917	10.1790	8.0988	0.0000	0.0000	0.0000	0.0000	0.0000	0.0000	0.0000	0.0000	0.0000	0.0005	0.0005	0.0000	0.0005	0.0005	0.0000	0.0000	0.0000	0.0000	0.0224	0.0191	0.0033	0.0025	0.0024	0.0001	0.0199	0.0167	0.0032	0.1607	0.1072	0.0535	0.0609	0.0570	0.0038	0.0998	0.0501	0.0497	0.0000	0.0000	0.0000	0.0000	0.0000	0.0000	0.0000	0.0000	0.0000	0.0029	0.0044	0.0000	0.0076	0.0081	0.0000	0.0001	0.0002	0.0000				
41	62	0.0756	8	0	2	1	0	0	0	0	0	N	Y	N	N	N	N	N	N	N	N	N	N	0.0000	0.0000	0.0000	0.0000	0.0000	0.0000	0.0000	0.0000	0.0000	0.0000	0.0000	0.0000	0.0000	0.0000	0.0000	0.0000	0.0000	0.0000	0.0470	0.0597	0.0264	0.0249	0.0270	0.0015	0.0583	0.0924	0.0284	0.2733	0.0000	-0.0015	0.9997	2.1165	10.1790	5.0852	0.0000	0.0000	0.0000	0.0000	0.0000	0.0000	0.0000	0.0000	0.0000	0.0039	0.0030	0.0008	0.0007	0.0007	0.0000	0.0032	0.0024	0.0008	0.0102	0.0086	0.0016	0.0005	0.0005	0.0000	0.0097	0.0081	0.0016	0.0824	0.0509	0.0315	0.0278	0.0255	0.0023	0.0546	0.0254	0.0291	0.0000	0.0000	0.0000	0.0000	0.0000	0.0000	0.0000	0.0000	0.0000	0.0470	0.0597	0.0264	0.0249	0.0270	0.0015	0.0583	0.0924	0.0284	
41	63	0.0610	8	1	1	2	0	0	0	0	0	N	N	Y	N	N	N	N	N	N	N	N	N	0.0000	0.0000	0.0000	0.0000	0.0000	0.0000	0.0000	0.0000	0.0000	0.0000	0.0000	0.0000	0.0000	0.0000	0.0000	0.0000	0.0000	0.4062	0.6690	0.0000	1.5669	1.7552	0.0000	0.0000	0.0000	0.0000	0.0000	0.0000	-0.0261	0.9997	3.9990	10.1790	8.8702	0.0000	0.0000	0.0000	0.0000	0.0000	0.0000	0.0000	0.0000	0.0000	0.0425	0.0425	0.0000	0.0425	0.0425	0.0000	0.0000	0.0000	0.0000	0.0177	0.0153	0.0025	0.0004	0.0004	0.0000	0.0173	0.0148	0.0025	0.1047	0.0635	0.0411	0.0271	0.0242	0.0029	0.0775	0.0393	0.0382	0.0000	0.0000	0.0000	0.0000	0.0000	0.0000	0.0000	0.0000	0.0000	0.4062	0.6690	0.0000	1.5669	1.7552	0.0000	0.0000	0.0000	0.0000		
41	64	0.0409	7	1	1	2	0	0	0	0	0	N	N	Y	N	N	N	N	N	N	N	N	N	0.0000	0.0000	0.0000	0.0000	0.0000	0.0000	0.0000	0.0000	0.0000	0.0000	0.0000	0.0000	0.0000	0.0000	0.0000	0.0000	0.0000	0.0000	0.5697	0.4054	0.8433	0.8005	0.8554	0.0021	0.4635	0.0034	0.8914	1.2489	0.0000	-0.0044	0.9997	3.9972	10.1790	6.8232	0.0000	0.0000	0.0000	0.0000	0.0000	0.0000	0.0000	0.0000	0.0000	0.0737	0.0328	0.0409	0.0326	0.0326	0.0000	0.0411	0.0001	0.0409	0.0202	0.0171	0.0031	0.0007	0.0007	0.0000	0.0195	0.0164	0.0031	0.1294	0.0809	0.0485	0.0408	0.0382	0.0026	0.0886	0.0427	0.0459	0.0000	0.0000	0.0000	0.0000	0.0000	0.0000	0.0000	0.0000	0.0000	0.5697	0.4054	0.8433	0.8005	0.8554	0.0021	0.4635	0.0034	0.8914	
41	65	0.0833	9	0	2	1	0	0	0	0	0	N	Y	N	N	N	N	N	N	N	N	N	N	0.0134	0.0291	0.0000	0.2667	0.2505	0.0000	0.0000	0.0000	0.0000	0.0007	0.0008	0.0000	0.0103	0.0107	0.0000	0.0000	0.0000	0.0000	0.0505	0.0275	0.0955	0.0385	0.0429	0.0000	0.0578	0.0114	0.1079	0.0000	1.7763	-0.0000	0.0006	0.9997	15.6632	10.1790	35.0639	0.0000	0.0000	0.0000	0.0000	0.0000	0.0000	0.0000	0.0000	0.0000	0.0255	0.0092	0.0163	0.0073	0.0073	0.0000	0.0182	0.0018	0.0163	0.0738	0.0625	0.0113	0.0049	0.0047	0.0002	0.0689	0.0578	0.0110	0.5046	0.3339	0.1707	0.1905	0.1710	0.0195	0.3141	0.1629	0.1512	0.0134	0.0291	0.0000	0.2667	0.2505	0.0000	0.0000	0.0000	0.0000	0.0505	0.0275	0.0955	0.0385	0.0429	0.0000	0.0578	0.0114	0.1079
41	66	0.0833	9	0	1	2	0	0	0	0	0	N	N	Y	N	N	N	N	N	N	N	N	N	20160.5613	16520.9978	0.0000	1.9133	1.7580	0.0000	339154747.5880	2979708990.7572	0.0000	37.6437	44.1860	0.0000	0.0076	0.0078	0.0000	41.7765	49.8006	0.0000	0.0019	0.0027	0.0000	0.0040	0.0045	0.0000	0.0000	0.0000	0.0000	0.0000	0.0000	-0.5480	-0.0003	0.9997	4.9998	10.1790	10.1184	0.9996	0.9996	0.0000	0.0000	0.0000	0.0000	0.9996	0.9996	0.0000	0.0005	0.0005	0.0000	0.0005	0.0005	0.0000	0.0000	0.0000	0.0000	0.0266	0.0226	0.0039	0.0026	0.0026	0.0001	0.0239	0.0201	0.0039	0.2571	0.1795	0.0776	0.1207	0.1077	0.0130	0.1364	0.0718	0.0646	20160.5613	16520.9978	0.0000	1.9133	1.7580	0.0000	339154747.5880	2979708990.7572	0.0000	0.0019	0.0027	0.0000	0.0040	0.0045	0.0000	0.0000	0.0000	0.0000
41	67	0.0877	11	0	2	1	0	0	0	0	0	N	Y	N	N	N	N	N	N	N	N	N	N	0.0000	0.0000	0.0000	0.0000	0.0000	0.0000	0.0000	0.0000	0.0000	0.0000	0.0000	0.0000	0.0000	0.0000	0.0000	0.0000	0.0000	0.0027	0.0041	0.0000	0.0072	0.0078	0.0000	0.0000	0.0000	0.0000	0.0000	0.0000	-0.0005	0.9997	10.9928	10.1790	18.5513	0.0000	0.0000	0.0000	0.0000	0.0000	0.0000	0.0000	0.0000	0.0000	0.0008	0.0008	0.0000	0.0008	0.0008	0.0000	0.0000	0.0000	0.0000	0.0508	0.0432	0.0075	0.0032	0.0029	0.0003	0.0475	0.0403	0.0072	0.2836	0.1859	0.0977	0.1047	0.0962	0.0085	0.1788	0.0897	0.0892	0.0000	0.0000	0.0000	0.0000	0.0000	0.0000	0.0000	0.0000	0.0000	0.0027	0.0041	0.0000	0.0072	0.0078	0.0000	0.0000	0.0000	0.0000		
41	68	0.0877	10	0	1	1	0	0	0	0	0	N	N	N	N	N	N	N	N	N	N	N	N	0.0000	0.0000	0.0000	0.0000	0.0000	0.0000	0.0000	0.0000	0.0000	0.0000	0.0000	0.0000	0.0000	0.0000	0.0000	0.0000	0.0000	0.0000	0.0099	0.0138	0.0019	0.0107	0.0109	0.0011	0.0093	0.0198	0.0019	0.0641	0.0000	-0.0002	0.9997	0.0861	10.1790	1.0715	0.0000	0.0000	0.0000	0.0000	0.0000	0.0000	0.0000	0.0000	0.0000	0.0004	0.0004	0.0000	0.0002	0.0002	0.0000	0.0002	0.0002	0.0000	0.0012	0.0011	0.0001	0.0004	0.0004	0.0000	0.0008	0.0006	0.0001	0.0439	0.0298	0.0141	0.0206	0.0202	0.0004	0.0233	0.0096	0.0137	0.0000	0.0000	0.0000	0.0000	0.0000	0.0000	0.0000	0.0000	0.0000	0.0099	0.0138	0.0019	0.0107	0.0109	0.0011	0.0093	0.0198	0.0019	
41	69	0.0705	8	1	1	2	0	0	0	0	0	N	N	Y	N	N	N	N	N	N	N	N	N	0.0000	0.0000	0.0000	0.0000	0.0000	0.0000	0.0000	0.0000	0.0000	0.0000	0.0000	0.0000	0.0000	0.0000	0.0000	0.0000	0.0000	0.0000	0.0001	0.0000	0.0000	0.0000	0.0000	0.0000	0.0001	79.8140	0.0000	0.0000	0.9997	1.0000	10.1790	3.0001	0.0000	0.0000	0.0000	0.0000	0.0000	0.0000	0.0000	0.0000	0.0000	0.0000	0.0000	0.0000	0.0000	0.0000	0.0000	0.0000	0.0000	0.0000	0.0053	0.0045	0.0009	0.0002	0.0002	0.0000	0.0052	0.0043	0.0009	0.0432	0.0262	0.0171	0.0125	0.0112	0.0013	0.0308	0.0150	0.0158	0.0000	0.0000	0.0000	0.0000	0.0000	0.0000	0.0000	0.0000	0.0000	0.0000	0.0000	0.0001	0.0000	0.0000	0.0000	0.0000	0.0000	0.0001			
41	70	0.0705	7	1	1	2	0	0	0	0	0	N	N	Y	N	N	N	N	N	N	N	N	N	0.0000	0.0000	0.0000	0.0000	0.0000	0.0000	0.0000	0.0000	0.0000	0.0000	0.0000	0.0000	0.0000	0.0000	0.0000	0.0000	0.0696	0.0599	0.0831	0.0804	0.0822	0.0000	0.0614	0.0000	0.0851	1.0000	0.0000	-0.0000	0.9997	0.0000	10.1790	0.0009	0.0000	0.0000	0.0000	0.0000	0.0000	0.0000	0.0000	0.0000	0.0000	0.0000	0.0000	0.0000	0.0000	0.0000	0.0000	0.0000	0.0000	0.0000	0.0000	0.0000	0.0000	0.0000	0.0000	0.0000	0.0000	0.0000	0.0000	0.0000	0.0000	0.0000	0.0000	0.0000	0.0000	0.0000	0.0000	0.0000	0.0000	0.0000	0.0000	0.0000	0.0000	0.0000	0.0000	0.0000	0.0000	0.0696	0.0599	0.0831	0.0804	0.0822	0.0000	0.0614	0.0000	0.0851			
41	71	0.0375	6	1	1	2	0	0	0	0	0	N	N	Y	N	N	N	N	N	N	N	N	N	0.0000	0.0000	0.0000	0.0000	0.0000	0.0000	0.0000	0.0000	0.0000	0.0000	0.0000	0.0000	0.0000	0.0000	0.0000	0.0000	0.0871	0.0119	0.2016	0.0271	0.0296	0.0000	0.1087	0.0000	0.2139	11.1425	0.0000	0.0057	0.9997	9.9966	10.1790	12.9129	0.0000	0.0000	0.0000	0.0000	0.0000	0.0000	0.0000	0.0000	0.0000	0.0187	0.0015	0.0172	0.0015	0.0015	0.0000	0.0172	0.0000	0.0172	0.0467	0.0393	0.0074	0.0004	0.0004	0.0000	0.0463	0.0389	0.0074	0.2148	0.1297	0.0851	0.0569	0.0520	0.0049	0.1579	0.0777	0.0802	0.0000	0.0000	0.0000	0.0000	0.0000	0.0000	0.0000	0.0000	0.0000	0.0871	0.0119	0.2016	0.0271	0.0296	0.0000	0.1087	0.0000	0.2139			
41	72	0.0707	7	0	2	1	1	0	0	0	0	N	Y	N	N	N	N	N	N	N	N	N	N	0.0000	0.0000	0.0000	0.0000	0.0000	0.0000	0.0000	0.0000	0.0000	0.0000	0.0000	0.0000	0.0000	0.0000	0.0000	0.0000	0.0000	2.3336	3.7567	0.0001	0.0110	0.0120	0.0009	3.2398	6.3622	0.0000	0.0000	0.0000	-0.6165	0.9997	13.0000	10.1790	39.1663	0.0000	0.0000	0.0000	0.0000	0.0000	0.0000	0.0000	0.0000	0.0000	1.0029	1.0029	0.0000	0.0013	0.0013	0.0000	1.0016	1.0016	0.0000	0.0597	0.0504	0.0093	0.0028	0.0027	0.0002	0.0569	0.0477	0.0092	0.4298	0.2670	0.1628	0.1206	0.1095	0.0111	0.3091	0.1574	0.1517	0.0000	0.0000	0.0000	0.0000	0.0000	0.0000	0.0000	0.0000	0.0000	2.3336	3.7567	0.0001	0.0110	0.0120	0.0009	3.2398	6.3622	0.0000		
41	73	0.0731	8	0	2	1	0	0	0	0	0	N	Y	N	N	N	N	N	N	N	N	N	N	0.0000	0.0000	0.0000	0.0000	0.0000	0.0000	0.0000	0.0000	0.0000	0.0000	0.0000	0.0000	0.0000	0.0000	0.0000	0.0000	0.0000	0.0588	0.0924	0.0000	0.1847	0.2009	0.0000	0.0000	0.0000	0.0000	0.0000	0.0000	-0.0077	0.9997	3.0003	10.1790	18.1082	0.0000	0.0000	0.0000	0.0000	0.0000	0.0000	0.0000	0.0000	0.0000	0.0126	0.0126	0.0000	0.0126	0.0126	0.0000	0.0000	0.0000	0.0000	0.0144	0.0121	0.0023	0.0007	0.0006	0.0000	0.0137	0.0115	0.0022	0.2137	0.1360	0.0777	0.0680	0.0625	0.0055	0.1456	0.0734	0.0722	0.0000	0.0000	0.0000	0.0000	0.0000	0.0000	0.0000	0.0000	0.0000	0.0588	0.0924	0.0000	0.1847	0.2009	0.0000	0.0000	0.0000	0.0000		
41	74	0.0409	7	0	2	1	0	0	0	0	0	N	Y	N	N	N	N	N	N	N	N	N	N	0.0000	0.0000	0.0000	0.0000	0.0000	0.0000	0.0000	0.0000	0.0000	0.0000	0.0000	0.0000	0.0000	0.0000	0.0000	0.0000	0.0000	0.0000	3.8322	0.0011	9.9153	0.0042	0.0026	0.0233	5.3633	0.0000	10.5155	5682.8861	0.0000	0.3720	0.9997	7.0046	10.1790	18.1036	0.0000	0.0000	0.0000	0.0000	0.0000	0.0000	0.0000	0.0000	0.0000	0.9661	0.0002	0.9659	0.0003	0.0002	0.0001	0.9658	0.0000	0.9658	0.0341	0.0288	0.0053	0.0008	0.0008	0.0000	0.0333	0.0280	0.0053	0.2521	0.1547	0.0974	0.0720	0.0665	0.0056	0.1801	0.0882	0.0918	0.0000	0.0000	0.0000	0.0000	0.0000	0.0000	0.0000	0.0000	0.0000	3.8322	0.0011	9.9153	0.0042	0.0026	0.0233	5.3633	0.0000	10.5155	
41	75	0.0375	6	0	1	1	0	0	0	0	0	N	N	N	N	N	N	N	N	N	N	N	N	0.0000	0.0000	0.0000	0.0000	0.0000	0.0000	0.0000	0.0000	0.0000	0.0000	0.0000	0.0000	0.0000	0.0000	0.0000	0.0000	0.0000	0.0000	0.8675	0.0747	2.1143	0.0115	0.0120	0.0044	1.2407	0.1290	2.2264	18.0060	0.0000	0.0120	0.9997	0.2435	10.1790	3.2922	0.0000	0.0000	0.0000	0.0000	0.0000	0.0000	0.0000	0.0000	0.0000	0.0360	0.0019	0.0341	0.0001	0.0001	0.0000	0.0359	0.0018	0.0341	0.0013	0.0011	0.0002	0.0001	0.0001	0.0000	0.0012	0.0010	0.0002	0.0415	0.0254	0.0161	0.0126	0.0118	0.0008	0.0289	0.0136	0.0153	0.0000	0.0000	0.0000	0.0000	0.0000	0.0000	0.0000	0.0000	0.0000	0.8675	0.0747	2.1143	0.0115	0.0120	0.0044	1.2407	0.1290	2.2264	
41	77	0.0881	11	0	2	1	0	0	0	0	0	N	Y	N	N	N	N	N	N	N	N	N	N	0.0000	0.0000	0.0000	0.0000	0.0000	0.0000	0.0000	0.0000	0.0000	0.0000	0.0000	0.0000	0.0000	0.0000	0.0000	0.0000	0.0017	0.0028	0.0000	0.0078	0.0081	0.0000	0.0000	0.0000	0.0000	0.0004	0.0000	-0.0002	0.9997	8.6571	10.1790	16.0761	0.0000	0.0000	0.0000	0.0000	0.0000	0.0000	0.0000	0.0000	0.0000	0.0003	0.0003	0.0000	0.0003	0.0003	0.0000	0.0000	0.0000	0.0000	0.0381	0.0329	0.0053	0.0020	0.0019	0.0001	0.0362	0.0310	0.0052	0.1592	0.0948	0.0644	0.0348	0.0332	0.0016	0.1245	0.0616	0.0629	0.0000	0.0000	0.0000	0.0000	0.0000	0.0000	0.0000	0.0000	0.0000	0.0017	0.0028	0.0000	0.0078	0.0081	0.0000	0.0000	0.0000	0.0000			
41	78	0.0877	10	0	2	1	0	0	0	0	0	N	Y	N	N	N	N	N	N	N	N	N	N	0.0000	0.0000	0.0000	0.0000	0.0000	0.0000	0.0000	0.0000	0.0000	0.0000	0.0000	0.0000	0.0000	0.0000	0.0000	0.0000	0.0000	0.0002	0.0003	0.0000	0.0000	0.0000	0.0000	0.0003	0.0008	0.0000	0.0605	0.0000	-0.0000	0.9997	0.3645	10.1790	1.9845	0.0000	0.0000	0.0000	0.0000	0.0000	0.0000	0.0000	0.0000	0.0000	0.0000	0.0000	0.0000	0.0000	0.0000	0.0000	0.0000	0.0000	0.0000	0.0025	0.0022	0.0003	0.0005	0.0005	0.0000	0.0020	0.0017	0.0003	0.0549	0.0370	0.0179	0.0245	0.0237	0.0008	0.0304	0.0133	0.0171	0.0000	0.0000	0.0000	0.0000	0.0000	0.0000	0.0000	0.0000	0.0000	0.0002	0.0003	0.0000	0.0000	0.0000	0.0000	0.0003	0.0008	0.0000		
41	79	0.0783	9	0	1	1	0	0	0	0	0	N	N	N	N	N	N	N	N	N	N	N	N	0.0000	0.0000	0.0000	0.0000	0.0000	0.0000	0.0000	0.0000	0.0000	0.0000	0.0000	0.0000	0.0000	0.0000	0.0000	0.0000	0.0000	0.0000	0.0164	0.0252	0.0001	0.0085	0.0094	0.0001	0.0205	0.0399	0.0001	0.0030	0.0000	-0.0018	0.9997	2.9108	10.1790	14.2456	0.0000	0.0000	0.0000	0.0000	0.0000	0.0000	0.0000	0.0000	0.0000	0.0029	0.0029	0.0000	0.0005	0.0005	0.0000	0.0024	0.0023	0.0000	0.0159	0.0136	0.0023	0.0016	0.0016	0.0000	0.0143	0.0120	0.0022	0.1754	0.1135	0.0619	0.0604	0.0547	0.0057	0.1150	0.0588	0.0562	0.0000	0.0000	0.0000	0.0000	0.0000	0.0000	0.0000	0.0000	0.0000	0.0164	0.0252	0.0001	0.0085	0.0094	0.0001	0.0205	0.0399	0.0001	
41	80	0.0731	8	0	1	1	0	0	0	0	0	N	N	N	N	N	N	N	N	N	N	N	N	0.0000	0.0000	0.0000	0.0000	0.0000	0.0000	0.0000	0.0000	0.0000	0.0000	0.0000	0.0000	0.0000	0.0000	0.0000	0.0000	0.0000	0.0000	10.1291	15.1339	0.0001	0.0049	0.0053	0.0000	15.5447	31.7660	0.0001	0.0000	0.0000	-0.6056	0.9997	0.1009	10.1790	7.5203	0.0000	0.0000	0.0000	0.0000	0.0000	0.0000	0.0000	0.0000	0.0000	0.9852	0.9852	0.0000	0.0002	0.0002	0.0000	0.9850	0.9850	0.0000	0.0005	0.0004	0.0001	0.0000	0.0000	0.0000	0.0005	0.0004	0.0001	0.0998	0.0651	0.0347	0.0365	0.0341	0.0024	0.0634	0.0310	0.0324	0.0000	0.0000	0.0000	0.0000	0.0000	0.0000	0.0000	0.0000	0.0000	9.8676	15.1339	0.0001	0.0049	0.0053	0.0000	15.5447	31.7660	0.0001	
41	81	0.0707	7	0	1	1	0	0	0	0	0	N	N	N	N	N	N	N	N	N	N	N	N	0.0000	0.0000	0.0000	0.0000	0.0000	0.0000	0.0000	0.0000	0.0000	0.0000	0.0000	0.0000	0.0000	0.0000	0.0000	0.0000	0.0000	0.2357	0.3751	0.0007	0.0001	0.0001	0.0000	0.3653	0.8081	0.0008	0.0012	0.0000	-0.0075	0.9997	0.0014	10.1790	3.7882	0.0000	0.0000	0.0000	0.0000	0.0000	0.0000	0.0000	0.0000	0.0000	0.0122	0.0122	0.0000	0.0000	0.0000	0.0000	0.0122	0.0122	0.0000	0.0000	0.0000	0.0000	0.0000	0.0000	0.0000	0.0000	0.0000	0.0000	0.0520	0.0326	0.0193	0.0184	0.0175	0.0010	0.0335	0.0151	0.0184	0.0000	0.0000	0.0000	0.0000	0.0000	0.0000	0.0000	0.0000	0.0000	0.2357	0.3751	0.0007	0.0001	0.0001	0.0000	0.3653	0.8081	0.0008		
41	82	0.0863	10	0	2	1	0	0	0	0	0	N	Y	N	N	N	N	N	N	N	N	N	N	0.0000	0.0000	0.0000	0.0000	0.0000	0.0000	0.0000	0.0000	0.0000	0.0000	0.0000	0.0000	0.0000	0.0000	0.0000	0.0000	0.0000	0.0000	0.0000	0.0000	0.0000	0.0000	0.0000	0.0000	0.0000	0.0184	0.0000	-0.0000	0.9997	7.9116	10.1790	21.1247	0.0000	0.0000	0.0000	0.0000	0.0000	0.0000	0.0000	0.0000	0.0000	0.0000	0.0000	0.0000	0.0000	0.0000	0.0000	0.0000	0.0000	0.0000	0.0401	0.0340	0.0061	0.0036	0.0035	0.0002	0.0365	0.0305	0.0059	0.3707	0.2471	0.1236	0.1577	0.1335	0.0242	0.2130	0.1136	0.0994	0.0000	0.0000	0.0000	0.0000	0.0000	0.0000	0.0000	0.0000	0.0000	0.0000	0.0000	0.0000	0.0000	0.0000	0.0000	0.0000	0.0000	0.0000			
41	83	0.1043	11	1	2	1	0	0	0	0	0	N	Y	N	N	N	N	N	N	N	N	N	N	0.0000	0.0000	0.0000	0.0000	0.0000	0.0000	0.0000	0.0000	0.0000	0.0000	0.0000	0.0000	0.0000	52.0011	0.0000	452.0405	0.0000	0.0000	0.0000	69.7220	0.0000	464.5484	inf	0.0000	0.3852	0.9997	0.0000	10.1790	1.8333	0.0000	0.0000	0.0000	0.0000	0.0000	0.0000	0.0000	0.0000	0.0000	0.9998	0.0000	0.9998	0.0000	0.0000	0.0000	0.9998	0.0000	0.9998	0.0000	0.0000	0.0000	0.0000	0.0000	0.0000	0.0000	0.0000	0.0000	0.0240	0.0160	0.0080	0.0091	0.0086	0.0006	0.0149	0.0075	0.0074	0.0000	0.0000	0.0000	0.0000	0.0000	0.0000	0.0000	0.0000	0.0000	41.6327	0.0000	124.8914	0.0000	0.0000	0.0000	67.1199	0.0000	134.3350						
41	84	0.0863	10	1	2	1	0	0	0	0	0	N	Y	N	N	N	N	N	N	N	N	N	N	0.0000	0.0000	0.0000	0.0000	0.0000	0.0000	0.0000	0.0000	0.0000	0.0000	0.0000	0.0000	0.0000	0.0000	0.0000	0.0000	0.0000	0.0000	0.0000	0.0001	0.0001	0.0000	0.0004	0.0000	0.0000	0.0000	7.0695	0.0000	0.0000	0.9997	6.9552	10.1790	13.1226	0.0000	0.0000	0.0000	0.0000	0.0000	0.0000	0.0000	0.0000	0.0000	0.0000	0.0000	0.0000	0.0000	0.0000	0.0000	0.0000	0.0000	0.0000	0.0358	0.0304	0.0054	0.0034	0.0033	0.0001	0.0323	0.0271	0.0053	0.3065	0.2074	0.0991	0.1403	0.1175	0.0229	0.1662	0.0899	0.0763	0.0000	0.0000	0.0000	0.0000	0.0000	0.0000	0.0000	0.0000	0.0000	0.0000	0.0000	0.0001	0.0001	0.0000	0.0004	0.0000	0.0000	0.0000		
41	85	0.0833	9	0	2	1	0	0	0	0	0	N	Y	N	N	N	N	N	N	N	N	N	N	0.0000	0.0000	0.0000	0.0000	0.0000	0.0000	0.0000	0.0000	0.0000	0.0000	0.0000	0.0000	0.0000	0.0000	0.0000	0.0000	0.0000	0.0000	1.3952	2.1556	0.0180	0.4092	0.4492	0.0078	2.0789	4.4925	0.0192	0.0046	0.0000	-0.0894	0.9997	0.3374	10.1790	6.1146	0.0000	0.0000	0.0000	0.0000	0.0000	0.0000	0.0000	0.0000	0.0000	0.1465	0.1458	0.0007	0.0176	0.0176	0.0000	0.1289	0.1283	0.0006	0.0026	0.0022	0.0003	0.0008	0.0008	0.0000	0.0017	0.0014	0.0003	0.1050	0.0677	0.0374	0.0430	0.0391	0.0039	0.0620	0.0286	0.0335	0.0000	0.0000	0.0000	0.0000	0.0000	0.0000	0.0000	0.0000	0.0000	1.3952	2.1556	0.0180	0.4092	0.4492	0.0078	2.0789	4.4925	0.0192	
41	86	0.0833	9	0	2	1	0	0	0	0	0	N	Y	N	N	N	N	N	N	N	N	N	N	0.0000	0.0000	0.0000	0.0000	0.0000	0.0000	0.0000	0.0000	0.0000	0.0000	0.0000	0.0000	0.0000	0.0000	0.0000	0.0000	0.0000	0.0573	0.0901	0.0000	0.1695	0.1870	0.0000	0.0001	0.0002	0.0000	0.0000	0.0000	-0.0088	0.9997	11.0342	10.1790	12.7513	0.0000	0.0000	0.0000	0.0000	0.0000	0.0000	0.0000	0.0000	0.0000	0.0142	0.0142	0.0000	0.0142	0.0142	0.0000	0.0000	0.0000	0.0000	0.0519	0.0438	0.0081	0.0031	0.0029	0.0002	0.0488	0.0409	0.0079	0.2487	0.1582	0.0905	0.0840	0.0761	0.0079	0.1647	0.0821	0.0826	0.0000	0.0000	0.0000	0.0000	0.0000	0.0000	0.0000	0.0000	0.0000	0.0573	0.0901	0.0000	0.1695	0.1870	0.0000	0.0001	0.0002	0.0000		
41	87	0.0756	8	0	2	1	0	0	0	0	0	N	Y	N	N	N	N	N	N	N	N	N	N	0.0000	0.0000	0.0000	0.0000	0.0000	0.0000	0.0000	0.0000	0.0000	0.0000	0.0000	0.0000	0.0000	0.0000	0.0000	0.0000	0.0000	0.0000	0.1482	0.2380	0.0015	0.0587	0.0642	0.0008	0.1913	0.3973	0.0015	0.0038	0.0000	-0.0099	0.9997	3.9739	10.1790	6.2820	0.0000	0.0000	0.0000	0.0000	0.0000	0.0000	0.0000	0.0000	0.0000	0.0162	0.0162	0.0001	0.0021	0.0021	0.0000	0.0141	0.0141	0.0001	0.0190	0.0160	0.0030	0.0009	0.0009	0.0001	0.0181	0.0151	0.0029	0.1094	0.0679	0.0415	0.0356	0.0325	0.0031	0.0739	0.0354	0.0385	0.0000	0.0000	0.0000	0.0000	0.0000	0.0000	0.0000	0.0000	0.0000	0.1482	0.2380	0.0015	0.0587	0.0642	0.0008	0.1913	0.3973	0.0015	
41	88	0.0707	7	0	2	1	0	0	0	0	0	N	Y	N	N	N	N	N	N	N	N	N	N	0.0000	0.0000	0.0000	0.0000	0.0000	0.0000	0.0000	0.0000	0.0000	0.0000	0.0000	0.0000	0.0000	0.0000	0.0000	0.0000	0.0000	0.0000	14.9477	23.0033	0.0003	0.0051	0.0055	0.0002	21.7345	46.3514	0.0004	0.0000	0.0000	-0.6145	0.9997	0.0056	10.1790	5.7021	0.0000	0.0000	0.0000	0.0000	0.0000	0.0000	0.0000	0.0000	0.0000	0.9995	0.9995	0.0000	0.0001	0.0001	0.0000	0.9994	0.9994	0.0000	0.0000	0.0000	0.0000	0.0000	0.0000	0.0000	0.0000	0.0000	0.0000	0.0693	0.0435	0.0259	0.0233	0.0219	0.0014	0.0460	0.0216	0.0244	0.0000	0.0000	0.0000	0.0000	0.0000	0.0000	0.0000	0.0000	0.0000	14.4226	23.0033	0.0003	0.0051	0.0055	0.0002	21.7345	46.3514	0.0004	
41	92	0.1591	11	0	1	1	0	0	0	0	0	N	N	N	N	N	N	N	N	N	N	N	N	25.7736	0.0000	3496.0049	0.0090	0.0000	200.2395	964.5753	0.0000	3350.0224	7.8181	0.0000	58.6767	0.0065	0.0000	0.1109	9.8482	0.0000	64.5255	0.3033	0.4643	0.0168	0.7263	0.8219	0.0006	0.0102	0.0001	0.0193	4707050.9847	0.0203	0.4475	-0.0797	0.9997	24.8682	10.1790	39.8855	0.9904	0.0000	0.9904	0.0002	0.0000	0.0002	0.9902	0.0000	0.9902	0.1340	0.1313	0.0027	0.1313	0.1313	0.0000	0.0027	0.0000	0.0027	0.1267	0.1098	0.0169	0.0261	0.0246	0.0015	0.1005	0.0852	0.0153	0.4417	0.2829	0.1589	0.1808	0.1598	0.0210	0.2609	0.1231	0.1378	25.7736	0.0000	3496.0049	0.0090	0.0000	200.2395	964.5753	0.0000	3350.0224	0.3033	0.4643	0.0168	0.7263	0.8219	0.0006	0.0102	0.0001	0.0193
42	43	0.0185	5	1	1	1	0	0	0	0	0	N	N	N	N	N	N	N	N	N	N	N	N	0.0000	0.0000	0.0000	0.0000	0.0000	0.0000	0.0000	0.0000	0.0000	0.0000	0.0000	0.0000	0.0000	0.0015	0.0026	0.0000	0.0000	0.0000	0.0000	0.0021	0.0048	0.0000	0.0000	0.0000	-0.0000	0.0007	1.9995	0.9413	12.0029	0.0000	0.0000	0.0000	0.0000	0.0000	0.0000	0.0000	0.0000	0.0000	0.0000	0.0000	0.0000	0.0000	0.0000	0.0000	0.0000	0.0000	0.0000	0.0000	0.0000	0.0000	0.0000	0.0000	0.0000	0.0000	0.0000	0.0000	0.0135	0.0078	0.0057	0.0039	0.0036	0.0002	0.0096	0.0041	0.0055	0.0000	0.0000	0.0000	0.0000	0.0000	0.0000	0.0000	0.0000	0.0000	0.0015	0.0026	0.0000	0.0000	0.0000	0.0000	0.0021	0.0048	0.0000						
42	44	0.0517	6	1	2	0	0	0	0	0	0	N	Y	N	N	N	N	N	N	N	N	N	N	0.0000	0.0000	0.0000	0.0000	0.0000	0.0000	0.0000	0.0000	0.0000	0.0000	0.0000	0.0000	0.0000	0.0000	0.0000	0.0000	0.0000	0.0000	0.0524	0.0290	0.0864	0.0085	0.0091	0.0002	0.0713	0.0469	0.0910	2.0551	0.0000	0.0001	0.0007	10.0000	0.9413	26.8440	0.0000	0.0000	0.0000	0.0000	0.0000	0.0000	0.0000	0.0000	0.0000	0.0016	0.0005	0.0011	0.0001	0.0001	0.0000	0.0016	0.0005	0.0011	0.0000	0.0000	0.0000	0.0000	0.0000	0.0000	0.0000	0.0000	0.0000	0.0315	0.0186	0.0128	0.0095	0.0088	0.0006	0.0220	0.0098	0.0122	0.0000	0.0000	0.0000	0.0000	0.0000	0.0000	0.0000	0.0000	0.0000	0.0524	0.0290	0.0864	0.0085	0.0091	0.0002	0.0713	0.0469	0.0910	
42	50	0.0816	13	0	1	1	0	0	0	0	0	N	N	N	N	N	N	N	N	N	N	N	N	0.0000	0.0000	0.0000	0.0000	0.0000	0.0000	0.0000	0.0000	0.0000	0.0000	0.0000	0.0000	0.0000	0.0000	0.0000	0.0000	0.0000	0.0000	0.0000	0.0000	0.0007	0.0004	0.9413	0.9852	0.0000	0.0000	0.0000	0.0000	0.0000	0.0000	0.0000	0.0000	0.0000	0.0000	0.0000	0.0000	0.0000	0.0000	0.0000	0.0000	0.0000	0.0000	0.0000	0.0000	0.0000	0.0000	0.0000	0.0000	0.0000	0.0000	0.0000	0.0009	0.0005	0.0004	0.0003	0.0003	0.0000	0.0006	0.0003	0.0003	0.0000	0.0000	0.0000	0.0000	0.0000	0.0000	0.0000	0.0000	0.0000	0.0000	0.0000	0.0000	0.0000	0.0000	0.0000	0.0000	0.0000	0.0000											
42	51	0.0707	12	0	1	0	0	0	0	0	0	N	N	N	N	N	N	N	N	N	N	N	N	0.0000	0.0000	0.0000	0.0000	0.0000	0.0000	0.0000	0.0000	0.0000	0.0000	0.0000	0.0000	0.0000	0.0000	0.0000	0.0000	0.0000	0.0000	1.5098	1.0101	2.1987	1.5558	1.6518	0.0026	1.4820	0.0001	2.3193	1.5787	0.0000	-0.0001	0.0007	10.7574	0.9413	12.9024	0.0000	0.0000	0.0000	0.0000	0.0000	0.0000	0.0000	0.0000	0.0000	0.0408	0.0158	0.0250	0.0158	0.0158	0.0000	0.0250	0.0000	0.0250	0.0000	0.0000	0.0000	0.0000	0.0000	0.0000	0.0000	0.0000	0.0000	0.0270	0.0157	0.0114	0.0102	0.0096	0.0006	0.0168	0.0061	0.0108	0.0000	0.0000	0.0000	0.0000	0.0000	0.0000	0.0000	0.0000	0.0000	1.5098	1.0101	2.1987	1.5558	1.6518	0.0026	1.4820	0.0001	2.3193	
42	52	0.0693	11	0	1	0	0	0	0	0	0	N	N	N	N	N	N	N	N	N	N	N	N	0.0000	0.0000	0.0000	0.0000	0.0000	0.0000	0.0000	0.0000	0.0000	0.0000	0.0000	0.0000	0.0000	0.0000	0.0000	0.0000	0.0000	0.0000	0.6897	0.4692	1.0004	0.7029	0.7488	0.0025	0.6819	0.0482	1.0591	1.5132	0.0000	-0.0001	0.0007	2.6694	0.9413	2.4027	0.0000	0.0000	0.0000	0.0000	0.0000	0.0000	0.0000	0.0000	0.0000	0.0041	0.0016	0.0025	0.0016	0.0016	0.0000	0.0025	0.0001	0.0025	0.0000	0.0000	0.0000	0.0000	0.0000	0.0000	0.0000	0.0000	0.0000	0.0059	0.0035	0.0025	0.0022	0.0021	0.0001	0.0037	0.0014	0.0023	0.0000	0.0000	0.0000	0.0000	0.0000	0.0000	0.0000	0.0000	0.0000	0.6897	0.4692	1.0004	0.7029	0.7488	0.0025	0.6819	0.0482	1.0591	
42	53	0.0641	10	0	1	0	0	0	0	0	0	N	N	N	N	N	N	N	N	N	N	N	N	0.0000	0.0000	0.0000	0.0000	0.0000	0.0000	0.0000	0.0000	0.0000	0.0000	0.0000	0.0000	0.0000	0.0000	0.0000	0.0000	0.0000	0.0000	0.0484	0.0342	0.0701	0.0584	0.0636	0.0001	0.0431	0.0012	0.0756	1.3409	0.0000	-0.0000	0.0007	8.6921	0.9413	5.3599	0.0000	0.0000	0.0000	0.0000	0.0000	0.0000	0.0000	0.0000	0.0000	0.0006	0.0003	0.0004	0.0003	0.0003	0.0000	0.0004	0.0000	0.0004	0.0000	0.0000	0.0000	0.0000	0.0000	0.0000	0.0000	0.0000	0.0000	0.0129	0.0078	0.0051	0.0045	0.0041	0.0004	0.0084	0.0037	0.0047	0.0000	0.0000	0.0000	0.0000	0.0000	0.0000	0.0000	0.0000	0.0000	0.0484	0.0342	0.0701	0.0584	0.0636	0.0001	0.0431	0.0012	0.0756	
42	54	0.0638	9	0	1	0	0	0	0	0	0	N	N	N	N	N	N	N	N	N	N	N	N	0.0000	0.0000	0.0000	0.0000	0.0000	0.0000	0.0000	0.0000	0.0000	0.0000	0.0000	0.0000	0.0000	0.0000	0.0000	0.0000	0.0919	0.0812	0.1073	0.1287	0.1378	0.0000	0.0702	0.0000	0.1141	0.9202	0.0000	-0.0000	0.0007	1.8652	0.9413	1.4001	0.0000	0.0000	0.0000	0.0000	0.0000	0.0000	0.0000	0.0000	0.0000	0.0003	0.0002	0.0002	0.0002	0.0002	0.0000	0.0002	0.0000	0.0002	0.0000	0.0000	0.0000	0.0000	0.0000	0.0000	0.0000	0.0000	0.0000	0.0036	0.0021	0.0015	0.0013	0.0013	0.0001	0.0023	0.0009	0.0014	0.0000	0.0000	0.0000	0.0000	0.0000	0.0000	0.0000	0.0000	0.0000	0.0919	0.0812	0.1073	0.1287	0.1378	0.0000	0.0702	0.0000	0.1141			
42	55	0.0593	8	0	1	0	0	0	0	0	0	N	N	N	N	N	N	N	N	N	N	N	N	0.0000	0.0000	0.0000	0.0000	0.0000	0.0000	0.0000	0.0000	0.0000	0.0000	0.0000	0.0000	0.0000	0.0000	0.0000	0.0000	0.0000	0.0238	0.0150	0.0390	0.0246	0.0264	0.0000	0.0233	0.0006	0.0420	1.4993	0.0000	-0.0000	0.0007	2.5292	0.9413	4.9772	0.0000	0.0000	0.0000	0.0000	0.0000	0.0000	0.0000	0.0000	0.0000	0.0002	0.0001	0.0001	0.0001	0.0001	0.0000	0.0001	0.0000	0.0001	0.0000	0.0000	0.0000	0.0000	0.0000	0.0000	0.0000	0.0000	0.0000	0.0088	0.0056	0.0032	0.0034	0.0031	0.0002	0.0055	0.0025	0.0030	0.0000	0.0000	0.0000	0.0000	0.0000	0.0000	0.0000	0.0000	0.0000	0.0238	0.0150	0.0390	0.0246	0.0264	0.0000	0.0233	0.0006	0.0420		
42	56	0.0185	5	1	2	0	0	0	0	0	0	N	Y	N	N	N	N	N	N	N	N	N	N	0.0000	0.0000	0.0000	0.0000	0.0000	0.0000	0.0000	0.0000	0.0000	0.0000	0.0000	0.0000	0.0000	0.0000	0.0000	0.0000	0.0000	0.0000	0.0000	0.0000	0.0007	0.0000	0.9413	10.9971	0.0000	0.0000	0.0000	0.0000	0.0000	0.0000	0.0000	0.0000	0.0000	0.0000	0.0000	0.0000	0.0000	0.0000	0.0000	0.0000	0.0000	0.0000	0.0000	0.0000	0.0000	0.0000	0.0000	0.0000	0.0000	0.0000	0.0000	0.0109	0.0063	0.0046	0.0032	0.0030	0.0002	0.0077	0.0033	0.0044	0.0000	0.0000	0.0000	0.0000	0.0000	0.0000	0.0000	0.0000	0.0000	0.0000	0.0000	0.0000	0.0000	0.0000	0.0000	0.0000	0.0000	0.0000											
42	57	0.1402	10	0	1	0	0	0	0	0	0	N	N	N	N	N	N	N	N	N	N	N	N	0.4251	0.6747	0.1128	1.4509	1.3804	560.8284	0.0479	0.1177	0.0836	0.0756	0.0823	0.0302	0.1955	0.1994	0.0865	0.0104	0.0074	0.0244	0.1779	0.1220	0.2677	0.1348	0.1444	0.0002	0.2176	0.0626	0.2921	0.0540	1.3663	-0.0000	-0.0003	0.0007	7.8198	0.9413	21.5823	0.0000	0.0000	0.0000	0.0000	0.0000	0.0000	0.0000	0.0000	0.0000	0.0077	0.0033	0.0045	0.0028	0.0028	0.0000	0.0049	0.0005	0.0045	0.0001	0.0000	0.0000	0.0000	0.0000	0.0000	0.0000	0.0000	0.0000	0.0433	0.0267	0.0166	0.0208	0.0194	0.0014	0.0226	0.0073	0.0152	0.4251	0.6747	0.1128	1.4509	1.3804	560.8284	0.0479	0.1177	0.0836	0.1779	0.1220	0.2677	0.1348	0.1444	0.0002	0.2176	0.0626	0.2921
42	58	0.0543	9	1	2	1	0	0	0	0	0	N	Y	N	N	N	N	N	N	N	N	N	N	0.0000	0.0000	0.0000	0.0000	0.0000	0.0000	0.0000	0.0000	0.0000	0.0000	0.0000	0.0000	0.0000	0.0000	0.0000	0.0000	0.0000	0.0001	0.0001	0.0001	0.0001	0.0002	0.0000	0.0001	0.0000	0.0001	0.8330	0.0000	-0.0000	0.0007	2.0055	0.9413	11.8091	0.0000	0.0000	0.0000	0.0000	0.0000	0.0000	0.0000	0.0000	0.0000	0.0000	0.0000	0.0000	0.0000	0.0000	0.0000	0.0000	0.0000	0.0000	0.0000	0.0000	0.0000	0.0000	0.0000	0.0000	0.0000	0.0000	0.0000	0.0132	0.0078	0.0054	0.0042	0.0039	0.0003	0.0090	0.0039	0.0051	0.0000	0.0000	0.0000	0.0000	0.0000	0.0000	0.0000	0.0000	0.0000	0.0001	0.0001	0.0001	0.0001	0.0002	0.0000	0.0001	0.0000	0.0001		
42	59	0.0488	8	1	1	1	0	0	0	0	0	N	N	N	N	N	N	N	N	N	N	N	N	0.0000	0.0000	0.0000	0.0000	0.0000	0.0000	0.0000	0.0000	0.0000	0.0000	0.0000	0.0000	0.0000	0.0000	0.0000	0.0000	0.0000	0.0000	0.0022	0.0016	0.0033	0.0030	0.0030	0.0019	0.0018	0.0000	0.0033	1.2062	0.0000	-0.0000	0.0007	1.9951	0.9413	2.5667	0.0000	0.0000	0.0000	0.0000	0.0000	0.0000	0.0000	0.0000	0.0000	0.0000	0.0000	0.0000	0.0000	0.0000	0.0000	0.0000	0.0000	0.0000	0.0000	0.0000	0.0000	0.0000	0.0000	0.0000	0.0000	0.0000	0.0000	0.0053	0.0034	0.0020	0.0019	0.0018	0.0001	0.0035	0.0016	0.0019	0.0000	0.0000	0.0000	0.0000	0.0000	0.0000	0.0000	0.0000	0.0000	0.0022	0.0016	0.0033	0.0030	0.0030	0.0019	0.0018	0.0000	0.0033	
42	60	0.0421	7	1	1	1	0	0	0	0	0	N	N	N	N	N	N	N	N	N	N	N	N	6.0793	0.0000	3.8667	0.0000	0.0000	0.0000	6.6414	0.0000	3.3855	0.2230	0.0000	0.4816	0.0000	0.0000	0.0000	0.4310	0.0000	0.4818	0.0367	0.0014	0.1246	0.0022	0.0024	0.0001	0.0649	0.0000	0.1423	inf	36.3703	0.0000	0.0001	0.0007	0.0108	0.9413	3.6229	0.0000	0.0000	0.0000	0.0000	0.0000	0.0000	0.0000	0.0000	0.0000	0.0002	0.0000	0.0002	0.0000	0.0000	0.0000	0.0002	0.0000	0.0002	0.0000	0.0000	0.0000	0.0000	0.0000	0.0000	0.0000	0.0000	0.0000	0.0049	0.0035	0.0014	0.0022	0.0020	0.0002	0.0027	0.0015	0.0012	6.0793	0.0000	3.8667	0.0000	0.0000	0.0000	6.6414	0.0000	3.3855	0.0367	0.0014	0.1246	0.0022	0.0024	0.0001	0.0649	0.0000	0.1423
42	61	0.0605	8	0	2	0	0	0	0	0	0	N	Y	N	N	N	N	N	N	N	N	N	N	0.0000	0.0000	0.0000	0.0000	0.0000	0.0000	0.0000	0.0000	0.0000	0.0000	0.0000	0.0000	0.0000	0.0000	0.0000	0.0000	0.0000	0.0001	0.0001	0.0002	0.0002	0.0003	0.0000	0.0001	0.0000	0.0002	0.5806	0.0000	-0.0000	0.0007	4.0917	0.9413	8.0988	0.0000	0.0000	0.0000	0.0000	0.0000	0.0000	0.0000	0.0000	0.0000	0.0000	0.0000	0.0000	0.0000	0.0000	0.0000	0.0000	0.0000	0.0000	0.0000	0.0000	0.0000	0.0000	0.0000	0.0000	0.0000	0.0000	0.0000	0.0155	0.0099	0.0056	0.0059	0.0056	0.0003	0.0095	0.0043	0.0052	0.0000	0.0000	0.0000	0.0000	0.0000	0.0000	0.0000	0.0000	0.0000	0.0001	0.0001	0.0002	0.0002	0.0003	0.0000	0.0001	0.0000	0.0002		
42	62	0.0567	7	0	2	0	0	0	0	0	0	N	Y	N	N	N	N	N	N	N	N	N	N	0.0000	0.0000	0.0000	0.0000	0.0000	0.0000	0.0000	0.0000	0.0000	0.0000	0.0000	0.0000	0.0000	0.0000	0.0000	0.0000	0.0000	0.0000	0.1556	0.1398	0.1784	0.0551	0.0571	0.0279	0.2086	0.2386	0.1877	0.8834	-0.0000	-0.0002	0.0007	2.1165	0.9413	5.0852	0.0000	0.0000	0.0000	0.0000	0.0000	0.0000	0.0000	0.0000	0.0000	0.0012	0.0007	0.0006	0.0002	0.0001	0.0000	0.0011	0.0005	0.0006	0.0000	0.0000	0.0000	0.0000	0.0000	0.0000	0.0000	0.0000	0.0000	0.0080	0.0047	0.0033	0.0027	0.0026	0.0002	0.0052	0.0021	0.0031	0.0000	0.0000	0.0000	0.0000	0.0000	0.0000	0.0000	0.0000	0.0000	0.1556	0.1398	0.1784	0.0551	0.0571	0.0279	0.2086	0.2386	0.1877	
42	63	0.0421	7	1	1	1	0	0	0	0	0	N	N	N	N	N	N	N	N	N	N	N	N	1979.2123	1664.2762	0.0000	5014.6950	4744.6107	0.0000	0.0000	0.0000	2.3712	2.8061	0.0000	15.2600	15.4474	0.0000	0.0000	0.0000	0.0000	0.0012	0.0017	0.0005	0.0030	0.0033	0.0000	0.0003	0.0000	0.0005	0.0000	0.2226	-0.0000	-0.0000	0.0007	3.9990	0.9413	8.8702	0.0000	0.0000	0.0000	0.0000	0.0000	0.0000	0.0000	0.0000	0.0000	0.0000	0.0000	0.0000	0.0000	0.0000	0.0000	0.0000	0.0000	0.0000	0.0000	0.0000	0.0000	0.0000	0.0000	0.0000	0.0000	0.0000	0.0000	0.0122	0.0071	0.0051	0.0039	0.0037	0.0003	0.0083	0.0034	0.0049	1979.2123	1664.2762	0.0000	5014.6950	4744.6107	0.0000	0.0000	0.0000	0.0000	0.0012	0.0017	0.0005	0.0030	0.0033	0.0000	0.0003	0.0000	0.0005	
42	64	0.0219	6	1	1	1	0	0	0	0	0	N	N	N	N	N	N	N	N	N	N	N	N	2.8083	1.7479	8.1666	7.3897	7.0579	0.0000	1.9115	0.0000	7.8732	0.0144	0.0092	0.0400	0.0536	0.0539	0.0000	0.0078	0.0000	0.0402	0.0051	0.0053	0.0049	0.0073	0.0076	0.0000	0.0041	0.0028	0.0051	0.8739	0.6241	-0.0000	-0.0000	0.0007	3.9972	0.9413	6.8232	0.0000	0.0000	0.0000	0.0000	0.0000	0.0000	0.0000	0.0000	0.0000	0.0001	0.0000	0.0000	0.0000	0.0000	0.0000	0.0000	0.0000	0.0000	0.0000	0.0000	0.0000	0.0000	0.0000	0.0000	0.0000	0.0000	0.0000	0.0125	0.0075	0.0050	0.0041	0.0039	0.0002	0.0084	0.0036	0.0048	2.8083	1.7479	8.1666	7.3897	7.0579	0.0000	1.9115	0.0000	7.8732	0.0051	0.0053	0.0049	0.0073	0.0076	0.0000	0.0041	0.0028	0.0051
42	65	0.0644	8	0	2	0	0	0	0	0	0	N	Y	N	N	N	N	N	N	N	N	N	N	0.3413	0.5846	0.0005	2.0028	1.8672	0.2432	0.0001	0.0000	0.0003	0.3063	0.3635	0.0006	1.8838	1.9159	0.0084	0.0001	0.0000	0.0005	0.8974	0.6218	1.3573	0.9406	1.0261	0.0345	0.8695	0.0805	1.4884	0.0003	1.3078	-0.0000	-0.0022	0.0007	15.6632	0.9413	35.0639	0.0000	0.0000	0.0000	0.0000	0.0000	0.0000	0.0000	0.0000	0.0000	0.0463	0.0201	0.0262	0.0190	0.0189	0.0001	0.0273	0.0011	0.0262	0.0001	0.0001	0.0000	0.0000	0.0000	0.0000	0.0001	0.0000	0.0000	0.0516	0.0323	0.0193	0.0202	0.0185	0.0017	0.0314	0.0138	0.0176	0.3413	0.5846	0.0005	2.0028	1.8672	0.2432	0.0001	0.0000	0.0003	0.8974	0.6218	1.3573	0.9406	1.0261	0.0345	0.8695	0.0805	1.4884
42	66	0.0644	8	0	1	1	0	0	0	0	0	N	N	N	N	N	N	N	N	N	N	N	N	1033.9597	795.5837	0.0000	3266.3445	3015.2060	0.0000	656.4575	334.2005	0.0000	16.9008	19.9887	0.0000	2.3849	2.4216	0.0000	20.1258	24.7074	0.0000	0.0163	0.0251	0.0000	0.0007	0.0008	0.0000	0.0307	0.0739	0.0000	0.0000	0.0001	-0.0002	-0.0003	0.0007	4.9998	0.9413	10.1184	0.0004	0.0004	0.0000	0.0000	0.0000	0.0000	0.0004	0.0004	0.0000	0.0005	0.0005	0.0000	0.0000	0.0000	0.0000	0.0005	0.0005	0.0000	0.0000	0.0000	0.0000	0.0000	0.0000	0.0000	0.0000	0.0000	0.0000	0.0288	0.0187	0.0101	0.0138	0.0125	0.0013	0.0150	0.0062	0.0088	1033.9597	795.5837	0.0000	3266.3445	3015.2060	0.0000	656.4575	334.2005	0.0000	0.0163	0.0251	0.0000	0.0007	0.0008	0.0000	0.0307	0.0739	0.0000
42	67	0.0688	10	0	2	0	0	0	0	0	0	N	Y	N	N	N	N	N	N	N	N	N	N	0.0000	0.0000	0.0000	0.0000	0.0000	0.0000	0.0000	0.0000	0.0000	0.0000	0.0000	0.0000	0.0000	0.0000	0.0000	0.0000	0.0000	0.0000	0.0215	0.0028	0.0523	0.0038	0.0040	0.0011	0.0321	0.0013	0.0559	11.1333	0.0000	0.0002	0.0007	10.9928	0.9413	18.5513	0.0000	0.0000	0.0000	0.0000	0.0000	0.0000	0.0000	0.0000	0.0000	0.0006	0.0000	0.0005	0.0000	0.0000	0.0000	0.0006	0.0000	0.0005	0.0000	0.0000	0.0000	0.0000	0.0000	0.0000	0.0000	0.0000	0.0000	0.0276	0.0172	0.0104	0.0103	0.0097	0.0007	0.0172	0.0075	0.0097	0.0000	0.0000	0.0000	0.0000	0.0000	0.0000	0.0000	0.0000	0.0000	0.0215	0.0028	0.0523	0.0038	0.0040	0.0011	0.0321	0.0013	0.0559	
42	68	0.0688	9	0	1	0	0	0	0	0	0	N	N	N	N	N	N	N	N	N	N	N	N	0.0721	0.0000	0.0000	0.0000	0.0000	0.0000	0.0000	0.0000	0.0000	0.0013	0.0000	0.0000	0.0000	0.0000	0.0000	0.0000	0.0000	0.0000	0.0185	0.0178	0.0200	0.0202	0.0202	0.0201	0.0171	0.0124	0.0200	0.5664	-0.0000	-0.0000	0.0007	0.0861	0.9413	1.0715	0.0000	0.0000	0.0000	0.0000	0.0000	0.0000	0.0000	0.0000	0.0000	0.0001	0.0000	0.0000	0.0000	0.0000	0.0000	0.0000	0.0000	0.0000	0.0000	0.0000	0.0000	0.0000	0.0000	0.0000	0.0000	0.0000	0.0000	0.0040	0.0027	0.0013	0.0019	0.0018	0.0000	0.0021	0.0008	0.0013	0.0721	0.0000	0.0000	0.0000	0.0000	0.0000	0.0000	0.0000	0.0000	0.0185	0.0178	0.0200	0.0202	0.0202	0.0201	0.0171	0.0124	0.0200	
42	69	0.0515	7	1	1	1	0	0	0	0	0	N	N	N	N	N	N	N	N	N	N	N	N	0.0000	0.0000	0.0000	0.0000	0.0000	0.0000	0.0000	0.0000	0.0000	0.0000	0.0000	0.0000	0.0000	0.0000	0.0000	0.0000	0.0006	0.0004	0.0009	0.0008	0.0009	0.0000	0.0006	0.0000	0.0010	1.6169	0.0000	0.0000	0.0007	1.0000	0.9413	3.0001	0.0000	0.0000	0.0000	0.0000	0.0000	0.0000	0.0000	0.0000	0.0000	0.0000	0.0000	0.0000	0.0000	0.0000	0.0000	0.0000	0.0000	0.0000	0.0000	0.0000	0.0000	0.0000	0.0000	0.0000	0.0000	0.0000	0.0000	0.0042	0.0024	0.0018	0.0013	0.0012	0.0001	0.0029	0.0013	0.0017	0.0000	0.0000	0.0000	0.0000	0.0000	0.0000	0.0000	0.0000	0.0000	0.0006	0.0004	0.0009	0.0008	0.0009	0.0000	0.0006	0.0000	0.0010			
42	70	0.0515	6	1	1	1	0	0	0	0	0	N	N	N	N	N	N	N	N	N	N	N	N	0.0000	0.0000	0.0000	0.0000	0.0000	0.0000	0.0000	0.0000	0.0000	0.0000	0.0000	0.0000	0.0000	0.0000	0.0000	0.0000	0.6021	0.5764	0.6302	0.6286	0.6320	0.0000	0.5777	0.0000	0.6336	1.0000	0.0000	-0.0000	0.0007	0.0000	0.9413	0.0009	0.0000	0.0000	0.0000	0.0000	0.0000	0.0000	0.0000	0.0000	0.0000	0.0000	0.0000	0.0000	0.0000	0.0000	0.0000	0.0000	0.0000	0.0000	0.0000	0.0000	0.0000	0.0000	0.0000	0.0000	0.0000	0.0000	0.0000	0.0000	0.0000	0.0000	0.0000	0.0000	0.0000	0.0000	0.0000	0.0000	0.0000	0.0000	0.0000	0.0000	0.0000	0.0000	0.0000	0.0000	0.0000	0.6021	0.5764	0.6302	0.6286	0.6320	0.0000	0.5777	0.0000	0.6336			
42	71	0.0185	5	1	1	1	0	0	0	0	0	N	N	N	N	N	N	N	N	N	N	N	N	0.9989	0.0000	4.2287	0.6987	0.0000	inf	1.1592	0.0000	3.6189	2.1667	0.0000	13.3208	2.0213	0.0000	279.2427	2.1864	0.0000	11.9038	2.1691	1.4432	3.1501	2.8930	3.0909	0.0000	1.8861	0.0519	3.2893	inf	1.6153	0.0000	0.0001	0.0007	9.9966	0.9413	12.9129	0.0001	0.0000	0.0001	0.0000	0.0000	0.0000	0.0001	0.0000	0.0001	0.0456	0.0174	0.0282	0.0171	0.0171	0.0000	0.0285	0.0003	0.0282	0.0000	0.0000	0.0000	0.0000	0.0000	0.0000	0.0000	0.0000	0.0000	0.0210	0.0121	0.0089	0.0059	0.0055	0.0004	0.0151	0.0066	0.0086	0.9989	0.0000	4.2287	0.6987	0.0000	inf	1.1592	0.0000	3.6189	2.1691	1.4432	3.1501	2.8930	3.0909	0.0000	1.8861	0.0519	3.2893
42	72	0.0517	6	0	2	0	1	0	0	0	0	N	Y	N	N	N	N	N	N	N	N	N	N	3.9091	3.4650	0.0000	16.3486	15.5618	0.0000	0.0000	0.0000	0.0000	0.5633	0.6711	0.0000	3.7538	3.8185	0.0000	0.0000	0.0000	0.0000	0.1441	0.1937	0.0726	0.2296	0.2454	0.0230	0.1085	0.1492	0.0752	0.0000	0.2597	-0.0000	-0.0025	0.0007	13.0000	0.9413	39.1663	0.0000	0.0000	0.0000	0.0000	0.0000	0.0000	0.0000	0.0000	0.0000	0.0060	0.0048	0.0012	0.0028	0.0028	0.0000	0.0032	0.0020	0.0012	0.0001	0.0000	0.0000	0.0000	0.0000	0.0000	0.0000	0.0000	0.0000	0.0417	0.0246	0.0171	0.0123	0.0114	0.0009	0.0295	0.0132	0.0162	3.9091	3.4650	0.0000	16.3486	15.5618	0.0000	0.0000	0.0000	0.0000	0.1441	0.1937	0.0726	0.2296	0.2454	0.0230	0.1085	0.1492	0.0752
42	73	0.0542	7	0	2	0	0	0	0	0	0	N	Y	N	N	N	N	N	N	N	N	N	N	0.0000	0.0000	0.0000	0.0000	0.0000	0.0000	0.0000	0.0000	0.0000	0.0000	0.0000	0.0000	0.0000	0.0000	0.0000	0.0000	0.0000	0.0000	0.0168	0.0277	0.0001	0.0029	0.0030	0.0020	0.0237	0.0533	0.0000	0.0025	0.0000	-0.0002	0.0007	3.0003	0.9413	18.1082	0.0000	0.0000	0.0000	0.0000	0.0000	0.0000	0.0000	0.0000	0.0000	0.0003	0.0003	0.0000	0.0000	0.0000	0.0000	0.0003	0.0003	0.0000	0.0000	0.0000	0.0000	0.0000	0.0000	0.0000	0.0000	0.0000	0.0000	0.0208	0.0126	0.0082	0.0068	0.0064	0.0004	0.0139	0.0062	0.0078	0.0000	0.0000	0.0000	0.0000	0.0000	0.0000	0.0000	0.0000	0.0000	0.0168	0.0277	0.0001	0.0029	0.0030	0.0020	0.0237	0.0533	0.0000	
42	74	0.0219	6	0	2	0	0	0	0	0	0	N	Y	N	N	N	N	N	N	N	N	N	N	98.5913	447.3367	0.0000	555327.4643	755056.2463	0.0000	0.0000	0.0000	0.0000	1.3041	1.5632	0.0000	9.7994	9.8618	0.0000	0.0000	0.0000	0.0000	0.0132	0.0035	0.0270	0.0000	0.0000	0.0001	0.0189	0.0067	0.0281	0.0000	5.4694	-0.0000	0.0001	0.0007	7.0046	0.9413	18.1036	0.0000	0.0000	0.0000	0.0000	0.0000	0.0000	0.0000	0.0000	0.0000	0.0003	0.0001	0.0003	0.0000	0.0000	0.0000	0.0003	0.0000	0.0003	0.0000	0.0000	0.0000	0.0000	0.0000	0.0000	0.0000	0.0000	0.0000	0.0245	0.0143	0.0102	0.0073	0.0069	0.0004	0.0172	0.0074	0.0097	98.5913	447.3367	0.0000	555327.4643	755056.2463	0.0000	0.0000	0.0000	0.0000	0.0132	0.0035	0.0270	0.0000	0.0000	0.0001	0.0189	0.0067	0.0281
42	75	0.0185	5	0	1	0	0	0	0	0	0	N	N	N	N	N	N	N	N	N	N	N	N	1.3296	2.1795	0.0000	33.7146	32.2389	0.0000	0.0000	0.0000	0.0000	0.1078	0.1276	0.0000	0.7287	0.7325	0.0000	0.0000	0.0000	0.0000	0.0811	0.0585	0.1129	0.0216	0.0227	0.0005	0.1084	0.0960	0.1173	0.0000	1.3705	-0.0000	-0.0000	0.0007	0.2435	0.9413	3.2922	0.0000	0.0000	0.0000	0.0000	0.0000	0.0000	0.0000	0.0000	0.0000	0.0003	0.0001	0.0002	0.0000	0.0000	0.0000	0.0003	0.0001	0.0002	0.0000	0.0000	0.0000	0.0000	0.0000	0.0000	0.0000	0.0000	0.0000	0.0040	0.0024	0.0017	0.0013	0.0012	0.0001	0.0028	0.0011	0.0016	1.3296	2.1795	0.0000	33.7146	32.2389	0.0000	0.0000	0.0000	0.0000	0.0811	0.0585	0.1129	0.0216	0.0227	0.0005	0.1084	0.0960	0.1173
42	77	0.0692	10	0	2	0	0	0	0	0	0	N	Y	N	N	N	N	N	N	N	N	N	N	0.0000	0.0000	0.0000	0.0000	0.0000	0.0000	0.0000	0.0000	0.0000	0.0000	0.0000	0.0000	0.0000	0.0000	0.0000	0.0000	0.0146	0.0009	0.0326	0.0018	0.0018	0.0000	0.0200	0.0000	0.0332	26.0316	0.0000	0.0001	0.0007	8.6571	0.9413	16.0761	0.0000	0.0000	0.0000	0.0000	0.0000	0.0000	0.0000	0.0000	0.0000	0.0003	0.0000	0.0003	0.0000	0.0000	0.0000	0.0003	0.0000	0.0003	0.0000	0.0000	0.0000	0.0000	0.0000	0.0000	0.0000	0.0000	0.0000	0.0192	0.0110	0.0083	0.0057	0.0056	0.0001	0.0135	0.0054	0.0081	0.0000	0.0000	0.0000	0.0000	0.0000	0.0000	0.0000	0.0000	0.0000	0.0146	0.0009	0.0326	0.0018	0.0018	0.0000	0.0200	0.0000	0.0332			
42	78	0.0688	9	0	2	0	0	0	0	0	0	N	Y	N	N	N	N	N	N	N	N	N	N	0.0000	0.0000	0.0000	0.0000	0.0000	0.0000	0.0000	0.0000	0.0000	0.0000	0.0000	0.0000	0.0000	0.0000	0.0000	0.0000	0.0000	0.0003	0.0002	0.0005	0.0003	0.0003	0.0000	0.0003	0.0000	0.0005	1.2967	0.0000	-0.0000	0.0007	0.3645	0.9413	1.9845	0.0000	0.0000	0.0000	0.0000	0.0000	0.0000	0.0000	0.0000	0.0000	0.0000	0.0000	0.0000	0.0000	0.0000	0.0000	0.0000	0.0000	0.0000	0.0000	0.0000	0.0000	0.0000	0.0000	0.0000	0.0000	0.0000	0.0000	0.0051	0.0033	0.0018	0.0023	0.0022	0.0001	0.0028	0.0011	0.0017	0.0000	0.0000	0.0000	0.0000	0.0000	0.0000	0.0000	0.0000	0.0000	0.0003	0.0002	0.0005	0.0003	0.0003	0.0000	0.0003	0.0000	0.0005		
42	79	0.0593	8	0	1	0	0	0	0	0	0	N	N	N	N	N	N	N	N	N	N	N	N	0.0000	0.0000	0.0000	0.0000	0.0000	0.0000	0.0000	0.0000	0.0000	0.0000	0.0000	0.0000	0.0000	0.0000	0.0000	0.0000	0.0000	0.0000	0.0307	0.0088	0.0658	0.0150	0.0144	0.0217	0.0393	0.0024	0.0692	4.6991	-0.0000	0.0001	0.0007	2.9108	0.9413	14.2456	0.0000	0.0000	0.0000	0.0000	0.0000	0.0000	0.0000	0.0000	0.0000	0.0005	0.0001	0.0004	0.0001	0.0001	0.0000	0.0004	0.0000	0.0004	0.0000	0.0000	0.0000	0.0000	0.0000	0.0000	0.0000	0.0000	0.0000	0.0171	0.0105	0.0066	0.0060	0.0056	0.0005	0.0111	0.0050	0.0061	0.0000	0.0000	0.0000	0.0000	0.0000	0.0000	0.0000	0.0000	0.0000	0.0307	0.0088	0.0658	0.0150	0.0144	0.0217	0.0393	0.0024	0.0692	
42	80	0.0542	7	0	1	0	0	0	0	0	0	N	N	N	N	N	N	N	N	N	N	N	N	0.0000	0.0000	0.0000	0.0000	0.0000	0.0000	0.0000	0.0000	0.0000	0.0000	0.0000	0.0000	0.0000	0.0000	0.0000	0.0000	0.0000	0.0000	0.0835	0.1286	0.0085	0.0223	0.0236	0.0002	0.1196	0.2629	0.0089	0.0396	0.0000	-0.0005	0.0007	0.1009	0.9413	7.5203	0.0000	0.0000	0.0000	0.0000	0.0000	0.0000	0.0000	0.0000	0.0000	0.0008	0.0008	0.0000	0.0001	0.0001	0.0000	0.0007	0.0007	0.0000	0.0000	0.0000	0.0000	0.0000	0.0000	0.0000	0.0000	0.0000	0.0000	0.0096	0.0060	0.0036	0.0036	0.0034	0.0002	0.0060	0.0026	0.0034	0.0000	0.0000	0.0000	0.0000	0.0000	0.0000	0.0000	0.0000	0.0000	0.0835	0.1286	0.0085	0.0223	0.0236	0.0002	0.1196	0.2629	0.0089	
42	81	0.0517	6	0	1	0	0	0	0	0	0	N	N	N	N	N	N	N	N	N	N	N	N	0.0000	0.0000	0.0000	0.0000	0.0000	0.0000	0.0000	0.0000	0.0000	0.0000	0.0000	0.0000	0.0000	0.0000	0.0000	0.0000	0.0000	0.0000	0.0040	0.0045	0.0032	0.0028	0.0029	0.0015	0.0047	0.0067	0.0033	0.4687	0.0000	-0.0000	0.0007	0.0014	0.9413	3.7882	0.0000	0.0000	0.0000	0.0000	0.0000	0.0000	0.0000	0.0000	0.0000	0.0000	0.0000	0.0000	0.0000	0.0000	0.0000	0.0000	0.0000	0.0000	0.0000	0.0000	0.0000	0.0000	0.0000	0.0000	0.0000	0.0000	0.0000	0.0050	0.0030	0.0020	0.0018	0.0017	0.0001	0.0032	0.0013	0.0019	0.0000	0.0000	0.0000	0.0000	0.0000	0.0000	0.0000	0.0000	0.0000	0.0040	0.0045	0.0032	0.0028	0.0029	0.0015	0.0047	0.0067	0.0033	
42	82	0.0674	9	0	2	0	0	0	0	0	0	N	Y	N	N	N	N	N	N	N	N	N	N	0.0000	0.0000	0.0000	0.0000	0.0000	0.0000	0.0000	0.0000	0.0000	0.0000	0.0000	0.0000	0.0000	0.0000	0.0000	0.0000	0.0000	0.0000	0.0001	0.0001	0.0001	0.0001	0.0002	0.0000	0.0001	0.0000	0.0001	0.6164	0.0000	-0.0000	0.0007	7.9116	0.9413	21.1247	0.0000	0.0000	0.0000	0.0000	0.0000	0.0000	0.0000	0.0000	0.0000	0.0000	0.0000	0.0000	0.0000	0.0000	0.0000	0.0000	0.0000	0.0000	0.0000	0.0000	0.0000	0.0000	0.0000	0.0000	0.0000	0.0000	0.0000	0.0344	0.0219	0.0125	0.0142	0.0124	0.0019	0.0202	0.0096	0.0106	0.0000	0.0000	0.0000	0.0000	0.0000	0.0000	0.0000	0.0000	0.0000	0.0001	0.0001	0.0001	0.0001	0.0002	0.0000	0.0001	0.0000	0.0001	
42	83	0.0854	10	1	2	0	0	0	0	0	0	N	Y	N	N	N	N	N	N	N	N	N	N	0.0000	0.0000	0.0000	0.0000	0.0000	0.0000	0.0000	0.0000	0.0000	0.0000	0.0000	0.0000	0.0000	0.0971	0.0000	0.2688	0.0000	0.0000	0.0000	0.1592	0.0000	0.2844	inf	0.0000	0.0001	0.0007	0.0000	0.9413	1.8333	0.0000	0.0000	0.0000	0.0000	0.0000	0.0000	0.0000	0.0000	0.0000	0.0002	0.0000	0.0002	0.0000	0.0000	0.0000	0.0002	0.0000	0.0002	0.0000	0.0000	0.0000	0.0000	0.0000	0.0000	0.0000	0.0000	0.0000	0.0024	0.0015	0.0009	0.0009	0.0009	0.0000	0.0014	0.0006	0.0008	0.0000	0.0000	0.0000	0.0000	0.0000	0.0000	0.0000	0.0000	0.0000	0.0971	0.0000	0.2688	0.0000	0.0000	0.0000	0.1592	0.0000	0.2844						
42	84	0.0674	9	1	2	0	0	0	0	0	0	N	Y	N	N	N	N	N	N	N	N	N	N	0.0000	0.0000	0.0000	0.0000	0.0000	0.0000	0.0000	0.0000	0.0000	0.0000	0.0000	0.0000	0.0000	0.0000	0.0000	0.0000	0.0000	0.0005	0.0007	0.0001	0.0010	0.0011	0.0000	0.0001	0.0000	0.0001	0.1021	0.0000	-0.0000	0.0007	6.9552	0.9413	13.1226	0.0000	0.0000	0.0000	0.0000	0.0000	0.0000	0.0000	0.0000	0.0000	0.0000	0.0000	0.0000	0.0000	0.0000	0.0000	0.0000	0.0000	0.0000	0.0000	0.0000	0.0000	0.0000	0.0000	0.0000	0.0000	0.0000	0.0000	0.0280	0.0182	0.0098	0.0124	0.0106	0.0018	0.0157	0.0076	0.0081	0.0000	0.0000	0.0000	0.0000	0.0000	0.0000	0.0000	0.0000	0.0000	0.0005	0.0007	0.0001	0.0010	0.0011	0.0000	0.0001	0.0000	0.0001		
42	85	0.0644	8	0	2	0	0	0	0	0	0	N	Y	N	N	N	N	N	N	N	N	N	N	0.0000	0.0000	0.0000	0.0000	0.0000	0.0000	0.0000	0.0000	0.0000	0.0000	0.0000	0.0000	0.0000	0.0000	0.0000	0.0000	0.0000	0.0000	3.4501	5.4820	0.1234	1.0874	1.1424	0.4178	5.0569	12.0597	0.0974	0.0137	0.0000	-0.0203	0.0007	0.3374	0.9413	6.1146	0.0000	0.0000	0.0000	0.0000	0.0000	0.0000	0.0000	0.0000	0.0000	0.0338	0.0333	0.0005	0.0043	0.0042	0.0001	0.0295	0.0291	0.0003	0.0000	0.0000	0.0000	0.0000	0.0000	0.0000	0.0000	0.0000	0.0000	0.0098	0.0061	0.0037	0.0040	0.0037	0.0003	0.0058	0.0024	0.0034	0.0000	0.0000	0.0000	0.0000	0.0000	0.0000	0.0000	0.0000	0.0000	3.4501	5.4820	0.1234	1.0874	1.1424	0.4178	5.0569	12.0597	0.0974	
42	86	0.0644	8	0	2	0	0	0	0	0	0	N	Y	N	N	N	N	N	N	N	N	N	N	0.0000	0.0000	0.0000	0.0000	0.0000	0.0000	0.0000	0.0000	0.0000	0.0000	0.0000	0.0000	0.0000	0.0000	0.0000	0.0000	0.0000	0.0000	0.1380	0.2097	0.0276	0.3881	0.4003	0.2364	0.0073	0.0000	0.0130	0.0853	0.0000	-0.0018	0.0007	11.0342	0.9413	12.7513	0.0000	0.0000	0.0000	0.0000	0.0000	0.0000	0.0000	0.0000	0.0000	0.0033	0.0030	0.0003	0.0032	0.0030	0.0001	0.0001	0.0000	0.0001	0.0000	0.0000	0.0000	0.0000	0.0000	0.0000	0.0000	0.0000	0.0000	0.0240	0.0145	0.0094	0.0082	0.0076	0.0006	0.0157	0.0069	0.0088	0.0000	0.0000	0.0000	0.0000	0.0000	0.0000	0.0000	0.0000	0.0000	0.1380	0.2097	0.0276	0.3881	0.4003	0.2364	0.0073	0.0000	0.0130	
42	87	0.0567	7	0	2	0	0	0	0	0	0	N	Y	N	N	N	N	N	N	N	N	N	N	0.0000	0.0000	0.0000	0.0000	0.0000	0.0000	0.0000	0.0000	0.0000	0.0000	0.0000	0.0000	0.0000	0.0000	0.0000	0.0000	0.0000	0.0000	0.4087	0.5286	0.2351	0.0915	0.0967	0.0215	0.5681	1.0075	0.2479	0.3069	0.0000	-0.0017	0.0007	3.9739	0.9413	6.2820	0.0000	0.0000	0.0000	0.0000	0.0000	0.0000	0.0000	0.0000	0.0000	0.0043	0.0033	0.0010	0.0003	0.0003	0.0000	0.0040	0.0030	0.0010	0.0000	0.0000	0.0000	0.0000	0.0000	0.0000	0.0000	0.0000	0.0000	0.0106	0.0063	0.0043	0.0036	0.0033	0.0002	0.0071	0.0030	0.0041	0.0000	0.0000	0.0000	0.0000	0.0000	0.0000	0.0000	0.0000	0.0000	0.4087	0.5286	0.2351	0.0915	0.0967	0.0215	0.5681	1.0075	0.2479	
42	88	0.0517	6	0	2	0	0	0	0	0	0	N	Y	N	N	N	N	N	N	N	N	N	N	0.0000	0.0000	0.0000	0.0000	0.0000	0.0000	0.0000	0.0000	0.0000	0.0000	0.0000	0.0000	0.0000	0.0000	0.0000	0.0000	0.0000	0.0000	0.1056	0.1679	0.0118	0.0119	0.0124	0.0011	0.1548	0.3546	0.0123	0.0469	0.0000	-0.0004	0.0007	0.0056	0.9413	5.7021	0.0000	0.0000	0.0000	0.0000	0.0000	0.0000	0.0000	0.0000	0.0000	0.0007	0.0007	0.0000	0.0000	0.0000	0.0000	0.0007	0.0006	0.0000	0.0000	0.0000	0.0000	0.0000	0.0000	0.0000	0.0000	0.0000	0.0000	0.0067	0.0040	0.0027	0.0023	0.0022	0.0001	0.0044	0.0018	0.0026	0.0000	0.0000	0.0000	0.0000	0.0000	0.0000	0.0000	0.0000	0.0000	0.1056	0.1679	0.0118	0.0119	0.0124	0.0011	0.1548	0.3546	0.0123	
42	92	0.1402	10	0	1	0	0	0	0	0	0	N	N	N	N	N	N	N	N	N	N	N	N	30.3400	6.3724	126.7205	14.7988	14.2250	10.7264	33.8778	inf	125.7093	3.8994	0.5314	24.9202	1.7077	1.7769	0.0552	4.6983	0.0040	27.0155	0.1285	0.0834	0.1967	0.1154	0.1249	0.0051	0.1387	0.0000	0.2149	7.5135	1.5621	0.0001	-0.0000	0.0007	24.8682	0.9413	39.8855	0.0004	0.0001	0.0004	0.0000	0.0000	0.0000	0.0004	0.0000	0.0004	0.0068	0.0027	0.0042	0.0027	0.0027	0.0000	0.0042	0.0000	0.0042	0.0001	0.0001	0.0000	0.0000	0.0000	0.0000	0.0001	0.0001	0.0000	0.0532	0.0320	0.0212	0.0232	0.0213	0.0018	0.0300	0.0106	0.0193	30.3400	6.3724	126.7205	14.7988	14.2250	10.7264	33.8778	inf	125.7093	0.1285	0.0834	0.1967	0.1154	0.1249	0.0051	0.1387	0.0000	0.2149
43	44	0.0689	2	2	1	1	0	0	0	0	0	Y	N	N	N	N	N	N	N	N	N	N	N	0.0000	0.0000	0.0000	0.0000	0.0000	0.0000	0.0000	0.0000	0.0000	0.0000	0.0000	0.0000	0.0000	0.0000	0.0000	0.0000	0.0000	0.0000	0.0000	0.0000	1.9995	10.0000	12.0029	26.8440	0.0000	0.0000	0.0000	0.0000	0.0000	0.0000	0.0000	0.0000	0.0000	0.0000	0.0000	0.0000	0.0000	0.0000	0.0000	0.0000	0.0000	0.0000	0.0926	0.0783	0.0143	0.0038	0.0036	0.0002	0.0888	0.0747	0.0141	0.3109	0.1659	0.1450	0.0447	0.0399	0.0048	0.2661	0.1260	0.1402	0.0000	0.0000	0.0000	0.0000	0.0000	0.0000	0.0000	0.0000	0.0000	0.0000	0.0000	0.0000	0.0000	0.0000	0.0000	0.0000	0.0000	0.0000											
43	45	0.0531	5	1	1	1	0	0	0	0	0	N	N	N	N	N	N	N	N	N	N	N	N	0.0000	0.0000	0.0000	0.0000	0.0000	0.0000	0.0000	0.0000	0.0000	0.0000	0.0000	0.0000	0.0000	0.0000	0.0000	0.0000	0.0000	0.0000	0.0000	0.0000	1.9995	3.0000	12.0029	5.0456	0.0000	0.0000	0.0000	0.0000	0.0000	0.0000	0.0000	0.0000	0.0000	0.0000	0.0000	0.0000	0.0000	0.0000	0.0000	0.0000	0.0000	0.0000	0.0290	0.0244	0.0046	0.0004	0.0004	0.0000	0.0286	0.0240	0.0046	0.0799	0.0430	0.0369	0.0158	0.0139	0.0020	0.0641	0.0292	0.0349	0.0000	0.0000	0.0000	0.0000	0.0000	0.0000	0.0000	0.0000	0.0000	0.0000	0.0000	0.0000	0.0000	0.0000	0.0000	0.0000	0.0000	0.0000											
43	46	0.0489	4	1	1	1	0	0	0	0	0	N	N	N	N	N	N	N	N	N	N	N	N	0.0000	0.0000	0.0000	0.0000	0.0000	0.0000	0.0000	0.0000	0.0000	0.0000	0.0000	0.0000	0.0000	0.0000	0.0000	0.0000	0.0000	0.0000	0.0000	0.0000	1.9995	2.0000	12.0029	1.0030	0.0000	0.0000	0.0000	0.0000	0.0000	0.0000	0.0000	0.0000	0.0000	0.0000	0.0000	0.0000	0.0000	0.0000	0.0000	0.0000	0.0000	0.0000	0.0191	0.0161	0.0030	0.0002	0.0002	0.0000	0.0189	0.0159	0.0030	0.0294	0.0154	0.0140	0.0049	0.0042	0.0007	0.0245	0.0112	0.0134	0.0000	0.0000	0.0000	0.0000	0.0000	0.0000	0.0000	0.0000	0.0000	0.0000	0.0000	0.0000	0.0000	0.0000	0.0000	0.0000	0.0000	0.0000											
43	47	0.0489	3	1	1	1	0	0	0	0	0	N	N	N	N	N	N	N	N	N	N	N	N	0.0000	0.0000	0.0000	0.0000	0.0000	0.0000	0.0000	0.0000	0.0000	0.0000	0.0000	0.0000	0.0000	0.0000	0.0000	0.0000	0.0000	0.0000	0.0000	0.0000	1.9995	0.0000	12.0029	0.0582	0.0000	0.0000	0.0000	0.0000	0.0000	0.0000	0.0000	0.0000	0.0000	0.0000	0.0000	0.0000	0.0000	0.0000	0.0000	0.0000	0.0000	0.0000	0.0000	0.0000	0.0000	0.0000	0.0000	0.0000	0.0000	0.0000	0.0000	0.0019	0.0013	0.0007	0.0008	0.0008	0.0000	0.0012	0.0005	0.0007	0.0000	0.0000	0.0000	0.0000	0.0000	0.0000	0.0000	0.0000	0.0000	0.0000	0.0000	0.0000	0.0000	0.0000	0.0000	0.0000	0.0000	0.0000											
43	48	0.0451	2	1	1	1	0	0	0	0	0	N	N	N	N	N	N	N	N	N	N	N	N	11820.5769	0.0000	inf	0.0000	0.0000	inf	inf	9.4395	0.0000	71.2801	0.0000	0.0000	0.0000	12.3440	0.0000	71.3768	0.0008	0.0013	0.0000	0.0033	0.0034	0.0000	0.0000	0.0000	0.0000	inf	0.0000	0.0001	-0.0000	1.9995	0.0018	12.0029	3.9096	0.0003	0.0000	0.0003	0.0000	0.0000	0.0000	0.0003	0.0000	0.0003	0.0000	0.0000	0.0000	0.0000	0.0000	0.0000	0.0000	0.0000	0.0000	0.0000	0.0000	0.0000	0.0000	0.0000	0.0000	0.0000	0.0000	0.0000	0.0589	0.0356	0.0234	0.0142	0.0139	0.0002	0.0448	0.0217	0.0231	11820.5769	0.0000	inf	0.0000	0.0000	0.0000	inf	0.0000	inf	0.0008	0.0013	0.0000	0.0033	0.0034	0.0000	0.0000	0.0000	0.0000		
43	50	0.0987	9	1	0	2	0	0	0	0	0	N	N	Y	N	N	N	N	N	N	N	N	N	0.0000	0.0000	0.0000	0.0000	0.0000	0.0000	0.0000	0.0000	0.0000	0.0000	0.0000	0.0000	0.0000	0.0000	0.0000	0.0000	0.0000	0.0000	0.0000	0.0000	1.9995	0.0004	12.0029	0.9852	0.0000	0.0000	0.0000	0.0000	0.0000	0.0000	0.0000	0.0000	0.0000	0.0000	0.0000	0.0000	0.0000	0.0000	0.0000	0.0000	0.0000	0.0000	0.0000	0.0000	0.0000	0.0000	0.0000	0.0000	0.0000	0.0000	0.0000	0.0087	0.0049	0.0037	0.0022	0.0019	0.0003	0.0065	0.0031	0.0034	0.0000	0.0000	0.0000	0.0000	0.0000	0.0000	0.0000	0.0000	0.0000	0.0000	0.0000	0.0000	0.0000	0.0000	0.0000	0.0000	0.0000	0.0000											
43	51	0.0878	8	1	0	1	0	0	0	0	0	N	N	N	N	N	N	N	N	N	N	N	N	0.0000	0.0000	0.0000	0.0000	0.0000	0.0000	0.0000	0.0000	0.0000	0.0000	0.0000	0.0000	0.0000	0.0000	0.0000	0.0000	0.0000	0.0000	0.0000	0.0000	1.9995	10.7574	12.0029	12.9024	0.0000	0.0000	0.0000	0.0000	0.0000	0.0000	0.0000	0.0000	0.0000	0.0000	0.0000	0.0000	0.0000	0.0000	0.0000	0.0000	0.0000	0.0000	0.1026	0.0870	0.0155	0.0071	0.0067	0.0004	0.0955	0.0803	0.0151	0.2030	0.1117	0.0914	0.0427	0.0375	0.0053	0.1603	0.0742	0.0861	0.0000	0.0000	0.0000	0.0000	0.0000	0.0000	0.0000	0.0000	0.0000	0.0000	0.0000	0.0000	0.0000	0.0000	0.0000	0.0000	0.0000	0.0000											
43	52	0.0864	7	1	0	1	0	0	0	0	0	N	N	N	N	N	N	N	N	N	N	N	N	inf	inf	inf	inf	0.0337	0.0398	0.0000	0.0000	0.0000	0.0000	0.0362	0.0431	0.0000	0.0000	0.0000	0.0000	0.0000	0.0000	0.0000	0.0000	0.0000	0.0000	0.0000	-0.0005	0.0000	1.9995	2.6694	12.0029	2.4027	0.0009	0.0009	0.0000	0.0000	0.0000	0.0000	0.0009	0.0009	0.0000	0.0000	0.0000	0.0000	0.0000	0.0000	0.0000	0.0000	0.0000	0.0000	0.0264	0.0223	0.0041	0.0018	0.0017	0.0001	0.0246	0.0206	0.0040	0.0487	0.0265	0.0222	0.0110	0.0098	0.0012	0.0377	0.0167	0.0210	inf	inf	0.0000	0.0000	0.0000	0.0000	inf	inf	0.0000	0.0000	0.0000	0.0000	0.0000	0.0000	0.0000	0.0000	0.0000	0.0000						
43	53	0.0812	6	1	0	1	0	0	0	0	0	N	N	N	N	N	N	N	N	N	N	N	N	1270.0474	813.7028	0.0301	0.0272	inf	inf	10.9540	12.7977	0.0000	0.0013	0.0013	0.0000	12.1608	14.4140	0.0000	0.0086	0.0157	0.0000	0.0424	0.0485	0.0000	0.0000	0.0000	0.0000	0.0000	0.0000	-0.5404	-0.0006	1.9995	8.6921	12.0029	5.3599	0.9858	0.9858	0.0000	0.0000	0.0000	0.0000	0.9858	0.9858	0.0000	0.0010	0.0010	0.0000	0.0010	0.0010	0.0000	0.0000	0.0000	0.0000	0.0900	0.0770	0.0130	0.0089	0.0086	0.0003	0.0811	0.0684	0.0127	0.1217	0.0668	0.0550	0.0248	0.0216	0.0031	0.0970	0.0451	0.0519	1270.0474	813.7028	0.0000	0.0301	0.0272	0.0000	inf	inf	0.0000	0.0086	0.0157	0.0000	0.0424	0.0485	0.0000	0.0000	0.0000	0.0000			
43	54	0.0809	5	1	0	1	0	0	0	0	0	N	N	N	N	N	N	N	N	N	N	N	N	17.0634	543.7589	0.0000	9.6074	8.8946	15.6979	inf	0.0000	0.5329	0.6120	0.0000	0.0236	0.0240	0.0000	0.6391	0.7545	0.0000	0.0312	0.0011	0.0667	0.0025	0.0027	0.0000	0.0407	0.0000	0.0700	0.0000	50.3211	-0.0071	0.0004	1.9995	1.8652	12.0029	1.4001	0.0129	0.0129	0.0000	0.0001	0.0001	0.0000	0.0128	0.0128	0.0000	0.0011	0.0000	0.0010	0.0000	0.0000	0.0000	0.0010	0.0000	0.0010	0.0242	0.0211	0.0031	0.0042	0.0041	0.0001	0.0201	0.0170	0.0031	0.0343	0.0185	0.0157	0.0085	0.0077	0.0007	0.0258	0.0108	0.0150	17.0634	543.7589	0.0000	9.6074	8.8946	0.0000	15.6979	inf	0.0000	0.0312	0.0011	0.0667	0.0025	0.0027	0.0000	0.0407	0.0000	0.0700	
43	55	0.0765	4	1	0	1	0	0	0	0	0	N	N	N	N	N	N	N	N	N	N	N	N	22.7921	inf	0.0000	inf	inf	12.4589	inf	0.0000	0.0054	0.0063	0.0000	0.0187	0.0190	0.0000	0.0040	0.0047	0.0000	0.0002	0.0000	0.0006	0.0000	0.0000	0.0000	0.0003	0.0000	0.0006	0.0000	inf	-0.0001	0.0000	1.9995	2.5292	12.0029	4.9772	0.0001	0.0001	0.0000	0.0000	0.0000	0.0000	0.0001	0.0001	0.0000	0.0000	0.0000	0.0000	0.0000	0.0000	0.0000	0.0000	0.0000	0.0000	0.0275	0.0237	0.0038	0.0027	0.0026	0.0000	0.0249	0.0211	0.0038	0.0874	0.0520	0.0354	0.0227	0.0211	0.0016	0.0647	0.0309	0.0338	22.7921	inf	0.0000	inf	inf	0.0000	12.4589	inf	0.0000	0.0002	0.0000	0.0006	0.0000	0.0000	0.0000	0.0003	0.0000	0.0006	
43	57	0.1573	6	1	0	1	0	0	0	0	0	N	N	N	N	N	N	N	N	N	N	N	N	0.0000	0.0000	0.0000	0.0000	0.0000	0.0000	0.0000	0.0000	0.0000	0.0000	0.0000	0.0000	0.0000	0.0000	0.0000	0.0000	0.0000	2.0617	0.0034	6.6462	0.0427	0.0053	0.2923	4.1860	0.0000	8.3941	867.0989	0.0000	0.3623	1.9995	7.8198	12.0029	21.5823	0.0000	0.0000	0.0000	0.0000	0.0000	0.0000	0.0000	0.0000	0.0000	0.9433	0.0011	0.9422	0.0100	0.0011	0.0089	0.9333	0.0000	0.9333	0.1257	0.1106	0.0151	0.0372	0.0358	0.0014	0.0885	0.0747	0.0138	0.4575	0.3158	0.1418	0.2346	0.2040	0.0306	0.2230	0.1118	0.1112	0.0000	0.0000	0.0000	0.0000	0.0000	0.0000	0.0000	0.0000	0.0000	2.0617	0.0034	6.6462	0.0427	0.0053	0.2923	4.1860	0.0000	8.3941		
43	58	0.0714	5	2	1	2	0	0	0	0	0	Y	N	Y	N	N	N	N	N	N	N	N	N	0.0098	0.0000	0.0175	0.0000	0.0000	0.0000	0.0089	0.0191	0.0766	0.0000	0.4898	0.0000	0.0000	0.0000	0.0781	0.0000	0.4925	7.8506	0.0003	27.9635	0.0052	0.0016	0.0513	8.7894	0.0000	25.7876	inf	49935.0014	0.0007	0.3847	1.9995	2.0055	12.0029	11.8091	0.0015	0.0000	0.0015	0.0000	0.0000	0.0000	0.0015	0.0000	0.0015	0.9987	0.0000	0.9987	0.0001	0.0000	0.0001	0.9987	0.0000	0.9987	0.0193	0.0163	0.0030	0.0004	0.0004	0.0000	0.0190	0.0159	0.0030	0.1272	0.0657	0.0615	0.0136	0.0126	0.0010	0.1136	0.0531	0.0605	0.0098	0.0000	0.0302	0.0000	0.0000	0.0000	0.0089	0.0000	0.0299	7.8506	0.0003	16.2379	0.0052	0.0016	0.0513	8.7894	0.0000	16.4986	
43	59	0.0660	4	2	0	2	0	0	0	0	0	Y	N	Y	N	N	N	N	N	N	N	N	N	1498.3178	0.0084	5941.6715	0.1687	0.1700	0.0000	1682.9100	0.0000	5879.6506	51.9914	0.0002	332.0743	0.0083	0.0087	0.0000	52.8179	0.0000	333.4613	0.0347	0.0184	0.0559	0.0494	0.0512	0.0001	0.0314	0.0034	0.0567	398537.7083	2.3408	0.4504	0.0002	1.9995	1.9951	12.0029	2.5667	0.9968	0.0000	0.9968	0.0000	0.0000	0.0000	0.9968	0.0000	0.9968	0.0019	0.0006	0.0013	0.0005	0.0005	0.0000	0.0014	0.0001	0.0013	0.0192	0.0162	0.0030	0.0003	0.0003	0.0000	0.0189	0.0159	0.0030	0.0539	0.0304	0.0234	0.0099	0.0096	0.0003	0.0439	0.0209	0.0231	1498.3178	0.0084	5941.6715	0.1687	0.1700	0.0000	1682.9100	0.0000	5879.6506	0.0347	0.0184	0.0559	0.0494	0.0512	0.0001	0.0314	0.0034	0.0567
43	60	0.0592	3	2	0	2	0	0	0	0	0	Y	N	Y	N	N	N	N	N	N	N	N	N	157.5466	1.8270	2005.4401	2.7824	2.5360	0.0000	990.6303	0.0000	1760.0080	10.0331	0.1405	59.7342	0.3908	0.3918	0.0000	14.1611	0.0000	60.0175	0.0637	0.0769	0.0298	0.1405	0.1545	0.0002	0.0143	0.0010	0.0341	84.6422	0.1509	0.0008	-0.0017	1.9995	0.0108	12.0029	3.6229	0.0017	0.0000	0.0017	0.0000	0.0000	0.0000	0.0017	0.0000	0.0017	0.0036	0.0031	0.0005	0.0031	0.0031	0.0000	0.0005	0.0000	0.0005	0.0002	0.0001	0.0000	0.0001	0.0001	0.0000	0.0001	0.0001	0.0000	0.0562	0.0404	0.0157	0.0220	0.0200	0.0020	0.0342	0.0204	0.0137	157.5466	1.8270	2005.4401	2.7824	2.5360	0.0000	990.6303	0.0000	1760.0080	0.0637	0.0769	0.0298	0.1405	0.1545	0.0002	0.0143	0.0010	0.0341
43	61	0.0776	4	1	1	1	0	0	0	0	0	N	N	N	N	N	N	N	N	N	N	N	N	0.0000	0.0000	0.0000	0.0000	0.0000	0.0000	0.0000	0.0000	0.0000	0.0000	0.0000	0.0000	0.0000	0.0000	0.0000	0.0000	0.0000	0.0000	0.0000	0.0000	0.0000	0.0000	0.0000	0.0000	-0.0000	1.9995	4.0917	12.0029	8.0988	0.0000	0.0000	0.0000	0.0000	0.0000	0.0000	0.0000	0.0000	0.0000	0.0000	0.0000	0.0000	0.0000	0.0000	0.0000	0.0000	0.0000	0.0000	0.0438	0.0375	0.0063	0.0043	0.0042	0.0001	0.0395	0.0333	0.0062	0.1627	0.0994	0.0633	0.0474	0.0447	0.0026	0.1153	0.0547	0.0607	0.0000	0.0000	0.0000	0.0000	0.0000	0.0000	0.0000	0.0000	0.0000	0.0000	0.0000	0.0000	0.0000	0.0000	0.0000	0.0000	0.0000	0.0000						
43	62	0.0738	3	1	1	1	0	0	0	0	0	N	N	N	N	N	N	N	N	N	N	N	N	0.0000	0.0000	0.0000	0.0000	0.0000	0.0000	0.0000	0.0000	0.0000	0.0000	0.0000	0.0000	0.0000	0.0000	0.0000	0.0000	0.0000	0.0000	0.0000	0.0000	0.0000	0.0000	0.0000	0.0000	0.0000	0.0714	0.0000	-0.0000	1.9995	2.1165	12.0029	5.0852	0.0000	0.0000	0.0000	0.0000	0.0000	0.0000	0.0000	0.0000	0.0000	0.0000	0.0000	0.0000	0.0000	0.0000	0.0000	0.0000	0.0000	0.0000	0.0203	0.0171	0.0031	0.0009	0.0008	0.0000	0.0194	0.0163	0.0031	0.0800	0.0432	0.0368	0.0176	0.0160	0.0016	0.0625	0.0272	0.0352	0.0000	0.0000	0.0000	0.0000	0.0000	0.0000	0.0000	0.0000	0.0000	0.0000	0.0000	0.0000	0.0000	0.0000	0.0000	0.0000	0.0000	0.0000			
43	63	0.0592	3	2	0	2	0	0	0	0	0	Y	N	Y	N	N	N	N	N	N	N	N	N	0.0001	0.3278	0.0000	1.9439	3.9989	0.0000	0.0000	0.0000	0.0005	0.0006	0.0000	0.0257	0.0267	0.0000	0.0000	0.0000	0.0000	7.6192	0.0019	31.7120	0.0132	0.0067	0.0683	9.2798	0.0000	32.2510	0.0000	7122.9310	-0.0000	0.3841	1.9995	3.9990	12.0029	8.8702	0.0000	0.0000	0.0000	0.0000	0.0000	0.0000	0.0000	0.0000	0.0000	0.9974	0.0001	0.9972	0.0003	0.0001	0.0002	0.9970	0.0000	0.9970	0.0377	0.0325	0.0052	0.0008	0.0007	0.0000	0.0369	0.0317	0.0052	0.1309	0.0745	0.0564	0.0235	0.0210	0.0025	0.1074	0.0535	0.0539	0.0001	0.3278	0.0000	1.9439	3.9989	0.0000	0.0000	0.0000	0.0000	7.6192	0.0019	17.6737	0.0132	0.0067	0.0683	9.2798	0.0000	18.4871	
43	64	0.0391	2	2	0	2	0	0	0	0	0	Y	N	Y	N	N	N	N	N	N	N	N	N	0.0362	0.0000	0.1417	0.0000	0.0000	0.0000	0.0286	0.0000	0.1413	0.0005	0.0000	0.0033	0.0000	0.0000	0.0000	0.0005	0.0000	0.0033	0.0138	0.0054	0.0233	0.0051	0.0051	0.0010	0.0181	0.0060	0.0234	inf	3.8119	0.0000	0.0006	1.9995	3.9972	12.0029	6.8232	0.0000	0.0000	0.0000	0.0000	0.0000	0.0000	0.0000	0.0000	0.0000	0.0035	0.0007	0.0028	0.0004	0.0004	0.0000	0.0031	0.0003	0.0028	0.0399	0.0338	0.0060	0.0012	0.0012	0.0000	0.0387	0.0326	0.0060	0.2537	0.1345	0.1192	0.0829	0.0826	0.0003	0.1708	0.0520	0.1189	0.0362	0.0000	0.1417	0.0000	0.0000	0.0000	0.0286	0.0000	0.1413	0.0138	0.0054	0.0233	0.0051	0.0051	0.0010	0.0181	0.0060	0.0234
43	65	0.0815	4	1	1	1	0	0	0	0	0	N	N	N	N	N	N	N	N	N	N	N	N	0.0000	0.0000	0.0000	0.0000	0.0000	0.0000	0.0000	0.0000	0.0000	0.0000	0.0000	0.0000	0.0000	0.0005	0.0007	0.0000	0.0015	0.0017	0.0000	0.0000	0.0000	0.0000	0.0000	0.0000	-0.0002	1.9995	15.6632	12.0029	35.0639	0.0000	0.0000	0.0000	0.0000	0.0000	0.0000	0.0000	0.0000	0.0000	0.0003	0.0003	0.0000	0.0003	0.0003	0.0000	0.0000	0.0000	0.0000	0.1464	0.1243	0.0220	0.0085	0.0082	0.0003	0.1379	0.1162	0.0217	0.5520	0.3360	0.2161	0.1723	0.1482	0.0240	0.3798	0.1878	0.1920	0.0000	0.0000	0.0000	0.0000	0.0000	0.0000	0.0000	0.0000	0.0000	0.0005	0.0007	0.0000	0.0015	0.0017	0.0000	0.0000	0.0000	0.0000						
43	66	0.0815	4	1	0	2	0	0	0	0	0	N	N	Y	N	N	N	N	N	N	N	N	N	0.0000	0.0000	0.0000	0.0000	0.0000	0.0000	0.0000	0.0000	0.0000	0.0000	0.0000	0.0000	0.0000	0.0000	0.0000	0.0000	0.0000	0.0000	0.0000	0.0000	1.9995	4.9998	12.0029	10.1184	0.0000	0.0000	0.0000	0.0000	0.0000	0.0000	0.0000	0.0000	0.0000	0.0000	0.0000	0.0000	0.0000	0.0000	0.0000	0.0000	0.0000	0.0000	0.0522	0.0445	0.0077	0.0046	0.0045	0.0001	0.0476	0.0401	0.0075	0.3196	0.2137	0.1058	0.1387	0.1204	0.0183	0.1809	0.0933	0.0876	0.0000	0.0000	0.0000	0.0000	0.0000	0.0000	0.0000	0.0000	0.0000	0.0000	0.0000	0.0000	0.0000	0.0000	0.0000	0.0000	0.0000	0.0000											
43	67	0.0859	6	1	1	1	0	0	0	0	0	N	N	N	N	N	N	N	N	N	N	N	N	265607.3304	180101.0913	0.0000	0.0000	inf	inf	9.7621	11.4451	0.0000	0.0000	0.0000	0.0000	10.3280	12.1594	0.0000	0.0000	0.0001	0.0000	0.0001	0.0002	0.0000	0.0000	0.0000	0.0000	0.0000	0.0000	-0.5416	-0.0000	1.9995	10.9928	12.0029	18.5513	0.9879	0.9879	0.0000	0.0000	0.0000	0.0000	0.9879	0.9879	0.0000	0.0000	0.0000	0.0000	0.0000	0.0000	0.0000	0.0000	0.0000	0.0000	0.1012	0.0863	0.0149	0.0055	0.0051	0.0005	0.0957	0.0812	0.0144	0.2721	0.1574	0.1147	0.0697	0.0640	0.0057	0.2024	0.0934	0.1090	265607.3304	180101.0913	0.0000	0.0000	0.0000	0.0000	inf	inf	0.0000	0.0000	0.0001	0.0000	0.0001	0.0002	0.0000	0.0000	0.0000	0.0000			
43	68	0.0859	5	1	0	1	0	0	0	0	0	N	N	N	N	N	N	N	N	N	N	N	N	10529806.4174	7677143.8140	inf	inf	6970771.2060	3247244.5318	6.7202	7.4330	0.0000	4.2404	4.2782	0.0000	7.9528	9.2385	0.0000	0.0000	0.0000	0.0000	0.0000	0.0000	0.0000	0.0000	0.0000	0.0000	0.0000	0.0000	-0.0080	-0.0000	1.9995	0.0861	12.0029	1.0715	0.0146	0.0146	0.0000	0.0031	0.0031	0.0000	0.0115	0.0115	0.0000	0.0000	0.0000	0.0000	0.0000	0.0000	0.0000	0.0000	0.0000	0.0000	0.0022	0.0020	0.0002	0.0007	0.0007	0.0000	0.0014	0.0012	0.0002	0.0461	0.0304	0.0157	0.0203	0.0200	0.0003	0.0258	0.0103	0.0154	10529806.4174	7677143.8140	0.0000	inf	inf	0.0000	6970771.2060	3247244.5318	0.0000	0.0000	0.0000	0.0000	0.0000	0.0000	0.0000	0.0000	0.0000	0.0000			
43	69	0.0687	3	2	0	2	0	0	0	0	0	Y	N	Y	N	N	N	N	N	N	N	N	N	0.0000	0.0000	0.0000	0.0000	0.0000	0.0000	0.0000	0.0000	0.0000	0.0000	0.0000	0.0000	0.0000	0.0000	0.0000	0.0000	0.0000	0.0000	0.0000	0.0000	1.9995	1.0000	12.0029	3.0001	0.0000	0.0000	0.0000	0.0000	0.0000	0.0000	0.0000	0.0000	0.0000	0.0000	0.0000	0.0000	0.0000	0.0000	0.0000	0.0000	0.0000	0.0000	0.0094	0.0079	0.0015	0.0003	0.0003	0.0000	0.0091	0.0076	0.0015	0.0364	0.0192	0.0172	0.0039	0.0036	0.0003	0.0325	0.0156	0.0169	0.0000	0.0000	0.0000	0.0000	0.0000	0.0000	0.0000	0.0000	0.0000	0.0000	0.0000	0.0000	0.0000	0.0000	0.0000	0.0000	0.0000	0.0000											
43	70	0.0687	2	2	0	2	0	0	0	0	0	Y	N	Y	N	N	N	N	N	N	N	N	N	0.0000	0.0000	0.0000	0.0000	0.0000	0.0000	0.0000	0.0000	0.0000	0.0000	0.0000	0.0000	0.0000	0.0000	0.0000	0.0000	0.0000	0.0000	0.0000	0.0000	1.9995	0.0000	12.0029	0.0009	0.0000	0.0000	0.0000	0.0000	0.0000	0.0000	0.0000	0.0000	0.0000	0.0000	0.0000	0.0000	0.0000	0.0000	0.0000	0.0000	0.0000	0.0000	0.0000	0.0000	0.0000	0.0000	0.0000	0.0000	0.0000	0.0000	0.0000	0.0000	0.0000	0.0000	0.0000	0.0000	0.0000	0.0000	0.0000	0.0000	0.0000	0.0000	0.0000	0.0000	0.0000	0.0000	0.0000	0.0000	0.0000	0.0000	0.0000	0.0000	0.0000	0.0000	0.0000	0.0000	0.0000	0.0000											
43	72	0.0689	2	1	1	1	1	0	0	0	0	N	N	N	N	N	N	N	N	N	N	N	N	0.0000	0.0000	0.0000	0.0000	0.0000	0.0000	0.0000	0.0000	0.0000	0.0000	0.0000	0.0000	0.0000	2.4032	4.5125	0.0000	0.0000	0.0000	0.0000	2.7861	5.8508	0.0000	0.0000	0.0000	-0.6147	1.9995	13.0000	12.0029	39.1663	0.0000	0.0000	0.0000	0.0000	0.0000	0.0000	0.0000	0.0000	0.0000	1.0000	1.0000	0.0000	0.0000	0.0000	0.0000	1.0000	1.0000	0.0000	0.1189	0.1007	0.0183	0.0049	0.0047	0.0002	0.1141	0.0960	0.0180	0.4161	0.2216	0.1945	0.0572	0.0507	0.0065	0.3589	0.1709	0.1880	0.0000	0.0000	0.0000	0.0000	0.0000	0.0000	0.0000	0.0000	0.0000	2.4032	4.5125	0.0000	0.0000	0.0000	0.0000	2.7861	5.8508	0.0000						
43	73	0.0713	3	1	1	1	0	0	0	0	0	N	N	N	N	N	N	N	N	N	N	N	N	0.0000	0.0000	0.0000	0.0000	0.0000	0.0000	0.0000	0.0000	0.0000	0.0000	0.0000	0.0000	0.0000	0.0000	0.0000	0.0000	0.0000	0.0000	0.0000	0.0000	1.9995	3.0003	12.0029	18.1082	0.0000	0.0000	0.0000	0.0000	0.0000	0.0000	0.0000	0.0000	0.0000	0.0000	0.0000	0.0000	0.0000	0.0000	0.0000	0.0000	0.0000	0.0000	0.0286	0.0242	0.0044	0.0012	0.0011	0.0001	0.0274	0.0230	0.0044	0.2137	0.1212	0.0925	0.0417	0.0386	0.0030	0.1720	0.0825	0.0895	0.0000	0.0000	0.0000	0.0000	0.0000	0.0000	0.0000	0.0000	0.0000	0.0000	0.0000	0.0000	0.0000	0.0000	0.0000	0.0000	0.0000	0.0000											
43	74	0.0391	2	1	1	1	0	0	0	0	0	N	N	N	N	N	N	N	N	N	N	N	N	0.0000	0.0000	0.0000	0.0000	0.0000	0.0000	0.0000	0.0000	0.0000	0.0000	0.0000	0.0000	0.0000	0.0000	0.0000	0.0000	0.0000	0.0000	2.7283	5.2684	0.0000	0.0026	0.0026	0.0007	3.5526	9.5055	0.0000	0.0000	0.0000	-0.6148	1.9995	7.0046	12.0029	18.1036	0.0000	0.0000	0.0000	0.0000	0.0000	0.0000	0.0000	0.0000	0.0000	1.0000	1.0000	0.0000	0.0002	0.0002	0.0000	0.9998	0.9998	0.0000	0.0676	0.0573	0.0104	0.0014	0.0014	0.0000	0.0663	0.0559	0.0104	0.3665	0.1898	0.1767	0.0851	0.0846	0.0005	0.2814	0.1052	0.1762	0.0000	0.0000	0.0000	0.0000	0.0000	0.0000	0.0000	0.0000	0.0000	2.7283	5.2684	0.0000	0.0026	0.0026	0.0007	3.5526	9.5055	0.0000	
43	77	0.0864	6	1	1	1	0	0	0	0	0	N	N	N	N	N	N	N	N	N	N	N	N	inf	inf	inf	inf	0.0053	0.0062	0.0000	0.1248	0.1284	0.0000	0.0000	0.0000	0.0000	0.0000	0.0000	0.0000	0.0000	0.0000	0.0000	0.0000	0.0000	0.0000	0.0000	-0.0002	0.0000	1.9995	8.6571	12.0029	16.0761	0.0004	0.0004	0.0000	0.0004	0.0004	0.0000	0.0000	0.0000	0.0000	0.0000	0.0000	0.0000	0.0000	0.0000	0.0000	0.0000	0.0000	0.0000	0.0809	0.0697	0.0111	0.0034	0.0033	0.0001	0.0774	0.0664	0.0110	0.2083	0.1218	0.0865	0.0498	0.0449	0.0050	0.1584	0.0769	0.0815	inf	inf	0.0000	inf	inf	0.0000	0.0000	0.0000	0.0000	0.0000	0.0000	0.0000	0.0000	0.0000	0.0000	0.0000	0.0000	0.0000						
43	78	0.0859	5	1	1	1	0	0	0	0	0	N	N	N	N	N	N	N	N	N	N	N	N	inf	inf	inf	inf	inf	inf	0.7335	0.8386	0.0000	3.6578	3.7406	0.0000	0.1085	0.1273	0.0000	0.0000	0.0000	0.0000	0.0000	0.0000	0.0000	0.0000	0.0000	0.0000	0.0000	-0.0019	0.0000	1.9995	0.3645	12.0029	1.9845	0.0035	0.0035	0.0000	0.0031	0.0031	0.0000	0.0004	0.0004	0.0000	0.0000	0.0000	0.0000	0.0000	0.0000	0.0000	0.0000	0.0000	0.0000	0.0048	0.0042	0.0006	0.0008	0.0008	0.0000	0.0039	0.0034	0.0006	0.0563	0.0361	0.0202	0.0226	0.0221	0.0005	0.0337	0.0141	0.0197	inf	inf	0.0000	inf	inf	0.0000	inf	inf	0.0000	0.0000	0.0000	0.0000	0.0000	0.0000	0.0000	0.0000	0.0000	0.0000				
43	79	0.0765	4	1	0	1	0	0	0	0	0	N	N	N	N	N	N	N	N	N	N	N	N	inf	inf	inf	inf	inf	inf	0.1009	0.1175	0.0000	0.0177	0.0181	0.0000	0.1091	0.1289	0.0000	0.0000	0.0000	0.0000	0.0000	0.0000	0.0000	0.0000	0.0000	0.0000	0.0000	-0.0017	0.0000	1.9995	2.9108	12.0029	14.2456	0.0031	0.0031	0.0000	0.0000	0.0000	0.0000	0.0031	0.0031	0.0000	0.0000	0.0000	0.0000	0.0000	0.0000	0.0000	0.0000	0.0000	0.0000	0.0311	0.0267	0.0044	0.0028	0.0028	0.0001	0.0283	0.0240	0.0044	0.1668	0.0945	0.0723	0.0365	0.0329	0.0036	0.1304	0.0616	0.0687	inf	inf	0.0000	inf	inf	0.0000	inf	inf	0.0000	0.0000	0.0000	0.0000	0.0000	0.0000	0.0000	0.0000	0.0000	0.0000				
43	80	0.0713	3	1	0	1	0	0	0	0	0	N	N	N	N	N	N	N	N	N	N	N	N	105.7713	76.1957	0.0000	0.0000	inf	inf	0.0502	0.0593	0.0000	0.0000	0.0000	0.0000	0.0530	0.0631	0.0000	0.0005	0.0008	0.0000	0.0018	0.0018	0.0000	0.0000	0.0000	0.0000	0.0000	0.0000	-0.0000	-0.0000	1.9995	0.1009	12.0029	7.5203	0.0000	0.0000	0.0000	0.0000	0.0000	0.0000	0.0000	0.0000	0.0000	0.0001	0.0001	0.0000	0.0001	0.0001	0.0000	0.0000	0.0000	0.0000	0.0010	0.0008	0.0002	0.0001	0.0001	0.0000	0.0009	0.0008	0.0002	0.1056	0.0644	0.0412	0.0285	0.0273	0.0012	0.0771	0.0371	0.0400	105.7713	76.1957	0.0000	0.0000	0.0000	0.0000	inf	inf	0.0000	0.0005	0.0008	0.0000	0.0018	0.0018	0.0000	0.0000	0.0000	0.0000			
43	81	0.0689	2	1	0	1	0	0	0	0	0	N	N	N	N	N	N	N	N	N	N	N	N	0.0000	0.0000	0.0000	0.0000	0.0000	0.0000	0.0000	0.0000	0.0000	0.0000	0.0000	0.0000	0.0000	0.0000	0.0000	0.0010	0.0007	0.0013	0.0000	0.0000	0.0000	0.0013	0.0012	0.0014	1.4986	0.0000	-0.0000	1.9995	0.0014	12.0029	3.7882	0.0000	0.0000	0.0000	0.0000	0.0000	0.0000	0.0000	0.0000	0.0000	0.0001	0.0000	0.0000	0.0000	0.0000	0.0000	0.0001	0.0000	0.0000	0.0000	0.0000	0.0000	0.0000	0.0000	0.0000	0.0000	0.0000	0.0000	0.0516	0.0291	0.0225	0.0134	0.0128	0.0005	0.0382	0.0163	0.0219	0.0000	0.0000	0.0000	0.0000	0.0000	0.0000	0.0000	0.0000	0.0000	0.0010	0.0007	0.0013	0.0000	0.0000	0.0000	0.0013	0.0012	0.0014				
43	82	0.0845	5	1	1	1	0	0	0	0	0	N	N	N	N	N	N	N	N	N	N	N	N	0.0000	0.0000	0.0000	0.0000	0.0000	0.0000	0.0000	0.0000	0.0000	0.0000	0.0000	0.0000	0.0000	0.0000	0.0000	0.0000	0.0000	2.9130	0.0098	6.9640	0.0213	0.0226	0.0002	3.9652	0.0000	7.2306	510.6482	0.0000	0.3844	1.9995	7.9116	12.0029	21.1247	0.0000	0.0000	0.0000	0.0000	0.0000	0.0000	0.0000	0.0000	0.0000	1.0028	0.0020	1.0009	0.0020	0.0020	0.0000	1.0009	0.0000	1.0009	0.0791	0.0673	0.0118	0.0063	0.0061	0.0002	0.0728	0.0612	0.0116	0.3443	0.2005	0.1437	0.0918	0.0865	0.0053	0.2524	0.1140	0.1384	0.0000	0.0000	0.0000	0.0000	0.0000	0.0000	0.0000	0.0000	0.0000	2.9130	0.0098	6.9640	0.0213	0.0226	0.0002	3.9652	0.0000	7.2306		
43	83	0.1025	6	2	1	1	0	0	0	0	0	Y	N	N	N	N	N	N	N	N	N	N	N	0.0000	0.0000	0.0000	0.0000	0.0000	0.0000	0.0000	0.0000	0.0000	0.0000	0.0000	0.0000	0.0000	37.7628	49.3713	0.0000	200.8496	209.1730	0.0000	0.0000	0.0000	0.0000	0.0000	0.0000	-0.5122	1.9995	0.0000	12.0029	1.8333	0.0000	0.0000	0.0000	0.0000	0.0000	0.0000	0.0000	0.0000	0.0000	0.8333	0.8333	0.0000	0.8333	0.8333	0.0000	0.0000	0.0000	0.0000	0.0000	0.0000	0.0000	0.0000	0.0000	0.0000	0.0000	0.0000	0.0000	0.0264	0.0169	0.0095	0.0081	0.0077	0.0004	0.0183	0.0092	0.0091	0.0000	0.0000	0.0000	0.0000	0.0000	0.0000	0.0000	0.0000	0.0000	31.5573	49.3713	0.0000	103.3040	108.6316	0.0000	0.0000	0.0000	0.0000						
43	84	0.0845	5	2	1	1	0	0	0	0	0	Y	N	N	N	N	N	N	N	N	N	N	N	0.0000	0.0000	0.0000	0.0000	0.0000	0.0000	0.0000	0.0000	0.0000	0.0000	0.0000	0.0000	0.0000	0.0000	0.0000	0.0000	0.0000	2.9800	0.0140	7.2817	0.0288	0.0292	0.0211	4.2330	0.0000	7.5419	358.9359	0.0000	0.3190	1.9995	6.9552	12.0029	13.1226	0.0000	0.0000	0.0000	0.0000	0.0000	0.0000	0.0000	0.0000	0.0000	0.8340	0.0023	0.8317	0.0024	0.0023	0.0001	0.8316	0.0000	0.8316	0.0705	0.0600	0.0105	0.0060	0.0058	0.0002	0.0645	0.0542	0.0103	0.2799	0.1657	0.1142	0.0834	0.0795	0.0040	0.1965	0.0862	0.1103	0.0000	0.0000	0.0000	0.0000	0.0000	0.0000	0.0000	0.0000	0.0000	2.9800	0.0140	7.2817	0.0288	0.0292	0.0211	4.2330	0.0000	7.5419		
43	85	0.0815	4	1	1	1	0	0	0	0	0	N	N	N	N	N	N	N	N	N	N	N	N	0.0000	0.0000	0.0000	0.0000	0.0000	0.0000	0.0000	0.0000	0.0000	0.0000	0.0000	0.0000	0.0000	0.0000	0.0000	0.0000	0.0000	0.0000	0.0412	0.0076	0.0883	0.0112	0.0116	0.0001	0.0546	0.0034	0.0905	8.3099	0.0000	0.0012	1.9995	0.3374	12.0029	6.1146	0.0000	0.0000	0.0000	0.0000	0.0000	0.0000	0.0000	0.0000	0.0000	0.0043	0.0005	0.0038	0.0004	0.0004	0.0000	0.0039	0.0001	0.0038	0.0049	0.0042	0.0006	0.0014	0.0014	0.0001	0.0034	0.0029	0.0006	0.1041	0.0607	0.0434	0.0321	0.0310	0.0010	0.0720	0.0297	0.0423	0.0000	0.0000	0.0000	0.0000	0.0000	0.0000	0.0000	0.0000	0.0000	0.0412	0.0076	0.0883	0.0112	0.0116	0.0001	0.0546	0.0034	0.0905	
43	86	0.0815	4	1	1	1	0	0	0	0	0	N	N	N	N	N	N	N	N	N	N	N	N	0.0000	0.0000	0.0000	0.0000	0.0000	0.0000	0.0000	0.0000	0.0000	0.0000	0.0000	0.0000	0.0000	0.0000	0.0000	0.0000	0.0000	0.0115	0.0011	0.0246	0.0030	0.0032	0.0002	0.0138	0.0000	0.0255	17.5453	0.0000	0.0009	1.9995	11.0342	12.0029	12.7513	0.0000	0.0000	0.0000	0.0000	0.0000	0.0000	0.0000	0.0000	0.0000	0.0028	0.0001	0.0026	0.0002	0.0001	0.0000	0.0026	0.0000	0.0026	0.1031	0.0874	0.0158	0.0053	0.0051	0.0003	0.0978	0.0823	0.0155	0.2413	0.1344	0.1068	0.0501	0.0465	0.0036	0.1912	0.0879	0.1033	0.0000	0.0000	0.0000	0.0000	0.0000	0.0000	0.0000	0.0000	0.0000	0.0115	0.0011	0.0246	0.0030	0.0032	0.0002	0.0138	0.0000	0.0255		
43	87	0.0738	3	1	1	1	0	0	0	0	0	N	N	N	N	N	N	N	N	N	N	N	N	0.0000	0.0000	0.0000	0.0000	0.0000	0.0000	0.0000	0.0000	0.0000	0.0000	0.0000	0.0000	0.0000	0.0000	0.0000	0.0000	0.0000	0.0036	0.0000	0.0077	0.0000	0.0000	0.0000	0.0045	0.0000	0.0081	358.5355	0.0000	0.0001	1.9995	3.9739	12.0029	6.2820	0.0000	0.0000	0.0000	0.0000	0.0000	0.0000	0.0000	0.0000	0.0000	0.0004	0.0000	0.0004	0.0000	0.0000	0.0000	0.0004	0.0000	0.0004	0.0377	0.0319	0.0058	0.0016	0.0015	0.0001	0.0362	0.0304	0.0058	0.1057	0.0569	0.0488	0.0209	0.0189	0.0020	0.0847	0.0379	0.0468	0.0000	0.0000	0.0000	0.0000	0.0000	0.0000	0.0000	0.0000	0.0000	0.0036	0.0000	0.0077	0.0000	0.0000	0.0000	0.0045	0.0000	0.0081		
43	88	0.0689	2	1	1	1	0	0	0	0	0	N	N	N	N	N	N	N	N	N	N	N	N	0.0000	0.0000	0.0000	0.0000	0.0000	0.0000	0.0000	0.0000	0.0000	0.0000	0.0000	0.0000	0.0000	0.0000	0.0000	0.0000	0.0000	0.0000	0.0000	0.0000	0.0000	0.0000	inf	0.0000	0.0000	1.9995	0.0056	12.0029	5.7021	0.0000	0.0000	0.0000	0.0000	0.0000	0.0000	0.0000	0.0000	0.0000	0.0000	0.0000	0.0000	0.0000	0.0000	0.0000	0.0000	0.0000	0.0000	0.0001	0.0000	0.0000	0.0000	0.0000	0.0000	0.0001	0.0000	0.0000	0.0679	0.0377	0.0302	0.0154	0.0146	0.0008	0.0525	0.0231	0.0294	0.0000	0.0000	0.0000	0.0000	0.0000	0.0000	0.0000	0.0000	0.0000	0.0000	0.0000	0.0000	0.0000	0.0000	0.0000	0.0000	0.0000	0.0000						
43	92	0.1573	6	1	0	1	0	0	0	0	0	N	N	N	N	N	N	N	N	N	N	N	N	0.0000	0.0000	0.0000	0.0000	0.0000	0.0000	0.0000	0.0000	0.0000	0.0000	0.0000	0.0000	0.0000	0.0000	0.0000	0.0000	0.0000	0.1162	0.1686	0.0136	0.2474	0.2871	0.0004	0.0083	0.0000	0.0166	0.0412	0.0000	-0.0405	1.9995	24.8682	12.0029	39.8855	0.0000	0.0000	0.0000	0.0000	0.0000	0.0000	0.0000	0.0000	0.0000	0.0704	0.0677	0.0028	0.0677	0.0677	0.0000	0.0028	0.0000	0.0028	0.2552	0.2212	0.0340	0.0459	0.0433	0.0026	0.2093	0.1779	0.0314	0.6060	0.4012	0.2048	0.2735	0.2357	0.0378	0.3325	0.1655	0.1670	0.0000	0.0000	0.0000	0.0000	0.0000	0.0000	0.0000	0.0000	0.0000	0.1162	0.1686	0.0136	0.2474	0.2871	0.0004	0.0083	0.0000	0.0166		
44	45	0.0923	6	1	2	0	0	0	0	0	0	N	Y	N	N	N	N	N	N	N	N	N	N	0.0000	0.0000	0.0000	0.0000	0.0000	0.0000	0.0000	0.0000	0.0000	0.0000	0.0000	0.0000	0.0000	0.0004	0.0007	0.0000	0.0018	0.0020	0.0000	0.0000	0.0000	0.0000	0.0000	0.0000	-0.0000	10.0000	3.0000	26.8440	5.0456	0.0000	0.0000	0.0000	0.0000	0.0000	0.0000	0.0000	0.0000	0.0000	0.0001	0.0001	0.0000	0.0001	0.0001	0.0000	0.0000	0.0000	0.0000	0.1381	0.1165	0.0216	0.0065	0.0061	0.0004	0.1316	0.1104	0.0212	0.1855	0.1036	0.0819	0.0399	0.0346	0.0053	0.1456	0.0690	0.0766	0.0000	0.0000	0.0000	0.0000	0.0000	0.0000	0.0000	0.0000	0.0000	0.0004	0.0007	0.0000	0.0018	0.0020	0.0000	0.0000	0.0000	0.0000						
44	46	0.0882	5	1	2	0	0	0	0	0	0	N	Y	N	N	N	N	N	N	N	N	N	N	0.0000	0.0000	0.0000	0.0000	0.0000	0.0000	0.0000	0.0000	0.0000	0.0000	0.0000	0.0000	0.0000	0.0000	0.0000	0.0000	0.0000	0.0000	0.0095	0.0152	0.0026	0.0404	0.0475	0.0000	0.0017	0.0004	0.0028	0.1404	0.0000	-0.0003	10.0000	2.0000	26.8440	1.0030	0.0000	0.0000	0.0000	0.0000	0.0000	0.0000	0.0000	0.0000	0.0000	0.0007	0.0006	0.0001	0.0006	0.0006	0.0000	0.0001	0.0000	0.0001	0.0914	0.0772	0.0142	0.0037	0.0035	0.0002	0.0878	0.0738	0.0140	0.0681	0.0375	0.0306	0.0139	0.0118	0.0021	0.0542	0.0257	0.0285	0.0000	0.0000	0.0000	0.0000	0.0000	0.0000	0.0000	0.0000	0.0000	0.0095	0.0152	0.0026	0.0404	0.0475	0.0000	0.0017	0.0004	0.0028	
44	47	0.0882	4	1	2	0	0	0	0	0	0	N	Y	N	N	N	N	N	N	N	N	N	N	0.0000	0.0000	0.0000	0.0000	0.0000	0.0000	0.0000	0.0000	0.0000	0.0000	0.0000	0.0000	0.0000	0.0000	0.0000	0.0000	0.0000	0.0000	0.2760	0.2130	0.3948	0.3408	0.3497	0.0035	0.2313	0.0000	0.4070	0.9830	0.0000	-0.0001	10.0000	0.0000	26.8440	0.0582	0.0000	0.0000	0.0000	0.0000	0.0000	0.0000	0.0000	0.0000	0.0000	0.0012	0.0006	0.0006	0.0006	0.0006	0.0000	0.0006	0.0000	0.0006	0.0000	0.0000	0.0000	0.0000	0.0000	0.0000	0.0000	0.0000	0.0000	0.0042	0.0028	0.0015	0.0017	0.0017	0.0000	0.0025	0.0011	0.0014	0.0000	0.0000	0.0000	0.0000	0.0000	0.0000	0.0000	0.0000	0.0000	0.2760	0.2130	0.3948	0.3408	0.3497	0.0035	0.2313	0.0000	0.4070	
44	48	0.0844	3	1	2	0	0	0	0	0	0	N	Y	N	N	N	N	N	N	N	N	N	N	0.0000	0.0000	0.0000	0.0000	0.0000	0.0000	0.0000	0.0000	0.0000	0.0000	0.0000	0.0000	0.0000	0.0000	0.0000	0.0000	0.0000	0.0000	7.9929	0.0392	43.8298	0.1071	0.1094	0.0516	10.4557	0.0000	44.1501	318.7220	0.0000	0.3766	10.0000	0.0018	26.8440	3.9096	0.0000	0.0000	0.0000	0.0000	0.0000	0.0000	0.0000	0.0000	0.0000	0.9856	0.0031	0.9825	0.0031	0.0031	0.0001	0.9825	0.0000	0.9825	0.0002	0.0001	0.0000	0.0000	0.0000	0.0000	0.0001	0.0001	0.0000	0.1233	0.0787	0.0447	0.0293	0.0282	0.0012	0.0940	0.0505	0.0435	0.0000	0.0000	0.0000	0.0000	0.0000	0.0000	0.0000	0.0000	0.0000	7.9929	0.0392	22.0036	0.1071	0.1094	0.0516	10.4557	0.0000	22.5914	
44	49	0.0749	2	1	2	0	0	0	0	0	0	N	Y	N	N	N	N	N	N	N	N	N	N	0.0000	0.0000	0.0000	0.0000	0.0000	0.0000	0.0000	0.0000	0.0000	0.0000	0.0000	0.0000	0.0000	0.0000	0.0000	0.0000	0.0000	0.1077	0.0015	0.2326	0.0011	0.0013	0.0000	0.1289	0.0016	0.2403	131.9740	0.0000	0.0079	10.0000	2.0031	26.8440	6.0601	0.0000	0.0000	0.0000	0.0000	0.0000	0.0000	0.0000	0.0000	0.0000	0.0208	0.0002	0.0207	0.0000	0.0000	0.0000	0.0208	0.0001	0.0207	0.0927	0.0785	0.0143	0.0038	0.0036	0.0002	0.0889	0.0748	0.0141	0.1935	0.1046	0.0889	0.0321	0.0292	0.0028	0.1614	0.0754	0.0861	0.0000	0.0000	0.0000	0.0000	0.0000	0.0000	0.0000	0.0000	0.0000	0.1077	0.0015	0.2326	0.0011	0.0013	0.0000	0.1289	0.0016	0.2403		
44	50	0.0716	8	1	1	1	0	0	0	0	0	N	N	N	N	N	N	N	N	N	N	N	N	0.0000	0.0000	0.0000	0.0000	0.0000	0.0000	0.0000	0.0000	0.0000	0.0000	0.0000	0.0000	0.0000	0.0000	0.0000	0.0000	0.0000	0.0000	0.0000	0.0000	10.0000	0.0004	26.8440	0.9852	0.0000	0.0000	0.0000	0.0000	0.0000	0.0000	0.0000	0.0000	0.0000	0.0000	0.0000	0.0000	0.0000	0.0000	0.0000	0.0000	0.0000	0.0000	0.0001	0.0001	0.0000	0.0000	0.0000	0.0000	0.0000	0.0000	0.0000	0.0209	0.0117	0.0093	0.0035	0.0030	0.0005	0.0174	0.0086	0.0088	0.0000	0.0000	0.0000	0.0000	0.0000	0.0000	0.0000	0.0000	0.0000	0.0000	0.0000	0.0000	0.0000	0.0000	0.0000	0.0000	0.0000	0.0000											
44	51	0.0607	7	1	1	0	0	0	0	0	0	N	N	N	N	N	N	N	N	N	N	N	N	0.0016	0.0000	0.0048	0.0000	0.0000	0.0015	0.0049	0.0000	0.0000	0.0001	0.0000	0.0000	0.0000	0.0000	0.0000	0.0001	0.0126	0.0000	0.0273	0.0002	0.0002	0.0000	0.0144	0.0000	0.0280	inf	615.2978	0.0000	0.0024	10.0000	10.7574	26.8440	12.9024	0.0000	0.0000	0.0000	0.0000	0.0000	0.0000	0.0000	0.0000	0.0000	0.0062	0.0000	0.0062	0.0000	0.0000	0.0000	0.0062	0.0000	0.0062	0.4917	0.4160	0.0756	0.0317	0.0297	0.0020	0.4600	0.3863	0.0736	0.4893	0.2637	0.2256	0.0631	0.0575	0.0056	0.4261	0.2062	0.2199	0.0016	0.0000	0.0048	0.0000	0.0000	0.0000	0.0015	0.0000	0.0049	0.0126	0.0000	0.0273	0.0002	0.0002	0.0000	0.0144	0.0000	0.0280		
44	52	0.0593	6	1	1	0	0	0	0	0	0	N	N	N	N	N	N	N	N	N	N	N	N	0.0022	0.0013	0.0066	0.0059	0.0059	0.0019	0.0066	0.0033	0.0001	0.0207	0.0012	0.0013	0.0000	0.0035	0.0000	0.0213	1.5153	0.0721	3.1467	0.2110	0.2224	0.0000	1.8039	0.0000	3.2102	41.0160	38.6359	0.0002	0.0708	10.0000	2.6694	26.8440	2.4027	0.0004	0.0000	0.0004	0.0000	0.0000	0.0000	0.0004	0.0000	0.0004	0.1965	0.0050	0.1916	0.0050	0.0050	0.0000	0.1916	0.0000	0.1916	0.1266	0.1069	0.0198	0.0081	0.0076	0.0005	0.1186	0.0993	0.0193	0.1297	0.0688	0.0609	0.0235	0.0223	0.0012	0.1062	0.0465	0.0597	0.0022	0.0013	0.0066	0.0059	0.0059	0.0000	0.0019	0.0000	0.0066	1.5153	0.0721	3.1467	0.2110	0.2224	0.0000	1.8039	0.0000	3.2102		
44	53	0.0541	5	1	1	0	0	0	0	0	0	N	N	N	N	N	N	N	N	N	N	N	N	2.3462	0.0110	14.3561	0.0386	0.0367	4.2637	14.2141	2.3496	0.0102	15.4635	0.1460	0.1504	0.0000	2.4890	0.0000	15.6419	1.0014	0.9340	1.0771	3.7811	4.0940	0.0000	0.5838	0.0000	1.1004	269.4340	1.0275	0.4496	-0.0338	10.0000	8.6921	26.8440	5.3599	1.0033	0.0037	0.9996	0.0037	0.0037	0.0000	0.9996	0.0000	0.9996	0.3134	0.1545	0.1588	0.1545	0.1545	0.0000	0.1588	0.0000	0.1588	0.4270	0.3624	0.0646	0.0254	0.0247	0.0007	0.4016	0.3377	0.0639	0.3129	0.1655	0.1474	0.0409	0.0378	0.0031	0.2720	0.1277	0.1443	2.3462	0.0110	14.3561	0.0386	0.0367	0.0000	4.2637	0.0000	14.2141	1.0014	0.9340	1.0771	3.7811	4.0940	0.0000	0.5838	0.0000	1.1004		
44	54	0.0538	4	1	1	0	0	0	0	0	0	N	N	N	N	N	N	N	N	N	N	N	N	0.0078	0.0144	0.0074	0.0003	0.0003	0.0092	inf	0.0074	0.0331	0.0306	0.0490	0.0014	0.0014	0.0000	0.0379	0.0358	0.0495	4.2708	2.1205	6.5973	4.7110	4.8603	0.0000	4.1364	0.0000	6.6975	0.2559	2.8756	-0.0013	0.0568	10.0000	1.8652	26.8440	1.4001	0.0037	0.0030	0.0008	0.0000	0.0000	0.0000	0.0037	0.0029	0.0008	0.4463	0.1151	0.3311	0.1151	0.1151	0.0000	0.3311	0.0000	0.3311	0.1125	0.0970	0.0155	0.0147	0.0146	0.0002	0.0978	0.0825	0.0154	0.1045	0.0543	0.0502	0.0244	0.0237	0.0008	0.0800	0.0306	0.0494	0.0078	0.0144	0.0074	0.0003	0.0003	0.0000	0.0092	inf	0.0074	4.2708	2.1205	6.5973	4.7110	4.8603	0.0000	4.1364	0.0000	6.6975	
44	55	0.0494	3	1	1	0	0	0	0	0	0	N	N	N	N	N	N	N	N	N	N	N	N	0.0001	0.0044	0.0001	0.0179	0.0174	0.0001	inf	0.0001	0.0003	0.0003	0.0005	0.0033	0.0033	0.0000	0.0002	0.0001	0.0005	2.6412	0.0621	6.1750	0.1829	0.1893	0.0000	3.2416	0.0000	6.2737	0.3333	72.5491	-0.0000	0.2163	10.0000	2.5292	26.8440	4.9772	0.0000	0.0000	0.0000	0.0000	0.0000	0.0000	0.0000	0.0000	0.0000	0.5819	0.0079	0.5740	0.0079	0.0079	0.0000	0.5740	0.0000	0.5740	0.1280	0.1089	0.0191	0.0061	0.0061	0.0000	0.1219	0.1028	0.0191	0.2203	0.1274	0.0929	0.0432	0.0418	0.0015	0.1771	0.0856	0.0915	0.0001	0.0044	0.0001	0.0179	0.0174	0.0000	0.0001	inf	0.0001	2.6412	0.0621	6.1750	0.1829	0.1893	0.0000	3.2416	0.0000	6.2737	
44	56	0.0749	2	2	2	0	0	0	0	0	0	Y	Y	N	N	N	N	N	N	N	N	N	N	0.0000	0.0000	0.0000	0.0000	0.0000	0.0000	0.0000	0.0000	0.0000	0.0000	0.0000	0.0000	0.0000	0.0000	0.0000	0.0000	0.0000	0.0000	0.0000	0.0000	10.0000	0.0000	26.8440	10.9971	0.0000	0.0000	0.0000	0.0000	0.0000	0.0000	0.0000	0.0000	0.0000	0.0000	0.0000	0.0000	0.0000	0.0000	0.0000	0.0000	0.0000	0.0000	0.0000	0.0000	0.0000	0.0000	0.0000	0.0000	0.0000	0.0000	0.0000	0.2520	0.1351	0.1168	0.0384	0.0346	0.0038	0.2136	0.1005	0.1130	0.0000	0.0000	0.0000	0.0000	0.0000	0.0000	0.0000	0.0000	0.0000	0.0000	0.0000	0.0000	0.0000	0.0000	0.0000	0.0000	0.0000	0.0000											
44	57	0.1302	5	1	1	0	0	0	0	0	0	N	N	N	N	N	N	N	N	N	N	N	N	0.0007	0.0060	0.0000	0.0062	0.0121	0.0000	0.0000	0.0000	0.0002	0.0002	0.0000	0.0008	0.0008	0.0000	0.0000	0.0000	0.0000	0.2988	0.0413	0.7915	0.1288	0.0685	0.7985	0.4279	0.0000	0.7907	0.0000	10.0093	-0.0001	0.1072	10.0000	7.8198	26.8440	21.5823	0.0001	0.0001	0.0000	0.0001	0.0001	0.0000	0.0000	0.0000	0.0000	0.3640	0.0331	0.3309	0.0677	0.0331	0.0347	0.2962	0.0000	0.2962	0.6028	0.5280	0.0748	0.1629	0.1571	0.0058	0.4399	0.3709	0.0690	1.2181	0.8001	0.4181	0.5259	0.4825	0.0434	0.6923	0.3176	0.3747	0.0007	0.0060	0.0000	0.0062	0.0121	0.0000	0.0000	0.0000	0.0000	0.2988	0.0413	0.7915	0.1288	0.0685	0.7985	0.4279	0.0000	0.7907	
44	58	0.1107	6	2	2	1	0	0	0	0	0	Y	Y	N	N	N	N	N	N	N	N	N	N	3.2042	0.0000	9.2832	0.0000	0.0000	2.7492	0.0000	8.9491	10.8239	0.0000	70.0803	0.0000	0.0000	0.0000	11.3840	0.0000	71.3700	3.3780	0.0001	7.5491	0.0002	0.0000	0.0014	4.1409	0.0002	7.9751	inf	50003.0011	0.4518	0.3852	10.0000	2.0055	26.8440	11.8091	0.9999	0.0000	0.9999	0.0000	0.0000	0.0000	0.9999	0.0000	0.9999	0.9999	0.0000	0.9999	0.0000	0.0000	0.0000	0.9999	0.0000	0.9999	0.0924	0.0781	0.0143	0.0045	0.0043	0.0003	0.0878	0.0738	0.0140	0.2960	0.1636	0.1324	0.0545	0.0475	0.0071	0.2415	0.1161	0.1254	3.2042	0.0000	9.2832	0.0000	0.0000	0.0000	2.7492	0.0000	8.9491	3.3780	0.0001	7.5491	0.0002	0.0000	0.0014	4.1409	0.0002	7.9751	
44	59	0.1052	5	2	1	1	0	0	0	0	0	Y	N	N	N	N	N	N	N	N	N	N	N	0.0107	0.0000	0.0426	0.0000	0.0000	0.0000	0.0090	0.0000	0.0414	0.0005	0.0000	0.0035	0.0000	0.0000	0.0000	0.0006	0.0000	0.0036	0.0509	0.0297	0.0828	0.0120	0.0123	0.0094	0.0635	0.0401	0.0867	inf	1.8522	0.0000	0.0002	10.0000	1.9951	26.8440	2.5667	0.0001	0.0000	0.0001	0.0000	0.0000	0.0000	0.0001	0.0000	0.0001	0.0063	0.0022	0.0041	0.0004	0.0003	0.0000	0.0059	0.0019	0.0041	0.0916	0.0774	0.0142	0.0041	0.0039	0.0002	0.0875	0.0735	0.0139	0.1237	0.0743	0.0494	0.0302	0.0277	0.0025	0.0935	0.0466	0.0469	0.0107	0.0000	0.0426	0.0000	0.0000	0.0000	0.0090	0.0000	0.0414	0.0509	0.0297	0.0828	0.0120	0.0123	0.0094	0.0635	0.0401	0.0867
44	60	0.0985	4	2	1	1	0	0	0	0	0	Y	N	N	N	N	N	N	N	N	N	N	N	0.0000	0.0000	0.0000	0.0000	0.0000	0.0000	0.0000	0.0000	0.0000	0.0000	0.0000	0.0000	0.0000	0.0000	0.0000	0.0000	0.0000	0.0000	3.3015	4.4446	0.0072	1.5730	1.7431	0.0285	4.6860	7.6117	0.0029	0.0006	0.0000	-0.2776	10.0000	0.0108	26.8440	3.6229	0.0000	0.0000	0.0000	0.0000	0.0000	0.0000	0.0000	0.0000	0.0000	0.4519	0.4517	0.0003	0.0958	0.0956	0.0002	0.3562	0.3561	0.0001	0.0008	0.0007	0.0001	0.0003	0.0003	0.0000	0.0006	0.0004	0.0001	0.1369	0.1016	0.0353	0.0609	0.0548	0.0060	0.0760	0.0468	0.0292	0.0000	0.0000	0.0000	0.0000	0.0000	0.0000	0.0000	0.0000	0.0000	3.3015	4.4446	0.0072	1.5730	1.7431	0.0285	4.6860	7.6117	0.0029	
44	61	0.0505	3	1	2	0	0	0	0	0	0	N	Y	N	N	N	N	N	N	N	N	N	N	0.0826	3.1892	0.0000	21.3047	23.8748	0.0000	0.0000	0.0000	0.0745	0.0876	0.0000	1.1945	1.1997	0.0000	0.0000	0.0000	0.0000	0.9016	0.0275	2.0375	0.0561	0.0502	0.5705	1.2856	0.0000	2.0494	0.0000	57.1056	-0.0086	0.1931	10.0000	4.0917	26.8440	8.0988	0.0157	0.0157	0.0000	0.0157	0.0157	0.0000	0.0000	0.0000	0.0000	0.5247	0.0090	0.5156	0.0102	0.0090	0.0012	0.5145	0.0000	0.5145	0.2112	0.1796	0.0316	0.0132	0.0131	0.0001	0.1981	0.1665	0.0316	0.5819	0.3288	0.2531	0.1817	0.1797	0.0020	0.4002	0.1491	0.2510	0.0826	3.1892	0.0000	21.3047	23.8748	0.0000	0.0000	0.0000	0.0000	0.9016	0.0275	2.0375	0.0561	0.0502	0.5705	1.2856	0.0000	2.0494	
44	62	0.0467	2	1	2	0	0	0	0	0	0	N	Y	N	N	N	N	N	N	N	N	N	N	0.0559	0.0004	0.1912	0.0933	0.0923	0.0000	0.0433	0.0000	0.1898	0.1612	0.0002	0.9960	0.0973	0.0974	0.0000	0.1614	0.0000	0.9960	2.8867	0.6502	5.2101	1.0434	1.0552	0.0188	3.7301	0.0189	5.2481	799.0616	7.7135	0.0071	0.2969	10.0000	2.1165	26.8440	5.0852	0.0157	0.0000	0.0157	0.0000	0.0000	0.0000	0.0157	0.0000	0.0157	1.0976	0.1260	0.9716	0.1246	0.1245	0.0000	0.9730	0.0014	0.9716	0.0977	0.0819	0.0158	0.0002	0.0002	0.0000	0.0975	0.0817	0.0158	0.3802	0.1937	0.1865	0.1194	0.1180	0.0014	0.2609	0.0757	0.1851	0.0559	0.0004	0.1912	0.0933	0.0923	0.0000	0.0433	0.0000	0.1898	2.8867	0.6502	5.2101	1.0434	1.0552	0.0188	3.7301	0.0189	5.2481
44	63	0.0985	4	2	1	1	0	0	0	0	0	Y	N	N	N	N	N	N	N	N	N	N	N	0.0000	0.0000	0.0000	0.0000	0.0000	0.0000	0.0000	0.0000	0.0000	0.0000	0.0000	0.0000	0.0000	0.0000	0.0000	0.0000	0.0000	2.8120	0.0001	7.3442	5.8300	0.0001	165.4106	1.5607	0.0000	3.1902	88986.0364	0.0000	0.3504	10.0000	3.9990	26.8440	8.8702	0.0000	0.0000	0.0000	0.0000	0.0000	0.0000	0.0000	0.0000	0.0000	0.9094	0.0000	0.9094	0.5526	0.0000	0.5526	0.3568	0.0000	0.3568	0.1787	0.1540	0.0247	0.0103	0.0097	0.0006	0.1684	0.1443	0.0241	0.3234	0.1996	0.1238	0.0948	0.0828	0.0120	0.2286	0.1168	0.1118	0.0000	0.0000	0.0000	0.0000	0.0000	0.0000	0.0000	0.0000	0.0000	2.8120	0.0001	7.3442	5.8300	0.0001	46.1241	1.5607	0.0000	3.1902		
44	64	0.0783	3	2	1	1	0	0	0	0	0	Y	N	N	N	N	N	N	N	N	N	N	N	0.0000	0.0000	0.0000	0.0000	0.0000	0.0000	0.0000	0.0000	0.0000	0.0000	0.0000	0.0000	0.0000	0.0000	0.0000	0.0000	0.0000	0.0000	2.0867	3.0575	0.7112	0.0503	0.0441	0.1490	2.6766	4.7565	0.7298	0.1642	0.0000	-0.3044	10.0000	3.9972	26.8440	6.8232	0.0000	0.0000	0.0000	0.0000	0.0000	0.0000	0.0000	0.0000	0.0000	0.6426	0.5519	0.0906	0.0035	0.0029	0.0006	0.6391	0.5491	0.0900	0.1909	0.1623	0.0286	0.0112	0.0109	0.0004	0.1796	0.1514	0.0282	0.3079	0.1805	0.1274	0.0692	0.0651	0.0041	0.2388	0.1154	0.1233	0.0000	0.0000	0.0000	0.0000	0.0000	0.0000	0.0000	0.0000	0.0000	2.0867	3.0575	0.7112	0.0503	0.0441	0.1490	2.6766	4.7565	0.7298	
44	65	0.0544	3	1	2	0	0	0	0	0	0	N	Y	N	N	N	N	N	N	N	N	N	N	1.6421	17.1195	0.0000	0.0463	0.0460	0.0000	1.4344	483271.2314	0.0000	1.4154	1.6779	0.0000	0.0133	0.0135	0.0000	1.4414	1.7140	0.0000	0.8620	0.0980	1.8749	0.2861	0.2926	0.1298	1.0049	0.0000	1.9076	0.0000	14.4277	-0.5471	0.3587	10.0000	15.6632	26.8440	35.0639	0.9980	0.9980	0.0000	0.0002	0.0002	0.0000	0.9978	0.9978	0.0000	1.1194	0.0726	1.0468	0.0739	0.0726	0.0013	1.0455	0.0000	1.0455	0.7051	0.5948	0.1103	0.0128	0.0126	0.0002	0.6922	0.5821	0.1101	1.2986	0.7403	0.5583	0.2582	0.2480	0.0102	1.0404	0.4923	0.5481	1.6421	17.1195	0.0000	0.0463	0.0460	0.0000	1.4344	483271.2314	0.0000	0.8620	0.0980	1.8749	0.2861	0.2926	0.1298	1.0049	0.0000	1.9076
44	66	0.0544	3	1	1	1	0	0	0	0	0	N	N	N	N	N	N	N	N	N	N	N	N	0.0000	0.0000	0.0000	0.0000	0.0000	0.0000	0.0000	0.0000	0.0000	0.0000	0.0000	0.0000	0.0000	0.0000	0.0000	0.0000	0.0000	0.0000	2.8904	2.3964	3.7083	0.2974	0.3050	0.0051	4.1511	4.5861	3.7914	0.9346	0.0000	-0.2724	10.0000	4.9998	26.8440	10.1184	0.0000	0.0000	0.0000	0.0000	0.0000	0.0000	0.0000	0.0000	0.0000	2.0693	1.0696	0.9996	0.0697	0.0696	0.0000	1.9996	1.0000	0.9996	0.2513	0.2130	0.0383	0.0128	0.0127	0.0001	0.2385	0.2003	0.0381	0.7159	0.4464	0.2696	0.2342	0.2283	0.0059	0.4817	0.2180	0.2636	0.0000	0.0000	0.0000	0.0000	0.0000	0.0000	0.0000	0.0000	0.0000	2.8904	2.3964	3.7083	0.2974	0.3050	0.0051	4.1511	4.5861	3.7914	
44	67	0.0588	5	1	2	0	0	0	0	0	0	N	Y	N	N	N	N	N	N	N	N	N	N	4.0529	10402.5580	3.9988	0.0000	0.0000	0.0000	3.4849	14330.2893	3.9748	6.1429	4.8389	13.4771	0.0000	0.0000	0.0000	6.4016	5.0539	13.8726	1.5157	0.0005	3.3703	0.0007	0.0007	0.0000	1.8370	0.0004	3.4901	0.4952	5919.4987	-0.6485	0.3811	10.0000	10.9928	26.8440	18.5513	2.9884	1.9987	0.9897	0.0000	0.0000	0.0000	2.9884	1.9987	0.9897	0.9896	0.0002	0.9895	0.0001	0.0001	0.0000	0.9896	0.0001	0.9895	0.4865	0.4130	0.0734	0.0197	0.0176	0.0021	0.4668	0.3955	0.0713	0.6529	0.3593	0.2936	0.1142	0.1042	0.0101	0.5387	0.2552	0.2835	4.0529	10402.5580	3.9988	0.0000	0.0000	0.0000	3.4849	14330.2893	3.9748	1.5157	0.0005	3.3703	0.0007	0.0007	0.0000	1.8370	0.0004	3.4901
44	68	0.0588	4	1	1	0	0	0	0	0	0	N	N	N	N	N	N	N	N	N	N	N	N	8.9949	5.8035	33.6210	7.8654	7.8750	0.0000	9.3689	61.8545	34.0307	1.5417	0.5948	10.2180	1.2711	1.2796	0.0000	1.6706	0.2168	10.4453	0.1714	0.1025	0.3039	0.1616	0.1625	0.0836	0.1783	0.0035	0.3069	1.8750	1.5421	0.0016	-0.0001	10.0000	0.0861	26.8440	1.0715	0.0158	0.0055	0.0103	0.0042	0.0042	0.0000	0.0116	0.0013	0.0103	0.0177	0.0070	0.0108	0.0069	0.0069	0.0000	0.0108	0.0001	0.0107	0.0102	0.0092	0.0010	0.0033	0.0033	0.0000	0.0069	0.0059	0.0010	0.1034	0.0680	0.0354	0.0428	0.0424	0.0005	0.0606	0.0257	0.0349	8.9949	5.8035	33.6210	7.8654	7.8750	0.0000	9.3689	61.8545	34.0307	0.1714	0.1025	0.3039	0.1616	0.1625	0.0836	0.1783	0.0035	0.3069
44	69	0.1079	4	2	1	1	0	0	0	0	0	Y	N	N	N	N	N	N	N	N	N	N	N	0.0000	0.0000	0.0000	0.0000	0.0000	0.0000	0.0000	0.0000	0.0000	0.0000	0.0000	0.0000	0.0000	0.0000	0.0000	0.0000	0.0004	0.0004	0.0003	0.0014	0.0016	0.0000	0.0001	0.0000	0.0003	0.4998	0.0000	-0.0000	10.0000	1.0000	26.8440	3.0001	0.0000	0.0000	0.0000	0.0000	0.0000	0.0000	0.0000	0.0000	0.0000	0.0000	0.0000	0.0000	0.0000	0.0000	0.0000	0.0000	0.0000	0.0000	0.0452	0.0381	0.0071	0.0031	0.0029	0.0002	0.0421	0.0351	0.0069	0.0834	0.0460	0.0374	0.0141	0.0123	0.0018	0.0693	0.0337	0.0356	0.0000	0.0000	0.0000	0.0000	0.0000	0.0000	0.0000	0.0000	0.0000	0.0004	0.0004	0.0003	0.0014	0.0016	0.0000	0.0001	0.0000	0.0003			
44	70	0.1079	3	2	1	1	0	0	0	0	0	Y	N	N	N	N	N	N	N	N	N	N	N	0.0000	0.0000	0.0000	0.0000	0.0000	0.0000	0.0000	0.0000	0.0000	0.0000	0.0000	0.0000	0.0000	0.0000	0.0000	0.0000	0.9194	0.8020	1.0771	1.1291	1.1466	0.0000	0.7754	0.0000	1.0929	1.0000	0.0000	-0.0000	10.0000	0.0000	26.8440	0.0009	0.0000	0.0000	0.0000	0.0000	0.0000	0.0000	0.0000	0.0000	0.0000	0.0001	0.0000	0.0000	0.0000	0.0000	0.0000	0.0000	0.0000	0.0000	0.0000	0.0000	0.0000	0.0000	0.0000	0.0000	0.0000	0.0000	0.0000	0.0001	0.0000	0.0000	0.0000	0.0000	0.0000	0.0000	0.0000	0.0000	0.0000	0.0000	0.0000	0.0000	0.0000	0.0000	0.0000	0.0000	0.0000	0.9194	0.8020	1.0771	1.1291	1.1466	0.0000	0.7754	0.0000	1.0929			
44	71	0.0749	2	2	1	1	0	0	0	0	0	Y	N	N	N	N	N	N	N	N	N	N	N	0.0000	0.0000	0.0000	0.0000	0.0000	0.0000	0.0000	0.0000	0.0000	0.0000	0.0000	0.0000	0.0000	0.0000	0.0000	0.0000	2.0843	0.0001	4.4328	0.0003	0.0003	0.0000	2.3972	0.0000	4.5859	53271.8260	0.0000	0.3851	10.0000	9.9966	26.8440	12.9129	0.0000	0.0000	0.0000	0.0000	0.0000	0.0000	0.0000	0.0000	0.0000	0.9997	0.0000	0.9997	0.0000	0.0000	0.0000	0.9997	0.0000	0.9997	0.4442	0.3759	0.0684	0.0163	0.0154	0.0009	0.4279	0.3604	0.0675	0.4797	0.2541	0.2255	0.0626	0.0551	0.0075	0.4170	0.1990	0.2180	0.0000	0.0000	0.0000	0.0000	0.0000	0.0000	0.0000	0.0000	0.0000	2.0843	0.0001	4.4328	0.0003	0.0003	0.0000	2.3972	0.0000	4.5859			
44	73	0.0442	2	1	2	0	0	0	0	0	0	N	Y	N	N	N	N	N	N	N	N	N	N	324.7412	49772.3838	0.0000	0.0000	0.0000	0.0000	251.7971	inf	0.0000	7.2718	8.6702	0.0000	0.0000	0.0000	0.0000	7.2743	8.6738	0.0000	0.0224	0.0002	0.0479	0.0005	0.0004	0.0163	0.0289	0.0000	0.0480	0.0000	239.3241	-0.5482	0.0063	10.0000	3.0003	26.8440	18.1082	1.0000	1.0000	0.0000	0.0000	0.0000	0.0000	1.0000	1.0000	0.0000	0.0166	0.0001	0.0166	0.0001	0.0001	0.0000	0.0166	0.0000	0.0166	0.1375	0.1153	0.0222	0.0000	0.0000	0.0000	0.1375	0.1153	0.0222	0.7432	0.3975	0.3456	0.1699	0.1693	0.0006	0.5733	0.2283	0.3450	324.7412	49772.3838	0.0000	0.0000	0.0000	0.0000	251.7971	inf	0.0000	0.0224	0.0002	0.0479	0.0005	0.0004	0.0163	0.0289	0.0000	0.0480
44	74	0.0783	3	1	2	0	0	0	0	0	0	N	Y	N	N	N	N	N	N	N	N	N	N	0.0000	0.0000	0.0000	0.0000	0.0000	0.0000	0.0000	0.0000	0.0000	0.0000	0.0000	0.0000	0.0000	0.0000	0.0000	0.0000	0.0000	0.0112	0.0197	0.0005	0.0655	0.0709	0.0111	0.0000	0.0000	0.0001	0.0185	0.0000	-0.0038	10.0000	7.0046	26.8440	18.1036	0.0000	0.0000	0.0000	0.0000	0.0000	0.0000	0.0000	0.0000	0.0000	0.0064	0.0063	0.0001	0.0064	0.0063	0.0001	0.0000	0.0000	0.0000	0.3236	0.2746	0.0490	0.0160	0.0153	0.0006	0.3076	0.2592	0.0484	0.5766	0.3208	0.2558	0.0980	0.0893	0.0087	0.4786	0.2315	0.2470	0.0000	0.0000	0.0000	0.0000	0.0000	0.0000	0.0000	0.0000	0.0000	0.0112	0.0197	0.0005	0.0655	0.0709	0.0111	0.0000	0.0000	0.0001		
44	75	0.0749	2	1	1	0	0	0	0	0	0	N	N	N	N	N	N	N	N	N	N	N	N	0.0007	0.0000	0.0023	0.0000	0.0000	0.0000	0.0006	0.0000	0.0022	0.0008	0.0000	0.0056	0.0000	0.0000	0.0000	0.0009	0.0000	0.0057	1.1455	0.1051	2.4533	0.0126	0.0110	0.0392	1.4596	0.1598	2.5239	inf	18.5590	0.0000	0.0388	10.0000	0.2435	26.8440	3.2922	0.0000	0.0000	0.0000	0.0000	0.0000	0.0000	0.0000	0.0000	0.0000	0.1161	0.0059	0.1102	0.0003	0.0002	0.0001	0.1158	0.0057	0.1101	0.0123	0.0105	0.0018	0.0010	0.0009	0.0000	0.0114	0.0096	0.0018	0.1014	0.0565	0.0449	0.0220	0.0207	0.0013	0.0794	0.0357	0.0436	0.0007	0.0000	0.0023	0.0000	0.0000	0.0000	0.0006	0.0000	0.0022	1.1455	0.1051	2.4533	0.0126	0.0110	0.0392	1.4596	0.1598	2.5239
44	77	0.0592	5	1	2	0	0	0	0	0	0	N	Y	N	N	N	N	N	N	N	N	N	N	373.1988	277.1321	0.0000	0.8776	0.8301	0.0000	2452.6629	11702.5491	0.0000	2.5199	2.9590	0.0000	0.0311	0.0320	0.0000	2.6403	3.1220	0.0000	0.0068	0.0107	0.0018	0.0354	0.0385	0.0005	0.0011	0.0003	0.0018	0.0000	0.1337	-0.5485	-0.0019	10.0000	8.6571	26.8440	16.0761	1.0005	1.0005	0.0000	0.0006	0.0006	0.0000	1.0000	1.0000	0.0000	0.0037	0.0033	0.0004	0.0032	0.0032	0.0000	0.0005	0.0001	0.0004	0.3970	0.3381	0.0589	0.0183	0.0178	0.0005	0.3787	0.3203	0.0584	0.5541	0.3091	0.2450	0.0915	0.0842	0.0074	0.4626	0.2249	0.2377	373.1988	277.1321	0.0000	0.8776	0.8301	0.0000	2452.6629	11702.5491	0.0000	0.0068	0.0107	0.0018	0.0354	0.0385	0.0005	0.0011	0.0003	0.0018
44	78	0.0588	4	1	2	0	0	0	0	0	0	N	Y	N	N	N	N	N	N	N	N	N	N	1.8716	1.6574	2.7467	5.0307	5.0688	0.0000	0.7713	0.6816	2.8073	0.1553	0.1497	0.1930	0.7912	0.8079	0.0000	0.0318	0.0025	0.1982	0.0830	0.0903	0.0703	0.1573	0.1594	0.0540	0.0412	0.0036	0.0706	0.1908	0.4510	-0.0014	-0.0032	10.0000	0.3645	26.8440	1.9845	0.0035	0.0030	0.0006	0.0029	0.0029	0.0000	0.0006	0.0000	0.0006	0.0106	0.0073	0.0033	0.0073	0.0072	0.0000	0.0034	0.0001	0.0033	0.0228	0.0199	0.0029	0.0037	0.0036	0.0001	0.0191	0.0163	0.0029	0.1283	0.0812	0.0471	0.0461	0.0452	0.0009	0.0822	0.0360	0.0462	1.8716	1.6574	2.7467	5.0307	5.0688	0.0000	0.7713	0.6816	2.8073	0.0830	0.0903	0.0703	0.1573	0.1594	0.0540	0.0412	0.0036	0.0706
44	79	0.0494	3	1	1	0	0	0	0	0	0	N	N	N	N	N	N	N	N	N	N	N	N	0.0119	0.0024	3.5103	0.0134	0.0128	0.0000	0.0108	0.0019	3.4552	0.0293	0.0106	0.1343	0.0033	0.0033	0.0000	0.0304	0.0110	0.1345	2.4511	4.4409	0.0383	0.2438	0.2579	0.0000	2.8165	5.7985	0.0389	2.2443	0.0071	0.0006	-0.6201	10.0000	2.9108	26.8440	14.2456	0.0042	0.0013	0.0029	0.0000	0.0000	0.0000	0.0042	0.0013	0.0029	1.0204	1.0132	0.0072	0.0144	0.0144	0.0000	1.0060	0.9988	0.0072	0.1453	0.1234	0.0219	0.0061	0.0061	0.0000	0.1392	0.1173	0.0219	0.4163	0.2282	0.1881	0.0591	0.0559	0.0032	0.3572	0.1723	0.1849	0.0119	0.0024	3.5103	0.0134	0.0128	0.0000	0.0108	0.0019	3.4552	2.4511	4.4409	0.0383	0.2438	0.2579	0.0000	2.8165	5.7985	0.0389
44	80	0.0442	2	1	1	0	0	0	0	0	0	N	N	N	N	N	N	N	N	N	N	N	N	0.0244	0.0150	0.0947	0.5919	0.5910	0.0000	0.0434	0.2575	0.0946	0.0105	0.0100	0.0131	0.6260	0.6261	0.0000	0.0042	0.0025	0.0131	0.4287	0.6647	0.1382	1.0576	1.0593	0.0359	0.0976	0.0098	0.1384	0.2500	0.1690	-0.0000	-0.0981	10.0000	0.1009	26.8440	7.5203	0.0000	0.0000	0.0000	0.0000	0.0000	0.0000	0.0000	0.0000	0.0000	0.2086	0.1784	0.0301	0.1774	0.1774	0.0000	0.0311	0.0010	0.0301	0.0048	0.0040	0.0008	0.0000	0.0000	0.0000	0.0047	0.0040	0.0008	0.4865	0.2684	0.2181	0.1678	0.1675	0.0003	0.3188	0.1009	0.2178	0.0244	0.0150	0.0947	0.5919	0.5910	0.0000	0.0434	0.2575	0.0946	0.4287	0.6647	0.1382	1.0576	1.0593	0.0359	0.0976	0.0098	0.1384
44	82	0.0574	4	1	2	0	0	0	0	0	0	N	Y	N	N	N	N	N	N	N	N	N	N	0.0000	0.0000	0.0000	0.0000	0.0000	0.0000	0.0000	0.0000	0.0000	0.0000	0.0000	0.0000	0.0000	0.0000	0.0000	0.0000	0.0000	1.3147	0.0224	2.9901	0.0746	0.0762	0.0000	1.5684	0.0000	3.0153	102.8105	0.0000	0.3788	10.0000	7.9116	26.8440	21.1247	0.0000	0.0000	0.0000	0.0000	0.0000	0.0000	0.0000	0.0000	0.0000	1.0084	0.0097	0.9986	0.0097	0.0097	0.0000	0.9986	0.0000	0.9986	0.3817	0.3219	0.0598	0.0158	0.0156	0.0002	0.3659	0.3063	0.0596	0.7670	0.4330	0.3340	0.1302	0.1274	0.0028	0.6367	0.3055	0.3312	0.0000	0.0000	0.0000	0.0000	0.0000	0.0000	0.0000	0.0000	0.0000	1.3147	0.0224	2.9901	0.0746	0.0762	0.0000	1.5684	0.0000	3.0153		
44	83	0.0754	5	2	2	0	0	0	0	0	0	Y	Y	N	N	N	N	N	N	N	N	N	N	0.0000	0.0000	0.0000	0.0000	0.0000	0.0000	0.0000	0.0000	0.0000	0.0000	0.0000	0.0000	0.0000	0.0000	0.0000	0.0000	0.0000	0.0000	0.0000	0.0000	10.0000	0.0000	26.8440	1.8333	0.0000	0.0000	0.0000	0.0000	0.0000	0.0000	0.0000	0.0000	0.0000	0.0000	0.0000	0.0000	0.0000	0.0000	0.0000	0.0000	0.0000	0.0000	0.0000	0.0000	0.0000	0.0000	0.0000	0.0000	0.0000	0.0000	0.0000	0.0644	0.0401	0.0243	0.0172	0.0165	0.0007	0.0473	0.0236	0.0237	0.0000	0.0000	0.0000	0.0000	0.0000	0.0000	0.0000	0.0000	0.0000	0.0000	0.0000	0.0000	0.0000	0.0000	0.0000	0.0000	0.0000	0.0000											
44	84	0.0574	4	2	2	0	0	0	0	0	0	Y	Y	N	N	N	N	N	N	N	N	N	N	0.0000	0.0000	0.0000	0.0000	0.0000	0.0000	0.0000	0.0000	0.0000	0.0000	0.0000	0.0000	0.0000	0.0000	0.0000	0.0000	0.0000	3.3099	0.0050	7.8559	0.0358	0.0145	1.2246	4.1433	0.0000	7.9127	1146.8253	0.0000	0.7670	10.0000	6.9552	26.8440	13.1226	0.0000	0.0000	0.0000	0.0000	0.0000	0.0000	0.0000	0.0000	0.0000	1.9953	0.0017	1.9936	0.0044	0.0017	0.0026	1.9910	0.0000	1.9910	0.3403	0.2870	0.0533	0.0157	0.0155	0.0002	0.3245	0.2715	0.0531	0.6028	0.3491	0.2538	0.1223	0.1202	0.0022	0.4805	0.2289	0.2516	0.0000	0.0000	0.0000	0.0000	0.0000	0.0000	0.0000	0.0000	0.0000	3.3099	0.0050	7.8559	0.0358	0.0145	1.2246	4.1433	0.0000	7.9127		
44	85	0.0544	3	1	2	0	0	0	0	0	0	N	Y	N	N	N	N	N	N	N	N	N	N	0.0000	0.0000	0.0000	0.0000	0.0000	0.0000	0.0000	0.0000	0.0000	0.0000	0.0000	0.0000	0.0000	0.0000	0.0000	0.0000	0.0000	0.0000	0.7181	0.5938	0.8783	1.3342	1.3397	0.0420	0.5209	0.0339	0.8803	1.1473	0.0000	-0.0140	10.0000	0.3374	26.8440	6.1146	0.0000	0.0000	0.0000	0.0000	0.0000	0.0000	0.0000	0.0000	0.0000	0.1742	0.0811	0.0931	0.0785	0.0785	0.0000	0.0957	0.0026	0.0930	0.0253	0.0208	0.0046	0.0049	0.0049	0.0000	0.0204	0.0159	0.0046	0.2425	0.1366	0.1059	0.0588	0.0586	0.0003	0.1837	0.0780	0.1057	0.0000	0.0000	0.0000	0.0000	0.0000	0.0000	0.0000	0.0000	0.0000	0.7181	0.5938	0.8783	1.3342	1.3397	0.0420	0.5209	0.0339	0.8803	
44	86	0.0544	3	1	2	0	0	0	0	0	0	N	Y	N	N	N	N	N	N	N	N	N	N	0.0000	0.0000	0.0000	0.0000	0.0000	0.0000	0.0000	0.0000	0.0000	0.0000	0.0000	0.0000	0.0000	0.0000	0.0000	0.0000	0.0000	0.0000	1.8575	3.1912	0.3362	0.0448	0.0453	0.0000	2.1193	4.1525	0.3373	0.0924	0.0000	-0.5784	10.0000	11.0342	26.8440	12.7513	0.0000	0.0000	0.0000	0.0000	0.0000	0.0000	0.0000	0.0000	0.0000	1.0910	0.9987	0.0923	0.0033	0.0033	0.0000	1.0877	0.9954	0.0923	0.4976	0.4180	0.0796	0.0061	0.0060	0.0001	0.4915	0.4120	0.0795	0.5873	0.3130	0.2744	0.0741	0.0732	0.0009	0.5132	0.2397	0.2735	0.0000	0.0000	0.0000	0.0000	0.0000	0.0000	0.0000	0.0000	0.0000	1.8575	3.1912	0.3362	0.0448	0.0453	0.0000	2.1193	4.1525	0.3373	
44	87	0.0467	2	1	2	0	0	0	0	0	0	N	Y	N	N	N	N	N	N	N	N	N	N	0.0000	0.0002	0.0000	0.0774	0.0765	0.0000	0.0000	0.0000	0.0000	0.0001	0.0001	0.0000	0.0992	0.0993	0.0000	0.0000	0.0000	0.0000	2.3781	0.7035	4.1118	1.2820	1.2970	0.0000	2.7903	0.0314	4.1383	0.0000	5.6451	-0.0000	0.2473	10.0000	3.9739	26.8440	6.2820	0.0000	0.0000	0.0000	0.0000	0.0000	0.0000	0.0000	0.0000	0.0000	1.0535	0.1585	0.8950	0.1552	0.1552	0.0000	0.8983	0.0033	0.8950	0.1817	0.1524	0.0293	0.0002	0.0002	0.0000	0.1815	0.1522	0.0293	0.4430	0.2254	0.2177	0.1211	0.1197	0.0014	0.3219	0.1057	0.2163	0.0000	0.0002	0.0000	0.0774	0.0765	0.0000	0.0000	0.0000	0.0000	2.3781	0.7035	4.1118	1.2820	1.2970	0.0000	2.7903	0.0314	4.1383
44	92	0.1302	5	1	1	0	0	0	0	0	0	N	N	N	N	N	N	N	N	N	N	N	N	0.0004	0.0465	0.0000	0.0234	0.1557	0.0000	0.0000	0.0000	0.0003	0.0003	0.0000	0.0018	0.0020	0.0000	0.0000	0.0000	0.0000	0.7235	0.0065	1.9383	0.0785	0.0125	0.7014	1.0904	0.0000	2.0660	0.0000	175.0798	-0.0002	0.4409	10.0000	24.8682	26.8440	39.8855	0.0003	0.0003	0.0000	0.0003	0.0003	0.0000	0.0000	0.0000	0.0000	1.1615	0.0066	1.1549	0.0457	0.0066	0.0391	1.1158	0.0000	1.1158	1.2238	1.0541	0.1697	0.1740	0.1640	0.0100	1.0498	0.8901	0.1597	1.6052	1.0094	0.5958	0.5820	0.5263	0.0558	1.0232	0.4832	0.5401	0.0004	0.0465	0.0000	0.0234	0.1557	0.0000	0.0000	0.0000	0.0000	0.7235	0.0065	1.9383	0.0785	0.0125	0.7014	1.0904	0.0000	2.0660	
45	50	0.0923	13	0	1	1	0	0	0	0	0	N	N	N	N	N	N	N	N	N	N	N	N	0.0000	0.0000	0.0000	0.0000	0.0000	0.0000	0.0000	0.0000	0.0000	0.0000	0.0000	0.0000	0.0000	0.0000	0.0000	0.0000	0.0000	0.0000	0.0000	0.0000	3.0000	0.0004	5.0456	0.9852	0.0000	0.0000	0.0000	0.0000	0.0000	0.0000	0.0000	0.0000	0.0000	0.0000	0.0000	0.0000	0.0000	0.0000	0.0000	0.0000	0.0000	0.0000	0.0000	0.0000	0.0000	0.0000	0.0000	0.0000	0.0000	0.0000	0.0000	0.0053	0.0030	0.0023	0.0015	0.0013	0.0003	0.0038	0.0017	0.0020	0.0000	0.0000	0.0000	0.0000	0.0000	0.0000	0.0000	0.0000	0.0000	0.0000	0.0000	0.0000	0.0000	0.0000	0.0000	0.0000	0.0000	0.0000											
45	51	0.0815	12	0	1	0	0	0	0	0	0	N	N	N	N	N	N	N	N	N	N	N	N	0.0000	0.0000	0.0000	0.0000	0.0000	0.0000	0.0000	0.0000	0.0000	0.0000	0.0000	0.0000	0.0000	0.0000	0.0000	0.0000	0.0000	0.1987	0.0007	0.4614	0.0015	0.0016	0.0004	0.2753	0.0000	0.5058	507.7917	0.0000	0.0097	3.0000	10.7574	5.0456	12.9024	0.0000	0.0000	0.0000	0.0000	0.0000	0.0000	0.0000	0.0000	0.0000	0.0254	0.0000	0.0254	0.0001	0.0000	0.0000	0.0254	0.0000	0.0254	0.1532	0.1297	0.0235	0.0107	0.0101	0.0006	0.1426	0.1196	0.0229	0.1280	0.0730	0.0550	0.0358	0.0310	0.0048	0.0922	0.0420	0.0502	0.0000	0.0000	0.0000	0.0000	0.0000	0.0000	0.0000	0.0000	0.0000	0.1987	0.0007	0.4614	0.0015	0.0016	0.0004	0.2753	0.0000	0.5058		
45	52	0.0800	11	0	1	0	0	0	0	0	0	N	N	N	N	N	N	N	N	N	N	N	N	0.0000	0.0000	0.0000	0.0000	0.0000	0.0000	0.0000	0.0000	0.0000	0.0000	0.0000	0.0000	0.0000	0.0000	0.0000	0.0000	0.0000	0.0808	0.0174	0.1659	0.0350	0.0405	0.0001	0.0990	0.0000	0.1823	7.1264	0.0000	0.0006	3.0000	2.6694	5.0456	2.4027	0.0000	0.0000	0.0000	0.0000	0.0000	0.0000	0.0000	0.0000	0.0000	0.0023	0.0003	0.0021	0.0003	0.0003	0.0000	0.0021	0.0000	0.0021	0.0395	0.0333	0.0062	0.0027	0.0026	0.0002	0.0368	0.0308	0.0060	0.0290	0.0166	0.0124	0.0082	0.0071	0.0011	0.0208	0.0095	0.0113	0.0000	0.0000	0.0000	0.0000	0.0000	0.0000	0.0000	0.0000	0.0000	0.0808	0.0174	0.1659	0.0350	0.0405	0.0001	0.0990	0.0000	0.1823		
45	53	0.0748	10	0	1	0	0	0	0	0	0	N	N	N	N	N	N	N	N	N	N	N	N	0.0000	0.0000	0.0000	0.0000	0.0000	0.0000	0.0000	0.0000	0.0000	0.0000	0.0000	0.0000	0.0000	0.0000	0.0000	0.0000	0.0052	0.0021	0.0095	0.0044	0.0052	0.0000	0.0055	0.0000	0.0105	3.3164	0.0000	0.0001	3.0000	8.6921	5.0456	5.3599	0.0000	0.0000	0.0000	0.0000	0.0000	0.0000	0.0000	0.0000	0.0000	0.0004	0.0001	0.0003	0.0001	0.0001	0.0000	0.0003	0.0000	0.0003	0.1360	0.1163	0.0197	0.0153	0.0147	0.0006	0.1208	0.1016	0.0191	0.0723	0.0418	0.0305	0.0197	0.0167	0.0030	0.0526	0.0251	0.0275	0.0000	0.0000	0.0000	0.0000	0.0000	0.0000	0.0000	0.0000	0.0000	0.0052	0.0021	0.0095	0.0044	0.0052	0.0000	0.0055	0.0000	0.0105			
45	54	0.0746	9	0	1	0	0	0	0	0	0	N	N	N	N	N	N	N	N	N	N	N	N	0.0000	0.0000	0.0000	0.0000	0.0000	0.0000	0.0000	0.0000	0.0000	0.0000	0.0000	0.0000	0.0000	0.0000	0.0000	0.0000	0.0111	0.0115	0.0107	0.0225	0.0260	0.0000	0.0065	0.0000	0.0118	0.6997	0.0000	-0.0000	3.0000	1.8652	5.0456	1.4001	0.0000	0.0000	0.0000	0.0000	0.0000	0.0000	0.0000	0.0000	0.0000	0.0002	0.0001	0.0001	0.0001	0.0001	0.0000	0.0001	0.0000	0.0001	0.0375	0.0327	0.0048	0.0071	0.0070	0.0001	0.0304	0.0257	0.0047	0.0188	0.0108	0.0080	0.0055	0.0047	0.0007	0.0133	0.0060	0.0073	0.0000	0.0000	0.0000	0.0000	0.0000	0.0000	0.0000	0.0000	0.0000	0.0111	0.0115	0.0107	0.0225	0.0260	0.0000	0.0065	0.0000	0.0118			
45	55	0.0701	8	0	1	0	0	0	0	0	0	N	N	N	N	N	N	N	N	N	N	N	N	0.0000	0.0000	0.0000	0.0000	0.0000	0.0000	0.0000	0.0000	0.0000	0.0000	0.0000	0.0000	0.0000	0.0000	0.0000	0.0000	0.0024	0.0002	0.0060	0.0004	0.0004	0.0000	0.0034	0.0000	0.0066	18.4486	0.0000	0.0000	3.0000	2.5292	5.0456	4.9772	0.0000	0.0000	0.0000	0.0000	0.0000	0.0000	0.0000	0.0000	0.0000	0.0001	0.0000	0.0001	0.0000	0.0000	0.0000	0.0001	0.0000	0.0001	0.0418	0.0359	0.0059	0.0045	0.0044	0.0001	0.0373	0.0315	0.0058	0.0552	0.0344	0.0208	0.0186	0.0167	0.0019	0.0365	0.0177	0.0189	0.0000	0.0000	0.0000	0.0000	0.0000	0.0000	0.0000	0.0000	0.0000	0.0024	0.0002	0.0060	0.0004	0.0004	0.0000	0.0034	0.0000	0.0066			
45	56	0.0293	5	1	2	0	0	0	0	0	0	N	Y	N	N	N	N	N	N	N	N	N	N	0.0000	0.0000	0.0000	0.0000	0.0000	0.0000	0.0000	0.0000	0.0000	0.0000	0.0000	0.0000	0.0000	0.0000	0.0000	0.0000	0.0000	0.0000	0.0000	0.0000	3.0000	0.0000	5.0456	10.9971	0.0000	0.0000	0.0000	0.0000	0.0000	0.0000	0.0000	0.0000	0.0000	0.0000	0.0000	0.0000	0.0000	0.0000	0.0000	0.0000	0.0000	0.0000	0.0000	0.0000	0.0000	0.0000	0.0000	0.0000	0.0000	0.0000	0.0000	0.0645	0.0348	0.0296	0.0131	0.0116	0.0016	0.0513	0.0232	0.0281	0.0000	0.0000	0.0000	0.0000	0.0000	0.0000	0.0000	0.0000	0.0000	0.0000	0.0000	0.0000	0.0000	0.0000	0.0000	0.0000	0.0000	0.0000											
45	57	0.1509	10	0	1	0	0	0	0	0	0	N	N	N	N	N	N	N	N	N	N	N	N	0.0037	0.0028	0.0001	0.2618	0.2454	0.1245	0.0000	0.0000	0.0001	0.0143	0.0162	0.0000	0.0440	0.0458	0.0000	0.0000	0.0000	0.0000	3.9087	5.8247	0.0510	0.1682	0.1865	0.0000	7.2075	15.5350	0.0592	0.0000	0.0043	-0.0015	-0.5957	3.0000	7.8198	5.0456	21.5823	0.0028	0.0028	0.0000	0.0028	0.0028	0.0000	0.0000	0.0000	0.0000	0.9758	0.9716	0.0042	0.0197	0.0197	0.0000	0.9562	0.9519	0.0042	0.1941	0.1710	0.0231	0.0629	0.0605	0.0024	0.1312	0.1105	0.0207	0.2497	0.1668	0.0828	0.1170	0.1055	0.0115	0.1327	0.0613	0.0714	0.0037	0.0028	0.0001	0.2618	0.2454	0.1245	0.0000	0.0000	0.0001	3.9087	5.8247	0.0510	0.1682	0.1865	0.0000	7.2075	15.5350	0.0592
45	58	0.0650	9	1	2	1	0	0	0	0	0	N	Y	N	N	N	N	N	N	N	N	N	N	0.0000	0.0000	0.0000	0.0000	0.0000	0.0000	0.0000	0.0000	0.0000	0.0000	0.0000	0.0000	0.0000	0.0000	0.0000	0.0000	0.0000	0.0000	0.0000	0.0000	0.0000	0.0000	0.0000	0.0000	0.0068	0.0000	-0.0000	3.0000	2.0055	5.0456	11.8091	0.0000	0.0000	0.0000	0.0000	0.0000	0.0000	0.0000	0.0000	0.0000	0.0000	0.0000	0.0000	0.0000	0.0000	0.0000	0.0000	0.0000	0.0000	0.0289	0.0243	0.0046	0.0006	0.0006	0.0000	0.0282	0.0237	0.0045	0.0778	0.0434	0.0344	0.0189	0.0164	0.0025	0.0589	0.0270	0.0319	0.0000	0.0000	0.0000	0.0000	0.0000	0.0000	0.0000	0.0000	0.0000	0.0000	0.0000	0.0000	0.0000	0.0000	0.0000	0.0000	0.0000	0.0000				
45	59	0.0596	8	1	1	1	0	0	0	0	0	N	N	N	N	N	N	N	N	N	N	N	N	0.0000	0.0000	0.0000	0.0000	0.0000	0.0000	0.0000	0.0000	0.0000	0.0000	0.0000	0.0000	0.0000	0.0000	0.0000	0.0000	0.0000	0.0000	0.0000	0.0001	0.0001	0.0001	0.0002	0.0000	0.0000	0.0000	0.9087	0.0000	-0.0000	3.0000	1.9951	5.0456	2.5667	0.0000	0.0000	0.0000	0.0000	0.0000	0.0000	0.0000	0.0000	0.0000	0.0000	0.0000	0.0000	0.0000	0.0000	0.0000	0.0000	0.0000	0.0000	0.0286	0.0241	0.0046	0.0005	0.0005	0.0000	0.0281	0.0236	0.0045	0.0334	0.0205	0.0129	0.0100	0.0091	0.0009	0.0234	0.0114	0.0121	0.0000	0.0000	0.0000	0.0000	0.0000	0.0000	0.0000	0.0000	0.0000	0.0000	0.0000	0.0001	0.0001	0.0001	0.0002	0.0000	0.0000	0.0000		
45	60	0.0529	7	1	1	1	0	0	0	0	0	N	N	N	N	N	N	N	N	N	N	N	N	93197.2791	93805.6983	0.0000	142612.7253	129959.8848	0.0000	0.0000	0.0000	13.0073	15.6482	0.0000	40.1090	40.2499	0.0000	0.0000	0.0000	0.0000	0.0001	0.0002	0.0001	0.0003	0.0003	0.0000	0.0000	0.0000	0.0001	0.0000	0.1253	-0.0019	-0.0000	3.0000	0.0108	5.0456	3.6229	0.0035	0.0035	0.0000	0.0035	0.0035	0.0000	0.0000	0.0000	0.0000	0.0000	0.0000	0.0000	0.0000	0.0000	0.0000	0.0000	0.0000	0.0000	0.0003	0.0002	0.0000	0.0001	0.0001	0.0000	0.0002	0.0001	0.0000	0.0354	0.0263	0.0091	0.0156	0.0142	0.0014	0.0198	0.0121	0.0076	93197.2791	93805.6983	0.0000	142612.7253	129959.8848	0.0000	0.0000	0.0000	0.0000	0.0001	0.0002	0.0001	0.0003	0.0003	0.0000	0.0000	0.0000	0.0001	
45	61	0.0712	8	0	2	0	0	0	0	0	0	N	Y	N	N	N	N	N	N	N	N	N	N	0.0000	0.0000	0.0000	0.0000	0.0000	0.0000	0.0000	0.0000	0.0000	0.0000	0.0000	0.0000	0.0000	0.0000	0.0000	0.0000	0.0000	0.0000	0.0000	0.0000	0.0000	0.0000	0.0000	0.0000	-0.0000	3.0000	4.0917	5.0456	8.0988	0.0000	0.0000	0.0000	0.0000	0.0000	0.0000	0.0000	0.0000	0.0000	0.0000	0.0000	0.0000	0.0000	0.0000	0.0000	0.0000	0.0000	0.0000	0.0665	0.0568	0.0096	0.0073	0.0071	0.0002	0.0592	0.0497	0.0095	0.1006	0.0637	0.0368	0.0351	0.0326	0.0024	0.0655	0.0311	0.0344	0.0000	0.0000	0.0000	0.0000	0.0000	0.0000	0.0000	0.0000	0.0000	0.0000	0.0000	0.0000	0.0000	0.0000	0.0000	0.0000	0.0000	0.0000						
45	62	0.0675	7	0	2	0	0	0	0	0	0	N	Y	N	N	N	N	N	N	N	N	N	N	0.3891	0.0000	2.3328	0.0000	0.0000	0.0000	0.9180	0.0000	3.3109	0.0003	0.0000	0.0021	0.0000	0.0000	0.0000	0.0003	0.0000	0.0021	0.0008	0.0008	0.0009	0.0020	0.0018	0.0043	0.0004	0.0000	0.0006	inf	0.8619	0.0000	-0.0000	3.0000	2.1165	5.0456	5.0852	0.0000	0.0000	0.0000	0.0000	0.0000	0.0000	0.0000	0.0000	0.0000	0.0000	0.0000	0.0000	0.0000	0.0000	0.0000	0.0000	0.0000	0.0000	0.0303	0.0255	0.0048	0.0015	0.0014	0.0001	0.0288	0.0241	0.0047	0.0488	0.0275	0.0214	0.0140	0.0125	0.0015	0.0348	0.0150	0.0199	0.3891	0.0000	2.3328	0.0000	0.0000	0.0000	0.9180	0.0000	3.3109	0.0008	0.0008	0.0009	0.0020	0.0018	0.0043	0.0004	0.0000	0.0006
45	63	0.0529	7	1	1	1	0	0	0	0	0	N	N	N	N	N	N	N	N	N	N	N	N	333706.8271	0.0000	295017502.2752	0.0000	0.0000	83370542.8436	294773660.1905	18.9090	0.0000	135.2895	0.0000	0.0000	0.0000	19.3949	0.0000	136.9797	0.0001	0.0001	0.0000	0.0002	0.0002	0.0000	0.0000	0.0000	0.0000	inf	0.0032	0.4502	-0.0000	3.0000	3.9990	5.0456	8.8702	0.9965	0.0000	0.9965	0.0000	0.0000	0.0000	0.9965	0.0000	0.9965	0.0000	0.0000	0.0000	0.0000	0.0000	0.0000	0.0000	0.0000	0.0000	0.0527	0.0453	0.0074	0.0013	0.0012	0.0001	0.0514	0.0441	0.0073	0.0777	0.0470	0.0307	0.0206	0.0184	0.0021	0.0572	0.0286	0.0286	333706.8271	0.0000	295017502.2752	0.0000	0.0000	0.0000	83370542.8436	0.0000	294773660.1905	0.0001	0.0001	0.0000	0.0002	0.0002	0.0000	0.0000	0.0000	0.0000		
45	64	0.0327	6	1	1	1	0	0	0	0	0	N	N	N	N	N	N	N	N	N	N	N	N	332.0434	127.0363	2854.6345	1448.7407	1354.5646	786.3449	2723.4127	0.1091	0.0601	0.3797	1.4997	1.5242	0.0000	0.0603	0.0000	0.3810	0.0003	0.0005	0.0001	0.0010	0.0011	0.0000	0.0001	0.0000	0.0001	1.1443	0.2077	-0.0001	-0.0000	3.0000	3.9972	5.0456	6.8232	0.0065	0.0030	0.0035	0.0030	0.0030	0.0000	0.0035	0.0000	0.0035	0.0000	0.0000	0.0000	0.0000	0.0000	0.0000	0.0000	0.0000	0.0000	0.0599	0.0507	0.0092	0.0020	0.0020	0.0000	0.0579	0.0487	0.0092	0.0776	0.0447	0.0330	0.0204	0.0188	0.0016	0.0572	0.0259	0.0314	332.0434	127.0363	2854.6345	1448.7407	1354.5646	0.0000	786.3449	0.0000	2723.4127	0.0003	0.0005	0.0001	0.0010	0.0011	0.0000	0.0001	0.0000	0.0001		
45	65	0.0751	8	0	2	0	0	0	0	0	0	N	Y	N	N	N	N	N	N	N	N	N	N	50.2435	733.9308	0.0000	3.6444	3.7820	0.0000	36.1025	551.2625	0.0000	4.5632	5.3836	0.0000	0.0139	0.0145	0.0000	4.8840	5.8144	0.0000	0.0908	0.0073	0.2257	0.0038	0.0038	0.0036	0.1353	0.0105	0.2536	0.0000	19.0458	-0.5483	0.0092	3.0000	15.6632	5.0456	35.0639	1.0002	1.0002	0.0000	0.0002	0.0002	0.0000	1.0000	1.0000	0.0000	0.0275	0.0014	0.0261	0.0004	0.0003	0.0000	0.0271	0.0010	0.0261	0.2192	0.1858	0.0334	0.0144	0.0138	0.0006	0.2047	0.1720	0.0328	0.3028	0.1870	0.1158	0.1024	0.0895	0.0129	0.2004	0.0976	0.1028	50.2435	733.9308	0.0000	3.6444	3.7820	0.0000	36.1025	551.2625	0.0000	0.0908	0.0073	0.2257	0.0038	0.0038	0.0036	0.1353	0.0105	0.2536
45	66	0.0751	8	0	1	1	0	0	0	0	0	N	N	N	N	N	N	N	N	N	N	N	N	0.1309	0.1034	0.6028	0.5486	0.0001	0.0001	0.0000	0.0013	0.0013	0.0000	0.0000	0.0000	0.0000	0.0010	0.0014	0.0000	0.0021	0.0024	0.0000	0.0000	0.0000	0.0000	0.0000	0.0000	-0.0000	-0.0001	3.0000	4.9998	5.0456	10.1184	0.0000	0.0000	0.0000	0.0000	0.0000	0.0000	0.0000	0.0000	0.0000	0.0002	0.0002	0.0000	0.0002	0.0002	0.0000	0.0000	0.0000	0.0000	0.0789	0.0672	0.0117	0.0078	0.0076	0.0002	0.0711	0.0597	0.0114	0.1652	0.1112	0.0540	0.0752	0.0664	0.0088	0.0900	0.0448	0.0452	0.1309	0.1034	0.0000	0.6028	0.5486	0.0000	0.0000	0.0000	0.0000	0.0010	0.0014	0.0000	0.0021	0.0024	0.0000	0.0000	0.0000	0.0000					
45	67	0.0796	10	0	2	0	0	0	0	0	0	N	Y	N	N	N	N	N	N	N	N	N	N	1.0468	0.7686	0.0000	5.3953	5.4824	0.0000	0.0000	0.0000	0.0001	0.0002	0.0000	0.0021	0.0023	0.0000	0.0000	0.0000	0.0000	0.0001	0.0002	0.0000	0.0004	0.0004	0.0001	0.0000	0.0000	0.0000	0.0000	0.0348	-0.0000	-0.0000	3.0000	10.9928	5.0456	18.5513	0.0000	0.0000	0.0000	0.0000	0.0000	0.0000	0.0000	0.0000	0.0000	0.0000	0.0000	0.0000	0.0000	0.0000	0.0000	0.0000	0.0000	0.0000	0.1508	0.1285	0.0224	0.0095	0.0086	0.0009	0.1413	0.1198	0.0215	0.1657	0.1001	0.0656	0.0535	0.0479	0.0056	0.1122	0.0522	0.0600	1.0468	0.7686	0.0000	5.3953	5.4824	0.0000	0.0000	0.0000	0.0000	0.0001	0.0002	0.0000	0.0004	0.0004	0.0001	0.0000	0.0000	0.0000	
45	68	0.0796	9	0	1	0	0	0	0	0	0	N	N	N	N	N	N	N	N	N	N	N	N	145.9714	103.5773	544.8734	125.6464	186.8744	0.0000	245.7491	0.0000	1150.9702	0.0115	0.0063	0.0622	0.0161	0.0162	0.0000	0.0090	0.0000	0.0646	0.0001	0.0001	0.0001	0.0001	0.0001	0.0021	0.0000	0.0000	0.0001	1.0000	0.9312	-0.0000	-0.0000	3.0000	0.0861	5.0456	1.0715	0.0000	0.0000	0.0000	0.0000	0.0000	0.0000	0.0000	0.0000	0.0000	0.0000	0.0000	0.0000	0.0000	0.0000	0.0000	0.0000	0.0000	0.0000	0.0035	0.0032	0.0003	0.0012	0.0012	0.0000	0.0022	0.0019	0.0003	0.0302	0.0201	0.0101	0.0140	0.0137	0.0003	0.0162	0.0064	0.0098	145.9714	103.5773	544.8734	125.6464	186.8744	0.0000	245.7491	0.0000	1150.9702	0.0001	0.0001	0.0001	0.0001	0.0001	0.0021	0.0000	0.0000	0.0001
45	69	0.0623	7	1	1	1	0	0	0	0	0	N	N	N	N	N	N	N	N	N	N	N	N	0.0000	0.0000	0.0000	0.0000	0.0000	0.0000	0.0000	0.0000	0.0000	0.0000	0.0000	0.0000	0.0000	0.0009	0.0000	0.0019	0.0000	0.0000	0.0000	0.0011	0.0000	0.0020	inf	0.0000	0.0000	3.0000	1.0000	5.0456	3.0001	0.0000	0.0000	0.0000	0.0000	0.0000	0.0000	0.0000	0.0000	0.0000	0.0000	0.0000	0.0000	0.0000	0.0000	0.0000	0.0000	0.0000	0.0000	0.0159	0.0133	0.0026	0.0005	0.0005	0.0000	0.0154	0.0129	0.0025	0.0245	0.0131	0.0115	0.0052	0.0044	0.0008	0.0193	0.0087	0.0106	0.0000	0.0000	0.0000	0.0000	0.0000	0.0000	0.0000	0.0000	0.0000	0.0009	0.0000	0.0019	0.0000	0.0000	0.0000	0.0011	0.0000	0.0020						
45	70	0.0623	6	1	1	1	0	0	0	0	0	N	N	N	N	N	N	N	N	N	N	N	N	0.0000	0.0000	0.0000	0.0000	0.0000	0.0000	0.0000	0.0000	0.0000	0.0000	0.0000	0.0000	0.0000	0.0000	0.0000	0.0000	1.8385	1.6666	2.0500	2.1180	2.1569	0.0000	1.6242	0.0000	2.0865	1.0000	0.0000	-0.0000	3.0000	0.0000	5.0456	0.0009	0.0000	0.0000	0.0000	0.0000	0.0000	0.0000	0.0000	0.0000	0.0000	0.0000	0.0000	0.0000	0.0000	0.0000	0.0000	0.0000	0.0000	0.0000	0.0000	0.0000	0.0000	0.0000	0.0000	0.0000	0.0000	0.0000	0.0000	0.0000	0.0000	0.0000	0.0000	0.0000	0.0000	0.0000	0.0000	0.0000	0.0000	0.0000	0.0000	0.0000	0.0000	0.0000	0.0000	0.0000	0.0000	1.8385	1.6666	2.0500	2.1180	2.1569	0.0000	1.6242	0.0000	2.0865			
45	71	0.0293	5	1	1	1	0	0	0	0	0	N	N	N	N	N	N	N	N	N	N	N	N	0.0001	0.0000	0.0001	2.8723	0.0000	inf	0.0001	0.0001	0.0006	0.0000	0.0041	0.0086	0.0000	0.1318	0.0006	0.0000	0.0037	8.2849	0.0011	32.0165	0.0030	0.0035	0.0000	10.2074	0.0000	32.6597	inf	14672.6738	0.0000	0.3956	3.0000	9.9966	5.0456	12.9129	0.0001	0.0000	0.0001	0.0000	0.0000	0.0000	0.0001	0.0000	0.0001	1.0271	0.0001	1.0271	0.0001	0.0001	0.0000	1.0271	0.0000	1.0271	0.1387	0.1167	0.0219	0.0012	0.0011	0.0001	0.1375	0.1156	0.0219	0.1240	0.0664	0.0576	0.0234	0.0203	0.0031	0.1006	0.0461	0.0545	0.0001	0.0000	0.0002	2.8723	0.0000	inf	0.0001	0.0000	0.0002	8.2849	0.0011	17.8326	0.0030	0.0035	0.0000	10.2074	0.0000	18.8454	
45	72	0.0625	6	0	2	0	1	0	0	0	0	N	Y	N	N	N	N	N	N	N	N	N	N	1.3899	0.0000	3.9619	0.0000	0.0000	1.1571	0.0000	3.7703	5.6369	0.0000	36.1519	0.0000	0.0000	0.0000	5.9152	0.0000	36.7909	4.0555	0.0103	9.1250	0.0025	0.0030	0.0000	5.1121	0.0137	9.7581	inf	709.0200	0.4518	0.3843	3.0000	13.0000	5.0456	39.1663	1.0000	0.0000	1.0000	0.0000	0.0000	0.0000	1.0000	0.0000	1.0000	1.0011	0.0014	0.9997	0.0001	0.0001	0.0000	1.0009	0.0013	0.9997	0.1774	0.1497	0.0277	0.0083	0.0079	0.0005	0.1691	0.1419	0.0272	0.2468	0.1373	0.1096	0.0510	0.0439	0.0071	0.1958	0.0934	0.1024	1.3899	0.0000	3.9619	0.0000	0.0000	0.0000	1.1571	0.0000	3.7703	4.0555	0.0103	9.1250	0.0025	0.0030	0.0000	5.1121	0.0137	9.7581	
45	73	0.0650	7	0	2	0	0	0	0	0	0	N	Y	N	N	N	N	N	N	N	N	N	N	0.0000	0.0000	0.0000	0.0000	0.0000	0.0000	0.0000	0.0000	0.0000	0.0000	0.0000	0.0000	0.0000	0.0000	0.0000	0.0000	0.0000	0.0001	0.0001	0.0000	0.0003	0.0003	0.0002	0.0000	0.0000	0.0000	0.0860	0.0000	-0.0000	3.0000	3.0003	5.0456	18.1082	0.0000	0.0000	0.0000	0.0000	0.0000	0.0000	0.0000	0.0000	0.0000	0.0000	0.0000	0.0000	0.0000	0.0000	0.0000	0.0000	0.0000	0.0000	0.0427	0.0360	0.0067	0.0020	0.0019	0.0001	0.0407	0.0341	0.0066	0.1255	0.0730	0.0525	0.0327	0.0292	0.0036	0.0927	0.0438	0.0489	0.0000	0.0000	0.0000	0.0000	0.0000	0.0000	0.0000	0.0000	0.0000	0.0001	0.0001	0.0000	0.0003	0.0003	0.0002	0.0000	0.0000	0.0000		
45	74	0.0327	6	0	2	0	0	0	0	0	0	N	Y	N	N	N	N	N	N	N	N	N	N	124328700.9204	357132929.4695	106566244.6511	364283302.9513	9.8393	0.0000	63.3120	0.0000	0.0000	0.0000	10.0702	0.0000	63.5384	0.0000	0.0000	0.0000	0.0000	0.0000	0.0000	0.0000	0.0000	0.0000	inf	inf	0.4504	0.0000	3.0000	7.0046	5.0456	18.1036	0.9969	0.0000	0.9969	0.0000	0.0000	0.0000	0.9969	0.0000	0.9969	0.0000	0.0000	0.0000	0.0000	0.0000	0.0000	0.0000	0.0000	0.0000	0.1013	0.0856	0.0157	0.0023	0.0023	0.0001	0.0990	0.0833	0.0157	0.1478	0.0818	0.0660	0.0325	0.0290	0.0035	0.1153	0.0529	0.0625	124328700.9204	0.0000	357132929.4695	0.0000	0.0000	0.0000	106566244.6511	0.0000	364283302.9513	0.0000	0.0000	0.0000	0.0000	0.0000	0.0000	0.0000	0.0000	0.0000					
45	75	0.0293	5	0	1	0	0	0	0	0	0	N	N	N	N	N	N	N	N	N	N	N	N	351.7023	0.0000	1416.3131	0.0000	0.0000	371.8167	0.0000	1354.2705	0.7886	0.0000	5.3283	0.0000	0.0000	0.0000	0.8365	0.0000	5.3457	0.0022	0.0010	0.0038	0.0022	0.0024	0.0000	0.0022	0.0001	0.0039	inf	2.9239	0.0014	0.0000	3.0000	0.2435	5.0456	3.2922	0.0031	0.0000	0.0031	0.0000	0.0000	0.0000	0.0031	0.0000	0.0031	0.0001	0.0000	0.0000	0.0000	0.0000	0.0000	0.0000	0.0000	0.0000	0.0039	0.0033	0.0006	0.0002	0.0002	0.0000	0.0037	0.0031	0.0006	0.0248	0.0138	0.0110	0.0062	0.0056	0.0005	0.0187	0.0082	0.0105	351.7023	0.0000	1416.3131	0.0000	0.0000	0.0000	371.8167	0.0000	1354.2705	0.0022	0.0010	0.0038	0.0022	0.0024	0.0000	0.0022	0.0001	0.0039	
45	77	0.0800	10	0	2	0	0	0	0	0	0	N	Y	N	N	N	N	N	N	N	N	N	N	0.0000	0.0000	0.0000	0.0000	0.0000	0.0000	0.0000	0.0000	0.0000	0.0000	0.0000	0.0000	0.0000	0.0000	0.0000	0.0000	0.0001	0.0001	0.0000	0.0004	0.0004	0.0000	0.0000	0.0000	0.0000	0.0007	0.0000	-0.0000	3.0000	8.6571	5.0456	16.0761	0.0000	0.0000	0.0000	0.0000	0.0000	0.0000	0.0000	0.0000	0.0000	0.0000	0.0000	0.0000	0.0000	0.0000	0.0000	0.0000	0.0000	0.0000	0.1133	0.0977	0.0157	0.0059	0.0056	0.0003	0.1075	0.0921	0.0154	0.1184	0.0702	0.0482	0.0266	0.0255	0.0011	0.0918	0.0447	0.0471	0.0000	0.0000	0.0000	0.0000	0.0000	0.0000	0.0000	0.0000	0.0000	0.0001	0.0001	0.0000	0.0004	0.0004	0.0000	0.0000	0.0000	0.0000			
45	78	0.0796	9	0	2	0	0	0	0	0	0	N	Y	N	N	N	N	N	N	N	N	N	N	0.0000	0.0000	0.0000	0.0000	0.0000	0.0000	0.0000	0.0000	0.0000	0.0000	0.0000	0.0000	0.0000	0.0000	0.0000	0.0000	0.0000	0.0000	0.0000	0.0000	0.0000	0.0000	0.0000	0.0000	0.0000	31.9070	0.0000	0.0000	3.0000	0.3645	5.0456	1.9845	0.0000	0.0000	0.0000	0.0000	0.0000	0.0000	0.0000	0.0000	0.0000	0.0000	0.0000	0.0000	0.0000	0.0000	0.0000	0.0000	0.0000	0.0000	0.0074	0.0065	0.0009	0.0015	0.0014	0.0000	0.0059	0.0051	0.0009	0.0364	0.0238	0.0126	0.0158	0.0153	0.0005	0.0205	0.0085	0.0120	0.0000	0.0000	0.0000	0.0000	0.0000	0.0000	0.0000	0.0000	0.0000	0.0000	0.0000	0.0000	0.0000	0.0000	0.0000	0.0000	0.0000	0.0000			
45	79	0.0701	8	0	1	0	0	0	0	0	0	N	N	N	N	N	N	N	N	N	N	N	N	2.5202	0.0000	2370.5090	0.0000	0.0000	0.0000	435.0930	0.0000	2842.9359	0.0004	0.0000	0.0030	0.0000	0.0000	0.0000	0.0005	0.0000	0.0030	0.0002	0.0003	0.0000	0.0006	0.0007	0.0000	0.0000	0.0000	0.0000	inf	0.0030	0.0000	-0.0000	3.0000	2.9108	5.0456	14.2456	0.0000	0.0000	0.0000	0.0000	0.0000	0.0000	0.0000	0.0000	0.0000	0.0000	0.0000	0.0000	0.0000	0.0000	0.0000	0.0000	0.0000	0.0000	0.0471	0.0404	0.0067	0.0048	0.0047	0.0001	0.0424	0.0358	0.0066	0.1029	0.0612	0.0417	0.0301	0.0264	0.0038	0.0728	0.0348	0.0379	2.5202	0.0000	2370.5090	0.0000	0.0000	0.0000	435.0930	0.0000	2842.9359	0.0002	0.0003	0.0000	0.0006	0.0007	0.0000	0.0000	0.0000	0.0000
45	80	0.0650	7	0	1	0	0	0	0	0	0	N	N	N	N	N	N	N	N	N	N	N	N	0.0000	0.0000	0.0000	0.0000	0.0000	0.0000	0.0000	0.0000	0.0000	0.0000	0.0000	0.0000	0.0000	0.0000	0.0000	0.0000	0.0000	0.0013	0.0020	0.0003	0.0037	0.0040	0.0000	0.0002	0.0000	0.0003	0.0878	0.0000	-0.0000	3.0000	0.1009	5.0456	7.5203	0.0000	0.0000	0.0000	0.0000	0.0000	0.0000	0.0000	0.0000	0.0000	0.0001	0.0001	0.0000	0.0001	0.0001	0.0000	0.0000	0.0000	0.0000	0.0015	0.0013	0.0002	0.0001	0.0001	0.0000	0.0014	0.0012	0.0002	0.0612	0.0375	0.0238	0.0202	0.0186	0.0016	0.0411	0.0189	0.0222	0.0000	0.0000	0.0000	0.0000	0.0000	0.0000	0.0000	0.0000	0.0000	0.0013	0.0020	0.0003	0.0037	0.0040	0.0000	0.0002	0.0000	0.0003		
45	81	0.0625	6	0	1	0	0	0	0	0	0	N	N	N	N	N	N	N	N	N	N	N	N	0.0000	0.0000	0.0000	0.0000	0.0000	0.0000	0.0000	0.0000	0.0000	0.0000	0.0000	0.0000	0.0000	0.0000	0.0000	0.0000	0.0000	0.0002	0.0001	0.0005	0.0001	0.0001	0.0000	0.0003	0.0000	0.0005	6.4481	0.0000	0.0000	3.0000	0.0014	5.0456	3.7882	0.0000	0.0000	0.0000	0.0000	0.0000	0.0000	0.0000	0.0000	0.0000	0.0000	0.0000	0.0000	0.0000	0.0000	0.0000	0.0000	0.0000	0.0000	0.0000	0.0000	0.0000	0.0000	0.0000	0.0000	0.0000	0.0000	0.0000	0.0321	0.0187	0.0133	0.0102	0.0096	0.0006	0.0219	0.0092	0.0127	0.0000	0.0000	0.0000	0.0000	0.0000	0.0000	0.0000	0.0000	0.0000	0.0002	0.0001	0.0005	0.0001	0.0001	0.0000	0.0003	0.0000	0.0005		
45	82	0.0782	9	0	2	0	0	0	0	0	0	N	Y	N	N	N	N	N	N	N	N	N	N	0.0000	0.0000	0.0000	0.0000	0.0000	0.0000	0.0000	0.0000	0.0000	0.0000	0.0000	0.0000	0.0000	0.0000	0.0000	0.0000	0.0000	0.0000	0.0000	0.0000	0.0000	0.0000	0.0000	0.0000	-0.0000	3.0000	7.9116	5.0456	21.1247	0.0000	0.0000	0.0000	0.0000	0.0000	0.0000	0.0000	0.0000	0.0000	0.0000	0.0000	0.0000	0.0000	0.0000	0.0000	0.0000	0.0000	0.0000	0.1191	0.1011	0.0180	0.0108	0.0103	0.0005	0.1084	0.0908	0.0176	0.1885	0.1146	0.0739	0.0586	0.0525	0.0061	0.1299	0.0621	0.0678	0.0000	0.0000	0.0000	0.0000	0.0000	0.0000	0.0000	0.0000	0.0000	0.0000	0.0000	0.0000	0.0000	0.0000	0.0000	0.0000	0.0000	0.0000						
45	83	0.0961	10	1	2	0	0	0	0	0	0	N	Y	N	N	N	N	N	N	N	N	N	N	0.0000	0.0000	0.0000	0.0000	0.0000	0.0000	0.0000	0.0000	0.0000	0.0000	0.0000	0.0000	0.0000	0.0000	0.0000	0.0000	0.0000	0.0000	0.0000	0.0000	3.0000	0.0000	5.0456	1.8333	0.0000	0.0000	0.0000	0.0000	0.0000	0.0000	0.0000	0.0000	0.0000	0.0000	0.0000	0.0000	0.0000	0.0000	0.0000	0.0000	0.0000	0.0000	0.0000	0.0000	0.0000	0.0000	0.0000	0.0000	0.0000	0.0000	0.0000	0.0161	0.0106	0.0055	0.0059	0.0055	0.0004	0.0103	0.0051	0.0051	0.0000	0.0000	0.0000	0.0000	0.0000	0.0000	0.0000	0.0000	0.0000	0.0000	0.0000	0.0000	0.0000	0.0000	0.0000	0.0000	0.0000	0.0000											
45	84	0.0782	9	1	2	0	0	0	0	0	0	N	Y	N	N	N	N	N	N	N	N	N	N	0.0000	0.0000	0.0000	0.0000	0.0000	0.0000	0.0000	0.0000	0.0000	0.0000	0.0000	0.0000	0.0000	0.0000	0.0000	0.0000	0.0000	0.0000	0.0000	0.0000	0.0000	0.0000	0.0000	0.0000	-0.0000	3.0000	6.9552	5.0456	13.1226	0.0000	0.0000	0.0000	0.0000	0.0000	0.0000	0.0000	0.0000	0.0000	0.0000	0.0000	0.0000	0.0000	0.0000	0.0000	0.0000	0.0000	0.0000	0.1063	0.0903	0.0160	0.0102	0.0098	0.0004	0.0961	0.0805	0.0156	0.1502	0.0931	0.0571	0.0505	0.0457	0.0048	0.0997	0.0474	0.0523	0.0000	0.0000	0.0000	0.0000	0.0000	0.0000	0.0000	0.0000	0.0000	0.0000	0.0000	0.0000	0.0000	0.0000	0.0000	0.0000	0.0000	0.0000						
45	85	0.0751	8	0	2	0	0	0	0	0	0	N	Y	N	N	N	N	N	N	N	N	N	N	0.0000	0.0000	0.0000	0.0000	0.0000	0.0000	0.0000	0.0000	0.0000	0.0000	0.0000	0.0000	0.0000	0.0000	0.0000	0.0000	0.0000	0.0000	0.0317	0.0486	0.0065	0.0903	0.0884	0.1209	0.0002	0.0000	0.0004	0.0901	0.0000	-0.0010	3.0000	0.3374	5.0456	6.1146	0.0000	0.0000	0.0000	0.0000	0.0000	0.0000	0.0000	0.0000	0.0000	0.0019	0.0018	0.0002	0.0019	0.0018	0.0002	0.0000	0.0000	0.0000	0.0076	0.0066	0.0010	0.0024	0.0023	0.0001	0.0052	0.0043	0.0009	0.0607	0.0364	0.0244	0.0212	0.0200	0.0013	0.0395	0.0164	0.0231	0.0000	0.0000	0.0000	0.0000	0.0000	0.0000	0.0000	0.0000	0.0000	0.0317	0.0486	0.0065	0.0903	0.0884	0.1209	0.0002	0.0000	0.0004	
45	86	0.0751	8	0	2	0	0	0	0	0	0	N	Y	N	N	N	N	N	N	N	N	N	N	0.0000	0.0000	0.0000	0.0000	0.0000	0.0000	0.0000	0.0000	0.0000	0.0000	0.0000	0.0000	0.0000	0.0000	0.0000	0.0000	0.0000	0.0013	0.0001	0.0030	0.0049	0.0002	0.0458	0.0000	0.0000	0.0000	28.5355	0.0000	0.0001	3.0000	11.0342	5.0456	12.7513	0.0000	0.0000	0.0000	0.0000	0.0000	0.0000	0.0000	0.0000	0.0000	0.0002	0.0000	0.0002	0.0002	0.0000	0.0002	0.0000	0.0000	0.0000	0.1541	0.1302	0.0239	0.0091	0.0086	0.0005	0.1450	0.1217	0.0234	0.1423	0.0824	0.0600	0.0383	0.0344	0.0039	0.1040	0.0480	0.0560	0.0000	0.0000	0.0000	0.0000	0.0000	0.0000	0.0000	0.0000	0.0000	0.0013	0.0001	0.0030	0.0049	0.0002	0.0458	0.0000	0.0000	0.0000		
45	87	0.0675	7	0	2	0	0	0	0	0	0	N	Y	N	N	N	N	N	N	N	N	N	N	0.0000	0.0000	0.0000	0.0000	0.0000	0.0000	0.0000	0.0000	0.0000	0.0000	0.0000	0.0000	0.0000	0.0000	0.0000	0.0000	0.0000	0.0000	0.0038	0.0065	0.0003	0.0141	0.0155	0.0032	0.0000	0.0000	0.0000	0.0315	0.0000	-0.0001	3.0000	3.9739	5.0456	6.2820	0.0000	0.0000	0.0000	0.0000	0.0000	0.0000	0.0000	0.0000	0.0000	0.0002	0.0002	0.0000	0.0002	0.0002	0.0000	0.0000	0.0000	0.0000	0.0563	0.0475	0.0089	0.0027	0.0025	0.0002	0.0537	0.0449	0.0087	0.0641	0.0360	0.0281	0.0172	0.0152	0.0020	0.0470	0.0208	0.0261	0.0000	0.0000	0.0000	0.0000	0.0000	0.0000	0.0000	0.0000	0.0000	0.0038	0.0065	0.0003	0.0141	0.0155	0.0032	0.0000	0.0000	0.0000	
45	88	0.0625	6	0	2	0	0	0	0	0	0	N	Y	N	N	N	N	N	N	N	N	N	N	0.0000	0.0000	0.0000	0.0000	0.0000	0.0000	0.0000	0.0000	0.0000	0.0000	0.0000	0.0000	0.0000	0.0000	0.0000	0.0000	0.0000	0.0007	0.0011	0.0000	0.0023	0.0025	0.0000	0.0000	0.0000	0.0000	0.0110	0.0000	-0.0000	3.0000	0.0056	5.0456	5.7021	0.0000	0.0000	0.0000	0.0000	0.0000	0.0000	0.0000	0.0000	0.0000	0.0000	0.0000	0.0000	0.0000	0.0000	0.0000	0.0000	0.0000	0.0000	0.0001	0.0001	0.0000	0.0000	0.0000	0.0000	0.0001	0.0001	0.0000	0.0418	0.0242	0.0177	0.0122	0.0112	0.0009	0.0297	0.0129	0.0167	0.0000	0.0000	0.0000	0.0000	0.0000	0.0000	0.0000	0.0000	0.0000	0.0007	0.0011	0.0000	0.0023	0.0025	0.0000	0.0000	0.0000	0.0000		
45	92	0.1509	10	0	1	0	0	0	0	0	0	N	N	N	N	N	N	N	N	N	N	N	N	16.7063	13.3508	0.0000	0.0870	0.0819	0.0000	152.3048	inf	0.0000	2.6555	3.0630	0.0000	0.0308	0.0328	0.0000	3.3359	3.9355	0.0000	0.1590	0.2294	0.0355	0.3546	0.3998	0.0001	0.0219	0.0000	0.0407	0.0000	0.0882	-0.5479	-0.0278	3.0000	24.8682	5.0456	39.8855	0.9996	0.9996	0.0000	0.0024	0.0024	0.0000	0.9972	0.9972	0.0000	0.0521	0.0479	0.0042	0.0479	0.0479	0.0000	0.0042	0.0000	0.0042	0.3764	0.3263	0.0501	0.0775	0.0730	0.0045	0.2989	0.2534	0.0455	0.3281	0.2089	0.1192	0.1351	0.1199	0.0153	0.1929	0.0890	0.1039	16.7063	13.3508	0.0000	0.0870	0.0819	0.0000	152.3048	inf	0.0000	0.1590	0.2294	0.0355	0.3546	0.3998	0.0001	0.0219	0.0000	0.0407
46	50	0.0805	12	0	1	1	0	0	0	0	0	N	N	N	N	N	N	N	N	N	N	N	N	0.0000	0.0000	0.0000	0.0000	0.0000	0.0000	0.0000	0.0000	0.0000	0.0000	0.0000	0.0000	0.0000	0.0000	0.0000	0.0000	0.0000	0.0000	0.0000	0.0000	2.0000	0.0004	1.0030	0.9852	0.0000	0.0000	0.0000	0.0000	0.0000	0.0000	0.0000	0.0000	0.0000	0.0000	0.0000	0.0000	0.0000	0.0000	0.0000	0.0000	0.0000	0.0000	0.0000	0.0000	0.0000	0.0000	0.0000	0.0000	0.0000	0.0000	0.0000	0.0020	0.0012	0.0008	0.0006	0.0005	0.0001	0.0013	0.0007	0.0007	0.0000	0.0000	0.0000	0.0000	0.0000	0.0000	0.0000	0.0000	0.0000	0.0000	0.0000	0.0000	0.0000	0.0000	0.0000	0.0000	0.0000	0.0000											
46	51	0.0696	11	0	1	0	0	0	0	0	0	N	N	N	N	N	N	N	N	N	N	N	N	0.0000	0.0000	0.0000	0.0000	0.0000	0.0000	0.0000	0.0000	0.0000	0.0000	0.0000	0.0000	0.0000	0.0000	0.0000	0.0000	0.0000	20.6834	0.4225	138.8646	0.8883	1.0506	0.0000	26.3321	0.0000	151.8507	80.5441	0.0000	0.3380	2.0000	10.7574	1.0030	12.9024	0.0000	0.0000	0.0000	0.0000	0.0000	0.0000	0.0000	0.0000	0.0000	0.9061	0.0111	0.8950	0.0111	0.0111	0.0000	0.8950	0.0000	0.8950	0.1011	0.0856	0.0155	0.0061	0.0058	0.0004	0.0950	0.0799	0.0151	0.0465	0.0263	0.0202	0.0125	0.0106	0.0019	0.0340	0.0157	0.0183	0.0000	0.0000	0.0000	0.0000	0.0000	0.0000	0.0000	0.0000	0.0000	19.4871	0.4225	44.3108	0.8883	1.0506	0.0000	26.3321	0.0000	48.9977		
46	52	0.0682	10	0	1	0	0	0	0	0	0	N	N	N	N	N	N	N	N	N	N	N	N	0.0000	0.0000	0.0000	0.0000	0.0000	0.0000	0.0000	0.0000	0.0000	0.0000	0.0000	0.0000	0.0000	0.0000	0.0000	0.0000	0.0000	7.4055	1.5277	22.5704	3.0483	3.5487	0.0000	9.1078	0.0005	25.6548	7.6456	0.0000	0.0221	2.0000	2.6694	1.0030	2.4027	0.0000	0.0000	0.0000	0.0000	0.0000	0.0000	0.0000	0.0000	0.0000	0.0820	0.0095	0.0725	0.0095	0.0095	0.0000	0.0725	0.0000	0.0725	0.0260	0.0220	0.0040	0.0016	0.0015	0.0001	0.0245	0.0205	0.0039	0.0111	0.0062	0.0049	0.0031	0.0027	0.0004	0.0080	0.0035	0.0044	0.0000	0.0000	0.0000	0.0000	0.0000	0.0000	0.0000	0.0000	0.0000	7.4055	1.5277	14.9077	3.0483	3.5487	0.0000	9.1078	0.0005	16.3852		
46	53	0.0630	9	0	1	0	0	0	0	0	0	N	N	N	N	N	N	N	N	N	N	N	N	0.0000	0.0000	0.0000	0.0000	0.0000	0.0000	0.0000	0.0000	0.0000	0.0000	0.0000	0.0000	0.0000	0.0000	0.0000	0.0000	0.0000	0.4882	0.1976	0.8658	0.4243	0.5087	0.0000	0.5111	0.0000	0.9623	3.3721	0.0000	0.0021	2.0000	8.6921	1.0030	5.3599	0.0000	0.0000	0.0000	0.0000	0.0000	0.0000	0.0000	0.0000	0.0000	0.0132	0.0030	0.0102	0.0030	0.0030	0.0000	0.0102	0.0000	0.0102	0.0889	0.0760	0.0129	0.0089	0.0085	0.0003	0.0801	0.0675	0.0126	0.0271	0.0153	0.0118	0.0071	0.0060	0.0012	0.0200	0.0094	0.0106	0.0000	0.0000	0.0000	0.0000	0.0000	0.0000	0.0000	0.0000	0.0000	0.4882	0.1976	0.8658	0.4243	0.5087	0.0000	0.5111	0.0000	0.9623		
46	54	0.0627	8	0	1	0	0	0	0	0	0	N	N	N	N	N	N	N	N	N	N	N	N	0.0000	0.0000	0.0000	0.0000	0.0000	0.0000	0.0000	0.0000	0.0000	0.0000	0.0000	0.0000	0.0000	0.0000	0.0000	0.0000	0.0000	0.9606	1.0186	0.8883	1.8749	2.1391	0.0000	0.5661	0.0000	0.9694	0.6998	0.0000	-0.0015	2.0000	1.8652	1.0030	1.4001	0.0000	0.0000	0.0000	0.0000	0.0000	0.0000	0.0000	0.0000	0.0000	0.0074	0.0044	0.0030	0.0044	0.0044	0.0000	0.0030	0.0000	0.0030	0.0240	0.0209	0.0031	0.0041	0.0041	0.0001	0.0199	0.0168	0.0031	0.0077	0.0043	0.0034	0.0023	0.0020	0.0003	0.0054	0.0022	0.0031	0.0000	0.0000	0.0000	0.0000	0.0000	0.0000	0.0000	0.0000	0.0000	0.9606	1.0186	0.8883	1.8749	2.1391	0.0000	0.5661	0.0000	0.9694		
46	55	0.0582	7	0	1	0	0	0	0	0	0	N	N	N	N	N	N	N	N	N	N	N	N	0.0000	0.0000	0.0000	0.0000	0.0000	0.0000	0.0000	0.0000	0.0000	0.0000	0.0000	0.0000	0.0000	0.0000	0.0000	0.0000	0.0000	0.2319	0.0194	0.5667	0.0361	0.0407	0.0000	0.3261	0.0004	0.6266	18.5885	0.0000	0.0015	2.0000	2.5292	1.0030	4.9772	0.0000	0.0000	0.0000	0.0000	0.0000	0.0000	0.0000	0.0000	0.0000	0.0046	0.0002	0.0044	0.0002	0.0002	0.0000	0.0044	0.0000	0.0044	0.0272	0.0234	0.0038	0.0026	0.0026	0.0001	0.0246	0.0208	0.0038	0.0198	0.0121	0.0077	0.0064	0.0057	0.0007	0.0134	0.0064	0.0070	0.0000	0.0000	0.0000	0.0000	0.0000	0.0000	0.0000	0.0000	0.0000	0.2319	0.0194	0.5667	0.0361	0.0407	0.0000	0.3261	0.0004	0.6266		
46	56	0.0174	4	1	2	0	0	0	0	0	0	N	Y	N	N	N	N	N	N	N	N	N	N	0.0000	0.0000	0.0000	0.0000	0.0000	0.0000	0.0000	0.0000	0.0000	0.0000	0.0000	0.0000	0.0000	0.0000	0.0000	0.0000	0.0000	0.0000	0.0000	0.0000	2.0000	0.0000	1.0030	10.9971	0.0000	0.0000	0.0000	0.0000	0.0000	0.0000	0.0000	0.0000	0.0000	0.0000	0.0000	0.0000	0.0000	0.0000	0.0000	0.0000	0.0000	0.0000	0.0000	0.0000	0.0000	0.0000	0.0000	0.0000	0.0000	0.0000	0.0000	0.0237	0.0125	0.0113	0.0041	0.0036	0.0005	0.0196	0.0089	0.0107	0.0000	0.0000	0.0000	0.0000	0.0000	0.0000	0.0000	0.0000	0.0000	0.0000	0.0000	0.0000	0.0000	0.0000	0.0000	0.0000	0.0000	0.0000											
46	57	0.1390	9	0	1	0	0	0	0	0	0	N	N	N	N	N	N	N	N	N	N	N	N	0.0000	0.0004	0.0000	0.0030	0.0026	0.3531	0.0000	0.0000	0.0000	0.0000	0.0000	0.0000	0.0000	0.0000	0.0000	0.0000	0.0000	0.0000	1.5809	0.0048	5.0073	0.0020	0.0022	0.0000	3.0957	0.0092	6.0740	0.5951	480.6952	-0.0000	0.0572	2.0000	7.8198	1.0030	21.5823	0.0000	0.0000	0.0000	0.0000	0.0000	0.0000	0.0000	0.0000	0.0000	0.1494	0.0003	0.1491	0.0001	0.0001	0.0000	0.1493	0.0002	0.1491	0.1246	0.1095	0.0151	0.0371	0.0357	0.0014	0.0875	0.0738	0.0137	0.0945	0.0647	0.0298	0.0463	0.0410	0.0052	0.0482	0.0237	0.0245	0.0000	0.0004	0.0000	0.0030	0.0026	0.3531	0.0000	0.0000	0.0000	1.5809	0.0048	5.0073	0.0020	0.0022	0.0000	3.0957	0.0092	6.0740
46	58	0.0532	8	1	2	1	0	0	0	0	0	N	Y	N	N	N	N	N	N	N	N	N	N	0.0000	0.0000	0.0000	0.0000	0.0000	0.0000	0.0000	0.0000	0.0000	0.0000	0.0000	0.0000	0.0000	0.0000	0.0000	0.0000	0.0007	0.0012	0.0000	0.0032	0.0038	0.0000	0.0000	0.0000	0.0000	0.0007	0.0000	-0.0000	2.0000	2.0055	1.0030	11.8091	0.0000	0.0000	0.0000	0.0000	0.0000	0.0000	0.0000	0.0000	0.0000	0.0000	0.0000	0.0000	0.0000	0.0000	0.0000	0.0000	0.0000	0.0000	0.0191	0.0161	0.0030	0.0003	0.0003	0.0000	0.0187	0.0158	0.0030	0.0287	0.0155	0.0132	0.0060	0.0052	0.0008	0.0227	0.0104	0.0123	0.0000	0.0000	0.0000	0.0000	0.0000	0.0000	0.0000	0.0000	0.0000	0.0007	0.0012	0.0000	0.0032	0.0038	0.0000	0.0000	0.0000	0.0000			
46	59	0.0477	7	1	1	1	0	0	0	0	0	N	N	N	N	N	N	N	N	N	N	N	N	0.0000	0.0000	0.0000	0.0000	0.0000	0.0000	0.0000	0.0000	0.0000	0.0000	0.0000	0.0000	0.0000	0.0000	0.0000	0.0000	0.0000	0.0000	0.0034	0.0030	0.0040	0.0067	0.0074	0.0001	0.0022	0.0000	0.0043	0.9177	0.0000	-0.0000	2.0000	1.9951	1.0030	2.5667	0.0000	0.0000	0.0000	0.0000	0.0000	0.0000	0.0000	0.0000	0.0000	0.0000	0.0000	0.0000	0.0000	0.0000	0.0000	0.0000	0.0000	0.0000	0.0189	0.0159	0.0030	0.0003	0.0002	0.0000	0.0187	0.0157	0.0030	0.0121	0.0072	0.0049	0.0032	0.0029	0.0003	0.0089	0.0043	0.0046	0.0000	0.0000	0.0000	0.0000	0.0000	0.0000	0.0000	0.0000	0.0000	0.0034	0.0030	0.0040	0.0067	0.0074	0.0001	0.0022	0.0000	0.0043	
46	60	0.0410	6	1	1	1	0	0	0	0	0	N	N	N	N	N	N	N	N	N	N	N	N	0.0762	0.0595	0.2280	0.0934	0.0851	0.1157	0.1980	0.0010	0.0010	0.0012	0.0027	0.0028	0.0000	0.0003	0.0000	0.0012	0.0136	0.0167	0.0054	0.0294	0.0324	0.0000	0.0026	0.0000	0.0063	0.2500	0.1250	-0.0000	-0.0001	2.0000	0.0108	1.0030	3.6229	0.0000	0.0000	0.0000	0.0000	0.0000	0.0000	0.0000	0.0000	0.0000	0.0002	0.0002	0.0000	0.0002	0.0002	0.0000	0.0000	0.0000	0.0000	0.0002	0.0001	0.0000	0.0001	0.0001	0.0000	0.0001	0.0001	0.0000	0.0129	0.0093	0.0036	0.0053	0.0048	0.0005	0.0076	0.0045	0.0031	0.0762	0.0595	0.2280	0.0934	0.0851	0.0000	0.1157	0.0000	0.1980	0.0136	0.0167	0.0054	0.0294	0.0324	0.0000	0.0026	0.0000	0.0063		
46	61	0.0593	7	0	2	0	0	0	0	0	0	N	Y	N	N	N	N	N	N	N	N	N	N	0.0000	0.0000	0.0000	0.0000	0.0000	0.0000	0.0000	0.0000	0.0000	0.0000	0.0000	0.0000	0.0000	0.0000	0.0000	0.0000	0.0014	0.0022	0.0000	0.0040	0.0044	0.0000	0.0000	0.0000	0.0000	0.0001	0.0000	-0.0000	2.0000	4.0917	1.0030	8.0988	0.0000	0.0000	0.0000	0.0000	0.0000	0.0000	0.0000	0.0000	0.0000	0.0000	0.0000	0.0000	0.0000	0.0000	0.0000	0.0000	0.0000	0.0000	0.0434	0.0371	0.0063	0.0042	0.0041	0.0001	0.0391	0.0329	0.0062	0.0358	0.0223	0.0135	0.0120	0.0110	0.0010	0.0238	0.0113	0.0125	0.0000	0.0000	0.0000	0.0000	0.0000	0.0000	0.0000	0.0000	0.0000	0.0014	0.0022	0.0000	0.0040	0.0044	0.0000	0.0000	0.0000	0.0000			
46	62	0.0556	6	0	2	0	0	0	0	0	0	N	Y	N	N	N	N	N	N	N	N	N	N	0.0000	0.0000	0.0000	0.0000	0.0000	0.0000	0.0000	0.0000	0.0000	0.0000	0.0000	0.0000	0.0000	0.0000	0.0000	0.0000	0.0000	0.0000	0.0052	0.0034	0.0074	0.0041	0.0047	0.0000	0.0056	0.0024	0.0080	1.7567	0.0000	0.0000	2.0000	2.1165	1.0030	5.0852	0.0000	0.0000	0.0000	0.0000	0.0000	0.0000	0.0000	0.0000	0.0000	0.0001	0.0000	0.0001	0.0000	0.0000	0.0000	0.0001	0.0000	0.0001	0.0200	0.0169	0.0031	0.0008	0.0008	0.0000	0.0192	0.0161	0.0031	0.0176	0.0097	0.0078	0.0048	0.0042	0.0006	0.0128	0.0055	0.0073	0.0000	0.0000	0.0000	0.0000	0.0000	0.0000	0.0000	0.0000	0.0000	0.0052	0.0034	0.0074	0.0041	0.0047	0.0000	0.0056	0.0024	0.0080	
46	63	0.0410	6	1	1	1	0	0	0	0	0	N	N	N	N	N	N	N	N	N	N	N	N	0.2624	0.0356	4532.9109	0.6325	0.6044	1244.9859	4434.8458	0.0013	0.0003	0.0076	0.0146	0.0156	0.0000	0.0011	0.0000	0.0077	0.0051	0.0088	0.0000	0.0231	0.0259	0.0000	0.0000	0.0000	0.0000	4.0001	0.0001	0.0000	-0.0001	2.0000	3.9990	1.0030	8.8702	0.0000	0.0000	0.0000	0.0000	0.0000	0.0000	0.0000	0.0000	0.0000	0.0002	0.0002	0.0000	0.0002	0.0002	0.0000	0.0000	0.0000	0.0000	0.0370	0.0318	0.0052	0.0007	0.0006	0.0000	0.0363	0.0312	0.0052	0.0302	0.0176	0.0126	0.0067	0.0060	0.0007	0.0235	0.0116	0.0119	0.2624	0.0356	4532.9109	0.6325	0.6044	0.0000	1244.9859	0.0000	4434.8458	0.0051	0.0088	0.0000	0.0231	0.0259	0.0000	0.0000	0.0000	0.0000		
46	64	0.0208	5	1	1	1	0	0	0	0	0	N	N	N	N	N	N	N	N	N	N	N	N	0.0003	0.0001	0.0023	0.0013	0.0012	0.0006	0.0000	0.0022	0.0000	0.0000	0.0000	0.0001	0.0001	0.0000	0.0000	0.0000	0.0000	0.0312	0.0454	0.0124	0.1078	0.1172	0.0000	0.0071	0.0000	0.0130	1.0841	0.2079	-0.0000	-0.0004	2.0000	3.9972	1.0030	6.8232	0.0000	0.0000	0.0000	0.0000	0.0000	0.0000	0.0000	0.0000	0.0000	0.0009	0.0007	0.0002	0.0007	0.0007	0.0000	0.0002	0.0000	0.0002	0.0394	0.0334	0.0060	0.0011	0.0011	0.0000	0.0383	0.0323	0.0060	0.0289	0.0164	0.0125	0.0069	0.0064	0.0006	0.0220	0.0101	0.0119	0.0003	0.0001	0.0023	0.0013	0.0012	0.0000	0.0006	0.0000	0.0022	0.0312	0.0454	0.0124	0.1078	0.1172	0.0000	0.0071	0.0000	0.0130	
46	65	0.0632	7	0	2	0	0	0	0	0	0	N	Y	N	N	N	N	N	N	N	N	N	N	0.0000	0.0037	0.0000	0.0000	0.0000	0.0000	0.0000	0.0037	0.0000	0.0001	0.0002	0.0000	0.0000	0.0000	0.0000	0.0001	0.0002	0.0000	8.4072	0.0440	43.0016	0.0352	0.0408	0.0001	12.4921	0.0468	53.1476	0.0000	310.9851	-0.0000	0.3526	2.0000	15.6632	1.0030	35.0639	0.0000	0.0000	0.0000	0.0000	0.0000	0.0000	0.0000	0.0000	0.0000	0.9229	0.0030	0.9199	0.0013	0.0013	0.0000	0.9216	0.0017	0.9199	0.1447	0.1227	0.0219	0.0083	0.0079	0.0004	0.1364	0.1148	0.0216	0.1098	0.0672	0.0426	0.0360	0.0310	0.0050	0.0738	0.0362	0.0376	0.0000	0.0037	0.0000	0.0000	0.0000	0.0000	0.0000	0.0037	0.0000	8.4072	0.0440	21.6079	0.0352	0.0408	0.0001	12.4921	0.0468	24.4651
46	66	0.0632	7	0	1	1	0	0	0	0	0	N	N	N	N	N	N	N	N	N	N	N	N	0.0390	0.0306	0.1012	0.0909	0.6842	0.4092	0.0004	0.0005	0.0000	0.0022	0.0023	0.0000	0.0002	0.0003	0.0000	0.0099	0.0149	0.0000	0.0219	0.0251	0.0000	0.0003	0.0006	0.0000	0.0000	0.0000	-0.0000	-0.0004	2.0000	4.9998	1.0030	10.1184	0.0000	0.0000	0.0000	0.0000	0.0000	0.0000	0.0000	0.0000	0.0000	0.0006	0.0006	0.0000	0.0006	0.0006	0.0000	0.0000	0.0000	0.0000	0.0516	0.0440	0.0076	0.0045	0.0044	0.0001	0.0471	0.0396	0.0075	0.0583	0.0389	0.0193	0.0260	0.0227	0.0033	0.0322	0.0162	0.0160	0.0390	0.0306	0.0000	0.1012	0.0909	0.0000	0.6842	0.4092	0.0000	0.0099	0.0149	0.0000	0.0219	0.0251	0.0000	0.0003	0.0006	0.0000			
46	67	0.0677	9	0	2	0	0	0	0	0	0	N	Y	N	N	N	N	N	N	N	N	N	N	0.0000	0.0000	0.0000	0.0000	0.0000	0.0000	0.0000	0.0000	0.0000	0.0000	0.0000	0.0000	0.0000	0.0000	0.0000	0.0000	0.0000	0.0000	0.0005	0.0000	0.0011	0.0000	0.0001	0.0000	0.0007	0.0000	0.0012	26.7867	-0.0000	0.0000	2.0000	10.9928	1.0030	18.5513	0.0000	0.0000	0.0000	0.0000	0.0000	0.0000	0.0000	0.0000	0.0000	0.0000	0.0000	0.0000	0.0000	0.0000	0.0000	0.0000	0.0000	0.0000	0.0999	0.0851	0.0148	0.0054	0.0049	0.0005	0.0945	0.0802	0.0143	0.0604	0.0358	0.0246	0.0186	0.0164	0.0022	0.0418	0.0194	0.0224	0.0000	0.0000	0.0000	0.0000	0.0000	0.0000	0.0000	0.0000	0.0000	0.0005	0.0000	0.0011	0.0000	0.0001	0.0000	0.0007	0.0000	0.0012	
46	68	0.0677	8	0	1	0	0	0	0	0	0	N	N	N	N	N	N	N	N	N	N	N	N	0.0004	0.0000	0.0000	0.0000	0.0000	0.0000	0.0000	0.0000	0.0000	0.0000	0.0000	0.0000	0.0000	0.0000	0.0000	0.0000	0.0000	0.0000	0.0015	0.0013	0.0020	0.0017	0.0017	0.0005	0.0014	0.0004	0.0020	0.8050	-0.0000	-0.0000	2.0000	0.0861	1.0030	1.0715	0.0000	0.0000	0.0000	0.0000	0.0000	0.0000	0.0000	0.0000	0.0000	0.0000	0.0000	0.0000	0.0000	0.0000	0.0000	0.0000	0.0000	0.0000	0.0021	0.0019	0.0002	0.0007	0.0007	0.0000	0.0014	0.0012	0.0002	0.0103	0.0068	0.0035	0.0047	0.0046	0.0001	0.0056	0.0022	0.0034	0.0004	0.0000	0.0000	0.0000	0.0000	0.0000	0.0000	0.0000	0.0000	0.0015	0.0013	0.0020	0.0017	0.0017	0.0005	0.0014	0.0004	0.0020	
46	69	0.0504	6	1	1	1	0	0	0	0	0	N	N	N	N	N	N	N	N	N	N	N	N	0.0000	0.0000	0.0000	0.0000	0.0000	0.0000	0.0000	0.0000	0.0000	0.0000	0.0000	0.0000	0.0000	0.0000	0.0000	0.0000	0.0072	0.0000	0.0159	0.0000	0.0000	0.0000	0.0093	0.0000	0.0172	7825.8800	0.0000	0.0000	2.0000	1.0000	1.0030	3.0001	0.0000	0.0000	0.0000	0.0000	0.0000	0.0000	0.0000	0.0000	0.0000	0.0001	0.0000	0.0001	0.0000	0.0000	0.0000	0.0001	0.0000	0.0001	0.0093	0.0078	0.0015	0.0003	0.0003	0.0000	0.0090	0.0075	0.0015	0.0081	0.0044	0.0037	0.0018	0.0016	0.0003	0.0063	0.0029	0.0034	0.0000	0.0000	0.0000	0.0000	0.0000	0.0000	0.0000	0.0000	0.0000	0.0072	0.0000	0.0159	0.0000	0.0000	0.0000	0.0093	0.0000	0.0172			
46	70	0.0504	5	1	1	1	0	0	0	0	0	N	N	N	N	N	N	N	N	N	N	N	N	0.0000	0.0000	0.0000	0.0000	0.0000	0.0000	0.0000	0.0000	0.0000	0.0000	0.0000	0.0000	0.0000	0.0000	0.0000	0.0000	16.3665	14.5514	34.7239	18.8998	19.2888	0.0000	14.3598	0.0000	33.0870	1.0000	0.0000	-0.0000	2.0000	0.0000	1.0030	0.0009	0.0000	0.0000	0.0000	0.0000	0.0000	0.0000	0.0000	0.0000	0.0000	0.0001	0.0001	0.0001	0.0001	0.0001	0.0000	0.0001	0.0000	0.0001	0.0000	0.0000	0.0000	0.0000	0.0000	0.0000	0.0000	0.0000	0.0000	0.0000	0.0000	0.0000	0.0000	0.0000	0.0000	0.0000	0.0000	0.0000	0.0000	0.0000	0.0000	0.0000	0.0000	0.0000	0.0000	0.0000	0.0000	16.3199	14.5514	18.5778	18.8998	19.2888	0.0000	14.3598	0.0000	18.9536			
46	71	0.0174	4	1	1	1	0	0	0	0	0	N	N	N	N	N	N	N	N	N	N	N	N	1.0101	0.0231	1.0261	0.0000	0.0000	0.8556	0.2304	0.9783	21.7946	0.0001	138.8303	0.0000	0.0000	0.0000	21.9201	0.0001	139.1316	21.5771	0.0056	135.3042	0.0172	0.0201	0.0000	25.6193	0.0006	142.2110	199991.0000	7240.9277	0.9036	0.3730	2.0000	9.9966	1.0030	12.9129	1.9999	0.0000	1.9999	0.0000	0.0000	0.0000	1.9999	0.0000	1.9999	0.9687	0.0001	0.9685	0.0001	0.0001	0.0000	0.9685	0.0000	0.9685	0.0918	0.0774	0.0144	0.0005	0.0005	0.0000	0.0912	0.0769	0.0144	0.0458	0.0239	0.0220	0.0072	0.0062	0.0010	0.0386	0.0177	0.0209	1.0315	0.0231	3.1484	0.0000	0.0000	0.0000	0.8743	0.2304	3.0050	21.1293	0.0056	44.0961	0.0172	0.0201	0.0000	25.0715	0.0006	46.2993	
46	72	0.0506	5	0	2	0	1	0	0	0	0	N	Y	N	N	N	N	N	N	N	N	N	N	0.0057	0.0000	0.1691	0.0000	0.0000	0.0072	0.0000	0.1599	0.0003	0.0000	0.0016	0.0000	0.0000	0.0000	0.0003	0.0000	0.0017	0.0449	0.0738	0.0097	0.0766	0.0908	0.0000	0.0372	0.0665	0.0105	inf	0.1086	0.0000	-0.0021	2.0000	13.0000	1.0030	39.1663	0.0000	0.0000	0.0000	0.0000	0.0000	0.0000	0.0000	0.0000	0.0000	0.0041	0.0037	0.0004	0.0014	0.0014	0.0000	0.0027	0.0023	0.0004	0.1175	0.0993	0.0182	0.0047	0.0044	0.0003	0.1128	0.0949	0.0179	0.0909	0.0499	0.0410	0.0179	0.0151	0.0028	0.0731	0.0348	0.0382	0.0057	0.0000	0.1691	0.0000	0.0000	0.0000	0.0072	0.0000	0.1599	0.0449	0.0738	0.0097	0.0766	0.0908	0.0000	0.0372	0.0665	0.0105	
46	73	0.0531	6	0	2	0	0	0	0	0	0	N	Y	N	N	N	N	N	N	N	N	N	N	0.0000	0.0000	0.0000	0.0000	0.0000	0.0000	0.0000	0.0000	0.0000	0.0000	0.0000	0.0000	0.0000	0.0000	0.0000	0.0000	0.0000	0.0005	0.0009	0.0000	0.0012	0.0013	0.0005	0.0003	0.0006	0.0000	0.0313	0.0000	-0.0000	2.0000	3.0003	1.0030	18.1082	0.0000	0.0000	0.0000	0.0000	0.0000	0.0000	0.0000	0.0000	0.0000	0.0000	0.0000	0.0000	0.0000	0.0000	0.0000	0.0000	0.0000	0.0000	0.0282	0.0238	0.0044	0.0011	0.0011	0.0001	0.0271	0.0227	0.0044	0.0473	0.0277	0.0197	0.0122	0.0108	0.0014	0.0351	0.0168	0.0183	0.0000	0.0000	0.0000	0.0000	0.0000	0.0000	0.0000	0.0000	0.0000	0.0005	0.0009	0.0000	0.0012	0.0013	0.0005	0.0003	0.0006	0.0000		
46	74	0.0208	5	0	2	0	0	0	0	0	0	N	Y	N	N	N	N	N	N	N	N	N	N	27350.3959	inf	inf	56274.6488	inf	inf	inf	0.0007	0.0002	0.0039	0.0080	0.0081	0.0000	0.0006	0.0000	0.0039	0.0000	0.0000	0.0000	0.0000	0.0000	0.0000	0.0000	0.0000	0.0000	4.0001	0.0000	-0.0000	2.0000	7.0046	1.0030	18.1036	0.0000	0.0000	0.0000	0.0000	0.0000	0.0000	0.0000	0.0000	0.0000	0.0000	0.0000	0.0000	0.0000	0.0000	0.0000	0.0000	0.0000	0.0000	0.0668	0.0565	0.0103	0.0013	0.0012	0.0000	0.0656	0.0552	0.0103	0.0550	0.0299	0.0251	0.0106	0.0094	0.0012	0.0444	0.0205	0.0239	27350.3959	inf	inf	56274.6488	inf	0.0000	inf	0.0000	inf	0.0000	0.0000	0.0000	0.0000	0.0000	0.0000	0.0000	0.0000	0.0000			
46	75	0.0174	4	0	1	0	0	0	0	0	0	N	N	N	N	N	N	N	N	N	N	N	N	0.0007	0.0068	0.0018	0.1379	0.1271	0.0000	0.0005	0.0000	0.0017	0.0001	0.0000	0.0003	0.0002	0.0002	0.0000	0.0001	0.0000	0.0003	0.0854	0.0021	0.1836	0.0017	0.0019	0.0001	0.1086	0.0022	0.1917	4.0197	75.2555	0.0000	0.0003	2.0000	0.2435	1.0030	3.2922	0.0000	0.0000	0.0000	0.0000	0.0000	0.0000	0.0000	0.0000	0.0000	0.0008	0.0000	0.0008	0.0000	0.0000	0.0000	0.0008	0.0000	0.0008	0.0026	0.0022	0.0004	0.0001	0.0001	0.0000	0.0024	0.0020	0.0004	0.0090	0.0049	0.0041	0.0020	0.0018	0.0002	0.0070	0.0031	0.0040	0.0007	0.0068	0.0018	0.1379	0.1271	0.0000	0.0005	0.0000	0.0017	0.0854	0.0021	0.1836	0.0017	0.0019	0.0001	0.1086	0.0022	0.1917
46	77	0.0681	9	0	2	0	0	0	0	0	0	N	Y	N	N	N	N	N	N	N	N	N	N	0.0000	0.0000	0.0000	0.0000	0.0000	0.0000	0.0000	0.0000	0.0000	0.0000	0.0000	0.0000	0.0000	0.0000	0.0000	0.0000	0.0004	0.0003	0.0005	0.0009	0.0010	0.0000	0.0003	0.0000	0.0005	1.0328	0.0000	-0.0000	2.0000	8.6571	1.0030	16.0761	0.0000	0.0000	0.0000	0.0000	0.0000	0.0000	0.0000	0.0000	0.0000	0.0000	0.0000	0.0000	0.0000	0.0000	0.0000	0.0000	0.0000	0.0000	0.0794	0.0684	0.0111	0.0033	0.0031	0.0001	0.0762	0.0652	0.0109	0.0479	0.0281	0.0198	0.0110	0.0102	0.0008	0.0369	0.0179	0.0190	0.0000	0.0000	0.0000	0.0000	0.0000	0.0000	0.0000	0.0000	0.0000	0.0004	0.0003	0.0005	0.0009	0.0010	0.0000	0.0003	0.0000	0.0005			
46	78	0.0677	8	0	2	0	0	0	0	0	0	N	Y	N	N	N	N	N	N	N	N	N	N	0.0000	0.0000	0.0000	0.0000	0.0000	0.0000	0.0000	0.0000	0.0000	0.0000	0.0000	0.0000	0.0000	0.0000	0.0000	0.0000	0.0008	0.0000	0.0022	0.0000	0.0000	0.0000	0.0013	0.0000	0.0023	1135.6635	0.0000	0.0000	2.0000	0.3645	1.0030	1.9845	0.0000	0.0000	0.0000	0.0000	0.0000	0.0000	0.0000	0.0000	0.0000	0.0000	0.0000	0.0000	0.0000	0.0000	0.0000	0.0000	0.0000	0.0000	0.0047	0.0041	0.0006	0.0009	0.0008	0.0000	0.0039	0.0033	0.0006	0.0126	0.0081	0.0044	0.0054	0.0052	0.0002	0.0072	0.0030	0.0042	0.0000	0.0000	0.0000	0.0000	0.0000	0.0000	0.0000	0.0000	0.0000	0.0008	0.0000	0.0022	0.0000	0.0000	0.0000	0.0013	0.0000	0.0023			
46	79	0.0582	7	0	1	0	0	0	0	0	0	N	N	N	N	N	N	N	N	N	N	N	N	0.0000	0.0000	0.0000	0.0000	0.0000	0.0000	0.0000	0.0000	0.0000	0.0000	0.0000	0.0000	0.0000	0.0000	0.0000	0.0000	0.0000	0.0000	0.0083	0.0108	0.0047	0.0222	0.0258	0.0000	0.0028	0.0002	0.0052	0.3090	0.0000	-0.0001	2.0000	2.9108	1.0030	14.2456	0.0000	0.0000	0.0000	0.0000	0.0000	0.0000	0.0000	0.0000	0.0000	0.0003	0.0002	0.0001	0.0002	0.0002	0.0000	0.0001	0.0000	0.0001	0.0308	0.0264	0.0044	0.0028	0.0027	0.0001	0.0280	0.0237	0.0043	0.0374	0.0219	0.0156	0.0105	0.0090	0.0015	0.0269	0.0128	0.0141	0.0000	0.0000	0.0000	0.0000	0.0000	0.0000	0.0000	0.0000	0.0000	0.0083	0.0108	0.0047	0.0222	0.0258	0.0000	0.0028	0.0002	0.0052	
46	80	0.0531	6	0	1	0	0	0	0	0	0	N	N	N	N	N	N	N	N	N	N	N	N	0.0000	0.0000	0.0000	0.0000	0.0000	0.0000	0.0000	0.0000	0.0000	0.0000	0.0000	0.0000	0.0000	0.0000	0.0000	0.0000	0.0000	0.0000	0.0316	0.0348	0.0262	0.0372	0.0404	0.0000	0.0288	0.0295	0.0282	0.4511	0.0000	-0.0002	2.0000	0.1009	1.0030	7.5203	0.0000	0.0000	0.0000	0.0000	0.0000	0.0000	0.0000	0.0000	0.0000	0.0007	0.0005	0.0002	0.0003	0.0003	0.0000	0.0005	0.0002	0.0002	0.0010	0.0008	0.0002	0.0001	0.0000	0.0000	0.0009	0.0008	0.0001	0.0237	0.0148	0.0089	0.0078	0.0072	0.0006	0.0159	0.0076	0.0083	0.0000	0.0000	0.0000	0.0000	0.0000	0.0000	0.0000	0.0000	0.0000	0.0316	0.0348	0.0262	0.0372	0.0404	0.0000	0.0288	0.0295	0.0282	
46	81	0.0506	5	0	1	0	0	0	0	0	0	N	N	N	N	N	N	N	N	N	N	N	N	0.0000	0.0000	0.0000	0.0000	0.0000	0.0000	0.0000	0.0000	0.0000	0.0000	0.0000	0.0000	0.0000	0.0000	0.0000	0.0000	0.0000	0.0000	0.0191	0.0007	0.0442	0.0004	0.0004	0.0003	0.0273	0.0010	0.0465	43.4595	0.0000	0.0001	2.0000	0.0014	1.0030	3.7882	0.0000	0.0000	0.0000	0.0000	0.0000	0.0000	0.0000	0.0000	0.0000	0.0002	0.0000	0.0002	0.0000	0.0000	0.0000	0.0002	0.0000	0.0002	0.0000	0.0000	0.0000	0.0000	0.0000	0.0000	0.0000	0.0000	0.0000	0.0114	0.0066	0.0048	0.0035	0.0032	0.0002	0.0079	0.0033	0.0046	0.0000	0.0000	0.0000	0.0000	0.0000	0.0000	0.0000	0.0000	0.0000	0.0191	0.0007	0.0442	0.0004	0.0004	0.0003	0.0273	0.0010	0.0465	
46	82	0.0663	8	0	2	0	0	0	0	0	0	N	Y	N	N	N	N	N	N	N	N	N	N	0.0000	0.0000	0.0000	0.0000	0.0000	0.0000	0.0000	0.0000	0.0000	0.0000	0.0000	0.0000	0.0000	0.0000	0.0000	0.0000	0.0000	0.0040	0.0017	0.0074	0.0045	0.0038	0.0104	0.0037	0.0000	0.0072	2.9465	0.0000	0.0000	2.0000	7.9116	1.0030	21.1247	0.0000	0.0000	0.0000	0.0000	0.0000	0.0000	0.0000	0.0000	0.0000	0.0003	0.0001	0.0002	0.0001	0.0001	0.0000	0.0002	0.0000	0.0002	0.0782	0.0664	0.0118	0.0062	0.0060	0.0003	0.0720	0.0605	0.0115	0.0676	0.0406	0.0270	0.0197	0.0177	0.0019	0.0480	0.0229	0.0251	0.0000	0.0000	0.0000	0.0000	0.0000	0.0000	0.0000	0.0000	0.0000	0.0040	0.0017	0.0074	0.0045	0.0038	0.0104	0.0037	0.0000	0.0072		
46	83	0.0842	9	1	2	0	0	0	0	0	0	N	Y	N	N	N	N	N	N	N	N	N	N	0.0000	0.0000	0.0000	0.0000	0.0000	0.0000	0.0000	0.0000	0.0000	0.0000	0.0000	0.0000	0.0000	0.0000	0.0000	0.0000	0.0000	0.0000	0.0000	0.0000	2.0000	0.0000	1.0030	1.8333	0.0000	0.0000	0.0000	0.0000	0.0000	0.0000	0.0000	0.0000	0.0000	0.0000	0.0000	0.0000	0.0000	0.0000	0.0000	0.0000	0.0000	0.0000	0.0000	0.0000	0.0000	0.0000	0.0000	0.0000	0.0000	0.0000	0.0000	0.0058	0.0038	0.0020	0.0021	0.0019	0.0002	0.0038	0.0019	0.0019	0.0000	0.0000	0.0000	0.0000	0.0000	0.0000	0.0000	0.0000	0.0000	0.0000	0.0000	0.0000	0.0000	0.0000	0.0000	0.0000	0.0000	0.0000											
46	84	0.0663	8	1	2	0	0	0	0	0	0	N	Y	N	N	N	N	N	N	N	N	N	N	0.0000	0.0000	0.0000	0.0000	0.0000	0.0000	0.0000	0.0000	0.0000	0.0000	0.0000	0.0000	0.0000	0.0000	0.0000	0.0000	0.0000	0.0000	0.0013	0.0021	0.0000	0.0041	0.0044	0.0000	0.0000	0.0000	0.0000	0.0008	0.0000	-0.0000	2.0000	6.9552	1.0030	13.1226	0.0000	0.0000	0.0000	0.0000	0.0000	0.0000	0.0000	0.0000	0.0000	0.0001	0.0001	0.0000	0.0001	0.0001	0.0000	0.0000	0.0000	0.0000	0.0697	0.0592	0.0105	0.0059	0.0056	0.0002	0.0638	0.0536	0.0102	0.0533	0.0326	0.0207	0.0167	0.0153	0.0014	0.0366	0.0173	0.0193	0.0000	0.0000	0.0000	0.0000	0.0000	0.0000	0.0000	0.0000	0.0000	0.0013	0.0021	0.0000	0.0041	0.0044	0.0000	0.0000	0.0000	0.0000	
46	85	0.0632	7	0	2	0	0	0	0	0	0	N	Y	N	N	N	N	N	N	N	N	N	N	0.0000	0.0000	0.0000	0.0000	0.0000	0.0000	0.0000	0.0000	0.0000	0.0000	0.0000	0.0000	0.0000	0.0000	0.0000	0.0000	0.0000	0.0000	0.0949	0.1531	0.0109	0.0269	0.0286	0.0010	0.1290	0.2944	0.0114	0.0495	0.0000	-0.0011	2.0000	0.3374	1.0030	6.1146	0.0000	0.0000	0.0000	0.0000	0.0000	0.0000	0.0000	0.0000	0.0000	0.0020	0.0019	0.0001	0.0002	0.0002	0.0000	0.0018	0.0017	0.0001	0.0048	0.0042	0.0006	0.0014	0.0014	0.0001	0.0034	0.0028	0.0006	0.0213	0.0126	0.0087	0.0071	0.0067	0.0004	0.0142	0.0059	0.0083	0.0000	0.0000	0.0000	0.0000	0.0000	0.0000	0.0000	0.0000	0.0000	0.0949	0.1531	0.0109	0.0269	0.0286	0.0010	0.1290	0.2944	0.0114	
46	86	0.0632	7	0	2	0	0	0	0	0	0	N	Y	N	N	N	N	N	N	N	N	N	N	0.0000	0.0000	0.0000	0.0000	0.0000	0.0000	0.0000	0.0000	0.0000	0.0000	0.0000	0.0000	0.0000	0.0000	0.0000	0.0000	0.0000	0.0044	0.0075	0.0003	0.0168	0.0189	0.0002	0.0001	0.0000	0.0003	0.0266	0.0000	-0.0001	2.0000	11.0342	1.0030	12.7513	0.0000	0.0000	0.0000	0.0000	0.0000	0.0000	0.0000	0.0000	0.0000	0.0002	0.0002	0.0000	0.0002	0.0002	0.0000	0.0000	0.0000	0.0000	0.1019	0.0862	0.0157	0.0052	0.0049	0.0003	0.0967	0.0813	0.0154	0.0515	0.0294	0.0221	0.0132	0.0117	0.0015	0.0383	0.0177	0.0206	0.0000	0.0000	0.0000	0.0000	0.0000	0.0000	0.0000	0.0000	0.0000	0.0044	0.0075	0.0003	0.0168	0.0189	0.0002	0.0001	0.0000	0.0003		
46	87	0.0556	6	0	2	0	0	0	0	0	0	N	Y	N	N	N	N	N	N	N	N	N	N	0.0000	0.0000	0.0000	0.0000	0.0000	0.0000	0.0000	0.0000	0.0000	0.0000	0.0000	0.0000	0.0000	0.0000	0.0000	0.0000	0.0000	0.0000	0.0121	0.0153	0.0082	0.0028	0.0033	0.0000	0.0153	0.0233	0.0088	0.4333	0.0000	-0.0001	2.0000	3.9739	1.0030	6.2820	0.0000	0.0000	0.0000	0.0000	0.0000	0.0000	0.0000	0.0000	0.0000	0.0003	0.0002	0.0001	0.0000	0.0000	0.0000	0.0003	0.0002	0.0001	0.0373	0.0314	0.0058	0.0015	0.0014	0.0001	0.0358	0.0300	0.0057	0.0232	0.0128	0.0104	0.0059	0.0051	0.0008	0.0173	0.0077	0.0096	0.0000	0.0000	0.0000	0.0000	0.0000	0.0000	0.0000	0.0000	0.0000	0.0121	0.0153	0.0082	0.0028	0.0033	0.0000	0.0153	0.0233	0.0088	
46	88	0.0506	5	0	2	0	0	0	0	0	0	N	Y	N	N	N	N	N	N	N	N	N	N	0.0000	0.0000	0.0000	0.0000	0.0000	0.0000	0.0000	0.0000	0.0000	0.0000	0.0000	0.0000	0.0000	0.0000	0.0000	0.0000	0.0000	0.0000	0.0025	0.0031	0.0017	0.0001	0.0001	0.0002	0.0034	0.0056	0.0018	0.4112	0.0000	-0.0000	2.0000	0.0056	1.0030	5.7021	0.0000	0.0000	0.0000	0.0000	0.0000	0.0000	0.0000	0.0000	0.0000	0.0000	0.0000	0.0000	0.0000	0.0000	0.0000	0.0000	0.0000	0.0000	0.0001	0.0000	0.0000	0.0000	0.0000	0.0000	0.0001	0.0000	0.0000	0.0150	0.0085	0.0065	0.0042	0.0038	0.0004	0.0108	0.0047	0.0061	0.0000	0.0000	0.0000	0.0000	0.0000	0.0000	0.0000	0.0000	0.0000	0.0025	0.0031	0.0017	0.0001	0.0001	0.0002	0.0034	0.0056	0.0018	
46	92	0.1390	9	0	1	0	0	0	0	0	0	N	N	N	N	N	N	N	N	N	N	N	N	0.0002	0.2279	0.0001	0.2362	0.2205	0.0273	0.0001	inf	0.0001	0.0003	0.0003	0.0003	0.0004	0.0005	0.0000	0.0002	0.0002	0.0003	1.1739	0.0012	3.4274	0.0019	0.0021	0.0000	2.0490	0.0000	4.0433	0.1654	1481.3257	-0.0000	0.0574	2.0000	24.8682	1.0030	39.8855	0.0001	0.0001	0.0000	0.0000	0.0000	0.0000	0.0000	0.0000	0.0000	0.1492	0.0001	0.1491	0.0001	0.0001	0.0000	0.1491	0.0000	0.1491	0.2520	0.2182	0.0338	0.0456	0.0430	0.0027	0.2064	0.1753	0.0312	0.1271	0.0836	0.0435	0.0543	0.0477	0.0066	0.0727	0.0359	0.0369	0.0002	0.2279	0.0001	0.2362	0.2205	0.0273	0.0001	inf	0.0001	1.1739	0.0012	3.4274	0.0019	0.0021	0.0000	2.0490	0.0000	4.0433
47	50	0.0763	11	0	1	1	0	0	0	0	0	N	N	N	N	N	N	N	N	N	N	N	N	0.0000	0.0000	0.0000	0.0000	0.0000	0.0000	0.0000	0.0000	0.0000	0.0000	0.0000	0.0000	0.0000	0.0000	0.0000	0.0000	0.0000	0.0000	0.0000	0.0000	0.0000	0.0004	0.0582	0.9852	0.0000	0.0000	0.0000	0.0000	0.0000	0.0000	0.0000	0.0000	0.0000	0.0000	0.0000	0.0000	0.0000	0.0000	0.0000	0.0000	0.0000	0.0000	0.0000	0.0000	0.0000	0.0000	0.0000	0.0000	0.0000	0.0000	0.0000	0.0001	0.0001	0.0000	0.0001	0.0001	0.0000	0.0001	0.0000	0.0000	0.0000	0.0000	0.0000	0.0000	0.0000	0.0000	0.0000	0.0000	0.0000	0.0000	0.0000	0.0000	0.0000	0.0000	0.0000	0.0000	0.0000	0.0000											
47	51	0.0654	10	0	1	0	0	0	0	0	0	N	N	N	N	N	N	N	N	N	N	N	N	0.0000	0.0000	0.0000	0.0000	0.0000	0.0000	0.0000	0.0000	0.0000	0.0000	0.0000	0.0000	0.0000	0.0000	0.0000	0.0000	0.0000	0.0000	7.7888	6.3666	10.0699	8.6770	8.9189	0.0001	7.0563	0.0001	10.4019	0.9861	0.0000	-0.0036	0.0000	10.7574	0.0582	12.9024	0.0000	0.0000	0.0000	0.0000	0.0000	0.0000	0.0000	0.0000	0.0000	0.0302	0.0152	0.0150	0.0152	0.0152	0.0000	0.0150	0.0000	0.0150	0.0000	0.0000	0.0000	0.0000	0.0000	0.0000	0.0000	0.0000	0.0000	0.0039	0.0024	0.0015	0.0018	0.0017	0.0000	0.0021	0.0007	0.0014	0.0000	0.0000	0.0000	0.0000	0.0000	0.0000	0.0000	0.0000	0.0000	7.7888	6.3666	10.0699	8.6770	8.9189	0.0001	7.0563	0.0001	10.4019	
47	52	0.0640	9	0	1	0	0	0	0	0	0	N	N	N	N	N	N	N	N	N	N	N	N	0.0000	0.0000	0.0000	0.0000	0.0000	0.0000	0.0000	0.0000	0.0000	0.0000	0.0000	0.0000	0.0000	0.0000	0.0000	0.0000	0.0000	0.9482	0.8015	1.1874	1.0510	1.0818	0.0000	0.8640	0.1286	1.2288	0.9086	0.0000	-0.0001	0.0000	2.6694	0.0582	2.4027	0.0000	0.0000	0.0000	0.0000	0.0000	0.0000	0.0000	0.0000	0.0000	0.0008	0.0004	0.0004	0.0004	0.0004	0.0000	0.0004	0.0000	0.0004	0.0000	0.0000	0.0000	0.0000	0.0000	0.0000	0.0000	0.0000	0.0000	0.0008	0.0005	0.0003	0.0004	0.0004	0.0000	0.0005	0.0002	0.0003	0.0000	0.0000	0.0000	0.0000	0.0000	0.0000	0.0000	0.0000	0.0000	0.9482	0.8015	1.1874	1.0510	1.0818	0.0000	0.8640	0.1286	1.2288		
47	53	0.0588	8	0	1	0	0	0	0	0	0	N	N	N	N	N	N	N	N	N	N	N	N	0.0000	0.0000	0.0000	0.0000	0.0000	0.0000	0.0000	0.0000	0.0000	0.0000	0.0000	0.0000	0.0000	0.0000	0.0000	0.0000	0.0000	0.0685	0.0525	0.0983	0.0781	0.0811	0.0000	0.0610	0.0003	0.1031	0.9990	0.0000	-0.0000	0.0000	8.6921	0.0582	5.3599	0.0000	0.0000	0.0000	0.0000	0.0000	0.0000	0.0000	0.0000	0.0000	0.0001	0.0001	0.0001	0.0001	0.0001	0.0000	0.0001	0.0000	0.0001	0.0000	0.0000	0.0000	0.0000	0.0000	0.0000	0.0000	0.0000	0.0000	0.0018	0.0012	0.0006	0.0008	0.0008	0.0000	0.0010	0.0004	0.0006	0.0000	0.0000	0.0000	0.0000	0.0000	0.0000	0.0000	0.0000	0.0000	0.0685	0.0525	0.0983	0.0781	0.0811	0.0000	0.0610	0.0003	0.1031		
47	54	0.0585	7	0	1	0	0	0	0	0	0	N	N	N	N	N	N	N	N	N	N	N	N	0.0000	0.0000	0.0000	0.0000	0.0000	0.0000	0.0000	0.0000	0.0000	0.0000	0.0000	0.0000	0.0000	0.0000	0.0000	0.0000	0.0000	0.1312	0.1049	0.1750	0.1461	0.1506	0.0000	0.1191	0.0000	0.1815	0.9991	0.0000	-0.0000	0.0000	1.8652	0.0582	1.4001	0.0000	0.0000	0.0000	0.0000	0.0000	0.0000	0.0000	0.0000	0.0000	0.0001	0.0000	0.0000	0.0000	0.0000	0.0000	0.0000	0.0000	0.0000	0.0000	0.0000	0.0000	0.0000	0.0000	0.0000	0.0000	0.0000	0.0000	0.0005	0.0003	0.0002	0.0002	0.0002	0.0000	0.0003	0.0001	0.0002	0.0000	0.0000	0.0000	0.0000	0.0000	0.0000	0.0000	0.0000	0.0000	0.1312	0.1049	0.1750	0.1461	0.1506	0.0000	0.1191	0.0000	0.1815		
47	55	0.0540	6	0	1	0	0	0	0	0	0	N	N	N	N	N	N	N	N	N	N	N	N	0.0000	0.0000	0.0000	0.0000	0.0000	0.0000	0.0000	0.0000	0.0000	0.0000	0.0000	0.0000	0.0000	0.0000	0.0000	0.0000	0.0000	0.0000	0.0448	0.0371	0.0598	0.0507	0.0526	0.0071	0.0400	0.0093	0.0629	0.8138	0.0000	-0.0000	0.0000	2.5292	0.0582	4.9772	0.0000	0.0000	0.0000	0.0000	0.0000	0.0000	0.0000	0.0000	0.0000	0.0000	0.0000	0.0000	0.0000	0.0000	0.0000	0.0000	0.0000	0.0000	0.0000	0.0000	0.0000	0.0000	0.0000	0.0000	0.0000	0.0000	0.0000	0.0011	0.0007	0.0004	0.0005	0.0005	0.0000	0.0006	0.0003	0.0003	0.0000	0.0000	0.0000	0.0000	0.0000	0.0000	0.0000	0.0000	0.0000	0.0448	0.0371	0.0598	0.0507	0.0526	0.0071	0.0400	0.0093	0.0629	
47	56	0.0132	3	1	2	0	0	0	0	0	0	N	Y	N	N	N	N	N	N	N	N	N	N	0.0000	0.0000	0.0000	0.0000	0.0000	0.0000	0.0000	0.0000	0.0000	0.0000	0.0000	0.0000	0.0000	0.0000	0.0000	0.0000	0.0000	0.0000	0.0000	0.0000	0.0000	0.0000	0.0582	10.9971	0.0000	0.0000	0.0000	0.0000	0.0000	0.0000	0.0000	0.0000	0.0000	0.0000	0.0000	0.0000	0.0000	0.0000	0.0000	0.0000	0.0000	0.0000	0.0000	0.0000	0.0000	0.0000	0.0000	0.0000	0.0000	0.0000	0.0000	0.0015	0.0010	0.0005	0.0006	0.0006	0.0000	0.0009	0.0004	0.0005	0.0000	0.0000	0.0000	0.0000	0.0000	0.0000	0.0000	0.0000	0.0000	0.0000	0.0000	0.0000	0.0000	0.0000	0.0000	0.0000	0.0000	0.0000											
47	57	0.1348	8	0	1	0	0	0	0	0	0	N	N	N	N	N	N	N	N	N	N	N	N	0.2094	0.1555	0.4542	0.2923	0.2662	1.3557	0.1565	0.0000	0.4151	0.0569	0.0346	0.1598	0.0829	0.0759	0.3469	0.0406	0.0000	0.1486	0.2717	0.2227	0.3517	0.2837	0.2850	0.2559	0.2595	0.0063	0.3580	1.0000	0.9674	-0.0000	-0.0002	0.0000	7.8198	0.0582	21.5823	0.0000	0.0000	0.0000	0.0000	0.0000	0.0000	0.0000	0.0000	0.0000	0.0016	0.0008	0.0008	0.0008	0.0008	0.0000	0.0008	0.0000	0.0008	0.0000	0.0000	0.0000	0.0000	0.0000	0.0000	0.0000	0.0000	0.0000	0.0059	0.0037	0.0022	0.0030	0.0028	0.0001	0.0029	0.0008	0.0021	0.2094	0.1555	0.4542	0.2923	0.2662	1.3557	0.1565	0.0000	0.4151	0.2717	0.2227	0.3517	0.2837	0.2850	0.2559	0.2595	0.0063	0.3580
47	58	0.0490	7	1	2	1	0	0	0	0	0	N	Y	N	N	N	N	N	N	N	N	N	N	0.0000	0.0000	0.0000	0.0000	0.0000	0.0000	0.0000	0.0000	0.0000	0.0000	0.0000	0.0000	0.0000	0.0000	0.0000	0.0000	0.0000	0.0000	0.0001	0.0001	0.0002	0.0002	0.0002	0.0003	0.0001	0.0000	0.0002	0.9455	0.0000	-0.0000	0.0000	2.0055	0.0582	11.8091	0.0000	0.0000	0.0000	0.0000	0.0000	0.0000	0.0000	0.0000	0.0000	0.0000	0.0000	0.0000	0.0000	0.0000	0.0000	0.0000	0.0000	0.0000	0.0000	0.0000	0.0000	0.0000	0.0000	0.0000	0.0000	0.0000	0.0000	0.0019	0.0012	0.0006	0.0008	0.0008	0.0000	0.0011	0.0005	0.0006	0.0000	0.0000	0.0000	0.0000	0.0000	0.0000	0.0000	0.0000	0.0000	0.0001	0.0001	0.0002	0.0002	0.0002	0.0003	0.0001	0.0000	0.0002	
47	59	0.0435	6	1	1	1	0	0	0	0	0	N	N	N	N	N	N	N	N	N	N	N	N	0.0000	0.0000	0.0000	0.0000	0.0000	0.0000	0.0000	0.0000	0.0000	0.0000	0.0000	0.0000	0.0000	0.0000	0.0000	0.0000	0.0000	0.0000	0.0073	0.0060	0.0100	0.0093	0.0089	0.0257	0.0059	0.0012	0.0096	0.8442	0.0000	-0.0000	0.0000	1.9951	0.0582	2.5667	0.0000	0.0000	0.0000	0.0000	0.0000	0.0000	0.0000	0.0000	0.0000	0.0000	0.0000	0.0000	0.0000	0.0000	0.0000	0.0000	0.0000	0.0000	0.0000	0.0000	0.0000	0.0000	0.0000	0.0000	0.0000	0.0000	0.0000	0.0007	0.0005	0.0002	0.0003	0.0003	0.0000	0.0004	0.0002	0.0002	0.0000	0.0000	0.0000	0.0000	0.0000	0.0000	0.0000	0.0000	0.0000	0.0073	0.0060	0.0100	0.0093	0.0089	0.0257	0.0059	0.0012	0.0096	
47	60	0.0368	5	1	1	1	0	0	0	0	0	N	N	N	N	N	N	N	N	N	N	N	N	5.3438	6.8498	3.7702	4.9966	4.8509	0.0000	5.6876	0.0000	3.6173	0.4850	0.4746	0.4958	0.4896	0.4896	0.0000	0.4805	0.0000	0.4959	0.0908	0.0693	0.1315	0.0980	0.1009	0.0110	0.0845	0.0000	0.1371	1.0000	0.9998	-0.0000	-0.0000	0.0000	0.0108	0.0582	3.6229	0.0000	0.0000	0.0000	0.0000	0.0000	0.0000	0.0000	0.0000	0.0000	0.0001	0.0000	0.0000	0.0000	0.0000	0.0000	0.0000	0.0000	0.0000	0.0000	0.0000	0.0000	0.0000	0.0000	0.0000	0.0000	0.0000	0.0000	0.0006	0.0004	0.0002	0.0003	0.0003	0.0000	0.0003	0.0001	0.0002	5.3438	6.8498	3.7702	4.9966	4.8509	0.0000	5.6876	0.0000	3.6173	0.0908	0.0693	0.1315	0.0980	0.1009	0.0110	0.0845	0.0000	0.1371
47	61	0.0552	6	0	2	0	0	0	0	0	0	N	Y	N	N	N	N	N	N	N	N	N	N	0.0000	0.0000	0.0000	0.0000	0.0000	0.0000	0.0000	0.0000	0.0000	0.0000	0.0000	0.0000	0.0000	0.0000	0.0000	0.0000	0.0003	0.0002	0.0004	0.0003	0.0003	0.0000	0.0002	0.0000	0.0004	0.9955	0.0000	-0.0000	0.0000	4.0917	0.0582	8.0988	0.0000	0.0000	0.0000	0.0000	0.0000	0.0000	0.0000	0.0000	0.0000	0.0000	0.0000	0.0000	0.0000	0.0000	0.0000	0.0000	0.0000	0.0000	0.0000	0.0000	0.0000	0.0000	0.0000	0.0000	0.0000	0.0000	0.0000	0.0018	0.0012	0.0006	0.0008	0.0007	0.0000	0.0010	0.0004	0.0006	0.0000	0.0000	0.0000	0.0000	0.0000	0.0000	0.0000	0.0000	0.0000	0.0003	0.0002	0.0004	0.0003	0.0003	0.0000	0.0002	0.0000	0.0004			
47	62	0.0514	5	0	2	0	0	0	0	0	0	N	Y	N	N	N	N	N	N	N	N	N	N	0.0000	0.0000	0.0000	0.0000	0.0000	0.0000	0.0000	0.0000	0.0000	0.0000	0.0000	0.0000	0.0000	0.0000	0.0000	0.0000	0.0000	0.0000	0.0065	0.0062	0.0072	0.0078	0.0080	0.0030	0.0056	0.0031	0.0073	0.6356	0.0000	-0.0000	0.0000	2.1165	0.0582	5.0852	0.0000	0.0000	0.0000	0.0000	0.0000	0.0000	0.0000	0.0000	0.0000	0.0000	0.0000	0.0000	0.0000	0.0000	0.0000	0.0000	0.0000	0.0000	0.0000	0.0000	0.0000	0.0000	0.0000	0.0000	0.0000	0.0000	0.0000	0.0010	0.0006	0.0003	0.0004	0.0004	0.0000	0.0006	0.0002	0.0003	0.0000	0.0000	0.0000	0.0000	0.0000	0.0000	0.0000	0.0000	0.0000	0.0065	0.0062	0.0072	0.0078	0.0080	0.0030	0.0056	0.0031	0.0073	
47	63	0.0368	5	1	1	1	0	0	0	0	0	N	N	N	N	N	N	N	N	N	N	N	N	2.7160	2.1061	5.2871	4.0547	3.9950	0.0000	2.1919	0.0000	5.2025	12.1271	7.4974	31.7052	21.5520	21.5946	0.0000	8.4373	0.0000	31.7975	4.4651	3.5598	5.9968	5.3153	5.4054	0.0064	3.8494	0.0224	6.1120	1.0000	0.9957	-0.0000	-0.0011	0.0000	3.9990	0.0582	8.8702	0.0000	0.0000	0.0000	0.0000	0.0000	0.0000	0.0000	0.0000	0.0000	0.0091	0.0046	0.0046	0.0046	0.0046	0.0000	0.0046	0.0000	0.0046	0.0000	0.0000	0.0000	0.0000	0.0000	0.0000	0.0000	0.0000	0.0000	0.0020	0.0013	0.0008	0.0009	0.0008	0.0000	0.0012	0.0004	0.0007	2.7160	2.1061	5.2871	4.0547	3.9950	0.0000	2.1919	0.0000	5.2025	4.4651	3.5598	5.9968	5.3153	5.4054	0.0064	3.8494	0.0224	6.1120
47	64	0.0166	4	1	1	1	0	0	0	0	0	N	N	N	N	N	N	N	N	N	N	N	N	2.0545	1.6613	3.6763	3.4762	3.4783	0.0000	1.6168	0.0000	3.6672	0.0910	0.0565	0.2344	0.1900	0.1901	0.0000	0.0598	0.0000	0.2347	0.0443	0.0340	0.0638	0.0547	0.0547	0.0540	0.0370	0.0003	0.0640	1.0000	0.9932	-0.0000	-0.0000	0.0000	3.9972	0.0582	6.8232	0.0000	0.0000	0.0000	0.0000	0.0000	0.0000	0.0000	0.0000	0.0000	0.0001	0.0000	0.0000	0.0000	0.0000	0.0000	0.0000	0.0000	0.0000	0.0000	0.0000	0.0000	0.0000	0.0000	0.0000	0.0000	0.0000	0.0000	0.0017	0.0011	0.0006	0.0007	0.0007	0.0000	0.0010	0.0004	0.0006	2.0545	1.6613	3.6763	3.4762	3.4783	0.0000	1.6168	0.0000	3.6672	0.0443	0.0340	0.0638	0.0547	0.0547	0.0540	0.0370	0.0003	0.0640
47	65	0.0590	6	0	2	0	0	0	0	0	0	N	Y	N	N	N	N	N	N	N	N	N	N	0.0000	0.0000	0.0000	0.0000	0.0000	0.0000	0.0000	0.0000	0.0000	0.0000	0.0000	0.0000	0.0000	0.0000	0.0000	0.0000	0.0000	0.0000	1.6354	1.5835	1.7382	1.6758	1.8526	0.0024	1.5969	1.0485	2.0184	0.5550	-0.0000	-0.0031	0.0000	15.6632	0.0582	35.0639	0.0000	0.0000	0.0000	0.0000	0.0000	0.0000	0.0000	0.0000	0.0000	0.0120	0.0077	0.0043	0.0060	0.0060	0.0000	0.0060	0.0017	0.0043	0.0000	0.0000	0.0000	0.0000	0.0000	0.0000	0.0000	0.0000	0.0000	0.0073	0.0049	0.0025	0.0036	0.0032	0.0003	0.0037	0.0016	0.0021	0.0000	0.0000	0.0000	0.0000	0.0000	0.0000	0.0000	0.0000	0.0000	1.6354	1.5835	1.7382	1.6758	1.8526	0.0024	1.5969	1.0485	2.0184	
47	66	0.0590	6	0	1	1	0	0	0	0	0	N	N	N	N	N	N	N	N	N	N	N	N	44.4073	70.0853	0.0000	99.1890	85.2331	0.0000	26.3664	inf	0.0000	11.7900	14.0870	0.0000	23.8493	24.0130	0.0000	7.8306	9.9670	0.0000	0.2655	0.2010	0.3942	0.2404	0.2817	0.0000	0.2970	0.0000	0.5218	0.0000	0.9827	-0.0000	-0.0001	0.0000	4.9998	0.0582	10.1184	0.0000	0.0000	0.0000	0.0000	0.0000	0.0000	0.0000	0.0000	0.0000	0.0011	0.0006	0.0006	0.0006	0.0006	0.0000	0.0006	0.0000	0.0006	0.0000	0.0000	0.0000	0.0000	0.0000	0.0000	0.0000	0.0000	0.0000	0.0043	0.0029	0.0014	0.0024	0.0021	0.0004	0.0019	0.0008	0.0011	44.4073	70.0853	0.0000	99.1890	85.2331	0.0000	26.3664	inf	0.0000	0.2655	0.2010	0.3942	0.2404	0.2817	0.0000	0.2970	0.0000	0.5218
47	67	0.0635	8	0	2	0	0	0	0	0	0	N	Y	N	N	N	N	N	N	N	N	N	N	0.0000	0.0000	0.0000	0.0000	0.0000	0.0000	0.0000	0.0000	0.0000	0.0000	0.0000	0.0000	0.0000	0.0000	0.0000	0.0000	0.0000	0.0000	0.0002	0.0002	0.0001	0.0003	0.0002	0.0014	0.0001	0.0002	0.0001	0.3012	0.0000	-0.0000	0.0000	10.9928	0.0582	18.5513	0.0000	0.0000	0.0000	0.0000	0.0000	0.0000	0.0000	0.0000	0.0000	0.0000	0.0000	0.0000	0.0000	0.0000	0.0000	0.0000	0.0000	0.0000	0.0000	0.0000	0.0000	0.0000	0.0000	0.0000	0.0000	0.0000	0.0000	0.0036	0.0024	0.0012	0.0016	0.0015	0.0001	0.0020	0.0008	0.0012	0.0000	0.0000	0.0000	0.0000	0.0000	0.0000	0.0000	0.0000	0.0000	0.0002	0.0002	0.0001	0.0003	0.0002	0.0014	0.0001	0.0002	0.0001	
47	68	0.0635	7	0	1	0	0	0	0	0	0	N	N	N	N	N	N	N	N	N	N	N	N	0.0000	0.0000	0.0000	0.0000	0.0000	0.0000	0.0000	0.0000	0.0000	0.0000	0.0000	0.0000	0.0000	0.0000	0.0000	0.0000	0.0000	0.0000	0.0043	0.0045	0.0038	0.0064	0.0049	0.0806	0.0024	0.0037	0.0016	0.4113	0.0000	-0.0000	0.0000	0.0861	0.0582	1.0715	0.0000	0.0000	0.0000	0.0000	0.0000	0.0000	0.0000	0.0000	0.0000	0.0000	0.0000	0.0000	0.0000	0.0000	0.0000	0.0000	0.0000	0.0000	0.0000	0.0000	0.0000	0.0000	0.0000	0.0000	0.0000	0.0000	0.0000	0.0003	0.0002	0.0001	0.0001	0.0001	0.0000	0.0002	0.0001	0.0001	0.0000	0.0000	0.0000	0.0000	0.0000	0.0000	0.0000	0.0000	0.0000	0.0043	0.0045	0.0038	0.0064	0.0049	0.0806	0.0024	0.0037	0.0016	
47	69	0.0462	5	1	1	1	0	0	0	0	0	N	N	N	N	N	N	N	N	N	N	N	N	0.0000	0.0000	0.0000	0.0000	0.0000	0.0000	0.0000	0.0000	0.0000	0.0000	0.0000	0.0000	0.0000	0.0000	0.0000	0.0000	0.0011	0.0009	0.0016	0.0013	0.0014	0.0000	0.0010	0.0000	0.0016	1.0050	0.0000	-0.0000	0.0000	1.0000	0.0582	3.0001	0.0000	0.0000	0.0000	0.0000	0.0000	0.0000	0.0000	0.0000	0.0000	0.0000	0.0000	0.0000	0.0000	0.0000	0.0000	0.0000	0.0000	0.0000	0.0000	0.0000	0.0000	0.0000	0.0000	0.0000	0.0000	0.0000	0.0000	0.0005	0.0003	0.0002	0.0002	0.0002	0.0000	0.0003	0.0001	0.0002	0.0000	0.0000	0.0000	0.0000	0.0000	0.0000	0.0000	0.0000	0.0000	0.0011	0.0009	0.0016	0.0013	0.0014	0.0000	0.0010	0.0000	0.0016			
47	70	0.0462	4	1	1	1	0	0	0	0	0	N	N	N	N	N	N	N	N	N	N	N	N	0.0000	0.0000	0.0000	0.0000	0.0000	0.0000	0.0000	0.0000	0.0000	0.0000	0.0000	0.0000	0.0000	0.0000	0.0000	0.0000	0.8540	0.8249	0.8853	0.8665	0.8681	0.0000	0.8419	0.0000	0.8870	1.0000	0.0000	-0.0000	0.0000	0.0000	0.0582	0.0009	0.0000	0.0000	0.0000	0.0000	0.0000	0.0000	0.0000	0.0000	0.0000	0.0000	0.0000	0.0000	0.0000	0.0000	0.0000	0.0000	0.0000	0.0000	0.0000	0.0000	0.0000	0.0000	0.0000	0.0000	0.0000	0.0000	0.0000	0.0000	0.0000	0.0000	0.0000	0.0000	0.0000	0.0000	0.0000	0.0000	0.0000	0.0000	0.0000	0.0000	0.0000	0.0000	0.0000	0.0000	0.0000	0.8540	0.8249	0.8853	0.8665	0.8681	0.0000	0.8419	0.0000	0.8870			
47	71	0.0132	3	1	1	1	0	0	0	0	0	N	N	N	N	N	N	N	N	N	N	N	N	0.0000	0.0000	0.0000	0.0000	0.0000	0.0000	0.0000	0.0000	0.0000	0.0000	0.0000	0.0000	0.0000	0.0000	0.0000	0.0000	2.9729	2.2742	4.2828	3.7163	3.7827	0.0000	2.4792	0.0000	4.3709	1.0045	0.0000	-0.0010	0.0000	9.9966	0.0582	12.9129	0.0000	0.0000	0.0000	0.0000	0.0000	0.0000	0.0000	0.0000	0.0000	0.0090	0.0045	0.0045	0.0045	0.0045	0.0000	0.0045	0.0000	0.0045	0.0000	0.0000	0.0000	0.0000	0.0000	0.0000	0.0000	0.0000	0.0000	0.0030	0.0020	0.0011	0.0012	0.0012	0.0000	0.0018	0.0008	0.0010	0.0000	0.0000	0.0000	0.0000	0.0000	0.0000	0.0000	0.0000	0.0000	2.9729	2.2742	4.2828	3.7163	3.7827	0.0000	2.4792	0.0000	4.3709			
47	72	0.0464	4	0	2	0	1	0	0	0	0	N	Y	N	N	N	N	N	N	N	N	N	N	0.0000	0.0000	0.0000	0.0000	0.0000	0.0000	0.0000	0.0000	0.0000	0.0000	0.0000	0.0000	0.0000	0.0000	0.0000	0.0000	0.0000	0.0000	0.8223	1.2503	0.0102	1.0139	1.0364	0.1674	0.6912	1.5771	0.0053	0.0043	0.0000	-0.0028	0.0000	13.0000	0.0582	39.1663	0.0000	0.0000	0.0000	0.0000	0.0000	0.0000	0.0000	0.0000	0.0000	0.0047	0.0046	0.0000	0.0023	0.0023	0.0000	0.0023	0.0023	0.0000	0.0000	0.0000	0.0000	0.0000	0.0000	0.0000	0.0000	0.0000	0.0000	0.0057	0.0037	0.0020	0.0023	0.0022	0.0001	0.0034	0.0015	0.0019	0.0000	0.0000	0.0000	0.0000	0.0000	0.0000	0.0000	0.0000	0.0000	0.8223	1.2503	0.0102	1.0139	1.0364	0.1674	0.6912	1.5771	0.0053	
47	73	0.0489	5	0	2	0	0	0	0	0	0	N	Y	N	N	N	N	N	N	N	N	N	N	0.0000	0.0000	0.0000	0.0000	0.0000	0.0000	0.0000	0.0000	0.0000	0.0000	0.0000	0.0000	0.0000	0.0000	0.0000	0.0000	0.0000	0.0000	0.0101	0.0079	0.0143	0.0150	0.0125	0.0994	0.0065	0.0002	0.0112	0.9445	0.0000	-0.0000	0.0000	3.0003	0.0582	18.1082	0.0000	0.0000	0.0000	0.0000	0.0000	0.0000	0.0000	0.0000	0.0000	0.0000	0.0000	0.0000	0.0000	0.0000	0.0000	0.0000	0.0000	0.0000	0.0000	0.0000	0.0000	0.0000	0.0000	0.0000	0.0000	0.0000	0.0000	0.0027	0.0018	0.0009	0.0011	0.0011	0.0000	0.0016	0.0007	0.0009	0.0000	0.0000	0.0000	0.0000	0.0000	0.0000	0.0000	0.0000	0.0000	0.0101	0.0079	0.0143	0.0150	0.0125	0.0994	0.0065	0.0002	0.0112	
47	74	0.0166	4	0	2	0	0	0	0	0	0	N	Y	N	N	N	N	N	N	N	N	N	N	11.3396	4.5813	1353.2814	20.6867	20.3240	0.0000	8.5346	0.0000	1327.4349	8.3919	5.1400	22.8445	18.4694	18.4856	0.0000	5.4294	0.0000	22.8693	0.7400	1.1219	0.0169	0.8928	0.9095	0.0011	0.6362	1.4502	0.0172	1.0000	0.0079	-0.0000	-0.0015	0.0000	7.0046	0.0582	18.1036	0.0000	0.0000	0.0000	0.0000	0.0000	0.0000	0.0000	0.0000	0.0000	0.0025	0.0025	0.0000	0.0012	0.0012	0.0000	0.0013	0.0013	0.0000	0.0000	0.0000	0.0000	0.0000	0.0000	0.0000	0.0000	0.0000	0.0000	0.0034	0.0022	0.0012	0.0014	0.0014	0.0000	0.0020	0.0009	0.0012	11.3396	4.5813	1353.2814	20.6867	20.3240	0.0000	8.5346	0.0000	1327.4349	0.7400	1.1219	0.0169	0.8928	0.9095	0.0011	0.6362	1.4502	0.0172
47	75	0.0132	3	0	1	0	0	0	0	0	0	N	N	N	N	N	N	N	N	N	N	N	N	11.6908	8.2266	28.0142	21.3555	21.0569	0.0000	8.9148	0.0000	27.5643	0.7312	0.4371	2.2362	1.6381	1.6395	0.0000	0.4707	0.0000	2.2387	0.0625	0.0531	0.0798	0.0767	0.0779	0.0065	0.0528	0.0128	0.0812	1.0000	0.8190	-0.0000	-0.0000	0.0000	0.2435	0.0582	3.2922	0.0000	0.0000	0.0000	0.0000	0.0000	0.0000	0.0000	0.0000	0.0000	0.0000	0.0000	0.0000	0.0000	0.0000	0.0000	0.0000	0.0000	0.0000	0.0000	0.0000	0.0000	0.0000	0.0000	0.0000	0.0000	0.0000	0.0000	0.0005	0.0003	0.0002	0.0002	0.0002	0.0000	0.0003	0.0001	0.0002	11.6908	8.2266	28.0142	21.3555	21.0569	0.0000	8.9148	0.0000	27.5643	0.0625	0.0531	0.0798	0.0767	0.0779	0.0065	0.0528	0.0128	0.0812
47	77	0.0639	8	0	2	0	0	0	0	0	0	N	Y	N	N	N	N	N	N	N	N	N	N	0.0000	0.0000	0.0000	0.0000	0.0000	0.0000	0.0000	0.0000	0.0000	0.0000	0.0000	0.0000	0.0000	0.0000	0.0000	0.0000	0.0000	0.0000	0.0949	0.0900	0.1028	0.1307	0.1325	0.0055	0.0684	0.0000	0.1044	0.7088	0.0000	-0.0001	0.0000	8.6571	0.0582	16.0761	0.0000	0.0000	0.0000	0.0000	0.0000	0.0000	0.0000	0.0000	0.0000	0.0003	0.0002	0.0001	0.0002	0.0002	0.0000	0.0001	0.0000	0.0001	0.0000	0.0000	0.0000	0.0000	0.0000	0.0000	0.0000	0.0000	0.0000	0.0033	0.0020	0.0013	0.0014	0.0014	0.0000	0.0019	0.0007	0.0012	0.0000	0.0000	0.0000	0.0000	0.0000	0.0000	0.0000	0.0000	0.0000	0.0949	0.0900	0.1028	0.1307	0.1325	0.0055	0.0684	0.0000	0.1044	
47	78	0.0635	7	0	2	0	0	0	0	0	0	N	Y	N	N	N	N	N	N	N	N	N	N	0.0000	0.0000	0.0000	0.0000	0.0000	0.0000	0.0000	0.0000	0.0000	0.0000	0.0000	0.0000	0.0000	0.0000	0.0000	0.0000	0.0000	0.0000	0.6706	0.4482	1.1191	0.6419	0.6581	0.0026	0.6956	0.0011	1.1592	1.2380	0.0000	-0.0000	0.0000	0.3645	0.0582	1.9845	0.0000	0.0000	0.0000	0.0000	0.0000	0.0000	0.0000	0.0000	0.0000	0.0003	0.0001	0.0002	0.0001	0.0001	0.0000	0.0002	0.0000	0.0002	0.0000	0.0000	0.0000	0.0000	0.0000	0.0000	0.0000	0.0000	0.0000	0.0005	0.0003	0.0002	0.0002	0.0002	0.0000	0.0002	0.0001	0.0001	0.0000	0.0000	0.0000	0.0000	0.0000	0.0000	0.0000	0.0000	0.0000	0.6706	0.4482	1.1191	0.6419	0.6581	0.0026	0.6956	0.0011	1.1592	
47	79	0.0540	6	0	1	0	0	0	0	0	0	N	N	N	N	N	N	N	N	N	N	N	N	0.0000	0.0000	0.0000	0.0000	0.0000	0.0000	0.0000	0.0000	0.0000	0.0000	0.0000	0.0000	0.0000	0.0000	0.0000	0.0000	0.0000	0.0000	0.0036	0.0045	0.0019	0.0047	0.0045	0.0076	0.0029	0.0046	0.0016	0.2176	0.0000	-0.0000	0.0000	2.9108	0.0582	14.2456	0.0000	0.0000	0.0000	0.0000	0.0000	0.0000	0.0000	0.0000	0.0000	0.0000	0.0000	0.0000	0.0000	0.0000	0.0000	0.0000	0.0000	0.0000	0.0000	0.0000	0.0000	0.0000	0.0000	0.0000	0.0000	0.0000	0.0000	0.0022	0.0015	0.0008	0.0010	0.0009	0.0000	0.0012	0.0005	0.0007	0.0000	0.0000	0.0000	0.0000	0.0000	0.0000	0.0000	0.0000	0.0000	0.0036	0.0045	0.0019	0.0047	0.0045	0.0076	0.0029	0.0046	0.0016	
47	80	0.0489	5	0	1	0	0	0	0	0	0	N	N	N	N	N	N	N	N	N	N	N	N	0.0000	0.0000	0.0000	0.0000	0.0000	0.0000	0.0000	0.0000	0.0000	0.0000	0.0000	0.0000	0.0000	0.0000	0.0000	0.0000	0.0000	0.0000	0.4010	0.5853	0.0314	0.4885	0.4844	0.6112	0.3333	0.7594	0.0061	0.0267	0.0000	-0.0003	0.0000	0.1009	0.0582	7.5203	0.0000	0.0000	0.0000	0.0000	0.0000	0.0000	0.0000	0.0000	0.0000	0.0005	0.0005	0.0000	0.0002	0.0002	0.0000	0.0002	0.0002	0.0000	0.0000	0.0000	0.0000	0.0000	0.0000	0.0000	0.0000	0.0000	0.0000	0.0012	0.0008	0.0004	0.0005	0.0005	0.0000	0.0006	0.0003	0.0004	0.0000	0.0000	0.0000	0.0000	0.0000	0.0000	0.0000	0.0000	0.0000	0.4010	0.5853	0.0314	0.4885	0.4844	0.6112	0.3333	0.7594	0.0061	
47	81	0.0464	4	0	1	0	0	0	0	0	0	N	N	N	N	N	N	N	N	N	N	N	N	0.0000	0.0000	0.0000	0.0000	0.0000	0.0000	0.0000	0.0000	0.0000	0.0000	0.0000	0.0000	0.0000	0.0000	0.0000	0.0000	0.0000	0.0000	0.0178	0.0234	0.0075	0.0227	0.0219	0.0598	0.0141	0.0261	0.0060	0.1735	0.0000	-0.0000	0.0000	0.0014	0.0582	3.7882	0.0000	0.0000	0.0000	0.0000	0.0000	0.0000	0.0000	0.0000	0.0000	0.0000	0.0000	0.0000	0.0000	0.0000	0.0000	0.0000	0.0000	0.0000	0.0000	0.0000	0.0000	0.0000	0.0000	0.0000	0.0000	0.0000	0.0000	0.0006	0.0004	0.0002	0.0002	0.0002	0.0000	0.0003	0.0001	0.0002	0.0000	0.0000	0.0000	0.0000	0.0000	0.0000	0.0000	0.0000	0.0000	0.0178	0.0234	0.0075	0.0227	0.0219	0.0598	0.0141	0.0261	0.0060	
47	82	0.0621	7	0	2	0	0	0	0	0	0	N	Y	N	N	N	N	N	N	N	N	N	N	0.0000	0.0000	0.0000	0.0000	0.0000	0.0000	0.0000	0.0000	0.0000	0.0000	0.0000	0.0000	0.0000	0.0000	0.0000	0.0000	0.0000	0.0000	0.1301	0.0980	0.1935	0.1903	0.1565	1.7072	0.0852	0.0000	0.1503	1.0000	0.0000	-0.0001	0.0000	7.9116	0.0582	21.1247	0.0000	0.0000	0.0000	0.0000	0.0000	0.0000	0.0000	0.0000	0.0000	0.0005	0.0002	0.0002	0.0003	0.0002	0.0001	0.0002	0.0000	0.0002	0.0000	0.0000	0.0000	0.0000	0.0000	0.0000	0.0000	0.0000	0.0000	0.0037	0.0025	0.0012	0.0016	0.0015	0.0000	0.0021	0.0009	0.0012	0.0000	0.0000	0.0000	0.0000	0.0000	0.0000	0.0000	0.0000	0.0000	0.1301	0.0980	0.1935	0.1903	0.1565	1.3924	0.0852	0.0000	0.1503	
47	83	0.0800	8	1	2	0	0	0	0	0	0	N	Y	N	N	N	N	N	N	N	N	N	N	0.0000	0.0000	0.0000	0.0000	0.0000	0.0000	0.0000	0.0000	0.0000	0.0000	0.0000	0.0000	0.0000	0.0000	0.0000	0.0000	0.0000	0.0000	0.0000	0.0000	0.0000	0.0000	0.0582	1.8333	0.0000	0.0000	0.0000	0.0000	0.0000	0.0000	0.0000	0.0000	0.0000	0.0000	0.0000	0.0000	0.0000	0.0000	0.0000	0.0000	0.0000	0.0000	0.0000	0.0000	0.0000	0.0000	0.0000	0.0000	0.0000	0.0000	0.0000	0.0003	0.0002	0.0001	0.0001	0.0001	0.0000	0.0002	0.0001	0.0001	0.0000	0.0000	0.0000	0.0000	0.0000	0.0000	0.0000	0.0000	0.0000	0.0000	0.0000	0.0000	0.0000	0.0000	0.0000	0.0000	0.0000	0.0000											
47	84	0.0621	7	1	2	0	0	0	0	0	0	N	Y	N	N	N	N	N	N	N	N	N	N	0.0000	0.0000	0.0000	0.0000	0.0000	0.0000	0.0000	0.0000	0.0000	0.0000	0.0000	0.0000	0.0000	0.0000	0.0000	0.0000	0.0000	0.0000	0.0005	0.0004	0.0007	0.0007	0.0006	0.0033	0.0004	0.0001	0.0006	0.8485	0.0000	-0.0000	0.0000	6.9552	0.0582	13.1226	0.0000	0.0000	0.0000	0.0000	0.0000	0.0000	0.0000	0.0000	0.0000	0.0000	0.0000	0.0000	0.0000	0.0000	0.0000	0.0000	0.0000	0.0000	0.0000	0.0000	0.0000	0.0000	0.0000	0.0000	0.0000	0.0000	0.0000	0.0027	0.0018	0.0009	0.0012	0.0012	0.0000	0.0016	0.0007	0.0009	0.0000	0.0000	0.0000	0.0000	0.0000	0.0000	0.0000	0.0000	0.0000	0.0005	0.0004	0.0007	0.0007	0.0006	0.0033	0.0004	0.0001	0.0006	
47	85	0.0591	6	0	2	0	0	0	0	0	0	N	Y	N	N	N	N	N	N	N	N	N	N	0.0000	0.0000	0.0000	0.0000	0.0000	0.0000	0.0000	0.0000	0.0000	0.0000	0.0000	0.0000	0.0000	0.0000	0.0000	0.0000	0.0000	0.0000	0.0097	0.0125	0.0045	0.0130	0.0115	0.0769	0.0072	0.0143	0.0024	0.1942	0.0000	-0.0000	0.0000	0.3374	0.0582	6.1146	0.0000	0.0000	0.0000	0.0000	0.0000	0.0000	0.0000	0.0000	0.0000	0.0000	0.0000	0.0000	0.0000	0.0000	0.0000	0.0000	0.0000	0.0000	0.0000	0.0000	0.0000	0.0000	0.0000	0.0000	0.0000	0.0000	0.0000	0.0010	0.0006	0.0003	0.0004	0.0004	0.0000	0.0006	0.0002	0.0003	0.0000	0.0000	0.0000	0.0000	0.0000	0.0000	0.0000	0.0000	0.0000	0.0097	0.0125	0.0045	0.0130	0.0115	0.0769	0.0072	0.0143	0.0024	
47	86	0.0591	6	0	2	0	0	0	0	0	0	N	Y	N	N	N	N	N	N	N	N	N	N	0.0000	0.0000	0.0000	0.0000	0.0000	0.0000	0.0000	0.0000	0.0000	0.0000	0.0000	0.0000	0.0000	0.0000	0.0000	0.0000	0.0000	0.0000	0.6872	1.0383	0.0199	0.7996	0.8203	0.0105	0.6060	1.3994	0.0202	0.0101	0.0000	-0.0012	0.0000	11.0342	0.0582	12.7513	0.0000	0.0000	0.0000	0.0000	0.0000	0.0000	0.0000	0.0000	0.0000	0.0020	0.0020	0.0000	0.0010	0.0010	0.0000	0.0010	0.0010	0.0000	0.0000	0.0000	0.0000	0.0000	0.0000	0.0000	0.0000	0.0000	0.0000	0.0030	0.0020	0.0010	0.0012	0.0012	0.0000	0.0017	0.0007	0.0010	0.0000	0.0000	0.0000	0.0000	0.0000	0.0000	0.0000	0.0000	0.0000	0.6872	1.0383	0.0199	0.7996	0.8203	0.0105	0.6060	1.3994	0.0202	
47	87	0.0514	5	0	2	0	0	0	0	0	0	N	Y	N	N	N	N	N	N	N	N	N	N	0.0000	0.0000	0.0000	0.0000	0.0000	0.0000	0.0000	0.0000	0.0000	0.0000	0.0000	0.0000	0.0000	0.0000	0.0000	0.0000	0.0000	0.0000	0.0016	0.0021	0.0007	0.0020	0.0020	0.0022	0.0014	0.0024	0.0007	0.1836	0.0000	-0.0000	0.0000	3.9739	0.0582	6.2820	0.0000	0.0000	0.0000	0.0000	0.0000	0.0000	0.0000	0.0000	0.0000	0.0000	0.0000	0.0000	0.0000	0.0000	0.0000	0.0000	0.0000	0.0000	0.0000	0.0000	0.0000	0.0000	0.0000	0.0000	0.0000	0.0000	0.0000	0.0013	0.0009	0.0005	0.0006	0.0005	0.0000	0.0008	0.0003	0.0005	0.0000	0.0000	0.0000	0.0000	0.0000	0.0000	0.0000	0.0000	0.0000	0.0016	0.0021	0.0007	0.0020	0.0020	0.0022	0.0014	0.0024	0.0007	
47	88	0.0464	4	0	2	0	0	0	0	0	0	N	Y	N	N	N	N	N	N	N	N	N	N	0.0000	0.0000	0.0000	0.0000	0.0000	0.0000	0.0000	0.0000	0.0000	0.0000	0.0000	0.0000	0.0000	0.0000	0.0000	0.0000	0.0000	0.0000	0.0007	0.0006	0.0008	0.0013	0.0008	0.0197	0.0002	0.0002	0.0003	0.7420	0.0000	-0.0000	0.0000	0.0056	0.0582	5.7021	0.0000	0.0000	0.0000	0.0000	0.0000	0.0000	0.0000	0.0000	0.0000	0.0000	0.0000	0.0000	0.0000	0.0000	0.0000	0.0000	0.0000	0.0000	0.0000	0.0000	0.0000	0.0000	0.0000	0.0000	0.0000	0.0000	0.0000	0.0008	0.0005	0.0003	0.0003	0.0003	0.0000	0.0005	0.0002	0.0003	0.0000	0.0000	0.0000	0.0000	0.0000	0.0000	0.0000	0.0000	0.0000	0.0007	0.0006	0.0008	0.0013	0.0008	0.0197	0.0002	0.0002	0.0003	
47	92	0.1348	8	0	1	0	0	0	0	0	0	N	N	N	N	N	N	N	N	N	N	N	N	8.3151	6.4053	17.7212	11.8344	11.8684	0.0812	6.5937	2.9227	18.3711	4.1945	3.7837	6.2389	6.3420	6.4811	0.0251	3.1326	2.0677	6.5153	0.5044	0.5907	0.3521	0.5359	0.5461	0.3096	0.4751	0.7075	0.3546	0.3314	0.3374	-0.0000	-0.0014	0.0000	24.8682	0.0582	39.8855	0.0000	0.0000	0.0000	0.0000	0.0000	0.0000	0.0000	0.0000	0.0000	0.0040	0.0030	0.0010	0.0020	0.0020	0.0001	0.0019	0.0010	0.0009	0.0000	0.0000	0.0000	0.0000	0.0000	0.0000	0.0000	0.0000	0.0000	0.0078	0.0050	0.0028	0.0038	0.0036	0.0002	0.0041	0.0014	0.0027	8.3151	6.4053	17.7212	11.8344	11.8684	0.0812	6.5937	2.9227	18.3711	0.5044	0.5907	0.3521	0.5359	0.5461	0.3096	0.4751	0.7075	0.3546
48	50	0.0763	10	0	1	1	0	0	0	0	0	N	N	N	N	N	N	N	N	N	N	N	N	inf	inf	inf	inf	0.0530	0.0636	0.0000	0.1008	0.1021	0.0000	0.0000	0.0000	0.0000	0.0000	0.0000	0.0000	0.0000	0.0000	0.0000	0.0000	0.0000	0.0000	0.0000	-0.0000	0.0000	0.0018	0.0004	3.9096	0.9852	0.0000	0.0000	0.0000	0.0000	0.0000	0.0000	0.0000	0.0000	0.0000	0.0000	0.0000	0.0000	0.0000	0.0000	0.0000	0.0000	0.0000	0.0000	0.0000	0.0000	0.0000	0.0000	0.0000	0.0000	0.0000	0.0000	0.0000	0.0037	0.0025	0.0012	0.0014	0.0013	0.0002	0.0023	0.0012	0.0011	inf	inf	0.0000	inf	inf	0.0000	0.0000	0.0000	0.0000	0.0000	0.0000	0.0000	0.0000	0.0000	0.0000	0.0000	0.0000	0.0000						
48	51	0.0654	9	0	1	0	0	0	0	0	0	N	N	N	N	N	N	N	N	N	N	N	N	0.1234	0.1658	0.0000	0.1389	0.1299	0.0000	0.0200	3714.8204	0.0000	0.0474	0.0525	0.0000	0.0843	0.0871	0.0000	0.0054	0.0065	0.0000	0.3843	0.3167	0.5102	0.6069	0.6707	0.0000	0.2700	0.0000	0.5621	0.0000	0.8662	-0.0000	-0.0049	0.0018	10.7574	3.9096	12.9024	0.0000	0.0000	0.0000	0.0000	0.0000	0.0000	0.0000	0.0000	0.0000	0.0327	0.0175	0.0152	0.0175	0.0175	0.0000	0.0152	0.0000	0.0152	0.0002	0.0002	0.0000	0.0001	0.0001	0.0000	0.0001	0.0001	0.0000	0.0850	0.0553	0.0297	0.0288	0.0261	0.0027	0.0562	0.0292	0.0270	0.1234	0.1658	0.0000	0.1389	0.1299	0.0000	0.0200	3714.8204	0.0000	0.3843	0.3167	0.5102	0.6069	0.6707	0.0000	0.2700	0.0000	0.5621
48	52	0.0640	8	0	1	0	0	0	0	0	0	N	N	N	N	N	N	N	N	N	N	N	N	258.9613	294.9394	0.0000	0.0005	0.0004	0.0000	943.8303	10659.9465	0.0000	12.1543	13.5982	0.0000	0.0000	0.0000	0.0000	26.3272	31.9614	0.0000	0.0469	0.0461	0.0484	0.0827	0.0908	0.0001	0.0279	0.0030	0.0530	0.0000	0.5801	-0.0004	-0.0002	0.0018	2.6694	3.9096	2.4027	0.0008	0.0008	0.0000	0.0000	0.0000	0.0000	0.0008	0.0008	0.0000	0.0009	0.0006	0.0003	0.0006	0.0006	0.0000	0.0004	0.0000	0.0003	0.0001	0.0001	0.0000	0.0000	0.0000	0.0000	0.0000	0.0000	0.0000	0.0202	0.0130	0.0072	0.0070	0.0064	0.0006	0.0132	0.0066	0.0066	258.9613	294.9394	0.0000	0.0005	0.0004	0.0000	943.8303	10659.9465	0.0000	0.0469	0.0461	0.0484	0.0827	0.0908	0.0001	0.0279	0.0030	0.0530
48	53	0.0588	7	0	1	0	0	0	0	0	0	N	N	N	N	N	N	N	N	N	N	N	N	90.8947	2805.0329	0.0000	0.0338	0.0458	0.0000	90.8091	560722.3978	0.0000	1.9303	2.2204	0.0000	0.0001	0.0001	0.0000	2.8246	3.3379	0.0000	0.0212	0.0008	0.0594	0.0021	0.0017	0.0060	0.0311	0.0000	0.0650	0.0000	40.1845	-0.0002	0.0004	0.0018	8.6921	3.9096	5.3599	0.0003	0.0003	0.0000	0.0000	0.0000	0.0000	0.0003	0.0003	0.0000	0.0011	0.0000	0.0011	0.0000	0.0000	0.0000	0.0010	0.0000	0.0010	0.0002	0.0001	0.0000	0.0001	0.0000	0.0000	0.0001	0.0001	0.0000	0.0511	0.0333	0.0178	0.0174	0.0157	0.0017	0.0337	0.0176	0.0161	90.8947	2805.0329	0.0000	0.0338	0.0458	0.0000	90.8091	560722.3978	0.0000	0.0212	0.0008	0.0594	0.0021	0.0017	0.0060	0.0311	0.0000	0.0650
48	54	0.0585	6	0	1	0	0	0	0	0	0	N	N	N	N	N	N	N	N	N	N	N	N	30.0220	34.4804	0.0709	0.6335	0.5876	0.0000	48.2877	82.4441	0.0669	0.1122	0.1263	0.0003	0.0029	0.0029	0.0000	0.1583	0.1875	0.0003	0.0037	0.0037	0.0039	0.0046	0.0050	0.0001	0.0033	0.0023	0.0042	0.0003	0.6047	-0.0000	-0.0000	0.0018	1.8652	3.9096	1.4001	0.0000	0.0000	0.0000	0.0000	0.0000	0.0000	0.0000	0.0000	0.0000	0.0001	0.0000	0.0000	0.0000	0.0000	0.0000	0.0000	0.0000	0.0000	0.0000	0.0000	0.0000	0.0000	0.0000	0.0000	0.0000	0.0000	0.0000	0.0138	0.0088	0.0050	0.0050	0.0046	0.0004	0.0089	0.0042	0.0046	30.0220	34.4804	0.0709	0.6335	0.5876	0.0000	48.2877	82.4441	0.0669	0.0037	0.0037	0.0039	0.0046	0.0050	0.0001	0.0033	0.0023	0.0042
48	55	0.0540	5	0	1	0	0	0	0	0	0	N	N	N	N	N	N	N	N	N	N	N	N	0.0029	0.0022	0.0000	0.0566	0.0509	0.0000	0.0016	0.0010	0.0000	0.0011	0.0012	0.0000	0.0014	0.0014	0.0000	0.0010	0.0012	0.0000	0.3754	0.5578	0.0020	0.0254	0.0285	0.0000	0.5931	1.1085	0.0023	0.0000	0.0018	-0.0000	-0.0084	0.0018	2.5292	3.9096	4.9772	0.0000	0.0000	0.0000	0.0000	0.0000	0.0000	0.0000	0.0000	0.0000	0.0137	0.0137	0.0000	0.0004	0.0004	0.0000	0.0133	0.0133	0.0000	0.0000	0.0000	0.0000	0.0000	0.0000	0.0000	0.0000	0.0000	0.0000	0.0365	0.0245	0.0120	0.0140	0.0125	0.0015	0.0225	0.0120	0.0105	0.0029	0.0022	0.0000	0.0566	0.0509	0.0000	0.0016	0.0010	0.0000	0.3754	0.5578	0.0020	0.0254	0.0285	0.0000	0.5931	1.1085	0.0023
48	56	0.0132	2	1	2	0	0	0	0	0	0	N	Y	N	N	N	N	N	N	N	N	N	N	0.0000	0.0000	0.0000	0.0000	0.0000	0.0000	0.0000	0.0000	0.0000	0.0000	0.0000	0.0000	0.0000	0.0000	0.0000	0.1225	0.0000	0.3073	0.0090	0.0000	0.6004	0.1604	0.0000	0.3046	inf	0.0000	0.0023	0.0018	0.0000	3.9096	10.9971	0.0000	0.0000	0.0000	0.0000	0.0000	0.0000	0.0000	0.0000	0.0000	0.0060	0.0000	0.0060	0.0001	0.0000	0.0001	0.0058	0.0000	0.0058	0.0000	0.0000	0.0000	0.0000	0.0000	0.0000	0.0000	0.0000	0.0000	0.0486	0.0292	0.0194	0.0122	0.0120	0.0002	0.0364	0.0172	0.0192	0.0000	0.0000	0.0000	0.0000	0.0000	0.0000	0.0000	0.0000	0.0000	0.1225	0.0000	0.3073	0.0090	0.0000	0.6004	0.1604	0.0000	0.3046				
48	57	0.1348	7	0	1	0	0	0	0	0	0	N	N	N	N	N	N	N	N	N	N	N	N	0.0258	0.0604	0.0053	0.0619	0.0588	0.1160	0.0028	0.0000	0.0025	0.0003	0.0004	0.0001	0.0006	0.0006	0.0009	0.0000	0.0000	0.0001	0.0121	0.0065	0.0245	0.0100	0.0102	0.0077	0.0141	0.0002	0.0283	0.1516	1.6707	-0.0000	0.0000	0.0018	7.8198	3.9096	21.5823	0.0000	0.0000	0.0000	0.0000	0.0000	0.0000	0.0000	0.0000	0.0000	0.0015	0.0006	0.0010	0.0006	0.0006	0.0001	0.0009	0.0000	0.0009	0.0005	0.0003	0.0001	0.0002	0.0002	0.0000	0.0002	0.0001	0.0001	0.1261	0.0873	0.0388	0.0622	0.0551	0.0071	0.0639	0.0322	0.0317	0.0258	0.0604	0.0053	0.0619	0.0588	0.1160	0.0028	0.0000	0.0025	0.0121	0.0065	0.0245	0.0100	0.0102	0.0077	0.0141	0.0002	0.0283
48	58	0.0490	6	1	2	1	0	0	0	0	0	N	Y	N	N	N	N	N	N	N	N	N	N	0.0000	0.0000	0.0000	0.0000	0.0000	0.0000	0.0000	0.0000	0.0000	0.0000	0.0000	0.0000	0.0000	0.0000	0.0000	0.0000	0.0000	0.0030	0.0048	0.0001	0.0125	0.0130	0.0000	0.0000	0.0000	0.0001	0.0083	0.0000	-0.0001	0.0018	2.0055	3.9096	11.8091	0.0000	0.0000	0.0000	0.0000	0.0000	0.0000	0.0000	0.0000	0.0000	0.0002	0.0002	0.0000	0.0002	0.0002	0.0000	0.0000	0.0000	0.0000	0.0000	0.0000	0.0000	0.0000	0.0000	0.0000	0.0000	0.0000	0.0000	0.0514	0.0323	0.0190	0.0123	0.0118	0.0005	0.0390	0.0205	0.0185	0.0000	0.0000	0.0000	0.0000	0.0000	0.0000	0.0000	0.0000	0.0000	0.0030	0.0048	0.0001	0.0125	0.0130	0.0000	0.0000	0.0000	0.0001		
48	59	0.0435	5	1	1	1	0	0	0	0	0	N	N	N	N	N	N	N	N	N	N	N	N	0.0000	0.0000	0.0000	0.0000	0.0000	0.0000	0.0000	0.0000	0.0000	0.0000	0.0000	0.0000	0.0000	0.0000	0.0000	0.0000	0.0000	0.0000	0.4745	0.7258	0.0208	1.5867	1.6428	0.0013	0.0124	0.0037	0.0214	0.0159	0.0000	-0.0062	0.0018	1.9951	3.9096	2.5667	0.0000	0.0000	0.0000	0.0000	0.0000	0.0000	0.0000	0.0000	0.0000	0.0103	0.0102	0.0002	0.0101	0.0101	0.0000	0.0002	0.0000	0.0002	0.0000	0.0000	0.0000	0.0000	0.0000	0.0000	0.0000	0.0000	0.0000	0.0218	0.0140	0.0078	0.0064	0.0062	0.0002	0.0154	0.0078	0.0075	0.0000	0.0000	0.0000	0.0000	0.0000	0.0000	0.0000	0.0000	0.0000	0.4745	0.7258	0.0208	1.5867	1.6428	0.0013	0.0124	0.0037	0.0214	
48	60	0.0368	4	1	1	1	0	0	0	0	0	N	N	N	N	N	N	N	N	N	N	N	N	5.5093	4.6878	0.0000	8.1467	7.2391	0.0000	0.0000	0.0000	0.0000	0.1589	0.1845	0.0000	0.4435	0.4444	0.0000	0.0000	0.0000	0.0000	0.0288	0.0394	0.0007	0.0544	0.0614	0.0012	0.0095	0.0152	0.0006	0.0000	0.0071	-0.0000	-0.0003	0.0018	0.0108	3.9096	3.6229	0.0000	0.0000	0.0000	0.0000	0.0000	0.0000	0.0000	0.0000	0.0000	0.0005	0.0005	0.0000	0.0004	0.0004	0.0000	0.0001	0.0001	0.0000	0.0000	0.0000	0.0000	0.0000	0.0000	0.0000	0.0000	0.0000	0.0000	0.0179	0.0130	0.0049	0.0077	0.0068	0.0009	0.0102	0.0062	0.0040	5.5093	4.6878	0.0000	8.1467	7.2391	0.0000	0.0000	0.0000	0.0000	0.0288	0.0394	0.0007	0.0544	0.0614	0.0012	0.0095	0.0152	0.0006
48	61	0.0551	5	0	2	0	0	0	0	0	0	N	Y	N	N	N	N	N	N	N	N	N	N	0.0000	0.0000	0.0000	0.0000	0.0000	0.0000	0.0000	0.0000	0.0000	0.0000	0.0000	0.0000	0.0000	0.0000	0.0000	0.0000	0.0000	0.0000	0.0027	0.0040	0.0000	0.0080	0.0083	0.0000	0.0000	0.0000	0.0000	0.0006	0.0000	-0.0001	0.0018	4.0917	3.9096	8.0988	0.0000	0.0000	0.0000	0.0000	0.0000	0.0000	0.0000	0.0000	0.0000	0.0002	0.0002	0.0000	0.0002	0.0002	0.0000	0.0000	0.0000	0.0000	0.0001	0.0001	0.0000	0.0000	0.0000	0.0000	0.0001	0.0000	0.0000	0.0599	0.0402	0.0197	0.0200	0.0193	0.0007	0.0399	0.0209	0.0190	0.0000	0.0000	0.0000	0.0000	0.0000	0.0000	0.0000	0.0000	0.0000	0.0027	0.0040	0.0000	0.0080	0.0083	0.0000	0.0000	0.0000	0.0000	
48	62	0.0514	4	0	2	0	0	0	0	0	0	N	Y	N	N	N	N	N	N	N	N	N	N	0.0013	0.0011	0.0000	0.0027	0.0026	0.0000	0.0000	0.0000	0.0000	0.0001	0.0001	0.0000	0.0003	0.0003	0.0000	0.0000	0.0000	0.0000	0.0541	0.0736	0.0209	0.1074	0.1125	0.0006	0.0329	0.0441	0.0216	0.0000	0.1663	-0.0000	-0.0008	0.0018	2.1165	3.9096	5.0852	0.0000	0.0000	0.0000	0.0000	0.0000	0.0000	0.0000	0.0000	0.0000	0.0017	0.0014	0.0002	0.0009	0.0009	0.0000	0.0007	0.0005	0.0002	0.0000	0.0000	0.0000	0.0000	0.0000	0.0000	0.0000	0.0000	0.0000	0.0306	0.0193	0.0113	0.0087	0.0083	0.0004	0.0219	0.0109	0.0109	0.0013	0.0011	0.0000	0.0027	0.0026	0.0000	0.0000	0.0000	0.0000	0.0541	0.0736	0.0209	0.1074	0.1125	0.0006	0.0329	0.0441	0.0216
48	63	0.0368	4	1	1	1	0	0	0	0	0	N	N	N	N	N	N	N	N	N	N	N	N	1.0197	0.0000	4.9977	0.0000	0.0000	0.0000	1.3329	0.0000	4.6643	0.1459	0.0000	1.3858	0.0000	0.0000	0.0000	0.1966	0.0000	1.3939	0.1430	0.0524	0.2773	0.1289	0.1467	0.0000	0.1475	0.0010	0.2988	inf	3.5750	0.0000	0.0010	0.0018	3.9990	3.9096	8.8702	0.0000	0.0000	0.0000	0.0000	0.0000	0.0000	0.0000	0.0000	0.0000	0.0059	0.0013	0.0046	0.0013	0.0013	0.0000	0.0046	0.0000	0.0046	0.0001	0.0001	0.0000	0.0000	0.0000	0.0000	0.0001	0.0000	0.0000	0.0410	0.0245	0.0165	0.0098	0.0086	0.0012	0.0312	0.0158	0.0153	1.0197	0.0000	4.9977	0.0000	0.0000	0.0000	1.3329	0.0000	4.6643	0.1430	0.0524	0.2773	0.1289	0.1467	0.0000	0.1475	0.0010	0.2988
48	64	0.0166	3	1	1	1	0	0	0	0	0	N	N	N	N	N	N	N	N	N	N	N	N	0.0827	0.0269	3.4025	0.0489	0.0483	0.0000	1.0205	0.0000	3.6142	0.0011	0.0005	0.0048	0.0020	0.0020	0.0000	0.0008	0.0000	0.0048	0.0128	0.0199	0.0014	0.0408	0.0413	0.0078	0.0008	0.0001	0.0013	1.2492	0.0446	0.0000	-0.0004	0.0018	3.9972	3.9096	6.8232	0.0000	0.0000	0.0000	0.0000	0.0000	0.0000	0.0000	0.0000	0.0000	0.0007	0.0007	0.0000	0.0007	0.0007	0.0000	0.0000	0.0000	0.0000	0.0001	0.0001	0.0000	0.0000	0.0000	0.0000	0.0000	0.0000	0.0000	0.0586	0.0360	0.0226	0.0176	0.0173	0.0003	0.0410	0.0187	0.0223	0.0827	0.0269	3.4025	0.0489	0.0483	0.0000	1.0205	0.0000	3.6142	0.0128	0.0199	0.0014	0.0408	0.0413	0.0078	0.0008	0.0001	0.0013
48	65	0.0590	5	0	2	0	0	0	0	0	0	N	Y	N	N	N	N	N	N	N	N	N	N	0.0003	0.0000	0.1161	0.0034	0.0000	411.3307	0.0001	0.0000	0.0672	0.0009	0.0000	0.0070	0.0010	0.0000	0.1600	0.0008	0.0000	0.0050	3.4061	4.9685	0.0606	0.2908	0.3423	0.0004	5.4609	9.5081	0.0745	inf	0.0057	0.0000	-0.4609	0.0018	15.6632	3.9096	35.0639	0.0000	0.0000	0.0000	0.0000	0.0000	0.0000	0.0000	0.0000	0.0000	0.7567	0.7524	0.0043	0.0257	0.0257	0.0000	0.7310	0.7267	0.0043	0.0002	0.0002	0.0000	0.0001	0.0001	0.0000	0.0002	0.0002	0.0000	0.2222	0.1514	0.0707	0.0883	0.0750	0.0133	0.1339	0.0764	0.0574	0.0003	0.0000	0.1161	0.0034	0.0000	411.3307	0.0001	0.0000	0.0672	3.4061	4.9685	0.0606	0.2908	0.3423	0.0004	5.4609	9.5081	0.0745
48	66	0.0590	5	0	1	1	0	0	0	0	0	N	N	N	N	N	N	N	N	N	N	N	N	6.2529	6.5403	0.0000	0.0000	0.0000	0.0000	18.5015	102866.1514	0.0000	0.1187	0.1353	0.0000	0.0000	0.0000	0.0000	0.1618	0.1936	0.0000	0.0190	0.0207	0.0147	0.0285	0.0353	0.0000	0.0087	0.0000	0.0227	0.0000	0.2852	-0.0000	-0.0010	0.0018	4.9998	3.9096	10.1184	0.0000	0.0000	0.0000	0.0000	0.0000	0.0000	0.0000	0.0000	0.0000	0.0026	0.0020	0.0006	0.0020	0.0020	0.0000	0.0006	0.0000	0.0006	0.0001	0.0001	0.0000	0.0000	0.0000	0.0000	0.0001	0.0001	0.0000	0.1372	0.0980	0.0392	0.0711	0.0574	0.0137	0.0661	0.0406	0.0255	6.2529	6.5403	0.0000	0.0000	0.0000	0.0000	18.5015	102866.1514	0.0000	0.0190	0.0207	0.0147	0.0285	0.0353	0.0000	0.0087	0.0000	0.0227
48	67	0.0635	7	0	2	0	0	0	0	0	0	N	Y	N	N	N	N	N	N	N	N	N	N	132.1731	100.6799	0.0000	0.0000	0.0000	0.0000	185.2726	112.6832	0.0000	1.6724	1.9173	0.0000	0.0000	0.0000	0.0000	2.3687	2.7911	0.0000	0.0127	0.0190	0.0000	0.0124	0.0135	0.0000	0.0128	0.0248	0.0000	0.0000	0.0001	-0.0002	-0.0009	0.0018	10.9928	3.9096	18.5513	0.0003	0.0003	0.0000	0.0000	0.0000	0.0000	0.0003	0.0003	0.0000	0.0014	0.0014	0.0000	0.0005	0.0005	0.0000	0.0009	0.0009	0.0000	0.0002	0.0002	0.0000	0.0001	0.0001	0.0000	0.0001	0.0001	0.0000	0.1106	0.0735	0.0371	0.0407	0.0374	0.0033	0.0699	0.0361	0.0338	132.1731	100.6799	0.0000	0.0000	0.0000	0.0000	185.2726	112.6832	0.0000	0.0127	0.0190	0.0000	0.0124	0.0135	0.0000	0.0128	0.0248	0.0000
48	68	0.0635	6	0	1	0	0	0	0	0	0	N	N	N	N	N	N	N	N	N	N	N	N	4.2337	4.0400	0.0000	1.2007	1.7140	0.0000	10.5662	5.8513	0.0000	0.7031	0.8634	0.0000	0.2456	0.3270	0.0000	1.3892	1.5273	0.0000	0.1661	0.2137	0.0675	0.2045	0.1908	0.5231	0.1315	0.2610	0.0384	0.0000	0.1525	-0.0000	-0.0013	0.0018	0.0861	3.9096	1.0715	0.0000	0.0000	0.0000	0.0000	0.0000	0.0000	0.0000	0.0000	0.0000	0.0027	0.0023	0.0004	0.0016	0.0014	0.0002	0.0011	0.0009	0.0002	0.0000	0.0000	0.0000	0.0000	0.0000	0.0000	0.0000	0.0000	0.0000	0.0160	0.0108	0.0052	0.0076	0.0073	0.0003	0.0084	0.0035	0.0049	4.2337	4.0400	0.0000	1.2007	1.7140	0.0000	10.5662	5.8513	0.0000	0.1661	0.2137	0.0675	0.2045	0.1908	0.5231	0.1315	0.2610	0.0384
48	69	0.0462	4	1	1	1	0	0	0	0	0	N	N	N	N	N	N	N	N	N	N	N	N	0.0000	0.0000	0.0000	0.0000	0.0000	0.0000	0.0000	0.0000	0.0000	0.0000	0.0000	0.0000	0.0000	0.0000	0.0000	0.0000	0.0000	0.0000	0.0001	0.0000	0.0000	0.0000	0.0000	0.0000	0.0001	5.1485	0.0000	0.0000	0.0018	1.0000	3.9096	3.0001	0.0000	0.0000	0.0000	0.0000	0.0000	0.0000	0.0000	0.0000	0.0000	0.0000	0.0000	0.0000	0.0000	0.0000	0.0000	0.0000	0.0000	0.0000	0.0000	0.0000	0.0000	0.0000	0.0000	0.0000	0.0000	0.0000	0.0000	0.0155	0.0101	0.0054	0.0040	0.0039	0.0001	0.0115	0.0062	0.0053	0.0000	0.0000	0.0000	0.0000	0.0000	0.0000	0.0000	0.0000	0.0000	0.0000	0.0000	0.0001	0.0000	0.0000	0.0000	0.0000	0.0000	0.0001			
48	70	0.0462	3	1	1	1	0	0	0	0	0	N	N	N	N	N	N	N	N	N	N	N	N	0.0000	0.0000	0.0000	0.0000	0.0000	0.0000	0.0000	0.0000	0.0000	0.0000	0.0000	0.0000	0.0000	0.0000	0.0000	0.0000	0.0000	0.1035	0.0866	0.1288	0.1248	0.1254	0.0516	0.0884	0.0000	0.1295	1.0000	0.0000	-0.0000	0.0018	0.0000	3.9096	0.0009	0.0000	0.0000	0.0000	0.0000	0.0000	0.0000	0.0000	0.0000	0.0000	0.0000	0.0000	0.0000	0.0000	0.0000	0.0000	0.0000	0.0000	0.0000	0.0000	0.0000	0.0000	0.0000	0.0000	0.0000	0.0000	0.0000	0.0000	0.0000	0.0000	0.0000	0.0000	0.0000	0.0000	0.0000	0.0000	0.0000	0.0000	0.0000	0.0000	0.0000	0.0000	0.0000	0.0000	0.0000	0.0000	0.1035	0.0866	0.1288	0.1248	0.1254	0.0516	0.0884	0.0000	0.1295		
48	71	0.0132	2	1	1	1	0	0	0	0	0	N	N	N	N	N	N	N	N	N	N	N	N	0.3076	1.1806	0.0000	1.6477	1.6196	0.0000	0.0000	0.0648	0.0740	0.0000	0.2807	0.2810	0.0000	0.0000	0.0000	0.0000	0.2106	0.0627	0.4396	0.1704	0.1735	0.0000	0.2221	0.0000	0.4441	0.0000	4.5278	-0.0000	0.0038	0.0018	9.9966	3.9096	12.9129	0.0000	0.0000	0.0000	0.0000	0.0000	0.0000	0.0000	0.0000	0.0000	0.0186	0.0034	0.0152	0.0034	0.0034	0.0000	0.0152	0.0000	0.0152	0.0002	0.0001	0.0000	0.0000	0.0000	0.0000	0.0001	0.0001	0.0000	0.0884	0.0537	0.0347	0.0198	0.0194	0.0004	0.0686	0.0343	0.0343	0.3076	1.1806	0.0000	1.6477	1.6196	0.0000	0.0000	0.0000	0.0000	0.2106	0.0627	0.4396	0.1704	0.1735	0.0000	0.2221	0.0000	0.4441		
48	72	0.0464	3	0	2	0	1	0	0	0	0	N	Y	N	N	N	N	N	N	N	N	N	N	0.0000	0.0000	0.0000	0.0000	0.0000	0.0000	0.0000	0.0000	0.0000	0.0000	0.0000	0.0000	0.0000	0.0000	0.0000	0.0000	0.0000	0.0000	12.2000	17.8917	0.0005	0.1178	0.1223	0.0130	14.8222	27.4486	0.0002	0.0000	0.0000	-1.1529	0.0018	13.0000	3.9096	39.1663	0.0000	0.0000	0.0000	0.0000	0.0000	0.0000	0.0000	0.0000	0.0000	1.8755	1.8755	0.0000	0.0045	0.0045	0.0000	1.8710	1.8710	0.0000	0.0002	0.0002	0.0000	0.0000	0.0000	0.0000	0.0002	0.0001	0.0000	0.1645	0.1048	0.0596	0.0382	0.0367	0.0016	0.1262	0.0682	0.0581	0.0000	0.0000	0.0000	0.0000	0.0000	0.0000	0.0000	0.0000	0.0000	11.4039	17.8917	0.0005	0.1178	0.1223	0.0130	14.8222	27.4486	0.0002	
48	73	0.0489	4	0	2	0	0	0	0	0	0	N	Y	N	N	N	N	N	N	N	N	N	N	0.0000	0.0000	0.0000	0.0000	0.0000	0.0000	0.0000	0.0000	0.0000	0.0000	0.0000	0.0000	0.0000	0.0000	0.0000	0.0000	0.0000	0.0000	0.1862	0.2839	0.0003	0.6560	0.6963	0.0001	0.0003	0.0003	0.0004	0.0006	0.0000	-0.0097	0.0018	3.0003	3.9096	18.1082	0.0000	0.0000	0.0000	0.0000	0.0000	0.0000	0.0000	0.0000	0.0000	0.0158	0.0158	0.0000	0.0158	0.0158	0.0000	0.0000	0.0000	0.0000	0.0000	0.0000	0.0000	0.0000	0.0000	0.0000	0.0000	0.0000	0.0000	0.0849	0.0556	0.0292	0.0241	0.0227	0.0014	0.0608	0.0330	0.0278	0.0000	0.0000	0.0000	0.0000	0.0000	0.0000	0.0000	0.0000	0.0000	0.1862	0.2839	0.0003	0.6560	0.6963	0.0001	0.0003	0.0003	0.0004	
48	74	0.0166	3	0	2	0	0	0	0	0	0	N	Y	N	N	N	N	N	N	N	N	N	N	1.6384	0.0000	1105.5655	0.0000	0.0000	0.0000	1.6203	0.0000	1413.9246	0.0894	0.0000	0.7310	0.0000	0.0000	0.0000	0.1165	0.0000	0.7323	0.0546	0.0883	0.0007	0.0028	0.0026	0.0121	0.0719	0.1455	0.0005	inf	0.0047	0.0000	-0.0035	0.0018	7.0046	3.9096	18.1036	0.0000	0.0000	0.0000	0.0000	0.0000	0.0000	0.0000	0.0000	0.0000	0.0058	0.0057	0.0000	0.0001	0.0001	0.0000	0.0057	0.0057	0.0000	0.0001	0.0001	0.0000	0.0000	0.0000	0.0000	0.0001	0.0001	0.0000	0.1054	0.0649	0.0406	0.0265	0.0260	0.0005	0.0790	0.0389	0.0401	1.6384	0.0000	1105.5655	0.0000	0.0000	0.0000	1.6203	0.0000	1413.9246	0.0546	0.0883	0.0007	0.0028	0.0026	0.0121	0.0719	0.1455	0.0005
48	75	0.0132	2	0	1	0	0	0	0	0	0	N	N	N	N	N	N	N	N	N	N	N	N	0.1636	0.2196	0.1791	0.5469	0.5448	0.0000	0.0608	0.0000	0.1783	0.0476	0.0407	0.0787	0.1181	0.1181	0.0000	0.0198	0.0000	0.0788	0.2909	0.1855	0.4394	0.2159	0.2168	0.1158	0.3261	0.1488	0.4417	0.4263	1.6829	-0.0000	0.0001	0.0018	0.2435	3.9096	3.2922	0.0000	0.0000	0.0000	0.0000	0.0000	0.0000	0.0000	0.0000	0.0000	0.0064	0.0024	0.0040	0.0015	0.0015	0.0000	0.0049	0.0009	0.0040	0.0000	0.0000	0.0000	0.0000	0.0000	0.0000	0.0000	0.0000	0.0000	0.0219	0.0128	0.0091	0.0070	0.0069	0.0001	0.0149	0.0059	0.0090	0.1636	0.2196	0.1791	0.5469	0.5448	0.0000	0.0608	0.0000	0.1783	0.2909	0.1855	0.4394	0.2159	0.2168	0.1158	0.3261	0.1488	0.4417
48	77	0.0639	7	0	2	0	0	0	0	0	0	N	Y	N	N	N	N	N	N	N	N	N	N	0.1241	0.6592	0.0000	0.1520	0.8067	0.0000	0.0000	0.0000	0.0000	0.0009	0.0010	0.0000	0.0034	0.0034	0.0000	0.0000	0.0000	0.0000	0.0073	0.0015	0.0160	0.0221	0.0042	0.2316	0.0027	0.0000	0.0053	0.0000	6.9363	-0.0000	0.0001	0.0018	8.6571	3.9096	16.0761	0.0000	0.0000	0.0000	0.0000	0.0000	0.0000	0.0000	0.0000	0.0000	0.0005	0.0001	0.0004	0.0003	0.0001	0.0003	0.0001	0.0000	0.0001	0.0001	0.0001	0.0000	0.0000	0.0000	0.0000	0.0001	0.0001	0.0000	0.0642	0.0385	0.0257	0.0153	0.0141	0.0012	0.0488	0.0243	0.0245	0.1241	0.6592	0.0000	0.1520	0.8067	0.0000	0.0000	0.0000	0.0000	0.0073	0.0015	0.0160	0.0221	0.0042	0.2316	0.0027	0.0000	0.0053
48	78	0.0635	6	0	2	0	0	0	0	0	0	N	Y	N	N	N	N	N	N	N	N	N	N	3.6083	20.3625	0.0000	4.4135	25.9301	0.0000	1.5063	1297.5082	0.0000	0.1008	0.1198	0.0000	0.1930	0.2400	0.0000	0.0227	0.0260	0.0000	0.0279	0.0059	0.0731	0.0437	0.0093	0.7074	0.0151	0.0000	0.0271	0.0000	6.0619	-0.0000	0.0001	0.0018	0.3645	3.9096	1.9845	0.0000	0.0000	0.0000	0.0000	0.0000	0.0000	0.0000	0.0000	0.0000	0.0006	0.0001	0.0005	0.0004	0.0001	0.0003	0.0002	0.0000	0.0002	0.0000	0.0000	0.0000	0.0000	0.0000	0.0000	0.0000	0.0000	0.0000	0.0204	0.0137	0.0067	0.0092	0.0087	0.0005	0.0112	0.0050	0.0062	3.6083	20.3625	0.0000	4.4135	25.9301	0.0000	1.5063	1297.5082	0.0000	0.0279	0.0059	0.0731	0.0437	0.0093	0.7074	0.0151	0.0000	0.0271
48	79	0.0540	5	0	1	0	0	0	0	0	0	N	N	N	N	N	N	N	N	N	N	N	N	0.0843	0.0636	0.0000	0.0100	0.0096	0.0000	0.0889	0.0559	0.0000	0.0197	0.0223	0.0000	0.0012	0.0012	0.0000	0.0263	0.0312	0.0000	0.2338	0.3509	0.0086	0.1187	0.1249	0.0648	0.2962	0.5589	0.0020	0.0000	0.0128	-0.0000	-0.0098	0.0018	2.9108	3.9096	14.2456	0.0000	0.0000	0.0000	0.0000	0.0000	0.0000	0.0000	0.0000	0.0000	0.0163	0.0161	0.0002	0.0029	0.0027	0.0002	0.0134	0.0133	0.0000	0.0000	0.0000	0.0000	0.0000	0.0000	0.0000	0.0000	0.0000	0.0000	0.0697	0.0458	0.0238	0.0245	0.0220	0.0025	0.0452	0.0239	0.0213	0.0843	0.0636	0.0000	0.0100	0.0096	0.0000	0.0889	0.0559	0.0000	0.2338	0.3509	0.0086	0.1187	0.1249	0.0648	0.2962	0.5589	0.0020
48	80	0.0489	4	0	1	0	0	0	0	0	0	N	N	N	N	N	N	N	N	N	N	N	N	0.0004	0.0003	0.0000	0.0000	0.0000	0.0000	0.0004	0.0002	0.0000	0.0095	0.0108	0.0000	0.0000	0.0000	0.0000	0.0126	0.0151	0.0000	22.7150	33.6368	0.0088	0.1300	0.1361	0.0471	35.2950	63.8765	0.0058	0.0000	0.0001	-0.0000	-0.5743	0.0018	0.1009	3.9096	7.5203	0.0000	0.0000	0.0000	0.0000	0.0000	0.0000	0.0000	0.0000	0.0000	0.9344	0.9343	0.0001	0.0018	0.0018	0.0000	0.9326	0.9325	0.0001	0.0000	0.0000	0.0000	0.0000	0.0000	0.0000	0.0000	0.0000	0.0000	0.0411	0.0278	0.0134	0.0141	0.0132	0.0010	0.0270	0.0146	0.0124	0.0004	0.0003	0.0000	0.0000	0.0000	0.0000	0.0004	0.0002	0.0000	22.7150	33.6368	0.0088	0.1300	0.1361	0.0471	34.5559	63.8765	0.0058
48	81	0.0464	3	0	1	0	0	0	0	0	0	N	N	N	N	N	N	N	N	N	N	N	N	0.0000	0.0000	0.0000	0.0000	0.0000	0.0000	0.0000	0.0000	0.0000	0.0000	0.0000	0.0000	0.0000	0.0000	0.0000	0.0000	0.0000	0.0000	0.8604	1.3466	0.0058	0.0929	0.0953	0.0006	1.2045	2.4726	0.0059	0.0025	0.0000	-0.0100	0.0018	0.0014	3.9096	3.7882	0.0000	0.0000	0.0000	0.0000	0.0000	0.0000	0.0000	0.0000	0.0000	0.0163	0.0163	0.0000	0.0005	0.0005	0.0000	0.0158	0.0157	0.0000	0.0000	0.0000	0.0000	0.0000	0.0000	0.0000	0.0000	0.0000	0.0000	0.0190	0.0121	0.0069	0.0059	0.0057	0.0001	0.0131	0.0064	0.0067	0.0000	0.0000	0.0000	0.0000	0.0000	0.0000	0.0000	0.0000	0.0000	0.8604	1.3466	0.0058	0.0929	0.0953	0.0006	1.2045	2.4726	0.0059	
48	82	0.0621	6	0	2	0	0	0	0	0	0	N	Y	N	N	N	N	N	N	N	N	N	N	0.0285	3.6989	0.0007	4.5058	5.4326	0.0000	0.0006	0.0000	0.0007	0.2339	0.2626	0.0391	0.8561	0.8620	0.0000	0.0068	0.0000	0.0397	8.1940	0.0710	56.7994	0.1900	0.1587	1.0382	11.7052	0.0004	53.5287	0.0219	174.0054	-0.0000	0.3716	0.0018	7.9116	3.9096	21.1247	0.0000	0.0000	0.0000	0.0000	0.0000	0.0000	0.0000	0.0000	0.0000	0.9792	0.0056	0.9736	0.0069	0.0056	0.0013	0.9723	0.0000	0.9723	0.0001	0.0001	0.0000	0.0000	0.0000	0.0000	0.0001	0.0001	0.0000	0.1195	0.0788	0.0407	0.0364	0.0351	0.0013	0.0831	0.0437	0.0394	0.0285	3.6989	0.0016	4.5058	5.4326	0.0000	0.0006	0.0000	0.0016	8.1940	0.0710	23.9360	0.1900	0.1587	1.0382	11.7052	0.0004	24.6907
48	83	0.0800	7	1	2	0	0	0	0	0	0	N	Y	N	N	N	N	N	N	N	N	N	N	0.0000	0.0000	0.0000	0.0000	0.0000	0.0000	0.0000	0.0000	0.0000	0.0000	0.0000	0.0000	0.0000	0.0000	0.0000	0.0000	0.0000	0.0000	0.0000	0.0000	0.0018	0.0000	3.9096	1.8333	0.0000	0.0000	0.0000	0.0000	0.0000	0.0000	0.0000	0.0000	0.0000	0.0000	0.0000	0.0000	0.0000	0.0000	0.0000	0.0000	0.0000	0.0000	0.0000	0.0000	0.0000	0.0000	0.0000	0.0000	0.0000	0.0000	0.0000	0.0098	0.0068	0.0030	0.0034	0.0033	0.0001	0.0064	0.0035	0.0029	0.0000	0.0000	0.0000	0.0000	0.0000	0.0000	0.0000	0.0000	0.0000	0.0000	0.0000	0.0000	0.0000	0.0000	0.0000	0.0000	0.0000	0.0000											
48	84	0.0621	6	1	2	0	0	0	0	0	0	N	Y	N	N	N	N	N	N	N	N	N	N	124.1562	113.7948	0.0311	177.3790	175.1013	0.5949	0.0052	0.0000	0.0143	3.9427	4.5278	0.0005	14.6300	14.7341	0.0189	0.0000	0.0000	0.0002	0.0318	0.0398	0.0160	0.0825	0.0841	0.0318	0.0075	0.0000	0.0155	0.0000	0.2053	-0.0003	-0.0013	0.0018	6.9552	3.9096	13.1226	0.0005	0.0005	0.0000	0.0005	0.0005	0.0000	0.0000	0.0000	0.0000	0.0030	0.0025	0.0005	0.0025	0.0025	0.0000	0.0005	0.0000	0.0005	0.0001	0.0001	0.0000	0.0000	0.0000	0.0000	0.0001	0.0001	0.0000	0.0931	0.0616	0.0314	0.0301	0.0291	0.0010	0.0630	0.0325	0.0305	124.1562	113.7948	0.0311	177.3790	175.1013	0.5949	0.0052	0.0000	0.0143	0.0318	0.0398	0.0160	0.0825	0.0841	0.0318	0.0075	0.0000	0.0155
48	85	0.0591	5	0	2	0	0	0	0	0	0	N	Y	N	N	N	N	N	N	N	N	N	N	0.8007	0.8922	0.1371	1.2700	1.2839	0.0000	0.0396	0.0000	0.1479	0.0978	0.1086	0.0168	0.2598	0.2670	0.0000	0.0031	0.0000	0.0184	0.1222	0.1218	0.1229	0.2046	0.2080	0.0438	0.0795	0.0264	0.1244	0.0207	0.5764	-0.0000	-0.0011	0.0018	0.3374	3.9096	6.1146	0.0000	0.0000	0.0000	0.0000	0.0000	0.0000	0.0000	0.0000	0.0000	0.0045	0.0028	0.0016	0.0026	0.0025	0.0000	0.0019	0.0003	0.0016	0.0000	0.0000	0.0000	0.0000	0.0000	0.0000	0.0000	0.0000	0.0000	0.0366	0.0233	0.0133	0.0125	0.0122	0.0003	0.0241	0.0111	0.0130	0.8007	0.8922	0.1371	1.2700	1.2839	0.0000	0.0396	0.0000	0.1479	0.1222	0.1218	0.1229	0.2046	0.2080	0.0438	0.0795	0.0264	0.1244
48	86	0.0591	5	0	2	0	0	0	0	0	0	N	Y	N	N	N	N	N	N	N	N	N	N	0.0009	0.0000	0.2273	0.0000	0.0000	0.0000	0.0067	0.0000	0.2315	0.0001	0.0000	0.0007	0.0000	0.0000	0.0000	0.0001	0.0000	0.0007	0.0844	0.1296	0.0029	0.2617	0.2709	0.0035	0.0161	0.0283	0.0029	inf	0.0124	0.0000	-0.0047	0.0018	11.0342	3.9096	12.7513	0.0000	0.0000	0.0000	0.0000	0.0000	0.0000	0.0000	0.0000	0.0000	0.0078	0.0077	0.0001	0.0067	0.0067	0.0000	0.0011	0.0010	0.0001	0.0002	0.0002	0.0000	0.0000	0.0000	0.0000	0.0001	0.0001	0.0000	0.0924	0.0595	0.0329	0.0257	0.0248	0.0009	0.0667	0.0346	0.0320	0.0009	0.0000	0.2273	0.0000	0.0000	0.0000	0.0067	0.0000	0.2315	0.0844	0.1296	0.0029	0.2617	0.2709	0.0035	0.0161	0.0283	0.0029
48	87	0.0514	4	0	2	0	0	0	0	0	0	N	Y	N	N	N	N	N	N	N	N	N	N	0.0138	0.0109	0.0000	0.0168	0.0162	0.0000	0.0000	0.0000	0.0000	0.0002	0.0003	0.0000	0.0009	0.0009	0.0000	0.0000	0.0000	0.0000	0.0160	0.0230	0.0038	0.0527	0.0551	0.0007	0.0022	0.0007	0.0039	0.0000	0.0944	-0.0000	-0.0003	0.0018	3.9739	3.9096	6.2820	0.0000	0.0000	0.0000	0.0000	0.0000	0.0000	0.0000	0.0000	0.0000	0.0007	0.0006	0.0001	0.0006	0.0006	0.0000	0.0001	0.0000	0.0001	0.0001	0.0001	0.0000	0.0000	0.0000	0.0000	0.0000	0.0000	0.0000	0.0410	0.0260	0.0150	0.0112	0.0107	0.0005	0.0298	0.0153	0.0145	0.0138	0.0109	0.0000	0.0168	0.0162	0.0000	0.0000	0.0000	0.0000	0.0160	0.0230	0.0038	0.0527	0.0551	0.0007	0.0022	0.0007	0.0039
48	88	0.0464	3	0	2	0	0	0	0	0	0	N	Y	N	N	N	N	N	N	N	N	N	N	0.0000	0.0000	0.0000	0.0000	0.0000	0.0000	0.0000	0.0000	0.0000	0.0000	0.0000	0.0000	0.0000	0.0000	0.0000	0.0000	0.0000	0.0000	0.0148	0.0226	0.0010	0.0474	0.0488	0.0002	0.0015	0.0021	0.0010	0.0254	0.0000	-0.0002	0.0018	0.0056	3.9096	5.7021	0.0000	0.0000	0.0000	0.0000	0.0000	0.0000	0.0000	0.0000	0.0000	0.0004	0.0004	0.0000	0.0004	0.0004	0.0000	0.0000	0.0000	0.0000	0.0000	0.0000	0.0000	0.0000	0.0000	0.0000	0.0000	0.0000	0.0000	0.0257	0.0164	0.0093	0.0074	0.0072	0.0002	0.0183	0.0092	0.0091	0.0000	0.0000	0.0000	0.0000	0.0000	0.0000	0.0000	0.0000	0.0000	0.0148	0.0226	0.0010	0.0474	0.0488	0.0002	0.0015	0.0021	0.0010	
48	92	0.1348	7	0	1	0	0	0	0	0	0	N	N	N	N	N	N	N	N	N	N	N	N	4.6931	4.3865	3.1656	5.6589	5.2236	0.1270	2.3370	1.9203	3.0526	0.2439	0.2999	0.0606	0.5271	0.5478	0.0010	0.0482	0.0384	0.0649	0.0520	0.0684	0.0192	0.0931	0.1049	0.0079	0.0206	0.0200	0.0212	0.0618	0.1399	-0.0001	-0.0044	0.0018	24.8682	3.9096	39.8855	0.0002	0.0002	0.0000	0.0002	0.0002	0.0000	0.0000	0.0000	0.0000	0.0089	0.0078	0.0011	0.0069	0.0068	0.0001	0.0020	0.0010	0.0010	0.0007	0.0005	0.0002	0.0003	0.0003	0.0000	0.0004	0.0003	0.0002	0.1713	0.1143	0.0571	0.0741	0.0651	0.0090	0.0972	0.0491	0.0481	4.6931	4.3865	3.1656	5.6589	5.2236	0.1270	2.3370	1.9203	3.0526	0.0520	0.0684	0.0192	0.0931	0.1049	0.0079	0.0206	0.0200	0.0212
49	50	0.0725	9	0	1	1	0	0	0	0	0	N	N	N	N	N	N	N	N	N	N	N	N	inf	inf	inf	inf	inf	inf	inf	0.0313	0.0363	0.0006	0.0808	0.0812	0.0000	0.0001	0.0000	0.0006	0.0000	0.0000	0.0000	0.0000	0.0000	0.0000	0.0000	0.0000	0.0000	0.0025	-0.0000	0.0000	2.0031	0.0004	6.0601	0.9852	0.0000	0.0000	0.0000	0.0000	0.0000	0.0000	0.0000	0.0000	0.0000	0.0000	0.0000	0.0000	0.0000	0.0000	0.0000	0.0000	0.0000	0.0000	0.0000	0.0000	0.0000	0.0000	0.0000	0.0000	0.0000	0.0000	0.0000	0.0054	0.0031	0.0023	0.0014	0.0013	0.0002	0.0040	0.0018	0.0021	inf	inf	inf	inf	inf	0.0000	inf	0.0000	inf	0.0000	0.0000	0.0000	0.0000	0.0000	0.0000	0.0000	0.0000	0.0000			
49	51	0.0616	8	0	1	0	0	0	0	0	0	N	N	N	N	N	N	N	N	N	N	N	N	0.0058	0.0038	0.0519	0.0162	0.0153	1.0816	401.1782	0.0503	0.0453	0.0533	0.0006	0.5534	0.5855	0.0000	0.0077	0.0091	0.0007	7.7852	14.0558	0.0123	34.1024	38.2225	0.0000	0.0071	0.0000	0.0131	0.0021	0.0007	-0.0025	-0.6039	2.0031	10.7574	6.0601	12.9024	0.0047	0.0046	0.0000	0.0039	0.0039	0.0000	0.0007	0.0007	0.0000	0.9835	0.9828	0.0007	0.9828	0.9828	0.0000	0.0007	0.0000	0.0007	0.1027	0.0872	0.0156	0.0071	0.0067	0.0004	0.0957	0.0805	0.0152	0.1263	0.0699	0.0564	0.0288	0.0257	0.0031	0.0975	0.0442	0.0533	0.0058	0.0038	0.0519	0.0162	0.0153	0.0000	1.0816	401.1782	0.0503	7.7852	14.0558	0.0123	34.1024	38.2225	0.0000	0.0071	0.0000	0.0131	
49	52	0.0602	7	0	1	0	0	0	0	0	0	N	N	N	N	N	N	N	N	N	N	N	N	962.7603	1022.6198	0.0000	0.0168	0.0161	0.0000	989.5401	1008.5278	0.0000	37.7497	44.5967	0.0000	0.0006	0.0006	0.0000	40.5029	48.2682	0.0000	0.0392	0.0436	0.0339	0.0338	0.0372	0.0009	0.0409	0.0479	0.0356	0.0000	0.6405	-0.5473	-0.0003	2.0031	2.6694	6.0601	2.4027	0.9984	0.9984	0.0000	0.0000	0.0000	0.0000	0.9984	0.9984	0.0000	0.0012	0.0007	0.0005	0.0002	0.0002	0.0000	0.0009	0.0005	0.0005	0.0264	0.0224	0.0041	0.0018	0.0017	0.0001	0.0246	0.0207	0.0040	0.0303	0.0166	0.0137	0.0073	0.0066	0.0007	0.0229	0.0100	0.0130	962.7603	1022.6198	0.0000	0.0168	0.0161	0.0000	989.5401	1008.5278	0.0000	0.0392	0.0436	0.0339	0.0338	0.0372	0.0009	0.0409	0.0479	0.0356
49	53	0.0550	6	0	1	0	0	0	0	0	0	N	N	N	N	N	N	N	N	N	N	N	N	0.8321	4551.1964	0.0000	0.2051	0.1890	0.7647	32544.5050	0.0000	10.9428	12.7846	0.0000	0.0013	0.0013	0.0000	12.1482	14.3991	0.0000	13.1512	0.0028	71.1821	0.0063	0.0071	0.0000	15.8873	0.0004	71.3848	0.0000	7925.8181	-0.5408	0.3610	2.0031	8.6921	6.0601	5.3599	0.9865	0.9865	0.0000	0.0000	0.0000	0.0000	0.9865	0.9865	0.0000	0.9373	0.0001	0.9371	0.0001	0.0001	0.0000	0.9372	0.0000	0.9371	0.0902	0.0772	0.0130	0.0089	0.0087	0.0003	0.0812	0.0685	0.0127	0.0759	0.0421	0.0338	0.0169	0.0150	0.0018	0.0590	0.0271	0.0320	0.8862	4551.1964	0.0000	0.2051	0.1890	0.0000	0.7654	32544.5050	0.0000	12.3475	0.0028	27.7138	0.0063	0.0071	0.0000	15.8719	0.0004	29.3035	
49	54	0.0547	5	0	1	0	0	0	0	0	0	N	N	N	N	N	N	N	N	N	N	N	N	33.7669	1492.8020	0.0040	30.4169	28.4260	30.2965	10894.2720	0.0039	0.5318	0.6107	0.0001	0.0235	0.0239	0.0000	0.6378	0.7529	0.0001	0.0158	0.0004	0.0342	0.0008	0.0008	0.0000	0.0211	0.0001	0.0359	0.0000	69.4672	-0.0071	0.0001	2.0031	1.8652	6.0601	1.4001	0.0129	0.0129	0.0000	0.0001	0.0001	0.0000	0.0128	0.0128	0.0000	0.0003	0.0000	0.0003	0.0000	0.0000	0.0000	0.0003	0.0000	0.0003	0.0243	0.0211	0.0031	0.0042	0.0041	0.0001	0.0201	0.0170	0.0031	0.0212	0.0116	0.0096	0.0055	0.0051	0.0004	0.0156	0.0065	0.0092	33.7669	1492.8020	0.0040	30.4169	28.4260	0.0000	30.2965	10894.2720	0.0039	0.0158	0.0004	0.0342	0.0008	0.0008	0.0000	0.0211	0.0001	0.0359	
49	55	0.0503	4	0	1	0	0	0	0	0	0	N	N	N	N	N	N	N	N	N	N	N	N	0.2778	0.1985	0.0002	0.8656	0.8231	0.0000	0.2132	0.1237	0.0002	0.0055	0.0063	0.0000	0.0188	0.0192	0.0000	0.0040	0.0047	0.0000	0.0196	0.0319	0.0014	0.0217	0.0233	0.0001	0.0188	0.0383	0.0015	0.0000	0.0302	-0.0001	-0.0006	2.0031	2.5292	6.0601	4.9772	0.0002	0.0002	0.0000	0.0001	0.0001	0.0000	0.0001	0.0001	0.0000	0.0011	0.0010	0.0000	0.0003	0.0003	0.0000	0.0007	0.0007	0.0000	0.0276	0.0237	0.0039	0.0027	0.0026	0.0000	0.0249	0.0211	0.0038	0.0537	0.0321	0.0217	0.0146	0.0136	0.0010	0.0391	0.0184	0.0207	0.2778	0.1985	0.0002	0.8656	0.8231	0.0000	0.2132	0.1237	0.0002	0.0196	0.0319	0.0014	0.0217	0.0233	0.0001	0.0188	0.0383	0.0015
49	57	0.1311	6	0	1	0	0	0	0	0	0	N	N	N	N	N	N	N	N	N	N	N	N	0.0000	0.0005	0.0000	0.0000	0.0029	0.0000	0.0000	0.0000	0.0000	0.0000	0.0000	0.0000	0.0000	0.0000	0.0000	0.0000	0.0000	0.0000	0.1080	0.0003	0.3493	0.0382	0.0002	0.2782	0.1852	0.0005	0.3708	2.1189	511.5487	0.0000	0.0119	2.0031	7.8198	6.0601	21.5823	0.0000	0.0000	0.0000	0.0000	0.0000	0.0000	0.0000	0.0000	0.0000	0.0311	0.0001	0.0310	0.0058	0.0000	0.0057	0.0253	0.0000	0.0253	0.1259	0.1108	0.0152	0.0373	0.0359	0.0014	0.0886	0.0749	0.0138	0.2875	0.1988	0.0888	0.1509	0.1303	0.0206	0.1366	0.0685	0.0681	0.0000	0.0005	0.0000	0.0000	0.0029	0.0000	0.0000	0.0000	0.0000	0.1080	0.0003	0.3493	0.0382	0.0002	0.2782	0.1852	0.0005	0.3708
49	58	0.0452	5	1	2	1	0	0	0	0	0	N	Y	N	N	N	N	N	N	N	N	N	N	0.0000	0.0000	0.0000	0.0000	0.0000	0.0000	0.0000	0.0000	0.0000	0.0000	0.0000	0.0000	0.0000	0.0000	0.0000	0.0000	0.0000	0.0013	0.0004	0.0023	0.0017	0.0018	0.0000	0.0013	0.0000	0.0024	5.3494	0.0000	0.0000	2.0031	2.0055	6.0601	11.8091	0.0000	0.0000	0.0000	0.0000	0.0000	0.0000	0.0000	0.0000	0.0000	0.0001	0.0000	0.0001	0.0000	0.0000	0.0000	0.0001	0.0000	0.0001	0.0194	0.0163	0.0030	0.0004	0.0004	0.0000	0.0190	0.0160	0.0030	0.0778	0.0406	0.0372	0.0096	0.0090	0.0006	0.0682	0.0316	0.0367	0.0000	0.0000	0.0000	0.0000	0.0000	0.0000	0.0000	0.0000	0.0000	0.0013	0.0004	0.0023	0.0017	0.0018	0.0000	0.0013	0.0000	0.0024		
49	59	0.0398	4	1	1	1	0	0	0	0	0	N	N	N	N	N	N	N	N	N	N	N	N	0.0000	0.0000	0.0000	0.0000	0.0000	0.0000	0.0000	0.0000	0.0000	0.0000	0.0000	0.0000	0.0000	0.0000	0.0000	0.0000	0.0000	0.0000	0.1003	0.0277	0.1948	0.0780	0.0790	0.0467	0.1058	0.0011	0.1969	5.3885	0.0000	0.0008	2.0031	1.9951	6.0601	2.5667	0.0000	0.0000	0.0000	0.0000	0.0000	0.0000	0.0000	0.0000	0.0000	0.0033	0.0005	0.0028	0.0005	0.0005	0.0000	0.0028	0.0000	0.0028	0.0192	0.0162	0.0030	0.0003	0.0003	0.0000	0.0189	0.0159	0.0030	0.0332	0.0188	0.0144	0.0066	0.0064	0.0002	0.0266	0.0124	0.0142	0.0000	0.0000	0.0000	0.0000	0.0000	0.0000	0.0000	0.0000	0.0000	0.1003	0.0277	0.1948	0.0780	0.0790	0.0467	0.1058	0.0011	0.1969	
49	60	0.0330	3	1	1	1	0	0	0	0	0	N	N	N	N	N	N	N	N	N	N	N	N	0.0000	0.0000	0.0000	0.0000	0.0000	0.0000	0.0000	0.0000	0.0000	0.0000	0.0000	0.0000	0.0000	0.0000	0.0000	0.0000	0.0000	0.0000	0.0186	0.0256	0.0005	0.0172	0.0188	0.0009	0.0195	0.0323	0.0005	0.0077	0.0000	-0.0004	2.0031	0.0108	6.0601	3.6229	0.0000	0.0000	0.0000	0.0000	0.0000	0.0000	0.0000	0.0000	0.0000	0.0006	0.0006	0.0000	0.0002	0.0002	0.0000	0.0004	0.0004	0.0000	0.0002	0.0001	0.0000	0.0001	0.0001	0.0000	0.0001	0.0001	0.0000	0.0331	0.0238	0.0093	0.0130	0.0118	0.0012	0.0201	0.0120	0.0081	0.0000	0.0000	0.0000	0.0000	0.0000	0.0000	0.0000	0.0000	0.0000	0.0186	0.0256	0.0005	0.0172	0.0188	0.0009	0.0195	0.0323	0.0005	
49	61	0.0514	4	0	2	0	0	0	0	0	0	N	Y	N	N	N	N	N	N	N	N	N	N	0.0000	0.0000	0.0000	0.0000	0.0000	0.0000	0.0000	0.0000	0.0000	0.0000	0.0000	0.0000	0.0000	0.0000	0.0000	0.0000	0.0000	0.0000	0.0017	0.0001	0.0043	0.0000	0.0000	0.0008	0.0024	0.0001	0.0045	36.5494	0.0000	0.0001	2.0031	4.0917	6.0601	8.0988	0.0000	0.0000	0.0000	0.0000	0.0000	0.0000	0.0000	0.0000	0.0000	0.0002	0.0000	0.0002	0.0000	0.0000	0.0000	0.0002	0.0000	0.0002	0.0439	0.0376	0.0063	0.0043	0.0042	0.0001	0.0396	0.0334	0.0063	0.0994	0.0608	0.0385	0.0298	0.0283	0.0016	0.0695	0.0325	0.0370	0.0000	0.0000	0.0000	0.0000	0.0000	0.0000	0.0000	0.0000	0.0000	0.0017	0.0001	0.0043	0.0000	0.0000	0.0008	0.0024	0.0001	0.0045	
49	62	0.0476	3	0	2	0	0	0	0	0	0	N	Y	N	N	N	N	N	N	N	N	N	N	0.0000	0.0000	0.0000	0.0000	0.0000	0.0000	0.0000	0.0000	0.0000	0.0000	0.0000	0.0000	0.0000	0.0000	0.0000	0.0000	0.0000	0.0000	0.0328	0.0160	0.0529	0.0058	0.0062	0.0007	0.0411	0.0225	0.0552	0.0000	2.7533	-0.0000	0.0002	2.0031	2.1165	6.0601	5.0852	0.0000	0.0000	0.0000	0.0000	0.0000	0.0000	0.0000	0.0000	0.0000	0.0016	0.0004	0.0012	0.0001	0.0001	0.0000	0.0016	0.0004	0.0012	0.0203	0.0172	0.0032	0.0009	0.0008	0.0000	0.0194	0.0163	0.0031	0.0493	0.0269	0.0224	0.0115	0.0106	0.0009	0.0378	0.0163	0.0215	0.0000	0.0000	0.0000	0.0000	0.0000	0.0000	0.0000	0.0000	0.0000	0.0328	0.0160	0.0529	0.0058	0.0062	0.0007	0.0411	0.0225	0.0552
49	63	0.0330	3	1	1	1	0	0	0	0	0	N	N	N	N	N	N	N	N	N	N	N	N	0.0000	0.0000	0.0000	0.0000	0.0000	0.0000	0.0000	0.0000	0.0000	0.0000	0.0000	0.0000	0.0000	0.0000	0.0000	0.0000	0.0000	0.0000	0.0181	0.0033	0.0376	0.0511	0.0109	0.3900	0.0108	0.0003	0.0211	8.4985	0.0000	0.0004	2.0031	3.9990	6.0601	8.8702	0.0000	0.0000	0.0000	0.0000	0.0000	0.0000	0.0000	0.0000	0.0000	0.0014	0.0001	0.0012	0.0007	0.0001	0.0006	0.0007	0.0000	0.0007	0.0378	0.0325	0.0053	0.0008	0.0007	0.0000	0.0370	0.0318	0.0052	0.0769	0.0438	0.0331	0.0139	0.0124	0.0015	0.0630	0.0314	0.0317	0.0000	0.0000	0.0000	0.0000	0.0000	0.0000	0.0000	0.0000	0.0000	0.0181	0.0033	0.0376	0.0511	0.0109	0.3900	0.0108	0.0003	0.0211	
49	64	0.0129	2	1	1	1	0	0	0	0	0	N	N	N	N	N	N	N	N	N	N	N	N	0.0025	0.0000	0.1527	0.0001	0.0001	0.0000	0.0051	0.0000	0.1530	0.0000	0.0000	0.0002	0.0000	0.0000	0.0000	0.0000	0.0000	0.0002	0.0126	0.0228	0.0014	0.0230	0.0231	0.0019	0.0064	0.0221	0.0014	393.5388	0.0539	0.0000	-0.0014	2.0031	3.9972	6.0601	6.8232	0.0000	0.0000	0.0000	0.0000	0.0000	0.0000	0.0000	0.0000	0.0000	0.0026	0.0024	0.0001	0.0018	0.0018	0.0000	0.0008	0.0007	0.0001	0.0399	0.0339	0.0061	0.0012	0.0012	0.0000	0.0387	0.0327	0.0061	0.2037	0.1069	0.0968	0.0762	0.0759	0.0003	0.1275	0.0310	0.0965	0.0025	0.0000	0.1527	0.0001	0.0001	0.0000	0.0051	0.0000	0.1530	0.0126	0.0228	0.0014	0.0230	0.0231	0.0019	0.0064	0.0221	0.0014
49	65	0.0553	4	0	2	0	0	0	0	0	0	N	Y	N	N	N	N	N	N	N	N	N	N	0.0000	0.0000	0.0000	0.0000	0.0000	0.0000	0.0000	0.0000	0.0000	0.0000	0.0000	0.0000	0.0000	0.0000	0.0000	0.0000	0.0000	0.0000	0.4237	0.6781	0.0147	0.5461	0.6455	0.0005	0.3566	0.7089	0.0171	0.0000	0.0135	-0.0000	-0.0935	2.0031	15.6632	6.0601	35.0639	0.0000	0.0000	0.0000	0.0000	0.0000	0.0000	0.0000	0.0000	0.0000	0.1555	0.1534	0.0021	0.0710	0.0710	0.0000	0.0845	0.0825	0.0021	0.1466	0.1246	0.0221	0.0085	0.0082	0.0003	0.1381	0.1164	0.0218	0.3670	0.2262	0.1407	0.1299	0.1099	0.0200	0.2370	0.1163	0.1207	0.0000	0.0000	0.0000	0.0000	0.0000	0.0000	0.0000	0.0000	0.0000	0.4237	0.6781	0.0147	0.5461	0.6455	0.0005	0.3566	0.7089	0.0171
49	66	0.0553	4	0	1	1	0	0	0	0	0	N	N	N	N	N	N	N	N	N	N	N	N	0.0000	0.0000	0.0000	0.0000	0.0000	0.0000	0.0000	0.0000	0.0000	0.0000	0.0000	0.0000	0.0000	0.0000	0.0000	0.0000	0.0000	0.0000	0.0090	0.0025	0.0224	0.0000	0.0000	0.0000	0.0172	0.0062	0.0289	4.3632	0.0000	0.0004	2.0031	4.9998	6.0601	10.1184	0.0000	0.0000	0.0000	0.0000	0.0000	0.0000	0.0000	0.0000	0.0000	0.0020	0.0004	0.0017	0.0000	0.0000	0.0000	0.0020	0.0004	0.0017	0.0523	0.0446	0.0077	0.0046	0.0045	0.0001	0.0477	0.0401	0.0076	0.2249	0.1512	0.0738	0.1071	0.0904	0.0167	0.1178	0.0607	0.0571	0.0000	0.0000	0.0000	0.0000	0.0000	0.0000	0.0000	0.0000	0.0000	0.0090	0.0025	0.0224	0.0000	0.0000	0.0000	0.0172	0.0062	0.0289	
49	67	0.0597	6	0	2	0	0	0	0	0	0	N	Y	N	N	N	N	N	N	N	N	N	N	3593.8170	4117.7435	0.0000	0.0229	0.0232	0.0000	3161.4647	3137.2474	0.0000	9.7420	11.4216	0.0000	0.0000	0.0000	0.0000	10.3067	12.1343	0.0000	0.0027	0.0028	0.0026	0.0012	0.0013	0.0000	0.0033	0.0039	0.0028	0.0000	0.6781	-0.5414	-0.0001	2.0031	10.9928	6.0601	18.5513	0.9876	0.9876	0.0000	0.0000	0.0000	0.0000	0.9876	0.9876	0.0000	0.0005	0.0003	0.0002	0.0001	0.0001	0.0000	0.0004	0.0002	0.0002	0.1014	0.0865	0.0149	0.0056	0.0051	0.0005	0.0958	0.0814	0.0144	0.1688	0.0983	0.0705	0.0457	0.0423	0.0034	0.1231	0.0560	0.0671	3593.8170	4117.7435	0.0000	0.0229	0.0232	0.0000	3161.4647	3137.2474	0.0000	0.0027	0.0028	0.0026	0.0012	0.0013	0.0000	0.0033	0.0039	0.0028
49	68	0.0597	5	0	1	0	0	0	0	0	0	N	N	N	N	N	N	N	N	N	N	N	N	235.8234	218.8042	0.0000	130.4828	130.3431	0.0000	313.9872	255.0113	0.0000	6.7064	7.4177	0.0000	4.2318	4.2695	0.0000	7.9364	9.2194	0.0000	0.0284	0.0339	0.0179	0.0324	0.0328	0.0076	0.0253	0.0362	0.0181	0.0000	0.2748	-0.0080	-0.0003	2.0031	0.0861	6.0601	1.0715	0.0146	0.0146	0.0000	0.0031	0.0031	0.0000	0.0115	0.0115	0.0000	0.0008	0.0006	0.0002	0.0004	0.0004	0.0000	0.0004	0.0002	0.0002	0.0022	0.0020	0.0002	0.0007	0.0007	0.0000	0.0015	0.0012	0.0002	0.0275	0.0181	0.0094	0.0121	0.0120	0.0002	0.0153	0.0061	0.0092	235.8234	218.8042	0.0000	130.4828	130.3431	0.0000	313.9872	255.0113	0.0000	0.0284	0.0339	0.0179	0.0324	0.0328	0.0076	0.0253	0.0362	0.0181
49	69	0.0425	3	1	1	1	0	0	0	0	0	N	N	N	N	N	N	N	N	N	N	N	N	0.0000	0.0000	0.0000	0.0000	0.0000	0.0000	0.0000	0.0000	0.0000	0.0000	0.0000	0.0000	0.0000	0.0000	0.0000	0.0000	0.0004	0.0001	0.0008	0.0002	0.0002	0.0000	0.0004	0.0000	0.0008	13.0269	0.0000	0.0000	2.0031	1.0000	6.0601	3.0001	0.0000	0.0000	0.0000	0.0000	0.0000	0.0000	0.0000	0.0000	0.0000	0.0000	0.0000	0.0000	0.0000	0.0000	0.0000	0.0000	0.0000	0.0000	0.0094	0.0079	0.0015	0.0003	0.0003	0.0000	0.0091	0.0076	0.0015	0.0226	0.0122	0.0104	0.0029	0.0027	0.0002	0.0197	0.0095	0.0102	0.0000	0.0000	0.0000	0.0000	0.0000	0.0000	0.0000	0.0000	0.0000	0.0004	0.0001	0.0008	0.0002	0.0002	0.0000	0.0004	0.0000	0.0008			
49	70	0.0425	2	1	1	1	0	0	0	0	0	N	N	N	N	N	N	N	N	N	N	N	N	0.0000	0.0000	0.0000	0.0000	0.0000	0.0000	0.0000	0.0000	0.0000	0.0000	0.0000	0.0000	0.0000	0.0000	0.0000	0.0000	0.0000	0.8144	0.7417	0.9028	0.9712	0.9746	0.0000	0.7012	0.0006	0.9058	0.9996	0.0000	-0.0000	2.0031	0.0000	6.0601	0.0009	0.0000	0.0000	0.0000	0.0000	0.0000	0.0000	0.0000	0.0000	0.0000	0.0000	0.0000	0.0000	0.0000	0.0000	0.0000	0.0000	0.0000	0.0000	0.0000	0.0000	0.0000	0.0000	0.0000	0.0000	0.0000	0.0000	0.0000	0.0000	0.0000	0.0000	0.0000	0.0000	0.0000	0.0000	0.0000	0.0000	0.0000	0.0000	0.0000	0.0000	0.0000	0.0000	0.0000	0.0000	0.0000	0.8144	0.7417	0.9028	0.9712	0.9746	0.0000	0.7012	0.0006	0.9058		
49	72	0.0426	2	0	2	0	1	0	0	0	0	N	Y	N	N	N	N	N	N	N	N	N	N	0.0000	0.0000	0.0000	0.0000	0.0000	0.0000	0.0000	0.0000	0.0000	0.0000	0.0000	0.0000	0.0000	0.0000	0.0000	0.0000	0.0000	4.5924	8.4856	0.0289	1.4828	1.6344	0.0000	5.1849	11.0080	0.0299	0.0029	0.0000	-0.7285	2.0031	13.0000	6.0601	39.1663	0.0000	0.0000	0.0000	0.0000	0.0000	0.0000	0.0000	0.0000	0.0000	1.1907	1.1873	0.0034	0.0615	0.0615	0.0000	1.1292	1.1257	0.0034	0.1191	0.1008	0.0183	0.0049	0.0047	0.0002	0.1143	0.0962	0.0181	0.2593	0.1399	0.1194	0.0415	0.0377	0.0038	0.2178	0.1023	0.1155	0.0000	0.0000	0.0000	0.0000	0.0000	0.0000	0.0000	0.0000	0.0000	4.5924	8.4856	0.0289	1.4828	1.6344	0.0000	5.1849	11.0080	0.0299		
49	73	0.0451	3	0	2	0	0	0	0	0	0	N	Y	N	N	N	N	N	N	N	N	N	N	0.0000	0.0000	0.0000	0.0000	0.0000	0.0000	0.0000	0.0000	0.0000	0.0000	0.0000	0.0000	0.0000	0.0000	0.0000	0.0000	0.0049	0.0085	0.0000	0.0230	0.0246	0.0000	0.0000	0.0000	0.0000	0.0006	0.0000	-0.0004	2.0031	3.0003	6.0601	18.1082	0.0000	0.0000	0.0000	0.0000	0.0000	0.0000	0.0000	0.0000	0.0000	0.0006	0.0006	0.0000	0.0006	0.0006	0.0000	0.0000	0.0000	0.0000	0.0286	0.0242	0.0044	0.0012	0.0011	0.0001	0.0274	0.0231	0.0044	0.1319	0.0753	0.0566	0.0279	0.0261	0.0018	0.1040	0.0493	0.0548	0.0000	0.0000	0.0000	0.0000	0.0000	0.0000	0.0000	0.0000	0.0000	0.0049	0.0085	0.0000	0.0230	0.0246	0.0000	0.0000	0.0000	0.0000			
49	74	0.0129	2	0	2	0	0	0	0	0	0	N	Y	N	N	N	N	N	N	N	N	N	N	0.0000	0.0000	736.5539	0.0001	0.0001	0.0000	0.0000	0.0000	803.8369	0.0000	0.0000	0.0001	0.0000	0.0000	0.0000	0.0000	0.0000	0.0001	3.6672	7.0736	0.0000	0.0164	0.0165	0.0000	5.1487	15.8465	0.0000	393.5388	0.0000	0.0000	-0.6125	2.0031	7.0046	6.0601	18.1036	0.0000	0.0000	0.0000	0.0000	0.0000	0.0000	0.0000	0.0000	0.0000	0.9964	0.9964	0.0000	0.0013	0.0013	0.0000	0.9951	0.9951	0.0000	0.0677	0.0574	0.0104	0.0014	0.0014	0.0000	0.0664	0.0560	0.0104	0.2717	0.1409	0.1308	0.0784	0.0781	0.0004	0.1933	0.0628	0.1305	0.0000	0.0000	736.5539	0.0001	0.0001	0.0000	0.0000	0.0000	803.8369	3.6672	7.0736	0.0000	0.0164	0.0165	0.0000	5.1487	15.8465	0.0000
49	77	0.0601	6	0	2	0	0	0	0	0	0	N	Y	N	N	N	N	N	N	N	N	N	N	1.9794	1.3435	0.0000	11.2118	10.3883	0.0000	0.0000	0.0000	0.0000	0.0053	0.0062	0.0000	0.1246	0.1282	0.0000	0.0000	0.0000	0.0000	0.0027	0.0046	0.0000	0.0111	0.0123	0.0000	0.0000	0.0000	0.0000	0.0000	0.0000	-0.0002	-0.0002	2.0031	8.6571	6.0601	16.0761	0.0004	0.0004	0.0000	0.0004	0.0004	0.0000	0.0000	0.0000	0.0000	0.0003	0.0003	0.0000	0.0003	0.0003	0.0000	0.0000	0.0000	0.0000	0.0810	0.0698	0.0112	0.0034	0.0034	0.0001	0.0776	0.0665	0.0111	0.1221	0.0715	0.0506	0.0294	0.0265	0.0029	0.0927	0.0449	0.0477	1.9794	1.3435	0.0000	11.2118	10.3883	0.0000	0.0000	0.0000	0.0000	0.0027	0.0046	0.0000	0.0111	0.0123	0.0000	0.0000	0.0000	0.0000
49	78	0.0597	5	0	2	0	0	0	0	0	0	N	Y	N	N	N	N	N	N	N	N	N	N	57.3174	42.8058	0.0000	141.5494	141.5736	0.0000	27.4327	14.7582	0.0000	0.7320	0.8369	0.0000	3.6504	3.7330	0.0000	0.1083	0.1270	0.0000	0.0128	0.0196	0.0007	0.0258	0.0264	0.0001	0.0039	0.0086	0.0007	0.0000	0.0188	-0.0019	-0.0003	2.0031	0.3645	6.0601	1.9845	0.0035	0.0035	0.0000	0.0031	0.0031	0.0000	0.0004	0.0004	0.0000	0.0004	0.0004	0.0000	0.0004	0.0004	0.0000	0.0001	0.0001	0.0000	0.0048	0.0042	0.0006	0.0008	0.0008	0.0000	0.0040	0.0034	0.0006	0.0339	0.0217	0.0122	0.0137	0.0134	0.0003	0.0202	0.0083	0.0119	57.3174	42.8058	0.0000	141.5494	141.5736	0.0000	27.4327	14.7582	0.0000	0.0128	0.0196	0.0007	0.0258	0.0264	0.0001	0.0039	0.0086	0.0007
49	79	0.0503	4	0	1	0	0	0	0	0	0	N	N	N	N	N	N	N	N	N	N	N	N	4.2565	7.6660	0.0000	1.9960	2.0617	0.0000	3.8647	6.6940	0.0000	0.1006	0.1172	0.0000	0.0177	0.0180	0.0000	0.1089	0.1287	0.0000	0.0236	0.0153	0.0348	0.0089	0.0087	0.0100	0.0282	0.0192	0.0360	0.0000	1.7085	-0.0017	0.0000	2.0031	2.9108	6.0601	14.2456	0.0031	0.0031	0.0000	0.0000	0.0000	0.0000	0.0031	0.0031	0.0000	0.0024	0.0009	0.0015	0.0002	0.0002	0.0000	0.0022	0.0007	0.0015	0.0312	0.0268	0.0044	0.0028	0.0028	0.0001	0.0284	0.0240	0.0044	0.1033	0.0590	0.0444	0.0242	0.0221	0.0021	0.0791	0.0369	0.0422	4.2565	7.6660	0.0000	1.9960	2.0617	0.0000	3.8647	6.6940	0.0000	0.0236	0.0153	0.0348	0.0089	0.0087	0.0100	0.0282	0.0192	0.0360
49	80	0.0451	3	0	1	0	0	0	0	0	0	N	N	N	N	N	N	N	N	N	N	N	N	0.0852	0.0627	0.0000	0.0000	0.0000	0.0000	0.0650	0.0375	0.0000	0.0501	0.0592	0.0000	0.0000	0.0000	0.0000	0.0529	0.0629	0.0000	0.5882	0.9438	0.0298	0.0052	0.0042	0.0291	0.8138	1.6797	0.0298	0.0000	0.0201	-0.0000	-0.0225	2.0031	0.1009	6.0601	7.5203	0.0000	0.0000	0.0000	0.0000	0.0000	0.0000	0.0000	0.0000	0.0000	0.0379	0.0371	0.0007	0.0001	0.0001	0.0000	0.0378	0.0370	0.0007	0.0010	0.0008	0.0002	0.0001	0.0001	0.0000	0.0009	0.0008	0.0002	0.0644	0.0393	0.0250	0.0180	0.0173	0.0007	0.0464	0.0220	0.0244	0.0852	0.0627	0.0000	0.0000	0.0000	0.0000	0.0650	0.0375	0.0000	0.5882	0.9438	0.0298	0.0052	0.0042	0.0291	0.8138	1.6797	0.0298
49	81	0.0426	2	0	1	0	0	0	0	0	0	N	N	N	N	N	N	N	N	N	N	N	N	0.0000	0.0000	0.0000	0.0000	0.0000	0.0000	0.0000	0.0000	0.0000	0.0000	0.0000	0.0000	0.0000	0.0000	0.0000	0.0000	0.0000	0.0000	0.0285	0.0484	0.0023	0.0078	0.0081	0.0000	0.0362	0.0824	0.0024	0.0366	0.0000	-0.0005	2.0031	0.0014	6.0601	3.7882	0.0000	0.0000	0.0000	0.0000	0.0000	0.0000	0.0000	0.0000	0.0000	0.0009	0.0009	0.0000	0.0001	0.0001	0.0000	0.0008	0.0008	0.0000	0.0000	0.0000	0.0000	0.0000	0.0000	0.0000	0.0000	0.0000	0.0000	0.0315	0.0179	0.0136	0.0085	0.0082	0.0003	0.0230	0.0097	0.0133	0.0000	0.0000	0.0000	0.0000	0.0000	0.0000	0.0000	0.0000	0.0000	0.0285	0.0484	0.0023	0.0078	0.0081	0.0000	0.0362	0.0824	0.0024	
49	82	0.0583	5	0	2	0	0	0	0	0	0	N	Y	N	N	N	N	N	N	N	N	N	N	0.0000	0.0000	0.0003	0.0000	0.0000	0.0055	0.0001	0.0000	0.0003	0.0004	0.0000	0.0025	0.0001	0.0001	0.0000	0.0004	0.0000	0.0026	7.9785	6.9243	9.4462	13.6889	14.3977	0.0033	5.5999	0.0153	9.7850	45.6011	0.9799	0.0000	-0.2169	2.0031	7.9116	6.0601	21.1247	0.0000	0.0000	0.0000	0.0000	0.0000	0.0000	0.0000	0.0000	0.0000	1.8105	0.9144	0.8960	0.9134	0.9134	0.0000	0.8971	0.0010	0.8960	0.0793	0.0674	0.0119	0.0063	0.0061	0.0002	0.0729	0.0613	0.0116	0.2269	0.1321	0.0949	0.0667	0.0634	0.0033	0.1602	0.0686	0.0916	0.0000	0.0000	0.0003	0.0000	0.0000	0.0055	0.0001	0.0000	0.0003	7.9785	6.9243	9.4462	13.6889	14.3977	0.0033	5.5999	0.0153	9.7850
49	83	0.0763	6	1	2	0	0	0	0	0	0	N	Y	N	N	N	N	N	N	N	N	N	N	0.0000	0.0000	0.0000	0.0000	0.0000	0.0000	0.0000	0.0000	0.0000	0.0000	0.0000	0.0000	0.0000	0.0000	0.0000	0.0000	0.0000	0.0000	0.0000	0.0000	2.0031	0.0000	6.0601	1.8333	0.0000	0.0000	0.0000	0.0000	0.0000	0.0000	0.0000	0.0000	0.0000	0.0000	0.0000	0.0000	0.0000	0.0000	0.0000	0.0000	0.0000	0.0000	0.0000	0.0000	0.0000	0.0000	0.0000	0.0000	0.0000	0.0000	0.0000	0.0162	0.0104	0.0058	0.0051	0.0049	0.0002	0.0111	0.0055	0.0056	0.0000	0.0000	0.0000	0.0000	0.0000	0.0000	0.0000	0.0000	0.0000	0.0000	0.0000	0.0000	0.0000	0.0000	0.0000	0.0000	0.0000	0.0000											
49	84	0.0583	5	1	2	0	0	0	0	0	0	N	Y	N	N	N	N	N	N	N	N	N	N	0.0127	0.0000	0.0415	0.0000	0.0000	0.0000	0.0112	0.0000	0.0412	0.0065	0.0000	0.0436	0.0000	0.0000	0.0000	0.0071	0.0000	0.0445	0.5141	0.1394	1.0493	0.2569	0.2627	0.1222	0.6375	0.0011	1.0803	61245.0133	5.2694	0.0002	0.0217	2.0031	6.9552	6.0601	13.1226	0.0005	0.0000	0.0005	0.0000	0.0000	0.0000	0.0005	0.0000	0.0005	0.0962	0.0153	0.0808	0.0156	0.0153	0.0003	0.0806	0.0001	0.0805	0.0706	0.0601	0.0105	0.0060	0.0058	0.0002	0.0646	0.0543	0.0103	0.1871	0.1100	0.0770	0.0607	0.0582	0.0025	0.1264	0.0519	0.0745	0.0127	0.0000	0.0415	0.0000	0.0000	0.0000	0.0112	0.0000	0.0412	0.5141	0.1394	1.0493	0.2569	0.2627	0.1222	0.6375	0.0011	1.0803
49	85	0.0553	4	0	2	0	0	0	0	0	0	N	Y	N	N	N	N	N	N	N	N	N	N	0.0000	0.0000	0.0004	0.0000	0.0000	0.0000	0.0001	0.0002	0.0004	0.0001	0.0000	0.0010	0.0000	0.0000	0.0000	0.0002	0.0000	0.0012	2.9639	3.1153	2.7536	5.5876	5.7425	0.3602	1.7043	0.0089	2.8082	36.7672	0.6362	0.0000	-0.0445	2.0031	0.3374	6.0601	6.1146	0.0000	0.0000	0.0000	0.0000	0.0000	0.0000	0.0000	0.0000	0.0000	0.1970	0.1204	0.0766	0.1204	0.1202	0.0002	0.0765	0.0002	0.0764	0.0049	0.0042	0.0006	0.0014	0.0014	0.0001	0.0034	0.0029	0.0006	0.0664	0.0386	0.0278	0.0216	0.0209	0.0006	0.0449	0.0177	0.0272	0.0000	0.0000	0.0004	0.0000	0.0000	0.0000	0.0001	0.0002	0.0004	2.9639	3.1153	2.7536	5.5876	5.7425	0.3602	1.7043	0.0089	2.8082
49	86	0.0553	4	0	2	0	0	0	0	0	0	N	Y	N	N	N	N	N	N	N	N	N	N	0.0000	0.0000	0.0000	0.0000	0.0000	0.0000	0.0000	0.0000	0.0000	0.0000	0.0000	0.0000	0.0000	0.0000	0.0000	0.0000	0.0000	0.0000	6.2782	11.1609	0.0426	27.3452	29.1097	0.0087	0.0243	0.0004	0.0437	0.0000	0.0030	-0.0000	-0.5839	2.0031	11.0342	6.0601	12.7513	0.0000	0.0000	0.0000	0.0000	0.0000	0.0000	0.0000	0.0000	0.0000	0.9545	0.9516	0.0028	0.9516	0.9516	0.0000	0.0028	0.0000	0.0028	0.1033	0.0875	0.0158	0.0054	0.0051	0.0003	0.0980	0.0824	0.0155	0.1520	0.0853	0.0668	0.0348	0.0327	0.0021	0.1172	0.0526	0.0647	0.0000	0.0000	0.0000	0.0000	0.0000	0.0000	0.0000	0.0000	0.0000	6.2782	11.1609	0.0426	27.3452	29.1097	0.0087	0.0243	0.0004	0.0437
49	87	0.0476	3	0	2	0	0	0	0	0	0	N	Y	N	N	N	N	N	N	N	N	N	N	0.0000	0.0000	0.0003	0.0000	0.0000	0.0000	0.0001	0.0000	0.0002	0.0000	0.0000	0.0000	0.0000	0.0000	0.0000	0.0000	0.0000	0.0000	1.2492	2.2900	0.0093	5.8041	6.3365	0.0005	0.0057	0.0006	0.0097	inf	0.0034	0.0000	-0.0499	2.0031	3.9739	6.0601	6.2820	0.0000	0.0000	0.0000	0.0000	0.0000	0.0000	0.0000	0.0000	0.0000	0.0816	0.0813	0.0003	0.0813	0.0813	0.0000	0.0003	0.0000	0.0003	0.0378	0.0319	0.0059	0.0016	0.0015	0.0001	0.0362	0.0304	0.0058	0.0653	0.0355	0.0298	0.0140	0.0128	0.0012	0.0513	0.0227	0.0286	0.0000	0.0000	0.0003	0.0000	0.0000	0.0000	0.0001	0.0000	0.0002	1.2492	2.2900	0.0093	5.8041	6.3365	0.0005	0.0057	0.0006	0.0097
49	88	0.0426	2	0	2	0	0	0	0	0	0	N	Y	N	N	N	N	N	N	N	N	N	N	0.0000	0.0000	0.0000	0.0000	0.0000	0.0000	0.0000	0.0000	0.0000	0.0000	0.0000	0.0000	0.0000	0.0000	0.0000	0.0000	0.0000	0.0049	0.0084	0.0005	0.0185	0.0195	0.0000	0.0006	0.0008	0.0005	0.0489	0.0000	-0.0001	2.0031	0.0056	6.0601	5.7021	0.0000	0.0000	0.0000	0.0000	0.0000	0.0000	0.0000	0.0000	0.0000	0.0002	0.0002	0.0000	0.0002	0.0002	0.0000	0.0000	0.0000	0.0000	0.0001	0.0000	0.0000	0.0000	0.0000	0.0000	0.0001	0.0000	0.0000	0.0417	0.0234	0.0184	0.0100	0.0095	0.0005	0.0317	0.0138	0.0179	0.0000	0.0000	0.0000	0.0000	0.0000	0.0000	0.0000	0.0000	0.0000	0.0049	0.0084	0.0005	0.0185	0.0195	0.0000	0.0006	0.0008	0.0005		
49	92	0.1311	6	0	1	0	0	0	0	0	0	N	N	N	N	N	N	N	N	N	N	N	N	0.0002	0.0000	0.1353	0.0000	0.0000	0.0388	0.0402	0.0244	0.1337	0.0006	0.0001	0.0039	0.0001	0.0000	0.0008	0.0007	0.0001	0.0041	2.6685	3.9944	0.0287	5.7246	6.6704	0.0195	0.0175	0.0041	0.0309	7.0371	0.0036	0.0000	-0.6127	2.0031	24.8682	6.0601	39.8855	0.0002	0.0000	0.0001	0.0000	0.0000	0.0000	0.0001	0.0000	0.0001	1.0026	0.9990	0.0036	0.9991	0.9986	0.0005	0.0035	0.0004	0.0031	0.2556	0.2216	0.0340	0.0460	0.0434	0.0026	0.2097	0.1782	0.0315	0.3757	0.2501	0.1256	0.1745	0.1497	0.0248	0.2012	0.1004	0.1008	0.0002	0.0000	0.1353	0.0000	0.0000	0.0388	0.0402	0.0244	0.1337	2.6685	3.9944	0.0287	5.7246	6.6704	0.0195	0.0175	0.0041	0.0309
50	56	0.0631	9	1	1	1	0	0	0	0	0	N	N	N	N	N	N	N	N	N	N	N	N	0.0000	0.0000	0.0000	0.0000	0.0000	0.0000	0.0000	0.0000	0.0000	0.0000	0.0000	0.0000	0.0000	0.0000	0.0000	0.0000	0.0000	0.0000	0.0000	0.0000	0.0004	0.0000	0.9852	10.9971	0.0000	0.0000	0.0000	0.0000	0.0000	0.0000	0.0000	0.0000	0.0000	0.0000	0.0000	0.0000	0.0000	0.0000	0.0000	0.0000	0.0000	0.0000	0.0000	0.0000	0.0000	0.0000	0.0000	0.0000	0.0000	0.0000	0.0000	0.0070	0.0040	0.0030	0.0018	0.0016	0.0003	0.0052	0.0025	0.0028	0.0000	0.0000	0.0000	0.0000	0.0000	0.0000	0.0000	0.0000	0.0000	0.0000	0.0000	0.0000	0.0000	0.0000	0.0000	0.0000	0.0000	0.0000											
50	57	0.1183	12	0	0	1	0	0	0	0	0	N	N	N	N	N	N	N	N	N	N	N	N	0.0068	0.0050	0.0000	0.0071	0.0063	0.0000	0.0000	0.0000	0.0000	0.0000	0.0000	0.0000	0.0000	0.0000	0.0000	0.0000	0.0025	0.0037	0.0000	0.0056	0.0065	0.0000	0.0000	0.0000	0.0000	0.0000	0.0000	-0.0000	-0.0000	0.0004	7.8198	0.9852	21.5823	0.0000	0.0000	0.0000	0.0000	0.0000	0.0000	0.0000	0.0000	0.0000	0.0001	0.0001	0.0000	0.0001	0.0001	0.0000	0.0000	0.0000	0.0000	0.0001	0.0001	0.0000	0.0000	0.0000	0.0000	0.0000	0.0000	0.0000	0.0313	0.0212	0.0101	0.0141	0.0122	0.0018	0.0172	0.0090	0.0083	0.0068	0.0050	0.0000	0.0071	0.0063	0.0000	0.0000	0.0000	0.0000	0.0025	0.0037	0.0000	0.0056	0.0065	0.0000	0.0000	0.0000	0.0000		
50	58	0.0988	13	1	1	2	0	0	0	0	0	N	N	Y	N	N	N	N	N	N	N	N	N	0.0000	0.0000	0.0000	0.0000	0.0000	0.0000	0.0000	0.0000	0.0000	0.0000	0.0000	0.0000	0.0000	0.0000	0.0000	0.0000	0.0000	0.0000	0.0000	0.0000	0.0004	2.0055	0.9852	11.8091	0.0000	0.0000	0.0000	0.0000	0.0000	0.0000	0.0000	0.0000	0.0000	0.0000	0.0000	0.0000	0.0000	0.0000	0.0000	0.0000	0.0000	0.0000	0.0000	0.0000	0.0000	0.0000	0.0000	0.0000	0.0000	0.0000	0.0000	0.0084	0.0050	0.0034	0.0025	0.0021	0.0004	0.0059	0.0029	0.0030	0.0000	0.0000	0.0000	0.0000	0.0000	0.0000	0.0000	0.0000	0.0000	0.0000	0.0000	0.0000	0.0000	0.0000	0.0000	0.0000	0.0000	0.0000											
50	59	0.0934	12	1	0	2	0	0	0	0	0	N	N	Y	N	N	N	N	N	N	N	N	N	0.0000	0.0000	0.0000	0.0000	0.0000	0.0000	0.0000	0.0000	0.0000	0.0000	0.0000	0.0000	0.0000	0.0000	0.0000	0.0000	0.0000	0.0000	0.0000	0.0000	0.0004	1.9951	0.9852	2.5667	0.0000	0.0000	0.0000	0.0000	0.0000	0.0000	0.0000	0.0000	0.0000	0.0000	0.0000	0.0000	0.0000	0.0000	0.0000	0.0000	0.0000	0.0000	0.0000	0.0000	0.0000	0.0000	0.0000	0.0000	0.0000	0.0000	0.0000	0.0035	0.0022	0.0013	0.0013	0.0011	0.0002	0.0023	0.0012	0.0011	0.0000	0.0000	0.0000	0.0000	0.0000	0.0000	0.0000	0.0000	0.0000	0.0000	0.0000	0.0000	0.0000	0.0000	0.0000	0.0000	0.0000	0.0000											
50	60	0.0866	11	1	0	2	0	0	0	0	0	N	N	Y	N	N	N	N	N	N	N	N	N	0.0000	0.0000	0.0000	0.0000	0.0000	0.0000	0.0000	0.0000	0.0000	0.0000	0.0000	0.0000	0.0000	0.0000	0.0000	0.0000	0.0000	0.0000	0.0000	0.0000	0.0004	0.0108	0.9852	3.6229	0.0000	0.0000	0.0000	0.0000	0.0000	0.0000	0.0000	0.0000	0.0000	0.0000	0.0000	0.0000	0.0000	0.0000	0.0000	0.0000	0.0000	0.0000	0.0000	0.0000	0.0000	0.0000	0.0000	0.0000	0.0000	0.0000	0.0000	0.0041	0.0031	0.0010	0.0020	0.0018	0.0002	0.0021	0.0013	0.0008	0.0000	0.0000	0.0000	0.0000	0.0000	0.0000	0.0000	0.0000	0.0000	0.0000	0.0000	0.0000	0.0000	0.0000	0.0000	0.0000	0.0000	0.0000											
50	61	0.0386	10	0	1	1	0	0	0	0	0	N	N	N	N	N	N	N	N	N	N	N	N	0.0000	0.0000	0.0000	0.0000	0.0000	0.0000	0.0000	0.0000	0.0000	0.0000	0.0000	0.0000	0.0000	0.0000	0.0000	0.0000	0.0000	0.0000	0.0000	0.0000	0.0004	4.0917	0.9852	8.0988	0.0000	0.0000	0.0000	0.0000	0.0000	0.0000	0.0000	0.0000	0.0000	0.0000	0.0000	0.0000	0.0000	0.0000	0.0000	0.0000	0.0000	0.0000	0.0000	0.0000	0.0000	0.0000	0.0000	0.0000	0.0000	0.0000	0.0000	0.0112	0.0071	0.0041	0.0035	0.0033	0.0002	0.0077	0.0038	0.0039	0.0000	0.0000	0.0000	0.0000	0.0000	0.0000	0.0000	0.0000	0.0000	0.0000	0.0000	0.0000	0.0000	0.0000	0.0000	0.0000	0.0000	0.0000											
50	62	0.0348	9	0	1	1	0	0	0	0	0	N	N	N	N	N	N	N	N	N	N	N	N	0.0000	0.0000	0.0000	0.0000	0.0000	0.0000	0.0000	0.0000	0.0000	0.0000	0.0000	0.0000	0.0000	0.0000	0.0000	0.0000	0.0000	0.0000	0.0000	0.0000	0.0000	0.0000	inf	0.0000	0.0000	0.0004	2.1165	0.9852	5.0852	0.0000	0.0000	0.0000	0.0000	0.0000	0.0000	0.0000	0.0000	0.0000	0.0000	0.0000	0.0000	0.0000	0.0000	0.0000	0.0000	0.0000	0.0000	0.0000	0.0000	0.0000	0.0000	0.0000	0.0000	0.0000	0.0000	0.0000	0.0054	0.0031	0.0024	0.0013	0.0012	0.0001	0.0041	0.0019	0.0023	0.0000	0.0000	0.0000	0.0000	0.0000	0.0000	0.0000	0.0000	0.0000	0.0000	0.0000	0.0000	0.0000	0.0000	0.0000	0.0000	0.0000	0.0000						
50	63	0.0866	11	1	0	2	0	0	0	0	0	N	N	Y	N	N	N	N	N	N	N	N	N	0.0000	0.0000	0.0000	0.0000	0.0000	0.0000	0.0000	0.0000	0.0000	0.0000	0.0000	0.0000	0.0000	0.0000	0.0000	0.0000	0.0000	0.0000	0.0000	0.0000	0.0004	3.9990	0.9852	8.8702	0.0000	0.0000	0.0000	0.0000	0.0000	0.0000	0.0000	0.0000	0.0000	0.0000	0.0000	0.0000	0.0000	0.0000	0.0000	0.0000	0.0000	0.0000	0.0000	0.0000	0.0000	0.0000	0.0000	0.0000	0.0000	0.0000	0.0000	0.0094	0.0061	0.0033	0.0036	0.0031	0.0006	0.0057	0.0030	0.0027	0.0000	0.0000	0.0000	0.0000	0.0000	0.0000	0.0000	0.0000	0.0000	0.0000	0.0000	0.0000	0.0000	0.0000	0.0000	0.0000	0.0000	0.0000											
50	64	0.0665	10	1	0	2	0	0	0	0	0	N	N	Y	N	N	N	N	N	N	N	N	N	inf	inf	inf	inf	0.0014	0.0016	0.0000	0.0039	0.0039	0.0000	0.0000	0.0000	0.0000	0.0000	0.0000	0.0000	0.0000	0.0000	0.0000	0.0000	0.0000	0.0000	0.0000	-0.0000	0.0000	0.0004	3.9972	0.9852	6.8232	0.0000	0.0000	0.0000	0.0000	0.0000	0.0000	0.0000	0.0000	0.0000	0.0000	0.0000	0.0000	0.0000	0.0000	0.0000	0.0000	0.0000	0.0000	0.0000	0.0000	0.0000	0.0000	0.0000	0.0000	0.0000	0.0000	0.0000	0.0086	0.0052	0.0035	0.0027	0.0024	0.0003	0.0059	0.0027	0.0032	inf	inf	0.0000	inf	inf	0.0000	0.0000	0.0000	0.0000	0.0000	0.0000	0.0000	0.0000	0.0000	0.0000	0.0000	0.0000	0.0000						
50	65	0.0425	10	0	1	1	0	0	0	0	0	N	N	N	N	N	N	N	N	N	N	N	N	21.0417	14.5543	0.0000	14.9008	13.5343	0.0000	0.0000	0.0001	0.0001	0.0000	0.0003	0.0003	0.0000	0.0000	0.0000	0.0000	0.0000	0.0000	0.0000	0.0000	0.0000	0.0000	0.0000	0.0000	0.0000	0.0000	0.0096	-0.0000	-0.0000	0.0004	15.6632	0.9852	35.0639	0.0000	0.0000	0.0000	0.0000	0.0000	0.0000	0.0000	0.0000	0.0000	0.0000	0.0000	0.0000	0.0000	0.0000	0.0000	0.0000	0.0000	0.0000	0.0001	0.0001	0.0000	0.0000	0.0000	0.0000	0.0001	0.0001	0.0000	0.0340	0.0212	0.0128	0.0090	0.0081	0.0009	0.0250	0.0131	0.0119	21.0417	14.5543	0.0000	14.9008	13.5343	0.0000	0.0000	0.0000	0.0000	0.0000	0.0000	0.0000	0.0000	0.0000	0.0000	0.0000	0.0000	0.0000		
50	66	0.0425	10	0	0	2	0	0	0	0	0	N	N	Y	N	N	N	N	N	N	N	N	N	0.0000	0.0000	0.0000	0.0000	0.0000	0.0000	0.0000	0.0000	0.0000	0.0000	0.0000	0.0000	0.0000	0.0000	0.0000	0.0000	0.0000	0.0000	0.0000	0.0000	0.0004	4.9998	0.9852	10.1184	0.0000	0.0000	0.0000	0.0000	0.0000	0.0000	0.0000	0.0000	0.0000	0.0000	0.0000	0.0000	0.0000	0.0000	0.0000	0.0000	0.0000	0.0000	0.0000	0.0000	0.0000	0.0000	0.0000	0.0000	0.0000	0.0000	0.0000	0.0179	0.0125	0.0055	0.0065	0.0061	0.0004	0.0115	0.0064	0.0051	0.0000	0.0000	0.0000	0.0000	0.0000	0.0000	0.0000	0.0000	0.0000	0.0000	0.0000	0.0000	0.0000	0.0000	0.0000	0.0000	0.0000	0.0000											
50	67	0.0317	8	0	1	1	0	0	0	0	0	N	N	N	N	N	N	N	N	N	N	N	N	0.0000	0.0000	0.0000	0.0000	0.0000	0.0000	0.0000	0.0000	0.0000	0.0000	0.0000	0.0000	0.0000	0.0000	0.0000	0.0000	0.0000	0.0000	0.0000	0.0000	0.0004	10.9928	0.9852	18.5513	0.0000	0.0000	0.0000	0.0000	0.0000	0.0000	0.0000	0.0000	0.0000	0.0000	0.0000	0.0000	0.0000	0.0000	0.0000	0.0000	0.0000	0.0000	0.0001	0.0001	0.0000	0.0000	0.0000	0.0000	0.0000	0.0000	0.0000	0.0192	0.0115	0.0077	0.0038	0.0034	0.0004	0.0154	0.0081	0.0073	0.0000	0.0000	0.0000	0.0000	0.0000	0.0000	0.0000	0.0000	0.0000	0.0000	0.0000	0.0000	0.0000	0.0000	0.0000	0.0000	0.0000	0.0000											
50	68	0.0317	7	0	0	1	0	0	0	0	0	N	N	N	N	N	N	N	N	N	N	N	N	0.0000	0.0000	0.0000	0.0000	0.0000	0.0000	0.0000	0.0000	0.0000	0.0000	0.0000	0.0000	0.0000	0.0000	0.0000	0.0000	0.0000	0.0000	0.0000	0.0000	0.0004	0.0861	0.9852	1.0715	0.0000	0.0000	0.0000	0.0000	0.0000	0.0000	0.0000	0.0000	0.0000	0.0000	0.0000	0.0000	0.0000	0.0000	0.0000	0.0000	0.0000	0.0000	0.0000	0.0000	0.0000	0.0000	0.0000	0.0000	0.0000	0.0000	0.0000	0.0040	0.0030	0.0011	0.0018	0.0018	0.0000	0.0023	0.0012	0.0010	0.0000	0.0000	0.0000	0.0000	0.0000	0.0000	0.0000	0.0000	0.0000	0.0000	0.0000	0.0000	0.0000	0.0000	0.0000	0.0000	0.0000	0.0000											
50	69	0.0961	11	1	0	2	0	0	0	0	0	N	N	Y	N	N	N	N	N	N	N	N	N	0.0000	0.0000	0.0000	0.0000	0.0000	0.0000	0.0000	0.0000	0.0000	0.0000	0.0000	0.0000	0.0000	0.0000	0.0000	0.0000	0.0000	0.0000	0.0000	0.0000	0.0004	1.0000	0.9852	3.0001	0.0000	0.0000	0.0000	0.0000	0.0000	0.0000	0.0000	0.0000	0.0000	0.0000	0.0000	0.0000	0.0000	0.0000	0.0000	0.0000	0.0000	0.0000	0.0000	0.0000	0.0000	0.0000	0.0000	0.0000	0.0000	0.0000	0.0000	0.0023	0.0013	0.0010	0.0006	0.0005	0.0001	0.0017	0.0008	0.0009	0.0000	0.0000	0.0000	0.0000	0.0000	0.0000	0.0000	0.0000	0.0000	0.0000	0.0000	0.0000	0.0000	0.0000	0.0000	0.0000	0.0000	0.0000											
50	70	0.0961	10	1	0	2	0	0	0	0	0	N	N	Y	N	N	N	N	N	N	N	N	N	0.0000	0.0000	0.0000	0.0000	0.0000	0.0000	0.0000	0.0000	0.0000	0.0000	0.0000	0.0000	0.0000	0.0000	0.0000	0.0000	0.0000	0.0000	0.0000	0.0000	0.0004	0.0000	0.9852	0.0009	0.0000	0.0000	0.0000	0.0000	0.0000	0.0000	0.0000	0.0000	0.0000	0.0000	0.0000	0.0000	0.0000	0.0000	0.0000	0.0000	0.0000	0.0000	0.0000	0.0000	0.0000	0.0000	0.0000	0.0000	0.0000	0.0000	0.0000	0.0000	0.0000	0.0000	0.0000	0.0000	0.0000	0.0000	0.0000	0.0000	0.0000	0.0000	0.0000	0.0000	0.0000	0.0000	0.0000	0.0000	0.0000	0.0000	0.0000	0.0000	0.0000	0.0000	0.0000	0.0000	0.0000	0.0000											
50	71	0.0631	9	1	0	2	0	0	0	0	0	N	N	Y	N	N	N	N	N	N	N	N	N	inf	inf	inf	inf	inf	inf	inf	inf	3.2398	1.5440	18.7305	1.6589	1.6692	0.0000	4.1797	1.4565	19.1781	0.0000	0.0000	0.0000	0.0000	0.0000	0.0000	0.0000	0.0000	0.0000	1.3281	0.0000	0.0000	0.0004	9.9966	0.9852	12.9129	0.0002	0.0001	0.0001	0.0000	0.0000	0.0000	0.0002	0.0001	0.0001	0.0000	0.0000	0.0000	0.0000	0.0000	0.0000	0.0000	0.0000	0.0000	0.0001	0.0001	0.0000	0.0000	0.0000	0.0000	0.0000	0.0000	0.0000	0.0134	0.0076	0.0058	0.0032	0.0027	0.0005	0.0101	0.0049	0.0053	inf	inf	inf	inf	inf	0.0000	inf	inf	inf	0.0000	0.0000	0.0000	0.0000	0.0000	0.0000	0.0000	0.0000	0.0000		
50	72	0.0299	8	0	1	1	1	0	0	0	0	N	N	N	N	N	N	N	N	N	N	N	N	0.0000	0.0000	0.0000	0.0000	0.0000	0.0000	0.0000	0.0000	0.0000	0.0000	0.0000	0.0000	0.0000	0.0000	0.0000	0.0000	0.0000	0.0000	0.0000	0.0000	0.0004	13.0000	0.9852	39.1663	0.0000	0.0000	0.0000	0.0000	0.0000	0.0000	0.0000	0.0000	0.0000	0.0000	0.0000	0.0000	0.0000	0.0000	0.0000	0.0000	0.0000	0.0000	0.0001	0.0001	0.0000	0.0000	0.0000	0.0000	0.0001	0.0000	0.0000	0.0279	0.0155	0.0124	0.0045	0.0039	0.0007	0.0234	0.0116	0.0118	0.0000	0.0000	0.0000	0.0000	0.0000	0.0000	0.0000	0.0000	0.0000	0.0000	0.0000	0.0000	0.0000	0.0000	0.0000	0.0000	0.0000	0.0000											
50	73	0.0274	7	0	1	1	0	0	0	0	0	N	N	N	N	N	N	N	N	N	N	N	N	0.0000	0.0000	0.0000	0.0000	0.0000	0.0000	0.0000	0.0000	0.0000	0.0000	0.0000	0.0000	0.0000	0.0000	0.0000	0.0000	0.0000	0.0000	0.0000	0.0000	0.0004	3.0003	0.9852	18.1082	0.0000	0.0000	0.0000	0.0000	0.0000	0.0000	0.0000	0.0000	0.0000	0.0000	0.0000	0.0000	0.0000	0.0000	0.0000	0.0000	0.0000	0.0000	0.0000	0.0000	0.0000	0.0000	0.0000	0.0000	0.0000	0.0000	0.0000	0.0154	0.0095	0.0059	0.0034	0.0031	0.0003	0.0120	0.0064	0.0056	0.0000	0.0000	0.0000	0.0000	0.0000	0.0000	0.0000	0.0000	0.0000	0.0000	0.0000	0.0000	0.0000	0.0000	0.0000	0.0000	0.0000	0.0000											
50	74	0.0665	10	0	1	1	0	0	0	0	0	N	N	N	N	N	N	N	N	N	N	N	N	inf	inf	inf	inf	0.0008	0.0009	0.0000	0.0023	0.0023	0.0000	0.0000	0.0000	0.0000	0.0000	0.0000	0.0000	0.0000	0.0000	0.0000	0.0000	0.0000	0.0000	0.0000	-0.0000	0.0000	0.0004	7.0046	0.9852	18.1036	0.0000	0.0000	0.0000	0.0000	0.0000	0.0000	0.0000	0.0000	0.0000	0.0000	0.0000	0.0000	0.0000	0.0000	0.0000	0.0000	0.0000	0.0000	0.0000	0.0000	0.0000	0.0000	0.0000	0.0000	0.0000	0.0000	0.0000	0.0161	0.0094	0.0067	0.0044	0.0038	0.0006	0.0117	0.0056	0.0061	inf	inf	0.0000	inf	inf	0.0000	0.0000	0.0000	0.0000	0.0000	0.0000	0.0000	0.0000	0.0000	0.0000	0.0000	0.0000	0.0000						
50	75	0.0631	9	0	0	1	0	0	0	0	0	N	N	N	N	N	N	N	N	N	N	N	N	68876.3872	264015.9513	9420.5396	inf	inf	6911.7731	0.0000	8779.4963	0.1457	0.1935	0.0377	0.3033	0.3044	0.0000	0.0210	0.0000	0.0378	0.0000	0.0000	0.0000	0.0000	0.0000	0.0000	0.0000	0.0000	0.0000	0.0863	4.0000	-0.0000	0.0000	0.0004	0.2435	0.9852	3.2922	0.0000	0.0000	0.0000	0.0000	0.0000	0.0000	0.0000	0.0000	0.0000	0.0000	0.0000	0.0000	0.0000	0.0000	0.0000	0.0000	0.0000	0.0000	0.0000	0.0000	0.0000	0.0000	0.0000	0.0000	0.0000	0.0000	0.0000	0.0028	0.0016	0.0012	0.0009	0.0008	0.0001	0.0020	0.0009	0.0011	68876.3872	264015.9513	9420.5396	inf	inf	0.0000	6911.7731	0.0000	8779.4963	0.0000	0.0000	0.0000	0.0000	0.0000	0.0000	0.0000	0.0000	0.0000	
50	76	0.0299	8	0	0	1	0	0	0	0	0	N	N	N	N	N	N	N	N	N	N	N	N	inf	inf	inf	inf	0.0105	0.0000	0.1181	0.0000	0.0000	0.0000	0.0166	0.0000	0.1215	0.0000	0.0000	0.0000	0.0000	0.0000	0.0000	0.0000	0.0000	0.0000	inf	0.0000	0.0000	0.0004	7.0044	0.9852	20.1113	0.0000	0.0000	0.0000	0.0000	0.0000	0.0000	0.0000	0.0000	0.0000	0.0000	0.0000	0.0000	0.0000	0.0000	0.0000	0.0000	0.0000	0.0000	0.0000	0.0000	0.0000	0.0000	0.0000	0.0000	0.0000	0.0000	0.0000	0.0161	0.0090	0.0071	0.0028	0.0025	0.0004	0.0133	0.0065	0.0068	inf	0.0000	inf	0.0000	0.0000	0.0000	inf	0.0000	inf	0.0000	0.0000	0.0000	0.0000	0.0000	0.0000	0.0000	0.0000	0.0000						
50	77	0.0321	8	0	1	1	0	0	0	0	0	N	N	N	N	N	N	N	N	N	N	N	N	0.0000	0.0000	0.0000	0.0000	0.0000	0.0000	0.0000	0.0000	0.0000	0.0000	0.0000	0.0000	0.0000	0.0006	0.0010	0.0000	0.0024	0.0027	0.0000	0.0000	0.0000	0.0000	0.0000	0.0000	-0.0000	0.0004	8.6571	0.9852	16.0761	0.0000	0.0000	0.0000	0.0000	0.0000	0.0000	0.0000	0.0000	0.0000	0.0000	0.0000	0.0000	0.0000	0.0000	0.0000	0.0000	0.0000	0.0000	0.0001	0.0001	0.0000	0.0000	0.0000	0.0000	0.0000	0.0000	0.0000	0.0165	0.0101	0.0064	0.0041	0.0036	0.0005	0.0124	0.0065	0.0059	0.0000	0.0000	0.0000	0.0000	0.0000	0.0000	0.0000	0.0000	0.0000	0.0006	0.0010	0.0000	0.0024	0.0027	0.0000	0.0000	0.0000	0.0000						
50	78	0.0317	7	0	1	1	0	0	0	0	0	N	N	N	N	N	N	N	N	N	N	N	N	0.0000	0.0000	0.0000	0.0000	0.0000	0.0000	0.0000	0.0000	0.0000	0.0000	0.0000	0.0000	0.0000	0.0000	0.0000	0.0000	0.0000	0.0000	0.0000	0.0000	0.0000	0.0000	0.0000	0.0000	-0.0000	0.0004	0.3645	0.9852	1.9845	0.0000	0.0000	0.0000	0.0000	0.0000	0.0000	0.0000	0.0000	0.0000	0.0000	0.0000	0.0000	0.0000	0.0000	0.0000	0.0000	0.0000	0.0000	0.0000	0.0000	0.0000	0.0000	0.0000	0.0000	0.0000	0.0000	0.0000	0.0047	0.0034	0.0014	0.0019	0.0018	0.0000	0.0029	0.0015	0.0013	0.0000	0.0000	0.0000	0.0000	0.0000	0.0000	0.0000	0.0000	0.0000	0.0000	0.0000	0.0000	0.0000	0.0000	0.0000	0.0000	0.0000	0.0000						
50	79	0.0222	6	0	0	1	0	0	0	0	0	N	N	N	N	N	N	N	N	N	N	N	N	0.0000	0.0000	0.0000	0.0000	0.0000	0.0000	0.0000	0.0000	0.0000	0.0000	0.0000	0.0000	0.0000	0.0000	0.0000	0.0000	0.0000	0.0000	0.0000	0.0000	0.0004	2.9108	0.9852	14.2456	0.0000	0.0000	0.0000	0.0000	0.0000	0.0000	0.0000	0.0000	0.0000	0.0000	0.0000	0.0000	0.0000	0.0000	0.0000	0.0000	0.0000	0.0000	0.0000	0.0000	0.0000	0.0000	0.0000	0.0000	0.0000	0.0000	0.0000	0.0121	0.0073	0.0048	0.0019	0.0017	0.0001	0.0102	0.0056	0.0046	0.0000	0.0000	0.0000	0.0000	0.0000	0.0000	0.0000	0.0000	0.0000	0.0000	0.0000	0.0000	0.0000	0.0000	0.0000	0.0000	0.0000	0.0000											
50	82	0.0455	11	0	1	1	0	0	0	0	0	N	N	N	N	N	N	N	N	N	N	N	N	0.0000	0.0000	0.0000	0.0000	0.0000	0.0000	0.0000	0.0000	0.0000	0.0000	0.0000	0.0000	0.0000	0.0000	0.0000	0.0000	0.0000	0.0000	0.0000	0.0000	0.0004	7.9116	0.9852	21.1247	0.0000	0.0000	0.0000	0.0000	0.0000	0.0000	0.0000	0.0000	0.0000	0.0000	0.0000	0.0000	0.0000	0.0000	0.0000	0.0000	0.0000	0.0000	0.0001	0.0000	0.0000	0.0000	0.0000	0.0000	0.0000	0.0000	0.0000	0.0214	0.0131	0.0083	0.0059	0.0054	0.0006	0.0155	0.0077	0.0077	0.0000	0.0000	0.0000	0.0000	0.0000	0.0000	0.0000	0.0000	0.0000	0.0000	0.0000	0.0000	0.0000	0.0000	0.0000	0.0000	0.0000	0.0000											
50	83	0.0635	12	1	1	1	0	0	0	0	0	N	N	N	N	N	N	N	N	N	N	N	N	0.0000	0.0000	0.0000	0.0000	0.0000	0.0000	0.0000	0.0000	0.0000	0.0000	0.0000	0.0000	0.0000	0.0000	0.0000	0.0000	0.0000	0.0000	0.0000	0.0000	0.0004	0.0000	0.9852	1.8333	0.0000	0.0000	0.0000	0.0000	0.0000	0.0000	0.0000	0.0000	0.0000	0.0000	0.0000	0.0000	0.0000	0.0000	0.0000	0.0000	0.0000	0.0000	0.0000	0.0000	0.0000	0.0000	0.0000	0.0000	0.0000	0.0000	0.0000	0.0019	0.0012	0.0006	0.0006	0.0006	0.0000	0.0012	0.0006	0.0006	0.0000	0.0000	0.0000	0.0000	0.0000	0.0000	0.0000	0.0000	0.0000	0.0000	0.0000	0.0000	0.0000	0.0000	0.0000	0.0000	0.0000	0.0000											
50	84	0.0455	11	1	1	1	0	0	0	0	0	N	N	N	N	N	N	N	N	N	N	N	N	0.0000	0.0000	0.0000	0.0000	0.0000	0.0000	0.0000	0.0000	0.0000	0.0000	0.0000	0.0000	0.0000	0.0000	0.0000	0.0000	0.0000	0.0000	0.0000	0.0000	0.0004	6.9552	0.9852	13.1226	0.0000	0.0000	0.0000	0.0000	0.0000	0.0000	0.0000	0.0000	0.0000	0.0000	0.0000	0.0000	0.0000	0.0000	0.0000	0.0000	0.0000	0.0000	0.0000	0.0000	0.0000	0.0000	0.0000	0.0000	0.0000	0.0000	0.0000	0.0170	0.0107	0.0063	0.0052	0.0048	0.0004	0.0118	0.0059	0.0059	0.0000	0.0000	0.0000	0.0000	0.0000	0.0000	0.0000	0.0000	0.0000	0.0000	0.0000	0.0000	0.0000	0.0000	0.0000	0.0000	0.0000	0.0000											
50	85	0.0425	10	0	1	1	0	0	0	0	0	N	N	N	N	N	N	N	N	N	N	N	N	0.0000	0.0000	0.0000	0.0000	0.0000	0.0000	0.0000	0.0000	0.0000	0.0000	0.0000	0.0000	0.0000	0.0000	0.0000	0.0000	0.0000	0.0000	0.0000	0.0000	0.0004	0.3374	0.9852	6.1146	0.0000	0.0000	0.0000	0.0000	0.0000	0.0000	0.0000	0.0000	0.0000	0.0000	0.0000	0.0000	0.0000	0.0000	0.0000	0.0000	0.0000	0.0000	0.0000	0.0000	0.0000	0.0000	0.0000	0.0000	0.0000	0.0000	0.0000	0.0068	0.0042	0.0026	0.0022	0.0021	0.0001	0.0047	0.0021	0.0025	0.0000	0.0000	0.0000	0.0000	0.0000	0.0000	0.0000	0.0000	0.0000	0.0000	0.0000	0.0000	0.0000	0.0000	0.0000	0.0000	0.0000	0.0000											
50	86	0.0425	10	0	1	1	0	0	0	0	0	N	N	N	N	N	N	N	N	N	N	N	N	0.0000	0.0000	0.0000	0.0000	0.0000	0.0000	0.0000	0.0000	0.0000	0.0000	0.0000	0.0000	0.0000	0.0000	0.0000	0.0000	0.0000	0.0000	0.0000	0.0000	0.0004	11.0342	0.9852	12.7513	0.0000	0.0000	0.0000	0.0000	0.0000	0.0000	0.0000	0.0000	0.0000	0.0000	0.0000	0.0000	0.0000	0.0000	0.0000	0.0000	0.0000	0.0000	0.0001	0.0001	0.0000	0.0000	0.0000	0.0000	0.0000	0.0000	0.0000	0.0160	0.0094	0.0066	0.0036	0.0033	0.0003	0.0124	0.0061	0.0063	0.0000	0.0000	0.0000	0.0000	0.0000	0.0000	0.0000	0.0000	0.0000	0.0000	0.0000	0.0000	0.0000	0.0000	0.0000	0.0000	0.0000	0.0000											
50	87	0.0348	9	0	1	1	0	0	0	0	0	N	N	N	N	N	N	N	N	N	N	N	N	0.0000	0.0000	0.0000	0.0000	0.0000	0.0000	0.0000	0.0000	0.0000	0.0000	0.0000	0.0000	0.0000	0.0000	0.0000	0.0000	0.0000	0.0000	0.0000	0.0000	0.0004	3.9739	0.9852	6.2820	0.0000	0.0000	0.0000	0.0000	0.0000	0.0000	0.0000	0.0000	0.0000	0.0000	0.0000	0.0000	0.0000	0.0000	0.0000	0.0000	0.0000	0.0000	0.0000	0.0000	0.0000	0.0000	0.0000	0.0000	0.0000	0.0000	0.0000	0.0072	0.0040	0.0031	0.0016	0.0014	0.0002	0.0056	0.0026	0.0030	0.0000	0.0000	0.0000	0.0000	0.0000	0.0000	0.0000	0.0000	0.0000	0.0000	0.0000	0.0000	0.0000	0.0000	0.0000	0.0000	0.0000	0.0000											
50	88	0.0299	8	0	1	1	0	0	0	0	0	N	N	N	N	N	N	N	N	N	N	N	N	0.0000	0.0000	0.0000	0.0000	0.0000	0.0000	0.0000	0.0000	0.0000	0.0000	0.0000	0.0000	0.0000	0.0000	0.0000	0.0000	0.0000	0.0000	0.0000	0.0000	0.0004	0.0056	0.9852	5.7021	0.0000	0.0000	0.0000	0.0000	0.0000	0.0000	0.0000	0.0000	0.0000	0.0000	0.0000	0.0000	0.0000	0.0000	0.0000	0.0000	0.0000	0.0000	0.0000	0.0000	0.0000	0.0000	0.0000	0.0000	0.0000	0.0000	0.0000	0.0047	0.0027	0.0020	0.0012	0.0011	0.0001	0.0035	0.0016	0.0019	0.0000	0.0000	0.0000	0.0000	0.0000	0.0000	0.0000	0.0000	0.0000	0.0000	0.0000	0.0000	0.0000	0.0000	0.0000	0.0000	0.0000	0.0000											
50	92	0.1183	12	0	0	1	0	0	0	0	0	N	N	N	N	N	N	N	N	N	N	N	N	0.1044	0.0733	0.0000	0.1743	0.1518	0.0000	0.0000	0.0000	0.0004	0.0004	0.0000	0.0009	0.0009	0.0000	0.0000	0.0000	0.0000	0.0034	0.0053	0.0000	0.0051	0.0059	0.0000	0.0024	0.0047	0.0000	0.0000	0.0000	-0.0000	-0.0001	0.0004	24.8682	0.9852	39.8855	0.0000	0.0000	0.0000	0.0000	0.0000	0.0000	0.0000	0.0000	0.0000	0.0001	0.0001	0.0000	0.0001	0.0001	0.0000	0.0001	0.0001	0.0000	0.0002	0.0002	0.0000	0.0001	0.0001	0.0000	0.0001	0.0001	0.0000	0.0424	0.0273	0.0151	0.0161	0.0139	0.0022	0.0263	0.0134	0.0129	0.1044	0.0733	0.0000	0.1743	0.1518	0.0000	0.0000	0.0000	0.0000	0.0034	0.0053	0.0000	0.0051	0.0059	0.0000	0.0024	0.0047	0.0000	
51	56	0.0631	8	1	1	0	0	0	0	0	0	N	N	N	N	N	N	N	N	N	N	N	N	0.0000	0.0000	0.0000	0.0000	0.0000	0.0000	0.0000	0.0000	0.0000	0.0000	0.0000	0.0000	0.0000	0.0000	0.0000	0.0000	0.0000	0.0000	0.0000	0.0000	10.7574	0.0000	12.9024	10.9971	0.0000	0.0000	0.0000	0.0000	0.0000	0.0000	0.0000	0.0000	0.0000	0.0000	0.0000	0.0000	0.0000	0.0000	0.0000	0.0000	0.0000	0.0000	0.0000	0.0000	0.0000	0.0000	0.0000	0.0000	0.0000	0.0000	0.0000	0.1646	0.0907	0.0738	0.0358	0.0316	0.0042	0.1288	0.0591	0.0696	0.0000	0.0000	0.0000	0.0000	0.0000	0.0000	0.0000	0.0000	0.0000	0.0000	0.0000	0.0000	0.0000	0.0000	0.0000	0.0000	0.0000	0.0000											
51	57	0.1183	11	0	0	0	0	0	0	0	0	N	N	N	N	N	N	N	N	N	N	N	N	0.7277	5.9964	0.0001	89.0355	159.4848	0.0147	0.1105	0.7471	0.0001	1.1391	1.2972	0.0006	3.1602	3.2850	0.0026	0.3000	0.3557	0.0004	1.5653	0.2163	4.4348	0.0355	0.0206	0.1752	2.7160	0.4761	5.0674	0.0001	9.6377	-0.4087	0.3384	10.7574	7.8198	12.9024	21.5823	0.7456	0.7455	0.0000	0.6068	0.6068	0.0000	0.1388	0.1387	0.0000	1.1619	0.1092	1.0527	0.0113	0.0059	0.0054	1.1506	0.1033	1.0473	0.6546	0.5747	0.0798	0.1920	0.1847	0.0073	0.4625	0.3900	0.0725	0.7423	0.5049	0.2374	0.3187	0.2880	0.0307	0.4236	0.2170	0.2067	0.7277	5.9964	0.0001	89.0355	159.4848	0.0147	0.1105	0.7471	0.0001	1.5653	0.2163	4.4348	0.0355	0.0206	0.1752	2.7160	0.4761	5.0674
51	58	0.0988	12	1	1	1	0	0	0	0	0	N	N	N	N	N	N	N	N	N	N	N	N	0.0032	0.0022	0.0000	0.0108	0.0100	0.0000	0.0000	0.0000	0.0000	0.0000	0.0000	0.0000	0.0000	0.0000	0.0000	0.0000	0.0001	0.0002	0.0000	0.0004	0.0004	0.0000	0.0000	0.0000	0.0000	0.0000	0.0103	-0.0000	-0.0000	10.7574	2.0055	12.9024	11.8091	0.0000	0.0000	0.0000	0.0000	0.0000	0.0000	0.0000	0.0000	0.0000	0.0000	0.0000	0.0000	0.0000	0.0000	0.0000	0.0000	0.0000	0.0000	0.1022	0.0867	0.0155	0.0077	0.0073	0.0005	0.0945	0.0794	0.0151	0.1937	0.1112	0.0825	0.0493	0.0426	0.0067	0.1445	0.0686	0.0758	0.0032	0.0022	0.0000	0.0108	0.0100	0.0000	0.0000	0.0000	0.0000	0.0001	0.0002	0.0000	0.0004	0.0004	0.0000	0.0000	0.0000	0.0000		
51	59	0.0934	11	1	0	1	0	0	0	0	0	N	N	N	N	N	N	N	N	N	N	N	N	0.1409	0.0013	1.0563	0.0077	0.0073	0.0000	0.3107	0.6722	0.9965	0.0001	0.0000	0.0007	0.0000	0.0000	0.0000	0.0001	0.0000	0.0007	0.0007	0.0008	0.0006	0.0015	0.0017	0.0000	0.0003	0.0000	0.0007	115.3659	0.4970	0.0000	-0.0000	10.7574	1.9951	12.9024	2.5667	0.0000	0.0000	0.0000	0.0000	0.0000	0.0000	0.0000	0.0000	0.0000	0.0001	0.0000	0.0000	0.0000	0.0000	0.0000	0.0000	0.0000	0.0000	0.1014	0.0860	0.0154	0.0073	0.0069	0.0004	0.0941	0.0791	0.0150	0.0820	0.0507	0.0313	0.0259	0.0232	0.0027	0.0561	0.0275	0.0287	0.1409	0.0013	1.0563	0.0077	0.0073	0.0000	0.3107	0.6722	0.9965	0.0007	0.0008	0.0006	0.0015	0.0017	0.0000	0.0003	0.0000	0.0007
51	60	0.0866	10	1	0	1	0	0	0	0	0	N	N	N	N	N	N	N	N	N	N	N	N	77.2893	0.2735	10483.9242	1.7748	0.4018	6274302.1124	5162.6922	0.0000	8533.2064	2.8539	0.0134	17.3232	0.1399	0.0353	16.6387	4.1247	0.0000	17.3317	0.0369	0.0489	0.0017	0.0788	0.0878	0.0000	0.0008	0.0000	0.0020	254.1583	0.0115	0.0011	-0.0020	10.7574	0.0108	12.9024	3.6229	0.0026	0.0000	0.0025	0.0000	0.0000	0.0000	0.0025	0.0000	0.0025	0.0034	0.0034	0.0000	0.0034	0.0034	0.0000	0.0000	0.0000	0.0000	0.0009	0.0007	0.0001	0.0003	0.0003	0.0000	0.0006	0.0005	0.0001	0.0918	0.0685	0.0233	0.0425	0.0381	0.0043	0.0493	0.0304	0.0189	77.2893	0.2735	10483.9242	1.7748	0.4018	6274302.1124	5162.6922	0.0000	8533.2064	0.0369	0.0489	0.0017	0.0788	0.0878	0.0000	0.0008	0.0000	0.0020
51	61	0.0386	9	0	1	0	0	0	0	0	0	N	N	N	N	N	N	N	N	N	N	N	N	0.0000	0.0000	0.0000	0.0000	0.0000	0.0000	0.0000	0.0000	0.0000	0.0000	0.0000	0.0000	0.0000	0.0000	0.0000	0.0000	0.0000	3.8361	6.2044	0.0000	0.0016	0.0017	0.0000	5.3706	11.1146	0.0000	0.0000	0.0000	-0.6124	10.7574	4.0917	12.9024	8.0988	0.0000	0.0000	0.0000	0.0000	0.0000	0.0000	0.0000	0.0000	0.0000	0.9962	0.9962	0.0000	0.0001	0.0001	0.0000	0.9960	0.9960	0.0000	0.2321	0.1986	0.0335	0.0273	0.0264	0.0009	0.2048	0.1723	0.0326	0.2597	0.1606	0.0991	0.0742	0.0709	0.0033	0.1855	0.0896	0.0958	0.0000	0.0000	0.0000	0.0000	0.0000	0.0000	0.0000	0.0000	0.0000	3.8361	6.2044	0.0000	0.0016	0.0017	0.0000	5.3706	11.1146	0.0000		
51	62	0.0348	8	0	1	0	0	0	0	0	0	N	N	N	N	N	N	N	N	N	N	N	N	0.0009	0.0003	0.0326	0.0131	0.0129	0.0000	0.0004	0.0000	0.0325	0.0000	0.0000	0.0001	0.0002	0.0003	0.0000	0.0000	0.0000	0.0001	0.0327	0.0578	0.0026	0.0185	0.0200	0.0005	0.0365	0.0786	0.0027	0.8307	0.0374	-0.0000	-0.0024	10.7574	2.1165	12.9024	5.0852	0.0000	0.0000	0.0000	0.0000	0.0000	0.0000	0.0000	0.0000	0.0000	0.0042	0.0040	0.0001	0.0005	0.0005	0.0000	0.0037	0.0035	0.0001	0.1075	0.0909	0.0167	0.0070	0.0066	0.0004	0.1005	0.0843	0.0162	0.1271	0.0694	0.0578	0.0267	0.0246	0.0020	0.1005	0.0447	0.0558	0.0009	0.0003	0.0326	0.0131	0.0129	0.0000	0.0004	0.0000	0.0325	0.0327	0.0578	0.0026	0.0185	0.0200	0.0005	0.0365	0.0786	0.0027
51	63	0.0866	10	1	0	1	0	0	0	0	0	N	N	N	N	N	N	N	N	N	N	N	N	0.0028	0.0002	0.0058	0.7157	0.0016	6.3741	0.0020	0.0000	0.0050	0.0129	0.0000	0.0942	0.0024	0.0000	0.0406	0.0136	0.0000	0.0957	4.6358	0.0013	16.3203	0.0033	0.0029	0.0064	6.9133	0.0000	19.1670	48020.1243	5631.9521	0.0012	0.3839	10.7574	3.9990	12.9024	8.8702	0.0025	0.0000	0.0025	0.0000	0.0000	0.0000	0.0025	0.0000	0.0025	0.9969	0.0002	0.9967	0.0002	0.0002	0.0001	0.9967	0.0000	0.9967	0.1972	0.1702	0.0271	0.0126	0.0118	0.0007	0.1847	0.1583	0.0263	0.2150	0.1343	0.0807	0.0709	0.0615	0.0094	0.1442	0.0729	0.0713	0.0028	0.0002	0.0076	0.7157	0.0016	6.3741	0.0020	0.0000	0.0068	4.6358	0.0013	12.3494	0.0033	0.0029	0.0064	6.9133	0.0000	13.9795
51	64	0.0665	9	1	0	1	0	0	0	0	0	N	N	N	N	N	N	N	N	N	N	N	N	364.5489	0.3106	1641.6840	1.5638	1.4510	196.4312	455.0775	0.1787	1597.5399	9.4508	0.0052	64.0591	0.0534	0.0536	0.0498	10.3186	0.0002	65.7543	0.0259	0.0169	0.0390	0.0342	0.0370	0.0003	0.0227	0.0010	0.0412	2112.7361	1.5950	0.9007	-0.0000	10.7574	3.9972	12.9024	6.8232	1.9956	0.0009	1.9947	0.0010	0.0009	0.0000	1.9947	0.0000	1.9947	0.0053	0.0021	0.0033	0.0020	0.0020	0.0000	0.0033	0.0001	0.0033	0.2112	0.1800	0.0311	0.0179	0.0170	0.0008	0.1933	0.1630	0.0303	0.2055	0.1216	0.0839	0.0581	0.0537	0.0044	0.1475	0.0679	0.0795	364.5489	0.3106	1641.6840	1.5638	1.4510	196.4312	455.0775	0.1787	1597.5399	0.0259	0.0169	0.0390	0.0342	0.0370	0.0003	0.0227	0.0010	0.0412
51	65	0.0425	9	0	1	0	0	0	0	0	0	N	N	N	N	N	N	N	N	N	N	N	N	1.1534	278.4604	0.0000	0.1129	0.1132	0.0357	0.9849	137658.0561	0.0000	1.2772	1.5040	0.0000	0.0016	0.0017	0.0000	1.4161	1.6841	0.0000	1.1074	0.0054	2.8150	0.0142	0.0152	0.0006	1.4377	0.0000	2.9429	0.0000	336.3560	-0.5482	0.3368	10.7574	15.6632	12.9024	35.0639	1.0001	1.0001	0.0000	0.0001	0.0001	0.0000	1.0000	1.0000	0.0000	0.8810	0.0026	0.8783	0.0026	0.0026	0.0000	0.8783	0.0000	0.8783	0.7830	0.6650	0.1180	0.0769	0.0712	0.0057	0.7062	0.5938	0.1124	0.7955	0.4835	0.3120	0.1846	0.1710	0.0136	0.6109	0.3125	0.2985	1.1534	278.4604	0.0000	0.1129	0.1132	0.0357	0.9849	137658.0561	0.0000	1.1074	0.0054	2.8150	0.0142	0.0152	0.0006	1.4377	0.0000	2.9429
51	66	0.0425	9	0	0	1	0	0	0	0	0	N	N	N	N	N	N	N	N	N	N	N	N	0.0023	0.0019	6.9607	7.2658	0.0000	0.0000	0.0056	0.0065	0.0000	0.0336	0.0367	0.0000	0.0000	0.0000	0.0000	2.3836	3.5097	0.0000	0.0048	0.0050	0.0000	3.6111	6.7398	0.0000	0.0000	0.0000	-0.0009	-0.6151	10.7574	4.9998	12.9024	10.1184	0.0016	0.0016	0.0000	0.0016	0.0016	0.0000	0.0000	0.0000	0.0000	1.0005	1.0005	0.0000	0.0007	0.0007	0.0000	0.9999	0.9999	0.0000	0.2825	0.2407	0.0418	0.0467	0.0428	0.0039	0.2358	0.1979	0.0379	0.4198	0.2851	0.1347	0.1429	0.1367	0.0061	0.2769	0.1484	0.1285	0.0023	0.0019	0.0000	6.9607	7.2658	0.0000	0.0000	0.0000	0.0000	2.3836	3.5097	0.0000	0.0048	0.0050	0.0000	3.6111	6.7398	0.0000			
51	67	0.0317	7	0	1	0	0	0	0	0	0	N	N	N	N	N	N	N	N	N	N	N	N	0.5192	0.3578	0.8242	0.0001	0.0000	0.0369	16.6730	13585.6262	0.9022	0.0001	0.0001	0.0000	0.0000	0.0000	0.0000	0.0001	0.0001	0.0000	0.0001	0.0002	0.0000	0.0007	0.0007	0.0000	0.0000	0.0000	0.0000	0.0172	0.0315	-0.0000	-0.0000	10.7574	10.9928	12.9024	18.5513	0.0000	0.0000	0.0000	0.0000	0.0000	0.0000	0.0000	0.0000	0.0000	0.0000	0.0000	0.0000	0.0000	0.0000	0.0000	0.0000	0.0000	0.0000	0.5398	0.4607	0.0791	0.0426	0.0391	0.0036	0.4972	0.4216	0.0756	0.4452	0.2582	0.1870	0.0719	0.0671	0.0047	0.3733	0.1910	0.1823	0.5192	0.3578	0.8242	0.0001	0.0000	0.0369	16.6730	13585.6262	0.9022	0.0001	0.0002	0.0000	0.0007	0.0007	0.0000	0.0000	0.0000	0.0000
51	68	0.0317	6	0	0	0	0	0	0	0	0	N	N	N	N	N	N	N	N	N	N	N	N	0.0860	0.0585	0.3133	0.1059	0.1070	0.0296	0.0757	0.0062	0.3256	0.0001	0.0001	0.0005	0.0001	0.0001	0.0001	0.0001	0.0000	0.0005	0.0010	0.0009	0.0015	0.0012	0.0012	0.0025	0.0009	0.0004	0.0015	0.9433	0.6375	-0.0000	-0.0000	10.7574	0.0861	12.9024	1.0715	0.0000	0.0000	0.0000	0.0000	0.0000	0.0000	0.0000	0.0000	0.0000	0.0001	0.0001	0.0000	0.0000	0.0000	0.0000	0.0000	0.0000	0.0000	0.0118	0.0107	0.0011	0.0041	0.0040	0.0000	0.0077	0.0067	0.0010	0.0892	0.0654	0.0238	0.0383	0.0380	0.0002	0.0509	0.0274	0.0235	0.0860	0.0585	0.3133	0.1059	0.1070	0.0296	0.0757	0.0062	0.3256	0.0010	0.0009	0.0015	0.0012	0.0012	0.0025	0.0009	0.0004	0.0015
51	69	0.0961	10	1	0	1	0	0	0	0	0	N	N	N	N	N	N	N	N	N	N	N	N	0.0000	0.0000	0.0000	0.0000	0.0000	0.0000	0.0000	0.0000	0.0000	0.0000	0.0000	0.0000	0.0000	0.0000	0.0000	0.0000	0.0014	0.0006	0.0024	0.0015	0.0018	0.0000	0.0014	0.0000	0.0026	2.7736	0.0000	0.0000	10.7574	1.0000	12.9024	3.0001	0.0000	0.0000	0.0000	0.0000	0.0000	0.0000	0.0000	0.0000	0.0000	0.0001	0.0000	0.0001	0.0000	0.0000	0.0000	0.0001	0.0000	0.0001	0.0530	0.0452	0.0078	0.0080	0.0076	0.0004	0.0451	0.0376	0.0074	0.0537	0.0308	0.0229	0.0130	0.0112	0.0018	0.0407	0.0196	0.0212	0.0000	0.0000	0.0000	0.0000	0.0000	0.0000	0.0000	0.0000	0.0000	0.0014	0.0006	0.0024	0.0015	0.0018	0.0000	0.0014	0.0000	0.0026			
51	70	0.0961	9	1	0	1	0	0	0	0	0	N	N	N	N	N	N	N	N	N	N	N	N	0.0000	0.0000	0.0000	0.0000	0.0000	0.0000	0.0000	0.0000	0.0000	0.0000	0.0000	0.0000	0.0000	0.0000	0.0000	0.0000	2.6555	2.3695	3.0201	2.9747	3.0208	0.0000	2.3982	0.0000	3.0676	1.0000	0.0000	-0.0000	10.7574	0.0000	12.9024	0.0009	0.0000	0.0000	0.0000	0.0000	0.0000	0.0000	0.0000	0.0000	0.0000	0.0002	0.0001	0.0001	0.0001	0.0001	0.0000	0.0001	0.0000	0.0001	0.0000	0.0000	0.0000	0.0000	0.0000	0.0000	0.0000	0.0000	0.0000	0.0001	0.0000	0.0000	0.0000	0.0000	0.0000	0.0000	0.0000	0.0000	0.0000	0.0000	0.0000	0.0000	0.0000	0.0000	0.0000	0.0000	0.0000	2.6555	2.3695	3.0201	2.9747	3.0208	0.0000	2.3982	0.0000	3.0676			
51	71	0.0631	8	1	0	1	0	0	0	0	0	N	N	N	N	N	N	N	N	N	N	N	N	1.9268	19408.9895	2.0495	18859.4731	17357.1127	1.4333	inf	1.9780	5.6848	4.3140	13.3727	11.5004	12.2237	0.0000	5.2839	3.7050	13.7187	2.9504	0.0002	6.5249	0.0006	0.0007	0.0000	3.6864	0.0000	6.9357	0.5527	24229.4761	-0.5377	0.3561	10.7574	9.9966	12.9024	12.9129	2.7976	1.8017	0.9959	0.3650	0.3650	0.0000	2.4326	1.4367	0.9959	0.9243	0.0000	0.9243	0.0000	0.0000	0.0000	0.9243	0.0000	0.9243	0.4921	0.4176	0.0745	0.0317	0.0299	0.0019	0.4604	0.3878	0.0726	0.3133	0.1716	0.1417	0.0626	0.0542	0.0084	0.2507	0.1175	0.1333	1.9268	19408.9895	2.0495	18859.4731	17357.1127	0.0000	1.4333	inf	1.9780	2.9504	0.0002	6.5249	0.0006	0.0007	0.0000	3.6864	0.0000	6.9357	
51	72	0.0299	7	0	1	0	1	0	0	0	0	N	N	N	N	N	N	N	N	N	N	N	N	0.0000	0.0000	0.0000	0.0000	0.0000	0.0000	0.0000	0.0000	0.0000	0.0000	0.0000	0.0000	0.0000	0.0000	0.0000	0.0000	0.0000	1.5382	2.8431	0.0204	0.0247	0.0274	0.0000	1.7496	3.5726	0.0209	0.0062	0.0000	-0.6120	10.7574	13.0000	12.9024	39.1663	0.0000	0.0000	0.0000	0.0000	0.0000	0.0000	0.0000	0.0000	0.0000	1.0055	0.9994	0.0062	0.0020	0.0020	0.0000	1.0035	0.9974	0.0062	0.6319	0.5350	0.0969	0.0408	0.0383	0.0026	0.5911	0.4967	0.0943	0.6537	0.3515	0.3022	0.0801	0.0723	0.0078	0.5736	0.2792	0.2944	0.0000	0.0000	0.0000	0.0000	0.0000	0.0000	0.0000	0.0000	0.0000	1.5382	2.8431	0.0204	0.0247	0.0274	0.0000	1.7496	3.5726	0.0209		
51	73	0.0274	6	0	1	0	0	0	0	0	0	N	N	N	N	N	N	N	N	N	N	N	N	0.0000	0.0000	0.0000	0.0000	0.0000	0.0000	0.0000	0.0000	0.0000	0.0000	0.0000	0.0000	0.0000	0.0000	0.0000	0.0000	0.0021	0.0034	0.0000	0.0110	0.0116	0.0000	0.0000	0.0000	0.0000	0.0003	0.0000	-0.0005	10.7574	3.0003	12.9024	18.1082	0.0000	0.0000	0.0000	0.0000	0.0000	0.0000	0.0000	0.0000	0.0000	0.0007	0.0007	0.0000	0.0007	0.0007	0.0000	0.0000	0.0000	0.0000	0.1519	0.1283	0.0236	0.0099	0.0093	0.0006	0.1420	0.1190	0.0230	0.3565	0.2137	0.1428	0.0669	0.0634	0.0034	0.2896	0.1503	0.1393	0.0000	0.0000	0.0000	0.0000	0.0000	0.0000	0.0000	0.0000	0.0000	0.0021	0.0034	0.0000	0.0110	0.0116	0.0000	0.0000	0.0000	0.0000			
51	74	0.0665	9	0	1	0	0	0	0	0	0	N	N	N	N	N	N	N	N	N	N	N	N	0.0032	0.0021	26.9255	10.9453	10.3053	1.4511	0.0000	0.0000	243.9338	0.0084	0.0099	0.0000	0.1108	0.1167	0.0000	0.0000	0.0000	0.0000	2.6248	4.6070	0.0000	0.0101	0.0113	0.0000	3.4322	7.3089	0.0000	0.0002	0.0000	-0.0016	-0.6145	10.7574	7.0046	12.9024	18.1036	0.0030	0.0030	0.0000	0.0030	0.0030	0.0000	0.0000	0.0000	0.0000	0.9996	0.9996	0.0000	0.0009	0.0009	0.0000	0.9987	0.9987	0.0000	0.3582	0.3048	0.0534	0.0272	0.0258	0.0014	0.3310	0.2790	0.0520	0.3808	0.2170	0.1638	0.0899	0.0803	0.0095	0.2910	0.1366	0.1543	0.0032	0.0021	26.9255	10.9453	10.3053	1.4511	0.0000	0.0000	243.9338	2.6248	4.6070	0.0000	0.0101	0.0113	0.0000	3.4322	7.3089	0.0000
51	75	0.0631	8	0	0	0	0	0	0	0	0	N	N	N	N	N	N	N	N	N	N	N	N	16.4040	31.8351	26.7294	2672.8855	2549.8012	5.8887	0.2350	26.1177	0.5098	0.3403	1.5302	2.6387	2.7295	0.0000	0.2483	0.0043	1.5703	0.0311	0.0107	0.0572	0.0010	0.0011	0.0000	0.0422	0.0183	0.0601	0.7467	4.1715	-0.0008	0.0004	10.7574	0.2435	12.9024	3.2922	0.0070	0.0040	0.0030	0.0040	0.0040	0.0000	0.0030	0.0000	0.0030	0.0021	0.0004	0.0017	0.0000	0.0000	0.0000	0.0020	0.0004	0.0017	0.0137	0.0118	0.0020	0.0015	0.0015	0.0000	0.0122	0.0103	0.0019	0.0660	0.0371	0.0289	0.0178	0.0164	0.0014	0.0483	0.0207	0.0275	16.4040	31.8351	26.7294	2672.8855	2549.8012	0.0000	5.8887	0.2350	26.1177	0.0311	0.0107	0.0572	0.0010	0.0011	0.0000	0.0422	0.0183	0.0601	
51	76	0.0299	7	0	0	0	0	0	0	0	0	N	N	N	N	N	N	N	N	N	N	N	N	0.0066	86.6354	0.0145	288.0246	282.2615	0.0045	0.0146	0.0175	0.0053	0.0843	0.0697	0.0743	0.0000	0.0139	0.0000	0.0865	2.6659	0.0001	5.8028	0.0002	0.0003	0.0000	3.0877	0.0000	5.9469	2.9033	80685.8322	0.0012	0.3875	10.7574	7.0044	12.9024	20.1113	0.0061	0.0016	0.0045	0.0016	0.0016	0.0000	0.0045	0.0000	0.0045	1.0059	0.0000	1.0059	0.0000	0.0000	0.0000	1.0059	0.0000	1.0059	0.3484	0.2946	0.0537	0.0224	0.0210	0.0014	0.3260	0.2736	0.0523	0.3773	0.2040	0.1734	0.0515	0.0473	0.0042	0.3258	0.1566	0.1692	0.0066	86.6354	0.0145	288.0246	282.2615	0.0000	0.0045	0.0000	0.0146	2.6659	0.0001	5.8028	0.0002	0.0003	0.0000	3.0877	0.0000	5.9469		
51	77	0.0321	7	0	1	0	0	0	0	0	0	N	N	N	N	N	N	N	N	N	N	N	N	2.0725	1.4703	0.0057	7.6796	7.3773	0.0018	0.0056	0.0024	0.0028	0.0000	0.0444	0.0460	0.0000	0.0000	0.0000	0.0000	0.0012	0.0019	0.0001	0.0058	0.0062	0.0000	0.0000	0.0000	0.0001	0.0000	0.0228	-0.0006	-0.0003	10.7574	8.6571	12.9024	16.0761	0.0011	0.0011	0.0000	0.0011	0.0011	0.0000	0.0000	0.0000	0.0000	0.0004	0.0004	0.0000	0.0004	0.0004	0.0000	0.0000	0.0000	0.0000	0.4393	0.3741	0.0652	0.0239	0.0231	0.0008	0.4154	0.3511	0.0644	0.3857	0.2279	0.1579	0.0759	0.0705	0.0054	0.3098	0.1574	0.1525	2.0725	1.4703	0.0057	7.6796	7.3773	0.0000	0.0018	0.0000	0.0056	0.0012	0.0019	0.0001	0.0058	0.0062	0.0000	0.0000	0.0000	0.0001		
51	78	0.0317	6	0	1	0	0	0	0	0	0	N	N	N	N	N	N	N	N	N	N	N	N	5.2174	4.2783	0.1839	414.8922	421.3659	0.2227	0.1408	0.1892	0.0218	0.0248	0.0001	0.1048	0.1077	0.0000	0.0015	0.0017	0.0001	0.0042	0.0058	0.0003	0.0003	0.0003	0.0000	0.0065	0.0121	0.0003	0.0003	0.0218	-0.0003	-0.0003	10.7574	0.3645	12.9024	1.9845	0.0006	0.0006	0.0000	0.0005	0.0005	0.0000	0.0000	0.0000	0.0000	0.0004	0.0004	0.0000	0.0000	0.0000	0.0000	0.0004	0.0004	0.0000	0.0257	0.0226	0.0032	0.0051	0.0049	0.0001	0.0207	0.0177	0.0030	0.1054	0.0742	0.0312	0.0398	0.0394	0.0004	0.0655	0.0348	0.0307	5.2174	4.2783	0.1839	414.8922	421.3659	0.0000	0.2227	0.1408	0.1892	0.0042	0.0058	0.0003	0.0003	0.0003	0.0000	0.0065	0.0121	0.0003	
51	79	0.0222	5	0	0	0	0	0	0	0	0	N	N	N	N	N	N	N	N	N	N	N	N	3.5201	0.0006	124.0861	0.0010	0.0010	0.0000	38.0300	0.0016	126.4221	0.0138	0.0000	0.0966	0.0000	0.0000	0.0000	0.0156	0.0000	0.0992	0.0039	0.0062	0.0008	0.0294	0.0302	0.0000	0.0004	0.0001	0.0008	4296.0849	0.0898	0.0010	-0.0006	10.7574	2.9108	12.9024	14.2456	0.0023	0.0000	0.0023	0.0000	0.0000	0.0000	0.0023	0.0000	0.0023	0.0011	0.0010	0.0001	0.0010	0.0010	0.0000	0.0001	0.0000	0.0001	0.1653	0.1416	0.0236	0.0184	0.0178	0.0006	0.1469	0.1239	0.0230	0.2803	0.1638	0.1165	0.0340	0.0332	0.0008	0.2463	0.1307	0.1156	3.5201	0.0006	124.0861	0.0010	0.0010	0.0000	38.0300	0.0016	126.4221	0.0039	0.0062	0.0008	0.0294	0.0302	0.0000	0.0004	0.0001	0.0008
51	82	0.0455	10	0	1	0	0	0	0	0	0	N	N	N	N	N	N	N	N	N	N	N	N	0.0135	0.0094	65.5843	0.0246	0.0253	inf	21.0826	67.8061	0.0063	0.0074	0.0003	0.0469	0.0519	0.0000	0.0001	0.0000	0.0003	0.4660	0.7864	0.0000	1.9016	2.0473	0.0000	0.0000	0.0000	0.0000	0.0076	0.0000	-0.0014	-0.1417	10.7574	7.9116	12.9024	21.1247	0.0027	0.0026	0.0000	0.0026	0.0026	0.0000	0.0000	0.0000	0.0000	0.2305	0.2305	0.0000	0.2305	0.2305	0.0000	0.0000	0.0000	0.0000	0.4246	0.3600	0.0646	0.0565	0.0511	0.0055	0.3681	0.3090	0.0591	0.4945	0.2930	0.2015	0.1212	0.1126	0.0086	0.3733	0.1805	0.1929	0.0135	0.0094	65.5843	0.0246	0.0253	inf	21.0826	0.0000	67.8061	0.4660	0.7864	0.0000	1.9016	2.0473	0.0000	0.0000	0.0000	0.0000	
51	83	0.0635	11	1	1	0	0	0	0	0	0	N	N	N	N	N	N	N	N	N	N	N	N	0.0000	0.0000	0.0000	0.0000	0.0000	0.0000	0.0000	0.0000	0.0000	0.0000	0.0000	0.0000	0.0000	0.0000	0.0000	0.0000	0.0000	0.0000	0.0000	0.0000	10.7574	0.0000	12.9024	1.8333	0.0000	0.0000	0.0000	0.0000	0.0000	0.0000	0.0000	0.0000	0.0000	0.0000	0.0000	0.0000	0.0000	0.0000	0.0000	0.0000	0.0000	0.0000	0.0000	0.0000	0.0000	0.0000	0.0000	0.0000	0.0000	0.0000	0.0000	0.0426	0.0273	0.0153	0.0133	0.0126	0.0007	0.0292	0.0146	0.0146	0.0000	0.0000	0.0000	0.0000	0.0000	0.0000	0.0000	0.0000	0.0000	0.0000	0.0000	0.0000	0.0000	0.0000	0.0000	0.0000	0.0000	0.0000											
51	84	0.0455	10	1	1	0	0	0	0	0	0	N	N	N	N	N	N	N	N	N	N	N	N	1.3412	3.0967	3.4777	1.9920	8.7948	0.0000	1.1296	inf	3.6607	2.6375	0.0010	17.3425	0.0058	0.0064	0.0000	3.0735	0.0000	19.1126	1.9665	0.0003	4.9868	0.0029	0.0007	0.0344	2.7209	0.0000	5.2210	3224.6072	10425.0814	0.4511	0.2965	10.7574	6.9552	12.9024	13.1226	0.9992	0.0003	0.9988	0.0003	0.0003	0.0000	0.9988	0.0000	0.9988	0.7697	0.0001	0.7696	0.0003	0.0001	0.0002	0.7694	0.0000	0.7694	0.3788	0.3212	0.0576	0.0538	0.0485	0.0053	0.3250	0.2727	0.0523	0.3914	0.2371	0.1543	0.1086	0.1017	0.0070	0.2828	0.1354	0.1474	1.3412	3.0967	3.4777	1.9920	8.7948	0.0000	1.1296	inf	3.6607	1.9665	0.0003	4.9868	0.0029	0.0007	0.0344	2.7209	0.0000	5.2210
51	85	0.0425	9	0	1	0	0	0	0	0	0	N	N	N	N	N	N	N	N	N	N	N	N	0.0199	0.0012	0.1161	0.0016	0.0016	0.0011	0.0396	0.0001	0.1337	0.0455	0.0023	0.3214	0.0062	0.0066	0.0001	0.0641	0.0000	0.3772	2.2900	1.9511	2.7673	3.9509	4.0607	0.0571	1.6163	0.0039	2.8200	22.0489	1.0071	0.0005	-0.0400	10.7574	0.3374	12.9024	6.1146	0.0012	0.0001	0.0011	0.0001	0.0001	0.0000	0.0011	0.0000	0.0011	0.3542	0.1765	0.1777	0.1763	0.1763	0.0001	0.1778	0.0002	0.1776	0.0258	0.0223	0.0035	0.0083	0.0078	0.0005	0.0176	0.0146	0.0030	0.1547	0.0904	0.0642	0.0446	0.0434	0.0012	0.1100	0.0470	0.0630	0.0199	0.0012	0.1161	0.0016	0.0016	0.0011	0.0396	0.0001	0.1337	2.2900	1.9511	2.7673	3.9509	4.0607	0.0571	1.6163	0.0039	2.8200
51	86	0.0425	9	0	1	0	0	0	0	0	0	N	N	N	N	N	N	N	N	N	N	N	N	0.0001	0.6440	0.0001	0.2663	2.4503	0.0002	0.0000	0.0001	0.0001	0.0001	0.0004	0.0010	0.0010	0.0000	0.0001	0.0000	0.0005	2.0807	0.0001	4.7439	0.0036	0.0004	0.0532	2.5666	0.0000	4.8710	0.9359	27702.0640	-0.0000	0.2972	10.7574	11.0342	12.9024	12.7513	0.0001	0.0000	0.0000	0.0000	0.0000	0.0000	0.0000	0.0000	0.0000	0.7716	0.0000	0.7716	0.0003	0.0000	0.0002	0.7714	0.0000	0.7714	0.5478	0.4642	0.0837	0.0412	0.0387	0.0026	0.5066	0.4255	0.0811	0.3708	0.2082	0.1627	0.0703	0.0660	0.0043	0.3005	0.1422	0.1584	0.0001	0.6440	0.0001	0.2663	2.4503	0.0002	0.0000	0.0000	0.0001	2.0807	0.0001	4.7439	0.0036	0.0004	0.0532	2.5666	0.0000	4.8710	
51	87	0.0348	8	0	1	0	0	0	0	0	0	N	N	N	N	N	N	N	N	N	N	N	N	0.0022	0.0001	0.0064	0.0008	0.0008	0.0000	0.0019	0.0000	0.0063	0.0030	0.0000	0.0191	0.0000	0.0000	0.0000	0.0032	0.0000	0.0196	1.3666	0.0068	2.9867	0.0134	0.0145	0.0004	1.6769	0.0032	3.0891	3894.1991	369.6238	0.0003	0.0875	10.7574	3.9739	12.9024	6.2820	0.0006	0.0000	0.0006	0.0000	0.0000	0.0000	0.0006	0.0000	0.0006	0.2288	0.0006	0.2282	0.0004	0.0004	0.0000	0.2284	0.0002	0.2282	0.2002	0.1693	0.0310	0.0130	0.0122	0.0008	0.1873	0.1571	0.0302	0.1675	0.0910	0.0764	0.0312	0.0287	0.0025	0.1362	0.0623	0.0739	0.0022	0.0001	0.0064	0.0008	0.0008	0.0000	0.0019	0.0000	0.0063	1.3666	0.0068	2.9867	0.0134	0.0145	0.0004	1.6769	0.0032	3.0891
51	88	0.0299	7	0	1	0	0	0	0	0	0	N	N	N	N	N	N	N	N	N	N	N	N	1.2382	0.0000	4.2444	0.0000	0.0000	1.1218	0.0000	4.2740	0.0059	0.0000	0.0378	0.0000	0.0000	0.0000	0.0063	0.0000	0.0389	0.0048	0.0015	0.0089	0.0017	0.0018	0.0000	0.0056	0.0013	0.0091	inf	4.7398	0.0000	0.0001	10.7574	0.0056	12.9024	5.7021	0.0000	0.0000	0.0000	0.0000	0.0000	0.0000	0.0000	0.0000	0.0000	0.0005	0.0001	0.0004	0.0000	0.0000	0.0000	0.0005	0.0000	0.0004	0.0003	0.0002	0.0000	0.0000	0.0000	0.0000	0.0003	0.0002	0.0000	0.1083	0.0606	0.0476	0.0235	0.0226	0.0009	0.0847	0.0380	0.0467	1.2382	0.0000	4.2444	0.0000	0.0000	0.0000	1.1218	0.0000	4.2740	0.0048	0.0015	0.0089	0.0017	0.0018	0.0000	0.0056	0.0013	0.0091	
51	92	0.1183	11	0	0	0	0	0	0	0	0	N	N	N	N	N	N	N	N	N	N	N	N	0.3541	0.3164	0.0006	3.5731	3.3739	4386.9834	0.1042	0.0775	0.0004	0.3173	0.3670	0.0003	1.1984	1.2731	0.0014	0.1263	0.1489	0.0002	0.8962	1.1601	0.4071	0.3354	0.3773	0.0000	1.2118	1.9206	0.4596	0.0001	0.1894	-0.2325	-0.4072	10.7574	24.8682	12.9024	39.8855	0.4242	0.4242	0.0000	0.2855	0.2855	0.0000	0.1388	0.1387	0.0000	0.8938	0.7515	0.1423	0.1205	0.1205	0.0000	0.7734	0.6311	0.1423	1.3370	1.1558	0.1812	0.2382	0.2242	0.0140	1.0988	0.9316	0.1673	0.9974	0.6478	0.3496	0.3592	0.3192	0.0399	0.6382	0.3286	0.3097	0.3541	0.3164	0.0006	3.5731	3.3739	4386.9834	0.1042	0.0775	0.0004	0.8962	1.1601	0.4071	0.3354	0.3773	0.0000	1.2118	1.9206	0.4596
52	56	0.0522	7	1	1	0	0	0	0	0	0	N	N	N	N	N	N	N	N	N	N	N	N	0.0000	0.0000	0.0000	0.0000	0.0000	0.0000	0.0000	0.0000	0.0000	0.0000	0.0000	0.0000	0.0000	0.0043	0.0079	0.0000	0.0186	0.0207	0.0000	0.0000	0.0000	0.0000	0.0000	0.0000	-0.0001	2.6694	0.0000	2.4027	10.9971	0.0000	0.0000	0.0000	0.0000	0.0000	0.0000	0.0000	0.0000	0.0000	0.0002	0.0002	0.0000	0.0002	0.0002	0.0000	0.0000	0.0000	0.0000	0.0000	0.0000	0.0000	0.0000	0.0000	0.0000	0.0000	0.0000	0.0000	0.0395	0.0215	0.0179	0.0091	0.0082	0.0009	0.0303	0.0133	0.0170	0.0000	0.0000	0.0000	0.0000	0.0000	0.0000	0.0000	0.0000	0.0000	0.0043	0.0079	0.0000	0.0186	0.0207	0.0000	0.0000	0.0000	0.0000						
52	57	0.1074	10	0	0	0	0	0	0	0	0	N	N	N	N	N	N	N	N	N	N	N	N	0.0004	0.0003	0.0007	0.0064	0.0054	0.4401	0.0001	0.0000	0.0004	0.0001	0.0001	0.0001	0.0002	0.0002	0.0006	0.0000	0.0000	0.0001	0.2329	0.2515	0.1961	0.0322	0.0352	0.0013	0.3885	0.5735	0.2216	0.2436	0.3926	-0.0000	-0.0141	2.6694	7.8198	2.4027	21.5823	0.0000	0.0000	0.0000	0.0000	0.0000	0.0000	0.0000	0.0000	0.0000	0.0423	0.0304	0.0119	0.0026	0.0025	0.0000	0.0398	0.0279	0.0119	0.1696	0.1488	0.0208	0.0502	0.0483	0.0019	0.1194	0.1005	0.0189	0.1818	0.1209	0.0609	0.0794	0.0723	0.0071	0.1024	0.0486	0.0538	0.0004	0.0003	0.0007	0.0064	0.0054	0.4401	0.0001	0.0000	0.0004	0.2329	0.2515	0.1961	0.0322	0.0352	0.0013	0.3885	0.5735	0.2216
52	58	0.0879	11	1	1	1	0	0	0	0	0	N	N	N	N	N	N	N	N	N	N	N	N	0.8966	0.7102	0.4202	3.8040	3.5565	0.1186	0.4005	0.0000	0.0000	0.0000	0.0005	0.0006	0.0000	0.0000	0.0000	0.0000	0.0000	0.0001	0.0000	0.0001	0.0002	0.0000	0.0000	0.0000	0.0000	0.0307	0.2176	-0.0000	-0.0000	2.6694	2.0055	2.4027	11.8091	0.0000	0.0000	0.0000	0.0000	0.0000	0.0000	0.0000	0.0000	0.0000	0.0000	0.0000	0.0000	0.0000	0.0000	0.0000	0.0000	0.0000	0.0000	0.0263	0.0222	0.0041	0.0019	0.0018	0.0001	0.0244	0.0204	0.0039	0.0463	0.0263	0.0201	0.0123	0.0109	0.0015	0.0340	0.0154	0.0186	0.8966	0.7102	0.4202	3.8040	3.5565	0.0000	0.1186	0.0000	0.4005	0.0000	0.0001	0.0000	0.0001	0.0002	0.0000	0.0000	0.0000	0.0000		
52	59	0.0825	10	1	0	1	0	0	0	0	0	N	N	N	N	N	N	N	N	N	N	N	N	0.1561	0.0249	0.7092	0.0590	0.0568	0.0000	0.2195	1.2310	0.6728	0.0000	0.0000	0.0003	0.0000	0.0000	0.0000	0.0000	0.0000	0.0003	0.0003	0.0002	0.0004	0.0005	0.0005	0.0000	0.0002	0.0000	0.0004	7.9475	0.9780	0.0000	-0.0000	2.6694	1.9951	2.4027	2.5667	0.0000	0.0000	0.0000	0.0000	0.0000	0.0000	0.0000	0.0000	0.0000	0.0000	0.0000	0.0000	0.0000	0.0000	0.0000	0.0000	0.0000	0.0000	0.0261	0.0221	0.0040	0.0018	0.0017	0.0001	0.0243	0.0203	0.0039	0.0193	0.0118	0.0075	0.0062	0.0056	0.0006	0.0131	0.0062	0.0069	0.1561	0.0249	0.7092	0.0590	0.0568	0.0000	0.2195	1.2310	0.6728	0.0003	0.0002	0.0004	0.0005	0.0005	0.0000	0.0002	0.0000	0.0004
52	60	0.0757	9	1	0	1	0	0	0	0	0	N	N	N	N	N	N	N	N	N	N	N	N	0.8452	0.0000	5.9253	0.0161	0.0000	1.7098	0.0000	4.9072	0.0009	0.0000	0.0053	0.0000	0.0000	0.0000	0.0013	0.0000	0.0053	0.0010	0.0011	0.0009	0.0014	0.0015	0.0000	0.0007	0.0005	0.0011	inf	0.2898	0.0000	-0.0000	2.6694	0.0108	2.4027	3.6229	0.0000	0.0000	0.0000	0.0000	0.0000	0.0000	0.0000	0.0000	0.0000	0.0000	0.0000	0.0000	0.0000	0.0000	0.0000	0.0000	0.0000	0.0000	0.0002	0.0002	0.0000	0.0001	0.0001	0.0000	0.0002	0.0001	0.0000	0.0216	0.0159	0.0056	0.0100	0.0090	0.0010	0.0115	0.0069	0.0046	0.8452	0.0000	5.9253	0.0161	0.0000	0.0000	1.7098	0.0000	4.9072	0.0010	0.0011	0.0009	0.0014	0.0015	0.0000	0.0007	0.0005	0.0011	
52	61	0.0277	8	0	1	0	0	0	0	0	0	N	N	N	N	N	N	N	N	N	N	N	N	0.0000	0.0000	0.0000	0.0000	0.0000	0.0000	0.0000	0.0000	0.0000	0.0000	0.0000	0.0000	0.0000	0.0000	0.0000	0.0000	0.0000	0.0000	0.0220	0.0359	0.0010	0.0499	0.0516	0.0000	0.0094	0.0203	0.0011	0.0000	0.0194	-0.0000	-0.0009	2.6694	4.0917	2.4027	8.0988	0.0000	0.0000	0.0000	0.0000	0.0000	0.0000	0.0000	0.0000	0.0000	0.0015	0.0015	0.0000	0.0010	0.0010	0.0000	0.0004	0.0004	0.0000	0.0598	0.0510	0.0088	0.0070	0.0068	0.0002	0.0528	0.0443	0.0086	0.0672	0.0404	0.0268	0.0209	0.0202	0.0007	0.0463	0.0202	0.0261	0.0000	0.0000	0.0000	0.0000	0.0000	0.0000	0.0000	0.0000	0.0000	0.0220	0.0359	0.0010	0.0499	0.0516	0.0000	0.0094	0.0203	0.0011
52	62	0.0240	7	0	1	0	0	0	0	0	0	N	N	N	N	N	N	N	N	N	N	N	N	0.0181	0.0183	0.0372	0.1097	0.1104	0.0000	0.0102	0.0024	0.0371	0.0008	0.0005	0.0025	0.0069	0.0073	0.0000	0.0004	0.0000	0.0026	0.0468	0.0293	0.0670	0.0629	0.0664	0.0002	0.0415	0.0003	0.0690	0.8731	1.9780	-0.0000	0.0001	2.6694	2.1165	2.4027	5.0852	0.0000	0.0000	0.0000	0.0000	0.0000	0.0000	0.0000	0.0000	0.0000	0.0016	0.0005	0.0010	0.0005	0.0005	0.0000	0.0010	0.0000	0.0010	0.0278	0.0234	0.0044	0.0018	0.0017	0.0001	0.0259	0.0217	0.0043	0.0335	0.0180	0.0155	0.0083	0.0079	0.0004	0.0252	0.0101	0.0151	0.0181	0.0183	0.0372	0.1097	0.1104	0.0000	0.0102	0.0024	0.0371	0.0468	0.0293	0.0670	0.0629	0.0664	0.0002	0.0415	0.0003	0.0690
52	63	0.0757	9	1	0	1	0	0	0	0	0	N	N	N	N	N	N	N	N	N	N	N	N	0.0012	0.0000	0.0037	0.0000	0.0000	0.0000	0.0010	0.0035	0.0000	0.0000	0.0000	0.0000	0.0000	0.0000	0.0000	0.0000	0.0000	0.0032	0.0004	0.0077	0.0010	0.0008	0.0026	0.0043	0.0000	0.0083	inf	12.5829	0.0000	0.0001	2.6694	3.9990	2.4027	8.8702	0.0000	0.0000	0.0000	0.0000	0.0000	0.0000	0.0000	0.0000	0.0000	0.0002	0.0000	0.0002	0.0000	0.0000	0.0000	0.0001	0.0000	0.0001	0.0514	0.0443	0.0071	0.0037	0.0035	0.0002	0.0477	0.0409	0.0069	0.0516	0.0318	0.0198	0.0175	0.0154	0.0021	0.0341	0.0164	0.0177	0.0012	0.0000	0.0037	0.0000	0.0000	0.0000	0.0010	0.0000	0.0035	0.0032	0.0004	0.0077	0.0010	0.0008	0.0026	0.0043	0.0000	0.0083	
52	64	0.0556	8	1	0	1	0	0	0	0	0	N	N	N	N	N	N	N	N	N	N	N	N	4.8287	0.0002	45.8800	0.0013	0.0009	7.4117	11.0817	0.0000	44.7266	0.0123	0.0000	0.0825	0.0000	0.0000	0.0001	0.0134	0.0000	0.0844	0.0026	0.0031	0.0018	0.0058	0.0062	0.0000	0.0012	0.0004	0.0019	28262.3487	0.4133	0.0003	-0.0000	2.6694	3.9972	2.4027	6.8232	0.0007	0.0000	0.0007	0.0000	0.0000	0.0000	0.0007	0.0000	0.0007	0.0001	0.0001	0.0000	0.0001	0.0001	0.0000	0.0000	0.0000	0.0000	0.0542	0.0461	0.0081	0.0045	0.0043	0.0002	0.0498	0.0418	0.0079	0.0487	0.0285	0.0203	0.0142	0.0132	0.0010	0.0345	0.0153	0.0193	4.8287	0.0002	45.8800	0.0013	0.0009	7.4117	11.0817	0.0000	44.7266	0.0026	0.0031	0.0018	0.0058	0.0062	0.0000	0.0012	0.0004	0.0019
52	65	0.0316	8	0	1	0	0	0	0	0	0	N	N	N	N	N	N	N	N	N	N	N	N	0.0031	0.0183	0.0000	0.0337	0.0341	0.3653	0.0015	0.9717	0.0000	0.0013	0.0015	0.0000	0.0062	0.0067	0.0001	0.0007	0.0009	0.0000	0.4016	0.0813	0.8721	0.1851	0.1967	0.0004	0.4776	0.0009	0.9065	0.0018	7.2988	-0.0001	0.0214	2.6694	15.6632	2.4027	35.0639	0.0003	0.0003	0.0000	0.0001	0.0001	0.0000	0.0001	0.0001	0.0000	0.0810	0.0098	0.0712	0.0097	0.0097	0.0000	0.0713	0.0001	0.0712	0.2017	0.1708	0.0309	0.0197	0.0183	0.0014	0.1820	0.1525	0.0294	0.2016	0.1199	0.0817	0.0524	0.0493	0.0031	0.1492	0.0707	0.0786	0.0031	0.0183	0.0000	0.0337	0.0341	0.3653	0.0015	0.9717	0.0000	0.4016	0.0813	0.8721	0.1851	0.1967	0.0004	0.4776	0.0009	0.9065
52	66	0.0316	8	0	0	1	0	0	0	0	0	N	N	N	N	N	N	N	N	N	N	N	N	15.8647	12.4494	0.0000	393.6195	411.3688	12.1729	7.3946	0.0000	0.0217	0.0255	0.0000	0.0017	0.0018	0.0000	0.0257	0.0307	0.0000	0.0014	0.0020	0.0000	0.0000	0.0000	0.0000	0.0021	0.0041	0.0000	0.0000	0.0000	-0.0009	-0.0001	2.6694	4.9998	2.4027	10.1184	0.0016	0.0016	0.0000	0.0000	0.0000	0.0000	0.0016	0.0016	0.0000	0.0001	0.0001	0.0000	0.0000	0.0000	0.0000	0.0001	0.0001	0.0000	0.0729	0.0619	0.0109	0.0121	0.0111	0.0010	0.0608	0.0509	0.0099	0.1025	0.0684	0.0342	0.0361	0.0346	0.0015	0.0664	0.0338	0.0327	15.8647	12.4494	0.0000	393.6195	411.3688	0.0000	12.1729	7.3946	0.0000	0.0014	0.0020	0.0000	0.0000	0.0000	0.0000	0.0021	0.0041	0.0000	
52	67	0.0208	6	0	1	0	0	0	0	0	0	N	N	N	N	N	N	N	N	N	N	N	N	40.4286	95.3386	68.7251	9.8551	11.2655	0.0515	40.4791	868.5608	71.4318	0.0158	0.0092	0.0537	0.0028	0.0030	0.0000	0.0169	0.0098	0.0561	0.0004	0.0001	0.0008	0.0003	0.0003	0.0006	0.0004	0.0000	0.0008	1.0189	6.1183	-0.0001	0.0000	2.6694	10.9928	2.4027	18.5513	0.0022	0.0011	0.0011	0.0000	0.0000	0.0000	0.0022	0.0011	0.0011	0.0000	0.0000	0.0000	0.0000	0.0000	0.0000	0.0000	0.0000	0.0000	0.1391	0.1184	0.0207	0.0110	0.0101	0.0009	0.1281	0.1083	0.0198	0.1140	0.0649	0.0491	0.0226	0.0216	0.0010	0.0914	0.0433	0.0480	40.4286	95.3386	68.7251	9.8551	11.2655	0.0515	40.4791	868.5608	71.4318	0.0004	0.0001	0.0008	0.0003	0.0003	0.0006	0.0004	0.0000	0.0008
52	68	0.0208	5	0	0	0	0	0	0	0	0	N	N	N	N	N	N	N	N	N	N	N	N	1.3359	0.6526	5.4429	0.9026	0.9102	0.3520	1.7085	3.3895	5.6596	0.0054	0.0018	0.0398	0.0043	0.0043	0.0039	0.0060	0.0003	0.0412	0.0040	0.0028	0.0073	0.0047	0.0047	0.0110	0.0035	0.0001	0.0073	2.2444	0.9729	0.0000	-0.0000	2.6694	0.0861	2.4027	1.0715	0.0000	0.0000	0.0000	0.0000	0.0000	0.0000	0.0000	0.0000	0.0000	0.0001	0.0000	0.0000	0.0000	0.0000	0.0000	0.0000	0.0000	0.0000	0.0031	0.0028	0.0003	0.0011	0.0011	0.0000	0.0020	0.0017	0.0003	0.0212	0.0154	0.0058	0.0091	0.0091	0.0001	0.0120	0.0063	0.0057	1.3359	0.6526	5.4429	0.9026	0.9102	0.3520	1.7085	3.3895	5.6596	0.0040	0.0028	0.0073	0.0047	0.0047	0.0110	0.0035	0.0001	0.0073
52	69	0.0852	9	1	0	1	0	0	0	0	0	N	N	N	N	N	N	N	N	N	N	N	N	0.0000	0.0000	0.0000	0.0000	0.0000	0.0000	0.0000	0.0000	0.0000	0.0000	0.0000	0.0000	0.0000	0.0000	0.0000	0.0000	0.0004	0.0001	0.0009	0.0002	0.0002	0.0000	0.0005	0.0000	0.0009	7.5336	0.0000	0.0000	2.6694	1.0000	2.4027	3.0001	0.0000	0.0000	0.0000	0.0000	0.0000	0.0000	0.0000	0.0000	0.0000	0.0000	0.0000	0.0000	0.0000	0.0000	0.0000	0.0000	0.0000	0.0000	0.0130	0.0109	0.0020	0.0013	0.0012	0.0001	0.0117	0.0097	0.0020	0.0123	0.0070	0.0052	0.0030	0.0026	0.0004	0.0092	0.0044	0.0048	0.0000	0.0000	0.0000	0.0000	0.0000	0.0000	0.0000	0.0000	0.0000	0.0004	0.0001	0.0009	0.0002	0.0002	0.0000	0.0005	0.0000	0.0009			
52	70	0.0852	8	1	0	1	0	0	0	0	0	N	N	N	N	N	N	N	N	N	N	N	N	0.0000	0.0000	0.0000	0.0000	0.0000	0.0000	0.0000	0.0000	0.0000	0.0000	0.0000	0.0000	0.0000	0.0000	0.0000	0.0000	0.8260	0.7325	0.9469	0.9288	0.9439	0.0000	0.7437	0.0000	0.9626	1.0000	0.0000	-0.0000	2.6694	0.0000	2.4027	0.0009	0.0000	0.0000	0.0000	0.0000	0.0000	0.0000	0.0000	0.0000	0.0000	0.0000	0.0000	0.0000	0.0000	0.0000	0.0000	0.0000	0.0000	0.0000	0.0000	0.0000	0.0000	0.0000	0.0000	0.0000	0.0000	0.0000	0.0000	0.0000	0.0000	0.0000	0.0000	0.0000	0.0000	0.0000	0.0000	0.0000	0.0000	0.0000	0.0000	0.0000	0.0000	0.0000	0.0000	0.0000	0.0000	0.8260	0.7325	0.9469	0.9288	0.9439	0.0000	0.7437	0.0000	0.9626			
52	71	0.0522	7	1	0	1	0	0	0	0	0	N	N	N	N	N	N	N	N	N	N	N	N	3.9295	20.8466	0.0026	0.1985	0.1864	inf	3.7362	inf	0.0025	4.4511	5.2564	0.0057	0.1260	0.1336	0.0001	4.7434	5.6450	0.0058	1.1327	0.2521	2.1775	0.6348	0.7169	0.0000	1.2696	0.0000	2.3017	0.0002	7.2787	-0.3088	0.0225	2.6694	9.9966	2.4027	12.9129	0.5635	0.5634	0.0001	0.0010	0.0010	0.0000	0.5625	0.5623	0.0001	0.0852	0.0103	0.0749	0.0103	0.0103	0.0000	0.0749	0.0000	0.0749	0.1266	0.1072	0.0194	0.0080	0.0076	0.0005	0.1186	0.0996	0.0190	0.0752	0.0408	0.0344	0.0162	0.0144	0.0019	0.0590	0.0265	0.0325	3.9295	20.8466	0.0026	0.1985	0.1864	inf	3.7362	inf	0.0025	1.1327	0.2521	2.1775	0.6348	0.7169	0.0000	1.2696	0.0000	2.3017
52	72	0.0190	6	0	1	0	1	0	0	0	0	N	N	N	N	N	N	N	N	N	N	N	N	0.0000	0.0000	0.0000	0.0000	0.0000	0.0000	0.0000	0.0000	0.0000	0.0000	0.0000	0.0000	0.0000	0.0000	0.0000	0.0000	0.0000	0.0000	1.1585	0.0683	2.3861	0.1850	0.1958	0.0000	1.3639	0.0108	2.4362	31.0258	0.0000	0.0707	2.6694	13.0000	2.4027	39.1663	0.0000	0.0000	0.0000	0.0000	0.0000	0.0000	0.0000	0.0000	0.0000	0.1998	0.0062	0.1935	0.0056	0.0056	0.0000	0.1942	0.0007	0.1935	0.1627	0.1374	0.0253	0.0104	0.0098	0.0006	0.1523	0.1276	0.0247	0.1725	0.0913	0.0811	0.0300	0.0284	0.0017	0.1424	0.0630	0.0794	0.0000	0.0000	0.0000	0.0000	0.0000	0.0000	0.0000	0.0000	0.0000	1.1585	0.0683	2.3861	0.1850	0.1958	0.0000	1.3639	0.0108	2.4362	
52	73	0.0165	5	0	1	0	0	0	0	0	0	N	N	N	N	N	N	N	N	N	N	N	N	0.0003	0.0056	0.0000	0.0426	0.0438	0.0000	0.0000	0.0000	0.0000	0.0000	0.0000	0.0000	0.0000	0.0000	0.0000	0.0000	0.0000	0.0000	0.0080	0.0005	0.0184	0.0009	0.0009	0.0000	0.0101	0.0003	0.0187	0.0282	24.5107	-0.0000	0.0003	2.6694	3.0003	2.4027	18.1082	0.0000	0.0000	0.0000	0.0000	0.0000	0.0000	0.0000	0.0000	0.0000	0.0008	0.0000	0.0007	0.0000	0.0000	0.0000	0.0007	0.0000	0.0007	0.0393	0.0330	0.0062	0.0026	0.0024	0.0001	0.0367	0.0306	0.0061	0.0949	0.0554	0.0395	0.0220	0.0213	0.0007	0.0728	0.0341	0.0388	0.0003	0.0056	0.0000	0.0426	0.0438	0.0000	0.0000	0.0000	0.0000	0.0080	0.0005	0.0184	0.0009	0.0009	0.0000	0.0101	0.0003	0.0187
52	74	0.0556	8	0	1	0	0	0	0	0	0	N	N	N	N	N	N	N	N	N	N	N	N	0.0757	0.0503	0.0000	160.3633	152.7607	0.0000	0.0000	0.0000	0.0001	0.0001	0.0000	0.0016	0.0017	0.0000	0.0000	0.0000	0.0000	0.0015	0.0027	0.0000	0.0000	0.0000	0.0000	0.0020	0.0045	0.0000	0.0000	0.0000	-0.0000	-0.0001	2.6694	7.0046	2.4027	18.1036	0.0000	0.0000	0.0000	0.0000	0.0000	0.0000	0.0000	0.0000	0.0000	0.0001	0.0001	0.0000	0.0000	0.0000	0.0000	0.0001	0.0001	0.0000	0.0921	0.0781	0.0139	0.0068	0.0065	0.0003	0.0852	0.0716	0.0136	0.0909	0.0512	0.0397	0.0226	0.0205	0.0021	0.0683	0.0307	0.0376	0.0757	0.0503	0.0000	160.3633	152.7607	0.0000	0.0000	0.0000	0.0000	0.0015	0.0027	0.0000	0.0000	0.0000	0.0000	0.0020	0.0045	0.0000	
52	75	0.0522	7	0	0	0	0	0	0	0	0	N	N	N	N	N	N	N	N	N	N	N	N	0.7317	1.1409	0.1220	0.4424	0.4284	0.0000	0.8026	2.9575	0.1201	0.0129	0.0145	0.0029	0.0088	0.0091	0.0000	0.0134	0.0153	0.0030	0.0176	0.0127	0.0236	0.0200	0.0213	0.0019	0.0166	0.0052	0.0246	0.0334	1.4783	-0.0000	-0.0000	2.6694	0.2435	2.4027	3.2922	0.0000	0.0000	0.0000	0.0000	0.0000	0.0000	0.0000	0.0000	0.0000	0.0003	0.0001	0.0002	0.0001	0.0001	0.0000	0.0002	0.0000	0.0002	0.0035	0.0030	0.0005	0.0004	0.0004	0.0000	0.0032	0.0027	0.0005	0.0158	0.0088	0.0070	0.0044	0.0041	0.0003	0.0114	0.0047	0.0067	0.7317	1.1409	0.1220	0.4424	0.4284	0.0000	0.8026	2.9575	0.1201	0.0176	0.0127	0.0236	0.0200	0.0213	0.0019	0.0166	0.0052	0.0246
52	76	0.0190	6	0	0	0	0	0	0	0	0	N	N	N	N	N	N	N	N	N	N	N	N	0.0381	0.0888	0.1058	0.4248	0.4239	inf	0.0306	inf	0.1062	0.0745	0.0083	0.4308	0.1115	0.1168	0.0292	0.0720	0.0000	0.4409	1.9562	0.0935	4.0725	0.2625	0.2755	0.0000	2.3519	0.0000	4.1517	9.6465	38.3574	0.0024	0.0708	2.6694	7.0044	2.4027	20.1113	0.0067	0.0006	0.0061	0.0006	0.0006	0.0000	0.0060	0.0000	0.0060	0.1968	0.0050	0.1918	0.0050	0.0050	0.0000	0.1918	0.0000	0.1918	0.0897	0.0757	0.0141	0.0057	0.0054	0.0003	0.0840	0.0703	0.0137	0.1006	0.0535	0.0471	0.0191	0.0182	0.0009	0.0816	0.0354	0.0462	0.0381	0.0888	0.1058	0.4248	0.4239	inf	0.0306	inf	0.1062	1.9562	0.0935	4.0725	0.2625	0.2755	0.0000	2.3519	0.0000	4.1517
52	77	0.0212	6	0	1	0	0	0	0	0	0	N	N	N	N	N	N	N	N	N	N	N	N	2.4339	0.4004	251.7614	2.3325	2.2870	0.0000	70.9562	248.2149	0.0119	0.0033	0.0613	0.0468	0.0482	0.0000	0.0096	0.0000	0.0621	0.0049	0.0083	0.0002	0.0200	0.0211	0.0000	0.0001	0.0000	0.0003	3.1916	0.0217	0.0003	-0.0003	2.6694	8.6571	2.4027	16.0761	0.0014	0.0003	0.0010	0.0003	0.0003	0.0000	0.0010	0.0000	0.0010	0.0005	0.0005	0.0000	0.0005	0.0005	0.0000	0.0000	0.0000	0.0000	0.1140	0.0972	0.0168	0.0069	0.0067	0.0002	0.1071	0.0905	0.0166	0.1016	0.0585	0.0431	0.0242	0.0230	0.0012	0.0774	0.0354	0.0420	2.4339	0.4004	251.7614	2.3325	2.2870	0.0000	70.9562	0.0000	248.2149	0.0049	0.0083	0.0002	0.0200	0.0211	0.0000	0.0001	0.0000	0.0003	
52	78	0.0208	5	0	1	0	0	0	0	0	0	N	N	N	N	N	N	N	N	N	N	N	N	195.1913	7.7917	759.3797	19.8377	20.1125	inf	233.6062	0.0184	781.9723	0.0810	0.0018	0.6351	0.0079	0.0081	0.0008	0.0991	0.0000	0.6624	0.0004	0.0002	0.0008	0.0004	0.0004	0.0000	0.0004	0.0000	0.0008	50.4894	1.5845	0.0002	-0.0000	2.6694	0.3645	2.4027	1.9845	0.0005	0.0000	0.0005	0.0000	0.0000	0.0000	0.0005	0.0000	0.0005	0.0000	0.0000	0.0000	0.0000	0.0000	0.0000	0.0000	0.0000	0.0000	0.0067	0.0058	0.0008	0.0013	0.0013	0.0000	0.0054	0.0046	0.0008	0.0254	0.0177	0.0077	0.0098	0.0097	0.0001	0.0156	0.0080	0.0076	195.1913	7.7917	759.3797	19.8377	20.1125	inf	233.6062	0.0184	781.9723	0.0004	0.0002	0.0008	0.0004	0.0004	0.0000	0.0004	0.0000	0.0008
52	79	0.0114	4	0	0	0	0	0	0	0	0	N	N	N	N	N	N	N	N	N	N	N	N	0.1555	0.0654	0.5580	0.1733	0.1658	689.7647	0.1719	0.0555	0.5562	0.0130	0.0038	0.0656	0.0295	0.0286	0.0613	0.0108	0.0000	0.0657	0.0836	0.0577	0.1176	0.1704	0.1722	0.0001	0.0631	0.0003	0.1181	3.0496	1.5529	0.0001	-0.0000	2.6694	2.9108	2.4027	14.2456	0.0006	0.0001	0.0004	0.0001	0.0001	0.0000	0.0004	0.0000	0.0004	0.0066	0.0026	0.0040	0.0026	0.0026	0.0000	0.0040	0.0000	0.0040	0.0431	0.0367	0.0064	0.0050	0.0048	0.0001	0.0381	0.0319	0.0063	0.0786	0.0446	0.0340	0.0150	0.0149	0.0002	0.0636	0.0297	0.0338	0.1555	0.0654	0.5580	0.1733	0.1658	689.7647	0.1719	0.0555	0.5562	0.0836	0.0577	0.1176	0.1704	0.1722	0.0001	0.0631	0.0003	0.1181
52	82	0.0347	9	0	1	0	0	0	0	0	0	N	N	N	N	N	N	N	N	N	N	N	N	40.1274	2.4854	629.6512	2.1778	2.2762	10.2881	210.1992	inf	662.6974	0.0217	0.0020	0.1281	0.0037	0.0041	0.0000	0.0245	0.0016	0.1398	0.0005	0.0008	0.0002	0.0017	0.0018	0.0000	0.0001	0.0000	0.0002	12.2007	0.1871	0.0009	-0.0000	2.6694	7.9116	2.4027	21.1247	0.0024	0.0002	0.0022	0.0001	0.0001	0.0000	0.0023	0.0001	0.0022	0.0001	0.0001	0.0000	0.0001	0.0001	0.0000	0.0000	0.0000	0.0000	0.1101	0.0928	0.0172	0.0149	0.0135	0.0014	0.0952	0.0794	0.0158	0.1248	0.0725	0.0523	0.0336	0.0318	0.0019	0.0912	0.0407	0.0504	40.1274	2.4854	629.6512	2.1778	2.2762	10.2881	210.1992	inf	662.6974	0.0005	0.0008	0.0002	0.0017	0.0018	0.0000	0.0001	0.0000	0.0002
52	83	0.0526	10	1	1	0	0	0	0	0	0	N	N	N	N	N	N	N	N	N	N	N	N	0.0000	0.0000	0.0000	0.0000	0.0000	0.0000	0.0000	0.0000	0.0000	0.0000	0.0000	0.0000	0.0000	0.0000	0.0000	0.0000	0.0000	0.0000	0.0000	0.0000	2.6694	0.0000	2.4027	1.8333	0.0000	0.0000	0.0000	0.0000	0.0000	0.0000	0.0000	0.0000	0.0000	0.0000	0.0000	0.0000	0.0000	0.0000	0.0000	0.0000	0.0000	0.0000	0.0000	0.0000	0.0000	0.0000	0.0000	0.0000	0.0000	0.0000	0.0000	0.0106	0.0067	0.0040	0.0035	0.0034	0.0002	0.0071	0.0033	0.0038	0.0000	0.0000	0.0000	0.0000	0.0000	0.0000	0.0000	0.0000	0.0000	0.0000	0.0000	0.0000	0.0000	0.0000	0.0000	0.0000	0.0000	0.0000											
52	84	0.0347	9	1	1	0	0	0	0	0	0	N	N	N	N	N	N	N	N	N	N	N	N	2.6291	2.4575	5.2287	0.7068	0.4683	55.0001	3.4993	7312.6856	5.2954	0.0086	0.0056	0.0246	0.0032	0.0023	0.0121	0.0095	0.0062	0.0258	0.0033	0.0023	0.0047	0.0046	0.0048	0.0002	0.0027	0.0000	0.0049	0.8160	1.4103	-0.0001	-0.0000	2.6694	6.9552	2.4027	13.1226	0.0008	0.0005	0.0004	0.0000	0.0000	0.0000	0.0008	0.0004	0.0004	0.0003	0.0001	0.0002	0.0001	0.0001	0.0000	0.0002	0.0000	0.0002	0.0983	0.0829	0.0154	0.0142	0.0128	0.0014	0.0841	0.0701	0.0140	0.0978	0.0581	0.0397	0.0290	0.0275	0.0015	0.0688	0.0306	0.0382	2.6291	2.4575	5.2287	0.7068	0.4683	55.0001	3.4993	7312.6856	5.2954	0.0033	0.0023	0.0047	0.0046	0.0048	0.0002	0.0027	0.0000	0.0049
52	85	0.0316	8	0	1	0	0	0	0	0	0	N	N	N	N	N	N	N	N	N	N	N	N	2.6931	1.2449	13.6642	2.1586	2.2391	0.3089	3.1284	0.3234	15.1330	0.0711	0.0440	0.1948	0.0933	0.0986	0.0022	0.0595	0.0084	0.2175	0.0264	0.0354	0.0143	0.0432	0.0440	0.0073	0.0190	0.0260	0.0144	0.9694	0.2972	-0.0000	-0.0004	2.6694	0.3374	2.4027	6.1146	0.0005	0.0003	0.0003	0.0002	0.0002	0.0000	0.0003	0.0000	0.0003	0.0010	0.0008	0.0002	0.0005	0.0005	0.0000	0.0005	0.0003	0.0002	0.0076	0.0062	0.0014	0.0026	0.0024	0.0001	0.0050	0.0038	0.0012	0.0382	0.0220	0.0162	0.0116	0.0114	0.0003	0.0266	0.0106	0.0160	2.6931	1.2449	13.6642	2.1586	2.2391	0.3089	3.1284	0.3234	15.1330	0.0264	0.0354	0.0143	0.0432	0.0440	0.0073	0.0190	0.0260	0.0144
52	86	0.0316	8	0	1	0	0	0	0	0	0	N	N	N	N	N	N	N	N	N	N	N	N	2.1749	5.6954	2.1014	12.3057	13.1507	0.0676	1.4233	inf	2.1403	0.0062	0.0054	0.0110	0.0302	0.0321	0.0002	0.0043	0.0029	0.0113	0.0029	0.0009	0.0052	0.0025	0.0024	0.0028	0.0030	0.0000	0.0053	0.3833	4.5338	-0.0002	0.0001	2.6694	11.0342	2.4027	12.7513	0.0009	0.0006	0.0002	0.0003	0.0003	0.0000	0.0006	0.0003	0.0002	0.0003	0.0000	0.0002	0.0001	0.0000	0.0000	0.0002	0.0000	0.0002	0.1417	0.1195	0.0222	0.0109	0.0102	0.0006	0.1309	0.1093	0.0216	0.0946	0.0522	0.0424	0.0211	0.0201	0.0009	0.0736	0.0321	0.0415	2.1749	5.6954	2.1014	12.3057	13.1507	0.0676	1.4233	inf	2.1403	0.0029	0.0009	0.0052	0.0025	0.0024	0.0028	0.0030	0.0000	0.0053
52	87	0.0240	7	0	1	0	0	0	0	0	0	N	N	N	N	N	N	N	N	N	N	N	N	0.9441	0.5120	2.8658	2.9347	2.9484	0.3492	0.7962	0.1048	2.8582	0.0839	0.0135	0.4605	0.1741	0.1850	0.0001	0.0777	0.0002	0.4719	0.0888	0.0264	0.1607	0.0593	0.0628	0.0001	0.0975	0.0020	0.1651	6.3607	5.2876	0.0014	0.0009	2.6694	3.9739	2.4027	6.2820	0.0043	0.0006	0.0037	0.0006	0.0006	0.0000	0.0038	0.0000	0.0037	0.0039	0.0006	0.0033	0.0006	0.0006	0.0000	0.0033	0.0000	0.0033	0.0516	0.0435	0.0081	0.0033	0.0031	0.0002	0.0483	0.0404	0.0079	0.0439	0.0235	0.0204	0.0100	0.0094	0.0005	0.0340	0.0141	0.0199	0.9441	0.5120	2.8658	2.9347	2.9484	0.3492	0.7962	0.1048	2.8582	0.0888	0.0264	0.1607	0.0593	0.0628	0.0001	0.0975	0.0020	0.1651
52	88	0.0190	6	0	1	0	0	0	0	0	0	N	N	N	N	N	N	N	N	N	N	N	N	3.0981	0.3849	25.6009	2.5236	2.6234	6.9116	3.8951	25.8702	0.1727	0.0275	0.9475	0.3593	0.3823	0.0000	0.1601	0.0005	0.9710	0.0557	0.0713	0.0370	0.1424	0.1457	0.0000	0.0232	0.0001	0.0375	6.4706	0.4313	0.0000	-0.0005	2.6694	0.0056	2.4027	5.7021	0.0000	0.0000	0.0000	0.0000	0.0000	0.0000	0.0000	0.0000	0.0000	0.0017	0.0012	0.0005	0.0012	0.0012	0.0000	0.0005	0.0000	0.0005	0.0001	0.0001	0.0000	0.0000	0.0000	0.0000	0.0001	0.0001	0.0000	0.0308	0.0168	0.0140	0.0084	0.0082	0.0002	0.0224	0.0086	0.0138	3.0981	0.3849	25.6009	2.5236	2.6234	0.0000	6.9116	3.8951	25.8702	0.0557	0.0713	0.0370	0.1424	0.1457	0.0000	0.0232	0.0001	0.0375	
52	92	0.1074	10	0	0	0	0	0	0	0	0	N	N	N	N	N	N	N	N	N	N	N	N	0.0002	0.0002	0.0007	0.0048	0.0035	0.6278	0.0001	0.0000	0.0003	0.0000	0.0000	0.0001	0.0001	0.0001	0.0006	0.0000	0.0000	0.0000	0.1710	0.1958	0.1286	0.0301	0.0331	0.0009	0.2570	0.3893	0.1424	0.4498	0.3839	-0.0000	-0.0147	2.6694	24.8682	2.4027	39.8855	0.0000	0.0000	0.0000	0.0000	0.0000	0.0000	0.0000	0.0000	0.0000	0.0435	0.0314	0.0121	0.0029	0.0029	0.0000	0.0406	0.0285	0.0120	0.3472	0.3000	0.0472	0.0638	0.0601	0.0037	0.2834	0.2399	0.0435	0.2541	0.1603	0.0938	0.0963	0.0871	0.0092	0.1578	0.0732	0.0846	0.0002	0.0002	0.0007	0.0048	0.0035	0.6278	0.0001	0.0000	0.0003	0.1710	0.1958	0.1286	0.0301	0.0331	0.0009	0.2570	0.3893	0.1424
53	56	0.0507	6	1	1	0	0	0	0	0	0	N	N	N	N	N	N	N	N	N	N	N	N	0.0000	0.0000	0.0000	0.0000	0.0000	0.0000	0.0000	0.0000	0.0000	0.0000	0.0000	0.0000	0.0000	0.0017	0.0000	0.0038	0.0000	0.0000	0.0000	0.0022	0.0000	0.0041	inf	0.0000	0.0001	8.6921	0.0000	5.3599	10.9971	0.0000	0.0000	0.0000	0.0000	0.0000	0.0000	0.0000	0.0000	0.0000	0.0002	0.0000	0.0002	0.0000	0.0000	0.0000	0.0002	0.0000	0.0002	0.0000	0.0000	0.0000	0.0000	0.0000	0.0000	0.0000	0.0000	0.0000	0.0987	0.0544	0.0444	0.0208	0.0183	0.0025	0.0779	0.0361	0.0419	0.0000	0.0000	0.0000	0.0000	0.0000	0.0000	0.0000	0.0000	0.0000	0.0017	0.0000	0.0038	0.0000	0.0000	0.0000	0.0022	0.0000	0.0041						
53	57	0.1060	9	0	0	0	0	0	0	0	0	N	N	N	N	N	N	N	N	N	N	N	N	0.0932	0.1301	0.0011	0.2636	0.2476	3.1434	0.0001	0.0000	0.0005	0.0008	0.0009	0.0000	0.0027	0.0028	0.0001	0.0000	0.0000	0.0000	0.0084	0.0068	0.0116	0.0102	0.0112	0.0000	0.0070	0.0011	0.0132	0.0020	0.8126	-0.0002	-0.0006	8.6921	7.8198	5.3599	21.5823	0.0004	0.0004	0.0000	0.0004	0.0004	0.0000	0.0000	0.0000	0.0000	0.0038	0.0021	0.0017	0.0019	0.0019	0.0000	0.0018	0.0001	0.0017	0.5683	0.4986	0.0697	0.1650	0.1591	0.0059	0.4034	0.3396	0.0638	0.4495	0.3042	0.1453	0.1892	0.1715	0.0177	0.2603	0.1327	0.1276	0.0932	0.1301	0.0011	0.2636	0.2476	3.1434	0.0001	0.0000	0.0005	0.0084	0.0068	0.0116	0.0102	0.0112	0.0000	0.0070	0.0011	0.0132
53	58	0.0865	10	1	1	1	0	0	0	0	0	N	N	N	N	N	N	N	N	N	N	N	N	1.8803	1.2497	1.3407	4.3502	3.8800	0.3791	1.2669	0.0171	0.0199	0.0000	0.1593	0.1655	0.0000	0.0000	0.0000	0.0000	0.0091	0.0160	0.0000	0.0366	0.0426	0.0000	0.0000	0.0000	0.0000	0.0000	0.0001	-0.0008	-0.0006	8.6921	2.0055	5.3599	11.8091	0.0015	0.0015	0.0000	0.0015	0.0015	0.0000	0.0000	0.0000	0.0000	0.0010	0.0010	0.0000	0.0010	0.0010	0.0000	0.0000	0.0000	0.0000	0.0899	0.0769	0.0130	0.0096	0.0093	0.0004	0.0803	0.0676	0.0127	0.1157	0.0657	0.0499	0.0286	0.0246	0.0040	0.0870	0.0411	0.0459	1.8803	1.2497	1.3407	4.3502	3.8800	0.0000	0.3791	0.0000	1.2669	0.0091	0.0160	0.0000	0.0366	0.0426	0.0000	0.0000	0.0000	0.0000		
53	59	0.0811	9	1	0	1	0	0	0	0	0	N	N	N	N	N	N	N	N	N	N	N	N	3.5049	1.5835	9.3864	1.3014	6.1619	0.0000	2.8207	inf	9.1920	0.0174	0.0001	0.1199	0.0011	0.0011	0.0000	0.0193	0.0000	0.1231	0.0050	0.0001	0.0128	0.0008	0.0002	0.0062	0.0068	0.0000	0.0134	157.8333	98.9272	0.0007	0.0001	8.6921	1.9951	5.3599	2.5667	0.0016	0.0000	0.0015	0.0000	0.0000	0.0000	0.0015	0.0000	0.0015	0.0002	0.0000	0.0002	0.0000	0.0000	0.0000	0.0002	0.0000	0.0002	0.0891	0.0762	0.0129	0.0092	0.0088	0.0003	0.0799	0.0674	0.0125	0.0489	0.0300	0.0189	0.0152	0.0136	0.0016	0.0337	0.0165	0.0172	3.5049	1.5835	9.3864	1.3014	6.1619	0.0000	2.8207	inf	9.1920	0.0050	0.0001	0.0128	0.0008	0.0002	0.0062	0.0068	0.0000	0.0134
53	60	0.0743	8	1	0	1	0	0	0	0	0	N	N	N	N	N	N	N	N	N	N	N	N	0.0000	0.0000	0.0000	0.0000	0.0000	0.0000	0.0000	0.0000	0.0000	0.0000	0.0000	0.0000	0.0000	0.0000	0.0000	0.0000	0.0000	0.0003	0.0003	0.0004	0.0005	0.0006	0.0001	0.0002	0.0000	0.0005	0.3908	0.0000	-0.0000	8.6921	0.0108	5.3599	3.6229	0.0000	0.0000	0.0000	0.0000	0.0000	0.0000	0.0000	0.0000	0.0000	0.0000	0.0000	0.0000	0.0000	0.0000	0.0000	0.0000	0.0000	0.0000	0.0008	0.0006	0.0001	0.0002	0.0002	0.0000	0.0005	0.0004	0.0001	0.0558	0.0417	0.0141	0.0259	0.0232	0.0027	0.0299	0.0184	0.0114	0.0000	0.0000	0.0000	0.0000	0.0000	0.0000	0.0000	0.0000	0.0000	0.0003	0.0003	0.0004	0.0005	0.0006	0.0001	0.0002	0.0000	0.0005		
53	61	0.0263	7	0	1	0	0	0	0	0	0	N	N	N	N	N	N	N	N	N	N	N	N	0.0037	0.0047	0.0000	0.0175	0.0171	0.0000	0.0000	0.0000	0.0000	0.0000	0.0000	0.0004	0.0004	0.0000	0.0000	0.0000	0.0000	0.0113	0.0104	0.0126	0.0217	0.0226	0.0000	0.0071	0.0005	0.0129	0.0001	0.7781	-0.0000	-0.0003	8.6921	4.0917	5.3599	8.0988	0.0000	0.0000	0.0000	0.0000	0.0000	0.0000	0.0000	0.0000	0.0000	0.0019	0.0010	0.0008	0.0010	0.0010	0.0000	0.0008	0.0000	0.0008	0.2004	0.1718	0.0286	0.0222	0.0218	0.0004	0.1782	0.1499	0.0283	0.1650	0.1003	0.0648	0.0469	0.0450	0.0019	0.1182	0.0553	0.0629	0.0037	0.0047	0.0000	0.0175	0.0171	0.0000	0.0000	0.0000	0.0000	0.0113	0.0104	0.0126	0.0217	0.0226	0.0000	0.0071	0.0005	0.0129	
53	62	0.0225	6	0	1	0	0	0	0	0	0	N	N	N	N	N	N	N	N	N	N	N	N	0.8741	0.4275	4.1543	2.4886	2.3894	inf	0.9612	0.0106	4.0745	0.0543	0.0354	0.1588	0.4829	0.4979	0.0000	0.0260	0.0001	0.1607	0.0621	0.0827	0.0382	0.1940	0.2084	0.0000	0.0271	0.0108	0.0394	0.8129	0.3990	-0.0005	-0.0017	8.6921	2.1165	5.3599	5.0852	0.0051	0.0028	0.0023	0.0028	0.0028	0.0000	0.0023	0.0000	0.0023	0.0050	0.0036	0.0014	0.0033	0.0033	0.0000	0.0017	0.0003	0.0014	0.0937	0.0793	0.0144	0.0058	0.0056	0.0002	0.0879	0.0737	0.0142	0.0812	0.0435	0.0376	0.0170	0.0158	0.0012	0.0641	0.0277	0.0364	0.8741	0.4275	4.1543	2.4886	2.3894	inf	0.9612	0.0106	4.0745	0.0621	0.0827	0.0382	0.1940	0.2084	0.0000	0.0271	0.0108	0.0394
53	63	0.0743	8	1	0	1	0	0	0	0	0	N	N	N	N	N	N	N	N	N	N	N	N	0.0000	0.0000	0.0000	0.0000	0.0000	0.0000	0.0000	0.0000	0.0000	0.0000	0.0000	0.0000	0.0000	0.0000	0.0000	0.0000	0.0083	0.0132	0.0000	0.0251	0.0290	0.0000	0.0000	0.0000	0.0000	0.0020	0.0000	-0.0007	8.6921	3.9990	5.3599	8.8702	0.0000	0.0000	0.0000	0.0000	0.0000	0.0000	0.0000	0.0000	0.0000	0.0011	0.0011	0.0000	0.0011	0.0011	0.0000	0.0000	0.0000	0.0000	0.1740	0.1516	0.0224	0.0175	0.0170	0.0005	0.1564	0.1345	0.0219	0.1287	0.0801	0.0486	0.0422	0.0365	0.0057	0.0865	0.0436	0.0429	0.0000	0.0000	0.0000	0.0000	0.0000	0.0000	0.0000	0.0000	0.0000	0.0083	0.0132	0.0000	0.0251	0.0290	0.0000	0.0000	0.0000	0.0000			
53	64	0.0541	7	1	0	1	0	0	0	0	0	N	N	N	N	N	N	N	N	N	N	N	N	0.0000	0.0000	0.0000	0.0000	0.0000	0.0000	0.0000	0.0000	0.0000	0.0000	0.0000	0.0000	0.0000	0.0000	0.0000	0.0000	0.0000	0.0011	0.0015	0.0006	0.0032	0.0035	0.0000	0.0003	0.0000	0.0006	0.2696	0.0000	-0.0001	8.6921	3.9972	5.3599	6.8232	0.0000	0.0000	0.0000	0.0000	0.0000	0.0000	0.0000	0.0000	0.0000	0.0001	0.0001	0.0000	0.0001	0.0001	0.0000	0.0000	0.0000	0.0000	0.1848	0.1588	0.0260	0.0209	0.0203	0.0006	0.1639	0.1385	0.0254	0.1212	0.0725	0.0487	0.0331	0.0305	0.0026	0.0881	0.0420	0.0461	0.0000	0.0000	0.0000	0.0000	0.0000	0.0000	0.0000	0.0000	0.0000	0.0011	0.0015	0.0006	0.0032	0.0035	0.0000	0.0003	0.0000	0.0006		
53	65	0.0302	7	0	1	0	0	0	0	0	0	N	N	N	N	N	N	N	N	N	N	N	N	0.0271	0.0550	0.0019	0.2044	0.1989	inf	0.0003	0.0006	0.0010	0.0008	0.0010	0.0001	0.0090	0.0094	0.0014	0.0000	0.0000	0.0001	0.0306	0.0174	0.0502	0.0440	0.0473	0.0000	0.0266	0.0012	0.0523	0.0172	1.9396	-0.0003	0.0007	8.6921	15.6632	5.3599	35.0639	0.0006	0.0006	0.0000	0.0006	0.0006	0.0000	0.0000	0.0000	0.0000	0.0152	0.0052	0.0100	0.0049	0.0049	0.0000	0.0103	0.0002	0.0100	0.6784	0.5776	0.1008	0.0618	0.0586	0.0032	0.6166	0.5190	0.0976	0.4972	0.2976	0.1996	0.1122	0.1043	0.0078	0.3850	0.1933	0.1917	0.0271	0.0550	0.0019	0.2044	0.1989	inf	0.0003	0.0006	0.0010	0.0306	0.0174	0.0502	0.0440	0.0473	0.0000	0.0266	0.0012	0.0523
53	66	0.0302	7	0	0	1	0	0	0	0	0	N	N	N	N	N	N	N	N	N	N	N	N	3048.8984	2412.3736	0.0000	0.0000	inf	inf	0.0001	0.0001	0.0000	0.0000	0.0000	0.0000	0.0001	0.0001	0.0000	0.0000	0.0000	0.0000	0.0000	0.0000	0.0000	0.0000	0.0000	0.0000	0.0000	0.0000	-0.0000	-0.0000	8.6921	4.9998	5.3599	10.1184	0.0000	0.0000	0.0000	0.0000	0.0000	0.0000	0.0000	0.0000	0.0000	0.0000	0.0000	0.0000	0.0000	0.0000	0.0000	0.0000	0.0000	0.0000	0.2436	0.2080	0.0356	0.0379	0.0352	0.0027	0.2058	0.1729	0.0329	0.2563	0.1731	0.0831	0.0851	0.0815	0.0036	0.1711	0.0916	0.0796	3048.8984	2412.3736	0.0000	0.0000	0.0000	0.0000	inf	inf	0.0000	0.0000	0.0000	0.0000	0.0000	0.0000	0.0000	0.0000	0.0000	0.0000			
53	67	0.0194	5	0	1	0	0	0	0	0	0	N	N	N	N	N	N	N	N	N	N	N	N	12855.4401	13687.9568	28339.9832	13.0203	12.7377	901.2771	17690.7657	inf	28797.9005	8.3207	4.8529	29.1404	0.0179	0.0188	0.0034	9.2484	5.4571	30.2562	0.0006	0.0004	0.0010	0.0014	0.0015	0.0000	0.0005	0.0000	0.0011	1.0002	2.2282	-0.1903	0.0000	8.6921	10.9928	5.3599	18.5513	3.9529	1.9763	1.9766	0.0009	0.0008	0.0000	3.9520	1.9754	1.9766	0.0002	0.0001	0.0001	0.0001	0.0001	0.0000	0.0001	0.0000	0.0001	0.4751	0.4072	0.0678	0.0477	0.0452	0.0025	0.4273	0.3620	0.0653	0.2739	0.1549	0.1190	0.0399	0.0373	0.0025	0.2341	0.1176	0.1165	12855.4401	13687.9568	28339.9832	13.0203	12.7377	901.2771	17690.7657	inf	28797.9005	0.0006	0.0004	0.0010	0.0014	0.0015	0.0000	0.0005	0.0000	0.0011
53	68	0.0194	4	0	0	0	0	0	0	0	0	N	N	N	N	N	N	N	N	N	N	N	N	276.1540	133.6478	839.4923	192.7787	193.0450	3455.3590	350.7235	72.4363	847.9501	1.8970	0.7982	7.8894	1.5741	1.5855	0.2502	2.0792	0.2205	8.0440	0.0069	0.0060	0.0094	0.0082	0.0082	0.0001	0.0059	0.0030	0.0095	1.8123	0.5580	0.0020	-0.0001	8.6921	0.0861	5.3599	1.0715	0.0208	0.0074	0.0134	0.0062	0.0062	0.0000	0.0146	0.0012	0.0134	0.0004	0.0002	0.0001	0.0002	0.0002	0.0000	0.0002	0.0001	0.0001	0.0110	0.0093	0.0017	0.0040	0.0039	0.0000	0.0070	0.0054	0.0017	0.0516	0.0381	0.0135	0.0217	0.0216	0.0001	0.0299	0.0165	0.0134	276.1540	133.6478	839.4923	192.7787	193.0450	3455.3590	350.7235	72.4363	847.9501	0.0069	0.0060	0.0094	0.0082	0.0082	0.0001	0.0059	0.0030	0.0095
53	69	0.0837	8	1	0	1	0	0	0	0	0	N	N	N	N	N	N	N	N	N	N	N	N	0.0000	0.0000	0.0000	0.0000	0.0000	0.0000	0.0000	0.0000	0.0000	0.0000	0.0000	0.0000	0.0000	0.0000	0.0000	0.0000	0.0000	0.0000	0.0000	0.0000	0.0000	0.0000	0.0000	0.0000	0.0001	3.3950	0.0000	0.0000	8.6921	1.0000	5.3599	3.0001	0.0000	0.0000	0.0000	0.0000	0.0000	0.0000	0.0000	0.0000	0.0000	0.0000	0.0000	0.0000	0.0000	0.0000	0.0000	0.0000	0.0000	0.0000	0.0447	0.0382	0.0065	0.0059	0.0057	0.0002	0.0387	0.0325	0.0063	0.0316	0.0182	0.0134	0.0074	0.0064	0.0011	0.0241	0.0118	0.0123	0.0000	0.0000	0.0000	0.0000	0.0000	0.0000	0.0000	0.0000	0.0000	0.0000	0.0000	0.0000	0.0000	0.0000	0.0000	0.0000	0.0000	0.0001			
53	70	0.0837	7	1	0	1	0	0	0	0	0	N	N	N	N	N	N	N	N	N	N	N	N	0.0000	0.0000	0.0000	0.0000	0.0000	0.0000	0.0000	0.0000	0.0000	0.0000	0.0000	0.0000	0.0000	0.0000	0.0000	0.0000	0.0613	0.0530	0.0726	0.0709	0.0724	0.0000	0.0539	0.0000	0.0741	0.9998	0.0000	-0.0000	8.6921	0.0000	5.3599	0.0009	0.0000	0.0000	0.0000	0.0000	0.0000	0.0000	0.0000	0.0000	0.0000	0.0000	0.0000	0.0000	0.0000	0.0000	0.0000	0.0000	0.0000	0.0000	0.0000	0.0000	0.0000	0.0000	0.0000	0.0000	0.0000	0.0000	0.0000	0.0000	0.0000	0.0000	0.0000	0.0000	0.0000	0.0000	0.0000	0.0000	0.0000	0.0000	0.0000	0.0000	0.0000	0.0000	0.0000	0.0000	0.0000	0.0613	0.0530	0.0726	0.0709	0.0724	0.0000	0.0539	0.0000	0.0741			
53	71	0.0507	6	1	0	1	0	0	0	0	0	N	N	N	N	N	N	N	N	N	N	N	N	0.0116	0.0087	0.0000	0.0068	0.0061	inf	0.0535	34.9373	0.0000	0.0047	0.0055	0.0000	0.0122	0.0126	0.0000	0.0039	0.0046	0.0000	0.4030	0.6320	0.1290	1.7940	2.0799	0.0000	0.0727	0.0001	0.1370	0.0000	0.1706	-0.0011	-0.0355	8.6921	9.9966	5.3599	12.9129	0.0020	0.0020	0.0000	0.0005	0.0005	0.0000	0.0015	0.0015	0.0000	0.0756	0.0646	0.0110	0.0646	0.0646	0.0000	0.0110	0.0000	0.0110	0.4321	0.3699	0.0621	0.0413	0.0399	0.0014	0.3908	0.3300	0.0608	0.1877	0.1022	0.0855	0.0360	0.0311	0.0049	0.1517	0.0712	0.0805	0.0116	0.0087	0.0000	0.0068	0.0061	inf	0.0535	34.9373	0.0000	0.4030	0.6320	0.1290	1.7940	2.0799	0.0000	0.0727	0.0001	0.1370
53	72	0.0175	5	0	1	0	1	0	0	0	0	N	N	N	N	N	N	N	N	N	N	N	N	0.0095	0.0120	0.0000	0.0401	0.0378	0.0000	0.0000	0.0000	0.0072	0.0085	0.0000	0.1209	0.1244	0.0000	0.0000	0.0000	0.0000	0.7547	0.7069	0.8082	3.0171	3.2931	0.0000	0.4358	0.0001	0.8263	0.0000	1.0241	-0.0022	-0.0343	8.6921	13.0000	5.3599	39.1663	0.0040	0.0040	0.0000	0.0040	0.0040	0.0000	0.0000	0.0000	0.0000	0.3150	0.1556	0.1594	0.1556	0.1556	0.0000	0.1594	0.0000	0.1594	0.5488	0.4660	0.0828	0.0327	0.0317	0.0009	0.5161	0.4342	0.0819	0.4174	0.2202	0.1972	0.0516	0.0473	0.0043	0.3658	0.1729	0.1929	0.0095	0.0120	0.0000	0.0401	0.0378	0.0000	0.0000	0.0000	0.0000	0.7547	0.7069	0.8082	3.0171	3.2931	0.0000	0.4358	0.0001	0.8263	
53	73	0.0151	4	0	1	0	0	0	0	0	0	N	N	N	N	N	N	N	N	N	N	N	N	15.0920	30.1780	0.3494	133.2789	131.1520	0.1130	0.3460	0.0020	0.0023	0.0001	0.0318	0.0327	0.0000	0.0000	0.0000	0.0001	0.0001	0.0001	0.0002	0.0002	0.0002	0.0000	0.0001	0.0000	0.0002	0.0057	1.8904	-0.0001	0.0000	8.6921	3.0003	5.3599	18.1082	0.0003	0.0003	0.0000	0.0003	0.0003	0.0000	0.0000	0.0000	0.0000	0.0000	0.0000	0.0000	0.0000	0.0000	0.0000	0.0000	0.0000	0.0000	0.1324	0.1120	0.0204	0.0082	0.0080	0.0002	0.1242	0.1040	0.0202	0.2289	0.1347	0.0942	0.0436	0.0416	0.0019	0.1853	0.0930	0.0923	15.0920	30.1780	0.3494	133.2789	131.1520	0.0000	0.1130	0.0000	0.3460	0.0001	0.0001	0.0002	0.0002	0.0002	0.0000	0.0001	0.0000	0.0002		
53	74	0.0541	7	0	1	0	0	0	0	0	0	N	N	N	N	N	N	N	N	N	N	N	N	69.2206	60.8377	0.0000	0.0000	0.0000	0.0000	418.1574	inf	0.0000	0.0000	0.0000	0.0000	0.0000	0.0000	0.0000	0.0000	0.0000	0.0000	0.0000	0.0000	0.0000	0.0000	0.0000	0.0000	0.0000	0.0000	0.0000	0.0000	0.3228	-0.0000	-0.0000	8.6921	7.0046	5.3599	18.1036	0.0000	0.0000	0.0000	0.0000	0.0000	0.0000	0.0000	0.0000	0.0000	0.0000	0.0000	0.0000	0.0000	0.0000	0.0000	0.0000	0.0000	0.0000	0.3139	0.2693	0.0445	0.0331	0.0321	0.0010	0.2808	0.2372	0.0435	0.2261	0.1289	0.0972	0.0512	0.0456	0.0056	0.1749	0.0833	0.0916	69.2206	60.8377	0.0000	0.0000	0.0000	0.0000	418.1574	inf	0.0000	0.0000	0.0000	0.0000	0.0000	0.0000	0.0000	0.0000	0.0000	0.0000
53	75	0.0507	6	0	0	0	0	0	0	0	0	N	N	N	N	N	N	N	N	N	N	N	N	0.0142	0.0358	0.0007	0.1186	0.1125	inf	0.0002	0.0005	0.0007	0.0752	0.0861	0.0061	0.5733	0.5891	0.0001	0.0011	0.0001	0.0063	5.2779	2.4045	9.0721	4.8335	5.2367	0.0000	5.4389	0.2577	9.5245	0.0113	2.8573	-0.0005	0.0266	8.6921	0.2435	5.3599	3.2922	0.0009	0.0009	0.0000	0.0009	0.0009	0.0000	0.0000	0.0000	0.0000	0.2108	0.0546	0.1561	0.0513	0.0513	0.0000	0.1594	0.0033	0.1561	0.0119	0.0103	0.0016	0.0015	0.0015	0.0000	0.0104	0.0088	0.0016	0.0399	0.0227	0.0172	0.0106	0.0098	0.0008	0.0293	0.0129	0.0164	0.0142	0.0358	0.0007	0.1186	0.1125	inf	0.0002	0.0005	0.0007	5.2779	2.4045	9.0721	4.8335	5.2367	0.0000	5.4389	0.2577	9.5245
53	76	0.0175	5	0	0	0	0	0	0	0	0	N	N	N	N	N	N	N	N	N	N	N	N	6.0298	0.0044	31.7028	0.0105	0.0099	inf	9.3892	336.4276	31.4110	9.3458	0.0053	61.5120	0.0484	0.0488	0.0380	9.9333	0.0021	62.2234	1.5499	1.2045	1.9403	4.5983	4.9411	0.0000	1.0580	0.0000	1.9809	2074.2488	1.4256	1.2762	-0.0101	8.6921	7.0044	5.3599	20.1113	2.8277	0.0014	2.8263	0.0009	0.0009	0.0000	2.8268	0.0005	2.8263	0.3749	0.1546	0.2203	0.1546	0.1546	0.0000	0.2203	0.0000	0.2203	0.3026	0.2566	0.0459	0.0180	0.0175	0.0005	0.2846	0.2392	0.0454	0.2419	0.1283	0.1136	0.0336	0.0313	0.0023	0.2083	0.0970	0.1112	6.0298	0.0044	31.7028	0.0105	0.0099	inf	9.3892	336.4276	31.4110	1.5499	1.2045	1.9403	4.5983	4.9411	0.0000	1.0580	0.0000	1.9809
53	77	0.0198	5	0	1	0	0	0	0	0	0	N	N	N	N	N	N	N	N	N	N	N	N	897.8818	103881.8195	0.2000	316892.9798	298772.5842	inf	0.0604	inf	0.1957	2.1843	2.5388	0.0011	24.3623	24.6912	0.0000	0.0002	0.0000	0.0011	0.0024	0.0000	0.0057	0.0001	0.0001	0.0000	0.0030	0.0000	0.0059	0.0001	172.4584	-0.4616	0.0002	8.6921	8.6571	5.3599	16.0761	0.8422	0.8421	0.0001	0.8421	0.8421	0.0000	0.0001	0.0000	0.0001	0.0006	0.0000	0.0006	0.0000	0.0000	0.0000	0.0006	0.0000	0.0006	0.3856	0.3317	0.0539	0.0346	0.0341	0.0005	0.3510	0.2976	0.0534	0.2368	0.1359	0.1009	0.0432	0.0402	0.0030	0.1936	0.0957	0.0979	897.8818	103881.8195	0.2000	316892.9798	298772.5842	inf	0.0604	inf	0.1957	0.0024	0.0000	0.0057	0.0001	0.0001	0.0000	0.0030	0.0000	0.0059
53	78	0.0194	4	0	1	0	0	0	0	0	0	N	N	N	N	N	N	N	N	N	N	N	N	90.9294	118.9422	100.7507	240.2333	242.0025	inf	40.9915	4.7145	102.0060	0.3291	0.2645	0.6980	1.0282	1.0470	0.0845	0.1327	0.0000	0.7162	0.0036	0.0022	0.0069	0.0043	0.0043	0.0000	0.0032	0.0000	0.0070	0.4621	1.3138	-0.0018	-0.0000	8.6921	0.3645	5.3599	1.9845	0.0077	0.0052	0.0024	0.0052	0.0052	0.0000	0.0024	0.0000	0.0024	0.0002	0.0001	0.0001	0.0001	0.0001	0.0000	0.0001	0.0000	0.0001	0.0233	0.0198	0.0035	0.0051	0.0050	0.0001	0.0182	0.0148	0.0034	0.0616	0.0434	0.0183	0.0225	0.0223	0.0002	0.0391	0.0211	0.0180	90.9294	118.9422	100.7507	240.2333	242.0025	inf	40.9915	4.7145	102.0060	0.0036	0.0022	0.0069	0.0043	0.0043	0.0000	0.0032	0.0000	0.0070
53	79	0.0099	3	0	0	0	0	0	0	0	0	N	N	N	N	N	N	N	N	N	N	N	N	0.7914	2.5680	1.0963	2.1253	2.0963	8152.4299	0.8394	18.1507	1.2207	4.2989	0.0509	18.9931	0.1755	0.1758	0.1427	5.2543	0.0113	19.1080	5.4318	0.0198	17.3240	0.0826	0.0839	0.0000	6.2598	0.0006	15.6531	107.9187	477.8113	0.3430	0.3823	8.6921	2.9108	5.3599	14.2456	0.7748	0.0071	0.7677	0.0060	0.0059	0.0000	0.7688	0.0012	0.7677	0.9976	0.0021	0.9955	0.0020	0.0020	0.0000	0.9956	0.0001	0.9955	0.1802	0.1398	0.0404	0.0339	0.0337	0.0002	0.1463	0.1062	0.0402	0.1837	0.1052	0.0785	0.0246	0.0242	0.0004	0.1590	0.0809	0.0781	0.7914	2.5680	1.4976	2.1253	2.0963	8152.4299	0.8394	18.1507	1.4996	5.4318	0.0198	12.6821	0.0826	0.0839	0.0000	6.2598	0.0006	12.7418
53	82	0.0332	8	0	1	0	0	0	0	0	0	N	N	N	N	N	N	N	N	N	N	N	N	371.7117	384.9013	976.4408	910.5846	965.9520	59.4498	328.1196	inf	1054.1631	2.6198	0.0718	16.3034	0.4142	0.4690	0.0013	2.9976	0.0000	18.2983	0.0070	0.0002	0.0167	0.0005	0.0005	0.0000	0.0091	0.0000	0.0174	42.2640	63.6232	0.4287	0.0008	8.6921	7.9116	5.3599	21.1247	1.0000	0.0231	0.9769	0.0231	0.0231	0.0000	0.9769	0.0000	0.9769	0.0022	0.0000	0.0021	0.0000	0.0000	0.0000	0.0021	0.0000	0.0021	0.3817	0.3218	0.0599	0.0558	0.0493	0.0065	0.3259	0.2725	0.0534	0.3091	0.1807	0.1285	0.0743	0.0694	0.0049	0.2348	0.1112	0.1236	371.7117	384.9013	976.4408	910.5846	965.9520	59.4498	328.1196	inf	1054.1631	0.0070	0.0002	0.0167	0.0005	0.0005	0.0000	0.0091	0.0000	0.0174
53	83	0.0512	9	1	1	0	0	0	0	0	0	N	N	N	N	N	N	N	N	N	N	N	N	0.0000	0.0000	0.0000	0.0000	0.0000	0.0000	0.0000	0.0000	0.0000	0.0000	0.0000	0.0000	0.0000	0.0326	0.0000	0.0888	0.0000	0.0000	0.0000	0.0477	0.0000	0.0927	inf	0.0000	0.0003	8.6921	0.0000	5.3599	1.8333	0.0000	0.0000	0.0000	0.0000	0.0000	0.0000	0.0000	0.0000	0.0000	0.0009	0.0000	0.0009	0.0000	0.0000	0.0000	0.0009	0.0000	0.0009	0.0000	0.0000	0.0000	0.0000	0.0000	0.0000	0.0000	0.0000	0.0000	0.0268	0.0170	0.0098	0.0085	0.0081	0.0004	0.0183	0.0089	0.0094	0.0000	0.0000	0.0000	0.0000	0.0000	0.0000	0.0000	0.0000	0.0000	0.0326	0.0000	0.0888	0.0000	0.0000	0.0000	0.0477	0.0000	0.0927						
53	84	0.0332	8	1	1	0	0	0	0	0	0	N	N	N	N	N	N	N	N	N	N	N	N	188.3696	0.2216	670.8789	28.6893	0.5550	3494.5646	221.9915	2.8655	715.1178	2.4523	0.0014	15.5215	0.3925	0.0080	3.1722	2.8351	0.0001	17.2144	0.0130	0.0062	0.0231	0.0137	0.0145	0.0009	0.0128	0.0000	0.0241	2111.9706	2.4992	0.3787	0.0003	8.6921	6.9552	5.3599	13.1226	0.8390	0.0004	0.8386	0.0210	0.0004	0.0207	0.8180	0.0000	0.8180	0.0032	0.0009	0.0023	0.0009	0.0009	0.0000	0.0023	0.0000	0.0023	0.3421	0.2881	0.0540	0.0536	0.0471	0.0065	0.2885	0.2410	0.0475	0.2438	0.1458	0.0980	0.0664	0.0625	0.0040	0.1774	0.0834	0.0940	188.3696	0.2216	670.8789	28.6893	0.5550	3494.5646	221.9915	2.8655	715.1178	0.0130	0.0062	0.0231	0.0137	0.0145	0.0009	0.0128	0.0000	0.0241
53	85	0.0302	7	0	1	0	0	0	0	0	0	N	N	N	N	N	N	N	N	N	N	N	N	27.5872	74.9671	24.9403	53.5689	65.5384	275.3134	21.8232	553.1894	40.6191	3.8308	2.9684	6.8630	4.1943	5.2609	0.0493	3.5559	1.1687	11.3666	0.1389	0.0396	0.2752	0.0783	0.0803	0.0002	0.1629	0.0021	0.2798	0.6575	5.0605	-0.0229	0.0029	8.6921	0.3374	5.3599	6.1146	0.1509	0.0910	0.0599	0.0711	0.0710	0.0002	0.0798	0.0201	0.0597	0.0134	0.0022	0.0112	0.0021	0.0021	0.0000	0.0112	0.0001	0.0112	0.0394	0.0307	0.0087	0.0170	0.0135	0.0035	0.0224	0.0172	0.0053	0.0962	0.0557	0.0405	0.0274	0.0267	0.0007	0.0688	0.0290	0.0399	27.5872	74.9671	24.9403	53.5689	65.5384	275.3134	21.8232	553.1894	40.6191	0.1389	0.0396	0.2752	0.0783	0.0803	0.0002	0.1629	0.0021	0.2798
53	86	0.0302	7	0	1	0	0	0	0	0	0	N	N	N	N	N	N	N	N	N	N	N	N	44.7780	5931.0299	7.6412	2826.3464	2943.7500	9298.1592	34.5276	inf	7.8831	2.0865	2.3246	0.7933	3.2829	3.6190	0.0078	1.9690	2.1870	0.8377	0.0466	0.0004	0.1038	0.0012	0.0012	0.0000	0.0570	0.0000	0.1063	0.0628	213.8936	-0.5001	0.0041	8.6921	11.0342	5.3599	12.7513	1.0225	0.9621	0.0604	0.1439	0.1439	0.0000	0.8786	0.8182	0.0604	0.0108	0.0001	0.0108	0.0001	0.0001	0.0000	0.0108	0.0000	0.0108	0.4901	0.4139	0.0762	0.0438	0.0398	0.0041	0.4462	0.3741	0.0721	0.2327	0.1288	0.1040	0.0434	0.0411	0.0024	0.1893	0.0877	0.1016	44.7780	5931.0299	7.6412	2826.3464	2943.7500	9298.1592	34.5276	inf	7.8831	0.0466	0.0004	0.1038	0.0012	0.0012	0.0000	0.0570	0.0000	0.1063
53	87	0.0225	6	0	1	0	0	0	0	0	0	N	N	N	N	N	N	N	N	N	N	N	N	0.5883	19.3434	0.9614	1.5260	1.4572	inf	0.5098	497.2852	0.9589	5.4305	0.1523	34.7200	0.0335	0.0346	0.0004	5.7793	0.1611	35.1353	9.2302	0.0079	36.1140	0.0220	0.0237	0.0000	11.3363	0.0003	36.6423	41.0726	2192.1389	0.4049	0.3789	8.6921	3.9739	5.3599	6.2820	0.9459	0.0225	0.9234	0.0004	0.0004	0.0000	0.9455	0.0221	0.9234	0.9846	0.0004	0.9842	0.0004	0.0004	0.0000	0.9842	0.0000	0.9842	0.1742	0.1476	0.0266	0.0106	0.0103	0.0003	0.1636	0.1373	0.0263	0.1067	0.0570	0.0497	0.0199	0.0184	0.0015	0.0868	0.0386	0.0482	0.5883	19.3434	1.7521	1.5260	1.4572	inf	0.5098	497.2852	1.7213	9.2302	0.0079	19.8162	0.0220	0.0237	0.0000	11.3363	0.0003	20.4124
53	88	0.0175	5	0	1	0	0	0	0	0	0	N	N	N	N	N	N	N	N	N	N	N	N	166.3658	9.0801	669.8424	0.0999	0.0997	190.9626	798.0188	667.0132	11.2117	0.3189	71.5163	0.0084	0.0087	0.0000	11.9179	0.3415	72.3501	0.0674	0.0351	0.1068	0.0843	0.0870	0.0000	0.0624	0.0004	0.1085	40.5044	2.4912	0.0012	0.0005	8.6921	0.0056	5.3599	5.7021	0.0028	0.0001	0.0027	0.0000	0.0000	0.0000	0.0028	0.0001	0.0027	0.0048	0.0014	0.0034	0.0014	0.0014	0.0000	0.0034	0.0000	0.0034	0.0002	0.0002	0.0000	0.0000	0.0000	0.0000	0.0002	0.0002	0.0000	0.0715	0.0393	0.0322	0.0162	0.0157	0.0005	0.0552	0.0236	0.0317	166.3658	9.0801	669.8424	0.0999	0.0997	0.0000	190.9626	798.0188	667.0132	0.0674	0.0351	0.1068	0.0843	0.0870	0.0000	0.0624	0.0004	0.1085	
53	92	0.1060	9	0	0	0	0	0	0	0	0	N	N	N	N	N	N	N	N	N	N	N	N	0.0758	0.0502	0.5640	0.1542	0.1274	124.0953	0.0346	0.0000	0.1370	0.0038	0.0037	0.0044	0.0204	0.0188	0.0526	0.0002	0.0000	0.0012	0.0502	0.0740	0.0079	0.1324	0.1479	0.0004	0.0052	0.0017	0.0087	0.1825	0.0598	-0.0018	-0.0174	8.6921	24.8682	5.3599	39.8855	0.0045	0.0038	0.0007	0.0043	0.0038	0.0005	0.0002	0.0000	0.0002	0.0311	0.0294	0.0018	0.0290	0.0290	0.0000	0.0021	0.0003	0.0017	1.1798	1.0238	0.1559	0.2114	0.2016	0.0099	0.9683	0.8223	0.1461	0.6202	0.3973	0.2229	0.2193	0.1962	0.0231	0.4008	0.2011	0.1998	0.0758	0.0502	0.5640	0.1542	0.1274	124.0953	0.0346	0.0000	0.1370	0.0502	0.0740	0.0079	0.1324	0.1479	0.0004	0.0052	0.0017	0.0087
54	56	0.0455	5	1	1	0	0	0	0	0	0	N	N	N	N	N	N	N	N	N	N	N	N	0.0000	0.0000	0.0000	0.0000	0.0000	0.0000	0.0000	0.0000	0.0000	0.0000	0.0000	0.0000	0.0000	0.0112	0.0000	0.0244	0.0000	0.0000	0.0000	0.0149	0.0000	0.0256	inf	0.0000	0.0001	1.8652	0.0000	1.4001	10.9971	0.0000	0.0000	0.0000	0.0000	0.0000	0.0000	0.0000	0.0000	0.0000	0.0003	0.0000	0.0003	0.0000	0.0000	0.0000	0.0003	0.0000	0.0003	0.0000	0.0000	0.0000	0.0000	0.0000	0.0000	0.0000	0.0000	0.0000	0.0277	0.0150	0.0127	0.0070	0.0064	0.0006	0.0207	0.0086	0.0121	0.0000	0.0000	0.0000	0.0000	0.0000	0.0000	0.0000	0.0000	0.0000	0.0112	0.0000	0.0244	0.0000	0.0000	0.0000	0.0149	0.0000	0.0256						
54	57	0.1008	8	0	0	0	0	0	0	0	0	N	N	N	N	N	N	N	N	N	N	N	N	0.0377	0.0364	0.0772	0.0998	0.0644	8.1882	0.0026	0.0093	0.0008	0.0006	0.0024	0.0024	0.0017	0.0223	0.0001	0.0000	0.0003	0.0217	0.0163	0.0312	0.0241	0.0257	0.0027	0.0198	0.0000	0.0339	0.5721	1.0815	-0.0000	-0.0003	1.8652	7.8198	1.4001	21.5823	0.0001	0.0001	0.0000	0.0001	0.0001	0.0000	0.0000	0.0000	0.0000	0.0029	0.0014	0.0015	0.0014	0.0014	0.0000	0.0015	0.0000	0.0015	0.1480	0.1298	0.0182	0.0481	0.0464	0.0017	0.0999	0.0834	0.0165	0.1348	0.0862	0.0486	0.0588	0.0546	0.0042	0.0760	0.0317	0.0444	0.0377	0.0364	0.0772	0.0998	0.0644	8.1882	0.0026	0.0000	0.0093	0.0217	0.0163	0.0312	0.0241	0.0257	0.0027	0.0198	0.0000	0.0339	
54	58	0.0813	9	1	1	1	0	0	0	0	0	N	N	N	N	N	N	N	N	N	N	N	N	0.0448	1.5156	0.0019	3.7918	3.4713	0.0000	0.0005	0.0018	0.0015	0.0017	0.0001	0.0081	0.0083	0.0000	0.0000	0.0000	0.0001	0.0327	0.0011	0.0725	0.0021	0.0024	0.0001	0.0450	0.0000	0.0777	0.0123	52.5182	-0.0000	0.0004	1.8652	2.0055	1.4001	11.8091	0.0000	0.0000	0.0000	0.0000	0.0000	0.0000	0.0000	0.0000	0.0000	0.0011	0.0000	0.0011	0.0000	0.0000	0.0000	0.0011	0.0000	0.0011	0.0242	0.0211	0.0031	0.0043	0.0042	0.0001	0.0199	0.0168	0.0031	0.0328	0.0183	0.0145	0.0094	0.0084	0.0010	0.0234	0.0098	0.0135	0.0448	1.5156	0.0019	3.7918	3.4713	0.0000	0.0005	0.0000	0.0018	0.0327	0.0011	0.0725	0.0021	0.0024	0.0001	0.0450	0.0000	0.0777	
54	59	0.0759	8	1	0	1	0	0	0	0	0	N	N	N	N	N	N	N	N	N	N	N	N	3.6582	0.0682	34.6145	0.1916	0.1780	8.7413	0.0000	32.8821	0.0015	0.0000	0.0113	0.0002	0.0002	0.0000	0.0018	0.0000	0.0116	0.0004	0.0005	0.0003	0.0008	0.0009	0.0000	0.0002	0.0000	0.0004	53.3465	0.4732	0.0000	-0.0000	1.8652	1.9951	1.4001	2.5667	0.0000	0.0000	0.0000	0.0000	0.0000	0.0000	0.0000	0.0000	0.0000	0.0000	0.0000	0.0000	0.0000	0.0000	0.0000	0.0000	0.0000	0.0000	0.0240	0.0209	0.0031	0.0042	0.0042	0.0001	0.0198	0.0168	0.0030	0.0134	0.0080	0.0054	0.0045	0.0041	0.0004	0.0089	0.0039	0.0050	3.6582	0.0682	34.6145	0.1916	0.1780	0.0000	8.7413	0.0000	32.8821	0.0004	0.0005	0.0003	0.0008	0.0009	0.0000	0.0002	0.0000	0.0004	
54	60	0.0691	7	1	0	1	0	0	0	0	0	N	N	N	N	N	N	N	N	N	N	N	N	0.0000	0.0000	0.0000	0.0000	0.0000	0.0000	0.0000	0.0000	0.0000	0.0000	0.0000	0.0000	0.0000	0.0000	0.0000	0.0000	0.0000	0.0000	0.0013	0.0013	0.0011	0.0021	0.0023	0.0000	0.0006	0.0000	0.0014	0.3267	0.0000	-0.0000	1.8652	0.0108	1.4001	3.6229	0.0000	0.0000	0.0000	0.0000	0.0000	0.0000	0.0000	0.0000	0.0000	0.0000	0.0000	0.0000	0.0000	0.0000	0.0000	0.0000	0.0000	0.0000	0.0002	0.0002	0.0000	0.0001	0.0001	0.0000	0.0001	0.0001	0.0000	0.0148	0.0107	0.0041	0.0070	0.0063	0.0007	0.0079	0.0044	0.0034	0.0000	0.0000	0.0000	0.0000	0.0000	0.0000	0.0000	0.0000	0.0000	0.0013	0.0013	0.0011	0.0021	0.0023	0.0000	0.0006	0.0000	0.0014	
54	61	0.0211	6	0	1	0	0	0	0	0	0	N	N	N	N	N	N	N	N	N	N	N	N	0.0009	0.0006	0.0040	0.0026	0.0017	inf	0.0000	0.0000	0.0000	0.0000	0.0001	0.0003	0.0002	0.0095	0.0000	0.0000	0.0000	0.0448	0.0573	0.0276	0.0989	0.1015	0.0000	0.0174	0.0000	0.0281	0.5188	0.3479	-0.0000	-0.0008	1.8652	4.0917	1.4001	8.0988	0.0000	0.0000	0.0000	0.0000	0.0000	0.0000	0.0000	0.0000	0.0000	0.0023	0.0017	0.0006	0.0017	0.0017	0.0000	0.0006	0.0000	0.0006	0.0519	0.0450	0.0068	0.0087	0.0086	0.0001	0.0432	0.0364	0.0068	0.0524	0.0304	0.0220	0.0176	0.0172	0.0005	0.0348	0.0132	0.0215	0.0009	0.0006	0.0040	0.0026	0.0017	inf	0.0000	0.0000	0.0000	0.0448	0.0573	0.0276	0.0989	0.1015	0.0000	0.0174	0.0000	0.0281	
54	62	0.0173	5	0	1	0	0	0	0	0	0	N	N	N	N	N	N	N	N	N	N	N	N	0.0274	0.0251	0.0603	0.0905	0.0787	inf	0.0142	139.8860	0.0489	0.0036	0.0026	0.0097	0.0169	0.0153	0.1502	0.0015	0.0003	0.0080	0.1298	0.1023	0.1602	0.1872	0.1942	0.0000	0.1066	0.0000	0.1639	0.6110	1.4137	-0.0000	-0.0001	1.8652	2.1165	1.4001	5.0852	0.0001	0.0001	0.0000	0.0001	0.0000	0.0000	0.0000	0.0000	0.0000	0.0035	0.0014	0.0020	0.0014	0.0014	0.0000	0.0020	0.0000	0.0020	0.0246	0.0212	0.0034	0.0033	0.0032	0.0000	0.0214	0.0180	0.0034	0.0267	0.0140	0.0126	0.0077	0.0074	0.0003	0.0190	0.0066	0.0124	0.0274	0.0251	0.0603	0.0905	0.0787	inf	0.0142	139.8860	0.0489	0.1298	0.1023	0.1602	0.1872	0.1942	0.0000	0.1066	0.0000	0.1639
54	63	0.0691	7	1	0	1	0	0	0	0	0	N	N	N	N	N	N	N	N	N	N	N	N	0.0000	0.0000	0.0000	0.0000	0.0000	0.0000	0.0000	0.0000	0.0000	0.0000	0.0000	0.0000	0.0000	0.0000	0.0000	0.0000	0.0000	0.0287	0.0014	0.0698	0.0023	0.0025	0.0001	0.0436	0.0000	0.0768	33.8795	0.0000	0.0004	1.8652	3.9990	1.4001	8.8702	0.0000	0.0000	0.0000	0.0000	0.0000	0.0000	0.0000	0.0000	0.0000	0.0011	0.0000	0.0011	0.0000	0.0000	0.0000	0.0011	0.0000	0.0011	0.0465	0.0411	0.0054	0.0080	0.0079	0.0001	0.0385	0.0332	0.0053	0.0377	0.0226	0.0151	0.0136	0.0122	0.0014	0.0241	0.0104	0.0137	0.0000	0.0000	0.0000	0.0000	0.0000	0.0000	0.0000	0.0000	0.0000	0.0287	0.0014	0.0698	0.0023	0.0025	0.0001	0.0436	0.0000	0.0768		
54	64	0.0490	6	1	0	1	0	0	0	0	0	N	N	N	N	N	N	N	N	N	N	N	N	0.0003	0.0000	0.0017	0.0000	0.0000	0.0005	0.0000	0.0017	0.0000	0.0000	0.0000	0.0000	0.0000	0.0000	0.0000	0.0000	0.0000	0.0021	0.0013	0.0032	0.0026	0.0028	0.0000	0.0019	0.0000	0.0034	inf	1.7073	0.0000	0.0000	1.8652	3.9972	1.4001	6.8232	0.0000	0.0000	0.0000	0.0000	0.0000	0.0000	0.0000	0.0000	0.0000	0.0001	0.0000	0.0000	0.0000	0.0000	0.0000	0.0000	0.0000	0.0000	0.0495	0.0432	0.0063	0.0090	0.0089	0.0001	0.0405	0.0343	0.0061	0.0330	0.0193	0.0137	0.0099	0.0093	0.0006	0.0231	0.0100	0.0131	0.0003	0.0000	0.0017	0.0000	0.0000	0.0000	0.0005	0.0000	0.0017	0.0021	0.0013	0.0032	0.0026	0.0028	0.0000	0.0019	0.0000	0.0034	
54	65	0.0250	6	0	1	0	0	0	0	0	0	N	N	N	N	N	N	N	N	N	N	N	N	0.0121	0.0127	0.0070	0.0064	0.0049	287.6547	0.0205	inf	0.0037	0.0006	0.0006	0.0003	0.0006	0.0005	0.0053	0.0006	0.0006	0.0002	0.0478	0.0486	0.0467	0.0979	0.1023	0.0000	0.0277	0.0000	0.0481	0.0828	0.7074	-0.0000	-0.0015	1.8652	15.6632	1.4001	35.0639	0.0001	0.0001	0.0000	0.0000	0.0000	0.0000	0.0001	0.0001	0.0000	0.0073	0.0043	0.0030	0.0043	0.0043	0.0000	0.0030	0.0000	0.0030	0.1780	0.1538	0.0242	0.0277	0.0270	0.0007	0.1502	0.1268	0.0234	0.1533	0.0883	0.0650	0.0438	0.0419	0.0019	0.1095	0.0464	0.0631	0.0121	0.0127	0.0070	0.0064	0.0049	287.6547	0.0205	inf	0.0037	0.0478	0.0486	0.0467	0.0979	0.1023	0.0000	0.0277	0.0000	0.0481
54	66	0.0250	6	0	0	1	0	0	0	0	0	N	N	N	N	N	N	N	N	N	N	N	N	0.0000	0.0000	0.0000	0.0000	0.0000	0.0000	0.0000	0.0000	0.0000	0.0000	0.0000	0.0000	0.0000	0.0000	0.0000	0.0003	0.0000	0.0009	0.0000	0.0000	0.0000	0.0005	0.0000	0.0009	inf	0.0000	0.0000	1.8652	4.9998	1.4001	10.1184	0.0000	0.0000	0.0000	0.0000	0.0000	0.0000	0.0000	0.0000	0.0000	0.0000	0.0000	0.0000	0.0000	0.0000	0.0000	0.0000	0.0000	0.0000	0.0632	0.0547	0.0085	0.0131	0.0125	0.0006	0.0501	0.0422	0.0079	0.0731	0.0474	0.0258	0.0262	0.0253	0.0009	0.0469	0.0220	0.0249	0.0000	0.0000	0.0000	0.0000	0.0000	0.0000	0.0000	0.0000	0.0000	0.0003	0.0000	0.0009	0.0000	0.0000	0.0000	0.0005	0.0000	0.0009				
54	67	0.0142	4	0	1	0	0	0	0	0	0	N	N	N	N	N	N	N	N	N	N	N	N	854.8669	656.6237	2299.8879	36.7847	36.4577	762.9865	1609.0638	inf	2342.9296	0.2871	0.2056	0.8361	0.0276	0.0283	0.0031	0.3420	0.2487	0.8653	0.0003	0.0003	0.0004	0.0008	0.0008	0.0000	0.0002	0.0000	0.0004	0.6037	0.9527	-0.0063	-0.0000	1.8652	10.9928	1.4001	18.5513	0.0368	0.0229	0.0138	0.0006	0.0006	0.0000	0.0362	0.0223	0.0138	0.0000	0.0000	0.0000	0.0000	0.0000	0.0000	0.0000	0.0000	0.0000	0.1281	0.1115	0.0166	0.0223	0.0218	0.0006	0.1057	0.0897	0.0160	0.0863	0.0474	0.0389	0.0198	0.0191	0.0006	0.0665	0.0282	0.0383	854.8669	656.6237	2299.8879	36.7847	36.4577	762.9865	1609.0638	inf	2342.9296	0.0003	0.0003	0.0004	0.0008	0.0008	0.0000	0.0002	0.0000	0.0004
54	68	0.0142	3	0	0	0	0	0	0	0	0	N	N	N	N	N	N	N	N	N	N	N	N	125.7240	108.3370	171.9462	125.2130	124.8708	3018.5966	128.3226	2465.7443	171.7862	0.4625	0.2758	1.1391	0.5395	0.5409	0.2773	0.4118	0.0072	1.1474	0.0037	0.0025	0.0066	0.0043	0.0043	0.0001	0.0032	0.0000	0.0067	1.1391	1.0001	-0.0000	-0.0000	1.8652	0.0861	1.4001	1.0715	0.0015	0.0007	0.0008	0.0007	0.0007	0.0000	0.0008	0.0000	0.0008	0.0000	0.0000	0.0000	0.0000	0.0000	0.0000	0.0000	0.0000	0.0000	0.0033	0.0026	0.0007	0.0013	0.0013	0.0000	0.0020	0.0013	0.0007	0.0134	0.0097	0.0037	0.0057	0.0057	0.0000	0.0077	0.0040	0.0037	125.7240	108.3370	171.9462	125.2130	124.8708	3018.5966	128.3226	2465.7443	171.7862	0.0037	0.0025	0.0066	0.0043	0.0043	0.0001	0.0032	0.0000	0.0067
54	69	0.0786	7	1	0	1	0	0	0	0	0	N	N	N	N	N	N	N	N	N	N	N	N	0.0000	0.0000	0.0000	0.0000	0.0000	0.0000	0.0000	0.0000	0.0000	0.0000	0.0000	0.0000	0.0000	0.0000	0.0000	0.0000	0.0001	0.0001	0.0001	0.0001	0.0002	0.0000	0.0000	0.0000	0.0001	0.6953	0.0000	-0.0000	1.8652	1.0000	1.4001	3.0001	0.0000	0.0000	0.0000	0.0000	0.0000	0.0000	0.0000	0.0000	0.0000	0.0000	0.0000	0.0000	0.0000	0.0000	0.0000	0.0000	0.0000	0.0000	0.0124	0.0108	0.0016	0.0026	0.0025	0.0001	0.0098	0.0083	0.0015	0.0081	0.0046	0.0035	0.0021	0.0018	0.0003	0.0061	0.0028	0.0032	0.0000	0.0000	0.0000	0.0000	0.0000	0.0000	0.0000	0.0000	0.0000	0.0001	0.0001	0.0001	0.0001	0.0002	0.0000	0.0000	0.0000	0.0001			
54	70	0.0786	6	1	0	1	0	0	0	0	0	N	N	N	N	N	N	N	N	N	N	N	N	0.0000	0.0000	0.0000	0.0000	0.0000	0.0000	0.0000	0.0000	0.0000	0.0000	0.0000	0.0000	0.0000	0.0000	0.0000	0.0000	0.1226	0.1081	0.1417	0.1389	0.1413	0.0000	0.1098	0.0000	0.1442	1.0000	0.0000	-0.0000	1.8652	0.0000	1.4001	0.0009	0.0000	0.0000	0.0000	0.0000	0.0000	0.0000	0.0000	0.0000	0.0000	0.0000	0.0000	0.0000	0.0000	0.0000	0.0000	0.0000	0.0000	0.0000	0.0000	0.0000	0.0000	0.0000	0.0000	0.0000	0.0000	0.0000	0.0000	0.0000	0.0000	0.0000	0.0000	0.0000	0.0000	0.0000	0.0000	0.0000	0.0000	0.0000	0.0000	0.0000	0.0000	0.0000	0.0000	0.0000	0.0000	0.1226	0.1081	0.1417	0.1389	0.1413	0.0000	0.1098	0.0000	0.1442			
54	71	0.0455	5	1	0	1	0	0	0	0	0	N	N	N	N	N	N	N	N	N	N	N	N	0.0068	0.0070	0.0000	0.0160	0.0147	inf	0.0000	0.0000	0.0010	0.0011	0.0000	0.0059	0.0059	0.0002	0.0000	0.0000	0.0000	0.1470	0.1634	0.1279	0.3666	0.4043	0.0000	0.0778	0.0000	0.1344	0.0004	0.6739	-0.0001	-0.0017	1.8652	9.9966	1.4001	12.9129	0.0001	0.0001	0.0000	0.0001	0.0001	0.0000	0.0000	0.0000	0.0000	0.0078	0.0047	0.0031	0.0047	0.0047	0.0000	0.0031	0.0000	0.0031	0.1166	0.1016	0.0150	0.0198	0.0195	0.0003	0.0968	0.0820	0.0147	0.0532	0.0286	0.0246	0.0127	0.0115	0.0012	0.0404	0.0170	0.0234	0.0068	0.0070	0.0000	0.0160	0.0147	inf	0.0000	0.0000	0.0000	0.1470	0.1634	0.1279	0.3666	0.4043	0.0000	0.0778	0.0000	0.1344	
54	72	0.0124	4	0	1	0	1	0	0	0	0	N	N	N	N	N	N	N	N	N	N	N	N	0.0151	0.0155	0.0399	0.0451	0.0441	0.0101	0.0000	0.0396	0.0489	0.0251	0.1982	0.1656	0.1673	0.0000	0.0313	0.0000	0.2001	3.2327	1.6218	4.9695	3.6709	3.7963	0.0000	3.1039	0.0253	5.0482	1.2550	2.8420	0.0001	0.0559	1.8652	13.0000	1.4001	39.1663	0.0071	0.0031	0.0039	0.0031	0.0031	0.0000	0.0039	0.0000	0.0039	0.4477	0.1165	0.3311	0.1155	0.1155	0.0000	0.3322	0.0010	0.3311	0.1447	0.1248	0.0199	0.0189	0.0187	0.0002	0.1257	0.1060	0.0197	0.1385	0.0718	0.0666	0.0315	0.0304	0.0010	0.1070	0.0414	0.0656	0.0151	0.0155	0.0399	0.0451	0.0441	0.0000	0.0101	0.0000	0.0396	3.2327	1.6218	4.9695	3.6709	3.7963	0.0000	3.1039	0.0253	5.0482	
54	73	0.0099	3	0	1	0	0	0	0	0	0	N	N	N	N	N	N	N	N	N	N	N	N	0.4759	0.2051	699.0242	0.6465	0.6187	12897.3111	184.2024	656.4385	0.0020	0.0015	0.0048	0.0098	0.0096	0.0308	0.0008	0.0000	0.0045	0.0042	0.0074	0.0000	0.0152	0.0155	0.0000	0.0000	0.0000	0.0000	0.5305	0.0007	-0.0000	-0.0002	1.8652	3.0003	1.4001	18.1082	0.0001	0.0000	0.0000	0.0000	0.0000	0.0000	0.0000	0.0000	0.0000	0.0003	0.0003	0.0000	0.0003	0.0003	0.0000	0.0000	0.0000	0.0000	0.0353	0.0302	0.0051	0.0048	0.0048	0.0000	0.0305	0.0254	0.0051	0.0762	0.0429	0.0333	0.0210	0.0206	0.0005	0.0552	0.0224	0.0328	0.4759	0.2051	699.0242	0.6465	0.6187	12897.3111	184.2024	0.0000	656.4385	0.0042	0.0074	0.0000	0.0152	0.0155	0.0000	0.0000	0.0000	0.0000	
54	74	0.0490	6	0	1	0	0	0	0	0	0	N	N	N	N	N	N	N	N	N	N	N	N	0.0027	0.0000	13.4172	0.0000	0.0000	3.5749	13.4282	0.0000	0.0000	0.0000	0.0000	0.0000	0.0000	0.0000	0.0000	0.0000	0.0002	0.0003	0.0000	0.0006	0.0006	0.0000	0.0000	0.0000	0.0000	inf	0.0007	0.0000	-0.0000	1.8652	7.0046	1.4001	18.1036	0.0000	0.0000	0.0000	0.0000	0.0000	0.0000	0.0000	0.0000	0.0000	0.0000	0.0000	0.0000	0.0000	0.0000	0.0000	0.0000	0.0000	0.0000	0.0843	0.0735	0.0108	0.0149	0.0147	0.0002	0.0694	0.0589	0.0105	0.0631	0.0353	0.0278	0.0168	0.0154	0.0014	0.0464	0.0199	0.0265	0.0027	0.0000	13.4172	0.0000	0.0000	0.0000	3.5749	0.0000	13.4282	0.0002	0.0003	0.0000	0.0006	0.0006	0.0000	0.0000	0.0000	0.0000		
54	75	0.0455	5	0	0	0	0	0	0	0	0	N	N	N	N	N	N	N	N	N	N	N	N	1.3626	1.3375	1.4779	2.6060	2.4704	inf	0.8041	41.8835	1.4227	0.0074	0.0073	0.0079	0.0271	0.0273	0.0065	0.0027	0.0018	0.0080	0.0054	0.0055	0.0054	0.0104	0.0111	0.0000	0.0034	0.0000	0.0056	0.1537	0.7711	-0.0000	-0.0000	1.8652	0.2435	1.4001	3.2922	0.0000	0.0000	0.0000	0.0000	0.0000	0.0000	0.0000	0.0000	0.0000	0.0001	0.0000	0.0000	0.0000	0.0000	0.0000	0.0000	0.0000	0.0000	0.0032	0.0028	0.0004	0.0006	0.0006	0.0000	0.0026	0.0022	0.0004	0.0109	0.0061	0.0048	0.0032	0.0030	0.0002	0.0077	0.0031	0.0046	1.3626	1.3375	1.4779	2.6060	2.4704	inf	0.8041	41.8835	1.4227	0.0054	0.0055	0.0054	0.0104	0.0111	0.0000	0.0034	0.0000	0.0056
54	76	0.0124	4	0	0	0	0	0	0	0	0	N	N	N	N	N	N	N	N	N	N	N	N	0.5297	0.4048	1.6665	1.2411	1.2184	0.4193	inf	1.6587	2.9050	1.1021	14.1403	7.2732	7.3491	0.0000	2.2492	0.0004	14.2796	5.4843	2.7227	8.4852	5.8602	6.0317	0.0000	5.3643	0.0000	8.6087	2.0588	2.8679	0.0289	0.0566	1.8652	7.0044	1.4001	20.1113	0.2316	0.0757	0.1559	0.0757	0.0757	0.0000	0.1559	0.0000	0.1559	0.4466	0.1155	0.3311	0.1155	0.1155	0.0000	0.3311	0.0000	0.3311	0.0797	0.0687	0.0110	0.0104	0.0103	0.0001	0.0693	0.0584	0.0109	0.0814	0.0424	0.0390	0.0197	0.0191	0.0006	0.0617	0.0233	0.0385	0.5297	0.4048	1.6665	1.2411	1.2184	0.0000	0.4193	inf	1.6587	5.4843	2.7227	8.4852	5.8602	6.0317	0.0000	5.3643	0.0000	8.6087	
54	77	0.0146	4	0	1	0	0	0	0	0	0	N	N	N	N	N	N	N	N	N	N	N	N	6117.8188	2731.1302	91737.3693	7461.1754	7263.3588	inf	22384.6733	inf	90595.0828	2.1643	1.6116	5.9484	8.7291	8.7820	0.0075	0.9038	0.0000	5.9940	0.0004	0.0006	0.0001	0.0012	0.0012	0.0000	0.0000	0.0000	0.0001	0.5392	0.0899	-0.0439	-0.0000	1.8652	8.6571	1.4001	16.0761	0.2221	0.1443	0.0778	0.1443	0.1443	0.0000	0.0778	0.0000	0.0778	0.0000	0.0000	0.0000	0.0000	0.0000	0.0000	0.0000	0.0000	0.0000	0.1026	0.0895	0.0131	0.0165	0.0164	0.0001	0.0861	0.0731	0.0130	0.0814	0.0448	0.0366	0.0226	0.0218	0.0007	0.0588	0.0229	0.0359	6117.8188	2731.1302	91737.3693	7461.1754	7263.3588	inf	22384.6733	inf	90595.0828	0.0004	0.0006	0.0001	0.0012	0.0012	0.0000	0.0000	0.0000	0.0001
54	78	0.0142	3	0	1	0	0	0	0	0	0	N	N	N	N	N	N	N	N	N	N	N	N	66.6967	42.5815	181.1264	70.0227	70.0264	inf	84.2801	508.6109	182.1282	0.1735	0.1097	0.4809	0.3233	0.3264	0.0671	0.1149	0.0002	0.4889	0.0026	0.0026	0.0027	0.0046	0.0047	0.0000	0.0014	0.0000	0.0027	0.9098	0.4804	-0.0001	-0.0000	1.8652	0.3645	1.4001	1.9845	0.0011	0.0006	0.0005	0.0006	0.0006	0.0000	0.0005	0.0000	0.0005	0.0000	0.0000	0.0000	0.0000	0.0000	0.0000	0.0000	0.0000	0.0000	0.0066	0.0054	0.0011	0.0018	0.0018	0.0000	0.0047	0.0036	0.0011	0.0167	0.0114	0.0053	0.0064	0.0063	0.0001	0.0104	0.0051	0.0053	66.6967	42.5815	181.1264	70.0227	70.0264	inf	84.2801	508.6109	182.1282	0.0026	0.0026	0.0027	0.0046	0.0047	0.0000	0.0014	0.0000	0.0027
54	79	0.0047	2	0	0	0	0	0	0	0	0	N	N	N	N	N	N	N	N	N	N	N	N	30.5188	10.5379	137.3341	11.4421	11.4122	589.4466	94.4020	5499.3514	137.3119	3.2719	1.5942	7.3790	3.7162	3.7261	0.0554	3.0774	0.0010	7.3998	0.1072	0.1513	0.0537	0.3248	0.3265	0.0001	0.0326	0.0000	0.0539	1.8908	0.2927	0.0220	-0.0028	1.8652	2.9108	1.4001	14.2456	0.2078	0.0719	0.1359	0.0719	0.0719	0.0000	0.1359	0.0000	0.1359	0.0071	0.0055	0.0016	0.0055	0.0055	0.0000	0.0016	0.0000	0.0016	0.0635	0.0451	0.0184	0.0193	0.0193	0.0001	0.0442	0.0258	0.0184	0.0662	0.0363	0.0299	0.0169	0.0168	0.0001	0.0493	0.0195	0.0298	30.5188	10.5379	137.3341	11.4421	11.4122	589.4466	94.4020	5499.3514	137.3119	0.1072	0.1513	0.0537	0.3248	0.3265	0.0001	0.0326	0.0000	0.0539
54	82	0.0280	7	0	1	0	0	0	0	0	0	N	N	N	N	N	N	N	N	N	N	N	N	87.2141	8.7509	97416.9745	25.2127	18.9751	377210.8156	1756.1788	3.3173	105773.0229	0.2762	0.0489	1.5638	0.2605	0.2046	0.6954	0.2808	0.0012	1.7422	0.0032	0.0056	0.0000	0.0103	0.0108	0.0000	0.0002	0.0004	0.0000	5.6448	0.0022	0.0086	-0.0002	1.8652	7.9116	1.4001	21.1247	0.0287	0.0043	0.0244	0.0061	0.0042	0.0018	0.0226	0.0001	0.0225	0.0003	0.0003	0.0000	0.0003	0.0003	0.0000	0.0000	0.0000	0.0000	0.1039	0.0883	0.0156	0.0233	0.0207	0.0027	0.0805	0.0676	0.0129	0.0945	0.0534	0.0411	0.0279	0.0268	0.0012	0.0666	0.0267	0.0399	87.2141	8.7509	97416.9745	25.2127	18.9751	377210.8156	1756.1788	3.3173	105773.0229	0.0032	0.0056	0.0000	0.0103	0.0108	0.0000	0.0002	0.0004	0.0000
54	83	0.0460	8	1	1	0	0	0	0	0	0	N	N	N	N	N	N	N	N	N	N	N	N	0.0000	0.0000	0.0000	0.0000	0.0000	0.0000	0.0000	0.0000	0.0000	0.0000	0.0000	0.0000	0.0000	0.0000	0.0000	0.0000	0.1134	0.1829	0.0054	0.3187	0.3304	0.0000	0.0033	0.0000	0.0056	0.0190	0.0000	-0.0005	1.8652	0.0000	1.4001	1.8333	0.0000	0.0000	0.0000	0.0000	0.0000	0.0000	0.0000	0.0000	0.0000	0.0009	0.0009	0.0000	0.0009	0.0009	0.0000	0.0000	0.0000	0.0000	0.0000	0.0000	0.0000	0.0000	0.0000	0.0000	0.0000	0.0000	0.0000	0.0079	0.0048	0.0031	0.0027	0.0026	0.0001	0.0051	0.0021	0.0030	0.0000	0.0000	0.0000	0.0000	0.0000	0.0000	0.0000	0.0000	0.0000	0.1134	0.1829	0.0054	0.3187	0.3304	0.0000	0.0033	0.0000	0.0056			
54	84	0.0280	7	1	1	0	0	0	0	0	0	N	N	N	N	N	N	N	N	N	N	N	N	180.9222	854.1944	348.3658	1756.2707	1835.6476	7135.9678	109.2776	inf	405.4605	2.3453	0.9455	10.1721	3.5596	3.8652	1.3360	1.9708	0.0017	12.2136	0.0130	0.0011	0.0292	0.0020	0.0021	0.0002	0.0180	0.0000	0.0301	1.9242	19.2633	0.0241	0.0003	1.8652	6.9552	1.4001	13.1226	0.2192	0.0750	0.1442	0.0784	0.0749	0.0036	0.1408	0.0001	0.1407	0.0009	0.0000	0.0009	0.0000	0.0000	0.0000	0.0009	0.0000	0.0009	0.0935	0.0793	0.0142	0.0220	0.0194	0.0027	0.0714	0.0599	0.0115	0.0729	0.0422	0.0308	0.0231	0.0222	0.0009	0.0498	0.0200	0.0298	180.9222	854.1944	348.3658	1756.2707	1835.6476	7135.9678	109.2776	inf	405.4605	0.0130	0.0011	0.0292	0.0020	0.0021	0.0002	0.0180	0.0000	0.0301
54	85	0.0250	6	0	1	0	0	0	0	0	0	N	N	N	N	N	N	N	N	N	N	N	N	200.5417	213.0967	194.2266	145.5755	148.7245	2147.0084	222.4717	34692.3791	197.5778	0.8860	0.8696	0.9428	1.0417	1.0826	0.9279	0.6943	0.6365	0.9709	0.0044	0.0041	0.0049	0.0072	0.0073	0.0004	0.0031	0.0000	0.0049	0.3119	0.9189	-0.0041	-0.0000	1.8652	0.3374	1.4001	6.1146	0.0131	0.0099	0.0031	0.0085	0.0065	0.0020	0.0046	0.0035	0.0011	0.0001	0.0001	0.0001	0.0001	0.0001	0.0000	0.0001	0.0000	0.0001	0.0147	0.0114	0.0033	0.0081	0.0060	0.0021	0.0066	0.0055	0.0011	0.0279	0.0158	0.0122	0.0090	0.0088	0.0002	0.0190	0.0069	0.0120	200.5417	213.0967	194.2266	145.5755	148.7245	2147.0084	222.4717	34692.3791	197.5778	0.0044	0.0041	0.0049	0.0072	0.0073	0.0004	0.0031	0.0000	0.0049
54	86	0.0250	6	0	1	0	0	0	0	0	0	N	N	N	N	N	N	N	N	N	N	N	N	755.8170	516.7095	45.1849	501.2273	535.6016	302.9587	5165.1251	inf	49.8733	3.4159	3.9937	0.0340	8.0917	8.9201	0.0009	2.4137	2.8571	0.0382	0.0045	0.0077	0.0008	0.0161	0.0167	0.0000	0.0005	0.0000	0.0008	0.0015	0.0830	-0.2488	-0.0002	1.8652	11.0342	1.4001	12.7513	0.4551	0.4545	0.0007	0.1903	0.1903	0.0000	0.2648	0.2642	0.0007	0.0003	0.0003	0.0000	0.0003	0.0003	0.0000	0.0000	0.0000	0.0000	0.1332	0.1138	0.0194	0.0235	0.0213	0.0022	0.1097	0.0925	0.0173	0.0727	0.0392	0.0334	0.0188	0.0182	0.0006	0.0539	0.0210	0.0329	755.8170	516.7095	45.1849	501.2273	535.6016	302.9587	5165.1251	inf	49.8733	0.0045	0.0077	0.0008	0.0161	0.0167	0.0000	0.0005	0.0000	0.0008
54	87	0.0173	5	0	1	0	0	0	0	0	0	N	N	N	N	N	N	N	N	N	N	N	N	9.0050	3.1342	61.1389	4.3666	4.2449	inf	20.8495	inf	60.4792	0.3609	0.1669	1.5628	0.4527	0.4569	0.0860	0.3471	0.1154	1.5788	0.0401	0.0533	0.0256	0.1037	0.1076	0.0000	0.0166	0.0000	0.0261	1.5111	0.4357	0.0009	-0.0004	1.8652	3.9739	1.4001	6.2820	0.0165	0.0066	0.0100	0.0027	0.0027	0.0000	0.0138	0.0039	0.0100	0.0014	0.0010	0.0004	0.0010	0.0010	0.0000	0.0004	0.0000	0.0004	0.0459	0.0395	0.0064	0.0060	0.0060	0.0001	0.0398	0.0335	0.0063	0.0349	0.0183	0.0166	0.0094	0.0091	0.0003	0.0255	0.0093	0.0163	9.0050	3.1342	61.1389	4.3666	4.2449	inf	20.8495	inf	60.4792	0.0401	0.0533	0.0256	0.1037	0.1076	0.0000	0.0166	0.0000	0.0261
54	88	0.0124	4	0	1	0	0	0	0	0	0	N	N	N	N	N	N	N	N	N	N	N	N	4.9779	2.0407	25.2595	3.2724	3.2596	8.2102	inf	25.2582	0.7359	0.3419	3.1688	0.9082	0.9178	0.0000	0.7102	0.2407	3.2003	0.1478	0.1675	0.1254	0.2775	0.2816	0.0000	0.0865	0.0000	0.1267	1.5010	0.6590	0.0000	-0.0008	1.8652	0.0056	1.4001	5.7021	0.0000	0.0000	0.0000	0.0000	0.0000	0.0000	0.0000	0.0000	0.0000	0.0039	0.0023	0.0015	0.0023	0.0023	0.0000	0.0015	0.0000	0.0015	0.0001	0.0001	0.0000	0.0000	0.0000	0.0000	0.0001	0.0000	0.0000	0.0262	0.0140	0.0123	0.0084	0.0083	0.0001	0.0178	0.0057	0.0122	4.9779	2.0407	25.2595	3.2724	3.2596	0.0000	8.2102	inf	25.2582	0.1478	0.1675	0.1254	0.2775	0.2816	0.0000	0.0865	0.0000	0.1267	
54	92	0.1008	8	0	0	0	0	0	0	0	0	N	N	N	N	N	N	N	N	N	N	N	N	1.4467	0.6005	10.9101	1.8036	1.3720	2099.2257	2.0880	8.3601	0.0165	0.0088	0.0714	0.0407	0.0333	0.2539	0.0089	0.0000	0.0587	0.0114	0.0146	0.0065	0.0226	0.0243	0.0001	0.0043	0.0000	0.0070	1.1455	0.2954	-0.0001	-0.0009	1.8652	24.8682	1.4001	39.8855	0.0053	0.0025	0.0028	0.0031	0.0025	0.0006	0.0022	0.0000	0.0022	0.0023	0.0018	0.0005	0.0018	0.0018	0.0000	0.0005	0.0000	0.0005	0.3185	0.2792	0.0393	0.0762	0.0736	0.0026	0.2423	0.2056	0.0367	0.2004	0.1207	0.0796	0.0783	0.0728	0.0055	0.1221	0.0480	0.0741	1.4467	0.6005	10.9101	1.8036	1.3720	2099.2257	2.0880	0.0000	8.3601	0.0114	0.0146	0.0065	0.0226	0.0243	0.0001	0.0043	0.0000	0.0070	
55	56	0.0453	4	1	1	0	0	0	0	0	0	N	N	N	N	N	N	N	N	N	N	N	N	0.0000	0.0000	0.0000	0.0000	0.0000	0.0000	0.0000	0.0000	0.0000	0.0000	0.0000	0.0000	0.0000	0.0044	0.0074	0.0000	0.0166	0.0178	0.0000	0.0000	0.0000	0.0000	0.0000	0.0000	-0.0002	2.5292	0.0000	4.9772	10.9971	0.0000	0.0000	0.0000	0.0000	0.0000	0.0000	0.0000	0.0000	0.0000	0.0003	0.0003	0.0000	0.0003	0.0003	0.0000	0.0000	0.0000	0.0000	0.0000	0.0000	0.0000	0.0000	0.0000	0.0000	0.0000	0.0000	0.0000	0.0705	0.0420	0.0285	0.0186	0.0173	0.0013	0.0519	0.0247	0.0272	0.0000	0.0000	0.0000	0.0000	0.0000	0.0000	0.0000	0.0000	0.0000	0.0044	0.0074	0.0000	0.0166	0.0178	0.0000	0.0000	0.0000	0.0000						
55	57	0.1005	7	0	0	0	0	0	0	0	0	N	N	N	N	N	N	N	N	N	N	N	N	0.0122	0.0947	0.0138	0.0968	0.1760	0.1227	0.0000	0.0000	0.0000	0.0005	0.0003	0.0018	0.0017	0.0010	0.0220	0.0000	0.0000	0.0000	0.0416	0.0035	0.1285	0.0180	0.0058	0.1796	0.0608	0.0000	0.1227	0.7716	16.2980	-0.0000	0.0047	2.5292	7.8198	4.9772	21.5823	0.0001	0.0000	0.0000	0.0001	0.0000	0.0000	0.0000	0.0000	0.0000	0.0144	0.0008	0.0136	0.0028	0.0008	0.0020	0.0116	0.0000	0.0116	0.1719	0.1504	0.0215	0.0502	0.0485	0.0017	0.1217	0.1019	0.0198	0.3463	0.2406	0.1057	0.1550	0.1441	0.0109	0.1913	0.0965	0.0948	0.0122	0.0947	0.0138	0.0968	0.1760	0.1227	0.0000	0.0000	0.0000	0.0416	0.0035	0.1285	0.0180	0.0058	0.1796	0.0608	0.0000	0.1227
55	58	0.0810	8	1	1	1	0	0	0	0	0	N	N	N	N	N	N	N	N	N	N	N	N	0.0532	0.1834	0.0000	0.7263	0.6861	0.0000	0.0000	0.0000	0.0000	0.0000	0.0000	0.0000	0.0002	0.0002	0.0000	0.0000	0.0000	0.0000	0.0003	0.0001	0.0006	0.0002	0.0002	0.0000	0.0003	0.0000	0.0007	0.0000	3.8561	-0.0000	0.0000	2.5292	2.0055	4.9772	11.8091	0.0000	0.0000	0.0000	0.0000	0.0000	0.0000	0.0000	0.0000	0.0000	0.0000	0.0000	0.0000	0.0000	0.0000	0.0000	0.0000	0.0000	0.0000	0.0275	0.0236	0.0039	0.0029	0.0028	0.0001	0.0246	0.0208	0.0038	0.0838	0.0512	0.0326	0.0247	0.0225	0.0022	0.0591	0.0287	0.0305	0.0532	0.1834	0.0000	0.7263	0.6861	0.0000	0.0000	0.0000	0.0000	0.0003	0.0001	0.0006	0.0002	0.0002	0.0000	0.0003	0.0000	0.0007
55	59	0.0756	7	1	0	1	0	0	0	0	0	N	N	N	N	N	N	N	N	N	N	N	N	0.0033	0.0000	0.1547	0.0001	0.0001	0.0000	0.0653	0.0000	0.3568	0.0000	0.0000	0.0001	0.0000	0.0000	0.0000	0.0000	0.0000	0.0001	0.0049	0.0073	0.0008	0.0138	0.0146	0.0055	0.0003	0.0002	0.0003	159.5330	0.0581	0.0000	-0.0001	2.5292	1.9951	4.9772	2.5667	0.0000	0.0000	0.0000	0.0000	0.0000	0.0000	0.0000	0.0000	0.0000	0.0002	0.0002	0.0000	0.0002	0.0002	0.0000	0.0000	0.0000	0.0000	0.0273	0.0234	0.0038	0.0027	0.0027	0.0001	0.0245	0.0208	0.0038	0.0342	0.0220	0.0123	0.0118	0.0108	0.0010	0.0225	0.0112	0.0113	0.0033	0.0000	0.1547	0.0001	0.0001	0.0000	0.0653	0.0000	0.3568	0.0049	0.0073	0.0008	0.0138	0.0146	0.0055	0.0003	0.0002	0.0003
55	60	0.0688	6	1	0	1	0	0	0	0	0	N	N	N	N	N	N	N	N	N	N	N	N	0.0000	0.0000	0.0000	0.0000	0.0000	0.0000	0.0000	0.0000	0.0000	0.0000	0.0000	0.0000	0.0000	0.0000	0.0000	0.0000	0.0000	0.0000	0.0002	0.0001	0.0007	0.0001	0.0001	0.0000	0.0003	0.0000	0.0009	4.0952	0.0000	0.0000	2.5292	0.0108	4.9772	3.6229	0.0000	0.0000	0.0000	0.0000	0.0000	0.0000	0.0000	0.0000	0.0000	0.0000	0.0000	0.0000	0.0000	0.0000	0.0000	0.0000	0.0000	0.0000	0.0002	0.0002	0.0000	0.0001	0.0001	0.0000	0.0002	0.0001	0.0000	0.0346	0.0260	0.0085	0.0161	0.0146	0.0015	0.0185	0.0114	0.0071	0.0000	0.0000	0.0000	0.0000	0.0000	0.0000	0.0000	0.0000	0.0000	0.0002	0.0001	0.0007	0.0001	0.0001	0.0000	0.0003	0.0000	0.0009	
55	61	0.0208	5	0	1	0	0	0	0	0	0	N	N	N	N	N	N	N	N	N	N	N	N	0.0006	0.0002	0.1383	0.0017	0.0008	6836.8155	0.0000	0.0000	0.0000	0.0000	0.0001	0.0003	0.0001	0.0296	0.0000	0.0000	0.0000	0.0490	0.0776	0.0007	0.1579	0.1624	0.0000	0.0004	0.0000	0.0007	0.9948	0.0053	-0.0000	-0.0032	2.5292	4.0917	4.9772	8.0988	0.0000	0.0000	0.0000	0.0000	0.0000	0.0000	0.0000	0.0000	0.0000	0.0053	0.0053	0.0000	0.0053	0.0053	0.0000	0.0000	0.0000	0.0000	0.0600	0.0516	0.0085	0.0060	0.0060	0.0000	0.0541	0.0456	0.0084	0.1088	0.0683	0.0405	0.0336	0.0326	0.0009	0.0752	0.0357	0.0396	0.0006	0.0002	0.1383	0.0017	0.0008	6836.8155	0.0000	0.0000	0.0000	0.0490	0.0776	0.0007	0.1579	0.1624	0.0000	0.0004	0.0000	0.0007	
55	62	0.0171	4	0	1	0	0	0	0	0	0	N	N	N	N	N	N	N	N	N	N	N	N	0.0271	0.0357	0.0309	0.1616	0.1281	16090.0943	0.0194	0.2183	0.0210	0.0030	0.0027	0.0050	0.0252	0.0208	0.5162	0.0019	0.0016	0.0034	0.1114	0.0750	0.1601	0.1561	0.1626	0.0000	0.0956	0.0071	0.1641	0.3285	1.5947	-0.0000	-0.0000	2.5292	2.1165	4.9772	5.0852	0.0001	0.0001	0.0000	0.0000	0.0000	0.0000	0.0000	0.0000	0.0000	0.0064	0.0025	0.0039	0.0023	0.0023	0.0000	0.0040	0.0001	0.0039	0.0281	0.0239	0.0042	0.0014	0.0014	0.0000	0.0267	0.0225	0.0042	0.0571	0.0327	0.0244	0.0149	0.0143	0.0006	0.0423	0.0184	0.0238	0.0271	0.0357	0.0309	0.1616	0.1281	16090.0943	0.0194	0.2183	0.0210	0.1114	0.0750	0.1601	0.1561	0.1626	0.0000	0.0956	0.0071	0.1641
55	63	0.0688	6	1	0	1	0	0	0	0	0	N	N	N	N	N	N	N	N	N	N	N	N	0.0000	0.0000	0.0000	0.0000	0.0000	0.0000	0.0000	0.0000	0.0000	0.0000	0.0000	0.0000	0.0000	0.0000	0.0000	0.0000	0.0000	0.0000	0.0003	0.0000	0.0009	0.0000	0.0000	0.0000	0.0004	0.0000	0.0009	18.3347	0.0000	0.0000	2.5292	3.9990	4.9772	8.8702	0.0000	0.0000	0.0000	0.0000	0.0000	0.0000	0.0000	0.0000	0.0000	0.0000	0.0000	0.0000	0.0000	0.0000	0.0000	0.0000	0.0000	0.0000	0.0553	0.0487	0.0067	0.0070	0.0069	0.0002	0.0483	0.0418	0.0065	0.0902	0.0597	0.0305	0.0323	0.0293	0.0031	0.0579	0.0305	0.0274	0.0000	0.0000	0.0000	0.0000	0.0000	0.0000	0.0000	0.0000	0.0000	0.0003	0.0000	0.0009	0.0000	0.0000	0.0000	0.0004	0.0000	0.0009	
55	64	0.0487	5	1	0	1	0	0	0	0	0	N	N	N	N	N	N	N	N	N	N	N	N	0.0007	0.0018	0.0000	0.0069	0.0067	0.0000	0.0000	0.0000	0.0000	0.0000	0.0000	0.0000	0.0000	0.0000	0.0000	0.0000	0.0000	0.0000	0.0008	0.0004	0.0016	0.0008	0.0009	0.0001	0.0008	0.0000	0.0016	0.0000	2.3489	-0.0000	0.0000	2.5292	3.9972	4.9772	6.8232	0.0000	0.0000	0.0000	0.0000	0.0000	0.0000	0.0000	0.0000	0.0000	0.0001	0.0000	0.0000	0.0000	0.0000	0.0000	0.0000	0.0000	0.0000	0.0564	0.0487	0.0077	0.0062	0.0061	0.0001	0.0502	0.0426	0.0076	0.0825	0.0517	0.0309	0.0253	0.0239	0.0014	0.0573	0.0278	0.0295	0.0007	0.0018	0.0000	0.0069	0.0067	0.0000	0.0000	0.0000	0.0000	0.0008	0.0004	0.0016	0.0008	0.0009	0.0001	0.0008	0.0000	0.0016
55	65	0.0247	5	0	1	0	0	0	0	0	0	N	N	N	N	N	N	N	N	N	N	N	N	15.6029	1304.6499	0.0001	221.1241	244.5411	0.0202	10.8993	9371913.9051	0.0001	4.0835	4.7880	0.0001	1.5900	1.6557	0.0005	4.2696	5.0537	0.0001	0.2617	0.0037	0.6615	0.0072	0.0068	0.0231	0.3917	0.0000	0.6760	0.0000	116.3421	-0.4560	0.0470	2.5292	15.6632	4.9772	35.0639	0.8319	0.8319	0.0000	0.0225	0.0225	0.0000	0.8094	0.8094	0.0000	0.1247	0.0011	0.1236	0.0012	0.0011	0.0001	0.1235	0.0000	0.1235	0.2037	0.1737	0.0300	0.0141	0.0136	0.0006	0.1896	0.1602	0.0294	0.4764	0.2895	0.1869	0.1611	0.1569	0.0041	0.3153	0.1326	0.1827	15.6029	1304.6499	0.0001	221.1241	244.5411	0.0202	10.8993	9371913.9051	0.0001	0.2617	0.0037	0.6615	0.0072	0.0068	0.0231	0.3917	0.0000	0.6760
55	66	0.0247	5	0	0	1	0	0	0	0	0	N	N	N	N	N	N	N	N	N	N	N	N	0.0000	0.0000	0.0000	0.0000	0.0000	0.0000	0.0000	0.0000	0.0000	0.0000	0.0000	0.0000	0.0000	0.0000	0.0000	0.0000	0.0000	0.3612	0.0015	0.8960	0.0027	0.0021	0.0411	0.6277	0.0000	0.9089	402.6554	0.0000	0.0456	2.5292	4.9998	4.9772	10.1184	0.0000	0.0000	0.0000	0.0000	0.0000	0.0000	0.0000	0.0000	0.0000	0.1192	0.0003	0.1189	0.0004	0.0003	0.0001	0.1189	0.0000	0.1189	0.0737	0.0629	0.0108	0.0081	0.0075	0.0005	0.0656	0.0554	0.0102	0.3301	0.1974	0.1327	0.1408	0.1388	0.0020	0.1894	0.0586	0.1308	0.0000	0.0000	0.0000	0.0000	0.0000	0.0000	0.0000	0.0000	0.0000	0.3612	0.0015	0.8960	0.0027	0.0021	0.0411	0.6277	0.0000	0.9089		
55	67	0.0139	3	0	1	0	0	0	0	0	0	N	N	N	N	N	N	N	N	N	N	N	N	0.0329	0.3146	0.0357	0.9000	0.9289	0.1212	0.0160	24931.6213	0.0362	0.0070	0.0053	0.0176	0.0271	0.0282	0.0019	0.0048	0.0025	0.0180	0.2131	0.0169	0.4916	0.0301	0.0303	0.0156	0.3036	0.0000	0.4966	0.5348	20.5082	-0.0002	0.0234	2.5292	10.9928	4.9772	18.5513	0.0010	0.0007	0.0004	0.0004	0.0004	0.0000	0.0006	0.0003	0.0004	0.0690	0.0032	0.0658	0.0032	0.0032	0.0000	0.0657	0.0000	0.0657	0.1448	0.1246	0.0202	0.0141	0.0136	0.0006	0.1307	0.1111	0.0196	0.3237	0.1899	0.1338	0.1071	0.1057	0.0014	0.2165	0.0842	0.1324	0.0329	0.3146	0.0357	0.9000	0.9289	0.1212	0.0160	24931.6213	0.0362	0.2131	0.0169	0.4916	0.0301	0.0303	0.0156	0.3036	0.0000	0.4966
55	68	0.0139	2	0	0	0	0	0	0	0	0	N	N	N	N	N	N	N	N	N	N	N	N	0.4909	0.3307	1.1376	0.6369	0.6382	0.8290	0.4026	0.1703	1.1449	0.2877	0.1798	0.7228	0.3825	0.3836	0.1592	0.2304	0.0007	0.7280	0.5860	0.5437	0.6354	0.6006	0.6011	0.1920	0.5722	0.0043	0.6359	0.9965	1.0022	-0.0001	-0.0119	2.5292	0.0861	4.9772	1.0715	0.0011	0.0006	0.0005	0.0006	0.0005	0.0000	0.0005	0.0000	0.0005	0.1040	0.0519	0.0521	0.0519	0.0519	0.0000	0.0521	0.0000	0.0520	0.0038	0.0031	0.0008	0.0014	0.0014	0.0000	0.0024	0.0016	0.0008	0.1775	0.0955	0.0819	0.0864	0.0863	0.0001	0.0910	0.0092	0.0818	0.4909	0.3307	1.1376	0.6369	0.6382	0.8290	0.4026	0.1703	1.1449	0.5860	0.5437	0.6354	0.6006	0.6011	0.1920	0.5722	0.0043	0.6359
55	69	0.0783	6	1	0	1	0	0	0	0	0	N	N	N	N	N	N	N	N	N	N	N	N	0.0000	0.0000	0.0000	0.0000	0.0000	0.0000	0.0000	0.0000	0.0000	0.0000	0.0000	0.0000	0.0000	0.0000	0.0000	0.0000	0.0000	0.0000	0.0000	0.0000	0.0000	0.0000	0.0000	0.0000	0.0000	18.9909	0.0000	0.0000	2.5292	1.0000	4.9772	3.0001	0.0000	0.0000	0.0000	0.0000	0.0000	0.0000	0.0000	0.0000	0.0000	0.0000	0.0000	0.0000	0.0000	0.0000	0.0000	0.0000	0.0000	0.0000	0.0137	0.0118	0.0019	0.0018	0.0017	0.0001	0.0119	0.0101	0.0019	0.0247	0.0153	0.0094	0.0073	0.0068	0.0006	0.0173	0.0085	0.0088	0.0000	0.0000	0.0000	0.0000	0.0000	0.0000	0.0000	0.0000	0.0000	0.0000	0.0000	0.0000	0.0000	0.0000	0.0000	0.0000	0.0000	0.0000			
55	70	0.0783	5	1	0	1	0	0	0	0	0	N	N	N	N	N	N	N	N	N	N	N	N	0.0000	0.0000	0.0000	0.0000	0.0000	0.0000	0.0000	0.0000	0.0000	0.0000	0.0000	0.0000	0.0000	0.0000	0.0000	0.0000	0.0357	0.0301	0.0440	0.0414	0.0421	0.0000	0.0314	0.0000	0.0448	1.0000	0.0000	-0.0000	2.5292	0.0000	4.9772	0.0009	0.0000	0.0000	0.0000	0.0000	0.0000	0.0000	0.0000	0.0000	0.0000	0.0000	0.0000	0.0000	0.0000	0.0000	0.0000	0.0000	0.0000	0.0000	0.0000	0.0000	0.0000	0.0000	0.0000	0.0000	0.0000	0.0000	0.0000	0.0000	0.0000	0.0000	0.0000	0.0000	0.0000	0.0000	0.0000	0.0000	0.0000	0.0000	0.0000	0.0000	0.0000	0.0000	0.0000	0.0000	0.0000	0.0357	0.0301	0.0440	0.0414	0.0421	0.0000	0.0314	0.0000	0.0448			
55	71	0.0453	4	1	0	1	0	0	0	0	0	N	N	N	N	N	N	N	N	N	N	N	N	0.0249	0.0275	0.0701	0.1085	0.1019	inf	0.0199	0.0676	0.0009	0.0001	0.0059	0.0008	0.0008	0.0001	0.0009	0.0000	0.0060	0.0364	0.0032	0.0848	0.0076	0.0082	0.0000	0.0461	0.0000	0.0890	10.9038	18.0469	0.0000	0.0016	2.5292	9.9966	4.9772	12.9129	0.0001	0.0000	0.0001	0.0000	0.0000	0.0000	0.0001	0.0000	0.0001	0.0049	0.0003	0.0047	0.0003	0.0003	0.0000	0.0047	0.0000	0.0047	0.1320	0.1135	0.0184	0.0123	0.0120	0.0002	0.1197	0.1015	0.0182	0.1358	0.0806	0.0552	0.0343	0.0317	0.0026	0.1015	0.0489	0.0526	0.0249	0.0275	0.0701	0.1085	0.1019	inf	0.0199	0.0000	0.0676	0.0364	0.0032	0.0848	0.0076	0.0082	0.0000	0.0461	0.0000	0.0890	
55	72	0.0121	3	0	1	0	1	0	0	0	0	N	N	N	N	N	N	N	N	N	N	N	N	0.0194	0.3641	0.0269	2.5478	2.5008	0.0000	0.0080	0.0000	0.0265	0.0398	0.0243	0.1282	0.4350	0.4369	0.0000	0.0200	0.0000	0.1284	2.0485	0.0667	4.7727	0.1707	0.1747	0.0643	2.4902	0.0165	4.8509	0.9235	52.0560	-0.0004	0.2203	2.5292	13.0000	4.9772	39.1663	0.0065	0.0034	0.0031	0.0034	0.0034	0.0000	0.0031	0.0000	0.0031	0.6013	0.0113	0.5900	0.0095	0.0094	0.0001	0.5918	0.0019	0.5898	0.1644	0.1400	0.0245	0.0078	0.0078	0.0000	0.1566	0.1322	0.0244	0.2935	0.1699	0.1236	0.0559	0.0539	0.0020	0.2376	0.1160	0.1216	0.0194	0.3641	0.0269	2.5478	2.5008	0.0000	0.0080	0.0000	0.0265	2.0485	0.0667	4.7727	0.1707	0.1747	0.0643	2.4902	0.0165	4.8509
55	73	0.0096	2	0	1	0	0	0	0	0	0	N	N	N	N	N	N	N	N	N	N	N	N	0.0117	0.0055	4.6063	0.0606	0.0585	3866.7210	0.2800	0.0000	4.2753	0.0021	0.0017	0.0042	0.0298	0.0291	0.1584	0.0006	0.0000	0.0039	0.1760	0.3076	0.0009	0.4910	0.4970	0.0000	0.0022	0.0048	0.0009	0.4442	0.0022	-0.0000	-0.0302	2.5292	3.0003	4.9772	18.1082	0.0001	0.0001	0.0000	0.0001	0.0001	0.0000	0.0000	0.0000	0.0000	0.0492	0.0491	0.0001	0.0488	0.0488	0.0000	0.0004	0.0003	0.0001	0.0396	0.0336	0.0060	0.0020	0.0019	0.0000	0.0377	0.0317	0.0060	0.2797	0.1597	0.1200	0.0994	0.0983	0.0012	0.1803	0.0615	0.1188	0.0117	0.0055	4.6063	0.0606	0.0585	3866.7210	0.2800	0.0000	4.2753	0.1760	0.3076	0.0009	0.4910	0.4970	0.0000	0.0022	0.0048	0.0009
55	74	0.0487	5	0	1	0	0	0	0	0	0	N	N	N	N	N	N	N	N	N	N	N	N	0.0466	0.0635	0.0000	0.2500	0.2626	0.0000	0.0000	0.0000	0.0000	0.0000	0.0000	0.0000	0.0000	0.0000	0.0000	0.0000	0.0000	0.0000	0.0000	0.0000	0.0000	0.0000	0.0000	0.0000	0.0000	0.0000	0.0000	0.0000	0.9258	-0.0000	-0.0000	2.5292	7.0046	4.9772	18.1036	0.0000	0.0000	0.0000	0.0000	0.0000	0.0000	0.0000	0.0000	0.0000	0.0000	0.0000	0.0000	0.0000	0.0000	0.0000	0.0000	0.0000	0.0000	0.0958	0.0826	0.0132	0.0098	0.0097	0.0002	0.0860	0.0729	0.0130	0.1597	0.0974	0.0623	0.0439	0.0409	0.0030	0.1158	0.0565	0.0593	0.0466	0.0635	0.0000	0.2500	0.2626	0.0000	0.0000	0.0000	0.0000	0.0000	0.0000	0.0000	0.0000	0.0000	0.0000	0.0000	0.0000	0.0000
55	75	0.0453	4	0	0	0	0	0	0	0	0	N	N	N	N	N	N	N	N	N	N	N	N	0.7583	0.3189	9.5187	0.2643	0.2462	36.8596	0.7462	0.2435	9.2493	0.0076	0.0047	0.0264	0.0019	0.0018	0.0043	0.0084	0.0052	0.0267	0.0100	0.0148	0.0028	0.0071	0.0075	0.0001	0.0113	0.0214	0.0029	0.8567	0.1235	-0.0000	-0.0001	2.5292	0.2435	4.9772	3.2922	0.0000	0.0000	0.0000	0.0000	0.0000	0.0000	0.0000	0.0000	0.0000	0.0003	0.0002	0.0000	0.0001	0.0001	0.0000	0.0002	0.0002	0.0000	0.0036	0.0032	0.0005	0.0005	0.0005	0.0000	0.0032	0.0027	0.0005	0.0272	0.0164	0.0108	0.0082	0.0077	0.0004	0.0191	0.0087	0.0104	0.7583	0.3189	9.5187	0.2643	0.2462	36.8596	0.7462	0.2435	9.2493	0.0100	0.0148	0.0028	0.0071	0.0075	0.0001	0.0113	0.0214	0.0029
55	76	0.0121	3	0	0	0	0	0	0	0	0	N	N	N	N	N	N	N	N	N	N	N	N	0.5250	16.4460	0.7530	103.0343	100.2295	inf	0.2235	inf	0.7427	1.7943	1.0483	6.0294	18.6914	18.7761	0.0910	0.9482	0.0000	6.0379	3.4180	0.0637	8.0066	0.1814	0.1873	0.0000	4.2423	0.0000	8.1301	1.0131	91.8203	-0.0073	0.2180	2.5292	7.0044	4.9772	20.1113	0.1628	0.0809	0.0819	0.0809	0.0809	0.0000	0.0819	0.0000	0.0819	0.5821	0.0063	0.5758	0.0063	0.0063	0.0000	0.5758	0.0000	0.5758	0.0907	0.0771	0.0136	0.0043	0.0043	0.0000	0.0864	0.0728	0.0136	0.1703	0.0984	0.0719	0.0346	0.0335	0.0011	0.1357	0.0649	0.0708	0.5250	16.4460	0.7530	103.0343	100.2295	inf	0.2235	inf	0.7427	3.4180	0.0637	8.0066	0.1814	0.1873	0.0000	4.2423	0.0000	8.1301
55	77	0.0143	3	0	1	0	0	0	0	0	0	N	N	N	N	N	N	N	N	N	N	N	N	3.9818	1.3340	38632.8360	6.2523	6.2216	11098.7464	8808.6323	0.0000	38518.7856	1.3205	0.7633	4.9562	5.7236	5.7763	0.1433	0.7445	0.0000	4.9957	0.3316	0.5722	0.0001	0.9154	0.9284	0.0000	0.0001	0.0000	0.0001	0.9949	0.0002	-0.0080	-0.0623	2.5292	8.6571	4.9772	16.0761	0.1617	0.0811	0.0807	0.0811	0.0811	0.0000	0.0806	0.0000	0.0806	0.1014	0.1014	0.0000	0.1014	0.1014	0.0000	0.0000	0.0000	0.0000	0.1225	0.1062	0.0163	0.0142	0.0140	0.0001	0.1083	0.0922	0.0161	0.3059	0.1772	0.1286	0.1108	0.1092	0.0015	0.1951	0.0680	0.1271	3.9818	1.3340	38632.8360	6.2523	6.2216	11098.7464	8808.6323	0.0000	38518.7856	0.3316	0.5722	0.0001	0.9154	0.9284	0.0000	0.0001	0.0000	0.0001
55	78	0.0139	2	0	1	0	0	0	0	0	0	N	N	N	N	N	N	N	N	N	N	N	N	0.1381	0.0553	1.0174	0.1716	0.1730	0.7652	0.2580	0.2420	1.0312	0.1065	0.0643	0.3142	0.2276	0.2300	0.0397	0.0694	0.0002	0.3190	0.7712	1.1614	0.3089	1.3268	1.3291	0.0519	0.2691	0.0007	0.3094	0.9954	0.2244	-0.0000	-0.0613	2.5292	0.3645	4.9772	1.9845	0.0008	0.0004	0.0004	0.0004	0.0004	0.0000	0.0004	0.0000	0.0004	0.1420	0.1160	0.0260	0.1160	0.1160	0.0000	0.0260	0.0000	0.0260	0.0076	0.0063	0.0013	0.0018	0.0018	0.0000	0.0058	0.0045	0.0013	0.1842	0.0999	0.0843	0.0874	0.0873	0.0002	0.0967	0.0126	0.0841	0.1381	0.0553	1.0174	0.1716	0.1730	0.7652	0.2580	0.2420	1.0312	0.7712	1.1614	0.3089	1.3268	1.3291	0.0519	0.2691	0.0007	0.3094
55	82	0.0278	6	0	1	0	0	0	0	0	0	N	N	N	N	N	N	N	N	N	N	N	N	90.7890	66.6415	39.5920	60.2757	64.7087	688.7871	84.9456	48.0531	8.9920	7.4495	8.8160	0.1333	2.8756	3.2182	0.8464	8.1743	9.7188	0.0309	0.0821	0.1323	0.0034	0.0477	0.0497	0.0012	0.0962	0.2023	0.0034	0.0028	0.0162	-0.4820	-0.0109	2.5292	7.9116	4.9772	21.1247	0.8837	0.8813	0.0025	0.0467	0.0447	0.0020	0.8371	0.8366	0.0005	0.0183	0.0180	0.0003	0.0031	0.0031	0.0000	0.0152	0.0149	0.0003	0.1186	0.1000	0.0187	0.0162	0.0139	0.0023	0.1024	0.0861	0.0163	0.2227	0.1359	0.0868	0.0651	0.0624	0.0027	0.1576	0.0736	0.0841	90.7890	66.6415	39.5920	60.2757	64.7087	688.7871	84.9456	48.0531	8.9920	0.0821	0.1323	0.0034	0.0477	0.0497	0.0012	0.0962	0.2023	0.0034
55	83	0.0457	7	1	1	0	0	0	0	0	0	N	N	N	N	N	N	N	N	N	N	N	N	0.0000	0.0000	0.0000	0.0000	0.0000	0.0000	0.0000	0.0000	0.0000	0.0000	0.0000	0.0000	0.0000	0.0010	0.0015	0.0000	0.0030	0.0031	0.0000	0.0000	0.0000	0.0000	0.0000	0.0000	-0.0000	2.5292	0.0000	4.9772	1.8333	0.0000	0.0000	0.0000	0.0000	0.0000	0.0000	0.0000	0.0000	0.0000	0.0000	0.0000	0.0000	0.0000	0.0000	0.0000	0.0000	0.0000	0.0000	0.0000	0.0000	0.0000	0.0000	0.0000	0.0000	0.0000	0.0000	0.0000	0.0169	0.0111	0.0058	0.0056	0.0054	0.0002	0.0112	0.0057	0.0055	0.0000	0.0000	0.0000	0.0000	0.0000	0.0000	0.0000	0.0000	0.0000	0.0010	0.0015	0.0000	0.0030	0.0031	0.0000	0.0000	0.0000	0.0000						
55	84	0.0278	6	1	1	0	0	0	0	0	0	N	N	N	N	N	N	N	N	N	N	N	N	372.5646	253.6592	16069.1418	186.4835	208.5334	133815.4958	1141.8301	574.0031	17609.4779	10.4668	11.5364	4.7881	12.9034	15.0312	0.8488	10.0476	10.9281	5.4237	0.0281	0.0455	0.0003	0.0692	0.0721	0.0000	0.0088	0.0190	0.0003	0.0782	0.0041	-0.5317	-0.0030	2.5292	6.9552	4.9772	13.1226	1.1179	1.0368	0.0811	0.2023	0.2003	0.0020	0.9156	0.8365	0.0791	0.0050	0.0050	0.0000	0.0039	0.0039	0.0000	0.0011	0.0010	0.0000	0.1068	0.0899	0.0169	0.0157	0.0133	0.0024	0.0911	0.0765	0.0146	0.1772	0.1090	0.0682	0.0566	0.0544	0.0023	0.1206	0.0547	0.0659	372.5646	253.6592	16069.1418	186.4835	208.5334	133815.4958	1141.8301	574.0031	17609.4779	0.0281	0.0455	0.0003	0.0692	0.0721	0.0000	0.0088	0.0190	0.0003
55	85	0.0247	5	0	1	0	0	0	0	0	0	N	N	N	N	N	N	N	N	N	N	N	N	58.4821	46.7484	22.4194	2.6132	2.7429	170.8632	631.3231	1835.2181	20.7439	11.0456	13.8828	0.9666	1.2160	1.2899	1.0093	21.0576	25.3403	0.9014	0.1889	0.2970	0.0431	0.4653	0.4703	0.0059	0.0334	0.0138	0.0435	0.0196	0.1077	-0.0905	-0.0084	2.5292	0.3374	4.9772	6.1146	0.1710	0.1677	0.0033	0.0095	0.0074	0.0021	0.1615	0.1603	0.0012	0.0163	0.0147	0.0016	0.0144	0.0144	0.0000	0.0018	0.0003	0.0016	0.0155	0.0121	0.0034	0.0078	0.0058	0.0021	0.0077	0.0063	0.0013	0.0862	0.0495	0.0367	0.0310	0.0307	0.0003	0.0552	0.0188	0.0364	58.4821	46.7484	22.4194	2.6132	2.7429	170.8632	631.3231	1835.2181	20.7439	0.1889	0.2970	0.0431	0.4653	0.4703	0.0059	0.0334	0.0138	0.0435
55	86	0.0247	5	0	1	0	0	0	0	0	0	N	N	N	N	N	N	N	N	N	N	N	N	60.1789	44.5942	0.3030	3583.5852	4176.6509	0.0056	35.7015	20.0254	0.3274	1.9863	2.3511	0.0017	5.8668	6.8176	0.0000	1.5837	1.8782	0.0018	0.0330	0.0527	0.0055	0.0016	0.0016	0.0018	0.0444	0.0938	0.0056	0.0001	0.0756	-0.1637	-0.0033	2.5292	11.0342	4.9772	12.7513	0.2986	0.2986	0.0000	0.0829	0.0829	0.0000	0.2157	0.2157	0.0000	0.0060	0.0056	0.0004	0.0001	0.0001	0.0000	0.0059	0.0055	0.0004	0.1503	0.1270	0.0233	0.0141	0.0122	0.0020	0.1362	0.1148	0.0214	0.1810	0.1054	0.0757	0.0481	0.0470	0.0012	0.1329	0.0584	0.0745	60.1789	44.5942	0.3030	3583.5852	4176.6509	0.0056	35.7015	20.0254	0.3274	0.0330	0.0527	0.0055	0.0016	0.0016	0.0018	0.0444	0.0938	0.0056
55	87	0.0171	4	0	1	0	0	0	0	0	0	N	N	N	N	N	N	N	N	N	N	N	N	0.6163	0.4058	2.4631	0.8492	0.8189	88535.0645	6.1275	1477.9749	2.3917	0.1630	0.1759	0.0903	0.8756	0.8792	0.3559	0.1263	0.1331	0.0897	0.2645	0.4334	0.0366	1.0311	1.0737	0.0000	0.0206	0.0001	0.0375	0.0908	0.0627	-0.0040	-0.0111	2.5292	3.9739	4.9772	6.2820	0.0085	0.0078	0.0007	0.0022	0.0022	0.0000	0.0063	0.0056	0.0007	0.0199	0.0187	0.0012	0.0187	0.0187	0.0000	0.0012	0.0000	0.0012	0.0522	0.0444	0.0079	0.0026	0.0025	0.0000	0.0497	0.0418	0.0078	0.0752	0.0432	0.0320	0.0182	0.0174	0.0007	0.0571	0.0258	0.0313	0.6163	0.4058	2.4631	0.8492	0.8189	88535.0645	6.1275	1477.9749	2.3917	0.2645	0.4334	0.0366	1.0311	1.0737	0.0000	0.0206	0.0001	0.0375
55	88	0.0121	3	0	1	0	0	0	0	0	0	N	N	N	N	N	N	N	N	N	N	N	N	2.9705	2.8881	1.2681	4.7366	4.6750	0.0000	5.5278	inf	1.2556	0.4629	0.5173	0.1570	1.8044	1.8128	0.0000	0.3955	0.4402	0.1572	0.1558	0.1791	0.1238	0.3810	0.3878	0.0000	0.0715	0.0000	0.1252	0.0539	0.5015	-0.0000	-0.0022	2.5292	0.0056	4.9772	5.7021	0.0000	0.0000	0.0000	0.0000	0.0000	0.0000	0.0000	0.0000	0.0000	0.0077	0.0052	0.0026	0.0052	0.0052	0.0000	0.0026	0.0000	0.0026	0.0001	0.0001	0.0000	0.0000	0.0000	0.0000	0.0001	0.0001	0.0000	0.0497	0.0288	0.0209	0.0135	0.0133	0.0002	0.0362	0.0155	0.0207	2.9705	2.8881	1.2681	4.7366	4.6750	0.0000	5.5278	inf	1.2556	0.1558	0.1791	0.1238	0.3810	0.3878	0.0000	0.0715	0.0000	0.1252
55	92	0.1005	7	0	0	0	0	0	0	0	0	N	N	N	N	N	N	N	N	N	N	N	N	0.1379	0.0944	0.4246	0.2634	0.2541	0.4697	0.1390	0.0000	0.4292	0.0125	0.0085	0.0385	0.0440	0.0430	0.0664	0.0055	0.0000	0.0367	0.0903	0.0901	0.0907	0.1671	0.1692	0.1413	0.0398	0.0000	0.0855	0.6863	0.4509	-0.0006	-0.0129	2.5292	24.8682	4.9772	39.8855	0.0044	0.0026	0.0018	0.0028	0.0026	0.0002	0.0016	0.0000	0.0016	0.0426	0.0294	0.0132	0.0313	0.0294	0.0019	0.0113	0.0000	0.0113	0.3538	0.3073	0.0465	0.0636	0.0608	0.0029	0.2902	0.2465	0.0437	0.4718	0.3258	0.1459	0.1872	0.1735	0.0136	0.2846	0.1523	0.1323	0.1379	0.0944	0.4246	0.2634	0.2541	0.4697	0.1390	0.0000	0.4292	0.0903	0.0901	0.0907	0.1671	0.1692	0.1413	0.0398	0.0000	0.0855
56	57	0.1545	6	1	1	0	0	0	0	0	0	N	N	N	N	N	N	N	N	N	N	N	N	0.0000	0.0000	0.0000	0.0000	0.0000	0.0000	0.0000	0.0000	0.0000	0.0000	0.0000	0.0000	0.0000	0.0000	0.0000	0.0000	0.0000	0.0000	0.1048	0.0316	0.2682	0.0414	0.0125	0.2303	0.1728	0.0671	0.2790	3.8034	0.0000	0.0069	0.0000	7.8198	10.9971	21.5823	0.0000	0.0000	0.0000	0.0000	0.0000	0.0000	0.0000	0.0000	0.0000	0.0390	0.0081	0.0309	0.0080	0.0021	0.0059	0.0310	0.0060	0.0250	0.0000	0.0000	0.0000	0.0000	0.0000	0.0000	0.0000	0.0000	0.0000	0.3722	0.2570	0.1152	0.1926	0.1670	0.0256	0.1795	0.0900	0.0896	0.0000	0.0000	0.0000	0.0000	0.0000	0.0000	0.0000	0.0000	0.0000	0.1048	0.0316	0.2682	0.0414	0.0125	0.2303	0.1728	0.0671	0.2790	
56	58	0.0686	5	2	2	1	0	0	0	0	0	Y	Y	N	N	N	N	N	N	N	N	N	N	0.0000	0.0000	0.0000	0.0000	0.0000	0.0000	0.0000	0.0000	0.0000	0.0000	0.0000	0.0000	0.0000	0.0001	0.0002	0.0000	0.0009	0.0009	0.0000	0.0000	0.0000	0.0000	0.0000	0.0000	-0.0000	0.0000	2.0055	10.9971	11.8091	0.0000	0.0000	0.0000	0.0000	0.0000	0.0000	0.0000	0.0000	0.0000	0.0000	0.0000	0.0000	0.0000	0.0000	0.0000	0.0000	0.0000	0.0000	0.0000	0.0000	0.0000	0.0000	0.0000	0.0000	0.0000	0.0000	0.0000	0.1024	0.0531	0.0493	0.0116	0.0108	0.0008	0.0908	0.0423	0.0486	0.0000	0.0000	0.0000	0.0000	0.0000	0.0000	0.0000	0.0000	0.0000	0.0001	0.0002	0.0000	0.0009	0.0009	0.0000	0.0000	0.0000	0.0000						
56	59	0.0631	4	2	1	1	0	0	0	0	0	Y	N	N	N	N	N	N	N	N	N	N	N	0.0000	0.0000	0.0000	0.0000	0.0000	0.0000	0.0000	0.0000	0.0000	0.0000	0.0000	0.0000	0.0000	0.0000	0.0000	0.0005	0.0008	0.0000	0.0012	0.0012	0.0000	0.0003	0.0006	0.0000	0.0000	0.0000	-0.0000	0.0000	1.9951	10.9971	2.5667	0.0000	0.0000	0.0000	0.0000	0.0000	0.0000	0.0000	0.0000	0.0000	0.0000	0.0000	0.0000	0.0000	0.0000	0.0000	0.0000	0.0000	0.0000	0.0000	0.0000	0.0000	0.0000	0.0000	0.0000	0.0000	0.0000	0.0000	0.0435	0.0246	0.0189	0.0083	0.0080	0.0003	0.0352	0.0166	0.0186	0.0000	0.0000	0.0000	0.0000	0.0000	0.0000	0.0000	0.0000	0.0000	0.0005	0.0008	0.0000	0.0012	0.0012	0.0000	0.0003	0.0006	0.0000				
56	60	0.0564	3	2	1	1	0	0	0	0	0	Y	N	N	N	N	N	N	N	N	N	N	N	0.0000	0.0000	0.0000	0.0000	0.0000	0.0000	0.0000	0.0000	0.0000	0.0000	0.0000	0.0000	0.0000	0.0000	0.0000	0.0029	0.0040	0.0000	0.0068	0.0075	0.0000	0.0004	0.0006	0.0000	0.0000	0.0000	-0.0001	0.0000	0.0108	10.9971	3.6229	0.0000	0.0000	0.0000	0.0000	0.0000	0.0000	0.0000	0.0000	0.0000	0.0001	0.0001	0.0000	0.0001	0.0001	0.0000	0.0000	0.0000	0.0000	0.0000	0.0000	0.0000	0.0000	0.0000	0.0000	0.0000	0.0000	0.0000	0.0446	0.0321	0.0125	0.0175	0.0159	0.0016	0.0271	0.0162	0.0109	0.0000	0.0000	0.0000	0.0000	0.0000	0.0000	0.0000	0.0000	0.0000	0.0029	0.0040	0.0000	0.0068	0.0075	0.0000	0.0004	0.0006	0.0000				
56	61	0.0748	4	1	2	0	0	0	0	0	0	N	Y	N	N	N	N	N	N	N	N	N	N	0.0000	0.0000	0.0000	0.0000	0.0000	0.0000	0.0000	0.0000	0.0000	0.0000	0.0000	0.0000	0.0000	0.0001	0.0000	0.0002	0.0000	0.0000	0.0000	0.0001	0.0000	0.0002	inf	0.0000	0.0000	0.0000	4.0917	10.9971	8.0988	0.0000	0.0000	0.0000	0.0000	0.0000	0.0000	0.0000	0.0000	0.0000	0.0000	0.0000	0.0000	0.0000	0.0000	0.0000	0.0000	0.0000	0.0000	0.0000	0.0000	0.0000	0.0000	0.0000	0.0000	0.0000	0.0000	0.0000	0.1309	0.0800	0.0509	0.0386	0.0365	0.0021	0.0923	0.0436	0.0488	0.0000	0.0000	0.0000	0.0000	0.0000	0.0000	0.0000	0.0000	0.0000	0.0001	0.0000	0.0002	0.0000	0.0000	0.0000	0.0001	0.0000	0.0002						
56	62	0.0710	3	1	2	0	0	0	0	0	0	N	Y	N	N	N	N	N	N	N	N	N	N	0.0000	0.0000	0.0000	0.0000	0.0000	0.0000	0.0000	0.0000	0.0000	0.0000	0.0000	0.0000	0.0000	0.0000	0.0000	0.0000	0.0023	0.0003	0.0047	0.0007	0.0007	0.0000	0.0028	0.0000	0.0049	14.0018	0.0000	0.0000	0.0000	2.1165	10.9971	5.0852	0.0000	0.0000	0.0000	0.0000	0.0000	0.0000	0.0000	0.0000	0.0000	0.0001	0.0000	0.0001	0.0000	0.0000	0.0000	0.0001	0.0000	0.0001	0.0000	0.0000	0.0000	0.0000	0.0000	0.0000	0.0000	0.0000	0.0000	0.0646	0.0350	0.0296	0.0146	0.0133	0.0012	0.0501	0.0217	0.0283	0.0000	0.0000	0.0000	0.0000	0.0000	0.0000	0.0000	0.0000	0.0000	0.0023	0.0003	0.0047	0.0007	0.0007	0.0000	0.0028	0.0000	0.0049			
56	63	0.0564	3	2	1	1	0	0	0	0	0	Y	N	N	N	N	N	N	N	N	N	N	N	0.0000	0.0000	0.0000	0.0000	0.0000	0.0000	0.0000	0.0000	0.0000	0.0000	0.0000	0.0000	0.0000	0.0012	0.0020	0.0000	0.0064	0.0072	0.0000	0.0000	0.0000	0.0000	0.0000	0.0000	-0.0001	0.0000	3.9990	10.9971	8.8702	0.0000	0.0000	0.0000	0.0000	0.0000	0.0000	0.0000	0.0000	0.0000	0.0001	0.0001	0.0000	0.0001	0.0001	0.0000	0.0000	0.0000	0.0000	0.0000	0.0000	0.0000	0.0000	0.0000	0.0000	0.0000	0.0000	0.0000	0.1038	0.0591	0.0447	0.0187	0.0167	0.0020	0.0852	0.0424	0.0428	0.0000	0.0000	0.0000	0.0000	0.0000	0.0000	0.0000	0.0000	0.0000	0.0012	0.0020	0.0000	0.0064	0.0072	0.0000	0.0000	0.0000	0.0000						
56	64	0.0362	2	2	1	1	0	0	0	0	0	Y	N	N	N	N	N	N	N	N	N	N	N	0.0000	0.0000	0.0000	0.0000	0.0000	0.0000	0.0000	0.0000	0.0000	0.0000	0.0000	0.0000	0.0000	0.0000	0.0000	0.0000	0.0000	0.0000	0.0064	0.0119	0.0003	0.0169	0.0170	0.0000	0.0008	0.0022	0.0003	0.0208	0.0000	-0.0009	0.0000	3.9972	10.9971	6.8232	0.0000	0.0000	0.0000	0.0000	0.0000	0.0000	0.0000	0.0000	0.0000	0.0015	0.0014	0.0000	0.0013	0.0013	0.0000	0.0001	0.0001	0.0000	0.0000	0.0000	0.0000	0.0000	0.0000	0.0000	0.0000	0.0000	0.0000	0.2286	0.1206	0.1080	0.0795	0.0792	0.0003	0.1491	0.0414	0.1077	0.0000	0.0000	0.0000	0.0000	0.0000	0.0000	0.0000	0.0000	0.0000	0.0064	0.0119	0.0003	0.0169	0.0170	0.0000	0.0008	0.0022	0.0003	
56	65	0.0787	4	1	2	0	0	0	0	0	0	N	Y	N	N	N	N	N	N	N	N	N	N	0.0000	0.0000	0.0000	0.0000	0.0000	0.0000	0.0000	0.0000	0.0000	0.0000	0.0000	0.0000	0.0000	0.0000	0.0000	0.0000	0.0000	0.0000	4.3423	3.5320	5.6194	0.0118	0.0129	0.0059	6.4661	6.5223	6.4113	1.0096	0.0000	-0.2240	0.0000	15.6632	10.9971	35.0639	0.0000	0.0000	0.0000	0.0000	0.0000	0.0000	0.0000	0.0000	0.0000	1.9939	0.9922	1.0017	0.0018	0.0017	0.0001	1.9921	0.9905	1.0016	0.0000	0.0000	0.0000	0.0000	0.0000	0.0000	0.0000	0.0000	0.0000	0.4592	0.2809	0.1783	0.1511	0.1290	0.0220	0.3081	0.1519	0.1562	0.0000	0.0000	0.0000	0.0000	0.0000	0.0000	0.0000	0.0000	0.0000	4.3423	3.5320	5.6194	0.0118	0.0129	0.0059	6.4661	6.5223	6.4113	
56	66	0.0787	4	1	1	1	0	0	0	0	0	N	N	N	N	N	N	N	N	N	N	N	N	0.0000	0.0000	0.0000	0.0000	0.0000	0.0000	0.0000	0.0000	0.0000	0.0000	0.0000	0.0000	0.0000	0.0000	0.0000	0.0000	0.0000	0.0000	0.0000	0.0000	0.0000	4.9998	10.9971	10.1184	0.0000	0.0000	0.0000	0.0000	0.0000	0.0000	0.0000	0.0000	0.0000	0.0000	0.0000	0.0000	0.0000	0.0000	0.0000	0.0000	0.0000	0.0000	0.0000	0.0000	0.0000	0.0000	0.0000	0.0000	0.0000	0.0000	0.0000	0.2721	0.1824	0.0898	0.1229	0.1054	0.0175	0.1492	0.0770	0.0723	0.0000	0.0000	0.0000	0.0000	0.0000	0.0000	0.0000	0.0000	0.0000	0.0000	0.0000	0.0000	0.0000	0.0000	0.0000	0.0000	0.0000	0.0000											
56	67	0.0831	6	1	2	0	0	0	0	0	0	N	Y	N	N	N	N	N	N	N	N	N	N	0.0000	0.0000	0.0000	0.0000	0.0000	0.0000	0.0000	0.0000	0.0000	0.0000	0.0000	0.0000	0.0000	0.0000	0.0000	0.0000	0.0000	0.0000	0.0000	0.0000	0.0000	10.9928	10.9971	18.5513	0.0000	0.0000	0.0000	0.0000	0.0000	0.0000	0.0000	0.0000	0.0000	0.0000	0.0000	0.0000	0.0000	0.0000	0.0000	0.0000	0.0000	0.0000	0.0000	0.0000	0.0000	0.0000	0.0000	0.0000	0.0000	0.0000	0.0000	0.2203	0.1277	0.0925	0.0577	0.0531	0.0045	0.1626	0.0746	0.0880	0.0000	0.0000	0.0000	0.0000	0.0000	0.0000	0.0000	0.0000	0.0000	0.0000	0.0000	0.0000	0.0000	0.0000	0.0000	0.0000	0.0000	0.0000											
56	68	0.0831	5	1	1	0	0	0	0	0	0	N	N	N	N	N	N	N	N	N	N	N	N	0.0000	0.0000	0.0000	0.0000	0.0000	0.0000	0.0000	0.0000	0.0000	0.0000	0.0000	0.0000	0.0000	0.0000	0.0000	0.0000	0.0000	0.0000	0.0000	0.0000	0.0000	0.0861	10.9971	1.0715	0.0000	0.0000	0.0000	0.0000	0.0000	0.0000	0.0000	0.0000	0.0000	0.0000	0.0000	0.0000	0.0000	0.0000	0.0000	0.0000	0.0000	0.0000	0.0000	0.0000	0.0000	0.0000	0.0000	0.0000	0.0000	0.0000	0.0000	0.0368	0.0242	0.0125	0.0162	0.0160	0.0002	0.0205	0.0082	0.0123	0.0000	0.0000	0.0000	0.0000	0.0000	0.0000	0.0000	0.0000	0.0000	0.0000	0.0000	0.0000	0.0000	0.0000	0.0000	0.0000	0.0000	0.0000											
56	69	0.0658	3	2	1	1	0	0	0	0	0	Y	N	N	N	N	N	N	N	N	N	N	N	0.0000	0.0000	0.0000	0.0000	0.0000	0.0000	0.0000	0.0000	0.0000	0.0000	0.0000	0.0000	0.0000	0.0000	0.0000	0.0000	0.0000	0.0000	0.0000	0.0000	0.0000	1.0000	10.9971	3.0001	0.0000	0.0000	0.0000	0.0000	0.0000	0.0000	0.0000	0.0000	0.0000	0.0000	0.0000	0.0000	0.0000	0.0000	0.0000	0.0000	0.0000	0.0000	0.0000	0.0000	0.0000	0.0000	0.0000	0.0000	0.0000	0.0000	0.0000	0.0295	0.0157	0.0138	0.0034	0.0032	0.0002	0.0261	0.0125	0.0135	0.0000	0.0000	0.0000	0.0000	0.0000	0.0000	0.0000	0.0000	0.0000	0.0000	0.0000	0.0000	0.0000	0.0000	0.0000	0.0000	0.0000	0.0000											
56	70	0.0658	2	2	1	1	0	0	0	0	0	Y	N	N	N	N	N	N	N	N	N	N	N	0.0000	0.0000	0.0000	0.0000	0.0000	0.0000	0.0000	0.0000	0.0000	0.0000	0.0000	0.0000	0.0000	0.0000	0.0000	0.0000	0.0000	0.0000	0.0000	0.0000	0.0000	0.0000	10.9971	0.0009	0.0000	0.0000	0.0000	0.0000	0.0000	0.0000	0.0000	0.0000	0.0000	0.0000	0.0000	0.0000	0.0000	0.0000	0.0000	0.0000	0.0000	0.0000	0.0000	0.0000	0.0000	0.0000	0.0000	0.0000	0.0000	0.0000	0.0000	0.0000	0.0000	0.0000	0.0000	0.0000	0.0000	0.0000	0.0000	0.0000	0.0000	0.0000	0.0000	0.0000	0.0000	0.0000	0.0000	0.0000	0.0000	0.0000	0.0000	0.0000	0.0000	0.0000	0.0000	0.0000	0.0000	0.0000											
56	72	0.0660	2	1	2	0	1	0	0	0	0	N	Y	N	N	N	N	N	N	N	N	N	N	0.0000	0.0000	0.0000	0.0000	0.0000	0.0000	0.0000	0.0000	0.0000	0.0000	0.0000	0.0000	0.0000	2.9638	0.0000	6.3777	0.0000	0.0000	0.0000	3.4715	0.0000	6.5954	inf	0.0000	0.3853	0.0000	13.0000	10.9971	39.1663	0.0000	0.0000	0.0000	0.0000	0.0000	0.0000	0.0000	0.0000	0.0000	1.0000	0.0000	1.0000	0.0000	0.0000	0.0000	1.0000	0.0000	1.0000	0.0000	0.0000	0.0000	0.0000	0.0000	0.0000	0.0000	0.0000	0.0000	0.3374	0.1806	0.1568	0.0493	0.0442	0.0052	0.2881	0.1364	0.1516	0.0000	0.0000	0.0000	0.0000	0.0000	0.0000	0.0000	0.0000	0.0000	2.9638	0.0000	6.3777	0.0000	0.0000	0.0000	3.4715	0.0000	6.5954						
56	73	0.0685	3	1	2	0	0	0	0	0	0	N	Y	N	N	N	N	N	N	N	N	N	N	0.0000	0.0000	0.0000	0.0000	0.0000	0.0000	0.0000	0.0000	0.0000	0.0000	0.0000	0.0000	0.0000	0.0000	0.0000	0.0000	0.0000	0.0000	0.0000	0.0000	0.0000	3.0003	10.9971	18.1082	0.0000	0.0000	0.0000	0.0000	0.0000	0.0000	0.0000	0.0000	0.0000	0.0000	0.0000	0.0000	0.0000	0.0000	0.0000	0.0000	0.0000	0.0000	0.0000	0.0000	0.0000	0.0000	0.0000	0.0000	0.0000	0.0000	0.0000	0.1727	0.0982	0.0745	0.0348	0.0324	0.0024	0.1379	0.0658	0.0721	0.0000	0.0000	0.0000	0.0000	0.0000	0.0000	0.0000	0.0000	0.0000	0.0000	0.0000	0.0000	0.0000	0.0000	0.0000	0.0000	0.0000	0.0000											
56	74	0.0362	2	1	2	0	0	0	0	0	0	N	Y	N	N	N	N	N	N	N	N	N	N	0.0000	0.0000	0.0000	0.0000	0.0000	0.0000	0.0000	0.0000	0.0000	0.0000	0.0000	0.0000	0.0000	0.0040	0.0077	0.0000	0.0156	0.0157	0.0000	0.0000	0.0000	0.0000	0.0000	0.0000	-0.0008	0.0000	7.0046	10.9971	18.1036	0.0000	0.0000	0.0000	0.0000	0.0000	0.0000	0.0000	0.0000	0.0000	0.0013	0.0013	0.0000	0.0013	0.0013	0.0000	0.0000	0.0000	0.0000	0.0000	0.0000	0.0000	0.0000	0.0000	0.0000	0.0000	0.0000	0.0000	0.3190	0.1652	0.1537	0.0818	0.0813	0.0004	0.2372	0.0839	0.1533	0.0000	0.0000	0.0000	0.0000	0.0000	0.0000	0.0000	0.0000	0.0000	0.0040	0.0077	0.0000	0.0156	0.0157	0.0000	0.0000	0.0000	0.0000						
56	77	0.0835	6	1	2	0	0	0	0	0	0	N	Y	N	N	N	N	N	N	N	N	N	N	0.0000	0.0000	0.0000	0.0000	0.0000	0.0000	0.0000	0.0000	0.0000	0.0000	0.0000	0.0000	0.0000	0.0000	0.0000	0.0000	0.0000	0.0000	0.0000	0.0000	0.0000	8.6571	10.9971	16.0761	0.0000	0.0000	0.0000	0.0000	0.0000	0.0000	0.0000	0.0000	0.0000	0.0000	0.0000	0.0000	0.0000	0.0000	0.0000	0.0000	0.0000	0.0000	0.0000	0.0000	0.0000	0.0000	0.0000	0.0000	0.0000	0.0000	0.0000	0.1650	0.0965	0.0685	0.0396	0.0357	0.0039	0.1254	0.0608	0.0645	0.0000	0.0000	0.0000	0.0000	0.0000	0.0000	0.0000	0.0000	0.0000	0.0000	0.0000	0.0000	0.0000	0.0000	0.0000	0.0000	0.0000	0.0000											
56	78	0.0831	5	1	2	0	0	0	0	0	0	N	Y	N	N	N	N	N	N	N	N	N	N	0.0000	0.0000	0.0000	0.0000	0.0000	0.0000	0.0000	0.0000	0.0000	0.0000	0.0000	0.0000	0.0000	0.0000	0.0000	0.0000	0.0000	0.0000	0.0000	0.0000	0.0000	0.3645	10.9971	1.9845	0.0000	0.0000	0.0000	0.0000	0.0000	0.0000	0.0000	0.0000	0.0000	0.0000	0.0000	0.0000	0.0000	0.0000	0.0000	0.0000	0.0000	0.0000	0.0000	0.0000	0.0000	0.0000	0.0000	0.0000	0.0000	0.0000	0.0000	0.0451	0.0289	0.0162	0.0181	0.0177	0.0004	0.0269	0.0112	0.0158	0.0000	0.0000	0.0000	0.0000	0.0000	0.0000	0.0000	0.0000	0.0000	0.0000	0.0000	0.0000	0.0000	0.0000	0.0000	0.0000	0.0000	0.0000											
56	79	0.0736	4	1	1	0	0	0	0	0	0	N	N	N	N	N	N	N	N	N	N	N	N	0.0000	0.0000	0.0000	0.0000	0.0000	0.0000	0.0000	0.0000	0.0000	0.0000	0.0000	0.0000	0.0000	0.0000	0.0000	0.0000	0.0000	0.0000	0.0000	0.0000	0.0000	2.9108	10.9971	14.2456	0.0000	0.0000	0.0000	0.0000	0.0000	0.0000	0.0000	0.0000	0.0000	0.0000	0.0000	0.0000	0.0000	0.0000	0.0000	0.0000	0.0000	0.0000	0.0000	0.0000	0.0000	0.0000	0.0000	0.0000	0.0000	0.0000	0.0000	0.1350	0.0767	0.0583	0.0303	0.0275	0.0029	0.1046	0.0492	0.0554	0.0000	0.0000	0.0000	0.0000	0.0000	0.0000	0.0000	0.0000	0.0000	0.0000	0.0000	0.0000	0.0000	0.0000	0.0000	0.0000	0.0000	0.0000											
56	80	0.0685	3	1	1	0	0	0	0	0	0	N	N	N	N	N	N	N	N	N	N	N	N	0.0000	0.0000	0.0000	0.0000	0.0000	0.0000	0.0000	0.0000	0.0000	0.0000	0.0000	0.0000	0.0000	0.0000	0.0000	0.0000	0.0000	0.0008	0.0006	0.0012	0.0022	0.0013	0.0215	0.0003	0.0000	0.0006	1.3295	0.0000	-0.0000	0.0000	0.1009	10.9971	7.5203	0.0000	0.0000	0.0000	0.0000	0.0000	0.0000	0.0000	0.0000	0.0000	0.0001	0.0000	0.0000	0.0000	0.0000	0.0000	0.0000	0.0000	0.0000	0.0000	0.0000	0.0000	0.0000	0.0000	0.0000	0.0000	0.0000	0.0000	0.0849	0.0518	0.0331	0.0232	0.0223	0.0009	0.0617	0.0295	0.0322	0.0000	0.0000	0.0000	0.0000	0.0000	0.0000	0.0000	0.0000	0.0000	0.0008	0.0006	0.0012	0.0022	0.0013	0.0215	0.0003	0.0000	0.0006		
56	81	0.0660	2	1	1	0	0	0	0	0	0	N	N	N	N	N	N	N	N	N	N	N	N	0.0000	0.0000	0.0000	0.0000	0.0000	0.0000	0.0000	0.0000	0.0000	0.0000	0.0000	0.0000	0.0000	0.0000	0.0000	0.0017	0.0030	0.0000	0.0036	0.0038	0.0000	0.0010	0.0023	0.0000	0.0000	0.0000	-0.0000	0.0000	0.0014	10.9971	3.7882	0.0000	0.0000	0.0000	0.0000	0.0000	0.0000	0.0000	0.0000	0.0000	0.0001	0.0001	0.0000	0.0000	0.0000	0.0000	0.0000	0.0000	0.0000	0.0000	0.0000	0.0000	0.0000	0.0000	0.0000	0.0000	0.0000	0.0000	0.0415	0.0235	0.0180	0.0109	0.0105	0.0004	0.0306	0.0130	0.0176	0.0000	0.0000	0.0000	0.0000	0.0000	0.0000	0.0000	0.0000	0.0000	0.0017	0.0030	0.0000	0.0036	0.0038	0.0000	0.0010	0.0023	0.0000				
56	82	0.0817	5	1	2	0	0	0	0	0	0	N	Y	N	N	N	N	N	N	N	N	N	N	0.0000	0.0000	0.0000	0.0000	0.0000	0.0000	0.0000	0.0000	0.0000	0.0000	0.0000	0.0000	0.0000	3.2135	5.5184	0.0000	11.5696	12.2321	0.0000	0.0000	0.0000	0.0000	0.0000	0.0000	-0.5638	0.0000	7.9116	10.9971	21.1247	0.0000	0.0000	0.0000	0.0000	0.0000	0.0000	0.0000	0.0000	0.0000	0.9171	0.9171	0.0000	0.9171	0.9171	0.0000	0.0000	0.0000	0.0000	0.0000	0.0000	0.0000	0.0000	0.0000	0.0000	0.0000	0.0000	0.0000	0.2854	0.1662	0.1192	0.0793	0.0750	0.0043	0.2061	0.0912	0.1149	0.0000	0.0000	0.0000	0.0000	0.0000	0.0000	0.0000	0.0000	0.0000	3.2135	5.5184	0.0000	11.5696	12.2321	0.0000	0.0000	0.0000	0.0000						
56	83	0.0997	6	2	2	0	0	0	0	0	0	Y	Y	N	N	N	N	N	N	N	N	N	N	0.0000	0.0000	0.0000	0.0000	0.0000	0.0000	0.0000	0.0000	0.0000	0.0000	0.0000	0.0000	0.0000	0.0000	0.0000	0.0000	0.0000	0.0000	0.0000	0.0000	0.0000	0.0000	10.9971	1.8333	0.0000	0.0000	0.0000	0.0000	0.0000	0.0000	0.0000	0.0000	0.0000	0.0000	0.0000	0.0000	0.0000	0.0000	0.0000	0.0000	0.0000	0.0000	0.0000	0.0000	0.0000	0.0000	0.0000	0.0000	0.0000	0.0000	0.0000	0.0213	0.0136	0.0077	0.0066	0.0063	0.0003	0.0147	0.0074	0.0074	0.0000	0.0000	0.0000	0.0000	0.0000	0.0000	0.0000	0.0000	0.0000	0.0000	0.0000	0.0000	0.0000	0.0000	0.0000	0.0000	0.0000	0.0000											
56	84	0.0817	5	2	2	0	0	0	0	0	0	Y	Y	N	N	N	N	N	N	N	N	N	N	0.0000	0.0000	0.0000	0.0000	0.0000	0.0000	0.0000	0.0000	0.0000	0.0000	0.0000	0.0000	0.0000	0.0000	0.0000	0.3442	0.0000	0.8404	0.0040	0.0000	0.0897	0.4961	0.0000	0.8666	inf	0.0000	0.0309	0.0000	6.9552	10.9971	13.1226	0.0000	0.0000	0.0000	0.0000	0.0000	0.0000	0.0000	0.0000	0.0000	0.0803	0.0000	0.0803	0.0003	0.0000	0.0003	0.0800	0.0000	0.0800	0.0000	0.0000	0.0000	0.0000	0.0000	0.0000	0.0000	0.0000	0.0000	0.2333	0.1378	0.0956	0.0720	0.0688	0.0032	0.1613	0.0690	0.0923	0.0000	0.0000	0.0000	0.0000	0.0000	0.0000	0.0000	0.0000	0.0000	0.3442	0.0000	0.8404	0.0040	0.0000	0.0897	0.4961	0.0000	0.8666				
56	85	0.0787	4	1	2	0	0	0	0	0	0	N	Y	N	N	N	N	N	N	N	N	N	N	0.0000	0.0000	0.0000	0.0000	0.0000	0.0000	0.0000	0.0000	0.0000	0.0000	0.0000	0.0000	0.0000	0.0000	0.0000	0.0000	0.0000	0.0000	1.7286	1.4894	2.0624	2.7658	2.8456	0.2657	1.2528	0.0010	2.1053	0.9925	0.0000	-0.0172	0.0000	0.3374	10.9971	6.1146	0.0000	0.0000	0.0000	0.0000	0.0000	0.0000	0.0000	0.0000	0.0000	0.1473	0.0739	0.0734	0.0741	0.0739	0.0002	0.0732	0.0000	0.0732	0.0000	0.0000	0.0000	0.0000	0.0000	0.0000	0.0000	0.0000	0.0000	0.0852	0.0496	0.0356	0.0268	0.0260	0.0008	0.0584	0.0237	0.0347	0.0000	0.0000	0.0000	0.0000	0.0000	0.0000	0.0000	0.0000	0.0000	1.7286	1.4894	2.0624	2.7658	2.8456	0.2657	1.2528	0.0010	2.1053	
56	86	0.0787	4	1	2	0	0	0	0	0	0	N	Y	N	N	N	N	N	N	N	N	N	N	0.0000	0.0000	0.0000	0.0000	0.0000	0.0000	0.0000	0.0000	0.0000	0.0000	0.0000	0.0000	0.0000	4.6694	8.3586	0.0000	21.6180	23.1640	0.0000	0.0000	0.0000	0.0000	0.0000	0.0000	-0.5641	0.0000	11.0342	10.9971	12.7513	0.0000	0.0000	0.0000	0.0000	0.0000	0.0000	0.0000	0.0000	0.0000	0.9176	0.9176	0.0000	0.9176	0.9176	0.0000	0.0000	0.0000	0.0000	0.0000	0.0000	0.0000	0.0000	0.0000	0.0000	0.0000	0.0000	0.0000	0.1965	0.1098	0.0867	0.0424	0.0396	0.0028	0.1541	0.0702	0.0839	0.0000	0.0000	0.0000	0.0000	0.0000	0.0000	0.0000	0.0000	0.0000	4.6694	8.3586	0.0000	21.6180	23.1640	0.0000	0.0000	0.0000	0.0000						
56	87	0.0710	3	1	2	0	0	0	0	0	0	N	Y	N	N	N	N	N	N	N	N	N	N	0.0000	0.0000	0.0000	0.0000	0.0000	0.0000	0.0000	0.0000	0.0000	0.0000	0.0000	0.0000	0.0000	0.0000	0.0000	0.0000	0.0000	0.9356	1.7292	0.0033	4.5692	5.0257	0.0000	0.0019	0.0000	0.0034	0.0016	0.0000	-0.0490	0.0000	3.9739	10.9971	6.2820	0.0000	0.0000	0.0000	0.0000	0.0000	0.0000	0.0000	0.0000	0.0000	0.0799	0.0798	0.0001	0.0798	0.0798	0.0000	0.0001	0.0000	0.0001	0.0000	0.0000	0.0000	0.0000	0.0000	0.0000	0.0000	0.0000	0.0000	0.0854	0.0461	0.0393	0.0175	0.0159	0.0016	0.0680	0.0303	0.0377	0.0000	0.0000	0.0000	0.0000	0.0000	0.0000	0.0000	0.0000	0.0000	0.9356	1.7292	0.0033	4.5692	5.0257	0.0000	0.0019	0.0000	0.0034		
56	88	0.0660	2	1	2	0	0	0	0	0	0	N	Y	N	N	N	N	N	N	N	N	N	N	0.0000	0.0000	0.0000	0.0000	0.0000	0.0000	0.0000	0.0000	0.0000	0.0000	0.0000	0.0000	0.0000	0.0025	0.0046	0.0000	0.0110	0.0116	0.0000	0.0000	0.0000	0.0000	0.0000	0.0000	-0.0001	0.0000	0.0056	10.9971	5.7021	0.0000	0.0000	0.0000	0.0000	0.0000	0.0000	0.0000	0.0000	0.0000	0.0001	0.0001	0.0000	0.0001	0.0001	0.0000	0.0000	0.0000	0.0000	0.0000	0.0000	0.0000	0.0000	0.0000	0.0000	0.0000	0.0000	0.0000	0.0548	0.0305	0.0243	0.0127	0.0121	0.0007	0.0421	0.0185	0.0236	0.0000	0.0000	0.0000	0.0000	0.0000	0.0000	0.0000	0.0000	0.0000	0.0025	0.0046	0.0000	0.0110	0.0116	0.0000	0.0000	0.0000	0.0000						
56	92	0.1545	6	1	1	0	0	0	0	0	0	N	N	N	N	N	N	N	N	N	N	N	N	0.0000	0.0000	0.0000	0.0000	0.0000	0.0000	0.0000	0.0000	0.0000	0.0000	0.0000	0.0000	0.0000	0.0000	0.0000	0.0000	0.0000	0.0000	2.0008	3.0135	0.0041	4.3550	5.0597	0.0189	0.0230	0.0455	0.0006	0.0007	0.0000	-0.6024	0.0000	24.8682	10.9971	39.8855	0.0000	0.0000	0.0000	0.0000	0.0000	0.0000	0.0000	0.0000	0.0000	0.9810	0.9803	0.0007	0.9749	0.9743	0.0006	0.0061	0.0060	0.0001	0.0000	0.0000	0.0000	0.0000	0.0000	0.0000	0.0000	0.0000	0.0000	0.4903	0.3253	0.1650	0.2239	0.1926	0.0313	0.2664	0.1328	0.1337	0.0000	0.0000	0.0000	0.0000	0.0000	0.0000	0.0000	0.0000	0.0000	2.0008	3.0135	0.0041	4.3550	5.0597	0.0189	0.0230	0.0455	0.0006	
57	58	0.2049	10	1	1	1	0	0	0	0	0	N	N	N	N	N	N	N	N	N	N	N	N	0.0005	0.0013	0.0000	0.0046	0.0048	0.0000	0.0000	0.0000	0.0000	0.0019	0.0022	0.0000	0.0063	0.0065	0.0000	0.0000	0.0000	0.0000	3.7528	1.6409	8.5204	1.3602	1.3527	1.7107	6.2319	2.1604	10.3615	0.0000	2.3001	-0.0001	0.1253	7.8198	2.0055	21.5823	11.8091	0.0002	0.0002	0.0000	0.0002	0.0002	0.0000	0.0000	0.0000	0.0000	1.5240	0.4618	1.0622	0.2811	0.2448	0.0362	1.2429	0.2170	1.0260	0.1256	0.1104	0.0152	0.0381	0.0366	0.0015	0.0875	0.0738	0.0137	0.4061	0.2814	0.1247	0.2067	0.1810	0.0256	0.1994	0.1004	0.0990	0.0005	0.0013	0.0000	0.0046	0.0048	0.0000	0.0000	0.0000	0.0000	3.7528	1.6409	8.5204	1.3602	1.3527	1.4126	6.2319	2.1604	10.3615
57	59	0.1995	9	1	0	1	0	0	0	0	0	N	N	N	N	N	N	N	N	N	N	N	N	0.0001	0.0002	0.0000	0.0003	0.0003	0.0000	0.0001	0.0002	0.0000	0.0000	0.0000	0.0000	0.0000	0.0000	0.0000	0.0000	0.0000	0.0000	0.0161	0.0102	0.0301	0.0110	0.0119	0.0038	0.0214	0.0071	0.0367	0.0000	1.2509	-0.0000	-0.0001	7.8198	1.9951	21.5823	2.5667	0.0000	0.0000	0.0000	0.0000	0.0000	0.0000	0.0000	0.0000	0.0000	0.0024	0.0010	0.0013	0.0008	0.0008	0.0000	0.0015	0.0003	0.0013	0.1246	0.1096	0.0151	0.0375	0.0361	0.0014	0.0871	0.0735	0.0136	0.1465	0.1029	0.0436	0.0747	0.0659	0.0088	0.0718	0.0370	0.0348	0.0001	0.0002	0.0000	0.0003	0.0003	0.0000	0.0001	0.0002	0.0000	0.0161	0.0102	0.0301	0.0110	0.0119	0.0038	0.0214	0.0071	0.0367
57	60	0.1928	8	1	0	1	0	0	0	0	0	N	N	N	N	N	N	N	N	N	N	N	N	4.6109	4.2403	3.1628	5.3653	5.1275	28.5727	3.0606	2.5341	1.9432	0.2548	0.2905	0.0406	0.3254	0.3549	0.0466	0.1395	0.1685	0.0363	0.0553	0.0685	0.0128	0.0607	0.0692	0.0016	0.0456	0.0665	0.0187	0.0232	0.0584	-0.0002	-0.0052	7.8198	0.0108	21.5823	3.6229	0.0004	0.0004	0.0000	0.0003	0.0003	0.0000	0.0001	0.0001	0.0000	0.0092	0.0087	0.0005	0.0065	0.0065	0.0000	0.0027	0.0022	0.0005	0.0017	0.0014	0.0002	0.0010	0.0009	0.0001	0.0006	0.0005	0.0001	0.1670	0.1273	0.0397	0.1073	0.0937	0.0136	0.0597	0.0336	0.0261	4.6109	4.2403	3.1628	5.3653	5.1275	28.5727	3.0606	2.5341	1.9432	0.0553	0.0685	0.0128	0.0607	0.0692	0.0016	0.0456	0.0665	0.0187
57	61	0.1447	7	0	1	0	0	0	0	0	0	N	N	N	N	N	N	N	N	N	N	N	N	51.5915	79.1158	0.0000	0.1630	0.2660	0.0000	54.6762	66.7463	0.0001	3.8347	4.3777	0.0000	0.0076	0.0079	0.0000	5.2967	6.2895	0.0000	0.0743	0.0553	0.1154	0.0466	0.0296	0.2361	0.0969	0.0942	0.0995	0.0000	0.9642	-0.5402	-0.0049	7.8198	4.0917	21.5823	8.0988	0.9855	0.9855	0.0000	0.0005	0.0005	0.0000	0.9850	0.9850	0.0000	0.0399	0.0203	0.0196	0.0112	0.0066	0.0047	0.0287	0.0138	0.0149	0.2570	0.2251	0.0319	0.0710	0.0685	0.0025	0.1860	0.1566	0.0294	0.5370	0.3673	0.1698	0.2410	0.2211	0.0198	0.2961	0.1462	0.1499	51.5915	79.1158	0.0000	0.1630	0.2660	0.0000	54.6762	66.7463	0.0001	0.0743	0.0553	0.1154	0.0466	0.0296	0.2361	0.0969	0.0942	0.0995
57	62	0.1410	6	0	1	0	0	0	0	0	0	N	N	N	N	N	N	N	N	N	N	N	N	0.0067	0.0800	0.0000	0.0010	0.0048	0.0000	0.0070	0.3934	0.0000	0.0030	0.0034	0.0000	0.0003	0.0003	0.0000	0.0040	0.0047	0.0000	0.4470	0.0427	1.2083	0.2895	0.0611	10.8907	0.5745	0.0121	1.0251	0.0001	15.0380	-0.0002	0.0401	7.8198	2.1165	21.5823	5.0852	0.0004	0.0004	0.0000	0.0000	0.0000	0.0000	0.0004	0.0004	0.0000	0.1242	0.0077	0.1164	0.0360	0.0069	0.0291	0.0882	0.0008	0.0874	0.1320	0.1155	0.0165	0.0358	0.0345	0.0013	0.0962	0.0810	0.0152	0.2778	0.1814	0.0963	0.1243	0.1132	0.0111	0.1535	0.0683	0.0852	0.0067	0.0800	0.0000	0.0010	0.0048	0.0000	0.0070	0.3934	0.0000	0.4470	0.0427	1.2083	0.2895	0.0611	2.6093	0.5745	0.0121	1.0251
57	63	0.1928	8	1	0	1	0	0	0	0	0	N	N	N	N	N	N	N	N	N	N	N	N	0.0062	0.2947	0.0000	0.3633	0.6966	0.0000	0.0001	3.1454	0.0000	0.0121	0.0137	0.0000	0.0467	0.0484	0.0000	0.0004	0.0005	0.0000	1.9506	0.0466	6.4071	0.1285	0.0694	0.5161	4.1006	0.0002	8.2588	0.0000	58.7463	-0.0017	0.3565	7.8198	3.9990	21.5823	8.8702	0.0032	0.0032	0.0000	0.0031	0.0031	0.0000	0.0001	0.0001	0.0000	0.9674	0.0162	0.9512	0.0345	0.0162	0.0183	0.9329	0.0000	0.9329	0.2624	0.2305	0.0318	0.0660	0.0637	0.0023	0.1964	0.1668	0.0296	0.4960	0.3475	0.1485	0.2685	0.2330	0.0355	0.2275	0.1145	0.1130	0.0062	0.2947	0.0000	0.3633	0.6966	0.0000	0.0001	3.1454	0.0000	1.9506	0.0466	6.4071	0.1285	0.0694	0.5161	4.1006	0.0002	8.2588
57	64	0.1726	7	1	0	1	0	0	0	0	0	N	N	N	N	N	N	N	N	N	N	N	N	98.3094	114.8165	0.0089	318.9313	325.0278	0.0645	21.5512	25.5602	0.0047	2.9753	3.3850	0.0003	8.2471	8.5742	0.0014	0.7581	0.8981	0.0002	0.0303	0.0295	0.0322	0.0259	0.0264	0.0224	0.0352	0.0351	0.0352	0.0000	0.4476	-0.4049	-0.0038	7.8198	3.9972	21.5823	6.8232	0.7386	0.7386	0.0000	0.6062	0.6062	0.0000	0.1325	0.1325	0.0000	0.0124	0.0086	0.0038	0.0056	0.0050	0.0006	0.0068	0.0036	0.0032	0.2483	0.2182	0.0300	0.0735	0.0707	0.0028	0.1748	0.1475	0.0272	0.4107	0.2912	0.1194	0.2165	0.1880	0.0284	0.1942	0.1032	0.0910	98.3094	114.8165	0.0089	318.9313	325.0278	0.0645	21.5512	25.5602	0.0047	0.0303	0.0295	0.0322	0.0259	0.0264	0.0224	0.0352	0.0351	0.0352
57	65	0.1234	3	0	1	0	0	0	0	0	0	N	N	N	N	N	N	N	N	N	N	N	N	1.2631	1.1298	0.0004	10.4403	10.2131	0.0006	0.1958	0.1297	0.0004	0.7841	0.8964	0.0001	2.4017	2.4904	0.0001	0.1816	0.2159	0.0001	0.6207	0.7935	0.2907	0.2300	0.2438	0.0824	0.9279	1.6645	0.3164	0.0000	0.1918	-0.3992	-0.5737	7.8198	15.6632	21.5823	35.0639	0.7283	0.7283	0.0000	0.6053	0.6053	0.0000	0.1229	0.1229	0.0000	1.2641	1.0607	0.2034	0.2062	0.1999	0.0063	1.0579	0.8608	0.1971	0.9288	0.8124	0.1164	0.2520	0.2431	0.0090	0.6768	0.5693	0.1075	2.0363	1.3368	0.6996	0.8962	0.8196	0.0766	1.1401	0.5172	0.6230	1.2631	1.1298	0.0004	10.4403	10.2131	0.0006	0.1958	0.1297	0.0004	0.6207	0.7935	0.2907	0.2300	0.2438	0.0824	0.9279	1.6645	0.3164
57	66	0.1234	3	0	0	1	0	0	0	0	0	N	N	N	N	N	N	N	N	N	N	N	N	0.1177	0.1919	0.0008	0.3813	0.4418	0.0001	0.0002	0.0002	0.0009	0.0304	0.0349	0.0003	0.1098	0.1141	0.0001	0.0001	0.0000	0.0003	0.2580	0.1818	0.3958	0.2881	0.2582	0.6295	0.2292	0.0046	0.3667	0.0013	1.2043	-0.0052	-0.0206	7.8198	4.9998	21.5823	10.1184	0.0095	0.0095	0.0000	0.0095	0.0095	0.0000	0.0000	0.0000	0.0000	0.3018	0.1369	0.1649	0.1649	0.1359	0.0290	0.1369	0.0010	0.1359	0.3141	0.2731	0.0410	0.0867	0.0835	0.0032	0.2274	0.1896	0.0378	1.1697	0.7531	0.4166	0.5725	0.5263	0.0461	0.5972	0.2268	0.3704	0.1177	0.1919	0.0008	0.3813	0.4418	0.0001	0.0002	0.0002	0.0009	0.2580	0.1818	0.3958	0.2881	0.2582	0.6295	0.2292	0.0046	0.3667
57	67	0.1531	9	0	1	0	0	0	0	0	0	N	N	N	N	N	N	N	N	N	N	N	N	0.0005	0.0004	0.0000	0.0027	0.0027	0.0000	0.0000	0.0000	0.0000	0.0001	0.0001	0.0000	0.0003	0.0003	0.0000	0.0000	0.0000	0.0000	0.1522	0.2051	0.0392	0.1043	0.1108	0.0446	0.1905	0.3405	0.0384	0.0003	0.0897	-0.0000	-0.0796	7.8198	10.9928	21.5823	18.5513	0.0001	0.0001	0.0000	0.0001	0.0001	0.0000	0.0000	0.0000	0.0000	0.1495	0.1372	0.0123	0.0456	0.0437	0.0019	0.1039	0.0935	0.0104	0.6415	0.5577	0.0839	0.1770	0.1715	0.0055	0.4645	0.3862	0.0784	0.9824	0.6687	0.3137	0.4370	0.3942	0.0429	0.5453	0.2745	0.2708	0.0005	0.0004	0.0000	0.0027	0.0027	0.0000	0.0000	0.0000	0.0000	0.1522	0.2051	0.0392	0.1043	0.1108	0.0446	0.1905	0.3405	0.0384
57	68	0.1531	8	0	0	0	0	0	0	0	0	N	N	N	N	N	N	N	N	N	N	N	N	0.0007	0.0008	0.0006	0.0013	0.0009	0.0035	0.0000	0.0000	0.0000	0.0001	0.0001	0.0001	0.0002	0.0001	0.0015	0.0000	0.0000	0.0000	0.1154	0.0880	0.1741	0.1310	0.1193	0.4324	0.1000	0.0142	0.1581	0.7902	0.9245	-0.0000	-0.0028	7.8198	0.0861	21.5823	1.0715	0.0000	0.0000	0.0000	0.0000	0.0000	0.0000	0.0000	0.0000	0.0000	0.0207	0.0108	0.0100	0.0117	0.0103	0.0014	0.0090	0.0005	0.0085	0.0322	0.0210	0.0113	0.0158	0.0150	0.0008	0.0165	0.0060	0.0105	0.1798	0.1225	0.0572	0.0894	0.0860	0.0033	0.0904	0.0365	0.0539	0.0007	0.0008	0.0006	0.0013	0.0009	0.0035	0.0000	0.0000	0.0000	0.1154	0.0880	0.1741	0.1310	0.1193	0.4324	0.1000	0.0142	0.1581
57	69	0.2022	8	1	0	1	0	0	0	0	0	N	N	N	N	N	N	N	N	N	N	N	N	0.0000	0.0000	0.0000	0.0000	0.0000	0.0000	0.0000	0.0000	0.0000	0.0000	0.0000	0.0000	0.0000	0.0000	0.0000	0.0000	0.0000	0.0013	0.0004	0.0031	0.0023	0.0006	0.0155	0.0003	0.0000	0.0006	3.8908	0.0000	0.0000	7.8198	1.0000	21.5823	3.0001	0.0000	0.0000	0.0000	0.0000	0.0000	0.0000	0.0000	0.0000	0.0000	0.0001	0.0000	0.0001	0.0001	0.0000	0.0001	0.0000	0.0000	0.0000	0.0640	0.0564	0.0076	0.0223	0.0213	0.0010	0.0417	0.0350	0.0067	0.1180	0.0801	0.0380	0.0576	0.0512	0.0065	0.0604	0.0289	0.0315	0.0000	0.0000	0.0000	0.0000	0.0000	0.0000	0.0000	0.0000	0.0000	0.0013	0.0004	0.0031	0.0023	0.0006	0.0155	0.0003	0.0000	0.0006		
57	70	0.2022	7	1	0	1	0	0	0	0	0	N	N	N	N	N	N	N	N	N	N	N	N	0.0000	0.0000	0.0000	0.0000	0.0000	0.0000	0.0000	0.0000	0.0000	0.0000	0.0000	0.0000	0.0000	0.0000	0.0000	0.0000	0.0000	0.6110	0.5051	0.7730	0.5947	0.6272	0.1662	0.6289	0.0000	0.8357	1.0002	0.0000	-0.0000	7.8198	0.0000	21.5823	0.0009	0.0000	0.0000	0.0000	0.0000	0.0000	0.0000	0.0000	0.0000	0.0000	0.0001	0.0000	0.0000	0.0000	0.0000	0.0000	0.0000	0.0000	0.0000	0.0000	0.0000	0.0000	0.0000	0.0000	0.0000	0.0000	0.0000	0.0000	0.0001	0.0001	0.0000	0.0001	0.0000	0.0000	0.0000	0.0000	0.0000	0.0000	0.0000	0.0000	0.0000	0.0000	0.0000	0.0000	0.0000	0.0000	0.6110	0.5051	0.7730	0.5947	0.6272	0.1662	0.6289	0.0000	0.8357		
57	71	0.1692	6	1	0	1	0	0	0	0	0	N	N	N	N	N	N	N	N	N	N	N	N	0.0816	0.0047	0.2157	0.6982	0.0094	14991.7698	0.0516	0.1659	0.0183	0.0000	0.1521	0.0076	0.0001	0.2014	0.0228	0.0000	0.1473	0.2245	0.0079	0.7054	0.0108	0.0124	0.0000	0.4419	0.0000	0.8875	552.5831	40.1314	0.0050	0.0570	7.8198	9.9966	21.5823	12.9129	0.0110	0.0000	0.0110	0.0013	0.0000	0.0013	0.0097	0.0000	0.0097	0.1578	0.0038	0.1540	0.0038	0.0038	0.0000	0.1540	0.0000	0.1540	0.6035	0.5310	0.0725	0.1772	0.1707	0.0066	0.4262	0.3603	0.0659	0.7028	0.4846	0.2183	0.3544	0.3096	0.0448	0.3484	0.1749	0.1735	0.0816	0.0047	0.2157	0.6982	0.0094	14991.7698	0.0516	0.0000	0.1659	0.2245	0.0079	0.7054	0.0108	0.0124	0.0000	0.4419	0.0000	0.8875	
57	72	0.1360	5	0	1	0	1	0	0	0	0	N	N	N	N	N	N	N	N	N	N	N	N	0.0000	0.0000	0.0000	0.0001	0.0001	0.0000	0.0000	0.0000	0.0000	0.0000	0.0000	0.0000	0.0000	0.0000	0.0000	0.0000	0.0000	0.0000	0.8889	1.2367	0.2034	0.5375	0.5819	0.0712	1.1513	2.1727	0.2198	0.0000	0.0834	-0.0000	-0.7606	7.8198	13.0000	21.5823	39.1663	0.0000	0.0000	0.0000	0.0000	0.0000	0.0000	0.0000	0.0000	0.0000	1.4145	1.3055	0.1089	0.3656	0.3614	0.0042	1.0488	0.9441	0.1047	0.7741	0.6783	0.0958	0.2089	0.2015	0.0074	0.5652	0.4768	0.0884	1.5912	1.0556	0.5356	0.6802	0.6211	0.0591	0.9110	0.4345	0.4765	0.0000	0.0000	0.0000	0.0001	0.0001	0.0000	0.0000	0.0000	0.0000	0.8889	1.2367	0.2034	0.5375	0.5819	0.0712	1.1513	2.1727	0.2198
57	73	0.1385	6	0	1	0	0	0	0	0	0	N	N	N	N	N	N	N	N	N	N	N	N	0.0002	0.0000	0.0005	0.0006	0.0000	0.0213	0.0001	0.0000	0.0004	0.0000	0.0000	0.0000	0.0000	0.0000	0.0001	0.0000	0.0000	0.0000	0.0293	0.0028	0.0857	0.0047	0.0047	0.0039	0.0486	0.0000	0.0954	inf	14.2594	0.0000	0.0075	7.8198	3.0003	21.5823	18.1082	0.0000	0.0000	0.0000	0.0000	0.0000	0.0000	0.0000	0.0000	0.0000	0.0235	0.0015	0.0220	0.0016	0.0015	0.0001	0.0219	0.0000	0.0219	0.1863	0.1631	0.0233	0.0505	0.0487	0.0018	0.1358	0.1144	0.0214	0.8025	0.5461	0.2564	0.3527	0.3255	0.0272	0.4498	0.2207	0.2291	0.0002	0.0000	0.0005	0.0006	0.0000	0.0213	0.0001	0.0000	0.0004	0.0293	0.0028	0.0857	0.0047	0.0047	0.0039	0.0486	0.0000	0.0954
57	74	0.1726	7	0	1	0	0	0	0	0	0	N	N	N	N	N	N	N	N	N	N	N	N	2.8692	0.0079	289.9567	2.3987	0.0332	230836.8897	2.8587	0.0000	196.7498	2.1384	0.0082	17.6626	1.5996	0.0253	41.8233	2.3637	0.0000	15.2138	0.7453	1.0405	0.0609	0.6669	0.7628	0.0002	0.8269	1.5293	0.0773	296.5271	0.0252	0.4111	-0.3534	7.8198	7.0046	21.5823	18.1036	0.9167	0.0031	0.9136	0.2022	0.0031	0.1991	0.7145	0.0000	0.7145	0.5989	0.5841	0.0147	0.2731	0.2731	0.0000	0.3258	0.3110	0.0147	0.4287	0.3769	0.0517	0.1264	0.1216	0.0048	0.3023	0.2553	0.0470	0.8035	0.5614	0.2421	0.4096	0.3581	0.0515	0.3940	0.2034	0.1906	2.8692	0.0079	289.9567	2.3987	0.0332	230836.8897	2.8587	0.0000	196.7498	0.7453	1.0405	0.0609	0.6669	0.7628	0.0002	0.8269	1.5293	0.0773
57	75	0.1692	6	0	0	0	0	0	0	0	0	N	N	N	N	N	N	N	N	N	N	N	N	2.9160	2.7467	1.9795	7.3033	6.5692	13.7143	1.0214	0.8551	1.3716	0.0205	0.0219	0.0096	0.0497	0.0506	0.0236	0.0075	0.0073	0.0083	0.0070	0.0080	0.0049	0.0068	0.0077	0.0017	0.0073	0.0085	0.0060	0.0576	0.2694	-0.0002	-0.0004	7.8198	0.2435	21.5823	3.2922	0.0003	0.0003	0.0000	0.0003	0.0002	0.0000	0.0001	0.0001	0.0000	0.0011	0.0009	0.0002	0.0006	0.0006	0.0000	0.0005	0.0003	0.0002	0.0164	0.0145	0.0019	0.0051	0.0049	0.0002	0.0113	0.0096	0.0017	0.1543	0.1071	0.0472	0.0851	0.0723	0.0128	0.0693	0.0348	0.0345	2.9160	2.7467	1.9795	7.3033	6.5692	13.7143	1.0214	0.8551	1.3716	0.0070	0.0080	0.0049	0.0068	0.0077	0.0017	0.0073	0.0085	0.0060
57	76	0.1360	5	0	0	0	0	0	0	0	0	N	N	N	N	N	N	N	N	N	N	N	N	0.0019	0.0018	0.0000	0.0077	0.0074	0.0000	0.0000	0.0000	0.0000	0.0014	0.0016	0.0000	0.0051	0.0053	0.0000	0.0000	0.0000	0.0000	0.7190	0.8645	0.4491	0.6623	0.7167	0.0178	0.7627	1.1041	0.4953	0.0000	0.2801	-0.0003	-0.2751	7.8198	7.0044	21.5823	20.1113	0.0006	0.0006	0.0000	0.0006	0.0006	0.0000	0.0000	0.0000	0.0000	0.6947	0.5427	0.1520	0.2789	0.2783	0.0006	0.4158	0.2644	0.1514	0.4275	0.3743	0.0532	0.1156	0.1115	0.0041	0.3119	0.2628	0.0490	0.9663	0.6278	0.3385	0.4211	0.3883	0.0328	0.5452	0.2394	0.3057	0.0019	0.0018	0.0000	0.0077	0.0074	0.0000	0.0000	0.0000	0.0000	0.7190	0.8645	0.4491	0.6623	0.7167	0.0178	0.7627	1.1041	0.4953
57	77	0.1535	9	0	1	0	0	0	0	0	0	N	N	N	N	N	N	N	N	N	N	N	N	0.0014	0.0029	0.0031	0.0105	0.0067	0.0087	0.0000	0.0059	0.0000	0.0010	0.0002	0.0064	0.0044	0.0009	0.1238	0.0000	0.0000	0.0000	0.7068	0.0768	2.0237	0.4157	0.1302	14.2451	0.9404	0.0000	1.8801	4.1486	12.6015	0.0001	0.2153	7.8198	8.6571	21.5823	16.0761	0.0006	0.0001	0.0005	0.0006	0.0001	0.0005	0.0000	0.0000	0.0000	0.6907	0.0508	0.6399	0.1808	0.0508	0.1300	0.5099	0.0000	0.5098	0.5728	0.4991	0.0738	0.1331	0.1293	0.0038	0.4397	0.3697	0.0700	0.9772	0.6610	0.3162	0.4350	0.3900	0.0450	0.5422	0.2710	0.2712	0.0014	0.0029	0.0031	0.0105	0.0067	0.0428	0.0000	0.0059	0.0000	0.7068	0.0768	2.0237	0.4157	0.1302	2.8891	0.9404	0.0000	1.8801
57	78	0.1531	8	0	1	0	0	0	0	0	0	N	N	N	N	N	N	N	N	N	N	N	N	0.0002	0.0053	0.0000	0.0060	0.0066	0.0022	0.0000	0.0027	0.0000	0.0006	0.0008	0.0001	0.0015	0.0015	0.0015	0.0000	0.0000	0.0000	3.3581	0.1544	10.2033	0.2462	0.2251	0.6583	6.3088	0.0043	11.8330	0.0470	30.9298	-0.0000	0.2564	7.8198	0.3645	21.5823	1.9845	0.0000	0.0000	0.0000	0.0000	0.0000	0.0000	0.0000	0.0000	0.0000	0.7245	0.0227	0.7018	0.0259	0.0225	0.0034	0.6987	0.0002	0.6985	0.0484	0.0351	0.0132	0.0200	0.0191	0.0009	0.0283	0.0160	0.0123	0.2158	0.1470	0.0688	0.1050	0.0999	0.0051	0.1107	0.0471	0.0637	0.0002	0.0053	0.0000	0.0060	0.0066	0.0022	0.0000	0.0027	0.0000	3.3581	0.1544	10.2033	0.2462	0.2251	0.6583	6.3088	0.0043	10.9697
57	79	0.1436	7	0	0	0	0	0	0	0	0	N	N	N	N	N	N	N	N	N	N	N	N	0.0228	0.0273	0.0001	0.0500	0.0495	0.0010	0.0000	0.0001	0.0000	0.0022	0.0025	0.0000	0.0076	0.0078	0.0001	0.0000	0.0000	0.0000	0.0962	0.0915	0.1066	0.1511	0.1580	0.0748	0.0544	0.0010	0.1108	0.0005	0.5296	-0.0002	-0.0162	7.8198	2.9108	21.5823	14.2456	0.0004	0.0004	0.0000	0.0004	0.0004	0.0000	0.0000	0.0000	0.0000	0.0604	0.0395	0.0209	0.0410	0.0393	0.0017	0.0194	0.0002	0.0192	0.1953	0.1709	0.0244	0.0566	0.0546	0.0020	0.1387	0.1163	0.0224	0.6277	0.4315	0.1961	0.2713	0.2486	0.0227	0.3563	0.1829	0.1734	0.0228	0.0273	0.0001	0.0500	0.0495	0.0010	0.0000	0.0001	0.0000	0.0962	0.0915	0.1066	0.1511	0.1580	0.0748	0.0544	0.0010	0.1108
57	80	0.1385	6	0	0	0	0	0	0	0	0	N	N	N	N	N	N	N	N	N	N	N	N	0.0516	0.4038	0.0034	0.4772	0.8510	0.0063	0.0009	0.0000	0.0032	0.0067	0.0074	0.0013	0.0237	0.0245	0.0025	0.0002	0.0000	0.0012	0.1288	0.0184	0.3661	0.0497	0.0288	0.3943	0.1962	0.0003	0.3636	0.0243	9.2695	-0.0000	0.0156	7.8198	0.1009	21.5823	7.5203	0.0000	0.0000	0.0000	0.0000	0.0000	0.0000	0.0000	0.0000	0.0000	0.0541	0.0053	0.0488	0.0096	0.0052	0.0044	0.0445	0.0000	0.0444	0.0064	0.0056	0.0008	0.0018	0.0017	0.0001	0.0047	0.0039	0.0007	0.4197	0.2864	0.1333	0.1930	0.1819	0.0110	0.2267	0.1044	0.1222	0.0516	0.4038	0.0034	0.4772	0.8510	0.0063	0.0009	0.0000	0.0032	0.1288	0.0184	0.3661	0.0497	0.0288	0.3943	0.1962	0.0003	0.3636
57	81	0.1360	5	0	0	0	0	0	0	0	0	N	N	N	N	N	N	N	N	N	N	N	N	0.0215	0.1576	0.0000	0.3618	0.4177	0.0000	0.0000	0.0000	0.0000	0.0119	0.0136	0.0000	0.0438	0.0454	0.0000	0.0000	0.0000	0.0000	0.5534	0.0861	1.1977	0.1210	0.1087	0.4606	0.9399	0.0032	1.2278	0.0000	10.0883	-0.0000	0.0508	7.8198	0.0014	21.5823	3.7882	0.0000	0.0000	0.0000	0.0000	0.0000	0.0000	0.0000	0.0000	0.0000	0.1720	0.0155	0.1565	0.0177	0.0154	0.0024	0.1543	0.0001	0.1541	0.0001	0.0001	0.0000	0.0000	0.0000	0.0000	0.0001	0.0001	0.0000	0.3109	0.1802	0.1307	0.1467	0.1416	0.0051	0.1641	0.0386	0.1255	0.0215	0.1576	0.0000	0.3618	0.4177	0.0000	0.0000	0.0000	0.0000	0.5534	0.0861	1.1977	0.1210	0.1087	0.4606	0.9399	0.0032	1.2278
57	82	0.1517	8	0	1	0	0	0	0	0	0	N	N	N	N	N	N	N	N	N	N	N	N	0.0088	0.0066	0.5809	0.0262	0.0243	0.6505	0.0001	0.0000	0.6714	0.0053	0.0060	0.0002	0.0193	0.0200	0.0006	0.0000	0.0000	0.0002	0.6037	0.9064	0.0004	0.7361	0.8201	0.0010	0.4881	1.0523	0.0003	0.0050	0.0002	-0.0014	-0.4157	7.8198	7.9116	21.5823	21.1247	0.0026	0.0026	0.0000	0.0026	0.0026	0.0000	0.0000	0.0000	0.0000	0.6764	0.6763	0.0001	0.3844	0.3843	0.0001	0.2920	0.2919	0.0001	0.4850	0.4246	0.0604	0.1326	0.1279	0.0047	0.3523	0.2967	0.0556	1.1205	0.7461	0.3744	0.5222	0.4687	0.0535	0.5983	0.2774	0.3209	0.0088	0.0066	0.5809	0.0262	0.0243	0.6505	0.0001	0.0000	0.6714	0.6037	0.9064	0.0004	0.7361	0.8201	0.0010	0.4881	1.0523	0.0003
57	83	0.1696	9	1	1	0	0	0	0	0	0	N	N	N	N	N	N	N	N	N	N	N	N	0.0000	0.0000	0.0000	0.0000	0.0000	0.0000	0.0000	0.0000	0.0000	0.0000	0.0000	0.0000	0.0000	6.6776	9.9291	0.0000	13.5538	14.7143	0.0000	0.0000	0.0000	0.0000	0.0000	0.0000	-0.4827	7.8198	0.0000	21.5823	1.8333	0.0000	0.0000	0.0000	0.0000	0.0000	0.0000	0.0000	0.0000	0.0000	0.7852	0.7852	0.0000	0.7852	0.7852	0.0000	0.0000	0.0000	0.0000	0.0000	0.0000	0.0000	0.0000	0.0000	0.0000	0.0000	0.0000	0.0000	0.1176	0.0791	0.0385	0.0579	0.0534	0.0046	0.0597	0.0257	0.0339	0.0000	0.0000	0.0000	0.0000	0.0000	0.0000	0.0000	0.0000	0.0000	6.6776	9.9291	0.0000	13.5538	14.7143	0.0000	0.0000	0.0000	0.0000						
57	84	0.1517	8	1	1	0	0	0	0	0	0	N	N	N	N	N	N	N	N	N	N	N	N	0.8244	26.0121	0.0000	0.1152	0.1322	0.0000	0.6095	26224.3917	0.0000	2.3262	2.6574	0.0000	0.0201	0.0208	0.0000	3.1961	3.7965	0.0000	2.8219	0.1022	8.1428	0.1744	0.1575	0.3229	5.2438	0.0001	9.4598	0.0000	40.7417	-0.5465	0.8985	7.8198	6.9552	21.5823	13.1226	0.9969	0.9969	0.0000	0.0024	0.0024	0.0000	0.9945	0.9945	0.0000	2.4869	0.0596	2.4273	0.0734	0.0595	0.0139	2.4135	0.0000	2.4134	0.4285	0.3751	0.0534	0.1174	0.1132	0.0042	0.3112	0.2620	0.0492	0.8813	0.5832	0.2981	0.4210	0.3781	0.0430	0.4603	0.2051	0.2551	0.8244	26.0121	0.0000	0.1152	0.1322	0.0000	0.6095	26224.3917	0.0000	2.8219	0.1022	8.1428	0.1744	0.1575	0.3229	5.2438	0.0001	9.4598
57	85	0.1486	7	0	1	0	0	0	0	0	0	N	N	N	N	N	N	N	N	N	N	N	N	0.0366	0.0496	0.0049	0.0054	0.0049	0.0838	0.0521	5.4244	0.0041	0.0224	0.0253	0.0037	0.0034	0.0032	0.0097	0.0310	0.0370	0.0033	0.6122	0.5089	0.7632	0.6296	0.6550	0.1153	0.5959	0.0068	0.8016	0.0224	1.0258	-0.0003	-0.0359	7.8198	0.3374	21.5823	6.1146	0.0006	0.0006	0.0000	0.0000	0.0000	0.0000	0.0005	0.0005	0.0000	0.3314	0.1636	0.1678	0.1645	0.1631	0.0014	0.1669	0.0005	0.1664	0.0254	0.0221	0.0033	0.0079	0.0077	0.0002	0.0175	0.0144	0.0031	0.5414	0.3215	0.2199	0.2613	0.2490	0.0123	0.2801	0.0725	0.2076	0.0366	0.0496	0.0049	0.0054	0.0049	0.0838	0.0521	5.4244	0.0041	0.6122	0.5089	0.7632	0.6296	0.6550	0.1153	0.5959	0.0068	0.8016
57	86	0.1486	7	0	1	0	0	0	0	0	0	N	N	N	N	N	N	N	N	N	N	N	N	0.0016	0.0302	0.0000	0.0604	0.0667	0.0000	0.0000	0.0082	0.0000	0.0012	0.0013	0.0000	0.0043	0.0044	0.0000	0.0000	0.0000	0.0000	0.7508	0.0441	1.9898	0.0709	0.0665	0.1261	1.3194	0.0000	2.1802	0.0000	25.7571	-0.0004	0.2665	7.8198	11.0342	21.5823	12.7513	0.0008	0.0008	0.0000	0.0008	0.0008	0.0000	0.0000	0.0000	0.0000	0.7661	0.0286	0.7375	0.0330	0.0286	0.0043	0.7332	0.0000	0.7332	0.6663	0.5837	0.0826	0.1816	0.1752	0.0064	0.4847	0.4085	0.0762	1.0205	0.6498	0.3706	0.4648	0.4304	0.0344	0.5557	0.2194	0.3363	0.0016	0.0302	0.0000	0.0604	0.0667	0.0000	0.0000	0.0082	0.0000	0.7508	0.0441	1.9898	0.0709	0.0665	0.1261	1.3194	0.0000	2.1802
57	87	0.1410	6	0	1	0	0	0	0	0	0	N	N	N	N	N	N	N	N	N	N	N	N	0.0002	0.0034	0.0000	0.0040	0.0045	0.0000	0.0001	0.0066	0.0000	0.0001	0.0001	0.0000	0.0002	0.0002	0.0000	0.0001	0.0001	0.0000	0.5853	0.0314	1.6539	0.0483	0.0449	0.0814	1.0111	0.0102	1.8676	0.0023	27.3323	-0.0000	0.0758	7.8198	3.9739	21.5823	6.2820	0.0000	0.0000	0.0000	0.0000	0.0000	0.0000	0.0000	0.0000	0.0000	0.2166	0.0076	0.2089	0.0079	0.0067	0.0012	0.2087	0.0010	0.2077	0.2458	0.2151	0.0306	0.0666	0.0642	0.0024	0.1792	0.1509	0.0283	0.3700	0.2437	0.1263	0.1637	0.1486	0.0151	0.2064	0.0952	0.1112	0.0002	0.0034	0.0000	0.0040	0.0045	0.0000	0.0001	0.0066	0.0000	0.5853	0.0314	1.6539	0.0483	0.0449	0.0814	1.0111	0.0102	1.8676
57	88	0.1360	5	0	1	0	0	0	0	0	0	N	N	N	N	N	N	N	N	N	N	N	N	0.0000	0.0000	0.0000	0.0003	0.0003	0.0000	0.0000	0.0000	0.0000	0.0002	0.0002	0.0000	0.0006	0.0006	0.0000	0.0000	0.0000	0.0000	3.1777	5.3287	0.0110	1.7433	1.8230	0.0149	4.4195	15.5651	0.0108	0.0000	0.0014	-0.0000	-0.7166	7.8198	0.0056	21.5823	5.7021	0.0000	0.0000	0.0000	0.0000	0.0000	0.0000	0.0000	0.0000	0.0000	1.1684	1.1667	0.0016	0.2974	0.2973	0.0001	0.8709	0.8694	0.0015	0.0004	0.0003	0.0000	0.0001	0.0001	0.0000	0.0003	0.0002	0.0000	0.3677	0.2189	0.1487	0.1706	0.1631	0.0075	0.1971	0.0559	0.1412	0.0000	0.0000	0.0000	0.0003	0.0003	0.0000	0.0000	0.0000	0.0000	3.1777	5.3287	0.0110	1.7433	1.8230	0.0149	4.4195	15.5651	0.0108
57	89	0.1235	4	0	0	0	0	0	0	0	0	N	N	N	N	N	N	N	N	N	N	N	N	0.0001	0.0000	0.0017	0.0002	0.0001	0.0145	0.0001	0.0000	0.0016	0.0002	0.0000	0.0010	0.0000	0.0000	0.0004	0.0002	0.0000	0.0011	1.0717	1.3293	0.6124	0.1704	0.1828	0.0308	1.9531	4.1238	0.6856	40.4706	0.2584	0.0000	-0.4873	7.8198	1.3815	21.5823	12.3424	0.0000	0.0000	0.0000	0.0000	0.0000	0.0000	0.0000	0.0000	0.0000	1.1902	0.9458	0.2444	0.0936	0.0922	0.0014	1.0967	0.8536	0.2430	0.0927	0.0793	0.0135	0.0269	0.0258	0.0011	0.0659	0.0535	0.0124	1.1106	0.7115	0.3991	0.5491	0.5045	0.0446	0.5615	0.2070	0.3545	0.0001	0.0000	0.0017	0.0002	0.0001	0.0145	0.0001	0.0000	0.0016	1.0717	1.3293	0.6124	0.1704	0.1828	0.0308	1.9531	4.1238	0.6856
57	90	0.1234	3	0	0	0	0	0	0	0	0	N	N	N	N	N	N	N	N	N	N	N	N	0.0025	0.0018	0.0062	0.0051	0.0049	0.0150	0.0013	0.0000	0.0059	0.0008	0.0006	0.0017	0.0016	0.0016	0.0007	0.0004	0.0000	0.0018	0.3074	0.3233	0.2794	0.3106	0.3326	0.0498	0.3038	0.2946	0.3082	0.5921	0.4942	-0.0000	-0.0797	7.8198	0.6409	21.5823	5.0513	0.0000	0.0000	0.0000	0.0000	0.0000	0.0000	0.0000	0.0000	0.0000	0.2806	0.1878	0.0928	0.1478	0.1460	0.0018	0.1328	0.0418	0.0909	0.0467	0.0389	0.0078	0.0144	0.0138	0.0006	0.0323	0.0252	0.0071	0.9128	0.5807	0.3321	0.4758	0.4388	0.0370	0.4370	0.1420	0.2950	0.0025	0.0018	0.0062	0.0051	0.0049	0.0150	0.0013	0.0000	0.0059	0.3074	0.3233	0.2794	0.3106	0.3326	0.0498	0.3038	0.2946	0.3082
58	61	0.0950	8	1	2	1	0	0	0	0	0	N	Y	N	N	N	N	N	N	N	N	N	N	0.0003	8.3394	0.0000	0.0662	1241.7227	0.0000	0.0000	0.0000	0.0000	0.0002	0.0003	0.0000	0.0022	0.0022	0.0000	0.0000	0.0000	0.0000	0.8479	0.0000	2.2189	0.0328	0.0000	0.2719	1.2657	0.0001	2.4520	0.0000	42850.2957	-0.0000	0.0506	2.0055	4.0917	11.8091	8.0988	0.0000	0.0000	0.0000	0.0000	0.0000	0.0000	0.0000	0.0000	0.0000	0.1314	0.0000	0.1314	0.0017	0.0000	0.0017	0.1297	0.0000	0.1297	0.0438	0.0374	0.0063	0.0046	0.0045	0.0001	0.0392	0.0329	0.0062	0.1550	0.0958	0.0592	0.0525	0.0462	0.0063	0.1025	0.0496	0.0529	0.0003	8.3394	0.0000	0.0662	1241.7227	0.0000	0.0000	0.0000	0.0000	0.8479	0.0000	2.2189	0.0328	0.0000	0.2719	1.2657	0.0001	2.4520
58	62	0.0913	7	1	2	1	0	0	0	0	0	N	Y	N	N	N	N	N	N	N	N	N	N	0.0000	0.0000	0.0000	0.0000	0.0000	0.0000	0.0000	0.0000	0.0000	0.0005	0.0000	0.0032	0.0000	0.0000	0.0000	0.0005	0.0000	0.0032	12.1550	0.0502	64.0617	0.0195	0.0200	0.0158	15.3051	0.0714	65.1233	inf	406.8470	0.0000	0.3323	2.0055	2.1165	11.8091	5.0852	0.0000	0.0000	0.0000	0.0000	0.0000	0.0000	0.0000	0.0000	0.0000	0.8680	0.0021	0.8658	0.0004	0.0003	0.0000	0.8676	0.0018	0.8658	0.0202	0.0171	0.0031	0.0010	0.0010	0.0001	0.0192	0.0161	0.0031	0.0763	0.0424	0.0340	0.0196	0.0174	0.0022	0.0567	0.0249	0.0318	0.0000	0.0000	0.0001	0.0000	0.0000	0.0000	0.0000	0.0000	0.0001	11.3727	0.0502	25.4972	0.0195	0.0200	0.0158	15.3051	0.0714	27.2589
58	63	0.0295	3	2	1	2	0	0	0	0	0	Y	N	Y	N	N	N	N	N	N	N	N	N	0.0000	0.0001	0.0000	0.0019	0.0021	0.0000	0.0000	0.0000	0.0000	0.0000	0.0000	0.0000	0.0002	0.0002	0.0000	0.0000	0.0000	0.0000	15.6064	0.0242	100.1232	0.1087	0.0996	0.2386	18.2303	0.0001	96.7740	0.0000	1151.9053	-0.0000	0.7673	2.0055	3.9990	11.8091	8.8702	0.0000	0.0000	0.0000	0.0000	0.0000	0.0000	0.0000	0.0000	0.0000	1.9962	0.0017	1.9945	0.0020	0.0017	0.0003	1.9942	0.0000	1.9942	0.0377	0.0323	0.0054	0.0003	0.0003	0.0000	0.0374	0.0320	0.0053	0.1279	0.0716	0.0563	0.0185	0.0173	0.0012	0.1094	0.0543	0.0551	0.0000	0.0001	0.0000	0.0019	0.0021	0.0000	0.0000	0.0000	0.0000	15.6064	0.0242	35.4058	0.1087	0.0996	0.2386	18.2303	0.0001	36.1801
58	65	0.0989	8	1	2	1	0	0	0	0	0	N	Y	N	N	N	N	N	N	N	N	N	N	3.2078	2.3204	0.0000	1.2706	1.1995	0.0000	2.4912	1.4965	0.0000	6.8283	8.0414	0.0000	0.0052	0.0054	0.0000	7.3104	8.6853	0.0000	2.1287	3.4656	0.0002	0.0041	0.0045	0.0000	2.9345	5.8038	0.0002	0.0000	0.0000	-0.5470	-0.6139	2.0055	15.6632	11.8091	35.0639	0.9978	0.9978	0.0000	0.0000	0.0000	0.0000	0.9977	0.9977	0.0000	0.9987	0.9987	0.0000	0.0005	0.0005	0.0000	0.9982	0.9982	0.0000	0.1461	0.1241	0.0220	0.0096	0.0092	0.0004	0.1365	0.1149	0.0216	0.4692	0.2882	0.1810	0.1290	0.1162	0.0128	0.3402	0.1720	0.1682	3.2078	2.3204	0.0000	1.2706	1.1995	0.0000	2.4912	1.4965	0.0000	2.1287	3.4656	0.0002	0.0041	0.0045	0.0000	2.9345	5.8038	0.0002
58	66	0.0989	8	1	1	2	0	0	0	0	0	N	N	Y	N	N	N	N	N	N	N	N	N	0.0000	0.0000	0.0000	0.0000	0.0000	0.0000	0.0000	0.0000	0.0000	0.0000	0.0000	0.0000	0.0000	0.0002	0.0003	0.0000	0.0006	0.0006	0.0000	0.0000	0.0000	0.0000	0.0000	0.0000	-0.0000	2.0055	4.9998	11.8091	10.1184	0.0000	0.0000	0.0000	0.0000	0.0000	0.0000	0.0000	0.0000	0.0000	0.0000	0.0000	0.0000	0.0000	0.0000	0.0000	0.0000	0.0000	0.0000	0.0521	0.0444	0.0077	0.0050	0.0048	0.0002	0.0471	0.0396	0.0075	0.2393	0.1614	0.0780	0.0884	0.0824	0.0060	0.1510	0.0790	0.0720	0.0000	0.0000	0.0000	0.0000	0.0000	0.0000	0.0000	0.0000	0.0000	0.0002	0.0003	0.0000	0.0006	0.0006	0.0000	0.0000	0.0000	0.0000						
58	67	0.1033	10	1	2	1	0	0	0	0	0	N	Y	N	N	N	N	N	N	N	N	N	N	0.0116	0.0081	0.0000	45.4070	44.9052	0.0056	0.0031	0.0000	0.0444	0.0520	0.0000	0.2475	0.2714	0.0000	0.0308	0.0362	0.0000	3.8307	6.4113	0.0000	0.0055	0.0060	0.0000	5.4539	11.6462	0.0000	0.0000	0.0000	-0.0025	-0.6115	2.0055	10.9928	11.8091	18.5513	0.0045	0.0045	0.0000	0.0016	0.0016	0.0000	0.0029	0.0029	0.0000	0.9948	0.9948	0.0000	0.0004	0.0004	0.0000	0.9944	0.9944	0.0000	0.1010	0.0861	0.0149	0.0063	0.0058	0.0006	0.0946	0.0803	0.0143	0.2597	0.1552	0.1045	0.0774	0.0698	0.0076	0.1823	0.0854	0.0969	0.0116	0.0081	0.0000	45.4070	44.9052	0.0000	0.0056	0.0031	0.0000	3.8307	6.4113	0.0000	0.0055	0.0060	0.0000	5.4539	11.6462	0.0000	
58	68	0.1033	9	1	1	1	0	0	0	0	0	N	N	N	N	N	N	N	N	N	N	N	N	0.0033	0.0012	0.5029	0.0159	0.0079	22.5675	0.0000	0.0000	0.0000	0.0005	0.0003	0.0027	0.0016	0.0008	0.0931	0.0000	0.0000	0.0000	0.1567	0.2330	0.0054	0.0978	0.0995	0.0041	0.2056	0.5048	0.0055	1.0000	0.0117	-0.0000	-0.0043	2.0055	0.0861	11.8091	1.0715	0.0000	0.0000	0.0000	0.0000	0.0000	0.0000	0.0000	0.0000	0.0000	0.0071	0.0070	0.0001	0.0020	0.0020	0.0000	0.0051	0.0050	0.0001	0.0022	0.0020	0.0002	0.0007	0.0007	0.0000	0.0014	0.0012	0.0002	0.0451	0.0300	0.0151	0.0205	0.0201	0.0004	0.0247	0.0099	0.0148	0.0033	0.0012	0.5029	0.0159	0.0079	22.5675	0.0000	0.0000	0.0000	0.1567	0.2330	0.0054	0.0978	0.0995	0.0041	0.2056	0.5048	0.0055
58	69	0.0861	7	2	1	2	0	0	0	0	0	Y	N	Y	N	N	N	N	N	N	N	N	N	0.0000	0.0000	0.0000	0.0000	0.0000	0.0000	0.0000	0.0000	0.0000	0.0000	0.0000	0.0000	0.0000	0.0000	0.0000	0.0000	0.0000	0.0000	0.0000	0.0000	0.0000	0.0000	0.0000	0.0000	0.0000	0.0136	0.0000	-0.0000	2.0055	1.0000	11.8091	3.0001	0.0000	0.0000	0.0000	0.0000	0.0000	0.0000	0.0000	0.0000	0.0000	0.0000	0.0000	0.0000	0.0000	0.0000	0.0000	0.0000	0.0000	0.0000	0.0095	0.0079	0.0015	0.0004	0.0003	0.0000	0.0091	0.0076	0.0015	0.0353	0.0187	0.0165	0.0051	0.0045	0.0005	0.0302	0.0142	0.0160	0.0000	0.0000	0.0000	0.0000	0.0000	0.0000	0.0000	0.0000	0.0000	0.0000	0.0000	0.0000	0.0000	0.0000	0.0000	0.0000	0.0000	0.0000			
58	70	0.0861	6	2	1	2	0	0	0	0	0	Y	N	Y	N	N	N	N	N	N	N	N	N	0.0000	0.0000	0.0000	0.0000	0.0000	0.0000	0.0000	0.0000	0.0000	0.0000	0.0000	0.0000	0.0000	0.0000	0.0000	0.0000	0.0127	0.0112	0.0146	0.0159	0.0161	0.0000	0.0105	0.0000	0.0147	1.0000	0.0000	-0.0000	2.0055	0.0000	11.8091	0.0009	0.0000	0.0000	0.0000	0.0000	0.0000	0.0000	0.0000	0.0000	0.0000	0.0000	0.0000	0.0000	0.0000	0.0000	0.0000	0.0000	0.0000	0.0000	0.0000	0.0000	0.0000	0.0000	0.0000	0.0000	0.0000	0.0000	0.0000	0.0000	0.0000	0.0000	0.0000	0.0000	0.0000	0.0000	0.0000	0.0000	0.0000	0.0000	0.0000	0.0000	0.0000	0.0000	0.0000	0.0000	0.0000	0.0127	0.0112	0.0146	0.0159	0.0161	0.0000	0.0105	0.0000	0.0147			
58	71	0.0531	5	2	1	2	0	0	0	0	0	Y	N	Y	N	N	N	N	N	N	N	N	N	0.0000	0.0000	0.0000	0.0000	0.0000	0.0000	0.0000	0.0000	0.0000	0.0000	0.0000	0.0000	0.0000	0.0000	0.0000	0.0000	0.0000	0.0860	0.1650	0.0023	0.8694	0.9450	0.0000	0.0012	0.0000	0.0023	0.0130	0.0000	-0.0103	2.0055	9.9966	11.8091	12.9129	0.0000	0.0000	0.0000	0.0000	0.0000	0.0000	0.0000	0.0000	0.0000	0.0170	0.0168	0.0002	0.0168	0.0168	0.0000	0.0002	0.0000	0.0002	0.0927	0.0782	0.0145	0.0014	0.0013	0.0001	0.0913	0.0769	0.0144	0.1982	0.1019	0.0962	0.0193	0.0178	0.0015	0.1788	0.0841	0.0947	0.0000	0.0000	0.0000	0.0000	0.0000	0.0000	0.0000	0.0000	0.0000	0.0860	0.1650	0.0023	0.8694	0.9450	0.0000	0.0012	0.0000	0.0023		
58	72	0.0863	6	1	2	1	1	0	0	0	0	N	Y	N	N	N	N	N	N	N	N	N	N	0.0000	0.0000	0.0000	0.0000	0.0000	0.0000	0.0000	0.0000	0.0000	0.0000	0.0000	0.0000	0.0000	0.0000	0.0000	0.0000	0.0000	0.0000	2.5211	4.5682	0.0008	0.0031	0.0034	0.0010	3.0668	6.3352	0.0008	0.0001	0.0000	-0.6140	2.0055	13.0000	11.8091	39.1663	0.0000	0.0000	0.0000	0.0000	0.0000	0.0000	0.0000	0.0000	0.0000	0.9990	0.9989	0.0001	0.0002	0.0002	0.0000	0.9988	0.9987	0.0001	0.1187	0.1004	0.0183	0.0058	0.0055	0.0003	0.1129	0.0949	0.0179	0.3963	0.2187	0.1776	0.0706	0.0610	0.0096	0.3257	0.1576	0.1680	0.0000	0.0000	0.0000	0.0000	0.0000	0.0000	0.0000	0.0000	0.0000	2.5211	4.5682	0.0008	0.0031	0.0034	0.0010	3.0668	6.3352	0.0008	
58	73	0.0888	7	1	2	1	0	0	0	0	0	N	Y	N	N	N	N	N	N	N	N	N	N	0.0000	0.0000	0.0000	0.0000	0.0000	0.0000	0.0000	0.0000	0.0000	0.0000	0.0000	0.0000	0.0000	0.0000	0.0000	0.0000	0.0000	0.0001	0.0002	0.0000	0.0005	0.0005	0.0005	0.0000	0.0000	0.0000	0.1313	0.0000	-0.0000	2.0055	3.0003	11.8091	18.1082	0.0000	0.0000	0.0000	0.0000	0.0000	0.0000	0.0000	0.0000	0.0000	0.0000	0.0000	0.0000	0.0000	0.0000	0.0000	0.0000	0.0000	0.0000	0.0285	0.0241	0.0044	0.0014	0.0013	0.0001	0.0271	0.0228	0.0044	0.2043	0.1194	0.0849	0.0473	0.0429	0.0044	0.1570	0.0765	0.0805	0.0000	0.0000	0.0000	0.0000	0.0000	0.0000	0.0000	0.0000	0.0000	0.0001	0.0002	0.0000	0.0005	0.0005	0.0005	0.0000	0.0000	0.0000		
58	74	0.0497	4	1	2	1	0	0	0	0	0	N	Y	N	N	N	N	N	N	N	N	N	N	0.0000	0.0000	0.0000	0.0000	0.0000	0.0000	0.0000	0.0000	0.0000	0.0000	0.0000	0.0000	0.0000	0.0000	0.0000	0.0000	0.0000	0.0000	7.7510	7.2638	8.3085	0.0022	0.0013	0.0229	9.2358	10.2138	8.4285	0.9997	0.0000	-0.2294	2.0055	7.0046	11.8091	18.1036	0.0000	0.0000	0.0000	0.0000	0.0000	0.0000	0.0000	0.0000	0.0000	1.9975	0.9989	0.9986	0.0001	0.0001	0.0000	1.9974	0.9989	0.9986	0.0671	0.0568	0.0104	0.0017	0.0016	0.0001	0.0655	0.0552	0.0103	0.2577	0.1375	0.1202	0.0414	0.0397	0.0017	0.2163	0.0978	0.1185	0.0000	0.0000	0.0000	0.0000	0.0000	0.0000	0.0000	0.0000	0.0000	7.7510	7.2638	8.3085	0.0022	0.0013	0.0229	9.2358	10.2138	8.4285	
58	77	0.1038	10	1	2	1	0	0	0	0	0	N	Y	N	N	N	N	N	N	N	N	N	N	0.0000	0.0000	0.0000	0.0000	0.0000	0.0000	0.0000	0.0000	0.0000	0.0000	0.0000	0.0000	0.0000	0.0000	0.0000	0.0000	0.0000	0.0025	0.0041	0.0000	0.0084	0.0095	0.0000	0.0000	0.0000	0.0000	0.0000	0.0000	-0.0003	2.0055	8.6571	11.8091	16.0761	0.0000	0.0000	0.0000	0.0000	0.0000	0.0000	0.0000	0.0000	0.0000	0.0005	0.0005	0.0000	0.0005	0.0005	0.0000	0.0000	0.0000	0.0000	0.0804	0.0693	0.0111	0.0041	0.0039	0.0002	0.0763	0.0654	0.0109	0.2019	0.1208	0.0811	0.0594	0.0525	0.0069	0.1425	0.0684	0.0742	0.0000	0.0000	0.0000	0.0000	0.0000	0.0000	0.0000	0.0000	0.0000	0.0025	0.0041	0.0000	0.0084	0.0095	0.0000	0.0000	0.0000	0.0000		
58	78	0.1033	9	1	2	1	0	0	0	0	0	N	Y	N	N	N	N	N	N	N	N	N	N	0.0000	0.0000	0.0000	0.0000	0.0000	0.0000	0.0000	0.0000	0.0000	0.0000	0.0000	0.0000	0.0000	0.0000	0.0000	0.0000	0.0000	0.0000	0.0456	0.0695	0.0011	0.0870	0.0897	0.0001	0.0154	0.0354	0.0011	0.0083	0.0000	-0.0015	2.0055	0.3645	11.8091	1.9845	0.0000	0.0000	0.0000	0.0000	0.0000	0.0000	0.0000	0.0000	0.0000	0.0025	0.0025	0.0000	0.0020	0.0020	0.0000	0.0005	0.0005	0.0000	0.0048	0.0042	0.0006	0.0009	0.0008	0.0000	0.0039	0.0033	0.0006	0.0548	0.0357	0.0192	0.0231	0.0224	0.0007	0.0317	0.0133	0.0185	0.0000	0.0000	0.0000	0.0000	0.0000	0.0000	0.0000	0.0000	0.0000	0.0456	0.0695	0.0011	0.0870	0.0897	0.0001	0.0154	0.0354	0.0011	
58	79	0.0939	8	1	1	1	0	0	0	0	0	N	N	N	N	N	N	N	N	N	N	N	N	0.0014	0.0010	0.0000	0.1470	0.1340	0.0000	0.0000	0.0000	0.0000	0.0000	0.0000	0.0000	0.0002	0.0002	0.0000	0.0000	0.0000	0.0000	0.0129	0.0216	0.0008	0.0013	0.0014	0.0000	0.0170	0.0345	0.0008	0.0000	0.0249	-0.0000	-0.0012	2.0055	2.9108	11.8091	14.2456	0.0000	0.0000	0.0000	0.0000	0.0000	0.0000	0.0000	0.0000	0.0000	0.0021	0.0020	0.0001	0.0001	0.0001	0.0000	0.0020	0.0020	0.0001	0.0311	0.0266	0.0044	0.0030	0.0029	0.0001	0.0280	0.0237	0.0043	0.1593	0.0931	0.0661	0.0411	0.0364	0.0047	0.1182	0.0567	0.0614	0.0014	0.0010	0.0000	0.1470	0.1340	0.0000	0.0000	0.0000	0.0000	0.0129	0.0216	0.0008	0.0013	0.0014	0.0000	0.0170	0.0345	0.0008
58	80	0.0888	7	1	1	1	0	0	0	0	0	N	N	N	N	N	N	N	N	N	N	N	N	4.9846	3.8671	0.0000	24.9161	25.9342	0.0000	0.0000	0.0000	0.0000	0.0101	0.0119	0.0000	0.1681	0.1762	0.0000	0.0000	0.0000	0.0000	0.0020	0.0031	0.0003	0.0067	0.0068	0.0059	0.0000	0.0000	0.0000	0.0000	0.0523	-0.0000	-0.0001	2.0055	0.1009	11.8091	7.5203	0.0000	0.0000	0.0000	0.0000	0.0000	0.0000	0.0000	0.0000	0.0000	0.0002	0.0002	0.0000	0.0002	0.0002	0.0000	0.0000	0.0000	0.0000	0.0010	0.0008	0.0002	0.0001	0.0001	0.0000	0.0009	0.0008	0.0002	0.1017	0.0635	0.0383	0.0304	0.0287	0.0017	0.0713	0.0347	0.0366	4.9846	3.8671	0.0000	24.9161	25.9342	0.0000	0.0000	0.0000	0.0000	0.0020	0.0031	0.0003	0.0067	0.0068	0.0059	0.0000	0.0000	0.0000
58	81	0.0863	6	1	1	1	0	0	0	0	0	N	N	N	N	N	N	N	N	N	N	N	N	707.6661	0.0000	10078.5639	0.0000	0.0000	0.0000	698.6367	0.0000	9905.9470	0.7534	0.0000	4.8264	0.0000	0.0000	0.0000	0.7922	0.0000	4.9133	0.0011	0.0015	0.0005	0.0009	0.0009	0.0001	0.0011	0.0020	0.0005	inf	0.2346	0.0000	-0.0000	2.0055	0.0014	11.8091	3.7882	0.0000	0.0000	0.0000	0.0000	0.0000	0.0000	0.0000	0.0000	0.0000	0.0001	0.0000	0.0000	0.0000	0.0000	0.0000	0.0000	0.0000	0.0000	0.0000	0.0000	0.0000	0.0000	0.0000	0.0000	0.0000	0.0000	0.0000	0.0496	0.0287	0.0210	0.0144	0.0136	0.0008	0.0352	0.0151	0.0202	707.6661	0.0000	10078.5639	0.0000	0.0000	0.0000	698.6367	0.0000	9905.9470	0.0011	0.0015	0.0005	0.0009	0.0009	0.0001	0.0011	0.0020	0.0005
58	82	0.1019	9	1	2	1	0	0	0	0	0	N	Y	N	N	N	N	N	N	N	N	N	N	2.6402	1.9649	0.0000	8.6618	8.3842	0.0000	0.0000	0.0000	0.0000	0.0199	0.0234	0.0000	0.2267	0.2368	0.0000	0.0000	0.0000	0.0000	0.0075	0.0119	0.0010	0.0262	0.0282	0.0028	0.0005	0.0000	0.0009	0.0000	0.0555	-0.0009	-0.0013	2.0055	7.9116	11.8091	21.1247	0.0016	0.0016	0.0000	0.0016	0.0016	0.0000	0.0000	0.0000	0.0000	0.0023	0.0021	0.0001	0.0022	0.0021	0.0000	0.0001	0.0000	0.0001	0.0790	0.0671	0.0118	0.0069	0.0066	0.0003	0.0720	0.0605	0.0116	0.3010	0.1804	0.1206	0.0828	0.0760	0.0068	0.2183	0.1044	0.1139	2.6402	1.9649	0.0000	8.6618	8.3842	0.0000	0.0000	0.0000	0.0000	0.0075	0.0119	0.0010	0.0262	0.0282	0.0028	0.0005	0.0000	0.0009
58	83	0.1199	10	2	2	1	0	0	0	0	0	Y	Y	N	N	N	N	N	N	N	N	N	N	0.0000	0.0000	0.0000	0.0000	0.0000	0.0000	0.0000	0.0000	0.0000	0.0000	0.0000	0.0000	0.0000	47.2664	51.9504	0.0000	100.8652	107.8487	0.0000	0.0000	0.0000	0.0000	0.0000	0.0000	-0.5116	2.0055	0.0000	11.8091	1.8333	0.0000	0.0000	0.0000	0.0000	0.0000	0.0000	0.0000	0.0000	0.0000	0.8322	0.8322	0.0000	0.8322	0.8322	0.0000	0.0000	0.0000	0.0000	0.0000	0.0000	0.0000	0.0000	0.0000	0.0000	0.0000	0.0000	0.0000	0.0250	0.0160	0.0090	0.0083	0.0077	0.0005	0.0167	0.0083	0.0084	0.0000	0.0000	0.0000	0.0000	0.0000	0.0000	0.0000	0.0000	0.0000	33.3182	51.9504	0.0000	100.8652	107.8487	0.0000	0.0000	0.0000	0.0000						
58	84	0.1019	9	2	2	1	0	0	0	0	0	Y	Y	N	N	N	N	N	N	N	N	N	N	0.0000	0.0000	0.0000	0.0000	0.0000	0.0000	0.0000	0.0000	0.0000	0.0000	0.0000	0.0000	0.0000	0.0000	0.0000	0.0000	0.0000	0.0000	3.4758	0.0024	8.9287	0.0067	0.0052	0.0276	4.9648	0.0000	9.4217	inf	2391.5533	0.0000	0.3198	2.0055	6.9552	11.8091	13.1226	0.0000	0.0000	0.0000	0.0000	0.0000	0.0000	0.0000	0.0000	0.0000	0.8310	0.0003	0.8306	0.0005	0.0003	0.0001	0.8305	0.0000	0.8305	0.0704	0.0598	0.0105	0.0065	0.0062	0.0003	0.0639	0.0536	0.0103	0.2391	0.1461	0.0930	0.0718	0.0669	0.0049	0.1673	0.0791	0.0881	0.0000	0.0000	0.0000	0.0000	0.0000	0.0000	0.0000	0.0000	0.0000	3.4758	0.0024	8.9287	0.0067	0.0052	0.0276	4.9648	0.0000	9.4217
58	85	0.0989	8	1	2	1	0	0	0	0	0	N	Y	N	N	N	N	N	N	N	N	N	N	0.0011	0.0013	0.0000	0.0021	0.0021	0.0000	0.0000	0.0000	0.0000	0.0001	0.0001	0.0000	0.0002	0.0002	0.0000	0.0000	0.0000	0.0000	0.0537	0.0538	0.0536	0.0970	0.1020	0.0006	0.0335	0.0047	0.0557	0.0000	0.6665	-0.0000	-0.0011	2.0055	0.3374	11.8091	6.1146	0.0000	0.0000	0.0000	0.0000	0.0000	0.0000	0.0000	0.0000	0.0000	0.0050	0.0030	0.0020	0.0029	0.0029	0.0000	0.0021	0.0001	0.0020	0.0049	0.0042	0.0006	0.0015	0.0014	0.0001	0.0034	0.0028	0.0006	0.0930	0.0557	0.0373	0.0296	0.0281	0.0015	0.0635	0.0276	0.0358	0.0011	0.0013	0.0000	0.0021	0.0021	0.0000	0.0000	0.0000	0.0000	0.0537	0.0538	0.0536	0.0970	0.1020	0.0006	0.0335	0.0047	0.0557
58	86	0.0989	8	1	2	1	0	0	0	0	0	N	Y	N	N	N	N	N	N	N	N	N	N	0.0000	0.0000	0.0000	0.0000	0.0000	0.0000	0.0000	0.0000	0.0000	0.0000	0.0000	0.0000	0.0000	0.0000	0.0000	0.0000	0.0000	0.0000	4.4644	7.7969	0.0016	0.0019	0.0019	0.0018	5.8182	12.3175	0.0016	0.0002	0.0000	-0.6143	2.0055	11.0342	11.8091	12.7513	0.0000	0.0000	0.0000	0.0000	0.0000	0.0000	0.0000	0.0000	0.0000	0.9994	0.9993	0.0002	0.0001	0.0001	0.0000	0.9993	0.9992	0.0001	0.1029	0.0872	0.0158	0.0062	0.0058	0.0003	0.0968	0.0813	0.0154	0.2239	0.1282	0.0957	0.0521	0.0470	0.0051	0.1718	0.0811	0.0906	0.0000	0.0000	0.0000	0.0000	0.0000	0.0000	0.0000	0.0000	0.0000	4.4644	7.7969	0.0016	0.0019	0.0019	0.0018	5.8182	12.3175	0.0016	
58	87	0.0913	7	1	2	1	0	0	0	0	0	N	Y	N	N	N	N	N	N	N	N	N	N	0.0000	0.0000	0.0000	0.0000	0.0000	0.0000	0.0000	0.0000	0.0000	0.0000	0.0000	0.0000	0.0000	0.0000	0.0000	0.0000	0.0000	0.0000	0.0319	0.0545	0.0038	0.1146	0.1300	0.0003	0.0062	0.0089	0.0040	0.0556	0.0000	-0.0018	2.0055	3.9739	11.8091	6.2820	0.0000	0.0000	0.0000	0.0000	0.0000	0.0000	0.0000	0.0000	0.0000	0.0032	0.0030	0.0002	0.0027	0.0027	0.0000	0.0005	0.0003	0.0002	0.0376	0.0318	0.0058	0.0019	0.0018	0.0001	0.0358	0.0300	0.0057	0.1007	0.0558	0.0449	0.0238	0.0210	0.0028	0.0768	0.0348	0.0421	0.0000	0.0000	0.0000	0.0000	0.0000	0.0000	0.0000	0.0000	0.0000	0.0319	0.0545	0.0038	0.1146	0.1300	0.0003	0.0062	0.0089	0.0040	
58	88	0.0863	6	1	2	1	0	0	0	0	0	N	Y	N	N	N	N	N	N	N	N	N	N	0.0000	0.0000	0.0000	0.0000	0.0000	0.0000	0.0000	0.0000	0.0000	0.0000	0.0000	0.0000	0.0000	0.0000	0.0000	0.0000	0.0000	0.0000	0.0400	0.0006	0.0921	0.0001	0.0001	0.0001	0.0539	0.0009	0.0963	115.5110	0.0000	0.0010	2.0055	0.0056	11.8091	5.7021	0.0000	0.0000	0.0000	0.0000	0.0000	0.0000	0.0000	0.0000	0.0000	0.0026	0.0000	0.0026	0.0000	0.0000	0.0000	0.0026	0.0000	0.0026	0.0001	0.0000	0.0000	0.0000	0.0000	0.0000	0.0001	0.0000	0.0000	0.0652	0.0371	0.0280	0.0169	0.0157	0.0012	0.0482	0.0214	0.0268	0.0000	0.0000	0.0000	0.0000	0.0000	0.0000	0.0000	0.0000	0.0000	0.0400	0.0006	0.0921	0.0001	0.0001	0.0001	0.0539	0.0009	0.0963	
58	92	0.1747	10	1	1	1	0	0	0	0	0	N	N	N	N	N	N	N	N	N	N	N	N	0.0005	0.0005	0.0001	0.0020	0.0019	0.0006	0.0000	0.0000	0.0000	0.0009	0.0011	0.0001	0.0051	0.0054	0.0005	0.0000	0.0000	0.0000	1.7433	2.2918	0.6595	2.5996	2.8829	0.8080	1.0371	1.4490	0.6261	0.0077	0.1456	-0.0001	-0.4650	2.0055	24.8682	11.8091	39.8855	0.0002	0.0002	0.0000	0.0002	0.0002	0.0000	0.0000	0.0000	0.0000	0.9537	0.8324	0.1212	0.6428	0.6155	0.0273	0.3109	0.2170	0.0939	0.2549	0.2209	0.0340	0.0475	0.0447	0.0027	0.2075	0.1762	0.0313	0.5470	0.3632	0.1838	0.2473	0.2135	0.0338	0.2998	0.1497	0.1500	0.0005	0.0005	0.0001	0.0020	0.0019	0.0006	0.0000	0.0000	0.0000	1.7433	2.2918	0.6595	2.5996	2.8829	0.8080	1.0371	1.4490	0.6261
59	61	0.0777	7	1	1	1	0	0	0	0	0	N	N	N	N	N	N	N	N	N	N	N	N	0.0000	0.0000	0.0000	0.0006	0.0006	0.0000	0.0000	0.0000	0.0000	0.0000	0.0000	0.0000	0.0000	0.0000	0.0000	0.0000	0.0000	0.0000	0.0063	0.0080	0.0033	0.0016	0.0017	0.0004	0.0091	0.0145	0.0037	0.0000	0.2285	-0.0000	-0.0002	1.9951	4.0917	2.5667	8.0988	0.0000	0.0000	0.0000	0.0000	0.0000	0.0000	0.0000	0.0000	0.0000	0.0004	0.0003	0.0001	0.0000	0.0000	0.0000	0.0004	0.0003	0.0001	0.0434	0.0371	0.0063	0.0044	0.0043	0.0001	0.0390	0.0328	0.0062	0.0615	0.0396	0.0219	0.0226	0.0202	0.0024	0.0389	0.0194	0.0195	0.0000	0.0000	0.0000	0.0006	0.0006	0.0000	0.0000	0.0000	0.0000	0.0063	0.0080	0.0033	0.0016	0.0017	0.0004	0.0091	0.0145	0.0037
59	62	0.0739	6	1	1	1	0	0	0	0	0	N	N	N	N	N	N	N	N	N	N	N	N	0.0000	0.0000	0.0002	0.0011	0.0011	0.0000	0.0000	0.0000	0.0002	0.0000	0.0000	0.0000	0.0000	0.0000	0.0000	0.0000	0.0000	0.0000	0.0773	0.1007	0.0432	0.0268	0.0292	0.0003	0.0987	0.1612	0.0460	0.8981	0.2932	-0.0000	-0.0009	1.9951	2.1165	2.5667	5.0852	0.0000	0.0000	0.0000	0.0000	0.0000	0.0000	0.0000	0.0000	0.0000	0.0024	0.0018	0.0005	0.0002	0.0002	0.0000	0.0021	0.0016	0.0005	0.0201	0.0169	0.0031	0.0009	0.0009	0.0001	0.0191	0.0161	0.0031	0.0309	0.0183	0.0125	0.0092	0.0084	0.0008	0.0217	0.0099	0.0118	0.0000	0.0000	0.0002	0.0011	0.0011	0.0000	0.0000	0.0000	0.0002	0.0773	0.1007	0.0432	0.0268	0.0292	0.0003	0.0987	0.1612	0.0460
59	63	0.0122	2	2	0	2	0	0	0	0	0	Y	N	Y	N	N	N	N	N	N	N	N	N	0.0007	0.0004	0.0001	0.0828	0.0810	0.0000	0.0000	0.0000	0.0001	0.0008	0.0009	0.0000	0.2932	0.2935	0.0000	0.0000	0.0000	0.0000	1.1705	2.0757	0.0528	3.5403	3.6226	0.0005	0.0476	0.0363	0.0537	0.0007	0.0206	-0.0000	-0.0595	1.9951	3.9990	2.5667	8.8702	0.0000	0.0000	0.0000	0.0000	0.0000	0.0000	0.0000	0.0000	0.0000	0.1001	0.0980	0.0020	0.0973	0.0973	0.0000	0.0028	0.0007	0.0020	0.0374	0.0320	0.0053	0.0001	0.0001	0.0000	0.0373	0.0319	0.0053	0.0855	0.0472	0.0382	0.0275	0.0269	0.0006	0.0580	0.0204	0.0376	0.0007	0.0004	0.0001	0.0828	0.0810	0.0000	0.0000	0.0000	0.0001	1.1705	2.0757	0.0528	3.5403	3.6226	0.0005	0.0476	0.0363	0.0537
59	65	0.0815	7	1	1	1	0	0	0	0	0	N	N	N	N	N	N	N	N	N	N	N	N	0.0270	0.0275	0.0000	0.0010	0.0011	0.0003	0.0255	0.0222	0.0000	0.0003	0.0004	0.0000	0.0000	0.0000	0.0000	0.0004	0.0004	0.0000	0.0128	0.0148	0.0091	0.0092	0.0089	0.0139	0.0144	0.0196	0.0088	0.0000	0.3398	-0.0000	-0.0009	1.9951	15.6632	2.5667	35.0639	0.0000	0.0000	0.0000	0.0000	0.0000	0.0000	0.0000	0.0000	0.0000	0.0024	0.0018	0.0006	0.0006	0.0005	0.0001	0.0019	0.0013	0.0006	0.1449	0.1230	0.0219	0.0090	0.0086	0.0004	0.1359	0.1144	0.0215	0.1912	0.1234	0.0677	0.0602	0.0556	0.0046	0.1310	0.0679	0.0631	0.0270	0.0275	0.0000	0.0010	0.0011	0.0003	0.0255	0.0222	0.0000	0.0128	0.0148	0.0091	0.0092	0.0089	0.0139	0.0144	0.0196	0.0088
59	66	0.0815	7	1	0	2	0	0	0	0	0	N	N	Y	N	N	N	N	N	N	N	N	N	0.0000	0.0000	0.0000	0.0000	0.0000	0.0000	0.0000	0.0000	0.0000	0.0000	0.0000	0.0000	0.0000	0.0000	0.0000	0.0000	0.0211	0.0303	0.0007	0.0538	0.0574	0.0000	0.0004	0.0000	0.0008	0.0104	0.0000	-0.0012	1.9951	4.9998	2.5667	10.1184	0.0000	0.0000	0.0000	0.0000	0.0000	0.0000	0.0000	0.0000	0.0000	0.0019	0.0019	0.0000	0.0019	0.0019	0.0000	0.0000	0.0000	0.0000	0.0517	0.0441	0.0076	0.0048	0.0046	0.0001	0.0469	0.0395	0.0075	0.0921	0.0633	0.0288	0.0357	0.0335	0.0022	0.0565	0.0299	0.0266	0.0000	0.0000	0.0000	0.0000	0.0000	0.0000	0.0000	0.0000	0.0000	0.0211	0.0303	0.0007	0.0538	0.0574	0.0000	0.0004	0.0000	0.0008			
59	67	0.0860	9	1	1	1	0	0	0	0	0	N	N	N	N	N	N	N	N	N	N	N	N	9.9335	7.4238	0.0000	0.0009	0.0009	0.0000	534.2428	384.2156	0.0000	9.9591	11.6838	0.0000	0.0024	0.0026	0.0000	10.5818	12.4668	0.0000	1.0026	1.5738	0.0073	2.8187	3.0824	0.0000	0.0198	0.0324	0.0079	0.0000	0.0027	-0.5467	-0.0667	1.9951	10.9928	2.5667	18.5513	0.9972	0.9972	0.0000	0.0000	0.0000	0.0000	0.9972	0.9972	0.0000	0.1090	0.1087	0.0003	0.1076	0.1076	0.0000	0.0014	0.0011	0.0003	0.1001	0.0854	0.0148	0.0059	0.0054	0.0005	0.0942	0.0800	0.0142	0.1087	0.0690	0.0396	0.0382	0.0349	0.0033	0.0705	0.0342	0.0364	9.9335	7.4238	0.0000	0.0009	0.0009	0.0000	534.2428	384.2156	0.0000	1.0026	1.5738	0.0073	2.8187	3.0824	0.0000	0.0198	0.0324	0.0079
59	68	0.0860	8	1	0	1	0	0	0	0	0	N	N	N	N	N	N	N	N	N	N	N	N	0.0272	0.0385	0.0006	0.0202	0.0370	0.0013	0.2334	0.2546	0.0000	0.0005	0.0006	0.0000	0.0008	0.0008	0.0007	0.0004	0.0005	0.0000	0.0195	0.0151	0.0284	0.0395	0.0216	0.5038	0.0017	0.0018	0.0016	0.0032	0.9119	-0.0000	-0.0000	1.9951	0.0861	2.5667	1.0715	0.0000	0.0000	0.0000	0.0000	0.0000	0.0000	0.0000	0.0000	0.0000	0.0003	0.0002	0.0002	0.0003	0.0002	0.0001	0.0000	0.0000	0.0000	0.0022	0.0019	0.0002	0.0007	0.0007	0.0000	0.0014	0.0012	0.0002	0.0168	0.0113	0.0055	0.0079	0.0076	0.0003	0.0089	0.0037	0.0052	0.0272	0.0385	0.0006	0.0202	0.0370	0.0013	0.2334	0.2546	0.0000	0.0195	0.0151	0.0284	0.0395	0.0216	0.5038	0.0017	0.0018	0.0016
59	69	0.0687	6	2	0	2	0	0	0	0	0	Y	N	Y	N	N	N	N	N	N	N	N	N	0.0000	0.0000	0.0000	0.0000	0.0000	0.0000	0.0000	0.0000	0.0000	0.0000	0.0000	0.0000	0.0000	0.0000	0.0000	0.0000	0.0000	0.0000	0.0000	0.0000	0.0000	0.0000	0.0000	0.0000	0.0000	14.5369	0.0000	0.0000	1.9951	1.0000	2.5667	3.0001	0.0000	0.0000	0.0000	0.0000	0.0000	0.0000	0.0000	0.0000	0.0000	0.0000	0.0000	0.0000	0.0000	0.0000	0.0000	0.0000	0.0000	0.0000	0.0094	0.0079	0.0015	0.0003	0.0003	0.0000	0.0091	0.0076	0.0015	0.0150	0.0088	0.0062	0.0032	0.0031	0.0002	0.0118	0.0058	0.0060	0.0000	0.0000	0.0000	0.0000	0.0000	0.0000	0.0000	0.0000	0.0000	0.0000	0.0000	0.0000	0.0000	0.0000	0.0000	0.0000	0.0000	0.0000			
59	70	0.0687	5	2	0	2	0	0	0	0	0	Y	N	Y	N	N	N	N	N	N	N	N	N	0.0000	0.0000	0.0000	0.0000	0.0000	0.0000	0.0000	0.0000	0.0000	0.0000	0.0000	0.0000	0.0000	0.0000	0.0000	0.0000	0.0506	0.0435	0.0604	0.0623	0.0629	0.0000	0.0426	0.0000	0.0609	1.0000	0.0000	-0.0000	1.9951	0.0000	2.5667	0.0009	0.0000	0.0000	0.0000	0.0000	0.0000	0.0000	0.0000	0.0000	0.0000	0.0000	0.0000	0.0000	0.0000	0.0000	0.0000	0.0000	0.0000	0.0000	0.0000	0.0000	0.0000	0.0000	0.0000	0.0000	0.0000	0.0000	0.0000	0.0000	0.0000	0.0000	0.0000	0.0000	0.0000	0.0000	0.0000	0.0000	0.0000	0.0000	0.0000	0.0000	0.0000	0.0000	0.0000	0.0000	0.0000	0.0506	0.0435	0.0604	0.0623	0.0629	0.0000	0.0426	0.0000	0.0609			
59	71	0.0357	4	2	0	2	0	0	0	0	0	Y	N	Y	N	N	N	N	N	N	N	N	N	0.0004	0.0040	0.0000	0.0000	0.0000	0.0000	0.0003	inf	0.0000	0.0001	0.0001	0.0000	0.0000	0.0000	0.0000	0.0001	0.0001	0.0000	0.2958	0.0323	0.6386	0.1041	0.1080	0.0001	0.3366	0.0000	0.6482	0.0000	15.2026	-0.0000	0.0080	1.9951	9.9966	2.5667	12.9129	0.0000	0.0000	0.0000	0.0000	0.0000	0.0000	0.0000	0.0000	0.0000	0.0247	0.0015	0.0232	0.0015	0.0015	0.0000	0.0232	0.0000	0.0232	0.0919	0.0776	0.0144	0.0010	0.0010	0.0001	0.0909	0.0766	0.0143	0.0836	0.0473	0.0363	0.0147	0.0141	0.0005	0.0689	0.0331	0.0358	0.0004	0.0040	0.0000	0.0000	0.0000	0.0000	0.0003	inf	0.0000	0.2958	0.0323	0.6386	0.1041	0.1080	0.0001	0.3366	0.0000	0.6482
59	72	0.0689	5	1	1	1	1	0	0	0	0	N	N	N	N	N	N	N	N	N	N	N	N	0.0000	0.0000	0.0000	0.0000	0.0000	0.0000	0.0000	0.0000	0.0000	0.0000	0.0000	0.0000	0.0000	0.0000	0.0000	0.0000	0.0000	0.0000	0.0997	0.1268	0.0587	0.2805	0.3055	0.0031	0.0424	0.0233	0.0617	0.3069	0.0000	-0.0063	1.9951	13.0000	2.5667	39.1663	0.0000	0.0000	0.0000	0.0000	0.0000	0.0000	0.0000	0.0000	0.0000	0.0166	0.0127	0.0039	0.0112	0.0112	0.0000	0.0054	0.0015	0.0039	0.1177	0.0996	0.0182	0.0053	0.0050	0.0003	0.1124	0.0945	0.0179	0.1666	0.1002	0.0664	0.0401	0.0367	0.0033	0.1265	0.0634	0.0631	0.0000	0.0000	0.0000	0.0000	0.0000	0.0000	0.0000	0.0000	0.0000	0.0997	0.1268	0.0587	0.2805	0.3055	0.0031	0.0424	0.0233	0.0617	
59	73	0.0714	6	1	1	1	0	0	0	0	0	N	N	N	N	N	N	N	N	N	N	N	N	0.0000	0.0000	0.0000	0.0000	0.0000	0.0000	0.0000	0.0000	0.0000	0.0000	0.0000	0.0000	0.0000	0.0000	0.0000	0.0000	0.0000	0.0000	0.0252	0.0368	0.0061	0.0890	0.0883	0.0973	0.0005	0.0000	0.0010	0.1006	0.0000	-0.0011	1.9951	3.0003	2.5667	18.1082	0.0000	0.0000	0.0000	0.0000	0.0000	0.0000	0.0000	0.0000	0.0000	0.0021	0.0019	0.0002	0.0021	0.0019	0.0002	0.0000	0.0000	0.0000	0.0283	0.0239	0.0044	0.0013	0.0012	0.0001	0.0270	0.0227	0.0043	0.0835	0.0519	0.0316	0.0233	0.0216	0.0017	0.0602	0.0303	0.0299	0.0000	0.0000	0.0000	0.0000	0.0000	0.0000	0.0000	0.0000	0.0000	0.0252	0.0368	0.0061	0.0890	0.0883	0.0973	0.0005	0.0000	0.0010	
59	74	0.0323	3	1	1	1	0	0	0	0	0	N	N	N	N	N	N	N	N	N	N	N	N	0.0000	0.0000	0.0000	0.0015	0.0029	0.0000	0.0000	0.0000	0.0000	0.0000	0.0000	0.0000	0.0000	0.0000	0.0000	0.0000	0.0000	0.0000	0.0625	0.0105	0.1298	0.0103	0.0055	0.2369	0.0806	0.0146	0.1285	0.0000	9.4999	-0.0000	0.0022	1.9951	7.0046	2.5667	18.1036	0.0000	0.0000	0.0000	0.0000	0.0000	0.0000	0.0000	0.0000	0.0000	0.0076	0.0007	0.0069	0.0003	0.0002	0.0002	0.0073	0.0006	0.0068	0.0667	0.0564	0.0104	0.0015	0.0014	0.0000	0.0653	0.0549	0.0103	0.1224	0.0691	0.0533	0.0315	0.0308	0.0007	0.0909	0.0382	0.0526	0.0000	0.0000	0.0000	0.0015	0.0029	0.0000	0.0000	0.0000	0.0000	0.0625	0.0105	0.1298	0.0103	0.0055	0.2369	0.0806	0.0146	0.1285
59	77	0.0864	9	1	1	1	0	0	0	0	0	N	N	N	N	N	N	N	N	N	N	N	N	0.0000	0.0000	0.0000	0.0000	0.0000	0.0000	0.0000	0.0000	0.0000	0.0000	0.0000	0.0000	0.0000	0.0000	0.0000	0.0000	0.0000	0.0003	0.0004	0.0000	0.0008	0.0009	0.0000	0.0000	0.0000	0.0000	0.0002	0.0000	-0.0000	1.9951	8.6571	2.5667	16.0761	0.0000	0.0000	0.0000	0.0000	0.0000	0.0000	0.0000	0.0000	0.0000	0.0000	0.0000	0.0000	0.0000	0.0000	0.0000	0.0000	0.0000	0.0000	0.0798	0.0688	0.0111	0.0037	0.0035	0.0002	0.0761	0.0652	0.0109	0.0773	0.0485	0.0288	0.0246	0.0222	0.0024	0.0527	0.0263	0.0264	0.0000	0.0000	0.0000	0.0000	0.0000	0.0000	0.0000	0.0000	0.0000	0.0003	0.0004	0.0000	0.0008	0.0009	0.0000	0.0000	0.0000	0.0000		
59	78	0.0860	8	1	1	1	0	0	0	0	0	N	N	N	N	N	N	N	N	N	N	N	N	0.0000	0.0000	0.0000	0.0000	0.0000	0.0000	0.0000	0.0000	0.0000	0.0000	0.0000	0.0000	0.0000	0.0000	0.0000	0.0000	0.0000	0.0000	0.0002	0.0002	0.0001	0.0003	0.0003	0.0000	0.0001	0.0001	0.0001	0.3576	0.0000	-0.0000	1.9951	0.3645	2.5667	1.9845	0.0000	0.0000	0.0000	0.0000	0.0000	0.0000	0.0000	0.0000	0.0000	0.0000	0.0000	0.0000	0.0000	0.0000	0.0000	0.0000	0.0000	0.0000	0.0047	0.0042	0.0006	0.0008	0.0008	0.0000	0.0039	0.0033	0.0006	0.0210	0.0139	0.0070	0.0093	0.0089	0.0004	0.0117	0.0051	0.0066	0.0000	0.0000	0.0000	0.0000	0.0000	0.0000	0.0000	0.0000	0.0000	0.0002	0.0002	0.0001	0.0003	0.0003	0.0000	0.0001	0.0001	0.0001	
59	79	0.0765	7	1	0	1	0	0	0	0	0	N	N	N	N	N	N	N	N	N	N	N	N	0.0002	0.0002	0.0000	0.0000	0.0000	0.0000	0.0201	0.0123	0.0000	0.0000	0.0000	0.0000	0.0000	0.0000	0.0000	0.0000	0.0000	0.0000	0.0747	0.1193	0.0009	0.2342	0.2581	0.0096	0.0010	0.0019	0.0001	0.0000	0.0043	-0.0000	-0.0030	1.9951	2.9108	2.5667	14.2456	0.0000	0.0000	0.0000	0.0000	0.0000	0.0000	0.0000	0.0000	0.0000	0.0050	0.0049	0.0000	0.0049	0.0049	0.0000	0.0000	0.0000	0.0000	0.0308	0.0264	0.0044	0.0029	0.0028	0.0001	0.0279	0.0236	0.0043	0.0663	0.0414	0.0250	0.0210	0.0189	0.0020	0.0454	0.0224	0.0229	0.0002	0.0002	0.0000	0.0000	0.0000	0.0000	0.0201	0.0123	0.0000	0.0747	0.1193	0.0009	0.2342	0.2581	0.0096	0.0010	0.0019	0.0001
59	80	0.0714	6	1	0	1	0	0	0	0	0	N	N	N	N	N	N	N	N	N	N	N	N	0.0000	0.0000	0.0000	0.0001	0.0001	0.0000	0.0000	0.0000	0.0000	0.0000	0.0000	0.0000	0.0001	0.0001	0.0000	0.0000	0.0000	0.0000	0.2580	0.3973	0.0016	0.7675	0.8123	0.0035	0.0058	0.0100	0.0015	0.0000	0.0022	-0.0000	-0.0063	1.9951	0.1009	2.5667	7.5203	0.0000	0.0000	0.0000	0.0000	0.0000	0.0000	0.0000	0.0000	0.0000	0.0104	0.0103	0.0000	0.0102	0.0102	0.0000	0.0002	0.0001	0.0000	0.0010	0.0008	0.0002	0.0001	0.0001	0.0000	0.0009	0.0008	0.0001	0.0401	0.0260	0.0141	0.0133	0.0126	0.0007	0.0269	0.0135	0.0134	0.0000	0.0000	0.0000	0.0001	0.0001	0.0000	0.0000	0.0000	0.0000	0.2580	0.3973	0.0016	0.7675	0.8123	0.0035	0.0058	0.0100	0.0015
59	81	0.0689	5	1	0	1	0	0	0	0	0	N	N	N	N	N	N	N	N	N	N	N	N	0.0342	0.0000	3.9818	0.0000	0.0000	0.0000	1.2663	0.0000	17.7770	0.0003	0.0000	0.0020	0.0000	0.0000	0.0000	0.0003	0.0000	0.0021	0.0093	0.0150	0.0005	0.0288	0.0297	0.0107	0.0003	0.0004	0.0001	inf	0.0220	0.0000	-0.0001	1.9951	0.0014	2.5667	3.7882	0.0000	0.0000	0.0000	0.0000	0.0000	0.0000	0.0000	0.0000	0.0000	0.0002	0.0002	0.0000	0.0002	0.0002	0.0000	0.0000	0.0000	0.0000	0.0000	0.0000	0.0000	0.0000	0.0000	0.0000	0.0000	0.0000	0.0000	0.0194	0.0118	0.0076	0.0062	0.0059	0.0003	0.0132	0.0059	0.0073	0.0342	0.0000	3.9818	0.0000	0.0000	0.0000	1.2663	0.0000	17.7770	0.0093	0.0150	0.0005	0.0288	0.0297	0.0107	0.0003	0.0004	0.0001
59	82	0.0846	8	1	1	1	0	0	0	0	0	N	N	N	N	N	N	N	N	N	N	N	N	0.1649	0.0010	1.8883	0.0050	0.0049	0.0000	0.5780	0.0000	1.8431	0.0202	0.0002	0.1334	0.0015	0.0016	0.0000	0.0219	0.0000	0.1366	0.1223	0.1524	0.0706	0.3110	0.3313	0.0083	0.0379	0.0010	0.0741	153.7550	0.2697	0.0007	-0.0059	1.9951	7.9116	2.5667	21.1247	0.0016	0.0000	0.0016	0.0000	0.0000	0.0000	0.0016	0.0000	0.0016	0.0147	0.0116	0.0031	0.0116	0.0115	0.0000	0.0031	0.0000	0.0031	0.0783	0.0666	0.0118	0.0066	0.0063	0.0003	0.0717	0.0603	0.0115	0.1203	0.0760	0.0443	0.0372	0.0349	0.0023	0.0831	0.0412	0.0419	0.1649	0.0010	1.8883	0.0050	0.0049	0.0000	0.5780	0.0000	1.8431	0.1223	0.1524	0.0706	0.3110	0.3313	0.0083	0.0379	0.0010	0.0741
59	83	0.1026	9	2	1	1	0	0	0	0	0	Y	N	N	N	N	N	N	N	N	N	N	N	0.0000	0.0000	0.0000	0.0000	0.0000	0.0000	0.0000	0.0000	0.0000	0.0000	0.0000	0.0000	0.0000	0.0000	0.0000	0.0000	0.0000	0.1658	0.1876	0.1241	0.3593	0.3812	0.0000	0.0648	0.0000	0.1316	0.3453	0.0000	-0.0005	1.9951	0.0000	2.5667	1.8333	0.0000	0.0000	0.0000	0.0000	0.0000	0.0000	0.0000	0.0000	0.0000	0.0015	0.0011	0.0004	0.0011	0.0011	0.0000	0.0004	0.0000	0.0004	0.0000	0.0000	0.0000	0.0000	0.0000	0.0000	0.0000	0.0000	0.0000	0.0092	0.0060	0.0032	0.0032	0.0030	0.0002	0.0060	0.0031	0.0030	0.0000	0.0000	0.0000	0.0000	0.0000	0.0000	0.0000	0.0000	0.0000	0.1658	0.1876	0.1241	0.3593	0.3812	0.0000	0.0648	0.0000	0.1316		
59	84	0.0846	8	2	1	1	0	0	0	0	0	Y	N	N	N	N	N	N	N	N	N	N	N	0.2453	0.6013	0.0289	0.1148	0.1172	0.0000	0.2423	3.6848	0.0285	0.0042	0.0047	0.0010	0.0017	0.0017	0.0000	0.0044	0.0051	0.0010	0.0169	0.0078	0.0330	0.0144	0.0148	0.0091	0.0182	0.0014	0.0343	0.0357	2.3772	-0.0001	0.0001	1.9951	6.9552	2.5667	13.1226	0.0003	0.0003	0.0000	0.0000	0.0000	0.0000	0.0003	0.0003	0.0000	0.0016	0.0005	0.0011	0.0004	0.0004	0.0000	0.0011	0.0000	0.0011	0.0698	0.0593	0.0105	0.0062	0.0060	0.0003	0.0636	0.0534	0.0102	0.0937	0.0599	0.0338	0.0307	0.0290	0.0017	0.0630	0.0309	0.0321	0.2453	0.6013	0.0289	0.1148	0.1172	0.0000	0.2423	3.6848	0.0285	0.0169	0.0078	0.0330	0.0144	0.0148	0.0091	0.0182	0.0014	0.0343
59	85	0.0816	7	1	1	1	0	0	0	0	0	N	N	N	N	N	N	N	N	N	N	N	N	0.0035	0.0058	0.0069	0.0067	0.0068	0.0000	0.0028	0.7022	0.0075	0.0003	0.0002	0.0014	0.0004	0.0004	0.0000	0.0003	0.0001	0.0016	0.0952	0.0293	0.2028	0.0527	0.0548	0.0021	0.1176	0.0001	0.2103	1.2480	4.2335	0.0000	0.0007	1.9951	0.3374	2.5667	6.1146	0.0000	0.0000	0.0000	0.0000	0.0000	0.0000	0.0000	0.0000	0.0000	0.0035	0.0007	0.0029	0.0007	0.0007	0.0000	0.0029	0.0000	0.0029	0.0048	0.0042	0.0006	0.0014	0.0014	0.0001	0.0034	0.0028	0.0006	0.0371	0.0230	0.0141	0.0128	0.0123	0.0005	0.0243	0.0107	0.0136	0.0035	0.0058	0.0069	0.0067	0.0068	0.0000	0.0028	0.7022	0.0075	0.0952	0.0293	0.2028	0.0527	0.0548	0.0021	0.1176	0.0001	0.2103
59	86	0.0816	7	1	1	1	0	0	0	0	0	N	N	N	N	N	N	N	N	N	N	N	N	0.0003	0.0000	0.0035	0.0000	0.0000	0.0000	0.0005	0.0000	0.0035	0.0000	0.0000	0.0000	0.0000	0.0000	0.0000	0.0000	0.0000	0.0000	0.0176	0.0217	0.0112	0.0290	0.0307	0.0054	0.0131	0.0149	0.0115	204.4001	0.3289	0.0000	-0.0006	1.9951	11.0342	2.5667	12.7513	0.0000	0.0000	0.0000	0.0000	0.0000	0.0000	0.0000	0.0000	0.0000	0.0016	0.0012	0.0004	0.0008	0.0007	0.0000	0.0009	0.0005	0.0004	0.1021	0.0864	0.0157	0.0057	0.0054	0.0003	0.0964	0.0810	0.0154	0.0925	0.0565	0.0360	0.0260	0.0242	0.0018	0.0665	0.0323	0.0343	0.0003	0.0000	0.0035	0.0000	0.0000	0.0000	0.0005	0.0000	0.0035	0.0176	0.0217	0.0112	0.0290	0.0307	0.0054	0.0131	0.0149	0.0115
59	87	0.0739	6	1	1	1	0	0	0	0	0	N	N	N	N	N	N	N	N	N	N	N	N	0.0028	0.0000	0.0076	0.0001	0.0001	0.0000	0.0022	0.0012	0.0073	0.0003	0.0000	0.0016	0.0000	0.0000	0.0000	0.0003	0.0000	0.0016	0.0895	0.0064	0.2118	0.0136	0.0148	0.0010	0.1193	0.0001	0.2251	1951.0696	22.3265	0.0000	0.0013	1.9951	3.9739	2.5667	6.2820	0.0000	0.0000	0.0000	0.0000	0.0000	0.0000	0.0000	0.0000	0.0000	0.0037	0.0002	0.0035	0.0002	0.0002	0.0000	0.0035	0.0000	0.0035	0.0373	0.0315	0.0058	0.0017	0.0016	0.0001	0.0356	0.0299	0.0057	0.0411	0.0245	0.0166	0.0116	0.0106	0.0010	0.0295	0.0139	0.0157	0.0028	0.0000	0.0076	0.0001	0.0001	0.0000	0.0022	0.0012	0.0073	0.0895	0.0064	0.2118	0.0136	0.0148	0.0010	0.1193	0.0001	0.2251
59	88	0.0689	5	1	1	1	0	0	0	0	0	N	N	N	N	N	N	N	N	N	N	N	N	0.1543	0.0000	0.4793	0.0000	0.0000	0.0000	0.1260	0.0000	0.4884	0.0005	0.0000	0.0033	0.0000	0.0000	0.0000	0.0005	0.0000	0.0034	0.0034	0.0010	0.0069	0.0011	0.0007	0.0073	0.0043	0.0013	0.0069	inf	4.3536	0.0000	0.0000	1.9951	0.0056	2.5667	5.7021	0.0000	0.0000	0.0000	0.0000	0.0000	0.0000	0.0000	0.0000	0.0000	0.0001	0.0000	0.0001	0.0000	0.0000	0.0000	0.0001	0.0000	0.0001	0.0001	0.0000	0.0000	0.0000	0.0000	0.0000	0.0001	0.0000	0.0000	0.0259	0.0157	0.0102	0.0077	0.0072	0.0004	0.0183	0.0084	0.0098	0.1543	0.0000	0.4793	0.0000	0.0000	0.0000	0.1260	0.0000	0.4884	0.0034	0.0010	0.0069	0.0011	0.0007	0.0073	0.0043	0.0013	0.0069
59	92	0.1574	9	1	0	1	0	0	0	0	0	N	N	N	N	N	N	N	N	N	N	N	N	0.0015	0.0013	0.0001	0.0049	0.0049	0.0007	0.0002	0.0001	0.0001	0.0000	0.0000	0.0000	0.0000	0.0000	0.0000	0.0000	0.0000	0.0000	0.0056	0.0070	0.0025	0.0088	0.0093	0.0047	0.0029	0.0037	0.0020	0.0057	0.1648	-0.0000	-0.0005	1.9951	24.8682	2.5667	39.8855	0.0000	0.0000	0.0000	0.0000	0.0000	0.0000	0.0000	0.0000	0.0000	0.0011	0.0010	0.0002	0.0008	0.0008	0.0001	0.0003	0.0002	0.0001	0.2527	0.2189	0.0338	0.0460	0.0434	0.0026	0.2067	0.1755	0.0312	0.2038	0.1388	0.0649	0.0934	0.0818	0.0116	0.1104	0.0570	0.0534	0.0015	0.0013	0.0001	0.0049	0.0049	0.0007	0.0002	0.0001	0.0001	0.0056	0.0070	0.0025	0.0088	0.0093	0.0047	0.0029	0.0037	0.0020
60	61	0.0722	6	1	1	1	0	0	0	0	0	N	N	N	N	N	N	N	N	N	N	N	N	0.0000	0.0000	0.0000	0.0000	0.0000	0.0000	0.0000	0.0000	0.0000	0.0000	0.0000	0.0000	0.0000	0.0000	0.0000	0.0000	0.0000	0.0000	0.3812	0.5251	0.0004	0.1250	0.1690	0.0004	0.9270	1.3296	0.0005	0.0003	0.0000	-0.0420	0.0108	4.0917	3.6229	8.0988	0.0000	0.0000	0.0000	0.0000	0.0000	0.0000	0.0000	0.0000	0.0000	0.0684	0.0684	0.0000	0.0153	0.0153	0.0000	0.0531	0.0531	0.0000	0.0003	0.0003	0.0001	0.0001	0.0001	0.0000	0.0002	0.0002	0.0001	0.1794	0.1302	0.0492	0.1221	0.0903	0.0318	0.0573	0.0400	0.0174	0.0000	0.0000	0.0000	0.0000	0.0000	0.0000	0.0000	0.0000	0.0000	0.3812	0.5251	0.0004	0.1250	0.1690	0.0004	0.9270	1.3296	0.0005	
60	62	0.0685	5	1	1	1	0	0	0	0	0	N	N	N	N	N	N	N	N	N	N	N	N	0.0000	0.0000	0.0000	0.0000	0.0000	0.0000	0.0000	0.0000	0.0000	0.0000	0.0000	0.0000	0.0000	0.0000	0.0000	0.0000	0.0000	0.0000	10.0352	13.5401	0.0562	4.1433	4.8371	0.0298	15.8534	26.2809	0.0658	0.0016	0.0000	-0.2349	0.0108	2.1165	3.6229	5.0852	0.0000	0.0000	0.0000	0.0000	0.0000	0.0000	0.0000	0.0000	0.0000	0.3831	0.3825	0.0006	0.0813	0.0812	0.0001	0.3018	0.3013	0.0005	0.0002	0.0001	0.0000	0.0001	0.0001	0.0000	0.0001	0.0001	0.0000	0.0389	0.0282	0.0106	0.0196	0.0168	0.0028	0.0193	0.0115	0.0078	0.0000	0.0000	0.0000	0.0000	0.0000	0.0000	0.0000	0.0000	0.0000	9.8558	13.5401	0.0562	4.1433	4.8371	0.0298	15.6756	26.2809	0.0658	
60	65	0.0761	6	1	1	1	0	0	0	0	0	N	N	N	N	N	N	N	N	N	N	N	N	3.9139	3.4630	0.0000	0.8124	0.6938	0.0000	3.4354	2.6510	0.0000	0.4245	0.5074	0.0000	0.0491	0.0493	0.0000	0.6015	0.7893	0.0000	0.1085	0.1465	0.0007	0.0604	0.0711	0.0003	0.1751	0.2977	0.0009	0.0000	0.0016	-0.0003	-0.0127	0.0108	15.6632	3.6229	35.0639	0.0005	0.0005	0.0000	0.0000	0.0000	0.0000	0.0005	0.0005	0.0000	0.0208	0.0207	0.0000	0.0067	0.0067	0.0000	0.0140	0.0140	0.0000	0.0013	0.0011	0.0002	0.0004	0.0004	0.0000	0.0009	0.0007	0.0002	0.1915	0.1415	0.0500	0.1112	0.0944	0.0168	0.0802	0.0471	0.0331	3.9139	3.4630	0.0000	0.8124	0.6938	0.0000	3.4354	2.6510	0.0000	0.1085	0.1465	0.0007	0.0604	0.0711	0.0003	0.1751	0.2977	0.0009
60	66	0.0761	6	1	0	2	0	0	0	0	0	N	N	Y	N	N	N	N	N	N	N	N	N	0.0003	0.0004	0.0000	0.0008	0.0007	0.0000	0.0000	0.0000	0.0000	0.0000	0.0000	0.0000	0.0000	0.0000	0.0000	0.0000	0.0000	0.0499	0.0429	0.0702	0.0504	0.0619	0.0000	0.0491	0.0016	0.1272	0.0000	0.5669	-0.0000	-0.0013	0.0108	4.9998	3.6229	10.1184	0.0000	0.0000	0.0000	0.0000	0.0000	0.0000	0.0000	0.0000	0.0000	0.0052	0.0033	0.0019	0.0033	0.0033	0.0000	0.0019	0.0000	0.0019	0.0004	0.0003	0.0001	0.0001	0.0001	0.0000	0.0003	0.0002	0.0001	0.1041	0.0773	0.0268	0.0650	0.0530	0.0120	0.0391	0.0244	0.0148	0.0003	0.0004	0.0000	0.0008	0.0007	0.0000	0.0000	0.0000	0.0000	0.0499	0.0429	0.0702	0.0504	0.0619	0.0000	0.0491	0.0016	0.1272	
60	67	0.0806	8	1	1	1	0	0	0	0	0	N	N	N	N	N	N	N	N	N	N	N	N	1.0443	1.8704	0.0000	0.2913	0.2650	0.0000	1.4778	1594.2053	0.0000	1.7568	2.1020	0.0000	0.5299	0.5321	0.0000	2.3100	3.0252	0.0000	1.6824	1.1239	3.3928	1.8193	2.0082	0.0025	1.5631	0.0019	4.1273	0.0000	0.9857	-0.0009	-0.0229	0.0108	10.9928	3.6229	18.5513	0.0016	0.0016	0.0000	0.0001	0.0001	0.0000	0.0014	0.0014	0.0000	0.1935	0.0975	0.0961	0.0974	0.0974	0.0000	0.0961	0.0001	0.0960	0.0009	0.0008	0.0001	0.0003	0.0003	0.0000	0.0006	0.0005	0.0001	0.1150	0.0867	0.0283	0.0535	0.0485	0.0050	0.0615	0.0382	0.0233	1.0443	1.8704	0.0000	0.2913	0.2650	0.0000	1.4778	1594.2053	0.0000	1.6824	1.1239	3.3928	1.8193	2.0082	0.0025	1.5631	0.0019	4.1273
60	68	0.0806	7	1	0	1	0	0	0	0	0	N	N	N	N	N	N	N	N	N	N	N	N	0.3774	0.3329	0.6258	1.0840	0.5202	5459.2567	0.0000	0.0000	0.0000	0.0003	0.0002	0.0011	0.0010	0.0005	0.1296	0.0000	0.0000	0.0000	0.0009	0.0006	0.0017	0.0009	0.0009	0.0000	0.0008	0.0000	0.0019	1.0000	0.9919	-0.0000	-0.0000	0.0108	0.0861	3.6229	1.0715	0.0000	0.0000	0.0000	0.0000	0.0000	0.0000	0.0000	0.0000	0.0000	0.0000	0.0000	0.0000	0.0000	0.0000	0.0000	0.0000	0.0000	0.0000	0.0000	0.0000	0.0000	0.0000	0.0000	0.0000	0.0000	0.0000	0.0000	0.0103	0.0078	0.0025	0.0050	0.0048	0.0002	0.0053	0.0030	0.0023	0.3774	0.3329	0.6258	1.0840	0.5202	5459.2567	0.0000	0.0000	0.0000	0.0009	0.0006	0.0017	0.0009	0.0009	0.0000	0.0008	0.0000	0.0019
60	69	0.0633	5	2	0	2	0	0	0	0	0	Y	N	Y	N	N	N	N	N	N	N	N	N	0.0000	0.0000	0.0000	0.0000	0.0000	0.0000	0.0000	0.0000	0.0000	0.0000	0.0000	0.0000	0.0000	0.0000	0.0000	0.0000	0.0000	0.0000	0.0000	0.0000	0.0000	0.0000	0.0000	0.0000	0.0000	0.1666	0.0000	-0.0000	0.0108	1.0000	3.6229	3.0001	0.0000	0.0000	0.0000	0.0000	0.0000	0.0000	0.0000	0.0000	0.0000	0.0000	0.0000	0.0000	0.0000	0.0000	0.0000	0.0000	0.0000	0.0000	0.0001	0.0001	0.0000	0.0000	0.0000	0.0000	0.0001	0.0000	0.0000	0.0176	0.0131	0.0045	0.0078	0.0071	0.0007	0.0098	0.0060	0.0037	0.0000	0.0000	0.0000	0.0000	0.0000	0.0000	0.0000	0.0000	0.0000	0.0000	0.0000	0.0000	0.0000	0.0000	0.0000	0.0000	0.0000	0.0000			
60	70	0.0633	4	2	0	2	0	0	0	0	0	Y	N	Y	N	N	N	N	N	N	N	N	N	0.0000	0.0000	0.0000	0.0000	0.0000	0.0000	0.0000	0.0000	0.0000	0.0000	0.0000	0.0000	0.0000	0.0000	0.0000	0.0000	0.0031	0.0023	0.0049	0.0033	0.0035	0.0000	0.0029	0.0000	0.0053	1.0089	0.0000	-0.0000	0.0108	0.0000	3.6229	0.0009	0.0000	0.0000	0.0000	0.0000	0.0000	0.0000	0.0000	0.0000	0.0000	0.0000	0.0000	0.0000	0.0000	0.0000	0.0000	0.0000	0.0000	0.0000	0.0000	0.0000	0.0000	0.0000	0.0000	0.0000	0.0000	0.0000	0.0000	0.0000	0.0000	0.0000	0.0000	0.0000	0.0000	0.0000	0.0000	0.0000	0.0000	0.0000	0.0000	0.0000	0.0000	0.0000	0.0000	0.0000	0.0000	0.0031	0.0023	0.0049	0.0033	0.0035	0.0000	0.0029	0.0000	0.0053			
60	71	0.0303	3	2	0	2	0	0	0	0	0	Y	N	Y	N	N	N	N	N	N	N	N	N	162.4990	1170.3482	77.9048	5.9335	15.9028	0.0000	190.3664	inf	84.3999	3.2861	2.9235	5.1177	0.0804	0.0806	0.0000	4.6622	4.5147	5.1424	0.0202	0.0025	0.0657	0.0135	0.0051	0.0988	0.0245	0.0000	0.0609	0.3465	10.2511	-0.0008	0.0005	0.0108	9.9966	3.6229	12.9129	0.0027	0.0020	0.0007	0.0000	0.0000	0.0000	0.0027	0.0020	0.0007	0.0018	0.0002	0.0016	0.0005	0.0002	0.0003	0.0013	0.0000	0.0013	0.0008	0.0007	0.0001	0.0002	0.0002	0.0000	0.0006	0.0004	0.0001	0.0890	0.0641	0.0250	0.0347	0.0316	0.0031	0.0543	0.0325	0.0218	162.4990	1170.3482	77.9048	5.9335	15.9028	0.0000	190.3664	inf	84.3999	0.0202	0.0025	0.0657	0.0135	0.0051	0.0988	0.0245	0.0000	0.0609
60	72	0.0635	4	1	1	1	1	0	0	0	0	N	N	N	N	N	N	N	N	N	N	N	N	0.0000	0.0000	0.0000	0.0000	0.0000	0.0000	0.0000	0.0000	0.0000	0.0000	0.0000	0.0000	0.0000	0.0000	0.0000	0.0000	0.0000	0.0000	0.0552	0.0268	0.1370	0.0402	0.0433	0.0113	0.0670	0.0077	0.1628	1.7749	0.0000	0.0003	0.0108	13.0000	3.6229	39.1663	0.0000	0.0000	0.0000	0.0000	0.0000	0.0000	0.0000	0.0000	0.0000	0.0101	0.0036	0.0064	0.0032	0.0031	0.0001	0.0068	0.0005	0.0063	0.0011	0.0009	0.0002	0.0003	0.0003	0.0000	0.0007	0.0006	0.0002	0.1822	0.1353	0.0469	0.0804	0.0724	0.0080	0.1019	0.0629	0.0390	0.0000	0.0000	0.0000	0.0000	0.0000	0.0000	0.0000	0.0000	0.0000	0.0552	0.0268	0.1370	0.0402	0.0433	0.0113	0.0670	0.0077	0.1628	
60	73	0.0660	5	1	1	1	0	0	0	0	0	N	N	N	N	N	N	N	N	N	N	N	N	0.0000	0.0000	0.0000	0.0000	0.0000	0.0000	0.0000	0.0000	0.0000	0.0000	0.0000	0.0000	0.0000	0.0000	0.0000	0.0000	0.0000	0.0000	0.0223	0.0016	0.0836	0.0022	0.0024	0.0002	0.0390	0.0007	0.1003	17.1302	0.0000	0.0007	0.0108	3.0003	3.6229	18.1082	0.0000	0.0000	0.0000	0.0000	0.0000	0.0000	0.0000	0.0000	0.0000	0.0020	0.0001	0.0019	0.0001	0.0001	0.0000	0.0019	0.0000	0.0019	0.0003	0.0002	0.0000	0.0001	0.0001	0.0000	0.0002	0.0001	0.0000	0.0891	0.0666	0.0225	0.0405	0.0367	0.0038	0.0487	0.0299	0.0187	0.0000	0.0000	0.0000	0.0000	0.0000	0.0000	0.0000	0.0000	0.0000	0.0223	0.0016	0.0836	0.0022	0.0024	0.0002	0.0390	0.0007	0.1003	
60	74	0.0269	2	1	1	1	0	0	0	0	0	N	N	N	N	N	N	N	N	N	N	N	N	0.6385	78.7837	0.0000	113.5081	107.8198	0.0000	0.0000	0.0000	0.0000	5.3323	6.6791	0.0002	16.5948	16.6351	0.0000	0.0001	0.0000	0.0002	8.3509	0.0848	71.5516	0.1462	0.1543	0.0616	14.0005	0.0063	73.3210	0.0000	139.3259	-0.0019	0.3502	0.0108	7.0046	3.6229	18.1036	0.0035	0.0035	0.0000	0.0035	0.0035	0.0000	0.0000	0.0000	0.0000	0.9261	0.0066	0.9195	0.0066	0.0064	0.0002	0.9195	0.0002	0.9192	0.0007	0.0005	0.0001	0.0002	0.0002	0.0000	0.0004	0.0003	0.0001	0.1109	0.0778	0.0331	0.0452	0.0413	0.0039	0.0657	0.0366	0.0291	0.6385	78.7837	0.0000	113.5081	107.8198	0.0000	0.0000	0.0000	0.0000	8.3509	0.0848	27.8201	0.1462	0.1543	0.0616	14.0005	0.0063	31.5823
60	77	0.0810	8	1	1	1	0	0	0	0	0	N	N	N	N	N	N	N	N	N	N	N	N	211.7458	191.4387	0.0000	315.0198	287.2895	0.0000	0.0000	0.0000	0.0000	0.1336	0.1598	0.0000	0.4282	0.4300	0.0000	0.0000	0.0000	0.0000	0.0006	0.0008	0.0000	0.0014	0.0015	0.0000	0.0000	0.0000	0.0000	0.0000	0.0008	-0.0001	-0.0001	0.0108	8.6571	3.6229	16.0761	0.0001	0.0001	0.0000	0.0001	0.0001	0.0000	0.0000	0.0000	0.0000	0.0001	0.0001	0.0000	0.0001	0.0001	0.0000	0.0000	0.0000	0.0000	0.0010	0.0009	0.0002	0.0003	0.0003	0.0000	0.0007	0.0006	0.0002	0.1408	0.1064	0.0345	0.0653	0.0593	0.0060	0.0755	0.0471	0.0285	211.7458	191.4387	0.0000	315.0198	287.2895	0.0000	0.0000	0.0000	0.0000	0.0006	0.0008	0.0000	0.0014	0.0015	0.0000	0.0000	0.0000	0.0000
60	78	0.0806	7	1	1	1	0	0	0	0	0	N	N	N	N	N	N	N	N	N	N	N	N	0.4139	0.3088	0.7601	0.6946	0.4924	691.4801	0.2745	0.0000	0.4869	0.0003	0.0002	0.0010	0.0005	0.0004	0.0340	0.0002	0.0000	0.0007	0.0007	0.0005	0.0013	0.0008	0.0008	0.0000	0.0006	0.0000	0.0014	1.1905	0.8158	-0.0000	-0.0000	0.0108	0.3645	3.6229	1.9845	0.0000	0.0000	0.0000	0.0000	0.0000	0.0000	0.0000	0.0000	0.0000	0.0000	0.0000	0.0000	0.0000	0.0000	0.0000	0.0000	0.0000	0.0000	0.0000	0.0000	0.0000	0.0000	0.0000	0.0000	0.0000	0.0000	0.0000	0.0151	0.0114	0.0037	0.0073	0.0068	0.0005	0.0079	0.0046	0.0033	0.4139	0.3088	0.7601	0.6946	0.4924	691.4801	0.2745	0.0000	0.4869	0.0007	0.0005	0.0013	0.0008	0.0008	0.0000	0.0006	0.0000	0.0014
60	79	0.0711	6	1	0	1	0	0	0	0	0	N	N	N	N	N	N	N	N	N	N	N	N	0.0032	0.0031	0.0000	0.0049	0.0049	0.0000	0.0000	0.0000	0.0000	0.0000	0.0000	0.0000	0.0000	0.0000	0.0000	0.0000	0.0000	0.0000	0.0017	0.0020	0.0006	0.0033	0.0033	0.0031	0.0003	0.0004	0.0001	0.0000	0.1023	-0.0000	-0.0001	0.0108	2.9108	3.6229	14.2456	0.0000	0.0000	0.0000	0.0000	0.0000	0.0000	0.0000	0.0000	0.0000	0.0001	0.0001	0.0000	0.0001	0.0001	0.0000	0.0000	0.0000	0.0000	0.0003	0.0002	0.0000	0.0001	0.0001	0.0000	0.0002	0.0001	0.0000	0.0706	0.0530	0.0176	0.0325	0.0293	0.0032	0.0381	0.0237	0.0144	0.0032	0.0031	0.0000	0.0049	0.0049	0.0000	0.0000	0.0000	0.0000	0.0017	0.0020	0.0006	0.0033	0.0033	0.0031	0.0003	0.0004	0.0001
60	80	0.0660	5	1	0	1	0	0	0	0	0	N	N	N	N	N	N	N	N	N	N	N	N	0.0000	0.0000	0.0000	0.0000	0.0000	0.0000	0.0000	0.0000	0.0000	0.0000	0.0000	0.0000	0.0000	0.0000	0.0000	0.0000	0.0000	0.0000	0.0024	0.0029	0.0009	0.0040	0.0043	0.0005	0.0010	0.0011	0.0009	0.0994	0.0000	-0.0001	0.0108	0.1009	3.6229	7.5203	0.0000	0.0000	0.0000	0.0000	0.0000	0.0000	0.0000	0.0000	0.0000	0.0001	0.0001	0.0000	0.0001	0.0001	0.0000	0.0000	0.0000	0.0000	0.0000	0.0000	0.0000	0.0000	0.0000	0.0000	0.0000	0.0000	0.0000	0.0399	0.0298	0.0100	0.0185	0.0170	0.0015	0.0214	0.0128	0.0086	0.0000	0.0000	0.0000	0.0000	0.0000	0.0000	0.0000	0.0000	0.0000	0.0024	0.0029	0.0009	0.0040	0.0043	0.0005	0.0010	0.0011	0.0009	
60	81	0.0635	4	1	0	1	0	0	0	0	0	N	N	N	N	N	N	N	N	N	N	N	N	0.0000	0.0000	0.0000	0.0000	0.0000	0.0000	0.0000	0.0000	0.0000	0.0000	0.0000	0.0000	0.0000	0.0000	0.0000	0.0000	0.0000	0.0000	0.0090	0.0111	0.0037	0.0098	0.0101	0.0058	0.0083	0.0124	0.0034	0.1319	0.0000	-0.0001	0.0108	0.0014	3.6229	3.7882	0.0000	0.0000	0.0000	0.0000	0.0000	0.0000	0.0000	0.0000	0.0000	0.0002	0.0002	0.0000	0.0001	0.0001	0.0000	0.0001	0.0001	0.0000	0.0000	0.0000	0.0000	0.0000	0.0000	0.0000	0.0000	0.0000	0.0000	0.0204	0.0147	0.0057	0.0095	0.0087	0.0008	0.0109	0.0060	0.0050	0.0000	0.0000	0.0000	0.0000	0.0000	0.0000	0.0000	0.0000	0.0000	0.0090	0.0111	0.0037	0.0098	0.0101	0.0058	0.0083	0.0124	0.0034	
60	82	0.0792	7	1	1	1	0	0	0	0	0	N	N	N	N	N	N	N	N	N	N	N	N	0.3101	0.3439	0.0120	2.2580	7.2930	0.0000	0.0015	0.0000	0.0364	0.0033	0.0039	0.0001	0.0100	0.0101	0.0000	0.0000	0.0000	0.0001	0.0106	0.0114	0.0081	0.0044	0.0014	0.0325	0.0157	0.0234	0.0027	0.0050	0.2313	-0.0000	-0.0005	0.0108	7.9116	3.6229	21.1247	0.0000	0.0000	0.0000	0.0000	0.0000	0.0000	0.0000	0.0000	0.0000	0.0012	0.0010	0.0002	0.0002	0.0001	0.0002	0.0010	0.0009	0.0001	0.0007	0.0006	0.0001	0.0002	0.0002	0.0000	0.0005	0.0003	0.0001	0.1132	0.0853	0.0280	0.0514	0.0464	0.0050	0.0618	0.0389	0.0229	0.3101	0.3439	0.0120	2.2580	7.2930	0.0000	0.0015	0.0000	0.0364	0.0106	0.0114	0.0081	0.0044	0.0014	0.0325	0.0157	0.0234	0.0027
60	83	0.0971	8	2	1	1	0	0	0	0	0	Y	N	N	N	N	N	N	N	N	N	N	N	0.0000	0.0000	0.0000	0.0000	0.0000	0.0000	0.0000	0.0000	0.0000	0.0000	0.0000	0.0000	0.0000	0.0000	0.0000	0.0000	0.0000	0.2232	0.0421	0.7073	0.0877	0.0693	0.3271	0.3462	0.0000	0.7614	6.2912	0.0000	0.0007	0.0108	0.0000	3.6229	1.8333	0.0000	0.0000	0.0000	0.0000	0.0000	0.0000	0.0000	0.0000	0.0000	0.0028	0.0004	0.0025	0.0005	0.0004	0.0001	0.0023	0.0000	0.0023	0.0000	0.0000	0.0000	0.0000	0.0000	0.0000	0.0000	0.0000	0.0000	0.0128	0.0093	0.0035	0.0061	0.0056	0.0004	0.0067	0.0036	0.0030	0.0000	0.0000	0.0000	0.0000	0.0000	0.0000	0.0000	0.0000	0.0000	0.2232	0.0421	0.7073	0.0877	0.0693	0.3271	0.3462	0.0000	0.7614		
60	84	0.0792	7	2	1	1	0	0	0	0	0	Y	N	N	N	N	N	N	N	N	N	N	N	94.8083	0.5092	831.7029	1.5178	0.7127	324.5369	547.4404	0.0000	824.4251	3.4033	0.0202	20.0617	0.1027	0.0517	7.1813	5.0121	0.0000	20.2433	0.0359	0.0397	0.0241	0.0677	0.0725	0.0221	0.0092	0.0001	0.0246	201.4008	0.1975	0.0009	-0.0013	0.0108	6.9552	3.6229	13.1226	0.0020	0.0000	0.0020	0.0000	0.0000	0.0000	0.0020	0.0000	0.0020	0.0030	0.0025	0.0005	0.0026	0.0025	0.0001	0.0004	0.0000	0.0004	0.0006	0.0005	0.0001	0.0002	0.0002	0.0000	0.0004	0.0003	0.0001	0.0827	0.0624	0.0203	0.0378	0.0342	0.0036	0.0449	0.0282	0.0167	94.8083	0.5092	831.7029	1.5178	0.7127	324.5369	547.4404	0.0000	824.4251	0.0359	0.0397	0.0241	0.0677	0.0725	0.0221	0.0092	0.0001	0.0246
60	85	0.0761	6	1	1	1	0	0	0	0	0	N	N	N	N	N	N	N	N	N	N	N	N	2.7566	0.9956	4.5567	1.2325	1.4731	1.8733	2.6926	0.0000	4.2141	0.0651	0.0017	0.4196	0.0042	0.0036	0.0258	0.1105	0.0000	0.4542	0.0236	0.0018	0.0921	0.0034	0.0024	0.0138	0.0410	0.0009	0.1078	42.9334	16.7606	0.0000	0.0002	0.0108	0.3374	3.6229	6.1146	0.0000	0.0000	0.0000	0.0000	0.0000	0.0000	0.0000	0.0000	0.0000	0.0007	0.0000	0.0007	0.0000	0.0000	0.0000	0.0007	0.0000	0.0007	0.0000	0.0000	0.0000	0.0000	0.0000	0.0000	0.0000	0.0000	0.0000	0.0307	0.0233	0.0074	0.0142	0.0130	0.0012	0.0165	0.0103	0.0062	2.7566	0.9956	4.5567	1.2325	1.4731	1.8733	2.6926	0.0000	4.2141	0.0236	0.0018	0.0921	0.0034	0.0024	0.0138	0.0410	0.0009	0.1078
60	86	0.0761	6	1	1	1	0	0	0	0	0	N	N	N	N	N	N	N	N	N	N	N	N	0.0029	0.0029	0.0000	0.0052	0.0052	0.0000	0.0000	0.0000	0.0000	0.0000	0.0001	0.0000	0.0001	0.0001	0.0000	0.0000	0.0000	0.0000	0.0151	0.0185	0.0048	0.0259	0.0266	0.0198	0.0061	0.0088	0.0015	0.0050	0.0848	-0.0000	-0.0008	0.0108	11.0342	3.6229	12.7513	0.0000	0.0000	0.0000	0.0000	0.0000	0.0000	0.0000	0.0000	0.0000	0.0014	0.0013	0.0001	0.0011	0.0010	0.0001	0.0003	0.0003	0.0000	0.0009	0.0008	0.0001	0.0003	0.0003	0.0000	0.0006	0.0005	0.0001	0.0939	0.0707	0.0232	0.0427	0.0385	0.0042	0.0513	0.0322	0.0190	0.0029	0.0029	0.0000	0.0052	0.0052	0.0000	0.0000	0.0000	0.0000	0.0151	0.0185	0.0048	0.0259	0.0266	0.0198	0.0061	0.0088	0.0015
60	87	0.0685	5	1	1	1	0	0	0	0	0	N	N	N	N	N	N	N	N	N	N	N	N	0.0023	0.0000	0.3245	0.0000	0.0000	0.0000	0.0081	0.0000	0.4375	0.0001	0.0000	0.0007	0.0000	0.0000	0.0000	0.0002	0.0000	0.0007	0.0535	0.0723	0.0022	0.0864	0.0993	0.0040	0.0217	0.0348	0.0017	inf	0.0114	0.0000	-0.0016	0.0108	3.9739	3.6229	6.2820	0.0000	0.0000	0.0000	0.0000	0.0000	0.0000	0.0000	0.0000	0.0000	0.0027	0.0027	0.0000	0.0021	0.0021	0.0000	0.0006	0.0005	0.0000	0.0003	0.0003	0.0001	0.0001	0.0001	0.0000	0.0002	0.0002	0.0001	0.0504	0.0369	0.0135	0.0248	0.0214	0.0034	0.0256	0.0155	0.0102	0.0023	0.0000	0.3245	0.0000	0.0000	0.0000	0.0081	0.0000	0.4375	0.0535	0.0723	0.0022	0.0864	0.0993	0.0040	0.0217	0.0348	0.0017
60	88	0.0635	4	1	1	1	0	0	0	0	0	N	N	N	N	N	N	N	N	N	N	N	N	0.0000	0.0000	0.0000	0.0000	0.0000	0.0000	0.0000	0.0000	0.0000	0.0000	0.0000	0.0000	0.0000	0.0000	0.0000	0.0000	0.0000	0.0000	0.0982	0.1344	0.0017	0.0513	0.0560	0.0015	0.1382	0.2419	0.0017	0.0046	0.0000	-0.0017	0.0108	0.0056	3.6229	5.7021	0.0000	0.0000	0.0000	0.0000	0.0000	0.0000	0.0000	0.0000	0.0000	0.0027	0.0027	0.0000	0.0007	0.0007	0.0000	0.0021	0.0021	0.0000	0.0000	0.0000	0.0000	0.0000	0.0000	0.0000	0.0000	0.0000	0.0000	0.0280	0.0203	0.0076	0.0129	0.0118	0.0011	0.0151	0.0086	0.0065	0.0000	0.0000	0.0000	0.0000	0.0000	0.0000	0.0000	0.0000	0.0000	0.0982	0.1344	0.0017	0.0513	0.0560	0.0015	0.1382	0.2419	0.0017	
60	92	0.1519	8	1	0	1	0	0	0	0	0	N	N	N	N	N	N	N	N	N	N	N	N	33.0316	31.0131	0.0000	53.3629	52.2873	0.0000	2.2606	1.8359	0.0000	1.1679	1.3783	0.0000	2.2274	2.4161	0.0000	0.0566	0.0735	0.0000	0.0354	0.0444	0.0071	0.0417	0.0462	0.0109	0.0250	0.0401	0.0052	0.0000	0.0511	-0.0021	-0.0051	0.0108	24.8682	3.6229	39.8855	0.0037	0.0037	0.0000	0.0037	0.0037	0.0000	0.0001	0.0001	0.0000	0.0090	0.0086	0.0004	0.0066	0.0064	0.0002	0.0024	0.0022	0.0002	0.0032	0.0027	0.0005	0.0016	0.0015	0.0001	0.0016	0.0012	0.0004	0.2548	0.1929	0.0620	0.1575	0.1376	0.0200	0.0973	0.0553	0.0420	33.0316	31.0131	0.0000	53.3629	52.2873	0.0000	2.2606	1.8359	0.0000	0.0354	0.0444	0.0071	0.0417	0.0462	0.0109	0.0250	0.0401	0.0052
61	63	0.0844	6	1	1	1	0	0	0	0	0	N	N	N	N	N	N	N	N	N	N	N	N	0.0000	0.0000	0.0000	0.0000	0.0000	0.0000	0.0000	0.0000	0.0000	0.0000	0.0000	0.0000	0.0000	0.0000	0.0000	0.0000	0.0000	0.0000	0.5275	0.0002	1.6151	0.5778	0.0003	8.0418	0.4643	0.0000	1.0507	4034.7035	0.0000	0.0527	4.0917	3.9990	8.0988	8.8702	0.0000	0.0000	0.0000	0.0000	0.0000	0.0000	0.0000	0.0000	0.0000	0.1368	0.0000	0.1368	0.0835	0.0000	0.0834	0.0533	0.0000	0.0533	0.0771	0.0666	0.0105	0.0057	0.0055	0.0003	0.0714	0.0611	0.0103	0.2593	0.1746	0.0847	0.1445	0.1106	0.0339	0.1148	0.0641	0.0507	0.0000	0.0000	0.0000	0.0000	0.0000	0.0000	0.0000	0.0000	0.0000	0.5275	0.0002	1.6151	0.5778	0.0003	2.4592	0.4643	0.0000	1.0507	
61	64	0.0642	5	1	1	1	0	0	0	0	0	N	N	N	N	N	N	N	N	N	N	N	N	0.0000	0.0000	0.0000	0.0000	0.0000	0.0000	0.0000	0.0000	0.0000	0.0000	0.0000	0.0000	0.0000	0.0000	0.0000	0.0000	0.0000	0.0000	0.6195	0.8445	0.2361	0.0259	0.0238	0.0617	0.9231	1.6883	0.2455	0.1640	0.0000	-0.0458	4.0917	3.9972	8.0988	6.8232	0.0000	0.0000	0.0000	0.0000	0.0000	0.0000	0.0000	0.0000	0.0000	0.0968	0.0831	0.0136	0.0014	0.0012	0.0002	0.0954	0.0819	0.0135	0.0899	0.0773	0.0127	0.0100	0.0099	0.0002	0.0799	0.0674	0.0125	0.1562	0.0984	0.0577	0.0528	0.0499	0.0029	0.1033	0.0485	0.0548	0.0000	0.0000	0.0000	0.0000	0.0000	0.0000	0.0000	0.0000	0.0000	0.6195	0.8445	0.2361	0.0259	0.0238	0.0617	0.9231	1.6883	0.2455	
61	65	0.0403	5	0	2	0	0	0	0	0	0	N	Y	N	N	N	N	N	N	N	N	N	N	0.0000	0.0000	0.0000	0.0000	0.0000	0.0000	0.0000	0.0000	0.0000	0.0000	0.0000	0.0000	0.0000	0.0000	0.0000	0.0000	0.0000	0.0000	0.0178	0.0106	0.0296	0.0025	0.0013	0.0333	0.0245	0.0189	0.0295	1.7111	0.0000	0.0002	4.0917	15.6632	8.0988	35.0639	0.0000	0.0000	0.0000	0.0000	0.0000	0.0000	0.0000	0.0000	0.0000	0.0120	0.0044	0.0076	0.0005	0.0003	0.0002	0.0115	0.0042	0.0074	0.3330	0.2842	0.0488	0.0256	0.0254	0.0002	0.3074	0.2588	0.0486	0.6756	0.4189	0.2568	0.2054	0.1981	0.0073	0.4702	0.2208	0.2494	0.0000	0.0000	0.0000	0.0000	0.0000	0.0000	0.0000	0.0000	0.0000	0.0178	0.0106	0.0296	0.0025	0.0013	0.0333	0.0245	0.0189	0.0295	
61	66	0.0403	5	0	1	1	0	0	0	0	0	N	N	N	N	N	N	N	N	N	N	N	N	0.0000	0.0000	0.0000	0.0000	0.0000	0.0000	0.0000	0.0000	0.0000	0.0000	0.0000	0.0000	0.0000	0.0000	0.0000	0.0000	0.0000	0.0046	0.0009	0.0110	0.0015	0.0015	0.0000	0.0066	0.0000	0.0114	6.9669	0.0000	0.0004	4.0917	4.9998	8.0988	10.1184	0.0000	0.0000	0.0000	0.0000	0.0000	0.0000	0.0000	0.0000	0.0000	0.0017	0.0002	0.0015	0.0002	0.0002	0.0000	0.0015	0.0000	0.0015	0.1178	0.1009	0.0169	0.0121	0.0120	0.0001	0.1057	0.0889	0.0168	0.3708	0.2343	0.1365	0.1451	0.1400	0.0051	0.2257	0.0943	0.1314	0.0000	0.0000	0.0000	0.0000	0.0000	0.0000	0.0000	0.0000	0.0000	0.0046	0.0009	0.0110	0.0015	0.0015	0.0000	0.0066	0.0000	0.0114		
61	67	0.0447	7	0	2	0	0	0	0	0	0	N	Y	N	N	N	N	N	N	N	N	N	N	0.0000	0.0000	0.0000	0.0001	0.0001	0.0000	0.0000	0.0000	0.0000	0.0000	0.0000	0.0000	0.0000	0.0000	0.0000	0.0000	0.0000	0.3810	0.6137	0.0000	0.0160	0.0170	0.0000	0.5485	1.1626	0.0000	0.0000	0.0000	-0.0000	-0.0804	4.0917	10.9928	8.0988	18.5513	0.0000	0.0000	0.0000	0.0000	0.0000	0.0000	0.0000	0.0000	0.0000	0.1308	0.1308	0.0000	0.0017	0.0017	0.0000	0.1291	0.1291	0.0000	0.2306	0.1981	0.0326	0.0228	0.0218	0.0010	0.2079	0.1762	0.0316	0.3434	0.2132	0.1302	0.1080	0.1022	0.0059	0.2354	0.1110	0.1243	0.0000	0.0000	0.0000	0.0001	0.0001	0.0000	0.0000	0.0000	0.0000	0.3810	0.6137	0.0000	0.0160	0.0170	0.0000	0.5485	1.1626	0.0000	
61	68	0.0447	6	0	1	0	0	0	0	0	0	N	N	N	N	N	N	N	N	N	N	N	N	0.0005	0.0002	0.0413	0.0023	0.0012	8.0509	0.0000	0.0000	0.0000	0.0000	0.0000	0.0001	0.0000	0.0000	0.0023	0.0000	0.0000	0.0000	0.0203	0.0304	0.0013	0.0132	0.0136	0.0003	0.0260	0.0646	0.0013	0.9747	0.0222	-0.0000	-0.0006	4.0917	0.0861	8.0988	1.0715	0.0000	0.0000	0.0000	0.0000	0.0000	0.0000	0.0000	0.0000	0.0000	0.0009	0.0009	0.0000	0.0003	0.0003	0.0000	0.0007	0.0007	0.0000	0.0045	0.0041	0.0004	0.0015	0.0015	0.0000	0.0030	0.0026	0.0004	0.0469	0.0306	0.0163	0.0211	0.0205	0.0006	0.0258	0.0101	0.0157	0.0005	0.0002	0.0413	0.0023	0.0012	8.0509	0.0000	0.0000	0.0000	0.0203	0.0304	0.0013	0.0132	0.0136	0.0003	0.0260	0.0646	0.0013
61	69	0.0938	6	1	1	1	0	0	0	0	0	N	N	N	N	N	N	N	N	N	N	N	N	0.0000	0.0000	0.0000	0.0000	0.0000	0.0000	0.0000	0.0000	0.0000	0.0000	0.0000	0.0000	0.0000	0.0000	0.0000	0.0000	0.0000	0.0000	0.0000	0.0000	0.0000	0.0000	0.1333	0.0000	-0.0000	4.0917	1.0000	8.0988	3.0001	0.0000	0.0000	0.0000	0.0000	0.0000	0.0000	0.0000	0.0000	0.0000	0.0000	0.0000	0.0000	0.0000	0.0000	0.0000	0.0000	0.0000	0.0000	0.0218	0.0186	0.0032	0.0029	0.0028	0.0001	0.0190	0.0159	0.0031	0.0469	0.0298	0.0171	0.0154	0.0145	0.0009	0.0315	0.0153	0.0162	0.0000	0.0000	0.0000	0.0000	0.0000	0.0000	0.0000	0.0000	0.0000	0.0000	0.0000	0.0000	0.0000	0.0000	0.0000	0.0000	0.0000	0.0000						
61	70	0.0938	5	1	1	1	0	0	0	0	0	N	N	N	N	N	N	N	N	N	N	N	N	0.0000	0.0000	0.0000	0.0000	0.0000	0.0000	0.0000	0.0000	0.0000	0.0000	0.0000	0.0000	0.0000	0.0000	0.0000	0.0000	0.0002	0.0002	0.0003	0.0003	0.0003	0.0000	0.0002	0.0000	0.0003	1.0000	0.0000	-0.0000	4.0917	0.0000	8.0988	0.0009	0.0000	0.0000	0.0000	0.0000	0.0000	0.0000	0.0000	0.0000	0.0000	0.0000	0.0000	0.0000	0.0000	0.0000	0.0000	0.0000	0.0000	0.0000	0.0000	0.0000	0.0000	0.0000	0.0000	0.0000	0.0000	0.0000	0.0000	0.0000	0.0000	0.0000	0.0000	0.0000	0.0000	0.0000	0.0000	0.0000	0.0000	0.0000	0.0000	0.0000	0.0000	0.0000	0.0000	0.0000	0.0000	0.0002	0.0002	0.0003	0.0003	0.0003	0.0000	0.0002	0.0000	0.0003			
61	71	0.0608	4	1	1	1	0	0	0	0	0	N	N	N	N	N	N	N	N	N	N	N	N	0.0000	0.0000	0.0000	0.0000	0.0000	0.0000	0.0000	0.0000	0.0000	0.0000	0.0000	0.0000	0.0000	0.0002	0.0004	0.0000	0.0008	0.0009	0.0000	0.0000	0.0000	0.0000	0.0000	0.0000	-0.0000	4.0917	9.9966	8.0988	12.9129	0.0000	0.0000	0.0000	0.0000	0.0000	0.0000	0.0000	0.0000	0.0000	0.0001	0.0001	0.0000	0.0001	0.0001	0.0000	0.0000	0.0000	0.0000	0.2105	0.1802	0.0303	0.0199	0.0195	0.0004	0.1906	0.1607	0.0299	0.2539	0.1550	0.0989	0.0725	0.0683	0.0041	0.1814	0.0867	0.0947	0.0000	0.0000	0.0000	0.0000	0.0000	0.0000	0.0000	0.0000	0.0000	0.0002	0.0004	0.0000	0.0008	0.0009	0.0000	0.0000	0.0000	0.0000						
61	72	0.0276	3	0	2	0	1	0	0	0	0	N	Y	N	N	N	N	N	N	N	N	N	N	0.0000	0.0000	0.0000	0.0000	0.0000	0.0000	0.0000	0.0000	0.0000	0.0000	0.0000	0.0000	0.0000	0.0000	0.0000	0.0000	0.5206	0.0128	1.2009	0.0252	0.0255	0.0000	0.7244	0.0000	1.2119	69.9372	0.0000	0.1376	4.0917	13.0000	8.0988	39.1663	0.0000	0.0000	0.0000	0.0000	0.0000	0.0000	0.0000	0.0000	0.0000	0.3707	0.0052	0.3655	0.0052	0.0052	0.0000	0.3655	0.0000	0.3655	0.2714	0.2310	0.0405	0.0169	0.0169	0.0001	0.2545	0.2141	0.0404	0.7121	0.4077	0.3044	0.2075	0.2048	0.0028	0.5046	0.2030	0.3016	0.0000	0.0000	0.0000	0.0000	0.0000	0.0000	0.0000	0.0000	0.0000	0.5206	0.0128	1.2009	0.0252	0.0255	0.0000	0.7244	0.0000	1.2119			
61	73	0.0301	4	0	2	0	0	0	0	0	0	N	Y	N	N	N	N	N	N	N	N	N	N	0.0014	0.0000	inf	0.0073	0.0000	inf	0.0000	0.0000	0.0000	0.0000	0.0000	0.0002	0.0000	0.0000	0.0000	0.0000	0.0001	0.0000	0.0001	0.0001	0.0000	0.0000	0.0000	0.0000	inf	0.0001	0.0000	-0.0000	4.0917	3.0003	8.0988	18.1082	0.0000	0.0000	0.0000	0.0000	0.0000	0.0000	0.0000	0.0000	0.0000	0.0000	0.0000	0.0000	0.0000	0.0000	0.0000	0.0000	0.0000	0.0000	0.0652	0.0554	0.0098	0.0041	0.0041	0.0000	0.0611	0.0513	0.0098	0.4294	0.2451	0.1844	0.1510	0.1496	0.0014	0.2784	0.0955	0.1829	0.0014	0.0000	inf	0.0073	0.0000	inf	0.0000	0.0000	0.0000	0.0000	0.0001	0.0000	0.0001	0.0001	0.0000	0.0000	0.0000	0.0000			
61	74	0.0642	5	0	2	0	0	0	0	0	0	N	Y	N	N	N	N	N	N	N	N	N	N	0.0000	0.0000	0.0000	0.0000	0.0000	0.0000	0.0000	0.0000	0.0000	0.0000	0.0000	0.0000	0.0000	0.0000	0.0000	0.0000	0.0000	0.0000	0.4409	0.7103	0.0000	0.0340	0.0361	0.0000	0.6216	1.3006	0.0000	0.0000	0.0000	-0.0817	4.0917	7.0046	8.0988	18.1036	0.0000	0.0000	0.0000	0.0000	0.0000	0.0000	0.0000	0.0000	0.0000	0.1328	0.1328	0.0000	0.0031	0.0031	0.0000	0.1297	0.1297	0.0000	0.1528	0.1311	0.0217	0.0159	0.0156	0.0003	0.1369	0.1155	0.0214	0.3013	0.1870	0.1143	0.0927	0.0873	0.0054	0.2086	0.0997	0.1089	0.0000	0.0000	0.0000	0.0000	0.0000	0.0000	0.0000	0.0000	0.0000	0.4409	0.7103	0.0000	0.0340	0.0361	0.0000	0.6216	1.3006	0.0000	
61	75	0.0608	4	0	1	0	0	0	0	0	0	N	N	N	N	N	N	N	N	N	N	N	N	0.0000	0.0000	0.0000	0.0000	0.0000	0.0000	0.0000	0.0000	0.0000	0.0000	0.0000	0.0000	0.0000	0.0000	0.0000	0.0000	0.0000	0.0000	0.0219	0.0311	0.0071	0.0015	0.0015	0.0013	0.0316	0.0609	0.0073	0.1419	-0.0000	-0.0005	4.0917	0.2435	8.0988	3.2922	0.0000	0.0000	0.0000	0.0000	0.0000	0.0000	0.0000	0.0000	0.0000	0.0011	0.0010	0.0001	0.0000	0.0000	0.0000	0.0011	0.0009	0.0001	0.0058	0.0050	0.0008	0.0007	0.0007	0.0000	0.0051	0.0043	0.0008	0.0497	0.0306	0.0191	0.0161	0.0154	0.0007	0.0336	0.0152	0.0184	0.0000	0.0000	0.0000	0.0000	0.0000	0.0000	0.0000	0.0000	0.0000	0.0219	0.0311	0.0071	0.0015	0.0015	0.0013	0.0316	0.0609	0.0073	
61	76	0.0276	3	0	1	0	0	0	0	0	0	N	N	N	N	N	N	N	N	N	N	N	N	0.0001	0.0001	0.0005	0.0005	0.0001	0.0001	0.0000	0.0011	0.0011	0.0000	0.0000	0.0000	0.0000	0.7341	1.3153	0.0000	2.2064	2.2272	0.0000	0.0000	0.0000	0.0000	0.0000	0.0000	-0.0000	-0.2226	4.0917	7.0044	8.0988	20.1113	0.0000	0.0000	0.0000	0.0000	0.0000	0.0000	0.0000	0.0000	0.0000	0.3621	0.3621	0.0000	0.3621	0.3621	0.0000	0.0000	0.0000	0.0000	0.1497	0.1272	0.0225	0.0093	0.0093	0.0000	0.1404	0.1179	0.0224	0.4932	0.2753	0.2180	0.1641	0.1626	0.0015	0.3291	0.1127	0.2164	0.0001	0.0001	0.0000	0.0005	0.0005	0.0000	0.0000	0.0000	0.0000	0.7341	1.3153	0.0000	2.2064	2.2272	0.0000	0.0000	0.0000	0.0000					
61	77	0.0451	7	0	2	0	0	0	0	0	0	N	Y	N	N	N	N	N	N	N	N	N	N	0.0308	0.0000	24.1204	0.1438	0.0000	701.8923	0.0000	0.0000	0.0000	0.0001	0.0000	0.0004	0.0009	0.0000	0.0429	0.0000	0.0000	0.0000	0.0019	0.0032	0.0000	0.0065	0.0069	0.0001	0.0000	0.0000	0.0000	inf	0.0035	0.0000	-0.0003	4.0917	8.6571	8.0988	16.0761	0.0000	0.0000	0.0000	0.0000	0.0000	0.0000	0.0000	0.0000	0.0000	0.0005	0.0005	0.0000	0.0005	0.0005	0.0000	0.0000	0.0000	0.0000	0.1711	0.1460	0.0251	0.0107	0.0104	0.0002	0.1604	0.1356	0.0249	0.2564	0.1531	0.1033	0.0743	0.0698	0.0045	0.1821	0.0832	0.0988	0.0308	0.0000	24.1204	0.1438	0.0000	701.8923	0.0000	0.0000	0.0000	0.0019	0.0032	0.0000	0.0065	0.0069	0.0001	0.0000	0.0000	0.0000
61	78	0.0447	6	0	2	0	0	0	0	0	0	N	Y	N	N	N	N	N	N	N	N	N	N	0.0004	0.0003	0.0010	0.0022	0.0010	12.0175	0.0000	0.0000	0.0000	0.0000	0.0000	0.0000	0.0000	0.0000	0.0007	0.0000	0.0000	0.0000	0.0126	0.0087	0.0197	0.0110	0.0113	0.0001	0.0138	0.0044	0.0204	1.0927	1.2488	-0.0000	-0.0000	4.0917	0.3645	8.0988	1.9845	0.0000	0.0000	0.0000	0.0000	0.0000	0.0000	0.0000	0.0000	0.0000	0.0008	0.0003	0.0004	0.0003	0.0003	0.0000	0.0005	0.0001	0.0004	0.0105	0.0092	0.0013	0.0021	0.0020	0.0000	0.0085	0.0072	0.0013	0.0602	0.0388	0.0214	0.0250	0.0242	0.0008	0.0352	0.0146	0.0206	0.0004	0.0003	0.0010	0.0022	0.0010	12.0175	0.0000	0.0000	0.0000	0.0126	0.0087	0.0197	0.0110	0.0113	0.0001	0.0138	0.0044	0.0204
61	79	0.0353	5	0	1	0	0	0	0	0	0	N	N	N	N	N	N	N	N	N	N	N	N	0.0101	0.0075	0.0002	0.0342	0.0332	1.6302	0.0000	0.0000	0.0000	0.0001	0.0002	0.0000	0.0014	0.0014	0.0001	0.0000	0.0000	0.0000	0.0131	0.0207	0.0010	0.0409	0.0424	0.0000	0.0022	0.0035	0.0010	0.0002	0.0304	-0.0000	-0.0016	4.0917	2.9108	8.0988	14.2456	0.0000	0.0000	0.0000	0.0000	0.0000	0.0000	0.0000	0.0000	0.0000	0.0028	0.0027	0.0001	0.0025	0.0025	0.0000	0.0003	0.0003	0.0001	0.0682	0.0585	0.0097	0.0065	0.0065	0.0000	0.0617	0.0521	0.0097	0.2133	0.1313	0.0820	0.0602	0.0581	0.0021	0.1531	0.0731	0.0799	0.0101	0.0075	0.0002	0.0342	0.0332	1.6302	0.0000	0.0000	0.0000	0.0131	0.0207	0.0010	0.0409	0.0424	0.0000	0.0022	0.0035	0.0010
61	80	0.0301	4	0	1	0	0	0	0	0	0	N	N	N	N	N	N	N	N	N	N	N	N	0.0005	0.0003	0.0007	0.0029	0.0029	16.5993	0.0000	0.0000	0.0000	0.0004	0.0005	0.0000	0.0056	0.0056	0.0044	0.0000	0.0000	0.0000	0.8081	1.4423	0.0121	1.9172	1.9258	0.0003	0.0092	0.0000	0.0121	0.0033	0.0067	-0.0000	-0.1442	4.0917	0.1009	8.0988	7.5203	0.0000	0.0000	0.0000	0.0000	0.0000	0.0000	0.0000	0.0000	0.0000	0.2371	0.2355	0.0016	0.2355	0.2355	0.0000	0.0016	0.0000	0.0016	0.0023	0.0019	0.0003	0.0002	0.0002	0.0000	0.0021	0.0018	0.0003	0.2934	0.1633	0.1301	0.1228	0.1223	0.0005	0.1705	0.0410	0.1295	0.0005	0.0003	0.0007	0.0029	0.0029	16.5993	0.0000	0.0000	0.0000	0.8081	1.4423	0.0121	1.9172	1.9258	0.0003	0.0092	0.0000	0.0121
61	81	0.0276	3	0	1	0	0	0	0	0	0	N	N	N	N	N	N	N	N	N	N	N	N	0.0001	0.0001	0.0000	0.0009	0.0009	0.0000	0.0000	0.0000	0.0000	0.0001	0.0001	0.0000	0.0017	0.0017	0.0000	0.0000	0.0000	0.0000	1.3667	1.7369	0.9669	1.9922	1.9960	0.0008	0.8494	0.0007	0.9687	0.0000	0.5154	-0.0000	-0.0975	4.0917	0.0014	8.0988	3.7882	0.0000	0.0000	0.0000	0.0000	0.0000	0.0000	0.0000	0.0000	0.0000	0.3550	0.2343	0.1208	0.2343	0.2343	0.0000	0.1208	0.0000	0.1208	0.0000	0.0000	0.0000	0.0000	0.0000	0.0000	0.0000	0.0000	0.0000	0.2598	0.1349	0.1249	0.1176	0.1174	0.0002	0.1422	0.0175	0.1247	0.0001	0.0001	0.0000	0.0009	0.0009	0.0000	0.0000	0.0000	0.0000	1.3667	1.7369	0.9669	1.9922	1.9960	0.0008	0.8494	0.0007	0.9687
61	82	0.0334	4	0	2	0	0	0	0	0	0	N	Y	N	N	N	N	N	N	N	N	N	N	2.2294	1.6343	0.3158	6.6729	6.5371	14.5287	0.0879	0.2814	0.0029	0.0035	0.0000	0.0306	0.0309	0.0002	0.0000	0.0000	0.0000	0.0013	0.0021	0.0000	0.0046	0.0047	0.0000	0.0000	0.0000	0.0000	0.0005	0.0094	-0.0003	-0.0003	4.0917	7.9116	8.0988	21.1247	0.0005	0.0005	0.0000	0.0005	0.0005	0.0000	0.0000	0.0000	0.0000	0.0005	0.0005	0.0000	0.0005	0.0005	0.0000	0.0000	0.0000	0.0000	0.1799	0.1532	0.0266	0.0173	0.0172	0.0001	0.1626	0.1361	0.0265	0.3804	0.2354	0.1449	0.1085	0.1055	0.0031	0.2718	0.1300	0.1419	2.2294	1.6343	0.3158	6.6729	6.5371	14.5287	0.0879	0.0000	0.2814	0.0013	0.0021	0.0000	0.0046	0.0047	0.0000	0.0000	0.0000	0.0000	
61	83	0.0513	5	1	2	0	0	0	0	0	0	N	Y	N	N	N	N	N	N	N	N	N	N	0.0000	0.0000	0.0000	0.0000	0.0000	0.0000	0.0000	0.0000	0.0000	0.0000	0.0000	0.0000	0.0000	0.0000	0.0000	0.0000	0.0000	0.0000	0.0000	0.0000	4.0917	0.0000	8.0988	1.8333	0.0000	0.0000	0.0000	0.0000	0.0000	0.0000	0.0000	0.0000	0.0000	0.0000	0.0000	0.0000	0.0000	0.0000	0.0000	0.0000	0.0000	0.0000	0.0000	0.0000	0.0000	0.0000	0.0000	0.0000	0.0000	0.0000	0.0000	0.0284	0.0184	0.0099	0.0095	0.0091	0.0004	0.0189	0.0094	0.0096	0.0000	0.0000	0.0000	0.0000	0.0000	0.0000	0.0000	0.0000	0.0000	0.0000	0.0000	0.0000	0.0000	0.0000	0.0000	0.0000	0.0000	0.0000											
61	84	0.0334	4	1	2	0	0	0	0	0	0	N	Y	N	N	N	N	N	N	N	N	N	N	3618.5430	0.0265	5180814.1623	0.1069	0.1051	0.0000	1654253.8639	inf	5331627.1888	6.2364	0.0001	42.0741	0.0006	0.0006	0.0000	6.9296	0.0000	42.3065	0.0017	0.0028	0.0000	0.0057	0.0058	0.0000	0.0000	0.0000	0.0000	100184.5346	0.0018	0.4514	-0.0003	4.0917	6.9552	8.0988	13.1226	0.9991	0.0000	0.9991	0.0000	0.0000	0.0000	0.9991	0.0000	0.9991	0.0005	0.0005	0.0000	0.0005	0.0005	0.0000	0.0000	0.0000	0.0000	0.1602	0.1365	0.0237	0.0160	0.0159	0.0001	0.1442	0.1206	0.0236	0.2931	0.1830	0.1101	0.0889	0.0866	0.0023	0.2043	0.0964	0.1078	3618.5430	0.0265	5180814.1623	0.1069	0.1051	0.0000	1654253.8639	inf	5331627.1888	0.0017	0.0028	0.0000	0.0057	0.0058	0.0000	0.0000	0.0000	0.0000
61	85	0.0303	3	0	2	0	0	0	0	0	0	N	Y	N	N	N	N	N	N	N	N	N	N	2.1702	0.3025	24.1074	0.6012	0.5935	84.8420	9.4196	0.0000	23.8664	0.0526	0.0103	0.2374	0.0361	0.0362	0.0026	0.0576	0.0000	0.2378	0.0243	0.0340	0.0098	0.0601	0.0609	0.0000	0.0061	0.0003	0.0100	5.2894	0.1961	0.0002	-0.0014	4.0917	0.3374	8.0988	6.1146	0.0006	0.0001	0.0005	0.0001	0.0001	0.0000	0.0005	0.0000	0.0005	0.0030	0.0025	0.0005	0.0025	0.0025	0.0000	0.0005	0.0000	0.0005	0.0120	0.0097	0.0022	0.0028	0.0028	0.0000	0.0092	0.0070	0.0022	0.1235	0.0736	0.0499	0.0415	0.0409	0.0006	0.0820	0.0327	0.0493	2.1702	0.3025	24.1074	0.6012	0.5935	84.8420	9.4196	0.0000	23.8664	0.0243	0.0340	0.0098	0.0601	0.0609	0.0000	0.0061	0.0003	0.0100
61	86	0.0303	3	0	2	0	0	0	0	0	0	N	Y	N	N	N	N	N	N	N	N	N	N	514.5978	361.9250	0.0000	0.0373	0.0366	91668.7315	53492.2625	0.0000	4.2389	4.9881	0.0000	0.0011	0.0012	0.0000	4.5721	5.4533	0.0000	0.0082	0.0138	0.0000	0.0308	0.0316	0.0000	0.0000	0.0001	0.0000	0.0000	0.0003	-0.5478	-0.0015	4.0917	11.0342	8.0988	12.7513	0.9994	0.9994	0.0000	0.0000	0.0000	0.0000	0.9994	0.9994	0.0000	0.0025	0.0025	0.0000	0.0025	0.0025	0.0000	0.0000	0.0000	0.0000	0.2358	0.2004	0.0354	0.0172	0.0171	0.0001	0.2186	0.1833	0.0353	0.3045	0.1819	0.1225	0.0811	0.0791	0.0020	0.2234	0.1029	0.1205	514.5978	361.9250	0.0000	0.0373	0.0366	0.0000	91668.7315	53492.2625	0.0000	0.0082	0.0138	0.0000	0.0308	0.0316	0.0000	0.0000	0.0001	0.0000	
61	87	0.0227	2	0	2	0	0	0	0	0	0	N	Y	N	N	N	N	N	N	N	N	N	N	0.0029	0.0018	0.0671	0.0090	0.0087	0.0000	0.0125	0.0036	0.0654	0.0021	0.0023	0.0008	0.0143	0.0144	0.0000	0.0012	0.0013	0.0008	0.7162	1.3072	0.0117	1.5993	1.6488	0.0002	0.0988	0.3650	0.0120	0.0605	0.0075	-0.0001	-0.1460	4.0917	3.9739	8.0988	6.2820	0.0002	0.0002	0.0000	0.0001	0.0001	0.0000	0.0001	0.0001	0.0000	0.2405	0.2387	0.0018	0.2210	0.2210	0.0000	0.0195	0.0177	0.0018	0.0865	0.0733	0.0132	0.0056	0.0056	0.0000	0.0809	0.0677	0.0131	0.3357	0.1826	0.1531	0.1382	0.1340	0.0042	0.1976	0.0486	0.1490	0.0029	0.0018	0.0671	0.0090	0.0087	0.0000	0.0125	0.0036	0.0654	0.7162	1.3072	0.0117	1.5993	1.6488	0.0002	0.0988	0.3650	0.0120
61	92	0.1161	7	0	1	0	0	0	0	0	0	N	N	N	N	N	N	N	N	N	N	N	N	0.5476	0.8695	0.0000	3.9810	5.9224	0.0000	0.0000	0.0000	0.0000	0.0279	0.0324	0.0000	0.1815	0.1919	0.0000	0.0000	0.0000	0.0000	0.0510	0.0373	0.0789	0.0456	0.0324	0.1999	0.0546	0.0431	0.0662	0.0000	1.0452	-0.0080	-0.0040	4.0917	24.8682	8.0988	39.8855	0.0147	0.0147	0.0000	0.0147	0.0147	0.0000	0.0000	0.0000	0.0000	0.0382	0.0187	0.0195	0.0136	0.0089	0.0047	0.0247	0.0098	0.0149	0.5247	0.4524	0.0723	0.0807	0.0764	0.0044	0.4440	0.3760	0.0679	0.7498	0.5020	0.2478	0.2974	0.2739	0.0234	0.4525	0.2281	0.2244	0.5476	0.8695	0.0000	3.9810	5.9224	0.0000	0.0000	0.0000	0.0000	0.0510	0.0373	0.0789	0.0456	0.0324	0.1999	0.0546	0.0431	0.0662
62	63	0.0655	5	1	1	1	0	0	0	0	0	N	N	N	N	N	N	N	N	N	N	N	N	0.0000	0.0000	0.0000	0.0000	0.0000	0.0000	0.0000	0.0000	0.0000	0.0000	0.0000	0.0000	0.0000	0.0000	0.0000	0.0000	0.0000	0.0000	8.4841	0.0334	44.9813	13.6608	0.0492	189.8332	5.3430	0.0156	10.0319	410.6938	0.0000	0.2948	2.1165	3.9990	5.0852	8.8702	0.0000	0.0000	0.0000	0.0000	0.0000	0.0000	0.0000	0.0000	0.0000	0.7702	0.0019	0.7683	0.4683	0.0015	0.4669	0.3019	0.0004	0.3015	0.0391	0.0337	0.0054	0.0023	0.0022	0.0001	0.0368	0.0315	0.0053	0.0908	0.0561	0.0347	0.0343	0.0296	0.0046	0.0565	0.0264	0.0301	0.0000	0.0000	0.0000	0.0000	0.0000	0.0000	0.0000	0.0000	0.0000	8.4841	0.0334	22.1427	13.6608	0.0492	100.4409	5.3430	0.0156	10.0319	
62	64	0.0453	4	1	1	1	0	0	0	0	0	N	N	N	N	N	N	N	N	N	N	N	N	0.0000	0.0000	0.0000	0.0000	0.0000	0.0000	0.0000	0.0000	0.0000	0.0000	0.0000	0.0000	0.0000	0.0000	0.0000	0.0000	0.0000	0.0000	6.6378	9.8874	2.2045	0.1601	0.1501	0.3317	9.2960	18.7443	2.2787	0.1634	-0.0000	-0.2582	2.1165	3.9972	5.0852	6.8232	0.0000	0.0000	0.0000	0.0000	0.0000	0.0000	0.0000	0.0000	0.0000	0.5445	0.4680	0.0765	0.0038	0.0034	0.0004	0.5406	0.4646	0.0760	0.0417	0.0354	0.0063	0.0025	0.0024	0.0001	0.0393	0.0330	0.0062	0.0820	0.0473	0.0347	0.0239	0.0225	0.0013	0.0582	0.0248	0.0334	0.0000	0.0000	0.0000	0.0000	0.0000	0.0000	0.0000	0.0000	0.0000	6.6378	9.8874	2.2045	0.1601	0.1501	0.3317	9.2960	18.7443	2.2787	
62	65	0.0214	4	0	2	0	0	0	0	0	0	N	Y	N	N	N	N	N	N	N	N	N	N	0.0009	0.0110	0.0000	0.0525	0.0762	0.0008	0.0006	0.0133	0.0000	0.0006	0.0006	0.0000	0.0070	0.0070	0.0007	0.0004	0.0005	0.0000	0.6076	0.0587	1.3424	0.1324	0.0924	0.8226	0.7556	0.0369	1.3587	0.0092	17.0899	-0.0000	0.0617	2.1165	15.6632	5.0852	35.0639	0.0001	0.0001	0.0000	0.0000	0.0000	0.0000	0.0001	0.0001	0.0000	0.1869	0.0103	0.1765	0.0097	0.0064	0.0033	0.1772	0.0040	0.1733	0.1545	0.1301	0.0244	0.0031	0.0031	0.0000	0.1514	0.1271	0.0243	0.3075	0.1760	0.1315	0.0730	0.0690	0.0040	0.2345	0.1070	0.1275	0.0009	0.0110	0.0000	0.0525	0.0762	0.0008	0.0006	0.0133	0.0000	0.6076	0.0587	1.3424	0.1324	0.0924	0.8226	0.7556	0.0369	1.3587
62	66	0.0214	4	0	1	1	0	0	0	0	0	N	N	N	N	N	N	N	N	N	N	N	N	0.0000	0.0000	0.0000	0.0000	0.0000	0.0000	0.0000	0.0000	0.0000	0.0000	0.0000	0.0000	0.0000	0.0000	0.0000	0.0000	0.0000	0.0121	0.0052	0.0237	0.0100	0.0103	0.0029	0.0131	0.0000	0.0244	2.6844	0.0000	0.0002	2.1165	4.9998	5.0852	10.1184	0.0000	0.0000	0.0000	0.0000	0.0000	0.0000	0.0000	0.0000	0.0000	0.0018	0.0005	0.0013	0.0005	0.0005	0.0000	0.0013	0.0000	0.0013	0.0551	0.0466	0.0085	0.0029	0.0029	0.0000	0.0522	0.0437	0.0084	0.1514	0.0951	0.0563	0.0501	0.0482	0.0019	0.1013	0.0469	0.0544	0.0000	0.0000	0.0000	0.0000	0.0000	0.0000	0.0000	0.0000	0.0000	0.0121	0.0052	0.0237	0.0100	0.0103	0.0029	0.0131	0.0000	0.0244		
62	67	0.0258	6	0	2	0	0	0	0	0	0	N	Y	N	N	N	N	N	N	N	N	N	N	0.0000	0.0000	0.0003	0.0010	0.0011	0.0000	0.0000	0.0000	0.0003	0.0001	0.0000	0.0006	0.0000	0.0001	0.0000	0.0001	0.0000	0.0006	6.1525	9.2836	2.2663	0.0474	0.0506	0.0103	8.1423	15.6805	2.3675	23.4301	0.1967	0.0000	-0.4677	2.1165	10.9928	5.0852	18.5513	0.0000	0.0000	0.0000	0.0000	0.0000	0.0000	0.0000	0.0000	0.0000	1.0385	0.8678	0.1707	0.0020	0.0019	0.0000	1.0366	0.8659	0.1707	0.1066	0.0904	0.0162	0.0046	0.0041	0.0005	0.1020	0.0863	0.0157	0.1688	0.0935	0.0753	0.0415	0.0383	0.0032	0.1273	0.0552	0.0721	0.0000	0.0000	0.0003	0.0010	0.0011	0.0000	0.0000	0.0000	0.0003	6.1525	9.2836	2.2663	0.0474	0.0506	0.0103	8.1423	15.6805	2.3675
62	68	0.0258	5	0	1	0	0	0	0	0	0	N	N	N	N	N	N	N	N	N	N	N	N	0.0011	0.0007	0.0052	0.0027	0.0019	3.9296	0.0004	0.0002	0.0012	0.0004	0.0003	0.0011	0.0009	0.0007	0.0364	0.0002	0.0002	0.0003	0.3906	0.4944	0.2072	0.3325	0.3371	0.0093	0.4343	0.8031	0.2106	0.3392	0.2372	-0.0000	-0.0042	2.1165	0.0861	5.0852	1.0715	0.0000	0.0000	0.0000	0.0000	0.0000	0.0000	0.0000	0.0000	0.0000	0.0099	0.0080	0.0019	0.0036	0.0036	0.0000	0.0063	0.0044	0.0019	0.0023	0.0020	0.0002	0.0007	0.0007	0.0000	0.0015	0.0013	0.0002	0.0252	0.0161	0.0091	0.0108	0.0107	0.0002	0.0144	0.0054	0.0090	0.0011	0.0007	0.0052	0.0027	0.0019	3.9296	0.0004	0.0002	0.0012	0.3906	0.4944	0.2072	0.3325	0.3371	0.0093	0.4343	0.8031	0.2106
62	69	0.0749	5	1	1	1	0	0	0	0	0	N	N	N	N	N	N	N	N	N	N	N	N	0.0000	0.0000	0.0000	0.0000	0.0000	0.0000	0.0000	0.0000	0.0000	0.0000	0.0000	0.0000	0.0000	0.0000	0.0000	0.0000	0.0036	0.0000	0.0081	0.0000	0.0000	0.0000	0.0048	0.0000	0.0086	464.2129	0.0000	0.0000	2.1165	1.0000	5.0852	3.0001	0.0000	0.0000	0.0000	0.0000	0.0000	0.0000	0.0000	0.0000	0.0000	0.0001	0.0000	0.0001	0.0000	0.0000	0.0000	0.0001	0.0000	0.0001	0.0099	0.0083	0.0016	0.0007	0.0007	0.0000	0.0092	0.0077	0.0015	0.0223	0.0124	0.0099	0.0056	0.0051	0.0006	0.0166	0.0073	0.0093	0.0000	0.0000	0.0000	0.0000	0.0000	0.0000	0.0000	0.0000	0.0000	0.0036	0.0000	0.0081	0.0000	0.0000	0.0000	0.0048	0.0000	0.0086			
62	70	0.0749	4	1	1	1	0	0	0	0	0	N	N	N	N	N	N	N	N	N	N	N	N	0.0000	0.0000	0.0000	0.0000	0.0000	0.0000	0.0000	0.0000	0.0000	0.0000	0.0000	0.0000	0.0000	0.0000	0.0000	0.0000	0.0430	0.0378	0.0500	0.0509	0.0519	0.0000	0.0373	0.0000	0.0509	0.9965	0.0000	-0.0000	2.1165	0.0000	5.0852	0.0009	0.0000	0.0000	0.0000	0.0000	0.0000	0.0000	0.0000	0.0000	0.0000	0.0000	0.0000	0.0000	0.0000	0.0000	0.0000	0.0000	0.0000	0.0000	0.0000	0.0000	0.0000	0.0000	0.0000	0.0000	0.0000	0.0000	0.0000	0.0000	0.0000	0.0000	0.0000	0.0000	0.0000	0.0000	0.0000	0.0000	0.0000	0.0000	0.0000	0.0000	0.0000	0.0000	0.0000	0.0000	0.0000	0.0430	0.0378	0.0500	0.0509	0.0519	0.0000	0.0373	0.0000	0.0509			
62	71	0.0419	3	1	1	1	0	0	0	0	0	N	N	N	N	N	N	N	N	N	N	N	N	0.0004	0.0005	0.0000	0.0000	0.0000	0.0000	0.0007	0.0470	0.0000	0.0001	0.0001	0.0000	0.0000	0.0000	0.0000	0.0001	0.0001	0.0000	0.2537	0.2562	0.2508	0.6467	0.7137	0.0003	0.1483	0.0027	0.2620	0.0000	0.8427	-0.0000	-0.0050	2.1165	9.9966	5.0852	12.9129	0.0000	0.0000	0.0000	0.0000	0.0000	0.0000	0.0000	0.0000	0.0000	0.0315	0.0171	0.0144	0.0170	0.0170	0.0000	0.0145	0.0001	0.0144	0.0972	0.0822	0.0151	0.0037	0.0035	0.0002	0.0935	0.0787	0.0149	0.1244	0.0668	0.0575	0.0263	0.0238	0.0025	0.0981	0.0430	0.0551	0.0004	0.0005	0.0000	0.0000	0.0000	0.0000	0.0007	0.0470	0.0000	0.2537	0.2562	0.2508	0.6467	0.7137	0.0003	0.1483	0.0027	0.2620
62	72	0.0087	2	0	2	0	1	0	0	0	0	N	Y	N	N	N	N	N	N	N	N	N	N	0.0006	0.0005	0.0008	0.0770	0.0758	0.0000	0.0004	0.0185	0.0008	0.0003	0.0003	0.0005	0.0766	0.0766	0.0000	0.0002	0.0001	0.0005	0.5693	0.5501	0.5893	0.9949	1.0102	0.0000	0.4025	0.0052	0.5945	0.3333	1.0240	-0.0000	-0.0272	2.1165	13.0000	5.0852	39.1663	0.0000	0.0000	0.0000	0.0000	0.0000	0.0000	0.0000	0.0000	0.0000	0.2502	0.1236	0.1266	0.1231	0.1231	0.0000	0.1271	0.0005	0.1266	0.1255	0.1053	0.0202	0.0003	0.0003	0.0000	0.1253	0.1050	0.0202	0.4396	0.2247	0.2148	0.1237	0.1219	0.0019	0.3158	0.1029	0.2130	0.0006	0.0005	0.0008	0.0770	0.0758	0.0000	0.0004	0.0185	0.0008	0.5693	0.5501	0.5893	0.9949	1.0102	0.0000	0.4025	0.0052	0.5945
62	73	0.0112	3	0	2	0	0	0	0	0	0	N	Y	N	N	N	N	N	N	N	N	N	N	0.0000	0.0000	0.0000	0.0045	0.0007	154.5778	0.0000	0.0000	0.0000	0.0000	0.0000	0.0000	0.0004	0.0001	0.2914	0.0000	0.0000	0.0000	0.6333	0.0678	1.2528	0.0866	0.0874	0.0019	0.9430	0.0252	1.2609	5.7276	16.8615	0.0000	0.0624	2.1165	3.0003	5.0852	18.1082	0.0000	0.0000	0.0000	0.0000	0.0000	0.0000	0.0000	0.0000	0.0000	0.1896	0.0106	0.1790	0.0094	0.0094	0.0000	0.1802	0.0012	0.1790	0.0302	0.0252	0.0049	0.0001	0.0001	0.0000	0.0301	0.0252	0.0049	0.2994	0.1565	0.1429	0.1083	0.1073	0.0009	0.1911	0.0492	0.1419	0.0000	0.0000	0.0000	0.0045	0.0007	154.5778	0.0000	0.0000	0.0000	0.6333	0.0678	1.2528	0.0866	0.0874	0.0019	0.9430	0.0252	1.2609
62	74	0.0453	4	0	2	0	0	0	0	0	0	N	Y	N	N	N	N	N	N	N	N	N	N	0.0000	0.0000	0.0000	0.0000	0.0000	0.0000	0.0000	0.0000	0.0000	0.0000	0.0000	0.0000	0.0000	0.0000	0.0000	0.0000	0.0000	0.0000	5.7387	10.3072	0.0079	0.1523	0.1645	0.0018	7.5733	17.3798	0.0082	0.0006	0.0000	-0.5365	2.1165	7.0046	5.0852	18.1036	0.0000	0.0000	0.0000	0.0000	0.0000	0.0000	0.0000	0.0000	0.0000	0.8737	0.8731	0.0005	0.0057	0.0057	0.0000	0.8679	0.8674	0.0005	0.0708	0.0600	0.0108	0.0036	0.0034	0.0001	0.0672	0.0566	0.0107	0.1522	0.0847	0.0675	0.0376	0.0348	0.0028	0.1146	0.0499	0.0647	0.0000	0.0000	0.0000	0.0000	0.0000	0.0000	0.0000	0.0000	0.0000	5.7387	10.3072	0.0079	0.1523	0.1645	0.0018	7.5733	17.3798	0.0082	
62	75	0.0419	3	0	1	0	0	0	0	0	0	N	N	N	N	N	N	N	N	N	N	N	N	0.0029	0.0020	0.0077	0.0143	0.0138	0.0000	0.0021	0.0010	0.0075	0.0011	0.0011	0.0015	0.0041	0.0042	0.0000	0.0009	0.0008	0.0016	0.3920	0.5438	0.2003	0.2836	0.3016	0.0053	0.4320	0.7444	0.2077	0.2450	0.2915	-0.0000	-0.0038	2.1165	0.2435	5.0852	3.2922	0.0000	0.0000	0.0000	0.0000	0.0000	0.0000	0.0000	0.0000	0.0000	0.0099	0.0076	0.0022	0.0019	0.0019	0.0000	0.0080	0.0057	0.0022	0.0027	0.0023	0.0004	0.0002	0.0002	0.0000	0.0025	0.0021	0.0004	0.0252	0.0141	0.0111	0.0068	0.0064	0.0004	0.0184	0.0077	0.0107	0.0029	0.0020	0.0077	0.0143	0.0138	0.0000	0.0021	0.0010	0.0075	0.3920	0.5438	0.2003	0.2836	0.3016	0.0053	0.4320	0.7444	0.2077
62	76	0.0087	2	0	1	0	0	0	0	0	0	N	N	N	N	N	N	N	N	N	N	N	N	0.0995	0.0676	0.2661	19.0478	18.8896	0.0000	0.0564	0.0026	0.2645	0.0746	0.0492	0.2060	19.9350	19.9433	0.0000	0.0336	0.0002	0.2060	0.7503	0.7273	0.7741	1.0466	1.0558	0.0000	0.5960	0.0658	0.7788	0.8108	1.0298	-0.0005	-0.0274	2.1165	7.0044	5.0852	20.1113	0.0052	0.0029	0.0023	0.0028	0.0028	0.0000	0.0023	0.0000	0.0023	0.2550	0.1256	0.1294	0.1218	0.1218	0.0000	0.1331	0.0038	0.1294	0.0692	0.0580	0.0112	0.0001	0.0001	0.0000	0.0691	0.0579	0.0112	0.3398	0.1727	0.1671	0.1164	0.1154	0.0010	0.2234	0.0573	0.1661	0.0995	0.0676	0.2661	19.0478	18.8896	0.0000	0.0564	0.0026	0.2645	0.7503	0.7273	0.7741	1.0466	1.0558	0.0000	0.5960	0.0658	0.7788
62	77	0.0262	6	0	2	0	0	0	0	0	0	N	Y	N	N	N	N	N	N	N	N	N	N	0.3295	0.0247	37.5397	1.8814	0.1980	11030.2968	0.0000	0.0000	0.0000	0.0010	0.0001	0.0062	0.0220	0.0025	0.7377	0.0000	0.0000	0.0000	0.0031	0.0055	0.0002	0.0117	0.0127	0.0001	0.0003	0.0004	0.0002	8.0006	0.0236	0.0000	-0.0003	2.1165	8.6571	5.0852	16.0761	0.0001	0.0000	0.0001	0.0001	0.0000	0.0001	0.0000	0.0000	0.0000	0.0005	0.0005	0.0000	0.0004	0.0004	0.0000	0.0000	0.0000	0.0000	0.0868	0.0738	0.0129	0.0041	0.0040	0.0001	0.0827	0.0699	0.0128	0.1477	0.0828	0.0649	0.0371	0.0342	0.0029	0.1107	0.0486	0.0620	0.3295	0.0247	37.5397	1.8814	0.1980	11030.2968	0.0000	0.0000	0.0000	0.0031	0.0055	0.0002	0.0117	0.0127	0.0001	0.0003	0.0004	0.0002
62	78	0.0258	5	0	2	0	0	0	0	0	0	N	Y	N	N	N	N	N	N	N	N	N	N	0.0013	0.0005	0.1453	0.0035	0.0018	4.5539	0.0003	0.0001	0.0000	0.0001	0.0001	0.0003	0.0005	0.0003	0.0118	0.0000	0.0000	0.0000	0.0687	0.1098	0.0022	0.1430	0.1464	0.0026	0.0222	0.0529	0.0022	0.8669	0.0123	-0.0000	-0.0013	2.1165	0.3645	5.0852	1.9845	0.0000	0.0000	0.0000	0.0000	0.0000	0.0000	0.0000	0.0000	0.0000	0.0022	0.0022	0.0000	0.0017	0.0017	0.0000	0.0004	0.0004	0.0000	0.0050	0.0044	0.0007	0.0008	0.0008	0.0000	0.0042	0.0036	0.0006	0.0317	0.0196	0.0121	0.0122	0.0119	0.0003	0.0195	0.0077	0.0118	0.0013	0.0005	0.1453	0.0035	0.0018	4.5539	0.0003	0.0001	0.0000	0.0687	0.1098	0.0022	0.1430	0.1464	0.0026	0.0222	0.0529	0.0022
62	79	0.0164	4	0	1	0	0	0	0	0	0	N	N	N	N	N	N	N	N	N	N	N	N	0.0146	0.0161	0.0002	0.1133	0.1079	148.6846	0.0049	0.0149	0.0001	0.0029	0.0034	0.0000	0.0515	0.0520	0.0065	0.0006	0.0007	0.0000	0.1976	0.2112	0.1810	0.4548	0.4815	0.0000	0.1259	0.0496	0.1860	0.0016	0.7002	-0.0001	-0.0043	2.1165	2.9108	5.0852	14.2456	0.0001	0.0001	0.0000	0.0001	0.0001	0.0000	0.0000	0.0000	0.0000	0.0214	0.0126	0.0088	0.0107	0.0107	0.0000	0.0106	0.0018	0.0088	0.0319	0.0270	0.0049	0.0014	0.0014	0.0000	0.0305	0.0256	0.0048	0.1081	0.0595	0.0486	0.0236	0.0223	0.0013	0.0846	0.0372	0.0473	0.0146	0.0161	0.0002	0.1133	0.1079	148.6846	0.0049	0.0149	0.0001	0.1976	0.2112	0.1810	0.4548	0.4815	0.0000	0.1259	0.0496	0.1860
62	80	0.0112	3	0	1	0	0	0	0	0	0	N	N	N	N	N	N	N	N	N	N	N	N	0.0138	0.0169	0.0007	0.8576	0.8538	4693.5180	0.0021	0.1661	0.0005	0.0079	0.0094	0.0004	0.5717	0.5712	0.8520	0.0011	0.0012	0.0003	0.5763	0.5540	0.6008	0.6667	0.6690	0.0002	0.5068	0.0073	0.6027	0.0083	0.9850	-0.0000	-0.0162	2.1165	0.1009	5.0852	7.5203	0.0000	0.0000	0.0000	0.0000	0.0000	0.0000	0.0000	0.0000	0.0000	0.1365	0.0687	0.0677	0.0686	0.0686	0.0000	0.0679	0.0002	0.0677	0.0010	0.0009	0.0002	0.0000	0.0000	0.0000	0.0010	0.0009	0.0002	0.2368	0.1241	0.1127	0.1029	0.1025	0.0004	0.1339	0.0216	0.1123	0.0138	0.0169	0.0007	0.8576	0.8538	4693.5180	0.0021	0.1661	0.0005	0.5763	0.5540	0.6008	0.6667	0.6690	0.0002	0.5068	0.0073	0.6027
62	81	0.0087	2	0	1	0	0	0	0	0	0	N	N	N	N	N	N	N	N	N	N	N	N	0.0024	0.0028	0.0000	0.9347	0.9338	0.0000	0.0004	0.1431	0.0000	0.0021	0.0025	0.0000	0.8827	0.8830	0.0000	0.0003	0.0003	0.0000	0.8744	0.8734	0.8754	0.9443	0.9456	0.0000	0.8134	0.0023	0.8765	0.0206	0.9876	-0.0000	-0.0241	2.1165	0.0014	5.0852	3.7882	0.0000	0.0000	0.0000	0.0000	0.0000	0.0000	0.0000	0.0000	0.0000	0.2041	0.1027	0.1014	0.1027	0.1027	0.0000	0.1014	0.0000	0.1014	0.0000	0.0000	0.0000	0.0000	0.0000	0.0000	0.0000	0.0000	0.0000	0.2334	0.1176	0.1158	0.1087	0.1086	0.0001	0.1247	0.0090	0.1157	0.0024	0.0028	0.0000	0.9347	0.9338	0.0000	0.0004	0.1431	0.0000	0.8744	0.8734	0.8754	0.9443	0.9456	0.0000	0.8134	0.0023	0.8765
62	82	0.0144	3	0	2	0	0	0	0	0	0	N	Y	N	N	N	N	N	N	N	N	N	N	0.0229	0.0135	0.0718	0.0890	0.0756	967.9650	0.0231	0.0287	0.0647	0.0007	0.0004	0.0021	0.0052	0.0049	0.0302	0.0004	0.0001	0.0020	0.0289	0.0283	0.0296	0.0590	0.0651	0.0000	0.0192	0.0044	0.0312	1.0628	0.8192	-0.0000	-0.0009	2.1165	7.9116	5.0852	21.1247	0.0001	0.0000	0.0000	0.0000	0.0000	0.0000	0.0000	0.0000	0.0000	0.0056	0.0031	0.0025	0.0028	0.0028	0.0000	0.0028	0.0003	0.0025	0.0841	0.0706	0.0135	0.0038	0.0038	0.0000	0.0803	0.0668	0.0134	0.1948	0.1093	0.0856	0.0475	0.0431	0.0045	0.1473	0.0662	0.0811	0.0229	0.0135	0.0718	0.0890	0.0756	967.9650	0.0231	0.0287	0.0647	0.0289	0.0283	0.0296	0.0590	0.0651	0.0000	0.0192	0.0044	0.0312
62	83	0.0324	4	1	2	0	0	0	0	0	0	N	Y	N	N	N	N	N	N	N	N	N	N	0.0000	0.0000	0.0000	0.0000	0.0000	0.0000	0.0000	0.0000	0.0000	0.0000	0.0000	0.0000	0.0000	0.0000	0.0000	0.0000	0.0000	0.0000	0.0000	0.0000	2.1165	0.0000	5.0852	1.8333	0.0000	0.0000	0.0000	0.0000	0.0000	0.0000	0.0000	0.0000	0.0000	0.0000	0.0000	0.0000	0.0000	0.0000	0.0000	0.0000	0.0000	0.0000	0.0000	0.0000	0.0000	0.0000	0.0000	0.0000	0.0000	0.0000	0.0000	0.0154	0.0095	0.0059	0.0048	0.0043	0.0004	0.0106	0.0051	0.0055	0.0000	0.0000	0.0000	0.0000	0.0000	0.0000	0.0000	0.0000	0.0000	0.0000	0.0000	0.0000	0.0000	0.0000	0.0000	0.0000	0.0000	0.0000											
62	84	0.0144	3	1	2	0	0	0	0	0	0	N	Y	N	N	N	N	N	N	N	N	N	N	0.3690	0.1276	1.6185	0.6422	0.6015	0.0000	0.5267	2.0696	1.5493	0.0073	0.0025	0.0324	0.0263	0.0266	0.0000	0.0063	0.0010	0.0325	0.0198	0.0196	0.0200	0.0410	0.0443	0.0007	0.0119	0.0005	0.0210	2.4776	0.7654	0.0001	-0.0006	2.1165	6.9552	5.0852	13.1226	0.0005	0.0002	0.0004	0.0001	0.0001	0.0000	0.0004	0.0001	0.0004	0.0030	0.0017	0.0013	0.0017	0.0017	0.0000	0.0013	0.0000	0.0013	0.0750	0.0630	0.0120	0.0038	0.0037	0.0000	0.0712	0.0592	0.0120	0.1536	0.0879	0.0657	0.0415	0.0383	0.0032	0.1121	0.0496	0.0626	0.3690	0.1276	1.6185	0.6422	0.6015	0.0000	0.5267	2.0696	1.5493	0.0198	0.0196	0.0200	0.0410	0.0443	0.0007	0.0119	0.0005	0.0210
62	85	0.0114	2	0	2	0	0	0	0	0	0	N	Y	N	N	N	N	N	N	N	N	N	N	0.4051	0.2692	0.9006	0.5815	0.5572	115.7333	0.3596	0.0588	0.8729	0.0908	0.0585	0.2094	0.2015	0.2015	0.1529	0.0586	0.0009	0.2094	0.2242	0.2175	0.2325	0.3465	0.3616	0.0013	0.1628	0.0157	0.2399	0.9747	0.8779	-0.0000	-0.0025	2.1165	0.3374	5.0852	6.1146	0.0006	0.0003	0.0003	0.0003	0.0003	0.0000	0.0003	0.0000	0.0003	0.0167	0.0089	0.0078	0.0086	0.0086	0.0000	0.0081	0.0003	0.0078	0.0062	0.0048	0.0013	0.0014	0.0014	0.0000	0.0048	0.0035	0.0013	0.0743	0.0408	0.0335	0.0248	0.0238	0.0010	0.0495	0.0170	0.0325	0.4051	0.2692	0.9006	0.5815	0.5572	115.7333	0.3596	0.0588	0.8729	0.2242	0.2175	0.2325	0.3465	0.3616	0.0013	0.1628	0.0157	0.2399
62	86	0.0114	2	0	2	0	0	0	0	0	0	N	Y	N	N	N	N	N	N	N	N	N	N	0.1552	0.1440	0.1870	1.0366	0.9470	11.3406	0.1969	1.6814	0.1784	0.0089	0.0087	0.0102	0.1407	0.1420	0.0050	0.0068	0.0061	0.0102	0.0576	0.0604	0.0544	0.1357	0.1500	0.0004	0.0345	0.0036	0.0571	0.2278	0.7901	-0.0004	-0.0016	2.1165	11.0342	5.0852	12.7513	0.0010	0.0008	0.0002	0.0002	0.0002	0.0000	0.0007	0.0005	0.0002	0.0092	0.0051	0.0041	0.0050	0.0050	0.0000	0.0043	0.0002	0.0041	0.1095	0.0916	0.0178	0.0018	0.0017	0.0000	0.1077	0.0899	0.0178	0.1598	0.0851	0.0746	0.0365	0.0330	0.0035	0.1233	0.0521	0.0712	0.1552	0.1440	0.1870	1.0366	0.9470	11.3406	0.1969	1.6814	0.1784	0.0576	0.0604	0.0544	0.1357	0.1500	0.0004	0.0345	0.0036	0.0571
62	92	0.0972	6	0	1	0	0	0	0	0	0	N	N	N	N	N	N	N	N	N	N	N	N	0.0074	0.0814	0.0002	0.0698	0.3040	0.0000	0.0002	0.0175	0.0002	0.0025	0.0029	0.0002	0.0168	0.0179	0.0000	0.0001	0.0001	0.0002	0.3333	0.0351	0.8275	0.2415	0.0588	3.4632	0.3934	0.0031	0.7003	0.0086	14.2445	-0.0004	0.0421	2.1165	24.8682	5.0852	39.8855	0.0007	0.0007	0.0000	0.0006	0.0006	0.0000	0.0000	0.0000	0.0000	0.1317	0.0086	0.1230	0.0377	0.0083	0.0294	0.0939	0.0003	0.0936	0.2674	0.2301	0.0373	0.0384	0.0361	0.0022	0.2290	0.1940	0.0350	0.3950	0.2464	0.1487	0.1563	0.1412	0.0150	0.2388	0.1051	0.1337	0.0074	0.0814	0.0002	0.0698	0.3040	0.0000	0.0002	0.0175	0.0002	0.3333	0.0351	0.8275	0.2415	0.0588	1.9602	0.3934	0.0031	0.7003
63	65	0.0952	6	1	1	1	0	0	0	0	0	N	N	N	N	N	N	N	N	N	N	N	N	0.0009	0.0007	0.0000	0.0097	0.4515	0.0000	0.0006	0.0003	0.0000	0.0020	0.0023	0.0000	0.0013	0.0013	0.0000	0.0020	0.0023	0.0000	2.2244	3.3134	0.2249	0.1296	0.0030	0.9107	3.5465	6.8185	0.1010	0.0000	0.0370	-0.0003	-0.5993	3.9990	15.6632	8.8702	35.0639	0.0005	0.0005	0.0000	0.0000	0.0000	0.0000	0.0005	0.0005	0.0000	1.0349	0.9980	0.0369	0.0233	0.0005	0.0229	1.0116	0.9976	0.0140	0.2740	0.2363	0.0377	0.0158	0.0150	0.0009	0.2581	0.2213	0.0368	0.4652	0.3012	0.1640	0.1800	0.1549	0.0251	0.2852	0.1463	0.1389	0.0009	0.0007	0.0000	0.0097	0.4515	0.0000	0.0006	0.0003	0.0000	2.2244	3.3134	0.2249	0.1296	0.0030	0.9107	3.5465	6.8185	0.1010
63	66	0.0952	6	1	0	2	0	0	0	0	0	N	N	Y	N	N	N	N	N	N	N	N	N	0.0000	0.0000	0.0000	0.0007	0.0006	0.0000	0.0000	0.0000	0.0000	0.0000	0.0000	0.0000	0.0000	0.0000	0.0000	0.0000	4.2976	6.2657	0.0000	0.0015	0.0017	0.0000	8.0087	15.0323	0.0000	0.0000	0.0000	-0.0000	-0.6129	3.9990	4.9998	8.8702	10.1184	0.0000	0.0000	0.0000	0.0000	0.0000	0.0000	0.0000	0.0000	0.0000	0.9970	0.9970	0.0000	0.0002	0.0002	0.0000	0.9968	0.9968	0.0000	0.0911	0.0785	0.0126	0.0053	0.0050	0.0003	0.0858	0.0735	0.0123	0.2320	0.1591	0.0729	0.1075	0.0928	0.0147	0.1245	0.0663	0.0582	0.0000	0.0000	0.0000	0.0007	0.0006	0.0000	0.0000	0.0000	0.0000	4.2976	6.2657	0.0000	0.0015	0.0017	0.0000	8.0087	15.0323	0.0000		
63	67	0.0997	8	1	1	1	0	0	0	0	0	N	N	N	N	N	N	N	N	N	N	N	N	0.7371	1.0468	0.0000	0.4577	0.8122	0.0000	0.5060	0.5794	0.0000	5.0255	5.8304	0.0000	0.0012	0.0013	0.0000	5.2402	6.1064	0.0000	6.8180	5.5696	9.0943	0.0027	0.0016	0.0116	10.3567	10.5387	10.1608	0.0000	0.8955	-0.5481	-0.2692	3.9990	10.9928	8.8702	18.5513	0.9999	0.9999	0.0000	0.0000	0.0000	0.0000	0.9998	0.9998	0.0000	1.8916	0.9980	0.8937	0.0003	0.0001	0.0001	1.8914	0.9978	0.8936	0.1990	0.1715	0.0275	0.0082	0.0078	0.0004	0.1908	0.1637	0.0271	0.2774	0.1792	0.0983	0.0948	0.0845	0.0103	0.1826	0.0947	0.0879	0.7371	1.0468	0.0000	0.4577	0.8122	0.0000	0.5060	0.5794	0.0000	6.8180	5.5696	9.0943	0.0027	0.0016	0.0116	10.3567	10.5387	10.1608
63	68	0.0997	7	1	0	1	0	0	0	0	0	N	N	N	N	N	N	N	N	N	N	N	N	41.3247	67.0876	0.0000	105.5902	103.7197	0.0000	27.5347	7261.6781	0.0000	0.0087	0.0098	0.0000	0.0245	0.0247	0.0000	0.0053	0.0061	0.0000	0.0002	0.0001	0.0004	0.0002	0.0002	0.0000	0.0002	0.0000	0.0004	0.0000	0.9913	-0.0000	-0.0000	3.9990	0.0861	8.8702	1.0715	0.0000	0.0000	0.0000	0.0000	0.0000	0.0000	0.0000	0.0000	0.0000	0.0000	0.0000	0.0000	0.0000	0.0000	0.0000	0.0000	0.0000	0.0000	0.0023	0.0020	0.0003	0.0004	0.0004	0.0000	0.0019	0.0016	0.0003	0.0380	0.0274	0.0105	0.0172	0.0167	0.0005	0.0207	0.0107	0.0101	41.3247	67.0876	0.0000	105.5902	103.7197	0.0000	27.5347	7261.6781	0.0000	0.0002	0.0001	0.0004	0.0002	0.0002	0.0000	0.0002	0.0000	0.0004
63	69	0.0824	5	2	0	2	0	0	0	0	0	Y	N	Y	N	N	N	N	N	N	N	N	N	0.0000	0.0000	0.0000	0.0000	0.0000	0.0000	0.0000	0.0000	0.0000	0.0000	0.0000	0.0000	0.0000	0.0000	0.0000	0.0000	0.0000	0.0000	0.0000	0.0000	0.0000	0.0000	0.0417	0.0000	-0.0000	3.9990	1.0000	8.8702	3.0001	0.0000	0.0000	0.0000	0.0000	0.0000	0.0000	0.0000	0.0000	0.0000	0.0000	0.0000	0.0000	0.0000	0.0000	0.0000	0.0000	0.0000	0.0000	0.0170	0.0145	0.0024	0.0007	0.0007	0.0001	0.0162	0.0138	0.0024	0.0376	0.0227	0.0149	0.0099	0.0088	0.0010	0.0278	0.0139	0.0139	0.0000	0.0000	0.0000	0.0000	0.0000	0.0000	0.0000	0.0000	0.0000	0.0000	0.0000	0.0000	0.0000	0.0000	0.0000	0.0000	0.0000	0.0000						
63	70	0.0824	4	2	0	2	0	0	0	0	0	Y	N	Y	N	N	N	N	N	N	N	N	N	0.0000	0.0000	0.0000	0.0000	0.0000	0.0000	0.0000	0.0000	0.0000	0.0000	0.0000	0.0000	0.0000	0.0000	0.0000	0.0000	0.0008	0.0007	0.0011	0.0010	0.0010	0.0000	0.0007	0.0000	0.0011	1.0100	0.0000	-0.0000	3.9990	0.0000	8.8702	0.0009	0.0000	0.0000	0.0000	0.0000	0.0000	0.0000	0.0000	0.0000	0.0000	0.0000	0.0000	0.0000	0.0000	0.0000	0.0000	0.0000	0.0000	0.0000	0.0000	0.0000	0.0000	0.0000	0.0000	0.0000	0.0000	0.0000	0.0000	0.0000	0.0000	0.0000	0.0000	0.0000	0.0000	0.0000	0.0000	0.0000	0.0000	0.0000	0.0000	0.0000	0.0000	0.0000	0.0000	0.0000	0.0000	0.0008	0.0007	0.0011	0.0010	0.0010	0.0000	0.0007	0.0000	0.0011			
63	71	0.0494	3	2	0	2	0	0	0	0	0	Y	N	Y	N	N	N	N	N	N	N	N	N	1.7595	9.6067	1.5381	0.3132	0.8725	0.0000	1.9866	inf	1.8296	0.0150	0.0130	0.0278	0.0040	0.0042	0.0000	0.0152	0.0131	0.0279	0.0086	0.0014	0.0181	0.0127	0.0048	0.0792	0.0077	0.0000	0.0153	0.3483	10.1277	-0.0008	0.0005	3.9990	9.9966	8.8702	12.9129	0.0027	0.0020	0.0007	0.0000	0.0000	0.0000	0.0027	0.0020	0.0007	0.0018	0.0002	0.0016	0.0005	0.0002	0.0003	0.0013	0.0000	0.0013	0.1801	0.1549	0.0252	0.0025	0.0024	0.0001	0.1776	0.1526	0.0251	0.2082	0.1185	0.0897	0.0370	0.0331	0.0039	0.1712	0.0854	0.0858	1.7595	9.6067	1.5381	0.3132	0.8725	0.0000	1.9866	inf	1.8296	0.0086	0.0014	0.0181	0.0127	0.0048	0.0792	0.0077	0.0000	0.0153
63	72	0.0826	4	1	1	1	1	0	0	0	0	N	N	N	N	N	N	N	N	N	N	N	N	0.0000	0.0000	0.0000	0.0000	0.0000	0.0000	0.0000	0.0000	0.0000	0.0000	0.0000	0.0000	0.0000	0.0000	0.0000	0.0000	0.0000	0.0000	2.3351	3.7678	0.0389	0.0040	0.0038	0.0056	3.2647	6.3031	0.0425	0.0064	0.0000	-0.6107	3.9990	13.0000	8.8702	39.1663	0.0000	0.0000	0.0000	0.0000	0.0000	0.0000	0.0000	0.0000	0.0000	1.0039	0.9974	0.0064	0.0005	0.0004	0.0001	1.0034	0.9970	0.0063	0.2296	0.1980	0.0316	0.0132	0.0125	0.0007	0.2164	0.1855	0.0309	0.4299	0.2647	0.1652	0.1226	0.1065	0.0160	0.3073	0.1582	0.1492	0.0000	0.0000	0.0000	0.0000	0.0000	0.0000	0.0000	0.0000	0.0000	2.3351	3.7678	0.0389	0.0040	0.0038	0.0056	3.2647	6.3031	0.0425	
63	73	0.0851	5	1	1	1	0	0	0	0	0	N	N	N	N	N	N	N	N	N	N	N	N	0.0000	0.0000	0.0000	0.0000	0.0000	0.0000	0.0000	0.0000	0.0000	0.0000	0.0000	0.0000	0.0000	0.0000	0.0000	0.0000	0.0000	0.0004	0.0006	0.0000	0.0012	0.0013	0.0001	0.0000	0.0000	0.0000	0.0177	0.0000	-0.0001	3.9990	3.0003	8.8702	18.1082	0.0000	0.0000	0.0000	0.0000	0.0000	0.0000	0.0000	0.0000	0.0000	0.0001	0.0001	0.0000	0.0001	0.0001	0.0000	0.0000	0.0000	0.0000	0.0551	0.0475	0.0076	0.0032	0.0030	0.0002	0.0519	0.0445	0.0075	0.2255	0.1453	0.0802	0.0744	0.0669	0.0075	0.1512	0.0784	0.0727	0.0000	0.0000	0.0000	0.0000	0.0000	0.0000	0.0000	0.0000	0.0000	0.0004	0.0006	0.0000	0.0012	0.0013	0.0001	0.0000	0.0000	0.0000		
63	74	0.0460	2	1	1	1	0	0	0	0	0	N	N	N	N	N	N	N	N	N	N	N	N	1.8496	0.0000	348498.1938	0.0047	0.0045	0.0000	1.5580	0.0000	363041.6258	7.7670	0.0001	55.1262	0.0041	0.0044	0.0000	7.8812	0.0000	55.4274	4.1992	7.2787	0.0002	0.8798	0.9683	0.0003	5.0585	10.3012	0.0002	129892.0981	0.0000	0.4488	-0.6416	3.9990	7.0046	8.8702	18.1036	0.9934	0.0000	0.9934	0.0000	0.0000	0.0000	0.9934	0.0000	0.9934	1.0437	1.0437	0.0000	0.0450	0.0450	0.0000	0.9987	0.9987	0.0000	0.1279	0.1099	0.0180	0.0019	0.0018	0.0001	0.1261	0.1081	0.0179	0.2485	0.1434	0.1052	0.0511	0.0464	0.0047	0.1974	0.0969	0.1005	1.8496	0.0000	348498.1938	0.0047	0.0045	0.0000	1.5580	0.0000	363041.6258	4.1992	7.2787	0.0002	0.8798	0.9683	0.0003	5.0585	10.3012	0.0002
63	77	0.1001	8	1	1	1	0	0	0	0	0	N	N	N	N	N	N	N	N	N	N	N	N	19215.2343	14600.8943	0.0000	1.4324	1.3417	0.0000	15906590.8105	47710247.8613	0.0000	4.3410	5.0382	0.0000	0.0009	0.0010	0.0000	4.5521	5.3121	0.0000	0.0002	0.0003	0.0000	0.0007	0.0007	0.0000	0.0000	0.0000	0.0000	0.0000	0.0009	-0.5481	-0.0000	3.9990	8.6571	8.8702	16.0761	0.9998	0.9998	0.0000	0.0000	0.0000	0.0000	0.9998	0.9998	0.0000	0.0001	0.0001	0.0000	0.0001	0.0001	0.0000	0.0000	0.0000	0.0000	0.2303	0.1985	0.0319	0.0107	0.0102	0.0004	0.2196	0.1882	0.0314	0.3496	0.2287	0.1209	0.1207	0.1083	0.0124	0.2289	0.1204	0.1085	19215.2343	14600.8943	0.0000	1.4324	1.3417	0.0000	15906590.8105	47710247.8613	0.0000	0.0002	0.0003	0.0000	0.0007	0.0007	0.0000	0.0000	0.0000	0.0000
63	78	0.0997	7	1	1	1	0	0	0	0	0	N	N	N	N	N	N	N	N	N	N	N	N	27.7806	41.1110	0.0125	67.5112	66.2895	0.0000	28.7904	9850.3244	0.0119	0.0053	0.0061	0.0000	0.0166	0.0170	0.0000	0.0043	0.0050	0.0000	0.0002	0.0001	0.0003	0.0002	0.0003	0.0000	0.0002	0.0000	0.0003	0.0001	0.8269	-0.0000	-0.0000	3.9990	0.3645	8.8702	1.9845	0.0000	0.0000	0.0000	0.0000	0.0000	0.0000	0.0000	0.0000	0.0000	0.0000	0.0000	0.0000	0.0000	0.0000	0.0000	0.0000	0.0000	0.0000	0.0075	0.0065	0.0010	0.0006	0.0006	0.0000	0.0069	0.0059	0.0010	0.0488	0.0344	0.0145	0.0208	0.0199	0.0009	0.0280	0.0145	0.0136	27.7806	41.1110	0.0125	67.5112	66.2895	0.0000	28.7904	9850.3244	0.0119	0.0002	0.0001	0.0003	0.0002	0.0003	0.0000	0.0002	0.0000	0.0003
63	79	0.0902	6	1	0	1	0	0	0	0	0	N	N	N	N	N	N	N	N	N	N	N	N	0.2572	0.1886	0.0000	0.0000	0.0000	0.0000	2.0564	1.2651	0.0000	0.0002	0.0002	0.0000	0.0000	0.0000	0.0000	0.0002	0.0002	0.0000	0.0006	0.0010	0.0000	0.0017	0.0019	0.0000	0.0001	0.0002	0.0000	0.0000	0.0018	-0.0000	-0.0001	3.9990	2.9108	8.8702	14.2456	0.0000	0.0000	0.0000	0.0000	0.0000	0.0000	0.0000	0.0000	0.0000	0.0001	0.0001	0.0000	0.0001	0.0001	0.0000	0.0000	0.0000	0.0000	0.0623	0.0546	0.0077	0.0074	0.0072	0.0002	0.0549	0.0474	0.0075	0.1717	0.1102	0.0615	0.0570	0.0503	0.0067	0.1147	0.0599	0.0548	0.2572	0.1886	0.0000	0.0000	0.0000	0.0000	2.0564	1.2651	0.0000	0.0006	0.0010	0.0000	0.0017	0.0019	0.0000	0.0001	0.0002	0.0000
63	80	0.0851	5	1	0	1	0	0	0	0	0	N	N	N	N	N	N	N	N	N	N	N	N	0.0000	0.0000	0.0000	0.0000	0.0000	0.0000	0.0000	0.0000	0.0000	0.0000	0.0000	0.0000	0.0000	0.0000	0.0000	0.0000	0.0000	0.0000	0.0019	0.0027	0.0002	0.0046	0.0049	0.0002	0.0002	0.0002	0.0002	0.0403	0.0000	-0.0001	3.9990	0.1009	8.8702	7.5203	0.0000	0.0000	0.0000	0.0000	0.0000	0.0000	0.0000	0.0000	0.0000	0.0002	0.0002	0.0000	0.0002	0.0002	0.0000	0.0000	0.0000	0.0000	0.0019	0.0017	0.0003	0.0001	0.0001	0.0000	0.0018	0.0015	0.0003	0.1148	0.0772	0.0376	0.0433	0.0404	0.0029	0.0715	0.0368	0.0347	0.0000	0.0000	0.0000	0.0000	0.0000	0.0000	0.0000	0.0000	0.0000	0.0019	0.0027	0.0002	0.0046	0.0049	0.0002	0.0002	0.0002	0.0002	
63	81	0.0826	4	1	0	1	0	0	0	0	0	N	N	N	N	N	N	N	N	N	N	N	N	0.0000	0.0000	0.0000	0.0000	0.0000	0.0000	0.0000	0.0000	0.0000	0.0000	0.0000	0.0000	0.0000	0.0000	0.0000	0.0000	0.0000	0.0000	0.0066	0.0056	0.0083	0.0124	0.0091	0.0599	0.0031	0.0011	0.0047	0.8882	0.0000	-0.0001	3.9990	0.0014	8.8702	3.7882	0.0000	0.0000	0.0000	0.0000	0.0000	0.0000	0.0000	0.0000	0.0000	0.0004	0.0002	0.0002	0.0003	0.0002	0.0001	0.0001	0.0000	0.0001	0.0000	0.0000	0.0000	0.0000	0.0000	0.0000	0.0000	0.0000	0.0000	0.0586	0.0366	0.0221	0.0221	0.0207	0.0014	0.0366	0.0159	0.0206	0.0000	0.0000	0.0000	0.0000	0.0000	0.0000	0.0000	0.0000	0.0000	0.0066	0.0056	0.0083	0.0124	0.0091	0.0599	0.0031	0.0011	0.0047	
63	82	0.0983	7	1	1	1	0	0	0	0	0	N	N	N	N	N	N	N	N	N	N	N	N	0.0018	0.0015	0.0000	0.0078	0.0079	0.0000	0.0000	0.0000	0.0000	0.0000	0.0000	0.0000	0.0002	0.0002	0.0000	0.0000	0.0000	0.0000	0.0081	0.0115	0.0021	0.0252	0.0265	0.0158	0.0002	0.0000	0.0004	0.0000	0.0985	-0.0000	-0.0012	3.9990	7.9116	8.8702	21.1247	0.0000	0.0000	0.0000	0.0000	0.0000	0.0000	0.0000	0.0000	0.0000	0.0022	0.0020	0.0002	0.0022	0.0020	0.0002	0.0000	0.0000	0.0000	0.1454	0.1255	0.0198	0.0111	0.0105	0.0006	0.1343	0.1151	0.0192	0.2729	0.1758	0.0971	0.0868	0.0765	0.0103	0.1861	0.0993	0.0868	0.0018	0.0015	0.0000	0.0078	0.0079	0.0000	0.0000	0.0000	0.0000	0.0081	0.0115	0.0021	0.0252	0.0265	0.0158	0.0002	0.0000	0.0004
63	83	0.1162	8	2	1	1	0	0	0	0	0	Y	N	N	N	N	N	N	N	N	N	N	N	0.0000	0.0000	0.0000	0.0000	0.0000	0.0000	0.0000	0.0000	0.0000	0.0000	0.0000	0.0000	0.0000	26.3372	35.9679	0.0000	61.8766	66.2257	0.0000	0.0000	0.0000	0.0000	0.0000	0.0000	-0.5108	3.9990	0.0000	8.8702	1.8333	0.0000	0.0000	0.0000	0.0000	0.0000	0.0000	0.0000	0.0000	0.0000	0.8309	0.8309	0.0000	0.8309	0.8309	0.0000	0.0000	0.0000	0.0000	0.0000	0.0000	0.0000	0.0000	0.0000	0.0000	0.0000	0.0000	0.0000	0.0338	0.0231	0.0107	0.0134	0.0125	0.0009	0.0204	0.0106	0.0099	0.0000	0.0000	0.0000	0.0000	0.0000	0.0000	0.0000	0.0000	0.0000	24.5486	35.9679	0.0000	61.8766	66.2257	0.0000	0.0000	0.0000	0.0000						
63	84	0.0983	7	2	1	1	0	0	0	0	0	Y	N	N	N	N	N	N	N	N	N	N	N	0.0038	0.0000	0.0074	0.0984	0.0000	0.4169	0.0028	0.0000	0.0066	0.0156	0.0000	0.1145	0.0010	0.0000	0.0171	0.0169	0.0000	0.1178	4.0814	0.0028	15.4657	0.0100	0.0061	0.0410	6.0772	0.0000	17.7667	inf	2273.9430	0.0009	0.3193	3.9990	6.9552	8.8702	13.1226	0.0020	0.0000	0.0020	0.0000	0.0000	0.0000	0.0020	0.0000	0.0020	0.8299	0.0004	0.8295	0.0007	0.0004	0.0003	0.8292	0.0000	0.8292	0.1286	0.1111	0.0175	0.0101	0.0096	0.0006	0.1185	0.1015	0.0170	0.2033	0.1326	0.0708	0.0669	0.0595	0.0074	0.1364	0.0731	0.0633	0.0038	0.0000	0.0098	0.0984	0.0000	0.4169	0.0028	0.0000	0.0090	4.0814	0.0028	11.7232	0.0100	0.0061	0.0410	6.0772	0.0000	13.0915
63	85	0.0953	6	1	1	1	0	0	0	0	0	N	N	N	N	N	N	N	N	N	N	N	N	0.0064	0.0005	0.0214	0.0011	0.0009	0.0056	0.0072	0.0000	0.0243	0.0002	0.0000	0.0021	0.0000	0.0000	0.0001	0.0004	0.0000	0.0026	0.0376	0.0094	0.0960	0.0143	0.0148	0.0091	0.0506	0.0042	0.1050	54.5589	4.9444	0.0000	0.0007	3.9990	0.3374	8.8702	6.1146	0.0000	0.0000	0.0000	0.0000	0.0000	0.0000	0.0000	0.0000	0.0000	0.0031	0.0005	0.0025	0.0004	0.0004	0.0000	0.0026	0.0001	0.0025	0.0092	0.0082	0.0011	0.0033	0.0030	0.0002	0.0060	0.0051	0.0009	0.0815	0.0550	0.0265	0.0292	0.0268	0.0025	0.0522	0.0282	0.0240	0.0064	0.0005	0.0214	0.0011	0.0009	0.0056	0.0072	0.0000	0.0243	0.0376	0.0094	0.0960	0.0143	0.0148	0.0091	0.0506	0.0042	0.1050
63	86	0.0953	6	1	1	1	0	0	0	0	0	N	N	N	N	N	N	N	N	N	N	N	N	0.0000	0.0000	0.0000	0.0009	0.0013	0.0000	0.0000	0.0000	0.0000	0.0000	0.0000	0.0000	0.0000	0.0000	0.0000	0.0000	0.0000	0.0000	4.4541	6.9366	0.0014	0.0032	0.0023	0.0097	6.5093	12.2323	0.0004	0.0000	0.0001	-0.0000	-0.6140	3.9990	11.0342	8.8702	12.7513	0.0000	0.0000	0.0000	0.0000	0.0000	0.0000	0.0000	0.0000	0.0000	0.9989	0.9988	0.0001	0.0002	0.0001	0.0001	0.9987	0.9987	0.0000	0.1991	0.1719	0.0272	0.0143	0.0135	0.0008	0.1848	0.1584	0.0264	0.2243	0.1440	0.0803	0.0708	0.0624	0.0085	0.1534	0.0816	0.0718	0.0000	0.0000	0.0000	0.0009	0.0013	0.0000	0.0000	0.0000	0.0000	4.4541	6.9366	0.0014	0.0032	0.0023	0.0097	6.5093	12.2323	0.0004
63	87	0.0876	5	1	1	1	0	0	0	0	0	N	N	N	N	N	N	N	N	N	N	N	N	0.0000	0.0000	0.0018	0.0000	0.0000	0.0000	0.0001	0.0000	0.0023	0.0000	0.0000	0.0000	0.0000	0.0000	0.0000	0.0000	0.0000	0.0000	0.0488	0.0775	0.0022	0.1272	0.1465	0.0051	0.0052	0.0088	0.0018	inf	0.0177	0.0000	-0.0034	3.9990	3.9739	8.8702	6.2820	0.0000	0.0000	0.0000	0.0000	0.0000	0.0000	0.0000	0.0000	0.0000	0.0057	0.0056	0.0001	0.0053	0.0053	0.0000	0.0004	0.0003	0.0001	0.0727	0.0627	0.0101	0.0042	0.0040	0.0002	0.0685	0.0587	0.0098	0.1170	0.0724	0.0446	0.0419	0.0361	0.0057	0.0752	0.0363	0.0389	0.0000	0.0000	0.0018	0.0000	0.0000	0.0000	0.0001	0.0000	0.0023	0.0488	0.0775	0.0022	0.1272	0.1465	0.0051	0.0052	0.0088	0.0018
63	88	0.0826	4	1	1	1	0	0	0	0	0	N	N	N	N	N	N	N	N	N	N	N	N	0.0000	0.0000	0.0000	0.0000	0.0000	0.0000	0.0000	0.0000	0.0000	0.0000	0.0000	0.0000	0.0000	0.0000	0.0000	0.0000	0.0000	0.0000	0.0727	0.0050	0.1841	0.1270	0.0092	2.0477	0.0426	0.0005	0.0782	22.1329	0.0000	0.0019	3.9990	0.0056	8.8702	5.7021	0.0000	0.0000	0.0000	0.0000	0.0000	0.0000	0.0000	0.0000	0.0000	0.0055	0.0002	0.0052	0.0034	0.0002	0.0032	0.0021	0.0000	0.0021	0.0001	0.0001	0.0000	0.0000	0.0000	0.0000	0.0001	0.0001	0.0000	0.0754	0.0470	0.0285	0.0268	0.0247	0.0021	0.0486	0.0222	0.0264	0.0000	0.0000	0.0000	0.0000	0.0000	0.0000	0.0000	0.0000	0.0000	0.0727	0.0050	0.1841	0.1270	0.0092	1.4980	0.0426	0.0005	0.0782	
63	92	0.1710	8	1	0	1	0	0	0	0	0	N	N	N	N	N	N	N	N	N	N	N	N	1.1327	14.0155	0.0000	0.1279	0.1352	0.0000	0.7265	496957.6965	0.0000	1.6730	1.9223	0.0000	0.0284	0.0298	0.0000	1.9610	2.2919	0.0000	1.4770	0.1372	4.3605	0.2220	0.2200	0.2344	2.6991	0.0000	5.4823	0.0000	14.7724	-0.5462	0.3424	3.9990	24.8682	8.8702	39.8855	0.9963	0.9963	0.0000	0.0025	0.0025	0.0000	0.9938	0.9938	0.0000	1.0639	0.0675	0.9964	0.0789	0.0674	0.0114	0.9850	0.0000	0.9850	0.5955	0.5183	0.0772	0.0887	0.0847	0.0040	0.5068	0.4336	0.0732	0.7203	0.4918	0.2285	0.3554	0.3065	0.0488	0.3649	0.1853	0.1797	1.1327	14.0155	0.0000	0.1279	0.1352	0.0000	0.7265	496957.6965	0.0000	1.4770	0.1372	4.3605	0.2220	0.2200	0.2344	2.6991	0.0000	5.4823
64	65	0.0694	5	1	1	1	0	0	0	0	0	N	N	N	N	N	N	N	N	N	N	N	N	63.8022	53.9078	0.0252	0.1421	0.1384	0.0017	47.6306	30.7204	0.0237	3.3102	3.8779	0.0005	0.0018	0.0018	0.0000	3.5787	4.2396	0.0005	0.0519	0.0719	0.0180	0.0125	0.0132	0.0063	0.0751	0.1380	0.0193	0.0000	0.1479	-0.5477	-0.0146	3.9972	15.6632	6.8232	35.0639	0.9991	0.9991	0.0000	0.0000	0.0000	0.0000	0.9991	0.9991	0.0000	0.0301	0.0263	0.0039	0.0027	0.0026	0.0001	0.0275	0.0237	0.0037	0.3018	0.2576	0.0442	0.0227	0.0220	0.0007	0.2792	0.2356	0.0435	0.5810	0.3651	0.2160	0.2156	0.1933	0.0224	0.3654	0.1718	0.1936	63.8022	53.9078	0.0252	0.1421	0.1384	0.0017	47.6306	30.7204	0.0237	0.0519	0.0719	0.0180	0.0125	0.0132	0.0063	0.0751	0.1380	0.0193
64	66	0.0694	5	1	0	2	0	0	0	0	0	N	N	Y	N	N	N	N	N	N	N	N	N	0.0064	0.0050	0.0000	0.0824	0.0752	0.0000	0.0000	0.0000	0.0000	0.0001	0.0001	0.0000	0.0009	0.0009	0.0000	0.0000	0.0000	0.0000	0.0145	0.0216	0.0011	0.0110	0.0123	0.0000	0.0176	0.0378	0.0013	0.0000	0.0275	-0.0000	-0.0030	3.9972	4.9998	6.8232	10.1184	0.0000	0.0000	0.0000	0.0000	0.0000	0.0000	0.0000	0.0000	0.0000	0.0050	0.0049	0.0001	0.0018	0.0018	0.0000	0.0033	0.0031	0.0001	0.1073	0.0919	0.0154	0.0111	0.0108	0.0003	0.0962	0.0811	0.0151	0.3468	0.2267	0.1201	0.1613	0.1437	0.0176	0.1855	0.0831	0.1025	0.0064	0.0050	0.0000	0.0824	0.0752	0.0000	0.0000	0.0000	0.0000	0.0145	0.0216	0.0011	0.0110	0.0123	0.0000	0.0176	0.0378	0.0013
64	67	0.0738	7	1	1	1	0	0	0	0	0	N	N	N	N	N	N	N	N	N	N	N	N	0.0017	0.0409	0.0000	0.0000	0.0000	0.0000	0.0013	0.0352	0.0000	0.0007	0.0008	0.0000	0.0000	0.0000	0.0000	0.0008	0.0009	0.0000	0.4116	0.0205	1.0479	0.0137	0.0146	0.0002	0.5923	0.0259	1.1028	0.0000	31.3689	-0.0001	0.0389	3.9972	10.9928	6.8232	18.5513	0.0001	0.0001	0.0000	0.0000	0.0000	0.0000	0.0001	0.0001	0.0000	0.1098	0.0034	0.1064	0.0011	0.0011	0.0000	0.1087	0.0022	0.1064	0.2087	0.1788	0.0298	0.0150	0.0140	0.0009	0.1937	0.1648	0.0289	0.2668	0.1652	0.1015	0.0833	0.0783	0.0050	0.1835	0.0870	0.0965	0.0017	0.0409	0.0000	0.0000	0.0000	0.0000	0.0013	0.0352	0.0000	0.4116	0.0205	1.0479	0.0137	0.0146	0.0002	0.5923	0.0259	1.1028
64	68	0.0738	6	1	0	1	0	0	0	0	0	N	N	N	N	N	N	N	N	N	N	N	N	0.0012	0.0016	0.0000	0.0014	0.0015	0.0000	0.0012	0.2586	0.0000	0.0000	0.0000	0.0000	0.0000	0.0000	0.0000	0.0000	0.0000	0.0000	0.0005	0.0004	0.0007	0.0007	0.0007	0.0024	0.0004	0.0000	0.0007	0.0000	0.8338	-0.0000	-0.0000	3.9972	0.0861	6.8232	1.0715	0.0000	0.0000	0.0000	0.0000	0.0000	0.0000	0.0000	0.0000	0.0000	0.0000	0.0000	0.0000	0.0000	0.0000	0.0000	0.0000	0.0000	0.0000	0.0043	0.0039	0.0004	0.0014	0.0014	0.0000	0.0029	0.0025	0.0004	0.0395	0.0264	0.0132	0.0180	0.0175	0.0005	0.0216	0.0089	0.0127	0.0012	0.0016	0.0000	0.0014	0.0015	0.0000	0.0012	0.2586	0.0000	0.0005	0.0004	0.0007	0.0007	0.0007	0.0024	0.0004	0.0000	0.0007
64	69	0.0566	4	2	0	2	0	0	0	0	0	Y	N	Y	N	N	N	N	N	N	N	N	N	0.0000	0.0000	0.0000	0.0000	0.0000	0.0000	0.0000	0.0000	0.0000	0.0000	0.0000	0.0000	0.0000	0.0000	0.0000	0.0000	0.0000	0.0000	0.0000	0.0000	0.0000	0.0000	0.0000	0.0000	0.0000	0.2145	0.0000	-0.0000	3.9972	1.0000	6.8232	3.0001	0.0000	0.0000	0.0000	0.0000	0.0000	0.0000	0.0000	0.0000	0.0000	0.0000	0.0000	0.0000	0.0000	0.0000	0.0000	0.0000	0.0000	0.0000	0.0196	0.0166	0.0030	0.0011	0.0010	0.0000	0.0185	0.0156	0.0030	0.0358	0.0206	0.0152	0.0069	0.0066	0.0002	0.0290	0.0140	0.0150	0.0000	0.0000	0.0000	0.0000	0.0000	0.0000	0.0000	0.0000	0.0000	0.0000	0.0000	0.0000	0.0000	0.0000	0.0000	0.0000	0.0000	0.0000			
64	70	0.0566	3	2	0	2	0	0	0	0	0	Y	N	Y	N	N	N	N	N	N	N	N	N	0.0000	0.0000	0.0000	0.0000	0.0000	0.0000	0.0000	0.0000	0.0000	0.0000	0.0000	0.0000	0.0000	0.0000	0.0000	0.0000	0.0032	0.0029	0.0036	0.0037	0.0037	0.0000	0.0028	0.0000	0.0036	1.0000	0.0000	-0.0000	3.9972	0.0000	6.8232	0.0009	0.0000	0.0000	0.0000	0.0000	0.0000	0.0000	0.0000	0.0000	0.0000	0.0000	0.0000	0.0000	0.0000	0.0000	0.0000	0.0000	0.0000	0.0000	0.0000	0.0000	0.0000	0.0000	0.0000	0.0000	0.0000	0.0000	0.0000	0.0000	0.0000	0.0000	0.0000	0.0000	0.0000	0.0000	0.0000	0.0000	0.0000	0.0000	0.0000	0.0000	0.0000	0.0000	0.0000	0.0000	0.0000	0.0032	0.0029	0.0036	0.0037	0.0037	0.0000	0.0028	0.0000	0.0036			
64	71	0.0236	2	2	0	2	0	0	0	0	0	Y	N	Y	N	N	N	N	N	N	N	N	N	3.4060	982.7016	5.2339	2.6890	7.7313	0.0001	2.5074	1686.4861	5.2292	10.3999	6.1284	34.3712	0.0652	0.0654	0.0020	10.6771	6.3204	34.3851	3.0535	0.0062	6.5671	0.0242	0.0085	19.8779	4.2582	0.0037	6.5756	0.9994	913.2635	-0.0963	0.3822	3.9972	9.9966	6.8232	12.9129	1.9914	0.9960	0.9954	0.0003	0.0003	0.0000	1.9911	0.9957	0.9954	0.9948	0.0011	0.9938	0.0022	0.0008	0.0015	0.9926	0.0003	0.9923	0.1915	0.1625	0.0290	0.0050	0.0050	0.0000	0.1865	0.1575	0.0289	0.3258	0.1745	0.1513	0.0927	0.0923	0.0004	0.2331	0.0822	0.1509	3.4060	982.7016	5.2339	2.6890	7.7313	0.0006	2.5074	1686.4861	5.2292	3.0535	0.0062	6.5671	0.0242	0.0085	3.4968	4.2582	0.0037	6.5756
64	72	0.0568	3	1	1	1	1	0	0	0	0	N	N	N	N	N	N	N	N	N	N	N	N	0.0000	0.0000	0.0000	0.0000	0.0000	0.0000	0.0000	0.0000	0.0000	0.0000	0.0000	0.0000	0.0000	0.0000	0.0000	0.0000	0.0000	0.0000	2.4010	0.0138	5.7899	0.0057	0.0050	0.0163	3.0804	0.0186	5.9827	295.8742	0.0000	0.3798	3.9972	13.0000	6.8232	39.1663	0.0000	0.0000	0.0000	0.0000	0.0000	0.0000	0.0000	0.0000	0.0000	0.9944	0.0033	0.9911	0.0005	0.0004	0.0001	0.9939	0.0029	0.9910	0.2453	0.2087	0.0366	0.0145	0.0140	0.0005	0.2309	0.1947	0.0361	0.4142	0.2430	0.1712	0.0915	0.0860	0.0055	0.3226	0.1570	0.1656	0.0000	0.0000	0.0000	0.0000	0.0000	0.0000	0.0000	0.0000	0.0000	2.4010	0.0138	5.7899	0.0057	0.0050	0.0163	3.0804	0.0186	5.9827	
64	73	0.0592	4	1	1	1	0	0	0	0	0	N	N	N	N	N	N	N	N	N	N	N	N	0.0000	0.0000	0.0000	0.0000	0.0000	0.0000	0.0000	0.0000	0.0000	0.0000	0.0000	0.0000	0.0000	0.0000	0.0000	0.0000	0.0000	0.0005	0.0000	0.0011	0.0001	0.0000	0.0004	0.0006	0.0000	0.0012	58.1501	0.0000	0.0000	3.9972	3.0003	6.8232	18.1082	0.0000	0.0000	0.0000	0.0000	0.0000	0.0000	0.0000	0.0000	0.0000	0.0001	0.0000	0.0001	0.0000	0.0000	0.0000	0.0001	0.0000	0.0001	0.0589	0.0500	0.0089	0.0035	0.0034	0.0001	0.0554	0.0466	0.0088	0.2055	0.1248	0.0808	0.0529	0.0503	0.0026	0.1527	0.0745	0.0782	0.0000	0.0000	0.0000	0.0000	0.0000	0.0000	0.0000	0.0000	0.0000	0.0005	0.0000	0.0011	0.0001	0.0000	0.0004	0.0006	0.0000	0.0012		
64	77	0.0743	7	1	1	1	0	0	0	0	0	N	N	N	N	N	N	N	N	N	N	N	N	0.3375	0.2420	0.0000	0.5806	0.5507	0.0000	4.0777	2.4038	0.0000	0.0011	0.0013	0.0000	0.0068	0.0070	0.0000	0.0009	0.0011	0.0000	0.0034	0.0054	0.0000	0.0117	0.0127	0.0001	0.0002	0.0004	0.0000	0.0000	0.0007	-0.0001	-0.0004	3.9972	8.6571	6.8232	16.0761	0.0002	0.0002	0.0000	0.0000	0.0000	0.0000	0.0001	0.0001	0.0000	0.0006	0.0006	0.0000	0.0006	0.0006	0.0000	0.0000	0.0000	0.0000	0.1586	0.1365	0.0221	0.0059	0.0057	0.0002	0.1527	0.1308	0.0219	0.1822	0.1124	0.0698	0.0498	0.0457	0.0041	0.1324	0.0666	0.0657	0.3375	0.2420	0.0000	0.5806	0.5507	0.0000	4.0777	2.4038	0.0000	0.0034	0.0054	0.0000	0.0117	0.0127	0.0001	0.0002	0.0004	0.0000
64	78	0.0738	6	1	1	1	0	0	0	0	0	N	N	N	N	N	N	N	N	N	N	N	N	7.5542	0.0013	57.4768	0.0016	0.0012	0.0000	15.8688	0.0166	65.0989	0.0041	0.0000	0.0333	0.0000	0.0000	0.0000	0.0050	0.0000	0.0343	0.0005	0.0005	0.0006	0.0009	0.0008	0.0018	0.0003	0.0000	0.0005	6768.9087	0.5824	0.0000	-0.0000	3.9972	0.3645	6.8232	1.9845	0.0000	0.0000	0.0000	0.0000	0.0000	0.0000	0.0000	0.0000	0.0000	0.0000	0.0000	0.0000	0.0000	0.0000	0.0000	0.0000	0.0000	0.0000	0.0097	0.0085	0.0012	0.0018	0.0018	0.0000	0.0080	0.0068	0.0012	0.0498	0.0326	0.0172	0.0209	0.0202	0.0007	0.0288	0.0124	0.0164	7.5542	0.0013	57.4768	0.0016	0.0012	0.0000	15.8688	0.0166	65.0989	0.0005	0.0005	0.0006	0.0009	0.0008	0.0018	0.0003	0.0000	0.0005
64	79	0.0644	5	1	0	1	0	0	0	0	0	N	N	N	N	N	N	N	N	N	N	N	N	0.0000	0.0000	0.0000	0.0000	0.0000	0.0000	0.0001	0.0002	0.0000	0.0000	0.0000	0.0000	0.0000	0.0000	0.0000	0.0000	0.0000	0.0000	0.0018	0.0020	0.0015	0.0060	0.0045	0.0265	0.0002	0.0002	0.0003	0.0000	0.4873	-0.0000	-0.0001	3.9972	2.9108	6.8232	14.2456	0.0000	0.0000	0.0000	0.0000	0.0000	0.0000	0.0000	0.0000	0.0000	0.0003	0.0002	0.0001	0.0003	0.0002	0.0001	0.0000	0.0000	0.0000	0.0638	0.0550	0.0088	0.0066	0.0065	0.0001	0.0572	0.0485	0.0087	0.1621	0.0986	0.0635	0.0453	0.0422	0.0030	0.1168	0.0563	0.0605	0.0000	0.0000	0.0000	0.0000	0.0000	0.0000	0.0001	0.0002	0.0000	0.0018	0.0020	0.0015	0.0060	0.0045	0.0265	0.0002	0.0002	0.0003
64	80	0.0592	4	1	0	1	0	0	0	0	0	N	N	N	N	N	N	N	N	N	N	N	N	0.0000	0.0000	0.0000	0.0000	0.0000	0.0000	0.0000	0.0000	0.0000	0.0000	0.0000	0.0000	0.0000	0.0000	0.0000	0.0000	0.0000	0.0000	0.0016	0.0024	0.0003	0.0046	0.0048	0.0014	0.0003	0.0003	0.0003	0.0753	0.0000	-0.0001	3.9972	0.1009	6.8232	7.5203	0.0000	0.0000	0.0000	0.0000	0.0000	0.0000	0.0000	0.0000	0.0000	0.0002	0.0001	0.0000	0.0001	0.0001	0.0000	0.0000	0.0000	0.0000	0.0020	0.0017	0.0003	0.0001	0.0001	0.0000	0.0019	0.0016	0.0003	0.0969	0.0615	0.0354	0.0298	0.0288	0.0010	0.0671	0.0327	0.0344	0.0000	0.0000	0.0000	0.0000	0.0000	0.0000	0.0000	0.0000	0.0000	0.0016	0.0024	0.0003	0.0046	0.0048	0.0014	0.0003	0.0003	0.0003	
64	81	0.0568	3	1	0	1	0	0	0	0	0	N	N	N	N	N	N	N	N	N	N	N	N	0.0000	0.0000	0.0000	0.0000	0.0000	0.0000	0.0000	0.0000	0.0000	0.0000	0.0000	0.0000	0.0000	0.0000	0.0000	0.0000	0.0000	0.0000	0.0061	0.0086	0.0025	0.0106	0.0104	0.0148	0.0042	0.0068	0.0021	0.1941	-0.0000	-0.0001	3.9972	0.0014	6.8232	3.7882	0.0000	0.0000	0.0000	0.0000	0.0000	0.0000	0.0000	0.0000	0.0000	0.0003	0.0002	0.0000	0.0002	0.0001	0.0000	0.0001	0.0001	0.0000	0.0000	0.0000	0.0000	0.0000	0.0000	0.0000	0.0000	0.0000	0.0000	0.0476	0.0284	0.0192	0.0143	0.0139	0.0005	0.0333	0.0146	0.0188	0.0000	0.0000	0.0000	0.0000	0.0000	0.0000	0.0000	0.0000	0.0000	0.0061	0.0086	0.0025	0.0106	0.0104	0.0148	0.0042	0.0068	0.0021	
64	82	0.0724	6	1	1	1	0	0	0	0	0	N	N	N	N	N	N	N	N	N	N	N	N	0.1566	5.3067	0.0000	9.0788	27.9140	0.0000	0.0000	0.0000	0.0000	0.0067	0.0078	0.0000	0.0690	0.0715	0.0000	0.0000	0.0000	0.0000	0.0425	0.0015	0.1053	0.0076	0.0026	0.1294	0.0594	0.0003	0.1045	0.0000	46.8657	-0.0006	0.0055	3.9972	7.9116	6.8232	21.1247	0.0011	0.0011	0.0000	0.0011	0.0011	0.0000	0.0000	0.0000	0.0000	0.0150	0.0003	0.0147	0.0009	0.0003	0.0006	0.0141	0.0000	0.0141	0.1630	0.1392	0.0238	0.0157	0.0152	0.0005	0.1473	0.1240	0.0233	0.3530	0.2135	0.1396	0.1152	0.1106	0.0046	0.2379	0.1029	0.1350	0.1566	5.3067	0.0000	9.0788	27.9140	0.0000	0.0000	0.0000	0.0000	0.0425	0.0015	0.1053	0.0076	0.0026	0.1294	0.0594	0.0003	0.1045
64	83	0.0904	7	2	1	1	0	0	0	0	0	Y	N	N	N	N	N	N	N	N	N	N	N	0.0000	0.0000	0.0000	0.0000	0.0000	0.0000	0.0000	0.0000	0.0000	0.0000	0.0000	0.0000	0.0000	0.0000	0.0000	0.0000	0.0000	0.0000	0.1060	0.1595	0.0021	0.3187	0.3317	0.0253	0.0005	0.0000	0.0011	0.0068	0.0000	-0.0015	3.9972	0.0000	6.8232	1.8333	0.0000	0.0000	0.0000	0.0000	0.0000	0.0000	0.0000	0.0000	0.0000	0.0025	0.0025	0.0000	0.0025	0.0025	0.0000	0.0000	0.0000	0.0000	0.0000	0.0000	0.0000	0.0000	0.0000	0.0000	0.0000	0.0000	0.0000	0.0233	0.0154	0.0079	0.0077	0.0074	0.0003	0.0156	0.0080	0.0076	0.0000	0.0000	0.0000	0.0000	0.0000	0.0000	0.0000	0.0000	0.0000	0.1060	0.1595	0.0021	0.3187	0.3317	0.0253	0.0005	0.0000	0.0011	
64	84	0.0724	6	2	1	1	0	0	0	0	0	Y	N	N	N	N	N	N	N	N	N	N	N	124.2216	0.0492	344.9588	0.0815	0.1183	0.0000	92.0892	0.0470	345.5209	6.8488	0.0001	47.0076	0.0003	0.0003	0.0000	7.6204	0.0001	48.1814	0.0551	0.0024	0.1363	0.0039	0.0028	0.0350	0.0827	0.0019	0.1394	68197.8290	37.0825	0.4494	0.0057	3.9972	6.9552	6.8232	13.1226	0.9946	0.0000	0.9946	0.0000	0.0000	0.0000	0.9946	0.0000	0.9946	0.0159	0.0004	0.0154	0.0004	0.0003	0.0001	0.0155	0.0001	0.0153	0.1452	0.1241	0.0212	0.0147	0.0142	0.0005	0.1305	0.1099	0.0206	0.2877	0.1743	0.1133	0.1007	0.0973	0.0034	0.1870	0.0771	0.1099	124.2216	0.0492	344.9588	0.0815	0.1183	0.0000	92.0892	0.0470	345.5209	0.0551	0.0024	0.1363	0.0039	0.0028	0.0350	0.0827	0.0019	0.1394
64	85	0.0694	5	1	1	1	0	0	0	0	0	N	N	N	N	N	N	N	N	N	N	N	N	0.0143	0.4433	0.0240	0.7753	1.0574	0.0000	0.0125	0.0007	0.0287	0.1109	0.0023	0.8250	0.0066	0.0070	0.0000	0.1562	0.0000	0.9365	7.7757	0.0052	34.3786	0.0085	0.0066	0.1083	12.4883	0.0027	32.6793	54.5148	2576.5559	0.0005	0.3744	3.9972	0.3374	6.8232	6.1146	0.0011	0.0000	0.0011	0.0000	0.0000	0.0000	0.0011	0.0000	0.0011	0.9729	0.0004	0.9725	0.0004	0.0003	0.0001	0.9725	0.0001	0.9724	0.0100	0.0086	0.0013	0.0030	0.0029	0.0002	0.0069	0.0058	0.0012	0.1251	0.0727	0.0524	0.0472	0.0464	0.0009	0.0779	0.0264	0.0515	0.0143	0.4433	0.0445	0.7753	1.0574	0.0000	0.0125	0.0007	0.0496	7.7757	0.0052	18.5528	0.0085	0.0066	0.1083	12.4883	0.0027	18.8736
64	86	0.0694	5	1	1	1	0	0	0	0	0	N	N	N	N	N	N	N	N	N	N	N	N	0.0017	0.0013	0.0000	0.0086	0.0087	0.0000	0.0000	0.0000	0.0000	0.0001	0.0001	0.0000	0.0014	0.0014	0.0000	0.0000	0.0000	0.0000	0.0541	0.0844	0.0110	0.1572	0.1622	0.0336	0.0111	0.0121	0.0104	0.0000	0.0922	-0.0000	-0.0075	3.9972	11.0342	6.8232	12.7513	0.0000	0.0000	0.0000	0.0000	0.0000	0.0000	0.0000	0.0000	0.0000	0.0142	0.0130	0.0012	0.0121	0.0120	0.0001	0.0021	0.0010	0.0011	0.2126	0.1810	0.0316	0.0147	0.0142	0.0005	0.1979	0.1668	0.0311	0.2626	0.1541	0.1085	0.0772	0.0742	0.0030	0.1854	0.0799	0.1055	0.0017	0.0013	0.0000	0.0086	0.0087	0.0000	0.0000	0.0000	0.0000	0.0541	0.0844	0.0110	0.1572	0.1622	0.0336	0.0111	0.0121	0.0104
64	87	0.0617	4	1	1	1	0	0	0	0	0	N	N	N	N	N	N	N	N	N	N	N	N	0.0017	0.0000	0.0065	0.0000	0.0000	0.0000	0.0018	0.0000	0.0064	0.0003	0.0000	0.0017	0.0000	0.0000	0.0000	0.0003	0.0000	0.0017	0.1474	0.0652	0.2605	0.1359	0.1433	0.0134	0.1517	0.0027	0.2701	inf	2.9023	0.0000	0.0020	3.9972	3.9739	6.8232	6.2820	0.0000	0.0000	0.0000	0.0000	0.0000	0.0000	0.0000	0.0000	0.0000	0.0159	0.0041	0.0118	0.0040	0.0040	0.0000	0.0119	0.0001	0.0118	0.0777	0.0660	0.0117	0.0046	0.0045	0.0001	0.0731	0.0616	0.0116	0.1076	0.0623	0.0453	0.0294	0.0277	0.0017	0.0782	0.0346	0.0436	0.0017	0.0000	0.0065	0.0000	0.0000	0.0000	0.0018	0.0000	0.0064	0.1474	0.0652	0.2605	0.1359	0.1433	0.0134	0.1517	0.0027	0.2701
64	88	0.0568	3	1	1	1	0	0	0	0	0	N	N	N	N	N	N	N	N	N	N	N	N	0.0000	0.0000	0.0000	0.0000	0.0000	0.0000	0.0000	0.0000	0.0000	0.0000	0.0000	0.0000	0.0000	0.0000	0.0000	0.0000	0.0000	0.0000	0.0618	0.0894	0.0217	0.0113	0.0115	0.0048	0.0813	0.1531	0.0221	0.1664	0.0000	-0.0019	3.9972	0.0056	6.8232	5.7021	0.0000	0.0000	0.0000	0.0000	0.0000	0.0000	0.0000	0.0000	0.0000	0.0040	0.0034	0.0006	0.0002	0.0002	0.0000	0.0038	0.0032	0.0006	0.0001	0.0001	0.0000	0.0000	0.0000	0.0000	0.0001	0.0001	0.0000	0.0640	0.0379	0.0261	0.0178	0.0171	0.0007	0.0462	0.0209	0.0254	0.0000	0.0000	0.0000	0.0000	0.0000	0.0000	0.0000	0.0000	0.0000	0.0618	0.0894	0.0217	0.0113	0.0115	0.0048	0.0813	0.1531	0.0221	
64	92	0.1452	7	1	0	1	0	0	0	0	0	N	N	N	N	N	N	N	N	N	N	N	N	31.6369	36.9938	0.0001	112.0306	117.1304	0.0002	13.2714	17.4626	0.0001	0.8424	0.9729	0.0000	3.2126	3.4100	0.0000	0.3290	0.3873	0.0000	0.0266	0.0263	0.0274	0.0287	0.0291	0.0257	0.0248	0.0222	0.0278	0.0000	0.4600	-0.2322	-0.0045	3.9972	24.8682	6.8232	39.8855	0.4236	0.4236	0.0000	0.2876	0.2876	0.0000	0.1360	0.1360	0.0000	0.0149	0.0102	0.0047	0.0076	0.0067	0.0009	0.0073	0.0035	0.0038	0.5028	0.4354	0.0674	0.0895	0.0843	0.0052	0.4133	0.3510	0.0623	0.5598	0.3882	0.1716	0.2648	0.2306	0.0342	0.2949	0.1576	0.1374	31.6369	36.9938	0.0001	112.0306	117.1304	0.0002	13.2714	17.4626	0.0001	0.0266	0.0263	0.0274	0.0287	0.0291	0.0257	0.0248	0.0222	0.0278
65	67	0.0870	7	0	2	0	0	0	0	0	0	N	Y	N	N	N	N	N	N	N	N	N	N	0.0015	0.0037	0.0000	0.9108	1.9781	0.0002	0.0000	0.0000	0.0000	0.0037	0.0043	0.0000	0.0650	0.0704	0.0001	0.0000	0.0000	0.0000	2.3885	1.1742	4.2702	0.0714	0.0356	0.5982	3.3504	2.1131	4.4536	0.0002	2.3470	-0.0016	0.2395	15.6632	10.9928	35.0639	18.5513	0.0028	0.0028	0.0000	0.0028	0.0028	0.0000	0.0000	0.0000	0.0000	2.7691	0.8273	1.9418	0.0243	0.0113	0.0129	2.7448	0.8160	1.9288	0.7700	0.6563	0.1138	0.0438	0.0405	0.0033	0.7262	0.6158	0.1104	1.1593	0.7046	0.4547	0.3401	0.3185	0.0216	0.8192	0.3862	0.4331	0.0015	0.0037	0.0000	0.9108	1.9781	0.0002	0.0000	0.0000	0.0000	2.3885	1.1742	4.2702	0.0714	0.0356	0.5982	3.3504	2.1131	4.4536
65	68	0.0870	6	0	1	0	0	0	0	0	0	N	N	N	N	N	N	N	N	N	N	N	N	0.0133	0.0144	0.0196	0.0198	0.0193	0.3724	0.0100	0.0895	0.0186	0.0085	0.0076	0.0159	0.0135	0.0133	0.0395	0.0060	0.0045	0.0152	0.6388	0.5315	0.8094	0.6819	0.6880	0.1060	0.6008	0.0499	0.8185	0.2322	0.9572	-0.0000	-0.0240	15.6632	0.0861	35.0639	1.0715	0.0001	0.0001	0.0000	0.0001	0.0001	0.0000	0.0001	0.0000	0.0000	0.1907	0.0974	0.0933	0.0953	0.0952	0.0002	0.0953	0.0022	0.0931	0.0159	0.0143	0.0016	0.0052	0.0051	0.0000	0.0107	0.0091	0.0015	0.2985	0.1833	0.1152	0.1398	0.1384	0.0015	0.1587	0.0449	0.1138	0.0133	0.0144	0.0196	0.0198	0.0193	0.3724	0.0100	0.0895	0.0186	0.6388	0.5315	0.8094	0.6819	0.6880	0.1060	0.6008	0.0499	0.8185
65	69	0.1361	6	1	1	1	0	0	0	0	0	N	N	N	N	N	N	N	N	N	N	N	N	0.0000	0.0000	0.0000	0.0000	0.0000	0.0000	0.0000	0.0000	0.0000	0.0000	0.0000	0.0000	0.0000	0.0000	0.0000	0.0000	0.0000	0.0068	0.0104	0.0011	0.0212	0.0240	0.0000	0.0006	0.0001	0.0012	0.0659	0.0000	-0.0005	15.6632	1.0000	35.0639	3.0001	0.0000	0.0000	0.0000	0.0000	0.0000	0.0000	0.0000	0.0000	0.0000	0.0009	0.0009	0.0001	0.0009	0.0009	0.0000	0.0001	0.0000	0.0001	0.0718	0.0608	0.0110	0.0063	0.0060	0.0003	0.0655	0.0549	0.0107	0.1360	0.0835	0.0525	0.0407	0.0359	0.0048	0.0953	0.0476	0.0477	0.0000	0.0000	0.0000	0.0000	0.0000	0.0000	0.0000	0.0000	0.0000	0.0068	0.0104	0.0011	0.0212	0.0240	0.0000	0.0006	0.0001	0.0012		
65	70	0.1361	5	1	1	1	0	0	0	0	0	N	N	N	N	N	N	N	N	N	N	N	N	0.0000	0.0000	0.0000	0.0000	0.0000	0.0000	0.0000	0.0000	0.0000	0.0000	0.0000	0.0000	0.0000	0.0000	0.0000	0.0000	0.0000	0.0000	1.1510	1.0518	1.2983	1.2291	1.3188	0.0004	1.0813	0.3090	1.4106	0.8314	0.0000	-0.0000	15.6632	0.0000	35.0639	0.0009	0.0000	0.0000	0.0000	0.0000	0.0000	0.0000	0.0000	0.0000	0.0000	0.0001	0.0001	0.0001	0.0001	0.0001	0.0000	0.0001	0.0000	0.0001	0.0000	0.0000	0.0000	0.0000	0.0000	0.0000	0.0000	0.0000	0.0000	0.0001	0.0001	0.0000	0.0001	0.0000	0.0000	0.0001	0.0000	0.0000	0.0000	0.0000	0.0000	0.0000	0.0000	0.0000	0.0000	0.0000	0.0000	1.1510	1.0518	1.2983	1.2291	1.3188	0.0004	1.0813	0.3090	1.4106	
65	71	0.1031	4	1	1	1	0	0	0	0	0	N	N	N	N	N	N	N	N	N	N	N	N	0.0022	0.0040	0.0000	0.1057	0.0961	0.0000	0.0000	0.0000	0.0000	0.0040	0.0048	0.0000	0.0752	0.0784	0.0000	0.0000	0.0000	0.0000	1.8761	1.1845	2.9292	0.7116	0.8153	0.0031	2.3385	1.4419	3.2242	0.0000	1.6238	-0.0016	0.0063	15.6632	9.9966	35.0639	12.9129	0.0028	0.0028	0.0000	0.0028	0.0028	0.0000	0.0000	0.0000	0.0000	1.5353	0.5852	0.9502	0.1655	0.1654	0.0001	1.3698	0.4197	0.9501	0.7028	0.5971	0.1057	0.0378	0.0362	0.0015	0.6651	0.5609	0.1042	0.8184	0.4940	0.3244	0.2326	0.2029	0.0297	0.5858	0.2911	0.2947	0.0022	0.0040	0.0000	0.1057	0.0961	0.0000	0.0000	0.0000	0.0000	1.8761	1.1845	2.9292	0.7116	0.8153	0.0031	2.3385	1.4419	3.2242
65	72	0.0699	3	0	2	0	1	0	0	0	0	N	Y	N	N	N	N	N	N	N	N	N	N	0.0005	0.0007	0.0000	0.1041	0.1159	0.0000	0.0000	0.0000	0.0000	0.0010	0.0011	0.0000	0.0528	0.0536	0.0000	0.0000	0.0000	0.0000	1.7814	1.6306	1.9832	0.5076	0.4623	2.1448	2.0741	2.1609	1.9926	0.0000	0.9092	-0.0005	-0.4199	15.6632	13.0000	35.0639	39.1663	0.0009	0.0009	0.0000	0.0009	0.0009	0.0000	0.0000	0.0000	0.0000	3.0311	1.5877	1.4435	0.1613	0.1405	0.0208	2.8698	1.4472	1.4227	0.9061	0.7648	0.1413	0.0165	0.0162	0.0002	0.8896	0.7486	0.1411	1.7015	0.9737	0.7279	0.3179	0.3040	0.0139	1.3837	0.6697	0.7140	0.0005	0.0007	0.0000	0.1041	0.1159	0.0000	0.0000	0.0000	0.0000	1.7814	1.6306	1.9832	0.5076	0.4623	1.4984	2.0741	2.1609	1.9926
65	73	0.0724	4	0	2	0	0	0	0	0	0	N	Y	N	N	N	N	N	N	N	N	N	N	0.0056	0.0122	0.0000	0.2419	0.2392	0.0000	0.0000	11.2117	0.0000	0.0003	0.0004	0.0000	0.0165	0.0167	0.0000	0.0000	0.0000	0.0000	0.0543	0.0298	0.0905	0.0682	0.0700	0.0061	0.0494	0.0000	0.0921	0.0001	2.0557	-0.0000	0.0030	15.6632	3.0003	35.0639	18.1082	0.0001	0.0001	0.0000	0.0001	0.0001	0.0000	0.0000	0.0000	0.0000	0.0524	0.0172	0.0353	0.0172	0.0172	0.0000	0.0352	0.0000	0.0352	0.2175	0.1833	0.0342	0.0040	0.0040	0.0001	0.2135	0.1793	0.0342	0.9646	0.5751	0.3895	0.2522	0.2451	0.0072	0.7124	0.3301	0.3823	0.0056	0.0122	0.0000	0.2419	0.2392	0.0000	0.0000	11.2117	0.0000	0.0543	0.0298	0.0905	0.0682	0.0700	0.0061	0.0494	0.0000	0.0921
65	74	0.1065	5	0	2	0	0	0	0	0	0	N	Y	N	N	N	N	N	N	N	N	N	N	0.0008	1.1312	0.0000	5.8352	7.1639	0.0000	0.0000	0.0000	0.0000	0.0008	0.0009	0.0000	0.0116	0.0120	0.0000	0.0000	0.0000	0.0000	0.9960	0.0008	2.5780	0.0020	0.0017	0.0047	1.4441	0.0001	2.8083	0.0000	2050.8811	-0.0002	0.3849	15.6632	7.0046	35.0639	18.1036	0.0004	0.0004	0.0000	0.0004	0.0004	0.0000	0.0000	0.0000	0.0000	1.0004	0.0005	0.9999	0.0006	0.0005	0.0002	0.9997	0.0000	0.9997	0.5118	0.4360	0.0758	0.0337	0.0326	0.0011	0.4781	0.4034	0.0747	1.0044	0.6166	0.3878	0.3121	0.2803	0.0319	0.6923	0.3363	0.3560	0.0008	1.1312	0.0000	5.8352	7.1639	0.0000	0.0000	0.0000	0.0000	0.9960	0.0008	2.5780	0.0020	0.0017	0.0047	1.4441	0.0001	2.8083
65	75	0.1031	4	0	1	0	0	0	0	0	0	N	N	N	N	N	N	N	N	N	N	N	N	0.0222	0.0329	0.0096	0.0255	0.0218	0.0010	0.0187	0.0478	0.0077	0.0227	0.0240	0.0145	0.0190	0.0194	0.0001	0.0230	0.0245	0.0147	1.0187	0.7289	1.5163	0.7463	0.8923	0.0550	1.2285	0.5135	1.8957	0.1001	1.2117	-0.0002	-0.0151	15.6632	0.2435	35.0639	3.2922	0.0004	0.0004	0.0000	0.0000	0.0000	0.0000	0.0004	0.0004	0.0000	0.2258	0.1021	0.1237	0.0720	0.0711	0.0009	0.1538	0.0310	0.1228	0.0194	0.0167	0.0028	0.0018	0.0017	0.0000	0.0176	0.0149	0.0027	0.2217	0.1401	0.0816	0.0965	0.0797	0.0168	0.1252	0.0604	0.0648	0.0222	0.0329	0.0096	0.0255	0.0218	0.0010	0.0187	0.0478	0.0077	1.0187	0.7289	1.5163	0.7463	0.8923	0.0550	1.2285	0.5135	1.8957
65	76	0.0699	3	0	1	0	0	0	0	0	0	N	N	N	N	N	N	N	N	N	N	N	N	0.0051	0.0046	0.0000	0.1075	0.1052	0.0000	0.0000	0.0000	0.0000	0.0007	0.0009	0.0000	0.0396	0.0402	0.0000	0.0000	0.0000	0.0000	0.1402	0.1849	0.0814	0.3681	0.3817	0.0000	0.0788	0.0741	0.0829	0.0000	0.3351	-0.0002	-0.0523	15.6632	7.0044	35.0639	20.1113	0.0004	0.0004	0.0000	0.0004	0.0004	0.0000	0.0000	0.0000	0.0000	0.1437	0.1076	0.0361	0.0800	0.0800	0.0000	0.0637	0.0276	0.0361	0.4996	0.4212	0.0784	0.0091	0.0090	0.0001	0.4905	0.4123	0.0782	1.0248	0.5819	0.4429	0.2174	0.2096	0.0078	0.8074	0.3723	0.4351	0.0051	0.0046	0.0000	0.1075	0.1052	0.0000	0.0000	0.0000	0.0000	0.1402	0.1849	0.0814	0.3681	0.3817	0.0000	0.0788	0.0741	0.0829
65	77	0.0874	7	0	2	0	0	0	0	0	0	N	Y	N	N	N	N	N	N	N	N	N	N	0.0000	0.0000	0.0000	0.0000	0.0000	0.0000	0.0000	0.0000	0.0000	0.0000	0.0000	0.0000	0.0000	0.0000	0.0000	0.0000	0.0000	0.0000	0.1969	0.3193	0.0134	0.6817	0.7189	0.0000	0.0074	0.0000	0.0139	0.0280	0.0000	-0.1104	15.6632	8.6571	35.0639	16.0761	0.0000	0.0000	0.0000	0.0000	0.0000	0.0000	0.0000	0.0000	0.0000	0.1878	0.1827	0.0051	0.1827	0.1827	0.0000	0.0051	0.0000	0.0051	0.6092	0.5191	0.0902	0.0283	0.0275	0.0008	0.5809	0.4915	0.0894	0.9539	0.5722	0.3817	0.2680	0.2542	0.0138	0.6858	0.3180	0.3678	0.0000	0.0000	0.0000	0.0000	0.0000	0.0000	0.0000	0.0000	0.0000	0.1969	0.3193	0.0134	0.6817	0.7189	0.0000	0.0074	0.0000	0.0139	
65	78	0.0870	6	0	2	0	0	0	0	0	0	N	Y	N	N	N	N	N	N	N	N	N	N	0.0000	0.0000	0.0000	0.0000	0.0000	0.0000	0.0000	0.0000	0.0000	0.0000	0.0000	0.0000	0.0000	0.0000	0.0000	0.0000	0.0000	0.0000	0.7567	1.0074	0.3595	1.3988	1.4216	0.0088	0.2491	0.0005	0.3661	0.2252	-0.0000	-0.1101	15.6632	0.3645	35.0639	1.9845	0.0000	0.0000	0.0000	0.0000	0.0000	0.0000	0.0000	0.0000	0.0000	0.2554	0.2085	0.0469	0.2085	0.2084	0.0000	0.0470	0.0000	0.0469	0.0358	0.0312	0.0046	0.0062	0.0060	0.0001	0.0297	0.0252	0.0045	0.3375	0.2069	0.1306	0.1490	0.1466	0.0024	0.1885	0.0603	0.1282	0.0000	0.0000	0.0000	0.0000	0.0000	0.0000	0.0000	0.0000	0.0000	0.7567	1.0074	0.3595	1.3988	1.4216	0.0088	0.2491	0.0005	0.3661	
65	79	0.0776	5	0	1	0	0	0	0	0	0	N	N	N	N	N	N	N	N	N	N	N	N	0.0629	0.0859	0.0000	0.5416	0.5410	0.0038	0.0014	0.0318	0.0000	0.0155	0.0182	0.0000	0.2416	0.2515	0.0001	0.0002	0.0003	0.0000	0.2467	0.2123	0.2985	0.4461	0.4648	0.0145	0.1692	0.0086	0.3071	0.0000	0.9336	-0.0020	-0.0255	15.6632	2.9108	35.0639	14.2456	0.0036	0.0036	0.0000	0.0035	0.0035	0.0000	0.0001	0.0000	0.0000	0.1930	0.0998	0.0932	0.0977	0.0976	0.0001	0.0953	0.0022	0.0931	0.2310	0.1968	0.0343	0.0146	0.0141	0.0006	0.2164	0.1827	0.0337	0.7822	0.4701	0.3122	0.2190	0.2099	0.0091	0.5632	0.2601	0.3031	0.0629	0.0859	0.0000	0.5416	0.5410	0.0038	0.0014	0.0318	0.0000	0.2467	0.2123	0.2985	0.4461	0.4648	0.0145	0.1692	0.0086	0.3071
65	80	0.0724	4	0	1	0	0	0	0	0	0	N	N	N	N	N	N	N	N	N	N	N	N	0.6415	3.6082	0.0000	1.9587	1.9989	0.0022	0.4809	1600.9062	0.0000	0.3949	0.4681	0.0000	0.4549	0.4650	0.0005	0.3931	0.4682	0.0000	0.6155	0.1297	1.3741	0.2323	0.2326	0.2098	0.8174	0.0003	1.3904	0.0000	6.7833	-0.0016	0.0874	15.6632	0.1009	35.0639	7.5203	0.0030	0.0030	0.0000	0.0001	0.0001	0.0000	0.0029	0.0029	0.0000	0.3402	0.0437	0.2965	0.0443	0.0437	0.0006	0.2959	0.0000	0.2959	0.0076	0.0064	0.0012	0.0002	0.0002	0.0000	0.0073	0.0062	0.0012	0.5527	0.3369	0.2158	0.1907	0.1877	0.0030	0.3620	0.1492	0.2128	0.6415	3.6082	0.0000	1.9587	1.9989	0.0022	0.4809	1600.9062	0.0000	0.6155	0.1297	1.3741	0.2323	0.2326	0.2098	0.8174	0.0003	1.3904
65	81	0.0699	3	0	1	0	0	0	0	0	0	N	N	N	N	N	N	N	N	N	N	N	N	0.0438	0.4859	0.0000	0.4080	0.4100	0.0000	0.0296	16.2219	0.0000	0.1651	0.1961	0.0000	0.2497	0.2534	0.0000	0.1636	0.1948	0.0000	3.7681	0.4036	7.8159	0.6120	0.6182	0.0416	5.5173	0.0120	7.8823	0.0000	16.0967	-0.0000	0.3760	15.6632	0.0014	35.0639	3.7882	0.0000	0.0000	0.0000	0.0000	0.0000	0.0000	0.0000	0.0000	0.0000	1.1505	0.0673	1.0832	0.0666	0.0666	0.0000	1.0839	0.0007	1.0832	0.0001	0.0001	0.0000	0.0000	0.0000	0.0000	0.0001	0.0001	0.0000	0.3053	0.1667	0.1386	0.1089	0.1077	0.0012	0.1965	0.0590	0.1374	0.0438	0.4859	0.0000	0.4080	0.4100	0.0000	0.0296	16.2219	0.0000	3.7681	0.4036	7.8159	0.6120	0.6182	0.0416	5.5173	0.0120	7.8823
65	82	0.0856	6	0	2	0	0	0	0	0	0	N	Y	N	N	N	N	N	N	N	N	N	N	118.4804	89.7403	0.0058	22.5893	23.6872	2.6696	5797.9941	63548.3694	0.0009	1.0959	1.3194	0.0000	0.6470	0.7791	0.0000	1.1623	1.3993	0.0000	0.0092	0.0147	0.0003	0.0286	0.0329	0.0000	0.0002	0.0000	0.0004	0.0000	0.0142	-0.4047	-0.0074	15.6632	7.9116	35.0639	21.1247	0.7383	0.7383	0.0000	0.0562	0.0562	0.0000	0.6821	0.6821	0.0000	0.0123	0.0121	0.0002	0.0121	0.0121	0.0000	0.0002	0.0000	0.0002	0.6737	0.5596	0.1141	0.0868	0.0721	0.0147	0.5869	0.4875	0.0994	1.3258	0.8224	0.5033	0.4218	0.3673	0.0545	0.9040	0.4551	0.4488	118.4804	89.7403	0.0058	22.5893	23.6872	2.6696	5797.9941	63548.3694	0.0009	0.0092	0.0147	0.0003	0.0286	0.0329	0.0000	0.0002	0.0000	0.0004
65	83	0.1036	7	1	2	0	0	0	0	0	0	N	Y	N	N	N	N	N	N	N	N	N	N	0.0000	0.0000	0.0000	0.0000	0.0000	0.0000	0.0000	0.0000	0.0000	0.0000	0.0000	0.0000	0.0000	0.0000	0.0000	0.0000	0.0000	0.0000	0.0000	0.0000	15.6632	0.0000	35.0639	1.8333	0.0000	0.0000	0.0000	0.0000	0.0000	0.0000	0.0000	0.0000	0.0000	0.0000	0.0000	0.0000	0.0000	0.0000	0.0000	0.0000	0.0000	0.0000	0.0000	0.0000	0.0000	0.0000	0.0000	0.0000	0.0000	0.0000	0.0000	0.0946	0.0614	0.0332	0.0310	0.0291	0.0019	0.0636	0.0323	0.0313	0.0000	0.0000	0.0000	0.0000	0.0000	0.0000	0.0000	0.0000	0.0000	0.0000	0.0000	0.0000	0.0000	0.0000	0.0000	0.0000	0.0000	0.0000											
65	84	0.0856	6	1	2	0	0	0	0	0	0	N	Y	N	N	N	N	N	N	N	N	N	N	1.2441	0.0004	56597.1460	14.4650	0.0379	57814.5328	0.8216	0.0000	56371.6370	1.3169	0.0006	7.6963	1.3871	0.0042	8.0347	1.3054	0.0000	7.6403	1.0585	1.6749	0.0001	0.0959	0.1109	0.0001	1.5889	3.1546	0.0001	2625.5570	0.0000	0.3618	-0.6972	15.6632	6.9552	35.0639	13.1226	0.8015	0.0003	0.8012	0.1190	0.0003	0.1187	0.6825	0.0000	0.6825	1.1342	1.1342	0.0001	0.0365	0.0365	0.0000	1.0977	1.0977	0.0000	0.6087	0.5045	0.1041	0.0858	0.0710	0.0148	0.5229	0.4335	0.0893	1.0716	0.6772	0.3944	0.3807	0.3292	0.0515	0.6909	0.3480	0.3429	1.2441	0.0004	56597.1460	14.4650	0.0379	57814.5328	0.8216	0.0000	56371.6370	1.0585	1.6749	0.0001	0.0959	0.1109	0.0001	1.5889	3.1546	0.0001
65	85	0.0826	5	0	2	0	0	0	0	0	0	N	Y	N	N	N	N	N	N	N	N	N	N	2.7464	1.5511	124.0777	0.7292	0.5985	29.3300	3.0134	1.3086	137.7004	3.2723	3.0076	4.4690	0.6464	0.5663	2.2751	4.0483	3.8901	4.6067	1.1915	1.9390	0.0360	0.8865	0.9461	0.0776	1.3434	2.9727	0.0335	0.3286	0.0120	-0.0409	-0.2750	15.6632	0.3374	35.0639	6.1146	0.1360	0.1023	0.0336	0.0061	0.0051	0.0010	0.1298	0.0972	0.0326	0.4561	0.4507	0.0054	0.1128	0.1122	0.0007	0.3432	0.3385	0.0047	0.0416	0.0340	0.0075	0.0095	0.0090	0.0004	0.0321	0.0250	0.0071	0.3828	0.2324	0.1504	0.1273	0.1185	0.0087	0.2555	0.1139	0.1416	2.7464	1.5511	124.0777	0.7292	0.5985	29.3300	3.0134	1.3086	137.7004	1.1915	1.9390	0.0360	0.8865	0.9461	0.0776	1.3434	2.9727	0.0335
65	86	0.0826	5	0	2	0	0	0	0	0	0	N	Y	N	N	N	N	N	N	N	N	N	N	0.0037	0.1306	0.0000	1.5843	1.5321	0.0009	0.0000	0.0028	0.0000	0.0037	0.0044	0.0000	0.1179	0.1215	0.0000	0.0000	0.0000	0.0000	1.0025	0.0338	2.3972	0.0744	0.0793	0.0039	1.2854	0.0071	2.4884	0.0000	49.2413	-0.0016	0.3379	15.6632	11.0342	35.0639	12.7513	0.0029	0.0029	0.0000	0.0029	0.0029	0.0000	0.0000	0.0000	0.0000	0.9250	0.0184	0.9066	0.0160	0.0160	0.0001	0.9089	0.0024	0.9065	0.7886	0.6652	0.1234	0.0248	0.0241	0.0007	0.7638	0.6411	0.1227	0.9227	0.5445	0.3782	0.2156	0.2017	0.0139	0.7071	0.3429	0.3643	0.0037	0.1306	0.0000	1.5843	1.5321	0.0009	0.0000	0.0028	0.0000	1.0025	0.0338	2.3972	0.0744	0.0793	0.0039	1.2854	0.0071	2.4884
65	87	0.0749	4	0	2	0	0	0	0	0	0	N	Y	N	N	N	N	N	N	N	N	N	N	0.1216	0.1231	0.0572	0.5578	0.5274	22.2640	0.1195	0.1284	0.0543	0.0108	0.0120	0.0044	0.0641	0.0640	0.0682	0.0098	0.0108	0.0043	0.0890	0.0976	0.0774	0.1148	0.1213	0.0031	0.0817	0.0842	0.0796	0.0689	0.5920	-0.0015	-0.0088	15.6632	3.9739	35.0639	6.2820	0.0031	0.0029	0.0002	0.0004	0.0003	0.0000	0.0028	0.0026	0.0002	0.0363	0.0228	0.0135	0.0103	0.0103	0.0000	0.0261	0.0126	0.0135	0.2874	0.2422	0.0453	0.0055	0.0055	0.0001	0.2819	0.2367	0.0452	0.4085	0.2339	0.1746	0.0894	0.0845	0.0049	0.3191	0.1494	0.1697	0.1216	0.1231	0.0572	0.5578	0.5274	22.2640	0.1195	0.1284	0.0543	0.0890	0.0976	0.0774	0.1148	0.1213	0.0031	0.0817	0.0842	0.0796
65	88	0.0699	3	0	2	0	0	0	0	0	0	N	Y	N	N	N	N	N	N	N	N	N	N	0.1132	4.1646	0.0000	8.2406	8.4894	0.0000	0.0740	23.8637	0.0000	0.0424	0.0504	0.0000	0.1635	0.1660	0.0000	0.0402	0.0478	0.0000	0.3746	0.0121	0.8200	0.0198	0.0196	0.0394	0.5429	0.0020	0.8283	0.0000	55.1977	-0.0000	0.0507	15.6632	0.0056	35.0639	5.7021	0.0000	0.0000	0.0000	0.0000	0.0000	0.0000	0.0000	0.0000	0.0000	0.1379	0.0025	0.1354	0.0023	0.0023	0.0001	0.1355	0.0002	0.1354	0.0004	0.0003	0.0001	0.0000	0.0000	0.0000	0.0004	0.0003	0.0001	0.3681	0.2029	0.1652	0.1184	0.1167	0.0017	0.2497	0.0862	0.1634	0.1132	4.1646	0.0000	8.2406	8.4894	0.0000	0.0740	23.8637	0.0000	0.3746	0.0121	0.8200	0.0198	0.0196	0.0394	0.5429	0.0020	0.8283
65	89	0.0574	2	0	1	0	0	0	0	0	0	N	N	N	N	N	N	N	N	N	N	N	N	0.5398	0.4700	0.0081	1.2586	1.2536	0.2824	0.0003	0.0002	0.0070	0.9859	1.4484	0.0001	2.6802	2.8357	0.0003	0.0005	0.0009	0.0001	1.8264	3.0818	0.0156	2.1295	2.2620	0.0010	1.5699	5.3075	0.0166	0.0000	0.0035	-0.1677	-2.5255	15.6632	1.3815	35.0639	12.3424	0.3059	0.3059	0.0000	0.3058	0.3058	0.0000	0.0001	0.0001	0.0000	4.1316	4.1172	0.0144	2.2085	2.2085	0.0001	1.9231	1.9087	0.0144	0.3103	0.2112	0.0991	0.1141	0.1078	0.0063	0.1962	0.1034	0.0928	2.2621	1.3360	0.9262	1.0371	0.9763	0.0608	1.2250	0.3596	0.8654	0.5398	0.4700	0.0081	1.2586	1.2536	0.2824	0.0003	0.0002	0.0070	1.8264	3.0818	0.0156	2.1295	2.2620	0.0010	1.5699	5.3075	0.0166
65	92	0.1331	3	0	1	0	0	0	0	0	0	N	N	N	N	N	N	N	N	N	N	N	N	0.2268	0.3188	0.0000	3.0225	2.9793	0.0006	0.0576	0.0715	0.0000	0.2184	0.2536	0.0000	1.0703	1.1347	0.0001	0.0761	0.0899	0.0000	0.9626	0.7954	1.2574	0.3541	0.3809	0.0942	1.3216	1.2577	1.3806	0.0000	0.8963	-0.2255	-0.3575	15.6632	24.8682	35.0639	39.8855	0.4113	0.4113	0.0000	0.2884	0.2884	0.0000	0.1229	0.1229	0.0000	2.5161	1.3268	1.1893	0.3435	0.3350	0.0085	2.1726	0.9919	1.1807	1.8837	1.6220	0.2617	0.2694	0.2541	0.0153	1.6143	1.3679	0.2464	2.6139	1.6681	0.9458	0.9700	0.8795	0.0905	1.6439	0.7886	0.8552	0.2268	0.3188	0.0000	3.0225	2.9793	0.0006	0.0576	0.0715	0.0000	0.9626	0.7954	1.2574	0.3541	0.3809	0.0942	1.3216	1.2577	1.3806
66	67	0.0773	7	0	1	1	0	0	0	0	0	N	N	N	N	N	N	N	N	N	N	N	N	0.0035	2.6021	0.0000	10.6102	15.5004	0.0000	0.0000	0.0000	0.0000	0.0006	0.0007	0.0000	0.0070	0.0074	0.0000	0.0000	0.0000	0.0000	0.1755	0.0003	0.4926	0.0007	0.0005	0.0055	0.2873	0.0000	0.5130	0.0000	978.4926	-0.0001	0.0454	4.9998	10.9928	10.1184	18.5513	0.0002	0.0002	0.0000	0.0002	0.0002	0.0000	0.0000	0.0000	0.0000	0.1182	0.0001	0.1181	0.0002	0.0001	0.0001	0.1181	0.0000	0.1181	0.2744	0.2349	0.0394	0.0242	0.0230	0.0012	0.2501	0.2119	0.0382	0.6738	0.4341	0.2398	0.2628	0.2532	0.0096	0.4110	0.1808	0.2302	0.0035	2.6021	0.0000	10.6102	15.5004	0.0000	0.0000	0.0000	0.0000	0.1755	0.0003	0.4926	0.0007	0.0005	0.0055	0.2873	0.0000	0.5130
66	68	0.0773	6	0	0	1	0	0	0	0	0	N	N	N	N	N	N	N	N	N	N	N	N	0.0821	0.1029	0.0000	0.1189	0.1194	0.0000	0.0632	811.1261	0.0000	0.0607	0.0678	0.0000	0.0897	0.0907	0.0000	0.0458	0.0541	0.0000	0.7390	0.6588	0.8411	0.7540	0.7599	0.0419	0.7247	0.0001	0.8484	0.0000	1.0040	-0.0002	-0.0200	4.9998	0.0861	10.1184	1.0715	0.0003	0.0003	0.0000	0.0002	0.0002	0.0000	0.0002	0.0002	0.0000	0.1762	0.0879	0.0883	0.0880	0.0879	0.0000	0.0882	0.0000	0.0882	0.0056	0.0050	0.0006	0.0019	0.0019	0.0000	0.0037	0.0031	0.0006	0.2384	0.1335	0.1050	0.1167	0.1157	0.0009	0.1218	0.0178	0.1040	0.0821	0.1029	0.0000	0.1189	0.1194	0.0000	0.0632	811.1261	0.0000	0.7390	0.6588	0.8411	0.7540	0.7599	0.0419	0.7247	0.0001	0.8484
66	69	0.1264	6	1	0	2	0	0	0	0	0	N	N	Y	N	N	N	N	N	N	N	N	N	0.0000	0.0000	0.0000	0.0000	0.0000	0.0000	0.0000	0.0000	0.0000	0.0000	0.0000	0.0000	0.0000	0.0000	0.0000	0.0000	0.0003	0.0004	0.0000	0.0007	0.0007	0.0000	0.0000	0.0000	0.0000	0.0007	0.0000	-0.0000	4.9998	1.0000	10.1184	3.0001	0.0000	0.0000	0.0000	0.0000	0.0000	0.0000	0.0000	0.0000	0.0000	0.0000	0.0000	0.0000	0.0000	0.0000	0.0000	0.0000	0.0000	0.0000	0.0259	0.0220	0.0038	0.0031	0.0030	0.0001	0.0228	0.0190	0.0037	0.0737	0.0493	0.0243	0.0300	0.0269	0.0030	0.0437	0.0224	0.0213	0.0000	0.0000	0.0000	0.0000	0.0000	0.0000	0.0000	0.0000	0.0000	0.0003	0.0004	0.0000	0.0007	0.0007	0.0000	0.0000	0.0000	0.0000			
66	70	0.1264	5	1	0	2	0	0	0	0	0	N	N	Y	N	N	N	N	N	N	N	N	N	0.0000	0.0000	0.0000	0.0000	0.0000	0.0000	0.0000	0.0000	0.0000	0.0000	0.0000	0.0000	0.0000	0.0000	0.0000	0.0000	0.0000	0.6746	0.5443	0.8869	0.6449	0.7175	0.0004	0.7072	0.0000	1.0304	1.0000	0.0000	-0.0000	4.9998	0.0000	10.1184	0.0009	0.0000	0.0000	0.0000	0.0000	0.0000	0.0000	0.0000	0.0000	0.0000	0.0000	0.0000	0.0000	0.0000	0.0000	0.0000	0.0000	0.0000	0.0000	0.0000	0.0000	0.0000	0.0000	0.0000	0.0000	0.0000	0.0000	0.0000	0.0001	0.0000	0.0000	0.0000	0.0000	0.0000	0.0000	0.0000	0.0000	0.0000	0.0000	0.0000	0.0000	0.0000	0.0000	0.0000	0.0000	0.0000	0.6746	0.5443	0.8869	0.6449	0.7175	0.0004	0.7072	0.0000	1.0304		
66	71	0.0934	4	1	0	2	0	0	0	0	0	N	N	Y	N	N	N	N	N	N	N	N	N	0.0000	0.0000	0.0000	0.0000	0.0000	0.0000	0.0000	0.0000	0.0000	0.0000	0.0000	0.0000	0.0000	0.0000	0.0000	0.0000	0.0006	0.0009	0.0001	0.0015	0.0017	0.0000	0.0001	0.0000	0.0002	0.0740	0.0000	-0.0002	4.9998	9.9966	10.1184	12.9129	0.0000	0.0000	0.0000	0.0000	0.0000	0.0000	0.0000	0.0000	0.0000	0.0003	0.0003	0.0000	0.0003	0.0003	0.0000	0.0000	0.0000	0.0000	0.2506	0.2139	0.0367	0.0212	0.0206	0.0005	0.2294	0.1933	0.0362	0.4554	0.3037	0.1518	0.1838	0.1633	0.0205	0.2716	0.1404	0.1313	0.0000	0.0000	0.0000	0.0000	0.0000	0.0000	0.0000	0.0000	0.0000	0.0006	0.0009	0.0001	0.0015	0.0017	0.0000	0.0001	0.0000	0.0002			
66	72	0.0602	3	0	1	1	1	0	0	0	0	N	N	N	N	N	N	N	N	N	N	N	N	0.0000	0.0000	0.0000	0.0000	0.0000	0.0000	0.0000	0.0000	0.0000	0.0000	0.0000	0.0000	0.0000	0.0000	0.0000	0.0000	0.0000	0.1479	0.0003	0.4006	0.0007	0.0006	0.0058	0.2159	0.0000	0.4102	798.6105	0.0000	0.0520	4.9998	13.0000	10.1184	39.1663	0.0000	0.0000	0.0000	0.0000	0.0000	0.0000	0.0000	0.0000	0.0000	0.1353	0.0002	0.1352	0.0002	0.0002	0.0000	0.1351	0.0000	0.1351	0.3229	0.2739	0.0490	0.0165	0.0164	0.0001	0.3064	0.2575	0.0489	0.9151	0.5776	0.3374	0.2891	0.2811	0.0080	0.6260	0.2966	0.3294	0.0000	0.0000	0.0000	0.0000	0.0000	0.0000	0.0000	0.0000	0.0000	0.1479	0.0003	0.4006	0.0007	0.0006	0.0058	0.2159	0.0000	0.4102		
66	73	0.0627	4	0	1	1	0	0	0	0	0	N	N	N	N	N	N	N	N	N	N	N	N	0.0000	0.0000	0.0000	0.0000	0.0000	0.0000	0.0000	0.0000	0.0000	0.0000	0.0000	0.0000	0.0000	0.0000	0.0000	0.0000	0.0000	0.0000	1.7639	0.0280	4.5772	0.0465	0.0474	0.0024	2.7864	0.0000	4.6655	inf	100.7466	0.0000	0.3791	4.9998	3.0003	10.1184	18.1082	0.0000	0.0000	0.0000	0.0000	0.0000	0.0000	0.0000	0.0000	0.0000	1.0097	0.0099	0.9998	0.0099	0.0099	0.0000	0.9998	0.0000	0.9998	0.0776	0.0657	0.0119	0.0040	0.0040	0.0000	0.0736	0.0617	0.0118	0.5724	0.3540	0.2184	0.2136	0.2095	0.0041	0.3588	0.1445	0.2143	0.0000	0.0000	0.0000	0.0000	0.0000	0.0000	0.0000	0.0000	0.0000	1.7639	0.0280	4.5772	0.0465	0.0474	0.0024	2.7864	0.0000	4.6655
66	74	0.0968	5	0	1	1	0	0	0	0	0	N	N	N	N	N	N	N	N	N	N	N	N	0.0000	0.0000	0.0000	0.0001	0.0000	0.0002	0.0000	0.0000	0.0000	0.0000	0.0000	0.0000	0.0000	0.0000	0.0000	0.0000	0.0000	0.0000	3.5528	0.0001	10.7124	0.0040	0.0002	0.0422	6.0634	0.0000	13.8749	inf	47392.5684	0.0000	0.7702	4.9998	7.0046	10.1184	18.1036	0.0000	0.0000	0.0000	0.0000	0.0000	0.0000	0.0000	0.0000	0.0000	1.9993	0.0000	1.9993	0.0009	0.0000	0.0009	1.9984	0.0000	1.9984	0.1821	0.1558	0.0263	0.0173	0.0169	0.0004	0.1648	0.1389	0.0259	0.5627	0.3701	0.1926	0.2332	0.2118	0.0213	0.3296	0.1583	0.1712	0.0000	0.0000	0.0000	0.0001	0.0000	0.0002	0.0000	0.0000	0.0000	3.5528	0.0001	10.3812	0.0040	0.0002	0.0422	6.0634	0.0000	11.6696
66	75	0.0934	4	0	0	1	0	0	0	0	0	N	N	N	N	N	N	N	N	N	N	N	N	0.0001	0.0001	0.0000	0.0196	0.0162	0.0000	0.0000	0.0000	0.0000	0.0000	0.0000	0.0000	0.0000	0.0000	0.0000	0.0000	0.0000	0.0000	0.0111	0.0091	0.0154	0.0002	0.0003	0.0000	0.0242	0.0257	0.0226	0.0000	0.8085	-0.0000	-0.0003	4.9998	0.2435	10.1184	3.2922	0.0000	0.0000	0.0000	0.0000	0.0000	0.0000	0.0000	0.0000	0.0000	0.0017	0.0009	0.0007	0.0000	0.0000	0.0000	0.0017	0.0009	0.0007	0.0069	0.0060	0.0010	0.0008	0.0008	0.0000	0.0061	0.0051	0.0009	0.1505	0.1020	0.0485	0.0822	0.0668	0.0154	0.0683	0.0352	0.0331	0.0001	0.0001	0.0000	0.0196	0.0162	0.0000	0.0000	0.0000	0.0000	0.0111	0.0091	0.0154	0.0002	0.0003	0.0000	0.0242	0.0257	0.0226
66	76	0.0602	3	0	0	1	0	0	0	0	0	N	N	N	N	N	N	N	N	N	N	N	N	46.7392	33.9481	0.0000	0.0000	inf	inf	5.6147	6.6263	0.0000	0.0000	0.0000	0.0000	5.9172	7.0479	0.0000	0.1201	0.1952	0.0000	0.3544	0.3627	0.0000	0.0000	0.0000	0.0000	0.0000	0.0000	-0.5482	-0.0428	4.9998	7.0044	10.1184	20.1113	1.0000	1.0000	0.0000	0.0000	0.0000	0.0000	1.0000	1.0000	0.0000	0.0697	0.0697	0.0000	0.0697	0.0697	0.0000	0.0000	0.0000	0.0000	0.1781	0.1509	0.0272	0.0091	0.0090	0.0001	0.1690	0.1419	0.0271	0.5800	0.3570	0.2230	0.1966	0.1921	0.0045	0.3834	0.1649	0.2186	46.7392	33.9481	0.0000	0.0000	0.0000	0.0000	inf	inf	0.0000	0.1201	0.1952	0.0000	0.3544	0.3627	0.0000	0.0000	0.0000	0.0000			
66	77	0.0777	7	0	1	1	0	0	0	0	0	N	N	N	N	N	N	N	N	N	N	N	N	9.6774	6.9699	0.0000	0.0000	0.0000	0.0000	30510751.0122	56790481.0138	0.0000	3.2621	3.8321	0.0000	0.0000	0.0000	0.0000	3.4210	4.0471	0.0000	0.3371	0.5498	0.0000	0.8965	0.9185	0.0000	0.0000	0.0000	0.0000	0.0000	0.0000	-0.3620	-0.1122	4.9998	8.6571	10.1184	16.0761	0.6604	0.6604	0.0000	0.0000	0.0000	0.0000	0.6604	0.6604	0.0000	0.1826	0.1826	0.0000	0.1826	0.1826	0.0000	0.0000	0.0000	0.0000	0.2024	0.1723	0.0301	0.0094	0.0092	0.0003	0.1930	0.1632	0.0299	0.5417	0.3321	0.2096	0.2037	0.1988	0.0049	0.3380	0.1333	0.2047	9.6774	6.9699	0.0000	0.0000	0.0000	0.0000	30510751.0122	56790481.0138	0.0000	0.3371	0.5498	0.0000	0.8965	0.9185	0.0000	0.0000	0.0000	0.0000
66	78	0.0773	6	0	1	1	0	0	0	0	0	N	N	N	N	N	N	N	N	N	N	N	N	26.9927	21.6094	0.0000	0.0268	0.0271	0.0000	95.2353	52916.6041	0.0000	26.6896	30.6039	0.0000	0.0453	0.0463	0.0000	33.1308	39.1457	0.0000	0.9888	1.4162	0.4224	1.6894	1.7079	0.0157	0.3479	0.0007	0.4274	0.0000	0.2251	-0.1862	-0.1101	4.9998	0.3645	10.1184	1.9845	0.3396	0.3396	0.0000	0.0001	0.0001	0.0000	0.3395	0.3395	0.0000	0.2554	0.2085	0.0469	0.2085	0.2085	0.0000	0.0469	0.0000	0.0469	0.0127	0.0111	0.0016	0.0025	0.0024	0.0001	0.0102	0.0087	0.0016	0.2583	0.1472	0.1111	0.1234	0.1221	0.0013	0.1349	0.0252	0.1098	26.9927	21.6094	0.0000	0.0268	0.0271	0.0000	95.2353	52916.6041	0.0000	0.9888	1.4162	0.4224	1.6894	1.7079	0.0157	0.3479	0.0007	0.4274
66	79	0.0678	5	0	0	1	0	0	0	0	0	N	N	N	N	N	N	N	N	N	N	N	N	0.0056	0.0082	0.0000	0.0000	0.0000	0.0000	0.0076	267.5921	0.0000	0.0020	0.0024	0.0000	0.0000	0.0000	0.0000	0.0023	0.0027	0.0000	0.3654	0.2926	0.4859	0.4707	0.4813	0.0141	0.2987	0.0000	0.4972	0.0000	1.0030	-0.0001	-0.0202	4.9998	2.9108	10.1184	14.2456	0.0002	0.0002	0.0000	0.0000	0.0000	0.0000	0.0002	0.0002	0.0000	0.1768	0.0883	0.0885	0.0883	0.0883	0.0001	0.0885	0.0000	0.0885	0.0834	0.0712	0.0122	0.0086	0.0080	0.0006	0.0748	0.0632	0.0117	0.4839	0.3017	0.1823	0.1877	0.1834	0.0043	0.2963	0.1183	0.1780	0.0056	0.0082	0.0000	0.0000	0.0000	0.0000	0.0076	267.5921	0.0000	0.3654	0.2926	0.4859	0.4707	0.4813	0.0141	0.2987	0.0000	0.4972
66	80	0.0627	4	0	0	1	0	0	0	0	0	N	N	N	N	N	N	N	N	N	N	N	N	0.0045	0.0241	0.0000	0.2320	0.2384	0.0000	0.0000	0.0000	0.0000	0.0037	0.0044	0.0000	0.0594	0.0608	0.0000	0.0000	0.0000	0.0000	0.8163	0.1817	1.7401	0.2559	0.2551	0.3238	1.2339	0.0004	1.7576	0.0001	6.5773	-0.0000	0.0761	4.9998	0.1009	10.1184	7.5203	0.0000	0.0000	0.0000	0.0000	0.0000	0.0000	0.0000	0.0000	0.0000	0.3006	0.0397	0.2609	0.0402	0.0396	0.0006	0.2604	0.0000	0.2603	0.0027	0.0023	0.0004	0.0002	0.0002	0.0000	0.0025	0.0021	0.0004	0.3682	0.2183	0.1499	0.1573	0.1554	0.0018	0.2110	0.0629	0.1481	0.0045	0.0241	0.0000	0.2320	0.2384	0.0000	0.0000	0.0000	0.0000	0.8163	0.1817	1.7401	0.2559	0.2551	0.3238	1.2339	0.0004	1.7576
66	81	0.0602	3	0	0	1	0	0	0	0	0	N	N	N	N	N	N	N	N	N	N	N	N	0.3309	0.5973	0.0000	0.0012	0.0012	0.0000	0.3051	13.0748	0.0000	0.2771	0.3275	0.0000	0.0008	0.0008	0.0000	0.2921	0.3483	0.0000	0.8376	0.5482	1.1921	0.6837	0.6881	0.0701	0.9572	0.0266	1.1999	0.0000	1.7752	-0.0000	0.0046	4.9998	0.0014	10.1184	3.7882	0.0000	0.0000	0.0000	0.0000	0.0000	0.0000	0.0000	0.0000	0.0000	0.1852	0.0667	0.1185	0.0661	0.0660	0.0000	0.1191	0.0007	0.1184	0.0000	0.0000	0.0000	0.0000	0.0000	0.0000	0.0000	0.0000	0.0000	0.2211	0.1217	0.0994	0.0967	0.0960	0.0007	0.1244	0.0257	0.0987	0.3309	0.5973	0.0000	0.0012	0.0012	0.0000	0.3051	13.0748	0.0000	0.8376	0.5482	1.1921	0.6837	0.6881	0.0701	0.9572	0.0266	1.1999
66	82	0.0759	6	0	1	1	0	0	0	0	0	N	N	N	N	N	N	N	N	N	N	N	N	15711.3309	1146174.2148	0.0000	0.0000	0.0000	0.0000	11787.5116	inf	0.0000	3.4248	4.2348	0.0000	0.0000	0.0000	0.0000	4.5989	5.6479	0.0000	0.0002	0.0000	0.0007	0.0000	0.0000	0.0000	0.0004	0.0000	0.0008	0.0000	87.2166	-0.5479	0.0001	4.9998	7.9116	10.1184	21.1247	0.9995	0.9995	0.0000	0.0000	0.0000	0.0000	0.9995	0.9995	0.0000	0.0002	0.0000	0.0002	0.0000	0.0000	0.0000	0.0002	0.0000	0.0002	0.2918	0.2360	0.0558	0.0745	0.0591	0.0155	0.2173	0.1770	0.0404	0.7477	0.5001	0.2477	0.3353	0.2842	0.0511	0.4124	0.2158	0.1966	15711.3309	1146174.2148	0.0000	0.0000	0.0000	0.0000	11787.5116	inf	0.0000	0.0002	0.0000	0.0007	0.0000	0.0000	0.0000	0.0004	0.0000	0.0008
66	83	0.0938	7	1	1	1	0	0	0	0	0	N	N	N	N	N	N	N	N	N	N	N	N	0.0000	0.0000	0.0000	0.0000	0.0000	0.0000	0.0000	0.0000	0.0000	0.0000	0.0000	0.0000	0.0000	0.0000	0.0000	0.0000	0.0000	0.0000	0.0000	0.0000	4.9998	0.0000	10.1184	1.8333	0.0000	0.0000	0.0000	0.0000	0.0000	0.0000	0.0000	0.0000	0.0000	0.0000	0.0000	0.0000	0.0000	0.0000	0.0000	0.0000	0.0000	0.0000	0.0000	0.0000	0.0000	0.0000	0.0000	0.0000	0.0000	0.0000	0.0000	0.0436	0.0293	0.0143	0.0173	0.0161	0.0013	0.0262	0.0132	0.0130	0.0000	0.0000	0.0000	0.0000	0.0000	0.0000	0.0000	0.0000	0.0000	0.0000	0.0000	0.0000	0.0000	0.0000	0.0000	0.0000	0.0000	0.0000											
66	84	0.0759	6	1	1	1	0	0	0	0	0	N	N	N	N	N	N	N	N	N	N	N	N	1.9933	1.6798	0.0000	3.5145	3.7187	0.0000	0.0000	0.0000	0.0018	0.0023	0.0000	0.0067	0.0084	0.0000	0.0000	0.0000	0.0000	0.0009	0.0013	0.0000	0.0019	0.0023	0.0000	0.0000	0.0000	0.0000	0.0000	0.0036	-0.0003	-0.0003	4.9998	6.9552	10.1184	13.1226	0.0005	0.0005	0.0000	0.0005	0.0005	0.0000	0.0000	0.0000	0.0000	0.0006	0.0006	0.0000	0.0006	0.0006	0.0000	0.0000	0.0000	0.0000	0.2691	0.2167	0.0525	0.0736	0.0581	0.0155	0.1955	0.1586	0.0369	0.6185	0.4181	0.2004	0.2972	0.2481	0.0491	0.3213	0.1700	0.1513	1.9933	1.6798	0.0000	3.5145	3.7187	0.0000	0.0000	0.0000	0.0000	0.0009	0.0013	0.0000	0.0019	0.0023	0.0000	0.0000	0.0000	0.0000	
66	85	0.0728	5	0	1	1	0	0	0	0	0	N	N	N	N	N	N	N	N	N	N	N	N	23.4746	37.4967	0.0000	1.3953	1.4115	0.0000	37.1642	76595.9165	0.0000	0.0316	0.0388	0.0000	0.0022	0.0025	0.0000	0.0432	0.0554	0.0000	0.0013	0.0010	0.0019	0.0016	0.0018	0.0000	0.0012	0.0000	0.0022	0.0000	0.9967	-0.0003	-0.0000	4.9998	0.3374	10.1184	6.1146	0.0005	0.0005	0.0000	0.0000	0.0000	0.0000	0.0005	0.0005	0.0000	0.0003	0.0001	0.0001	0.0001	0.0001	0.0000	0.0001	0.0000	0.0001	0.0158	0.0129	0.0030	0.0045	0.0040	0.0005	0.0113	0.0088	0.0025	0.1955	0.1272	0.0683	0.0827	0.0749	0.0078	0.1128	0.0523	0.0605	23.4746	37.4967	0.0000	1.3953	1.4115	0.0000	37.1642	76595.9165	0.0000	0.0013	0.0010	0.0019	0.0016	0.0018	0.0000	0.0012	0.0000	0.0022
66	86	0.0728	5	0	1	1	0	0	0	0	0	N	N	N	N	N	N	N	N	N	N	N	N	0.0302	0.0234	0.0000	0.1610	0.1556	0.0000	0.0000	0.0000	0.0000	0.0000	0.0000	0.0000	0.0005	0.0006	0.0000	0.0000	0.0000	0.0000	0.0012	0.0018	0.0000	0.0033	0.0036	0.0000	0.0000	0.0000	0.0001	0.0000	0.0148	-0.0000	-0.0003	4.9998	11.0342	10.1184	12.7513	0.0000	0.0000	0.0000	0.0000	0.0000	0.0000	0.0000	0.0000	0.0000	0.0006	0.0005	0.0000	0.0005	0.0005	0.0000	0.0000	0.0000	0.0000	0.2820	0.2389	0.0431	0.0186	0.0180	0.0006	0.2634	0.2208	0.0425	0.4748	0.3077	0.1672	0.1646	0.1541	0.0105	0.3102	0.1536	0.1567	0.0302	0.0234	0.0000	0.1610	0.1556	0.0000	0.0000	0.0000	0.0000	0.0012	0.0018	0.0000	0.0033	0.0036	0.0000	0.0000	0.0000	0.0001
66	87	0.0652	4	0	1	1	0	0	0	0	0	N	N	N	N	N	N	N	N	N	N	N	N	0.0137	0.0201	0.0000	0.0000	0.0000	0.0000	0.0198	inf	0.0000	0.0001	0.0001	0.0000	0.0000	0.0000	0.0000	0.0001	0.0001	0.0000	0.0071	0.0057	0.0096	0.0113	0.0117	0.0001	0.0052	0.0000	0.0099	0.0000	0.9743	-0.0000	-0.0002	4.9998	3.9739	10.1184	6.2820	0.0000	0.0000	0.0000	0.0000	0.0000	0.0000	0.0000	0.0000	0.0000	0.0015	0.0007	0.0007	0.0007	0.0007	0.0000	0.0007	0.0000	0.0007	0.1025	0.0868	0.0157	0.0053	0.0053	0.0000	0.0971	0.0815	0.0157	0.2036	0.1287	0.0749	0.0654	0.0630	0.0024	0.1382	0.0656	0.0725	0.0137	0.0201	0.0000	0.0000	0.0000	0.0000	0.0198	inf	0.0000	0.0071	0.0057	0.0096	0.0113	0.0117	0.0001	0.0052	0.0000	0.0099
66	88	0.0602	3	0	1	1	0	0	0	0	0	N	N	N	N	N	N	N	N	N	N	N	N	0.0000	0.0000	0.0000	0.0000	0.0000	0.0000	0.0000	0.0000	0.0000	0.0000	0.0000	0.0000	0.0000	0.0000	0.0000	0.0000	0.0000	0.5344	0.0068	1.2153	0.0096	0.0092	0.0455	0.9107	0.0000	1.2262	138.7574	0.0000	0.0510	4.9998	0.0056	10.1184	5.7021	0.0000	0.0000	0.0000	0.0000	0.0000	0.0000	0.0000	0.0000	0.0000	0.1349	0.0010	0.1340	0.0010	0.0010	0.0000	0.1339	0.0000	0.1339	0.0001	0.0001	0.0000	0.0000	0.0000	0.0000	0.0001	0.0001	0.0000	0.2525	0.1422	0.1102	0.1054	0.1044	0.0010	0.1470	0.0378	0.1092	0.0000	0.0000	0.0000	0.0000	0.0000	0.0000	0.0000	0.0000	0.0000	0.5344	0.0068	1.2153	0.0096	0.0092	0.0455	0.9107	0.0000	1.2262		
66	89	0.0477	2	0	0	1	0	0	0	0	0	N	N	N	N	N	N	N	N	N	N	N	N	0.0063	0.0061	0.0000	0.0072	0.0072	0.0000	0.0000	0.0129	0.0000	0.0017	0.0029	0.0000	0.0038	0.0040	0.0000	0.0000	0.0000	0.0000	0.2756	0.4698	0.0168	0.5266	0.5618	0.0002	0.0147	0.0000	0.0182	0.0001	0.0269	-0.0002	-0.3188	4.9998	1.3815	10.1184	12.3424	0.0004	0.0004	0.0000	0.0004	0.0004	0.0000	0.0000	0.0000	0.0000	0.5416	0.5275	0.0142	0.5275	0.5275	0.0000	0.0142	0.0000	0.0142	0.2288	0.1387	0.0901	0.1055	0.0989	0.0066	0.1233	0.0397	0.0836	1.9655	1.1226	0.8429	1.0015	0.9388	0.0628	0.9640	0.1838	0.7801	0.0063	0.0061	0.0000	0.0072	0.0072	0.0000	0.0000	0.0129	0.0000	0.2756	0.4698	0.0168	0.5266	0.5618	0.0002	0.0147	0.0000	0.0182
66	92	0.1234	3	0	0	1	0	0	0	0	0	N	N	N	N	N	N	N	N	N	N	N	N	11.4384	19.9677	0.0000	0.2574	0.3148	0.0000	16.3774	365859.8369	0.0000	2.4366	2.8384	0.0000	0.0676	0.0718	0.0000	2.8450	3.3708	0.0000	0.2130	0.1422	0.3461	0.2627	0.2280	0.6671	0.1737	0.0000	0.3102	0.0000	1.2965	-0.8427	-0.0151	4.9998	24.8682	10.1184	39.8855	1.5372	1.5372	0.0000	0.0063	0.0063	0.0000	1.5309	1.5309	0.0000	0.3010	0.1311	0.1699	0.1640	0.1311	0.0329	0.1370	0.0000	0.1370	0.6309	0.5416	0.0893	0.0928	0.0874	0.0054	0.5381	0.4542	0.0839	1.4130	0.9220	0.4910	0.6242	0.5749	0.0493	0.7887	0.3471	0.4416	11.4384	19.9677	0.0000	0.2574	0.3148	0.0000	16.3774	365859.8369	0.0000	0.2130	0.1422	0.3461	0.2627	0.2280	0.6671	0.1737	0.0000	0.3102
67	69	0.1044	8	1	1	1	0	0	0	0	0	N	N	N	N	N	N	N	N	N	N	N	N	0.0000	0.0000	0.0000	0.0000	0.0000	0.0000	0.0000	0.0000	0.0000	0.0000	0.0000	0.0000	0.0000	0.0001	0.0002	0.0000	0.0004	0.0005	0.0000	0.0000	0.0000	0.0000	0.0000	0.0000	-0.0000	10.9928	1.0000	18.5513	3.0001	0.0000	0.0000	0.0000	0.0000	0.0000	0.0000	0.0000	0.0000	0.0000	0.0000	0.0000	0.0000	0.0000	0.0000	0.0000	0.0000	0.0000	0.0000	0.0494	0.0420	0.0074	0.0042	0.0038	0.0004	0.0452	0.0382	0.0070	0.0742	0.0449	0.0293	0.0224	0.0204	0.0019	0.0519	0.0245	0.0274	0.0000	0.0000	0.0000	0.0000	0.0000	0.0000	0.0000	0.0000	0.0000	0.0001	0.0002	0.0000	0.0004	0.0005	0.0000	0.0000	0.0000	0.0000						
67	70	0.1044	7	1	1	1	0	0	0	0	0	N	N	N	N	N	N	N	N	N	N	N	N	0.0000	0.0000	0.0000	0.0000	0.0000	0.0000	0.0000	0.0000	0.0000	0.0000	0.0000	0.0000	0.0000	0.0000	0.0000	0.0000	0.0001	0.0001	0.0001	0.0001	0.0001	0.0000	0.0001	0.0000	0.0001	1.0000	0.0000	-0.0000	10.9928	0.0000	18.5513	0.0009	0.0000	0.0000	0.0000	0.0000	0.0000	0.0000	0.0000	0.0000	0.0000	0.0000	0.0000	0.0000	0.0000	0.0000	0.0000	0.0000	0.0000	0.0000	0.0000	0.0000	0.0000	0.0000	0.0000	0.0000	0.0000	0.0000	0.0000	0.0001	0.0000	0.0000	0.0000	0.0000	0.0000	0.0000	0.0000	0.0000	0.0000	0.0000	0.0000	0.0000	0.0000	0.0000	0.0000	0.0000	0.0000	0.0001	0.0001	0.0001	0.0001	0.0001	0.0000	0.0001	0.0000	0.0001			
67	71	0.0713	6	1	1	1	0	0	0	0	0	N	N	N	N	N	N	N	N	N	N	N	N	0.4291	0.5774	0.0000	0.2929	0.2944	0.0000	0.3411	0.3738	0.0000	2.0485	2.4019	0.0000	0.0209	0.0230	0.0000	2.1547	2.5349	0.0000	4.7741	4.1599	5.6083	0.0712	0.0780	0.0003	6.3163	6.7816	5.9107	0.0000	0.9927	-0.5454	-0.2340	10.9928	9.9966	18.5513	12.9129	0.9950	0.9950	0.0000	0.0005	0.0005	0.0000	0.9945	0.9945	0.0000	2.0074	1.0074	1.0000	0.0074	0.0074	0.0000	2.0000	1.0000	1.0000	0.4857	0.4143	0.0715	0.0242	0.0219	0.0022	0.4615	0.3923	0.0692	0.4205	0.2422	0.1783	0.1038	0.0947	0.0091	0.3166	0.1475	0.1692	0.4291	0.5774	0.0000	0.2929	0.2944	0.0000	0.3411	0.3738	0.0000	4.7741	4.1599	5.6083	0.0712	0.0780	0.0003	6.3163	6.7816	5.9107
67	72	0.0382	5	0	2	0	1	0	0	0	0	N	Y	N	N	N	N	N	N	N	N	N	N	16.5093	0.0378	72.2377	1.2838	0.3242	4.5848	20.4168	0.0000	78.2623	0.0285	0.0000	0.1890	0.0040	0.0009	0.0301	0.0295	0.0000	0.1937	0.0017	0.0010	0.0026	0.0031	0.0027	0.0066	0.0014	0.0003	0.0025	890.0000	2.1528	0.0080	0.0001	10.9928	13.0000	18.5513	39.1663	0.0178	0.0000	0.0178	0.0001	0.0000	0.0001	0.0177	0.0000	0.0177	0.0015	0.0005	0.0010	0.0005	0.0004	0.0001	0.0010	0.0001	0.0009	0.6253	0.5311	0.0942	0.0251	0.0224	0.0027	0.6002	0.5087	0.0915	0.8735	0.4801	0.3935	0.1477	0.1339	0.0137	0.7259	0.3461	0.3798	16.5093	0.0378	72.2377	1.2838	0.3242	4.5848	20.4168	0.0000	78.2623	0.0017	0.0010	0.0026	0.0031	0.0027	0.0066	0.0014	0.0003	0.0025
67	73	0.0357	4	0	2	0	0	0	0	0	0	N	Y	N	N	N	N	N	N	N	N	N	N	3.4599	0.0000	98.2019	0.0513	0.7431	0.0000	2.6162	0.0000	98.8192	6.6598	0.0000	43.8914	0.0001	0.0002	0.0000	6.9480	0.0000	45.2069	1.9248	2.9735	0.4470	0.0028	0.0002	0.0646	2.6558	5.4262	0.4575	1110185.5110	0.1067	0.4516	-0.5736	10.9928	3.0003	18.5513	18.1082	0.9995	0.0000	0.9995	0.0000	0.0000	0.0000	0.9995	0.0000	0.9995	1.1066	1.0000	0.1067	0.0004	0.0000	0.0004	1.1062	1.0000	0.1062	0.1501	0.1273	0.0228	0.0062	0.0056	0.0007	0.1439	0.1217	0.0221	0.5749	0.3363	0.2386	0.1584	0.1520	0.0064	0.4165	0.1843	0.2322	3.4599	0.0000	98.2019	0.0513	0.7431	0.0000	2.6162	0.0000	98.8192	1.9248	2.9735	0.4470	0.0028	0.0002	0.0646	2.6558	5.4262	0.4575
67	74	0.0748	7	0	2	0	0	0	0	0	0	N	Y	N	N	N	N	N	N	N	N	N	N	0.0000	0.0000	0.0000	0.0000	0.0000	0.0000	0.0000	0.0000	0.0000	0.0000	0.0000	0.0000	0.0000	0.0000	0.0000	0.0000	0.0000	0.0000	1.9768	3.3116	0.0000	0.0020	0.0022	0.0000	2.7253	5.7558	0.0000	0.0000	0.0000	-0.6114	10.9928	7.0046	18.5513	18.1036	0.0000	0.0000	0.0000	0.0000	0.0000	0.0000	0.0000	0.0000	0.0000	0.9946	0.9946	0.0000	0.0003	0.0003	0.0000	0.9943	0.9943	0.0000	0.3538	0.3026	0.0512	0.0220	0.0204	0.0016	0.3317	0.2821	0.0496	0.5032	0.3003	0.2028	0.1383	0.1276	0.0107	0.3649	0.1728	0.1921	0.0000	0.0000	0.0000	0.0000	0.0000	0.0000	0.0000	0.0000	0.0000	1.9768	3.3116	0.0000	0.0020	0.0022	0.0000	2.7253	5.7558	0.0000	
67	75	0.0713	6	0	1	0	0	0	0	0	0	N	N	N	N	N	N	N	N	N	N	N	N	0.0299	0.0203	0.2303	629.7816	741.7398	0.0000	0.0009	0.0002	0.2291	0.0388	0.0442	0.0054	0.4090	0.4311	0.0000	0.0017	0.0010	0.0056	1.2990	2.1782	0.0234	0.0006	0.0006	0.0018	1.8666	4.2290	0.0244	0.0197	0.0074	-0.0003	-0.0691	10.9928	0.2435	18.5513	3.2922	0.0005	0.0005	0.0000	0.0005	0.0005	0.0000	0.0000	0.0000	0.0000	0.1138	0.1129	0.0008	0.0000	0.0000	0.0000	0.1138	0.1129	0.0008	0.0135	0.0116	0.0019	0.0012	0.0012	0.0001	0.0123	0.0105	0.0018	0.0876	0.0518	0.0357	0.0266	0.0251	0.0015	0.0609	0.0267	0.0342	0.0299	0.0203	0.2303	629.7816	741.7398	0.0000	0.0009	0.0002	0.2291	1.2990	2.1782	0.0234	0.0006	0.0006	0.0018	1.8666	4.2290	0.0244
67	76	0.0382	5	0	1	0	0	0	0	0	0	N	N	N	N	N	N	N	N	N	N	N	N	4013.8097	2.6381	36182.8943	7.6903	7.4542	25370.3384	5923.5564	3.8738	35997.1496	2.8799	0.0023	19.0205	0.0128	0.0136	0.0067	3.0016	0.0018	19.5834	0.0007	0.0009	0.0005	0.0017	0.0018	0.0000	0.0005	0.0005	0.0005	1471.5858	0.4894	0.4478	-0.0001	10.9928	7.0044	18.5513	20.1113	0.9927	0.0007	0.9920	0.0002	0.0002	0.0000	0.9925	0.0005	0.9920	0.0004	0.0002	0.0001	0.0002	0.0002	0.0000	0.0002	0.0001	0.0001	0.3447	0.2925	0.0522	0.0140	0.0125	0.0015	0.3307	0.2800	0.0507	0.5028	0.2773	0.2255	0.0912	0.0836	0.0076	0.4115	0.1937	0.2179	4013.8097	2.6381	36182.8943	7.6903	7.4542	25370.3384	5923.5564	3.8738	35997.1496	0.0007	0.0009	0.0005	0.0017	0.0018	0.0000	0.0005	0.0005	0.0005
67	77	0.0215	3	0	2	0	0	0	0	0	0	N	Y	N	N	N	N	N	N	N	N	N	N	13.6356	9.0482	0.0000	0.3212	0.3187	0.0000	2420017.9064	272764191.7793	0.0000	2.2683	2.6633	0.0000	0.2426	0.2436	0.0000	2.3347	2.7566	0.0000	0.1664	0.2943	0.0000	0.7553	0.7642	0.0000	0.0000	0.0000	0.0000	0.0000	0.0000	-0.5500	-0.0641	10.9928	8.6571	18.5513	16.0761	1.0034	1.0034	0.0000	0.0034	0.0034	0.0000	1.0000	1.0000	0.0000	0.1042	0.1042	0.0000	0.1042	0.1042	0.0000	0.0000	0.0000	0.0000	0.4423	0.3767	0.0656	0.0140	0.0140	0.0001	0.4283	0.3628	0.0655	0.6265	0.3541	0.2724	0.1380	0.1364	0.0016	0.4885	0.2177	0.2708	13.6356	9.0482	0.0000	0.3212	0.3187	0.0000	2420017.9064	272764191.7793	0.0000	0.1664	0.2943	0.0000	0.7553	0.7642	0.0000	0.0000	0.0000	0.0000
67	78	0.0211	2	0	2	0	0	0	0	0	0	N	Y	N	N	N	N	N	N	N	N	N	N	0.5556	0.4126	1.0435	2.0767	2.0774	0.5519	0.2574	1.8000	1.0435	0.2937	0.2997	0.2615	2.0322	2.0355	0.0098	0.0473	0.0012	0.2618	0.5287	0.7262	0.2506	0.9786	0.9798	0.0178	0.1840	0.0006	0.2509	0.1605	0.2451	-0.0029	-0.0658	10.9928	0.3645	18.5513	1.9845	0.0070	0.0061	0.0010	0.0060	0.0060	0.0000	0.0010	0.0000	0.0010	0.1575	0.1265	0.0310	0.1265	0.1265	0.0000	0.0310	0.0000	0.0310	0.0239	0.0202	0.0037	0.0030	0.0030	0.0000	0.0210	0.0172	0.0037	0.2979	0.1742	0.1237	0.1292	0.1291	0.0002	0.1686	0.0451	0.1235	0.5556	0.4126	1.0435	2.0767	2.0774	0.5519	0.2574	1.8000	1.0435	0.5287	0.7262	0.2506	0.9786	0.9798	0.0178	0.1840	0.0006	0.2509
67	82	0.0538	8	0	2	0	0	0	0	0	0	N	Y	N	N	N	N	N	N	N	N	N	N	127.6504	166.3937	0.0000	0.2499	0.2480	3.5116	186.6413	750.8053	0.0000	2.3891	2.8011	0.0000	0.0077	0.0082	0.0000	2.6139	3.0936	0.0000	0.0187	0.0168	0.0215	0.0308	0.0331	0.0000	0.0140	0.0041	0.0226	0.0000	0.8666	-0.5480	-0.0019	10.9928	7.9116	18.5513	21.1247	0.9997	0.9997	0.0000	0.0003	0.0003	0.0000	0.9995	0.9995	0.0000	0.0126	0.0068	0.0059	0.0058	0.0058	0.0000	0.0068	0.0009	0.0059	0.4185	0.3569	0.0616	0.0361	0.0338	0.0023	0.3824	0.3231	0.0593	0.6750	0.4020	0.2730	0.1899	0.1766	0.0133	0.4851	0.2254	0.2597	127.6504	166.3937	0.0000	0.2499	0.2480	3.5116	186.6413	750.8053	0.0000	0.0187	0.0168	0.0215	0.0308	0.0331	0.0000	0.0140	0.0041	0.0226
67	83	0.0718	9	1	2	0	0	0	0	0	0	N	Y	N	N	N	N	N	N	N	N	N	N	0.0000	0.0000	0.0000	0.0000	0.0000	0.0000	0.0000	0.0000	0.0000	0.0000	0.0000	0.0000	0.0000	0.0000	0.0000	0.0000	0.0000	0.0000	0.0000	0.0000	10.9928	0.0000	18.5513	1.8333	0.0000	0.0000	0.0000	0.0000	0.0000	0.0000	0.0000	0.0000	0.0000	0.0000	0.0000	0.0000	0.0000	0.0000	0.0000	0.0000	0.0000	0.0000	0.0000	0.0000	0.0000	0.0000	0.0000	0.0000	0.0000	0.0000	0.0000	0.0541	0.0352	0.0190	0.0177	0.0170	0.0007	0.0365	0.0182	0.0183	0.0000	0.0000	0.0000	0.0000	0.0000	0.0000	0.0000	0.0000	0.0000	0.0000	0.0000	0.0000	0.0000	0.0000	0.0000	0.0000	0.0000	0.0000											
67	84	0.0538	8	1	2	0	0	0	0	0	0	N	Y	N	N	N	N	N	N	N	N	N	N	0.0037	1.8433	0.0091	0.5877	27.1862	0.1360	0.0025	0.0003	0.0087	0.0069	0.0007	0.0424	0.0089	0.0074	0.0322	0.0067	0.0000	0.0428	1.8398	0.0004	4.6768	0.0152	0.0003	0.2371	2.6658	0.0005	4.9093	9.7665	7480.4658	0.0009	0.3821	10.9928	6.9552	18.5513	13.1226	0.0026	0.0002	0.0023	0.0003	0.0002	0.0001	0.0023	0.0000	0.0023	0.9922	0.0001	0.9921	0.0025	0.0000	0.0025	0.9897	0.0001	0.9896	0.3732	0.3184	0.0548	0.0342	0.0321	0.0021	0.3390	0.2863	0.0527	0.5393	0.3272	0.2121	0.1681	0.1575	0.0106	0.3712	0.1697	0.2016	0.0037	1.8433	0.0091	0.5877	27.1862	0.1360	0.0025	0.0003	0.0087	1.8398	0.0004	4.6768	0.0152	0.0003	0.2371	2.6658	0.0005	4.9093
67	85	0.0508	7	0	2	0	0	0	0	0	0	N	Y	N	N	N	N	N	N	N	N	N	N	0.0570	0.1651	0.0041	0.0750	0.0772	0.0215	0.0527	0.3394	0.0043	0.0109	0.0127	0.0014	0.0073	0.0077	0.0007	0.0127	0.0156	0.0015	0.1917	0.0769	0.3459	0.0975	0.0992	0.0338	0.2406	0.0460	0.3527	0.0209	3.3519	-0.0002	0.0072	10.9928	0.3374	18.5513	6.1146	0.0003	0.0003	0.0000	0.0001	0.0001	0.0000	0.0003	0.0002	0.0000	0.0462	0.0106	0.0356	0.0080	0.0079	0.0001	0.0382	0.0027	0.0355	0.0295	0.0249	0.0046	0.0096	0.0091	0.0005	0.0199	0.0157	0.0041	0.2408	0.1380	0.1028	0.0823	0.0801	0.0022	0.1586	0.0579	0.1006	0.0570	0.1651	0.0041	0.0750	0.0772	0.0215	0.0527	0.3394	0.0043	0.1917	0.0769	0.3459	0.0975	0.0992	0.0338	0.2406	0.0460	0.3527
67	86	0.0508	7	0	2	0	0	0	0	0	0	N	Y	N	N	N	N	N	N	N	N	N	N	0.0022	0.0015	0.1989	0.1027	0.1056	0.9333	0.0018	0.0009	0.0039	0.0042	0.0050	0.0000	0.0014	0.0015	0.0001	0.0044	0.0052	0.0000	1.8767	3.3344	0.0000	0.0132	0.0140	0.0001	2.4774	5.6207	0.0000	0.0001	0.0000	-0.0013	-0.6066	10.9928	11.0342	18.5513	12.7513	0.0023	0.0023	0.0000	0.0000	0.0000	0.0000	0.0023	0.0023	0.0000	0.9867	0.9867	0.0000	0.0017	0.0017	0.0000	0.9850	0.9850	0.0000	0.5449	0.4630	0.0818	0.0313	0.0285	0.0027	0.5136	0.4345	0.0791	0.5257	0.2959	0.2298	0.1281	0.1207	0.0075	0.3976	0.1752	0.2224	0.0022	0.0015	0.1989	0.1027	0.1056	0.9333	0.0018	0.0009	0.0039	1.8767	3.3344	0.0000	0.0132	0.0140	0.0001	2.4774	5.6207	0.0000
67	87	0.0431	6	0	2	0	0	0	0	0	0	N	Y	N	N	N	N	N	N	N	N	N	N	0.0018	0.0062	0.0002	0.0010	0.0010	0.0234	0.0016	0.0088	0.0002	0.0003	0.0004	0.0001	0.0001	0.0001	0.0000	0.0003	0.0004	0.0001	0.1821	0.0595	0.3336	0.0800	0.0872	0.0006	0.2119	0.0429	0.3481	0.0390	4.5371	-0.0000	0.0083	10.9928	3.9739	18.5513	6.2820	0.0001	0.0001	0.0000	0.0000	0.0000	0.0000	0.0001	0.0001	0.0000	0.0406	0.0073	0.0332	0.0040	0.0040	0.0000	0.0365	0.0033	0.0332	0.1983	0.1682	0.0301	0.0083	0.0075	0.0009	0.1900	0.1607	0.0292	0.2228	0.1232	0.0996	0.0503	0.0462	0.0041	0.1724	0.0770	0.0955	0.0018	0.0062	0.0002	0.0010	0.0010	0.0234	0.0016	0.0088	0.0002	0.1821	0.0595	0.3336	0.0800	0.0872	0.0006	0.2119	0.0429	0.3481
67	88	0.0382	5	0	2	0	0	0	0	0	0	N	Y	N	N	N	N	N	N	N	N	N	N	0.0206	0.0218	0.0000	0.0218	0.0232	0.0000	0.0169	0.0144	0.0000	0.0007	0.0008	0.0000	0.0002	0.0002	0.0000	0.0007	0.0008	0.0000	0.0320	0.0356	0.0272	0.0070	0.0074	0.0001	0.0402	0.0558	0.0280	0.0000	0.5844	-0.0000	-0.0011	10.9928	0.0056	18.5513	5.7021	0.0000	0.0000	0.0000	0.0000	0.0000	0.0000	0.0000	0.0000	0.0000	0.0045	0.0029	0.0017	0.0002	0.0002	0.0000	0.0043	0.0026	0.0017	0.0003	0.0002	0.0000	0.0000	0.0000	0.0000	0.0003	0.0002	0.0000	0.1420	0.0805	0.0615	0.0353	0.0336	0.0017	0.1066	0.0469	0.0598	0.0206	0.0218	0.0000	0.0218	0.0232	0.0000	0.0169	0.0144	0.0000	0.0320	0.0356	0.0272	0.0070	0.0074	0.0001	0.0402	0.0558	0.0280
67	92	0.1266	9	0	1	0	0	0	0	0	0	N	N	N	N	N	N	N	N	N	N	N	N	0.3298	0.0008	2.3861	0.2099	0.0776	1.1928	0.2470	0.0000	2.2529	0.4240	0.0011	3.0890	0.0223	0.0062	0.3764	0.4984	0.0000	3.2308	1.2856	1.2808	1.2946	0.1062	0.0798	0.3156	2.0178	2.5739	1.4340	456.5285	0.5297	0.2531	-0.4576	10.9928	24.8682	18.5513	39.8855	0.5629	0.0012	0.5616	0.0046	0.0012	0.0034	0.5582	0.0000	0.5582	1.7046	1.1144	0.5903	0.0540	0.0360	0.0179	1.6507	1.0783	0.5723	1.3277	1.1459	0.1818	0.2076	0.1986	0.0090	1.1200	0.9473	0.1728	1.3260	0.8700	0.4559	0.5079	0.4511	0.0568	0.8181	0.4190	0.3991	0.3298	0.0008	2.3861	0.2099	0.0776	1.1928	0.2470	0.0000	2.2529	1.2856	1.2808	1.2946	0.1062	0.0798	0.3156	2.0178	2.5739	1.4340
68	69	0.0833	7	1	0	1	0	0	0	0	0	N	N	N	N	N	N	N	N	N	N	N	N	0.0000	0.0000	0.0000	0.0000	0.0000	0.0000	0.0000	0.0000	0.0000	0.0000	0.0000	0.0000	0.0000	0.0000	0.0000	0.0000	0.0014	0.0010	0.0020	0.0015	0.0015	0.0000	0.0013	0.0000	0.0021	1.0000	0.0000	-0.0000	0.0861	1.0000	1.0715	3.0001	0.0000	0.0000	0.0000	0.0000	0.0000	0.0000	0.0000	0.0000	0.0000	0.0000	0.0000	0.0000	0.0000	0.0000	0.0000	0.0000	0.0000	0.0000	0.0012	0.0011	0.0001	0.0004	0.0004	0.0000	0.0007	0.0006	0.0001	0.0148	0.0098	0.0049	0.0068	0.0067	0.0001	0.0080	0.0032	0.0048	0.0000	0.0000	0.0000	0.0000	0.0000	0.0000	0.0000	0.0000	0.0000	0.0014	0.0010	0.0020	0.0015	0.0015	0.0000	0.0013	0.0000	0.0021			
68	70	0.0833	6	1	0	1	0	0	0	0	0	N	N	N	N	N	N	N	N	N	N	N	N	0.0000	0.0000	0.0000	0.0000	0.0000	0.0000	0.0000	0.0000	0.0000	0.0000	0.0000	0.0000	0.0000	0.0000	0.0000	0.0000	0.0015	0.0011	0.0020	0.0015	0.0016	0.0000	0.0014	0.0000	0.0020	1.0000	0.0000	-0.0000	0.0861	0.0000	1.0715	0.0009	0.0000	0.0000	0.0000	0.0000	0.0000	0.0000	0.0000	0.0000	0.0000	0.0000	0.0000	0.0000	0.0000	0.0000	0.0000	0.0000	0.0000	0.0000	0.0000	0.0000	0.0000	0.0000	0.0000	0.0000	0.0000	0.0000	0.0000	0.0000	0.0000	0.0000	0.0000	0.0000	0.0000	0.0000	0.0000	0.0000	0.0000	0.0000	0.0000	0.0000	0.0000	0.0000	0.0000	0.0000	0.0000	0.0015	0.0011	0.0020	0.0015	0.0016	0.0000	0.0014	0.0000	0.0020			
68	71	0.0503	5	1	0	1	0	0	0	0	0	N	N	N	N	N	N	N	N	N	N	N	N	5.2445	3.8423	0.8650	7.0321	6.9906	8.5926	4.3724	2.0675	0.0000	1.0628	1.1749	0.0016	1.6220	1.6332	0.0644	0.7901	0.9172	0.0000	0.2027	0.3058	0.0018	0.2307	0.2336	0.0075	0.1807	0.4436	0.0017	0.0001	0.0031	-0.0060	-0.0090	0.0861	9.9966	1.0715	12.9129	0.0109	0.0109	0.0000	0.0055	0.0055	0.0000	0.0055	0.0055	0.0000	0.0147	0.0147	0.0000	0.0074	0.0074	0.0000	0.0073	0.0073	0.0000	0.0103	0.0093	0.0010	0.0034	0.0034	0.0000	0.0069	0.0060	0.0010	0.0725	0.0479	0.0246	0.0319	0.0315	0.0004	0.0407	0.0165	0.0242	5.2445	3.8423	0.8650	7.0321	6.9906	8.5926	4.3724	2.0675	0.0000	0.2027	0.3058	0.0018	0.2307	0.2336	0.0075	0.1807	0.4436	0.0017
68	72	0.0171	4	0	1	0	1	0	0	0	0	N	N	N	N	N	N	N	N	N	N	N	N	122.1486	80.7187	472.8263	144.6985	155.5729	14.1263	115.3877	0.0409	524.3722	2.6834	1.4835	13.6882	4.1753	4.1843	2.8226	1.9756	0.0002	13.9285	0.0220	0.0184	0.0289	0.0289	0.0269	0.1998	0.0171	0.0046	0.0266	1.0061	0.8101	-0.0016	-0.0005	0.0861	13.0000	1.0715	39.1663	0.0351	0.0175	0.0176	0.0176	0.0175	0.0001	0.0175	0.0000	0.0175	0.0031	0.0017	0.0014	0.0017	0.0015	0.0001	0.0014	0.0002	0.0012	0.0131	0.0118	0.0013	0.0042	0.0042	0.0000	0.0089	0.0076	0.0013	0.1389	0.0917	0.0472	0.0574	0.0567	0.0006	0.0815	0.0350	0.0465	122.1486	80.7187	472.8263	144.6985	155.5729	14.1263	115.3877	0.0409	524.3722	0.0220	0.0184	0.0289	0.0289	0.0269	0.1998	0.0171	0.0046	0.0266
68	73	0.0146	3	0	1	0	0	0	0	0	0	N	N	N	N	N	N	N	N	N	N	N	N	0.2826	0.1777	1.2371	0.4104	0.4123	0.0093	0.2209	0.0018	1.2617	0.2881	0.1599	1.4549	0.4427	0.4457	0.0066	0.2135	0.0000	1.4876	1.0196	0.8997	1.1761	1.0786	1.0808	0.7118	0.9663	0.0012	1.1791	1.0000	1.0015	-0.0000	-0.0231	0.0861	3.0003	1.0715	18.1082	0.0009	0.0005	0.0005	0.0005	0.0005	0.0000	0.0005	0.0000	0.0005	0.2019	0.1009	0.1010	0.1012	0.1008	0.0004	0.1006	0.0000	0.1006	0.0032	0.0029	0.0003	0.0010	0.0010	0.0000	0.0022	0.0018	0.0003	0.1980	0.1121	0.0859	0.0938	0.0933	0.0006	0.1041	0.0188	0.0853	0.2826	0.1777	1.2371	0.4104	0.4123	0.0093	0.2209	0.0018	1.2617	1.0196	0.8997	1.1761	1.0786	1.0808	0.7118	0.9663	0.0012	1.1791
68	74	0.0537	6	0	1	0	0	0	0	0	0	N	N	N	N	N	N	N	N	N	N	N	N	0.0000	0.0000	0.0000	0.0000	0.0000	0.0000	0.0000	0.0000	0.0000	0.0000	0.0000	0.0000	0.0000	0.0000	0.0000	0.0000	0.0000	0.0000	0.0863	0.1294	0.0005	0.0547	0.0559	0.0000	0.1117	0.2704	0.0005	0.0020	0.0000	-0.0043	0.0861	7.0046	1.0715	18.1036	0.0000	0.0000	0.0000	0.0000	0.0000	0.0000	0.0000	0.0000	0.0000	0.0071	0.0071	0.0000	0.0020	0.0020	0.0000	0.0051	0.0051	0.0000	0.0074	0.0067	0.0007	0.0024	0.0024	0.0000	0.0050	0.0043	0.0007	0.0820	0.0545	0.0275	0.0366	0.0358	0.0007	0.0454	0.0187	0.0267	0.0000	0.0000	0.0000	0.0000	0.0000	0.0000	0.0000	0.0000	0.0000	0.0863	0.1294	0.0005	0.0547	0.0559	0.0000	0.1117	0.2704	0.0005	
68	75	0.0503	5	0	0	0	0	0	0	0	0	N	N	N	N	N	N	N	N	N	N	N	N	0.4973	0.3094	4.6126	1.2023	0.9813	18.3807	0.0458	0.0120	0.6671	0.0296	0.0258	0.0655	0.0810	0.0664	0.7216	0.0024	0.0014	0.0092	0.0596	0.0833	0.0142	0.0673	0.0677	0.0393	0.0534	0.1147	0.0138	0.2736	0.0891	-0.0000	-0.0004	0.0861	0.2435	1.0715	3.2922	0.0000	0.0000	0.0000	0.0000	0.0000	0.0000	0.0000	0.0000	0.0000	0.0008	0.0007	0.0001	0.0004	0.0004	0.0000	0.0004	0.0003	0.0001	0.0003	0.0003	0.0000	0.0001	0.0001	0.0000	0.0002	0.0002	0.0000	0.0128	0.0084	0.0044	0.0057	0.0056	0.0001	0.0071	0.0028	0.0043	0.4973	0.3094	4.6126	1.2023	0.9813	18.3807	0.0458	0.0120	0.6671	0.0596	0.0833	0.0142	0.0673	0.0677	0.0393	0.0534	0.1147	0.0138
68	76	0.0171	4	0	0	0	0	0	0	0	0	N	N	N	N	N	N	N	N	N	N	N	N	274.9570	80.1532	2605.8531	188.4271	208.0977	5.7420	376.2486	0.1564	3345.3057	2.5018	0.8235	17.8656	2.2947	2.3058	0.6352	2.6010	0.0014	18.2510	0.0091	0.0103	0.0069	0.0122	0.0111	0.1106	0.0069	0.0089	0.0055	2.3698	0.3497	0.0028	-0.0003	0.0861	7.0044	1.0715	20.1113	0.0182	0.0054	0.0128	0.0054	0.0054	0.0000	0.0128	0.0000	0.0128	0.0007	0.0005	0.0002	0.0004	0.0004	0.0000	0.0003	0.0002	0.0001	0.0073	0.0066	0.0007	0.0024	0.0023	0.0000	0.0049	0.0042	0.0007	0.0790	0.0518	0.0272	0.0328	0.0324	0.0004	0.0462	0.0194	0.0268	274.9570	80.1532	2605.8531	188.4271	208.0977	5.7420	376.2486	0.1564	3345.3057	0.0091	0.0103	0.0069	0.0122	0.0111	0.1106	0.0069	0.0089	0.0055
68	77	0.0004	2	0	1	0	0	0	0	0	0	N	N	N	N	N	N	N	N	N	N	N	N	1.4002	0.9588	4.2703	3.6563	3.6557	0.4273	0.9032	49.5585	4.2697	0.9316	0.5476	3.4048	2.6085	2.6095	0.1247	0.5628	0.0055	3.4065	0.6653	0.5712	0.7973	0.7134	0.7138	0.2919	0.6231	0.0001	0.7978	0.9652	0.9958	-0.0003	-0.0175	0.0861	8.6571	1.0715	16.0761	0.0049	0.0025	0.0024	0.0025	0.0025	0.0000	0.0024	0.0000	0.0024	0.1507	0.0755	0.0752	0.0755	0.0755	0.0000	0.0752	0.0000	0.0752	0.0053	0.0046	0.0007	0.0010	0.0010	0.0000	0.0043	0.0036	0.0007	0.2266	0.1322	0.0943	0.1059	0.1058	0.0001	0.1207	0.0264	0.0942	1.4002	0.9588	4.2703	3.6563	3.6557	0.4273	0.9032	49.5585	4.2697	0.6653	0.5712	0.7973	0.7134	0.7138	0.2919	0.6231	0.0001	0.7978
68	82	0.0328	7	0	1	0	0	0	0	0	0	N	N	N	N	N	N	N	N	N	N	N	N	1.3717	1.3373	2.1848	1.9276	1.8084	11.1787	1.0599	1.7861	1.8042	0.1466	0.1337	0.2582	0.2318	0.2189	0.6901	0.1016	0.0825	0.2149	0.1069	0.1000	0.1182	0.1202	0.1210	0.0617	0.0959	0.0462	0.1191	0.2236	0.7227	-0.0005	-0.0026	0.0861	7.9116	1.0715	21.1247	0.0013	0.0010	0.0002	0.0007	0.0006	0.0001	0.0006	0.0004	0.0002	0.0133	0.0077	0.0056	0.0068	0.0067	0.0000	0.0066	0.0010	0.0056	0.0087	0.0078	0.0009	0.0030	0.0029	0.0001	0.0057	0.0049	0.0008	0.1249	0.0775	0.0474	0.0564	0.0557	0.0008	0.0684	0.0218	0.0466	1.3717	1.3373	2.1848	1.9276	1.8084	11.1787	1.0599	1.7861	1.8042	0.1069	0.1000	0.1182	0.1202	0.1210	0.0617	0.0959	0.0462	0.1191
68	83	0.0507	8	1	1	0	0	0	0	0	0	N	N	N	N	N	N	N	N	N	N	N	N	0.0000	0.0000	0.0000	0.0000	0.0000	0.0000	0.0000	0.0000	0.0000	0.0000	0.0000	0.0000	0.0000	0.0000	0.0000	0.0000	0.0000	0.0000	0.0000	0.0000	0.0861	0.0000	1.0715	1.8333	0.0000	0.0000	0.0000	0.0000	0.0000	0.0000	0.0000	0.0000	0.0000	0.0000	0.0000	0.0000	0.0000	0.0000	0.0000	0.0000	0.0000	0.0000	0.0000	0.0000	0.0000	0.0000	0.0000	0.0000	0.0000	0.0000	0.0000	0.0068	0.0045	0.0023	0.0030	0.0030	0.0000	0.0038	0.0016	0.0022	0.0000	0.0000	0.0000	0.0000	0.0000	0.0000	0.0000	0.0000	0.0000	0.0000	0.0000	0.0000	0.0000	0.0000	0.0000	0.0000	0.0000	0.0000											
68	84	0.0328	7	1	1	0	0	0	0	0	0	N	N	N	N	N	N	N	N	N	N	N	N	2.2460	1.7795	7.3478	3.5065	3.4863	7.9011	1.6022	1.7242	7.8338	0.6155	0.3477	2.9096	0.9025	0.9044	0.8382	0.4619	0.0097	3.1383	0.2740	0.1954	0.3960	0.2574	0.2594	0.1061	0.2883	0.0056	0.4006	0.9768	1.3067	-0.0003	-0.0014	0.0861	6.9552	1.0715	13.1226	0.0048	0.0024	0.0024	0.0024	0.0024	0.0001	0.0023	0.0000	0.0023	0.0284	0.0123	0.0161	0.0123	0.0122	0.0001	0.0161	0.0001	0.0160	0.0078	0.0069	0.0008	0.0027	0.0026	0.0001	0.0051	0.0043	0.0007	0.1037	0.0630	0.0406	0.0478	0.0471	0.0006	0.0559	0.0159	0.0400	2.2460	1.7795	7.3478	3.5065	3.4863	7.9011	1.6022	1.7242	7.8338	0.2740	0.1954	0.3960	0.2574	0.2594	0.1061	0.2883	0.0056	0.4006
68	85	0.0297	6	0	1	0	0	0	0	0	0	N	N	N	N	N	N	N	N	N	N	N	N	0.4242	0.4101	0.6071	0.5589	0.4646	1.3909	0.2574	8.0771	0.1722	0.3719	0.3303	0.5845	0.5117	0.4257	0.9295	0.2165	0.2259	0.1659	0.8767	0.8054	0.9627	0.9155	0.9164	0.6683	0.8410	0.0280	0.9637	0.3468	0.9929	-0.0001	-0.0079	0.0861	0.3374	1.0715	6.1146	0.0003	0.0002	0.0001	0.0002	0.0001	0.0001	0.0001	0.0001	0.0000	0.0677	0.0340	0.0337	0.0339	0.0338	0.0001	0.0338	0.0001	0.0336	0.0007	0.0006	0.0001	0.0004	0.0003	0.0001	0.0003	0.0003	0.0001	0.0772	0.0422	0.0350	0.0370	0.0369	0.0001	0.0402	0.0053	0.0349	0.4242	0.4101	0.6071	0.5589	0.4646	1.3909	0.2574	8.0771	0.1722	0.8767	0.8054	0.9627	0.9155	0.9164	0.6683	0.8410	0.0280	0.9637
68	86	0.0297	6	0	1	0	0	0	0	0	0	N	N	N	N	N	N	N	N	N	N	N	N	2.6666	1.7921	1.2930	4.5822	4.6344	9.1530	1.8101	0.5722	0.0051	0.4010	0.4455	0.0084	0.5950	0.6056	0.1178	0.3030	0.3533	0.0000	0.1504	0.2486	0.0065	0.1299	0.1307	0.0129	0.1674	0.6173	0.0065	0.0021	0.0179	-0.0025	-0.0108	0.0861	11.0342	1.0715	12.7513	0.0046	0.0046	0.0000	0.0023	0.0023	0.0000	0.0023	0.0023	0.0000	0.0181	0.0178	0.0003	0.0071	0.0071	0.0000	0.0110	0.0107	0.0003	0.0115	0.0104	0.0012	0.0039	0.0038	0.0001	0.0077	0.0066	0.0011	0.1204	0.0715	0.0488	0.0546	0.0542	0.0004	0.0658	0.0173	0.0485	2.6666	1.7921	1.2930	4.5822	4.6344	9.1530	1.8101	0.5722	0.0051	0.1504	0.2486	0.0065	0.1299	0.1307	0.0129	0.1674	0.6173	0.0065
68	87	0.0221	5	0	1	0	0	0	0	0	0	N	N	N	N	N	N	N	N	N	N	N	N	0.0172	0.0240	0.0028	0.0225	0.0222	1.2384	0.0147	4.8718	0.0024	0.0306	0.0332	0.0069	0.0470	0.0470	0.0487	0.0227	0.0255	0.0060	1.7763	1.3805	2.4906	2.0864	2.1142	0.0393	1.5467	0.0052	2.5304	0.0229	0.9994	-0.0001	-0.0070	0.0861	3.9739	1.0715	6.2820	0.0001	0.0001	0.0000	0.0001	0.0001	0.0000	0.0001	0.0001	0.0000	0.0607	0.0304	0.0303	0.0303	0.0303	0.0000	0.0304	0.0000	0.0303	0.0042	0.0038	0.0004	0.0014	0.0014	0.0000	0.0028	0.0024	0.0004	0.0342	0.0220	0.0122	0.0145	0.0143	0.0002	0.0196	0.0077	0.0120	0.0172	0.0240	0.0028	0.0225	0.0222	1.2384	0.0147	4.8718	0.0024	1.7763	1.3805	2.4906	2.0864	2.1142	0.0393	1.5467	0.0052	2.5304
68	88	0.0171	4	0	1	0	0	0	0	0	0	N	N	N	N	N	N	N	N	N	N	N	N	0.7966	1.1317	0.0000	1.0340	1.0263	0.0000	0.6814	17.9339	0.0000	0.0620	0.0686	0.0000	0.0946	0.0948	0.0000	0.0462	0.0539	0.0000	0.0778	0.0606	0.1096	0.0915	0.0924	0.0004	0.0678	0.0030	0.1109	0.0021	0.9764	-0.0000	-0.0002	0.0861	0.0056	1.0715	5.7021	0.0000	0.0000	0.0000	0.0000	0.0000	0.0000	0.0000	0.0000	0.0000	0.0015	0.0008	0.0007	0.0007	0.0007	0.0000	0.0008	0.0000	0.0007	0.0000	0.0000	0.0000	0.0000	0.0000	0.0000	0.0000	0.0000	0.0000	0.0193	0.0125	0.0068	0.0082	0.0081	0.0001	0.0112	0.0045	0.0067	0.7966	1.1317	0.0000	1.0340	1.0263	0.0000	0.6814	17.9339	0.0000	0.0778	0.0606	0.1096	0.0915	0.0924	0.0004	0.0678	0.0030	0.1109
68	92	0.1055	8	0	0	0	0	0	0	0	0	N	N	N	N	N	N	N	N	N	N	N	N	1.5800	1.5148	1.7325	1.8150	1.7629	3.1625	1.3945	0.0046	1.6792	0.5998	0.3995	1.1970	0.7411	0.7201	1.2780	0.4925	0.0001	1.1914	0.3796	0.2638	0.6909	0.4083	0.4085	0.4041	0.3532	0.0115	0.7095	1.0046	0.9750	-0.0012	-0.0106	0.0861	24.8682	1.0715	39.8855	0.0256	0.0128	0.0128	0.0137	0.0128	0.0009	0.0120	0.0000	0.0120	0.0874	0.0442	0.0431	0.0451	0.0435	0.0015	0.0423	0.0007	0.0416	0.0427	0.0320	0.0107	0.0185	0.0178	0.0007	0.0243	0.0142	0.0100	0.2302	0.1677	0.0624	0.1104	0.1066	0.0038	0.1198	0.0611	0.0586	1.5800	1.5148	1.7325	1.8150	1.7629	3.1625	1.3945	0.0046	1.6792	0.3796	0.2638	0.6909	0.4083	0.4085	0.4041	0.3532	0.0115	0.7095
69	72	0.0722	4	1	1	1	1	0	0	0	0	N	N	N	N	N	N	N	N	N	N	N	N	0.0000	0.0000	0.0000	0.0000	0.0000	0.0000	0.0000	0.0000	0.0000	0.0000	0.0000	0.0000	0.0000	0.0004	0.0000	0.0008	0.0000	0.0000	0.0000	0.0004	0.0000	0.0008	inf	0.0000	0.0000	1.0000	13.0000	3.0001	39.1663	0.0000	0.0000	0.0000	0.0000	0.0000	0.0000	0.0000	0.0000	0.0000	0.0000	0.0000	0.0000	0.0000	0.0000	0.0000	0.0000	0.0000	0.0000	0.0581	0.0489	0.0091	0.0040	0.0038	0.0002	0.0541	0.0452	0.0089	0.1111	0.0610	0.0500	0.0179	0.0154	0.0025	0.0932	0.0456	0.0476	0.0000	0.0000	0.0000	0.0000	0.0000	0.0000	0.0000	0.0000	0.0000	0.0004	0.0000	0.0008	0.0000	0.0000	0.0000	0.0004	0.0000	0.0008						
69	73	0.0747	5	1	1	1	0	0	0	0	0	N	N	N	N	N	N	N	N	N	N	N	N	57811.5668	0.0000	inf	0.0000	0.0000	inf	inf	71.6712	0.0000	452.0405	0.0000	0.0000	0.0000	77.0511	0.0000	464.5484	0.0012	0.0022	0.0000	0.0058	0.0064	0.0000	0.0000	0.0000	0.0000	inf	0.0000	0.4518	-0.0000	1.0000	3.0003	3.0001	18.1082	1.0000	0.0000	1.0000	0.0000	0.0000	0.0000	1.0000	0.0000	1.0000	0.0001	0.0001	0.0000	0.0001	0.0001	0.0000	0.0000	0.0000	0.0000	0.0140	0.0117	0.0022	0.0010	0.0009	0.0001	0.0130	0.0108	0.0022	0.0565	0.0324	0.0240	0.0120	0.0109	0.0011	0.0444	0.0215	0.0229	57811.5668	0.0000	inf	0.0000	0.0000	0.0000	inf	0.0000	inf	0.0012	0.0022	0.0000	0.0058	0.0064	0.0000	0.0000	0.0000	0.0000		
69	74	0.0424	4	1	1	1	0	0	0	0	0	N	N	N	N	N	N	N	N	N	N	N	N	0.0000	0.0000	0.0000	0.0000	0.0000	0.0000	0.0000	0.0000	0.0000	0.0000	0.0000	0.0000	0.0000	0.0000	0.0000	0.0000	0.0000	0.0000	0.0000	0.0000	1.0000	7.0046	3.0001	18.1036	0.0000	0.0000	0.0000	0.0000	0.0000	0.0000	0.0000	0.0000	0.0000	0.0000	0.0000	0.0000	0.0000	0.0000	0.0000	0.0000	0.0000	0.0000	0.0332	0.0280	0.0052	0.0015	0.0014	0.0001	0.0317	0.0266	0.0051	0.0674	0.0366	0.0308	0.0090	0.0085	0.0005	0.0583	0.0281	0.0303	0.0000	0.0000	0.0000	0.0000	0.0000	0.0000	0.0000	0.0000	0.0000	0.0000	0.0000	0.0000	0.0000	0.0000	0.0000	0.0000	0.0000	0.0000											
69	75	0.0390	3	1	0	1	0	0	0	0	0	N	N	N	N	N	N	N	N	N	N	N	N	0.0000	0.0000	0.0000	0.0000	0.0000	0.0000	0.0000	0.0000	0.0000	0.0000	0.0000	0.0000	0.0000	0.0000	0.0000	0.0000	0.0000	0.0099	0.0002	0.0227	0.0008	0.0008	0.0000	0.0119	0.0000	0.0231	71.4417	0.0000	0.0000	1.0000	0.2435	3.0001	3.2922	0.0000	0.0000	0.0000	0.0000	0.0000	0.0000	0.0000	0.0000	0.0000	0.0001	0.0000	0.0001	0.0000	0.0000	0.0000	0.0001	0.0000	0.0001	0.0012	0.0010	0.0002	0.0001	0.0001	0.0000	0.0011	0.0010	0.0002	0.0117	0.0067	0.0050	0.0021	0.0020	0.0001	0.0096	0.0046	0.0049	0.0000	0.0000	0.0000	0.0000	0.0000	0.0000	0.0000	0.0000	0.0000	0.0099	0.0002	0.0227	0.0008	0.0008	0.0000	0.0119	0.0000	0.0231		
69	77	0.0897	8	1	1	1	0	0	0	0	0	N	N	N	N	N	N	N	N	N	N	N	N	0.0000	0.0000	0.0000	0.0000	0.0000	0.0000	0.0000	0.0000	0.0000	0.0000	0.0000	0.0000	0.0000	0.0000	0.0000	0.0000	0.0000	0.0000	0.0000	-0.0000	1.0000	8.6571	3.0001	16.0761	0.0000	0.0000	0.0000	0.0000	0.0000	0.0000	0.0000	0.0000	0.0000	0.0000	0.0000	0.0000	0.0000	0.0000	0.0000	0.0000	0.0000	0.0000	0.0364	0.0314	0.0051	0.0029	0.0028	0.0002	0.0335	0.0286	0.0049	0.0562	0.0343	0.0219	0.0168	0.0153	0.0015	0.0394	0.0189	0.0204	0.0000	0.0000	0.0000	0.0000	0.0000	0.0000	0.0000	0.0000	0.0000	0.0000	0.0000	0.0000	0.0000	0.0000	0.0000	0.0000	0.0000	0.0000											
69	78	0.0893	7	1	1	1	0	0	0	0	0	N	N	N	N	N	N	N	N	N	N	N	N	0.0000	0.0000	0.0000	0.0000	0.0000	0.0000	0.0000	0.0000	0.0000	0.0000	0.0000	0.0000	0.0000	0.0000	0.0000	0.0000	0.0000	0.0000	0.0000	0.0000	1.0000	0.3645	3.0001	1.9845	0.0000	0.0000	0.0000	0.0000	0.0000	0.0000	0.0000	0.0000	0.0000	0.0000	0.0000	0.0000	0.0000	0.0000	0.0000	0.0000	0.0000	0.0000	0.0024	0.0021	0.0003	0.0005	0.0005	0.0000	0.0019	0.0016	0.0003	0.0175	0.0115	0.0060	0.0075	0.0073	0.0002	0.0099	0.0041	0.0058	0.0000	0.0000	0.0000	0.0000	0.0000	0.0000	0.0000	0.0000	0.0000	0.0000	0.0000	0.0000	0.0000	0.0000	0.0000	0.0000	0.0000	0.0000											
69	79	0.0799	6	1	0	1	0	0	0	0	0	N	N	N	N	N	N	N	N	N	N	N	N	0.0000	0.0000	0.0000	0.0000	0.0000	0.0000	0.0000	0.0000	0.0000	0.0000	0.0000	0.0000	0.0000	0.0000	0.0000	0.0000	0.0002	0.0000	0.0005	0.0000	0.0000	0.0000	0.0003	0.0000	0.0006	684.8493	0.0000	0.0000	1.0000	2.9108	3.0001	14.2456	0.0000	0.0000	0.0000	0.0000	0.0000	0.0000	0.0000	0.0000	0.0000	0.0000	0.0000	0.0000	0.0000	0.0000	0.0000	0.0000	0.0000	0.0000	0.0155	0.0133	0.0022	0.0019	0.0018	0.0001	0.0136	0.0114	0.0021	0.0457	0.0270	0.0187	0.0116	0.0104	0.0012	0.0341	0.0166	0.0175	0.0000	0.0000	0.0000	0.0000	0.0000	0.0000	0.0000	0.0000	0.0000	0.0002	0.0000	0.0005	0.0000	0.0000	0.0000	0.0003	0.0000	0.0006			
69	80	0.0747	5	1	0	1	0	0	0	0	0	N	N	N	N	N	N	N	N	N	N	N	N	16754.2050	30375.1397	0.0000	142501.5083	146502.7882	0.0000	0.0000	0.0205	0.0243	0.0000	0.2517	0.2654	0.0000	0.0000	0.0000	0.0000	0.0000	0.0000	0.0000	0.0000	0.0000	0.0000	0.0000	0.0000	0.0000	0.0000	1.5260	-0.0000	-0.0000	1.0000	0.1009	3.0001	7.5203	0.0000	0.0000	0.0000	0.0000	0.0000	0.0000	0.0000	0.0000	0.0000	0.0000	0.0000	0.0000	0.0000	0.0000	0.0000	0.0000	0.0000	0.0000	0.0005	0.0004	0.0001	0.0000	0.0000	0.0000	0.0004	0.0004	0.0001	0.0278	0.0169	0.0110	0.0079	0.0075	0.0004	0.0200	0.0094	0.0106	16754.2050	30375.1397	0.0000	142501.5083	146502.7882	0.0000	0.0000	0.0000	0.0000	0.0000	0.0000	0.0000	0.0000	0.0000	0.0000	0.0000	0.0000	0.0000		
69	81	0.0722	4	1	0	1	0	0	0	0	0	N	N	N	N	N	N	N	N	N	N	N	N	1006228.6999	0.0000	4478891.3097	0.0000	0.0000	1294597.7320	4451311.7930	1.5408	0.0000	9.6808	0.0000	0.0000	0.0000	1.6560	0.0000	9.9478	0.0000	0.0000	0.0000	0.0000	0.0000	0.0000	0.0000	0.0000	0.0000	inf	1.4362	0.0000	-0.0000	1.0000	0.0014	3.0001	3.7882	0.0000	0.0000	0.0000	0.0000	0.0000	0.0000	0.0000	0.0000	0.0000	0.0000	0.0000	0.0000	0.0000	0.0000	0.0000	0.0000	0.0000	0.0000	0.0000	0.0000	0.0000	0.0000	0.0000	0.0000	0.0000	0.0000	0.0000	0.0150	0.0087	0.0062	0.0044	0.0042	0.0002	0.0106	0.0045	0.0060	1006228.6999	0.0000	4478891.3097	0.0000	0.0000	0.0000	1294597.7320	0.0000	4451311.7930	0.0000	0.0000	0.0000	0.0000	0.0000	0.0000	0.0000	0.0000	0.0000		
69	82	0.0879	7	1	1	1	0	0	0	0	0	N	N	N	N	N	N	N	N	N	N	N	N	0.0000	0.0000	0.0000	0.0000	0.0000	0.0000	0.0000	0.0000	0.0000	0.0000	0.0000	0.0000	0.0000	0.0000	0.0000	0.0000	0.0000	0.0002	0.0000	0.0004	0.0000	0.0000	0.0000	0.0002	0.0000	0.0005	3475.1190	0.0000	0.0000	1.0000	7.9116	3.0001	21.1247	0.0000	0.0000	0.0000	0.0000	0.0000	0.0000	0.0000	0.0000	0.0000	0.0000	0.0000	0.0000	0.0000	0.0000	0.0000	0.0000	0.0000	0.0000	0.0390	0.0331	0.0059	0.0044	0.0042	0.0002	0.0347	0.0289	0.0057	0.0845	0.0510	0.0335	0.0210	0.0194	0.0016	0.0635	0.0317	0.0319	0.0000	0.0000	0.0000	0.0000	0.0000	0.0000	0.0000	0.0000	0.0000	0.0002	0.0000	0.0004	0.0000	0.0000	0.0000	0.0002	0.0000	0.0005		
69	83	0.1059	8	2	1	1	0	0	0	0	0	Y	N	N	N	N	N	N	N	N	N	N	N	0.0000	0.0000	0.0000	0.0000	0.0000	0.0000	0.0000	0.0000	0.0000	0.0000	0.0000	0.0000	0.0000	0.0000	0.0000	0.0000	0.0000	0.0000	0.0000	0.0000	1.0000	0.0000	3.0001	1.8333	0.0000	0.0000	0.0000	0.0000	0.0000	0.0000	0.0000	0.0000	0.0000	0.0000	0.0000	0.0000	0.0000	0.0000	0.0000	0.0000	0.0000	0.0000	0.0000	0.0000	0.0000	0.0000	0.0000	0.0000	0.0000	0.0000	0.0000	0.0076	0.0050	0.0026	0.0025	0.0024	0.0001	0.0051	0.0026	0.0025	0.0000	0.0000	0.0000	0.0000	0.0000	0.0000	0.0000	0.0000	0.0000	0.0000	0.0000	0.0000	0.0000	0.0000	0.0000	0.0000	0.0000	0.0000											
69	84	0.0879	7	2	1	1	0	0	0	0	0	Y	N	N	N	N	N	N	N	N	N	N	N	0.0000	0.0000	0.0000	0.0000	0.0000	0.0000	0.0000	0.0000	0.0000	0.0000	0.0000	0.0000	0.0000	0.0000	0.0000	0.0000	0.0000	0.0003	0.0004	0.0001	0.0008	0.0009	0.0001	0.0000	0.0000	0.0001	0.1479	0.0000	-0.0000	1.0000	6.9552	3.0001	13.1226	0.0000	0.0000	0.0000	0.0000	0.0000	0.0000	0.0000	0.0000	0.0000	0.0000	0.0000	0.0000	0.0000	0.0000	0.0000	0.0000	0.0000	0.0000	0.0348	0.0296	0.0053	0.0041	0.0039	0.0002	0.0308	0.0257	0.0051	0.0674	0.0418	0.0256	0.0187	0.0175	0.0012	0.0487	0.0243	0.0244	0.0000	0.0000	0.0000	0.0000	0.0000	0.0000	0.0000	0.0000	0.0000	0.0003	0.0004	0.0001	0.0008	0.0009	0.0001	0.0000	0.0000	0.0001		
69	85	0.0849	6	1	1	1	0	0	0	0	0	N	N	N	N	N	N	N	N	N	N	N	N	0.0000	0.0000	0.0000	0.0000	0.0000	0.0000	0.0000	0.0000	0.0000	0.0000	0.0000	0.0000	0.0000	0.0000	0.0000	0.0000	0.0000	0.0000	0.0006	0.0003	0.0012	0.0005	0.0005	0.0000	0.0007	0.0000	0.0013	2.9872	0.0000	0.0000	1.0000	0.3374	3.0001	6.1146	0.0000	0.0000	0.0000	0.0000	0.0000	0.0000	0.0000	0.0000	0.0000	0.0000	0.0000	0.0000	0.0000	0.0000	0.0000	0.0000	0.0000	0.0000	0.0025	0.0022	0.0003	0.0009	0.0008	0.0000	0.0017	0.0014	0.0003	0.0282	0.0171	0.0111	0.0090	0.0087	0.0004	0.0192	0.0085	0.0107	0.0000	0.0000	0.0000	0.0000	0.0000	0.0000	0.0000	0.0000	0.0000	0.0006	0.0003	0.0012	0.0005	0.0005	0.0000	0.0007	0.0000	0.0013	
69	86	0.0849	6	1	1	1	0	0	0	0	0	N	N	N	N	N	N	N	N	N	N	N	N	0.0000	0.0000	0.0000	0.0000	0.0000	0.0000	0.0000	0.0000	0.0000	0.0000	0.0000	0.0000	0.0000	0.0000	0.0000	0.0000	0.0003	0.0004	0.0000	0.0011	0.0012	0.0000	0.0000	0.0000	0.0000	0.0584	0.0000	-0.0000	1.0000	11.0342	3.0001	12.7513	0.0000	0.0000	0.0000	0.0000	0.0000	0.0000	0.0000	0.0000	0.0000	0.0000	0.0000	0.0000	0.0000	0.0000	0.0000	0.0000	0.0000	0.0000	0.0505	0.0426	0.0079	0.0041	0.0038	0.0002	0.0464	0.0387	0.0076	0.0645	0.0370	0.0275	0.0144	0.0130	0.0013	0.0502	0.0239	0.0262	0.0000	0.0000	0.0000	0.0000	0.0000	0.0000	0.0000	0.0000	0.0000	0.0003	0.0004	0.0000	0.0011	0.0012	0.0000	0.0000	0.0000	0.0000			
69	87	0.0772	5	1	1	1	0	0	0	0	0	N	N	N	N	N	N	N	N	N	N	N	N	0.0000	0.0000	0.0000	0.0000	0.0000	0.0000	0.0000	0.0000	0.0000	0.0000	0.0000	0.0000	0.0000	0.0000	0.0000	0.0000	0.0000	0.0005	0.0003	0.0007	0.0007	0.0008	0.0000	0.0004	0.0000	0.0008	2.0232	0.0000	0.0000	1.0000	3.9739	3.0001	6.2820	0.0000	0.0000	0.0000	0.0000	0.0000	0.0000	0.0000	0.0000	0.0000	0.0000	0.0000	0.0000	0.0000	0.0000	0.0000	0.0000	0.0000	0.0000	0.0184	0.0155	0.0029	0.0013	0.0012	0.0001	0.0171	0.0143	0.0028	0.0291	0.0162	0.0129	0.0067	0.0060	0.0007	0.0224	0.0102	0.0122	0.0000	0.0000	0.0000	0.0000	0.0000	0.0000	0.0000	0.0000	0.0000	0.0005	0.0003	0.0007	0.0007	0.0008	0.0000	0.0004	0.0000	0.0008		
69	88	0.0722	4	1	1	1	0	0	0	0	0	N	N	N	N	N	N	N	N	N	N	N	N	0.0000	0.0000	0.0000	0.0000	0.0000	0.0000	0.0000	0.0000	0.0000	0.0000	0.0000	0.0000	0.0000	0.0000	0.0000	0.0000	0.0000	0.0000	0.0000	0.0000	0.0000	0.0000	0.0000	0.0000	0.0000	15.3383	0.0000	0.0000	1.0000	0.0056	3.0001	5.7021	0.0000	0.0000	0.0000	0.0000	0.0000	0.0000	0.0000	0.0000	0.0000	0.0000	0.0000	0.0000	0.0000	0.0000	0.0000	0.0000	0.0000	0.0000	0.0000	0.0000	0.0000	0.0000	0.0000	0.0000	0.0000	0.0000	0.0000	0.0193	0.0111	0.0082	0.0050	0.0047	0.0003	0.0143	0.0064	0.0079	0.0000	0.0000	0.0000	0.0000	0.0000	0.0000	0.0000	0.0000	0.0000	0.0000	0.0000	0.0000	0.0000	0.0000	0.0000	0.0000	0.0000	0.0000			
69	92	0.1607	8	1	0	1	0	0	0	0	0	N	N	N	N	N	N	N	N	N	N	N	N	0.0000	0.0000	0.0000	0.0000	0.0000	0.0000	0.0000	0.0000	0.0000	0.0000	0.0000	0.0000	0.0000	0.0000	0.0000	0.0000	0.0000	0.0008	0.0001	0.0022	0.0016	0.0002	0.0113	0.0002	0.0000	0.0004	9.7399	0.0000	0.0000	1.0000	24.8682	3.0001	39.8855	0.0000	0.0000	0.0000	0.0000	0.0000	0.0000	0.0000	0.0000	0.0000	0.0001	0.0000	0.0001	0.0001	0.0000	0.0001	0.0000	0.0000	0.0000	0.1229	0.1065	0.0164	0.0282	0.0264	0.0018	0.0948	0.0801	0.0147	0.1574	0.1012	0.0561	0.0688	0.0599	0.0089	0.0886	0.0413	0.0473	0.0000	0.0000	0.0000	0.0000	0.0000	0.0000	0.0000	0.0000	0.0000	0.0008	0.0001	0.0022	0.0016	0.0002	0.0113	0.0002	0.0000	0.0004		
70	72	0.0662	3	1	1	1	1	0	0	0	0	N	N	N	N	N	N	N	N	N	N	N	N	0.0000	0.0000	0.0000	0.0000	0.0000	0.0000	0.0000	0.0000	0.0000	0.0000	0.0000	0.0000	0.0000	0.0000	0.0000	0.0000	0.9142	0.7980	1.0700	1.1273	1.1450	0.0000	0.7688	0.0000	1.0860	1.0000	0.0000	-0.0000	0.0000	13.0000	0.0009	39.1663	0.0000	0.0000	0.0000	0.0000	0.0000	0.0000	0.0000	0.0000	0.0000	0.0001	0.0000	0.0000	0.0000	0.0000	0.0000	0.0000	0.0000	0.0000	0.0000	0.0000	0.0000	0.0000	0.0000	0.0000	0.0000	0.0000	0.0000	0.0001	0.0001	0.0000	0.0000	0.0000	0.0000	0.0001	0.0000	0.0000	0.0000	0.0000	0.0000	0.0000	0.0000	0.0000	0.0000	0.0000	0.0000	0.9142	0.7980	1.0700	1.1273	1.1450	0.0000	0.7688	0.0000	1.0860			
70	73	0.0687	4	1	1	1	0	0	0	0	0	N	N	N	N	N	N	N	N	N	N	N	N	0.0000	0.0000	0.0000	0.0000	0.0000	0.0000	0.0000	0.0000	0.0000	0.0000	0.0000	0.0000	0.0000	0.0000	0.0000	0.0000	3.4274	2.9589	4.0721	4.1521	4.2139	0.0000	2.9181	0.0000	4.1315	1.0000	0.0000	-0.0000	0.0000	3.0003	0.0009	18.1082	0.0000	0.0000	0.0000	0.0000	0.0000	0.0000	0.0000	0.0000	0.0000	0.0001	0.0001	0.0001	0.0001	0.0001	0.0000	0.0001	0.0000	0.0001	0.0000	0.0000	0.0000	0.0000	0.0000	0.0000	0.0000	0.0000	0.0000	0.0000	0.0000	0.0000	0.0000	0.0000	0.0000	0.0000	0.0000	0.0000	0.0000	0.0000	0.0000	0.0000	0.0000	0.0000	0.0000	0.0000	0.0000	3.4274	2.9589	4.0721	4.1521	4.2139	0.0000	2.9181	0.0000	4.1315			
70	74	0.0364	3	1	1	1	0	0	0	0	0	N	N	N	N	N	N	N	N	N	N	N	N	0.0000	0.0000	0.0000	0.0000	0.0000	0.0000	0.0000	0.0000	0.0000	0.0000	0.0000	0.0000	0.0000	0.0000	0.0000	0.0000	0.0000	0.0000	0.0000	-0.0000	0.0000	7.0046	0.0009	18.1036	0.0000	0.0000	0.0000	0.0000	0.0000	0.0000	0.0000	0.0000	0.0000	0.0000	0.0000	0.0000	0.0000	0.0000	0.0000	0.0000	0.0000	0.0000	0.0000	0.0000	0.0000	0.0000	0.0000	0.0000	0.0000	0.0000	0.0000	0.0001	0.0000	0.0000	0.0000	0.0000	0.0000	0.0000	0.0000	0.0000	0.0000	0.0000	0.0000	0.0000	0.0000	0.0000	0.0000	0.0000	0.0000	0.0000	0.0000	0.0000	0.0000	0.0000	0.0000	0.0000	0.0000	0.0000											
70	75	0.0330	2	1	0	1	0	0	0	0	0	N	N	N	N	N	N	N	N	N	N	N	N	0.0000	0.0000	0.0000	0.0000	0.0000	0.0000	0.0000	0.0000	0.0000	0.0000	0.0000	0.0000	0.0000	0.0000	0.0000	0.0000	0.0000	0.7294	0.6738	0.7951	0.8238	0.8257	0.0000	0.6545	0.0022	0.7969	0.9988	0.0000	-0.0000	0.0000	0.2435	0.0009	3.2922	0.0000	0.0000	0.0000	0.0000	0.0000	0.0000	0.0000	0.0000	0.0000	0.0000	0.0000	0.0000	0.0000	0.0000	0.0000	0.0000	0.0000	0.0000	0.0000	0.0000	0.0000	0.0000	0.0000	0.0000	0.0000	0.0000	0.0000	0.0000	0.0000	0.0000	0.0000	0.0000	0.0000	0.0000	0.0000	0.0000	0.0000	0.0000	0.0000	0.0000	0.0000	0.0000	0.0000	0.0000	0.0000	0.7294	0.6738	0.7951	0.8238	0.8257	0.0000	0.6545	0.0022	0.7969		
70	77	0.0837	7	1	1	1	0	0	0	0	0	N	N	N	N	N	N	N	N	N	N	N	N	0.0000	0.0000	0.0000	0.0000	0.0000	0.0000	0.0000	0.0000	0.0000	0.0000	0.0000	0.0000	0.0000	0.0000	0.0000	0.0000	0.0000	0.0000	0.0000	0.0000	-0.0000	0.0000	8.6571	0.0009	16.0761	0.0000	0.0000	0.0000	0.0000	0.0000	0.0000	0.0000	0.0000	0.0000	0.0000	0.0000	0.0000	0.0000	0.0000	0.0000	0.0000	0.0000	0.0000	0.0000	0.0000	0.0000	0.0000	0.0000	0.0000	0.0000	0.0000	0.0000	0.0000	0.0000	0.0000	0.0000	0.0000	0.0000	0.0000	0.0000	0.0000	0.0000	0.0000	0.0000	0.0000	0.0000	0.0000	0.0000	0.0000	0.0000	0.0000	0.0000	0.0000	0.0000	0.0000	0.0000	0.0000	0.0000	0.0000										
70	78	0.0833	6	1	1	1	0	0	0	0	0	N	N	N	N	N	N	N	N	N	N	N	N	0.0000	0.0000	0.0000	0.0000	0.0000	0.0000	0.0000	0.0000	0.0000	0.0000	0.0002	0.0000	0.0000	0.0000	0.0000	0.0000	0.0000	0.0000	0.0000	0.0000	-0.0000	0.0000	0.3645	0.0009	1.9845	0.0000	0.0000	0.0000	0.0000	0.0000	0.0000	0.0000	0.0000	0.0000	0.0000	0.0000	0.0000	0.0000	0.0000	0.0000	0.0000	0.0000	0.0000	0.0000	0.0000	0.0000	0.0000	0.0000	0.0000	0.0000	0.0000	0.0000	0.0000	0.0000	0.0000	0.0000	0.0000	0.0000	0.0000	0.0000	0.0000	0.0000	0.0000	0.0000	0.0000	0.0000	0.0000	0.0000	0.0000	0.0000	0.0002	0.0000	0.0000	0.0000	0.0000	0.0000	0.0000	0.0000	0.0000										
70	79	0.0738	5	1	0	1	0	0	0	0	0	N	N	N	N	N	N	N	N	N	N	N	N	0.0000	0.0000	0.0000	0.0000	0.0000	0.0000	0.0000	0.0000	0.0000	0.0000	0.0000	0.0000	0.0000	0.0000	0.0000	0.0000	0.0010	0.0008	0.0012	0.0011	0.0012	0.0000	0.0008	0.0000	0.0012	1.0000	0.0000	-0.0000	0.0000	2.9108	0.0009	14.2456	0.0000	0.0000	0.0000	0.0000	0.0000	0.0000	0.0000	0.0000	0.0000	0.0000	0.0000	0.0000	0.0000	0.0000	0.0000	0.0000	0.0000	0.0000	0.0000	0.0000	0.0000	0.0000	0.0000	0.0000	0.0000	0.0000	0.0000	0.0000	0.0000	0.0000	0.0000	0.0000	0.0000	0.0000	0.0000	0.0000	0.0000	0.0000	0.0000	0.0000	0.0000	0.0000	0.0000	0.0000	0.0000	0.0010	0.0008	0.0012	0.0011	0.0012	0.0000	0.0008	0.0000	0.0012			
70	80	0.0687	4	1	0	1	0	0	0	0	0	N	N	N	N	N	N	N	N	N	N	N	N	0.0000	0.0000	0.0000	0.0000	0.0000	0.0000	0.0000	0.0000	0.0000	0.0000	0.0000	0.0000	0.0000	0.0000	0.0000	0.0000	0.0040	0.0034	0.0049	0.0048	0.0048	0.0000	0.0034	0.0000	0.0049	1.0000	0.0000	-0.0000	0.0000	0.1009	0.0009	7.5203	0.0000	0.0000	0.0000	0.0000	0.0000	0.0000	0.0000	0.0000	0.0000	0.0000	0.0000	0.0000	0.0000	0.0000	0.0000	0.0000	0.0000	0.0000	0.0000	0.0000	0.0000	0.0000	0.0000	0.0000	0.0000	0.0000	0.0000	0.0000	0.0000	0.0000	0.0000	0.0000	0.0000	0.0000	0.0000	0.0000	0.0000	0.0000	0.0000	0.0000	0.0000	0.0000	0.0000	0.0000	0.0000	0.0040	0.0034	0.0049	0.0048	0.0048	0.0000	0.0034	0.0000	0.0049			
70	81	0.0662	3	1	0	1	0	0	0	0	0	N	N	N	N	N	N	N	N	N	N	N	N	0.0000	0.0000	0.0000	0.0000	0.0000	0.0000	0.0000	0.0000	0.0000	0.0000	0.0000	0.0000	0.0000	0.0000	0.0000	0.0000	0.0053	0.0046	0.0062	0.0062	0.0064	0.0000	0.0045	0.0000	0.0062	0.9657	0.0000	-0.0000	0.0000	0.0014	0.0009	3.7882	0.0000	0.0000	0.0000	0.0000	0.0000	0.0000	0.0000	0.0000	0.0000	0.0000	0.0000	0.0000	0.0000	0.0000	0.0000	0.0000	0.0000	0.0000	0.0000	0.0000	0.0000	0.0000	0.0000	0.0000	0.0000	0.0000	0.0000	0.0000	0.0000	0.0000	0.0000	0.0000	0.0000	0.0000	0.0000	0.0000	0.0000	0.0000	0.0000	0.0000	0.0000	0.0000	0.0000	0.0000	0.0000	0.0053	0.0046	0.0062	0.0062	0.0064	0.0000	0.0045	0.0000	0.0062			
70	82	0.0819	6	1	1	1	0	0	0	0	0	N	N	N	N	N	N	N	N	N	N	N	N	0.0000	0.0000	0.0000	0.0000	0.0000	0.0000	0.0000	0.0000	0.0000	0.0000	0.0000	0.0000	0.0000	0.0000	0.0000	0.0000	0.0000	0.3548	0.3138	0.4081	0.3996	0.4042	0.0112	0.3190	0.0000	0.4129	1.0000	0.0000	-0.0000	0.0000	7.9116	0.0009	21.1247	0.0000	0.0000	0.0000	0.0000	0.0000	0.0000	0.0000	0.0000	0.0000	0.0000	0.0000	0.0000	0.0000	0.0000	0.0000	0.0000	0.0000	0.0000	0.0000	0.0000	0.0000	0.0000	0.0000	0.0000	0.0000	0.0000	0.0000	0.0001	0.0000	0.0000	0.0000	0.0000	0.0000	0.0000	0.0000	0.0000	0.0000	0.0000	0.0000	0.0000	0.0000	0.0000	0.0000	0.0000	0.0000	0.3548	0.3138	0.4081	0.3996	0.4042	0.0112	0.3190	0.0000	0.4129		
70	83	0.0998	7	2	1	1	0	0	0	0	0	Y	N	N	N	N	N	N	N	N	N	N	N	0.0000	0.0000	0.0000	0.0000	0.0000	0.0000	0.0000	0.0000	0.0000	0.0000	0.0000	0.0000	0.0000	0.0000	0.0000	0.0000	0.0000	0.0000	0.0000	0.0000	0.0000	0.0000	0.0009	1.8333	0.0000	0.0000	0.0000	0.0000	0.0000	0.0000	0.0000	0.0000	0.0000	0.0000	0.0000	0.0000	0.0000	0.0000	0.0000	0.0000	0.0000	0.0000	0.0000	0.0000	0.0000	0.0000	0.0000	0.0000	0.0000	0.0000	0.0000	0.0000	0.0000	0.0000	0.0000	0.0000	0.0000	0.0000	0.0000	0.0000	0.0000	0.0000	0.0000	0.0000	0.0000	0.0000	0.0000	0.0000	0.0000	0.0000	0.0000	0.0000	0.0000	0.0000	0.0000	0.0000	0.0000	0.0000											
70	84	0.0819	6	2	1	1	0	0	0	0	0	Y	N	N	N	N	N	N	N	N	N	N	N	0.0000	0.0000	0.0000	0.0000	0.0000	0.0000	0.0000	0.0000	0.0000	0.0000	0.0000	0.0000	0.0000	0.0000	0.0000	0.0000	0.0000	0.5150	0.4582	0.5879	0.5707	0.5744	0.2278	0.4688	0.0000	0.5918	1.0000	0.0000	-0.0000	0.0000	6.9552	0.0009	13.1226	0.0000	0.0000	0.0000	0.0000	0.0000	0.0000	0.0000	0.0000	0.0000	0.0000	0.0000	0.0000	0.0000	0.0000	0.0000	0.0000	0.0000	0.0000	0.0000	0.0000	0.0000	0.0000	0.0000	0.0000	0.0000	0.0000	0.0000	0.0001	0.0000	0.0000	0.0000	0.0000	0.0000	0.0000	0.0000	0.0000	0.0000	0.0000	0.0000	0.0000	0.0000	0.0000	0.0000	0.0000	0.0000	0.5150	0.4582	0.5879	0.5707	0.5744	0.2278	0.4688	0.0000	0.5918		
70	85	0.0788	5	1	1	1	0	0	0	0	0	N	N	N	N	N	N	N	N	N	N	N	N	0.0000	0.0000	0.0000	0.0000	0.0000	0.0000	0.0000	0.0000	0.0000	0.0000	0.0000	0.0000	0.0000	0.0000	0.0000	0.0000	0.0000	0.0000	1.0614	0.9818	1.1559	1.1365	1.1427	0.0768	0.9955	0.0284	1.1623	0.9916	0.0000	-0.0000	0.0000	0.3374	0.0009	6.1146	0.0000	0.0000	0.0000	0.0000	0.0000	0.0000	0.0000	0.0000	0.0000	0.0000	0.0000	0.0000	0.0000	0.0000	0.0000	0.0000	0.0000	0.0000	0.0000	0.0000	0.0000	0.0000	0.0000	0.0000	0.0000	0.0000	0.0000	0.0000	0.0000	0.0000	0.0000	0.0000	0.0000	0.0000	0.0000	0.0000	0.0000	0.0000	0.0000	0.0000	0.0000	0.0000	0.0000	0.0000	0.0000	1.0614	0.9818	1.1559	1.1365	1.1427	0.0768	0.9955	0.0284	1.1623	
70	86	0.0788	5	1	1	1	0	0	0	0	0	N	N	N	N	N	N	N	N	N	N	N	N	0.0000	0.0000	0.0000	0.0000	0.0000	0.0000	0.0000	0.0000	0.0000	0.0000	0.0000	0.0000	0.0000	0.0000	0.0000	0.0000	0.0000	0.5328	0.4764	0.6045	0.6093	0.6158	0.0235	0.4733	0.0000	0.6108	1.0000	0.0000	-0.0000	0.0000	11.0342	0.0009	12.7513	0.0000	0.0000	0.0000	0.0000	0.0000	0.0000	0.0000	0.0000	0.0000	0.0000	0.0000	0.0000	0.0000	0.0000	0.0000	0.0000	0.0000	0.0000	0.0000	0.0000	0.0000	0.0000	0.0000	0.0000	0.0000	0.0000	0.0000	0.0001	0.0000	0.0000	0.0000	0.0000	0.0000	0.0000	0.0000	0.0000	0.0000	0.0000	0.0000	0.0000	0.0000	0.0000	0.0000	0.0000	0.0000	0.5328	0.4764	0.6045	0.6093	0.6158	0.0235	0.4733	0.0000	0.6108		
70	87	0.0712	4	1	1	1	0	0	0	0	0	N	N	N	N	N	N	N	N	N	N	N	N	0.0000	0.0000	0.0000	0.0000	0.0000	0.0000	0.0000	0.0000	0.0000	0.0000	0.0000	0.0000	0.0000	0.0000	0.0000	0.0000	0.0000	1.2985	1.1376	1.5126	1.5481	1.5764	0.0000	1.1181	0.0021	1.5396	0.9990	0.0000	-0.0000	0.0000	3.9739	0.0009	6.2820	0.0000	0.0000	0.0000	0.0000	0.0000	0.0000	0.0000	0.0000	0.0000	0.0000	0.0000	0.0000	0.0000	0.0000	0.0000	0.0000	0.0000	0.0000	0.0000	0.0000	0.0000	0.0000	0.0000	0.0000	0.0000	0.0000	0.0000	0.0000	0.0000	0.0000	0.0000	0.0000	0.0000	0.0000	0.0000	0.0000	0.0000	0.0000	0.0000	0.0000	0.0000	0.0000	0.0000	0.0000	0.0000	1.2985	1.1376	1.5126	1.5481	1.5764	0.0000	1.1181	0.0021	1.5396		
70	88	0.0662	3	1	1	1	0	0	0	0	0	N	N	N	N	N	N	N	N	N	N	N	N	0.0000	0.0000	0.0000	0.0000	0.0000	0.0000	0.0000	0.0000	0.0000	0.0000	0.0000	0.0000	0.0000	0.0000	0.0000	0.0000	0.0298	0.0257	0.0353	0.0356	0.0361	0.0000	0.0256	0.0000	0.0358	0.9989	0.0000	-0.0000	0.0000	0.0056	0.0009	5.7021	0.0000	0.0000	0.0000	0.0000	0.0000	0.0000	0.0000	0.0000	0.0000	0.0000	0.0000	0.0000	0.0000	0.0000	0.0000	0.0000	0.0000	0.0000	0.0000	0.0000	0.0000	0.0000	0.0000	0.0000	0.0000	0.0000	0.0000	0.0000	0.0000	0.0000	0.0000	0.0000	0.0000	0.0000	0.0000	0.0000	0.0000	0.0000	0.0000	0.0000	0.0000	0.0000	0.0000	0.0000	0.0000	0.0298	0.0257	0.0353	0.0356	0.0361	0.0000	0.0256	0.0000	0.0358			
70	92	0.1546	7	1	0	1	0	0	0	0	0	N	N	N	N	N	N	N	N	N	N	N	N	0.0000	0.0000	0.0000	0.0000	0.0000	0.0000	0.0000	0.0000	0.0000	0.0000	0.0000	0.0000	0.0000	0.0000	0.0000	0.0000	0.0000	0.2375	0.1939	0.3065	0.2467	0.2536	0.1524	0.2283	0.0000	0.3216	1.0004	0.0000	-0.0000	0.0000	24.8682	0.0009	39.8855	0.0000	0.0000	0.0000	0.0000	0.0000	0.0000	0.0000	0.0000	0.0000	0.0000	0.0000	0.0000	0.0000	0.0000	0.0000	0.0000	0.0000	0.0000	0.0000	0.0000	0.0000	0.0000	0.0000	0.0000	0.0000	0.0000	0.0000	0.0001	0.0001	0.0000	0.0001	0.0001	0.0000	0.0001	0.0000	0.0000	0.0000	0.0000	0.0000	0.0000	0.0000	0.0000	0.0000	0.0000	0.0000	0.2375	0.1939	0.3065	0.2467	0.2536	0.1524	0.2283	0.0000	0.3216		
71	72	0.0662	2	1	1	1	1	0	0	0	0	N	N	N	N	N	N	N	N	N	N	N	N	0.0000	0.0000	0.0000	0.0000	0.0000	0.0000	0.0000	0.0000	0.0000	0.0000	0.0000	0.0000	0.0000	0.0000	0.0000	0.0000	4.5775	0.0000	9.7089	0.0000	0.0000	0.0000	5.2230	0.0000	10.0472	4763328.4845	0.0000	1.1319	9.9966	13.0000	12.9129	39.1663	0.0000	0.0000	0.0000	0.0000	0.0000	0.0000	0.0000	0.0000	0.0000	2.9380	0.0000	2.9380	0.0000	0.0000	0.0000	2.9380	0.0000	2.9380	0.5708	0.4832	0.0876	0.0209	0.0198	0.0011	0.5499	0.4634	0.0865	0.6418	0.3392	0.3026	0.0793	0.0691	0.0102	0.5625	0.2701	0.2924	0.0000	0.0000	0.0000	0.0000	0.0000	0.0000	0.0000	0.0000	0.0000	4.5775	0.0000	9.7089	0.0000	0.0000	0.0000	5.2230	0.0000	10.0472			
71	73	0.0687	3	1	1	1	0	0	0	0	0	N	N	N	N	N	N	N	N	N	N	N	N	0.0000	0.0000	0.0000	0.0000	0.0000	0.0000	0.0000	0.0000	0.0000	0.0000	0.0000	0.0000	0.0000	0.0000	0.0000	0.0000	0.0000	3.0182	0.0002	6.9398	0.0008	0.0005	0.0043	3.7046	0.0000	7.1777	33334.3668	0.0000	0.3852	9.9966	3.0003	12.9129	18.1082	0.0000	0.0000	0.0000	0.0000	0.0000	0.0000	0.0000	0.0000	0.0000	1.0001	0.0000	1.0000	0.0001	0.0000	0.0000	1.0000	0.0000	1.0000	0.1371	0.1159	0.0212	0.0051	0.0048	0.0003	0.1320	0.1110	0.0210	0.3313	0.1872	0.1441	0.0614	0.0566	0.0048	0.2699	0.1306	0.1393	0.0000	0.0000	0.0000	0.0000	0.0000	0.0000	0.0000	0.0000	0.0000	3.0182	0.0002	6.9398	0.0008	0.0005	0.0043	3.7046	0.0000	7.1777		
71	74	0.0364	2	1	1	1	0	0	0	0	0	N	N	N	N	N	N	N	N	N	N	N	N	1.6123	0.9865	0.0000	19.1061	19.0456	0.0000	0.0000	0.0000	0.0201	0.0237	0.0000	1.2620	1.2664	0.0000	0.0000	0.0000	0.0000	0.0125	0.0240	0.0000	0.0661	0.0665	0.0005	0.0000	0.0000	0.0000	0.0000	0.0006	-0.0036	-0.0038	9.9966	7.0046	12.9129	18.1036	0.0065	0.0065	0.0000	0.0065	0.0065	0.0000	0.0000	0.0000	0.0000	0.0063	0.0063	0.0000	0.0063	0.0063	0.0000	0.0000	0.0000	0.0000	0.3246	0.2749	0.0497	0.0052	0.0051	0.0000	0.3195	0.2698	0.0497	0.5029	0.2605	0.2424	0.0948	0.0941	0.0006	0.4081	0.1663	0.2418	1.6123	0.9865	0.0000	19.1061	19.0456	0.0000	0.0000	0.0000	0.0000	0.0125	0.0240	0.0000	0.0661	0.0665	0.0005	0.0000	0.0000	0.0000	
71	77	0.0837	6	1	1	1	0	0	0	0	0	N	N	N	N	N	N	N	N	N	N	N	N	0.0094	0.0000	inf	0.0613	0.0000	inf	0.0000	0.0000	0.0000	0.0000	0.0000	0.0005	0.0000	0.0000	0.0000	0.0001	0.0001	0.0000	0.0003	0.0003	0.0000	0.0000	0.0000	0.0000	inf	0.0000	0.0000	-0.0000	9.9966	8.6571	12.9129	16.0761	0.0000	0.0000	0.0000	0.0000	0.0000	0.0000	0.0000	0.0000	0.0000	0.0000	0.0000	0.0000	0.0000	0.0000	0.0000	0.0000	0.0000	0.0000	0.3868	0.3332	0.0535	0.0141	0.0136	0.0005	0.3727	0.3196	0.0531	0.3325	0.1944	0.1381	0.0788	0.0710	0.0078	0.2537	0.1234	0.1303	0.0094	0.0000	inf	0.0613	0.0000	inf	0.0000	0.0000	0.0000	0.0001	0.0001	0.0000	0.0003	0.0003	0.0000	0.0000	0.0000	0.0000			
71	78	0.0833	5	1	1	1	0	0	0	0	0	N	N	N	N	N	N	N	N	N	N	N	N	0.2306	0.0620	0.8660	1.6161	0.1966	inf	0.0000	0.0000	0.0001	0.0000	0.0005	0.0005	0.0001	0.0191	0.0000	0.0000	0.0000	0.0003	0.0002	0.0006	0.0003	0.0003	0.0000	0.0004	0.0000	0.0007	7.2052	1.9999	0.0000	0.0000	9.9966	0.3645	12.9129	1.9845	0.0000	0.0000	0.0000	0.0000	0.0000	0.0000	0.0000	0.0000	0.0000	0.0000	0.0000	0.0000	0.0000	0.0000	0.0000	0.0000	0.0000	0.0000	0.0229	0.0200	0.0029	0.0039	0.0038	0.0001	0.0190	0.0162	0.0028	0.0883	0.0567	0.0316	0.0352	0.0344	0.0008	0.0531	0.0223	0.0307	0.2306	0.0620	0.8660	1.6161	0.1966	inf	0.0000	0.0000	0.0000	0.0003	0.0002	0.0006	0.0003	0.0003	0.0000	0.0004	0.0000	0.0007	
71	79	0.0738	4	1	0	1	0	0	0	0	0	N	N	N	N	N	N	N	N	N	N	N	N	1.2439	0.8218	0.0034	0.1826	0.1665	inf	1.1131	0.6303	0.0000	0.0369	0.0430	0.0000	0.0009	0.0009	0.0001	0.0403	0.0476	0.0000	0.0297	0.0524	0.0004	0.0049	0.0055	0.0000	0.0362	0.0756	0.0004	0.0000	0.0052	-0.0030	-0.0047	9.9966	2.9108	12.9129	14.2456	0.0055	0.0055	0.0000	0.0000	0.0000	0.0000	0.0055	0.0055	0.0000	0.0077	0.0076	0.0000	0.0003	0.0003	0.0000	0.0074	0.0074	0.0000	0.1492	0.1281	0.0211	0.0129	0.0126	0.0003	0.1363	0.1155	0.0208	0.2581	0.1456	0.1125	0.0539	0.0482	0.0057	0.2042	0.0974	0.1068	1.2439	0.8218	0.0034	0.1826	0.1665	inf	1.1131	0.6303	0.0000	0.0297	0.0524	0.0004	0.0049	0.0055	0.0000	0.0362	0.0756	0.0004
71	80	0.0687	3	1	0	1	0	0	0	0	0	N	N	N	N	N	N	N	N	N	N	N	N	0.5962	0.7334	0.0000	0.0151	0.0151	0.0000	1.0262	7.6962	0.0000	0.0021	0.0025	0.0000	0.0001	0.0001	0.0000	0.0022	0.0026	0.0000	0.0035	0.0034	0.0037	0.0074	0.0077	0.0003	0.0021	0.0003	0.0038	0.0000	0.7085	-0.0000	-0.0001	9.9966	0.1009	12.9129	7.5203	0.0000	0.0000	0.0000	0.0000	0.0000	0.0000	0.0000	0.0000	0.0000	0.0006	0.0003	0.0002	0.0003	0.0003	0.0000	0.0003	0.0000	0.0002	0.0048	0.0040	0.0007	0.0002	0.0002	0.0000	0.0045	0.0038	0.0007	0.1649	0.1005	0.0644	0.0435	0.0417	0.0018	0.1214	0.0588	0.0626	0.5962	0.7334	0.0000	0.0151	0.0151	0.0000	1.0262	7.6962	0.0000	0.0035	0.0034	0.0037	0.0074	0.0077	0.0003	0.0021	0.0003	0.0038
71	81	0.0662	2	1	0	1	0	0	0	0	0	N	N	N	N	N	N	N	N	N	N	N	N	0.0000	0.0000	0.0000	0.0000	0.0000	0.0000	0.0000	0.0000	0.0000	0.0000	0.0000	0.0000	0.0000	0.0000	0.0000	0.0000	0.0000	0.0080	0.0075	0.0085	0.0157	0.0164	0.0000	0.0053	0.0008	0.0088	0.8841	0.0000	-0.0001	9.9966	0.0014	12.9129	3.7882	0.0000	0.0000	0.0000	0.0000	0.0000	0.0000	0.0000	0.0000	0.0000	0.0006	0.0003	0.0003	0.0003	0.0003	0.0000	0.0003	0.0000	0.0003	0.0001	0.0001	0.0000	0.0000	0.0000	0.0000	0.0001	0.0001	0.0000	0.0803	0.0452	0.0352	0.0203	0.0195	0.0009	0.0600	0.0257	0.0343	0.0000	0.0000	0.0000	0.0000	0.0000	0.0000	0.0000	0.0000	0.0000	0.0080	0.0075	0.0085	0.0157	0.0164	0.0000	0.0053	0.0008	0.0088		
71	82	0.0819	5	1	1	1	0	0	0	0	0	N	N	N	N	N	N	N	N	N	N	N	N	0.0017	10.5144	0.0000	48.8067	48.8649	0.0000	0.0000	0.0000	0.0029	0.0034	0.0000	0.0377	0.0392	0.0000	0.0000	0.0000	0.0000	1.7009	0.0003	4.0764	0.0008	0.0008	0.0003	2.2637	0.0000	4.2374	0.0000	9093.0744	-0.0006	0.3359	9.9966	7.9116	12.9129	21.1247	0.0011	0.0011	0.0000	0.0011	0.0011	0.0000	0.0000	0.0000	0.0000	0.8721	0.0001	0.8720	0.0001	0.0001	0.0000	0.8720	0.0000	0.8720	0.3798	0.3230	0.0567	0.0289	0.0278	0.0011	0.3509	0.2953	0.0556	0.5127	0.2988	0.2139	0.1275	0.1194	0.0081	0.3852	0.1794	0.2058	0.0017	10.5144	0.0000	48.8067	48.8649	0.0000	0.0000	0.0000	0.0000	1.7009	0.0003	4.0764	0.0008	0.0008	0.0003	2.2637	0.0000	4.2374	
71	83	0.0998	6	2	1	1	0	0	0	0	0	Y	N	N	N	N	N	N	N	N	N	N	N	0.0000	0.0000	0.0000	0.0000	0.0000	0.0000	0.0000	0.0000	0.0000	0.0000	0.0000	0.0000	0.0000	0.0000	0.0000	0.0000	0.0000	0.0000	0.0000	0.0000	9.9966	0.0000	12.9129	1.8333	0.0000	0.0000	0.0000	0.0000	0.0000	0.0000	0.0000	0.0000	0.0000	0.0000	0.0000	0.0000	0.0000	0.0000	0.0000	0.0000	0.0000	0.0000	0.0000	0.0000	0.0000	0.0000	0.0000	0.0000	0.0000	0.0000	0.0000	0.0409	0.0261	0.0148	0.0123	0.0116	0.0006	0.0287	0.0145	0.0142	0.0000	0.0000	0.0000	0.0000	0.0000	0.0000	0.0000	0.0000	0.0000	0.0000	0.0000	0.0000	0.0000	0.0000	0.0000	0.0000	0.0000	0.0000											
71	84	0.0819	5	2	1	1	0	0	0	0	0	Y	N	N	N	N	N	N	N	N	N	N	N	5.6561	570.1950	0.0000	0.0000	0.0000	0.0000	4.6026	inf	0.0000	2.9523	3.4687	0.0000	0.0000	0.0000	0.0000	3.2127	3.8186	0.0000	0.5220	0.0061	1.2773	0.0698	0.0136	1.0960	0.6980	0.0000	1.2840	0.0000	143.4082	-0.5476	0.0816	9.9966	6.9552	12.9129	13.1226	0.9989	0.9989	0.0000	0.0000	0.0000	0.0000	0.9989	0.9989	0.0000	0.2156	0.0015	0.2141	0.0081	0.0015	0.0066	0.2075	0.0000	0.2075	0.3383	0.2880	0.0504	0.0274	0.0264	0.0010	0.3109	0.2616	0.0493	0.4130	0.2454	0.1676	0.1157	0.1097	0.0060	0.2973	0.1357	0.1616	5.6561	570.1950	0.0000	0.0000	0.0000	0.0000	4.6026	inf	0.0000	0.5220	0.0061	1.2773	0.0698	0.0136	1.0960	0.6980	0.0000	1.2840
71	85	0.0788	4	1	1	1	0	0	0	0	0	N	N	N	N	N	N	N	N	N	N	N	N	0.0081	0.0612	0.0000	0.0113	0.0116	0.0000	0.0077	0.5722	0.0000	0.0527	0.0606	0.0000	0.0205	0.0216	0.0000	0.0659	0.0789	0.0000	6.5287	0.9907	21.8570	1.8121	1.8719	0.1349	8.5253	0.1380	21.1497	0.0000	10.2849	-0.0007	0.3058	9.9966	0.3374	12.9129	6.1146	0.0012	0.0012	0.0000	0.0001	0.0001	0.0000	0.0011	0.0011	0.0000	1.0308	0.0913	0.9395	0.0851	0.0849	0.0002	0.9457	0.0065	0.9393	0.0234	0.0203	0.0031	0.0068	0.0065	0.0004	0.0165	0.0138	0.0027	0.1579	0.0922	0.0657	0.0470	0.0453	0.0016	0.1109	0.0469	0.0641	0.0081	0.0612	0.0000	0.0113	0.0116	0.0000	0.0077	0.5722	0.0000	6.5287	0.9907	14.3014	1.8121	1.8719	0.1349	8.5253	0.1380	14.6585
71	86	0.0788	4	1	1	1	0	0	0	0	0	N	N	N	N	N	N	N	N	N	N	N	N	4.4327	0.0001	22.8978	0.0008	0.0008	0.0000	6.6494	22.4878	2.0201	0.0000	13.2244	0.0009	0.0009	0.0000	2.1207	0.0000	13.4431	0.4557	0.3581	0.5775	1.0230	1.1090	0.0002	0.3189	0.0000	0.5978	49993.5000	1.2930	0.4517	-0.0086	9.9966	11.0342	12.9129	12.7513	0.9999	0.0000	0.9999	0.0000	0.0000	0.0000	0.9999	0.0000	0.9999	0.1683	0.0734	0.0949	0.0734	0.0734	0.0000	0.0949	0.0000	0.0949	0.4950	0.4194	0.0756	0.0235	0.0223	0.0012	0.4715	0.3971	0.0744	0.3694	0.2050	0.1644	0.0718	0.0662	0.0056	0.2976	0.1388	0.1588	4.4327	0.0001	22.8978	0.0008	0.0008	0.0000	6.6494	0.0000	22.4878	0.4557	0.3581	0.5775	1.0230	1.1090	0.0002	0.3189	0.0000	0.5978	
71	87	0.0712	3	1	1	1	0	0	0	0	0	N	N	N	N	N	N	N	N	N	N	N	N	0.0001	0.0046	0.0003	0.0000	0.0000	0.0000	0.0001	0.0280	0.0003	0.0008	0.0001	0.0043	0.0000	0.0000	0.0000	0.0008	0.0001	0.0043	5.6698	0.0284	15.8188	0.0711	0.0792	0.0003	6.9695	0.0049	15.4703	6.0000	372.6422	0.0000	0.3554	9.9966	3.9739	12.9129	6.2820	0.0001	0.0000	0.0001	0.0000	0.0000	0.0000	0.0001	0.0000	0.0001	0.9290	0.0025	0.9265	0.0022	0.0022	0.0000	0.9268	0.0003	0.9265	0.1810	0.1530	0.0280	0.0068	0.0064	0.0004	0.1742	0.1466	0.0277	0.1639	0.0877	0.0762	0.0309	0.0277	0.0032	0.1330	0.0599	0.0730	0.0001	0.0046	0.0004	0.0000	0.0000	0.0000	0.0001	0.0280	0.0003	5.6698	0.0284	12.1616	0.0711	0.0792	0.0003	6.9695	0.0049	12.6861
71	88	0.0662	2	1	1	1	0	0	0	0	0	N	N	N	N	N	N	N	N	N	N	N	N	0.0000	0.0000	0.0000	0.0000	0.0000	0.0000	0.0000	0.0000	0.0000	0.0000	0.0000	0.0000	0.0000	0.0000	0.0000	0.0000	0.0000	0.1661	0.0057	0.3642	0.0141	0.0150	0.0000	0.2085	0.0003	0.3743	51.2773	0.0000	0.0064	9.9966	0.0056	12.9129	5.7021	0.0000	0.0000	0.0000	0.0000	0.0000	0.0000	0.0000	0.0000	0.0000	0.0175	0.0003	0.0172	0.0003	0.0003	0.0000	0.0172	0.0000	0.0172	0.0003	0.0002	0.0000	0.0000	0.0000	0.0000	0.0003	0.0002	0.0000	0.1055	0.0583	0.0472	0.0230	0.0218	0.0013	0.0825	0.0366	0.0459	0.0000	0.0000	0.0000	0.0000	0.0000	0.0000	0.0000	0.0000	0.0000	0.1661	0.0057	0.3642	0.0141	0.0150	0.0000	0.2085	0.0003	0.3743		
71	92	0.1546	6	1	0	1	0	0	0	0	0	N	N	N	N	N	N	N	N	N	N	N	N	0.3741	0.3244	0.1339	2.7373	4.2266	3.6400	0.2521	0.1682	0.1060	0.4617	0.5224	0.0675	0.0181	0.0127	0.1079	0.5564	0.6430	0.0642	1.2342	1.6106	0.5042	0.0066	0.0030	0.0297	2.2071	3.8228	0.6058	0.0199	0.1614	-0.2992	-0.5514	9.9966	24.8682	12.9129	39.8855	0.5659	0.5548	0.0110	0.0039	0.0026	0.0013	0.5620	0.5522	0.0097	1.1589	0.9978	0.1610	0.0028	0.0011	0.0017	1.1561	0.9968	0.1594	1.2255	1.0621	0.1634	0.2154	0.2032	0.0122	1.0100	0.8589	0.1512	0.9389	0.6195	0.3194	0.4151	0.3588	0.0563	0.5238	0.2607	0.2631	0.3741	0.3244	0.1339	2.7373	4.2266	3.6400	0.2521	0.1682	0.1060	1.2342	1.6106	0.5042	0.0066	0.0030	0.0297	2.2071	3.8228	0.6058
72	73	0.0676	2	0	2	0	1	0	0	0	0	N	Y	N	N	N	N	N	N	N	N	N	N	0.0000	0.0000	0.0000	0.4723	0.4715	0.0000	0.0000	0.0000	0.0001	0.0001	0.0000	0.1625	0.1630	0.0000	0.0000	0.0000	0.0000	2.2603	2.1646	2.3718	0.3441	0.3457	0.0000	2.7380	3.2289	2.3766	0.0000	0.9410	-0.0000	-0.2679	13.0000	3.0003	39.1663	18.1082	0.0000	0.0000	0.0000	0.0000	0.0000	0.0000	0.0000	0.0000	0.0000	2.0620	1.0623	0.9997	0.0626	0.0626	0.0000	1.9994	0.9997	0.9997	0.1767	0.1483	0.0284	0.0001	0.0001	0.0000	0.1766	0.1482	0.0284	0.9123	0.4908	0.4215	0.1820	0.1812	0.0008	0.7302	0.3096	0.4206	0.0000	0.0000	0.0000	0.4723	0.4715	0.0000	0.0000	0.0000	0.0000	2.2603	2.1646	2.3718	0.3441	0.3457	0.0000	2.7380	3.2289	2.3766	
72	74	0.1017	3	0	2	0	1	0	0	0	0	N	Y	N	N	N	N	N	N	N	N	N	N	0.0000	0.0000	0.0000	0.0000	0.0000	0.0000	0.0000	0.0000	0.0000	0.0000	0.0000	0.0000	0.0000	0.0000	0.0000	0.0000	0.0000	0.0040	0.0069	0.0003	0.0241	0.0258	0.0077	0.0000	0.0000	0.0000	0.0340	0.0000	-0.0018	13.0000	7.0046	39.1663	18.1036	0.0000	0.0000	0.0000	0.0000	0.0000	0.0000	0.0000	0.0000	0.0000	0.0031	0.0030	0.0001	0.0031	0.0030	0.0001	0.0000	0.0000	0.0000	0.4159	0.3531	0.0628	0.0205	0.0197	0.0008	0.3953	0.3333	0.0620	0.7734	0.4300	0.3434	0.1273	0.1155	0.0118	0.6461	0.3145	0.3316	0.0000	0.0000	0.0000	0.0000	0.0000	0.0000	0.0000	0.0000	0.0000	0.0040	0.0069	0.0003	0.0241	0.0258	0.0077	0.0000	0.0000	0.0000		
72	75	0.0983	2	0	1	0	1	0	0	0	0	N	N	N	N	N	N	N	N	N	N	N	N	0.0015	0.0009	0.0048	0.0000	0.0000	0.0018	0.0191	0.0047	0.0025	0.0007	0.0131	0.0000	0.0000	0.0000	0.0027	0.0008	0.0132	1.6528	0.7987	2.7253	2.0156	2.1430	0.0000	1.5546	0.0425	2.8055	3.0000	2.7176	0.0000	0.0262	13.0000	0.2435	39.1663	3.2922	0.0000	0.0000	0.0000	0.0000	0.0000	0.0000	0.0000	0.0000	0.0000	0.2251	0.0606	0.1646	0.0585	0.0585	0.0000	0.1666	0.0021	0.1646	0.0158	0.0135	0.0023	0.0012	0.0012	0.0000	0.0146	0.0123	0.0023	0.1362	0.0758	0.0604	0.0290	0.0273	0.0017	0.1072	0.0485	0.0587	0.0015	0.0009	0.0048	0.0000	0.0000	0.0000	0.0018	0.0191	0.0047	1.6528	0.7987	2.7253	2.0156	2.1430	0.0000	1.5546	0.0425	2.8055	
72	77	0.0826	5	0	2	0	1	0	0	0	0	N	Y	N	N	N	N	N	N	N	N	N	N	0.0437	0.0291	0.0000	0.1614	0.1517	0.0000	0.0000	0.0000	0.0000	0.0001	0.0001	0.0000	0.0013	0.0013	0.0000	0.0000	0.0000	0.0000	0.0013	0.0024	0.0001	0.0079	0.0086	0.0000	0.0001	0.0002	0.0001	0.0000	0.0183	-0.0000	-0.0006	13.0000	8.6571	39.1663	16.0761	0.0000	0.0000	0.0000	0.0000	0.0000	0.0000	0.0000	0.0000	0.0000	0.0010	0.0010	0.0000	0.0009	0.0009	0.0000	0.0001	0.0001	0.0000	0.5105	0.4348	0.0757	0.0236	0.0230	0.0006	0.4869	0.4118	0.0750	0.7390	0.4119	0.3271	0.1163	0.1064	0.0099	0.6227	0.3055	0.3172	0.0437	0.0291	0.0000	0.1614	0.1517	0.0000	0.0000	0.0000	0.0000	0.0013	0.0024	0.0001	0.0079	0.0086	0.0000	0.0001	0.0002	0.0001
72	78	0.0822	4	0	2	0	1	0	0	0	0	N	Y	N	N	N	N	N	N	N	N	N	N	0.1279	0.0000	0.5385	0.0000	0.0000	0.0000	0.1385	0.0000	0.5726	0.0010	0.0000	0.0080	0.0000	0.0000	0.0000	0.0012	0.0000	0.0082	0.0080	0.0041	0.0148	0.0065	0.0059	0.0397	0.0088	0.0020	0.0143	inf	2.0646	0.0000	0.0001	13.0000	0.3645	39.1663	1.9845	0.0000	0.0000	0.0000	0.0000	0.0000	0.0000	0.0000	0.0000	0.0000	0.0014	0.0004	0.0009	0.0004	0.0004	0.0000	0.0010	0.0001	0.0009	0.0293	0.0255	0.0038	0.0047	0.0046	0.0001	0.0246	0.0209	0.0037	0.1721	0.1093	0.0628	0.0615	0.0603	0.0013	0.1106	0.0490	0.0616	0.1279	0.0000	0.5385	0.0000	0.0000	0.0000	0.1385	0.0000	0.5726	0.0080	0.0041	0.0148	0.0065	0.0059	0.0397	0.0088	0.0020	0.0143
72	79	0.0728	3	0	1	0	1	0	0	0	0	N	N	N	N	N	N	N	N	N	N	N	N	1.4331	0.0003	8.6322	0.0360	0.0343	0.0000	1.3035	0.0001	8.4924	5.2449	0.0009	34.9023	0.0078	0.0079	0.0000	5.4738	0.0005	34.9523	3.6597	3.3429	4.0433	0.2169	0.2287	0.0292	4.1993	4.2876	4.1157	6951.2717	0.9989	0.4421	-0.2338	13.0000	2.9108	39.1663	14.2456	0.9789	0.0001	0.9787	0.0001	0.0001	0.0000	0.9788	0.0001	0.9787	2.0328	1.0169	1.0158	0.0163	0.0162	0.0001	2.0164	1.0008	1.0157	0.1866	0.1586	0.0280	0.0078	0.0078	0.0000	0.1788	0.1508	0.0280	0.5555	0.3042	0.2512	0.0753	0.0708	0.0045	0.4802	0.2334	0.2468	1.4331	0.0003	8.6322	0.0360	0.0343	0.0000	1.3035	0.0001	8.4924	3.6597	3.3429	4.0433	0.2169	0.2287	0.0292	4.1993	4.2876	4.1157
72	80	0.0676	2	0	1	0	1	0	0	0	0	N	N	N	N	N	N	N	N	N	N	N	N	0.0992	0.0005	0.4396	0.1386	0.1384	0.0000	0.0729	0.0000	0.4390	0.5579	0.0019	3.4861	0.1616	0.1617	0.0000	0.5619	0.0000	3.4861	5.6220	3.8119	7.9294	1.1665	1.1682	0.3868	7.7050	7.2778	7.9411	342.1634	1.6317	0.0015	0.0167	13.0000	0.1009	39.1663	7.5203	0.0034	0.0000	0.0034	0.0000	0.0000	0.0000	0.0034	0.0000	0.0034	3.1779	1.2076	1.9704	0.2101	0.2099	0.0001	2.9678	0.9976	1.9702	0.0061	0.0052	0.0010	0.0001	0.0001	0.0000	0.0061	0.0051	0.0010	0.5653	0.3168	0.2485	0.1801	0.1797	0.0004	0.3852	0.1371	0.2481	0.0992	0.0005	0.4396	0.1386	0.1384	0.0000	0.0729	0.0000	0.4390	5.6220	3.8119	7.9294	1.1665	1.1682	0.3868	7.7050	7.2778	7.9411
72	82	0.0808	4	0	2	0	1	0	0	0	0	N	Y	N	N	N	N	N	N	N	N	N	N	0.0000	0.0000	0.0000	0.0000	0.0000	0.0000	0.0000	0.0000	0.0000	0.0000	0.0000	0.0000	0.0000	0.0000	0.0000	0.0000	0.0000	0.9832	1.7393	0.0000	0.0447	0.0457	0.0000	1.1663	2.4054	0.0000	0.0000	0.0000	-0.6182	13.0000	7.9116	39.1663	21.1247	0.0000	0.0000	0.0000	0.0000	0.0000	0.0000	0.0000	0.0000	0.0000	1.0057	1.0057	0.0000	0.0075	0.0075	0.0000	0.9982	0.9982	0.0000	0.4905	0.4139	0.0766	0.0203	0.0201	0.0003	0.4702	0.3938	0.0763	1.0229	0.5782	0.4447	0.1670	0.1632	0.0038	0.8559	0.4150	0.4409	0.0000	0.0000	0.0000	0.0000	0.0000	0.0000	0.0000	0.0000	0.0000	0.9832	1.7393	0.0000	0.0447	0.0457	0.0000	1.1663	2.4054	0.0000		
72	83	0.0988	5	1	2	0	1	0	0	0	0	N	Y	N	N	N	N	N	N	N	N	N	N	0.0000	0.0000	0.0000	0.0000	0.0000	0.0000	0.0000	0.0000	0.0000	0.0000	0.0000	0.0000	0.0000	9.8256	15.5948	0.0000	37.2021	38.7438	0.0000	0.0000	0.0000	0.0000	0.0000	0.0000	-0.5122	13.0000	0.0000	39.1663	1.8333	0.0000	0.0000	0.0000	0.0000	0.0000	0.0000	0.0000	0.0000	0.0000	0.8333	0.8333	0.0000	0.8333	0.8333	0.0000	0.0000	0.0000	0.0000	0.0000	0.0000	0.0000	0.0000	0.0000	0.0000	0.0000	0.0000	0.0000	0.0857	0.0534	0.0323	0.0224	0.0215	0.0009	0.0633	0.0319	0.0314	0.0000	0.0000	0.0000	0.0000	0.0000	0.0000	0.0000	0.0000	0.0000	9.7237	15.5948	0.0000	37.2021	38.7438	0.0000	0.0000	0.0000	0.0000						
72	84	0.0808	4	1	2	0	1	0	0	0	0	N	Y	N	N	N	N	N	N	N	N	N	N	0.0000	0.0000	0.0000	0.0000	0.0000	0.0000	0.0000	0.0000	0.0000	0.0000	0.0000	0.0000	0.0000	0.0000	0.0000	0.0000	0.0000	0.0000	3.7995	1.7870	6.5782	0.0592	0.0146	7.6049	4.7192	2.6759	6.6146	2.6661	0.0000	0.3439	13.0000	6.9552	39.1663	13.1226	0.0000	0.0000	0.0000	0.0000	0.0000	0.0000	0.0000	0.0000	0.0000	3.0572	0.8339	2.2233	0.0094	0.0023	0.0071	3.0478	0.8316	2.2162	0.4372	0.3690	0.0682	0.0202	0.0199	0.0003	0.4170	0.3491	0.0679	0.8046	0.4666	0.3380	0.1588	0.1559	0.0029	0.6458	0.3108	0.3350	0.0000	0.0000	0.0000	0.0000	0.0000	0.0000	0.0000	0.0000	0.0000	3.7995	1.7870	6.5782	0.0592	0.0146	2.4252	4.7192	2.6759	6.6146	
72	85	0.0778	3	0	2	0	1	0	0	0	0	N	Y	N	N	N	N	N	N	N	N	N	N	0.0017	0.0121	0.0000	0.0090	0.0090	0.0000	0.0011	0.0512	0.0000	0.0049	0.0060	0.0000	0.0094	0.0095	0.0000	0.0038	0.0049	0.0000	2.8843	0.4964	5.9765	1.0513	1.0530	0.6714	3.4544	0.0959	5.9895	0.0000	9.2965	-0.0001	0.2683	13.0000	0.3374	39.1663	6.1146	0.0002	0.0002	0.0000	0.0001	0.0001	0.0000	0.0001	0.0001	0.0000	0.9311	0.0904	0.8407	0.0805	0.0803	0.0002	0.8506	0.0102	0.8404	0.0326	0.0267	0.0058	0.0063	0.0063	0.0000	0.0262	0.0204	0.0058	0.3228	0.1822	0.1407	0.0766	0.0762	0.0003	0.2462	0.1059	0.1403	0.0017	0.0121	0.0000	0.0090	0.0090	0.0000	0.0011	0.0512	0.0000	2.8843	0.4964	5.9765	1.0513	1.0530	0.6714	3.4544	0.0959	5.9895
72	86	0.0778	3	0	2	0	1	0	0	0	0	N	Y	N	N	N	N	N	N	N	N	N	N	9.9922	0.0028	38.7448	0.0039	0.0039	11.8209	inf	38.6558	1.5640	0.0002	9.8083	0.0013	0.0013	0.0000	1.5834	0.0002	9.8180	0.1565	0.0720	0.2532	0.3253	0.3296	0.0000	0.1340	0.0000	0.2540	9090.3636	3.0793	0.4517	0.0171	13.0000	11.0342	39.1663	12.7513	1.0001	0.0001	0.9999	0.0000	0.0000	0.0000	1.0000	0.0001	0.9999	0.1222	0.0300	0.0923	0.0300	0.0300	0.0000	0.0923	0.0000	0.0923	0.6394	0.5375	0.1019	0.0079	0.0078	0.0001	0.6316	0.5297	0.1018	0.7810	0.4165	0.3645	0.0921	0.0909	0.0012	0.6889	0.3256	0.3633	9.9922	0.0028	38.7448	0.0039	0.0039	0.0000	11.8209	inf	38.6558	0.1565	0.0720	0.2532	0.3253	0.3296	0.0000	0.1340	0.0000	0.2540	
72	87	0.0701	2	0	2	0	1	0	0	0	0	N	Y	N	N	N	N	N	N	N	N	N	N	2.0908	9.1501	0.0004	0.0000	0.0000	0.0000	1.8477	1881.2184	0.0004	4.2826	5.1028	0.0013	0.0000	0.0000	0.0000	4.2874	5.1095	0.0013	2.0483	0.5577	3.5996	1.1843	1.2028	0.0001	2.3204	0.0027	3.6268	0.0001	6.2019	-0.5481	0.2643	13.0000	3.9739	39.1663	6.2820	0.9999	0.9999	0.0001	0.0000	0.0000	0.0000	0.9999	0.9999	0.0001	1.0725	0.1489	0.9236	0.1485	0.1485	0.0000	0.9240	0.0004	0.9236	0.2335	0.1959	0.0375	0.0003	0.0003	0.0000	0.2332	0.1957	0.0375	0.5236	0.2670	0.2566	0.1254	0.1235	0.0019	0.3982	0.1435	0.2547	2.0908	9.1501	0.0004	0.0000	0.0000	0.0000	1.8477	1881.2184	0.0004	2.0483	0.5577	3.5996	1.1843	1.2028	0.0001	2.3204	0.0027	3.6268
72	92	0.1536	5	0	1	0	1	0	0	0	0	N	N	N	N	N	N	N	N	N	N	N	N	0.6283	0.0018	1.8423	1.4527	0.0064	30.6175	0.4751	0.0000	1.6299	0.3547	0.0001	2.5618	0.2131	0.0010	3.7184	0.3781	0.0000	2.4899	0.5646	0.0838	1.3906	0.1467	0.1495	0.1214	0.7958	0.0163	1.5277	2788.9500	9.6534	0.2519	0.3489	13.0000	24.8682	39.1663	39.8855	0.5580	0.0002	0.5578	0.0476	0.0002	0.0474	0.5104	0.0000	0.5104	1.1973	0.1124	1.0849	0.1108	0.1016	0.0092	1.0865	0.0108	1.0757	1.5731	1.3554	0.2177	0.2232	0.2105	0.0127	1.3499	1.1449	0.2050	2.1208	1.3406	0.7802	0.7556	0.6795	0.0761	1.3653	0.6611	0.7041	0.6283	0.0018	1.8423	1.4527	0.0064	30.6175	0.4751	0.0000	1.6299	0.5646	0.0838	1.3906	0.1467	0.1495	0.1214	0.7958	0.0163	1.5277
73	74	0.0716	4	0	2	0	0	0	0	0	0	N	Y	N	N	N	N	N	N	N	N	N	N	0.0000	0.0000	0.0000	0.0000	0.0000	0.0000	0.0000	0.0000	0.0000	0.0000	0.0000	0.0000	0.0000	0.0000	0.0000	0.0000	0.0000	0.0000	0.0000	0.0000	0.0000	0.0000	0.0002	0.0000	0.0000	0.0000	2568.2000	0.0000	0.0000	3.0003	7.0046	18.1082	18.1036	0.0000	0.0000	0.0000	0.0000	0.0000	0.0000	0.0000	0.0000	0.0000	0.0000	0.0000	0.0000	0.0000	0.0000	0.0000	0.0000	0.0000	0.0000	0.0998	0.0846	0.0152	0.0049	0.0047	0.0002	0.0949	0.0799	0.0150	0.3931	0.2300	0.1630	0.0846	0.0791	0.0055	0.3085	0.1510	0.1575	0.0000	0.0000	0.0000	0.0000	0.0000	0.0000	0.0000	0.0000	0.0000	0.0000	0.0000	0.0000	0.0000	0.0000	0.0002	0.0000	0.0000	0.0000		
73	75	0.0681	3	0	1	0	0	0	0	0	0	N	N	N	N	N	N	N	N	N	N	N	N	0.0000	0.0001	0.0000	0.0019	0.0018	0.0000	0.0000	0.0000	0.0000	0.0000	0.0000	0.0000	0.0000	0.0000	0.0000	0.0000	0.0000	0.0000	0.0097	0.0046	0.0168	0.0020	0.0020	0.0006	0.0123	0.0064	0.0172	0.0000	2.6260	-0.0000	0.0001	3.0003	0.2435	18.1082	3.2922	0.0000	0.0000	0.0000	0.0000	0.0000	0.0000	0.0000	0.0000	0.0000	0.0007	0.0002	0.0005	0.0000	0.0000	0.0000	0.0006	0.0001	0.0005	0.0038	0.0033	0.0006	0.0003	0.0003	0.0000	0.0035	0.0030	0.0006	0.0678	0.0394	0.0284	0.0170	0.0162	0.0008	0.0508	0.0232	0.0276	0.0000	0.0001	0.0000	0.0019	0.0018	0.0000	0.0000	0.0000	0.0000	0.0097	0.0046	0.0168	0.0020	0.0020	0.0006	0.0123	0.0064	0.0172
73	76	0.0350	2	0	1	0	0	0	0	0	0	N	N	N	N	N	N	N	N	N	N	N	N	0.1198	12.6528	0.0000	13400.2099	14764.7604	0.0000	0.0000	0.0000	0.0032	0.0038	0.0000	9.1577	9.1858	0.0000	0.0000	0.0000	0.0000	0.0265	0.0003	0.0564	0.0007	0.0006	0.0216	0.0355	0.0000	0.0565	0.0000	165.3374	-0.0002	0.0063	3.0003	7.0044	18.1082	20.1113	0.0003	0.0003	0.0000	0.0003	0.0003	0.0000	0.0000	0.0000	0.0000	0.0167	0.0001	0.0166	0.0001	0.0001	0.0000	0.0166	0.0000	0.0166	0.0975	0.0817	0.0158	0.0000	0.0000	0.0000	0.0974	0.0817	0.0158	0.6280	0.3342	0.2938	0.1616	0.1611	0.0005	0.4664	0.1731	0.2933	0.1198	12.6528	0.0000	13400.2099	14764.7604	0.0000	0.0000	0.0000	0.0000	0.0265	0.0003	0.0564	0.0007	0.0006	0.0216	0.0355	0.0000	0.0565	
73	77	0.0475	4	0	2	0	0	0	0	0	0	N	Y	N	N	N	N	N	N	N	N	N	N	21.2171	0.0000	58.5630	971.8838	0.0000	1219.9036	14.9518	54.4560	0.0025	0.0000	0.0170	0.0035	0.0000	0.1320	0.0025	0.0000	0.0160	0.0001	0.0000	0.0003	0.0000	0.0000	0.0001	0.0002	0.0000	0.0003	inf	3211.1590	0.0001	0.0000	3.0003	8.6571	18.1082	16.0761	0.0003	0.0000	0.0003	0.0000	0.0000	0.0000	0.0003	0.0000	0.0003	0.0001	0.0000	0.0001	0.0000	0.0000	0.0000	0.0001	0.0000	0.0001	0.1224	0.1042	0.0182	0.0057	0.0055	0.0002	0.1167	0.0987	0.0181	0.5263	0.3101	0.2162	0.1516	0.1467	0.0049	0.3747	0.1634	0.2113	21.2171	0.0000	58.5630	971.8838	0.0000	1219.9036	14.9518	0.0000	54.4560	0.0001	0.0000	0.0003	0.0000	0.0000	0.0001	0.0002	0.0000	0.0003	
73	78	0.0471	3	0	2	0	0	0	0	0	0	N	Y	N	N	N	N	N	N	N	N	N	N	0.5865	0.2330	4.7548	1.0364	0.9802	167.2283	0.8835	inf	4.5317	0.0002	0.0001	0.0009	0.0007	0.0006	0.0021	0.0001	0.0000	0.0008	0.0004	0.0005	0.0002	0.0006	0.0007	0.0000	0.0001	0.0000	0.0002	1.0927	0.2732	-0.0000	-0.0000	3.0003	0.3645	18.1082	1.9845	0.0000	0.0000	0.0000	0.0000	0.0000	0.0000	0.0000	0.0000	0.0000	0.0001	0.0001	0.0000	0.0001	0.0001	0.0000	0.0000	0.0000	0.0000	0.0071	0.0062	0.0009	0.0012	0.0011	0.0000	0.0059	0.0050	0.0009	0.2151	0.1223	0.0928	0.0968	0.0960	0.0008	0.1183	0.0263	0.0920	0.5865	0.2330	4.7548	1.0364	0.9802	167.2283	0.8835	inf	4.5317	0.0004	0.0005	0.0002	0.0006	0.0007	0.0000	0.0001	0.0000	0.0002
73	79	0.0376	2	0	1	0	0	0	0	0	0	N	N	N	N	N	N	N	N	N	N	N	N	0.0025	0.0019	0.0066	4.0903	4.0695	0.0230	0.0011	0.0000	0.0065	0.0169	0.0079	0.0671	0.1542	0.1551	0.0004	0.0107	0.0000	0.0672	6.7796	4.2176	10.2224	0.0377	0.0381	0.0166	9.4241	8.1048	10.3545	1.5256	1.8037	0.0000	0.0802	3.0003	2.9108	18.1082	14.2456	0.0008	0.0003	0.0005	0.0003	0.0003	0.0000	0.0005	0.0000	0.0005	2.8070	1.0012	1.8058	0.0044	0.0044	0.0000	2.8026	0.9968	1.8058	0.0450	0.0381	0.0069	0.0020	0.0019	0.0000	0.0430	0.0362	0.0068	0.4140	0.2374	0.1767	0.1167	0.1144	0.0023	0.2974	0.1230	0.1744	0.0025	0.0019	0.0066	4.0903	4.0695	0.0230	0.0011	0.0000	0.0065	6.7796	4.2176	10.2224	0.0377	0.0381	0.0166	9.4241	8.1048	10.3545
73	82	0.0506	5	0	2	0	0	0	0	0	0	N	Y	N	N	N	N	N	N	N	N	N	N	0.0013	0.0043	0.0012	0.0638	0.0389	87559.7661	0.0001	0.0135	0.0002	0.0002	0.0002	0.0005	0.0050	0.0036	0.0924	0.0000	0.0000	0.0001	0.1735	0.0409	0.3898	0.0787	0.0930	0.0000	0.2186	0.0000	0.4486	0.4798	5.8319	-0.0000	0.0267	3.0003	7.9116	18.1082	21.1247	0.0000	0.0000	0.0000	0.0000	0.0000	0.0000	0.0000	0.0000	0.0000	0.1119	0.0164	0.0955	0.0164	0.0164	0.0000	0.0955	0.0000	0.0955	0.1178	0.0992	0.0186	0.0049	0.0049	0.0001	0.1129	0.0944	0.0185	0.6452	0.4001	0.2451	0.2082	0.1761	0.0321	0.4370	0.2240	0.2130	0.0013	0.0043	0.0012	0.0638	0.0389	87559.7661	0.0001	0.0135	0.0002	0.1735	0.0409	0.3898	0.0787	0.0930	0.0000	0.2186	0.0000	0.4486
73	83	0.0686	6	1	2	0	0	0	0	0	0	N	Y	N	N	N	N	N	N	N	N	N	N	0.0000	0.0000	0.0000	0.0000	0.0000	0.0000	0.0000	0.0000	0.0000	0.0000	0.0000	0.0000	0.0000	0.0000	0.0000	0.0000	0.0000	0.0000	0.0000	0.0000	3.0003	0.0000	18.1082	1.8333	0.0000	0.0000	0.0000	0.0000	0.0000	0.0000	0.0000	0.0000	0.0000	0.0000	0.0000	0.0000	0.0000	0.0000	0.0000	0.0000	0.0000	0.0000	0.0000	0.0000	0.0000	0.0000	0.0000	0.0000	0.0000	0.0000	0.0000	0.0423	0.0270	0.0154	0.0130	0.0123	0.0007	0.0294	0.0147	0.0146	0.0000	0.0000	0.0000	0.0000	0.0000	0.0000	0.0000	0.0000	0.0000	0.0000	0.0000	0.0000	0.0000	0.0000	0.0000	0.0000	0.0000	0.0000											
73	84	0.0506	5	1	2	0	0	0	0	0	0	N	Y	N	N	N	N	N	N	N	N	N	N	0.0175	65.5239	0.0000	326.2047	581.3658	0.0000	0.0000	inf	0.0000	0.0031	0.0037	0.0000	0.0668	0.0678	0.0000	0.0000	0.0000	0.0000	0.1784	0.0001	0.4883	0.0002	0.0001	0.0007	0.2823	0.0000	0.5842	0.0000	4963.3232	-0.0002	0.0368	3.0003	6.9552	18.1082	13.1226	0.0003	0.0003	0.0000	0.0003	0.0003	0.0000	0.0000	0.0000	0.0000	0.0956	0.0000	0.0956	0.0000	0.0000	0.0000	0.0955	0.0000	0.0955	0.1050	0.0885	0.0166	0.0049	0.0048	0.0001	0.1001	0.0836	0.0165	0.5356	0.3399	0.1957	0.1972	0.1650	0.0321	0.3384	0.1749	0.1635	0.0175	65.5239	0.0000	326.2047	581.3658	0.0000	0.0000	inf	0.0000	0.1784	0.0001	0.4883	0.0002	0.0001	0.0007	0.2823	0.0000	0.5842
73	85	0.0476	4	0	2	0	0	0	0	0	0	N	Y	N	N	N	N	N	N	N	N	N	N	0.0007	0.0032	0.0008	0.0119	0.0072	19.4395	0.0000	0.0000	0.0001	0.0025	0.0018	0.0058	0.0123	0.0075	0.8705	0.0001	0.0000	0.0006	3.3888	0.5575	7.2174	1.0344	1.0418	0.0448	4.3871	0.0450	7.2546	0.7237	9.5743	-0.0000	0.1774	3.0003	0.3374	18.1082	6.1146	0.0000	0.0000	0.0000	0.0000	0.0000	0.0000	0.0000	0.0000	0.0000	0.6103	0.0577	0.5526	0.0555	0.0555	0.0000	0.5548	0.0023	0.5526	0.0078	0.0064	0.0014	0.0015	0.0015	0.0000	0.0063	0.0049	0.0014	0.1801	0.1035	0.0766	0.0536	0.0532	0.0004	0.1265	0.0503	0.0762	0.0007	0.0032	0.0008	0.0119	0.0072	19.4395	0.0000	0.0000	0.0001	3.3888	0.5575	7.2174	1.0344	1.0418	0.0448	4.3871	0.0450	7.2546
73	86	0.0476	4	0	2	0	0	0	0	0	0	N	Y	N	N	N	N	N	N	N	N	N	N	0.0703	0.0472	0.5964	1.0611	1.0640	3.4475	3.7428	inf	0.0000	0.0020	0.0024	0.0000	0.1606	0.1632	0.0022	0.0000	0.0000	0.0000	0.0289	0.0513	0.0000	0.1513	0.1533	0.0006	0.0000	0.0000	0.0000	0.0002	0.0001	-0.0002	-0.0074	3.0003	11.0342	18.1082	12.7513	0.0003	0.0003	0.0000	0.0003	0.0003	0.0000	0.0000	0.0000	0.0000	0.0120	0.0120	0.0000	0.0120	0.0120	0.0000	0.0000	0.0000	0.0000	0.1535	0.1288	0.0247	0.0019	0.0019	0.0000	0.1516	0.1269	0.0247	0.4153	0.2341	0.1812	0.0793	0.0783	0.0010	0.3360	0.1559	0.1801	0.0703	0.0472	0.5964	1.0611	1.0640	3.4475	3.7428	inf	0.0000	0.0289	0.0513	0.0000	0.1513	0.1533	0.0006	0.0000	0.0000	0.0000
73	87	0.0399	3	0	2	0	0	0	0	0	0	N	Y	N	N	N	N	N	N	N	N	N	N	0.0001	0.0063	0.0000	2.3214	2.2985	1564.8199	0.0000	0.0000	0.0000	0.0002	0.0002	0.0000	0.1058	0.1057	0.1757	0.0000	0.0000	0.0000	1.5333	0.0289	3.2026	0.0456	0.0460	0.0001	2.2597	0.0013	3.2223	0.0029	99.8046	-0.0000	0.1968	3.0003	3.9739	18.1082	6.2820	0.0000	0.0000	0.0000	0.0000	0.0000	0.0000	0.0000	0.0000	0.0000	0.5244	0.0052	0.5192	0.0051	0.0051	0.0000	0.5193	0.0001	0.5192	0.0561	0.0470	0.0091	0.0001	0.0001	0.0000	0.0560	0.0469	0.0091	0.3420	0.1799	0.1621	0.1122	0.1112	0.0010	0.2298	0.0687	0.1611	0.0001	0.0063	0.0000	2.3214	2.2985	1564.8199	0.0000	0.0000	0.0000	1.5333	0.0289	3.2026	0.0456	0.0460	0.0001	2.2597	0.0013	3.2223
73	88	0.0350	2	0	2	0	0	0	0	0	0	N	Y	N	N	N	N	N	N	N	N	N	N	0.0026	0.0021	0.0000	3.9632	3.9726	0.0000	0.0000	0.0000	0.0000	0.0003	0.0004	0.0000	0.9051	0.9079	0.0000	0.0000	0.0000	0.0000	0.1191	0.1770	0.0562	0.2284	0.2286	0.0006	0.0453	0.0002	0.0563	0.0000	0.2931	-0.0000	-0.0162	3.0003	0.0056	18.1082	5.7021	0.0000	0.0000	0.0000	0.0000	0.0000	0.0000	0.0000	0.0000	0.0000	0.0418	0.0323	0.0095	0.0323	0.0323	0.0000	0.0095	0.0000	0.0095	0.0001	0.0001	0.0000	0.0000	0.0000	0.0000	0.0001	0.0001	0.0000	0.3512	0.1827	0.1685	0.1416	0.1414	0.0001	0.2096	0.0413	0.1684	0.0026	0.0021	0.0000	3.9632	3.9726	0.0000	0.0000	0.0000	0.0000	0.1191	0.1770	0.0562	0.2284	0.2286	0.0006	0.0453	0.0002	0.0563
73	92	0.1234	6	0	1	0	0	0	0	0	0	N	N	N	N	N	N	N	N	N	N	N	N	0.0019	0.0809	0.0000	0.2808	0.2737	0.2298	0.0000	0.0000	0.0000	0.0009	0.0011	0.0000	0.0066	0.0070	0.0001	0.0000	0.0000	0.0000	0.5073	0.0135	1.4780	0.0234	0.0255	0.0002	0.8069	0.0000	1.6303	0.0005	55.7193	-0.0002	0.2060	3.0003	24.8682	18.1082	39.8855	0.0004	0.0004	0.0000	0.0004	0.0004	0.0000	0.0000	0.0000	0.0000	0.5603	0.0099	0.5504	0.0099	0.0099	0.0000	0.5504	0.0000	0.5504	0.3774	0.3248	0.0526	0.0540	0.0509	0.0031	0.3234	0.2740	0.0494	1.1046	0.7321	0.3724	0.4224	0.3876	0.0348	0.6821	0.3445	0.3376	0.0019	0.0809	0.0000	0.2808	0.2737	0.2298	0.0000	0.0000	0.0000	0.5073	0.0135	1.4780	0.0234	0.0255	0.0002	0.8069	0.0000	1.6303
74	77	0.1138	7	0	2	0	0	0	0	0	0	N	Y	N	N	N	N	N	N	N	N	N	N	0.0001	0.0000	1.5634	0.0000	0.0000	0.0000	0.5907	2.1161	0.0000	0.0000	0.0000	0.0000	0.0000	0.0000	0.0000	0.0000	0.0000	0.0013	0.0021	0.0000	0.0050	0.0056	0.0000	0.0000	0.0000	0.0000	inf	0.0002	0.0000	-0.0003	7.0046	8.6571	18.1036	16.0761	0.0000	0.0000	0.0000	0.0000	0.0000	0.0000	0.0000	0.0000	0.0000	0.0005	0.0005	0.0000	0.0005	0.0005	0.0000	0.0000	0.0000	0.0000	0.2741	0.2360	0.0381	0.0099	0.0096	0.0003	0.2642	0.2264	0.0378	0.3811	0.2284	0.1527	0.0970	0.0881	0.0089	0.2841	0.1403	0.1438	0.0001	0.0000	1.5634	0.0000	0.0000	0.0000	0.5907	0.0000	2.1161	0.0013	0.0021	0.0000	0.0050	0.0056	0.0000	0.0000	0.0000	0.0000	
74	78	0.1134	6	0	2	0	0	0	0	0	0	N	Y	N	N	N	N	N	N	N	N	N	N	0.0001	0.0001	0.0000	0.0003	0.0003	0.0000	0.0000	0.0000	0.0000	0.0000	0.0000	0.0000	0.0000	0.0000	0.0000	0.0000	0.0000	0.0000	0.0248	0.0381	0.0001	0.0488	0.0502	0.0000	0.0083	0.0191	0.0001	0.0000	0.0019	-0.0000	-0.0015	7.0046	0.3645	18.1036	1.9845	0.0000	0.0000	0.0000	0.0000	0.0000	0.0000	0.0000	0.0000	0.0000	0.0025	0.0025	0.0000	0.0020	0.0020	0.0000	0.0005	0.0005	0.0000	0.0166	0.0145	0.0021	0.0030	0.0029	0.0001	0.0136	0.0116	0.0020	0.1010	0.0657	0.0354	0.0413	0.0401	0.0012	0.0598	0.0256	0.0342	0.0001	0.0001	0.0000	0.0003	0.0003	0.0000	0.0000	0.0000	0.0000	0.0248	0.0381	0.0001	0.0488	0.0502	0.0000	0.0083	0.0191	0.0001
74	79	0.1039	5	0	1	0	0	0	0	0	0	N	N	N	N	N	N	N	N	N	N	N	N	0.0000	0.0000	0.0000	0.0000	0.0000	0.0000	0.0000	0.0000	0.0000	0.0000	0.0000	0.0000	0.0000	0.0000	0.0000	0.0000	0.0000	0.0000	0.0069	0.0117	0.0001	0.0013	0.0015	0.0000	0.0086	0.0177	0.0001	0.0048	0.0000	-0.0013	7.0046	2.9108	18.1036	14.2456	0.0000	0.0000	0.0000	0.0000	0.0000	0.0000	0.0000	0.0000	0.0000	0.0021	0.0021	0.0000	0.0001	0.0001	0.0000	0.0020	0.0020	0.0000	0.1084	0.0932	0.0151	0.0104	0.0102	0.0002	0.0979	0.0830	0.0149	0.3075	0.1800	0.1275	0.0733	0.0668	0.0065	0.2341	0.1132	0.1210	0.0000	0.0000	0.0000	0.0000	0.0000	0.0000	0.0000	0.0000	0.0000	0.0069	0.0117	0.0001	0.0013	0.0015	0.0000	0.0086	0.0177	0.0001	
74	80	0.0988	4	0	1	0	0	0	0	0	0	N	N	N	N	N	N	N	N	N	N	N	N	0.0000	0.0000	0.0000	0.0000	0.0000	0.0000	0.0000	0.0000	0.0000	0.0000	0.0000	0.0000	0.0000	0.0000	0.0000	0.0000	0.0000	0.0000	0.0003	0.0003	0.0001	0.0008	0.0008	0.0009	0.0001	0.0000	0.0001	0.2524	0.0000	-0.0000	7.0046	0.1009	18.1036	7.5203	0.0000	0.0000	0.0000	0.0000	0.0000	0.0000	0.0000	0.0000	0.0000	0.0001	0.0000	0.0000	0.0000	0.0000	0.0000	0.0000	0.0000	0.0000	0.0035	0.0029	0.0005	0.0002	0.0002	0.0000	0.0033	0.0027	0.0005	0.1917	0.1193	0.0724	0.0541	0.0520	0.0021	0.1376	0.0673	0.0703	0.0000	0.0000	0.0000	0.0000	0.0000	0.0000	0.0000	0.0000	0.0000	0.0003	0.0003	0.0001	0.0008	0.0008	0.0009	0.0001	0.0000	0.0001	
74	81	0.0963	3	0	1	0	0	0	0	0	0	N	N	N	N	N	N	N	N	N	N	N	N	0.0000	0.0000	0.0000	0.0000	0.0000	0.0000	0.0000	0.0000	0.0000	0.0000	0.0000	0.0000	0.0000	0.0000	0.0000	0.0000	0.0000	0.0000	0.0006	0.0007	0.0006	0.0005	0.0003	0.0076	0.0007	0.0010	0.0004	0.6592	0.0000	-0.0000	7.0046	0.0014	18.1036	3.7882	0.0000	0.0000	0.0000	0.0000	0.0000	0.0000	0.0000	0.0000	0.0000	0.0001	0.0000	0.0000	0.0000	0.0000	0.0000	0.0000	0.0000	0.0000	0.0000	0.0000	0.0000	0.0000	0.0000	0.0000	0.0000	0.0000	0.0000	0.0936	0.0541	0.0395	0.0255	0.0245	0.0010	0.0681	0.0296	0.0385	0.0000	0.0000	0.0000	0.0000	0.0000	0.0000	0.0000	0.0000	0.0000	0.0006	0.0007	0.0006	0.0005	0.0003	0.0076	0.0007	0.0010	0.0004	
74	82	0.1120	6	0	2	0	0	0	0	0	0	N	Y	N	N	N	N	N	N	N	N	N	N	0.0046	0.0000	0.0131	0.0000	0.0000	0.0000	0.0041	0.0000	0.0141	0.0000	0.0000	0.0001	0.0000	0.0000	0.0000	0.0000	0.0000	0.0001	0.0020	0.0001	0.0047	0.0008	0.0003	0.0109	0.0024	0.0000	0.0045	inf	28.2474	0.0000	0.0004	7.0046	7.9116	18.1036	21.1247	0.0000	0.0000	0.0000	0.0000	0.0000	0.0000	0.0000	0.0000	0.0000	0.0012	0.0000	0.0012	0.0001	0.0000	0.0001	0.0011	0.0000	0.0011	0.2765	0.2357	0.0408	0.0243	0.0234	0.0009	0.2522	0.2123	0.0399	0.6201	0.3693	0.2508	0.1717	0.1623	0.0093	0.4484	0.2069	0.2415	0.0046	0.0000	0.0131	0.0000	0.0000	0.0000	0.0041	0.0000	0.0141	0.0020	0.0001	0.0047	0.0008	0.0003	0.0109	0.0024	0.0000	0.0045
74	83	0.1299	7	1	2	0	0	0	0	0	0	N	Y	N	N	N	N	N	N	N	N	N	N	0.0000	0.0000	0.0000	0.0000	0.0000	0.0000	0.0000	0.0000	0.0000	0.0000	0.0000	0.0000	0.0000	0.0000	0.0000	0.0004	0.0000	0.0010	0.0006	0.0000	0.0116	0.0003	0.0000	0.0005	inf	0.0000	0.0000	7.0046	0.0000	18.1036	1.8333	0.0000	0.0000	0.0000	0.0000	0.0000	0.0000	0.0000	0.0000	0.0000	0.0000	0.0000	0.0000	0.0000	0.0000	0.0000	0.0000	0.0000	0.0000	0.0000	0.0000	0.0000	0.0000	0.0000	0.0000	0.0000	0.0000	0.0000	0.0466	0.0302	0.0164	0.0145	0.0138	0.0007	0.0321	0.0164	0.0157	0.0000	0.0000	0.0000	0.0000	0.0000	0.0000	0.0000	0.0000	0.0000	0.0004	0.0000	0.0010	0.0006	0.0000	0.0116	0.0003	0.0000	0.0005				
74	84	0.1120	6	1	2	0	0	0	0	0	0	N	Y	N	N	N	N	N	N	N	N	N	N	18.5255	21.7626	0.0000	63.4816	100.2818	0.0000	0.0000	0.0000	0.0000	0.0093	0.0109	0.0000	0.1008	0.1046	0.0000	0.0000	0.0000	0.0000	0.0005	0.0005	0.0005	0.0016	0.0010	0.0130	0.0000	0.0000	0.0001	0.0000	0.6611	-0.0013	-0.0001	7.0046	6.9552	18.1036	13.1226	0.0023	0.0023	0.0000	0.0023	0.0023	0.0000	0.0000	0.0000	0.0000	0.0003	0.0002	0.0001	0.0002	0.0002	0.0001	0.0000	0.0000	0.0000	0.2463	0.2101	0.0362	0.0228	0.0220	0.0008	0.2235	0.1881	0.0354	0.4985	0.3007	0.1978	0.1518	0.1449	0.0069	0.3467	0.1558	0.1909	18.5255	21.7626	0.0000	63.4816	100.2818	0.0000	0.0000	0.0000	0.0000	0.0005	0.0005	0.0005	0.0016	0.0010	0.0130	0.0000	0.0000	0.0001
74	85	0.1089	5	0	2	0	0	0	0	0	0	N	Y	N	N	N	N	N	N	N	N	N	N	0.0124	0.0085	0.0187	0.0142	0.0146	0.0000	0.0061	0.0000	0.0228	0.0002	0.0002	0.0000	0.0005	0.0005	0.0000	0.0000	0.0000	0.0000	0.0122	0.0201	0.0011	0.0350	0.0359	0.0046	0.0006	0.0000	0.0010	0.0183	0.0391	-0.0000	-0.0015	7.0046	0.3374	18.1036	6.1146	0.0000	0.0000	0.0000	0.0000	0.0000	0.0000	0.0000	0.0000	0.0000	0.0025	0.0024	0.0001	0.0025	0.0024	0.0000	0.0001	0.0000	0.0001	0.0169	0.0147	0.0022	0.0051	0.0048	0.0003	0.0119	0.0099	0.0020	0.2089	0.1219	0.0870	0.0701	0.0682	0.0019	0.1388	0.0537	0.0851	0.0124	0.0085	0.0187	0.0142	0.0146	0.0000	0.0061	0.0000	0.0228	0.0122	0.0201	0.0011	0.0350	0.0359	0.0046	0.0006	0.0000	0.0010
74	86	0.1089	5	0	2	0	0	0	0	0	0	N	Y	N	N	N	N	N	N	N	N	N	N	0.0000	0.0000	0.0001	0.0000	0.0000	0.0000	0.0000	0.0000	0.0002	0.0000	0.0000	0.0000	0.0000	0.0000	0.0000	0.0000	0.0000	0.0000	0.0026	0.0000	0.0061	0.0010	0.0001	0.0159	0.0031	0.0000	0.0057	inf	120.4905	0.0000	0.0005	7.0046	11.0342	18.1036	12.7513	0.0000	0.0000	0.0000	0.0000	0.0000	0.0000	0.0000	0.0000	0.0000	0.0012	0.0000	0.0012	0.0001	0.0000	0.0001	0.0011	0.0000	0.0011	0.3605	0.3063	0.0542	0.0216	0.0207	0.0009	0.3389	0.2856	0.0533	0.4647	0.2654	0.1993	0.1109	0.1045	0.0064	0.3538	0.1609	0.1928	0.0000	0.0000	0.0001	0.0000	0.0000	0.0000	0.0000	0.0000	0.0002	0.0026	0.0000	0.0061	0.0010	0.0001	0.0159	0.0031	0.0000	0.0057
74	87	0.1013	4	0	2	0	0	0	0	0	0	N	Y	N	N	N	N	N	N	N	N	N	N	0.0000	0.0000	0.0000	0.0001	0.0001	0.0000	0.0000	0.0000	0.0000	0.0000	0.0000	0.0000	0.0000	0.0000	0.0000	0.0000	0.0000	0.0000	0.0140	0.0238	0.0016	0.0593	0.0635	0.0115	0.0008	0.0002	0.0012	0.0000	0.0545	-0.0000	-0.0016	7.0046	3.9739	18.1036	6.2820	0.0000	0.0000	0.0000	0.0000	0.0000	0.0000	0.0000	0.0000	0.0000	0.0028	0.0026	0.0001	0.0027	0.0026	0.0000	0.0001	0.0000	0.0001	0.1318	0.1117	0.0201	0.0066	0.0063	0.0003	0.1252	0.1054	0.0198	0.1998	0.1111	0.0887	0.0451	0.0415	0.0036	0.1547	0.0696	0.0851	0.0000	0.0000	0.0000	0.0001	0.0001	0.0000	0.0000	0.0000	0.0000	0.0140	0.0238	0.0016	0.0593	0.0635	0.0115	0.0008	0.0002	0.0012
74	88	0.0963	3	0	2	0	0	0	0	0	0	N	Y	N	N	N	N	N	N	N	N	N	N	0.0000	0.0000	0.0000	0.0000	0.0000	0.0000	0.0000	0.0000	0.0000	0.0000	0.0000	0.0000	0.0000	0.0000	0.0000	0.0000	0.0000	0.0000	0.0217	0.0378	0.0003	0.0029	0.0031	0.0007	0.0278	0.0614	0.0003	0.0069	0.0000	-0.0016	7.0046	0.0056	18.1036	5.7021	0.0000	0.0000	0.0000	0.0000	0.0000	0.0000	0.0000	0.0000	0.0000	0.0027	0.0027	0.0000	0.0001	0.0001	0.0000	0.0026	0.0026	0.0000	0.0002	0.0002	0.0000	0.0000	0.0000	0.0000	0.0002	0.0002	0.0000	0.1240	0.0708	0.0532	0.0301	0.0286	0.0015	0.0939	0.0422	0.0517	0.0000	0.0000	0.0000	0.0000	0.0000	0.0000	0.0000	0.0000	0.0000	0.0217	0.0378	0.0003	0.0029	0.0031	0.0007	0.0278	0.0614	0.0003	
74	92	0.1847	7	0	1	0	0	0	0	0	0	N	N	N	N	N	N	N	N	N	N	N	N	2.5300	2.0067	0.0000	0.6049	0.5581	0.0007	4.3745	2.7833	0.0000	2.0906	2.4136	0.0000	0.7057	0.7487	0.0000	2.3878	2.8099	0.0000	0.8263	1.2028	0.0452	1.1667	1.3416	0.0031	0.5458	1.0095	0.0546	0.0000	0.0181	-0.9961	-0.5389	7.0046	24.8682	18.1036	39.8855	1.8170	1.8170	0.0000	0.1084	0.1084	0.0000	1.7087	1.7087	0.0000	0.9027	0.8866	0.0161	0.5758	0.5756	0.0002	0.3269	0.3110	0.0159	0.8691	0.7528	0.1163	0.1536	0.1447	0.0088	0.7156	0.6081	0.1075	1.0924	0.7371	0.3553	0.4936	0.4291	0.0645	0.5989	0.3081	0.2908	2.5300	2.0067	0.0000	0.6049	0.5581	0.0007	4.3745	2.7833	0.0000	0.8263	1.2028	0.0452	1.1667	1.3416	0.0031	0.5458	1.0095	0.0546
75	77	0.0541	6	0	1	0	0	0	0	0	0	N	N	N	N	N	N	N	N	N	N	N	N	0.0024	0.0003	0.0439	0.0068	0.0010	0.8146	0.0000	0.0000	0.0000	0.0000	0.0000	0.0002	0.0002	0.0000	0.0185	0.0000	0.0000	0.0000	0.0098	0.0142	0.0035	0.0364	0.0379	0.0227	0.0012	0.0000	0.0024	5.7862	0.1753	0.0000	-0.0002	0.2435	8.6571	3.2922	16.0761	0.0000	0.0000	0.0000	0.0000	0.0000	0.0000	0.0000	0.0000	0.0000	0.0005	0.0005	0.0001	0.0005	0.0005	0.0000	0.0001	0.0000	0.0001	0.0111	0.0097	0.0014	0.0010	0.0010	0.0000	0.0101	0.0087	0.0014	0.0545	0.0320	0.0225	0.0133	0.0120	0.0013	0.0412	0.0200	0.0212	0.0024	0.0003	0.0439	0.0068	0.0010	0.8146	0.0000	0.0000	0.0000	0.0098	0.0142	0.0035	0.0364	0.0379	0.0227	0.0012	0.0000	0.0024
75	78	0.0537	5	0	1	0	0	0	0	0	0	N	N	N	N	N	N	N	N	N	N	N	N	2.6475	0.3220	24.5247	7.2478	0.9318	113.1987	0.1497	0.0000	0.6440	0.0029	0.0004	0.0210	0.0141	0.0018	0.4284	0.0001	0.0000	0.0005	0.0011	0.0012	0.0009	0.0019	0.0019	0.0038	0.0005	0.0001	0.0008	7.3442	0.3909	0.0000	-0.0000	0.2435	0.3645	3.2922	1.9845	0.0000	0.0000	0.0000	0.0000	0.0000	0.0000	0.0000	0.0000	0.0000	0.0000	0.0000	0.0000	0.0000	0.0000	0.0000	0.0000	0.0000	0.0000	0.0006	0.0006	0.0001	0.0001	0.0001	0.0000	0.0005	0.0004	0.0001	0.0162	0.0104	0.0058	0.0066	0.0065	0.0001	0.0095	0.0039	0.0057	2.6475	0.3220	24.5247	7.2478	0.9318	113.1987	0.1497	0.0000	0.6440	0.0011	0.0012	0.0009	0.0019	0.0019	0.0038	0.0005	0.0001	0.0008
75	79	0.0442	4	0	0	0	0	0	0	0	0	N	N	N	N	N	N	N	N	N	N	N	N	0.1524	0.1070	0.4520	0.4661	2.5912	0.0392	0.1233	0.0606	0.4868	0.0052	0.0032	0.0178	0.0035	0.0035	0.0037	0.0054	0.0032	0.0180	0.0341	0.0302	0.0395	0.0074	0.0013	0.0953	0.0440	0.0527	0.0370	0.8564	0.9398	-0.0000	-0.0002	0.2435	2.9108	3.2922	14.2456	0.0000	0.0000	0.0000	0.0000	0.0000	0.0000	0.0000	0.0000	0.0000	0.0018	0.0009	0.0009	0.0001	0.0000	0.0001	0.0017	0.0009	0.0008	0.0041	0.0036	0.0006	0.0005	0.0005	0.0000	0.0036	0.0031	0.0005	0.0534	0.0311	0.0224	0.0146	0.0136	0.0009	0.0389	0.0175	0.0214	0.1524	0.1070	0.4520	0.4661	2.5912	0.0392	0.1233	0.0606	0.4868	0.0341	0.0302	0.0395	0.0074	0.0013	0.0953	0.0440	0.0527	0.0370
75	80	0.0391	3	0	0	0	0	0	0	0	0	N	N	N	N	N	N	N	N	N	N	N	N	0.0318	0.0169	0.1652	0.8137	0.8237	0.0000	0.0216	0.0079	0.1634	0.0016	0.0011	0.0046	0.0023	0.0023	0.0000	0.0015	0.0009	0.0046	0.0502	0.0642	0.0277	0.0028	0.0028	0.0021	0.0707	0.1203	0.0284	0.7112	0.2705	-0.0000	-0.0006	0.2435	0.1009	3.2922	7.5203	0.0000	0.0000	0.0000	0.0000	0.0000	0.0000	0.0000	0.0000	0.0000	0.0016	0.0013	0.0003	0.0000	0.0000	0.0000	0.0016	0.0012	0.0003	0.0001	0.0001	0.0000	0.0000	0.0000	0.0000	0.0001	0.0001	0.0000	0.0320	0.0197	0.0123	0.0097	0.0094	0.0003	0.0223	0.0103	0.0120	0.0318	0.0169	0.1652	0.8137	0.8237	0.0000	0.0216	0.0079	0.1634	0.0502	0.0642	0.0277	0.0028	0.0028	0.0021	0.0707	0.1203	0.0284
75	81	0.0366	2	0	0	0	0	0	0	0	0	N	N	N	N	N	N	N	N	N	N	N	N	0.0722	0.0000	0.0000	0.0000	0.0000	0.0000	0.0935	0.0000	0.0000	0.0007	0.0000	0.0000	0.0000	0.0000	0.0000	0.0007	0.0000	0.0000	0.0093	0.0095	0.0091	0.0129	0.0134	0.0000	0.0078	0.0057	0.0093	0.7061	-0.0000	-0.0000	0.2435	0.0014	3.2922	3.7882	0.0000	0.0000	0.0000	0.0000	0.0000	0.0000	0.0000	0.0000	0.0000	0.0001	0.0001	0.0001	0.0001	0.0001	0.0000	0.0001	0.0000	0.0001	0.0000	0.0000	0.0000	0.0000	0.0000	0.0000	0.0000	0.0000	0.0000	0.0157	0.0091	0.0067	0.0047	0.0045	0.0001	0.0111	0.0046	0.0065	0.0722	0.0000	0.0000	0.0000	0.0000	0.0000	0.0935	0.0000	0.0000	0.0093	0.0095	0.0091	0.0129	0.0134	0.0000	0.0078	0.0057	0.0093	
75	82	0.0523	5	0	1	0	0	0	0	0	0	N	N	N	N	N	N	N	N	N	N	N	N	0.0046	0.0084	0.0017	0.0359	0.0353	9.2639	0.0008	0.0543	0.0016	0.0103	0.0110	0.0059	0.0780	0.0796	0.0150	0.0018	0.0011	0.0058	2.2529	1.3096	3.5597	2.1732	2.2539	0.0016	2.2953	0.0197	3.6687	0.0887	1.9621	-0.0001	0.0145	0.2435	7.9116	3.2922	21.1247	0.0001	0.0001	0.0000	0.0001	0.0001	0.0000	0.0000	0.0000	0.0000	0.3034	0.1024	0.2010	0.1018	0.1018	0.0000	0.2016	0.0007	0.2010	0.0105	0.0090	0.0015	0.0012	0.0011	0.0000	0.0093	0.0079	0.0015	0.1347	0.0782	0.0565	0.0468	0.0452	0.0017	0.0878	0.0331	0.0548	0.0046	0.0084	0.0017	0.0359	0.0353	9.2639	0.0008	0.0543	0.0016	2.2529	1.3096	3.5597	2.1732	2.2539	0.0016	2.2953	0.0197	3.6687
75	83	0.0702	6	1	1	0	0	0	0	0	0	N	N	N	N	N	N	N	N	N	N	N	N	0.0000	0.0000	0.0000	0.0000	0.0000	0.0000	0.0000	0.0000	0.0000	0.0000	0.0000	0.0000	0.0000	0.0020	0.0031	0.0000	0.0060	0.0062	0.0000	0.0000	0.0000	0.0000	0.0000	0.0000	-0.0000	0.2435	0.0000	3.2922	1.8333	0.0000	0.0000	0.0000	0.0000	0.0000	0.0000	0.0000	0.0000	0.0000	0.0000	0.0000	0.0000	0.0000	0.0000	0.0000	0.0000	0.0000	0.0000	0.0000	0.0000	0.0000	0.0000	0.0000	0.0000	0.0000	0.0000	0.0000	0.0082	0.0053	0.0029	0.0028	0.0027	0.0001	0.0054	0.0027	0.0028	0.0000	0.0000	0.0000	0.0000	0.0000	0.0000	0.0000	0.0000	0.0000	0.0020	0.0031	0.0000	0.0060	0.0062	0.0000	0.0000	0.0000	0.0000						
75	84	0.0523	5	1	1	0	0	0	0	0	0	N	N	N	N	N	N	N	N	N	N	N	N	54.3863	66.8572	7.5679	0.0192	0.0195	0.0013	85.1900	3570.4079	7.7392	12.4855	14.2253	1.9137	0.0064	0.0066	0.0003	14.1242	16.3856	1.9528	0.2296	0.2128	0.2529	0.3362	0.3383	0.2722	0.1658	0.0046	0.2523	0.0221	0.8566	-0.0614	-0.0040	0.2435	6.9552	3.2922	13.1226	0.1167	0.1141	0.0025	0.0000	0.0000	0.0000	0.1167	0.1141	0.0025	0.0262	0.0141	0.0121	0.0144	0.0140	0.0004	0.0118	0.0001	0.0117	0.0093	0.0080	0.0013	0.0011	0.0011	0.0000	0.0083	0.0070	0.0013	0.1141	0.0663	0.0478	0.0427	0.0414	0.0013	0.0714	0.0249	0.0465	54.3863	66.8572	7.5679	0.0192	0.0195	0.0013	85.1900	3570.4079	7.7392	0.2296	0.2128	0.2529	0.3362	0.3383	0.2722	0.1658	0.0046	0.2523
75	85	0.0492	4	0	1	0	0	0	0	0	0	N	N	N	N	N	N	N	N	N	N	N	N	0.0751	0.0871	0.0535	0.0301	0.0309	0.0000	0.1158	3.0582	0.0592	0.2154	0.2209	0.1777	0.1209	0.1269	0.0000	0.2571	0.2682	0.2003	2.8679	2.5369	3.3203	4.0205	4.1087	0.0584	2.2205	0.0877	3.3819	0.1171	0.9573	-0.0001	-0.0133	0.2435	0.3374	3.2922	6.1146	0.0001	0.0001	0.0000	0.0000	0.0000	0.0000	0.0001	0.0001	0.0000	0.1055	0.0539	0.0516	0.0532	0.0532	0.0000	0.0523	0.0007	0.0516	0.0006	0.0006	0.0001	0.0002	0.0002	0.0000	0.0004	0.0004	0.0001	0.0368	0.0213	0.0155	0.0132	0.0129	0.0003	0.0236	0.0083	0.0153	0.0751	0.0871	0.0535	0.0301	0.0309	0.0000	0.1158	3.0582	0.0592	2.8679	2.5369	3.3203	4.0205	4.1087	0.0584	2.2205	0.0877	3.3819
75	86	0.0492	4	0	1	0	0	0	0	0	0	N	N	N	N	N	N	N	N	N	N	N	N	0.0056	0.0053	0.0111	0.0115	0.0113	0.0000	0.0058	0.2698	0.0109	0.0062	0.0046	0.0151	0.0206	0.0211	0.0000	0.0048	0.0028	0.0154	1.0900	0.8786	1.3693	1.7958	1.8739	0.0196	0.8198	0.0105	1.4069	0.5501	1.1796	-0.0000	-0.0066	0.2435	11.0342	3.2922	12.7513	0.0001	0.0001	0.0000	0.0000	0.0000	0.0000	0.0001	0.0000	0.0000	0.0892	0.0409	0.0483	0.0407	0.0407	0.0000	0.0485	0.0003	0.0483	0.0137	0.0117	0.0020	0.0012	0.0012	0.0000	0.0125	0.0106	0.0019	0.0819	0.0466	0.0353	0.0227	0.0217	0.0010	0.0592	0.0249	0.0343	0.0056	0.0053	0.0111	0.0115	0.0113	0.0000	0.0058	0.2698	0.0109	1.0900	0.8786	1.3693	1.7958	1.8739	0.0196	0.8198	0.0105	1.4069
75	87	0.0416	3	0	1	0	0	0	0	0	0	N	N	N	N	N	N	N	N	N	N	N	N	0.0233	0.6610	0.0000	3.3944	3.2594	0.0951	0.0001	0.0320	0.0000	0.0709	0.0830	0.0002	0.8924	0.9127	0.0002	0.0003	0.0003	0.0002	3.0390	0.1255	6.7110	0.2629	0.2800	0.0021	3.9848	0.0101	6.9570	0.0004	42.4208	-0.0002	0.0370	0.2435	3.9739	3.2922	6.2820	0.0004	0.0004	0.0000	0.0004	0.0004	0.0000	0.0000	0.0000	0.0000	0.1022	0.0024	0.0999	0.0022	0.0022	0.0000	0.1000	0.0001	0.0999	0.0050	0.0043	0.0007	0.0004	0.0004	0.0000	0.0046	0.0039	0.0007	0.0336	0.0188	0.0149	0.0085	0.0080	0.0005	0.0251	0.0107	0.0144	0.0233	0.6610	0.0000	3.3944	3.2594	0.0951	0.0001	0.0320	0.0000	3.0390	0.1255	6.7110	0.2629	0.2800	0.0021	3.9848	0.0101	6.9570
75	88	0.0366	2	0	1	0	0	0	0	0	0	N	N	N	N	N	N	N	N	N	N	N	N	1.4322	8.2441	0.0000	70.3537	69.2479	0.0000	0.0000	0.0000	0.0000	0.1454	0.1704	0.0000	1.8365	1.8783	0.0000	0.0000	0.0000	0.0000	0.1015	0.0207	0.2088	0.0261	0.0271	0.0000	0.1297	0.0152	0.2139	0.0002	7.6188	-0.0000	0.0006	0.2435	0.0056	3.2922	5.7021	0.0000	0.0000	0.0000	0.0000	0.0000	0.0000	0.0000	0.0000	0.0000	0.0021	0.0002	0.0019	0.0002	0.0002	0.0000	0.0020	0.0001	0.0019	0.0000	0.0000	0.0000	0.0000	0.0000	0.0000	0.0000	0.0000	0.0000	0.0211	0.0120	0.0091	0.0057	0.0055	0.0002	0.0154	0.0065	0.0089	1.4322	8.2441	0.0000	70.3537	69.2479	0.0000	0.0000	0.0000	0.0000	0.1015	0.0207	0.2088	0.0261	0.0271	0.0000	0.1297	0.0152	0.2139
75	92	0.1250	6	0	0	0	0	0	0	0	0	N	N	N	N	N	N	N	N	N	N	N	N	0.6731	0.7165	0.0213	0.0803	0.0775	0.0129	1.7884	15.0845	0.0220	0.0966	0.1101	0.0026	0.0180	0.0187	0.0016	0.1169	0.1365	0.0027	0.1435	0.1537	0.1224	0.2236	0.2415	0.1227	0.0654	0.0091	0.1224	0.0034	0.3855	-0.0018	-0.0094	0.2435	24.8682	3.2922	39.8855	0.0033	0.0033	0.0000	0.0001	0.0001	0.0000	0.0032	0.0031	0.0000	0.0281	0.0203	0.0078	0.0216	0.0198	0.0018	0.0065	0.0005	0.0060	0.0340	0.0297	0.0043	0.0070	0.0067	0.0003	0.0270	0.0230	0.0040	0.1956	0.1318	0.0638	0.0966	0.0820	0.0146	0.0990	0.0498	0.0492	0.6731	0.7165	0.0213	0.0803	0.0775	0.0129	1.7884	15.0845	0.0220	0.1435	0.1537	0.1224	0.2236	0.2415	0.1227	0.0654	0.0091	0.1224
76	77	0.0507	5	0	1	0	0	0	0	0	0	N	N	N	N	N	N	N	N	N	N	N	N	2.5628	1.0127	6776.1879	6662.2339	6357.7979	0.0000	0.8844	0.0000	6682.3285	5.8964	4.1677	15.7995	76.9990	79.1127	0.0000	2.4616	0.0000	15.9315	2.3008	4.1153	0.0023	0.0116	0.0124	0.0006	2.7833	5.7765	0.0024	0.6618	0.0004	-0.2487	-0.6064	7.0044	8.6571	20.1113	16.0761	1.6583	0.9979	0.6604	0.9979	0.9979	0.0000	0.6604	0.0000	0.6604	0.9872	0.9867	0.0004	0.0009	0.0009	0.0000	0.9863	0.9859	0.0004	0.2812	0.2394	0.0418	0.0130	0.0126	0.0003	0.2683	0.2268	0.0415	0.4291	0.2398	0.1893	0.0747	0.0691	0.0056	0.3544	0.1707	0.1837	2.5628	1.0127	6776.1879	6662.2339	6357.7979	0.0000	0.8844	0.0000	6682.3285	2.3008	4.1153	0.0023	0.0116	0.0124	0.0006	2.7833	5.7765	0.0024
76	78	0.0503	4	0	1	0	0	0	0	0	0	N	N	N	N	N	N	N	N	N	N	N	N	135.7394	1.6433	14512.8834	112.4202	121.3438	2.5329	106.5636	0.0000	16662.0630	21.4578	0.4004	163.5029	2.1355	2.1770	0.1810	25.2360	0.0000	167.9172	0.1581	0.2436	0.0113	0.0190	0.0179	0.0714	0.2368	0.5319	0.0101	60.5396	0.0269	0.1516	-0.0091	7.0044	0.3645	20.1113	1.9845	0.3481	0.0057	0.3424	0.0057	0.0057	0.0000	0.3424	0.0000	0.3424	0.0155	0.0151	0.0004	0.0007	0.0006	0.0001	0.0148	0.0145	0.0004	0.0162	0.0141	0.0021	0.0027	0.0026	0.0001	0.0136	0.0115	0.0020	0.0982	0.0620	0.0361	0.0355	0.0348	0.0007	0.0627	0.0272	0.0354	135.7394	1.6433	14512.8834	112.4202	121.3438	2.5329	106.5636	0.0000	16662.0630	0.1581	0.2436	0.0113	0.0190	0.0179	0.0714	0.2368	0.5319	0.0101
76	79	0.0408	3	0	0	0	0	0	0	0	0	N	N	N	N	N	N	N	N	N	N	N	N	2.8094	0.0005	4086.5900	0.2090	0.1830	53410.8983	2.5252	0.0000	4024.5258	8.8602	0.0026	58.5986	0.0555	0.0512	0.8870	9.2464	0.0001	58.6821	3.1537	5.7343	0.0143	0.2657	0.2797	0.0000	3.6617	7.6395	0.0146	3947.2154	0.0021	0.4120	-0.6211	7.0044	2.9108	20.1113	14.2456	0.9124	0.0002	0.9122	0.0002	0.0002	0.0000	0.9122	0.0000	0.9122	1.0137	1.0117	0.0021	0.0128	0.0128	0.0000	1.0010	0.9989	0.0021	0.1030	0.0874	0.0156	0.0043	0.0043	0.0000	0.0987	0.0831	0.0155	0.3214	0.1764	0.1450	0.0481	0.0457	0.0024	0.2734	0.1308	0.1426	2.8094	0.0005	4086.5900	0.2090	0.1830	53410.8983	2.5252	0.0000	4024.5258	3.1537	5.7343	0.0143	0.2657	0.2797	0.0000	3.6617	7.6395	0.0146
76	80	0.0357	2	0	0	0	0	0	0	0	0	N	N	N	N	N	N	N	N	N	N	N	N	56.6564	2.3272	169.5970	135.9870	135.1341	10217.1857	37.9593	0.5512	169.4192	26.3359	0.1101	163.4095	8.6749	8.6235	483.4480	26.5148	0.0071	163.4073	0.4648	0.0473	0.9635	0.0638	0.0638	0.0473	0.6985	0.0129	0.9645	283.9814	17.0525	0.0399	0.0664	7.0044	0.1009	20.1113	7.5203	0.0891	0.0003	0.0887	0.0003	0.0003	0.0000	0.0888	0.0000	0.0887	0.2012	0.0111	0.1900	0.0102	0.0102	0.0000	0.1910	0.0010	0.1900	0.0034	0.0028	0.0005	0.0000	0.0000	0.0000	0.0033	0.0028	0.0005	0.4328	0.2356	0.1972	0.1593	0.1591	0.0002	0.2735	0.0764	0.1970	56.6564	2.3272	169.5970	135.9870	135.1341	10217.1857	37.9593	0.5512	169.4192	0.4648	0.0473	0.9635	0.0638	0.0638	0.0473	0.6985	0.0129	0.9645
76	82	0.0489	4	0	1	0	0	0	0	0	0	N	N	N	N	N	N	N	N	N	N	N	N	0.7375	0.0399	2.9663	62.7759	68.0589	0.0000	0.6171	0.0000	2.9535	3.7956	0.1198	23.4932	2.4363	2.4708	0.0000	3.8544	0.0000	23.5799	5.1464	3.0012	7.9200	0.0388	0.0363	0.1614	6.2456	4.3194	7.9836	36.5987	2.0411	0.4366	0.1720	7.0044	7.9116	20.1113	21.1247	1.0268	0.0273	0.9995	0.0273	0.0273	0.0000	0.9995	0.0000	0.9995	3.0486	1.0025	2.0461	0.0041	0.0037	0.0003	3.0445	0.9988	2.0458	0.2705	0.2280	0.0425	0.0112	0.0111	0.0002	0.2593	0.2169	0.0424	0.5924	0.3340	0.2584	0.1049	0.1028	0.0021	0.4875	0.2312	0.2562	0.7375	0.0399	2.9663	62.7759	68.0589	0.0000	0.6171	0.0000	2.9535	5.1464	3.0012	7.9200	0.0388	0.0363	0.1614	6.2456	4.3194	7.9836
76	83	0.0668	5	1	1	0	0	0	0	0	0	N	N	N	N	N	N	N	N	N	N	N	N	0.0000	0.0000	0.0000	0.0000	0.0000	0.0000	0.0000	0.0000	0.0000	0.0000	0.0000	0.0000	0.0000	0.0000	0.0000	0.0000	0.0000	0.0000	0.0000	0.0000	7.0044	0.0000	20.1113	1.8333	0.0000	0.0000	0.0000	0.0000	0.0000	0.0000	0.0000	0.0000	0.0000	0.0000	0.0000	0.0000	0.0000	0.0000	0.0000	0.0000	0.0000	0.0000	0.0000	0.0000	0.0000	0.0000	0.0000	0.0000	0.0000	0.0000	0.0000	0.0498	0.0309	0.0189	0.0136	0.0131	0.0005	0.0363	0.0179	0.0184	0.0000	0.0000	0.0000	0.0000	0.0000	0.0000	0.0000	0.0000	0.0000	0.0000	0.0000	0.0000	0.0000	0.0000	0.0000	0.0000	0.0000	0.0000											
76	84	0.0489	4	1	1	0	0	0	0	0	0	N	N	N	N	N	N	N	N	N	N	N	N	1.7589	0.0078	5.1075	2.6286	0.0516	495.3414	1.5390	4.9626	4.1375	0.0024	26.3269	2.2481	0.0446	165.3837	4.2289	0.0000	25.7800	2.3523	0.3072	5.1546	0.8552	0.8641	0.3339	2.7478	0.0000	5.1948	2035.1429	12.2465	0.4503	0.3388	7.0044	6.9552	20.1113	13.1226	0.9977	0.0005	0.9972	0.0250	0.0005	0.0245	0.9727	0.0000	0.9727	1.0938	0.0826	1.0112	0.0831	0.0826	0.0005	1.0106	0.0000	1.0106	0.2411	0.2033	0.0379	0.0111	0.0110	0.0001	0.2300	0.1923	0.0377	0.4650	0.2688	0.1962	0.0972	0.0956	0.0016	0.3678	0.1733	0.1945	1.7589	0.0078	5.1075	2.6286	0.0516	495.3414	1.5390	0.0000	4.9626	2.3523	0.3072	5.1546	0.8552	0.8641	0.3339	2.7478	0.0000	5.1948	
76	85	0.0458	3	0	1	0	0	0	0	0	0	N	N	N	N	N	N	N	N	N	N	N	N	8.2316	9.2069	12.2600	13.4120	13.3561	206.0166	6.4391	59.8981	12.2251	8.9781	6.7831	18.9441	21.7850	21.7733	36.3238	5.8887	2.1278	18.9291	1.0907	0.7367	1.5452	1.6243	1.6302	0.1763	0.9145	0.0355	1.5484	0.6151	1.6333	-0.0270	0.0011	7.0044	0.3374	20.1113	6.1146	0.1611	0.0997	0.0614	0.0760	0.0759	0.0001	0.0851	0.0239	0.0613	0.2045	0.0777	0.1268	0.0756	0.0756	0.0000	0.1289	0.0021	0.1268	0.0179	0.0147	0.0032	0.0035	0.0035	0.0000	0.0145	0.0112	0.0032	0.1875	0.1054	0.0821	0.0465	0.0464	0.0002	0.1410	0.0591	0.0819	8.2316	9.2069	12.2600	13.4120	13.3561	206.0166	6.4391	59.8981	12.2251	1.0907	0.7367	1.5452	1.6243	1.6302	0.1763	0.9145	0.0355	1.5484
76	86	0.0458	3	0	1	0	0	0	0	0	0	N	N	N	N	N	N	N	N	N	N	N	N	1.3896	404.6123	0.2403	7.0008	7.6488	1.5036	1.2177	inf	0.2398	2.9356	3.2894	1.0841	0.2509	0.2470	0.5464	2.9688	3.3337	1.0846	2.1125	0.0081	4.5108	0.0358	0.0323	0.3634	2.4381	0.0000	4.5237	0.0630	486.8612	-0.5061	0.3685	7.0044	11.0342	20.1113	12.7513	1.0351	0.9737	0.0613	0.0011	0.0010	0.0000	1.0340	0.9727	0.0613	0.9616	0.0020	0.9596	0.0022	0.0020	0.0002	0.9594	0.0000	0.9594	0.3526	0.2960	0.0566	0.0043	0.0043	0.0001	0.3483	0.2918	0.0565	0.4552	0.2424	0.2127	0.0617	0.0610	0.0007	0.3935	0.1814	0.2121	1.3896	404.6123	0.2403	7.0008	7.6488	1.5036	1.2177	inf	0.2398	2.1125	0.0081	4.5108	0.0358	0.0323	0.3634	2.4381	0.0000	4.5237
76	87	0.0382	2	0	1	0	0	0	0	0	0	N	N	N	N	N	N	N	N	N	N	N	N	11.7007	7.1720	35.5901	31.8652	31.5976	33101.8666	8.3639	65.3979	35.3957	7.4828	0.2460	44.9748	1.7427	1.7435	0.7422	7.4891	0.2440	44.9750	0.6395	0.0343	1.2637	0.0547	0.0552	0.0000	0.8954	0.0037	1.2706	35.2880	35.7222	0.4088	0.0889	7.0044	3.9739	20.1113	6.2820	0.9636	0.0266	0.9371	0.0002	0.0002	0.0000	0.9634	0.0263	0.9371	0.2482	0.0068	0.2415	0.0065	0.0065	0.0000	0.2418	0.0003	0.2415	0.1288	0.1079	0.0208	0.0001	0.0001	0.0000	0.1286	0.1078	0.0208	0.3881	0.1971	0.1911	0.1181	0.1171	0.0010	0.2700	0.0800	0.1900	11.7007	7.1720	35.5901	31.8652	31.5976	33101.8666	8.3639	65.3979	35.3957	0.6395	0.0343	1.2637	0.0547	0.0552	0.0000	0.8954	0.0037	1.2706
76	92	0.1216	5	0	0	0	0	0	0	0	0	N	N	N	N	N	N	N	N	N	N	N	N	0.0004	0.0008	0.0000	0.0078	0.0076	0.0000	0.0000	0.0000	0.0000	0.0017	0.0020	0.0000	0.0119	0.0126	0.0000	0.0000	0.0000	0.0000	3.8472	2.4442	6.1870	1.5334	1.6570	0.2922	5.2000	3.3563	6.7638	0.0000	1.5179	-0.0008	-0.0576	7.0044	24.8682	20.1113	39.8855	0.0015	0.0015	0.0000	0.0015	0.0015	0.0000	0.0000	0.0000	0.0000	4.8405	1.9225	2.9181	0.7118	0.6995	0.0123	4.1287	1.2230	2.9058	0.8670	0.7465	0.1205	0.1235	0.1164	0.0071	0.7435	0.6301	0.1134	1.2582	0.7865	0.4716	0.4642	0.4222	0.0420	0.7940	0.3644	0.4296	0.0004	0.0008	0.0000	0.0078	0.0076	0.0000	0.0000	0.0000	0.0000	3.8472	2.4442	6.1870	1.5334	1.6570	0.2922	5.2000	3.3563	6.7638
77	82	0.0622	8	0	2	0	0	0	0	0	0	N	Y	N	N	N	N	N	N	N	N	N	N	1.0183	0.0000	165702.9914	214.2704	0.3316	40002.0117	0.8189	0.0000	289094.9702	2.1263	0.0001	14.4306	1.1658	0.0020	30.1570	2.1931	0.0000	14.1580	2.0880	3.5487	0.0001	0.0054	0.0060	0.0008	2.6782	5.3533	0.0000	17183.5655	0.0000	0.3105	-0.6059	8.6571	7.9116	16.0761	21.1247	0.6874	0.0000	0.6873	0.0245	0.0000	0.0245	0.6628	0.0000	0.6628	0.9856	0.9856	0.0000	0.0006	0.0006	0.0000	0.9851	0.9851	0.0000	0.3233	0.2756	0.0476	0.0210	0.0202	0.0008	0.3022	0.2554	0.0468	0.4721	0.2777	0.1943	0.1042	0.0937	0.0105	0.3678	0.1840	0.1838	1.0183	0.0000	165702.9914	214.2704	0.3316	40002.0117	0.8189	0.0000	289094.9702	2.0880	3.5487	0.0001	0.0054	0.0060	0.0008	2.6782	5.3533	0.0000
77	83	0.0801	9	1	2	0	0	0	0	0	0	N	Y	N	N	N	N	N	N	N	N	N	N	0.0000	0.0000	0.0000	0.0000	0.0000	0.0000	0.0000	0.0000	0.0000	0.0000	0.0000	0.0000	0.0000	0.0000	0.0000	0.0000	0.0000	0.0000	0.0000	0.0000	8.6571	0.0000	16.0761	1.8333	0.0000	0.0000	0.0000	0.0000	0.0000	0.0000	0.0000	0.0000	0.0000	0.0000	0.0000	0.0000	0.0000	0.0000	0.0000	0.0000	0.0000	0.0000	0.0000	0.0000	0.0000	0.0000	0.0000	0.0000	0.0000	0.0000	0.0000	0.0565	0.0378	0.0186	0.0191	0.0186	0.0006	0.0373	0.0193	0.0180	0.0000	0.0000	0.0000	0.0000	0.0000	0.0000	0.0000	0.0000	0.0000	0.0000	0.0000	0.0000	0.0000	0.0000	0.0000	0.0000	0.0000	0.0000											
77	84	0.0622	8	1	2	0	0	0	0	0	0	N	Y	N	N	N	N	N	N	N	N	N	N	321.5787	225.4090	0.0158	1186.2732	1112.0049	0.1232	0.0041	0.0024	0.0000	3.4783	4.0790	0.0000	51.5733	53.7088	0.0000	0.0000	0.0000	0.0000	0.0108	0.0181	0.0000	0.0435	0.0483	0.0000	0.0002	0.0004	0.0000	0.0000	0.0001	-0.5454	-0.0023	8.6571	6.9552	16.0761	13.1226	0.9949	0.9949	0.0000	0.9949	0.9949	0.0000	0.0000	0.0000	0.0000	0.0038	0.0038	0.0000	0.0038	0.0038	0.0000	0.0001	0.0001	0.0000	0.2860	0.2439	0.0421	0.0193	0.0185	0.0008	0.2668	0.2254	0.0414	0.3532	0.2111	0.1421	0.0865	0.0778	0.0086	0.2667	0.1332	0.1335	321.5787	225.4090	0.0158	1186.2732	1112.0049	0.1232	0.0041	0.0024	0.0000	0.0108	0.0181	0.0000	0.0435	0.0483	0.0000	0.0002	0.0004	0.0000
77	85	0.0591	7	0	2	0	0	0	0	0	0	N	Y	N	N	N	N	N	N	N	N	N	N	478.4982	178.3130	13014.6750	6028.0258	3941.8246	9695.9424	14.2815	0.1643	971.8650	2.6314	1.5015	10.4822	7.5900	4.1718	53.0632	0.1002	0.0022	0.6367	0.0055	0.0084	0.0008	0.0013	0.0011	0.0055	0.0070	0.0135	0.0007	1.0048	0.0595	-0.0025	-0.0004	8.6571	0.3374	16.0761	6.1146	0.0535	0.0267	0.0268	0.0522	0.0267	0.0255	0.0013	0.0000	0.0013	0.0008	0.0007	0.0000	0.0000	0.0000	0.0000	0.0007	0.0007	0.0000	0.0203	0.0178	0.0026	0.0069	0.0064	0.0005	0.0135	0.0114	0.0021	0.1402	0.0864	0.0538	0.0369	0.0352	0.0017	0.1033	0.0512	0.0521	478.4982	178.3130	13014.6750	6028.0258	3941.8246	9695.9424	14.2815	0.1643	971.8650	0.0055	0.0084	0.0008	0.0013	0.0011	0.0055	0.0070	0.0135	0.0007
77	86	0.0591	7	0	2	0	0	0	0	0	0	N	Y	N	N	N	N	N	N	N	N	N	N	926.6789	418.8432	2395945.8627	987.4349	935.1320	1197798.8434	328866.6206	124682.7891	2445741.4010	6.7120	5.2244	15.3345	36.9750	37.9742	10.9851	4.7814	2.8457	15.4011	0.0072	0.0125	0.0000	0.0374	0.0406	0.0000	0.0000	0.0000	0.0000	0.5064	0.0004	-0.6295	-0.0017	8.6571	11.0342	16.0761	12.7513	2.9693	1.9711	0.9982	0.9809	0.9702	0.0108	1.9883	1.0009	0.9874	0.0028	0.0028	0.0000	0.0028	0.0028	0.0000	0.0000	0.0000	0.0000	0.4424	0.3773	0.0651	0.0265	0.0255	0.0010	0.4159	0.3517	0.0641	0.3827	0.2221	0.1605	0.0739	0.0681	0.0058	0.3088	0.1540	0.1548	926.6789	418.8432	2395945.8627	987.4349	935.1320	1197798.8434	328866.6206	124682.7891	2445741.4010	0.0072	0.0125	0.0000	0.0374	0.0406	0.0000	0.0000	0.0000	0.0000
77	87	0.0515	6	0	2	0	0	0	0	0	0	N	Y	N	N	N	N	N	N	N	N	N	N	256.2684	578.0354	4.0629	8564.5421	8635.9719	1114.9595	0.8546	1.8415	1.0064	0.1696	0.1985	0.0043	3.6293	3.7179	0.3885	0.0006	0.0005	0.0011	0.0007	0.0003	0.0011	0.0004	0.0004	0.0003	0.0007	0.0003	0.0011	0.0038	2.4445	-0.0149	0.0000	8.6571	3.9739	16.0761	6.2820	0.0274	0.0273	0.0001	0.0273	0.0272	0.0001	0.0001	0.0001	0.0000	0.0001	0.0000	0.0001	0.0000	0.0000	0.0000	0.0001	0.0000	0.0001	0.1616	0.1375	0.0240	0.0075	0.0073	0.0002	0.1541	0.1302	0.0238	0.1923	0.1076	0.0847	0.0436	0.0400	0.0036	0.1487	0.0676	0.0811	256.2684	578.0354	4.0629	8564.5421	8635.9719	1114.9595	0.8546	1.8415	1.0064	0.0007	0.0003	0.0011	0.0004	0.0004	0.0003	0.0007	0.0003	0.0011
77	88	0.0465	5	0	2	0	0	0	0	0	0	N	Y	N	N	N	N	N	N	N	N	N	N	52.8563	36.1790	0.0000	306.6702	303.5785	0.0000	0.0000	0.0000	0.3443	0.4046	0.0000	7.4995	7.7065	0.0000	0.0000	0.0000	0.0000	0.0065	0.0112	0.0002	0.0245	0.0254	0.0000	0.0001	0.0000	0.0002	0.0000	0.0115	-0.0000	-0.0005	8.6571	0.0056	16.0761	5.7021	0.0001	0.0001	0.0000	0.0001	0.0001	0.0000	0.0000	0.0000	0.0000	0.0009	0.0008	0.0000	0.0008	0.0008	0.0000	0.0000	0.0000	0.0000	0.0002	0.0002	0.0000	0.0000	0.0000	0.0000	0.0002	0.0002	0.0000	0.1312	0.0755	0.0557	0.0346	0.0333	0.0013	0.0967	0.0423	0.0544	52.8563	36.1790	0.0000	306.6702	303.5785	0.0000	0.0000	0.0000	0.0000	0.0065	0.0112	0.0002	0.0245	0.0254	0.0000	0.0001	0.0000	0.0002	
77	92	0.1349	9	0	1	0	0	0	0	0	0	N	N	N	N	N	N	N	N	N	N	N	N	0.0002	0.0000	0.0012	0.0025	0.0005	2.1130	0.0000	0.0000	0.0000	0.0004	0.0001	0.0026	0.0032	0.0007	0.0728	0.0000	0.0000	0.0000	2.0783	2.0522	2.1290	1.2718	1.4266	0.0345	2.5961	2.7468	2.4367	4.1487	0.5328	0.0001	-0.7785	8.6571	24.8682	16.0761	39.8855	0.0006	0.0001	0.0005	0.0006	0.0001	0.0005	0.0000	0.0000	0.0000	2.9140	1.9012	1.0129	0.6973	0.6952	0.0021	2.2167	1.2059	1.0108	1.3182	1.1349	0.1832	0.1794	0.1730	0.0064	1.1387	0.9619	0.1768	1.4021	0.9264	0.4757	0.5483	0.4874	0.0609	0.8538	0.4390	0.4148	0.0002	0.0000	0.0012	0.0025	0.0005	2.1130	0.0000	0.0000	0.0000	2.0783	2.0522	2.1290	1.2718	1.4266	0.0345	2.5961	2.7468	2.4367
78	82	0.0332	7	0	2	0	0	0	0	0	0	N	Y	N	N	N	N	N	N	N	N	N	N	180.1104	0.0827	33881.3999	34.1492	29.9886	35.4995	131.7212	0.0066	37865.0284	17.3693	0.0127	134.2897	0.0621	0.0474	0.4526	21.6405	0.0030	142.1758	0.0964	0.1542	0.0040	0.0018	0.0016	0.0127	0.1643	0.4558	0.0038	1563.9235	0.0161	0.1532	-0.0087	0.3645	7.9116	1.9845	21.1247	0.3397	0.0002	0.3394	0.0002	0.0002	0.0001	0.3394	0.0000	0.3394	0.0145	0.0142	0.0002	0.0001	0.0001	0.0000	0.0143	0.0141	0.0002	0.0196	0.0170	0.0025	0.0039	0.0037	0.0001	0.0157	0.0133	0.0024	0.1499	0.0923	0.0576	0.0626	0.0613	0.0013	0.0873	0.0310	0.0563	180.1104	0.0827	33881.3999	34.1492	29.9886	35.4995	131.7212	0.0066	37865.0284	0.0964	0.1542	0.0040	0.0018	0.0016	0.0127	0.1643	0.4558	0.0038
78	83	0.0511	8	1	2	0	0	0	0	0	0	N	Y	N	N	N	N	N	N	N	N	N	N	0.0000	0.0000	0.0000	0.0000	0.0000	0.0000	0.0000	0.0000	0.0000	0.0000	0.0000	0.0000	0.0000	0.0000	0.0000	0.0000	0.0000	0.0000	0.0000	0.0000	0.3645	0.0000	1.9845	1.8333	0.0000	0.0000	0.0000	0.0000	0.0000	0.0000	0.0000	0.0000	0.0000	0.0000	0.0000	0.0000	0.0000	0.0000	0.0000	0.0000	0.0000	0.0000	0.0000	0.0000	0.0000	0.0000	0.0000	0.0000	0.0000	0.0000	0.0000	0.0090	0.0059	0.0030	0.0037	0.0036	0.0001	0.0053	0.0023	0.0030	0.0000	0.0000	0.0000	0.0000	0.0000	0.0000	0.0000	0.0000	0.0000	0.0000	0.0000	0.0000	0.0000	0.0000	0.0000	0.0000	0.0000	0.0000											
78	84	0.0332	7	1	2	0	0	0	0	0	0	N	Y	N	N	N	N	N	N	N	N	N	N	3.6810	1.9327	18.1778	6.2950	6.3085	9.7367	3.7825	0.0001	18.7266	0.2937	0.1820	1.0444	0.8028	0.8145	0.5047	0.1646	0.0000	1.0784	0.0798	0.0942	0.0575	0.1275	0.1291	0.0518	0.0435	0.0144	0.0576	0.8532	0.3937	-0.0004	-0.0033	0.3645	6.9552	1.9845	13.1226	0.0051	0.0028	0.0024	0.0028	0.0028	0.0001	0.0023	0.0000	0.0023	0.0099	0.0071	0.0028	0.0068	0.0067	0.0001	0.0031	0.0003	0.0027	0.0174	0.0152	0.0023	0.0035	0.0034	0.0001	0.0139	0.0118	0.0021	0.1235	0.0751	0.0484	0.0533	0.0522	0.0011	0.0702	0.0229	0.0473	3.6810	1.9327	18.1778	6.2950	6.3085	9.7367	3.7825	0.0001	18.7266	0.0798	0.0942	0.0575	0.1275	0.1291	0.0518	0.0435	0.0144	0.0576
78	85	0.0301	6	0	2	0	0	0	0	0	0	N	Y	N	N	N	N	N	N	N	N	N	N	222.1564	102.2168	938.7532	170.4211	184.0501	8.8760	330.6933	34.3978	2137.9430	0.2937	0.1550	1.0189	0.3252	0.2483	0.8813	0.2708	0.0814	1.0833	0.0013	0.0015	0.0011	0.0019	0.0013	0.0993	0.0008	0.0024	0.0005	1.2579	0.5865	0.0000	-0.0000	0.3645	0.3374	1.9845	6.1146	0.0004	0.0002	0.0002	0.0002	0.0001	0.0001	0.0002	0.0001	0.0002	0.0001	0.0001	0.0000	0.0001	0.0001	0.0000	0.0000	0.0000	0.0000	0.0015	0.0012	0.0002	0.0006	0.0005	0.0001	0.0009	0.0007	0.0002	0.0847	0.0465	0.0381	0.0391	0.0389	0.0002	0.0456	0.0076	0.0379	222.1564	102.2168	938.7532	170.4211	184.0501	8.8760	330.6933	34.3978	2137.9430	0.0013	0.0015	0.0011	0.0019	0.0013	0.0993	0.0008	0.0024	0.0005
78	86	0.0301	6	0	2	0	0	0	0	0	0	N	Y	N	N	N	N	N	N	N	N	N	N	10.0575	6.1110	22129.0986	4.8761	4.9657	1596.5212	20.8006	6.5302	23260.8715	0.6786	0.7002	0.5342	0.5572	0.5745	0.0630	0.7050	0.7312	0.5570	0.0675	0.1146	0.0000	0.1143	0.1157	0.0000	0.0339	0.1120	0.0000	0.1139	0.0001	-0.0078	-0.0058	0.3645	11.0342	1.9845	12.7513	0.0174	0.0156	0.0018	0.0025	0.0025	0.0000	0.0149	0.0131	0.0018	0.0094	0.0094	0.0000	0.0066	0.0066	0.0000	0.0027	0.0027	0.0000	0.0257	0.0223	0.0033	0.0046	0.0044	0.0002	0.0211	0.0179	0.0032	0.1388	0.0817	0.0571	0.0580	0.0573	0.0007	0.0808	0.0244	0.0564	10.0575	6.1110	22129.0986	4.8761	4.9657	1596.5212	20.8006	6.5302	23260.8715	0.0675	0.1146	0.0000	0.1143	0.1157	0.0000	0.0339	0.1120	0.0000
78	87	0.0225	5	0	2	0	0	0	0	0	0	N	Y	N	N	N	N	N	N	N	N	N	N	2.4230	3.3076	0.6409	5.9043	6.0977	1.0749	1.6971	10.6407	0.6191	0.0149	0.0164	0.0052	0.0465	0.0471	0.0147	0.0087	0.0094	0.0050	0.0062	0.0050	0.0082	0.0079	0.0077	0.0137	0.0051	0.0009	0.0080	0.0475	1.0014	-0.0001	-0.0000	0.3645	3.9739	1.9845	6.2820	0.0001	0.0001	0.0000	0.0001	0.0001	0.0000	0.0001	0.0001	0.0000	0.0003	0.0001	0.0001	0.0001	0.0001	0.0000	0.0001	0.0000	0.0001	0.0094	0.0081	0.0012	0.0015	0.0015	0.0000	0.0078	0.0066	0.0012	0.0427	0.0266	0.0161	0.0162	0.0158	0.0004	0.0265	0.0108	0.0158	2.4230	3.3076	0.6409	5.9043	6.0977	1.0749	1.6971	10.6407	0.6191	0.0062	0.0050	0.0082	0.0079	0.0077	0.0137	0.0051	0.0009	0.0080
78	88	0.0175	4	0	2	0	0	0	0	0	0	N	Y	N	N	N	N	N	N	N	N	N	N	0.6725	2.1412	0.0000	3.6856	3.6878	0.3041	16.0812	0.0000	0.0295	0.0339	0.0000	0.0937	0.0954	0.0000	0.0168	0.0198	0.0000	0.0439	0.0158	0.0914	0.0254	0.0259	0.0000	0.0552	0.0012	0.0930	0.0020	3.4222	-0.0000	0.0002	0.3645	0.0056	1.9845	5.7021	0.0000	0.0000	0.0000	0.0000	0.0000	0.0000	0.0000	0.0000	0.0000	0.0011	0.0002	0.0008	0.0002	0.0002	0.0000	0.0009	0.0000	0.0008	0.0000	0.0000	0.0000	0.0000	0.0000	0.0000	0.0000	0.0000	0.0000	0.0249	0.0156	0.0093	0.0094	0.0093	0.0002	0.0155	0.0064	0.0091	0.6725	2.1412	0.0000	3.6856	3.6878	0.0000	0.3041	16.0812	0.0000	0.0439	0.0158	0.0914	0.0254	0.0259	0.0000	0.0552	0.0012	0.0930	
78	92	0.1059	8	0	1	0	0	0	0	0	0	N	N	N	N	N	N	N	N	N	N	N	N	0.0015	0.0014	0.0014	0.0025	0.0024	0.0099	0.0001	0.0001	0.0000	0.0004	0.0005	0.0001	0.0013	0.0013	0.0015	0.0000	0.0000	0.0000	0.2649	0.3454	0.0646	0.5155	0.5342	0.1475	0.0518	0.0461	0.0577	0.0470	0.0752	-0.0000	-0.0403	0.3645	24.8682	1.9845	39.8855	0.0000	0.0000	0.0000	0.0000	0.0000	0.0000	0.0000	0.0000	0.0000	0.0740	0.0688	0.0052	0.0661	0.0652	0.0009	0.0078	0.0035	0.0043	0.0767	0.0614	0.0153	0.0234	0.0225	0.0009	0.0533	0.0389	0.0144	0.2792	0.1991	0.0801	0.1283	0.1221	0.0062	0.1509	0.0770	0.0739	0.0015	0.0014	0.0014	0.0025	0.0024	0.0099	0.0001	0.0001	0.0000	0.2649	0.3454	0.0646	0.5155	0.5342	0.1475	0.0518	0.0461	0.0577
79	82	0.0328	6	0	1	0	0	0	0	0	0	N	N	N	N	N	N	N	N	N	N	N	N	0.8021	3.1611	0.0155	35.5611	39.3305	0.4260	0.0145	0.0412	0.0164	0.2139	0.2523	0.0084	1.6616	1.9312	0.0022	0.0049	0.0041	0.0091	0.2667	0.0798	0.5406	0.0467	0.0491	0.0052	0.3411	0.1005	0.5593	0.0062	4.6212	-0.0155	0.0232	2.9108	7.9116	14.2456	21.1247	0.0285	0.0284	0.0002	0.0280	0.0280	0.0000	0.0006	0.0004	0.0002	0.1117	0.0199	0.0918	0.0049	0.0049	0.0000	0.1067	0.0149	0.0918	0.1334	0.1124	0.0210	0.0168	0.0145	0.0024	0.1166	0.0979	0.0186	0.4186	0.2489	0.1698	0.1058	0.1001	0.0057	0.3128	0.1488	0.1641	0.8021	3.1611	0.0155	35.5611	39.3305	0.4260	0.0145	0.0412	0.0164	0.2667	0.0798	0.5406	0.0467	0.0491	0.0052	0.3411	0.1005	0.5593
79	83	0.0507	7	1	1	0	0	0	0	0	0	N	N	N	N	N	N	N	N	N	N	N	N	0.0000	0.0000	0.0000	0.0000	0.0000	0.0000	0.0000	0.0000	0.0000	0.0000	0.0000	0.0000	0.0000	0.0000	0.0000	0.0000	0.0000	0.0000	0.0000	0.0000	2.9108	0.0000	14.2456	1.8333	0.0000	0.0000	0.0000	0.0000	0.0000	0.0000	0.0000	0.0000	0.0000	0.0000	0.0000	0.0000	0.0000	0.0000	0.0000	0.0000	0.0000	0.0000	0.0000	0.0000	0.0000	0.0000	0.0000	0.0000	0.0000	0.0000	0.0000	0.0335	0.0216	0.0118	0.0104	0.0100	0.0005	0.0230	0.0117	0.0114	0.0000	0.0000	0.0000	0.0000	0.0000	0.0000	0.0000	0.0000	0.0000	0.0000	0.0000	0.0000	0.0000	0.0000	0.0000	0.0000	0.0000	0.0000											
79	84	0.0328	6	1	1	0	0	0	0	0	0	N	N	N	N	N	N	N	N	N	N	N	N	2.3013	0.0073	63.7556	265.6465	42.5245	2461.9013	1.8520	0.0001	68.4645	7.5870	0.0364	47.7190	1.5944	0.2600	9.4655	8.5275	0.0006	53.1421	3.2969	4.9664	0.7485	0.0060	0.0061	0.0038	4.6045	8.9775	0.7762	246.7762	0.0987	0.4076	-0.5750	2.9108	6.9552	14.2456	13.1226	0.9102	0.0037	0.9065	0.0259	0.0036	0.0223	0.8843	0.0001	0.8842	1.0955	0.9971	0.0984	0.0006	0.0005	0.0000	1.0950	0.9965	0.0984	0.1200	0.1010	0.0190	0.0163	0.0139	0.0024	0.1037	0.0871	0.0166	0.3323	0.2008	0.1315	0.0945	0.0898	0.0047	0.2378	0.1110	0.1268	2.3013	0.0073	63.7556	265.6465	42.5245	2461.9013	1.8520	0.0001	68.4645	3.2969	4.9664	0.7485	0.0060	0.0061	0.0038	4.6045	8.9775	0.7762
79	85	0.0297	5	0	1	0	0	0	0	0	0	N	N	N	N	N	N	N	N	N	N	N	N	0.7397	4.9942	0.0837	2.6244	3.4668	1.8398	0.5345	20.8872	0.1883	2.9794	3.6095	0.7090	3.1066	4.1672	0.0400	2.8592	3.1318	1.6142	4.0280	0.7227	8.4727	1.1838	1.2020	0.0217	5.3491	0.1499	8.5711	0.0545	8.7176	-0.0243	0.1671	2.9108	0.3374	14.2456	6.1146	0.0490	0.0465	0.0025	0.0248	0.0247	0.0001	0.0242	0.0217	0.0024	0.5919	0.0609	0.5309	0.0552	0.0551	0.0000	0.5367	0.0058	0.5309	0.0164	0.0129	0.0036	0.0080	0.0059	0.0021	0.0084	0.0069	0.0015	0.1469	0.0843	0.0627	0.0466	0.0459	0.0007	0.1003	0.0384	0.0619	0.7397	4.9942	0.0837	2.6244	3.4668	1.8398	0.5345	20.8872	0.1883	4.0280	0.7227	8.4727	1.1838	1.2020	0.0217	5.3491	0.1499	8.5711
79	86	0.0297	5	0	1	0	0	0	0	0	0	N	N	N	N	N	N	N	N	N	N	N	N	60.2033	65.0104	0.0108	1.8445	2.0479	125.8381	64.0590	65.7906	0.0047	5.2258	6.1906	0.0008	0.1457	0.1679	0.0065	5.6955	6.7608	0.0004	0.0868	0.0952	0.0759	0.0790	0.0820	0.0001	0.0889	0.1028	0.0773	0.0000	0.6168	-0.4859	-0.0066	2.9108	11.0342	14.2456	12.7513	0.8863	0.8863	0.0000	0.0021	0.0021	0.0000	0.8842	0.8842	0.0000	0.0285	0.0176	0.0109	0.0055	0.0055	0.0000	0.0230	0.0121	0.0109	0.1696	0.1432	0.0264	0.0144	0.0124	0.0020	0.1553	0.1308	0.0245	0.3280	0.1849	0.1431	0.0696	0.0670	0.0025	0.2585	0.1179	0.1405	60.2033	65.0104	0.0108	1.8445	2.0479	125.8381	64.0590	65.7906	0.0047	0.0868	0.0952	0.0759	0.0790	0.0820	0.0001	0.0889	0.1028	0.0773
79	87	0.0221	4	0	1	0	0	0	0	0	0	N	N	N	N	N	N	N	N	N	N	N	N	0.0384	7.6983	0.0022	0.2105	0.1995	158.7188	0.0340	117.7315	0.0023	0.4203	0.4768	0.1041	0.0349	0.0351	0.0106	0.4377	0.5004	0.1043	10.9430	0.0619	47.7229	0.1660	0.1761	0.0001	12.8608	0.0043	45.2228	0.0391	303.8040	-0.0127	0.5642	2.9108	3.9739	14.2456	6.2820	0.0249	0.0240	0.0009	0.0001	0.0001	0.0000	0.0248	0.0239	0.0009	1.4770	0.0048	1.4721	0.0046	0.0046	0.0000	1.4723	0.0002	1.4721	0.0593	0.0503	0.0090	0.0026	0.0025	0.0000	0.0567	0.0477	0.0090	0.1423	0.0782	0.0641	0.0279	0.0263	0.0016	0.1145	0.0520	0.0625	0.0405	7.6983	0.0045	0.2105	0.1995	158.7188	0.0340	117.7315	0.0044	10.3761	0.0619	22.9610	0.1660	0.1761	0.0001	12.8608	0.0043	23.5486
79	88	0.0171	3	0	1	0	0	0	0	0	0	N	N	N	N	N	N	N	N	N	N	N	N	6.1711	36.6673	0.0000	0.3713	0.3638	0.0000	5.5775	6027.2801	0.0000	0.8566	1.0105	0.0000	0.0249	0.0251	0.0000	0.8933	1.0618	0.0000	0.1388	0.0276	0.2814	0.0672	0.0689	0.0000	0.1602	0.0002	0.2850	0.0000	7.9679	-0.0000	0.0035	2.9108	0.0056	14.2456	5.7021	0.0001	0.0001	0.0000	0.0000	0.0000	0.0000	0.0001	0.0001	0.0000	0.0129	0.0014	0.0115	0.0014	0.0014	0.0000	0.0115	0.0000	0.0115	0.0001	0.0001	0.0000	0.0000	0.0000	0.0000	0.0001	0.0001	0.0000	0.0931	0.0523	0.0408	0.0214	0.0208	0.0005	0.0717	0.0314	0.0403	6.1711	36.6673	0.0000	0.3713	0.3638	0.0000	5.5775	6027.2801	0.0000	0.1388	0.0276	0.2814	0.0672	0.0689	0.0000	0.1602	0.0002	0.2850
79	92	0.1055	7	0	0	0	0	0	0	0	0	N	N	N	N	N	N	N	N	N	N	N	N	0.7681	0.0013	5.4565	11.6991	0.1973	228.7862	0.5428	0.0000	4.7920	1.3703	0.0023	10.3299	0.6694	0.0112	14.2358	1.5194	0.0001	10.0749	1.7840	1.7296	1.8931	0.0572	0.0567	0.0622	2.7991	3.4270	2.1024	693.1433	0.5456	0.2476	-0.3990	2.9108	24.8682	14.2456	39.8855	0.5498	0.0008	0.5490	0.0471	0.0008	0.0464	0.5026	0.0000	0.5026	1.5244	0.9863	0.5381	0.0181	0.0163	0.0018	1.5063	0.9700	0.5363	0.4012	0.3481	0.0531	0.0704	0.0672	0.0033	0.3308	0.2809	0.0499	0.8545	0.5702	0.2842	0.3163	0.2872	0.0292	0.5381	0.2831	0.2551	0.7681	0.0013	5.4565	11.6991	0.1973	228.7862	0.5428	0.0000	4.7920	1.7840	1.7296	1.8931	0.0572	0.0567	0.0622	2.7991	3.4270	2.1024
80	82	0.0233	5	0	1	0	0	0	0	0	0	N	N	N	N	N	N	N	N	N	N	N	N	0.3207	0.2509	1.1220	18.1552	15.5409	502.3872	0.1077	0.0689	0.5089	1.3561	1.6061	0.0254	11.1337	11.6794	0.6030	0.7668	0.9151	0.0149	4.2282	6.4003	0.0226	0.6133	0.7515	0.0012	7.1169	13.2889	0.0294	0.0030	0.0018	-0.0030	-0.9958	0.1009	7.9116	7.5203	21.1247	0.0056	0.0056	0.0000	0.0026	0.0026	0.0000	0.0030	0.0030	0.0000	1.6246	1.6217	0.0030	0.1047	0.1046	0.0000	1.5200	1.5171	0.0029	0.0041	0.0035	0.0007	0.0002	0.0002	0.0000	0.0039	0.0032	0.0006	0.3842	0.2534	0.1309	0.1707	0.1392	0.0315	0.2136	0.1142	0.0994	0.3207	0.2509	1.1220	18.1552	15.5409	502.3872	0.1077	0.0689	0.5089	4.2282	6.4003	0.0226	0.6133	0.7515	0.0012	7.1169	13.2889	0.0294
80	83	0.0413	6	1	1	0	0	0	0	0	0	N	N	N	N	N	N	N	N	N	N	N	N	0.0000	0.0000	0.0000	0.0000	0.0000	0.0000	0.0000	0.0000	0.0000	0.0000	0.0000	0.0000	0.0000	0.0000	0.0000	0.0008	0.0000	0.0024	0.0012	0.0000	0.0178	0.0007	0.0000	0.0013	inf	0.0000	0.0000	0.1009	0.0000	7.5203	1.8333	0.0000	0.0000	0.0000	0.0000	0.0000	0.0000	0.0000	0.0000	0.0000	0.0000	0.0000	0.0000	0.0000	0.0000	0.0000	0.0000	0.0000	0.0000	0.0000	0.0000	0.0000	0.0000	0.0000	0.0000	0.0000	0.0000	0.0000	0.0197	0.0128	0.0070	0.0072	0.0067	0.0005	0.0126	0.0061	0.0065	0.0000	0.0000	0.0000	0.0000	0.0000	0.0000	0.0000	0.0000	0.0000	0.0008	0.0000	0.0024	0.0012	0.0000	0.0178	0.0007	0.0000	0.0013				
80	84	0.0233	5	1	1	0	0	0	0	0	0	N	N	N	N	N	N	N	N	N	N	N	N	14.0820	0.4556	5687.8295	57.1217	12.0668	540721.5092	7.9663	0.1762	4022.2188	25.0629	1.2035	152.0407	12.6951	3.3440	189.7962	25.8835	1.0419	151.2809	1.7798	2.6417	0.0267	0.2222	0.2771	0.0004	3.2491	5.9141	0.0376	23.7385	0.0050	0.0379	-0.3586	0.1009	6.9552	7.5203	13.1226	0.0922	0.0037	0.0885	0.0029	0.0007	0.0022	0.0893	0.0030	0.0863	0.5880	0.5851	0.0029	0.0356	0.0356	0.0000	0.5524	0.5495	0.0029	0.0037	0.0031	0.0006	0.0002	0.0002	0.0000	0.0035	0.0029	0.0006	0.3304	0.2215	0.1089	0.1604	0.1286	0.0318	0.1700	0.0929	0.0771	14.0820	0.4556	5687.8295	57.1217	12.0668	540721.5092	7.9663	0.1762	4022.2188	1.7798	2.6417	0.0267	0.2222	0.2771	0.0004	3.2491	5.9141	0.0376
80	85	0.0203	4	0	1	0	0	0	0	0	0	N	N	N	N	N	N	N	N	N	N	N	N	10.8953	8.3833	10.4739	66.8948	73.2588	36.9882	5.7415	2.7072	11.3679	17.6365	20.7371	4.4813	31.0593	34.2309	1.7667	13.0274	15.3585	4.8902	1.6187	2.4736	0.4278	0.4643	0.4673	0.0478	2.2690	5.6733	0.4302	0.0509	0.1242	-0.0027	-0.0792	0.1009	0.3374	7.5203	6.1146	0.0053	0.0051	0.0003	0.0024	0.0024	0.0000	0.0029	0.0027	0.0002	0.1571	0.1397	0.0173	0.0162	0.0162	0.0000	0.1408	0.1235	0.0173	0.0003	0.0002	0.0001	0.0001	0.0001	0.0000	0.0002	0.0002	0.0001	0.0970	0.0565	0.0405	0.0350	0.0347	0.0002	0.0621	0.0218	0.0403	10.8953	8.3833	10.4739	66.8948	73.2588	36.9882	5.7415	2.7072	11.3679	1.6187	2.4736	0.4278	0.4643	0.4673	0.0478	2.2690	5.6733	0.4302
80	86	0.0203	4	0	1	0	0	0	0	0	0	N	N	N	N	N	N	N	N	N	N	N	N	3.5550	2.5151	1.5765	228.1229	240.3571	2.9420	2.6288	1.3862	1.5768	16.3650	19.4902	0.0227	2.8265	2.9952	0.0120	16.7240	19.9833	0.0228	4.6033	7.7493	0.0144	0.0124	0.0125	0.0041	6.3618	14.4158	0.0145	0.0002	0.0013	-0.0480	-0.6073	0.1009	11.0342	7.5203	12.7513	0.0876	0.0876	0.0000	0.0004	0.0004	0.0000	0.0872	0.0872	0.0000	0.9899	0.9886	0.0013	0.0007	0.0007	0.0000	0.9891	0.9879	0.0013	0.0054	0.0045	0.0009	0.0001	0.0001	0.0000	0.0052	0.0044	0.0009	0.2150	0.1276	0.0875	0.0596	0.0590	0.0005	0.1555	0.0685	0.0870	3.5550	2.5151	1.5765	228.1229	240.3571	2.9420	2.6288	1.3862	1.5768	4.6033	7.7493	0.0144	0.0124	0.0125	0.0041	6.3618	14.4158	0.0145
80	87	0.0126	3	0	1	0	0	0	0	0	0	N	N	N	N	N	N	N	N	N	N	N	N	2.5709	12.1570	0.3229	4.6991	4.6786	3073.3539	1.7266	69.8882	0.3218	1.2595	1.4453	0.2934	0.6870	0.6864	1.1313	1.2660	1.4554	0.2933	0.4899	0.1189	0.9087	0.1462	0.1467	0.0004	0.7332	0.0208	0.9115	0.0390	6.7729	-0.0013	0.0324	0.1009	3.9739	7.5203	6.2820	0.0025	0.0024	0.0001	0.0000	0.0000	0.0000	0.0024	0.0023	0.0001	0.1261	0.0162	0.1099	0.0156	0.0156	0.0000	0.1105	0.0006	0.1099	0.0019	0.0016	0.0003	0.0000	0.0000	0.0000	0.0019	0.0016	0.0003	0.2574	0.1365	0.1210	0.1067	0.1063	0.0004	0.1508	0.0302	0.1206	2.5709	12.1570	0.3229	4.6991	4.6786	3073.3539	1.7266	69.8882	0.3218	0.4899	0.1189	0.9087	0.1462	0.1467	0.0004	0.7332	0.0208	0.9115
80	88	0.0076	2	0	1	0	0	0	0	0	0	N	N	N	N	N	N	N	N	N	N	N	N	3.9486	5.9435	0.0050	1.4193	1.4189	0.0000	3.6515	14530756.4224	0.0050	2.5782	3.0753	0.0040	0.8294	0.8295	0.0000	2.5959	3.1024	0.0040	0.6529	0.5174	0.7981	0.5843	0.5846	0.0014	0.7109	0.0000	0.7984	0.0003	1.4397	-0.0000	-0.0049	0.1009	0.0056	7.5203	5.7021	0.0000	0.0000	0.0000	0.0000	0.0000	0.0000	0.0000	0.0000	0.0000	0.1982	0.0812	0.1170	0.0812	0.0812	0.0000	0.1170	0.0000	0.1170	0.0000	0.0000	0.0000	0.0000	0.0000	0.0000	0.0000	0.0000	0.0000	0.3036	0.1570	0.1466	0.1390	0.1390	0.0001	0.1645	0.0180	0.1465	3.9486	5.9435	0.0050	1.4193	1.4189	0.0000	3.6515	14530756.4224	0.0050	0.6529	0.5174	0.7981	0.5843	0.5846	0.0014	0.7109	0.0000	0.7984
80	92	0.0961	6	0	0	0	0	0	0	0	0	N	N	N	N	N	N	N	N	N	N	N	N	1.4340	0.1115	4.6165	1.2203	0.4108	4.8406	1.3802	0.0000	4.6268	0.1503	0.0054	1.0509	0.1129	0.0327	1.4961	0.1569	0.0000	1.0227	0.1048	0.0484	0.2276	0.0925	0.0796	0.3091	0.1137	0.0058	0.2210	31.2848	2.1556	0.0008	0.0042	0.1009	24.8682	7.5203	39.8855	0.0020	0.0001	0.0019	0.0002	0.0001	0.0002	0.0017	0.0000	0.0017	0.0612	0.0194	0.0418	0.0227	0.0184	0.0043	0.0385	0.0010	0.0375	0.0131	0.0113	0.0018	0.0020	0.0019	0.0001	0.0111	0.0094	0.0017	0.5839	0.4003	0.1836	0.2451	0.2313	0.0138	0.3388	0.1690	0.1699	1.4340	0.1115	4.6165	1.2203	0.4108	4.8406	1.3802	0.0000	4.6268	0.1048	0.0484	0.2276	0.0925	0.0796	0.3091	0.1137	0.0058	0.2210
81	82	0.0182	4	0	1	0	0	0	0	0	0	N	N	N	N	N	N	N	N	N	N	N	N	0.2592	0.1262	11.4838	3.2218	3.2722	0.0000	0.1675	0.0493	12.4472	0.6588	0.5662	1.1505	4.1065	4.1652	0.0000	0.5099	0.3827	1.1547	2.5420	4.4869	0.1002	1.2746	1.2729	1.9347	3.0434	7.7657	0.0928	0.3828	0.0178	-0.0000	-0.1998	0.0014	7.9116	3.7882	21.1247	0.0000	0.0000	0.0000	0.0000	0.0000	0.0000	0.0000	0.0000	0.0000	0.3345	0.3286	0.0058	0.0475	0.0471	0.0005	0.2869	0.2815	0.0054	0.0001	0.0000	0.0000	0.0000	0.0000	0.0000	0.0001	0.0000	0.0000	0.1316	0.0732	0.0583	0.0373	0.0370	0.0003	0.0943	0.0363	0.0580	0.2592	0.1262	11.4838	3.2218	3.2722	0.0000	0.1675	0.0493	12.4472	2.5420	4.4869	0.1002	1.2746	1.2729	1.4801	3.0434	7.7657	0.0928
81	83	0.0361	5	1	1	0	0	0	0	0	0	N	N	N	N	N	N	N	N	N	N	N	N	0.0000	0.0000	0.0000	0.0000	0.0000	0.0000	0.0000	0.0000	0.0000	0.0000	0.0000	0.0000	0.0000	0.0015	0.0026	0.0000	0.0045	0.0046	0.0000	0.0000	0.0000	0.0000	0.0000	0.0000	-0.0000	0.0014	0.0000	3.7882	1.8333	0.0000	0.0000	0.0000	0.0000	0.0000	0.0000	0.0000	0.0000	0.0000	0.0000	0.0000	0.0000	0.0000	0.0000	0.0000	0.0000	0.0000	0.0000	0.0000	0.0000	0.0000	0.0000	0.0000	0.0000	0.0000	0.0000	0.0000	0.0108	0.0064	0.0044	0.0037	0.0036	0.0001	0.0071	0.0028	0.0043	0.0000	0.0000	0.0000	0.0000	0.0000	0.0000	0.0000	0.0000	0.0000	0.0015	0.0026	0.0000	0.0045	0.0046	0.0000	0.0000	0.0000	0.0000						
81	84	0.0182	4	1	1	0	0	0	0	0	0	N	N	N	N	N	N	N	N	N	N	N	N	2.3787	0.1939	377.0470	9.9559	2.9137	724.8503	1.7781	0.0949	373.9305	6.7209	0.9520	37.3833	4.4427	1.3031	234.4285	6.8311	0.9319	36.6070	2.8255	4.9108	0.0991	0.4462	0.4472	0.3234	3.8419	9.8250	0.0979	7.3881	0.0154	0.0001	-0.1702	0.0014	6.9552	3.7882	13.1226	0.0003	0.0000	0.0003	0.0000	0.0000	0.0000	0.0003	0.0000	0.0003	0.2839	0.2796	0.0043	0.0134	0.0133	0.0001	0.2705	0.2662	0.0042	0.0000	0.0000	0.0000	0.0000	0.0000	0.0000	0.0000	0.0000	0.0000	0.1005	0.0569	0.0435	0.0301	0.0298	0.0002	0.0704	0.0271	0.0433	2.3787	0.1939	377.0470	9.9559	2.9137	724.8503	1.7781	0.0949	373.9305	2.8255	4.9108	0.0991	0.4462	0.4472	0.3234	3.8419	9.8250	0.0979
81	85	0.0151	3	0	1	0	0	0	0	0	0	N	N	N	N	N	N	N	N	N	N	N	N	2.9233	2.2959	2.4026	66.0399	65.8001	1.4526	0.6965	2.3611	5.4475	6.2191	1.9743	11.8537	11.8323	inf	3.9086	4.4800	1.9431	1.8635	2.7087	0.8217	0.1795	0.1798	2.6908	6.4319	0.8229	0.0705	0.2461	-0.0000	-0.0321	0.0014	0.3374	3.7882	6.1146	0.0000	0.0000	0.0000	0.0000	0.0000	0.0000	0.0000	0.0000	0.0000	0.0770	0.0618	0.0152	0.0024	0.0024	0.0000	0.0745	0.0593	0.0152	0.0000	0.0000	0.0000	0.0000	0.0000	0.0000	0.0000	0.0000	0.0000	0.0413	0.0228	0.0185	0.0136	0.0136	0.0000	0.0277	0.0092	0.0185	2.9233	2.2959	2.4026	66.0399	65.8001	inf	1.4526	0.6965	2.3611	1.8635	2.7087	0.8217	0.1795	0.1798	0.0203	2.6908	6.4319	0.8229		
81	86	0.0151	3	0	1	0	0	0	0	0	0	N	N	N	N	N	N	N	N	N	N	N	N	53.5020	36.9957	71.0944	13.5569	12.9554	7822.1510	44.4785	21.5257	70.9479	4.3679	4.8845	1.6876	0.4508	0.4323	1.8908	4.4159	4.9490	1.6874	0.0816	0.1320	0.0237	0.0333	0.0334	0.0002	0.0993	0.2299	0.0238	0.0666	0.1565	-0.0002	-0.0042	0.0014	11.0342	3.7882	12.7513	0.0003	0.0003	0.0000	0.0000	0.0000	0.0000	0.0003	0.0003	0.0000	0.0087	0.0075	0.0012	0.0009	0.0009	0.0000	0.0077	0.0066	0.0012	0.0001	0.0001	0.0000	0.0000	0.0000	0.0000	0.0001	0.0001	0.0000	0.1063	0.0568	0.0494	0.0284	0.0283	0.0001	0.0779	0.0285	0.0493	53.5020	36.9957	71.0944	13.5569	12.9554	7822.1510	44.4785	21.5257	70.9479	0.0816	0.1320	0.0237	0.0333	0.0334	0.0002	0.0993	0.2299	0.0238
81	87	0.0075	2	0	1	0	0	0	0	0	0	N	N	N	N	N	N	N	N	N	N	N	N	0.5083	0.8679	0.2185	1.9078	1.9048	0.0000	0.4064	19.8867	0.2182	0.3282	0.3544	0.1939	0.8627	0.8625	0.0000	0.3276	0.3537	0.1939	0.6457	0.4083	0.8873	0.4522	0.4528	0.0000	0.8063	0.0178	0.8885	0.1065	2.1348	-0.0000	0.0104	0.0014	3.9739	3.7882	6.2820	0.0000	0.0000	0.0000	0.0000	0.0000	0.0000	0.0000	0.0000	0.0000	0.1573	0.0502	0.1071	0.0500	0.0500	0.0000	0.1074	0.0002	0.1071	0.0000	0.0000	0.0000	0.0000	0.0000	0.0000	0.0000	0.0000	0.0000	0.2436	0.1229	0.1207	0.1105	0.1103	0.0002	0.1331	0.0126	0.1206	0.5083	0.8679	0.2185	1.9078	1.9048	0.0000	0.4064	19.8867	0.2182	0.6457	0.4083	0.8873	0.4522	0.4528	0.0000	0.8063	0.0178	0.8885
81	92	0.0909	5	0	0	0	0	0	0	0	0	N	N	N	N	N	N	N	N	N	N	N	N	1.1343	0.3596	3.4603	1.7151	1.8488	1.1777	0.7911	0.0000	3.6607	0.0856	0.0017	0.6021	0.0297	0.0110	0.3298	0.0949	0.0000	0.6195	0.0754	0.0048	0.1740	0.0173	0.0060	0.2800	0.1199	0.0019	0.1692	56.5144	25.9264	0.0000	0.0094	0.0014	24.8682	3.7882	39.8855	0.0000	0.0000	0.0000	0.0000	0.0000	0.0000	0.0000	0.0000	0.0000	0.0270	0.0010	0.0260	0.0027	0.0009	0.0018	0.0243	0.0001	0.0242	0.0002	0.0002	0.0000	0.0000	0.0000	0.0000	0.0002	0.0001	0.0000	0.3581	0.2086	0.1495	0.1553	0.1489	0.0064	0.2028	0.0597	0.1431	1.1343	0.3596	3.4603	1.7151	1.8488	1.1777	0.7911	0.0000	3.6607	0.0754	0.0048	0.1740	0.0173	0.0060	0.2800	0.1199	0.0019	0.1692
82	83	0.0466	2	1	2	0	0	0	0	0	0	N	Y	N	N	N	N	N	N	N	N	N	N	0.0000	0.0000	0.0000	0.0000	0.0000	0.0000	0.0000	0.0000	0.0000	0.0000	0.0000	0.0000	0.0000	0.0000	0.0000	0.0287	0.0000	0.0787	0.0054	0.0000	0.1582	0.0375	0.0000	0.0766	inf	0.0000	0.0006	7.9116	0.0000	21.1247	1.8333	0.0000	0.0000	0.0000	0.0000	0.0000	0.0000	0.0000	0.0000	0.0000	0.0016	0.0000	0.0016	0.0001	0.0000	0.0001	0.0015	0.0000	0.0015	0.0000	0.0000	0.0000	0.0000	0.0000	0.0000	0.0000	0.0000	0.0000	0.0568	0.0361	0.0208	0.0156	0.0150	0.0005	0.0413	0.0210	0.0202	0.0000	0.0000	0.0000	0.0000	0.0000	0.0000	0.0000	0.0000	0.0000	0.0287	0.0000	0.0787	0.0054	0.0000	0.1582	0.0375	0.0000	0.0766				
82	86	0.0317	2	0	2	0	0	0	0	0	0	N	Y	N	N	N	N	N	N	N	N	N	N	0.0344	0.2038	0.0000	1.6151	1.6351	0.0000	0.0000	0.0938	0.0000	0.0683	0.0819	0.0000	1.1940	1.2155	0.0000	0.0000	0.0000	0.0000	1.9863	0.4017	3.8886	0.7393	0.7434	0.2359	2.5133	0.0004	3.9079	0.0000	8.0636	-0.0163	0.4711	7.9116	11.0342	21.1247	12.7513	0.0297	0.0297	0.0000	0.0297	0.0297	0.0000	0.0000	0.0000	0.0000	1.7135	0.1891	1.5245	0.1895	0.1890	0.0005	1.5241	0.0001	1.5240	0.4355	0.3631	0.0724	0.0249	0.0245	0.0004	0.4106	0.3387	0.0720	0.8627	0.4706	0.3920	0.2563	0.2542	0.0021	0.6064	0.2164	0.3900	0.0344	0.2038	0.0000	1.6151	1.6351	0.0000	0.0000	0.0938	0.0000	1.9863	0.4017	3.8886	0.7393	0.7434	0.2359	2.5133	0.0004	3.9079
82	92	0.1328	8	0	1	0	0	0	0	0	0	N	N	N	N	N	N	N	N	N	N	N	N	0.7785	0.3271	3.9080	0.1820	0.1713	0.5100	0.7237	0.2627	3.6694	1.6464	0.7367	7.2931	0.2511	0.2630	0.0515	1.8887	0.8284	7.7531	2.1148	2.2519	1.8662	1.3798	1.5351	0.1010	2.6100	3.1529	2.1129	1.5948	0.4572	0.1079	-0.9348	7.9116	24.8682	21.1247	39.8855	1.6244	0.6260	0.9984	0.0367	0.0362	0.0004	1.5877	0.5898	0.9980	3.1055	2.1312	0.9743	0.8156	0.8091	0.0065	2.2899	1.3221	0.9678	0.9867	0.8498	0.1369	0.1460	0.1378	0.0082	0.8406	0.7119	0.1287	1.4685	0.9464	0.5221	0.5911	0.5271	0.0640	0.8774	0.4193	0.4581	0.7785	0.3271	3.9080	0.1820	0.1713	0.5100	0.7237	0.2627	3.6694	2.1148	2.2519	1.8662	1.3798	1.5351	0.1010	2.6100	3.1529	2.1129
83	86	0.0218	3	1	2	0	0	0	0	0	0	N	Y	N	N	N	N	N	N	N	N	N	N	0.0000	0.0000	0.0000	0.0000	0.0000	0.0000	0.0000	0.0000	0.0000	0.0000	0.0000	0.0000	0.0000	0.0007	0.0000	0.0019	0.0000	0.0000	0.0000	0.0010	0.0000	0.0020	inf	0.0000	0.0000	0.0000	11.0342	1.8333	12.7513	0.0000	0.0000	0.0000	0.0000	0.0000	0.0000	0.0000	0.0000	0.0000	0.0000	0.0000	0.0000	0.0000	0.0000	0.0000	0.0000	0.0000	0.0000	0.0000	0.0000	0.0000	0.0000	0.0000	0.0000	0.0000	0.0000	0.0000	0.0461	0.0289	0.0172	0.0125	0.0121	0.0004	0.0336	0.0168	0.0168	0.0000	0.0000	0.0000	0.0000	0.0000	0.0000	0.0000	0.0000	0.0000	0.0007	0.0000	0.0019	0.0000	0.0000	0.0000	0.0010	0.0000	0.0020						
83	92	0.1229	9	1	1	0	0	0	0	0	0	N	N	N	N	N	N	N	N	N	N	N	N	0.0000	0.0000	0.0000	0.0000	0.0000	0.0000	0.0000	0.0000	0.0000	0.0000	0.0000	0.0000	0.0000	0.0000	0.0000	0.0000	0.0000	0.3584	0.0004	1.1130	0.1059	0.0006	1.4915	0.5701	0.0000	1.0876	1388.4195	0.0000	0.0214	0.0000	24.8682	1.8333	39.8855	0.0000	0.0000	0.0000	0.0000	0.0000	0.0000	0.0000	0.0000	0.0000	0.0556	0.0000	0.0555	0.0075	0.0000	0.0074	0.0481	0.0000	0.0481	0.0000	0.0000	0.0000	0.0000	0.0000	0.0000	0.0000	0.0000	0.0000	0.1551	0.1052	0.0499	0.0707	0.0651	0.0057	0.0843	0.0401	0.0442	0.0000	0.0000	0.0000	0.0000	0.0000	0.0000	0.0000	0.0000	0.0000	0.3584	0.0004	1.1130	0.1059	0.0006	1.3111	0.5701	0.0000	1.0876		
84	86	0.0210	2	1	2	0	0	0	0	0	0	N	Y	N	N	N	N	N	N	N	N	N	N	1.0351	1.0131	0.0000	1.2175	1.2324	0.0001	0.8191	0.5168	0.0000	2.5020	3.0045	0.0000	1.1356	1.1559	0.0000	2.5942	3.1536	0.0000	2.4171	2.9656	1.7497	0.9327	0.9379	0.1940	3.1670	6.1023	1.7578	0.0000	0.4850	-0.5342	-0.5242	6.9552	11.0342	13.1226	12.7513	0.9744	0.9744	0.0000	0.0280	0.0280	0.0000	0.9465	0.9465	0.0000	1.8191	1.2250	0.5941	0.2356	0.2353	0.0003	1.5835	0.9897	0.5938	0.3895	0.3243	0.0651	0.0246	0.0242	0.0004	0.3648	0.3001	0.0647	0.7526	0.4131	0.3396	0.2526	0.2509	0.0017	0.5000	0.1622	0.3378	1.0351	1.0131	0.0000	1.2175	1.2324	0.0001	0.8191	0.5168	0.0000	2.4171	2.9656	1.7497	0.9327	0.9379	0.1940	3.1670	6.1023	1.7578
84	92	0.1221	8	1	1	0	0	0	0	0	0	N	N	N	N	N	N	N	N	N	N	N	N	0.0106	0.0116	0.0000	0.2214	0.2137	0.0008	0.0029	0.0024	0.0000	0.0303	0.0352	0.0000	0.1291	0.1368	0.0001	0.0131	0.0154	0.0000	2.8661	3.0447	2.5416	0.5831	0.6400	0.1017	4.5067	6.3625	2.8882	0.0000	0.4593	-0.0145	-0.9813	6.9552	24.8682	13.1226	39.8855	0.0264	0.0264	0.0000	0.0167	0.0167	0.0000	0.0097	0.0097	0.0000	3.2710	2.2414	1.0295	0.2783	0.2732	0.0051	2.9927	1.9683	1.0244	0.8719	0.7508	0.1211	0.1296	0.1224	0.0072	0.7423	0.6285	0.1138	1.1412	0.7362	0.4051	0.4772	0.4268	0.0504	0.6640	0.3094	0.3547	0.0106	0.0116	0.0000	0.2214	0.2137	0.0008	0.0029	0.0024	0.0000	2.8661	3.0447	2.5416	0.5831	0.6400	0.1017	4.5067	6.3625	2.8882
85	92	0.1041	7	0	1	0	0	0	0	0	0	N	N	N	N	N	N	N	N	N	N	N	N	0.0098	0.0083	0.0253	0.0110	0.0053	0.8028	0.0081	0.0817	0.0223	0.0070	0.0027	0.0331	0.0047	0.0024	0.0770	0.0077	0.0028	0.0308	0.7189	0.3276	1.3093	0.4328	0.4512	0.0959	0.9494	0.0345	1.3842	2.0235	2.6485	0.0000	0.0505	0.3374	24.8682	6.1146	39.8855	0.0004	0.0001	0.0003	0.0001	0.0000	0.0000	0.0003	0.0001	0.0002	0.4540	0.1244	0.3296	0.1220	0.1206	0.0014	0.3321	0.0039	0.3282	0.0548	0.0471	0.0078	0.0122	0.0118	0.0004	0.0426	0.0352	0.0074	0.6316	0.3799	0.2517	0.2818	0.2672	0.0146	0.3498	0.1127	0.2371	0.0098	0.0083	0.0253	0.0110	0.0053	0.8028	0.0081	0.0817	0.0223	0.7189	0.3276	1.3093	0.4328	0.4512	0.0959	0.9494	0.0345	1.3842
86	92	0.1220	7	0	1	0	0	0	0	0	0	N	N	N	N	N	N	N	N	N	N	N	N	0.0109	0.0589	0.0000	0.2125	0.2135	0.0001	0.0000	0.0090	0.0000	0.0091	0.0106	0.0000	0.0620	0.0657	0.0000	0.0000	0.0000	0.0000	0.8344	0.1793	1.9202	0.2918	0.3076	0.1195	1.1914	0.0000	2.0950	0.0000	6.4609	-0.0068	0.2704	11.0342	24.8682	12.7513	39.8855	0.0123	0.0123	0.0000	0.0123	0.0123	0.0000	0.0000	0.0000	0.0000	1.0762	0.1442	0.9319	0.1494	0.1442	0.0051	0.9268	0.0000	0.9268	1.3563	1.1686	0.1878	0.1989	0.1878	0.0111	1.1574	0.9807	0.1767	1.2898	0.8044	0.4853	0.5118	0.4689	0.0429	0.7779	0.3355	0.4424	0.0109	0.0589	0.0000	0.2125	0.2135	0.0001	0.0000	0.0090	0.0000	0.8344	0.1793	1.9202	0.2918	0.3076	0.1195	1.1914	0.0000	2.0950
87	92	0.1011	6	0	1	0	0	0	0	0	0	N	N	N	N	N	N	N	N	N	N	N	N	0.0001	0.0012	0.0000	0.0045	0.0043	0.0059	0.0000	0.0001	0.0000	0.0001	0.0001	0.0000	0.0006	0.0007	0.0001	0.0000	0.0000	0.0000	0.7796	0.0880	1.9448	0.1427	0.1562	0.0217	1.1785	0.0038	2.1670	0.0142	13.1239	-0.0000	0.1274	3.9739	24.8682	6.2820	39.8855	0.0000	0.0000	0.0000	0.0000	0.0000	0.0000	0.0000	0.0000	0.0000	0.4051	0.0287	0.3765	0.0286	0.0281	0.0004	0.3766	0.0005	0.3760	0.4981	0.4287	0.0694	0.0712	0.0671	0.0041	0.4268	0.3616	0.0652	0.5197	0.3261	0.1936	0.2001	0.1801	0.0200	0.3195	0.1460	0.1735	0.0001	0.0012	0.0000	0.0045	0.0043	0.0059	0.0000	0.0001	0.0000	0.7796	0.0880	1.9448	0.1427	0.1562	0.0217	1.1785	0.0038	2.1670
88	92	0.0934	5	0	1	0	0	0	0	0	0	N	N	N	N	N	N	N	N	N	N	N	N	0.0029	0.0021	0.0000	0.0088	0.0089	0.0000	0.0000	0.0000	0.0000	0.0009	0.0011	0.0000	0.0064	0.0068	0.0000	0.0000	0.0000	0.0000	0.3146	0.5081	0.0325	0.7215	0.7606	0.0120	0.0224	0.0002	0.0337	0.0000	0.0439	-0.0000	-0.0785	0.0056	24.8682	5.7021	39.8855	0.0000	0.0000	0.0000	0.0000	0.0000	0.0000	0.0000	0.0000	0.0000	0.1372	0.1314	0.0058	0.1315	0.1314	0.0001	0.0057	0.0000	0.0057	0.0007	0.0006	0.0001	0.0001	0.0001	0.0000	0.0006	0.0005	0.0001	0.4360	0.2586	0.1774	0.1822	0.1727	0.0095	0.2537	0.0859	0.1678	0.0029	0.0021	0.0000	0.0088	0.0089	0.0000	0.0000	0.0000	0.0000	0.3146	0.5081	0.0325	0.7215	0.7606	0.0120	0.0224	0.0002	0.0337
89	92	0.0884	4	0	0	0	0	0	0	0	0	N	N	N	N	N	N	N	N	N	N	N	N	0.0745	0.1354	0.0004	0.4853	0.4915	0.0065	0.0002	0.0258	0.0003	0.0198	0.0232	0.0002	0.1245	0.1321	0.0007	0.0000	0.0000	0.0001	0.2655	0.1711	0.4409	0.2566	0.2689	0.1146	0.2727	0.0011	0.4778	0.0012	1.3857	-0.0020	-0.0120	1.3815	24.8682	12.3424	39.8855	0.0036	0.0036	0.0000	0.0036	0.0036	0.0000	0.0000	0.0000	0.0000	0.3530	0.1480	0.2051	0.1531	0.1476	0.0054	0.2000	0.0004	0.1996	0.1820	0.1550	0.0269	0.0288	0.0272	0.0017	0.1531	0.1279	0.0252	1.3298	0.8647	0.4651	0.5964	0.5491	0.0474	0.7334	0.3156	0.4178	0.0745	0.1354	0.0004	0.4853	0.4915	0.0065	0.0002	0.0258	0.0003	0.2655	0.1711	0.4409	0.2566	0.2689	0.1146	0.2727	0.0011	0.4778
90	92	0.0759	3	0	0	0	0	0	0	0	0	N	N	N	N	N	N	N	N	N	N	N	N	0.3456	0.2820	0.7097	0.9012	0.9163	0.4943	0.2317	0.5807	0.7061	0.0814	0.0535	0.2312	0.2392	0.2477	0.0992	0.0478	0.0061	0.2402	0.2354	0.1896	0.3257	0.2654	0.2704	0.2007	0.2063	0.0105	0.3402	0.8057	0.8722	-0.0007	-0.0371	0.6409	24.8682	5.0513	39.8855	0.0072	0.0040	0.0032	0.0037	0.0036	0.0001	0.0035	0.0004	0.0031	0.2493	0.1332	0.1161	0.1383	0.1309	0.0074	0.1110	0.0023	0.1087	0.0886	0.0747	0.0139	0.0155	0.0146	0.0009	0.0731	0.0601	0.0130	1.0590	0.7025	0.3566	0.5212	0.4840	0.0371	0.5379	0.2184	0.3195	0.3456	0.2820	0.7097	0.9012	0.9163	0.4943	0.2317	0.5807	0.7061	0.2354	0.1896	0.3257	0.2654	0.2704	0.2007	0.2063	0.0105	0.3402
