branch_id_1	branch_id_2	dist_bl	dist_node_num	branch_num_fg_tube	branch_num_fg_pink	branch_num_fg_yellow	branch_num_fg_beakless	branch_num_mg_tube	branch_num_mg_pink	branch_num_mg_yellow	branch_num_mg_beakless	is_fg_tube	is_fg_pink	is_fg_yellow	is_fg_beakless	is_mf_tube	is_mf_pink	is_mf_yellow	is_mf_beakless	is_mg_tube	is_mg_pink	is_mg_yellow	is_mg_beakless	omegaCany2any	omegaCany2dif	omegaCany2spe	omegaCdif2any	omegaCdif2dif	omegaCdif2spe	omegaCspe2any	omegaCspe2dif	omegaCspe2spe	dNCany2any	dNCany2dif	dNCany2spe	dNCdif2any	dNCdif2dif	dNCdif2spe	dNCspe2any	dNCspe2dif	dNCspe2spe	dSCany2any	dSCany2dif	dSCany2spe	dSCdif2any	dSCdif2dif	dSCdif2spe	dSCspe2any	dSCspe2dif	dSCspe2spe	OCNCoD	OCSCoD	OCN_linreg_residual	OCS_linreg_residual	N_sub_1	N_sub_2	S_sub_1	S_sub_2	OCNany2any	OCNany2dif	OCNany2spe	OCNdif2any	OCNdif2dif	OCNdif2spe	OCNspe2any	OCNspe2dif	OCNspe2spe	OCSany2any	OCSany2dif	OCSany2spe	OCSdif2any	OCSdif2dif	OCSdif2spe	OCSspe2any	OCSspe2dif	OCSspe2spe	ECNany2any	ECNany2dif	ECNany2spe	ECNdif2any	ECNdif2dif	ECNdif2spe	ECNspe2any	ECNspe2dif	ECNspe2spe	ECSany2any	ECSany2dif	ECSany2spe	ECSdif2any	ECSdif2dif	ECSdif2spe	ECSspe2any	ECSspe2dif	ECSspe2spe	omegaCany2any_nocalib	omegaCany2dif_nocalib	omegaCany2spe_nocalib	omegaCdif2any_nocalib	omegaCdif2dif_nocalib	omegaCdif2spe_nocalib	omegaCspe2any_nocalib	omegaCspe2dif_nocalib	omegaCspe2spe_nocalib	dSCany2any_nocalib	dSCany2dif_nocalib	dSCany2spe_nocalib	dSCdif2any_nocalib	dSCdif2dif_nocalib	dSCdif2spe_nocalib	dSCspe2any_nocalib	dSCspe2dif_nocalib	dSCspe2spe_nocalib
0	1	0.6701	9	0	0	2	2	0	0	0	0	N	N	Y	Y	N	N	N	N	N	N	N	N	0.0000	0.0000	0.0000	0.0000	0.0000	0.0000	0.0000	0.0000	0.0000	0.0000	0.0000	0.0000	0.0000	0.0000	0.0000	0.0000	0.0000	0.0000	0.0000	0.0000	1.0000	2.0000	1.0000	5.0844	0.0000	0.0000	0.0000	0.0000	0.0000	0.0000	0.0000	0.0000	0.0000	0.0000	0.0000	0.0000	0.0000	0.0000	0.0000	0.0000	0.0000	0.0000	0.1093	0.0999	0.0094	0.0599	0.0573	0.0026	0.0494	0.0426	0.0068	0.0232	0.0139	0.0093	0.0116	0.0102	0.0013	0.0116	0.0037	0.0079	0.0000	0.0000	0.0000	0.0000	0.0000	0.0000	0.0000	0.0000	0.0000	0.0000	0.0000	0.0000	0.0000	0.0000	0.0000	0.0000	0.0000	0.0000											
0	2	0.6854	10	0	0	1	2	0	0	0	0	N	N	N	Y	N	N	N	N	N	N	N	N	0.0000	0.0000	0.0000	0.0000	0.0000	0.0000	0.0000	0.0000	0.0000	0.0000	0.0000	0.0000	0.0000	0.0000	0.0000	0.0000	0.0000	0.0000	0.0000	0.0000	1.0000	0.0000	1.0000	0.0000	0.0000	0.0000	0.0000	0.0000	0.0000	0.0000	0.0000	0.0000	0.0000	0.0000	0.0000	0.0000	0.0000	0.0000	0.0000	0.0000	0.0000	0.0000	0.0000	0.0000	0.0000	0.0000	0.0000	0.0000	0.0000	0.0000	0.0000	0.0000	0.0000	0.0000	0.0000	0.0000	0.0000	0.0000	0.0000	0.0000	0.0000	0.0000	0.0000	0.0000	0.0000	0.0000	0.0000	0.0000	0.0000	0.0000	0.0000	0.0000	0.0000	0.0000	0.0000	0.0000	0.0000	0.0000											
0	3	0.0566	3	0	0	1	2	0	0	0	0	N	N	N	Y	N	N	N	N	N	N	N	N	inf	inf	inf	inf	inf	inf	2.4612	2.7833	0.0000	0.2246	0.2282	0.0000	3.9893	4.8892	0.0000	0.0000	0.0000	0.0000	0.0000	0.0000	0.0000	0.0000	0.0000	0.0000	0.0000	-0.0001	0.0000	1.0000	0.0011	1.0000	0.9873	0.0003	0.0003	0.0000	0.0000	0.0000	0.0000	0.0003	0.0003	0.0000	0.0000	0.0000	0.0000	0.0000	0.0000	0.0000	0.0000	0.0000	0.0000	0.0001	0.0001	0.0000	0.0000	0.0000	0.0000	0.0001	0.0001	0.0000	0.0059	0.0023	0.0036	0.0005	0.0005	0.0000	0.0054	0.0018	0.0035	inf	inf	0.0000	inf	inf	0.0000	inf	inf	0.0000	0.0000	0.0000	0.0000	0.0000	0.0000	0.0000	0.0000	0.0000	0.0000				
0	4	0.6946	12	1	0	2	1	0	0	0	0	N	N	Y	N	N	N	N	N	N	N	N	N	0.0000	0.0000	0.0000	0.0000	0.0000	0.0000	0.0000	0.0000	0.0000	0.0000	0.0000	0.0000	0.0000	0.0000	0.0000	0.0000	0.0000	0.0000	0.0000	0.0000	1.0000	0.0000	1.0000	0.0000	0.0000	0.0000	0.0000	0.0000	0.0000	0.0000	0.0000	0.0000	0.0000	0.0000	0.0000	0.0000	0.0000	0.0000	0.0000	0.0000	0.0000	0.0000	0.0000	0.0000	0.0000	0.0000	0.0000	0.0000	0.0000	0.0000	0.0000	0.0000	0.0000	0.0000	0.0000	0.0000	0.0000	0.0000	0.0000	0.0000	0.0000	0.0000	0.0000	0.0000	0.0000	0.0000	0.0000	0.0000	0.0000	0.0000	0.0000	0.0000	0.0000	0.0000	0.0000	0.0000	0.0000	0.0000											
0	5	0.1108	6	1	0	2	1	0	0	0	0	N	N	Y	N	N	N	N	N	N	N	N	N	0.0000	0.0000	0.0000	0.0000	0.0000	0.0000	0.0000	0.0000	0.0000	0.0000	0.0000	0.0000	0.0000	0.0000	0.0000	0.0000	0.0000	0.0000	0.0000	0.0000	1.0000	0.0000	1.0000	2.0000	0.0000	0.0000	0.0000	0.0000	0.0000	0.0000	0.0000	0.0000	0.0000	0.0000	0.0000	0.0000	0.0000	0.0000	0.0000	0.0000	0.0000	0.0000	0.0000	0.0000	0.0000	0.0000	0.0000	0.0000	0.0000	0.0000	0.0000	0.0103	0.0039	0.0064	0.0003	0.0003	0.0000	0.0099	0.0035	0.0064	0.0000	0.0000	0.0000	0.0000	0.0000	0.0000	0.0000	0.0000	0.0000	0.0000	0.0000	0.0000	0.0000	0.0000	0.0000	0.0000	0.0000	0.0000											
0	6	0.6322	7	0	1	1	1	0	0	0	0	N	N	N	N	N	N	N	N	N	N	N	N	0.0000	0.0000	0.0000	0.0000	0.0000	0.0000	0.0000	0.0000	0.0000	0.0000	0.0000	0.0000	0.0000	0.0000	0.0000	0.0000	0.0000	0.0000	0.0000	0.0000	1.0000	2.9996	1.0000	1.0000	0.0000	0.0000	0.0000	0.0000	0.0000	0.0000	0.0000	0.0000	0.0000	0.0000	0.0000	0.0000	0.0000	0.0000	0.0000	0.0000	0.0000	0.0000	0.1616	0.1478	0.0138	0.0894	0.0855	0.0039	0.0723	0.0623	0.0100	0.0118	0.0072	0.0045	0.0060	0.0052	0.0008	0.0058	0.0020	0.0038	0.0000	0.0000	0.0000	0.0000	0.0000	0.0000	0.0000	0.0000	0.0000	0.0000	0.0000	0.0000	0.0000	0.0000	0.0000	0.0000	0.0000	0.0000											
0	7	0.1096	5	0	1	1	1	0	0	0	0	N	N	N	N	N	N	N	N	N	N	N	N	inf	inf	inf	inf	inf	inf	inf	0.0017	0.0019	0.0000	0.0069	0.0071	0.0000	0.0000	0.0000	0.0000	0.0000	0.0000	0.0000	0.0000	0.0000	0.0000	0.0000	0.0000	0.0000	0.0003	-0.0000	0.0000	1.0000	1.4589	1.0000	1.1370	0.0002	0.0002	0.0000	0.0002	0.0002	0.0000	0.0000	0.0000	0.0000	0.0000	0.0000	0.0000	0.0000	0.0000	0.0000	0.0000	0.0000	0.0000	0.1088	0.0993	0.0095	0.0274	0.0266	0.0008	0.0813	0.0727	0.0087	0.0201	0.0088	0.0112	0.0058	0.0050	0.0008	0.0143	0.0038	0.0104	inf	inf	inf	inf	inf	0.0000	inf	0.0000	inf	0.0000	0.0000	0.0000	0.0000	0.0000	0.0000	0.0000	0.0000	0.0000			
0	8	0.0536	4	0	0	2	2	0	0	0	0	N	N	Y	Y	N	N	N	N	N	N	N	N	0.0000	0.0000	0.0000	0.0000	0.0000	0.0000	0.0000	0.0000	0.0000	0.0000	0.0000	0.0000	0.0000	0.0000	0.0000	0.0000	0.0000	0.0000	0.0000	0.0000	1.0000	0.0000	1.0000	0.0000	0.0000	0.0000	0.0000	0.0000	0.0000	0.0000	0.0000	0.0000	0.0000	0.0000	0.0000	0.0000	0.0000	0.0000	0.0000	0.0000	0.0000	0.0000	0.0000	0.0000	0.0000	0.0000	0.0000	0.0000	0.0000	0.0000	0.0000	0.0000	0.0000	0.0000	0.0000	0.0000	0.0000	0.0000	0.0000	0.0000	0.0000	0.0000	0.0000	0.0000	0.0000	0.0000	0.0000	0.0000	0.0000	0.0000	0.0000	0.0000	0.0000	0.0000	0.0000	0.0000	0.0000	0.0000											
0	9	0.6895	11	0	0	2	2	0	0	0	0	N	N	Y	Y	N	N	N	N	N	N	N	N	0.0000	0.0000	0.0000	0.0000	0.0000	0.0000	0.0000	0.0000	0.0000	0.0000	0.0000	0.0000	0.0000	0.0000	0.0000	0.0000	0.0000	0.0000	0.0000	0.0000	1.0000	0.0000	1.0000	2.0000	0.0000	0.0000	0.0000	0.0000	0.0000	0.0000	0.0000	0.0000	0.0000	0.0000	0.0000	0.0000	0.0000	0.0000	0.0000	0.0000	0.0000	0.0000	0.0000	0.0000	0.0000	0.0000	0.0000	0.0000	0.0000	0.0000	0.0000	0.0061	0.0037	0.0024	0.0030	0.0026	0.0004	0.0031	0.0011	0.0020	0.0000	0.0000	0.0000	0.0000	0.0000	0.0000	0.0000	0.0000	0.0000	0.0000	0.0000	0.0000	0.0000	0.0000	0.0000	0.0000	0.0000	0.0000											
0	10	0.1041	5	1	1	1	1	0	0	0	0	N	N	N	N	N	N	N	N	N	N	N	N	inf	inf	inf	inf	0.0055	0.0061	0.0000	0.0101	0.0104	0.0000	0.0000	0.0000	0.0000	0.0000	0.0000	0.0000	0.0000	0.0000	0.0000	0.0000	0.0000	0.0000	0.0000	-0.0000	0.0000	1.0000	0.0266	1.0000	2.0614	0.0000	0.0000	0.0000	0.0000	0.0000	0.0000	0.0000	0.0000	0.0000	0.0000	0.0000	0.0000	0.0000	0.0000	0.0000	0.0000	0.0000	0.0000	0.0036	0.0033	0.0003	0.0020	0.0019	0.0001	0.0017	0.0014	0.0003	0.0154	0.0059	0.0095	0.0018	0.0018	0.0001	0.0136	0.0042	0.0094	inf	inf	0.0000	inf	inf	0.0000	0.0000	0.0000	0.0000	0.0000	0.0000	0.0000	0.0000	0.0000	0.0000	0.0000	0.0000	0.0000						
0	11	0.6734	8	1	1	1	1	0	0	0	0	N	N	N	N	N	N	N	N	N	N	N	N	0.0000	0.0000	0.0000	0.0000	0.0000	0.0000	0.0000	0.0000	0.0000	0.0000	0.0000	0.0000	0.0000	0.0000	0.0000	0.0000	0.0000	0.0000	0.0000	0.0000	1.0000	6.9996	1.0000	1.0001	0.0000	0.0000	0.0000	0.0000	0.0000	0.0000	0.0000	0.0000	0.0000	0.0000	0.0000	0.0000	0.0000	0.0000	0.0000	0.0000	0.0000	0.0000	0.3418	0.3144	0.0274	0.1903	0.1830	0.0073	0.1515	0.1314	0.0201	0.0213	0.0142	0.0072	0.0129	0.0114	0.0015	0.0084	0.0027	0.0057	0.0000	0.0000	0.0000	0.0000	0.0000	0.0000	0.0000	0.0000	0.0000	0.0000	0.0000	0.0000	0.0000	0.0000	0.0000	0.0000	0.0000	0.0000											
0	12	0.1047	5	1	0	2	1	0	0	0	0	N	N	Y	N	N	N	N	N	N	N	N	N	0.0000	0.0000	0.0000	0.0000	0.0000	0.0000	0.0000	0.0000	0.0000	0.0000	0.0000	0.0000	0.0000	0.0000	0.0000	0.0000	0.0000	0.0000	0.0000	0.0000	1.0000	0.0000	1.0000	1.0091	0.0000	0.0000	0.0000	0.0000	0.0000	0.0000	0.0000	0.0000	0.0000	0.0000	0.0000	0.0000	0.0000	0.0000	0.0000	0.0000	0.0000	0.0000	0.0000	0.0000	0.0000	0.0000	0.0000	0.0000	0.0000	0.0000	0.0000	0.0053	0.0020	0.0033	0.0002	0.0002	0.0000	0.0051	0.0018	0.0033	0.0000	0.0000	0.0000	0.0000	0.0000	0.0000	0.0000	0.0000	0.0000	0.0000	0.0000	0.0000	0.0000	0.0000	0.0000	0.0000	0.0000	0.0000											
0	13	0.6946	12	1	0	2	1	0	0	0	0	N	N	Y	N	N	N	N	N	N	N	N	N	0.0000	0.0000	0.0000	0.0000	0.0000	0.0000	0.0000	0.0000	0.0000	0.0000	0.0000	0.0000	0.0000	0.0000	0.0000	0.0000	0.0000	0.0000	0.0000	0.0000	1.0000	0.0000	1.0000	0.0000	0.0000	0.0000	0.0000	0.0000	0.0000	0.0000	0.0000	0.0000	0.0000	0.0000	0.0000	0.0000	0.0000	0.0000	0.0000	0.0000	0.0000	0.0000	0.0000	0.0000	0.0000	0.0000	0.0000	0.0000	0.0000	0.0000	0.0000	0.0000	0.0000	0.0000	0.0000	0.0000	0.0000	0.0000	0.0000	0.0000	0.0000	0.0000	0.0000	0.0000	0.0000	0.0000	0.0000	0.0000	0.0000	0.0000	0.0000	0.0000	0.0000	0.0000	0.0000	0.0000	0.0000	0.0000											
0	14	0.6946	11	1	0	2	1	0	0	0	0	N	N	Y	N	N	N	N	N	N	N	N	N	0.0000	0.0000	0.0000	0.0000	0.0000	0.0000	0.0000	0.0000	0.0000	0.0000	0.0000	0.0000	0.0000	0.0000	0.0000	0.0000	0.0000	0.0000	0.0000	0.0000	1.0000	0.0000	1.0000	0.0000	0.0000	0.0000	0.0000	0.0000	0.0000	0.0000	0.0000	0.0000	0.0000	0.0000	0.0000	0.0000	0.0000	0.0000	0.0000	0.0000	0.0000	0.0000	0.0000	0.0000	0.0000	0.0000	0.0000	0.0000	0.0000	0.0000	0.0000	0.0000	0.0000	0.0000	0.0000	0.0000	0.0000	0.0000	0.0000	0.0000	0.0000	0.0000	0.0000	0.0000	0.0000	0.0000	0.0000	0.0000	0.0000	0.0000	0.0000	0.0000	0.0000	0.0000	0.0000	0.0000	0.0000	0.0000											
0	15	0.1245	6	1	1	1	2	0	0	0	0	N	N	N	Y	N	N	N	N	N	N	N	N	0.0000	0.0000	0.0000	0.0000	0.0000	0.0000	0.0000	0.0000	0.0000	0.0000	0.0000	0.0000	0.0000	0.0000	0.0000	0.0000	0.0000	0.0000	0.0000	0.0000	1.0000	1.0049	1.0000	0.9915	0.0000	0.0000	0.0000	0.0000	0.0000	0.0000	0.0000	0.0000	0.0000	0.0000	0.0000	0.0000	0.0000	0.0000	0.0000	0.0000	0.0000	0.0000	0.0560	0.0499	0.0062	0.0115	0.0108	0.0007	0.0445	0.0390	0.0055	0.0139	0.0064	0.0075	0.0042	0.0036	0.0006	0.0097	0.0028	0.0069	0.0000	0.0000	0.0000	0.0000	0.0000	0.0000	0.0000	0.0000	0.0000	0.0000	0.0000	0.0000	0.0000	0.0000	0.0000	0.0000	0.0000	0.0000											
0	16	0.7273	11	1	1	1	2	0	0	0	0	N	N	N	Y	N	N	N	N	N	N	N	N	0.0000	0.0000	0.0000	0.0000	0.0000	0.0000	0.0000	0.0000	0.0000	0.0000	0.0000	0.0000	0.0000	0.0000	0.0000	0.0000	0.0000	0.0000	0.0000	0.0000	1.0000	2.0025	1.0000	0.0085	0.0000	0.0000	0.0000	0.0000	0.0000	0.0000	0.0000	0.0000	0.0000	0.0000	0.0000	0.0000	0.0000	0.0000	0.0000	0.0000	0.0000	0.0000	0.1172	0.1081	0.0091	0.0706	0.0677	0.0029	0.0466	0.0404	0.0062	0.0051	0.0034	0.0017	0.0031	0.0027	0.0004	0.0020	0.0007	0.0013	0.0000	0.0000	0.0000	0.0000	0.0000	0.0000	0.0000	0.0000	0.0000	0.0000	0.0000	0.0000	0.0000	0.0000	0.0000	0.0000	0.0000	0.0000											
0	17	0.1108	7	1	0	2	1	0	0	0	0	N	N	Y	N	N	N	N	N	N	N	N	N	0.0000	0.0000	0.0000	0.0000	0.0000	0.0000	0.0000	0.0000	0.0000	0.0000	0.0000	0.0000	0.0000	0.0000	0.0000	0.0000	0.0000	0.0000	0.0000	0.0000	1.0000	0.0000	1.0000	0.0000	0.0000	0.0000	0.0000	0.0000	0.0000	0.0000	0.0000	0.0000	0.0000	0.0000	0.0000	0.0000	0.0000	0.0000	0.0000	0.0000	0.0000	0.0000	0.0000	0.0000	0.0000	0.0000	0.0000	0.0000	0.0000	0.0000	0.0000	0.0000	0.0000	0.0000	0.0000	0.0000	0.0000	0.0000	0.0000	0.0000	0.0000	0.0000	0.0000	0.0000	0.0000	0.0000	0.0000	0.0000	0.0000	0.0000	0.0000	0.0000	0.0000	0.0000	0.0000	0.0000	0.0000	0.0000											
0	18	0.6780	8	0	0	2	1	0	0	0	0	N	N	Y	N	N	N	N	N	N	N	N	N	0.0000	0.0000	0.0000	0.0000	0.0000	0.0000	0.0000	0.0000	0.0000	0.0000	0.0000	0.0000	0.0000	0.0000	0.0000	0.0000	0.0000	0.0000	0.0000	0.0000	1.0000	0.0000	1.0000	0.0000	0.0000	0.0000	0.0000	0.0000	0.0000	0.0000	0.0000	0.0000	0.0000	0.0000	0.0000	0.0000	0.0000	0.0000	0.0000	0.0000	0.0000	0.0000	0.0000	0.0000	0.0000	0.0000	0.0000	0.0000	0.0000	0.0000	0.0000	0.0000	0.0000	0.0000	0.0000	0.0000	0.0000	0.0000	0.0000	0.0000	0.0000	0.0000	0.0000	0.0000	0.0000	0.0000	0.0000	0.0000	0.0000	0.0000	0.0000	0.0000	0.0000	0.0000	0.0000	0.0000	0.0000	0.0000											
0	19	0.0760	4	1	1	1	1	0	0	0	0	N	N	N	N	N	N	N	N	N	N	N	N	inf	inf	inf	inf	0.0001	0.0001	0.0000	0.0039	0.0042	0.0000	0.0000	0.0000	0.0000	0.0000	0.0000	0.0000	0.0000	0.0000	0.0000	0.0000	0.0000	0.0000	0.0000	-0.0000	0.0000	1.0000	3.0000	1.0000	0.0000	0.0000	0.0000	0.0000	0.0000	0.0000	0.0000	0.0000	0.0000	0.0000	0.0000	0.0000	0.0000	0.0000	0.0000	0.0000	0.0000	0.0000	0.0000	0.0855	0.0756	0.0099	0.0025	0.0024	0.0002	0.0830	0.0732	0.0097	0.0145	0.0066	0.0079	0.0035	0.0030	0.0005	0.0110	0.0036	0.0074	inf	inf	0.0000	inf	inf	0.0000	0.0000	0.0000	0.0000	0.0000	0.0000	0.0000	0.0000	0.0000	0.0000	0.0000	0.0000	0.0000						
0	20	0.0984	5	0	1	1	1	0	0	0	0	N	N	N	N	N	N	N	N	N	N	N	N	0.0000	0.0000	0.0000	0.0000	0.0000	0.0000	0.0000	0.0000	0.0000	0.0000	0.0000	0.0000	0.0000	0.0000	0.0000	0.0000	0.0000	0.0000	0.0000	0.0000	1.0000	0.0000	1.0000	1.0000	0.0000	0.0000	0.0000	0.0000	0.0000	0.0000	0.0000	0.0000	0.0000	0.0000	0.0000	0.0000	0.0000	0.0000	0.0000	0.0000	0.0000	0.0000	0.0000	0.0000	0.0000	0.0000	0.0000	0.0000	0.0000	0.0000	0.0000	0.0052	0.0019	0.0033	0.0001	0.0001	0.0000	0.0051	0.0018	0.0033	0.0000	0.0000	0.0000	0.0000	0.0000	0.0000	0.0000	0.0000	0.0000	0.0000	0.0000	0.0000	0.0000	0.0000	0.0000	0.0000	0.0000	0.0000											
0	21	0.1245	6	0	0	1	2	0	0	0	0	N	N	N	Y	N	N	N	N	N	N	N	N	0.0000	0.0000	0.0000	0.0000	0.0000	0.0000	0.0000	0.0000	0.0000	0.0000	0.0000	0.0000	0.0000	0.0000	0.0000	0.0000	0.0000	0.0000	0.0000	0.0000	1.0000	2.0045	1.0000	0.0106	0.0000	0.0000	0.0000	0.0000	0.0000	0.0000	0.0000	0.0000	0.0000	0.0000	0.0000	0.0000	0.0000	0.0000	0.0000	0.0000	0.0000	0.0000	0.1032	0.0920	0.0112	0.0212	0.0199	0.0012	0.0820	0.0720	0.0100	0.0140	0.0065	0.0076	0.0043	0.0037	0.0006	0.0098	0.0028	0.0069	0.0000	0.0000	0.0000	0.0000	0.0000	0.0000	0.0000	0.0000	0.0000	0.0000	0.0000	0.0000	0.0000	0.0000	0.0000	0.0000	0.0000	0.0000											
0	22	0.0953	5	0	0	1	2	0	0	0	0	N	N	N	Y	N	N	N	N	N	N	N	N	0.0000	0.0000	0.0000	0.0000	0.0000	0.0000	0.0000	0.0000	0.0000	0.0000	0.0000	0.0000	0.0000	0.0000	0.0000	0.0000	0.0000	0.0000	0.0000	0.0000	1.0000	1.9989	1.0000	1.0099	0.0000	0.0000	0.0000	0.0000	0.0000	0.0000	0.0000	0.0000	0.0000	0.0000	0.0000	0.0000	0.0000	0.0000	0.0000	0.0000	0.0000	0.0000	0.1097	0.0977	0.0120	0.0143	0.0135	0.0007	0.0954	0.0842	0.0112	0.0237	0.0114	0.0123	0.0060	0.0051	0.0009	0.0177	0.0063	0.0114	0.0000	0.0000	0.0000	0.0000	0.0000	0.0000	0.0000	0.0000	0.0000	0.0000	0.0000	0.0000	0.0000	0.0000	0.0000	0.0000	0.0000	0.0000											
0	23	0.6742	10	0	1	1	2	0	0	0	0	N	N	N	Y	N	N	N	N	N	N	N	N	0.0000	0.0000	0.0000	0.0000	0.0000	0.0000	0.0000	0.0000	0.0000	0.0000	0.0000	0.0000	0.0000	0.0000	0.0000	0.0000	0.0000	0.0000	0.0000	0.0000	1.0000	0.0000	1.0000	1.0024	0.0000	0.0000	0.0000	0.0000	0.0000	0.0000	0.0000	0.0000	0.0000	0.0000	0.0000	0.0000	0.0000	0.0000	0.0000	0.0000	0.0000	0.0000	0.0000	0.0000	0.0000	0.0000	0.0000	0.0000	0.0000	0.0000	0.0000	0.0174	0.0112	0.0062	0.0132	0.0103	0.0029	0.0042	0.0008	0.0033	0.0000	0.0000	0.0000	0.0000	0.0000	0.0000	0.0000	0.0000	0.0000	0.0000	0.0000	0.0000	0.0000	0.0000	0.0000	0.0000	0.0000	0.0000											
0	24	0.0984	5	0	1	1	1	0	0	0	0	N	N	N	N	N	N	N	N	N	N	N	N	0.0000	0.0000	0.0000	0.0000	0.0000	0.0000	0.0000	0.0000	0.0000	0.0000	0.0000	0.0000	0.0000	0.0000	0.0000	0.0000	0.0000	0.0000	0.0000	0.0000	1.0000	0.0000	1.0000	0.0000	0.0000	0.0000	0.0000	0.0000	0.0000	0.0000	0.0000	0.0000	0.0000	0.0000	0.0000	0.0000	0.0000	0.0000	0.0000	0.0000	0.0000	0.0000	0.0000	0.0000	0.0000	0.0000	0.0000	0.0000	0.0000	0.0000	0.0000	0.0000	0.0000	0.0000	0.0000	0.0000	0.0000	0.0000	0.0000	0.0000	0.0000	0.0000	0.0000	0.0000	0.0000	0.0000	0.0000	0.0000	0.0000	0.0000	0.0000	0.0000	0.0000	0.0000	0.0000	0.0000	0.0000	0.0000											
0	25	0.7060	10	0	1	1	1	0	0	0	0	N	N	N	N	N	N	N	N	N	N	N	N	inf	inf	inf	inf	0.0057	0.0062	0.0000	0.0104	0.0108	0.0000	0.0000	0.0000	0.0000	0.0000	0.0000	0.0000	0.0000	0.0000	0.0000	0.0000	0.0000	0.0000	0.0000	-0.0001	0.0000	1.0000	0.9998	1.0000	0.0242	0.0003	0.0003	0.0000	0.0003	0.0003	0.0000	0.0000	0.0000	0.0000	0.0000	0.0000	0.0000	0.0000	0.0000	0.0000	0.0000	0.0000	0.0000	0.0559	0.0514	0.0044	0.0309	0.0297	0.0012	0.0250	0.0218	0.0033	0.0043	0.0030	0.0012	0.0029	0.0027	0.0002	0.0014	0.0003	0.0010	inf	inf	0.0000	inf	inf	0.0000	0.0000	0.0000	0.0000	0.0000	0.0000	0.0000	0.0000	0.0000	0.0000	0.0000	0.0000	0.0000						
0	26	0.7436	13	0	1	1	2	0	0	0	0	N	N	N	Y	N	N	N	N	N	N	N	N	0.0000	0.0000	0.0000	0.0000	0.0000	0.0000	0.0000	0.0000	0.0000	0.0000	0.0000	0.0000	0.0000	0.0000	0.0000	0.0000	0.0000	0.0000	0.0000	0.0000	1.0000	0.0000	1.0000	0.0000	0.0000	0.0000	0.0000	0.0000	0.0000	0.0000	0.0000	0.0000	0.0000	0.0000	0.0000	0.0000	0.0000	0.0000	0.0000	0.0000	0.0000	0.0000	0.0000	0.0000	0.0000	0.0000	0.0000	0.0000	0.0000	0.0000	0.0000	0.0000	0.0000	0.0000	0.0000	0.0000	0.0000	0.0000	0.0000	0.0000	0.0000	0.0000	0.0000	0.0000	0.0000	0.0000	0.0000	0.0000	0.0000	0.0000	0.0000	0.0000	0.0000	0.0000	0.0000	0.0000	0.0000	0.0000											
0	27	0.1221	5	1	1	1	1	0	0	0	0	N	N	N	N	N	N	N	N	N	N	N	N	0.0000	0.0000	0.0000	0.0000	0.0000	0.0000	0.0000	0.0000	0.0000	0.0000	0.0000	0.0000	0.0000	0.0000	0.0000	0.0000	0.0000	0.0000	0.0000	0.0000	1.0000	0.0418	1.0000	6.1659	0.0000	0.0000	0.0000	0.0000	0.0000	0.0000	0.0000	0.0000	0.0000	0.0000	0.0000	0.0000	0.0000	0.0000	0.0000	0.0000	0.0000	0.0000	0.0268	0.0152	0.0117	0.0129	0.0129	0.0000	0.0139	0.0023	0.0116	0.0366	0.0178	0.0187	0.0101	0.0090	0.0011	0.0265	0.0088	0.0176	0.0000	0.0000	0.0000	0.0000	0.0000	0.0000	0.0000	0.0000	0.0000	0.0000	0.0000	0.0000	0.0000	0.0000	0.0000	0.0000	0.0000	0.0000											
0	28	0.0536	4	0	0	1	2	0	0	0	0	N	N	N	Y	N	N	N	N	N	N	N	N	inf	inf	inf	inf	0.0059	0.0067	0.0000	0.0415	0.0417	0.0000	0.0000	0.0000	0.0000	0.0000	0.0000	0.0000	0.0000	0.0000	0.0000	0.0000	0.0000	0.0000	0.0000	-0.0001	0.0000	1.0000	1.5398	1.0000	1.0296	0.0005	0.0005	0.0000	0.0005	0.0005	0.0000	0.0000	0.0000	0.0000	0.0000	0.0000	0.0000	0.0000	0.0000	0.0000	0.0000	0.0000	0.0000	0.0765	0.0673	0.0092	0.0108	0.0108	0.0000	0.0657	0.0565	0.0091	0.0194	0.0084	0.0110	0.0016	0.0016	0.0000	0.0178	0.0068	0.0110	inf	inf	0.0000	inf	inf	0.0000	0.0000	0.0000	0.0000	0.0000	0.0000	0.0000	0.0000	0.0000	0.0000	0.0000	0.0000	0.0000						
0	29	0.0484	3	0	0	1	2	0	0	0	0	N	N	N	Y	N	N	N	N	N	N	N	N	inf	inf	inf	inf	inf	inf	inf	inf	inf	0.0027	0.0039	0.0010	0.0026	0.0026	0.0005	0.0029	0.0080	0.0010	0.0000	0.0000	0.0000	0.0000	0.0000	0.0000	0.0000	0.0000	0.0000	0.1846	-0.0001	0.0000	1.0000	0.8816	1.0000	0.0702	0.0008	0.0006	0.0001	0.0003	0.0003	0.0000	0.0004	0.0003	0.0001	0.0000	0.0000	0.0000	0.0000	0.0000	0.0000	0.0000	0.0000	0.0000	0.2817	0.1661	0.1157	0.1247	0.1246	0.0000	0.1570	0.0414	0.1156	0.0085	0.0039	0.0047	0.0012	0.0012	0.0000	0.0074	0.0027	0.0047	inf	inf	inf	inf	inf	inf	inf	inf	inf	0.0000	0.0000	0.0000	0.0000	0.0000	0.0000	0.0000	0.0000	0.0000	
0	30	0.6895	11	0	0	1	2	0	0	0	0	N	N	N	Y	N	N	N	N	N	N	N	N	0.0000	0.0000	0.0000	0.0000	0.0000	0.0000	0.0000	0.0000	0.0000	0.0000	0.0000	0.0000	0.0000	0.0000	0.0000	0.0000	0.0000	0.0000	0.0000	0.0000	1.0000	0.0000	1.0000	0.0000	0.0000	0.0000	0.0000	0.0000	0.0000	0.0000	0.0000	0.0000	0.0000	0.0000	0.0000	0.0000	0.0000	0.0000	0.0000	0.0000	0.0000	0.0000	0.0000	0.0000	0.0000	0.0000	0.0000	0.0000	0.0000	0.0000	0.0000	0.0000	0.0000	0.0000	0.0000	0.0000	0.0000	0.0000	0.0000	0.0000	0.0000	0.0000	0.0000	0.0000	0.0000	0.0000	0.0000	0.0000	0.0000	0.0000	0.0000	0.0000	0.0000	0.0000	0.0000	0.0000	0.0000	0.0000											
0	31	0.6964	9	1	0	2	1	0	0	0	0	N	N	Y	N	N	N	N	N	N	N	N	N	0.0000	0.0000	0.0000	0.0000	0.0000	0.0000	0.0000	0.0000	0.0000	0.0000	0.0000	0.0000	0.0000	0.0000	0.0000	0.0000	0.0000	0.0000	0.0000	0.0000	1.0000	0.0000	1.0000	0.0000	0.0000	0.0000	0.0000	0.0000	0.0000	0.0000	0.0000	0.0000	0.0000	0.0000	0.0000	0.0000	0.0000	0.0000	0.0000	0.0000	0.0000	0.0000	0.0000	0.0000	0.0000	0.0000	0.0000	0.0000	0.0000	0.0000	0.0000	0.0000	0.0000	0.0000	0.0000	0.0000	0.0000	0.0000	0.0000	0.0000	0.0000	0.0000	0.0000	0.0000	0.0000	0.0000	0.0000	0.0000	0.0000	0.0000	0.0000	0.0000	0.0000	0.0000	0.0000	0.0000	0.0000	0.0000											
0	32	0.6322	7	0	1	1	1	0	0	0	0	N	N	N	N	N	N	N	N	N	N	N	N	0.0000	0.0000	0.0000	0.0000	0.0000	0.0000	0.0000	0.0000	0.0000	0.0000	0.0000	0.0000	0.0000	0.0000	0.0000	0.0000	0.0000	0.0000	0.0000	0.0000	1.0000	0.0006	1.0000	3.0000	0.0000	0.0000	0.0000	0.0000	0.0000	0.0000	0.0000	0.0000	0.0000	0.0000	0.0000	0.0000	0.0000	0.0000	0.0000	0.0000	0.0000	0.0000	0.0001	0.0001	0.0000	0.0000	0.0000	0.0000	0.0000	0.0000	0.0000	0.0089	0.0055	0.0034	0.0045	0.0039	0.0006	0.0044	0.0016	0.0028	0.0000	0.0000	0.0000	0.0000	0.0000	0.0000	0.0000	0.0000	0.0000	0.0000	0.0000	0.0000	0.0000	0.0000	0.0000	0.0000	0.0000	0.0000											
0	33	0.6322	7	0	1	1	1	0	0	0	0	N	N	N	N	N	N	N	N	N	N	N	N	0.0000	0.0000	0.0000	0.0000	0.0000	0.0000	0.0000	0.0000	0.0000	0.0000	0.0000	0.0000	0.0000	0.0000	0.0000	0.0000	0.0000	0.0000	0.0000	0.0000	1.0000	2.0006	1.0000	8.0000	0.0000	0.0000	0.0000	0.0000	0.0000	0.0000	0.0000	0.0000	0.0000	0.0000	0.0000	0.0000	0.0000	0.0000	0.0000	0.0000	0.0000	0.0000	0.1108	0.1013	0.0095	0.0616	0.0589	0.0027	0.0492	0.0424	0.0068	0.0279	0.0172	0.0107	0.0142	0.0124	0.0018	0.0137	0.0048	0.0089	0.0000	0.0000	0.0000	0.0000	0.0000	0.0000	0.0000	0.0000	0.0000	0.0000	0.0000	0.0000	0.0000	0.0000	0.0000	0.0000	0.0000	0.0000											
0	34	0.6734	8	1	1	1	1	0	0	0	0	N	N	N	N	N	N	N	N	N	N	N	N	0.0000	0.0000	0.0000	0.0000	0.0000	0.0000	0.0000	0.0000	0.0000	0.0000	0.0000	0.0000	0.0000	0.0000	0.0000	0.0000	0.0000	0.0000	0.0000	0.0000	1.0000	10.0001	1.0000	4.0001	0.0000	0.0000	0.0000	0.0000	0.0000	0.0000	0.0000	0.0000	0.0000	0.0000	0.0000	0.0000	0.0000	0.0000	0.0000	0.0000	0.0000	0.0000	0.4520	0.4156	0.0364	0.2476	0.2382	0.0094	0.2043	0.1774	0.0270	0.0355	0.0236	0.0120	0.0215	0.0190	0.0025	0.0140	0.0046	0.0094	0.0000	0.0000	0.0000	0.0000	0.0000	0.0000	0.0000	0.0000	0.0000	0.0000	0.0000	0.0000	0.0000	0.0000	0.0000	0.0000	0.0000	0.0000											
0	35	0.6322	7	0	1	1	1	0	0	0	0	N	N	N	N	N	N	N	N	N	N	N	N	inf	inf	inf	inf	6.1853	6.7643	0.0000	11.1868	11.6941	0.0000	0.0000	0.0000	0.0000	0.0000	0.0000	0.0000	0.0000	0.0000	0.0000	0.0000	0.0000	0.0000	0.0000	-0.2602	0.0000	1.0000	3.0004	1.0000	2.0000	1.0000	1.0000	0.0000	1.0000	1.0000	0.0000	0.0000	0.0000	0.0000	0.0000	0.0000	0.0000	0.0000	0.0000	0.0000	0.0000	0.0000	0.0000	0.1617	0.1478	0.0138	0.0894	0.0855	0.0039	0.0723	0.0623	0.0100	0.0146	0.0090	0.0056	0.0074	0.0064	0.0010	0.0072	0.0025	0.0047	inf	inf	0.0000	inf	inf	0.0000	0.0000	0.0000	0.0000	0.0000	0.0000	0.0000	0.0000	0.0000	0.0000	0.0000	0.0000	0.0000						
0	36	0.0760	4	0	1	1	1	0	0	0	0	N	N	N	N	N	N	N	N	N	N	N	N	0.0000	0.0000	0.0000	0.0000	0.0000	0.0000	0.0000	0.0000	0.0000	0.0000	0.0000	0.0000	0.0000	0.0000	0.0000	0.0000	0.0000	0.0000	0.0000	0.0000	1.0000	3.0000	1.0000	3.0000	0.0000	0.0000	0.0000	0.0000	0.0000	0.0000	0.0000	0.0000	0.0000	0.0000	0.0000	0.0000	0.0000	0.0000	0.0000	0.0000	0.0000	0.0000	0.0855	0.0756	0.0099	0.0025	0.0024	0.0002	0.0830	0.0732	0.0097	0.0271	0.0122	0.0149	0.0063	0.0054	0.0009	0.0208	0.0068	0.0140	0.0000	0.0000	0.0000	0.0000	0.0000	0.0000	0.0000	0.0000	0.0000	0.0000	0.0000	0.0000	0.0000	0.0000	0.0000	0.0000	0.0000	0.0000											
0	37	0.6623	8	1	1	1	1	0	0	0	0	N	N	N	N	N	N	N	N	N	N	N	N	inf	inf	inf	inf	0.0000	0.0000	0.0005	0.0001	0.0000	0.0018	0.0000	0.0000	0.0000	0.0000	0.0000	0.0000	0.0000	0.0000	0.0000	0.0000	0.0000	0.0000	inf	0.0000	0.0000	1.0000	4.2779	1.0000	3.9542	0.0000	0.0000	0.0000	0.0000	0.0000	0.0000	0.0000	0.0000	0.0000	0.0000	0.0000	0.0000	0.0000	0.0000	0.0000	0.0000	0.0000	0.0000	0.2256	0.2061	0.0195	0.1247	0.1191	0.0056	0.1009	0.0870	0.0138	0.0238	0.0144	0.0093	0.0118	0.0103	0.0015	0.0119	0.0041	0.0078	inf	0.0000	inf	inf	0.0000	inf	0.0000	0.0000	0.0000	0.0000	0.0000	0.0000	0.0000	0.0000	0.0000	0.0000	0.0000	0.0000						
0	38	0.0348	2	1	1	1	1	0	0	0	0	N	N	N	N	N	N	N	N	N	N	N	N	inf	inf	inf	inf	0.0323	0.0366	0.0000	0.1346	0.1358	0.0000	0.0000	0.0000	0.0000	0.0000	0.0000	0.0000	0.0000	0.0000	0.0000	0.0000	0.0000	0.0000	0.0000	-0.0016	0.0000	1.0000	2.8243	1.0000	1.0201	0.0060	0.0060	0.0000	0.0060	0.0060	0.0000	0.0000	0.0000	0.0000	0.0000	0.0000	0.0000	0.0000	0.0000	0.0000	0.0000	0.0000	0.0000	0.1849	0.1631	0.0218	0.0444	0.0440	0.0004	0.1406	0.1192	0.0214	0.0272	0.0114	0.0158	0.0018	0.0017	0.0001	0.0254	0.0098	0.0157	inf	inf	0.0000	inf	inf	0.0000	0.0000	0.0000	0.0000	0.0000	0.0000	0.0000	0.0000	0.0000	0.0000	0.0000	0.0000	0.0000						
0	39	0.6734	8	0	1	1	1	0	0	0	0	N	N	N	N	N	N	N	N	N	N	N	N	0.0000	0.0000	0.0000	0.0000	0.0000	0.0000	0.0000	0.0000	0.0000	0.0000	0.0000	0.0000	0.0000	0.0000	0.0000	0.0000	0.0000	0.0000	0.0000	0.0000	1.0000	5.0001	1.0000	5.0000	0.0000	0.0000	0.0000	0.0000	0.0000	0.0000	0.0000	0.0000	0.0000	0.0000	0.0000	0.0000	0.0000	0.0000	0.0000	0.0000	0.0000	0.0000	0.2578	0.2373	0.0206	0.1452	0.1396	0.0056	0.1126	0.0976	0.0150	0.0262	0.0174	0.0088	0.0159	0.0140	0.0019	0.0103	0.0034	0.0070	0.0000	0.0000	0.0000	0.0000	0.0000	0.0000	0.0000	0.0000	0.0000	0.0000	0.0000	0.0000	0.0000	0.0000	0.0000	0.0000	0.0000	0.0000											
0	40	0.0984	5	0	1	1	1	0	0	0	0	N	N	N	N	N	N	N	N	N	N	N	N	0.0000	0.0000	0.0000	0.0000	0.0000	0.0000	0.0000	0.0000	0.0000	0.0000	0.0000	0.0000	0.0000	0.0000	0.0000	0.0000	0.0000	0.0000	0.0000	0.0000	1.0000	0.0000	1.0000	2.0000	0.0000	0.0000	0.0000	0.0000	0.0000	0.0000	0.0000	0.0000	0.0000	0.0000	0.0000	0.0000	0.0000	0.0000	0.0000	0.0000	0.0000	0.0000	0.0000	0.0000	0.0000	0.0000	0.0000	0.0000	0.0000	0.0000	0.0000	0.0102	0.0038	0.0064	0.0003	0.0003	0.0000	0.0099	0.0035	0.0064	0.0000	0.0000	0.0000	0.0000	0.0000	0.0000	0.0000	0.0000	0.0000	0.0000	0.0000	0.0000	0.0000	0.0000	0.0000	0.0000	0.0000	0.0000											
0	41	0.6734	8	0	1	1	1	0	0	0	0	N	N	N	N	N	N	N	N	N	N	N	N	0.0000	0.0000	0.0000	0.0000	0.0000	0.0000	0.0000	0.0000	0.0000	0.0000	0.0000	0.0000	0.0000	0.0000	0.0000	0.0000	0.0000	0.0000	0.0000	0.0000	1.0000	5.9998	1.0000	3.0000	0.0000	0.0000	0.0000	0.0000	0.0000	0.0000	0.0000	0.0000	0.0000	0.0000	0.0000	0.0000	0.0000	0.0000	0.0000	0.0000	0.0000	0.0000	0.3010	0.2769	0.0241	0.1685	0.1620	0.0065	0.1325	0.1149	0.0176	0.0238	0.0158	0.0080	0.0144	0.0127	0.0017	0.0094	0.0031	0.0063	0.0000	0.0000	0.0000	0.0000	0.0000	0.0000	0.0000	0.0000	0.0000	0.0000	0.0000	0.0000	0.0000	0.0000	0.0000	0.0000	0.0000	0.0000											
0	42	0.0566	3	0	1	2	2	0	0	0	0	N	N	Y	Y	N	N	N	N	N	N	N	N	inf	inf	inf	inf	inf	inf	2.4612	2.7833	0.0000	0.2246	0.2282	0.0000	3.9893	4.8892	0.0000	0.0000	0.0000	0.0000	0.0000	0.0000	0.0000	0.0000	0.0000	0.0000	0.0000	-0.0001	0.0000	1.0000	0.0011	1.0000	1.0134	0.0003	0.0003	0.0000	0.0000	0.0000	0.0000	0.0003	0.0003	0.0000	0.0000	0.0000	0.0000	0.0000	0.0000	0.0000	0.0000	0.0000	0.0000	0.0001	0.0001	0.0000	0.0000	0.0000	0.0000	0.0001	0.0001	0.0000	0.0060	0.0023	0.0037	0.0005	0.0005	0.0000	0.0055	0.0019	0.0036	inf	inf	0.0000	inf	inf	0.0000	inf	inf	0.0000	0.0000	0.0000	0.0000	0.0000	0.0000	0.0000	0.0000	0.0000	0.0000				
0	43	0.0348	2	0	0	1	2	0	0	0	0	N	N	N	Y	N	N	N	N	N	N	N	N	inf	inf	inf	inf	inf	inf	5.3869	6.1074	0.0000	0.0206	0.0208	0.0000	7.0808	8.3535	0.0000	0.0000	0.0000	0.0000	0.0000	0.0000	0.0000	0.0000	0.0000	0.0000	0.0000	-0.2588	0.0000	1.0000	2.8187	1.0000	0.0347	0.9947	0.9947	0.0000	0.0009	0.0009	0.0000	0.9937	0.9937	0.0000	0.0000	0.0000	0.0000	0.0000	0.0000	0.0000	0.0000	0.0000	0.0000	0.1846	0.1629	0.0218	0.0443	0.0439	0.0004	0.1403	0.1190	0.0214	0.0210	0.0089	0.0121	0.0016	0.0015	0.0001	0.0194	0.0074	0.0120	inf	inf	0.0000	inf	inf	0.0000	inf	inf	0.0000	0.0000	0.0000	0.0000	0.0000	0.0000	0.0000	0.0000	0.0000	0.0000				
0	45	0.6854	10	0	1	2	2	0	0	0	0	N	N	Y	Y	N	N	N	N	N	N	N	N	0.0000	0.0000	0.0000	0.0000	0.0000	0.0000	0.0000	0.0000	0.0000	0.0000	0.0000	0.0000	0.0000	0.0000	0.0000	0.0000	0.0000	0.0000	0.0000	0.0000	1.0000	1.0000	1.0000	1.0000	0.0000	0.0000	0.0000	0.0000	0.0000	0.0000	0.0000	0.0000	0.0000	0.0000	0.0000	0.0000	0.0000	0.0000	0.0000	0.0000	0.0000	0.0000	0.0562	0.0514	0.0048	0.0310	0.0296	0.0014	0.0253	0.0218	0.0035	0.0061	0.0037	0.0024	0.0031	0.0027	0.0004	0.0030	0.0011	0.0020	0.0000	0.0000	0.0000	0.0000	0.0000	0.0000	0.0000	0.0000	0.0000	0.0000	0.0000	0.0000	0.0000	0.0000	0.0000	0.0000	0.0000	0.0000											
0	46	0.0760	4	0	1	1	1	0	0	0	0	N	N	N	N	N	N	N	N	N	N	N	N	0.0000	0.0000	0.0000	0.0000	0.0000	0.0000	0.0000	0.0000	0.0000	0.0000	0.0000	0.0000	0.0000	0.0000	0.0000	0.0000	0.0000	0.0000	0.0000	0.0000	1.0000	0.0000	1.0000	0.0000	0.0000	0.0000	0.0000	0.0000	0.0000	0.0000	0.0000	0.0000	0.0000	0.0000	0.0000	0.0000	0.0000	0.0000	0.0000	0.0000	0.0000	0.0000	0.0000	0.0000	0.0000	0.0000	0.0000	0.0000	0.0000	0.0000	0.0000	0.0000	0.0000	0.0000	0.0000	0.0000	0.0000	0.0000	0.0000	0.0000	0.0000	0.0000	0.0000	0.0000	0.0000	0.0000	0.0000	0.0000	0.0000	0.0000	0.0000	0.0000	0.0000	0.0000	0.0000	0.0000	0.0000	0.0000											
0	48	0.0760	4	1	1	1	1	0	0	0	0	N	N	N	N	N	N	N	N	N	N	N	N	0.0000	0.0000	0.0000	0.0000	0.0000	0.0000	0.0000	0.0000	0.0000	0.0000	0.0000	0.0000	0.0000	0.0000	0.0000	0.0000	0.0000	0.0000	0.0000	0.0000	1.0000	0.0000	1.0000	4.0000	0.0000	0.0000	0.0000	0.0000	0.0000	0.0000	0.0000	0.0000	0.0000	0.0000	0.0000	0.0000	0.0000	0.0000	0.0000	0.0000	0.0000	0.0000	0.0000	0.0000	0.0000	0.0000	0.0000	0.0000	0.0000	0.0000	0.0000	0.0189	0.0085	0.0104	0.0045	0.0039	0.0007	0.0144	0.0047	0.0097	0.0000	0.0000	0.0000	0.0000	0.0000	0.0000	0.0000	0.0000	0.0000	0.0000	0.0000	0.0000	0.0000	0.0000	0.0000	0.0000	0.0000	0.0000											
0	49	0.0428	2	0	0	2	1	0	0	0	0	N	N	Y	N	N	N	N	N	N	N	N	N	0.0000	0.0000	0.0000	0.0000	0.0000	0.0000	0.0000	0.0000	0.0000	0.0000	0.0000	0.0000	0.0000	0.0000	0.0000	0.0000	0.0000	0.0000	0.0000	0.0000	1.0000	0.0000	1.0000	0.0000	0.0000	0.0000	0.0000	0.0000	0.0000	0.0000	0.0000	0.0000	0.0000	0.0000	0.0000	0.0000	0.0000	0.0000	0.0000	0.0000	0.0000	0.0000	0.0000	0.0000	0.0000	0.0000	0.0000	0.0000	0.0000	0.0000	0.0000	0.0000	0.0000	0.0000	0.0000	0.0000	0.0000	0.0000	0.0000	0.0000	0.0000	0.0000	0.0000	0.0000	0.0000	0.0000	0.0000	0.0000	0.0000	0.0000	0.0000	0.0000	0.0000	0.0000	0.0000	0.0000	0.0000	0.0000											
0	50	0.6944	9	0	0	2	1	0	0	0	0	N	N	Y	N	N	N	N	N	N	N	N	N	0.0000	0.0000	0.0000	0.0000	0.0000	0.0000	0.0000	0.0000	0.0000	0.0000	0.0000	0.0000	0.0000	0.0000	0.0000	0.0000	0.0000	0.0000	0.0000	0.0000	1.0000	1.0000	1.0000	1.0000	0.0000	0.0000	0.0000	0.0000	0.0000	0.0000	0.0000	0.0000	0.0000	0.0000	0.0000	0.0000	0.0000	0.0000	0.0000	0.0000	0.0000	0.0000	0.0541	0.0495	0.0046	0.0300	0.0286	0.0014	0.0242	0.0209	0.0032	0.0054	0.0033	0.0021	0.0032	0.0027	0.0005	0.0022	0.0006	0.0016	0.0000	0.0000	0.0000	0.0000	0.0000	0.0000	0.0000	0.0000	0.0000	0.0000	0.0000	0.0000	0.0000	0.0000	0.0000	0.0000	0.0000	0.0000											
0	51	0.6989	9	0	1	1	1	0	0	0	0	N	N	N	N	N	N	N	N	N	N	N	N	0.0000	0.0000	0.0000	0.0000	0.0000	0.0000	0.0000	0.0000	0.0000	0.0000	0.0000	0.0000	0.0000	0.0000	0.0000	0.0000	0.0000	0.0000	0.0000	0.0000	1.0000	0.0003	1.0000	0.9690	0.0000	0.0000	0.0000	0.0000	0.0000	0.0000	0.0000	0.0000	0.0000	0.0000	0.0000	0.0000	0.0000	0.0000	0.0000	0.0000	0.0000	0.0000	0.0001	0.0001	0.0000	0.0001	0.0001	0.0000	0.0000	0.0000	0.0000	0.0062	0.0047	0.0015	0.0043	0.0039	0.0004	0.0019	0.0008	0.0011	0.0000	0.0000	0.0000	0.0000	0.0000	0.0000	0.0000	0.0000	0.0000	0.0000	0.0000	0.0000	0.0000	0.0000	0.0000	0.0000	0.0000	0.0000											
0	52	0.0785	4	0	1	1	1	0	0	0	0	N	N	N	N	N	N	N	N	N	N	N	N	inf	inf	inf	inf	inf	inf	13.6738	0.0000	126.8378	0.2825	0.0000	48.0011	18.1036	0.0000	127.9223	0.0000	0.0000	0.0000	0.0000	0.0000	0.0000	0.0000	0.0000	0.0000	inf	0.6786	0.0000	1.0000	0.9211	1.0000	0.1671	0.9172	0.0000	0.9172	0.0047	0.0000	0.0047	0.9125	0.0000	0.9125	0.0000	0.0000	0.0000	0.0000	0.0000	0.0000	0.0000	0.0000	0.0000	0.0671	0.0598	0.0072	0.0167	0.0166	0.0001	0.0504	0.0433	0.0071	0.0120	0.0066	0.0055	0.0033	0.0030	0.0003	0.0088	0.0036	0.0052	inf	0.0000	inf	inf	0.0000	inf	inf	0.0000	inf	0.0000	0.0000	0.0000	0.0000	0.0000	0.0000	0.0000	0.0000	0.0000				
0	53	0.6854	10	0	1	1	1	0	0	0	0	N	N	N	N	N	N	N	N	N	N	N	N	0.0000	0.0000	0.0000	0.0000	0.0000	0.0000	0.0000	0.0000	0.0000	0.0000	0.0000	0.0000	0.0000	0.0000	0.0000	0.0000	0.0000	0.0000	0.0000	0.0000	1.0000	1.0000	1.0000	5.0000	0.0000	0.0000	0.0000	0.0000	0.0000	0.0000	0.0000	0.0000	0.0000	0.0000	0.0000	0.0000	0.0000	0.0000	0.0000	0.0000	0.0000	0.0000	0.0562	0.0514	0.0048	0.0310	0.0296	0.0014	0.0253	0.0218	0.0035	0.0177	0.0108	0.0068	0.0089	0.0077	0.0011	0.0088	0.0031	0.0057	0.0000	0.0000	0.0000	0.0000	0.0000	0.0000	0.0000	0.0000	0.0000	0.0000	0.0000	0.0000	0.0000	0.0000	0.0000	0.0000	0.0000	0.0000											
0	54	0.6701	9	0	0	1	1	0	0	0	0	N	N	N	N	N	N	N	N	N	N	N	N	0.0000	0.0000	0.0000	0.0000	0.0000	0.0000	0.0000	0.0000	0.0000	0.0000	0.0000	0.0000	0.0000	0.0000	0.0000	0.0000	0.0000	0.0000	0.0000	0.0000	1.0000	0.0000	1.0000	2.9157	0.0000	0.0000	0.0000	0.0000	0.0000	0.0000	0.0000	0.0000	0.0000	0.0000	0.0000	0.0000	0.0000	0.0000	0.0000	0.0000	0.0000	0.0000	0.0000	0.0000	0.0000	0.0000	0.0000	0.0000	0.0000	0.0000	0.0000	0.0114	0.0068	0.0047	0.0057	0.0051	0.0006	0.0058	0.0016	0.0041	0.0000	0.0000	0.0000	0.0000	0.0000	0.0000	0.0000	0.0000	0.0000	0.0000	0.0000	0.0000	0.0000	0.0000	0.0000	0.0000	0.0000	0.0000											
0	56	0.6623	8	0	1	1	2	0	0	0	0	N	N	N	Y	N	N	N	N	N	N	N	N	0.0000	0.0000	0.0000	0.0000	0.0000	0.0000	0.0000	0.0000	0.0000	0.0000	0.0000	0.0000	0.0000	0.0000	0.0000	0.0000	0.0000	0.0000	0.0000	0.0000	1.0000	1.7218	1.0000	6.9557	0.0000	0.0000	0.0000	0.0000	0.0000	0.0000	0.0000	0.0000	0.0000	0.0000	0.0000	0.0000	0.0000	0.0000	0.0000	0.0000	0.0000	0.0000	0.1008	0.0920	0.0088	0.0579	0.0550	0.0029	0.0428	0.0369	0.0059	0.0249	0.0152	0.0098	0.0124	0.0108	0.0016	0.0125	0.0043	0.0082	0.0000	0.0000	0.0000	0.0000	0.0000	0.0000	0.0000	0.0000	0.0000	0.0000	0.0000	0.0000	0.0000	0.0000	0.0000	0.0000	0.0000	0.0000											
0	57	0.6734	8	1	0	2	1	0	0	0	0	N	N	Y	N	N	N	N	N	N	N	N	N	0.0000	0.0000	0.0000	0.0000	0.0000	0.0000	0.0000	0.0000	0.0000	0.0000	0.0000	0.0000	0.0000	0.0000	0.0000	0.0000	0.0000	0.0000	0.0000	0.0000	1.0000	8.9999	1.0000	5.0001	0.0000	0.0000	0.0000	0.0000	0.0000	0.0000	0.0000	0.0000	0.0000	0.0000	0.0000	0.0000	0.0000	0.0000	0.0000	0.0000	0.0000	0.0000	0.4171	0.3836	0.0336	0.2297	0.2210	0.0088	0.1874	0.1626	0.0248	0.0355	0.0236	0.0120	0.0215	0.0190	0.0025	0.0140	0.0046	0.0094	0.0000	0.0000	0.0000	0.0000	0.0000	0.0000	0.0000	0.0000	0.0000	0.0000	0.0000	0.0000	0.0000	0.0000	0.0000	0.0000	0.0000	0.0000											
0	58	0.0760	4	1	0	2	1	0	0	0	0	N	N	Y	N	N	N	N	N	N	N	N	N	0.0000	0.0000	0.0000	0.0000	0.0000	0.0000	0.0000	0.0000	0.0000	0.0000	0.0000	0.0000	0.0000	0.0000	0.0000	0.0000	0.0000	0.0000	0.0000	0.0000	1.0000	0.0000	1.0000	1.0000	0.0000	0.0000	0.0000	0.0000	0.0000	0.0000	0.0000	0.0000	0.0000	0.0000	0.0000	0.0000	0.0000	0.0000	0.0000	0.0000	0.0000	0.0000	0.0000	0.0000	0.0000	0.0000	0.0000	0.0000	0.0000	0.0000	0.0000	0.0051	0.0023	0.0028	0.0012	0.0011	0.0002	0.0038	0.0012	0.0026	0.0000	0.0000	0.0000	0.0000	0.0000	0.0000	0.0000	0.0000	0.0000	0.0000	0.0000	0.0000	0.0000	0.0000	0.0000	0.0000	0.0000	0.0000											
0	59	0.6989	9	0	0	2	1	0	0	0	0	N	N	Y	N	N	N	N	N	N	N	N	N	0.0000	0.0000	0.0000	0.0000	0.0000	0.0000	0.0000	0.0000	0.0000	0.0000	0.0000	0.0000	0.0000	0.0000	0.0000	0.0000	0.0000	0.0000	0.0000	0.0000	1.0000	0.0006	1.0000	1.1867	0.0000	0.0000	0.0000	0.0000	0.0000	0.0000	0.0000	0.0000	0.0000	0.0000	0.0000	0.0000	0.0000	0.0000	0.0000	0.0000	0.0000	0.0000	0.0002	0.0001	0.0000	0.0001	0.0001	0.0000	0.0001	0.0000	0.0000	0.0069	0.0051	0.0018	0.0046	0.0042	0.0004	0.0023	0.0009	0.0014	0.0000	0.0000	0.0000	0.0000	0.0000	0.0000	0.0000	0.0000	0.0000	0.0000	0.0000	0.0000	0.0000	0.0000	0.0000	0.0000	0.0000	0.0000											
0	60	0.6623	8	0	0	1	1	0	0	0	0	N	N	N	N	N	N	N	N	N	N	N	N	0.0000	0.0000	0.0000	0.0000	0.0000	0.0000	0.0000	0.0000	0.0000	0.0000	0.0000	0.0000	0.0000	0.0000	0.0000	0.0000	0.0000	0.0000	0.0000	0.0000	1.0000	2.2785	1.0000	4.8627	0.0000	0.0000	0.0000	0.0000	0.0000	0.0000	0.0000	0.0000	0.0000	0.0000	0.0000	0.0000	0.0000	0.0000	0.0000	0.0000	0.0000	0.0000	0.1295	0.1182	0.0113	0.0734	0.0699	0.0035	0.0560	0.0483	0.0077	0.0208	0.0127	0.0082	0.0104	0.0090	0.0013	0.0104	0.0036	0.0068	0.0000	0.0000	0.0000	0.0000	0.0000	0.0000	0.0000	0.0000	0.0000	0.0000	0.0000	0.0000	0.0000	0.0000	0.0000	0.0000	0.0000	0.0000											
0	61	0.0785	4	0	0	2	1	0	0	0	0	N	N	Y	N	N	N	N	N	N	N	N	N	inf	inf	inf	inf	1.1294	1.2639	0.0000	4.6292	4.6576	0.0000	0.0000	0.0000	0.0000	0.0000	0.0000	0.0000	0.0000	0.0000	0.0000	0.0000	0.0000	0.0000	0.0000	-0.0228	0.0000	1.0000	1.0901	1.0000	7.9319	0.0875	0.0875	0.0000	0.0875	0.0875	0.0000	0.0000	0.0000	0.0000	0.0000	0.0000	0.0000	0.0000	0.0000	0.0000	0.0000	0.0000	0.0000	0.0775	0.0692	0.0082	0.0189	0.0188	0.0001	0.0586	0.0504	0.0081	0.0623	0.0279	0.0344	0.0071	0.0068	0.0004	0.0551	0.0211	0.0340	inf	inf	0.0000	inf	inf	0.0000	0.0000	0.0000	0.0000	0.0000	0.0000	0.0000	0.0000	0.0000	0.0000	0.0000	0.0000	0.0000						
0	62	0.0484	3	0	0	1	1	0	0	0	0	N	N	N	N	N	N	N	N	N	N	N	N	inf	inf	inf	inf	inf	inf	inf	inf	inf	0.2792	0.0253	0.7109	0.0024	0.0023	0.1810	0.4674	0.0665	0.7112	0.0000	0.0000	0.0000	0.0000	0.0000	0.0000	0.0000	0.0000	0.0000	16.5478	0.0599	0.0000	1.0000	1.6797	1.0000	2.9843	0.0878	0.0050	0.0828	0.0003	0.0003	0.0000	0.0875	0.0047	0.0828	0.0000	0.0000	0.0000	0.0000	0.0000	0.0000	0.0000	0.0000	0.0000	0.3144	0.1979	0.1164	0.1273	0.1272	0.0001	0.1871	0.0708	0.1163	0.0341	0.0146	0.0195	0.0029	0.0029	0.0000	0.0312	0.0118	0.0195	inf	inf	inf	inf	inf	inf	inf	inf	inf	0.0000	0.0000	0.0000	0.0000	0.0000	0.0000	0.0000	0.0000	0.0000	
0	63	0.0383	2	0	0	1	1	0	0	0	0	N	N	N	N	N	N	N	N	N	N	N	N	inf	inf	inf	inf	inf	inf	inf	inf	inf	0.0019	0.0023	0.0013	0.0014	0.0014	0.0011	0.0022	0.0064	0.0013	0.0000	0.0000	0.0000	0.0000	0.0000	0.0000	0.0000	0.0000	0.0000	0.4287	0.0000	0.0000	1.0000	0.4935	1.0000	1.5835	0.0005	0.0003	0.0001	0.0002	0.0002	0.0000	0.0003	0.0002	0.0001	0.0000	0.0000	0.0000	0.0000	0.0000	0.0000	0.0000	0.0000	0.0000	0.2667	0.1508	0.1160	0.1242	0.1241	0.0000	0.1426	0.0266	0.1159	0.0371	0.0176	0.0195	0.0118	0.0118	0.0000	0.0253	0.0059	0.0195	inf	inf	inf	inf	inf	inf	inf	inf	inf	0.0000	0.0000	0.0000	0.0000	0.0000	0.0000	0.0000	0.0000	0.0000	
0	64	0.0428	2	0	1	1	1	0	0	0	0	N	N	N	N	N	N	N	N	N	N	N	N	inf	inf	inf	inf	0.0109	0.0119	0.0000	0.0299	0.0300	0.0000	0.0000	0.0000	0.0000	0.0000	0.0000	0.0000	0.0000	0.0000	0.0000	0.0000	0.0000	0.0000	0.0000	-0.0001	0.0000	1.0000	0.2944	1.0000	1.0083	0.0004	0.0004	0.0000	0.0004	0.0004	0.0000	0.0000	0.0000	0.0000	0.0000	0.0000	0.0000	0.0000	0.0000	0.0000	0.0000	0.0000	0.0000	0.0362	0.0331	0.0031	0.0131	0.0131	0.0001	0.0230	0.0200	0.0030	0.0091	0.0038	0.0053	0.0004	0.0004	0.0000	0.0087	0.0034	0.0053	inf	inf	0.0000	inf	inf	0.0000	0.0000	0.0000	0.0000	0.0000	0.0000	0.0000	0.0000	0.0000	0.0000	0.0000	0.0000	0.0000						
0	68	0.0760	4	1	1	2	1	0	0	0	0	N	N	Y	N	N	N	N	N	N	N	N	N	0.0000	0.0000	0.0000	0.0000	0.0000	0.0000	0.0000	0.0000	0.0000	0.0000	0.0000	0.0000	0.0000	0.0000	0.0000	0.0000	0.0000	0.0000	0.0000	0.0000	1.0000	0.0000	1.0000	0.0000	0.0000	0.0000	0.0000	0.0000	0.0000	0.0000	0.0000	0.0000	0.0000	0.0000	0.0000	0.0000	0.0000	0.0000	0.0000	0.0000	0.0000	0.0000	0.0000	0.0000	0.0000	0.0000	0.0000	0.0000	0.0000	0.0000	0.0000	0.0000	0.0000	0.0000	0.0000	0.0000	0.0000	0.0000	0.0000	0.0000	0.0000	0.0000	0.0000	0.0000	0.0000	0.0000	0.0000	0.0000	0.0000	0.0000	0.0000	0.0000	0.0000	0.0000	0.0000	0.0000	0.0000	0.0000											
0	69	0.7187	10	1	1	2	1	0	0	0	0	N	N	Y	N	N	N	N	N	N	N	N	N	0.0000	0.0000	0.0000	0.0000	0.0000	0.0000	0.0000	0.0000	0.0000	0.0000	0.0000	0.0000	0.0000	0.0000	0.0000	0.0000	0.0000	0.0000	0.0000	0.0000	1.0000	1.0000	1.0000	0.0000	0.0000	0.0000	0.0000	0.0000	0.0000	0.0000	0.0000	0.0000	0.0000	0.0000	0.0000	0.0000	0.0000	0.0000	0.0000	0.0000	0.0000	0.0000	0.0442	0.0408	0.0034	0.0350	0.0329	0.0021	0.0092	0.0079	0.0013	0.0023	0.0015	0.0009	0.0014	0.0013	0.0002	0.0009	0.0002	0.0007	0.0000	0.0000	0.0000	0.0000	0.0000	0.0000	0.0000	0.0000	0.0000	0.0000	0.0000	0.0000	0.0000	0.0000	0.0000	0.0000	0.0000	0.0000											
0	70	0.7187	10	1	1	2	1	0	0	0	0	N	N	Y	N	N	N	N	N	N	N	N	N	0.0000	0.0000	0.0000	0.0000	0.0000	0.0000	0.0000	0.0000	0.0000	0.0000	0.0000	0.0000	0.0000	0.0000	0.0000	0.0000	0.0000	0.0000	0.0000	0.0000	1.0000	0.0000	1.0000	0.0000	0.0000	0.0000	0.0000	0.0000	0.0000	0.0000	0.0000	0.0000	0.0000	0.0000	0.0000	0.0000	0.0000	0.0000	0.0000	0.0000	0.0000	0.0000	0.0000	0.0000	0.0000	0.0000	0.0000	0.0000	0.0000	0.0000	0.0000	0.0000	0.0000	0.0000	0.0000	0.0000	0.0000	0.0000	0.0000	0.0000	0.0000	0.0000	0.0000	0.0000	0.0000	0.0000	0.0000	0.0000	0.0000	0.0000	0.0000	0.0000	0.0000	0.0000	0.0000	0.0000	0.0000	0.0000											
0	71	0.6964	9	1	1	2	1	0	0	0	0	N	N	Y	N	N	N	N	N	N	N	N	N	0.0000	0.0000	0.0000	0.0000	0.0000	0.0000	0.0000	0.0000	0.0000	0.0000	0.0000	0.0000	0.0000	0.0000	0.0000	0.0000	0.0000	0.0000	0.0000	0.0000	1.0000	2.0000	1.0000	1.0000	0.0000	0.0000	0.0000	0.0000	0.0000	0.0000	0.0000	0.0000	0.0000	0.0000	0.0000	0.0000	0.0000	0.0000	0.0000	0.0000	0.0000	0.0000	0.0828	0.0762	0.0066	0.0646	0.0606	0.0040	0.0182	0.0156	0.0026	0.0068	0.0042	0.0026	0.0041	0.0036	0.0005	0.0027	0.0005	0.0022	0.0000	0.0000	0.0000	0.0000	0.0000	0.0000	0.0000	0.0000	0.0000	0.0000	0.0000	0.0000	0.0000	0.0000	0.0000	0.0000	0.0000	0.0000											
0	72	0.6734	8	1	0	2	1	0	0	0	0	N	N	Y	N	N	N	N	N	N	N	N	N	inf	inf	inf	inf	inf	inf	0.0251	0.0272	0.0000	0.0380	0.0396	0.0000	0.0073	0.0085	0.0000	0.0000	0.0000	0.0000	0.0000	0.0000	0.0000	0.0000	0.0000	0.0000	0.0000	-0.0004	0.0000	1.0000	1.0017	1.0000	2.0007	0.0015	0.0015	0.0000	0.0013	0.0013	0.0000	0.0002	0.0002	0.0000	0.0000	0.0000	0.0000	0.0000	0.0000	0.0000	0.0000	0.0000	0.0000	0.0582	0.0536	0.0046	0.0336	0.0323	0.0013	0.0245	0.0213	0.0033	0.0084	0.0056	0.0028	0.0051	0.0045	0.0006	0.0033	0.0011	0.0022	inf	inf	0.0000	inf	inf	0.0000	inf	inf	0.0000	0.0000	0.0000	0.0000	0.0000	0.0000	0.0000	0.0000	0.0000	0.0000				
0	73	0.0953	5	1	1	1	1	0	0	0	0	N	N	N	N	N	N	N	N	N	N	N	N	0.0000	0.0000	0.0000	0.0000	0.0000	0.0000	0.0000	0.0000	0.0000	0.0000	0.0000	0.0000	0.0000	0.0000	0.0000	0.0000	0.0000	0.0000	0.0000	0.0000	1.0000	0.0000	1.0000	0.0000	0.0000	0.0000	0.0000	0.0000	0.0000	0.0000	0.0000	0.0000	0.0000	0.0000	0.0000	0.0000	0.0000	0.0000	0.0000	0.0000	0.0000	0.0000	0.0000	0.0000	0.0000	0.0000	0.0000	0.0000	0.0000	0.0000	0.0000	0.0000	0.0000	0.0000	0.0000	0.0000	0.0000	0.0000	0.0000	0.0000	0.0000	0.0000	0.0000	0.0000	0.0000	0.0000	0.0000	0.0000	0.0000	0.0000	0.0000	0.0000	0.0000	0.0000	0.0000	0.0000	0.0000	0.0000											
0	74	0.7004	9	1	1	1	1	0	0	0	0	N	N	N	N	N	N	N	N	N	N	N	N	0.0000	0.0000	0.0000	0.0000	0.0000	0.0000	0.0000	0.0000	0.0000	0.0000	0.0000	0.0000	0.0000	0.0000	0.0000	0.0000	0.0000	0.0000	0.0000	0.0000	1.0000	0.0000	1.0000	0.0010	0.0000	0.0000	0.0000	0.0000	0.0000	0.0000	0.0000	0.0000	0.0000	0.0000	0.0000	0.0000	0.0000	0.0000	0.0000	0.0000	0.0000	0.0000	0.0000	0.0000	0.0000	0.0000	0.0000	0.0000	0.0000	0.0000	0.0000	0.0030	0.0019	0.0010	0.0015	0.0015	0.0000	0.0015	0.0005	0.0010	0.0000	0.0000	0.0000	0.0000	0.0000	0.0000	0.0000	0.0000	0.0000	0.0000	0.0000	0.0000	0.0000	0.0000	0.0000	0.0000	0.0000	0.0000											
0	75	0.6895	11	0	1	1	2	0	0	0	0	N	N	N	Y	N	N	N	N	N	N	N	N	0.0000	0.0000	0.0000	0.0000	0.0000	0.0000	0.0000	0.0000	0.0000	0.0000	0.0000	0.0000	0.0000	0.0000	0.0000	0.0000	0.0000	0.0000	0.0000	0.0000	1.0000	0.0000	1.0000	0.0000	0.0000	0.0000	0.0000	0.0000	0.0000	0.0000	0.0000	0.0000	0.0000	0.0000	0.0000	0.0000	0.0000	0.0000	0.0000	0.0000	0.0000	0.0000	0.0000	0.0000	0.0000	0.0000	0.0000	0.0000	0.0000	0.0000	0.0000	0.0000	0.0000	0.0000	0.0000	0.0000	0.0000	0.0000	0.0000	0.0000	0.0000	0.0000	0.0000	0.0000	0.0000	0.0000	0.0000	0.0000	0.0000	0.0000	0.0000	0.0000	0.0000	0.0000	0.0000	0.0000	0.0000	0.0000											
0	76	0.6895	11	0	0	1	2	0	0	0	0	N	N	N	Y	N	N	N	N	N	N	N	N	0.0000	0.0000	0.0000	0.0000	0.0000	0.0000	0.0000	0.0000	0.0000	0.0000	0.0000	0.0000	0.0000	0.0000	0.0000	0.0000	0.0000	0.0000	0.0000	0.0000	1.0000	0.0000	1.0000	0.0000	0.0000	0.0000	0.0000	0.0000	0.0000	0.0000	0.0000	0.0000	0.0000	0.0000	0.0000	0.0000	0.0000	0.0000	0.0000	0.0000	0.0000	0.0000	0.0000	0.0000	0.0000	0.0000	0.0000	0.0000	0.0000	0.0000	0.0000	0.0000	0.0000	0.0000	0.0000	0.0000	0.0000	0.0000	0.0000	0.0000	0.0000	0.0000	0.0000	0.0000	0.0000	0.0000	0.0000	0.0000	0.0000	0.0000	0.0000	0.0000	0.0000	0.0000	0.0000	0.0000	0.0000	0.0000											
0	77	0.6742	10	0	0	1	2	0	0	0	0	N	N	N	Y	N	N	N	N	N	N	N	N	0.0000	0.0000	0.0000	0.0000	0.0000	0.0000	0.0000	0.0000	0.0000	0.0000	0.0000	0.0000	0.0000	0.0000	0.0000	0.0000	0.0000	0.0000	0.0000	0.0000	1.0000	0.0002	1.0000	2.9297	0.0000	0.0000	0.0000	0.0000	0.0000	0.0000	0.0000	0.0000	0.0000	0.0000	0.0000	0.0000	0.0000	0.0000	0.0000	0.0000	0.0000	0.0000	0.0000	0.0000	0.0000	0.0000	0.0000	0.0000	0.0000	0.0000	0.0000	0.0229	0.0145	0.0084	0.0159	0.0127	0.0032	0.0071	0.0019	0.0052	0.0000	0.0000	0.0000	0.0000	0.0000	0.0000	0.0000	0.0000	0.0000	0.0000	0.0000	0.0000	0.0000	0.0000	0.0000	0.0000	0.0000	0.0000											
0	78	0.6701	9	0	0	1	2	0	0	0	0	N	N	N	Y	N	N	N	N	N	N	N	N	0.0000	0.0000	0.0000	0.0000	0.0000	0.0000	0.0000	0.0000	0.0000	0.0000	0.0000	0.0000	0.0000	0.0000	0.0000	0.0000	0.0000	0.0000	0.0000	0.0000	1.0000	0.0003	1.0000	2.1916	0.0000	0.0000	0.0000	0.0000	0.0000	0.0000	0.0000	0.0000	0.0000	0.0000	0.0000	0.0000	0.0000	0.0000	0.0000	0.0000	0.0000	0.0000	0.0000	0.0000	0.0000	0.0000	0.0000	0.0000	0.0000	0.0000	0.0000	0.0093	0.0055	0.0039	0.0046	0.0042	0.0004	0.0047	0.0013	0.0034	0.0000	0.0000	0.0000	0.0000	0.0000	0.0000	0.0000	0.0000	0.0000	0.0000	0.0000	0.0000	0.0000	0.0000	0.0000	0.0000	0.0000	0.0000											
0	79	0.6623	8	0	0	1	1	0	0	0	0	N	N	N	N	N	N	N	N	N	N	N	N	0.0000	0.0000	0.0000	0.0000	0.0000	0.0000	0.0000	0.0000	0.0000	0.0000	0.0000	0.0000	0.0000	0.0000	0.0000	0.0000	0.0000	0.0000	0.0000	0.0000	1.0000	0.2782	1.0000	1.3600	0.0000	0.0000	0.0000	0.0000	0.0000	0.0000	0.0000	0.0000	0.0000	0.0000	0.0000	0.0000	0.0000	0.0000	0.0000	0.0000	0.0000	0.0000	0.0220	0.0200	0.0020	0.0149	0.0138	0.0010	0.0072	0.0062	0.0010	0.0050	0.0030	0.0020	0.0025	0.0022	0.0003	0.0025	0.0009	0.0017	0.0000	0.0000	0.0000	0.0000	0.0000	0.0000	0.0000	0.0000	0.0000	0.0000	0.0000	0.0000	0.0000	0.0000	0.0000	0.0000	0.0000	0.0000											
0	80	0.7060	10	0	1	2	1	0	0	0	0	N	N	Y	N	N	N	N	N	N	N	N	N	inf	inf	inf	inf	1.2640	1.4046	0.0000	2.3467	2.4150	0.0000	0.0000	0.0000	0.0000	0.0000	0.0000	0.0000	0.0000	0.0000	0.0000	0.0000	0.0000	0.0000	0.0000	-0.0001	0.0000	1.0000	0.0029	1.0000	2.0135	0.0003	0.0003	0.0000	0.0003	0.0003	0.0000	0.0000	0.0000	0.0000	0.0000	0.0000	0.0000	0.0000	0.0000	0.0000	0.0000	0.0000	0.0000	0.0003	0.0002	0.0000	0.0001	0.0001	0.0000	0.0001	0.0001	0.0000	0.0076	0.0055	0.0021	0.0053	0.0049	0.0004	0.0023	0.0007	0.0017	inf	inf	0.0000	inf	inf	0.0000	0.0000	0.0000	0.0000	0.0000	0.0000	0.0000	0.0000	0.0000	0.0000	0.0000	0.0000	0.0000						
0	81	0.6994	9	0	1	1	1	0	0	0	0	N	N	N	N	N	N	N	N	N	N	N	N	0.0000	0.0000	0.0000	0.0000	0.0000	0.0000	0.0000	0.0000	0.0000	0.0000	0.0000	0.0000	0.0000	0.0000	0.0000	0.0000	0.0000	0.0000	-0.0000	0.0000	1.0000	0.6188	1.0000	0.9475	0.0000	0.0000	0.0000	0.0000	0.0000	0.0000	0.0000	0.0000	0.0000	0.0000	0.0000	0.0000	0.0000	0.0000	0.0000	0.0000	0.0000	0.0000	0.0538	0.0491	0.0047	0.0343	0.0326	0.0017	0.0195	0.0165	0.0030	0.0055	0.0036	0.0019	0.0034	0.0030	0.0003	0.0021	0.0005	0.0016	0.0000	0.0000	0.0000	0.0000	0.0000	0.0000	0.0000	0.0000	0.0000	0.0000	0.0000	0.0000	0.0000	0.0000	0.0000	0.0000	0.0000	0.0000											
0	82	0.0984	5	0	1	2	1	0	0	0	0	N	N	Y	N	N	N	N	N	N	N	N	N	0.0000	0.0000	0.0000	0.0000	0.0000	0.0000	0.0000	0.0000	0.0000	0.0000	0.0000	0.0000	0.0000	0.0000	0.0000	0.0000	0.0000	0.0000	0.0000	0.0000	1.0000	0.0000	1.0000	1.0000	0.0000	0.0000	0.0000	0.0000	0.0000	0.0000	0.0000	0.0000	0.0000	0.0000	0.0000	0.0000	0.0000	0.0000	0.0000	0.0000	0.0000	0.0000	0.0000	0.0000	0.0000	0.0000	0.0000	0.0000	0.0000	0.0000	0.0000	0.0052	0.0019	0.0033	0.0001	0.0001	0.0000	0.0051	0.0018	0.0033	0.0000	0.0000	0.0000	0.0000	0.0000	0.0000	0.0000	0.0000	0.0000	0.0000	0.0000	0.0000	0.0000	0.0000	0.0000	0.0000	0.0000	0.0000											
0	83	0.6734	8	1	0	2	1	0	0	0	0	N	N	Y	N	N	N	N	N	N	N	N	N	0.0000	0.0000	0.0000	0.0000	0.0000	0.0000	0.0000	0.0000	0.0000	0.0000	0.0000	0.0000	0.0000	32.2959	0.0000	95.9032	0.0000	0.0000	0.0000	81.9112	0.0000	121.6515	inf	0.0000	0.4781	1.0000	9.0001	1.0000	3.0001	0.0000	0.0000	0.0000	0.0000	0.0000	0.0000	0.0000	0.0000	0.0000	1.0000	0.0000	1.0000	0.0000	0.0000	0.0000	1.0000	0.0000	1.0000	0.4171	0.3836	0.0336	0.2297	0.2210	0.0088	0.1874	0.1626	0.0248	0.0310	0.0205	0.0104	0.0188	0.0165	0.0022	0.0122	0.0040	0.0082	0.0000	0.0000	0.0000	0.0000	0.0000	0.0000	0.0000	0.0000	0.0000	32.2959	0.0000	95.9032	0.0000	0.0000	0.0000	81.9112	0.0000	121.6515						
0	84	0.0760	4	1	0	2	1	0	0	0	0	N	N	Y	N	N	N	N	N	N	N	N	N	inf	inf	inf	inf	0.0001	0.0001	0.0000	0.0030	0.0033	0.0000	0.0000	0.0000	0.0000	0.0000	0.0000	0.0000	0.0000	0.0000	0.0000	0.0000	0.0000	0.0000	0.0000	-0.0000	0.0000	1.0000	4.0000	1.0000	0.0000	0.0000	0.0000	0.0000	0.0000	0.0000	0.0000	0.0000	0.0000	0.0000	0.0000	0.0000	0.0000	0.0000	0.0000	0.0000	0.0000	0.0000	0.0000	0.1096	0.0970	0.0126	0.0033	0.0031	0.0002	0.1063	0.0939	0.0124	0.0189	0.0085	0.0104	0.0045	0.0039	0.0007	0.0144	0.0047	0.0097	inf	inf	0.0000	inf	inf	0.0000	0.0000	0.0000	0.0000	0.0000	0.0000	0.0000	0.0000	0.0000	0.0000	0.0000	0.0000	0.0000						
0	85	0.1221	5	1	1	1	1	0	0	0	0	N	N	N	N	N	N	N	N	N	N	N	N	0.0000	0.0000	0.0000	0.0000	0.0000	0.0000	0.0000	0.0000	0.0000	0.0000	0.0000	0.0000	0.0000	0.0000	0.0000	0.0000	0.0000	0.0000	0.0000	0.0000	1.0000	1.0086	1.0000	1.7435	0.0000	0.0000	0.0000	0.0000	0.0000	0.0000	0.0000	0.0000	0.0000	0.0000	0.0000	0.0000	0.0000	0.0000	0.0000	0.0000	0.0000	0.0000	0.0714	0.0549	0.0166	0.0230	0.0227	0.0003	0.0484	0.0322	0.0163	0.0197	0.0101	0.0097	0.0062	0.0057	0.0005	0.0135	0.0044	0.0091	0.0000	0.0000	0.0000	0.0000	0.0000	0.0000	0.0000	0.0000	0.0000	0.0000	0.0000	0.0000	0.0000	0.0000	0.0000	0.0000	0.0000	0.0000											
0	86	0.0760	4	1	1	1	1	0	0	0	0	N	N	N	N	N	N	N	N	N	N	N	N	0.0000	0.0000	0.0000	0.0000	0.0000	0.0000	0.0000	0.0000	0.0000	0.0000	0.0000	0.0000	0.0000	0.0000	0.0000	0.0000	0.0000	0.0000	0.0000	0.0000	1.0000	1.0165	1.0000	4.1395	0.0000	0.0000	0.0000	0.0000	0.0000	0.0000	0.0000	0.0000	0.0000	0.0000	0.0000	0.0000	0.0000	0.0000	0.0000	0.0000	0.0000	0.0000	0.0314	0.0277	0.0037	0.0009	0.0008	0.0001	0.0305	0.0269	0.0036	0.0237	0.0107	0.0130	0.0056	0.0048	0.0008	0.0182	0.0059	0.0122	0.0000	0.0000	0.0000	0.0000	0.0000	0.0000	0.0000	0.0000	0.0000	0.0000	0.0000	0.0000	0.0000	0.0000	0.0000	0.0000	0.0000	0.0000											
0	87	0.6322	7	1	1	1	1	0	0	0	0	N	N	N	N	N	N	N	N	N	N	N	N	inf	inf	inf	inf	2.4034	2.6277	0.0000	4.4667	4.6604	0.0000	0.0000	0.0000	0.0000	0.0000	0.0000	0.0000	0.0000	0.0000	0.0000	0.0000	0.0000	0.0000	0.0000	-0.2602	0.0000	1.0000	9.0005	1.0000	5.0000	1.0000	1.0000	0.0000	1.0000	1.0000	0.0000	0.0000	0.0000	0.0000	0.0000	0.0000	0.0000	0.0000	0.0000	0.0000	0.0000	0.0000	0.0000	0.4161	0.3806	0.0355	0.2239	0.2146	0.0093	0.1922	0.1660	0.0262	0.0377	0.0233	0.0145	0.0193	0.0168	0.0025	0.0184	0.0065	0.0119	inf	inf	0.0000	inf	inf	0.0000	0.0000	0.0000	0.0000	0.0000	0.0000	0.0000	0.0000	0.0000	0.0000	0.0000	0.0000	0.0000						
0	88	0.0984	5	0	1	1	1	0	0	0	0	N	N	N	N	N	N	N	N	N	N	N	N	0.0000	0.0000	0.0000	0.0000	0.0000	0.0000	0.0000	0.0000	0.0000	0.0000	0.0000	0.0000	0.0000	0.0000	0.0000	0.0000	0.0000	0.0000	0.0000	0.0000	1.0000	0.0000	1.0000	0.0000	0.0000	0.0000	0.0000	0.0000	0.0000	0.0000	0.0000	0.0000	0.0000	0.0000	0.0000	0.0000	0.0000	0.0000	0.0000	0.0000	0.0000	0.0000	0.0000	0.0000	0.0000	0.0000	0.0000	0.0000	0.0000	0.0000	0.0000	0.0000	0.0000	0.0000	0.0000	0.0000	0.0000	0.0000	0.0000	0.0000	0.0000	0.0000	0.0000	0.0000	0.0000	0.0000	0.0000	0.0000	0.0000	0.0000	0.0000	0.0000	0.0000	0.0000	0.0000	0.0000	0.0000	0.0000											
0	89	0.6994	9	0	1	1	1	0	0	0	0	N	N	N	N	N	N	N	N	N	N	N	N	0.0000	0.0000	0.0000	0.0000	0.0000	0.0000	0.0000	0.0000	0.0000	0.0000	0.0000	0.0000	0.0000	0.0000	0.0000	0.0000	0.0000	0.0000	0.0000	0.0000	1.0000	1.9953	1.0000	1.0817	0.0000	0.0000	0.0000	0.0000	0.0000	0.0000	0.0000	0.0000	0.0000	0.0000	0.0000	0.0000	0.0000	0.0000	0.0000	0.0000	0.0000	0.0000	0.1253	0.1150	0.0103	0.0738	0.0707	0.0031	0.0515	0.0443	0.0072	0.0095	0.0064	0.0032	0.0060	0.0053	0.0006	0.0035	0.0010	0.0025	0.0000	0.0000	0.0000	0.0000	0.0000	0.0000	0.0000	0.0000	0.0000	0.0000	0.0000	0.0000	0.0000	0.0000	0.0000	0.0000	0.0000	0.0000											
0	90	0.6734	8	0	1	1	1	0	0	0	0	N	N	N	N	N	N	N	N	N	N	N	N	0.0000	0.0000	0.0000	0.0000	0.0000	0.0000	0.0000	0.0000	0.0000	0.0000	0.0000	0.0000	0.0000	0.0000	0.0000	0.0000	0.0000	0.0000	0.0000	0.0000	1.0000	2.3999	1.0000	4.0713	0.0000	0.0000	0.0000	0.0000	0.0000	0.0000	0.0000	0.0000	0.0000	0.0000	0.0000	0.0000	0.0000	0.0000	0.0000	0.0000	0.0000	0.0000	0.1335	0.1229	0.0106	0.0764	0.0735	0.0029	0.0570	0.0494	0.0076	0.0175	0.0116	0.0059	0.0106	0.0094	0.0012	0.0069	0.0022	0.0046	0.0000	0.0000	0.0000	0.0000	0.0000	0.0000	0.0000	0.0000	0.0000	0.0000	0.0000	0.0000	0.0000	0.0000	0.0000	0.0000	0.0000	0.0000											
0	91	0.6944	9	0	0	2	1	0	0	0	0	N	N	Y	N	N	N	N	N	N	N	N	N	0.0000	0.0000	0.0000	0.0000	0.0000	0.0000	0.0000	0.0000	0.0000	0.0000	0.0000	0.0000	0.0000	0.0000	0.0000	0.0000	0.0000	0.0000	0.0000	0.0000	1.0000	0.0000	1.0000	0.0000	0.0000	0.0000	0.0000	0.0000	0.0000	0.0000	0.0000	0.0000	0.0000	0.0000	0.0000	0.0000	0.0000	0.0000	0.0000	0.0000	0.0000	0.0000	0.0000	0.0000	0.0000	0.0000	0.0000	0.0000	0.0000	0.0000	0.0000	0.0000	0.0000	0.0000	0.0000	0.0000	0.0000	0.0000	0.0000	0.0000	0.0000	0.0000	0.0000	0.0000	0.0000	0.0000	0.0000	0.0000	0.0000	0.0000	0.0000	0.0000	0.0000	0.0000	0.0000	0.0000	0.0000	0.0000											
0	92	0.6623	8	0	0	2	1	0	0	0	0	N	N	Y	N	N	N	N	N	N	N	N	N	inf	inf	inf	inf	5.0030	5.4766	0.0000	9.0004	9.4331	0.0000	0.0000	0.0000	0.0000	0.0000	0.0000	0.0000	0.0000	0.0000	0.0000	0.0000	0.0000	0.0000	0.0000	-0.2602	0.0000	1.0000	3.7221	1.0000	2.9993	1.0000	1.0000	0.0000	1.0000	1.0000	0.0000	0.0000	0.0000	0.0000	0.0000	0.0000	0.0000	0.0000	0.0000	0.0000	0.0000	0.0000	0.0000	0.1999	0.1826	0.0173	0.1111	0.1060	0.0051	0.0888	0.0766	0.0122	0.0197	0.0120	0.0077	0.0098	0.0085	0.0013	0.0099	0.0034	0.0064	inf	inf	0.0000	inf	inf	0.0000	0.0000	0.0000	0.0000	0.0000	0.0000	0.0000	0.0000	0.0000	0.0000	0.0000	0.0000	0.0000						
0	93	0.6322	7	0	0	1	1	0	0	0	0	N	N	N	N	N	N	N	N	N	N	N	N	0.0000	0.0000	0.0000	0.0000	0.0000	0.0000	0.0000	0.0000	0.0000	0.0000	0.0000	0.0000	0.0000	0.0000	0.0000	0.0000	0.0000	0.0000	0.0000	0.0000	1.0000	2.7217	1.0000	3.0458	0.0000	0.0000	0.0000	0.0000	0.0000	0.0000	0.0000	0.0000	0.0000	0.0000	0.0000	0.0000	0.0000	0.0000	0.0000	0.0000	0.0000	0.0000	0.1478	0.1351	0.0127	0.0818	0.0783	0.0036	0.0660	0.0569	0.0091	0.0167	0.0103	0.0064	0.0085	0.0074	0.0011	0.0082	0.0029	0.0053	0.0000	0.0000	0.0000	0.0000	0.0000	0.0000	0.0000	0.0000	0.0000	0.0000	0.0000	0.0000	0.0000	0.0000	0.0000	0.0000	0.0000	0.0000											
0	94	0.6897	9	1	1	1	1	0	0	0	0	N	N	N	N	N	N	N	N	N	N	N	N	inf	inf	inf	inf	0.0000	0.0000	0.0004	0.0001	0.0000	0.0015	0.0000	0.0000	0.0000	0.0000	0.0000	0.0000	0.0000	0.0000	0.0000	0.0000	0.0000	0.0000	inf	0.0000	0.0000	1.0000	5.9980	1.0000	4.9575	0.0000	0.0000	0.0000	0.0000	0.0000	0.0000	0.0000	0.0000	0.0000	0.0000	0.0000	0.0000	0.0000	0.0000	0.0000	0.0000	0.0000	0.0000	0.3026	0.2793	0.0233	0.1750	0.1684	0.0066	0.1276	0.1109	0.0167	0.0264	0.0184	0.0080	0.0167	0.0147	0.0020	0.0097	0.0036	0.0060	inf	0.0000	inf	inf	0.0000	inf	0.0000	0.0000	0.0000	0.0000	0.0000	0.0000	0.0000	0.0000	0.0000	0.0000	0.0000	0.0000						
0	95	0.0984	5	1	1	1	1	0	0	0	0	N	N	N	N	N	N	N	N	N	N	N	N	0.0000	0.0000	0.0000	0.0000	0.0000	0.0000	0.0000	0.0000	0.0000	0.0000	0.0000	0.0000	0.0000	0.0000	0.0000	0.0000	0.0000	0.0000	0.0000	0.0000	1.0000	0.0000	1.0000	2.0000	0.0000	0.0000	0.0000	0.0000	0.0000	0.0000	0.0000	0.0000	0.0000	0.0000	0.0000	0.0000	0.0000	0.0000	0.0000	0.0000	0.0000	0.0000	0.0000	0.0000	0.0000	0.0000	0.0000	0.0000	0.0000	0.0000	0.0000	0.0102	0.0038	0.0064	0.0003	0.0003	0.0000	0.0099	0.0035	0.0064	0.0000	0.0000	0.0000	0.0000	0.0000	0.0000	0.0000	0.0000	0.0000	0.0000	0.0000	0.0000	0.0000	0.0000	0.0000	0.0000	0.0000	0.0000											
0	96	0.0760	4	0	1	1	1	0	0	0	0	N	N	N	N	N	N	N	N	N	N	N	N	inf	inf	inf	inf	0.0001	0.0001	0.0000	0.0030	0.0033	0.0000	0.0000	0.0000	0.0000	0.0000	0.0000	0.0000	0.0000	0.0000	0.0000	0.0000	0.0000	0.0000	0.0000	-0.0000	0.0000	1.0000	4.0000	1.0000	0.0000	0.0000	0.0000	0.0000	0.0000	0.0000	0.0000	0.0000	0.0000	0.0000	0.0000	0.0000	0.0000	0.0000	0.0000	0.0000	0.0000	0.0000	0.0000	0.1096	0.0970	0.0126	0.0033	0.0031	0.0002	0.1063	0.0939	0.0124	0.0189	0.0085	0.0104	0.0045	0.0039	0.0007	0.0144	0.0047	0.0097	inf	inf	0.0000	inf	inf	0.0000	0.0000	0.0000	0.0000	0.0000	0.0000	0.0000	0.0000	0.0000	0.0000	0.0000	0.0000	0.0000						
0	97	0.6322	7	0	0	1	1	0	0	0	0	N	N	N	N	N	N	N	N	N	N	N	N	0.0000	0.0000	0.0000	0.0000	0.0000	0.0000	0.0000	0.0000	0.0000	0.0000	0.0000	0.0000	0.0000	0.0000	0.0000	0.0000	0.0000	0.0000	0.0000	0.0000	1.0000	3.9994	1.0000	4.0000	0.0000	0.0000	0.0000	0.0000	0.0000	0.0000	0.0000	0.0000	0.0000	0.0000	0.0000	0.0000	0.0000	0.0000	0.0000	0.0000	0.0000	0.0000	0.2098	0.1918	0.0179	0.1154	0.1105	0.0050	0.0944	0.0814	0.0130	0.0227	0.0140	0.0087	0.0116	0.0101	0.0015	0.0112	0.0039	0.0072	0.0000	0.0000	0.0000	0.0000	0.0000	0.0000	0.0000	0.0000	0.0000	0.0000	0.0000	0.0000	0.0000	0.0000	0.0000	0.0000	0.0000	0.0000											
0	98	0.0760	4	0	0	1	1	0	0	0	0	N	N	N	N	N	N	N	N	N	N	N	N	0.0000	0.0000	0.0000	0.0000	0.0000	0.0000	0.0000	0.0000	0.0000	0.0000	0.0000	0.0000	0.0000	0.0000	0.0000	0.0000	0.0000	0.0000	0.0000	0.0000	1.0000	1.0000	1.0000	0.0000	0.0000	0.0000	0.0000	0.0000	0.0000	0.0000	0.0000	0.0000	0.0000	0.0000	0.0000	0.0000	0.0000	0.0000	0.0000	0.0000	0.0000	0.0000	0.0551	0.0486	0.0064	0.0016	0.0015	0.0001	0.0535	0.0471	0.0063	0.0092	0.0042	0.0050	0.0022	0.0019	0.0003	0.0069	0.0022	0.0047	0.0000	0.0000	0.0000	0.0000	0.0000	0.0000	0.0000	0.0000	0.0000	0.0000	0.0000	0.0000	0.0000	0.0000	0.0000	0.0000	0.0000	0.0000											
0	99	0.5212	6	0	0	1	1	0	0	0	0	N	N	N	N	N	N	N	N	N	N	N	N	inf	inf	inf	inf	0.0000	0.0000	0.0000	0.0000	0.0001	0.0000	0.0000	0.0000	0.0000	0.0000	0.0000	0.0000	0.0000	0.0000	0.0000	0.0000	0.0000	0.0000	0.0000	-0.0000	0.0000	1.0000	1.5982	1.0000	11.1970	0.0000	0.0000	0.0000	0.0000	0.0000	0.0000	0.0000	0.0000	0.0000	0.0000	0.0000	0.0000	0.0000	0.0000	0.0000	0.0000	0.0000	0.0000	0.3140	0.2510	0.0629	0.2271	0.1691	0.0581	0.0868	0.0820	0.0048	0.0508	0.0299	0.0209	0.0218	0.0197	0.0021	0.0290	0.0102	0.0188	inf	inf	0.0000	inf	inf	0.0000	0.0000	0.0000	0.0000	0.0000	0.0000	0.0000	0.0000	0.0000	0.0000	0.0000	0.0000	0.0000						
0	100	0.6912	10	1	1	2	1	0	0	0	0	N	N	Y	N	N	N	N	N	N	N	N	N	0.0000	0.0000	0.0000	0.0000	0.0000	0.0000	0.0000	0.0000	0.0000	0.0000	0.0000	0.0000	0.0000	0.0000	0.0000	0.0000	0.0000	0.0000	0.0000	0.0000	1.0000	0.0000	1.0000	0.9982	0.0000	0.0000	0.0000	0.0000	0.0000	0.0000	0.0000	0.0000	0.0000	0.0000	0.0000	0.0000	0.0000	0.0000	0.0000	0.0000	0.0000	0.0000	0.0036	0.0034	0.0003	0.0030	0.0029	0.0001	0.0006	0.0005	0.0002	0.0026	0.0018	0.0008	0.0017	0.0015	0.0002	0.0010	0.0004	0.0006	0.0000	0.0000	0.0000	0.0000	0.0000	0.0000	0.0000	0.0000	0.0000	0.0000	0.0000	0.0000	0.0000	0.0000	0.0000	0.0000	0.0000	0.0000											
0	101	0.1108	7	1	1	2	1	0	0	0	0	N	N	Y	N	N	N	N	N	N	N	N	N	0.0000	0.0000	0.0000	0.0000	0.0000	0.0000	0.0000	0.0000	0.0000	0.0000	0.0000	0.0000	0.0000	0.0000	0.0000	0.0000	0.0000	0.0000	0.0000	0.0000	1.0000	0.0000	1.0000	0.0000	0.0000	0.0000	0.0000	0.0000	0.0000	0.0000	0.0000	0.0000	0.0000	0.0000	0.0000	0.0000	0.0000	0.0000	0.0000	0.0000	0.0000	0.0000	0.0000	0.0000	0.0000	0.0000	0.0000	0.0000	0.0000	0.0000	0.0000	0.0000	0.0000	0.0000	0.0000	0.0000	0.0000	0.0000	0.0000	0.0000	0.0000	0.0000	0.0000	0.0000	0.0000	0.0000	0.0000	0.0000	0.0000	0.0000	0.0000	0.0000	0.0000	0.0000	0.0000	0.0000	0.0000	0.0000											
0	102	0.1108	6	1	0	2	1	0	0	0	0	N	N	Y	N	N	N	N	N	N	N	N	N	0.0000	0.0000	0.0000	0.0000	0.0000	0.0000	0.0000	0.0000	0.0000	0.0000	0.0000	0.0000	0.0000	0.0000	0.0000	0.0000	0.0000	0.0000	0.0000	0.0000	1.0000	0.0000	1.0000	0.0000	0.0000	0.0000	0.0000	0.0000	0.0000	0.0000	0.0000	0.0000	0.0000	0.0000	0.0000	0.0000	0.0000	0.0000	0.0000	0.0000	0.0000	0.0000	0.0000	0.0000	0.0000	0.0000	0.0000	0.0000	0.0000	0.0000	0.0000	0.0000	0.0000	0.0000	0.0000	0.0000	0.0000	0.0000	0.0000	0.0000	0.0000	0.0000	0.0000	0.0000	0.0000	0.0000	0.0000	0.0000	0.0000	0.0000	0.0000	0.0000	0.0000	0.0000	0.0000	0.0000	0.0000	0.0000											
0	103	0.1047	5	1	0	2	1	0	0	0	0	N	N	Y	N	N	N	N	N	N	N	N	N	0.0000	0.0000	0.0000	0.0000	0.0000	0.0000	0.0000	0.0000	0.0000	0.0000	0.0000	0.0000	0.0000	0.0000	0.0000	0.0000	0.0000	0.0000	0.0000	0.0000	1.0000	0.0000	1.0000	1.0091	0.0000	0.0000	0.0000	0.0000	0.0000	0.0000	0.0000	0.0000	0.0000	0.0000	0.0000	0.0000	0.0000	0.0000	0.0000	0.0000	0.0000	0.0000	0.0000	0.0000	0.0000	0.0000	0.0000	0.0000	0.0000	0.0000	0.0000	0.0053	0.0020	0.0033	0.0002	0.0002	0.0000	0.0051	0.0018	0.0033	0.0000	0.0000	0.0000	0.0000	0.0000	0.0000	0.0000	0.0000	0.0000	0.0000	0.0000	0.0000	0.0000	0.0000	0.0000	0.0000	0.0000	0.0000											
0	104	0.6322	7	0	1	1	1	0	0	0	0	N	N	N	N	N	N	N	N	N	N	N	N	inf	inf	inf	inf	2.6392	2.8857	0.0000	4.8844	5.0976	0.0000	0.0000	0.0000	0.0000	0.0000	0.0000	0.0000	0.0000	0.0000	0.0000	0.0000	0.0000	0.0000	0.0000	-0.2602	0.0000	1.0000	7.9994	1.0000	4.0001	1.0000	1.0000	0.0000	1.0000	1.0000	0.0000	0.0000	0.0000	0.0000	0.0000	0.0000	0.0000	0.0000	0.0000	0.0000	0.0000	0.0000	0.0000	0.3789	0.3465	0.0324	0.2047	0.1962	0.0086	0.1742	0.1504	0.0238	0.0329	0.0203	0.0126	0.0168	0.0146	0.0022	0.0161	0.0057	0.0104	inf	inf	0.0000	inf	inf	0.0000	0.0000	0.0000	0.0000	0.0000	0.0000	0.0000	0.0000	0.0000	0.0000	0.0000	0.0000	0.0000						
0	105	0.6946	11	1	0	2	1	0	0	0	0	N	N	Y	N	N	N	N	N	N	N	N	N	0.0000	0.0000	0.0000	0.0000	0.0000	0.0000	0.0000	0.0000	0.0000	0.0000	0.0000	0.0000	0.0000	0.0000	0.0000	0.0000	0.0000	0.0000	0.0000	0.0000	1.0000	1.0000	1.0000	1.0005	0.0000	0.0000	0.0000	0.0000	0.0000	0.0000	0.0000	0.0000	0.0000	0.0000	0.0000	0.0000	0.0000	0.0000	0.0000	0.0000	0.0000	0.0000	0.0576	0.0532	0.0044	0.0340	0.0327	0.0013	0.0236	0.0205	0.0031	0.0052	0.0036	0.0016	0.0033	0.0029	0.0004	0.0019	0.0007	0.0012	0.0000	0.0000	0.0000	0.0000	0.0000	0.0000	0.0000	0.0000	0.0000	0.0000	0.0000	0.0000	0.0000	0.0000	0.0000	0.0000	0.0000	0.0000											
0	106	0.6912	10	1	0	2	1	0	0	0	0	N	N	Y	N	N	N	N	N	N	N	N	N	inf	inf	inf	inf	0.0000	0.0000	0.0000	0.0000	0.0000	0.0000	0.0000	0.0000	0.0000	0.0000	0.0000	0.0000	0.0000	0.0000	0.0000	0.0000	0.0000	0.0000	0.0000	-0.0000	0.0000	1.0000	0.7249	1.0000	0.0368	0.0000	0.0000	0.0000	0.0000	0.0000	0.0000	0.0000	0.0000	0.0000	0.0000	0.0000	0.0000	0.0000	0.0000	0.0000	0.0000	0.0000	0.0000	0.0456	0.0421	0.0035	0.0277	0.0267	0.0010	0.0178	0.0154	0.0024	0.0020	0.0014	0.0006	0.0013	0.0011	0.0002	0.0007	0.0003	0.0005	inf	inf	0.0000	inf	inf	0.0000	0.0000	0.0000	0.0000	0.0000	0.0000	0.0000	0.0000	0.0000	0.0000	0.0000	0.0000	0.0000						
0	107	0.6897	9	1	0	2	1	0	0	0	0	N	N	Y	N	N	N	N	N	N	N	N	N	inf	inf	inf	inf	inf	inf	0.0000	0.0000	0.0000	0.0000	0.0000	0.0000	0.0000	0.0000	0.0000	0.0000	0.0000	0.0000	0.0000	0.0000	0.0000	0.0000	0.0000	0.0000	0.6666	0.0000	0.0000	1.0000	0.4159	1.0000	0.0887	0.0000	0.0000	0.0000	0.0000	0.0000	0.0000	0.0000	0.0000	0.0000	0.0000	0.0000	0.0000	0.0000	0.0000	0.0000	0.0000	0.0000	0.0000	0.0279	0.0259	0.0020	0.0178	0.0171	0.0007	0.0101	0.0087	0.0013	0.0015	0.0010	0.0004	0.0009	0.0008	0.0001	0.0005	0.0002	0.0003	inf	inf	inf	inf	inf	inf	0.0000	0.0000	0.0000	0.0000	0.0000	0.0000	0.0000	0.0000	0.0000	0.0000	0.0000	0.0000				
0	108	0.6734	8	1	0	1	1	0	0	0	0	N	N	N	N	N	N	N	N	N	N	N	N	inf	inf	inf	inf	inf	inf	inf	inf	0.0069	0.0075	0.0000	0.0107	0.0111	0.0000	0.0020	0.0023	0.0000	0.0000	0.0000	0.0000	0.0000	0.0000	0.0000	0.0000	0.0000	0.0000	0.0000	-0.0004	0.0000	1.0000	3.9943	1.0000	0.9974	0.0015	0.0015	0.0000	0.0013	0.0013	0.0000	0.0002	0.0002	0.0000	0.0000	0.0000	0.0000	0.0000	0.0000	0.0000	0.0000	0.0000	0.0000	0.2119	0.1951	0.0169	0.1201	0.1155	0.0046	0.0918	0.0796	0.0122	0.0137	0.0091	0.0046	0.0083	0.0073	0.0010	0.0054	0.0017	0.0036	inf	inf	inf	inf	inf	inf	inf	inf	0.0000	0.0000	0.0000	0.0000	0.0000	0.0000	0.0000	0.0000	0.0000	0.0000		
0	109	0.1047	5	1	0	2	1	0	0	0	0	N	N	Y	N	N	N	N	N	N	N	N	N	0.0000	0.0000	0.0000	0.0000	0.0000	0.0000	0.0000	0.0000	0.0000	0.0000	0.0000	0.0000	0.0000	0.0000	0.0000	0.0000	0.0000	0.0000	0.0000	0.0000	1.0000	0.0000	1.0000	0.9909	0.0000	0.0000	0.0000	0.0000	0.0000	0.0000	0.0000	0.0000	0.0000	0.0000	0.0000	0.0000	0.0000	0.0000	0.0000	0.0000	0.0000	0.0000	0.0000	0.0000	0.0000	0.0000	0.0000	0.0000	0.0000	0.0000	0.0000	0.0052	0.0019	0.0032	0.0002	0.0002	0.0000	0.0050	0.0018	0.0032	0.0000	0.0000	0.0000	0.0000	0.0000	0.0000	0.0000	0.0000	0.0000	0.0000	0.0000	0.0000	0.0000	0.0000	0.0000	0.0000	0.0000	0.0000											
0	110	0.0760	4	1	0	2	1	0	0	0	0	N	N	Y	N	N	N	N	N	N	N	N	N	inf	inf	inf	inf	0.0001	0.0001	0.0000	0.0030	0.0033	0.0000	0.0000	0.0000	0.0000	0.0000	0.0000	0.0000	0.0000	0.0000	0.0000	0.0000	0.0000	0.0000	0.0000	-0.0000	0.0000	1.0000	4.0000	1.0000	0.0000	0.0000	0.0000	0.0000	0.0000	0.0000	0.0000	0.0000	0.0000	0.0000	0.0000	0.0000	0.0000	0.0000	0.0000	0.0000	0.0000	0.0000	0.0000	0.1096	0.0970	0.0126	0.0033	0.0031	0.0002	0.1063	0.0939	0.0124	0.0189	0.0085	0.0104	0.0045	0.0039	0.0007	0.0144	0.0047	0.0097	inf	inf	0.0000	inf	inf	0.0000	0.0000	0.0000	0.0000	0.0000	0.0000	0.0000	0.0000	0.0000	0.0000	0.0000	0.0000	0.0000						
0	112	0.6780	8	0	0	2	1	0	0	0	0	N	N	Y	N	N	N	N	N	N	N	N	N	0.0000	0.0000	0.0000	0.0000	0.0000	0.0000	0.0000	0.0000	0.0000	0.0000	0.0000	0.0000	0.0000	0.0000	0.0000	0.0000	0.0000	0.0000	0.0000	0.0000	1.0000	0.0000	1.0000	0.0001	0.0000	0.0000	0.0000	0.0000	0.0000	0.0000	0.0000	0.0000	0.0000	0.0000	0.0000	0.0000	0.0000	0.0000	0.0000	0.0000	0.0000	0.0000	0.0000	0.0000	0.0000	0.0000	0.0000	0.0000	0.0000	0.0000	0.0000	0.0000	0.0000	0.0000	0.0000	0.0000	0.0000	0.0000	0.0000	0.0000	0.0000	0.0000	0.0000	0.0000	0.0000	0.0000	0.0000	0.0000	0.0000	0.0000	0.0000	0.0000	0.0000	0.0000	0.0000	0.0000	0.0000	0.0000											
0	113	0.6322	7	0	0	2	1	0	0	0	0	N	N	Y	N	N	N	N	N	N	N	N	N	inf	inf	inf	inf	4.7655	5.2114	0.0000	8.6613	9.0506	0.0000	0.0000	0.0000	0.0000	0.0000	0.0000	0.0000	0.0000	0.0000	0.0000	0.0000	0.0000	0.0000	0.0000	-0.2602	0.0000	1.0000	4.0004	1.0000	4.9999	1.0000	1.0000	0.0000	1.0000	1.0000	0.0000	0.0000	0.0000	0.0000	0.0000	0.0000	0.0000	0.0000	0.0000	0.0000	0.0000	0.0000	0.0000	0.2098	0.1919	0.0180	0.1155	0.1105	0.0050	0.0944	0.0814	0.0130	0.0253	0.0156	0.0097	0.0129	0.0112	0.0017	0.0124	0.0044	0.0081	inf	inf	0.0000	inf	inf	0.0000	0.0000	0.0000	0.0000	0.0000	0.0000	0.0000	0.0000	0.0000	0.0000	0.0000	0.0000	0.0000						
0	114	0.0434	3	0	1	1	1	0	0	0	0	N	N	N	N	N	N	N	N	N	N	N	N	inf	inf	inf	inf	inf	inf	2.3924	3.3502	0.0000	0.0020	0.0020	0.0000	3.5775	6.2419	0.0000	0.0000	0.0000	0.0000	0.0000	0.0000	0.0000	0.0000	0.0000	0.0000	0.0000	-0.2594	0.0000	1.0000	4.3361	1.0000	4.6323	0.9970	0.9970	0.0000	0.0003	0.0003	0.0000	0.9967	0.9967	0.0000	0.0000	0.0000	0.0000	0.0000	0.0000	0.0000	0.0000	0.0000	0.0000	0.4167	0.2976	0.1191	0.1381	0.1379	0.0002	0.2786	0.1597	0.1189	0.0857	0.0438	0.0419	0.0233	0.0222	0.0011	0.0624	0.0216	0.0408	inf	inf	0.0000	inf	inf	0.0000	inf	inf	0.0000	0.0000	0.0000	0.0000	0.0000	0.0000	0.0000	0.0000	0.0000	0.0000				
0	116	0.6322	7	0	1	1	2	0	0	0	0	N	N	N	Y	N	N	N	N	N	N	N	N	inf	inf	inf	inf	0.0000	0.0000	0.0000	0.0001	0.0001	0.0000	0.0000	0.0000	0.0000	0.0000	0.0000	0.0000	0.0000	0.0000	0.0000	0.0000	0.0000	0.0000	0.0000	-0.0000	0.0000	1.0000	5.0006	1.0000	2.0000	0.0000	0.0000	0.0000	0.0000	0.0000	0.0000	0.0000	0.0000	0.0000	0.0000	0.0000	0.0000	0.0000	0.0000	0.0000	0.0000	0.0000	0.0000	0.2555	0.2336	0.0218	0.1399	0.1339	0.0060	0.1156	0.0997	0.0159	0.0201	0.0124	0.0077	0.0102	0.0089	0.0013	0.0099	0.0035	0.0064	inf	inf	0.0000	inf	inf	0.0000	0.0000	0.0000	0.0000	0.0000	0.0000	0.0000	0.0000	0.0000	0.0000	0.0000	0.0000	0.0000						
0	117	0.0760	4	0	1	1	2	0	0	0	0	N	N	N	Y	N	N	N	N	N	N	N	N	0.0000	0.0000	0.0000	0.0000	0.0000	0.0000	0.0000	0.0000	0.0000	0.0000	0.0000	0.0000	0.0000	0.0000	0.0000	0.0000	0.0000	0.0000	0.0000	0.0000	1.0000	0.0000	1.0000	1.0000	0.0000	0.0000	0.0000	0.0000	0.0000	0.0000	0.0000	0.0000	0.0000	0.0000	0.0000	0.0000	0.0000	0.0000	0.0000	0.0000	0.0000	0.0000	0.0000	0.0000	0.0000	0.0000	0.0000	0.0000	0.0000	0.0000	0.0000	0.0070	0.0032	0.0038	0.0017	0.0015	0.0002	0.0053	0.0017	0.0036	0.0000	0.0000	0.0000	0.0000	0.0000	0.0000	0.0000	0.0000	0.0000	0.0000	0.0000	0.0000	0.0000	0.0000	0.0000	0.0000	0.0000	0.0000											
0	118	0.6322	7	0	1	1	1	0	0	0	0	N	N	N	N	N	N	N	N	N	N	N	N	inf	inf	inf	inf	1.5212	1.6626	0.0000	2.9127	3.0346	0.0000	0.0000	0.0000	0.0000	0.0000	0.0000	0.0000	0.0000	0.0000	0.0000	0.0000	0.0000	0.0000	0.0000	-0.2602	0.0000	1.0000	16.9994	1.0000	6.0000	1.0000	1.0000	0.0000	1.0000	1.0000	0.0000	0.0000	0.0000	0.0000	0.0000	0.0000	0.0000	0.0000	0.0000	0.0000	0.0000	0.0000	0.0000	0.6574	0.6015	0.0559	0.3433	0.3295	0.0138	0.3141	0.2719	0.0421	0.0574	0.0355	0.0220	0.0296	0.0257	0.0039	0.0278	0.0098	0.0180	inf	inf	0.0000	inf	inf	0.0000	0.0000	0.0000	0.0000	0.0000	0.0000	0.0000	0.0000	0.0000	0.0000	0.0000	0.0000	0.0000						
0	119	0.0760	4	0	1	1	1	0	0	0	0	N	N	N	N	N	N	N	N	N	N	N	N	0.0000	0.0000	0.0000	0.0000	0.0000	0.0000	0.0000	0.0000	0.0000	0.0000	0.0000	0.0000	0.0000	0.0000	0.0000	0.0000	0.0000	0.0000	0.0000	0.0000	1.0000	5.0000	1.0000	6.0000	0.0000	0.0000	0.0000	0.0000	0.0000	0.0000	0.0000	0.0000	0.0000	0.0000	0.0000	0.0000	0.0000	0.0000	0.0000	0.0000	0.0000	0.0000	0.1319	0.1168	0.0151	0.0040	0.0037	0.0003	0.1279	0.1131	0.0148	0.0445	0.0199	0.0247	0.0098	0.0084	0.0015	0.0347	0.0115	0.0232	0.0000	0.0000	0.0000	0.0000	0.0000	0.0000	0.0000	0.0000	0.0000	0.0000	0.0000	0.0000	0.0000	0.0000	0.0000	0.0000	0.0000	0.0000											
0	120	0.1041	5	0	1	1	1	0	0	0	0	N	N	N	N	N	N	N	N	N	N	N	N	inf	inf	inf	inf	0.0008	0.0008	0.0000	0.0016	0.0017	0.0000	0.0000	0.0000	0.0000	0.0000	0.0000	0.0000	0.0000	0.0000	0.0000	0.0000	0.0000	0.0000	0.0000	-0.0000	0.0000	1.0000	0.9998	1.0000	0.9486	0.0000	0.0000	0.0000	0.0000	0.0000	0.0000	0.0000	0.0000	0.0000	0.0000	0.0000	0.0000	0.0000	0.0000	0.0000	0.0000	0.0000	0.0000	0.0267	0.0243	0.0024	0.0127	0.0121	0.0006	0.0140	0.0122	0.0018	0.0095	0.0039	0.0056	0.0017	0.0016	0.0000	0.0079	0.0023	0.0056	inf	inf	0.0000	inf	inf	0.0000	0.0000	0.0000	0.0000	0.0000	0.0000	0.0000	0.0000	0.0000	0.0000	0.0000	0.0000	0.0000						
0	121	0.0760	4	0	1	1	1	0	0	0	0	N	N	N	N	N	N	N	N	N	N	N	N	inf	inf	inf	inf	inf	inf	0.0002	0.0002	0.0000	0.0023	0.0024	0.0000	0.0001	0.0002	0.0000	0.0000	0.0000	0.0000	0.0000	0.0000	0.0000	0.0000	0.0000	0.0000	0.0000	-0.0000	0.0000	1.0000	3.0005	1.0000	1.1085	0.0000	0.0000	0.0000	0.0000	0.0000	0.0000	0.0000	0.0000	0.0000	0.0000	0.0000	0.0000	0.0000	0.0000	0.0000	0.0000	0.0000	0.0000	0.1431	0.1268	0.0163	0.0044	0.0041	0.0003	0.1388	0.1228	0.0160	0.0331	0.0148	0.0182	0.0076	0.0065	0.0011	0.0255	0.0084	0.0171	inf	inf	0.0000	inf	inf	0.0000	inf	inf	0.0000	0.0000	0.0000	0.0000	0.0000	0.0000	0.0000	0.0000	0.0000	0.0000				
0	122	0.6734	8	0	1	1	1	0	0	0	0	N	N	N	N	N	N	N	N	N	N	N	N	0.0000	0.0000	0.0000	0.0000	0.0000	0.0000	0.0000	0.0000	0.0000	0.0000	0.0000	0.0000	0.0000	0.0000	0.0000	0.0000	0.0000	0.0000	0.0000	0.0000	1.0000	2.0001	1.0000	3.0000	0.0000	0.0000	0.0000	0.0000	0.0000	0.0000	0.0000	0.0000	0.0000	0.0000	0.0000	0.0000	0.0000	0.0000	0.0000	0.0000	0.0000	0.0000	0.1126	0.1037	0.0089	0.0646	0.0621	0.0025	0.0479	0.0415	0.0064	0.0137	0.0091	0.0046	0.0083	0.0073	0.0010	0.0054	0.0018	0.0036	0.0000	0.0000	0.0000	0.0000	0.0000	0.0000	0.0000	0.0000	0.0000	0.0000	0.0000	0.0000	0.0000	0.0000	0.0000	0.0000	0.0000	0.0000											
0	123	0.6322	7	0	0	1	1	0	0	0	0	N	N	N	N	N	N	N	N	N	N	N	N	inf	inf	inf	inf	2.9392	3.2138	0.0000	5.4161	5.6541	0.0000	0.0000	0.0000	0.0000	0.0000	0.0000	0.0000	0.0000	0.0000	0.0000	0.0000	0.0000	0.0000	0.0000	-0.2599	0.0000	1.0000	6.9986	1.0000	2.0000	0.9988	0.9988	0.0000	0.9988	0.9988	0.0000	0.0000	0.0000	0.0000	0.0000	0.0000	0.0000	0.0000	0.0000	0.0000	0.0000	0.0000	0.0000	0.3398	0.3108	0.0290	0.1844	0.1766	0.0078	0.1554	0.1341	0.0213	0.0253	0.0156	0.0097	0.0129	0.0112	0.0017	0.0124	0.0044	0.0080	inf	inf	0.0000	inf	inf	0.0000	0.0000	0.0000	0.0000	0.0000	0.0000	0.0000	0.0000	0.0000	0.0000	0.0000	0.0000	0.0000						
0	124	0.1096	5	0	1	1	1	0	0	0	0	N	N	N	N	N	N	N	N	N	N	N	N	inf	inf	inf	inf	0.0010	0.0011	0.0000	0.0060	0.0063	0.0000	0.0000	0.0000	0.0000	0.0000	0.0000	0.0000	0.0000	0.0000	0.0000	0.0000	0.0000	0.0000	0.0000	-0.0001	0.0000	1.0000	3.9006	1.0000	3.1543	0.0002	0.0002	0.0000	0.0002	0.0002	0.0000	0.0000	0.0000	0.0000	0.0000	0.0000	0.0000	0.0000	0.0000	0.0000	0.0000	0.0000	0.0000	0.1971	0.1773	0.0198	0.0334	0.0319	0.0015	0.1637	0.1454	0.0182	0.0450	0.0194	0.0256	0.0118	0.0100	0.0017	0.0332	0.0093	0.0239	inf	inf	0.0000	inf	inf	0.0000	0.0000	0.0000	0.0000	0.0000	0.0000	0.0000	0.0000	0.0000	0.0000	0.0000	0.0000	0.0000						
0	125	0.0760	4	0	1	1	1	0	0	0	0	N	N	N	N	N	N	N	N	N	N	N	N	inf	inf	inf	inf	inf	inf	0.0021	0.0024	0.0000	0.0000	0.0000	0.0000	0.0022	0.0025	0.0000	0.0000	0.0000	0.0000	0.0000	0.0000	0.0000	0.0000	0.0000	0.0000	0.0000	-0.0000	0.0000	1.0000	1.6924	1.0000	1.9110	0.0002	0.0002	0.0000	0.0000	0.0000	0.0000	0.0002	0.0002	0.0000	0.0000	0.0000	0.0000	0.0000	0.0000	0.0000	0.0000	0.0000	0.0000	0.0885	0.0783	0.0103	0.0026	0.0025	0.0002	0.0859	0.0758	0.0101	0.0296	0.0133	0.0163	0.0069	0.0059	0.0010	0.0227	0.0074	0.0153	inf	inf	0.0000	inf	inf	0.0000	inf	inf	0.0000	0.0000	0.0000	0.0000	0.0000	0.0000	0.0000	0.0000	0.0000	0.0000				
0	126	0.6322	7	0	1	1	1	0	0	0	0	N	N	N	N	N	N	N	N	N	N	N	N	0.0000	0.0000	0.0000	0.0000	0.0000	0.0000	0.0000	0.0000	0.0000	0.0000	0.0000	0.0000	0.0000	0.0000	0.0000	0.0000	0.0000	0.0000	0.0000	0.0000	1.0000	0.9996	1.0000	8.0005	0.0000	0.0000	0.0000	0.0000	0.0000	0.0000	0.0000	0.0000	0.0000	0.0000	0.0000	0.0000	0.0000	0.0000	0.0000	0.0000	0.0000	0.0000	0.0569	0.0521	0.0049	0.0318	0.0304	0.0014	0.0251	0.0217	0.0035	0.0253	0.0156	0.0097	0.0129	0.0112	0.0017	0.0124	0.0044	0.0080	0.0000	0.0000	0.0000	0.0000	0.0000	0.0000	0.0000	0.0000	0.0000	0.0000	0.0000	0.0000	0.0000	0.0000	0.0000	0.0000	0.0000	0.0000											
0	127	0.5376	7	0	0	1	1	0	0	0	0	N	N	N	N	N	N	N	N	N	N	N	N	inf	inf	inf	inf	0.0000	0.0000	0.0000	0.0000	0.0000	0.0000	0.0000	0.0000	0.0000	0.0000	0.0000	0.0000	0.0000	0.0000	0.0000	0.0000	0.0000	0.0000	0.0000	-0.0000	0.0000	1.0000	3.6536	1.0000	12.3970	0.0000	0.0000	0.0000	0.0000	0.0000	0.0000	0.0000	0.0000	0.0000	0.0000	0.0000	0.0000	0.0000	0.0000	0.0000	0.0000	0.0000	0.0000	0.3878	0.3211	0.0666	0.2740	0.2165	0.0574	0.1138	0.1046	0.0092	0.0555	0.0326	0.0229	0.0236	0.0211	0.0025	0.0319	0.0115	0.0204	inf	inf	0.0000	inf	inf	0.0000	0.0000	0.0000	0.0000	0.0000	0.0000	0.0000	0.0000	0.0000	0.0000	0.0000	0.0000	0.0000						
0	128	0.3264	5	0	0	1	1	0	0	0	0	N	N	N	N	N	N	N	N	N	N	N	N	133.5271	121.1190	inf	185.4370	211.7108	inf	inf	inf	inf	0.8952	1.1613	0.0000	1.2271	1.3474	0.0000	0.4926	0.8193	0.0000	0.0067	0.0096	0.0000	0.0066	0.0064	0.0000	0.0000	0.0000	0.0000	0.0000	0.0000	-0.1168	-0.0001	1.0000	5.3495	1.0000	12.4099	0.4491	0.4491	0.0000	0.3374	0.3374	0.0000	0.1117	0.1117	0.0000	0.0001	0.0001	0.0000	0.0001	0.0001	0.0000	0.0000	0.0000	0.0000	0.5017	0.3867	0.1149	0.2750	0.2504	0.0245	0.2267	0.1363	0.0904	0.1067	0.0622	0.0445	0.0446	0.0393	0.0053	0.0621	0.0229	0.0392	955.2332	722.5563	inf	547.5080	529.8976	inf	inf	inf	inf	0.0009	0.0016	0.0000	0.0022	0.0025	0.0000	0.0000	0.0000	0.0000
0	129	0.7436	13	0	1	1	2	0	0	0	0	N	N	N	Y	N	N	N	N	N	N	N	N	0.0000	0.0000	0.0000	0.0000	0.0000	0.0000	0.0000	0.0000	0.0000	0.0000	0.0000	0.0000	0.0000	0.0000	0.0000	0.0000	0.0000	0.0000	0.0000	0.0000	1.0000	0.0000	1.0000	0.0000	0.0000	0.0000	0.0000	0.0000	0.0000	0.0000	0.0000	0.0000	0.0000	0.0000	0.0000	0.0000	0.0000	0.0000	0.0000	0.0000	0.0000	0.0000	0.0000	0.0000	0.0000	0.0000	0.0000	0.0000	0.0000	0.0000	0.0000	0.0000	0.0000	0.0000	0.0000	0.0000	0.0000	0.0000	0.0000	0.0000	0.0000	0.0000	0.0000	0.0000	0.0000	0.0000	0.0000	0.0000	0.0000	0.0000	0.0000	0.0000	0.0000	0.0000	0.0000	0.0000	0.0000	0.0000											
0	130	0.7273	12	0	1	1	2	0	0	0	0	N	N	N	Y	N	N	N	N	N	N	N	N	0.0000	0.0000	0.0000	0.0000	0.0000	0.0000	0.0000	0.0000	0.0000	0.0000	0.0000	0.0000	0.0000	0.0000	0.0000	0.0000	0.0000	0.0000	0.0000	0.0000	1.0000	0.0000	1.0000	3.0001	0.0000	0.0000	0.0000	0.0000	0.0000	0.0000	0.0000	0.0000	0.0000	0.0000	0.0000	0.0000	0.0000	0.0000	0.0000	0.0000	0.0000	0.0000	0.0000	0.0000	0.0000	0.0000	0.0000	0.0000	0.0000	0.0000	0.0000	0.0075	0.0051	0.0025	0.0046	0.0041	0.0006	0.0029	0.0010	0.0019	0.0000	0.0000	0.0000	0.0000	0.0000	0.0000	0.0000	0.0000	0.0000	0.0000	0.0000	0.0000	0.0000	0.0000	0.0000	0.0000	0.0000	0.0000											
0	131	0.7177	11	0	1	1	1	0	0	0	0	N	N	N	N	N	N	N	N	N	N	N	N	0.0000	0.0000	0.0000	0.0000	0.0000	0.0000	0.0000	0.0000	0.0000	0.0000	0.0000	0.0000	0.0000	0.0000	0.0000	0.0000	0.0000	0.0000	0.0000	0.0000	1.0000	0.0000	1.0000	0.0000	0.0000	0.0000	0.0000	0.0000	0.0000	0.0000	0.0000	0.0000	0.0000	0.0000	0.0000	0.0000	0.0000	0.0000	0.0000	0.0000	0.0000	0.0000	0.0000	0.0000	0.0000	0.0000	0.0000	0.0000	0.0000	0.0000	0.0000	0.0000	0.0000	0.0000	0.0000	0.0000	0.0000	0.0000	0.0000	0.0000	0.0000	0.0000	0.0000	0.0000	0.0000	0.0000	0.0000	0.0000	0.0000	0.0000	0.0000	0.0000	0.0000	0.0000	0.0000	0.0000	0.0000	0.0000											
0	132	0.7273	12	0	0	2	2	0	0	0	0	N	N	Y	Y	N	N	N	N	N	N	N	N	0.0000	0.0000	0.0000	0.0000	0.0000	0.0000	0.0000	0.0000	0.0000	0.0000	0.0000	0.0000	0.0000	0.0000	0.0000	0.0000	0.0000	0.0000	0.0000	0.0000	1.0000	0.0000	1.0000	1.9999	0.0000	0.0000	0.0000	0.0000	0.0000	0.0000	0.0000	0.0000	0.0000	0.0000	0.0000	0.0000	0.0000	0.0000	0.0000	0.0000	0.0000	0.0000	0.0000	0.0000	0.0000	0.0000	0.0000	0.0000	0.0000	0.0000	0.0000	0.0051	0.0034	0.0017	0.0031	0.0027	0.0004	0.0020	0.0007	0.0013	0.0000	0.0000	0.0000	0.0000	0.0000	0.0000	0.0000	0.0000	0.0000	0.0000	0.0000	0.0000	0.0000	0.0000	0.0000	0.0000	0.0000	0.0000											
0	133	0.7384	13	0	0	2	2	0	0	0	0	N	N	Y	Y	N	N	N	N	N	N	N	N	0.0000	0.0000	0.0000	0.0000	0.0000	0.0000	0.0000	0.0000	0.0000	0.0000	0.0000	0.0000	0.0000	0.0000	0.0000	0.0000	0.0000	0.0000	0.0000	0.0000	1.0000	1.0000	1.0000	0.0000	0.0000	0.0000	0.0000	0.0000	0.0000	0.0000	0.0000	0.0000	0.0000	0.0000	0.0000	0.0000	0.0000	0.0000	0.0000	0.0000	0.0000	0.0000	0.0598	0.0552	0.0046	0.0363	0.0349	0.0015	0.0235	0.0203	0.0031	0.0024	0.0016	0.0008	0.0014	0.0013	0.0002	0.0010	0.0003	0.0006	0.0000	0.0000	0.0000	0.0000	0.0000	0.0000	0.0000	0.0000	0.0000	0.0000	0.0000	0.0000	0.0000	0.0000	0.0000	0.0000	0.0000	0.0000											
0	134	0.7384	13	0	0	2	2	0	0	0	0	N	N	Y	Y	N	N	N	N	N	N	N	N	0.0000	0.0000	0.0000	0.0000	0.0000	0.0000	0.0000	0.0000	0.0000	0.0000	0.0000	0.0000	0.0000	0.0000	0.0000	0.0000	0.0000	0.0000	0.0000	0.0000	1.0000	0.0000	1.0000	0.0000	0.0000	0.0000	0.0000	0.0000	0.0000	0.0000	0.0000	0.0000	0.0000	0.0000	0.0000	0.0000	0.0000	0.0000	0.0000	0.0000	0.0000	0.0000	0.0000	0.0000	0.0000	0.0000	0.0000	0.0000	0.0000	0.0000	0.0000	0.0000	0.0000	0.0000	0.0000	0.0000	0.0000	0.0000	0.0000	0.0000	0.0000	0.0000	0.0000	0.0000	0.0000	0.0000	0.0000	0.0000	0.0000	0.0000	0.0000	0.0000	0.0000	0.0000	0.0000	0.0000	0.0000	0.0000											
0	135	0.7273	12	0	0	2	2	0	0	0	0	N	N	Y	Y	N	N	N	N	N	N	N	N	0.0000	0.0000	0.0000	0.0000	0.0000	0.0000	0.0000	0.0000	0.0000	0.0000	0.0000	0.0000	0.0000	0.0000	0.0000	0.0000	0.0000	0.0000	0.0000	0.0000	1.0000	2.0025	1.0000	0.9943	0.0000	0.0000	0.0000	0.0000	0.0000	0.0000	0.0000	0.0000	0.0000	0.0000	0.0000	0.0000	0.0000	0.0000	0.0000	0.0000	0.0000	0.0000	0.1172	0.1081	0.0091	0.0706	0.0677	0.0029	0.0466	0.0404	0.0062	0.0075	0.0051	0.0025	0.0046	0.0041	0.0006	0.0029	0.0010	0.0019	0.0000	0.0000	0.0000	0.0000	0.0000	0.0000	0.0000	0.0000	0.0000	0.0000	0.0000	0.0000	0.0000	0.0000	0.0000	0.0000	0.0000	0.0000											
0	136	0.7273	11	0	0	1	2	0	0	0	0	N	N	N	Y	N	N	N	N	N	N	N	N	0.0000	0.0000	0.0000	0.0000	0.0000	0.0000	0.0000	0.0000	0.0000	0.0000	0.0000	0.0000	0.0000	0.0000	0.0000	0.0000	0.0000	0.0000	0.0000	0.0000	1.0000	0.0050	1.0000	0.0173	0.0000	0.0000	0.0000	0.0000	0.0000	0.0000	0.0000	0.0000	0.0000	0.0000	0.0000	0.0000	0.0000	0.0000	0.0000	0.0000	0.0000	0.0000	0.0009	0.0008	0.0001	0.0008	0.0007	0.0001	0.0001	0.0001	0.0000	0.0001	0.0000	0.0000	0.0000	0.0000	0.0000	0.0000	0.0000	0.0000	0.0000	0.0000	0.0000	0.0000	0.0000	0.0000	0.0000	0.0000	0.0000	0.0000	0.0000	0.0000	0.0000	0.0000	0.0000	0.0000	0.0000	0.0000											
0	137	0.7177	10	0	0	1	2	0	0	0	0	N	N	N	Y	N	N	N	N	N	N	N	N	0.0000	0.0000	0.0000	0.0000	0.0000	0.0000	0.0000	0.0000	0.0000	0.0000	0.0000	0.0000	0.0000	0.0000	0.0000	0.0000	0.0000	0.0000	0.0000	0.0000	1.0000	1.9972	1.0000	1.0076	0.0000	0.0000	0.0000	0.0000	0.0000	0.0000	0.0000	0.0000	0.0000	0.0000	0.0000	0.0000	0.0000	0.0000	0.0000	0.0000	0.0000	0.0000	0.1034	0.0949	0.0084	0.0575	0.0552	0.0023	0.0459	0.0397	0.0061	0.0071	0.0049	0.0022	0.0047	0.0041	0.0006	0.0024	0.0008	0.0016	0.0000	0.0000	0.0000	0.0000	0.0000	0.0000	0.0000	0.0000	0.0000	0.0000	0.0000	0.0000	0.0000	0.0000	0.0000	0.0000	0.0000	0.0000											
0	138	0.7004	9	1	1	1	1	0	0	0	0	N	N	N	N	N	N	N	N	N	N	N	N	0.0000	0.0000	0.0000	0.0000	0.0000	0.0000	0.0000	0.0000	0.0000	0.0000	0.0000	0.0000	0.0000	0.0000	0.0000	0.0000	0.0000	0.0000	0.0000	0.0000	1.0000	0.0002	1.0000	2.3255	0.0000	0.0000	0.0000	0.0000	0.0000	0.0000	0.0000	0.0000	0.0000	0.0000	0.0000	0.0000	0.0000	0.0000	0.0000	0.0000	0.0000	0.0000	0.0001	0.0000	0.0000	0.0000	0.0000	0.0000	0.0000	0.0000	0.0000	0.0099	0.0065	0.0033	0.0054	0.0049	0.0005	0.0044	0.0016	0.0029	0.0000	0.0000	0.0000	0.0000	0.0000	0.0000	0.0000	0.0000	0.0000	0.0000	0.0000	0.0000	0.0000	0.0000	0.0000	0.0000	0.0000	0.0000											
0	139	0.6825	8	1	1	1	1	0	0	0	0	N	N	N	N	N	N	N	N	N	N	N	N	0.0000	0.0000	0.0000	0.0000	0.0000	0.0000	0.0000	0.0000	0.0000	0.0000	0.0000	0.0000	0.0000	0.0000	0.0000	0.0000	0.0000	0.0000	0.0000	0.0000	1.0000	2.0138	1.0000	2.7349	0.0000	0.0000	0.0000	0.0000	0.0000	0.0000	0.0000	0.0000	0.0000	0.0000	0.0000	0.0000	0.0000	0.0000	0.0000	0.0000	0.0000	0.0000	0.1134	0.1040	0.0094	0.0640	0.0614	0.0026	0.0494	0.0426	0.0068	0.0171	0.0108	0.0063	0.0092	0.0083	0.0009	0.0079	0.0025	0.0054	0.0000	0.0000	0.0000	0.0000	0.0000	0.0000	0.0000	0.0000	0.0000	0.0000	0.0000	0.0000	0.0000	0.0000	0.0000	0.0000	0.0000	0.0000											
0	140	0.6991	9	0	1	1	1	0	0	0	0	N	N	N	N	N	N	N	N	N	N	N	N	inf	inf	inf	inf	0.0014	0.0015	0.0000	0.0020	0.0021	0.0000	0.0000	0.0000	0.0000	0.0000	0.0000	0.0000	0.0000	0.0000	0.0000	0.0000	0.0000	0.0000	0.0000	-0.0001	0.0000	1.0000	1.9232	1.0000	1.1116	0.0003	0.0003	0.0000	0.0003	0.0003	0.0000	0.0000	0.0000	0.0000	0.0000	0.0000	0.0000	0.0000	0.0000	0.0000	0.0000	0.0000	0.0000	0.1821	0.1706	0.0115	0.1299	0.1252	0.0047	0.0523	0.0454	0.0069	0.0075	0.0051	0.0023	0.0048	0.0042	0.0006	0.0026	0.0009	0.0017	inf	inf	0.0000	inf	inf	0.0000	0.0000	0.0000	0.0000	0.0000	0.0000	0.0000	0.0000	0.0000	0.0000	0.0000	0.0000	0.0000						
0	141	0.0953	5	0	1	1	1	0	0	0	0	N	N	N	N	N	N	N	N	N	N	N	N	inf	inf	inf	inf	6.5385	7.3295	0.0000	50.9354	53.7375	0.0000	0.0000	0.0000	0.0000	0.0000	0.0000	0.0000	0.0000	0.0000	0.0000	0.0000	0.0000	0.0000	0.0000	-0.2602	0.0000	1.0000	3.0000	1.0000	1.0000	1.0000	1.0000	0.0000	1.0000	1.0000	0.0000	0.0000	0.0000	0.0000	0.0000	0.0000	0.0000	0.0000	0.0000	0.0000	0.0000	0.0000	0.0000	0.1529	0.1364	0.0165	0.0196	0.0186	0.0010	0.1333	0.1178	0.0155	0.0303	0.0145	0.0158	0.0074	0.0064	0.0011	0.0228	0.0082	0.0147	inf	inf	0.0000	inf	inf	0.0000	0.0000	0.0000	0.0000	0.0000	0.0000	0.0000	0.0000	0.0000	0.0000	0.0000	0.0000	0.0000						
0	142	0.0760	4	0	0	1	1	0	0	0	0	N	N	N	N	N	N	N	N	N	N	N	N	inf	inf	inf	inf	18.1514	20.5551	0.0000	0.0000	0.0000	0.0000	18.6995	21.2117	0.0000	0.0000	0.0000	0.0000	0.0000	0.0000	0.0000	0.0000	0.0000	0.0000	0.0000	-0.2602	0.0000	1.0000	1.0000	1.0000	1.0000	1.0000	1.0000	0.0000	0.0000	0.0000	0.0000	1.0000	1.0000	0.0000	0.0000	0.0000	0.0000	0.0000	0.0000	0.0000	0.0000	0.0000	0.0000	0.0551	0.0486	0.0064	0.0016	0.0015	0.0001	0.0535	0.0471	0.0063	0.0176	0.0079	0.0096	0.0042	0.0036	0.0006	0.0134	0.0043	0.0090	inf	inf	0.0000	0.0000	0.0000	0.0000	inf	inf	0.0000	0.0000	0.0000	0.0000	0.0000	0.0000	0.0000	0.0000	0.0000	0.0000						
0	145	0.7177	11	1	1	1	1	0	0	0	0	N	N	N	N	N	N	N	N	N	N	N	N	0.0000	0.0000	0.0000	0.0000	0.0000	0.0000	0.0000	0.0000	0.0000	0.0000	0.0000	0.0000	0.0000	0.0000	0.0000	0.0000	0.0000	0.0000	0.0000	0.0000	1.0000	1.0000	1.0000	1.0000	0.0000	0.0000	0.0000	0.0000	0.0000	0.0000	0.0000	0.0000	0.0000	0.0000	0.0000	0.0000	0.0000	0.0000	0.0000	0.0000	0.0000	0.0000	0.0531	0.0488	0.0043	0.0297	0.0285	0.0012	0.0235	0.0203	0.0031	0.0047	0.0033	0.0015	0.0031	0.0027	0.0004	0.0016	0.0005	0.0011	0.0000	0.0000	0.0000	0.0000	0.0000	0.0000	0.0000	0.0000	0.0000	0.0000	0.0000	0.0000	0.0000	0.0000	0.0000	0.0000	0.0000	0.0000											
0	146	0.7177	10	0	1	1	1	0	0	0	0	N	N	N	N	N	N	N	N	N	N	N	N	0.0000	0.0000	0.0000	0.0000	0.0000	0.0000	0.0000	0.0000	0.0000	0.0000	0.0000	0.0000	0.0000	0.0000	0.0000	0.0000	0.0000	0.0000	0.0000	0.0000	1.0000	0.0003	1.0000	0.0000	0.0000	0.0000	0.0000	0.0000	0.0000	0.0000	0.0000	0.0000	0.0000	0.0000	0.0000	0.0000	0.0000	0.0000	0.0000	0.0000	0.0000	0.0000	0.0001	0.0001	0.0000	0.0001	0.0001	0.0000	0.0000	0.0000	0.0000	0.0000	0.0000	0.0000	0.0000	0.0000	0.0000	0.0000	0.0000	0.0000	0.0000	0.0000	0.0000	0.0000	0.0000	0.0000	0.0000	0.0000	0.0000	0.0000	0.0000	0.0000	0.0000	0.0000	0.0000	0.0000	0.0000	0.0000											
0	147	0.6991	9	0	0	1	1	0	0	0	0	N	N	N	N	N	N	N	N	N	N	N	N	inf	inf	inf	inf	0.0009	0.0009	0.0000	0.0014	0.0014	0.0000	0.0000	0.0000	0.0000	0.0000	0.0000	0.0000	0.0000	0.0000	0.0000	0.0000	0.0000	0.0000	0.0000	-0.0001	0.0000	1.0000	4.9449	1.0000	1.0063	0.0003	0.0003	0.0000	0.0003	0.0003	0.0000	0.0000	0.0000	0.0000	0.0000	0.0000	0.0000	0.0000	0.0000	0.0000	0.0000	0.0000	0.0000	0.3113	0.2883	0.0230	0.1964	0.1886	0.0077	0.1150	0.0997	0.0152	0.0141	0.0097	0.0044	0.0091	0.0080	0.0011	0.0050	0.0017	0.0033	inf	inf	0.0000	inf	inf	0.0000	0.0000	0.0000	0.0000	0.0000	0.0000	0.0000	0.0000	0.0000	0.0000	0.0000	0.0000	0.0000						
0	148	0.6825	8	0	0	1	1	0	0	0	0	N	N	N	N	N	N	N	N	N	N	N	N	inf	inf	inf	inf	inf	inf	1.2542	1.3695	0.0000	2.2974	2.3922	0.0000	0.0167	0.0194	0.0000	0.0000	0.0000	0.0000	0.0000	0.0000	0.0000	0.0000	0.0000	0.0000	0.0000	-0.0588	0.0000	1.0000	3.4778	1.0000	1.2917	0.2261	0.2261	0.0000	0.2247	0.2247	0.0000	0.0014	0.0014	0.0000	0.0000	0.0000	0.0000	0.0000	0.0000	0.0000	0.0000	0.0000	0.0000	0.1802	0.1651	0.0152	0.0978	0.0939	0.0039	0.0824	0.0711	0.0113	0.0172	0.0108	0.0064	0.0092	0.0083	0.0009	0.0080	0.0025	0.0054	inf	inf	0.0000	inf	inf	0.0000	inf	inf	0.0000	0.0000	0.0000	0.0000	0.0000	0.0000	0.0000	0.0000	0.0000	0.0000				
0	149	0.6322	7	0	0	1	1	0	0	0	0	N	N	N	N	N	N	N	N	N	N	N	N	inf	inf	inf	inf	inf	inf	2.1229	2.3208	0.0038	3.9256	4.0966	0.0143	0.0000	0.0000	0.0000	0.0000	0.0000	0.0000	0.0000	0.0000	0.0000	0.0000	0.0000	0.0000	0.0002	-0.2051	0.0000	1.0000	7.8050	1.0000	4.0035	0.7886	0.7885	0.0001	0.7886	0.7885	0.0001	0.0000	0.0000	0.0000	0.0000	0.0000	0.0000	0.0000	0.0000	0.0000	0.0000	0.0000	0.0000	0.3715	0.3397	0.0317	0.2009	0.1925	0.0084	0.1706	0.1473	0.0233	0.0324	0.0200	0.0124	0.0166	0.0144	0.0022	0.0159	0.0056	0.0103	inf	inf	inf	inf	inf	inf	0.0000	0.0000	0.0000	0.0000	0.0000	0.0000	0.0000	0.0000	0.0000	0.0000	0.0000	0.0000				
0	150	0.5376	7	0	0	1	1	0	0	0	0	N	N	N	N	N	N	N	N	N	N	N	N	inf	inf	inf	inf	0.0000	0.0000	0.0000	0.0000	0.0000	0.0000	0.0000	0.0000	0.0000	0.0000	0.0000	0.0000	0.0000	0.0000	0.0000	0.0000	0.0000	0.0000	0.0000	-0.0000	0.0000	1.0000	3.7255	1.0000	14.1767	0.0000	0.0000	0.0000	0.0000	0.0000	0.0000	0.0000	0.0000	0.0000	0.0000	0.0000	0.0000	0.0000	0.0000	0.0000	0.0000	0.0000	0.0000	0.3901	0.3234	0.0668	0.2754	0.2180	0.0574	0.1147	0.1054	0.0094	0.0597	0.0349	0.0247	0.0253	0.0225	0.0028	0.0344	0.0124	0.0220	inf	inf	0.0000	inf	inf	0.0000	0.0000	0.0000	0.0000	0.0000	0.0000	0.0000	0.0000	0.0000	0.0000	0.0000	0.0000	0.0000						
0	151	0.5212	6	0	0	1	1	0	0	0	0	N	N	N	N	N	N	N	N	N	N	N	N	inf	inf	inf	inf	0.0001	0.0001	0.0000	0.0001	0.0001	0.0000	0.0000	0.0000	0.0000	0.0000	0.0000	0.0000	0.0000	0.0000	0.0000	0.0000	0.0000	0.0000	0.0000	-0.0000	0.0000	1.0000	1.4205	1.0000	4.0377	0.0000	0.0000	0.0000	0.0000	0.0000	0.0000	0.0000	0.0000	0.0000	0.0000	0.0000	0.0000	0.0000	0.0000	0.0000	0.0000	0.0000	0.0000	0.3074	0.2448	0.0626	0.2231	0.1649	0.0582	0.0843	0.0799	0.0044	0.0322	0.0196	0.0126	0.0145	0.0135	0.0010	0.0176	0.0061	0.0116	inf	inf	0.0000	inf	inf	0.0000	0.0000	0.0000	0.0000	0.0000	0.0000	0.0000	0.0000	0.0000	0.0000	0.0000	0.0000	0.0000						
1	2	0.0483	2	0	0	1	2	0	0	0	0	N	N	N	Y	N	N	N	N	N	N	N	N	0.0000	0.0000	0.0000	0.0000	0.0000	0.0000	0.0000	0.0000	0.0000	0.0000	0.0000	0.0000	0.0000	0.0000	0.0000	0.0000	0.0000	0.0000	0.0000	-0.0000	2.0000	0.0000	5.0844	0.0000	0.0000	0.0000	0.0000	0.0000	0.0000	0.0000	0.0000	0.0000	0.0000	0.0000	0.0000	0.0000	0.0000	0.0000	0.0000	0.0000	0.0000	0.0000	0.0000	0.0000	0.0000	0.0000	0.0000	0.0000	0.0000	0.0000	0.0000	0.0000	0.0000	0.0000	0.0000	0.0000	0.0000	0.0000	0.0000	0.0000	0.0000	0.0000	0.0000	0.0000	0.0000	0.0000	0.0000	0.0000	0.0000	0.0000	0.0000	0.0000	0.0000	0.0000	0.0000	0.0000	0.0000	0.0000											
1	3	0.7157	11	0	0	1	2	0	0	0	0	N	N	N	Y	N	N	N	N	N	N	N	N	0.0000	0.0000	0.0000	0.0000	0.0000	0.0000	0.0000	0.0000	0.0000	0.0000	0.0000	0.0000	0.0000	0.0000	0.0000	0.0000	0.0000	0.0000	0.0000	0.0000	2.0000	0.0011	5.0844	0.9873	0.0000	0.0000	0.0000	0.0000	0.0000	0.0000	0.0000	0.0000	0.0000	0.0000	0.0000	0.0000	0.0000	0.0000	0.0000	0.0000	0.0000	0.0000	0.0002	0.0002	0.0000	0.0002	0.0002	0.0000	0.0001	0.0000	0.0000	0.0131	0.0076	0.0054	0.0054	0.0050	0.0004	0.0076	0.0026	0.0050	0.0000	0.0000	0.0000	0.0000	0.0000	0.0000	0.0000	0.0000	0.0000	0.0000	0.0000	0.0000	0.0000	0.0000	0.0000	0.0000	0.0000	0.0000											
1	4	0.1335	8	1	0	2	1	0	0	0	0	N	N	Y	N	N	N	N	N	N	N	N	N	0.0000	0.0000	0.0000	0.0000	0.0000	0.0000	0.0000	0.0000	0.0000	0.0000	0.0000	0.0000	0.0000	0.0000	0.0000	0.0000	0.0000	0.0000	0.0000	0.0000	2.0000	0.0000	5.0844	0.0000	0.0000	0.0000	0.0000	0.0000	0.0000	0.0000	0.0000	0.0000	0.0000	0.0000	0.0000	0.0000	0.0000	0.0000	0.0000	0.0000	0.0000	0.0000	0.0000	0.0000	0.0000	0.0000	0.0000	0.0000	0.0000	0.0000	0.0000	0.0000	0.0000	0.0000	0.0000	0.0000	0.0000	0.0000	0.0000	0.0000	0.0000	0.0000	0.0000	0.0000	0.0000	0.0000	0.0000	0.0000	0.0000	0.0000	0.0000	0.0000	0.0000	0.0000	0.0000	0.0000	0.0000	0.0000											
1	5	0.6619	8	1	0	2	1	0	0	0	0	N	N	Y	N	N	N	N	N	N	N	N	N	0.0000	0.0000	0.0000	0.0000	0.0000	0.0000	0.0000	0.0000	0.0000	0.0000	0.0000	0.0000	0.0000	0.0000	0.0000	0.0000	0.0000	0.0000	0.0000	0.0000	2.0000	0.0000	5.0844	2.0000	0.0000	0.0000	0.0000	0.0000	0.0000	0.0000	0.0000	0.0000	0.0000	0.0000	0.0000	0.0000	0.0000	0.0000	0.0000	0.0000	0.0000	0.0000	0.0000	0.0000	0.0000	0.0000	0.0000	0.0000	0.0000	0.0000	0.0000	0.0244	0.0140	0.0104	0.0117	0.0102	0.0015	0.0127	0.0038	0.0089	0.0000	0.0000	0.0000	0.0000	0.0000	0.0000	0.0000	0.0000	0.0000	0.0000	0.0000	0.0000	0.0000	0.0000	0.0000	0.0000	0.0000	0.0000											
1	6	0.0710	3	0	1	1	1	0	0	0	0	N	N	N	N	N	N	N	N	N	N	N	N	inf	inf	inf	inf	4.5031	5.1319	0.0000	0.0000	0.0000	0.0000	4.6909	5.3614	0.0000	0.0000	0.0000	0.0000	0.0000	0.0000	0.0000	0.0000	0.0000	0.0000	0.0000	-0.2602	0.0000	2.0000	2.9996	5.0844	1.0000	1.0000	1.0000	0.0000	0.0000	0.0000	0.0000	1.0000	1.0000	0.0000	0.0000	0.0000	0.0000	0.0000	0.0000	0.0000	0.0000	0.0000	0.0000	0.2221	0.1949	0.0272	0.0089	0.0083	0.0006	0.2132	0.1865	0.0267	0.0947	0.0507	0.0440	0.0044	0.0044	0.0000	0.0903	0.0463	0.0440	inf	inf	0.0000	0.0000	0.0000	0.0000	inf	inf	0.0000	0.0000	0.0000	0.0000	0.0000	0.0000	0.0000	0.0000	0.0000	0.0000						
1	7	0.6607	7	0	1	1	1	0	0	0	0	N	N	N	N	N	N	N	N	N	N	N	N	0.0000	0.0000	0.0000	0.0000	0.0000	0.0000	0.0000	0.0000	0.0000	0.0000	0.0000	0.0000	0.0000	0.0000	0.0000	0.0000	0.0000	0.4609	0.5875	0.0145	0.4208	0.3019	0.1510	0.0006	0.0000	0.0009	0.4762	-0.0000	-0.0001	2.0000	1.4589	5.0844	1.1370	0.0000	0.0000	0.0000	0.0000	0.0000	0.0000	0.0000	0.0000	0.0000	0.0003	0.0002	0.0001	0.0003	0.0002	0.0001	0.0000	0.0000	0.0000	0.1928	0.1775	0.0153	0.1587	0.1489	0.0098	0.0341	0.0286	0.0055	0.0302	0.0168	0.0134	0.0121	0.0104	0.0017	0.0180	0.0064	0.0116	0.0000	0.0000	0.0000	0.0000	0.0000	0.0000	0.0000	0.0000	0.0000	0.0103	0.0125	0.0075	0.0247	0.0202	0.0521	0.0006	0.0000	0.0009		
1	8	0.6802	10	0	0	2	2	0	0	0	0	N	N	Y	Y	N	N	N	N	N	N	N	N	0.0000	0.0000	0.0000	0.0000	0.0000	0.0000	0.0000	0.0000	0.0000	0.0000	0.0000	0.0000	0.0000	0.0000	0.0000	0.0000	0.0000	0.0000	0.0000	0.0000	2.0000	0.0000	5.0844	0.0000	0.0000	0.0000	0.0000	0.0000	0.0000	0.0000	0.0000	0.0000	0.0000	0.0000	0.0000	0.0000	0.0000	0.0000	0.0000	0.0000	0.0000	0.0000	0.0000	0.0000	0.0000	0.0000	0.0000	0.0000	0.0000	0.0000	0.0000	0.0000	0.0000	0.0000	0.0000	0.0000	0.0000	0.0000	0.0000	0.0000	0.0000	0.0000	0.0000	0.0000	0.0000	0.0000	0.0000	0.0000	0.0000	0.0000	0.0000	0.0000	0.0000	0.0000	0.0000	0.0000	0.0000	0.0000											
1	9	0.0525	3	0	0	2	2	0	0	0	0	N	N	Y	Y	N	N	N	N	N	N	N	N	0.0000	0.0000	0.0000	0.0000	0.0000	0.0000	0.0000	0.0000	0.0000	0.0000	0.0000	0.0000	0.0000	0.0027	0.0052	0.0000	0.0051	0.0066	0.0000	0.0000	0.0000	0.0000	0.0000	0.0000	-0.0000	2.0000	0.0000	5.0844	2.0000	0.0000	0.0000	0.0000	0.0000	0.0000	0.0000	0.0000	0.0000	0.0000	0.0000	0.0000	0.0000	0.0000	0.0000	0.0000	0.0000	0.0000	0.0000	0.0000	0.0000	0.0000	0.0000	0.0000	0.0000	0.0000	0.0000	0.0000	0.0506	0.0282	0.0225	0.0153	0.0114	0.0039	0.0353	0.0167	0.0186	0.0000	0.0000	0.0000	0.0000	0.0000	0.0000	0.0000	0.0000	0.0000	0.0006	0.0011	0.0000	0.0020	0.0026	0.0000	0.0000	0.0000	0.0000						
1	10	0.6552	7	1	1	1	1	0	0	0	0	N	N	N	N	N	N	N	N	N	N	N	N	0.0000	0.0000	0.0000	0.0000	0.0000	0.0000	0.0001	0.0001	0.0000	0.0001	0.0001	0.0000	0.0000	0.0000	0.0000	32.0632	59.3652	0.0000	73.0197	84.1476	0.0000	0.0125	0.5586	0.0000	0.0000	0.0000	-0.0000	-0.5128	2.0000	0.0266	5.0844	2.0614	0.0000	0.0000	0.0000	0.0000	0.0000	0.0000	0.0000	0.0000	0.0000	0.9825	0.9825	0.0000	0.9825	0.9825	0.0000	0.0000	0.0000	0.0000	0.0044	0.0039	0.0005	0.0038	0.0033	0.0004	0.0007	0.0006	0.0001	0.0306	0.0166	0.0141	0.0135	0.0117	0.0018	0.0172	0.0049	0.0123	0.0000	0.0000	0.0000	0.0000	0.0000	0.0000	0.0000	0.0000	0.0000	32.0632	59.3652	0.0000	73.0197	84.1476	0.0000	0.0023	0.0082	0.0000			
1	11	0.1123	4	1	1	1	1	0	0	0	0	N	N	N	N	N	N	N	N	N	N	N	N	inf	inf	inf	inf	2.4441	2.7185	0.0000	5.2477	5.5949	0.0000	0.0000	0.0000	0.0000	0.0000	0.0000	0.0000	0.0000	0.0000	0.0000	0.0000	0.0000	0.0000	0.0000	-0.2602	0.0000	2.0000	6.9996	5.0844	1.0001	1.0000	1.0000	0.0000	1.0000	1.0000	0.0000	0.0000	0.0000	0.0000	0.0000	0.0000	0.0000	0.0000	0.0000	0.0000	0.0000	0.0000	0.0000	0.4091	0.3679	0.0413	0.1906	0.1787	0.0118	0.2186	0.1891	0.0295	0.1042	0.0490	0.0552	0.0093	0.0092	0.0001	0.0950	0.0398	0.0551	inf	inf	0.0000	inf	inf	0.0000	0.0000	0.0000	0.0000	0.0000	0.0000	0.0000	0.0000	0.0000	0.0000	0.0000	0.0000	0.0000						
1	12	0.6558	7	1	0	2	1	0	0	0	0	N	N	Y	N	N	N	N	N	N	N	N	N	0.0000	0.0000	0.0000	0.0000	0.0000	0.0000	0.0000	0.0000	0.0000	0.0000	0.0000	0.0000	0.0000	0.0000	0.0000	0.0000	0.0000	0.0000	0.0000	0.0000	2.0000	0.0000	5.0844	1.0091	0.0000	0.0000	0.0000	0.0000	0.0000	0.0000	0.0000	0.0000	0.0000	0.0000	0.0000	0.0000	0.0000	0.0000	0.0000	0.0000	0.0000	0.0000	0.0000	0.0000	0.0000	0.0000	0.0000	0.0000	0.0000	0.0000	0.0000	0.0125	0.0071	0.0053	0.0060	0.0052	0.0008	0.0065	0.0019	0.0046	0.0000	0.0000	0.0000	0.0000	0.0000	0.0000	0.0000	0.0000	0.0000	0.0000	0.0000	0.0000	0.0000	0.0000	0.0000	0.0000	0.0000	0.0000											
1	13	0.1335	8	1	0	2	1	0	0	0	0	N	N	Y	N	N	N	N	N	N	N	N	N	0.0000	0.0000	0.0000	0.0000	0.0000	0.0000	0.0000	0.0000	0.0000	0.0000	0.0000	0.0000	0.0000	0.0000	0.0000	0.0000	0.0000	0.0000	0.0000	0.0000	2.0000	0.0000	5.0844	0.0000	0.0000	0.0000	0.0000	0.0000	0.0000	0.0000	0.0000	0.0000	0.0000	0.0000	0.0000	0.0000	0.0000	0.0000	0.0000	0.0000	0.0000	0.0000	0.0000	0.0000	0.0000	0.0000	0.0000	0.0000	0.0000	0.0000	0.0000	0.0000	0.0000	0.0000	0.0000	0.0000	0.0000	0.0000	0.0000	0.0000	0.0000	0.0000	0.0000	0.0000	0.0000	0.0000	0.0000	0.0000	0.0000	0.0000	0.0000	0.0000	0.0000	0.0000	0.0000	0.0000	0.0000	0.0000											
1	14	0.1335	7	1	0	2	1	0	0	0	0	N	N	Y	N	N	N	N	N	N	N	N	N	0.0000	0.0000	0.0000	0.0000	0.0000	0.0000	0.0000	0.0000	0.0000	0.0000	0.0000	0.0000	0.0000	0.0000	0.0000	0.0000	0.0000	0.0000	0.0000	0.0000	2.0000	0.0000	5.0844	0.0000	0.0000	0.0000	0.0000	0.0000	0.0000	0.0000	0.0000	0.0000	0.0000	0.0000	0.0000	0.0000	0.0000	0.0000	0.0000	0.0000	0.0000	0.0000	0.0000	0.0000	0.0000	0.0000	0.0000	0.0000	0.0000	0.0000	0.0000	0.0000	0.0000	0.0000	0.0000	0.0000	0.0000	0.0000	0.0000	0.0000	0.0000	0.0000	0.0000	0.0000	0.0000	0.0000	0.0000	0.0000	0.0000	0.0000	0.0000	0.0000	0.0000	0.0000	0.0000	0.0000	0.0000	0.0000											
1	15	0.6756	8	1	1	1	2	0	0	0	0	N	N	N	Y	N	N	N	N	N	N	N	N	50.0772	418.9933	0.0010	76.6584	876.9223	0.0000	0.0051	0.0327	9.6169	10.6182	0.0000	12.6749	13.6884	0.0000	0.0000	0.0000	0.0000	0.1920	0.0253	0.0145	0.1653	0.0156	0.1663	0.0011	0.0000	0.0011	0.0000	2.6668	-0.2597	0.0000	2.0000	1.0049	5.0844	0.9915	0.9983	0.9983	0.0000	0.9983	0.9983	0.0000	0.0000	0.0000	0.0000	0.0001	0.0000	0.0001	0.0001	0.0000	0.0001	0.0000	0.0000	0.0000	0.1038	0.0940	0.0098	0.0788	0.0729	0.0058	0.0250	0.0211	0.0040	0.0218	0.0112	0.0107	0.0080	0.0068	0.0012	0.0139	0.0044	0.0095	1910.2526	3955.3279	0.0019	1011.4273	3087.2764	0.0000	0.0076	0.0000	0.0327	0.0050	0.0027	0.0075	0.0125	0.0044	0.0577	0.0007	0.0000	0.0011	
1	16	0.1662	7	1	1	1	2	0	0	0	0	N	N	N	Y	N	N	N	N	N	N	N	N	0.0000	0.0000	0.0000	0.0000	0.0000	0.0000	0.0000	0.0000	0.0000	0.0000	0.0000	0.0000	0.0000	0.0000	0.0000	0.0000	0.0000	0.0000	0.0000	0.0000	2.0000	2.0025	5.0844	0.0085	0.0000	0.0000	0.0000	0.0000	0.0000	0.0000	0.0000	0.0000	0.0000	0.0000	0.0000	0.0000	0.0000	0.0000	0.0000	0.0000	0.0000	0.0000	0.1300	0.1157	0.0143	0.0676	0.0621	0.0055	0.0624	0.0536	0.0088	0.0234	0.0106	0.0128	0.0027	0.0027	0.0000	0.0207	0.0079	0.0128	0.0000	0.0000	0.0000	0.0000	0.0000	0.0000	0.0000	0.0000	0.0000	0.0000	0.0000	0.0000	0.0000	0.0000	0.0000	0.0000	0.0000	0.0000											
1	17	0.6619	9	1	0	2	1	0	0	0	0	N	N	Y	N	N	N	N	N	N	N	N	N	0.0000	0.0000	0.0000	0.0000	0.0000	0.0000	0.0000	0.0000	0.0000	0.0000	0.0000	0.0000	0.0000	0.0000	0.0000	0.0000	0.0000	0.0000	0.0000	0.0000	2.0000	0.0000	5.0844	0.0000	0.0000	0.0000	0.0000	0.0000	0.0000	0.0000	0.0000	0.0000	0.0000	0.0000	0.0000	0.0000	0.0000	0.0000	0.0000	0.0000	0.0000	0.0000	0.0000	0.0000	0.0000	0.0000	0.0000	0.0000	0.0000	0.0000	0.0000	0.0000	0.0000	0.0000	0.0000	0.0000	0.0000	0.0000	0.0000	0.0000	0.0000	0.0000	0.0000	0.0000	0.0000	0.0000	0.0000	0.0000	0.0000	0.0000	0.0000	0.0000	0.0000	0.0000	0.0000	0.0000	0.0000	0.0000											
1	18	0.1169	4	0	0	2	1	0	0	0	0	N	N	Y	N	N	N	N	N	N	N	N	N	0.0000	0.0000	0.0000	0.0000	0.0000	0.0000	0.0000	0.0000	0.0000	0.0000	0.0000	0.0000	0.0000	0.0000	0.0000	0.0000	0.0000	0.0000	0.0000	0.0000	2.0000	0.0000	5.0844	0.0000	0.0000	0.0000	0.0000	0.0000	0.0000	0.0000	0.0000	0.0000	0.0000	0.0000	0.0000	0.0000	0.0000	0.0000	0.0000	0.0000	0.0000	0.0000	0.0000	0.0000	0.0000	0.0000	0.0000	0.0000	0.0000	0.0000	0.0000	0.0000	0.0000	0.0000	0.0000	0.0000	0.0000	0.0000	0.0000	0.0000	0.0000	0.0000	0.0000	0.0000	0.0000	0.0000	0.0000	0.0000	0.0000	0.0000	0.0000	0.0000	0.0000	0.0000	0.0000	0.0000	0.0000	0.0000											
1	19	0.6272	6	1	1	1	1	0	0	0	0	N	N	N	N	N	N	N	N	N	N	N	N	0.0000	0.0000	0.0000	0.0000	0.0000	0.0000	0.0000	0.0000	0.0000	0.0000	0.0000	0.0000	0.0000	0.0000	0.0000	0.0000	0.0000	0.0000	0.0000	0.0000	2.0000	3.0000	5.0844	0.0000	0.0000	0.0000	0.0000	0.0000	0.0000	0.0000	0.0000	0.0000	0.0000	0.0000	0.0000	0.0000	0.0000	0.0000	0.0000	0.0000	0.0000	0.0000	0.1315	0.1189	0.0126	0.0940	0.0873	0.0067	0.0374	0.0316	0.0059	0.0175	0.0090	0.0085	0.0064	0.0054	0.0010	0.0111	0.0035	0.0075	0.0000	0.0000	0.0000	0.0000	0.0000	0.0000	0.0000	0.0000	0.0000	0.0000	0.0000	0.0000	0.0000	0.0000	0.0000	0.0000	0.0000	0.0000											
1	20	0.6496	7	0	1	1	1	0	0	0	0	N	N	N	N	N	N	N	N	N	N	N	N	0.0000	0.0000	0.0000	0.0000	0.0000	0.0000	0.0000	0.0000	0.0000	0.0000	0.0000	0.0000	0.0000	0.0000	0.0000	0.0000	0.0000	0.0000	0.0000	0.0000	2.0000	0.0000	5.0844	1.0000	0.0000	0.0000	0.0000	0.0000	0.0000	0.0000	0.0000	0.0000	0.0000	0.0000	0.0000	0.0000	0.0000	0.0000	0.0000	0.0000	0.0000	0.0000	0.0000	0.0000	0.0000	0.0000	0.0000	0.0000	0.0000	0.0000	0.0000	0.0123	0.0071	0.0052	0.0059	0.0052	0.0008	0.0063	0.0019	0.0044	0.0000	0.0000	0.0000	0.0000	0.0000	0.0000	0.0000	0.0000	0.0000	0.0000	0.0000	0.0000	0.0000	0.0000	0.0000	0.0000	0.0000	0.0000											
1	21	0.6756	8	0	0	1	2	0	0	0	0	N	N	N	Y	N	N	N	N	N	N	N	N	0.7718	0.3957	inf	0.8507	0.8527	inf	inf	0.0089	0.0098	0.0000	0.0119	0.0129	0.0000	0.0000	0.0000	0.0000	0.0115	0.0248	0.0000	0.0140	0.0151	0.0000	0.0000	0.0000	0.0000	0.0001	0.0000	-0.0004	-0.0000	2.0000	2.0045	5.0844	0.0106	0.0017	0.0017	0.0000	0.0017	0.0017	0.0000	0.0000	0.0000	0.0000	0.0000	0.0000	0.0000	0.0000	0.0000	0.0000	0.0000	0.0000	0.0000	0.1924	0.1741	0.0182	0.1436	0.1330	0.0106	0.0487	0.0411	0.0076	0.0220	0.0113	0.0108	0.0081	0.0068	0.0012	0.0140	0.0044	0.0095	6.5322	3.6901	inf	3.1950	2.9253	0.0000	inf	0.0000	inf	0.0014	0.0027	0.0000	0.0037	0.0044	0.0000	0.0000	0.0000	0.0000		
1	22	0.6464	7	0	0	1	2	0	0	0	0	N	N	N	Y	N	N	N	N	N	N	N	N	0.0856	0.0671	0.8211	0.2399	0.2277	0.1143	1.8832	0.0083	0.0090	0.0016	0.0105	0.0113	0.0000	0.0007	0.0000	0.0042	0.0975	0.1342	0.0020	0.0438	0.0496	0.0000	0.0057	0.0000	0.0022	0.0175	0.3750	-0.0004	-0.0000	2.0000	1.9989	5.0844	1.0099	0.0017	0.0017	0.0000	0.0017	0.0017	0.0000	0.0000	0.0000	0.0000	0.0001	0.0001	0.0000	0.0001	0.0001	0.0000	0.0000	0.0000	0.0000	0.2084	0.1899	0.0185	0.1627	0.1513	0.0114	0.0457	0.0385	0.0071	0.0315	0.0162	0.0153	0.0117	0.0099	0.0018	0.0199	0.0064	0.0135	2.3924	1.8265	0.8211	1.5309	1.3925	0.0000	0.4331	0.0000	1.8832	0.0035	0.0049	0.0020	0.0069	0.0081	0.0000	0.0015	0.0000	0.0022		
1	23	0.0371	2	0	1	1	2	0	0	0	0	N	N	N	Y	N	N	N	N	N	N	N	N	0.0000	0.0000	0.0000	0.0000	0.0000	0.0000	0.0000	0.0000	0.0000	0.0000	0.0000	0.0000	0.0000	0.0002	0.0003	0.0000	0.0004	0.0004	0.0000	0.0000	0.0000	0.0000	0.0000	0.0000	-0.0000	2.0000	0.0000	5.0844	1.0024	0.0000	0.0000	0.0000	0.0000	0.0000	0.0000	0.0000	0.0000	0.0000	0.0000	0.0000	0.0000	0.0000	0.0000	0.0000	0.0000	0.0000	0.0000	0.0000	0.0000	0.0000	0.0000	0.0000	0.0000	0.0000	0.0000	0.0000	0.2944	0.1609	0.1336	0.1419	0.1399	0.0020	0.1525	0.0209	0.1316	0.0000	0.0000	0.0000	0.0000	0.0000	0.0000	0.0000	0.0000	0.0000	0.0000	0.0001	0.0000	0.0001	0.0001	0.0000	0.0000	0.0000	0.0000						
1	24	0.6496	7	0	1	1	1	0	0	0	0	N	N	N	N	N	N	N	N	N	N	N	N	0.0000	0.0000	0.0000	0.0000	0.0000	0.0000	0.0000	0.0000	0.0000	0.0000	0.0000	0.0000	0.0000	0.0000	0.0000	0.0000	0.0000	0.0000	0.0000	0.0000	2.0000	0.0000	5.0844	0.0000	0.0000	0.0000	0.0000	0.0000	0.0000	0.0000	0.0000	0.0000	0.0000	0.0000	0.0000	0.0000	0.0000	0.0000	0.0000	0.0000	0.0000	0.0000	0.0000	0.0000	0.0000	0.0000	0.0000	0.0000	0.0000	0.0000	0.0000	0.0000	0.0000	0.0000	0.0000	0.0000	0.0000	0.0000	0.0000	0.0000	0.0000	0.0000	0.0000	0.0000	0.0000	0.0000	0.0000	0.0000	0.0000	0.0000	0.0000	0.0000	0.0000	0.0000	0.0000	0.0000	0.0000	0.0000											
1	25	0.1448	6	0	1	1	1	0	0	0	0	N	N	N	N	N	N	N	N	N	N	N	N	0.0000	0.0000	0.0000	0.0000	0.0000	0.0000	0.0000	0.0000	0.0000	0.0000	0.0000	0.0000	0.0000	0.0098	0.0222	0.0000	0.0989	0.0734	0.0000	0.0000	0.0000	0.0000	0.0000	0.0000	-0.0000	2.0000	0.9998	5.0844	0.0242	0.0000	0.0000	0.0000	0.0000	0.0000	0.0000	0.0000	0.0000	0.0000	0.0000	0.0000	0.0000	0.0000	0.0000	0.0000	0.0000	0.0000	0.0000	0.0648	0.0587	0.0061	0.0320	0.0303	0.0017	0.0328	0.0284	0.0044	0.0146	0.0072	0.0074	0.0019	0.0018	0.0000	0.0127	0.0053	0.0074	0.0000	0.0000	0.0000	0.0000	0.0000	0.0000	0.0000	0.0000	0.0000	0.0012	0.0025	0.0000	0.0094	0.0097	0.0000	0.0000	0.0000	0.0000						
1	26	0.1825	9	0	1	1	2	0	0	0	0	N	N	N	Y	N	N	N	N	N	N	N	N	0.0000	0.0000	0.0000	0.0000	0.0000	0.0000	0.0000	0.0000	0.0000	0.0000	0.0000	0.0000	0.0000	0.0000	0.0000	0.0000	0.0000	0.0000	0.0000	0.0000	2.0000	0.0000	5.0844	0.0000	0.0000	0.0000	0.0000	0.0000	0.0000	0.0000	0.0000	0.0000	0.0000	0.0000	0.0000	0.0000	0.0000	0.0000	0.0000	0.0000	0.0000	0.0000	0.0000	0.0000	0.0000	0.0000	0.0000	0.0000	0.0000	0.0000	0.0000	0.0000	0.0000	0.0000	0.0000	0.0000	0.0000	0.0000	0.0000	0.0000	0.0000	0.0000	0.0000	0.0000	0.0000	0.0000	0.0000	0.0000	0.0000	0.0000	0.0000	0.0000	0.0000	0.0000	0.0000	0.0000	0.0000	0.0000											
1	27	0.6733	7	1	1	1	1	0	0	0	0	N	N	N	N	N	N	N	N	N	N	N	N	0.0000	0.0000	0.0000	0.0000	0.0000	0.0000	0.0000	0.0000	0.0000	0.0000	0.0000	0.0000	0.0000	0.0000	0.0000	0.0000	0.0000	12.4964	0.0022	35.5916	0.0045	0.0016	0.0166	25.9561	0.0000	43.9017	32214.4314	-0.0000	0.4620	2.0000	0.0418	5.0844	6.1659	0.0000	0.0000	0.0000	0.0000	0.0000	0.0000	0.0000	0.0000	0.0000	0.9665	0.0000	0.9664	0.0001	0.0000	0.0000	0.9664	0.0000	0.9664	0.0086	0.0080	0.0006	0.0045	0.0044	0.0001	0.0041	0.0036	0.0005	0.0773	0.0477	0.0296	0.0401	0.0357	0.0044	0.0372	0.0120	0.0252	0.0000	0.0000	0.0000	0.0000	0.0000	0.0000	0.0000	0.0000	0.0000	12.4964	0.0006	32.6142	0.0017	0.0008	0.0090	25.9561	0.0000	38.3345		
1	28	0.6802	10	0	0	1	2	0	0	0	0	N	N	N	Y	N	N	N	N	N	N	N	N	0.0000	inf	0.0000	0.0000	inf	0.0000	0.0000	0.0000	0.0000	0.0000	0.0000	0.0000	0.0000	0.0000	0.0000	0.0000	0.0000	0.1757	0.0000	0.0339	0.0673	0.0000	0.2059	0.0045	0.0000	0.0020	0.0000	inf	-0.0000	0.0001	2.0000	1.5398	5.0844	1.0296	0.0000	0.0000	0.0000	0.0000	0.0000	0.0000	0.0000	0.0000	0.0000	0.0001	0.0000	0.0001	0.0001	0.0000	0.0001	0.0000	0.0000	0.0000	0.1102	0.0996	0.0106	0.0749	0.0701	0.0048	0.0353	0.0296	0.0057	0.0292	0.0176	0.0116	0.0144	0.0128	0.0017	0.0148	0.0048	0.0100	0.0000	inf	0.0000	0.0000	inf	0.0000	0.0000	0.0000	0.0000	0.0048	0.0000	0.0120	0.0083	0.0000	0.0718	0.0014	0.0000	0.0020	
1	29	0.6751	9	0	0	1	2	0	0	0	0	N	N	N	Y	N	N	N	N	N	N	N	N	0.0000	0.0000	0.0000	0.0000	0.0000	0.0000	0.0000	0.0000	0.0000	0.0000	0.0000	0.0000	0.0000	0.0000	0.0000	0.5592	0.8142	0.0021	0.4340	0.4204	0.0362	0.0000	0.0000	0.0000	0.0000	0.0667	-0.0000	-0.0001	2.0000	0.8816	5.0844	0.0702	0.0000	0.0000	0.0000	0.0000	0.0000	0.0000	0.0000	0.0000	0.0000	0.0002	0.0001	0.0000	0.0002	0.0001	0.0000	0.0000	0.0000	0.0000	0.1027	0.0941	0.0087	0.0563	0.0540	0.0023	0.0464	0.0401	0.0063	0.0124	0.0077	0.0047	0.0061	0.0054	0.0006	0.0064	0.0023	0.0041	0.0000	0.0000	0.0000	0.0000	0.0000	0.0000	0.0000	0.0000	0.0000	0.0129	0.0195	0.0021	0.0264	0.0276	0.0159	0.0000	0.0000	0.0000			
1	30	0.0525	3	0	0	1	2	0	0	0	0	N	N	N	Y	N	N	N	N	N	N	N	N	0.0000	0.0000	0.0000	0.0000	0.0000	0.0000	0.0000	0.0000	0.0000	0.0000	0.0000	0.0000	0.0000	0.0000	0.0000	0.0000	0.0000	0.0000	0.0000	0.0000	2.0000	0.0000	5.0844	0.0000	0.0000	0.0000	0.0000	0.0000	0.0000	0.0000	0.0000	0.0000	0.0000	0.0000	0.0000	0.0000	0.0000	0.0000	0.0000	0.0000	0.0000	0.0000	0.0000	0.0000	0.0000	0.0000	0.0000	0.0000	0.0000	0.0000	0.0000	0.0000	0.0000	0.0000	0.0000	0.0000	0.0000	0.0000	0.0000	0.0000	0.0000	0.0000	0.0000	0.0000	0.0000	0.0000	0.0000	0.0000	0.0000	0.0000	0.0000	0.0000	0.0000	0.0000	0.0000	0.0000	0.0000	0.0000											
1	31	0.1352	5	1	0	2	1	0	0	0	0	N	N	Y	N	N	N	N	N	N	N	N	N	0.0000	0.0000	0.0000	0.0000	0.0000	0.0000	0.0000	0.0000	0.0000	0.0000	0.0000	0.0000	0.0000	0.0000	0.0000	0.0000	0.0000	0.0000	0.0000	0.0000	2.0000	0.0000	5.0844	0.0000	0.0000	0.0000	0.0000	0.0000	0.0000	0.0000	0.0000	0.0000	0.0000	0.0000	0.0000	0.0000	0.0000	0.0000	0.0000	0.0000	0.0000	0.0000	0.0000	0.0000	0.0000	0.0000	0.0000	0.0000	0.0000	0.0000	0.0000	0.0000	0.0000	0.0000	0.0000	0.0000	0.0000	0.0000	0.0000	0.0000	0.0000	0.0000	0.0000	0.0000	0.0000	0.0000	0.0000	0.0000	0.0000	0.0000	0.0000	0.0000	0.0000	0.0000	0.0000	0.0000	0.0000	0.0000											
1	32	0.0710	3	0	1	1	1	0	0	0	0	N	N	N	N	N	N	N	N	N	N	N	N	0.0000	0.0000	0.0000	0.0000	0.0000	0.0000	0.0000	0.0000	0.0000	0.0000	0.0000	0.0000	0.0000	0.0000	0.0000	0.0000	0.0000	0.0000	0.0000	0.0000	2.0000	0.0006	5.0844	3.0000	0.0000	0.0000	0.0000	0.0000	0.0000	0.0000	0.0000	0.0000	0.0000	0.0000	0.0000	0.0000	0.0000	0.0000	0.0000	0.0000	0.0000	0.0000	0.0001	0.0001	0.0000	0.0000	0.0000	0.0000	0.0001	0.0001	0.0000	0.0725	0.0389	0.0336	0.0033	0.0033	0.0000	0.0692	0.0356	0.0336	0.0000	0.0000	0.0000	0.0000	0.0000	0.0000	0.0000	0.0000	0.0000	0.0000	0.0000	0.0000	0.0000	0.0000	0.0000	0.0000	0.0000	0.0000											
1	33	0.0710	3	0	1	1	1	0	0	0	0	N	N	N	N	N	N	N	N	N	N	N	N	inf	inf	inf	inf	6.5178	7.4352	0.0000	0.0000	0.0000	0.0000	6.7871	7.7649	0.0000	0.0000	0.0000	0.0000	0.0000	0.0000	0.0000	0.0000	0.0000	0.0000	0.0000	-0.2602	0.0000	2.0000	2.0006	5.0844	8.0000	1.0000	1.0000	0.0000	0.0000	0.0000	0.0000	1.0000	1.0000	0.0000	0.0000	0.0000	0.0000	0.0000	0.0000	0.0000	0.0000	0.0000	0.0000	0.1534	0.1345	0.0189	0.0061	0.0057	0.0004	0.1473	0.1288	0.0186	0.2100	0.1112	0.0987	0.0104	0.0103	0.0001	0.1996	0.1009	0.0987	inf	inf	0.0000	0.0000	0.0000	0.0000	inf	inf	0.0000	0.0000	0.0000	0.0000	0.0000	0.0000	0.0000	0.0000	0.0000	0.0000						
1	34	0.1123	4	1	1	1	1	0	0	0	0	N	N	N	N	N	N	N	N	N	N	N	N	inf	inf	inf	inf	1.8465	2.0561	0.0000	4.1435	4.4197	0.0000	0.0000	0.0000	0.0000	0.0000	0.0000	0.0000	0.0000	0.0000	0.0000	0.0000	0.0000	0.0000	0.0000	-0.2602	0.0000	2.0000	10.0001	5.0844	4.0001	1.0000	1.0000	0.0000	1.0000	1.0000	0.0000	0.0000	0.0000	0.0000	0.0000	0.0000	0.0000	0.0000	0.0000	0.0000	0.0000	0.0000	0.0000	0.5416	0.4864	0.0552	0.2413	0.2263	0.0151	0.3002	0.2601	0.0401	0.1725	0.0814	0.0911	0.0154	0.0153	0.0001	0.1571	0.0661	0.0910	inf	inf	0.0000	inf	inf	0.0000	0.0000	0.0000	0.0000	0.0000	0.0000	0.0000	0.0000	0.0000	0.0000	0.0000	0.0000	0.0000						
1	35	0.0710	3	0	1	1	1	0	0	0	0	N	N	N	N	N	N	N	N	N	N	N	N	0.0000	0.0000	0.0000	0.0000	0.0000	0.0000	0.0000	0.0000	0.0000	0.0000	0.0000	0.0000	0.0000	0.0000	0.0000	0.0000	0.0000	0.0000	0.0000	0.0000	2.0000	3.0004	5.0844	2.0000	0.0000	0.0000	0.0000	0.0000	0.0000	0.0000	0.0000	0.0000	0.0000	0.0000	0.0000	0.0000	0.0000	0.0000	0.0000	0.0000	0.0000	0.0000	0.2221	0.1949	0.0272	0.0089	0.0083	0.0006	0.2132	0.1866	0.0267	0.1159	0.0619	0.0540	0.0054	0.0054	0.0000	0.1105	0.0565	0.0539	0.0000	0.0000	0.0000	0.0000	0.0000	0.0000	0.0000	0.0000	0.0000	0.0000	0.0000	0.0000	0.0000	0.0000	0.0000	0.0000	0.0000	0.0000											
1	36	0.6272	6	0	1	1	1	0	0	0	0	N	N	N	N	N	N	N	N	N	N	N	N	0.2579	inf	0.0000	inf	inf	0.0000	0.0000	7.6058	8.4095	0.0000	10.6340	11.4488	0.0000	0.0000	0.0000	0.0000	29.4913	0.0000	60.6827	0.0000	0.0000	0.0000	46.7502	0.0000	68.7638	0.0000	inf	-0.2602	0.4781	2.0000	3.0000	5.0844	3.0000	1.0000	1.0000	0.0000	1.0000	1.0000	0.0000	0.0000	0.0000	0.0000	0.9999	0.0000	0.9999	0.0000	0.0000	0.0000	0.9999	0.0000	0.9999	0.1315	0.1189	0.0126	0.0940	0.0873	0.0067	0.0374	0.0316	0.0059	0.0339	0.0174	0.0165	0.0125	0.0106	0.0019	0.0214	0.0068	0.0145	0.2579	inf	0.0000	inf	inf	0.0000	0.0000	0.0000	0.0000	29.4913	0.0000	60.6827	0.0000	0.0000	0.0000	46.7502	0.0000	68.7638		
1	37	0.0409	2	1	1	1	1	0	0	0	0	N	N	N	N	N	N	N	N	N	N	N	N	0.0959	0.0000	inf	0.0000	0.0000	inf	inf	0.0000	0.0000	0.0002	0.0000	0.0000	0.0000	0.0000	0.0000	0.0002	0.0003	0.0006	0.0000	0.0072	0.0055	0.0000	0.0000	0.0000	0.0000	inf	0.0000	0.0000	-0.0000	2.0000	4.2779	5.0844	3.9542	0.0000	0.0000	0.0000	0.0000	0.0000	0.0000	0.0000	0.0000	0.0000	0.0000	0.0000	0.0000	0.0000	0.0000	0.0000	0.0000	0.0000	0.0000	0.3110	0.2726	0.0384	0.0084	0.0083	0.0001	0.3027	0.2644	0.0383	0.1838	0.0962	0.0876	0.0085	0.0085	0.0000	0.1752	0.0877	0.0876	0.2464	0.0000	inf	0.0000	0.0000	0.0000	inf	0.0000	inf	0.0001	0.0002	0.0000	0.0023	0.0024	0.0000	0.0000	0.0000	0.0000		
1	38	0.6938	10	1	1	1	1	0	0	0	0	N	N	N	N	N	N	N	N	N	N	N	N	0.0000	0.0000	0.0000	0.0000	0.0000	0.0000	0.0000	0.0000	0.0000	0.0000	0.0000	0.0000	0.0000	0.0000	0.0000	0.0000	0.0000	0.0425	0.0060	0.0058	0.0278	0.0036	0.0946	0.0011	0.0000	0.0011	3.2952	0.0000	0.0000	2.0000	2.8243	5.0844	1.0201	0.0000	0.0000	0.0000	0.0000	0.0000	0.0000	0.0000	0.0000	0.0000	0.0001	0.0000	0.0001	0.0001	0.0000	0.0001	0.0000	0.0000	0.0000	0.1807	0.1613	0.0194	0.0977	0.0909	0.0068	0.0830	0.0704	0.0127	0.0460	0.0265	0.0195	0.0199	0.0178	0.0021	0.0260	0.0086	0.0174	0.0000	0.0000	0.0000	0.0000	0.0000	0.0000	0.0000	0.0000	0.0000	0.0028	0.0011	0.0051	0.0055	0.0017	0.0380	0.0007	0.0000	0.0011		
1	39	0.1123	4	0	1	1	1	0	0	0	0	N	N	N	N	N	N	N	N	N	N	N	N	inf	inf	inf	inf	3.2364	3.5963	0.0000	6.7333	7.1758	0.0000	0.0000	0.0000	0.0000	0.0000	0.0000	0.0000	0.0000	0.0000	0.0000	0.0000	0.0000	0.0000	0.0000	-0.2602	0.0000	2.0000	5.0001	5.0844	5.0000	1.0000	1.0000	0.0000	1.0000	1.0000	0.0000	0.0000	0.0000	0.0000	0.0000	0.0000	0.0000	0.0000	0.0000	0.0000	0.0000	0.0000	0.0000	0.3090	0.2781	0.0309	0.1485	0.1394	0.0092	0.1605	0.1387	0.0218	0.1279	0.0602	0.0677	0.0114	0.0113	0.0001	0.1165	0.0489	0.0676	inf	inf	0.0000	inf	inf	0.0000	0.0000	0.0000	0.0000	0.0000	0.0000	0.0000	0.0000	0.0000	0.0000	0.0000	0.0000	0.0000						
1	40	0.6496	7	0	1	1	1	0	0	0	0	N	N	N	N	N	N	N	N	N	N	N	N	0.0000	0.0000	0.0000	0.0000	0.0000	0.0000	0.0000	0.0000	0.0000	0.0000	0.0000	0.0000	0.0000	0.0000	0.0000	0.0000	0.0000	0.0000	0.0000	0.0000	2.0000	0.0000	5.0844	2.0000	0.0000	0.0000	0.0000	0.0000	0.0000	0.0000	0.0000	0.0000	0.0000	0.0000	0.0000	0.0000	0.0000	0.0000	0.0000	0.0000	0.0000	0.0000	0.0000	0.0000	0.0000	0.0000	0.0000	0.0000	0.0000	0.0000	0.0000	0.0243	0.0141	0.0102	0.0118	0.0103	0.0015	0.0125	0.0038	0.0088	0.0000	0.0000	0.0000	0.0000	0.0000	0.0000	0.0000	0.0000	0.0000	0.0000	0.0000	0.0000	0.0000	0.0000	0.0000	0.0000	0.0000	0.0000											
1	41	0.1123	4	0	1	1	1	0	0	0	0	N	N	N	N	N	N	N	N	N	N	N	N	inf	inf	inf	inf	2.7747	3.0847	0.0000	5.8655	6.2524	0.0000	0.0000	0.0000	0.0000	0.0000	0.0000	0.0000	0.0000	0.0000	0.0000	0.0000	0.0000	0.0000	0.0000	-0.2602	0.0000	2.0000	5.9998	5.0844	3.0000	1.0000	1.0000	0.0000	1.0000	1.0000	0.0000	0.0000	0.0000	0.0000	0.0000	0.0000	0.0000	0.0000	0.0000	0.0000	0.0000	0.0000	0.0000	0.3604	0.3242	0.0362	0.1705	0.1599	0.0105	0.1899	0.1642	0.0257	0.1162	0.0547	0.0615	0.0103	0.0103	0.0001	0.1058	0.0444	0.0614	inf	inf	0.0000	inf	inf	0.0000	0.0000	0.0000	0.0000	0.0000	0.0000	0.0000	0.0000	0.0000	0.0000	0.0000	0.0000	0.0000						
1	42	0.7157	11	0	1	2	2	0	0	0	0	N	N	Y	Y	N	N	N	N	N	N	N	N	0.0000	0.0000	0.0000	0.0000	0.0000	0.0000	0.0000	0.0000	0.0000	0.0000	0.0000	0.0000	0.0000	0.0000	0.0000	0.0000	0.0000	0.0000	0.0000	0.0000	2.0000	0.0011	5.0844	1.0134	0.0000	0.0000	0.0000	0.0000	0.0000	0.0000	0.0000	0.0000	0.0000	0.0000	0.0000	0.0000	0.0000	0.0000	0.0000	0.0000	0.0000	0.0000	0.0002	0.0002	0.0000	0.0002	0.0002	0.0000	0.0001	0.0000	0.0000	0.0133	0.0078	0.0055	0.0056	0.0051	0.0004	0.0078	0.0027	0.0051	0.0000	0.0000	0.0000	0.0000	0.0000	0.0000	0.0000	0.0000	0.0000	0.0000	0.0000	0.0000	0.0000	0.0000	0.0000	0.0000	0.0000	0.0000											
1	43	0.6938	10	0	0	1	2	0	0	0	0	N	N	N	Y	N	N	N	N	N	N	N	N	0.0000	0.0000	0.0000	0.0000	0.0000	0.0000	0.0000	0.0000	0.0000	0.0000	0.0000	0.0000	0.0000	0.0000	0.0000	0.0000	0.0000	0.0084	0.0083	0.0006	0.0053	0.0049	0.0000	0.0005	0.0000	0.0007	0.2960	0.0000	-0.0000	2.0000	2.8187	5.0844	0.0347	0.0000	0.0000	0.0000	0.0000	0.0000	0.0000	0.0000	0.0000	0.0000	0.0000	0.0000	0.0000	0.0000	0.0000	0.0000	0.0000	0.0000	0.0000	0.1804	0.1610	0.0194	0.0976	0.0908	0.0068	0.0829	0.0702	0.0126	0.0348	0.0201	0.0147	0.0151	0.0135	0.0016	0.0197	0.0066	0.0131	0.0000	0.0000	0.0000	0.0000	0.0000	0.0000	0.0000	0.0000	0.0000	0.0011	0.0015	0.0006	0.0020	0.0022	0.0000	0.0004	0.0000	0.0007		
1	44	0.6811	9	0	0	1	1	0	0	0	0	N	N	N	N	N	N	N	N	N	N	N	N	0.0000	0.0000	0.0000	0.0000	0.0000	0.0000	0.0000	0.0000	0.0000	0.0000	0.0000	0.0000	0.0000	0.0000	0.0000	0.0000	0.2364	0.3282	0.0033	0.0768	0.0781	0.0000	0.0163	0.0000	0.0038	0.3035	0.0000	-0.0000	2.0000	0.9605	5.0844	1.0076	0.0000	0.0000	0.0000	0.0000	0.0000	0.0000	0.0000	0.0000	0.0000	0.0001	0.0001	0.0000	0.0001	0.0001	0.0000	0.0000	0.0000	0.0000	0.1071	0.0980	0.0092	0.0586	0.0561	0.0025	0.0485	0.0419	0.0067	0.0228	0.0137	0.0091	0.0114	0.0101	0.0013	0.0114	0.0036	0.0078	0.0000	0.0000	0.0000	0.0000	0.0000	0.0000	0.0000	0.0000	0.0000	0.0056	0.0072	0.0033	0.0087	0.0098	0.0000	0.0026	0.0000	0.0038			
1	45	0.0483	2	0	1	2	2	0	0	0	0	N	N	Y	Y	N	N	N	N	N	N	N	N	0.0000	0.0000	0.0000	0.0000	0.0000	0.0000	0.0000	0.0000	0.0000	0.0000	0.0000	0.0000	0.0000	0.0000	0.0000	0.0000	0.0000	0.0000	0.0000	-0.0000	2.0000	1.0000	5.0844	1.0000	0.0000	0.0000	0.0000	0.0000	0.0000	0.0000	0.0000	0.0000	0.0000	0.0000	0.0000	0.0000	0.0000	0.0000	0.0000	0.0000	0.0000	0.0000	0.0777	0.0679	0.0099	0.0000	0.0000	0.0000	0.0777	0.0679	0.0099	0.0487	0.0256	0.0231	0.0012	0.0012	0.0000	0.0475	0.0244	0.0231	0.0000	0.0000	0.0000	0.0000	0.0000	0.0000	0.0000	0.0000	0.0000	0.0000	0.0000	0.0000	0.0000	0.0000	0.0000	0.0000	0.0000	0.0000											
1	46	0.6272	6	0	1	1	1	0	0	0	0	N	N	N	N	N	N	N	N	N	N	N	N	0.0000	0.0000	0.0000	0.0000	0.0000	0.0000	0.0000	0.0000	0.0000	0.0000	0.0000	0.0000	0.0000	0.0000	0.0000	0.0000	0.0000	0.0000	0.0000	0.0000	2.0000	0.0000	5.0844	0.0000	0.0000	0.0000	0.0000	0.0000	0.0000	0.0000	0.0000	0.0000	0.0000	0.0000	0.0000	0.0000	0.0000	0.0000	0.0000	0.0000	0.0000	0.0000	0.0000	0.0000	0.0000	0.0000	0.0000	0.0000	0.0000	0.0000	0.0000	0.0000	0.0000	0.0000	0.0000	0.0000	0.0000	0.0000	0.0000	0.0000	0.0000	0.0000	0.0000	0.0000	0.0000	0.0000	0.0000	0.0000	0.0000	0.0000	0.0000	0.0000	0.0000	0.0000	0.0000	0.0000	0.0000	0.0000											
1	47	0.6811	9	0	1	1	2	0	0	0	0	N	N	N	Y	N	N	N	N	N	N	N	N	0.0000	0.0000	0.0000	0.0000	0.0000	0.0000	0.0000	0.0000	0.0000	0.0000	0.0000	0.0000	0.0000	0.0000	0.0000	0.0000	0.0000	0.0000	0.0000	0.0000	2.0000	0.0000	5.0844	1.0000	0.0000	0.0000	0.0000	0.0000	0.0000	0.0000	0.0000	0.0000	0.0000	0.0000	0.0000	0.0000	0.0000	0.0000	0.0000	0.0000	0.0000	0.0000	0.0520	0.0489	0.0031	0.0260	0.0260	0.0000	0.0260	0.0229	0.0031	0.0122	0.0074	0.0048	0.0061	0.0054	0.0007	0.0061	0.0020	0.0041	0.0000	0.0000	0.0000	0.0000	0.0000	0.0000	0.0000	0.0000	0.0000	0.0000	0.0000	0.0000	0.0000	0.0000	0.0000	0.0000	0.0000	0.0000											
1	48	0.6272	6	1	1	1	1	0	0	0	0	N	N	N	N	N	N	N	N	N	N	N	N	0.0000	0.0000	0.0000	0.0000	0.0000	0.0000	0.0000	0.0000	0.0000	0.0000	0.0000	0.0000	0.0000	0.0000	0.0000	0.0000	0.0000	0.0000	0.0000	0.0000	2.0000	0.0000	5.0844	4.0000	0.0000	0.0000	0.0000	0.0000	0.0000	0.0000	0.0000	0.0000	0.0000	0.0000	0.0000	0.0000	0.0000	0.0000	0.0000	0.0000	0.0000	0.0000	0.0000	0.0000	0.0000	0.0000	0.0000	0.0000	0.0000	0.0000	0.0000	0.0231	0.0118	0.0112	0.0085	0.0072	0.0013	0.0146	0.0047	0.0099	0.0000	0.0000	0.0000	0.0000	0.0000	0.0000	0.0000	0.0000	0.0000	0.0000	0.0000	0.0000	0.0000	0.0000	0.0000	0.0000	0.0000	0.0000											
1	49	0.7019	10	0	0	2	1	0	0	0	0	N	N	Y	N	N	N	N	N	N	N	N	N	0.0000	0.0000	0.0000	0.0000	0.0000	0.0000	0.0000	0.0000	0.0000	0.0000	0.0000	0.0000	0.0000	0.0000	0.0000	0.0000	0.0000	0.0000	0.0000	0.0000	2.0000	0.0000	5.0844	0.0000	0.0000	0.0000	0.0000	0.0000	0.0000	0.0000	0.0000	0.0000	0.0000	0.0000	0.0000	0.0000	0.0000	0.0000	0.0000	0.0000	0.0000	0.0000	0.0000	0.0000	0.0000	0.0000	0.0000	0.0000	0.0000	0.0000	0.0000	0.0000	0.0000	0.0000	0.0000	0.0000	0.0000	0.0000	0.0000	0.0000	0.0000	0.0000	0.0000	0.0000	0.0000	0.0000	0.0000	0.0000	0.0000	0.0000	0.0000	0.0000	0.0000	0.0000	0.0000	0.0000	0.0000	0.0000											
1	50	0.0730	3	0	0	2	1	0	0	0	0	N	N	Y	N	N	N	N	N	N	N	N	N	0.0000	0.0000	0.0000	0.0000	0.0000	0.0000	0.0000	0.0000	0.0000	0.0000	0.0000	0.0000	0.0000	23.3287	46.5960	0.0000	0.0000	0.0000	0.0000	25.0241	53.2672	0.0000	0.0000	0.0000	-0.4620	2.0000	1.0000	5.0844	1.0000	0.0000	0.0000	0.0000	0.0000	0.0000	0.0000	0.0000	0.0000	0.0000	0.8852	0.8852	0.0000	0.0000	0.0000	0.0000	0.8852	0.8852	0.0000	0.0614	0.0540	0.0074	0.0143	0.0131	0.0012	0.0471	0.0408	0.0062	0.0379	0.0190	0.0189	0.0026	0.0024	0.0002	0.0354	0.0166	0.0188	0.0000	0.0000	0.0000	0.0000	0.0000	0.0000	0.0000	0.0000	0.0000	23.3287	46.5960	0.0000	0.0000	0.0000	0.0000	25.0241	53.2672	0.0000						
1	51	0.0775	3	0	1	1	1	0	0	0	0	N	N	N	N	N	N	N	N	N	N	N	N	20.5154	0.0000	inf	0.0000	0.0000	inf	inf	0.0001	0.0000	0.0007	0.0000	0.0000	0.0000	0.0001	0.0000	0.0007	0.0000	0.0001	0.0000	0.0001	0.0001	0.0000	0.0000	0.0000	0.0000	inf	0.0000	0.0000	-0.0000	2.0000	0.0003	5.0844	0.9690	0.0000	0.0000	0.0000	0.0000	0.0000	0.0000	0.0000	0.0000	0.0000	0.0000	0.0000	0.0000	0.0000	0.0000	0.0000	0.0000	0.0000	0.0000	0.0001	0.0001	0.0000	0.0000	0.0000	0.0000	0.0001	0.0000	0.0000	0.0382	0.0265	0.0117	0.0148	0.0128	0.0020	0.0234	0.0137	0.0097	1562.7684	0.0000	inf	0.0000	0.0000	0.0000	inf	0.0000	inf	0.0000	0.0000	0.0000	0.0000	0.0000	0.0000	0.0000	0.0000	0.0000		
1	52	0.7052	10	0	1	1	1	0	0	0	0	N	N	N	N	N	N	N	N	N	N	N	N	0.0000	0.0000	0.0000	0.0000	0.0000	0.0000	0.0000	0.0000	0.0000	0.0000	0.0000	0.0000	0.0000	0.0000	0.0000	0.0000	0.0000	0.1252	0.0565	0.0038	0.0338	0.0219	0.0261	0.0015	0.0000	0.0015	0.4122	0.0000	-0.0000	2.0000	0.9211	5.0844	0.1671	0.0000	0.0000	0.0000	0.0000	0.0000	0.0000	0.0000	0.0000	0.0000	0.0001	0.0001	0.0000	0.0001	0.0001	0.0000	0.0000	0.0000	0.0000	0.0919	0.0841	0.0078	0.0654	0.0616	0.0038	0.0265	0.0225	0.0040	0.0255	0.0180	0.0075	0.0149	0.0133	0.0016	0.0106	0.0047	0.0059	0.0000	0.0000	0.0000	0.0000	0.0000	0.0000	0.0000	0.0000	0.0000	0.0039	0.0039	0.0038	0.0060	0.0053	0.0124	0.0008	0.0000	0.0015		
1	53	0.0483	2	0	1	1	1	0	0	0	0	N	N	N	N	N	N	N	N	N	N	N	N	0.7232	inf	0.0000	inf	inf	0.0000	0.0000	0.0004	0.0004	0.0000	51.1112	51.2890	0.0000	0.0000	0.0000	0.0000	0.0005	0.0000	0.0005	0.0000	0.0000	0.0000	0.0003	0.0000	0.0005	0.0000	inf	-0.0000	0.0000	2.0000	1.0000	5.0844	5.0000	0.0000	0.0000	0.0000	0.0000	0.0000	0.0000	0.0000	0.0000	0.0000	0.0000	0.0000	0.0000	0.0000	0.0000	0.0000	0.0000	0.0000	0.0000	0.0777	0.0679	0.0099	0.0000	0.0000	0.0000	0.0777	0.0679	0.0099	0.1343	0.0702	0.0642	0.0035	0.0035	0.0000	0.1308	0.0667	0.0642	1.7279	inf	0.0000	inf	inf	0.0000	0.0000	0.0000	0.0000	0.0002	0.0000	0.0005	0.0000	0.0000	0.0000	0.0002	0.0000	0.0005		
1	55	0.6811	9	0	1	1	1	0	0	0	0	N	N	N	N	N	N	N	N	N	N	N	N	0.0000	0.0000	0.0000	0.0000	0.0000	0.0000	0.0000	0.0000	0.0000	0.0000	0.0000	0.0000	0.0000	0.0000	0.0000	0.0000	0.0000	0.0000	0.0000	0.0000	2.0000	2.0000	5.0844	3.0000	0.0000	0.0000	0.0000	0.0000	0.0000	0.0000	0.0000	0.0000	0.0000	0.0000	0.0000	0.0000	0.0000	0.0000	0.0000	0.0000	0.0000	0.0000	0.1638	0.1484	0.0154	0.0914	0.0864	0.0050	0.0724	0.0619	0.0104	0.0549	0.0326	0.0223	0.0274	0.0241	0.0033	0.0275	0.0085	0.0190	0.0000	0.0000	0.0000	0.0000	0.0000	0.0000	0.0000	0.0000	0.0000	0.0000	0.0000	0.0000	0.0000	0.0000	0.0000	0.0000	0.0000	0.0000											
1	56	0.0409	2	0	1	1	2	0	0	0	0	N	N	N	Y	N	N	N	N	N	N	N	N	inf	inf	inf	inf	0.0001	0.0002	0.0000	0.0027	0.0027	0.0000	0.0000	0.0000	0.0000	0.0000	0.0000	0.0000	0.0000	0.0000	0.0000	0.0000	0.0000	0.0000	0.0000	-0.0000	0.0000	2.0000	1.7218	5.0844	6.9557	0.0000	0.0000	0.0000	0.0000	0.0000	0.0000	0.0000	0.0000	0.0000	0.0000	0.0000	0.0000	0.0000	0.0000	0.0000	0.0000	0.0000	0.0000	0.1456	0.1273	0.0183	0.0081	0.0080	0.0000	0.1375	0.1193	0.0182	0.1918	0.1002	0.0915	0.0088	0.0088	0.0000	0.1830	0.0915	0.0915	inf	inf	0.0000	inf	inf	0.0000	0.0000	0.0000	0.0000	0.0000	0.0000	0.0000	0.0000	0.0000	0.0000	0.0000	0.0000	0.0000						
1	57	0.1123	4	1	0	2	1	0	0	0	0	N	N	Y	N	N	N	N	N	N	N	N	N	inf	inf	inf	inf	0.0001	0.0000	0.0006	0.0001	0.0000	0.0021	0.0000	0.0000	0.0000	0.0000	0.0000	0.0000	0.0000	0.0000	0.0000	0.0000	0.0000	0.0000	inf	0.0000	0.0000	2.0000	8.9999	5.0844	5.0001	0.0000	0.0000	0.0000	0.0000	0.0000	0.0000	0.0000	0.0000	0.0000	0.0000	0.0000	0.0000	0.0000	0.0000	0.0000	0.0000	0.0000	0.0000	0.4995	0.4488	0.0508	0.2258	0.2117	0.0141	0.2737	0.2370	0.0367	0.1725	0.0814	0.0911	0.0154	0.0153	0.0001	0.1571	0.0661	0.0910	inf	0.0000	inf	inf	0.0000	inf	0.0000	0.0000	0.0000	0.0000	0.0000	0.0000	0.0000	0.0000	0.0000	0.0000	0.0000	0.0000						
1	58	0.6272	6	1	0	2	1	0	0	0	0	N	N	Y	N	N	N	N	N	N	N	N	N	0.0000	0.0000	0.0000	0.0000	0.0000	0.0000	0.0000	0.0000	0.0000	0.0000	0.0000	0.0000	0.0000	0.0000	0.0000	0.0000	0.0000	0.0000	0.0000	0.0000	2.0000	0.0000	5.0844	1.0000	0.0000	0.0000	0.0000	0.0000	0.0000	0.0000	0.0000	0.0000	0.0000	0.0000	0.0000	0.0000	0.0000	0.0000	0.0000	0.0000	0.0000	0.0000	0.0000	0.0000	0.0000	0.0000	0.0000	0.0000	0.0000	0.0000	0.0000	0.0059	0.0031	0.0029	0.0022	0.0018	0.0003	0.0038	0.0012	0.0026	0.0000	0.0000	0.0000	0.0000	0.0000	0.0000	0.0000	0.0000	0.0000	0.0000	0.0000	0.0000	0.0000	0.0000	0.0000	0.0000	0.0000	0.0000											
1	59	0.0775	3	0	0	2	1	0	0	0	0	N	N	Y	N	N	N	N	N	N	N	N	N	0.0010	0.0000	3.7146	0.0000	0.0000	0.0000	0.7353	3.0722	0.0001	0.0000	0.0005	0.0000	0.0000	0.0000	0.0001	0.0000	0.0005	0.0638	0.1055	0.0001	0.0623	0.0695	0.0000	0.0001	0.0000	0.0002	inf	0.0149	0.0000	-0.0001	2.0000	0.0006	5.0844	1.1867	0.0000	0.0000	0.0000	0.0000	0.0000	0.0000	0.0000	0.0000	0.0000	0.0001	0.0001	0.0000	0.0001	0.0001	0.0000	0.0000	0.0000	0.0000	0.0001	0.0001	0.0000	0.0000	0.0000	0.0000	0.0001	0.0001	0.0000	0.0438	0.0297	0.0142	0.0167	0.0142	0.0025	0.0272	0.0155	0.0117	0.0198	0.0000	3.7146	0.0000	0.0000	0.0000	1.1318	0.0000	3.0722	0.0031	0.0045	0.0001	0.0080	0.0094	0.0000	0.0001	0.0000	0.0002	
1	60	0.0409	2	0	0	1	1	0	0	0	0	N	N	N	N	N	N	N	N	N	N	N	N	0.0073	0.0001	0.2099	0.0001	0.0002	0.0297	0.2103	0.0000	0.0000	0.0004	0.0000	0.0000	0.0000	0.0000	0.0000	0.0004	0.0062	0.0004	0.0017	0.0040	0.0033	0.0000	0.0016	0.0000	0.0017	1750.1526	11.1668	0.0000	0.0001	2.0000	2.2785	5.0844	4.8627	0.0000	0.0000	0.0000	0.0000	0.0000	0.0000	0.0000	0.0000	0.0000	0.0001	0.0000	0.0001	0.0000	0.0000	0.0000	0.0001	0.0000	0.0001	0.1842	0.1611	0.0230	0.0081	0.0081	0.0001	0.1760	0.1530	0.0230	0.1635	0.0858	0.0777	0.0078	0.0077	0.0000	0.1557	0.0781	0.0776	0.0508	0.0002	0.2099	0.0004	0.0004	0.0000	0.0551	0.0000	0.2103	0.0009	0.0001	0.0017	0.0015	0.0015	0.0000	0.0009	0.0000	0.0017		
1	61	0.7052	10	0	0	2	1	0	0	0	0	N	N	Y	N	N	N	N	N	N	N	N	N	0.0000	0.0000	0.0000	0.0000	0.0000	0.0000	0.0000	0.0000	0.0000	0.0000	0.0000	0.0000	0.0000	0.0000	0.0000	0.0000	0.0000	0.0023	0.0013	0.0006	0.0022	0.0011	0.0043	0.0002	0.0000	0.0002	0.9618	0.0000	-0.0000	2.0000	1.0901	5.0844	7.9319	0.0000	0.0000	0.0000	0.0000	0.0000	0.0000	0.0000	0.0000	0.0000	0.0001	0.0000	0.0000	0.0000	0.0000	0.0000	0.0000	0.0000	0.0000	0.1018	0.0929	0.0089	0.0707	0.0665	0.0042	0.0312	0.0265	0.0047	0.1117	0.0668	0.0449	0.0541	0.0476	0.0065	0.0576	0.0193	0.0384	0.0000	0.0000	0.0000	0.0000	0.0000	0.0000	0.0000	0.0000	0.0000	0.0005	0.0004	0.0006	0.0009	0.0006	0.0031	0.0002	0.0000	0.0002		
1	62	0.6751	9	0	0	1	1	0	0	0	0	N	N	N	N	N	N	N	N	N	N	N	N	0.0000	0.0000	0.0000	0.0000	0.0000	0.0000	0.0000	0.0000	0.0000	0.0000	0.0000	0.0000	0.0000	0.0000	0.0000	0.0000	0.0000	0.0289	0.0069	0.0038	0.0051	0.0038	0.0047	0.0163	0.0000	0.0039	0.0000	2.0590	-0.0000	0.0000	2.0000	1.6797	5.0844	2.9843	0.0000	0.0000	0.0000	0.0000	0.0000	0.0000	0.0000	0.0000	0.0000	0.0001	0.0000	0.0001	0.0000	0.0000	0.0000	0.0001	0.0000	0.0001	0.1466	0.1331	0.0135	0.0819	0.0776	0.0043	0.0647	0.0555	0.0092	0.0521	0.0309	0.0211	0.0253	0.0223	0.0030	0.0267	0.0086	0.0182	0.0000	0.0000	0.0000	0.0000	0.0000	0.0000	0.0000	0.0000	0.0000	0.0023	0.0013	0.0038	0.0019	0.0017	0.0034	0.0026	0.0000	0.0039	
1	63	0.6649	8	0	0	1	1	0	0	0	0	N	N	N	N	N	N	N	N	N	N	N	N	0.0000	0.0000	0.0000	0.0000	0.0000	0.0000	inf	0.0000	0.0000	0.0000	0.0000	0.0000	0.0000	0.0000	0.0000	0.0000	0.0000	0.5934	0.8893	0.0011	0.4677	0.4880	0.0000	0.0016	0.0000	0.0012	0.0000	0.0303	-0.0000	-0.0002	2.0000	0.4935	5.0844	1.5835	0.0000	0.0000	0.0000	0.0000	0.0000	0.0000	0.0000	0.0000	0.0000	0.0003	0.0003	0.0000	0.0003	0.0003	0.0000	0.0000	0.0000	0.0000	0.0808	0.0745	0.0063	0.0432	0.0419	0.0013	0.0376	0.0326	0.0049	0.0232	0.0137	0.0095	0.0116	0.0102	0.0014	0.0116	0.0035	0.0081	0.0001	0.0000	0.0000	0.0000	0.0000	0.0000	0.0000	inf	0.0000	0.0147	0.0241	0.0011	0.0285	0.0325	0.0000	0.0009	0.0000	0.0012	
1	64	0.7019	10	0	1	1	1	0	0	0	0	N	N	N	N	N	N	N	N	N	N	N	N	0.0000	inf	0.0000	0.0000	inf	0.0000	0.0000	0.0000	0.0000	0.0000	0.0000	0.0000	0.0000	0.0000	0.0000	0.0000	0.0000	0.7384	0.0000	0.1663	0.5650	0.0000	0.9854	0.0677	0.0000	0.0102	0.0000	inf	-0.0000	0.0001	2.0000	0.2944	5.0844	1.0083	0.0000	0.0000	0.0000	0.0000	0.0000	0.0000	0.0000	0.0000	0.0000	0.0003	0.0000	0.0003	0.0003	0.0000	0.0003	0.0001	0.0000	0.0001	0.0312	0.0269	0.0043	0.0245	0.0212	0.0032	0.0067	0.0056	0.0011	0.0144	0.0086	0.0058	0.0074	0.0064	0.0009	0.0070	0.0021	0.0049	0.0000	inf	0.0000	0.0000	inf	0.0000	0.0000	0.0000	0.0000	0.0215	0.0000	0.0531	0.0353	0.0000	0.2837	0.0071	0.0000	0.0102	
1	65	0.6811	9	0	0	1	1	0	0	0	0	N	N	N	N	N	N	N	N	N	N	N	N	0.0000	0.0000	0.0000	0.0000	0.0000	0.0000	0.0000	0.0000	0.0000	0.0000	0.0000	0.0000	0.0000	0.4007	0.6656	0.0000	0.2694	0.2910	0.0000	0.0000	0.0000	0.0000	0.0000	0.0000	-0.0000	-0.0002	2.0000	1.1351	5.0844	2.0429	0.0000	0.0000	0.0000	0.0000	0.0000	0.0000	0.0000	0.0000	0.0000	0.0003	0.0003	0.0000	0.0003	0.0003	0.0000	0.0000	0.0000	0.0000	0.1169	0.1066	0.0102	0.0643	0.0614	0.0029	0.0526	0.0453	0.0073	0.0358	0.0214	0.0145	0.0179	0.0158	0.0021	0.0179	0.0056	0.0123	0.0000	0.0000	0.0000	0.0000	0.0000	0.0000	0.0000	0.0000	0.0000	0.0087	0.0145	0.0000	0.0174	0.0197	0.0000	0.0000	0.0000	0.0000					
1	66	0.6649	8	0	0	1	1	0	0	0	0	N	N	N	N	N	N	N	N	N	N	N	N	0.0000	0.0000	0.0000	0.0000	inf	inf	0.0000	0.0000	0.0000	0.0000	0.0000	0.0000	0.0000	0.0000	0.0000	0.4398	0.7245	0.0000	0.3255	0.3467	0.0000	0.0000	0.0000	0.0000	0.0000	0.0000	-0.0000	-0.0002	2.0000	0.4912	5.0844	2.4266	0.0000	0.0000	0.0000	0.0000	0.0000	0.0000	0.0000	0.0000	0.0000	0.0003	0.0003	0.0000	0.0003	0.0003	0.0000	0.0000	0.0000	0.0000	0.0807	0.0744	0.0063	0.0431	0.0418	0.0013	0.0375	0.0326	0.0049	0.0322	0.0190	0.0132	0.0161	0.0141	0.0019	0.0161	0.0049	0.0112	0.0001	0.0000	0.0000	0.0001	0.0001	0.0000	inf	inf	0.0000	0.0099	0.0168	0.0000	0.0199	0.0226	0.0000	0.0000	0.0000	0.0000			
1	67	0.6598	7	0	0	1	1	0	0	0	0	N	N	N	N	N	N	N	N	N	N	N	N	0.0000	0.0000	0.0000	0.0000	0.0000	0.0000	0.0000	inf	0.0000	0.0000	0.0000	0.0000	0.0000	0.0001	0.0000	0.0000	0.0000	0.0000	1.6063	2.2350	0.1266	2.9130	2.9281	0.0131	0.4108	0.0000	0.0512	0.0000	0.0675	-0.0000	-0.0024	2.0000	0.6141	5.0844	1.2701	0.0000	0.0000	0.0000	0.0000	0.0000	0.0000	0.0000	0.0000	0.0000	0.0053	0.0050	0.0003	0.0050	0.0050	0.0000	0.0003	0.0000	0.0003	0.0972	0.0893	0.0080	0.0565	0.0540	0.0025	0.0407	0.0352	0.0055	0.0219	0.0130	0.0088	0.0109	0.0096	0.0013	0.0109	0.0034	0.0075	0.0001	0.0001	0.0000	0.0001	0.0001	0.0000	0.0005	inf	0.0000	0.2442	0.3832	0.0383	0.4593	0.5187	0.0079	0.0299	0.0000	0.0434
1	68	0.6272	6	1	1	2	1	0	0	0	0	N	N	Y	N	N	N	N	N	N	N	N	N	0.0000	0.0000	0.0000	0.0000	0.0000	0.0000	0.0000	0.0000	0.0000	0.0000	0.0000	0.0000	0.0000	0.0000	0.0000	0.0000	0.0000	0.0000	0.0000	0.0000	2.0000	0.0000	5.0844	0.0000	0.0000	0.0000	0.0000	0.0000	0.0000	0.0000	0.0000	0.0000	0.0000	0.0000	0.0000	0.0000	0.0000	0.0000	0.0000	0.0000	0.0000	0.0000	0.0000	0.0000	0.0000	0.0000	0.0000	0.0000	0.0000	0.0000	0.0000	0.0000	0.0000	0.0000	0.0000	0.0000	0.0000	0.0000	0.0000	0.0000	0.0000	0.0000	0.0000	0.0000	0.0000	0.0000	0.0000	0.0000	0.0000	0.0000	0.0000	0.0000	0.0000	0.0000	0.0000	0.0000	0.0000	0.0000											
1	69	0.1576	6	1	1	2	1	0	0	0	0	N	N	Y	N	N	N	N	N	N	N	N	N	0.0000	0.0000	0.0000	0.0000	0.0000	0.0000	0.0000	0.0000	0.0000	0.0000	0.0000	0.0000	0.0000	0.0000	0.0000	0.0000	0.0000	0.0000	0.0000	0.0000	2.0000	1.0000	5.0844	0.0000	0.0000	0.0000	0.0000	0.0000	0.0000	0.0000	0.0000	0.0000	0.0000	0.0000	0.0000	0.0000	0.0000	0.0000	0.0000	0.0000	0.0000	0.0000	0.0945	0.0869	0.0076	0.0680	0.0639	0.0041	0.0265	0.0230	0.0035	0.0113	0.0053	0.0060	0.0009	0.0009	0.0000	0.0104	0.0045	0.0060	0.0000	0.0000	0.0000	0.0000	0.0000	0.0000	0.0000	0.0000	0.0000	0.0000	0.0000	0.0000	0.0000	0.0000	0.0000	0.0000	0.0000	0.0000											
1	70	0.1576	6	1	1	2	1	0	0	0	0	N	N	Y	N	N	N	N	N	N	N	N	N	0.0000	0.0000	0.0000	0.0000	0.0000	0.0000	0.0000	0.0000	0.0000	0.0000	0.0000	0.0000	0.0000	0.0000	0.0000	0.0000	0.0000	0.0000	0.0000	0.0000	2.0000	0.0000	5.0844	0.0000	0.0000	0.0000	0.0000	0.0000	0.0000	0.0000	0.0000	0.0000	0.0000	0.0000	0.0000	0.0000	0.0000	0.0000	0.0000	0.0000	0.0000	0.0000	0.0000	0.0000	0.0000	0.0000	0.0000	0.0000	0.0000	0.0000	0.0000	0.0000	0.0000	0.0000	0.0000	0.0000	0.0000	0.0000	0.0000	0.0000	0.0000	0.0000	0.0000	0.0000	0.0000	0.0000	0.0000	0.0000	0.0000	0.0000	0.0000	0.0000	0.0000	0.0000	0.0000	0.0000	0.0000	0.0000											
1	71	0.1352	5	1	1	2	1	0	0	0	0	N	N	Y	N	N	N	N	N	N	N	N	N	0.0000	0.0000	0.0000	0.0000	0.0000	0.0000	0.0000	0.0000	0.0000	0.0000	0.0000	0.0000	0.0000	0.0000	0.0000	0.0000	0.0000	0.0000	0.0000	0.0000	2.0000	2.0000	5.0844	1.0000	0.0000	0.0000	0.0000	0.0000	0.0000	0.0000	0.0000	0.0000	0.0000	0.0000	0.0000	0.0000	0.0000	0.0000	0.0000	0.0000	0.0000	0.0000	0.1762	0.1614	0.0148	0.1180	0.1107	0.0073	0.0582	0.0507	0.0075	0.0360	0.0170	0.0191	0.0025	0.0024	0.0001	0.0335	0.0146	0.0190	0.0000	0.0000	0.0000	0.0000	0.0000	0.0000	0.0000	0.0000	0.0000	0.0000	0.0000	0.0000	0.0000	0.0000	0.0000	0.0000	0.0000	0.0000											
1	72	0.1123	4	1	0	2	1	0	0	0	0	N	N	Y	N	N	N	N	N	N	N	N	N	0.0000	0.0000	0.0000	0.0000	0.0000	0.0000	0.0000	0.0000	0.0000	0.0000	0.0000	0.0000	0.0000	0.0000	0.0000	0.0000	0.0000	0.0000	0.0000	0.0000	2.0000	1.0017	5.0844	2.0007	0.0000	0.0000	0.0000	0.0000	0.0000	0.0000	0.0000	0.0000	0.0000	0.0000	0.0000	0.0000	0.0000	0.0000	0.0000	0.0000	0.0000	0.0000	0.0705	0.0636	0.0069	0.0363	0.0341	0.0022	0.0342	0.0295	0.0047	0.0410	0.0192	0.0218	0.0036	0.0036	0.0000	0.0374	0.0156	0.0218	0.0000	0.0000	0.0000	0.0000	0.0000	0.0000	0.0000	0.0000	0.0000	0.0000	0.0000	0.0000	0.0000	0.0000	0.0000	0.0000	0.0000	0.0000											
1	73	0.6464	7	1	1	1	1	0	0	0	0	N	N	N	N	N	N	N	N	N	N	N	N	0.0000	0.0000	0.0000	0.0000	0.0000	0.0000	0.0000	0.0000	0.0000	0.0000	0.0000	0.0000	0.0000	0.0000	0.0000	0.0000	0.0000	0.0000	-0.0000	0.0000	2.0000	0.0000	5.0844	0.0000	0.0000	0.0000	0.0000	0.0000	0.0000	0.0000	0.0000	0.0000	0.0000	0.0000	0.0000	0.0000	0.0000	0.0000	0.0000	0.0000	0.0000	0.0000	0.0000	0.0000	0.0000	0.0000	0.0000	0.0000	0.0000	0.0000	0.0000	0.0000	0.0000	0.0000	0.0000	0.0000	0.0000	0.0000	0.0000	0.0000	0.0000	0.0000	0.0000	0.0000	0.0000	0.0000	0.0000	0.0000	0.0000	0.0000	0.0000	0.0000	0.0000	0.0000	0.0000	0.0000	0.0000	0.0000											
1	74	0.1393	5	1	1	1	1	0	0	0	0	N	N	N	N	N	N	N	N	N	N	N	N	0.0000	0.0000	0.0000	0.0000	0.0000	0.0000	0.0000	0.0000	0.0000	0.0000	0.0000	0.0000	0.0000	0.0000	0.0000	0.0000	0.0000	0.0000	0.0000	0.0000	2.0000	0.0000	5.0844	0.0010	0.0000	0.0000	0.0000	0.0000	0.0000	0.0000	0.0000	0.0000	0.0000	0.0000	0.0000	0.0000	0.0000	0.0000	0.0000	0.0000	0.0000	0.0000	0.0000	0.0000	0.0000	0.0000	0.0000	0.0000	0.0000	0.0000	0.0000	0.0056	0.0045	0.0011	0.0028	0.0028	0.0000	0.0028	0.0017	0.0011	0.0000	0.0000	0.0000	0.0000	0.0000	0.0000	0.0000	0.0000	0.0000	0.0000	0.0000	0.0000	0.0000	0.0000	0.0000	0.0000	0.0000	0.0000											
1	75	0.0525	3	0	1	1	2	0	0	0	0	N	N	N	Y	N	N	N	N	N	N	N	N	0.0000	0.0000	0.0000	0.0000	0.0000	0.0000	0.0000	0.0000	0.0000	0.0000	0.0000	0.0000	0.0000	0.0000	0.0000	0.0000	0.0000	0.0000	0.0000	0.0000	2.0000	0.0000	5.0844	0.0000	0.0000	0.0000	0.0000	0.0000	0.0000	0.0000	0.0000	0.0000	0.0000	0.0000	0.0000	0.0000	0.0000	0.0000	0.0000	0.0000	0.0000	0.0000	0.0000	0.0000	0.0000	0.0000	0.0000	0.0000	0.0000	0.0000	0.0000	0.0000	0.0000	0.0000	0.0000	0.0000	0.0000	0.0000	0.0000	0.0000	0.0000	0.0000	0.0000	0.0000	0.0000	0.0000	0.0000	0.0000	0.0000	0.0000	0.0000	0.0000	0.0000	0.0000	0.0000	0.0000	0.0000	0.0000											
1	76	0.0525	3	0	0	1	2	0	0	0	0	N	N	N	Y	N	N	N	N	N	N	N	N	0.0000	0.0000	0.0000	0.0000	0.0000	0.0000	0.0000	0.0000	0.0000	0.0000	0.0000	0.0000	0.0000	0.0000	0.0000	0.0000	0.0000	0.0000	0.0000	0.0000	2.0000	0.0000	5.0844	0.0000	0.0000	0.0000	0.0000	0.0000	0.0000	0.0000	0.0000	0.0000	0.0000	0.0000	0.0000	0.0000	0.0000	0.0000	0.0000	0.0000	0.0000	0.0000	0.0000	0.0000	0.0000	0.0000	0.0000	0.0000	0.0000	0.0000	0.0000	0.0000	0.0000	0.0000	0.0000	0.0000	0.0000	0.0000	0.0000	0.0000	0.0000	0.0000	0.0000	0.0000	0.0000	0.0000	0.0000	0.0000	0.0000	0.0000	0.0000	0.0000	0.0000	0.0000	0.0000	0.0000	0.0000	0.0000											
1	77	0.0371	2	0	0	1	2	0	0	0	0	N	N	N	Y	N	N	N	N	N	N	N	N	0.0000	0.0000	0.0000	0.0000	0.0000	0.0000	0.0000	0.0000	0.0000	0.0000	0.0000	0.0000	0.0000	0.0000	0.0000	0.0000	0.0000	0.0000	2.7452	2.6121	12.2848	3.6909	3.5311	0.0398	3.8030	0.0004	11.7626	4.9130	0.0000	0.2303	2.0000	0.0002	5.0844	2.9297	0.0000	0.0000	0.0000	0.0000	0.0000	0.0000	0.0000	0.0000	0.0000	0.7453	0.1260	0.6193	0.1261	0.1260	0.0001	0.6192	0.0000	0.6192	0.0000	0.0000	0.0000	0.0000	0.0000	0.0000	0.0000	0.0000	0.0000	0.3381	0.1847	0.1534	0.1532	0.1480	0.0052	0.1849	0.0367	0.1482	0.0000	0.0000	0.0000	0.0000	0.0000	0.0000	0.0000	0.0000	0.0000	2.2045	0.6825	4.0371	0.8234	0.8516	0.0171	3.3486	0.0000	4.1773	
1	80	0.1448	6	0	1	2	1	0	0	0	0	N	N	Y	N	N	N	N	N	N	N	N	N	0.0000	0.0000	0.0000	0.0000	0.0000	0.0000	0.0000	0.0000	0.0000	0.0000	0.0000	0.0000	0.0000	0.0000	0.0000	0.0000	0.0000	0.0000	0.0000	0.0000	2.0000	0.0029	5.0844	2.0135	0.0000	0.0000	0.0000	0.0000	0.0000	0.0000	0.0000	0.0000	0.0000	0.0000	0.0000	0.0000	0.0000	0.0000	0.0000	0.0000	0.0000	0.0000	0.0004	0.0004	0.0000	0.0003	0.0003	0.0000	0.0002	0.0001	0.0000	0.0279	0.0137	0.0142	0.0034	0.0033	0.0001	0.0245	0.0104	0.0141	0.0000	0.0000	0.0000	0.0000	0.0000	0.0000	0.0000	0.0000	0.0000	0.0000	0.0000	0.0000	0.0000	0.0000	0.0000	0.0000	0.0000	0.0000											
1	81	0.1383	5	0	1	1	1	0	0	0	0	N	N	N	N	N	N	N	N	N	N	N	N	8.7387	5.3637	0.0000	7.7005	8.8122	0.2181	inf	0.0000	2.6631	2.9041	0.0000	4.3430	4.4872	0.0000	0.0003	0.0004	0.0000	0.3047	0.5414	0.0014	0.5640	0.5092	0.0000	0.0016	0.0000	0.0014	0.0000	0.1265	-0.0527	-0.0001	2.0000	0.6188	5.0844	0.9475	0.2026	0.2026	0.0000	0.2026	0.2026	0.0000	0.0000	0.0000	0.0000	0.0002	0.0001	0.0000	0.0001	0.0001	0.0000	0.0000	0.0000	0.0000	0.0761	0.0698	0.0063	0.0467	0.0452	0.0015	0.0294	0.0246	0.0048	0.0247	0.0120	0.0126	0.0040	0.0039	0.0001	0.0207	0.0082	0.0125	416.3177	249.9498	0.0000	123.0388	124.6932	0.0000	0.3970	inf	0.0000	0.0064	0.0116	0.0014	0.0353	0.0360	0.0000	0.0009	0.0000	0.0014	
1	82	0.6496	7	0	1	2	1	0	0	0	0	N	N	Y	N	N	N	N	N	N	N	N	N	0.0000	0.0000	0.0000	0.0000	0.0000	0.0000	0.0000	0.0000	0.0000	0.0000	0.0000	0.0000	0.0000	0.0000	0.0000	0.0000	0.0000	0.0000	0.0000	0.0000	2.0000	0.0000	5.0844	1.0000	0.0000	0.0000	0.0000	0.0000	0.0000	0.0000	0.0000	0.0000	0.0000	0.0000	0.0000	0.0000	0.0000	0.0000	0.0000	0.0000	0.0000	0.0000	0.0000	0.0000	0.0000	0.0000	0.0000	0.0000	0.0000	0.0000	0.0000	0.0123	0.0071	0.0052	0.0059	0.0052	0.0008	0.0063	0.0019	0.0044	0.0000	0.0000	0.0000	0.0000	0.0000	0.0000	0.0000	0.0000	0.0000	0.0000	0.0000	0.0000	0.0000	0.0000	0.0000	0.0000	0.0000	0.0000											
1	83	0.1123	4	1	0	2	1	0	0	0	0	N	N	Y	N	N	N	N	N	N	N	N	N	0.0000	0.0000	0.0000	0.0000	0.0000	0.0000	0.0000	0.0000	0.0000	0.0000	0.0000	0.0000	0.0000	0.0000	0.0000	0.0000	0.0000	0.0000	0.0000	0.0000	2.0000	9.0001	5.0844	3.0001	0.0000	0.0000	0.0000	0.0000	0.0000	0.0000	0.0000	0.0000	0.0000	0.0000	0.0000	0.0000	0.0000	0.0000	0.0000	0.0000	0.0000	0.0000	0.4995	0.4488	0.0508	0.2258	0.2117	0.0141	0.2737	0.2370	0.0367	0.1506	0.0710	0.0796	0.0135	0.0133	0.0001	0.1372	0.0577	0.0795	0.0000	0.0000	0.0000	0.0000	0.0000	0.0000	0.0000	0.0000	0.0000	0.0000	0.0000	0.0000	0.0000	0.0000	0.0000	0.0000	0.0000	0.0000											
1	84	0.6272	6	1	0	2	1	0	0	0	0	N	N	Y	N	N	N	N	N	N	N	N	N	0.0000	0.0000	0.0000	0.0000	0.0000	0.0000	0.0000	0.0000	0.0000	0.0000	0.0000	0.0000	0.0000	0.0000	0.0000	0.0000	0.0000	0.0000	0.0000	0.0000	2.0000	4.0000	5.0844	0.0000	0.0000	0.0000	0.0000	0.0000	0.0000	0.0000	0.0000	0.0000	0.0000	0.0000	0.0000	0.0000	0.0000	0.0000	0.0000	0.0000	0.0000	0.0000	0.1704	0.1542	0.0163	0.1210	0.1125	0.0086	0.0494	0.0417	0.0077	0.0231	0.0118	0.0112	0.0085	0.0072	0.0013	0.0146	0.0047	0.0099	0.0000	0.0000	0.0000	0.0000	0.0000	0.0000	0.0000	0.0000	0.0000	0.0000	0.0000	0.0000	0.0000	0.0000	0.0000	0.0000	0.0000	0.0000											
1	85	0.6733	7	1	1	1	1	0	0	0	0	N	N	N	N	N	N	N	N	N	N	N	N	0.0000	0.0000	0.0000	0.0000	0.0000	0.0000	0.0000	0.0000	0.0000	0.0000	0.0000	0.0000	0.0000	0.0000	0.0000	0.0000	0.0000	2.1621	2.9503	0.0049	4.4673	4.5092	0.0447	0.0046	0.0000	0.0021	0.0020	-0.0000	-0.0175	2.0000	1.0086	5.0844	1.7435	0.0000	0.0000	0.0000	0.0000	0.0000	0.0000	0.0000	0.0000	0.0000	0.0337	0.0336	0.0001	0.0336	0.0336	0.0000	0.0000	0.0000	0.0000	0.0608	0.0547	0.0062	0.0339	0.0319	0.0020	0.0270	0.0228	0.0042	0.0416	0.0263	0.0152	0.0216	0.0195	0.0021	0.0200	0.0069	0.0131	0.0000	0.0000	0.0000	0.0000	0.0000	0.0000	0.0000	0.0000	0.0000	0.8098	1.2755	0.0044	1.5566	1.7248	0.0188	0.0014	0.0000	0.0021		
1	86	0.6272	6	1	1	1	1	0	0	0	0	N	N	N	N	N	N	N	N	N	N	N	N	0.0000	0.0000	0.0000	0.0000	0.0000	0.0000	0.0000	0.0000	0.0000	0.0000	0.0000	0.0000	0.0000	0.0000	0.0000	0.0000	2.3885	0.0373	10.4701	0.0193	0.0240	0.0000	2.9955	0.0000	9.9291	671.9597	0.0000	0.0160	2.0000	1.0165	5.0844	4.1395	0.0000	0.0000	0.0000	0.0000	0.0000	0.0000	0.0000	0.0000	0.0000	0.0336	0.0001	0.0336	0.0001	0.0001	0.0000	0.0336	0.0000	0.0336	0.0472	0.0427	0.0045	0.0343	0.0318	0.0025	0.0130	0.0109	0.0021	0.0294	0.0151	0.0143	0.0108	0.0092	0.0017	0.0186	0.0059	0.0126	0.0000	0.0000	0.0000	0.0000	0.0000	0.0000	0.0000	0.0000	0.0000	1.1451	0.0033	2.3521	0.0046	0.0055	0.0000	1.8112	0.0000	2.6648			
1	87	0.0710	3	1	1	1	1	0	0	0	0	N	N	N	N	N	N	N	N	N	N	N	N	0.0000	0.0000	0.0000	0.0000	0.0000	0.0000	0.0000	0.0000	0.0000	0.0000	0.0000	0.0000	0.0000	0.0000	0.0000	0.0000	3.6650	0.0004	16.6230	0.0037	0.0029	0.0000	4.0171	0.0000	17.5719	49998.5000	0.0000	0.4781	2.0000	9.0005	5.0844	5.0000	0.0000	0.0000	0.0000	0.0000	0.0000	0.0000	0.0000	0.0000	0.0000	1.0000	0.0000	1.0000	0.0000	0.0000	0.0000	1.0000	0.0000	1.0000	0.5525	0.4872	0.0653	0.0231	0.0217	0.0014	0.5294	0.4655	0.0639	0.2728	0.1435	0.1293	0.0141	0.0140	0.0001	0.2588	0.1295	0.1292	0.0000	0.0000	0.0000	0.0000	0.0000	0.0000	0.0000	0.0000	0.0000	3.6650	0.0001	7.7338	0.0014	0.0014	0.0000	3.8643	0.0000	7.7383			
1	88	0.6496	7	0	1	1	1	0	0	0	0	N	N	N	N	N	N	N	N	N	N	N	N	0.0000	0.0000	0.0000	0.0000	0.0000	0.0000	0.0000	0.0000	0.0000	0.0000	0.0000	0.0000	0.0000	0.0000	0.0000	0.0000	0.0000	0.0000	0.0000	0.0000	2.0000	0.0000	5.0844	0.0000	0.0000	0.0000	0.0000	0.0000	0.0000	0.0000	0.0000	0.0000	0.0000	0.0000	0.0000	0.0000	0.0000	0.0000	0.0000	0.0000	0.0000	0.0000	0.0000	0.0000	0.0000	0.0000	0.0000	0.0000	0.0000	0.0000	0.0000	0.0000	0.0000	0.0000	0.0000	0.0000	0.0000	0.0000	0.0000	0.0000	0.0000	0.0000	0.0000	0.0000	0.0000	0.0000	0.0000	0.0000	0.0000	0.0000	0.0000	0.0000	0.0000	0.0000	0.0000	0.0000	0.0000	0.0000											
1	89	0.1383	5	0	1	1	1	0	0	0	0	N	N	N	N	N	N	N	N	N	N	N	N	0.0000	0.0000	0.0000	0.0000	0.0000	0.0000	0.0000	0.0000	0.0000	0.0000	0.0000	0.0000	0.0000	0.0005	0.0013	0.0000	0.0042	0.0036	0.0000	0.0000	0.0000	0.0000	0.0000	0.0000	-0.0000	2.0000	1.9953	5.0844	1.0817	0.0000	0.0000	0.0000	0.0000	0.0000	0.0000	0.0000	0.0000	0.0000	0.0000	0.0000	0.0000	0.0000	0.0000	0.0000	0.0000	0.0000	0.0000	0.1498	0.1360	0.0138	0.0761	0.0730	0.0031	0.0737	0.0630	0.0107	0.0447	0.0218	0.0230	0.0061	0.0060	0.0001	0.0386	0.0158	0.0228	0.0000	0.0000	0.0000	0.0000	0.0000	0.0000	0.0000	0.0000	0.0000	0.0002	0.0005	0.0000	0.0016	0.0017	0.0000	0.0000	0.0000	0.0000						
1	90	0.1123	4	0	1	1	1	0	0	0	0	N	N	N	N	N	N	N	N	N	N	N	N	314.6298	377.5654	7.1598	inf	inf	inf	0.0000	0.0000	0.0000	4.9716	5.5143	0.0095	9.9025	10.5433	0.0305	0.0000	0.0000	0.0000	0.0158	0.0146	0.0013	0.0000	0.0000	0.0000	0.0075	0.0600	0.0013	0.0002	0.7500	-0.2076	-0.0000	2.0000	2.3999	5.0844	4.0713	0.7985	0.7983	0.0002	0.7985	0.7983	0.0002	0.0000	0.0000	0.0000	0.0001	0.0001	0.0001	0.0000	0.0000	0.0000	0.0001	0.0001	0.0001	0.1606	0.1448	0.0158	0.0806	0.0757	0.0049	0.0800	0.0691	0.0109	0.0855	0.0402	0.0453	0.0076	0.0075	0.0001	0.0779	0.0327	0.0453	3037.5805	2770.2064	7.1598	inf	inf	inf	0.0000	0.0000	0.0000	0.0016	0.0020	0.0013	0.0000	0.0000	0.0000	0.0018	0.0024	0.0013
1	91	0.0730	3	0	0	2	1	0	0	0	0	N	N	Y	N	N	N	N	N	N	N	N	N	0.0000	0.0000	0.0000	0.0000	0.0000	0.0000	0.0000	0.0000	0.0000	0.0000	0.0000	0.0000	0.0000	0.0000	0.0000	0.0000	0.0000	0.0000	0.0000	0.0000	2.0000	0.0000	5.0844	0.0000	0.0000	0.0000	0.0000	0.0000	0.0000	0.0000	0.0000	0.0000	0.0000	0.0000	0.0000	0.0000	0.0000	0.0000	0.0000	0.0000	0.0000	0.0000	0.0000	0.0000	0.0000	0.0000	0.0000	0.0000	0.0000	0.0000	0.0000	0.0000	0.0000	0.0000	0.0000	0.0000	0.0000	0.0000	0.0000	0.0000	0.0000	0.0000	0.0000	0.0000	0.0000	0.0000	0.0000	0.0000	0.0000	0.0000	0.0000	0.0000	0.0000	0.0000	0.0000	0.0000	0.0000	0.0000											
1	92	0.0409	2	0	0	2	1	0	0	0	0	N	N	Y	N	N	N	N	N	N	N	N	N	inf	inf	inf	inf	0.0001	0.0001	0.0000	0.0026	0.0026	0.0000	0.0000	0.0000	0.0000	0.0000	0.0000	0.0000	0.0000	0.0000	0.0000	0.0000	0.0000	0.0000	0.0000	-0.0000	0.0000	2.0000	3.7221	5.0844	2.9993	0.0000	0.0000	0.0000	0.0000	0.0000	0.0000	0.0000	0.0000	0.0000	0.0000	0.0000	0.0000	0.0000	0.0000	0.0000	0.0000	0.0000	0.0000	0.2775	0.2431	0.0344	0.0083	0.0082	0.0001	0.2692	0.2349	0.0343	0.1554	0.0817	0.0737	0.0075	0.0075	0.0000	0.1479	0.0742	0.0737	inf	inf	0.0000	inf	inf	0.0000	0.0000	0.0000	0.0000	0.0000	0.0000	0.0000	0.0000	0.0000	0.0000	0.0000	0.0000	0.0000						
1	94	0.1285	5	1	1	1	1	0	0	0	0	N	N	N	N	N	N	N	N	N	N	N	N	inf	inf	inf	inf	2.6800	2.9532	0.0000	5.3754	5.6706	0.0000	0.0000	0.0000	0.0000	0.0000	0.0000	0.0000	0.0000	0.0000	0.0000	0.0000	0.0000	0.0000	0.0000	-0.2531	0.0000	2.0000	5.9980	5.0844	4.9575	0.9727	0.9727	0.0000	0.9727	0.9727	0.0000	0.0000	0.0000	0.0000	0.0000	0.0000	0.0000	0.0000	0.0000	0.0000	0.0000	0.0000	0.0000	0.3629	0.3294	0.0336	0.1810	0.1715	0.0094	0.1820	0.1578	0.0241	0.1318	0.0651	0.0667	0.0147	0.0145	0.0002	0.1171	0.0506	0.0665	inf	inf	0.0000	inf	inf	0.0000	0.0000	0.0000	0.0000	0.0000	0.0000	0.0000	0.0000	0.0000	0.0000	0.0000	0.0000	0.0000						
1	95	0.6496	7	1	1	1	1	0	0	0	0	N	N	N	N	N	N	N	N	N	N	N	N	0.0000	0.0000	0.0000	0.0000	0.0000	0.0000	0.0000	0.0000	0.0000	0.0000	0.0000	0.0000	0.0000	0.0000	0.0000	0.0000	0.0000	0.0000	0.0000	0.0000	2.0000	0.0000	5.0844	2.0000	0.0000	0.0000	0.0000	0.0000	0.0000	0.0000	0.0000	0.0000	0.0000	0.0000	0.0000	0.0000	0.0000	0.0000	0.0000	0.0000	0.0000	0.0000	0.0000	0.0000	0.0000	0.0000	0.0000	0.0000	0.0000	0.0000	0.0000	0.0243	0.0141	0.0102	0.0118	0.0103	0.0015	0.0125	0.0038	0.0088	0.0000	0.0000	0.0000	0.0000	0.0000	0.0000	0.0000	0.0000	0.0000	0.0000	0.0000	0.0000	0.0000	0.0000	0.0000	0.0000	0.0000	0.0000											
1	96	0.6272	6	0	1	1	1	0	0	0	0	N	N	N	N	N	N	N	N	N	N	N	N	0.0000	0.0000	0.0000	0.0000	0.0000	0.0000	0.0000	0.0000	0.0000	0.0000	0.0000	0.0000	0.0000	0.0000	0.0000	0.0000	0.0000	0.0000	0.0000	0.0000	2.0000	4.0000	5.0844	0.0000	0.0000	0.0000	0.0000	0.0000	0.0000	0.0000	0.0000	0.0000	0.0000	0.0000	0.0000	0.0000	0.0000	0.0000	0.0000	0.0000	0.0000	0.0000	0.1704	0.1542	0.0163	0.1210	0.1125	0.0086	0.0494	0.0417	0.0077	0.0231	0.0118	0.0112	0.0085	0.0072	0.0013	0.0146	0.0047	0.0099	0.0000	0.0000	0.0000	0.0000	0.0000	0.0000	0.0000	0.0000	0.0000	0.0000	0.0000	0.0000	0.0000	0.0000	0.0000	0.0000	0.0000	0.0000											
1	97	0.0710	3	0	0	1	1	0	0	0	0	N	N	N	N	N	N	N	N	N	N	N	N	0.0000	0.0000	0.0000	0.0000	0.0000	0.0000	0.0000	0.0000	0.0000	0.0000	0.0000	0.0000	0.0000	0.0000	0.0000	0.0000	0.0000	0.0000	0.0000	0.0000	2.0000	3.9994	5.0844	4.0000	0.0000	0.0000	0.0000	0.0000	0.0000	0.0000	0.0000	0.0000	0.0000	0.0000	0.0000	0.0000	0.0000	0.0000	0.0000	0.0000	0.0000	0.0000	0.2862	0.2514	0.0348	0.0116	0.0108	0.0007	0.2746	0.2405	0.0341	0.1746	0.0928	0.0818	0.0085	0.0084	0.0000	0.1661	0.0844	0.0817	0.0000	0.0000	0.0000	0.0000	0.0000	0.0000	0.0000	0.0000	0.0000	0.0000	0.0000	0.0000	0.0000	0.0000	0.0000	0.0000	0.0000	0.0000											
1	98	0.6272	6	0	0	1	1	0	0	0	0	N	N	N	N	N	N	N	N	N	N	N	N	inf	inf	inf	inf	11.9636	13.2298	0.0000	16.5889	17.8701	0.0000	0.0000	0.0000	0.0000	0.0000	0.0000	0.0000	0.0000	0.0000	0.0000	0.0000	0.0000	0.0000	0.0000	-0.2602	0.0000	2.0000	1.0000	5.0844	0.0000	1.0000	1.0000	0.0000	1.0000	1.0000	0.0000	0.0000	0.0000	0.0000	0.0000	0.0000	0.0000	0.0000	0.0000	0.0000	0.0000	0.0000	0.0000	0.0836	0.0756	0.0080	0.0603	0.0560	0.0043	0.0233	0.0196	0.0037	0.0109	0.0056	0.0053	0.0040	0.0034	0.0006	0.0069	0.0022	0.0047	inf	inf	0.0000	inf	inf	0.0000	0.0000	0.0000	0.0000	0.0000	0.0000	0.0000	0.0000	0.0000	0.0000	0.0000	0.0000	0.0000						
1	99	0.1820	4	0	0	1	1	0	0	0	0	N	N	N	N	N	N	N	N	N	N	N	N	0.0028	0.0000	0.0090	0.0010	0.0000	0.0168	0.0042	0.0078	0.0139	0.0000	0.1177	0.0102	0.0000	0.4422	0.0150	0.0000	0.1020	4.9718	5.0023	13.1304	10.0994	10.4144	26.2922	3.5600	0.0000	13.0844	inf	0.7170	0.0018	-0.2029	2.0000	1.5982	5.0844	11.1970	0.0025	0.0000	0.0025	0.0004	0.0000	0.0004	0.0021	0.0000	0.0021	1.9452	1.1329	0.8123	1.1404	1.1329	0.0075	0.8048	0.0000	0.8048	0.1786	0.1575	0.0211	0.0422	0.0413	0.0010	0.1363	0.1162	0.0201	0.3912	0.2265	0.1648	0.1129	0.1088	0.0041	0.2783	0.1177	0.1606	0.0028	0.0000	0.0239	0.0010	0.0000	0.2449	0.0052	0.0000	0.0204	4.9718	5.0023	4.9300	10.0994	10.4144	1.8056	2.8916	0.0000	5.0103	
1	100	0.1300	6	1	1	2	1	0	0	0	0	N	N	Y	N	N	N	N	N	N	N	N	N	0.0000	0.0000	0.0000	0.0000	0.0000	0.0000	0.0000	0.0000	0.0000	0.0000	0.0000	0.0000	0.0000	0.0000	0.0000	0.0000	0.0000	0.0000	0.0000	0.0000	2.0000	0.0000	5.0844	0.9982	0.0000	0.0000	0.0000	0.0000	0.0000	0.0000	0.0000	0.0000	0.0000	0.0000	0.0000	0.0000	0.0000	0.0000	0.0000	0.0000	0.0000	0.0000	0.0076	0.0071	0.0005	0.0063	0.0061	0.0002	0.0012	0.0009	0.0003	0.0133	0.0065	0.0067	0.0015	0.0015	0.0000	0.0118	0.0051	0.0067	0.0000	0.0000	0.0000	0.0000	0.0000	0.0000	0.0000	0.0000	0.0000	0.0000	0.0000	0.0000	0.0000	0.0000	0.0000	0.0000	0.0000	0.0000											
1	101	0.6619	9	1	1	2	1	0	0	0	0	N	N	Y	N	N	N	N	N	N	N	N	N	0.0000	0.0000	0.0000	0.0000	0.0000	0.0000	0.0000	0.0000	0.0000	0.0000	0.0000	0.0000	0.0000	0.0000	0.0000	0.0000	0.0000	0.0000	0.0000	0.0000	2.0000	0.0000	5.0844	0.0000	0.0000	0.0000	0.0000	0.0000	0.0000	0.0000	0.0000	0.0000	0.0000	0.0000	0.0000	0.0000	0.0000	0.0000	0.0000	0.0000	0.0000	0.0000	0.0000	0.0000	0.0000	0.0000	0.0000	0.0000	0.0000	0.0000	0.0000	0.0000	0.0000	0.0000	0.0000	0.0000	0.0000	0.0000	0.0000	0.0000	0.0000	0.0000	0.0000	0.0000	0.0000	0.0000	0.0000	0.0000	0.0000	0.0000	0.0000	0.0000	0.0000	0.0000	0.0000	0.0000	0.0000	0.0000											
1	102	0.6619	8	1	0	2	1	0	0	0	0	N	N	Y	N	N	N	N	N	N	N	N	N	0.0000	0.0000	0.0000	0.0000	0.0000	0.0000	0.0000	0.0000	0.0000	0.0000	0.0000	0.0000	0.0000	0.0000	0.0000	0.0000	0.0000	0.0000	0.0000	0.0000	2.0000	0.0000	5.0844	0.0000	0.0000	0.0000	0.0000	0.0000	0.0000	0.0000	0.0000	0.0000	0.0000	0.0000	0.0000	0.0000	0.0000	0.0000	0.0000	0.0000	0.0000	0.0000	0.0000	0.0000	0.0000	0.0000	0.0000	0.0000	0.0000	0.0000	0.0000	0.0000	0.0000	0.0000	0.0000	0.0000	0.0000	0.0000	0.0000	0.0000	0.0000	0.0000	0.0000	0.0000	0.0000	0.0000	0.0000	0.0000	0.0000	0.0000	0.0000	0.0000	0.0000	0.0000	0.0000	0.0000	0.0000	0.0000											
1	103	0.6558	7	1	0	2	1	0	0	0	0	N	N	Y	N	N	N	N	N	N	N	N	N	0.0000	0.0000	0.0000	0.0000	0.0000	0.0000	0.0000	0.0000	0.0000	0.0000	0.0000	0.0000	0.0000	0.0000	0.0000	0.0000	0.0000	0.0000	0.0000	0.0000	2.0000	0.0000	5.0844	1.0091	0.0000	0.0000	0.0000	0.0000	0.0000	0.0000	0.0000	0.0000	0.0000	0.0000	0.0000	0.0000	0.0000	0.0000	0.0000	0.0000	0.0000	0.0000	0.0000	0.0000	0.0000	0.0000	0.0000	0.0000	0.0000	0.0000	0.0000	0.0125	0.0071	0.0053	0.0060	0.0052	0.0008	0.0065	0.0019	0.0046	0.0000	0.0000	0.0000	0.0000	0.0000	0.0000	0.0000	0.0000	0.0000	0.0000	0.0000	0.0000	0.0000	0.0000	0.0000	0.0000	0.0000	0.0000											
1	104	0.0710	3	0	1	1	1	0	0	0	0	N	N	N	N	N	N	N	N	N	N	N	N	inf	inf	inf	inf	1.9790	2.2459	0.0000	0.0000	0.0000	0.0000	2.0649	2.3499	0.0000	0.0000	0.0000	0.0000	0.0000	0.0000	0.0000	0.0000	0.0000	0.0000	0.0000	-0.2602	0.0000	2.0000	7.9994	5.0844	4.0001	1.0000	1.0000	0.0000	0.0000	0.0000	0.0000	1.0000	1.0000	0.0000	0.0000	0.0000	0.0000	0.0000	0.0000	0.0000	0.0000	0.0000	0.0000	0.5053	0.4453	0.0601	0.0210	0.0197	0.0013	0.4843	0.4256	0.0588	0.2426	0.1281	0.1145	0.0123	0.0122	0.0001	0.2303	0.1159	0.1145	inf	inf	0.0000	0.0000	0.0000	0.0000	inf	inf	0.0000	0.0000	0.0000	0.0000	0.0000	0.0000	0.0000	0.0000	0.0000	0.0000						
1	105	0.1335	7	1	0	2	1	0	0	0	0	N	N	Y	N	N	N	N	N	N	N	N	N	0.0000	0.0000	0.0000	0.0000	0.0000	0.0000	0.0000	0.0000	0.0000	0.0000	0.0000	0.0000	0.0000	0.0000	0.0000	0.0000	38.3060	0.0078	75.2996	0.0362	0.0301	0.0000	43.0404	0.0000	75.5409	56479.1071	0.0000	0.4781	2.0000	1.0000	5.0844	1.0005	0.0000	0.0000	0.0000	0.0000	0.0000	0.0000	0.0000	0.0000	0.0000	1.0000	0.0000	0.9999	0.0000	0.0000	0.0000	0.9999	0.0000	0.9999	0.0688	0.0626	0.0062	0.0363	0.0345	0.0018	0.0325	0.0281	0.0044	0.0261	0.0128	0.0133	0.0029	0.0028	0.0000	0.0232	0.0100	0.0132	0.0000	0.0000	0.0000	0.0000	0.0000	0.0000	0.0000	0.0000	0.0000	38.3060	0.0014	75.2996	0.0062	0.0063	0.0000	43.0404	0.0000	75.5409			
1	106	0.1300	6	1	0	2	1	0	0	0	0	N	N	Y	N	N	N	N	N	N	N	N	N	36.8016	inf	0.0000	inf	inf	0.0000	0.0000	0.6451	0.7066	0.0000	1.1356	1.1912	0.0000	0.0000	0.0000	0.0000	0.0175	0.0000	0.0034	0.0000	0.0000	0.0000	0.0092	0.0000	0.0034	0.0000	inf	-0.0097	0.0000	2.0000	0.7249	5.0844	0.0368	0.0371	0.0371	0.0000	0.0371	0.0371	0.0000	0.0000	0.0000	0.0000	0.0000	0.0000	0.0000	0.0000	0.0000	0.0000	0.0000	0.0000	0.0000	0.0575	0.0525	0.0050	0.0327	0.0312	0.0015	0.0249	0.0214	0.0035	0.0102	0.0050	0.0052	0.0012	0.0012	0.0000	0.0090	0.0039	0.0052	371.1902	inf	0.0000	inf	inf	0.0000	0.0000	0.0000	0.0000	0.0017	0.0000	0.0034	0.0000	0.0000	0.0000	0.0020	0.0000	0.0034		
1	107	0.1285	5	1	0	2	1	0	0	0	0	N	N	Y	N	N	N	N	N	N	N	N	N	74.5786	21.6833	14.6714	17.2448	2.3854	2.5918	0.0000	3.8414	4.0255	0.0000	0.0000	0.0000	0.0000	0.0320	0.1195	0.0000	0.2618	0.2334	0.0000	0.0000	0.0000	0.0000	0.0000	0.0000	-0.0227	-0.0000	2.0000	0.4159	5.0844	0.0887	0.0871	0.0871	0.0000	0.0871	0.0871	0.0000	0.0000	0.0000	0.0000	0.0000	0.0000	0.0000	0.0000	0.0000	0.0000	0.0000	0.0000	0.0000	0.0365	0.0336	0.0029	0.0227	0.0216	0.0010	0.0138	0.0120	0.0019	0.0073	0.0037	0.0036	0.0011	0.0010	0.0000	0.0063	0.0027	0.0036	987.1124	542.2273	0.0000	229.1938	237.6505	0.0000	0.0000	0.0000	0.0000	0.0024	0.0048	0.0000	0.0168	0.0169	0.0000	0.0000	0.0000	0.0000					
1	108	0.1123	4	1	0	1	1	0	0	0	0	N	N	N	N	N	N	N	N	N	N	N	N	5859.0751	inf	0.7924	inf	inf	inf	0.0000	0.0000	3.8327	4.2564	0.0004	7.8435	8.3567	0.0013	0.0000	0.0000	0.0000	0.0007	0.0000	0.0005	0.0000	0.0000	0.0000	0.0003	0.0000	0.0005	0.0000	inf	-0.2535	0.0000	2.0000	3.9943	5.0844	0.9974	0.9745	0.9745	0.0000	0.9745	0.9745	0.0000	0.0000	0.0000	0.0000	0.0000	0.0000	0.0000	0.0000	0.0000	0.0000	0.0000	0.0000	0.0000	0.2543	0.2289	0.0253	0.1242	0.1166	0.0076	0.1300	0.1123	0.0177	0.0669	0.0314	0.0355	0.0059	0.0059	0.0001	0.0610	0.0255	0.0355	14486.9172	inf	0.7924	inf	inf	inf	0.0000	0.0000	0.0000	0.0003	0.0000	0.0005	0.0000	0.0000	0.0000	0.0003	0.0000	0.0005	
1	109	0.6558	7	1	0	2	1	0	0	0	0	N	N	Y	N	N	N	N	N	N	N	N	N	0.0000	0.0000	0.0000	0.0000	0.0000	0.0000	0.0000	0.0000	0.0000	0.0000	0.0000	0.0000	0.0000	0.0000	0.0000	0.0000	0.0000	0.0000	0.0000	0.0000	2.0000	0.0000	5.0844	0.9909	0.0000	0.0000	0.0000	0.0000	0.0000	0.0000	0.0000	0.0000	0.0000	0.0000	0.0000	0.0000	0.0000	0.0000	0.0000	0.0000	0.0000	0.0000	0.0000	0.0000	0.0000	0.0000	0.0000	0.0000	0.0000	0.0000	0.0000	0.0122	0.0070	0.0052	0.0059	0.0051	0.0007	0.0064	0.0019	0.0045	0.0000	0.0000	0.0000	0.0000	0.0000	0.0000	0.0000	0.0000	0.0000	0.0000	0.0000	0.0000	0.0000	0.0000	0.0000	0.0000	0.0000	0.0000											
1	110	0.6272	6	1	0	2	1	0	0	0	0	N	N	Y	N	N	N	N	N	N	N	N	N	inf	inf	inf	inf	0.0002	0.0000	0.0018	0.0000	0.0000	0.0000	0.0006	0.0000	0.0039	0.0000	0.0000	0.0000	0.0000	0.0000	0.0000	0.0000	0.0000	0.0000	inf	0.0000	0.0000	2.0000	4.0000	5.0844	0.0000	0.0000	0.0000	0.0000	0.0000	0.0000	0.0000	0.0000	0.0000	0.0000	0.0000	0.0000	0.0000	0.0000	0.0000	0.0000	0.0000	0.0000	0.0000	0.1704	0.1542	0.0163	0.1210	0.1125	0.0086	0.0494	0.0417	0.0077	0.0231	0.0118	0.0112	0.0085	0.0072	0.0013	0.0146	0.0047	0.0099	inf	0.0000	inf	0.0000	0.0000	0.0000	inf	0.0000	inf	0.0000	0.0000	0.0000	0.0000	0.0000	0.0000	0.0000	0.0000	0.0000						
1	112	0.1169	4	0	0	2	1	0	0	0	0	N	N	Y	N	N	N	N	N	N	N	N	N	0.0000	0.0000	0.0000	0.0000	0.0000	0.0000	0.0000	0.0000	0.0000	0.0000	0.0000	0.0000	0.0000	0.0000	0.0000	0.0000	0.0000	0.0000	0.0000	0.0000	2.0000	0.0000	5.0844	0.0001	0.0000	0.0000	0.0000	0.0000	0.0000	0.0000	0.0000	0.0000	0.0000	0.0000	0.0000	0.0000	0.0000	0.0000	0.0000	0.0000	0.0000	0.0000	0.0000	0.0000	0.0000	0.0000	0.0000	0.0000	0.0000	0.0000	0.0000	0.0000	0.0000	0.0000	0.0000	0.0000	0.0000	0.0000	0.0000	0.0000	0.0000	0.0000	0.0000	0.0000	0.0000	0.0000	0.0000	0.0000	0.0000	0.0000	0.0000	0.0000	0.0000	0.0000	0.0000	0.0000	0.0000	0.0000											
1	113	0.0710	3	0	0	2	1	0	0	0	0	N	N	Y	N	N	N	N	N	N	N	N	N	0.0000	0.0000	0.0000	0.0000	0.0000	0.0000	0.0000	0.0000	0.0000	0.0000	0.0000	0.0000	0.0000	0.0000	0.0000	0.0000	0.0000	0.0000	0.0000	0.0000	2.0000	4.0004	5.0844	4.9999	0.0000	0.0000	0.0000	0.0000	0.0000	0.0000	0.0000	0.0000	0.0000	0.0000	0.0000	0.0000	0.0000	0.0000	0.0000	0.0000	0.0000	0.0000	0.2863	0.2514	0.0348	0.0116	0.0108	0.0007	0.2747	0.2406	0.0341	0.1926	0.1022	0.0904	0.0094	0.0094	0.0000	0.1832	0.0928	0.0904	0.0000	0.0000	0.0000	0.0000	0.0000	0.0000	0.0000	0.0000	0.0000	0.0000	0.0000	0.0000	0.0000	0.0000	0.0000	0.0000	0.0000	0.0000											
1	114	0.6598	7	0	1	1	1	0	0	0	0	N	N	N	N	N	N	N	N	N	N	N	N	0.0000	0.2000	0.0000	0.1585	0.2610	0.0000	0.0000	inf	0.0000	0.0001	0.0001	0.0000	0.0002	0.0002	0.0000	0.0000	0.0000	0.0000	10.5652	0.0005	31.4008	0.0010	0.0007	0.0021	21.1815	0.0000	38.6479	0.0000	99497.9101	-0.0000	0.4757	2.0000	4.3361	5.0844	4.6323	0.0000	0.0000	0.0000	0.0000	0.0000	0.0000	0.0000	0.0000	0.0000	0.9950	0.0000	0.9950	0.0000	0.0000	0.0000	0.9950	0.0000	0.9950	0.2895	0.2605	0.0291	0.1655	0.1548	0.0106	0.1240	0.1056	0.0184	0.0942	0.0557	0.0384	0.0472	0.0415	0.0057	0.0470	0.0142	0.0327	0.0000	0.5834	0.0000	0.3809	0.7157	0.0000	0.0000	inf	0.0000	10.5652	0.0002	25.8817	0.0004	0.0002	0.0018	21.1815	0.0000	30.3852
1	115	0.6272	6	0	0	1	1	0	0	0	0	N	N	N	N	N	N	N	N	N	N	N	N	0.0002	0.0441	0.0000	0.0000	0.0000	0.0006	inf	0.0000	0.0003	0.0004	0.0000	0.0000	0.0000	0.0000	0.0012	0.0014	0.0000	1.8216	0.0082	5.3251	0.0056	0.0059	0.0000	2.1133	0.0000	1.9529	0.0004	499.9700	-0.0000	0.0024	2.0000	1.9840	5.0844	0.2610	0.0000	0.0000	0.0000	0.0000	0.0000	0.0000	0.0000	0.0000	0.0000	0.0050	0.0000	0.0050	0.0000	0.0000	0.0000	0.0050	0.0000	0.0050	0.0896	0.0810	0.0086	0.0645	0.0599	0.0046	0.0250	0.0211	0.0039	0.0132	0.0068	0.0064	0.0048	0.0041	0.0007	0.0083	0.0027	0.0057	0.0009	0.2459	0.0000	0.0000	0.0000	0.0000	0.0020	inf	0.0000	0.3802	0.0015	0.7799	0.0021	0.0024	0.0000	0.5995	0.0000	0.8829	
1	116	0.0710	3	0	1	1	2	0	0	0	0	N	N	N	Y	N	N	N	N	N	N	N	N	inf	inf	inf	inf	2.8879	3.2853	0.0000	0.0000	0.0000	0.0000	3.0106	3.4346	0.0000	0.0000	0.0000	0.0000	0.0000	0.0000	0.0000	0.0000	0.0000	0.0000	0.0000	-0.2602	0.0000	2.0000	5.0006	5.0844	2.0000	1.0000	1.0000	0.0000	0.0000	0.0000	0.0000	1.0000	1.0000	0.0000	0.0000	0.0000	0.0000	0.0000	0.0000	0.0000	0.0000	0.0000	0.0000	0.3463	0.3044	0.0419	0.0141	0.0132	0.0009	0.3322	0.2912	0.0410	0.1558	0.0830	0.0729	0.0075	0.0074	0.0000	0.1484	0.0755	0.0728	inf	inf	0.0000	0.0000	0.0000	0.0000	inf	inf	0.0000	0.0000	0.0000	0.0000	0.0000	0.0000	0.0000	0.0000	0.0000	0.0000						
1	117	0.6272	6	0	1	1	2	0	0	0	0	N	N	N	Y	N	N	N	N	N	N	N	N	0.0000	0.0000	0.0000	0.0000	0.0000	0.0000	0.0000	0.0000	0.0000	0.0000	0.0000	0.0000	0.0000	0.0000	0.0000	0.0000	0.0000	0.0000	0.0000	0.0000	2.0000	0.0000	5.0844	1.0000	0.0000	0.0000	0.0000	0.0000	0.0000	0.0000	0.0000	0.0000	0.0000	0.0000	0.0000	0.0000	0.0000	0.0000	0.0000	0.0000	0.0000	0.0000	0.0000	0.0000	0.0000	0.0000	0.0000	0.0000	0.0000	0.0000	0.0000	0.0083	0.0042	0.0040	0.0030	0.0026	0.0005	0.0052	0.0017	0.0036	0.0000	0.0000	0.0000	0.0000	0.0000	0.0000	0.0000	0.0000	0.0000	0.0000	0.0000	0.0000	0.0000	0.0000	0.0000	0.0000	0.0000	0.0000											
1	118	0.0710	3	0	1	1	1	0	0	0	0	N	N	N	N	N	N	N	N	N	N	N	N	inf	inf	inf	inf	0.0000	0.0000	0.0000	0.0000	0.0000	0.0000	0.0000	0.0000	0.0000	0.0000	0.0000	0.0000	0.0000	0.0000	0.0000	0.0000	0.0000	0.0000	0.0000	-0.0000	0.0000	2.0000	16.9994	5.0844	6.0000	0.0000	0.0000	0.0000	0.0000	0.0000	0.0000	0.0000	0.0000	0.0000	0.0000	0.0000	0.0000	0.0000	0.0000	0.0000	0.0000	0.0000	0.0000	0.8551	0.7575	0.0976	0.0367	0.0344	0.0023	0.8184	0.7230	0.0953	0.3845	0.1994	0.1851	0.0215	0.0214	0.0001	0.3630	0.1780	0.1850	inf	inf	0.0000	0.0000	0.0000	0.0000	inf	inf	0.0000	0.0000	0.0000	0.0000	0.0000	0.0000	0.0000	0.0000	0.0000	0.0000						
1	119	0.6272	6	0	1	1	1	0	0	0	0	N	N	N	N	N	N	N	N	N	N	N	N	inf	inf	inf	inf	0.0001	0.0002	0.0000	0.0000	0.0000	0.0000	0.0005	0.0006	0.0000	0.0000	0.0000	0.0000	0.0000	0.0000	0.0000	0.0000	0.0000	0.0000	0.0000	-0.0000	0.0000	2.0000	5.0000	5.0844	6.0000	0.0000	0.0000	0.0000	0.0000	0.0000	0.0000	0.0000	0.0000	0.0000	0.0000	0.0000	0.0000	0.0000	0.0000	0.0000	0.0000	0.0000	0.0000	0.2073	0.1875	0.0198	0.1462	0.1359	0.0103	0.0611	0.0516	0.0095	0.0591	0.0304	0.0287	0.0220	0.0186	0.0034	0.0372	0.0119	0.0253	inf	inf	0.0000	0.0000	0.0000	0.0000	inf	inf	0.0000	0.0000	0.0000	0.0000	0.0000	0.0000	0.0000	0.0000	0.0000	0.0000						
1	120	0.6552	7	0	1	1	1	0	0	0	0	N	N	N	N	N	N	N	N	N	N	N	N	0.0003	0.0286	0.0000	0.0000	0.0000	0.0000	0.0871	inf	0.0000	0.0007	0.0007	0.0000	0.0000	0.0000	0.0000	0.0023	0.0028	0.0000	2.2007	0.0258	9.8372	4.8482	0.0116	100.2684	0.0270	0.0000	0.0051	0.0000	585.3626	-0.0000	0.0084	2.0000	0.9998	5.0844	0.9486	0.0000	0.0000	0.0000	0.0000	0.0000	0.0000	0.0000	0.0000	0.0000	0.0176	0.0000	0.0176	0.0175	0.0000	0.0175	0.0000	0.0000	0.0000	0.0447	0.0401	0.0046	0.0321	0.0295	0.0026	0.0126	0.0106	0.0020	0.0203	0.0111	0.0092	0.0096	0.0084	0.0012	0.0107	0.0027	0.0079	0.0008	0.2735	0.0000	0.0000	0.0000	0.0000	0.6257	inf	0.0000	0.8679	0.0027	1.9187	1.8249	0.0036	14.1974	0.0038	0.0000	0.0051
1	121	0.6272	6	0	1	1	1	0	0	0	0	N	N	N	N	N	N	N	N	N	N	N	N	0.0000	0.0000	0.0001	0.0000	0.0000	0.0022	inf	0.0002	0.0000	0.0000	0.0000	0.0000	0.0000	0.0000	0.0000	0.0000	0.0000	1.8585	2.6767	0.0015	4.0779	4.2746	0.0000	0.0027	0.0000	0.0017	0.0090	0.0017	-0.0000	-0.0092	2.0000	3.0005	5.0844	1.1085	0.0000	0.0000	0.0000	0.0000	0.0000	0.0000	0.0000	0.0000	0.0000	0.0176	0.0176	0.0000	0.0176	0.0176	0.0000	0.0000	0.0000	0.0000	0.2261	0.2046	0.0215	0.1589	0.1478	0.0111	0.0672	0.0568	0.0104	0.0421	0.0217	0.0205	0.0156	0.0132	0.0024	0.0266	0.0085	0.0181	0.0000	0.0000	0.0001	0.0000	0.0000	0.0000	0.0053	inf	0.0002	0.4174	0.8103	0.0015	1.1260	1.3322	0.0000	0.0011	0.0000	0.0017	
1	122	0.1123	4	0	1	1	1	0	0	0	0	N	N	N	N	N	N	N	N	N	N	N	N	0.0000	0.0000	0.0000	0.0000	0.0000	0.0000	0.0000	0.0000	0.0000	0.0000	0.0000	0.0000	0.0000	0.0000	0.0000	0.0000	0.0000	0.0000	0.0000	0.0000	2.0000	2.0001	5.0844	3.0000	0.0000	0.0000	0.0000	0.0000	0.0000	0.0000	0.0000	0.0000	0.0000	0.0000	0.0000	0.0000	0.0000	0.0000	0.0000	0.0000	0.0000	0.0000	0.1357	0.1223	0.0133	0.0686	0.0644	0.0042	0.0671	0.0579	0.0092	0.0670	0.0315	0.0356	0.0059	0.0059	0.0001	0.0611	0.0256	0.0355	0.0000	0.0000	0.0000	0.0000	0.0000	0.0000	0.0000	0.0000	0.0000	0.0000	0.0000	0.0000	0.0000	0.0000	0.0000	0.0000	0.0000	0.0000											
1	123	0.0710	3	0	0	1	1	0	0	0	0	N	N	N	N	N	N	N	N	N	N	N	N	inf	inf	inf	inf	2.1960	2.4941	0.0000	0.0000	0.0000	0.0000	2.2907	2.6089	0.0000	0.0000	0.0000	0.0000	0.0000	0.0000	0.0000	0.0000	0.0000	0.0000	0.0000	-0.2602	0.0000	2.0000	6.9986	5.0844	2.0000	1.0000	1.0000	0.0000	0.0000	0.0000	0.0000	1.0000	1.0000	0.0000	0.0000	0.0000	0.0000	0.0000	0.0000	0.0000	0.0000	0.0000	0.0000	0.4554	0.4010	0.0544	0.0188	0.0177	0.0012	0.4366	0.3833	0.0533	0.1926	0.1022	0.0904	0.0094	0.0094	0.0000	0.1832	0.0928	0.0904	inf	inf	0.0000	0.0000	0.0000	0.0000	inf	inf	0.0000	0.0000	0.0000	0.0000	0.0000	0.0000	0.0000	0.0000	0.0000	0.0000						
1	124	0.6607	7	0	1	1	1	0	0	0	0	N	N	N	N	N	N	N	N	N	N	N	N	0.0000	0.0000	0.0000	0.0000	0.0000	0.0000	0.0000	0.0000	0.0000	0.0000	0.0000	0.0000	0.0000	0.0000	0.0000	0.0000	0.0000	0.1526	0.1701	0.0030	0.1112	0.0572	0.0491	0.0003	0.0000	0.0003	0.4762	-0.0000	-0.0001	2.0000	3.9006	5.0844	3.1543	0.0000	0.0000	0.0000	0.0000	0.0000	0.0000	0.0000	0.0000	0.0000	0.0003	0.0002	0.0001	0.0003	0.0002	0.0001	0.0000	0.0000	0.0000	0.3330	0.3037	0.0293	0.2471	0.2310	0.0161	0.0859	0.0727	0.0133	0.0717	0.0387	0.0330	0.0288	0.0244	0.0044	0.0429	0.0143	0.0286	0.0000	0.0000	0.0000	0.0000	0.0000	0.0000	0.0000	0.0000	0.0000	0.0043	0.0054	0.0030	0.0104	0.0086	0.0206	0.0002	0.0000	0.0003		
1	125	0.6272	6	0	1	1	1	0	0	0	0	N	N	N	N	N	N	N	N	N	N	N	N	0.0000	0.0000	0.0000	0.0000	0.0000	0.0000	0.0000	0.0000	0.0000	0.0000	0.0000	0.0000	0.0000	0.0000	0.0000	0.0000	0.3935	0.1570	0.0334	0.0478	0.0568	0.0000	0.1078	0.0000	0.0131	2.0999	0.0000	0.0000	2.0000	1.6924	5.0844	1.9110	0.0000	0.0000	0.0000	0.0000	0.0000	0.0000	0.0000	0.0000	0.0000	0.0003	0.0001	0.0002	0.0001	0.0001	0.0000	0.0002	0.0000	0.0002	0.1363	0.1233	0.0130	0.0974	0.0905	0.0069	0.0389	0.0328	0.0061	0.0373	0.0192	0.0181	0.0138	0.0117	0.0021	0.0235	0.0075	0.0160	0.0000	0.0000	0.0000	0.0000	0.0000	0.0000	0.0000	0.0000	0.0000	0.0083	0.0052	0.0116	0.0073	0.0086	0.0000	0.0089	0.0000	0.0131			
1	126	0.0710	3	0	1	1	1	0	0	0	0	N	N	N	N	N	N	N	N	N	N	N	N	0.0000	0.0000	0.0000	0.0000	0.0000	0.0000	0.0000	0.0000	0.0000	0.0000	0.0000	0.0000	0.0000	0.0000	0.0000	0.0000	0.0000	0.0000	0.0000	0.0000	2.0000	0.9996	5.0844	8.0005	0.0000	0.0000	0.0000	0.0000	0.0000	0.0000	0.0000	0.0000	0.0000	0.0000	0.0000	0.0000	0.0000	0.0000	0.0000	0.0000	0.0000	0.0000	0.0795	0.0697	0.0099	0.0031	0.0029	0.0002	0.0764	0.0667	0.0097	0.1926	0.1022	0.0904	0.0094	0.0094	0.0000	0.1832	0.0928	0.0904	0.0000	0.0000	0.0000	0.0000	0.0000	0.0000	0.0000	0.0000	0.0000	0.0000	0.0000	0.0000	0.0000	0.0000	0.0000	0.0000	0.0000	0.0000											
1	127	0.1984	5	0	0	1	1	0	0	0	0	N	N	N	N	N	N	N	N	N	N	N	N	0.0000	0.0000	0.0000	0.0000	0.0001	0.0000	0.0000	0.0000	0.0000	0.0000	0.0000	0.0000	0.0000	0.0000	0.0000	0.0000	0.0000	2.3982	0.0003	11.1815	0.0046	0.0005	0.0887	2.8439	0.0000	10.3160	0.0000	43844.0598	-0.0000	0.2096	2.0000	3.6536	5.0844	12.3970	0.0000	0.0000	0.0000	0.0000	0.0000	0.0000	0.0000	0.0000	0.0000	0.4384	0.0000	0.4384	0.0002	0.0000	0.0002	0.4383	0.0000	0.4383	0.3214	0.2840	0.0374	0.0653	0.0629	0.0025	0.2561	0.2212	0.0349	0.3755	0.2177	0.1578	0.0883	0.0839	0.0044	0.2872	0.1338	0.1534	0.0000	0.0003	0.0000	0.0000	0.0004	0.0000	0.0000	0.0000	0.0000	1.1678	0.0000	2.7787	0.0018	0.0001	0.0343	1.5262	0.0000	2.8573	
1	128	0.3768	5	0	0	1	1	0	0	0	0	N	N	N	N	N	N	N	N	N	N	N	N	0.0659	0.0001	0.1597	0.0843	0.0002	108.7090	0.0007	0.0000	0.0017	0.1750	0.0004	1.6330	0.4091	0.0009	6.1973	0.0023	0.0000	0.0164	2.6563	3.1685	10.2246	4.8524	4.9112	0.0570	3.1143	4.3548	9.7050	486.4547	0.6795	0.0648	-0.1046	2.0000	5.3495	5.0844	12.4099	0.0878	0.0002	0.0876	0.0872	0.0002	0.0870	0.0006	0.0000	0.0006	0.8921	0.5311	0.3609	0.3978	0.3970	0.0008	0.4943	0.1341	0.3602	0.5019	0.4482	0.0537	0.2130	0.1990	0.0140	0.2888	0.2492	0.0396	0.4563	0.2896	0.1668	0.2171	0.1872	0.0300	0.2392	0.1024	0.1368	0.0895	0.0002	0.7545	0.2233	0.0004	246.2293	0.0011	0.0000	0.0062	1.9548	1.8342	2.1643	1.8319	2.1212	0.0252	2.0664	1.3096	2.6330
1	129	0.1825	9	0	1	1	2	0	0	0	0	N	N	N	Y	N	N	N	N	N	N	N	N	0.0000	0.0000	0.0000	0.0000	0.0000	0.0000	0.0000	0.0000	0.0000	0.0000	0.0000	0.0000	0.0000	0.0000	0.0000	0.0000	0.0000	0.0000	0.0000	0.0000	2.0000	0.0000	5.0844	0.0000	0.0000	0.0000	0.0000	0.0000	0.0000	0.0000	0.0000	0.0000	0.0000	0.0000	0.0000	0.0000	0.0000	0.0000	0.0000	0.0000	0.0000	0.0000	0.0000	0.0000	0.0000	0.0000	0.0000	0.0000	0.0000	0.0000	0.0000	0.0000	0.0000	0.0000	0.0000	0.0000	0.0000	0.0000	0.0000	0.0000	0.0000	0.0000	0.0000	0.0000	0.0000	0.0000	0.0000	0.0000	0.0000	0.0000	0.0000	0.0000	0.0000	0.0000	0.0000	0.0000	0.0000	0.0000											
1	130	0.1662	8	0	1	1	2	0	0	0	0	N	N	N	Y	N	N	N	N	N	N	N	N	0.0000	0.0000	0.0000	0.0000	0.0000	0.0000	0.0000	0.0000	0.0000	0.0000	0.0000	0.0000	0.0000	28.8969	63.6185	0.0000	248.3865	251.0484	0.0000	0.0000	0.0000	0.0000	0.0000	0.0000	-0.5219	2.0000	0.0000	5.0844	3.0001	0.0000	0.0000	0.0000	0.0000	0.0000	0.0000	0.0000	0.0000	0.0000	0.9999	0.9999	0.0000	0.9999	0.9999	0.0000	0.0000	0.0000	0.0000	0.0000	0.0000	0.0000	0.0000	0.0000	0.0000	0.0000	0.0000	0.0000	0.0346	0.0157	0.0189	0.0040	0.0040	0.0000	0.0306	0.0117	0.0188	0.0000	0.0000	0.0000	0.0000	0.0000	0.0000	0.0000	0.0000	0.0000	28.8969	63.6185	0.0000	248.3865	251.0484	0.0000	0.0000	0.0000	0.0000						
1	131	0.1565	7	0	1	1	1	0	0	0	0	N	N	N	N	N	N	N	N	N	N	N	N	0.0000	0.0000	0.0000	0.0000	0.0000	0.0000	0.0000	0.0000	0.0000	0.0000	0.0000	0.0000	0.0000	0.0000	0.0000	0.0000	0.0000	0.0000	0.0000	0.0000	2.0000	0.0000	5.0844	0.0000	0.0000	0.0000	0.0000	0.0000	0.0000	0.0000	0.0000	0.0000	0.0000	0.0000	0.0000	0.0000	0.0000	0.0000	0.0000	0.0000	0.0000	0.0000	0.0000	0.0000	0.0000	0.0000	0.0000	0.0000	0.0000	0.0000	0.0000	0.0000	0.0000	0.0000	0.0000	0.0000	0.0000	0.0000	0.0000	0.0000	0.0000	0.0000	0.0000	0.0000	0.0000	0.0000	0.0000	0.0000	0.0000	0.0000	0.0000	0.0000	0.0000	0.0000	0.0000	0.0000	0.0000	0.0000											
1	132	0.1662	8	0	0	2	2	0	0	0	0	N	N	Y	Y	N	N	N	N	N	N	N	N	0.0000	0.0000	0.0000	0.0000	0.0000	0.0000	0.0000	0.0000	0.0000	0.0000	0.0000	0.0000	0.0000	0.0000	0.0000	0.0000	0.0000	0.0000	0.0000	0.0000	2.0000	0.0000	5.0844	1.9999	0.0000	0.0000	0.0000	0.0000	0.0000	0.0000	0.0000	0.0000	0.0000	0.0000	0.0000	0.0000	0.0000	0.0000	0.0000	0.0000	0.0000	0.0000	0.0000	0.0000	0.0000	0.0000	0.0000	0.0000	0.0000	0.0000	0.0000	0.0233	0.0106	0.0127	0.0027	0.0027	0.0000	0.0206	0.0079	0.0127	0.0000	0.0000	0.0000	0.0000	0.0000	0.0000	0.0000	0.0000	0.0000	0.0000	0.0000	0.0000	0.0000	0.0000	0.0000	0.0000	0.0000	0.0000											
1	133	0.1772	9	0	0	2	2	0	0	0	0	N	N	Y	Y	N	N	N	N	N	N	N	N	0.0000	0.0000	0.0000	0.0000	0.0000	0.0000	0.0000	0.0000	0.0000	0.0000	0.0000	0.0000	0.0000	0.0000	0.0000	0.0000	0.0000	0.0000	0.0000	0.0000	2.0000	1.0000	5.0844	0.0000	0.0000	0.0000	0.0000	0.0000	0.0000	0.0000	0.0000	0.0000	0.0000	0.0000	0.0000	0.0000	0.0000	0.0000	0.0000	0.0000	0.0000	0.0000	0.0659	0.0587	0.0072	0.0354	0.0325	0.0029	0.0305	0.0262	0.0043	0.0112	0.0050	0.0061	0.0014	0.0014	0.0000	0.0098	0.0037	0.0061	0.0000	0.0000	0.0000	0.0000	0.0000	0.0000	0.0000	0.0000	0.0000	0.0000	0.0000	0.0000	0.0000	0.0000	0.0000	0.0000	0.0000	0.0000											
1	134	0.1772	9	0	0	2	2	0	0	0	0	N	N	Y	Y	N	N	N	N	N	N	N	N	0.0000	0.0000	0.0000	0.0000	0.0000	0.0000	0.0000	0.0000	0.0000	0.0000	0.0000	0.0000	0.0000	0.0000	0.0000	0.0000	0.0000	0.0000	0.0000	0.0000	2.0000	0.0000	5.0844	0.0000	0.0000	0.0000	0.0000	0.0000	0.0000	0.0000	0.0000	0.0000	0.0000	0.0000	0.0000	0.0000	0.0000	0.0000	0.0000	0.0000	0.0000	0.0000	0.0000	0.0000	0.0000	0.0000	0.0000	0.0000	0.0000	0.0000	0.0000	0.0000	0.0000	0.0000	0.0000	0.0000	0.0000	0.0000	0.0000	0.0000	0.0000	0.0000	0.0000	0.0000	0.0000	0.0000	0.0000	0.0000	0.0000	0.0000	0.0000	0.0000	0.0000	0.0000	0.0000	0.0000	0.0000	0.0000											
1	135	0.1662	8	0	0	2	2	0	0	0	0	N	N	Y	Y	N	N	N	N	N	N	N	N	0.0000	0.0000	0.0000	0.0000	0.0000	0.0000	0.0000	0.0000	0.0000	0.0000	0.0000	0.0000	0.0000	0.0000	0.0000	0.0000	0.0000	0.0000	0.0000	0.0000	2.0000	2.0025	5.0844	0.9943	0.0000	0.0000	0.0000	0.0000	0.0000	0.0000	0.0000	0.0000	0.0000	0.0000	0.0000	0.0000	0.0000	0.0000	0.0000	0.0000	0.0000	0.0000	0.1300	0.1157	0.0143	0.0676	0.0621	0.0055	0.0624	0.0536	0.0088	0.0346	0.0157	0.0189	0.0040	0.0040	0.0000	0.0305	0.0117	0.0188	0.0000	0.0000	0.0000	0.0000	0.0000	0.0000	0.0000	0.0000	0.0000	0.0000	0.0000	0.0000	0.0000	0.0000	0.0000	0.0000	0.0000	0.0000											
1	136	0.1662	7	0	0	1	2	0	0	0	0	N	N	N	Y	N	N	N	N	N	N	N	N	0.0000	0.0000	0.0000	0.0000	0.0000	0.0000	0.0000	0.0000	0.0000	0.0000	0.0000	0.0000	0.0000	0.0000	0.0000	0.0000	0.0000	0.0000	0.0000	0.0000	2.0000	0.0050	5.0844	0.0173	0.0000	0.0000	0.0000	0.0000	0.0000	0.0000	0.0000	0.0000	0.0000	0.0000	0.0000	0.0000	0.0000	0.0000	0.0000	0.0000	0.0000	0.0000	0.0007	0.0006	0.0001	0.0005	0.0005	0.0000	0.0002	0.0001	0.0000	0.0003	0.0001	0.0001	0.0000	0.0000	0.0000	0.0002	0.0001	0.0001	0.0000	0.0000	0.0000	0.0000	0.0000	0.0000	0.0000	0.0000	0.0000	0.0000	0.0000	0.0000	0.0000	0.0000	0.0000	0.0000	0.0000	0.0000											
1	137	0.1565	6	0	0	1	2	0	0	0	0	N	N	N	Y	N	N	N	N	N	N	N	N	0.0000	0.0000	0.0000	0.0000	0.0000	0.0000	0.0000	0.0000	0.0000	0.0000	0.0000	0.0000	0.0000	0.0000	0.0000	0.0000	0.0000	0.0000	0.0000	0.0000	2.0000	1.9972	5.0844	1.0076	0.0000	0.0000	0.0000	0.0000	0.0000	0.0000	0.0000	0.0000	0.0000	0.0000	0.0000	0.0000	0.0000	0.0000	0.0000	0.0000	0.0000	0.0000	0.1213	0.1079	0.0134	0.0604	0.0556	0.0049	0.0609	0.0523	0.0086	0.0330	0.0150	0.0180	0.0040	0.0040	0.0000	0.0290	0.0110	0.0180	0.0000	0.0000	0.0000	0.0000	0.0000	0.0000	0.0000	0.0000	0.0000	0.0000	0.0000	0.0000	0.0000	0.0000	0.0000	0.0000	0.0000	0.0000											
1	138	0.1393	5	1	1	1	1	0	0	0	0	N	N	N	N	N	N	N	N	N	N	N	N	0.0000	0.0000	0.0000	0.0000	0.0000	0.0000	0.0000	0.0000	0.0000	0.0000	0.0000	0.0000	0.0000	0.0000	0.0000	0.0000	0.0000	0.0359	0.0967	0.0001	0.1251	0.1163	0.0000	0.0001	0.0000	0.0001	0.0202	0.0000	-0.0001	2.0000	0.0002	5.0844	2.3255	0.0000	0.0000	0.0000	0.0000	0.0000	0.0000	0.0000	0.0000	0.0000	0.0001	0.0001	0.0000	0.0001	0.0001	0.0000	0.0000	0.0000	0.0000	0.0000	0.0000	0.0000	0.0000	0.0000	0.0000	0.0000	0.0000	0.0000	0.0400	0.0224	0.0176	0.0088	0.0085	0.0003	0.0312	0.0138	0.0173	0.0000	0.0000	0.0000	0.0000	0.0000	0.0000	0.0000	0.0000	0.0000	0.0025	0.0044	0.0001	0.0112	0.0115	0.0000	0.0001	0.0000	0.0001		
1	139	0.1214	4	1	1	1	1	0	0	0	0	N	N	N	N	N	N	N	N	N	N	N	N	6.1125	5705.2334	0.0000	0.0000	0.0000	14.3300	inf	0.0001	5.4721	5.9666	0.0000	0.0000	0.0000	0.0000	8.5951	9.5928	0.0000	0.8952	0.0010	0.2441	0.0021	0.0017	0.0000	0.5998	0.0000	0.1434	0.0000	174.0569	-0.2602	0.0017	2.0000	2.0138	5.0844	2.7349	0.9999	0.9999	0.0000	0.0000	0.0000	0.0000	0.9999	0.9999	0.0000	0.0036	0.0000	0.0036	0.0000	0.0000	0.0000	0.0036	0.0000	0.0036	0.1827	0.1676	0.0151	0.0664	0.0634	0.0030	0.1163	0.1042	0.0121	0.0963	0.0522	0.0441	0.0229	0.0221	0.0008	0.0733	0.0301	0.0433	144.3994	14948.2600	0.0001	0.0000	0.0000	0.0000	173.7507	inf	0.0001	0.0379	0.0004	0.0823	0.0009	0.0009	0.0000	0.0495	0.0000	0.0839	
1	140	0.1379	5	0	1	1	1	0	0	0	0	N	N	N	N	N	N	N	N	N	N	N	N	0.0000	0.0000	0.0000	0.0000	0.0000	0.0000	0.0000	0.0000	0.0000	0.0000	0.0000	0.0000	0.0000	0.0044	0.0000	0.0015	0.0000	0.0000	0.0000	0.0017	0.0000	0.0015	inf	0.0000	0.0000	2.0000	1.9232	5.0844	1.1116	0.0000	0.0000	0.0000	0.0000	0.0000	0.0000	0.0000	0.0000	0.0000	0.0000	0.0000	0.0000	0.0000	0.0000	0.0000	0.0000	0.0000	0.0000	0.1751	0.1598	0.0152	0.0819	0.0778	0.0041	0.0931	0.0820	0.0111	0.0408	0.0202	0.0206	0.0066	0.0064	0.0002	0.0342	0.0138	0.0204	0.0000	0.0000	0.0000	0.0000	0.0000	0.0000	0.0000	0.0000	0.0000	0.0007	0.0000	0.0015	0.0000	0.0000	0.0000	0.0009	0.0000	0.0015						
1	141	0.6464	7	0	1	1	1	0	0	0	0	N	N	N	N	N	N	N	N	N	N	N	N	inf	inf	inf	inf	0.0001	0.0000	0.0011	0.0000	0.0000	0.0000	0.0004	0.0000	0.0029	0.0000	0.0000	0.0000	0.0000	0.0000	0.0000	0.0000	0.0000	0.0000	inf	0.0000	0.0000	2.0000	3.0000	5.0844	1.0000	0.0000	0.0000	0.0000	0.0000	0.0000	0.0000	0.0000	0.0000	0.0000	0.0000	0.0000	0.0000	0.0000	0.0000	0.0000	0.0000	0.0000	0.0000	0.2920	0.2659	0.0261	0.2248	0.2091	0.0157	0.0672	0.0568	0.0104	0.0411	0.0212	0.0200	0.0153	0.0129	0.0024	0.0259	0.0083	0.0176	inf	0.0000	inf	0.0000	0.0000	0.0000	inf	0.0000	inf	0.0000	0.0000	0.0000	0.0000	0.0000	0.0000	0.0000	0.0000	0.0000						
1	142	0.6272	6	0	0	1	1	0	0	0	0	N	N	N	N	N	N	N	N	N	N	N	N	0.0000	0.0000	0.0000	0.0000	0.0000	0.0000	0.0000	0.0000	0.0000	0.0000	0.0000	0.0000	0.0000	0.0000	0.0000	0.0000	0.0000	0.0000	0.0000	0.0000	2.0000	1.0000	5.0844	1.0000	0.0000	0.0000	0.0000	0.0000	0.0000	0.0000	0.0000	0.0000	0.0000	0.0000	0.0000	0.0000	0.0000	0.0000	0.0000	0.0000	0.0000	0.0000	0.0836	0.0756	0.0080	0.0603	0.0560	0.0043	0.0233	0.0196	0.0037	0.0213	0.0110	0.0104	0.0078	0.0066	0.0012	0.0135	0.0043	0.0092	0.0000	0.0000	0.0000	0.0000	0.0000	0.0000	0.0000	0.0000	0.0000	0.0000	0.0000	0.0000	0.0000	0.0000	0.0000	0.0000	0.0000	0.0000											
1	143	0.3768	5	0	0	1	1	0	0	0	0	N	N	N	N	N	N	N	N	N	N	N	N	0.5682	0.5473	0.0000	0.6306	0.7731	0.0000	0.0009	inf	0.0000	1.6432	1.8405	0.0000	4.1374	4.4307	0.0000	0.0019	0.0022	0.0000	2.8918	3.3632	11.5328	6.5609	5.7307	129.5368	2.0977	0.0000	2.2211	0.0000	0.8935	-0.2457	-0.0663	2.0000	7.1211	5.0844	10.9474	0.9445	0.9445	0.0000	0.9438	0.9438	0.0000	0.0006	0.0006	0.0000	1.3253	0.6999	0.6254	1.1911	0.6999	0.4912	0.1341	0.0000	0.1341	0.5748	0.5131	0.0616	0.2281	0.2130	0.0151	0.3467	0.3001	0.0465	0.4583	0.2904	0.1678	0.2175	0.1875	0.0301	0.2407	0.1030	0.1378	0.5682	0.7638	0.0000	0.7556	1.1869	0.0000	0.0034	inf	0.0000	2.8918	2.4097	3.7261	5.4756	3.7331	16.3476	0.5571	0.0000	0.9734
1	144	0.1820	4	0	0	1	1	0	0	0	0	N	N	N	N	N	N	N	N	N	N	N	N	0.0477	0.0518	0.0029	0.1852	0.1859	0.0637	0.0012	0.0001	0.0028	0.1587	0.1745	0.0365	1.0031	1.0511	0.0898	0.0046	0.0006	0.0327	3.3255	3.3682	12.3820	5.4165	5.6543	1.4092	3.8073	4.8612	11.8006	0.0272	1.2379	-0.0210	0.0571	2.0000	8.5175	5.0844	23.1696	0.0901	0.0877	0.0024	0.0878	0.0874	0.0004	0.0022	0.0002	0.0020	1.8279	0.8168	1.0111	0.4239	0.4210	0.0029	1.4040	0.3957	1.0082	0.5676	0.5023	0.0652	0.0876	0.0832	0.0044	0.4800	0.4191	0.0609	0.5497	0.3095	0.2402	0.1307	0.1232	0.0076	0.4189	0.1863	0.2326	0.0477	0.0661	0.0087	0.3094	0.3075	0.2385	0.0014	0.0003	0.0075	3.3255	2.6394	4.2094	3.2420	3.4183	0.3764	3.3515	2.1244	4.3342
1	145	0.1565	7	1	1	1	1	0	0	0	0	N	N	N	N	N	N	N	N	N	N	N	N	0.0000	0.0000	0.0000	0.0000	0.0000	0.0000	0.0000	0.0000	0.0000	0.0000	0.0000	0.0000	0.0000	0.0000	0.0000	0.0000	0.0000	0.0000	0.0000	0.0000	2.0000	1.0000	5.0844	1.0000	0.0000	0.0000	0.0000	0.0000	0.0000	0.0000	0.0000	0.0000	0.0000	0.0000	0.0000	0.0000	0.0000	0.0000	0.0000	0.0000	0.0000	0.0000	0.0623	0.0554	0.0069	0.0314	0.0288	0.0026	0.0309	0.0266	0.0044	0.0222	0.0100	0.0121	0.0027	0.0027	0.0000	0.0195	0.0074	0.0121	0.0000	0.0000	0.0000	0.0000	0.0000	0.0000	0.0000	0.0000	0.0000	0.0000	0.0000	0.0000	0.0000	0.0000	0.0000	0.0000	0.0000	0.0000											
1	146	0.1565	6	0	1	1	1	0	0	0	0	N	N	N	N	N	N	N	N	N	N	N	N	0.0000	0.0000	0.0000	0.0000	0.0000	0.0000	0.0000	0.0000	0.0000	0.0000	0.0000	0.0000	0.0000	0.0000	0.0000	0.0000	0.0000	0.0000	0.0000	0.0000	2.0000	0.0003	5.0844	0.0000	0.0000	0.0000	0.0000	0.0000	0.0000	0.0000	0.0000	0.0000	0.0000	0.0000	0.0000	0.0000	0.0000	0.0000	0.0000	0.0000	0.0000	0.0000	0.0001	0.0001	0.0000	0.0000	0.0000	0.0000	0.0000	0.0000	0.0000	0.0000	0.0000	0.0000	0.0000	0.0000	0.0000	0.0000	0.0000	0.0000	0.0000	0.0000	0.0000	0.0000	0.0000	0.0000	0.0000	0.0000	0.0000	0.0000	0.0000	0.0000	0.0000	0.0000	0.0000	0.0000	0.0000	0.0000											
1	147	0.1379	5	0	0	1	1	0	0	0	0	N	N	N	N	N	N	N	N	N	N	N	N	0.0000	0.0000	0.0000	0.0000	0.0000	0.0000	0.0000	0.0000	0.0000	0.0000	0.0000	0.0000	0.0000	0.0000	0.0000	0.0000	0.0157	0.0232	0.0008	0.0776	0.0648	0.0000	0.0005	0.0000	0.0008	0.3333	0.0000	-0.0000	2.0000	4.9449	5.0844	1.0063	0.0000	0.0000	0.0000	0.0000	0.0000	0.0000	0.0000	0.0000	0.0000	0.0001	0.0001	0.0000	0.0001	0.0001	0.0000	0.0000	0.0000	0.0000	0.3176	0.2851	0.0325	0.1352	0.1264	0.0088	0.1824	0.1587	0.0237	0.0737	0.0355	0.0382	0.0103	0.0100	0.0003	0.0634	0.0254	0.0379	0.0000	0.0000	0.0000	0.0000	0.0000	0.0000	0.0000	0.0000	0.0000	0.0016	0.0025	0.0008	0.0087	0.0090	0.0000	0.0005	0.0000	0.0008			
1	148	0.1214	4	0	0	1	1	0	0	0	0	N	N	N	N	N	N	N	N	N	N	N	N	0.0003	0.0279	0.0000	0.1423	0.1854	0.0000	0.0000	0.0000	0.0003	0.0003	0.0000	0.0009	0.0009	0.0000	0.0000	0.0000	0.0000	0.8955	0.0110	0.2342	0.0060	0.0049	0.0000	0.5896	0.0243	0.1283	0.0015	40.3372	-0.0000	0.0017	2.0000	3.4778	5.0844	1.2917	0.0001	0.0001	0.0000	0.0001	0.0001	0.0000	0.0000	0.0000	0.0000	0.0037	0.0001	0.0036	0.0000	0.0000	0.0000	0.0036	0.0000	0.0036	0.2523	0.2280	0.0243	0.0822	0.0774	0.0047	0.1701	0.1506	0.0195	0.0966	0.0524	0.0442	0.0230	0.0222	0.0008	0.0736	0.0302	0.0434	0.0073	0.1811	0.0001	0.4015	0.4109	0.0000	0.0000	0.0000	0.0001	0.0380	0.0017	0.0810	0.0021	0.0022	0.0000	0.0492	0.0013	0.0825	
1	149	0.0710	3	0	0	1	1	0	0	0	0	N	N	N	N	N	N	N	N	N	N	N	N	0.0000	inf	0.0000	0.0000	inf	0.0000	0.0002	0.0002	0.0005	0.0000	0.0000	0.0000	0.0002	0.0002	0.0005	4.1590	0.0000	17.3908	0.0000	0.0000	0.0000	4.3800	0.0000	18.9930	0.4271	inf	0.0000	0.4764	2.0000	7.8050	5.0844	4.0035	0.0001	0.0001	0.0000	0.0000	0.0000	0.0000	0.0001	0.0001	0.0000	0.9964	0.0000	0.9964	0.0000	0.0000	0.0000	0.9964	0.0000	0.9964	0.4958	0.4369	0.0590	0.0206	0.0193	0.0013	0.4752	0.4175	0.0577	0.2396	0.1265	0.1131	0.0121	0.0120	0.0001	0.2275	0.1145	0.1130	0.0000	inf	0.0001	0.0000	0.0000	0.0000	0.0000	inf	0.0001	4.1590	0.0000	8.8125	0.0000	0.0000	0.0000	4.3800	0.0000	8.8175			
1	150	0.1984	5	0	0	1	1	0	0	0	0	N	N	N	N	N	N	N	N	N	N	N	N	0.0000	0.0000	0.0000	0.0000	0.0000	0.0000	0.0000	0.0000	0.0000	0.0000	0.0000	0.0000	0.0000	0.0000	0.0000	0.0000	0.0000	2.5076	2.6141	11.1089	4.7536	4.6240	0.0742	2.7659	0.0000	9.9612	0.0000	2.8050	-0.0000	0.1280	2.0000	3.7255	5.0844	14.1767	0.0000	0.0000	0.0000	0.0000	0.0000	0.0000	0.0000	0.0000	0.0000	0.5947	0.1563	0.4384	0.1565	0.1563	0.0002	0.4383	0.0000	0.4383	0.3258	0.2879	0.0379	0.0659	0.0634	0.0025	0.2599	0.2245	0.0354	0.3951	0.2284	0.1668	0.0908	0.0860	0.0048	0.3044	0.1423	0.1620	0.0000	0.0000	0.0000	0.0000	0.0000	0.0000	0.0000	0.0000	0.0000	1.5051	0.6845	2.6286	1.7234	1.8169	0.0317	1.4400	0.0000	2.7048	
1	151	0.1820	4	0	0	1	1	0	0	0	0	N	N	N	N	N	N	N	N	N	N	N	N	0.0022	0.0000	0.0059	0.0019	0.0000	0.2074	0.0019	0.0000	0.0043	0.0149	0.0000	0.1267	0.0105	0.0000	0.4943	0.0164	0.0000	0.1096	6.6569	3.2362	21.5053	5.4139	5.5242	2.3830	8.5986	2.4231	25.5410	1377847.8367	4.8008	0.0018	0.5898	2.0000	1.4205	5.0844	4.0377	0.0025	0.0000	0.0025	0.0004	0.0000	0.0004	0.0021	0.0000	0.0021	1.9294	0.3326	1.5968	0.3282	0.3270	0.0012	1.6012	0.0056	1.5956	0.1660	0.1464	0.0196	0.0409	0.0400	0.0009	0.1251	0.1064	0.0187	0.2898	0.1702	0.1196	0.1036	0.1014	0.0022	0.1862	0.0688	0.1174	0.0022	0.0000	0.0095	0.0033	0.0000	0.9450	0.0019	0.0000	0.0081	6.6569	1.9539	13.3502	3.1673	3.2255	0.5230	8.5986	0.0813	13.5939
1	152	0.0710	3	0	0	1	1	0	0	0	0	N	N	N	N	N	N	N	N	N	N	N	N	0.5939	0.0010	1.1204	0.0000	0.0000	0.5860	0.0006	1.1174	2.3327	0.0011	19.4508	0.0000	0.0000	0.0000	2.4329	0.0012	19.8741	3.9275	1.1675	17.3602	0.0003	0.0003	0.0000	4.1517	2.1056	17.7858	2319.7907	175.5449	0.7379	0.6274	2.0000	6.4701	5.0844	12.4371	0.9979	0.0004	0.9975	0.0000	0.0000	0.0000	0.9979	0.0004	0.9975	1.3281	0.0075	1.3205	0.0000	0.0000	0.0000	1.3281	0.0075	1.3205	0.4278	0.3765	0.0513	0.0176	0.0165	0.0011	0.4102	0.3600	0.0502	0.3381	0.1765	0.1617	0.0183	0.0182	0.0001	0.3199	0.1583	0.1616	0.5939	0.0268	2.3813	0.0000	0.0000	0.0000	0.5860	0.0251	2.4316	3.9275	0.0426	8.1681	0.0000	0.0000	0.0000	4.1517	0.0475	8.1732	
2	3	0.6978	12	0	0	0	2	0	0	0	0	N	N	N	Y	N	N	N	N	N	N	N	N	0.0000	0.0000	0.0000	0.0000	0.0000	0.0000	0.0000	0.0000	0.0000	0.0000	0.0000	0.0000	0.0000	0.0000	0.0000	0.0000	0.0000	0.0000	0.0000	0.0000	0.0000	0.0011	0.0000	0.9873	0.0000	0.0000	0.0000	0.0000	0.0000	0.0000	0.0000	0.0000	0.0000	0.0000	0.0000	0.0000	0.0000	0.0000	0.0000	0.0000	0.0000	0.0000	0.0000	0.0000	0.0000	0.0000	0.0000	0.0000	0.0000	0.0000	0.0000	0.0000	0.0000	0.0000	0.0000	0.0000	0.0000	0.0000	0.0000	0.0000	0.0000	0.0000	0.0000	0.0000	0.0000	0.0000	0.0000	0.0000	0.0000	0.0000	0.0000	0.0000	0.0000	0.0000	0.0000	0.0000	0.0000	0.0000											
2	4	0.1157	9	1	0	1	1	0	0	0	0	N	N	N	N	N	N	N	N	N	N	N	N	0.0000	0.0000	0.0000	0.0000	0.0000	0.0000	0.0000	0.0000	0.0000	0.0000	0.0000	0.0000	0.0000	0.0000	0.0000	0.0000	0.0000	0.0000	0.0000	0.0000	0.0000	0.0000	0.0000	0.0000	0.0000	0.0000	0.0000	0.0000	0.0000	0.0000	0.0000	0.0000	0.0000	0.0000	0.0000	0.0000	0.0000	0.0000	0.0000	0.0000	0.0000	0.0000	0.0000	0.0000	0.0000	0.0000	0.0000	0.0000	0.0000	0.0000	0.0000	0.0000	0.0000	0.0000	0.0000	0.0000	0.0000	0.0000	0.0000	0.0000	0.0000	0.0000	0.0000	0.0000	0.0000	0.0000	0.0000	0.0000	0.0000	0.0000	0.0000	0.0000	0.0000	0.0000	0.0000	0.0000	0.0000	0.0000											
2	5	0.6440	9	1	0	1	1	0	0	0	0	N	N	N	N	N	N	N	N	N	N	N	N	0.0000	0.0000	0.0000	0.0000	0.0000	0.0000	0.0000	0.0000	0.0000	0.0000	0.0000	0.0000	0.0000	0.0000	0.0000	0.0000	0.0000	0.0000	0.0000	0.0000	0.0000	0.0000	0.0000	2.0000	0.0000	0.0000	0.0000	0.0000	0.0000	0.0000	0.0000	0.0000	0.0000	0.0000	0.0000	0.0000	0.0000	0.0000	0.0000	0.0000	0.0000	0.0000	0.0000	0.0000	0.0000	0.0000	0.0000	0.0000	0.0000	0.0000	0.0000	0.0000	0.0000	0.0000	0.0000	0.0000	0.0000	0.0000	0.0000	0.0000	0.0000	0.0000	0.0000	0.0000	0.0000	0.0000	0.0000	0.0000	0.0000	0.0000	0.0000	0.0000	0.0000	0.0000	0.0000	0.0000	0.0000	0.0000											
2	6	0.0532	4	0	1	0	1	0	0	0	0	N	N	N	N	N	N	N	N	N	N	N	N	0.0000	0.0000	0.0000	0.0000	0.0000	0.0000	0.0000	0.0000	0.0000	0.0000	0.0000	0.0000	0.0000	0.0000	0.0000	0.0000	0.0000	0.0000	0.0000	0.0000	0.0000	2.9996	0.0000	1.0000	0.0000	0.0000	0.0000	0.0000	0.0000	0.0000	0.0000	0.0000	0.0000	0.0000	0.0000	0.0000	0.0000	0.0000	0.0000	0.0000	0.0000	0.0000	0.0000	0.0000	0.0000	0.0000	0.0000	0.0000	0.0000	0.0000	0.0000	0.0000	0.0000	0.0000	0.0000	0.0000	0.0000	0.0000	0.0000	0.0000	0.0000	0.0000	0.0000	0.0000	0.0000	0.0000	0.0000	0.0000	0.0000	0.0000	0.0000	0.0000	0.0000	0.0000	0.0000	0.0000	0.0000	0.0000											
2	7	0.6428	8	0	1	0	1	0	0	0	0	N	N	N	N	N	N	N	N	N	N	N	N	0.0000	0.0000	0.0000	0.0000	0.0000	0.0000	0.0000	0.0000	0.0000	0.0000	0.0000	0.0000	0.0000	0.0138	0.0251	0.0000	0.0107	0.0088	0.0000	0.0000	0.0000	0.0000	0.0000	0.0000	-0.0000	0.0000	1.4589	0.0000	1.1370	0.0000	0.0000	0.0000	0.0000	0.0000	0.0000	0.0000	0.0000	0.0000	0.0000	0.0000	0.0000	0.0000	0.0000	0.0000	0.0000	0.0000	0.0000	0.0000	0.0000	0.0000	0.0000	0.0000	0.0000	0.0000	0.0000	0.0000	0.0000	0.0000	0.0000	0.0000	0.0000	0.0000	0.0000	0.0000	0.0000	0.0000	0.0000	0.0000	0.0000	0.0000	0.0000	0.0000	0.0000	0.0000	0.0015	0.0027	0.0000	0.0030	0.0030	0.0000	0.0000	0.0000	0.0000						
2	8	0.6624	11	0	0	1	2	0	0	0	0	N	N	N	Y	N	N	N	N	N	N	N	N	0.0000	0.0000	0.0000	0.0000	0.0000	0.0000	0.0000	0.0000	0.0000	0.0000	0.0000	0.0000	0.0000	0.0000	0.0000	0.0000	0.0000	0.0000	0.0000	0.0000	0.0000	0.0000	0.0000	0.0000	0.0000	0.0000	0.0000	0.0000	0.0000	0.0000	0.0000	0.0000	0.0000	0.0000	0.0000	0.0000	0.0000	0.0000	0.0000	0.0000	0.0000	0.0000	0.0000	0.0000	0.0000	0.0000	0.0000	0.0000	0.0000	0.0000	0.0000	0.0000	0.0000	0.0000	0.0000	0.0000	0.0000	0.0000	0.0000	0.0000	0.0000	0.0000	0.0000	0.0000	0.0000	0.0000	0.0000	0.0000	0.0000	0.0000	0.0000	0.0000	0.0000	0.0000	0.0000	0.0000	0.0000	0.0000											
2	9	0.0346	4	0	0	1	2	0	0	0	0	N	N	N	Y	N	N	N	N	N	N	N	N	0.0000	0.0000	0.0000	0.0000	0.0000	0.0000	0.0000	0.0000	0.0000	0.0000	0.0000	0.0000	0.0000	8.5366	0.0000	27.9399	0.0000	0.0000	0.0000	15.6106	0.0000	32.5246	inf	0.0000	0.0000	0.0000	0.0000	0.0000	2.0000	0.0000	0.0000	0.0000	0.0000	0.0000	0.0000	0.0000	0.0000	0.0000	0.0000	0.0000	0.0000	0.0000	0.0000	0.0000	0.0000	0.0000	0.0000	0.0000	0.0000	0.0000	0.0000	0.0000	0.0000	0.0000	0.0000	0.0000	0.0000	0.0000	0.0000	0.0000	0.0000	0.0000	0.0000	0.0000	0.0000	0.0000	0.0000	0.0000	0.0000	0.0000	0.0000	0.0000	0.0000	0.0000	8.5366	0.0000	20.2726	0.0000	0.0000	0.0000	15.6106	0.0000	21.4781						
2	10	0.6374	8	1	1	0	1	0	0	0	0	N	N	N	N	N	N	N	N	N	N	N	N	0.0000	0.0000	0.0000	0.0000	0.0000	0.0000	0.0000	0.0000	0.0000	0.0000	0.0000	0.0000	0.0000	0.0000	0.0000	0.0000	0.0000	0.0000	0.0000	-0.0000	0.0000	0.0266	0.0000	2.0614	0.0000	0.0000	0.0000	0.0000	0.0000	0.0000	0.0000	0.0000	0.0000	0.0000	0.0000	0.0000	0.0000	0.0000	0.0000	0.0000	0.0000	0.0000	0.0000	0.0000	0.0000	0.0000	0.0000	0.0000	0.0000	0.0000	0.0000	0.0000	0.0000	0.0000	0.0000	0.0000	0.0000	0.0000	0.0000	0.0000	0.0000	0.0000	0.0000	0.0000	0.0000	0.0000	0.0000	0.0000	0.0000	0.0000	0.0000	0.0000	0.0000	0.0000	0.0000	0.0000	0.0000	0.0000											
2	11	0.0944	5	1	1	0	1	0	0	0	0	N	N	N	N	N	N	N	N	N	N	N	N	0.0000	0.0000	0.0000	0.0000	0.0000	0.0000	0.0000	0.0000	0.0000	0.0000	0.0000	0.0000	0.0000	0.0000	0.0000	0.0000	0.0000	0.0000	0.0000	0.0000	0.0000	6.9996	0.0000	1.0001	0.0000	0.0000	0.0000	0.0000	0.0000	0.0000	0.0000	0.0000	0.0000	0.0000	0.0000	0.0000	0.0000	0.0000	0.0000	0.0000	0.0000	0.0000	0.0000	0.0000	0.0000	0.0000	0.0000	0.0000	0.0000	0.0000	0.0000	0.0000	0.0000	0.0000	0.0000	0.0000	0.0000	0.0000	0.0000	0.0000	0.0000	0.0000	0.0000	0.0000	0.0000	0.0000	0.0000	0.0000	0.0000	0.0000	0.0000	0.0000	0.0000	0.0000	0.0000	0.0000	0.0000	0.0000											
2	12	0.6380	8	1	0	1	1	0	0	0	0	N	N	N	N	N	N	N	N	N	N	N	N	0.0000	0.0000	0.0000	0.0000	0.0000	0.0000	0.0000	0.0000	0.0000	0.0000	0.0000	0.0000	0.0000	0.0000	0.0000	0.0000	0.0000	0.0000	0.0000	0.0000	0.0000	0.0000	0.0000	1.0091	0.0000	0.0000	0.0000	0.0000	0.0000	0.0000	0.0000	0.0000	0.0000	0.0000	0.0000	0.0000	0.0000	0.0000	0.0000	0.0000	0.0000	0.0000	0.0000	0.0000	0.0000	0.0000	0.0000	0.0000	0.0000	0.0000	0.0000	0.0000	0.0000	0.0000	0.0000	0.0000	0.0000	0.0000	0.0000	0.0000	0.0000	0.0000	0.0000	0.0000	0.0000	0.0000	0.0000	0.0000	0.0000	0.0000	0.0000	0.0000	0.0000	0.0000	0.0000	0.0000	0.0000	0.0000											
2	13	0.1157	9	1	0	1	1	0	0	0	0	N	N	N	N	N	N	N	N	N	N	N	N	0.0000	0.0000	0.0000	0.0000	0.0000	0.0000	0.0000	0.0000	0.0000	0.0000	0.0000	0.0000	0.0000	0.0000	0.0000	0.0000	0.0000	0.0000	0.0000	0.0000	0.0000	0.0000	0.0000	0.0000	0.0000	0.0000	0.0000	0.0000	0.0000	0.0000	0.0000	0.0000	0.0000	0.0000	0.0000	0.0000	0.0000	0.0000	0.0000	0.0000	0.0000	0.0000	0.0000	0.0000	0.0000	0.0000	0.0000	0.0000	0.0000	0.0000	0.0000	0.0000	0.0000	0.0000	0.0000	0.0000	0.0000	0.0000	0.0000	0.0000	0.0000	0.0000	0.0000	0.0000	0.0000	0.0000	0.0000	0.0000	0.0000	0.0000	0.0000	0.0000	0.0000	0.0000	0.0000	0.0000	0.0000	0.0000											
2	14	0.1157	8	1	0	1	1	0	0	0	0	N	N	N	N	N	N	N	N	N	N	N	N	0.0000	0.0000	0.0000	0.0000	0.0000	0.0000	0.0000	0.0000	0.0000	0.0000	0.0000	0.0000	0.0000	0.0000	0.0000	0.0000	0.0000	0.0000	0.0000	0.0000	0.0000	0.0000	0.0000	0.0000	0.0000	0.0000	0.0000	0.0000	0.0000	0.0000	0.0000	0.0000	0.0000	0.0000	0.0000	0.0000	0.0000	0.0000	0.0000	0.0000	0.0000	0.0000	0.0000	0.0000	0.0000	0.0000	0.0000	0.0000	0.0000	0.0000	0.0000	0.0000	0.0000	0.0000	0.0000	0.0000	0.0000	0.0000	0.0000	0.0000	0.0000	0.0000	0.0000	0.0000	0.0000	0.0000	0.0000	0.0000	0.0000	0.0000	0.0000	0.0000	0.0000	0.0000	0.0000	0.0000	0.0000	0.0000											
2	15	0.6578	9	1	1	0	2	0	0	0	0	N	N	N	Y	N	N	N	N	N	N	N	N	0.0000	0.0000	0.0000	0.0000	0.0000	0.0000	0.0000	0.0000	0.0000	0.0000	0.0000	0.0000	0.0000	0.0000	0.0000	0.0000	0.0000	0.0000	0.0000	-0.0000	0.0000	1.0049	0.0000	0.9915	0.0000	0.0000	0.0000	0.0000	0.0000	0.0000	0.0000	0.0000	0.0000	0.0000	0.0000	0.0000	0.0000	0.0000	0.0000	0.0000	0.0000	0.0000	0.0000	0.0000	0.0000	0.0000	0.0000	0.0000	0.0000	0.0000	0.0000	0.0000	0.0000	0.0000	0.0000	0.0000	0.0000	0.0000	0.0000	0.0000	0.0000	0.0000	0.0000	0.0000	0.0000	0.0000	0.0000	0.0000	0.0000	0.0000	0.0000	0.0000	0.0000	0.0000	0.0000	0.0000	0.0000	0.0000											
2	16	0.1484	8	1	1	0	2	0	0	0	0	N	N	N	Y	N	N	N	N	N	N	N	N	0.0000	0.0000	0.0000	0.0000	0.0000	0.0000	0.0000	0.0000	0.0000	0.0000	0.0000	0.0000	0.0000	0.0000	0.0000	0.0000	0.0000	0.0000	0.0000	0.0000	0.0000	2.0025	0.0000	0.0085	0.0000	0.0000	0.0000	0.0000	0.0000	0.0000	0.0000	0.0000	0.0000	0.0000	0.0000	0.0000	0.0000	0.0000	0.0000	0.0000	0.0000	0.0000	0.0000	0.0000	0.0000	0.0000	0.0000	0.0000	0.0000	0.0000	0.0000	0.0000	0.0000	0.0000	0.0000	0.0000	0.0000	0.0000	0.0000	0.0000	0.0000	0.0000	0.0000	0.0000	0.0000	0.0000	0.0000	0.0000	0.0000	0.0000	0.0000	0.0000	0.0000	0.0000	0.0000	0.0000	0.0000	0.0000											
2	17	0.6440	10	1	0	1	1	0	0	0	0	N	N	N	N	N	N	N	N	N	N	N	N	0.0000	0.0000	0.0000	0.0000	0.0000	0.0000	0.0000	0.0000	0.0000	0.0000	0.0000	0.0000	0.0000	0.0000	0.0000	0.0000	0.0000	0.0000	0.0000	0.0000	0.0000	0.0000	0.0000	0.0000	0.0000	0.0000	0.0000	0.0000	0.0000	0.0000	0.0000	0.0000	0.0000	0.0000	0.0000	0.0000	0.0000	0.0000	0.0000	0.0000	0.0000	0.0000	0.0000	0.0000	0.0000	0.0000	0.0000	0.0000	0.0000	0.0000	0.0000	0.0000	0.0000	0.0000	0.0000	0.0000	0.0000	0.0000	0.0000	0.0000	0.0000	0.0000	0.0000	0.0000	0.0000	0.0000	0.0000	0.0000	0.0000	0.0000	0.0000	0.0000	0.0000	0.0000	0.0000	0.0000	0.0000	0.0000											
2	18	0.0990	5	0	0	1	1	0	0	0	0	N	N	N	N	N	N	N	N	N	N	N	N	0.0000	0.0000	0.0000	0.0000	0.0000	0.0000	0.0000	0.0000	0.0000	0.0000	0.0000	0.0000	0.0000	0.0000	0.0000	0.0000	0.0000	0.0000	0.0000	0.0000	0.0000	0.0000	0.0000	0.0000	0.0000	0.0000	0.0000	0.0000	0.0000	0.0000	0.0000	0.0000	0.0000	0.0000	0.0000	0.0000	0.0000	0.0000	0.0000	0.0000	0.0000	0.0000	0.0000	0.0000	0.0000	0.0000	0.0000	0.0000	0.0000	0.0000	0.0000	0.0000	0.0000	0.0000	0.0000	0.0000	0.0000	0.0000	0.0000	0.0000	0.0000	0.0000	0.0000	0.0000	0.0000	0.0000	0.0000	0.0000	0.0000	0.0000	0.0000	0.0000	0.0000	0.0000	0.0000	0.0000	0.0000	0.0000											
2	19	0.6093	7	1	1	0	1	0	0	0	0	N	N	N	N	N	N	N	N	N	N	N	N	0.0000	0.0000	0.0000	0.0000	0.0000	0.0000	0.0000	0.0000	0.0000	0.0000	0.0000	0.0000	0.0000	0.0000	0.0000	0.0000	0.0000	0.0000	0.0000	0.0000	0.0000	3.0000	0.0000	0.0000	0.0000	0.0000	0.0000	0.0000	0.0000	0.0000	0.0000	0.0000	0.0000	0.0000	0.0000	0.0000	0.0000	0.0000	0.0000	0.0000	0.0000	0.0000	0.0000	0.0000	0.0000	0.0000	0.0000	0.0000	0.0000	0.0000	0.0000	0.0000	0.0000	0.0000	0.0000	0.0000	0.0000	0.0000	0.0000	0.0000	0.0000	0.0000	0.0000	0.0000	0.0000	0.0000	0.0000	0.0000	0.0000	0.0000	0.0000	0.0000	0.0000	0.0000	0.0000	0.0000	0.0000	0.0000											
2	20	0.6317	8	0	1	0	1	0	0	0	0	N	N	N	N	N	N	N	N	N	N	N	N	0.0000	0.0000	0.0000	0.0000	0.0000	0.0000	0.0000	0.0000	0.0000	0.0000	0.0000	0.0000	0.0000	0.0000	0.0000	0.0000	0.0000	0.0000	0.0000	0.0000	0.0000	0.0000	0.0000	1.0000	0.0000	0.0000	0.0000	0.0000	0.0000	0.0000	0.0000	0.0000	0.0000	0.0000	0.0000	0.0000	0.0000	0.0000	0.0000	0.0000	0.0000	0.0000	0.0000	0.0000	0.0000	0.0000	0.0000	0.0000	0.0000	0.0000	0.0000	0.0000	0.0000	0.0000	0.0000	0.0000	0.0000	0.0000	0.0000	0.0000	0.0000	0.0000	0.0000	0.0000	0.0000	0.0000	0.0000	0.0000	0.0000	0.0000	0.0000	0.0000	0.0000	0.0000	0.0000	0.0000	0.0000	0.0000											
2	21	0.6578	9	0	0	0	2	0	0	0	0	N	N	N	Y	N	N	N	N	N	N	N	N	0.0000	0.0000	0.0000	0.0000	0.0000	0.0000	0.0000	0.0000	0.0000	0.0000	0.0000	0.0000	0.0000	0.0000	0.0000	0.0000	0.0000	0.0000	0.0000	-0.0000	0.0000	2.0045	0.0000	0.0106	0.0000	0.0000	0.0000	0.0000	0.0000	0.0000	0.0000	0.0000	0.0000	0.0000	0.0000	0.0000	0.0000	0.0000	0.0000	0.0000	0.0000	0.0000	0.0000	0.0000	0.0000	0.0000	0.0000	0.0000	0.0000	0.0000	0.0000	0.0000	0.0000	0.0000	0.0000	0.0000	0.0000	0.0000	0.0000	0.0000	0.0000	0.0000	0.0000	0.0000	0.0000	0.0000	0.0000	0.0000	0.0000	0.0000	0.0000	0.0000	0.0000	0.0000	0.0000	0.0000	0.0000	0.0000											
2	22	0.6285	8	0	0	0	2	0	0	0	0	N	N	N	Y	N	N	N	N	N	N	N	N	0.0000	0.0000	0.0000	0.0000	0.0000	0.0000	0.0000	0.0000	0.0000	0.0000	0.0000	0.0000	0.0000	0.0000	0.0000	0.0000	0.0000	0.0000	0.0000	0.0000	0.0000	1.9989	0.0000	1.0099	0.0000	0.0000	0.0000	0.0000	0.0000	0.0000	0.0000	0.0000	0.0000	0.0000	0.0000	0.0000	0.0000	0.0000	0.0000	0.0000	0.0000	0.0000	0.0000	0.0000	0.0000	0.0000	0.0000	0.0000	0.0000	0.0000	0.0000	0.0000	0.0000	0.0000	0.0000	0.0000	0.0000	0.0000	0.0000	0.0000	0.0000	0.0000	0.0000	0.0000	0.0000	0.0000	0.0000	0.0000	0.0000	0.0000	0.0000	0.0000	0.0000	0.0000	0.0000	0.0000	0.0000	0.0000											
2	23	0.0193	3	0	1	0	2	0	0	0	0	N	N	N	Y	N	N	N	N	N	N	N	N	0.0000	0.0000	0.0000	0.0000	0.0000	0.0000	0.0000	0.0000	0.0000	0.0000	0.0000	0.0000	0.0000	0.0000	0.0000	0.0000	0.0000	0.0000	0.0000	0.0000	0.0000	0.0000	0.0000	1.0024	0.0000	0.0000	0.0000	0.0000	0.0000	0.0000	0.0000	0.0000	0.0000	0.0000	0.0000	0.0000	0.0000	0.0000	0.0000	0.0000	0.0000	0.0000	0.0000	0.0000	0.0000	0.0000	0.0000	0.0000	0.0000	0.0000	0.0000	0.0000	0.0000	0.0000	0.0000	0.0000	0.0000	0.0000	0.0000	0.0000	0.0000	0.0000	0.0000	0.0000	0.0000	0.0000	0.0000	0.0000	0.0000	0.0000	0.0000	0.0000	0.0000	0.0000	0.0000	0.0000	0.0000	0.0000											
2	24	0.6317	8	0	1	0	1	0	0	0	0	N	N	N	N	N	N	N	N	N	N	N	N	0.0000	0.0000	0.0000	0.0000	0.0000	0.0000	0.0000	0.0000	0.0000	0.0000	0.0000	0.0000	0.0000	0.0000	0.0000	0.0000	0.0000	0.0000	0.0000	0.0000	0.0000	0.0000	0.0000	0.0000	0.0000	0.0000	0.0000	0.0000	0.0000	0.0000	0.0000	0.0000	0.0000	0.0000	0.0000	0.0000	0.0000	0.0000	0.0000	0.0000	0.0000	0.0000	0.0000	0.0000	0.0000	0.0000	0.0000	0.0000	0.0000	0.0000	0.0000	0.0000	0.0000	0.0000	0.0000	0.0000	0.0000	0.0000	0.0000	0.0000	0.0000	0.0000	0.0000	0.0000	0.0000	0.0000	0.0000	0.0000	0.0000	0.0000	0.0000	0.0000	0.0000	0.0000	0.0000	0.0000	0.0000	0.0000											
2	25	0.1270	7	0	1	0	1	0	0	0	0	N	N	N	N	N	N	N	N	N	N	N	N	0.0000	0.0000	0.0000	0.0000	0.0000	0.0000	0.0000	0.0000	0.0000	0.0000	0.0000	0.0000	0.0000	0.0000	0.0000	0.0000	0.0000	0.0000	0.0000	0.0000	0.0000	0.9998	0.0000	0.0242	0.0000	0.0000	0.0000	0.0000	0.0000	0.0000	0.0000	0.0000	0.0000	0.0000	0.0000	0.0000	0.0000	0.0000	0.0000	0.0000	0.0000	0.0000	0.0000	0.0000	0.0000	0.0000	0.0000	0.0000	0.0000	0.0000	0.0000	0.0000	0.0000	0.0000	0.0000	0.0000	0.0000	0.0000	0.0000	0.0000	0.0000	0.0000	0.0000	0.0000	0.0000	0.0000	0.0000	0.0000	0.0000	0.0000	0.0000	0.0000	0.0000	0.0000	0.0000	0.0000	0.0000	0.0000											
2	26	0.1647	10	0	1	0	2	0	0	0	0	N	N	N	Y	N	N	N	N	N	N	N	N	0.0000	0.0000	0.0000	0.0000	0.0000	0.0000	0.0000	0.0000	0.0000	0.0000	0.0000	0.0000	0.0000	0.0000	0.0000	0.0000	0.0000	0.0000	0.0000	0.0000	0.0000	0.0000	0.0000	0.0000	0.0000	0.0000	0.0000	0.0000	0.0000	0.0000	0.0000	0.0000	0.0000	0.0000	0.0000	0.0000	0.0000	0.0000	0.0000	0.0000	0.0000	0.0000	0.0000	0.0000	0.0000	0.0000	0.0000	0.0000	0.0000	0.0000	0.0000	0.0000	0.0000	0.0000	0.0000	0.0000	0.0000	0.0000	0.0000	0.0000	0.0000	0.0000	0.0000	0.0000	0.0000	0.0000	0.0000	0.0000	0.0000	0.0000	0.0000	0.0000	0.0000	0.0000	0.0000	0.0000	0.0000	0.0000											
2	27	0.6554	8	1	1	0	1	0	0	0	0	N	N	N	N	N	N	N	N	N	N	N	N	0.0000	0.0000	0.0000	0.0000	0.0000	0.0000	0.0000	0.0000	0.0000	0.0000	0.0000	0.0000	0.0000	0.0021	0.0038	0.0000	0.0024	0.0019	0.0000	0.0000	0.0000	0.0000	0.0000	0.0000	-0.0000	0.0000	0.0418	0.0000	6.1659	0.0000	0.0000	0.0000	0.0000	0.0000	0.0000	0.0000	0.0000	0.0000	0.0000	0.0000	0.0000	0.0000	0.0000	0.0000	0.0000	0.0000	0.0000	0.0000	0.0000	0.0000	0.0000	0.0000	0.0000	0.0000	0.0000	0.0000	0.0000	0.0000	0.0000	0.0000	0.0000	0.0000	0.0000	0.0000	0.0000	0.0000	0.0000	0.0000	0.0000	0.0000	0.0000	0.0000	0.0000	0.0000	0.0005	0.0009	0.0000	0.0010	0.0010	0.0000	0.0000	0.0000	0.0000						
2	28	0.6624	11	0	0	0	2	0	0	0	0	N	N	N	Y	N	N	N	N	N	N	N	N	0.0000	0.0000	0.0000	0.0000	0.0000	0.0000	0.0000	0.0000	0.0000	0.0000	0.0000	0.0000	0.0000	0.0000	0.0000	0.0000	0.0000	0.0000	0.0000	0.0000	0.0000	1.5398	0.0000	1.0296	0.0000	0.0000	0.0000	0.0000	0.0000	0.0000	0.0000	0.0000	0.0000	0.0000	0.0000	0.0000	0.0000	0.0000	0.0000	0.0000	0.0000	0.0000	0.0000	0.0000	0.0000	0.0000	0.0000	0.0000	0.0000	0.0000	0.0000	0.0000	0.0000	0.0000	0.0000	0.0000	0.0000	0.0000	0.0000	0.0000	0.0000	0.0000	0.0000	0.0000	0.0000	0.0000	0.0000	0.0000	0.0000	0.0000	0.0000	0.0000	0.0000	0.0000	0.0000	0.0000	0.0000	0.0000											
2	29	0.6572	10	0	0	0	2	0	0	0	0	N	N	N	Y	N	N	N	N	N	N	N	N	0.0000	0.0000	0.0000	0.0000	0.0000	0.0000	0.0000	0.0000	0.0000	0.0000	0.0000	0.0000	0.0000	0.0000	0.0000	0.0000	0.0000	0.0000	0.0000	0.0000	0.0000	0.8816	0.0000	0.0702	0.0000	0.0000	0.0000	0.0000	0.0000	0.0000	0.0000	0.0000	0.0000	0.0000	0.0000	0.0000	0.0000	0.0000	0.0000	0.0000	0.0000	0.0000	0.0000	0.0000	0.0000	0.0000	0.0000	0.0000	0.0000	0.0000	0.0000	0.0000	0.0000	0.0000	0.0000	0.0000	0.0000	0.0000	0.0000	0.0000	0.0000	0.0000	0.0000	0.0000	0.0000	0.0000	0.0000	0.0000	0.0000	0.0000	0.0000	0.0000	0.0000	0.0000	0.0000	0.0000	0.0000	0.0000											
2	30	0.0346	4	0	0	0	2	0	0	0	0	N	N	N	Y	N	N	N	N	N	N	N	N	0.0000	0.0000	0.0000	0.0000	0.0000	0.0000	0.0000	0.0000	0.0000	0.0000	0.0000	0.0000	0.0000	0.0000	0.0000	0.0000	0.0000	0.0000	0.0000	0.0000	0.0000	0.0000	0.0000	0.0000	0.0000	0.0000	0.0000	0.0000	0.0000	0.0000	0.0000	0.0000	0.0000	0.0000	0.0000	0.0000	0.0000	0.0000	0.0000	0.0000	0.0000	0.0000	0.0000	0.0000	0.0000	0.0000	0.0000	0.0000	0.0000	0.0000	0.0000	0.0000	0.0000	0.0000	0.0000	0.0000	0.0000	0.0000	0.0000	0.0000	0.0000	0.0000	0.0000	0.0000	0.0000	0.0000	0.0000	0.0000	0.0000	0.0000	0.0000	0.0000	0.0000	0.0000	0.0000	0.0000	0.0000	0.0000											
2	31	0.1174	6	1	0	1	1	0	0	0	0	N	N	N	N	N	N	N	N	N	N	N	N	0.0000	0.0000	0.0000	0.0000	0.0000	0.0000	0.0000	0.0000	0.0000	0.0000	0.0000	0.0000	0.0000	0.0000	0.0000	0.0000	0.0000	0.0000	0.0000	0.0000	0.0000	0.0000	0.0000	0.0000	0.0000	0.0000	0.0000	0.0000	0.0000	0.0000	0.0000	0.0000	0.0000	0.0000	0.0000	0.0000	0.0000	0.0000	0.0000	0.0000	0.0000	0.0000	0.0000	0.0000	0.0000	0.0000	0.0000	0.0000	0.0000	0.0000	0.0000	0.0000	0.0000	0.0000	0.0000	0.0000	0.0000	0.0000	0.0000	0.0000	0.0000	0.0000	0.0000	0.0000	0.0000	0.0000	0.0000	0.0000	0.0000	0.0000	0.0000	0.0000	0.0000	0.0000	0.0000	0.0000	0.0000	0.0000											
2	32	0.0532	4	0	1	0	1	0	0	0	0	N	N	N	N	N	N	N	N	N	N	N	N	0.0000	0.0000	0.0000	0.0000	0.0000	0.0000	0.0000	0.0000	0.0000	0.0000	0.0000	0.0000	0.0000	0.0000	0.0000	0.0000	0.0000	0.0000	0.0000	0.0000	0.0000	0.0006	0.0000	3.0000	0.0000	0.0000	0.0000	0.0000	0.0000	0.0000	0.0000	0.0000	0.0000	0.0000	0.0000	0.0000	0.0000	0.0000	0.0000	0.0000	0.0000	0.0000	0.0000	0.0000	0.0000	0.0000	0.0000	0.0000	0.0000	0.0000	0.0000	0.0000	0.0000	0.0000	0.0000	0.0000	0.0000	0.0000	0.0000	0.0000	0.0000	0.0000	0.0000	0.0000	0.0000	0.0000	0.0000	0.0000	0.0000	0.0000	0.0000	0.0000	0.0000	0.0000	0.0000	0.0000	0.0000	0.0000											
2	33	0.0532	4	0	1	0	1	0	0	0	0	N	N	N	N	N	N	N	N	N	N	N	N	0.0000	0.0000	0.0000	0.0000	0.0000	0.0000	0.0000	0.0000	0.0000	0.0000	0.0000	0.0000	0.0000	0.0000	0.0000	0.0000	0.0000	0.0000	0.0000	0.0000	0.0000	2.0006	0.0000	8.0000	0.0000	0.0000	0.0000	0.0000	0.0000	0.0000	0.0000	0.0000	0.0000	0.0000	0.0000	0.0000	0.0000	0.0000	0.0000	0.0000	0.0000	0.0000	0.0000	0.0000	0.0000	0.0000	0.0000	0.0000	0.0000	0.0000	0.0000	0.0000	0.0000	0.0000	0.0000	0.0000	0.0000	0.0000	0.0000	0.0000	0.0000	0.0000	0.0000	0.0000	0.0000	0.0000	0.0000	0.0000	0.0000	0.0000	0.0000	0.0000	0.0000	0.0000	0.0000	0.0000	0.0000	0.0000											
2	34	0.0944	5	1	1	0	1	0	0	0	0	N	N	N	N	N	N	N	N	N	N	N	N	0.0000	0.0000	0.0000	0.0000	0.0000	0.0000	0.0000	0.0000	0.0000	0.0000	0.0000	0.0000	0.0000	4.9501	8.7104	0.0000	11.5194	11.5230	0.0000	0.0000	0.0000	0.0000	0.0000	0.0000	-0.0000	0.0000	10.0001	0.0000	4.0001	0.0000	0.0000	0.0000	0.0000	0.0000	0.0000	0.0000	0.0000	0.0000	0.0000	0.0000	0.0000	0.0000	0.0000	0.0000	0.0000	0.0000	0.0000	0.0000	0.0000	0.0000	0.0000	0.0000	0.0000	0.0000	0.0000	0.0000	0.0000	0.0000	0.0000	0.0000	0.0000	0.0000	0.0000	0.0000	0.0000	0.0000	0.0000	0.0000	0.0000	0.0000	0.0000	0.0000	0.0000	0.0000	4.9501	8.7104	0.0000	11.5194	11.5230	0.0000	0.0000	0.0000	0.0000						
2	35	0.0532	4	0	1	0	1	0	0	0	0	N	N	N	N	N	N	N	N	N	N	N	N	0.0000	0.0000	0.0000	0.0000	0.0000	0.0000	0.0000	0.0000	0.0000	0.0000	0.0000	0.0000	0.0000	0.0000	0.0000	0.0000	0.0000	0.0000	0.0000	0.0000	0.0000	3.0004	0.0000	2.0000	0.0000	0.0000	0.0000	0.0000	0.0000	0.0000	0.0000	0.0000	0.0000	0.0000	0.0000	0.0000	0.0000	0.0000	0.0000	0.0000	0.0000	0.0000	0.0000	0.0000	0.0000	0.0000	0.0000	0.0000	0.0000	0.0000	0.0000	0.0000	0.0000	0.0000	0.0000	0.0000	0.0000	0.0000	0.0000	0.0000	0.0000	0.0000	0.0000	0.0000	0.0000	0.0000	0.0000	0.0000	0.0000	0.0000	0.0000	0.0000	0.0000	0.0000	0.0000	0.0000	0.0000	0.0000											
2	36	0.6093	7	0	1	0	1	0	0	0	0	N	N	N	N	N	N	N	N	N	N	N	N	0.0000	0.0000	0.0000	0.0000	0.0000	0.0000	0.0000	0.0000	0.0000	0.0000	0.0000	0.0000	0.0000	0.0000	0.0000	0.0000	0.0000	0.0000	0.0000	0.0000	0.0000	3.0000	0.0000	3.0000	0.0000	0.0000	0.0000	0.0000	0.0000	0.0000	0.0000	0.0000	0.0000	0.0000	0.0000	0.0000	0.0000	0.0000	0.0000	0.0000	0.0000	0.0000	0.0000	0.0000	0.0000	0.0000	0.0000	0.0000	0.0000	0.0000	0.0000	0.0000	0.0000	0.0000	0.0000	0.0000	0.0000	0.0000	0.0000	0.0000	0.0000	0.0000	0.0000	0.0000	0.0000	0.0000	0.0000	0.0000	0.0000	0.0000	0.0000	0.0000	0.0000	0.0000	0.0000	0.0000	0.0000	0.0000											
2	37	0.0230	3	1	1	0	1	0	0	0	0	N	N	N	N	N	N	N	N	N	N	N	N	0.0000	0.0000	0.0000	0.0000	0.0000	0.0000	0.0000	0.0000	0.0000	0.0000	0.0000	0.0000	0.0000	0.0000	0.0000	0.0000	0.0000	0.0000	0.0000	0.0000	0.0000	4.2779	0.0000	3.9542	0.0000	0.0000	0.0000	0.0000	0.0000	0.0000	0.0000	0.0000	0.0000	0.0000	0.0000	0.0000	0.0000	0.0000	0.0000	0.0000	0.0000	0.0000	0.0000	0.0000	0.0000	0.0000	0.0000	0.0000	0.0000	0.0000	0.0000	0.0000	0.0000	0.0000	0.0000	0.0000	0.0000	0.0000	0.0000	0.0000	0.0000	0.0000	0.0000	0.0000	0.0000	0.0000	0.0000	0.0000	0.0000	0.0000	0.0000	0.0000	0.0000	0.0000	0.0000	0.0000	0.0000	0.0000											
2	38	0.6760	11	1	1	0	1	0	0	0	0	N	N	N	N	N	N	N	N	N	N	N	N	0.0000	0.0000	0.0000	0.0000	0.0000	0.0000	0.0000	0.0000	0.0000	0.0000	0.0000	0.0000	0.0000	0.0000	0.0000	0.0000	0.0000	0.0000	0.0000	-0.0000	0.0000	2.8243	0.0000	1.0201	0.0000	0.0000	0.0000	0.0000	0.0000	0.0000	0.0000	0.0000	0.0000	0.0000	0.0000	0.0000	0.0000	0.0000	0.0000	0.0000	0.0000	0.0000	0.0000	0.0000	0.0000	0.0000	0.0000	0.0000	0.0000	0.0000	0.0000	0.0000	0.0000	0.0000	0.0000	0.0000	0.0000	0.0000	0.0000	0.0000	0.0000	0.0000	0.0000	0.0000	0.0000	0.0000	0.0000	0.0000	0.0000	0.0000	0.0000	0.0000	0.0000	0.0000	0.0000	0.0000	0.0000	0.0000											
2	39	0.0944	5	0	1	0	1	0	0	0	0	N	N	N	N	N	N	N	N	N	N	N	N	0.0000	0.0000	0.0000	0.0000	0.0000	0.0000	0.0000	0.0000	0.0000	0.0000	0.0000	0.0000	0.0000	6.6229	11.6854	0.0000	15.3956	15.4003	0.0000	0.0000	0.0000	0.0000	0.0000	0.0000	-0.0000	0.0000	5.0001	0.0000	5.0000	0.0000	0.0000	0.0000	0.0000	0.0000	0.0000	0.0000	0.0000	0.0000	0.0000	0.0000	0.0000	0.0000	0.0000	0.0000	0.0000	0.0000	0.0000	0.0000	0.0000	0.0000	0.0000	0.0000	0.0000	0.0000	0.0000	0.0000	0.0000	0.0000	0.0000	0.0000	0.0000	0.0000	0.0000	0.0000	0.0000	0.0000	0.0000	0.0000	0.0000	0.0000	0.0000	0.0000	0.0000	0.0000	6.6229	11.6854	0.0000	15.3956	15.4003	0.0000	0.0000	0.0000	0.0000						
2	40	0.6317	8	0	1	0	1	0	0	0	0	N	N	N	N	N	N	N	N	N	N	N	N	0.0000	0.0000	0.0000	0.0000	0.0000	0.0000	0.0000	0.0000	0.0000	0.0000	0.0000	0.0000	0.0000	0.0000	0.0000	0.0000	0.0000	0.0000	0.0000	0.0000	0.0000	0.0000	0.0000	2.0000	0.0000	0.0000	0.0000	0.0000	0.0000	0.0000	0.0000	0.0000	0.0000	0.0000	0.0000	0.0000	0.0000	0.0000	0.0000	0.0000	0.0000	0.0000	0.0000	0.0000	0.0000	0.0000	0.0000	0.0000	0.0000	0.0000	0.0000	0.0000	0.0000	0.0000	0.0000	0.0000	0.0000	0.0000	0.0000	0.0000	0.0000	0.0000	0.0000	0.0000	0.0000	0.0000	0.0000	0.0000	0.0000	0.0000	0.0000	0.0000	0.0000	0.0000	0.0000	0.0000	0.0000	0.0000											
2	41	0.0944	5	0	1	0	1	0	0	0	0	N	N	N	N	N	N	N	N	N	N	N	N	0.0000	0.0000	0.0000	0.0000	0.0000	0.0000	0.0000	0.0000	0.0000	0.0000	0.0000	0.0000	0.0000	7.2756	12.8456	0.0000	16.9083	16.9134	0.0000	0.0000	0.0000	0.0000	0.0000	0.0000	-0.0000	0.0000	5.9998	0.0000	3.0000	0.0000	0.0000	0.0000	0.0000	0.0000	0.0000	0.0000	0.0000	0.0000	0.0000	0.0000	0.0000	0.0000	0.0000	0.0000	0.0000	0.0000	0.0000	0.0000	0.0000	0.0000	0.0000	0.0000	0.0000	0.0000	0.0000	0.0000	0.0000	0.0000	0.0000	0.0000	0.0000	0.0000	0.0000	0.0000	0.0000	0.0000	0.0000	0.0000	0.0000	0.0000	0.0000	0.0000	0.0000	0.0000	7.2756	12.8456	0.0000	16.9083	16.9134	0.0000	0.0000	0.0000	0.0000						
2	42	0.6978	12	0	1	1	2	0	0	0	0	N	N	N	Y	N	N	N	N	N	N	N	N	0.0000	0.0000	0.0000	0.0000	0.0000	0.0000	0.0000	0.0000	0.0000	0.0000	0.0000	0.0000	0.0000	0.0000	0.0000	0.0000	0.0000	0.0000	0.0000	0.0000	0.0000	0.0011	0.0000	1.0134	0.0000	0.0000	0.0000	0.0000	0.0000	0.0000	0.0000	0.0000	0.0000	0.0000	0.0000	0.0000	0.0000	0.0000	0.0000	0.0000	0.0000	0.0000	0.0000	0.0000	0.0000	0.0000	0.0000	0.0000	0.0000	0.0000	0.0000	0.0000	0.0000	0.0000	0.0000	0.0000	0.0000	0.0000	0.0000	0.0000	0.0000	0.0000	0.0000	0.0000	0.0000	0.0000	0.0000	0.0000	0.0000	0.0000	0.0000	0.0000	0.0000	0.0000	0.0000	0.0000	0.0000	0.0000											
2	43	0.6760	11	0	0	0	2	0	0	0	0	N	N	N	Y	N	N	N	N	N	N	N	N	0.0000	0.0000	0.0000	0.0000	0.0000	0.0000	0.0000	0.0000	0.0000	0.0000	0.0000	0.0000	0.0000	0.0000	0.0000	0.0000	0.0000	0.0000	0.0000	-0.0000	0.0000	2.8187	0.0000	0.0347	0.0000	0.0000	0.0000	0.0000	0.0000	0.0000	0.0000	0.0000	0.0000	0.0000	0.0000	0.0000	0.0000	0.0000	0.0000	0.0000	0.0000	0.0000	0.0000	0.0000	0.0000	0.0000	0.0000	0.0000	0.0000	0.0000	0.0000	0.0000	0.0000	0.0000	0.0000	0.0000	0.0000	0.0000	0.0000	0.0000	0.0000	0.0000	0.0000	0.0000	0.0000	0.0000	0.0000	0.0000	0.0000	0.0000	0.0000	0.0000	0.0000	0.0000	0.0000	0.0000	0.0000	0.0000											
2	44	0.6633	10	0	0	0	1	0	0	0	0	N	N	N	N	N	N	N	N	N	N	N	N	0.0000	0.0000	0.0000	0.0000	0.0000	0.0000	0.0000	0.0000	0.0000	0.0000	0.0000	0.0000	0.0000	0.0000	0.0000	0.0000	0.0000	0.0000	0.0000	0.0000	0.0000	0.9605	0.0000	1.0076	0.0000	0.0000	0.0000	0.0000	0.0000	0.0000	0.0000	0.0000	0.0000	0.0000	0.0000	0.0000	0.0000	0.0000	0.0000	0.0000	0.0000	0.0000	0.0000	0.0000	0.0000	0.0000	0.0000	0.0000	0.0000	0.0000	0.0000	0.0000	0.0000	0.0000	0.0000	0.0000	0.0000	0.0000	0.0000	0.0000	0.0000	0.0000	0.0000	0.0000	0.0000	0.0000	0.0000	0.0000	0.0000	0.0000	0.0000	0.0000	0.0000	0.0000	0.0000	0.0000	0.0000	0.0000											
2	46	0.6093	7	0	1	0	1	0	0	0	0	N	N	N	N	N	N	N	N	N	N	N	N	0.0000	0.0000	0.0000	0.0000	0.0000	0.0000	0.0000	0.0000	0.0000	0.0000	0.0000	0.0000	0.0000	0.0000	0.0000	0.0000	0.0000	0.0000	0.0000	0.0000	0.0000	0.0000	0.0000	0.0000	0.0000	0.0000	0.0000	0.0000	0.0000	0.0000	0.0000	0.0000	0.0000	0.0000	0.0000	0.0000	0.0000	0.0000	0.0000	0.0000	0.0000	0.0000	0.0000	0.0000	0.0000	0.0000	0.0000	0.0000	0.0000	0.0000	0.0000	0.0000	0.0000	0.0000	0.0000	0.0000	0.0000	0.0000	0.0000	0.0000	0.0000	0.0000	0.0000	0.0000	0.0000	0.0000	0.0000	0.0000	0.0000	0.0000	0.0000	0.0000	0.0000	0.0000	0.0000	0.0000	0.0000	0.0000											
2	47	0.6633	10	0	1	0	2	0	0	0	0	N	N	N	Y	N	N	N	N	N	N	N	N	0.0000	0.0000	0.0000	0.0000	0.0000	0.0000	0.0000	0.0000	0.0000	0.0000	0.0000	0.0000	0.0000	0.0000	0.0000	0.0000	0.0000	0.0000	0.0000	0.0000	0.0000	0.0000	0.0000	1.0000	0.0000	0.0000	0.0000	0.0000	0.0000	0.0000	0.0000	0.0000	0.0000	0.0000	0.0000	0.0000	0.0000	0.0000	0.0000	0.0000	0.0000	0.0000	0.0000	0.0000	0.0000	0.0000	0.0000	0.0000	0.0000	0.0000	0.0000	0.0000	0.0000	0.0000	0.0000	0.0000	0.0000	0.0000	0.0000	0.0000	0.0000	0.0000	0.0000	0.0000	0.0000	0.0000	0.0000	0.0000	0.0000	0.0000	0.0000	0.0000	0.0000	0.0000	0.0000	0.0000	0.0000	0.0000											
2	48	0.6093	7	1	1	0	1	0	0	0	0	N	N	N	N	N	N	N	N	N	N	N	N	0.0000	0.0000	0.0000	0.0000	0.0000	0.0000	0.0000	0.0000	0.0000	0.0000	0.0000	0.0000	0.0000	0.0000	0.0000	0.0000	0.0000	0.0000	0.0000	0.0000	0.0000	0.0000	0.0000	4.0000	0.0000	0.0000	0.0000	0.0000	0.0000	0.0000	0.0000	0.0000	0.0000	0.0000	0.0000	0.0000	0.0000	0.0000	0.0000	0.0000	0.0000	0.0000	0.0000	0.0000	0.0000	0.0000	0.0000	0.0000	0.0000	0.0000	0.0000	0.0000	0.0000	0.0000	0.0000	0.0000	0.0000	0.0000	0.0000	0.0000	0.0000	0.0000	0.0000	0.0000	0.0000	0.0000	0.0000	0.0000	0.0000	0.0000	0.0000	0.0000	0.0000	0.0000	0.0000	0.0000	0.0000	0.0000											
2	49	0.6840	11	0	0	1	1	0	0	0	0	N	N	N	N	N	N	N	N	N	N	N	N	0.0000	0.0000	0.0000	0.0000	0.0000	0.0000	0.0000	0.0000	0.0000	0.0000	0.0000	0.0000	0.0000	0.0000	0.0000	0.0000	0.0000	0.0000	0.0000	0.0000	0.0000	0.0000	0.0000	0.0000	0.0000	0.0000	0.0000	0.0000	0.0000	0.0000	0.0000	0.0000	0.0000	0.0000	0.0000	0.0000	0.0000	0.0000	0.0000	0.0000	0.0000	0.0000	0.0000	0.0000	0.0000	0.0000	0.0000	0.0000	0.0000	0.0000	0.0000	0.0000	0.0000	0.0000	0.0000	0.0000	0.0000	0.0000	0.0000	0.0000	0.0000	0.0000	0.0000	0.0000	0.0000	0.0000	0.0000	0.0000	0.0000	0.0000	0.0000	0.0000	0.0000	0.0000	0.0000	0.0000	0.0000	0.0000											
2	50	0.0551	4	0	0	1	1	0	0	0	0	N	N	N	N	N	N	N	N	N	N	N	N	0.0000	0.0000	0.0000	0.0000	0.0000	0.0000	0.0000	0.0000	0.0000	0.0000	0.0000	0.0000	0.0000	0.0000	0.0000	0.0000	0.0000	0.0000	0.0000	0.0000	0.0000	1.0000	0.0000	1.0000	0.0000	0.0000	0.0000	0.0000	0.0000	0.0000	0.0000	0.0000	0.0000	0.0000	0.0000	0.0000	0.0000	0.0000	0.0000	0.0000	0.0000	0.0000	0.0000	0.0000	0.0000	0.0000	0.0000	0.0000	0.0000	0.0000	0.0000	0.0000	0.0000	0.0000	0.0000	0.0000	0.0000	0.0000	0.0000	0.0000	0.0000	0.0000	0.0000	0.0000	0.0000	0.0000	0.0000	0.0000	0.0000	0.0000	0.0000	0.0000	0.0000	0.0000	0.0000	0.0000	0.0000	0.0000											
2	51	0.0596	4	0	1	0	1	0	0	0	0	N	N	N	N	N	N	N	N	N	N	N	N	0.0000	0.0000	0.0000	0.0000	0.0000	0.0000	0.0000	0.0000	0.0000	0.0000	0.0000	0.0000	0.0000	0.0000	0.0000	0.0000	0.0000	0.0000	0.0000	0.0000	0.0000	0.0003	0.0000	0.9690	0.0000	0.0000	0.0000	0.0000	0.0000	0.0000	0.0000	0.0000	0.0000	0.0000	0.0000	0.0000	0.0000	0.0000	0.0000	0.0000	0.0000	0.0000	0.0000	0.0000	0.0000	0.0000	0.0000	0.0000	0.0000	0.0000	0.0000	0.0000	0.0000	0.0000	0.0000	0.0000	0.0000	0.0000	0.0000	0.0000	0.0000	0.0000	0.0000	0.0000	0.0000	0.0000	0.0000	0.0000	0.0000	0.0000	0.0000	0.0000	0.0000	0.0000	0.0000	0.0000	0.0000	0.0000											
2	52	0.6873	11	0	1	0	1	0	0	0	0	N	N	N	N	N	N	N	N	N	N	N	N	0.0000	0.0000	0.0000	0.0000	0.0000	0.0000	0.0000	0.0000	0.0000	0.0000	0.0000	0.0000	0.0000	0.0000	0.0000	0.0000	0.0000	0.0000	0.0000	-0.0000	0.0000	0.9211	0.0000	0.1671	0.0000	0.0000	0.0000	0.0000	0.0000	0.0000	0.0000	0.0000	0.0000	0.0000	0.0000	0.0000	0.0000	0.0000	0.0000	0.0000	0.0000	0.0000	0.0000	0.0000	0.0000	0.0000	0.0000	0.0000	0.0000	0.0000	0.0000	0.0000	0.0000	0.0000	0.0000	0.0000	0.0000	0.0000	0.0000	0.0000	0.0000	0.0000	0.0000	0.0000	0.0000	0.0000	0.0000	0.0000	0.0000	0.0000	0.0000	0.0000	0.0000	0.0000	0.0000	0.0000	0.0000	0.0000											
2	55	0.6633	10	0	1	0	1	0	0	0	0	N	N	N	N	N	N	N	N	N	N	N	N	0.0000	0.0000	0.0000	0.0000	0.0000	0.0000	0.0000	0.0000	0.0000	0.0000	0.0000	0.0000	0.0000	0.0000	0.0000	0.0000	0.0000	0.0000	0.0000	0.0000	0.0000	2.0000	0.0000	3.0000	0.0000	0.0000	0.0000	0.0000	0.0000	0.0000	0.0000	0.0000	0.0000	0.0000	0.0000	0.0000	0.0000	0.0000	0.0000	0.0000	0.0000	0.0000	0.0000	0.0000	0.0000	0.0000	0.0000	0.0000	0.0000	0.0000	0.0000	0.0000	0.0000	0.0000	0.0000	0.0000	0.0000	0.0000	0.0000	0.0000	0.0000	0.0000	0.0000	0.0000	0.0000	0.0000	0.0000	0.0000	0.0000	0.0000	0.0000	0.0000	0.0000	0.0000	0.0000	0.0000	0.0000	0.0000											
2	56	0.0230	3	0	1	0	2	0	0	0	0	N	N	N	Y	N	N	N	N	N	N	N	N	0.0000	0.0000	0.0000	0.0000	0.0000	0.0000	0.0000	0.0000	0.0000	0.0000	0.0000	0.0000	0.0000	0.0000	0.0000	0.0000	0.0000	0.0000	0.0000	0.0000	0.0000	1.7218	0.0000	6.9557	0.0000	0.0000	0.0000	0.0000	0.0000	0.0000	0.0000	0.0000	0.0000	0.0000	0.0000	0.0000	0.0000	0.0000	0.0000	0.0000	0.0000	0.0000	0.0000	0.0000	0.0000	0.0000	0.0000	0.0000	0.0000	0.0000	0.0000	0.0000	0.0000	0.0000	0.0000	0.0000	0.0000	0.0000	0.0000	0.0000	0.0000	0.0000	0.0000	0.0000	0.0000	0.0000	0.0000	0.0000	0.0000	0.0000	0.0000	0.0000	0.0000	0.0000	0.0000	0.0000	0.0000	0.0000											
2	57	0.0944	5	1	0	1	1	0	0	0	0	N	N	N	N	N	N	N	N	N	N	N	N	0.0000	0.0000	0.0000	0.0000	0.0000	0.0000	0.0000	0.0000	0.0000	0.0000	0.0000	0.0000	0.0000	0.0000	0.0000	0.0000	0.0000	0.0000	0.0000	0.0000	0.0000	8.9999	0.0000	5.0001	0.0000	0.0000	0.0000	0.0000	0.0000	0.0000	0.0000	0.0000	0.0000	0.0000	0.0000	0.0000	0.0000	0.0000	0.0000	0.0000	0.0000	0.0000	0.0000	0.0000	0.0000	0.0000	0.0000	0.0000	0.0000	0.0000	0.0000	0.0000	0.0000	0.0000	0.0000	0.0000	0.0000	0.0000	0.0000	0.0000	0.0000	0.0000	0.0000	0.0000	0.0000	0.0000	0.0000	0.0000	0.0000	0.0000	0.0000	0.0000	0.0000	0.0000	0.0000	0.0000	0.0000	0.0000											
2	58	0.6093	7	1	0	1	1	0	0	0	0	N	N	N	N	N	N	N	N	N	N	N	N	0.0000	0.0000	0.0000	0.0000	0.0000	0.0000	0.0000	0.0000	0.0000	0.0000	0.0000	0.0000	0.0000	0.0000	0.0000	0.0000	0.0000	0.0000	0.0000	0.0000	0.0000	0.0000	0.0000	1.0000	0.0000	0.0000	0.0000	0.0000	0.0000	0.0000	0.0000	0.0000	0.0000	0.0000	0.0000	0.0000	0.0000	0.0000	0.0000	0.0000	0.0000	0.0000	0.0000	0.0000	0.0000	0.0000	0.0000	0.0000	0.0000	0.0000	0.0000	0.0000	0.0000	0.0000	0.0000	0.0000	0.0000	0.0000	0.0000	0.0000	0.0000	0.0000	0.0000	0.0000	0.0000	0.0000	0.0000	0.0000	0.0000	0.0000	0.0000	0.0000	0.0000	0.0000	0.0000	0.0000	0.0000	0.0000											
2	59	0.0596	4	0	0	1	1	0	0	0	0	N	N	N	N	N	N	N	N	N	N	N	N	0.0000	0.0000	0.0000	0.0000	0.0000	0.0000	0.0000	0.0000	0.0000	0.0000	0.0000	0.0000	0.0000	0.0000	0.0000	0.0000	0.0000	0.0000	0.0000	0.0000	0.0000	0.0006	0.0000	1.1867	0.0000	0.0000	0.0000	0.0000	0.0000	0.0000	0.0000	0.0000	0.0000	0.0000	0.0000	0.0000	0.0000	0.0000	0.0000	0.0000	0.0000	0.0000	0.0000	0.0000	0.0000	0.0000	0.0000	0.0000	0.0000	0.0000	0.0000	0.0000	0.0000	0.0000	0.0000	0.0000	0.0000	0.0000	0.0000	0.0000	0.0000	0.0000	0.0000	0.0000	0.0000	0.0000	0.0000	0.0000	0.0000	0.0000	0.0000	0.0000	0.0000	0.0000	0.0000	0.0000	0.0000	0.0000											
2	60	0.0230	3	0	0	0	1	0	0	0	0	N	N	N	N	N	N	N	N	N	N	N	N	0.0000	0.0000	0.0000	0.0000	0.0000	0.0000	0.0000	0.0000	0.0000	0.0000	0.0000	0.0000	0.0000	0.0000	0.0000	0.0000	0.0000	0.0000	0.0000	0.0000	0.0000	2.2785	0.0000	4.8627	0.0000	0.0000	0.0000	0.0000	0.0000	0.0000	0.0000	0.0000	0.0000	0.0000	0.0000	0.0000	0.0000	0.0000	0.0000	0.0000	0.0000	0.0000	0.0000	0.0000	0.0000	0.0000	0.0000	0.0000	0.0000	0.0000	0.0000	0.0000	0.0000	0.0000	0.0000	0.0000	0.0000	0.0000	0.0000	0.0000	0.0000	0.0000	0.0000	0.0000	0.0000	0.0000	0.0000	0.0000	0.0000	0.0000	0.0000	0.0000	0.0000	0.0000	0.0000	0.0000	0.0000	0.0000											
2	61	0.6873	11	0	0	1	1	0	0	0	0	N	N	N	N	N	N	N	N	N	N	N	N	0.0000	0.0000	0.0000	0.0000	0.0000	0.0000	0.0000	0.0000	0.0000	0.0000	0.0000	0.0000	0.0000	0.0000	0.0000	0.0000	0.0000	0.0000	0.0000	-0.0000	0.0000	1.0901	0.0000	7.9319	0.0000	0.0000	0.0000	0.0000	0.0000	0.0000	0.0000	0.0000	0.0000	0.0000	0.0000	0.0000	0.0000	0.0000	0.0000	0.0000	0.0000	0.0000	0.0000	0.0000	0.0000	0.0000	0.0000	0.0000	0.0000	0.0000	0.0000	0.0000	0.0000	0.0000	0.0000	0.0000	0.0000	0.0000	0.0000	0.0000	0.0000	0.0000	0.0000	0.0000	0.0000	0.0000	0.0000	0.0000	0.0000	0.0000	0.0000	0.0000	0.0000	0.0000	0.0000	0.0000	0.0000	0.0000											
2	62	0.6572	10	0	0	0	1	0	0	0	0	N	N	N	N	N	N	N	N	N	N	N	N	0.0000	0.0000	0.0000	0.0000	0.0000	0.0000	0.0000	0.0000	0.0000	0.0000	0.0000	0.0000	0.0000	0.0000	0.0000	0.0000	0.0000	0.0000	0.0000	0.0000	0.0000	1.6797	0.0000	2.9843	0.0000	0.0000	0.0000	0.0000	0.0000	0.0000	0.0000	0.0000	0.0000	0.0000	0.0000	0.0000	0.0000	0.0000	0.0000	0.0000	0.0000	0.0000	0.0000	0.0000	0.0000	0.0000	0.0000	0.0000	0.0000	0.0000	0.0000	0.0000	0.0000	0.0000	0.0000	0.0000	0.0000	0.0000	0.0000	0.0000	0.0000	0.0000	0.0000	0.0000	0.0000	0.0000	0.0000	0.0000	0.0000	0.0000	0.0000	0.0000	0.0000	0.0000	0.0000	0.0000	0.0000	0.0000											
2	63	0.6471	9	0	0	0	1	0	0	0	0	N	N	N	N	N	N	N	N	N	N	N	N	0.0000	0.0000	0.0000	0.0000	0.0000	0.0000	0.0000	0.0000	0.0000	0.0000	0.0000	0.0000	0.0000	0.0000	0.0000	0.0000	0.0000	0.0000	0.0000	0.0000	0.0000	0.4935	0.0000	1.5835	0.0000	0.0000	0.0000	0.0000	0.0000	0.0000	0.0000	0.0000	0.0000	0.0000	0.0000	0.0000	0.0000	0.0000	0.0000	0.0000	0.0000	0.0000	0.0000	0.0000	0.0000	0.0000	0.0000	0.0000	0.0000	0.0000	0.0000	0.0000	0.0000	0.0000	0.0000	0.0000	0.0000	0.0000	0.0000	0.0000	0.0000	0.0000	0.0000	0.0000	0.0000	0.0000	0.0000	0.0000	0.0000	0.0000	0.0000	0.0000	0.0000	0.0000	0.0000	0.0000	0.0000	0.0000											
2	64	0.6840	11	0	1	0	1	0	0	0	0	N	N	N	N	N	N	N	N	N	N	N	N	0.0000	0.0000	0.0000	0.0000	0.0000	0.0000	0.0000	0.0000	0.0000	0.0000	0.0000	0.0000	0.0000	0.0000	0.0000	0.0000	0.0000	0.0000	0.0000	0.0000	0.0000	0.2944	0.0000	1.0083	0.0000	0.0000	0.0000	0.0000	0.0000	0.0000	0.0000	0.0000	0.0000	0.0000	0.0000	0.0000	0.0000	0.0000	0.0000	0.0000	0.0000	0.0000	0.0000	0.0000	0.0000	0.0000	0.0000	0.0000	0.0000	0.0000	0.0000	0.0000	0.0000	0.0000	0.0000	0.0000	0.0000	0.0000	0.0000	0.0000	0.0000	0.0000	0.0000	0.0000	0.0000	0.0000	0.0000	0.0000	0.0000	0.0000	0.0000	0.0000	0.0000	0.0000	0.0000	0.0000	0.0000	0.0000											
2	65	0.6633	10	0	0	0	1	0	0	0	0	N	N	N	N	N	N	N	N	N	N	N	N	0.0000	0.0000	0.0000	0.0000	0.0000	0.0000	0.0000	0.0000	0.0000	0.0000	0.0000	0.0000	0.0000	0.0000	0.0000	0.0000	0.0000	0.0000	0.0000	0.0000	0.0000	1.1351	0.0000	2.0429	0.0000	0.0000	0.0000	0.0000	0.0000	0.0000	0.0000	0.0000	0.0000	0.0000	0.0000	0.0000	0.0000	0.0000	0.0000	0.0000	0.0000	0.0000	0.0000	0.0000	0.0000	0.0000	0.0000	0.0000	0.0000	0.0000	0.0000	0.0000	0.0000	0.0000	0.0000	0.0000	0.0000	0.0000	0.0000	0.0000	0.0000	0.0000	0.0000	0.0000	0.0000	0.0000	0.0000	0.0000	0.0000	0.0000	0.0000	0.0000	0.0000	0.0000	0.0000	0.0000	0.0000	0.0000											
2	66	0.6471	9	0	0	0	1	0	0	0	0	N	N	N	N	N	N	N	N	N	N	N	N	0.0000	0.0000	0.0000	0.0000	0.0000	0.0000	0.0000	0.0000	0.0000	0.0000	0.0000	0.0000	0.0000	0.0000	0.0000	0.0000	0.0000	0.0000	0.0000	0.0000	0.0000	0.4912	0.0000	2.4266	0.0000	0.0000	0.0000	0.0000	0.0000	0.0000	0.0000	0.0000	0.0000	0.0000	0.0000	0.0000	0.0000	0.0000	0.0000	0.0000	0.0000	0.0000	0.0000	0.0000	0.0000	0.0000	0.0000	0.0000	0.0000	0.0000	0.0000	0.0000	0.0000	0.0000	0.0000	0.0000	0.0000	0.0000	0.0000	0.0000	0.0000	0.0000	0.0000	0.0000	0.0000	0.0000	0.0000	0.0000	0.0000	0.0000	0.0000	0.0000	0.0000	0.0000	0.0000	0.0000	0.0000	0.0000											
2	67	0.6420	8	0	0	0	1	0	0	0	0	N	N	N	N	N	N	N	N	N	N	N	N	0.0000	0.0000	0.0000	0.0000	0.0000	0.0000	0.0000	0.0000	0.0000	0.0000	0.0000	0.0000	0.0000	0.0000	0.0000	0.0000	0.0000	0.0000	0.0000	-0.0000	0.0000	0.6141	0.0000	1.2701	0.0000	0.0000	0.0000	0.0000	0.0000	0.0000	0.0000	0.0000	0.0000	0.0000	0.0000	0.0000	0.0000	0.0000	0.0000	0.0000	0.0000	0.0000	0.0000	0.0000	0.0000	0.0000	0.0000	0.0000	0.0000	0.0000	0.0000	0.0000	0.0000	0.0000	0.0000	0.0000	0.0000	0.0000	0.0000	0.0000	0.0000	0.0000	0.0000	0.0000	0.0000	0.0000	0.0000	0.0000	0.0000	0.0000	0.0000	0.0000	0.0000	0.0000	0.0000	0.0000	0.0000	0.0000											
2	68	0.6093	7	1	1	1	1	0	0	0	0	N	N	N	N	N	N	N	N	N	N	N	N	0.0000	0.0000	0.0000	0.0000	0.0000	0.0000	0.0000	0.0000	0.0000	0.0000	0.0000	0.0000	0.0000	0.0000	0.0000	0.0000	0.0000	0.0000	0.0000	0.0000	0.0000	0.0000	0.0000	0.0000	0.0000	0.0000	0.0000	0.0000	0.0000	0.0000	0.0000	0.0000	0.0000	0.0000	0.0000	0.0000	0.0000	0.0000	0.0000	0.0000	0.0000	0.0000	0.0000	0.0000	0.0000	0.0000	0.0000	0.0000	0.0000	0.0000	0.0000	0.0000	0.0000	0.0000	0.0000	0.0000	0.0000	0.0000	0.0000	0.0000	0.0000	0.0000	0.0000	0.0000	0.0000	0.0000	0.0000	0.0000	0.0000	0.0000	0.0000	0.0000	0.0000	0.0000	0.0000	0.0000	0.0000	0.0000											
2	69	0.1398	7	1	1	1	1	0	0	0	0	N	N	N	N	N	N	N	N	N	N	N	N	0.0000	0.0000	0.0000	0.0000	0.0000	0.0000	0.0000	0.0000	0.0000	0.0000	0.0000	0.0000	0.0000	0.0000	0.0000	0.0000	0.0000	0.0000	0.0000	0.0000	0.0000	1.0000	0.0000	0.0000	0.0000	0.0000	0.0000	0.0000	0.0000	0.0000	0.0000	0.0000	0.0000	0.0000	0.0000	0.0000	0.0000	0.0000	0.0000	0.0000	0.0000	0.0000	0.0000	0.0000	0.0000	0.0000	0.0000	0.0000	0.0000	0.0000	0.0000	0.0000	0.0000	0.0000	0.0000	0.0000	0.0000	0.0000	0.0000	0.0000	0.0000	0.0000	0.0000	0.0000	0.0000	0.0000	0.0000	0.0000	0.0000	0.0000	0.0000	0.0000	0.0000	0.0000	0.0000	0.0000	0.0000	0.0000											
2	70	0.1398	7	1	1	1	1	0	0	0	0	N	N	N	N	N	N	N	N	N	N	N	N	0.0000	0.0000	0.0000	0.0000	0.0000	0.0000	0.0000	0.0000	0.0000	0.0000	0.0000	0.0000	0.0000	0.0000	0.0000	0.0000	0.0000	0.0000	0.0000	0.0000	0.0000	0.0000	0.0000	0.0000	0.0000	0.0000	0.0000	0.0000	0.0000	0.0000	0.0000	0.0000	0.0000	0.0000	0.0000	0.0000	0.0000	0.0000	0.0000	0.0000	0.0000	0.0000	0.0000	0.0000	0.0000	0.0000	0.0000	0.0000	0.0000	0.0000	0.0000	0.0000	0.0000	0.0000	0.0000	0.0000	0.0000	0.0000	0.0000	0.0000	0.0000	0.0000	0.0000	0.0000	0.0000	0.0000	0.0000	0.0000	0.0000	0.0000	0.0000	0.0000	0.0000	0.0000	0.0000	0.0000	0.0000	0.0000											
2	71	0.1174	6	1	1	1	1	0	0	0	0	N	N	N	N	N	N	N	N	N	N	N	N	0.0000	0.0000	0.0000	0.0000	0.0000	0.0000	0.0000	0.0000	0.0000	0.0000	0.0000	0.0000	0.0000	0.0000	0.0000	0.0000	0.0000	0.0000	0.0000	0.0000	0.0000	2.0000	0.0000	1.0000	0.0000	0.0000	0.0000	0.0000	0.0000	0.0000	0.0000	0.0000	0.0000	0.0000	0.0000	0.0000	0.0000	0.0000	0.0000	0.0000	0.0000	0.0000	0.0000	0.0000	0.0000	0.0000	0.0000	0.0000	0.0000	0.0000	0.0000	0.0000	0.0000	0.0000	0.0000	0.0000	0.0000	0.0000	0.0000	0.0000	0.0000	0.0000	0.0000	0.0000	0.0000	0.0000	0.0000	0.0000	0.0000	0.0000	0.0000	0.0000	0.0000	0.0000	0.0000	0.0000	0.0000	0.0000											
2	72	0.0944	5	1	0	1	1	0	0	0	0	N	N	N	N	N	N	N	N	N	N	N	N	0.0000	0.0000	0.0000	0.0000	0.0000	0.0000	0.0000	0.0000	0.0000	0.0000	0.0000	0.0000	0.0000	0.0000	0.0000	0.0000	0.0000	0.0000	0.0000	0.0000	0.0000	1.0017	0.0000	2.0007	0.0000	0.0000	0.0000	0.0000	0.0000	0.0000	0.0000	0.0000	0.0000	0.0000	0.0000	0.0000	0.0000	0.0000	0.0000	0.0000	0.0000	0.0000	0.0000	0.0000	0.0000	0.0000	0.0000	0.0000	0.0000	0.0000	0.0000	0.0000	0.0000	0.0000	0.0000	0.0000	0.0000	0.0000	0.0000	0.0000	0.0000	0.0000	0.0000	0.0000	0.0000	0.0000	0.0000	0.0000	0.0000	0.0000	0.0000	0.0000	0.0000	0.0000	0.0000	0.0000	0.0000	0.0000											
2	73	0.6285	8	1	1	0	1	0	0	0	0	N	N	N	N	N	N	N	N	N	N	N	N	0.0000	0.0000	0.0000	0.0000	0.0000	0.0000	0.0000	0.0000	0.0000	0.0000	0.0000	0.0000	0.0000	0.0000	0.0000	0.0000	0.0000	0.0000	0.0000	0.0000	0.0000	0.0000	0.0000	0.0000	0.0000	0.0000	0.0000	0.0000	0.0000	0.0000	0.0000	0.0000	0.0000	0.0000	0.0000	0.0000	0.0000	0.0000	0.0000	0.0000	0.0000	0.0000	0.0000	0.0000	0.0000	0.0000	0.0000	0.0000	0.0000	0.0000	0.0000	0.0000	0.0000	0.0000	0.0000	0.0000	0.0000	0.0000	0.0000	0.0000	0.0000	0.0000	0.0000	0.0000	0.0000	0.0000	0.0000	0.0000	0.0000	0.0000	0.0000	0.0000	0.0000	0.0000	0.0000	0.0000	0.0000	0.0000											
2	74	0.1214	6	1	1	0	1	0	0	0	0	N	N	N	N	N	N	N	N	N	N	N	N	0.0000	0.0000	0.0000	0.0000	0.0000	0.0000	0.0000	0.0000	0.0000	0.0000	0.0000	0.0000	0.0000	0.0000	0.0000	0.0000	0.0000	0.0000	0.0000	0.0000	0.0000	0.0000	0.0000	0.0010	0.0000	0.0000	0.0000	0.0000	0.0000	0.0000	0.0000	0.0000	0.0000	0.0000	0.0000	0.0000	0.0000	0.0000	0.0000	0.0000	0.0000	0.0000	0.0000	0.0000	0.0000	0.0000	0.0000	0.0000	0.0000	0.0000	0.0000	0.0000	0.0000	0.0000	0.0000	0.0000	0.0000	0.0000	0.0000	0.0000	0.0000	0.0000	0.0000	0.0000	0.0000	0.0000	0.0000	0.0000	0.0000	0.0000	0.0000	0.0000	0.0000	0.0000	0.0000	0.0000	0.0000	0.0000											
2	75	0.0346	4	0	1	0	2	0	0	0	0	N	N	N	Y	N	N	N	N	N	N	N	N	0.0000	0.0000	0.0000	0.0000	0.0000	0.0000	0.0000	0.0000	0.0000	0.0000	0.0000	0.0000	0.0000	0.0000	0.0000	0.0000	0.0000	0.0000	0.0000	0.0000	0.0000	0.0000	0.0000	0.0000	0.0000	0.0000	0.0000	0.0000	0.0000	0.0000	0.0000	0.0000	0.0000	0.0000	0.0000	0.0000	0.0000	0.0000	0.0000	0.0000	0.0000	0.0000	0.0000	0.0000	0.0000	0.0000	0.0000	0.0000	0.0000	0.0000	0.0000	0.0000	0.0000	0.0000	0.0000	0.0000	0.0000	0.0000	0.0000	0.0000	0.0000	0.0000	0.0000	0.0000	0.0000	0.0000	0.0000	0.0000	0.0000	0.0000	0.0000	0.0000	0.0000	0.0000	0.0000	0.0000	0.0000	0.0000											
2	76	0.0346	4	0	0	0	2	0	0	0	0	N	N	N	Y	N	N	N	N	N	N	N	N	0.0000	0.0000	0.0000	0.0000	0.0000	0.0000	0.0000	0.0000	0.0000	0.0000	0.0000	0.0000	0.0000	0.0000	0.0000	0.0000	0.0000	0.0000	0.0000	0.0000	0.0000	0.0000	0.0000	0.0000	0.0000	0.0000	0.0000	0.0000	0.0000	0.0000	0.0000	0.0000	0.0000	0.0000	0.0000	0.0000	0.0000	0.0000	0.0000	0.0000	0.0000	0.0000	0.0000	0.0000	0.0000	0.0000	0.0000	0.0000	0.0000	0.0000	0.0000	0.0000	0.0000	0.0000	0.0000	0.0000	0.0000	0.0000	0.0000	0.0000	0.0000	0.0000	0.0000	0.0000	0.0000	0.0000	0.0000	0.0000	0.0000	0.0000	0.0000	0.0000	0.0000	0.0000	0.0000	0.0000	0.0000	0.0000											
2	77	0.0193	3	0	0	0	2	0	0	0	0	N	N	N	Y	N	N	N	N	N	N	N	N	0.0000	0.0000	0.0000	0.0000	0.0000	0.0000	0.0000	0.0000	0.0000	0.0000	0.0000	0.0000	0.0000	0.0000	0.0000	0.0000	0.0000	0.0000	0.0000	0.0000	0.0000	0.0002	0.0000	2.9297	0.0000	0.0000	0.0000	0.0000	0.0000	0.0000	0.0000	0.0000	0.0000	0.0000	0.0000	0.0000	0.0000	0.0000	0.0000	0.0000	0.0000	0.0000	0.0000	0.0000	0.0000	0.0000	0.0000	0.0000	0.0000	0.0000	0.0000	0.0000	0.0000	0.0000	0.0000	0.0000	0.0000	0.0000	0.0000	0.0000	0.0000	0.0000	0.0000	0.0000	0.0000	0.0000	0.0000	0.0000	0.0000	0.0000	0.0000	0.0000	0.0000	0.0000	0.0000	0.0000	0.0000	0.0000											
2	78	0.0152	2	0	0	0	2	0	0	0	0	N	N	N	Y	N	N	N	N	N	N	N	N	0.0000	0.0000	0.0000	0.0000	0.0000	0.0000	0.0000	0.0000	0.0000	0.0000	0.0000	0.0000	0.0000	0.0000	0.0000	0.0000	0.0000	0.0000	0.0000	-0.0000	0.0000	0.0003	0.0000	2.1916	0.0000	0.0000	0.0000	0.0000	0.0000	0.0000	0.0000	0.0000	0.0000	0.0000	0.0000	0.0000	0.0000	0.0000	0.0000	0.0000	0.0000	0.0000	0.0000	0.0000	0.0000	0.0000	0.0000	0.0000	0.0000	0.0000	0.0000	0.0000	0.0000	0.0000	0.0000	0.0000	0.0000	0.0000	0.0000	0.0000	0.0000	0.0000	0.0000	0.0000	0.0000	0.0000	0.0000	0.0000	0.0000	0.0000	0.0000	0.0000	0.0000	0.0000	0.0000	0.0000	0.0000	0.0000											
2	80	0.1270	7	0	1	1	1	0	0	0	0	N	N	N	N	N	N	N	N	N	N	N	N	0.0000	0.0000	0.0000	0.0000	0.0000	0.0000	0.0000	0.0000	0.0000	0.0000	0.0000	0.0000	0.0000	0.0000	0.0000	0.0000	0.0000	0.0000	0.0000	0.0000	0.0000	0.0029	0.0000	2.0135	0.0000	0.0000	0.0000	0.0000	0.0000	0.0000	0.0000	0.0000	0.0000	0.0000	0.0000	0.0000	0.0000	0.0000	0.0000	0.0000	0.0000	0.0000	0.0000	0.0000	0.0000	0.0000	0.0000	0.0000	0.0000	0.0000	0.0000	0.0000	0.0000	0.0000	0.0000	0.0000	0.0000	0.0000	0.0000	0.0000	0.0000	0.0000	0.0000	0.0000	0.0000	0.0000	0.0000	0.0000	0.0000	0.0000	0.0000	0.0000	0.0000	0.0000	0.0000	0.0000	0.0000	0.0000											
2	81	0.1204	6	0	1	0	1	0	0	0	0	N	N	N	N	N	N	N	N	N	N	N	N	0.0000	0.0000	0.0000	0.0000	0.0000	0.0000	0.0000	0.0000	0.0000	0.0000	0.0000	0.0000	0.0000	0.0000	0.0000	0.0000	0.0000	0.0000	0.0000	0.0000	0.0000	0.6188	0.0000	0.9475	0.0000	0.0000	0.0000	0.0000	0.0000	0.0000	0.0000	0.0000	0.0000	0.0000	0.0000	0.0000	0.0000	0.0000	0.0000	0.0000	0.0000	0.0000	0.0000	0.0000	0.0000	0.0000	0.0000	0.0000	0.0000	0.0000	0.0000	0.0000	0.0000	0.0000	0.0000	0.0000	0.0000	0.0000	0.0000	0.0000	0.0000	0.0000	0.0000	0.0000	0.0000	0.0000	0.0000	0.0000	0.0000	0.0000	0.0000	0.0000	0.0000	0.0000	0.0000	0.0000	0.0000	0.0000											
2	82	0.6317	8	0	1	1	1	0	0	0	0	N	N	N	N	N	N	N	N	N	N	N	N	0.0000	0.0000	0.0000	0.0000	0.0000	0.0000	0.0000	0.0000	0.0000	0.0000	0.0000	0.0000	0.0000	0.0000	0.0000	0.0000	0.0000	0.0000	0.0000	0.0000	0.0000	0.0000	0.0000	1.0000	0.0000	0.0000	0.0000	0.0000	0.0000	0.0000	0.0000	0.0000	0.0000	0.0000	0.0000	0.0000	0.0000	0.0000	0.0000	0.0000	0.0000	0.0000	0.0000	0.0000	0.0000	0.0000	0.0000	0.0000	0.0000	0.0000	0.0000	0.0000	0.0000	0.0000	0.0000	0.0000	0.0000	0.0000	0.0000	0.0000	0.0000	0.0000	0.0000	0.0000	0.0000	0.0000	0.0000	0.0000	0.0000	0.0000	0.0000	0.0000	0.0000	0.0000	0.0000	0.0000	0.0000	0.0000											
2	83	0.0944	5	1	0	1	1	0	0	0	0	N	N	N	N	N	N	N	N	N	N	N	N	0.0000	0.0000	0.0000	0.0000	0.0000	0.0000	0.0000	0.0000	0.0000	0.0000	0.0000	0.0000	0.0000	0.0000	0.0000	0.0000	0.0000	0.0000	0.0000	0.0000	0.0000	9.0001	0.0000	3.0001	0.0000	0.0000	0.0000	0.0000	0.0000	0.0000	0.0000	0.0000	0.0000	0.0000	0.0000	0.0000	0.0000	0.0000	0.0000	0.0000	0.0000	0.0000	0.0000	0.0000	0.0000	0.0000	0.0000	0.0000	0.0000	0.0000	0.0000	0.0000	0.0000	0.0000	0.0000	0.0000	0.0000	0.0000	0.0000	0.0000	0.0000	0.0000	0.0000	0.0000	0.0000	0.0000	0.0000	0.0000	0.0000	0.0000	0.0000	0.0000	0.0000	0.0000	0.0000	0.0000	0.0000	0.0000											
2	84	0.6093	7	1	0	1	1	0	0	0	0	N	N	N	N	N	N	N	N	N	N	N	N	0.0000	0.0000	0.0000	0.0000	0.0000	0.0000	0.0000	0.0000	0.0000	0.0000	0.0000	0.0000	0.0000	0.0000	0.0000	0.0000	0.0000	0.0000	0.0000	0.0000	0.0000	4.0000	0.0000	0.0000	0.0000	0.0000	0.0000	0.0000	0.0000	0.0000	0.0000	0.0000	0.0000	0.0000	0.0000	0.0000	0.0000	0.0000	0.0000	0.0000	0.0000	0.0000	0.0000	0.0000	0.0000	0.0000	0.0000	0.0000	0.0000	0.0000	0.0000	0.0000	0.0000	0.0000	0.0000	0.0000	0.0000	0.0000	0.0000	0.0000	0.0000	0.0000	0.0000	0.0000	0.0000	0.0000	0.0000	0.0000	0.0000	0.0000	0.0000	0.0000	0.0000	0.0000	0.0000	0.0000	0.0000	0.0000											
2	85	0.6554	8	1	1	0	1	0	0	0	0	N	N	N	N	N	N	N	N	N	N	N	N	0.0000	0.0000	0.0000	0.0000	0.0000	0.0000	0.0000	0.0000	0.0000	0.0000	0.0000	0.0000	0.0000	0.0076	0.0124	0.0000	0.0057	0.0047	0.0000	0.0000	0.0000	0.0000	0.0000	0.0000	-0.0000	0.0000	1.0086	0.0000	1.7435	0.0000	0.0000	0.0000	0.0000	0.0000	0.0000	0.0000	0.0000	0.0000	0.0000	0.0000	0.0000	0.0000	0.0000	0.0000	0.0000	0.0000	0.0000	0.0000	0.0000	0.0000	0.0000	0.0000	0.0000	0.0000	0.0000	0.0000	0.0000	0.0000	0.0000	0.0000	0.0000	0.0000	0.0000	0.0000	0.0000	0.0000	0.0000	0.0000	0.0000	0.0000	0.0000	0.0000	0.0000	0.0000	0.0010	0.0019	0.0000	0.0021	0.0021	0.0000	0.0000	0.0000	0.0000						
2	86	0.6093	7	1	1	0	1	0	0	0	0	N	N	N	N	N	N	N	N	N	N	N	N	0.0000	0.0000	0.0000	0.0000	0.0000	0.0000	0.0000	0.0000	0.0000	0.0000	0.0000	0.0000	0.0000	0.0031	0.0000	0.0014	0.0000	0.0000	0.0000	0.0033	0.0000	0.0014	inf	0.0000	0.0000	0.0000	1.0165	0.0000	4.1395	0.0000	0.0000	0.0000	0.0000	0.0000	0.0000	0.0000	0.0000	0.0000	0.0000	0.0000	0.0000	0.0000	0.0000	0.0000	0.0000	0.0000	0.0000	0.0000	0.0000	0.0000	0.0000	0.0000	0.0000	0.0000	0.0000	0.0000	0.0000	0.0000	0.0000	0.0000	0.0000	0.0000	0.0000	0.0000	0.0000	0.0000	0.0000	0.0000	0.0000	0.0000	0.0000	0.0000	0.0000	0.0000	0.0006	0.0000	0.0014	0.0000	0.0000	0.0000	0.0012	0.0000	0.0014						
2	87	0.0532	4	1	1	0	1	0	0	0	0	N	N	N	N	N	N	N	N	N	N	N	N	0.0000	0.0000	0.0000	0.0000	0.0000	0.0000	0.0000	0.0000	0.0000	0.0000	0.0000	0.0000	0.0000	0.0000	0.0000	0.0000	0.0000	0.0000	0.0000	0.0000	0.0000	9.0005	0.0000	5.0000	0.0000	0.0000	0.0000	0.0000	0.0000	0.0000	0.0000	0.0000	0.0000	0.0000	0.0000	0.0000	0.0000	0.0000	0.0000	0.0000	0.0000	0.0000	0.0000	0.0000	0.0000	0.0000	0.0000	0.0000	0.0000	0.0000	0.0000	0.0000	0.0000	0.0000	0.0000	0.0000	0.0000	0.0000	0.0000	0.0000	0.0000	0.0000	0.0000	0.0000	0.0000	0.0000	0.0000	0.0000	0.0000	0.0000	0.0000	0.0000	0.0000	0.0000	0.0000	0.0000	0.0000	0.0000											
2	88	0.6317	8	0	1	0	1	0	0	0	0	N	N	N	N	N	N	N	N	N	N	N	N	0.0000	0.0000	0.0000	0.0000	0.0000	0.0000	0.0000	0.0000	0.0000	0.0000	0.0000	0.0000	0.0000	0.0000	0.0000	0.0000	0.0000	0.0000	0.0000	0.0000	0.0000	0.0000	0.0000	0.0000	0.0000	0.0000	0.0000	0.0000	0.0000	0.0000	0.0000	0.0000	0.0000	0.0000	0.0000	0.0000	0.0000	0.0000	0.0000	0.0000	0.0000	0.0000	0.0000	0.0000	0.0000	0.0000	0.0000	0.0000	0.0000	0.0000	0.0000	0.0000	0.0000	0.0000	0.0000	0.0000	0.0000	0.0000	0.0000	0.0000	0.0000	0.0000	0.0000	0.0000	0.0000	0.0000	0.0000	0.0000	0.0000	0.0000	0.0000	0.0000	0.0000	0.0000	0.0000	0.0000	0.0000	0.0000											
2	89	0.1204	6	0	1	0	1	0	0	0	0	N	N	N	N	N	N	N	N	N	N	N	N	0.0000	0.0000	0.0000	0.0000	0.0000	0.0000	0.0000	0.0000	0.0000	0.0000	0.0000	0.0000	0.0000	0.0000	0.0000	0.0000	0.0000	0.0000	0.0000	0.0000	0.0000	1.9953	0.0000	1.0817	0.0000	0.0000	0.0000	0.0000	0.0000	0.0000	0.0000	0.0000	0.0000	0.0000	0.0000	0.0000	0.0000	0.0000	0.0000	0.0000	0.0000	0.0000	0.0000	0.0000	0.0000	0.0000	0.0000	0.0000	0.0000	0.0000	0.0000	0.0000	0.0000	0.0000	0.0000	0.0000	0.0000	0.0000	0.0000	0.0000	0.0000	0.0000	0.0000	0.0000	0.0000	0.0000	0.0000	0.0000	0.0000	0.0000	0.0000	0.0000	0.0000	0.0000	0.0000	0.0000	0.0000	0.0000											
2	90	0.0944	5	0	1	0	1	0	0	0	0	N	N	N	N	N	N	N	N	N	N	N	N	0.0000	0.0000	0.0000	0.0000	0.0000	0.0000	0.0000	0.0000	0.0000	0.0000	0.0000	0.0000	0.0000	0.0000	0.0000	0.0000	0.0000	0.0000	0.0000	-0.0000	0.0000	2.3999	0.0000	4.0713	0.0000	0.0000	0.0000	0.0000	0.0000	0.0000	0.0000	0.0000	0.0000	0.0000	0.0000	0.0000	0.0000	0.0000	0.0000	0.0000	0.0000	0.0000	0.0000	0.0000	0.0000	0.0000	0.0000	0.0000	0.0000	0.0000	0.0000	0.0000	0.0000	0.0000	0.0000	0.0000	0.0000	0.0000	0.0000	0.0000	0.0000	0.0000	0.0000	0.0000	0.0000	0.0000	0.0000	0.0000	0.0000	0.0000	0.0000	0.0000	0.0000	0.0000	0.0000	0.0000	0.0000	0.0000											
2	91	0.0551	4	0	0	1	1	0	0	0	0	N	N	N	N	N	N	N	N	N	N	N	N	0.0000	0.0000	0.0000	0.0000	0.0000	0.0000	0.0000	0.0000	0.0000	0.0000	0.0000	0.0000	0.0000	0.0000	0.0000	0.0000	0.0000	0.0000	0.0000	0.0000	0.0000	0.0000	0.0000	0.0000	0.0000	0.0000	0.0000	0.0000	0.0000	0.0000	0.0000	0.0000	0.0000	0.0000	0.0000	0.0000	0.0000	0.0000	0.0000	0.0000	0.0000	0.0000	0.0000	0.0000	0.0000	0.0000	0.0000	0.0000	0.0000	0.0000	0.0000	0.0000	0.0000	0.0000	0.0000	0.0000	0.0000	0.0000	0.0000	0.0000	0.0000	0.0000	0.0000	0.0000	0.0000	0.0000	0.0000	0.0000	0.0000	0.0000	0.0000	0.0000	0.0000	0.0000	0.0000	0.0000	0.0000	0.0000											
2	92	0.0230	3	0	0	1	1	0	0	0	0	N	N	N	N	N	N	N	N	N	N	N	N	0.0000	0.0000	0.0000	0.0000	0.0000	0.0000	0.0000	0.0000	0.0000	0.0000	0.0000	0.0000	0.0000	0.0000	0.0000	0.0000	0.0000	0.0000	0.0000	0.0000	0.0000	3.7221	0.0000	2.9993	0.0000	0.0000	0.0000	0.0000	0.0000	0.0000	0.0000	0.0000	0.0000	0.0000	0.0000	0.0000	0.0000	0.0000	0.0000	0.0000	0.0000	0.0000	0.0000	0.0000	0.0000	0.0000	0.0000	0.0000	0.0000	0.0000	0.0000	0.0000	0.0000	0.0000	0.0000	0.0000	0.0000	0.0000	0.0000	0.0000	0.0000	0.0000	0.0000	0.0000	0.0000	0.0000	0.0000	0.0000	0.0000	0.0000	0.0000	0.0000	0.0000	0.0000	0.0000	0.0000	0.0000	0.0000											
2	94	0.1107	6	1	1	0	1	0	0	0	0	N	N	N	N	N	N	N	N	N	N	N	N	0.0000	0.0000	0.0000	0.0000	0.0000	0.0000	0.0000	0.0000	0.0000	0.0000	0.0000	0.0000	0.0000	0.0000	0.0000	0.0000	0.0000	0.0000	0.0000	0.0000	0.0000	5.9980	0.0000	4.9575	0.0000	0.0000	0.0000	0.0000	0.0000	0.0000	0.0000	0.0000	0.0000	0.0000	0.0000	0.0000	0.0000	0.0000	0.0000	0.0000	0.0000	0.0000	0.0000	0.0000	0.0000	0.0000	0.0000	0.0000	0.0000	0.0000	0.0000	0.0000	0.0000	0.0000	0.0000	0.0000	0.0000	0.0000	0.0000	0.0000	0.0000	0.0000	0.0000	0.0000	0.0000	0.0000	0.0000	0.0000	0.0000	0.0000	0.0000	0.0000	0.0000	0.0000	0.0000	0.0000	0.0000	0.0000											
2	95	0.6317	8	1	1	0	1	0	0	0	0	N	N	N	N	N	N	N	N	N	N	N	N	0.0000	0.0000	0.0000	0.0000	0.0000	0.0000	0.0000	0.0000	0.0000	0.0000	0.0000	0.0000	0.0000	0.0000	0.0000	0.0000	0.0000	0.0000	0.0000	0.0000	0.0000	0.0000	0.0000	2.0000	0.0000	0.0000	0.0000	0.0000	0.0000	0.0000	0.0000	0.0000	0.0000	0.0000	0.0000	0.0000	0.0000	0.0000	0.0000	0.0000	0.0000	0.0000	0.0000	0.0000	0.0000	0.0000	0.0000	0.0000	0.0000	0.0000	0.0000	0.0000	0.0000	0.0000	0.0000	0.0000	0.0000	0.0000	0.0000	0.0000	0.0000	0.0000	0.0000	0.0000	0.0000	0.0000	0.0000	0.0000	0.0000	0.0000	0.0000	0.0000	0.0000	0.0000	0.0000	0.0000	0.0000	0.0000											
2	96	0.6093	7	0	1	0	1	0	0	0	0	N	N	N	N	N	N	N	N	N	N	N	N	0.0000	0.0000	0.0000	0.0000	0.0000	0.0000	0.0000	0.0000	0.0000	0.0000	0.0000	0.0000	0.0000	0.0000	0.0000	0.0000	0.0000	0.0000	0.0000	0.0000	0.0000	4.0000	0.0000	0.0000	0.0000	0.0000	0.0000	0.0000	0.0000	0.0000	0.0000	0.0000	0.0000	0.0000	0.0000	0.0000	0.0000	0.0000	0.0000	0.0000	0.0000	0.0000	0.0000	0.0000	0.0000	0.0000	0.0000	0.0000	0.0000	0.0000	0.0000	0.0000	0.0000	0.0000	0.0000	0.0000	0.0000	0.0000	0.0000	0.0000	0.0000	0.0000	0.0000	0.0000	0.0000	0.0000	0.0000	0.0000	0.0000	0.0000	0.0000	0.0000	0.0000	0.0000	0.0000	0.0000	0.0000	0.0000											
2	97	0.0532	4	0	0	0	1	0	0	0	0	N	N	N	N	N	N	N	N	N	N	N	N	0.0000	0.0000	0.0000	0.0000	0.0000	0.0000	0.0000	0.0000	0.0000	0.0000	0.0000	0.0000	0.0000	0.0000	0.0000	0.0000	0.0000	0.0000	0.0000	0.0000	0.0000	3.9994	0.0000	4.0000	0.0000	0.0000	0.0000	0.0000	0.0000	0.0000	0.0000	0.0000	0.0000	0.0000	0.0000	0.0000	0.0000	0.0000	0.0000	0.0000	0.0000	0.0000	0.0000	0.0000	0.0000	0.0000	0.0000	0.0000	0.0000	0.0000	0.0000	0.0000	0.0000	0.0000	0.0000	0.0000	0.0000	0.0000	0.0000	0.0000	0.0000	0.0000	0.0000	0.0000	0.0000	0.0000	0.0000	0.0000	0.0000	0.0000	0.0000	0.0000	0.0000	0.0000	0.0000	0.0000	0.0000	0.0000											
2	98	0.6093	7	0	0	0	1	0	0	0	0	N	N	N	N	N	N	N	N	N	N	N	N	0.0000	0.0000	0.0000	0.0000	0.0000	0.0000	0.0000	0.0000	0.0000	0.0000	0.0000	0.0000	0.0000	0.0000	0.0000	0.0000	0.0000	0.0000	0.0000	0.0000	0.0000	1.0000	0.0000	0.0000	0.0000	0.0000	0.0000	0.0000	0.0000	0.0000	0.0000	0.0000	0.0000	0.0000	0.0000	0.0000	0.0000	0.0000	0.0000	0.0000	0.0000	0.0000	0.0000	0.0000	0.0000	0.0000	0.0000	0.0000	0.0000	0.0000	0.0000	0.0000	0.0000	0.0000	0.0000	0.0000	0.0000	0.0000	0.0000	0.0000	0.0000	0.0000	0.0000	0.0000	0.0000	0.0000	0.0000	0.0000	0.0000	0.0000	0.0000	0.0000	0.0000	0.0000	0.0000	0.0000	0.0000	0.0000											
2	99	0.1642	5	0	0	0	1	0	0	0	0	N	N	N	N	N	N	N	N	N	N	N	N	0.0000	0.0000	0.0000	0.0000	0.0000	0.0000	0.0000	0.0000	0.0000	0.0000	0.0000	0.0000	0.0000	0.0222	0.0000	0.0056	0.0000	0.0000	0.0000	0.0221	0.0000	0.0049	inf	0.0000	0.0000	0.0000	1.5982	0.0000	11.1970	0.0000	0.0000	0.0000	0.0000	0.0000	0.0000	0.0000	0.0000	0.0000	0.0000	0.0000	0.0000	0.0000	0.0000	0.0000	0.0000	0.0000	0.0000	0.0000	0.0000	0.0000	0.0000	0.0000	0.0000	0.0000	0.0000	0.0000	0.0000	0.0000	0.0000	0.0000	0.0000	0.0000	0.0000	0.0000	0.0000	0.0000	0.0000	0.0000	0.0000	0.0000	0.0000	0.0000	0.0000	0.0000	0.0020	0.0000	0.0048	0.0000	0.0000	0.0000	0.0034	0.0000	0.0049						
2	100	0.1122	7	1	1	1	1	0	0	0	0	N	N	N	N	N	N	N	N	N	N	N	N	0.0000	0.0000	0.0000	0.0000	0.0000	0.0000	0.0000	0.0000	0.0000	0.0000	0.0000	0.0000	0.0000	0.0000	0.0000	0.0000	0.0000	0.0000	0.0000	0.0000	0.0000	0.0000	0.0000	0.9982	0.0000	0.0000	0.0000	0.0000	0.0000	0.0000	0.0000	0.0000	0.0000	0.0000	0.0000	0.0000	0.0000	0.0000	0.0000	0.0000	0.0000	0.0000	0.0000	0.0000	0.0000	0.0000	0.0000	0.0000	0.0000	0.0000	0.0000	0.0000	0.0000	0.0000	0.0000	0.0000	0.0000	0.0000	0.0000	0.0000	0.0000	0.0000	0.0000	0.0000	0.0000	0.0000	0.0000	0.0000	0.0000	0.0000	0.0000	0.0000	0.0000	0.0000	0.0000	0.0000	0.0000	0.0000											
2	101	0.6440	10	1	1	1	1	0	0	0	0	N	N	N	N	N	N	N	N	N	N	N	N	0.0000	0.0000	0.0000	0.0000	0.0000	0.0000	0.0000	0.0000	0.0000	0.0000	0.0000	0.0000	0.0000	0.0000	0.0000	0.0000	0.0000	0.0000	0.0000	0.0000	0.0000	0.0000	0.0000	0.0000	0.0000	0.0000	0.0000	0.0000	0.0000	0.0000	0.0000	0.0000	0.0000	0.0000	0.0000	0.0000	0.0000	0.0000	0.0000	0.0000	0.0000	0.0000	0.0000	0.0000	0.0000	0.0000	0.0000	0.0000	0.0000	0.0000	0.0000	0.0000	0.0000	0.0000	0.0000	0.0000	0.0000	0.0000	0.0000	0.0000	0.0000	0.0000	0.0000	0.0000	0.0000	0.0000	0.0000	0.0000	0.0000	0.0000	0.0000	0.0000	0.0000	0.0000	0.0000	0.0000	0.0000	0.0000											
2	102	0.6440	9	1	0	1	1	0	0	0	0	N	N	N	N	N	N	N	N	N	N	N	N	0.0000	0.0000	0.0000	0.0000	0.0000	0.0000	0.0000	0.0000	0.0000	0.0000	0.0000	0.0000	0.0000	0.0000	0.0000	0.0000	0.0000	0.0000	0.0000	0.0000	0.0000	0.0000	0.0000	0.0000	0.0000	0.0000	0.0000	0.0000	0.0000	0.0000	0.0000	0.0000	0.0000	0.0000	0.0000	0.0000	0.0000	0.0000	0.0000	0.0000	0.0000	0.0000	0.0000	0.0000	0.0000	0.0000	0.0000	0.0000	0.0000	0.0000	0.0000	0.0000	0.0000	0.0000	0.0000	0.0000	0.0000	0.0000	0.0000	0.0000	0.0000	0.0000	0.0000	0.0000	0.0000	0.0000	0.0000	0.0000	0.0000	0.0000	0.0000	0.0000	0.0000	0.0000	0.0000	0.0000	0.0000	0.0000											
2	103	0.6380	8	1	0	1	1	0	0	0	0	N	N	N	N	N	N	N	N	N	N	N	N	0.0000	0.0000	0.0000	0.0000	0.0000	0.0000	0.0000	0.0000	0.0000	0.0000	0.0000	0.0000	0.0000	0.0000	0.0000	0.0000	0.0000	0.0000	0.0000	0.0000	0.0000	0.0000	0.0000	1.0091	0.0000	0.0000	0.0000	0.0000	0.0000	0.0000	0.0000	0.0000	0.0000	0.0000	0.0000	0.0000	0.0000	0.0000	0.0000	0.0000	0.0000	0.0000	0.0000	0.0000	0.0000	0.0000	0.0000	0.0000	0.0000	0.0000	0.0000	0.0000	0.0000	0.0000	0.0000	0.0000	0.0000	0.0000	0.0000	0.0000	0.0000	0.0000	0.0000	0.0000	0.0000	0.0000	0.0000	0.0000	0.0000	0.0000	0.0000	0.0000	0.0000	0.0000	0.0000	0.0000	0.0000	0.0000											
2	104	0.0532	4	0	1	0	1	0	0	0	0	N	N	N	N	N	N	N	N	N	N	N	N	0.0000	0.0000	0.0000	0.0000	0.0000	0.0000	0.0000	0.0000	0.0000	0.0000	0.0000	0.0000	0.0000	0.0000	0.0000	0.0000	0.0000	0.0000	0.0000	0.0000	0.0000	7.9994	0.0000	4.0001	0.0000	0.0000	0.0000	0.0000	0.0000	0.0000	0.0000	0.0000	0.0000	0.0000	0.0000	0.0000	0.0000	0.0000	0.0000	0.0000	0.0000	0.0000	0.0000	0.0000	0.0000	0.0000	0.0000	0.0000	0.0000	0.0000	0.0000	0.0000	0.0000	0.0000	0.0000	0.0000	0.0000	0.0000	0.0000	0.0000	0.0000	0.0000	0.0000	0.0000	0.0000	0.0000	0.0000	0.0000	0.0000	0.0000	0.0000	0.0000	0.0000	0.0000	0.0000	0.0000	0.0000	0.0000											
2	105	0.1157	8	1	0	1	1	0	0	0	0	N	N	N	N	N	N	N	N	N	N	N	N	0.0000	0.0000	0.0000	0.0000	0.0000	0.0000	0.0000	0.0000	0.0000	0.0000	0.0000	0.0000	0.0000	0.0000	0.0000	0.0000	0.0000	0.0000	0.0000	0.0000	0.0000	1.0000	0.0000	1.0005	0.0000	0.0000	0.0000	0.0000	0.0000	0.0000	0.0000	0.0000	0.0000	0.0000	0.0000	0.0000	0.0000	0.0000	0.0000	0.0000	0.0000	0.0000	0.0000	0.0000	0.0000	0.0000	0.0000	0.0000	0.0000	0.0000	0.0000	0.0000	0.0000	0.0000	0.0000	0.0000	0.0000	0.0000	0.0000	0.0000	0.0000	0.0000	0.0000	0.0000	0.0000	0.0000	0.0000	0.0000	0.0000	0.0000	0.0000	0.0000	0.0000	0.0000	0.0000	0.0000	0.0000	0.0000											
2	106	0.1122	7	1	0	1	1	0	0	0	0	N	N	N	N	N	N	N	N	N	N	N	N	0.0000	0.0000	0.0000	0.0000	0.0000	0.0000	0.0000	0.0000	0.0000	0.0000	0.0000	0.0000	0.0000	0.0000	0.0000	0.0000	0.0000	0.0000	0.0000	0.0000	0.0000	0.7249	0.0000	0.0368	0.0000	0.0000	0.0000	0.0000	0.0000	0.0000	0.0000	0.0000	0.0000	0.0000	0.0000	0.0000	0.0000	0.0000	0.0000	0.0000	0.0000	0.0000	0.0000	0.0000	0.0000	0.0000	0.0000	0.0000	0.0000	0.0000	0.0000	0.0000	0.0000	0.0000	0.0000	0.0000	0.0000	0.0000	0.0000	0.0000	0.0000	0.0000	0.0000	0.0000	0.0000	0.0000	0.0000	0.0000	0.0000	0.0000	0.0000	0.0000	0.0000	0.0000	0.0000	0.0000	0.0000	0.0000											
2	107	0.1107	6	1	0	1	1	0	0	0	0	N	N	N	N	N	N	N	N	N	N	N	N	0.0000	0.0000	0.0000	0.0000	0.0000	0.0000	0.0000	0.0000	0.0000	0.0000	0.0000	0.0000	0.0000	0.0000	0.0000	0.0000	0.0000	0.0000	0.0000	0.0000	0.0000	0.4159	0.0000	0.0887	0.0000	0.0000	0.0000	0.0000	0.0000	0.0000	0.0000	0.0000	0.0000	0.0000	0.0000	0.0000	0.0000	0.0000	0.0000	0.0000	0.0000	0.0000	0.0000	0.0000	0.0000	0.0000	0.0000	0.0000	0.0000	0.0000	0.0000	0.0000	0.0000	0.0000	0.0000	0.0000	0.0000	0.0000	0.0000	0.0000	0.0000	0.0000	0.0000	0.0000	0.0000	0.0000	0.0000	0.0000	0.0000	0.0000	0.0000	0.0000	0.0000	0.0000	0.0000	0.0000	0.0000	0.0000											
2	108	0.0944	5	1	0	0	1	0	0	0	0	N	N	N	N	N	N	N	N	N	N	N	N	0.0000	0.0000	0.0000	0.0000	0.0000	0.0000	0.0000	0.0000	0.0000	0.0000	0.0000	0.0000	0.0000	0.0000	0.0000	0.0000	0.0000	0.0000	0.0000	0.0000	0.0000	3.9943	0.0000	0.9974	0.0000	0.0000	0.0000	0.0000	0.0000	0.0000	0.0000	0.0000	0.0000	0.0000	0.0000	0.0000	0.0000	0.0000	0.0000	0.0000	0.0000	0.0000	0.0000	0.0000	0.0000	0.0000	0.0000	0.0000	0.0000	0.0000	0.0000	0.0000	0.0000	0.0000	0.0000	0.0000	0.0000	0.0000	0.0000	0.0000	0.0000	0.0000	0.0000	0.0000	0.0000	0.0000	0.0000	0.0000	0.0000	0.0000	0.0000	0.0000	0.0000	0.0000	0.0000	0.0000	0.0000	0.0000											
2	109	0.6380	8	1	0	1	1	0	0	0	0	N	N	N	N	N	N	N	N	N	N	N	N	0.0000	0.0000	0.0000	0.0000	0.0000	0.0000	0.0000	0.0000	0.0000	0.0000	0.0000	0.0000	0.0000	0.0000	0.0000	0.0000	0.0000	0.0000	0.0000	0.0000	0.0000	0.0000	0.0000	0.9909	0.0000	0.0000	0.0000	0.0000	0.0000	0.0000	0.0000	0.0000	0.0000	0.0000	0.0000	0.0000	0.0000	0.0000	0.0000	0.0000	0.0000	0.0000	0.0000	0.0000	0.0000	0.0000	0.0000	0.0000	0.0000	0.0000	0.0000	0.0000	0.0000	0.0000	0.0000	0.0000	0.0000	0.0000	0.0000	0.0000	0.0000	0.0000	0.0000	0.0000	0.0000	0.0000	0.0000	0.0000	0.0000	0.0000	0.0000	0.0000	0.0000	0.0000	0.0000	0.0000	0.0000	0.0000											
2	110	0.6093	7	1	0	1	1	0	0	0	0	N	N	N	N	N	N	N	N	N	N	N	N	0.0000	0.0000	0.0000	0.0000	0.0000	0.0000	0.0000	0.0000	0.0000	0.0000	0.0000	0.0000	0.0000	0.0000	0.0000	0.0000	0.0000	0.0000	0.0000	0.0000	0.0000	4.0000	0.0000	0.0000	0.0000	0.0000	0.0000	0.0000	0.0000	0.0000	0.0000	0.0000	0.0000	0.0000	0.0000	0.0000	0.0000	0.0000	0.0000	0.0000	0.0000	0.0000	0.0000	0.0000	0.0000	0.0000	0.0000	0.0000	0.0000	0.0000	0.0000	0.0000	0.0000	0.0000	0.0000	0.0000	0.0000	0.0000	0.0000	0.0000	0.0000	0.0000	0.0000	0.0000	0.0000	0.0000	0.0000	0.0000	0.0000	0.0000	0.0000	0.0000	0.0000	0.0000	0.0000	0.0000	0.0000	0.0000											
2	112	0.0990	5	0	0	1	1	0	0	0	0	N	N	N	N	N	N	N	N	N	N	N	N	0.0000	0.0000	0.0000	0.0000	0.0000	0.0000	0.0000	0.0000	0.0000	0.0000	0.0000	0.0000	0.0000	0.0000	0.0000	0.0000	0.0000	0.0000	0.0000	0.0000	0.0000	0.0000	0.0000	0.0001	0.0000	0.0000	0.0000	0.0000	0.0000	0.0000	0.0000	0.0000	0.0000	0.0000	0.0000	0.0000	0.0000	0.0000	0.0000	0.0000	0.0000	0.0000	0.0000	0.0000	0.0000	0.0000	0.0000	0.0000	0.0000	0.0000	0.0000	0.0000	0.0000	0.0000	0.0000	0.0000	0.0000	0.0000	0.0000	0.0000	0.0000	0.0000	0.0000	0.0000	0.0000	0.0000	0.0000	0.0000	0.0000	0.0000	0.0000	0.0000	0.0000	0.0000	0.0000	0.0000	0.0000	0.0000											
2	113	0.0532	4	0	0	1	1	0	0	0	0	N	N	N	N	N	N	N	N	N	N	N	N	0.0000	0.0000	0.0000	0.0000	0.0000	0.0000	0.0000	0.0000	0.0000	0.0000	0.0000	0.0000	0.0000	0.0000	0.0000	0.0000	0.0000	0.0000	0.0000	0.0000	0.0000	4.0004	0.0000	4.9999	0.0000	0.0000	0.0000	0.0000	0.0000	0.0000	0.0000	0.0000	0.0000	0.0000	0.0000	0.0000	0.0000	0.0000	0.0000	0.0000	0.0000	0.0000	0.0000	0.0000	0.0000	0.0000	0.0000	0.0000	0.0000	0.0000	0.0000	0.0000	0.0000	0.0000	0.0000	0.0000	0.0000	0.0000	0.0000	0.0000	0.0000	0.0000	0.0000	0.0000	0.0000	0.0000	0.0000	0.0000	0.0000	0.0000	0.0000	0.0000	0.0000	0.0000	0.0000	0.0000	0.0000	0.0000											
2	114	0.6420	8	0	1	0	1	0	0	0	0	N	N	N	N	N	N	N	N	N	N	N	N	0.0000	0.0000	0.0000	0.0000	0.0000	0.0000	0.0000	0.0000	0.0000	0.0000	0.0000	0.0000	0.0000	0.0000	0.0000	0.0000	0.0000	0.0000	0.0000	-0.0000	0.0000	4.3361	0.0000	4.6323	0.0000	0.0000	0.0000	0.0000	0.0000	0.0000	0.0000	0.0000	0.0000	0.0000	0.0000	0.0000	0.0000	0.0000	0.0000	0.0000	0.0000	0.0000	0.0000	0.0000	0.0000	0.0000	0.0000	0.0000	0.0000	0.0000	0.0000	0.0000	0.0000	0.0000	0.0000	0.0000	0.0000	0.0000	0.0000	0.0000	0.0000	0.0000	0.0000	0.0000	0.0000	0.0000	0.0000	0.0000	0.0000	0.0000	0.0000	0.0000	0.0000	0.0000	0.0000	0.0000	0.0000	0.0000											
2	115	0.6093	7	0	0	0	1	0	0	0	0	N	N	N	N	N	N	N	N	N	N	N	N	0.0000	0.0000	0.0000	0.0000	0.0000	0.0000	0.0000	0.0000	0.0000	0.0000	0.0000	0.0000	0.0000	0.0000	0.0000	0.0000	0.0000	0.0000	0.0000	0.0000	0.0000	1.9840	0.0000	0.2610	0.0000	0.0000	0.0000	0.0000	0.0000	0.0000	0.0000	0.0000	0.0000	0.0000	0.0000	0.0000	0.0000	0.0000	0.0000	0.0000	0.0000	0.0000	0.0000	0.0000	0.0000	0.0000	0.0000	0.0000	0.0000	0.0000	0.0000	0.0000	0.0000	0.0000	0.0000	0.0000	0.0000	0.0000	0.0000	0.0000	0.0000	0.0000	0.0000	0.0000	0.0000	0.0000	0.0000	0.0000	0.0000	0.0000	0.0000	0.0000	0.0000	0.0000	0.0000	0.0000	0.0000	0.0000											
2	116	0.0532	4	0	1	0	2	0	0	0	0	N	N	N	Y	N	N	N	N	N	N	N	N	0.0000	0.0000	0.0000	0.0000	0.0000	0.0000	0.0000	0.0000	0.0000	0.0000	0.0000	0.0000	0.0000	0.0000	0.0000	0.0000	0.0000	0.0000	0.0000	0.0000	0.0000	5.0006	0.0000	2.0000	0.0000	0.0000	0.0000	0.0000	0.0000	0.0000	0.0000	0.0000	0.0000	0.0000	0.0000	0.0000	0.0000	0.0000	0.0000	0.0000	0.0000	0.0000	0.0000	0.0000	0.0000	0.0000	0.0000	0.0000	0.0000	0.0000	0.0000	0.0000	0.0000	0.0000	0.0000	0.0000	0.0000	0.0000	0.0000	0.0000	0.0000	0.0000	0.0000	0.0000	0.0000	0.0000	0.0000	0.0000	0.0000	0.0000	0.0000	0.0000	0.0000	0.0000	0.0000	0.0000	0.0000	0.0000											
2	117	0.6093	7	0	1	0	2	0	0	0	0	N	N	N	Y	N	N	N	N	N	N	N	N	0.0000	0.0000	0.0000	0.0000	0.0000	0.0000	0.0000	0.0000	0.0000	0.0000	0.0000	0.0000	0.0000	0.0000	0.0000	0.0000	0.0000	0.0000	0.0000	0.0000	0.0000	0.0000	0.0000	1.0000	0.0000	0.0000	0.0000	0.0000	0.0000	0.0000	0.0000	0.0000	0.0000	0.0000	0.0000	0.0000	0.0000	0.0000	0.0000	0.0000	0.0000	0.0000	0.0000	0.0000	0.0000	0.0000	0.0000	0.0000	0.0000	0.0000	0.0000	0.0000	0.0000	0.0000	0.0000	0.0000	0.0000	0.0000	0.0000	0.0000	0.0000	0.0000	0.0000	0.0000	0.0000	0.0000	0.0000	0.0000	0.0000	0.0000	0.0000	0.0000	0.0000	0.0000	0.0000	0.0000	0.0000	0.0000											
2	118	0.0532	4	0	1	0	1	0	0	0	0	N	N	N	N	N	N	N	N	N	N	N	N	0.0000	0.0000	0.0000	0.0000	0.0000	0.0000	0.0000	0.0000	0.0000	0.0000	0.0000	0.0000	0.0000	0.0000	0.0000	0.0000	0.0000	0.0000	0.0000	0.0000	0.0000	16.9994	0.0000	6.0000	0.0000	0.0000	0.0000	0.0000	0.0000	0.0000	0.0000	0.0000	0.0000	0.0000	0.0000	0.0000	0.0000	0.0000	0.0000	0.0000	0.0000	0.0000	0.0000	0.0000	0.0000	0.0000	0.0000	0.0000	0.0000	0.0000	0.0000	0.0000	0.0000	0.0000	0.0000	0.0000	0.0000	0.0000	0.0000	0.0000	0.0000	0.0000	0.0000	0.0000	0.0000	0.0000	0.0000	0.0000	0.0000	0.0000	0.0000	0.0000	0.0000	0.0000	0.0000	0.0000	0.0000	0.0000											
2	119	0.6093	7	0	1	0	1	0	0	0	0	N	N	N	N	N	N	N	N	N	N	N	N	0.0000	0.0000	0.0000	0.0000	0.0000	0.0000	0.0000	0.0000	0.0000	0.0000	0.0000	0.0000	0.0000	0.0000	0.0000	0.0000	0.0000	0.0000	0.0000	0.0000	0.0000	5.0000	0.0000	6.0000	0.0000	0.0000	0.0000	0.0000	0.0000	0.0000	0.0000	0.0000	0.0000	0.0000	0.0000	0.0000	0.0000	0.0000	0.0000	0.0000	0.0000	0.0000	0.0000	0.0000	0.0000	0.0000	0.0000	0.0000	0.0000	0.0000	0.0000	0.0000	0.0000	0.0000	0.0000	0.0000	0.0000	0.0000	0.0000	0.0000	0.0000	0.0000	0.0000	0.0000	0.0000	0.0000	0.0000	0.0000	0.0000	0.0000	0.0000	0.0000	0.0000	0.0000	0.0000	0.0000	0.0000	0.0000											
2	120	0.6374	8	0	1	0	1	0	0	0	0	N	N	N	N	N	N	N	N	N	N	N	N	0.0000	0.0000	0.0000	0.0000	0.0000	0.0000	0.0000	0.0000	0.0000	0.0000	0.0000	0.0000	0.0000	0.0000	0.0000	0.0000	0.0000	0.0000	0.0000	-0.0000	0.0000	0.9998	0.0000	0.9486	0.0000	0.0000	0.0000	0.0000	0.0000	0.0000	0.0000	0.0000	0.0000	0.0000	0.0000	0.0000	0.0000	0.0000	0.0000	0.0000	0.0000	0.0000	0.0000	0.0000	0.0000	0.0000	0.0000	0.0000	0.0000	0.0000	0.0000	0.0000	0.0000	0.0000	0.0000	0.0000	0.0000	0.0000	0.0000	0.0000	0.0000	0.0000	0.0000	0.0000	0.0000	0.0000	0.0000	0.0000	0.0000	0.0000	0.0000	0.0000	0.0000	0.0000	0.0000	0.0000	0.0000	0.0000											
2	121	0.6093	7	0	1	0	1	0	0	0	0	N	N	N	N	N	N	N	N	N	N	N	N	0.0000	0.0000	0.0000	0.0000	0.0000	0.0000	0.0000	0.0000	0.0000	0.0000	0.0000	0.0000	0.0000	0.0000	0.0000	0.0000	0.0000	0.0000	0.0000	0.0000	0.0000	3.0005	0.0000	1.1085	0.0000	0.0000	0.0000	0.0000	0.0000	0.0000	0.0000	0.0000	0.0000	0.0000	0.0000	0.0000	0.0000	0.0000	0.0000	0.0000	0.0000	0.0000	0.0000	0.0000	0.0000	0.0000	0.0000	0.0000	0.0000	0.0000	0.0000	0.0000	0.0000	0.0000	0.0000	0.0000	0.0000	0.0000	0.0000	0.0000	0.0000	0.0000	0.0000	0.0000	0.0000	0.0000	0.0000	0.0000	0.0000	0.0000	0.0000	0.0000	0.0000	0.0000	0.0000	0.0000	0.0000	0.0000											
2	122	0.0944	5	0	1	0	1	0	0	0	0	N	N	N	N	N	N	N	N	N	N	N	N	0.0000	0.0000	0.0000	0.0000	0.0000	0.0000	0.0000	0.0000	0.0000	0.0000	0.0000	0.0000	0.0000	0.0000	0.0000	0.0000	0.0000	0.0000	0.0000	0.0000	0.0000	2.0001	0.0000	3.0000	0.0000	0.0000	0.0000	0.0000	0.0000	0.0000	0.0000	0.0000	0.0000	0.0000	0.0000	0.0000	0.0000	0.0000	0.0000	0.0000	0.0000	0.0000	0.0000	0.0000	0.0000	0.0000	0.0000	0.0000	0.0000	0.0000	0.0000	0.0000	0.0000	0.0000	0.0000	0.0000	0.0000	0.0000	0.0000	0.0000	0.0000	0.0000	0.0000	0.0000	0.0000	0.0000	0.0000	0.0000	0.0000	0.0000	0.0000	0.0000	0.0000	0.0000	0.0000	0.0000	0.0000	0.0000											
2	123	0.0532	4	0	0	0	1	0	0	0	0	N	N	N	N	N	N	N	N	N	N	N	N	0.0000	0.0000	0.0000	0.0000	0.0000	0.0000	0.0000	0.0000	0.0000	0.0000	0.0000	0.0000	0.0000	0.0000	0.0000	0.0000	0.0000	0.0000	0.0000	0.0000	0.0000	6.9986	0.0000	2.0000	0.0000	0.0000	0.0000	0.0000	0.0000	0.0000	0.0000	0.0000	0.0000	0.0000	0.0000	0.0000	0.0000	0.0000	0.0000	0.0000	0.0000	0.0000	0.0000	0.0000	0.0000	0.0000	0.0000	0.0000	0.0000	0.0000	0.0000	0.0000	0.0000	0.0000	0.0000	0.0000	0.0000	0.0000	0.0000	0.0000	0.0000	0.0000	0.0000	0.0000	0.0000	0.0000	0.0000	0.0000	0.0000	0.0000	0.0000	0.0000	0.0000	0.0000	0.0000	0.0000	0.0000	0.0000											
2	124	0.6428	8	0	1	0	1	0	0	0	0	N	N	N	N	N	N	N	N	N	N	N	N	0.0000	0.0000	0.0000	0.0000	0.0000	0.0000	0.0000	0.0000	0.0000	0.0000	0.0000	0.0000	0.0000	0.0029	0.0055	0.0000	0.0032	0.0026	0.0000	0.0000	0.0000	0.0000	0.0000	0.0000	-0.0000	0.0000	3.9006	0.0000	3.1543	0.0000	0.0000	0.0000	0.0000	0.0000	0.0000	0.0000	0.0000	0.0000	0.0000	0.0000	0.0000	0.0000	0.0000	0.0000	0.0000	0.0000	0.0000	0.0000	0.0000	0.0000	0.0000	0.0000	0.0000	0.0000	0.0000	0.0000	0.0000	0.0000	0.0000	0.0000	0.0000	0.0000	0.0000	0.0000	0.0000	0.0000	0.0000	0.0000	0.0000	0.0000	0.0000	0.0000	0.0000	0.0000	0.0006	0.0011	0.0000	0.0012	0.0012	0.0000	0.0000	0.0000	0.0000						
2	125	0.6093	7	0	1	0	1	0	0	0	0	N	N	N	N	N	N	N	N	N	N	N	N	0.0000	0.0000	0.0000	0.0000	0.0000	0.0000	0.0000	0.0000	0.0000	0.0000	0.0000	0.0000	0.0000	0.0081	0.0000	0.0024	0.0000	0.0000	0.0000	0.0118	0.0000	0.0025	inf	0.0000	0.0000	0.0000	1.6924	0.0000	1.9110	0.0000	0.0000	0.0000	0.0000	0.0000	0.0000	0.0000	0.0000	0.0000	0.0000	0.0000	0.0000	0.0000	0.0000	0.0000	0.0000	0.0000	0.0000	0.0000	0.0000	0.0000	0.0000	0.0000	0.0000	0.0000	0.0000	0.0000	0.0000	0.0000	0.0000	0.0000	0.0000	0.0000	0.0000	0.0000	0.0000	0.0000	0.0000	0.0000	0.0000	0.0000	0.0000	0.0000	0.0000	0.0000	0.0011	0.0000	0.0024	0.0000	0.0000	0.0000	0.0022	0.0000	0.0025						
2	126	0.0532	4	0	1	0	1	0	0	0	0	N	N	N	N	N	N	N	N	N	N	N	N	0.0000	0.0000	0.0000	0.0000	0.0000	0.0000	0.0000	0.0000	0.0000	0.0000	0.0000	0.0000	0.0000	6.4109	11.1829	0.0000	16.9595	16.9622	0.0000	0.0000	0.0000	0.0000	0.0000	0.0000	-0.0000	0.0000	0.9996	0.0000	8.0005	0.0000	0.0000	0.0000	0.0000	0.0000	0.0000	0.0000	0.0000	0.0000	0.0000	0.0000	0.0000	0.0000	0.0000	0.0000	0.0000	0.0000	0.0000	0.0000	0.0000	0.0000	0.0000	0.0000	0.0000	0.0000	0.0000	0.0000	0.0000	0.0000	0.0000	0.0000	0.0000	0.0000	0.0000	0.0000	0.0000	0.0000	0.0000	0.0000	0.0000	0.0000	0.0000	0.0000	0.0000	0.0000	6.4109	11.1829	0.0000	16.9595	16.9622	0.0000	0.0000	0.0000	0.0000						
2	127	0.1805	6	0	0	0	1	0	0	0	0	N	N	N	N	N	N	N	N	N	N	N	N	0.0000	0.0000	0.0000	0.0000	0.0000	0.0000	0.0000	0.0000	0.0000	0.0000	0.0000	0.0000	0.0000	0.0347	0.0000	0.0083	0.0000	0.0000	0.0000	0.0300	0.0000	0.0059	inf	0.0000	0.0000	0.0000	3.6536	0.0000	12.3970	0.0000	0.0000	0.0000	0.0000	0.0000	0.0000	0.0000	0.0000	0.0000	0.0000	0.0000	0.0000	0.0000	0.0000	0.0000	0.0000	0.0000	0.0000	0.0000	0.0000	0.0000	0.0000	0.0000	0.0000	0.0000	0.0000	0.0000	0.0000	0.0000	0.0000	0.0000	0.0000	0.0000	0.0000	0.0000	0.0000	0.0000	0.0000	0.0000	0.0000	0.0000	0.0000	0.0000	0.0000	0.0000	0.0025	0.0000	0.0060	0.0000	0.0000	0.0000	0.0041	0.0000	0.0059						
2	128	0.3589	6	0	0	0	1	0	0	0	0	N	N	N	N	N	N	N	N	N	N	N	N	0.0000	0.0000	0.0000	0.0000	0.0000	0.0000	0.0000	0.0000	0.0000	0.0000	0.0000	0.0000	0.0000	0.0000	0.0000	0.0000	0.0000	1.5069	0.0021	2.0174	0.0046	0.0013	0.1352	1.8288	0.0000	0.7583	523.9821	0.0000	0.0000	0.0000	5.3495	0.0000	12.4099	0.0000	0.0000	0.0000	0.0000	0.0000	0.0000	0.0000	0.0000	0.0000	0.0000	0.0000	0.0000	0.0000	0.0000	0.0000	0.0000	0.0000	0.0000	0.0000	0.0000	0.0000	0.0000	0.0000	0.0000	0.0000	0.0000	0.0000	0.0000	0.0000	0.0000	0.0000	0.0000	0.0000	0.0000	0.0000	0.0000	0.0000	0.0000	0.0000	0.0000	0.0000	0.0000	0.0000	0.0000	0.0000	0.1786	0.0006	0.4028	0.0018	0.0007	0.0463	0.3527	0.0000	0.4125		
2	129	0.1647	10	0	1	0	2	0	0	0	0	N	N	N	Y	N	N	N	N	N	N	N	N	0.0000	0.0000	0.0000	0.0000	0.0000	0.0000	0.0000	0.0000	0.0000	0.0000	0.0000	0.0000	0.0000	0.0000	0.0000	0.0000	0.0000	0.0000	0.0000	0.0000	0.0000	0.0000	0.0000	0.0000	0.0000	0.0000	0.0000	0.0000	0.0000	0.0000	0.0000	0.0000	0.0000	0.0000	0.0000	0.0000	0.0000	0.0000	0.0000	0.0000	0.0000	0.0000	0.0000	0.0000	0.0000	0.0000	0.0000	0.0000	0.0000	0.0000	0.0000	0.0000	0.0000	0.0000	0.0000	0.0000	0.0000	0.0000	0.0000	0.0000	0.0000	0.0000	0.0000	0.0000	0.0000	0.0000	0.0000	0.0000	0.0000	0.0000	0.0000	0.0000	0.0000	0.0000	0.0000	0.0000	0.0000	0.0000											
2	130	0.1484	9	0	1	0	2	0	0	0	0	N	N	N	Y	N	N	N	N	N	N	N	N	0.0000	0.0000	0.0000	0.0000	0.0000	0.0000	0.0000	0.0000	0.0000	0.0000	0.0000	0.0000	0.0000	20.9260	37.0787	0.0000	47.0932	47.1112	0.0000	0.0000	0.0000	0.0000	0.0000	0.0000	-0.0000	0.0000	0.0000	0.0000	3.0001	0.0000	0.0000	0.0000	0.0000	0.0000	0.0000	0.0000	0.0000	0.0000	0.0000	0.0000	0.0000	0.0000	0.0000	0.0000	0.0000	0.0000	0.0000	0.0000	0.0000	0.0000	0.0000	0.0000	0.0000	0.0000	0.0000	0.0000	0.0000	0.0000	0.0000	0.0000	0.0000	0.0000	0.0000	0.0000	0.0000	0.0000	0.0000	0.0000	0.0000	0.0000	0.0000	0.0000	0.0000	0.0000	20.9260	37.0787	0.0000	47.0932	47.1112	0.0000	0.0000	0.0000	0.0000						
2	131	0.1387	8	0	1	0	1	0	0	0	0	N	N	N	N	N	N	N	N	N	N	N	N	0.0000	0.0000	0.0000	0.0000	0.0000	0.0000	0.0000	0.0000	0.0000	0.0000	0.0000	0.0000	0.0000	0.0000	0.0000	0.0000	0.0000	0.0000	0.0000	0.0000	0.0000	0.0000	0.0000	0.0000	0.0000	0.0000	0.0000	0.0000	0.0000	0.0000	0.0000	0.0000	0.0000	0.0000	0.0000	0.0000	0.0000	0.0000	0.0000	0.0000	0.0000	0.0000	0.0000	0.0000	0.0000	0.0000	0.0000	0.0000	0.0000	0.0000	0.0000	0.0000	0.0000	0.0000	0.0000	0.0000	0.0000	0.0000	0.0000	0.0000	0.0000	0.0000	0.0000	0.0000	0.0000	0.0000	0.0000	0.0000	0.0000	0.0000	0.0000	0.0000	0.0000	0.0000	0.0000	0.0000	0.0000	0.0000											
2	132	0.1484	9	0	0	1	2	0	0	0	0	N	N	N	Y	N	N	N	N	N	N	N	N	0.0000	0.0000	0.0000	0.0000	0.0000	0.0000	0.0000	0.0000	0.0000	0.0000	0.0000	0.0000	0.0000	0.0000	0.0000	0.0000	0.0000	0.0000	0.0000	0.0000	0.0000	0.0000	0.0000	1.9999	0.0000	0.0000	0.0000	0.0000	0.0000	0.0000	0.0000	0.0000	0.0000	0.0000	0.0000	0.0000	0.0000	0.0000	0.0000	0.0000	0.0000	0.0000	0.0000	0.0000	0.0000	0.0000	0.0000	0.0000	0.0000	0.0000	0.0000	0.0000	0.0000	0.0000	0.0000	0.0000	0.0000	0.0000	0.0000	0.0000	0.0000	0.0000	0.0000	0.0000	0.0000	0.0000	0.0000	0.0000	0.0000	0.0000	0.0000	0.0000	0.0000	0.0000	0.0000	0.0000	0.0000	0.0000											
2	133	0.1594	10	0	0	1	2	0	0	0	0	N	N	N	Y	N	N	N	N	N	N	N	N	0.0000	0.0000	0.0000	0.0000	0.0000	0.0000	0.0000	0.0000	0.0000	0.0000	0.0000	0.0000	0.0000	0.0000	0.0000	0.0000	0.0000	0.0000	0.0000	0.0000	0.0000	1.0000	0.0000	0.0000	0.0000	0.0000	0.0000	0.0000	0.0000	0.0000	0.0000	0.0000	0.0000	0.0000	0.0000	0.0000	0.0000	0.0000	0.0000	0.0000	0.0000	0.0000	0.0000	0.0000	0.0000	0.0000	0.0000	0.0000	0.0000	0.0000	0.0000	0.0000	0.0000	0.0000	0.0000	0.0000	0.0000	0.0000	0.0000	0.0000	0.0000	0.0000	0.0000	0.0000	0.0000	0.0000	0.0000	0.0000	0.0000	0.0000	0.0000	0.0000	0.0000	0.0000	0.0000	0.0000	0.0000	0.0000											
2	134	0.1594	10	0	0	1	2	0	0	0	0	N	N	N	Y	N	N	N	N	N	N	N	N	0.0000	0.0000	0.0000	0.0000	0.0000	0.0000	0.0000	0.0000	0.0000	0.0000	0.0000	0.0000	0.0000	0.0000	0.0000	0.0000	0.0000	0.0000	0.0000	0.0000	0.0000	0.0000	0.0000	0.0000	0.0000	0.0000	0.0000	0.0000	0.0000	0.0000	0.0000	0.0000	0.0000	0.0000	0.0000	0.0000	0.0000	0.0000	0.0000	0.0000	0.0000	0.0000	0.0000	0.0000	0.0000	0.0000	0.0000	0.0000	0.0000	0.0000	0.0000	0.0000	0.0000	0.0000	0.0000	0.0000	0.0000	0.0000	0.0000	0.0000	0.0000	0.0000	0.0000	0.0000	0.0000	0.0000	0.0000	0.0000	0.0000	0.0000	0.0000	0.0000	0.0000	0.0000	0.0000	0.0000	0.0000	0.0000											
2	135	0.1484	9	0	0	1	2	0	0	0	0	N	N	N	Y	N	N	N	N	N	N	N	N	0.0000	0.0000	0.0000	0.0000	0.0000	0.0000	0.0000	0.0000	0.0000	0.0000	0.0000	0.0000	0.0000	0.0000	0.0000	0.0000	0.0000	0.0000	0.0000	0.0000	0.0000	2.0025	0.0000	0.9943	0.0000	0.0000	0.0000	0.0000	0.0000	0.0000	0.0000	0.0000	0.0000	0.0000	0.0000	0.0000	0.0000	0.0000	0.0000	0.0000	0.0000	0.0000	0.0000	0.0000	0.0000	0.0000	0.0000	0.0000	0.0000	0.0000	0.0000	0.0000	0.0000	0.0000	0.0000	0.0000	0.0000	0.0000	0.0000	0.0000	0.0000	0.0000	0.0000	0.0000	0.0000	0.0000	0.0000	0.0000	0.0000	0.0000	0.0000	0.0000	0.0000	0.0000	0.0000	0.0000	0.0000	0.0000											
2	136	0.1484	8	0	0	0	2	0	0	0	0	N	N	N	Y	N	N	N	N	N	N	N	N	0.0000	0.0000	0.0000	0.0000	0.0000	0.0000	0.0000	0.0000	0.0000	0.0000	0.0000	0.0000	0.0000	0.0000	0.0000	0.0000	0.0000	0.0000	0.0000	0.0000	0.0000	0.0050	0.0000	0.0173	0.0000	0.0000	0.0000	0.0000	0.0000	0.0000	0.0000	0.0000	0.0000	0.0000	0.0000	0.0000	0.0000	0.0000	0.0000	0.0000	0.0000	0.0000	0.0000	0.0000	0.0000	0.0000	0.0000	0.0000	0.0000	0.0000	0.0000	0.0000	0.0000	0.0000	0.0000	0.0000	0.0000	0.0000	0.0000	0.0000	0.0000	0.0000	0.0000	0.0000	0.0000	0.0000	0.0000	0.0000	0.0000	0.0000	0.0000	0.0000	0.0000	0.0000	0.0000	0.0000	0.0000	0.0000											
2	137	0.1387	7	0	0	0	2	0	0	0	0	N	N	N	Y	N	N	N	N	N	N	N	N	0.0000	0.0000	0.0000	0.0000	0.0000	0.0000	0.0000	0.0000	0.0000	0.0000	0.0000	0.0000	0.0000	0.0000	0.0000	0.0000	0.0000	0.0000	0.0000	0.0000	0.0000	1.9972	0.0000	1.0076	0.0000	0.0000	0.0000	0.0000	0.0000	0.0000	0.0000	0.0000	0.0000	0.0000	0.0000	0.0000	0.0000	0.0000	0.0000	0.0000	0.0000	0.0000	0.0000	0.0000	0.0000	0.0000	0.0000	0.0000	0.0000	0.0000	0.0000	0.0000	0.0000	0.0000	0.0000	0.0000	0.0000	0.0000	0.0000	0.0000	0.0000	0.0000	0.0000	0.0000	0.0000	0.0000	0.0000	0.0000	0.0000	0.0000	0.0000	0.0000	0.0000	0.0000	0.0000	0.0000	0.0000	0.0000											
2	138	0.1214	6	1	1	0	1	0	0	0	0	N	N	N	N	N	N	N	N	N	N	N	N	0.0000	0.0000	0.0000	0.0000	0.0000	0.0000	0.0000	0.0000	0.0000	0.0000	0.0000	0.0000	0.0000	0.0000	0.0000	0.0000	0.0000	0.0000	0.0000	0.0000	0.0000	0.0002	0.0000	2.3255	0.0000	0.0000	0.0000	0.0000	0.0000	0.0000	0.0000	0.0000	0.0000	0.0000	0.0000	0.0000	0.0000	0.0000	0.0000	0.0000	0.0000	0.0000	0.0000	0.0000	0.0000	0.0000	0.0000	0.0000	0.0000	0.0000	0.0000	0.0000	0.0000	0.0000	0.0000	0.0000	0.0000	0.0000	0.0000	0.0000	0.0000	0.0000	0.0000	0.0000	0.0000	0.0000	0.0000	0.0000	0.0000	0.0000	0.0000	0.0000	0.0000	0.0000	0.0000	0.0000	0.0000	0.0000											
2	139	0.1036	5	1	1	0	1	0	0	0	0	N	N	N	N	N	N	N	N	N	N	N	N	0.0000	0.0000	0.0000	0.0000	0.0000	0.0000	0.0000	0.0000	0.0000	0.0000	0.0000	0.0000	0.0000	0.0019	0.0000	0.0011	0.0000	0.0000	0.0000	0.0016	0.0000	0.0011	inf	0.0000	0.0000	0.0000	2.0138	0.0000	2.7349	0.0000	0.0000	0.0000	0.0000	0.0000	0.0000	0.0000	0.0000	0.0000	0.0000	0.0000	0.0000	0.0000	0.0000	0.0000	0.0000	0.0000	0.0000	0.0000	0.0000	0.0000	0.0000	0.0000	0.0000	0.0000	0.0000	0.0000	0.0000	0.0000	0.0000	0.0000	0.0000	0.0000	0.0000	0.0000	0.0000	0.0000	0.0000	0.0000	0.0000	0.0000	0.0000	0.0000	0.0000	0.0000	0.0005	0.0000	0.0011	0.0000	0.0000	0.0000	0.0009	0.0000	0.0011						
2	140	0.1201	6	0	1	0	1	0	0	0	0	N	N	N	N	N	N	N	N	N	N	N	N	0.0000	0.0000	0.0000	0.0000	0.0000	0.0000	0.0000	0.0000	0.0000	0.0000	0.0000	0.0000	0.0000	0.0000	0.0000	0.0000	0.0000	0.0000	0.0000	0.0000	0.0000	1.9232	0.0000	1.1116	0.0000	0.0000	0.0000	0.0000	0.0000	0.0000	0.0000	0.0000	0.0000	0.0000	0.0000	0.0000	0.0000	0.0000	0.0000	0.0000	0.0000	0.0000	0.0000	0.0000	0.0000	0.0000	0.0000	0.0000	0.0000	0.0000	0.0000	0.0000	0.0000	0.0000	0.0000	0.0000	0.0000	0.0000	0.0000	0.0000	0.0000	0.0000	0.0000	0.0000	0.0000	0.0000	0.0000	0.0000	0.0000	0.0000	0.0000	0.0000	0.0000	0.0000	0.0000	0.0000	0.0000	0.0000											
2	141	0.6285	8	0	1	0	1	0	0	0	0	N	N	N	N	N	N	N	N	N	N	N	N	0.0000	0.0000	0.0000	0.0000	0.0000	0.0000	0.0000	0.0000	0.0000	0.0000	0.0000	0.0000	0.0000	0.0000	0.0000	0.0000	0.0000	0.0000	0.0000	0.0000	0.0000	3.0000	0.0000	1.0000	0.0000	0.0000	0.0000	0.0000	0.0000	0.0000	0.0000	0.0000	0.0000	0.0000	0.0000	0.0000	0.0000	0.0000	0.0000	0.0000	0.0000	0.0000	0.0000	0.0000	0.0000	0.0000	0.0000	0.0000	0.0000	0.0000	0.0000	0.0000	0.0000	0.0000	0.0000	0.0000	0.0000	0.0000	0.0000	0.0000	0.0000	0.0000	0.0000	0.0000	0.0000	0.0000	0.0000	0.0000	0.0000	0.0000	0.0000	0.0000	0.0000	0.0000	0.0000	0.0000	0.0000	0.0000											
2	142	0.6093	7	0	0	0	1	0	0	0	0	N	N	N	N	N	N	N	N	N	N	N	N	0.0000	0.0000	0.0000	0.0000	0.0000	0.0000	0.0000	0.0000	0.0000	0.0000	0.0000	0.0000	0.0000	0.0000	0.0000	0.0000	0.0000	0.0000	0.0000	0.0000	0.0000	1.0000	0.0000	1.0000	0.0000	0.0000	0.0000	0.0000	0.0000	0.0000	0.0000	0.0000	0.0000	0.0000	0.0000	0.0000	0.0000	0.0000	0.0000	0.0000	0.0000	0.0000	0.0000	0.0000	0.0000	0.0000	0.0000	0.0000	0.0000	0.0000	0.0000	0.0000	0.0000	0.0000	0.0000	0.0000	0.0000	0.0000	0.0000	0.0000	0.0000	0.0000	0.0000	0.0000	0.0000	0.0000	0.0000	0.0000	0.0000	0.0000	0.0000	0.0000	0.0000	0.0000	0.0000	0.0000	0.0000	0.0000											
2	143	0.3589	6	0	0	0	1	0	0	0	0	N	N	N	N	N	N	N	N	N	N	N	N	0.0000	0.0000	0.0000	0.0000	0.0000	0.0000	0.0000	0.0000	0.0000	0.0000	0.0000	0.0000	0.0000	2.5716	3.4921	0.0000	5.5042	5.5950	0.0000	0.0000	0.0000	0.0000	0.0000	0.0000	-0.0000	0.0000	7.1211	0.0000	10.9474	0.0000	0.0000	0.0000	0.0000	0.0000	0.0000	0.0000	0.0000	0.0000	0.0000	0.0000	0.0000	0.0000	0.0000	0.0000	0.0000	0.0000	0.0000	0.0000	0.0000	0.0000	0.0000	0.0000	0.0000	0.0000	0.0000	0.0000	0.0000	0.0000	0.0000	0.0000	0.0000	0.0000	0.0000	0.0000	0.0000	0.0000	0.0000	0.0000	0.0000	0.0000	0.0000	0.0000	0.0000	0.0000	1.6400	2.9412	0.0000	3.3079	3.3886	0.0000	0.0000	0.0000	0.0000						
2	144	0.1642	5	0	0	0	1	0	0	0	0	N	N	N	N	N	N	N	N	N	N	N	N	0.0000	0.0000	0.0000	0.0000	0.0000	0.0000	0.0000	0.0000	0.0000	0.0000	0.0000	0.0000	0.0000	0.0000	0.0000	0.0000	1.5958	2.2462	0.0035	2.9551	3.0353	0.0000	0.0151	0.0000	0.0035	0.0060	0.0000	-0.0000	0.0000	8.5175	0.0000	23.1696	0.0000	0.0000	0.0000	0.0000	0.0000	0.0000	0.0000	0.0000	0.0000	0.0000	0.0000	0.0000	0.0000	0.0000	0.0000	0.0000	0.0000	0.0000	0.0000	0.0000	0.0000	0.0000	0.0000	0.0000	0.0000	0.0000	0.0000	0.0000	0.0000	0.0000	0.0000	0.0000	0.0000	0.0000	0.0000	0.0000	0.0000	0.0000	0.0000	0.0000	0.0000	0.0000	0.0000	0.0000	0.0000	0.2379	0.3999	0.0035	0.5560	0.5609	0.0000	0.0025	0.0000	0.0035			
2	145	0.1387	8	1	1	0	1	0	0	0	0	N	N	N	N	N	N	N	N	N	N	N	N	0.0000	0.0000	0.0000	0.0000	0.0000	0.0000	0.0000	0.0000	0.0000	0.0000	0.0000	0.0000	0.0000	0.0000	0.0000	0.0000	0.0000	0.0000	0.0000	0.0000	0.0000	1.0000	0.0000	1.0000	0.0000	0.0000	0.0000	0.0000	0.0000	0.0000	0.0000	0.0000	0.0000	0.0000	0.0000	0.0000	0.0000	0.0000	0.0000	0.0000	0.0000	0.0000	0.0000	0.0000	0.0000	0.0000	0.0000	0.0000	0.0000	0.0000	0.0000	0.0000	0.0000	0.0000	0.0000	0.0000	0.0000	0.0000	0.0000	0.0000	0.0000	0.0000	0.0000	0.0000	0.0000	0.0000	0.0000	0.0000	0.0000	0.0000	0.0000	0.0000	0.0000	0.0000	0.0000	0.0000	0.0000	0.0000											
2	146	0.1387	7	0	1	0	1	0	0	0	0	N	N	N	N	N	N	N	N	N	N	N	N	0.0000	0.0000	0.0000	0.0000	0.0000	0.0000	0.0000	0.0000	0.0000	0.0000	0.0000	0.0000	0.0000	0.0000	0.0000	0.0000	0.0000	0.0000	0.0000	0.0000	0.0000	0.0003	0.0000	0.0000	0.0000	0.0000	0.0000	0.0000	0.0000	0.0000	0.0000	0.0000	0.0000	0.0000	0.0000	0.0000	0.0000	0.0000	0.0000	0.0000	0.0000	0.0000	0.0000	0.0000	0.0000	0.0000	0.0000	0.0000	0.0000	0.0000	0.0000	0.0000	0.0000	0.0000	0.0000	0.0000	0.0000	0.0000	0.0000	0.0000	0.0000	0.0000	0.0000	0.0000	0.0000	0.0000	0.0000	0.0000	0.0000	0.0000	0.0000	0.0000	0.0000	0.0000	0.0000	0.0000	0.0000	0.0000											
2	147	0.1201	6	0	0	0	1	0	0	0	0	N	N	N	N	N	N	N	N	N	N	N	N	0.0000	0.0000	0.0000	0.0000	0.0000	0.0000	0.0000	0.0000	0.0000	0.0000	0.0000	0.0000	0.0000	0.0000	0.0000	0.0000	0.0000	0.0000	0.0000	0.0000	0.0000	4.9449	0.0000	1.0063	0.0000	0.0000	0.0000	0.0000	0.0000	0.0000	0.0000	0.0000	0.0000	0.0000	0.0000	0.0000	0.0000	0.0000	0.0000	0.0000	0.0000	0.0000	0.0000	0.0000	0.0000	0.0000	0.0000	0.0000	0.0000	0.0000	0.0000	0.0000	0.0000	0.0000	0.0000	0.0000	0.0000	0.0000	0.0000	0.0000	0.0000	0.0000	0.0000	0.0000	0.0000	0.0000	0.0000	0.0000	0.0000	0.0000	0.0000	0.0000	0.0000	0.0000	0.0000	0.0000	0.0000	0.0000											
2	148	0.1036	5	0	0	0	1	0	0	0	0	N	N	N	N	N	N	N	N	N	N	N	N	0.0000	0.0000	0.0000	0.0000	0.0000	0.0000	0.0000	0.0000	0.0000	0.0000	0.0000	0.0000	0.0000	0.0029	0.0000	0.0011	0.0000	0.0000	0.0000	0.0015	0.0000	0.0011	inf	0.0000	0.0000	0.0000	3.4778	0.0000	1.2917	0.0000	0.0000	0.0000	0.0000	0.0000	0.0000	0.0000	0.0000	0.0000	0.0000	0.0000	0.0000	0.0000	0.0000	0.0000	0.0000	0.0000	0.0000	0.0000	0.0000	0.0000	0.0000	0.0000	0.0000	0.0000	0.0000	0.0000	0.0000	0.0000	0.0000	0.0000	0.0000	0.0000	0.0000	0.0000	0.0000	0.0000	0.0000	0.0000	0.0000	0.0000	0.0000	0.0000	0.0000	0.0000	0.0006	0.0000	0.0011	0.0000	0.0000	0.0000	0.0009	0.0000	0.0011						
2	149	0.0532	4	0	0	0	1	0	0	0	0	N	N	N	N	N	N	N	N	N	N	N	N	0.0000	0.0000	0.0000	0.0000	0.0000	0.0000	0.0000	0.0000	0.0000	0.0000	0.0000	0.0000	0.0000	0.0005	0.0009	0.0000	0.0012	0.0010	0.0000	0.0000	0.0000	0.0000	0.0000	0.0000	-0.0000	0.0000	7.8050	0.0000	4.0035	0.0000	0.0000	0.0000	0.0000	0.0000	0.0000	0.0000	0.0000	0.0000	0.0000	0.0000	0.0000	0.0000	0.0000	0.0000	0.0000	0.0000	0.0000	0.0000	0.0000	0.0000	0.0000	0.0000	0.0000	0.0000	0.0000	0.0000	0.0000	0.0000	0.0000	0.0000	0.0000	0.0000	0.0000	0.0000	0.0000	0.0000	0.0000	0.0000	0.0000	0.0000	0.0000	0.0000	0.0000	0.0000	0.0002	0.0004	0.0000	0.0005	0.0005	0.0000	0.0000	0.0000	0.0000						
2	150	0.1805	6	0	0	0	1	0	0	0	0	N	N	N	N	N	N	N	N	N	N	N	N	0.0000	0.0000	0.0000	0.0000	0.0000	0.0000	0.0000	0.0000	0.0000	0.0000	0.0000	0.0000	0.0000	0.0290	0.0000	0.0076	0.0000	0.0000	0.0000	0.0283	0.0000	0.0055	inf	0.0000	0.0000	0.0000	3.7255	0.0000	14.1767	0.0000	0.0000	0.0000	0.0000	0.0000	0.0000	0.0000	0.0000	0.0000	0.0000	0.0000	0.0000	0.0000	0.0000	0.0000	0.0000	0.0000	0.0000	0.0000	0.0000	0.0000	0.0000	0.0000	0.0000	0.0000	0.0000	0.0000	0.0000	0.0000	0.0000	0.0000	0.0000	0.0000	0.0000	0.0000	0.0000	0.0000	0.0000	0.0000	0.0000	0.0000	0.0000	0.0000	0.0000	0.0000	0.0023	0.0000	0.0055	0.0000	0.0000	0.0000	0.0038	0.0000	0.0055						
2	151	0.1642	5	0	0	0	1	0	0	0	0	N	N	N	N	N	N	N	N	N	N	N	N	0.0000	0.0000	0.0000	0.0000	0.0000	0.0000	0.0000	0.0000	0.0000	0.0000	0.0000	0.0000	0.0000	0.0000	0.0000	0.0000	0.4229	0.4411	0.0239	0.1846	0.1413	0.0000	0.0560	0.0000	0.0096	0.6942	0.0000	-0.0000	0.0000	1.4205	0.0000	4.0377	0.0000	0.0000	0.0000	0.0000	0.0000	0.0000	0.0000	0.0000	0.0000	0.0000	0.0000	0.0000	0.0000	0.0000	0.0000	0.0000	0.0000	0.0000	0.0000	0.0000	0.0000	0.0000	0.0000	0.0000	0.0000	0.0000	0.0000	0.0000	0.0000	0.0000	0.0000	0.0000	0.0000	0.0000	0.0000	0.0000	0.0000	0.0000	0.0000	0.0000	0.0000	0.0000	0.0000	0.0000	0.0000	0.0093	0.0091	0.0095	0.0130	0.0131	0.0000	0.0066	0.0000	0.0096			
2	152	0.0532	4	0	0	0	1	0	0	0	0	N	N	N	N	N	N	N	N	N	N	N	N	0.0000	0.0000	0.0000	0.0000	0.0000	0.0000	0.0000	0.0000	0.0000	0.0000	0.0000	0.0000	0.0000	0.0148	0.0252	0.0000	0.0157	0.0135	0.0000	0.0000	0.0000	0.0000	0.0076	0.0000	-0.0000	0.0000	6.4701	0.0000	12.4371	0.0000	0.0000	0.0000	0.0000	0.0000	0.0000	0.0000	0.0000	0.0000	0.0000	0.0000	0.0000	0.0000	0.0000	0.0000	0.0000	0.0000	0.0000	0.0000	0.0000	0.0000	0.0000	0.0000	0.0000	0.0000	0.0000	0.0000	0.0000	0.0000	0.0000	0.0000	0.0000	0.0000	0.0000	0.0000	0.0000	0.0000	0.0000	0.0000	0.0000	0.0000	0.0000	0.0000	0.0000	0.0000	0.0015	0.0027	0.0000	0.0040	0.0040	0.0000	0.0000	0.0000	0.0000						
3	4	0.7138	14	1	0	1	1	0	0	0	0	N	N	N	N	N	N	N	N	N	N	N	N	0.0000	0.0000	0.0000	0.0000	0.0000	0.0000	0.0000	0.0000	0.0000	0.0000	0.0000	0.0000	0.0000	0.0000	0.0000	0.0000	0.0000	0.0000	0.0000	0.0000	0.0011	0.0000	0.9873	0.0000	0.0000	0.0000	0.0000	0.0000	0.0000	0.0000	0.0000	0.0000	0.0000	0.0000	0.0000	0.0000	0.0000	0.0000	0.0000	0.0000	0.0000	0.0000	0.0000	0.0000	0.0000	0.0000	0.0000	0.0000	0.0000	0.0000	0.0000	0.0000	0.0000	0.0000	0.0000	0.0000	0.0000	0.0000	0.0000	0.0000	0.0000	0.0000	0.0000	0.0000	0.0000	0.0000	0.0000	0.0000	0.0000	0.0000	0.0000	0.0000	0.0000	0.0000	0.0000	0.0000	0.0000	0.0000											
3	5	0.1299	8	1	0	1	1	0	0	0	0	N	N	N	N	N	N	N	N	N	N	N	N	0.0000	0.0000	0.0000	0.0000	0.0000	0.0000	0.0000	0.0000	0.0000	0.0000	0.0000	0.0000	0.0000	0.0000	0.0000	0.0000	0.0000	0.0000	0.0000	0.0000	0.0011	0.0000	0.9873	2.0000	0.0000	0.0000	0.0000	0.0000	0.0000	0.0000	0.0000	0.0000	0.0000	0.0000	0.0000	0.0000	0.0000	0.0000	0.0000	0.0000	0.0000	0.0000	0.0000	0.0000	0.0000	0.0000	0.0000	0.0000	0.0000	0.0000	0.0000	0.0051	0.0021	0.0030	0.0004	0.0004	0.0000	0.0047	0.0017	0.0030	0.0000	0.0000	0.0000	0.0000	0.0000	0.0000	0.0000	0.0000	0.0000	0.0000	0.0000	0.0000	0.0000	0.0000	0.0000	0.0000	0.0000	0.0000											
3	6	0.6513	9	0	1	0	1	0	0	0	0	N	N	N	N	N	N	N	N	N	N	N	N	0.0000	0.0000	0.0000	0.0000	0.0000	0.0000	0.0000	0.0000	0.0000	0.0000	0.0000	0.0000	0.0000	0.0000	0.0000	0.0000	0.0000	0.0000	0.0000	0.0000	0.0011	2.9996	0.9873	1.0000	0.0000	0.0000	0.0000	0.0000	0.0000	0.0000	0.0000	0.0000	0.0000	0.0000	0.0000	0.0000	0.0000	0.0000	0.0000	0.0000	0.0000	0.0000	0.0003	0.0003	0.0000	0.0003	0.0002	0.0000	0.0001	0.0001	0.0000	0.0068	0.0040	0.0027	0.0028	0.0025	0.0002	0.0040	0.0015	0.0025	0.0000	0.0000	0.0000	0.0000	0.0000	0.0000	0.0000	0.0000	0.0000	0.0000	0.0000	0.0000	0.0000	0.0000	0.0000	0.0000	0.0000	0.0000											
3	7	0.1287	7	0	1	0	1	0	0	0	0	N	N	N	N	N	N	N	N	N	N	N	N	2.7951	inf	0.0000	1.8491	inf	0.0000	0.0000	0.0000	0.0003	0.0003	0.0000	0.0005	0.0006	0.0000	0.0000	0.0000	0.0000	0.0001	0.0000	0.0000	0.0003	0.0000	0.0002	0.0000	0.0000	0.0000	0.0000	inf	-0.0000	0.0000	0.0011	1.4589	0.9873	1.1370	0.0000	0.0000	0.0000	0.0000	0.0000	0.0000	0.0000	0.0000	0.0000	0.0000	0.0000	0.0000	0.0000	0.0000	0.0000	0.0000	0.0000	0.0000	0.0002	0.0002	0.0000	0.0001	0.0001	0.0000	0.0001	0.0001	0.0000	0.0063	0.0020	0.0043	0.0002	0.0002	0.0000	0.0060	0.0017	0.0043	34.4850	inf	0.0000	24.9805	inf	0.0000	0.0000	0.0000	0.0000	0.0000	0.0000	0.0000	0.0000	0.0000	0.0002	0.0000	0.0000	0.0000	
3	8	0.0727	6	0	0	1	2	0	0	0	0	N	N	N	Y	N	N	N	N	N	N	N	N	0.0000	0.0000	0.0000	0.0000	0.0000	0.0000	0.0000	0.0000	0.0000	0.0000	0.0000	0.0000	0.0000	0.0000	0.0000	0.0000	0.0000	0.0000	0.0000	0.0000	0.0011	0.0000	0.9873	0.0000	0.0000	0.0000	0.0000	0.0000	0.0000	0.0000	0.0000	0.0000	0.0000	0.0000	0.0000	0.0000	0.0000	0.0000	0.0000	0.0000	0.0000	0.0000	0.0000	0.0000	0.0000	0.0000	0.0000	0.0000	0.0000	0.0000	0.0000	0.0000	0.0000	0.0000	0.0000	0.0000	0.0000	0.0000	0.0000	0.0000	0.0000	0.0000	0.0000	0.0000	0.0000	0.0000	0.0000	0.0000	0.0000	0.0000	0.0000	0.0000	0.0000	0.0000	0.0000	0.0000	0.0000	0.0000											
3	9	0.7087	13	0	0	1	2	0	0	0	0	N	N	N	Y	N	N	N	N	N	N	N	N	0.0000	0.0000	0.0000	0.0000	0.0000	0.0000	0.0000	0.0000	0.0000	0.0000	0.0000	0.0000	0.0000	0.0000	0.0000	0.0000	0.0000	0.0000	0.0000	0.0000	0.0011	0.0000	0.9873	2.0000	0.0000	0.0000	0.0000	0.0000	0.0000	0.0000	0.0000	0.0000	0.0000	0.0000	0.0000	0.0000	0.0000	0.0000	0.0000	0.0000	0.0000	0.0000	0.0000	0.0000	0.0000	0.0000	0.0000	0.0000	0.0000	0.0000	0.0000	0.0035	0.0020	0.0015	0.0014	0.0013	0.0001	0.0021	0.0008	0.0013	0.0000	0.0000	0.0000	0.0000	0.0000	0.0000	0.0000	0.0000	0.0000	0.0000	0.0000	0.0000	0.0000	0.0000	0.0000	0.0000	0.0000	0.0000											
3	10	0.1233	7	1	1	0	1	0	0	0	0	N	N	N	N	N	N	N	N	N	N	N	N	4.1724	inf	0.0000	19.6153	inf	0.0000	0.0000	0.0000	0.0013	0.0014	0.0000	0.0025	0.0026	0.0000	0.0000	0.0000	0.0000	0.0003	0.0000	0.0002	0.0001	0.0000	0.0000	0.0002	0.0000	0.0002	0.0000	inf	-0.0000	0.0000	0.0011	0.0266	0.9873	2.0614	0.0000	0.0000	0.0000	0.0000	0.0000	0.0000	0.0000	0.0000	0.0000	0.0000	0.0000	0.0000	0.0000	0.0000	0.0000	0.0000	0.0000	0.0000	0.0000	0.0000	0.0000	0.0000	0.0000	0.0000	0.0000	0.0000	0.0000	0.0066	0.0027	0.0039	0.0008	0.0007	0.0000	0.0058	0.0019	0.0039	10.3057	inf	0.0000	1366.2716	inf	0.0000	0.0000	0.0000	0.0000	0.0001	0.0000	0.0002	0.0000	0.0000	0.0000	0.0001	0.0000	0.0002	
3	11	0.6926	10	1	1	0	1	0	0	0	0	N	N	N	N	N	N	N	N	N	N	N	N	39698.0950	inf	0.0000	inf	inf	4084875.3668	inf	0.0000	1.1425	1.2595	0.0000	0.3219	0.3434	0.0000	2.6359	3.0934	0.0000	0.0000	0.0000	0.0000	0.0000	0.0000	0.0000	0.0000	0.0000	0.0000	0.0000	inf	-0.0001	0.0000	0.0011	6.9996	0.9873	1.0001	0.0006	0.0006	0.0000	0.0001	0.0001	0.0000	0.0004	0.0004	0.0000	0.0000	0.0000	0.0000	0.0000	0.0000	0.0000	0.0000	0.0000	0.0000	0.0005	0.0004	0.0000	0.0003	0.0003	0.0000	0.0002	0.0001	0.0000	0.0123	0.0079	0.0044	0.0061	0.0056	0.0005	0.0062	0.0023	0.0039	3512462.3490	inf	0.0000	inf	inf	0.0000	4084875.3668	inf	0.0000	0.0000	0.0000	0.0000	0.0000	0.0000	0.0000	0.0000	0.0000	0.0000	
3	12	0.1238	7	1	0	1	1	0	0	0	0	N	N	N	N	N	N	N	N	N	N	N	N	0.0000	0.0000	0.0000	0.0000	0.0000	0.0000	0.0000	0.0000	0.0000	0.0000	0.0000	0.0000	0.0000	1.7611	2.7022	0.0000	5.8718	6.0150	0.0000	0.0000	0.0000	0.0000	0.0000	0.0000	-0.0005	0.0011	0.0000	0.9873	1.0091	0.0000	0.0000	0.0000	0.0000	0.0000	0.0000	0.0000	0.0000	0.0000	0.0009	0.0009	0.0000	0.0009	0.0009	0.0000	0.0000	0.0000	0.0000	0.0000	0.0000	0.0000	0.0000	0.0000	0.0000	0.0000	0.0000	0.0000	0.0026	0.0011	0.0016	0.0002	0.0002	0.0000	0.0024	0.0009	0.0015	0.0000	0.0000	0.0000	0.0000	0.0000	0.0000	0.0000	0.0000	0.0000	0.3393	0.8305	0.0000	4.2859	4.7737	0.0000	0.0000	0.0000	0.0000						
3	13	0.7138	14	1	0	1	1	0	0	0	0	N	N	N	N	N	N	N	N	N	N	N	N	0.0000	0.0000	0.0000	0.0000	0.0000	0.0000	0.0000	0.0000	0.0000	0.0000	0.0000	0.0000	0.0000	0.0000	0.0000	0.0000	0.0000	0.0000	0.0000	0.0000	0.0011	0.0000	0.9873	0.0000	0.0000	0.0000	0.0000	0.0000	0.0000	0.0000	0.0000	0.0000	0.0000	0.0000	0.0000	0.0000	0.0000	0.0000	0.0000	0.0000	0.0000	0.0000	0.0000	0.0000	0.0000	0.0000	0.0000	0.0000	0.0000	0.0000	0.0000	0.0000	0.0000	0.0000	0.0000	0.0000	0.0000	0.0000	0.0000	0.0000	0.0000	0.0000	0.0000	0.0000	0.0000	0.0000	0.0000	0.0000	0.0000	0.0000	0.0000	0.0000	0.0000	0.0000	0.0000	0.0000	0.0000	0.0000											
3	14	0.7138	13	1	0	1	1	0	0	0	0	N	N	N	N	N	N	N	N	N	N	N	N	0.0000	0.0000	0.0000	0.0000	0.0000	0.0000	0.0000	0.0000	0.0000	0.0000	0.0000	0.0000	0.0000	0.0000	0.0000	0.0000	0.0000	0.0000	0.0000	0.0000	0.0011	0.0000	0.9873	0.0000	0.0000	0.0000	0.0000	0.0000	0.0000	0.0000	0.0000	0.0000	0.0000	0.0000	0.0000	0.0000	0.0000	0.0000	0.0000	0.0000	0.0000	0.0000	0.0000	0.0000	0.0000	0.0000	0.0000	0.0000	0.0000	0.0000	0.0000	0.0000	0.0000	0.0000	0.0000	0.0000	0.0000	0.0000	0.0000	0.0000	0.0000	0.0000	0.0000	0.0000	0.0000	0.0000	0.0000	0.0000	0.0000	0.0000	0.0000	0.0000	0.0000	0.0000	0.0000	0.0000	0.0000	0.0000											
3	15	0.1437	8	1	1	0	2	0	0	0	0	N	N	N	Y	N	N	N	N	N	N	N	N	44.5060	inf	0.0000	inf	inf	0.0000	0.0000	0.0024	0.0029	0.0000	0.0031	0.0038	0.0000	0.0000	0.0000	0.0000	0.0001	0.0000	0.0000	0.0000	0.0000	0.0000	0.0000	0.0000	0.0000	0.0000	inf	-0.0000	0.0000	0.0011	1.0049	0.9873	0.9915	0.0000	0.0000	0.0000	0.0000	0.0000	0.0000	0.0000	0.0000	0.0000	0.0000	0.0000	0.0000	0.0000	0.0000	0.0000	0.0000	0.0000	0.0000	0.0002	0.0002	0.0000	0.0001	0.0001	0.0000	0.0000	0.0000	0.0000	0.0046	0.0013	0.0033	0.0000	0.0000	0.0000	0.0046	0.0013	0.0033	1894.8755	inf	0.0000	inf	inf	0.0000	0.0000	0.0000	0.0000	0.0000	0.0000	0.0000	0.0000	0.0000	0.0000	0.0000	0.0000	0.0000		
3	16	0.7465	13	1	1	0	2	0	0	0	0	N	N	N	Y	N	N	N	N	N	N	N	N	0.0000	0.0000	0.0000	0.0000	0.0000	0.0000	0.0000	0.0000	0.0000	0.0000	0.0000	0.0000	0.0000	0.0000	0.0000	0.0000	0.0000	0.0000	0.0000	0.0000	0.0011	2.0025	0.9873	0.0085	0.0000	0.0000	0.0000	0.0000	0.0000	0.0000	0.0000	0.0000	0.0000	0.0000	0.0000	0.0000	0.0000	0.0000	0.0000	0.0000	0.0000	0.0000	0.0001	0.0001	0.0000	0.0001	0.0001	0.0000	0.0001	0.0000	0.0000	0.0030	0.0019	0.0011	0.0015	0.0013	0.0001	0.0015	0.0006	0.0010	0.0000	0.0000	0.0000	0.0000	0.0000	0.0000	0.0000	0.0000	0.0000	0.0000	0.0000	0.0000	0.0000	0.0000	0.0000	0.0000	0.0000	0.0000											
3	17	0.1299	9	1	0	1	1	0	0	0	0	N	N	N	N	N	N	N	N	N	N	N	N	0.0000	0.0000	0.0000	0.0000	0.0000	0.0000	0.0000	0.0000	0.0000	0.0000	0.0000	0.0000	0.0000	0.0000	0.0000	0.0000	0.0000	0.0000	0.0000	0.0000	0.0011	0.0000	0.9873	0.0000	0.0000	0.0000	0.0000	0.0000	0.0000	0.0000	0.0000	0.0000	0.0000	0.0000	0.0000	0.0000	0.0000	0.0000	0.0000	0.0000	0.0000	0.0000	0.0000	0.0000	0.0000	0.0000	0.0000	0.0000	0.0000	0.0000	0.0000	0.0000	0.0000	0.0000	0.0000	0.0000	0.0000	0.0000	0.0000	0.0000	0.0000	0.0000	0.0000	0.0000	0.0000	0.0000	0.0000	0.0000	0.0000	0.0000	0.0000	0.0000	0.0000	0.0000	0.0000	0.0000	0.0000	0.0000											
3	18	0.6972	10	0	0	1	1	0	0	0	0	N	N	N	N	N	N	N	N	N	N	N	N	0.0000	0.0000	0.0000	0.0000	0.0000	0.0000	0.0000	0.0000	0.0000	0.0000	0.0000	0.0000	0.0000	0.0000	0.0000	0.0000	0.0000	0.0000	0.0000	0.0000	0.0011	0.0000	0.9873	0.0000	0.0000	0.0000	0.0000	0.0000	0.0000	0.0000	0.0000	0.0000	0.0000	0.0000	0.0000	0.0000	0.0000	0.0000	0.0000	0.0000	0.0000	0.0000	0.0000	0.0000	0.0000	0.0000	0.0000	0.0000	0.0000	0.0000	0.0000	0.0000	0.0000	0.0000	0.0000	0.0000	0.0000	0.0000	0.0000	0.0000	0.0000	0.0000	0.0000	0.0000	0.0000	0.0000	0.0000	0.0000	0.0000	0.0000	0.0000	0.0000	0.0000	0.0000	0.0000	0.0000	0.0000	0.0000											
3	19	0.0952	6	1	1	0	1	0	0	0	0	N	N	N	N	N	N	N	N	N	N	N	N	0.0000	0.0000	0.0000	0.0000	0.0000	0.0000	0.0000	0.0000	0.0000	0.0000	0.0000	0.0000	0.0000	0.0000	0.0000	0.0000	0.0000	0.0000	0.0000	0.0000	0.0011	3.0000	0.9873	0.0000	0.0000	0.0000	0.0000	0.0000	0.0000	0.0000	0.0000	0.0000	0.0000	0.0000	0.0000	0.0000	0.0000	0.0000	0.0000	0.0000	0.0000	0.0000	0.0002	0.0002	0.0000	0.0001	0.0001	0.0000	0.0001	0.0001	0.0000	0.0048	0.0017	0.0031	0.0000	0.0000	0.0000	0.0048	0.0017	0.0031	0.0000	0.0000	0.0000	0.0000	0.0000	0.0000	0.0000	0.0000	0.0000	0.0000	0.0000	0.0000	0.0000	0.0000	0.0000	0.0000	0.0000	0.0000											
3	20	0.1176	7	0	1	0	1	0	0	0	0	N	N	N	N	N	N	N	N	N	N	N	N	0.0000	0.0000	0.0000	0.0000	0.0000	0.0000	0.0000	0.0000	0.0000	0.0000	0.0000	0.0000	0.0000	0.0000	0.0000	0.0000	0.0000	0.0000	0.0000	0.0000	0.0011	0.0000	0.9873	1.0000	0.0000	0.0000	0.0000	0.0000	0.0000	0.0000	0.0000	0.0000	0.0000	0.0000	0.0000	0.0000	0.0000	0.0000	0.0000	0.0000	0.0000	0.0000	0.0000	0.0000	0.0000	0.0000	0.0000	0.0000	0.0000	0.0000	0.0000	0.0026	0.0011	0.0015	0.0002	0.0002	0.0000	0.0024	0.0009	0.0015	0.0000	0.0000	0.0000	0.0000	0.0000	0.0000	0.0000	0.0000	0.0000	0.0000	0.0000	0.0000	0.0000	0.0000	0.0000	0.0000	0.0000	0.0000											
3	21	0.1437	8	0	0	0	2	0	0	0	0	N	N	N	Y	N	N	N	N	N	N	N	N	17767.1433	3192936.8622	3176133.5832	14837626.3087	0.9436	0.0000	5.5503	0.0000	0.0000	0.0000	3.9225	0.0000	25.3480	0.0001	0.0000	0.0000	0.0000	0.0000	0.0000	0.0000	0.0000	0.0000	inf	inf	0.0002	0.0000	0.0011	2.0045	0.9873	0.0106	0.0003	0.0000	0.0003	0.0000	0.0000	0.0000	0.0003	0.0000	0.0003	0.0000	0.0000	0.0000	0.0000	0.0000	0.0000	0.0000	0.0000	0.0000	0.0003	0.0003	0.0001	0.0003	0.0002	0.0000	0.0001	0.0001	0.0000	0.0047	0.0013	0.0033	0.0000	0.0000	0.0000	0.0046	0.0013	0.0033	758836.5760	0.0000	3192936.8622	0.0000	0.0000	0.0000	3176133.5832	0.0000	14837626.3087	0.0000	0.0000	0.0000	0.0000	0.0000	0.0000	0.0000	0.0000	0.0000					
3	22	0.1144	7	0	0	0	2	0	0	0	0	N	N	N	Y	N	N	N	N	N	N	N	N	30.6460	0.0000	inf	0.0000	0.0000	inf	inf	0.0013	0.0000	0.0076	0.0000	0.0000	0.0000	0.0045	0.0000	0.0328	0.0000	0.0001	0.0000	0.0006	0.0005	0.0000	0.0000	0.0000	0.0000	inf	0.0000	0.0000	-0.0000	0.0011	1.9989	0.9873	1.0099	0.0000	0.0000	0.0000	0.0000	0.0000	0.0000	0.0000	0.0000	0.0000	0.0000	0.0000	0.0000	0.0000	0.0000	0.0000	0.0000	0.0000	0.0000	0.0003	0.0003	0.0001	0.0002	0.0002	0.0000	0.0001	0.0001	0.0000	0.0086	0.0030	0.0055	0.0000	0.0000	0.0000	0.0085	0.0030	0.0055	1864.8575	0.0000	inf	0.0000	0.0000	0.0000	inf	0.0000	inf	0.0000	0.0000	0.0000	0.0001	0.0001	0.0000	0.0000	0.0000	0.0000		
3	23	0.6934	12	0	1	0	2	0	0	0	0	N	N	N	Y	N	N	N	N	N	N	N	N	0.0000	0.0000	0.0000	0.0000	0.0000	0.0000	0.0000	0.0000	0.0000	0.0000	0.0000	0.0000	0.0000	0.0000	0.0000	0.0000	0.0000	0.0000	0.0000	0.0000	0.0011	0.0000	0.9873	1.0024	0.0000	0.0000	0.0000	0.0000	0.0000	0.0000	0.0000	0.0000	0.0000	0.0000	0.0000	0.0000	0.0000	0.0000	0.0000	0.0000	0.0000	0.0000	0.0000	0.0000	0.0000	0.0000	0.0000	0.0000	0.0000	0.0000	0.0000	0.0089	0.0057	0.0032	0.0066	0.0052	0.0014	0.0024	0.0005	0.0018	0.0000	0.0000	0.0000	0.0000	0.0000	0.0000	0.0000	0.0000	0.0000	0.0000	0.0000	0.0000	0.0000	0.0000	0.0000	0.0000	0.0000	0.0000											
3	24	0.1176	7	0	1	0	1	0	0	0	0	N	N	N	N	N	N	N	N	N	N	N	N	0.0000	0.0000	0.0000	0.0000	0.0000	0.0000	0.0000	0.0000	0.0000	0.0000	0.0000	0.0000	0.0000	0.0000	0.0000	0.0000	0.0000	0.0000	0.0000	0.0000	0.0011	0.0000	0.9873	0.0000	0.0000	0.0000	0.0000	0.0000	0.0000	0.0000	0.0000	0.0000	0.0000	0.0000	0.0000	0.0000	0.0000	0.0000	0.0000	0.0000	0.0000	0.0000	0.0000	0.0000	0.0000	0.0000	0.0000	0.0000	0.0000	0.0000	0.0000	0.0000	0.0000	0.0000	0.0000	0.0000	0.0000	0.0000	0.0000	0.0000	0.0000	0.0000	0.0000	0.0000	0.0000	0.0000	0.0000	0.0000	0.0000	0.0000	0.0000	0.0000	0.0000	0.0000	0.0000	0.0000	0.0000	0.0000											
3	25	0.7251	12	0	1	0	1	0	0	0	0	N	N	N	N	N	N	N	N	N	N	N	N	0.0018	inf	0.0000	0.0189	inf	0.0000	0.0000	0.0000	0.0012	0.0013	0.0000	0.0022	0.0023	0.0000	0.0000	0.0000	0.0000	0.6553	0.0000	0.1446	0.1163	0.0000	0.4717	0.3262	0.0000	0.0400	0.0012	inf	-0.0000	0.0000	0.0011	0.9998	0.9873	0.0242	0.0000	0.0000	0.0000	0.0000	0.0000	0.0000	0.0000	0.0000	0.0000	0.0000	0.0000	0.0000	0.0000	0.0000	0.0000	0.0000	0.0000	0.0000	0.0001	0.0001	0.0000	0.0000	0.0000	0.0000	0.0000	0.0000	0.0000	0.0018	0.0011	0.0006	0.0009	0.0008	0.0001	0.0009	0.0003	0.0006	0.0701	inf	0.0000	0.2025	inf	0.0000	0.0000	0.0000	0.0000	0.0168	0.0000	0.0466	0.0108	0.0000	0.1366	0.0231	0.0000	0.0351	
3	26	0.7628	15	0	1	0	2	0	0	0	0	N	N	N	Y	N	N	N	N	N	N	N	N	0.0000	0.0000	0.0000	0.0000	0.0000	0.0000	0.0000	0.0000	0.0000	0.0000	0.0000	0.0000	0.0000	0.0000	0.0000	0.0000	0.0000	0.0000	0.0000	0.0000	0.0011	0.0000	0.9873	0.0000	0.0000	0.0000	0.0000	0.0000	0.0000	0.0000	0.0000	0.0000	0.0000	0.0000	0.0000	0.0000	0.0000	0.0000	0.0000	0.0000	0.0000	0.0000	0.0000	0.0000	0.0000	0.0000	0.0000	0.0000	0.0000	0.0000	0.0000	0.0000	0.0000	0.0000	0.0000	0.0000	0.0000	0.0000	0.0000	0.0000	0.0000	0.0000	0.0000	0.0000	0.0000	0.0000	0.0000	0.0000	0.0000	0.0000	0.0000	0.0000	0.0000	0.0000	0.0000	0.0000	0.0000	0.0000											
3	27	0.1413	7	1	1	0	1	0	0	0	0	N	N	N	N	N	N	N	N	N	N	N	N	3.2196	1.1964	0.0000	1.0115	1.1281	0.0000	0.0000	0.0356	0.0411	0.0000	0.0752	0.0760	0.0000	0.0000	0.0000	0.0000	0.0111	0.0344	0.0000	0.0743	0.0674	0.0000	0.0000	0.0000	0.0000	0.0000	0.0014	-0.0000	-0.0000	0.0011	0.0418	0.9873	6.1659	0.0000	0.0000	0.0000	0.0000	0.0000	0.0000	0.0000	0.0000	0.0000	0.0000	0.0000	0.0000	0.0000	0.0000	0.0000	0.0000	0.0000	0.0000	0.0000	0.0000	0.0000	0.0000	0.0000	0.0000	0.0000	0.0000	0.0000	0.0147	0.0062	0.0085	0.0023	0.0021	0.0002	0.0124	0.0040	0.0084	26.5100	12.8490	0.0000	8.7793	8.2038	0.0000	0.0000	0.0000	0.0000	0.0013	0.0032	0.0000	0.0086	0.0093	0.0000	0.0000	0.0000	0.0000		
3	28	0.0727	6	0	0	0	2	0	0	0	0	N	N	N	Y	N	N	N	N	N	N	N	N	16.0098	inf	0.0000	23.9788	inf	0.0000	6.1779	inf	0.0000	0.0012	0.0013	0.0000	0.0031	0.0032	0.0000	0.0000	0.0000	0.0000	0.0001	0.0000	0.0000	0.0001	0.0000	0.0000	0.0000	0.0000	0.0000	0.0000	inf	-0.0000	0.0000	0.0011	1.5398	0.9873	1.0296	0.0000	0.0000	0.0000	0.0000	0.0000	0.0000	0.0000	0.0000	0.0000	0.0000	0.0000	0.0000	0.0000	0.0000	0.0000	0.0000	0.0000	0.0000	0.0001	0.0001	0.0000	0.0000	0.0000	0.0000	0.0001	0.0001	0.0000	0.0073	0.0030	0.0043	0.0008	0.0007	0.0001	0.0065	0.0022	0.0043	357.8461	inf	0.0000	1530.1775	inf	0.0000	6.1779	inf	0.0000	0.0000	0.0000	0.0000	0.0000	0.0000	0.0000	0.0000	0.0000	0.0000
3	29	0.0676	5	0	0	0	2	0	0	0	0	N	N	N	Y	N	N	N	N	N	N	N	N	132.9956	66.7505	52.5860	46.0626	57.0038	369.4799	inf	45.7536	0.0425	0.0482	0.0005	0.1003	0.1020	0.0000	0.0021	0.0025	0.0004	0.0003	0.0007	0.0000	0.0022	0.0018	0.0000	0.0000	0.0000	0.0000	0.0013	0.0398	-0.0000	-0.0000	0.0011	0.8816	0.9873	0.0702	0.0000	0.0000	0.0000	0.0000	0.0000	0.0000	0.0000	0.0000	0.0000	0.0000	0.0000	0.0000	0.0000	0.0000	0.0000	0.0000	0.0000	0.0000	0.0001	0.0001	0.0000	0.0000	0.0000	0.0000	0.0001	0.0000	0.0000	0.0031	0.0013	0.0018	0.0004	0.0004	0.0000	0.0026	0.0009	0.0017	326.5074	163.8355	52.5860	108.3274	104.7244	0.0000	369.4799	inf	45.7536	0.0001	0.0003	0.0000	0.0009	0.0010	0.0000	0.0000	0.0000	0.0000	
3	30	0.7087	13	0	0	0	2	0	0	0	0	N	N	N	Y	N	N	N	N	N	N	N	N	0.0000	0.0000	0.0000	0.0000	0.0000	0.0000	0.0000	0.0000	0.0000	0.0000	0.0000	0.0000	0.0000	0.0000	0.0000	0.0000	0.0000	0.0000	0.0000	0.0000	0.0011	0.0000	0.9873	0.0000	0.0000	0.0000	0.0000	0.0000	0.0000	0.0000	0.0000	0.0000	0.0000	0.0000	0.0000	0.0000	0.0000	0.0000	0.0000	0.0000	0.0000	0.0000	0.0000	0.0000	0.0000	0.0000	0.0000	0.0000	0.0000	0.0000	0.0000	0.0000	0.0000	0.0000	0.0000	0.0000	0.0000	0.0000	0.0000	0.0000	0.0000	0.0000	0.0000	0.0000	0.0000	0.0000	0.0000	0.0000	0.0000	0.0000	0.0000	0.0000	0.0000	0.0000	0.0000	0.0000	0.0000	0.0000											
3	31	0.7155	11	1	0	1	1	0	0	0	0	N	N	N	N	N	N	N	N	N	N	N	N	0.0000	0.0000	0.0000	0.0000	0.0000	0.0000	0.0000	0.0000	0.0000	0.0000	0.0000	0.0000	0.0000	0.0000	0.0000	0.0000	0.0000	0.0000	0.0000	0.0000	0.0011	0.0000	0.9873	0.0000	0.0000	0.0000	0.0000	0.0000	0.0000	0.0000	0.0000	0.0000	0.0000	0.0000	0.0000	0.0000	0.0000	0.0000	0.0000	0.0000	0.0000	0.0000	0.0000	0.0000	0.0000	0.0000	0.0000	0.0000	0.0000	0.0000	0.0000	0.0000	0.0000	0.0000	0.0000	0.0000	0.0000	0.0000	0.0000	0.0000	0.0000	0.0000	0.0000	0.0000	0.0000	0.0000	0.0000	0.0000	0.0000	0.0000	0.0000	0.0000	0.0000	0.0000	0.0000	0.0000	0.0000	0.0000											
3	32	0.6513	9	0	1	0	1	0	0	0	0	N	N	N	N	N	N	N	N	N	N	N	N	0.0000	0.0000	0.0000	0.0000	0.0000	0.0000	0.0000	0.0000	0.0000	0.0000	0.0000	0.0000	0.0000	0.0000	0.0000	0.0000	0.0000	0.0000	0.0000	0.0000	0.0011	0.0006	0.9873	3.0000	0.0000	0.0000	0.0000	0.0000	0.0000	0.0000	0.0000	0.0000	0.0000	0.0000	0.0000	0.0000	0.0000	0.0000	0.0000	0.0000	0.0000	0.0000	0.0000	0.0000	0.0000	0.0000	0.0000	0.0000	0.0000	0.0000	0.0000	0.0051	0.0030	0.0021	0.0021	0.0019	0.0002	0.0030	0.0011	0.0019	0.0000	0.0000	0.0000	0.0000	0.0000	0.0000	0.0000	0.0000	0.0000	0.0000	0.0000	0.0000	0.0000	0.0000	0.0000	0.0000	0.0000	0.0000											
3	33	0.6513	9	0	1	0	1	0	0	0	0	N	N	N	N	N	N	N	N	N	N	N	N	0.0000	0.0000	0.0000	0.0000	0.0000	0.0000	0.0000	0.0000	0.0000	0.0000	0.0000	0.0000	0.0000	0.0000	0.0000	0.0000	0.0000	0.0000	0.0000	0.0000	0.0011	2.0006	0.9873	8.0000	0.0000	0.0000	0.0000	0.0000	0.0000	0.0000	0.0000	0.0000	0.0000	0.0000	0.0000	0.0000	0.0000	0.0000	0.0000	0.0000	0.0000	0.0000	0.0002	0.0002	0.0000	0.0002	0.0002	0.0000	0.0001	0.0000	0.0000	0.0159	0.0095	0.0064	0.0067	0.0061	0.0006	0.0093	0.0035	0.0058	0.0000	0.0000	0.0000	0.0000	0.0000	0.0000	0.0000	0.0000	0.0000	0.0000	0.0000	0.0000	0.0000	0.0000	0.0000	0.0000	0.0000	0.0000											
3	34	0.6926	10	1	1	0	1	0	0	0	0	N	N	N	N	N	N	N	N	N	N	N	N	0.0000	0.0000	0.0000	0.0000	0.0000	0.0000	0.0000	0.0000	0.0000	0.0000	0.0000	0.0000	0.0000	48.4816	75.5541	0.0000	97.1483	105.8386	0.0000	0.0000	0.0000	0.0000	0.0000	0.0000	-0.5146	0.0011	10.0001	0.9873	4.0001	0.0000	0.0000	0.0000	0.0000	0.0000	0.0000	0.0000	0.0000	0.0000	0.9861	0.9861	0.0000	0.9861	0.9861	0.0000	0.0000	0.0000	0.0000	0.0007	0.0006	0.0001	0.0004	0.0004	0.0000	0.0002	0.0002	0.0000	0.0203	0.0131	0.0073	0.0102	0.0093	0.0008	0.0102	0.0037	0.0065	0.0000	0.0000	0.0000	0.0000	0.0000	0.0000	0.0000	0.0000	0.0000	48.4816	75.5541	0.0000	97.1483	105.8386	0.0000	0.0000	0.0000	0.0000						
3	35	0.6513	9	0	1	0	1	0	0	0	0	N	N	N	N	N	N	N	N	N	N	N	N	inf	inf	inf	inf	0.8121	0.8934	0.0000	1.0650	1.1473	0.0000	0.0000	0.0000	0.0000	0.0000	0.0000	0.0000	0.0000	0.0000	0.0000	0.0000	0.0000	0.0000	0.0000	-0.0001	0.0000	0.0011	3.0004	0.9873	2.0000	0.0003	0.0003	0.0000	0.0003	0.0003	0.0000	0.0000	0.0000	0.0000	0.0000	0.0000	0.0000	0.0000	0.0000	0.0000	0.0000	0.0000	0.0000	0.0003	0.0003	0.0000	0.0003	0.0002	0.0000	0.0001	0.0001	0.0000	0.0084	0.0050	0.0034	0.0035	0.0031	0.0003	0.0049	0.0018	0.0031	inf	inf	0.0000	inf	inf	0.0000	0.0000	0.0000	0.0000	0.0000	0.0000	0.0000	0.0000	0.0000	0.0000	0.0000	0.0000	0.0000						
3	36	0.0952	6	0	1	0	1	0	0	0	0	N	N	N	N	N	N	N	N	N	N	N	N	0.0000	0.0000	0.0000	0.0000	0.0000	0.0000	0.0000	0.0000	0.0000	0.0000	0.0000	0.0000	0.0000	0.0000	0.0000	0.0000	0.0000	0.0000	0.0000	0.0000	0.0011	3.0000	0.9873	3.0000	0.0000	0.0000	0.0000	0.0000	0.0000	0.0000	0.0000	0.0000	0.0000	0.0000	0.0000	0.0000	0.0000	0.0000	0.0000	0.0000	0.0000	0.0000	0.0002	0.0002	0.0000	0.0001	0.0001	0.0000	0.0001	0.0001	0.0000	0.0092	0.0033	0.0059	0.0000	0.0000	0.0000	0.0091	0.0032	0.0059	0.0000	0.0000	0.0000	0.0000	0.0000	0.0000	0.0000	0.0000	0.0000	0.0000	0.0000	0.0000	0.0000	0.0000	0.0000	0.0000	0.0000	0.0000											
3	37	0.6815	10	1	1	0	1	0	0	0	0	N	N	N	N	N	N	N	N	N	N	N	N	inf	inf	inf	inf	0.0221	0.0243	0.0000	0.0293	0.0315	0.0000	0.0000	0.0000	0.0000	0.0000	0.0000	0.0000	0.0000	0.0000	0.0000	0.0000	0.0000	0.0000	0.0000	-0.0000	0.0000	0.0011	4.2779	0.9873	3.9542	0.0000	0.0000	0.0000	0.0000	0.0000	0.0000	0.0000	0.0000	0.0000	0.0000	0.0000	0.0000	0.0000	0.0000	0.0000	0.0000	0.0000	0.0000	0.0005	0.0004	0.0000	0.0003	0.0003	0.0000	0.0001	0.0001	0.0000	0.0136	0.0080	0.0055	0.0055	0.0050	0.0005	0.0080	0.0030	0.0050	inf	inf	0.0000	inf	inf	0.0000	0.0000	0.0000	0.0000	0.0000	0.0000	0.0000	0.0000	0.0000	0.0000	0.0000	0.0000	0.0000						
3	38	0.0286	2	1	1	0	1	0	0	0	0	N	N	N	N	N	N	N	N	N	N	N	N	0.8974	0.6768	12.2975	0.1431	0.1799	0.0000	15025.3027	inf	21.6251	0.5647	0.7828	0.0005	0.3650	0.4596	0.0000	0.8385	1.3487	0.0009	0.6293	1.1567	0.0000	2.5499	2.5547	0.0033	0.0001	0.0000	0.0000	0.0002	0.0016	-0.0001	-0.0001	0.0011	2.8243	0.9873	1.0201	0.0004	0.0004	0.0000	0.0002	0.0002	0.0000	0.0003	0.0003	0.0000	0.0002	0.0002	0.0000	0.0002	0.0002	0.0000	0.0000	0.0000	0.0000	0.0008	0.0006	0.0002	0.0005	0.0004	0.0001	0.0003	0.0002	0.0001	0.0111	0.0042	0.0069	0.0005	0.0005	0.0000	0.0105	0.0037	0.0069	35.1664	18.4808	12.2975	1.0903	1.3705	0.0000	31730.6129	inf	21.6251	0.0161	0.0424	0.0000	0.3348	0.3354	0.0025	0.0000	0.0000	0.0000
3	39	0.6926	10	0	1	0	1	0	0	0	0	N	N	N	N	N	N	N	N	N	N	N	N	0.0235	0.0166	0.0033	0.0032	inf	inf	1.5373	1.6931	0.0000	0.4293	0.4577	0.0000	3.6040	4.2303	0.0000	65.3800	102.1520	0.0000	131.5457	143.1480	0.0000	0.0000	0.0000	0.0000	0.0000	0.0000	-0.0001	-0.5146	0.0011	5.0001	0.9873	5.0000	0.0006	0.0006	0.0000	0.0001	0.0001	0.0000	0.0004	0.0004	0.0000	0.9861	0.9861	0.0000	0.9861	0.9861	0.0000	0.0000	0.0000	0.0000	0.0004	0.0003	0.0000	0.0002	0.0002	0.0000	0.0001	0.0001	0.0000	0.0151	0.0097	0.0054	0.0075	0.0069	0.0006	0.0076	0.0028	0.0048	0.0235	0.0166	0.0000	0.0033	0.0032	0.0000	inf	inf	0.0000	65.3800	102.1520	0.0000	131.5457	143.1480	0.0000	0.0000	0.0000	0.0000			
3	40	0.1176	7	0	1	0	1	0	0	0	0	N	N	N	N	N	N	N	N	N	N	N	N	0.0000	0.0000	0.0000	0.0000	0.0000	0.0000	0.0000	0.0000	0.0000	0.0000	0.0000	0.0000	0.0000	0.0000	0.0000	0.0000	0.0000	0.0000	0.0000	0.0000	0.0011	0.0000	0.9873	2.0000	0.0000	0.0000	0.0000	0.0000	0.0000	0.0000	0.0000	0.0000	0.0000	0.0000	0.0000	0.0000	0.0000	0.0000	0.0000	0.0000	0.0000	0.0000	0.0000	0.0000	0.0000	0.0000	0.0000	0.0000	0.0000	0.0000	0.0000	0.0051	0.0021	0.0030	0.0004	0.0004	0.0000	0.0047	0.0017	0.0030	0.0000	0.0000	0.0000	0.0000	0.0000	0.0000	0.0000	0.0000	0.0000	0.0000	0.0000	0.0000	0.0000	0.0000	0.0000	0.0000	0.0000	0.0000											
3	41	0.6926	10	0	1	0	1	0	0	0	0	N	N	N	N	N	N	N	N	N	N	N	N	inf	inf	inf	inf	inf	inf	1.3073	1.4405	0.0000	0.3667	0.3911	0.0000	3.0394	3.5673	0.0000	0.0000	0.0000	0.0000	0.0000	0.0000	0.0000	0.0000	0.0000	0.0000	0.0000	-0.0001	0.0000	0.0011	5.9998	0.9873	3.0000	0.0006	0.0006	0.0000	0.0001	0.0001	0.0000	0.0004	0.0004	0.0000	0.0000	0.0000	0.0000	0.0000	0.0000	0.0000	0.0000	0.0000	0.0000	0.0004	0.0004	0.0000	0.0003	0.0003	0.0000	0.0001	0.0001	0.0000	0.0137	0.0088	0.0049	0.0068	0.0063	0.0005	0.0069	0.0025	0.0044	inf	inf	0.0000	inf	inf	0.0000	inf	inf	0.0000	0.0000	0.0000	0.0000	0.0000	0.0000	0.0000	0.0000	0.0000	0.0000				
3	45	0.7045	12	0	1	1	2	0	0	0	0	N	N	N	Y	N	N	N	N	N	N	N	N	0.0000	0.0000	0.0000	0.0000	0.0000	0.0000	0.0000	0.0000	0.0000	0.0000	0.0000	0.0000	0.0000	0.0000	0.0000	0.0000	0.0000	0.0000	0.0000	0.0000	0.0011	1.0000	0.9873	1.0000	0.0000	0.0000	0.0000	0.0000	0.0000	0.0000	0.0000	0.0000	0.0000	0.0000	0.0000	0.0000	0.0000	0.0000	0.0000	0.0000	0.0000	0.0000	0.0001	0.0001	0.0000	0.0001	0.0001	0.0000	0.0000	0.0000	0.0000	0.0035	0.0021	0.0014	0.0014	0.0013	0.0001	0.0021	0.0008	0.0013	0.0000	0.0000	0.0000	0.0000	0.0000	0.0000	0.0000	0.0000	0.0000	0.0000	0.0000	0.0000	0.0000	0.0000	0.0000	0.0000	0.0000	0.0000											
3	46	0.0952	6	0	1	0	1	0	0	0	0	N	N	N	N	N	N	N	N	N	N	N	N	0.0000	0.0000	0.0000	0.0000	0.0000	0.0000	0.0000	0.0000	0.0000	0.0000	0.0000	0.0000	0.0000	0.0000	0.0000	0.0000	0.0000	0.0000	0.0000	0.0000	0.0011	0.0000	0.9873	0.0000	0.0000	0.0000	0.0000	0.0000	0.0000	0.0000	0.0000	0.0000	0.0000	0.0000	0.0000	0.0000	0.0000	0.0000	0.0000	0.0000	0.0000	0.0000	0.0000	0.0000	0.0000	0.0000	0.0000	0.0000	0.0000	0.0000	0.0000	0.0000	0.0000	0.0000	0.0000	0.0000	0.0000	0.0000	0.0000	0.0000	0.0000	0.0000	0.0000	0.0000	0.0000	0.0000	0.0000	0.0000	0.0000	0.0000	0.0000	0.0000	0.0000	0.0000	0.0000	0.0000	0.0000	0.0000											
3	47	0.0412	3	0	1	0	2	0	0	0	0	N	N	N	Y	N	N	N	N	N	N	N	N	0.0000	0.0000	0.0000	0.0000	0.0000	0.0000	0.0000	0.0000	0.0000	0.0000	0.0000	0.0000	0.0000	0.0000	0.0000	0.0000	0.0000	0.0000	0.0000	0.0000	0.0011	0.0000	0.9873	1.0000	0.0000	0.0000	0.0000	0.0000	0.0000	0.0000	0.0000	0.0000	0.0000	0.0000	0.0000	0.0000	0.0000	0.0000	0.0000	0.0000	0.0000	0.0000	0.0000	0.0000	0.0000	0.0000	0.0000	0.0000	0.0000	0.0000	0.0000	0.0031	0.0013	0.0019	0.0003	0.0003	0.0000	0.0028	0.0009	0.0019	0.0000	0.0000	0.0000	0.0000	0.0000	0.0000	0.0000	0.0000	0.0000	0.0000	0.0000	0.0000	0.0000	0.0000	0.0000	0.0000	0.0000	0.0000											
3	48	0.0952	6	1	1	0	1	0	0	0	0	N	N	N	N	N	N	N	N	N	N	N	N	0.0000	0.0000	0.0000	0.0000	0.0000	0.0000	0.0000	0.0000	0.0000	0.0000	0.0000	0.0000	0.0000	0.0000	0.0000	0.0000	0.0000	0.0000	0.0000	0.0000	0.0011	0.0000	0.9873	4.0000	0.0000	0.0000	0.0000	0.0000	0.0000	0.0000	0.0000	0.0000	0.0000	0.0000	0.0000	0.0000	0.0000	0.0000	0.0000	0.0000	0.0000	0.0000	0.0000	0.0000	0.0000	0.0000	0.0000	0.0000	0.0000	0.0000	0.0000	0.0063	0.0022	0.0041	0.0000	0.0000	0.0000	0.0063	0.0022	0.0041	0.0000	0.0000	0.0000	0.0000	0.0000	0.0000	0.0000	0.0000	0.0000	0.0000	0.0000	0.0000	0.0000	0.0000	0.0000	0.0000	0.0000	0.0000											
3	49	0.0620	4	0	0	1	1	0	0	0	0	N	N	N	N	N	N	N	N	N	N	N	N	0.0000	0.0000	0.0000	0.0000	0.0000	0.0000	0.0000	0.0000	0.0000	0.0000	0.0000	0.0000	0.0000	0.0000	0.0000	0.0000	0.0000	0.0000	0.0000	0.0000	0.0011	0.0000	0.9873	0.0000	0.0000	0.0000	0.0000	0.0000	0.0000	0.0000	0.0000	0.0000	0.0000	0.0000	0.0000	0.0000	0.0000	0.0000	0.0000	0.0000	0.0000	0.0000	0.0000	0.0000	0.0000	0.0000	0.0000	0.0000	0.0000	0.0000	0.0000	0.0000	0.0000	0.0000	0.0000	0.0000	0.0000	0.0000	0.0000	0.0000	0.0000	0.0000	0.0000	0.0000	0.0000	0.0000	0.0000	0.0000	0.0000	0.0000	0.0000	0.0000	0.0000	0.0000	0.0000	0.0000	0.0000	0.0000											
3	50	0.7136	11	0	0	1	1	0	0	0	0	N	N	N	N	N	N	N	N	N	N	N	N	0.0000	0.0000	0.0000	0.0000	0.0000	0.0000	0.0000	0.0000	0.0000	0.0000	0.0000	0.0000	0.0000	0.0000	0.0000	0.0000	0.0000	0.0000	0.0000	0.0000	0.0011	1.0000	0.9873	1.0000	0.0000	0.0000	0.0000	0.0000	0.0000	0.0000	0.0000	0.0000	0.0000	0.0000	0.0000	0.0000	0.0000	0.0000	0.0000	0.0000	0.0000	0.0000	0.0001	0.0001	0.0000	0.0000	0.0000	0.0000	0.0000	0.0000	0.0000	0.0032	0.0019	0.0012	0.0016	0.0014	0.0002	0.0016	0.0005	0.0011	0.0000	0.0000	0.0000	0.0000	0.0000	0.0000	0.0000	0.0000	0.0000	0.0000	0.0000	0.0000	0.0000	0.0000	0.0000	0.0000	0.0000	0.0000											
3	51	0.7181	11	0	1	0	1	0	0	0	0	N	N	N	N	N	N	N	N	N	N	N	N	0.0000	0.0000	0.0000	0.0000	0.0000	0.0000	0.0000	0.0000	0.0000	0.0000	0.0000	0.0000	0.0000	0.0000	0.0000	0.0000	0.0000	0.0000	0.0000	0.0000	0.0011	0.0003	0.9873	0.9690	0.0000	0.0000	0.0000	0.0000	0.0000	0.0000	0.0000	0.0000	0.0000	0.0000	0.0000	0.0000	0.0000	0.0000	0.0000	0.0000	0.0000	0.0000	0.0000	0.0000	0.0000	0.0000	0.0000	0.0000	0.0000	0.0000	0.0000	0.0034	0.0025	0.0009	0.0021	0.0020	0.0002	0.0013	0.0005	0.0007	0.0000	0.0000	0.0000	0.0000	0.0000	0.0000	0.0000	0.0000	0.0000	0.0000	0.0000	0.0000	0.0000	0.0000	0.0000	0.0000	0.0000	0.0000											
3	52	0.0977	6	0	1	0	1	0	0	0	0	N	N	N	N	N	N	N	N	N	N	N	N	17042.2838	11787.1088	144.3065	498.0302	672.0221	782392.6084	inf	694.0774	1.5763	1.8940	0.0011	0.1112	0.1434	0.0000	3.7272	4.0706	0.0054	0.0001	0.0002	0.0000	0.0002	0.0002	0.0000	0.0000	0.0000	0.0000	0.0001	0.9086	-0.0001	-0.0000	0.0011	0.9211	0.9873	0.1671	0.0002	0.0002	0.0000	0.0000	0.0000	0.0000	0.0002	0.0002	0.0000	0.0000	0.0000	0.0000	0.0000	0.0000	0.0000	0.0000	0.0000	0.0000	0.0002	0.0001	0.0000	0.0001	0.0001	0.0000	0.0001	0.0001	0.0000	0.0048	0.0026	0.0022	0.0015	0.0013	0.0001	0.0034	0.0013	0.0021	214970.9588	267943.7463	144.3065	8377.8209	10150.4346	0.0000	782392.6084	inf	694.0774	0.0000	0.0000	0.0000	0.0000	0.0000	0.0000	0.0000	0.0000	0.0000	
3	53	0.7045	12	0	1	0	1	0	0	0	0	N	N	N	N	N	N	N	N	N	N	N	N	0.0000	0.0000	0.0000	0.0000	0.0000	0.0000	0.0000	0.0000	0.0000	0.0000	0.0000	0.0000	0.0000	0.0000	0.0000	0.0000	0.0000	0.0000	0.0000	0.0000	0.0011	1.0000	0.9873	5.0000	0.0000	0.0000	0.0000	0.0000	0.0000	0.0000	0.0000	0.0000	0.0000	0.0000	0.0000	0.0000	0.0000	0.0000	0.0000	0.0000	0.0000	0.0000	0.0001	0.0001	0.0000	0.0001	0.0001	0.0000	0.0000	0.0000	0.0000	0.0101	0.0060	0.0041	0.0042	0.0038	0.0004	0.0059	0.0022	0.0037	0.0000	0.0000	0.0000	0.0000	0.0000	0.0000	0.0000	0.0000	0.0000	0.0000	0.0000	0.0000	0.0000	0.0000	0.0000	0.0000	0.0000	0.0000											
3	54	0.6893	11	0	0	0	1	0	0	0	0	N	N	N	N	N	N	N	N	N	N	N	N	0.0000	0.0000	0.0000	0.0000	0.0000	0.0000	0.0000	0.0000	0.0000	0.0000	0.0000	0.0000	0.0000	0.0000	0.0000	0.0000	0.0000	0.0000	0.0000	0.0000	0.0011	0.0000	0.9873	2.9157	0.0000	0.0000	0.0000	0.0000	0.0000	0.0000	0.0000	0.0000	0.0000	0.0000	0.0000	0.0000	0.0000	0.0000	0.0000	0.0000	0.0000	0.0000	0.0000	0.0000	0.0000	0.0000	0.0000	0.0000	0.0000	0.0000	0.0000	0.0064	0.0037	0.0027	0.0027	0.0025	0.0002	0.0037	0.0012	0.0025	0.0000	0.0000	0.0000	0.0000	0.0000	0.0000	0.0000	0.0000	0.0000	0.0000	0.0000	0.0000	0.0000	0.0000	0.0000	0.0000	0.0000	0.0000											
3	55	0.0412	3	0	1	0	1	0	0	0	0	N	N	N	N	N	N	N	N	N	N	N	N	inf	inf	inf	inf	1.8239	0.0000	17.3861	0.0000	0.0000	0.0000	2.9645	0.0000	18.7978	0.0000	0.0000	0.0000	0.0000	0.0000	0.0000	0.0000	0.0000	0.0000	inf	0.0002	0.0000	0.0011	2.0000	0.9873	3.0000	0.0003	0.0000	0.0003	0.0000	0.0000	0.0000	0.0003	0.0000	0.0003	0.0000	0.0000	0.0000	0.0000	0.0000	0.0000	0.0000	0.0000	0.0000	0.0002	0.0002	0.0000	0.0001	0.0001	0.0000	0.0001	0.0001	0.0000	0.0136	0.0052	0.0084	0.0010	0.0009	0.0001	0.0126	0.0043	0.0083	inf	0.0000	inf	0.0000	0.0000	0.0000	inf	0.0000	inf	0.0000	0.0000	0.0000	0.0000	0.0000	0.0000	0.0000	0.0000	0.0000						
3	56	0.6815	10	0	1	0	2	0	0	0	0	N	N	N	Y	N	N	N	N	N	N	N	N	11.6736	8.3522	14.2652	16.1030	0.0483	0.0532	0.0000	0.0623	0.0672	0.0000	0.0000	0.0000	0.0000	0.0041	0.0064	0.0000	0.0044	0.0042	0.0000	0.0000	0.0000	0.0000	0.0000	0.0000	-0.0000	-0.0000	0.0011	1.7218	0.9873	6.9557	0.0000	0.0000	0.0000	0.0000	0.0000	0.0000	0.0000	0.0000	0.0000	0.0000	0.0000	0.0000	0.0000	0.0000	0.0000	0.0000	0.0000	0.0000	0.0002	0.0002	0.0000	0.0002	0.0001	0.0000	0.0000	0.0000	0.0000	0.0142	0.0084	0.0058	0.0058	0.0053	0.0005	0.0084	0.0031	0.0053	68.7298	44.7418	0.0000	36.2083	35.5130	0.0000	0.0000	0.0000	0.0000	0.0007	0.0012	0.0000	0.0017	0.0019	0.0000	0.0000	0.0000	0.0000					
3	57	0.6926	10	1	0	1	1	0	0	0	0	N	N	N	N	N	N	N	N	N	N	N	N	50822.6046	17961811.9630	inf	inf	5343330.2741	22913423.1316	0.9221	0.0000	9.8587	0.2618	0.0000	4.1495	2.0977	0.0000	14.2004	0.0000	0.0000	0.0000	0.0000	0.0000	0.0000	0.0000	0.0000	0.0000	inf	inf	0.0004	0.0000	0.0011	8.9999	0.9873	5.0001	0.0006	0.0000	0.0006	0.0001	0.0000	0.0001	0.0004	0.0000	0.0004	0.0000	0.0000	0.0000	0.0000	0.0000	0.0000	0.0000	0.0000	0.0000	0.0006	0.0005	0.0001	0.0004	0.0004	0.0000	0.0002	0.0002	0.0000	0.0203	0.0131	0.0073	0.0101	0.0093	0.0008	0.0102	0.0037	0.0065	4688723.7598	0.0000	17961811.9630	inf	0.0000	inf	5343330.2741	0.0000	22913423.1316	0.0000	0.0000	0.0000	0.0000	0.0000	0.0000	0.0000	0.0000	0.0000			
3	58	0.0952	6	1	0	1	1	0	0	0	0	N	N	N	N	N	N	N	N	N	N	N	N	0.0000	0.0000	0.0000	0.0000	0.0000	0.0000	0.0000	0.0000	0.0000	0.0000	0.0000	0.0000	0.0000	0.0000	0.0000	0.0000	0.0000	0.0000	0.0000	0.0000	0.0011	0.0000	0.9873	1.0000	0.0000	0.0000	0.0000	0.0000	0.0000	0.0000	0.0000	0.0000	0.0000	0.0000	0.0000	0.0000	0.0000	0.0000	0.0000	0.0000	0.0000	0.0000	0.0000	0.0000	0.0000	0.0000	0.0000	0.0000	0.0000	0.0000	0.0000	0.0017	0.0006	0.0011	0.0000	0.0000	0.0000	0.0017	0.0006	0.0011	0.0000	0.0000	0.0000	0.0000	0.0000	0.0000	0.0000	0.0000	0.0000	0.0000	0.0000	0.0000	0.0000	0.0000	0.0000	0.0000	0.0000	0.0000											
3	59	0.7181	11	0	0	1	1	0	0	0	0	N	N	N	N	N	N	N	N	N	N	N	N	0.0085	0.1170	0.0000	0.0000	0.0000	0.0000	0.0087	0.0000	0.0832	0.0000	0.0000	0.0000	0.0000	0.0000	0.0000	1.0311	0.0000	0.7111	0.5610	0.0000	2.0542	0.8947	0.0000	0.2323	inf	inf	0.0000	0.0001	0.0011	0.0006	0.9873	1.1867	0.0000	0.0000	0.0000	0.0000	0.0000	0.0000	0.0000	0.0000	0.0000	0.0002	0.0000	0.0002	0.0001	0.0000	0.0001	0.0001	0.0000	0.0001	0.0000	0.0000	0.0000	0.0000	0.0000	0.0000	0.0000	0.0000	0.0000	0.0038	0.0027	0.0011	0.0023	0.0021	0.0002	0.0015	0.0006	0.0009	0.1662	0.0000	0.4483	0.0000	0.0000	0.0000	0.0000	0.0000	0.0000	0.0526	0.0000	0.1855	0.0348	0.0000	0.4346	0.0796	0.0000	0.1342			
3	60	0.6815	10	0	0	0	1	0	0	0	0	N	N	N	N	N	N	N	N	N	N	N	N	0.0000	0.0000	inf	0.0000	0.0000	inf	0.0000	0.0000	0.0000	0.0000	0.0000	0.0001	0.0000	0.0000	0.0000	0.6508	0.9754	0.0000	0.6319	0.6264	0.0000	0.0000	0.0000	0.0000	inf	0.0000	0.0000	-0.0001	0.0011	2.2785	0.9873	4.8627	0.0000	0.0000	0.0000	0.0000	0.0000	0.0000	0.0000	0.0000	0.0000	0.0002	0.0002	0.0000	0.0002	0.0002	0.0000	0.0000	0.0000	0.0000	0.0003	0.0002	0.0000	0.0002	0.0002	0.0000	0.0001	0.0001	0.0000	0.0119	0.0070	0.0049	0.0048	0.0044	0.0004	0.0070	0.0026	0.0044	0.0005	0.0000	inf	0.0003	0.0000	inf	0.0000	0.0000	0.0000	0.0166	0.0281	0.0000	0.0407	0.0448	0.0000	0.0000	0.0000	0.0000			
3	61	0.0977	6	0	0	1	1	0	0	0	0	N	N	N	N	N	N	N	N	N	N	N	N	111.6490	2031.4900	1.5654	1835.2424	2678.2726	0.0000	0.9338	inf	6.6110	0.1404	0.1674	0.0011	0.2432	0.3102	0.0000	0.0005	0.0001	0.0046	0.0013	0.0001	0.0007	0.0001	0.0001	0.0000	0.0005	0.0000	0.0007	0.0012	1667.5667	-0.0000	0.0000	0.0011	1.0901	0.9873	7.9319	0.0000	0.0000	0.0000	0.0000	0.0000	0.0000	0.0000	0.0000	0.0000	0.0000	0.0000	0.0000	0.0000	0.0000	0.0000	0.0000	0.0000	0.0000	0.0002	0.0001	0.0000	0.0001	0.0001	0.0000	0.0001	0.0001	0.0000	0.0254	0.0107	0.0147	0.0035	0.0031	0.0003	0.0219	0.0076	0.0144	356.4757	299038.5321	1.5654	108184.9731	162721.0362	0.0000	1.0396	inf	6.6110	0.0004	0.0000	0.0007	0.0000	0.0000	0.0000	0.0005	0.0000	0.0007
3	62	0.0676	5	0	0	0	1	0	0	0	0	N	N	N	N	N	N	N	N	N	N	N	N	1318.6791	536.5133	71925.9040	20.9539	23.0506	91163.2211	1772.3749	77643.1597	0.1913	0.1717	0.3542	0.0161	0.0164	0.0000	0.3035	0.2881	0.3829	0.0001	0.0003	0.0000	0.0008	0.0007	0.0000	0.0000	0.0002	0.0000	0.2483	0.1198	-0.0000	-0.0000	0.0011	1.6797	0.9873	2.9843	0.0000	0.0000	0.0000	0.0000	0.0000	0.0000	0.0000	0.0000	0.0000	0.0000	0.0000	0.0000	0.0000	0.0000	0.0000	0.0000	0.0000	0.0000	0.0002	0.0001	0.0000	0.0001	0.0001	0.0000	0.0001	0.0001	0.0000	0.0129	0.0052	0.0077	0.0013	0.0012	0.0001	0.0116	0.0040	0.0076	6944.9558	2802.8681	71925.9040	66.0009	62.6675	0.0000	91163.2211	1144528.9602	77643.1597	0.0000	0.0001	0.0000	0.0002	0.0003	0.0000	0.0000	0.0000	0.0000	
3	63	0.0574	4	0	0	0	1	0	0	0	0	N	N	N	N	N	N	N	N	N	N	N	N	1.0161	0.1079	8336.8794	0.2722	0.2949	1335.8778	inf	8625.0732	0.0660	0.0396	0.2441	0.0771	0.0780	0.0000	0.0575	0.0025	0.2543	0.0649	0.3667	0.0000	0.2832	0.2646	0.0000	0.0000	0.0000	0.0000	0.9135	0.0055	0.0000	-0.0000	0.0011	0.4935	0.9873	1.5835	0.0000	0.0000	0.0000	0.0000	0.0000	0.0000	0.0000	0.0000	0.0000	0.0000	0.0000	0.0000	0.0000	0.0000	0.0000	0.0000	0.0000	0.0000	0.0001	0.0001	0.0000	0.0000	0.0000	0.0000	0.0000	0.0000	0.0000	0.0076	0.0031	0.0045	0.0013	0.0013	0.0000	0.0063	0.0018	0.0044	20.9428	5.2019	8336.8794	4.2640	4.1981	0.0000	2760.2990	inf	8625.0732	0.0031	0.0076	0.0000	0.0181	0.0186	0.0000	0.0000	0.0000	0.0000	
3	64	0.0620	4	0	1	0	1	0	0	0	0	N	N	N	N	N	N	N	N	N	N	N	N	25.4254	inf	0.0000	34.0645	inf	0.0000	11.7555	inf	0.0000	0.0026	0.0028	0.0000	0.0055	0.0056	0.0000	0.0001	0.0001	0.0000	0.0001	0.0000	0.0000	0.0002	0.0000	0.0000	0.0000	0.0000	0.0000	0.0000	inf	-0.0000	0.0000	0.0011	0.2944	0.9873	1.0083	0.0000	0.0000	0.0000	0.0000	0.0000	0.0000	0.0000	0.0000	0.0000	0.0000	0.0000	0.0000	0.0000	0.0000	0.0000	0.0000	0.0000	0.0000	0.0000	0.0000	0.0000	0.0000	0.0000	0.0000	0.0000	0.0000	0.0000	0.0035	0.0013	0.0021	0.0003	0.0002	0.0000	0.0032	0.0011	0.0021	280.8117	inf	0.0000	1354.0132	inf	0.0000	11.7555	inf	0.0000	0.0000	0.0000	0.0000	0.0000	0.0000	0.0000	0.0000	0.0000	0.0000
3	65	0.0412	3	0	0	0	1	0	0	0	0	N	N	N	N	N	N	N	N	N	N	N	N	3.7500	1.3417	4.0140	0.4110	0.4174	inf	10.8819	inf	3.6567	0.0369	0.0415	0.0006	0.0894	0.0909	0.0014	0.0016	0.0018	0.0006	0.0098	0.0310	0.0002	0.2176	0.2178	0.0000	0.0001	0.0000	0.0002	0.0019	0.0831	-0.0000	-0.0000	0.0011	1.1351	0.9873	2.0429	0.0000	0.0000	0.0000	0.0000	0.0000	0.0000	0.0000	0.0000	0.0000	0.0000	0.0000	0.0000	0.0000	0.0000	0.0000	0.0000	0.0000	0.0000	0.0001	0.0001	0.0000	0.0000	0.0000	0.0000	0.0001	0.0001	0.0000	0.0090	0.0035	0.0055	0.0007	0.0006	0.0001	0.0083	0.0028	0.0055	30.3716	14.2687	4.0140	6.2084	5.8216	inf	16.0070	inf	3.6567	0.0012	0.0029	0.0002	0.0144	0.0156	0.0000	0.0001	0.0000	0.0002
3	68	0.0952	6	1	1	1	1	0	0	0	0	N	N	N	N	N	N	N	N	N	N	N	N	0.0000	0.0000	0.0000	0.0000	0.0000	0.0000	0.0000	0.0000	0.0000	0.0000	0.0000	0.0000	0.0000	0.0000	0.0000	0.0000	0.0000	0.0000	0.0000	0.0000	0.0011	0.0000	0.9873	0.0000	0.0000	0.0000	0.0000	0.0000	0.0000	0.0000	0.0000	0.0000	0.0000	0.0000	0.0000	0.0000	0.0000	0.0000	0.0000	0.0000	0.0000	0.0000	0.0000	0.0000	0.0000	0.0000	0.0000	0.0000	0.0000	0.0000	0.0000	0.0000	0.0000	0.0000	0.0000	0.0000	0.0000	0.0000	0.0000	0.0000	0.0000	0.0000	0.0000	0.0000	0.0000	0.0000	0.0000	0.0000	0.0000	0.0000	0.0000	0.0000	0.0000	0.0000	0.0000	0.0000	0.0000	0.0000											
3	69	0.7379	12	1	1	1	1	0	0	0	0	N	N	N	N	N	N	N	N	N	N	N	N	0.0000	0.0000	0.0000	0.0000	0.0000	0.0000	0.0000	0.0000	0.0000	0.0000	0.0000	0.0000	0.0000	0.0000	0.0000	0.0000	0.0000	0.0000	0.0000	0.0000	0.0011	1.0000	0.9873	0.0000	0.0000	0.0000	0.0000	0.0000	0.0000	0.0000	0.0000	0.0000	0.0000	0.0000	0.0000	0.0000	0.0000	0.0000	0.0000	0.0000	0.0000	0.0000	0.0001	0.0001	0.0000	0.0001	0.0001	0.0000	0.0000	0.0000	0.0000	0.0010	0.0006	0.0004	0.0006	0.0005	0.0000	0.0005	0.0001	0.0004	0.0000	0.0000	0.0000	0.0000	0.0000	0.0000	0.0000	0.0000	0.0000	0.0000	0.0000	0.0000	0.0000	0.0000	0.0000	0.0000	0.0000	0.0000											
3	70	0.7379	12	1	1	1	1	0	0	0	0	N	N	N	N	N	N	N	N	N	N	N	N	0.0000	0.0000	0.0000	0.0000	0.0000	0.0000	0.0000	0.0000	0.0000	0.0000	0.0000	0.0000	0.0000	0.0000	0.0000	0.0000	0.0000	0.0000	0.0000	0.0000	0.0011	0.0000	0.9873	0.0000	0.0000	0.0000	0.0000	0.0000	0.0000	0.0000	0.0000	0.0000	0.0000	0.0000	0.0000	0.0000	0.0000	0.0000	0.0000	0.0000	0.0000	0.0000	0.0000	0.0000	0.0000	0.0000	0.0000	0.0000	0.0000	0.0000	0.0000	0.0000	0.0000	0.0000	0.0000	0.0000	0.0000	0.0000	0.0000	0.0000	0.0000	0.0000	0.0000	0.0000	0.0000	0.0000	0.0000	0.0000	0.0000	0.0000	0.0000	0.0000	0.0000	0.0000	0.0000	0.0000	0.0000	0.0000											
3	71	0.7155	11	1	1	1	1	0	0	0	0	N	N	N	N	N	N	N	N	N	N	N	N	0.0000	0.0000	0.0000	0.0000	0.0000	0.0000	0.0000	0.0000	0.0000	0.0000	0.0000	0.0000	0.0000	0.0000	0.0000	0.0000	0.0000	0.0000	0.0000	0.0000	0.0011	2.0000	0.9873	1.0000	0.0000	0.0000	0.0000	0.0000	0.0000	0.0000	0.0000	0.0000	0.0000	0.0000	0.0000	0.0000	0.0000	0.0000	0.0000	0.0000	0.0000	0.0000	0.0002	0.0002	0.0000	0.0002	0.0002	0.0000	0.0001	0.0000	0.0000	0.0030	0.0018	0.0012	0.0017	0.0016	0.0001	0.0014	0.0003	0.0011	0.0000	0.0000	0.0000	0.0000	0.0000	0.0000	0.0000	0.0000	0.0000	0.0000	0.0000	0.0000	0.0000	0.0000	0.0000	0.0000	0.0000	0.0000											
3	72	0.6926	10	1	0	1	1	0	0	0	0	N	N	N	N	N	N	N	N	N	N	N	N	inf	inf	inf	inf	inf	inf	0.0050	0.0055	0.0000	0.0066	0.0070	0.0000	0.0018	0.0021	0.0000	0.0000	0.0000	0.0000	0.0000	0.0000	0.0000	0.0000	0.0000	0.0000	0.0000	-0.0000	0.0000	0.0011	1.0017	0.9873	2.0007	0.0000	0.0000	0.0000	0.0000	0.0000	0.0000	0.0000	0.0000	0.0000	0.0000	0.0000	0.0000	0.0000	0.0000	0.0000	0.0000	0.0000	0.0000	0.0001	0.0001	0.0000	0.0001	0.0000	0.0000	0.0000	0.0000	0.0000	0.0048	0.0031	0.0018	0.0024	0.0022	0.0002	0.0025	0.0009	0.0016	inf	inf	0.0000	inf	inf	0.0000	inf	inf	0.0000	0.0000	0.0000	0.0000	0.0000	0.0000	0.0000	0.0000	0.0000	0.0000				
3	73	0.1144	7	1	1	0	1	0	0	0	0	N	N	N	N	N	N	N	N	N	N	N	N	0.0000	0.0000	0.0000	0.0000	0.0000	0.0000	0.0000	0.0000	0.0000	0.0000	0.0000	0.0000	0.0000	0.0000	0.0000	0.0000	0.0000	0.0000	0.0000	0.0000	0.0011	0.0000	0.9873	0.0000	0.0000	0.0000	0.0000	0.0000	0.0000	0.0000	0.0000	0.0000	0.0000	0.0000	0.0000	0.0000	0.0000	0.0000	0.0000	0.0000	0.0000	0.0000	0.0000	0.0000	0.0000	0.0000	0.0000	0.0000	0.0000	0.0000	0.0000	0.0000	0.0000	0.0000	0.0000	0.0000	0.0000	0.0000	0.0000	0.0000	0.0000	0.0000	0.0000	0.0000	0.0000	0.0000	0.0000	0.0000	0.0000	0.0000	0.0000	0.0000	0.0000	0.0000	0.0000	0.0000	0.0000	0.0000											
3	74	0.7196	11	1	1	0	1	0	0	0	0	N	N	N	N	N	N	N	N	N	N	N	N	0.0000	0.0000	0.0000	0.0000	0.0000	0.0000	0.0000	0.0000	0.0000	0.0000	0.0000	0.0000	0.0000	0.0000	0.0000	0.0000	0.0000	0.0000	0.0000	0.0000	0.0011	0.0000	0.9873	0.0010	0.0000	0.0000	0.0000	0.0000	0.0000	0.0000	0.0000	0.0000	0.0000	0.0000	0.0000	0.0000	0.0000	0.0000	0.0000	0.0000	0.0000	0.0000	0.0000	0.0000	0.0000	0.0000	0.0000	0.0000	0.0000	0.0000	0.0000	0.0008	0.0006	0.0002	0.0004	0.0004	0.0000	0.0004	0.0002	0.0002	0.0000	0.0000	0.0000	0.0000	0.0000	0.0000	0.0000	0.0000	0.0000	0.0000	0.0000	0.0000	0.0000	0.0000	0.0000	0.0000	0.0000	0.0000											
3	75	0.7087	13	0	1	0	2	0	0	0	0	N	N	N	Y	N	N	N	N	N	N	N	N	0.0000	0.0000	0.0000	0.0000	0.0000	0.0000	0.0000	0.0000	0.0000	0.0000	0.0000	0.0000	0.0000	0.0000	0.0000	0.0000	0.0000	0.0000	0.0000	0.0000	0.0011	0.0000	0.9873	0.0000	0.0000	0.0000	0.0000	0.0000	0.0000	0.0000	0.0000	0.0000	0.0000	0.0000	0.0000	0.0000	0.0000	0.0000	0.0000	0.0000	0.0000	0.0000	0.0000	0.0000	0.0000	0.0000	0.0000	0.0000	0.0000	0.0000	0.0000	0.0000	0.0000	0.0000	0.0000	0.0000	0.0000	0.0000	0.0000	0.0000	0.0000	0.0000	0.0000	0.0000	0.0000	0.0000	0.0000	0.0000	0.0000	0.0000	0.0000	0.0000	0.0000	0.0000	0.0000	0.0000	0.0000	0.0000											
3	76	0.7087	13	0	0	0	2	0	0	0	0	N	N	N	Y	N	N	N	N	N	N	N	N	0.0000	0.0000	0.0000	0.0000	0.0000	0.0000	0.0000	0.0000	0.0000	0.0000	0.0000	0.0000	0.0000	0.0000	0.0000	0.0000	0.0000	0.0000	0.0000	0.0000	0.0011	0.0000	0.9873	0.0000	0.0000	0.0000	0.0000	0.0000	0.0000	0.0000	0.0000	0.0000	0.0000	0.0000	0.0000	0.0000	0.0000	0.0000	0.0000	0.0000	0.0000	0.0000	0.0000	0.0000	0.0000	0.0000	0.0000	0.0000	0.0000	0.0000	0.0000	0.0000	0.0000	0.0000	0.0000	0.0000	0.0000	0.0000	0.0000	0.0000	0.0000	0.0000	0.0000	0.0000	0.0000	0.0000	0.0000	0.0000	0.0000	0.0000	0.0000	0.0000	0.0000	0.0000	0.0000	0.0000	0.0000	0.0000											
3	77	0.6934	12	0	0	0	2	0	0	0	0	N	N	N	Y	N	N	N	N	N	N	N	N	0.0000	0.0000	0.0000	0.0000	0.0000	0.0000	0.0000	0.0000	0.0000	0.0000	0.0000	0.0000	0.0000	0.0000	0.0000	0.1890	0.0000	0.0396	0.0142	0.0000	0.0487	0.0599	0.0000	0.0097	inf	0.0000	0.0000	0.0011	0.0002	0.9873	2.9297	0.0000	0.0000	0.0000	0.0000	0.0000	0.0000	0.0000	0.0000	0.0000	0.0001	0.0000	0.0001	0.0000	0.0000	0.0000	0.0000	0.0000	0.0000	0.0000	0.0000	0.0000	0.0000	0.0000	0.0000	0.0000	0.0000	0.0000	0.0121	0.0076	0.0045	0.0078	0.0063	0.0015	0.0043	0.0013	0.0031	0.0000	0.0000	0.0000	0.0000	0.0000	0.0000	0.0000	0.0000	0.0000	0.0049	0.0000	0.0130	0.0038	0.0000	0.0198	0.0068	0.0000	0.0097				
3	78	0.6893	11	0	0	0	2	0	0	0	0	N	N	N	Y	N	N	N	N	N	N	N	N	0.0000	0.0000	0.0000	0.0000	0.0000	0.0000	0.0000	0.0000	0.0000	0.0000	0.0000	0.0000	0.0000	0.5130	0.8267	0.0000	0.4402	0.4399	0.0000	0.0000	0.0000	0.0000	0.0000	-0.0000	-0.0000	0.0011	0.0003	0.9873	2.1916	0.0000	0.0000	0.0000	0.0000	0.0000	0.0000	0.0000	0.0000	0.0000	0.0001	0.0001	0.0000	0.0001	0.0001	0.0000	0.0000	0.0000	0.0000	0.0000	0.0000	0.0000	0.0000	0.0000	0.0000	0.0000	0.0000	0.0000	0.0051	0.0030	0.0022	0.0022	0.0021	0.0001	0.0029	0.0009	0.0021	0.0000	0.0000	0.0000	0.0000	0.0000	0.0000	0.0000	0.0000	0.0000	0.0115	0.0200	0.0000	0.0269	0.0287	0.0000	0.0000	0.0000	0.0000						
3	79	0.6815	10	0	0	0	1	0	0	0	0	N	N	N	N	N	N	N	N	N	N	N	N	inf	inf	inf	inf	0.0000	0.0000	0.0003	0.0000	0.0000	0.0004	0.0000	0.0000	0.0000	0.0000	0.0000	0.0000	0.0000	0.0000	0.0000	0.0000	0.0000	0.0000	inf	0.0000	0.0000	0.0011	0.2782	0.9873	1.3600	0.0000	0.0000	0.0000	0.0000	0.0000	0.0000	0.0000	0.0000	0.0000	0.0000	0.0000	0.0000	0.0000	0.0000	0.0000	0.0000	0.0000	0.0000	0.0000	0.0000	0.0000	0.0000	0.0000	0.0000	0.0000	0.0000	0.0000	0.0029	0.0017	0.0012	0.0012	0.0011	0.0001	0.0017	0.0006	0.0011	inf	0.0000	inf	inf	0.0000	inf	0.0000	0.0000	0.0000	0.0000	0.0000	0.0000	0.0000	0.0000	0.0000	0.0000	0.0000	0.0000						
3	80	0.7251	12	0	1	1	1	0	0	0	0	N	N	N	N	N	N	N	N	N	N	N	N	inf	inf	inf	inf	0.1314	0.1577	0.0000	0.1959	0.2457	0.0000	0.0000	0.0000	0.0000	0.0000	0.0000	0.0000	0.0000	0.0000	0.0000	0.0000	0.0000	0.0000	0.0000	-0.0000	-0.0000	0.0011	0.0029	0.9873	2.0135	0.0000	0.0000	0.0000	0.0000	0.0000	0.0000	0.0000	0.0000	0.0000	0.0000	0.0000	0.0000	0.0000	0.0000	0.0000	0.0000	0.0000	0.0000	0.0000	0.0000	0.0000	0.0000	0.0000	0.0000	0.0000	0.0000	0.0000	0.0033	0.0021	0.0012	0.0017	0.0016	0.0001	0.0016	0.0006	0.0010	inf	inf	0.0000	inf	inf	0.0000	0.0000	0.0000	0.0000	0.0000	0.0000	0.0000	0.0000	0.0000	0.0000	0.0000	0.0000	0.0000						
3	81	0.7185	11	0	1	0	1	0	0	0	0	N	N	N	N	N	N	N	N	N	N	N	N	0.0007	0.0005	0.0000	0.0014	0.0015	57.9559	inf	0.0000	0.0003	0.0003	0.0000	0.0004	0.0004	0.0000	0.0001	0.0001	0.0000	0.4362	0.6934	0.0000	0.2983	0.2957	0.0000	0.0000	0.0000	0.0000	0.0000	0.0001	-0.0000	-0.0000	0.0011	0.6188	0.9873	0.9475	0.0000	0.0000	0.0000	0.0000	0.0000	0.0000	0.0000	0.0000	0.0000	0.0000	0.0000	0.0000	0.0000	0.0000	0.0000	0.0000	0.0000	0.0000	0.0001	0.0001	0.0000	0.0000	0.0000	0.0000	0.0000	0.0000	0.0000	0.0031	0.0019	0.0011	0.0016	0.0015	0.0001	0.0015	0.0004	0.0010	0.0305	0.0213	0.0000	0.0223	0.0220	0.0000	57.9559	inf	0.0000	0.0096	0.0152	0.0000	0.0185	0.0198	0.0000	0.0000	0.0000	0.0000	
3	82	0.1176	7	0	1	1	1	0	0	0	0	N	N	N	N	N	N	N	N	N	N	N	N	0.0000	0.0000	0.0000	0.0000	0.0000	0.0000	0.0000	0.0000	0.0000	0.0000	0.0000	0.0000	0.0000	0.0000	0.0000	0.0000	0.0000	0.0000	0.0000	0.0000	0.0011	0.0000	0.9873	1.0000	0.0000	0.0000	0.0000	0.0000	0.0000	0.0000	0.0000	0.0000	0.0000	0.0000	0.0000	0.0000	0.0000	0.0000	0.0000	0.0000	0.0000	0.0000	0.0000	0.0000	0.0000	0.0000	0.0000	0.0000	0.0000	0.0000	0.0000	0.0026	0.0011	0.0015	0.0002	0.0002	0.0000	0.0024	0.0009	0.0015	0.0000	0.0000	0.0000	0.0000	0.0000	0.0000	0.0000	0.0000	0.0000	0.0000	0.0000	0.0000	0.0000	0.0000	0.0000	0.0000	0.0000	0.0000											
3	83	0.6926	10	1	0	1	1	0	0	0	0	N	N	N	N	N	N	N	N	N	N	N	N	38062.2853	inf	0.0000	inf	inf	4675239.8976	inf	0.0000	0.9221	1.0173	0.0000	0.2618	0.2795	0.0000	2.0977	2.4613	0.0000	0.0000	0.0000	0.0000	0.0000	0.0000	0.0000	0.0000	0.0000	0.0000	0.0000	inf	-0.0001	0.0000	0.0011	9.0001	0.9873	3.0001	0.0006	0.0006	0.0000	0.0001	0.0001	0.0000	0.0004	0.0004	0.0000	0.0000	0.0000	0.0000	0.0000	0.0000	0.0000	0.0000	0.0000	0.0000	0.0006	0.0005	0.0001	0.0004	0.0004	0.0000	0.0002	0.0002	0.0000	0.0178	0.0114	0.0064	0.0088	0.0081	0.0007	0.0089	0.0033	0.0057	3808738.9666	inf	0.0000	inf	inf	0.0000	4675239.8976	inf	0.0000	0.0000	0.0000	0.0000	0.0000	0.0000	0.0000	0.0000	0.0000	0.0000	
3	84	0.0952	6	1	0	1	1	0	0	0	0	N	N	N	N	N	N	N	N	N	N	N	N	0.0000	0.0000	0.0000	0.0000	0.0000	0.0000	0.0000	0.0000	0.0000	0.0000	0.0000	0.0000	0.0000	0.0000	0.0000	0.0000	0.0000	0.0000	0.0000	0.0000	0.0011	4.0000	0.9873	0.0000	0.0000	0.0000	0.0000	0.0000	0.0000	0.0000	0.0000	0.0000	0.0000	0.0000	0.0000	0.0000	0.0000	0.0000	0.0000	0.0000	0.0000	0.0000	0.0002	0.0002	0.0000	0.0001	0.0001	0.0000	0.0001	0.0001	0.0000	0.0063	0.0022	0.0041	0.0000	0.0000	0.0000	0.0063	0.0022	0.0041	0.0000	0.0000	0.0000	0.0000	0.0000	0.0000	0.0000	0.0000	0.0000	0.0000	0.0000	0.0000	0.0000	0.0000	0.0000	0.0000	0.0000	0.0000											
3	85	0.1413	7	1	1	0	1	0	0	0	0	N	N	N	N	N	N	N	N	N	N	N	N	0.1229	0.0268	0.0000	0.0635	0.0751	0.0000	0.0000	0.0044	0.0050	0.0000	0.0106	0.0109	0.0000	0.0000	0.0000	0.0000	0.0359	0.1845	0.0000	0.1664	0.1459	0.0000	0.0000	0.0000	0.0000	0.0000	0.0014	-0.0000	-0.0000	0.0011	1.0086	0.9873	1.7435	0.0000	0.0000	0.0000	0.0000	0.0000	0.0000	0.0000	0.0000	0.0000	0.0000	0.0000	0.0000	0.0000	0.0000	0.0000	0.0000	0.0000	0.0000	0.0001	0.0001	0.0000	0.0000	0.0000	0.0000	0.0000	0.0000	0.0000	0.0078	0.0035	0.0043	0.0016	0.0015	0.0001	0.0062	0.0020	0.0042	1.7446	0.8825	0.0000	0.8361	0.8207	0.0000	0.0000	0.0000	0.0000	0.0025	0.0056	0.0000	0.0126	0.0133	0.0000	0.0000	0.0000	0.0000		
3	86	0.0952	6	1	1	0	1	0	0	0	0	N	N	N	N	N	N	N	N	N	N	N	N	0.0000	0.0000	0.0000	0.0000	0.0000	0.0000	0.0000	0.0000	0.0000	0.0000	0.0000	0.0000	0.0000	0.0001	0.0002	0.0000	0.0018	0.0014	0.0000	0.0000	0.0000	0.0000	0.0000	0.0000	-0.0000	0.0011	1.0165	0.9873	4.1395	0.0000	0.0000	0.0000	0.0000	0.0000	0.0000	0.0000	0.0000	0.0000	0.0000	0.0000	0.0000	0.0000	0.0000	0.0000	0.0000	0.0000	0.0000	0.0001	0.0001	0.0000	0.0000	0.0000	0.0000	0.0000	0.0000	0.0000	0.0080	0.0028	0.0052	0.0000	0.0000	0.0000	0.0080	0.0028	0.0052	0.0000	0.0000	0.0000	0.0000	0.0000	0.0000	0.0000	0.0000	0.0000	0.0000	0.0000	0.0000	0.0007	0.0007	0.0000	0.0000	0.0000	0.0000						
3	87	0.6513	9	1	1	0	1	0	0	0	0	N	N	N	N	N	N	N	N	N	N	N	N	inf	inf	inf	inf	0.3386	0.3739	0.0000	0.4677	0.5044	0.0000	0.0000	0.0000	0.0000	0.0000	0.0000	0.0000	0.0000	0.0000	0.0000	0.0000	0.0000	0.0000	0.0000	-0.0001	0.0000	0.0011	9.0005	0.9873	5.0000	0.0003	0.0003	0.0000	0.0003	0.0003	0.0000	0.0000	0.0000	0.0000	0.0000	0.0000	0.0000	0.0000	0.0000	0.0000	0.0000	0.0000	0.0000	0.0008	0.0007	0.0001	0.0006	0.0005	0.0000	0.0002	0.0002	0.0000	0.0214	0.0129	0.0085	0.0090	0.0082	0.0008	0.0124	0.0047	0.0077	inf	inf	0.0000	inf	inf	0.0000	0.0000	0.0000	0.0000	0.0000	0.0000	0.0000	0.0000	0.0000	0.0000	0.0000	0.0000	0.0000						
3	88	0.1176	7	0	1	0	1	0	0	0	0	N	N	N	N	N	N	N	N	N	N	N	N	0.0000	0.0000	0.0000	0.0000	0.0000	0.0000	0.0000	0.0000	0.0000	0.0000	0.0000	0.0000	0.0000	0.0000	0.0000	0.0000	0.0000	0.0000	0.0000	0.0000	0.0011	0.0000	0.9873	0.0000	0.0000	0.0000	0.0000	0.0000	0.0000	0.0000	0.0000	0.0000	0.0000	0.0000	0.0000	0.0000	0.0000	0.0000	0.0000	0.0000	0.0000	0.0000	0.0000	0.0000	0.0000	0.0000	0.0000	0.0000	0.0000	0.0000	0.0000	0.0000	0.0000	0.0000	0.0000	0.0000	0.0000	0.0000	0.0000	0.0000	0.0000	0.0000	0.0000	0.0000	0.0000	0.0000	0.0000	0.0000	0.0000	0.0000	0.0000	0.0000	0.0000	0.0000	0.0000	0.0000	0.0000	0.0000											
3	89	0.7185	11	0	1	0	1	0	0	0	0	N	N	N	N	N	N	N	N	N	N	N	N	0.0000	0.0000	0.0000	0.0000	0.0000	0.0000	0.0000	0.0000	0.0000	0.0000	0.0000	0.0000	0.0000	0.0000	0.0000	0.0000	0.0000	0.0000	0.0000	0.0000	0.0000	0.0000	inf	0.0000	0.0000	0.0011	1.9953	0.9873	1.0817	0.0000	0.0000	0.0000	0.0000	0.0000	0.0000	0.0000	0.0000	0.0000	0.0000	0.0000	0.0000	0.0000	0.0000	0.0000	0.0000	0.0000	0.0000	0.0001	0.0001	0.0000	0.0001	0.0001	0.0000	0.0001	0.0000	0.0000	0.0054	0.0035	0.0020	0.0028	0.0026	0.0002	0.0026	0.0009	0.0017	0.0000	0.0000	0.0000	0.0000	0.0000	0.0000	0.0000	0.0000	0.0000	0.0000	0.0000	0.0000	0.0000	0.0000	0.0000	0.0000	0.0000	0.0000						
3	90	0.6926	10	0	1	0	1	0	0	0	0	N	N	N	N	N	N	N	N	N	N	N	N	1.4752	0.5607	158.8380	0.1692	0.1292	146.3524	inf	209.8416	0.0001	0.0001	0.0003	0.0000	0.0000	0.0000	0.0002	0.0002	0.0005	0.0001	0.0001	0.0000	0.0001	0.0001	0.0000	0.0000	0.0000	0.0000	0.5000	0.4788	0.0000	-0.0000	0.0011	2.3999	0.9873	4.0713	0.0000	0.0000	0.0000	0.0000	0.0000	0.0000	0.0000	0.0000	0.0000	0.0000	0.0000	0.0000	0.0000	0.0000	0.0000	0.0000	0.0000	0.0000	0.0002	0.0002	0.0000	0.0001	0.0001	0.0000	0.0001	0.0001	0.0000	0.0101	0.0064	0.0037	0.0050	0.0046	0.0004	0.0051	0.0018	0.0032	38.6884	26.7781	158.8380	7.7730	5.0956	0.0000	146.3524	inf	209.8416	0.0000	0.0000	0.0000	0.0000	0.0000	0.0000	0.0000	0.0000	0.0000	
3	91	0.7136	11	0	0	1	1	0	0	0	0	N	N	N	N	N	N	N	N	N	N	N	N	0.0000	0.0000	0.0000	0.0000	0.0000	0.0000	0.0000	0.0000	0.0000	0.0000	0.0000	0.0000	0.0000	0.0000	0.0000	0.0000	0.0000	0.0000	0.0000	0.0000	0.0011	0.0000	0.9873	0.0000	0.0000	0.0000	0.0000	0.0000	0.0000	0.0000	0.0000	0.0000	0.0000	0.0000	0.0000	0.0000	0.0000	0.0000	0.0000	0.0000	0.0000	0.0000	0.0000	0.0000	0.0000	0.0000	0.0000	0.0000	0.0000	0.0000	0.0000	0.0000	0.0000	0.0000	0.0000	0.0000	0.0000	0.0000	0.0000	0.0000	0.0000	0.0000	0.0000	0.0000	0.0000	0.0000	0.0000	0.0000	0.0000	0.0000	0.0000	0.0000	0.0000	0.0000	0.0000	0.0000	0.0000	0.0000											
3	92	0.6815	10	0	0	1	1	0	0	0	0	N	N	N	N	N	N	N	N	N	N	N	N	108.5513	86.9813	inf	137.7606	168.7903	inf	0.6683	0.7360	0.0000	0.8811	0.9503	0.0000	0.0000	0.0000	0.0000	0.0062	0.0085	0.0000	0.0064	0.0056	0.0000	0.0000	0.0000	0.0000	0.0000	0.0000	-0.0001	-0.0000	0.0011	3.7221	0.9873	2.9993	0.0003	0.0003	0.0000	0.0003	0.0003	0.0000	0.0000	0.0000	0.0000	0.0000	0.0000	0.0000	0.0000	0.0000	0.0000	0.0000	0.0000	0.0000	0.0004	0.0004	0.0000	0.0003	0.0003	0.0000	0.0001	0.0001	0.0000	0.0112	0.0066	0.0046	0.0046	0.0042	0.0004	0.0067	0.0025	0.0042	750.6051	488.2363	inf	402.8578	395.2082	inf	0.0000	0.0000	0.0000	0.0009	0.0015	0.0000	0.0022	0.0024	0.0000	0.0000	0.0000	0.0000			
3	93	0.6513	9	0	0	0	1	0	0	0	0	N	N	N	N	N	N	N	N	N	N	N	N	inf	inf	inf	inf	0.0000	0.0000	0.0000	0.0000	0.0000	0.0000	0.0000	0.0000	0.0000	0.0000	0.0000	0.0000	0.0000	0.0000	0.0000	0.0000	0.0000	0.0000	0.0000	-0.0000	0.0000	0.0011	2.7217	0.9873	3.0458	0.0000	0.0000	0.0000	0.0000	0.0000	0.0000	0.0000	0.0000	0.0000	0.0000	0.0000	0.0000	0.0000	0.0000	0.0000	0.0000	0.0000	0.0000	0.0003	0.0003	0.0000	0.0002	0.0002	0.0000	0.0001	0.0001	0.0000	0.0096	0.0057	0.0039	0.0040	0.0036	0.0004	0.0056	0.0021	0.0035	inf	inf	0.0000	inf	inf	0.0000	0.0000	0.0000	0.0000	0.0000	0.0000	0.0000	0.0000	0.0000	0.0000	0.0000	0.0000	0.0000						
3	94	0.7088	11	1	1	0	1	0	0	0	0	N	N	N	N	N	N	N	N	N	N	N	N	0.0000	0.0000	0.0000	0.0000	0.0000	0.0000	0.0000	0.0000	0.0000	0.0000	0.0000	0.0000	0.0000	0.0000	0.0000	0.0000	0.0000	0.0000	0.0000	-0.0000	0.0011	5.9980	0.9873	4.9575	0.0000	0.0000	0.0000	0.0000	0.0000	0.0000	0.0000	0.0000	0.0000	0.0000	0.0000	0.0000	0.0000	0.0000	0.0000	0.0000	0.0000	0.0000	0.0004	0.0004	0.0000	0.0003	0.0003	0.0000	0.0001	0.0001	0.0000	0.0153	0.0102	0.0051	0.0079	0.0072	0.0006	0.0074	0.0030	0.0044	0.0000	0.0000	0.0000	0.0000	0.0000	0.0000	0.0000	0.0000	0.0000	0.0000	0.0000	0.0000	0.0000	0.0000	0.0000	0.0000	0.0000	0.0000											
3	95	0.1176	7	1	1	0	1	0	0	0	0	N	N	N	N	N	N	N	N	N	N	N	N	0.0000	0.0000	0.0000	0.0000	0.0000	0.0000	0.0000	0.0000	0.0000	0.0000	0.0000	0.0000	0.0000	0.0000	0.0000	0.0000	0.0000	0.0000	0.0000	0.0000	0.0011	0.0000	0.9873	2.0000	0.0000	0.0000	0.0000	0.0000	0.0000	0.0000	0.0000	0.0000	0.0000	0.0000	0.0000	0.0000	0.0000	0.0000	0.0000	0.0000	0.0000	0.0000	0.0000	0.0000	0.0000	0.0000	0.0000	0.0000	0.0000	0.0000	0.0000	0.0051	0.0021	0.0030	0.0004	0.0004	0.0000	0.0047	0.0017	0.0030	0.0000	0.0000	0.0000	0.0000	0.0000	0.0000	0.0000	0.0000	0.0000	0.0000	0.0000	0.0000	0.0000	0.0000	0.0000	0.0000	0.0000	0.0000											
3	96	0.0952	6	0	1	0	1	0	0	0	0	N	N	N	N	N	N	N	N	N	N	N	N	0.0000	0.0000	0.0000	0.0000	0.0000	0.0000	0.0000	0.0000	0.0000	0.0000	0.0000	0.0000	0.0000	0.0000	0.0000	0.0000	0.0000	0.0000	0.0000	0.0000	0.0011	4.0000	0.9873	0.0000	0.0000	0.0000	0.0000	0.0000	0.0000	0.0000	0.0000	0.0000	0.0000	0.0000	0.0000	0.0000	0.0000	0.0000	0.0000	0.0000	0.0000	0.0000	0.0002	0.0002	0.0000	0.0001	0.0001	0.0000	0.0001	0.0001	0.0000	0.0063	0.0022	0.0041	0.0000	0.0000	0.0000	0.0063	0.0022	0.0041	0.0000	0.0000	0.0000	0.0000	0.0000	0.0000	0.0000	0.0000	0.0000	0.0000	0.0000	0.0000	0.0000	0.0000	0.0000	0.0000	0.0000	0.0000											
3	97	0.6513	9	0	0	0	1	0	0	0	0	N	N	N	N	N	N	N	N	N	N	N	N	0.0000	0.0000	0.0000	0.0000	0.0000	0.0000	0.0000	0.0000	0.0000	0.0000	0.0000	0.0000	0.0000	75.8970	126.8343	0.0000	182.4816	200.4929	0.0000	0.0000	0.0000	0.0000	0.0000	0.0000	-0.5146	0.0011	3.9994	0.9873	4.0000	0.0000	0.0000	0.0000	0.0000	0.0000	0.0000	0.0000	0.0000	0.0000	0.9861	0.9861	0.0000	0.9861	0.9861	0.0000	0.0000	0.0000	0.0000	0.0004	0.0004	0.0000	0.0003	0.0003	0.0000	0.0001	0.0001	0.0000	0.0130	0.0078	0.0052	0.0054	0.0049	0.0005	0.0076	0.0029	0.0047	0.0000	0.0000	0.0000	0.0000	0.0000	0.0000	0.0000	0.0000	0.0000	75.8970	126.8343	0.0000	182.4816	200.4929	0.0000	0.0000	0.0000	0.0000						
3	98	0.0952	6	0	0	0	1	0	0	0	0	N	N	N	N	N	N	N	N	N	N	N	N	0.0000	0.0000	0.0000	0.0000	0.0000	0.0000	0.0000	0.0000	0.0000	0.0000	0.0000	0.0000	0.0000	0.0000	0.0000	0.0000	0.0000	0.0000	0.0000	0.0000	0.0011	1.0000	0.9873	0.0000	0.0000	0.0000	0.0000	0.0000	0.0000	0.0000	0.0000	0.0000	0.0000	0.0000	0.0000	0.0000	0.0000	0.0000	0.0000	0.0000	0.0000	0.0000	0.0001	0.0001	0.0000	0.0000	0.0000	0.0000	0.0001	0.0001	0.0000	0.0030	0.0011	0.0020	0.0000	0.0000	0.0000	0.0030	0.0011	0.0020	0.0000	0.0000	0.0000	0.0000	0.0000	0.0000	0.0000	0.0000	0.0000	0.0000	0.0000	0.0000	0.0000	0.0000	0.0000	0.0000	0.0000	0.0000											
3	99	0.5403	8	0	0	0	1	0	0	0	0	N	N	N	N	N	N	N	N	N	N	N	N	0.0178	0.0134	0.0000	0.0152	0.0157	0.0000	54.7496	inf	0.0000	0.0203	0.0225	0.0000	0.0272	0.0294	0.0000	0.0001	0.0001	0.0000	1.1425	1.6793	0.0000	1.7852	1.8765	0.0000	0.0000	0.0000	0.0000	0.0000	0.0000	-0.0000	-0.0008	0.0011	1.5982	0.9873	11.1970	0.0000	0.0000	0.0000	0.0000	0.0000	0.0000	0.0000	0.0000	0.0000	0.0016	0.0016	0.0000	0.0016	0.0016	0.0000	0.0000	0.0000	0.0000	0.0002	0.0002	0.0000	0.0002	0.0002	0.0000	0.0001	0.0000	0.0000	0.0238	0.0134	0.0103	0.0105	0.0095	0.0010	0.0133	0.0039	0.0094	0.3057	0.1918	0.0000	0.1803	0.1769	0.0000	54.7496	inf	0.0000	0.0664	0.1175	0.0000	0.1507	0.1663	0.0000	0.0000	0.0000	0.0000
3	100	0.7103	12	1	1	1	1	0	0	0	0	N	N	N	N	N	N	N	N	N	N	N	N	0.0000	0.0000	0.0000	0.0000	0.0000	0.0000	0.0000	0.0000	0.0000	0.0000	0.0000	0.0000	0.0000	0.0000	0.0000	0.0000	0.0000	0.0000	0.0000	0.0000	0.0011	0.0000	0.9873	0.9982	0.0000	0.0000	0.0000	0.0000	0.0000	0.0000	0.0000	0.0000	0.0000	0.0000	0.0000	0.0000	0.0000	0.0000	0.0000	0.0000	0.0000	0.0000	0.0000	0.0000	0.0000	0.0000	0.0000	0.0000	0.0000	0.0000	0.0000	0.0015	0.0010	0.0005	0.0008	0.0007	0.0001	0.0008	0.0003	0.0005	0.0000	0.0000	0.0000	0.0000	0.0000	0.0000	0.0000	0.0000	0.0000	0.0000	0.0000	0.0000	0.0000	0.0000	0.0000	0.0000	0.0000	0.0000											
3	101	0.1299	9	1	1	1	1	0	0	0	0	N	N	N	N	N	N	N	N	N	N	N	N	0.0000	0.0000	0.0000	0.0000	0.0000	0.0000	0.0000	0.0000	0.0000	0.0000	0.0000	0.0000	0.0000	0.0000	0.0000	0.0000	0.0000	0.0000	0.0000	0.0000	0.0011	0.0000	0.9873	0.0000	0.0000	0.0000	0.0000	0.0000	0.0000	0.0000	0.0000	0.0000	0.0000	0.0000	0.0000	0.0000	0.0000	0.0000	0.0000	0.0000	0.0000	0.0000	0.0000	0.0000	0.0000	0.0000	0.0000	0.0000	0.0000	0.0000	0.0000	0.0000	0.0000	0.0000	0.0000	0.0000	0.0000	0.0000	0.0000	0.0000	0.0000	0.0000	0.0000	0.0000	0.0000	0.0000	0.0000	0.0000	0.0000	0.0000	0.0000	0.0000	0.0000	0.0000	0.0000	0.0000	0.0000	0.0000											
3	102	0.1299	8	1	0	1	1	0	0	0	0	N	N	N	N	N	N	N	N	N	N	N	N	0.0000	0.0000	0.0000	0.0000	0.0000	0.0000	0.0000	0.0000	0.0000	0.0000	0.0000	0.0000	0.0000	0.0000	0.0000	0.0000	0.0000	0.0000	0.0000	0.0000	0.0011	0.0000	0.9873	0.0000	0.0000	0.0000	0.0000	0.0000	0.0000	0.0000	0.0000	0.0000	0.0000	0.0000	0.0000	0.0000	0.0000	0.0000	0.0000	0.0000	0.0000	0.0000	0.0000	0.0000	0.0000	0.0000	0.0000	0.0000	0.0000	0.0000	0.0000	0.0000	0.0000	0.0000	0.0000	0.0000	0.0000	0.0000	0.0000	0.0000	0.0000	0.0000	0.0000	0.0000	0.0000	0.0000	0.0000	0.0000	0.0000	0.0000	0.0000	0.0000	0.0000	0.0000	0.0000	0.0000	0.0000	0.0000											
3	103	0.1238	7	1	0	1	1	0	0	0	0	N	N	N	N	N	N	N	N	N	N	N	N	0.0000	0.0000	0.0000	0.0000	0.0000	0.0000	0.0000	0.0000	0.0000	0.0000	0.0000	0.0000	0.0000	0.0000	0.0000	0.0000	0.0000	0.0000	0.0000	0.0000	0.0011	0.0000	0.9873	1.0091	0.0000	0.0000	0.0000	0.0000	0.0000	0.0000	0.0000	0.0000	0.0000	0.0000	0.0000	0.0000	0.0000	0.0000	0.0000	0.0000	0.0000	0.0000	0.0000	0.0000	0.0000	0.0000	0.0000	0.0000	0.0000	0.0000	0.0000	0.0026	0.0011	0.0016	0.0002	0.0002	0.0000	0.0024	0.0009	0.0015	0.0000	0.0000	0.0000	0.0000	0.0000	0.0000	0.0000	0.0000	0.0000	0.0000	0.0000	0.0000	0.0000	0.0000	0.0000	0.0000	0.0000	0.0000											
3	104	0.6513	9	0	1	0	1	0	0	0	0	N	N	N	N	N	N	N	N	N	N	N	N	inf	inf	inf	inf	0.3683	0.4065	0.0000	0.5045	0.5441	0.0000	0.0000	0.0000	0.0000	0.0000	0.0000	0.0000	0.0000	0.0000	0.0000	0.0000	0.0000	0.0000	0.0000	-0.0001	0.0000	0.0011	7.9994	0.9873	4.0001	0.0003	0.0003	0.0000	0.0003	0.0003	0.0000	0.0000	0.0000	0.0000	0.0000	0.0000	0.0000	0.0000	0.0000	0.0000	0.0000	0.0000	0.0000	0.0007	0.0007	0.0001	0.0005	0.0005	0.0000	0.0002	0.0002	0.0000	0.0187	0.0113	0.0075	0.0079	0.0072	0.0007	0.0109	0.0041	0.0068	inf	inf	0.0000	inf	inf	0.0000	0.0000	0.0000	0.0000	0.0000	0.0000	0.0000	0.0000	0.0000	0.0000	0.0000	0.0000	0.0000						
3	105	0.7138	13	1	0	1	1	0	0	0	0	N	N	N	N	N	N	N	N	N	N	N	N	0.0000	0.0000	0.0000	0.0000	0.0000	0.0000	0.0000	0.0000	0.0000	0.0000	0.0000	0.0000	0.0000	0.0000	0.0000	0.4381	0.0000	0.0985	0.0383	0.0000	0.2452	0.2069	0.0000	0.0278	inf	0.0000	0.0000	0.0011	1.0000	0.9873	1.0005	0.0000	0.0000	0.0000	0.0000	0.0000	0.0000	0.0000	0.0000	0.0000	0.0000	0.0000	0.0000	0.0000	0.0000	0.0000	0.0000	0.0000	0.0000	0.0001	0.0001	0.0000	0.0001	0.0000	0.0000	0.0000	0.0000	0.0000	0.0030	0.0020	0.0010	0.0016	0.0014	0.0001	0.0015	0.0006	0.0009	0.0000	0.0000	0.0000	0.0000	0.0000	0.0000	0.0000	0.0000	0.0000	0.0097	0.0000	0.0289	0.0064	0.0000	0.0796	0.0133	0.0000	0.0219				
3	106	0.7103	12	1	0	1	1	0	0	0	0	N	N	N	N	N	N	N	N	N	N	N	N	0.0000	0.0000	0.0000	0.0000	0.0000	0.0000	0.0000	0.0000	0.0000	0.0000	0.0000	0.0000	0.0000	0.7918	1.1299	0.0000	0.7727	0.7448	0.0000	0.0000	0.0000	0.0000	0.0000	-0.0000	-0.0000	0.0011	0.7249	0.9873	0.0368	0.0000	0.0000	0.0000	0.0000	0.0000	0.0000	0.0000	0.0000	0.0000	0.0000	0.0000	0.0000	0.0000	0.0000	0.0000	0.0000	0.0000	0.0000	0.0001	0.0001	0.0000	0.0000	0.0000	0.0000	0.0000	0.0000	0.0000	0.0012	0.0008	0.0004	0.0006	0.0006	0.0000	0.0006	0.0002	0.0004	0.0000	0.0000	0.0000	0.0000	0.0000	0.0000	0.0000	0.0000	0.0000	0.0249	0.0376	0.0000	0.0487	0.0530	0.0000	0.0000	0.0000	0.0000						
3	107	0.7088	11	1	0	1	1	0	0	0	0	N	N	N	N	N	N	N	N	N	N	N	N	0.0000	0.0000	0.0000	0.0000	0.0000	0.0000	0.0000	0.0000	0.0000	0.0000	0.0000	0.0000	0.0000	0.0000	0.0000	0.0000	0.0000	0.7659	0.0001	0.2045	0.3801	0.0001	0.9984	0.3309	0.0000	0.0484	16437.1999	0.0000	0.0000	0.0011	0.4159	0.9873	0.0887	0.0000	0.0000	0.0000	0.0000	0.0000	0.0000	0.0000	0.0000	0.0000	0.0000	0.0000	0.0000	0.0000	0.0000	0.0000	0.0000	0.0000	0.0000	0.0000	0.0000	0.0000	0.0000	0.0000	0.0000	0.0000	0.0000	0.0000	0.0008	0.0006	0.0003	0.0004	0.0004	0.0000	0.0004	0.0002	0.0002	0.0000	0.0000	0.0000	0.0000	0.0000	0.0000	0.0000	0.0000	0.0000	0.0233	0.0000	0.0708	0.0227	0.0000	0.2901	0.0238	0.0000	0.0403		
3	108	0.6926	10	1	0	0	1	0	0	0	0	N	N	N	N	N	N	N	N	N	N	N	N	0.0377	0.0250	0.0748	0.0806	inf	inf	0.0014	0.0015	0.0000	0.0018	0.0019	0.0000	0.0005	0.0005	0.0000	0.0358	0.0595	0.0000	0.0243	0.0240	0.0000	0.0000	0.0000	0.0000	0.0000	0.0000	-0.0000	-0.0000	0.0011	3.9943	0.9873	0.9974	0.0000	0.0000	0.0000	0.0000	0.0000	0.0000	0.0000	0.0000	0.0000	0.0000	0.0000	0.0000	0.0000	0.0000	0.0000	0.0000	0.0000	0.0000	0.0003	0.0003	0.0000	0.0002	0.0002	0.0000	0.0001	0.0001	0.0000	0.0079	0.0050	0.0029	0.0039	0.0036	0.0003	0.0040	0.0014	0.0026	0.5409	0.3797	0.0000	0.3599	0.3530	0.0000	inf	inf	0.0000	0.0025	0.0039	0.0000	0.0051	0.0055	0.0000	0.0000	0.0000	0.0000			
3	109	0.1238	7	1	0	1	1	0	0	0	0	N	N	N	N	N	N	N	N	N	N	N	N	0.0000	0.0000	0.0000	0.0000	0.0000	0.0000	0.0000	0.0000	0.0000	0.0000	0.0000	0.0000	0.0000	0.0000	0.0000	0.0000	0.0000	0.0000	0.0000	0.0000	0.0011	0.0000	0.9873	0.9909	0.0000	0.0000	0.0000	0.0000	0.0000	0.0000	0.0000	0.0000	0.0000	0.0000	0.0000	0.0000	0.0000	0.0000	0.0000	0.0000	0.0000	0.0000	0.0000	0.0000	0.0000	0.0000	0.0000	0.0000	0.0000	0.0000	0.0000	0.0026	0.0011	0.0015	0.0002	0.0002	0.0000	0.0024	0.0009	0.0015	0.0000	0.0000	0.0000	0.0000	0.0000	0.0000	0.0000	0.0000	0.0000	0.0000	0.0000	0.0000	0.0000	0.0000	0.0000	0.0000	0.0000	0.0000											
3	110	0.0952	6	1	0	1	1	0	0	0	0	N	N	N	N	N	N	N	N	N	N	N	N	0.0000	0.0000	0.0000	0.0000	0.0000	0.0000	0.0000	0.0000	0.0000	0.0000	0.0000	0.0000	0.0000	0.0000	0.0000	0.0000	0.0000	0.0000	0.0000	0.0000	0.0011	4.0000	0.9873	0.0000	0.0000	0.0000	0.0000	0.0000	0.0000	0.0000	0.0000	0.0000	0.0000	0.0000	0.0000	0.0000	0.0000	0.0000	0.0000	0.0000	0.0000	0.0000	0.0002	0.0002	0.0000	0.0001	0.0001	0.0000	0.0001	0.0001	0.0000	0.0063	0.0022	0.0041	0.0000	0.0000	0.0000	0.0063	0.0022	0.0041	0.0000	0.0000	0.0000	0.0000	0.0000	0.0000	0.0000	0.0000	0.0000	0.0000	0.0000	0.0000	0.0000	0.0000	0.0000	0.0000	0.0000	0.0000											
3	112	0.6972	10	0	0	1	1	0	0	0	0	N	N	N	N	N	N	N	N	N	N	N	N	0.0000	0.0000	0.0000	0.0000	0.0000	0.0000	0.0000	0.0000	0.0000	0.0000	0.0000	0.0000	0.0000	0.0000	0.0000	0.0000	0.0000	0.0000	0.0000	-0.0000	0.0011	0.0000	0.9873	0.0001	0.0000	0.0000	0.0000	0.0000	0.0000	0.0000	0.0000	0.0000	0.0000	0.0000	0.0000	0.0000	0.0000	0.0000	0.0000	0.0000	0.0000	0.0000	0.0000	0.0000	0.0000	0.0000	0.0000	0.0000	0.0000	0.0000	0.0000	0.0000	0.0000	0.0000	0.0000	0.0000	0.0000	0.0000	0.0000	0.0000	0.0000	0.0000	0.0000	0.0000	0.0000	0.0000	0.0000	0.0000	0.0000	0.0000	0.0000	0.0000	0.0000	0.0000	0.0000	0.0000	0.0000	0.0000											
3	113	0.6513	9	0	0	1	1	0	0	0	0	N	N	N	N	N	N	N	N	N	N	N	N	161.6369	115.5015	200.5383	219.4133	0.6346	0.6986	0.0000	0.8397	0.9049	0.0000	0.0000	0.0000	0.0000	0.0039	0.0060	0.0000	0.0042	0.0041	0.0000	0.0000	0.0000	0.0000	0.0000	0.0000	-0.0001	-0.0000	0.0011	4.0004	0.9873	4.9999	0.0003	0.0003	0.0000	0.0003	0.0003	0.0000	0.0000	0.0000	0.0000	0.0000	0.0000	0.0000	0.0000	0.0000	0.0000	0.0000	0.0000	0.0000	0.0004	0.0004	0.0000	0.0003	0.0003	0.0000	0.0001	0.0001	0.0000	0.0145	0.0087	0.0058	0.0060	0.0055	0.0005	0.0084	0.0032	0.0053	918.5181	605.7339	0.0000	506.6911	496.8443	0.0000	0.0000	0.0000	0.0000	0.0007	0.0012	0.0000	0.0017	0.0018	0.0000	0.0000	0.0000	0.0000					
3	114	0.0626	5	0	1	0	1	0	0	0	0	N	N	N	N	N	N	N	N	N	N	N	N	255.7864	inf	0.0000	inf	inf	1209.5742	inf	0.0000	0.8349	0.9256	0.0000	0.1158	0.1194	0.0000	1.2685	1.4733	0.0000	0.0033	0.0000	0.0011	0.0000	0.0000	0.0000	0.0010	0.0000	0.0011	0.0000	inf	-0.0001	0.0000	0.0011	4.3361	0.9873	4.6323	0.0003	0.0003	0.0000	0.0000	0.0000	0.0000	0.0003	0.0003	0.0000	0.0000	0.0000	0.0000	0.0000	0.0000	0.0000	0.0000	0.0000	0.0000	0.0003	0.0003	0.0000	0.0001	0.0001	0.0000	0.0002	0.0002	0.0000	0.0241	0.0096	0.0144	0.0026	0.0024	0.0001	0.0215	0.0072	0.0143	1304.7700	inf	0.0000	inf	inf	0.0000	1772.1237	inf	0.0000	0.0006	0.0000	0.0011	0.0000	0.0000	0.0000	0.0007	0.0000	0.0011	
3	116	0.6513	9	0	1	0	2	0	0	0	0	N	N	N	Y	N	N	N	N	N	N	N	N	0.0000	0.0000	0.0000	0.0000	0.0000	0.0000	0.0000	0.0000	0.0000	0.0000	0.0000	0.0000	0.0000	0.0000	0.0000	0.0000	0.0000	0.0000	0.0000	0.0000	0.0011	5.0006	0.9873	2.0000	0.0000	0.0000	0.0000	0.0000	0.0000	0.0000	0.0000	0.0000	0.0000	0.0000	0.0000	0.0000	0.0000	0.0000	0.0000	0.0000	0.0000	0.0000	0.0005	0.0005	0.0000	0.0004	0.0004	0.0000	0.0001	0.0001	0.0000	0.0115	0.0069	0.0046	0.0048	0.0043	0.0004	0.0067	0.0025	0.0042	0.0000	0.0000	0.0000	0.0000	0.0000	0.0000	0.0000	0.0000	0.0000	0.0000	0.0000	0.0000	0.0000	0.0000	0.0000	0.0000	0.0000	0.0000											
3	117	0.0952	6	0	1	0	2	0	0	0	0	N	N	N	Y	N	N	N	N	N	N	N	N	0.0000	0.0000	0.0000	0.0000	0.0000	0.0000	0.0000	0.0000	0.0000	0.0000	0.0000	0.0000	0.0000	0.0000	0.0000	0.0000	0.0000	0.0000	0.0000	0.0000	0.0011	0.0000	0.9873	1.0000	0.0000	0.0000	0.0000	0.0000	0.0000	0.0000	0.0000	0.0000	0.0000	0.0000	0.0000	0.0000	0.0000	0.0000	0.0000	0.0000	0.0000	0.0000	0.0000	0.0000	0.0000	0.0000	0.0000	0.0000	0.0000	0.0000	0.0000	0.0023	0.0008	0.0015	0.0000	0.0000	0.0000	0.0023	0.0008	0.0015	0.0000	0.0000	0.0000	0.0000	0.0000	0.0000	0.0000	0.0000	0.0000	0.0000	0.0000	0.0000	0.0000	0.0000	0.0000	0.0000	0.0000	0.0000											
3	118	0.6513	9	0	1	0	1	0	0	0	0	N	N	N	N	N	N	N	N	N	N	N	N	inf	inf	inf	inf	inf	inf	0.6845	0.7584	0.0000	0.4525	0.4880	0.0000	1.1832	1.3926	0.0000	0.0000	0.0000	0.0000	0.0000	0.0000	0.0000	0.0000	0.0000	0.0000	0.0000	-0.0002	0.0000	0.0011	16.9994	0.9873	6.0000	0.0008	0.0008	0.0000	0.0004	0.0004	0.0000	0.0004	0.0004	0.0000	0.0000	0.0000	0.0000	0.0000	0.0000	0.0000	0.0000	0.0000	0.0000	0.0012	0.0011	0.0001	0.0008	0.0008	0.0001	0.0004	0.0003	0.0001	0.0324	0.0197	0.0127	0.0139	0.0126	0.0013	0.0185	0.0070	0.0115	inf	inf	0.0000	inf	inf	0.0000	inf	inf	0.0000	0.0000	0.0000	0.0000	0.0000	0.0000	0.0000	0.0000	0.0000	0.0000				
3	119	0.0952	6	0	1	0	1	0	0	0	0	N	N	N	N	N	N	N	N	N	N	N	N	0.0000	0.0000	0.0000	0.0000	0.0000	0.0000	0.0000	0.0000	0.0000	0.0000	0.0000	0.0000	0.0000	0.0220	0.1750	0.0000	2.6697	2.6645	0.0000	0.0000	0.0000	0.0000	0.0000	0.0000	-0.0000	0.0011	5.0000	0.9873	6.0000	0.0000	0.0000	0.0000	0.0000	0.0000	0.0000	0.0000	0.0000	0.0000	0.0000	0.0000	0.0000	0.0000	0.0000	0.0000	0.0000	0.0000	0.0000	0.0003	0.0003	0.0000	0.0001	0.0001	0.0000	0.0002	0.0001	0.0000	0.0154	0.0055	0.0099	0.0001	0.0001	0.0000	0.0153	0.0054	0.0099	0.0000	0.0000	0.0000	0.0000	0.0000	0.0000	0.0000	0.0000	0.0000	0.0019	0.0055	0.0000	0.4017	0.4017	0.0000	0.0000	0.0000	0.0000						
3	120	0.1233	7	0	1	0	1	0	0	0	0	N	N	N	N	N	N	N	N	N	N	N	N	0.0031	0.0006	0.0000	0.0010	0.0013	0.0000	0.0000	0.0001	0.0001	0.0000	0.0002	0.0002	0.0000	0.0000	0.0000	0.0000	0.0292	0.1677	0.0000	0.1960	0.1667	0.0000	0.0000	0.0000	0.0000	0.0000	0.0003	-0.0000	-0.0000	0.0011	0.9998	0.9873	0.9486	0.0000	0.0000	0.0000	0.0000	0.0000	0.0000	0.0000	0.0000	0.0000	0.0000	0.0000	0.0000	0.0000	0.0000	0.0000	0.0000	0.0000	0.0000	0.0001	0.0001	0.0000	0.0000	0.0000	0.0000	0.0000	0.0000	0.0000	0.0040	0.0017	0.0023	0.0007	0.0007	0.0000	0.0033	0.0010	0.0023	0.0396	0.0183	0.0000	0.0150	0.0150	0.0000	0.0000	0.0000	0.0000	0.0023	0.0054	0.0000	0.0136	0.0140	0.0000	0.0000	0.0000	0.0000		
3	121	0.0952	6	0	1	0	1	0	0	0	0	N	N	N	N	N	N	N	N	N	N	N	N	0.0774	0.0338	0.0000	0.0000	inf	inf	0.0000	0.0000	0.0000	0.0000	0.0000	0.0000	0.0000	0.0000	0.0000	0.0002	0.0006	0.0000	0.2249	0.2173	0.0000	0.0000	0.0000	0.0000	0.0000	0.0000	-0.0000	-0.0000	0.0011	3.0005	0.9873	1.1085	0.0000	0.0000	0.0000	0.0000	0.0000	0.0000	0.0000	0.0000	0.0000	0.0000	0.0000	0.0000	0.0000	0.0000	0.0000	0.0000	0.0000	0.0000	0.0003	0.0003	0.0000	0.0001	0.0001	0.0000	0.0002	0.0002	0.0000	0.0113	0.0040	0.0073	0.0001	0.0001	0.0000	0.0112	0.0040	0.0073	0.2380	0.0919	0.0000	0.0000	0.0000	0.0000	inf	inf	0.0000	0.0001	0.0002	0.0000	0.0156	0.0156	0.0000	0.0000	0.0000	0.0000			
3	122	0.6926	10	0	1	0	1	0	0	0	0	N	N	N	N	N	N	N	N	N	N	N	N	0.0000	0.0000	0.0000	0.0000	0.0000	0.0000	0.0000	0.0000	0.0000	0.0000	0.0000	0.0000	0.0000	0.0000	0.0000	0.0000	0.0000	0.0000	0.0000	0.0000	0.0011	2.0001	0.9873	3.0000	0.0000	0.0000	0.0000	0.0000	0.0000	0.0000	0.0000	0.0000	0.0000	0.0000	0.0000	0.0000	0.0000	0.0000	0.0000	0.0000	0.0000	0.0000	0.0002	0.0001	0.0000	0.0001	0.0001	0.0000	0.0001	0.0000	0.0000	0.0079	0.0050	0.0029	0.0039	0.0036	0.0003	0.0040	0.0014	0.0026	0.0000	0.0000	0.0000	0.0000	0.0000	0.0000	0.0000	0.0000	0.0000	0.0000	0.0000	0.0000	0.0000	0.0000	0.0000	0.0000	0.0000	0.0000											
3	123	0.6513	9	0	0	0	1	0	0	0	0	N	N	N	N	N	N	N	N	N	N	N	N	inf	inf	inf	inf	0.4059	0.4478	0.0000	0.5514	0.5946	0.0000	0.0000	0.0000	0.0000	0.0000	0.0000	0.0000	0.0000	0.0000	0.0000	0.0000	0.0000	0.0000	0.0000	-0.0001	-0.0000	0.0011	6.9986	0.9873	2.0000	0.0003	0.0003	0.0000	0.0003	0.0003	0.0000	0.0000	0.0000	0.0000	0.0000	0.0000	0.0000	0.0000	0.0000	0.0000	0.0000	0.0000	0.0000	0.0007	0.0006	0.0001	0.0005	0.0005	0.0000	0.0002	0.0001	0.0000	0.0145	0.0087	0.0058	0.0060	0.0055	0.0005	0.0084	0.0032	0.0053	inf	inf	0.0000	inf	inf	0.0000	0.0000	0.0000	0.0000	0.0000	0.0000	0.0000	0.0000	0.0000	0.0000	0.0000	0.0000	0.0000						
3	124	0.1287	7	0	1	0	1	0	0	0	0	N	N	N	N	N	N	N	N	N	N	N	N	1.6130	inf	0.0000	inf	inf	0.0000	0.0000	0.0001	0.0001	0.0000	0.0003	0.0003	0.0000	0.0000	0.0000	0.0000	0.0001	0.0000	0.0000	0.0000	0.0000	0.0000	0.0000	0.0000	0.0000	0.0000	inf	-0.0000	0.0000	0.0011	3.9006	0.9873	3.1543	0.0000	0.0000	0.0000	0.0000	0.0000	0.0000	0.0000	0.0000	0.0000	0.0000	0.0000	0.0000	0.0000	0.0000	0.0000	0.0000	0.0000	0.0000	0.0004	0.0004	0.0000	0.0002	0.0002	0.0000	0.0002	0.0002	0.0000	0.0147	0.0047	0.0101	0.0005	0.0004	0.0001	0.0143	0.0043	0.0100	35.9451	inf	0.0000	inf	inf	0.0000	0.0000	0.0000	0.0000	0.0000	0.0000	0.0000	0.0000	0.0000	0.0000	0.0000	0.0000	0.0000		
3	125	0.0952	6	0	1	0	1	0	0	0	0	N	N	N	N	N	N	N	N	N	N	N	N	2.7529	1.2207	0.0048	0.0060	inf	inf	0.0003	0.0003	0.0000	0.0000	0.0000	0.0000	0.0005	0.0005	0.0000	0.0001	0.0003	0.0000	0.0054	0.0044	0.0000	0.0000	0.0000	0.0000	0.0000	0.0000	-0.0000	-0.0000	0.0011	1.6924	0.9873	1.9110	0.0000	0.0000	0.0000	0.0000	0.0000	0.0000	0.0000	0.0000	0.0000	0.0000	0.0000	0.0000	0.0000	0.0000	0.0000	0.0000	0.0000	0.0000	0.0002	0.0002	0.0000	0.0001	0.0001	0.0000	0.0001	0.0001	0.0000	0.0100	0.0036	0.0065	0.0000	0.0000	0.0000	0.0100	0.0035	0.0065	30.0557	11.5930	0.0000	0.0128	0.0132	0.0000	inf	inf	0.0000	0.0000	0.0000	0.0000	0.0020	0.0020	0.0000	0.0000	0.0000	0.0000			
3	126	0.6513	9	0	1	0	1	0	0	0	0	N	N	N	N	N	N	N	N	N	N	N	N	0.0000	0.0000	0.0000	0.0000	0.0000	0.0000	0.0000	0.0000	0.0000	0.0000	0.0000	0.0000	0.0000	0.0000	0.0001	0.0000	0.0001	0.0001	0.0000	0.0000	0.0000	0.0000	0.0000	0.0000	-0.0000	0.0011	0.9996	0.9873	8.0005	0.0000	0.0000	0.0000	0.0000	0.0000	0.0000	0.0000	0.0000	0.0000	0.0000	0.0000	0.0000	0.0000	0.0000	0.0000	0.0000	0.0000	0.0000	0.0001	0.0001	0.0000	0.0001	0.0001	0.0000	0.0000	0.0000	0.0000	0.0145	0.0087	0.0058	0.0060	0.0055	0.0005	0.0084	0.0032	0.0053	0.0000	0.0000	0.0000	0.0000	0.0000	0.0000	0.0000	0.0000	0.0000	0.0000	0.0000	0.0000	0.0000	0.0000	0.0000	0.0000	0.0000	0.0000						
3	127	0.5567	9	0	0	0	1	0	0	0	0	N	N	N	N	N	N	N	N	N	N	N	N	0.9517	0.7133	0.0000	0.0165	0.0185	0.0000	1349314.4196	inf	0.0000	0.7384	0.8181	0.0000	0.0141	0.0152	0.0000	2.9965	3.5670	0.0000	0.7759	1.1470	0.0000	0.8502	0.8226	0.0000	0.0000	0.0000	0.0000	0.0000	0.0001	-0.0001	-0.0003	0.0011	3.6536	0.9873	12.3970	0.0003	0.0003	0.0000	0.0000	0.0000	0.0000	0.0003	0.0003	0.0000	0.0006	0.0006	0.0000	0.0006	0.0006	0.0000	0.0000	0.0000	0.0000	0.0004	0.0004	0.0000	0.0003	0.0003	0.0000	0.0001	0.0001	0.0000	0.0267	0.0153	0.0114	0.0117	0.0105	0.0012	0.0149	0.0048	0.0102	30.7417	19.4950	0.0000	0.2575	0.2502	0.0000	1349314.4196	inf	0.0000	0.0240	0.0420	0.0000	0.0546	0.0609	0.0000	0.0000	0.0000	0.0000
3	128	0.3456	7	0	0	0	1	0	0	0	0	N	N	N	N	N	N	N	N	N	N	N	N	0.1507	0.1177	0.0000	0.1007	0.1025	0.0000	1697.8658	456.6995	0.0000	0.1706	0.1896	0.0000	0.1805	0.1970	0.0000	0.1437	0.1680	0.0000	1.1323	1.6112	0.0001	1.7920	1.9222	0.0001	0.0001	0.0004	0.0001	0.0000	0.0005	-0.0000	-0.0017	0.0011	5.3495	0.9873	12.4099	0.0001	0.0001	0.0000	0.0001	0.0001	0.0000	0.0000	0.0000	0.0000	0.0032	0.0032	0.0000	0.0032	0.0032	0.0000	0.0000	0.0000	0.0000	0.0008	0.0007	0.0001	0.0005	0.0005	0.0000	0.0002	0.0002	0.0000	0.0505	0.0292	0.0213	0.0212	0.0188	0.0024	0.0293	0.0104	0.0189	2.6956	1.7337	0.0000	1.1958	1.1590	0.0000	2797.5292	98355.5607	0.0000	0.0633	0.1093	0.0001	0.1510	0.1700	0.0001	0.0001	0.0000	0.0001
3	129	0.7628	15	0	1	0	2	0	0	0	0	N	N	N	Y	N	N	N	N	N	N	N	N	0.0000	0.0000	0.0000	0.0000	0.0000	0.0000	0.0000	0.0000	0.0000	0.0000	0.0000	0.0000	0.0000	0.0000	0.0000	0.0000	0.0000	0.0000	0.0000	0.0000	0.0011	0.0000	0.9873	0.0000	0.0000	0.0000	0.0000	0.0000	0.0000	0.0000	0.0000	0.0000	0.0000	0.0000	0.0000	0.0000	0.0000	0.0000	0.0000	0.0000	0.0000	0.0000	0.0000	0.0000	0.0000	0.0000	0.0000	0.0000	0.0000	0.0000	0.0000	0.0000	0.0000	0.0000	0.0000	0.0000	0.0000	0.0000	0.0000	0.0000	0.0000	0.0000	0.0000	0.0000	0.0000	0.0000	0.0000	0.0000	0.0000	0.0000	0.0000	0.0000	0.0000	0.0000	0.0000	0.0000	0.0000	0.0000											
3	130	0.7465	14	0	1	0	2	0	0	0	0	N	N	N	Y	N	N	N	N	N	N	N	N	0.0000	0.0000	0.0000	0.0000	0.0000	0.0000	0.0000	0.0000	0.0000	0.0000	0.0000	0.0000	0.0000	0.0000	0.0000	0.0000	0.0000	0.0000	0.0000	0.0000	0.0011	0.0000	0.9873	3.0001	0.0000	0.0000	0.0000	0.0000	0.0000	0.0000	0.0000	0.0000	0.0000	0.0000	0.0000	0.0000	0.0000	0.0000	0.0000	0.0000	0.0000	0.0000	0.0000	0.0000	0.0000	0.0000	0.0000	0.0000	0.0000	0.0000	0.0000	0.0044	0.0028	0.0016	0.0022	0.0020	0.0002	0.0023	0.0009	0.0014	0.0000	0.0000	0.0000	0.0000	0.0000	0.0000	0.0000	0.0000	0.0000	0.0000	0.0000	0.0000	0.0000	0.0000	0.0000	0.0000	0.0000	0.0000											
3	131	0.7368	13	0	1	0	1	0	0	0	0	N	N	N	N	N	N	N	N	N	N	N	N	0.0000	0.0000	0.0000	0.0000	0.0000	0.0000	0.0000	0.0000	0.0000	0.0000	0.0000	0.0000	0.0000	0.0000	0.0000	0.0000	0.0000	0.0000	0.0000	0.0000	0.0011	0.0000	0.9873	0.0000	0.0000	0.0000	0.0000	0.0000	0.0000	0.0000	0.0000	0.0000	0.0000	0.0000	0.0000	0.0000	0.0000	0.0000	0.0000	0.0000	0.0000	0.0000	0.0000	0.0000	0.0000	0.0000	0.0000	0.0000	0.0000	0.0000	0.0000	0.0000	0.0000	0.0000	0.0000	0.0000	0.0000	0.0000	0.0000	0.0000	0.0000	0.0000	0.0000	0.0000	0.0000	0.0000	0.0000	0.0000	0.0000	0.0000	0.0000	0.0000	0.0000	0.0000	0.0000	0.0000	0.0000	0.0000											
3	132	0.7465	14	0	0	1	2	0	0	0	0	N	N	N	Y	N	N	N	N	N	N	N	N	0.0000	0.0000	0.0000	0.0000	0.0000	0.0000	0.0000	0.0000	0.0000	0.0000	0.0000	0.0000	0.0000	0.0000	0.0000	0.0000	0.0000	0.0000	0.0000	0.0000	0.0011	0.0000	0.9873	1.9999	0.0000	0.0000	0.0000	0.0000	0.0000	0.0000	0.0000	0.0000	0.0000	0.0000	0.0000	0.0000	0.0000	0.0000	0.0000	0.0000	0.0000	0.0000	0.0000	0.0000	0.0000	0.0000	0.0000	0.0000	0.0000	0.0000	0.0000	0.0030	0.0019	0.0011	0.0015	0.0013	0.0001	0.0015	0.0006	0.0009	0.0000	0.0000	0.0000	0.0000	0.0000	0.0000	0.0000	0.0000	0.0000	0.0000	0.0000	0.0000	0.0000	0.0000	0.0000	0.0000	0.0000	0.0000											
3	133	0.7575	15	0	0	1	2	0	0	0	0	N	N	N	Y	N	N	N	N	N	N	N	N	0.0000	0.0000	0.0000	0.0000	0.0000	0.0000	0.0000	0.0000	0.0000	0.0000	0.0000	0.0000	0.0000	0.0000	0.0000	0.0000	0.0000	0.0000	0.0000	0.0000	0.0011	1.0000	0.9873	0.0000	0.0000	0.0000	0.0000	0.0000	0.0000	0.0000	0.0000	0.0000	0.0000	0.0000	0.0000	0.0000	0.0000	0.0000	0.0000	0.0000	0.0000	0.0000	0.0001	0.0001	0.0000	0.0000	0.0000	0.0000	0.0000	0.0000	0.0000	0.0015	0.0010	0.0005	0.0007	0.0007	0.0001	0.0008	0.0003	0.0005	0.0000	0.0000	0.0000	0.0000	0.0000	0.0000	0.0000	0.0000	0.0000	0.0000	0.0000	0.0000	0.0000	0.0000	0.0000	0.0000	0.0000	0.0000											
3	134	0.7575	15	0	0	1	2	0	0	0	0	N	N	N	Y	N	N	N	N	N	N	N	N	0.0000	0.0000	0.0000	0.0000	0.0000	0.0000	0.0000	0.0000	0.0000	0.0000	0.0000	0.0000	0.0000	0.0000	0.0000	0.0000	0.0000	0.0000	0.0000	0.0000	0.0011	0.0000	0.9873	0.0000	0.0000	0.0000	0.0000	0.0000	0.0000	0.0000	0.0000	0.0000	0.0000	0.0000	0.0000	0.0000	0.0000	0.0000	0.0000	0.0000	0.0000	0.0000	0.0000	0.0000	0.0000	0.0000	0.0000	0.0000	0.0000	0.0000	0.0000	0.0000	0.0000	0.0000	0.0000	0.0000	0.0000	0.0000	0.0000	0.0000	0.0000	0.0000	0.0000	0.0000	0.0000	0.0000	0.0000	0.0000	0.0000	0.0000	0.0000	0.0000	0.0000	0.0000	0.0000	0.0000	0.0000	0.0000											
3	135	0.7465	14	0	0	1	2	0	0	0	0	N	N	N	Y	N	N	N	N	N	N	N	N	inf	inf	inf	inf	2.2007	2.4298	0.0000	0.0000	0.0000	0.0000	6.3665	7.4798	0.0000	0.0000	0.0000	0.0000	0.0000	0.0000	0.0000	0.0000	0.0000	0.0000	0.0000	-0.0001	0.0000	0.0011	2.0025	0.9873	0.9943	0.0003	0.0003	0.0000	0.0000	0.0000	0.0000	0.0003	0.0003	0.0000	0.0000	0.0000	0.0000	0.0000	0.0000	0.0000	0.0000	0.0000	0.0000	0.0001	0.0001	0.0000	0.0001	0.0001	0.0000	0.0001	0.0000	0.0000	0.0044	0.0028	0.0016	0.0022	0.0020	0.0002	0.0023	0.0009	0.0014	inf	inf	0.0000	0.0000	0.0000	0.0000	inf	inf	0.0000	0.0000	0.0000	0.0000	0.0000	0.0000	0.0000	0.0000	0.0000	0.0000						
3	136	0.7465	13	0	0	0	2	0	0	0	0	N	N	N	Y	N	N	N	N	N	N	N	N	0.0000	0.0000	0.0000	0.0000	0.0000	0.0000	0.0000	0.0000	0.0000	0.0000	0.0000	0.0000	0.0000	0.0000	0.0000	0.0000	0.0000	0.0000	0.0000	-0.0000	0.0011	0.0050	0.9873	0.0173	0.0000	0.0000	0.0000	0.0000	0.0000	0.0000	0.0000	0.0000	0.0000	0.0000	0.0000	0.0000	0.0000	0.0000	0.0000	0.0000	0.0000	0.0000	0.0000	0.0000	0.0000	0.0000	0.0000	0.0000	0.0000	0.0000	0.0000	0.0000	0.0000	0.0000	0.0000	0.0000	0.0000	0.0000	0.0000	0.0000	0.0000	0.0000	0.0000	0.0000	0.0000	0.0000	0.0000	0.0000	0.0000	0.0000	0.0000	0.0000	0.0000	0.0000	0.0000	0.0000	0.0000	0.0000											
3	137	0.7368	12	0	0	0	2	0	0	0	0	N	N	N	Y	N	N	N	N	N	N	N	N	0.0000	0.0000	0.0000	0.0000	0.0000	0.0000	0.0000	0.0000	0.0000	0.0000	0.0000	0.0000	0.0000	0.0000	0.0000	0.0000	0.0000	0.0000	0.0000	-0.0000	0.0011	1.9972	0.9873	1.0076	0.0000	0.0000	0.0000	0.0000	0.0000	0.0000	0.0000	0.0000	0.0000	0.0000	0.0000	0.0000	0.0000	0.0000	0.0000	0.0000	0.0000	0.0000	0.0001	0.0001	0.0000	0.0001	0.0001	0.0000	0.0000	0.0000	0.0000	0.0042	0.0027	0.0015	0.0022	0.0020	0.0002	0.0020	0.0007	0.0013	0.0000	0.0000	0.0000	0.0000	0.0000	0.0000	0.0000	0.0000	0.0000	0.0000	0.0000	0.0000	0.0000	0.0000	0.0000	0.0000	0.0000	0.0000											
3	138	0.7196	11	1	1	0	1	0	0	0	0	N	N	N	N	N	N	N	N	N	N	N	N	0.0000	0.0000	0.0000	0.0000	0.0000	0.0000	0.0000	0.0000	0.0000	0.0000	0.0000	0.0000	0.0000	0.0000	0.0000	0.8239	0.0000	0.2870	0.4379	0.0000	1.8154	0.4267	0.0000	0.0665	inf	0.0000	0.0001	0.0011	0.0002	0.9873	2.3255	0.0000	0.0000	0.0000	0.0000	0.0000	0.0000	0.0000	0.0000	0.0000	0.0001	0.0000	0.0001	0.0001	0.0000	0.0001	0.0001	0.0000	0.0001	0.0000	0.0000	0.0000	0.0000	0.0000	0.0000	0.0000	0.0000	0.0000	0.0048	0.0032	0.0016	0.0022	0.0021	0.0002	0.0025	0.0011	0.0014	0.0000	0.0000	0.0000	0.0000	0.0000	0.0000	0.0000	0.0000	0.0000	0.0291	0.0000	0.0868	0.0265	0.0000	0.3906	0.0314	0.0000	0.0548				
3	139	0.7017	10	1	1	0	1	0	0	0	0	N	N	N	N	N	N	N	N	N	N	N	N	0.0000	0.0000	0.0000	0.0000	0.0000	0.0000	0.0000	0.0000	0.0000	0.0000	0.0000	0.0000	0.0000	0.0000	0.0000	0.0000	0.6450	0.9001	0.0027	0.5418	0.5179	0.0000	0.0085	0.0000	0.0029	0.0671	-0.0000	-0.0001	0.0011	2.0138	0.9873	2.7349	0.0000	0.0000	0.0000	0.0000	0.0000	0.0000	0.0000	0.0000	0.0000	0.0002	0.0001	0.0000	0.0001	0.0001	0.0000	0.0000	0.0000	0.0000	0.0003	0.0003	0.0000	0.0003	0.0003	0.0000	0.0001	0.0000	0.0000	0.0096	0.0059	0.0037	0.0044	0.0041	0.0003	0.0052	0.0018	0.0034	0.0000	0.0000	0.0000	0.0000	0.0000	0.0000	0.0000	0.0000	0.0000	0.0164	0.0250	0.0027	0.0337	0.0361	0.0000	0.0019	0.0000	0.0029			
3	140	0.7182	11	0	1	0	1	0	0	0	0	N	N	N	N	N	N	N	N	N	N	N	N	23211.9266	inf	0.0000	inf	inf	230924.7257	inf	0.0000	2.1176	2.3363	0.0000	0.0007	0.0008	0.0000	5.6126	6.5544	0.0000	0.0001	0.0000	0.0000	0.0000	0.0000	0.0000	0.0000	0.0000	0.0000	0.0000	inf	-0.0001	0.0000	0.0011	1.9232	0.9873	1.1116	0.0003	0.0003	0.0000	0.0000	0.0000	0.0000	0.0003	0.0003	0.0000	0.0000	0.0000	0.0000	0.0000	0.0000	0.0000	0.0000	0.0000	0.0000	0.0002	0.0001	0.0000	0.0001	0.0001	0.0000	0.0001	0.0000	0.0000	0.0044	0.0029	0.0015	0.0023	0.0021	0.0002	0.0021	0.0008	0.0013	319122.4278	inf	0.0000	inf	inf	0.0000	411766.0250	inf	0.0000	0.0000	0.0000	0.0000	0.0000	0.0000	0.0000	0.0000	0.0000	0.0000	
3	141	0.1144	7	0	1	0	1	0	0	0	0	N	N	N	N	N	N	N	N	N	N	N	N	inf	inf	inf	inf	0.5587	0.6674	0.0000	0.7885	0.9540	0.0000	0.0000	0.0000	0.0000	0.0000	0.0000	0.0000	0.0000	0.0000	0.0000	0.0000	0.0000	0.0000	0.0000	-0.0001	0.0000	0.0011	3.0000	0.9873	1.0000	0.0003	0.0003	0.0000	0.0003	0.0003	0.0000	0.0000	0.0000	0.0000	0.0000	0.0000	0.0000	0.0000	0.0000	0.0000	0.0000	0.0000	0.0000	0.0005	0.0004	0.0001	0.0003	0.0003	0.0001	0.0001	0.0001	0.0000	0.0110	0.0039	0.0071	0.0001	0.0001	0.0000	0.0110	0.0039	0.0071	inf	inf	0.0000	inf	inf	0.0000	0.0000	0.0000	0.0000	0.0000	0.0000	0.0000	0.0000	0.0000	0.0000	0.0000	0.0000	0.0000						
3	142	0.0952	6	0	0	0	1	0	0	0	0	N	N	N	N	N	N	N	N	N	N	N	N	inf	inf	inf	inf	inf	inf	2.4643	2.6764	0.0000	0.2265	0.2328	0.0000	3.9746	4.4881	0.0000	0.0000	0.0000	0.0000	0.0000	0.0000	0.0000	0.0000	0.0000	0.0000	0.0000	-0.0001	0.0000	0.0011	1.0000	0.9873	1.0000	0.0003	0.0003	0.0000	0.0000	0.0000	0.0000	0.0003	0.0003	0.0000	0.0000	0.0000	0.0000	0.0000	0.0000	0.0000	0.0000	0.0000	0.0000	0.0001	0.0001	0.0000	0.0000	0.0000	0.0000	0.0001	0.0001	0.0000	0.0059	0.0021	0.0038	0.0000	0.0000	0.0000	0.0059	0.0021	0.0038	inf	inf	0.0000	inf	inf	0.0000	inf	inf	0.0000	0.0000	0.0000	0.0000	0.0000	0.0000	0.0000	0.0000	0.0000	0.0000				
3	145	0.7368	13	1	1	0	1	0	0	0	0	N	N	N	N	N	N	N	N	N	N	N	N	0.0000	0.0000	0.0000	0.0000	0.0000	0.0000	0.0000	0.0000	0.0000	0.0000	0.0000	0.0000	0.0000	0.0000	0.0000	0.0000	0.0000	0.0000	0.0000	0.0000	0.0011	1.0000	0.9873	1.0000	0.0000	0.0000	0.0000	0.0000	0.0000	0.0000	0.0000	0.0000	0.0000	0.0000	0.0000	0.0000	0.0000	0.0000	0.0000	0.0000	0.0000	0.0000	0.0001	0.0001	0.0000	0.0000	0.0000	0.0000	0.0000	0.0000	0.0000	0.0028	0.0018	0.0010	0.0015	0.0013	0.0001	0.0014	0.0005	0.0009	0.0000	0.0000	0.0000	0.0000	0.0000	0.0000	0.0000	0.0000	0.0000	0.0000	0.0000	0.0000	0.0000	0.0000	0.0000	0.0000	0.0000	0.0000											
3	146	0.7368	12	0	1	0	1	0	0	0	0	N	N	N	N	N	N	N	N	N	N	N	N	0.0000	0.0000	0.0000	0.0000	0.0000	0.0000	0.0000	0.0000	0.0000	0.0000	0.0000	0.0000	0.0000	0.0000	0.0000	0.0000	0.0000	0.0000	0.0000	0.0000	0.0011	0.0003	0.9873	0.0000	0.0000	0.0000	0.0000	0.0000	0.0000	0.0000	0.0000	0.0000	0.0000	0.0000	0.0000	0.0000	0.0000	0.0000	0.0000	0.0000	0.0000	0.0000	0.0000	0.0000	0.0000	0.0000	0.0000	0.0000	0.0000	0.0000	0.0000	0.0000	0.0000	0.0000	0.0000	0.0000	0.0000	0.0000	0.0000	0.0000	0.0000	0.0000	0.0000	0.0000	0.0000	0.0000	0.0000	0.0000	0.0000	0.0000	0.0000	0.0000	0.0000	0.0000	0.0000	0.0000	0.0000	0.0000											
3	147	0.7182	11	0	0	0	1	0	0	0	0	N	N	N	N	N	N	N	N	N	N	N	N	13.5171	inf	0.0000	inf	inf	0.0000	0.0000	0.0010	0.0012	0.0000	0.0017	0.0018	0.0000	0.0000	0.0000	0.0000	0.0001	0.0000	0.0000	0.0000	0.0000	0.0000	0.0000	0.0000	0.0000	0.0000	inf	-0.0000	0.0000	0.0011	4.9449	0.9873	1.0063	0.0000	0.0000	0.0000	0.0000	0.0000	0.0000	0.0000	0.0000	0.0000	0.0000	0.0000	0.0000	0.0000	0.0000	0.0000	0.0000	0.0000	0.0000	0.0003	0.0003	0.0000	0.0002	0.0002	0.0000	0.0001	0.0001	0.0000	0.0083	0.0054	0.0029	0.0043	0.0039	0.0004	0.0040	0.0015	0.0025	297.9274	inf	0.0000	inf	inf	0.0000	0.0000	0.0000	0.0000	0.0000	0.0000	0.0000	0.0000	0.0000	0.0000	0.0000	0.0000	0.0000		
3	148	0.7017	10	0	0	0	1	0	0	0	0	N	N	N	N	N	N	N	N	N	N	N	N	17.0784	1089.4949	0.0000	1008.8025	1091.8275	0.0000	0.6941	inf	0.0000	0.1461	0.1563	0.0000	0.1846	0.1925	0.0000	0.0074	0.0087	0.0000	0.0086	0.0001	0.0029	0.0002	0.0002	0.0000	0.0107	0.0000	0.0031	0.0000	405.1230	-0.0000	0.0000	0.0011	3.4778	0.9873	1.2917	0.0001	0.0001	0.0000	0.0001	0.0001	0.0000	0.0000	0.0000	0.0000	0.0000	0.0000	0.0000	0.0000	0.0000	0.0000	0.0000	0.0000	0.0000	0.0004	0.0004	0.0000	0.0003	0.0003	0.0000	0.0001	0.0001	0.0000	0.0096	0.0059	0.0037	0.0044	0.0041	0.0003	0.0052	0.0018	0.0034	129.8912	34580.8674	0.0000	27870.4680	29529.0825	0.0000	3.5936	inf	0.0000	0.0011	0.0000	0.0029	0.0000	0.0000	0.0000	0.0021	0.0000	0.0031
3	149	0.6513	9	0	0	0	1	0	0	0	0	N	N	N	N	N	N	N	N	N	N	N	N	108.6406	72.4100	inf	112.2733	134.9999	inf	0.2957	0.3257	0.0060	0.4044	0.4352	0.0107	0.0000	0.0000	0.0000	0.0027	0.0045	0.0000	0.0036	0.0032	0.0000	0.0000	0.0000	0.0000	0.0019	0.0000	-0.0001	-0.0000	0.0011	7.8050	0.9873	4.0035	0.0002	0.0002	0.0000	0.0002	0.0002	0.0000	0.0000	0.0000	0.0000	0.0000	0.0000	0.0000	0.0000	0.0000	0.0000	0.0000	0.0000	0.0000	0.0007	0.0007	0.0001	0.0005	0.0005	0.0000	0.0002	0.0002	0.0000	0.0185	0.0111	0.0074	0.0078	0.0070	0.0007	0.0107	0.0041	0.0067	505.9990	334.8434	inf	290.3357	284.1567	inf	0.0000	0.0000	0.0000	0.0006	0.0010	0.0000	0.0014	0.0015	0.0000	0.0000	0.0000	0.0000			
3	150	0.5567	9	0	0	0	1	0	0	0	0	N	N	N	N	N	N	N	N	N	N	N	N	0.0189	0.0019	18523.8935	0.0224	0.0036	13355.6335	13.3671	47.2726	0.0140	0.0022	0.1238	0.0185	0.0028	0.2059	0.0001	0.0000	0.0003	0.7420	1.1355	0.0000	0.8288	0.7797	0.0000	0.0000	0.0000	0.0000	6.0653	0.0001	0.0000	-0.0003	0.0011	3.7255	0.9873	14.1767	0.0000	0.0000	0.0000	0.0000	0.0000	0.0000	0.0000	0.0000	0.0000	0.0006	0.0006	0.0000	0.0006	0.0006	0.0000	0.0000	0.0000	0.0000	0.0004	0.0004	0.0000	0.0003	0.0003	0.0000	0.0001	0.0001	0.0000	0.0289	0.0166	0.0123	0.0127	0.0114	0.0013	0.0162	0.0052	0.0110	0.6330	0.0569	18523.8935	0.3669	0.0504	13355.6335	13.3671	0.0000	47.2726	0.0222	0.0387	0.0000	0.0505	0.0564	0.0000	0.0000	0.0000	0.0000	
3	151	0.5403	8	0	0	0	1	0	0	0	0	N	N	N	N	N	N	N	N	N	N	N	N	0.0193	0.0092	0.3353	0.0139	0.0072	2099.4100	0.0174	0.0146	0.0067	0.0278	0.0178	0.1168	0.0318	0.0174	0.2063	0.0163	0.0194	0.0011	1.4423	1.9305	0.3485	2.2864	2.4008	0.0001	0.9363	1.3309	0.1696	0.7337	0.3716	0.0000	-0.0006	0.0011	1.4205	0.9873	4.0377	0.0000	0.0000	0.0000	0.0000	0.0000	0.0000	0.0000	0.0000	0.0000	0.0022	0.0016	0.0006	0.0016	0.0016	0.0000	0.0006	0.0000	0.0006	0.0002	0.0002	0.0000	0.0002	0.0001	0.0000	0.0001	0.0000	0.0000	0.0138	0.0077	0.0061	0.0063	0.0058	0.0005	0.0075	0.0019	0.0056	0.1730	0.0851	1.1835	0.1265	0.0638	2099.4100	0.1914	0.9402	0.0107	0.1607	0.2097	0.0987	0.2514	0.2719	0.0001	0.0851	0.0206	0.1070
4	5	0.6533	11	2	0	2	0	0	0	0	0	Y	N	Y	N	N	N	N	N	N	N	N	N	0.0000	0.0000	0.0000	0.0000	0.0000	0.0000	0.0000	0.0000	0.0000	0.0000	0.0000	0.0000	0.0000	0.0000	0.0000	0.0000	0.0000	0.0000	0.0000	0.0000	0.0000	0.0000	0.0000	2.0000	0.0000	0.0000	0.0000	0.0000	0.0000	0.0000	0.0000	0.0000	0.0000	0.0000	0.0000	0.0000	0.0000	0.0000	0.0000	0.0000	0.0000	0.0000	0.0000	0.0000	0.0000	0.0000	0.0000	0.0000	0.0000	0.0000	0.0000	0.0000	0.0000	0.0000	0.0000	0.0000	0.0000	0.0000	0.0000	0.0000	0.0000	0.0000	0.0000	0.0000	0.0000	0.0000	0.0000	0.0000	0.0000	0.0000	0.0000	0.0000	0.0000	0.0000	0.0000	0.0000	0.0000	0.0000											
4	6	0.0625	6	1	1	1	0	0	0	0	0	N	N	N	N	N	N	N	N	N	N	N	N	0.0000	0.0000	0.0000	0.0000	0.0000	0.0000	0.0000	0.0000	0.0000	0.0000	0.0000	0.0000	0.0000	0.0000	0.0000	0.0000	0.0000	0.0000	0.0000	0.0000	0.0000	2.9996	0.0000	1.0000	0.0000	0.0000	0.0000	0.0000	0.0000	0.0000	0.0000	0.0000	0.0000	0.0000	0.0000	0.0000	0.0000	0.0000	0.0000	0.0000	0.0000	0.0000	0.0000	0.0000	0.0000	0.0000	0.0000	0.0000	0.0000	0.0000	0.0000	0.0000	0.0000	0.0000	0.0000	0.0000	0.0000	0.0000	0.0000	0.0000	0.0000	0.0000	0.0000	0.0000	0.0000	0.0000	0.0000	0.0000	0.0000	0.0000	0.0000	0.0000	0.0000	0.0000	0.0000	0.0000	0.0000	0.0000											
4	7	0.6521	10	1	1	1	0	0	0	0	0	N	N	N	N	N	N	N	N	N	N	N	N	0.0000	0.0000	0.0000	0.0000	0.0000	0.0000	0.0000	0.0000	0.0000	0.0000	0.0000	0.0000	0.0000	0.0000	0.0000	0.0000	0.0000	0.0000	0.0000	0.0000	0.0000	1.4589	0.0000	1.1370	0.0000	0.0000	0.0000	0.0000	0.0000	0.0000	0.0000	0.0000	0.0000	0.0000	0.0000	0.0000	0.0000	0.0000	0.0000	0.0000	0.0000	0.0000	0.0000	0.0000	0.0000	0.0000	0.0000	0.0000	0.0000	0.0000	0.0000	0.0000	0.0000	0.0000	0.0000	0.0000	0.0000	0.0000	0.0000	0.0000	0.0000	0.0000	0.0000	0.0000	0.0000	0.0000	0.0000	0.0000	0.0000	0.0000	0.0000	0.0000	0.0000	0.0000	0.0000	0.0000	0.0000	0.0000											
4	8	0.6716	13	1	0	2	1	0	0	0	0	N	N	Y	N	N	N	N	N	N	N	N	N	0.0000	0.0000	0.0000	0.0000	0.0000	0.0000	0.0000	0.0000	0.0000	0.0000	0.0000	0.0000	0.0000	0.0000	0.0000	0.0000	0.0000	0.0000	0.0000	0.0000	0.0000	0.0000	0.0000	0.0000	0.0000	0.0000	0.0000	0.0000	0.0000	0.0000	0.0000	0.0000	0.0000	0.0000	0.0000	0.0000	0.0000	0.0000	0.0000	0.0000	0.0000	0.0000	0.0000	0.0000	0.0000	0.0000	0.0000	0.0000	0.0000	0.0000	0.0000	0.0000	0.0000	0.0000	0.0000	0.0000	0.0000	0.0000	0.0000	0.0000	0.0000	0.0000	0.0000	0.0000	0.0000	0.0000	0.0000	0.0000	0.0000	0.0000	0.0000	0.0000	0.0000	0.0000	0.0000	0.0000	0.0000	0.0000											
4	9	0.1198	10	1	0	2	1	0	0	0	0	N	N	Y	N	N	N	N	N	N	N	N	N	0.0000	0.0000	0.0000	0.0000	0.0000	0.0000	0.0000	0.0000	0.0000	0.0000	0.0000	0.0000	0.0000	0.0000	0.0000	0.0000	0.0000	0.0000	0.0000	0.0000	0.0000	0.0000	0.0000	2.0000	0.0000	0.0000	0.0000	0.0000	0.0000	0.0000	0.0000	0.0000	0.0000	0.0000	0.0000	0.0000	0.0000	0.0000	0.0000	0.0000	0.0000	0.0000	0.0000	0.0000	0.0000	0.0000	0.0000	0.0000	0.0000	0.0000	0.0000	0.0000	0.0000	0.0000	0.0000	0.0000	0.0000	0.0000	0.0000	0.0000	0.0000	0.0000	0.0000	0.0000	0.0000	0.0000	0.0000	0.0000	0.0000	0.0000	0.0000	0.0000	0.0000	0.0000	0.0000	0.0000	0.0000	0.0000											
4	10	0.6467	10	2	1	1	0	0	0	0	0	Y	N	N	N	N	N	N	N	N	N	N	N	0.0000	0.0000	0.0000	0.0000	0.0000	0.0000	0.0000	0.0000	0.0000	0.0000	0.0000	0.0000	0.0000	0.0000	0.0000	0.0000	0.0000	0.0000	0.0000	0.0000	0.0000	0.0266	0.0000	2.0614	0.0000	0.0000	0.0000	0.0000	0.0000	0.0000	0.0000	0.0000	0.0000	0.0000	0.0000	0.0000	0.0000	0.0000	0.0000	0.0000	0.0000	0.0000	0.0000	0.0000	0.0000	0.0000	0.0000	0.0000	0.0000	0.0000	0.0000	0.0000	0.0000	0.0000	0.0000	0.0000	0.0000	0.0000	0.0000	0.0000	0.0000	0.0000	0.0000	0.0000	0.0000	0.0000	0.0000	0.0000	0.0000	0.0000	0.0000	0.0000	0.0000	0.0000	0.0000	0.0000	0.0000	0.0000											
4	11	0.0212	5	2	1	1	0	0	0	0	0	Y	N	N	N	N	N	N	N	N	N	N	N	0.0000	0.0000	0.0000	0.0000	0.0000	0.0000	0.0000	0.0000	0.0000	0.0000	0.0000	0.0000	0.0000	0.0000	0.0000	0.0000	0.0000	0.0000	0.0000	0.0000	0.0000	6.9996	0.0000	1.0001	0.0000	0.0000	0.0000	0.0000	0.0000	0.0000	0.0000	0.0000	0.0000	0.0000	0.0000	0.0000	0.0000	0.0000	0.0000	0.0000	0.0000	0.0000	0.0000	0.0000	0.0000	0.0000	0.0000	0.0000	0.0000	0.0000	0.0000	0.0000	0.0000	0.0000	0.0000	0.0000	0.0000	0.0000	0.0000	0.0000	0.0000	0.0000	0.0000	0.0000	0.0000	0.0000	0.0000	0.0000	0.0000	0.0000	0.0000	0.0000	0.0000	0.0000	0.0000	0.0000	0.0000	0.0000											
4	12	0.6472	10	2	0	2	0	0	0	0	0	Y	N	Y	N	N	N	N	N	N	N	N	N	0.0000	0.0000	0.0000	0.0000	0.0000	0.0000	0.0000	0.0000	0.0000	0.0000	0.0000	0.0000	0.0000	0.0000	0.0000	0.0000	0.0000	0.0000	0.0000	0.0000	0.0000	0.0000	0.0000	1.0091	0.0000	0.0000	0.0000	0.0000	0.0000	0.0000	0.0000	0.0000	0.0000	0.0000	0.0000	0.0000	0.0000	0.0000	0.0000	0.0000	0.0000	0.0000	0.0000	0.0000	0.0000	0.0000	0.0000	0.0000	0.0000	0.0000	0.0000	0.0000	0.0000	0.0000	0.0000	0.0000	0.0000	0.0000	0.0000	0.0000	0.0000	0.0000	0.0000	0.0000	0.0000	0.0000	0.0000	0.0000	0.0000	0.0000	0.0000	0.0000	0.0000	0.0000	0.0000	0.0000	0.0000	0.0000											
4	15	0.6671	11	2	1	1	1	0	0	0	0	Y	N	N	N	N	N	N	N	N	N	N	N	0.0000	0.0000	0.0000	0.0000	0.0000	0.0000	0.0000	0.0000	0.0000	0.0000	0.0000	0.0000	0.0000	0.0000	0.0000	0.0000	0.0000	0.0000	0.0000	0.0000	0.0000	1.0049	0.0000	0.9915	0.0000	0.0000	0.0000	0.0000	0.0000	0.0000	0.0000	0.0000	0.0000	0.0000	0.0000	0.0000	0.0000	0.0000	0.0000	0.0000	0.0000	0.0000	0.0000	0.0000	0.0000	0.0000	0.0000	0.0000	0.0000	0.0000	0.0000	0.0000	0.0000	0.0000	0.0000	0.0000	0.0000	0.0000	0.0000	0.0000	0.0000	0.0000	0.0000	0.0000	0.0000	0.0000	0.0000	0.0000	0.0000	0.0000	0.0000	0.0000	0.0000	0.0000	0.0000	0.0000	0.0000	0.0000											
4	16	0.1576	10	2	1	1	1	0	0	0	0	Y	N	N	N	N	N	N	N	N	N	N	N	0.0000	0.0000	0.0000	0.0000	0.0000	0.0000	0.0000	0.0000	0.0000	0.0000	0.0000	0.0000	0.0000	0.0000	0.0000	0.0000	0.0000	0.0000	0.0000	0.0000	0.0000	2.0025	0.0000	0.0085	0.0000	0.0000	0.0000	0.0000	0.0000	0.0000	0.0000	0.0000	0.0000	0.0000	0.0000	0.0000	0.0000	0.0000	0.0000	0.0000	0.0000	0.0000	0.0000	0.0000	0.0000	0.0000	0.0000	0.0000	0.0000	0.0000	0.0000	0.0000	0.0000	0.0000	0.0000	0.0000	0.0000	0.0000	0.0000	0.0000	0.0000	0.0000	0.0000	0.0000	0.0000	0.0000	0.0000	0.0000	0.0000	0.0000	0.0000	0.0000	0.0000	0.0000	0.0000	0.0000	0.0000	0.0000											
4	17	0.6533	12	2	0	2	0	0	0	0	0	Y	N	Y	N	N	N	N	N	N	N	N	N	0.0000	0.0000	0.0000	0.0000	0.0000	0.0000	0.0000	0.0000	0.0000	0.0000	0.0000	0.0000	0.0000	0.0000	0.0000	0.0000	0.0000	0.0000	0.0000	0.0000	0.0000	0.0000	0.0000	0.0000	0.0000	0.0000	0.0000	0.0000	0.0000	0.0000	0.0000	0.0000	0.0000	0.0000	0.0000	0.0000	0.0000	0.0000	0.0000	0.0000	0.0000	0.0000	0.0000	0.0000	0.0000	0.0000	0.0000	0.0000	0.0000	0.0000	0.0000	0.0000	0.0000	0.0000	0.0000	0.0000	0.0000	0.0000	0.0000	0.0000	0.0000	0.0000	0.0000	0.0000	0.0000	0.0000	0.0000	0.0000	0.0000	0.0000	0.0000	0.0000	0.0000	0.0000	0.0000	0.0000	0.0000	0.0000											
4	18	0.1083	7	1	0	2	0	0	0	0	0	N	N	Y	N	N	N	N	N	N	N	N	N	0.0000	0.0000	0.0000	0.0000	0.0000	0.0000	0.0000	0.0000	0.0000	0.0000	0.0000	0.0000	0.0000	0.0000	0.0000	0.0000	0.0000	0.0000	0.0000	0.0000	0.0000	0.0000	0.0000	0.0000	0.0000	0.0000	0.0000	0.0000	0.0000	0.0000	0.0000	0.0000	0.0000	0.0000	0.0000	0.0000	0.0000	0.0000	0.0000	0.0000	0.0000	0.0000	0.0000	0.0000	0.0000	0.0000	0.0000	0.0000	0.0000	0.0000	0.0000	0.0000	0.0000	0.0000	0.0000	0.0000	0.0000	0.0000	0.0000	0.0000	0.0000	0.0000	0.0000	0.0000	0.0000	0.0000	0.0000	0.0000	0.0000	0.0000	0.0000	0.0000	0.0000	0.0000	0.0000	0.0000	0.0000	0.0000											
4	19	0.6186	9	2	1	1	0	0	0	0	0	Y	N	N	N	N	N	N	N	N	N	N	N	0.0000	0.0000	0.0000	0.0000	0.0000	0.0000	0.0000	0.0000	0.0000	0.0000	0.0000	0.0000	0.0000	0.0000	0.0000	0.0000	0.0000	0.0000	0.0000	0.0000	0.0000	3.0000	0.0000	0.0000	0.0000	0.0000	0.0000	0.0000	0.0000	0.0000	0.0000	0.0000	0.0000	0.0000	0.0000	0.0000	0.0000	0.0000	0.0000	0.0000	0.0000	0.0000	0.0000	0.0000	0.0000	0.0000	0.0000	0.0000	0.0000	0.0000	0.0000	0.0000	0.0000	0.0000	0.0000	0.0000	0.0000	0.0000	0.0000	0.0000	0.0000	0.0000	0.0000	0.0000	0.0000	0.0000	0.0000	0.0000	0.0000	0.0000	0.0000	0.0000	0.0000	0.0000	0.0000	0.0000	0.0000	0.0000											
4	20	0.6410	10	1	1	1	0	0	0	0	0	N	N	N	N	N	N	N	N	N	N	N	N	0.0000	0.0000	0.0000	0.0000	0.0000	0.0000	0.0000	0.0000	0.0000	0.0000	0.0000	0.0000	0.0000	0.0000	0.0000	0.0000	0.0000	0.0000	0.0000	0.0000	0.0000	0.0000	0.0000	1.0000	0.0000	0.0000	0.0000	0.0000	0.0000	0.0000	0.0000	0.0000	0.0000	0.0000	0.0000	0.0000	0.0000	0.0000	0.0000	0.0000	0.0000	0.0000	0.0000	0.0000	0.0000	0.0000	0.0000	0.0000	0.0000	0.0000	0.0000	0.0000	0.0000	0.0000	0.0000	0.0000	0.0000	0.0000	0.0000	0.0000	0.0000	0.0000	0.0000	0.0000	0.0000	0.0000	0.0000	0.0000	0.0000	0.0000	0.0000	0.0000	0.0000	0.0000	0.0000	0.0000	0.0000	0.0000											
4	21	0.6671	11	1	0	1	1	0	0	0	0	N	N	N	N	N	N	N	N	N	N	N	N	0.0000	0.0000	0.0000	0.0000	0.0000	0.0000	0.0000	0.0000	0.0000	0.0000	0.0000	0.0000	0.0000	0.0000	0.0000	0.0000	0.0000	0.0000	0.0000	0.0000	0.0000	2.0045	0.0000	0.0106	0.0000	0.0000	0.0000	0.0000	0.0000	0.0000	0.0000	0.0000	0.0000	0.0000	0.0000	0.0000	0.0000	0.0000	0.0000	0.0000	0.0000	0.0000	0.0000	0.0000	0.0000	0.0000	0.0000	0.0000	0.0000	0.0000	0.0000	0.0000	0.0000	0.0000	0.0000	0.0000	0.0000	0.0000	0.0000	0.0000	0.0000	0.0000	0.0000	0.0000	0.0000	0.0000	0.0000	0.0000	0.0000	0.0000	0.0000	0.0000	0.0000	0.0000	0.0000	0.0000	0.0000	0.0000											
4	22	0.6378	10	1	0	1	1	0	0	0	0	N	N	N	N	N	N	N	N	N	N	N	N	0.0000	0.0000	0.0000	0.0000	0.0000	0.0000	0.0000	0.0000	0.0000	0.0000	0.0000	0.0000	0.0000	0.0000	0.0000	0.0000	0.0000	0.0000	0.0000	0.0000	0.0000	1.9989	0.0000	1.0099	0.0000	0.0000	0.0000	0.0000	0.0000	0.0000	0.0000	0.0000	0.0000	0.0000	0.0000	0.0000	0.0000	0.0000	0.0000	0.0000	0.0000	0.0000	0.0000	0.0000	0.0000	0.0000	0.0000	0.0000	0.0000	0.0000	0.0000	0.0000	0.0000	0.0000	0.0000	0.0000	0.0000	0.0000	0.0000	0.0000	0.0000	0.0000	0.0000	0.0000	0.0000	0.0000	0.0000	0.0000	0.0000	0.0000	0.0000	0.0000	0.0000	0.0000	0.0000	0.0000	0.0000	0.0000											
4	23	0.1045	9	1	1	1	1	0	0	0	0	N	N	N	N	N	N	N	N	N	N	N	N	0.0000	0.0000	0.0000	0.0000	0.0000	0.0000	0.0000	0.0000	0.0000	0.0000	0.0000	0.0000	0.0000	0.0000	0.0000	0.0000	0.0000	0.0000	0.0000	0.0000	0.0000	0.0000	0.0000	1.0024	0.0000	0.0000	0.0000	0.0000	0.0000	0.0000	0.0000	0.0000	0.0000	0.0000	0.0000	0.0000	0.0000	0.0000	0.0000	0.0000	0.0000	0.0000	0.0000	0.0000	0.0000	0.0000	0.0000	0.0000	0.0000	0.0000	0.0000	0.0000	0.0000	0.0000	0.0000	0.0000	0.0000	0.0000	0.0000	0.0000	0.0000	0.0000	0.0000	0.0000	0.0000	0.0000	0.0000	0.0000	0.0000	0.0000	0.0000	0.0000	0.0000	0.0000	0.0000	0.0000	0.0000	0.0000											
4	24	0.6410	10	1	1	1	0	0	0	0	0	N	N	N	N	N	N	N	N	N	N	N	N	0.0000	0.0000	0.0000	0.0000	0.0000	0.0000	0.0000	0.0000	0.0000	0.0000	0.0000	0.0000	0.0000	0.0000	0.0000	0.0000	0.0000	0.0000	0.0000	0.0000	0.0000	0.0000	0.0000	0.0000	0.0000	0.0000	0.0000	0.0000	0.0000	0.0000	0.0000	0.0000	0.0000	0.0000	0.0000	0.0000	0.0000	0.0000	0.0000	0.0000	0.0000	0.0000	0.0000	0.0000	0.0000	0.0000	0.0000	0.0000	0.0000	0.0000	0.0000	0.0000	0.0000	0.0000	0.0000	0.0000	0.0000	0.0000	0.0000	0.0000	0.0000	0.0000	0.0000	0.0000	0.0000	0.0000	0.0000	0.0000	0.0000	0.0000	0.0000	0.0000	0.0000	0.0000	0.0000	0.0000	0.0000	0.0000											
4	25	0.0538	7	1	1	1	0	0	0	0	0	N	N	N	N	N	N	N	N	N	N	N	N	0.0000	0.0000	0.0000	0.0000	0.0000	0.0000	0.0000	0.0000	0.0000	0.0000	0.0000	0.0000	0.0000	0.0000	0.0000	0.0000	0.0000	0.0000	0.0000	0.0000	0.0000	0.9998	0.0000	0.0242	0.0000	0.0000	0.0000	0.0000	0.0000	0.0000	0.0000	0.0000	0.0000	0.0000	0.0000	0.0000	0.0000	0.0000	0.0000	0.0000	0.0000	0.0000	0.0000	0.0000	0.0000	0.0000	0.0000	0.0000	0.0000	0.0000	0.0000	0.0000	0.0000	0.0000	0.0000	0.0000	0.0000	0.0000	0.0000	0.0000	0.0000	0.0000	0.0000	0.0000	0.0000	0.0000	0.0000	0.0000	0.0000	0.0000	0.0000	0.0000	0.0000	0.0000	0.0000	0.0000	0.0000	0.0000											
4	26	0.1739	12	1	1	1	1	0	0	0	0	N	N	N	N	N	N	N	N	N	N	N	N	0.0000	0.0000	0.0000	0.0000	0.0000	0.0000	0.0000	0.0000	0.0000	0.0000	0.0000	0.0000	0.0000	0.0000	0.0000	0.0000	0.0000	0.0000	0.0000	0.0000	0.0000	0.0000	0.0000	0.0000	0.0000	0.0000	0.0000	0.0000	0.0000	0.0000	0.0000	0.0000	0.0000	0.0000	0.0000	0.0000	0.0000	0.0000	0.0000	0.0000	0.0000	0.0000	0.0000	0.0000	0.0000	0.0000	0.0000	0.0000	0.0000	0.0000	0.0000	0.0000	0.0000	0.0000	0.0000	0.0000	0.0000	0.0000	0.0000	0.0000	0.0000	0.0000	0.0000	0.0000	0.0000	0.0000	0.0000	0.0000	0.0000	0.0000	0.0000	0.0000	0.0000	0.0000	0.0000	0.0000	0.0000	0.0000											
4	27	0.6647	10	2	1	1	0	0	0	0	0	Y	N	N	N	N	N	N	N	N	N	N	N	0.0000	0.0000	0.0000	0.0000	0.0000	0.0000	0.0000	0.0000	0.0000	0.0000	0.0000	0.0000	0.0000	0.0000	0.0000	0.0000	0.0000	0.0000	0.0000	0.0000	0.0000	0.0418	0.0000	6.1659	0.0000	0.0000	0.0000	0.0000	0.0000	0.0000	0.0000	0.0000	0.0000	0.0000	0.0000	0.0000	0.0000	0.0000	0.0000	0.0000	0.0000	0.0000	0.0000	0.0000	0.0000	0.0000	0.0000	0.0000	0.0000	0.0000	0.0000	0.0000	0.0000	0.0000	0.0000	0.0000	0.0000	0.0000	0.0000	0.0000	0.0000	0.0000	0.0000	0.0000	0.0000	0.0000	0.0000	0.0000	0.0000	0.0000	0.0000	0.0000	0.0000	0.0000	0.0000	0.0000	0.0000	0.0000											
4	28	0.6716	13	1	0	1	1	0	0	0	0	N	N	N	N	N	N	N	N	N	N	N	N	0.0000	0.0000	0.0000	0.0000	0.0000	0.0000	0.0000	0.0000	0.0000	0.0000	0.0000	0.0000	0.0000	0.0000	0.0000	0.0000	0.0000	0.0000	0.0000	0.0000	0.0000	1.5398	0.0000	1.0296	0.0000	0.0000	0.0000	0.0000	0.0000	0.0000	0.0000	0.0000	0.0000	0.0000	0.0000	0.0000	0.0000	0.0000	0.0000	0.0000	0.0000	0.0000	0.0000	0.0000	0.0000	0.0000	0.0000	0.0000	0.0000	0.0000	0.0000	0.0000	0.0000	0.0000	0.0000	0.0000	0.0000	0.0000	0.0000	0.0000	0.0000	0.0000	0.0000	0.0000	0.0000	0.0000	0.0000	0.0000	0.0000	0.0000	0.0000	0.0000	0.0000	0.0000	0.0000	0.0000	0.0000	0.0000											
4	29	0.6665	12	1	0	1	1	0	0	0	0	N	N	N	N	N	N	N	N	N	N	N	N	0.0000	0.0000	0.0000	0.0000	0.0000	0.0000	0.0000	0.0000	0.0000	0.0000	0.0000	0.0000	0.0000	0.0000	0.0000	0.0000	0.0000	0.0000	0.0000	0.0000	0.0000	0.8816	0.0000	0.0702	0.0000	0.0000	0.0000	0.0000	0.0000	0.0000	0.0000	0.0000	0.0000	0.0000	0.0000	0.0000	0.0000	0.0000	0.0000	0.0000	0.0000	0.0000	0.0000	0.0000	0.0000	0.0000	0.0000	0.0000	0.0000	0.0000	0.0000	0.0000	0.0000	0.0000	0.0000	0.0000	0.0000	0.0000	0.0000	0.0000	0.0000	0.0000	0.0000	0.0000	0.0000	0.0000	0.0000	0.0000	0.0000	0.0000	0.0000	0.0000	0.0000	0.0000	0.0000	0.0000	0.0000	0.0000											
4	30	0.1198	10	1	0	1	1	0	0	0	0	N	N	N	N	N	N	N	N	N	N	N	N	0.0000	0.0000	0.0000	0.0000	0.0000	0.0000	0.0000	0.0000	0.0000	0.0000	0.0000	0.0000	0.0000	0.0000	0.0000	0.0000	0.0000	0.0000	0.0000	0.0000	0.0000	0.0000	0.0000	0.0000	0.0000	0.0000	0.0000	0.0000	0.0000	0.0000	0.0000	0.0000	0.0000	0.0000	0.0000	0.0000	0.0000	0.0000	0.0000	0.0000	0.0000	0.0000	0.0000	0.0000	0.0000	0.0000	0.0000	0.0000	0.0000	0.0000	0.0000	0.0000	0.0000	0.0000	0.0000	0.0000	0.0000	0.0000	0.0000	0.0000	0.0000	0.0000	0.0000	0.0000	0.0000	0.0000	0.0000	0.0000	0.0000	0.0000	0.0000	0.0000	0.0000	0.0000	0.0000	0.0000	0.0000	0.0000											
4	31	0.0442	6	2	0	2	0	0	0	0	0	Y	N	Y	N	N	N	N	N	N	N	N	N	0.0000	0.0000	0.0000	0.0000	0.0000	0.0000	0.0000	0.0000	0.0000	0.0000	0.0000	0.0000	0.0000	0.0000	0.0000	0.0000	0.0000	0.0000	0.0000	0.0000	0.0000	0.0000	0.0000	0.0000	0.0000	0.0000	0.0000	0.0000	0.0000	0.0000	0.0000	0.0000	0.0000	0.0000	0.0000	0.0000	0.0000	0.0000	0.0000	0.0000	0.0000	0.0000	0.0000	0.0000	0.0000	0.0000	0.0000	0.0000	0.0000	0.0000	0.0000	0.0000	0.0000	0.0000	0.0000	0.0000	0.0000	0.0000	0.0000	0.0000	0.0000	0.0000	0.0000	0.0000	0.0000	0.0000	0.0000	0.0000	0.0000	0.0000	0.0000	0.0000	0.0000	0.0000	0.0000	0.0000	0.0000	0.0000											
4	32	0.0625	6	1	1	1	0	0	0	0	0	N	N	N	N	N	N	N	N	N	N	N	N	0.0000	0.0000	0.0000	0.0000	0.0000	0.0000	0.0000	0.0000	0.0000	0.0000	0.0000	0.0000	0.0000	0.0000	0.0000	0.0000	0.0000	0.0000	0.0000	0.0000	0.0000	0.0006	0.0000	3.0000	0.0000	0.0000	0.0000	0.0000	0.0000	0.0000	0.0000	0.0000	0.0000	0.0000	0.0000	0.0000	0.0000	0.0000	0.0000	0.0000	0.0000	0.0000	0.0000	0.0000	0.0000	0.0000	0.0000	0.0000	0.0000	0.0000	0.0000	0.0000	0.0000	0.0000	0.0000	0.0000	0.0000	0.0000	0.0000	0.0000	0.0000	0.0000	0.0000	0.0000	0.0000	0.0000	0.0000	0.0000	0.0000	0.0000	0.0000	0.0000	0.0000	0.0000	0.0000	0.0000	0.0000	0.0000											
4	33	0.0625	6	1	1	1	0	0	0	0	0	N	N	N	N	N	N	N	N	N	N	N	N	0.0000	0.0000	0.0000	0.0000	0.0000	0.0000	0.0000	0.0000	0.0000	0.0000	0.0000	0.0000	0.0000	0.0000	0.0000	0.0000	0.0000	0.0000	0.0000	0.0000	0.0000	2.0006	0.0000	8.0000	0.0000	0.0000	0.0000	0.0000	0.0000	0.0000	0.0000	0.0000	0.0000	0.0000	0.0000	0.0000	0.0000	0.0000	0.0000	0.0000	0.0000	0.0000	0.0000	0.0000	0.0000	0.0000	0.0000	0.0000	0.0000	0.0000	0.0000	0.0000	0.0000	0.0000	0.0000	0.0000	0.0000	0.0000	0.0000	0.0000	0.0000	0.0000	0.0000	0.0000	0.0000	0.0000	0.0000	0.0000	0.0000	0.0000	0.0000	0.0000	0.0000	0.0000	0.0000	0.0000	0.0000	0.0000											
4	34	0.0212	5	2	1	1	0	0	0	0	0	Y	N	N	N	N	N	N	N	N	N	N	N	0.0000	0.0000	0.0000	0.0000	0.0000	0.0000	0.0000	0.0000	0.0000	0.0000	0.0000	0.0000	0.0000	0.0000	0.0000	0.0000	0.0000	0.0000	0.0000	0.0000	0.0000	10.0001	0.0000	4.0001	0.0000	0.0000	0.0000	0.0000	0.0000	0.0000	0.0000	0.0000	0.0000	0.0000	0.0000	0.0000	0.0000	0.0000	0.0000	0.0000	0.0000	0.0000	0.0000	0.0000	0.0000	0.0000	0.0000	0.0000	0.0000	0.0000	0.0000	0.0000	0.0000	0.0000	0.0000	0.0000	0.0000	0.0000	0.0000	0.0000	0.0000	0.0000	0.0000	0.0000	0.0000	0.0000	0.0000	0.0000	0.0000	0.0000	0.0000	0.0000	0.0000	0.0000	0.0000	0.0000	0.0000	0.0000											
4	35	0.0625	6	1	1	1	0	0	0	0	0	N	N	N	N	N	N	N	N	N	N	N	N	0.0000	0.0000	0.0000	0.0000	0.0000	0.0000	0.0000	0.0000	0.0000	0.0000	0.0000	0.0000	0.0000	0.0000	0.0000	0.0000	0.0000	0.0000	0.0000	0.0000	0.0000	3.0004	0.0000	2.0000	0.0000	0.0000	0.0000	0.0000	0.0000	0.0000	0.0000	0.0000	0.0000	0.0000	0.0000	0.0000	0.0000	0.0000	0.0000	0.0000	0.0000	0.0000	0.0000	0.0000	0.0000	0.0000	0.0000	0.0000	0.0000	0.0000	0.0000	0.0000	0.0000	0.0000	0.0000	0.0000	0.0000	0.0000	0.0000	0.0000	0.0000	0.0000	0.0000	0.0000	0.0000	0.0000	0.0000	0.0000	0.0000	0.0000	0.0000	0.0000	0.0000	0.0000	0.0000	0.0000	0.0000	0.0000											
4	36	0.6186	9	1	1	1	0	0	0	0	0	N	N	N	N	N	N	N	N	N	N	N	N	0.0000	0.0000	0.0000	0.0000	0.0000	0.0000	0.0000	0.0000	0.0000	0.0000	0.0000	0.0000	0.0000	0.0000	0.0000	0.0000	0.0000	0.0000	0.0000	0.0000	0.0000	3.0000	0.0000	3.0000	0.0000	0.0000	0.0000	0.0000	0.0000	0.0000	0.0000	0.0000	0.0000	0.0000	0.0000	0.0000	0.0000	0.0000	0.0000	0.0000	0.0000	0.0000	0.0000	0.0000	0.0000	0.0000	0.0000	0.0000	0.0000	0.0000	0.0000	0.0000	0.0000	0.0000	0.0000	0.0000	0.0000	0.0000	0.0000	0.0000	0.0000	0.0000	0.0000	0.0000	0.0000	0.0000	0.0000	0.0000	0.0000	0.0000	0.0000	0.0000	0.0000	0.0000	0.0000	0.0000	0.0000	0.0000											
4	37	0.0926	7	2	1	1	0	0	0	0	0	Y	N	N	N	N	N	N	N	N	N	N	N	0.0000	0.0000	0.0000	0.0000	0.0000	0.0000	0.0000	0.0000	0.0000	0.0000	0.0000	0.0000	0.0000	0.0000	0.0000	0.0000	0.0000	0.0000	0.0000	0.0000	0.0000	4.2779	0.0000	3.9542	0.0000	0.0000	0.0000	0.0000	0.0000	0.0000	0.0000	0.0000	0.0000	0.0000	0.0000	0.0000	0.0000	0.0000	0.0000	0.0000	0.0000	0.0000	0.0000	0.0000	0.0000	0.0000	0.0000	0.0000	0.0000	0.0000	0.0000	0.0000	0.0000	0.0000	0.0000	0.0000	0.0000	0.0000	0.0000	0.0000	0.0000	0.0000	0.0000	0.0000	0.0000	0.0000	0.0000	0.0000	0.0000	0.0000	0.0000	0.0000	0.0000	0.0000	0.0000	0.0000	0.0000	0.0000											
4	38	0.6852	13	2	1	1	0	0	0	0	0	Y	N	N	N	N	N	N	N	N	N	N	N	0.0000	0.0000	0.0000	0.0000	0.0000	0.0000	0.0000	0.0000	0.0000	0.0000	0.0000	0.0000	0.0000	0.0000	0.0000	0.0000	0.0000	0.0000	0.0000	0.0000	0.0000	2.8243	0.0000	1.0201	0.0000	0.0000	0.0000	0.0000	0.0000	0.0000	0.0000	0.0000	0.0000	0.0000	0.0000	0.0000	0.0000	0.0000	0.0000	0.0000	0.0000	0.0000	0.0000	0.0000	0.0000	0.0000	0.0000	0.0000	0.0000	0.0000	0.0000	0.0000	0.0000	0.0000	0.0000	0.0000	0.0000	0.0000	0.0000	0.0000	0.0000	0.0000	0.0000	0.0000	0.0000	0.0000	0.0000	0.0000	0.0000	0.0000	0.0000	0.0000	0.0000	0.0000	0.0000	0.0000	0.0000	0.0000											
4	39	0.0212	5	1	1	1	0	0	0	0	0	N	N	N	N	N	N	N	N	N	N	N	N	0.0000	0.0000	0.0000	0.0000	0.0000	0.0000	0.0000	0.0000	0.0000	0.0000	0.0000	0.0000	0.0000	0.0000	0.0000	0.0000	0.0000	0.0000	0.0000	0.0000	0.0000	5.0001	0.0000	5.0000	0.0000	0.0000	0.0000	0.0000	0.0000	0.0000	0.0000	0.0000	0.0000	0.0000	0.0000	0.0000	0.0000	0.0000	0.0000	0.0000	0.0000	0.0000	0.0000	0.0000	0.0000	0.0000	0.0000	0.0000	0.0000	0.0000	0.0000	0.0000	0.0000	0.0000	0.0000	0.0000	0.0000	0.0000	0.0000	0.0000	0.0000	0.0000	0.0000	0.0000	0.0000	0.0000	0.0000	0.0000	0.0000	0.0000	0.0000	0.0000	0.0000	0.0000	0.0000	0.0000	0.0000	0.0000											
4	40	0.6410	10	1	1	1	0	0	0	0	0	N	N	N	N	N	N	N	N	N	N	N	N	0.0000	0.0000	0.0000	0.0000	0.0000	0.0000	0.0000	0.0000	0.0000	0.0000	0.0000	0.0000	0.0000	0.0000	0.0000	0.0000	0.0000	0.0000	0.0000	0.0000	0.0000	0.0000	0.0000	2.0000	0.0000	0.0000	0.0000	0.0000	0.0000	0.0000	0.0000	0.0000	0.0000	0.0000	0.0000	0.0000	0.0000	0.0000	0.0000	0.0000	0.0000	0.0000	0.0000	0.0000	0.0000	0.0000	0.0000	0.0000	0.0000	0.0000	0.0000	0.0000	0.0000	0.0000	0.0000	0.0000	0.0000	0.0000	0.0000	0.0000	0.0000	0.0000	0.0000	0.0000	0.0000	0.0000	0.0000	0.0000	0.0000	0.0000	0.0000	0.0000	0.0000	0.0000	0.0000	0.0000	0.0000	0.0000											
4	41	0.0212	5	1	1	1	0	0	0	0	0	N	N	N	N	N	N	N	N	N	N	N	N	0.0000	0.0000	0.0000	0.0000	0.0000	0.0000	0.0000	0.0000	0.0000	0.0000	0.0000	0.0000	0.0000	0.0000	0.0000	0.0000	0.0000	0.0000	0.0000	0.0000	0.0000	5.9998	0.0000	3.0000	0.0000	0.0000	0.0000	0.0000	0.0000	0.0000	0.0000	0.0000	0.0000	0.0000	0.0000	0.0000	0.0000	0.0000	0.0000	0.0000	0.0000	0.0000	0.0000	0.0000	0.0000	0.0000	0.0000	0.0000	0.0000	0.0000	0.0000	0.0000	0.0000	0.0000	0.0000	0.0000	0.0000	0.0000	0.0000	0.0000	0.0000	0.0000	0.0000	0.0000	0.0000	0.0000	0.0000	0.0000	0.0000	0.0000	0.0000	0.0000	0.0000	0.0000	0.0000	0.0000	0.0000	0.0000											
4	42	0.7071	14	1	1	2	1	0	0	0	0	N	N	Y	N	N	N	N	N	N	N	N	N	0.0000	0.0000	0.0000	0.0000	0.0000	0.0000	0.0000	0.0000	0.0000	0.0000	0.0000	0.0000	0.0000	0.0000	0.0000	0.0000	0.0000	0.0000	0.0000	0.0000	0.0000	0.0011	0.0000	1.0134	0.0000	0.0000	0.0000	0.0000	0.0000	0.0000	0.0000	0.0000	0.0000	0.0000	0.0000	0.0000	0.0000	0.0000	0.0000	0.0000	0.0000	0.0000	0.0000	0.0000	0.0000	0.0000	0.0000	0.0000	0.0000	0.0000	0.0000	0.0000	0.0000	0.0000	0.0000	0.0000	0.0000	0.0000	0.0000	0.0000	0.0000	0.0000	0.0000	0.0000	0.0000	0.0000	0.0000	0.0000	0.0000	0.0000	0.0000	0.0000	0.0000	0.0000	0.0000	0.0000	0.0000	0.0000											
4	43	0.6852	13	1	0	1	1	0	0	0	0	N	N	N	N	N	N	N	N	N	N	N	N	0.0000	0.0000	0.0000	0.0000	0.0000	0.0000	0.0000	0.0000	0.0000	0.0000	0.0000	0.0000	0.0000	0.0000	0.0000	0.0000	0.0000	0.0000	0.0000	0.0000	0.0000	2.8187	0.0000	0.0347	0.0000	0.0000	0.0000	0.0000	0.0000	0.0000	0.0000	0.0000	0.0000	0.0000	0.0000	0.0000	0.0000	0.0000	0.0000	0.0000	0.0000	0.0000	0.0000	0.0000	0.0000	0.0000	0.0000	0.0000	0.0000	0.0000	0.0000	0.0000	0.0000	0.0000	0.0000	0.0000	0.0000	0.0000	0.0000	0.0000	0.0000	0.0000	0.0000	0.0000	0.0000	0.0000	0.0000	0.0000	0.0000	0.0000	0.0000	0.0000	0.0000	0.0000	0.0000	0.0000	0.0000	0.0000											
4	44	0.6726	12	1	0	1	0	0	0	0	0	N	N	N	N	N	N	N	N	N	N	N	N	0.0000	0.0000	0.0000	0.0000	0.0000	0.0000	0.0000	0.0000	0.0000	0.0000	0.0000	0.0000	0.0000	0.0000	0.0000	0.0000	0.0000	0.0000	0.0000	0.0000	0.0000	0.9605	0.0000	1.0076	0.0000	0.0000	0.0000	0.0000	0.0000	0.0000	0.0000	0.0000	0.0000	0.0000	0.0000	0.0000	0.0000	0.0000	0.0000	0.0000	0.0000	0.0000	0.0000	0.0000	0.0000	0.0000	0.0000	0.0000	0.0000	0.0000	0.0000	0.0000	0.0000	0.0000	0.0000	0.0000	0.0000	0.0000	0.0000	0.0000	0.0000	0.0000	0.0000	0.0000	0.0000	0.0000	0.0000	0.0000	0.0000	0.0000	0.0000	0.0000	0.0000	0.0000	0.0000	0.0000	0.0000	0.0000											
4	45	0.1157	9	1	1	2	1	0	0	0	0	N	N	Y	N	N	N	N	N	N	N	N	N	0.0000	0.0000	0.0000	0.0000	0.0000	0.0000	0.0000	0.0000	0.0000	0.0000	0.0000	0.0000	0.0000	0.0000	0.0000	0.0000	0.0000	0.0000	0.0000	0.0000	0.0000	1.0000	0.0000	1.0000	0.0000	0.0000	0.0000	0.0000	0.0000	0.0000	0.0000	0.0000	0.0000	0.0000	0.0000	0.0000	0.0000	0.0000	0.0000	0.0000	0.0000	0.0000	0.0000	0.0000	0.0000	0.0000	0.0000	0.0000	0.0000	0.0000	0.0000	0.0000	0.0000	0.0000	0.0000	0.0000	0.0000	0.0000	0.0000	0.0000	0.0000	0.0000	0.0000	0.0000	0.0000	0.0000	0.0000	0.0000	0.0000	0.0000	0.0000	0.0000	0.0000	0.0000	0.0000	0.0000	0.0000	0.0000											
4	46	0.6186	9	1	1	1	0	0	0	0	0	N	N	N	N	N	N	N	N	N	N	N	N	0.0000	0.0000	0.0000	0.0000	0.0000	0.0000	0.0000	0.0000	0.0000	0.0000	0.0000	0.0000	0.0000	0.0000	0.0000	0.0000	0.0000	0.0000	0.0000	0.0000	0.0000	0.0000	0.0000	0.0000	0.0000	0.0000	0.0000	0.0000	0.0000	0.0000	0.0000	0.0000	0.0000	0.0000	0.0000	0.0000	0.0000	0.0000	0.0000	0.0000	0.0000	0.0000	0.0000	0.0000	0.0000	0.0000	0.0000	0.0000	0.0000	0.0000	0.0000	0.0000	0.0000	0.0000	0.0000	0.0000	0.0000	0.0000	0.0000	0.0000	0.0000	0.0000	0.0000	0.0000	0.0000	0.0000	0.0000	0.0000	0.0000	0.0000	0.0000	0.0000	0.0000	0.0000	0.0000	0.0000	0.0000	0.0000											
4	47	0.6726	12	1	1	1	1	0	0	0	0	N	N	N	N	N	N	N	N	N	N	N	N	0.0000	0.0000	0.0000	0.0000	0.0000	0.0000	0.0000	0.0000	0.0000	0.0000	0.0000	0.0000	0.0000	0.0000	0.0000	0.0000	0.0000	0.0000	0.0000	0.0000	0.0000	0.0000	0.0000	1.0000	0.0000	0.0000	0.0000	0.0000	0.0000	0.0000	0.0000	0.0000	0.0000	0.0000	0.0000	0.0000	0.0000	0.0000	0.0000	0.0000	0.0000	0.0000	0.0000	0.0000	0.0000	0.0000	0.0000	0.0000	0.0000	0.0000	0.0000	0.0000	0.0000	0.0000	0.0000	0.0000	0.0000	0.0000	0.0000	0.0000	0.0000	0.0000	0.0000	0.0000	0.0000	0.0000	0.0000	0.0000	0.0000	0.0000	0.0000	0.0000	0.0000	0.0000	0.0000	0.0000	0.0000	0.0000											
4	48	0.6186	9	2	1	1	0	0	0	0	0	Y	N	N	N	N	N	N	N	N	N	N	N	0.0000	0.0000	0.0000	0.0000	0.0000	0.0000	0.0000	0.0000	0.0000	0.0000	0.0000	0.0000	0.0000	0.0000	0.0000	0.0000	0.0000	0.0000	0.0000	0.0000	0.0000	0.0000	0.0000	4.0000	0.0000	0.0000	0.0000	0.0000	0.0000	0.0000	0.0000	0.0000	0.0000	0.0000	0.0000	0.0000	0.0000	0.0000	0.0000	0.0000	0.0000	0.0000	0.0000	0.0000	0.0000	0.0000	0.0000	0.0000	0.0000	0.0000	0.0000	0.0000	0.0000	0.0000	0.0000	0.0000	0.0000	0.0000	0.0000	0.0000	0.0000	0.0000	0.0000	0.0000	0.0000	0.0000	0.0000	0.0000	0.0000	0.0000	0.0000	0.0000	0.0000	0.0000	0.0000	0.0000	0.0000	0.0000											
4	49	0.6933	13	1	0	2	0	0	0	0	0	N	N	Y	N	N	N	N	N	N	N	N	N	0.0000	0.0000	0.0000	0.0000	0.0000	0.0000	0.0000	0.0000	0.0000	0.0000	0.0000	0.0000	0.0000	0.0000	0.0000	0.0000	0.0000	0.0000	0.0000	0.0000	0.0000	0.0000	0.0000	0.0000	0.0000	0.0000	0.0000	0.0000	0.0000	0.0000	0.0000	0.0000	0.0000	0.0000	0.0000	0.0000	0.0000	0.0000	0.0000	0.0000	0.0000	0.0000	0.0000	0.0000	0.0000	0.0000	0.0000	0.0000	0.0000	0.0000	0.0000	0.0000	0.0000	0.0000	0.0000	0.0000	0.0000	0.0000	0.0000	0.0000	0.0000	0.0000	0.0000	0.0000	0.0000	0.0000	0.0000	0.0000	0.0000	0.0000	0.0000	0.0000	0.0000	0.0000	0.0000	0.0000	0.0000	0.0000											
4	50	0.1247	8	1	0	2	0	0	0	0	0	N	N	Y	N	N	N	N	N	N	N	N	N	0.0000	0.0000	0.0000	0.0000	0.0000	0.0000	0.0000	0.0000	0.0000	0.0000	0.0000	0.0000	0.0000	0.0000	0.0000	0.0000	0.0000	0.0000	0.0000	0.0000	0.0000	1.0000	0.0000	1.0000	0.0000	0.0000	0.0000	0.0000	0.0000	0.0000	0.0000	0.0000	0.0000	0.0000	0.0000	0.0000	0.0000	0.0000	0.0000	0.0000	0.0000	0.0000	0.0000	0.0000	0.0000	0.0000	0.0000	0.0000	0.0000	0.0000	0.0000	0.0000	0.0000	0.0000	0.0000	0.0000	0.0000	0.0000	0.0000	0.0000	0.0000	0.0000	0.0000	0.0000	0.0000	0.0000	0.0000	0.0000	0.0000	0.0000	0.0000	0.0000	0.0000	0.0000	0.0000	0.0000	0.0000	0.0000											
4	51	0.1292	8	1	1	1	0	0	0	0	0	N	N	N	N	N	N	N	N	N	N	N	N	0.0000	0.0000	0.0000	0.0000	0.0000	0.0000	0.0000	0.0000	0.0000	0.0000	0.0000	0.0000	0.0000	0.0000	0.0000	0.0000	0.0000	0.0000	0.0000	0.0000	0.0000	0.0003	0.0000	0.9690	0.0000	0.0000	0.0000	0.0000	0.0000	0.0000	0.0000	0.0000	0.0000	0.0000	0.0000	0.0000	0.0000	0.0000	0.0000	0.0000	0.0000	0.0000	0.0000	0.0000	0.0000	0.0000	0.0000	0.0000	0.0000	0.0000	0.0000	0.0000	0.0000	0.0000	0.0000	0.0000	0.0000	0.0000	0.0000	0.0000	0.0000	0.0000	0.0000	0.0000	0.0000	0.0000	0.0000	0.0000	0.0000	0.0000	0.0000	0.0000	0.0000	0.0000	0.0000	0.0000	0.0000	0.0000											
4	52	0.6966	13	1	1	1	0	0	0	0	0	N	N	N	N	N	N	N	N	N	N	N	N	0.0000	0.0000	0.0000	0.0000	0.0000	0.0000	0.0000	0.0000	0.0000	0.0000	0.0000	0.0000	0.0000	0.0000	0.0000	0.0000	0.0000	0.0000	0.0000	0.0000	0.0000	0.9211	0.0000	0.1671	0.0000	0.0000	0.0000	0.0000	0.0000	0.0000	0.0000	0.0000	0.0000	0.0000	0.0000	0.0000	0.0000	0.0000	0.0000	0.0000	0.0000	0.0000	0.0000	0.0000	0.0000	0.0000	0.0000	0.0000	0.0000	0.0000	0.0000	0.0000	0.0000	0.0000	0.0000	0.0000	0.0000	0.0000	0.0000	0.0000	0.0000	0.0000	0.0000	0.0000	0.0000	0.0000	0.0000	0.0000	0.0000	0.0000	0.0000	0.0000	0.0000	0.0000	0.0000	0.0000	0.0000	0.0000											
4	53	0.1157	9	1	1	1	0	0	0	0	0	N	N	N	N	N	N	N	N	N	N	N	N	0.0000	0.0000	0.0000	0.0000	0.0000	0.0000	0.0000	0.0000	0.0000	0.0000	0.0000	0.0000	0.0000	0.0000	0.0000	0.0000	0.0000	0.0000	0.0000	0.0000	0.0000	1.0000	0.0000	5.0000	0.0000	0.0000	0.0000	0.0000	0.0000	0.0000	0.0000	0.0000	0.0000	0.0000	0.0000	0.0000	0.0000	0.0000	0.0000	0.0000	0.0000	0.0000	0.0000	0.0000	0.0000	0.0000	0.0000	0.0000	0.0000	0.0000	0.0000	0.0000	0.0000	0.0000	0.0000	0.0000	0.0000	0.0000	0.0000	0.0000	0.0000	0.0000	0.0000	0.0000	0.0000	0.0000	0.0000	0.0000	0.0000	0.0000	0.0000	0.0000	0.0000	0.0000	0.0000	0.0000	0.0000	0.0000											
4	54	0.1004	8	1	0	1	0	0	0	0	0	N	N	N	N	N	N	N	N	N	N	N	N	0.0000	0.0000	0.0000	0.0000	0.0000	0.0000	0.0000	0.0000	0.0000	0.0000	0.0000	0.0000	0.0000	0.0000	0.0000	0.0000	0.0000	0.0000	0.0000	0.0000	0.0000	0.0000	0.0000	2.9157	0.0000	0.0000	0.0000	0.0000	0.0000	0.0000	0.0000	0.0000	0.0000	0.0000	0.0000	0.0000	0.0000	0.0000	0.0000	0.0000	0.0000	0.0000	0.0000	0.0000	0.0000	0.0000	0.0000	0.0000	0.0000	0.0000	0.0000	0.0000	0.0000	0.0000	0.0000	0.0000	0.0000	0.0000	0.0000	0.0000	0.0000	0.0000	0.0000	0.0000	0.0000	0.0000	0.0000	0.0000	0.0000	0.0000	0.0000	0.0000	0.0000	0.0000	0.0000	0.0000	0.0000	0.0000											
4	55	0.6726	12	1	1	1	0	0	0	0	0	N	N	N	N	N	N	N	N	N	N	N	N	0.0000	0.0000	0.0000	0.0000	0.0000	0.0000	0.0000	0.0000	0.0000	0.0000	0.0000	0.0000	0.0000	0.0000	0.0000	0.0000	0.0000	0.0000	0.0000	0.0000	0.0000	2.0000	0.0000	3.0000	0.0000	0.0000	0.0000	0.0000	0.0000	0.0000	0.0000	0.0000	0.0000	0.0000	0.0000	0.0000	0.0000	0.0000	0.0000	0.0000	0.0000	0.0000	0.0000	0.0000	0.0000	0.0000	0.0000	0.0000	0.0000	0.0000	0.0000	0.0000	0.0000	0.0000	0.0000	0.0000	0.0000	0.0000	0.0000	0.0000	0.0000	0.0000	0.0000	0.0000	0.0000	0.0000	0.0000	0.0000	0.0000	0.0000	0.0000	0.0000	0.0000	0.0000	0.0000	0.0000	0.0000	0.0000											
4	56	0.0926	7	1	1	1	1	0	0	0	0	N	N	N	N	N	N	N	N	N	N	N	N	0.0000	0.0000	0.0000	0.0000	0.0000	0.0000	0.0000	0.0000	0.0000	0.0000	0.0000	0.0000	0.0000	0.0000	0.0000	0.0000	0.0000	0.0000	0.0000	0.0000	0.0000	1.7218	0.0000	6.9557	0.0000	0.0000	0.0000	0.0000	0.0000	0.0000	0.0000	0.0000	0.0000	0.0000	0.0000	0.0000	0.0000	0.0000	0.0000	0.0000	0.0000	0.0000	0.0000	0.0000	0.0000	0.0000	0.0000	0.0000	0.0000	0.0000	0.0000	0.0000	0.0000	0.0000	0.0000	0.0000	0.0000	0.0000	0.0000	0.0000	0.0000	0.0000	0.0000	0.0000	0.0000	0.0000	0.0000	0.0000	0.0000	0.0000	0.0000	0.0000	0.0000	0.0000	0.0000	0.0000	0.0000	0.0000											
4	57	0.0212	5	2	0	2	0	0	0	0	0	Y	N	Y	N	N	N	N	N	N	N	N	N	0.0000	0.0000	0.0000	0.0000	0.0000	0.0000	0.0000	0.0000	0.0000	0.0000	0.0000	0.0000	0.0000	0.0000	0.0000	0.0000	0.0000	0.0000	0.0000	0.0000	0.0000	8.9999	0.0000	5.0001	0.0000	0.0000	0.0000	0.0000	0.0000	0.0000	0.0000	0.0000	0.0000	0.0000	0.0000	0.0000	0.0000	0.0000	0.0000	0.0000	0.0000	0.0000	0.0000	0.0000	0.0000	0.0000	0.0000	0.0000	0.0000	0.0000	0.0000	0.0000	0.0000	0.0000	0.0000	0.0000	0.0000	0.0000	0.0000	0.0000	0.0000	0.0000	0.0000	0.0000	0.0000	0.0000	0.0000	0.0000	0.0000	0.0000	0.0000	0.0000	0.0000	0.0000	0.0000	0.0000	0.0000	0.0000											
4	58	0.6186	9	2	0	2	0	0	0	0	0	Y	N	Y	N	N	N	N	N	N	N	N	N	0.0000	0.0000	0.0000	0.0000	0.0000	0.0000	0.0000	0.0000	0.0000	0.0000	0.0000	0.0000	0.0000	0.0000	0.0000	0.0000	0.0000	0.0000	0.0000	0.0000	0.0000	0.0000	0.0000	1.0000	0.0000	0.0000	0.0000	0.0000	0.0000	0.0000	0.0000	0.0000	0.0000	0.0000	0.0000	0.0000	0.0000	0.0000	0.0000	0.0000	0.0000	0.0000	0.0000	0.0000	0.0000	0.0000	0.0000	0.0000	0.0000	0.0000	0.0000	0.0000	0.0000	0.0000	0.0000	0.0000	0.0000	0.0000	0.0000	0.0000	0.0000	0.0000	0.0000	0.0000	0.0000	0.0000	0.0000	0.0000	0.0000	0.0000	0.0000	0.0000	0.0000	0.0000	0.0000	0.0000	0.0000	0.0000											
4	59	0.1292	8	1	0	2	0	0	0	0	0	N	N	Y	N	N	N	N	N	N	N	N	N	0.0000	0.0000	0.0000	0.0000	0.0000	0.0000	0.0000	0.0000	0.0000	0.0000	0.0000	0.0000	0.0000	0.0000	0.0000	0.0000	0.0000	0.0000	0.0000	0.0000	0.0000	0.0006	0.0000	1.1867	0.0000	0.0000	0.0000	0.0000	0.0000	0.0000	0.0000	0.0000	0.0000	0.0000	0.0000	0.0000	0.0000	0.0000	0.0000	0.0000	0.0000	0.0000	0.0000	0.0000	0.0000	0.0000	0.0000	0.0000	0.0000	0.0000	0.0000	0.0000	0.0000	0.0000	0.0000	0.0000	0.0000	0.0000	0.0000	0.0000	0.0000	0.0000	0.0000	0.0000	0.0000	0.0000	0.0000	0.0000	0.0000	0.0000	0.0000	0.0000	0.0000	0.0000	0.0000	0.0000	0.0000	0.0000											
4	60	0.0926	7	1	0	1	0	0	0	0	0	N	N	N	N	N	N	N	N	N	N	N	N	0.0000	0.0000	0.0000	0.0000	0.0000	0.0000	0.0000	0.0000	0.0000	0.0000	0.0000	0.0000	0.0000	0.0000	0.0000	0.0000	0.0000	0.0000	0.0000	0.0000	0.0000	2.2785	0.0000	4.8627	0.0000	0.0000	0.0000	0.0000	0.0000	0.0000	0.0000	0.0000	0.0000	0.0000	0.0000	0.0000	0.0000	0.0000	0.0000	0.0000	0.0000	0.0000	0.0000	0.0000	0.0000	0.0000	0.0000	0.0000	0.0000	0.0000	0.0000	0.0000	0.0000	0.0000	0.0000	0.0000	0.0000	0.0000	0.0000	0.0000	0.0000	0.0000	0.0000	0.0000	0.0000	0.0000	0.0000	0.0000	0.0000	0.0000	0.0000	0.0000	0.0000	0.0000	0.0000	0.0000	0.0000	0.0000											
4	61	0.6966	13	1	0	2	0	0	0	0	0	N	N	Y	N	N	N	N	N	N	N	N	N	0.0000	0.0000	0.0000	0.0000	0.0000	0.0000	0.0000	0.0000	0.0000	0.0000	0.0000	0.0000	0.0000	0.0000	0.0000	0.0000	0.0000	0.0000	0.0000	0.0000	0.0000	1.0901	0.0000	7.9319	0.0000	0.0000	0.0000	0.0000	0.0000	0.0000	0.0000	0.0000	0.0000	0.0000	0.0000	0.0000	0.0000	0.0000	0.0000	0.0000	0.0000	0.0000	0.0000	0.0000	0.0000	0.0000	0.0000	0.0000	0.0000	0.0000	0.0000	0.0000	0.0000	0.0000	0.0000	0.0000	0.0000	0.0000	0.0000	0.0000	0.0000	0.0000	0.0000	0.0000	0.0000	0.0000	0.0000	0.0000	0.0000	0.0000	0.0000	0.0000	0.0000	0.0000	0.0000	0.0000	0.0000	0.0000											
4	62	0.6665	12	1	0	1	0	0	0	0	0	N	N	N	N	N	N	N	N	N	N	N	N	0.0000	0.0000	0.0000	0.0000	0.0000	0.0000	0.0000	0.0000	0.0000	0.0000	0.0000	0.0000	0.0000	0.0000	0.0000	0.0000	0.0000	0.0000	0.0000	0.0000	0.0000	1.6797	0.0000	2.9843	0.0000	0.0000	0.0000	0.0000	0.0000	0.0000	0.0000	0.0000	0.0000	0.0000	0.0000	0.0000	0.0000	0.0000	0.0000	0.0000	0.0000	0.0000	0.0000	0.0000	0.0000	0.0000	0.0000	0.0000	0.0000	0.0000	0.0000	0.0000	0.0000	0.0000	0.0000	0.0000	0.0000	0.0000	0.0000	0.0000	0.0000	0.0000	0.0000	0.0000	0.0000	0.0000	0.0000	0.0000	0.0000	0.0000	0.0000	0.0000	0.0000	0.0000	0.0000	0.0000	0.0000	0.0000											
4	63	0.6564	11	1	0	1	0	0	0	0	0	N	N	N	N	N	N	N	N	N	N	N	N	0.0000	0.0000	0.0000	0.0000	0.0000	0.0000	0.0000	0.0000	0.0000	0.0000	0.0000	0.0000	0.0000	0.0000	0.0000	0.0000	0.0000	0.0000	0.0000	0.0000	0.0000	0.4935	0.0000	1.5835	0.0000	0.0000	0.0000	0.0000	0.0000	0.0000	0.0000	0.0000	0.0000	0.0000	0.0000	0.0000	0.0000	0.0000	0.0000	0.0000	0.0000	0.0000	0.0000	0.0000	0.0000	0.0000	0.0000	0.0000	0.0000	0.0000	0.0000	0.0000	0.0000	0.0000	0.0000	0.0000	0.0000	0.0000	0.0000	0.0000	0.0000	0.0000	0.0000	0.0000	0.0000	0.0000	0.0000	0.0000	0.0000	0.0000	0.0000	0.0000	0.0000	0.0000	0.0000	0.0000	0.0000	0.0000											
4	64	0.6933	13	1	1	1	0	0	0	0	0	N	N	N	N	N	N	N	N	N	N	N	N	0.0000	0.0000	0.0000	0.0000	0.0000	0.0000	0.0000	0.0000	0.0000	0.0000	0.0000	0.0000	0.0000	0.0000	0.0000	0.0000	0.0000	0.0000	0.0000	0.0000	0.0000	0.2944	0.0000	1.0083	0.0000	0.0000	0.0000	0.0000	0.0000	0.0000	0.0000	0.0000	0.0000	0.0000	0.0000	0.0000	0.0000	0.0000	0.0000	0.0000	0.0000	0.0000	0.0000	0.0000	0.0000	0.0000	0.0000	0.0000	0.0000	0.0000	0.0000	0.0000	0.0000	0.0000	0.0000	0.0000	0.0000	0.0000	0.0000	0.0000	0.0000	0.0000	0.0000	0.0000	0.0000	0.0000	0.0000	0.0000	0.0000	0.0000	0.0000	0.0000	0.0000	0.0000	0.0000	0.0000	0.0000	0.0000											
4	65	0.6726	12	1	0	1	0	0	0	0	0	N	N	N	N	N	N	N	N	N	N	N	N	0.0000	0.0000	0.0000	0.0000	0.0000	0.0000	0.0000	0.0000	0.0000	0.0000	0.0000	0.0000	0.0000	0.0000	0.0000	0.0000	0.0000	0.0000	0.0000	0.0000	0.0000	1.1351	0.0000	2.0429	0.0000	0.0000	0.0000	0.0000	0.0000	0.0000	0.0000	0.0000	0.0000	0.0000	0.0000	0.0000	0.0000	0.0000	0.0000	0.0000	0.0000	0.0000	0.0000	0.0000	0.0000	0.0000	0.0000	0.0000	0.0000	0.0000	0.0000	0.0000	0.0000	0.0000	0.0000	0.0000	0.0000	0.0000	0.0000	0.0000	0.0000	0.0000	0.0000	0.0000	0.0000	0.0000	0.0000	0.0000	0.0000	0.0000	0.0000	0.0000	0.0000	0.0000	0.0000	0.0000	0.0000	0.0000											
4	66	0.6564	11	1	0	1	0	0	0	0	0	N	N	N	N	N	N	N	N	N	N	N	N	0.0000	0.0000	0.0000	0.0000	0.0000	0.0000	0.0000	0.0000	0.0000	0.0000	0.0000	0.0000	0.0000	0.0000	0.0000	0.0000	0.0000	0.0000	0.0000	0.0000	0.0000	0.4912	0.0000	2.4266	0.0000	0.0000	0.0000	0.0000	0.0000	0.0000	0.0000	0.0000	0.0000	0.0000	0.0000	0.0000	0.0000	0.0000	0.0000	0.0000	0.0000	0.0000	0.0000	0.0000	0.0000	0.0000	0.0000	0.0000	0.0000	0.0000	0.0000	0.0000	0.0000	0.0000	0.0000	0.0000	0.0000	0.0000	0.0000	0.0000	0.0000	0.0000	0.0000	0.0000	0.0000	0.0000	0.0000	0.0000	0.0000	0.0000	0.0000	0.0000	0.0000	0.0000	0.0000	0.0000	0.0000	0.0000											
4	67	0.6512	10	1	0	1	0	0	0	0	0	N	N	N	N	N	N	N	N	N	N	N	N	0.0000	0.0000	0.0000	0.0000	0.0000	0.0000	0.0000	0.0000	0.0000	0.0000	0.0000	0.0000	0.0000	0.0000	0.0000	0.0000	0.0000	0.0000	0.0000	0.0000	0.0000	0.6141	0.0000	1.2701	0.0000	0.0000	0.0000	0.0000	0.0000	0.0000	0.0000	0.0000	0.0000	0.0000	0.0000	0.0000	0.0000	0.0000	0.0000	0.0000	0.0000	0.0000	0.0000	0.0000	0.0000	0.0000	0.0000	0.0000	0.0000	0.0000	0.0000	0.0000	0.0000	0.0000	0.0000	0.0000	0.0000	0.0000	0.0000	0.0000	0.0000	0.0000	0.0000	0.0000	0.0000	0.0000	0.0000	0.0000	0.0000	0.0000	0.0000	0.0000	0.0000	0.0000	0.0000	0.0000	0.0000	0.0000											
4	68	0.6186	9	2	1	2	0	0	0	0	0	Y	N	Y	N	N	N	N	N	N	N	N	N	0.0000	0.0000	0.0000	0.0000	0.0000	0.0000	0.0000	0.0000	0.0000	0.0000	0.0000	0.0000	0.0000	0.0000	0.0000	0.0000	0.0000	0.0000	0.0000	0.0000	0.0000	0.0000	0.0000	0.0000	0.0000	0.0000	0.0000	0.0000	0.0000	0.0000	0.0000	0.0000	0.0000	0.0000	0.0000	0.0000	0.0000	0.0000	0.0000	0.0000	0.0000	0.0000	0.0000	0.0000	0.0000	0.0000	0.0000	0.0000	0.0000	0.0000	0.0000	0.0000	0.0000	0.0000	0.0000	0.0000	0.0000	0.0000	0.0000	0.0000	0.0000	0.0000	0.0000	0.0000	0.0000	0.0000	0.0000	0.0000	0.0000	0.0000	0.0000	0.0000	0.0000	0.0000	0.0000	0.0000	0.0000	0.0000											
4	69	0.0665	7	2	1	2	0	0	0	0	0	Y	N	Y	N	N	N	N	N	N	N	N	N	0.0000	0.0000	0.0000	0.0000	0.0000	0.0000	0.0000	0.0000	0.0000	0.0000	0.0000	0.0000	0.0000	0.0000	0.0000	0.0000	0.0000	0.0000	0.0000	0.0000	0.0000	1.0000	0.0000	0.0000	0.0000	0.0000	0.0000	0.0000	0.0000	0.0000	0.0000	0.0000	0.0000	0.0000	0.0000	0.0000	0.0000	0.0000	0.0000	0.0000	0.0000	0.0000	0.0000	0.0000	0.0000	0.0000	0.0000	0.0000	0.0000	0.0000	0.0000	0.0000	0.0000	0.0000	0.0000	0.0000	0.0000	0.0000	0.0000	0.0000	0.0000	0.0000	0.0000	0.0000	0.0000	0.0000	0.0000	0.0000	0.0000	0.0000	0.0000	0.0000	0.0000	0.0000	0.0000	0.0000	0.0000	0.0000											
4	70	0.0665	7	2	1	2	0	0	0	0	0	Y	N	Y	N	N	N	N	N	N	N	N	N	0.0000	0.0000	0.0000	0.0000	0.0000	0.0000	0.0000	0.0000	0.0000	0.0000	0.0000	0.0000	0.0000	0.0000	0.0000	0.0000	0.0000	0.0000	0.0000	0.0000	0.0000	0.0000	0.0000	0.0000	0.0000	0.0000	0.0000	0.0000	0.0000	0.0000	0.0000	0.0000	0.0000	0.0000	0.0000	0.0000	0.0000	0.0000	0.0000	0.0000	0.0000	0.0000	0.0000	0.0000	0.0000	0.0000	0.0000	0.0000	0.0000	0.0000	0.0000	0.0000	0.0000	0.0000	0.0000	0.0000	0.0000	0.0000	0.0000	0.0000	0.0000	0.0000	0.0000	0.0000	0.0000	0.0000	0.0000	0.0000	0.0000	0.0000	0.0000	0.0000	0.0000	0.0000	0.0000	0.0000	0.0000	0.0000											
4	71	0.0442	6	2	1	2	0	0	0	0	0	Y	N	Y	N	N	N	N	N	N	N	N	N	0.0000	0.0000	0.0000	0.0000	0.0000	0.0000	0.0000	0.0000	0.0000	0.0000	0.0000	0.0000	0.0000	0.0000	0.0000	0.0000	0.0000	0.0000	0.0000	0.0000	0.0000	2.0000	0.0000	1.0000	0.0000	0.0000	0.0000	0.0000	0.0000	0.0000	0.0000	0.0000	0.0000	0.0000	0.0000	0.0000	0.0000	0.0000	0.0000	0.0000	0.0000	0.0000	0.0000	0.0000	0.0000	0.0000	0.0000	0.0000	0.0000	0.0000	0.0000	0.0000	0.0000	0.0000	0.0000	0.0000	0.0000	0.0000	0.0000	0.0000	0.0000	0.0000	0.0000	0.0000	0.0000	0.0000	0.0000	0.0000	0.0000	0.0000	0.0000	0.0000	0.0000	0.0000	0.0000	0.0000	0.0000	0.0000											
4	72	0.0212	5	2	0	2	0	0	0	0	0	Y	N	Y	N	N	N	N	N	N	N	N	N	0.0000	0.0000	0.0000	0.0000	0.0000	0.0000	0.0000	0.0000	0.0000	0.0000	0.0000	0.0000	0.0000	0.0000	0.0000	0.0000	0.0000	0.0000	0.0000	0.0000	0.0000	1.0017	0.0000	2.0007	0.0000	0.0000	0.0000	0.0000	0.0000	0.0000	0.0000	0.0000	0.0000	0.0000	0.0000	0.0000	0.0000	0.0000	0.0000	0.0000	0.0000	0.0000	0.0000	0.0000	0.0000	0.0000	0.0000	0.0000	0.0000	0.0000	0.0000	0.0000	0.0000	0.0000	0.0000	0.0000	0.0000	0.0000	0.0000	0.0000	0.0000	0.0000	0.0000	0.0000	0.0000	0.0000	0.0000	0.0000	0.0000	0.0000	0.0000	0.0000	0.0000	0.0000	0.0000	0.0000	0.0000	0.0000											
4	73	0.6378	10	2	1	1	0	0	0	0	0	Y	N	N	N	N	N	N	N	N	N	N	N	0.0000	0.0000	0.0000	0.0000	0.0000	0.0000	0.0000	0.0000	0.0000	0.0000	0.0000	0.0000	0.0000	0.0000	0.0000	0.0000	0.0000	0.0000	0.0000	0.0000	0.0000	0.0000	0.0000	0.0000	0.0000	0.0000	0.0000	0.0000	0.0000	0.0000	0.0000	0.0000	0.0000	0.0000	0.0000	0.0000	0.0000	0.0000	0.0000	0.0000	0.0000	0.0000	0.0000	0.0000	0.0000	0.0000	0.0000	0.0000	0.0000	0.0000	0.0000	0.0000	0.0000	0.0000	0.0000	0.0000	0.0000	0.0000	0.0000	0.0000	0.0000	0.0000	0.0000	0.0000	0.0000	0.0000	0.0000	0.0000	0.0000	0.0000	0.0000	0.0000	0.0000	0.0000	0.0000	0.0000	0.0000	0.0000											
4	74	0.1307	8	2	1	1	0	0	0	0	0	Y	N	N	N	N	N	N	N	N	N	N	N	0.0000	0.0000	0.0000	0.0000	0.0000	0.0000	0.0000	0.0000	0.0000	0.0000	0.0000	0.0000	0.0000	0.0000	0.0000	0.0000	0.0000	0.0000	0.0000	0.0000	0.0000	0.0000	0.0000	0.0010	0.0000	0.0000	0.0000	0.0000	0.0000	0.0000	0.0000	0.0000	0.0000	0.0000	0.0000	0.0000	0.0000	0.0000	0.0000	0.0000	0.0000	0.0000	0.0000	0.0000	0.0000	0.0000	0.0000	0.0000	0.0000	0.0000	0.0000	0.0000	0.0000	0.0000	0.0000	0.0000	0.0000	0.0000	0.0000	0.0000	0.0000	0.0000	0.0000	0.0000	0.0000	0.0000	0.0000	0.0000	0.0000	0.0000	0.0000	0.0000	0.0000	0.0000	0.0000	0.0000	0.0000	0.0000											
4	75	0.1198	10	1	1	1	1	0	0	0	0	N	N	N	N	N	N	N	N	N	N	N	N	0.0000	0.0000	0.0000	0.0000	0.0000	0.0000	0.0000	0.0000	0.0000	0.0000	0.0000	0.0000	0.0000	0.0000	0.0000	0.0000	0.0000	0.0000	0.0000	0.0000	0.0000	0.0000	0.0000	0.0000	0.0000	0.0000	0.0000	0.0000	0.0000	0.0000	0.0000	0.0000	0.0000	0.0000	0.0000	0.0000	0.0000	0.0000	0.0000	0.0000	0.0000	0.0000	0.0000	0.0000	0.0000	0.0000	0.0000	0.0000	0.0000	0.0000	0.0000	0.0000	0.0000	0.0000	0.0000	0.0000	0.0000	0.0000	0.0000	0.0000	0.0000	0.0000	0.0000	0.0000	0.0000	0.0000	0.0000	0.0000	0.0000	0.0000	0.0000	0.0000	0.0000	0.0000	0.0000	0.0000	0.0000	0.0000											
4	76	0.1198	10	1	0	1	1	0	0	0	0	N	N	N	N	N	N	N	N	N	N	N	N	0.0000	0.0000	0.0000	0.0000	0.0000	0.0000	0.0000	0.0000	0.0000	0.0000	0.0000	0.0000	0.0000	0.0000	0.0000	0.0000	0.0000	0.0000	0.0000	0.0000	0.0000	0.0000	0.0000	0.0000	0.0000	0.0000	0.0000	0.0000	0.0000	0.0000	0.0000	0.0000	0.0000	0.0000	0.0000	0.0000	0.0000	0.0000	0.0000	0.0000	0.0000	0.0000	0.0000	0.0000	0.0000	0.0000	0.0000	0.0000	0.0000	0.0000	0.0000	0.0000	0.0000	0.0000	0.0000	0.0000	0.0000	0.0000	0.0000	0.0000	0.0000	0.0000	0.0000	0.0000	0.0000	0.0000	0.0000	0.0000	0.0000	0.0000	0.0000	0.0000	0.0000	0.0000	0.0000	0.0000	0.0000	0.0000											
4	77	0.1045	9	1	0	1	1	0	0	0	0	N	N	N	N	N	N	N	N	N	N	N	N	0.0000	0.0000	0.0000	0.0000	0.0000	0.0000	0.0000	0.0000	0.0000	0.0000	0.0000	0.0000	0.0000	0.0000	0.0000	0.0000	0.0000	0.0000	0.0000	0.0000	0.0000	0.0002	0.0000	2.9297	0.0000	0.0000	0.0000	0.0000	0.0000	0.0000	0.0000	0.0000	0.0000	0.0000	0.0000	0.0000	0.0000	0.0000	0.0000	0.0000	0.0000	0.0000	0.0000	0.0000	0.0000	0.0000	0.0000	0.0000	0.0000	0.0000	0.0000	0.0000	0.0000	0.0000	0.0000	0.0000	0.0000	0.0000	0.0000	0.0000	0.0000	0.0000	0.0000	0.0000	0.0000	0.0000	0.0000	0.0000	0.0000	0.0000	0.0000	0.0000	0.0000	0.0000	0.0000	0.0000	0.0000	0.0000											
4	78	0.1004	8	1	0	1	1	0	0	0	0	N	N	N	N	N	N	N	N	N	N	N	N	0.0000	0.0000	0.0000	0.0000	0.0000	0.0000	0.0000	0.0000	0.0000	0.0000	0.0000	0.0000	0.0000	0.0000	0.0000	0.0000	0.0000	0.0000	0.0000	0.0000	0.0000	0.0003	0.0000	2.1916	0.0000	0.0000	0.0000	0.0000	0.0000	0.0000	0.0000	0.0000	0.0000	0.0000	0.0000	0.0000	0.0000	0.0000	0.0000	0.0000	0.0000	0.0000	0.0000	0.0000	0.0000	0.0000	0.0000	0.0000	0.0000	0.0000	0.0000	0.0000	0.0000	0.0000	0.0000	0.0000	0.0000	0.0000	0.0000	0.0000	0.0000	0.0000	0.0000	0.0000	0.0000	0.0000	0.0000	0.0000	0.0000	0.0000	0.0000	0.0000	0.0000	0.0000	0.0000	0.0000	0.0000	0.0000											
4	79	0.0926	7	1	0	1	0	0	0	0	0	N	N	N	N	N	N	N	N	N	N	N	N	0.0000	0.0000	0.0000	0.0000	0.0000	0.0000	0.0000	0.0000	0.0000	0.0000	0.0000	0.0000	0.0000	0.0000	0.0000	0.0000	0.0000	0.0000	0.0000	0.0000	0.0000	0.2782	0.0000	1.3600	0.0000	0.0000	0.0000	0.0000	0.0000	0.0000	0.0000	0.0000	0.0000	0.0000	0.0000	0.0000	0.0000	0.0000	0.0000	0.0000	0.0000	0.0000	0.0000	0.0000	0.0000	0.0000	0.0000	0.0000	0.0000	0.0000	0.0000	0.0000	0.0000	0.0000	0.0000	0.0000	0.0000	0.0000	0.0000	0.0000	0.0000	0.0000	0.0000	0.0000	0.0000	0.0000	0.0000	0.0000	0.0000	0.0000	0.0000	0.0000	0.0000	0.0000	0.0000	0.0000	0.0000	0.0000											
4	80	0.0538	7	1	1	2	0	0	0	0	0	N	N	Y	N	N	N	N	N	N	N	N	N	0.0000	0.0000	0.0000	0.0000	0.0000	0.0000	0.0000	0.0000	0.0000	0.0000	0.0000	0.0000	0.0000	0.0000	0.0000	0.0000	0.0000	0.0000	0.0000	0.0000	0.0000	0.0029	0.0000	2.0135	0.0000	0.0000	0.0000	0.0000	0.0000	0.0000	0.0000	0.0000	0.0000	0.0000	0.0000	0.0000	0.0000	0.0000	0.0000	0.0000	0.0000	0.0000	0.0000	0.0000	0.0000	0.0000	0.0000	0.0000	0.0000	0.0000	0.0000	0.0000	0.0000	0.0000	0.0000	0.0000	0.0000	0.0000	0.0000	0.0000	0.0000	0.0000	0.0000	0.0000	0.0000	0.0000	0.0000	0.0000	0.0000	0.0000	0.0000	0.0000	0.0000	0.0000	0.0000	0.0000	0.0000	0.0000											
4	81	0.0472	6	1	1	1	0	0	0	0	0	N	N	N	N	N	N	N	N	N	N	N	N	0.0000	0.0000	0.0000	0.0000	0.0000	0.0000	0.0000	0.0000	0.0000	0.0000	0.0000	0.0000	0.0000	0.0000	0.0000	0.0000	0.0000	0.0000	0.0000	0.0000	0.0000	0.6188	0.0000	0.9475	0.0000	0.0000	0.0000	0.0000	0.0000	0.0000	0.0000	0.0000	0.0000	0.0000	0.0000	0.0000	0.0000	0.0000	0.0000	0.0000	0.0000	0.0000	0.0000	0.0000	0.0000	0.0000	0.0000	0.0000	0.0000	0.0000	0.0000	0.0000	0.0000	0.0000	0.0000	0.0000	0.0000	0.0000	0.0000	0.0000	0.0000	0.0000	0.0000	0.0000	0.0000	0.0000	0.0000	0.0000	0.0000	0.0000	0.0000	0.0000	0.0000	0.0000	0.0000	0.0000	0.0000	0.0000											
4	82	0.6410	10	1	1	2	0	0	0	0	0	N	N	Y	N	N	N	N	N	N	N	N	N	0.0000	0.0000	0.0000	0.0000	0.0000	0.0000	0.0000	0.0000	0.0000	0.0000	0.0000	0.0000	0.0000	0.0000	0.0000	0.0000	0.0000	0.0000	0.0000	0.0000	0.0000	0.0000	0.0000	1.0000	0.0000	0.0000	0.0000	0.0000	0.0000	0.0000	0.0000	0.0000	0.0000	0.0000	0.0000	0.0000	0.0000	0.0000	0.0000	0.0000	0.0000	0.0000	0.0000	0.0000	0.0000	0.0000	0.0000	0.0000	0.0000	0.0000	0.0000	0.0000	0.0000	0.0000	0.0000	0.0000	0.0000	0.0000	0.0000	0.0000	0.0000	0.0000	0.0000	0.0000	0.0000	0.0000	0.0000	0.0000	0.0000	0.0000	0.0000	0.0000	0.0000	0.0000	0.0000	0.0000	0.0000	0.0000											
4	83	0.0212	5	2	0	2	0	0	0	0	0	Y	N	Y	N	N	N	N	N	N	N	N	N	0.0000	0.0000	0.0000	0.0000	0.0000	0.0000	0.0000	0.0000	0.0000	0.0000	0.0000	0.0000	0.0000	0.0000	0.0000	0.0000	0.0000	0.0000	0.0000	0.0000	0.0000	9.0001	0.0000	3.0001	0.0000	0.0000	0.0000	0.0000	0.0000	0.0000	0.0000	0.0000	0.0000	0.0000	0.0000	0.0000	0.0000	0.0000	0.0000	0.0000	0.0000	0.0000	0.0000	0.0000	0.0000	0.0000	0.0000	0.0000	0.0000	0.0000	0.0000	0.0000	0.0000	0.0000	0.0000	0.0000	0.0000	0.0000	0.0000	0.0000	0.0000	0.0000	0.0000	0.0000	0.0000	0.0000	0.0000	0.0000	0.0000	0.0000	0.0000	0.0000	0.0000	0.0000	0.0000	0.0000	0.0000	0.0000											
4	84	0.6186	9	2	0	2	0	0	0	0	0	Y	N	Y	N	N	N	N	N	N	N	N	N	0.0000	0.0000	0.0000	0.0000	0.0000	0.0000	0.0000	0.0000	0.0000	0.0000	0.0000	0.0000	0.0000	0.0000	0.0000	0.0000	0.0000	0.0000	0.0000	0.0000	0.0000	4.0000	0.0000	0.0000	0.0000	0.0000	0.0000	0.0000	0.0000	0.0000	0.0000	0.0000	0.0000	0.0000	0.0000	0.0000	0.0000	0.0000	0.0000	0.0000	0.0000	0.0000	0.0000	0.0000	0.0000	0.0000	0.0000	0.0000	0.0000	0.0000	0.0000	0.0000	0.0000	0.0000	0.0000	0.0000	0.0000	0.0000	0.0000	0.0000	0.0000	0.0000	0.0000	0.0000	0.0000	0.0000	0.0000	0.0000	0.0000	0.0000	0.0000	0.0000	0.0000	0.0000	0.0000	0.0000	0.0000	0.0000											
4	85	0.6647	10	2	1	1	0	0	0	0	0	Y	N	N	N	N	N	N	N	N	N	N	N	0.0000	0.0000	0.0000	0.0000	0.0000	0.0000	0.0000	0.0000	0.0000	0.0000	0.0000	0.0000	0.0000	0.0000	0.0000	0.0000	0.0000	0.0000	0.0000	0.0000	0.0000	1.0086	0.0000	1.7435	0.0000	0.0000	0.0000	0.0000	0.0000	0.0000	0.0000	0.0000	0.0000	0.0000	0.0000	0.0000	0.0000	0.0000	0.0000	0.0000	0.0000	0.0000	0.0000	0.0000	0.0000	0.0000	0.0000	0.0000	0.0000	0.0000	0.0000	0.0000	0.0000	0.0000	0.0000	0.0000	0.0000	0.0000	0.0000	0.0000	0.0000	0.0000	0.0000	0.0000	0.0000	0.0000	0.0000	0.0000	0.0000	0.0000	0.0000	0.0000	0.0000	0.0000	0.0000	0.0000	0.0000	0.0000											
4	86	0.6186	9	2	1	1	0	0	0	0	0	Y	N	N	N	N	N	N	N	N	N	N	N	0.0000	0.0000	0.0000	0.0000	0.0000	0.0000	0.0000	0.0000	0.0000	0.0000	0.0000	0.0000	0.0000	0.0000	0.0000	0.0000	0.0000	0.0000	0.0000	0.0000	0.0000	1.0165	0.0000	4.1395	0.0000	0.0000	0.0000	0.0000	0.0000	0.0000	0.0000	0.0000	0.0000	0.0000	0.0000	0.0000	0.0000	0.0000	0.0000	0.0000	0.0000	0.0000	0.0000	0.0000	0.0000	0.0000	0.0000	0.0000	0.0000	0.0000	0.0000	0.0000	0.0000	0.0000	0.0000	0.0000	0.0000	0.0000	0.0000	0.0000	0.0000	0.0000	0.0000	0.0000	0.0000	0.0000	0.0000	0.0000	0.0000	0.0000	0.0000	0.0000	0.0000	0.0000	0.0000	0.0000	0.0000	0.0000											
4	87	0.0625	6	2	1	1	0	0	0	0	0	Y	N	N	N	N	N	N	N	N	N	N	N	0.0000	0.0000	0.0000	0.0000	0.0000	0.0000	0.0000	0.0000	0.0000	0.0000	0.0000	0.0000	0.0000	0.0000	0.0000	0.0000	0.0000	0.0000	0.0000	0.0000	0.0000	9.0005	0.0000	5.0000	0.0000	0.0000	0.0000	0.0000	0.0000	0.0000	0.0000	0.0000	0.0000	0.0000	0.0000	0.0000	0.0000	0.0000	0.0000	0.0000	0.0000	0.0000	0.0000	0.0000	0.0000	0.0000	0.0000	0.0000	0.0000	0.0000	0.0000	0.0000	0.0000	0.0000	0.0000	0.0000	0.0000	0.0000	0.0000	0.0000	0.0000	0.0000	0.0000	0.0000	0.0000	0.0000	0.0000	0.0000	0.0000	0.0000	0.0000	0.0000	0.0000	0.0000	0.0000	0.0000	0.0000	0.0000											
4	88	0.6410	10	1	1	1	0	0	0	0	0	N	N	N	N	N	N	N	N	N	N	N	N	0.0000	0.0000	0.0000	0.0000	0.0000	0.0000	0.0000	0.0000	0.0000	0.0000	0.0000	0.0000	0.0000	0.0000	0.0000	0.0000	0.0000	0.0000	0.0000	0.0000	0.0000	0.0000	0.0000	0.0000	0.0000	0.0000	0.0000	0.0000	0.0000	0.0000	0.0000	0.0000	0.0000	0.0000	0.0000	0.0000	0.0000	0.0000	0.0000	0.0000	0.0000	0.0000	0.0000	0.0000	0.0000	0.0000	0.0000	0.0000	0.0000	0.0000	0.0000	0.0000	0.0000	0.0000	0.0000	0.0000	0.0000	0.0000	0.0000	0.0000	0.0000	0.0000	0.0000	0.0000	0.0000	0.0000	0.0000	0.0000	0.0000	0.0000	0.0000	0.0000	0.0000	0.0000	0.0000	0.0000	0.0000	0.0000											
4	89	0.0472	6	1	1	1	0	0	0	0	0	N	N	N	N	N	N	N	N	N	N	N	N	0.0000	0.0000	0.0000	0.0000	0.0000	0.0000	0.0000	0.0000	0.0000	0.0000	0.0000	0.0000	0.0000	0.0000	0.0000	0.0000	0.0000	0.0000	0.0000	0.0000	0.0000	1.9953	0.0000	1.0817	0.0000	0.0000	0.0000	0.0000	0.0000	0.0000	0.0000	0.0000	0.0000	0.0000	0.0000	0.0000	0.0000	0.0000	0.0000	0.0000	0.0000	0.0000	0.0000	0.0000	0.0000	0.0000	0.0000	0.0000	0.0000	0.0000	0.0000	0.0000	0.0000	0.0000	0.0000	0.0000	0.0000	0.0000	0.0000	0.0000	0.0000	0.0000	0.0000	0.0000	0.0000	0.0000	0.0000	0.0000	0.0000	0.0000	0.0000	0.0000	0.0000	0.0000	0.0000	0.0000	0.0000	0.0000											
4	90	0.0212	5	1	1	1	0	0	0	0	0	N	N	N	N	N	N	N	N	N	N	N	N	0.0000	0.0000	0.0000	0.0000	0.0000	0.0000	0.0000	0.0000	0.0000	0.0000	0.0000	0.0000	0.0000	0.0000	0.0000	0.0000	0.0000	0.0000	0.0000	0.0000	0.0000	2.3999	0.0000	4.0713	0.0000	0.0000	0.0000	0.0000	0.0000	0.0000	0.0000	0.0000	0.0000	0.0000	0.0000	0.0000	0.0000	0.0000	0.0000	0.0000	0.0000	0.0000	0.0000	0.0000	0.0000	0.0000	0.0000	0.0000	0.0000	0.0000	0.0000	0.0000	0.0000	0.0000	0.0000	0.0000	0.0000	0.0000	0.0000	0.0000	0.0000	0.0000	0.0000	0.0000	0.0000	0.0000	0.0000	0.0000	0.0000	0.0000	0.0000	0.0000	0.0000	0.0000	0.0000	0.0000	0.0000	0.0000											
4	91	0.1247	8	1	0	2	0	0	0	0	0	N	N	Y	N	N	N	N	N	N	N	N	N	0.0000	0.0000	0.0000	0.0000	0.0000	0.0000	0.0000	0.0000	0.0000	0.0000	0.0000	0.0000	0.0000	0.0000	0.0000	0.0000	0.0000	0.0000	0.0000	0.0000	0.0000	0.0000	0.0000	0.0000	0.0000	0.0000	0.0000	0.0000	0.0000	0.0000	0.0000	0.0000	0.0000	0.0000	0.0000	0.0000	0.0000	0.0000	0.0000	0.0000	0.0000	0.0000	0.0000	0.0000	0.0000	0.0000	0.0000	0.0000	0.0000	0.0000	0.0000	0.0000	0.0000	0.0000	0.0000	0.0000	0.0000	0.0000	0.0000	0.0000	0.0000	0.0000	0.0000	0.0000	0.0000	0.0000	0.0000	0.0000	0.0000	0.0000	0.0000	0.0000	0.0000	0.0000	0.0000	0.0000	0.0000	0.0000											
4	92	0.0926	7	1	0	2	0	0	0	0	0	N	N	Y	N	N	N	N	N	N	N	N	N	0.0000	0.0000	0.0000	0.0000	0.0000	0.0000	0.0000	0.0000	0.0000	0.0000	0.0000	0.0000	0.0000	0.0000	0.0000	0.0000	0.0000	0.0000	0.0000	0.0000	0.0000	3.7221	0.0000	2.9993	0.0000	0.0000	0.0000	0.0000	0.0000	0.0000	0.0000	0.0000	0.0000	0.0000	0.0000	0.0000	0.0000	0.0000	0.0000	0.0000	0.0000	0.0000	0.0000	0.0000	0.0000	0.0000	0.0000	0.0000	0.0000	0.0000	0.0000	0.0000	0.0000	0.0000	0.0000	0.0000	0.0000	0.0000	0.0000	0.0000	0.0000	0.0000	0.0000	0.0000	0.0000	0.0000	0.0000	0.0000	0.0000	0.0000	0.0000	0.0000	0.0000	0.0000	0.0000	0.0000	0.0000	0.0000											
4	93	0.0625	6	1	0	1	0	0	0	0	0	N	N	N	N	N	N	N	N	N	N	N	N	0.0000	0.0000	0.0000	0.0000	0.0000	0.0000	0.0000	0.0000	0.0000	0.0000	0.0000	0.0000	0.0000	0.0000	0.0000	0.0000	0.0000	0.0000	0.0000	0.0000	0.0000	2.7217	0.0000	3.0458	0.0000	0.0000	0.0000	0.0000	0.0000	0.0000	0.0000	0.0000	0.0000	0.0000	0.0000	0.0000	0.0000	0.0000	0.0000	0.0000	0.0000	0.0000	0.0000	0.0000	0.0000	0.0000	0.0000	0.0000	0.0000	0.0000	0.0000	0.0000	0.0000	0.0000	0.0000	0.0000	0.0000	0.0000	0.0000	0.0000	0.0000	0.0000	0.0000	0.0000	0.0000	0.0000	0.0000	0.0000	0.0000	0.0000	0.0000	0.0000	0.0000	0.0000	0.0000	0.0000	0.0000	0.0000											
4	94	0.0050	4	2	1	1	0	0	0	0	0	Y	N	N	N	N	N	N	N	N	N	N	N	0.0000	0.0000	0.0000	0.0000	0.0000	0.0000	0.0000	0.0000	0.0000	0.0000	0.0000	0.0000	0.0000	0.0000	0.0000	0.0000	0.0000	0.0000	0.0000	0.0000	0.0000	5.9980	0.0000	4.9575	0.0000	0.0000	0.0000	0.0000	0.0000	0.0000	0.0000	0.0000	0.0000	0.0000	0.0000	0.0000	0.0000	0.0000	0.0000	0.0000	0.0000	0.0000	0.0000	0.0000	0.0000	0.0000	0.0000	0.0000	0.0000	0.0000	0.0000	0.0000	0.0000	0.0000	0.0000	0.0000	0.0000	0.0000	0.0000	0.0000	0.0000	0.0000	0.0000	0.0000	0.0000	0.0000	0.0000	0.0000	0.0000	0.0000	0.0000	0.0000	0.0000	0.0000	0.0000	0.0000	0.0000	0.0000											
4	95	0.6410	10	2	1	1	0	0	0	0	0	Y	N	N	N	N	N	N	N	N	N	N	N	0.0000	0.0000	0.0000	0.0000	0.0000	0.0000	0.0000	0.0000	0.0000	0.0000	0.0000	0.0000	0.0000	0.0000	0.0000	0.0000	0.0000	0.0000	0.0000	0.0000	0.0000	0.0000	0.0000	2.0000	0.0000	0.0000	0.0000	0.0000	0.0000	0.0000	0.0000	0.0000	0.0000	0.0000	0.0000	0.0000	0.0000	0.0000	0.0000	0.0000	0.0000	0.0000	0.0000	0.0000	0.0000	0.0000	0.0000	0.0000	0.0000	0.0000	0.0000	0.0000	0.0000	0.0000	0.0000	0.0000	0.0000	0.0000	0.0000	0.0000	0.0000	0.0000	0.0000	0.0000	0.0000	0.0000	0.0000	0.0000	0.0000	0.0000	0.0000	0.0000	0.0000	0.0000	0.0000	0.0000	0.0000	0.0000											
4	96	0.6186	9	1	1	1	0	0	0	0	0	N	N	N	N	N	N	N	N	N	N	N	N	0.0000	0.0000	0.0000	0.0000	0.0000	0.0000	0.0000	0.0000	0.0000	0.0000	0.0000	0.0000	0.0000	0.0000	0.0000	0.0000	0.0000	0.0000	0.0000	0.0000	0.0000	4.0000	0.0000	0.0000	0.0000	0.0000	0.0000	0.0000	0.0000	0.0000	0.0000	0.0000	0.0000	0.0000	0.0000	0.0000	0.0000	0.0000	0.0000	0.0000	0.0000	0.0000	0.0000	0.0000	0.0000	0.0000	0.0000	0.0000	0.0000	0.0000	0.0000	0.0000	0.0000	0.0000	0.0000	0.0000	0.0000	0.0000	0.0000	0.0000	0.0000	0.0000	0.0000	0.0000	0.0000	0.0000	0.0000	0.0000	0.0000	0.0000	0.0000	0.0000	0.0000	0.0000	0.0000	0.0000	0.0000	0.0000											
4	97	0.0625	6	1	0	1	0	0	0	0	0	N	N	N	N	N	N	N	N	N	N	N	N	0.0000	0.0000	0.0000	0.0000	0.0000	0.0000	0.0000	0.0000	0.0000	0.0000	0.0000	0.0000	0.0000	0.0000	0.0000	0.0000	0.0000	0.0000	0.0000	0.0000	0.0000	3.9994	0.0000	4.0000	0.0000	0.0000	0.0000	0.0000	0.0000	0.0000	0.0000	0.0000	0.0000	0.0000	0.0000	0.0000	0.0000	0.0000	0.0000	0.0000	0.0000	0.0000	0.0000	0.0000	0.0000	0.0000	0.0000	0.0000	0.0000	0.0000	0.0000	0.0000	0.0000	0.0000	0.0000	0.0000	0.0000	0.0000	0.0000	0.0000	0.0000	0.0000	0.0000	0.0000	0.0000	0.0000	0.0000	0.0000	0.0000	0.0000	0.0000	0.0000	0.0000	0.0000	0.0000	0.0000	0.0000	0.0000											
4	98	0.6186	9	1	0	1	0	0	0	0	0	N	N	N	N	N	N	N	N	N	N	N	N	0.0000	0.0000	0.0000	0.0000	0.0000	0.0000	0.0000	0.0000	0.0000	0.0000	0.0000	0.0000	0.0000	0.0000	0.0000	0.0000	0.0000	0.0000	0.0000	0.0000	0.0000	1.0000	0.0000	0.0000	0.0000	0.0000	0.0000	0.0000	0.0000	0.0000	0.0000	0.0000	0.0000	0.0000	0.0000	0.0000	0.0000	0.0000	0.0000	0.0000	0.0000	0.0000	0.0000	0.0000	0.0000	0.0000	0.0000	0.0000	0.0000	0.0000	0.0000	0.0000	0.0000	0.0000	0.0000	0.0000	0.0000	0.0000	0.0000	0.0000	0.0000	0.0000	0.0000	0.0000	0.0000	0.0000	0.0000	0.0000	0.0000	0.0000	0.0000	0.0000	0.0000	0.0000	0.0000	0.0000	0.0000	0.0000											
4	99	0.1734	7	1	0	1	0	0	0	0	0	N	N	N	N	N	N	N	N	N	N	N	N	0.0000	0.0000	0.0000	0.0000	0.0000	0.0000	0.0000	0.0000	0.0000	0.0000	0.0000	0.0000	0.0000	0.0000	0.0000	0.0000	0.0000	0.0000	0.0000	0.0000	0.0000	1.5982	0.0000	11.1970	0.0000	0.0000	0.0000	0.0000	0.0000	0.0000	0.0000	0.0000	0.0000	0.0000	0.0000	0.0000	0.0000	0.0000	0.0000	0.0000	0.0000	0.0000	0.0000	0.0000	0.0000	0.0000	0.0000	0.0000	0.0000	0.0000	0.0000	0.0000	0.0000	0.0000	0.0000	0.0000	0.0000	0.0000	0.0000	0.0000	0.0000	0.0000	0.0000	0.0000	0.0000	0.0000	0.0000	0.0000	0.0000	0.0000	0.0000	0.0000	0.0000	0.0000	0.0000	0.0000	0.0000	0.0000											
4	100	0.0035	3	2	1	2	0	0	0	0	0	Y	N	Y	N	N	N	N	N	N	N	N	N	0.0000	0.0000	0.0000	0.0000	0.0000	0.0000	0.0000	0.0000	0.0000	0.0000	0.0000	0.0000	0.0000	0.0000	0.0000	0.0000	0.0000	0.0000	0.0000	0.0000	0.0000	0.0000	0.0000	0.9982	0.0000	0.0000	0.0000	0.0000	0.0000	0.0000	0.0000	0.0000	0.0000	0.0000	0.0000	0.0000	0.0000	0.0000	0.0000	0.0000	0.0000	0.0000	0.0000	0.0000	0.0000	0.0000	0.0000	0.0000	0.0000	0.0000	0.0000	0.0000	0.0000	0.0000	0.0000	0.0000	0.0000	0.0000	0.0000	0.0000	0.0000	0.0000	0.0000	0.0000	0.0000	0.0000	0.0000	0.0000	0.0000	0.0000	0.0000	0.0000	0.0000	0.0000	0.0000	0.0000	0.0000	0.0000											
4	101	0.6533	12	2	1	2	0	0	0	0	0	Y	N	Y	N	N	N	N	N	N	N	N	N	0.0000	0.0000	0.0000	0.0000	0.0000	0.0000	0.0000	0.0000	0.0000	0.0000	0.0000	0.0000	0.0000	0.0000	0.0000	0.0000	0.0000	0.0000	0.0000	0.0000	0.0000	0.0000	0.0000	0.0000	0.0000	0.0000	0.0000	0.0000	0.0000	0.0000	0.0000	0.0000	0.0000	0.0000	0.0000	0.0000	0.0000	0.0000	0.0000	0.0000	0.0000	0.0000	0.0000	0.0000	0.0000	0.0000	0.0000	0.0000	0.0000	0.0000	0.0000	0.0000	0.0000	0.0000	0.0000	0.0000	0.0000	0.0000	0.0000	0.0000	0.0000	0.0000	0.0000	0.0000	0.0000	0.0000	0.0000	0.0000	0.0000	0.0000	0.0000	0.0000	0.0000	0.0000	0.0000	0.0000	0.0000	0.0000											
4	102	0.6533	11	2	0	2	0	0	0	0	0	Y	N	Y	N	N	N	N	N	N	N	N	N	0.0000	0.0000	0.0000	0.0000	0.0000	0.0000	0.0000	0.0000	0.0000	0.0000	0.0000	0.0000	0.0000	0.0000	0.0000	0.0000	0.0000	0.0000	0.0000	0.0000	0.0000	0.0000	0.0000	0.0000	0.0000	0.0000	0.0000	0.0000	0.0000	0.0000	0.0000	0.0000	0.0000	0.0000	0.0000	0.0000	0.0000	0.0000	0.0000	0.0000	0.0000	0.0000	0.0000	0.0000	0.0000	0.0000	0.0000	0.0000	0.0000	0.0000	0.0000	0.0000	0.0000	0.0000	0.0000	0.0000	0.0000	0.0000	0.0000	0.0000	0.0000	0.0000	0.0000	0.0000	0.0000	0.0000	0.0000	0.0000	0.0000	0.0000	0.0000	0.0000	0.0000	0.0000	0.0000	0.0000	0.0000	0.0000											
4	103	0.6472	10	2	0	2	0	0	0	0	0	Y	N	Y	N	N	N	N	N	N	N	N	N	0.0000	0.0000	0.0000	0.0000	0.0000	0.0000	0.0000	0.0000	0.0000	0.0000	0.0000	0.0000	0.0000	0.0000	0.0000	0.0000	0.0000	0.0000	0.0000	0.0000	0.0000	0.0000	0.0000	1.0091	0.0000	0.0000	0.0000	0.0000	0.0000	0.0000	0.0000	0.0000	0.0000	0.0000	0.0000	0.0000	0.0000	0.0000	0.0000	0.0000	0.0000	0.0000	0.0000	0.0000	0.0000	0.0000	0.0000	0.0000	0.0000	0.0000	0.0000	0.0000	0.0000	0.0000	0.0000	0.0000	0.0000	0.0000	0.0000	0.0000	0.0000	0.0000	0.0000	0.0000	0.0000	0.0000	0.0000	0.0000	0.0000	0.0000	0.0000	0.0000	0.0000	0.0000	0.0000	0.0000	0.0000	0.0000											
4	104	0.0625	6	1	1	1	0	0	0	0	0	N	N	N	N	N	N	N	N	N	N	N	N	0.0000	0.0000	0.0000	0.0000	0.0000	0.0000	0.0000	0.0000	0.0000	0.0000	0.0000	0.0000	0.0000	0.0000	0.0000	0.0000	0.0000	0.0000	0.0000	0.0000	0.0000	7.9994	0.0000	4.0001	0.0000	0.0000	0.0000	0.0000	0.0000	0.0000	0.0000	0.0000	0.0000	0.0000	0.0000	0.0000	0.0000	0.0000	0.0000	0.0000	0.0000	0.0000	0.0000	0.0000	0.0000	0.0000	0.0000	0.0000	0.0000	0.0000	0.0000	0.0000	0.0000	0.0000	0.0000	0.0000	0.0000	0.0000	0.0000	0.0000	0.0000	0.0000	0.0000	0.0000	0.0000	0.0000	0.0000	0.0000	0.0000	0.0000	0.0000	0.0000	0.0000	0.0000	0.0000	0.0000	0.0000	0.0000											
4	105	0.0000	2	2	0	2	0	0	0	0	0	Y	N	Y	N	N	N	N	N	N	N	N	N	0.0000	0.0000	0.0000	0.0000	0.0000	0.0000	0.0000	0.0000	0.0000	0.0000	0.0000	0.0000	0.0000	0.0000	0.0000	0.0000	0.0000	0.0000	0.0000	0.0000	0.0000	1.0000	0.0000	1.0005	0.0000	0.0000	0.0000	0.0000	0.0000	0.0000	0.0000	0.0000	0.0000	0.0000	0.0000	0.0000	0.0000	0.0000	0.0000	0.0000	0.0000	0.0000	0.0000	0.0000	0.0000	0.0000	0.0000	0.0000	0.0000	0.0000	0.0000	0.0000	0.0000	0.0000	0.0000	0.0000	0.0000	0.0000	0.0000	0.0000	0.0000	0.0000	0.0000	0.0000	0.0000	0.0000	0.0000	0.0000	0.0000	0.0000	0.0000	0.0000	0.0000	0.0000	0.0000	0.0000	0.0000	0.0000											
4	109	0.6472	10	2	0	2	0	0	0	0	0	Y	N	Y	N	N	N	N	N	N	N	N	N	0.0000	0.0000	0.0000	0.0000	0.0000	0.0000	0.0000	0.0000	0.0000	0.0000	0.0000	0.0000	0.0000	0.0000	0.0000	0.0000	0.0000	0.0000	0.0000	0.0000	0.0000	0.0000	0.0000	0.9909	0.0000	0.0000	0.0000	0.0000	0.0000	0.0000	0.0000	0.0000	0.0000	0.0000	0.0000	0.0000	0.0000	0.0000	0.0000	0.0000	0.0000	0.0000	0.0000	0.0000	0.0000	0.0000	0.0000	0.0000	0.0000	0.0000	0.0000	0.0000	0.0000	0.0000	0.0000	0.0000	0.0000	0.0000	0.0000	0.0000	0.0000	0.0000	0.0000	0.0000	0.0000	0.0000	0.0000	0.0000	0.0000	0.0000	0.0000	0.0000	0.0000	0.0000	0.0000	0.0000	0.0000	0.0000											
4	110	0.6186	9	2	0	2	0	0	0	0	0	Y	N	Y	N	N	N	N	N	N	N	N	N	0.0000	0.0000	0.0000	0.0000	0.0000	0.0000	0.0000	0.0000	0.0000	0.0000	0.0000	0.0000	0.0000	0.0000	0.0000	0.0000	0.0000	0.0000	0.0000	0.0000	0.0000	4.0000	0.0000	0.0000	0.0000	0.0000	0.0000	0.0000	0.0000	0.0000	0.0000	0.0000	0.0000	0.0000	0.0000	0.0000	0.0000	0.0000	0.0000	0.0000	0.0000	0.0000	0.0000	0.0000	0.0000	0.0000	0.0000	0.0000	0.0000	0.0000	0.0000	0.0000	0.0000	0.0000	0.0000	0.0000	0.0000	0.0000	0.0000	0.0000	0.0000	0.0000	0.0000	0.0000	0.0000	0.0000	0.0000	0.0000	0.0000	0.0000	0.0000	0.0000	0.0000	0.0000	0.0000	0.0000	0.0000	0.0000											
4	112	0.1083	7	1	0	2	0	0	0	0	0	N	N	Y	N	N	N	N	N	N	N	N	N	0.0000	0.0000	0.0000	0.0000	0.0000	0.0000	0.0000	0.0000	0.0000	0.0000	0.0000	0.0000	0.0000	0.0000	0.0000	0.0000	0.0000	0.0000	0.0000	0.0000	0.0000	0.0000	0.0000	0.0001	0.0000	0.0000	0.0000	0.0000	0.0000	0.0000	0.0000	0.0000	0.0000	0.0000	0.0000	0.0000	0.0000	0.0000	0.0000	0.0000	0.0000	0.0000	0.0000	0.0000	0.0000	0.0000	0.0000	0.0000	0.0000	0.0000	0.0000	0.0000	0.0000	0.0000	0.0000	0.0000	0.0000	0.0000	0.0000	0.0000	0.0000	0.0000	0.0000	0.0000	0.0000	0.0000	0.0000	0.0000	0.0000	0.0000	0.0000	0.0000	0.0000	0.0000	0.0000	0.0000	0.0000	0.0000											
4	113	0.0625	6	1	0	2	0	0	0	0	0	N	N	Y	N	N	N	N	N	N	N	N	N	0.0000	0.0000	0.0000	0.0000	0.0000	0.0000	0.0000	0.0000	0.0000	0.0000	0.0000	0.0000	0.0000	0.0000	0.0000	0.0000	0.0000	0.0000	0.0000	0.0000	0.0000	4.0004	0.0000	4.9999	0.0000	0.0000	0.0000	0.0000	0.0000	0.0000	0.0000	0.0000	0.0000	0.0000	0.0000	0.0000	0.0000	0.0000	0.0000	0.0000	0.0000	0.0000	0.0000	0.0000	0.0000	0.0000	0.0000	0.0000	0.0000	0.0000	0.0000	0.0000	0.0000	0.0000	0.0000	0.0000	0.0000	0.0000	0.0000	0.0000	0.0000	0.0000	0.0000	0.0000	0.0000	0.0000	0.0000	0.0000	0.0000	0.0000	0.0000	0.0000	0.0000	0.0000	0.0000	0.0000	0.0000	0.0000											
4	114	0.6512	10	1	1	1	0	0	0	0	0	N	N	N	N	N	N	N	N	N	N	N	N	0.0000	0.0000	0.0000	0.0000	0.0000	0.0000	0.0000	0.0000	0.0000	0.0000	0.0000	0.0000	0.0000	0.0000	0.0000	0.0000	0.0000	0.0000	0.0000	0.0000	0.0000	4.3361	0.0000	4.6323	0.0000	0.0000	0.0000	0.0000	0.0000	0.0000	0.0000	0.0000	0.0000	0.0000	0.0000	0.0000	0.0000	0.0000	0.0000	0.0000	0.0000	0.0000	0.0000	0.0000	0.0000	0.0000	0.0000	0.0000	0.0000	0.0000	0.0000	0.0000	0.0000	0.0000	0.0000	0.0000	0.0000	0.0000	0.0000	0.0000	0.0000	0.0000	0.0000	0.0000	0.0000	0.0000	0.0000	0.0000	0.0000	0.0000	0.0000	0.0000	0.0000	0.0000	0.0000	0.0000	0.0000	0.0000											
4	115	0.6186	9	1	0	1	0	0	0	0	0	N	N	N	N	N	N	N	N	N	N	N	N	0.0000	0.0000	0.0000	0.0000	0.0000	0.0000	0.0000	0.0000	0.0000	0.0000	0.0000	0.0000	0.0000	0.0000	0.0000	0.0000	0.0000	0.0000	0.0000	0.0000	0.0000	1.9840	0.0000	0.2610	0.0000	0.0000	0.0000	0.0000	0.0000	0.0000	0.0000	0.0000	0.0000	0.0000	0.0000	0.0000	0.0000	0.0000	0.0000	0.0000	0.0000	0.0000	0.0000	0.0000	0.0000	0.0000	0.0000	0.0000	0.0000	0.0000	0.0000	0.0000	0.0000	0.0000	0.0000	0.0000	0.0000	0.0000	0.0000	0.0000	0.0000	0.0000	0.0000	0.0000	0.0000	0.0000	0.0000	0.0000	0.0000	0.0000	0.0000	0.0000	0.0000	0.0000	0.0000	0.0000	0.0000	0.0000											
4	116	0.0625	6	1	1	1	1	0	0	0	0	N	N	N	N	N	N	N	N	N	N	N	N	0.0000	0.0000	0.0000	0.0000	0.0000	0.0000	0.0000	0.0000	0.0000	0.0000	0.0000	0.0000	0.0000	0.0000	0.0000	0.0000	0.0000	0.0000	0.0000	0.0000	0.0000	5.0006	0.0000	2.0000	0.0000	0.0000	0.0000	0.0000	0.0000	0.0000	0.0000	0.0000	0.0000	0.0000	0.0000	0.0000	0.0000	0.0000	0.0000	0.0000	0.0000	0.0000	0.0000	0.0000	0.0000	0.0000	0.0000	0.0000	0.0000	0.0000	0.0000	0.0000	0.0000	0.0000	0.0000	0.0000	0.0000	0.0000	0.0000	0.0000	0.0000	0.0000	0.0000	0.0000	0.0000	0.0000	0.0000	0.0000	0.0000	0.0000	0.0000	0.0000	0.0000	0.0000	0.0000	0.0000	0.0000	0.0000											
4	117	0.6186	9	1	1	1	1	0	0	0	0	N	N	N	N	N	N	N	N	N	N	N	N	0.0000	0.0000	0.0000	0.0000	0.0000	0.0000	0.0000	0.0000	0.0000	0.0000	0.0000	0.0000	0.0000	0.0000	0.0000	0.0000	0.0000	0.0000	0.0000	0.0000	0.0000	0.0000	0.0000	1.0000	0.0000	0.0000	0.0000	0.0000	0.0000	0.0000	0.0000	0.0000	0.0000	0.0000	0.0000	0.0000	0.0000	0.0000	0.0000	0.0000	0.0000	0.0000	0.0000	0.0000	0.0000	0.0000	0.0000	0.0000	0.0000	0.0000	0.0000	0.0000	0.0000	0.0000	0.0000	0.0000	0.0000	0.0000	0.0000	0.0000	0.0000	0.0000	0.0000	0.0000	0.0000	0.0000	0.0000	0.0000	0.0000	0.0000	0.0000	0.0000	0.0000	0.0000	0.0000	0.0000	0.0000	0.0000											
4	118	0.0625	6	1	1	1	0	0	0	0	0	N	N	N	N	N	N	N	N	N	N	N	N	0.0000	0.0000	0.0000	0.0000	0.0000	0.0000	0.0000	0.0000	0.0000	0.0000	0.0000	0.0000	0.0000	0.0000	0.0000	0.0000	0.0000	0.0000	0.0000	0.0000	0.0000	16.9994	0.0000	6.0000	0.0000	0.0000	0.0000	0.0000	0.0000	0.0000	0.0000	0.0000	0.0000	0.0000	0.0000	0.0000	0.0000	0.0000	0.0000	0.0000	0.0000	0.0000	0.0000	0.0000	0.0000	0.0000	0.0000	0.0000	0.0000	0.0000	0.0000	0.0000	0.0000	0.0000	0.0000	0.0000	0.0000	0.0000	0.0000	0.0000	0.0000	0.0000	0.0000	0.0000	0.0000	0.0000	0.0000	0.0000	0.0000	0.0000	0.0000	0.0000	0.0000	0.0000	0.0000	0.0000	0.0000	0.0000											
4	119	0.6186	9	1	1	1	0	0	0	0	0	N	N	N	N	N	N	N	N	N	N	N	N	0.0000	0.0000	0.0000	0.0000	0.0000	0.0000	0.0000	0.0000	0.0000	0.0000	0.0000	0.0000	0.0000	0.0000	0.0000	0.0000	0.0000	0.0000	0.0000	0.0000	0.0000	5.0000	0.0000	6.0000	0.0000	0.0000	0.0000	0.0000	0.0000	0.0000	0.0000	0.0000	0.0000	0.0000	0.0000	0.0000	0.0000	0.0000	0.0000	0.0000	0.0000	0.0000	0.0000	0.0000	0.0000	0.0000	0.0000	0.0000	0.0000	0.0000	0.0000	0.0000	0.0000	0.0000	0.0000	0.0000	0.0000	0.0000	0.0000	0.0000	0.0000	0.0000	0.0000	0.0000	0.0000	0.0000	0.0000	0.0000	0.0000	0.0000	0.0000	0.0000	0.0000	0.0000	0.0000	0.0000	0.0000	0.0000											
4	120	0.6467	10	1	1	1	0	0	0	0	0	N	N	N	N	N	N	N	N	N	N	N	N	0.0000	0.0000	0.0000	0.0000	0.0000	0.0000	0.0000	0.0000	0.0000	0.0000	0.0000	0.0000	0.0000	0.0000	0.0000	0.0000	0.0000	0.0000	0.0000	0.0000	0.0000	0.9998	0.0000	0.9486	0.0000	0.0000	0.0000	0.0000	0.0000	0.0000	0.0000	0.0000	0.0000	0.0000	0.0000	0.0000	0.0000	0.0000	0.0000	0.0000	0.0000	0.0000	0.0000	0.0000	0.0000	0.0000	0.0000	0.0000	0.0000	0.0000	0.0000	0.0000	0.0000	0.0000	0.0000	0.0000	0.0000	0.0000	0.0000	0.0000	0.0000	0.0000	0.0000	0.0000	0.0000	0.0000	0.0000	0.0000	0.0000	0.0000	0.0000	0.0000	0.0000	0.0000	0.0000	0.0000	0.0000	0.0000											
4	121	0.6186	9	1	1	1	0	0	0	0	0	N	N	N	N	N	N	N	N	N	N	N	N	0.0000	0.0000	0.0000	0.0000	0.0000	0.0000	0.0000	0.0000	0.0000	0.0000	0.0000	0.0000	0.0000	0.0000	0.0000	0.0000	0.0000	0.0000	0.0000	0.0000	0.0000	3.0005	0.0000	1.1085	0.0000	0.0000	0.0000	0.0000	0.0000	0.0000	0.0000	0.0000	0.0000	0.0000	0.0000	0.0000	0.0000	0.0000	0.0000	0.0000	0.0000	0.0000	0.0000	0.0000	0.0000	0.0000	0.0000	0.0000	0.0000	0.0000	0.0000	0.0000	0.0000	0.0000	0.0000	0.0000	0.0000	0.0000	0.0000	0.0000	0.0000	0.0000	0.0000	0.0000	0.0000	0.0000	0.0000	0.0000	0.0000	0.0000	0.0000	0.0000	0.0000	0.0000	0.0000	0.0000	0.0000	0.0000											
4	122	0.0212	5	1	1	1	0	0	0	0	0	N	N	N	N	N	N	N	N	N	N	N	N	0.0000	0.0000	0.0000	0.0000	0.0000	0.0000	0.0000	0.0000	0.0000	0.0000	0.0000	0.0000	0.0000	0.0000	0.0000	0.0000	0.0000	0.0000	0.0000	0.0000	0.0000	2.0001	0.0000	3.0000	0.0000	0.0000	0.0000	0.0000	0.0000	0.0000	0.0000	0.0000	0.0000	0.0000	0.0000	0.0000	0.0000	0.0000	0.0000	0.0000	0.0000	0.0000	0.0000	0.0000	0.0000	0.0000	0.0000	0.0000	0.0000	0.0000	0.0000	0.0000	0.0000	0.0000	0.0000	0.0000	0.0000	0.0000	0.0000	0.0000	0.0000	0.0000	0.0000	0.0000	0.0000	0.0000	0.0000	0.0000	0.0000	0.0000	0.0000	0.0000	0.0000	0.0000	0.0000	0.0000	0.0000	0.0000											
4	124	0.6521	10	1	1	1	0	0	0	0	0	N	N	N	N	N	N	N	N	N	N	N	N	0.0000	0.0000	0.0000	0.0000	0.0000	0.0000	0.0000	0.0000	0.0000	0.0000	0.0000	0.0000	0.0000	0.0000	0.0000	0.0000	0.0000	0.0000	0.0000	0.0000	0.0000	3.9006	0.0000	3.1543	0.0000	0.0000	0.0000	0.0000	0.0000	0.0000	0.0000	0.0000	0.0000	0.0000	0.0000	0.0000	0.0000	0.0000	0.0000	0.0000	0.0000	0.0000	0.0000	0.0000	0.0000	0.0000	0.0000	0.0000	0.0000	0.0000	0.0000	0.0000	0.0000	0.0000	0.0000	0.0000	0.0000	0.0000	0.0000	0.0000	0.0000	0.0000	0.0000	0.0000	0.0000	0.0000	0.0000	0.0000	0.0000	0.0000	0.0000	0.0000	0.0000	0.0000	0.0000	0.0000	0.0000	0.0000											
4	125	0.6186	9	1	1	1	0	0	0	0	0	N	N	N	N	N	N	N	N	N	N	N	N	0.0000	0.0000	0.0000	0.0000	0.0000	0.0000	0.0000	0.0000	0.0000	0.0000	0.0000	0.0000	0.0000	0.0000	0.0000	0.0000	0.0000	0.0000	0.0000	0.0000	0.0000	1.6924	0.0000	1.9110	0.0000	0.0000	0.0000	0.0000	0.0000	0.0000	0.0000	0.0000	0.0000	0.0000	0.0000	0.0000	0.0000	0.0000	0.0000	0.0000	0.0000	0.0000	0.0000	0.0000	0.0000	0.0000	0.0000	0.0000	0.0000	0.0000	0.0000	0.0000	0.0000	0.0000	0.0000	0.0000	0.0000	0.0000	0.0000	0.0000	0.0000	0.0000	0.0000	0.0000	0.0000	0.0000	0.0000	0.0000	0.0000	0.0000	0.0000	0.0000	0.0000	0.0000	0.0000	0.0000	0.0000	0.0000											
4	126	0.0625	6	1	1	1	0	0	0	0	0	N	N	N	N	N	N	N	N	N	N	N	N	0.0000	0.0000	0.0000	0.0000	0.0000	0.0000	0.0000	0.0000	0.0000	0.0000	0.0000	0.0000	0.0000	0.0000	0.0000	0.0000	0.0000	0.0000	0.0000	0.0000	0.0000	0.9996	0.0000	8.0005	0.0000	0.0000	0.0000	0.0000	0.0000	0.0000	0.0000	0.0000	0.0000	0.0000	0.0000	0.0000	0.0000	0.0000	0.0000	0.0000	0.0000	0.0000	0.0000	0.0000	0.0000	0.0000	0.0000	0.0000	0.0000	0.0000	0.0000	0.0000	0.0000	0.0000	0.0000	0.0000	0.0000	0.0000	0.0000	0.0000	0.0000	0.0000	0.0000	0.0000	0.0000	0.0000	0.0000	0.0000	0.0000	0.0000	0.0000	0.0000	0.0000	0.0000	0.0000	0.0000	0.0000	0.0000											
4	127	0.1898	8	1	0	1	0	0	0	0	0	N	N	N	N	N	N	N	N	N	N	N	N	0.0000	0.0000	0.0000	0.0000	0.0000	0.0000	0.0000	0.0000	0.0000	0.0000	0.0000	0.0000	0.0000	0.0000	0.0000	0.0000	0.0000	0.0000	0.0000	0.0000	0.0000	3.6536	0.0000	12.3970	0.0000	0.0000	0.0000	0.0000	0.0000	0.0000	0.0000	0.0000	0.0000	0.0000	0.0000	0.0000	0.0000	0.0000	0.0000	0.0000	0.0000	0.0000	0.0000	0.0000	0.0000	0.0000	0.0000	0.0000	0.0000	0.0000	0.0000	0.0000	0.0000	0.0000	0.0000	0.0000	0.0000	0.0000	0.0000	0.0000	0.0000	0.0000	0.0000	0.0000	0.0000	0.0000	0.0000	0.0000	0.0000	0.0000	0.0000	0.0000	0.0000	0.0000	0.0000	0.0000	0.0000	0.0000											
4	128	0.3682	8	1	0	1	0	0	0	0	0	N	N	N	N	N	N	N	N	N	N	N	N	0.0000	0.0000	0.0000	0.0000	0.0000	0.0000	0.0000	0.0000	0.0000	0.0000	0.0000	0.0000	0.0000	0.0000	0.0000	0.0000	0.0000	0.0000	0.0000	0.0000	0.0000	5.3495	0.0000	12.4099	0.0000	0.0000	0.0000	0.0000	0.0000	0.0000	0.0000	0.0000	0.0000	0.0000	0.0000	0.0000	0.0000	0.0000	0.0000	0.0000	0.0000	0.0000	0.0000	0.0000	0.0000	0.0000	0.0000	0.0000	0.0000	0.0000	0.0000	0.0000	0.0000	0.0000	0.0000	0.0000	0.0000	0.0000	0.0000	0.0000	0.0000	0.0000	0.0000	0.0000	0.0000	0.0000	0.0000	0.0000	0.0000	0.0000	0.0000	0.0000	0.0000	0.0000	0.0000	0.0000	0.0000	0.0000											
4	129	0.1739	12	1	1	1	1	0	0	0	0	N	N	N	N	N	N	N	N	N	N	N	N	0.0000	0.0000	0.0000	0.0000	0.0000	0.0000	0.0000	0.0000	0.0000	0.0000	0.0000	0.0000	0.0000	0.0000	0.0000	0.0000	0.0000	0.0000	0.0000	0.0000	0.0000	0.0000	0.0000	0.0000	0.0000	0.0000	0.0000	0.0000	0.0000	0.0000	0.0000	0.0000	0.0000	0.0000	0.0000	0.0000	0.0000	0.0000	0.0000	0.0000	0.0000	0.0000	0.0000	0.0000	0.0000	0.0000	0.0000	0.0000	0.0000	0.0000	0.0000	0.0000	0.0000	0.0000	0.0000	0.0000	0.0000	0.0000	0.0000	0.0000	0.0000	0.0000	0.0000	0.0000	0.0000	0.0000	0.0000	0.0000	0.0000	0.0000	0.0000	0.0000	0.0000	0.0000	0.0000	0.0000	0.0000	0.0000											
4	130	0.1576	11	1	1	1	1	0	0	0	0	N	N	N	N	N	N	N	N	N	N	N	N	0.0000	0.0000	0.0000	0.0000	0.0000	0.0000	0.0000	0.0000	0.0000	0.0000	0.0000	0.0000	0.0000	0.0000	0.0000	0.0000	0.0000	0.0000	0.0000	0.0000	0.0000	0.0000	0.0000	3.0001	0.0000	0.0000	0.0000	0.0000	0.0000	0.0000	0.0000	0.0000	0.0000	0.0000	0.0000	0.0000	0.0000	0.0000	0.0000	0.0000	0.0000	0.0000	0.0000	0.0000	0.0000	0.0000	0.0000	0.0000	0.0000	0.0000	0.0000	0.0000	0.0000	0.0000	0.0000	0.0000	0.0000	0.0000	0.0000	0.0000	0.0000	0.0000	0.0000	0.0000	0.0000	0.0000	0.0000	0.0000	0.0000	0.0000	0.0000	0.0000	0.0000	0.0000	0.0000	0.0000	0.0000	0.0000											
4	131	0.1480	10	1	1	1	0	0	0	0	0	N	N	N	N	N	N	N	N	N	N	N	N	0.0000	0.0000	0.0000	0.0000	0.0000	0.0000	0.0000	0.0000	0.0000	0.0000	0.0000	0.0000	0.0000	0.0000	0.0000	0.0000	0.0000	0.0000	0.0000	0.0000	0.0000	0.0000	0.0000	0.0000	0.0000	0.0000	0.0000	0.0000	0.0000	0.0000	0.0000	0.0000	0.0000	0.0000	0.0000	0.0000	0.0000	0.0000	0.0000	0.0000	0.0000	0.0000	0.0000	0.0000	0.0000	0.0000	0.0000	0.0000	0.0000	0.0000	0.0000	0.0000	0.0000	0.0000	0.0000	0.0000	0.0000	0.0000	0.0000	0.0000	0.0000	0.0000	0.0000	0.0000	0.0000	0.0000	0.0000	0.0000	0.0000	0.0000	0.0000	0.0000	0.0000	0.0000	0.0000	0.0000	0.0000	0.0000											
4	132	0.1576	11	1	0	2	1	0	0	0	0	N	N	Y	N	N	N	N	N	N	N	N	N	0.0000	0.0000	0.0000	0.0000	0.0000	0.0000	0.0000	0.0000	0.0000	0.0000	0.0000	0.0000	0.0000	0.0000	0.0000	0.0000	0.0000	0.0000	0.0000	0.0000	0.0000	0.0000	0.0000	1.9999	0.0000	0.0000	0.0000	0.0000	0.0000	0.0000	0.0000	0.0000	0.0000	0.0000	0.0000	0.0000	0.0000	0.0000	0.0000	0.0000	0.0000	0.0000	0.0000	0.0000	0.0000	0.0000	0.0000	0.0000	0.0000	0.0000	0.0000	0.0000	0.0000	0.0000	0.0000	0.0000	0.0000	0.0000	0.0000	0.0000	0.0000	0.0000	0.0000	0.0000	0.0000	0.0000	0.0000	0.0000	0.0000	0.0000	0.0000	0.0000	0.0000	0.0000	0.0000	0.0000	0.0000	0.0000											
4	133	0.1687	12	1	0	2	1	0	0	0	0	N	N	Y	N	N	N	N	N	N	N	N	N	0.0000	0.0000	0.0000	0.0000	0.0000	0.0000	0.0000	0.0000	0.0000	0.0000	0.0000	0.0000	0.0000	0.0000	0.0000	0.0000	0.0000	0.0000	0.0000	0.0000	0.0000	1.0000	0.0000	0.0000	0.0000	0.0000	0.0000	0.0000	0.0000	0.0000	0.0000	0.0000	0.0000	0.0000	0.0000	0.0000	0.0000	0.0000	0.0000	0.0000	0.0000	0.0000	0.0000	0.0000	0.0000	0.0000	0.0000	0.0000	0.0000	0.0000	0.0000	0.0000	0.0000	0.0000	0.0000	0.0000	0.0000	0.0000	0.0000	0.0000	0.0000	0.0000	0.0000	0.0000	0.0000	0.0000	0.0000	0.0000	0.0000	0.0000	0.0000	0.0000	0.0000	0.0000	0.0000	0.0000	0.0000	0.0000											
4	134	0.1687	12	1	0	2	1	0	0	0	0	N	N	Y	N	N	N	N	N	N	N	N	N	0.0000	0.0000	0.0000	0.0000	0.0000	0.0000	0.0000	0.0000	0.0000	0.0000	0.0000	0.0000	0.0000	0.0000	0.0000	0.0000	0.0000	0.0000	0.0000	0.0000	0.0000	0.0000	0.0000	0.0000	0.0000	0.0000	0.0000	0.0000	0.0000	0.0000	0.0000	0.0000	0.0000	0.0000	0.0000	0.0000	0.0000	0.0000	0.0000	0.0000	0.0000	0.0000	0.0000	0.0000	0.0000	0.0000	0.0000	0.0000	0.0000	0.0000	0.0000	0.0000	0.0000	0.0000	0.0000	0.0000	0.0000	0.0000	0.0000	0.0000	0.0000	0.0000	0.0000	0.0000	0.0000	0.0000	0.0000	0.0000	0.0000	0.0000	0.0000	0.0000	0.0000	0.0000	0.0000	0.0000	0.0000	0.0000											
4	135	0.1576	11	1	0	2	1	0	0	0	0	N	N	Y	N	N	N	N	N	N	N	N	N	0.0000	0.0000	0.0000	0.0000	0.0000	0.0000	0.0000	0.0000	0.0000	0.0000	0.0000	0.0000	0.0000	0.0000	0.0000	0.0000	0.0000	0.0000	0.0000	0.0000	0.0000	2.0025	0.0000	0.9943	0.0000	0.0000	0.0000	0.0000	0.0000	0.0000	0.0000	0.0000	0.0000	0.0000	0.0000	0.0000	0.0000	0.0000	0.0000	0.0000	0.0000	0.0000	0.0000	0.0000	0.0000	0.0000	0.0000	0.0000	0.0000	0.0000	0.0000	0.0000	0.0000	0.0000	0.0000	0.0000	0.0000	0.0000	0.0000	0.0000	0.0000	0.0000	0.0000	0.0000	0.0000	0.0000	0.0000	0.0000	0.0000	0.0000	0.0000	0.0000	0.0000	0.0000	0.0000	0.0000	0.0000	0.0000											
4	136	0.1576	10	1	0	1	1	0	0	0	0	N	N	N	N	N	N	N	N	N	N	N	N	0.0000	0.0000	0.0000	0.0000	0.0000	0.0000	0.0000	0.0000	0.0000	0.0000	0.0000	0.0000	0.0000	0.0000	0.0000	0.0000	0.0000	0.0000	0.0000	0.0000	0.0000	0.0050	0.0000	0.0173	0.0000	0.0000	0.0000	0.0000	0.0000	0.0000	0.0000	0.0000	0.0000	0.0000	0.0000	0.0000	0.0000	0.0000	0.0000	0.0000	0.0000	0.0000	0.0000	0.0000	0.0000	0.0000	0.0000	0.0000	0.0000	0.0000	0.0000	0.0000	0.0000	0.0000	0.0000	0.0000	0.0000	0.0000	0.0000	0.0000	0.0000	0.0000	0.0000	0.0000	0.0000	0.0000	0.0000	0.0000	0.0000	0.0000	0.0000	0.0000	0.0000	0.0000	0.0000	0.0000	0.0000	0.0000											
4	137	0.1480	9	1	0	1	1	0	0	0	0	N	N	N	N	N	N	N	N	N	N	N	N	0.0000	0.0000	0.0000	0.0000	0.0000	0.0000	0.0000	0.0000	0.0000	0.0000	0.0000	0.0000	0.0000	0.0000	0.0000	0.0000	0.0000	0.0000	0.0000	0.0000	0.0000	1.9972	0.0000	1.0076	0.0000	0.0000	0.0000	0.0000	0.0000	0.0000	0.0000	0.0000	0.0000	0.0000	0.0000	0.0000	0.0000	0.0000	0.0000	0.0000	0.0000	0.0000	0.0000	0.0000	0.0000	0.0000	0.0000	0.0000	0.0000	0.0000	0.0000	0.0000	0.0000	0.0000	0.0000	0.0000	0.0000	0.0000	0.0000	0.0000	0.0000	0.0000	0.0000	0.0000	0.0000	0.0000	0.0000	0.0000	0.0000	0.0000	0.0000	0.0000	0.0000	0.0000	0.0000	0.0000	0.0000	0.0000											
4	138	0.1307	8	2	1	1	0	0	0	0	0	Y	N	N	N	N	N	N	N	N	N	N	N	0.0000	0.0000	0.0000	0.0000	0.0000	0.0000	0.0000	0.0000	0.0000	0.0000	0.0000	0.0000	0.0000	0.0000	0.0000	0.0000	0.0000	0.0000	0.0000	0.0000	0.0000	0.0002	0.0000	2.3255	0.0000	0.0000	0.0000	0.0000	0.0000	0.0000	0.0000	0.0000	0.0000	0.0000	0.0000	0.0000	0.0000	0.0000	0.0000	0.0000	0.0000	0.0000	0.0000	0.0000	0.0000	0.0000	0.0000	0.0000	0.0000	0.0000	0.0000	0.0000	0.0000	0.0000	0.0000	0.0000	0.0000	0.0000	0.0000	0.0000	0.0000	0.0000	0.0000	0.0000	0.0000	0.0000	0.0000	0.0000	0.0000	0.0000	0.0000	0.0000	0.0000	0.0000	0.0000	0.0000	0.0000	0.0000											
4	139	0.1128	7	2	1	1	0	0	0	0	0	Y	N	N	N	N	N	N	N	N	N	N	N	0.0000	0.0000	0.0000	0.0000	0.0000	0.0000	0.0000	0.0000	0.0000	0.0000	0.0000	0.0000	0.0000	0.0000	0.0000	0.0000	0.0000	0.0000	0.0000	0.0000	0.0000	2.0138	0.0000	2.7349	0.0000	0.0000	0.0000	0.0000	0.0000	0.0000	0.0000	0.0000	0.0000	0.0000	0.0000	0.0000	0.0000	0.0000	0.0000	0.0000	0.0000	0.0000	0.0000	0.0000	0.0000	0.0000	0.0000	0.0000	0.0000	0.0000	0.0000	0.0000	0.0000	0.0000	0.0000	0.0000	0.0000	0.0000	0.0000	0.0000	0.0000	0.0000	0.0000	0.0000	0.0000	0.0000	0.0000	0.0000	0.0000	0.0000	0.0000	0.0000	0.0000	0.0000	0.0000	0.0000	0.0000	0.0000											
4	140	0.1294	8	1	1	1	0	0	0	0	0	N	N	N	N	N	N	N	N	N	N	N	N	0.0000	0.0000	0.0000	0.0000	0.0000	0.0000	0.0000	0.0000	0.0000	0.0000	0.0000	0.0000	0.0000	0.0000	0.0000	0.0000	0.0000	0.0000	0.0000	0.0000	0.0000	1.9232	0.0000	1.1116	0.0000	0.0000	0.0000	0.0000	0.0000	0.0000	0.0000	0.0000	0.0000	0.0000	0.0000	0.0000	0.0000	0.0000	0.0000	0.0000	0.0000	0.0000	0.0000	0.0000	0.0000	0.0000	0.0000	0.0000	0.0000	0.0000	0.0000	0.0000	0.0000	0.0000	0.0000	0.0000	0.0000	0.0000	0.0000	0.0000	0.0000	0.0000	0.0000	0.0000	0.0000	0.0000	0.0000	0.0000	0.0000	0.0000	0.0000	0.0000	0.0000	0.0000	0.0000	0.0000	0.0000	0.0000											
4	141	0.6378	10	1	1	1	0	0	0	0	0	N	N	N	N	N	N	N	N	N	N	N	N	0.0000	0.0000	0.0000	0.0000	0.0000	0.0000	0.0000	0.0000	0.0000	0.0000	0.0000	0.0000	0.0000	0.0000	0.0000	0.0000	0.0000	0.0000	0.0000	0.0000	0.0000	3.0000	0.0000	1.0000	0.0000	0.0000	0.0000	0.0000	0.0000	0.0000	0.0000	0.0000	0.0000	0.0000	0.0000	0.0000	0.0000	0.0000	0.0000	0.0000	0.0000	0.0000	0.0000	0.0000	0.0000	0.0000	0.0000	0.0000	0.0000	0.0000	0.0000	0.0000	0.0000	0.0000	0.0000	0.0000	0.0000	0.0000	0.0000	0.0000	0.0000	0.0000	0.0000	0.0000	0.0000	0.0000	0.0000	0.0000	0.0000	0.0000	0.0000	0.0000	0.0000	0.0000	0.0000	0.0000	0.0000	0.0000											
4	142	0.6186	9	1	0	1	0	0	0	0	0	N	N	N	N	N	N	N	N	N	N	N	N	0.0000	0.0000	0.0000	0.0000	0.0000	0.0000	0.0000	0.0000	0.0000	0.0000	0.0000	0.0000	0.0000	0.0000	0.0000	0.0000	0.0000	0.0000	0.0000	0.0000	0.0000	1.0000	0.0000	1.0000	0.0000	0.0000	0.0000	0.0000	0.0000	0.0000	0.0000	0.0000	0.0000	0.0000	0.0000	0.0000	0.0000	0.0000	0.0000	0.0000	0.0000	0.0000	0.0000	0.0000	0.0000	0.0000	0.0000	0.0000	0.0000	0.0000	0.0000	0.0000	0.0000	0.0000	0.0000	0.0000	0.0000	0.0000	0.0000	0.0000	0.0000	0.0000	0.0000	0.0000	0.0000	0.0000	0.0000	0.0000	0.0000	0.0000	0.0000	0.0000	0.0000	0.0000	0.0000	0.0000	0.0000	0.0000											
4	143	0.3682	8	1	0	1	0	0	0	0	0	N	N	N	N	N	N	N	N	N	N	N	N	0.0000	0.0000	0.0000	0.0000	0.0000	0.0000	0.0000	0.0000	0.0000	0.0000	0.0000	0.0000	0.0000	0.0000	0.0000	0.0000	0.0000	0.0000	0.0000	0.0000	0.0000	7.1211	0.0000	10.9474	0.0000	0.0000	0.0000	0.0000	0.0000	0.0000	0.0000	0.0000	0.0000	0.0000	0.0000	0.0000	0.0000	0.0000	0.0000	0.0000	0.0000	0.0000	0.0000	0.0000	0.0000	0.0000	0.0000	0.0000	0.0000	0.0000	0.0000	0.0000	0.0000	0.0000	0.0000	0.0000	0.0000	0.0000	0.0000	0.0000	0.0000	0.0000	0.0000	0.0000	0.0000	0.0000	0.0000	0.0000	0.0000	0.0000	0.0000	0.0000	0.0000	0.0000	0.0000	0.0000	0.0000	0.0000											
4	144	0.1734	7	1	0	1	0	0	0	0	0	N	N	N	N	N	N	N	N	N	N	N	N	0.0000	0.0000	0.0000	0.0000	0.0000	0.0000	0.0000	0.0000	0.0000	0.0000	0.0000	0.0000	0.0000	0.0000	0.0000	0.0000	0.0000	0.0000	0.0000	0.0000	0.0000	8.5175	0.0000	23.1696	0.0000	0.0000	0.0000	0.0000	0.0000	0.0000	0.0000	0.0000	0.0000	0.0000	0.0000	0.0000	0.0000	0.0000	0.0000	0.0000	0.0000	0.0000	0.0000	0.0000	0.0000	0.0000	0.0000	0.0000	0.0000	0.0000	0.0000	0.0000	0.0000	0.0000	0.0000	0.0000	0.0000	0.0000	0.0000	0.0000	0.0000	0.0000	0.0000	0.0000	0.0000	0.0000	0.0000	0.0000	0.0000	0.0000	0.0000	0.0000	0.0000	0.0000	0.0000	0.0000	0.0000	0.0000											
4	145	0.1480	10	2	1	1	0	0	0	0	0	Y	N	N	N	N	N	N	N	N	N	N	N	0.0000	0.0000	0.0000	0.0000	0.0000	0.0000	0.0000	0.0000	0.0000	0.0000	0.0000	0.0000	0.0000	0.0000	0.0000	0.0000	0.0000	0.0000	0.0000	0.0000	0.0000	1.0000	0.0000	1.0000	0.0000	0.0000	0.0000	0.0000	0.0000	0.0000	0.0000	0.0000	0.0000	0.0000	0.0000	0.0000	0.0000	0.0000	0.0000	0.0000	0.0000	0.0000	0.0000	0.0000	0.0000	0.0000	0.0000	0.0000	0.0000	0.0000	0.0000	0.0000	0.0000	0.0000	0.0000	0.0000	0.0000	0.0000	0.0000	0.0000	0.0000	0.0000	0.0000	0.0000	0.0000	0.0000	0.0000	0.0000	0.0000	0.0000	0.0000	0.0000	0.0000	0.0000	0.0000	0.0000	0.0000	0.0000											
4	146	0.1480	9	1	1	1	0	0	0	0	0	N	N	N	N	N	N	N	N	N	N	N	N	0.0000	0.0000	0.0000	0.0000	0.0000	0.0000	0.0000	0.0000	0.0000	0.0000	0.0000	0.0000	0.0000	0.0000	0.0000	0.0000	0.0000	0.0000	0.0000	0.0000	0.0000	0.0003	0.0000	0.0000	0.0000	0.0000	0.0000	0.0000	0.0000	0.0000	0.0000	0.0000	0.0000	0.0000	0.0000	0.0000	0.0000	0.0000	0.0000	0.0000	0.0000	0.0000	0.0000	0.0000	0.0000	0.0000	0.0000	0.0000	0.0000	0.0000	0.0000	0.0000	0.0000	0.0000	0.0000	0.0000	0.0000	0.0000	0.0000	0.0000	0.0000	0.0000	0.0000	0.0000	0.0000	0.0000	0.0000	0.0000	0.0000	0.0000	0.0000	0.0000	0.0000	0.0000	0.0000	0.0000	0.0000	0.0000											
4	147	0.1294	8	1	0	1	0	0	0	0	0	N	N	N	N	N	N	N	N	N	N	N	N	0.0000	0.0000	0.0000	0.0000	0.0000	0.0000	0.0000	0.0000	0.0000	0.0000	0.0000	0.0000	0.0000	0.0000	0.0000	0.0000	0.0000	0.0000	0.0000	0.0000	0.0000	4.9449	0.0000	1.0063	0.0000	0.0000	0.0000	0.0000	0.0000	0.0000	0.0000	0.0000	0.0000	0.0000	0.0000	0.0000	0.0000	0.0000	0.0000	0.0000	0.0000	0.0000	0.0000	0.0000	0.0000	0.0000	0.0000	0.0000	0.0000	0.0000	0.0000	0.0000	0.0000	0.0000	0.0000	0.0000	0.0000	0.0000	0.0000	0.0000	0.0000	0.0000	0.0000	0.0000	0.0000	0.0000	0.0000	0.0000	0.0000	0.0000	0.0000	0.0000	0.0000	0.0000	0.0000	0.0000	0.0000	0.0000											
4	148	0.1128	7	1	0	1	0	0	0	0	0	N	N	N	N	N	N	N	N	N	N	N	N	0.0000	0.0000	0.0000	0.0000	0.0000	0.0000	0.0000	0.0000	0.0000	0.0000	0.0000	0.0000	0.0000	0.0000	0.0000	0.0000	0.0000	0.0000	0.0000	0.0000	0.0000	3.4778	0.0000	1.2917	0.0000	0.0000	0.0000	0.0000	0.0000	0.0000	0.0000	0.0000	0.0000	0.0000	0.0000	0.0000	0.0000	0.0000	0.0000	0.0000	0.0000	0.0000	0.0000	0.0000	0.0000	0.0000	0.0000	0.0000	0.0000	0.0000	0.0000	0.0000	0.0000	0.0000	0.0000	0.0000	0.0000	0.0000	0.0000	0.0000	0.0000	0.0000	0.0000	0.0000	0.0000	0.0000	0.0000	0.0000	0.0000	0.0000	0.0000	0.0000	0.0000	0.0000	0.0000	0.0000	0.0000	0.0000											
4	149	0.0625	6	1	0	1	0	0	0	0	0	N	N	N	N	N	N	N	N	N	N	N	N	0.0000	0.0000	0.0000	0.0000	0.0000	0.0000	0.0000	0.0000	0.0000	0.0000	0.0000	0.0000	0.0000	0.0000	0.0000	0.0000	0.0000	0.0000	0.0000	0.0000	0.0000	7.8050	0.0000	4.0035	0.0000	0.0000	0.0000	0.0000	0.0000	0.0000	0.0000	0.0000	0.0000	0.0000	0.0000	0.0000	0.0000	0.0000	0.0000	0.0000	0.0000	0.0000	0.0000	0.0000	0.0000	0.0000	0.0000	0.0000	0.0000	0.0000	0.0000	0.0000	0.0000	0.0000	0.0000	0.0000	0.0000	0.0000	0.0000	0.0000	0.0000	0.0000	0.0000	0.0000	0.0000	0.0000	0.0000	0.0000	0.0000	0.0000	0.0000	0.0000	0.0000	0.0000	0.0000	0.0000	0.0000	0.0000											
4	150	0.1898	8	1	0	1	0	0	0	0	0	N	N	N	N	N	N	N	N	N	N	N	N	0.0000	0.0000	0.0000	0.0000	0.0000	0.0000	0.0000	0.0000	0.0000	0.0000	0.0000	0.0000	0.0000	0.0000	0.0000	0.0000	0.0000	0.0000	0.0000	0.0000	0.0000	3.7255	0.0000	14.1767	0.0000	0.0000	0.0000	0.0000	0.0000	0.0000	0.0000	0.0000	0.0000	0.0000	0.0000	0.0000	0.0000	0.0000	0.0000	0.0000	0.0000	0.0000	0.0000	0.0000	0.0000	0.0000	0.0000	0.0000	0.0000	0.0000	0.0000	0.0000	0.0000	0.0000	0.0000	0.0000	0.0000	0.0000	0.0000	0.0000	0.0000	0.0000	0.0000	0.0000	0.0000	0.0000	0.0000	0.0000	0.0000	0.0000	0.0000	0.0000	0.0000	0.0000	0.0000	0.0000	0.0000	0.0000											
4	151	0.1734	7	1	0	1	0	0	0	0	0	N	N	N	N	N	N	N	N	N	N	N	N	0.0000	0.0000	0.0000	0.0000	0.0000	0.0000	0.0000	0.0000	0.0000	0.0000	0.0000	0.0000	0.0000	0.0000	0.0000	0.0000	0.0000	0.0000	0.0000	0.0000	0.0000	1.4205	0.0000	4.0377	0.0000	0.0000	0.0000	0.0000	0.0000	0.0000	0.0000	0.0000	0.0000	0.0000	0.0000	0.0000	0.0000	0.0000	0.0000	0.0000	0.0000	0.0000	0.0000	0.0000	0.0000	0.0000	0.0000	0.0000	0.0000	0.0000	0.0000	0.0000	0.0000	0.0000	0.0000	0.0000	0.0000	0.0000	0.0000	0.0000	0.0000	0.0000	0.0000	0.0000	0.0000	0.0000	0.0000	0.0000	0.0000	0.0000	0.0000	0.0000	0.0000	0.0000	0.0000	0.0000	0.0000	0.0000											
4	152	0.0625	6	1	0	1	0	0	0	0	0	N	N	N	N	N	N	N	N	N	N	N	N	0.0000	0.0000	0.0000	0.0000	0.0000	0.0000	0.0000	0.0000	0.0000	0.0000	0.0000	0.0000	0.0000	0.0000	0.0000	0.0000	0.0000	0.0000	0.0000	0.0000	0.0000	6.4701	0.0000	12.4371	0.0000	0.0000	0.0000	0.0000	0.0000	0.0000	0.0000	0.0000	0.0000	0.0000	0.0000	0.0000	0.0000	0.0000	0.0000	0.0000	0.0000	0.0000	0.0000	0.0000	0.0000	0.0000	0.0000	0.0000	0.0000	0.0000	0.0000	0.0000	0.0000	0.0000	0.0000	0.0000	0.0000	0.0000	0.0000	0.0000	0.0000	0.0000	0.0000	0.0000	0.0000	0.0000	0.0000	0.0000	0.0000	0.0000	0.0000	0.0000	0.0000	0.0000	0.0000	0.0000	0.0000	0.0000											
5	6	0.6029	6	1	1	1	0	0	0	0	0	N	N	N	N	N	N	N	N	N	N	N	N	0.0000	0.0000	0.0000	0.0000	0.0000	0.0000	0.0000	0.0000	0.0000	0.0000	0.0000	0.0000	0.0000	0.0000	0.0000	0.0000	0.0000	0.0000	0.0000	0.0000	0.0000	2.9996	2.0000	1.0000	0.0000	0.0000	0.0000	0.0000	0.0000	0.0000	0.0000	0.0000	0.0000	0.0000	0.0000	0.0000	0.0000	0.0000	0.0000	0.0000	0.0000	0.0000	0.0000	0.0000	0.0000	0.0000	0.0000	0.0000	0.0000	0.0000	0.0000	0.0125	0.0074	0.0051	0.0061	0.0053	0.0009	0.0064	0.0021	0.0043	0.0000	0.0000	0.0000	0.0000	0.0000	0.0000	0.0000	0.0000	0.0000	0.0000	0.0000	0.0000	0.0000	0.0000	0.0000	0.0000	0.0000	0.0000											
5	7	0.0803	4	1	1	1	0	0	0	0	0	N	N	N	N	N	N	N	N	N	N	N	N	0.0000	0.0000	0.0000	0.0000	0.0000	0.0000	0.0000	0.0000	0.0000	0.0000	0.0000	0.0000	0.0000	0.0000	0.0000	0.0000	0.0000	0.0000	0.0000	0.0000	0.0000	1.4589	2.0000	1.1370	0.0000	0.0000	0.0000	0.0000	0.0000	0.0000	0.0000	0.0000	0.0000	0.0000	0.0000	0.0000	0.0000	0.0000	0.0000	0.0000	0.0000	0.0000	0.0000	0.0000	0.0000	0.0000	0.0000	0.0000	0.0000	0.0000	0.0000	0.0139	0.0042	0.0097	0.0007	0.0006	0.0000	0.0133	0.0036	0.0097	0.0000	0.0000	0.0000	0.0000	0.0000	0.0000	0.0000	0.0000	0.0000	0.0000	0.0000	0.0000	0.0000	0.0000	0.0000	0.0000	0.0000	0.0000											
5	8	0.0998	7	1	0	2	1	0	0	0	0	N	N	Y	N	N	N	N	N	N	N	N	N	0.0000	0.0000	0.0000	0.0000	0.0000	0.0000	0.0000	0.0000	0.0000	0.0000	0.0000	0.0000	0.0000	0.0000	0.0000	0.0000	0.0000	0.0000	0.0000	0.0000	0.0000	0.0000	2.0000	0.0000	0.0000	0.0000	0.0000	0.0000	0.0000	0.0000	0.0000	0.0000	0.0000	0.0000	0.0000	0.0000	0.0000	0.0000	0.0000	0.0000	0.0000	0.0000	0.0000	0.0000	0.0000	0.0000	0.0000	0.0000	0.0000	0.0000	0.0000	0.0000	0.0000	0.0000	0.0000	0.0000	0.0000	0.0000	0.0000	0.0000	0.0000	0.0000	0.0000	0.0000	0.0000	0.0000	0.0000	0.0000	0.0000	0.0000	0.0000	0.0000	0.0000	0.0000	0.0000	0.0000	0.0000	0.0000											
5	9	0.6603	10	1	0	2	1	0	0	0	0	N	N	Y	N	N	N	N	N	N	N	N	N	0.0000	0.0000	0.0000	0.0000	0.0000	0.0000	0.0000	0.0000	0.0000	0.0000	0.0000	0.0000	0.0000	0.0000	0.0000	0.0000	0.0000	0.0000	0.0000	0.0000	0.0000	0.0000	2.0000	2.0000	0.0000	0.0000	0.0000	0.0000	0.0000	0.0000	0.0000	0.0000	0.0000	0.0000	0.0000	0.0000	0.0000	0.0000	0.0000	0.0000	0.0000	0.0000	0.0000	0.0000	0.0000	0.0000	0.0000	0.0000	0.0000	0.0000	0.0000	0.0065	0.0037	0.0028	0.0030	0.0026	0.0004	0.0035	0.0011	0.0024	0.0000	0.0000	0.0000	0.0000	0.0000	0.0000	0.0000	0.0000	0.0000	0.0000	0.0000	0.0000	0.0000	0.0000	0.0000	0.0000	0.0000	0.0000											
5	10	0.0749	4	2	1	1	0	0	0	0	0	Y	N	N	N	N	N	N	N	N	N	N	N	0.0000	0.0000	0.0000	0.0000	0.0000	0.0000	0.0000	0.0000	0.0000	0.0000	0.0000	0.0000	0.0000	0.0000	0.0000	0.0000	0.0000	0.0000	0.0000	0.0000	0.0000	0.0266	2.0000	2.0614	0.0000	0.0000	0.0000	0.0000	0.0000	0.0000	0.0000	0.0000	0.0000	0.0000	0.0000	0.0000	0.0000	0.0000	0.0000	0.0000	0.0000	0.0000	0.0000	0.0000	0.0000	0.0000	0.0000	0.0000	0.0000	0.0000	0.0000	0.0227	0.0105	0.0122	0.0018	0.0018	0.0001	0.0209	0.0088	0.0121	0.0000	0.0000	0.0000	0.0000	0.0000	0.0000	0.0000	0.0000	0.0000	0.0000	0.0000	0.0000	0.0000	0.0000	0.0000	0.0000	0.0000	0.0000											
5	11	0.6442	7	2	1	1	0	0	0	0	0	Y	N	N	N	N	N	N	N	N	N	N	N	0.0000	0.0000	0.0000	0.0000	0.0000	0.0000	0.0000	0.0000	0.0000	0.0000	0.0000	0.0000	0.0000	0.0000	0.0000	0.0000	0.0000	0.0000	0.0000	0.0000	0.0000	6.9996	2.0000	1.0001	0.0000	0.0000	0.0000	0.0000	0.0000	0.0000	0.0000	0.0000	0.0000	0.0000	0.0000	0.0000	0.0000	0.0000	0.0000	0.0000	0.0000	0.0000	0.0000	0.0000	0.0000	0.0000	0.0000	0.0000	0.0000	0.0000	0.0000	0.0215	0.0133	0.0082	0.0121	0.0104	0.0017	0.0094	0.0028	0.0065	0.0000	0.0000	0.0000	0.0000	0.0000	0.0000	0.0000	0.0000	0.0000	0.0000	0.0000	0.0000	0.0000	0.0000	0.0000	0.0000	0.0000	0.0000											
5	12	0.0182	2	2	0	2	0	0	0	0	0	Y	N	Y	N	N	N	N	N	N	N	N	N	0.0000	0.0000	0.0000	0.0000	0.0000	0.0000	0.0000	0.0000	0.0000	0.0000	0.0000	0.0000	0.0000	0.0000	0.0000	0.0000	0.0000	0.0000	0.0000	0.0000	0.0000	0.0000	2.0000	1.0091	0.0000	0.0000	0.0000	0.0000	0.0000	0.0000	0.0000	0.0000	0.0000	0.0000	0.0000	0.0000	0.0000	0.0000	0.0000	0.0000	0.0000	0.0000	0.0000	0.0000	0.0000	0.0000	0.0000	0.0000	0.0000	0.0000	0.0000	0.0086	0.0041	0.0045	0.0005	0.0005	0.0000	0.0080	0.0035	0.0045	0.0000	0.0000	0.0000	0.0000	0.0000	0.0000	0.0000	0.0000	0.0000	0.0000	0.0000	0.0000	0.0000	0.0000	0.0000	0.0000	0.0000	0.0000											
5	13	0.6654	11	2	0	2	0	0	0	0	0	Y	N	Y	N	N	N	N	N	N	N	N	N	0.0000	0.0000	0.0000	0.0000	0.0000	0.0000	0.0000	0.0000	0.0000	0.0000	0.0000	0.0000	0.0000	0.0000	0.0000	0.0000	0.0000	0.0000	0.0000	0.0000	0.0000	0.0000	2.0000	0.0000	0.0000	0.0000	0.0000	0.0000	0.0000	0.0000	0.0000	0.0000	0.0000	0.0000	0.0000	0.0000	0.0000	0.0000	0.0000	0.0000	0.0000	0.0000	0.0000	0.0000	0.0000	0.0000	0.0000	0.0000	0.0000	0.0000	0.0000	0.0000	0.0000	0.0000	0.0000	0.0000	0.0000	0.0000	0.0000	0.0000	0.0000	0.0000	0.0000	0.0000	0.0000	0.0000	0.0000	0.0000	0.0000	0.0000	0.0000	0.0000	0.0000	0.0000	0.0000	0.0000	0.0000	0.0000											
5	14	0.6654	10	2	0	2	0	0	0	0	0	Y	N	Y	N	N	N	N	N	N	N	N	N	0.0000	0.0000	0.0000	0.0000	0.0000	0.0000	0.0000	0.0000	0.0000	0.0000	0.0000	0.0000	0.0000	0.0000	0.0000	0.0000	0.0000	0.0000	0.0000	0.0000	0.0000	0.0000	2.0000	0.0000	0.0000	0.0000	0.0000	0.0000	0.0000	0.0000	0.0000	0.0000	0.0000	0.0000	0.0000	0.0000	0.0000	0.0000	0.0000	0.0000	0.0000	0.0000	0.0000	0.0000	0.0000	0.0000	0.0000	0.0000	0.0000	0.0000	0.0000	0.0000	0.0000	0.0000	0.0000	0.0000	0.0000	0.0000	0.0000	0.0000	0.0000	0.0000	0.0000	0.0000	0.0000	0.0000	0.0000	0.0000	0.0000	0.0000	0.0000	0.0000	0.0000	0.0000	0.0000	0.0000	0.0000	0.0000											
5	15	0.0953	5	2	1	1	1	0	0	0	0	Y	N	N	N	N	N	N	N	N	N	N	N	0.0000	0.0000	0.0000	0.0000	0.0000	0.0000	0.0000	0.0000	0.0000	0.0000	0.0000	0.0000	0.0000	0.0000	0.0000	0.0000	0.0000	0.0000	0.0000	0.0000	0.0000	1.0049	2.0000	0.9915	0.0000	0.0000	0.0000	0.0000	0.0000	0.0000	0.0000	0.0000	0.0000	0.0000	0.0000	0.0000	0.0000	0.0000	0.0000	0.0000	0.0000	0.0000	0.0000	0.0000	0.0000	0.0000	0.0000	0.0000	0.0000	0.0000	0.0000	0.0089	0.0026	0.0063	0.0000	0.0000	0.0000	0.0089	0.0025	0.0063	0.0000	0.0000	0.0000	0.0000	0.0000	0.0000	0.0000	0.0000	0.0000	0.0000	0.0000	0.0000	0.0000	0.0000	0.0000	0.0000	0.0000	0.0000											
5	16	0.6981	10	2	1	1	1	0	0	0	0	Y	N	N	N	N	N	N	N	N	N	N	N	0.0000	0.0000	0.0000	0.0000	0.0000	0.0000	0.0000	0.0000	0.0000	0.0000	0.0000	0.0000	0.0000	0.0000	0.0000	0.0000	0.0000	0.0000	0.0000	0.0000	0.0000	2.0025	2.0000	0.0085	0.0000	0.0000	0.0000	0.0000	0.0000	0.0000	0.0000	0.0000	0.0000	0.0000	0.0000	0.0000	0.0000	0.0000	0.0000	0.0000	0.0000	0.0000	0.0000	0.0000	0.0000	0.0000	0.0000	0.0000	0.0000	0.0000	0.0000	0.0094	0.0061	0.0033	0.0033	0.0028	0.0004	0.0062	0.0033	0.0029	0.0000	0.0000	0.0000	0.0000	0.0000	0.0000	0.0000	0.0000	0.0000	0.0000	0.0000	0.0000	0.0000	0.0000	0.0000	0.0000	0.0000	0.0000											
5	17	0.0121	2	2	0	2	0	0	0	0	0	Y	N	Y	N	N	N	N	N	N	N	N	N	0.0000	0.0000	0.0000	0.0000	0.0000	0.0000	0.0000	0.0000	0.0000	0.0000	0.0000	0.0000	0.0000	0.0000	0.0000	0.0000	0.0000	0.0000	0.0000	0.0000	0.0000	0.0000	2.0000	0.0000	0.0000	0.0000	0.0000	0.0000	0.0000	0.0000	0.0000	0.0000	0.0000	0.0000	0.0000	0.0000	0.0000	0.0000	0.0000	0.0000	0.0000	0.0000	0.0000	0.0000	0.0000	0.0000	0.0000	0.0000	0.0000	0.0000	0.0000	0.0000	0.0000	0.0000	0.0000	0.0000	0.0000	0.0000	0.0000	0.0000	0.0000	0.0000	0.0000	0.0000	0.0000	0.0000	0.0000	0.0000	0.0000	0.0000	0.0000	0.0000	0.0000	0.0000	0.0000	0.0000	0.0000	0.0000											
5	18	0.6488	7	1	0	2	0	0	0	0	0	N	N	Y	N	N	N	N	N	N	N	N	N	0.0000	0.0000	0.0000	0.0000	0.0000	0.0000	0.0000	0.0000	0.0000	0.0000	0.0000	0.0000	0.0000	0.0000	0.0000	0.0000	0.0000	0.0000	0.0000	0.0000	0.0000	0.0000	2.0000	0.0000	0.0000	0.0000	0.0000	0.0000	0.0000	0.0000	0.0000	0.0000	0.0000	0.0000	0.0000	0.0000	0.0000	0.0000	0.0000	0.0000	0.0000	0.0000	0.0000	0.0000	0.0000	0.0000	0.0000	0.0000	0.0000	0.0000	0.0000	0.0000	0.0000	0.0000	0.0000	0.0000	0.0000	0.0000	0.0000	0.0000	0.0000	0.0000	0.0000	0.0000	0.0000	0.0000	0.0000	0.0000	0.0000	0.0000	0.0000	0.0000	0.0000	0.0000	0.0000	0.0000	0.0000	0.0000											
5	19	0.0468	3	2	1	1	0	0	0	0	0	Y	N	N	N	N	N	N	N	N	N	N	N	0.0000	0.0000	0.0000	0.0000	0.0000	0.0000	0.0000	0.0000	0.0000	0.0000	0.0000	0.0000	0.0000	0.0000	0.0000	0.0000	0.0000	0.0000	0.0000	0.0000	0.0000	3.0000	2.0000	0.0000	0.0000	0.0000	0.0000	0.0000	0.0000	0.0000	0.0000	0.0000	0.0000	0.0000	0.0000	0.0000	0.0000	0.0000	0.0000	0.0000	0.0000	0.0000	0.0000	0.0000	0.0000	0.0000	0.0000	0.0000	0.0000	0.0000	0.0000	0.0103	0.0034	0.0069	0.0000	0.0000	0.0000	0.0103	0.0034	0.0069	0.0000	0.0000	0.0000	0.0000	0.0000	0.0000	0.0000	0.0000	0.0000	0.0000	0.0000	0.0000	0.0000	0.0000	0.0000	0.0000	0.0000	0.0000											
5	20	0.0692	4	1	1	1	0	0	0	0	0	N	N	N	N	N	N	N	N	N	N	N	N	0.0000	0.0000	0.0000	0.0000	0.0000	0.0000	0.0000	0.0000	0.0000	0.0000	0.0000	0.0000	0.0000	0.0000	0.0000	0.0000	0.0000	0.0000	0.0000	0.0000	0.0000	0.0000	2.0000	1.0000	0.0000	0.0000	0.0000	0.0000	0.0000	0.0000	0.0000	0.0000	0.0000	0.0000	0.0000	0.0000	0.0000	0.0000	0.0000	0.0000	0.0000	0.0000	0.0000	0.0000	0.0000	0.0000	0.0000	0.0000	0.0000	0.0000	0.0000	0.0074	0.0032	0.0042	0.0000	0.0000	0.0000	0.0074	0.0032	0.0042	0.0000	0.0000	0.0000	0.0000	0.0000	0.0000	0.0000	0.0000	0.0000	0.0000	0.0000	0.0000	0.0000	0.0000	0.0000	0.0000	0.0000	0.0000											
5	21	0.0953	5	1	0	1	1	0	0	0	0	N	N	N	N	N	N	N	N	N	N	N	N	0.0000	0.0000	0.0000	0.0000	0.0000	0.0000	0.0000	0.0000	0.0000	0.0000	0.0000	0.0000	0.0000	0.0000	0.0000	0.0000	0.0000	0.0000	0.0000	0.0000	0.0000	2.0045	2.0000	0.0106	0.0000	0.0000	0.0000	0.0000	0.0000	0.0000	0.0000	0.0000	0.0000	0.0000	0.0000	0.0000	0.0000	0.0000	0.0000	0.0000	0.0000	0.0000	0.0000	0.0000	0.0000	0.0000	0.0000	0.0000	0.0000	0.0000	0.0000	0.0090	0.0026	0.0064	0.0000	0.0000	0.0000	0.0090	0.0026	0.0064	0.0000	0.0000	0.0000	0.0000	0.0000	0.0000	0.0000	0.0000	0.0000	0.0000	0.0000	0.0000	0.0000	0.0000	0.0000	0.0000	0.0000	0.0000											
5	22	0.0660	4	1	0	1	1	0	0	0	0	N	N	N	N	N	N	N	N	N	N	N	N	0.0000	0.0000	0.0000	0.0000	0.0000	0.0000	0.0000	0.0000	0.0000	0.0000	0.0000	0.0000	0.0000	0.0000	0.0000	0.0000	0.0000	0.0000	0.0000	0.0000	0.0000	1.9989	2.0000	1.0099	0.0000	0.0000	0.0000	0.0000	0.0000	0.0000	0.0000	0.0000	0.0000	0.0000	0.0000	0.0000	0.0000	0.0000	0.0000	0.0000	0.0000	0.0000	0.0000	0.0000	0.0000	0.0000	0.0000	0.0000	0.0000	0.0000	0.0000	0.0165	0.0060	0.0105	0.0000	0.0000	0.0000	0.0165	0.0059	0.0105	0.0000	0.0000	0.0000	0.0000	0.0000	0.0000	0.0000	0.0000	0.0000	0.0000	0.0000	0.0000	0.0000	0.0000	0.0000	0.0000	0.0000	0.0000											
5	23	0.6450	9	1	1	1	1	0	0	0	0	N	N	N	N	N	N	N	N	N	N	N	N	0.0000	0.0000	0.0000	0.0000	0.0000	0.0000	0.0000	0.0000	0.0000	0.0000	0.0000	0.0000	0.0000	0.0000	0.0000	0.0000	0.0000	0.0000	0.0000	0.0000	0.0000	0.0000	2.0000	1.0024	0.0000	0.0000	0.0000	0.0000	0.0000	0.0000	0.0000	0.0000	0.0000	0.0000	0.0000	0.0000	0.0000	0.0000	0.0000	0.0000	0.0000	0.0000	0.0000	0.0000	0.0000	0.0000	0.0000	0.0000	0.0000	0.0000	0.0000	0.0176	0.0112	0.0064	0.0132	0.0104	0.0029	0.0044	0.0009	0.0035	0.0000	0.0000	0.0000	0.0000	0.0000	0.0000	0.0000	0.0000	0.0000	0.0000	0.0000	0.0000	0.0000	0.0000	0.0000	0.0000	0.0000	0.0000											
5	24	0.0692	4	1	1	1	0	0	0	0	0	N	N	N	N	N	N	N	N	N	N	N	N	0.0000	0.0000	0.0000	0.0000	0.0000	0.0000	0.0000	0.0000	0.0000	0.0000	0.0000	0.0000	0.0000	0.0000	0.0000	0.0000	0.0000	0.0000	0.0000	0.0000	0.0000	0.0000	2.0000	0.0000	0.0000	0.0000	0.0000	0.0000	0.0000	0.0000	0.0000	0.0000	0.0000	0.0000	0.0000	0.0000	0.0000	0.0000	0.0000	0.0000	0.0000	0.0000	0.0000	0.0000	0.0000	0.0000	0.0000	0.0000	0.0000	0.0000	0.0000	0.0000	0.0000	0.0000	0.0000	0.0000	0.0000	0.0000	0.0000	0.0000	0.0000	0.0000	0.0000	0.0000	0.0000	0.0000	0.0000	0.0000	0.0000	0.0000	0.0000	0.0000	0.0000	0.0000	0.0000	0.0000	0.0000	0.0000											
5	25	0.6767	9	1	1	1	0	0	0	0	0	N	N	N	N	N	N	N	N	N	N	N	N	0.0000	0.0000	0.0000	0.0000	0.0000	0.0000	0.0000	0.0000	0.0000	0.0000	0.0000	0.0000	0.0000	0.0000	0.0000	0.0000	0.0000	0.0000	0.0000	0.0000	0.0000	0.9998	2.0000	0.0242	0.0000	0.0000	0.0000	0.0000	0.0000	0.0000	0.0000	0.0000	0.0000	0.0000	0.0000	0.0000	0.0000	0.0000	0.0000	0.0000	0.0000	0.0000	0.0000	0.0000	0.0000	0.0000	0.0000	0.0000	0.0000	0.0000	0.0000	0.0043	0.0029	0.0014	0.0028	0.0025	0.0002	0.0015	0.0004	0.0012	0.0000	0.0000	0.0000	0.0000	0.0000	0.0000	0.0000	0.0000	0.0000	0.0000	0.0000	0.0000	0.0000	0.0000	0.0000	0.0000	0.0000	0.0000											
5	26	0.7144	12	1	1	1	1	0	0	0	0	N	N	N	N	N	N	N	N	N	N	N	N	0.0000	0.0000	0.0000	0.0000	0.0000	0.0000	0.0000	0.0000	0.0000	0.0000	0.0000	0.0000	0.0000	0.0000	0.0000	0.0000	0.0000	0.0000	0.0000	0.0000	0.0000	0.0000	2.0000	0.0000	0.0000	0.0000	0.0000	0.0000	0.0000	0.0000	0.0000	0.0000	0.0000	0.0000	0.0000	0.0000	0.0000	0.0000	0.0000	0.0000	0.0000	0.0000	0.0000	0.0000	0.0000	0.0000	0.0000	0.0000	0.0000	0.0000	0.0000	0.0000	0.0000	0.0000	0.0000	0.0000	0.0000	0.0000	0.0000	0.0000	0.0000	0.0000	0.0000	0.0000	0.0000	0.0000	0.0000	0.0000	0.0000	0.0000	0.0000	0.0000	0.0000	0.0000	0.0000	0.0000	0.0000	0.0000											
5	27	0.0929	4	2	1	1	0	0	0	0	0	Y	N	N	N	N	N	N	N	N	N	N	N	0.0000	0.0000	0.0000	0.0000	0.0000	0.0000	0.0000	0.0000	0.0000	0.0000	0.0000	0.0000	0.0000	0.0000	0.0000	0.0000	0.0000	0.0000	0.0000	0.0000	0.0000	0.0418	2.0000	6.1659	0.0000	0.0000	0.0000	0.0000	0.0000	0.0000	0.0000	0.0000	0.0000	0.0000	0.0000	0.0000	0.0000	0.0000	0.0000	0.0000	0.0000	0.0000	0.0000	0.0000	0.0000	0.0000	0.0000	0.0000	0.0000	0.0000	0.0000	0.0266	0.0105	0.0162	0.0028	0.0026	0.0002	0.0239	0.0079	0.0160	0.0000	0.0000	0.0000	0.0000	0.0000	0.0000	0.0000	0.0000	0.0000	0.0000	0.0000	0.0000	0.0000	0.0000	0.0000	0.0000	0.0000	0.0000											
5	28	0.0998	7	1	0	1	1	0	0	0	0	N	N	N	N	N	N	N	N	N	N	N	N	0.0000	0.0000	0.0000	0.0000	0.0000	0.0000	0.0000	0.0000	0.0000	0.0000	0.0000	0.0000	0.0000	0.0000	0.0000	0.0000	0.0000	0.0000	0.0000	0.0000	0.0000	1.5398	2.0000	1.0296	0.0000	0.0000	0.0000	0.0000	0.0000	0.0000	0.0000	0.0000	0.0000	0.0000	0.0000	0.0000	0.0000	0.0000	0.0000	0.0000	0.0000	0.0000	0.0000	0.0000	0.0000	0.0000	0.0000	0.0000	0.0000	0.0000	0.0000	0.0130	0.0048	0.0082	0.0006	0.0005	0.0000	0.0125	0.0043	0.0081	0.0000	0.0000	0.0000	0.0000	0.0000	0.0000	0.0000	0.0000	0.0000	0.0000	0.0000	0.0000	0.0000	0.0000	0.0000	0.0000	0.0000	0.0000											
5	29	0.0947	6	1	0	1	1	0	0	0	0	N	N	N	N	N	N	N	N	N	N	N	N	0.0000	0.0000	0.0000	0.0000	0.0000	0.0000	0.0000	0.0000	0.0000	0.0000	0.0000	0.0000	0.0000	0.0000	0.0000	0.0000	0.0000	0.0000	0.0000	0.0000	0.0000	0.8816	2.0000	0.0702	0.0000	0.0000	0.0000	0.0000	0.0000	0.0000	0.0000	0.0000	0.0000	0.0000	0.0000	0.0000	0.0000	0.0000	0.0000	0.0000	0.0000	0.0000	0.0000	0.0000	0.0000	0.0000	0.0000	0.0000	0.0000	0.0000	0.0000	0.0054	0.0021	0.0033	0.0004	0.0004	0.0000	0.0050	0.0017	0.0033	0.0000	0.0000	0.0000	0.0000	0.0000	0.0000	0.0000	0.0000	0.0000	0.0000	0.0000	0.0000	0.0000	0.0000	0.0000	0.0000	0.0000	0.0000											
5	30	0.6603	10	1	0	1	1	0	0	0	0	N	N	N	N	N	N	N	N	N	N	N	N	0.0000	0.0000	0.0000	0.0000	0.0000	0.0000	0.0000	0.0000	0.0000	0.0000	0.0000	0.0000	0.0000	0.0000	0.0000	0.0000	0.0000	0.0000	0.0000	0.0000	0.0000	0.0000	2.0000	0.0000	0.0000	0.0000	0.0000	0.0000	0.0000	0.0000	0.0000	0.0000	0.0000	0.0000	0.0000	0.0000	0.0000	0.0000	0.0000	0.0000	0.0000	0.0000	0.0000	0.0000	0.0000	0.0000	0.0000	0.0000	0.0000	0.0000	0.0000	0.0000	0.0000	0.0000	0.0000	0.0000	0.0000	0.0000	0.0000	0.0000	0.0000	0.0000	0.0000	0.0000	0.0000	0.0000	0.0000	0.0000	0.0000	0.0000	0.0000	0.0000	0.0000	0.0000	0.0000	0.0000	0.0000	0.0000											
5	31	0.6671	8	2	0	2	0	0	0	0	0	Y	N	Y	N	N	N	N	N	N	N	N	N	0.0000	0.0000	0.0000	0.0000	0.0000	0.0000	0.0000	0.0000	0.0000	0.0000	0.0000	0.0000	0.0000	0.0000	0.0000	0.0000	0.0000	0.0000	0.0000	0.0000	0.0000	0.0000	2.0000	0.0000	0.0000	0.0000	0.0000	0.0000	0.0000	0.0000	0.0000	0.0000	0.0000	0.0000	0.0000	0.0000	0.0000	0.0000	0.0000	0.0000	0.0000	0.0000	0.0000	0.0000	0.0000	0.0000	0.0000	0.0000	0.0000	0.0000	0.0000	0.0000	0.0000	0.0000	0.0000	0.0000	0.0000	0.0000	0.0000	0.0000	0.0000	0.0000	0.0000	0.0000	0.0000	0.0000	0.0000	0.0000	0.0000	0.0000	0.0000	0.0000	0.0000	0.0000	0.0000	0.0000	0.0000	0.0000											
5	32	0.6029	6	1	1	1	0	0	0	0	0	N	N	N	N	N	N	N	N	N	N	N	N	0.0000	0.0000	0.0000	0.0000	0.0000	0.0000	0.0000	0.0000	0.0000	0.0000	0.0000	0.0000	0.0000	0.0000	0.0000	0.0000	0.0000	0.0000	0.0000	0.0000	0.0000	0.0006	2.0000	3.0000	0.0000	0.0000	0.0000	0.0000	0.0000	0.0000	0.0000	0.0000	0.0000	0.0000	0.0000	0.0000	0.0000	0.0000	0.0000	0.0000	0.0000	0.0000	0.0000	0.0000	0.0000	0.0000	0.0000	0.0000	0.0000	0.0000	0.0000	0.0095	0.0056	0.0039	0.0046	0.0040	0.0006	0.0048	0.0016	0.0032	0.0000	0.0000	0.0000	0.0000	0.0000	0.0000	0.0000	0.0000	0.0000	0.0000	0.0000	0.0000	0.0000	0.0000	0.0000	0.0000	0.0000	0.0000											
5	33	0.6029	6	1	1	1	0	0	0	0	0	N	N	N	N	N	N	N	N	N	N	N	N	0.0000	0.0000	0.0000	0.0000	0.0000	0.0000	0.0000	0.0000	0.0000	0.0000	0.0000	0.0000	0.0000	0.0000	0.0000	0.0000	0.0000	0.0000	0.0000	0.0000	0.0000	2.0006	2.0000	8.0000	0.0000	0.0000	0.0000	0.0000	0.0000	0.0000	0.0000	0.0000	0.0000	0.0000	0.0000	0.0000	0.0000	0.0000	0.0000	0.0000	0.0000	0.0000	0.0000	0.0000	0.0000	0.0000	0.0000	0.0000	0.0000	0.0000	0.0000	0.0294	0.0175	0.0119	0.0146	0.0126	0.0021	0.0148	0.0049	0.0099	0.0000	0.0000	0.0000	0.0000	0.0000	0.0000	0.0000	0.0000	0.0000	0.0000	0.0000	0.0000	0.0000	0.0000	0.0000	0.0000	0.0000	0.0000											
5	34	0.6442	7	2	1	1	0	0	0	0	0	Y	N	N	N	N	N	N	N	N	N	N	N	0.0000	0.0000	0.0000	0.0000	0.0000	0.0000	0.0000	0.0000	0.0000	0.0000	0.0000	0.0000	0.0000	0.0000	0.0000	0.0000	0.0000	0.0000	0.0000	0.0000	0.0000	10.0001	2.0000	4.0001	0.0000	0.0000	0.0000	0.0000	0.0000	0.0000	0.0000	0.0000	0.0000	0.0000	0.0000	0.0000	0.0000	0.0000	0.0000	0.0000	0.0000	0.0000	0.0000	0.0000	0.0000	0.0000	0.0000	0.0000	0.0000	0.0000	0.0000	0.0356	0.0221	0.0135	0.0203	0.0174	0.0028	0.0153	0.0047	0.0107	0.0000	0.0000	0.0000	0.0000	0.0000	0.0000	0.0000	0.0000	0.0000	0.0000	0.0000	0.0000	0.0000	0.0000	0.0000	0.0000	0.0000	0.0000											
5	35	0.6029	6	1	1	1	0	0	0	0	0	N	N	N	N	N	N	N	N	N	N	N	N	0.0000	0.0000	0.0000	0.0000	0.0000	0.0000	0.0000	0.0000	0.0000	0.0000	0.0000	0.0000	0.0000	0.0000	0.0000	0.0000	0.0000	0.0000	0.0000	0.0000	0.0000	3.0004	2.0000	2.0000	0.0000	0.0000	0.0000	0.0000	0.0000	0.0000	0.0000	0.0000	0.0000	0.0000	0.0000	0.0000	0.0000	0.0000	0.0000	0.0000	0.0000	0.0000	0.0000	0.0000	0.0000	0.0000	0.0000	0.0000	0.0000	0.0000	0.0000	0.0155	0.0091	0.0063	0.0076	0.0065	0.0011	0.0079	0.0026	0.0053	0.0000	0.0000	0.0000	0.0000	0.0000	0.0000	0.0000	0.0000	0.0000	0.0000	0.0000	0.0000	0.0000	0.0000	0.0000	0.0000	0.0000	0.0000											
5	36	0.0468	3	1	1	1	0	0	0	0	0	N	N	N	N	N	N	N	N	N	N	N	N	0.0000	0.0000	0.0000	0.0000	0.0000	0.0000	0.0000	0.0000	0.0000	0.0000	0.0000	0.0000	0.0000	0.0000	0.0000	0.0000	0.0000	0.0000	0.0000	0.0000	0.0000	3.0000	2.0000	3.0000	0.0000	0.0000	0.0000	0.0000	0.0000	0.0000	0.0000	0.0000	0.0000	0.0000	0.0000	0.0000	0.0000	0.0000	0.0000	0.0000	0.0000	0.0000	0.0000	0.0000	0.0000	0.0000	0.0000	0.0000	0.0000	0.0000	0.0000	0.0194	0.0064	0.0130	0.0000	0.0000	0.0000	0.0194	0.0064	0.0130	0.0000	0.0000	0.0000	0.0000	0.0000	0.0000	0.0000	0.0000	0.0000	0.0000	0.0000	0.0000	0.0000	0.0000	0.0000	0.0000	0.0000	0.0000											
5	37	0.6331	7	2	1	1	0	0	0	0	0	Y	N	N	N	N	N	N	N	N	N	N	N	0.0000	0.0000	0.0000	0.0000	0.0000	0.0000	0.0000	0.0000	0.0000	0.0000	0.0000	0.0000	0.0000	0.0000	0.0000	0.0000	0.0000	0.0000	0.0000	0.0000	0.0000	4.2779	2.0000	3.9542	0.0000	0.0000	0.0000	0.0000	0.0000	0.0000	0.0000	0.0000	0.0000	0.0000	0.0000	0.0000	0.0000	0.0000	0.0000	0.0000	0.0000	0.0000	0.0000	0.0000	0.0000	0.0000	0.0000	0.0000	0.0000	0.0000	0.0000	0.0251	0.0146	0.0105	0.0121	0.0103	0.0017	0.0130	0.0042	0.0088	0.0000	0.0000	0.0000	0.0000	0.0000	0.0000	0.0000	0.0000	0.0000	0.0000	0.0000	0.0000	0.0000	0.0000	0.0000	0.0000	0.0000	0.0000											
5	38	0.1134	7	2	1	1	0	0	0	0	0	Y	N	N	N	N	N	N	N	N	N	N	N	0.0000	0.0000	0.0000	0.0000	0.0000	0.0000	0.0000	0.0000	0.0000	0.0000	0.0000	0.0000	0.0000	0.0000	0.0000	0.0000	0.0000	0.0000	0.0000	0.0000	0.0000	2.8243	2.0000	1.0201	0.0000	0.0000	0.0000	0.0000	0.0000	0.0000	0.0000	0.0000	0.0000	0.0000	0.0000	0.0000	0.0000	0.0000	0.0000	0.0000	0.0000	0.0000	0.0000	0.0000	0.0000	0.0000	0.0000	0.0000	0.0000	0.0000	0.0000	0.0198	0.0075	0.0124	0.0011	0.0009	0.0002	0.0188	0.0066	0.0122	0.0000	0.0000	0.0000	0.0000	0.0000	0.0000	0.0000	0.0000	0.0000	0.0000	0.0000	0.0000	0.0000	0.0000	0.0000	0.0000	0.0000	0.0000											
5	39	0.6442	7	1	1	1	0	0	0	0	0	N	N	N	N	N	N	N	N	N	N	N	N	0.0000	0.0000	0.0000	0.0000	0.0000	0.0000	0.0000	0.0000	0.0000	0.0000	0.0000	0.0000	0.0000	0.0000	0.0000	0.0000	0.0000	0.0000	0.0000	0.0000	0.0000	5.0001	2.0000	5.0000	0.0000	0.0000	0.0000	0.0000	0.0000	0.0000	0.0000	0.0000	0.0000	0.0000	0.0000	0.0000	0.0000	0.0000	0.0000	0.0000	0.0000	0.0000	0.0000	0.0000	0.0000	0.0000	0.0000	0.0000	0.0000	0.0000	0.0000	0.0264	0.0163	0.0100	0.0149	0.0128	0.0021	0.0115	0.0035	0.0080	0.0000	0.0000	0.0000	0.0000	0.0000	0.0000	0.0000	0.0000	0.0000	0.0000	0.0000	0.0000	0.0000	0.0000	0.0000	0.0000	0.0000	0.0000											
5	40	0.0692	4	1	1	1	0	0	0	0	0	N	N	N	N	N	N	N	N	N	N	N	N	0.0000	0.0000	0.0000	0.0000	0.0000	0.0000	0.0000	0.0000	0.0000	0.0000	0.0000	0.0000	0.0000	69.2898	160.5408	0.0000	0.0000	0.0000	0.0000	69.3561	160.7399	0.0000	0.0000	0.0000	-0.5219	0.0000	0.0000	2.0000	2.0000	0.0000	0.0000	0.0000	0.0000	0.0000	0.0000	0.0000	0.0000	0.0000	1.0000	1.0000	0.0000	0.0000	0.0000	0.0000	1.0000	1.0000	0.0000	0.0000	0.0000	0.0000	0.0000	0.0000	0.0000	0.0000	0.0000	0.0000	0.0144	0.0062	0.0082	0.0000	0.0000	0.0000	0.0144	0.0062	0.0082	0.0000	0.0000	0.0000	0.0000	0.0000	0.0000	0.0000	0.0000	0.0000	69.2898	160.5408	0.0000	0.0000	0.0000	0.0000	69.3561	160.7399	0.0000						
5	41	0.6442	7	1	1	1	0	0	0	0	0	N	N	N	N	N	N	N	N	N	N	N	N	0.0000	0.0000	0.0000	0.0000	0.0000	0.0000	0.0000	0.0000	0.0000	0.0000	0.0000	0.0000	0.0000	0.0000	0.0000	0.0000	0.0000	0.0000	0.0000	0.0000	0.0000	5.9998	2.0000	3.0000	0.0000	0.0000	0.0000	0.0000	0.0000	0.0000	0.0000	0.0000	0.0000	0.0000	0.0000	0.0000	0.0000	0.0000	0.0000	0.0000	0.0000	0.0000	0.0000	0.0000	0.0000	0.0000	0.0000	0.0000	0.0000	0.0000	0.0000	0.0239	0.0148	0.0091	0.0135	0.0117	0.0019	0.0104	0.0032	0.0073	0.0000	0.0000	0.0000	0.0000	0.0000	0.0000	0.0000	0.0000	0.0000	0.0000	0.0000	0.0000	0.0000	0.0000	0.0000	0.0000	0.0000	0.0000											
5	42	0.1353	8	1	1	2	1	0	0	0	0	N	N	Y	N	N	N	N	N	N	N	N	N	0.0000	0.0000	0.0000	0.0000	0.0000	0.0000	0.0000	0.0000	0.0000	0.0000	0.0000	0.0000	0.0000	0.0000	0.0000	0.0000	0.0000	0.0000	0.0000	0.0000	0.0000	0.0011	2.0000	1.0134	0.0000	0.0000	0.0000	0.0000	0.0000	0.0000	0.0000	0.0000	0.0000	0.0000	0.0000	0.0000	0.0000	0.0000	0.0000	0.0000	0.0000	0.0000	0.0000	0.0000	0.0000	0.0000	0.0000	0.0000	0.0000	0.0000	0.0000	0.0052	0.0021	0.0031	0.0004	0.0004	0.0000	0.0048	0.0018	0.0031	0.0000	0.0000	0.0000	0.0000	0.0000	0.0000	0.0000	0.0000	0.0000	0.0000	0.0000	0.0000	0.0000	0.0000	0.0000	0.0000	0.0000	0.0000											
5	43	0.1134	7	1	0	1	1	0	0	0	0	N	N	N	N	N	N	N	N	N	N	N	N	0.0000	0.0000	0.0000	0.0000	0.0000	0.0000	0.0000	0.0000	0.0000	0.0000	0.0000	0.0000	0.0000	0.0000	0.0000	0.0000	0.0000	0.0000	0.0000	0.0000	0.0000	2.8187	2.0000	0.0347	0.0000	0.0000	0.0000	0.0000	0.0000	0.0000	0.0000	0.0000	0.0000	0.0000	0.0000	0.0000	0.0000	0.0000	0.0000	0.0000	0.0000	0.0000	0.0000	0.0000	0.0000	0.0000	0.0000	0.0000	0.0000	0.0000	0.0000	0.0151	0.0057	0.0094	0.0009	0.0007	0.0001	0.0143	0.0050	0.0093	0.0000	0.0000	0.0000	0.0000	0.0000	0.0000	0.0000	0.0000	0.0000	0.0000	0.0000	0.0000	0.0000	0.0000	0.0000	0.0000	0.0000	0.0000											
5	44	0.1008	6	1	0	1	0	0	0	0	0	N	N	N	N	N	N	N	N	N	N	N	N	0.0000	0.0000	0.0000	0.0000	0.0000	0.0000	0.0000	0.0000	0.0000	0.0000	0.0000	0.0000	0.0000	0.0000	0.0000	0.0000	0.0000	0.0000	0.0000	0.0000	0.0000	0.9605	2.0000	1.0076	0.0000	0.0000	0.0000	0.0000	0.0000	0.0000	0.0000	0.0000	0.0000	0.0000	0.0000	0.0000	0.0000	0.0000	0.0000	0.0000	0.0000	0.0000	0.0000	0.0000	0.0000	0.0000	0.0000	0.0000	0.0000	0.0000	0.0000	0.0101	0.0038	0.0063	0.0003	0.0003	0.0000	0.0098	0.0035	0.0063	0.0000	0.0000	0.0000	0.0000	0.0000	0.0000	0.0000	0.0000	0.0000	0.0000	0.0000	0.0000	0.0000	0.0000	0.0000	0.0000	0.0000	0.0000											
5	45	0.6561	9	1	1	2	1	0	0	0	0	N	N	Y	N	N	N	N	N	N	N	N	N	0.0000	0.0000	0.0000	0.0000	0.0000	0.0000	0.0000	0.0000	0.0000	0.0000	0.0000	0.0000	0.0000	0.0000	0.0000	0.0000	0.0000	0.0000	0.0000	0.0000	0.0000	1.0000	2.0000	1.0000	0.0000	0.0000	0.0000	0.0000	0.0000	0.0000	0.0000	0.0000	0.0000	0.0000	0.0000	0.0000	0.0000	0.0000	0.0000	0.0000	0.0000	0.0000	0.0000	0.0000	0.0000	0.0000	0.0000	0.0000	0.0000	0.0000	0.0000	0.0065	0.0038	0.0027	0.0031	0.0027	0.0004	0.0034	0.0011	0.0023	0.0000	0.0000	0.0000	0.0000	0.0000	0.0000	0.0000	0.0000	0.0000	0.0000	0.0000	0.0000	0.0000	0.0000	0.0000	0.0000	0.0000	0.0000											
5	46	0.0468	3	1	1	1	0	0	0	0	0	N	N	N	N	N	N	N	N	N	N	N	N	0.0000	0.0000	0.0000	0.0000	0.0000	0.0000	0.0000	0.0000	0.0000	0.0000	0.0000	0.0000	0.0000	0.0000	0.0000	0.0000	0.0000	0.0000	0.0000	0.0000	0.0000	0.0000	2.0000	0.0000	0.0000	0.0000	0.0000	0.0000	0.0000	0.0000	0.0000	0.0000	0.0000	0.0000	0.0000	0.0000	0.0000	0.0000	0.0000	0.0000	0.0000	0.0000	0.0000	0.0000	0.0000	0.0000	0.0000	0.0000	0.0000	0.0000	0.0000	0.0000	0.0000	0.0000	0.0000	0.0000	0.0000	0.0000	0.0000	0.0000	0.0000	0.0000	0.0000	0.0000	0.0000	0.0000	0.0000	0.0000	0.0000	0.0000	0.0000	0.0000	0.0000	0.0000	0.0000	0.0000	0.0000	0.0000											
5	47	0.1008	6	1	1	1	1	0	0	0	0	N	N	N	N	N	N	N	N	N	N	N	N	0.0000	0.0000	0.0000	0.0000	0.0000	0.0000	0.0000	0.0000	0.0000	0.0000	0.0000	0.0000	0.0000	0.0000	0.0000	0.0000	0.0000	0.0000	0.0000	0.0000	0.0000	0.0000	2.0000	1.0000	0.0000	0.0000	0.0000	0.0000	0.0000	0.0000	0.0000	0.0000	0.0000	0.0000	0.0000	0.0000	0.0000	0.0000	0.0000	0.0000	0.0000	0.0000	0.0000	0.0000	0.0000	0.0000	0.0000	0.0000	0.0000	0.0000	0.0000	0.0054	0.0021	0.0033	0.0003	0.0003	0.0000	0.0051	0.0019	0.0033	0.0000	0.0000	0.0000	0.0000	0.0000	0.0000	0.0000	0.0000	0.0000	0.0000	0.0000	0.0000	0.0000	0.0000	0.0000	0.0000	0.0000	0.0000											
5	48	0.0468	3	2	1	1	0	0	0	0	0	Y	N	N	N	N	N	N	N	N	N	N	N	0.0000	0.0000	0.0000	0.0000	0.0000	0.0000	0.0000	0.0000	0.0000	0.0000	0.0000	0.0000	0.0000	0.0000	0.0000	0.0000	0.0000	0.0000	0.0000	0.0000	0.0000	0.0000	2.0000	4.0000	0.0000	0.0000	0.0000	0.0000	0.0000	0.0000	0.0000	0.0000	0.0000	0.0000	0.0000	0.0000	0.0000	0.0000	0.0000	0.0000	0.0000	0.0000	0.0000	0.0000	0.0000	0.0000	0.0000	0.0000	0.0000	0.0000	0.0000	0.0134	0.0044	0.0090	0.0000	0.0000	0.0000	0.0134	0.0044	0.0090	0.0000	0.0000	0.0000	0.0000	0.0000	0.0000	0.0000	0.0000	0.0000	0.0000	0.0000	0.0000	0.0000	0.0000	0.0000	0.0000	0.0000	0.0000											
5	49	0.1215	7	1	0	2	0	0	0	0	0	N	N	Y	N	N	N	N	N	N	N	N	N	0.0000	0.0000	0.0000	0.0000	0.0000	0.0000	0.0000	0.0000	0.0000	0.0000	0.0000	0.0000	0.0000	0.0000	0.0000	0.0000	0.0000	0.0000	0.0000	0.0000	0.0000	0.0000	2.0000	0.0000	0.0000	0.0000	0.0000	0.0000	0.0000	0.0000	0.0000	0.0000	0.0000	0.0000	0.0000	0.0000	0.0000	0.0000	0.0000	0.0000	0.0000	0.0000	0.0000	0.0000	0.0000	0.0000	0.0000	0.0000	0.0000	0.0000	0.0000	0.0000	0.0000	0.0000	0.0000	0.0000	0.0000	0.0000	0.0000	0.0000	0.0000	0.0000	0.0000	0.0000	0.0000	0.0000	0.0000	0.0000	0.0000	0.0000	0.0000	0.0000	0.0000	0.0000	0.0000	0.0000	0.0000	0.0000											
5	50	0.6652	8	1	0	2	0	0	0	0	0	N	N	Y	N	N	N	N	N	N	N	N	N	0.0000	0.0000	0.0000	0.0000	0.0000	0.0000	0.0000	0.0000	0.0000	0.0000	0.0000	0.0000	0.0000	0.0000	0.0000	0.0000	0.0000	0.0000	0.0000	0.0000	0.0000	1.0000	2.0000	1.0000	0.0000	0.0000	0.0000	0.0000	0.0000	0.0000	0.0000	0.0000	0.0000	0.0000	0.0000	0.0000	0.0000	0.0000	0.0000	0.0000	0.0000	0.0000	0.0000	0.0000	0.0000	0.0000	0.0000	0.0000	0.0000	0.0000	0.0000	0.0058	0.0034	0.0024	0.0030	0.0025	0.0004	0.0028	0.0008	0.0020	0.0000	0.0000	0.0000	0.0000	0.0000	0.0000	0.0000	0.0000	0.0000	0.0000	0.0000	0.0000	0.0000	0.0000	0.0000	0.0000	0.0000	0.0000											
5	51	0.6697	8	1	1	1	0	0	0	0	0	N	N	N	N	N	N	N	N	N	N	N	N	0.0000	0.0000	0.0000	0.0000	0.0000	0.0000	0.0000	0.0000	0.0000	0.0000	0.0000	0.0000	0.0000	0.0000	0.0000	0.0000	0.0000	0.0000	0.0000	0.0000	0.0000	0.0003	2.0000	0.9690	0.0000	0.0000	0.0000	0.0000	0.0000	0.0000	0.0000	0.0000	0.0000	0.0000	0.0000	0.0000	0.0000	0.0000	0.0000	0.0000	0.0000	0.0000	0.0000	0.0000	0.0000	0.0000	0.0000	0.0000	0.0000	0.0000	0.0000	0.0065	0.0047	0.0017	0.0044	0.0039	0.0004	0.0021	0.0008	0.0013	0.0000	0.0000	0.0000	0.0000	0.0000	0.0000	0.0000	0.0000	0.0000	0.0000	0.0000	0.0000	0.0000	0.0000	0.0000	0.0000	0.0000	0.0000											
5	52	0.1248	7	1	1	1	0	0	0	0	0	N	N	N	N	N	N	N	N	N	N	N	N	0.0000	0.0000	0.0000	0.0000	0.0000	0.0000	0.0000	0.0000	0.0000	0.0000	0.0000	0.0000	0.0000	0.0000	0.0000	0.0000	0.0000	0.0000	0.0000	0.0000	0.0000	0.9211	2.0000	0.1671	0.0000	0.0000	0.0000	0.0000	0.0000	0.0000	0.0000	0.0000	0.0000	0.0000	0.0000	0.0000	0.0000	0.0000	0.0000	0.0000	0.0000	0.0000	0.0000	0.0000	0.0000	0.0000	0.0000	0.0000	0.0000	0.0000	0.0000	0.0095	0.0051	0.0044	0.0028	0.0025	0.0003	0.0067	0.0026	0.0042	0.0000	0.0000	0.0000	0.0000	0.0000	0.0000	0.0000	0.0000	0.0000	0.0000	0.0000	0.0000	0.0000	0.0000	0.0000	0.0000	0.0000	0.0000											
5	53	0.6561	9	1	1	1	0	0	0	0	0	N	N	N	N	N	N	N	N	N	N	N	N	0.0000	0.0000	0.0000	0.0000	0.0000	0.0000	0.0000	0.0000	0.0000	0.0000	0.0000	0.0000	0.0000	0.0000	0.0000	0.0000	0.0000	0.0000	0.0000	0.0000	0.0000	1.0000	2.0000	5.0000	0.0000	0.0000	0.0000	0.0000	0.0000	0.0000	0.0000	0.0000	0.0000	0.0000	0.0000	0.0000	0.0000	0.0000	0.0000	0.0000	0.0000	0.0000	0.0000	0.0000	0.0000	0.0000	0.0000	0.0000	0.0000	0.0000	0.0000	0.0188	0.0109	0.0078	0.0091	0.0078	0.0013	0.0097	0.0032	0.0066	0.0000	0.0000	0.0000	0.0000	0.0000	0.0000	0.0000	0.0000	0.0000	0.0000	0.0000	0.0000	0.0000	0.0000	0.0000	0.0000	0.0000	0.0000											
5	54	0.6409	8	1	0	1	0	0	0	0	0	N	N	N	N	N	N	N	N	N	N	N	N	0.0000	0.0000	0.0000	0.0000	0.0000	0.0000	0.0000	0.0000	0.0000	0.0000	0.0000	0.0000	0.0000	0.0000	0.0000	0.0000	0.0000	0.0000	0.0000	0.0000	0.0000	0.0000	2.0000	2.9157	0.0000	0.0000	0.0000	0.0000	0.0000	0.0000	0.0000	0.0000	0.0000	0.0000	0.0000	0.0000	0.0000	0.0000	0.0000	0.0000	0.0000	0.0000	0.0000	0.0000	0.0000	0.0000	0.0000	0.0000	0.0000	0.0000	0.0000	0.0120	0.0068	0.0052	0.0058	0.0051	0.0006	0.0063	0.0017	0.0046	0.0000	0.0000	0.0000	0.0000	0.0000	0.0000	0.0000	0.0000	0.0000	0.0000	0.0000	0.0000	0.0000	0.0000	0.0000	0.0000	0.0000	0.0000											
5	55	0.1008	6	1	1	1	0	0	0	0	0	N	N	N	N	N	N	N	N	N	N	N	N	0.0000	0.0000	0.0000	0.0000	0.0000	0.0000	0.0000	0.0000	0.0000	0.0000	0.0000	0.0000	0.0000	0.0000	0.0000	0.0000	0.0000	0.0000	0.0000	0.0000	0.0000	2.0000	2.0000	3.0000	0.0000	0.0000	0.0000	0.0000	0.0000	0.0000	0.0000	0.0000	0.0000	0.0000	0.0000	0.0000	0.0000	0.0000	0.0000	0.0000	0.0000	0.0000	0.0000	0.0000	0.0000	0.0000	0.0000	0.0000	0.0000	0.0000	0.0000	0.0240	0.0088	0.0152	0.0005	0.0005	0.0001	0.0234	0.0083	0.0151	0.0000	0.0000	0.0000	0.0000	0.0000	0.0000	0.0000	0.0000	0.0000	0.0000	0.0000	0.0000	0.0000	0.0000	0.0000	0.0000	0.0000	0.0000											
5	56	0.6331	7	1	1	1	1	0	0	0	0	N	N	N	N	N	N	N	N	N	N	N	N	0.0000	0.0000	0.0000	0.0000	0.0000	0.0000	0.0000	0.0000	0.0000	0.0000	0.0000	0.0000	0.0000	0.0000	0.0000	0.0000	0.0000	0.0000	0.0000	0.0000	0.0000	1.7218	2.0000	6.9557	0.0000	0.0000	0.0000	0.0000	0.0000	0.0000	0.0000	0.0000	0.0000	0.0000	0.0000	0.0000	0.0000	0.0000	0.0000	0.0000	0.0000	0.0000	0.0000	0.0000	0.0000	0.0000	0.0000	0.0000	0.0000	0.0000	0.0000	0.0263	0.0153	0.0110	0.0127	0.0109	0.0018	0.0137	0.0044	0.0092	0.0000	0.0000	0.0000	0.0000	0.0000	0.0000	0.0000	0.0000	0.0000	0.0000	0.0000	0.0000	0.0000	0.0000	0.0000	0.0000	0.0000	0.0000											
5	57	0.6442	7	2	0	2	0	0	0	0	0	Y	N	Y	N	N	N	N	N	N	N	N	N	0.0000	0.0000	0.0000	0.0000	0.0000	0.0000	0.0000	0.0000	0.0000	0.0000	0.0000	0.0000	0.0000	0.0000	0.0000	0.0000	0.0000	0.0000	0.0000	0.0000	0.0000	8.9999	2.0000	5.0001	0.0000	0.0000	0.0000	0.0000	0.0000	0.0000	0.0000	0.0000	0.0000	0.0000	0.0000	0.0000	0.0000	0.0000	0.0000	0.0000	0.0000	0.0000	0.0000	0.0000	0.0000	0.0000	0.0000	0.0000	0.0000	0.0000	0.0000	0.0356	0.0221	0.0135	0.0203	0.0174	0.0028	0.0153	0.0047	0.0107	0.0000	0.0000	0.0000	0.0000	0.0000	0.0000	0.0000	0.0000	0.0000	0.0000	0.0000	0.0000	0.0000	0.0000	0.0000	0.0000	0.0000	0.0000											
5	58	0.0468	3	2	0	2	0	0	0	0	0	Y	N	Y	N	N	N	N	N	N	N	N	N	0.0000	0.0000	0.0000	0.0000	0.0000	0.0000	0.0000	0.0000	0.0000	0.0000	0.0000	0.0000	0.0000	0.0000	0.0000	0.0000	0.0000	0.0000	0.0000	0.0000	0.0000	0.0000	2.0000	1.0000	0.0000	0.0000	0.0000	0.0000	0.0000	0.0000	0.0000	0.0000	0.0000	0.0000	0.0000	0.0000	0.0000	0.0000	0.0000	0.0000	0.0000	0.0000	0.0000	0.0000	0.0000	0.0000	0.0000	0.0000	0.0000	0.0000	0.0000	0.0036	0.0012	0.0024	0.0000	0.0000	0.0000	0.0036	0.0012	0.0024	0.0000	0.0000	0.0000	0.0000	0.0000	0.0000	0.0000	0.0000	0.0000	0.0000	0.0000	0.0000	0.0000	0.0000	0.0000	0.0000	0.0000	0.0000											
5	59	0.6697	8	1	0	2	0	0	0	0	0	N	N	Y	N	N	N	N	N	N	N	N	N	0.0000	0.0000	0.0000	0.0000	0.0000	0.0000	0.0000	0.0000	0.0000	0.0000	0.0000	0.0000	0.0000	0.0000	0.0000	0.0000	0.0000	0.0000	0.0000	0.0000	0.0000	0.0006	2.0000	1.1867	0.0000	0.0000	0.0000	0.0000	0.0000	0.0000	0.0000	0.0000	0.0000	0.0000	0.0000	0.0000	0.0000	0.0000	0.0000	0.0000	0.0000	0.0000	0.0000	0.0000	0.0000	0.0000	0.0000	0.0000	0.0000	0.0000	0.0000	0.0072	0.0051	0.0020	0.0047	0.0042	0.0005	0.0025	0.0009	0.0016	0.0000	0.0000	0.0000	0.0000	0.0000	0.0000	0.0000	0.0000	0.0000	0.0000	0.0000	0.0000	0.0000	0.0000	0.0000	0.0000	0.0000	0.0000											
5	60	0.6331	7	1	0	1	0	0	0	0	0	N	N	N	N	N	N	N	N	N	N	N	N	0.0000	0.0000	0.0000	0.0000	0.0000	0.0000	0.0000	0.0000	0.0000	0.0000	0.0000	0.0000	0.0000	0.0000	0.0000	0.0000	0.0000	0.0000	0.0000	0.0000	0.0000	2.2785	2.0000	4.8627	0.0000	0.0000	0.0000	0.0000	0.0000	0.0000	0.0000	0.0000	0.0000	0.0000	0.0000	0.0000	0.0000	0.0000	0.0000	0.0000	0.0000	0.0000	0.0000	0.0000	0.0000	0.0000	0.0000	0.0000	0.0000	0.0000	0.0000	0.0220	0.0128	0.0092	0.0106	0.0091	0.0015	0.0115	0.0037	0.0077	0.0000	0.0000	0.0000	0.0000	0.0000	0.0000	0.0000	0.0000	0.0000	0.0000	0.0000	0.0000	0.0000	0.0000	0.0000	0.0000	0.0000	0.0000											
5	61	0.1248	7	1	0	2	0	0	0	0	0	N	N	Y	N	N	N	N	N	N	N	N	N	0.0000	0.0000	0.0000	0.0000	0.0000	0.0000	0.0000	0.0000	0.0000	0.0000	0.0000	0.0000	0.0000	0.0000	0.0000	0.0000	0.0000	0.0000	0.0000	0.0000	0.0000	1.0901	2.0000	7.9319	0.0000	0.0000	0.0000	0.0000	0.0000	0.0000	0.0000	0.0000	0.0000	0.0000	0.0000	0.0000	0.0000	0.0000	0.0000	0.0000	0.0000	0.0000	0.0000	0.0000	0.0000	0.0000	0.0000	0.0000	0.0000	0.0000	0.0000	0.0453	0.0180	0.0273	0.0038	0.0034	0.0004	0.0415	0.0146	0.0269	0.0000	0.0000	0.0000	0.0000	0.0000	0.0000	0.0000	0.0000	0.0000	0.0000	0.0000	0.0000	0.0000	0.0000	0.0000	0.0000	0.0000	0.0000											
5	62	0.0947	6	1	0	1	0	0	0	0	0	N	N	N	N	N	N	N	N	N	N	N	N	0.0000	0.0000	0.0000	0.0000	0.0000	0.0000	0.0000	0.0000	0.0000	0.0000	0.0000	0.0000	0.0000	0.0000	0.0000	0.0000	0.0000	0.0000	0.0000	0.0000	0.0000	1.6797	2.0000	2.9843	0.0000	0.0000	0.0000	0.0000	0.0000	0.0000	0.0000	0.0000	0.0000	0.0000	0.0000	0.0000	0.0000	0.0000	0.0000	0.0000	0.0000	0.0000	0.0000	0.0000	0.0000	0.0000	0.0000	0.0000	0.0000	0.0000	0.0000	0.0228	0.0083	0.0145	0.0008	0.0007	0.0001	0.0221	0.0076	0.0144	0.0000	0.0000	0.0000	0.0000	0.0000	0.0000	0.0000	0.0000	0.0000	0.0000	0.0000	0.0000	0.0000	0.0000	0.0000	0.0000	0.0000	0.0000											
5	63	0.0846	5	1	0	1	0	0	0	0	0	N	N	N	N	N	N	N	N	N	N	N	N	0.0000	0.0000	0.0000	0.0000	0.0000	0.0000	0.0000	0.0000	0.0000	0.0000	0.0000	0.0000	0.0000	0.0000	0.0000	0.0000	0.0000	0.0000	0.0000	0.0000	0.0000	0.4935	2.0000	1.5835	0.0000	0.0000	0.0000	0.0000	0.0000	0.0000	0.0000	0.0000	0.0000	0.0000	0.0000	0.0000	0.0000	0.0000	0.0000	0.0000	0.0000	0.0000	0.0000	0.0000	0.0000	0.0000	0.0000	0.0000	0.0000	0.0000	0.0000	0.0104	0.0037	0.0067	0.0002	0.0002	0.0000	0.0103	0.0035	0.0067	0.0000	0.0000	0.0000	0.0000	0.0000	0.0000	0.0000	0.0000	0.0000	0.0000	0.0000	0.0000	0.0000	0.0000	0.0000	0.0000	0.0000	0.0000											
5	64	0.1215	7	1	1	1	0	0	0	0	0	N	N	N	N	N	N	N	N	N	N	N	N	0.0000	0.0000	0.0000	0.0000	0.0000	0.0000	0.0000	0.0000	0.0000	0.0000	0.0000	0.0000	0.0000	0.0000	0.0000	0.0000	0.0000	0.0000	0.0000	0.0000	0.0000	0.2944	2.0000	1.0083	0.0000	0.0000	0.0000	0.0000	0.0000	0.0000	0.0000	0.0000	0.0000	0.0000	0.0000	0.0000	0.0000	0.0000	0.0000	0.0000	0.0000	0.0000	0.0000	0.0000	0.0000	0.0000	0.0000	0.0000	0.0000	0.0000	0.0000	0.0067	0.0024	0.0043	0.0002	0.0002	0.0000	0.0065	0.0022	0.0042	0.0000	0.0000	0.0000	0.0000	0.0000	0.0000	0.0000	0.0000	0.0000	0.0000	0.0000	0.0000	0.0000	0.0000	0.0000	0.0000	0.0000	0.0000											
5	65	0.1008	6	1	0	1	0	0	0	0	0	N	N	N	N	N	N	N	N	N	N	N	N	0.0000	0.0000	0.0000	0.0000	0.0000	0.0000	0.0000	0.0000	0.0000	0.0000	0.0000	0.0000	0.0000	0.0000	0.0000	0.0000	0.0000	0.0000	0.0000	0.0000	0.0000	1.1351	2.0000	2.0429	0.0000	0.0000	0.0000	0.0000	0.0000	0.0000	0.0000	0.0000	0.0000	0.0000	0.0000	0.0000	0.0000	0.0000	0.0000	0.0000	0.0000	0.0000	0.0000	0.0000	0.0000	0.0000	0.0000	0.0000	0.0000	0.0000	0.0000	0.0158	0.0058	0.0100	0.0004	0.0004	0.0000	0.0154	0.0055	0.0099	0.0000	0.0000	0.0000	0.0000	0.0000	0.0000	0.0000	0.0000	0.0000	0.0000	0.0000	0.0000	0.0000	0.0000	0.0000	0.0000	0.0000	0.0000											
5	66	0.0846	5	1	0	1	0	0	0	0	0	N	N	N	N	N	N	N	N	N	N	N	N	0.0000	0.0000	0.0000	0.0000	0.0000	0.0000	0.0000	0.0000	0.0000	0.0000	0.0000	0.0000	0.0000	0.0000	0.0000	0.0000	0.0000	0.0000	0.0000	0.0000	0.0000	0.4912	2.0000	2.4266	0.0000	0.0000	0.0000	0.0000	0.0000	0.0000	0.0000	0.0000	0.0000	0.0000	0.0000	0.0000	0.0000	0.0000	0.0000	0.0000	0.0000	0.0000	0.0000	0.0000	0.0000	0.0000	0.0000	0.0000	0.0000	0.0000	0.0000	0.0144	0.0051	0.0093	0.0002	0.0002	0.0000	0.0142	0.0049	0.0093	0.0000	0.0000	0.0000	0.0000	0.0000	0.0000	0.0000	0.0000	0.0000	0.0000	0.0000	0.0000	0.0000	0.0000	0.0000	0.0000	0.0000	0.0000											
5	67	0.0794	4	1	0	1	0	0	0	0	0	N	N	N	N	N	N	N	N	N	N	N	N	0.0000	0.0000	0.0000	0.0000	0.0000	0.0000	0.0000	0.0000	0.0000	0.0000	0.0000	0.0000	0.0000	0.0000	0.0000	0.0000	0.0000	0.0000	0.0000	0.0000	0.0000	0.6141	2.0000	1.2701	0.0000	0.0000	0.0000	0.0000	0.0000	0.0000	0.0000	0.0000	0.0000	0.0000	0.0000	0.0000	0.0000	0.0000	0.0000	0.0000	0.0000	0.0000	0.0000	0.0000	0.0000	0.0000	0.0000	0.0000	0.0000	0.0000	0.0000	0.0098	0.0036	0.0063	0.0003	0.0003	0.0000	0.0095	0.0033	0.0062	0.0000	0.0000	0.0000	0.0000	0.0000	0.0000	0.0000	0.0000	0.0000	0.0000	0.0000	0.0000	0.0000	0.0000	0.0000	0.0000	0.0000	0.0000											
5	68	0.0468	3	2	1	2	0	0	0	0	0	Y	N	Y	N	N	N	N	N	N	N	N	N	0.0000	0.0000	0.0000	0.0000	0.0000	0.0000	0.0000	0.0000	0.0000	0.0000	0.0000	0.0000	0.0000	0.0000	0.0000	0.0000	0.0000	0.0000	0.0000	0.0000	0.0000	0.0000	2.0000	0.0000	0.0000	0.0000	0.0000	0.0000	0.0000	0.0000	0.0000	0.0000	0.0000	0.0000	0.0000	0.0000	0.0000	0.0000	0.0000	0.0000	0.0000	0.0000	0.0000	0.0000	0.0000	0.0000	0.0000	0.0000	0.0000	0.0000	0.0000	0.0000	0.0000	0.0000	0.0000	0.0000	0.0000	0.0000	0.0000	0.0000	0.0000	0.0000	0.0000	0.0000	0.0000	0.0000	0.0000	0.0000	0.0000	0.0000	0.0000	0.0000	0.0000	0.0000	0.0000	0.0000	0.0000	0.0000											
5	69	0.6895	9	2	1	2	0	0	0	0	0	Y	N	Y	N	N	N	N	N	N	N	N	N	0.0000	0.0000	0.0000	0.0000	0.0000	0.0000	0.0000	0.0000	0.0000	0.0000	0.0000	0.0000	0.0000	0.0000	0.0000	0.0000	0.0000	0.0000	0.0000	0.0000	0.0000	1.0000	2.0000	0.0000	0.0000	0.0000	0.0000	0.0000	0.0000	0.0000	0.0000	0.0000	0.0000	0.0000	0.0000	0.0000	0.0000	0.0000	0.0000	0.0000	0.0000	0.0000	0.0000	0.0000	0.0000	0.0000	0.0000	0.0000	0.0000	0.0000	0.0000	0.0022	0.0013	0.0009	0.0013	0.0011	0.0002	0.0009	0.0002	0.0007	0.0000	0.0000	0.0000	0.0000	0.0000	0.0000	0.0000	0.0000	0.0000	0.0000	0.0000	0.0000	0.0000	0.0000	0.0000	0.0000	0.0000	0.0000											
5	70	0.6895	9	2	1	2	0	0	0	0	0	Y	N	Y	N	N	N	N	N	N	N	N	N	0.0000	0.0000	0.0000	0.0000	0.0000	0.0000	0.0000	0.0000	0.0000	0.0000	0.0000	0.0000	0.0000	0.0000	0.0000	0.0000	0.0000	0.0000	0.0000	0.0000	0.0000	0.0000	2.0000	0.0000	0.0000	0.0000	0.0000	0.0000	0.0000	0.0000	0.0000	0.0000	0.0000	0.0000	0.0000	0.0000	0.0000	0.0000	0.0000	0.0000	0.0000	0.0000	0.0000	0.0000	0.0000	0.0000	0.0000	0.0000	0.0000	0.0000	0.0000	0.0000	0.0000	0.0000	0.0000	0.0000	0.0000	0.0000	0.0000	0.0000	0.0000	0.0000	0.0000	0.0000	0.0000	0.0000	0.0000	0.0000	0.0000	0.0000	0.0000	0.0000	0.0000	0.0000	0.0000	0.0000	0.0000	0.0000											
5	71	0.6671	8	2	1	2	0	0	0	0	0	Y	N	Y	N	N	N	N	N	N	N	N	N	0.0000	0.0000	0.0000	0.0000	0.0000	0.0000	0.0000	0.0000	0.0000	0.0000	0.0000	0.0000	0.0000	0.0000	0.0000	0.0000	0.0000	0.0000	0.0000	0.0000	0.0000	2.0000	2.0000	1.0000	0.0000	0.0000	0.0000	0.0000	0.0000	0.0000	0.0000	0.0000	0.0000	0.0000	0.0000	0.0000	0.0000	0.0000	0.0000	0.0000	0.0000	0.0000	0.0000	0.0000	0.0000	0.0000	0.0000	0.0000	0.0000	0.0000	0.0000	0.0063	0.0037	0.0027	0.0037	0.0031	0.0005	0.0027	0.0005	0.0021	0.0000	0.0000	0.0000	0.0000	0.0000	0.0000	0.0000	0.0000	0.0000	0.0000	0.0000	0.0000	0.0000	0.0000	0.0000	0.0000	0.0000	0.0000											
5	72	0.6442	7	2	0	2	0	0	0	0	0	Y	N	Y	N	N	N	N	N	N	N	N	N	0.0000	0.0000	0.0000	0.0000	0.0000	0.0000	0.0000	0.0000	0.0000	0.0000	0.0000	0.0000	0.0000	0.0000	0.0000	0.0000	0.0000	0.0000	0.0000	0.0000	0.0000	1.0017	2.0000	2.0007	0.0000	0.0000	0.0000	0.0000	0.0000	0.0000	0.0000	0.0000	0.0000	0.0000	0.0000	0.0000	0.0000	0.0000	0.0000	0.0000	0.0000	0.0000	0.0000	0.0000	0.0000	0.0000	0.0000	0.0000	0.0000	0.0000	0.0000	0.0085	0.0052	0.0033	0.0047	0.0041	0.0006	0.0037	0.0011	0.0026	0.0000	0.0000	0.0000	0.0000	0.0000	0.0000	0.0000	0.0000	0.0000	0.0000	0.0000	0.0000	0.0000	0.0000	0.0000	0.0000	0.0000	0.0000											
5	73	0.0660	4	2	1	1	0	0	0	0	0	Y	N	N	N	N	N	N	N	N	N	N	N	0.0000	0.0000	0.0000	0.0000	0.0000	0.0000	0.0000	0.0000	0.0000	0.0000	0.0000	0.0000	0.0000	0.0000	0.0000	0.0000	0.0000	0.0000	0.0000	0.0000	0.0000	0.0000	2.0000	0.0000	0.0000	0.0000	0.0000	0.0000	0.0000	0.0000	0.0000	0.0000	0.0000	0.0000	0.0000	0.0000	0.0000	0.0000	0.0000	0.0000	0.0000	0.0000	0.0000	0.0000	0.0000	0.0000	0.0000	0.0000	0.0000	0.0000	0.0000	0.0000	0.0000	0.0000	0.0000	0.0000	0.0000	0.0000	0.0000	0.0000	0.0000	0.0000	0.0000	0.0000	0.0000	0.0000	0.0000	0.0000	0.0000	0.0000	0.0000	0.0000	0.0000	0.0000	0.0000	0.0000	0.0000	0.0000											
5	74	0.6712	8	2	1	1	0	0	0	0	0	Y	N	N	N	N	N	N	N	N	N	N	N	0.0000	0.0000	0.0000	0.0000	0.0000	0.0000	0.0000	0.0000	0.0000	0.0000	0.0000	0.0000	0.0000	0.0000	0.0000	0.0000	0.0000	0.0000	0.0000	0.0000	0.0000	0.0000	2.0000	0.0010	0.0000	0.0000	0.0000	0.0000	0.0000	0.0000	0.0000	0.0000	0.0000	0.0000	0.0000	0.0000	0.0000	0.0000	0.0000	0.0000	0.0000	0.0000	0.0000	0.0000	0.0000	0.0000	0.0000	0.0000	0.0000	0.0000	0.0000	0.0015	0.0012	0.0003	0.0008	0.0008	0.0000	0.0008	0.0005	0.0003	0.0000	0.0000	0.0000	0.0000	0.0000	0.0000	0.0000	0.0000	0.0000	0.0000	0.0000	0.0000	0.0000	0.0000	0.0000	0.0000	0.0000	0.0000											
5	75	0.6603	10	1	1	1	1	0	0	0	0	N	N	N	N	N	N	N	N	N	N	N	N	0.0000	0.0000	0.0000	0.0000	0.0000	0.0000	0.0000	0.0000	0.0000	0.0000	0.0000	0.0000	0.0000	0.0000	0.0000	0.0000	0.0000	0.0000	0.0000	0.0000	0.0000	0.0000	2.0000	0.0000	0.0000	0.0000	0.0000	0.0000	0.0000	0.0000	0.0000	0.0000	0.0000	0.0000	0.0000	0.0000	0.0000	0.0000	0.0000	0.0000	0.0000	0.0000	0.0000	0.0000	0.0000	0.0000	0.0000	0.0000	0.0000	0.0000	0.0000	0.0000	0.0000	0.0000	0.0000	0.0000	0.0000	0.0000	0.0000	0.0000	0.0000	0.0000	0.0000	0.0000	0.0000	0.0000	0.0000	0.0000	0.0000	0.0000	0.0000	0.0000	0.0000	0.0000	0.0000	0.0000	0.0000	0.0000											
5	76	0.6603	10	1	0	1	1	0	0	0	0	N	N	N	N	N	N	N	N	N	N	N	N	0.0000	0.0000	0.0000	0.0000	0.0000	0.0000	0.0000	0.0000	0.0000	0.0000	0.0000	0.0000	0.0000	0.0000	0.0000	0.0000	0.0000	0.0000	0.0000	0.0000	0.0000	0.0000	2.0000	0.0000	0.0000	0.0000	0.0000	0.0000	0.0000	0.0000	0.0000	0.0000	0.0000	0.0000	0.0000	0.0000	0.0000	0.0000	0.0000	0.0000	0.0000	0.0000	0.0000	0.0000	0.0000	0.0000	0.0000	0.0000	0.0000	0.0000	0.0000	0.0000	0.0000	0.0000	0.0000	0.0000	0.0000	0.0000	0.0000	0.0000	0.0000	0.0000	0.0000	0.0000	0.0000	0.0000	0.0000	0.0000	0.0000	0.0000	0.0000	0.0000	0.0000	0.0000	0.0000	0.0000	0.0000	0.0000											
5	77	0.6450	9	1	0	1	1	0	0	0	0	N	N	N	N	N	N	N	N	N	N	N	N	0.0000	0.0000	0.0000	0.0000	0.0000	0.0000	0.0000	0.0000	0.0000	0.0000	0.0000	0.0000	0.0000	0.0000	0.0000	0.0000	0.0000	0.0000	0.0000	0.0000	0.0000	0.0002	2.0000	2.9297	0.0000	0.0000	0.0000	0.0000	0.0000	0.0000	0.0000	0.0000	0.0000	0.0000	0.0000	0.0000	0.0000	0.0000	0.0000	0.0000	0.0000	0.0000	0.0000	0.0000	0.0000	0.0000	0.0000	0.0000	0.0000	0.0000	0.0000	0.0235	0.0146	0.0089	0.0159	0.0127	0.0032	0.0076	0.0019	0.0057	0.0000	0.0000	0.0000	0.0000	0.0000	0.0000	0.0000	0.0000	0.0000	0.0000	0.0000	0.0000	0.0000	0.0000	0.0000	0.0000	0.0000	0.0000											
5	78	0.6409	8	1	0	1	1	0	0	0	0	N	N	N	N	N	N	N	N	N	N	N	N	0.0000	0.0000	0.0000	0.0000	0.0000	0.0000	0.0000	0.0000	0.0000	0.0000	0.0000	0.0000	0.0000	0.0000	0.0000	0.0000	0.0000	0.0000	0.0000	0.0000	0.0000	0.0003	2.0000	2.1916	0.0000	0.0000	0.0000	0.0000	0.0000	0.0000	0.0000	0.0000	0.0000	0.0000	0.0000	0.0000	0.0000	0.0000	0.0000	0.0000	0.0000	0.0000	0.0000	0.0000	0.0000	0.0000	0.0000	0.0000	0.0000	0.0000	0.0000	0.0098	0.0055	0.0043	0.0047	0.0042	0.0005	0.0051	0.0013	0.0038	0.0000	0.0000	0.0000	0.0000	0.0000	0.0000	0.0000	0.0000	0.0000	0.0000	0.0000	0.0000	0.0000	0.0000	0.0000	0.0000	0.0000	0.0000											
5	79	0.6331	7	1	0	1	0	0	0	0	0	N	N	N	N	N	N	N	N	N	N	N	N	0.0000	0.0000	0.0000	0.0000	0.0000	0.0000	0.0000	0.0000	0.0000	0.0000	0.0000	0.0000	0.0000	0.0000	0.0000	0.0000	0.0000	0.0000	0.0000	0.0000	0.0000	0.2782	2.0000	1.3600	0.0000	0.0000	0.0000	0.0000	0.0000	0.0000	0.0000	0.0000	0.0000	0.0000	0.0000	0.0000	0.0000	0.0000	0.0000	0.0000	0.0000	0.0000	0.0000	0.0000	0.0000	0.0000	0.0000	0.0000	0.0000	0.0000	0.0000	0.0053	0.0031	0.0023	0.0025	0.0022	0.0004	0.0028	0.0009	0.0019	0.0000	0.0000	0.0000	0.0000	0.0000	0.0000	0.0000	0.0000	0.0000	0.0000	0.0000	0.0000	0.0000	0.0000	0.0000	0.0000	0.0000	0.0000											
5	80	0.6767	9	1	1	2	0	0	0	0	0	N	N	Y	N	N	N	N	N	N	N	N	N	0.0000	0.0000	0.0000	0.0000	0.0000	0.0000	0.0000	0.0000	0.0000	0.0000	0.0000	0.0000	0.0000	0.0000	0.0000	0.0000	0.0000	0.0000	0.0000	0.0000	0.0000	0.0029	2.0000	2.0135	0.0000	0.0000	0.0000	0.0000	0.0000	0.0000	0.0000	0.0000	0.0000	0.0000	0.0000	0.0000	0.0000	0.0000	0.0000	0.0000	0.0000	0.0000	0.0000	0.0000	0.0000	0.0000	0.0000	0.0000	0.0000	0.0000	0.0000	0.0077	0.0053	0.0024	0.0050	0.0046	0.0005	0.0026	0.0007	0.0019	0.0000	0.0000	0.0000	0.0000	0.0000	0.0000	0.0000	0.0000	0.0000	0.0000	0.0000	0.0000	0.0000	0.0000	0.0000	0.0000	0.0000	0.0000											
5	81	0.6701	8	1	1	1	0	0	0	0	0	N	N	N	N	N	N	N	N	N	N	N	N	0.0000	0.0000	0.0000	0.0000	0.0000	0.0000	0.0000	0.0000	0.0000	0.0000	0.0000	0.0000	0.0000	0.0000	0.0000	0.0000	0.0000	0.0000	0.0000	0.0000	0.0000	0.6188	2.0000	0.9475	0.0000	0.0000	0.0000	0.0000	0.0000	0.0000	0.0000	0.0000	0.0000	0.0000	0.0000	0.0000	0.0000	0.0000	0.0000	0.0000	0.0000	0.0000	0.0000	0.0000	0.0000	0.0000	0.0000	0.0000	0.0000	0.0000	0.0000	0.0055	0.0034	0.0021	0.0032	0.0028	0.0004	0.0023	0.0005	0.0018	0.0000	0.0000	0.0000	0.0000	0.0000	0.0000	0.0000	0.0000	0.0000	0.0000	0.0000	0.0000	0.0000	0.0000	0.0000	0.0000	0.0000	0.0000											
5	82	0.0692	4	1	1	2	0	0	0	0	0	N	N	Y	N	N	N	N	N	N	N	N	N	0.0000	0.0000	0.0000	0.0000	0.0000	0.0000	0.0000	0.0000	0.0000	0.0000	0.0000	0.0000	0.0000	0.0000	0.0000	0.0000	0.0000	0.0000	0.0000	0.0000	0.0000	0.0000	2.0000	1.0000	0.0000	0.0000	0.0000	0.0000	0.0000	0.0000	0.0000	0.0000	0.0000	0.0000	0.0000	0.0000	0.0000	0.0000	0.0000	0.0000	0.0000	0.0000	0.0000	0.0000	0.0000	0.0000	0.0000	0.0000	0.0000	0.0000	0.0000	0.0074	0.0032	0.0042	0.0000	0.0000	0.0000	0.0074	0.0032	0.0042	0.0000	0.0000	0.0000	0.0000	0.0000	0.0000	0.0000	0.0000	0.0000	0.0000	0.0000	0.0000	0.0000	0.0000	0.0000	0.0000	0.0000	0.0000											
5	83	0.6442	7	2	0	2	0	0	0	0	0	Y	N	Y	N	N	N	N	N	N	N	N	N	0.0000	0.0000	0.0000	0.0000	0.0000	0.0000	0.0000	0.0000	0.0000	0.0000	0.0000	0.0000	0.0000	0.0000	0.0000	0.0000	0.0000	0.0000	0.0000	0.0000	0.0000	9.0001	2.0000	3.0001	0.0000	0.0000	0.0000	0.0000	0.0000	0.0000	0.0000	0.0000	0.0000	0.0000	0.0000	0.0000	0.0000	0.0000	0.0000	0.0000	0.0000	0.0000	0.0000	0.0000	0.0000	0.0000	0.0000	0.0000	0.0000	0.0000	0.0000	0.0311	0.0193	0.0118	0.0176	0.0152	0.0025	0.0134	0.0041	0.0094	0.0000	0.0000	0.0000	0.0000	0.0000	0.0000	0.0000	0.0000	0.0000	0.0000	0.0000	0.0000	0.0000	0.0000	0.0000	0.0000	0.0000	0.0000											
5	84	0.0468	3	2	0	2	0	0	0	0	0	Y	N	Y	N	N	N	N	N	N	N	N	N	0.0000	0.0000	0.0000	0.0000	0.0000	0.0000	0.0000	0.0000	0.0000	0.0000	0.0000	0.0000	0.0000	0.0000	0.0000	0.0000	0.0000	0.0000	0.0000	0.0000	0.0000	4.0000	2.0000	0.0000	0.0000	0.0000	0.0000	0.0000	0.0000	0.0000	0.0000	0.0000	0.0000	0.0000	0.0000	0.0000	0.0000	0.0000	0.0000	0.0000	0.0000	0.0000	0.0000	0.0000	0.0000	0.0000	0.0000	0.0000	0.0000	0.0000	0.0000	0.0134	0.0044	0.0090	0.0000	0.0000	0.0000	0.0134	0.0044	0.0090	0.0000	0.0000	0.0000	0.0000	0.0000	0.0000	0.0000	0.0000	0.0000	0.0000	0.0000	0.0000	0.0000	0.0000	0.0000	0.0000	0.0000	0.0000											
5	85	0.0929	4	2	1	1	0	0	0	0	0	Y	N	N	N	N	N	N	N	N	N	N	N	0.0000	0.0000	0.0000	0.0000	0.0000	0.0000	0.0000	0.0000	0.0000	0.0000	0.0000	0.0000	0.0000	0.0000	0.0000	0.0000	0.0000	0.0000	0.0000	0.0000	0.0000	1.0086	2.0000	1.7435	0.0000	0.0000	0.0000	0.0000	0.0000	0.0000	0.0000	0.0000	0.0000	0.0000	0.0000	0.0000	0.0000	0.0000	0.0000	0.0000	0.0000	0.0000	0.0000	0.0000	0.0000	0.0000	0.0000	0.0000	0.0000	0.0000	0.0000	0.0143	0.0062	0.0082	0.0023	0.0022	0.0001	0.0120	0.0040	0.0081	0.0000	0.0000	0.0000	0.0000	0.0000	0.0000	0.0000	0.0000	0.0000	0.0000	0.0000	0.0000	0.0000	0.0000	0.0000	0.0000	0.0000	0.0000											
5	86	0.0468	3	2	1	1	0	0	0	0	0	Y	N	N	N	N	N	N	N	N	N	N	N	0.0000	0.0000	0.0000	0.0000	0.0000	0.0000	0.0000	0.0000	0.0000	0.0000	0.0000	0.0000	0.0000	0.0000	0.0000	0.0000	0.0000	0.0000	0.0000	0.0000	0.0000	1.0165	2.0000	4.1395	0.0000	0.0000	0.0000	0.0000	0.0000	0.0000	0.0000	0.0000	0.0000	0.0000	0.0000	0.0000	0.0000	0.0000	0.0000	0.0000	0.0000	0.0000	0.0000	0.0000	0.0000	0.0000	0.0000	0.0000	0.0000	0.0000	0.0000	0.0170	0.0056	0.0114	0.0000	0.0000	0.0000	0.0170	0.0056	0.0114	0.0000	0.0000	0.0000	0.0000	0.0000	0.0000	0.0000	0.0000	0.0000	0.0000	0.0000	0.0000	0.0000	0.0000	0.0000	0.0000	0.0000	0.0000											
5	87	0.6029	6	2	1	1	0	0	0	0	0	Y	N	N	N	N	N	N	N	N	N	N	N	0.0000	0.0000	0.0000	0.0000	0.0000	0.0000	0.0000	0.0000	0.0000	0.0000	0.0000	0.0000	0.0000	0.0000	0.0000	0.0000	0.0000	0.0000	0.0000	0.0000	0.0000	9.0005	2.0000	5.0000	0.0000	0.0000	0.0000	0.0000	0.0000	0.0000	0.0000	0.0000	0.0000	0.0000	0.0000	0.0000	0.0000	0.0000	0.0000	0.0000	0.0000	0.0000	0.0000	0.0000	0.0000	0.0000	0.0000	0.0000	0.0000	0.0000	0.0000	0.0396	0.0236	0.0160	0.0199	0.0170	0.0028	0.0197	0.0066	0.0132	0.0000	0.0000	0.0000	0.0000	0.0000	0.0000	0.0000	0.0000	0.0000	0.0000	0.0000	0.0000	0.0000	0.0000	0.0000	0.0000	0.0000	0.0000											
5	88	0.0692	4	1	1	1	0	0	0	0	0	N	N	N	N	N	N	N	N	N	N	N	N	0.0000	0.0000	0.0000	0.0000	0.0000	0.0000	0.0000	0.0000	0.0000	0.0000	0.0000	0.0000	0.0000	0.0000	0.0000	0.0000	0.0000	0.0000	0.0000	0.0000	0.0000	0.0000	2.0000	0.0000	0.0000	0.0000	0.0000	0.0000	0.0000	0.0000	0.0000	0.0000	0.0000	0.0000	0.0000	0.0000	0.0000	0.0000	0.0000	0.0000	0.0000	0.0000	0.0000	0.0000	0.0000	0.0000	0.0000	0.0000	0.0000	0.0000	0.0000	0.0000	0.0000	0.0000	0.0000	0.0000	0.0000	0.0000	0.0000	0.0000	0.0000	0.0000	0.0000	0.0000	0.0000	0.0000	0.0000	0.0000	0.0000	0.0000	0.0000	0.0000	0.0000	0.0000	0.0000	0.0000	0.0000	0.0000											
5	89	0.6701	8	1	1	1	0	0	0	0	0	N	N	N	N	N	N	N	N	N	N	N	N	0.0000	0.0000	0.0000	0.0000	0.0000	0.0000	0.0000	0.0000	0.0000	0.0000	0.0000	0.0000	0.0000	0.0000	0.0000	0.0000	0.0000	0.0000	0.0000	0.0000	0.0000	1.9953	2.0000	1.0817	0.0000	0.0000	0.0000	0.0000	0.0000	0.0000	0.0000	0.0000	0.0000	0.0000	0.0000	0.0000	0.0000	0.0000	0.0000	0.0000	0.0000	0.0000	0.0000	0.0000	0.0000	0.0000	0.0000	0.0000	0.0000	0.0000	0.0000	0.0096	0.0060	0.0036	0.0056	0.0049	0.0007	0.0040	0.0011	0.0029	0.0000	0.0000	0.0000	0.0000	0.0000	0.0000	0.0000	0.0000	0.0000	0.0000	0.0000	0.0000	0.0000	0.0000	0.0000	0.0000	0.0000	0.0000											
5	90	0.6442	7	1	1	1	0	0	0	0	0	N	N	N	N	N	N	N	N	N	N	N	N	0.0000	0.0000	0.0000	0.0000	0.0000	0.0000	0.0000	0.0000	0.0000	0.0000	0.0000	0.0000	0.0000	0.0000	0.0000	0.0000	0.0000	0.0000	0.0000	0.0000	0.0000	2.3999	2.0000	4.0713	0.0000	0.0000	0.0000	0.0000	0.0000	0.0000	0.0000	0.0000	0.0000	0.0000	0.0000	0.0000	0.0000	0.0000	0.0000	0.0000	0.0000	0.0000	0.0000	0.0000	0.0000	0.0000	0.0000	0.0000	0.0000	0.0000	0.0000	0.0176	0.0109	0.0068	0.0099	0.0085	0.0014	0.0077	0.0023	0.0054	0.0000	0.0000	0.0000	0.0000	0.0000	0.0000	0.0000	0.0000	0.0000	0.0000	0.0000	0.0000	0.0000	0.0000	0.0000	0.0000	0.0000	0.0000											
5	91	0.6652	8	1	0	2	0	0	0	0	0	N	N	Y	N	N	N	N	N	N	N	N	N	0.0000	0.0000	0.0000	0.0000	0.0000	0.0000	0.0000	0.0000	0.0000	0.0000	0.0000	0.0000	0.0000	0.0000	0.0000	0.0000	0.0000	0.0000	0.0000	0.0000	0.0000	0.0000	2.0000	0.0000	0.0000	0.0000	0.0000	0.0000	0.0000	0.0000	0.0000	0.0000	0.0000	0.0000	0.0000	0.0000	0.0000	0.0000	0.0000	0.0000	0.0000	0.0000	0.0000	0.0000	0.0000	0.0000	0.0000	0.0000	0.0000	0.0000	0.0000	0.0000	0.0000	0.0000	0.0000	0.0000	0.0000	0.0000	0.0000	0.0000	0.0000	0.0000	0.0000	0.0000	0.0000	0.0000	0.0000	0.0000	0.0000	0.0000	0.0000	0.0000	0.0000	0.0000	0.0000	0.0000	0.0000	0.0000											
5	92	0.6331	7	1	0	2	0	0	0	0	0	N	N	Y	N	N	N	N	N	N	N	N	N	0.0000	0.0000	0.0000	0.0000	0.0000	0.0000	0.0000	0.0000	0.0000	0.0000	0.0000	0.0000	0.0000	0.0000	0.0000	0.0000	0.0000	0.0000	0.0000	0.0000	0.0000	3.7221	2.0000	2.9993	0.0000	0.0000	0.0000	0.0000	0.0000	0.0000	0.0000	0.0000	0.0000	0.0000	0.0000	0.0000	0.0000	0.0000	0.0000	0.0000	0.0000	0.0000	0.0000	0.0000	0.0000	0.0000	0.0000	0.0000	0.0000	0.0000	0.0000	0.0208	0.0121	0.0087	0.0100	0.0086	0.0014	0.0108	0.0035	0.0073	0.0000	0.0000	0.0000	0.0000	0.0000	0.0000	0.0000	0.0000	0.0000	0.0000	0.0000	0.0000	0.0000	0.0000	0.0000	0.0000	0.0000	0.0000											
5	93	0.6029	6	1	0	1	0	0	0	0	0	N	N	N	N	N	N	N	N	N	N	N	N	0.0000	0.0000	0.0000	0.0000	0.0000	0.0000	0.0000	0.0000	0.0000	0.0000	0.0000	0.0000	0.0000	0.0000	0.0000	0.0000	0.0000	0.0000	0.0000	0.0000	0.0000	2.7217	2.0000	3.0458	0.0000	0.0000	0.0000	0.0000	0.0000	0.0000	0.0000	0.0000	0.0000	0.0000	0.0000	0.0000	0.0000	0.0000	0.0000	0.0000	0.0000	0.0000	0.0000	0.0000	0.0000	0.0000	0.0000	0.0000	0.0000	0.0000	0.0000	0.0177	0.0105	0.0072	0.0087	0.0075	0.0012	0.0090	0.0030	0.0060	0.0000	0.0000	0.0000	0.0000	0.0000	0.0000	0.0000	0.0000	0.0000	0.0000	0.0000	0.0000	0.0000	0.0000	0.0000	0.0000	0.0000	0.0000											
5	94	0.6604	8	2	1	1	0	0	0	0	0	Y	N	N	N	N	N	N	N	N	N	N	N	0.0000	0.0000	0.0000	0.0000	0.0000	0.0000	0.0000	0.0000	0.0000	0.0000	0.0000	0.0000	0.0000	0.0000	0.0000	0.0000	0.0000	0.0000	0.0000	0.0000	0.0000	5.9980	2.0000	4.9575	0.0000	0.0000	0.0000	0.0000	0.0000	0.0000	0.0000	0.0000	0.0000	0.0000	0.0000	0.0000	0.0000	0.0000	0.0000	0.0000	0.0000	0.0000	0.0000	0.0000	0.0000	0.0000	0.0000	0.0000	0.0000	0.0000	0.0000	0.0264	0.0171	0.0094	0.0155	0.0133	0.0022	0.0109	0.0037	0.0071	0.0000	0.0000	0.0000	0.0000	0.0000	0.0000	0.0000	0.0000	0.0000	0.0000	0.0000	0.0000	0.0000	0.0000	0.0000	0.0000	0.0000	0.0000											
5	95	0.0692	4	2	1	1	0	0	0	0	0	Y	N	N	N	N	N	N	N	N	N	N	N	0.0000	0.0000	0.0000	0.0000	0.0000	0.0000	0.0000	0.0000	0.0000	0.0000	0.0000	0.0000	0.0000	0.0000	0.0000	0.0000	0.0000	0.0000	0.0000	0.0000	0.0000	0.0000	2.0000	2.0000	0.0000	0.0000	0.0000	0.0000	0.0000	0.0000	0.0000	0.0000	0.0000	0.0000	0.0000	0.0000	0.0000	0.0000	0.0000	0.0000	0.0000	0.0000	0.0000	0.0000	0.0000	0.0000	0.0000	0.0000	0.0000	0.0000	0.0000	0.0144	0.0062	0.0082	0.0000	0.0000	0.0000	0.0144	0.0062	0.0082	0.0000	0.0000	0.0000	0.0000	0.0000	0.0000	0.0000	0.0000	0.0000	0.0000	0.0000	0.0000	0.0000	0.0000	0.0000	0.0000	0.0000	0.0000											
5	96	0.0468	3	1	1	1	0	0	0	0	0	N	N	N	N	N	N	N	N	N	N	N	N	0.0000	0.0000	0.0000	0.0000	0.0000	0.0000	0.0000	0.0000	0.0000	0.0000	0.0000	0.0000	0.0000	0.0000	0.0000	0.0000	0.0000	0.0000	0.0000	0.0000	0.0000	4.0000	2.0000	0.0000	0.0000	0.0000	0.0000	0.0000	0.0000	0.0000	0.0000	0.0000	0.0000	0.0000	0.0000	0.0000	0.0000	0.0000	0.0000	0.0000	0.0000	0.0000	0.0000	0.0000	0.0000	0.0000	0.0000	0.0000	0.0000	0.0000	0.0000	0.0134	0.0044	0.0090	0.0000	0.0000	0.0000	0.0134	0.0044	0.0090	0.0000	0.0000	0.0000	0.0000	0.0000	0.0000	0.0000	0.0000	0.0000	0.0000	0.0000	0.0000	0.0000	0.0000	0.0000	0.0000	0.0000	0.0000											
5	97	0.6029	6	1	0	1	0	0	0	0	0	N	N	N	N	N	N	N	N	N	N	N	N	0.0000	0.0000	0.0000	0.0000	0.0000	0.0000	0.0000	0.0000	0.0000	0.0000	0.0000	0.0000	0.0000	0.0000	0.0000	0.0000	0.0000	0.0000	0.0000	0.0000	0.0000	3.9994	2.0000	4.0000	0.0000	0.0000	0.0000	0.0000	0.0000	0.0000	0.0000	0.0000	0.0000	0.0000	0.0000	0.0000	0.0000	0.0000	0.0000	0.0000	0.0000	0.0000	0.0000	0.0000	0.0000	0.0000	0.0000	0.0000	0.0000	0.0000	0.0000	0.0240	0.0142	0.0098	0.0119	0.0102	0.0017	0.0121	0.0040	0.0081	0.0000	0.0000	0.0000	0.0000	0.0000	0.0000	0.0000	0.0000	0.0000	0.0000	0.0000	0.0000	0.0000	0.0000	0.0000	0.0000	0.0000	0.0000											
5	98	0.0468	3	1	0	1	0	0	0	0	0	N	N	N	N	N	N	N	N	N	N	N	N	0.0000	0.0000	0.0000	0.0000	0.0000	0.0000	0.0000	0.0000	0.0000	0.0000	0.0000	0.0000	0.0000	0.0000	0.0000	0.0000	0.0000	0.0000	0.0000	0.0000	0.0000	1.0000	2.0000	0.0000	0.0000	0.0000	0.0000	0.0000	0.0000	0.0000	0.0000	0.0000	0.0000	0.0000	0.0000	0.0000	0.0000	0.0000	0.0000	0.0000	0.0000	0.0000	0.0000	0.0000	0.0000	0.0000	0.0000	0.0000	0.0000	0.0000	0.0000	0.0065	0.0021	0.0044	0.0000	0.0000	0.0000	0.0065	0.0021	0.0044	0.0000	0.0000	0.0000	0.0000	0.0000	0.0000	0.0000	0.0000	0.0000	0.0000	0.0000	0.0000	0.0000	0.0000	0.0000	0.0000	0.0000	0.0000											
5	99	0.4919	5	1	0	1	0	0	0	0	0	N	N	N	N	N	N	N	N	N	N	N	N	0.0000	0.0000	0.0000	0.0000	0.0000	0.0000	0.0000	0.0000	0.0000	0.0000	0.0000	0.0000	0.0000	0.0000	0.0000	0.0000	0.0000	0.0000	0.0000	0.0000	0.0000	1.5982	2.0000	11.1970	0.0000	0.0000	0.0000	0.0000	0.0000	0.0000	0.0000	0.0000	0.0000	0.0000	0.0000	0.0000	0.0000	0.0000	0.0000	0.0000	0.0000	0.0000	0.0000	0.0000	0.0000	0.0000	0.0000	0.0000	0.0000	0.0000	0.0000	0.0504	0.0289	0.0214	0.0210	0.0189	0.0022	0.0293	0.0101	0.0193	0.0000	0.0000	0.0000	0.0000	0.0000	0.0000	0.0000	0.0000	0.0000	0.0000	0.0000	0.0000	0.0000	0.0000	0.0000	0.0000	0.0000	0.0000											
5	100	0.6619	9	2	1	2	0	0	0	0	0	Y	N	Y	N	N	N	N	N	N	N	N	N	0.0000	0.0000	0.0000	0.0000	0.0000	0.0000	0.0000	0.0000	0.0000	0.0000	0.0000	0.0000	0.0000	0.0000	0.0000	0.0000	0.0000	0.0000	0.0000	0.0000	0.0000	0.0000	2.0000	0.9982	0.0000	0.0000	0.0000	0.0000	0.0000	0.0000	0.0000	0.0000	0.0000	0.0000	0.0000	0.0000	0.0000	0.0000	0.0000	0.0000	0.0000	0.0000	0.0000	0.0000	0.0000	0.0000	0.0000	0.0000	0.0000	0.0000	0.0000	0.0027	0.0017	0.0010	0.0015	0.0013	0.0002	0.0011	0.0004	0.0007	0.0000	0.0000	0.0000	0.0000	0.0000	0.0000	0.0000	0.0000	0.0000	0.0000	0.0000	0.0000	0.0000	0.0000	0.0000	0.0000	0.0000	0.0000											
5	101	0.0121	2	2	1	2	0	0	0	0	0	Y	N	Y	N	N	N	N	N	N	N	N	N	0.0000	0.0000	0.0000	0.0000	0.0000	0.0000	0.0000	0.0000	0.0000	0.0000	0.0000	0.0000	0.0000	0.0000	0.0000	0.0000	0.0000	0.0000	0.0000	0.0000	0.0000	0.0000	2.0000	0.0000	0.0000	0.0000	0.0000	0.0000	0.0000	0.0000	0.0000	0.0000	0.0000	0.0000	0.0000	0.0000	0.0000	0.0000	0.0000	0.0000	0.0000	0.0000	0.0000	0.0000	0.0000	0.0000	0.0000	0.0000	0.0000	0.0000	0.0000	0.0000	0.0000	0.0000	0.0000	0.0000	0.0000	0.0000	0.0000	0.0000	0.0000	0.0000	0.0000	0.0000	0.0000	0.0000	0.0000	0.0000	0.0000	0.0000	0.0000	0.0000	0.0000	0.0000	0.0000	0.0000	0.0000	0.0000											
5	104	0.6029	6	1	1	1	0	0	0	0	0	N	N	N	N	N	N	N	N	N	N	N	N	0.0000	0.0000	0.0000	0.0000	0.0000	0.0000	0.0000	0.0000	0.0000	0.0000	0.0000	0.0000	0.0000	0.0000	0.0000	0.0000	0.0000	0.0000	0.0000	0.0000	0.0000	7.9994	2.0000	4.0001	0.0000	0.0000	0.0000	0.0000	0.0000	0.0000	0.0000	0.0000	0.0000	0.0000	0.0000	0.0000	0.0000	0.0000	0.0000	0.0000	0.0000	0.0000	0.0000	0.0000	0.0000	0.0000	0.0000	0.0000	0.0000	0.0000	0.0000	0.0346	0.0206	0.0140	0.0173	0.0148	0.0024	0.0173	0.0058	0.0116	0.0000	0.0000	0.0000	0.0000	0.0000	0.0000	0.0000	0.0000	0.0000	0.0000	0.0000	0.0000	0.0000	0.0000	0.0000	0.0000	0.0000	0.0000											
5	105	0.6654	10	2	0	2	0	0	0	0	0	Y	N	Y	N	N	N	N	N	N	N	N	N	0.0000	0.0000	0.0000	0.0000	0.0000	0.0000	0.0000	0.0000	0.0000	0.0000	0.0000	0.0000	0.0000	0.0000	0.0000	0.0000	0.0000	0.0000	0.0000	0.0000	0.0000	1.0000	2.0000	1.0005	0.0000	0.0000	0.0000	0.0000	0.0000	0.0000	0.0000	0.0000	0.0000	0.0000	0.0000	0.0000	0.0000	0.0000	0.0000	0.0000	0.0000	0.0000	0.0000	0.0000	0.0000	0.0000	0.0000	0.0000	0.0000	0.0000	0.0000	0.0052	0.0033	0.0019	0.0030	0.0026	0.0004	0.0022	0.0007	0.0014	0.0000	0.0000	0.0000	0.0000	0.0000	0.0000	0.0000	0.0000	0.0000	0.0000	0.0000	0.0000	0.0000	0.0000	0.0000	0.0000	0.0000	0.0000											
5	106	0.6619	9	2	0	2	0	0	0	0	0	Y	N	Y	N	N	N	N	N	N	N	N	N	0.0000	0.0000	0.0000	0.0000	0.0000	0.0000	0.0000	0.0000	0.0000	0.0000	0.0000	0.0000	0.0000	0.0000	0.0000	0.0000	0.0000	0.0000	0.0000	0.0000	0.0000	0.7249	2.0000	0.0368	0.0000	0.0000	0.0000	0.0000	0.0000	0.0000	0.0000	0.0000	0.0000	0.0000	0.0000	0.0000	0.0000	0.0000	0.0000	0.0000	0.0000	0.0000	0.0000	0.0000	0.0000	0.0000	0.0000	0.0000	0.0000	0.0000	0.0000	0.0020	0.0013	0.0007	0.0012	0.0010	0.0002	0.0009	0.0003	0.0006	0.0000	0.0000	0.0000	0.0000	0.0000	0.0000	0.0000	0.0000	0.0000	0.0000	0.0000	0.0000	0.0000	0.0000	0.0000	0.0000	0.0000	0.0000											
5	107	0.6604	8	2	0	2	0	0	0	0	0	Y	N	Y	N	N	N	N	N	N	N	N	N	0.0000	0.0000	0.0000	0.0000	0.0000	0.0000	0.0000	0.0000	0.0000	0.0000	0.0000	0.0000	0.0000	0.0000	0.0000	0.0000	0.0000	0.0000	0.0000	0.0000	0.0000	0.4159	2.0000	0.0887	0.0000	0.0000	0.0000	0.0000	0.0000	0.0000	0.0000	0.0000	0.0000	0.0000	0.0000	0.0000	0.0000	0.0000	0.0000	0.0000	0.0000	0.0000	0.0000	0.0000	0.0000	0.0000	0.0000	0.0000	0.0000	0.0000	0.0000	0.0015	0.0010	0.0005	0.0008	0.0007	0.0001	0.0006	0.0002	0.0004	0.0000	0.0000	0.0000	0.0000	0.0000	0.0000	0.0000	0.0000	0.0000	0.0000	0.0000	0.0000	0.0000	0.0000	0.0000	0.0000	0.0000	0.0000											
5	108	0.6442	7	2	0	1	0	0	0	0	0	Y	N	N	N	N	N	N	N	N	N	N	N	0.0000	0.0000	0.0000	0.0000	0.0000	0.0000	0.0000	0.0000	0.0000	0.0000	0.0000	0.0000	0.0000	0.0000	0.0000	0.0000	0.0000	0.0000	0.0000	0.0000	0.0000	3.9943	2.0000	0.9974	0.0000	0.0000	0.0000	0.0000	0.0000	0.0000	0.0000	0.0000	0.0000	0.0000	0.0000	0.0000	0.0000	0.0000	0.0000	0.0000	0.0000	0.0000	0.0000	0.0000	0.0000	0.0000	0.0000	0.0000	0.0000	0.0000	0.0000	0.0138	0.0085	0.0053	0.0077	0.0067	0.0011	0.0060	0.0018	0.0042	0.0000	0.0000	0.0000	0.0000	0.0000	0.0000	0.0000	0.0000	0.0000	0.0000	0.0000	0.0000	0.0000	0.0000	0.0000	0.0000	0.0000	0.0000											
5	109	0.0182	2	2	0	2	0	0	0	0	0	Y	N	Y	N	N	N	N	N	N	N	N	N	0.0000	0.0000	0.0000	0.0000	0.0000	0.0000	0.0000	0.0000	0.0000	0.0000	0.0000	0.0000	0.0000	0.0000	0.0000	0.0000	0.0000	0.0000	0.0000	0.0000	0.0000	0.0000	2.0000	0.9909	0.0000	0.0000	0.0000	0.0000	0.0000	0.0000	0.0000	0.0000	0.0000	0.0000	0.0000	0.0000	0.0000	0.0000	0.0000	0.0000	0.0000	0.0000	0.0000	0.0000	0.0000	0.0000	0.0000	0.0000	0.0000	0.0000	0.0000	0.0084	0.0040	0.0044	0.0005	0.0005	0.0000	0.0079	0.0035	0.0044	0.0000	0.0000	0.0000	0.0000	0.0000	0.0000	0.0000	0.0000	0.0000	0.0000	0.0000	0.0000	0.0000	0.0000	0.0000	0.0000	0.0000	0.0000											
5	112	0.6488	7	1	0	2	0	0	0	0	0	N	N	Y	N	N	N	N	N	N	N	N	N	0.0000	0.0000	0.0000	0.0000	0.0000	0.0000	0.0000	0.0000	0.0000	0.0000	0.0000	0.0000	0.0000	0.0000	0.0000	0.0000	0.0000	0.0000	0.0000	0.0000	0.0000	0.0000	2.0000	0.0001	0.0000	0.0000	0.0000	0.0000	0.0000	0.0000	0.0000	0.0000	0.0000	0.0000	0.0000	0.0000	0.0000	0.0000	0.0000	0.0000	0.0000	0.0000	0.0000	0.0000	0.0000	0.0000	0.0000	0.0000	0.0000	0.0000	0.0000	0.0000	0.0000	0.0000	0.0000	0.0000	0.0000	0.0000	0.0000	0.0000	0.0000	0.0000	0.0000	0.0000	0.0000	0.0000	0.0000	0.0000	0.0000	0.0000	0.0000	0.0000	0.0000	0.0000	0.0000	0.0000	0.0000	0.0000											
5	113	0.6029	6	1	0	2	0	0	0	0	0	N	N	Y	N	N	N	N	N	N	N	N	N	0.0000	0.0000	0.0000	0.0000	0.0000	0.0000	0.0000	0.0000	0.0000	0.0000	0.0000	0.0000	0.0000	0.0000	0.0000	0.0000	0.0000	0.0000	0.0000	0.0000	0.0000	4.0004	2.0000	4.9999	0.0000	0.0000	0.0000	0.0000	0.0000	0.0000	0.0000	0.0000	0.0000	0.0000	0.0000	0.0000	0.0000	0.0000	0.0000	0.0000	0.0000	0.0000	0.0000	0.0000	0.0000	0.0000	0.0000	0.0000	0.0000	0.0000	0.0000	0.0267	0.0159	0.0109	0.0133	0.0114	0.0019	0.0135	0.0045	0.0090	0.0000	0.0000	0.0000	0.0000	0.0000	0.0000	0.0000	0.0000	0.0000	0.0000	0.0000	0.0000	0.0000	0.0000	0.0000	0.0000	0.0000	0.0000											
5	114	0.0794	4	1	1	1	0	0	0	0	0	N	N	N	N	N	N	N	N	N	N	N	N	0.0000	0.0000	0.0000	0.0000	0.0000	0.0000	0.0000	0.0000	0.0000	0.0000	0.0000	0.0000	0.0000	0.0000	0.0000	0.0000	0.0000	0.0000	0.0000	0.0000	0.0000	4.3361	2.0000	4.6323	0.0000	0.0000	0.0000	0.0000	0.0000	0.0000	0.0000	0.0000	0.0000	0.0000	0.0000	0.0000	0.0000	0.0000	0.0000	0.0000	0.0000	0.0000	0.0000	0.0000	0.0000	0.0000	0.0000	0.0000	0.0000	0.0000	0.0000	0.0405	0.0145	0.0260	0.0007	0.0006	0.0001	0.0398	0.0139	0.0259	0.0000	0.0000	0.0000	0.0000	0.0000	0.0000	0.0000	0.0000	0.0000	0.0000	0.0000	0.0000	0.0000	0.0000	0.0000	0.0000	0.0000	0.0000											
5	115	0.0468	3	1	0	1	0	0	0	0	0	N	N	N	N	N	N	N	N	N	N	N	N	0.0000	0.0000	0.0000	0.0000	0.0000	0.0000	0.0000	0.0000	0.0000	0.0000	0.0000	0.0000	0.0000	0.0000	0.0000	0.0000	0.0000	0.0000	0.0000	0.0000	0.0000	1.9840	2.0000	0.2610	0.0000	0.0000	0.0000	0.0000	0.0000	0.0000	0.0000	0.0000	0.0000	0.0000	0.0000	0.0000	0.0000	0.0000	0.0000	0.0000	0.0000	0.0000	0.0000	0.0000	0.0000	0.0000	0.0000	0.0000	0.0000	0.0000	0.0000	0.0078	0.0025	0.0053	0.0000	0.0000	0.0000	0.0078	0.0025	0.0053	0.0000	0.0000	0.0000	0.0000	0.0000	0.0000	0.0000	0.0000	0.0000	0.0000	0.0000	0.0000	0.0000	0.0000	0.0000	0.0000	0.0000	0.0000											
5	116	0.6029	6	1	1	1	1	0	0	0	0	N	N	N	N	N	N	N	N	N	N	N	N	0.0000	0.0000	0.0000	0.0000	0.0000	0.0000	0.0000	0.0000	0.0000	0.0000	0.0000	0.0000	0.0000	0.0000	0.0000	0.0000	0.0000	0.0000	0.0000	0.0000	0.0000	5.0006	2.0000	2.0000	0.0000	0.0000	0.0000	0.0000	0.0000	0.0000	0.0000	0.0000	0.0000	0.0000	0.0000	0.0000	0.0000	0.0000	0.0000	0.0000	0.0000	0.0000	0.0000	0.0000	0.0000	0.0000	0.0000	0.0000	0.0000	0.0000	0.0000	0.0212	0.0126	0.0086	0.0105	0.0090	0.0015	0.0107	0.0036	0.0072	0.0000	0.0000	0.0000	0.0000	0.0000	0.0000	0.0000	0.0000	0.0000	0.0000	0.0000	0.0000	0.0000	0.0000	0.0000	0.0000	0.0000	0.0000											
5	117	0.0468	3	1	1	1	1	0	0	0	0	N	N	N	N	N	N	N	N	N	N	N	N	0.0000	0.0000	0.0000	0.0000	0.0000	0.0000	0.0000	0.0000	0.0000	0.0000	0.0000	0.0000	0.0000	0.0000	0.0000	0.0000	0.0000	0.0000	0.0000	0.0000	0.0000	0.0000	2.0000	1.0000	0.0000	0.0000	0.0000	0.0000	0.0000	0.0000	0.0000	0.0000	0.0000	0.0000	0.0000	0.0000	0.0000	0.0000	0.0000	0.0000	0.0000	0.0000	0.0000	0.0000	0.0000	0.0000	0.0000	0.0000	0.0000	0.0000	0.0000	0.0049	0.0016	0.0033	0.0000	0.0000	0.0000	0.0049	0.0016	0.0033	0.0000	0.0000	0.0000	0.0000	0.0000	0.0000	0.0000	0.0000	0.0000	0.0000	0.0000	0.0000	0.0000	0.0000	0.0000	0.0000	0.0000	0.0000											
5	118	0.6029	6	1	1	1	0	0	0	0	0	N	N	N	N	N	N	N	N	N	N	N	N	0.0000	0.0000	0.0000	0.0000	0.0000	0.0000	0.0000	0.0000	0.0000	0.0000	0.0000	0.0000	0.0000	0.0000	0.0000	0.0000	0.0000	0.0000	0.0000	0.0000	0.0000	16.9994	2.0000	6.0000	0.0000	0.0000	0.0000	0.0000	0.0000	0.0000	0.0000	0.0000	0.0000	0.0000	0.0000	0.0000	0.0000	0.0000	0.0000	0.0000	0.0000	0.0000	0.0000	0.0000	0.0000	0.0000	0.0000	0.0000	0.0000	0.0000	0.0000	0.0598	0.0359	0.0239	0.0305	0.0261	0.0044	0.0293	0.0098	0.0195	0.0000	0.0000	0.0000	0.0000	0.0000	0.0000	0.0000	0.0000	0.0000	0.0000	0.0000	0.0000	0.0000	0.0000	0.0000	0.0000	0.0000	0.0000											
5	119	0.0468	3	1	1	1	0	0	0	0	0	N	N	N	N	N	N	N	N	N	N	N	N	0.0000	0.0000	0.0000	0.0000	0.0000	0.0000	0.0000	0.0000	0.0000	0.0000	0.0000	0.0000	0.0000	0.0000	0.0000	0.0000	0.0000	0.0000	0.0000	0.0000	0.0000	5.0000	2.0000	6.0000	0.0000	0.0000	0.0000	0.0000	0.0000	0.0000	0.0000	0.0000	0.0000	0.0000	0.0000	0.0000	0.0000	0.0000	0.0000	0.0000	0.0000	0.0000	0.0000	0.0000	0.0000	0.0000	0.0000	0.0000	0.0000	0.0000	0.0000	0.0325	0.0108	0.0217	0.0000	0.0000	0.0000	0.0325	0.0108	0.0217	0.0000	0.0000	0.0000	0.0000	0.0000	0.0000	0.0000	0.0000	0.0000	0.0000	0.0000	0.0000	0.0000	0.0000	0.0000	0.0000	0.0000	0.0000											
5	120	0.0749	4	1	1	1	0	0	0	0	0	N	N	N	N	N	N	N	N	N	N	N	N	0.0000	0.0000	0.0000	0.0000	0.0000	0.0000	0.0000	0.0000	0.0000	0.0000	0.0000	0.0000	0.0000	0.0000	0.0000	0.0000	0.0000	0.0000	0.0000	0.0000	0.0000	0.9998	2.0000	0.9486	0.0000	0.0000	0.0000	0.0000	0.0000	0.0000	0.0000	0.0000	0.0000	0.0000	0.0000	0.0000	0.0000	0.0000	0.0000	0.0000	0.0000	0.0000	0.0000	0.0000	0.0000	0.0000	0.0000	0.0000	0.0000	0.0000	0.0000	0.0136	0.0065	0.0070	0.0017	0.0017	0.0000	0.0119	0.0048	0.0070	0.0000	0.0000	0.0000	0.0000	0.0000	0.0000	0.0000	0.0000	0.0000	0.0000	0.0000	0.0000	0.0000	0.0000	0.0000	0.0000	0.0000	0.0000											
5	121	0.0468	3	1	1	1	0	0	0	0	0	N	N	N	N	N	N	N	N	N	N	N	N	0.0000	0.0000	0.0000	0.0000	0.0000	0.0000	0.0000	0.0000	0.0000	0.0000	0.0000	0.0000	0.0000	0.0000	0.0000	0.0000	0.0000	0.0000	0.0000	0.0000	0.0000	3.0005	2.0000	1.1085	0.0000	0.0000	0.0000	0.0000	0.0000	0.0000	0.0000	0.0000	0.0000	0.0000	0.0000	0.0000	0.0000	0.0000	0.0000	0.0000	0.0000	0.0000	0.0000	0.0000	0.0000	0.0000	0.0000	0.0000	0.0000	0.0000	0.0000	0.0238	0.0079	0.0160	0.0000	0.0000	0.0000	0.0238	0.0079	0.0160	0.0000	0.0000	0.0000	0.0000	0.0000	0.0000	0.0000	0.0000	0.0000	0.0000	0.0000	0.0000	0.0000	0.0000	0.0000	0.0000	0.0000	0.0000											
5	122	0.6442	7	1	1	1	0	0	0	0	0	N	N	N	N	N	N	N	N	N	N	N	N	0.0000	0.0000	0.0000	0.0000	0.0000	0.0000	0.0000	0.0000	0.0000	0.0000	0.0000	0.0000	0.0000	0.0000	0.0000	0.0000	0.0000	0.0000	0.0000	0.0000	0.0000	2.0001	2.0000	3.0000	0.0000	0.0000	0.0000	0.0000	0.0000	0.0000	0.0000	0.0000	0.0000	0.0000	0.0000	0.0000	0.0000	0.0000	0.0000	0.0000	0.0000	0.0000	0.0000	0.0000	0.0000	0.0000	0.0000	0.0000	0.0000	0.0000	0.0000	0.0138	0.0085	0.0053	0.0078	0.0067	0.0011	0.0061	0.0018	0.0042	0.0000	0.0000	0.0000	0.0000	0.0000	0.0000	0.0000	0.0000	0.0000	0.0000	0.0000	0.0000	0.0000	0.0000	0.0000	0.0000	0.0000	0.0000											
5	123	0.6029	6	1	0	1	0	0	0	0	0	N	N	N	N	N	N	N	N	N	N	N	N	0.0000	0.0000	0.0000	0.0000	0.0000	0.0000	0.0000	0.0000	0.0000	0.0000	0.0000	0.0000	0.0000	0.0000	0.0000	0.0000	0.0000	0.0000	0.0000	0.0000	0.0000	6.9986	2.0000	2.0000	0.0000	0.0000	0.0000	0.0000	0.0000	0.0000	0.0000	0.0000	0.0000	0.0000	0.0000	0.0000	0.0000	0.0000	0.0000	0.0000	0.0000	0.0000	0.0000	0.0000	0.0000	0.0000	0.0000	0.0000	0.0000	0.0000	0.0000	0.0267	0.0159	0.0109	0.0133	0.0114	0.0019	0.0135	0.0045	0.0090	0.0000	0.0000	0.0000	0.0000	0.0000	0.0000	0.0000	0.0000	0.0000	0.0000	0.0000	0.0000	0.0000	0.0000	0.0000	0.0000	0.0000	0.0000											
5	124	0.0803	4	1	1	1	0	0	0	0	0	N	N	N	N	N	N	N	N	N	N	N	N	0.0000	0.0000	0.0000	0.0000	0.0000	0.0000	0.0000	0.0000	0.0000	0.0000	0.0000	0.0000	0.0000	0.0000	0.0000	0.0000	0.0000	0.0000	0.0000	0.0000	0.0000	3.9006	2.0000	3.1543	0.0000	0.0000	0.0000	0.0000	0.0000	0.0000	0.0000	0.0000	0.0000	0.0000	0.0000	0.0000	0.0000	0.0000	0.0000	0.0000	0.0000	0.0000	0.0000	0.0000	0.0000	0.0000	0.0000	0.0000	0.0000	0.0000	0.0000	0.0320	0.0096	0.0224	0.0010	0.0009	0.0001	0.0310	0.0087	0.0223	0.0000	0.0000	0.0000	0.0000	0.0000	0.0000	0.0000	0.0000	0.0000	0.0000	0.0000	0.0000	0.0000	0.0000	0.0000	0.0000	0.0000	0.0000											
5	125	0.0468	3	1	1	1	0	0	0	0	0	N	N	N	N	N	N	N	N	N	N	N	N	0.0000	0.0000	0.0000	0.0000	0.0000	0.0000	0.0000	0.0000	0.0000	0.0000	0.0000	0.0000	0.0000	0.0000	0.0000	0.0000	0.0000	0.0000	0.0000	0.0000	0.0000	1.6924	2.0000	1.9110	0.0000	0.0000	0.0000	0.0000	0.0000	0.0000	0.0000	0.0000	0.0000	0.0000	0.0000	0.0000	0.0000	0.0000	0.0000	0.0000	0.0000	0.0000	0.0000	0.0000	0.0000	0.0000	0.0000	0.0000	0.0000	0.0000	0.0000	0.0213	0.0070	0.0143	0.0000	0.0000	0.0000	0.0213	0.0070	0.0143	0.0000	0.0000	0.0000	0.0000	0.0000	0.0000	0.0000	0.0000	0.0000	0.0000	0.0000	0.0000	0.0000	0.0000	0.0000	0.0000	0.0000	0.0000											
5	126	0.6029	6	1	1	1	0	0	0	0	0	N	N	N	N	N	N	N	N	N	N	N	N	0.0000	0.0000	0.0000	0.0000	0.0000	0.0000	0.0000	0.0000	0.0000	0.0000	0.0000	0.0000	0.0000	0.0000	0.0000	0.0000	0.0000	0.0000	0.0000	0.0000	0.0000	0.9996	2.0000	8.0005	0.0000	0.0000	0.0000	0.0000	0.0000	0.0000	0.0000	0.0000	0.0000	0.0000	0.0000	0.0000	0.0000	0.0000	0.0000	0.0000	0.0000	0.0000	0.0000	0.0000	0.0000	0.0000	0.0000	0.0000	0.0000	0.0000	0.0000	0.0267	0.0159	0.0109	0.0133	0.0114	0.0019	0.0135	0.0045	0.0090	0.0000	0.0000	0.0000	0.0000	0.0000	0.0000	0.0000	0.0000	0.0000	0.0000	0.0000	0.0000	0.0000	0.0000	0.0000	0.0000	0.0000	0.0000											
5	127	0.5083	6	1	0	1	0	0	0	0	0	N	N	N	N	N	N	N	N	N	N	N	N	0.0000	0.0000	0.0000	0.0000	0.0000	0.0000	0.0000	0.0000	0.0000	0.0000	0.0000	0.0000	0.0000	0.0000	0.0000	0.0000	0.0000	0.0000	0.0000	0.0000	0.0000	3.6536	2.0000	12.3970	0.0000	0.0000	0.0000	0.0000	0.0000	0.0000	0.0000	0.0000	0.0000	0.0000	0.0000	0.0000	0.0000	0.0000	0.0000	0.0000	0.0000	0.0000	0.0000	0.0000	0.0000	0.0000	0.0000	0.0000	0.0000	0.0000	0.0000	0.0549	0.0314	0.0235	0.0227	0.0200	0.0026	0.0322	0.0113	0.0209	0.0000	0.0000	0.0000	0.0000	0.0000	0.0000	0.0000	0.0000	0.0000	0.0000	0.0000	0.0000	0.0000	0.0000	0.0000	0.0000	0.0000	0.0000											
5	128	0.2972	4	1	0	1	0	0	0	0	0	N	N	N	N	N	N	N	N	N	N	N	N	0.0000	0.0000	0.0000	0.0000	0.0000	0.0000	0.0000	0.0000	0.0000	0.0000	0.0000	0.0000	0.0000	0.0269	0.0555	0.0000	0.0265	0.0296	0.0000	0.0000	0.0000	0.0000	0.0000	0.0000	-0.0001	0.0000	5.3495	2.0000	12.4099	0.0000	0.0000	0.0000	0.0000	0.0000	0.0000	0.0000	0.0000	0.0000	0.0002	0.0002	0.0000	0.0002	0.0002	0.0000	0.0000	0.0000	0.0000	0.0000	0.0000	0.0000	0.0000	0.0000	0.0000	0.0000	0.0000	0.0000	0.1035	0.0594	0.0441	0.0424	0.0373	0.0051	0.0610	0.0221	0.0390	0.0000	0.0000	0.0000	0.0000	0.0000	0.0000	0.0000	0.0000	0.0000	0.0022	0.0039	0.0000	0.0054	0.0062	0.0000	0.0000	0.0000	0.0000						
5	129	0.7144	12	1	1	1	1	0	0	0	0	N	N	N	N	N	N	N	N	N	N	N	N	0.0000	0.0000	0.0000	0.0000	0.0000	0.0000	0.0000	0.0000	0.0000	0.0000	0.0000	0.0000	0.0000	0.0000	0.0000	0.0000	0.0000	0.0000	0.0000	0.0000	0.0000	0.0000	2.0000	0.0000	0.0000	0.0000	0.0000	0.0000	0.0000	0.0000	0.0000	0.0000	0.0000	0.0000	0.0000	0.0000	0.0000	0.0000	0.0000	0.0000	0.0000	0.0000	0.0000	0.0000	0.0000	0.0000	0.0000	0.0000	0.0000	0.0000	0.0000	0.0000	0.0000	0.0000	0.0000	0.0000	0.0000	0.0000	0.0000	0.0000	0.0000	0.0000	0.0000	0.0000	0.0000	0.0000	0.0000	0.0000	0.0000	0.0000	0.0000	0.0000	0.0000	0.0000	0.0000	0.0000	0.0000	0.0000											
5	130	0.6981	11	1	1	1	1	0	0	0	0	N	N	N	N	N	N	N	N	N	N	N	N	0.0000	0.0000	0.0000	0.0000	0.0000	0.0000	0.0000	0.0000	0.0000	0.0000	0.0000	0.0000	0.0000	0.0000	0.0000	0.0000	0.0000	0.0000	0.0000	0.0000	0.0000	0.0000	2.0000	3.0001	0.0000	0.0000	0.0000	0.0000	0.0000	0.0000	0.0000	0.0000	0.0000	0.0000	0.0000	0.0000	0.0000	0.0000	0.0000	0.0000	0.0000	0.0000	0.0000	0.0000	0.0000	0.0000	0.0000	0.0000	0.0000	0.0000	0.0000	0.0137	0.0089	0.0048	0.0048	0.0042	0.0006	0.0089	0.0047	0.0042	0.0000	0.0000	0.0000	0.0000	0.0000	0.0000	0.0000	0.0000	0.0000	0.0000	0.0000	0.0000	0.0000	0.0000	0.0000	0.0000	0.0000	0.0000											
5	131	0.6884	10	1	1	1	0	0	0	0	0	N	N	N	N	N	N	N	N	N	N	N	N	0.0000	0.0000	0.0000	0.0000	0.0000	0.0000	0.0000	0.0000	0.0000	0.0000	0.0000	0.0000	0.0000	0.0000	0.0000	0.0000	0.0000	0.0000	0.0000	0.0000	0.0000	0.0000	2.0000	0.0000	0.0000	0.0000	0.0000	0.0000	0.0000	0.0000	0.0000	0.0000	0.0000	0.0000	0.0000	0.0000	0.0000	0.0000	0.0000	0.0000	0.0000	0.0000	0.0000	0.0000	0.0000	0.0000	0.0000	0.0000	0.0000	0.0000	0.0000	0.0000	0.0000	0.0000	0.0000	0.0000	0.0000	0.0000	0.0000	0.0000	0.0000	0.0000	0.0000	0.0000	0.0000	0.0000	0.0000	0.0000	0.0000	0.0000	0.0000	0.0000	0.0000	0.0000	0.0000	0.0000	0.0000	0.0000											
5	132	0.6981	11	1	0	2	1	0	0	0	0	N	N	Y	N	N	N	N	N	N	N	N	N	0.0000	0.0000	0.0000	0.0000	0.0000	0.0000	0.0000	0.0000	0.0000	0.0000	0.0000	0.0000	0.0000	0.0000	0.0000	0.0000	0.0000	0.0000	0.0000	0.0000	0.0000	0.0000	2.0000	1.9999	0.0000	0.0000	0.0000	0.0000	0.0000	0.0000	0.0000	0.0000	0.0000	0.0000	0.0000	0.0000	0.0000	0.0000	0.0000	0.0000	0.0000	0.0000	0.0000	0.0000	0.0000	0.0000	0.0000	0.0000	0.0000	0.0000	0.0000	0.0094	0.0061	0.0033	0.0033	0.0028	0.0004	0.0061	0.0033	0.0029	0.0000	0.0000	0.0000	0.0000	0.0000	0.0000	0.0000	0.0000	0.0000	0.0000	0.0000	0.0000	0.0000	0.0000	0.0000	0.0000	0.0000	0.0000											
5	133	0.7091	12	1	0	2	1	0	0	0	0	N	N	Y	N	N	N	N	N	N	N	N	N	0.0000	0.0000	0.0000	0.0000	0.0000	0.0000	0.0000	0.0000	0.0000	0.0000	0.0000	0.0000	0.0000	0.0000	0.0000	0.0000	0.0000	0.0000	0.0000	0.0000	0.0000	1.0000	2.0000	0.0000	0.0000	0.0000	0.0000	0.0000	0.0000	0.0000	0.0000	0.0000	0.0000	0.0000	0.0000	0.0000	0.0000	0.0000	0.0000	0.0000	0.0000	0.0000	0.0000	0.0000	0.0000	0.0000	0.0000	0.0000	0.0000	0.0000	0.0000	0.0046	0.0030	0.0017	0.0015	0.0013	0.0002	0.0032	0.0017	0.0015	0.0000	0.0000	0.0000	0.0000	0.0000	0.0000	0.0000	0.0000	0.0000	0.0000	0.0000	0.0000	0.0000	0.0000	0.0000	0.0000	0.0000	0.0000											
5	134	0.7091	12	1	0	2	1	0	0	0	0	N	N	Y	N	N	N	N	N	N	N	N	N	0.0000	0.0000	0.0000	0.0000	0.0000	0.0000	0.0000	0.0000	0.0000	0.0000	0.0000	0.0000	0.0000	0.0000	0.0000	0.0000	0.0000	0.0000	0.0000	0.0000	0.0000	0.0000	2.0000	0.0000	0.0000	0.0000	0.0000	0.0000	0.0000	0.0000	0.0000	0.0000	0.0000	0.0000	0.0000	0.0000	0.0000	0.0000	0.0000	0.0000	0.0000	0.0000	0.0000	0.0000	0.0000	0.0000	0.0000	0.0000	0.0000	0.0000	0.0000	0.0000	0.0000	0.0000	0.0000	0.0000	0.0000	0.0000	0.0000	0.0000	0.0000	0.0000	0.0000	0.0000	0.0000	0.0000	0.0000	0.0000	0.0000	0.0000	0.0000	0.0000	0.0000	0.0000	0.0000	0.0000	0.0000	0.0000											
5	135	0.6981	11	1	0	2	1	0	0	0	0	N	N	Y	N	N	N	N	N	N	N	N	N	0.0000	0.0000	0.0000	0.0000	0.0000	0.0000	0.0000	0.0000	0.0000	0.0000	0.0000	0.0000	0.0000	0.0000	0.0000	0.0000	0.0000	0.0000	0.0000	0.0000	0.0000	2.0025	2.0000	0.9943	0.0000	0.0000	0.0000	0.0000	0.0000	0.0000	0.0000	0.0000	0.0000	0.0000	0.0000	0.0000	0.0000	0.0000	0.0000	0.0000	0.0000	0.0000	0.0000	0.0000	0.0000	0.0000	0.0000	0.0000	0.0000	0.0000	0.0000	0.0137	0.0089	0.0048	0.0048	0.0042	0.0006	0.0089	0.0047	0.0042	0.0000	0.0000	0.0000	0.0000	0.0000	0.0000	0.0000	0.0000	0.0000	0.0000	0.0000	0.0000	0.0000	0.0000	0.0000	0.0000	0.0000	0.0000											
5	136	0.6981	10	1	0	1	1	0	0	0	0	N	N	N	N	N	N	N	N	N	N	N	N	0.0000	0.0000	0.0000	0.0000	0.0000	0.0000	0.0000	0.0000	0.0000	0.0000	0.0000	0.0000	0.0000	0.0000	0.0000	0.0000	0.0000	0.0000	0.0000	0.0000	0.0000	0.0050	2.0000	0.0173	0.0000	0.0000	0.0000	0.0000	0.0000	0.0000	0.0000	0.0000	0.0000	0.0000	0.0000	0.0000	0.0000	0.0000	0.0000	0.0000	0.0000	0.0000	0.0000	0.0000	0.0000	0.0000	0.0000	0.0000	0.0000	0.0000	0.0000	0.0002	0.0002	0.0001	0.0001	0.0001	0.0000	0.0001	0.0001	0.0001	0.0000	0.0000	0.0000	0.0000	0.0000	0.0000	0.0000	0.0000	0.0000	0.0000	0.0000	0.0000	0.0000	0.0000	0.0000	0.0000	0.0000	0.0000											
5	137	0.6884	9	1	0	1	1	0	0	0	0	N	N	N	N	N	N	N	N	N	N	N	N	0.0000	0.0000	0.0000	0.0000	0.0000	0.0000	0.0000	0.0000	0.0000	0.0000	0.0000	0.0000	0.0000	0.0000	0.0000	0.0000	0.0000	0.0000	0.0000	0.0000	0.0000	1.9972	2.0000	1.0076	0.0000	0.0000	0.0000	0.0000	0.0000	0.0000	0.0000	0.0000	0.0000	0.0000	0.0000	0.0000	0.0000	0.0000	0.0000	0.0000	0.0000	0.0000	0.0000	0.0000	0.0000	0.0000	0.0000	0.0000	0.0000	0.0000	0.0000	0.0077	0.0050	0.0027	0.0048	0.0041	0.0006	0.0029	0.0008	0.0021	0.0000	0.0000	0.0000	0.0000	0.0000	0.0000	0.0000	0.0000	0.0000	0.0000	0.0000	0.0000	0.0000	0.0000	0.0000	0.0000	0.0000	0.0000											
5	138	0.6712	8	2	1	1	0	0	0	0	0	Y	N	N	N	N	N	N	N	N	N	N	N	0.0000	0.0000	0.0000	0.0000	0.0000	0.0000	0.0000	0.0000	0.0000	0.0000	0.0000	0.0000	0.0000	0.0000	0.0000	0.0000	0.0000	0.0000	0.0000	0.0000	0.0000	0.0002	2.0000	2.3255	0.0000	0.0000	0.0000	0.0000	0.0000	0.0000	0.0000	0.0000	0.0000	0.0000	0.0000	0.0000	0.0000	0.0000	0.0000	0.0000	0.0000	0.0000	0.0000	0.0000	0.0000	0.0000	0.0000	0.0000	0.0000	0.0000	0.0000	0.0089	0.0059	0.0030	0.0048	0.0042	0.0005	0.0042	0.0016	0.0025	0.0000	0.0000	0.0000	0.0000	0.0000	0.0000	0.0000	0.0000	0.0000	0.0000	0.0000	0.0000	0.0000	0.0000	0.0000	0.0000	0.0000	0.0000											
5	139	0.6533	7	2	1	1	0	0	0	0	0	Y	N	N	N	N	N	N	N	N	N	N	N	0.0000	0.0000	0.0000	0.0000	0.0000	0.0000	0.0000	0.0000	0.0000	0.0000	0.0000	0.0000	0.0000	0.0000	0.0000	0.0000	0.0000	0.0000	0.0000	0.0000	0.0000	2.0138	2.0000	2.7349	0.0000	0.0000	0.0000	0.0000	0.0000	0.0000	0.0000	0.0000	0.0000	0.0000	0.0000	0.0000	0.0000	0.0000	0.0000	0.0000	0.0000	0.0000	0.0000	0.0000	0.0000	0.0000	0.0000	0.0000	0.0000	0.0000	0.0000	0.0181	0.0109	0.0071	0.0094	0.0084	0.0010	0.0087	0.0026	0.0061	0.0000	0.0000	0.0000	0.0000	0.0000	0.0000	0.0000	0.0000	0.0000	0.0000	0.0000	0.0000	0.0000	0.0000	0.0000	0.0000	0.0000	0.0000											
5	140	0.6698	8	1	1	1	0	0	0	0	0	N	N	N	N	N	N	N	N	N	N	N	N	0.0000	0.0000	0.0000	0.0000	0.0000	0.0000	0.0000	0.0000	0.0000	0.0000	0.0000	0.0000	0.0000	0.0000	0.0000	0.0000	0.0000	0.0000	0.0000	0.0000	0.0000	1.9232	2.0000	1.1116	0.0000	0.0000	0.0000	0.0000	0.0000	0.0000	0.0000	0.0000	0.0000	0.0000	0.0000	0.0000	0.0000	0.0000	0.0000	0.0000	0.0000	0.0000	0.0000	0.0000	0.0000	0.0000	0.0000	0.0000	0.0000	0.0000	0.0000	0.0081	0.0052	0.0029	0.0050	0.0043	0.0007	0.0031	0.0009	0.0022	0.0000	0.0000	0.0000	0.0000	0.0000	0.0000	0.0000	0.0000	0.0000	0.0000	0.0000	0.0000	0.0000	0.0000	0.0000	0.0000	0.0000	0.0000											
5	141	0.0660	4	1	1	1	0	0	0	0	0	N	N	N	N	N	N	N	N	N	N	N	N	0.0000	0.0000	0.0000	0.0000	0.0000	0.0000	0.0000	0.0000	0.0000	0.0000	0.0000	0.0000	0.0000	0.0000	0.0000	0.0000	0.0000	0.0000	0.0000	0.0000	0.0000	3.0000	2.0000	1.0000	0.0000	0.0000	0.0000	0.0000	0.0000	0.0000	0.0000	0.0000	0.0000	0.0000	0.0000	0.0000	0.0000	0.0000	0.0000	0.0000	0.0000	0.0000	0.0000	0.0000	0.0000	0.0000	0.0000	0.0000	0.0000	0.0000	0.0000	0.0212	0.0077	0.0136	0.0000	0.0000	0.0000	0.0212	0.0077	0.0136	0.0000	0.0000	0.0000	0.0000	0.0000	0.0000	0.0000	0.0000	0.0000	0.0000	0.0000	0.0000	0.0000	0.0000	0.0000	0.0000	0.0000	0.0000											
5	142	0.0468	3	1	0	1	0	0	0	0	0	N	N	N	N	N	N	N	N	N	N	N	N	0.0000	0.0000	0.0000	0.0000	0.0000	0.0000	0.0000	0.0000	0.0000	0.0000	0.0000	0.0000	0.0000	0.0000	0.0000	0.0000	0.0000	0.0000	0.0000	0.0000	0.0000	1.0000	2.0000	1.0000	0.0000	0.0000	0.0000	0.0000	0.0000	0.0000	0.0000	0.0000	0.0000	0.0000	0.0000	0.0000	0.0000	0.0000	0.0000	0.0000	0.0000	0.0000	0.0000	0.0000	0.0000	0.0000	0.0000	0.0000	0.0000	0.0000	0.0000	0.0125	0.0041	0.0084	0.0000	0.0000	0.0000	0.0125	0.0041	0.0084	0.0000	0.0000	0.0000	0.0000	0.0000	0.0000	0.0000	0.0000	0.0000	0.0000	0.0000	0.0000	0.0000	0.0000	0.0000	0.0000	0.0000	0.0000											
5	145	0.6884	10	2	1	1	0	0	0	0	0	Y	N	N	N	N	N	N	N	N	N	N	N	0.0000	0.0000	0.0000	0.0000	0.0000	0.0000	0.0000	0.0000	0.0000	0.0000	0.0000	0.0000	0.0000	0.0000	0.0000	0.0000	0.0000	0.0000	0.0000	0.0000	0.0000	1.0000	2.0000	1.0000	0.0000	0.0000	0.0000	0.0000	0.0000	0.0000	0.0000	0.0000	0.0000	0.0000	0.0000	0.0000	0.0000	0.0000	0.0000	0.0000	0.0000	0.0000	0.0000	0.0000	0.0000	0.0000	0.0000	0.0000	0.0000	0.0000	0.0000	0.0052	0.0033	0.0018	0.0032	0.0028	0.0004	0.0020	0.0006	0.0014	0.0000	0.0000	0.0000	0.0000	0.0000	0.0000	0.0000	0.0000	0.0000	0.0000	0.0000	0.0000	0.0000	0.0000	0.0000	0.0000	0.0000	0.0000											
5	146	0.6884	9	1	1	1	0	0	0	0	0	N	N	N	N	N	N	N	N	N	N	N	N	0.0000	0.0000	0.0000	0.0000	0.0000	0.0000	0.0000	0.0000	0.0000	0.0000	0.0000	0.0000	0.0000	0.0000	0.0000	0.0000	0.0000	0.0000	0.0000	0.0000	0.0000	0.0003	2.0000	0.0000	0.0000	0.0000	0.0000	0.0000	0.0000	0.0000	0.0000	0.0000	0.0000	0.0000	0.0000	0.0000	0.0000	0.0000	0.0000	0.0000	0.0000	0.0000	0.0000	0.0000	0.0000	0.0000	0.0000	0.0000	0.0000	0.0000	0.0000	0.0000	0.0000	0.0000	0.0000	0.0000	0.0000	0.0000	0.0000	0.0000	0.0000	0.0000	0.0000	0.0000	0.0000	0.0000	0.0000	0.0000	0.0000	0.0000	0.0000	0.0000	0.0000	0.0000	0.0000	0.0000	0.0000	0.0000											
5	147	0.6698	8	1	0	1	0	0	0	0	0	N	N	N	N	N	N	N	N	N	N	N	N	0.0000	0.0000	0.0000	0.0000	0.0000	0.0000	0.0000	0.0000	0.0000	0.0000	0.0000	0.0000	0.0000	0.0000	0.0000	0.0000	0.0000	0.0000	0.0000	0.0000	0.0000	4.9449	2.0000	1.0063	0.0000	0.0000	0.0000	0.0000	0.0000	0.0000	0.0000	0.0000	0.0000	0.0000	0.0000	0.0000	0.0000	0.0000	0.0000	0.0000	0.0000	0.0000	0.0000	0.0000	0.0000	0.0000	0.0000	0.0000	0.0000	0.0000	0.0000	0.0153	0.0099	0.0054	0.0094	0.0081	0.0013	0.0059	0.0017	0.0041	0.0000	0.0000	0.0000	0.0000	0.0000	0.0000	0.0000	0.0000	0.0000	0.0000	0.0000	0.0000	0.0000	0.0000	0.0000	0.0000	0.0000	0.0000											
5	148	0.6533	7	1	0	1	0	0	0	0	0	N	N	N	N	N	N	N	N	N	N	N	N	0.0000	0.0000	0.0000	0.0000	0.0000	0.0000	0.0000	0.0000	0.0000	0.0000	0.0000	0.0000	0.0000	0.0000	0.0000	0.0000	0.0000	0.0000	0.0000	0.0000	0.0000	3.4778	2.0000	1.2917	0.0000	0.0000	0.0000	0.0000	0.0000	0.0000	0.0000	0.0000	0.0000	0.0000	0.0000	0.0000	0.0000	0.0000	0.0000	0.0000	0.0000	0.0000	0.0000	0.0000	0.0000	0.0000	0.0000	0.0000	0.0000	0.0000	0.0000	0.0181	0.0110	0.0071	0.0094	0.0084	0.0010	0.0087	0.0026	0.0061	0.0000	0.0000	0.0000	0.0000	0.0000	0.0000	0.0000	0.0000	0.0000	0.0000	0.0000	0.0000	0.0000	0.0000	0.0000	0.0000	0.0000	0.0000											
5	149	0.6029	6	1	0	1	0	0	0	0	0	N	N	N	N	N	N	N	N	N	N	N	N	0.0000	0.0000	0.0000	0.0000	0.0000	0.0000	0.0000	0.0000	0.0000	0.0000	0.0000	0.0000	0.0000	0.0000	0.0000	0.0000	0.0000	0.0000	0.0000	0.0000	0.0000	7.8050	2.0000	4.0035	0.0000	0.0000	0.0000	0.0000	0.0000	0.0000	0.0000	0.0000	0.0000	0.0000	0.0000	0.0000	0.0000	0.0000	0.0000	0.0000	0.0000	0.0000	0.0000	0.0000	0.0000	0.0000	0.0000	0.0000	0.0000	0.0000	0.0000	0.0341	0.0203	0.0138	0.0170	0.0146	0.0024	0.0171	0.0057	0.0114	0.0000	0.0000	0.0000	0.0000	0.0000	0.0000	0.0000	0.0000	0.0000	0.0000	0.0000	0.0000	0.0000	0.0000	0.0000	0.0000	0.0000	0.0000											
5	150	0.5083	6	1	0	1	0	0	0	0	0	N	N	N	N	N	N	N	N	N	N	N	N	0.0000	0.0000	0.0000	0.0000	0.0000	0.0000	0.0000	0.0000	0.0000	0.0000	0.0000	0.0000	0.0000	0.0000	0.0000	0.0000	0.0000	0.0000	0.0000	0.0000	0.0000	3.7255	2.0000	14.1767	0.0000	0.0000	0.0000	0.0000	0.0000	0.0000	0.0000	0.0000	0.0000	0.0000	0.0000	0.0000	0.0000	0.0000	0.0000	0.0000	0.0000	0.0000	0.0000	0.0000	0.0000	0.0000	0.0000	0.0000	0.0000	0.0000	0.0000	0.0590	0.0336	0.0254	0.0242	0.0214	0.0029	0.0347	0.0122	0.0225	0.0000	0.0000	0.0000	0.0000	0.0000	0.0000	0.0000	0.0000	0.0000	0.0000	0.0000	0.0000	0.0000	0.0000	0.0000	0.0000	0.0000	0.0000											
5	151	0.4919	5	1	0	1	0	0	0	0	0	N	N	N	N	N	N	N	N	N	N	N	N	0.0000	0.0000	0.0000	0.0000	0.0000	0.0000	0.0000	0.0000	0.0000	0.0000	0.0000	0.0000	0.0000	0.0000	0.0000	0.0000	0.0000	0.0000	0.0000	0.0000	0.0000	1.4205	2.0000	4.0377	0.0000	0.0000	0.0000	0.0000	0.0000	0.0000	0.0000	0.0000	0.0000	0.0000	0.0000	0.0000	0.0000	0.0000	0.0000	0.0000	0.0000	0.0000	0.0000	0.0000	0.0000	0.0000	0.0000	0.0000	0.0000	0.0000	0.0000	0.0320	0.0191	0.0129	0.0142	0.0131	0.0011	0.0178	0.0060	0.0118	0.0000	0.0000	0.0000	0.0000	0.0000	0.0000	0.0000	0.0000	0.0000	0.0000	0.0000	0.0000	0.0000	0.0000	0.0000	0.0000	0.0000	0.0000											
6	7	0.6185	5	0	2	0	0	0	0	0	0	N	Y	N	N	N	N	N	N	N	N	N	N	0.0150	0.0119	0.0262	0.0322	0.0001	0.0001	0.0000	0.0001	0.0002	0.0000	0.0000	0.0000	0.0000	0.0072	0.0100	0.0000	0.0055	0.0048	0.0000	0.0000	0.0000	0.0000	0.0000	0.0000	-0.0000	-0.0000	2.9996	1.4589	1.0000	1.1370	0.0000	0.0000	0.0000	0.0000	0.0000	0.0000	0.0000	0.0000	0.0000	0.0000	0.0000	0.0000	0.0000	0.0000	0.0000	0.0000	0.0000	0.0000	0.2948	0.2705	0.0243	0.2234	0.2095	0.0139	0.0714	0.0610	0.0104	0.0297	0.0184	0.0114	0.0148	0.0138	0.0010	0.0149	0.0045	0.0104	0.1079	0.0727	0.0000	0.0710	0.0706	0.0000	0.0000	0.0000	0.0000	0.0010	0.0016	0.0000	0.0020	0.0022	0.0000	0.0000	0.0000	0.0000					
6	8	0.6380	8	0	1	1	1	0	0	0	0	N	N	N	N	N	N	N	N	N	N	N	N	0.0000	0.0000	0.0000	0.0000	0.0000	0.0000	0.0000	0.0000	0.0000	0.0000	0.0000	0.0000	0.0000	0.0000	0.0000	0.0000	0.0000	0.0000	0.0000	0.0000	2.9996	0.0000	1.0000	0.0000	0.0000	0.0000	0.0000	0.0000	0.0000	0.0000	0.0000	0.0000	0.0000	0.0000	0.0000	0.0000	0.0000	0.0000	0.0000	0.0000	0.0000	0.0000	0.0000	0.0000	0.0000	0.0000	0.0000	0.0000	0.0000	0.0000	0.0000	0.0000	0.0000	0.0000	0.0000	0.0000	0.0000	0.0000	0.0000	0.0000	0.0000	0.0000	0.0000	0.0000	0.0000	0.0000	0.0000	0.0000	0.0000	0.0000	0.0000	0.0000	0.0000	0.0000	0.0000	0.0000	0.0000	0.0000											
6	9	0.0862	5	0	1	1	1	0	0	0	0	N	N	N	N	N	N	N	N	N	N	N	N	0.0000	0.0000	0.0000	0.0000	0.0000	0.0000	0.0000	0.0000	0.0000	0.0000	0.0000	0.0000	0.0000	0.0000	0.0000	0.0000	0.0000	0.0000	0.0000	0.0000	2.9996	0.0000	1.0000	2.0000	0.0000	0.0000	0.0000	0.0000	0.0000	0.0000	0.0000	0.0000	0.0000	0.0000	0.0000	0.0000	0.0000	0.0000	0.0000	0.0000	0.0000	0.0000	0.0000	0.0000	0.0000	0.0000	0.0000	0.0000	0.0000	0.0000	0.0000	0.0296	0.0171	0.0126	0.0097	0.0072	0.0024	0.0199	0.0098	0.0101	0.0000	0.0000	0.0000	0.0000	0.0000	0.0000	0.0000	0.0000	0.0000	0.0000	0.0000	0.0000	0.0000	0.0000	0.0000	0.0000	0.0000	0.0000											
6	10	0.6130	5	1	2	0	0	0	0	0	0	N	Y	N	N	N	N	N	N	N	N	N	N	0.0000	0.0000	0.0000	0.0000	0.0000	0.0000	0.0000	0.0000	0.0000	0.0000	0.0000	0.0000	0.0000	0.0000	0.0000	0.0000	0.0000	0.0000	0.0000	0.0000	2.9996	0.0266	1.0000	2.0614	0.0000	0.0000	0.0000	0.0000	0.0000	0.0000	0.0000	0.0000	0.0000	0.0000	0.0000	0.0000	0.0000	0.0000	0.0000	0.0000	0.0000	0.0000	0.0094	0.0086	0.0008	0.0060	0.0056	0.0004	0.0034	0.0031	0.0004	0.0199	0.0104	0.0095	0.0079	0.0069	0.0010	0.0120	0.0035	0.0085	0.0000	0.0000	0.0000	0.0000	0.0000	0.0000	0.0000	0.0000	0.0000	0.0000	0.0000	0.0000	0.0000	0.0000	0.0000	0.0000	0.0000	0.0000											
6	11	0.0701	2	1	2	0	0	0	0	0	0	N	Y	N	N	N	N	N	N	N	N	N	N	inf	inf	inf	inf	1.6367	1.8196	0.0000	3.4492	3.6789	0.0000	0.0000	0.0000	0.0000	0.0000	0.0000	0.0000	0.0000	0.0000	0.0000	0.0000	0.0000	0.0000	0.0000	-0.2602	0.0000	2.9996	6.9996	1.0000	1.0001	1.0000	1.0000	0.0000	1.0000	1.0000	0.0000	0.0000	0.0000	0.0000	0.0000	0.0000	0.0000	0.0000	0.0000	0.0000	0.0000	0.0000	0.0000	0.6110	0.5496	0.0614	0.2899	0.2718	0.0181	0.3211	0.2777	0.0433	0.0564	0.0234	0.0330	0.0005	0.0004	0.0000	0.0559	0.0229	0.0330	inf	inf	0.0000	inf	inf	0.0000	0.0000	0.0000	0.0000	0.0000	0.0000	0.0000	0.0000	0.0000	0.0000	0.0000	0.0000	0.0000						
6	12	0.6136	5	1	1	1	0	0	0	0	0	N	N	N	N	N	N	N	N	N	N	N	N	0.0000	0.0000	0.0000	0.0000	0.0000	0.0000	0.0000	0.0000	0.0000	0.0000	0.0000	0.0000	0.0000	0.0000	0.0000	0.0000	0.0000	0.0000	0.0000	0.0000	2.9996	0.0000	1.0000	1.0091	0.0000	0.0000	0.0000	0.0000	0.0000	0.0000	0.0000	0.0000	0.0000	0.0000	0.0000	0.0000	0.0000	0.0000	0.0000	0.0000	0.0000	0.0000	0.0000	0.0000	0.0000	0.0000	0.0000	0.0000	0.0000	0.0000	0.0000	0.0064	0.0038	0.0026	0.0031	0.0027	0.0004	0.0033	0.0011	0.0022	0.0000	0.0000	0.0000	0.0000	0.0000	0.0000	0.0000	0.0000	0.0000	0.0000	0.0000	0.0000	0.0000	0.0000	0.0000	0.0000	0.0000	0.0000											
6	13	0.0913	6	1	1	1	0	0	0	0	0	N	N	N	N	N	N	N	N	N	N	N	N	0.0000	0.0000	0.0000	0.0000	0.0000	0.0000	0.0000	0.0000	0.0000	0.0000	0.0000	0.0000	0.0000	0.0000	0.0000	0.0000	0.0000	0.0000	0.0000	0.0000	2.9996	0.0000	1.0000	0.0000	0.0000	0.0000	0.0000	0.0000	0.0000	0.0000	0.0000	0.0000	0.0000	0.0000	0.0000	0.0000	0.0000	0.0000	0.0000	0.0000	0.0000	0.0000	0.0000	0.0000	0.0000	0.0000	0.0000	0.0000	0.0000	0.0000	0.0000	0.0000	0.0000	0.0000	0.0000	0.0000	0.0000	0.0000	0.0000	0.0000	0.0000	0.0000	0.0000	0.0000	0.0000	0.0000	0.0000	0.0000	0.0000	0.0000	0.0000	0.0000	0.0000	0.0000	0.0000	0.0000	0.0000	0.0000											
6	14	0.0913	5	1	1	1	0	0	0	0	0	N	N	N	N	N	N	N	N	N	N	N	N	0.0000	0.0000	0.0000	0.0000	0.0000	0.0000	0.0000	0.0000	0.0000	0.0000	0.0000	0.0000	0.0000	0.0000	0.0000	0.0000	0.0000	0.0000	0.0000	0.0000	2.9996	0.0000	1.0000	0.0000	0.0000	0.0000	0.0000	0.0000	0.0000	0.0000	0.0000	0.0000	0.0000	0.0000	0.0000	0.0000	0.0000	0.0000	0.0000	0.0000	0.0000	0.0000	0.0000	0.0000	0.0000	0.0000	0.0000	0.0000	0.0000	0.0000	0.0000	0.0000	0.0000	0.0000	0.0000	0.0000	0.0000	0.0000	0.0000	0.0000	0.0000	0.0000	0.0000	0.0000	0.0000	0.0000	0.0000	0.0000	0.0000	0.0000	0.0000	0.0000	0.0000	0.0000	0.0000	0.0000	0.0000	0.0000											
6	15	0.6334	6	1	2	0	1	0	0	0	0	N	Y	N	N	N	N	N	N	N	N	N	N	inf	inf	inf	inf	6.4200	7.0708	0.0000	8.2755	8.9279	0.0000	0.0000	0.0000	0.0000	0.0000	0.0000	0.0000	0.0000	0.0000	0.0000	0.0000	0.0000	0.0000	0.0000	-0.2597	0.0000	2.9996	1.0049	1.0000	0.9915	0.9983	0.9983	0.0000	0.9983	0.9983	0.0000	0.0000	0.0000	0.0000	0.0000	0.0000	0.0000	0.0000	0.0000	0.0000	0.0000	0.0000	0.0000	0.1555	0.1412	0.0143	0.1206	0.1118	0.0088	0.0349	0.0294	0.0055	0.0122	0.0065	0.0057	0.0047	0.0040	0.0007	0.0076	0.0025	0.0051	inf	inf	0.0000	inf	inf	0.0000	0.0000	0.0000	0.0000	0.0000	0.0000	0.0000	0.0000	0.0000	0.0000	0.0000	0.0000	0.0000						
6	16	0.1240	5	1	2	0	1	0	0	0	0	N	Y	N	N	N	N	N	N	N	N	N	N	0.0000	0.0000	0.0000	0.0000	0.0000	0.0000	0.0000	0.0000	0.0000	0.0000	0.0000	0.0000	0.0000	0.0000	0.0000	0.0000	0.0000	0.0000	0.0000	0.0000	2.9996	2.0025	1.0000	0.0085	0.0000	0.0000	0.0000	0.0000	0.0000	0.0000	0.0000	0.0000	0.0000	0.0000	0.0000	0.0000	0.0000	0.0000	0.0000	0.0000	0.0000	0.0000	0.1947	0.1738	0.0209	0.1054	0.0970	0.0084	0.0893	0.0768	0.0125	0.0125	0.0048	0.0076	0.0003	0.0003	0.0000	0.0122	0.0045	0.0076	0.0000	0.0000	0.0000	0.0000	0.0000	0.0000	0.0000	0.0000	0.0000	0.0000	0.0000	0.0000	0.0000	0.0000	0.0000	0.0000	0.0000	0.0000											
6	17	0.6197	7	1	1	1	0	0	0	0	0	N	N	N	N	N	N	N	N	N	N	N	N	0.0000	0.0000	0.0000	0.0000	0.0000	0.0000	0.0000	0.0000	0.0000	0.0000	0.0000	0.0000	0.0000	0.0000	0.0000	0.0000	0.0000	0.0000	0.0000	0.0000	2.9996	0.0000	1.0000	0.0000	0.0000	0.0000	0.0000	0.0000	0.0000	0.0000	0.0000	0.0000	0.0000	0.0000	0.0000	0.0000	0.0000	0.0000	0.0000	0.0000	0.0000	0.0000	0.0000	0.0000	0.0000	0.0000	0.0000	0.0000	0.0000	0.0000	0.0000	0.0000	0.0000	0.0000	0.0000	0.0000	0.0000	0.0000	0.0000	0.0000	0.0000	0.0000	0.0000	0.0000	0.0000	0.0000	0.0000	0.0000	0.0000	0.0000	0.0000	0.0000	0.0000	0.0000	0.0000	0.0000	0.0000	0.0000											
6	18	0.0747	2	0	1	1	0	0	0	0	0	N	N	N	N	N	N	N	N	N	N	N	N	0.0000	0.0000	0.0000	0.0000	0.0000	0.0000	0.0000	0.0000	0.0000	0.0000	0.0000	0.0000	0.0000	0.0000	0.0000	0.0000	0.0000	0.0000	0.0000	0.0000	2.9996	0.0000	1.0000	0.0000	0.0000	0.0000	0.0000	0.0000	0.0000	0.0000	0.0000	0.0000	0.0000	0.0000	0.0000	0.0000	0.0000	0.0000	0.0000	0.0000	0.0000	0.0000	0.0000	0.0000	0.0000	0.0000	0.0000	0.0000	0.0000	0.0000	0.0000	0.0000	0.0000	0.0000	0.0000	0.0000	0.0000	0.0000	0.0000	0.0000	0.0000	0.0000	0.0000	0.0000	0.0000	0.0000	0.0000	0.0000	0.0000	0.0000	0.0000	0.0000	0.0000	0.0000	0.0000	0.0000	0.0000	0.0000											
6	19	0.5850	4	1	2	0	0	0	0	0	0	N	Y	N	N	N	N	N	N	N	N	N	N	0.0000	0.0000	0.0000	0.0000	0.0000	0.0000	0.0000	0.0000	0.0000	0.0000	0.0000	0.0000	0.0000	0.0000	0.0000	0.0000	0.0000	0.0000	0.0000	0.0000	2.9996	3.0000	1.0000	0.0000	0.0000	0.0000	0.0000	0.0000	0.0000	0.0000	0.0000	0.0000	0.0000	0.0000	0.0000	0.0000	0.0000	0.0000	0.0000	0.0000	0.0000	0.0000	0.2086	0.1881	0.0205	0.1301	0.1209	0.0092	0.0785	0.0672	0.0113	0.0118	0.0058	0.0060	0.0037	0.0032	0.0006	0.0080	0.0026	0.0054	0.0000	0.0000	0.0000	0.0000	0.0000	0.0000	0.0000	0.0000	0.0000	0.0000	0.0000	0.0000	0.0000	0.0000	0.0000	0.0000	0.0000	0.0000											
6	20	0.6074	5	0	2	0	0	0	0	0	0	N	Y	N	N	N	N	N	N	N	N	N	N	0.0000	0.0000	0.0000	0.0000	0.0000	0.0000	0.0000	0.0000	0.0000	0.0000	0.0000	0.0000	0.0000	0.0000	0.0000	0.0000	0.0000	0.0000	0.0000	0.0000	2.9996	0.0000	1.0000	1.0000	0.0000	0.0000	0.0000	0.0000	0.0000	0.0000	0.0000	0.0000	0.0000	0.0000	0.0000	0.0000	0.0000	0.0000	0.0000	0.0000	0.0000	0.0000	0.0000	0.0000	0.0000	0.0000	0.0000	0.0000	0.0000	0.0000	0.0000	0.0069	0.0039	0.0030	0.0031	0.0026	0.0004	0.0039	0.0013	0.0026	0.0000	0.0000	0.0000	0.0000	0.0000	0.0000	0.0000	0.0000	0.0000	0.0000	0.0000	0.0000	0.0000	0.0000	0.0000	0.0000	0.0000	0.0000											
6	21	0.6334	6	0	1	0	1	0	0	0	0	N	N	N	N	N	N	N	N	N	N	N	N	inf	inf	inf	inf	inf	inf	0.0059	0.0000	0.0641	0.0078	0.0000	0.1060	0.0000	0.0000	0.0000	0.0000	0.0000	0.0000	0.0000	0.0000	0.0000	0.0000	0.0000	0.0000	187912.0879	0.0013	0.0000	2.9996	2.0045	1.0000	0.0106	0.0017	0.0000	0.0017	0.0017	0.0000	0.0017	0.0000	0.0000	0.0000	0.0000	0.0000	0.0000	0.0000	0.0000	0.0000	0.0000	0.0000	0.0000	0.2880	0.2614	0.0267	0.2206	0.2045	0.0161	0.0674	0.0569	0.0106	0.0123	0.0065	0.0058	0.0047	0.0040	0.0007	0.0076	0.0025	0.0051	inf	inf	inf	inf	inf	inf	0.0000	0.0000	0.0000	0.0000	0.0000	0.0000	0.0000	0.0000	0.0000	0.0000	0.0000	0.0000				
6	22	0.6042	5	0	1	0	1	0	0	0	0	N	N	N	N	N	N	N	N	N	N	N	N	inf	inf	inf	inf	0.0055	0.0061	0.0000	0.0079	0.0085	0.0000	0.0000	0.0000	0.0000	0.0000	0.0000	0.0000	0.0000	0.0000	0.0000	0.0000	0.0000	0.0000	0.0000	-0.0005	0.0000	2.9996	1.9989	1.0000	1.0099	0.0018	0.0018	0.0000	0.0018	0.0018	0.0000	0.0000	0.0000	0.0000	0.0000	0.0000	0.0000	0.0000	0.0000	0.0000	0.0000	0.0000	0.0000	0.3216	0.2921	0.0296	0.2263	0.2103	0.0159	0.0954	0.0817	0.0136	0.0211	0.0104	0.0107	0.0068	0.0058	0.0010	0.0143	0.0046	0.0097	inf	inf	0.0000	inf	inf	0.0000	0.0000	0.0000	0.0000	0.0000	0.0000	0.0000	0.0000	0.0000	0.0000	0.0000	0.0000	0.0000						
6	23	0.0709	4	0	2	0	1	0	0	0	0	N	Y	N	N	N	N	N	N	N	N	N	N	0.0000	0.0000	0.0000	0.0000	0.0000	0.0000	0.0000	0.0000	0.0000	0.0000	0.0000	0.0000	0.0000	0.0000	0.0000	0.0000	0.0000	0.0000	0.0000	0.0000	2.9996	0.0000	1.0000	1.0024	0.0000	0.0000	0.0000	0.0000	0.0000	0.0000	0.0000	0.0000	0.0000	0.0000	0.0000	0.0000	0.0000	0.0000	0.0000	0.0000	0.0000	0.0000	0.0000	0.0000	0.0000	0.0000	0.0000	0.0000	0.0000	0.0000	0.0000	0.0427	0.0295	0.0132	0.0186	0.0174	0.0012	0.0241	0.0122	0.0119	0.0000	0.0000	0.0000	0.0000	0.0000	0.0000	0.0000	0.0000	0.0000	0.0000	0.0000	0.0000	0.0000	0.0000	0.0000	0.0000	0.0000	0.0000											
6	24	0.6074	5	0	2	0	0	0	0	0	0	N	Y	N	N	N	N	N	N	N	N	N	N	0.0000	0.0000	0.0000	0.0000	0.0000	0.0000	0.0000	0.0000	0.0000	0.0000	0.0000	0.0000	0.0000	0.0000	0.0000	0.0000	0.0000	0.0000	0.0000	0.0000	2.9996	0.0000	1.0000	0.0000	0.0000	0.0000	0.0000	0.0000	0.0000	0.0000	0.0000	0.0000	0.0000	0.0000	0.0000	0.0000	0.0000	0.0000	0.0000	0.0000	0.0000	0.0000	0.0000	0.0000	0.0000	0.0000	0.0000	0.0000	0.0000	0.0000	0.0000	0.0000	0.0000	0.0000	0.0000	0.0000	0.0000	0.0000	0.0000	0.0000	0.0000	0.0000	0.0000	0.0000	0.0000	0.0000	0.0000	0.0000	0.0000	0.0000	0.0000	0.0000	0.0000	0.0000	0.0000	0.0000	0.0000	0.0000											
6	25	0.1026	4	0	2	0	0	0	0	0	0	N	Y	N	N	N	N	N	N	N	N	N	N	0.0000	0.0000	0.0000	0.0000	0.0000	0.0000	0.0000	0.0000	0.0000	0.0000	0.0000	0.0000	0.0000	0.0000	0.0000	0.0000	0.0000	0.0000	0.0000	0.0000	2.9996	0.9998	1.0000	0.0242	0.0000	0.0000	0.0000	0.0000	0.0000	0.0000	0.0000	0.0000	0.0000	0.0000	0.0000	0.0000	0.0000	0.0000	0.0000	0.0000	0.0000	0.0000	0.0965	0.0874	0.0091	0.0484	0.0458	0.0027	0.0481	0.0416	0.0064	0.0079	0.0035	0.0045	0.0004	0.0004	0.0000	0.0075	0.0031	0.0044	0.0000	0.0000	0.0000	0.0000	0.0000	0.0000	0.0000	0.0000	0.0000	0.0000	0.0000	0.0000	0.0000	0.0000	0.0000	0.0000	0.0000	0.0000											
6	26	0.1403	7	0	2	0	1	0	0	0	0	N	Y	N	N	N	N	N	N	N	N	N	N	0.0000	0.0000	0.0000	0.0000	0.0000	0.0000	0.0000	0.0000	0.0000	0.0000	0.0000	0.0000	0.0000	0.0000	0.0000	0.0000	0.0000	0.0000	0.0000	0.0000	2.9996	0.0000	1.0000	0.0000	0.0000	0.0000	0.0000	0.0000	0.0000	0.0000	0.0000	0.0000	0.0000	0.0000	0.0000	0.0000	0.0000	0.0000	0.0000	0.0000	0.0000	0.0000	0.0000	0.0000	0.0000	0.0000	0.0000	0.0000	0.0000	0.0000	0.0000	0.0000	0.0000	0.0000	0.0000	0.0000	0.0000	0.0000	0.0000	0.0000	0.0000	0.0000	0.0000	0.0000	0.0000	0.0000	0.0000	0.0000	0.0000	0.0000	0.0000	0.0000	0.0000	0.0000	0.0000	0.0000	0.0000	0.0000											
6	27	0.6311	5	1	2	0	0	0	0	0	0	N	Y	N	N	N	N	N	N	N	N	N	N	0.0027	0.0016	0.0026	0.0030	0.0000	0.0000	0.0000	0.0000	0.0000	0.0000	0.0000	0.0000	0.0000	0.0005	0.0010	0.0000	0.0011	0.0010	0.0000	0.0000	0.0000	0.0000	0.0000	0.0000	-0.0000	-0.0000	2.9996	0.0418	1.0000	6.1659	0.0000	0.0000	0.0000	0.0000	0.0000	0.0000	0.0000	0.0000	0.0000	0.0000	0.0000	0.0000	0.0000	0.0000	0.0000	0.0000	0.0000	0.0000	0.0129	0.0119	0.0009	0.0065	0.0064	0.0001	0.0064	0.0056	0.0008	0.0435	0.0265	0.0170	0.0212	0.0187	0.0025	0.0223	0.0078	0.0145	0.0064	0.0042	0.0000	0.0062	0.0055	0.0000	0.0000	0.0000	0.0000	0.0002	0.0004	0.0000	0.0005	0.0005	0.0000	0.0000	0.0000	0.0000					
6	28	0.6380	8	0	1	0	1	0	0	0	0	N	N	N	N	N	N	N	N	N	N	N	N	0.0000	0.0000	0.0000	0.0000	0.0000	0.0000	0.0000	0.0000	0.0000	0.0000	0.0000	0.0000	0.0000	0.0000	0.0000	0.0000	0.0000	0.0000	0.0000	0.0000	2.9996	1.5398	1.0000	1.0296	0.0000	0.0000	0.0000	0.0000	0.0000	0.0000	0.0000	0.0000	0.0000	0.0000	0.0000	0.0000	0.0000	0.0000	0.0000	0.0000	0.0000	0.0000	0.1647	0.1490	0.0157	0.1128	0.1056	0.0072	0.0519	0.0434	0.0084	0.0149	0.0092	0.0056	0.0075	0.0066	0.0010	0.0073	0.0027	0.0047	0.0000	0.0000	0.0000	0.0000	0.0000	0.0000	0.0000	0.0000	0.0000	0.0000	0.0000	0.0000	0.0000	0.0000	0.0000	0.0000	0.0000	0.0000											
6	29	0.6329	7	0	1	0	1	0	0	0	0	N	N	N	N	N	N	N	N	N	N	N	N	0.0000	0.0000	0.0000	0.0000	0.0000	0.0000	0.0000	0.0000	0.0000	0.0000	0.0000	0.0000	0.0000	0.0000	0.0000	0.0000	0.0000	0.0000	0.0000	0.0000	2.9996	0.8816	1.0000	0.0702	0.0000	0.0000	0.0000	0.0000	0.0000	0.0000	0.0000	0.0000	0.0000	0.0000	0.0000	0.0000	0.0000	0.0000	0.0000	0.0000	0.0000	0.0000	0.1517	0.1390	0.0127	0.0839	0.0805	0.0035	0.0678	0.0585	0.0093	0.0064	0.0041	0.0023	0.0032	0.0028	0.0004	0.0032	0.0013	0.0020	0.0000	0.0000	0.0000	0.0000	0.0000	0.0000	0.0000	0.0000	0.0000	0.0000	0.0000	0.0000	0.0000	0.0000	0.0000	0.0000	0.0000	0.0000											
6	30	0.0862	5	0	1	0	1	0	0	0	0	N	N	N	N	N	N	N	N	N	N	N	N	0.0000	0.0000	0.0000	0.0000	0.0000	0.0000	0.0000	0.0000	0.0000	0.0000	0.0000	0.0000	0.0000	0.0000	0.0000	0.0000	0.0000	0.0000	0.0000	0.0000	2.9996	0.0000	1.0000	0.0000	0.0000	0.0000	0.0000	0.0000	0.0000	0.0000	0.0000	0.0000	0.0000	0.0000	0.0000	0.0000	0.0000	0.0000	0.0000	0.0000	0.0000	0.0000	0.0000	0.0000	0.0000	0.0000	0.0000	0.0000	0.0000	0.0000	0.0000	0.0000	0.0000	0.0000	0.0000	0.0000	0.0000	0.0000	0.0000	0.0000	0.0000	0.0000	0.0000	0.0000	0.0000	0.0000	0.0000	0.0000	0.0000	0.0000	0.0000	0.0000	0.0000	0.0000	0.0000	0.0000	0.0000	0.0000											
6	31	0.0930	3	1	1	1	0	0	0	0	0	N	N	N	N	N	N	N	N	N	N	N	N	0.0000	0.0000	0.0000	0.0000	0.0000	0.0000	0.0000	0.0000	0.0000	0.0000	0.0000	0.0000	0.0000	0.0000	0.0000	0.0000	0.0000	0.0000	0.0000	0.0000	2.9996	0.0000	1.0000	0.0000	0.0000	0.0000	0.0000	0.0000	0.0000	0.0000	0.0000	0.0000	0.0000	0.0000	0.0000	0.0000	0.0000	0.0000	0.0000	0.0000	0.0000	0.0000	0.0000	0.0000	0.0000	0.0000	0.0000	0.0000	0.0000	0.0000	0.0000	0.0000	0.0000	0.0000	0.0000	0.0000	0.0000	0.0000	0.0000	0.0000	0.0000	0.0000	0.0000	0.0000	0.0000	0.0000	0.0000	0.0000	0.0000	0.0000	0.0000	0.0000	0.0000	0.0000	0.0000	0.0000	0.0000	0.0000											
6	34	0.0701	2	1	2	0	0	0	0	0	0	N	Y	N	N	N	N	N	N	N	N	N	N	inf	inf	inf	inf	1.2346	1.3740	0.0000	2.7100	2.8917	0.0000	0.0000	0.0000	0.0000	0.0000	0.0000	0.0000	0.0000	0.0000	0.0000	0.0000	0.0000	0.0000	0.0000	-0.2602	0.0000	2.9996	10.0001	1.0000	4.0001	1.0001	1.0001	0.0000	1.0001	1.0001	0.0000	0.0000	0.0000	0.0000	0.0000	0.0000	0.0000	0.0000	0.0000	0.0000	0.0000	0.0000	0.0000	0.8100	0.7279	0.0822	0.3690	0.3458	0.0232	0.4410	0.3820	0.0590	0.0928	0.0388	0.0539	0.0008	0.0007	0.0000	0.0920	0.0381	0.0539	inf	inf	0.0000	inf	inf	0.0000	0.0000	0.0000	0.0000	0.0000	0.0000	0.0000	0.0000	0.0000	0.0000	0.0000	0.0000	0.0000						
6	36	0.5850	4	0	2	0	0	0	0	0	0	N	Y	N	N	N	N	N	N	N	N	N	N	inf	inf	inf	inf	4.7948	5.3168	0.0000	7.6885	8.2750	0.0000	0.0000	0.0000	0.0000	0.0000	0.0000	0.0000	0.0000	0.0000	0.0000	0.0000	0.0000	0.0000	0.0000	-0.2602	0.0000	2.9996	3.0000	1.0000	3.0000	1.0001	1.0001	0.0000	1.0001	1.0001	0.0000	0.0000	0.0000	0.0000	0.0000	0.0000	0.0000	0.0000	0.0000	0.0000	0.0000	0.0000	0.0000	0.2086	0.1881	0.0205	0.1301	0.1209	0.0092	0.0785	0.0672	0.0113	0.0227	0.0112	0.0115	0.0073	0.0062	0.0011	0.0154	0.0050	0.0104	inf	inf	0.0000	inf	inf	0.0000	0.0000	0.0000	0.0000	0.0000	0.0000	0.0000	0.0000	0.0000	0.0000	0.0000	0.0000	0.0000						
6	37	0.0590	2	1	2	0	0	0	0	0	0	N	Y	N	N	N	N	N	N	N	N	N	N	0.0000	0.0000	0.0000	0.0000	0.0000	0.0000	0.0000	0.0000	0.0000	0.0000	0.0000	0.0000	0.0000	0.0000	0.0000	0.0000	0.0000	0.0000	0.0000	0.0000	2.9996	4.2779	1.0000	3.9542	0.0000	0.0000	0.0000	0.0000	0.0000	0.0000	0.0000	0.0000	0.0000	0.0000	0.0000	0.0000	0.0000	0.0000	0.0000	0.0000	0.0000	0.0000	0.4976	0.4403	0.0573	0.0429	0.0414	0.0014	0.4547	0.3989	0.0559	0.1038	0.0558	0.0480	0.0029	0.0029	0.0000	0.1009	0.0529	0.0479	0.0000	0.0000	0.0000	0.0000	0.0000	0.0000	0.0000	0.0000	0.0000	0.0000	0.0000	0.0000	0.0000	0.0000	0.0000	0.0000	0.0000	0.0000											
6	38	0.6516	8	1	2	0	0	0	0	0	0	N	Y	N	N	N	N	N	N	N	N	N	N	inf	inf	inf	inf	0.0003	0.0003	0.0000	0.0005	0.0005	0.0000	0.0000	0.0000	0.0000	0.0000	0.0000	0.0000	0.0000	0.0000	0.0000	0.0000	0.0000	0.0000	0.0000	-0.0000	0.0000	2.9996	2.8243	1.0000	1.0201	0.0001	0.0001	0.0000	0.0001	0.0001	0.0000	0.0000	0.0000	0.0000	0.0000	0.0000	0.0000	0.0000	0.0000	0.0000	0.0000	0.0000	0.0000	0.2702	0.2414	0.0288	0.1484	0.1382	0.0102	0.1218	0.1032	0.0186	0.0236	0.0138	0.0098	0.0102	0.0090	0.0012	0.0134	0.0049	0.0086	inf	inf	0.0000	inf	inf	0.0000	0.0000	0.0000	0.0000	0.0000	0.0000	0.0000	0.0000	0.0000	0.0000	0.0000	0.0000	0.0000						
6	39	0.0701	2	0	2	0	0	0	0	0	0	N	Y	N	N	N	N	N	N	N	N	N	N	inf	inf	inf	inf	2.1699	2.4102	0.0000	4.4409	4.7347	0.0000	0.0000	0.0000	0.0000	0.0000	0.0000	0.0000	0.0000	0.0000	0.0000	0.0000	0.0000	0.0000	0.0000	-0.2602	0.0000	2.9996	5.0001	1.0000	5.0000	1.0000	1.0000	0.0000	1.0000	1.0000	0.0000	0.0000	0.0000	0.0000	0.0000	0.0000	0.0000	0.0000	0.0000	0.0000	0.0000	0.0000	0.0000	0.4608	0.4149	0.0459	0.2252	0.2112	0.0140	0.2357	0.2037	0.0320	0.0690	0.0287	0.0403	0.0006	0.0006	0.0000	0.0684	0.0282	0.0403	inf	inf	0.0000	inf	inf	0.0000	0.0000	0.0000	0.0000	0.0000	0.0000	0.0000	0.0000	0.0000	0.0000	0.0000	0.0000	0.0000						
6	40	0.6074	5	0	2	0	0	0	0	0	0	N	Y	N	N	N	N	N	N	N	N	N	N	0.0000	0.0000	0.0000	0.0000	0.0000	0.0000	0.0000	0.0000	0.0000	0.0000	0.0000	0.0000	0.0000	0.0000	0.0000	0.0000	0.0000	0.0000	0.0000	0.0000	2.9996	0.0000	1.0000	2.0000	0.0000	0.0000	0.0000	0.0000	0.0000	0.0000	0.0000	0.0000	0.0000	0.0000	0.0000	0.0000	0.0000	0.0000	0.0000	0.0000	0.0000	0.0000	0.0000	0.0000	0.0000	0.0000	0.0000	0.0000	0.0000	0.0000	0.0000	0.0137	0.0077	0.0060	0.0061	0.0052	0.0009	0.0076	0.0025	0.0051	0.0000	0.0000	0.0000	0.0000	0.0000	0.0000	0.0000	0.0000	0.0000	0.0000	0.0000	0.0000	0.0000	0.0000	0.0000	0.0000	0.0000	0.0000											
6	41	0.0701	2	0	2	0	0	0	0	0	0	N	Y	N	N	N	N	N	N	N	N	N	N	inf	inf	inf	inf	1.8593	2.0662	0.0000	3.8622	4.1186	0.0000	0.0000	0.0000	0.0000	0.0000	0.0000	0.0000	0.0000	0.0000	0.0000	0.0000	0.0000	0.0000	0.0000	-0.2602	0.0000	2.9996	5.9998	1.0000	3.0000	1.0001	1.0001	0.0000	1.0001	1.0001	0.0000	0.0000	0.0000	0.0000	0.0000	0.0000	0.0000	0.0000	0.0000	0.0000	0.0000	0.0000	0.0000	0.5379	0.4840	0.0539	0.2589	0.2428	0.0161	0.2789	0.2412	0.0377	0.0628	0.0261	0.0367	0.0005	0.0005	0.0000	0.0622	0.0256	0.0367	inf	inf	0.0000	inf	inf	0.0000	0.0000	0.0000	0.0000	0.0000	0.0000	0.0000	0.0000	0.0000	0.0000	0.0000	0.0000	0.0000						
6	42	0.6735	9	0	2	1	1	0	0	0	0	N	Y	N	N	N	N	N	N	N	N	N	N	0.0000	0.0000	0.0000	0.0000	0.0000	0.0000	0.0000	0.0000	0.0000	0.0000	0.0000	0.0000	0.0000	0.0000	0.0000	0.0000	0.0000	0.0000	0.0000	0.0000	2.9996	0.0011	1.0000	1.0134	0.0000	0.0000	0.0000	0.0000	0.0000	0.0000	0.0000	0.0000	0.0000	0.0000	0.0000	0.0000	0.0000	0.0000	0.0000	0.0000	0.0000	0.0000	0.0003	0.0003	0.0000	0.0003	0.0002	0.0000	0.0001	0.0001	0.0000	0.0069	0.0041	0.0028	0.0028	0.0026	0.0003	0.0041	0.0015	0.0025	0.0000	0.0000	0.0000	0.0000	0.0000	0.0000	0.0000	0.0000	0.0000	0.0000	0.0000	0.0000	0.0000	0.0000	0.0000	0.0000	0.0000	0.0000											
6	43	0.6516	8	0	1	0	1	0	0	0	0	N	N	N	N	N	N	N	N	N	N	N	N	inf	inf	inf	inf	0.0000	0.0000	0.0000	0.0000	0.0000	0.0000	0.0000	0.0000	0.0000	0.0000	0.0000	0.0000	0.0000	0.0000	0.0000	0.0000	0.0000	0.0000	0.0000	-0.0000	0.0000	2.9996	2.8187	1.0000	0.0347	0.0000	0.0000	0.0000	0.0000	0.0000	0.0000	0.0000	0.0000	0.0000	0.0000	0.0000	0.0000	0.0000	0.0000	0.0000	0.0000	0.0000	0.0000	0.2697	0.2410	0.0287	0.1482	0.1380	0.0102	0.1216	0.1030	0.0186	0.0179	0.0105	0.0074	0.0077	0.0068	0.0009	0.0102	0.0037	0.0065	inf	inf	0.0000	inf	inf	0.0000	0.0000	0.0000	0.0000	0.0000	0.0000	0.0000	0.0000	0.0000	0.0000	0.0000	0.0000	0.0000						
6	44	0.6389	7	0	1	0	0	0	0	0	0	N	N	N	N	N	N	N	N	N	N	N	N	inf	inf	inf	inf	0.0000	0.0000	0.0000	0.0000	0.0000	0.0000	0.0000	0.0000	0.0000	0.0000	0.0000	0.0000	0.0000	0.0000	0.0000	0.0000	0.0000	0.0000	0.0000	-0.0000	0.0000	2.9996	0.9605	1.0000	1.0076	0.0000	0.0000	0.0000	0.0000	0.0000	0.0000	0.0000	0.0000	0.0000	0.0000	0.0000	0.0000	0.0000	0.0000	0.0000	0.0000	0.0000	0.0000	0.1583	0.1448	0.0135	0.0874	0.0837	0.0037	0.0709	0.0612	0.0097	0.0116	0.0071	0.0045	0.0059	0.0051	0.0008	0.0057	0.0020	0.0037	inf	inf	0.0000	inf	inf	0.0000	0.0000	0.0000	0.0000	0.0000	0.0000	0.0000	0.0000	0.0000	0.0000	0.0000	0.0000	0.0000						
6	45	0.0820	4	0	2	1	1	0	0	0	0	N	Y	N	N	N	N	N	N	N	N	N	N	0.0000	0.0000	0.0000	0.0000	0.0000	0.0000	0.0000	0.0000	0.0000	0.0000	0.0000	0.0000	0.0000	0.0000	0.0000	0.0000	0.0000	0.0000	0.0000	0.0000	2.9996	1.0000	1.0000	1.0000	0.0000	0.0000	0.0000	0.0000	0.0000	0.0000	0.0000	0.0000	0.0000	0.0000	0.0000	0.0000	0.0000	0.0000	0.0000	0.0000	0.0000	0.0000	0.1150	0.1008	0.0142	0.0045	0.0042	0.0003	0.1105	0.0966	0.0139	0.0281	0.0153	0.0128	0.0005	0.0005	0.0000	0.0276	0.0148	0.0128	0.0000	0.0000	0.0000	0.0000	0.0000	0.0000	0.0000	0.0000	0.0000	0.0000	0.0000	0.0000	0.0000	0.0000	0.0000	0.0000	0.0000	0.0000											
6	46	0.5850	4	0	2	0	0	0	0	0	0	N	Y	N	N	N	N	N	N	N	N	N	N	0.0000	0.0000	0.0000	0.0000	0.0000	0.0000	0.0000	0.0000	0.0000	0.0000	0.0000	0.0000	0.0000	0.0000	0.0000	0.0000	0.0000	0.0000	0.0000	0.0000	2.9996	0.0000	1.0000	0.0000	0.0000	0.0000	0.0000	0.0000	0.0000	0.0000	0.0000	0.0000	0.0000	0.0000	0.0000	0.0000	0.0000	0.0000	0.0000	0.0000	0.0000	0.0000	0.0000	0.0000	0.0000	0.0000	0.0000	0.0000	0.0000	0.0000	0.0000	0.0000	0.0000	0.0000	0.0000	0.0000	0.0000	0.0000	0.0000	0.0000	0.0000	0.0000	0.0000	0.0000	0.0000	0.0000	0.0000	0.0000	0.0000	0.0000	0.0000	0.0000	0.0000	0.0000	0.0000	0.0000	0.0000	0.0000											
6	47	0.6389	7	0	2	0	1	0	0	0	0	N	Y	N	N	N	N	N	N	N	N	N	N	0.0000	0.0000	0.0000	0.0000	0.0000	0.0000	0.0000	0.0000	0.0000	0.0000	0.0000	0.0000	0.0000	0.0000	0.0000	0.0000	0.0000	0.0000	0.0000	0.0000	2.9996	0.0000	1.0000	1.0000	0.0000	0.0000	0.0000	0.0000	0.0000	0.0000	0.0000	0.0000	0.0000	0.0000	0.0000	0.0000	0.0000	0.0000	0.0000	0.0000	0.0000	0.0000	0.0757	0.0712	0.0045	0.0379	0.0379	0.0000	0.0379	0.0334	0.0045	0.0063	0.0039	0.0023	0.0032	0.0028	0.0004	0.0031	0.0011	0.0020	0.0000	0.0000	0.0000	0.0000	0.0000	0.0000	0.0000	0.0000	0.0000	0.0000	0.0000	0.0000	0.0000	0.0000	0.0000	0.0000	0.0000	0.0000											
6	48	0.5850	4	1	2	0	0	0	0	0	0	N	Y	N	N	N	N	N	N	N	N	N	N	0.0000	0.0000	0.0000	0.0000	0.0000	0.0000	0.0000	0.0000	0.0000	0.0000	0.0000	0.0000	0.0000	0.0000	0.0000	0.0000	0.0000	0.0000	0.0000	0.0000	2.9996	0.0000	1.0000	4.0000	0.0000	0.0000	0.0000	0.0000	0.0000	0.0000	0.0000	0.0000	0.0000	0.0000	0.0000	0.0000	0.0000	0.0000	0.0000	0.0000	0.0000	0.0000	0.0000	0.0000	0.0000	0.0000	0.0000	0.0000	0.0000	0.0000	0.0000	0.0155	0.0076	0.0079	0.0050	0.0042	0.0007	0.0105	0.0034	0.0071	0.0000	0.0000	0.0000	0.0000	0.0000	0.0000	0.0000	0.0000	0.0000	0.0000	0.0000	0.0000	0.0000	0.0000	0.0000	0.0000	0.0000	0.0000											
6	49	0.6597	8	0	1	1	0	0	0	0	0	N	N	N	N	N	N	N	N	N	N	N	N	0.0000	0.0000	0.0000	0.0000	0.0000	0.0000	0.0000	0.0000	0.0000	0.0000	0.0000	0.0000	0.0000	0.0000	0.0000	0.0000	0.0000	0.0000	0.0000	0.0000	2.9996	0.0000	1.0000	0.0000	0.0000	0.0000	0.0000	0.0000	0.0000	0.0000	0.0000	0.0000	0.0000	0.0000	0.0000	0.0000	0.0000	0.0000	0.0000	0.0000	0.0000	0.0000	0.0000	0.0000	0.0000	0.0000	0.0000	0.0000	0.0000	0.0000	0.0000	0.0000	0.0000	0.0000	0.0000	0.0000	0.0000	0.0000	0.0000	0.0000	0.0000	0.0000	0.0000	0.0000	0.0000	0.0000	0.0000	0.0000	0.0000	0.0000	0.0000	0.0000	0.0000	0.0000	0.0000	0.0000	0.0000	0.0000											
6	50	0.0911	3	0	1	1	0	0	0	0	0	N	N	N	N	N	N	N	N	N	N	N	N	0.0000	0.0000	0.0000	0.0000	0.0000	0.0000	0.0000	0.0000	0.0000	0.0000	0.0000	0.0000	0.0000	0.0000	0.0000	0.0000	0.0000	0.0000	0.0000	0.0000	2.9996	1.0000	1.0000	1.0000	0.0000	0.0000	0.0000	0.0000	0.0000	0.0000	0.0000	0.0000	0.0000	0.0000	0.0000	0.0000	0.0000	0.0000	0.0000	0.0000	0.0000	0.0000	0.0956	0.0840	0.0116	0.0189	0.0173	0.0016	0.0767	0.0668	0.0099	0.0223	0.0113	0.0110	0.0010	0.0009	0.0001	0.0213	0.0104	0.0109	0.0000	0.0000	0.0000	0.0000	0.0000	0.0000	0.0000	0.0000	0.0000	0.0000	0.0000	0.0000	0.0000	0.0000	0.0000	0.0000	0.0000	0.0000											
6	51	0.0956	3	0	2	0	0	0	0	0	0	N	Y	N	N	N	N	N	N	N	N	N	N	0.0000	0.0000	0.0000	0.0000	0.0000	0.0000	0.0000	0.0000	0.0000	0.0000	0.0000	0.0000	0.0000	0.0000	0.0000	0.0000	0.0000	0.0000	0.0000	0.0000	2.9996	0.0003	1.0000	0.9690	0.0000	0.0000	0.0000	0.0000	0.0000	0.0000	0.0000	0.0000	0.0000	0.0000	0.0000	0.0000	0.0000	0.0000	0.0000	0.0000	0.0000	0.0000	0.0002	0.0001	0.0000	0.0001	0.0001	0.0000	0.0001	0.0001	0.0000	0.0219	0.0155	0.0064	0.0088	0.0075	0.0013	0.0131	0.0080	0.0051	0.0000	0.0000	0.0000	0.0000	0.0000	0.0000	0.0000	0.0000	0.0000	0.0000	0.0000	0.0000	0.0000	0.0000	0.0000	0.0000	0.0000	0.0000											
6	52	0.6630	8	0	2	0	0	0	0	0	0	N	Y	N	N	N	N	N	N	N	N	N	N	0.0000	0.0000	0.0000	0.0000	0.0000	0.0000	0.0000	0.0000	0.0000	0.0000	0.0000	0.0000	0.0000	0.0000	0.0000	0.0000	0.0000	0.0000	0.0000	0.0000	2.9996	0.9211	1.0000	0.1671	0.0000	0.0000	0.0000	0.0000	0.0000	0.0000	0.0000	0.0000	0.0000	0.0000	0.0000	0.0000	0.0000	0.0000	0.0000	0.0000	0.0000	0.0000	0.1343	0.1228	0.0115	0.0956	0.0899	0.0056	0.0388	0.0329	0.0058	0.0139	0.0100	0.0039	0.0083	0.0073	0.0009	0.0056	0.0027	0.0030	0.0000	0.0000	0.0000	0.0000	0.0000	0.0000	0.0000	0.0000	0.0000	0.0000	0.0000	0.0000	0.0000	0.0000	0.0000	0.0000	0.0000	0.0000											
6	53	0.0820	4	0	2	0	0	0	0	0	0	N	Y	N	N	N	N	N	N	N	N	N	N	0.0000	0.0000	0.0000	0.0000	0.0000	0.0000	0.0000	0.0000	0.0000	0.0000	0.0000	0.0000	0.0000	0.0000	0.0000	0.0000	0.0000	0.0000	0.0000	0.0000	2.9996	1.0000	1.0000	5.0000	0.0000	0.0000	0.0000	0.0000	0.0000	0.0000	0.0000	0.0000	0.0000	0.0000	0.0000	0.0000	0.0000	0.0000	0.0000	0.0000	0.0000	0.0000	0.1150	0.1008	0.0142	0.0045	0.0042	0.0003	0.1105	0.0966	0.0139	0.0770	0.0415	0.0355	0.0014	0.0013	0.0000	0.0757	0.0402	0.0355	0.0000	0.0000	0.0000	0.0000	0.0000	0.0000	0.0000	0.0000	0.0000	0.0000	0.0000	0.0000	0.0000	0.0000	0.0000	0.0000	0.0000	0.0000											
6	54	0.0668	3	0	1	0	0	0	0	0	0	N	N	N	N	N	N	N	N	N	N	N	N	0.0000	0.0000	0.0000	0.0000	0.0000	0.0000	0.0000	0.0000	0.0000	0.0000	0.0000	0.0000	0.0000	0.0000	0.0000	0.0000	0.0000	0.0000	0.0000	0.0000	2.9996	0.0000	1.0000	2.9157	0.0000	0.0000	0.0000	0.0000	0.0000	0.0000	0.0000	0.0000	0.0000	0.0000	0.0000	0.0000	0.0000	0.0000	0.0000	0.0000	0.0000	0.0000	0.0000	0.0000	0.0000	0.0000	0.0000	0.0000	0.0000	0.0000	0.0000	0.0462	0.0248	0.0214	0.0037	0.0037	0.0000	0.0425	0.0211	0.0214	0.0000	0.0000	0.0000	0.0000	0.0000	0.0000	0.0000	0.0000	0.0000	0.0000	0.0000	0.0000	0.0000	0.0000	0.0000	0.0000	0.0000	0.0000											
6	55	0.6389	7	0	2	0	0	0	0	0	0	N	Y	N	N	N	N	N	N	N	N	N	N	0.0000	0.0000	0.0000	0.0000	0.0000	0.0000	0.0000	0.0000	0.0000	0.0000	0.0000	0.0000	0.0000	0.0000	0.0000	0.0000	0.0000	0.0000	0.0000	0.0000	2.9996	2.0000	1.0000	3.0000	0.0000	0.0000	0.0000	0.0000	0.0000	0.0000	0.0000	0.0000	0.0000	0.0000	0.0000	0.0000	0.0000	0.0000	0.0000	0.0000	0.0000	0.0000	0.2432	0.2206	0.0227	0.1374	0.1299	0.0074	0.1059	0.0906	0.0152	0.0277	0.0169	0.0108	0.0141	0.0122	0.0019	0.0136	0.0047	0.0090	0.0000	0.0000	0.0000	0.0000	0.0000	0.0000	0.0000	0.0000	0.0000	0.0000	0.0000	0.0000	0.0000	0.0000	0.0000	0.0000	0.0000	0.0000											
6	56	0.0590	2	0	2	0	1	0	0	0	0	N	Y	N	N	N	N	N	N	N	N	N	N	0.0000	0.0000	0.0000	0.0000	0.0000	0.0000	0.0000	0.0000	0.0000	0.0000	0.0000	0.0000	0.0000	0.0000	0.0000	0.0000	0.0000	0.0000	0.0000	0.0000	2.9996	1.7218	1.0000	6.9557	0.0000	0.0000	0.0000	0.0000	0.0000	0.0000	0.0000	0.0000	0.0000	0.0000	0.0000	0.0000	0.0000	0.0000	0.0000	0.0000	0.0000	0.0000	0.2532	0.2256	0.0276	0.0359	0.0353	0.0006	0.2173	0.1903	0.0270	0.1082	0.0582	0.0501	0.0030	0.0030	0.0000	0.1052	0.0552	0.0500	0.0000	0.0000	0.0000	0.0000	0.0000	0.0000	0.0000	0.0000	0.0000	0.0000	0.0000	0.0000	0.0000	0.0000	0.0000	0.0000	0.0000	0.0000											
6	57	0.0701	2	1	1	1	0	0	0	0	0	N	N	N	N	N	N	N	N	N	N	N	N	0.0000	0.0000	0.0000	0.0000	0.0000	0.0000	0.0000	0.0000	0.0000	0.0000	0.0000	0.0000	0.0000	0.0000	0.0000	0.0000	0.0000	0.0000	0.0000	0.0000	2.9996	8.9999	1.0000	5.0001	0.0000	0.0000	0.0000	0.0000	0.0000	0.0000	0.0000	0.0000	0.0000	0.0000	0.0000	0.0000	0.0000	0.0000	0.0000	0.0000	0.0000	0.0000	0.7468	0.6712	0.0755	0.3447	0.3231	0.0216	0.4021	0.3481	0.0539	0.0928	0.0388	0.0539	0.0008	0.0007	0.0000	0.0920	0.0381	0.0539	0.0000	0.0000	0.0000	0.0000	0.0000	0.0000	0.0000	0.0000	0.0000	0.0000	0.0000	0.0000	0.0000	0.0000	0.0000	0.0000	0.0000	0.0000											
6	58	0.5850	4	1	1	1	0	0	0	0	0	N	N	N	N	N	N	N	N	N	N	N	N	0.0000	0.0000	0.0000	0.0000	0.0000	0.0000	0.0000	0.0000	0.0000	0.0000	0.0000	0.0000	0.0000	0.0000	0.0000	0.0000	0.0000	0.0000	0.0000	0.0000	2.9996	0.0000	1.0000	1.0000	0.0000	0.0000	0.0000	0.0000	0.0000	0.0000	0.0000	0.0000	0.0000	0.0000	0.0000	0.0000	0.0000	0.0000	0.0000	0.0000	0.0000	0.0000	0.0000	0.0000	0.0000	0.0000	0.0000	0.0000	0.0000	0.0000	0.0000	0.0040	0.0020	0.0021	0.0013	0.0011	0.0002	0.0028	0.0009	0.0019	0.0000	0.0000	0.0000	0.0000	0.0000	0.0000	0.0000	0.0000	0.0000	0.0000	0.0000	0.0000	0.0000	0.0000	0.0000	0.0000	0.0000	0.0000											
6	59	0.0956	3	0	1	1	0	0	0	0	0	N	N	N	N	N	N	N	N	N	N	N	N	0.0000	0.0000	0.0000	0.0000	0.0000	0.0000	0.0000	0.0000	0.0000	0.0000	0.0000	0.0000	0.0000	0.0000	0.0000	0.0000	0.0000	0.0000	0.0000	0.0000	2.9996	0.0006	1.0000	1.1867	0.0000	0.0000	0.0000	0.0000	0.0000	0.0000	0.0000	0.0000	0.0000	0.0000	0.0000	0.0000	0.0000	0.0000	0.0000	0.0000	0.0000	0.0000	0.0002	0.0002	0.0000	0.0001	0.0001	0.0000	0.0001	0.0001	0.0000	0.0251	0.0174	0.0077	0.0099	0.0083	0.0015	0.0152	0.0091	0.0062	0.0000	0.0000	0.0000	0.0000	0.0000	0.0000	0.0000	0.0000	0.0000	0.0000	0.0000	0.0000	0.0000	0.0000	0.0000	0.0000	0.0000	0.0000											
6	60	0.0590	2	0	1	0	0	0	0	0	0	N	N	N	N	N	N	N	N	N	N	N	N	0.0000	0.0000	0.0000	0.0000	0.0000	0.0000	0.0000	0.0000	0.0000	0.0000	0.0000	0.0000	0.0000	0.0000	0.0000	0.0000	0.0000	0.0000	0.0000	0.0000	2.9996	2.2785	1.0000	4.8627	0.0000	0.0000	0.0000	0.0000	0.0000	0.0000	0.0000	0.0000	0.0000	0.0000	0.0000	0.0000	0.0000	0.0000	0.0000	0.0000	0.0000	0.0000	0.3101	0.2755	0.0346	0.0375	0.0367	0.0008	0.2727	0.2388	0.0338	0.0925	0.0499	0.0426	0.0028	0.0028	0.0000	0.0897	0.0472	0.0426	0.0000	0.0000	0.0000	0.0000	0.0000	0.0000	0.0000	0.0000	0.0000	0.0000	0.0000	0.0000	0.0000	0.0000	0.0000	0.0000	0.0000	0.0000											
6	61	0.6630	8	0	1	1	0	0	0	0	0	N	N	N	N	N	N	N	N	N	N	N	N	0.0000	0.0000	0.0000	0.0000	0.0000	0.0000	0.0000	0.0000	0.0000	0.0000	0.0000	0.0000	0.0000	0.0000	0.0000	0.0000	0.0000	0.0000	0.0000	0.0000	2.9996	1.0901	1.0000	7.9319	0.0000	0.0000	0.0000	0.0000	0.0000	0.0000	0.0000	0.0000	0.0000	0.0000	0.0000	0.0000	0.0000	0.0000	0.0000	0.0000	0.0000	0.0000	0.1492	0.1361	0.0131	0.1035	0.0973	0.0062	0.0457	0.0388	0.0069	0.0579	0.0355	0.0224	0.0284	0.0247	0.0037	0.0295	0.0108	0.0187	0.0000	0.0000	0.0000	0.0000	0.0000	0.0000	0.0000	0.0000	0.0000	0.0000	0.0000	0.0000	0.0000	0.0000	0.0000	0.0000	0.0000	0.0000											
6	62	0.6329	7	0	1	0	0	0	0	0	0	N	N	N	N	N	N	N	N	N	N	N	N	0.0000	0.0000	0.0000	0.0000	0.0000	0.0000	0.0000	0.0000	0.0000	0.0000	0.0000	0.0000	0.0000	0.0000	0.0000	0.0000	0.0000	0.0000	0.0000	0.0000	2.9996	1.6797	1.0000	2.9843	0.0000	0.0000	0.0000	0.0000	0.0000	0.0000	0.0000	0.0000	0.0000	0.0000	0.0000	0.0000	0.0000	0.0000	0.0000	0.0000	0.0000	0.0000	0.2175	0.1977	0.0199	0.1229	0.1165	0.0064	0.0947	0.0812	0.0135	0.0265	0.0162	0.0103	0.0131	0.0114	0.0017	0.0133	0.0048	0.0086	0.0000	0.0000	0.0000	0.0000	0.0000	0.0000	0.0000	0.0000	0.0000	0.0000	0.0000	0.0000	0.0000	0.0000	0.0000	0.0000	0.0000	0.0000											
6	63	0.6227	6	0	1	0	0	0	0	0	0	N	N	N	N	N	N	N	N	N	N	N	N	0.0000	0.0000	0.0000	0.0000	0.0000	0.0000	0.0000	0.0000	0.0000	0.0000	0.0000	0.0000	0.0000	0.0000	0.0000	0.0000	0.0000	0.0000	0.0000	0.0000	2.9996	0.4935	1.0000	1.5835	0.0000	0.0000	0.0000	0.0000	0.0000	0.0000	0.0000	0.0000	0.0000	0.0000	0.0000	0.0000	0.0000	0.0000	0.0000	0.0000	0.0000	0.0000	0.1192	0.1100	0.0092	0.0644	0.0624	0.0020	0.0548	0.0476	0.0072	0.0118	0.0072	0.0046	0.0060	0.0052	0.0008	0.0058	0.0020	0.0038	0.0000	0.0000	0.0000	0.0000	0.0000	0.0000	0.0000	0.0000	0.0000	0.0000	0.0000	0.0000	0.0000	0.0000	0.0000	0.0000	0.0000	0.0000											
6	64	0.6597	8	0	2	0	0	0	0	0	0	N	Y	N	N	N	N	N	N	N	N	N	N	0.0000	0.0000	0.0000	0.0000	0.0000	0.0000	0.0000	0.0000	0.0000	0.0000	0.0000	0.0000	0.0000	0.0000	0.0000	0.0000	0.0000	0.0000	0.0000	0.0000	2.9996	0.2944	1.0000	1.0083	0.0000	0.0000	0.0000	0.0000	0.0000	0.0000	0.0000	0.0000	0.0000	0.0000	0.0000	0.0000	0.0000	0.0000	0.0000	0.0000	0.0000	0.0000	0.0465	0.0402	0.0063	0.0366	0.0319	0.0047	0.0098	0.0083	0.0016	0.0073	0.0044	0.0028	0.0038	0.0033	0.0005	0.0035	0.0012	0.0023	0.0000	0.0000	0.0000	0.0000	0.0000	0.0000	0.0000	0.0000	0.0000	0.0000	0.0000	0.0000	0.0000	0.0000	0.0000	0.0000	0.0000	0.0000											
6	65	0.6389	7	0	1	0	0	0	0	0	0	N	N	N	N	N	N	N	N	N	N	N	N	0.0000	0.0000	0.0000	0.0000	0.0000	0.0000	0.0000	0.0000	0.0000	0.0000	0.0000	0.0000	0.0000	0.0000	0.0000	0.0000	0.0000	0.0000	0.0000	0.0000	2.9996	1.1351	1.0000	2.0429	0.0000	0.0000	0.0000	0.0000	0.0000	0.0000	0.0000	0.0000	0.0000	0.0000	0.0000	0.0000	0.0000	0.0000	0.0000	0.0000	0.0000	0.0000	0.1729	0.1578	0.0151	0.0960	0.0917	0.0044	0.0769	0.0662	0.0107	0.0181	0.0111	0.0070	0.0092	0.0080	0.0012	0.0089	0.0031	0.0058	0.0000	0.0000	0.0000	0.0000	0.0000	0.0000	0.0000	0.0000	0.0000	0.0000	0.0000	0.0000	0.0000	0.0000	0.0000	0.0000	0.0000	0.0000											
6	66	0.6227	6	0	1	0	0	0	0	0	0	N	N	N	N	N	N	N	N	N	N	N	N	0.0000	0.0000	0.0000	0.0000	0.0000	0.0000	0.0000	0.0000	0.0000	0.0000	0.0000	0.0000	0.0000	0.0000	0.0000	0.0000	0.0000	0.0000	0.0000	0.0000	2.9996	0.4912	1.0000	2.4266	0.0000	0.0000	0.0000	0.0000	0.0000	0.0000	0.0000	0.0000	0.0000	0.0000	0.0000	0.0000	0.0000	0.0000	0.0000	0.0000	0.0000	0.0000	0.1190	0.1098	0.0092	0.0642	0.0623	0.0020	0.0548	0.0476	0.0072	0.0163	0.0100	0.0064	0.0083	0.0072	0.0011	0.0080	0.0027	0.0053	0.0000	0.0000	0.0000	0.0000	0.0000	0.0000	0.0000	0.0000	0.0000	0.0000	0.0000	0.0000	0.0000	0.0000	0.0000	0.0000	0.0000	0.0000											
6	67	0.6176	5	0	1	0	0	0	0	0	0	N	N	N	N	N	N	N	N	N	N	N	N	0.0000	0.0000	0.0000	0.0000	0.0000	0.0000	0.0000	0.0000	0.0000	0.0000	0.0000	0.0000	0.0000	0.0000	0.0000	0.0000	0.0000	0.0000	0.0000	0.0000	2.9996	0.6141	1.0000	1.2701	0.0000	0.0000	0.0000	0.0000	0.0000	0.0000	0.0000	0.0000	0.0000	0.0000	0.0000	0.0000	0.0000	0.0000	0.0000	0.0000	0.0000	0.0000	0.1623	0.1503	0.0120	0.1000	0.0962	0.0038	0.0623	0.0541	0.0082	0.0112	0.0069	0.0043	0.0057	0.0050	0.0007	0.0055	0.0019	0.0036	0.0000	0.0000	0.0000	0.0000	0.0000	0.0000	0.0000	0.0000	0.0000	0.0000	0.0000	0.0000	0.0000	0.0000	0.0000	0.0000	0.0000	0.0000											
6	68	0.5850	4	1	2	1	0	0	0	0	0	N	Y	N	N	N	N	N	N	N	N	N	N	0.0000	0.0000	0.0000	0.0000	0.0000	0.0000	0.0000	0.0000	0.0000	0.0000	0.0000	0.0000	0.0000	0.0000	0.0000	0.0000	0.0000	0.0000	0.0000	0.0000	2.9996	0.0000	1.0000	0.0000	0.0000	0.0000	0.0000	0.0000	0.0000	0.0000	0.0000	0.0000	0.0000	0.0000	0.0000	0.0000	0.0000	0.0000	0.0000	0.0000	0.0000	0.0000	0.0000	0.0000	0.0000	0.0000	0.0000	0.0000	0.0000	0.0000	0.0000	0.0000	0.0000	0.0000	0.0000	0.0000	0.0000	0.0000	0.0000	0.0000	0.0000	0.0000	0.0000	0.0000	0.0000	0.0000	0.0000	0.0000	0.0000	0.0000	0.0000	0.0000	0.0000	0.0000	0.0000	0.0000	0.0000	0.0000											
6	69	0.1154	4	1	2	1	0	0	0	0	0	N	Y	N	N	N	N	N	N	N	N	N	N	0.0000	0.0000	0.0000	0.0000	0.0000	0.0000	0.0000	0.0000	0.0000	0.0000	0.0000	0.0000	0.0000	0.0000	0.0000	0.0000	0.0000	0.0000	0.0000	0.0000	2.9996	1.0000	1.0000	0.0000	0.0000	0.0000	0.0000	0.0000	0.0000	0.0000	0.0000	0.0000	0.0000	0.0000	0.0000	0.0000	0.0000	0.0000	0.0000	0.0000	0.0000	0.0000	0.1411	0.1297	0.0114	0.1025	0.0962	0.0062	0.0387	0.0335	0.0052	0.0072	0.0027	0.0045	0.0002	0.0002	0.0000	0.0070	0.0026	0.0045	0.0000	0.0000	0.0000	0.0000	0.0000	0.0000	0.0000	0.0000	0.0000	0.0000	0.0000	0.0000	0.0000	0.0000	0.0000	0.0000	0.0000	0.0000											
6	70	0.1154	4	1	2	1	0	0	0	0	0	N	Y	N	N	N	N	N	N	N	N	N	N	0.0000	0.0000	0.0000	0.0000	0.0000	0.0000	0.0000	0.0000	0.0000	0.0000	0.0000	0.0000	0.0000	0.0000	0.0000	0.0000	0.0000	0.0000	0.0000	0.0000	2.9996	0.0000	1.0000	0.0000	0.0000	0.0000	0.0000	0.0000	0.0000	0.0000	0.0000	0.0000	0.0000	0.0000	0.0000	0.0000	0.0000	0.0000	0.0000	0.0000	0.0000	0.0000	0.0000	0.0000	0.0000	0.0000	0.0000	0.0000	0.0000	0.0000	0.0000	0.0000	0.0000	0.0000	0.0000	0.0000	0.0000	0.0000	0.0000	0.0000	0.0000	0.0000	0.0000	0.0000	0.0000	0.0000	0.0000	0.0000	0.0000	0.0000	0.0000	0.0000	0.0000	0.0000	0.0000	0.0000	0.0000	0.0000											
6	71	0.0930	3	1	2	1	0	0	0	0	0	N	Y	N	N	N	N	N	N	N	N	N	N	0.0000	0.0000	0.0000	0.0000	0.0000	0.0000	0.0000	0.0000	0.0000	0.0000	0.0000	0.0000	0.0000	0.0000	0.0000	0.0000	0.0000	0.0000	0.0000	0.0000	2.9996	2.0000	1.0000	1.0000	0.0000	0.0000	0.0000	0.0000	0.0000	0.0000	0.0000	0.0000	0.0000	0.0000	0.0000	0.0000	0.0000	0.0000	0.0000	0.0000	0.0000	0.0000	0.2635	0.2415	0.0220	0.1785	0.1674	0.0111	0.0850	0.0741	0.0110	0.0226	0.0088	0.0138	0.0005	0.0004	0.0000	0.0222	0.0084	0.0138	0.0000	0.0000	0.0000	0.0000	0.0000	0.0000	0.0000	0.0000	0.0000	0.0000	0.0000	0.0000	0.0000	0.0000	0.0000	0.0000	0.0000	0.0000											
6	72	0.0701	2	1	1	1	0	0	0	0	0	N	N	N	N	N	N	N	N	N	N	N	N	inf	inf	inf	inf	9.5387	0.0000	98.1735	0.0000	0.0000	0.0000	19.9126	0.0000	145.6371	0.0000	0.0000	0.0000	0.0000	0.0000	0.0000	0.0000	0.0000	0.0000	inf	0.7398	0.0000	2.9996	1.0017	1.0000	2.0007	1.0000	0.0000	1.0000	0.0000	0.0000	0.0000	1.0000	0.0000	1.0000	0.0000	0.0000	0.0000	0.0000	0.0000	0.0000	0.0000	0.0000	0.0000	0.1048	0.0946	0.0102	0.0546	0.0513	0.0033	0.0502	0.0434	0.0069	0.0223	0.0092	0.0131	0.0002	0.0002	0.0000	0.0221	0.0090	0.0131	inf	0.0000	inf	0.0000	0.0000	0.0000	inf	0.0000	inf	0.0000	0.0000	0.0000	0.0000	0.0000	0.0000	0.0000	0.0000	0.0000						
6	73	0.6042	5	1	2	0	0	0	0	0	0	N	Y	N	N	N	N	N	N	N	N	N	N	0.0000	0.0000	0.0000	0.0000	0.0000	0.0000	0.0000	0.0000	0.0000	0.0000	0.0000	0.0000	0.0000	0.0000	0.0000	0.0000	0.0000	0.0000	0.0000	0.0000	2.9996	0.0000	1.0000	0.0000	0.0000	0.0000	0.0000	0.0000	0.0000	0.0000	0.0000	0.0000	0.0000	0.0000	0.0000	0.0000	0.0000	0.0000	0.0000	0.0000	0.0000	0.0000	0.0000	0.0000	0.0000	0.0000	0.0000	0.0000	0.0000	0.0000	0.0000	0.0000	0.0000	0.0000	0.0000	0.0000	0.0000	0.0000	0.0000	0.0000	0.0000	0.0000	0.0000	0.0000	0.0000	0.0000	0.0000	0.0000	0.0000	0.0000	0.0000	0.0000	0.0000	0.0000	0.0000	0.0000	0.0000	0.0000											
6	74	0.0971	3	1	2	0	0	0	0	0	0	N	Y	N	N	N	N	N	N	N	N	N	N	0.0000	0.0000	0.0000	0.0000	0.0000	0.0000	0.0000	0.0000	0.0000	0.0000	0.0000	0.0000	0.0000	0.0000	0.0000	0.0000	0.0000	0.0000	0.0000	0.0000	2.9996	0.0000	1.0000	0.0010	0.0000	0.0000	0.0000	0.0000	0.0000	0.0000	0.0000	0.0000	0.0000	0.0000	0.0000	0.0000	0.0000	0.0000	0.0000	0.0000	0.0000	0.0000	0.0000	0.0000	0.0000	0.0000	0.0000	0.0000	0.0000	0.0000	0.0000	0.0032	0.0025	0.0006	0.0016	0.0016	0.0000	0.0016	0.0010	0.0006	0.0000	0.0000	0.0000	0.0000	0.0000	0.0000	0.0000	0.0000	0.0000	0.0000	0.0000	0.0000	0.0000	0.0000	0.0000	0.0000	0.0000	0.0000											
6	75	0.0862	5	0	2	0	1	0	0	0	0	N	Y	N	N	N	N	N	N	N	N	N	N	0.0000	0.0000	0.0000	0.0000	0.0000	0.0000	0.0000	0.0000	0.0000	0.0000	0.0000	0.0000	0.0000	0.0000	0.0000	0.0000	0.0000	0.0000	0.0000	0.0000	2.9996	0.0000	1.0000	0.0000	0.0000	0.0000	0.0000	0.0000	0.0000	0.0000	0.0000	0.0000	0.0000	0.0000	0.0000	0.0000	0.0000	0.0000	0.0000	0.0000	0.0000	0.0000	0.0000	0.0000	0.0000	0.0000	0.0000	0.0000	0.0000	0.0000	0.0000	0.0000	0.0000	0.0000	0.0000	0.0000	0.0000	0.0000	0.0000	0.0000	0.0000	0.0000	0.0000	0.0000	0.0000	0.0000	0.0000	0.0000	0.0000	0.0000	0.0000	0.0000	0.0000	0.0000	0.0000	0.0000	0.0000	0.0000											
6	76	0.0862	5	0	1	0	1	0	0	0	0	N	N	N	N	N	N	N	N	N	N	N	N	0.0000	0.0000	0.0000	0.0000	0.0000	0.0000	0.0000	0.0000	0.0000	0.0000	0.0000	0.0000	0.0000	0.0000	0.0000	0.0000	0.0000	0.0000	0.0000	0.0000	2.9996	0.0000	1.0000	0.0000	0.0000	0.0000	0.0000	0.0000	0.0000	0.0000	0.0000	0.0000	0.0000	0.0000	0.0000	0.0000	0.0000	0.0000	0.0000	0.0000	0.0000	0.0000	0.0000	0.0000	0.0000	0.0000	0.0000	0.0000	0.0000	0.0000	0.0000	0.0000	0.0000	0.0000	0.0000	0.0000	0.0000	0.0000	0.0000	0.0000	0.0000	0.0000	0.0000	0.0000	0.0000	0.0000	0.0000	0.0000	0.0000	0.0000	0.0000	0.0000	0.0000	0.0000	0.0000	0.0000	0.0000	0.0000											
6	77	0.0709	4	0	1	0	1	0	0	0	0	N	N	N	N	N	N	N	N	N	N	N	N	0.0000	0.0000	0.0000	0.0000	0.0000	0.0000	0.0000	0.0000	0.0000	0.0000	0.0000	0.0000	0.0000	0.0000	0.0000	0.0000	0.0000	0.0000	0.0000	0.0000	2.9996	0.0002	1.0000	2.9297	0.0000	0.0000	0.0000	0.0000	0.0000	0.0000	0.0000	0.0000	0.0000	0.0000	0.0000	0.0000	0.0000	0.0000	0.0000	0.0000	0.0000	0.0000	0.0000	0.0000	0.0000	0.0000	0.0000	0.0000	0.0000	0.0000	0.0000	0.0693	0.0445	0.0248	0.0263	0.0231	0.0032	0.0430	0.0214	0.0215	0.0000	0.0000	0.0000	0.0000	0.0000	0.0000	0.0000	0.0000	0.0000	0.0000	0.0000	0.0000	0.0000	0.0000	0.0000	0.0000	0.0000	0.0000											
6	78	0.0668	3	0	1	0	1	0	0	0	0	N	N	N	N	N	N	N	N	N	N	N	N	0.0000	0.0000	0.0000	0.0000	0.0000	0.0000	0.0000	0.0000	0.0000	0.0000	0.0000	0.0000	0.0000	0.0000	0.0000	0.0000	0.0000	0.0000	0.0000	0.0000	2.9996	0.0003	1.0000	2.1916	0.0000	0.0000	0.0000	0.0000	0.0000	0.0000	0.0000	0.0000	0.0000	0.0000	0.0000	0.0000	0.0000	0.0000	0.0000	0.0000	0.0000	0.0000	0.0000	0.0000	0.0000	0.0000	0.0000	0.0000	0.0000	0.0000	0.0000	0.0367	0.0197	0.0170	0.0035	0.0035	0.0000	0.0332	0.0162	0.0170	0.0000	0.0000	0.0000	0.0000	0.0000	0.0000	0.0000	0.0000	0.0000	0.0000	0.0000	0.0000	0.0000	0.0000	0.0000	0.0000	0.0000	0.0000											
6	79	0.0590	2	0	1	0	0	0	0	0	0	N	N	N	N	N	N	N	N	N	N	N	N	0.0000	0.0000	0.0000	0.0000	0.0000	0.0000	0.0000	0.0000	0.0000	0.0000	0.0000	0.0000	0.0000	0.0000	0.0000	0.0000	0.0000	0.0000	0.0000	0.0000	2.9996	0.2782	1.0000	1.3600	0.0000	0.0000	0.0000	0.0000	0.0000	0.0000	0.0000	0.0000	0.0000	0.0000	0.0000	0.0000	0.0000	0.0000	0.0000	0.0000	0.0000	0.0000	0.0947	0.0869	0.0078	0.0319	0.0318	0.0001	0.0628	0.0551	0.0077	0.0263	0.0147	0.0117	0.0019	0.0019	0.0000	0.0245	0.0128	0.0117	0.0000	0.0000	0.0000	0.0000	0.0000	0.0000	0.0000	0.0000	0.0000	0.0000	0.0000	0.0000	0.0000	0.0000	0.0000	0.0000	0.0000	0.0000											
6	80	0.1026	4	0	2	1	0	0	0	0	0	N	Y	N	N	N	N	N	N	N	N	N	N	0.0000	0.0000	0.0000	0.0000	0.0000	0.0000	0.0000	0.0000	0.0000	0.0000	0.0000	0.0000	0.0000	0.0000	0.0000	0.0000	0.0000	0.0000	0.0000	0.0000	2.9996	0.0029	1.0000	2.0135	0.0000	0.0000	0.0000	0.0000	0.0000	0.0000	0.0000	0.0000	0.0000	0.0000	0.0000	0.0000	0.0000	0.0000	0.0000	0.0000	0.0000	0.0000	0.0006	0.0006	0.0001	0.0004	0.0004	0.0000	0.0002	0.0002	0.0000	0.0151	0.0066	0.0086	0.0007	0.0006	0.0000	0.0145	0.0060	0.0085	0.0000	0.0000	0.0000	0.0000	0.0000	0.0000	0.0000	0.0000	0.0000	0.0000	0.0000	0.0000	0.0000	0.0000	0.0000	0.0000	0.0000	0.0000											
6	81	0.0961	3	0	2	0	0	0	0	0	0	N	Y	N	N	N	N	N	N	N	N	N	N	inf	inf	inf	inf	inf	inf	1.7905	1.9514	0.0000	2.9004	2.9979	0.0000	0.0002	0.0003	0.0000	0.0000	0.0000	0.0000	0.0000	0.0000	0.0000	0.0000	0.0000	0.0000	0.0000	-0.0527	0.0000	2.9996	0.6188	1.0000	0.9475	0.2026	0.2026	0.0000	0.2026	0.2026	0.0000	0.0000	0.0000	0.0000	0.0000	0.0000	0.0000	0.0000	0.0000	0.0000	0.0000	0.0000	0.0000	0.1132	0.1038	0.0093	0.0699	0.0676	0.0023	0.0433	0.0362	0.0071	0.0135	0.0059	0.0076	0.0013	0.0012	0.0000	0.0122	0.0047	0.0075	inf	inf	0.0000	inf	inf	0.0000	inf	inf	0.0000	0.0000	0.0000	0.0000	0.0000	0.0000	0.0000	0.0000	0.0000	0.0000				
6	82	0.6074	5	0	2	1	0	0	0	0	0	N	Y	N	N	N	N	N	N	N	N	N	N	0.0000	0.0000	0.0000	0.0000	0.0000	0.0000	0.0000	0.0000	0.0000	0.0000	0.0000	0.0000	0.0000	0.0000	0.0000	0.0000	0.0000	0.0000	0.0000	0.0000	2.9996	0.0000	1.0000	1.0000	0.0000	0.0000	0.0000	0.0000	0.0000	0.0000	0.0000	0.0000	0.0000	0.0000	0.0000	0.0000	0.0000	0.0000	0.0000	0.0000	0.0000	0.0000	0.0000	0.0000	0.0000	0.0000	0.0000	0.0000	0.0000	0.0000	0.0000	0.0069	0.0039	0.0030	0.0031	0.0026	0.0004	0.0039	0.0013	0.0026	0.0000	0.0000	0.0000	0.0000	0.0000	0.0000	0.0000	0.0000	0.0000	0.0000	0.0000	0.0000	0.0000	0.0000	0.0000	0.0000	0.0000	0.0000											
6	83	0.0701	2	1	1	1	0	0	0	0	0	N	N	N	N	N	N	N	N	N	N	N	N	0.0000	0.0000	0.0000	0.0000	0.0000	0.0000	0.0000	0.0000	0.0000	0.0000	0.0000	0.0000	0.0000	0.0000	0.0000	0.0000	0.0000	0.0000	0.0000	0.0000	2.9996	9.0001	1.0000	3.0001	0.0000	0.0000	0.0000	0.0000	0.0000	0.0000	0.0000	0.0000	0.0000	0.0000	0.0000	0.0000	0.0000	0.0000	0.0000	0.0000	0.0000	0.0000	0.7468	0.6712	0.0756	0.3447	0.3231	0.0216	0.4021	0.3481	0.0539	0.0811	0.0339	0.0473	0.0007	0.0007	0.0000	0.0804	0.0332	0.0472	0.0000	0.0000	0.0000	0.0000	0.0000	0.0000	0.0000	0.0000	0.0000	0.0000	0.0000	0.0000	0.0000	0.0000	0.0000	0.0000	0.0000	0.0000											
6	84	0.5850	4	1	1	1	0	0	0	0	0	N	N	N	N	N	N	N	N	N	N	N	N	0.0000	0.0000	0.0000	0.0000	0.0000	0.0000	0.0000	0.0000	0.0000	0.0000	0.0000	0.0000	0.0000	0.0000	0.0000	0.0000	0.0000	0.0000	0.0000	0.0000	2.9996	4.0000	1.0000	0.0000	0.0000	0.0000	0.0000	0.0000	0.0000	0.0000	0.0000	0.0000	0.0000	0.0000	0.0000	0.0000	0.0000	0.0000	0.0000	0.0000	0.0000	0.0000	0.2704	0.2439	0.0265	0.1674	0.1556	0.0118	0.1030	0.0883	0.0147	0.0155	0.0076	0.0079	0.0050	0.0042	0.0007	0.0105	0.0034	0.0071	0.0000	0.0000	0.0000	0.0000	0.0000	0.0000	0.0000	0.0000	0.0000	0.0000	0.0000	0.0000	0.0000	0.0000	0.0000	0.0000	0.0000	0.0000											
6	85	0.6311	5	1	2	0	0	0	0	0	0	N	Y	N	N	N	N	N	N	N	N	N	N	0.0001	0.0001	0.0002	0.0002	0.0000	0.0000	0.0000	0.0000	0.0000	0.0000	0.0000	0.0000	0.0000	0.0015	0.0024	0.0000	0.0020	0.0018	0.0000	0.0000	0.0000	0.0000	0.0000	0.0000	-0.0000	-0.0000	2.9996	1.0086	1.0000	1.7435	0.0000	0.0000	0.0000	0.0000	0.0000	0.0000	0.0000	0.0000	0.0000	0.0000	0.0000	0.0000	0.0000	0.0000	0.0000	0.0000	0.0000	0.0000	0.0954	0.0855	0.0099	0.0472	0.0445	0.0028	0.0482	0.0411	0.0071	0.0237	0.0148	0.0088	0.0116	0.0104	0.0012	0.0120	0.0044	0.0076	0.0005	0.0003	0.0000	0.0005	0.0004	0.0000	0.0000	0.0000	0.0000	0.0004	0.0007	0.0000	0.0009	0.0010	0.0000	0.0000	0.0000	0.0000					
6	86	0.5850	4	1	2	0	0	0	0	0	0	N	Y	N	N	N	N	N	N	N	N	N	N	0.4307	inf	0.0000	inf	inf	0.0000	0.0000	0.0009	0.0010	0.0000	0.0015	0.0016	0.0000	0.0000	0.0000	0.0000	0.0022	0.0000	0.0010	0.0000	0.0000	0.0000	0.0011	0.0000	0.0011	0.0000	inf	-0.0000	0.0000	2.9996	1.0165	1.0000	4.1395	0.0001	0.0001	0.0000	0.0001	0.0001	0.0000	0.0000	0.0000	0.0000	0.0000	0.0000	0.0000	0.0000	0.0000	0.0000	0.0000	0.0000	0.0000	0.0749	0.0675	0.0074	0.0474	0.0440	0.0034	0.0275	0.0235	0.0040	0.0197	0.0097	0.0100	0.0063	0.0054	0.0010	0.0134	0.0043	0.0090	1.8397	inf	0.0000	inf	inf	0.0000	0.0000	0.0000	0.0000	0.0005	0.0000	0.0010	0.0000	0.0000	0.0000	0.0007	0.0000	0.0011		
6	88	0.6074	5	0	2	0	0	0	0	0	0	N	Y	N	N	N	N	N	N	N	N	N	N	0.0000	0.0000	0.0000	0.0000	0.0000	0.0000	0.0000	0.0000	0.0000	0.0000	0.0000	0.0000	0.0000	0.0000	0.0000	0.0000	0.0000	0.0000	0.0000	0.0000	2.9996	0.0000	1.0000	0.0000	0.0000	0.0000	0.0000	0.0000	0.0000	0.0000	0.0000	0.0000	0.0000	0.0000	0.0000	0.0000	0.0000	0.0000	0.0000	0.0000	0.0000	0.0000	0.0000	0.0000	0.0000	0.0000	0.0000	0.0000	0.0000	0.0000	0.0000	0.0000	0.0000	0.0000	0.0000	0.0000	0.0000	0.0000	0.0000	0.0000	0.0000	0.0000	0.0000	0.0000	0.0000	0.0000	0.0000	0.0000	0.0000	0.0000	0.0000	0.0000	0.0000	0.0000	0.0000	0.0000	0.0000	0.0000											
6	89	0.0961	3	0	2	0	0	0	0	0	0	N	Y	N	N	N	N	N	N	N	N	N	N	0.0000	0.0000	0.0000	0.0000	0.0000	0.0000	0.0000	0.0000	0.0000	0.0000	0.0000	0.0000	0.0000	0.0000	0.0000	0.0000	0.0000	0.0000	0.0000	0.0000	2.9996	1.9953	1.0000	1.0817	0.0000	0.0000	0.0000	0.0000	0.0000	0.0000	0.0000	0.0000	0.0000	0.0000	0.0000	0.0000	0.0000	0.0000	0.0000	0.0000	0.0000	0.0000	0.2240	0.2034	0.0206	0.1157	0.1108	0.0049	0.1083	0.0927	0.0157	0.0244	0.0106	0.0138	0.0016	0.0015	0.0001	0.0228	0.0091	0.0137	0.0000	0.0000	0.0000	0.0000	0.0000	0.0000	0.0000	0.0000	0.0000	0.0000	0.0000	0.0000	0.0000	0.0000	0.0000	0.0000	0.0000	0.0000											
6	90	0.0701	2	0	2	0	0	0	0	0	0	N	Y	N	N	N	N	N	N	N	N	N	N	inf	inf	inf	inf	inf	inf	3.3391	3.7021	0.0094	6.5611	6.9884	0.0294	0.0000	0.0000	0.0000	0.0000	0.0000	0.0000	0.0000	0.0000	0.0000	0.0000	0.0000	0.0000	0.0003	-0.2075	0.0000	2.9996	2.3999	1.0000	4.0713	0.7985	0.7983	0.0002	0.7985	0.7983	0.0002	0.0000	0.0000	0.0000	0.0000	0.0000	0.0000	0.0000	0.0000	0.0000	0.0000	0.0000	0.0000	0.2391	0.2156	0.0235	0.1217	0.1142	0.0075	0.1174	0.1014	0.0160	0.0463	0.0192	0.0272	0.0004	0.0004	0.0000	0.0459	0.0188	0.0271	inf	inf	inf	inf	inf	inf	0.0000	0.0000	0.0000	0.0000	0.0000	0.0000	0.0000	0.0000	0.0000	0.0000	0.0000	0.0000				
6	91	0.0911	3	0	1	1	0	0	0	0	0	N	N	N	N	N	N	N	N	N	N	N	N	0.0000	0.0000	0.0000	0.0000	0.0000	0.0000	0.0000	0.0000	0.0000	0.0000	0.0000	0.0000	0.0000	0.0000	0.0000	0.0000	0.0000	0.0000	0.0000	0.0000	2.9996	0.0000	1.0000	0.0000	0.0000	0.0000	0.0000	0.0000	0.0000	0.0000	0.0000	0.0000	0.0000	0.0000	0.0000	0.0000	0.0000	0.0000	0.0000	0.0000	0.0000	0.0000	0.0000	0.0000	0.0000	0.0000	0.0000	0.0000	0.0000	0.0000	0.0000	0.0000	0.0000	0.0000	0.0000	0.0000	0.0000	0.0000	0.0000	0.0000	0.0000	0.0000	0.0000	0.0000	0.0000	0.0000	0.0000	0.0000	0.0000	0.0000	0.0000	0.0000	0.0000	0.0000	0.0000	0.0000	0.0000	0.0000											
6	92	0.0590	2	0	1	1	0	0	0	0	0	N	N	N	N	N	N	N	N	N	N	N	N	0.0000	0.0000	0.0000	0.0000	0.0000	0.0000	0.0000	0.0000	0.0000	0.0000	0.0000	0.0000	0.0000	0.0000	0.0000	0.0000	0.0000	0.0000	0.0000	0.0000	2.9996	3.7221	1.0000	2.9993	0.0000	0.0000	0.0000	0.0000	0.0000	0.0000	0.0000	0.0000	0.0000	0.0000	0.0000	0.0000	0.0000	0.0000	0.0000	0.0000	0.0000	0.0000	0.4479	0.3966	0.0513	0.0414	0.0401	0.0012	0.4066	0.3565	0.0501	0.0880	0.0476	0.0405	0.0027	0.0027	0.0000	0.0853	0.0449	0.0405	0.0000	0.0000	0.0000	0.0000	0.0000	0.0000	0.0000	0.0000	0.0000	0.0000	0.0000	0.0000	0.0000	0.0000	0.0000	0.0000	0.0000	0.0000											
6	94	0.0863	3	1	2	0	0	0	0	0	0	N	Y	N	N	N	N	N	N	N	N	N	N	inf	inf	inf	inf	1.7957	1.9775	0.0000	3.5089	3.7051	0.0000	0.0000	0.0000	0.0000	0.0000	0.0000	0.0000	0.0000	0.0000	0.0000	0.0000	0.0000	0.0000	0.0000	-0.2531	0.0000	2.9996	5.9980	1.0000	4.9575	0.9727	0.9727	0.0000	0.9727	0.9727	0.0000	0.0000	0.0000	0.0000	0.0000	0.0000	0.0000	0.0000	0.0000	0.0000	0.0000	0.0000	0.0000	0.5417	0.4919	0.0498	0.2772	0.2625	0.0147	0.2645	0.2293	0.0351	0.0706	0.0310	0.0396	0.0020	0.0019	0.0001	0.0687	0.0291	0.0395	inf	inf	0.0000	inf	inf	0.0000	0.0000	0.0000	0.0000	0.0000	0.0000	0.0000	0.0000	0.0000	0.0000	0.0000	0.0000	0.0000						
6	95	0.6074	5	1	2	0	0	0	0	0	0	N	Y	N	N	N	N	N	N	N	N	N	N	0.0000	0.0000	0.0000	0.0000	0.0000	0.0000	0.0000	0.0000	0.0000	0.0000	0.0000	0.0000	0.0000	72.9567	0.0000	166.9092	0.0000	0.0000	0.0000	130.8463	0.0000	194.6141	inf	0.0000	0.4781	2.9996	0.0000	1.0000	2.0000	0.0000	0.0000	0.0000	0.0000	0.0000	0.0000	0.0000	0.0000	0.0000	1.0000	0.0000	1.0000	0.0000	0.0000	0.0000	1.0000	0.0000	1.0000	0.0000	0.0000	0.0000	0.0000	0.0000	0.0000	0.0000	0.0000	0.0000	0.0137	0.0077	0.0060	0.0061	0.0052	0.0009	0.0076	0.0025	0.0051	0.0000	0.0000	0.0000	0.0000	0.0000	0.0000	0.0000	0.0000	0.0000	72.9567	0.0000	166.9092	0.0000	0.0000	0.0000	130.8463	0.0000	194.6141						
6	96	0.5850	4	0	2	0	0	0	0	0	0	N	Y	N	N	N	N	N	N	N	N	N	N	0.0000	0.0000	0.0000	0.0000	0.0000	0.0000	0.0000	0.0000	0.0000	0.0000	0.0000	0.0000	0.0000	0.0000	0.0000	0.0000	0.0000	0.0000	0.0000	0.0000	2.9996	4.0000	1.0000	0.0000	0.0000	0.0000	0.0000	0.0000	0.0000	0.0000	0.0000	0.0000	0.0000	0.0000	0.0000	0.0000	0.0000	0.0000	0.0000	0.0000	0.0000	0.0000	0.2704	0.2439	0.0265	0.1674	0.1556	0.0118	0.1030	0.0883	0.0147	0.0155	0.0076	0.0079	0.0050	0.0042	0.0007	0.0105	0.0034	0.0071	0.0000	0.0000	0.0000	0.0000	0.0000	0.0000	0.0000	0.0000	0.0000	0.0000	0.0000	0.0000	0.0000	0.0000	0.0000	0.0000	0.0000	0.0000											
6	98	0.5850	4	0	1	0	0	0	0	0	0	N	N	N	N	N	N	N	N	N	N	N	N	inf	inf	inf	inf	7.5429	8.3660	0.0000	11.9934	12.9155	0.0000	0.0000	0.0000	0.0000	0.0000	0.0000	0.0000	0.0000	0.0000	0.0000	0.0000	0.0000	0.0000	0.0000	-0.2602	0.0000	2.9996	1.0000	1.0000	0.0000	1.0000	1.0000	0.0000	1.0000	1.0000	0.0000	0.0000	0.0000	0.0000	0.0000	0.0000	0.0000	0.0000	0.0000	0.0000	0.0000	0.0000	0.0000	0.1326	0.1195	0.0130	0.0834	0.0774	0.0060	0.0492	0.0421	0.0071	0.0073	0.0036	0.0037	0.0023	0.0020	0.0004	0.0050	0.0016	0.0034	inf	inf	0.0000	inf	inf	0.0000	0.0000	0.0000	0.0000	0.0000	0.0000	0.0000	0.0000	0.0000	0.0000	0.0000	0.0000	0.0000						
6	99	0.1398	2	0	1	0	0	0	0	0	0	N	N	N	N	N	N	N	N	N	N	N	N	26.0878	16.0339	inf	4.1547	4.9740	inf	inf	inf	0.0092	0.0104	0.0000	0.0079	0.0080	0.0000	0.0095	0.0111	0.0000	0.0004	0.0007	0.0000	0.0019	0.0016	0.0000	0.0000	0.0000	0.0000	0.0000	0.0000	-0.0006	-0.0000	2.9996	1.5982	1.0000	11.1970	0.0025	0.0025	0.0000	0.0004	0.0004	0.0000	0.0021	0.0021	0.0000	0.0000	0.0000	0.0000	0.0000	0.0000	0.0000	0.0000	0.0000	0.0000	0.2694	0.2376	0.0318	0.0547	0.0537	0.0010	0.2147	0.1839	0.0308	0.1895	0.1088	0.0807	0.0370	0.0346	0.0024	0.1525	0.0742	0.0783	58.1610	37.8604	inf	9.6983	9.2372	inf	inf	inf	0.0000	0.0002	0.0003	0.0000	0.0008	0.0009	0.0000	0.0000	0.0000	0.0000	
6	100	0.0878	4	1	2	1	0	0	0	0	0	N	Y	N	N	N	N	N	N	N	N	N	N	0.0000	0.0000	0.0000	0.0000	0.0000	0.0000	0.0000	0.0000	0.0000	0.0000	0.0000	0.0000	0.0000	0.0000	0.0000	0.0000	0.0000	0.0000	0.0000	0.0000	2.9996	0.0000	1.0000	0.9982	0.0000	0.0000	0.0000	0.0000	0.0000	0.0000	0.0000	0.0000	0.0000	0.0000	0.0000	0.0000	0.0000	0.0000	0.0000	0.0000	0.0000	0.0000	0.0112	0.0104	0.0007	0.0093	0.0091	0.0003	0.0018	0.0014	0.0005	0.0072	0.0031	0.0041	0.0002	0.0002	0.0000	0.0070	0.0029	0.0041	0.0000	0.0000	0.0000	0.0000	0.0000	0.0000	0.0000	0.0000	0.0000	0.0000	0.0000	0.0000	0.0000	0.0000	0.0000	0.0000	0.0000	0.0000											
6	101	0.6197	7	1	2	1	0	0	0	0	0	N	Y	N	N	N	N	N	N	N	N	N	N	0.0000	0.0000	0.0000	0.0000	0.0000	0.0000	0.0000	0.0000	0.0000	0.0000	0.0000	0.0000	0.0000	0.0000	0.0000	0.0000	0.0000	0.0000	0.0000	0.0000	2.9996	0.0000	1.0000	0.0000	0.0000	0.0000	0.0000	0.0000	0.0000	0.0000	0.0000	0.0000	0.0000	0.0000	0.0000	0.0000	0.0000	0.0000	0.0000	0.0000	0.0000	0.0000	0.0000	0.0000	0.0000	0.0000	0.0000	0.0000	0.0000	0.0000	0.0000	0.0000	0.0000	0.0000	0.0000	0.0000	0.0000	0.0000	0.0000	0.0000	0.0000	0.0000	0.0000	0.0000	0.0000	0.0000	0.0000	0.0000	0.0000	0.0000	0.0000	0.0000	0.0000	0.0000	0.0000	0.0000	0.0000	0.0000											
6	102	0.6197	6	1	1	1	0	0	0	0	0	N	N	N	N	N	N	N	N	N	N	N	N	0.0000	0.0000	0.0000	0.0000	0.0000	0.0000	0.0000	0.0000	0.0000	0.0000	0.0000	0.0000	0.0000	0.0000	0.0000	0.0000	0.0000	0.0000	0.0000	0.0000	2.9996	0.0000	1.0000	0.0000	0.0000	0.0000	0.0000	0.0000	0.0000	0.0000	0.0000	0.0000	0.0000	0.0000	0.0000	0.0000	0.0000	0.0000	0.0000	0.0000	0.0000	0.0000	0.0000	0.0000	0.0000	0.0000	0.0000	0.0000	0.0000	0.0000	0.0000	0.0000	0.0000	0.0000	0.0000	0.0000	0.0000	0.0000	0.0000	0.0000	0.0000	0.0000	0.0000	0.0000	0.0000	0.0000	0.0000	0.0000	0.0000	0.0000	0.0000	0.0000	0.0000	0.0000	0.0000	0.0000	0.0000	0.0000											
6	103	0.6136	5	1	1	1	0	0	0	0	0	N	N	N	N	N	N	N	N	N	N	N	N	0.0000	0.0000	0.0000	0.0000	0.0000	0.0000	0.0000	0.0000	0.0000	0.0000	0.0000	0.0000	0.0000	0.0000	0.0000	0.0000	0.0000	0.0000	0.0000	0.0000	2.9996	0.0000	1.0000	1.0091	0.0000	0.0000	0.0000	0.0000	0.0000	0.0000	0.0000	0.0000	0.0000	0.0000	0.0000	0.0000	0.0000	0.0000	0.0000	0.0000	0.0000	0.0000	0.0000	0.0000	0.0000	0.0000	0.0000	0.0000	0.0000	0.0000	0.0000	0.0064	0.0038	0.0026	0.0031	0.0027	0.0004	0.0033	0.0011	0.0022	0.0000	0.0000	0.0000	0.0000	0.0000	0.0000	0.0000	0.0000	0.0000	0.0000	0.0000	0.0000	0.0000	0.0000	0.0000	0.0000	0.0000	0.0000											
6	105	0.0913	5	1	1	1	0	0	0	0	0	N	N	N	N	N	N	N	N	N	N	N	N	inf	inf	inf	inf	9.7698	0.0000	108.9164	0.0000	0.0000	0.0000	21.1991	0.0000	157.6026	0.0000	0.0000	0.0000	0.0000	0.0000	0.0000	0.0000	0.0000	0.0000	inf	0.7398	0.0000	2.9996	1.0000	1.0000	1.0005	1.0000	0.0000	1.0000	0.0000	0.0000	0.0000	1.0000	0.0000	1.0000	0.0000	0.0000	0.0000	0.0000	0.0000	0.0000	0.0000	0.0000	0.0000	0.1024	0.0932	0.0092	0.0552	0.0523	0.0028	0.0472	0.0408	0.0063	0.0141	0.0061	0.0080	0.0004	0.0004	0.0000	0.0138	0.0058	0.0080	inf	0.0000	inf	0.0000	0.0000	0.0000	inf	0.0000	inf	0.0000	0.0000	0.0000	0.0000	0.0000	0.0000	0.0000	0.0000	0.0000						
6	106	0.0878	4	1	1	1	0	0	0	0	0	N	N	N	N	N	N	N	N	N	N	N	N	inf	inf	inf	inf	0.4338	0.4751	0.0000	0.7517	0.7891	0.0000	0.0000	0.0000	0.0000	0.0000	0.0000	0.0000	0.0000	0.0000	0.0000	0.0000	0.0000	0.0000	0.0000	-0.0097	0.0000	2.9996	0.7249	1.0000	0.0368	0.0371	0.0371	0.0000	0.0371	0.0371	0.0000	0.0000	0.0000	0.0000	0.0000	0.0000	0.0000	0.0000	0.0000	0.0000	0.0000	0.0000	0.0000	0.0855	0.0781	0.0074	0.0494	0.0470	0.0023	0.0362	0.0311	0.0051	0.0055	0.0024	0.0031	0.0002	0.0002	0.0000	0.0053	0.0022	0.0031	inf	inf	0.0000	inf	inf	0.0000	0.0000	0.0000	0.0000	0.0000	0.0000	0.0000	0.0000	0.0000	0.0000	0.0000	0.0000	0.0000						
6	107	0.0863	3	1	1	1	0	0	0	0	0	N	N	N	N	N	N	N	N	N	N	N	N	inf	inf	inf	inf	1.6062	1.7446	0.0000	2.5545	2.6785	0.0000	0.0000	0.0000	0.0000	0.0000	0.0000	0.0000	0.0000	0.0000	0.0000	0.0000	0.0000	0.0000	0.0000	-0.0227	0.0000	2.9996	0.4159	1.0000	0.0887	0.0871	0.0871	0.0000	0.0871	0.0871	0.0000	0.0000	0.0000	0.0000	0.0000	0.0000	0.0000	0.0000	0.0000	0.0000	0.0000	0.0000	0.0000	0.0543	0.0500	0.0043	0.0341	0.0325	0.0016	0.0201	0.0174	0.0027	0.0040	0.0018	0.0022	0.0003	0.0003	0.0000	0.0037	0.0015	0.0022	inf	inf	0.0000	inf	inf	0.0000	0.0000	0.0000	0.0000	0.0000	0.0000	0.0000	0.0000	0.0000	0.0000	0.0000	0.0000	0.0000						
6	108	0.0701	2	1	1	0	0	0	0	0	0	N	N	N	N	N	N	N	N	N	N	N	N	inf	inf	inf	inf	2.5714	2.8546	0.0000	5.1822	5.5237	0.0000	0.0000	0.0000	0.0000	0.0000	0.0000	0.0000	0.0000	0.0000	0.0000	0.0000	0.0000	0.0000	0.0000	-0.2536	0.0000	2.9996	3.9943	1.0000	0.9974	0.9745	0.9745	0.0000	0.9745	0.9745	0.0000	0.0000	0.0000	0.0000	0.0000	0.0000	0.0000	0.0000	0.0000	0.0000	0.0000	0.0000	0.0000	0.3790	0.3414	0.0376	0.1881	0.1764	0.0116	0.1909	0.1650	0.0260	0.0363	0.0150	0.0213	0.0003	0.0003	0.0000	0.0360	0.0147	0.0213	inf	inf	0.0000	inf	inf	0.0000	0.0000	0.0000	0.0000	0.0000	0.0000	0.0000	0.0000	0.0000	0.0000	0.0000	0.0000	0.0000						
6	109	0.6136	5	1	1	1	0	0	0	0	0	N	N	N	N	N	N	N	N	N	N	N	N	0.0000	0.0000	0.0000	0.0000	0.0000	0.0000	0.0000	0.0000	0.0000	0.0000	0.0000	0.0000	0.0000	0.0000	0.0000	0.0000	0.0000	0.0000	0.0000	0.0000	2.9996	0.0000	1.0000	0.9909	0.0000	0.0000	0.0000	0.0000	0.0000	0.0000	0.0000	0.0000	0.0000	0.0000	0.0000	0.0000	0.0000	0.0000	0.0000	0.0000	0.0000	0.0000	0.0000	0.0000	0.0000	0.0000	0.0000	0.0000	0.0000	0.0000	0.0000	0.0063	0.0037	0.0026	0.0031	0.0026	0.0004	0.0032	0.0011	0.0021	0.0000	0.0000	0.0000	0.0000	0.0000	0.0000	0.0000	0.0000	0.0000	0.0000	0.0000	0.0000	0.0000	0.0000	0.0000	0.0000	0.0000	0.0000											
6	110	0.5850	4	1	1	1	0	0	0	0	0	N	N	N	N	N	N	N	N	N	N	N	N	0.0000	0.0000	0.0000	0.0000	0.0000	0.0000	0.0000	0.0000	0.0000	0.0000	0.0000	0.0000	0.0000	0.0000	0.0000	0.0000	0.0000	0.0000	0.0000	0.0000	2.9996	4.0000	1.0000	0.0000	0.0000	0.0000	0.0000	0.0000	0.0000	0.0000	0.0000	0.0000	0.0000	0.0000	0.0000	0.0000	0.0000	0.0000	0.0000	0.0000	0.0000	0.0000	0.2704	0.2439	0.0265	0.1674	0.1556	0.0118	0.1030	0.0883	0.0147	0.0155	0.0076	0.0079	0.0050	0.0042	0.0007	0.0105	0.0034	0.0071	0.0000	0.0000	0.0000	0.0000	0.0000	0.0000	0.0000	0.0000	0.0000	0.0000	0.0000	0.0000	0.0000	0.0000	0.0000	0.0000	0.0000	0.0000											
6	112	0.0747	2	0	1	1	0	0	0	0	0	N	N	N	N	N	N	N	N	N	N	N	N	0.0000	0.0000	0.0000	0.0000	0.0000	0.0000	0.0000	0.0000	0.0000	0.0000	0.0000	0.0000	0.0000	0.0000	0.0000	0.0000	0.0000	0.0000	0.0000	0.0000	2.9996	0.0000	1.0000	0.0001	0.0000	0.0000	0.0000	0.0000	0.0000	0.0000	0.0000	0.0000	0.0000	0.0000	0.0000	0.0000	0.0000	0.0000	0.0000	0.0000	0.0000	0.0000	0.0000	0.0000	0.0000	0.0000	0.0000	0.0000	0.0000	0.0000	0.0000	0.0000	0.0000	0.0000	0.0000	0.0000	0.0000	0.0000	0.0000	0.0000	0.0000	0.0000	0.0000	0.0000	0.0000	0.0000	0.0000	0.0000	0.0000	0.0000	0.0000	0.0000	0.0000	0.0000	0.0000	0.0000	0.0000	0.0000											
6	114	0.6176	5	0	2	0	0	0	0	0	0	N	Y	N	N	N	N	N	N	N	N	N	N	0.0000	0.0000	0.0000	0.0000	0.0000	0.0000	0.0000	0.0000	0.0000	0.0000	0.0000	0.0000	0.0000	0.0000	0.0000	0.0000	0.0000	0.0000	0.0000	0.0000	2.9996	4.3361	1.0000	4.6323	0.0000	0.0000	0.0000	0.0000	0.0000	0.0000	0.0000	0.0000	0.0000	0.0000	0.0000	0.0000	0.0000	0.0000	0.0000	0.0000	0.0000	0.0000	0.4495	0.4061	0.0434	0.2649	0.2487	0.0161	0.1846	0.1573	0.0273	0.0476	0.0291	0.0185	0.0244	0.0212	0.0032	0.0232	0.0079	0.0153	0.0000	0.0000	0.0000	0.0000	0.0000	0.0000	0.0000	0.0000	0.0000	0.0000	0.0000	0.0000	0.0000	0.0000	0.0000	0.0000	0.0000	0.0000											
6	115	0.5850	4	0	1	0	0	0	0	0	0	N	N	N	N	N	N	N	N	N	N	N	N	0.0000	0.0000	0.0000	0.0000	0.0000	0.0000	0.0000	0.0000	0.0000	0.0000	0.0000	0.0000	0.0000	0.0000	0.0000	0.0000	0.0000	0.0000	0.0000	0.0000	2.9996	1.9840	1.0000	0.2610	0.0000	0.0000	0.0000	0.0000	0.0000	0.0000	0.0000	0.0000	0.0000	0.0000	0.0000	0.0000	0.0000	0.0000	0.0000	0.0000	0.0000	0.0000	0.1420	0.1281	0.0140	0.0892	0.0829	0.0064	0.0528	0.0452	0.0076	0.0089	0.0044	0.0045	0.0028	0.0024	0.0004	0.0061	0.0020	0.0041	0.0000	0.0000	0.0000	0.0000	0.0000	0.0000	0.0000	0.0000	0.0000	0.0000	0.0000	0.0000	0.0000	0.0000	0.0000	0.0000	0.0000	0.0000											
6	117	0.5850	4	0	2	0	1	0	0	0	0	N	Y	N	N	N	N	N	N	N	N	N	N	0.0000	0.0000	0.0000	0.0000	0.0000	0.0000	0.0000	0.0000	0.0000	0.0000	0.0000	0.0000	0.0000	0.0000	0.0000	0.0000	0.0000	0.0000	0.0000	0.0000	2.9996	0.0000	1.0000	1.0000	0.0000	0.0000	0.0000	0.0000	0.0000	0.0000	0.0000	0.0000	0.0000	0.0000	0.0000	0.0000	0.0000	0.0000	0.0000	0.0000	0.0000	0.0000	0.0000	0.0000	0.0000	0.0000	0.0000	0.0000	0.0000	0.0000	0.0000	0.0056	0.0027	0.0029	0.0018	0.0015	0.0003	0.0038	0.0012	0.0026	0.0000	0.0000	0.0000	0.0000	0.0000	0.0000	0.0000	0.0000	0.0000	0.0000	0.0000	0.0000	0.0000	0.0000	0.0000	0.0000	0.0000	0.0000											
6	119	0.5850	4	0	2	0	0	0	0	0	0	N	Y	N	N	N	N	N	N	N	N	N	N	inf	inf	inf	inf	0.0002	0.0002	0.0000	0.0003	0.0004	0.0000	0.0000	0.0000	0.0000	0.0000	0.0000	0.0000	0.0000	0.0000	0.0000	0.0000	0.0000	0.0000	0.0000	-0.0000	0.0000	2.9996	5.0000	1.0000	6.0000	0.0001	0.0001	0.0000	0.0001	0.0001	0.0000	0.0000	0.0000	0.0000	0.0000	0.0000	0.0000	0.0000	0.0000	0.0000	0.0000	0.0000	0.0000	0.3289	0.2967	0.0322	0.2023	0.1881	0.0142	0.1266	0.1086	0.0180	0.0391	0.0194	0.0197	0.0128	0.0109	0.0019	0.0263	0.0086	0.0178	inf	inf	0.0000	inf	inf	0.0000	0.0000	0.0000	0.0000	0.0000	0.0000	0.0000	0.0000	0.0000	0.0000	0.0000	0.0000	0.0000						
6	120	0.6130	5	0	2	0	0	0	0	0	0	N	Y	N	N	N	N	N	N	N	N	N	N	0.0000	0.0000	0.0000	0.0000	0.0000	0.0000	0.0000	0.0000	0.0000	0.0000	0.0000	0.0000	0.0000	0.0000	0.0000	0.0000	0.0000	0.0000	0.0000	0.0000	2.9996	0.9998	1.0000	0.9486	0.0000	0.0000	0.0000	0.0000	0.0000	0.0000	0.0000	0.0000	0.0000	0.0000	0.0000	0.0000	0.0000	0.0000	0.0000	0.0000	0.0000	0.0000	0.0735	0.0661	0.0073	0.0448	0.0415	0.0033	0.0286	0.0246	0.0040	0.0130	0.0069	0.0060	0.0057	0.0050	0.0007	0.0073	0.0019	0.0053	0.0000	0.0000	0.0000	0.0000	0.0000	0.0000	0.0000	0.0000	0.0000	0.0000	0.0000	0.0000	0.0000	0.0000	0.0000	0.0000	0.0000	0.0000											
6	121	0.5850	4	0	2	0	0	0	0	0	0	N	Y	N	N	N	N	N	N	N	N	N	N	0.0000	0.0000	0.0000	0.0000	0.0000	0.0000	0.0000	0.0000	0.0000	0.0000	0.0000	0.0000	0.0000	0.0000	0.0000	0.0000	0.0000	0.0000	0.0000	0.0000	2.9996	3.0005	1.0000	1.1085	0.0000	0.0000	0.0000	0.0000	0.0000	0.0000	0.0000	0.0000	0.0000	0.0000	0.0000	0.0000	0.0000	0.0000	0.0000	0.0000	0.0000	0.0000	0.3588	0.3237	0.0351	0.2199	0.2045	0.0154	0.1389	0.1192	0.0197	0.0281	0.0139	0.0142	0.0091	0.0077	0.0014	0.0190	0.0062	0.0128	0.0000	0.0000	0.0000	0.0000	0.0000	0.0000	0.0000	0.0000	0.0000	0.0000	0.0000	0.0000	0.0000	0.0000	0.0000	0.0000	0.0000	0.0000											
6	122	0.0701	2	0	2	0	0	0	0	0	0	N	Y	N	N	N	N	N	N	N	N	N	N	0.0000	0.0000	0.0000	0.0000	0.0000	0.0000	0.0000	0.0000	0.0000	0.0000	0.0000	0.0000	0.0000	0.0000	0.0000	0.0000	0.0000	0.0000	0.0000	0.0000	2.9996	2.0001	1.0000	3.0000	0.0000	0.0000	0.0000	0.0000	0.0000	0.0000	0.0000	0.0000	0.0000	0.0000	0.0000	0.0000	0.0000	0.0000	0.0000	0.0000	0.0000	0.0000	0.2019	0.1821	0.0198	0.1034	0.0971	0.0063	0.0985	0.0850	0.0135	0.0364	0.0150	0.0213	0.0003	0.0003	0.0000	0.0361	0.0147	0.0213	0.0000	0.0000	0.0000	0.0000	0.0000	0.0000	0.0000	0.0000	0.0000	0.0000	0.0000	0.0000	0.0000	0.0000	0.0000	0.0000	0.0000	0.0000											
6	124	0.6185	5	0	2	0	0	0	0	0	0	N	Y	N	N	N	N	N	N	N	N	N	N	0.0477	0.0340	0.0241	0.0299	inf	inf	0.0001	0.0001	0.0000	0.0001	0.0001	0.0000	0.0002	0.0003	0.0000	0.0025	0.0039	0.0000	0.0029	0.0025	0.0000	0.0000	0.0000	0.0000	0.0000	0.0000	-0.0000	-0.0000	2.9996	3.9006	1.0000	3.1543	0.0001	0.0001	0.0000	0.0000	0.0000	0.0000	0.0000	0.0000	0.0000	0.0000	0.0000	0.0000	0.0000	0.0000	0.0000	0.0000	0.0000	0.0000	0.5208	0.4735	0.0473	0.3447	0.3223	0.0224	0.1761	0.1511	0.0249	0.0551	0.0337	0.0215	0.0272	0.0247	0.0025	0.0279	0.0090	0.0189	0.2198	0.1477	0.0000	0.0642	0.0623	0.0000	inf	inf	0.0000	0.0005	0.0009	0.0000	0.0011	0.0012	0.0000	0.0000	0.0000	0.0000			
6	125	0.5850	4	0	2	0	0	0	0	0	0	N	Y	N	N	N	N	N	N	N	N	N	N	0.0221	inf	0.0001	inf	inf	inf	0.0000	0.0000	0.0002	0.0002	0.0000	0.0003	0.0004	0.0000	0.0000	0.0000	0.0000	0.0096	0.0000	0.0024	0.0000	0.0000	0.0000	0.0074	0.0000	0.0026	0.0001	inf	-0.0000	0.0000	2.9996	1.6924	1.0000	1.9110	0.0000	0.0000	0.0000	0.0000	0.0000	0.0000	0.0000	0.0000	0.0000	0.0000	0.0000	0.0000	0.0000	0.0000	0.0000	0.0000	0.0000	0.0000	0.2162	0.1950	0.0212	0.1347	0.1252	0.0095	0.0815	0.0698	0.0117	0.0249	0.0123	0.0126	0.0080	0.0068	0.0012	0.0169	0.0055	0.0114	0.1756	inf	0.0001	inf	inf	inf	0.0000	0.0000	0.0000	0.0012	0.0000	0.0024	0.0000	0.0000	0.0000	0.0018	0.0000	0.0026	
6	127	0.1562	3	0	1	0	0	0	0	0	0	N	N	N	N	N	N	N	N	N	N	N	N	0.0000	0.0000	0.0000	0.0000	0.0000	0.0000	0.0000	0.0000	0.0000	0.0000	0.0000	0.0000	0.0000	0.0013	0.0025	0.0000	0.0073	0.0064	0.0000	0.0000	0.0000	0.0000	0.0000	0.0000	-0.0000	2.9996	3.6536	1.0000	12.3970	0.0000	0.0000	0.0000	0.0000	0.0000	0.0000	0.0000	0.0000	0.0000	0.0001	0.0001	0.0000	0.0001	0.0001	0.0000	0.0000	0.0000	0.0000	0.4887	0.4316	0.0571	0.0803	0.0776	0.0026	0.4084	0.3540	0.0544	0.1971	0.1156	0.0815	0.0338	0.0313	0.0025	0.1633	0.0843	0.0790	0.0000	0.0000	0.0000	0.0000	0.0000	0.0000	0.0000	0.0000	0.0000	0.0004	0.0007	0.0000	0.0024	0.0026	0.0000	0.0000	0.0000	0.0000						
6	128	0.3346	3	0	1	0	0	0	0	0	0	N	N	N	N	N	N	N	N	N	N	N	N	0.6794	0.3047	inf	1.9075	1.7893	inf	inf	inf	inf	0.1634	0.1295	0.4466	0.2963	0.3131	0.0545	0.0778	0.0016	0.5693	0.2405	0.4249	0.0000	0.1553	0.1750	0.0000	0.0000	0.0000	0.0000	0.4135	0.0000	0.0040	-0.0008	2.9996	5.3495	1.0000	12.4099	0.1239	0.0876	0.0362	0.0880	0.0870	0.0011	0.0358	0.0006	0.0352	0.0015	0.0015	0.0000	0.0015	0.0015	0.0000	0.0000	0.0000	0.0000	0.7580	0.6768	0.0811	0.2971	0.2778	0.0193	0.4609	0.3991	0.0618	0.2582	0.1657	0.0925	0.1201	0.1025	0.0176	0.1381	0.0632	0.0749	28.8982	14.6904	inf	24.3669	21.9763	inf	inf	inf	inf	0.0057	0.0088	0.0000	0.0122	0.0142	0.0000	0.0000	0.0000	0.0000
6	129	0.1403	7	0	2	0	1	0	0	0	0	N	Y	N	N	N	N	N	N	N	N	N	N	0.0000	0.0000	0.0000	0.0000	0.0000	0.0000	0.0000	0.0000	0.0000	0.0000	0.0000	0.0000	0.0000	0.0000	0.0000	0.0000	0.0000	0.0000	0.0000	0.0000	2.9996	0.0000	1.0000	0.0000	0.0000	0.0000	0.0000	0.0000	0.0000	0.0000	0.0000	0.0000	0.0000	0.0000	0.0000	0.0000	0.0000	0.0000	0.0000	0.0000	0.0000	0.0000	0.0000	0.0000	0.0000	0.0000	0.0000	0.0000	0.0000	0.0000	0.0000	0.0000	0.0000	0.0000	0.0000	0.0000	0.0000	0.0000	0.0000	0.0000	0.0000	0.0000	0.0000	0.0000	0.0000	0.0000	0.0000	0.0000	0.0000	0.0000	0.0000	0.0000	0.0000	0.0000	0.0000	0.0000	0.0000	0.0000											
6	130	0.1240	6	0	2	0	1	0	0	0	0	N	Y	N	N	N	N	N	N	N	N	N	N	0.0000	0.0000	0.0000	0.0000	0.0000	0.0000	0.0000	0.0000	0.0000	0.0000	0.0000	0.0000	0.0000	0.0000	0.0000	0.0000	0.0000	0.0000	0.0000	0.0000	2.9996	0.0000	1.0000	3.0001	0.0000	0.0000	0.0000	0.0000	0.0000	0.0000	0.0000	0.0000	0.0000	0.0000	0.0000	0.0000	0.0000	0.0000	0.0000	0.0000	0.0000	0.0000	0.0000	0.0000	0.0000	0.0000	0.0000	0.0000	0.0000	0.0000	0.0000	0.0184	0.0071	0.0113	0.0004	0.0004	0.0000	0.0180	0.0067	0.0113	0.0000	0.0000	0.0000	0.0000	0.0000	0.0000	0.0000	0.0000	0.0000	0.0000	0.0000	0.0000	0.0000	0.0000	0.0000	0.0000	0.0000	0.0000											
6	131	0.1143	5	0	2	0	0	0	0	0	0	N	Y	N	N	N	N	N	N	N	N	N	N	0.0000	0.0000	0.0000	0.0000	0.0000	0.0000	0.0000	0.0000	0.0000	0.0000	0.0000	0.0000	0.0000	0.0000	0.0000	0.0000	0.0000	0.0000	0.0000	0.0000	2.9996	0.0000	1.0000	0.0000	0.0000	0.0000	0.0000	0.0000	0.0000	0.0000	0.0000	0.0000	0.0000	0.0000	0.0000	0.0000	0.0000	0.0000	0.0000	0.0000	0.0000	0.0000	0.0000	0.0000	0.0000	0.0000	0.0000	0.0000	0.0000	0.0000	0.0000	0.0000	0.0000	0.0000	0.0000	0.0000	0.0000	0.0000	0.0000	0.0000	0.0000	0.0000	0.0000	0.0000	0.0000	0.0000	0.0000	0.0000	0.0000	0.0000	0.0000	0.0000	0.0000	0.0000	0.0000	0.0000	0.0000	0.0000											
6	132	0.1240	6	0	1	1	1	0	0	0	0	N	N	N	N	N	N	N	N	N	N	N	N	0.0000	0.0000	0.0000	0.0000	0.0000	0.0000	0.0000	0.0000	0.0000	0.0000	0.0000	0.0000	0.0000	0.0000	0.0000	0.0000	0.0000	0.0000	0.0000	0.0000	2.9996	0.0000	1.0000	1.9999	0.0000	0.0000	0.0000	0.0000	0.0000	0.0000	0.0000	0.0000	0.0000	0.0000	0.0000	0.0000	0.0000	0.0000	0.0000	0.0000	0.0000	0.0000	0.0000	0.0000	0.0000	0.0000	0.0000	0.0000	0.0000	0.0000	0.0000	0.0124	0.0048	0.0076	0.0003	0.0003	0.0000	0.0121	0.0045	0.0076	0.0000	0.0000	0.0000	0.0000	0.0000	0.0000	0.0000	0.0000	0.0000	0.0000	0.0000	0.0000	0.0000	0.0000	0.0000	0.0000	0.0000	0.0000											
6	133	0.1350	7	0	1	1	1	0	0	0	0	N	N	N	N	N	N	N	N	N	N	N	N	0.0000	0.0000	0.0000	0.0000	0.0000	0.0000	0.0000	0.0000	0.0000	0.0000	0.0000	0.0000	0.0000	0.0000	0.0000	0.0000	0.0000	0.0000	0.0000	0.0000	2.9996	1.0000	1.0000	0.0000	0.0000	0.0000	0.0000	0.0000	0.0000	0.0000	0.0000	0.0000	0.0000	0.0000	0.0000	0.0000	0.0000	0.0000	0.0000	0.0000	0.0000	0.0000	0.0986	0.0880	0.0106	0.0550	0.0506	0.0044	0.0436	0.0374	0.0062	0.0059	0.0022	0.0037	0.0001	0.0001	0.0000	0.0058	0.0021	0.0037	0.0000	0.0000	0.0000	0.0000	0.0000	0.0000	0.0000	0.0000	0.0000	0.0000	0.0000	0.0000	0.0000	0.0000	0.0000	0.0000	0.0000	0.0000											
6	134	0.1350	7	0	1	1	1	0	0	0	0	N	N	N	N	N	N	N	N	N	N	N	N	0.0000	0.0000	0.0000	0.0000	0.0000	0.0000	0.0000	0.0000	0.0000	0.0000	0.0000	0.0000	0.0000	0.0000	0.0000	0.0000	0.0000	0.0000	0.0000	0.0000	2.9996	0.0000	1.0000	0.0000	0.0000	0.0000	0.0000	0.0000	0.0000	0.0000	0.0000	0.0000	0.0000	0.0000	0.0000	0.0000	0.0000	0.0000	0.0000	0.0000	0.0000	0.0000	0.0000	0.0000	0.0000	0.0000	0.0000	0.0000	0.0000	0.0000	0.0000	0.0000	0.0000	0.0000	0.0000	0.0000	0.0000	0.0000	0.0000	0.0000	0.0000	0.0000	0.0000	0.0000	0.0000	0.0000	0.0000	0.0000	0.0000	0.0000	0.0000	0.0000	0.0000	0.0000	0.0000	0.0000	0.0000	0.0000											
6	135	0.1240	6	0	1	1	1	0	0	0	0	N	N	N	N	N	N	N	N	N	N	N	N	0.0000	0.0000	0.0000	0.0000	0.0000	0.0000	0.0000	0.0000	0.0000	0.0000	0.0000	0.0000	0.0000	0.0000	0.0000	0.0000	0.0000	0.0000	0.0000	0.0000	2.9996	2.0025	1.0000	0.9943	0.0000	0.0000	0.0000	0.0000	0.0000	0.0000	0.0000	0.0000	0.0000	0.0000	0.0000	0.0000	0.0000	0.0000	0.0000	0.0000	0.0000	0.0000	0.1947	0.1738	0.0209	0.1054	0.0970	0.0084	0.0893	0.0768	0.0125	0.0184	0.0071	0.0113	0.0004	0.0004	0.0000	0.0180	0.0067	0.0112	0.0000	0.0000	0.0000	0.0000	0.0000	0.0000	0.0000	0.0000	0.0000	0.0000	0.0000	0.0000	0.0000	0.0000	0.0000	0.0000	0.0000	0.0000											
6	136	0.1240	5	0	1	0	1	0	0	0	0	N	N	N	N	N	N	N	N	N	N	N	N	0.0000	0.0000	0.0000	0.0000	0.0000	0.0000	0.0000	0.0000	0.0000	0.0000	0.0000	0.0000	0.0000	0.0000	0.0000	0.0000	0.0000	0.0000	0.0000	0.0000	2.9996	0.0050	1.0000	0.0173	0.0000	0.0000	0.0000	0.0000	0.0000	0.0000	0.0000	0.0000	0.0000	0.0000	0.0000	0.0000	0.0000	0.0000	0.0000	0.0000	0.0000	0.0000	0.0010	0.0010	0.0001	0.0008	0.0008	0.0001	0.0002	0.0002	0.0000	0.0001	0.0001	0.0001	0.0000	0.0000	0.0000	0.0001	0.0001	0.0001	0.0000	0.0000	0.0000	0.0000	0.0000	0.0000	0.0000	0.0000	0.0000	0.0000	0.0000	0.0000	0.0000	0.0000	0.0000	0.0000	0.0000	0.0000											
6	137	0.1143	4	0	1	0	1	0	0	0	0	N	N	N	N	N	N	N	N	N	N	N	N	inf	inf	inf	inf	5.4971	6.1642	0.0000	10.5478	11.4476	0.0000	0.0000	0.0000	0.0000	0.0000	0.0000	0.0000	0.0000	0.0000	0.0000	0.0000	0.0000	0.0000	0.0000	-0.2602	0.0000	2.9996	1.9972	1.0000	1.0076	0.9999	0.9999	0.0000	0.9999	0.9999	0.0000	0.0000	0.0000	0.0000	0.0000	0.0000	0.0000	0.0000	0.0000	0.0000	0.0000	0.0000	0.0000	0.1819	0.1622	0.0197	0.0948	0.0873	0.0075	0.0871	0.0749	0.0122	0.0174	0.0067	0.0108	0.0004	0.0004	0.0000	0.0170	0.0063	0.0108	inf	inf	0.0000	inf	inf	0.0000	0.0000	0.0000	0.0000	0.0000	0.0000	0.0000	0.0000	0.0000	0.0000	0.0000	0.0000	0.0000						
6	138	0.0971	3	1	2	0	0	0	0	0	0	N	Y	N	N	N	N	N	N	N	N	N	N	0.0000	0.0000	0.0000	0.0000	0.0000	0.0000	0.0000	0.0000	0.0000	0.0000	0.0000	0.0000	0.0000	0.0000	0.0000	0.0000	0.0000	0.0000	0.0000	0.0000	2.9996	0.0002	1.0000	2.3255	0.0000	0.0000	0.0000	0.0000	0.0000	0.0000	0.0000	0.0000	0.0000	0.0000	0.0000	0.0000	0.0000	0.0000	0.0000	0.0000	0.0000	0.0000	0.0000	0.0000	0.0000	0.0000	0.0000	0.0000	0.0000	0.0000	0.0000	0.0218	0.0114	0.0104	0.0036	0.0034	0.0001	0.0182	0.0079	0.0103	0.0000	0.0000	0.0000	0.0000	0.0000	0.0000	0.0000	0.0000	0.0000	0.0000	0.0000	0.0000	0.0000	0.0000	0.0000	0.0000	0.0000	0.0000											
6	139	0.0792	2	1	2	0	0	0	0	0	0	N	Y	N	N	N	N	N	N	N	N	N	N	8994.1043	4299.2556	inf	12.6024	16.3347	inf	inf	inf	inf	3.7342	4.0616	0.0822	0.0283	0.0296	0.0021	6.0114	6.6987	0.1042	0.0004	0.0009	0.0000	0.0022	0.0018	0.0000	0.0000	0.0000	0.0000	0.0018	0.0000	-0.2596	-0.0000	2.9996	2.0138	1.0000	2.7349	1.0046	1.0028	0.0018	0.0029	0.0029	0.0000	1.0017	0.9999	0.0018	0.0000	0.0000	0.0000	0.0000	0.0000	0.0000	0.0000	0.0000	0.0000	0.2690	0.2469	0.0221	0.1024	0.0976	0.0048	0.1666	0.1493	0.0174	0.0537	0.0275	0.0262	0.0105	0.0101	0.0005	0.0432	0.0175	0.0257	20063.1094	11188.0930	inf	29.8515	29.8116	inf	inf	inf	inf	0.0002	0.0004	0.0000	0.0009	0.0010	0.0000	0.0000	0.0000	0.0000
6	140	0.0957	3	0	2	0	0	0	0	0	0	N	Y	N	N	N	N	N	N	N	N	N	N	inf	inf	inf	inf	inf	inf	inf	0.0050	0.0000	0.0591	0.0000	0.0000	0.0000	0.0098	0.0000	0.0826	0.0000	0.0000	0.0000	0.0000	0.0000	0.0000	0.0000	0.0000	0.0000	27329.0911	0.0010	0.0000	2.9996	1.9232	1.0000	1.1116	0.0013	0.0000	0.0013	0.0000	0.0000	0.0000	0.0013	0.0000	0.0013	0.0000	0.0000	0.0000	0.0000	0.0000	0.0000	0.0000	0.0000	0.0000	0.2615	0.2392	0.0223	0.1269	0.1206	0.0064	0.1346	0.1186	0.0160	0.0221	0.0097	0.0123	0.0019	0.0018	0.0001	0.0201	0.0079	0.0122	inf	inf	inf	inf	inf	0.0000	inf	0.0000	inf	0.0000	0.0000	0.0000	0.0000	0.0000	0.0000	0.0000	0.0000	0.0000			
6	141	0.6042	5	0	2	0	0	0	0	0	0	N	Y	N	N	N	N	N	N	N	N	N	N	inf	inf	inf	inf	0.0002	0.0002	0.0000	0.0002	0.0002	0.0000	0.0000	0.0000	0.0000	0.0000	0.0000	0.0000	0.0000	0.0000	0.0000	0.0000	0.0000	0.0000	0.0000	-0.0000	0.0000	2.9996	3.0000	1.0000	1.0000	0.0001	0.0001	0.0000	0.0001	0.0001	0.0000	0.0000	0.0000	0.0000	0.0000	0.0000	0.0000	0.0000	0.0000	0.0000	0.0000	0.0000	0.0000	0.4514	0.4098	0.0416	0.3125	0.2907	0.0219	0.1389	0.1192	0.0197	0.0274	0.0136	0.0139	0.0089	0.0076	0.0013	0.0185	0.0060	0.0125	inf	inf	0.0000	inf	inf	0.0000	0.0000	0.0000	0.0000	0.0000	0.0000	0.0000	0.0000	0.0000	0.0000	0.0000	0.0000	0.0000						
6	142	0.5850	4	0	1	0	0	0	0	0	0	N	N	N	N	N	N	N	N	N	N	N	N	0.0000	0.0000	0.0000	0.0000	0.0000	0.0000	0.0000	0.0000	0.0000	0.0000	0.0000	0.0000	0.0000	0.0000	0.0000	0.0000	0.0000	0.0000	0.0000	0.0000	2.9996	1.0000	1.0000	1.0000	0.0000	0.0000	0.0000	0.0000	0.0000	0.0000	0.0000	0.0000	0.0000	0.0000	0.0000	0.0000	0.0000	0.0000	0.0000	0.0000	0.0000	0.0000	0.1326	0.1195	0.0130	0.0834	0.0774	0.0060	0.0492	0.0421	0.0071	0.0143	0.0070	0.0073	0.0046	0.0039	0.0007	0.0098	0.0032	0.0066	0.0000	0.0000	0.0000	0.0000	0.0000	0.0000	0.0000	0.0000	0.0000	0.0000	0.0000	0.0000	0.0000	0.0000	0.0000	0.0000	0.0000	0.0000											
6	143	0.3346	3	0	1	0	0	0	0	0	0	N	N	N	N	N	N	N	N	N	N	N	N	4.8169	0.0002	inf	19.2469	0.0013	inf	inf	inf	inf	1.1239	0.0001	10.4503	2.9846	0.0002	45.5099	0.0645	0.0000	0.4904	0.2333	0.4238	0.0000	0.1551	0.1747	0.0000	0.0000	0.0000	0.0000	14360.2937	0.0000	0.7254	-0.0008	2.9996	7.1211	1.0000	10.9474	0.9806	0.0001	0.9805	0.9447	0.0001	0.9447	0.0358	0.0000	0.0358	0.0015	0.0015	0.0000	0.0015	0.0015	0.0000	0.0000	0.0000	0.0000	0.8725	0.7787	0.0938	0.3165	0.2958	0.0208	0.5559	0.4829	0.0731	0.2592	0.1661	0.0931	0.1202	0.1026	0.0176	0.1390	0.0635	0.0754	199.4948	0.0100	inf	245.7189	0.0162	inf	inf	inf	inf	0.0056	0.0088	0.0000	0.0121	0.0142	0.0000	0.0000	0.0000	0.0000
6	144	0.1398	2	0	1	0	0	0	0	0	0	N	N	N	N	N	N	N	N	N	N	N	N	5.9923	85.5710	317.6443	554.3032	252.0527	inf	25.0086	inf	867.7655	1.2115	0.0458	10.1045	0.9130	0.3515	12.5484	1.2486	0.0044	9.9922	0.2022	0.0005	0.0318	0.0016	0.0014	0.0000	0.0499	0.0000	0.0115	28.9139	48.7378	0.7447	0.0007	2.9996	8.5175	1.0000	23.1696	1.0542	0.0352	1.0190	0.0878	0.0323	0.0556	0.9664	0.0030	0.9634	0.0015	0.0000	0.0015	0.0000	0.0000	0.0000	0.0015	0.0000	0.0015	0.8702	0.7693	0.1008	0.0962	0.0918	0.0044	0.7740	0.6775	0.0964	0.2885	0.1574	0.1311	0.0446	0.0402	0.0043	0.2440	0.1172	0.1268	234.6100	240.6843	907.5817	1357.8991	471.7814	inf	208.6541	inf	867.7655	0.0052	0.0002	0.0111	0.0007	0.0007	0.0000	0.0060	0.0000	0.0115
6	145	0.1143	5	1	2	0	0	0	0	0	0	N	Y	N	N	N	N	N	N	N	N	N	N	0.0000	0.0000	0.0000	0.0000	0.0000	0.0000	0.0000	0.0000	0.0000	0.0000	0.0000	0.0000	0.0000	0.0000	0.0000	0.0000	0.0000	0.0000	0.0000	0.0000	2.9996	1.0000	1.0000	1.0000	0.0000	0.0000	0.0000	0.0000	0.0000	0.0000	0.0000	0.0000	0.0000	0.0000	0.0000	0.0000	0.0000	0.0000	0.0000	0.0000	0.0000	0.0000	0.0933	0.0832	0.0101	0.0491	0.0452	0.0039	0.0442	0.0380	0.0062	0.0117	0.0045	0.0073	0.0003	0.0003	0.0000	0.0115	0.0042	0.0072	0.0000	0.0000	0.0000	0.0000	0.0000	0.0000	0.0000	0.0000	0.0000	0.0000	0.0000	0.0000	0.0000	0.0000	0.0000	0.0000	0.0000	0.0000											
6	146	0.1143	4	0	2	0	0	0	0	0	0	N	Y	N	N	N	N	N	N	N	N	N	N	inf	inf	inf	inf	1.2285	0.0000	17.3901	0.0000	0.0000	0.0000	5.3030	0.0000	41.4036	0.0000	0.0000	0.0000	0.0000	0.0000	0.0000	0.0000	0.0000	0.0000	inf	0.0001	0.0000	2.9996	0.0003	1.0000	0.0000	0.0001	0.0000	0.0001	0.0000	0.0000	0.0000	0.0001	0.0000	0.0001	0.0000	0.0000	0.0000	0.0000	0.0000	0.0000	0.0000	0.0000	0.0000	0.0001	0.0001	0.0000	0.0001	0.0001	0.0000	0.0000	0.0000	0.0000	0.0000	0.0000	0.0000	0.0000	0.0000	0.0000	0.0000	0.0000	0.0000	inf	0.0000	inf	0.0000	0.0000	0.0000	inf	0.0000	inf	0.0000	0.0000	0.0000	0.0000	0.0000	0.0000	0.0000	0.0000	0.0000						
6	147	0.0957	3	0	1	0	0	0	0	0	0	N	N	N	N	N	N	N	N	N	N	N	N	inf	inf	inf	inf	inf	inf	inf	inf	0.0031	0.0004	0.0276	0.0005	0.0005	0.0000	0.0053	0.0003	0.0388	0.0000	0.0000	0.0000	0.0000	0.0000	0.0000	0.0000	0.0000	0.0000	7.3401	0.0009	0.0000	2.9996	4.9449	1.0000	1.0063	0.0015	0.0002	0.0013	0.0001	0.0001	0.0000	0.0014	0.0001	0.0013	0.0000	0.0000	0.0000	0.0000	0.0000	0.0000	0.0000	0.0000	0.0000	0.4772	0.4295	0.0478	0.2148	0.2010	0.0138	0.2625	0.2285	0.0340	0.0394	0.0168	0.0227	0.0023	0.0022	0.0001	0.0372	0.0146	0.0225	inf	inf	inf	inf	inf	0.0000	inf	inf	inf	0.0000	0.0000	0.0000	0.0000	0.0000	0.0000	0.0000	0.0000	0.0000		
6	148	0.0792	2	0	1	0	0	0	0	0	0	N	N	N	N	N	N	N	N	N	N	N	N	6454.0623	0.2626	inf	0.3199	0.3766	inf	inf	inf	inf	2.6641	0.0002	28.0768	0.0007	0.0007	0.0013	4.0893	0.0000	35.6007	0.0004	0.0009	0.0000	0.0022	0.0018	0.0000	0.0000	0.0000	0.0000	11896.2619	0.0000	0.7380	-0.0000	2.9996	3.4778	1.0000	1.2917	0.9977	0.0001	0.9976	0.0001	0.0001	0.0000	0.9976	0.0000	0.9976	0.0000	0.0000	0.0000	0.0000	0.0000	0.0000	0.0000	0.0000	0.0000	0.3745	0.3390	0.0355	0.1305	0.1230	0.0075	0.2440	0.2159	0.0280	0.0539	0.0276	0.0263	0.0105	0.0101	0.0005	0.0433	0.0175	0.0258	14352.8123	0.6831	inf	0.7577	0.6863	inf	inf	inf	inf	0.0002	0.0004	0.0000	0.0009	0.0010	0.0000	0.0000	0.0000	0.0000
6	150	0.1562	3	0	1	0	0	0	0	0	0	N	N	N	N	N	N	N	N	N	N	N	N	0.0000	0.0000	0.0000	0.0000	0.0000	0.0000	0.0000	0.0000	0.0000	0.0000	0.0000	0.0000	0.0000	0.0012	0.0024	0.0000	0.0068	0.0062	0.0000	0.0000	0.0000	0.0000	0.0000	0.0000	-0.0000	2.9996	3.7255	1.0000	14.1767	0.0000	0.0000	0.0000	0.0000	0.0000	0.0000	0.0000	0.0000	0.0000	0.0001	0.0001	0.0000	0.0001	0.0001	0.0000	0.0000	0.0000	0.0000	0.4955	0.4376	0.0579	0.0809	0.0782	0.0027	0.4146	0.3595	0.0552	0.2088	0.1219	0.0869	0.0349	0.0322	0.0027	0.1739	0.0897	0.0842	0.0000	0.0000	0.0000	0.0000	0.0000	0.0000	0.0000	0.0000	0.0000	0.0004	0.0007	0.0000	0.0023	0.0025	0.0000	0.0000	0.0000	0.0000						
6	151	0.1398	2	0	1	0	0	0	0	0	0	N	N	N	N	N	N	N	N	N	N	N	N	1.6490	10.6932	0.0000	3.8039	4.7110	inf	6.1742	inf	0.0000	0.0099	0.0112	0.0000	0.0080	0.0082	0.0000	0.0104	0.0122	0.0000	0.0060	0.0011	0.0016	0.0021	0.0017	0.0000	0.0017	0.0000	0.0017	0.0000	2.6668	-0.0006	0.0000	2.9996	1.4205	1.0000	4.0377	0.0025	0.0025	0.0000	0.0004	0.0004	0.0000	0.0021	0.0021	0.0000	0.0001	0.0000	0.0001	0.0000	0.0000	0.0000	0.0001	0.0000	0.0001	0.2501	0.2206	0.0295	0.0534	0.0525	0.0009	0.1966	0.1680	0.0286	0.1240	0.0750	0.0490	0.0331	0.0318	0.0013	0.0909	0.0432	0.0477	11.1812	28.1188	0.0000	8.8744	8.6690	inf	11.8505	inf	0.0000	0.0009	0.0004	0.0016	0.0009	0.0009	0.0000	0.0009	0.0000	0.0017
7	8	0.1128	6	0	1	1	1	0	0	0	0	N	N	N	N	N	N	N	N	N	N	N	N	0.0000	0.0000	0.0000	0.0000	0.0000	0.0000	0.0000	0.0000	0.0000	0.0000	0.0000	0.0000	0.0000	0.0000	0.0000	0.0000	0.0000	0.0000	0.0000	0.0000	1.4589	0.0000	1.1370	0.0000	0.0000	0.0000	0.0000	0.0000	0.0000	0.0000	0.0000	0.0000	0.0000	0.0000	0.0000	0.0000	0.0000	0.0000	0.0000	0.0000	0.0000	0.0000	0.0000	0.0000	0.0000	0.0000	0.0000	0.0000	0.0000	0.0000	0.0000	0.0000	0.0000	0.0000	0.0000	0.0000	0.0000	0.0000	0.0000	0.0000	0.0000	0.0000	0.0000	0.0000	0.0000	0.0000	0.0000	0.0000	0.0000	0.0000	0.0000	0.0000	0.0000	0.0000	0.0000	0.0000	0.0000	0.0000											
7	9	0.6733	9	0	1	1	1	0	0	0	0	N	N	N	N	N	N	N	N	N	N	N	N	0.0000	0.0000	0.0000	0.0000	0.0000	0.0000	0.0000	0.0000	0.0000	0.0000	0.0000	0.0000	0.0000	0.0085	0.0152	0.0000	0.0097	0.0100	0.0000	0.0000	0.0000	0.0000	0.0000	0.0000	-0.0000	1.4589	0.0000	1.1370	2.0000	0.0000	0.0000	0.0000	0.0000	0.0000	0.0000	0.0000	0.0000	0.0000	0.0000	0.0000	0.0000	0.0000	0.0000	0.0000	0.0000	0.0000	0.0000	0.0000	0.0000	0.0000	0.0000	0.0000	0.0000	0.0000	0.0000	0.0000	0.0089	0.0050	0.0040	0.0036	0.0031	0.0005	0.0054	0.0019	0.0035	0.0000	0.0000	0.0000	0.0000	0.0000	0.0000	0.0000	0.0000	0.0000	0.0011	0.0020	0.0000	0.0028	0.0033	0.0000	0.0000	0.0000	0.0000						
7	10	0.0878	3	1	2	0	0	0	0	0	0	N	Y	N	N	N	N	N	N	N	N	N	N	0.0111	0.0072	0.2081	0.0247	0.0381	0.0268	0.0032	0.0000	0.0940	0.0026	0.0027	0.0008	0.0051	0.0051	0.0053	0.0000	0.0000	0.0003	0.2327	0.3811	0.0037	0.2052	0.1328	0.1964	0.0111	0.0002	0.0028	0.0221	0.5598	-0.0000	-0.0000	1.4589	0.0266	1.1370	2.0614	0.0000	0.0000	0.0000	0.0000	0.0000	0.0000	0.0000	0.0000	0.0000	0.0002	0.0002	0.0001	0.0002	0.0002	0.0000	0.0001	0.0000	0.0001	0.0138	0.0127	0.0010	0.0070	0.0069	0.0001	0.0068	0.0059	0.0009	0.0446	0.0203	0.0242	0.0128	0.0125	0.0003	0.0317	0.0078	0.0239	0.4655	0.3495	0.2081	0.3630	0.4005	0.0763	0.0166	0.0000	0.0940	0.0056	0.0078	0.0037	0.0140	0.0126	0.0691	0.0021	0.0000	0.0028
7	11	0.6571	6	1	2	0	0	0	0	0	0	N	Y	N	N	N	N	N	N	N	N	N	N	inf	inf	inf	inf	inf	inf	1.5175	1.6531	0.0000	1.7849	1.9212	0.0000	0.0001	0.0001	0.0000	0.0000	0.0000	0.0000	0.0000	0.0000	0.0000	0.0000	0.0000	0.0000	0.0000	-0.2574	0.0000	1.4589	6.9996	1.1370	1.0001	0.9894	0.9894	0.0000	0.9894	0.9894	0.0000	0.0000	0.0000	0.0000	0.0000	0.0000	0.0000	0.0000	0.0000	0.0000	0.0000	0.0000	0.0000	0.6520	0.5985	0.0535	0.5543	0.5150	0.0393	0.0977	0.0835	0.0142	0.0272	0.0165	0.0107	0.0142	0.0123	0.0019	0.0129	0.0042	0.0087	inf	inf	0.0000	inf	inf	0.0000	inf	inf	0.0000	0.0000	0.0000	0.0000	0.0000	0.0000	0.0000	0.0000	0.0000	0.0000				
7	12	0.0884	3	1	1	1	0	0	0	0	0	N	N	N	N	N	N	N	N	N	N	N	N	0.0000	0.0000	0.0000	0.0000	0.0000	0.0000	0.0000	0.0000	0.0000	0.0000	0.0000	0.0000	0.0000	0.0000	0.0000	0.0000	0.0000	0.0000	0.0000	0.0000	1.4589	0.0000	1.1370	1.0091	0.0000	0.0000	0.0000	0.0000	0.0000	0.0000	0.0000	0.0000	0.0000	0.0000	0.0000	0.0000	0.0000	0.0000	0.0000	0.0000	0.0000	0.0000	0.0000	0.0000	0.0000	0.0000	0.0000	0.0000	0.0000	0.0000	0.0000	0.0072	0.0022	0.0050	0.0003	0.0003	0.0000	0.0068	0.0018	0.0050	0.0000	0.0000	0.0000	0.0000	0.0000	0.0000	0.0000	0.0000	0.0000	0.0000	0.0000	0.0000	0.0000	0.0000	0.0000	0.0000	0.0000	0.0000											
7	13	0.6783	10	1	1	1	0	0	0	0	0	N	N	N	N	N	N	N	N	N	N	N	N	0.0000	0.0000	0.0000	0.0000	0.0000	0.0000	0.0000	0.0000	0.0000	0.0000	0.0000	0.0000	0.0000	0.0000	0.0000	0.0000	0.0000	0.0000	0.0000	0.0000	1.4589	0.0000	1.1370	0.0000	0.0000	0.0000	0.0000	0.0000	0.0000	0.0000	0.0000	0.0000	0.0000	0.0000	0.0000	0.0000	0.0000	0.0000	0.0000	0.0000	0.0000	0.0000	0.0000	0.0000	0.0000	0.0000	0.0000	0.0000	0.0000	0.0000	0.0000	0.0000	0.0000	0.0000	0.0000	0.0000	0.0000	0.0000	0.0000	0.0000	0.0000	0.0000	0.0000	0.0000	0.0000	0.0000	0.0000	0.0000	0.0000	0.0000	0.0000	0.0000	0.0000	0.0000	0.0000	0.0000	0.0000	0.0000											
7	14	0.6783	9	1	1	1	0	0	0	0	0	N	N	N	N	N	N	N	N	N	N	N	N	0.0000	0.0000	0.0000	0.0000	0.0000	0.0000	0.0000	0.0000	0.0000	0.0000	0.0000	0.0000	0.0000	0.0000	0.0000	0.0000	0.0000	0.0000	0.0000	0.0000	1.4589	0.0000	1.1370	0.0000	0.0000	0.0000	0.0000	0.0000	0.0000	0.0000	0.0000	0.0000	0.0000	0.0000	0.0000	0.0000	0.0000	0.0000	0.0000	0.0000	0.0000	0.0000	0.0000	0.0000	0.0000	0.0000	0.0000	0.0000	0.0000	0.0000	0.0000	0.0000	0.0000	0.0000	0.0000	0.0000	0.0000	0.0000	0.0000	0.0000	0.0000	0.0000	0.0000	0.0000	0.0000	0.0000	0.0000	0.0000	0.0000	0.0000	0.0000	0.0000	0.0000	0.0000	0.0000	0.0000	0.0000	0.0000											
7	15	0.1082	4	1	2	0	1	0	0	0	0	N	Y	N	N	N	N	N	N	N	N	N	N	2.9328	2.5269	0.3531	0.4399	0.5999	0.0000	43.4975	inf	0.5404	0.0003	0.0004	0.0000	0.0002	0.0002	0.0000	0.0004	0.0004	0.0000	0.0001	0.0001	0.0000	0.0005	0.0004	0.0006	0.0000	0.0000	0.0000	0.0020	5.0029	-0.0000	0.0000	1.4589	1.0049	1.1370	0.9915	0.0001	0.0001	0.0000	0.0000	0.0000	0.0000	0.0000	0.0000	0.0000	0.0000	0.0000	0.0000	0.0000	0.0000	0.0000	0.0000	0.0000	0.0000	0.1813	0.1622	0.0190	0.0666	0.0617	0.0049	0.1147	0.1005	0.0142	0.0346	0.0151	0.0196	0.0012	0.0011	0.0001	0.0334	0.0139	0.0195	27.3369	79.5613	0.3531	2.3064	3.8340	0.0000	43.4975	inf	0.5404	0.0000	0.0000	0.0000	0.0001	0.0001	0.0005	0.0000	0.0000	0.0000
7	16	0.7111	9	1	2	0	1	0	0	0	0	N	Y	N	N	N	N	N	N	N	N	N	N	0.0000	0.0000	0.0000	0.0000	0.0000	0.0000	0.0000	0.0000	0.0000	0.0000	0.0000	0.0000	0.0000	0.0000	0.0000	0.0001	0.0000	0.0000	0.0001	0.0000	0.0000	0.0000	0.0000	0.0000	inf	0.0000	0.0000	1.4589	2.0025	1.1370	0.0085	0.0000	0.0000	0.0000	0.0000	0.0000	0.0000	0.0000	0.0000	0.0000	0.0000	0.0000	0.0000	0.0000	0.0000	0.0000	0.0000	0.0000	0.0000	0.2350	0.2227	0.0122	0.2067	0.1986	0.0081	0.0282	0.0241	0.0041	0.0064	0.0041	0.0023	0.0035	0.0031	0.0005	0.0029	0.0010	0.0019	0.0000	0.0000	0.0000	0.0000	0.0000	0.0000	0.0000	0.0000	0.0000	0.0000	0.0000	0.0000	0.0000	0.0000	0.0000	0.0000	0.0000	0.0000				
7	17	0.0945	5	1	1	1	0	0	0	0	0	N	N	N	N	N	N	N	N	N	N	N	N	0.0000	0.0000	0.0000	0.0000	0.0000	0.0000	0.0000	0.0000	0.0000	0.0000	0.0000	0.0000	0.0000	0.0000	0.0000	0.0000	0.0000	0.0000	0.0000	0.0000	1.4589	0.0000	1.1370	0.0000	0.0000	0.0000	0.0000	0.0000	0.0000	0.0000	0.0000	0.0000	0.0000	0.0000	0.0000	0.0000	0.0000	0.0000	0.0000	0.0000	0.0000	0.0000	0.0000	0.0000	0.0000	0.0000	0.0000	0.0000	0.0000	0.0000	0.0000	0.0000	0.0000	0.0000	0.0000	0.0000	0.0000	0.0000	0.0000	0.0000	0.0000	0.0000	0.0000	0.0000	0.0000	0.0000	0.0000	0.0000	0.0000	0.0000	0.0000	0.0000	0.0000	0.0000	0.0000	0.0000	0.0000	0.0000											
7	18	0.6617	6	0	1	1	0	0	0	0	0	N	N	N	N	N	N	N	N	N	N	N	N	0.0000	0.0000	0.0000	0.0000	0.0000	0.0000	0.0000	0.0000	0.0000	0.0000	0.0000	0.0000	0.0000	0.0000	0.0000	0.0000	0.0000	0.0000	0.0000	0.0000	1.4589	0.0000	1.1370	0.0000	0.0000	0.0000	0.0000	0.0000	0.0000	0.0000	0.0000	0.0000	0.0000	0.0000	0.0000	0.0000	0.0000	0.0000	0.0000	0.0000	0.0000	0.0000	0.0000	0.0000	0.0000	0.0000	0.0000	0.0000	0.0000	0.0000	0.0000	0.0000	0.0000	0.0000	0.0000	0.0000	0.0000	0.0000	0.0000	0.0000	0.0000	0.0000	0.0000	0.0000	0.0000	0.0000	0.0000	0.0000	0.0000	0.0000	0.0000	0.0000	0.0000	0.0000	0.0000	0.0000	0.0000	0.0000											
7	19	0.0598	2	1	2	0	0	0	0	0	0	N	Y	N	N	N	N	N	N	N	N	N	N	inf	inf	inf	inf	0.0191	0.0210	0.0000	0.0867	0.0891	0.0000	0.0000	0.0000	0.0000	0.0000	0.0000	0.0000	0.0000	0.0000	0.0000	0.0000	0.0000	0.0000	0.0000	-0.0016	0.0000	1.4589	3.0000	1.1370	0.0000	0.0061	0.0061	0.0000	0.0061	0.0061	0.0000	0.0000	0.0000	0.0000	0.0000	0.0000	0.0000	0.0000	0.0000	0.0000	0.0000	0.0000	0.0000	0.3193	0.2910	0.0283	0.0703	0.0685	0.0018	0.2489	0.2225	0.0265	0.0411	0.0195	0.0217	0.0070	0.0069	0.0001	0.0341	0.0125	0.0216	inf	inf	0.0000	inf	inf	0.0000	0.0000	0.0000	0.0000	0.0000	0.0000	0.0000	0.0000	0.0000	0.0000	0.0000	0.0000	0.0000						
7	20	0.0822	3	0	2	0	0	0	0	0	0	N	Y	N	N	N	N	N	N	N	N	N	N	0.0000	0.0000	0.0000	0.0000	0.0000	0.0000	0.0000	0.0000	0.0000	0.0000	0.0000	0.0000	0.0000	0.0000	0.0000	0.0000	0.0000	0.0000	0.0000	0.0000	1.4589	0.0000	1.1370	1.0000	0.0000	0.0000	0.0000	0.0000	0.0000	0.0000	0.0000	0.0000	0.0000	0.0000	0.0000	0.0000	0.0000	0.0000	0.0000	0.0000	0.0000	0.0000	0.0000	0.0000	0.0000	0.0000	0.0000	0.0000	0.0000	0.0000	0.0000	0.0104	0.0045	0.0059	0.0024	0.0024	0.0000	0.0080	0.0021	0.0059	0.0000	0.0000	0.0000	0.0000	0.0000	0.0000	0.0000	0.0000	0.0000	0.0000	0.0000	0.0000	0.0000	0.0000	0.0000	0.0000	0.0000	0.0000											
7	21	0.1082	4	0	1	0	1	0	0	0	0	N	N	N	N	N	N	N	N	N	N	N	N	1.5967	1.3712	0.1979	0.2366	0.3208	0.0000	24.3025	inf	0.3047	0.0002	0.0002	0.0000	0.0001	0.0001	0.0000	0.0002	0.0002	0.0000	0.0001	0.0001	0.0000	0.0005	0.0004	0.0006	0.0000	0.0000	0.0000	0.0020	4.8881	-0.0000	0.0000	1.4589	2.0045	1.1370	0.0106	0.0001	0.0001	0.0000	0.0000	0.0000	0.0000	0.0000	0.0000	0.0000	0.0000	0.0000	0.0000	0.0000	0.0000	0.0000	0.0000	0.0000	0.0000	0.3367	0.3016	0.0351	0.1252	0.1160	0.0092	0.2115	0.1856	0.0259	0.0349	0.0152	0.0197	0.0012	0.0011	0.0001	0.0337	0.0141	0.0197	15.1345	43.1612	0.1979	1.2545	2.0568	0.0000	24.3025	inf	0.3047	0.0000	0.0000	0.0000	0.0001	0.0001	0.0005	0.0000	0.0000	0.0000
7	22	0.0790	3	0	1	0	1	0	0	0	0	N	N	N	N	N	N	N	N	N	N	N	N	7912.9321	6574.6584	0.0000	2985.3112	3532.4663	23217.2114	2732.6303	0.0000	1.1408	1.2472	0.0000	0.9847	1.0172	0.0000	1.2022	1.3452	0.0000	0.0001	0.0002	0.0000	0.0003	0.0003	0.0000	0.0001	0.0005	0.0000	0.0000	3.0523	-0.1193	0.0000	1.4589	1.9989	1.1370	1.0099	0.4585	0.4585	0.0000	0.1118	0.1118	0.0000	0.3467	0.3467	0.0000	0.0000	0.0000	0.0000	0.0000	0.0000	0.0000	0.0000	0.0000	0.0000	0.4019	0.3676	0.0343	0.1135	0.1099	0.0036	0.2884	0.2577	0.0307	0.0679	0.0338	0.0340	0.0120	0.0119	0.0001	0.0559	0.0220	0.0339	45664.6488	100863.4917	0.0000	33874.6852	34609.3237	0.0000	49879.0694	425728.9511	0.0000	0.0000	0.0000	0.0000	0.0000	0.0000	0.0000	0.0000	0.0000	0.0000	
7	23	0.6579	8	0	2	0	1	0	0	0	0	N	Y	N	N	N	N	N	N	N	N	N	N	0.0000	0.0000	0.0000	0.0000	0.0000	0.0000	0.0000	0.0000	0.0000	0.0000	0.0000	0.0000	0.0000	0.0000	0.0000	0.0000	0.0000	0.3035	0.5327	0.0000	0.2338	0.2477	0.0000	0.0000	0.0000	0.0000	0.0004	0.0000	-0.0000	1.4589	0.0000	1.1370	1.0024	0.0000	0.0000	0.0000	0.0000	0.0000	0.0000	0.0000	0.0000	0.0000	0.0000	0.0000	0.0000	0.0000	0.0000	0.0000	0.0000	0.0000	0.0000	0.0000	0.0000	0.0000	0.0000	0.0000	0.0000	0.0000	0.0000	0.0000	0.0047	0.0026	0.0021	0.0019	0.0016	0.0003	0.0028	0.0010	0.0018	0.0000	0.0000	0.0000	0.0000	0.0000	0.0000	0.0000	0.0000	0.0000	0.0064	0.0115	0.0000	0.0158	0.0183	0.0000	0.0000	0.0000	0.0000		
7	24	0.0822	3	0	2	0	0	0	0	0	0	N	Y	N	N	N	N	N	N	N	N	N	N	0.0000	0.0000	0.0000	0.0000	0.0000	0.0000	0.0000	0.0000	0.0000	0.0000	0.0000	0.0000	0.0000	0.0000	0.0000	0.0000	0.0000	0.0000	0.0000	0.0000	1.4589	0.0000	1.1370	0.0000	0.0000	0.0000	0.0000	0.0000	0.0000	0.0000	0.0000	0.0000	0.0000	0.0000	0.0000	0.0000	0.0000	0.0000	0.0000	0.0000	0.0000	0.0000	0.0000	0.0000	0.0000	0.0000	0.0000	0.0000	0.0000	0.0000	0.0000	0.0000	0.0000	0.0000	0.0000	0.0000	0.0000	0.0000	0.0000	0.0000	0.0000	0.0000	0.0000	0.0000	0.0000	0.0000	0.0000	0.0000	0.0000	0.0000	0.0000	0.0000	0.0000	0.0000	0.0000	0.0000	0.0000	0.0000											
7	25	0.6897	8	0	2	0	0	0	0	0	0	N	Y	N	N	N	N	N	N	N	N	N	N	0.0003	0.0002	0.0318	0.0010	0.0011	inf	0.1196	inf	0.0102	0.0001	0.0001	0.0000	0.0001	0.0001	0.0000	0.0000	0.0000	0.0000	0.3107	0.4652	0.0002	0.1133	0.1087	0.0000	0.0002	0.0000	0.0002	0.0052	0.0103	-0.0000	-0.0000	1.4589	0.9998	1.1370	0.0242	0.0000	0.0000	0.0000	0.0000	0.0000	0.0000	0.0000	0.0000	0.0000	0.0000	0.0000	0.0000	0.0000	0.0000	0.0000	0.0000	0.0000	0.0000	0.1166	0.1068	0.0098	0.1007	0.0929	0.0078	0.0160	0.0139	0.0020	0.0070	0.0046	0.0024	0.0043	0.0040	0.0002	0.0027	0.0006	0.0022	0.0153	0.0111	0.0318	0.0106	0.0108	inf	0.1488	inf	0.0102	0.0066	0.0099	0.0002	0.0106	0.0113	0.0000	0.0002	0.0000	0.0002
7	26	0.7274	11	0	2	0	1	0	0	0	0	N	Y	N	N	N	N	N	N	N	N	N	N	0.0000	0.0000	0.0000	0.0000	0.0000	0.0000	0.0000	0.0000	0.0000	0.0000	0.0000	0.0000	0.0000	0.0000	0.0000	0.0000	0.0000	0.0000	0.0000	0.0000	1.4589	0.0000	1.1370	0.0000	0.0000	0.0000	0.0000	0.0000	0.0000	0.0000	0.0000	0.0000	0.0000	0.0000	0.0000	0.0000	0.0000	0.0000	0.0000	0.0000	0.0000	0.0000	0.0000	0.0000	0.0000	0.0000	0.0000	0.0000	0.0000	0.0000	0.0000	0.0000	0.0000	0.0000	0.0000	0.0000	0.0000	0.0000	0.0000	0.0000	0.0000	0.0000	0.0000	0.0000	0.0000	0.0000	0.0000	0.0000	0.0000	0.0000	0.0000	0.0000	0.0000	0.0000	0.0000	0.0000	0.0000	0.0000											
7	27	0.1059	3	1	2	0	0	0	0	0	0	N	Y	N	N	N	N	N	N	N	N	N	N	0.1427	0.0554	17.6511	0.0452	0.0515	1.2440	452.0015	42.0962	20.7817	0.0194	0.0212	0.0008	0.0134	0.0141	0.0008	0.0240	0.0271	0.0008	0.1361	0.3832	0.0000	0.2964	0.2732	0.0006	0.0001	0.0006	0.0000	0.0036	0.0052	-0.0000	-0.0002	1.4589	0.0418	1.1370	6.1659	0.0001	0.0001	0.0000	0.0000	0.0000	0.0000	0.0001	0.0001	0.0000	0.0003	0.0003	0.0000	0.0003	0.0003	0.0000	0.0000	0.0000	0.0000	0.0069	0.0063	0.0006	0.0030	0.0028	0.0002	0.0039	0.0035	0.0005	0.0798	0.0414	0.0384	0.0178	0.0173	0.0005	0.0620	0.0241	0.0379	4.7407	2.7021	17.6511	0.7317	0.7492	1.4306	950.8201	4664.1325	20.7817	0.0041	0.0079	0.0000	0.0183	0.0188	0.0005	0.0000	0.0000	0.0000
7	28	0.1128	6	0	1	0	1	0	0	0	0	N	N	N	N	N	N	N	N	N	N	N	N	1349.1259	9649.1080	0.0773	123.6995	162.9944	0.2326	4912.7031	11230.0154	0.0752	3.8227	4.2411	0.0001	0.0944	0.1032	0.0001	5.5565	6.2078	0.0001	0.0028	0.0004	0.0010	0.0008	0.0006	0.0003	0.0011	0.0006	0.0010	0.0000	8.4525	-0.1954	0.0000	1.4589	1.5398	1.1370	1.0296	0.7509	0.7509	0.0000	0.0059	0.0059	0.0000	0.7450	0.7450	0.0000	0.0000	0.0000	0.0000	0.0000	0.0000	0.0000	0.0000	0.0000	0.0000	0.1964	0.1770	0.0194	0.0624	0.0570	0.0053	0.1341	0.1200	0.0141	0.0270	0.0123	0.0148	0.0084	0.0073	0.0011	0.0187	0.0050	0.0137	6394.0364	30427.1319	0.0773	391.4536	444.1070	0.2344	7336.6276	1558370.4663	0.0752	0.0006	0.0001	0.0010	0.0002	0.0002	0.0003	0.0008	0.0000	0.0010
7	29	0.1077	5	0	1	0	1	0	0	0	0	N	N	N	N	N	N	N	N	N	N	N	N	92.9237	81.9121	26.5906	6.9350	7.5663	1.4042	1149.3794	558.6602	29.0122	2.4000	2.6269	0.0380	0.1246	0.1286	0.0022	3.1775	3.5515	0.0417	0.0258	0.0321	0.0014	0.0180	0.0170	0.0016	0.0028	0.0064	0.0014	0.0014	0.5226	-0.0603	-0.0000	1.4589	0.8816	1.1370	0.0702	0.2328	0.2325	0.0003	0.0031	0.0031	0.0000	0.2297	0.2294	0.0003	0.0000	0.0000	0.0000	0.0000	0.0000	0.0000	0.0000	0.0000	0.0000	0.0970	0.0885	0.0085	0.0247	0.0239	0.0008	0.0723	0.0646	0.0077	0.0114	0.0054	0.0060	0.0037	0.0033	0.0004	0.0077	0.0021	0.0055	1101.9631	874.8210	26.5906	28.7998	27.3461	1.6995	2789.6985	9737.7282	29.0122	0.0022	0.0030	0.0014	0.0043	0.0047	0.0013	0.0011	0.0004	0.0014
7	30	0.6733	9	0	1	0	1	0	0	0	0	N	N	N	N	N	N	N	N	N	N	N	N	0.0000	0.0000	0.0000	0.0000	0.0000	0.0000	0.0000	0.0000	0.0000	0.0000	0.0000	0.0000	0.0000	0.0000	0.0000	0.0000	0.0000	0.0000	0.0000	0.0000	1.4589	0.0000	1.1370	0.0000	0.0000	0.0000	0.0000	0.0000	0.0000	0.0000	0.0000	0.0000	0.0000	0.0000	0.0000	0.0000	0.0000	0.0000	0.0000	0.0000	0.0000	0.0000	0.0000	0.0000	0.0000	0.0000	0.0000	0.0000	0.0000	0.0000	0.0000	0.0000	0.0000	0.0000	0.0000	0.0000	0.0000	0.0000	0.0000	0.0000	0.0000	0.0000	0.0000	0.0000	0.0000	0.0000	0.0000	0.0000	0.0000	0.0000	0.0000	0.0000	0.0000	0.0000	0.0000	0.0000	0.0000	0.0000											
7	31	0.6801	7	1	1	1	0	0	0	0	0	N	N	N	N	N	N	N	N	N	N	N	N	0.0000	0.0000	0.0000	0.0000	0.0000	0.0000	0.0000	0.0000	0.0000	0.0000	0.0000	0.0000	0.0000	0.0000	0.0000	0.0000	0.0000	0.0000	0.0000	0.0000	1.4589	0.0000	1.1370	0.0000	0.0000	0.0000	0.0000	0.0000	0.0000	0.0000	0.0000	0.0000	0.0000	0.0000	0.0000	0.0000	0.0000	0.0000	0.0000	0.0000	0.0000	0.0000	0.0000	0.0000	0.0000	0.0000	0.0000	0.0000	0.0000	0.0000	0.0000	0.0000	0.0000	0.0000	0.0000	0.0000	0.0000	0.0000	0.0000	0.0000	0.0000	0.0000	0.0000	0.0000	0.0000	0.0000	0.0000	0.0000	0.0000	0.0000	0.0000	0.0000	0.0000	0.0000	0.0000	0.0000	0.0000	0.0000											
7	32	0.6159	5	0	2	0	0	0	0	0	0	N	Y	N	N	N	N	N	N	N	N	N	N	inf	inf	inf	inf	0.1728	0.1992	0.0000	0.2405	0.2805	0.0000	0.0000	0.0000	0.0000	0.0000	0.0000	0.0000	0.0000	0.0000	0.0000	0.0000	0.0000	0.0000	0.0000	-0.0000	0.0000	1.4589	0.0006	1.1370	3.0000	0.0000	0.0000	0.0000	0.0000	0.0000	0.0000	0.0000	0.0000	0.0000	0.0000	0.0000	0.0000	0.0000	0.0000	0.0000	0.0000	0.0000	0.0000	0.0002	0.0002	0.0000	0.0001	0.0001	0.0000	0.0001	0.0000	0.0000	0.0227	0.0140	0.0087	0.0113	0.0106	0.0008	0.0114	0.0034	0.0079	inf	inf	0.0000	inf	inf	0.0000	0.0000	0.0000	0.0000	0.0000	0.0000	0.0000	0.0000	0.0000	0.0000	0.0000	0.0000	0.0000						
7	33	0.6159	5	0	2	0	0	0	0	0	0	N	Y	N	N	N	N	N	N	N	N	N	N	0.0266	inf	0.0000	inf	inf	0.0000	0.0000	0.0002	0.0002	0.0000	0.0002	0.0002	0.0000	0.0000	0.0000	0.0000	0.0059	0.0000	0.0023	0.0000	0.0000	0.0000	0.0073	0.0000	0.0026	0.0000	inf	-0.0000	0.0000	1.4589	2.0006	1.1370	8.0000	0.0000	0.0000	0.0000	0.0000	0.0000	0.0000	0.0000	0.0000	0.0000	0.0001	0.0000	0.0001	0.0000	0.0000	0.0000	0.0001	0.0000	0.0001	0.2034	0.1867	0.0167	0.1550	0.1454	0.0096	0.0484	0.0413	0.0071	0.0677	0.0418	0.0258	0.0336	0.0312	0.0024	0.0341	0.0106	0.0235	0.1779	inf	0.0000	inf	inf	0.0000	0.0000	0.0000	0.0000	0.0009	0.0000	0.0023	0.0000	0.0000	0.0000	0.0018	0.0000	0.0026		
7	34	0.6571	6	1	2	0	0	0	0	0	0	N	Y	N	N	N	N	N	N	N	N	N	N	36.7980	inf	501.7213	19031.8797	inf	1304123.9082	0.1870	inf	7.2466	1.7251	1.2786	6.7519	2.0596	1.5081	9.4342	0.0094	0.0001	0.0649	0.0469	0.0000	0.0135	0.0001	0.0000	0.0000	0.0501	0.0000	0.0090	0.4691	inf	0.0849	0.0001	1.4589	10.0001	1.1370	4.0001	1.4359	0.9774	0.4585	1.4347	0.9774	0.4573	0.0013	0.0000	0.0013	0.0001	0.0000	0.0001	0.0000	0.0000	0.0000	0.0001	0.0000	0.0001	0.8324	0.7644	0.0679	0.6966	0.6481	0.0485	0.1358	0.1163	0.0194	0.0452	0.0275	0.0177	0.0237	0.0205	0.0032	0.0215	0.0070	0.0145	600.2054	inf	921.2273	2086662.6090	inf	1304123.9082	1.5524	inf	7.2466	0.0029	0.0000	0.0073	0.0000	0.0000	0.0000	0.0060	0.0000	0.0090
7	35	0.6159	5	0	2	0	0	0	0	0	0	N	Y	N	N	N	N	N	N	N	N	N	N	39.7188	0.0069	inf	74.3286	0.0334	inf	inf	inf	1.5554	0.0007	18.8681	2.0521	0.0009	33.0332	0.0013	0.0000	0.0086	0.0392	0.1020	0.0000	0.0276	0.0271	0.0000	0.0000	0.0000	0.0000	2413.0416	0.0000	0.3391	-0.0001	1.4589	3.0004	1.1370	2.0000	0.4587	0.0002	0.4585	0.4586	0.0002	0.4584	0.0001	0.0000	0.0001	0.0001	0.0001	0.0000	0.0001	0.0001	0.0000	0.0000	0.0000	0.0000	0.2949	0.2706	0.0243	0.2235	0.2096	0.0139	0.0714	0.0610	0.0104	0.0366	0.0226	0.0140	0.0182	0.0170	0.0012	0.0184	0.0056	0.0127	568.9255	0.1587	inf	373.8837	0.1540	inf	inf	0.0000	inf	0.0027	0.0044	0.0000	0.0055	0.0059	0.0000	0.0000	0.0000	0.0000	
7	36	0.0598	2	0	2	0	0	0	0	0	0	N	Y	N	N	N	N	N	N	N	N	N	N	42.0710	0.0000	inf	7.2620	0.0000	inf	inf	inf	1.4361	0.0000	16.2001	1.5891	0.0000	60.5481	1.3929	0.0000	13.1058	0.0341	0.1564	0.0000	0.2188	0.1925	0.0000	0.0000	0.0000	0.0000	inf	0.0000	0.3392	-0.0001	1.4589	3.0000	1.1370	3.0000	0.4585	0.0000	0.4585	0.1118	0.0000	0.1118	0.3467	0.0000	0.3467	0.0002	0.0002	0.0000	0.0002	0.0002	0.0000	0.0000	0.0000	0.0000	0.3193	0.2910	0.0283	0.0703	0.0685	0.0018	0.2489	0.2225	0.0265	0.0770	0.0365	0.0405	0.0131	0.0130	0.0001	0.0638	0.0235	0.0403	581.7889	0.0000	inf	109.7919	0.0000	inf	inf	0.0000	inf	0.0025	0.0052	0.0000	0.0145	0.0146	0.0000	0.0000	0.0000	0.0000	
7	37	0.6460	6	1	2	0	0	0	0	0	0	N	Y	N	N	N	N	N	N	N	N	N	N	inf	inf	inf	inf	inf	inf	inf	inf	0.0141	0.0000	0.1771	0.0183	0.0000	0.3094	0.0001	0.0000	0.0007	0.0000	0.0000	0.0000	0.0000	0.0000	0.0000	0.0000	0.0000	0.0000	731.3096	0.0045	0.0000	1.4589	4.2779	1.1370	3.9542	0.0061	0.0000	0.0061	0.0061	0.0000	0.0061	0.0000	0.0000	0.0000	0.0000	0.0000	0.0000	0.0000	0.0000	0.0000	0.0000	0.0000	0.0000	0.4343	0.3999	0.0344	0.3333	0.3136	0.0197	0.1010	0.0863	0.0148	0.0367	0.0207	0.0160	0.0151	0.0132	0.0020	0.0216	0.0075	0.0141	inf	inf	inf	inf	inf	inf	inf	0.0000	inf	0.0000	0.0000	0.0000	0.0000	0.0000	0.0000	0.0000	0.0000	0.0000		
7	38	0.1264	6	1	2	0	0	0	0	0	0	N	Y	N	N	N	N	N	N	N	N	N	N	5384.9300	7263.4963	0.2621	3876.7265	4622.1138	10.8042	8837.9958	2744.1299	0.0372	1.5229	1.6685	0.0000	1.3704	1.4152	0.0004	1.5796	1.7706	0.0000	0.0003	0.0002	0.0002	0.0004	0.0003	0.0000	0.0002	0.0006	0.0002	0.0000	10.4248	-0.1193	0.0000	1.4589	2.8243	1.1370	1.0201	0.4585	0.4585	0.0000	0.1118	0.1118	0.0000	0.3467	0.3467	0.0000	0.0000	0.0000	0.0000	0.0000	0.0000	0.0000	0.0000	0.0000	0.0000	0.3011	0.2748	0.0263	0.0816	0.0790	0.0026	0.2195	0.1958	0.0237	0.0372	0.0164	0.0208	0.0107	0.0092	0.0015	0.0265	0.0072	0.0193	13650.4741	75371.6130	0.2621	38666.6434	40570.2326	10.8042	11092.0703	303847.2448	0.0372	0.0001	0.0000	0.0002	0.0000	0.0000	0.0000	0.0001	0.0000	0.0002
7	39	0.6571	6	0	2	0	0	0	0	0	0	N	Y	N	N	N	N	N	N	N	N	N	N	0.1829	inf	0.0000	inf	inf	0.0004	inf	0.0000	0.0237	0.0258	0.0000	0.0276	0.0297	0.0000	0.0000	0.0000	0.0000	0.1295	0.0000	0.0252	0.0000	0.0000	0.0000	0.0894	0.0000	0.0121	0.0000	inf	-0.0031	0.0001	1.4589	5.0001	1.1370	5.0000	0.0120	0.0120	0.0000	0.0120	0.0120	0.0000	0.0000	0.0000	0.0000	0.0001	0.0000	0.0001	0.0000	0.0000	0.0000	0.0001	0.0000	0.0001	0.5056	0.4640	0.0416	0.4345	0.4032	0.0312	0.0711	0.0607	0.0104	0.0334	0.0203	0.0131	0.0175	0.0151	0.0024	0.0159	0.0052	0.0107	6.0869	inf	0.0000	inf	inf	0.0000	0.0045	inf	0.0000	0.0039	0.0000	0.0099	0.0000	0.0000	0.0000	0.0082	0.0000	0.0121	
7	40	0.0822	3	0	2	0	0	0	0	0	0	N	Y	N	N	N	N	N	N	N	N	N	N	0.0000	0.0000	0.0000	0.0000	0.0000	0.0000	0.0000	0.0000	0.0000	0.0000	0.0000	0.0000	0.0000	0.0000	0.0000	0.0000	0.0000	0.0000	0.0000	0.0000	1.4589	0.0000	1.1370	2.0000	0.0000	0.0000	0.0000	0.0000	0.0000	0.0000	0.0000	0.0000	0.0000	0.0000	0.0000	0.0000	0.0000	0.0000	0.0000	0.0000	0.0000	0.0000	0.0000	0.0000	0.0000	0.0000	0.0000	0.0000	0.0000	0.0000	0.0000	0.0204	0.0088	0.0116	0.0047	0.0047	0.0001	0.0156	0.0041	0.0115	0.0000	0.0000	0.0000	0.0000	0.0000	0.0000	0.0000	0.0000	0.0000	0.0000	0.0000	0.0000	0.0000	0.0000	0.0000	0.0000	0.0000	0.0000											
7	41	0.6571	6	0	2	0	0	0	0	0	0	N	Y	N	N	N	N	N	N	N	N	N	N	2.7770	inf	0.0000	inf	inf	0.0719	inf	0.0000	0.8086	0.8810	0.0000	0.9435	1.0161	0.0000	0.0148	0.0173	0.0000	0.2912	0.0000	0.0506	0.0000	0.0000	0.0000	0.2057	0.0000	0.0237	0.0000	inf	-0.1224	0.0001	1.4589	5.9998	1.1370	3.0000	0.4705	0.4705	0.0000	0.4692	0.4692	0.0000	0.0013	0.0013	0.0000	0.0002	0.0000	0.0002	0.0000	0.0000	0.0000	0.0002	0.0000	0.0002	0.5818	0.5340	0.0478	0.4973	0.4618	0.0355	0.0845	0.0722	0.0123	0.0303	0.0184	0.0119	0.0159	0.0137	0.0022	0.0144	0.0047	0.0097	128.9754	inf	0.0000	inf	inf	0.0000	1.1230	inf	0.0000	0.0063	0.0000	0.0160	0.0000	0.0000	0.0000	0.0132	0.0000	0.0195	
7	42	0.1482	7	0	2	1	1	0	0	0	0	N	Y	N	N	N	N	N	N	N	N	N	N	2.8124	inf	0.0000	1.8945	inf	0.0000	0.0000	0.0000	0.0003	0.0003	0.0000	0.0005	0.0006	0.0000	0.0000	0.0000	0.0000	0.0001	0.0000	0.0000	0.0003	0.0000	0.0002	0.0000	0.0000	0.0000	0.0000	inf	-0.0000	0.0000	1.4589	0.0011	1.1370	1.0134	0.0000	0.0000	0.0000	0.0000	0.0000	0.0000	0.0000	0.0000	0.0000	0.0000	0.0000	0.0000	0.0000	0.0000	0.0000	0.0000	0.0000	0.0000	0.0002	0.0002	0.0000	0.0001	0.0001	0.0000	0.0001	0.0001	0.0000	0.0064	0.0020	0.0044	0.0002	0.0002	0.0000	0.0062	0.0018	0.0044	35.3802	inf	0.0000	25.6268	inf	0.0000	0.0000	0.0000	0.0000	0.0000	0.0000	0.0000	0.0000	0.0000	0.0002	0.0000	0.0000	0.0000	
7	43	0.1264	6	0	1	0	1	0	0	0	0	N	N	N	N	N	N	N	N	N	N	N	N	5.7442	4.6595	0.1778	9.3440	12.4257	0.0100	0.0315	inf	0.2104	0.0007	0.0008	0.0000	0.0027	0.0027	0.0000	0.0000	0.0000	0.0000	0.0001	0.0002	0.0000	0.0003	0.0002	0.0000	0.0000	0.0000	0.0000	0.0006	3.4634	-0.0001	0.0000	1.4589	2.8187	1.1370	0.0347	0.0002	0.0002	0.0000	0.0002	0.0002	0.0000	0.0000	0.0000	0.0000	0.0000	0.0000	0.0000	0.0000	0.0000	0.0000	0.0000	0.0000	0.0000	0.3006	0.2743	0.0262	0.0814	0.0788	0.0026	0.2191	0.1955	0.0237	0.0283	0.0125	0.0158	0.0083	0.0071	0.0012	0.0200	0.0054	0.0146	38.9735	84.3665	0.1778	126.3026	166.6687	0.0100	0.0642	inf	0.2104	0.0000	0.0000	0.0000	0.0000	0.0000	0.0000	0.0000	0.0000	0.0000
7	44	0.1137	5	0	1	0	0	0	0	0	0	N	N	N	N	N	N	N	N	N	N	N	N	0.5736	0.2087	0.8699	0.1771	0.2061	0.0000	29.2620	0.2537	1.4533	0.0003	0.0003	0.0000	0.0003	0.0003	0.0000	0.0003	0.0003	0.0000	0.0005	0.0014	0.0000	0.0017	0.0015	0.0000	0.0000	0.0012	0.0000	0.0021	0.0206	-0.0000	-0.0000	1.4589	0.9605	1.1370	1.0076	0.0000	0.0000	0.0000	0.0000	0.0000	0.0000	0.0000	0.0000	0.0000	0.0000	0.0000	0.0000	0.0000	0.0000	0.0000	0.0000	0.0000	0.0000	0.1046	0.0955	0.0091	0.0264	0.0256	0.0008	0.0783	0.0699	0.0083	0.0198	0.0087	0.0111	0.0057	0.0049	0.0008	0.0140	0.0038	0.0103	1.2917	0.6338	0.8699	0.4226	0.3777	0.0000	29.2620	14.5929	1.4533	0.0002	0.0005	0.0000	0.0007	0.0008	0.0000	0.0000	0.0000	0.0000
7	45	0.6691	8	0	2	1	1	0	0	0	0	N	Y	N	N	N	N	N	N	N	N	N	N	0.0000	0.0000	0.0000	0.0000	0.0000	0.0000	0.0000	0.0000	0.0000	0.0000	0.0000	0.0000	0.0000	0.5919	0.0000	0.1121	0.0000	0.0000	0.0000	0.3349	0.0000	0.0456	inf	0.0000	0.0001	1.4589	1.0000	1.1370	1.0000	0.0000	0.0000	0.0000	0.0000	0.0000	0.0000	0.0000	0.0000	0.0000	0.0001	0.0000	0.0001	0.0000	0.0000	0.0000	0.0001	0.0000	0.0001	0.0998	0.0919	0.0079	0.0825	0.0775	0.0051	0.0172	0.0145	0.0028	0.0090	0.0050	0.0040	0.0036	0.0031	0.0005	0.0054	0.0019	0.0035	0.0000	0.0000	0.0000	0.0000	0.0000	0.0000	0.0000	0.0000	0.0000	0.0145	0.0000	0.0328	0.0000	0.0000	0.0000	0.0243	0.0000	0.0376						
7	46	0.0598	2	0	2	0	0	0	0	0	0	N	Y	N	N	N	N	N	N	N	N	N	N	0.0000	0.0000	0.0000	0.0000	0.0000	0.0000	0.0000	0.0000	0.0000	0.0000	0.0000	0.0000	0.0000	0.0000	0.0000	0.0000	0.0000	0.0000	0.0000	0.0000	1.4589	0.0000	1.1370	0.0000	0.0000	0.0000	0.0000	0.0000	0.0000	0.0000	0.0000	0.0000	0.0000	0.0000	0.0000	0.0000	0.0000	0.0000	0.0000	0.0000	0.0000	0.0000	0.0000	0.0000	0.0000	0.0000	0.0000	0.0000	0.0000	0.0000	0.0000	0.0000	0.0000	0.0000	0.0000	0.0000	0.0000	0.0000	0.0000	0.0000	0.0000	0.0000	0.0000	0.0000	0.0000	0.0000	0.0000	0.0000	0.0000	0.0000	0.0000	0.0000	0.0000	0.0000	0.0000	0.0000	0.0000	0.0000											
7	47	0.1137	5	0	2	0	1	0	0	0	0	N	Y	N	N	N	N	N	N	N	N	N	N	177.8516	18595.5390	3692.3882	17472.4904	0.0147	0.0000	0.1633	0.0000	0.0000	0.0000	0.0256	0.0000	0.1654	0.0001	0.0000	0.0000	0.0000	0.0000	0.0000	0.0000	0.0000	0.0000	inf	inf	0.0000	0.0000	1.4589	0.0000	1.1370	1.0000	0.0000	0.0000	0.0000	0.0000	0.0000	0.0000	0.0000	0.0000	0.0000	0.0000	0.0000	0.0000	0.0000	0.0000	0.0000	0.0000	0.0000	0.0000	0.0000	0.0000	0.0000	0.0000	0.0000	0.0000	0.0000	0.0000	0.0000	0.0103	0.0045	0.0057	0.0030	0.0026	0.0004	0.0073	0.0019	0.0053	2998.1178	0.0000	18595.5390	0.0000	0.0000	0.0000	3692.3882	0.0000	17472.4904	0.0000	0.0000	0.0000	0.0000	0.0000	0.0000	0.0000	0.0000	0.0000					
7	48	0.0598	2	1	2	0	0	0	0	0	0	N	Y	N	N	N	N	N	N	N	N	N	N	0.0000	0.0000	0.0000	0.0000	0.0000	0.0000	0.0000	0.0000	0.0000	0.0000	0.0000	0.0000	0.0000	0.0000	0.0000	0.0000	0.0000	1.3867	0.6935	0.9376	0.7145	0.6114	1.0001	1.3141	0.0000	0.4423	17.8718	0.0000	0.0031	1.4589	0.0000	1.1370	4.0000	0.0000	0.0000	0.0000	0.0000	0.0000	0.0000	0.0000	0.0000	0.0000	0.0074	0.0004	0.0070	0.0004	0.0004	0.0000	0.0069	0.0000	0.0069	0.0000	0.0000	0.0000	0.0000	0.0000	0.0000	0.0000	0.0000	0.0000	0.0536	0.0254	0.0282	0.0092	0.0091	0.0001	0.0445	0.0163	0.0281	0.0000	0.0000	0.0000	0.0000	0.0000	0.0000	0.0000	0.0000	0.0000	0.1372	0.0154	0.2469	0.0459	0.0431	0.2985	0.1560	0.0000	0.2467		
7	49	0.1345	6	0	1	1	0	0	0	0	0	N	N	N	N	N	N	N	N	N	N	N	N	0.0000	0.0000	0.0000	0.0000	0.0000	0.0000	0.0000	0.0000	0.0000	0.0000	0.0000	0.0000	0.0000	0.0000	0.0000	0.0000	0.0000	0.0000	0.0000	0.0000	1.4589	0.0000	1.1370	0.0000	0.0000	0.0000	0.0000	0.0000	0.0000	0.0000	0.0000	0.0000	0.0000	0.0000	0.0000	0.0000	0.0000	0.0000	0.0000	0.0000	0.0000	0.0000	0.0000	0.0000	0.0000	0.0000	0.0000	0.0000	0.0000	0.0000	0.0000	0.0000	0.0000	0.0000	0.0000	0.0000	0.0000	0.0000	0.0000	0.0000	0.0000	0.0000	0.0000	0.0000	0.0000	0.0000	0.0000	0.0000	0.0000	0.0000	0.0000	0.0000	0.0000	0.0000	0.0000	0.0000	0.0000	0.0000											
7	50	0.6781	7	0	1	1	0	0	0	0	0	N	N	N	N	N	N	N	N	N	N	N	N	0.0000	0.0000	0.0000	0.0000	0.0000	0.0000	0.0000	0.0000	0.0000	0.0000	0.0000	0.0000	0.0000	0.0000	0.0000	0.0000	0.0000	0.0000	0.0000	0.0000	1.4589	1.0000	1.1370	1.0000	0.0000	0.0000	0.0000	0.0000	0.0000	0.0000	0.0000	0.0000	0.0000	0.0000	0.0000	0.0000	0.0000	0.0000	0.0000	0.0000	0.0000	0.0000	0.0983	0.0904	0.0079	0.0754	0.0706	0.0048	0.0229	0.0198	0.0031	0.0140	0.0087	0.0053	0.0076	0.0071	0.0005	0.0064	0.0016	0.0048	0.0000	0.0000	0.0000	0.0000	0.0000	0.0000	0.0000	0.0000	0.0000	0.0000	0.0000	0.0000	0.0000	0.0000	0.0000	0.0000	0.0000	0.0000											
7	51	0.6826	7	0	2	0	0	0	0	0	0	N	Y	N	N	N	N	N	N	N	N	N	N	0.0012	9.4008	0.0000	0.0034	0.5510	0.0000	0.0024	inf	0.0000	0.0025	0.0027	0.0000	0.0002	0.0002	0.0000	0.0066	0.0075	0.0000	2.1405	0.0003	9.4833	0.0632	0.0004	0.3340	2.7621	0.0000	7.1311	0.0000	30396.4948	-0.0000	0.0032	1.4589	0.0003	1.1370	0.9690	0.0000	0.0000	0.0000	0.0000	0.0000	0.0000	0.0000	0.0000	0.0000	0.0067	0.0000	0.0067	0.0000	0.0000	0.0000	0.0067	0.0000	0.0067	0.0001	0.0001	0.0000	0.0001	0.0001	0.0000	0.0000	0.0000	0.0000	0.0083	0.0046	0.0037	0.0036	0.0034	0.0003	0.0046	0.0012	0.0034	0.0031	56.4705	0.0000	0.0265	3.4016	0.0000	0.0046	inf	0.0000	0.8064	0.0000	1.7960	0.0081	0.0001	0.1053	1.4318	0.0000	1.9330
7	52	0.1378	6	0	2	0	0	0	0	0	0	N	Y	N	N	N	N	N	N	N	N	N	N	8.3983	7.0031	0.1679	14.0055	17.2688	0.0000	0.0513	inf	0.1962	0.0016	0.0018	0.0000	0.0057	0.0058	0.0000	0.0000	0.0000	0.0000	0.0002	0.0003	0.0001	0.0004	0.0003	0.0002	0.0001	0.0000	0.0001	0.0007	3.7167	-0.0000	0.0000	1.4589	0.9211	1.1370	0.1671	0.0002	0.0002	0.0000	0.0002	0.0002	0.0000	0.0000	0.0000	0.0000	0.0000	0.0000	0.0000	0.0000	0.0000	0.0000	0.0000	0.0000	0.0000	0.1138	0.1049	0.0089	0.0323	0.0315	0.0008	0.0815	0.0734	0.0082	0.0126	0.0057	0.0069	0.0041	0.0037	0.0005	0.0085	0.0020	0.0065	29.1807	67.4915	0.1679	106.7846	144.2523	0.0000	0.0816	inf	0.1962	0.0001	0.0000	0.0001	0.0001	0.0000	0.0002	0.0001	0.0000	0.0001
7	53	0.6691	8	0	2	0	0	0	0	0	0	N	Y	N	N	N	N	N	N	N	N	N	N	0.0010	0.0000	0.1072	0.0120	0.0000	inf	0.0107	0.5076	0.0003	0.0000	0.0038	0.0001	0.0000	0.0020	0.0012	0.0000	0.0072	0.3114	0.0159	0.0356	0.0101	0.0103	0.0000	0.1084	0.0000	0.0142	inf	4.6665	0.0000	0.0001	1.4589	1.0000	1.1370	5.0000	0.0000	0.0000	0.0000	0.0000	0.0000	0.0000	0.0000	0.0000	0.0000	0.0002	0.0000	0.0001	0.0000	0.0000	0.0000	0.0001	0.0000	0.0001	0.0998	0.0919	0.0079	0.0825	0.0775	0.0051	0.0172	0.0145	0.0028	0.0259	0.0145	0.0114	0.0105	0.0090	0.0015	0.0154	0.0055	0.0099	0.0458	0.0000	0.3110	0.0424	0.0000	inf	0.1276	0.0000	0.5105	0.0066	0.0021	0.0123	0.0029	0.0033	0.0000	0.0091	0.0000	0.0141	
7	54	0.6538	7	0	1	0	0	0	0	0	0	N	N	N	N	N	N	N	N	N	N	N	N	0.0000	0.0000	0.0000	0.0000	0.0000	0.0000	0.0000	0.0000	0.0000	0.0000	0.0000	0.0000	0.0000	0.0000	0.0000	0.0000	0.0050	0.0079	0.0000	0.0051	0.0051	0.0000	0.0000	0.0000	0.0000	0.0015	-0.0000	-0.0000	1.4589	0.0000	1.1370	2.9157	0.0000	0.0000	0.0000	0.0000	0.0000	0.0000	0.0000	0.0000	0.0000	0.0000	0.0000	0.0000	0.0000	0.0000	0.0000	0.0000	0.0000	0.0000	0.0000	0.0000	0.0000	0.0000	0.0000	0.0000	0.0000	0.0000	0.0000	0.0129	0.0072	0.0057	0.0052	0.0044	0.0007	0.0078	0.0027	0.0050	0.0000	0.0000	0.0000	0.0000	0.0000	0.0000	0.0000	0.0000	0.0000	0.0008	0.0014	0.0000	0.0019	0.0023	0.0000	0.0000	0.0000	0.0000			
7	55	0.1137	5	0	2	0	0	0	0	0	0	N	Y	N	N	N	N	N	N	N	N	N	N	0.0182	0.0166	0.0000	0.0461	0.0456	0.0000	0.0000	0.0000	0.0292	0.0319	0.0000	0.1149	0.1184	0.0000	0.0000	0.0000	0.0000	1.6012	1.9196	1.0758	2.4913	2.5989	0.0342	1.4377	0.0000	0.4691	0.0000	1.6362	-0.0016	0.0011	1.4589	2.0000	1.1370	3.0000	0.0061	0.0061	0.0000	0.0061	0.0061	0.0000	0.0000	0.0000	0.0000	0.0112	0.0043	0.0070	0.0043	0.0043	0.0000	0.0069	0.0000	0.0069	0.2092	0.1911	0.0181	0.0531	0.0515	0.0016	0.1562	0.1396	0.0165	0.0470	0.0205	0.0264	0.0132	0.0113	0.0019	0.0338	0.0092	0.0245	0.1219	0.1538	0.0000	0.3537	0.3142	0.0000	0.0000	0.0000	0.0000	0.2391	0.2076	0.2636	0.3249	0.3769	0.0158	0.2056	0.0000	0.2829	
7	56	0.6460	6	0	2	0	1	0	0	0	0	N	Y	N	N	N	N	N	N	N	N	N	N	0.0052	0.0000	0.3613	0.0282	0.0000	inf	0.0150	0.4352	0.0001	0.0000	0.0013	0.0000	0.0000	0.0008	0.0002	0.0000	0.0018	0.0186	0.0013	0.0036	0.0016	0.0013	0.0000	0.0165	0.0000	0.0041	inf	6.0000	0.0000	0.0000	1.4589	1.7218	1.1370	6.9557	0.0000	0.0000	0.0000	0.0000	0.0000	0.0000	0.0000	0.0000	0.0000	0.0001	0.0000	0.0001	0.0000	0.0000	0.0000	0.0001	0.0000	0.0001	0.2220	0.2052	0.0168	0.1637	0.1550	0.0087	0.0584	0.0502	0.0082	0.0385	0.0217	0.0168	0.0159	0.0138	0.0021	0.0226	0.0079	0.0147	0.0537	0.0000	0.3613	0.0701	0.0000	inf	0.0932	0.0000	0.4352	0.0018	0.0005	0.0036	0.0006	0.0007	0.0000	0.0027	0.0000	0.0041	
7	57	0.6571	6	1	1	1	0	0	0	0	0	N	N	N	N	N	N	N	N	N	N	N	N	2450.3959	inf	0.0000	inf	inf	0.3173	inf	0.0000	1.2585	1.3705	0.0000	1.4959	1.6086	0.0000	0.0002	0.0002	0.0000	0.0005	0.0000	0.0006	0.0000	0.0000	0.0000	0.0005	0.0000	0.0007	0.0000	inf	-0.2543	0.0000	1.4589	8.9999	1.1370	5.0001	0.9774	0.9774	0.0000	0.9774	0.9774	0.0000	0.0000	0.0000	0.0000	0.0000	0.0000	0.0000	0.0000	0.0000	0.0000	0.0000	0.0000	0.0000	0.7767	0.7132	0.0635	0.6534	0.6076	0.0457	0.1233	0.1056	0.0177	0.0452	0.0275	0.0177	0.0237	0.0205	0.0032	0.0215	0.0070	0.0145	5693.2867	inf	0.0000	inf	inf	0.0000	0.3492	inf	0.0000	0.0002	0.0000	0.0006	0.0000	0.0000	0.0000	0.0005	0.0000	0.0007	
7	58	0.0598	2	1	1	1	0	0	0	0	0	N	N	N	N	N	N	N	N	N	N	N	N	0.0000	0.0000	0.0000	0.0000	0.0000	0.0000	0.0000	0.0000	0.0000	0.0000	0.0000	0.0000	0.0000	0.0000	0.0000	0.0000	0.0000	0.0000	0.0000	0.0000	1.4589	0.0000	1.1370	1.0000	0.0000	0.0000	0.0000	0.0000	0.0000	0.0000	0.0000	0.0000	0.0000	0.0000	0.0000	0.0000	0.0000	0.0000	0.0000	0.0000	0.0000	0.0000	0.0000	0.0000	0.0000	0.0000	0.0000	0.0000	0.0000	0.0000	0.0000	0.0144	0.0068	0.0076	0.0025	0.0024	0.0000	0.0119	0.0044	0.0075	0.0000	0.0000	0.0000	0.0000	0.0000	0.0000	0.0000	0.0000	0.0000	0.0000	0.0000	0.0000	0.0000	0.0000	0.0000	0.0000	0.0000	0.0000											
7	59	0.6826	7	0	1	1	0	0	0	0	0	N	N	N	N	N	N	N	N	N	N	N	N	0.0022	0.0015	0.0000	0.0001	0.0001	0.0000	0.6733	0.0138	0.0000	0.0019	0.0020	0.0000	0.0001	0.0002	0.0000	0.0057	0.0065	0.0000	0.8640	1.3737	0.0000	1.1499	1.1648	0.0000	0.0084	0.4758	0.0000	0.0000	0.0001	-0.0000	-0.0002	1.4589	0.0006	1.1370	1.1867	0.0000	0.0000	0.0000	0.0000	0.0000	0.0000	0.0000	0.0000	0.0000	0.0003	0.0003	0.0000	0.0003	0.0003	0.0000	0.0000	0.0000	0.0000	0.0001	0.0001	0.0000	0.0001	0.0001	0.0000	0.0000	0.0000	0.0000	0.0093	0.0051	0.0042	0.0040	0.0037	0.0003	0.0053	0.0014	0.0039	0.0557	0.0328	0.0000	0.0020	0.0019	0.0000	3.0108	0.9318	0.0000	0.0341	0.0621	0.0000	0.0764	0.0833	0.0000	0.0019	0.0070	0.0000
7	60	0.6460	6	0	1	0	0	0	0	0	0	N	N	N	N	N	N	N	N	N	N	N	N	0.0370	57.6280	0.0000	1.2099	3.0403	0.0002	0.2414	23.8892	0.0000	0.0154	0.0166	0.0000	0.0006	0.0007	0.0000	0.0595	0.0694	0.0000	0.4154	0.0003	0.0739	0.0005	0.0002	0.0008	0.2466	0.0029	0.0313	0.0000	339.4512	-0.0011	0.0001	1.4589	2.2785	1.1370	4.8627	0.0042	0.0042	0.0000	0.0001	0.0001	0.0000	0.0040	0.0040	0.0000	0.0003	0.0000	0.0003	0.0000	0.0000	0.0000	0.0003	0.0000	0.0003	0.2714	0.2506	0.0209	0.2036	0.1924	0.0112	0.0679	0.0582	0.0096	0.0322	0.0181	0.0141	0.0133	0.0115	0.0017	0.0189	0.0066	0.0123	1.6670	346.1882	0.0000	5.9629	44.4433	0.0002	3.8163	654.7666	0.0000	0.0092	0.0000	0.0210	0.0001	0.0000	0.0007	0.0156	0.0001	0.0239
7	61	0.1378	6	0	1	1	0	0	0	0	0	N	N	N	N	N	N	N	N	N	N	N	N	0.0338	0.5665	1.0176	3.4007	1.5159	793.4439	0.0012	0.0232	0.0002	0.0001	0.0016	0.0007	0.0003	0.0177	0.0000	0.0000	0.0000	0.0060	0.0001	0.0016	0.0002	0.0002	0.0000	0.0034	0.0000	0.0017	1.7130	468.0182	0.0000	0.0000	1.4589	1.0901	1.1370	7.9319	0.0000	0.0000	0.0000	0.0000	0.0000	0.0000	0.0000	0.0000	0.0000	0.0001	0.0000	0.0001	0.0000	0.0000	0.0000	0.0001	0.0000	0.0001	0.1314	0.1209	0.0105	0.0368	0.0358	0.0009	0.0946	0.0851	0.0095	0.0786	0.0343	0.0443	0.0223	0.0191	0.0033	0.0563	0.0153	0.0410	0.2276	18.6799	1.0176	71.9085	34.9778	793.4439	0.0032	0.0000	0.0232	0.0009	0.0000	0.0016	0.0000	0.0000	0.0000	0.0012	0.0000	0.0017	
7	62	0.1077	5	0	1	0	0	0	0	0	0	N	N	N	N	N	N	N	N	N	N	N	N	1.1686	0.5050	0.0414	3.0185	2.6917	1.0038	0.2946	0.0780	0.0314	0.0192	0.0210	0.0000	0.0752	0.0776	0.0000	0.0001	0.0001	0.0000	0.0164	0.0416	0.0003	0.0249	0.0288	0.0000	0.0003	0.0011	0.0003	0.0001	0.0986	-0.0009	-0.0000	1.4589	1.6797	1.1370	2.9843	0.0034	0.0034	0.0000	0.0034	0.0034	0.0000	0.0000	0.0000	0.0000	0.0001	0.0001	0.0000	0.0001	0.0001	0.0000	0.0000	0.0000	0.0000	0.1786	0.1630	0.0155	0.0455	0.0441	0.0014	0.1331	0.1190	0.0141	0.0459	0.0204	0.0256	0.0135	0.0117	0.0019	0.0324	0.0087	0.0237	11.3658	6.0616	0.0414	14.4184	12.8494	1.0038	0.3525	5.0636	0.0314	0.0017	0.0035	0.0003	0.0052	0.0060	0.0000	0.0002	0.0000	0.0003
7	63	0.0975	4	0	1	0	0	0	0	0	0	N	N	N	N	N	N	N	N	N	N	N	N	3.2687	1.4635	0.0358	0.0388	0.0368	0.4490	441.6925	74.9226	0.0112	0.0617	0.0675	0.0000	0.0012	0.0012	0.0001	0.0828	0.0927	0.0000	0.0189	0.0461	0.0002	0.0297	0.0323	0.0001	0.0002	0.0012	0.0002	0.0000	0.0593	-0.0009	-0.0000	1.4589	0.4935	1.1370	1.5835	0.0034	0.0034	0.0000	0.0000	0.0000	0.0000	0.0034	0.0034	0.0000	0.0000	0.0000	0.0000	0.0000	0.0000	0.0000	0.0000	0.0000	0.0000	0.0553	0.0505	0.0048	0.0143	0.0139	0.0004	0.0410	0.0366	0.0044	0.0232	0.0112	0.0121	0.0071	0.0062	0.0009	0.0162	0.0050	0.0112	33.5580	18.7340	0.0358	0.2024	0.1837	0.4490	557.4755	4020.8897	0.0112	0.0018	0.0036	0.0002	0.0057	0.0065	0.0001	0.0001	0.0000	0.0002
7	64	0.1345	6	0	2	0	0	0	0	0	0	N	Y	N	N	N	N	N	N	N	N	N	N	2.0627	89.4404	0.1388	92.8820	152.2863	3.4745	0.0048	0.0018	0.0954	0.0201	0.0220	0.0003	0.0468	0.0473	0.0020	0.0000	0.0000	0.0002	0.0097	0.0002	0.0022	0.0005	0.0003	0.0006	0.0073	0.0008	0.0024	0.0014	104.2950	-0.0005	0.0000	1.4589	0.2944	1.1370	1.0083	0.0019	0.0019	0.0000	0.0019	0.0019	0.0000	0.0000	0.0000	0.0000	0.0000	0.0000	0.0000	0.0000	0.0000	0.0000	0.0000	0.0000	0.0000	0.0937	0.0853	0.0084	0.0401	0.0397	0.0004	0.0536	0.0456	0.0080	0.0131	0.0060	0.0071	0.0043	0.0037	0.0005	0.0088	0.0023	0.0065	16.5424	876.7657	0.1388	481.0075	1354.0815	3.9155	0.0200	0.1652	0.0954	0.0012	0.0000	0.0022	0.0001	0.0000	0.0005	0.0018	0.0000	0.0024
7	65	0.1137	5	0	1	0	0	0	0	0	0	N	N	N	N	N	N	N	N	N	N	N	N	5.1926	2.1931	0.4279	10.7870	10.8096	0.0000	388.8022	4.6911	0.5732	0.0359	0.0394	0.0000	0.1395	0.1438	0.0000	0.0010	0.0011	0.0000	0.0069	0.0179	0.0000	0.0129	0.0133	0.0000	0.0000	0.0002	0.0000	0.0000	0.0022	-0.0011	-0.0000	1.4589	1.1351	1.1370	2.0429	0.0044	0.0044	0.0000	0.0043	0.0043	0.0000	0.0001	0.0001	0.0000	0.0000	0.0000	0.0000	0.0000	0.0000	0.0000	0.0000	0.0000	0.0000	0.1228	0.1121	0.0107	0.0310	0.0301	0.0009	0.0918	0.0820	0.0098	0.0311	0.0136	0.0174	0.0089	0.0076	0.0013	0.0222	0.0060	0.0162	36.8153	17.7288	0.4279	40.9953	36.2835	0.0000	388.8022	1687.6958	0.5732	0.0010	0.0022	0.0000	0.0034	0.0040	0.0000	0.0000	0.0000	0.0000
7	66	0.0975	4	0	1	0	0	0	0	0	0	N	N	N	N	N	N	N	N	N	N	N	N	0.0826	0.0458	0.0495	0.1838	0.1985	0.7866	0.0017	0.0000	0.0153	0.0002	0.0002	0.0000	0.0007	0.0007	0.0001	0.0000	0.0000	0.0000	0.0022	0.0043	0.0001	0.0038	0.0036	0.0001	0.0002	0.0007	0.0001	0.0035	0.1769	-0.0000	-0.0000	1.4589	0.4912	1.1370	2.4266	0.0000	0.0000	0.0000	0.0000	0.0000	0.0000	0.0000	0.0000	0.0000	0.0000	0.0000	0.0000	0.0000	0.0000	0.0000	0.0000	0.0000	0.0000	0.0551	0.0503	0.0048	0.0142	0.0138	0.0004	0.0408	0.0365	0.0044	0.0311	0.0145	0.0166	0.0092	0.0080	0.0012	0.0219	0.0065	0.0154	0.3527	0.2115	0.0495	0.4735	0.4275	0.7866	0.0025	0.0000	0.0153	0.0005	0.0009	0.0001	0.0015	0.0017	0.0001	0.0001	0.0000	0.0001
7	67	0.0924	3	0	1	0	0	0	0	0	0	N	N	N	N	N	N	N	N	N	N	N	N	0.0009	0.0008	0.1653	0.0007	0.0009	0.1238	0.6971	0.0969	0.0890	0.0002	0.0002	0.0001	0.0001	0.0001	0.0003	0.0002	0.0002	0.0001	0.1717	0.2138	0.0006	0.1633	0.1329	0.0022	0.0003	0.0021	0.0006	0.0512	0.0306	-0.0000	-0.0001	1.4589	0.6141	1.1370	1.2701	0.0000	0.0000	0.0000	0.0000	0.0000	0.0000	0.0000	0.0000	0.0000	0.0003	0.0003	0.0000	0.0003	0.0003	0.0000	0.0000	0.0000	0.0000	0.0962	0.0889	0.0073	0.0425	0.0409	0.0017	0.0537	0.0480	0.0057	0.0585	0.0451	0.0133	0.0215	0.0210	0.0005	0.0370	0.0241	0.0128	0.0336	0.0275	0.1653	0.0098	0.0091	0.1530	0.8070	3.7356	0.0890	0.0047	0.0059	0.0006	0.0124	0.0127	0.0018	0.0002	0.0001	0.0006
7	68	0.0598	2	1	2	1	0	0	0	0	0	N	Y	N	N	N	N	N	N	N	N	N	N	0.0000	0.0000	0.0000	0.0000	0.0000	0.0000	0.0000	0.0000	0.0000	0.0000	0.0000	0.0000	0.0000	0.0000	0.0000	0.0000	0.0000	0.0000	0.0000	0.0000	1.4589	0.0000	1.1370	0.0000	0.0000	0.0000	0.0000	0.0000	0.0000	0.0000	0.0000	0.0000	0.0000	0.0000	0.0000	0.0000	0.0000	0.0000	0.0000	0.0000	0.0000	0.0000	0.0000	0.0000	0.0000	0.0000	0.0000	0.0000	0.0000	0.0000	0.0000	0.0000	0.0000	0.0000	0.0000	0.0000	0.0000	0.0000	0.0000	0.0000	0.0000	0.0000	0.0000	0.0000	0.0000	0.0000	0.0000	0.0000	0.0000	0.0000	0.0000	0.0000	0.0000	0.0000	0.0000	0.0000	0.0000	0.0000											
7	69	0.7024	8	1	2	1	0	0	0	0	0	N	Y	N	N	N	N	N	N	N	N	N	N	0.0000	0.0000	0.0000	0.0000	0.0000	0.0000	0.0000	0.0000	0.0000	0.0000	0.0000	0.0000	0.0000	0.0000	0.0000	0.0000	0.0000	0.0000	0.0000	0.0000	1.4589	1.0000	1.1370	0.0000	0.0000	0.0000	0.0000	0.0000	0.0000	0.0000	0.0000	0.0000	0.0000	0.0000	0.0000	0.0000	0.0000	0.0000	0.0000	0.0000	0.0000	0.0000	0.2151	0.1975	0.0176	0.1900	0.1761	0.0138	0.0252	0.0214	0.0038	0.0058	0.0037	0.0021	0.0035	0.0030	0.0005	0.0023	0.0007	0.0017	0.0000	0.0000	0.0000	0.0000	0.0000	0.0000	0.0000	0.0000	0.0000	0.0000	0.0000	0.0000	0.0000	0.0000	0.0000	0.0000	0.0000	0.0000											
7	70	0.7024	8	1	2	1	0	0	0	0	0	N	Y	N	N	N	N	N	N	N	N	N	N	0.0000	0.0000	0.0000	0.0000	0.0000	0.0000	0.0000	0.0000	0.0000	0.0000	0.0000	0.0000	0.0000	0.0000	0.0000	0.0000	0.0000	0.0000	0.0000	0.0000	1.4589	0.0000	1.1370	0.0000	0.0000	0.0000	0.0000	0.0000	0.0000	0.0000	0.0000	0.0000	0.0000	0.0000	0.0000	0.0000	0.0000	0.0000	0.0000	0.0000	0.0000	0.0000	0.0000	0.0000	0.0000	0.0000	0.0000	0.0000	0.0000	0.0000	0.0000	0.0000	0.0000	0.0000	0.0000	0.0000	0.0000	0.0000	0.0000	0.0000	0.0000	0.0000	0.0000	0.0000	0.0000	0.0000	0.0000	0.0000	0.0000	0.0000	0.0000	0.0000	0.0000	0.0000	0.0000	0.0000	0.0000	0.0000											
7	71	0.6801	7	1	2	1	0	0	0	0	0	N	Y	N	N	N	N	N	N	N	N	N	N	inf	inf	inf	inf	inf	inf	2.4807	2.7028	0.0000	2.8404	3.0626	0.0000	0.0002	0.0002	0.0000	0.0000	0.0000	0.0000	0.0000	0.0000	0.0000	0.0000	0.0000	0.0000	0.0000	-0.2543	0.0000	1.4589	2.0000	1.1370	1.0000	0.9774	0.9774	0.0000	0.9774	0.9774	0.0000	0.0000	0.0000	0.0000	0.0000	0.0000	0.0000	0.0000	0.0000	0.0000	0.0000	0.0000	0.0000	0.3940	0.3616	0.0324	0.3441	0.3191	0.0250	0.0499	0.0425	0.0074	0.0171	0.0107	0.0063	0.0102	0.0088	0.0014	0.0069	0.0019	0.0050	inf	inf	0.0000	inf	inf	0.0000	inf	inf	0.0000	0.0000	0.0000	0.0000	0.0000	0.0000	0.0000	0.0000	0.0000	0.0000				
7	72	0.6571	6	1	1	1	0	0	0	0	0	N	N	N	N	N	N	N	N	N	N	N	N	0.3434	inf	35.2772	0.0171	inf	0.0899	119.0645	inf	539.1691	0.0000	0.0000	0.0003	0.0000	0.0000	0.0000	0.0002	0.0000	0.0012	0.0001	0.0000	0.0000	0.0002	0.0000	0.0000	0.0000	0.0000	0.0000	9.5011	inf	0.0000	0.0000	1.4589	1.0017	1.1370	2.0007	0.0000	0.0000	0.0000	0.0000	0.0000	0.0000	0.0000	0.0000	0.0000	0.0000	0.0000	0.0000	0.0000	0.0000	0.0000	0.0000	0.0000	0.0000	0.1218	0.1117	0.0101	0.1070	0.0991	0.0079	0.0148	0.0126	0.0022	0.0106	0.0065	0.0042	0.0056	0.0048	0.0008	0.0051	0.0016	0.0034	8.2285	inf	35.2772	0.6612	inf	0.0899	119.0645	inf	539.1691	0.0000	0.0000	0.0000	0.0000	0.0000	0.0000	0.0000	0.0000	0.0000
7	73	0.0790	3	1	2	0	0	0	0	0	0	N	Y	N	N	N	N	N	N	N	N	N	N	0.0000	0.0000	0.0000	0.0000	0.0000	0.0000	0.0000	0.0000	0.0000	0.0000	0.0000	0.0000	0.0000	0.0000	0.0000	0.0000	0.0000	0.0000	0.0000	0.0000	1.4589	0.0000	1.1370	0.0000	0.0000	0.0000	0.0000	0.0000	0.0000	0.0000	0.0000	0.0000	0.0000	0.0000	0.0000	0.0000	0.0000	0.0000	0.0000	0.0000	0.0000	0.0000	0.0000	0.0000	0.0000	0.0000	0.0000	0.0000	0.0000	0.0000	0.0000	0.0000	0.0000	0.0000	0.0000	0.0000	0.0000	0.0000	0.0000	0.0000	0.0000	0.0000	0.0000	0.0000	0.0000	0.0000	0.0000	0.0000	0.0000	0.0000	0.0000	0.0000	0.0000	0.0000	0.0000	0.0000	0.0000	0.0000											
7	74	0.6841	7	1	2	0	0	0	0	0	0	N	Y	N	N	N	N	N	N	N	N	N	N	0.0000	0.0000	0.0000	0.0000	0.0000	0.0000	0.0000	0.0000	0.0000	0.0000	0.0000	0.0000	0.0000	0.0000	0.0000	0.0000	0.0000	0.0000	0.0000	0.0000	1.4589	0.0000	1.1370	0.0010	0.0000	0.0000	0.0000	0.0000	0.0000	0.0000	0.0000	0.0000	0.0000	0.0000	0.0000	0.0000	0.0000	0.0000	0.0000	0.0000	0.0000	0.0000	0.0000	0.0000	0.0000	0.0000	0.0000	0.0000	0.0000	0.0000	0.0000	0.0000	0.0000	0.0000	0.0000	0.0000	0.0000	0.0000	0.0000	0.0000	0.0000	0.0000	0.0000	0.0000	0.0000	0.0000	0.0000	0.0000	0.0000	0.0000	0.0000	0.0000	0.0000	0.0000	0.0000	0.0000	0.0000	0.0000											
7	75	0.6733	9	0	2	0	1	0	0	0	0	N	Y	N	N	N	N	N	N	N	N	N	N	0.0000	0.0000	0.0000	0.0000	0.0000	0.0000	0.0000	0.0000	0.0000	0.0000	0.0000	0.0000	0.0000	0.0000	0.0000	0.0000	0.0000	0.0000	0.0000	0.0000	1.4589	0.0000	1.1370	0.0000	0.0000	0.0000	0.0000	0.0000	0.0000	0.0000	0.0000	0.0000	0.0000	0.0000	0.0000	0.0000	0.0000	0.0000	0.0000	0.0000	0.0000	0.0000	0.0000	0.0000	0.0000	0.0000	0.0000	0.0000	0.0000	0.0000	0.0000	0.0000	0.0000	0.0000	0.0000	0.0000	0.0000	0.0000	0.0000	0.0000	0.0000	0.0000	0.0000	0.0000	0.0000	0.0000	0.0000	0.0000	0.0000	0.0000	0.0000	0.0000	0.0000	0.0000	0.0000	0.0000	0.0000	0.0000											
7	76	0.6733	9	0	1	0	1	0	0	0	0	N	N	N	N	N	N	N	N	N	N	N	N	0.0000	0.0000	0.0000	0.0000	0.0000	0.0000	0.0000	0.0000	0.0000	0.0000	0.0000	0.0000	0.0000	0.0000	0.0000	0.0000	0.0000	0.0000	0.0000	0.0000	1.4589	0.0000	1.1370	0.0000	0.0000	0.0000	0.0000	0.0000	0.0000	0.0000	0.0000	0.0000	0.0000	0.0000	0.0000	0.0000	0.0000	0.0000	0.0000	0.0000	0.0000	0.0000	0.0000	0.0000	0.0000	0.0000	0.0000	0.0000	0.0000	0.0000	0.0000	0.0000	0.0000	0.0000	0.0000	0.0000	0.0000	0.0000	0.0000	0.0000	0.0000	0.0000	0.0000	0.0000	0.0000	0.0000	0.0000	0.0000	0.0000	0.0000	0.0000	0.0000	0.0000	0.0000	0.0000	0.0000	0.0000	0.0000											
7	77	0.6579	8	0	1	0	1	0	0	0	0	N	N	N	N	N	N	N	N	N	N	N	N	0.0000	0.0000	0.0000	0.0000	0.0000	0.0000	0.0000	0.0000	0.0000	0.0000	0.0000	0.0000	0.0000	0.0000	0.0000	0.0001	0.0000	0.0000	0.0001	0.0000	0.0000	0.0000	0.0000	0.0000	inf	0.0000	0.0000	1.4589	0.0002	1.1370	2.9297	0.0000	0.0000	0.0000	0.0000	0.0000	0.0000	0.0000	0.0000	0.0000	0.0000	0.0000	0.0000	0.0000	0.0000	0.0000	0.0000	0.0000	0.0000	0.0000	0.0000	0.0000	0.0000	0.0000	0.0000	0.0000	0.0000	0.0000	0.0132	0.0073	0.0059	0.0053	0.0045	0.0007	0.0079	0.0028	0.0051	0.0000	0.0000	0.0000	0.0000	0.0000	0.0000	0.0000	0.0000	0.0000	0.0000	0.0000	0.0000	0.0000	0.0000	0.0000	0.0000	0.0000	0.0000				
7	78	0.6538	7	0	1	0	1	0	0	0	0	N	N	N	N	N	N	N	N	N	N	N	N	0.0000	0.0000	0.0000	0.0000	0.0000	0.0000	0.0000	0.0000	0.0000	0.0000	0.0000	0.0000	0.0000	0.0000	0.0000	0.0000	0.0001	0.0002	0.0000	0.0003	0.0003	0.0000	0.0000	0.0000	0.0000	0.1113	-0.0000	-0.0000	1.4589	0.0003	1.1370	2.1916	0.0000	0.0000	0.0000	0.0000	0.0000	0.0000	0.0000	0.0000	0.0000	0.0000	0.0000	0.0000	0.0000	0.0000	0.0000	0.0000	0.0000	0.0000	0.0000	0.0000	0.0000	0.0000	0.0000	0.0000	0.0000	0.0000	0.0000	0.0098	0.0054	0.0044	0.0039	0.0034	0.0006	0.0059	0.0021	0.0038	0.0000	0.0000	0.0000	0.0000	0.0000	0.0000	0.0000	0.0000	0.0000	0.0000	0.0000	0.0000	0.0000	0.0000	0.0000	0.0000	0.0000	0.0000			
7	79	0.6460	6	0	1	0	0	0	0	0	0	N	N	N	N	N	N	N	N	N	N	N	N	1.8083	0.8914	1.0722	1.1473	0.0001	0.0001	0.0000	0.0002	0.0002	0.0000	0.0000	0.0000	0.0000	0.0001	0.0001	0.0000	0.0002	0.0001	0.0000	0.0000	0.0000	0.0000	0.0001	0.0000	-0.0000	-0.0000	1.4589	0.2782	1.1370	1.3600	0.0000	0.0000	0.0000	0.0000	0.0000	0.0000	0.0000	0.0000	0.0000	0.0000	0.0000	0.0000	0.0000	0.0000	0.0000	0.0000	0.0000	0.0000	0.0845	0.0789	0.0056	0.0514	0.0499	0.0015	0.0331	0.0290	0.0042	0.0078	0.0044	0.0034	0.0032	0.0028	0.0004	0.0046	0.0016	0.0030	69.5646	41.8988	0.0000	46.8791	42.0308	0.0000	0.0000	0.0000	0.0000	0.0000	0.0000	0.0000	0.0000	0.0000	0.0000	0.0000	0.0000	0.0000					
7	80	0.6897	8	0	2	1	0	0	0	0	0	N	Y	N	N	N	N	N	N	N	N	N	N	0.0448	0.0363	0.3811	0.3198	0.4026	inf	0.0184	0.0017	0.0623	0.0196	0.0217	0.0010	0.0254	0.0275	0.0016	0.0027	0.0031	0.0002	0.4375	0.5977	0.0027	0.0793	0.0682	0.0000	0.1453	1.8113	0.0030	0.0052	0.0989	-0.0000	-0.0001	1.4589	0.0029	1.1370	2.0135	0.0000	0.0000	0.0000	0.0000	0.0000	0.0000	0.0000	0.0000	0.0000	0.0001	0.0001	0.0000	0.0001	0.0001	0.0000	0.0001	0.0000	0.0000	0.0006	0.0005	0.0001	0.0004	0.0004	0.0000	0.0002	0.0001	0.0000	0.0121	0.0081	0.0039	0.0075	0.0070	0.0005	0.0046	0.0011	0.0035	2.0410	1.6738	0.3811	2.8971	2.9389	inf	0.2432	0.0888	0.0623	0.0096	0.0130	0.0027	0.0088	0.0093	0.0000	0.0110	0.0353	0.0030
7	81	0.6831	7	0	2	0	0	0	0	0	0	N	Y	N	N	N	N	N	N	N	N	N	N	0.0684	114.8237	0.0116	68.8981	95.7357	16.3088	0.1798	34.5929	0.0011	0.0232	0.0257	0.0006	0.0201	0.0219	0.0008	0.0414	0.0506	0.0000	0.3383	0.0002	0.0545	0.0003	0.0002	0.0001	0.2305	0.0015	0.0225	0.0027	608.2876	-0.0008	0.0000	1.4589	0.6188	1.1370	0.9475	0.0033	0.0033	0.0000	0.0024	0.0024	0.0000	0.0008	0.0008	0.0000	0.0001	0.0000	0.0001	0.0000	0.0000	0.0000	0.0001	0.0000	0.0001	0.1422	0.1280	0.0142	0.1218	0.1112	0.0105	0.0205	0.0168	0.0037	0.0081	0.0046	0.0035	0.0041	0.0037	0.0004	0.0040	0.0009	0.0031	3.1576	1212.8180	0.0373	941.5222	1195.3119	16.3088	2.8081	1533.8596	0.0013	0.0073	0.0000	0.0170	0.0000	0.0000	0.0001	0.0148	0.0000	0.0190
7	82	0.0822	3	0	2	1	0	0	0	0	0	N	Y	N	N	N	N	N	N	N	N	N	N	0.0000	0.0000	0.0000	0.0000	0.0000	0.0000	0.0000	0.0000	0.0000	0.0000	0.0000	0.0000	0.0000	0.0480	0.2877	0.0000	0.1598	0.1327	0.0000	0.0000	0.0000	0.0000	0.0000	0.0000	-0.0000	1.4589	0.0000	1.1370	1.0000	0.0000	0.0000	0.0000	0.0000	0.0000	0.0000	0.0000	0.0000	0.0000	0.0000	0.0000	0.0000	0.0000	0.0000	0.0000	0.0000	0.0000	0.0000	0.0000	0.0000	0.0000	0.0000	0.0000	0.0000	0.0000	0.0000	0.0000	0.0104	0.0045	0.0059	0.0024	0.0024	0.0000	0.0080	0.0021	0.0059	0.0000	0.0000	0.0000	0.0000	0.0000	0.0000	0.0000	0.0000	0.0000	0.0029	0.0067	0.0000	0.0124	0.0125	0.0000	0.0000	0.0000	0.0000						
7	83	0.6571	6	1	1	1	0	0	0	0	0	N	N	N	N	N	N	N	N	N	N	N	N	172.0981	inf	0.0769	623.5474	inf	0.0000	0.0726	inf	0.4497	1.2584	1.3704	0.0002	1.4959	1.6085	0.0000	0.0002	0.0001	0.0007	0.0073	0.0000	0.0026	0.0024	0.0000	0.0118	0.0025	0.0000	0.0016	0.0000	inf	-0.2543	0.0000	1.4589	9.0001	1.1370	3.0001	0.9774	0.9774	0.0000	0.9774	0.9774	0.0000	0.0000	0.0000	0.0000	0.0000	0.0000	0.0000	0.0000	0.0000	0.0000	0.0000	0.0000	0.0000	0.7767	0.7132	0.0635	0.6534	0.6076	0.0457	0.1233	0.1056	0.0177	0.0394	0.0240	0.0155	0.0207	0.0178	0.0028	0.0188	0.0061	0.0126	1239.1768	inf	0.0769	1543.1038	inf	0.0001	0.1720	inf	0.4497	0.0010	0.0000	0.0026	0.0010	0.0000	0.0071	0.0011	0.0000	0.0016
7	84	0.0598	2	1	1	1	0	0	0	0	0	N	N	N	N	N	N	N	N	N	N	N	N	inf	inf	inf	inf	0.0149	0.0163	0.0000	0.0673	0.0691	0.0000	0.0000	0.0000	0.0000	0.0000	0.0000	0.0000	0.0000	0.0000	0.0000	0.0000	0.0000	0.0000	0.0000	-0.0016	0.0000	1.4589	4.0000	1.1370	0.0000	0.0061	0.0061	0.0000	0.0061	0.0061	0.0000	0.0000	0.0000	0.0000	0.0000	0.0000	0.0000	0.0000	0.0000	0.0000	0.0000	0.0000	0.0000	0.4104	0.3742	0.0362	0.0907	0.0883	0.0024	0.3198	0.2860	0.0338	0.0536	0.0254	0.0282	0.0092	0.0091	0.0001	0.0445	0.0163	0.0281	inf	inf	0.0000	inf	inf	0.0000	0.0000	0.0000	0.0000	0.0000	0.0000	0.0000	0.0000	0.0000	0.0000	0.0000	0.0000	0.0000						
7	85	0.1059	3	1	2	0	0	0	0	0	0	N	Y	N	N	N	N	N	N	N	N	N	N	0.0088	0.0041	0.1208	0.0038	0.0042	0.0368	5.2502	8.2425	0.1179	0.0011	0.0012	0.0000	0.0008	0.0009	0.0001	0.0013	0.0015	0.0000	0.1266	0.3023	0.0003	0.2244	0.2131	0.0014	0.0002	0.0002	0.0003	0.0036	0.0437	-0.0000	-0.0001	1.4589	1.0086	1.1370	1.7435	0.0001	0.0001	0.0000	0.0000	0.0000	0.0000	0.0001	0.0001	0.0000	0.0002	0.0002	0.0000	0.0002	0.0002	0.0000	0.0000	0.0000	0.0000	0.1204	0.1091	0.0114	0.0474	0.0449	0.0024	0.0731	0.0641	0.0090	0.0414	0.0221	0.0193	0.0101	0.0099	0.0002	0.0312	0.0122	0.0191	0.2867	0.1756	0.1208	0.0557	0.0572	0.0452	6.2126	3861.1465	0.1179	0.0039	0.0070	0.0003	0.0152	0.0155	0.0011	0.0002	0.0000	0.0003
7	86	0.0598	2	1	2	0	0	0	0	0	0	N	Y	N	N	N	N	N	N	N	N	N	N	41.1118	170.8792	0.0000	98.6538	119.9518	0.0000	219.3368	884.6984	0.0000	3.9286	4.3155	0.0000	4.3771	4.4945	0.0000	3.8029	4.2609	0.0000	0.0956	0.0253	0.0045	0.0444	0.0375	0.0002	0.0173	0.0048	0.0042	0.0000	1.7329	-0.1193	0.0000	1.4589	1.0165	1.1370	4.1395	0.4584	0.4584	0.0000	0.1117	0.1117	0.0000	0.3467	0.3467	0.0000	0.0002	0.0001	0.0001	0.0001	0.0001	0.0000	0.0002	0.0000	0.0001	0.1167	0.1062	0.0105	0.0255	0.0249	0.0007	0.0912	0.0814	0.0098	0.0674	0.0319	0.0354	0.0115	0.0114	0.0001	0.0559	0.0206	0.0353	1132.5614	1611.8423	0.0000	628.8404	638.6817	0.0000	1382.6860	15870.5067	0.0000	0.0035	0.0027	0.0042	0.0070	0.0070	0.0002	0.0028	0.0003	0.0042
7	87	0.6159	5	1	2	0	0	0	0	0	0	N	Y	N	N	N	N	N	N	N	N	N	N	528.2737	389.8795	887.7161	1120.7936	2.1642	0.0533	1.9789	2.1602	0.0000	2.6914	2.8722	0.0000	0.0006	0.0007	0.0000	0.0037	0.0055	0.0000	0.0030	0.0026	0.0000	0.0003	0.0124	0.0000	0.0000	0.0000	-0.3784	-0.0000	1.4589	9.0005	1.1370	5.0000	1.4542	1.4542	0.0000	1.4541	1.4541	0.0000	0.0001	0.0001	0.0000	0.0001	0.0001	0.0000	0.0001	0.0001	0.0000	0.0000	0.0000	0.0000	0.7349	0.6732	0.0617	0.5403	0.5063	0.0340	0.1946	0.1669	0.0277	0.0892	0.0551	0.0341	0.0442	0.0409	0.0032	0.0450	0.0142	0.0308	2940.9098	1983.8887	0.0000	2376.5588	2351.2060	0.0000	2.5447	0.9339	0.0000	0.0007	0.0011	0.0000	0.0011	0.0012	0.0000	0.0002	0.0007	0.0000			
7	88	0.0822	3	0	2	0	0	0	0	0	0	N	Y	N	N	N	N	N	N	N	N	N	N	0.0000	0.0000	0.0000	0.0000	0.0000	0.0000	0.0000	0.0000	0.0000	0.0000	0.0000	0.0000	0.0000	0.0000	0.0000	0.0000	0.0000	0.0000	0.0000	0.0000	1.4589	0.0000	1.1370	0.0000	0.0000	0.0000	0.0000	0.0000	0.0000	0.0000	0.0000	0.0000	0.0000	0.0000	0.0000	0.0000	0.0000	0.0000	0.0000	0.0000	0.0000	0.0000	0.0000	0.0000	0.0000	0.0000	0.0000	0.0000	0.0000	0.0000	0.0000	0.0000	0.0000	0.0000	0.0000	0.0000	0.0000	0.0000	0.0000	0.0000	0.0000	0.0000	0.0000	0.0000	0.0000	0.0000	0.0000	0.0000	0.0000	0.0000	0.0000	0.0000	0.0000	0.0000	0.0000	0.0000	0.0000	0.0000											
7	89	0.6831	7	0	2	0	0	0	0	0	0	N	Y	N	N	N	N	N	N	N	N	N	N	0.0000	0.0000	0.0000	0.0000	0.0000	0.0000	0.0000	0.0000	0.0000	0.0000	0.0000	0.0000	0.0000	0.0000	0.0000	0.0000	0.0000	0.0034	0.0018	0.0008	0.0016	0.0014	0.0000	0.0009	0.0000	0.0009	0.9668	0.0000	-0.0000	1.4589	1.9953	1.1370	1.0817	0.0000	0.0000	0.0000	0.0000	0.0000	0.0000	0.0000	0.0000	0.0000	0.0000	0.0000	0.0000	0.0000	0.0000	0.0000	0.0000	0.0000	0.0000	0.2848	0.2589	0.0259	0.2466	0.2267	0.0199	0.0382	0.0322	0.0060	0.0133	0.0077	0.0056	0.0067	0.0060	0.0007	0.0066	0.0017	0.0049	0.0000	0.0000	0.0000	0.0000	0.0000	0.0000	0.0000	0.0000	0.0000	0.0007	0.0006	0.0008	0.0007	0.0007	0.0000	0.0006	0.0000	0.0009		
7	90	0.6571	6	0	2	0	0	0	0	0	0	N	Y	N	N	N	N	N	N	N	N	N	N	0.0275	128.2574	0.0000	4.3462	78.5666	0.0002	0.0424	421.9477	0.0003	0.0473	0.0516	0.0002	0.0407	0.0439	0.0000	0.0919	0.1078	0.0007	1.7205	0.0004	5.5503	0.0094	0.0006	0.0476	2.1686	0.0003	2.1932	0.0003	4525.3304	-0.0034	0.0033	1.4589	2.3999	1.1370	4.0713	0.0129	0.0129	0.0000	0.0097	0.0097	0.0000	0.0032	0.0032	0.0000	0.0070	0.0000	0.0070	0.0000	0.0000	0.0000	0.0069	0.0000	0.0069	0.2726	0.2500	0.0226	0.2376	0.2202	0.0174	0.0350	0.0298	0.0052	0.0223	0.0135	0.0087	0.0117	0.0101	0.0016	0.0106	0.0034	0.0072	0.1510	452.4042	0.0002	15.0598	287.9468	0.0005	0.1404	132081.2539	0.0007	0.3133	0.0001	0.7974	0.0027	0.0002	0.0189	0.6549	0.0000	0.9695
7	91	0.6781	7	0	1	1	0	0	0	0	0	N	N	N	N	N	N	N	N	N	N	N	N	0.0000	0.0000	0.0000	0.0000	0.0000	0.0000	0.0000	0.0000	0.0000	0.0000	0.0000	0.0000	0.0000	0.0000	0.0000	0.0000	0.0000	0.0000	0.0000	0.0000	1.4589	0.0000	1.1370	0.0000	0.0000	0.0000	0.0000	0.0000	0.0000	0.0000	0.0000	0.0000	0.0000	0.0000	0.0000	0.0000	0.0000	0.0000	0.0000	0.0000	0.0000	0.0000	0.0000	0.0000	0.0000	0.0000	0.0000	0.0000	0.0000	0.0000	0.0000	0.0000	0.0000	0.0000	0.0000	0.0000	0.0000	0.0000	0.0000	0.0000	0.0000	0.0000	0.0000	0.0000	0.0000	0.0000	0.0000	0.0000	0.0000	0.0000	0.0000	0.0000	0.0000	0.0000	0.0000	0.0000	0.0000	0.0000											
7	92	0.6460	6	0	1	1	0	0	0	0	0	N	N	N	N	N	N	N	N	N	N	N	N	inf	inf	inf	inf	inf	inf	inf	inf	2.4992	0.0006	31.7145	3.2673	0.0007	56.0023	0.0003	0.0000	0.0018	0.0000	0.0000	0.0000	0.0000	0.0000	0.0000	0.0000	0.0000	0.0000	4887.1583	0.7231	0.0000	1.4589	3.7221	1.1370	2.9993	0.9776	0.0002	0.9774	0.9776	0.0002	0.9774	0.0000	0.0000	0.0000	0.0000	0.0000	0.0000	0.0000	0.0000	0.0000	0.0000	0.0000	0.0000	0.3912	0.3604	0.0308	0.2992	0.2818	0.0175	0.0920	0.0786	0.0134	0.0304	0.0171	0.0133	0.0125	0.0109	0.0016	0.0179	0.0062	0.0117	inf	inf	inf	inf	inf	inf	inf	0.0000	inf	0.0000	0.0000	0.0000	0.0000	0.0000	0.0000	0.0000	0.0000	0.0000		
7	93	0.6159	5	0	1	0	0	0	0	0	0	N	N	N	N	N	N	N	N	N	N	N	N	inf	inf	inf	inf	0.0002	0.0002	0.0000	0.0003	0.0003	0.0000	0.0000	0.0000	0.0000	0.0000	0.0000	0.0000	0.0000	0.0000	0.0000	0.0000	0.0000	0.0000	0.0000	-0.0000	0.0000	1.4589	2.7217	1.1370	3.0458	0.0001	0.0001	0.0000	0.0001	0.0001	0.0000	0.0000	0.0000	0.0000	0.0000	0.0000	0.0000	0.0000	0.0000	0.0000	0.0000	0.0000	0.0000	0.2700	0.2478	0.0222	0.2049	0.1922	0.0127	0.0651	0.0556	0.0095	0.0417	0.0258	0.0159	0.0207	0.0193	0.0014	0.0209	0.0064	0.0145	inf	inf	0.0000	inf	inf	0.0000	0.0000	0.0000	0.0000	0.0000	0.0000	0.0000	0.0000	0.0000	0.0000	0.0000	0.0000	0.0000						
7	94	0.6734	7	1	2	0	0	0	0	0	0	N	Y	N	N	N	N	N	N	N	N	N	N	1.1167	0.0046	4076.5608	3.0182	0.0149	3732.8138	0.1302	0.0001	36.2957	0.0104	0.0001	0.1345	0.0118	0.0001	0.1698	0.0001	0.0000	0.0011	0.0093	0.0117	0.0000	0.0039	0.0040	0.0000	0.0011	0.0369	0.0000	211.2408	0.0097	0.0045	-0.0000	1.4589	5.9980	1.1370	4.9575	0.0061	0.0000	0.0061	0.0061	0.0000	0.0061	0.0000	0.0000	0.0000	0.0000	0.0000	0.0000	0.0000	0.0000	0.0000	0.0000	0.0000	0.0000	0.5892	0.5438	0.0453	0.5186	0.4827	0.0359	0.0706	0.0611	0.0095	0.0311	0.0204	0.0107	0.0174	0.0149	0.0026	0.0137	0.0056	0.0081	8.8057	0.0298	4076.5608	7.7517	0.0334	3732.8138	0.1938	0.0022	36.2957	0.0012	0.0018	0.0000	0.0015	0.0018	0.0000	0.0007	0.0018	0.0000
7	95	0.0822	3	1	2	0	0	0	0	0	0	N	Y	N	N	N	N	N	N	N	N	N	N	0.0000	0.0000	0.0000	0.0000	0.0000	0.0000	0.0000	0.0000	0.0000	0.0000	0.0000	0.0000	0.0000	0.0138	0.0412	0.0000	0.0380	0.0316	0.0000	0.0000	0.0000	0.0000	0.0000	0.0000	-0.0000	1.4589	0.0000	1.1370	2.0000	0.0000	0.0000	0.0000	0.0000	0.0000	0.0000	0.0000	0.0000	0.0000	0.0000	0.0000	0.0000	0.0000	0.0000	0.0000	0.0000	0.0000	0.0000	0.0000	0.0000	0.0000	0.0000	0.0000	0.0000	0.0000	0.0000	0.0000	0.0204	0.0088	0.0116	0.0047	0.0047	0.0001	0.0156	0.0041	0.0115	0.0000	0.0000	0.0000	0.0000	0.0000	0.0000	0.0000	0.0000	0.0000	0.0015	0.0034	0.0000	0.0063	0.0064	0.0000	0.0000	0.0000	0.0000						
7	96	0.0598	2	0	2	0	0	0	0	0	0	N	Y	N	N	N	N	N	N	N	N	N	N	inf	inf	inf	inf	0.0149	0.0163	0.0000	0.0673	0.0691	0.0000	0.0000	0.0000	0.0000	0.0000	0.0000	0.0000	0.0000	0.0000	0.0000	0.0000	0.0000	0.0000	0.0000	-0.0016	0.0000	1.4589	4.0000	1.1370	0.0000	0.0061	0.0061	0.0000	0.0061	0.0061	0.0000	0.0000	0.0000	0.0000	0.0000	0.0000	0.0000	0.0000	0.0000	0.0000	0.0000	0.0000	0.0000	0.4104	0.3742	0.0362	0.0907	0.0883	0.0024	0.3198	0.2860	0.0338	0.0536	0.0254	0.0282	0.0092	0.0091	0.0001	0.0445	0.0163	0.0281	inf	inf	0.0000	inf	inf	0.0000	0.0000	0.0000	0.0000	0.0000	0.0000	0.0000	0.0000	0.0000	0.0000	0.0000	0.0000	0.0000						
7	97	0.6159	5	0	1	0	0	0	0	0	0	N	N	N	N	N	N	N	N	N	N	N	N	503.0886	9.3905	inf	582.2363	19.3077	inf	inf	inf	1.2371	0.0343	14.5689	1.6408	0.0446	25.6592	0.0010	0.0000	0.0066	0.0025	0.0037	0.0000	0.0028	0.0023	0.0000	0.0000	0.0000	0.0000	38.2703	0.0000	0.3361	-0.0000	1.4589	3.9994	1.1370	4.0000	0.4705	0.0120	0.4585	0.4704	0.0120	0.4584	0.0001	0.0000	0.0001	0.0000	0.0000	0.0000	0.0000	0.0000	0.0000	0.0000	0.0000	0.0000	0.3803	0.3488	0.0315	0.2867	0.2688	0.0179	0.0936	0.0800	0.0136	0.0558	0.0345	0.0213	0.0277	0.0258	0.0019	0.0281	0.0087	0.0194	2301.8722	39.4920	inf	1517.5996	38.3604	inf	inf	0.0000	inf	0.0005	0.0009	0.0000	0.0011	0.0012	0.0000	0.0000	0.0000	0.0000	
7	98	0.0598	2	0	1	0	0	0	0	0	0	N	N	N	N	N	N	N	N	N	N	N	N	0.0000	0.0000	0.0000	0.0000	0.0000	0.0000	0.0000	0.0000	0.0000	0.0000	0.0000	0.0000	0.0000	0.0000	0.0000	0.0000	0.0000	0.0000	0.0000	0.0000	1.4589	1.0000	1.1370	0.0000	0.0000	0.0000	0.0000	0.0000	0.0000	0.0000	0.0000	0.0000	0.0000	0.0000	0.0000	0.0000	0.0000	0.0000	0.0000	0.0000	0.0000	0.0000	0.2050	0.1867	0.0183	0.0450	0.0438	0.0012	0.1600	0.1429	0.0171	0.0260	0.0123	0.0137	0.0044	0.0044	0.0000	0.0215	0.0079	0.0136	0.0000	0.0000	0.0000	0.0000	0.0000	0.0000	0.0000	0.0000	0.0000	0.0000	0.0000	0.0000	0.0000	0.0000	0.0000	0.0000	0.0000	0.0000											
7	99	0.5049	4	0	1	0	0	0	0	0	0	N	N	N	N	N	N	N	N	N	N	N	N	0.0000	0.0000	0.0108	0.0000	0.0000	0.0003	0.0001	0.0000	0.0413	0.0001	0.0001	0.0001	0.0001	0.0001	0.0000	0.0000	0.0000	0.0002	8.9681	14.3497	0.0076	18.2632	19.4957	0.0545	0.3234	2.1872	0.0041	0.1298	0.0002	-0.0000	-0.5095	1.4589	1.5982	1.1370	11.1970	0.0000	0.0000	0.0000	0.0000	0.0000	0.0000	0.0000	0.0000	0.0000	0.9766	0.9764	0.0002	0.9754	0.9753	0.0001	0.0013	0.0011	0.0002	0.1733	0.1587	0.0145	0.1321	0.1238	0.0082	0.0412	0.0349	0.0063	0.1089	0.0680	0.0409	0.0534	0.0500	0.0034	0.0555	0.0180	0.0375	0.0000	0.0000	0.0148	0.0000	0.0000	0.0007	0.0012	0.0000	0.0413	8.9681	14.3497	0.0056	18.2632	19.4957	0.0218	0.0229	0.0619	0.0041
7	100	0.6749	8	1	2	1	0	0	0	0	0	N	Y	N	N	N	N	N	N	N	N	N	N	0.0000	0.0000	0.0000	0.0000	0.0000	0.0000	0.0000	0.0000	0.0000	0.0000	0.0000	0.0000	0.0000	0.0000	0.0000	0.0000	0.0000	0.0000	2.7246	3.5913	0.0000	0.2371	0.2805	0.0000	5.1676	12.6161	0.0000	0.0000	0.0000	-0.0036	1.4589	0.0000	1.1370	0.9982	0.0000	0.0000	0.0000	0.0000	0.0000	0.0000	0.0000	0.0000	0.0000	0.0070	0.0070	0.0000	0.0000	0.0000	0.0000	0.0069	0.0069	0.0000	0.0096	0.0089	0.0007	0.0080	0.0076	0.0003	0.0017	0.0013	0.0004	0.0032	0.0021	0.0011	0.0019	0.0016	0.0003	0.0013	0.0005	0.0008	0.0000	0.0000	0.0000	0.0000	0.0000	0.0000	0.0000	0.0000	0.0000	2.1582	3.3074	0.0000	0.0159	0.0193	0.0000	5.1676	12.6161	0.0000	
7	101	0.0945	5	1	2	1	0	0	0	0	0	N	Y	N	N	N	N	N	N	N	N	N	N	0.0000	0.0000	0.0000	0.0000	0.0000	0.0000	0.0000	0.0000	0.0000	0.0000	0.0000	0.0000	0.0000	0.0000	0.0000	0.0000	0.0000	0.0000	0.0000	0.0000	1.4589	0.0000	1.1370	0.0000	0.0000	0.0000	0.0000	0.0000	0.0000	0.0000	0.0000	0.0000	0.0000	0.0000	0.0000	0.0000	0.0000	0.0000	0.0000	0.0000	0.0000	0.0000	0.0000	0.0000	0.0000	0.0000	0.0000	0.0000	0.0000	0.0000	0.0000	0.0000	0.0000	0.0000	0.0000	0.0000	0.0000	0.0000	0.0000	0.0000	0.0000	0.0000	0.0000	0.0000	0.0000	0.0000	0.0000	0.0000	0.0000	0.0000	0.0000	0.0000	0.0000	0.0000	0.0000	0.0000	0.0000	0.0000											
7	102	0.0945	4	1	1	1	0	0	0	0	0	N	N	N	N	N	N	N	N	N	N	N	N	0.0000	0.0000	0.0000	0.0000	0.0000	0.0000	0.0000	0.0000	0.0000	0.0000	0.0000	0.0000	0.0000	0.0000	0.0000	0.0000	0.0000	0.0000	0.0000	0.0000	1.4589	0.0000	1.1370	0.0000	0.0000	0.0000	0.0000	0.0000	0.0000	0.0000	0.0000	0.0000	0.0000	0.0000	0.0000	0.0000	0.0000	0.0000	0.0000	0.0000	0.0000	0.0000	0.0000	0.0000	0.0000	0.0000	0.0000	0.0000	0.0000	0.0000	0.0000	0.0000	0.0000	0.0000	0.0000	0.0000	0.0000	0.0000	0.0000	0.0000	0.0000	0.0000	0.0000	0.0000	0.0000	0.0000	0.0000	0.0000	0.0000	0.0000	0.0000	0.0000	0.0000	0.0000	0.0000	0.0000	0.0000	0.0000											
7	103	0.0884	3	1	1	1	0	0	0	0	0	N	N	N	N	N	N	N	N	N	N	N	N	0.0000	0.0000	0.0000	0.0000	0.0000	0.0000	0.0000	0.0000	0.0000	0.0000	0.0000	0.0000	0.0000	0.0000	0.0000	0.0000	0.0000	0.0000	0.0000	0.0000	1.4589	0.0000	1.1370	1.0091	0.0000	0.0000	0.0000	0.0000	0.0000	0.0000	0.0000	0.0000	0.0000	0.0000	0.0000	0.0000	0.0000	0.0000	0.0000	0.0000	0.0000	0.0000	0.0000	0.0000	0.0000	0.0000	0.0000	0.0000	0.0000	0.0000	0.0000	0.0072	0.0022	0.0050	0.0003	0.0003	0.0000	0.0068	0.0018	0.0050	0.0000	0.0000	0.0000	0.0000	0.0000	0.0000	0.0000	0.0000	0.0000	0.0000	0.0000	0.0000	0.0000	0.0000	0.0000	0.0000	0.0000	0.0000											
7	104	0.6159	5	0	2	0	0	0	0	0	0	N	Y	N	N	N	N	N	N	N	N	N	N	150.6003	2.9610	inf	239.0880	7.3070	inf	392.8014	0.0000	inf	0.7001	0.0198	8.1407	0.9476	0.0262	14.6782	0.0005	0.0000	0.0036	0.0046	0.0067	0.0000	0.0040	0.0036	0.0000	0.0000	0.0006	0.0000	37.5494	0.0000	0.3360	-0.0000	1.4589	7.9994	1.1370	4.0001	0.4707	0.0122	0.4585	0.4706	0.0122	0.4584	0.0001	0.0000	0.0001	0.0001	0.0001	0.0000	0.0001	0.0001	0.0000	0.0000	0.0000	0.0000	0.6723	0.6160	0.0563	0.4966	0.4654	0.0312	0.1756	0.1505	0.0251	0.0788	0.0487	0.0301	0.0390	0.0362	0.0028	0.0397	0.0124	0.0273	918.1852	16.0649	inf	616.6045	15.8464	inf	392.8014	0.0000	inf	0.0008	0.0012	0.0000	0.0015	0.0017	0.0000	0.0000	0.0000	0.0000
7	105	0.6783	9	1	1	1	0	0	0	0	0	N	N	N	N	N	N	N	N	N	N	N	N	0.0000	0.0000	0.0000	0.0000	0.0000	0.0000	0.0000	0.0000	0.0000	0.0000	0.0000	0.0000	0.0000	0.7934	1.1301	0.0000	0.6953	0.7207	0.0000	0.0000	0.0000	0.0000	0.0000	0.0000	-0.0001	1.4589	1.0000	1.1370	1.0005	0.0000	0.0000	0.0000	0.0000	0.0000	0.0000	0.0000	0.0000	0.0000	0.0001	0.0001	0.0000	0.0001	0.0001	0.0000	0.0000	0.0000	0.0000	0.1209	0.1114	0.0095	0.1087	0.1008	0.0078	0.0122	0.0106	0.0017	0.0060	0.0040	0.0021	0.0034	0.0029	0.0005	0.0026	0.0011	0.0016	0.0000	0.0000	0.0000	0.0000	0.0000	0.0000	0.0000	0.0000	0.0000	0.0249	0.0379	0.0000	0.0443	0.0519	0.0000	0.0000	0.0000	0.0000						
7	106	0.6749	8	1	1	1	0	0	0	0	0	N	N	N	N	N	N	N	N	N	N	N	N	0.0010	0.0006	0.0000	0.0030	0.0027	0.0000	0.1054	0.0038	0.0000	0.0002	0.0002	0.0000	0.0002	0.0003	0.0000	0.0000	0.0000	0.0000	0.2058	0.3908	0.0000	0.0800	0.0936	0.0000	0.0001	0.0035	0.0000	0.0000	0.0006	-0.0000	-0.0000	1.4589	0.7249	1.1370	0.0368	0.0000	0.0000	0.0000	0.0000	0.0000	0.0000	0.0000	0.0000	0.0000	0.0000	0.0000	0.0000	0.0000	0.0000	0.0000	0.0000	0.0000	0.0000	0.0980	0.0903	0.0077	0.0875	0.0814	0.0061	0.0106	0.0089	0.0016	0.0025	0.0016	0.0009	0.0015	0.0012	0.0003	0.0010	0.0004	0.0006	0.0409	0.0289	0.0000	0.0271	0.0238	0.0000	0.1694	0.0895	0.0000	0.0052	0.0080	0.0000	0.0088	0.0107	0.0000	0.0001	0.0002	0.0000
7	107	0.6734	7	1	1	1	0	0	0	0	0	N	N	N	N	N	N	N	N	N	N	N	N	0.0018	0.0010	5.1563	0.0274	0.0191	4.4312	0.0002	0.0000	0.0036	0.0008	0.0007	0.0030	0.0009	0.0007	0.0036	0.0000	0.0001	0.0000	0.4683	0.6872	0.0006	0.0332	0.0374	0.0008	0.2552	1.8409	0.0005	0.3635	0.0182	0.0000	-0.0000	1.4589	0.4159	1.1370	0.0887	0.0001	0.0000	0.0000	0.0001	0.0000	0.0000	0.0000	0.0000	0.0000	0.0000	0.0000	0.0000	0.0000	0.0000	0.0000	0.0000	0.0000	0.0000	0.0610	0.0564	0.0045	0.0555	0.0517	0.0038	0.0055	0.0047	0.0007	0.0019	0.0013	0.0006	0.0011	0.0009	0.0002	0.0008	0.0004	0.0004	0.0795	0.0434	5.1563	0.1512	0.1018	5.2843	0.0027	0.0014	0.0036	0.0105	0.0152	0.0006	0.0060	0.0070	0.0007	0.0166	0.0361	0.0005
7	108	0.6571	6	1	1	0	0	0	0	0	0	N	N	N	N	N	N	N	N	N	N	N	N	0.2394	14.6207	0.0015	5.1262	191.5000	0.0011	0.0010	0.0009	0.0001	0.0284	0.0309	0.0000	0.0328	0.0354	0.0000	0.0000	0.0001	0.0000	0.1184	0.0021	0.0210	0.0064	0.0002	0.0374	0.0450	0.0574	0.0071	0.0001	9.2393	-0.0031	0.0000	1.4589	3.9943	1.1370	0.9974	0.0120	0.0120	0.0000	0.0120	0.0120	0.0000	0.0000	0.0000	0.0000	0.0001	0.0000	0.0001	0.0000	0.0000	0.0000	0.0000	0.0000	0.0000	0.4219	0.3871	0.0348	0.3645	0.3382	0.0264	0.0574	0.0489	0.0084	0.0174	0.0106	0.0068	0.0091	0.0079	0.0012	0.0083	0.0027	0.0056	7.4550	50.5032	0.0036	14.9704	4248.4658	0.0026	0.0082	0.0224	0.0001	0.0038	0.0006	0.0087	0.0022	0.0000	0.0161	0.0056	0.0024	0.0071
7	109	0.0884	3	1	1	1	0	0	0	0	0	N	N	N	N	N	N	N	N	N	N	N	N	0.0000	0.0000	0.0000	0.0000	0.0000	0.0000	0.0000	0.0000	0.0000	0.0000	0.0000	0.0000	0.0000	0.0000	0.0000	0.0000	0.0000	0.0000	0.0000	0.0000	1.4589	0.0000	1.1370	0.9909	0.0000	0.0000	0.0000	0.0000	0.0000	0.0000	0.0000	0.0000	0.0000	0.0000	0.0000	0.0000	0.0000	0.0000	0.0000	0.0000	0.0000	0.0000	0.0000	0.0000	0.0000	0.0000	0.0000	0.0000	0.0000	0.0000	0.0000	0.0070	0.0021	0.0049	0.0003	0.0003	0.0000	0.0067	0.0018	0.0049	0.0000	0.0000	0.0000	0.0000	0.0000	0.0000	0.0000	0.0000	0.0000	0.0000	0.0000	0.0000	0.0000	0.0000	0.0000	0.0000	0.0000	0.0000											
7	110	0.0598	2	1	1	1	0	0	0	0	0	N	N	N	N	N	N	N	N	N	N	N	N	inf	inf	inf	inf	0.0149	0.0164	0.0000	0.0676	0.0694	0.0000	0.0000	0.0000	0.0000	0.0000	0.0000	0.0000	0.0000	0.0000	0.0000	0.0000	0.0000	0.0000	0.0000	-0.0016	0.0000	1.4589	4.0000	1.1370	0.0000	0.0061	0.0061	0.0000	0.0061	0.0061	0.0000	0.0000	0.0000	0.0000	0.0000	0.0000	0.0000	0.0000	0.0000	0.0000	0.0000	0.0000	0.0000	0.4104	0.3742	0.0362	0.0907	0.0883	0.0024	0.3198	0.2860	0.0338	0.0536	0.0254	0.0282	0.0092	0.0091	0.0001	0.0445	0.0163	0.0281	inf	inf	0.0000	inf	inf	0.0000	0.0000	0.0000	0.0000	0.0000	0.0000	0.0000	0.0000	0.0000	0.0000	0.0000	0.0000	0.0000						
7	112	0.6617	6	0	1	1	0	0	0	0	0	N	N	N	N	N	N	N	N	N	N	N	N	0.0000	0.0000	0.0000	0.0000	0.0000	0.0000	0.0000	0.0000	0.0000	0.0000	0.0000	0.0000	0.0000	0.0000	0.0000	0.0000	0.0000	0.0000	0.0000	0.0000	1.4589	0.0000	1.1370	0.0001	0.0000	0.0000	0.0000	0.0000	0.0000	0.0000	0.0000	0.0000	0.0000	0.0000	0.0000	0.0000	0.0000	0.0000	0.0000	0.0000	0.0000	0.0000	0.0000	0.0000	0.0000	0.0000	0.0000	0.0000	0.0000	0.0000	0.0000	0.0000	0.0000	0.0000	0.0000	0.0000	0.0000	0.0000	0.0000	0.0000	0.0000	0.0000	0.0000	0.0000	0.0000	0.0000	0.0000	0.0000	0.0000	0.0000	0.0000	0.0000	0.0000	0.0000	0.0000	0.0000	0.0000	0.0000											
7	113	0.6159	5	0	1	1	0	0	0	0	0	N	N	N	N	N	N	N	N	N	N	N	N	inf	inf	inf	inf	inf	inf	inf	inf	1.2059	0.0006	14.5657	1.5994	0.0007	25.6538	0.0010	0.0000	0.0066	0.0000	0.0000	0.0000	0.0000	0.0000	0.0000	0.0000	0.0000	0.0000	2292.3895	0.3391	0.0000	1.4589	4.0004	1.1370	4.9999	0.4587	0.0002	0.4585	0.4586	0.0002	0.4584	0.0001	0.0000	0.0001	0.0000	0.0000	0.0000	0.0000	0.0000	0.0000	0.0000	0.0000	0.0000	0.3804	0.3489	0.0315	0.2867	0.2689	0.0179	0.0936	0.0800	0.0136	0.0618	0.0382	0.0236	0.0307	0.0286	0.0022	0.0311	0.0096	0.0215	inf	inf	inf	inf	inf	inf	inf	0.0000	inf	0.0000	0.0000	0.0000	0.0000	0.0000	0.0000	0.0000	0.0000	0.0000		
7	114	0.0924	3	0	2	0	0	0	0	0	0	N	Y	N	N	N	N	N	N	N	N	N	N	0.1549	0.1245	0.0019	0.0115	0.0201	0.0000	156.4759	112.4729	0.0410	0.0099	0.0108	0.0000	0.0026	0.0027	0.0000	0.0129	0.0144	0.0000	0.0639	0.0868	0.0018	0.2249	0.1336	0.1459	0.0001	0.0001	0.0001	0.0000	0.3421	-0.0011	-0.0001	1.4589	4.3361	1.1370	4.6323	0.0044	0.0044	0.0000	0.0003	0.0003	0.0000	0.0040	0.0040	0.0000	0.0003	0.0002	0.0001	0.0003	0.0002	0.0001	0.0000	0.0000	0.0000	0.4420	0.4051	0.0369	0.1300	0.1256	0.0043	0.3121	0.2795	0.0326	0.1074	0.0587	0.0487	0.0212	0.0195	0.0016	0.0862	0.0392	0.0471	3.1787	2.5442	0.0019	0.1659	0.2102	0.0000	266.3322	404083.9143	0.0410	0.0031	0.0042	0.0018	0.0156	0.0127	0.0504	0.0000	0.0000	0.0001
7	115	0.0598	2	0	1	0	0	0	0	0	0	N	N	N	N	N	N	N	N	N	N	N	N	0.0002	0.0004	0.0000	0.0024	0.0027	0.0000	0.0000	0.0001	0.0000	0.0001	0.0002	0.0000	0.0006	0.0006	0.0000	0.0000	0.0000	0.0000	0.9028	0.3906	0.1909	0.2666	0.2347	0.0042	0.5411	0.0688	0.0971	0.0000	9.2804	-0.0000	0.0005	1.4589	1.9840	1.1370	0.2610	0.0000	0.0000	0.0000	0.0000	0.0000	0.0000	0.0000	0.0000	0.0000	0.0012	0.0001	0.0011	0.0001	0.0001	0.0000	0.0011	0.0000	0.0011	0.2194	0.1998	0.0196	0.0482	0.0469	0.0013	0.1712	0.1529	0.0183	0.0313	0.0148	0.0165	0.0053	0.0053	0.0001	0.0260	0.0095	0.0165	0.0037	0.0198	0.0000	0.0364	0.0371	0.0000	0.0002	0.0031	0.0000	0.0388	0.0080	0.0664	0.0172	0.0174	0.0030	0.0432	0.0027	0.0666
7	116	0.6159	5	0	2	0	1	0	0	0	0	N	Y	N	N	N	N	N	N	N	N	N	N	0.0020	0.0013	0.0000	0.0013	0.0013	0.0061	inf	0.0000	0.0394	0.0429	0.0000	0.0525	0.0560	0.0000	0.0001	0.0001	0.0000	19.7286	31.9221	0.0032	39.6585	42.5886	0.0000	0.0142	0.0000	0.0035	0.0000	0.0001	-0.0047	-0.5108	1.4589	5.0006	1.1370	2.0000	0.0181	0.0181	0.0000	0.0181	0.0181	0.0000	0.0000	0.0000	0.0000	0.9789	0.9788	0.0001	0.9788	0.9788	0.0000	0.0001	0.0000	0.0001	0.4604	0.4222	0.0382	0.3453	0.3237	0.0216	0.1151	0.0985	0.0167	0.0496	0.0307	0.0190	0.0247	0.0230	0.0017	0.0249	0.0077	0.0173	0.0020	0.0013	0.0000	0.0013	0.0013	0.0000	0.0361	inf	0.0000	19.7286	31.9221	0.0032	39.6585	42.5886	0.0000	0.0024	0.0000	0.0035	
7	117	0.0598	2	0	2	0	1	0	0	0	0	N	Y	N	N	N	N	N	N	N	N	N	N	0.0000	0.0000	0.0000	0.0000	0.0000	0.0000	0.0000	0.0000	0.0000	0.0000	0.0000	0.0000	0.0000	0.0000	0.0000	0.0000	0.0000	0.0000	0.0000	0.0000	1.4589	0.0000	1.1370	1.0000	0.0000	0.0000	0.0000	0.0000	0.0000	0.0000	0.0000	0.0000	0.0000	0.0000	0.0000	0.0000	0.0000	0.0000	0.0000	0.0000	0.0000	0.0000	0.0000	0.0000	0.0000	0.0000	0.0000	0.0000	0.0000	0.0000	0.0000	0.0199	0.0094	0.0105	0.0034	0.0034	0.0000	0.0165	0.0060	0.0104	0.0000	0.0000	0.0000	0.0000	0.0000	0.0000	0.0000	0.0000	0.0000	0.0000	0.0000	0.0000	0.0000	0.0000	0.0000	0.0000	0.0000	0.0000											
7	118	0.6159	5	0	2	0	0	0	0	0	0	N	Y	N	N	N	N	N	N	N	N	N	N	163.0511	0.0564	inf	194.4775	0.1166	inf	inf	inf	0.4064	0.0002	4.8099	0.5723	0.0003	9.1105	0.0003	0.0000	0.0020	0.0025	0.0038	0.0000	0.0029	0.0025	0.0000	0.0000	0.0000	0.0000	2083.9905	0.0000	0.3391	-0.0000	1.4589	16.9994	1.1370	6.0000	0.4587	0.0002	0.4585	0.4586	0.0002	0.4584	0.0001	0.0000	0.0001	0.0001	0.0001	0.0000	0.0001	0.0001	0.0000	0.0000	0.0000	0.0000	1.1287	1.0334	0.0953	0.8013	0.7510	0.0503	0.3274	0.2824	0.0450	0.1286	0.0795	0.0492	0.0634	0.0584	0.0049	0.0653	0.0211	0.0442	746.8719	0.2417	inf	518.0293	0.2445	inf	inf	0.0000	inf	0.0005	0.0009	0.0000	0.0011	0.0012	0.0000	0.0000	0.0000	0.0000	
7	119	0.0598	2	0	2	0	0	0	0	0	0	N	Y	N	N	N	N	N	N	N	N	N	N	0.1198	0.0000	inf	1.1533	0.0003	inf	0.0967	0.0000	inf	0.9261	0.0001	10.5558	1.0200	0.0003	38.6631	0.8994	0.0000	8.5518	7.7310	16.2521	0.0000	0.8844	0.8129	0.0000	9.3020	25.0841	0.0000	15283.6667	0.0000	0.3392	-0.5114	1.4589	5.0000	1.1370	6.0000	0.4585	0.0000	0.4585	0.1118	0.0000	0.1118	0.3467	0.0000	0.3467	0.9800	0.9800	0.0000	0.0013	0.0013	0.0000	0.9787	0.9787	0.0000	0.4951	0.4517	0.0434	0.1096	0.1067	0.0029	0.3855	0.3450	0.0405	0.1268	0.0603	0.0665	0.0215	0.0213	0.0003	0.1052	0.0390	0.0662	0.1198	0.0000	inf	17.4394	0.0047	inf	0.0967	0.0000	inf	7.7310	16.2521	0.0000	0.0585	0.0592	0.0000	9.3020	25.0841	0.0000
7	120	0.0878	3	0	2	0	0	0	0	0	0	N	Y	N	N	N	N	N	N	N	N	N	N	0.0007	0.0004	0.1203	0.0008	0.0008	0.0505	0.0136	0.0001	0.1082	0.0006	0.0006	0.0000	0.0012	0.0012	0.0001	0.0000	0.0000	0.0000	0.8838	1.4649	0.0004	1.4987	1.4852	0.0013	0.0003	0.0008	0.0004	0.0056	0.0060	-0.0000	-0.0005	1.4589	0.9998	1.1370	0.9486	0.0001	0.0001	0.0000	0.0001	0.0001	0.0000	0.0000	0.0000	0.0000	0.0010	0.0009	0.0000	0.0009	0.0009	0.0000	0.0000	0.0000	0.0000	0.1067	0.0992	0.0075	0.0545	0.0526	0.0019	0.0522	0.0466	0.0057	0.0268	0.0126	0.0142	0.0085	0.0083	0.0002	0.0183	0.0043	0.0140	0.0171	0.0087	0.1203	0.0106	0.0108	0.0623	0.0154	0.0065	0.1082	0.0355	0.0748	0.0004	0.1113	0.1135	0.0010	0.0003	0.0000	0.0004
7	121	0.0598	2	0	2	0	0	0	0	0	0	N	Y	N	N	N	N	N	N	N	N	N	N	0.3683	0.1920	0.0000	0.4658	0.6529	0.0000	0.0000	0.0000	0.0000	0.0113	0.0124	0.0000	0.0509	0.0523	0.0000	0.0000	0.0000	0.0000	0.0306	0.0644	0.0009	0.1093	0.0801	0.0000	0.0012	0.0105	0.0009	0.0000	0.2450	-0.0016	-0.0001	1.4589	3.0005	1.1370	1.1085	0.0061	0.0061	0.0000	0.0061	0.0061	0.0000	0.0000	0.0000	0.0000	0.0002	0.0002	0.0000	0.0002	0.0002	0.0000	0.0001	0.0000	0.0000	0.5379	0.4908	0.0471	0.1192	0.1160	0.0031	0.4187	0.3748	0.0439	0.0939	0.0446	0.0493	0.0160	0.0158	0.0002	0.0779	0.0288	0.0491	4.8008	3.1103	0.0000	5.0756	5.1531	0.0000	0.0000	0.0000	0.0000	0.0023	0.0040	0.0009	0.0100	0.0101	0.0000	0.0008	0.0006	0.0009
7	122	0.6571	6	0	2	0	0	0	0	0	0	N	Y	N	N	N	N	N	N	N	N	N	N	46.3086	inf	0.0000	761.8886	inf	0.0000	0.0116	inf	0.0000	4.2731	4.6588	0.0000	4.8921	5.2791	0.0000	0.0004	0.0005	0.0000	0.0923	0.0000	0.0214	0.0064	0.0000	0.0376	0.0371	0.0000	0.0071	0.0000	inf	-0.2574	0.0000	1.4589	2.0001	1.1370	3.0000	0.9894	0.9894	0.0000	0.9894	0.9894	0.0000	0.0000	0.0000	0.0000	0.0001	0.0000	0.0001	0.0000	0.0000	0.0000	0.0000	0.0000	0.0000	0.2315	0.2124	0.0192	0.2022	0.1874	0.0148	0.0293	0.0250	0.0043	0.0174	0.0106	0.0068	0.0091	0.0079	0.0012	0.0083	0.0027	0.0056	1239.8772	inf	0.0000	2230.2375	inf	0.0000	0.0892	inf	0.0000	0.0034	0.0000	0.0088	0.0022	0.0000	0.0162	0.0048	0.0000	0.0071
7	123	0.6159	5	0	1	0	0	0	0	0	0	N	N	N	N	N	N	N	N	N	N	N	N	388.6130	273.3177	inf	422.0516	549.7371	inf	inf	inf	0.7572	0.8262	0.0000	1.0197	1.0880	0.0000	0.0006	0.0007	0.0000	0.0019	0.0030	0.0000	0.0024	0.0020	0.0000	0.0000	0.0000	0.0000	0.0000	0.0000	-0.1194	-0.0000	1.4589	6.9986	1.1370	2.0000	0.4587	0.4587	0.0000	0.4587	0.4587	0.0000	0.0001	0.0001	0.0000	0.0000	0.0000	0.0000	0.0000	0.0000	0.0000	0.0000	0.0000	0.0000	0.6059	0.5552	0.0506	0.4498	0.4215	0.0282	0.1561	0.1337	0.0224	0.0618	0.0382	0.0236	0.0307	0.0286	0.0021	0.0311	0.0096	0.0215	1558.8624	1051.1999	inf	1042.8853	1034.8596	inf	inf	inf	0.0000	0.0005	0.0008	0.0000	0.0010	0.0011	0.0000	0.0000	0.0000	0.0000	
7	126	0.6159	5	0	2	0	0	0	0	0	0	N	Y	N	N	N	N	N	N	N	N	N	N	0.0013	0.0357	0.0000	0.0140	0.0905	0.0000	0.0000	0.0000	0.0003	0.0003	0.0000	0.0004	0.0004	0.0000	0.0000	0.0000	0.0000	0.2438	0.0093	0.0360	0.0283	0.0047	0.1460	0.0476	0.0000	0.0084	0.0000	4.8192	-0.0000	0.0001	1.4589	0.9996	1.1370	8.0005	0.0000	0.0000	0.0000	0.0000	0.0000	0.0000	0.0000	0.0000	0.0000	0.0004	0.0001	0.0003	0.0002	0.0001	0.0001	0.0002	0.0000	0.0002	0.1053	0.0967	0.0086	0.0807	0.0757	0.0050	0.0246	0.0210	0.0036	0.0618	0.0382	0.0236	0.0307	0.0286	0.0022	0.0311	0.0096	0.0215	0.0538	0.2107	0.0000	0.0718	0.2012	0.0000	0.0000	0.0000	0.0000	0.0057	0.0016	0.0123	0.0055	0.0021	0.0512	0.0058	0.0000	0.0084	
7	127	0.5213	5	0	1	0	0	0	0	0	0	N	N	N	N	N	N	N	N	N	N	N	N	0.0155	0.0146	0.0013	0.0007	0.0010	0.0001	1.4965	6.3006	0.0338	0.0113	0.0123	0.0001	0.0004	0.0005	0.0000	0.0469	0.0548	0.0002	0.7295	0.8448	0.0773	0.6153	0.4400	0.6375	0.0313	0.0087	0.0062	0.0008	0.5886	-0.0011	-0.0004	1.4589	3.6536	1.1370	12.3970	0.0042	0.0042	0.0000	0.0001	0.0001	0.0000	0.0040	0.0040	0.0000	0.0026	0.0016	0.0009	0.0023	0.0016	0.0007	0.0003	0.0000	0.0002	0.3681	0.3369	0.0311	0.2818	0.2633	0.0186	0.0862	0.0737	0.0126	0.1199	0.0753	0.0447	0.0594	0.0553	0.0041	0.0605	0.0200	0.0405	0.5310	0.5778	0.0049	0.0111	0.0158	0.0002	10.9187	111.0124	0.0338	0.0213	0.0214	0.0212	0.0386	0.0289	0.1687	0.0043	0.0005	0.0062
7	128	0.3101	3	0	1	0	0	0	0	0	0	N	N	N	N	N	N	N	N	N	N	N	N	0.0391	0.0299	4.7032	0.0225	0.0230	1.5825	20.6025	30.2075	2.4160	0.0596	0.0643	0.0085	0.0627	0.0661	0.0131	0.0528	0.0602	0.0037	1.5238	2.1493	0.0018	2.7937	2.8705	0.0083	0.0026	0.0020	0.0015	0.0123	0.0040	-0.0092	-0.0207	1.4589	5.3495	1.1370	12.4099	0.0371	0.0367	0.0005	0.0268	0.0264	0.0004	0.0104	0.0103	0.0001	0.0399	0.0398	0.0002	0.0398	0.0398	0.0000	0.0001	0.0000	0.0001	0.6230	0.5703	0.0528	0.4268	0.3998	0.0270	0.1962	0.1705	0.0257	0.2071	0.1192	0.0879	0.0905	0.0837	0.0068	0.1166	0.0355	0.0811	0.3093	0.1929	4.7032	0.1427	0.1392	2.5208	48.8944	1190.7091	2.4160	0.1927	0.3335	0.0018	0.4395	0.4749	0.0052	0.0011	0.0001	0.0015
7	129	0.7274	11	0	2	0	1	0	0	0	0	N	Y	N	N	N	N	N	N	N	N	N	N	0.0000	0.0000	0.0000	0.0000	0.0000	0.0000	0.0000	0.0000	0.0000	0.0000	0.0000	0.0000	0.0000	0.0000	0.0000	0.0000	0.0000	0.0000	0.0000	0.0000	1.4589	0.0000	1.1370	0.0000	0.0000	0.0000	0.0000	0.0000	0.0000	0.0000	0.0000	0.0000	0.0000	0.0000	0.0000	0.0000	0.0000	0.0000	0.0000	0.0000	0.0000	0.0000	0.0000	0.0000	0.0000	0.0000	0.0000	0.0000	0.0000	0.0000	0.0000	0.0000	0.0000	0.0000	0.0000	0.0000	0.0000	0.0000	0.0000	0.0000	0.0000	0.0000	0.0000	0.0000	0.0000	0.0000	0.0000	0.0000	0.0000	0.0000	0.0000	0.0000	0.0000	0.0000	0.0000	0.0000	0.0000	0.0000											
7	130	0.7111	10	0	2	0	1	0	0	0	0	N	Y	N	N	N	N	N	N	N	N	N	N	0.0000	0.0000	0.0000	0.0000	0.0000	0.0000	0.0000	0.0000	0.0000	0.0000	0.0000	0.0000	0.0000	0.0000	0.0000	0.0000	103.1935	162.3166	0.2388	187.5543	215.6209	0.0000	0.7769	0.0000	0.1561	0.0003	0.0000	-0.5107	1.4589	0.0000	1.1370	3.0001	0.0000	0.0000	0.0000	0.0000	0.0000	0.0000	0.0000	0.0000	0.0000	0.9791	0.9788	0.0003	0.9788	0.9788	0.0000	0.0003	0.0000	0.0003	0.0000	0.0000	0.0000	0.0000	0.0000	0.0000	0.0000	0.0000	0.0000	0.0095	0.0060	0.0035	0.0052	0.0045	0.0007	0.0043	0.0015	0.0028	0.0000	0.0000	0.0000	0.0000	0.0000	0.0000	0.0000	0.0000	0.0000	103.1935	162.3166	0.0810	187.5543	215.6209	0.0000	0.0656	0.0000	0.1008			
7	131	0.7014	9	0	2	0	0	0	0	0	0	N	Y	N	N	N	N	N	N	N	N	N	N	0.0000	0.0000	0.0000	0.0000	0.0000	0.0000	0.0000	0.0000	0.0000	0.0000	0.0000	0.0000	0.0000	0.0000	0.0000	0.0000	0.0000	0.0000	0.0000	0.0000	1.4589	0.0000	1.1370	0.0000	0.0000	0.0000	0.0000	0.0000	0.0000	0.0000	0.0000	0.0000	0.0000	0.0000	0.0000	0.0000	0.0000	0.0000	0.0000	0.0000	0.0000	0.0000	0.0000	0.0000	0.0000	0.0000	0.0000	0.0000	0.0000	0.0000	0.0000	0.0000	0.0000	0.0000	0.0000	0.0000	0.0000	0.0000	0.0000	0.0000	0.0000	0.0000	0.0000	0.0000	0.0000	0.0000	0.0000	0.0000	0.0000	0.0000	0.0000	0.0000	0.0000	0.0000	0.0000	0.0000	0.0000	0.0000											
7	132	0.7111	10	0	1	1	1	0	0	0	0	N	N	N	N	N	N	N	N	N	N	N	N	0.0000	0.0000	0.0000	0.0000	0.0000	0.0000	0.0000	0.0000	0.0000	0.0000	0.0000	0.0000	0.0000	0.0000	0.0000	0.0000	0.0000	0.0000	0.0000	0.0000	1.4589	0.0000	1.1370	1.9999	0.0000	0.0000	0.0000	0.0000	0.0000	0.0000	0.0000	0.0000	0.0000	0.0000	0.0000	0.0000	0.0000	0.0000	0.0000	0.0000	0.0000	0.0000	0.0000	0.0000	0.0000	0.0000	0.0000	0.0000	0.0000	0.0000	0.0000	0.0064	0.0041	0.0023	0.0035	0.0031	0.0005	0.0029	0.0010	0.0019	0.0000	0.0000	0.0000	0.0000	0.0000	0.0000	0.0000	0.0000	0.0000	0.0000	0.0000	0.0000	0.0000	0.0000	0.0000	0.0000	0.0000	0.0000											
7	133	0.7221	11	0	1	1	1	0	0	0	0	N	N	N	N	N	N	N	N	N	N	N	N	0.0000	0.0000	0.0000	0.0000	0.0000	0.0000	0.0000	0.0000	0.0000	0.0000	0.0000	0.0000	0.0000	0.0000	0.0000	0.0000	0.0000	0.0000	0.0000	0.0000	1.4589	1.0000	1.1370	0.0000	0.0000	0.0000	0.0000	0.0000	0.0000	0.0000	0.0000	0.0000	0.0000	0.0000	0.0000	0.0000	0.0000	0.0000	0.0000	0.0000	0.0000	0.0000	0.1210	0.1149	0.0061	0.1077	0.1036	0.0041	0.0133	0.0114	0.0020	0.0029	0.0018	0.0011	0.0015	0.0013	0.0001	0.0014	0.0005	0.0009	0.0000	0.0000	0.0000	0.0000	0.0000	0.0000	0.0000	0.0000	0.0000	0.0000	0.0000	0.0000	0.0000	0.0000	0.0000	0.0000	0.0000	0.0000											
7	134	0.7221	11	0	1	1	1	0	0	0	0	N	N	N	N	N	N	N	N	N	N	N	N	0.0000	0.0000	0.0000	0.0000	0.0000	0.0000	0.0000	0.0000	0.0000	0.0000	0.0000	0.0000	0.0000	0.0000	0.0000	0.0000	0.0000	0.0000	0.0000	0.0000	1.4589	0.0000	1.1370	0.0000	0.0000	0.0000	0.0000	0.0000	0.0000	0.0000	0.0000	0.0000	0.0000	0.0000	0.0000	0.0000	0.0000	0.0000	0.0000	0.0000	0.0000	0.0000	0.0000	0.0000	0.0000	0.0000	0.0000	0.0000	0.0000	0.0000	0.0000	0.0000	0.0000	0.0000	0.0000	0.0000	0.0000	0.0000	0.0000	0.0000	0.0000	0.0000	0.0000	0.0000	0.0000	0.0000	0.0000	0.0000	0.0000	0.0000	0.0000	0.0000	0.0000	0.0000	0.0000	0.0000	0.0000	0.0000											
7	135	0.7111	10	0	1	1	1	0	0	0	0	N	N	N	N	N	N	N	N	N	N	N	N	0.0000	0.0000	0.0000	0.0000	0.0000	0.0000	0.0000	0.0000	0.0000	0.0000	0.0000	0.0000	0.0000	0.0000	0.0000	0.0001	0.0000	0.0000	0.0001	0.0000	0.0000	0.0000	0.0000	0.0000	inf	0.0000	0.0000	1.4589	2.0025	1.1370	0.9943	0.0000	0.0000	0.0000	0.0000	0.0000	0.0000	0.0000	0.0000	0.0000	0.0000	0.0000	0.0000	0.0000	0.0000	0.0000	0.0000	0.0000	0.0000	0.2350	0.2227	0.0122	0.2067	0.1986	0.0081	0.0282	0.0241	0.0041	0.0095	0.0060	0.0035	0.0052	0.0045	0.0007	0.0043	0.0015	0.0028	0.0000	0.0000	0.0000	0.0000	0.0000	0.0000	0.0000	0.0000	0.0000	0.0000	0.0000	0.0000	0.0000	0.0000	0.0000	0.0000	0.0000	0.0000				
7	136	0.7111	9	0	1	0	1	0	0	0	0	N	N	N	N	N	N	N	N	N	N	N	N	0.0000	0.0000	0.0000	0.0000	0.0000	0.0000	0.0000	0.0000	0.0000	0.0000	0.0000	0.0000	0.0000	0.0000	0.0000	0.0000	0.0000	0.0026	0.0012	0.0008	0.0016	0.0010	0.0011	0.0005	0.0000	0.0007	1.0000	0.0000	-0.0000	1.4589	0.0050	1.1370	0.0173	0.0000	0.0000	0.0000	0.0000	0.0000	0.0000	0.0000	0.0000	0.0000	0.0000	0.0000	0.0000	0.0000	0.0000	0.0000	0.0000	0.0000	0.0000	0.0021	0.0019	0.0002	0.0020	0.0018	0.0002	0.0001	0.0001	0.0000	0.0001	0.0000	0.0000	0.0000	0.0000	0.0000	0.0000	0.0000	0.0000	0.0000	0.0000	0.0000	0.0000	0.0000	0.0000	0.0000	0.0000	0.0000	0.0006	0.0004	0.0008	0.0006	0.0006	0.0010	0.0005	0.0000	0.0007		
7	137	0.7014	8	0	1	0	1	0	0	0	0	N	N	N	N	N	N	N	N	N	N	N	N	0.0000	0.0000	0.0000	0.0000	0.0000	0.0000	0.0000	0.0000	0.0000	0.0000	0.0000	0.0000	0.0000	0.0001	0.0001	0.0000	0.0002	0.0002	0.0000	0.0000	0.0000	0.0000	0.0000	0.0000	-0.0000	1.4589	1.9972	1.1370	1.0076	0.0000	0.0000	0.0000	0.0000	0.0000	0.0000	0.0000	0.0000	0.0000	0.0000	0.0000	0.0000	0.0000	0.0000	0.0000	0.0000	0.0000	0.0000	0.2017	0.1911	0.0106	0.1753	0.1686	0.0067	0.0264	0.0225	0.0039	0.0083	0.0055	0.0028	0.0052	0.0045	0.0007	0.0031	0.0010	0.0022	0.0000	0.0000	0.0000	0.0000	0.0000	0.0000	0.0000	0.0000	0.0000	0.0000	0.0000	0.0000	0.0000	0.0000	0.0000	0.0000	0.0000	0.0000						
7	138	0.6841	7	1	2	0	0	0	0	0	0	N	Y	N	N	N	N	N	N	N	N	N	N	0.0000	0.0000	0.0000	0.0000	0.0000	0.0000	0.0000	0.0000	0.0000	0.0000	0.0000	0.0000	0.0000	0.1301	0.2402	0.0000	0.0558	0.0601	0.0000	0.0000	0.0000	0.0000	0.0000	0.0000	-0.0000	1.4589	0.0002	1.1370	2.3255	0.0000	0.0000	0.0000	0.0000	0.0000	0.0000	0.0000	0.0000	0.0000	0.0000	0.0000	0.0000	0.0000	0.0000	0.0000	0.0000	0.0000	0.0000	0.0000	0.0000	0.0000	0.0000	0.0000	0.0000	0.0000	0.0000	0.0000	0.0103	0.0065	0.0037	0.0052	0.0046	0.0006	0.0051	0.0020	0.0031	0.0000	0.0000	0.0000	0.0000	0.0000	0.0000	0.0000	0.0000	0.0000	0.0039	0.0061	0.0000	0.0077	0.0088	0.0000	0.0000	0.0000	0.0000						
7	139	0.6663	6	1	2	0	0	0	0	0	0	N	Y	N	N	N	N	N	N	N	N	N	N	0.0195	0.0122	29.0184	0.0232	0.0219	7521.6205	0.0816	0.0001	0.5857	0.0168	0.0161	0.0247	0.0247	0.0230	0.0514	0.0001	0.0000	0.0006	0.8621	1.3125	0.0009	1.0653	1.0497	0.0000	0.0009	0.0009	0.0010	0.1399	0.0103	-0.0004	-0.0005	1.4589	2.0138	1.1370	2.7349	0.0028	0.0025	0.0003	0.0028	0.0025	0.0003	0.0000	0.0000	0.0000	0.0009	0.0009	0.0000	0.0009	0.0009	0.0000	0.0000	0.0000	0.0000	0.1674	0.1534	0.0140	0.1137	0.1070	0.0066	0.0537	0.0464	0.0073	0.0283	0.0169	0.0113	0.0137	0.0125	0.0013	0.0145	0.0044	0.0101	0.5015	0.2902	29.0184	0.3622	0.3066	7521.6205	0.1148	0.0042	0.5857	0.0335	0.0553	0.0009	0.0681	0.0750	0.0000	0.0007	0.0000	0.0010
7	140	0.6828	7	0	2	0	0	0	0	0	0	N	Y	N	N	N	N	N	N	N	N	N	N	3.9287	0.0303	123.2906	8.6876	0.0304	176.6362	0.0031	inf	0.0204	0.0063	0.0000	0.1090	0.0078	0.0000	0.1864	0.0000	0.0000	0.0000	0.0016	0.0006	0.0009	0.0009	0.0007	0.0011	0.0008	0.0000	0.0009	382.9653	2.1155	0.0016	0.0000	1.4589	1.9232	1.1370	1.1116	0.0021	0.0000	0.0021	0.0021	0.0000	0.0021	0.0000	0.0000	0.0000	0.0000	0.0000	0.0000	0.0000	0.0000	0.0000	0.0000	0.0000	0.0000	0.3381	0.3186	0.0194	0.2727	0.2614	0.0113	0.0653	0.0573	0.0081	0.0098	0.0065	0.0033	0.0062	0.0054	0.0008	0.0036	0.0012	0.0025	14.3987	0.0825	123.2906	23.0244	0.0824	214.7961	0.0041	inf	0.0204	0.0004	0.0002	0.0009	0.0003	0.0003	0.0009	0.0006	0.0000	0.0009
7	141	0.0790	3	0	2	0	0	0	0	0	0	N	Y	N	N	N	N	N	N	N	N	N	N	inf	inf	inf	inf	inf	inf	inf	inf	inf	0.8143	0.8892	0.0040	0.7049	0.7276	0.0178	0.8572	0.9579	0.0023	0.0000	0.0000	0.0000	0.0000	0.0000	0.0000	0.0000	0.0000	0.0000	0.0004	-0.1192	0.0000	1.4589	3.0000	1.1370	1.0000	0.4587	0.4585	0.0002	0.1119	0.1118	0.0001	0.3468	0.3467	0.0001	0.0000	0.0000	0.0000	0.0000	0.0000	0.0000	0.0000	0.0000	0.0000	0.5633	0.5157	0.0477	0.1587	0.1537	0.0051	0.4046	0.3620	0.0426	0.0868	0.0433	0.0435	0.0153	0.0152	0.0002	0.0715	0.0281	0.0434	inf	inf	inf	inf	inf	inf	inf	inf	inf	0.0000	0.0000	0.0000	0.0000	0.0000	0.0000	0.0000	0.0000	0.0000	
7	142	0.0598	2	0	1	0	0	0	0	0	0	N	N	N	N	N	N	N	N	N	N	N	N	inf	inf	inf	inf	0.0009	0.0010	0.0000	0.0042	0.0043	0.0000	0.0000	0.0000	0.0000	0.0000	0.0000	0.0000	0.0000	0.0000	0.0000	0.0000	0.0000	0.0000	0.0000	-0.0000	0.0000	1.4589	1.0000	1.1370	1.0000	0.0002	0.0002	0.0000	0.0002	0.0002	0.0000	0.0000	0.0000	0.0000	0.0000	0.0000	0.0000	0.0000	0.0000	0.0000	0.0000	0.0000	0.0000	0.2050	0.1867	0.0183	0.0450	0.0438	0.0012	0.1600	0.1429	0.0171	0.0498	0.0236	0.0262	0.0085	0.0084	0.0001	0.0413	0.0152	0.0261	inf	inf	0.0000	inf	inf	0.0000	0.0000	0.0000	0.0000	0.0000	0.0000	0.0000	0.0000	0.0000	0.0000	0.0000	0.0000	0.0000						
7	145	0.7014	9	1	2	0	0	0	0	0	0	N	Y	N	N	N	N	N	N	N	N	N	N	0.0000	0.0000	0.0000	0.0000	0.0000	0.0000	0.0000	0.0000	0.0000	0.0000	0.0000	0.0000	0.0000	0.0000	0.0000	0.0000	0.0000	0.0000	0.0000	0.0000	1.4589	1.0000	1.1370	1.0000	0.0000	0.0000	0.0000	0.0000	0.0000	0.0000	0.0000	0.0000	0.0000	0.0000	0.0000	0.0000	0.0000	0.0000	0.0000	0.0000	0.0000	0.0000	0.1051	0.0997	0.0054	0.0917	0.0883	0.0034	0.0133	0.0114	0.0020	0.0056	0.0037	0.0019	0.0035	0.0031	0.0005	0.0021	0.0006	0.0014	0.0000	0.0000	0.0000	0.0000	0.0000	0.0000	0.0000	0.0000	0.0000	0.0000	0.0000	0.0000	0.0000	0.0000	0.0000	0.0000	0.0000	0.0000											
7	146	0.7014	8	0	2	0	0	0	0	0	0	N	Y	N	N	N	N	N	N	N	N	N	N	0.0000	0.0000	0.0000	0.0000	0.0000	0.0000	0.0000	0.0000	0.0000	0.0000	0.0000	0.0000	0.0000	0.0000	0.0000	0.0000	0.0000	0.0000	0.0000	0.0000	1.4589	0.0003	1.1370	0.0000	0.0000	0.0000	0.0000	0.0000	0.0000	0.0000	0.0000	0.0000	0.0000	0.0000	0.0000	0.0000	0.0000	0.0000	0.0000	0.0000	0.0000	0.0000	0.0002	0.0002	0.0000	0.0002	0.0001	0.0000	0.0000	0.0000	0.0000	0.0000	0.0000	0.0000	0.0000	0.0000	0.0000	0.0000	0.0000	0.0000	0.0000	0.0000	0.0000	0.0000	0.0000	0.0000	0.0000	0.0000	0.0000	0.0000	0.0000	0.0000	0.0000	0.0000	0.0000	0.0000	0.0000	0.0000											
7	147	0.6828	7	0	1	0	0	0	0	0	0	N	N	N	N	N	N	N	N	N	N	N	N	2552.1877	8790.5907	108.1739	2898.2761	10679.2836	190.1276	0.2201	inf	0.0178	0.9172	0.9816	0.0511	1.2355	1.2952	0.0958	0.0001	0.0001	0.0000	0.0004	0.0001	0.0005	0.0004	0.0001	0.0005	0.0004	0.0000	0.0005	0.0039	105.2210	-0.1195	0.0000	1.4589	4.9449	1.1370	1.0063	0.4661	0.4643	0.0018	0.4661	0.4643	0.0018	0.0000	0.0000	0.0000	0.0000	0.0000	0.0000	0.0000	0.0000	0.0000	0.0000	0.0000	0.0000	0.5082	0.4730	0.0352	0.3773	0.3585	0.0188	0.1309	0.1145	0.0164	0.0184	0.0123	0.0061	0.0116	0.0101	0.0016	0.0068	0.0022	0.0046	5759.2681	436254.6429	108.1739	19217.4957	472157.6595	208.2644	0.2408	inf	0.0178	0.0002	0.0000	0.0005	0.0001	0.0000	0.0005	0.0003	0.0000	0.0005
7	148	0.6663	6	0	1	0	0	0	0	0	0	N	N	N	N	N	N	N	N	N	N	N	N	34.7451	2.0672	2153.5629	1081.5050	3.0764	2372.1308	0.0041	0.0007	0.1602	3.7938	0.0017	44.4419	5.8304	0.0025	100.2615	0.0002	0.0000	0.0012	0.1092	0.0008	0.0206	0.0054	0.0008	0.0423	0.0386	0.0041	0.0072	2486.0041	17.8861	0.7201	0.0000	1.4589	3.4778	1.1370	1.2917	0.9739	0.0004	0.9735	0.9739	0.0004	0.9735	0.0000	0.0000	0.0000	0.0001	0.0000	0.0001	0.0000	0.0000	0.0000	0.0001	0.0000	0.0001	0.2567	0.2348	0.0219	0.1670	0.1573	0.0097	0.0897	0.0775	0.0122	0.0283	0.0170	0.0114	0.0138	0.0125	0.0013	0.0146	0.0045	0.0101	1060.8660	5.2716	5268.2307	2895.7026	6.9225	5514.9088	0.0315	0.0151	0.1602	0.0036	0.0003	0.0084	0.0020	0.0004	0.0182	0.0051	0.0002	0.0072
7	149	0.6159	5	0	1	0	0	0	0	0	0	N	N	N	N	N	N	N	N	N	N	N	N	6.4753	0.0033	80596.6428	20.0653	0.0187	inf	4.5319	inf	32.0954	0.6987	0.0006	8.3377	0.9448	0.0008	15.0165	0.0005	0.0000	0.0037	0.1079	0.1915	0.0001	0.0471	0.0442	0.0000	0.0001	0.0000	0.0001	1216.5041	0.0112	0.3406	-0.0001	1.4589	7.8050	1.1370	4.0035	0.4610	0.0004	0.4606	0.4609	0.0004	0.4605	0.0001	0.0000	0.0001	0.0003	0.0003	0.0000	0.0003	0.0003	0.0000	0.0000	0.0000	0.0000	0.6597	0.6044	0.0552	0.4878	0.4571	0.0307	0.1719	0.1473	0.0246	0.0777	0.0480	0.0297	0.0385	0.0358	0.0028	0.0392	0.0123	0.0269	195.4048	0.1095	80596.6428	132.4659	0.1078	inf	6.6793	inf	32.0954	0.0036	0.0057	0.0001	0.0071	0.0077	0.0000	0.0001	0.0000	0.0001
7	150	0.5213	5	0	1	0	0	0	0	0	0	N	N	N	N	N	N	N	N	N	N	N	N	0.0000	0.0000	0.0017	0.0000	0.0000	0.0001	0.0014	0.0000	0.0425	0.0000	0.0000	0.0001	0.0000	0.0000	0.0000	0.0000	0.0000	0.0002	0.6845	0.8282	0.0611	0.5847	0.4212	0.5025	0.0212	0.0021	0.0048	1.8515	0.5452	0.0000	-0.0004	1.4589	3.7255	1.1370	14.1767	0.0000	0.0000	0.0000	0.0000	0.0000	0.0000	0.0000	0.0000	0.0000	0.0025	0.0016	0.0009	0.0023	0.0016	0.0007	0.0002	0.0000	0.0002	0.3742	0.3426	0.0316	0.2864	0.2676	0.0188	0.0878	0.0750	0.0128	0.1279	0.0801	0.0477	0.0632	0.0587	0.0045	0.0647	0.0214	0.0433	0.0007	0.0003	0.0055	0.0002	0.0002	0.0002	0.0092	0.0003	0.0425	0.0196	0.0203	0.0185	0.0364	0.0276	0.1512	0.0032	0.0001	0.0048
7	151	0.5049	4	0	1	0	0	0	0	0	0	N	N	N	N	N	N	N	N	N	N	N	N	0.0001	0.0001	0.0001	0.0001	0.0001	0.0000	0.0001	0.0003	0.0011	0.0001	0.0001	0.0001	0.0001	0.0001	0.0000	0.0001	0.0001	0.0002	1.3228	1.2780	0.9376	1.9028	0.9323	29.2529	0.8388	0.2064	0.1854	0.0874	2.7558	-0.0000	0.0018	1.4589	1.4205	1.1370	4.0377	0.0000	0.0000	0.0000	0.0000	0.0000	0.0000	0.0000	0.0000	0.0000	0.0086	0.0023	0.0063	0.0059	0.0022	0.0037	0.0026	0.0000	0.0026	0.1557	0.1427	0.0131	0.1188	0.1114	0.0074	0.0370	0.0313	0.0057	0.0688	0.0437	0.0250	0.0343	0.0325	0.0018	0.0344	0.0112	0.0232	0.0008	0.0019	0.0004	0.0006	0.0016	0.0000	0.0010	0.0121	0.0018	0.1244	0.0521	0.2509	0.1730	0.0685	2.0567	0.0760	0.0044	0.1106
8	9	0.6665	12	0	0	2	2	0	0	0	0	N	N	Y	Y	N	N	N	N	N	N	N	N	0.0000	0.0000	0.0000	0.0000	0.0000	0.0000	0.0000	0.0000	0.0000	0.0000	0.0000	0.0000	0.0000	0.0000	0.0000	0.0000	0.0000	0.0000	0.0000	0.0000	0.0000	0.0000	0.0000	2.0000	0.0000	0.0000	0.0000	0.0000	0.0000	0.0000	0.0000	0.0000	0.0000	0.0000	0.0000	0.0000	0.0000	0.0000	0.0000	0.0000	0.0000	0.0000	0.0000	0.0000	0.0000	0.0000	0.0000	0.0000	0.0000	0.0000	0.0000	0.0000	0.0000	0.0000	0.0000	0.0000	0.0000	0.0000	0.0000	0.0000	0.0000	0.0000	0.0000	0.0000	0.0000	0.0000	0.0000	0.0000	0.0000	0.0000	0.0000	0.0000	0.0000	0.0000	0.0000	0.0000	0.0000	0.0000											
8	10	0.0811	6	1	1	1	1	0	0	0	0	N	N	N	N	N	N	N	N	N	N	N	N	0.0000	0.0000	0.0000	0.0000	0.0000	0.0000	0.0000	0.0000	0.0000	0.0000	0.0000	0.0000	0.0000	0.0000	0.0000	0.0000	0.0000	0.0000	0.0000	0.0000	0.0000	0.0266	0.0000	2.0614	0.0000	0.0000	0.0000	0.0000	0.0000	0.0000	0.0000	0.0000	0.0000	0.0000	0.0000	0.0000	0.0000	0.0000	0.0000	0.0000	0.0000	0.0000	0.0000	0.0000	0.0000	0.0000	0.0000	0.0000	0.0000	0.0000	0.0000	0.0000	0.0000	0.0000	0.0000	0.0000	0.0000	0.0000	0.0000	0.0000	0.0000	0.0000	0.0000	0.0000	0.0000	0.0000	0.0000	0.0000	0.0000	0.0000	0.0000	0.0000	0.0000	0.0000	0.0000	0.0000	0.0000	0.0000											
8	11	0.6504	9	1	1	1	1	0	0	0	0	N	N	N	N	N	N	N	N	N	N	N	N	0.0000	0.0000	0.0000	0.0000	0.0000	0.0000	0.0000	0.0000	0.0000	0.0000	0.0000	0.0000	0.0000	0.0000	0.0000	0.0000	0.0000	0.0000	0.0000	0.0000	0.0000	6.9996	0.0000	1.0001	0.0000	0.0000	0.0000	0.0000	0.0000	0.0000	0.0000	0.0000	0.0000	0.0000	0.0000	0.0000	0.0000	0.0000	0.0000	0.0000	0.0000	0.0000	0.0000	0.0000	0.0000	0.0000	0.0000	0.0000	0.0000	0.0000	0.0000	0.0000	0.0000	0.0000	0.0000	0.0000	0.0000	0.0000	0.0000	0.0000	0.0000	0.0000	0.0000	0.0000	0.0000	0.0000	0.0000	0.0000	0.0000	0.0000	0.0000	0.0000	0.0000	0.0000	0.0000	0.0000	0.0000	0.0000											
8	12	0.0817	6	1	0	2	1	0	0	0	0	N	N	Y	N	N	N	N	N	N	N	N	N	0.0000	0.0000	0.0000	0.0000	0.0000	0.0000	0.0000	0.0000	0.0000	0.0000	0.0000	0.0000	0.0000	0.0000	0.0000	0.0000	0.0000	0.0000	0.0000	0.0000	0.0000	0.0000	0.0000	1.0091	0.0000	0.0000	0.0000	0.0000	0.0000	0.0000	0.0000	0.0000	0.0000	0.0000	0.0000	0.0000	0.0000	0.0000	0.0000	0.0000	0.0000	0.0000	0.0000	0.0000	0.0000	0.0000	0.0000	0.0000	0.0000	0.0000	0.0000	0.0000	0.0000	0.0000	0.0000	0.0000	0.0000	0.0000	0.0000	0.0000	0.0000	0.0000	0.0000	0.0000	0.0000	0.0000	0.0000	0.0000	0.0000	0.0000	0.0000	0.0000	0.0000	0.0000	0.0000	0.0000	0.0000	0.0000											
8	13	0.6716	13	1	0	2	1	0	0	0	0	N	N	Y	N	N	N	N	N	N	N	N	N	0.0000	0.0000	0.0000	0.0000	0.0000	0.0000	0.0000	0.0000	0.0000	0.0000	0.0000	0.0000	0.0000	0.0000	0.0000	0.0000	0.0000	0.0000	0.0000	0.0000	0.0000	0.0000	0.0000	0.0000	0.0000	0.0000	0.0000	0.0000	0.0000	0.0000	0.0000	0.0000	0.0000	0.0000	0.0000	0.0000	0.0000	0.0000	0.0000	0.0000	0.0000	0.0000	0.0000	0.0000	0.0000	0.0000	0.0000	0.0000	0.0000	0.0000	0.0000	0.0000	0.0000	0.0000	0.0000	0.0000	0.0000	0.0000	0.0000	0.0000	0.0000	0.0000	0.0000	0.0000	0.0000	0.0000	0.0000	0.0000	0.0000	0.0000	0.0000	0.0000	0.0000	0.0000	0.0000	0.0000	0.0000	0.0000											
8	14	0.6716	12	1	0	2	1	0	0	0	0	N	N	Y	N	N	N	N	N	N	N	N	N	0.0000	0.0000	0.0000	0.0000	0.0000	0.0000	0.0000	0.0000	0.0000	0.0000	0.0000	0.0000	0.0000	0.0000	0.0000	0.0000	0.0000	0.0000	0.0000	0.0000	0.0000	0.0000	0.0000	0.0000	0.0000	0.0000	0.0000	0.0000	0.0000	0.0000	0.0000	0.0000	0.0000	0.0000	0.0000	0.0000	0.0000	0.0000	0.0000	0.0000	0.0000	0.0000	0.0000	0.0000	0.0000	0.0000	0.0000	0.0000	0.0000	0.0000	0.0000	0.0000	0.0000	0.0000	0.0000	0.0000	0.0000	0.0000	0.0000	0.0000	0.0000	0.0000	0.0000	0.0000	0.0000	0.0000	0.0000	0.0000	0.0000	0.0000	0.0000	0.0000	0.0000	0.0000	0.0000	0.0000	0.0000	0.0000											
8	15	0.1015	7	1	1	1	2	0	0	0	0	N	N	N	Y	N	N	N	N	N	N	N	N	0.0000	0.0000	0.0000	0.0000	0.0000	0.0000	0.0000	0.0000	0.0000	0.0000	0.0000	0.0000	0.0000	0.0000	0.0000	0.0000	0.0000	0.0000	0.0000	0.0000	0.0000	1.0049	0.0000	0.9915	0.0000	0.0000	0.0000	0.0000	0.0000	0.0000	0.0000	0.0000	0.0000	0.0000	0.0000	0.0000	0.0000	0.0000	0.0000	0.0000	0.0000	0.0000	0.0000	0.0000	0.0000	0.0000	0.0000	0.0000	0.0000	0.0000	0.0000	0.0000	0.0000	0.0000	0.0000	0.0000	0.0000	0.0000	0.0000	0.0000	0.0000	0.0000	0.0000	0.0000	0.0000	0.0000	0.0000	0.0000	0.0000	0.0000	0.0000	0.0000	0.0000	0.0000	0.0000	0.0000	0.0000	0.0000											
8	16	0.7043	12	1	1	1	2	0	0	0	0	N	N	N	Y	N	N	N	N	N	N	N	N	0.0000	0.0000	0.0000	0.0000	0.0000	0.0000	0.0000	0.0000	0.0000	0.0000	0.0000	0.0000	0.0000	0.0000	0.0000	0.0000	0.0000	0.0000	0.0000	0.0000	0.0000	2.0025	0.0000	0.0085	0.0000	0.0000	0.0000	0.0000	0.0000	0.0000	0.0000	0.0000	0.0000	0.0000	0.0000	0.0000	0.0000	0.0000	0.0000	0.0000	0.0000	0.0000	0.0000	0.0000	0.0000	0.0000	0.0000	0.0000	0.0000	0.0000	0.0000	0.0000	0.0000	0.0000	0.0000	0.0000	0.0000	0.0000	0.0000	0.0000	0.0000	0.0000	0.0000	0.0000	0.0000	0.0000	0.0000	0.0000	0.0000	0.0000	0.0000	0.0000	0.0000	0.0000	0.0000	0.0000	0.0000	0.0000											
8	17	0.0878	8	1	0	2	1	0	0	0	0	N	N	Y	N	N	N	N	N	N	N	N	N	0.0000	0.0000	0.0000	0.0000	0.0000	0.0000	0.0000	0.0000	0.0000	0.0000	0.0000	0.0000	0.0000	0.0000	0.0000	0.0000	0.0000	0.0000	0.0000	0.0000	0.0000	0.0000	0.0000	0.0000	0.0000	0.0000	0.0000	0.0000	0.0000	0.0000	0.0000	0.0000	0.0000	0.0000	0.0000	0.0000	0.0000	0.0000	0.0000	0.0000	0.0000	0.0000	0.0000	0.0000	0.0000	0.0000	0.0000	0.0000	0.0000	0.0000	0.0000	0.0000	0.0000	0.0000	0.0000	0.0000	0.0000	0.0000	0.0000	0.0000	0.0000	0.0000	0.0000	0.0000	0.0000	0.0000	0.0000	0.0000	0.0000	0.0000	0.0000	0.0000	0.0000	0.0000	0.0000	0.0000	0.0000	0.0000											
8	18	0.6550	9	0	0	2	1	0	0	0	0	N	N	Y	N	N	N	N	N	N	N	N	N	0.0000	0.0000	0.0000	0.0000	0.0000	0.0000	0.0000	0.0000	0.0000	0.0000	0.0000	0.0000	0.0000	0.0000	0.0000	0.0000	0.0000	0.0000	0.0000	0.0000	0.0000	0.0000	0.0000	0.0000	0.0000	0.0000	0.0000	0.0000	0.0000	0.0000	0.0000	0.0000	0.0000	0.0000	0.0000	0.0000	0.0000	0.0000	0.0000	0.0000	0.0000	0.0000	0.0000	0.0000	0.0000	0.0000	0.0000	0.0000	0.0000	0.0000	0.0000	0.0000	0.0000	0.0000	0.0000	0.0000	0.0000	0.0000	0.0000	0.0000	0.0000	0.0000	0.0000	0.0000	0.0000	0.0000	0.0000	0.0000	0.0000	0.0000	0.0000	0.0000	0.0000	0.0000	0.0000	0.0000	0.0000	0.0000											
8	19	0.0530	5	1	1	1	1	0	0	0	0	N	N	N	N	N	N	N	N	N	N	N	N	0.0000	0.0000	0.0000	0.0000	0.0000	0.0000	0.0000	0.0000	0.0000	0.0000	0.0000	0.0000	0.0000	0.0000	0.0000	0.0000	0.0000	0.0000	0.0000	0.0000	0.0000	3.0000	0.0000	0.0000	0.0000	0.0000	0.0000	0.0000	0.0000	0.0000	0.0000	0.0000	0.0000	0.0000	0.0000	0.0000	0.0000	0.0000	0.0000	0.0000	0.0000	0.0000	0.0000	0.0000	0.0000	0.0000	0.0000	0.0000	0.0000	0.0000	0.0000	0.0000	0.0000	0.0000	0.0000	0.0000	0.0000	0.0000	0.0000	0.0000	0.0000	0.0000	0.0000	0.0000	0.0000	0.0000	0.0000	0.0000	0.0000	0.0000	0.0000	0.0000	0.0000	0.0000	0.0000	0.0000	0.0000	0.0000											
8	20	0.0754	6	0	1	1	1	0	0	0	0	N	N	N	N	N	N	N	N	N	N	N	N	0.0000	0.0000	0.0000	0.0000	0.0000	0.0000	0.0000	0.0000	0.0000	0.0000	0.0000	0.0000	0.0000	0.0000	0.0000	0.0000	0.0000	0.0000	0.0000	0.0000	0.0000	0.0000	0.0000	1.0000	0.0000	0.0000	0.0000	0.0000	0.0000	0.0000	0.0000	0.0000	0.0000	0.0000	0.0000	0.0000	0.0000	0.0000	0.0000	0.0000	0.0000	0.0000	0.0000	0.0000	0.0000	0.0000	0.0000	0.0000	0.0000	0.0000	0.0000	0.0000	0.0000	0.0000	0.0000	0.0000	0.0000	0.0000	0.0000	0.0000	0.0000	0.0000	0.0000	0.0000	0.0000	0.0000	0.0000	0.0000	0.0000	0.0000	0.0000	0.0000	0.0000	0.0000	0.0000	0.0000	0.0000	0.0000											
8	21	0.1015	7	0	0	1	2	0	0	0	0	N	N	N	Y	N	N	N	N	N	N	N	N	0.0000	0.0000	0.0000	0.0000	0.0000	0.0000	0.0000	0.0000	0.0000	0.0000	0.0000	0.0000	0.0000	0.0000	0.0000	0.0000	0.0000	0.0000	0.0000	0.0000	0.0000	2.0045	0.0000	0.0106	0.0000	0.0000	0.0000	0.0000	0.0000	0.0000	0.0000	0.0000	0.0000	0.0000	0.0000	0.0000	0.0000	0.0000	0.0000	0.0000	0.0000	0.0000	0.0000	0.0000	0.0000	0.0000	0.0000	0.0000	0.0000	0.0000	0.0000	0.0000	0.0000	0.0000	0.0000	0.0000	0.0000	0.0000	0.0000	0.0000	0.0000	0.0000	0.0000	0.0000	0.0000	0.0000	0.0000	0.0000	0.0000	0.0000	0.0000	0.0000	0.0000	0.0000	0.0000	0.0000	0.0000	0.0000											
8	22	0.0723	6	0	0	1	2	0	0	0	0	N	N	N	Y	N	N	N	N	N	N	N	N	0.0000	0.0000	0.0000	0.0000	0.0000	0.0000	0.0000	0.0000	0.0000	0.0000	0.0000	0.0000	0.0000	0.0000	0.0000	0.0000	0.0000	0.0000	0.0000	0.0000	0.0000	1.9989	0.0000	1.0099	0.0000	0.0000	0.0000	0.0000	0.0000	0.0000	0.0000	0.0000	0.0000	0.0000	0.0000	0.0000	0.0000	0.0000	0.0000	0.0000	0.0000	0.0000	0.0000	0.0000	0.0000	0.0000	0.0000	0.0000	0.0000	0.0000	0.0000	0.0000	0.0000	0.0000	0.0000	0.0000	0.0000	0.0000	0.0000	0.0000	0.0000	0.0000	0.0000	0.0000	0.0000	0.0000	0.0000	0.0000	0.0000	0.0000	0.0000	0.0000	0.0000	0.0000	0.0000	0.0000	0.0000	0.0000											
8	23	0.6512	11	0	1	1	2	0	0	0	0	N	N	N	Y	N	N	N	N	N	N	N	N	0.0000	0.0000	0.0000	0.0000	0.0000	0.0000	0.0000	0.0000	0.0000	0.0000	0.0000	0.0000	0.0000	0.0000	0.0000	0.0000	0.0000	0.0000	0.0000	0.0000	0.0000	0.0000	0.0000	1.0024	0.0000	0.0000	0.0000	0.0000	0.0000	0.0000	0.0000	0.0000	0.0000	0.0000	0.0000	0.0000	0.0000	0.0000	0.0000	0.0000	0.0000	0.0000	0.0000	0.0000	0.0000	0.0000	0.0000	0.0000	0.0000	0.0000	0.0000	0.0000	0.0000	0.0000	0.0000	0.0000	0.0000	0.0000	0.0000	0.0000	0.0000	0.0000	0.0000	0.0000	0.0000	0.0000	0.0000	0.0000	0.0000	0.0000	0.0000	0.0000	0.0000	0.0000	0.0000	0.0000	0.0000	0.0000											
8	24	0.0754	6	0	1	1	1	0	0	0	0	N	N	N	N	N	N	N	N	N	N	N	N	0.0000	0.0000	0.0000	0.0000	0.0000	0.0000	0.0000	0.0000	0.0000	0.0000	0.0000	0.0000	0.0000	0.0000	0.0000	0.0000	0.0000	0.0000	0.0000	0.0000	0.0000	0.0000	0.0000	0.0000	0.0000	0.0000	0.0000	0.0000	0.0000	0.0000	0.0000	0.0000	0.0000	0.0000	0.0000	0.0000	0.0000	0.0000	0.0000	0.0000	0.0000	0.0000	0.0000	0.0000	0.0000	0.0000	0.0000	0.0000	0.0000	0.0000	0.0000	0.0000	0.0000	0.0000	0.0000	0.0000	0.0000	0.0000	0.0000	0.0000	0.0000	0.0000	0.0000	0.0000	0.0000	0.0000	0.0000	0.0000	0.0000	0.0000	0.0000	0.0000	0.0000	0.0000	0.0000	0.0000	0.0000	0.0000											
8	25	0.6830	11	0	1	1	1	0	0	0	0	N	N	N	N	N	N	N	N	N	N	N	N	0.0000	0.0000	0.0000	0.0000	0.0000	0.0000	0.0000	0.0000	0.0000	0.0000	0.0000	0.0000	0.0000	0.0000	0.0000	0.0000	0.0000	0.0000	0.0000	0.0000	0.0000	0.9998	0.0000	0.0242	0.0000	0.0000	0.0000	0.0000	0.0000	0.0000	0.0000	0.0000	0.0000	0.0000	0.0000	0.0000	0.0000	0.0000	0.0000	0.0000	0.0000	0.0000	0.0000	0.0000	0.0000	0.0000	0.0000	0.0000	0.0000	0.0000	0.0000	0.0000	0.0000	0.0000	0.0000	0.0000	0.0000	0.0000	0.0000	0.0000	0.0000	0.0000	0.0000	0.0000	0.0000	0.0000	0.0000	0.0000	0.0000	0.0000	0.0000	0.0000	0.0000	0.0000	0.0000	0.0000	0.0000	0.0000											
8	26	0.7206	14	0	1	1	2	0	0	0	0	N	N	N	Y	N	N	N	N	N	N	N	N	0.0000	0.0000	0.0000	0.0000	0.0000	0.0000	0.0000	0.0000	0.0000	0.0000	0.0000	0.0000	0.0000	0.0000	0.0000	0.0000	0.0000	0.0000	0.0000	0.0000	0.0000	0.0000	0.0000	0.0000	0.0000	0.0000	0.0000	0.0000	0.0000	0.0000	0.0000	0.0000	0.0000	0.0000	0.0000	0.0000	0.0000	0.0000	0.0000	0.0000	0.0000	0.0000	0.0000	0.0000	0.0000	0.0000	0.0000	0.0000	0.0000	0.0000	0.0000	0.0000	0.0000	0.0000	0.0000	0.0000	0.0000	0.0000	0.0000	0.0000	0.0000	0.0000	0.0000	0.0000	0.0000	0.0000	0.0000	0.0000	0.0000	0.0000	0.0000	0.0000	0.0000	0.0000	0.0000	0.0000	0.0000	0.0000											
8	27	0.0991	6	1	1	1	1	0	0	0	0	N	N	N	N	N	N	N	N	N	N	N	N	0.0000	0.0000	0.0000	0.0000	0.0000	0.0000	0.0000	0.0000	0.0000	0.0000	0.0000	0.0000	0.0000	0.0000	0.0000	0.0000	0.0000	0.0000	0.0000	0.0000	0.0000	0.0418	0.0000	6.1659	0.0000	0.0000	0.0000	0.0000	0.0000	0.0000	0.0000	0.0000	0.0000	0.0000	0.0000	0.0000	0.0000	0.0000	0.0000	0.0000	0.0000	0.0000	0.0000	0.0000	0.0000	0.0000	0.0000	0.0000	0.0000	0.0000	0.0000	0.0000	0.0000	0.0000	0.0000	0.0000	0.0000	0.0000	0.0000	0.0000	0.0000	0.0000	0.0000	0.0000	0.0000	0.0000	0.0000	0.0000	0.0000	0.0000	0.0000	0.0000	0.0000	0.0000	0.0000	0.0000	0.0000	0.0000											
8	30	0.6665	12	0	0	1	2	0	0	0	0	N	N	N	Y	N	N	N	N	N	N	N	N	0.0000	0.0000	0.0000	0.0000	0.0000	0.0000	0.0000	0.0000	0.0000	0.0000	0.0000	0.0000	0.0000	0.0000	0.0000	0.0000	0.0000	0.0000	0.0000	0.0000	0.0000	0.0000	0.0000	0.0000	0.0000	0.0000	0.0000	0.0000	0.0000	0.0000	0.0000	0.0000	0.0000	0.0000	0.0000	0.0000	0.0000	0.0000	0.0000	0.0000	0.0000	0.0000	0.0000	0.0000	0.0000	0.0000	0.0000	0.0000	0.0000	0.0000	0.0000	0.0000	0.0000	0.0000	0.0000	0.0000	0.0000	0.0000	0.0000	0.0000	0.0000	0.0000	0.0000	0.0000	0.0000	0.0000	0.0000	0.0000	0.0000	0.0000	0.0000	0.0000	0.0000	0.0000	0.0000	0.0000	0.0000	0.0000											
8	31	0.6734	10	1	0	2	1	0	0	0	0	N	N	Y	N	N	N	N	N	N	N	N	N	0.0000	0.0000	0.0000	0.0000	0.0000	0.0000	0.0000	0.0000	0.0000	0.0000	0.0000	0.0000	0.0000	0.0000	0.0000	0.0000	0.0000	0.0000	0.0000	0.0000	0.0000	0.0000	0.0000	0.0000	0.0000	0.0000	0.0000	0.0000	0.0000	0.0000	0.0000	0.0000	0.0000	0.0000	0.0000	0.0000	0.0000	0.0000	0.0000	0.0000	0.0000	0.0000	0.0000	0.0000	0.0000	0.0000	0.0000	0.0000	0.0000	0.0000	0.0000	0.0000	0.0000	0.0000	0.0000	0.0000	0.0000	0.0000	0.0000	0.0000	0.0000	0.0000	0.0000	0.0000	0.0000	0.0000	0.0000	0.0000	0.0000	0.0000	0.0000	0.0000	0.0000	0.0000	0.0000	0.0000	0.0000	0.0000											
8	32	0.6092	8	0	1	1	1	0	0	0	0	N	N	N	N	N	N	N	N	N	N	N	N	0.0000	0.0000	0.0000	0.0000	0.0000	0.0000	0.0000	0.0000	0.0000	0.0000	0.0000	0.0000	0.0000	0.0000	0.0000	0.0000	0.0000	0.0000	0.0000	0.0000	0.0000	0.0006	0.0000	3.0000	0.0000	0.0000	0.0000	0.0000	0.0000	0.0000	0.0000	0.0000	0.0000	0.0000	0.0000	0.0000	0.0000	0.0000	0.0000	0.0000	0.0000	0.0000	0.0000	0.0000	0.0000	0.0000	0.0000	0.0000	0.0000	0.0000	0.0000	0.0000	0.0000	0.0000	0.0000	0.0000	0.0000	0.0000	0.0000	0.0000	0.0000	0.0000	0.0000	0.0000	0.0000	0.0000	0.0000	0.0000	0.0000	0.0000	0.0000	0.0000	0.0000	0.0000	0.0000	0.0000	0.0000	0.0000											
8	33	0.6092	8	0	1	1	1	0	0	0	0	N	N	N	N	N	N	N	N	N	N	N	N	0.0000	0.0000	0.0000	0.0000	0.0000	0.0000	0.0000	0.0000	0.0000	0.0000	0.0000	0.0000	0.0000	0.0000	0.0000	0.0000	0.0000	0.0000	0.0000	0.0000	0.0000	2.0006	0.0000	8.0000	0.0000	0.0000	0.0000	0.0000	0.0000	0.0000	0.0000	0.0000	0.0000	0.0000	0.0000	0.0000	0.0000	0.0000	0.0000	0.0000	0.0000	0.0000	0.0000	0.0000	0.0000	0.0000	0.0000	0.0000	0.0000	0.0000	0.0000	0.0000	0.0000	0.0000	0.0000	0.0000	0.0000	0.0000	0.0000	0.0000	0.0000	0.0000	0.0000	0.0000	0.0000	0.0000	0.0000	0.0000	0.0000	0.0000	0.0000	0.0000	0.0000	0.0000	0.0000	0.0000	0.0000	0.0000											
8	34	0.6504	9	1	1	1	1	0	0	0	0	N	N	N	N	N	N	N	N	N	N	N	N	0.0000	0.0000	0.0000	0.0000	0.0000	0.0000	0.0000	0.0000	0.0000	0.0000	0.0000	0.0000	0.0000	0.0000	0.0000	0.0000	0.0000	0.0000	0.0000	0.0000	0.0000	10.0001	0.0000	4.0001	0.0000	0.0000	0.0000	0.0000	0.0000	0.0000	0.0000	0.0000	0.0000	0.0000	0.0000	0.0000	0.0000	0.0000	0.0000	0.0000	0.0000	0.0000	0.0000	0.0000	0.0000	0.0000	0.0000	0.0000	0.0000	0.0000	0.0000	0.0000	0.0000	0.0000	0.0000	0.0000	0.0000	0.0000	0.0000	0.0000	0.0000	0.0000	0.0000	0.0000	0.0000	0.0000	0.0000	0.0000	0.0000	0.0000	0.0000	0.0000	0.0000	0.0000	0.0000	0.0000	0.0000	0.0000											
8	35	0.6092	8	0	1	1	1	0	0	0	0	N	N	N	N	N	N	N	N	N	N	N	N	0.0000	0.0000	0.0000	0.0000	0.0000	0.0000	0.0000	0.0000	0.0000	0.0000	0.0000	0.0000	0.0000	0.0000	0.0000	0.0000	0.0000	0.0000	0.0000	0.0000	0.0000	3.0004	0.0000	2.0000	0.0000	0.0000	0.0000	0.0000	0.0000	0.0000	0.0000	0.0000	0.0000	0.0000	0.0000	0.0000	0.0000	0.0000	0.0000	0.0000	0.0000	0.0000	0.0000	0.0000	0.0000	0.0000	0.0000	0.0000	0.0000	0.0000	0.0000	0.0000	0.0000	0.0000	0.0000	0.0000	0.0000	0.0000	0.0000	0.0000	0.0000	0.0000	0.0000	0.0000	0.0000	0.0000	0.0000	0.0000	0.0000	0.0000	0.0000	0.0000	0.0000	0.0000	0.0000	0.0000	0.0000	0.0000											
8	36	0.0530	5	0	1	1	1	0	0	0	0	N	N	N	N	N	N	N	N	N	N	N	N	0.0000	0.0000	0.0000	0.0000	0.0000	0.0000	0.0000	0.0000	0.0000	0.0000	0.0000	0.0000	0.0000	0.0000	0.0000	0.0000	0.0000	0.0000	0.0000	0.0000	0.0000	3.0000	0.0000	3.0000	0.0000	0.0000	0.0000	0.0000	0.0000	0.0000	0.0000	0.0000	0.0000	0.0000	0.0000	0.0000	0.0000	0.0000	0.0000	0.0000	0.0000	0.0000	0.0000	0.0000	0.0000	0.0000	0.0000	0.0000	0.0000	0.0000	0.0000	0.0000	0.0000	0.0000	0.0000	0.0000	0.0000	0.0000	0.0000	0.0000	0.0000	0.0000	0.0000	0.0000	0.0000	0.0000	0.0000	0.0000	0.0000	0.0000	0.0000	0.0000	0.0000	0.0000	0.0000	0.0000	0.0000	0.0000											
8	37	0.6393	9	1	1	1	1	0	0	0	0	N	N	N	N	N	N	N	N	N	N	N	N	0.0000	0.0000	0.0000	0.0000	0.0000	0.0000	0.0000	0.0000	0.0000	0.0000	0.0000	0.0000	0.0000	0.0000	0.0000	0.0000	0.0000	0.0000	0.0000	0.0000	0.0000	4.2779	0.0000	3.9542	0.0000	0.0000	0.0000	0.0000	0.0000	0.0000	0.0000	0.0000	0.0000	0.0000	0.0000	0.0000	0.0000	0.0000	0.0000	0.0000	0.0000	0.0000	0.0000	0.0000	0.0000	0.0000	0.0000	0.0000	0.0000	0.0000	0.0000	0.0000	0.0000	0.0000	0.0000	0.0000	0.0000	0.0000	0.0000	0.0000	0.0000	0.0000	0.0000	0.0000	0.0000	0.0000	0.0000	0.0000	0.0000	0.0000	0.0000	0.0000	0.0000	0.0000	0.0000	0.0000	0.0000	0.0000											
8	38	0.0442	5	1	1	1	1	0	0	0	0	N	N	N	N	N	N	N	N	N	N	N	N	0.0000	0.0000	0.0000	0.0000	0.0000	0.0000	0.0000	0.0000	0.0000	0.0000	0.0000	0.0000	0.0000	0.0000	0.0000	0.0000	0.0000	0.0000	0.0000	0.0000	0.0000	2.8243	0.0000	1.0201	0.0000	0.0000	0.0000	0.0000	0.0000	0.0000	0.0000	0.0000	0.0000	0.0000	0.0000	0.0000	0.0000	0.0000	0.0000	0.0000	0.0000	0.0000	0.0000	0.0000	0.0000	0.0000	0.0000	0.0000	0.0000	0.0000	0.0000	0.0000	0.0000	0.0000	0.0000	0.0000	0.0000	0.0000	0.0000	0.0000	0.0000	0.0000	0.0000	0.0000	0.0000	0.0000	0.0000	0.0000	0.0000	0.0000	0.0000	0.0000	0.0000	0.0000	0.0000	0.0000	0.0000	0.0000											
8	39	0.6504	9	0	1	1	1	0	0	0	0	N	N	N	N	N	N	N	N	N	N	N	N	0.0000	0.0000	0.0000	0.0000	0.0000	0.0000	0.0000	0.0000	0.0000	0.0000	0.0000	0.0000	0.0000	0.0000	0.0000	0.0000	0.0000	0.0000	0.0000	0.0000	0.0000	5.0001	0.0000	5.0000	0.0000	0.0000	0.0000	0.0000	0.0000	0.0000	0.0000	0.0000	0.0000	0.0000	0.0000	0.0000	0.0000	0.0000	0.0000	0.0000	0.0000	0.0000	0.0000	0.0000	0.0000	0.0000	0.0000	0.0000	0.0000	0.0000	0.0000	0.0000	0.0000	0.0000	0.0000	0.0000	0.0000	0.0000	0.0000	0.0000	0.0000	0.0000	0.0000	0.0000	0.0000	0.0000	0.0000	0.0000	0.0000	0.0000	0.0000	0.0000	0.0000	0.0000	0.0000	0.0000	0.0000	0.0000											
8	40	0.0754	6	0	1	1	1	0	0	0	0	N	N	N	N	N	N	N	N	N	N	N	N	0.0000	0.0000	0.0000	0.0000	0.0000	0.0000	0.0000	0.0000	0.0000	0.0000	0.0000	0.0000	0.0000	0.0000	0.0000	0.0000	0.0000	0.0000	0.0000	0.0000	0.0000	0.0000	0.0000	2.0000	0.0000	0.0000	0.0000	0.0000	0.0000	0.0000	0.0000	0.0000	0.0000	0.0000	0.0000	0.0000	0.0000	0.0000	0.0000	0.0000	0.0000	0.0000	0.0000	0.0000	0.0000	0.0000	0.0000	0.0000	0.0000	0.0000	0.0000	0.0000	0.0000	0.0000	0.0000	0.0000	0.0000	0.0000	0.0000	0.0000	0.0000	0.0000	0.0000	0.0000	0.0000	0.0000	0.0000	0.0000	0.0000	0.0000	0.0000	0.0000	0.0000	0.0000	0.0000	0.0000	0.0000	0.0000											
8	41	0.6504	9	0	1	1	1	0	0	0	0	N	N	N	N	N	N	N	N	N	N	N	N	0.0000	0.0000	0.0000	0.0000	0.0000	0.0000	0.0000	0.0000	0.0000	0.0000	0.0000	0.0000	0.0000	0.0000	0.0000	0.0000	0.0000	0.0000	0.0000	0.0000	0.0000	5.9998	0.0000	3.0000	0.0000	0.0000	0.0000	0.0000	0.0000	0.0000	0.0000	0.0000	0.0000	0.0000	0.0000	0.0000	0.0000	0.0000	0.0000	0.0000	0.0000	0.0000	0.0000	0.0000	0.0000	0.0000	0.0000	0.0000	0.0000	0.0000	0.0000	0.0000	0.0000	0.0000	0.0000	0.0000	0.0000	0.0000	0.0000	0.0000	0.0000	0.0000	0.0000	0.0000	0.0000	0.0000	0.0000	0.0000	0.0000	0.0000	0.0000	0.0000	0.0000	0.0000	0.0000	0.0000	0.0000	0.0000											
8	42	0.0660	6	0	1	2	2	0	0	0	0	N	N	Y	Y	N	N	N	N	N	N	N	N	0.0000	0.0000	0.0000	0.0000	0.0000	0.0000	0.0000	0.0000	0.0000	0.0000	0.0000	0.0000	0.0000	0.0000	0.0000	0.0000	0.0000	0.0000	0.0000	0.0000	0.0000	0.0011	0.0000	1.0134	0.0000	0.0000	0.0000	0.0000	0.0000	0.0000	0.0000	0.0000	0.0000	0.0000	0.0000	0.0000	0.0000	0.0000	0.0000	0.0000	0.0000	0.0000	0.0000	0.0000	0.0000	0.0000	0.0000	0.0000	0.0000	0.0000	0.0000	0.0000	0.0000	0.0000	0.0000	0.0000	0.0000	0.0000	0.0000	0.0000	0.0000	0.0000	0.0000	0.0000	0.0000	0.0000	0.0000	0.0000	0.0000	0.0000	0.0000	0.0000	0.0000	0.0000	0.0000	0.0000	0.0000	0.0000											
8	43	0.0442	5	0	0	1	2	0	0	0	0	N	N	N	Y	N	N	N	N	N	N	N	N	0.0000	0.0000	0.0000	0.0000	0.0000	0.0000	0.0000	0.0000	0.0000	0.0000	0.0000	0.0000	0.0000	0.0000	0.0000	0.0000	0.0000	0.0000	0.0000	0.0000	0.0000	2.8187	0.0000	0.0347	0.0000	0.0000	0.0000	0.0000	0.0000	0.0000	0.0000	0.0000	0.0000	0.0000	0.0000	0.0000	0.0000	0.0000	0.0000	0.0000	0.0000	0.0000	0.0000	0.0000	0.0000	0.0000	0.0000	0.0000	0.0000	0.0000	0.0000	0.0000	0.0000	0.0000	0.0000	0.0000	0.0000	0.0000	0.0000	0.0000	0.0000	0.0000	0.0000	0.0000	0.0000	0.0000	0.0000	0.0000	0.0000	0.0000	0.0000	0.0000	0.0000	0.0000	0.0000	0.0000	0.0000	0.0000											
8	44	0.0315	4	0	0	1	1	0	0	0	0	N	N	N	N	N	N	N	N	N	N	N	N	0.0000	0.0000	0.0000	0.0000	0.0000	0.0000	0.0000	0.0000	0.0000	0.0000	0.0000	0.0000	0.0000	0.0000	0.0000	0.0000	0.0000	0.0000	0.0000	0.0000	0.0000	0.9605	0.0000	1.0076	0.0000	0.0000	0.0000	0.0000	0.0000	0.0000	0.0000	0.0000	0.0000	0.0000	0.0000	0.0000	0.0000	0.0000	0.0000	0.0000	0.0000	0.0000	0.0000	0.0000	0.0000	0.0000	0.0000	0.0000	0.0000	0.0000	0.0000	0.0000	0.0000	0.0000	0.0000	0.0000	0.0000	0.0000	0.0000	0.0000	0.0000	0.0000	0.0000	0.0000	0.0000	0.0000	0.0000	0.0000	0.0000	0.0000	0.0000	0.0000	0.0000	0.0000	0.0000	0.0000	0.0000	0.0000											
8	45	0.6624	11	0	1	2	2	0	0	0	0	N	N	Y	Y	N	N	N	N	N	N	N	N	0.0000	0.0000	0.0000	0.0000	0.0000	0.0000	0.0000	0.0000	0.0000	0.0000	0.0000	0.0000	0.0000	0.0000	0.0000	0.0000	0.0000	0.0000	0.0000	0.0000	0.0000	1.0000	0.0000	1.0000	0.0000	0.0000	0.0000	0.0000	0.0000	0.0000	0.0000	0.0000	0.0000	0.0000	0.0000	0.0000	0.0000	0.0000	0.0000	0.0000	0.0000	0.0000	0.0000	0.0000	0.0000	0.0000	0.0000	0.0000	0.0000	0.0000	0.0000	0.0000	0.0000	0.0000	0.0000	0.0000	0.0000	0.0000	0.0000	0.0000	0.0000	0.0000	0.0000	0.0000	0.0000	0.0000	0.0000	0.0000	0.0000	0.0000	0.0000	0.0000	0.0000	0.0000	0.0000	0.0000	0.0000	0.0000											
8	46	0.0530	5	0	1	1	1	0	0	0	0	N	N	N	N	N	N	N	N	N	N	N	N	0.0000	0.0000	0.0000	0.0000	0.0000	0.0000	0.0000	0.0000	0.0000	0.0000	0.0000	0.0000	0.0000	0.0000	0.0000	0.0000	0.0000	0.0000	0.0000	0.0000	0.0000	0.0000	0.0000	0.0000	0.0000	0.0000	0.0000	0.0000	0.0000	0.0000	0.0000	0.0000	0.0000	0.0000	0.0000	0.0000	0.0000	0.0000	0.0000	0.0000	0.0000	0.0000	0.0000	0.0000	0.0000	0.0000	0.0000	0.0000	0.0000	0.0000	0.0000	0.0000	0.0000	0.0000	0.0000	0.0000	0.0000	0.0000	0.0000	0.0000	0.0000	0.0000	0.0000	0.0000	0.0000	0.0000	0.0000	0.0000	0.0000	0.0000	0.0000	0.0000	0.0000	0.0000	0.0000	0.0000	0.0000	0.0000											
8	47	0.0315	4	0	1	1	2	0	0	0	0	N	N	N	Y	N	N	N	N	N	N	N	N	0.0000	0.0000	0.0000	0.0000	0.0000	0.0000	0.0000	0.0000	0.0000	0.0000	0.0000	0.0000	0.0000	0.0000	0.0000	0.0000	0.0000	0.0000	0.0000	0.0000	0.0000	0.0000	0.0000	1.0000	0.0000	0.0000	0.0000	0.0000	0.0000	0.0000	0.0000	0.0000	0.0000	0.0000	0.0000	0.0000	0.0000	0.0000	0.0000	0.0000	0.0000	0.0000	0.0000	0.0000	0.0000	0.0000	0.0000	0.0000	0.0000	0.0000	0.0000	0.0000	0.0000	0.0000	0.0000	0.0000	0.0000	0.0000	0.0000	0.0000	0.0000	0.0000	0.0000	0.0000	0.0000	0.0000	0.0000	0.0000	0.0000	0.0000	0.0000	0.0000	0.0000	0.0000	0.0000	0.0000	0.0000	0.0000											
8	48	0.0530	5	1	1	1	1	0	0	0	0	N	N	N	N	N	N	N	N	N	N	N	N	0.0000	0.0000	0.0000	0.0000	0.0000	0.0000	0.0000	0.0000	0.0000	0.0000	0.0000	0.0000	0.0000	0.0000	0.0000	0.0000	0.0000	0.0000	0.0000	0.0000	0.0000	0.0000	0.0000	4.0000	0.0000	0.0000	0.0000	0.0000	0.0000	0.0000	0.0000	0.0000	0.0000	0.0000	0.0000	0.0000	0.0000	0.0000	0.0000	0.0000	0.0000	0.0000	0.0000	0.0000	0.0000	0.0000	0.0000	0.0000	0.0000	0.0000	0.0000	0.0000	0.0000	0.0000	0.0000	0.0000	0.0000	0.0000	0.0000	0.0000	0.0000	0.0000	0.0000	0.0000	0.0000	0.0000	0.0000	0.0000	0.0000	0.0000	0.0000	0.0000	0.0000	0.0000	0.0000	0.0000	0.0000	0.0000											
8	49	0.0522	5	0	0	2	1	0	0	0	0	N	N	Y	N	N	N	N	N	N	N	N	N	0.0000	0.0000	0.0000	0.0000	0.0000	0.0000	0.0000	0.0000	0.0000	0.0000	0.0000	0.0000	0.0000	0.0000	0.0000	0.0000	0.0000	0.0000	0.0000	0.0000	0.0000	0.0000	0.0000	0.0000	0.0000	0.0000	0.0000	0.0000	0.0000	0.0000	0.0000	0.0000	0.0000	0.0000	0.0000	0.0000	0.0000	0.0000	0.0000	0.0000	0.0000	0.0000	0.0000	0.0000	0.0000	0.0000	0.0000	0.0000	0.0000	0.0000	0.0000	0.0000	0.0000	0.0000	0.0000	0.0000	0.0000	0.0000	0.0000	0.0000	0.0000	0.0000	0.0000	0.0000	0.0000	0.0000	0.0000	0.0000	0.0000	0.0000	0.0000	0.0000	0.0000	0.0000	0.0000	0.0000	0.0000	0.0000											
8	50	0.6714	10	0	0	2	1	0	0	0	0	N	N	Y	N	N	N	N	N	N	N	N	N	0.0000	0.0000	0.0000	0.0000	0.0000	0.0000	0.0000	0.0000	0.0000	0.0000	0.0000	0.0000	0.0000	0.0000	0.0000	0.0000	0.0000	0.0000	0.0000	0.0000	0.0000	1.0000	0.0000	1.0000	0.0000	0.0000	0.0000	0.0000	0.0000	0.0000	0.0000	0.0000	0.0000	0.0000	0.0000	0.0000	0.0000	0.0000	0.0000	0.0000	0.0000	0.0000	0.0000	0.0000	0.0000	0.0000	0.0000	0.0000	0.0000	0.0000	0.0000	0.0000	0.0000	0.0000	0.0000	0.0000	0.0000	0.0000	0.0000	0.0000	0.0000	0.0000	0.0000	0.0000	0.0000	0.0000	0.0000	0.0000	0.0000	0.0000	0.0000	0.0000	0.0000	0.0000	0.0000	0.0000	0.0000	0.0000											
8	51	0.6759	10	0	1	1	1	0	0	0	0	N	N	N	N	N	N	N	N	N	N	N	N	0.0000	0.0000	0.0000	0.0000	0.0000	0.0000	0.0000	0.0000	0.0000	0.0000	0.0000	0.0000	0.0000	0.0000	0.0000	0.0000	0.0000	0.0000	0.0000	0.0000	0.0000	0.0003	0.0000	0.9690	0.0000	0.0000	0.0000	0.0000	0.0000	0.0000	0.0000	0.0000	0.0000	0.0000	0.0000	0.0000	0.0000	0.0000	0.0000	0.0000	0.0000	0.0000	0.0000	0.0000	0.0000	0.0000	0.0000	0.0000	0.0000	0.0000	0.0000	0.0000	0.0000	0.0000	0.0000	0.0000	0.0000	0.0000	0.0000	0.0000	0.0000	0.0000	0.0000	0.0000	0.0000	0.0000	0.0000	0.0000	0.0000	0.0000	0.0000	0.0000	0.0000	0.0000	0.0000	0.0000	0.0000	0.0000											
8	52	0.0352	3	0	1	1	1	0	0	0	0	N	N	N	N	N	N	N	N	N	N	N	N	0.0000	0.0000	0.0000	0.0000	0.0000	0.0000	0.0000	0.0000	0.0000	0.0000	0.0000	0.0000	0.0000	0.0000	0.0000	0.0000	0.0000	0.0000	0.0000	0.0000	0.0000	0.9211	0.0000	0.1671	0.0000	0.0000	0.0000	0.0000	0.0000	0.0000	0.0000	0.0000	0.0000	0.0000	0.0000	0.0000	0.0000	0.0000	0.0000	0.0000	0.0000	0.0000	0.0000	0.0000	0.0000	0.0000	0.0000	0.0000	0.0000	0.0000	0.0000	0.0000	0.0000	0.0000	0.0000	0.0000	0.0000	0.0000	0.0000	0.0000	0.0000	0.0000	0.0000	0.0000	0.0000	0.0000	0.0000	0.0000	0.0000	0.0000	0.0000	0.0000	0.0000	0.0000	0.0000	0.0000	0.0000	0.0000											
8	53	0.6624	11	0	1	1	1	0	0	0	0	N	N	N	N	N	N	N	N	N	N	N	N	0.0000	0.0000	0.0000	0.0000	0.0000	0.0000	0.0000	0.0000	0.0000	0.0000	0.0000	0.0000	0.0000	0.0000	0.0000	0.0000	0.0000	0.0000	0.0000	0.0000	0.0000	1.0000	0.0000	5.0000	0.0000	0.0000	0.0000	0.0000	0.0000	0.0000	0.0000	0.0000	0.0000	0.0000	0.0000	0.0000	0.0000	0.0000	0.0000	0.0000	0.0000	0.0000	0.0000	0.0000	0.0000	0.0000	0.0000	0.0000	0.0000	0.0000	0.0000	0.0000	0.0000	0.0000	0.0000	0.0000	0.0000	0.0000	0.0000	0.0000	0.0000	0.0000	0.0000	0.0000	0.0000	0.0000	0.0000	0.0000	0.0000	0.0000	0.0000	0.0000	0.0000	0.0000	0.0000	0.0000	0.0000	0.0000											
8	54	0.6471	10	0	0	1	1	0	0	0	0	N	N	N	N	N	N	N	N	N	N	N	N	0.0000	0.0000	0.0000	0.0000	0.0000	0.0000	0.0000	0.0000	0.0000	0.0000	0.0000	0.0000	0.0000	0.0000	0.0000	0.0000	0.0000	0.0000	0.0000	0.0000	0.0000	0.0000	0.0000	2.9157	0.0000	0.0000	0.0000	0.0000	0.0000	0.0000	0.0000	0.0000	0.0000	0.0000	0.0000	0.0000	0.0000	0.0000	0.0000	0.0000	0.0000	0.0000	0.0000	0.0000	0.0000	0.0000	0.0000	0.0000	0.0000	0.0000	0.0000	0.0000	0.0000	0.0000	0.0000	0.0000	0.0000	0.0000	0.0000	0.0000	0.0000	0.0000	0.0000	0.0000	0.0000	0.0000	0.0000	0.0000	0.0000	0.0000	0.0000	0.0000	0.0000	0.0000	0.0000	0.0000	0.0000	0.0000											
8	55	0.0315	4	0	1	1	1	0	0	0	0	N	N	N	N	N	N	N	N	N	N	N	N	0.0000	0.0000	0.0000	0.0000	0.0000	0.0000	0.0000	0.0000	0.0000	0.0000	0.0000	0.0000	0.0000	0.0000	0.0000	0.0000	0.0000	0.0000	0.0000	0.0000	0.0000	2.0000	0.0000	3.0000	0.0000	0.0000	0.0000	0.0000	0.0000	0.0000	0.0000	0.0000	0.0000	0.0000	0.0000	0.0000	0.0000	0.0000	0.0000	0.0000	0.0000	0.0000	0.0000	0.0000	0.0000	0.0000	0.0000	0.0000	0.0000	0.0000	0.0000	0.0000	0.0000	0.0000	0.0000	0.0000	0.0000	0.0000	0.0000	0.0000	0.0000	0.0000	0.0000	0.0000	0.0000	0.0000	0.0000	0.0000	0.0000	0.0000	0.0000	0.0000	0.0000	0.0000	0.0000	0.0000	0.0000	0.0000											
8	56	0.6393	9	0	1	1	2	0	0	0	0	N	N	N	Y	N	N	N	N	N	N	N	N	0.0000	0.0000	0.0000	0.0000	0.0000	0.0000	0.0000	0.0000	0.0000	0.0000	0.0000	0.0000	0.0000	0.0000	0.0000	0.0000	0.0000	0.0000	0.0000	0.0000	0.0000	1.7218	0.0000	6.9557	0.0000	0.0000	0.0000	0.0000	0.0000	0.0000	0.0000	0.0000	0.0000	0.0000	0.0000	0.0000	0.0000	0.0000	0.0000	0.0000	0.0000	0.0000	0.0000	0.0000	0.0000	0.0000	0.0000	0.0000	0.0000	0.0000	0.0000	0.0000	0.0000	0.0000	0.0000	0.0000	0.0000	0.0000	0.0000	0.0000	0.0000	0.0000	0.0000	0.0000	0.0000	0.0000	0.0000	0.0000	0.0000	0.0000	0.0000	0.0000	0.0000	0.0000	0.0000	0.0000	0.0000	0.0000											
8	57	0.6504	9	1	0	2	1	0	0	0	0	N	N	Y	N	N	N	N	N	N	N	N	N	0.0000	0.0000	0.0000	0.0000	0.0000	0.0000	0.0000	0.0000	0.0000	0.0000	0.0000	0.0000	0.0000	0.0000	0.0000	0.0000	0.0000	0.0000	0.0000	0.0000	0.0000	8.9999	0.0000	5.0001	0.0000	0.0000	0.0000	0.0000	0.0000	0.0000	0.0000	0.0000	0.0000	0.0000	0.0000	0.0000	0.0000	0.0000	0.0000	0.0000	0.0000	0.0000	0.0000	0.0000	0.0000	0.0000	0.0000	0.0000	0.0000	0.0000	0.0000	0.0000	0.0000	0.0000	0.0000	0.0000	0.0000	0.0000	0.0000	0.0000	0.0000	0.0000	0.0000	0.0000	0.0000	0.0000	0.0000	0.0000	0.0000	0.0000	0.0000	0.0000	0.0000	0.0000	0.0000	0.0000	0.0000	0.0000											
8	58	0.0530	5	1	0	2	1	0	0	0	0	N	N	Y	N	N	N	N	N	N	N	N	N	0.0000	0.0000	0.0000	0.0000	0.0000	0.0000	0.0000	0.0000	0.0000	0.0000	0.0000	0.0000	0.0000	0.0000	0.0000	0.0000	0.0000	0.0000	0.0000	0.0000	0.0000	0.0000	0.0000	1.0000	0.0000	0.0000	0.0000	0.0000	0.0000	0.0000	0.0000	0.0000	0.0000	0.0000	0.0000	0.0000	0.0000	0.0000	0.0000	0.0000	0.0000	0.0000	0.0000	0.0000	0.0000	0.0000	0.0000	0.0000	0.0000	0.0000	0.0000	0.0000	0.0000	0.0000	0.0000	0.0000	0.0000	0.0000	0.0000	0.0000	0.0000	0.0000	0.0000	0.0000	0.0000	0.0000	0.0000	0.0000	0.0000	0.0000	0.0000	0.0000	0.0000	0.0000	0.0000	0.0000	0.0000	0.0000											
8	59	0.6759	10	0	0	2	1	0	0	0	0	N	N	Y	N	N	N	N	N	N	N	N	N	0.0000	0.0000	0.0000	0.0000	0.0000	0.0000	0.0000	0.0000	0.0000	0.0000	0.0000	0.0000	0.0000	0.0000	0.0000	0.0000	0.0000	0.0000	0.0000	0.0000	0.0000	0.0006	0.0000	1.1867	0.0000	0.0000	0.0000	0.0000	0.0000	0.0000	0.0000	0.0000	0.0000	0.0000	0.0000	0.0000	0.0000	0.0000	0.0000	0.0000	0.0000	0.0000	0.0000	0.0000	0.0000	0.0000	0.0000	0.0000	0.0000	0.0000	0.0000	0.0000	0.0000	0.0000	0.0000	0.0000	0.0000	0.0000	0.0000	0.0000	0.0000	0.0000	0.0000	0.0000	0.0000	0.0000	0.0000	0.0000	0.0000	0.0000	0.0000	0.0000	0.0000	0.0000	0.0000	0.0000	0.0000	0.0000											
8	60	0.6393	9	0	0	1	1	0	0	0	0	N	N	N	N	N	N	N	N	N	N	N	N	0.0000	0.0000	0.0000	0.0000	0.0000	0.0000	0.0000	0.0000	0.0000	0.0000	0.0000	0.0000	0.0000	0.0000	0.0000	0.0000	0.0000	0.0000	0.0000	0.0000	0.0000	2.2785	0.0000	4.8627	0.0000	0.0000	0.0000	0.0000	0.0000	0.0000	0.0000	0.0000	0.0000	0.0000	0.0000	0.0000	0.0000	0.0000	0.0000	0.0000	0.0000	0.0000	0.0000	0.0000	0.0000	0.0000	0.0000	0.0000	0.0000	0.0000	0.0000	0.0000	0.0000	0.0000	0.0000	0.0000	0.0000	0.0000	0.0000	0.0000	0.0000	0.0000	0.0000	0.0000	0.0000	0.0000	0.0000	0.0000	0.0000	0.0000	0.0000	0.0000	0.0000	0.0000	0.0000	0.0000	0.0000	0.0000											
8	61	0.0352	3	0	0	2	1	0	0	0	0	N	N	Y	N	N	N	N	N	N	N	N	N	0.0000	0.0000	0.0000	0.0000	0.0000	0.0000	0.0000	0.0000	0.0000	0.0000	0.0000	0.0000	0.0000	0.0000	0.0000	0.0000	0.0000	0.0000	0.0000	0.0000	0.0000	1.0901	0.0000	7.9319	0.0000	0.0000	0.0000	0.0000	0.0000	0.0000	0.0000	0.0000	0.0000	0.0000	0.0000	0.0000	0.0000	0.0000	0.0000	0.0000	0.0000	0.0000	0.0000	0.0000	0.0000	0.0000	0.0000	0.0000	0.0000	0.0000	0.0000	0.0000	0.0000	0.0000	0.0000	0.0000	0.0000	0.0000	0.0000	0.0000	0.0000	0.0000	0.0000	0.0000	0.0000	0.0000	0.0000	0.0000	0.0000	0.0000	0.0000	0.0000	0.0000	0.0000	0.0000	0.0000	0.0000	0.0000											
8	62	0.0051	2	0	0	1	1	0	0	0	0	N	N	N	N	N	N	N	N	N	N	N	N	0.0000	0.0000	0.0000	0.0000	0.0000	0.0000	0.0000	0.0000	0.0000	0.0000	0.0000	0.0000	0.0000	0.0000	0.0000	0.0000	0.0000	0.0000	0.0000	0.0000	0.0000	1.6797	0.0000	2.9843	0.0000	0.0000	0.0000	0.0000	0.0000	0.0000	0.0000	0.0000	0.0000	0.0000	0.0000	0.0000	0.0000	0.0000	0.0000	0.0000	0.0000	0.0000	0.0000	0.0000	0.0000	0.0000	0.0000	0.0000	0.0000	0.0000	0.0000	0.0000	0.0000	0.0000	0.0000	0.0000	0.0000	0.0000	0.0000	0.0000	0.0000	0.0000	0.0000	0.0000	0.0000	0.0000	0.0000	0.0000	0.0000	0.0000	0.0000	0.0000	0.0000	0.0000	0.0000	0.0000	0.0000	0.0000											
8	64	0.0522	5	0	1	1	1	0	0	0	0	N	N	N	N	N	N	N	N	N	N	N	N	0.0000	0.0000	0.0000	0.0000	0.0000	0.0000	0.0000	0.0000	0.0000	0.0000	0.0000	0.0000	0.0000	0.0000	0.0000	0.0000	0.0000	0.0000	0.0000	0.0000	0.0000	0.2944	0.0000	1.0083	0.0000	0.0000	0.0000	0.0000	0.0000	0.0000	0.0000	0.0000	0.0000	0.0000	0.0000	0.0000	0.0000	0.0000	0.0000	0.0000	0.0000	0.0000	0.0000	0.0000	0.0000	0.0000	0.0000	0.0000	0.0000	0.0000	0.0000	0.0000	0.0000	0.0000	0.0000	0.0000	0.0000	0.0000	0.0000	0.0000	0.0000	0.0000	0.0000	0.0000	0.0000	0.0000	0.0000	0.0000	0.0000	0.0000	0.0000	0.0000	0.0000	0.0000	0.0000	0.0000	0.0000	0.0000											
8	65	0.0315	4	0	0	1	1	0	0	0	0	N	N	N	N	N	N	N	N	N	N	N	N	0.0000	0.0000	0.0000	0.0000	0.0000	0.0000	0.0000	0.0000	0.0000	0.0000	0.0000	0.0000	0.0000	0.0000	0.0000	0.0000	0.0000	0.0000	0.0000	0.0000	0.0000	1.1351	0.0000	2.0429	0.0000	0.0000	0.0000	0.0000	0.0000	0.0000	0.0000	0.0000	0.0000	0.0000	0.0000	0.0000	0.0000	0.0000	0.0000	0.0000	0.0000	0.0000	0.0000	0.0000	0.0000	0.0000	0.0000	0.0000	0.0000	0.0000	0.0000	0.0000	0.0000	0.0000	0.0000	0.0000	0.0000	0.0000	0.0000	0.0000	0.0000	0.0000	0.0000	0.0000	0.0000	0.0000	0.0000	0.0000	0.0000	0.0000	0.0000	0.0000	0.0000	0.0000	0.0000	0.0000	0.0000	0.0000											
8	66	0.0153	3	0	0	1	1	0	0	0	0	N	N	N	N	N	N	N	N	N	N	N	N	0.0000	0.0000	0.0000	0.0000	0.0000	0.0000	0.0000	0.0000	0.0000	0.0000	0.0000	0.0000	0.0000	0.0000	0.0000	0.0000	0.0000	0.0000	0.0000	0.0000	0.0000	0.4912	0.0000	2.4266	0.0000	0.0000	0.0000	0.0000	0.0000	0.0000	0.0000	0.0000	0.0000	0.0000	0.0000	0.0000	0.0000	0.0000	0.0000	0.0000	0.0000	0.0000	0.0000	0.0000	0.0000	0.0000	0.0000	0.0000	0.0000	0.0000	0.0000	0.0000	0.0000	0.0000	0.0000	0.0000	0.0000	0.0000	0.0000	0.0000	0.0000	0.0000	0.0000	0.0000	0.0000	0.0000	0.0000	0.0000	0.0000	0.0000	0.0000	0.0000	0.0000	0.0000	0.0000	0.0000	0.0000	0.0000											
8	68	0.0530	5	1	1	2	1	0	0	0	0	N	N	Y	N	N	N	N	N	N	N	N	N	0.0000	0.0000	0.0000	0.0000	0.0000	0.0000	0.0000	0.0000	0.0000	0.0000	0.0000	0.0000	0.0000	0.0000	0.0000	0.0000	0.0000	0.0000	0.0000	0.0000	0.0000	0.0000	0.0000	0.0000	0.0000	0.0000	0.0000	0.0000	0.0000	0.0000	0.0000	0.0000	0.0000	0.0000	0.0000	0.0000	0.0000	0.0000	0.0000	0.0000	0.0000	0.0000	0.0000	0.0000	0.0000	0.0000	0.0000	0.0000	0.0000	0.0000	0.0000	0.0000	0.0000	0.0000	0.0000	0.0000	0.0000	0.0000	0.0000	0.0000	0.0000	0.0000	0.0000	0.0000	0.0000	0.0000	0.0000	0.0000	0.0000	0.0000	0.0000	0.0000	0.0000	0.0000	0.0000	0.0000	0.0000	0.0000											
8	69	0.6957	11	1	1	2	1	0	0	0	0	N	N	Y	N	N	N	N	N	N	N	N	N	0.0000	0.0000	0.0000	0.0000	0.0000	0.0000	0.0000	0.0000	0.0000	0.0000	0.0000	0.0000	0.0000	0.0000	0.0000	0.0000	0.0000	0.0000	0.0000	0.0000	0.0000	1.0000	0.0000	0.0000	0.0000	0.0000	0.0000	0.0000	0.0000	0.0000	0.0000	0.0000	0.0000	0.0000	0.0000	0.0000	0.0000	0.0000	0.0000	0.0000	0.0000	0.0000	0.0000	0.0000	0.0000	0.0000	0.0000	0.0000	0.0000	0.0000	0.0000	0.0000	0.0000	0.0000	0.0000	0.0000	0.0000	0.0000	0.0000	0.0000	0.0000	0.0000	0.0000	0.0000	0.0000	0.0000	0.0000	0.0000	0.0000	0.0000	0.0000	0.0000	0.0000	0.0000	0.0000	0.0000	0.0000	0.0000											
8	70	0.6957	11	1	1	2	1	0	0	0	0	N	N	Y	N	N	N	N	N	N	N	N	N	0.0000	0.0000	0.0000	0.0000	0.0000	0.0000	0.0000	0.0000	0.0000	0.0000	0.0000	0.0000	0.0000	0.0000	0.0000	0.0000	0.0000	0.0000	0.0000	0.0000	0.0000	0.0000	0.0000	0.0000	0.0000	0.0000	0.0000	0.0000	0.0000	0.0000	0.0000	0.0000	0.0000	0.0000	0.0000	0.0000	0.0000	0.0000	0.0000	0.0000	0.0000	0.0000	0.0000	0.0000	0.0000	0.0000	0.0000	0.0000	0.0000	0.0000	0.0000	0.0000	0.0000	0.0000	0.0000	0.0000	0.0000	0.0000	0.0000	0.0000	0.0000	0.0000	0.0000	0.0000	0.0000	0.0000	0.0000	0.0000	0.0000	0.0000	0.0000	0.0000	0.0000	0.0000	0.0000	0.0000	0.0000	0.0000											
8	71	0.6734	10	1	1	2	1	0	0	0	0	N	N	Y	N	N	N	N	N	N	N	N	N	0.0000	0.0000	0.0000	0.0000	0.0000	0.0000	0.0000	0.0000	0.0000	0.0000	0.0000	0.0000	0.0000	0.0000	0.0000	0.0000	0.0000	0.0000	0.0000	0.0000	0.0000	2.0000	0.0000	1.0000	0.0000	0.0000	0.0000	0.0000	0.0000	0.0000	0.0000	0.0000	0.0000	0.0000	0.0000	0.0000	0.0000	0.0000	0.0000	0.0000	0.0000	0.0000	0.0000	0.0000	0.0000	0.0000	0.0000	0.0000	0.0000	0.0000	0.0000	0.0000	0.0000	0.0000	0.0000	0.0000	0.0000	0.0000	0.0000	0.0000	0.0000	0.0000	0.0000	0.0000	0.0000	0.0000	0.0000	0.0000	0.0000	0.0000	0.0000	0.0000	0.0000	0.0000	0.0000	0.0000	0.0000	0.0000											
8	72	0.6504	9	1	0	2	1	0	0	0	0	N	N	Y	N	N	N	N	N	N	N	N	N	0.0000	0.0000	0.0000	0.0000	0.0000	0.0000	0.0000	0.0000	0.0000	0.0000	0.0000	0.0000	0.0000	0.0000	0.0000	0.0000	0.0000	0.0000	0.0000	0.0000	0.0000	1.0017	0.0000	2.0007	0.0000	0.0000	0.0000	0.0000	0.0000	0.0000	0.0000	0.0000	0.0000	0.0000	0.0000	0.0000	0.0000	0.0000	0.0000	0.0000	0.0000	0.0000	0.0000	0.0000	0.0000	0.0000	0.0000	0.0000	0.0000	0.0000	0.0000	0.0000	0.0000	0.0000	0.0000	0.0000	0.0000	0.0000	0.0000	0.0000	0.0000	0.0000	0.0000	0.0000	0.0000	0.0000	0.0000	0.0000	0.0000	0.0000	0.0000	0.0000	0.0000	0.0000	0.0000	0.0000	0.0000	0.0000											
8	73	0.0723	6	1	1	1	1	0	0	0	0	N	N	N	N	N	N	N	N	N	N	N	N	0.0000	0.0000	0.0000	0.0000	0.0000	0.0000	0.0000	0.0000	0.0000	0.0000	0.0000	0.0000	0.0000	0.0000	0.0000	0.0000	0.0000	0.0000	0.0000	0.0000	0.0000	0.0000	0.0000	0.0000	0.0000	0.0000	0.0000	0.0000	0.0000	0.0000	0.0000	0.0000	0.0000	0.0000	0.0000	0.0000	0.0000	0.0000	0.0000	0.0000	0.0000	0.0000	0.0000	0.0000	0.0000	0.0000	0.0000	0.0000	0.0000	0.0000	0.0000	0.0000	0.0000	0.0000	0.0000	0.0000	0.0000	0.0000	0.0000	0.0000	0.0000	0.0000	0.0000	0.0000	0.0000	0.0000	0.0000	0.0000	0.0000	0.0000	0.0000	0.0000	0.0000	0.0000	0.0000	0.0000	0.0000	0.0000											
8	74	0.6774	10	1	1	1	1	0	0	0	0	N	N	N	N	N	N	N	N	N	N	N	N	0.0000	0.0000	0.0000	0.0000	0.0000	0.0000	0.0000	0.0000	0.0000	0.0000	0.0000	0.0000	0.0000	0.0000	0.0000	0.0000	0.0000	0.0000	0.0000	0.0000	0.0000	0.0000	0.0000	0.0010	0.0000	0.0000	0.0000	0.0000	0.0000	0.0000	0.0000	0.0000	0.0000	0.0000	0.0000	0.0000	0.0000	0.0000	0.0000	0.0000	0.0000	0.0000	0.0000	0.0000	0.0000	0.0000	0.0000	0.0000	0.0000	0.0000	0.0000	0.0000	0.0000	0.0000	0.0000	0.0000	0.0000	0.0000	0.0000	0.0000	0.0000	0.0000	0.0000	0.0000	0.0000	0.0000	0.0000	0.0000	0.0000	0.0000	0.0000	0.0000	0.0000	0.0000	0.0000	0.0000	0.0000	0.0000											
8	75	0.6665	12	0	1	1	2	0	0	0	0	N	N	N	Y	N	N	N	N	N	N	N	N	0.0000	0.0000	0.0000	0.0000	0.0000	0.0000	0.0000	0.0000	0.0000	0.0000	0.0000	0.0000	0.0000	0.0000	0.0000	0.0000	0.0000	0.0000	0.0000	0.0000	0.0000	0.0000	0.0000	0.0000	0.0000	0.0000	0.0000	0.0000	0.0000	0.0000	0.0000	0.0000	0.0000	0.0000	0.0000	0.0000	0.0000	0.0000	0.0000	0.0000	0.0000	0.0000	0.0000	0.0000	0.0000	0.0000	0.0000	0.0000	0.0000	0.0000	0.0000	0.0000	0.0000	0.0000	0.0000	0.0000	0.0000	0.0000	0.0000	0.0000	0.0000	0.0000	0.0000	0.0000	0.0000	0.0000	0.0000	0.0000	0.0000	0.0000	0.0000	0.0000	0.0000	0.0000	0.0000	0.0000	0.0000	0.0000											
8	76	0.6665	12	0	0	1	2	0	0	0	0	N	N	N	Y	N	N	N	N	N	N	N	N	0.0000	0.0000	0.0000	0.0000	0.0000	0.0000	0.0000	0.0000	0.0000	0.0000	0.0000	0.0000	0.0000	0.0000	0.0000	0.0000	0.0000	0.0000	0.0000	0.0000	0.0000	0.0000	0.0000	0.0000	0.0000	0.0000	0.0000	0.0000	0.0000	0.0000	0.0000	0.0000	0.0000	0.0000	0.0000	0.0000	0.0000	0.0000	0.0000	0.0000	0.0000	0.0000	0.0000	0.0000	0.0000	0.0000	0.0000	0.0000	0.0000	0.0000	0.0000	0.0000	0.0000	0.0000	0.0000	0.0000	0.0000	0.0000	0.0000	0.0000	0.0000	0.0000	0.0000	0.0000	0.0000	0.0000	0.0000	0.0000	0.0000	0.0000	0.0000	0.0000	0.0000	0.0000	0.0000	0.0000	0.0000	0.0000											
8	77	0.6512	11	0	0	1	2	0	0	0	0	N	N	N	Y	N	N	N	N	N	N	N	N	0.0000	0.0000	0.0000	0.0000	0.0000	0.0000	0.0000	0.0000	0.0000	0.0000	0.0000	0.0000	0.0000	0.0000	0.0000	0.0000	0.0000	0.0000	0.0000	0.0000	0.0000	0.0002	0.0000	2.9297	0.0000	0.0000	0.0000	0.0000	0.0000	0.0000	0.0000	0.0000	0.0000	0.0000	0.0000	0.0000	0.0000	0.0000	0.0000	0.0000	0.0000	0.0000	0.0000	0.0000	0.0000	0.0000	0.0000	0.0000	0.0000	0.0000	0.0000	0.0000	0.0000	0.0000	0.0000	0.0000	0.0000	0.0000	0.0000	0.0000	0.0000	0.0000	0.0000	0.0000	0.0000	0.0000	0.0000	0.0000	0.0000	0.0000	0.0000	0.0000	0.0000	0.0000	0.0000	0.0000	0.0000	0.0000											
8	78	0.6471	10	0	0	1	2	0	0	0	0	N	N	N	Y	N	N	N	N	N	N	N	N	0.0000	0.0000	0.0000	0.0000	0.0000	0.0000	0.0000	0.0000	0.0000	0.0000	0.0000	0.0000	0.0000	0.0000	0.0000	0.0000	0.0000	0.0000	0.0000	0.0000	0.0000	0.0003	0.0000	2.1916	0.0000	0.0000	0.0000	0.0000	0.0000	0.0000	0.0000	0.0000	0.0000	0.0000	0.0000	0.0000	0.0000	0.0000	0.0000	0.0000	0.0000	0.0000	0.0000	0.0000	0.0000	0.0000	0.0000	0.0000	0.0000	0.0000	0.0000	0.0000	0.0000	0.0000	0.0000	0.0000	0.0000	0.0000	0.0000	0.0000	0.0000	0.0000	0.0000	0.0000	0.0000	0.0000	0.0000	0.0000	0.0000	0.0000	0.0000	0.0000	0.0000	0.0000	0.0000	0.0000	0.0000	0.0000											
8	79	0.6393	9	0	0	1	1	0	0	0	0	N	N	N	N	N	N	N	N	N	N	N	N	0.0000	0.0000	0.0000	0.0000	0.0000	0.0000	0.0000	0.0000	0.0000	0.0000	0.0000	0.0000	0.0000	0.0000	0.0000	0.0000	0.0000	0.0000	0.0000	0.0000	0.0000	0.2782	0.0000	1.3600	0.0000	0.0000	0.0000	0.0000	0.0000	0.0000	0.0000	0.0000	0.0000	0.0000	0.0000	0.0000	0.0000	0.0000	0.0000	0.0000	0.0000	0.0000	0.0000	0.0000	0.0000	0.0000	0.0000	0.0000	0.0000	0.0000	0.0000	0.0000	0.0000	0.0000	0.0000	0.0000	0.0000	0.0000	0.0000	0.0000	0.0000	0.0000	0.0000	0.0000	0.0000	0.0000	0.0000	0.0000	0.0000	0.0000	0.0000	0.0000	0.0000	0.0000	0.0000	0.0000	0.0000	0.0000											
8	80	0.6830	11	0	1	2	1	0	0	0	0	N	N	Y	N	N	N	N	N	N	N	N	N	0.0000	0.0000	0.0000	0.0000	0.0000	0.0000	0.0000	0.0000	0.0000	0.0000	0.0000	0.0000	0.0000	0.0000	0.0000	0.0000	0.0000	0.0000	0.0000	0.0000	0.0000	0.0029	0.0000	2.0135	0.0000	0.0000	0.0000	0.0000	0.0000	0.0000	0.0000	0.0000	0.0000	0.0000	0.0000	0.0000	0.0000	0.0000	0.0000	0.0000	0.0000	0.0000	0.0000	0.0000	0.0000	0.0000	0.0000	0.0000	0.0000	0.0000	0.0000	0.0000	0.0000	0.0000	0.0000	0.0000	0.0000	0.0000	0.0000	0.0000	0.0000	0.0000	0.0000	0.0000	0.0000	0.0000	0.0000	0.0000	0.0000	0.0000	0.0000	0.0000	0.0000	0.0000	0.0000	0.0000	0.0000	0.0000											
8	81	0.6764	10	0	1	1	1	0	0	0	0	N	N	N	N	N	N	N	N	N	N	N	N	0.0000	0.0000	0.0000	0.0000	0.0000	0.0000	0.0000	0.0000	0.0000	0.0000	0.0000	0.0000	0.0000	0.0000	0.0000	0.0000	0.0000	0.0000	0.0000	0.0000	0.0000	0.6188	0.0000	0.9475	0.0000	0.0000	0.0000	0.0000	0.0000	0.0000	0.0000	0.0000	0.0000	0.0000	0.0000	0.0000	0.0000	0.0000	0.0000	0.0000	0.0000	0.0000	0.0000	0.0000	0.0000	0.0000	0.0000	0.0000	0.0000	0.0000	0.0000	0.0000	0.0000	0.0000	0.0000	0.0000	0.0000	0.0000	0.0000	0.0000	0.0000	0.0000	0.0000	0.0000	0.0000	0.0000	0.0000	0.0000	0.0000	0.0000	0.0000	0.0000	0.0000	0.0000	0.0000	0.0000	0.0000	0.0000											
8	82	0.0754	6	0	1	2	1	0	0	0	0	N	N	Y	N	N	N	N	N	N	N	N	N	0.0000	0.0000	0.0000	0.0000	0.0000	0.0000	0.0000	0.0000	0.0000	0.0000	0.0000	0.0000	0.0000	0.0000	0.0000	0.0000	0.0000	0.0000	0.0000	0.0000	0.0000	0.0000	0.0000	1.0000	0.0000	0.0000	0.0000	0.0000	0.0000	0.0000	0.0000	0.0000	0.0000	0.0000	0.0000	0.0000	0.0000	0.0000	0.0000	0.0000	0.0000	0.0000	0.0000	0.0000	0.0000	0.0000	0.0000	0.0000	0.0000	0.0000	0.0000	0.0000	0.0000	0.0000	0.0000	0.0000	0.0000	0.0000	0.0000	0.0000	0.0000	0.0000	0.0000	0.0000	0.0000	0.0000	0.0000	0.0000	0.0000	0.0000	0.0000	0.0000	0.0000	0.0000	0.0000	0.0000	0.0000	0.0000											
8	83	0.6504	9	1	0	2	1	0	0	0	0	N	N	Y	N	N	N	N	N	N	N	N	N	0.0000	0.0000	0.0000	0.0000	0.0000	0.0000	0.0000	0.0000	0.0000	0.0000	0.0000	0.0000	0.0000	0.0000	0.0000	0.0000	0.0000	0.0000	0.0000	0.0000	0.0000	9.0001	0.0000	3.0001	0.0000	0.0000	0.0000	0.0000	0.0000	0.0000	0.0000	0.0000	0.0000	0.0000	0.0000	0.0000	0.0000	0.0000	0.0000	0.0000	0.0000	0.0000	0.0000	0.0000	0.0000	0.0000	0.0000	0.0000	0.0000	0.0000	0.0000	0.0000	0.0000	0.0000	0.0000	0.0000	0.0000	0.0000	0.0000	0.0000	0.0000	0.0000	0.0000	0.0000	0.0000	0.0000	0.0000	0.0000	0.0000	0.0000	0.0000	0.0000	0.0000	0.0000	0.0000	0.0000	0.0000	0.0000											
8	84	0.0530	5	1	0	2	1	0	0	0	0	N	N	Y	N	N	N	N	N	N	N	N	N	0.0000	0.0000	0.0000	0.0000	0.0000	0.0000	0.0000	0.0000	0.0000	0.0000	0.0000	0.0000	0.0000	0.0000	0.0000	0.0000	0.0000	0.0000	0.0000	0.0000	0.0000	4.0000	0.0000	0.0000	0.0000	0.0000	0.0000	0.0000	0.0000	0.0000	0.0000	0.0000	0.0000	0.0000	0.0000	0.0000	0.0000	0.0000	0.0000	0.0000	0.0000	0.0000	0.0000	0.0000	0.0000	0.0000	0.0000	0.0000	0.0000	0.0000	0.0000	0.0000	0.0000	0.0000	0.0000	0.0000	0.0000	0.0000	0.0000	0.0000	0.0000	0.0000	0.0000	0.0000	0.0000	0.0000	0.0000	0.0000	0.0000	0.0000	0.0000	0.0000	0.0000	0.0000	0.0000	0.0000	0.0000	0.0000											
8	85	0.0991	6	1	1	1	1	0	0	0	0	N	N	N	N	N	N	N	N	N	N	N	N	0.0000	0.0000	0.0000	0.0000	0.0000	0.0000	0.0000	0.0000	0.0000	0.0000	0.0000	0.0000	0.0000	0.0000	0.0000	0.0000	0.0000	0.0000	0.0000	0.0000	0.0000	1.0086	0.0000	1.7435	0.0000	0.0000	0.0000	0.0000	0.0000	0.0000	0.0000	0.0000	0.0000	0.0000	0.0000	0.0000	0.0000	0.0000	0.0000	0.0000	0.0000	0.0000	0.0000	0.0000	0.0000	0.0000	0.0000	0.0000	0.0000	0.0000	0.0000	0.0000	0.0000	0.0000	0.0000	0.0000	0.0000	0.0000	0.0000	0.0000	0.0000	0.0000	0.0000	0.0000	0.0000	0.0000	0.0000	0.0000	0.0000	0.0000	0.0000	0.0000	0.0000	0.0000	0.0000	0.0000	0.0000	0.0000											
8	86	0.0530	5	1	1	1	1	0	0	0	0	N	N	N	N	N	N	N	N	N	N	N	N	0.0000	0.0000	0.0000	0.0000	0.0000	0.0000	0.0000	0.0000	0.0000	0.0000	0.0000	0.0000	0.0000	0.0000	0.0000	0.0000	0.0000	0.0000	0.0000	0.0000	0.0000	1.0165	0.0000	4.1395	0.0000	0.0000	0.0000	0.0000	0.0000	0.0000	0.0000	0.0000	0.0000	0.0000	0.0000	0.0000	0.0000	0.0000	0.0000	0.0000	0.0000	0.0000	0.0000	0.0000	0.0000	0.0000	0.0000	0.0000	0.0000	0.0000	0.0000	0.0000	0.0000	0.0000	0.0000	0.0000	0.0000	0.0000	0.0000	0.0000	0.0000	0.0000	0.0000	0.0000	0.0000	0.0000	0.0000	0.0000	0.0000	0.0000	0.0000	0.0000	0.0000	0.0000	0.0000	0.0000	0.0000	0.0000											
8	87	0.6092	8	1	1	1	1	0	0	0	0	N	N	N	N	N	N	N	N	N	N	N	N	0.0000	0.0000	0.0000	0.0000	0.0000	0.0000	0.0000	0.0000	0.0000	0.0000	0.0000	0.0000	0.0000	0.0000	0.0000	0.0000	0.0000	0.0000	0.0000	0.0000	0.0000	9.0005	0.0000	5.0000	0.0000	0.0000	0.0000	0.0000	0.0000	0.0000	0.0000	0.0000	0.0000	0.0000	0.0000	0.0000	0.0000	0.0000	0.0000	0.0000	0.0000	0.0000	0.0000	0.0000	0.0000	0.0000	0.0000	0.0000	0.0000	0.0000	0.0000	0.0000	0.0000	0.0000	0.0000	0.0000	0.0000	0.0000	0.0000	0.0000	0.0000	0.0000	0.0000	0.0000	0.0000	0.0000	0.0000	0.0000	0.0000	0.0000	0.0000	0.0000	0.0000	0.0000	0.0000	0.0000	0.0000	0.0000											
8	88	0.0754	6	0	1	1	1	0	0	0	0	N	N	N	N	N	N	N	N	N	N	N	N	0.0000	0.0000	0.0000	0.0000	0.0000	0.0000	0.0000	0.0000	0.0000	0.0000	0.0000	0.0000	0.0000	0.0000	0.0000	0.0000	0.0000	0.0000	0.0000	0.0000	0.0000	0.0000	0.0000	0.0000	0.0000	0.0000	0.0000	0.0000	0.0000	0.0000	0.0000	0.0000	0.0000	0.0000	0.0000	0.0000	0.0000	0.0000	0.0000	0.0000	0.0000	0.0000	0.0000	0.0000	0.0000	0.0000	0.0000	0.0000	0.0000	0.0000	0.0000	0.0000	0.0000	0.0000	0.0000	0.0000	0.0000	0.0000	0.0000	0.0000	0.0000	0.0000	0.0000	0.0000	0.0000	0.0000	0.0000	0.0000	0.0000	0.0000	0.0000	0.0000	0.0000	0.0000	0.0000	0.0000	0.0000	0.0000											
8	89	0.6764	10	0	1	1	1	0	0	0	0	N	N	N	N	N	N	N	N	N	N	N	N	0.0000	0.0000	0.0000	0.0000	0.0000	0.0000	0.0000	0.0000	0.0000	0.0000	0.0000	0.0000	0.0000	0.0000	0.0000	0.0000	0.0000	0.0000	0.0000	0.0000	0.0000	1.9953	0.0000	1.0817	0.0000	0.0000	0.0000	0.0000	0.0000	0.0000	0.0000	0.0000	0.0000	0.0000	0.0000	0.0000	0.0000	0.0000	0.0000	0.0000	0.0000	0.0000	0.0000	0.0000	0.0000	0.0000	0.0000	0.0000	0.0000	0.0000	0.0000	0.0000	0.0000	0.0000	0.0000	0.0000	0.0000	0.0000	0.0000	0.0000	0.0000	0.0000	0.0000	0.0000	0.0000	0.0000	0.0000	0.0000	0.0000	0.0000	0.0000	0.0000	0.0000	0.0000	0.0000	0.0000	0.0000	0.0000											
8	90	0.6504	9	0	1	1	1	0	0	0	0	N	N	N	N	N	N	N	N	N	N	N	N	0.0000	0.0000	0.0000	0.0000	0.0000	0.0000	0.0000	0.0000	0.0000	0.0000	0.0000	0.0000	0.0000	0.0000	0.0000	0.0000	0.0000	0.0000	0.0000	0.0000	0.0000	2.3999	0.0000	4.0713	0.0000	0.0000	0.0000	0.0000	0.0000	0.0000	0.0000	0.0000	0.0000	0.0000	0.0000	0.0000	0.0000	0.0000	0.0000	0.0000	0.0000	0.0000	0.0000	0.0000	0.0000	0.0000	0.0000	0.0000	0.0000	0.0000	0.0000	0.0000	0.0000	0.0000	0.0000	0.0000	0.0000	0.0000	0.0000	0.0000	0.0000	0.0000	0.0000	0.0000	0.0000	0.0000	0.0000	0.0000	0.0000	0.0000	0.0000	0.0000	0.0000	0.0000	0.0000	0.0000	0.0000	0.0000											
8	91	0.6714	10	0	0	2	1	0	0	0	0	N	N	Y	N	N	N	N	N	N	N	N	N	0.0000	0.0000	0.0000	0.0000	0.0000	0.0000	0.0000	0.0000	0.0000	0.0000	0.0000	0.0000	0.0000	0.0000	0.0000	0.0000	0.0000	0.0000	0.0000	0.0000	0.0000	0.0000	0.0000	0.0000	0.0000	0.0000	0.0000	0.0000	0.0000	0.0000	0.0000	0.0000	0.0000	0.0000	0.0000	0.0000	0.0000	0.0000	0.0000	0.0000	0.0000	0.0000	0.0000	0.0000	0.0000	0.0000	0.0000	0.0000	0.0000	0.0000	0.0000	0.0000	0.0000	0.0000	0.0000	0.0000	0.0000	0.0000	0.0000	0.0000	0.0000	0.0000	0.0000	0.0000	0.0000	0.0000	0.0000	0.0000	0.0000	0.0000	0.0000	0.0000	0.0000	0.0000	0.0000	0.0000	0.0000	0.0000											
8	92	0.6393	9	0	0	2	1	0	0	0	0	N	N	Y	N	N	N	N	N	N	N	N	N	0.0000	0.0000	0.0000	0.0000	0.0000	0.0000	0.0000	0.0000	0.0000	0.0000	0.0000	0.0000	0.0000	0.0000	0.0000	0.0000	0.0000	0.0000	0.0000	0.0000	0.0000	3.7221	0.0000	2.9993	0.0000	0.0000	0.0000	0.0000	0.0000	0.0000	0.0000	0.0000	0.0000	0.0000	0.0000	0.0000	0.0000	0.0000	0.0000	0.0000	0.0000	0.0000	0.0000	0.0000	0.0000	0.0000	0.0000	0.0000	0.0000	0.0000	0.0000	0.0000	0.0000	0.0000	0.0000	0.0000	0.0000	0.0000	0.0000	0.0000	0.0000	0.0000	0.0000	0.0000	0.0000	0.0000	0.0000	0.0000	0.0000	0.0000	0.0000	0.0000	0.0000	0.0000	0.0000	0.0000	0.0000	0.0000											
8	93	0.6092	8	0	0	1	1	0	0	0	0	N	N	N	N	N	N	N	N	N	N	N	N	0.0000	0.0000	0.0000	0.0000	0.0000	0.0000	0.0000	0.0000	0.0000	0.0000	0.0000	0.0000	0.0000	0.0000	0.0000	0.0000	0.0000	0.0000	0.0000	0.0000	0.0000	2.7217	0.0000	3.0458	0.0000	0.0000	0.0000	0.0000	0.0000	0.0000	0.0000	0.0000	0.0000	0.0000	0.0000	0.0000	0.0000	0.0000	0.0000	0.0000	0.0000	0.0000	0.0000	0.0000	0.0000	0.0000	0.0000	0.0000	0.0000	0.0000	0.0000	0.0000	0.0000	0.0000	0.0000	0.0000	0.0000	0.0000	0.0000	0.0000	0.0000	0.0000	0.0000	0.0000	0.0000	0.0000	0.0000	0.0000	0.0000	0.0000	0.0000	0.0000	0.0000	0.0000	0.0000	0.0000	0.0000	0.0000											
8	94	0.6667	10	1	1	1	1	0	0	0	0	N	N	N	N	N	N	N	N	N	N	N	N	0.0000	0.0000	0.0000	0.0000	0.0000	0.0000	0.0000	0.0000	0.0000	0.0000	0.0000	0.0000	0.0000	0.0000	0.0000	0.0000	0.0000	0.0000	0.0000	0.0000	0.0000	5.9980	0.0000	4.9575	0.0000	0.0000	0.0000	0.0000	0.0000	0.0000	0.0000	0.0000	0.0000	0.0000	0.0000	0.0000	0.0000	0.0000	0.0000	0.0000	0.0000	0.0000	0.0000	0.0000	0.0000	0.0000	0.0000	0.0000	0.0000	0.0000	0.0000	0.0000	0.0000	0.0000	0.0000	0.0000	0.0000	0.0000	0.0000	0.0000	0.0000	0.0000	0.0000	0.0000	0.0000	0.0000	0.0000	0.0000	0.0000	0.0000	0.0000	0.0000	0.0000	0.0000	0.0000	0.0000	0.0000	0.0000											
8	95	0.0754	6	1	1	1	1	0	0	0	0	N	N	N	N	N	N	N	N	N	N	N	N	0.0000	0.0000	0.0000	0.0000	0.0000	0.0000	0.0000	0.0000	0.0000	0.0000	0.0000	0.0000	0.0000	0.0000	0.0000	0.0000	0.0000	0.0000	0.0000	0.0000	0.0000	0.0000	0.0000	2.0000	0.0000	0.0000	0.0000	0.0000	0.0000	0.0000	0.0000	0.0000	0.0000	0.0000	0.0000	0.0000	0.0000	0.0000	0.0000	0.0000	0.0000	0.0000	0.0000	0.0000	0.0000	0.0000	0.0000	0.0000	0.0000	0.0000	0.0000	0.0000	0.0000	0.0000	0.0000	0.0000	0.0000	0.0000	0.0000	0.0000	0.0000	0.0000	0.0000	0.0000	0.0000	0.0000	0.0000	0.0000	0.0000	0.0000	0.0000	0.0000	0.0000	0.0000	0.0000	0.0000	0.0000	0.0000											
8	96	0.0530	5	0	1	1	1	0	0	0	0	N	N	N	N	N	N	N	N	N	N	N	N	0.0000	0.0000	0.0000	0.0000	0.0000	0.0000	0.0000	0.0000	0.0000	0.0000	0.0000	0.0000	0.0000	0.0000	0.0000	0.0000	0.0000	0.0000	0.0000	0.0000	0.0000	4.0000	0.0000	0.0000	0.0000	0.0000	0.0000	0.0000	0.0000	0.0000	0.0000	0.0000	0.0000	0.0000	0.0000	0.0000	0.0000	0.0000	0.0000	0.0000	0.0000	0.0000	0.0000	0.0000	0.0000	0.0000	0.0000	0.0000	0.0000	0.0000	0.0000	0.0000	0.0000	0.0000	0.0000	0.0000	0.0000	0.0000	0.0000	0.0000	0.0000	0.0000	0.0000	0.0000	0.0000	0.0000	0.0000	0.0000	0.0000	0.0000	0.0000	0.0000	0.0000	0.0000	0.0000	0.0000	0.0000	0.0000											
8	97	0.6092	8	0	0	1	1	0	0	0	0	N	N	N	N	N	N	N	N	N	N	N	N	0.0000	0.0000	0.0000	0.0000	0.0000	0.0000	0.0000	0.0000	0.0000	0.0000	0.0000	0.0000	0.0000	0.0000	0.0000	0.0000	0.0000	0.0000	0.0000	0.0000	0.0000	3.9994	0.0000	4.0000	0.0000	0.0000	0.0000	0.0000	0.0000	0.0000	0.0000	0.0000	0.0000	0.0000	0.0000	0.0000	0.0000	0.0000	0.0000	0.0000	0.0000	0.0000	0.0000	0.0000	0.0000	0.0000	0.0000	0.0000	0.0000	0.0000	0.0000	0.0000	0.0000	0.0000	0.0000	0.0000	0.0000	0.0000	0.0000	0.0000	0.0000	0.0000	0.0000	0.0000	0.0000	0.0000	0.0000	0.0000	0.0000	0.0000	0.0000	0.0000	0.0000	0.0000	0.0000	0.0000	0.0000	0.0000											
8	98	0.0530	5	0	0	1	1	0	0	0	0	N	N	N	N	N	N	N	N	N	N	N	N	0.0000	0.0000	0.0000	0.0000	0.0000	0.0000	0.0000	0.0000	0.0000	0.0000	0.0000	0.0000	0.0000	0.0000	0.0000	0.0000	0.0000	0.0000	0.0000	0.0000	0.0000	1.0000	0.0000	0.0000	0.0000	0.0000	0.0000	0.0000	0.0000	0.0000	0.0000	0.0000	0.0000	0.0000	0.0000	0.0000	0.0000	0.0000	0.0000	0.0000	0.0000	0.0000	0.0000	0.0000	0.0000	0.0000	0.0000	0.0000	0.0000	0.0000	0.0000	0.0000	0.0000	0.0000	0.0000	0.0000	0.0000	0.0000	0.0000	0.0000	0.0000	0.0000	0.0000	0.0000	0.0000	0.0000	0.0000	0.0000	0.0000	0.0000	0.0000	0.0000	0.0000	0.0000	0.0000	0.0000	0.0000	0.0000											
8	99	0.4982	7	0	0	1	1	0	0	0	0	N	N	N	N	N	N	N	N	N	N	N	N	0.0000	0.0000	0.0000	0.0000	0.0000	0.0000	0.0000	0.0000	0.0000	0.0000	0.0000	0.0000	0.0000	0.0000	0.0000	0.0000	0.0000	0.0000	0.0000	0.0000	0.0000	1.5982	0.0000	11.1970	0.0000	0.0000	0.0000	0.0000	0.0000	0.0000	0.0000	0.0000	0.0000	0.0000	0.0000	0.0000	0.0000	0.0000	0.0000	0.0000	0.0000	0.0000	0.0000	0.0000	0.0000	0.0000	0.0000	0.0000	0.0000	0.0000	0.0000	0.0000	0.0000	0.0000	0.0000	0.0000	0.0000	0.0000	0.0000	0.0000	0.0000	0.0000	0.0000	0.0000	0.0000	0.0000	0.0000	0.0000	0.0000	0.0000	0.0000	0.0000	0.0000	0.0000	0.0000	0.0000	0.0000	0.0000											
8	100	0.6682	11	1	1	2	1	0	0	0	0	N	N	Y	N	N	N	N	N	N	N	N	N	0.0000	0.0000	0.0000	0.0000	0.0000	0.0000	0.0000	0.0000	0.0000	0.0000	0.0000	0.0000	0.0000	0.0000	0.0000	0.0000	0.0000	0.0000	0.0000	0.0000	0.0000	0.0000	0.0000	0.9982	0.0000	0.0000	0.0000	0.0000	0.0000	0.0000	0.0000	0.0000	0.0000	0.0000	0.0000	0.0000	0.0000	0.0000	0.0000	0.0000	0.0000	0.0000	0.0000	0.0000	0.0000	0.0000	0.0000	0.0000	0.0000	0.0000	0.0000	0.0000	0.0000	0.0000	0.0000	0.0000	0.0000	0.0000	0.0000	0.0000	0.0000	0.0000	0.0000	0.0000	0.0000	0.0000	0.0000	0.0000	0.0000	0.0000	0.0000	0.0000	0.0000	0.0000	0.0000	0.0000	0.0000	0.0000											
8	101	0.0878	8	1	1	2	1	0	0	0	0	N	N	Y	N	N	N	N	N	N	N	N	N	0.0000	0.0000	0.0000	0.0000	0.0000	0.0000	0.0000	0.0000	0.0000	0.0000	0.0000	0.0000	0.0000	0.0000	0.0000	0.0000	0.0000	0.0000	0.0000	0.0000	0.0000	0.0000	0.0000	0.0000	0.0000	0.0000	0.0000	0.0000	0.0000	0.0000	0.0000	0.0000	0.0000	0.0000	0.0000	0.0000	0.0000	0.0000	0.0000	0.0000	0.0000	0.0000	0.0000	0.0000	0.0000	0.0000	0.0000	0.0000	0.0000	0.0000	0.0000	0.0000	0.0000	0.0000	0.0000	0.0000	0.0000	0.0000	0.0000	0.0000	0.0000	0.0000	0.0000	0.0000	0.0000	0.0000	0.0000	0.0000	0.0000	0.0000	0.0000	0.0000	0.0000	0.0000	0.0000	0.0000	0.0000	0.0000											
8	102	0.0878	7	1	0	2	1	0	0	0	0	N	N	Y	N	N	N	N	N	N	N	N	N	0.0000	0.0000	0.0000	0.0000	0.0000	0.0000	0.0000	0.0000	0.0000	0.0000	0.0000	0.0000	0.0000	0.0000	0.0000	0.0000	0.0000	0.0000	0.0000	0.0000	0.0000	0.0000	0.0000	0.0000	0.0000	0.0000	0.0000	0.0000	0.0000	0.0000	0.0000	0.0000	0.0000	0.0000	0.0000	0.0000	0.0000	0.0000	0.0000	0.0000	0.0000	0.0000	0.0000	0.0000	0.0000	0.0000	0.0000	0.0000	0.0000	0.0000	0.0000	0.0000	0.0000	0.0000	0.0000	0.0000	0.0000	0.0000	0.0000	0.0000	0.0000	0.0000	0.0000	0.0000	0.0000	0.0000	0.0000	0.0000	0.0000	0.0000	0.0000	0.0000	0.0000	0.0000	0.0000	0.0000	0.0000	0.0000											
8	103	0.0817	6	1	0	2	1	0	0	0	0	N	N	Y	N	N	N	N	N	N	N	N	N	0.0000	0.0000	0.0000	0.0000	0.0000	0.0000	0.0000	0.0000	0.0000	0.0000	0.0000	0.0000	0.0000	0.0000	0.0000	0.0000	0.0000	0.0000	0.0000	0.0000	0.0000	0.0000	0.0000	1.0091	0.0000	0.0000	0.0000	0.0000	0.0000	0.0000	0.0000	0.0000	0.0000	0.0000	0.0000	0.0000	0.0000	0.0000	0.0000	0.0000	0.0000	0.0000	0.0000	0.0000	0.0000	0.0000	0.0000	0.0000	0.0000	0.0000	0.0000	0.0000	0.0000	0.0000	0.0000	0.0000	0.0000	0.0000	0.0000	0.0000	0.0000	0.0000	0.0000	0.0000	0.0000	0.0000	0.0000	0.0000	0.0000	0.0000	0.0000	0.0000	0.0000	0.0000	0.0000	0.0000	0.0000	0.0000											
8	104	0.6092	8	0	1	1	1	0	0	0	0	N	N	N	N	N	N	N	N	N	N	N	N	0.0000	0.0000	0.0000	0.0000	0.0000	0.0000	0.0000	0.0000	0.0000	0.0000	0.0000	0.0000	0.0000	0.0000	0.0000	0.0000	0.0000	0.0000	0.0000	0.0000	0.0000	7.9994	0.0000	4.0001	0.0000	0.0000	0.0000	0.0000	0.0000	0.0000	0.0000	0.0000	0.0000	0.0000	0.0000	0.0000	0.0000	0.0000	0.0000	0.0000	0.0000	0.0000	0.0000	0.0000	0.0000	0.0000	0.0000	0.0000	0.0000	0.0000	0.0000	0.0000	0.0000	0.0000	0.0000	0.0000	0.0000	0.0000	0.0000	0.0000	0.0000	0.0000	0.0000	0.0000	0.0000	0.0000	0.0000	0.0000	0.0000	0.0000	0.0000	0.0000	0.0000	0.0000	0.0000	0.0000	0.0000	0.0000											
8	105	0.6716	12	1	0	2	1	0	0	0	0	N	N	Y	N	N	N	N	N	N	N	N	N	0.0000	0.0000	0.0000	0.0000	0.0000	0.0000	0.0000	0.0000	0.0000	0.0000	0.0000	0.0000	0.0000	0.0000	0.0000	0.0000	0.0000	0.0000	0.0000	0.0000	0.0000	1.0000	0.0000	1.0005	0.0000	0.0000	0.0000	0.0000	0.0000	0.0000	0.0000	0.0000	0.0000	0.0000	0.0000	0.0000	0.0000	0.0000	0.0000	0.0000	0.0000	0.0000	0.0000	0.0000	0.0000	0.0000	0.0000	0.0000	0.0000	0.0000	0.0000	0.0000	0.0000	0.0000	0.0000	0.0000	0.0000	0.0000	0.0000	0.0000	0.0000	0.0000	0.0000	0.0000	0.0000	0.0000	0.0000	0.0000	0.0000	0.0000	0.0000	0.0000	0.0000	0.0000	0.0000	0.0000	0.0000	0.0000											
8	106	0.6682	11	1	0	2	1	0	0	0	0	N	N	Y	N	N	N	N	N	N	N	N	N	0.0000	0.0000	0.0000	0.0000	0.0000	0.0000	0.0000	0.0000	0.0000	0.0000	0.0000	0.0000	0.0000	0.0000	0.0000	0.0000	0.0000	0.0000	0.0000	0.0000	0.0000	0.7249	0.0000	0.0368	0.0000	0.0000	0.0000	0.0000	0.0000	0.0000	0.0000	0.0000	0.0000	0.0000	0.0000	0.0000	0.0000	0.0000	0.0000	0.0000	0.0000	0.0000	0.0000	0.0000	0.0000	0.0000	0.0000	0.0000	0.0000	0.0000	0.0000	0.0000	0.0000	0.0000	0.0000	0.0000	0.0000	0.0000	0.0000	0.0000	0.0000	0.0000	0.0000	0.0000	0.0000	0.0000	0.0000	0.0000	0.0000	0.0000	0.0000	0.0000	0.0000	0.0000	0.0000	0.0000	0.0000	0.0000											
8	107	0.6667	10	1	0	2	1	0	0	0	0	N	N	Y	N	N	N	N	N	N	N	N	N	0.0000	0.0000	0.0000	0.0000	0.0000	0.0000	0.0000	0.0000	0.0000	0.0000	0.0000	0.0000	0.0000	0.0000	0.0000	0.0000	0.0000	0.0000	0.0000	0.0000	0.0000	0.4159	0.0000	0.0887	0.0000	0.0000	0.0000	0.0000	0.0000	0.0000	0.0000	0.0000	0.0000	0.0000	0.0000	0.0000	0.0000	0.0000	0.0000	0.0000	0.0000	0.0000	0.0000	0.0000	0.0000	0.0000	0.0000	0.0000	0.0000	0.0000	0.0000	0.0000	0.0000	0.0000	0.0000	0.0000	0.0000	0.0000	0.0000	0.0000	0.0000	0.0000	0.0000	0.0000	0.0000	0.0000	0.0000	0.0000	0.0000	0.0000	0.0000	0.0000	0.0000	0.0000	0.0000	0.0000	0.0000	0.0000											
8	108	0.6504	9	1	0	1	1	0	0	0	0	N	N	N	N	N	N	N	N	N	N	N	N	0.0000	0.0000	0.0000	0.0000	0.0000	0.0000	0.0000	0.0000	0.0000	0.0000	0.0000	0.0000	0.0000	0.0000	0.0000	0.0000	0.0000	0.0000	0.0000	0.0000	0.0000	3.9943	0.0000	0.9974	0.0000	0.0000	0.0000	0.0000	0.0000	0.0000	0.0000	0.0000	0.0000	0.0000	0.0000	0.0000	0.0000	0.0000	0.0000	0.0000	0.0000	0.0000	0.0000	0.0000	0.0000	0.0000	0.0000	0.0000	0.0000	0.0000	0.0000	0.0000	0.0000	0.0000	0.0000	0.0000	0.0000	0.0000	0.0000	0.0000	0.0000	0.0000	0.0000	0.0000	0.0000	0.0000	0.0000	0.0000	0.0000	0.0000	0.0000	0.0000	0.0000	0.0000	0.0000	0.0000	0.0000	0.0000											
8	109	0.0817	6	1	0	2	1	0	0	0	0	N	N	Y	N	N	N	N	N	N	N	N	N	0.0000	0.0000	0.0000	0.0000	0.0000	0.0000	0.0000	0.0000	0.0000	0.0000	0.0000	0.0000	0.0000	0.0000	0.0000	0.0000	0.0000	0.0000	0.0000	0.0000	0.0000	0.0000	0.0000	0.9909	0.0000	0.0000	0.0000	0.0000	0.0000	0.0000	0.0000	0.0000	0.0000	0.0000	0.0000	0.0000	0.0000	0.0000	0.0000	0.0000	0.0000	0.0000	0.0000	0.0000	0.0000	0.0000	0.0000	0.0000	0.0000	0.0000	0.0000	0.0000	0.0000	0.0000	0.0000	0.0000	0.0000	0.0000	0.0000	0.0000	0.0000	0.0000	0.0000	0.0000	0.0000	0.0000	0.0000	0.0000	0.0000	0.0000	0.0000	0.0000	0.0000	0.0000	0.0000	0.0000	0.0000	0.0000											
8	110	0.0530	5	1	0	2	1	0	0	0	0	N	N	Y	N	N	N	N	N	N	N	N	N	0.0000	0.0000	0.0000	0.0000	0.0000	0.0000	0.0000	0.0000	0.0000	0.0000	0.0000	0.0000	0.0000	0.0000	0.0000	0.0000	0.0000	0.0000	0.0000	0.0000	0.0000	4.0000	0.0000	0.0000	0.0000	0.0000	0.0000	0.0000	0.0000	0.0000	0.0000	0.0000	0.0000	0.0000	0.0000	0.0000	0.0000	0.0000	0.0000	0.0000	0.0000	0.0000	0.0000	0.0000	0.0000	0.0000	0.0000	0.0000	0.0000	0.0000	0.0000	0.0000	0.0000	0.0000	0.0000	0.0000	0.0000	0.0000	0.0000	0.0000	0.0000	0.0000	0.0000	0.0000	0.0000	0.0000	0.0000	0.0000	0.0000	0.0000	0.0000	0.0000	0.0000	0.0000	0.0000	0.0000	0.0000	0.0000											
8	112	0.6550	9	0	0	2	1	0	0	0	0	N	N	Y	N	N	N	N	N	N	N	N	N	0.0000	0.0000	0.0000	0.0000	0.0000	0.0000	0.0000	0.0000	0.0000	0.0000	0.0000	0.0000	0.0000	0.0000	0.0000	0.0000	0.0000	0.0000	0.0000	0.0000	0.0000	0.0000	0.0000	0.0001	0.0000	0.0000	0.0000	0.0000	0.0000	0.0000	0.0000	0.0000	0.0000	0.0000	0.0000	0.0000	0.0000	0.0000	0.0000	0.0000	0.0000	0.0000	0.0000	0.0000	0.0000	0.0000	0.0000	0.0000	0.0000	0.0000	0.0000	0.0000	0.0000	0.0000	0.0000	0.0000	0.0000	0.0000	0.0000	0.0000	0.0000	0.0000	0.0000	0.0000	0.0000	0.0000	0.0000	0.0000	0.0000	0.0000	0.0000	0.0000	0.0000	0.0000	0.0000	0.0000	0.0000	0.0000											
8	113	0.6092	8	0	0	2	1	0	0	0	0	N	N	Y	N	N	N	N	N	N	N	N	N	0.0000	0.0000	0.0000	0.0000	0.0000	0.0000	0.0000	0.0000	0.0000	0.0000	0.0000	0.0000	0.0000	0.0000	0.0000	0.0000	0.0000	0.0000	0.0000	0.0000	0.0000	4.0004	0.0000	4.9999	0.0000	0.0000	0.0000	0.0000	0.0000	0.0000	0.0000	0.0000	0.0000	0.0000	0.0000	0.0000	0.0000	0.0000	0.0000	0.0000	0.0000	0.0000	0.0000	0.0000	0.0000	0.0000	0.0000	0.0000	0.0000	0.0000	0.0000	0.0000	0.0000	0.0000	0.0000	0.0000	0.0000	0.0000	0.0000	0.0000	0.0000	0.0000	0.0000	0.0000	0.0000	0.0000	0.0000	0.0000	0.0000	0.0000	0.0000	0.0000	0.0000	0.0000	0.0000	0.0000	0.0000	0.0000											
8	114	0.0204	4	0	1	1	1	0	0	0	0	N	N	N	N	N	N	N	N	N	N	N	N	0.0000	0.0000	0.0000	0.0000	0.0000	0.0000	0.0000	0.0000	0.0000	0.0000	0.0000	0.0000	0.0000	0.0000	0.0000	0.0000	0.0000	0.0000	0.0000	0.0000	0.0000	4.3361	0.0000	4.6323	0.0000	0.0000	0.0000	0.0000	0.0000	0.0000	0.0000	0.0000	0.0000	0.0000	0.0000	0.0000	0.0000	0.0000	0.0000	0.0000	0.0000	0.0000	0.0000	0.0000	0.0000	0.0000	0.0000	0.0000	0.0000	0.0000	0.0000	0.0000	0.0000	0.0000	0.0000	0.0000	0.0000	0.0000	0.0000	0.0000	0.0000	0.0000	0.0000	0.0000	0.0000	0.0000	0.0000	0.0000	0.0000	0.0000	0.0000	0.0000	0.0000	0.0000	0.0000	0.0000	0.0000	0.0000											
8	116	0.6092	8	0	1	1	2	0	0	0	0	N	N	N	Y	N	N	N	N	N	N	N	N	0.0000	0.0000	0.0000	0.0000	0.0000	0.0000	0.0000	0.0000	0.0000	0.0000	0.0000	0.0000	0.0000	0.0000	0.0000	0.0000	0.0000	0.0000	0.0000	0.0000	0.0000	5.0006	0.0000	2.0000	0.0000	0.0000	0.0000	0.0000	0.0000	0.0000	0.0000	0.0000	0.0000	0.0000	0.0000	0.0000	0.0000	0.0000	0.0000	0.0000	0.0000	0.0000	0.0000	0.0000	0.0000	0.0000	0.0000	0.0000	0.0000	0.0000	0.0000	0.0000	0.0000	0.0000	0.0000	0.0000	0.0000	0.0000	0.0000	0.0000	0.0000	0.0000	0.0000	0.0000	0.0000	0.0000	0.0000	0.0000	0.0000	0.0000	0.0000	0.0000	0.0000	0.0000	0.0000	0.0000	0.0000	0.0000											
8	117	0.0530	5	0	1	1	2	0	0	0	0	N	N	N	Y	N	N	N	N	N	N	N	N	0.0000	0.0000	0.0000	0.0000	0.0000	0.0000	0.0000	0.0000	0.0000	0.0000	0.0000	0.0000	0.0000	0.0000	0.0000	0.0000	0.0000	0.0000	0.0000	0.0000	0.0000	0.0000	0.0000	1.0000	0.0000	0.0000	0.0000	0.0000	0.0000	0.0000	0.0000	0.0000	0.0000	0.0000	0.0000	0.0000	0.0000	0.0000	0.0000	0.0000	0.0000	0.0000	0.0000	0.0000	0.0000	0.0000	0.0000	0.0000	0.0000	0.0000	0.0000	0.0000	0.0000	0.0000	0.0000	0.0000	0.0000	0.0000	0.0000	0.0000	0.0000	0.0000	0.0000	0.0000	0.0000	0.0000	0.0000	0.0000	0.0000	0.0000	0.0000	0.0000	0.0000	0.0000	0.0000	0.0000	0.0000	0.0000											
8	118	0.6092	8	0	1	1	1	0	0	0	0	N	N	N	N	N	N	N	N	N	N	N	N	0.0000	0.0000	0.0000	0.0000	0.0000	0.0000	0.0000	0.0000	0.0000	0.0000	0.0000	0.0000	0.0000	0.0000	0.0000	0.0000	0.0000	0.0000	0.0000	0.0000	0.0000	16.9994	0.0000	6.0000	0.0000	0.0000	0.0000	0.0000	0.0000	0.0000	0.0000	0.0000	0.0000	0.0000	0.0000	0.0000	0.0000	0.0000	0.0000	0.0000	0.0000	0.0000	0.0000	0.0000	0.0000	0.0000	0.0000	0.0000	0.0000	0.0000	0.0000	0.0000	0.0000	0.0000	0.0000	0.0000	0.0000	0.0000	0.0000	0.0000	0.0000	0.0000	0.0000	0.0000	0.0000	0.0000	0.0000	0.0000	0.0000	0.0000	0.0000	0.0000	0.0000	0.0000	0.0000	0.0000	0.0000	0.0000											
8	119	0.0530	5	0	1	1	1	0	0	0	0	N	N	N	N	N	N	N	N	N	N	N	N	0.0000	0.0000	0.0000	0.0000	0.0000	0.0000	0.0000	0.0000	0.0000	0.0000	0.0000	0.0000	0.0000	0.0000	0.0000	0.0000	0.0000	0.0000	0.0000	0.0000	0.0000	5.0000	0.0000	6.0000	0.0000	0.0000	0.0000	0.0000	0.0000	0.0000	0.0000	0.0000	0.0000	0.0000	0.0000	0.0000	0.0000	0.0000	0.0000	0.0000	0.0000	0.0000	0.0000	0.0000	0.0000	0.0000	0.0000	0.0000	0.0000	0.0000	0.0000	0.0000	0.0000	0.0000	0.0000	0.0000	0.0000	0.0000	0.0000	0.0000	0.0000	0.0000	0.0000	0.0000	0.0000	0.0000	0.0000	0.0000	0.0000	0.0000	0.0000	0.0000	0.0000	0.0000	0.0000	0.0000	0.0000	0.0000											
8	120	0.0811	6	0	1	1	1	0	0	0	0	N	N	N	N	N	N	N	N	N	N	N	N	0.0000	0.0000	0.0000	0.0000	0.0000	0.0000	0.0000	0.0000	0.0000	0.0000	0.0000	0.0000	0.0000	0.0000	0.0000	0.0000	0.0000	0.0000	0.0000	0.0000	0.0000	0.9998	0.0000	0.9486	0.0000	0.0000	0.0000	0.0000	0.0000	0.0000	0.0000	0.0000	0.0000	0.0000	0.0000	0.0000	0.0000	0.0000	0.0000	0.0000	0.0000	0.0000	0.0000	0.0000	0.0000	0.0000	0.0000	0.0000	0.0000	0.0000	0.0000	0.0000	0.0000	0.0000	0.0000	0.0000	0.0000	0.0000	0.0000	0.0000	0.0000	0.0000	0.0000	0.0000	0.0000	0.0000	0.0000	0.0000	0.0000	0.0000	0.0000	0.0000	0.0000	0.0000	0.0000	0.0000	0.0000	0.0000											
8	121	0.0530	5	0	1	1	1	0	0	0	0	N	N	N	N	N	N	N	N	N	N	N	N	0.0000	0.0000	0.0000	0.0000	0.0000	0.0000	0.0000	0.0000	0.0000	0.0000	0.0000	0.0000	0.0000	0.0000	0.0000	0.0000	0.0000	0.0000	0.0000	0.0000	0.0000	3.0005	0.0000	1.1085	0.0000	0.0000	0.0000	0.0000	0.0000	0.0000	0.0000	0.0000	0.0000	0.0000	0.0000	0.0000	0.0000	0.0000	0.0000	0.0000	0.0000	0.0000	0.0000	0.0000	0.0000	0.0000	0.0000	0.0000	0.0000	0.0000	0.0000	0.0000	0.0000	0.0000	0.0000	0.0000	0.0000	0.0000	0.0000	0.0000	0.0000	0.0000	0.0000	0.0000	0.0000	0.0000	0.0000	0.0000	0.0000	0.0000	0.0000	0.0000	0.0000	0.0000	0.0000	0.0000	0.0000	0.0000											
8	122	0.6504	9	0	1	1	1	0	0	0	0	N	N	N	N	N	N	N	N	N	N	N	N	0.0000	0.0000	0.0000	0.0000	0.0000	0.0000	0.0000	0.0000	0.0000	0.0000	0.0000	0.0000	0.0000	0.0000	0.0000	0.0000	0.0000	0.0000	0.0000	0.0000	0.0000	2.0001	0.0000	3.0000	0.0000	0.0000	0.0000	0.0000	0.0000	0.0000	0.0000	0.0000	0.0000	0.0000	0.0000	0.0000	0.0000	0.0000	0.0000	0.0000	0.0000	0.0000	0.0000	0.0000	0.0000	0.0000	0.0000	0.0000	0.0000	0.0000	0.0000	0.0000	0.0000	0.0000	0.0000	0.0000	0.0000	0.0000	0.0000	0.0000	0.0000	0.0000	0.0000	0.0000	0.0000	0.0000	0.0000	0.0000	0.0000	0.0000	0.0000	0.0000	0.0000	0.0000	0.0000	0.0000	0.0000	0.0000											
8	123	0.6092	8	0	0	1	1	0	0	0	0	N	N	N	N	N	N	N	N	N	N	N	N	0.0000	0.0000	0.0000	0.0000	0.0000	0.0000	0.0000	0.0000	0.0000	0.0000	0.0000	0.0000	0.0000	0.0000	0.0000	0.0000	0.0000	0.0000	0.0000	0.0000	0.0000	6.9986	0.0000	2.0000	0.0000	0.0000	0.0000	0.0000	0.0000	0.0000	0.0000	0.0000	0.0000	0.0000	0.0000	0.0000	0.0000	0.0000	0.0000	0.0000	0.0000	0.0000	0.0000	0.0000	0.0000	0.0000	0.0000	0.0000	0.0000	0.0000	0.0000	0.0000	0.0000	0.0000	0.0000	0.0000	0.0000	0.0000	0.0000	0.0000	0.0000	0.0000	0.0000	0.0000	0.0000	0.0000	0.0000	0.0000	0.0000	0.0000	0.0000	0.0000	0.0000	0.0000	0.0000	0.0000	0.0000	0.0000											
8	124	0.0866	6	0	1	1	1	0	0	0	0	N	N	N	N	N	N	N	N	N	N	N	N	0.0000	0.0000	0.0000	0.0000	0.0000	0.0000	0.0000	0.0000	0.0000	0.0000	0.0000	0.0000	0.0000	0.0000	0.0000	0.0000	0.0000	0.0000	0.0000	0.0000	0.0000	3.9006	0.0000	3.1543	0.0000	0.0000	0.0000	0.0000	0.0000	0.0000	0.0000	0.0000	0.0000	0.0000	0.0000	0.0000	0.0000	0.0000	0.0000	0.0000	0.0000	0.0000	0.0000	0.0000	0.0000	0.0000	0.0000	0.0000	0.0000	0.0000	0.0000	0.0000	0.0000	0.0000	0.0000	0.0000	0.0000	0.0000	0.0000	0.0000	0.0000	0.0000	0.0000	0.0000	0.0000	0.0000	0.0000	0.0000	0.0000	0.0000	0.0000	0.0000	0.0000	0.0000	0.0000	0.0000	0.0000	0.0000											
8	125	0.0530	5	0	1	1	1	0	0	0	0	N	N	N	N	N	N	N	N	N	N	N	N	0.0000	0.0000	0.0000	0.0000	0.0000	0.0000	0.0000	0.0000	0.0000	0.0000	0.0000	0.0000	0.0000	0.0000	0.0000	0.0000	0.0000	0.0000	0.0000	0.0000	0.0000	1.6924	0.0000	1.9110	0.0000	0.0000	0.0000	0.0000	0.0000	0.0000	0.0000	0.0000	0.0000	0.0000	0.0000	0.0000	0.0000	0.0000	0.0000	0.0000	0.0000	0.0000	0.0000	0.0000	0.0000	0.0000	0.0000	0.0000	0.0000	0.0000	0.0000	0.0000	0.0000	0.0000	0.0000	0.0000	0.0000	0.0000	0.0000	0.0000	0.0000	0.0000	0.0000	0.0000	0.0000	0.0000	0.0000	0.0000	0.0000	0.0000	0.0000	0.0000	0.0000	0.0000	0.0000	0.0000	0.0000	0.0000											
8	126	0.6092	8	0	1	1	1	0	0	0	0	N	N	N	N	N	N	N	N	N	N	N	N	0.0000	0.0000	0.0000	0.0000	0.0000	0.0000	0.0000	0.0000	0.0000	0.0000	0.0000	0.0000	0.0000	0.0000	0.0000	0.0000	0.0000	0.0000	0.0000	0.0000	0.0000	0.9996	0.0000	8.0005	0.0000	0.0000	0.0000	0.0000	0.0000	0.0000	0.0000	0.0000	0.0000	0.0000	0.0000	0.0000	0.0000	0.0000	0.0000	0.0000	0.0000	0.0000	0.0000	0.0000	0.0000	0.0000	0.0000	0.0000	0.0000	0.0000	0.0000	0.0000	0.0000	0.0000	0.0000	0.0000	0.0000	0.0000	0.0000	0.0000	0.0000	0.0000	0.0000	0.0000	0.0000	0.0000	0.0000	0.0000	0.0000	0.0000	0.0000	0.0000	0.0000	0.0000	0.0000	0.0000	0.0000	0.0000											
8	127	0.5146	8	0	0	1	1	0	0	0	0	N	N	N	N	N	N	N	N	N	N	N	N	0.0000	0.0000	0.0000	0.0000	0.0000	0.0000	0.0000	0.0000	0.0000	0.0000	0.0000	0.0000	0.0000	0.0000	0.0000	0.0000	0.0000	0.0000	0.0000	0.0000	0.0000	3.6536	0.0000	12.3970	0.0000	0.0000	0.0000	0.0000	0.0000	0.0000	0.0000	0.0000	0.0000	0.0000	0.0000	0.0000	0.0000	0.0000	0.0000	0.0000	0.0000	0.0000	0.0000	0.0000	0.0000	0.0000	0.0000	0.0000	0.0000	0.0000	0.0000	0.0000	0.0000	0.0000	0.0000	0.0000	0.0000	0.0000	0.0000	0.0000	0.0000	0.0000	0.0000	0.0000	0.0000	0.0000	0.0000	0.0000	0.0000	0.0000	0.0000	0.0000	0.0000	0.0000	0.0000	0.0000	0.0000	0.0000											
8	128	0.3034	6	0	0	1	1	0	0	0	0	N	N	N	N	N	N	N	N	N	N	N	N	0.0000	0.0000	0.0000	0.0000	0.0000	0.0000	0.0000	0.0000	0.0000	0.0000	0.0000	0.0000	0.0000	0.0000	0.0000	0.0000	0.0000	0.0000	0.0000	0.0000	0.0000	5.3495	0.0000	12.4099	0.0000	0.0000	0.0000	0.0000	0.0000	0.0000	0.0000	0.0000	0.0000	0.0000	0.0000	0.0000	0.0000	0.0000	0.0000	0.0000	0.0000	0.0000	0.0000	0.0000	0.0000	0.0000	0.0000	0.0000	0.0000	0.0000	0.0000	0.0000	0.0000	0.0000	0.0000	0.0000	0.0000	0.0000	0.0000	0.0000	0.0000	0.0000	0.0000	0.0000	0.0000	0.0000	0.0000	0.0000	0.0000	0.0000	0.0000	0.0000	0.0000	0.0000	0.0000	0.0000	0.0000	0.0000											
8	129	0.7206	14	0	1	1	2	0	0	0	0	N	N	N	Y	N	N	N	N	N	N	N	N	0.0000	0.0000	0.0000	0.0000	0.0000	0.0000	0.0000	0.0000	0.0000	0.0000	0.0000	0.0000	0.0000	0.0000	0.0000	0.0000	0.0000	0.0000	0.0000	0.0000	0.0000	0.0000	0.0000	0.0000	0.0000	0.0000	0.0000	0.0000	0.0000	0.0000	0.0000	0.0000	0.0000	0.0000	0.0000	0.0000	0.0000	0.0000	0.0000	0.0000	0.0000	0.0000	0.0000	0.0000	0.0000	0.0000	0.0000	0.0000	0.0000	0.0000	0.0000	0.0000	0.0000	0.0000	0.0000	0.0000	0.0000	0.0000	0.0000	0.0000	0.0000	0.0000	0.0000	0.0000	0.0000	0.0000	0.0000	0.0000	0.0000	0.0000	0.0000	0.0000	0.0000	0.0000	0.0000	0.0000	0.0000	0.0000											
8	130	0.7043	13	0	1	1	2	0	0	0	0	N	N	N	Y	N	N	N	N	N	N	N	N	0.0000	0.0000	0.0000	0.0000	0.0000	0.0000	0.0000	0.0000	0.0000	0.0000	0.0000	0.0000	0.0000	0.0000	0.0000	0.0000	0.0000	0.0000	0.0000	0.0000	0.0000	0.0000	0.0000	3.0001	0.0000	0.0000	0.0000	0.0000	0.0000	0.0000	0.0000	0.0000	0.0000	0.0000	0.0000	0.0000	0.0000	0.0000	0.0000	0.0000	0.0000	0.0000	0.0000	0.0000	0.0000	0.0000	0.0000	0.0000	0.0000	0.0000	0.0000	0.0000	0.0000	0.0000	0.0000	0.0000	0.0000	0.0000	0.0000	0.0000	0.0000	0.0000	0.0000	0.0000	0.0000	0.0000	0.0000	0.0000	0.0000	0.0000	0.0000	0.0000	0.0000	0.0000	0.0000	0.0000	0.0000	0.0000											
8	131	0.6947	12	0	1	1	1	0	0	0	0	N	N	N	N	N	N	N	N	N	N	N	N	0.0000	0.0000	0.0000	0.0000	0.0000	0.0000	0.0000	0.0000	0.0000	0.0000	0.0000	0.0000	0.0000	0.0000	0.0000	0.0000	0.0000	0.0000	0.0000	0.0000	0.0000	0.0000	0.0000	0.0000	0.0000	0.0000	0.0000	0.0000	0.0000	0.0000	0.0000	0.0000	0.0000	0.0000	0.0000	0.0000	0.0000	0.0000	0.0000	0.0000	0.0000	0.0000	0.0000	0.0000	0.0000	0.0000	0.0000	0.0000	0.0000	0.0000	0.0000	0.0000	0.0000	0.0000	0.0000	0.0000	0.0000	0.0000	0.0000	0.0000	0.0000	0.0000	0.0000	0.0000	0.0000	0.0000	0.0000	0.0000	0.0000	0.0000	0.0000	0.0000	0.0000	0.0000	0.0000	0.0000	0.0000	0.0000											
8	132	0.7043	13	0	0	2	2	0	0	0	0	N	N	Y	Y	N	N	N	N	N	N	N	N	0.0000	0.0000	0.0000	0.0000	0.0000	0.0000	0.0000	0.0000	0.0000	0.0000	0.0000	0.0000	0.0000	0.0000	0.0000	0.0000	0.0000	0.0000	0.0000	0.0000	0.0000	0.0000	0.0000	1.9999	0.0000	0.0000	0.0000	0.0000	0.0000	0.0000	0.0000	0.0000	0.0000	0.0000	0.0000	0.0000	0.0000	0.0000	0.0000	0.0000	0.0000	0.0000	0.0000	0.0000	0.0000	0.0000	0.0000	0.0000	0.0000	0.0000	0.0000	0.0000	0.0000	0.0000	0.0000	0.0000	0.0000	0.0000	0.0000	0.0000	0.0000	0.0000	0.0000	0.0000	0.0000	0.0000	0.0000	0.0000	0.0000	0.0000	0.0000	0.0000	0.0000	0.0000	0.0000	0.0000	0.0000	0.0000											
8	133	0.7154	14	0	0	2	2	0	0	0	0	N	N	Y	Y	N	N	N	N	N	N	N	N	0.0000	0.0000	0.0000	0.0000	0.0000	0.0000	0.0000	0.0000	0.0000	0.0000	0.0000	0.0000	0.0000	0.0000	0.0000	0.0000	0.0000	0.0000	0.0000	0.0000	0.0000	1.0000	0.0000	0.0000	0.0000	0.0000	0.0000	0.0000	0.0000	0.0000	0.0000	0.0000	0.0000	0.0000	0.0000	0.0000	0.0000	0.0000	0.0000	0.0000	0.0000	0.0000	0.0000	0.0000	0.0000	0.0000	0.0000	0.0000	0.0000	0.0000	0.0000	0.0000	0.0000	0.0000	0.0000	0.0000	0.0000	0.0000	0.0000	0.0000	0.0000	0.0000	0.0000	0.0000	0.0000	0.0000	0.0000	0.0000	0.0000	0.0000	0.0000	0.0000	0.0000	0.0000	0.0000	0.0000	0.0000	0.0000											
8	134	0.7154	14	0	0	2	2	0	0	0	0	N	N	Y	Y	N	N	N	N	N	N	N	N	0.0000	0.0000	0.0000	0.0000	0.0000	0.0000	0.0000	0.0000	0.0000	0.0000	0.0000	0.0000	0.0000	0.0000	0.0000	0.0000	0.0000	0.0000	0.0000	0.0000	0.0000	0.0000	0.0000	0.0000	0.0000	0.0000	0.0000	0.0000	0.0000	0.0000	0.0000	0.0000	0.0000	0.0000	0.0000	0.0000	0.0000	0.0000	0.0000	0.0000	0.0000	0.0000	0.0000	0.0000	0.0000	0.0000	0.0000	0.0000	0.0000	0.0000	0.0000	0.0000	0.0000	0.0000	0.0000	0.0000	0.0000	0.0000	0.0000	0.0000	0.0000	0.0000	0.0000	0.0000	0.0000	0.0000	0.0000	0.0000	0.0000	0.0000	0.0000	0.0000	0.0000	0.0000	0.0000	0.0000	0.0000	0.0000											
8	135	0.7043	13	0	0	2	2	0	0	0	0	N	N	Y	Y	N	N	N	N	N	N	N	N	0.0000	0.0000	0.0000	0.0000	0.0000	0.0000	0.0000	0.0000	0.0000	0.0000	0.0000	0.0000	0.0000	0.0000	0.0000	0.0000	0.0000	0.0000	0.0000	0.0000	0.0000	2.0025	0.0000	0.9943	0.0000	0.0000	0.0000	0.0000	0.0000	0.0000	0.0000	0.0000	0.0000	0.0000	0.0000	0.0000	0.0000	0.0000	0.0000	0.0000	0.0000	0.0000	0.0000	0.0000	0.0000	0.0000	0.0000	0.0000	0.0000	0.0000	0.0000	0.0000	0.0000	0.0000	0.0000	0.0000	0.0000	0.0000	0.0000	0.0000	0.0000	0.0000	0.0000	0.0000	0.0000	0.0000	0.0000	0.0000	0.0000	0.0000	0.0000	0.0000	0.0000	0.0000	0.0000	0.0000	0.0000	0.0000											
8	136	0.7043	12	0	0	1	2	0	0	0	0	N	N	N	Y	N	N	N	N	N	N	N	N	0.0000	0.0000	0.0000	0.0000	0.0000	0.0000	0.0000	0.0000	0.0000	0.0000	0.0000	0.0000	0.0000	0.0000	0.0000	0.0000	0.0000	0.0000	0.0000	0.0000	0.0000	0.0050	0.0000	0.0173	0.0000	0.0000	0.0000	0.0000	0.0000	0.0000	0.0000	0.0000	0.0000	0.0000	0.0000	0.0000	0.0000	0.0000	0.0000	0.0000	0.0000	0.0000	0.0000	0.0000	0.0000	0.0000	0.0000	0.0000	0.0000	0.0000	0.0000	0.0000	0.0000	0.0000	0.0000	0.0000	0.0000	0.0000	0.0000	0.0000	0.0000	0.0000	0.0000	0.0000	0.0000	0.0000	0.0000	0.0000	0.0000	0.0000	0.0000	0.0000	0.0000	0.0000	0.0000	0.0000	0.0000	0.0000											
8	137	0.6947	11	0	0	1	2	0	0	0	0	N	N	N	Y	N	N	N	N	N	N	N	N	0.0000	0.0000	0.0000	0.0000	0.0000	0.0000	0.0000	0.0000	0.0000	0.0000	0.0000	0.0000	0.0000	0.0000	0.0000	0.0000	0.0000	0.0000	0.0000	0.0000	0.0000	1.9972	0.0000	1.0076	0.0000	0.0000	0.0000	0.0000	0.0000	0.0000	0.0000	0.0000	0.0000	0.0000	0.0000	0.0000	0.0000	0.0000	0.0000	0.0000	0.0000	0.0000	0.0000	0.0000	0.0000	0.0000	0.0000	0.0000	0.0000	0.0000	0.0000	0.0000	0.0000	0.0000	0.0000	0.0000	0.0000	0.0000	0.0000	0.0000	0.0000	0.0000	0.0000	0.0000	0.0000	0.0000	0.0000	0.0000	0.0000	0.0000	0.0000	0.0000	0.0000	0.0000	0.0000	0.0000	0.0000	0.0000											
8	138	0.6774	10	1	1	1	1	0	0	0	0	N	N	N	N	N	N	N	N	N	N	N	N	0.0000	0.0000	0.0000	0.0000	0.0000	0.0000	0.0000	0.0000	0.0000	0.0000	0.0000	0.0000	0.0000	0.0000	0.0000	0.0000	0.0000	0.0000	0.0000	0.0000	0.0000	0.0002	0.0000	2.3255	0.0000	0.0000	0.0000	0.0000	0.0000	0.0000	0.0000	0.0000	0.0000	0.0000	0.0000	0.0000	0.0000	0.0000	0.0000	0.0000	0.0000	0.0000	0.0000	0.0000	0.0000	0.0000	0.0000	0.0000	0.0000	0.0000	0.0000	0.0000	0.0000	0.0000	0.0000	0.0000	0.0000	0.0000	0.0000	0.0000	0.0000	0.0000	0.0000	0.0000	0.0000	0.0000	0.0000	0.0000	0.0000	0.0000	0.0000	0.0000	0.0000	0.0000	0.0000	0.0000	0.0000	0.0000											
8	139	0.6595	9	1	1	1	1	0	0	0	0	N	N	N	N	N	N	N	N	N	N	N	N	0.0000	0.0000	0.0000	0.0000	0.0000	0.0000	0.0000	0.0000	0.0000	0.0000	0.0000	0.0000	0.0000	0.0000	0.0000	0.0000	0.0000	0.0000	0.0000	0.0000	0.0000	2.0138	0.0000	2.7349	0.0000	0.0000	0.0000	0.0000	0.0000	0.0000	0.0000	0.0000	0.0000	0.0000	0.0000	0.0000	0.0000	0.0000	0.0000	0.0000	0.0000	0.0000	0.0000	0.0000	0.0000	0.0000	0.0000	0.0000	0.0000	0.0000	0.0000	0.0000	0.0000	0.0000	0.0000	0.0000	0.0000	0.0000	0.0000	0.0000	0.0000	0.0000	0.0000	0.0000	0.0000	0.0000	0.0000	0.0000	0.0000	0.0000	0.0000	0.0000	0.0000	0.0000	0.0000	0.0000	0.0000	0.0000											
8	140	0.6761	10	0	1	1	1	0	0	0	0	N	N	N	N	N	N	N	N	N	N	N	N	0.0000	0.0000	0.0000	0.0000	0.0000	0.0000	0.0000	0.0000	0.0000	0.0000	0.0000	0.0000	0.0000	0.0000	0.0000	0.0000	0.0000	0.0000	0.0000	0.0000	0.0000	1.9232	0.0000	1.1116	0.0000	0.0000	0.0000	0.0000	0.0000	0.0000	0.0000	0.0000	0.0000	0.0000	0.0000	0.0000	0.0000	0.0000	0.0000	0.0000	0.0000	0.0000	0.0000	0.0000	0.0000	0.0000	0.0000	0.0000	0.0000	0.0000	0.0000	0.0000	0.0000	0.0000	0.0000	0.0000	0.0000	0.0000	0.0000	0.0000	0.0000	0.0000	0.0000	0.0000	0.0000	0.0000	0.0000	0.0000	0.0000	0.0000	0.0000	0.0000	0.0000	0.0000	0.0000	0.0000	0.0000	0.0000											
8	141	0.0723	6	0	1	1	1	0	0	0	0	N	N	N	N	N	N	N	N	N	N	N	N	0.0000	0.0000	0.0000	0.0000	0.0000	0.0000	0.0000	0.0000	0.0000	0.0000	0.0000	0.0000	0.0000	0.0000	0.0000	0.0000	0.0000	0.0000	0.0000	0.0000	0.0000	3.0000	0.0000	1.0000	0.0000	0.0000	0.0000	0.0000	0.0000	0.0000	0.0000	0.0000	0.0000	0.0000	0.0000	0.0000	0.0000	0.0000	0.0000	0.0000	0.0000	0.0000	0.0000	0.0000	0.0000	0.0000	0.0000	0.0000	0.0000	0.0000	0.0000	0.0000	0.0000	0.0000	0.0000	0.0000	0.0000	0.0000	0.0000	0.0000	0.0000	0.0000	0.0000	0.0000	0.0000	0.0000	0.0000	0.0000	0.0000	0.0000	0.0000	0.0000	0.0000	0.0000	0.0000	0.0000	0.0000	0.0000											
8	142	0.0530	5	0	0	1	1	0	0	0	0	N	N	N	N	N	N	N	N	N	N	N	N	0.0000	0.0000	0.0000	0.0000	0.0000	0.0000	0.0000	0.0000	0.0000	0.0000	0.0000	0.0000	0.0000	0.0000	0.0000	0.0000	0.0000	0.0000	0.0000	0.0000	0.0000	1.0000	0.0000	1.0000	0.0000	0.0000	0.0000	0.0000	0.0000	0.0000	0.0000	0.0000	0.0000	0.0000	0.0000	0.0000	0.0000	0.0000	0.0000	0.0000	0.0000	0.0000	0.0000	0.0000	0.0000	0.0000	0.0000	0.0000	0.0000	0.0000	0.0000	0.0000	0.0000	0.0000	0.0000	0.0000	0.0000	0.0000	0.0000	0.0000	0.0000	0.0000	0.0000	0.0000	0.0000	0.0000	0.0000	0.0000	0.0000	0.0000	0.0000	0.0000	0.0000	0.0000	0.0000	0.0000	0.0000	0.0000											
8	145	0.6947	12	1	1	1	1	0	0	0	0	N	N	N	N	N	N	N	N	N	N	N	N	0.0000	0.0000	0.0000	0.0000	0.0000	0.0000	0.0000	0.0000	0.0000	0.0000	0.0000	0.0000	0.0000	0.0000	0.0000	0.0000	0.0000	0.0000	0.0000	0.0000	0.0000	1.0000	0.0000	1.0000	0.0000	0.0000	0.0000	0.0000	0.0000	0.0000	0.0000	0.0000	0.0000	0.0000	0.0000	0.0000	0.0000	0.0000	0.0000	0.0000	0.0000	0.0000	0.0000	0.0000	0.0000	0.0000	0.0000	0.0000	0.0000	0.0000	0.0000	0.0000	0.0000	0.0000	0.0000	0.0000	0.0000	0.0000	0.0000	0.0000	0.0000	0.0000	0.0000	0.0000	0.0000	0.0000	0.0000	0.0000	0.0000	0.0000	0.0000	0.0000	0.0000	0.0000	0.0000	0.0000	0.0000	0.0000											
8	146	0.6947	11	0	1	1	1	0	0	0	0	N	N	N	N	N	N	N	N	N	N	N	N	0.0000	0.0000	0.0000	0.0000	0.0000	0.0000	0.0000	0.0000	0.0000	0.0000	0.0000	0.0000	0.0000	0.0000	0.0000	0.0000	0.0000	0.0000	0.0000	0.0000	0.0000	0.0003	0.0000	0.0000	0.0000	0.0000	0.0000	0.0000	0.0000	0.0000	0.0000	0.0000	0.0000	0.0000	0.0000	0.0000	0.0000	0.0000	0.0000	0.0000	0.0000	0.0000	0.0000	0.0000	0.0000	0.0000	0.0000	0.0000	0.0000	0.0000	0.0000	0.0000	0.0000	0.0000	0.0000	0.0000	0.0000	0.0000	0.0000	0.0000	0.0000	0.0000	0.0000	0.0000	0.0000	0.0000	0.0000	0.0000	0.0000	0.0000	0.0000	0.0000	0.0000	0.0000	0.0000	0.0000	0.0000	0.0000											
8	147	0.6761	10	0	0	1	1	0	0	0	0	N	N	N	N	N	N	N	N	N	N	N	N	0.0000	0.0000	0.0000	0.0000	0.0000	0.0000	0.0000	0.0000	0.0000	0.0000	0.0000	0.0000	0.0000	0.0000	0.0000	0.0000	0.0000	0.0000	0.0000	0.0000	0.0000	4.9449	0.0000	1.0063	0.0000	0.0000	0.0000	0.0000	0.0000	0.0000	0.0000	0.0000	0.0000	0.0000	0.0000	0.0000	0.0000	0.0000	0.0000	0.0000	0.0000	0.0000	0.0000	0.0000	0.0000	0.0000	0.0000	0.0000	0.0000	0.0000	0.0000	0.0000	0.0000	0.0000	0.0000	0.0000	0.0000	0.0000	0.0000	0.0000	0.0000	0.0000	0.0000	0.0000	0.0000	0.0000	0.0000	0.0000	0.0000	0.0000	0.0000	0.0000	0.0000	0.0000	0.0000	0.0000	0.0000	0.0000											
8	148	0.6595	9	0	0	1	1	0	0	0	0	N	N	N	N	N	N	N	N	N	N	N	N	0.0000	0.0000	0.0000	0.0000	0.0000	0.0000	0.0000	0.0000	0.0000	0.0000	0.0000	0.0000	0.0000	0.0000	0.0000	0.0000	0.0000	0.0000	0.0000	0.0000	0.0000	3.4778	0.0000	1.2917	0.0000	0.0000	0.0000	0.0000	0.0000	0.0000	0.0000	0.0000	0.0000	0.0000	0.0000	0.0000	0.0000	0.0000	0.0000	0.0000	0.0000	0.0000	0.0000	0.0000	0.0000	0.0000	0.0000	0.0000	0.0000	0.0000	0.0000	0.0000	0.0000	0.0000	0.0000	0.0000	0.0000	0.0000	0.0000	0.0000	0.0000	0.0000	0.0000	0.0000	0.0000	0.0000	0.0000	0.0000	0.0000	0.0000	0.0000	0.0000	0.0000	0.0000	0.0000	0.0000	0.0000	0.0000											
8	149	0.6092	8	0	0	1	1	0	0	0	0	N	N	N	N	N	N	N	N	N	N	N	N	0.0000	0.0000	0.0000	0.0000	0.0000	0.0000	0.0000	0.0000	0.0000	0.0000	0.0000	0.0000	0.0000	0.0000	0.0000	0.0000	0.0000	0.0000	0.0000	0.0000	0.0000	7.8050	0.0000	4.0035	0.0000	0.0000	0.0000	0.0000	0.0000	0.0000	0.0000	0.0000	0.0000	0.0000	0.0000	0.0000	0.0000	0.0000	0.0000	0.0000	0.0000	0.0000	0.0000	0.0000	0.0000	0.0000	0.0000	0.0000	0.0000	0.0000	0.0000	0.0000	0.0000	0.0000	0.0000	0.0000	0.0000	0.0000	0.0000	0.0000	0.0000	0.0000	0.0000	0.0000	0.0000	0.0000	0.0000	0.0000	0.0000	0.0000	0.0000	0.0000	0.0000	0.0000	0.0000	0.0000	0.0000	0.0000											
8	150	0.5146	8	0	0	1	1	0	0	0	0	N	N	N	N	N	N	N	N	N	N	N	N	0.0000	0.0000	0.0000	0.0000	0.0000	0.0000	0.0000	0.0000	0.0000	0.0000	0.0000	0.0000	0.0000	0.0000	0.0000	0.0000	0.0000	0.0000	0.0000	0.0000	0.0000	3.7255	0.0000	14.1767	0.0000	0.0000	0.0000	0.0000	0.0000	0.0000	0.0000	0.0000	0.0000	0.0000	0.0000	0.0000	0.0000	0.0000	0.0000	0.0000	0.0000	0.0000	0.0000	0.0000	0.0000	0.0000	0.0000	0.0000	0.0000	0.0000	0.0000	0.0000	0.0000	0.0000	0.0000	0.0000	0.0000	0.0000	0.0000	0.0000	0.0000	0.0000	0.0000	0.0000	0.0000	0.0000	0.0000	0.0000	0.0000	0.0000	0.0000	0.0000	0.0000	0.0000	0.0000	0.0000	0.0000	0.0000											
8	151	0.4982	7	0	0	1	1	0	0	0	0	N	N	N	N	N	N	N	N	N	N	N	N	0.0000	0.0000	0.0000	0.0000	0.0000	0.0000	0.0000	0.0000	0.0000	0.0000	0.0000	0.0000	0.0000	0.0000	0.0000	0.0000	0.0000	0.0000	0.0000	0.0000	0.0000	1.4205	0.0000	4.0377	0.0000	0.0000	0.0000	0.0000	0.0000	0.0000	0.0000	0.0000	0.0000	0.0000	0.0000	0.0000	0.0000	0.0000	0.0000	0.0000	0.0000	0.0000	0.0000	0.0000	0.0000	0.0000	0.0000	0.0000	0.0000	0.0000	0.0000	0.0000	0.0000	0.0000	0.0000	0.0000	0.0000	0.0000	0.0000	0.0000	0.0000	0.0000	0.0000	0.0000	0.0000	0.0000	0.0000	0.0000	0.0000	0.0000	0.0000	0.0000	0.0000	0.0000	0.0000	0.0000	0.0000	0.0000											
9	10	0.6504	9	1	1	1	1	0	0	0	0	N	N	N	N	N	N	N	N	N	N	N	N	0.0000	0.0000	0.0000	0.0000	0.0000	0.0000	0.0000	0.0000	0.0000	0.0000	0.0000	0.0000	0.0000	0.0000	0.0000	0.0000	0.0000	0.0000	0.0000	0.0000	0.0000	0.0266	2.0000	2.0614	0.0000	0.0000	0.0000	0.0000	0.0000	0.0000	0.0000	0.0000	0.0000	0.0000	0.0000	0.0000	0.0000	0.0000	0.0000	0.0000	0.0000	0.0000	0.0000	0.0000	0.0000	0.0000	0.0000	0.0000	0.0000	0.0000	0.0000	0.0092	0.0050	0.0042	0.0040	0.0035	0.0005	0.0052	0.0015	0.0037	0.0000	0.0000	0.0000	0.0000	0.0000	0.0000	0.0000	0.0000	0.0000	0.0000	0.0000	0.0000	0.0000	0.0000	0.0000	0.0000	0.0000	0.0000											
9	11	0.1074	6	1	1	1	1	0	0	0	0	N	N	N	N	N	N	N	N	N	N	N	N	0.0000	0.0000	0.0000	0.0000	0.0000	0.0000	0.0000	0.0000	0.0000	0.0000	0.0000	0.0000	0.0000	0.0000	0.0000	0.0000	0.0000	0.0000	0.0000	0.0000	0.0000	6.9996	2.0000	1.0001	0.0000	0.0000	0.0000	0.0000	0.0000	0.0000	0.0000	0.0000	0.0000	0.0000	0.0000	0.0000	0.0000	0.0000	0.0000	0.0000	0.0000	0.0000	0.0000	0.0000	0.0000	0.0000	0.0000	0.0000	0.0000	0.0000	0.0000	0.0274	0.0130	0.0144	0.0022	0.0019	0.0004	0.0252	0.0112	0.0140	0.0000	0.0000	0.0000	0.0000	0.0000	0.0000	0.0000	0.0000	0.0000	0.0000	0.0000	0.0000	0.0000	0.0000	0.0000	0.0000	0.0000	0.0000											
9	12	0.6509	9	1	0	2	1	0	0	0	0	N	N	Y	N	N	N	N	N	N	N	N	N	0.0000	0.0000	0.0000	0.0000	0.0000	0.0000	0.0000	0.0000	0.0000	0.0000	0.0000	0.0000	0.0000	0.0000	0.0000	0.0000	0.0000	0.0000	0.0000	0.0000	0.0000	0.0000	2.0000	1.0091	0.0000	0.0000	0.0000	0.0000	0.0000	0.0000	0.0000	0.0000	0.0000	0.0000	0.0000	0.0000	0.0000	0.0000	0.0000	0.0000	0.0000	0.0000	0.0000	0.0000	0.0000	0.0000	0.0000	0.0000	0.0000	0.0000	0.0000	0.0033	0.0019	0.0014	0.0015	0.0013	0.0002	0.0018	0.0006	0.0012	0.0000	0.0000	0.0000	0.0000	0.0000	0.0000	0.0000	0.0000	0.0000	0.0000	0.0000	0.0000	0.0000	0.0000	0.0000	0.0000	0.0000	0.0000											
9	13	0.1286	10	1	0	2	1	0	0	0	0	N	N	Y	N	N	N	N	N	N	N	N	N	0.0000	0.0000	0.0000	0.0000	0.0000	0.0000	0.0000	0.0000	0.0000	0.0000	0.0000	0.0000	0.0000	0.0000	0.0000	0.0000	0.0000	0.0000	0.0000	0.0000	0.0000	0.0000	2.0000	0.0000	0.0000	0.0000	0.0000	0.0000	0.0000	0.0000	0.0000	0.0000	0.0000	0.0000	0.0000	0.0000	0.0000	0.0000	0.0000	0.0000	0.0000	0.0000	0.0000	0.0000	0.0000	0.0000	0.0000	0.0000	0.0000	0.0000	0.0000	0.0000	0.0000	0.0000	0.0000	0.0000	0.0000	0.0000	0.0000	0.0000	0.0000	0.0000	0.0000	0.0000	0.0000	0.0000	0.0000	0.0000	0.0000	0.0000	0.0000	0.0000	0.0000	0.0000	0.0000	0.0000	0.0000	0.0000											
9	14	0.1286	9	1	0	2	1	0	0	0	0	N	N	Y	N	N	N	N	N	N	N	N	N	0.0000	0.0000	0.0000	0.0000	0.0000	0.0000	0.0000	0.0000	0.0000	0.0000	0.0000	0.0000	0.0000	0.0000	0.0000	0.0000	0.0000	0.0000	0.0000	0.0000	0.0000	0.0000	2.0000	0.0000	0.0000	0.0000	0.0000	0.0000	0.0000	0.0000	0.0000	0.0000	0.0000	0.0000	0.0000	0.0000	0.0000	0.0000	0.0000	0.0000	0.0000	0.0000	0.0000	0.0000	0.0000	0.0000	0.0000	0.0000	0.0000	0.0000	0.0000	0.0000	0.0000	0.0000	0.0000	0.0000	0.0000	0.0000	0.0000	0.0000	0.0000	0.0000	0.0000	0.0000	0.0000	0.0000	0.0000	0.0000	0.0000	0.0000	0.0000	0.0000	0.0000	0.0000	0.0000	0.0000	0.0000	0.0000											
9	15	0.6708	10	1	1	1	2	0	0	0	0	N	N	N	Y	N	N	N	N	N	N	N	N	0.0000	0.0000	0.0000	0.0000	0.0000	0.0000	0.0000	0.0000	0.0000	0.0000	0.0000	0.0000	0.0000	0.0000	0.0000	0.0000	0.0000	0.0000	0.0000	0.0000	0.0000	1.0049	2.0000	0.9915	0.0000	0.0000	0.0000	0.0000	0.0000	0.0000	0.0000	0.0000	0.0000	0.0000	0.0000	0.0000	0.0000	0.0000	0.0000	0.0000	0.0000	0.0000	0.0000	0.0000	0.0000	0.0000	0.0000	0.0000	0.0000	0.0000	0.0000	0.0065	0.0033	0.0032	0.0023	0.0020	0.0004	0.0041	0.0013	0.0028	0.0000	0.0000	0.0000	0.0000	0.0000	0.0000	0.0000	0.0000	0.0000	0.0000	0.0000	0.0000	0.0000	0.0000	0.0000	0.0000	0.0000	0.0000											
9	16	0.1613	9	1	1	1	2	0	0	0	0	N	N	N	Y	N	N	N	N	N	N	N	N	0.0000	0.0000	0.0000	0.0000	0.0000	0.0000	0.0000	0.0000	0.0000	0.0000	0.0000	0.0000	0.0000	0.0000	0.0000	0.0000	0.0000	0.0000	0.0000	0.0000	0.0000	2.0025	2.0000	0.0085	0.0000	0.0000	0.0000	0.0000	0.0000	0.0000	0.0000	0.0000	0.0000	0.0000	0.0000	0.0000	0.0000	0.0000	0.0000	0.0000	0.0000	0.0000	0.0000	0.0000	0.0000	0.0000	0.0000	0.0000	0.0000	0.0000	0.0000	0.0060	0.0028	0.0033	0.0007	0.0006	0.0001	0.0054	0.0022	0.0032	0.0000	0.0000	0.0000	0.0000	0.0000	0.0000	0.0000	0.0000	0.0000	0.0000	0.0000	0.0000	0.0000	0.0000	0.0000	0.0000	0.0000	0.0000											
9	17	0.6570	11	1	0	2	1	0	0	0	0	N	N	Y	N	N	N	N	N	N	N	N	N	0.0000	0.0000	0.0000	0.0000	0.0000	0.0000	0.0000	0.0000	0.0000	0.0000	0.0000	0.0000	0.0000	0.0000	0.0000	0.0000	0.0000	0.0000	0.0000	0.0000	0.0000	0.0000	2.0000	0.0000	0.0000	0.0000	0.0000	0.0000	0.0000	0.0000	0.0000	0.0000	0.0000	0.0000	0.0000	0.0000	0.0000	0.0000	0.0000	0.0000	0.0000	0.0000	0.0000	0.0000	0.0000	0.0000	0.0000	0.0000	0.0000	0.0000	0.0000	0.0000	0.0000	0.0000	0.0000	0.0000	0.0000	0.0000	0.0000	0.0000	0.0000	0.0000	0.0000	0.0000	0.0000	0.0000	0.0000	0.0000	0.0000	0.0000	0.0000	0.0000	0.0000	0.0000	0.0000	0.0000	0.0000	0.0000											
9	18	0.1120	6	0	0	2	1	0	0	0	0	N	N	Y	N	N	N	N	N	N	N	N	N	0.0000	0.0000	0.0000	0.0000	0.0000	0.0000	0.0000	0.0000	0.0000	0.0000	0.0000	0.0000	0.0000	0.0000	0.0000	0.0000	0.0000	0.0000	0.0000	0.0000	0.0000	0.0000	2.0000	0.0000	0.0000	0.0000	0.0000	0.0000	0.0000	0.0000	0.0000	0.0000	0.0000	0.0000	0.0000	0.0000	0.0000	0.0000	0.0000	0.0000	0.0000	0.0000	0.0000	0.0000	0.0000	0.0000	0.0000	0.0000	0.0000	0.0000	0.0000	0.0000	0.0000	0.0000	0.0000	0.0000	0.0000	0.0000	0.0000	0.0000	0.0000	0.0000	0.0000	0.0000	0.0000	0.0000	0.0000	0.0000	0.0000	0.0000	0.0000	0.0000	0.0000	0.0000	0.0000	0.0000	0.0000	0.0000											
9	19	0.6223	8	1	1	1	1	0	0	0	0	N	N	N	N	N	N	N	N	N	N	N	N	0.0000	0.0000	0.0000	0.0000	0.0000	0.0000	0.0000	0.0000	0.0000	0.0000	0.0000	0.0000	0.0000	0.0000	0.0000	0.0000	0.0000	0.0000	0.0000	0.0000	0.0000	3.0000	2.0000	0.0000	0.0000	0.0000	0.0000	0.0000	0.0000	0.0000	0.0000	0.0000	0.0000	0.0000	0.0000	0.0000	0.0000	0.0000	0.0000	0.0000	0.0000	0.0000	0.0000	0.0000	0.0000	0.0000	0.0000	0.0000	0.0000	0.0000	0.0000	0.0052	0.0027	0.0025	0.0019	0.0016	0.0003	0.0033	0.0011	0.0022	0.0000	0.0000	0.0000	0.0000	0.0000	0.0000	0.0000	0.0000	0.0000	0.0000	0.0000	0.0000	0.0000	0.0000	0.0000	0.0000	0.0000	0.0000											
9	20	0.6447	9	0	1	1	1	0	0	0	0	N	N	N	N	N	N	N	N	N	N	N	N	0.0000	0.0000	0.0000	0.0000	0.0000	0.0000	0.0000	0.0000	0.0000	0.0000	0.0000	0.0000	0.0000	0.0000	0.0000	0.0000	0.0000	0.0000	0.0000	0.0000	0.0000	0.0000	2.0000	1.0000	0.0000	0.0000	0.0000	0.0000	0.0000	0.0000	0.0000	0.0000	0.0000	0.0000	0.0000	0.0000	0.0000	0.0000	0.0000	0.0000	0.0000	0.0000	0.0000	0.0000	0.0000	0.0000	0.0000	0.0000	0.0000	0.0000	0.0000	0.0033	0.0019	0.0014	0.0015	0.0013	0.0002	0.0017	0.0006	0.0012	0.0000	0.0000	0.0000	0.0000	0.0000	0.0000	0.0000	0.0000	0.0000	0.0000	0.0000	0.0000	0.0000	0.0000	0.0000	0.0000	0.0000	0.0000											
9	21	0.6708	10	0	0	1	2	0	0	0	0	N	N	N	Y	N	N	N	N	N	N	N	N	0.0000	0.0000	0.0000	0.0000	0.0000	0.0000	0.0000	0.0000	0.0000	0.0000	0.0000	0.0000	0.0000	0.0000	0.0000	0.0000	0.0000	0.0000	0.0000	0.0000	0.0000	2.0045	2.0000	0.0106	0.0000	0.0000	0.0000	0.0000	0.0000	0.0000	0.0000	0.0000	0.0000	0.0000	0.0000	0.0000	0.0000	0.0000	0.0000	0.0000	0.0000	0.0000	0.0000	0.0000	0.0000	0.0000	0.0000	0.0000	0.0000	0.0000	0.0000	0.0066	0.0033	0.0032	0.0024	0.0020	0.0004	0.0042	0.0013	0.0028	0.0000	0.0000	0.0000	0.0000	0.0000	0.0000	0.0000	0.0000	0.0000	0.0000	0.0000	0.0000	0.0000	0.0000	0.0000	0.0000	0.0000	0.0000											
9	22	0.6415	9	0	0	1	2	0	0	0	0	N	N	N	Y	N	N	N	N	N	N	N	N	0.0000	0.0000	0.0000	0.0000	0.0000	0.0000	0.0000	0.0000	0.0000	0.0000	0.0000	0.0000	0.0000	0.0000	0.0000	0.0000	0.0000	0.0000	0.0000	0.0000	0.0000	1.9989	2.0000	1.0099	0.0000	0.0000	0.0000	0.0000	0.0000	0.0000	0.0000	0.0000	0.0000	0.0000	0.0000	0.0000	0.0000	0.0000	0.0000	0.0000	0.0000	0.0000	0.0000	0.0000	0.0000	0.0000	0.0000	0.0000	0.0000	0.0000	0.0000	0.0094	0.0048	0.0046	0.0034	0.0029	0.0005	0.0059	0.0019	0.0040	0.0000	0.0000	0.0000	0.0000	0.0000	0.0000	0.0000	0.0000	0.0000	0.0000	0.0000	0.0000	0.0000	0.0000	0.0000	0.0000	0.0000	0.0000											
9	23	0.0241	2	0	1	1	2	0	0	0	0	N	N	N	Y	N	N	N	N	N	N	N	N	0.0000	0.0000	0.0000	0.0000	0.0000	0.0000	0.0000	0.0000	0.0000	0.0000	0.0000	0.0000	0.0000	0.0000	0.0000	0.0000	0.0000	0.0000	0.0000	0.0000	0.0000	0.0000	2.0000	1.0024	0.0000	0.0000	0.0000	0.0000	0.0000	0.0000	0.0000	0.0000	0.0000	0.0000	0.0000	0.0000	0.0000	0.0000	0.0000	0.0000	0.0000	0.0000	0.0000	0.0000	0.0000	0.0000	0.0000	0.0000	0.0000	0.0000	0.0000	0.0202	0.0134	0.0068	0.0061	0.0060	0.0001	0.0141	0.0074	0.0067	0.0000	0.0000	0.0000	0.0000	0.0000	0.0000	0.0000	0.0000	0.0000	0.0000	0.0000	0.0000	0.0000	0.0000	0.0000	0.0000	0.0000	0.0000											
9	24	0.6447	9	0	1	1	1	0	0	0	0	N	N	N	N	N	N	N	N	N	N	N	N	0.0000	0.0000	0.0000	0.0000	0.0000	0.0000	0.0000	0.0000	0.0000	0.0000	0.0000	0.0000	0.0000	0.0000	0.0000	0.0000	0.0000	0.0000	0.0000	0.0000	0.0000	0.0000	2.0000	0.0000	0.0000	0.0000	0.0000	0.0000	0.0000	0.0000	0.0000	0.0000	0.0000	0.0000	0.0000	0.0000	0.0000	0.0000	0.0000	0.0000	0.0000	0.0000	0.0000	0.0000	0.0000	0.0000	0.0000	0.0000	0.0000	0.0000	0.0000	0.0000	0.0000	0.0000	0.0000	0.0000	0.0000	0.0000	0.0000	0.0000	0.0000	0.0000	0.0000	0.0000	0.0000	0.0000	0.0000	0.0000	0.0000	0.0000	0.0000	0.0000	0.0000	0.0000	0.0000	0.0000	0.0000	0.0000											
9	25	0.1400	8	0	1	1	1	0	0	0	0	N	N	N	N	N	N	N	N	N	N	N	N	0.0000	0.0000	0.0000	0.0000	0.0000	0.0000	0.0000	0.0000	0.0000	0.0000	0.0000	0.0000	0.0000	0.0000	0.0000	0.0000	0.0000	0.0000	0.0000	0.0000	0.0000	0.9998	2.0000	0.0242	0.0000	0.0000	0.0000	0.0000	0.0000	0.0000	0.0000	0.0000	0.0000	0.0000	0.0000	0.0000	0.0000	0.0000	0.0000	0.0000	0.0000	0.0000	0.0000	0.0000	0.0000	0.0000	0.0000	0.0000	0.0000	0.0000	0.0000	0.0039	0.0019	0.0019	0.0005	0.0004	0.0001	0.0034	0.0015	0.0019	0.0000	0.0000	0.0000	0.0000	0.0000	0.0000	0.0000	0.0000	0.0000	0.0000	0.0000	0.0000	0.0000	0.0000	0.0000	0.0000	0.0000	0.0000											
9	26	0.1776	11	0	1	1	2	0	0	0	0	N	N	N	Y	N	N	N	N	N	N	N	N	0.0000	0.0000	0.0000	0.0000	0.0000	0.0000	0.0000	0.0000	0.0000	0.0000	0.0000	0.0000	0.0000	0.0000	0.0000	0.0000	0.0000	0.0000	0.0000	0.0000	0.0000	0.0000	2.0000	0.0000	0.0000	0.0000	0.0000	0.0000	0.0000	0.0000	0.0000	0.0000	0.0000	0.0000	0.0000	0.0000	0.0000	0.0000	0.0000	0.0000	0.0000	0.0000	0.0000	0.0000	0.0000	0.0000	0.0000	0.0000	0.0000	0.0000	0.0000	0.0000	0.0000	0.0000	0.0000	0.0000	0.0000	0.0000	0.0000	0.0000	0.0000	0.0000	0.0000	0.0000	0.0000	0.0000	0.0000	0.0000	0.0000	0.0000	0.0000	0.0000	0.0000	0.0000	0.0000	0.0000	0.0000	0.0000											
9	27	0.6684	9	1	1	1	1	0	0	0	0	N	N	N	N	N	N	N	N	N	N	N	N	0.0000	0.0000	0.0000	0.0000	0.0000	0.0000	0.0000	0.0000	0.0000	0.0000	0.0000	0.0000	0.0000	0.0000	0.0000	0.0000	0.0000	0.0000	0.0000	0.0000	0.0000	0.0418	2.0000	6.1659	0.0000	0.0000	0.0000	0.0000	0.0000	0.0000	0.0000	0.0000	0.0000	0.0000	0.0000	0.0000	0.0000	0.0000	0.0000	0.0000	0.0000	0.0000	0.0000	0.0000	0.0000	0.0000	0.0000	0.0000	0.0000	0.0000	0.0000	0.0205	0.0128	0.0077	0.0105	0.0093	0.0013	0.0100	0.0035	0.0065	0.0000	0.0000	0.0000	0.0000	0.0000	0.0000	0.0000	0.0000	0.0000	0.0000	0.0000	0.0000	0.0000	0.0000	0.0000	0.0000	0.0000	0.0000											
9	28	0.6753	12	0	0	1	2	0	0	0	0	N	N	N	Y	N	N	N	N	N	N	N	N	0.0000	0.0000	0.0000	0.0000	0.0000	0.0000	0.0000	0.0000	0.0000	0.0000	0.0000	0.0000	0.0000	0.0000	0.0000	0.0000	0.0000	0.0000	0.0000	0.0000	0.0000	1.5398	2.0000	1.0296	0.0000	0.0000	0.0000	0.0000	0.0000	0.0000	0.0000	0.0000	0.0000	0.0000	0.0000	0.0000	0.0000	0.0000	0.0000	0.0000	0.0000	0.0000	0.0000	0.0000	0.0000	0.0000	0.0000	0.0000	0.0000	0.0000	0.0000	0.0077	0.0046	0.0030	0.0037	0.0032	0.0005	0.0039	0.0014	0.0025	0.0000	0.0000	0.0000	0.0000	0.0000	0.0000	0.0000	0.0000	0.0000	0.0000	0.0000	0.0000	0.0000	0.0000	0.0000	0.0000	0.0000	0.0000											
9	29	0.6702	11	0	0	1	2	0	0	0	0	N	N	N	Y	N	N	N	N	N	N	N	N	0.0000	0.0000	0.0000	0.0000	0.0000	0.0000	0.0000	0.0000	0.0000	0.0000	0.0000	0.0000	0.0000	0.0000	0.0000	0.0000	0.0000	0.0000	0.0000	0.0000	0.0000	0.8816	2.0000	0.0702	0.0000	0.0000	0.0000	0.0000	0.0000	0.0000	0.0000	0.0000	0.0000	0.0000	0.0000	0.0000	0.0000	0.0000	0.0000	0.0000	0.0000	0.0000	0.0000	0.0000	0.0000	0.0000	0.0000	0.0000	0.0000	0.0000	0.0000	0.0033	0.0021	0.0012	0.0016	0.0014	0.0002	0.0017	0.0007	0.0011	0.0000	0.0000	0.0000	0.0000	0.0000	0.0000	0.0000	0.0000	0.0000	0.0000	0.0000	0.0000	0.0000	0.0000	0.0000	0.0000	0.0000	0.0000											
9	31	0.1304	7	1	0	2	1	0	0	0	0	N	N	Y	N	N	N	N	N	N	N	N	N	0.0000	0.0000	0.0000	0.0000	0.0000	0.0000	0.0000	0.0000	0.0000	0.0000	0.0000	0.0000	0.0000	0.0000	0.0000	0.0000	0.0000	0.0000	0.0000	0.0000	0.0000	0.0000	2.0000	0.0000	0.0000	0.0000	0.0000	0.0000	0.0000	0.0000	0.0000	0.0000	0.0000	0.0000	0.0000	0.0000	0.0000	0.0000	0.0000	0.0000	0.0000	0.0000	0.0000	0.0000	0.0000	0.0000	0.0000	0.0000	0.0000	0.0000	0.0000	0.0000	0.0000	0.0000	0.0000	0.0000	0.0000	0.0000	0.0000	0.0000	0.0000	0.0000	0.0000	0.0000	0.0000	0.0000	0.0000	0.0000	0.0000	0.0000	0.0000	0.0000	0.0000	0.0000	0.0000	0.0000	0.0000	0.0000											
9	32	0.0662	5	0	1	1	1	0	0	0	0	N	N	N	N	N	N	N	N	N	N	N	N	0.0000	0.0000	0.0000	0.0000	0.0000	0.0000	0.0000	0.0000	0.0000	0.0000	0.0000	0.0000	0.0000	0.0000	0.0000	0.0000	0.0000	0.0000	0.0000	0.0000	0.0000	0.0006	2.0000	3.0000	0.0000	0.0000	0.0000	0.0000	0.0000	0.0000	0.0000	0.0000	0.0000	0.0000	0.0000	0.0000	0.0000	0.0000	0.0000	0.0000	0.0000	0.0000	0.0000	0.0000	0.0000	0.0000	0.0000	0.0000	0.0000	0.0000	0.0000	0.0228	0.0132	0.0096	0.0075	0.0057	0.0019	0.0152	0.0075	0.0077	0.0000	0.0000	0.0000	0.0000	0.0000	0.0000	0.0000	0.0000	0.0000	0.0000	0.0000	0.0000	0.0000	0.0000	0.0000	0.0000	0.0000	0.0000											
9	33	0.0662	5	0	1	1	1	0	0	0	0	N	N	N	N	N	N	N	N	N	N	N	N	0.0000	0.0000	0.0000	0.0000	0.0000	0.0000	0.0000	0.0000	0.0000	0.0000	0.0000	0.0000	0.0000	0.0000	0.0000	0.0000	0.0000	0.0000	0.0000	0.0000	0.0000	2.0006	2.0000	8.0000	0.0000	0.0000	0.0000	0.0000	0.0000	0.0000	0.0000	0.0000	0.0000	0.0000	0.0000	0.0000	0.0000	0.0000	0.0000	0.0000	0.0000	0.0000	0.0000	0.0000	0.0000	0.0000	0.0000	0.0000	0.0000	0.0000	0.0000	0.0645	0.0365	0.0280	0.0193	0.0143	0.0050	0.0452	0.0222	0.0230	0.0000	0.0000	0.0000	0.0000	0.0000	0.0000	0.0000	0.0000	0.0000	0.0000	0.0000	0.0000	0.0000	0.0000	0.0000	0.0000	0.0000	0.0000											
9	34	0.1074	6	1	1	1	1	0	0	0	0	N	N	N	N	N	N	N	N	N	N	N	N	0.0000	0.0000	0.0000	0.0000	0.0000	0.0000	0.0000	0.0000	0.0000	0.0000	0.0000	0.0000	0.0000	0.0000	0.0000	0.0000	0.0000	0.0000	0.0000	0.0000	0.0000	10.0001	2.0000	4.0001	0.0000	0.0000	0.0000	0.0000	0.0000	0.0000	0.0000	0.0000	0.0000	0.0000	0.0000	0.0000	0.0000	0.0000	0.0000	0.0000	0.0000	0.0000	0.0000	0.0000	0.0000	0.0000	0.0000	0.0000	0.0000	0.0000	0.0000	0.0452	0.0216	0.0236	0.0037	0.0031	0.0006	0.0415	0.0185	0.0230	0.0000	0.0000	0.0000	0.0000	0.0000	0.0000	0.0000	0.0000	0.0000	0.0000	0.0000	0.0000	0.0000	0.0000	0.0000	0.0000	0.0000	0.0000											
9	35	0.0662	5	0	1	1	1	0	0	0	0	N	N	N	N	N	N	N	N	N	N	N	N	0.0000	0.0000	0.0000	0.0000	0.0000	0.0000	0.0000	0.0000	0.0000	0.0000	0.0000	0.0000	0.0000	0.0000	0.0000	0.0000	0.0000	0.0000	0.0000	0.0000	0.0000	3.0004	2.0000	2.0000	0.0000	0.0000	0.0000	0.0000	0.0000	0.0000	0.0000	0.0000	0.0000	0.0000	0.0000	0.0000	0.0000	0.0000	0.0000	0.0000	0.0000	0.0000	0.0000	0.0000	0.0000	0.0000	0.0000	0.0000	0.0000	0.0000	0.0000	0.0362	0.0208	0.0154	0.0116	0.0087	0.0029	0.0245	0.0121	0.0124	0.0000	0.0000	0.0000	0.0000	0.0000	0.0000	0.0000	0.0000	0.0000	0.0000	0.0000	0.0000	0.0000	0.0000	0.0000	0.0000	0.0000	0.0000											
9	36	0.6223	8	0	1	1	1	0	0	0	0	N	N	N	N	N	N	N	N	N	N	N	N	0.0000	0.0000	0.0000	0.0000	0.0000	0.0000	0.0000	0.0000	0.0000	0.0000	0.0000	0.0000	0.0000	0.0000	0.0000	0.0000	0.0000	0.0000	0.0000	0.0000	0.0000	3.0000	2.0000	3.0000	0.0000	0.0000	0.0000	0.0000	0.0000	0.0000	0.0000	0.0000	0.0000	0.0000	0.0000	0.0000	0.0000	0.0000	0.0000	0.0000	0.0000	0.0000	0.0000	0.0000	0.0000	0.0000	0.0000	0.0000	0.0000	0.0000	0.0000	0.0101	0.0052	0.0049	0.0037	0.0031	0.0006	0.0064	0.0021	0.0043	0.0000	0.0000	0.0000	0.0000	0.0000	0.0000	0.0000	0.0000	0.0000	0.0000	0.0000	0.0000	0.0000	0.0000	0.0000	0.0000	0.0000	0.0000											
9	37	0.0360	4	1	1	1	1	0	0	0	0	N	N	N	N	N	N	N	N	N	N	N	N	0.0000	0.0000	0.0000	0.0000	0.0000	0.0000	0.0000	0.0000	0.0000	0.0000	0.0000	0.0000	0.0000	0.0000	0.0000	0.0000	0.0000	0.0000	0.0000	0.0000	0.0000	4.2779	2.0000	3.9542	0.0000	0.0000	0.0000	0.0000	0.0000	0.0000	0.0000	0.0000	0.0000	0.0000	0.0000	0.0000	0.0000	0.0000	0.0000	0.0000	0.0000	0.0000	0.0000	0.0000	0.0000	0.0000	0.0000	0.0000	0.0000	0.0000	0.0000	0.0567	0.0317	0.0250	0.0169	0.0125	0.0044	0.0398	0.0192	0.0206	0.0000	0.0000	0.0000	0.0000	0.0000	0.0000	0.0000	0.0000	0.0000	0.0000	0.0000	0.0000	0.0000	0.0000	0.0000	0.0000	0.0000	0.0000											
9	38	0.6890	12	1	1	1	1	0	0	0	0	N	N	N	N	N	N	N	N	N	N	N	N	0.0000	0.0000	0.0000	0.0000	0.0000	0.0000	0.0000	0.0000	0.0000	0.0000	0.0000	0.0000	0.0000	0.0000	0.0000	0.0000	0.0000	0.0000	0.0000	0.0000	0.0000	2.8243	2.0000	1.0201	0.0000	0.0000	0.0000	0.0000	0.0000	0.0000	0.0000	0.0000	0.0000	0.0000	0.0000	0.0000	0.0000	0.0000	0.0000	0.0000	0.0000	0.0000	0.0000	0.0000	0.0000	0.0000	0.0000	0.0000	0.0000	0.0000	0.0000	0.0122	0.0070	0.0052	0.0051	0.0045	0.0006	0.0072	0.0026	0.0046	0.0000	0.0000	0.0000	0.0000	0.0000	0.0000	0.0000	0.0000	0.0000	0.0000	0.0000	0.0000	0.0000	0.0000	0.0000	0.0000	0.0000	0.0000											
9	39	0.1074	6	0	1	1	1	0	0	0	0	N	N	N	N	N	N	N	N	N	N	N	N	0.0000	0.0000	0.0000	0.0000	0.0000	0.0000	0.0000	0.0000	0.0000	0.0000	0.0000	0.0000	0.0000	0.0000	0.0000	0.0000	0.0000	0.0000	0.0000	0.0000	0.0000	5.0001	2.0000	5.0000	0.0000	0.0000	0.0000	0.0000	0.0000	0.0000	0.0000	0.0000	0.0000	0.0000	0.0000	0.0000	0.0000	0.0000	0.0000	0.0000	0.0000	0.0000	0.0000	0.0000	0.0000	0.0000	0.0000	0.0000	0.0000	0.0000	0.0000	0.0336	0.0160	0.0176	0.0028	0.0023	0.0004	0.0308	0.0137	0.0171	0.0000	0.0000	0.0000	0.0000	0.0000	0.0000	0.0000	0.0000	0.0000	0.0000	0.0000	0.0000	0.0000	0.0000	0.0000	0.0000	0.0000	0.0000											
9	40	0.6447	9	0	1	1	1	0	0	0	0	N	N	N	N	N	N	N	N	N	N	N	N	0.0000	0.0000	0.0000	0.0000	0.0000	0.0000	0.0000	0.0000	0.0000	0.0000	0.0000	0.0000	0.0000	0.0000	0.0000	0.0000	0.0000	0.0000	0.0000	0.0000	0.0000	0.0000	2.0000	2.0000	0.0000	0.0000	0.0000	0.0000	0.0000	0.0000	0.0000	0.0000	0.0000	0.0000	0.0000	0.0000	0.0000	0.0000	0.0000	0.0000	0.0000	0.0000	0.0000	0.0000	0.0000	0.0000	0.0000	0.0000	0.0000	0.0000	0.0000	0.0065	0.0037	0.0027	0.0030	0.0026	0.0004	0.0034	0.0011	0.0023	0.0000	0.0000	0.0000	0.0000	0.0000	0.0000	0.0000	0.0000	0.0000	0.0000	0.0000	0.0000	0.0000	0.0000	0.0000	0.0000	0.0000	0.0000											
9	41	0.1074	6	0	1	1	1	0	0	0	0	N	N	N	N	N	N	N	N	N	N	N	N	0.0000	0.0000	0.0000	0.0000	0.0000	0.0000	0.0000	0.0000	0.0000	0.0000	0.0000	0.0000	0.0000	0.0000	0.0000	0.0000	0.0000	0.0000	0.0000	0.0000	0.0000	5.9998	2.0000	3.0000	0.0000	0.0000	0.0000	0.0000	0.0000	0.0000	0.0000	0.0000	0.0000	0.0000	0.0000	0.0000	0.0000	0.0000	0.0000	0.0000	0.0000	0.0000	0.0000	0.0000	0.0000	0.0000	0.0000	0.0000	0.0000	0.0000	0.0000	0.0305	0.0145	0.0160	0.0025	0.0021	0.0004	0.0280	0.0124	0.0156	0.0000	0.0000	0.0000	0.0000	0.0000	0.0000	0.0000	0.0000	0.0000	0.0000	0.0000	0.0000	0.0000	0.0000	0.0000	0.0000	0.0000	0.0000											
9	42	0.7108	13	0	1	2	2	0	0	0	0	N	N	Y	Y	N	N	N	N	N	N	N	N	0.0000	0.0000	0.0000	0.0000	0.0000	0.0000	0.0000	0.0000	0.0000	0.0000	0.0000	0.0000	0.0000	0.0000	0.0000	0.0000	0.0000	0.0000	0.0000	0.0000	0.0000	0.0011	2.0000	1.0134	0.0000	0.0000	0.0000	0.0000	0.0000	0.0000	0.0000	0.0000	0.0000	0.0000	0.0000	0.0000	0.0000	0.0000	0.0000	0.0000	0.0000	0.0000	0.0000	0.0000	0.0000	0.0000	0.0000	0.0000	0.0000	0.0000	0.0000	0.0036	0.0021	0.0015	0.0014	0.0013	0.0001	0.0022	0.0008	0.0014	0.0000	0.0000	0.0000	0.0000	0.0000	0.0000	0.0000	0.0000	0.0000	0.0000	0.0000	0.0000	0.0000	0.0000	0.0000	0.0000	0.0000	0.0000											
9	43	0.6890	12	0	0	1	2	0	0	0	0	N	N	N	Y	N	N	N	N	N	N	N	N	0.0000	0.0000	0.0000	0.0000	0.0000	0.0000	0.0000	0.0000	0.0000	0.0000	0.0000	0.0000	0.0000	0.0000	0.0000	0.0000	0.0000	0.0000	0.0000	0.0000	0.0000	2.8187	2.0000	0.0347	0.0000	0.0000	0.0000	0.0000	0.0000	0.0000	0.0000	0.0000	0.0000	0.0000	0.0000	0.0000	0.0000	0.0000	0.0000	0.0000	0.0000	0.0000	0.0000	0.0000	0.0000	0.0000	0.0000	0.0000	0.0000	0.0000	0.0000	0.0093	0.0054	0.0039	0.0038	0.0034	0.0004	0.0054	0.0020	0.0035	0.0000	0.0000	0.0000	0.0000	0.0000	0.0000	0.0000	0.0000	0.0000	0.0000	0.0000	0.0000	0.0000	0.0000	0.0000	0.0000	0.0000	0.0000											
9	44	0.6763	11	0	0	1	1	0	0	0	0	N	N	N	N	N	N	N	N	N	N	N	N	0.0000	0.0000	0.0000	0.0000	0.0000	0.0000	0.0000	0.0000	0.0000	0.0000	0.0000	0.0000	0.0000	0.0000	0.0000	0.0000	0.0000	0.0000	0.0000	0.0000	0.0000	0.9605	2.0000	1.0076	0.0000	0.0000	0.0000	0.0000	0.0000	0.0000	0.0000	0.0000	0.0000	0.0000	0.0000	0.0000	0.0000	0.0000	0.0000	0.0000	0.0000	0.0000	0.0000	0.0000	0.0000	0.0000	0.0000	0.0000	0.0000	0.0000	0.0000	0.0060	0.0036	0.0024	0.0029	0.0026	0.0004	0.0031	0.0011	0.0020	0.0000	0.0000	0.0000	0.0000	0.0000	0.0000	0.0000	0.0000	0.0000	0.0000	0.0000	0.0000	0.0000	0.0000	0.0000	0.0000	0.0000	0.0000											
9	45	0.0434	4	0	1	2	2	0	0	0	0	N	N	Y	Y	N	N	N	N	N	N	N	N	0.0000	0.0000	0.0000	0.0000	0.0000	0.0000	0.0000	0.0000	0.0000	0.0000	0.0000	0.0000	0.0000	0.0033	0.0000	0.0015	0.0000	0.0000	0.0000	0.0021	0.0000	0.0018	inf	0.0000	0.0000	0.0000	1.0000	2.0000	1.0000	0.0000	0.0000	0.0000	0.0000	0.0000	0.0000	0.0000	0.0000	0.0000	0.0000	0.0000	0.0000	0.0000	0.0000	0.0000	0.0000	0.0000	0.0000	0.0000	0.0000	0.0000	0.0000	0.0000	0.0000	0.0000	0.0000	0.0000	0.0156	0.0089	0.0067	0.0050	0.0037	0.0013	0.0106	0.0051	0.0054	0.0000	0.0000	0.0000	0.0000	0.0000	0.0000	0.0000	0.0000	0.0000	0.0006	0.0000	0.0015	0.0000	0.0000	0.0000	0.0009	0.0000	0.0018						
9	46	0.6223	8	0	1	1	1	0	0	0	0	N	N	N	N	N	N	N	N	N	N	N	N	0.0000	0.0000	0.0000	0.0000	0.0000	0.0000	0.0000	0.0000	0.0000	0.0000	0.0000	0.0000	0.0000	0.0000	0.0000	0.0000	0.0000	0.0000	0.0000	0.0000	0.0000	0.0000	2.0000	0.0000	0.0000	0.0000	0.0000	0.0000	0.0000	0.0000	0.0000	0.0000	0.0000	0.0000	0.0000	0.0000	0.0000	0.0000	0.0000	0.0000	0.0000	0.0000	0.0000	0.0000	0.0000	0.0000	0.0000	0.0000	0.0000	0.0000	0.0000	0.0000	0.0000	0.0000	0.0000	0.0000	0.0000	0.0000	0.0000	0.0000	0.0000	0.0000	0.0000	0.0000	0.0000	0.0000	0.0000	0.0000	0.0000	0.0000	0.0000	0.0000	0.0000	0.0000	0.0000	0.0000	0.0000	0.0000											
9	47	0.6763	11	0	1	1	2	0	0	0	0	N	N	N	Y	N	N	N	N	N	N	N	N	0.0000	0.0000	0.0000	0.0000	0.0000	0.0000	0.0000	0.0000	0.0000	0.0000	0.0000	0.0000	0.0000	0.0000	0.0000	0.0000	0.0000	0.0000	0.0000	0.0000	0.0000	0.0000	2.0000	1.0000	0.0000	0.0000	0.0000	0.0000	0.0000	0.0000	0.0000	0.0000	0.0000	0.0000	0.0000	0.0000	0.0000	0.0000	0.0000	0.0000	0.0000	0.0000	0.0000	0.0000	0.0000	0.0000	0.0000	0.0000	0.0000	0.0000	0.0000	0.0032	0.0020	0.0013	0.0016	0.0014	0.0002	0.0017	0.0006	0.0011	0.0000	0.0000	0.0000	0.0000	0.0000	0.0000	0.0000	0.0000	0.0000	0.0000	0.0000	0.0000	0.0000	0.0000	0.0000	0.0000	0.0000	0.0000											
9	48	0.6223	8	1	1	1	1	0	0	0	0	N	N	N	N	N	N	N	N	N	N	N	N	0.0000	0.0000	0.0000	0.0000	0.0000	0.0000	0.0000	0.0000	0.0000	0.0000	0.0000	0.0000	0.0000	0.0000	0.0000	0.0000	0.0000	0.0000	0.0000	0.0000	0.0000	0.0000	2.0000	4.0000	0.0000	0.0000	0.0000	0.0000	0.0000	0.0000	0.0000	0.0000	0.0000	0.0000	0.0000	0.0000	0.0000	0.0000	0.0000	0.0000	0.0000	0.0000	0.0000	0.0000	0.0000	0.0000	0.0000	0.0000	0.0000	0.0000	0.0000	0.0069	0.0035	0.0033	0.0025	0.0021	0.0004	0.0044	0.0014	0.0030	0.0000	0.0000	0.0000	0.0000	0.0000	0.0000	0.0000	0.0000	0.0000	0.0000	0.0000	0.0000	0.0000	0.0000	0.0000	0.0000	0.0000	0.0000											
9	49	0.6970	12	0	0	2	1	0	0	0	0	N	N	Y	N	N	N	N	N	N	N	N	N	0.0000	0.0000	0.0000	0.0000	0.0000	0.0000	0.0000	0.0000	0.0000	0.0000	0.0000	0.0000	0.0000	0.0000	0.0000	0.0000	0.0000	0.0000	0.0000	0.0000	0.0000	0.0000	2.0000	0.0000	0.0000	0.0000	0.0000	0.0000	0.0000	0.0000	0.0000	0.0000	0.0000	0.0000	0.0000	0.0000	0.0000	0.0000	0.0000	0.0000	0.0000	0.0000	0.0000	0.0000	0.0000	0.0000	0.0000	0.0000	0.0000	0.0000	0.0000	0.0000	0.0000	0.0000	0.0000	0.0000	0.0000	0.0000	0.0000	0.0000	0.0000	0.0000	0.0000	0.0000	0.0000	0.0000	0.0000	0.0000	0.0000	0.0000	0.0000	0.0000	0.0000	0.0000	0.0000	0.0000	0.0000	0.0000											
9	50	0.0681	5	0	0	2	1	0	0	0	0	N	N	Y	N	N	N	N	N	N	N	N	N	0.0000	0.0000	0.0000	0.0000	0.0000	0.0000	0.0000	0.0000	0.0000	0.0000	0.0000	0.0000	0.0000	0.0000	0.0000	0.0000	0.0000	0.0000	0.0000	0.0000	0.0000	1.0000	2.0000	1.0000	0.0000	0.0000	0.0000	0.0000	0.0000	0.0000	0.0000	0.0000	0.0000	0.0000	0.0000	0.0000	0.0000	0.0000	0.0000	0.0000	0.0000	0.0000	0.0000	0.0000	0.0000	0.0000	0.0000	0.0000	0.0000	0.0000	0.0000	0.0118	0.0066	0.0052	0.0053	0.0040	0.0014	0.0065	0.0026	0.0039	0.0000	0.0000	0.0000	0.0000	0.0000	0.0000	0.0000	0.0000	0.0000	0.0000	0.0000	0.0000	0.0000	0.0000	0.0000	0.0000	0.0000	0.0000											
9	51	0.0726	5	0	1	1	1	0	0	0	0	N	N	N	N	N	N	N	N	N	N	N	N	0.0000	0.0000	0.0000	0.0000	0.0000	0.0000	0.0000	0.0000	0.0000	0.0000	0.0000	0.0000	0.0000	0.0067	0.0095	0.0000	0.0379	0.0343	0.0000	0.0000	0.0000	0.0000	0.0000	0.0000	-0.0000	0.0000	0.0003	2.0000	0.9690	0.0000	0.0000	0.0000	0.0000	0.0000	0.0000	0.0000	0.0000	0.0000	0.0000	0.0000	0.0000	0.0000	0.0000	0.0000	0.0000	0.0000	0.0000	0.0000	0.0000	0.0000	0.0000	0.0000	0.0000	0.0000	0.0000	0.0000	0.0107	0.0063	0.0044	0.0016	0.0015	0.0001	0.0091	0.0048	0.0044	0.0000	0.0000	0.0000	0.0000	0.0000	0.0000	0.0000	0.0000	0.0000	0.0009	0.0016	0.0000	0.0063	0.0067	0.0000	0.0000	0.0000	0.0000						
9	52	0.7003	12	0	1	1	1	0	0	0	0	N	N	N	N	N	N	N	N	N	N	N	N	0.0000	0.0000	0.0000	0.0000	0.0000	0.0000	0.0000	0.0000	0.0000	0.0000	0.0000	0.0000	0.0000	0.0000	0.0000	0.0000	0.0000	0.0000	0.0000	0.0000	0.0000	0.9211	2.0000	0.1671	0.0000	0.0000	0.0000	0.0000	0.0000	0.0000	0.0000	0.0000	0.0000	0.0000	0.0000	0.0000	0.0000	0.0000	0.0000	0.0000	0.0000	0.0000	0.0000	0.0000	0.0000	0.0000	0.0000	0.0000	0.0000	0.0000	0.0000	0.0071	0.0051	0.0021	0.0042	0.0037	0.0005	0.0030	0.0014	0.0016	0.0000	0.0000	0.0000	0.0000	0.0000	0.0000	0.0000	0.0000	0.0000	0.0000	0.0000	0.0000	0.0000	0.0000	0.0000	0.0000	0.0000	0.0000											
9	53	0.0434	4	0	1	1	1	0	0	0	0	N	N	N	N	N	N	N	N	N	N	N	N	0.0000	0.0000	0.0000	0.0000	0.0000	0.0000	0.0000	0.0000	0.0000	0.0000	0.0000	0.0000	0.0000	23.5160	41.9590	0.0000	77.6526	105.5975	0.0000	0.0000	0.0000	0.0000	0.0000	0.0000	-0.5219	0.0000	1.0000	2.0000	5.0000	0.0000	0.0000	0.0000	0.0000	0.0000	0.0000	0.0000	0.0000	0.0000	1.0000	1.0000	0.0000	1.0000	1.0000	0.0000	0.0000	0.0000	0.0000	0.0000	0.0000	0.0000	0.0000	0.0000	0.0000	0.0000	0.0000	0.0000	0.0425	0.0238	0.0187	0.0129	0.0095	0.0034	0.0296	0.0144	0.0153	0.0000	0.0000	0.0000	0.0000	0.0000	0.0000	0.0000	0.0000	0.0000	23.5160	41.9590	0.0000	77.6526	105.5975	0.0000	0.0000	0.0000	0.0000						
9	54	0.0282	3	0	0	1	1	0	0	0	0	N	N	N	N	N	N	N	N	N	N	N	N	0.0000	0.0000	0.0000	0.0000	0.0000	0.0000	0.0000	0.0000	0.0000	0.0000	0.0000	0.0000	0.0000	41.6397	0.0000	95.4201	0.0000	0.0000	0.0000	62.1326	0.0000	115.6480	inf	0.0000	0.4781	0.0000	0.0000	2.0000	2.9157	0.0000	0.0000	0.0000	0.0000	0.0000	0.0000	0.0000	0.0000	0.0000	1.0000	0.0000	1.0000	0.0000	0.0000	0.0000	1.0000	0.0000	1.0000	0.0000	0.0000	0.0000	0.0000	0.0000	0.0000	0.0000	0.0000	0.0000	0.0240	0.0135	0.0105	0.0079	0.0061	0.0018	0.0161	0.0074	0.0086	0.0000	0.0000	0.0000	0.0000	0.0000	0.0000	0.0000	0.0000	0.0000	41.6397	0.0000	95.4201	0.0000	0.0000	0.0000	62.1326	0.0000	115.6480						
9	55	0.6763	11	0	1	1	1	0	0	0	0	N	N	N	N	N	N	N	N	N	N	N	N	0.0000	0.0000	0.0000	0.0000	0.0000	0.0000	0.0000	0.0000	0.0000	0.0000	0.0000	0.0000	0.0000	0.0000	0.0000	0.0000	0.0000	0.0000	0.0000	0.0000	0.0000	2.0000	2.0000	3.0000	0.0000	0.0000	0.0000	0.0000	0.0000	0.0000	0.0000	0.0000	0.0000	0.0000	0.0000	0.0000	0.0000	0.0000	0.0000	0.0000	0.0000	0.0000	0.0000	0.0000	0.0000	0.0000	0.0000	0.0000	0.0000	0.0000	0.0000	0.0144	0.0086	0.0058	0.0070	0.0061	0.0009	0.0073	0.0025	0.0048	0.0000	0.0000	0.0000	0.0000	0.0000	0.0000	0.0000	0.0000	0.0000	0.0000	0.0000	0.0000	0.0000	0.0000	0.0000	0.0000	0.0000	0.0000											
9	56	0.0360	4	0	1	1	2	0	0	0	0	N	N	N	Y	N	N	N	N	N	N	N	N	0.0000	0.0000	0.0000	0.0000	0.0000	0.0000	0.0000	0.0000	0.0000	0.0000	0.0000	0.0000	0.0000	0.0000	0.0000	0.0000	0.0000	0.0000	0.0000	0.0000	0.0000	1.7218	2.0000	6.9557	0.0000	0.0000	0.0000	0.0000	0.0000	0.0000	0.0000	0.0000	0.0000	0.0000	0.0000	0.0000	0.0000	0.0000	0.0000	0.0000	0.0000	0.0000	0.0000	0.0000	0.0000	0.0000	0.0000	0.0000	0.0000	0.0000	0.0000	0.0591	0.0330	0.0261	0.0175	0.0129	0.0045	0.0416	0.0201	0.0215	0.0000	0.0000	0.0000	0.0000	0.0000	0.0000	0.0000	0.0000	0.0000	0.0000	0.0000	0.0000	0.0000	0.0000	0.0000	0.0000	0.0000	0.0000											
9	57	0.1074	6	1	0	2	1	0	0	0	0	N	N	Y	N	N	N	N	N	N	N	N	N	0.0000	0.0000	0.0000	0.0000	0.0000	0.0000	0.0000	0.0000	0.0000	0.0000	0.0000	0.0000	0.0000	0.0000	0.0000	0.0000	0.0000	0.0000	0.0000	0.0000	0.0000	8.9999	2.0000	5.0001	0.0000	0.0000	0.0000	0.0000	0.0000	0.0000	0.0000	0.0000	0.0000	0.0000	0.0000	0.0000	0.0000	0.0000	0.0000	0.0000	0.0000	0.0000	0.0000	0.0000	0.0000	0.0000	0.0000	0.0000	0.0000	0.0000	0.0000	0.0452	0.0216	0.0236	0.0037	0.0031	0.0006	0.0415	0.0185	0.0230	0.0000	0.0000	0.0000	0.0000	0.0000	0.0000	0.0000	0.0000	0.0000	0.0000	0.0000	0.0000	0.0000	0.0000	0.0000	0.0000	0.0000	0.0000											
9	58	0.6223	8	1	0	2	1	0	0	0	0	N	N	Y	N	N	N	N	N	N	N	N	N	0.0000	0.0000	0.0000	0.0000	0.0000	0.0000	0.0000	0.0000	0.0000	0.0000	0.0000	0.0000	0.0000	0.0000	0.0000	0.0000	0.0000	0.0000	0.0000	0.0000	0.0000	0.0000	2.0000	1.0000	0.0000	0.0000	0.0000	0.0000	0.0000	0.0000	0.0000	0.0000	0.0000	0.0000	0.0000	0.0000	0.0000	0.0000	0.0000	0.0000	0.0000	0.0000	0.0000	0.0000	0.0000	0.0000	0.0000	0.0000	0.0000	0.0000	0.0000	0.0018	0.0009	0.0009	0.0006	0.0005	0.0001	0.0011	0.0004	0.0008	0.0000	0.0000	0.0000	0.0000	0.0000	0.0000	0.0000	0.0000	0.0000	0.0000	0.0000	0.0000	0.0000	0.0000	0.0000	0.0000	0.0000	0.0000											
9	59	0.0726	5	0	0	2	1	0	0	0	0	N	N	Y	N	N	N	N	N	N	N	N	N	0.0000	0.0000	0.0000	0.0000	0.0000	0.0000	0.0000	0.0000	0.0000	0.0000	0.0000	0.0000	0.0000	0.0053	0.0079	0.0000	0.0334	0.0315	0.0000	0.0000	0.0000	0.0000	0.0000	0.0000	-0.0000	0.0000	0.0006	2.0000	1.1867	0.0000	0.0000	0.0000	0.0000	0.0000	0.0000	0.0000	0.0000	0.0000	0.0000	0.0000	0.0000	0.0000	0.0000	0.0000	0.0000	0.0000	0.0000	0.0000	0.0000	0.0000	0.0000	0.0000	0.0000	0.0000	0.0000	0.0000	0.0125	0.0071	0.0053	0.0017	0.0016	0.0001	0.0108	0.0056	0.0052	0.0000	0.0000	0.0000	0.0000	0.0000	0.0000	0.0000	0.0000	0.0000	0.0008	0.0014	0.0000	0.0060	0.0064	0.0000	0.0000	0.0000	0.0000						
9	60	0.0360	4	0	0	1	1	0	0	0	0	N	N	N	N	N	N	N	N	N	N	N	N	0.0000	0.0000	0.0000	0.0000	0.0000	0.0000	0.0000	0.0000	0.0000	0.0000	0.0000	0.0000	0.0000	0.0004	0.0000	0.0005	0.0000	0.0000	0.0000	0.0003	0.0000	0.0005	inf	0.0000	0.0000	0.0000	2.2785	2.0000	4.8627	0.0000	0.0000	0.0000	0.0000	0.0000	0.0000	0.0000	0.0000	0.0000	0.0000	0.0000	0.0000	0.0000	0.0000	0.0000	0.0000	0.0000	0.0000	0.0000	0.0000	0.0000	0.0000	0.0000	0.0000	0.0000	0.0000	0.0000	0.0506	0.0284	0.0222	0.0153	0.0114	0.0039	0.0352	0.0170	0.0182	0.0000	0.0000	0.0000	0.0000	0.0000	0.0000	0.0000	0.0000	0.0000	0.0002	0.0000	0.0005	0.0000	0.0000	0.0000	0.0003	0.0000	0.0005						
9	61	0.7003	12	0	0	2	1	0	0	0	0	N	N	Y	N	N	N	N	N	N	N	N	N	0.0000	0.0000	0.0000	0.0000	0.0000	0.0000	0.0000	0.0000	0.0000	0.0000	0.0000	0.0000	0.0000	0.0000	0.0000	0.0000	0.0000	0.0000	0.0000	0.0000	0.0000	1.0901	2.0000	7.9319	0.0000	0.0000	0.0000	0.0000	0.0000	0.0000	0.0000	0.0000	0.0000	0.0000	0.0000	0.0000	0.0000	0.0000	0.0000	0.0000	0.0000	0.0000	0.0000	0.0000	0.0000	0.0000	0.0000	0.0000	0.0000	0.0000	0.0000	0.0299	0.0179	0.0120	0.0141	0.0122	0.0019	0.0158	0.0057	0.0101	0.0000	0.0000	0.0000	0.0000	0.0000	0.0000	0.0000	0.0000	0.0000	0.0000	0.0000	0.0000	0.0000	0.0000	0.0000	0.0000	0.0000	0.0000											
9	62	0.6702	11	0	0	1	1	0	0	0	0	N	N	N	N	N	N	N	N	N	N	N	N	0.0000	0.0000	0.0000	0.0000	0.0000	0.0000	0.0000	0.0000	0.0000	0.0000	0.0000	0.0000	0.0000	0.0000	0.0000	0.0000	0.0000	0.0000	0.0000	0.0000	0.0000	1.6797	2.0000	2.9843	0.0000	0.0000	0.0000	0.0000	0.0000	0.0000	0.0000	0.0000	0.0000	0.0000	0.0000	0.0000	0.0000	0.0000	0.0000	0.0000	0.0000	0.0000	0.0000	0.0000	0.0000	0.0000	0.0000	0.0000	0.0000	0.0000	0.0000	0.0137	0.0082	0.0055	0.0065	0.0056	0.0008	0.0072	0.0025	0.0046	0.0000	0.0000	0.0000	0.0000	0.0000	0.0000	0.0000	0.0000	0.0000	0.0000	0.0000	0.0000	0.0000	0.0000	0.0000	0.0000	0.0000	0.0000											
9	63	0.6601	10	0	0	1	1	0	0	0	0	N	N	N	N	N	N	N	N	N	N	N	N	0.0000	0.0000	0.0000	0.0000	0.0000	0.0000	0.0000	0.0000	0.0000	0.0000	0.0000	0.0000	0.0000	0.0000	0.0000	0.0000	0.0000	0.0000	0.0000	0.0000	0.0000	0.4935	2.0000	1.5835	0.0000	0.0000	0.0000	0.0000	0.0000	0.0000	0.0000	0.0000	0.0000	0.0000	0.0000	0.0000	0.0000	0.0000	0.0000	0.0000	0.0000	0.0000	0.0000	0.0000	0.0000	0.0000	0.0000	0.0000	0.0000	0.0000	0.0000	0.0061	0.0036	0.0025	0.0030	0.0026	0.0004	0.0031	0.0010	0.0021	0.0000	0.0000	0.0000	0.0000	0.0000	0.0000	0.0000	0.0000	0.0000	0.0000	0.0000	0.0000	0.0000	0.0000	0.0000	0.0000	0.0000	0.0000											
9	64	0.6970	12	0	1	1	1	0	0	0	0	N	N	N	N	N	N	N	N	N	N	N	N	0.0000	0.0000	0.0000	0.0000	0.0000	0.0000	0.0000	0.0000	0.0000	0.0000	0.0000	0.0000	0.0000	0.0000	0.0000	0.0000	0.0000	0.0000	0.0000	0.0000	0.0000	0.2944	2.0000	1.0083	0.0000	0.0000	0.0000	0.0000	0.0000	0.0000	0.0000	0.0000	0.0000	0.0000	0.0000	0.0000	0.0000	0.0000	0.0000	0.0000	0.0000	0.0000	0.0000	0.0000	0.0000	0.0000	0.0000	0.0000	0.0000	0.0000	0.0000	0.0038	0.0023	0.0015	0.0019	0.0016	0.0003	0.0019	0.0006	0.0012	0.0000	0.0000	0.0000	0.0000	0.0000	0.0000	0.0000	0.0000	0.0000	0.0000	0.0000	0.0000	0.0000	0.0000	0.0000	0.0000	0.0000	0.0000											
9	65	0.6763	11	0	0	1	1	0	0	0	0	N	N	N	N	N	N	N	N	N	N	N	N	0.0000	0.0000	0.0000	0.0000	0.0000	0.0000	0.0000	0.0000	0.0000	0.0000	0.0000	0.0000	0.0000	0.0000	0.0000	0.0000	0.0000	0.0000	0.0000	0.0000	0.0000	1.1351	2.0000	2.0429	0.0000	0.0000	0.0000	0.0000	0.0000	0.0000	0.0000	0.0000	0.0000	0.0000	0.0000	0.0000	0.0000	0.0000	0.0000	0.0000	0.0000	0.0000	0.0000	0.0000	0.0000	0.0000	0.0000	0.0000	0.0000	0.0000	0.0000	0.0094	0.0056	0.0038	0.0046	0.0040	0.0006	0.0048	0.0016	0.0032	0.0000	0.0000	0.0000	0.0000	0.0000	0.0000	0.0000	0.0000	0.0000	0.0000	0.0000	0.0000	0.0000	0.0000	0.0000	0.0000	0.0000	0.0000											
9	66	0.6601	10	0	0	1	1	0	0	0	0	N	N	N	N	N	N	N	N	N	N	N	N	0.0000	0.0000	0.0000	0.0000	0.0000	0.0000	0.0000	0.0000	0.0000	0.0000	0.0000	0.0000	0.0000	0.0000	0.0000	0.0000	0.0000	0.0000	0.0000	0.0000	0.0000	0.4912	2.0000	2.4266	0.0000	0.0000	0.0000	0.0000	0.0000	0.0000	0.0000	0.0000	0.0000	0.0000	0.0000	0.0000	0.0000	0.0000	0.0000	0.0000	0.0000	0.0000	0.0000	0.0000	0.0000	0.0000	0.0000	0.0000	0.0000	0.0000	0.0000	0.0084	0.0050	0.0034	0.0041	0.0036	0.0006	0.0043	0.0014	0.0029	0.0000	0.0000	0.0000	0.0000	0.0000	0.0000	0.0000	0.0000	0.0000	0.0000	0.0000	0.0000	0.0000	0.0000	0.0000	0.0000	0.0000	0.0000											
9	67	0.6549	9	0	0	1	1	0	0	0	0	N	N	N	N	N	N	N	N	N	N	N	N	0.0000	0.0000	0.0000	0.0000	0.0000	0.0000	0.0000	0.0000	0.0000	0.0000	0.0000	0.0000	0.0000	0.0000	0.0000	0.0000	0.0000	0.0000	0.0000	0.0000	0.0000	0.6141	2.0000	1.2701	0.0000	0.0000	0.0000	0.0000	0.0000	0.0000	0.0000	0.0000	0.0000	0.0000	0.0000	0.0000	0.0000	0.0000	0.0000	0.0000	0.0000	0.0000	0.0000	0.0000	0.0000	0.0000	0.0000	0.0000	0.0000	0.0000	0.0000	0.0058	0.0035	0.0023	0.0028	0.0025	0.0004	0.0029	0.0010	0.0019	0.0000	0.0000	0.0000	0.0000	0.0000	0.0000	0.0000	0.0000	0.0000	0.0000	0.0000	0.0000	0.0000	0.0000	0.0000	0.0000	0.0000	0.0000											
9	68	0.6223	8	1	1	2	1	0	0	0	0	N	N	Y	N	N	N	N	N	N	N	N	N	0.0000	0.0000	0.0000	0.0000	0.0000	0.0000	0.0000	0.0000	0.0000	0.0000	0.0000	0.0000	0.0000	0.0000	0.0000	0.0000	0.0000	0.0000	0.0000	0.0000	0.0000	0.0000	2.0000	0.0000	0.0000	0.0000	0.0000	0.0000	0.0000	0.0000	0.0000	0.0000	0.0000	0.0000	0.0000	0.0000	0.0000	0.0000	0.0000	0.0000	0.0000	0.0000	0.0000	0.0000	0.0000	0.0000	0.0000	0.0000	0.0000	0.0000	0.0000	0.0000	0.0000	0.0000	0.0000	0.0000	0.0000	0.0000	0.0000	0.0000	0.0000	0.0000	0.0000	0.0000	0.0000	0.0000	0.0000	0.0000	0.0000	0.0000	0.0000	0.0000	0.0000	0.0000	0.0000	0.0000	0.0000	0.0000											
9	69	0.1527	8	1	1	2	1	0	0	0	0	N	N	Y	N	N	N	N	N	N	N	N	N	0.0000	0.0000	0.0000	0.0000	0.0000	0.0000	0.0000	0.0000	0.0000	0.0000	0.0000	0.0000	0.0000	0.0000	0.0000	0.0000	0.0000	0.0000	0.0000	0.0000	0.0000	1.0000	2.0000	0.0000	0.0000	0.0000	0.0000	0.0000	0.0000	0.0000	0.0000	0.0000	0.0000	0.0000	0.0000	0.0000	0.0000	0.0000	0.0000	0.0000	0.0000	0.0000	0.0000	0.0000	0.0000	0.0000	0.0000	0.0000	0.0000	0.0000	0.0000	0.0034	0.0016	0.0018	0.0003	0.0003	0.0000	0.0031	0.0013	0.0018	0.0000	0.0000	0.0000	0.0000	0.0000	0.0000	0.0000	0.0000	0.0000	0.0000	0.0000	0.0000	0.0000	0.0000	0.0000	0.0000	0.0000	0.0000											
9	70	0.1527	8	1	1	2	1	0	0	0	0	N	N	Y	N	N	N	N	N	N	N	N	N	0.0000	0.0000	0.0000	0.0000	0.0000	0.0000	0.0000	0.0000	0.0000	0.0000	0.0000	0.0000	0.0000	0.0000	0.0000	0.0000	0.0000	0.0000	0.0000	0.0000	0.0000	0.0000	2.0000	0.0000	0.0000	0.0000	0.0000	0.0000	0.0000	0.0000	0.0000	0.0000	0.0000	0.0000	0.0000	0.0000	0.0000	0.0000	0.0000	0.0000	0.0000	0.0000	0.0000	0.0000	0.0000	0.0000	0.0000	0.0000	0.0000	0.0000	0.0000	0.0000	0.0000	0.0000	0.0000	0.0000	0.0000	0.0000	0.0000	0.0000	0.0000	0.0000	0.0000	0.0000	0.0000	0.0000	0.0000	0.0000	0.0000	0.0000	0.0000	0.0000	0.0000	0.0000	0.0000	0.0000	0.0000	0.0000											
9	71	0.1304	7	1	1	2	1	0	0	0	0	N	N	Y	N	N	N	N	N	N	N	N	N	0.0000	0.0000	0.0000	0.0000	0.0000	0.0000	0.0000	0.0000	0.0000	0.0000	0.0000	0.0000	0.0000	0.0000	0.0000	0.0000	0.0000	0.0000	0.0000	0.0000	0.0000	2.0000	2.0000	1.0000	0.0000	0.0000	0.0000	0.0000	0.0000	0.0000	0.0000	0.0000	0.0000	0.0000	0.0000	0.0000	0.0000	0.0000	0.0000	0.0000	0.0000	0.0000	0.0000	0.0000	0.0000	0.0000	0.0000	0.0000	0.0000	0.0000	0.0000	0.0107	0.0051	0.0057	0.0008	0.0007	0.0000	0.0100	0.0043	0.0056	0.0000	0.0000	0.0000	0.0000	0.0000	0.0000	0.0000	0.0000	0.0000	0.0000	0.0000	0.0000	0.0000	0.0000	0.0000	0.0000	0.0000	0.0000											
9	72	0.1074	6	1	0	2	1	0	0	0	0	N	N	Y	N	N	N	N	N	N	N	N	N	0.0000	0.0000	0.0000	0.0000	0.0000	0.0000	0.0000	0.0000	0.0000	0.0000	0.0000	0.0000	0.0000	0.0000	0.0000	0.0000	0.0000	0.0000	0.0000	0.0000	0.0000	1.0017	2.0000	2.0007	0.0000	0.0000	0.0000	0.0000	0.0000	0.0000	0.0000	0.0000	0.0000	0.0000	0.0000	0.0000	0.0000	0.0000	0.0000	0.0000	0.0000	0.0000	0.0000	0.0000	0.0000	0.0000	0.0000	0.0000	0.0000	0.0000	0.0000	0.0108	0.0051	0.0057	0.0009	0.0007	0.0001	0.0099	0.0044	0.0056	0.0000	0.0000	0.0000	0.0000	0.0000	0.0000	0.0000	0.0000	0.0000	0.0000	0.0000	0.0000	0.0000	0.0000	0.0000	0.0000	0.0000	0.0000											
9	73	0.6415	9	1	1	1	1	0	0	0	0	N	N	N	N	N	N	N	N	N	N	N	N	0.0000	0.0000	0.0000	0.0000	0.0000	0.0000	0.0000	0.0000	0.0000	0.0000	0.0000	0.0000	0.0000	0.0000	0.0000	0.0000	0.0000	0.0000	0.0000	0.0000	0.0000	0.0000	2.0000	0.0000	0.0000	0.0000	0.0000	0.0000	0.0000	0.0000	0.0000	0.0000	0.0000	0.0000	0.0000	0.0000	0.0000	0.0000	0.0000	0.0000	0.0000	0.0000	0.0000	0.0000	0.0000	0.0000	0.0000	0.0000	0.0000	0.0000	0.0000	0.0000	0.0000	0.0000	0.0000	0.0000	0.0000	0.0000	0.0000	0.0000	0.0000	0.0000	0.0000	0.0000	0.0000	0.0000	0.0000	0.0000	0.0000	0.0000	0.0000	0.0000	0.0000	0.0000	0.0000	0.0000	0.0000	0.0000											
9	74	0.1344	7	1	1	1	1	0	0	0	0	N	N	N	N	N	N	N	N	N	N	N	N	0.0000	0.0000	0.0000	0.0000	0.0000	0.0000	0.0000	0.0000	0.0000	0.0000	0.0000	0.0000	0.0000	0.0000	0.0000	0.0000	0.0000	0.0000	0.0000	0.0000	0.0000	0.0000	2.0000	0.0010	0.0000	0.0000	0.0000	0.0000	0.0000	0.0000	0.0000	0.0000	0.0000	0.0000	0.0000	0.0000	0.0000	0.0000	0.0000	0.0000	0.0000	0.0000	0.0000	0.0000	0.0000	0.0000	0.0000	0.0000	0.0000	0.0000	0.0000	0.0016	0.0013	0.0003	0.0008	0.0008	0.0000	0.0008	0.0005	0.0003	0.0000	0.0000	0.0000	0.0000	0.0000	0.0000	0.0000	0.0000	0.0000	0.0000	0.0000	0.0000	0.0000	0.0000	0.0000	0.0000	0.0000	0.0000											
9	80	0.1400	8	0	1	2	1	0	0	0	0	N	N	Y	N	N	N	N	N	N	N	N	N	0.0000	0.0000	0.0000	0.0000	0.0000	0.0000	0.0000	0.0000	0.0000	0.0000	0.0000	0.0000	0.0000	0.0000	0.0000	0.0000	0.0000	0.0000	0.0000	0.0000	0.0000	0.0029	2.0000	2.0135	0.0000	0.0000	0.0000	0.0000	0.0000	0.0000	0.0000	0.0000	0.0000	0.0000	0.0000	0.0000	0.0000	0.0000	0.0000	0.0000	0.0000	0.0000	0.0000	0.0000	0.0000	0.0000	0.0000	0.0000	0.0000	0.0000	0.0000	0.0073	0.0037	0.0037	0.0009	0.0008	0.0001	0.0065	0.0029	0.0036	0.0000	0.0000	0.0000	0.0000	0.0000	0.0000	0.0000	0.0000	0.0000	0.0000	0.0000	0.0000	0.0000	0.0000	0.0000	0.0000	0.0000	0.0000											
9	81	0.1334	7	0	1	1	1	0	0	0	0	N	N	N	N	N	N	N	N	N	N	N	N	0.0000	0.0000	0.0000	0.0000	0.0000	0.0000	0.0000	0.0000	0.0000	0.0000	0.0000	0.0000	0.0000	0.0000	0.0000	0.0000	0.0000	0.0000	0.0000	0.0000	0.0000	0.6188	2.0000	0.9475	0.0000	0.0000	0.0000	0.0000	0.0000	0.0000	0.0000	0.0000	0.0000	0.0000	0.0000	0.0000	0.0000	0.0000	0.0000	0.0000	0.0000	0.0000	0.0000	0.0000	0.0000	0.0000	0.0000	0.0000	0.0000	0.0000	0.0000	0.0066	0.0033	0.0033	0.0011	0.0010	0.0001	0.0055	0.0023	0.0032	0.0000	0.0000	0.0000	0.0000	0.0000	0.0000	0.0000	0.0000	0.0000	0.0000	0.0000	0.0000	0.0000	0.0000	0.0000	0.0000	0.0000	0.0000											
9	82	0.6447	9	0	1	2	1	0	0	0	0	N	N	Y	N	N	N	N	N	N	N	N	N	0.0000	0.0000	0.0000	0.0000	0.0000	0.0000	0.0000	0.0000	0.0000	0.0000	0.0000	0.0000	0.0000	0.0000	0.0000	0.0000	0.0000	0.0000	0.0000	0.0000	0.0000	0.0000	2.0000	1.0000	0.0000	0.0000	0.0000	0.0000	0.0000	0.0000	0.0000	0.0000	0.0000	0.0000	0.0000	0.0000	0.0000	0.0000	0.0000	0.0000	0.0000	0.0000	0.0000	0.0000	0.0000	0.0000	0.0000	0.0000	0.0000	0.0000	0.0000	0.0033	0.0019	0.0014	0.0015	0.0013	0.0002	0.0017	0.0006	0.0012	0.0000	0.0000	0.0000	0.0000	0.0000	0.0000	0.0000	0.0000	0.0000	0.0000	0.0000	0.0000	0.0000	0.0000	0.0000	0.0000	0.0000	0.0000											
9	83	0.1074	6	1	0	2	1	0	0	0	0	N	N	Y	N	N	N	N	N	N	N	N	N	0.0000	0.0000	0.0000	0.0000	0.0000	0.0000	0.0000	0.0000	0.0000	0.0000	0.0000	0.0000	0.0000	0.0000	0.0000	0.0000	0.0000	0.0000	0.0000	0.0000	0.0000	9.0001	2.0000	3.0001	0.0000	0.0000	0.0000	0.0000	0.0000	0.0000	0.0000	0.0000	0.0000	0.0000	0.0000	0.0000	0.0000	0.0000	0.0000	0.0000	0.0000	0.0000	0.0000	0.0000	0.0000	0.0000	0.0000	0.0000	0.0000	0.0000	0.0000	0.0395	0.0189	0.0206	0.0032	0.0027	0.0005	0.0363	0.0161	0.0201	0.0000	0.0000	0.0000	0.0000	0.0000	0.0000	0.0000	0.0000	0.0000	0.0000	0.0000	0.0000	0.0000	0.0000	0.0000	0.0000	0.0000	0.0000											
9	84	0.6223	8	1	0	2	1	0	0	0	0	N	N	Y	N	N	N	N	N	N	N	N	N	0.0000	0.0000	0.0000	0.0000	0.0000	0.0000	0.0000	0.0000	0.0000	0.0000	0.0000	0.0000	0.0000	0.0000	0.0000	0.0000	0.0000	0.0000	0.0000	0.0000	0.0000	4.0000	2.0000	0.0000	0.0000	0.0000	0.0000	0.0000	0.0000	0.0000	0.0000	0.0000	0.0000	0.0000	0.0000	0.0000	0.0000	0.0000	0.0000	0.0000	0.0000	0.0000	0.0000	0.0000	0.0000	0.0000	0.0000	0.0000	0.0000	0.0000	0.0000	0.0069	0.0035	0.0033	0.0025	0.0021	0.0004	0.0044	0.0014	0.0030	0.0000	0.0000	0.0000	0.0000	0.0000	0.0000	0.0000	0.0000	0.0000	0.0000	0.0000	0.0000	0.0000	0.0000	0.0000	0.0000	0.0000	0.0000											
9	85	0.6684	9	1	1	1	1	0	0	0	0	N	N	N	N	N	N	N	N	N	N	N	N	0.0000	0.0000	0.0000	0.0000	0.0000	0.0000	0.0000	0.0000	0.0000	0.0000	0.0000	0.0000	0.0000	0.0000	0.0000	0.0000	0.0000	0.0000	0.0000	0.0000	0.0000	1.0086	2.0000	1.7435	0.0000	0.0000	0.0000	0.0000	0.0000	0.0000	0.0000	0.0000	0.0000	0.0000	0.0000	0.0000	0.0000	0.0000	0.0000	0.0000	0.0000	0.0000	0.0000	0.0000	0.0000	0.0000	0.0000	0.0000	0.0000	0.0000	0.0000	0.0112	0.0072	0.0040	0.0058	0.0052	0.0006	0.0054	0.0020	0.0034	0.0000	0.0000	0.0000	0.0000	0.0000	0.0000	0.0000	0.0000	0.0000	0.0000	0.0000	0.0000	0.0000	0.0000	0.0000	0.0000	0.0000	0.0000											
9	86	0.6223	8	1	1	1	1	0	0	0	0	N	N	N	N	N	N	N	N	N	N	N	N	0.0000	0.0000	0.0000	0.0000	0.0000	0.0000	0.0000	0.0000	0.0000	0.0000	0.0000	0.0000	0.0000	0.0000	0.0000	0.0000	0.0000	0.0000	0.0000	0.0000	0.0000	1.0165	2.0000	4.1395	0.0000	0.0000	0.0000	0.0000	0.0000	0.0000	0.0000	0.0000	0.0000	0.0000	0.0000	0.0000	0.0000	0.0000	0.0000	0.0000	0.0000	0.0000	0.0000	0.0000	0.0000	0.0000	0.0000	0.0000	0.0000	0.0000	0.0000	0.0087	0.0045	0.0042	0.0032	0.0027	0.0005	0.0055	0.0018	0.0038	0.0000	0.0000	0.0000	0.0000	0.0000	0.0000	0.0000	0.0000	0.0000	0.0000	0.0000	0.0000	0.0000	0.0000	0.0000	0.0000	0.0000	0.0000											
9	87	0.0662	5	1	1	1	1	0	0	0	0	N	N	N	N	N	N	N	N	N	N	N	N	0.0000	0.0000	0.0000	0.0000	0.0000	0.0000	0.0000	0.0000	0.0000	0.0000	0.0000	0.0000	0.0000	0.0000	0.0000	0.0000	0.0000	0.0000	0.0000	0.0000	0.0000	9.0005	2.0000	5.0000	0.0000	0.0000	0.0000	0.0000	0.0000	0.0000	0.0000	0.0000	0.0000	0.0000	0.0000	0.0000	0.0000	0.0000	0.0000	0.0000	0.0000	0.0000	0.0000	0.0000	0.0000	0.0000	0.0000	0.0000	0.0000	0.0000	0.0000	0.0828	0.0463	0.0365	0.0233	0.0172	0.0062	0.0595	0.0291	0.0303	0.0000	0.0000	0.0000	0.0000	0.0000	0.0000	0.0000	0.0000	0.0000	0.0000	0.0000	0.0000	0.0000	0.0000	0.0000	0.0000	0.0000	0.0000											
9	88	0.6447	9	0	1	1	1	0	0	0	0	N	N	N	N	N	N	N	N	N	N	N	N	0.0000	0.0000	0.0000	0.0000	0.0000	0.0000	0.0000	0.0000	0.0000	0.0000	0.0000	0.0000	0.0000	0.0000	0.0000	0.0000	0.0000	0.0000	0.0000	0.0000	0.0000	0.0000	2.0000	0.0000	0.0000	0.0000	0.0000	0.0000	0.0000	0.0000	0.0000	0.0000	0.0000	0.0000	0.0000	0.0000	0.0000	0.0000	0.0000	0.0000	0.0000	0.0000	0.0000	0.0000	0.0000	0.0000	0.0000	0.0000	0.0000	0.0000	0.0000	0.0000	0.0000	0.0000	0.0000	0.0000	0.0000	0.0000	0.0000	0.0000	0.0000	0.0000	0.0000	0.0000	0.0000	0.0000	0.0000	0.0000	0.0000	0.0000	0.0000	0.0000	0.0000	0.0000	0.0000	0.0000	0.0000	0.0000											
9	89	0.1334	7	0	1	1	1	0	0	0	0	N	N	N	N	N	N	N	N	N	N	N	N	0.0000	0.0000	0.0000	0.0000	0.0000	0.0000	0.0000	0.0000	0.0000	0.0000	0.0000	0.0000	0.0000	0.0000	0.0000	0.0000	0.0000	0.0000	0.0000	0.0000	0.0000	1.9953	2.0000	1.0817	0.0000	0.0000	0.0000	0.0000	0.0000	0.0000	0.0000	0.0000	0.0000	0.0000	0.0000	0.0000	0.0000	0.0000	0.0000	0.0000	0.0000	0.0000	0.0000	0.0000	0.0000	0.0000	0.0000	0.0000	0.0000	0.0000	0.0000	0.0119	0.0059	0.0060	0.0016	0.0014	0.0002	0.0103	0.0044	0.0058	0.0000	0.0000	0.0000	0.0000	0.0000	0.0000	0.0000	0.0000	0.0000	0.0000	0.0000	0.0000	0.0000	0.0000	0.0000	0.0000	0.0000	0.0000											
9	90	0.1074	6	0	1	1	1	0	0	0	0	N	N	N	N	N	N	N	N	N	N	N	N	0.0000	0.0000	0.0000	0.0000	0.0000	0.0000	0.0000	0.0000	0.0000	0.0000	0.0000	0.0000	0.0000	0.0000	0.0000	0.0000	0.0000	0.0000	0.0000	0.0000	0.0000	2.3999	2.0000	4.0713	0.0000	0.0000	0.0000	0.0000	0.0000	0.0000	0.0000	0.0000	0.0000	0.0000	0.0000	0.0000	0.0000	0.0000	0.0000	0.0000	0.0000	0.0000	0.0000	0.0000	0.0000	0.0000	0.0000	0.0000	0.0000	0.0000	0.0000	0.0225	0.0107	0.0118	0.0018	0.0016	0.0003	0.0207	0.0092	0.0115	0.0000	0.0000	0.0000	0.0000	0.0000	0.0000	0.0000	0.0000	0.0000	0.0000	0.0000	0.0000	0.0000	0.0000	0.0000	0.0000	0.0000	0.0000											
9	91	0.0681	5	0	0	2	1	0	0	0	0	N	N	Y	N	N	N	N	N	N	N	N	N	0.0000	0.0000	0.0000	0.0000	0.0000	0.0000	0.0000	0.0000	0.0000	0.0000	0.0000	0.0000	0.0000	0.0000	0.0000	0.0000	0.0000	0.0000	0.0000	0.0000	0.0000	0.0000	2.0000	0.0000	0.0000	0.0000	0.0000	0.0000	0.0000	0.0000	0.0000	0.0000	0.0000	0.0000	0.0000	0.0000	0.0000	0.0000	0.0000	0.0000	0.0000	0.0000	0.0000	0.0000	0.0000	0.0000	0.0000	0.0000	0.0000	0.0000	0.0000	0.0000	0.0000	0.0000	0.0000	0.0000	0.0000	0.0000	0.0000	0.0000	0.0000	0.0000	0.0000	0.0000	0.0000	0.0000	0.0000	0.0000	0.0000	0.0000	0.0000	0.0000	0.0000	0.0000	0.0000	0.0000	0.0000	0.0000											
9	92	0.0360	4	0	0	2	1	0	0	0	0	N	N	Y	N	N	N	N	N	N	N	N	N	0.0000	0.0000	0.0000	0.0000	0.0000	0.0000	0.0000	0.0000	0.0000	0.0000	0.0000	0.0000	0.0000	0.0000	0.0000	0.0000	0.0000	0.0000	0.0000	0.0000	0.0000	3.7221	2.0000	2.9993	0.0000	0.0000	0.0000	0.0000	0.0000	0.0000	0.0000	0.0000	0.0000	0.0000	0.0000	0.0000	0.0000	0.0000	0.0000	0.0000	0.0000	0.0000	0.0000	0.0000	0.0000	0.0000	0.0000	0.0000	0.0000	0.0000	0.0000	0.0482	0.0271	0.0210	0.0147	0.0110	0.0037	0.0334	0.0161	0.0173	0.0000	0.0000	0.0000	0.0000	0.0000	0.0000	0.0000	0.0000	0.0000	0.0000	0.0000	0.0000	0.0000	0.0000	0.0000	0.0000	0.0000	0.0000											
9	94	0.1237	7	1	1	1	1	0	0	0	0	N	N	N	N	N	N	N	N	N	N	N	N	0.0000	0.0000	0.0000	0.0000	0.0000	0.0000	0.0000	0.0000	0.0000	0.0000	0.0000	0.0000	0.0000	0.0000	0.0000	0.0000	0.0000	0.0000	0.0000	0.0000	0.0000	5.9980	2.0000	4.9575	0.0000	0.0000	0.0000	0.0000	0.0000	0.0000	0.0000	0.0000	0.0000	0.0000	0.0000	0.0000	0.0000	0.0000	0.0000	0.0000	0.0000	0.0000	0.0000	0.0000	0.0000	0.0000	0.0000	0.0000	0.0000	0.0000	0.0000	0.0343	0.0173	0.0170	0.0037	0.0032	0.0005	0.0307	0.0141	0.0165	0.0000	0.0000	0.0000	0.0000	0.0000	0.0000	0.0000	0.0000	0.0000	0.0000	0.0000	0.0000	0.0000	0.0000	0.0000	0.0000	0.0000	0.0000											
9	95	0.6447	9	1	1	1	1	0	0	0	0	N	N	N	N	N	N	N	N	N	N	N	N	0.0000	0.0000	0.0000	0.0000	0.0000	0.0000	0.0000	0.0000	0.0000	0.0000	0.0000	0.0000	0.0000	0.0000	0.0000	0.0000	0.0000	0.0000	0.0000	0.0000	0.0000	0.0000	2.0000	2.0000	0.0000	0.0000	0.0000	0.0000	0.0000	0.0000	0.0000	0.0000	0.0000	0.0000	0.0000	0.0000	0.0000	0.0000	0.0000	0.0000	0.0000	0.0000	0.0000	0.0000	0.0000	0.0000	0.0000	0.0000	0.0000	0.0000	0.0000	0.0065	0.0037	0.0027	0.0030	0.0026	0.0004	0.0034	0.0011	0.0023	0.0000	0.0000	0.0000	0.0000	0.0000	0.0000	0.0000	0.0000	0.0000	0.0000	0.0000	0.0000	0.0000	0.0000	0.0000	0.0000	0.0000	0.0000											
9	96	0.6223	8	0	1	1	1	0	0	0	0	N	N	N	N	N	N	N	N	N	N	N	N	0.0000	0.0000	0.0000	0.0000	0.0000	0.0000	0.0000	0.0000	0.0000	0.0000	0.0000	0.0000	0.0000	0.0000	0.0000	0.0000	0.0000	0.0000	0.0000	0.0000	0.0000	4.0000	2.0000	0.0000	0.0000	0.0000	0.0000	0.0000	0.0000	0.0000	0.0000	0.0000	0.0000	0.0000	0.0000	0.0000	0.0000	0.0000	0.0000	0.0000	0.0000	0.0000	0.0000	0.0000	0.0000	0.0000	0.0000	0.0000	0.0000	0.0000	0.0000	0.0069	0.0035	0.0033	0.0025	0.0021	0.0004	0.0044	0.0014	0.0030	0.0000	0.0000	0.0000	0.0000	0.0000	0.0000	0.0000	0.0000	0.0000	0.0000	0.0000	0.0000	0.0000	0.0000	0.0000	0.0000	0.0000	0.0000											
9	97	0.0662	5	0	0	1	1	0	0	0	0	N	N	N	N	N	N	N	N	N	N	N	N	0.0000	0.0000	0.0000	0.0000	0.0000	0.0000	0.0000	0.0000	0.0000	0.0000	0.0000	0.0000	0.0000	0.0000	0.0000	0.0000	0.0000	0.0000	0.0000	0.0000	0.0000	3.9994	2.0000	4.0000	0.0000	0.0000	0.0000	0.0000	0.0000	0.0000	0.0000	0.0000	0.0000	0.0000	0.0000	0.0000	0.0000	0.0000	0.0000	0.0000	0.0000	0.0000	0.0000	0.0000	0.0000	0.0000	0.0000	0.0000	0.0000	0.0000	0.0000	0.0539	0.0307	0.0232	0.0166	0.0123	0.0043	0.0373	0.0184	0.0190	0.0000	0.0000	0.0000	0.0000	0.0000	0.0000	0.0000	0.0000	0.0000	0.0000	0.0000	0.0000	0.0000	0.0000	0.0000	0.0000	0.0000	0.0000											
9	98	0.6223	8	0	0	1	1	0	0	0	0	N	N	N	N	N	N	N	N	N	N	N	N	0.0000	0.0000	0.0000	0.0000	0.0000	0.0000	0.0000	0.0000	0.0000	0.0000	0.0000	0.0000	0.0000	0.0000	0.0000	0.0000	0.0000	0.0000	0.0000	0.0000	0.0000	1.0000	2.0000	0.0000	0.0000	0.0000	0.0000	0.0000	0.0000	0.0000	0.0000	0.0000	0.0000	0.0000	0.0000	0.0000	0.0000	0.0000	0.0000	0.0000	0.0000	0.0000	0.0000	0.0000	0.0000	0.0000	0.0000	0.0000	0.0000	0.0000	0.0000	0.0032	0.0017	0.0016	0.0012	0.0010	0.0002	0.0021	0.0007	0.0014	0.0000	0.0000	0.0000	0.0000	0.0000	0.0000	0.0000	0.0000	0.0000	0.0000	0.0000	0.0000	0.0000	0.0000	0.0000	0.0000	0.0000	0.0000											
9	99	0.1772	6	0	0	1	1	0	0	0	0	N	N	N	N	N	N	N	N	N	N	N	N	0.0000	0.0000	0.0000	0.0000	0.0000	0.0000	0.0000	0.0000	0.0000	0.0000	0.0000	0.0000	0.0000	0.6146	0.8948	0.0000	0.6006	0.6360	0.0000	0.0000	0.0000	0.0000	0.0000	0.0000	-0.0008	0.0000	1.5982	2.0000	11.1970	0.0000	0.0000	0.0000	0.0000	0.0000	0.0000	0.0000	0.0000	0.0000	0.0015	0.0015	0.0000	0.0015	0.0015	0.0000	0.0000	0.0000	0.0000	0.0000	0.0000	0.0000	0.0000	0.0000	0.0000	0.0000	0.0000	0.0000	0.0949	0.0592	0.0356	0.0397	0.0324	0.0072	0.0552	0.0268	0.0284	0.0000	0.0000	0.0000	0.0000	0.0000	0.0000	0.0000	0.0000	0.0000	0.0155	0.0248	0.0000	0.0371	0.0453	0.0000	0.0000	0.0000	0.0000						
9	100	0.1252	8	1	1	2	1	0	0	0	0	N	N	Y	N	N	N	N	N	N	N	N	N	0.0000	0.0000	0.0000	0.0000	0.0000	0.0000	0.0000	0.0000	0.0000	0.0000	0.0000	0.0000	0.0000	0.0000	0.0000	0.0000	0.0000	0.0000	0.0000	0.0000	0.0000	0.0000	2.0000	0.9982	0.0000	0.0000	0.0000	0.0000	0.0000	0.0000	0.0000	0.0000	0.0000	0.0000	0.0000	0.0000	0.0000	0.0000	0.0000	0.0000	0.0000	0.0000	0.0000	0.0000	0.0000	0.0000	0.0000	0.0000	0.0000	0.0000	0.0000	0.0035	0.0017	0.0017	0.0004	0.0003	0.0000	0.0031	0.0014	0.0017	0.0000	0.0000	0.0000	0.0000	0.0000	0.0000	0.0000	0.0000	0.0000	0.0000	0.0000	0.0000	0.0000	0.0000	0.0000	0.0000	0.0000	0.0000											
9	101	0.6570	11	1	1	2	1	0	0	0	0	N	N	Y	N	N	N	N	N	N	N	N	N	0.0000	0.0000	0.0000	0.0000	0.0000	0.0000	0.0000	0.0000	0.0000	0.0000	0.0000	0.0000	0.0000	0.0000	0.0000	0.0000	0.0000	0.0000	0.0000	0.0000	0.0000	0.0000	2.0000	0.0000	0.0000	0.0000	0.0000	0.0000	0.0000	0.0000	0.0000	0.0000	0.0000	0.0000	0.0000	0.0000	0.0000	0.0000	0.0000	0.0000	0.0000	0.0000	0.0000	0.0000	0.0000	0.0000	0.0000	0.0000	0.0000	0.0000	0.0000	0.0000	0.0000	0.0000	0.0000	0.0000	0.0000	0.0000	0.0000	0.0000	0.0000	0.0000	0.0000	0.0000	0.0000	0.0000	0.0000	0.0000	0.0000	0.0000	0.0000	0.0000	0.0000	0.0000	0.0000	0.0000	0.0000	0.0000											
9	102	0.6570	10	1	0	2	1	0	0	0	0	N	N	Y	N	N	N	N	N	N	N	N	N	0.0000	0.0000	0.0000	0.0000	0.0000	0.0000	0.0000	0.0000	0.0000	0.0000	0.0000	0.0000	0.0000	0.0000	0.0000	0.0000	0.0000	0.0000	0.0000	0.0000	0.0000	0.0000	2.0000	0.0000	0.0000	0.0000	0.0000	0.0000	0.0000	0.0000	0.0000	0.0000	0.0000	0.0000	0.0000	0.0000	0.0000	0.0000	0.0000	0.0000	0.0000	0.0000	0.0000	0.0000	0.0000	0.0000	0.0000	0.0000	0.0000	0.0000	0.0000	0.0000	0.0000	0.0000	0.0000	0.0000	0.0000	0.0000	0.0000	0.0000	0.0000	0.0000	0.0000	0.0000	0.0000	0.0000	0.0000	0.0000	0.0000	0.0000	0.0000	0.0000	0.0000	0.0000	0.0000	0.0000	0.0000	0.0000											
9	103	0.6509	9	1	0	2	1	0	0	0	0	N	N	Y	N	N	N	N	N	N	N	N	N	0.0000	0.0000	0.0000	0.0000	0.0000	0.0000	0.0000	0.0000	0.0000	0.0000	0.0000	0.0000	0.0000	0.0000	0.0000	0.0000	0.0000	0.0000	0.0000	0.0000	0.0000	0.0000	2.0000	1.0091	0.0000	0.0000	0.0000	0.0000	0.0000	0.0000	0.0000	0.0000	0.0000	0.0000	0.0000	0.0000	0.0000	0.0000	0.0000	0.0000	0.0000	0.0000	0.0000	0.0000	0.0000	0.0000	0.0000	0.0000	0.0000	0.0000	0.0000	0.0033	0.0019	0.0014	0.0015	0.0013	0.0002	0.0018	0.0006	0.0012	0.0000	0.0000	0.0000	0.0000	0.0000	0.0000	0.0000	0.0000	0.0000	0.0000	0.0000	0.0000	0.0000	0.0000	0.0000	0.0000	0.0000	0.0000											
9	104	0.0662	5	0	1	1	1	0	0	0	0	N	N	N	N	N	N	N	N	N	N	N	N	0.0000	0.0000	0.0000	0.0000	0.0000	0.0000	0.0000	0.0000	0.0000	0.0000	0.0000	0.0000	0.0000	0.0000	0.0000	0.0000	0.0000	0.0000	0.0000	0.0000	0.0000	7.9994	2.0000	4.0001	0.0000	0.0000	0.0000	0.0000	0.0000	0.0000	0.0000	0.0000	0.0000	0.0000	0.0000	0.0000	0.0000	0.0000	0.0000	0.0000	0.0000	0.0000	0.0000	0.0000	0.0000	0.0000	0.0000	0.0000	0.0000	0.0000	0.0000	0.0741	0.0417	0.0324	0.0215	0.0159	0.0056	0.0526	0.0258	0.0268	0.0000	0.0000	0.0000	0.0000	0.0000	0.0000	0.0000	0.0000	0.0000	0.0000	0.0000	0.0000	0.0000	0.0000	0.0000	0.0000	0.0000	0.0000											
9	105	0.1286	9	1	0	2	1	0	0	0	0	N	N	Y	N	N	N	N	N	N	N	N	N	0.0000	0.0000	0.0000	0.0000	0.0000	0.0000	0.0000	0.0000	0.0000	0.0000	0.0000	0.0000	0.0000	0.0000	0.0000	0.0000	0.0000	0.0000	0.0000	0.0000	0.0000	1.0000	2.0000	1.0005	0.0000	0.0000	0.0000	0.0000	0.0000	0.0000	0.0000	0.0000	0.0000	0.0000	0.0000	0.0000	0.0000	0.0000	0.0000	0.0000	0.0000	0.0000	0.0000	0.0000	0.0000	0.0000	0.0000	0.0000	0.0000	0.0000	0.0000	0.0068	0.0034	0.0034	0.0007	0.0006	0.0001	0.0061	0.0028	0.0033	0.0000	0.0000	0.0000	0.0000	0.0000	0.0000	0.0000	0.0000	0.0000	0.0000	0.0000	0.0000	0.0000	0.0000	0.0000	0.0000	0.0000	0.0000											
9	106	0.1252	8	1	0	2	1	0	0	0	0	N	N	Y	N	N	N	N	N	N	N	N	N	0.0000	0.0000	0.0000	0.0000	0.0000	0.0000	0.0000	0.0000	0.0000	0.0000	0.0000	0.0000	0.0000	0.0000	0.0000	0.0000	0.0000	0.0000	0.0000	0.0000	0.0000	0.7249	2.0000	0.0368	0.0000	0.0000	0.0000	0.0000	0.0000	0.0000	0.0000	0.0000	0.0000	0.0000	0.0000	0.0000	0.0000	0.0000	0.0000	0.0000	0.0000	0.0000	0.0000	0.0000	0.0000	0.0000	0.0000	0.0000	0.0000	0.0000	0.0000	0.0027	0.0013	0.0013	0.0003	0.0003	0.0000	0.0024	0.0011	0.0013	0.0000	0.0000	0.0000	0.0000	0.0000	0.0000	0.0000	0.0000	0.0000	0.0000	0.0000	0.0000	0.0000	0.0000	0.0000	0.0000	0.0000	0.0000											
9	107	0.1237	7	1	0	2	1	0	0	0	0	N	N	Y	N	N	N	N	N	N	N	N	N	0.0000	0.0000	0.0000	0.0000	0.0000	0.0000	0.0000	0.0000	0.0000	0.0000	0.0000	0.0000	0.0000	0.0000	0.0000	0.0000	0.0000	0.0000	0.0000	0.0000	0.0000	0.4159	2.0000	0.0887	0.0000	0.0000	0.0000	0.0000	0.0000	0.0000	0.0000	0.0000	0.0000	0.0000	0.0000	0.0000	0.0000	0.0000	0.0000	0.0000	0.0000	0.0000	0.0000	0.0000	0.0000	0.0000	0.0000	0.0000	0.0000	0.0000	0.0000	0.0019	0.0010	0.0009	0.0003	0.0003	0.0000	0.0017	0.0007	0.0009	0.0000	0.0000	0.0000	0.0000	0.0000	0.0000	0.0000	0.0000	0.0000	0.0000	0.0000	0.0000	0.0000	0.0000	0.0000	0.0000	0.0000	0.0000											
9	108	0.1074	6	1	0	1	1	0	0	0	0	N	N	N	N	N	N	N	N	N	N	N	N	0.0000	0.0000	0.0000	0.0000	0.0000	0.0000	0.0000	0.0000	0.0000	0.0000	0.0000	0.0000	0.0000	0.0000	0.0000	0.0000	0.0000	0.0000	0.0000	0.0000	0.0000	3.9943	2.0000	0.9974	0.0000	0.0000	0.0000	0.0000	0.0000	0.0000	0.0000	0.0000	0.0000	0.0000	0.0000	0.0000	0.0000	0.0000	0.0000	0.0000	0.0000	0.0000	0.0000	0.0000	0.0000	0.0000	0.0000	0.0000	0.0000	0.0000	0.0000	0.0176	0.0084	0.0093	0.0014	0.0012	0.0002	0.0162	0.0072	0.0090	0.0000	0.0000	0.0000	0.0000	0.0000	0.0000	0.0000	0.0000	0.0000	0.0000	0.0000	0.0000	0.0000	0.0000	0.0000	0.0000	0.0000	0.0000											
9	109	0.6509	9	1	0	2	1	0	0	0	0	N	N	Y	N	N	N	N	N	N	N	N	N	0.0000	0.0000	0.0000	0.0000	0.0000	0.0000	0.0000	0.0000	0.0000	0.0000	0.0000	0.0000	0.0000	0.0000	0.0000	0.0000	0.0000	0.0000	0.0000	0.0000	0.0000	0.0000	2.0000	0.9909	0.0000	0.0000	0.0000	0.0000	0.0000	0.0000	0.0000	0.0000	0.0000	0.0000	0.0000	0.0000	0.0000	0.0000	0.0000	0.0000	0.0000	0.0000	0.0000	0.0000	0.0000	0.0000	0.0000	0.0000	0.0000	0.0000	0.0000	0.0033	0.0019	0.0014	0.0015	0.0013	0.0002	0.0017	0.0006	0.0012	0.0000	0.0000	0.0000	0.0000	0.0000	0.0000	0.0000	0.0000	0.0000	0.0000	0.0000	0.0000	0.0000	0.0000	0.0000	0.0000	0.0000	0.0000											
9	110	0.6223	8	1	0	2	1	0	0	0	0	N	N	Y	N	N	N	N	N	N	N	N	N	0.0000	0.0000	0.0000	0.0000	0.0000	0.0000	0.0000	0.0000	0.0000	0.0000	0.0000	0.0000	0.0000	0.0000	0.0000	0.0000	0.0000	0.0000	0.0000	0.0000	0.0000	4.0000	2.0000	0.0000	0.0000	0.0000	0.0000	0.0000	0.0000	0.0000	0.0000	0.0000	0.0000	0.0000	0.0000	0.0000	0.0000	0.0000	0.0000	0.0000	0.0000	0.0000	0.0000	0.0000	0.0000	0.0000	0.0000	0.0000	0.0000	0.0000	0.0000	0.0069	0.0035	0.0033	0.0025	0.0021	0.0004	0.0044	0.0014	0.0030	0.0000	0.0000	0.0000	0.0000	0.0000	0.0000	0.0000	0.0000	0.0000	0.0000	0.0000	0.0000	0.0000	0.0000	0.0000	0.0000	0.0000	0.0000											
9	112	0.1120	6	0	0	2	1	0	0	0	0	N	N	Y	N	N	N	N	N	N	N	N	N	0.0000	0.0000	0.0000	0.0000	0.0000	0.0000	0.0000	0.0000	0.0000	0.0000	0.0000	0.0000	0.0000	0.0000	0.0000	0.0000	0.0000	0.0000	0.0000	0.0000	0.0000	0.0000	2.0000	0.0001	0.0000	0.0000	0.0000	0.0000	0.0000	0.0000	0.0000	0.0000	0.0000	0.0000	0.0000	0.0000	0.0000	0.0000	0.0000	0.0000	0.0000	0.0000	0.0000	0.0000	0.0000	0.0000	0.0000	0.0000	0.0000	0.0000	0.0000	0.0000	0.0000	0.0000	0.0000	0.0000	0.0000	0.0000	0.0000	0.0000	0.0000	0.0000	0.0000	0.0000	0.0000	0.0000	0.0000	0.0000	0.0000	0.0000	0.0000	0.0000	0.0000	0.0000	0.0000	0.0000	0.0000	0.0000											
9	113	0.0662	5	0	0	2	1	0	0	0	0	N	N	Y	N	N	N	N	N	N	N	N	N	0.0000	0.0000	0.0000	0.0000	0.0000	0.0000	0.0000	0.0000	0.0000	0.0000	0.0000	0.0000	0.0000	0.0000	0.0000	0.0000	0.0000	0.0000	0.0000	0.0000	0.0000	4.0004	2.0000	4.9999	0.0000	0.0000	0.0000	0.0000	0.0000	0.0000	0.0000	0.0000	0.0000	0.0000	0.0000	0.0000	0.0000	0.0000	0.0000	0.0000	0.0000	0.0000	0.0000	0.0000	0.0000	0.0000	0.0000	0.0000	0.0000	0.0000	0.0000	0.0593	0.0337	0.0257	0.0180	0.0134	0.0046	0.0413	0.0203	0.0210	0.0000	0.0000	0.0000	0.0000	0.0000	0.0000	0.0000	0.0000	0.0000	0.0000	0.0000	0.0000	0.0000	0.0000	0.0000	0.0000	0.0000	0.0000											
9	114	0.6549	9	0	1	1	1	0	0	0	0	N	N	N	N	N	N	N	N	N	N	N	N	0.0000	0.0000	0.0000	0.0000	0.0000	0.0000	0.0000	0.0000	0.0000	0.0000	0.0000	0.0000	0.0000	0.0000	0.0000	0.0000	0.0000	0.0000	0.0000	0.0000	0.0000	4.3361	2.0000	4.6323	0.0000	0.0000	0.0000	0.0000	0.0000	0.0000	0.0000	0.0000	0.0000	0.0000	0.0000	0.0000	0.0000	0.0000	0.0000	0.0000	0.0000	0.0000	0.0000	0.0000	0.0000	0.0000	0.0000	0.0000	0.0000	0.0000	0.0000	0.0246	0.0146	0.0099	0.0121	0.0105	0.0016	0.0125	0.0042	0.0083	0.0000	0.0000	0.0000	0.0000	0.0000	0.0000	0.0000	0.0000	0.0000	0.0000	0.0000	0.0000	0.0000	0.0000	0.0000	0.0000	0.0000	0.0000											
9	115	0.6223	8	0	0	1	1	0	0	0	0	N	N	N	N	N	N	N	N	N	N	N	N	0.0000	0.0000	0.0000	0.0000	0.0000	0.0000	0.0000	0.0000	0.0000	0.0000	0.0000	0.0000	0.0000	0.0000	0.0000	0.0000	0.0000	0.0000	0.0000	0.0000	0.0000	1.9840	2.0000	0.2610	0.0000	0.0000	0.0000	0.0000	0.0000	0.0000	0.0000	0.0000	0.0000	0.0000	0.0000	0.0000	0.0000	0.0000	0.0000	0.0000	0.0000	0.0000	0.0000	0.0000	0.0000	0.0000	0.0000	0.0000	0.0000	0.0000	0.0000	0.0039	0.0020	0.0019	0.0014	0.0012	0.0002	0.0025	0.0008	0.0017	0.0000	0.0000	0.0000	0.0000	0.0000	0.0000	0.0000	0.0000	0.0000	0.0000	0.0000	0.0000	0.0000	0.0000	0.0000	0.0000	0.0000	0.0000											
9	116	0.0662	5	0	1	1	2	0	0	0	0	N	N	N	Y	N	N	N	N	N	N	N	N	0.0000	0.0000	0.0000	0.0000	0.0000	0.0000	0.0000	0.0000	0.0000	0.0000	0.0000	0.0000	0.0000	0.0000	0.0000	0.0000	0.0000	0.0000	0.0000	0.0000	0.0000	5.0006	2.0000	2.0000	0.0000	0.0000	0.0000	0.0000	0.0000	0.0000	0.0000	0.0000	0.0000	0.0000	0.0000	0.0000	0.0000	0.0000	0.0000	0.0000	0.0000	0.0000	0.0000	0.0000	0.0000	0.0000	0.0000	0.0000	0.0000	0.0000	0.0000	0.0483	0.0276	0.0207	0.0151	0.0112	0.0039	0.0332	0.0163	0.0169	0.0000	0.0000	0.0000	0.0000	0.0000	0.0000	0.0000	0.0000	0.0000	0.0000	0.0000	0.0000	0.0000	0.0000	0.0000	0.0000	0.0000	0.0000											
9	117	0.6223	8	0	1	1	2	0	0	0	0	N	N	N	Y	N	N	N	N	N	N	N	N	0.0000	0.0000	0.0000	0.0000	0.0000	0.0000	0.0000	0.0000	0.0000	0.0000	0.0000	0.0000	0.0000	0.0000	0.0000	0.0000	0.0000	0.0000	0.0000	0.0000	0.0000	0.0000	2.0000	1.0000	0.0000	0.0000	0.0000	0.0000	0.0000	0.0000	0.0000	0.0000	0.0000	0.0000	0.0000	0.0000	0.0000	0.0000	0.0000	0.0000	0.0000	0.0000	0.0000	0.0000	0.0000	0.0000	0.0000	0.0000	0.0000	0.0000	0.0000	0.0025	0.0013	0.0012	0.0009	0.0008	0.0001	0.0016	0.0005	0.0011	0.0000	0.0000	0.0000	0.0000	0.0000	0.0000	0.0000	0.0000	0.0000	0.0000	0.0000	0.0000	0.0000	0.0000	0.0000	0.0000	0.0000	0.0000											
9	118	0.0662	5	0	1	1	1	0	0	0	0	N	N	N	N	N	N	N	N	N	N	N	N	0.0000	0.0000	0.0000	0.0000	0.0000	0.0000	0.0000	0.0000	0.0000	0.0000	0.0000	0.0000	0.0000	0.0000	0.0000	0.0000	0.0000	0.0000	0.0000	0.0000	0.0000	16.9994	2.0000	6.0000	0.0000	0.0000	0.0000	0.0000	0.0000	0.0000	0.0000	0.0000	0.0000	0.0000	0.0000	0.0000	0.0000	0.0000	0.0000	0.0000	0.0000	0.0000	0.0000	0.0000	0.0000	0.0000	0.0000	0.0000	0.0000	0.0000	0.0000	0.1138	0.0623	0.0516	0.0282	0.0205	0.0076	0.0857	0.0417	0.0440	0.0000	0.0000	0.0000	0.0000	0.0000	0.0000	0.0000	0.0000	0.0000	0.0000	0.0000	0.0000	0.0000	0.0000	0.0000	0.0000	0.0000	0.0000											
9	119	0.6223	8	0	1	1	1	0	0	0	0	N	N	N	N	N	N	N	N	N	N	N	N	0.0000	0.0000	0.0000	0.0000	0.0000	0.0000	0.0000	0.0000	0.0000	0.0000	0.0000	0.0000	0.0000	0.0000	0.0000	0.0000	0.0000	0.0000	0.0000	0.0000	0.0000	5.0000	2.0000	6.0000	0.0000	0.0000	0.0000	0.0000	0.0000	0.0000	0.0000	0.0000	0.0000	0.0000	0.0000	0.0000	0.0000	0.0000	0.0000	0.0000	0.0000	0.0000	0.0000	0.0000	0.0000	0.0000	0.0000	0.0000	0.0000	0.0000	0.0000	0.0176	0.0090	0.0085	0.0065	0.0055	0.0010	0.0111	0.0035	0.0075	0.0000	0.0000	0.0000	0.0000	0.0000	0.0000	0.0000	0.0000	0.0000	0.0000	0.0000	0.0000	0.0000	0.0000	0.0000	0.0000	0.0000	0.0000											
9	120	0.6504	9	0	1	1	1	0	0	0	0	N	N	N	N	N	N	N	N	N	N	N	N	0.0000	0.0000	0.0000	0.0000	0.0000	0.0000	0.0000	0.0000	0.0000	0.0000	0.0000	0.0000	0.0000	0.0000	0.0000	0.0000	0.0000	0.0000	0.0000	0.0000	0.0000	0.9998	2.0000	0.9486	0.0000	0.0000	0.0000	0.0000	0.0000	0.0000	0.0000	0.0000	0.0000	0.0000	0.0000	0.0000	0.0000	0.0000	0.0000	0.0000	0.0000	0.0000	0.0000	0.0000	0.0000	0.0000	0.0000	0.0000	0.0000	0.0000	0.0000	0.0061	0.0033	0.0027	0.0029	0.0025	0.0004	0.0032	0.0008	0.0024	0.0000	0.0000	0.0000	0.0000	0.0000	0.0000	0.0000	0.0000	0.0000	0.0000	0.0000	0.0000	0.0000	0.0000	0.0000	0.0000	0.0000	0.0000											
9	121	0.6223	8	0	1	1	1	0	0	0	0	N	N	N	N	N	N	N	N	N	N	N	N	0.0000	0.0000	0.0000	0.0000	0.0000	0.0000	0.0000	0.0000	0.0000	0.0000	0.0000	0.0000	0.0000	0.0000	0.0000	0.0000	0.0000	0.0000	0.0000	0.0000	0.0000	3.0005	2.0000	1.1085	0.0000	0.0000	0.0000	0.0000	0.0000	0.0000	0.0000	0.0000	0.0000	0.0000	0.0000	0.0000	0.0000	0.0000	0.0000	0.0000	0.0000	0.0000	0.0000	0.0000	0.0000	0.0000	0.0000	0.0000	0.0000	0.0000	0.0000	0.0125	0.0064	0.0061	0.0046	0.0039	0.0007	0.0079	0.0025	0.0054	0.0000	0.0000	0.0000	0.0000	0.0000	0.0000	0.0000	0.0000	0.0000	0.0000	0.0000	0.0000	0.0000	0.0000	0.0000	0.0000	0.0000	0.0000											
9	122	0.1074	6	0	1	1	1	0	0	0	0	N	N	N	N	N	N	N	N	N	N	N	N	0.0000	0.0000	0.0000	0.0000	0.0000	0.0000	0.0000	0.0000	0.0000	0.0000	0.0000	0.0000	0.0000	0.0000	0.0000	0.0000	0.0000	0.0000	0.0000	0.0000	0.0000	2.0001	2.0000	3.0000	0.0000	0.0000	0.0000	0.0000	0.0000	0.0000	0.0000	0.0000	0.0000	0.0000	0.0000	0.0000	0.0000	0.0000	0.0000	0.0000	0.0000	0.0000	0.0000	0.0000	0.0000	0.0000	0.0000	0.0000	0.0000	0.0000	0.0000	0.0177	0.0084	0.0093	0.0014	0.0012	0.0002	0.0162	0.0072	0.0090	0.0000	0.0000	0.0000	0.0000	0.0000	0.0000	0.0000	0.0000	0.0000	0.0000	0.0000	0.0000	0.0000	0.0000	0.0000	0.0000	0.0000	0.0000											
9	123	0.0662	5	0	0	1	1	0	0	0	0	N	N	N	N	N	N	N	N	N	N	N	N	0.0000	0.0000	0.0000	0.0000	0.0000	0.0000	0.0000	0.0000	0.0000	0.0000	0.0000	0.0000	0.0000	0.0000	0.0000	0.0000	0.0000	0.0000	0.0000	0.0000	0.0000	6.9986	2.0000	2.0000	0.0000	0.0000	0.0000	0.0000	0.0000	0.0000	0.0000	0.0000	0.0000	0.0000	0.0000	0.0000	0.0000	0.0000	0.0000	0.0000	0.0000	0.0000	0.0000	0.0000	0.0000	0.0000	0.0000	0.0000	0.0000	0.0000	0.0000	0.0593	0.0337	0.0257	0.0180	0.0133	0.0046	0.0413	0.0203	0.0210	0.0000	0.0000	0.0000	0.0000	0.0000	0.0000	0.0000	0.0000	0.0000	0.0000	0.0000	0.0000	0.0000	0.0000	0.0000	0.0000	0.0000	0.0000											
9	124	0.6558	9	0	1	1	1	0	0	0	0	N	N	N	N	N	N	N	N	N	N	N	N	0.0000	0.0000	0.0000	0.0000	0.0000	0.0000	0.0000	0.0000	0.0000	0.0000	0.0000	0.0000	0.0000	0.0018	0.0037	0.0000	0.0031	0.0029	0.0000	0.0000	0.0000	0.0000	0.0000	0.0000	-0.0000	0.0000	3.9006	2.0000	3.1543	0.0000	0.0000	0.0000	0.0000	0.0000	0.0000	0.0000	0.0000	0.0000	0.0000	0.0000	0.0000	0.0000	0.0000	0.0000	0.0000	0.0000	0.0000	0.0000	0.0000	0.0000	0.0000	0.0000	0.0000	0.0000	0.0000	0.0000	0.0213	0.0115	0.0098	0.0085	0.0072	0.0013	0.0128	0.0043	0.0085	0.0000	0.0000	0.0000	0.0000	0.0000	0.0000	0.0000	0.0000	0.0000	0.0005	0.0009	0.0000	0.0012	0.0014	0.0000	0.0000	0.0000	0.0000						
9	125	0.6223	8	0	1	1	1	0	0	0	0	N	N	N	N	N	N	N	N	N	N	N	N	0.0000	0.0000	0.0000	0.0000	0.0000	0.0000	0.0000	0.0000	0.0000	0.0000	0.0000	0.0000	0.0000	0.0062	0.0000	0.0019	0.0000	0.0000	0.0000	0.0048	0.0000	0.0021	inf	0.0000	0.0000	0.0000	1.6924	2.0000	1.9110	0.0000	0.0000	0.0000	0.0000	0.0000	0.0000	0.0000	0.0000	0.0000	0.0000	0.0000	0.0000	0.0000	0.0000	0.0000	0.0000	0.0000	0.0000	0.0000	0.0000	0.0000	0.0000	0.0000	0.0000	0.0000	0.0000	0.0000	0.0111	0.0057	0.0054	0.0041	0.0034	0.0006	0.0070	0.0023	0.0048	0.0000	0.0000	0.0000	0.0000	0.0000	0.0000	0.0000	0.0000	0.0000	0.0009	0.0000	0.0019	0.0000	0.0000	0.0000	0.0014	0.0000	0.0021						
9	126	0.0662	5	0	1	1	1	0	0	0	0	N	N	N	N	N	N	N	N	N	N	N	N	0.0000	0.0000	0.0000	0.0000	0.0000	0.0000	0.0000	0.0000	0.0000	0.0000	0.0000	0.0000	0.0000	0.0000	0.0000	0.0000	0.0000	0.0000	0.0000	0.0000	0.0000	0.9996	2.0000	8.0005	0.0000	0.0000	0.0000	0.0000	0.0000	0.0000	0.0000	0.0000	0.0000	0.0000	0.0000	0.0000	0.0000	0.0000	0.0000	0.0000	0.0000	0.0000	0.0000	0.0000	0.0000	0.0000	0.0000	0.0000	0.0000	0.0000	0.0000	0.0593	0.0337	0.0257	0.0180	0.0134	0.0046	0.0413	0.0203	0.0210	0.0000	0.0000	0.0000	0.0000	0.0000	0.0000	0.0000	0.0000	0.0000	0.0000	0.0000	0.0000	0.0000	0.0000	0.0000	0.0000	0.0000	0.0000											
9	127	0.1935	7	0	0	1	1	0	0	0	0	N	N	N	N	N	N	N	N	N	N	N	N	0.0000	0.0000	0.0000	0.0000	0.0000	0.0000	0.0000	0.0000	0.0000	0.0000	0.0000	0.0000	0.0000	0.6571	0.9628	0.0000	0.6694	0.7598	0.0000	0.0000	0.0000	0.0000	0.0000	0.0000	-0.0009	0.0000	3.6536	2.0000	12.3970	0.0000	0.0000	0.0000	0.0000	0.0000	0.0000	0.0000	0.0000	0.0000	0.0017	0.0017	0.0000	0.0017	0.0017	0.0000	0.0000	0.0000	0.0000	0.0000	0.0000	0.0000	0.0000	0.0000	0.0000	0.0000	0.0000	0.0000	0.1004	0.0614	0.0389	0.0394	0.0315	0.0079	0.0610	0.0299	0.0310	0.0000	0.0000	0.0000	0.0000	0.0000	0.0000	0.0000	0.0000	0.0000	0.0170	0.0278	0.0000	0.0434	0.0543	0.0000	0.0000	0.0000	0.0000						
9	128	0.3719	7	0	0	1	1	0	0	0	0	N	N	N	N	N	N	N	N	N	N	N	N	0.0000	0.0000	0.0000	0.0000	0.0000	0.0000	0.0000	0.0000	0.0000	0.0000	0.0000	0.0000	0.0000	0.1414	0.2689	0.0000	0.0512	0.0656	0.0000	0.0000	0.0000	0.0000	0.0000	0.0000	-0.0003	0.0000	5.3495	2.0000	12.4099	0.0000	0.0000	0.0000	0.0000	0.0000	0.0000	0.0000	0.0000	0.0000	0.0006	0.0006	0.0000	0.0006	0.0006	0.0000	0.0000	0.0000	0.0000	0.0000	0.0000	0.0000	0.0000	0.0000	0.0000	0.0000	0.0000	0.0000	0.1345	0.0874	0.0471	0.0761	0.0621	0.0140	0.0584	0.0253	0.0331	0.0000	0.0000	0.0000	0.0000	0.0000	0.0000	0.0000	0.0000	0.0000	0.0042	0.0064	0.0000	0.0074	0.0090	0.0000	0.0000	0.0000	0.0000						
9	129	0.1776	11	0	1	1	2	0	0	0	0	N	N	N	Y	N	N	N	N	N	N	N	N	0.0000	0.0000	0.0000	0.0000	0.0000	0.0000	0.0000	0.0000	0.0000	0.0000	0.0000	0.0000	0.0000	0.0000	0.0000	0.0000	0.0000	0.0000	0.0000	0.0000	0.0000	0.0000	2.0000	0.0000	0.0000	0.0000	0.0000	0.0000	0.0000	0.0000	0.0000	0.0000	0.0000	0.0000	0.0000	0.0000	0.0000	0.0000	0.0000	0.0000	0.0000	0.0000	0.0000	0.0000	0.0000	0.0000	0.0000	0.0000	0.0000	0.0000	0.0000	0.0000	0.0000	0.0000	0.0000	0.0000	0.0000	0.0000	0.0000	0.0000	0.0000	0.0000	0.0000	0.0000	0.0000	0.0000	0.0000	0.0000	0.0000	0.0000	0.0000	0.0000	0.0000	0.0000	0.0000	0.0000	0.0000	0.0000											
9	130	0.1613	10	0	1	1	2	0	0	0	0	N	N	N	Y	N	N	N	N	N	N	N	N	0.0000	0.0000	0.0000	0.0000	0.0000	0.0000	0.0000	0.0000	0.0000	0.0000	0.0000	0.0000	0.0000	0.0000	0.0000	0.0000	0.0000	0.0000	0.0000	0.0000	0.0000	0.0000	2.0000	3.0001	0.0000	0.0000	0.0000	0.0000	0.0000	0.0000	0.0000	0.0000	0.0000	0.0000	0.0000	0.0000	0.0000	0.0000	0.0000	0.0000	0.0000	0.0000	0.0000	0.0000	0.0000	0.0000	0.0000	0.0000	0.0000	0.0000	0.0000	0.0089	0.0041	0.0048	0.0010	0.0009	0.0001	0.0079	0.0032	0.0047	0.0000	0.0000	0.0000	0.0000	0.0000	0.0000	0.0000	0.0000	0.0000	0.0000	0.0000	0.0000	0.0000	0.0000	0.0000	0.0000	0.0000	0.0000											
9	131	0.1517	9	0	1	1	1	0	0	0	0	N	N	N	N	N	N	N	N	N	N	N	N	0.0000	0.0000	0.0000	0.0000	0.0000	0.0000	0.0000	0.0000	0.0000	0.0000	0.0000	0.0000	0.0000	0.0000	0.0000	0.0000	0.0000	0.0000	0.0000	0.0000	0.0000	0.0000	2.0000	0.0000	0.0000	0.0000	0.0000	0.0000	0.0000	0.0000	0.0000	0.0000	0.0000	0.0000	0.0000	0.0000	0.0000	0.0000	0.0000	0.0000	0.0000	0.0000	0.0000	0.0000	0.0000	0.0000	0.0000	0.0000	0.0000	0.0000	0.0000	0.0000	0.0000	0.0000	0.0000	0.0000	0.0000	0.0000	0.0000	0.0000	0.0000	0.0000	0.0000	0.0000	0.0000	0.0000	0.0000	0.0000	0.0000	0.0000	0.0000	0.0000	0.0000	0.0000	0.0000	0.0000	0.0000	0.0000											
9	132	0.1613	10	0	0	2	2	0	0	0	0	N	N	Y	Y	N	N	N	N	N	N	N	N	0.0000	0.0000	0.0000	0.0000	0.0000	0.0000	0.0000	0.0000	0.0000	0.0000	0.0000	0.0000	0.0000	0.0000	0.0000	0.0000	0.0000	0.0000	0.0000	0.0000	0.0000	0.0000	2.0000	1.9999	0.0000	0.0000	0.0000	0.0000	0.0000	0.0000	0.0000	0.0000	0.0000	0.0000	0.0000	0.0000	0.0000	0.0000	0.0000	0.0000	0.0000	0.0000	0.0000	0.0000	0.0000	0.0000	0.0000	0.0000	0.0000	0.0000	0.0000	0.0060	0.0027	0.0033	0.0007	0.0006	0.0001	0.0053	0.0022	0.0032	0.0000	0.0000	0.0000	0.0000	0.0000	0.0000	0.0000	0.0000	0.0000	0.0000	0.0000	0.0000	0.0000	0.0000	0.0000	0.0000	0.0000	0.0000											
9	133	0.1724	11	0	0	2	2	0	0	0	0	N	N	Y	Y	N	N	N	N	N	N	N	N	0.0000	0.0000	0.0000	0.0000	0.0000	0.0000	0.0000	0.0000	0.0000	0.0000	0.0000	0.0000	0.0000	0.0000	0.0000	0.0000	0.0000	0.0000	0.0000	0.0000	0.0000	1.0000	2.0000	0.0000	0.0000	0.0000	0.0000	0.0000	0.0000	0.0000	0.0000	0.0000	0.0000	0.0000	0.0000	0.0000	0.0000	0.0000	0.0000	0.0000	0.0000	0.0000	0.0000	0.0000	0.0000	0.0000	0.0000	0.0000	0.0000	0.0000	0.0000	0.0029	0.0013	0.0016	0.0003	0.0003	0.0000	0.0025	0.0010	0.0015	0.0000	0.0000	0.0000	0.0000	0.0000	0.0000	0.0000	0.0000	0.0000	0.0000	0.0000	0.0000	0.0000	0.0000	0.0000	0.0000	0.0000	0.0000											
9	134	0.1724	11	0	0	2	2	0	0	0	0	N	N	Y	Y	N	N	N	N	N	N	N	N	0.0000	0.0000	0.0000	0.0000	0.0000	0.0000	0.0000	0.0000	0.0000	0.0000	0.0000	0.0000	0.0000	0.0000	0.0000	0.0000	0.0000	0.0000	0.0000	0.0000	0.0000	0.0000	2.0000	0.0000	0.0000	0.0000	0.0000	0.0000	0.0000	0.0000	0.0000	0.0000	0.0000	0.0000	0.0000	0.0000	0.0000	0.0000	0.0000	0.0000	0.0000	0.0000	0.0000	0.0000	0.0000	0.0000	0.0000	0.0000	0.0000	0.0000	0.0000	0.0000	0.0000	0.0000	0.0000	0.0000	0.0000	0.0000	0.0000	0.0000	0.0000	0.0000	0.0000	0.0000	0.0000	0.0000	0.0000	0.0000	0.0000	0.0000	0.0000	0.0000	0.0000	0.0000	0.0000	0.0000	0.0000	0.0000											
9	135	0.1613	10	0	0	2	2	0	0	0	0	N	N	Y	Y	N	N	N	N	N	N	N	N	0.0000	0.0000	0.0000	0.0000	0.0000	0.0000	0.0000	0.0000	0.0000	0.0000	0.0000	0.0000	0.0000	0.0000	0.0000	0.0000	0.0000	0.0000	0.0000	0.0000	0.0000	2.0025	2.0000	0.9943	0.0000	0.0000	0.0000	0.0000	0.0000	0.0000	0.0000	0.0000	0.0000	0.0000	0.0000	0.0000	0.0000	0.0000	0.0000	0.0000	0.0000	0.0000	0.0000	0.0000	0.0000	0.0000	0.0000	0.0000	0.0000	0.0000	0.0000	0.0089	0.0041	0.0048	0.0010	0.0009	0.0001	0.0079	0.0032	0.0047	0.0000	0.0000	0.0000	0.0000	0.0000	0.0000	0.0000	0.0000	0.0000	0.0000	0.0000	0.0000	0.0000	0.0000	0.0000	0.0000	0.0000	0.0000											
9	136	0.1613	9	0	0	1	2	0	0	0	0	N	N	N	Y	N	N	N	N	N	N	N	N	0.0000	0.0000	0.0000	0.0000	0.0000	0.0000	0.0000	0.0000	0.0000	0.0000	0.0000	0.0000	0.0000	0.0000	0.0000	0.0000	0.0000	0.0000	0.0000	0.0000	0.0000	0.0050	2.0000	0.0173	0.0000	0.0000	0.0000	0.0000	0.0000	0.0000	0.0000	0.0000	0.0000	0.0000	0.0000	0.0000	0.0000	0.0000	0.0000	0.0000	0.0000	0.0000	0.0000	0.0000	0.0000	0.0000	0.0000	0.0000	0.0000	0.0000	0.0000	0.0001	0.0000	0.0000	0.0000	0.0000	0.0000	0.0001	0.0000	0.0000	0.0000	0.0000	0.0000	0.0000	0.0000	0.0000	0.0000	0.0000	0.0000	0.0000	0.0000	0.0000	0.0000	0.0000	0.0000	0.0000	0.0000	0.0000											
9	137	0.1517	8	0	0	1	2	0	0	0	0	N	N	N	Y	N	N	N	N	N	N	N	N	0.0000	0.0000	0.0000	0.0000	0.0000	0.0000	0.0000	0.0000	0.0000	0.0000	0.0000	0.0000	0.0000	0.0000	0.0000	0.0000	0.0000	0.0000	0.0000	0.0000	0.0000	1.9972	2.0000	1.0076	0.0000	0.0000	0.0000	0.0000	0.0000	0.0000	0.0000	0.0000	0.0000	0.0000	0.0000	0.0000	0.0000	0.0000	0.0000	0.0000	0.0000	0.0000	0.0000	0.0000	0.0000	0.0000	0.0000	0.0000	0.0000	0.0000	0.0000	0.0084	0.0038	0.0046	0.0010	0.0009	0.0001	0.0074	0.0030	0.0044	0.0000	0.0000	0.0000	0.0000	0.0000	0.0000	0.0000	0.0000	0.0000	0.0000	0.0000	0.0000	0.0000	0.0000	0.0000	0.0000	0.0000	0.0000											
9	138	0.1344	7	1	1	1	1	0	0	0	0	N	N	N	N	N	N	N	N	N	N	N	N	0.0000	0.0000	0.0000	0.0000	0.0000	0.0000	0.0000	0.0000	0.0000	0.0000	0.0000	0.0000	0.0000	0.0000	0.0000	0.0000	0.0000	0.0000	0.0000	0.0000	0.0000	0.0002	2.0000	2.3255	0.0000	0.0000	0.0000	0.0000	0.0000	0.0000	0.0000	0.0000	0.0000	0.0000	0.0000	0.0000	0.0000	0.0000	0.0000	0.0000	0.0000	0.0000	0.0000	0.0000	0.0000	0.0000	0.0000	0.0000	0.0000	0.0000	0.0000	0.0108	0.0062	0.0046	0.0025	0.0023	0.0002	0.0083	0.0039	0.0044	0.0000	0.0000	0.0000	0.0000	0.0000	0.0000	0.0000	0.0000	0.0000	0.0000	0.0000	0.0000	0.0000	0.0000	0.0000	0.0000	0.0000	0.0000											
9	139	0.1166	6	1	1	1	1	0	0	0	0	N	N	N	N	N	N	N	N	N	N	N	N	0.0000	0.0000	0.0000	0.0000	0.0000	0.0000	0.0000	0.0000	0.0000	0.0000	0.0000	0.0000	0.0000	0.0000	0.0000	0.0000	0.0000	0.0000	0.0000	0.0000	0.0000	2.0138	2.0000	2.7349	0.0000	0.0000	0.0000	0.0000	0.0000	0.0000	0.0000	0.0000	0.0000	0.0000	0.0000	0.0000	0.0000	0.0000	0.0000	0.0000	0.0000	0.0000	0.0000	0.0000	0.0000	0.0000	0.0000	0.0000	0.0000	0.0000	0.0000	0.0268	0.0149	0.0120	0.0067	0.0062	0.0005	0.0202	0.0086	0.0115	0.0000	0.0000	0.0000	0.0000	0.0000	0.0000	0.0000	0.0000	0.0000	0.0000	0.0000	0.0000	0.0000	0.0000	0.0000	0.0000	0.0000	0.0000											
9	140	0.1331	7	0	1	1	1	0	0	0	0	N	N	N	N	N	N	N	N	N	N	N	N	0.0000	0.0000	0.0000	0.0000	0.0000	0.0000	0.0000	0.0000	0.0000	0.0000	0.0000	0.0000	0.0000	0.0000	0.0000	0.0000	0.0000	0.0000	0.0000	0.0000	0.0000	1.9232	2.0000	1.1116	0.0000	0.0000	0.0000	0.0000	0.0000	0.0000	0.0000	0.0000	0.0000	0.0000	0.0000	0.0000	0.0000	0.0000	0.0000	0.0000	0.0000	0.0000	0.0000	0.0000	0.0000	0.0000	0.0000	0.0000	0.0000	0.0000	0.0000	0.0108	0.0054	0.0054	0.0018	0.0016	0.0002	0.0090	0.0038	0.0052	0.0000	0.0000	0.0000	0.0000	0.0000	0.0000	0.0000	0.0000	0.0000	0.0000	0.0000	0.0000	0.0000	0.0000	0.0000	0.0000	0.0000	0.0000											
9	141	0.6415	9	0	1	1	1	0	0	0	0	N	N	N	N	N	N	N	N	N	N	N	N	0.0000	0.0000	0.0000	0.0000	0.0000	0.0000	0.0000	0.0000	0.0000	0.0000	0.0000	0.0000	0.0000	0.0000	0.0000	0.0000	0.0000	0.0000	0.0000	0.0000	0.0000	3.0000	2.0000	1.0000	0.0000	0.0000	0.0000	0.0000	0.0000	0.0000	0.0000	0.0000	0.0000	0.0000	0.0000	0.0000	0.0000	0.0000	0.0000	0.0000	0.0000	0.0000	0.0000	0.0000	0.0000	0.0000	0.0000	0.0000	0.0000	0.0000	0.0000	0.0122	0.0063	0.0059	0.0045	0.0038	0.0007	0.0077	0.0025	0.0052	0.0000	0.0000	0.0000	0.0000	0.0000	0.0000	0.0000	0.0000	0.0000	0.0000	0.0000	0.0000	0.0000	0.0000	0.0000	0.0000	0.0000	0.0000											
9	142	0.6223	8	0	0	1	1	0	0	0	0	N	N	N	N	N	N	N	N	N	N	N	N	0.0000	0.0000	0.0000	0.0000	0.0000	0.0000	0.0000	0.0000	0.0000	0.0000	0.0000	0.0000	0.0000	0.0000	0.0000	0.0000	0.0000	0.0000	0.0000	0.0000	0.0000	1.0000	2.0000	1.0000	0.0000	0.0000	0.0000	0.0000	0.0000	0.0000	0.0000	0.0000	0.0000	0.0000	0.0000	0.0000	0.0000	0.0000	0.0000	0.0000	0.0000	0.0000	0.0000	0.0000	0.0000	0.0000	0.0000	0.0000	0.0000	0.0000	0.0000	0.0063	0.0033	0.0031	0.0023	0.0020	0.0004	0.0040	0.0013	0.0027	0.0000	0.0000	0.0000	0.0000	0.0000	0.0000	0.0000	0.0000	0.0000	0.0000	0.0000	0.0000	0.0000	0.0000	0.0000	0.0000	0.0000	0.0000											
9	143	0.3719	7	0	0	1	1	0	0	0	0	N	N	N	N	N	N	N	N	N	N	N	N	0.0000	0.0000	0.0000	0.0000	0.0000	0.0000	0.0000	0.0000	0.0000	0.0000	0.0000	0.0000	0.0000	0.1404	0.2676	0.0000	0.0509	0.0652	0.0000	0.0000	0.0000	0.0000	0.0000	0.0000	-0.0003	0.0000	7.1211	2.0000	10.9474	0.0000	0.0000	0.0000	0.0000	0.0000	0.0000	0.0000	0.0000	0.0000	0.0006	0.0006	0.0000	0.0006	0.0006	0.0000	0.0000	0.0000	0.0000	0.0000	0.0000	0.0000	0.0000	0.0000	0.0000	0.0000	0.0000	0.0000	0.1350	0.0876	0.0474	0.0762	0.0622	0.0140	0.0588	0.0254	0.0334	0.0000	0.0000	0.0000	0.0000	0.0000	0.0000	0.0000	0.0000	0.0000	0.0041	0.0064	0.0000	0.0074	0.0090	0.0000	0.0000	0.0000	0.0000						
9	144	0.1772	6	0	0	1	1	0	0	0	0	N	N	N	N	N	N	N	N	N	N	N	N	0.0000	0.0000	0.0000	0.0000	0.0000	0.0000	0.0000	0.0000	0.0000	0.0000	0.0000	0.0000	0.0000	0.0000	0.0000	0.0000	0.0000	0.0000	2.4595	3.2006	2.1671	0.0478	0.0644	0.0006	3.0398	5.3581	0.9379	0.1542	0.0000	-0.0725	0.0000	8.5175	2.0000	23.1696	0.0000	0.0000	0.0000	0.0000	0.0000	0.0000	0.0000	0.0000	0.0000	0.1866	0.1617	0.0249	0.0004	0.0003	0.0000	0.1863	0.1614	0.0249	0.0000	0.0000	0.0000	0.0000	0.0000	0.0000	0.0000	0.0000	0.0000	0.1414	0.0836	0.0578	0.0492	0.0390	0.0102	0.0922	0.0445	0.0477	0.0000	0.0000	0.0000	0.0000	0.0000	0.0000	0.0000	0.0000	0.0000	1.3200	1.9348	0.4313	0.0072	0.0089	0.0006	2.0203	3.6229	0.5230	
9	145	0.1517	9	1	1	1	1	0	0	0	0	N	N	N	N	N	N	N	N	N	N	N	N	0.0000	0.0000	0.0000	0.0000	0.0000	0.0000	0.0000	0.0000	0.0000	0.0000	0.0000	0.0000	0.0000	0.0000	0.0000	0.0000	0.0000	0.0000	0.0000	0.0000	0.0000	1.0000	2.0000	1.0000	0.0000	0.0000	0.0000	0.0000	0.0000	0.0000	0.0000	0.0000	0.0000	0.0000	0.0000	0.0000	0.0000	0.0000	0.0000	0.0000	0.0000	0.0000	0.0000	0.0000	0.0000	0.0000	0.0000	0.0000	0.0000	0.0000	0.0000	0.0057	0.0026	0.0031	0.0007	0.0006	0.0001	0.0050	0.0020	0.0030	0.0000	0.0000	0.0000	0.0000	0.0000	0.0000	0.0000	0.0000	0.0000	0.0000	0.0000	0.0000	0.0000	0.0000	0.0000	0.0000	0.0000	0.0000											
9	146	0.1517	8	0	1	1	1	0	0	0	0	N	N	N	N	N	N	N	N	N	N	N	N	0.0000	0.0000	0.0000	0.0000	0.0000	0.0000	0.0000	0.0000	0.0000	0.0000	0.0000	0.0000	0.0000	0.0000	0.0000	0.0000	0.0000	0.0000	0.0000	0.0000	0.0000	0.0003	2.0000	0.0000	0.0000	0.0000	0.0000	0.0000	0.0000	0.0000	0.0000	0.0000	0.0000	0.0000	0.0000	0.0000	0.0000	0.0000	0.0000	0.0000	0.0000	0.0000	0.0000	0.0000	0.0000	0.0000	0.0000	0.0000	0.0000	0.0000	0.0000	0.0000	0.0000	0.0000	0.0000	0.0000	0.0000	0.0000	0.0000	0.0000	0.0000	0.0000	0.0000	0.0000	0.0000	0.0000	0.0000	0.0000	0.0000	0.0000	0.0000	0.0000	0.0000	0.0000	0.0000	0.0000	0.0000	0.0000											
9	147	0.1331	7	0	0	1	1	0	0	0	0	N	N	N	N	N	N	N	N	N	N	N	N	0.0000	0.0000	0.0000	0.0000	0.0000	0.0000	0.0000	0.0000	0.0000	0.0000	0.0000	0.0000	0.0000	0.0000	0.0000	0.0000	0.0000	0.0000	0.0000	0.0000	0.0000	4.9449	2.0000	1.0063	0.0000	0.0000	0.0000	0.0000	0.0000	0.0000	0.0000	0.0000	0.0000	0.0000	0.0000	0.0000	0.0000	0.0000	0.0000	0.0000	0.0000	0.0000	0.0000	0.0000	0.0000	0.0000	0.0000	0.0000	0.0000	0.0000	0.0000	0.0192	0.0094	0.0098	0.0027	0.0024	0.0003	0.0165	0.0070	0.0095	0.0000	0.0000	0.0000	0.0000	0.0000	0.0000	0.0000	0.0000	0.0000	0.0000	0.0000	0.0000	0.0000	0.0000	0.0000	0.0000	0.0000	0.0000											
9	148	0.1166	6	0	0	1	1	0	0	0	0	N	N	N	N	N	N	N	N	N	N	N	N	0.0000	0.0000	0.0000	0.0000	0.0000	0.0000	0.0000	0.0000	0.0000	0.0000	0.0000	0.0000	0.0000	0.0002	0.0004	0.0000	0.0008	0.0007	0.0000	0.0000	0.0000	0.0000	0.0000	0.0000	-0.0000	0.0000	3.4778	2.0000	1.2917	0.0000	0.0000	0.0000	0.0000	0.0000	0.0000	0.0000	0.0000	0.0000	0.0000	0.0000	0.0000	0.0000	0.0000	0.0000	0.0000	0.0000	0.0000	0.0000	0.0000	0.0000	0.0000	0.0000	0.0000	0.0000	0.0000	0.0000	0.0269	0.0149	0.0120	0.0067	0.0062	0.0005	0.0202	0.0087	0.0116	0.0000	0.0000	0.0000	0.0000	0.0000	0.0000	0.0000	0.0000	0.0000	0.0001	0.0001	0.0000	0.0003	0.0003	0.0000	0.0000	0.0000	0.0000						
9	149	0.0662	5	0	0	1	1	0	0	0	0	N	N	N	N	N	N	N	N	N	N	N	N	0.0000	0.0000	0.0000	0.0000	0.0000	0.0000	0.0000	0.0000	0.0000	0.0000	0.0000	0.0000	0.0000	0.0000	0.0000	1.2348	1.2780	0.5238	0.0000	0.0000	0.0000	1.1832	2.4429	0.3130	2.0279	0.0000	0.0010	0.0000	7.8050	2.0000	4.0035	0.0000	0.0000	0.0000	0.0000	0.0000	0.0000	0.0000	0.0000	0.0000	0.0065	0.0022	0.0044	0.0000	0.0000	0.0000	0.0065	0.0022	0.0044	0.0000	0.0000	0.0000	0.0000	0.0000	0.0000	0.0000	0.0000	0.0000	0.0732	0.0412	0.0320	0.0213	0.0157	0.0056	0.0519	0.0255	0.0264	0.0000	0.0000	0.0000	0.0000	0.0000	0.0000	0.0000	0.0000	0.0000	0.0890	0.0522	0.1363	0.0000	0.0000	0.0000	0.1255	0.0844	0.1650				
9	150	0.1935	7	0	0	1	1	0	0	0	0	N	N	N	N	N	N	N	N	N	N	N	N	0.0000	0.0000	0.0000	0.0000	0.0000	0.0000	0.0000	0.0000	0.0000	0.0000	0.0000	0.0000	0.0000	0.6336	0.9335	0.0000	0.6463	0.7323	0.0000	0.0000	0.0000	0.0000	0.0000	0.0000	-0.0009	0.0000	3.7255	2.0000	14.1767	0.0000	0.0000	0.0000	0.0000	0.0000	0.0000	0.0000	0.0000	0.0000	0.0017	0.0017	0.0000	0.0017	0.0017	0.0000	0.0000	0.0000	0.0000	0.0000	0.0000	0.0000	0.0000	0.0000	0.0000	0.0000	0.0000	0.0000	0.1062	0.0646	0.0416	0.0409	0.0326	0.0083	0.0653	0.0320	0.0332	0.0000	0.0000	0.0000	0.0000	0.0000	0.0000	0.0000	0.0000	0.0000	0.0161	0.0265	0.0000	0.0418	0.0525	0.0000	0.0000	0.0000	0.0000						
9	151	0.1772	6	0	0	1	1	0	0	0	0	N	N	N	N	N	N	N	N	N	N	N	N	0.0000	0.0000	0.0000	0.0000	0.0000	0.0000	0.0000	0.0000	0.0000	0.0000	0.0000	0.0000	0.0000	0.0000	0.0000	0.0000	0.0000	0.0000	1.0252	1.1447	0.1914	0.8191	0.8052	0.0001	0.6297	1.0248	0.1432	0.8708	0.0000	-0.0002	0.0000	1.4205	2.0000	4.0377	0.0000	0.0000	0.0000	0.0000	0.0000	0.0000	0.0000	0.0000	0.0000	0.0032	0.0017	0.0015	0.0015	0.0015	0.0000	0.0017	0.0002	0.0015	0.0000	0.0000	0.0000	0.0000	0.0000	0.0000	0.0000	0.0000	0.0000	0.0628	0.0409	0.0219	0.0292	0.0249	0.0043	0.0335	0.0159	0.0176	0.0000	0.0000	0.0000	0.0000	0.0000	0.0000	0.0000	0.0000	0.0000	0.0506	0.0415	0.0675	0.0502	0.0588	0.0001	0.0509	0.0144	0.0838	
9	152	0.0662	5	0	0	1	1	0	0	0	0	N	N	N	N	N	N	N	N	N	N	N	N	0.0000	0.0000	0.0000	0.0000	0.0000	0.0000	0.0000	0.0000	0.0000	0.0000	0.0000	0.0000	0.0000	0.0000	0.0000	0.5931	0.0775	0.0899	0.0000	0.0000	0.0000	0.2864	0.4229	0.0377	5.3913	0.0000	0.0005	0.0000	6.4701	2.0000	12.4371	0.0000	0.0000	0.0000	0.0000	0.0000	0.0000	0.0000	0.0000	0.0000	0.0015	0.0002	0.0012	0.0000	0.0000	0.0000	0.0015	0.0002	0.0012	0.0000	0.0000	0.0000	0.0000	0.0000	0.0000	0.0000	0.0000	0.0000	0.1012	0.0559	0.0453	0.0266	0.0194	0.0071	0.0747	0.0365	0.0382	0.0000	0.0000	0.0000	0.0000	0.0000	0.0000	0.0000	0.0000	0.0000	0.0145	0.0041	0.0274	0.0000	0.0000	0.0000	0.0197	0.0063	0.0325				
10	11	0.6467	6	2	2	0	0	0	0	0	0	Y	Y	N	N	N	N	N	N	N	N	N	N	inf	inf	inf	inf	0.0022	0.0025	0.0000	0.0026	0.0028	0.0000	0.0000	0.0000	0.0000	0.0000	0.0000	0.0000	0.0000	0.0000	0.0000	0.0000	0.0000	0.0000	0.0000	-0.0000	0.0000	0.0266	6.9996	2.0614	1.0001	0.0000	0.0000	0.0000	0.0000	0.0000	0.0000	0.0000	0.0000	0.0000	0.0000	0.0000	0.0000	0.0000	0.0000	0.0000	0.0000	0.0000	0.0000	0.0135	0.0122	0.0012	0.0116	0.0106	0.0010	0.0019	0.0016	0.0003	0.0289	0.0166	0.0122	0.0156	0.0136	0.0020	0.0133	0.0031	0.0103	inf	inf	0.0000	inf	inf	0.0000	0.0000	0.0000	0.0000	0.0000	0.0000	0.0000	0.0000	0.0000	0.0000	0.0000	0.0000	0.0000						
10	12	0.0779	3	2	1	1	0	0	0	0	0	Y	N	N	N	N	N	N	N	N	N	N	N	29.7340	249.5768	0.0000	0.0000	1749.0735	1661.5600	0.1711	0.0000	0.4463	0.0000	0.0000	0.0000	0.3361	0.0000	0.4477	0.0058	0.0000	0.0018	0.0251	0.0000	0.6733	0.0002	0.0000	0.0003	inf	inf	0.0000	0.0000	0.0266	0.0000	2.0614	1.0091	0.0000	0.0000	0.0000	0.0000	0.0000	0.0000	0.0000	0.0000	0.0000	0.0000	0.0000	0.0000	0.0000	0.0000	0.0000	0.0000	0.0000	0.0000	0.0000	0.0000	0.0000	0.0000	0.0000	0.0000	0.0000	0.0000	0.0000	0.0136	0.0070	0.0066	0.0019	0.0019	0.0001	0.0117	0.0051	0.0066	196.7219	0.0000	249.5768	0.0000	0.0000	0.0000	2221.3874	0.0000	1661.5600	0.0009	0.0000	0.0018	0.0053	0.0000	0.1932	0.0002	0.0000	0.0003			
10	13	0.6679	10	2	1	1	0	0	0	0	0	Y	N	N	N	N	N	N	N	N	N	N	N	0.0000	0.0000	0.0000	0.0000	0.0000	0.0000	0.0000	0.0000	0.0000	0.0000	0.0000	0.0000	0.0000	0.0000	0.0000	0.0000	0.0000	0.0000	0.0000	0.0000	0.0266	0.0000	2.0614	0.0000	0.0000	0.0000	0.0000	0.0000	0.0000	0.0000	0.0000	0.0000	0.0000	0.0000	0.0000	0.0000	0.0000	0.0000	0.0000	0.0000	0.0000	0.0000	0.0000	0.0000	0.0000	0.0000	0.0000	0.0000	0.0000	0.0000	0.0000	0.0000	0.0000	0.0000	0.0000	0.0000	0.0000	0.0000	0.0000	0.0000	0.0000	0.0000	0.0000	0.0000	0.0000	0.0000	0.0000	0.0000	0.0000	0.0000	0.0000	0.0000	0.0000	0.0000	0.0000	0.0000	0.0000	0.0000											
10	14	0.6679	9	2	1	1	0	0	0	0	0	Y	N	N	N	N	N	N	N	N	N	N	N	0.0000	0.0000	0.0000	0.0000	0.0000	0.0000	0.0000	0.0000	0.0000	0.0000	0.0000	0.0000	0.0000	0.0000	0.0000	0.0000	0.0000	0.0000	0.0000	0.0000	0.0266	0.0000	2.0614	0.0000	0.0000	0.0000	0.0000	0.0000	0.0000	0.0000	0.0000	0.0000	0.0000	0.0000	0.0000	0.0000	0.0000	0.0000	0.0000	0.0000	0.0000	0.0000	0.0000	0.0000	0.0000	0.0000	0.0000	0.0000	0.0000	0.0000	0.0000	0.0000	0.0000	0.0000	0.0000	0.0000	0.0000	0.0000	0.0000	0.0000	0.0000	0.0000	0.0000	0.0000	0.0000	0.0000	0.0000	0.0000	0.0000	0.0000	0.0000	0.0000	0.0000	0.0000	0.0000	0.0000	0.0000	0.0000											
10	15	0.0978	4	2	2	0	1	0	0	0	0	Y	Y	N	N	N	N	N	N	N	N	N	N	0.0125	0.0209	0.0000	0.0341	0.0376	0.0000	0.0000	0.0000	0.0086	0.0096	0.0000	0.0136	0.0146	0.0000	0.0000	0.0000	0.0000	0.6905	0.4621	0.0871	0.4001	0.3869	0.0104	0.2860	0.0000	0.0328	0.0000	4.4977	-0.0000	0.0001	0.0266	1.0049	2.0614	0.9915	0.0001	0.0001	0.0000	0.0001	0.0001	0.0000	0.0000	0.0000	0.0000	0.0004	0.0001	0.0004	0.0001	0.0001	0.0000	0.0004	0.0000	0.0004	0.0071	0.0064	0.0007	0.0045	0.0042	0.0003	0.0026	0.0022	0.0004	0.0215	0.0080	0.0135	0.0033	0.0032	0.0001	0.0182	0.0049	0.0134	0.4310	0.9834	0.0000	0.5657	0.5866	0.0000	0.0000	0.0000	0.0000	0.0201	0.0098	0.0262	0.0241	0.0248	0.0064	0.0193	0.0000	0.0264	
10	16	0.7006	9	2	2	0	1	0	0	0	0	Y	Y	N	N	N	N	N	N	N	N	N	N	5.7753	39.0171	5.8955	27.6838	0.2325	0.6867	0.0026	0.0000	0.0216	0.0040	0.0000	0.0487	0.0001	0.0000	0.0003	0.0005	0.0000	0.0006	0.0007	0.0000	0.0018	0.0002	0.0000	0.0004	inf	inf	0.0000	0.0000	0.0266	2.0025	2.0614	0.0085	0.0000	0.0000	0.0000	0.0000	0.0000	0.0000	0.0000	0.0000	0.0000	0.0000	0.0000	0.0000	0.0000	0.0000	0.0000	0.0000	0.0000	0.0000	0.0056	0.0050	0.0007	0.0036	0.0033	0.0003	0.0020	0.0016	0.0004	0.0143	0.0092	0.0051	0.0044	0.0039	0.0005	0.0099	0.0053	0.0046	13.0600	0.0000	39.0171	22.0969	0.0000	31.8616	0.2765	0.0000	0.6867	0.0002	0.0000	0.0006	0.0002	0.0000	0.0015	0.0002	0.0000	0.0004			
10	17	0.0840	5	2	1	1	0	0	0	0	0	Y	N	N	N	N	N	N	N	N	N	N	N	0.0000	0.0000	0.0000	0.0000	0.0000	0.0000	0.0000	0.0000	0.0000	0.0000	0.0000	0.0000	0.0000	0.0000	0.0000	0.0000	0.0000	0.0000	0.0000	0.0000	0.0266	0.0000	2.0614	0.0000	0.0000	0.0000	0.0000	0.0000	0.0000	0.0000	0.0000	0.0000	0.0000	0.0000	0.0000	0.0000	0.0000	0.0000	0.0000	0.0000	0.0000	0.0000	0.0000	0.0000	0.0000	0.0000	0.0000	0.0000	0.0000	0.0000	0.0000	0.0000	0.0000	0.0000	0.0000	0.0000	0.0000	0.0000	0.0000	0.0000	0.0000	0.0000	0.0000	0.0000	0.0000	0.0000	0.0000	0.0000	0.0000	0.0000	0.0000	0.0000	0.0000	0.0000	0.0000	0.0000	0.0000	0.0000											
10	18	0.6513	6	1	1	1	0	0	0	0	0	N	N	N	N	N	N	N	N	N	N	N	N	0.0000	0.0000	0.0000	0.0000	0.0000	0.0000	0.0000	0.0000	0.0000	0.0000	0.0000	0.0000	0.0000	0.0000	0.0000	0.0000	0.0000	0.0000	0.0000	0.0000	0.0266	0.0000	2.0614	0.0000	0.0000	0.0000	0.0000	0.0000	0.0000	0.0000	0.0000	0.0000	0.0000	0.0000	0.0000	0.0000	0.0000	0.0000	0.0000	0.0000	0.0000	0.0000	0.0000	0.0000	0.0000	0.0000	0.0000	0.0000	0.0000	0.0000	0.0000	0.0000	0.0000	0.0000	0.0000	0.0000	0.0000	0.0000	0.0000	0.0000	0.0000	0.0000	0.0000	0.0000	0.0000	0.0000	0.0000	0.0000	0.0000	0.0000	0.0000	0.0000	0.0000	0.0000	0.0000	0.0000	0.0000	0.0000											
10	19	0.0493	2	2	2	0	0	0	0	0	0	Y	Y	N	N	N	N	N	N	N	N	N	N	inf	inf	inf	inf	inf	inf	0.9852	0.0000	12.9524	0.0161	0.0000	1.3880	1.8330	0.0000	13.8394	0.0000	0.0000	0.0000	0.0000	0.0000	0.0000	0.0000	0.0000	0.0000	inf	0.0097	0.0000	0.0266	3.0000	2.0614	0.0000	0.0131	0.0000	0.0131	0.0001	0.0000	0.0001	0.0130	0.0000	0.0130	0.0000	0.0000	0.0000	0.0000	0.0000	0.0000	0.0000	0.0000	0.0000	0.0133	0.0123	0.0010	0.0062	0.0061	0.0001	0.0071	0.0062	0.0009	0.0249	0.0094	0.0155	0.0026	0.0025	0.0001	0.0223	0.0069	0.0154	inf	0.0000	inf	inf	0.0000	inf	inf	0.0000	inf	0.0000	0.0000	0.0000	0.0000	0.0000	0.0000	0.0000	0.0000	0.0000				
10	20	0.0717	3	1	2	0	0	0	0	0	0	N	Y	N	N	N	N	N	N	N	N	N	N	0.0000	0.0000	0.0000	0.0000	0.0000	0.0000	0.0000	0.0000	0.0000	0.0000	0.0000	0.0000	0.0000	0.0000	0.0000	0.0000	0.0000	0.0000	0.0000	0.0000	0.0266	0.0000	2.0614	1.0000	0.0000	0.0000	0.0000	0.0000	0.0000	0.0000	0.0000	0.0000	0.0000	0.0000	0.0000	0.0000	0.0000	0.0000	0.0000	0.0000	0.0000	0.0000	0.0000	0.0000	0.0000	0.0000	0.0000	0.0000	0.0000	0.0000	0.0000	0.0122	0.0056	0.0066	0.0009	0.0009	0.0000	0.0112	0.0047	0.0065	0.0000	0.0000	0.0000	0.0000	0.0000	0.0000	0.0000	0.0000	0.0000	0.0000	0.0000	0.0000	0.0000	0.0000	0.0000	0.0000	0.0000	0.0000											
10	21	0.0978	4	1	1	0	1	0	0	0	0	N	N	N	N	N	N	N	N	N	N	N	N	0.0075	45.2896	0.0000	9.7404	47.7565	0.0000	0.0000	0.0000	0.0048	0.0053	0.0000	0.0075	0.0080	0.0000	0.0000	0.0000	0.0000	0.6362	0.0001	0.0846	0.0008	0.0002	0.0101	0.2771	0.0000	0.0326	0.0000	18709.1799	-0.0000	0.0002	0.0266	2.0045	2.0614	0.0106	0.0001	0.0001	0.0000	0.0001	0.0001	0.0000	0.0000	0.0000	0.0000	0.0004	0.0000	0.0004	0.0000	0.0000	0.0000	0.0004	0.0000	0.0004	0.0129	0.0116	0.0013	0.0082	0.0077	0.0005	0.0047	0.0040	0.0008	0.0217	0.0081	0.0136	0.0033	0.0032	0.0001	0.0184	0.0049	0.0135	0.2927	2262.3083	0.0000	29.4667	1355.0716	0.0000	0.0000	0.0000	0.0000	0.0163	0.0000	0.0259	0.0003	0.0000	0.0063	0.0192	0.0000	0.0261	
10	22	0.0685	3	1	1	0	1	0	0	0	0	N	N	N	N	N	N	N	N	N	N	N	N	0.0340	185.6811	0.0000	463.1502	560.1926	0.0000	0.0000	0.0000	0.0000	0.8225	0.8885	0.0000	1.6823	1.7068	0.0000	0.0000	0.0000	0.0000	24.1991	0.0048	40.7828	0.0036	0.0030	0.0000	27.3196	0.0145	47.1409	0.0000	60233.4719	-0.0035	0.4738	0.0266	1.9989	2.0614	1.0099	0.0134	0.0134	0.0000	0.0134	0.0134	0.0000	0.0000	0.0000	0.0000	0.9912	0.0000	0.9911	0.0000	0.0000	0.0000	0.9912	0.0000	0.9911	0.0163	0.0151	0.0012	0.0080	0.0078	0.0001	0.0083	0.0072	0.0011	0.0410	0.0167	0.0243	0.0047	0.0045	0.0002	0.0363	0.0122	0.0241	0.0340	899.3634	0.0000	1189.6910	1158.0776	0.0000	0.0000	0.0000	0.0000	24.1991	0.0010	40.7828	0.0014	0.0015	0.0000	27.3196	0.0008	41.1076
10	23	0.6475	8	1	2	0	1	0	0	0	0	N	Y	N	N	N	N	N	N	N	N	N	N	0.0000	0.0000	0.0000	0.0000	0.0000	0.0000	0.0000	0.0000	0.0000	0.0000	0.0000	0.0000	0.0000	0.0000	0.0000	0.0004	0.0000	0.0004	0.0001	0.0000	0.0000	0.0003	0.0000	0.0004	inf	0.0000	0.0000	0.0266	0.0000	2.0614	1.0024	0.0000	0.0000	0.0000	0.0000	0.0000	0.0000	0.0000	0.0000	0.0000	0.0000	0.0000	0.0000	0.0000	0.0000	0.0000	0.0000	0.0000	0.0000	0.0000	0.0000	0.0000	0.0000	0.0000	0.0000	0.0000	0.0000	0.0000	0.0048	0.0026	0.0022	0.0021	0.0018	0.0003	0.0027	0.0007	0.0019	0.0000	0.0000	0.0000	0.0000	0.0000	0.0000	0.0000	0.0000	0.0000	0.0002	0.0000	0.0004	0.0000	0.0000	0.0000	0.0003	0.0000	0.0004				
10	24	0.0717	3	1	2	0	0	0	0	0	0	N	Y	N	N	N	N	N	N	N	N	N	N	0.0000	0.0000	0.0000	0.0000	0.0000	0.0000	0.0000	0.0000	0.0000	0.0000	0.0000	0.0000	0.0000	0.0000	0.0000	0.0000	0.0000	0.0000	0.0000	0.0000	0.0266	0.0000	2.0614	0.0000	0.0000	0.0000	0.0000	0.0000	0.0000	0.0000	0.0000	0.0000	0.0000	0.0000	0.0000	0.0000	0.0000	0.0000	0.0000	0.0000	0.0000	0.0000	0.0000	0.0000	0.0000	0.0000	0.0000	0.0000	0.0000	0.0000	0.0000	0.0000	0.0000	0.0000	0.0000	0.0000	0.0000	0.0000	0.0000	0.0000	0.0000	0.0000	0.0000	0.0000	0.0000	0.0000	0.0000	0.0000	0.0000	0.0000	0.0000	0.0000	0.0000	0.0000	0.0000	0.0000	0.0000	0.0000											
10	25	0.6792	8	1	2	0	0	0	0	0	0	N	Y	N	N	N	N	N	N	N	N	N	N	0.0015	0.0011	0.6855	0.0038	0.0038	inf	0.0000	0.0000	0.0000	0.0000	0.0000	0.0000	0.0000	0.0000	0.0000	0.0000	0.0000	0.0109	0.0137	0.0000	0.0049	0.0046	0.0000	0.0001	0.0000	0.0001	0.2246	0.0112	-0.0000	-0.0000	0.0266	0.9998	2.0614	0.0242	0.0000	0.0000	0.0000	0.0000	0.0000	0.0000	0.0000	0.0000	0.0000	0.0000	0.0000	0.0000	0.0000	0.0000	0.0000	0.0000	0.0000	0.0000	0.0021	0.0019	0.0002	0.0018	0.0016	0.0002	0.0003	0.0003	0.0000	0.0054	0.0037	0.0017	0.0036	0.0033	0.0003	0.0017	0.0003	0.0014	0.0126	0.0078	0.6855	0.0099	0.0084	inf	0.0000	0.0000	0.0000	0.0013	0.0019	0.0000	0.0019	0.0021	0.0000	0.0000	0.0000	0.0001	
10	26	0.7169	11	1	2	0	1	0	0	0	0	N	Y	N	N	N	N	N	N	N	N	N	N	0.0000	0.0000	0.0000	0.0000	0.0000	0.0000	0.0000	0.0000	0.0000	0.0000	0.0000	0.0000	0.0000	0.0000	0.0000	0.0000	0.0000	0.0000	0.0000	0.0000	0.0266	0.0000	2.0614	0.0000	0.0000	0.0000	0.0000	0.0000	0.0000	0.0000	0.0000	0.0000	0.0000	0.0000	0.0000	0.0000	0.0000	0.0000	0.0000	0.0000	0.0000	0.0000	0.0000	0.0000	0.0000	0.0000	0.0000	0.0000	0.0000	0.0000	0.0000	0.0000	0.0000	0.0000	0.0000	0.0000	0.0000	0.0000	0.0000	0.0000	0.0000	0.0000	0.0000	0.0000	0.0000	0.0000	0.0000	0.0000	0.0000	0.0000	0.0000	0.0000	0.0000	0.0000	0.0000	0.0000	0.0000	0.0000											
10	27	0.0954	3	2	2	0	0	0	0	0	0	Y	Y	N	N	N	N	N	N	N	N	N	N	0.0159	0.0000	5.2030	0.0079	0.0000	0.2993	0.0095	0.0946	0.0006	0.0000	0.0077	0.0011	0.0000	0.0777	0.0000	0.0000	0.0001	0.0357	0.0678	0.0015	0.1346	0.0899	0.2597	0.0018	0.0000	0.0013	inf	0.5520	0.0000	-0.0000	0.0266	0.0418	2.0614	6.1659	0.0000	0.0000	0.0000	0.0000	0.0000	0.0000	0.0000	0.0000	0.0000	0.0001	0.0001	0.0000	0.0001	0.0001	0.0000	0.0000	0.0000	0.0000	0.0002	0.0002	0.0000	0.0001	0.0001	0.0000	0.0001	0.0001	0.0000	0.0426	0.0170	0.0256	0.0065	0.0065	0.0001	0.0360	0.0105	0.0255	0.2275	0.0000	5.2030	0.0944	0.0000	0.9429	0.0187	0.0000	0.0946	0.0025	0.0040	0.0015	0.0113	0.0106	0.0824	0.0009	0.0000	0.0013	
10	28	0.1024	6	1	1	0	1	0	0	0	0	N	N	N	N	N	N	N	N	N	N	N	N	0.0007	0.0004	0.0077	0.0007	0.0008	0.0009	0.0002	0.0037	0.0003	0.0003	0.0000	0.0005	0.0005	0.0001	0.0000	0.0000	0.0000	0.3943	0.7123	0.0031	0.7052	0.6362	0.0958	0.0081	0.0000	0.0027	0.0079	0.2776	-0.0000	-0.0001	0.0266	1.5398	2.0614	1.0296	0.0000	0.0000	0.0000	0.0000	0.0000	0.0000	0.0000	0.0000	0.0000	0.0002	0.0001	0.0000	0.0001	0.0001	0.0000	0.0000	0.0000	0.0000	0.0058	0.0053	0.0005	0.0031	0.0031	0.0001	0.0026	0.0022	0.0004	0.0209	0.0084	0.0125	0.0031	0.0030	0.0001	0.0177	0.0054	0.0124	0.0313	0.0175	0.0077	0.0106	0.0108	0.0023	0.0009	0.0000	0.0037	0.0084	0.0164	0.0031	0.0454	0.0457	0.0385	0.0019	0.0000	0.0027	
10	29	0.0972	5	1	1	0	1	0	0	0	0	N	N	N	N	N	N	N	N	N	N	N	N	0.0011	0.0011	0.0073	0.0027	0.0029	0.0014	0.0007	0.0002	0.0220	0.0008	0.0009	0.0006	0.0014	0.0014	0.0001	0.0002	0.0001	0.0007	0.7443	0.7737	0.0832	0.5050	0.4803	0.0784	0.2938	0.6581	0.0325	0.0697	1.8720	-0.0000	0.0000	0.0266	0.8816	2.0614	0.0702	0.0000	0.0000	0.0000	0.0000	0.0000	0.0000	0.0000	0.0000	0.0000	0.0002	0.0001	0.0001	0.0001	0.0000	0.0000	0.0001	0.0000	0.0001	0.0032	0.0029	0.0003	0.0018	0.0017	0.0001	0.0015	0.0012	0.0002	0.0087	0.0037	0.0050	0.0015	0.0015	0.0001	0.0072	0.0022	0.0050	0.0379	0.0477	0.0240	0.0427	0.0439	0.0033	0.0102	0.0120	0.0283	0.0223	0.0182	0.0254	0.0323	0.0323	0.0326	0.0202	0.0088	0.0253
10	30	0.6628	9	1	1	0	1	0	0	0	0	N	N	N	N	N	N	N	N	N	N	N	N	0.0000	0.0000	0.0000	0.0000	0.0000	0.0000	0.0000	0.0000	0.0000	0.0000	0.0000	0.0000	0.0000	0.0000	0.0000	0.0000	0.0000	0.0000	0.0000	0.0000	0.0266	0.0000	2.0614	0.0000	0.0000	0.0000	0.0000	0.0000	0.0000	0.0000	0.0000	0.0000	0.0000	0.0000	0.0000	0.0000	0.0000	0.0000	0.0000	0.0000	0.0000	0.0000	0.0000	0.0000	0.0000	0.0000	0.0000	0.0000	0.0000	0.0000	0.0000	0.0000	0.0000	0.0000	0.0000	0.0000	0.0000	0.0000	0.0000	0.0000	0.0000	0.0000	0.0000	0.0000	0.0000	0.0000	0.0000	0.0000	0.0000	0.0000	0.0000	0.0000	0.0000	0.0000	0.0000	0.0000	0.0000	0.0000											
10	31	0.6696	7	2	1	1	0	0	0	0	0	Y	N	N	N	N	N	N	N	N	N	N	N	0.0000	0.0000	0.0000	0.0000	0.0000	0.0000	0.0000	0.0000	0.0000	0.0000	0.0000	0.0000	0.0000	0.0000	0.0000	0.0000	0.0000	0.0000	0.0000	0.0000	0.0266	0.0000	2.0614	0.0000	0.0000	0.0000	0.0000	0.0000	0.0000	0.0000	0.0000	0.0000	0.0000	0.0000	0.0000	0.0000	0.0000	0.0000	0.0000	0.0000	0.0000	0.0000	0.0000	0.0000	0.0000	0.0000	0.0000	0.0000	0.0000	0.0000	0.0000	0.0000	0.0000	0.0000	0.0000	0.0000	0.0000	0.0000	0.0000	0.0000	0.0000	0.0000	0.0000	0.0000	0.0000	0.0000	0.0000	0.0000	0.0000	0.0000	0.0000	0.0000	0.0000	0.0000	0.0000	0.0000	0.0000	0.0000											
10	32	0.6054	5	1	2	0	0	0	0	0	0	N	Y	N	N	N	N	N	N	N	N	N	N	0.0000	0.0000	0.0000	0.0000	0.0000	0.0000	0.0000	0.0000	0.0000	0.0000	0.0000	0.0000	0.0000	0.0000	0.0000	0.0000	0.0000	0.0000	0.0000	0.0000	0.0266	0.0006	2.0614	3.0000	0.0000	0.0000	0.0000	0.0000	0.0000	0.0000	0.0000	0.0000	0.0000	0.0000	0.0000	0.0000	0.0000	0.0000	0.0000	0.0000	0.0000	0.0000	0.0000	0.0000	0.0000	0.0000	0.0000	0.0000	0.0000	0.0000	0.0000	0.0151	0.0079	0.0072	0.0060	0.0052	0.0008	0.0091	0.0027	0.0065	0.0000	0.0000	0.0000	0.0000	0.0000	0.0000	0.0000	0.0000	0.0000	0.0000	0.0000	0.0000	0.0000	0.0000	0.0000	0.0000	0.0000	0.0000											
10	33	0.6054	5	1	2	0	0	0	0	0	0	N	Y	N	N	N	N	N	N	N	N	N	N	0.0000	0.0000	0.0000	0.0000	0.0000	0.0000	0.0000	0.0000	0.0000	0.0000	0.0000	0.0000	0.0000	0.0005	0.0000	0.0005	0.0000	0.0000	0.0000	0.0004	0.0000	0.0005	inf	0.0000	0.0000	0.0266	2.0006	2.0614	8.0000	0.0000	0.0000	0.0000	0.0000	0.0000	0.0000	0.0000	0.0000	0.0000	0.0000	0.0000	0.0000	0.0000	0.0000	0.0000	0.0000	0.0000	0.0000	0.0064	0.0059	0.0005	0.0041	0.0038	0.0003	0.0023	0.0021	0.0003	0.0461	0.0242	0.0219	0.0185	0.0161	0.0024	0.0275	0.0081	0.0195	0.0000	0.0000	0.0000	0.0000	0.0000	0.0000	0.0000	0.0000	0.0000	0.0002	0.0000	0.0005	0.0000	0.0000	0.0000	0.0004	0.0000	0.0005						
10	34	0.6467	6	2	2	0	0	0	0	0	0	Y	Y	N	N	N	N	N	N	N	N	N	N	170.3260	inf	0.0036	745.8130	inf	0.0019	0.0009	0.0100	0.3209	0.3530	0.0000	0.3745	0.4082	0.0000	0.0000	0.0000	0.0000	0.0019	0.0000	0.0011	0.0005	0.0000	0.0009	0.0020	0.0000	0.0012	0.0000	inf	-0.0015	0.0000	0.0266	10.0001	2.0614	4.0001	0.0058	0.0058	0.0000	0.0058	0.0058	0.0000	0.0000	0.0000	0.0000	0.0000	0.0000	0.0000	0.0000	0.0000	0.0000	0.0000	0.0000	0.0000	0.0181	0.0165	0.0017	0.0155	0.0142	0.0013	0.0026	0.0022	0.0004	0.0475	0.0273	0.0201	0.0256	0.0223	0.0033	0.0219	0.0051	0.0168	678.0781	inf	0.0036	3885.7718	inf	0.0023	0.0019	0.0000	0.0100	0.0005	0.0000	0.0011	0.0001	0.0000	0.0007	0.0009	0.0000	0.0012	
10	35	0.6054	5	1	2	0	0	0	0	0	0	N	Y	N	N	N	N	N	N	N	N	N	N	1.5639	0.7877	1.3005	1.4968	0.0021	0.0023	0.0000	0.0034	0.0036	0.0000	0.0000	0.0000	0.0000	0.0014	0.0029	0.0000	0.0026	0.0024	0.0000	0.0000	0.0000	0.0000	0.0000	0.0000	-0.0000	-0.0000	0.0266	3.0004	2.0614	2.0000	0.0000	0.0000	0.0000	0.0000	0.0000	0.0000	0.0000	0.0000	0.0000	0.0000	0.0000	0.0000	0.0000	0.0000	0.0000	0.0000	0.0000	0.0000	0.0094	0.0086	0.0008	0.0060	0.0056	0.0004	0.0034	0.0031	0.0004	0.0245	0.0128	0.0117	0.0098	0.0085	0.0013	0.0148	0.0043	0.0105	5.2288	2.9740	0.0000	3.2783	3.0578	0.0000	0.0000	0.0000	0.0000	0.0004	0.0008	0.0000	0.0010	0.0012	0.0000	0.0000	0.0000	0.0000					
10	36	0.0493	2	1	2	0	0	0	0	0	0	N	Y	N	N	N	N	N	N	N	N	N	N	0.0000	0.0000	0.0000	0.0000	0.0000	0.0000	0.0000	0.0000	0.0000	0.0000	0.0000	0.0000	0.0000	0.0015	0.0057	0.0000	0.0156	0.0144	0.0000	0.0000	0.0000	0.0000	0.0000	0.0000	-0.0000	0.0266	3.0000	2.0614	3.0000	0.0000	0.0000	0.0000	0.0000	0.0000	0.0000	0.0000	0.0000	0.0000	0.0000	0.0000	0.0000	0.0000	0.0000	0.0000	0.0000	0.0000	0.0000	0.0133	0.0123	0.0010	0.0062	0.0061	0.0001	0.0071	0.0062	0.0009	0.0472	0.0179	0.0293	0.0051	0.0048	0.0002	0.0421	0.0131	0.0291	0.0000	0.0000	0.0000	0.0000	0.0000	0.0000	0.0000	0.0000	0.0000	0.0004	0.0011	0.0000	0.0040	0.0041	0.0000	0.0000	0.0000	0.0000						
10	37	0.6356	6	2	2	0	0	0	0	0	0	Y	Y	N	N	N	N	N	N	N	N	N	N	inf	inf	inf	inf	0.4750	0.5659	0.0000	0.6261	0.7714	0.0000	0.0000	0.0000	0.0000	0.0000	0.0000	0.0000	0.0000	0.0000	0.0000	0.0000	0.0000	0.0000	0.0000	-0.0025	0.0000	0.0266	4.2779	2.0614	3.9542	0.0094	0.0094	0.0000	0.0094	0.0094	0.0000	0.0000	0.0000	0.0000	0.0000	0.0000	0.0000	0.0000	0.0000	0.0000	0.0000	0.0000	0.0000	0.0199	0.0167	0.0032	0.0151	0.0122	0.0028	0.0048	0.0044	0.0004	0.0355	0.0191	0.0165	0.0154	0.0134	0.0020	0.0201	0.0057	0.0144	inf	inf	0.0000	inf	inf	0.0000	0.0000	0.0000	0.0000	0.0000	0.0000	0.0000	0.0000	0.0000	0.0000	0.0000	0.0000	0.0000						
10	38	0.1160	6	2	2	0	0	0	0	0	0	Y	Y	N	N	N	N	N	N	N	N	N	N	0.0009	0.0002	0.2766	0.0003	0.0003	0.0270	0.0041	0.0195	0.0001	0.0001	0.0001	0.0001	0.0001	0.0007	0.0000	0.0000	0.0000	0.0839	0.3858	0.0005	0.4308	0.4024	0.0259	0.0003	0.0000	0.0004	0.2060	0.0992	-0.0000	-0.0000	0.0266	2.8243	2.0614	1.0201	0.0000	0.0000	0.0000	0.0000	0.0000	0.0000	0.0000	0.0000	0.0000	0.0001	0.0001	0.0000	0.0001	0.0001	0.0000	0.0000	0.0000	0.0000	0.0098	0.0089	0.0009	0.0053	0.0052	0.0002	0.0045	0.0037	0.0007	0.0288	0.0111	0.0176	0.0035	0.0033	0.0001	0.0253	0.0078	0.0175	0.0212	0.0082	0.2766	0.0050	0.0043	0.0583	0.0049	0.0000	0.0195	0.0034	0.0079	0.0005	0.0258	0.0264	0.0120	0.0003	0.0000	0.0004	
10	39	0.6467	6	1	2	0	0	0	0	0	0	N	Y	N	N	N	N	N	N	N	N	N	N	1.1452	inf	0.0000	inf	inf	0.0010	inf	0.0000	0.0030	0.0033	0.0000	0.0034	0.0038	0.0000	0.0000	0.0000	0.0000	0.0026	0.0000	0.0013	0.0000	0.0000	0.0000	0.0032	0.0000	0.0016	0.0000	inf	-0.0000	0.0000	0.0266	5.0001	2.0614	5.0000	0.0000	0.0000	0.0000	0.0000	0.0000	0.0000	0.0000	0.0000	0.0000	0.0000	0.0000	0.0000	0.0000	0.0000	0.0000	0.0000	0.0000	0.0000	0.0101	0.0091	0.0009	0.0087	0.0080	0.0007	0.0014	0.0012	0.0002	0.0354	0.0204	0.0150	0.0191	0.0166	0.0025	0.0163	0.0038	0.0125	5.2693	inf	0.0000	inf	inf	0.0000	0.0026	inf	0.0000	0.0006	0.0000	0.0013	0.0000	0.0000	0.0000	0.0012	0.0000	0.0016	
10	40	0.0717	3	1	2	0	0	0	0	0	0	N	Y	N	N	N	N	N	N	N	N	N	N	0.0000	0.0000	0.0000	0.0000	0.0000	0.0000	0.0000	0.0000	0.0000	0.0000	0.0000	0.0000	0.0000	0.0000	0.0000	0.0000	0.0000	0.0000	0.0000	0.0000	0.0266	0.0000	2.0614	2.0000	0.0000	0.0000	0.0000	0.0000	0.0000	0.0000	0.0000	0.0000	0.0000	0.0000	0.0000	0.0000	0.0000	0.0000	0.0000	0.0000	0.0000	0.0000	0.0000	0.0000	0.0000	0.0000	0.0000	0.0000	0.0000	0.0000	0.0000	0.0238	0.0109	0.0128	0.0019	0.0018	0.0001	0.0219	0.0091	0.0128	0.0000	0.0000	0.0000	0.0000	0.0000	0.0000	0.0000	0.0000	0.0000	0.0000	0.0000	0.0000	0.0000	0.0000	0.0000	0.0000	0.0000	0.0000											
10	41	0.6467	6	1	2	0	0	0	0	0	0	N	Y	N	N	N	N	N	N	N	N	N	N	0.3795	inf	0.0000	inf	inf	0.0000	0.0000	0.0025	0.0028	0.0000	0.0029	0.0032	0.0000	0.0000	0.0000	0.0000	0.0067	0.0000	0.0022	0.0000	0.0000	0.0000	0.0100	0.0000	0.0026	0.0000	inf	-0.0000	0.0000	0.0266	5.9998	2.0614	3.0000	0.0000	0.0000	0.0000	0.0000	0.0000	0.0000	0.0000	0.0000	0.0000	0.0000	0.0000	0.0000	0.0000	0.0000	0.0000	0.0000	0.0000	0.0000	0.0118	0.0107	0.0011	0.0102	0.0093	0.0009	0.0016	0.0014	0.0002	0.0322	0.0185	0.0136	0.0173	0.0151	0.0022	0.0148	0.0034	0.0114	2.7226	inf	0.0000	inf	inf	0.0000	0.0000	0.0000	0.0000	0.0009	0.0000	0.0022	0.0000	0.0000	0.0000	0.0020	0.0000	0.0026		
10	42	0.1378	7	1	2	1	1	0	0	0	0	N	Y	N	N	N	N	N	N	N	N	N	N	4.2927	inf	0.0000	19.7258	inf	0.0000	0.0000	0.0000	0.0013	0.0014	0.0000	0.0025	0.0026	0.0000	0.0000	0.0000	0.0000	0.0003	0.0000	0.0002	0.0001	0.0000	0.0000	0.0002	0.0000	0.0002	0.0000	inf	-0.0000	0.0000	0.0266	0.0011	2.0614	1.0134	0.0000	0.0000	0.0000	0.0000	0.0000	0.0000	0.0000	0.0000	0.0000	0.0000	0.0000	0.0000	0.0000	0.0000	0.0000	0.0000	0.0000	0.0000	0.0000	0.0000	0.0000	0.0000	0.0000	0.0000	0.0000	0.0000	0.0000	0.0067	0.0027	0.0040	0.0008	0.0007	0.0000	0.0059	0.0020	0.0040	10.5728	inf	0.0000	1401.7122	inf	0.0000	0.0000	0.0000	0.0000	0.0001	0.0000	0.0002	0.0000	0.0000	0.0000	0.0001	0.0000	0.0002	
10	43	0.1160	6	1	1	0	1	0	0	0	0	N	N	N	N	N	N	N	N	N	N	N	N	1.4239	5.7316	0.0000	1.6420	4.8454	0.0000	0.0032	inf	0.0000	0.0020	0.0022	0.0000	0.0037	0.0039	0.0000	0.0000	0.0000	0.0000	0.0014	0.0004	0.0006	0.0023	0.0008	0.0366	0.0004	0.0000	0.0005	0.0000	9.4483	-0.0000	0.0000	0.0266	2.8187	2.0614	0.0347	0.0000	0.0000	0.0000	0.0000	0.0000	0.0000	0.0000	0.0000	0.0000	0.0000	0.0000	0.0000	0.0000	0.0000	0.0000	0.0000	0.0000	0.0000	0.0098	0.0089	0.0009	0.0053	0.0052	0.0002	0.0044	0.0037	0.0007	0.0218	0.0084	0.0133	0.0026	0.0025	0.0001	0.0191	0.0059	0.0132	4.8571	21.5415	0.0000	3.9076	11.2092	0.0000	0.0036	inf	0.0000	0.0004	0.0001	0.0006	0.0010	0.0003	0.0160	0.0003	0.0000	0.0005
10	44	0.1033	5	1	1	0	0	0	0	0	0	N	N	N	N	N	N	N	N	N	N	N	N	0.0007	0.0048	0.0374	0.0043	0.0047	0.5065	0.0064	0.0045	0.1040	0.0002	0.0002	0.0007	0.0001	0.0001	0.0000	0.0004	0.0003	0.0009	0.3039	0.0342	0.0195	0.0218	0.0205	0.0001	0.0562	0.0575	0.0085	0.4424	4.2221	0.0000	0.0000	0.0266	0.9605	2.0614	1.0076	0.0000	0.0000	0.0000	0.0000	0.0000	0.0000	0.0000	0.0000	0.0000	0.0001	0.0000	0.0001	0.0000	0.0000	0.0000	0.0001	0.0000	0.0001	0.0035	0.0032	0.0003	0.0019	0.0019	0.0001	0.0016	0.0013	0.0003	0.0152	0.0058	0.0094	0.0018	0.0017	0.0001	0.0134	0.0041	0.0093	0.0338	0.0517	0.0869	0.0194	0.0190	0.5065	0.0549	0.1088	0.1040	0.0064	0.0032	0.0084	0.0049	0.0051	0.0001	0.0066	0.0024	0.0085
10	45	0.6586	8	1	2	1	1	0	0	0	0	N	Y	N	N	N	N	N	N	N	N	N	N	0.0000	0.0000	0.0000	0.0000	0.0000	0.0000	0.0000	0.0000	0.0000	0.0000	0.0000	0.0000	0.0000	0.0257	0.0000	0.0054	0.0000	0.0000	0.0000	0.0286	0.0000	0.0054	inf	0.0000	0.0000	0.0266	1.0000	2.0614	1.0000	0.0000	0.0000	0.0000	0.0000	0.0000	0.0000	0.0000	0.0000	0.0000	0.0000	0.0000	0.0000	0.0000	0.0000	0.0000	0.0000	0.0000	0.0000	0.0023	0.0020	0.0003	0.0019	0.0017	0.0002	0.0003	0.0003	0.0001	0.0092	0.0050	0.0042	0.0040	0.0035	0.0005	0.0051	0.0015	0.0037	0.0000	0.0000	0.0000	0.0000	0.0000	0.0000	0.0000	0.0000	0.0000	0.0022	0.0000	0.0048	0.0000	0.0000	0.0000	0.0039	0.0000	0.0054						
10	46	0.0493	2	1	2	0	0	0	0	0	0	N	Y	N	N	N	N	N	N	N	N	N	N	0.0000	0.0000	0.0000	0.0000	0.0000	0.0000	0.0000	0.0000	0.0000	0.0000	0.0000	0.0000	0.0000	0.0000	0.0000	0.0000	0.0000	0.0000	0.0000	0.0000	0.0266	0.0000	2.0614	0.0000	0.0000	0.0000	0.0000	0.0000	0.0000	0.0000	0.0000	0.0000	0.0000	0.0000	0.0000	0.0000	0.0000	0.0000	0.0000	0.0000	0.0000	0.0000	0.0000	0.0000	0.0000	0.0000	0.0000	0.0000	0.0000	0.0000	0.0000	0.0000	0.0000	0.0000	0.0000	0.0000	0.0000	0.0000	0.0000	0.0000	0.0000	0.0000	0.0000	0.0000	0.0000	0.0000	0.0000	0.0000	0.0000	0.0000	0.0000	0.0000	0.0000	0.0000	0.0000	0.0000	0.0000	0.0000											
10	47	0.1033	5	1	2	0	1	0	0	0	0	N	Y	N	N	N	N	N	N	N	N	N	N	4159.7651	inf	0.0000	inf	inf	0.0000	0.0000	0.2006	0.3455	0.0000	0.3960	0.3979	0.0000	0.0000	0.0000	0.0000	0.0000	0.0000	0.0000	0.0000	0.0000	0.0000	0.0000	0.0000	0.0000	0.0000	inf	-0.0000	0.0000	0.0266	0.0000	2.0614	1.0000	0.0000	0.0000	0.0000	0.0000	0.0000	0.0000	0.0000	0.0000	0.0000	0.0000	0.0000	0.0000	0.0000	0.0000	0.0000	0.0000	0.0000	0.0000	0.0000	0.0000	0.0000	0.0000	0.0000	0.0000	0.0000	0.0000	0.0000	0.0079	0.0030	0.0048	0.0009	0.0009	0.0000	0.0069	0.0021	0.0048	204940.2855	inf	0.0000	inf	inf	0.0000	0.0000	0.0000	0.0000	0.0000	0.0000	0.0000	0.0000	0.0000	0.0000	0.0000	0.0000	0.0000		
10	48	0.0493	2	2	2	0	0	0	0	0	0	Y	Y	N	N	N	N	N	N	N	N	N	N	0.0000	0.0000	0.0000	0.0000	0.0000	0.0000	0.0000	0.0000	0.0000	0.0000	0.0000	0.0000	0.0000	0.0030	0.0097	0.0000	0.0318	0.0285	0.0000	0.0000	0.0000	0.0000	0.0000	0.0000	-0.0000	0.0266	0.0000	2.0614	4.0000	0.0000	0.0000	0.0000	0.0000	0.0000	0.0000	0.0000	0.0000	0.0000	0.0000	0.0000	0.0000	0.0000	0.0000	0.0000	0.0000	0.0000	0.0000	0.0000	0.0000	0.0000	0.0000	0.0000	0.0000	0.0000	0.0000	0.0000	0.0326	0.0123	0.0203	0.0035	0.0033	0.0001	0.0292	0.0090	0.0201	0.0000	0.0000	0.0000	0.0000	0.0000	0.0000	0.0000	0.0000	0.0000	0.0006	0.0016	0.0000	0.0058	0.0060	0.0000	0.0000	0.0000	0.0000						
10	49	0.1240	6	1	1	1	0	0	0	0	0	N	N	N	N	N	N	N	N	N	N	N	N	0.0000	0.0000	0.0000	0.0000	0.0000	0.0000	0.0000	0.0000	0.0000	0.0000	0.0000	0.0000	0.0000	0.0000	0.0000	0.0000	0.0000	0.0000	0.0000	0.0000	0.0266	0.0000	2.0614	0.0000	0.0000	0.0000	0.0000	0.0000	0.0000	0.0000	0.0000	0.0000	0.0000	0.0000	0.0000	0.0000	0.0000	0.0000	0.0000	0.0000	0.0000	0.0000	0.0000	0.0000	0.0000	0.0000	0.0000	0.0000	0.0000	0.0000	0.0000	0.0000	0.0000	0.0000	0.0000	0.0000	0.0000	0.0000	0.0000	0.0000	0.0000	0.0000	0.0000	0.0000	0.0000	0.0000	0.0000	0.0000	0.0000	0.0000	0.0000	0.0000	0.0000	0.0000	0.0000	0.0000	0.0000	0.0000											
10	50	0.6677	7	1	1	1	0	0	0	0	0	N	N	N	N	N	N	N	N	N	N	N	N	0.0000	0.0000	0.0000	0.0000	0.0000	0.0000	0.0000	0.0000	0.0000	0.0000	0.0000	0.0000	0.0000	0.0000	0.0000	0.0000	0.0000	0.0000	0.0000	0.0000	0.0266	1.0000	2.0614	1.0000	0.0000	0.0000	0.0000	0.0000	0.0000	0.0000	0.0000	0.0000	0.0000	0.0000	0.0000	0.0000	0.0000	0.0000	0.0000	0.0000	0.0000	0.0000	0.0032	0.0029	0.0003	0.0020	0.0019	0.0001	0.0012	0.0010	0.0001	0.0091	0.0047	0.0044	0.0040	0.0035	0.0005	0.0051	0.0012	0.0039	0.0000	0.0000	0.0000	0.0000	0.0000	0.0000	0.0000	0.0000	0.0000	0.0000	0.0000	0.0000	0.0000	0.0000	0.0000	0.0000	0.0000	0.0000											
10	51	0.6722	7	1	2	0	0	0	0	0	0	N	Y	N	N	N	N	N	N	N	N	N	N	2.0292	1.6389	0.0000	5.6975	8.2588	0.0000	0.0000	0.0000	0.0000	0.2172	0.2813	0.0000	0.2971	0.4227	0.0000	0.0000	0.0000	0.0000	0.1070	0.1716	0.0007	0.0521	0.0512	0.0000	0.0006	0.0003	0.0008	0.0000	0.0859	-0.0000	-0.0000	0.0266	0.0003	2.0614	0.9690	0.0000	0.0000	0.0000	0.0000	0.0000	0.0000	0.0000	0.0000	0.0000	0.0000	0.0000	0.0000	0.0000	0.0000	0.0000	0.0000	0.0000	0.0000	0.0000	0.0000	0.0000	0.0000	0.0000	0.0000	0.0000	0.0000	0.0000	0.0059	0.0035	0.0023	0.0026	0.0023	0.0003	0.0033	0.0012	0.0020	61.0787	51.7812	0.0000	40.3186	51.1970	0.0000	0.0000	0.0000	0.0000	0.0036	0.0054	0.0007	0.0074	0.0083	0.0000	0.0005	0.0000	0.0008
10	52	0.1273	6	1	2	0	0	0	0	0	0	N	Y	N	N	N	N	N	N	N	N	N	N	0.0788	0.0381	0.0000	0.0559	0.0799	0.0000	0.0073	inf	0.0000	0.0051	0.0055	0.0000	0.0093	0.0095	0.0000	0.0000	0.0000	0.0000	0.0642	0.1452	0.0019	0.1658	0.1194	0.0723	0.0027	0.0000	0.0016	0.0000	0.5459	-0.0000	-0.0000	0.0266	0.9211	2.0614	0.1671	0.0000	0.0000	0.0000	0.0000	0.0000	0.0000	0.0000	0.0000	0.0000	0.0000	0.0000	0.0000	0.0000	0.0000	0.0000	0.0000	0.0000	0.0000	0.0036	0.0033	0.0003	0.0020	0.0019	0.0001	0.0017	0.0014	0.0003	0.0097	0.0039	0.0058	0.0017	0.0016	0.0001	0.0080	0.0023	0.0057	1.6114	1.0959	0.0000	0.7378	0.7969	0.0000	0.0178	inf	0.0000	0.0031	0.0050	0.0019	0.0126	0.0120	0.0304	0.0011	0.0000	0.0016
10	53	0.6586	8	1	2	0	0	0	0	0	0	N	Y	N	N	N	N	N	N	N	N	N	N	1293.7899	28654.4307	inf	inf	80.0591	1180.9388	5.9248	0.0000	47.5729	6.8818	0.0000	58.1489	0.3602	0.0000	2.2436	0.0046	0.0000	0.0017	0.0000	0.0000	0.0000	0.0045	0.0000	0.0019	inf	inf	0.0100	0.0000	0.0266	1.0000	2.0614	5.0000	0.0135	0.0000	0.0135	0.0133	0.0000	0.0133	0.0001	0.0000	0.0001	0.0000	0.0000	0.0000	0.0000	0.0000	0.0000	0.0000	0.0000	0.0000	0.0023	0.0020	0.0003	0.0019	0.0017	0.0002	0.0003	0.0003	0.0001	0.0263	0.0143	0.0120	0.0116	0.0101	0.0015	0.0147	0.0042	0.0105	7804.3822	0.0000	28654.4307	inf	0.0000	inf	264.9670	0.0000	1180.9388	0.0008	0.0000	0.0017	0.0000	0.0000	0.0000	0.0014	0.0000	0.0019			
10	54	0.6434	7	1	1	0	0	0	0	0	0	N	N	N	N	N	N	N	N	N	N	N	N	13769.4497	inf	0.0000	inf	inf	0.0000	0.0000	0.2213	0.2873	0.0000	0.3032	0.4338	0.0000	0.0000	0.0000	0.0000	0.0000	0.0000	0.0000	0.0000	0.0000	0.0000	0.0000	0.0000	0.0000	0.0000	inf	-0.0000	0.0000	0.0266	0.0000	2.0614	2.9157	0.0000	0.0000	0.0000	0.0000	0.0000	0.0000	0.0000	0.0000	0.0000	0.0000	0.0000	0.0000	0.0000	0.0000	0.0000	0.0000	0.0000	0.0000	0.0000	0.0000	0.0000	0.0000	0.0000	0.0000	0.0000	0.0000	0.0000	0.0132	0.0071	0.0061	0.0058	0.0050	0.0008	0.0074	0.0021	0.0053	1393762.4710	inf	0.0000	inf	inf	0.0000	0.0000	0.0000	0.0000	0.0000	0.0000	0.0000	0.0000	0.0000	0.0000	0.0000	0.0000	0.0000		
10	55	0.1033	5	1	2	0	0	0	0	0	0	N	Y	N	N	N	N	N	N	N	N	N	N	322.0258	0.0000	26608209.8851	0.1382	0.0000	inf	7478626.2377	32181760.6086	0.8176	0.0000	9.1465	0.0026	0.0000	0.0886	1.7910	0.0000	11.1495	0.0025	0.0080	0.0000	0.0191	0.0174	0.0000	0.0000	0.0000	0.0000	inf	0.0004	0.0042	-0.0000	0.0266	2.0000	2.0614	3.0000	0.0057	0.0000	0.0057	0.0000	0.0000	0.0000	0.0057	0.0000	0.0057	0.0000	0.0000	0.0000	0.0000	0.0000	0.0000	0.0000	0.0000	0.0000	0.0070	0.0063	0.0006	0.0038	0.0037	0.0001	0.0032	0.0027	0.0005	0.0365	0.0141	0.0224	0.0044	0.0042	0.0002	0.0322	0.0099	0.0222	1492.9826	0.0000	26608209.8851	0.5774	0.0000	inf	7478626.2377	0.0000	32181760.6086	0.0005	0.0014	0.0000	0.0046	0.0048	0.0000	0.0000	0.0000	0.0000	
10	56	0.6356	6	1	2	0	1	0	0	0	0	N	Y	N	N	N	N	N	N	N	N	N	N	961.4010	5691.8046	inf	inf	43.0132	610.4851	0.6387	0.0000	3.2986	0.8499	0.0000	3.5261	0.0223	0.0000	0.4039	0.0007	0.0000	0.0006	0.0000	0.0000	0.0000	0.0005	0.0000	0.0007	inf	inf	0.0072	0.0000	0.0266	1.7218	2.0614	6.9557	0.0097	0.0000	0.0097	0.0096	0.0000	0.0096	0.0001	0.0000	0.0001	0.0000	0.0000	0.0000	0.0000	0.0000	0.0000	0.0000	0.0000	0.0000	0.0152	0.0123	0.0029	0.0113	0.0086	0.0027	0.0039	0.0037	0.0002	0.0373	0.0200	0.0173	0.0161	0.0140	0.0021	0.0211	0.0060	0.0151	2380.0134	0.0000	5691.8046	inf	0.0000	inf	47.1429	0.0000	610.4851	0.0003	0.0000	0.0006	0.0000	0.0000	0.0000	0.0005	0.0000	0.0007			
10	57	0.6467	6	2	1	1	0	0	0	0	0	Y	N	N	N	N	N	N	N	N	N	N	N	inf	inf	inf	inf	0.8091	0.8907	0.0000	0.9425	1.0280	0.0000	0.0000	0.0000	0.0000	0.0000	0.0000	0.0000	0.0000	0.0000	0.0000	0.0000	0.0000	0.0000	0.0000	-0.0035	0.0000	0.0266	8.9999	2.0614	5.0001	0.0135	0.0135	0.0000	0.0135	0.0135	0.0000	0.0000	0.0000	0.0000	0.0000	0.0000	0.0000	0.0000	0.0000	0.0000	0.0000	0.0000	0.0000	0.0166	0.0151	0.0015	0.0143	0.0131	0.0012	0.0024	0.0020	0.0003	0.0475	0.0273	0.0201	0.0256	0.0223	0.0033	0.0219	0.0051	0.0168	inf	inf	0.0000	inf	inf	0.0000	0.0000	0.0000	0.0000	0.0000	0.0000	0.0000	0.0000	0.0000	0.0000	0.0000	0.0000	0.0000						
10	58	0.0493	2	2	1	1	0	0	0	0	0	Y	N	N	N	N	N	N	N	N	N	N	N	0.0000	0.0000	0.0000	0.0000	0.0000	0.0000	0.0000	0.0000	0.0000	0.0000	0.0000	0.0000	0.0000	0.0000	0.0000	0.0000	0.0000	0.0000	0.0000	0.0000	0.0266	0.0000	2.0614	1.0000	0.0000	0.0000	0.0000	0.0000	0.0000	0.0000	0.0000	0.0000	0.0000	0.0000	0.0000	0.0000	0.0000	0.0000	0.0000	0.0000	0.0000	0.0000	0.0000	0.0000	0.0000	0.0000	0.0000	0.0000	0.0000	0.0000	0.0000	0.0086	0.0032	0.0054	0.0009	0.0009	0.0000	0.0077	0.0024	0.0054	0.0000	0.0000	0.0000	0.0000	0.0000	0.0000	0.0000	0.0000	0.0000	0.0000	0.0000	0.0000	0.0000	0.0000	0.0000	0.0000	0.0000	0.0000											
10	59	0.6722	7	1	1	1	0	0	0	0	0	N	N	N	N	N	N	N	N	N	N	N	N	197.1483	inf	0.0000	346.7462	inf	0.0000	0.0000	0.0000	0.2056	0.2644	0.0000	0.2787	0.3905	0.0000	0.0000	0.0000	0.0000	0.0010	0.0000	0.0009	0.0008	0.0000	0.0031	0.0005	0.0000	0.0007	0.0000	inf	-0.0000	0.0000	0.0266	0.0006	2.0614	1.1867	0.0000	0.0000	0.0000	0.0000	0.0000	0.0000	0.0000	0.0000	0.0000	0.0000	0.0000	0.0000	0.0000	0.0000	0.0000	0.0000	0.0000	0.0000	0.0000	0.0000	0.0000	0.0000	0.0000	0.0000	0.0000	0.0000	0.0000	0.0069	0.0041	0.0028	0.0030	0.0027	0.0003	0.0038	0.0014	0.0025	572.4490	inf	0.0000	1025.7411	inf	0.0000	0.0000	0.0000	0.0000	0.0004	0.0000	0.0009	0.0003	0.0000	0.0024	0.0004	0.0000	0.0007	
10	60	0.6356	6	1	1	0	0	0	0	0	0	N	N	N	N	N	N	N	N	N	N	N	N	972.6448	626.0131	inf	449.0994	658.8601	inf	inf	inf	0.2300	0.2819	0.0007	0.3071	0.3967	0.0008	0.0000	0.0000	0.0001	0.0002	0.0005	0.0000	0.0007	0.0006	0.0000	0.0000	0.0000	0.0000	0.0006	0.0000	-0.0010	-0.0000	0.0266	2.2785	2.0614	4.8627	0.0037	0.0037	0.0000	0.0037	0.0037	0.0000	0.0000	0.0000	0.0000	0.0000	0.0000	0.0000	0.0000	0.0000	0.0000	0.0000	0.0000	0.0000	0.0163	0.0133	0.0030	0.0122	0.0094	0.0028	0.0041	0.0038	0.0002	0.0312	0.0168	0.0145	0.0135	0.0117	0.0018	0.0177	0.0050	0.0127	2906.1932	1912.4729	inf	1679.3567	1882.8986	inf	inf	0.0000	inf	0.0001	0.0001	0.0000	0.0002	0.0002	0.0000	0.0000	0.0000	0.0000	
10	61	0.1273	6	1	1	1	0	0	0	0	0	N	N	N	N	N	N	N	N	N	N	N	N	0.1170	0.0000	8.5144	0.0943	0.0000	4.5030	0.0406	0.2127	0.0004	0.0000	0.0048	0.0007	0.0000	0.0262	0.0000	0.0000	0.0001	0.0035	0.0031	0.0006	0.0079	0.0058	0.0058	0.0004	0.0000	0.0005	inf	1.0819	0.0000	-0.0000	0.0266	1.0901	2.0614	7.9319	0.0000	0.0000	0.0000	0.0000	0.0000	0.0000	0.0000	0.0000	0.0000	0.0000	0.0000	0.0000	0.0000	0.0000	0.0000	0.0000	0.0000	0.0000	0.0042	0.0039	0.0004	0.0023	0.0022	0.0001	0.0019	0.0016	0.0003	0.0620	0.0244	0.0376	0.0085	0.0081	0.0004	0.0535	0.0163	0.0372	0.6287	0.0000	8.5144	0.2995	0.0000	6.4372	0.0474	0.0000	0.2127	0.0007	0.0008	0.0006	0.0025	0.0024	0.0041	0.0004	0.0000	0.0005	
10	62	0.0972	5	1	1	0	0	0	0	0	0	N	N	N	N	N	N	N	N	N	N	N	N	0.0306	0.0306	0.0086	0.0224	0.0278	0.0036	0.0004	0.0000	0.0030	0.0005	0.0005	0.0000	0.0009	0.0009	0.0000	0.0000	0.0000	0.0000	0.0163	0.0178	0.0013	0.0407	0.0339	0.0128	0.0017	0.0004	0.0013	0.0021	0.9315	-0.0000	-0.0000	0.0266	1.6797	2.0614	2.9843	0.0000	0.0000	0.0000	0.0000	0.0000	0.0000	0.0000	0.0000	0.0000	0.0001	0.0000	0.0000	0.0000	0.0000	0.0000	0.0000	0.0000	0.0000	0.0059	0.0054	0.0005	0.0032	0.0031	0.0001	0.0027	0.0023	0.0004	0.0357	0.0141	0.0216	0.0050	0.0047	0.0002	0.0307	0.0093	0.0214	0.2963	0.2473	0.0086	0.1385	0.1435	0.0062	0.0007	0.0000	0.0030	0.0017	0.0022	0.0013	0.0066	0.0066	0.0076	0.0009	0.0000	0.0013
10	63	0.0871	4	1	1	0	0	0	0	0	0	N	N	N	N	N	N	N	N	N	N	N	N	1.2528	1.7845	0.0170	0.9733	1.2661	0.0028	0.0016	0.0110	0.0139	0.0153	0.0000	0.0244	0.0250	0.0001	0.0000	0.0000	0.0000	0.0111	0.0086	0.0012	0.0250	0.0198	0.0215	0.0013	0.0000	0.0012	0.0001	1.3390	-0.0000	0.0000	0.0266	0.4935	2.0614	1.5835	0.0000	0.0000	0.0000	0.0000	0.0000	0.0000	0.0000	0.0000	0.0000	0.0000	0.0000	0.0000	0.0000	0.0000	0.0000	0.0000	0.0000	0.0000	0.0020	0.0018	0.0002	0.0011	0.0011	0.0000	0.0008	0.0007	0.0001	0.0164	0.0062	0.0101	0.0020	0.0019	0.0001	0.0144	0.0044	0.0100	10.3246	10.0956	0.0170	4.6434	4.9902	0.0054	0.0026	0.0000	0.0110	0.0013	0.0015	0.0012	0.0052	0.0050	0.0109	0.0008	0.0000	0.0012	
10	64	0.1240	6	1	2	0	0	0	0	0	0	N	Y	N	N	N	N	N	N	N	N	N	N	0.3188	0.0002	25.9280	0.0024	0.0002	0.8228	10.3997	0.0000	76.4674	0.2757	0.0003	0.6795	0.0049	0.0003	0.4680	0.5572	0.0000	0.6821	0.8650	1.4485	0.0262	2.0554	2.0624	0.5688	0.0536	0.0003	0.0089	1756.0289	0.2217	0.0012	-0.0001	0.0266	0.2944	2.0614	1.0083	0.0017	0.0000	0.0017	0.0000	0.0000	0.0000	0.0017	0.0000	0.0017	0.0004	0.0003	0.0001	0.0003	0.0003	0.0000	0.0001	0.0000	0.0001	0.0061	0.0036	0.0025	0.0031	0.0031	0.0000	0.0030	0.0005	0.0024	0.0109	0.0043	0.0066	0.0016	0.0015	0.0001	0.0093	0.0028	0.0065	8.0651	0.0037	66.4455	0.0242	0.0015	2.9703	88.9953	0.0000	76.4674	0.0342	0.0712	0.0102	0.2015	0.2032	0.1576	0.0063	0.0000	0.0089
10	65	0.1033	5	1	1	0	0	0	0	0	0	N	N	N	N	N	N	N	N	N	N	N	N	1.5930	0.0050	210.7156	0.0088	0.0009	971.7935	9.7536	0.0106	690.9986	0.9830	0.0032	10.8181	0.0035	0.0003	0.1073	2.1586	0.0073	13.1202	0.6171	0.6462	0.0513	0.3942	0.3819	0.0001	0.2213	0.6881	0.0190	332.9413	1.9436	0.0030	0.0001	0.0266	1.1351	2.0614	2.0429	0.0040	0.0000	0.0040	0.0000	0.0000	0.0000	0.0040	0.0000	0.0040	0.0004	0.0001	0.0002	0.0001	0.0001	0.0000	0.0003	0.0001	0.0002	0.0041	0.0037	0.0004	0.0022	0.0022	0.0001	0.0019	0.0016	0.0003	0.0240	0.0093	0.0148	0.0029	0.0027	0.0001	0.0211	0.0065	0.0146	63.4320	0.2370	649.7888	0.1473	0.0136	971.7935	149.8736	0.8038	782.0584	0.0155	0.0137	0.0166	0.0236	0.0246	0.0001	0.0144	0.0091	0.0168
10	66	0.0871	4	1	1	0	0	0	0	0	0	N	N	N	N	N	N	N	N	N	N	N	N	43.4860	159.2578	1.7802	27.2527	185.8998	0.0048	0.4798	2.9524	0.0134	0.0146	0.0004	0.0234	0.0240	0.0001	0.0001	0.0000	0.0004	0.0003	0.0001	0.0002	0.0009	0.0001	0.0129	0.0001	0.0000	0.0001	0.0023	365.5176	-0.0000	0.0000	0.0266	0.4912	2.0614	2.4266	0.0000	0.0000	0.0000	0.0000	0.0000	0.0000	0.0000	0.0000	0.0000	0.0000	0.0000	0.0000	0.0000	0.0000	0.0000	0.0000	0.0000	0.0000	0.0019	0.0018	0.0002	0.0011	0.0011	0.0000	0.0008	0.0007	0.0001	0.0225	0.0086	0.0139	0.0027	0.0026	0.0001	0.0199	0.0060	0.0138	107.0577	16351.5073	1.7802	74.9263	8007.3202	0.0080	0.7058	0.0000	2.9524	0.0001	0.0000	0.0002	0.0003	0.0000	0.0079	0.0001	0.0000	0.0001	
10	67	0.0820	3	1	1	0	0	0	0	0	0	N	N	N	N	N	N	N	N	N	N	N	N	11.6898	11.7531	1.1353	4.3078	6.5544	0.0424	0.3381	inf	0.1518	0.1873	0.1989	0.0015	0.2243	0.2345	0.0023	0.0005	0.0005	0.0002	0.0160	0.0169	0.0013	0.0521	0.0358	0.0550	0.0014	0.0000	0.0012	0.0005	0.9927	-0.0004	-0.0000	0.0266	0.6141	2.0614	1.2701	0.0015	0.0015	0.0000	0.0015	0.0015	0.0000	0.0000	0.0000	0.0000	0.0000	0.0000	0.0000	0.0000	0.0000	0.0000	0.0000	0.0000	0.0000	0.0081	0.0076	0.0005	0.0067	0.0064	0.0003	0.0013	0.0012	0.0002	0.0152	0.0059	0.0093	0.0019	0.0019	0.0001	0.0133	0.0040	0.0092	112.9329	92.5420	1.1353	30.4407	34.7146	0.0984	0.5562	inf	0.1518	0.0017	0.0021	0.0013	0.0074	0.0068	0.0237	0.0008	0.0000	0.0012
10	68	0.0493	2	2	2	1	0	0	0	0	0	Y	Y	N	N	N	N	N	N	N	N	N	N	0.0000	0.0000	0.0000	0.0000	0.0000	0.0000	0.0000	0.0000	0.0000	0.0000	0.0000	0.0000	0.0000	0.0000	0.0000	0.0000	0.0000	0.0000	0.0000	0.0000	0.0266	0.0000	2.0614	0.0000	0.0000	0.0000	0.0000	0.0000	0.0000	0.0000	0.0000	0.0000	0.0000	0.0000	0.0000	0.0000	0.0000	0.0000	0.0000	0.0000	0.0000	0.0000	0.0000	0.0000	0.0000	0.0000	0.0000	0.0000	0.0000	0.0000	0.0000	0.0000	0.0000	0.0000	0.0000	0.0000	0.0000	0.0000	0.0000	0.0000	0.0000	0.0000	0.0000	0.0000	0.0000	0.0000	0.0000	0.0000	0.0000	0.0000	0.0000	0.0000	0.0000	0.0000	0.0000	0.0000	0.0000	0.0000											
10	69	0.6920	8	2	2	1	0	0	0	0	0	Y	Y	N	N	N	N	N	N	N	N	N	N	0.0000	0.0000	0.0000	0.0000	0.0000	0.0000	0.0000	0.0000	0.0000	0.0000	0.0000	0.0000	0.0000	0.0000	0.0000	0.0000	0.0000	0.0000	0.0000	0.0000	0.0266	1.0000	2.0614	0.0000	0.0000	0.0000	0.0000	0.0000	0.0000	0.0000	0.0000	0.0000	0.0000	0.0000	0.0000	0.0000	0.0000	0.0000	0.0000	0.0000	0.0000	0.0000	0.0040	0.0036	0.0004	0.0035	0.0032	0.0003	0.0005	0.0004	0.0001	0.0065	0.0038	0.0026	0.0039	0.0034	0.0005	0.0026	0.0005	0.0022	0.0000	0.0000	0.0000	0.0000	0.0000	0.0000	0.0000	0.0000	0.0000	0.0000	0.0000	0.0000	0.0000	0.0000	0.0000	0.0000	0.0000	0.0000											
10	70	0.6920	8	2	2	1	0	0	0	0	0	Y	Y	N	N	N	N	N	N	N	N	N	N	0.0000	0.0000	0.0000	0.0000	0.0000	0.0000	0.0000	0.0000	0.0000	0.0000	0.0000	0.0000	0.0000	0.0000	0.0000	0.0000	0.0000	0.0000	0.0000	0.0000	0.0266	0.0000	2.0614	0.0000	0.0000	0.0000	0.0000	0.0000	0.0000	0.0000	0.0000	0.0000	0.0000	0.0000	0.0000	0.0000	0.0000	0.0000	0.0000	0.0000	0.0000	0.0000	0.0000	0.0000	0.0000	0.0000	0.0000	0.0000	0.0000	0.0000	0.0000	0.0000	0.0000	0.0000	0.0000	0.0000	0.0000	0.0000	0.0000	0.0000	0.0000	0.0000	0.0000	0.0000	0.0000	0.0000	0.0000	0.0000	0.0000	0.0000	0.0000	0.0000	0.0000	0.0000	0.0000	0.0000	0.0000	0.0000											
10	71	0.6696	7	2	2	1	0	0	0	0	0	Y	Y	N	N	N	N	N	N	N	N	N	N	0.0000	0.0000	0.0000	0.0000	0.0000	0.0000	0.0000	0.0000	0.0000	0.0000	0.0000	0.0000	0.0000	0.0000	0.0000	0.0000	0.0000	0.0000	0.0000	0.0000	0.0266	2.0000	2.0614	1.0000	0.0000	0.0000	0.0000	0.0000	0.0000	0.0000	0.0000	0.0000	0.0000	0.0000	0.0000	0.0000	0.0000	0.0000	0.0000	0.0000	0.0000	0.0000	0.0076	0.0069	0.0007	0.0067	0.0061	0.0006	0.0010	0.0008	0.0001	0.0188	0.0111	0.0077	0.0112	0.0097	0.0014	0.0076	0.0013	0.0063	0.0000	0.0000	0.0000	0.0000	0.0000	0.0000	0.0000	0.0000	0.0000	0.0000	0.0000	0.0000	0.0000	0.0000	0.0000	0.0000	0.0000	0.0000											
10	72	0.6467	6	2	1	1	0	0	0	0	0	Y	N	N	N	N	N	N	N	N	N	N	N	0.0331	inf	0.0608	0.0166	inf	0.0028	20.5146	102.7003	0.0000	0.0000	0.0000	0.0000	0.0000	0.0000	0.0000	0.0000	0.0001	0.0005	0.0000	0.0005	0.0010	0.0000	0.0046	0.0000	0.0000	0.0000	0.2260	inf	-0.0000	0.0000	0.0266	1.0017	2.0614	2.0007	0.0000	0.0000	0.0000	0.0000	0.0000	0.0000	0.0000	0.0000	0.0000	0.0000	0.0000	0.0000	0.0000	0.0000	0.0000	0.0000	0.0000	0.0000	0.0022	0.0020	0.0002	0.0019	0.0018	0.0002	0.0003	0.0002	0.0000	0.0114	0.0066	0.0048	0.0062	0.0054	0.0008	0.0053	0.0012	0.0041	0.0744	inf	0.0608	0.0400	inf	0.0041	20.5146	0.0000	102.7003	0.0002	0.0000	0.0005	0.0004	0.0000	0.0032	0.0000	0.0000	0.0000	
10	73	0.0685	3	2	2	0	0	0	0	0	0	Y	Y	N	N	N	N	N	N	N	N	N	N	inf	inf	inf	inf	inf	inf	0.1978	0.0000	0.9323	0.2828	0.0000	1.0106	0.0058	0.0000	0.0971	0.0000	0.0000	0.0000	0.0000	0.0000	0.0000	0.0000	0.0000	0.0000	inf	0.0000	0.0000	0.0266	0.0000	2.0614	0.0000	0.0000	0.0000	0.0000	0.0000	0.0000	0.0000	0.0000	0.0000	0.0000	0.0000	0.0000	0.0000	0.0000	0.0000	0.0000	0.0000	0.0000	0.0000	0.0000	0.0000	0.0000	0.0000	0.0000	0.0000	0.0000	0.0000	0.0000	0.0000	0.0000	0.0000	0.0000	0.0000	0.0000	0.0000	0.0000	0.0000	inf	0.0000	inf	inf	0.0000	inf	inf	0.0000	inf	0.0000	0.0000	0.0000	0.0000	0.0000	0.0000	0.0000	0.0000	0.0000				
10	74	0.6737	7	2	2	0	0	0	0	0	0	Y	Y	N	N	N	N	N	N	N	N	N	N	0.0000	0.0000	0.0000	0.0000	0.0000	0.0000	0.0000	0.0000	0.0000	0.0000	0.0000	0.0000	0.0000	0.0000	0.0000	0.0000	0.0000	0.0000	0.0000	0.0000	0.0266	0.0000	2.0614	0.0010	0.0000	0.0000	0.0000	0.0000	0.0000	0.0000	0.0000	0.0000	0.0000	0.0000	0.0000	0.0000	0.0000	0.0000	0.0000	0.0000	0.0000	0.0000	0.0000	0.0000	0.0000	0.0000	0.0000	0.0000	0.0000	0.0000	0.0000	0.0000	0.0000	0.0000	0.0000	0.0000	0.0000	0.0000	0.0000	0.0000	0.0000	0.0000	0.0000	0.0000	0.0000	0.0000	0.0000	0.0000	0.0000	0.0000	0.0000	0.0000	0.0000	0.0000	0.0000	0.0000	0.0000	0.0000											
10	75	0.6628	9	1	2	0	1	0	0	0	0	N	Y	N	N	N	N	N	N	N	N	N	N	0.0000	0.0000	0.0000	0.0000	0.0000	0.0000	0.0000	0.0000	0.0000	0.0000	0.0000	0.0000	0.0000	0.0000	0.0000	0.0000	0.0000	0.0000	0.0000	0.0000	0.0266	0.0000	2.0614	0.0000	0.0000	0.0000	0.0000	0.0000	0.0000	0.0000	0.0000	0.0000	0.0000	0.0000	0.0000	0.0000	0.0000	0.0000	0.0000	0.0000	0.0000	0.0000	0.0000	0.0000	0.0000	0.0000	0.0000	0.0000	0.0000	0.0000	0.0000	0.0000	0.0000	0.0000	0.0000	0.0000	0.0000	0.0000	0.0000	0.0000	0.0000	0.0000	0.0000	0.0000	0.0000	0.0000	0.0000	0.0000	0.0000	0.0000	0.0000	0.0000	0.0000	0.0000	0.0000	0.0000	0.0000	0.0000											
10	76	0.6628	9	1	1	0	1	0	0	0	0	N	N	N	N	N	N	N	N	N	N	N	N	0.0000	0.0000	0.0000	0.0000	0.0000	0.0000	0.0000	0.0000	0.0000	0.0000	0.0000	0.0000	0.0000	0.0000	0.0000	0.0000	0.0000	0.0000	0.0000	0.0000	0.0266	0.0000	2.0614	0.0000	0.0000	0.0000	0.0000	0.0000	0.0000	0.0000	0.0000	0.0000	0.0000	0.0000	0.0000	0.0000	0.0000	0.0000	0.0000	0.0000	0.0000	0.0000	0.0000	0.0000	0.0000	0.0000	0.0000	0.0000	0.0000	0.0000	0.0000	0.0000	0.0000	0.0000	0.0000	0.0000	0.0000	0.0000	0.0000	0.0000	0.0000	0.0000	0.0000	0.0000	0.0000	0.0000	0.0000	0.0000	0.0000	0.0000	0.0000	0.0000	0.0000	0.0000	0.0000	0.0000	0.0000	0.0000											
10	77	0.6475	8	1	1	0	1	0	0	0	0	N	N	N	N	N	N	N	N	N	N	N	N	0.0000	0.0000	0.0000	0.0000	0.0000	0.0000	0.0000	0.0000	0.0000	0.0000	0.0000	0.0000	0.0000	0.0000	0.0000	0.0002	0.0000	0.0001	0.0001	0.0000	0.0000	0.0002	0.0000	0.0002	inf	0.0000	0.0000	0.0266	0.0002	2.0614	2.9297	0.0000	0.0000	0.0000	0.0000	0.0000	0.0000	0.0000	0.0000	0.0000	0.0000	0.0000	0.0000	0.0000	0.0000	0.0000	0.0000	0.0000	0.0000	0.0000	0.0000	0.0000	0.0000	0.0000	0.0000	0.0000	0.0000	0.0000	0.0134	0.0072	0.0062	0.0059	0.0051	0.0008	0.0075	0.0021	0.0054	0.0000	0.0000	0.0000	0.0000	0.0000	0.0000	0.0000	0.0000	0.0000	0.0001	0.0000	0.0001	0.0000	0.0000	0.0000	0.0001	0.0000	0.0002				
10	78	0.6434	7	1	1	0	1	0	0	0	0	N	N	N	N	N	N	N	N	N	N	N	N	691.5792	457.3402	0.0000	326.3941	490.7132	0.0000	0.0000	0.1695	0.2133	0.0000	0.2233	0.2990	0.0000	0.0000	0.0000	0.0000	0.0002	0.0005	0.0000	0.0007	0.0006	0.0000	0.0000	0.0000	0.0000	0.0000	0.0018	-0.0000	-0.0000	0.0266	0.0003	2.0614	2.1916	0.0000	0.0000	0.0000	0.0000	0.0000	0.0000	0.0000	0.0000	0.0000	0.0000	0.0000	0.0000	0.0000	0.0000	0.0000	0.0000	0.0000	0.0000	0.0000	0.0000	0.0000	0.0000	0.0000	0.0000	0.0000	0.0000	0.0000	0.0100	0.0054	0.0046	0.0044	0.0038	0.0006	0.0056	0.0016	0.0040	2059.0267	1402.2332	0.0000	1188.3714	1384.2084	0.0000	0.0000	0.0000	0.0000	0.0001	0.0002	0.0000	0.0002	0.0002	0.0000	0.0000	0.0000	0.0000		
10	79	0.6356	6	1	1	0	0	0	0	0	0	N	N	N	N	N	N	N	N	N	N	N	N	17231.0362	5815.0717	inf	5093.5963	7513.9566	inf	inf	inf	0.3037	0.3922	0.0001	0.4165	0.5909	0.0001	0.0000	0.0000	0.0000	0.0000	0.0001	0.0000	0.0001	0.0001	0.0000	0.0000	0.0000	0.0000	0.0001	0.0000	-0.0010	-0.0000	0.0266	0.2782	2.0614	1.3600	0.0037	0.0037	0.0000	0.0037	0.0037	0.0000	0.0000	0.0000	0.0000	0.0000	0.0000	0.0000	0.0000	0.0000	0.0000	0.0000	0.0000	0.0000	0.0123	0.0095	0.0028	0.0090	0.0063	0.0027	0.0033	0.0032	0.0001	0.0076	0.0041	0.0035	0.0033	0.0029	0.0004	0.0043	0.0012	0.0031	1544228.4545	1070356.5185	inf	912058.1225	1125928.8152	inf	inf	0.0000	inf	0.0000	0.0000	0.0000	0.0000	0.0000	0.0000	0.0000	0.0000	0.0000	
10	80	0.6792	8	1	2	1	0	0	0	0	0	N	Y	N	N	N	N	N	N	N	N	N	N	0.7361	0.5698	221.7558	1.6077	1.6779	inf	0.0000	0.0000	0.0034	0.0031	0.0062	0.0046	0.0042	0.0108	0.0000	0.0000	0.0000	0.0047	0.0055	0.0000	0.0029	0.0025	0.0000	0.0001	0.0000	0.0000	0.2246	0.0112	-0.0000	-0.0000	0.0266	0.0029	2.0614	2.0135	0.0000	0.0000	0.0000	0.0000	0.0000	0.0000	0.0000	0.0000	0.0000	0.0000	0.0000	0.0000	0.0000	0.0000	0.0000	0.0000	0.0000	0.0000	0.0000	0.0000	0.0000	0.0000	0.0000	0.0000	0.0000	0.0000	0.0000	0.0092	0.0065	0.0028	0.0064	0.0059	0.0006	0.0028	0.0006	0.0022	4.5019	2.8910	221.7558	4.2604	3.5026	inf	0.0000	0.0000	0.0000	0.0008	0.0011	0.0000	0.0011	0.0012	0.0000	0.0000	0.0000	0.0000	
10	81	0.6727	7	1	2	0	0	0	0	0	0	N	Y	N	N	N	N	N	N	N	N	N	N	0.0045	0.0033	0.0281	0.0108	0.0114	1.3898	0.0009	0.0001	0.0236	0.0032	0.0036	0.0001	0.0038	0.0042	0.0001	0.0003	0.0003	0.0001	0.7210	1.0813	0.0034	0.3548	0.3672	0.0001	0.2975	2.6423	0.0041	0.0031	0.0728	-0.0000	-0.0001	0.0266	0.6188	2.0614	0.9475	0.0000	0.0000	0.0000	0.0000	0.0000	0.0000	0.0000	0.0000	0.0000	0.0001	0.0001	0.0000	0.0001	0.0001	0.0000	0.0001	0.0000	0.0000	0.0023	0.0021	0.0002	0.0019	0.0017	0.0002	0.0004	0.0003	0.0001	0.0065	0.0038	0.0027	0.0037	0.0033	0.0004	0.0028	0.0005	0.0023	0.1531	0.1061	0.0281	0.1824	0.1746	1.3898	0.0130	0.0032	0.0236	0.0211	0.0339	0.0034	0.0211	0.0240	0.0001	0.0212	0.1002	0.0041
10	82	0.0717	3	1	2	1	0	0	0	0	0	N	Y	N	N	N	N	N	N	N	N	N	N	0.0000	0.0000	0.0000	0.0000	0.0000	0.0000	0.0000	0.0000	0.0000	0.0000	0.0000	0.0000	0.0000	0.0000	0.0000	0.0000	0.0000	0.0000	0.0000	0.0000	0.0266	0.0000	2.0614	1.0000	0.0000	0.0000	0.0000	0.0000	0.0000	0.0000	0.0000	0.0000	0.0000	0.0000	0.0000	0.0000	0.0000	0.0000	0.0000	0.0000	0.0000	0.0000	0.0000	0.0000	0.0000	0.0000	0.0000	0.0000	0.0000	0.0000	0.0000	0.0122	0.0056	0.0066	0.0009	0.0009	0.0000	0.0112	0.0047	0.0065	0.0000	0.0000	0.0000	0.0000	0.0000	0.0000	0.0000	0.0000	0.0000	0.0000	0.0000	0.0000	0.0000	0.0000	0.0000	0.0000	0.0000	0.0000											
10	83	0.6467	6	2	1	1	0	0	0	0	0	Y	N	N	N	N	N	N	N	N	N	N	N	0.0020	0.0309	0.0003	0.0018	8.5286	45.9653	0.0000	0.0000	0.0000	0.0000	0.0000	0.0000	0.0000	0.0000	0.0000	0.0002	0.0000	0.0001	0.0005	0.0000	0.0010	0.0000	0.0000	0.0000	inf	inf	0.0000	0.0000	0.0266	9.0001	2.0614	3.0001	0.0000	0.0000	0.0000	0.0000	0.0000	0.0000	0.0000	0.0000	0.0000	0.0000	0.0000	0.0000	0.0000	0.0000	0.0000	0.0000	0.0000	0.0000	0.0166	0.0151	0.0015	0.0143	0.0131	0.0012	0.0024	0.0020	0.0003	0.0416	0.0239	0.0176	0.0224	0.0195	0.0029	0.0192	0.0044	0.0147	0.0067	0.0000	0.0309	0.0014	0.0000	0.0022	8.5286	0.0000	45.9653	0.0001	0.0000	0.0001	0.0001	0.0000	0.0008	0.0000	0.0000	0.0000			
10	84	0.0493	2	2	1	1	0	0	0	0	0	Y	N	N	N	N	N	N	N	N	N	N	N	inf	inf	inf	inf	inf	inf	0.7690	0.0000	10.2499	0.0127	0.0000	1.0978	1.4237	0.0000	10.9523	0.0000	0.0000	0.0000	0.0000	0.0000	0.0000	0.0000	0.0000	0.0000	inf	0.0097	0.0000	0.0266	4.0000	2.0614	0.0000	0.0131	0.0000	0.0131	0.0001	0.0000	0.0001	0.0130	0.0000	0.0130	0.0000	0.0000	0.0000	0.0000	0.0000	0.0000	0.0000	0.0000	0.0000	0.0170	0.0158	0.0013	0.0079	0.0078	0.0001	0.0091	0.0079	0.0012	0.0326	0.0123	0.0203	0.0035	0.0033	0.0001	0.0292	0.0090	0.0201	inf	0.0000	inf	inf	0.0000	inf	inf	0.0000	inf	0.0000	0.0000	0.0000	0.0000	0.0000	0.0000	0.0000	0.0000	0.0000				
10	85	0.0954	3	2	2	0	0	0	0	0	0	Y	Y	N	N	N	N	N	N	N	N	N	N	0.0002	0.0000	0.1220	0.0003	0.0000	0.0077	0.0001	0.0022	0.0000	0.0000	0.0004	0.0001	0.0000	0.0037	0.0000	0.0000	0.0000	0.1312	0.1461	0.0030	0.1699	0.1124	0.4738	0.0076	0.0000	0.0026	inf	0.7829	0.0000	-0.0000	0.0266	1.0086	2.0614	1.7435	0.0000	0.0000	0.0000	0.0000	0.0000	0.0000	0.0000	0.0000	0.0000	0.0001	0.0000	0.0000	0.0001	0.0000	0.0000	0.0000	0.0000	0.0000	0.0049	0.0045	0.0004	0.0026	0.0025	0.0000	0.0023	0.0020	0.0003	0.0224	0.0097	0.0127	0.0043	0.0043	0.0000	0.0181	0.0054	0.0127	0.0071	0.0000	0.1220	0.0041	0.0000	0.0266	0.0004	0.0000	0.0022	0.0039	0.0051	0.0030	0.0127	0.0115	0.1376	0.0018	0.0000	0.0026	
10	86	0.0493	2	2	2	0	0	0	0	0	0	Y	Y	N	N	N	N	N	N	N	N	N	N	0.0000	0.0010	0.0000	0.0002	0.0012	0.0000	0.0000	0.0000	0.0000	0.0000	0.0000	0.0000	0.0001	0.0001	0.0000	0.0000	0.0000	0.0000	0.9891	0.0287	0.2170	0.3910	0.0476	1.7356	0.6282	0.0165	0.1162	0.0000	44.1749	-0.0000	0.0009	0.0266	1.0165	2.0614	4.1395	0.0000	0.0000	0.0000	0.0000	0.0000	0.0000	0.0000	0.0000	0.0000	0.0020	0.0000	0.0019	0.0001	0.0000	0.0001	0.0019	0.0000	0.0019	0.0049	0.0045	0.0004	0.0023	0.0023	0.0000	0.0026	0.0022	0.0004	0.0412	0.0156	0.0256	0.0044	0.0042	0.0002	0.0368	0.0114	0.0254	0.0006	0.0108	0.0000	0.0025	0.0075	0.0000	0.0000	0.0000	0.0000	0.0478	0.0028	0.0753	0.0235	0.0079	0.3898	0.0507	0.0009	0.0731
10	87	0.6054	5	2	2	0	0	0	0	0	0	Y	Y	N	N	N	N	N	N	N	N	N	N	inf	inf	inf	inf	inf	inf	inf	inf	0.3034	0.2580	0.8370	0.3800	0.4016	0.0529	0.1725	0.0000	1.6124	0.0000	0.0000	0.0000	0.0000	0.0000	0.0000	0.0000	0.0000	0.0000	0.2765	-0.0003	0.0000	0.0266	9.0005	2.0614	5.0000	0.0073	0.0057	0.0016	0.0058	0.0057	0.0001	0.0015	0.0000	0.0015	0.0000	0.0000	0.0000	0.0000	0.0000	0.0000	0.0000	0.0000	0.0000	0.0242	0.0223	0.0019	0.0153	0.0143	0.0009	0.0089	0.0080	0.0010	0.0613	0.0323	0.0290	0.0249	0.0216	0.0033	0.0365	0.0107	0.0257	inf	inf	inf	inf	inf	inf	inf	0.0000	inf	0.0000	0.0000	0.0000	0.0000	0.0000	0.0000	0.0000	0.0000	0.0000		
10	88	0.0717	3	1	2	0	0	0	0	0	0	N	Y	N	N	N	N	N	N	N	N	N	N	0.0000	0.0000	0.0000	0.0000	0.0000	0.0000	0.0000	0.0000	0.0000	0.0000	0.0000	0.0000	0.0000	0.0000	0.0000	0.0000	0.0000	0.0000	0.0000	0.0000	0.0266	0.0000	2.0614	0.0000	0.0000	0.0000	0.0000	0.0000	0.0000	0.0000	0.0000	0.0000	0.0000	0.0000	0.0000	0.0000	0.0000	0.0000	0.0000	0.0000	0.0000	0.0000	0.0000	0.0000	0.0000	0.0000	0.0000	0.0000	0.0000	0.0000	0.0000	0.0000	0.0000	0.0000	0.0000	0.0000	0.0000	0.0000	0.0000	0.0000	0.0000	0.0000	0.0000	0.0000	0.0000	0.0000	0.0000	0.0000	0.0000	0.0000	0.0000	0.0000	0.0000	0.0000	0.0000	0.0000	0.0000	0.0000											
10	89	0.6727	7	1	2	0	0	0	0	0	0	N	Y	N	N	N	N	N	N	N	N	N	N	0.0000	0.0000	0.0000	0.0000	0.0000	0.0000	0.0000	0.0000	0.0000	0.0000	0.0000	0.0000	0.0000	0.0000	0.0000	0.0000	0.0002	0.0004	0.0000	0.0005	0.0005	0.0000	0.0000	0.0000	0.0000	0.0016	0.0000	-0.0000	0.0266	1.9953	2.0614	1.0817	0.0000	0.0000	0.0000	0.0000	0.0000	0.0000	0.0000	0.0000	0.0000	0.0000	0.0000	0.0000	0.0000	0.0000	0.0000	0.0000	0.0000	0.0000	0.0050	0.0045	0.0005	0.0042	0.0039	0.0004	0.0007	0.0006	0.0001	0.0105	0.0063	0.0043	0.0062	0.0053	0.0009	0.0043	0.0009	0.0034	0.0000	0.0000	0.0000	0.0000	0.0000	0.0000	0.0000	0.0000	0.0000	0.0001	0.0001	0.0000	0.0001	0.0001	0.0000	0.0000	0.0000	0.0000			
10	90	0.6467	6	1	2	0	0	0	0	0	0	N	Y	N	N	N	N	N	N	N	N	N	N	0.0098	0.0074	0.0009	0.0163	0.0199	0.0000	0.4897	0.1707	0.0000	0.0049	0.0054	0.0000	0.0056	0.0062	0.0000	0.0001	0.0001	0.0000	0.5016	0.7364	0.0030	0.3472	0.3103	0.0441	0.0001	0.0004	0.0001	0.0001	0.1315	-0.0000	-0.0001	0.0266	2.3999	2.0614	4.0713	0.0000	0.0000	0.0000	0.0000	0.0000	0.0000	0.0000	0.0000	0.0000	0.0003	0.0002	0.0000	0.0003	0.0002	0.0000	0.0000	0.0000	0.0000	0.0051	0.0047	0.0005	0.0045	0.0041	0.0004	0.0007	0.0006	0.0001	0.0237	0.0137	0.0101	0.0128	0.0112	0.0016	0.0110	0.0025	0.0084	0.4422	0.3184	0.0009	0.2740	0.2955	0.0000	0.7826	37.9544	0.0000	0.0111	0.0171	0.0030	0.0206	0.0209	0.0183	0.0001	0.0000	0.0001
10	91	0.6677	7	1	1	1	0	0	0	0	0	N	N	N	N	N	N	N	N	N	N	N	N	0.0000	0.0000	0.0000	0.0000	0.0000	0.0000	0.0000	0.0000	0.0000	0.0000	0.0000	0.0000	0.0000	0.0000	0.0000	0.0000	0.0000	0.0000	0.0000	0.0000	0.0266	0.0000	2.0614	0.0000	0.0000	0.0000	0.0000	0.0000	0.0000	0.0000	0.0000	0.0000	0.0000	0.0000	0.0000	0.0000	0.0000	0.0000	0.0000	0.0000	0.0000	0.0000	0.0000	0.0000	0.0000	0.0000	0.0000	0.0000	0.0000	0.0000	0.0000	0.0000	0.0000	0.0000	0.0000	0.0000	0.0000	0.0000	0.0000	0.0000	0.0000	0.0000	0.0000	0.0000	0.0000	0.0000	0.0000	0.0000	0.0000	0.0000	0.0000	0.0000	0.0000	0.0000	0.0000	0.0000	0.0000	0.0000											
10	92	0.6356	6	1	1	1	0	0	0	0	0	N	N	N	N	N	N	N	N	N	N	N	N	inf	inf	inf	inf	inf	inf	inf	inf	0.5147	0.0013	3.0884	0.6744	0.0017	3.4147	0.0188	0.0000	0.2659	0.0000	0.0000	0.0000	0.0000	0.0000	0.0000	0.0000	0.0000	0.0000	485.5181	0.0072	0.0000	0.0266	3.7221	2.0614	2.9993	0.0097	0.0000	0.0097	0.0096	0.0000	0.0096	0.0001	0.0000	0.0001	0.0000	0.0000	0.0000	0.0000	0.0000	0.0000	0.0000	0.0000	0.0000	0.0189	0.0158	0.0031	0.0143	0.0115	0.0028	0.0046	0.0043	0.0003	0.0295	0.0158	0.0137	0.0128	0.0111	0.0017	0.0167	0.0048	0.0120	inf	inf	inf	inf	inf	inf	inf	0.0000	inf	0.0000	0.0000	0.0000	0.0000	0.0000	0.0000	0.0000	0.0000	0.0000		
10	93	0.6054	5	1	1	0	0	0	0	0	0	N	N	N	N	N	N	N	N	N	N	N	N	inf	inf	inf	inf	1.1315	1.2317	0.0000	1.7810	1.9078	0.0000	0.0000	0.0000	0.0000	0.0000	0.0000	0.0000	0.0000	0.0000	0.0000	0.0000	0.0000	0.0000	0.0000	-0.0025	0.0000	0.0266	2.7217	2.0614	3.0458	0.0097	0.0097	0.0000	0.0097	0.0097	0.0000	0.0000	0.0000	0.0000	0.0000	0.0000	0.0000	0.0000	0.0000	0.0000	0.0000	0.0000	0.0000	0.0086	0.0079	0.0007	0.0055	0.0051	0.0004	0.0031	0.0028	0.0003	0.0280	0.0147	0.0134	0.0112	0.0097	0.0014	0.0169	0.0049	0.0119	inf	inf	0.0000	inf	inf	0.0000	0.0000	0.0000	0.0000	0.0000	0.0000	0.0000	0.0000	0.0000	0.0000	0.0000	0.0000	0.0000						
10	94	0.6629	7	2	2	0	0	0	0	0	0	Y	Y	N	N	N	N	N	N	N	N	N	N	10986.1325	inf	0.0000	inf	inf	0.0000	0.0000	0.4789	0.5256	0.0000	0.5411	0.5900	0.0000	0.0000	0.0000	0.0000	0.0000	0.0000	0.0000	0.0000	0.0000	0.0000	0.0000	0.0000	0.0000	0.0000	inf	-0.0015	0.0000	0.0266	5.9980	2.0614	4.9575	0.0057	0.0057	0.0000	0.0057	0.0057	0.0000	0.0000	0.0000	0.0000	0.0000	0.0000	0.0000	0.0000	0.0000	0.0000	0.0000	0.0000	0.0000	0.0119	0.0108	0.0011	0.0105	0.0097	0.0009	0.0014	0.0012	0.0002	0.0245	0.0153	0.0092	0.0144	0.0118	0.0026	0.0101	0.0035	0.0066	617500.1608	inf	0.0000	inf	inf	0.0000	0.0000	0.0000	0.0000	0.0000	0.0000	0.0000	0.0000	0.0000	0.0000	0.0000	0.0000	0.0000		
10	95	0.0717	3	2	2	0	0	0	0	0	0	Y	Y	N	N	N	N	N	N	N	N	N	N	0.0000	0.0000	0.0000	0.0000	0.0000	0.0000	0.0000	0.0000	0.0000	0.0000	0.0000	0.0000	0.0000	0.0000	0.0000	0.0000	0.0000	0.0000	0.0000	0.0000	0.0266	0.0000	2.0614	2.0000	0.0000	0.0000	0.0000	0.0000	0.0000	0.0000	0.0000	0.0000	0.0000	0.0000	0.0000	0.0000	0.0000	0.0000	0.0000	0.0000	0.0000	0.0000	0.0000	0.0000	0.0000	0.0000	0.0000	0.0000	0.0000	0.0000	0.0000	0.0238	0.0109	0.0128	0.0019	0.0018	0.0001	0.0219	0.0091	0.0128	0.0000	0.0000	0.0000	0.0000	0.0000	0.0000	0.0000	0.0000	0.0000	0.0000	0.0000	0.0000	0.0000	0.0000	0.0000	0.0000	0.0000	0.0000											
10	96	0.0493	2	1	2	0	0	0	0	0	0	N	Y	N	N	N	N	N	N	N	N	N	N	inf	inf	inf	inf	inf	inf	0.7690	0.0000	10.2499	0.0127	0.0000	1.0978	1.4237	0.0000	10.9523	0.0000	0.0000	0.0000	0.0000	0.0000	0.0000	0.0000	0.0000	0.0000	inf	0.0097	0.0000	0.0266	4.0000	2.0614	0.0000	0.0131	0.0000	0.0131	0.0001	0.0000	0.0001	0.0130	0.0000	0.0130	0.0000	0.0000	0.0000	0.0000	0.0000	0.0000	0.0000	0.0000	0.0000	0.0170	0.0158	0.0013	0.0079	0.0078	0.0001	0.0091	0.0079	0.0012	0.0326	0.0123	0.0203	0.0035	0.0033	0.0001	0.0292	0.0090	0.0201	inf	0.0000	inf	inf	0.0000	inf	inf	0.0000	inf	0.0000	0.0000	0.0000	0.0000	0.0000	0.0000	0.0000	0.0000	0.0000				
10	97	0.6054	5	1	1	0	0	0	0	0	0	N	N	N	N	N	N	N	N	N	N	N	N	inf	inf	inf	inf	0.0025	0.0027	0.0000	0.0039	0.0042	0.0000	0.0000	0.0000	0.0000	0.0000	0.0000	0.0000	0.0000	0.0000	0.0000	0.0000	0.0000	0.0000	0.0000	-0.0000	0.0000	0.0266	3.9994	2.0614	4.0000	0.0000	0.0000	0.0000	0.0000	0.0000	0.0000	0.0000	0.0000	0.0000	0.0000	0.0000	0.0000	0.0000	0.0000	0.0000	0.0000	0.0000	0.0000	0.0122	0.0112	0.0010	0.0077	0.0072	0.0005	0.0045	0.0040	0.0005	0.0378	0.0198	0.0180	0.0151	0.0132	0.0020	0.0226	0.0066	0.0160	inf	inf	0.0000	inf	inf	0.0000	0.0000	0.0000	0.0000	0.0000	0.0000	0.0000	0.0000	0.0000	0.0000	0.0000	0.0000	0.0000						
10	98	0.0493	2	1	1	0	0	0	0	0	0	N	N	N	N	N	N	N	N	N	N	N	N	0.0000	0.0000	0.0000	0.0000	0.0000	0.0000	0.0000	0.0000	0.0000	0.0000	0.0000	0.0000	0.0000	0.0000	0.0000	0.0000	0.0000	0.0000	0.0000	0.0000	0.0266	1.0000	2.0614	0.0000	0.0000	0.0000	0.0000	0.0000	0.0000	0.0000	0.0000	0.0000	0.0000	0.0000	0.0000	0.0000	0.0000	0.0000	0.0000	0.0000	0.0000	0.0000	0.0086	0.0079	0.0007	0.0040	0.0040	0.0000	0.0045	0.0039	0.0006	0.0157	0.0059	0.0098	0.0016	0.0016	0.0001	0.0140	0.0043	0.0097	0.0000	0.0000	0.0000	0.0000	0.0000	0.0000	0.0000	0.0000	0.0000	0.0000	0.0000	0.0000	0.0000	0.0000	0.0000	0.0000	0.0000	0.0000											
10	99	0.4945	4	1	1	0	0	0	0	0	0	N	N	N	N	N	N	N	N	N	N	N	N	0.0000	0.0000	0.0402	0.0000	0.0000	0.0904	0.0007	0.0007	0.0027	0.0001	0.0000	0.0006	0.0001	0.0000	0.0012	0.0000	0.0000	0.0000	9.4258	16.2629	0.0152	20.7707	24.1251	0.0127	0.0459	0.0472	0.0076	4.7552	0.0003	0.0000	-0.4164	0.0266	1.5982	2.0614	11.1970	0.0000	0.0000	0.0000	0.0000	0.0000	0.0000	0.0000	0.0000	0.0000	0.7983	0.7981	0.0003	0.7981	0.7980	0.0000	0.0003	0.0000	0.0002	0.0054	0.0049	0.0004	0.0034	0.0032	0.0002	0.0019	0.0017	0.0002	0.0847	0.0491	0.0356	0.0384	0.0331	0.0053	0.0463	0.0160	0.0303	0.0000	0.0000	0.0807	0.0000	0.0000	0.1528	0.0056	0.0160	0.0027	9.4258	16.2629	0.0076	20.7707	24.1251	0.0075	0.0057	0.0021	0.0076
10	100	0.6644	8	2	2	1	0	0	0	0	0	Y	Y	N	N	N	N	N	N	N	N	N	N	0.0000	0.0000	0.0000	0.0000	0.0000	0.0000	0.0000	0.0000	0.0000	0.0000	0.0000	0.0000	0.0000	0.3814	0.6036	0.0000	0.1975	0.2307	0.0000	0.0000	0.0000	0.0000	0.0000	0.0000	-0.0000	0.0266	0.0000	2.0614	0.9982	0.0000	0.0000	0.0000	0.0000	0.0000	0.0000	0.0000	0.0000	0.0000	0.0000	0.0000	0.0000	0.0000	0.0000	0.0000	0.0000	0.0000	0.0000	0.0002	0.0002	0.0000	0.0002	0.0001	0.0000	0.0000	0.0000	0.0000	0.0025	0.0015	0.0009	0.0015	0.0012	0.0003	0.0010	0.0003	0.0007	0.0000	0.0000	0.0000	0.0000	0.0000	0.0000	0.0000	0.0000	0.0000	0.0081	0.0130	0.0000	0.0137	0.0167	0.0000	0.0000	0.0000	0.0000						
10	101	0.0840	5	2	2	1	0	0	0	0	0	Y	Y	N	N	N	N	N	N	N	N	N	N	0.0000	0.0000	0.0000	0.0000	0.0000	0.0000	0.0000	0.0000	0.0000	0.0000	0.0000	0.0000	0.0000	0.0000	0.0000	0.0000	0.0000	0.0000	0.0000	0.0000	0.0266	0.0000	2.0614	0.0000	0.0000	0.0000	0.0000	0.0000	0.0000	0.0000	0.0000	0.0000	0.0000	0.0000	0.0000	0.0000	0.0000	0.0000	0.0000	0.0000	0.0000	0.0000	0.0000	0.0000	0.0000	0.0000	0.0000	0.0000	0.0000	0.0000	0.0000	0.0000	0.0000	0.0000	0.0000	0.0000	0.0000	0.0000	0.0000	0.0000	0.0000	0.0000	0.0000	0.0000	0.0000	0.0000	0.0000	0.0000	0.0000	0.0000	0.0000	0.0000	0.0000	0.0000	0.0000	0.0000	0.0000	0.0000											
10	102	0.0840	4	2	1	1	0	0	0	0	0	Y	N	N	N	N	N	N	N	N	N	N	N	0.0000	0.0000	0.0000	0.0000	0.0000	0.0000	0.0000	0.0000	0.0000	0.0000	0.0000	0.0000	0.0000	0.0000	0.0000	0.0000	0.0000	0.0000	0.0000	0.0000	0.0266	0.0000	2.0614	0.0000	0.0000	0.0000	0.0000	0.0000	0.0000	0.0000	0.0000	0.0000	0.0000	0.0000	0.0000	0.0000	0.0000	0.0000	0.0000	0.0000	0.0000	0.0000	0.0000	0.0000	0.0000	0.0000	0.0000	0.0000	0.0000	0.0000	0.0000	0.0000	0.0000	0.0000	0.0000	0.0000	0.0000	0.0000	0.0000	0.0000	0.0000	0.0000	0.0000	0.0000	0.0000	0.0000	0.0000	0.0000	0.0000	0.0000	0.0000	0.0000	0.0000	0.0000	0.0000	0.0000	0.0000	0.0000											
10	103	0.0779	3	2	1	1	0	0	0	0	0	Y	N	N	N	N	N	N	N	N	N	N	N	29.7340	249.5768	0.0000	0.0000	1749.0735	1661.5600	0.1711	0.0000	0.4463	0.0000	0.0000	0.0000	0.3361	0.0000	0.4477	0.0058	0.0000	0.0018	0.0251	0.0000	0.6733	0.0002	0.0000	0.0003	inf	inf	0.0000	0.0000	0.0266	0.0000	2.0614	1.0091	0.0000	0.0000	0.0000	0.0000	0.0000	0.0000	0.0000	0.0000	0.0000	0.0000	0.0000	0.0000	0.0000	0.0000	0.0000	0.0000	0.0000	0.0000	0.0000	0.0000	0.0000	0.0000	0.0000	0.0000	0.0000	0.0000	0.0000	0.0136	0.0070	0.0066	0.0019	0.0019	0.0001	0.0117	0.0051	0.0066	196.7219	0.0000	249.5768	0.0000	0.0000	0.0000	2221.3874	0.0000	1661.5600	0.0009	0.0000	0.0018	0.0053	0.0000	0.1932	0.0002	0.0000	0.0003			
10	104	0.6054	5	1	2	0	0	0	0	0	0	N	Y	N	N	N	N	N	N	N	N	N	N	inf	inf	inf	inf	0.6129	0.6654	0.0000	0.9706	1.0353	0.0000	0.0000	0.0000	0.0000	0.0000	0.0000	0.0000	0.0000	0.0000	0.0000	0.0000	0.0000	0.0000	0.0000	-0.0035	0.0000	0.0266	7.9994	2.0614	4.0001	0.0135	0.0135	0.0000	0.0135	0.0135	0.0000	0.0000	0.0000	0.0000	0.0000	0.0000	0.0000	0.0000	0.0000	0.0000	0.0000	0.0000	0.0000	0.0220	0.0203	0.0017	0.0139	0.0130	0.0009	0.0081	0.0072	0.0009	0.0539	0.0283	0.0256	0.0218	0.0189	0.0029	0.0321	0.0094	0.0227	inf	inf	0.0000	inf	inf	0.0000	0.0000	0.0000	0.0000	0.0000	0.0000	0.0000	0.0000	0.0000	0.0000	0.0000	0.0000	0.0000						
10	105	0.6679	9	2	1	1	0	0	0	0	0	Y	N	N	N	N	N	N	N	N	N	N	N	0.0000	0.0000	0.0000	0.0000	0.0000	0.0000	0.0000	0.0000	0.0000	0.0000	0.0000	0.0000	0.0000	0.1463	0.2889	0.0000	0.0468	0.0577	0.0000	0.0000	0.0000	0.0000	0.0000	0.0000	-0.0000	0.0266	1.0000	2.0614	1.0005	0.0000	0.0000	0.0000	0.0000	0.0000	0.0000	0.0000	0.0000	0.0000	0.0000	0.0000	0.0000	0.0000	0.0000	0.0000	0.0000	0.0000	0.0000	0.0022	0.0020	0.0002	0.0020	0.0018	0.0002	0.0002	0.0002	0.0000	0.0048	0.0030	0.0018	0.0028	0.0023	0.0005	0.0019	0.0007	0.0013	0.0000	0.0000	0.0000	0.0000	0.0000	0.0000	0.0000	0.0000	0.0000	0.0042	0.0067	0.0000	0.0071	0.0087	0.0000	0.0000	0.0000	0.0000						
10	106	0.6644	8	2	1	1	0	0	0	0	0	Y	N	N	N	N	N	N	N	N	N	N	N	3.2204	inf	0.0000	inf	inf	40.8868	inf	0.0000	0.0004	0.0005	0.0000	0.0000	0.0000	0.0000	0.0034	0.0040	0.0000	0.0001	0.0000	0.0001	0.0000	0.0000	0.0000	0.0001	0.0000	0.0001	0.0000	inf	-0.0000	0.0000	0.0266	0.7249	2.0614	0.0368	0.0000	0.0000	0.0000	0.0000	0.0000	0.0000	0.0000	0.0000	0.0000	0.0000	0.0000	0.0000	0.0000	0.0000	0.0000	0.0000	0.0000	0.0000	0.0018	0.0016	0.0002	0.0016	0.0014	0.0001	0.0002	0.0002	0.0000	0.0019	0.0012	0.0007	0.0011	0.0009	0.0002	0.0008	0.0003	0.0005	20.9008	inf	0.0000	inf	inf	0.0000	69.7985	inf	0.0000	0.0000	0.0000	0.0001	0.0000	0.0000	0.0000	0.0000	0.0000	0.0001	
10	107	0.6629	7	2	1	1	0	0	0	0	0	Y	N	N	N	N	N	N	N	N	N	N	N	9.5521	6.3608	8.1564	2.0762	2.2653	31.2992	157.5242	inf	0.0000	0.0017	0.0018	0.0003	0.0008	0.0008	0.0004	0.0097	0.0113	0.0000	0.0002	0.0003	0.0000	0.0004	0.0004	0.0000	0.0001	0.0000	0.0001	0.0178	0.5349	-0.0000	-0.0000	0.0266	0.4159	2.0614	0.0887	0.0000	0.0000	0.0000	0.0000	0.0000	0.0000	0.0000	0.0000	0.0000	0.0000	0.0000	0.0000	0.0000	0.0000	0.0000	0.0000	0.0000	0.0000	0.0011	0.0010	0.0001	0.0010	0.0009	0.0001	0.0001	0.0001	0.0000	0.0015	0.0010	0.0005	0.0009	0.0007	0.0001	0.0006	0.0002	0.0004	40.5652	43.7016	8.1564	16.9388	15.4834	31.2992	310.8730	inf	0.0000	0.0000	0.0000	0.0000	0.0000	0.0001	0.0000	0.0000	0.0000	0.0001
10	108	0.6467	6	2	1	0	0	0	0	0	0	Y	N	N	N	N	N	N	N	N	N	N	N	15.1088	8.8687	0.0000	6.6957	8.1084	0.0000	inf	inf	0.0038	0.0042	0.0000	0.0043	0.0048	0.0000	0.0000	0.0000	0.0000	0.0002	0.0005	0.0000	0.0006	0.0006	0.0000	0.0000	0.0000	0.0000	0.0000	0.0023	-0.0000	-0.0000	0.0266	3.9943	2.0614	0.9974	0.0000	0.0000	0.0000	0.0000	0.0000	0.0000	0.0000	0.0000	0.0000	0.0000	0.0000	0.0000	0.0000	0.0000	0.0000	0.0000	0.0000	0.0000	0.0082	0.0075	0.0008	0.0071	0.0065	0.0006	0.0011	0.0009	0.0002	0.0186	0.0107	0.0079	0.0100	0.0088	0.0013	0.0086	0.0020	0.0066	41.9895	26.7618	0.0000	26.0769	24.9676	0.0000	inf	inf	0.0000	0.0001	0.0002	0.0000	0.0002	0.0002	0.0000	0.0000	0.0000	0.0000	
10	109	0.0779	3	2	1	1	0	0	0	0	0	Y	N	N	N	N	N	N	N	N	N	N	N	0.1358	0.0000	inf	0.0000	0.0000	73366.7206	0.0000	inf	0.1711	0.0000	0.4463	0.0000	0.0000	0.0000	0.3361	0.0000	0.4477	1.2600	1.8794	0.0000	3.3128	3.2285	0.0000	0.0000	0.0009	0.0000	inf	0.0000	0.0000	-0.0007	0.0266	0.0000	2.0614	0.9909	0.0000	0.0000	0.0000	0.0000	0.0000	0.0000	0.0000	0.0000	0.0000	0.0013	0.0013	0.0000	0.0013	0.0013	0.0000	0.0000	0.0000	0.0000	0.0000	0.0000	0.0000	0.0000	0.0000	0.0000	0.0000	0.0000	0.0000	0.0134	0.0069	0.0065	0.0019	0.0019	0.0001	0.0115	0.0051	0.0065	1.7834	0.0000	inf	0.0000	0.0000	0.0000	73366.7206	0.0000	inf	0.0959	0.1865	0.0000	0.6770	0.6958	0.0000	0.0000	0.0000	0.0000	
10	110	0.0493	2	2	1	1	0	0	0	0	0	Y	N	N	N	N	N	N	N	N	N	N	N	inf	inf	inf	inf	inf	inf	inf	inf	1.5586	0.8536	10.2499	1.7144	1.7216	1.0978	1.4237	0.0000	10.9523	0.0000	0.0000	0.0000	0.0000	0.0000	0.0000	0.0000	0.0000	0.0000	0.9740	0.0062	0.0000	0.0266	4.0000	2.0614	0.0000	0.0265	0.0135	0.0131	0.0135	0.0135	0.0001	0.0130	0.0000	0.0130	0.0000	0.0000	0.0000	0.0000	0.0000	0.0000	0.0000	0.0000	0.0000	0.0170	0.0158	0.0013	0.0079	0.0078	0.0001	0.0091	0.0079	0.0012	0.0326	0.0123	0.0203	0.0035	0.0033	0.0001	0.0292	0.0090	0.0201	inf	inf	inf	inf	inf	inf	inf	0.0000	inf	0.0000	0.0000	0.0000	0.0000	0.0000	0.0000	0.0000	0.0000	0.0000		
10	112	0.6513	6	1	1	1	0	0	0	0	0	N	N	N	N	N	N	N	N	N	N	N	N	0.0000	0.0000	0.0000	0.0000	0.0000	0.0000	0.0000	0.0000	0.0000	0.0000	0.0000	0.0000	0.0000	0.0000	0.0000	0.0000	0.0000	0.0000	0.0000	0.0000	0.0266	0.0000	2.0614	0.0001	0.0000	0.0000	0.0000	0.0000	0.0000	0.0000	0.0000	0.0000	0.0000	0.0000	0.0000	0.0000	0.0000	0.0000	0.0000	0.0000	0.0000	0.0000	0.0000	0.0000	0.0000	0.0000	0.0000	0.0000	0.0000	0.0000	0.0000	0.0000	0.0000	0.0000	0.0000	0.0000	0.0000	0.0000	0.0000	0.0000	0.0000	0.0000	0.0000	0.0000	0.0000	0.0000	0.0000	0.0000	0.0000	0.0000	0.0000	0.0000	0.0000	0.0000	0.0000	0.0000	0.0000	0.0000											
10	113	0.6054	5	1	1	1	0	0	0	0	0	N	N	N	N	N	N	N	N	N	N	N	N	inf	inf	inf	inf	0.0016	0.0018	0.0000	0.0026	0.0028	0.0000	0.0000	0.0000	0.0000	0.0000	0.0000	0.0000	0.0000	0.0000	0.0000	0.0000	0.0000	0.0000	0.0000	-0.0000	0.0000	0.0266	4.0004	2.0614	4.9999	0.0000	0.0000	0.0000	0.0000	0.0000	0.0000	0.0000	0.0000	0.0000	0.0000	0.0000	0.0000	0.0000	0.0000	0.0000	0.0000	0.0000	0.0000	0.0122	0.0112	0.0010	0.0077	0.0072	0.0005	0.0045	0.0040	0.0005	0.0420	0.0220	0.0200	0.0169	0.0147	0.0022	0.0251	0.0074	0.0178	inf	inf	0.0000	inf	inf	0.0000	0.0000	0.0000	0.0000	0.0000	0.0000	0.0000	0.0000	0.0000	0.0000	0.0000	0.0000	0.0000						
10	114	0.0820	3	1	2	0	0	0	0	0	0	N	Y	N	N	N	N	N	N	N	N	N	N	115.6283	67.5917	0.0000	34.4038	41.2026	0.0000	0.4071	inf	0.0000	0.6436	0.6957	0.0000	0.9849	1.0229	0.0000	0.0001	0.0001	0.0000	0.0056	0.0103	0.0003	0.0286	0.0248	0.0089	0.0002	0.0000	0.0003	0.0000	0.2911	-0.0032	-0.0000	0.0266	4.3361	2.0614	4.6323	0.0122	0.0122	0.0000	0.0122	0.0122	0.0000	0.0000	0.0000	0.0000	0.0001	0.0000	0.0000	0.0000	0.0000	0.0000	0.0000	0.0000	0.0000	0.0190	0.0176	0.0014	0.0124	0.0120	0.0005	0.0066	0.0056	0.0010	0.0620	0.0239	0.0381	0.0074	0.0071	0.0003	0.0546	0.0167	0.0378	778.2730	418.3013	0.0000	177.0309	183.7092	0.0000	0.4844	inf	0.0000	0.0008	0.0017	0.0003	0.0056	0.0056	0.0055	0.0002	0.0000	0.0003
10	115	0.0493	2	1	1	0	0	0	0	0	0	N	N	N	N	N	N	N	N	N	N	N	N	120.0477	76.3511	0.0986	45.3463	54.1110	0.0159	0.0000	0.1047	1.4395	1.5599	0.0001	3.0669	3.1032	0.0000	0.0000	0.0000	0.0001	0.0120	0.0204	0.0008	0.0676	0.0573	0.0000	0.0007	0.0005	0.0008	0.0000	0.5905	-0.0034	-0.0000	0.0266	1.9840	2.0614	0.2610	0.0132	0.0132	0.0000	0.0132	0.0132	0.0000	0.0000	0.0000	0.0000	0.0000	0.0000	0.0000	0.0000	0.0000	0.0000	0.0000	0.0000	0.0000	0.0092	0.0085	0.0007	0.0043	0.0043	0.0001	0.0049	0.0042	0.0007	0.0189	0.0071	0.0118	0.0020	0.0019	0.0001	0.0169	0.0052	0.0117	1028.8305	667.4403	0.0986	368.1916	357.5678	0.0000	0.0204	0.0000	0.1047	0.0014	0.0023	0.0008	0.0083	0.0087	0.0000	0.0006	0.0000	0.0008	
10	116	0.6054	5	1	2	0	1	0	0	0	0	N	Y	N	N	N	N	N	N	N	N	N	N	464.2185	inf	0.0000	inf	inf	0.0000	0.0000	0.3860	0.4196	0.0000	0.6093	0.6514	0.0000	0.0000	0.0000	0.0000	0.0008	0.0000	0.0006	0.0000	0.0000	0.0000	0.0006	0.0000	0.0007	0.0000	inf	-0.0015	0.0000	0.0266	5.0006	2.0614	2.0000	0.0057	0.0057	0.0000	0.0057	0.0057	0.0000	0.0000	0.0000	0.0000	0.0000	0.0000	0.0000	0.0000	0.0000	0.0000	0.0000	0.0000	0.0000	0.0148	0.0137	0.0012	0.0094	0.0088	0.0006	0.0054	0.0049	0.0006	0.0335	0.0175	0.0160	0.0134	0.0117	0.0017	0.0201	0.0059	0.0142	1292.8103	inf	0.0000	inf	inf	0.0000	0.0000	0.0000	0.0000	0.0003	0.0000	0.0006	0.0000	0.0000	0.0000	0.0005	0.0000	0.0007		
10	117	0.0493	2	1	2	0	1	0	0	0	0	N	Y	N	N	N	N	N	N	N	N	N	N	0.0000	0.0000	0.0000	0.0000	0.0000	0.0000	0.0000	0.0000	0.0000	0.0000	0.0000	0.0000	0.0000	0.0000	0.0000	0.0000	0.0000	0.0000	0.0000	0.0000	0.0266	0.0000	2.0614	1.0000	0.0000	0.0000	0.0000	0.0000	0.0000	0.0000	0.0000	0.0000	0.0000	0.0000	0.0000	0.0000	0.0000	0.0000	0.0000	0.0000	0.0000	0.0000	0.0000	0.0000	0.0000	0.0000	0.0000	0.0000	0.0000	0.0000	0.0000	0.0119	0.0045	0.0075	0.0013	0.0012	0.0001	0.0107	0.0033	0.0074	0.0000	0.0000	0.0000	0.0000	0.0000	0.0000	0.0000	0.0000	0.0000	0.0000	0.0000	0.0000	0.0000	0.0000	0.0000	0.0000	0.0000	0.0000											
10	118	0.6054	5	1	2	0	0	0	0	0	0	N	Y	N	N	N	N	N	N	N	N	N	N	0.5537	0.3334	inf	0.7144	0.7552	inf	51.7046	0.0000	inf	0.3942	0.3815	0.5490	0.5639	0.5962	0.0362	0.1082	0.0000	1.0173	0.7119	1.1444	0.0000	0.7893	0.7895	0.0000	0.0021	0.0857	0.0000	0.1180	0.0000	-0.0023	-0.0010	0.0266	16.9994	2.0614	6.0000	0.0151	0.0135	0.0016	0.0135	0.0135	0.0001	0.0015	0.0000	0.0015	0.0019	0.0019	0.0000	0.0018	0.0018	0.0000	0.0001	0.0001	0.0000	0.0382	0.0353	0.0029	0.0240	0.0226	0.0014	0.0142	0.0127	0.0015	0.0904	0.0479	0.0425	0.0373	0.0322	0.0051	0.0531	0.0157	0.0374	18.8584	9.6742	inf	11.4345	10.4497	inf	114.9541	0.0000	inf	0.0209	0.0394	0.0000	0.0493	0.0571	0.0000	0.0009	0.0032	0.0000
10	119	0.0493	2	1	2	0	0	0	0	0	0	N	Y	N	N	N	N	N	N	N	N	N	N	0.2801	0.2073	0.0000	0.1487	0.1442	0.0000	0.0000	0.0000	0.6567	0.7092	0.0000	1.4232	1.4396	0.0000	0.0000	0.0000	0.0000	2.3442	3.4214	0.1289	9.5722	9.9810	0.6805	0.3604	0.0000	0.0455	0.0000	0.0229	-0.0035	-0.0422	0.0266	5.0000	2.0614	6.0000	0.0135	0.0135	0.0000	0.0135	0.0135	0.0000	0.0000	0.0000	0.0000	0.0844	0.0825	0.0019	0.0826	0.0825	0.0001	0.0018	0.0000	0.0018	0.0205	0.0190	0.0015	0.0095	0.0093	0.0001	0.0110	0.0096	0.0014	0.0791	0.0304	0.0488	0.0086	0.0083	0.0004	0.0705	0.0221	0.0484	0.6158	0.2609	0.0000	0.1487	0.1442	0.0000	0.0000	0.0000	0.0000	1.0664	2.7184	0.0387	9.5722	9.9810	0.1942	0.0258	0.0000	0.0376	
10	122	0.6467	6	1	2	0	0	0	0	0	0	N	Y	N	N	N	N	N	N	N	N	N	N	inf	inf	inf	inf	inf	inf	0.0069	0.0077	0.0000	0.0079	0.0087	0.0000	0.0000	0.0000	0.0000	0.0000	0.0000	0.0000	0.0000	0.0000	0.0000	0.0000	0.0000	0.0000	0.0000	-0.0000	0.0000	0.0266	2.0001	2.0614	3.0000	0.0000	0.0000	0.0000	0.0000	0.0000	0.0000	0.0000	0.0000	0.0000	0.0000	0.0000	0.0000	0.0000	0.0000	0.0000	0.0000	0.0000	0.0000	0.0043	0.0039	0.0004	0.0038	0.0034	0.0003	0.0006	0.0005	0.0001	0.0186	0.0107	0.0079	0.0100	0.0088	0.0013	0.0086	0.0020	0.0066	inf	inf	0.0000	inf	inf	0.0000	inf	inf	0.0000	0.0000	0.0000	0.0000	0.0000	0.0000	0.0000	0.0000	0.0000	0.0000				
10	123	0.6054	5	1	1	0	0	0	0	0	0	N	N	N	N	N	N	N	N	N	N	N	N	3411.1662	1846.5255	inf	1799.9605	2017.2364	inf	0.6820	0.7407	0.0000	1.0789	1.1517	0.0000	0.0000	0.0000	0.0000	0.0002	0.0004	0.0000	0.0006	0.0006	0.0000	0.0000	0.0000	0.0000	0.0000	0.0000	-0.0035	-0.0000	0.0266	6.9986	2.0614	2.0000	0.0135	0.0135	0.0000	0.0135	0.0135	0.0000	0.0000	0.0000	0.0000	0.0000	0.0000	0.0000	0.0000	0.0000	0.0000	0.0000	0.0000	0.0000	0.0198	0.0182	0.0016	0.0125	0.0117	0.0008	0.0073	0.0065	0.0008	0.0420	0.0220	0.0200	0.0169	0.0147	0.0022	0.0251	0.0074	0.0178	11583.9276	6599.1151	inf	7361.2864	6831.9207	inf	0.0000	0.0000	0.0000	0.0001	0.0001	0.0000	0.0001	0.0002	0.0000	0.0000	0.0000	0.0000			
10	124	0.0828	3	1	2	0	0	0	0	0	0	N	Y	N	N	N	N	N	N	N	N	N	N	10.6726	0.0140	33642.4119	0.0604	0.0514	inf	3689.5244	0.0000	36749.2906	0.2010	0.0011	2.8219	0.0029	0.0022	0.0540	0.3901	0.0000	3.1261	0.0188	0.0804	0.0001	0.0483	0.0423	0.0000	0.0001	0.0001	0.0001	191.1405	0.0266	0.0042	-0.0001	0.0266	3.9006	2.0614	3.1543	0.0057	0.0000	0.0057	0.0000	0.0000	0.0000	0.0057	0.0000	0.0057	0.0002	0.0002	0.0000	0.0002	0.0002	0.0000	0.0000	0.0000	0.0000	0.0283	0.0263	0.0020	0.0138	0.0136	0.0002	0.0145	0.0127	0.0018	0.0888	0.0384	0.0503	0.0217	0.0210	0.0007	0.0670	0.0174	0.0496	109.6208	0.2729	33642.4119	0.4001	0.2882	inf	6190.6939	0.0000	36749.2906	0.0018	0.0041	0.0001	0.0073	0.0075	0.0000	0.0001	0.0000	0.0001
10	125	0.0493	2	1	2	0	0	0	0	0	0	N	Y	N	N	N	N	N	N	N	N	N	N	0.0049	0.0001	11.9014	0.0001	0.0001	40.9215	0.4261	0.0051	12.7016	0.0026	0.0001	0.0329	0.0001	0.0001	0.0008	0.0047	0.0001	0.0353	0.5249	0.9452	0.0028	1.3190	1.2535	0.0000	0.0111	0.0122	0.0028	29.4853	0.1672	0.0000	-0.0002	0.0266	1.6924	2.0614	1.9110	0.0000	0.0000	0.0000	0.0000	0.0000	0.0000	0.0000	0.0000	0.0000	0.0006	0.0005	0.0001	0.0005	0.0005	0.0000	0.0001	0.0000	0.0001	0.0138	0.0127	0.0010	0.0064	0.0063	0.0001	0.0073	0.0064	0.0010	0.0516	0.0196	0.0320	0.0055	0.0053	0.0002	0.0461	0.0143	0.0318	0.2160	0.0034	11.9014	0.0014	0.0012	40.9215	2.2136	0.0899	12.7016	0.0120	0.0269	0.0028	0.0936	0.0976	0.0000	0.0021	0.0007	0.0028
10	126	0.6054	5	1	2	0	0	0	0	0	0	N	Y	N	N	N	N	N	N	N	N	N	N	0.0000	0.0000	0.0000	0.0000	0.0000	0.0000	0.0000	0.0000	0.0000	0.0000	0.0000	0.0000	0.0000	0.0000	0.0000	0.0000	0.0000	0.9621	1.5307	0.0010	1.4940	1.5871	0.0000	0.0177	0.4491	0.0011	0.0106	0.0000	-0.0010	0.0266	0.9996	2.0614	8.0005	0.0000	0.0000	0.0000	0.0000	0.0000	0.0000	0.0000	0.0000	0.0000	0.0019	0.0019	0.0000	0.0018	0.0018	0.0000	0.0001	0.0001	0.0000	0.0033	0.0030	0.0003	0.0021	0.0020	0.0001	0.0012	0.0011	0.0001	0.0420	0.0220	0.0200	0.0169	0.0147	0.0022	0.0251	0.0074	0.0178	0.0000	0.0000	0.0000	0.0000	0.0000	0.0000	0.0000	0.0000	0.0000	0.0455	0.0858	0.0010	0.1091	0.1255	0.0000	0.0028	0.0068	0.0011		
10	127	0.5108	5	1	1	0	0	0	0	0	0	N	N	N	N	N	N	N	N	N	N	N	N	0.0002	0.0000	0.0853	0.0002	0.0000	0.1644	0.0006	0.0000	0.0406	0.0001	0.0000	0.0016	0.0002	0.0000	0.0026	0.0000	0.0000	0.0003	0.7864	1.1090	0.0184	0.7365	0.7293	0.0160	0.0560	0.0821	0.0082	92.3975	0.1701	0.0000	-0.0008	0.0266	3.6536	2.0614	12.3970	0.0000	0.0000	0.0000	0.0000	0.0000	0.0000	0.0000	0.0000	0.0000	0.0022	0.0019	0.0003	0.0019	0.0018	0.0001	0.0003	0.0001	0.0003	0.0116	0.0106	0.0009	0.0074	0.0069	0.0005	0.0041	0.0037	0.0004	0.0907	0.0520	0.0387	0.0407	0.0350	0.0057	0.0500	0.0170	0.0330	0.0053	0.0000	0.1887	0.0039	0.0000	0.2960	0.0056	0.0000	0.0406	0.0244	0.0363	0.0083	0.0464	0.0525	0.0089	0.0064	0.0030	0.0082
10	128	0.2997	3	1	1	0	0	0	0	0	0	N	N	N	N	N	N	N	N	N	N	N	N	0.0067	0.5033	0.0022	0.0070	1.7518	0.0005	0.0007	0.9114	0.0004	0.0222	0.0209	0.0367	0.0347	0.0321	0.0712	0.0032	0.0028	0.0058	3.3206	0.0415	16.3723	4.9362	0.0183	129.5379	4.2902	0.0031	14.2004	0.1626	1745.5917	-0.0001	0.2444	0.0266	5.3495	2.0614	12.4099	0.0005	0.0004	0.0001	0.0004	0.0004	0.0001	0.0000	0.0000	0.0000	0.5119	0.0003	0.5116	0.1412	0.0003	0.1409	0.3707	0.0000	0.3707	0.0203	0.0186	0.0017	0.0123	0.0114	0.0008	0.0080	0.0071	0.0009	0.1541	0.0854	0.0688	0.0677	0.0597	0.0081	0.0864	0.0257	0.0607	0.0067	6.0773	0.0049	0.0166	6.6064	0.0041	0.0007	24.0381	0.0009	3.3206	0.0034	7.4372	2.0840	0.0049	17.4733	4.2902	0.0001	6.1046
10	129	0.7169	11	1	2	0	1	0	0	0	0	N	Y	N	N	N	N	N	N	N	N	N	N	0.0000	0.0000	0.0000	0.0000	0.0000	0.0000	0.0000	0.0000	0.0000	0.0000	0.0000	0.0000	0.0000	0.0000	0.0000	0.0000	0.0000	0.0000	0.0000	0.0000	0.0266	0.0000	2.0614	0.0000	0.0000	0.0000	0.0000	0.0000	0.0000	0.0000	0.0000	0.0000	0.0000	0.0000	0.0000	0.0000	0.0000	0.0000	0.0000	0.0000	0.0000	0.0000	0.0000	0.0000	0.0000	0.0000	0.0000	0.0000	0.0000	0.0000	0.0000	0.0000	0.0000	0.0000	0.0000	0.0000	0.0000	0.0000	0.0000	0.0000	0.0000	0.0000	0.0000	0.0000	0.0000	0.0000	0.0000	0.0000	0.0000	0.0000	0.0000	0.0000	0.0000	0.0000	0.0000	0.0000	0.0000	0.0000											
10	130	0.7006	10	1	2	0	1	0	0	0	0	N	Y	N	N	N	N	N	N	N	N	N	N	0.0000	0.0000	0.0000	0.0000	0.0000	0.0000	0.0000	0.0000	0.0000	0.0000	0.0000	0.0000	0.0000	0.0212	0.0000	0.0074	0.0000	0.0000	0.0000	0.0181	0.0000	0.0060	inf	0.0000	0.0000	0.0266	0.0000	2.0614	3.0001	0.0000	0.0000	0.0000	0.0000	0.0000	0.0000	0.0000	0.0000	0.0000	0.0000	0.0000	0.0000	0.0000	0.0000	0.0000	0.0000	0.0000	0.0000	0.0000	0.0000	0.0000	0.0000	0.0000	0.0000	0.0000	0.0000	0.0000	0.0207	0.0132	0.0075	0.0064	0.0057	0.0008	0.0143	0.0076	0.0067	0.0000	0.0000	0.0000	0.0000	0.0000	0.0000	0.0000	0.0000	0.0000	0.0019	0.0000	0.0053	0.0000	0.0000	0.0000	0.0028	0.0000	0.0060						
10	131	0.6909	9	1	2	0	0	0	0	0	0	N	Y	N	N	N	N	N	N	N	N	N	N	0.0000	0.0000	0.0000	0.0000	0.0000	0.0000	0.0000	0.0000	0.0000	0.0000	0.0000	0.0000	0.0000	0.0000	0.0000	0.0000	0.0000	0.0000	0.0000	0.0000	0.0266	0.0000	2.0614	0.0000	0.0000	0.0000	0.0000	0.0000	0.0000	0.0000	0.0000	0.0000	0.0000	0.0000	0.0000	0.0000	0.0000	0.0000	0.0000	0.0000	0.0000	0.0000	0.0000	0.0000	0.0000	0.0000	0.0000	0.0000	0.0000	0.0000	0.0000	0.0000	0.0000	0.0000	0.0000	0.0000	0.0000	0.0000	0.0000	0.0000	0.0000	0.0000	0.0000	0.0000	0.0000	0.0000	0.0000	0.0000	0.0000	0.0000	0.0000	0.0000	0.0000	0.0000	0.0000	0.0000	0.0000	0.0000											
10	132	0.7006	10	1	1	1	1	0	0	0	0	N	N	N	N	N	N	N	N	N	N	N	N	0.0000	0.0000	0.0000	0.0000	0.0000	0.0000	0.0000	0.0000	0.0000	0.0000	0.0000	0.0000	0.0000	0.0000	0.0000	0.0000	0.0000	0.0000	0.0000	0.0000	0.0266	0.0000	2.0614	1.9999	0.0000	0.0000	0.0000	0.0000	0.0000	0.0000	0.0000	0.0000	0.0000	0.0000	0.0000	0.0000	0.0000	0.0000	0.0000	0.0000	0.0000	0.0000	0.0000	0.0000	0.0000	0.0000	0.0000	0.0000	0.0000	0.0000	0.0000	0.0142	0.0091	0.0051	0.0044	0.0038	0.0005	0.0099	0.0053	0.0046	0.0000	0.0000	0.0000	0.0000	0.0000	0.0000	0.0000	0.0000	0.0000	0.0000	0.0000	0.0000	0.0000	0.0000	0.0000	0.0000	0.0000	0.0000											
10	133	0.7116	11	1	1	1	1	0	0	0	0	N	N	N	N	N	N	N	N	N	N	N	N	0.0000	0.0000	0.0000	0.0000	0.0000	0.0000	0.0000	0.0000	0.0000	0.0000	0.0000	0.0000	0.0000	0.0000	0.0000	0.0000	0.0000	0.0000	0.0000	0.0000	0.0266	1.0000	2.0614	0.0000	0.0000	0.0000	0.0000	0.0000	0.0000	0.0000	0.0000	0.0000	0.0000	0.0000	0.0000	0.0000	0.0000	0.0000	0.0000	0.0000	0.0000	0.0000	0.0029	0.0025	0.0004	0.0018	0.0017	0.0001	0.0010	0.0008	0.0002	0.0067	0.0043	0.0025	0.0017	0.0016	0.0001	0.0051	0.0027	0.0024	0.0000	0.0000	0.0000	0.0000	0.0000	0.0000	0.0000	0.0000	0.0000	0.0000	0.0000	0.0000	0.0000	0.0000	0.0000	0.0000	0.0000	0.0000											
10	134	0.7116	11	1	1	1	1	0	0	0	0	N	N	N	N	N	N	N	N	N	N	N	N	0.0000	0.0000	0.0000	0.0000	0.0000	0.0000	0.0000	0.0000	0.0000	0.0000	0.0000	0.0000	0.0000	0.0000	0.0000	0.0000	0.0000	0.0000	0.0000	0.0000	0.0266	0.0000	2.0614	0.0000	0.0000	0.0000	0.0000	0.0000	0.0000	0.0000	0.0000	0.0000	0.0000	0.0000	0.0000	0.0000	0.0000	0.0000	0.0000	0.0000	0.0000	0.0000	0.0000	0.0000	0.0000	0.0000	0.0000	0.0000	0.0000	0.0000	0.0000	0.0000	0.0000	0.0000	0.0000	0.0000	0.0000	0.0000	0.0000	0.0000	0.0000	0.0000	0.0000	0.0000	0.0000	0.0000	0.0000	0.0000	0.0000	0.0000	0.0000	0.0000	0.0000	0.0000	0.0000	0.0000	0.0000	0.0000											
10	135	0.7006	10	1	1	1	1	0	0	0	0	N	N	N	N	N	N	N	N	N	N	N	N	8.0398	56.6090	7.2392	38.3349	0.3135	0.9942	0.0026	0.0000	0.0216	0.0040	0.0000	0.0487	0.0001	0.0000	0.0003	0.0003	0.0000	0.0004	0.0006	0.0000	0.0013	0.0002	0.0000	0.0003	inf	inf	0.0000	0.0000	0.0266	2.0025	2.0614	0.9943	0.0000	0.0000	0.0000	0.0000	0.0000	0.0000	0.0000	0.0000	0.0000	0.0000	0.0000	0.0000	0.0000	0.0000	0.0000	0.0000	0.0000	0.0000	0.0056	0.0050	0.0007	0.0036	0.0033	0.0003	0.0020	0.0016	0.0004	0.0207	0.0132	0.0075	0.0064	0.0056	0.0008	0.0143	0.0076	0.0067	18.8814	0.0000	56.6090	32.3134	0.0000	47.0914	0.3976	0.0000	0.9942	0.0001	0.0000	0.0004	0.0001	0.0000	0.0010	0.0001	0.0000	0.0003			
10	136	0.7006	9	1	1	0	1	0	0	0	0	N	N	N	N	N	N	N	N	N	N	N	N	0.5164	0.4035	8.7353	1.1981	1.0914	2.3433	0.0343	2.3174	0.3136	0.1913	0.8694	0.4618	0.3050	0.9588	0.0038	0.0000	0.0683	0.6073	0.4742	0.0995	0.3855	0.2795	0.4092	0.1118	0.0000	0.0295	0.9999	0.9998	0.0000	-0.0000	0.0266	0.0050	2.0614	0.0173	0.0000	0.0000	0.0000	0.0000	0.0000	0.0000	0.0000	0.0000	0.0000	0.0000	0.0000	0.0000	0.0000	0.0000	0.0000	0.0000	0.0000	0.0000	0.0001	0.0001	0.0000	0.0001	0.0000	0.0000	0.0000	0.0000	0.0000	0.0004	0.0003	0.0001	0.0002	0.0001	0.0000	0.0002	0.0001	0.0001	20.7345	18.7044	29.9569	19.6542	15.9056	7.9313	0.4133	0.0000	3.0467	0.0151	0.0102	0.0290	0.0235	0.0192	0.1209	0.0093	0.0000	0.0224	
10	137	0.6909	8	1	1	0	1	0	0	0	0	N	N	N	N	N	N	N	N	N	N	N	N	4009.7910	0.1580	2067302.8363	2180.7533	0.1540	617548.7016	0.0000	0.0000	1.5054	0.0001	14.5209	1.7224	0.0001	17.7059	0.0000	0.0000	0.0000	0.0004	0.0006	0.0000	0.0008	0.0008	0.0000	0.0000	0.0000	0.0000	16471.8275	0.0157	0.0043	-0.0000	0.0266	1.9972	2.0614	1.0076	0.0058	0.0000	0.0058	0.0058	0.0000	0.0058	0.0000	0.0000	0.0000	0.0000	0.0000	0.0000	0.0000	0.0000	0.0000	0.0000	0.0000	0.0000	0.0038	0.0034	0.0004	0.0034	0.0030	0.0003	0.0005	0.0004	0.0001	0.0098	0.0061	0.0037	0.0062	0.0055	0.0008	0.0036	0.0007	0.0029	8848.6839	0.3805	2067302.8363	6437.3972	0.3845	617548.7016	0.0000	0.0000	0.0000	0.0002	0.0003	0.0000	0.0003	0.0003	0.0000	0.0000	0.0000	0.0000	
10	138	0.6737	7	2	2	0	0	0	0	0	0	Y	Y	N	N	N	N	N	N	N	N	N	N	0.0000	0.0000	0.0000	0.0000	0.0000	0.0000	0.0000	0.0000	0.0000	0.0000	0.0000	0.0000	0.0000	0.0062	0.0092	0.0000	0.0045	0.0044	0.0000	0.0000	0.0000	0.0000	0.0000	0.0000	-0.0000	0.0266	0.0002	2.0614	2.3255	0.0000	0.0000	0.0000	0.0000	0.0000	0.0000	0.0000	0.0000	0.0000	0.0000	0.0000	0.0000	0.0000	0.0000	0.0000	0.0000	0.0000	0.0000	0.0000	0.0000	0.0000	0.0000	0.0000	0.0000	0.0000	0.0000	0.0000	0.0110	0.0065	0.0046	0.0056	0.0050	0.0006	0.0054	0.0014	0.0040	0.0000	0.0000	0.0000	0.0000	0.0000	0.0000	0.0000	0.0000	0.0000	0.0009	0.0015	0.0000	0.0018	0.0020	0.0000	0.0000	0.0000	0.0000						
10	139	0.6558	6	2	2	0	0	0	0	0	0	Y	Y	N	N	N	N	N	N	N	N	N	N	0.0061	0.0051	3.0380	0.0034	0.0037	164.2867	0.5158	10.0105	0.0156	0.0178	0.0000	0.0182	0.0205	0.0000	0.0003	0.0004	0.0000	2.5698	3.4711	0.0000	5.4022	5.5805	0.0000	0.0000	0.0008	0.0000	0.0000	0.0000	-0.0000	-0.0390	0.0266	2.0138	2.0614	2.7349	0.0001	0.0001	0.0000	0.0001	0.0001	0.0000	0.0000	0.0000	0.0000	0.0747	0.0747	0.0000	0.0747	0.0747	0.0000	0.0000	0.0000	0.0000	0.0049	0.0043	0.0006	0.0042	0.0037	0.0005	0.0007	0.0006	0.0001	0.0474	0.0258	0.0216	0.0237	0.0224	0.0012	0.0237	0.0034	0.0203	0.0099	0.0061	3.0380	0.0058	0.0062	0.0000	164.2867	48.8433	10.0105	1.5767	2.8914	0.0000	3.1591	3.3324	0.0000	0.0000	0.0000	0.0000	
10	140	0.6723	7	1	2	0	0	0	0	0	0	N	Y	N	N	N	N	N	N	N	N	N	N	0.3163	inf	0.0000	284.3599	inf	0.0000	0.0234	inf	0.0000	0.2247	0.2363	0.0000	0.2399	0.2508	0.0000	0.0156	0.0179	0.0000	0.7105	0.0000	0.1659	0.0008	0.0000	0.0035	0.6681	0.0000	0.0823	0.0000	inf	-0.0008	0.0001	0.0266	1.9232	2.0614	1.1116	0.0031	0.0031	0.0000	0.0031	0.0031	0.0000	0.0000	0.0000	0.0000	0.0002	0.0000	0.0002	0.0000	0.0000	0.0000	0.0002	0.0000	0.0002	0.0139	0.0132	0.0007	0.0129	0.0124	0.0006	0.0009	0.0008	0.0001	0.0111	0.0068	0.0043	0.0068	0.0060	0.0008	0.0043	0.0008	0.0035	10.9490	inf	0.0000	800.4201	inf	0.0000	0.3004	inf	0.0000	0.0205	0.0000	0.0531	0.0003	0.0000	0.0026	0.0521	0.0000	0.0643
10	141	0.0685	3	1	2	0	0	0	0	0	0	N	Y	N	N	N	N	N	N	N	N	N	N	inf	inf	inf	inf	inf	inf	inf	inf	0.5930	0.6385	0.0121	1.2243	1.2409	0.0643	0.0009	0.0000	0.0067	0.0000	0.0000	0.0000	0.0000	0.0000	0.0000	0.0000	0.0000	0.0000	0.0015	-0.0035	0.0000	0.0266	3.0000	2.0614	1.0000	0.0135	0.0134	0.0000	0.0135	0.0134	0.0000	0.0000	0.0000	0.0000	0.0000	0.0000	0.0000	0.0000	0.0000	0.0000	0.0000	0.0000	0.0000	0.0227	0.0211	0.0016	0.0110	0.0108	0.0002	0.0117	0.0102	0.0015	0.0528	0.0215	0.0313	0.0061	0.0058	0.0003	0.0468	0.0157	0.0311	inf	inf	inf	inf	inf	inf	inf	0.0000	inf	0.0000	0.0000	0.0000	0.0000	0.0000	0.0000	0.0000	0.0000	0.0000		
10	142	0.0493	2	1	1	0	0	0	0	0	0	N	N	N	N	N	N	N	N	N	N	N	N	inf	inf	inf	inf	0.0023	0.0025	0.0000	0.0050	0.0051	0.0000	0.0000	0.0000	0.0000	0.0000	0.0000	0.0000	0.0000	0.0000	0.0000	0.0000	0.0000	0.0000	0.0000	-0.0000	0.0000	0.0266	1.0000	2.0614	1.0000	0.0000	0.0000	0.0000	0.0000	0.0000	0.0000	0.0000	0.0000	0.0000	0.0000	0.0000	0.0000	0.0000	0.0000	0.0000	0.0000	0.0000	0.0000	0.0086	0.0079	0.0007	0.0040	0.0040	0.0000	0.0045	0.0039	0.0006	0.0302	0.0114	0.0188	0.0032	0.0031	0.0001	0.0270	0.0083	0.0187	inf	inf	0.0000	inf	inf	0.0000	0.0000	0.0000	0.0000	0.0000	0.0000	0.0000	0.0000	0.0000	0.0000	0.0000	0.0000	0.0000						
10	145	0.6909	9	2	2	0	0	0	0	0	0	Y	Y	N	N	N	N	N	N	N	N	N	N	0.0000	0.0000	0.0000	0.0000	0.0000	0.0000	0.0000	0.0000	0.0000	0.0000	0.0000	0.0000	0.0000	0.0000	0.0000	0.0000	0.0000	0.0000	0.0000	0.0000	0.0266	1.0000	2.0614	1.0000	0.0000	0.0000	0.0000	0.0000	0.0000	0.0000	0.0000	0.0000	0.0000	0.0000	0.0000	0.0000	0.0000	0.0000	0.0000	0.0000	0.0000	0.0000	0.0020	0.0018	0.0002	0.0017	0.0015	0.0002	0.0002	0.0002	0.0000	0.0066	0.0041	0.0025	0.0042	0.0037	0.0005	0.0024	0.0005	0.0020	0.0000	0.0000	0.0000	0.0000	0.0000	0.0000	0.0000	0.0000	0.0000	0.0000	0.0000	0.0000	0.0000	0.0000	0.0000	0.0000	0.0000	0.0000											
10	146	0.6909	8	1	2	0	0	0	0	0	0	N	Y	N	N	N	N	N	N	N	N	N	N	inf	inf	inf	inf	0.1658	0.2000	0.0000	0.2337	0.3042	0.0000	0.0000	0.0000	0.0000	0.0000	0.0000	0.0000	0.0000	0.0000	0.0000	0.0000	0.0000	0.0000	0.0000	-0.0000	0.0000	0.0266	0.0003	2.0614	0.0000	0.0000	0.0000	0.0000	0.0000	0.0000	0.0000	0.0000	0.0000	0.0000	0.0000	0.0000	0.0000	0.0000	0.0000	0.0000	0.0000	0.0000	0.0000	0.0000	0.0000	0.0000	0.0000	0.0000	0.0000	0.0000	0.0000	0.0000	0.0000	0.0000	0.0000	0.0000	0.0000	0.0000	0.0000	0.0000	0.0000	inf	inf	0.0000	inf	inf	0.0000	0.0000	0.0000	0.0000	0.0000	0.0000	0.0000	0.0000	0.0000	0.0000	0.0000	0.0000	0.0000						
10	147	0.6723	7	1	1	0	0	0	0	0	0	N	N	N	N	N	N	N	N	N	N	N	N	0.9739	1.9925	0.0089	53.6150	60.8527	0.6559	0.0194	0.0060	0.0003	0.6023	0.6490	0.0009	0.6593	0.7057	0.0011	0.0089	0.0103	0.0000	0.6185	0.3257	0.1004	0.0123	0.0116	0.0016	0.4596	1.7205	0.0436	0.0001	2.5804	-0.0029	0.0001	0.0266	4.9449	2.0614	1.0063	0.0113	0.0113	0.0000	0.0113	0.0113	0.0000	0.0000	0.0000	0.0000	0.0003	0.0001	0.0002	0.0000	0.0000	0.0000	0.0003	0.0000	0.0002	0.0188	0.0175	0.0014	0.0172	0.0160	0.0011	0.0016	0.0014	0.0002	0.0202	0.0125	0.0077	0.0124	0.0109	0.0015	0.0078	0.0016	0.0062	38.4600	91.6251	0.0303	198.1830	196.2113	0.7881	0.2519	0.3264	0.0004	0.0157	0.0071	0.0295	0.0033	0.0036	0.0014	0.0353	0.0316	0.0363
10	148	0.6558	6	1	1	0	0	0	0	0	0	N	N	N	N	N	N	N	N	N	N	N	N	0.3142	0.9919	0.0308	2.7094	4.5171	0.7600	0.0001	0.1375	0.0001	0.4584	0.5147	0.0465	0.5387	0.6011	0.0573	0.0002	0.0003	0.0000	1.4590	0.5189	1.5098	0.1988	0.1331	0.0753	1.7787	0.0019	0.6272	0.0124	26.7070	-0.0009	0.0035	0.0266	3.4778	2.0614	1.2917	0.0035	0.0035	0.0000	0.0035	0.0035	0.0000	0.0000	0.0000	0.0000	0.0079	0.0003	0.0076	0.0003	0.0003	0.0000	0.0076	0.0000	0.0076	0.0076	0.0067	0.0009	0.0065	0.0057	0.0007	0.0011	0.0010	0.0002	0.0475	0.0259	0.0216	0.0237	0.0225	0.0012	0.0238	0.0034	0.0203	2.7474	46.6196	0.1314	39.2849	47.2457	1.8066	0.0007	5.9005	0.0001	0.1668	0.0110	0.3538	0.0137	0.0127	0.0317	0.3194	0.0000	0.3733
10	149	0.6054	5	1	1	0	0	0	0	0	0	N	N	N	N	N	N	N	N	N	N	N	N	0.4437	0.3296	5560.8247	0.3813	0.3910	inf	0.0000	0.0000	0.6228	0.6762	0.0002	0.9861	1.0520	0.0004	0.0000	0.0000	0.0000	1.4037	2.0516	0.0000	2.5864	2.6908	0.0000	0.0000	0.0000	0.0000	0.0000	0.0000	-0.0035	-0.0040	0.0266	7.8050	2.0614	4.0035	0.0134	0.0134	0.0000	0.0134	0.0134	0.0000	0.0000	0.0000	0.0000	0.0077	0.0077	0.0000	0.0077	0.0077	0.0000	0.0000	0.0000	0.0000	0.0216	0.0199	0.0017	0.0136	0.0128	0.0009	0.0080	0.0071	0.0009	0.0532	0.0280	0.0252	0.0215	0.0187	0.0028	0.0317	0.0093	0.0224	4.3201	2.4659	5560.8247	2.7636	2.5602	inf	0.0000	0.0000	0.0000	0.1442	0.2742	0.0000	0.3568	0.4109	0.0000	0.0000	0.0000	0.0000	
10	150	0.5108	5	1	1	0	0	0	0	0	0	N	N	N	N	N	N	N	N	N	N	N	N	0.0000	0.0000	0.0925	0.0001	0.0000	0.1769	0.0000	0.0000	0.0428	0.0001	0.0000	0.0015	0.0002	0.0000	0.0026	0.0000	0.0000	0.0003	2.5703	3.4333	0.0167	1.8467	1.9781	0.0147	3.5084	8.3545	0.0076	92.3975	0.0021	0.0000	-0.0800	0.0266	3.7255	2.0614	14.1767	0.0000	0.0000	0.0000	0.0000	0.0000	0.0000	0.0000	0.0000	0.0000	0.1539	0.1536	0.0003	0.0068	0.0068	0.0001	0.1471	0.1468	0.0003	0.0118	0.0108	0.0010	0.0076	0.0071	0.0005	0.0042	0.0037	0.0004	0.0964	0.0550	0.0414	0.0430	0.0370	0.0060	0.0534	0.0180	0.0355	0.0001	0.0000	0.1989	0.0011	0.0000	0.3071	0.0000	0.0000	0.0428	1.5963	2.7940	0.0077	0.1591	0.1835	0.0085	2.7522	8.1662	0.0076
10	151	0.4945	4	1	1	0	0	0	0	0	0	N	N	N	N	N	N	N	N	N	N	N	N	0.0001	0.0000	0.0006	0.0001	0.0001	0.0001	0.0000	0.0000	0.0002	0.0004	0.0004	0.0007	0.0006	0.0005	0.0013	0.0000	0.0000	0.0000	5.0122	7.9500	1.2172	6.1579	6.2529	19.1123	5.3860	13.9775	0.1158	0.1742	0.0213	-0.0000	-0.1442	0.0266	1.4205	2.0614	4.0377	0.0000	0.0000	0.0000	0.0000	0.0000	0.0000	0.0000	0.0000	0.0000	0.2878	0.2818	0.0060	0.1312	0.1265	0.0047	0.1566	0.1553	0.0013	0.0048	0.0044	0.0004	0.0031	0.0029	0.0002	0.0017	0.0015	0.0002	0.0574	0.0354	0.0220	0.0284	0.0243	0.0040	0.0291	0.0111	0.0180	0.0001	0.0000	0.0025	0.0001	0.0001	0.0011	0.0000	0.0000	0.0003	5.0122	7.9500	0.2734	4.6291	5.1991	1.1716	5.3860	13.9775	0.0727
11	12	0.6642	6	2	1	1	0	0	0	0	0	Y	N	N	N	N	N	N	N	N	N	N	N	0.0000	0.0000	0.0000	0.0000	0.0000	0.0000	0.0000	0.0000	0.0000	0.0000	0.0000	0.0000	0.0000	0.0000	0.0000	0.0000	0.0000	0.0000	0.0000	0.0000	6.9996	0.0000	1.0001	1.0091	0.0000	0.0000	0.0000	0.0000	0.0000	0.0000	0.0000	0.0000	0.0000	0.0000	0.0000	0.0000	0.0000	0.0000	0.0000	0.0000	0.0000	0.0000	0.0000	0.0000	0.0000	0.0000	0.0000	0.0000	0.0000	0.0000	0.0000	0.0109	0.0068	0.0042	0.0062	0.0053	0.0009	0.0048	0.0014	0.0033	0.0000	0.0000	0.0000	0.0000	0.0000	0.0000	0.0000	0.0000	0.0000	0.0000	0.0000	0.0000	0.0000	0.0000	0.0000	0.0000	0.0000	0.0000											
11	13	0.0594	5	2	1	1	0	0	0	0	0	Y	N	N	N	N	N	N	N	N	N	N	N	0.0000	0.0000	0.0000	0.0000	0.0000	0.0000	0.0000	0.0000	0.0000	0.0000	0.0000	0.0000	0.0000	0.0000	0.0000	0.0000	0.0000	0.0000	0.0000	0.0000	6.9996	0.0000	1.0001	0.0000	0.0000	0.0000	0.0000	0.0000	0.0000	0.0000	0.0000	0.0000	0.0000	0.0000	0.0000	0.0000	0.0000	0.0000	0.0000	0.0000	0.0000	0.0000	0.0000	0.0000	0.0000	0.0000	0.0000	0.0000	0.0000	0.0000	0.0000	0.0000	0.0000	0.0000	0.0000	0.0000	0.0000	0.0000	0.0000	0.0000	0.0000	0.0000	0.0000	0.0000	0.0000	0.0000	0.0000	0.0000	0.0000	0.0000	0.0000	0.0000	0.0000	0.0000	0.0000	0.0000	0.0000	0.0000											
11	14	0.0594	4	2	1	1	0	0	0	0	0	Y	N	N	N	N	N	N	N	N	N	N	N	0.0000	0.0000	0.0000	0.0000	0.0000	0.0000	0.0000	0.0000	0.0000	0.0000	0.0000	0.0000	0.0000	0.0000	0.0000	0.0000	0.0000	0.0000	0.0000	0.0000	6.9996	0.0000	1.0001	0.0000	0.0000	0.0000	0.0000	0.0000	0.0000	0.0000	0.0000	0.0000	0.0000	0.0000	0.0000	0.0000	0.0000	0.0000	0.0000	0.0000	0.0000	0.0000	0.0000	0.0000	0.0000	0.0000	0.0000	0.0000	0.0000	0.0000	0.0000	0.0000	0.0000	0.0000	0.0000	0.0000	0.0000	0.0000	0.0000	0.0000	0.0000	0.0000	0.0000	0.0000	0.0000	0.0000	0.0000	0.0000	0.0000	0.0000	0.0000	0.0000	0.0000	0.0000	0.0000	0.0000	0.0000	0.0000											
11	15	0.6840	7	2	2	0	1	0	0	0	0	Y	Y	N	N	N	N	N	N	N	N	N	N	inf	inf	inf	inf	3.7452	4.1101	0.0000	4.9922	5.3736	0.0000	0.0000	0.0000	0.0000	0.0000	0.0000	0.0000	0.0000	0.0000	0.0000	0.0000	0.0000	0.0000	0.0000	-0.2597	0.0000	6.9996	1.0049	1.0001	0.9915	0.9983	0.9983	0.0000	0.9983	0.9983	0.0000	0.0000	0.0000	0.0000	0.0000	0.0000	0.0000	0.0000	0.0000	0.0000	0.0000	0.0000	0.0000	0.2666	0.2429	0.0237	0.2000	0.1858	0.0142	0.0666	0.0571	0.0095	0.0190	0.0107	0.0082	0.0094	0.0081	0.0014	0.0095	0.0026	0.0069	inf	inf	0.0000	inf	inf	0.0000	0.0000	0.0000	0.0000	0.0000	0.0000	0.0000	0.0000	0.0000	0.0000	0.0000	0.0000	0.0000						
11	16	0.1746	6	2	2	0	1	0	0	0	0	Y	Y	N	N	N	N	N	N	N	N	N	N	inf	inf	inf	inf	2.3629	0.0000	22.8053	0.0000	0.0000	0.0000	5.0142	0.0000	36.5931	0.0000	0.0000	0.0000	0.0000	0.0000	0.0000	0.0000	0.0000	0.0000	inf	0.7398	0.0000	6.9996	2.0025	1.0001	0.0085	1.0000	0.0000	1.0000	0.0000	0.0000	0.0000	1.0000	0.0000	1.0000	0.0000	0.0000	0.0000	0.0000	0.0000	0.0000	0.0000	0.0000	0.0000	0.4232	0.3794	0.0438	0.2238	0.2073	0.0165	0.1994	0.1721	0.0273	0.0264	0.0112	0.0151	0.0009	0.0009	0.0000	0.0255	0.0103	0.0151	inf	0.0000	inf	0.0000	0.0000	0.0000	inf	0.0000	inf	0.0000	0.0000	0.0000	0.0000	0.0000	0.0000	0.0000	0.0000	0.0000						
11	17	0.6703	8	2	1	1	0	0	0	0	0	Y	N	N	N	N	N	N	N	N	N	N	N	0.0000	0.0000	0.0000	0.0000	0.0000	0.0000	0.0000	0.0000	0.0000	0.0000	0.0000	0.0000	0.0000	0.0000	0.0000	0.0000	0.0000	0.0000	0.0000	0.0000	6.9996	0.0000	1.0001	0.0000	0.0000	0.0000	0.0000	0.0000	0.0000	0.0000	0.0000	0.0000	0.0000	0.0000	0.0000	0.0000	0.0000	0.0000	0.0000	0.0000	0.0000	0.0000	0.0000	0.0000	0.0000	0.0000	0.0000	0.0000	0.0000	0.0000	0.0000	0.0000	0.0000	0.0000	0.0000	0.0000	0.0000	0.0000	0.0000	0.0000	0.0000	0.0000	0.0000	0.0000	0.0000	0.0000	0.0000	0.0000	0.0000	0.0000	0.0000	0.0000	0.0000	0.0000	0.0000	0.0000	0.0000	0.0000											
11	18	0.1253	3	1	1	1	0	0	0	0	0	N	N	N	N	N	N	N	N	N	N	N	N	0.0000	0.0000	0.0000	0.0000	0.0000	0.0000	0.0000	0.0000	0.0000	0.0000	0.0000	0.0000	0.0000	0.0000	0.0000	0.0000	0.0000	0.0000	0.0000	0.0000	6.9996	0.0000	1.0001	0.0000	0.0000	0.0000	0.0000	0.0000	0.0000	0.0000	0.0000	0.0000	0.0000	0.0000	0.0000	0.0000	0.0000	0.0000	0.0000	0.0000	0.0000	0.0000	0.0000	0.0000	0.0000	0.0000	0.0000	0.0000	0.0000	0.0000	0.0000	0.0000	0.0000	0.0000	0.0000	0.0000	0.0000	0.0000	0.0000	0.0000	0.0000	0.0000	0.0000	0.0000	0.0000	0.0000	0.0000	0.0000	0.0000	0.0000	0.0000	0.0000	0.0000	0.0000	0.0000	0.0000	0.0000	0.0000											
11	19	0.6355	5	2	2	0	0	0	0	0	0	Y	Y	N	N	N	N	N	N	N	N	N	N	0.0000	0.0000	0.0000	0.0000	0.0000	0.0000	0.0000	0.0000	0.0000	0.0000	0.0000	0.0000	0.0000	0.0000	0.0000	0.0000	0.0000	0.0000	0.0000	0.0000	6.9996	3.0000	1.0001	0.0000	0.0000	0.0000	0.0000	0.0000	0.0000	0.0000	0.0000	0.0000	0.0000	0.0000	0.0000	0.0000	0.0000	0.0000	0.0000	0.0000	0.0000	0.0000	0.4170	0.3828	0.0341	0.3105	0.2915	0.0190	0.1064	0.0913	0.0151	0.0153	0.0086	0.0067	0.0076	0.0065	0.0011	0.0077	0.0021	0.0056	0.0000	0.0000	0.0000	0.0000	0.0000	0.0000	0.0000	0.0000	0.0000	0.0000	0.0000	0.0000	0.0000	0.0000	0.0000	0.0000	0.0000	0.0000											
11	20	0.6579	6	1	2	0	0	0	0	0	0	N	Y	N	N	N	N	N	N	N	N	N	N	0.0000	0.0000	0.0000	0.0000	0.0000	0.0000	0.0000	0.0000	0.0000	0.0000	0.0000	0.0000	0.0000	0.0000	0.0000	0.0000	0.0000	0.0000	0.0000	0.0000	6.9996	0.0000	1.0001	1.0000	0.0000	0.0000	0.0000	0.0000	0.0000	0.0000	0.0000	0.0000	0.0000	0.0000	0.0000	0.0000	0.0000	0.0000	0.0000	0.0000	0.0000	0.0000	0.0000	0.0000	0.0000	0.0000	0.0000	0.0000	0.0000	0.0000	0.0000	0.0108	0.0066	0.0042	0.0060	0.0052	0.0008	0.0047	0.0014	0.0033	0.0000	0.0000	0.0000	0.0000	0.0000	0.0000	0.0000	0.0000	0.0000	0.0000	0.0000	0.0000	0.0000	0.0000	0.0000	0.0000	0.0000	0.0000											
11	21	0.6840	7	1	1	0	1	0	0	0	0	N	N	N	N	N	N	N	N	N	N	N	N	inf	inf	inf	inf	0.0034	0.0038	0.0000	0.0047	0.0050	0.0000	0.0000	0.0000	0.0000	0.0000	0.0000	0.0000	0.0000	0.0000	0.0000	0.0000	0.0000	0.0000	0.0000	-0.0004	0.0000	6.9996	2.0045	1.0001	0.0106	0.0017	0.0017	0.0000	0.0017	0.0017	0.0000	0.0000	0.0000	0.0000	0.0000	0.0000	0.0000	0.0000	0.0000	0.0000	0.0000	0.0000	0.0000	0.4995	0.4553	0.0442	0.3691	0.3433	0.0258	0.1305	0.1120	0.0184	0.0191	0.0108	0.0083	0.0095	0.0081	0.0014	0.0096	0.0027	0.0069	inf	inf	0.0000	inf	inf	0.0000	0.0000	0.0000	0.0000	0.0000	0.0000	0.0000	0.0000	0.0000	0.0000	0.0000	0.0000	0.0000						
11	22	0.6548	6	1	1	0	1	0	0	0	0	N	N	N	N	N	N	N	N	N	N	N	N	inf	inf	inf	inf	inf	inf	inf	0.0031	0.0034	0.0002	0.0040	0.0043	0.0000	0.0001	0.0000	0.0005	0.0000	0.0000	0.0000	0.0000	0.0000	0.0000	0.0000	0.0000	0.0000	0.0058	-0.0004	0.0000	6.9996	1.9989	1.0001	1.0099	0.0017	0.0017	0.0000	0.0017	0.0017	0.0000	0.0000	0.0000	0.0000	0.0000	0.0000	0.0000	0.0000	0.0000	0.0000	0.0000	0.0000	0.0000	0.5542	0.5078	0.0464	0.4242	0.3962	0.0280	0.1300	0.1116	0.0184	0.0277	0.0156	0.0122	0.0138	0.0118	0.0020	0.0140	0.0038	0.0102	inf	inf	inf	inf	inf	0.0000	inf	0.0000	inf	0.0000	0.0000	0.0000	0.0000	0.0000	0.0000	0.0000	0.0000	0.0000			
11	23	0.1215	5	1	2	0	1	0	0	0	0	N	Y	N	N	N	N	N	N	N	N	N	N	0.0000	0.0000	0.0000	0.0000	0.0000	0.0000	0.0000	0.0000	0.0000	0.0000	0.0000	0.0000	0.0000	0.0000	0.0000	0.0000	0.0000	0.0000	0.0000	0.0000	6.9996	0.0000	1.0001	1.0024	0.0000	0.0000	0.0000	0.0000	0.0000	0.0000	0.0000	0.0000	0.0000	0.0000	0.0000	0.0000	0.0000	0.0000	0.0000	0.0000	0.0000	0.0000	0.0000	0.0000	0.0000	0.0000	0.0000	0.0000	0.0000	0.0000	0.0000	0.0652	0.0452	0.0200	0.0264	0.0263	0.0001	0.0387	0.0189	0.0199	0.0000	0.0000	0.0000	0.0000	0.0000	0.0000	0.0000	0.0000	0.0000	0.0000	0.0000	0.0000	0.0000	0.0000	0.0000	0.0000	0.0000	0.0000											
11	24	0.6579	6	1	2	0	0	0	0	0	0	N	Y	N	N	N	N	N	N	N	N	N	N	0.0000	0.0000	0.0000	0.0000	0.0000	0.0000	0.0000	0.0000	0.0000	0.0000	0.0000	0.0000	0.0000	0.0000	0.0000	0.0000	0.0000	0.0000	0.0000	0.0000	6.9996	0.0000	1.0001	0.0000	0.0000	0.0000	0.0000	0.0000	0.0000	0.0000	0.0000	0.0000	0.0000	0.0000	0.0000	0.0000	0.0000	0.0000	0.0000	0.0000	0.0000	0.0000	0.0000	0.0000	0.0000	0.0000	0.0000	0.0000	0.0000	0.0000	0.0000	0.0000	0.0000	0.0000	0.0000	0.0000	0.0000	0.0000	0.0000	0.0000	0.0000	0.0000	0.0000	0.0000	0.0000	0.0000	0.0000	0.0000	0.0000	0.0000	0.0000	0.0000	0.0000	0.0000	0.0000	0.0000	0.0000	0.0000											
11	25	0.0707	3	1	2	0	0	0	0	0	0	N	Y	N	N	N	N	N	N	N	N	N	N	inf	inf	inf	inf	inf	inf	0.0045	0.0051	0.0000	0.0009	0.0010	0.0000	0.0052	0.0059	0.0000	0.0000	0.0000	0.0000	0.0000	0.0000	0.0000	0.0000	0.0000	0.0000	0.0000	-0.0003	0.0000	6.9996	0.9998	1.0001	0.0242	0.0010	0.0010	0.0000	0.0000	0.0000	0.0000	0.0009	0.0009	0.0000	0.0000	0.0000	0.0000	0.0000	0.0000	0.0000	0.0000	0.0000	0.0000	0.2135	0.1887	0.0248	0.0330	0.0304	0.0026	0.1805	0.1583	0.0222	0.0211	0.0099	0.0112	0.0007	0.0006	0.0000	0.0204	0.0093	0.0112	inf	inf	0.0000	inf	inf	0.0000	inf	inf	0.0000	0.0000	0.0000	0.0000	0.0000	0.0000	0.0000	0.0000	0.0000	0.0000				
11	26	0.1909	8	1	2	0	1	0	0	0	0	N	Y	N	N	N	N	N	N	N	N	N	N	0.0000	0.0000	0.0000	0.0000	0.0000	0.0000	0.0000	0.0000	0.0000	0.0000	0.0000	0.0000	0.0000	0.0000	0.0000	0.0000	0.0000	0.0000	0.0000	0.0000	6.9996	0.0000	1.0001	0.0000	0.0000	0.0000	0.0000	0.0000	0.0000	0.0000	0.0000	0.0000	0.0000	0.0000	0.0000	0.0000	0.0000	0.0000	0.0000	0.0000	0.0000	0.0000	0.0000	0.0000	0.0000	0.0000	0.0000	0.0000	0.0000	0.0000	0.0000	0.0000	0.0000	0.0000	0.0000	0.0000	0.0000	0.0000	0.0000	0.0000	0.0000	0.0000	0.0000	0.0000	0.0000	0.0000	0.0000	0.0000	0.0000	0.0000	0.0000	0.0000	0.0000	0.0000	0.0000	0.0000	0.0000	0.0000											
11	27	0.6817	6	2	2	0	0	0	0	0	0	Y	Y	N	N	N	N	N	N	N	N	N	N	inf	inf	inf	inf	0.0022	0.0023	0.0000	0.0040	0.0041	0.0000	0.0000	0.0000	0.0000	0.0000	0.0000	0.0000	0.0000	0.0000	0.0000	0.0000	0.0000	0.0000	0.0000	-0.0000	0.0000	6.9996	0.0418	1.0001	6.1659	0.0001	0.0001	0.0000	0.0001	0.0001	0.0000	0.0000	0.0000	0.0000	0.0000	0.0000	0.0000	0.0000	0.0000	0.0000	0.0000	0.0000	0.0000	0.0276	0.0257	0.0019	0.0150	0.0147	0.0003	0.0126	0.0110	0.0016	0.0697	0.0462	0.0235	0.0418	0.0368	0.0050	0.0280	0.0094	0.0185	inf	inf	0.0000	inf	inf	0.0000	0.0000	0.0000	0.0000	0.0000	0.0000	0.0000	0.0000	0.0000	0.0000	0.0000	0.0000	0.0000						
11	28	0.6886	9	1	1	0	1	0	0	0	0	N	N	N	N	N	N	N	N	N	N	N	N	1998.1225	inf	0.0000	2167.5065	inf	0.0000	inf	inf	2.1663	2.3743	0.0000	3.1428	3.3366	0.0000	0.0001	0.0001	0.0000	0.0011	0.0000	0.0011	0.0014	0.0000	0.0084	0.0000	0.0000	0.0000	0.0000	inf	-0.1999	0.0000	6.9996	1.5398	1.0001	1.0296	0.7683	0.7683	0.0000	0.7683	0.7683	0.0000	0.0000	0.0000	0.0000	0.0000	0.0000	0.0000	0.0000	0.0000	0.0000	0.0000	0.0000	0.0000	0.3547	0.3236	0.0311	0.2445	0.2303	0.0142	0.1102	0.0933	0.0169	0.0270	0.0180	0.0089	0.0163	0.0144	0.0019	0.0106	0.0036	0.0070	5839.1650	inf	0.0000	5124.5675	inf	0.0000	inf	inf	0.0000	0.0004	0.0000	0.0011	0.0006	0.0000	0.0053	0.0000	0.0000	0.0000	
11	29	0.6835	8	1	1	0	1	0	0	0	0	N	N	N	N	N	N	N	N	N	N	N	N	118.4422	107.8784	inf	331.5459	359.1663	inf	inf	inf	0.7441	0.8076	0.0032	1.3364	1.3872	0.0000	0.0008	0.0003	0.0043	0.0063	0.0075	0.0000	0.0040	0.0039	0.0000	0.0000	0.0000	0.0000	0.0003	0.0000	-0.0619	-0.0000	6.9996	0.8816	1.0001	0.0702	0.2383	0.2382	0.0001	0.2382	0.2382	0.0000	0.0001	0.0000	0.0001	0.0000	0.0000	0.0000	0.0000	0.0000	0.0000	0.0000	0.0000	0.0000	0.3203	0.2950	0.0253	0.1782	0.1717	0.0065	0.1420	0.1233	0.0187	0.0118	0.0080	0.0038	0.0069	0.0062	0.0007	0.0049	0.0019	0.0030	814.5014	602.3088	inf	851.7611	793.2619	0.0000	inf	inf	inf	0.0009	0.0013	0.0000	0.0016	0.0017	0.0000	0.0000	0.0000	0.0000	
11	30	0.1368	6	1	1	0	1	0	0	0	0	N	N	N	N	N	N	N	N	N	N	N	N	0.0000	0.0000	0.0000	0.0000	0.0000	0.0000	0.0000	0.0000	0.0000	0.0000	0.0000	0.0000	0.0000	0.0000	0.0000	0.0000	0.0000	0.0000	0.0000	0.0000	6.9996	0.0000	1.0001	0.0000	0.0000	0.0000	0.0000	0.0000	0.0000	0.0000	0.0000	0.0000	0.0000	0.0000	0.0000	0.0000	0.0000	0.0000	0.0000	0.0000	0.0000	0.0000	0.0000	0.0000	0.0000	0.0000	0.0000	0.0000	0.0000	0.0000	0.0000	0.0000	0.0000	0.0000	0.0000	0.0000	0.0000	0.0000	0.0000	0.0000	0.0000	0.0000	0.0000	0.0000	0.0000	0.0000	0.0000	0.0000	0.0000	0.0000	0.0000	0.0000	0.0000	0.0000	0.0000	0.0000	0.0000	0.0000											
11	31	0.0611	2	2	1	1	0	0	0	0	0	Y	N	N	N	N	N	N	N	N	N	N	N	0.0000	0.0000	0.0000	0.0000	0.0000	0.0000	0.0000	0.0000	0.0000	0.0000	0.0000	0.0000	0.0000	0.0000	0.0000	0.0000	0.0000	0.0000	0.0000	0.0000	6.9996	0.0000	1.0001	0.0000	0.0000	0.0000	0.0000	0.0000	0.0000	0.0000	0.0000	0.0000	0.0000	0.0000	0.0000	0.0000	0.0000	0.0000	0.0000	0.0000	0.0000	0.0000	0.0000	0.0000	0.0000	0.0000	0.0000	0.0000	0.0000	0.0000	0.0000	0.0000	0.0000	0.0000	0.0000	0.0000	0.0000	0.0000	0.0000	0.0000	0.0000	0.0000	0.0000	0.0000	0.0000	0.0000	0.0000	0.0000	0.0000	0.0000	0.0000	0.0000	0.0000	0.0000	0.0000	0.0000	0.0000	0.0000											
11	32	0.0794	2	1	2	0	0	0	0	0	0	N	Y	N	N	N	N	N	N	N	N	N	N	0.0000	0.0000	0.0000	0.0000	0.0000	0.0000	0.0000	0.0000	0.0000	0.0000	0.0000	0.0000	0.0000	0.0000	0.0000	0.0000	0.0000	0.0000	0.0000	0.0000	6.9996	0.0006	1.0001	3.0000	0.0000	0.0000	0.0000	0.0000	0.0000	0.0000	0.0000	0.0000	0.0000	0.0000	0.0000	0.0000	0.0000	0.0000	0.0000	0.0000	0.0000	0.0000	0.0003	0.0003	0.0000	0.0002	0.0002	0.0000	0.0001	0.0001	0.0000	0.0427	0.0177	0.0250	0.0004	0.0003	0.0000	0.0424	0.0174	0.0250	0.0000	0.0000	0.0000	0.0000	0.0000	0.0000	0.0000	0.0000	0.0000	0.0000	0.0000	0.0000	0.0000	0.0000	0.0000	0.0000	0.0000	0.0000											
11	33	0.0794	2	1	2	0	0	0	0	0	0	N	Y	N	N	N	N	N	N	N	N	N	N	inf	inf	inf	inf	2.3883	2.6537	0.0000	4.9604	5.2884	0.0000	0.0000	0.0000	0.0000	0.0000	0.0000	0.0000	0.0000	0.0000	0.0000	0.0000	0.0000	0.0000	0.0000	-0.2602	0.0000	6.9996	2.0006	1.0001	8.0000	1.0000	1.0000	0.0000	1.0000	1.0000	0.0000	0.0000	0.0000	0.0000	0.0000	0.0000	0.0000	0.0000	0.0000	0.0000	0.0000	0.0000	0.0000	0.4187	0.3768	0.0419	0.2016	0.1891	0.0125	0.2171	0.1877	0.0294	0.1325	0.0554	0.0770	0.0011	0.0011	0.0001	0.1313	0.0544	0.0770	inf	inf	0.0000	inf	inf	0.0000	0.0000	0.0000	0.0000	0.0000	0.0000	0.0000	0.0000	0.0000	0.0000	0.0000	0.0000	0.0000						
11	35	0.0794	2	1	2	0	0	0	0	0	0	N	Y	N	N	N	N	N	N	N	N	N	N	0.0000	0.0000	0.0000	0.0000	0.0000	0.0000	0.0000	0.0000	0.0000	0.0000	0.0000	0.0000	0.0000	0.0000	0.0000	0.0000	0.0000	0.0000	0.0000	0.0000	6.9996	3.0004	1.0001	2.0000	0.0000	0.0000	0.0000	0.0000	0.0000	0.0000	0.0000	0.0000	0.0000	0.0000	0.0000	0.0000	0.0000	0.0000	0.0000	0.0000	0.0000	0.0000	0.6111	0.5497	0.0614	0.2900	0.2719	0.0181	0.3211	0.2778	0.0433	0.0697	0.0290	0.0408	0.0006	0.0006	0.0000	0.0692	0.0284	0.0407	0.0000	0.0000	0.0000	0.0000	0.0000	0.0000	0.0000	0.0000	0.0000	0.0000	0.0000	0.0000	0.0000	0.0000	0.0000	0.0000	0.0000	0.0000											
11	36	0.6355	5	1	2	0	0	0	0	0	0	N	Y	N	N	N	N	N	N	N	N	N	N	inf	inf	inf	inf	2.3982	2.6120	0.0000	3.2202	3.4306	0.0000	0.0000	0.0000	0.0000	0.0000	0.0000	0.0000	0.0000	0.0000	0.0000	0.0000	0.0000	0.0000	0.0000	-0.2602	0.0000	6.9996	3.0000	1.0001	3.0000	1.0000	1.0000	0.0000	1.0000	1.0000	0.0000	0.0000	0.0000	0.0000	0.0000	0.0000	0.0000	0.0000	0.0000	0.0000	0.0000	0.0000	0.0000	0.4170	0.3828	0.0341	0.3105	0.2915	0.0190	0.1064	0.0913	0.0151	0.0299	0.0167	0.0131	0.0148	0.0126	0.0022	0.0150	0.0041	0.0110	inf	inf	0.0000	inf	inf	0.0000	0.0000	0.0000	0.0000	0.0000	0.0000	0.0000	0.0000	0.0000	0.0000	0.0000	0.0000	0.0000						
11	37	0.1096	3	2	2	0	0	0	0	0	0	Y	Y	N	N	N	N	N	N	N	N	N	N	0.0000	0.0000	0.0000	0.0000	0.0000	0.0000	0.0000	0.0000	0.0000	0.0000	0.0000	0.0000	0.0000	0.0000	0.0000	0.0000	0.0000	0.0000	0.0000	0.0000	6.9996	4.2779	1.0001	3.9542	0.0000	0.0000	0.0000	0.0000	0.0000	0.0000	0.0000	0.0000	0.0000	0.0000	0.0000	0.0000	0.0000	0.0000	0.0000	0.0000	0.0000	0.0000	0.8606	0.7728	0.0878	0.4073	0.3803	0.0271	0.4533	0.3925	0.0607	0.1118	0.0530	0.0588	0.0065	0.0064	0.0001	0.1053	0.0466	0.0587	0.0000	0.0000	0.0000	0.0000	0.0000	0.0000	0.0000	0.0000	0.0000	0.0000	0.0000	0.0000	0.0000	0.0000	0.0000	0.0000	0.0000	0.0000											
11	38	0.7022	9	2	2	0	0	0	0	0	0	Y	Y	N	N	N	N	N	N	N	N	N	N	15338.6084	inf	0.0000	inf	inf	91457.8661	inf	0.0000	1.4003	1.5527	0.0000	0.5871	0.6246	0.0000	2.3982	2.8047	0.0000	0.0001	0.0000	0.0000	0.0000	0.0000	0.0000	0.0000	0.0000	0.0000	0.0000	inf	-0.2097	0.0000	6.9996	2.8243	1.0001	1.0201	0.8060	0.8060	0.0000	0.1862	0.1862	0.0000	0.6198	0.6198	0.0000	0.0000	0.0000	0.0000	0.0000	0.0000	0.0000	0.0000	0.0000	0.0000	0.5756	0.5191	0.0565	0.3171	0.2981	0.0190	0.2584	0.2210	0.0375	0.0427	0.0270	0.0157	0.0223	0.0199	0.0024	0.0204	0.0071	0.0134	201379.4140	inf	0.0000	inf	inf	0.0000	165040.1739	inf	0.0000	0.0000	0.0000	0.0000	0.0000	0.0000	0.0000	0.0000	0.0000	0.0000	
11	40	0.6579	6	1	2	0	0	0	0	0	0	N	Y	N	N	N	N	N	N	N	N	N	N	0.0000	0.0000	0.0000	0.0000	0.0000	0.0000	0.0000	0.0000	0.0000	0.0000	0.0000	0.0000	0.0000	0.0000	0.0000	0.0000	0.0000	0.0000	0.0000	0.0000	6.9996	0.0000	1.0001	2.0000	0.0000	0.0000	0.0000	0.0000	0.0000	0.0000	0.0000	0.0000	0.0000	0.0000	0.0000	0.0000	0.0000	0.0000	0.0000	0.0000	0.0000	0.0000	0.0000	0.0000	0.0000	0.0000	0.0000	0.0000	0.0000	0.0000	0.0000	0.0214	0.0132	0.0082	0.0120	0.0103	0.0017	0.0094	0.0028	0.0065	0.0000	0.0000	0.0000	0.0000	0.0000	0.0000	0.0000	0.0000	0.0000	0.0000	0.0000	0.0000	0.0000	0.0000	0.0000	0.0000	0.0000	0.0000											
11	42	0.7240	10	1	2	1	1	0	0	0	0	N	Y	N	N	N	N	N	N	N	N	N	N	39746.3672	inf	0.0000	inf	inf	4175200.7771	inf	0.0000	1.1425	1.2595	0.0000	0.3219	0.3434	0.0000	2.6359	3.0934	0.0000	0.0000	0.0000	0.0000	0.0000	0.0000	0.0000	0.0000	0.0000	0.0000	0.0000	inf	-0.0001	0.0000	6.9996	0.0011	1.0001	1.0134	0.0006	0.0006	0.0000	0.0001	0.0001	0.0000	0.0004	0.0004	0.0000	0.0000	0.0000	0.0000	0.0000	0.0000	0.0000	0.0000	0.0000	0.0000	0.0005	0.0004	0.0000	0.0003	0.0003	0.0000	0.0002	0.0001	0.0000	0.0126	0.0080	0.0045	0.0062	0.0057	0.0005	0.0063	0.0023	0.0040	3590095.2024	inf	0.0000	inf	inf	0.0000	4175200.7771	inf	0.0000	0.0000	0.0000	0.0000	0.0000	0.0000	0.0000	0.0000	0.0000	0.0000	
11	43	0.7022	9	1	1	0	1	0	0	0	0	N	N	N	N	N	N	N	N	N	N	N	N	13957.0064	26532.0114	0.0000	9484.6130	11286.9836	62853.1569	inf	0.0000	1.4176	1.5719	0.0000	0.6161	0.6554	0.0000	2.4013	2.8084	0.0000	0.0001	0.0001	0.0000	0.0001	0.0001	0.0000	0.0000	0.0000	0.0000	0.0000	74.4689	-0.2119	0.0000	6.9996	2.8187	1.0001	0.0347	0.8146	0.8146	0.0000	0.1951	0.1951	0.0000	0.6195	0.6195	0.0000	0.0000	0.0000	0.0000	0.0000	0.0000	0.0000	0.0000	0.0000	0.0000	0.5746	0.5182	0.0564	0.3166	0.2976	0.0190	0.2580	0.2206	0.0374	0.0325	0.0206	0.0119	0.0169	0.0151	0.0018	0.0156	0.0054	0.0101	152873.3728	8104257.9349	0.0000	2610801.4473	2486920.2042	0.0000	125779.4802	inf	0.0000	0.0000	0.0000	0.0000	0.0000	0.0000	0.0000	0.0000	0.0000	0.0000	
11	44	0.6895	8	1	1	0	0	0	0	0	0	N	N	N	N	N	N	N	N	N	N	N	N	3989.4832	5553.9982	73.7424	0.0000	0.0000	8974.2881	inf	78.9830	1.1361	1.2327	0.0217	0.0000	0.0000	0.0000	2.5577	2.9436	0.0295	0.0003	0.0002	0.0003	0.0003	0.0003	0.0000	0.0003	0.0000	0.0004	0.0015	7.1589	-0.0983	0.0000	6.9996	0.9605	1.0001	1.0076	0.3802	0.3796	0.0006	0.0000	0.0000	0.0000	0.3802	0.3796	0.0006	0.0000	0.0000	0.0000	0.0000	0.0000	0.0000	0.0000	0.0000	0.0000	0.3347	0.3080	0.0267	0.1860	0.1790	0.0070	0.1487	0.1290	0.0197	0.0210	0.0140	0.0071	0.0127	0.0113	0.0015	0.0083	0.0027	0.0056	10069.6999	59193.8408	73.7424	0.0000	0.0000	0.0000	10176.2497	inf	78.9830	0.0001	0.0000	0.0003	0.0000	0.0000	0.0000	0.0003	0.0000	0.0004	
11	45	0.1326	5	1	2	1	1	0	0	0	0	N	Y	N	N	N	N	N	N	N	N	N	N	0.0000	0.0000	0.0000	0.0000	0.0000	0.0000	0.0000	0.0000	0.0000	0.0000	0.0000	0.0000	0.0000	0.0000	0.0000	0.0000	0.0000	0.0000	0.0000	0.0000	6.9996	1.0000	1.0001	1.0000	0.0000	0.0000	0.0000	0.0000	0.0000	0.0000	0.0000	0.0000	0.0000	0.0000	0.0000	0.0000	0.0000	0.0000	0.0000	0.0000	0.0000	0.0000	0.2103	0.1892	0.0211	0.0995	0.0934	0.0061	0.1108	0.0958	0.0150	0.0276	0.0129	0.0147	0.0012	0.0011	0.0000	0.0264	0.0117	0.0147	0.0000	0.0000	0.0000	0.0000	0.0000	0.0000	0.0000	0.0000	0.0000	0.0000	0.0000	0.0000	0.0000	0.0000	0.0000	0.0000	0.0000	0.0000											
11	46	0.6355	5	1	2	0	0	0	0	0	0	N	Y	N	N	N	N	N	N	N	N	N	N	0.0000	0.0000	0.0000	0.0000	0.0000	0.0000	0.0000	0.0000	0.0000	0.0000	0.0000	0.0000	0.0000	0.0000	0.0000	0.0000	0.0000	0.0000	0.0000	0.0000	6.9996	0.0000	1.0001	0.0000	0.0000	0.0000	0.0000	0.0000	0.0000	0.0000	0.0000	0.0000	0.0000	0.0000	0.0000	0.0000	0.0000	0.0000	0.0000	0.0000	0.0000	0.0000	0.0000	0.0000	0.0000	0.0000	0.0000	0.0000	0.0000	0.0000	0.0000	0.0000	0.0000	0.0000	0.0000	0.0000	0.0000	0.0000	0.0000	0.0000	0.0000	0.0000	0.0000	0.0000	0.0000	0.0000	0.0000	0.0000	0.0000	0.0000	0.0000	0.0000	0.0000	0.0000	0.0000	0.0000	0.0000	0.0000											
11	47	0.6895	8	1	2	0	1	0	0	0	0	N	Y	N	N	N	N	N	N	N	N	N	N	0.0000	0.0000	0.0000	0.0000	0.0000	0.0000	0.0000	0.0000	0.0000	0.0000	0.0000	0.0000	0.0000	0.0000	0.0000	0.0000	0.0000	0.0000	0.0000	0.0000	6.9996	0.0000	1.0001	1.0000	0.0000	0.0000	0.0000	0.0000	0.0000	0.0000	0.0000	0.0000	0.0000	0.0000	0.0000	0.0000	0.0000	0.0000	0.0000	0.0000	0.0000	0.0000	0.1573	0.1480	0.0093	0.0787	0.0787	0.0000	0.0787	0.0694	0.0093	0.0114	0.0076	0.0037	0.0068	0.0061	0.0008	0.0045	0.0016	0.0030	0.0000	0.0000	0.0000	0.0000	0.0000	0.0000	0.0000	0.0000	0.0000	0.0000	0.0000	0.0000	0.0000	0.0000	0.0000	0.0000	0.0000	0.0000											
11	48	0.6355	5	2	2	0	0	0	0	0	0	Y	Y	N	N	N	N	N	N	N	N	N	N	0.0000	0.0000	0.0000	0.0000	0.0000	0.0000	0.0000	0.0000	0.0000	0.0000	0.0000	0.0000	0.0000	0.0000	0.0000	0.0000	0.0000	0.0000	0.0000	0.0000	6.9996	0.0000	1.0001	4.0000	0.0000	0.0000	0.0000	0.0000	0.0000	0.0000	0.0000	0.0000	0.0000	0.0000	0.0000	0.0000	0.0000	0.0000	0.0000	0.0000	0.0000	0.0000	0.0000	0.0000	0.0000	0.0000	0.0000	0.0000	0.0000	0.0000	0.0000	0.0203	0.0113	0.0089	0.0100	0.0086	0.0015	0.0102	0.0028	0.0074	0.0000	0.0000	0.0000	0.0000	0.0000	0.0000	0.0000	0.0000	0.0000	0.0000	0.0000	0.0000	0.0000	0.0000	0.0000	0.0000	0.0000	0.0000											
11	49	0.7103	9	1	1	1	0	0	0	0	0	N	N	N	N	N	N	N	N	N	N	N	N	0.0000	0.0000	0.0000	0.0000	0.0000	0.0000	0.0000	0.0000	0.0000	0.0000	0.0000	0.0000	0.0000	0.0000	0.0000	0.0000	0.0000	0.0000	0.0000	0.0000	6.9996	0.0000	1.0001	0.0000	0.0000	0.0000	0.0000	0.0000	0.0000	0.0000	0.0000	0.0000	0.0000	0.0000	0.0000	0.0000	0.0000	0.0000	0.0000	0.0000	0.0000	0.0000	0.0000	0.0000	0.0000	0.0000	0.0000	0.0000	0.0000	0.0000	0.0000	0.0000	0.0000	0.0000	0.0000	0.0000	0.0000	0.0000	0.0000	0.0000	0.0000	0.0000	0.0000	0.0000	0.0000	0.0000	0.0000	0.0000	0.0000	0.0000	0.0000	0.0000	0.0000	0.0000	0.0000	0.0000	0.0000	0.0000											
11	50	0.1417	4	1	1	1	0	0	0	0	0	N	N	N	N	N	N	N	N	N	N	N	N	0.0000	0.0000	0.0000	0.0000	0.0000	0.0000	0.0000	0.0000	0.0000	0.0000	0.0000	0.0000	0.0000	0.0000	0.0000	0.0000	0.0000	0.0000	0.0000	0.0000	6.9996	1.0000	1.0001	1.0000	0.0000	0.0000	0.0000	0.0000	0.0000	0.0000	0.0000	0.0000	0.0000	0.0000	0.0000	0.0000	0.0000	0.0000	0.0000	0.0000	0.0000	0.0000	0.1963	0.1760	0.0202	0.0827	0.0777	0.0051	0.1135	0.0984	0.0152	0.0280	0.0133	0.0147	0.0022	0.0019	0.0002	0.0258	0.0114	0.0145	0.0000	0.0000	0.0000	0.0000	0.0000	0.0000	0.0000	0.0000	0.0000	0.0000	0.0000	0.0000	0.0000	0.0000	0.0000	0.0000	0.0000	0.0000											
11	51	0.1462	4	1	2	0	0	0	0	0	0	N	Y	N	N	N	N	N	N	N	N	N	N	0.0000	0.0000	0.0000	0.0000	0.0000	0.0000	0.0000	0.0000	0.0000	0.0000	0.0000	0.0000	0.0000	0.0000	0.0000	0.0000	0.0000	0.0000	0.0000	0.0000	6.9996	0.0003	1.0001	0.9690	0.0000	0.0000	0.0000	0.0000	0.0000	0.0000	0.0000	0.0000	0.0000	0.0000	0.0000	0.0000	0.0000	0.0000	0.0000	0.0000	0.0000	0.0000	0.0002	0.0002	0.0000	0.0001	0.0001	0.0000	0.0001	0.0001	0.0000	0.0275	0.0198	0.0076	0.0085	0.0082	0.0002	0.0190	0.0116	0.0074	0.0000	0.0000	0.0000	0.0000	0.0000	0.0000	0.0000	0.0000	0.0000	0.0000	0.0000	0.0000	0.0000	0.0000	0.0000	0.0000	0.0000	0.0000											
11	52	0.7136	9	1	2	0	0	0	0	0	0	N	Y	N	N	N	N	N	N	N	N	N	N	2.4591	1.1146	1.3792	1.5764	0.0001	0.0001	0.0000	0.0001	0.0002	0.0000	0.0000	0.0000	0.0000	0.0000	0.0001	0.0000	0.0001	0.0001	0.0000	0.0000	0.0000	0.0000	0.0000	0.0000	-0.0000	-0.0000	6.9996	0.9211	1.0001	0.1671	0.0000	0.0000	0.0000	0.0000	0.0000	0.0000	0.0000	0.0000	0.0000	0.0000	0.0000	0.0000	0.0000	0.0000	0.0000	0.0000	0.0000	0.0000	0.2199	0.1998	0.0202	0.1382	0.1297	0.0085	0.0817	0.0701	0.0116	0.0261	0.0195	0.0066	0.0168	0.0150	0.0018	0.0093	0.0045	0.0048	158.0823	129.8957	0.0000	162.0419	154.1190	0.0000	0.0000	0.0000	0.0000	0.0000	0.0000	0.0000	0.0000	0.0000	0.0000	0.0000	0.0000	0.0000					
11	53	0.1326	5	1	2	0	0	0	0	0	0	N	Y	N	N	N	N	N	N	N	N	N	N	0.0000	0.0000	0.0000	0.0000	0.0000	0.0000	0.0000	0.0000	0.0000	0.0000	0.0000	0.0000	0.0000	0.0000	0.0000	0.0000	0.0000	0.0000	0.0000	0.0000	6.9996	1.0000	1.0001	5.0000	0.0000	0.0000	0.0000	0.0000	0.0000	0.0000	0.0000	0.0000	0.0000	0.0000	0.0000	0.0000	0.0000	0.0000	0.0000	0.0000	0.0000	0.0000	0.2103	0.1892	0.0211	0.0995	0.0934	0.0061	0.1108	0.0958	0.0150	0.0795	0.0372	0.0423	0.0033	0.0032	0.0001	0.0762	0.0340	0.0423	0.0000	0.0000	0.0000	0.0000	0.0000	0.0000	0.0000	0.0000	0.0000	0.0000	0.0000	0.0000	0.0000	0.0000	0.0000	0.0000	0.0000	0.0000											
11	54	0.1174	4	1	1	0	0	0	0	0	0	N	N	N	N	N	N	N	N	N	N	N	N	0.0000	0.0000	0.0000	0.0000	0.0000	0.0000	0.0000	0.0000	0.0000	0.0000	0.0000	0.0000	0.0000	0.0000	0.0000	0.0000	0.0000	0.0000	0.0000	0.0000	6.9996	0.0000	1.0001	2.9157	0.0000	0.0000	0.0000	0.0000	0.0000	0.0000	0.0000	0.0000	0.0000	0.0000	0.0000	0.0000	0.0000	0.0000	0.0000	0.0000	0.0000	0.0000	0.0000	0.0000	0.0000	0.0000	0.0000	0.0000	0.0000	0.0000	0.0000	0.0517	0.0245	0.0272	0.0075	0.0074	0.0000	0.0442	0.0171	0.0271	0.0000	0.0000	0.0000	0.0000	0.0000	0.0000	0.0000	0.0000	0.0000	0.0000	0.0000	0.0000	0.0000	0.0000	0.0000	0.0000	0.0000	0.0000											
11	55	0.6895	8	1	2	0	0	0	0	0	0	N	Y	N	N	N	N	N	N	N	N	N	N	0.0000	0.0000	0.0000	0.0000	0.0000	0.0000	0.0000	0.0000	0.0000	0.0000	0.0000	0.0000	0.0000	0.0000	0.0000	0.0000	0.0000	0.0000	0.0000	0.0000	6.9996	2.0000	1.0001	3.0000	0.0000	0.0000	0.0000	0.0000	0.0000	0.0000	0.0000	0.0000	0.0000	0.0000	0.0000	0.0000	0.0000	0.0000	0.0000	0.0000	0.0000	0.0000	0.5168	0.4721	0.0447	0.2940	0.2799	0.0140	0.2228	0.1922	0.0306	0.0502	0.0331	0.0172	0.0306	0.0269	0.0037	0.0196	0.0062	0.0135	0.0000	0.0000	0.0000	0.0000	0.0000	0.0000	0.0000	0.0000	0.0000	0.0000	0.0000	0.0000	0.0000	0.0000	0.0000	0.0000	0.0000	0.0000											
11	56	0.1096	3	1	2	0	1	0	0	0	0	N	Y	N	N	N	N	N	N	N	N	N	N	0.0000	0.0000	0.0000	0.0000	0.0000	0.0000	0.0000	0.0000	0.0000	0.0000	0.0000	0.0000	0.0000	0.0000	0.0000	0.0000	0.0000	0.0000	0.0000	0.0000	6.9996	1.7218	1.0001	6.9557	0.0000	0.0000	0.0000	0.0000	0.0000	0.0000	0.0000	0.0000	0.0000	0.0000	0.0000	0.0000	0.0000	0.0000	0.0000	0.0000	0.0000	0.0000	0.3932	0.3535	0.0397	0.2042	0.1900	0.0142	0.1889	0.1634	0.0255	0.1170	0.0554	0.0616	0.0066	0.0066	0.0001	0.1104	0.0489	0.0615	0.0000	0.0000	0.0000	0.0000	0.0000	0.0000	0.0000	0.0000	0.0000	0.0000	0.0000	0.0000	0.0000	0.0000	0.0000	0.0000	0.0000	0.0000											
11	58	0.6355	5	2	1	1	0	0	0	0	0	Y	N	N	N	N	N	N	N	N	N	N	N	0.0000	0.0000	0.0000	0.0000	0.0000	0.0000	0.0000	0.0000	0.0000	0.0000	0.0000	0.0000	0.0000	0.0000	0.0000	0.0000	0.0000	0.0000	0.0000	0.0000	6.9996	0.0000	1.0001	1.0000	0.0000	0.0000	0.0000	0.0000	0.0000	0.0000	0.0000	0.0000	0.0000	0.0000	0.0000	0.0000	0.0000	0.0000	0.0000	0.0000	0.0000	0.0000	0.0000	0.0000	0.0000	0.0000	0.0000	0.0000	0.0000	0.0000	0.0000	0.0052	0.0029	0.0023	0.0026	0.0022	0.0004	0.0026	0.0007	0.0019	0.0000	0.0000	0.0000	0.0000	0.0000	0.0000	0.0000	0.0000	0.0000	0.0000	0.0000	0.0000	0.0000	0.0000	0.0000	0.0000	0.0000	0.0000											
11	59	0.1462	4	1	1	1	0	0	0	0	0	N	N	N	N	N	N	N	N	N	N	N	N	inf	inf	inf	inf	0.4609	0.5117	0.0000	0.8186	0.8621	0.0000	0.0000	0.0000	0.0000	0.0000	0.0000	0.0000	0.0000	0.0000	0.0000	0.0000	0.0000	0.0000	0.0000	-0.0000	0.0000	6.9996	0.0006	1.0001	1.1867	0.0001	0.0001	0.0000	0.0001	0.0001	0.0000	0.0000	0.0000	0.0000	0.0000	0.0000	0.0000	0.0000	0.0000	0.0000	0.0000	0.0000	0.0000	0.0003	0.0003	0.0000	0.0002	0.0002	0.0000	0.0001	0.0001	0.0000	0.0304	0.0213	0.0092	0.0088	0.0085	0.0003	0.0217	0.0128	0.0089	inf	inf	0.0000	inf	inf	0.0000	0.0000	0.0000	0.0000	0.0000	0.0000	0.0000	0.0000	0.0000	0.0000	0.0000	0.0000	0.0000						
11	60	0.1096	3	1	1	0	0	0	0	0	0	N	N	N	N	N	N	N	N	N	N	N	N	inf	inf	inf	inf	inf	inf	0.0003	0.0002	0.0008	0.0000	0.0000	0.0000	0.0006	0.0005	0.0012	0.0000	0.0000	0.0000	0.0000	0.0000	0.0000	0.0000	0.0000	0.0000	0.4000	0.0000	0.0000	6.9996	2.2785	1.0001	4.8627	0.0001	0.0001	0.0000	0.0000	0.0000	0.0000	0.0001	0.0001	0.0000	0.0000	0.0000	0.0000	0.0000	0.0000	0.0000	0.0000	0.0000	0.0000	0.5004	0.4498	0.0506	0.2523	0.2351	0.0172	0.2481	0.2147	0.0334	0.0987	0.0469	0.0518	0.0061	0.0060	0.0001	0.0927	0.0410	0.0517	inf	inf	inf	0.0000	0.0000	0.0000	inf	inf	inf	0.0000	0.0000	0.0000	0.0000	0.0000	0.0000	0.0000	0.0000	0.0000				
11	61	0.7136	9	1	1	1	0	0	0	0	0	N	N	N	N	N	N	N	N	N	N	N	N	5.5866	1.4474	1.8763	2.2337	0.0001	0.0001	0.0000	0.0001	0.0001	0.0000	0.0000	0.0000	0.0000	0.0000	0.0001	0.0000	0.0001	0.0001	0.0000	0.0000	0.0000	0.0000	0.0000	0.0000	-0.0000	-0.0000	6.9996	1.0901	1.0001	7.9319	0.0000	0.0000	0.0000	0.0000	0.0000	0.0000	0.0000	0.0000	0.0000	0.0000	0.0000	0.0000	0.0000	0.0000	0.0000	0.0000	0.0000	0.0000	0.2522	0.2289	0.0233	0.1559	0.1463	0.0096	0.0963	0.0826	0.0137	0.1059	0.0692	0.0366	0.0606	0.0533	0.0073	0.0452	0.0159	0.0293	559.6057	403.3149	0.0000	518.5981	485.8567	0.0000	0.0000	0.0000	0.0000	0.0000	0.0000	0.0000	0.0000	0.0000	0.0000	0.0000	0.0000	0.0000					
11	62	0.6835	8	1	1	0	0	0	0	0	0	N	N	N	N	N	N	N	N	N	N	N	N	62.1731	35.4867	279.7172	41.9116	47.8185	65.7277	320.7100	0.0076	0.0083	0.0003	0.0133	0.0140	0.0000	0.0001	0.0000	0.0004	0.0001	0.0002	0.0000	0.0003	0.0003	0.0000	0.0000	0.0000	0.0000	0.0029	0.0196	-0.0009	-0.0000	6.9996	1.6797	1.0001	2.9843	0.0035	0.0035	0.0000	0.0035	0.0035	0.0000	0.0000	0.0000	0.0000	0.0000	0.0000	0.0000	0.0000	0.0000	0.0000	0.0000	0.0000	0.0000	0.4615	0.4223	0.0392	0.2624	0.2504	0.0120	0.1991	0.1719	0.0272	0.0480	0.0317	0.0163	0.0285	0.0252	0.0033	0.0195	0.0065	0.0130	472.4942	346.5678	279.7172	501.9964	464.4246	0.0000	65.7277	0.0000	320.7100	0.0000	0.0000	0.0000	0.0000	0.0000	0.0000	0.0000	0.0000	0.0000		
11	63	0.6733	7	1	1	0	0	0	0	0	0	N	N	N	N	N	N	N	N	N	N	N	N	0.4295	0.1838	1206.1375	1.3960	1.2803	115.1138	1183.3613	0.0177	0.0151	0.0506	0.0259	0.0266	0.0000	0.0081	0.0000	0.0633	0.0412	0.0821	0.0000	0.0185	0.0208	0.0000	0.0001	0.0000	0.0001	0.2664	0.0052	-0.0002	-0.0000	6.9996	0.4935	1.0001	1.5835	0.0044	0.0035	0.0009	0.0035	0.0035	0.0000	0.0009	0.0000	0.0009	0.0001	0.0001	0.0000	0.0001	0.0001	0.0000	0.0000	0.0000	0.0000	0.2497	0.2313	0.0184	0.1349	0.1312	0.0037	0.1148	0.1001	0.0147	0.0213	0.0140	0.0073	0.0131	0.0115	0.0016	0.0082	0.0025	0.0057	6.3400	3.5792	1206.1375	5.7138	5.1717	0.0000	218.6832	0.0000	1183.3613	0.0028	0.0042	0.0000	0.0045	0.0051	0.0000	0.0000	0.0000	0.0001		
11	64	0.7103	9	1	2	0	0	0	0	0	0	N	Y	N	N	N	N	N	N	N	N	N	N	0.7041	inf	0.0000	1.2962	inf	0.0000	0.0033	0.0037	0.0000	0.0041	0.0047	0.0000	0.0000	0.0000	0.0000	0.0046	0.0000	0.0022	0.0032	0.0000	0.0170	0.0000	0.0000	0.0000	0.0000	inf	-0.0001	0.0000	6.9996	0.2944	1.0001	1.0083	0.0003	0.0003	0.0000	0.0003	0.0003	0.0000	0.0000	0.0000	0.0000	0.0000	0.0000	0.0000	0.0000	0.0000	0.0000	0.0000	0.0000	0.0000	0.1015	0.0886	0.0129	0.0806	0.0709	0.0098	0.0209	0.0177	0.0032	0.0131	0.0087	0.0045	0.0083	0.0072	0.0010	0.0049	0.0015	0.0034	4.2724	inf	0.0000	3.3798	inf	0.0000	0.0000	0.0000	0.0000	0.0008	0.0000	0.0022	0.0012	0.0000	0.0097	0.0000	0.0000	0.0000			
11	65	0.6895	8	1	1	0	0	0	0	0	0	N	N	N	N	N	N	N	N	N	N	N	N	0.8663	0.4140	28.6978	0.3711	0.4486	7.7383	inf	31.2287	0.0009	0.0005	0.0054	0.0004	0.0005	0.0000	0.0016	0.0006	0.0074	0.0011	0.0013	0.0002	0.0012	0.0010	0.0000	0.0002	0.0000	0.0002	0.8888	0.2088	0.0001	-0.0000	6.9996	1.1351	1.0001	2.0429	0.0003	0.0002	0.0002	0.0001	0.0001	0.0000	0.0002	0.0001	0.0002	0.0000	0.0000	0.0000	0.0000	0.0000	0.0000	0.0000	0.0000	0.0000	0.3659	0.3362	0.0298	0.2047	0.1965	0.0082	0.1612	0.1397	0.0215	0.0329	0.0217	0.0112	0.0200	0.0176	0.0024	0.0129	0.0041	0.0088	2.5257	1.1625	28.6978	0.8785	0.8068	0.0000	9.5644	inf	31.2287	0.0004	0.0005	0.0002	0.0005	0.0006	0.0000	0.0002	0.0000	0.0002	
11	66	0.6733	7	1	1	0	0	0	0	0	0	N	N	N	N	N	N	N	N	N	N	N	N	0.3210	0.2602	12.5961	0.3436	0.3534	0.3532	12.6010	0.0038	0.0001	0.0502	0.0001	0.0002	0.0000	0.0080	0.0000	0.0627	0.0117	0.0003	0.0040	0.0004	0.0004	0.0000	0.0227	0.0000	0.0050	46.0179	31.6456	0.0007	0.0000	6.9996	0.4912	1.0001	2.4266	0.0009	0.0000	0.0009	0.0000	0.0000	0.0000	0.0009	0.0000	0.0009	0.0000	0.0000	0.0000	0.0000	0.0000	0.0000	0.0000	0.0000	0.0000	0.2493	0.2309	0.0183	0.1346	0.1310	0.0037	0.1146	0.0999	0.0147	0.0296	0.0195	0.0101	0.0182	0.0160	0.0022	0.0114	0.0035	0.0079	2.7430	1.3538	12.8648	2.1641	1.9574	0.0000	2.3261	0.0000	12.6010	0.0014	0.0001	0.0039	0.0001	0.0001	0.0000	0.0035	0.0000	0.0050		
11	67	0.6682	6	1	1	0	0	0	0	0	0	N	N	N	N	N	N	N	N	N	N	N	N	0.9963	0.2735	110.4696	1.0953	1.1462	inf	3.1986	111.6725	0.0306	0.0034	0.3626	0.0059	0.0060	0.0021	0.0602	0.0000	0.4602	0.0307	0.0125	0.0033	0.0054	0.0052	0.0000	0.0188	0.0000	0.0041	8.6454	0.9381	0.0057	-0.0000	6.9996	0.6141	1.0001	1.2701	0.0090	0.0009	0.0081	0.0009	0.0009	0.0000	0.0081	0.0000	0.0081	0.0000	0.0000	0.0000	0.0000	0.0000	0.0000	0.0000	0.0000	0.0000	0.2943	0.2721	0.0222	0.1606	0.1558	0.0047	0.1337	0.1162	0.0175	0.0202	0.0132	0.0070	0.0122	0.0108	0.0014	0.0080	0.0024	0.0056	13.0053	1.8473	110.4696	2.9227	2.6317	inf	20.9749	0.0000	111.6725	0.0023	0.0019	0.0033	0.0020	0.0023	0.0000	0.0029	0.0000	0.0041	
11	68	0.6355	5	2	2	1	0	0	0	0	0	Y	Y	N	N	N	N	N	N	N	N	N	N	0.0000	0.0000	0.0000	0.0000	0.0000	0.0000	0.0000	0.0000	0.0000	0.0000	0.0000	0.0000	0.0000	0.0000	0.0000	0.0000	0.0000	0.0000	0.0000	0.0000	6.9996	0.0000	1.0001	0.0000	0.0000	0.0000	0.0000	0.0000	0.0000	0.0000	0.0000	0.0000	0.0000	0.0000	0.0000	0.0000	0.0000	0.0000	0.0000	0.0000	0.0000	0.0000	0.0000	0.0000	0.0000	0.0000	0.0000	0.0000	0.0000	0.0000	0.0000	0.0000	0.0000	0.0000	0.0000	0.0000	0.0000	0.0000	0.0000	0.0000	0.0000	0.0000	0.0000	0.0000	0.0000	0.0000	0.0000	0.0000	0.0000	0.0000	0.0000	0.0000	0.0000	0.0000	0.0000	0.0000	0.0000	0.0000											
11	69	0.0835	3	2	2	1	0	0	0	0	0	Y	Y	N	N	N	N	N	N	N	N	N	N	inf	inf	inf	inf	2.8654	0.0000	20.4078	0.0000	0.0000	0.0000	2.9955	0.0000	20.7340	0.0000	0.0000	0.0000	0.0000	0.0000	0.0000	0.0000	0.0000	0.0000	inf	0.7398	0.0000	6.9996	1.0000	1.0001	0.0000	1.0000	0.0000	1.0000	0.0000	0.0000	0.0000	1.0000	0.0000	1.0000	0.0000	0.0000	0.0000	0.0000	0.0000	0.0000	0.0000	0.0000	0.0000	0.3490	0.3000	0.0490	0.0152	0.0144	0.0008	0.3338	0.2856	0.0482	0.0279	0.0133	0.0146	0.0001	0.0001	0.0000	0.0278	0.0132	0.0146	inf	0.0000	inf	0.0000	0.0000	0.0000	inf	0.0000	inf	0.0000	0.0000	0.0000	0.0000	0.0000	0.0000	0.0000	0.0000	0.0000						
11	70	0.0835	3	2	2	1	0	0	0	0	0	Y	Y	N	N	N	N	N	N	N	N	N	N	0.0000	0.0000	0.0000	0.0000	0.0000	0.0000	0.0000	0.0000	0.0000	0.0000	0.0000	0.0000	0.0000	0.0000	0.0000	0.0000	0.0000	0.0000	0.0000	0.0000	6.9996	0.0000	1.0001	0.0000	0.0000	0.0000	0.0000	0.0000	0.0000	0.0000	0.0000	0.0000	0.0000	0.0000	0.0000	0.0000	0.0000	0.0000	0.0000	0.0000	0.0000	0.0000	0.0000	0.0000	0.0000	0.0000	0.0000	0.0000	0.0000	0.0000	0.0000	0.0000	0.0000	0.0000	0.0000	0.0000	0.0000	0.0000	0.0000	0.0000	0.0000	0.0000	0.0000	0.0000	0.0000	0.0000	0.0000	0.0000	0.0000	0.0000	0.0000	0.0000	0.0000	0.0000	0.0000	0.0000	0.0000	0.0000											
11	71	0.0611	2	2	2	1	0	0	0	0	0	Y	Y	N	N	N	N	N	N	N	N	N	N	inf	inf	inf	inf	1.5540	0.0000	11.1075	0.0000	0.0000	0.0000	1.5701	0.0000	11.1722	0.0000	0.0000	0.0000	0.0000	0.0000	0.0000	0.0000	0.0000	0.0000	inf	0.7398	0.0000	6.9996	2.0000	1.0001	1.0000	1.0000	0.0000	1.0000	0.0000	0.0000	0.0000	1.0000	0.0000	1.0000	0.0000	0.0000	0.0000	0.0000	0.0000	0.0000	0.0000	0.0000	0.0000	0.6435	0.5535	0.0900	0.0066	0.0061	0.0005	0.6369	0.5474	0.0895	0.0816	0.0387	0.0428	0.0003	0.0002	0.0001	0.0813	0.0385	0.0428	inf	0.0000	inf	0.0000	0.0000	0.0000	inf	0.0000	inf	0.0000	0.0000	0.0000	0.0000	0.0000	0.0000	0.0000	0.0000	0.0000						
11	73	0.6548	6	2	2	0	0	0	0	0	0	Y	Y	N	N	N	N	N	N	N	N	N	N	0.0000	0.0000	0.0000	0.0000	0.0000	0.0000	0.0000	0.0000	0.0000	0.0000	0.0000	0.0000	0.0000	0.0000	0.0000	0.0000	0.0000	0.0000	0.0000	0.0000	6.9996	0.0000	1.0001	0.0000	0.0000	0.0000	0.0000	0.0000	0.0000	0.0000	0.0000	0.0000	0.0000	0.0000	0.0000	0.0000	0.0000	0.0000	0.0000	0.0000	0.0000	0.0000	0.0000	0.0000	0.0000	0.0000	0.0000	0.0000	0.0000	0.0000	0.0000	0.0000	0.0000	0.0000	0.0000	0.0000	0.0000	0.0000	0.0000	0.0000	0.0000	0.0000	0.0000	0.0000	0.0000	0.0000	0.0000	0.0000	0.0000	0.0000	0.0000	0.0000	0.0000	0.0000	0.0000	0.0000	0.0000	0.0000											
11	74	0.1476	4	2	2	0	0	0	0	0	0	Y	Y	N	N	N	N	N	N	N	N	N	N	0.0000	0.0000	0.0000	0.0000	0.0000	0.0000	0.0000	0.0000	0.0000	0.0000	0.0000	0.0000	0.0000	0.0000	0.0000	0.0000	0.0000	0.0000	0.0000	0.0000	6.9996	0.0000	1.0001	0.0010	0.0000	0.0000	0.0000	0.0000	0.0000	0.0000	0.0000	0.0000	0.0000	0.0000	0.0000	0.0000	0.0000	0.0000	0.0000	0.0000	0.0000	0.0000	0.0000	0.0000	0.0000	0.0000	0.0000	0.0000	0.0000	0.0000	0.0000	0.0062	0.0050	0.0012	0.0031	0.0031	0.0000	0.0031	0.0019	0.0012	0.0000	0.0000	0.0000	0.0000	0.0000	0.0000	0.0000	0.0000	0.0000	0.0000	0.0000	0.0000	0.0000	0.0000	0.0000	0.0000	0.0000	0.0000											
11	75	0.1368	6	1	2	0	1	0	0	0	0	N	Y	N	N	N	N	N	N	N	N	N	N	0.0000	0.0000	0.0000	0.0000	0.0000	0.0000	0.0000	0.0000	0.0000	0.0000	0.0000	0.0000	0.0000	0.0000	0.0000	0.0000	0.0000	0.0000	0.0000	0.0000	6.9996	0.0000	1.0001	0.0000	0.0000	0.0000	0.0000	0.0000	0.0000	0.0000	0.0000	0.0000	0.0000	0.0000	0.0000	0.0000	0.0000	0.0000	0.0000	0.0000	0.0000	0.0000	0.0000	0.0000	0.0000	0.0000	0.0000	0.0000	0.0000	0.0000	0.0000	0.0000	0.0000	0.0000	0.0000	0.0000	0.0000	0.0000	0.0000	0.0000	0.0000	0.0000	0.0000	0.0000	0.0000	0.0000	0.0000	0.0000	0.0000	0.0000	0.0000	0.0000	0.0000	0.0000	0.0000	0.0000	0.0000	0.0000											
11	76	0.1368	6	1	1	0	1	0	0	0	0	N	N	N	N	N	N	N	N	N	N	N	N	0.0000	0.0000	0.0000	0.0000	0.0000	0.0000	0.0000	0.0000	0.0000	0.0000	0.0000	0.0000	0.0000	0.0000	0.0000	0.0000	0.0000	0.0000	0.0000	0.0000	6.9996	0.0000	1.0001	0.0000	0.0000	0.0000	0.0000	0.0000	0.0000	0.0000	0.0000	0.0000	0.0000	0.0000	0.0000	0.0000	0.0000	0.0000	0.0000	0.0000	0.0000	0.0000	0.0000	0.0000	0.0000	0.0000	0.0000	0.0000	0.0000	0.0000	0.0000	0.0000	0.0000	0.0000	0.0000	0.0000	0.0000	0.0000	0.0000	0.0000	0.0000	0.0000	0.0000	0.0000	0.0000	0.0000	0.0000	0.0000	0.0000	0.0000	0.0000	0.0000	0.0000	0.0000	0.0000	0.0000	0.0000	0.0000											
11	77	0.1215	5	1	1	0	1	0	0	0	0	N	N	N	N	N	N	N	N	N	N	N	N	inf	inf	inf	inf	0.4226	0.4779	0.0000	0.8635	0.8930	0.0000	0.0000	0.0000	0.0000	0.0000	0.0000	0.0000	0.0000	0.0000	0.0000	0.0000	0.0000	0.0000	0.0000	-0.0000	0.0000	6.9996	0.0002	1.0001	2.9297	0.0000	0.0000	0.0000	0.0000	0.0000	0.0000	0.0000	0.0000	0.0000	0.0000	0.0000	0.0000	0.0000	0.0000	0.0000	0.0000	0.0000	0.0000	0.0001	0.0001	0.0000	0.0000	0.0000	0.0000	0.0000	0.0000	0.0000	0.0903	0.0567	0.0336	0.0272	0.0270	0.0002	0.0630	0.0297	0.0334	inf	inf	0.0000	inf	inf	0.0000	0.0000	0.0000	0.0000	0.0000	0.0000	0.0000	0.0000	0.0000	0.0000	0.0000	0.0000	0.0000						
11	78	0.1174	4	1	1	0	1	0	0	0	0	N	N	N	N	N	N	N	N	N	N	N	N	inf	inf	inf	inf	inf	inf	0.6217	0.5182	1.5509	0.0000	0.0000	0.0000	1.3179	1.1435	2.4305	0.0000	0.0000	0.0000	0.0000	0.0000	0.0000	0.0000	0.0000	0.0000	0.3333	-0.0000	0.0000	6.9996	0.0003	1.0001	2.1916	0.0000	0.0000	0.0000	0.0000	0.0000	0.0000	0.0000	0.0000	0.0000	0.0000	0.0000	0.0000	0.0000	0.0000	0.0000	0.0000	0.0000	0.0000	0.0001	0.0001	0.0000	0.0000	0.0000	0.0000	0.0000	0.0000	0.0000	0.0421	0.0201	0.0220	0.0071	0.0071	0.0000	0.0350	0.0130	0.0220	inf	inf	inf	0.0000	0.0000	0.0000	inf	inf	inf	0.0000	0.0000	0.0000	0.0000	0.0000	0.0000	0.0000	0.0000	0.0000				
11	79	0.1096	3	1	1	0	0	0	0	0	0	N	N	N	N	N	N	N	N	N	N	N	N	0.0000	0.0000	0.0000	0.0000	0.0000	0.0000	0.0000	0.0000	0.0000	0.0000	0.0000	0.0000	0.0000	0.0000	0.0000	0.0000	0.0000	0.0000	0.0000	0.0000	6.9996	0.2782	1.0001	1.3600	0.0000	0.0000	0.0000	0.0000	0.0000	0.0000	0.0000	0.0000	0.0000	0.0000	0.0000	0.0000	0.0000	0.0000	0.0000	0.0000	0.0000	0.0000	0.0990	0.0890	0.0101	0.0679	0.0620	0.0058	0.0312	0.0269	0.0042	0.0285	0.0144	0.0140	0.0038	0.0037	0.0000	0.0247	0.0107	0.0140	0.0000	0.0000	0.0000	0.0000	0.0000	0.0000	0.0000	0.0000	0.0000	0.0000	0.0000	0.0000	0.0000	0.0000	0.0000	0.0000	0.0000	0.0000											
11	80	0.0707	3	1	2	1	0	0	0	0	0	N	Y	N	N	N	N	N	N	N	N	N	N	inf	inf	inf	inf	inf	inf	0.8306	0.9342	0.0000	0.0274	0.0284	0.0000	1.2065	1.4152	0.0000	0.0000	0.0000	0.0000	0.0000	0.0000	0.0000	0.0000	0.0000	0.0000	0.0000	-0.0002	0.0000	6.9996	0.0029	1.0001	2.0135	0.0009	0.0009	0.0000	0.0000	0.0000	0.0000	0.0009	0.0009	0.0000	0.0000	0.0000	0.0000	0.0000	0.0000	0.0000	0.0000	0.0000	0.0000	0.0011	0.0010	0.0001	0.0004	0.0004	0.0000	0.0008	0.0007	0.0001	0.0403	0.0188	0.0214	0.0010	0.0009	0.0001	0.0392	0.0179	0.0214	inf	inf	0.0000	inf	inf	0.0000	inf	inf	0.0000	0.0000	0.0000	0.0000	0.0000	0.0000	0.0000	0.0000	0.0000	0.0000				
11	81	0.0641	2	1	2	0	0	0	0	0	0	N	Y	N	N	N	N	N	N	N	N	N	N	1529.6701	573.8133	inf	2.1663	2.4479	inf	inf	inf	inf	1.1262	1.2085	0.0008	0.0358	0.0365	0.0032	1.7326	1.9154	0.0005	0.0007	0.0021	0.0000	0.0165	0.0149	0.0000	0.0000	0.0000	0.0000	0.0000	0.0000	-0.1056	-0.0000	6.9996	0.6188	1.0001	0.9475	0.4059	0.4059	0.0000	0.0046	0.0046	0.0000	0.4013	0.4013	0.0000	0.0000	0.0000	0.0000	0.0000	0.0000	0.0000	0.0000	0.0000	0.0000	0.3604	0.3358	0.0246	0.1288	0.1264	0.0025	0.2316	0.2095	0.0221	0.0350	0.0164	0.0186	0.0024	0.0023	0.0001	0.0326	0.0141	0.0185	3941.8777	1984.9061	inf	8.4879	8.3941	inf	inf	inf	inf	0.0003	0.0006	0.0000	0.0042	0.0043	0.0000	0.0000	0.0000	0.0000
11	82	0.6579	6	1	2	1	0	0	0	0	0	N	Y	N	N	N	N	N	N	N	N	N	N	0.0000	0.0000	0.0000	0.0000	0.0000	0.0000	0.0000	0.0000	0.0000	0.0000	0.0000	0.0000	0.0000	0.0000	0.0000	0.0000	0.0000	0.0000	0.0000	0.0000	6.9996	0.0000	1.0001	1.0000	0.0000	0.0000	0.0000	0.0000	0.0000	0.0000	0.0000	0.0000	0.0000	0.0000	0.0000	0.0000	0.0000	0.0000	0.0000	0.0000	0.0000	0.0000	0.0000	0.0000	0.0000	0.0000	0.0000	0.0000	0.0000	0.0000	0.0000	0.0108	0.0066	0.0042	0.0060	0.0052	0.0008	0.0047	0.0014	0.0033	0.0000	0.0000	0.0000	0.0000	0.0000	0.0000	0.0000	0.0000	0.0000	0.0000	0.0000	0.0000	0.0000	0.0000	0.0000	0.0000	0.0000	0.0000											
11	84	0.6355	5	2	1	1	0	0	0	0	0	Y	N	N	N	N	N	N	N	N	N	N	N	0.0000	0.0000	0.0000	0.0000	0.0000	0.0000	0.0000	0.0000	0.0000	0.0000	0.0000	0.0000	0.0000	0.0000	0.0000	0.0000	0.0000	0.0000	0.0000	0.0000	6.9996	4.0000	1.0001	0.0000	0.0000	0.0000	0.0000	0.0000	0.0000	0.0000	0.0000	0.0000	0.0000	0.0000	0.0000	0.0000	0.0000	0.0000	0.0000	0.0000	0.0000	0.0000	0.5404	0.4960	0.0443	0.3997	0.3752	0.0245	0.1406	0.1208	0.0199	0.0203	0.0113	0.0089	0.0100	0.0086	0.0015	0.0102	0.0028	0.0074	0.0000	0.0000	0.0000	0.0000	0.0000	0.0000	0.0000	0.0000	0.0000	0.0000	0.0000	0.0000	0.0000	0.0000	0.0000	0.0000	0.0000	0.0000											
11	85	0.6817	6	2	2	0	0	0	0	0	0	Y	Y	N	N	N	N	N	N	N	N	N	N	inf	inf	inf	inf	0.0003	0.0003	0.0000	0.0005	0.0005	0.0000	0.0000	0.0000	0.0000	0.0000	0.0000	0.0000	0.0000	0.0000	0.0000	0.0000	0.0000	0.0000	0.0000	-0.0000	0.0000	6.9996	1.0086	1.0001	1.7435	0.0001	0.0001	0.0000	0.0001	0.0001	0.0000	0.0000	0.0000	0.0000	0.0000	0.0000	0.0000	0.0000	0.0000	0.0000	0.0000	0.0000	0.0000	0.2106	0.1911	0.0194	0.1280	0.1207	0.0073	0.0826	0.0704	0.0122	0.0388	0.0262	0.0126	0.0228	0.0204	0.0024	0.0160	0.0058	0.0102	inf	inf	0.0000	inf	inf	0.0000	0.0000	0.0000	0.0000	0.0000	0.0000	0.0000	0.0000	0.0000	0.0000	0.0000	0.0000	0.0000						
11	86	0.6355	5	2	2	0	0	0	0	0	0	Y	Y	N	N	N	N	N	N	N	N	N	N	inf	inf	inf	inf	inf	inf	inf	inf	0.0003	0.0001	0.0025	0.0001	0.0001	0.0000	0.0011	0.0003	0.0057	0.0000	0.0000	0.0000	0.0000	0.0000	0.0000	0.0000	0.0000	0.0000	1.4998	0.0000	0.0000	6.9996	1.0165	1.0001	4.1395	0.0000	0.0000	0.0000	0.0000	0.0000	0.0000	0.0000	0.0000	0.0000	0.0000	0.0000	0.0000	0.0000	0.0000	0.0000	0.0000	0.0000	0.0000	0.1499	0.1377	0.0122	0.1132	0.1062	0.0070	0.0367	0.0315	0.0052	0.0258	0.0145	0.0114	0.0128	0.0109	0.0019	0.0130	0.0035	0.0095	inf	inf	inf	inf	inf	0.0000	inf	inf	inf	0.0000	0.0000	0.0000	0.0000	0.0000	0.0000	0.0000	0.0000	0.0000		
11	87	0.0794	2	2	2	0	0	0	0	0	0	Y	Y	N	N	N	N	N	N	N	N	N	N	inf	inf	inf	inf	inf	inf	1.8946	0.7038	12.2843	0.0000	0.0000	0.0000	3.3702	1.2952	16.9253	0.0000	0.0000	0.0000	0.0000	0.0000	0.0000	0.0000	0.0000	0.0000	2.0005	1.2195	0.0000	6.9996	9.0005	1.0001	5.0000	2.9998	0.9998	2.0000	0.0000	0.0000	0.0000	2.9998	0.9998	2.0000	0.0000	0.0000	0.0000	0.0000	0.0000	0.0000	0.0000	0.0000	0.0000	1.5833	1.4205	0.1628	0.6933	0.6486	0.0446	0.8901	0.7719	0.1182	0.1781	0.0750	0.1032	0.0015	0.0015	0.0001	0.1766	0.0735	0.1031	inf	inf	inf	0.0000	0.0000	0.0000	inf	inf	inf	0.0000	0.0000	0.0000	0.0000	0.0000	0.0000	0.0000	0.0000	0.0000				
11	88	0.6579	6	1	2	0	0	0	0	0	0	N	Y	N	N	N	N	N	N	N	N	N	N	0.0000	0.0000	0.0000	0.0000	0.0000	0.0000	0.0000	0.0000	0.0000	0.0000	0.0000	0.0000	0.0000	0.0000	0.0000	0.0000	0.0000	0.0000	0.0000	0.0000	6.9996	0.0000	1.0001	0.0000	0.0000	0.0000	0.0000	0.0000	0.0000	0.0000	0.0000	0.0000	0.0000	0.0000	0.0000	0.0000	0.0000	0.0000	0.0000	0.0000	0.0000	0.0000	0.0000	0.0000	0.0000	0.0000	0.0000	0.0000	0.0000	0.0000	0.0000	0.0000	0.0000	0.0000	0.0000	0.0000	0.0000	0.0000	0.0000	0.0000	0.0000	0.0000	0.0000	0.0000	0.0000	0.0000	0.0000	0.0000	0.0000	0.0000	0.0000	0.0000	0.0000	0.0000	0.0000	0.0000	0.0000	0.0000											
11	89	0.0641	2	1	2	0	0	0	0	0	0	N	Y	N	N	N	N	N	N	N	N	N	N	0.0000	0.0000	0.0000	0.0000	0.0000	0.0000	0.0000	0.0000	0.0000	0.0000	0.0000	0.0000	0.0000	0.0000	0.0000	0.0000	0.0000	0.0000	0.0000	0.0000	6.9996	1.9953	1.0001	1.0817	0.0000	0.0000	0.0000	0.0000	0.0000	0.0000	0.0000	0.0000	0.0000	0.0000	0.0000	0.0000	0.0000	0.0000	0.0000	0.0000	0.0000	0.0000	0.6211	0.5623	0.0588	0.1500	0.1431	0.0069	0.4711	0.4192	0.0519	0.0637	0.0297	0.0341	0.0027	0.0026	0.0001	0.0610	0.0271	0.0339	0.0000	0.0000	0.0000	0.0000	0.0000	0.0000	0.0000	0.0000	0.0000	0.0000	0.0000	0.0000	0.0000	0.0000	0.0000	0.0000	0.0000	0.0000											
11	91	0.1417	4	1	1	1	0	0	0	0	0	N	N	N	N	N	N	N	N	N	N	N	N	0.0000	0.0000	0.0000	0.0000	0.0000	0.0000	0.0000	0.0000	0.0000	0.0000	0.0000	0.0000	0.0000	0.0000	0.0000	0.0000	0.0000	0.0000	0.0000	0.0000	6.9996	0.0000	1.0001	0.0000	0.0000	0.0000	0.0000	0.0000	0.0000	0.0000	0.0000	0.0000	0.0000	0.0000	0.0000	0.0000	0.0000	0.0000	0.0000	0.0000	0.0000	0.0000	0.0000	0.0000	0.0000	0.0000	0.0000	0.0000	0.0000	0.0000	0.0000	0.0000	0.0000	0.0000	0.0000	0.0000	0.0000	0.0000	0.0000	0.0000	0.0000	0.0000	0.0000	0.0000	0.0000	0.0000	0.0000	0.0000	0.0000	0.0000	0.0000	0.0000	0.0000	0.0000	0.0000	0.0000	0.0000	0.0000											
11	92	0.1096	3	1	1	1	0	0	0	0	0	N	N	N	N	N	N	N	N	N	N	N	N	inf	inf	inf	inf	1.3086	1.4569	0.0000	0.0000	0.0000	0.0000	2.5167	2.9067	0.0000	0.0000	0.0000	0.0000	0.0000	0.0000	0.0000	0.0000	0.0000	0.0000	0.0000	-0.2602	0.0000	6.9996	3.7221	1.0001	2.9993	1.0000	1.0000	0.0000	0.0000	0.0000	0.0000	1.0000	1.0000	0.0000	0.0000	0.0000	0.0000	0.0000	0.0000	0.0000	0.0000	0.0000	0.0000	0.7642	0.6864	0.0778	0.3668	0.3424	0.0245	0.3974	0.3440	0.0533	0.0937	0.0446	0.0491	0.0059	0.0058	0.0001	0.0878	0.0387	0.0490	inf	inf	0.0000	0.0000	0.0000	0.0000	inf	inf	0.0000	0.0000	0.0000	0.0000	0.0000	0.0000	0.0000	0.0000	0.0000	0.0000						
11	93	0.0794	2	1	1	0	0	0	0	0	0	N	N	N	N	N	N	N	N	N	N	N	N	0.0000	0.0000	0.0000	0.0000	0.0000	0.0000	0.0000	0.0000	0.0000	0.0000	0.0000	0.0000	0.0000	0.0000	0.0000	0.0000	0.0000	0.0000	0.0000	0.0000	6.9996	2.7217	1.0001	3.0458	0.0000	0.0000	0.0000	0.0000	0.0000	0.0000	0.0000	0.0000	0.0000	0.0000	0.0000	0.0000	0.0000	0.0000	0.0000	0.0000	0.0000	0.0000	0.5585	0.5025	0.0561	0.2661	0.2495	0.0166	0.2924	0.2529	0.0395	0.0798	0.0332	0.0466	0.0007	0.0006	0.0000	0.0791	0.0326	0.0466	0.0000	0.0000	0.0000	0.0000	0.0000	0.0000	0.0000	0.0000	0.0000	0.0000	0.0000	0.0000	0.0000	0.0000	0.0000	0.0000	0.0000	0.0000											
11	94	0.0544	2	2	2	0	0	0	0	0	0	Y	Y	N	N	N	N	N	N	N	N	N	N	inf	inf	inf	inf	inf	inf	inf	inf	0.7817	0.8702	0.0016	3.5071	3.6589	0.0000	0.0279	0.0314	0.0017	0.0000	0.0000	0.0000	0.0000	0.0000	0.0000	0.0000	0.0000	0.0000	0.0002	-0.2536	0.0000	6.9996	5.9980	1.0001	4.9575	0.9753	0.9751	0.0002	0.9481	0.9481	0.0000	0.0272	0.0270	0.0002	0.0000	0.0000	0.0000	0.0000	0.0000	0.0000	0.0000	0.0000	0.0000	1.2477	1.1205	0.1272	0.2703	0.2591	0.0112	0.9774	0.8614	0.1160	0.1901	0.0896	0.1005	0.0027	0.0026	0.0001	0.1874	0.0870	0.1004	inf	inf	inf	inf	inf	0.0000	inf	inf	inf	0.0000	0.0000	0.0000	0.0000	0.0000	0.0000	0.0000	0.0000	0.0000		
11	95	0.6579	6	2	2	0	0	0	0	0	0	Y	Y	N	N	N	N	N	N	N	N	N	N	0.0000	0.0000	0.0000	0.0000	0.0000	0.0000	0.0000	0.0000	0.0000	0.0000	0.0000	0.0000	0.0000	0.0000	0.0000	0.0000	0.0000	0.0000	0.0000	0.0000	6.9996	0.0000	1.0001	2.0000	0.0000	0.0000	0.0000	0.0000	0.0000	0.0000	0.0000	0.0000	0.0000	0.0000	0.0000	0.0000	0.0000	0.0000	0.0000	0.0000	0.0000	0.0000	0.0000	0.0000	0.0000	0.0000	0.0000	0.0000	0.0000	0.0000	0.0000	0.0214	0.0132	0.0082	0.0120	0.0103	0.0017	0.0094	0.0028	0.0065	0.0000	0.0000	0.0000	0.0000	0.0000	0.0000	0.0000	0.0000	0.0000	0.0000	0.0000	0.0000	0.0000	0.0000	0.0000	0.0000	0.0000	0.0000											
11	96	0.6355	5	1	2	0	0	0	0	0	0	N	Y	N	N	N	N	N	N	N	N	N	N	0.0000	0.0000	0.0000	0.0000	0.0000	0.0000	0.0000	0.0000	0.0000	0.0000	0.0000	0.0000	0.0000	0.0000	0.0000	0.0000	0.0000	0.0000	0.0000	0.0000	6.9996	4.0000	1.0001	0.0000	0.0000	0.0000	0.0000	0.0000	0.0000	0.0000	0.0000	0.0000	0.0000	0.0000	0.0000	0.0000	0.0000	0.0000	0.0000	0.0000	0.0000	0.0000	0.5404	0.4960	0.0443	0.3997	0.3752	0.0245	0.1406	0.1208	0.0199	0.0203	0.0113	0.0089	0.0100	0.0086	0.0015	0.0102	0.0028	0.0074	0.0000	0.0000	0.0000	0.0000	0.0000	0.0000	0.0000	0.0000	0.0000	0.0000	0.0000	0.0000	0.0000	0.0000	0.0000	0.0000	0.0000	0.0000											
11	97	0.0794	2	1	1	0	0	0	0	0	0	N	N	N	N	N	N	N	N	N	N	N	N	inf	inf	inf	inf	1.2599	0.0000	12.4772	0.0000	0.0000	0.0000	2.3675	0.0000	17.5979	0.0000	0.0000	0.0000	0.0000	0.0000	0.0000	0.0000	0.0000	0.0000	inf	0.7396	0.0000	6.9996	3.9994	1.0001	4.0000	0.9998	0.0000	0.9998	0.0000	0.0000	0.0000	0.9998	0.0000	0.9998	0.0000	0.0000	0.0000	0.0000	0.0000	0.0000	0.0000	0.0000	0.0000	0.7935	0.7134	0.0801	0.3712	0.3479	0.0233	0.4223	0.3655	0.0568	0.1081	0.0451	0.0630	0.0009	0.0009	0.0000	0.1072	0.0443	0.0630	inf	0.0000	inf	0.0000	0.0000	0.0000	inf	0.0000	inf	0.0000	0.0000	0.0000	0.0000	0.0000	0.0000	0.0000	0.0000	0.0000						
11	98	0.6355	5	1	1	0	0	0	0	0	0	N	N	N	N	N	N	N	N	N	N	N	N	inf	inf	inf	inf	3.7710	4.1062	0.0000	5.0234	5.3522	0.0000	0.0000	0.0000	0.0000	0.0000	0.0000	0.0000	0.0000	0.0000	0.0000	0.0000	0.0000	0.0000	0.0000	-0.2602	0.0000	6.9996	1.0000	1.0001	0.0000	1.0000	1.0000	0.0000	1.0000	1.0000	0.0000	0.0000	0.0000	0.0000	0.0000	0.0000	0.0000	0.0000	0.0000	0.0000	0.0000	0.0000	0.0000	0.2652	0.2435	0.0216	0.1991	0.1868	0.0122	0.0661	0.0567	0.0094	0.0095	0.0053	0.0042	0.0047	0.0040	0.0007	0.0048	0.0013	0.0035	inf	inf	0.0000	inf	inf	0.0000	0.0000	0.0000	0.0000	0.0000	0.0000	0.0000	0.0000	0.0000	0.0000	0.0000	0.0000	0.0000						
11	99	0.1904	3	1	1	0	0	0	0	0	0	N	N	N	N	N	N	N	N	N	N	N	N	inf	inf	inf	inf	inf	inf	0.0702	0.0782	0.0000	0.1315	0.1385	0.0000	0.0004	0.0005	0.0000	0.0000	0.0000	0.0000	0.0000	0.0000	0.0000	0.0000	0.0000	0.0000	0.0000	-0.0093	0.0000	6.9996	1.5982	1.0001	11.1970	0.0357	0.0357	0.0000	0.0356	0.0356	0.0000	0.0001	0.0001	0.0000	0.0000	0.0000	0.0000	0.0000	0.0000	0.0000	0.0000	0.0000	0.0000	0.5094	0.4569	0.0525	0.2709	0.2574	0.0135	0.2385	0.1995	0.0389	0.2278	0.1220	0.1058	0.0640	0.0599	0.0041	0.1638	0.0621	0.1017	inf	inf	0.0000	inf	inf	0.0000	inf	inf	0.0000	0.0000	0.0000	0.0000	0.0000	0.0000	0.0000	0.0000	0.0000	0.0000				
11	100	0.0559	3	2	2	1	0	0	0	0	0	Y	Y	N	N	N	N	N	N	N	N	N	N	0.0000	0.0000	0.0000	0.0000	0.0000	0.0000	0.0000	0.0000	0.0000	0.0000	0.0000	0.0000	0.0000	0.0000	0.0000	0.0000	0.0000	0.0000	0.0000	0.0000	6.9996	0.0000	1.0001	0.9982	0.0000	0.0000	0.0000	0.0000	0.0000	0.0000	0.0000	0.0000	0.0000	0.0000	0.0000	0.0000	0.0000	0.0000	0.0000	0.0000	0.0000	0.0000	0.0479	0.0462	0.0017	0.0341	0.0338	0.0003	0.0138	0.0125	0.0013	0.0204	0.0097	0.0107	0.0003	0.0003	0.0000	0.0200	0.0093	0.0107	0.0000	0.0000	0.0000	0.0000	0.0000	0.0000	0.0000	0.0000	0.0000	0.0000	0.0000	0.0000	0.0000	0.0000	0.0000	0.0000	0.0000	0.0000											
11	101	0.6703	8	2	2	1	0	0	0	0	0	Y	Y	N	N	N	N	N	N	N	N	N	N	0.0000	0.0000	0.0000	0.0000	0.0000	0.0000	0.0000	0.0000	0.0000	0.0000	0.0000	0.0000	0.0000	0.0000	0.0000	0.0000	0.0000	0.0000	0.0000	0.0000	6.9996	0.0000	1.0001	0.0000	0.0000	0.0000	0.0000	0.0000	0.0000	0.0000	0.0000	0.0000	0.0000	0.0000	0.0000	0.0000	0.0000	0.0000	0.0000	0.0000	0.0000	0.0000	0.0000	0.0000	0.0000	0.0000	0.0000	0.0000	0.0000	0.0000	0.0000	0.0000	0.0000	0.0000	0.0000	0.0000	0.0000	0.0000	0.0000	0.0000	0.0000	0.0000	0.0000	0.0000	0.0000	0.0000	0.0000	0.0000	0.0000	0.0000	0.0000	0.0000	0.0000	0.0000	0.0000	0.0000	0.0000	0.0000											
11	102	0.6703	7	2	1	1	0	0	0	0	0	Y	N	N	N	N	N	N	N	N	N	N	N	0.0000	0.0000	0.0000	0.0000	0.0000	0.0000	0.0000	0.0000	0.0000	0.0000	0.0000	0.0000	0.0000	0.0000	0.0000	0.0000	0.0000	0.0000	0.0000	0.0000	6.9996	0.0000	1.0001	0.0000	0.0000	0.0000	0.0000	0.0000	0.0000	0.0000	0.0000	0.0000	0.0000	0.0000	0.0000	0.0000	0.0000	0.0000	0.0000	0.0000	0.0000	0.0000	0.0000	0.0000	0.0000	0.0000	0.0000	0.0000	0.0000	0.0000	0.0000	0.0000	0.0000	0.0000	0.0000	0.0000	0.0000	0.0000	0.0000	0.0000	0.0000	0.0000	0.0000	0.0000	0.0000	0.0000	0.0000	0.0000	0.0000	0.0000	0.0000	0.0000	0.0000	0.0000	0.0000	0.0000	0.0000	0.0000											
11	103	0.6642	6	2	1	1	0	0	0	0	0	Y	N	N	N	N	N	N	N	N	N	N	N	0.0000	0.0000	0.0000	0.0000	0.0000	0.0000	0.0000	0.0000	0.0000	0.0000	0.0000	0.0000	0.0000	0.0000	0.0000	0.0000	0.0000	0.0000	0.0000	0.0000	6.9996	0.0000	1.0001	1.0091	0.0000	0.0000	0.0000	0.0000	0.0000	0.0000	0.0000	0.0000	0.0000	0.0000	0.0000	0.0000	0.0000	0.0000	0.0000	0.0000	0.0000	0.0000	0.0000	0.0000	0.0000	0.0000	0.0000	0.0000	0.0000	0.0000	0.0000	0.0109	0.0068	0.0042	0.0062	0.0053	0.0009	0.0048	0.0014	0.0033	0.0000	0.0000	0.0000	0.0000	0.0000	0.0000	0.0000	0.0000	0.0000	0.0000	0.0000	0.0000	0.0000	0.0000	0.0000	0.0000	0.0000	0.0000											
11	104	0.0794	2	1	2	0	0	0	0	0	0	N	Y	N	N	N	N	N	N	N	N	N	N	inf	inf	inf	inf	inf	inf	inf	1.3891	0.7740	6.7742	1.5666	1.6739	0.0000	1.2477	0.0000	9.3739	0.0000	0.0000	0.0000	0.0000	0.0000	0.0000	0.0000	0.0000	0.0000	0.9998	0.4794	0.0000	6.9996	7.9994	1.0001	4.0001	1.9998	1.0000	0.9998	1.0000	1.0000	0.0000	0.9998	0.0000	0.9998	0.0000	0.0000	0.0000	0.0000	0.0000	0.0000	0.0000	0.0000	0.0000	1.4396	1.2920	0.1476	0.6383	0.5974	0.0409	0.8013	0.6946	0.1067	0.1557	0.0654	0.0904	0.0013	0.0013	0.0001	0.1544	0.0641	0.0903	inf	inf	inf	inf	inf	0.0000	inf	0.0000	inf	0.0000	0.0000	0.0000	0.0000	0.0000	0.0000	0.0000	0.0000	0.0000			
11	105	0.0594	4	2	1	1	0	0	0	0	0	Y	N	N	N	N	N	N	N	N	N	N	N	inf	inf	inf	inf	0.0000	0.0000	0.0000	0.0002	0.0002	0.0000	0.0000	0.0000	0.0000	0.0000	0.0000	0.0000	0.0000	0.0000	0.0000	0.0000	0.0000	0.0000	0.0000	-0.0000	0.0000	6.9996	1.0000	1.0001	1.0005	0.0000	0.0000	0.0000	0.0000	0.0000	0.0000	0.0000	0.0000	0.0000	0.0000	0.0000	0.0000	0.0000	0.0000	0.0000	0.0000	0.0000	0.0000	0.2361	0.2116	0.0245	0.0494	0.0475	0.0019	0.1866	0.1640	0.0226	0.0398	0.0188	0.0210	0.0005	0.0005	0.0000	0.0393	0.0183	0.0210	inf	inf	0.0000	inf	inf	0.0000	0.0000	0.0000	0.0000	0.0000	0.0000	0.0000	0.0000	0.0000	0.0000	0.0000	0.0000	0.0000						
11	106	0.0559	3	2	1	1	0	0	0	0	0	Y	N	N	N	N	N	N	N	N	N	N	N	inf	inf	inf	inf	inf	inf	0.1777	0.1953	0.0000	0.2920	0.3000	0.0000	0.1260	0.1430	0.0000	0.0000	0.0000	0.0000	0.0000	0.0000	0.0000	0.0000	0.0000	0.0000	0.0000	-0.0101	0.0000	6.9996	0.7249	1.0001	0.0368	0.0388	0.0388	0.0000	0.0199	0.0199	0.0000	0.0189	0.0189	0.0000	0.0000	0.0000	0.0000	0.0000	0.0000	0.0000	0.0000	0.0000	0.0000	0.2183	0.1986	0.0197	0.0680	0.0662	0.0018	0.1503	0.1324	0.0179	0.0156	0.0074	0.0082	0.0003	0.0003	0.0000	0.0154	0.0072	0.0082	inf	inf	0.0000	inf	inf	0.0000	inf	inf	0.0000	0.0000	0.0000	0.0000	0.0000	0.0000	0.0000	0.0000	0.0000	0.0000				
11	107	0.0544	2	2	1	1	0	0	0	0	0	Y	N	N	N	N	N	N	N	N	N	N	N	inf	inf	inf	inf	inf	inf	inf	inf	inf	0.5881	0.6335	0.0183	1.0432	1.0663	0.0074	0.2864	0.3187	0.0198	0.0000	0.0000	0.0000	0.0000	0.0000	0.0000	0.0000	0.0000	0.0000	0.0023	-0.0236	0.0000	6.9996	0.4159	1.0001	0.0887	0.0914	0.0912	0.0002	0.0647	0.0646	0.0000	0.0268	0.0266	0.0002	0.0000	0.0000	0.0000	0.0000	0.0000	0.0000	0.0000	0.0000	0.0000	0.1555	0.1440	0.0115	0.0620	0.0606	0.0013	0.0935	0.0834	0.0101	0.0110	0.0054	0.0057	0.0005	0.0005	0.0000	0.0105	0.0049	0.0057	inf	inf	inf	inf	inf	inf	inf	inf	inf	0.0000	0.0000	0.0000	0.0000	0.0000	0.0000	0.0000	0.0000	0.0000	
11	109	0.6642	6	2	1	1	0	0	0	0	0	Y	N	N	N	N	N	N	N	N	N	N	N	0.0000	0.0000	0.0000	0.0000	0.0000	0.0000	0.0000	0.0000	0.0000	0.0000	0.0000	0.0000	0.0000	0.0000	0.0000	0.0000	0.0000	0.0000	0.0000	0.0000	6.9996	0.0000	1.0001	0.9909	0.0000	0.0000	0.0000	0.0000	0.0000	0.0000	0.0000	0.0000	0.0000	0.0000	0.0000	0.0000	0.0000	0.0000	0.0000	0.0000	0.0000	0.0000	0.0000	0.0000	0.0000	0.0000	0.0000	0.0000	0.0000	0.0000	0.0000	0.0107	0.0066	0.0041	0.0061	0.0052	0.0008	0.0047	0.0014	0.0033	0.0000	0.0000	0.0000	0.0000	0.0000	0.0000	0.0000	0.0000	0.0000	0.0000	0.0000	0.0000	0.0000	0.0000	0.0000	0.0000	0.0000	0.0000											
11	110	0.6355	5	2	1	1	0	0	0	0	0	Y	N	N	N	N	N	N	N	N	N	N	N	0.0000	0.0000	0.0000	0.0000	0.0000	0.0000	0.0000	0.0000	0.0000	0.0000	0.0000	0.0000	0.0000	0.0000	0.0000	0.0000	0.0000	0.0000	0.0000	0.0000	6.9996	4.0000	1.0001	0.0000	0.0000	0.0000	0.0000	0.0000	0.0000	0.0000	0.0000	0.0000	0.0000	0.0000	0.0000	0.0000	0.0000	0.0000	0.0000	0.0000	0.0000	0.0000	0.5404	0.4960	0.0443	0.3997	0.3752	0.0245	0.1406	0.1208	0.0199	0.0203	0.0113	0.0089	0.0100	0.0086	0.0015	0.0102	0.0028	0.0074	0.0000	0.0000	0.0000	0.0000	0.0000	0.0000	0.0000	0.0000	0.0000	0.0000	0.0000	0.0000	0.0000	0.0000	0.0000	0.0000	0.0000	0.0000											
11	112	0.1253	3	1	1	1	0	0	0	0	0	N	N	N	N	N	N	N	N	N	N	N	N	0.0000	0.0000	0.0000	0.0000	0.0000	0.0000	0.0000	0.0000	0.0000	0.0000	0.0000	0.0000	0.0000	0.0000	0.0000	0.0000	0.0000	0.0000	0.0000	0.0000	6.9996	0.0000	1.0001	0.0001	0.0000	0.0000	0.0000	0.0000	0.0000	0.0000	0.0000	0.0000	0.0000	0.0000	0.0000	0.0000	0.0000	0.0000	0.0000	0.0000	0.0000	0.0000	0.0000	0.0000	0.0000	0.0000	0.0000	0.0000	0.0000	0.0000	0.0000	0.0000	0.0000	0.0000	0.0000	0.0000	0.0000	0.0000	0.0000	0.0000	0.0000	0.0000	0.0000	0.0000	0.0000	0.0000	0.0000	0.0000	0.0000	0.0000	0.0000	0.0000	0.0000	0.0000	0.0000	0.0000	0.0000	0.0000											
11	113	0.0794	2	1	1	1	0	0	0	0	0	N	N	N	N	N	N	N	N	N	N	N	N	0.0000	0.0000	0.0000	0.0000	0.0000	0.0000	0.0000	0.0000	0.0000	0.0000	0.0000	0.0000	0.0000	0.0000	0.0000	0.0000	0.0000	0.0000	0.0000	0.0000	6.9996	4.0004	1.0001	4.9999	0.0000	0.0000	0.0000	0.0000	0.0000	0.0000	0.0000	0.0000	0.0000	0.0000	0.0000	0.0000	0.0000	0.0000	0.0000	0.0000	0.0000	0.0000	0.7937	0.7135	0.0801	0.3713	0.3480	0.0233	0.4224	0.3656	0.0568	0.1204	0.0503	0.0701	0.0010	0.0010	0.0000	0.1194	0.0494	0.0700	0.0000	0.0000	0.0000	0.0000	0.0000	0.0000	0.0000	0.0000	0.0000	0.0000	0.0000	0.0000	0.0000	0.0000	0.0000	0.0000	0.0000	0.0000											
11	114	0.6682	6	1	2	0	0	0	0	0	0	N	Y	N	N	N	N	N	N	N	N	N	N	5.3006	inf	74.5407	inf	inf	inf	7.4016	88.2247	0.0088	0.0000	0.0965	0.0000	0.0000	0.0004	0.0206	0.0000	0.1456	0.0017	0.0000	0.0013	0.0000	0.0000	0.0000	0.0028	0.0000	0.0017	807.0807	inf	0.0060	0.0000	6.9996	4.3361	1.0001	4.6323	0.0081	0.0000	0.0081	0.0000	0.0000	0.0000	0.0081	0.0000	0.0081	0.0000	0.0000	0.0000	0.0000	0.0000	0.0000	0.0000	0.0000	0.0000	0.9137	0.8301	0.0836	0.5216	0.4933	0.0282	0.3921	0.3368	0.0554	0.0856	0.0559	0.0297	0.0520	0.0456	0.0064	0.0336	0.0103	0.0233	19.6842	inf	74.5407	inf	inf	inf	17.9447	0.0000	88.2247	0.0004	0.0000	0.0013	0.0000	0.0000	0.0000	0.0011	0.0000	0.0017	
11	115	0.6355	5	1	1	0	0	0	0	0	0	N	N	N	N	N	N	N	N	N	N	N	N	inf	inf	inf	inf	0.0000	0.0000	0.0004	0.0000	0.0000	0.0000	0.0001	0.0000	0.0010	0.0000	0.0000	0.0000	0.0000	0.0000	0.0000	0.0000	0.0000	0.0000	inf	0.0000	0.0000	6.9996	1.9840	1.0001	0.2610	0.0000	0.0000	0.0000	0.0000	0.0000	0.0000	0.0000	0.0000	0.0000	0.0000	0.0000	0.0000	0.0000	0.0000	0.0000	0.0000	0.0000	0.0000	0.2841	0.2609	0.0232	0.2131	0.2000	0.0131	0.0710	0.0609	0.0101	0.0115	0.0065	0.0051	0.0057	0.0049	0.0008	0.0058	0.0016	0.0042	inf	0.0000	inf	0.0000	0.0000	0.0000	inf	0.0000	inf	0.0000	0.0000	0.0000	0.0000	0.0000	0.0000	0.0000	0.0000	0.0000						
11	116	0.0794	2	1	2	0	1	0	0	0	0	N	Y	N	N	N	N	N	N	N	N	N	N	inf	inf	inf	inf	inf	inf	inf	inf	3.1017	2.3011	10.1954	2.2411	2.3923	0.0000	3.8388	2.2166	14.3070	0.0000	0.0000	0.0000	0.0000	0.0000	0.0000	0.0000	0.0000	0.0000	0.5001	0.2195	0.0000	6.9996	5.0006	1.0001	2.0000	2.9998	1.9998	1.0000	1.0000	1.0000	0.0000	1.9998	0.9998	1.0000	0.0000	0.0000	0.0000	0.0000	0.0000	0.0000	0.0000	0.0000	0.0000	0.9671	0.8691	0.0981	0.4462	0.4180	0.0282	0.5209	0.4510	0.0699	0.0956	0.0398	0.0558	0.0008	0.0008	0.0000	0.0948	0.0391	0.0557	inf	inf	inf	inf	inf	0.0000	inf	inf	inf	0.0000	0.0000	0.0000	0.0000	0.0000	0.0000	0.0000	0.0000	0.0000		
11	117	0.6355	5	1	2	0	1	0	0	0	0	N	Y	N	N	N	N	N	N	N	N	N	N	0.0000	0.0000	0.0000	0.0000	0.0000	0.0000	0.0000	0.0000	0.0000	0.0000	0.0000	0.0000	0.0000	0.0000	0.0000	0.0000	0.0000	0.0000	0.0000	0.0000	6.9996	0.0000	1.0001	1.0000	0.0000	0.0000	0.0000	0.0000	0.0000	0.0000	0.0000	0.0000	0.0000	0.0000	0.0000	0.0000	0.0000	0.0000	0.0000	0.0000	0.0000	0.0000	0.0000	0.0000	0.0000	0.0000	0.0000	0.0000	0.0000	0.0000	0.0000	0.0072	0.0040	0.0032	0.0036	0.0031	0.0005	0.0036	0.0010	0.0027	0.0000	0.0000	0.0000	0.0000	0.0000	0.0000	0.0000	0.0000	0.0000	0.0000	0.0000	0.0000	0.0000	0.0000	0.0000	0.0000	0.0000	0.0000											
11	118	0.0794	2	1	2	0	0	0	0	0	0	N	Y	N	N	N	N	N	N	N	N	N	N	inf	inf	inf	inf	inf	inf	1.1796	0.4391	7.5302	0.0000	0.0000	0.0000	1.9660	0.7534	10.0763	0.0000	0.0000	0.0000	0.0000	0.0000	0.0000	0.0000	0.0000	0.0000	1.9999	1.2193	0.0000	6.9996	16.9994	1.0001	6.0000	2.9999	1.0000	1.9999	0.0000	0.0000	0.0000	2.9999	1.0000	1.9999	0.0000	0.0000	0.0000	0.0000	0.0000	0.0000	0.0000	0.0000	0.0000	2.5432	2.2776	0.2656	1.0173	0.9502	0.0671	1.5259	1.3274	0.1985	0.2681	0.1141	0.1540	0.0023	0.0022	0.0001	0.2658	0.1119	0.1539	inf	inf	inf	0.0000	0.0000	0.0000	inf	inf	inf	0.0000	0.0000	0.0000	0.0000	0.0000	0.0000	0.0000	0.0000	0.0000				
11	119	0.6355	5	1	2	0	0	0	0	0	0	N	Y	N	N	N	N	N	N	N	N	N	N	0.0000	0.0000	0.0000	0.0000	0.0000	0.0000	0.0000	0.0000	0.0000	0.0000	0.0000	0.0000	0.0000	0.0000	0.0000	0.0000	0.0000	0.0000	0.0000	0.0000	6.9996	5.0000	1.0001	6.0000	0.0000	0.0000	0.0000	0.0000	0.0000	0.0000	0.0000	0.0000	0.0000	0.0000	0.0000	0.0000	0.0000	0.0000	0.0000	0.0000	0.0000	0.0000	0.6570	0.6030	0.0540	0.4828	0.4532	0.0295	0.1742	0.1497	0.0245	0.0525	0.0294	0.0231	0.0260	0.0222	0.0038	0.0264	0.0072	0.0193	0.0000	0.0000	0.0000	0.0000	0.0000	0.0000	0.0000	0.0000	0.0000	0.0000	0.0000	0.0000	0.0000	0.0000	0.0000	0.0000	0.0000	0.0000											
11	120	0.6636	6	1	2	0	0	0	0	0	0	N	Y	N	N	N	N	N	N	N	N	N	N	inf	inf	inf	inf	0.0002	0.0002	0.0000	0.0003	0.0003	0.0000	0.0000	0.0000	0.0000	0.0000	0.0000	0.0000	0.0000	0.0000	0.0000	0.0000	0.0000	0.0000	0.0000	-0.0000	0.0000	6.9996	0.9998	1.0001	0.9486	0.0000	0.0000	0.0000	0.0000	0.0000	0.0000	0.0000	0.0000	0.0000	0.0000	0.0000	0.0000	0.0000	0.0000	0.0000	0.0000	0.0000	0.0000	0.1409	0.1291	0.0119	0.1053	0.0986	0.0068	0.0356	0.0305	0.0051	0.0198	0.0114	0.0084	0.0110	0.0096	0.0014	0.0088	0.0018	0.0070	inf	inf	0.0000	inf	inf	0.0000	0.0000	0.0000	0.0000	0.0000	0.0000	0.0000	0.0000	0.0000	0.0000	0.0000	0.0000	0.0000						
11	121	0.6355	5	1	2	0	0	0	0	0	0	N	Y	N	N	N	N	N	N	N	N	N	N	inf	inf	inf	inf	inf	inf	0.0000	0.0000	0.0003	0.0000	0.0000	0.0000	0.0002	0.0001	0.0007	0.0000	0.0000	0.0000	0.0000	0.0000	0.0000	0.0000	0.0000	0.0000	2.0000	0.0000	0.0000	6.9996	3.0005	1.0001	1.1085	0.0000	0.0000	0.0000	0.0000	0.0000	0.0000	0.0000	0.0000	0.0000	0.0000	0.0000	0.0000	0.0000	0.0000	0.0000	0.0000	0.0000	0.0000	0.7167	0.6577	0.0590	0.5247	0.4927	0.0321	0.1919	0.1650	0.0269	0.0372	0.0208	0.0164	0.0185	0.0158	0.0027	0.0187	0.0051	0.0137	inf	inf	inf	0.0000	0.0000	0.0000	inf	inf	inf	0.0000	0.0000	0.0000	0.0000	0.0000	0.0000	0.0000	0.0000	0.0000				
11	124	0.6691	6	1	2	0	0	0	0	0	0	N	Y	N	N	N	N	N	N	N	N	N	N	inf	inf	inf	inf	inf	inf	inf	inf	inf	0.9348	0.0246	10.9526	0.0293	0.0313	0.0018	4.0037	0.0000	28.5113	0.0000	0.0000	0.0000	0.0000	0.0000	0.0000	0.0000	0.0000	0.0000	40.4373	0.7245	0.0000	6.9996	3.9006	1.0001	3.1543	1.0123	0.0244	0.9879	0.0245	0.0244	0.0001	0.9878	0.0000	0.9878	0.0000	0.0000	0.0000	0.0000	0.0000	0.0000	0.0000	0.0000	0.0000	1.0829	0.9927	0.0902	0.8362	0.7806	0.0556	0.2467	0.2121	0.0346	0.0645	0.0380	0.0265	0.0339	0.0290	0.0049	0.0307	0.0091	0.0216	inf	inf	inf	inf	inf	inf	inf	inf	inf	0.0000	0.0000	0.0000	0.0000	0.0000	0.0000	0.0000	0.0000	0.0000	
11	125	0.6355	5	1	2	0	0	0	0	0	0	N	Y	N	N	N	N	N	N	N	N	N	N	inf	inf	inf	inf	inf	inf	inf	inf	inf	0.0842	0.0618	0.3361	0.0759	0.0808	0.0010	0.1083	0.0011	0.7579	0.0000	0.0000	0.0000	0.0000	0.0000	0.0000	0.0000	0.0000	0.0000	0.4854	0.0024	0.0000	6.9996	1.6924	1.0001	1.9110	0.0364	0.0245	0.0119	0.0244	0.0244	0.0000	0.0120	0.0001	0.0119	0.0000	0.0000	0.0000	0.0000	0.0000	0.0000	0.0000	0.0000	0.0000	0.4323	0.3969	0.0354	0.3217	0.3019	0.0197	0.1106	0.0949	0.0157	0.0329	0.0184	0.0145	0.0163	0.0139	0.0024	0.0166	0.0045	0.0121	inf	inf	inf	inf	inf	inf	inf	inf	inf	0.0000	0.0000	0.0000	0.0000	0.0000	0.0000	0.0000	0.0000	0.0000	
11	126	0.0794	2	1	2	0	0	0	0	0	0	N	Y	N	N	N	N	N	N	N	N	N	N	0.0000	0.0000	0.0000	0.0000	0.0000	0.0000	0.0000	0.0000	0.0000	0.0000	0.0000	0.0000	0.0000	0.0000	0.0000	0.0000	0.0000	0.0000	0.0000	0.0000	6.9996	0.9996	1.0001	8.0005	0.0000	0.0000	0.0000	0.0000	0.0000	0.0000	0.0000	0.0000	0.0000	0.0000	0.0000	0.0000	0.0000	0.0000	0.0000	0.0000	0.0000	0.0000	0.2152	0.1938	0.0214	0.1052	0.0987	0.0065	0.1100	0.0951	0.0149	0.1204	0.0503	0.0701	0.0010	0.0010	0.0000	0.1194	0.0494	0.0700	0.0000	0.0000	0.0000	0.0000	0.0000	0.0000	0.0000	0.0000	0.0000	0.0000	0.0000	0.0000	0.0000	0.0000	0.0000	0.0000	0.0000	0.0000											
11	127	0.2068	4	1	1	0	0	0	0	0	0	N	N	N	N	N	N	N	N	N	N	N	N	inf	inf	inf	inf	inf	inf	inf	inf	0.1927	0.0005	1.8818	0.0032	0.0008	0.0408	0.4135	0.0000	2.7368	0.0000	0.0000	0.0000	0.0000	0.0000	0.0000	0.0000	0.0000	0.0000	475.8770	0.1301	0.0000	6.9996	3.6536	1.0001	12.3970	0.1764	0.0004	0.1760	0.0016	0.0004	0.0012	0.1748	0.0000	0.1748	0.0000	0.0000	0.0000	0.0000	0.0000	0.0000	0.0000	0.0000	0.0000	0.9155	0.8220	0.0935	0.4927	0.4630	0.0297	0.4228	0.3590	0.0639	0.2344	0.1316	0.1028	0.0639	0.0591	0.0048	0.1705	0.0725	0.0980	inf	inf	inf	inf	inf	inf	inf	0.0000	inf	0.0000	0.0000	0.0000	0.0000	0.0000	0.0000	0.0000	0.0000	0.0000		
11	128	0.3852	4	1	1	0	0	0	0	0	0	N	N	N	N	N	N	N	N	N	N	N	N	0.0919	inf	0.0000	0.4097	inf	0.0000	0.0661	inf	0.0000	0.0986	0.1105	0.0000	0.1217	0.1329	0.0000	0.0674	0.0782	0.0000	1.0729	0.0000	0.6638	0.2970	0.0000	0.4330	1.0191	0.0000	0.3398	0.0000	inf	-0.0358	0.0102	6.9996	5.3495	1.0001	12.4099	0.1376	0.1376	0.0000	0.0977	0.0977	0.0000	0.0399	0.0399	0.0000	0.0212	0.0000	0.0212	0.0035	0.0000	0.0035	0.0177	0.0000	0.0177	1.3945	1.2449	0.1496	0.8028	0.7350	0.0678	0.5918	0.5099	0.0818	0.3671	0.2348	0.1323	0.1907	0.1628	0.0278	0.1765	0.0720	0.1045	1.7051	inf	0.0000	6.6480	inf	0.0000	0.6700	inf	0.0000	0.0579	0.0000	0.1605	0.0183	0.0000	0.1254	0.1006	0.0000	0.1699
11	129	0.1909	8	1	2	0	1	0	0	0	0	N	Y	N	N	N	N	N	N	N	N	N	N	0.0000	0.0000	0.0000	0.0000	0.0000	0.0000	0.0000	0.0000	0.0000	0.0000	0.0000	0.0000	0.0000	0.0000	0.0000	0.0000	0.0000	0.0000	0.0000	0.0000	6.9996	0.0000	1.0001	0.0000	0.0000	0.0000	0.0000	0.0000	0.0000	0.0000	0.0000	0.0000	0.0000	0.0000	0.0000	0.0000	0.0000	0.0000	0.0000	0.0000	0.0000	0.0000	0.0000	0.0000	0.0000	0.0000	0.0000	0.0000	0.0000	0.0000	0.0000	0.0000	0.0000	0.0000	0.0000	0.0000	0.0000	0.0000	0.0000	0.0000	0.0000	0.0000	0.0000	0.0000	0.0000	0.0000	0.0000	0.0000	0.0000	0.0000	0.0000	0.0000	0.0000	0.0000	0.0000	0.0000	0.0000	0.0000											
11	130	0.1746	7	1	2	0	1	0	0	0	0	N	Y	N	N	N	N	N	N	N	N	N	N	0.0000	0.0000	0.0000	0.0000	0.0000	0.0000	0.0000	0.0000	0.0000	0.0000	0.0000	0.0000	0.0000	0.0000	0.0000	0.0000	0.0000	0.0000	0.0000	0.0000	6.9996	0.0000	1.0001	3.0001	0.0000	0.0000	0.0000	0.0000	0.0000	0.0000	0.0000	0.0000	0.0000	0.0000	0.0000	0.0000	0.0000	0.0000	0.0000	0.0000	0.0000	0.0000	0.0000	0.0000	0.0000	0.0000	0.0000	0.0000	0.0000	0.0000	0.0000	0.0384	0.0161	0.0223	0.0010	0.0010	0.0000	0.0373	0.0151	0.0223	0.0000	0.0000	0.0000	0.0000	0.0000	0.0000	0.0000	0.0000	0.0000	0.0000	0.0000	0.0000	0.0000	0.0000	0.0000	0.0000	0.0000	0.0000											
11	131	0.1649	6	1	2	0	0	0	0	0	0	N	Y	N	N	N	N	N	N	N	N	N	N	0.0000	0.0000	0.0000	0.0000	0.0000	0.0000	0.0000	0.0000	0.0000	0.0000	0.0000	0.0000	0.0000	0.0000	0.0000	0.0000	0.0000	0.0000	0.0000	0.0000	6.9996	0.0000	1.0001	0.0000	0.0000	0.0000	0.0000	0.0000	0.0000	0.0000	0.0000	0.0000	0.0000	0.0000	0.0000	0.0000	0.0000	0.0000	0.0000	0.0000	0.0000	0.0000	0.0000	0.0000	0.0000	0.0000	0.0000	0.0000	0.0000	0.0000	0.0000	0.0000	0.0000	0.0000	0.0000	0.0000	0.0000	0.0000	0.0000	0.0000	0.0000	0.0000	0.0000	0.0000	0.0000	0.0000	0.0000	0.0000	0.0000	0.0000	0.0000	0.0000	0.0000	0.0000	0.0000	0.0000	0.0000	0.0000											
11	132	0.1746	7	1	1	1	1	0	0	0	0	N	N	N	N	N	N	N	N	N	N	N	N	0.0000	0.0000	0.0000	0.0000	0.0000	0.0000	0.0000	0.0000	0.0000	0.0000	0.0000	0.0000	0.0000	0.0000	0.0000	0.0000	0.0000	0.0000	0.0000	0.0000	6.9996	0.0000	1.0001	1.9999	0.0000	0.0000	0.0000	0.0000	0.0000	0.0000	0.0000	0.0000	0.0000	0.0000	0.0000	0.0000	0.0000	0.0000	0.0000	0.0000	0.0000	0.0000	0.0000	0.0000	0.0000	0.0000	0.0000	0.0000	0.0000	0.0000	0.0000	0.0262	0.0112	0.0151	0.0009	0.0009	0.0000	0.0253	0.0103	0.0150	0.0000	0.0000	0.0000	0.0000	0.0000	0.0000	0.0000	0.0000	0.0000	0.0000	0.0000	0.0000	0.0000	0.0000	0.0000	0.0000	0.0000	0.0000											
11	133	0.1856	8	1	1	1	1	0	0	0	0	N	N	N	N	N	N	N	N	N	N	N	N	inf	inf	inf	inf	4.6561	0.0000	45.1978	0.0000	0.0000	0.0000	10.2729	0.0000	74.2738	0.0000	0.0000	0.0000	0.0000	0.0000	0.0000	0.0000	0.0000	0.0000	inf	0.7398	0.0000	6.9996	1.0000	1.0001	0.0000	1.0000	0.0000	1.0000	0.0000	0.0000	0.0000	1.0000	0.0000	1.0000	0.0000	0.0000	0.0000	0.0000	0.0000	0.0000	0.0000	0.0000	0.0000	0.2148	0.1926	0.0221	0.1174	0.1088	0.0087	0.0973	0.0839	0.0135	0.0128	0.0052	0.0075	0.0017	0.0011	0.0006	0.0111	0.0042	0.0069	inf	0.0000	inf	0.0000	0.0000	0.0000	inf	0.0000	inf	0.0000	0.0000	0.0000	0.0000	0.0000	0.0000	0.0000	0.0000	0.0000						
11	134	0.1856	8	1	1	1	1	0	0	0	0	N	N	N	N	N	N	N	N	N	N	N	N	0.0000	0.0000	0.0000	0.0000	0.0000	0.0000	0.0000	0.0000	0.0000	0.0000	0.0000	0.0000	0.0000	0.0000	0.0000	0.0000	0.0000	0.0000	0.0000	0.0000	6.9996	0.0000	1.0001	0.0000	0.0000	0.0000	0.0000	0.0000	0.0000	0.0000	0.0000	0.0000	0.0000	0.0000	0.0000	0.0000	0.0000	0.0000	0.0000	0.0000	0.0000	0.0000	0.0000	0.0000	0.0000	0.0000	0.0000	0.0000	0.0000	0.0000	0.0000	0.0000	0.0000	0.0000	0.0000	0.0000	0.0000	0.0000	0.0000	0.0000	0.0000	0.0000	0.0000	0.0000	0.0000	0.0000	0.0000	0.0000	0.0000	0.0000	0.0000	0.0000	0.0000	0.0000	0.0000	0.0000	0.0000	0.0000											
11	135	0.1746	7	1	1	1	1	0	0	0	0	N	N	N	N	N	N	N	N	N	N	N	N	0.0000	0.0000	0.0000	0.0000	0.0000	0.0000	0.0000	0.0000	0.0000	0.0000	0.0000	0.0000	0.0000	0.0000	0.0000	0.0000	0.0000	0.0000	0.0000	0.0000	6.9996	2.0025	1.0001	0.9943	0.0000	0.0000	0.0000	0.0000	0.0000	0.0000	0.0000	0.0000	0.0000	0.0000	0.0000	0.0000	0.0000	0.0000	0.0000	0.0000	0.0000	0.0000	0.4232	0.3794	0.0438	0.2238	0.2073	0.0165	0.1994	0.1721	0.0273	0.0383	0.0161	0.0223	0.0010	0.0010	0.0000	0.0373	0.0151	0.0222	0.0000	0.0000	0.0000	0.0000	0.0000	0.0000	0.0000	0.0000	0.0000	0.0000	0.0000	0.0000	0.0000	0.0000	0.0000	0.0000	0.0000	0.0000											
11	136	0.1746	6	1	1	0	1	0	0	0	0	N	N	N	N	N	N	N	N	N	N	N	N	0.0000	0.0000	0.0000	0.0000	0.0000	0.0000	0.0000	0.0000	0.0000	0.0000	0.0000	0.0000	0.0000	0.0000	0.0000	0.0000	0.0000	0.0000	0.0000	0.0000	6.9996	0.0050	1.0001	0.0173	0.0000	0.0000	0.0000	0.0000	0.0000	0.0000	0.0000	0.0000	0.0000	0.0000	0.0000	0.0000	0.0000	0.0000	0.0000	0.0000	0.0000	0.0000	0.0023	0.0021	0.0002	0.0018	0.0017	0.0001	0.0005	0.0004	0.0001	0.0015	0.0012	0.0003	0.0006	0.0006	0.0000	0.0009	0.0006	0.0003	0.0000	0.0000	0.0000	0.0000	0.0000	0.0000	0.0000	0.0000	0.0000	0.0000	0.0000	0.0000	0.0000	0.0000	0.0000	0.0000	0.0000	0.0000											
11	137	0.1649	5	1	1	0	1	0	0	0	0	N	N	N	N	N	N	N	N	N	N	N	N	0.0000	0.0000	0.0000	0.0000	0.0000	0.0000	0.0000	0.0000	0.0000	0.0000	0.0000	0.0000	0.0000	0.0000	0.0000	0.0000	0.0000	0.0000	0.0000	0.0000	6.9996	1.9972	1.0001	1.0076	0.0000	0.0000	0.0000	0.0000	0.0000	0.0000	0.0000	0.0000	0.0000	0.0000	0.0000	0.0000	0.0000	0.0000	0.0000	0.0000	0.0000	0.0000	0.3955	0.3542	0.0413	0.2009	0.1864	0.0146	0.1945	0.1678	0.0267	0.0355	0.0142	0.0212	0.0004	0.0004	0.0000	0.0350	0.0138	0.0212	0.0000	0.0000	0.0000	0.0000	0.0000	0.0000	0.0000	0.0000	0.0000	0.0000	0.0000	0.0000	0.0000	0.0000	0.0000	0.0000	0.0000	0.0000											
11	138	0.1476	4	2	2	0	0	0	0	0	0	Y	Y	N	N	N	N	N	N	N	N	N	N	inf	inf	inf	inf	0.8170	0.9242	0.0000	2.2937	2.3256	0.0000	0.0000	0.0000	0.0000	0.0000	0.0000	0.0000	0.0000	0.0000	0.0000	0.0000	0.0000	0.0000	0.0000	-0.0000	0.0000	6.9996	0.0002	1.0001	2.3255	0.0001	0.0001	0.0000	0.0001	0.0001	0.0000	0.0000	0.0000	0.0000	0.0000	0.0000	0.0000	0.0000	0.0000	0.0000	0.0000	0.0000	0.0000	0.0001	0.0001	0.0000	0.0000	0.0000	0.0000	0.0001	0.0001	0.0000	0.0423	0.0224	0.0199	0.0066	0.0064	0.0003	0.0356	0.0160	0.0196	inf	inf	0.0000	inf	inf	0.0000	0.0000	0.0000	0.0000	0.0000	0.0000	0.0000	0.0000	0.0000	0.0000	0.0000	0.0000	0.0000						
11	139	0.1298	3	2	2	0	0	0	0	0	0	Y	Y	N	N	N	N	N	N	N	N	N	N	inf	inf	inf	inf	inf	inf	inf	inf	2.3933	2.6660	0.0007	6.5998	6.9918	0.0000	0.0018	0.0019	0.0009	0.0000	0.0000	0.0000	0.0000	0.0000	0.0000	0.0000	0.0000	0.0000	0.0000	-0.2609	0.0000	6.9996	2.0138	1.0001	2.7349	1.0030	1.0030	0.0000	1.0025	1.0025	0.0000	0.0005	0.0004	0.0000	0.0000	0.0000	0.0000	0.0000	0.0000	0.0000	0.0000	0.0000	0.0000	0.4191	0.3762	0.0429	0.1519	0.1434	0.0085	0.2672	0.2328	0.0344	0.0968	0.0499	0.0469	0.0191	0.0183	0.0009	0.0777	0.0316	0.0460	inf	inf	inf	inf	inf	0.0000	inf	inf	inf	0.0000	0.0000	0.0000	0.0000	0.0000	0.0000	0.0000	0.0000	0.0000		
11	140	0.1463	4	1	2	0	0	0	0	0	0	N	Y	N	N	N	N	N	N	N	N	N	N	inf	inf	inf	inf	inf	inf	0.0035	0.0040	0.0000	0.0001	0.0001	0.0000	0.0073	0.0083	0.0000	0.0000	0.0000	0.0000	0.0000	0.0000	0.0000	0.0000	0.0000	0.0000	0.0000	-0.0005	0.0000	6.9996	1.9232	1.0001	1.1116	0.0018	0.0018	0.0000	0.0000	0.0000	0.0000	0.0018	0.0018	0.0000	0.0000	0.0000	0.0000	0.0000	0.0000	0.0000	0.0000	0.0000	0.0000	0.5286	0.4677	0.0609	0.2793	0.2475	0.0319	0.2493	0.2202	0.0291	0.0437	0.0198	0.0239	0.0033	0.0031	0.0002	0.0404	0.0167	0.0237	inf	inf	0.0000	inf	inf	0.0000	inf	inf	0.0000	0.0000	0.0000	0.0000	0.0000	0.0000	0.0000	0.0000	0.0000	0.0000				
11	141	0.6548	6	1	2	0	0	0	0	0	0	N	Y	N	N	N	N	N	N	N	N	N	N	0.0000	0.0000	0.0000	0.0000	0.0000	0.0000	0.0000	0.0000	0.0000	0.0000	0.0000	0.0000	0.0000	0.0000	0.0000	0.0000	0.0000	0.0000	0.0000	0.0000	6.9996	3.0000	1.0001	1.0000	0.0000	0.0000	0.0000	0.0000	0.0000	0.0000	0.0000	0.0000	0.0000	0.0000	0.0000	0.0000	0.0000	0.0000	0.0000	0.0000	0.0000	0.0000	0.7849	0.7190	0.0659	0.5931	0.5541	0.0389	0.1919	0.1649	0.0269	0.0363	0.0204	0.0160	0.0181	0.0154	0.0026	0.0183	0.0049	0.0133	0.0000	0.0000	0.0000	0.0000	0.0000	0.0000	0.0000	0.0000	0.0000	0.0000	0.0000	0.0000	0.0000	0.0000	0.0000	0.0000	0.0000	0.0000											
11	142	0.6355	5	1	1	0	0	0	0	0	0	N	N	N	N	N	N	N	N	N	N	N	N	0.0000	0.0000	0.0000	0.0000	0.0000	0.0000	0.0000	0.0000	0.0000	0.0000	0.0000	0.0000	0.0000	0.0000	0.0000	0.0000	0.0000	0.0000	0.0000	0.0000	6.9996	1.0000	1.0001	1.0000	0.0000	0.0000	0.0000	0.0000	0.0000	0.0000	0.0000	0.0000	0.0000	0.0000	0.0000	0.0000	0.0000	0.0000	0.0000	0.0000	0.0000	0.0000	0.2652	0.2435	0.0216	0.1991	0.1868	0.0122	0.0661	0.0567	0.0094	0.0187	0.0105	0.0082	0.0093	0.0079	0.0014	0.0094	0.0025	0.0069	0.0000	0.0000	0.0000	0.0000	0.0000	0.0000	0.0000	0.0000	0.0000	0.0000	0.0000	0.0000	0.0000	0.0000	0.0000	0.0000	0.0000	0.0000											
11	143	0.3852	4	1	1	0	0	0	0	0	0	N	N	N	N	N	N	N	N	N	N	N	N	1.1438	inf	0.0000	3.5575	inf	0.0000	1.4021	inf	0.0000	1.2137	1.3594	0.0000	1.0537	1.1489	0.0000	1.4101	1.6339	0.0000	1.0612	0.0000	0.6537	0.2962	0.0000	0.4156	1.0057	0.0000	0.3140	0.0000	inf	-0.5168	0.0102	6.9996	7.1211	1.0001	10.9474	1.9861	1.9861	0.0000	0.9503	0.9503	0.0000	1.0358	1.0358	0.0000	0.0212	0.0000	0.0212	0.0035	0.0000	0.0035	0.0177	0.0000	0.0177	1.6364	1.4611	0.1753	0.9018	0.8271	0.0747	0.7346	0.6340	0.1006	0.3691	0.2358	0.1332	0.1913	0.1633	0.0279	0.1778	0.0725	0.1053	21.0894	inf	0.0000	57.7487	inf	0.0000	14.1249	inf	0.0000	0.0576	0.0000	0.1594	0.0182	0.0000	0.1250	0.0998	0.0000	0.1686
11	144	0.1904	3	1	1	0	0	0	0	0	0	N	N	N	N	N	N	N	N	N	N	N	N	0.2270	0.9299	0.0033	inf	inf	inf	0.3029	0.8143	0.0046	0.6492	0.7200	0.0447	0.1468	0.1569	0.0115	1.1518	1.3305	0.0611	2.8593	0.7743	13.4881	0.0000	0.0000	0.0000	3.8021	1.6339	13.3344	0.0073	280.4441	-0.2702	0.4661	6.9996	8.5175	1.0001	23.1696	1.0681	1.0604	0.0077	0.1208	0.1202	0.0007	0.9473	0.9402	0.0071	0.9822	0.0035	0.9788	0.0000	0.0000	0.0000	0.9822	0.0035	0.9788	1.6452	1.4727	0.1725	0.8228	0.7660	0.0568	0.8224	0.7067	0.1158	0.3766	0.1908	0.1858	0.0819	0.0740	0.0078	0.2947	0.1168	0.1779	0.2489	39.3628	0.0085	inf	inf	inf	0.3456	44.5106	0.0111	2.6085	0.0183	5.2689	0.0000	0.0000	0.0000	3.3331	0.0299	5.5006
11	145	0.1649	6	2	2	0	0	0	0	0	0	Y	Y	N	N	N	N	N	N	N	N	N	N	inf	inf	inf	inf	4.9169	0.0000	47.2507	0.0000	0.0000	0.0000	10.1230	0.0000	73.5324	0.0000	0.0000	0.0000	0.0000	0.0000	0.0000	0.0000	0.0000	0.0000	inf	0.7397	0.0000	6.9996	1.0000	1.0001	1.0000	0.9999	0.0000	0.9999	0.0000	0.0000	0.0000	0.9999	0.0000	0.9999	0.0000	0.0000	0.0000	0.0000	0.0000	0.0000	0.0000	0.0000	0.0000	0.2034	0.1822	0.0212	0.1046	0.0970	0.0076	0.0988	0.0852	0.0136	0.0239	0.0096	0.0143	0.0003	0.0003	0.0000	0.0236	0.0093	0.0143	inf	0.0000	inf	0.0000	0.0000	0.0000	inf	0.0000	inf	0.0000	0.0000	0.0000	0.0000	0.0000	0.0000	0.0000	0.0000	0.0000						
11	146	0.1649	5	1	2	0	0	0	0	0	0	N	Y	N	N	N	N	N	N	N	N	N	N	0.0000	0.0000	0.0000	0.0000	0.0000	0.0000	0.0000	0.0000	0.0000	0.0000	0.0000	0.0000	0.0000	0.0000	0.0000	0.0000	0.0000	0.0000	0.0000	0.0000	6.9996	0.0003	1.0001	0.0000	0.0000	0.0000	0.0000	0.0000	0.0000	0.0000	0.0000	0.0000	0.0000	0.0000	0.0000	0.0000	0.0000	0.0000	0.0000	0.0000	0.0000	0.0000	0.0002	0.0002	0.0000	0.0001	0.0001	0.0000	0.0000	0.0000	0.0000	0.0000	0.0000	0.0000	0.0000	0.0000	0.0000	0.0000	0.0000	0.0000	0.0000	0.0000	0.0000	0.0000	0.0000	0.0000	0.0000	0.0000	0.0000	0.0000	0.0000	0.0000	0.0000	0.0000	0.0000	0.0000	0.0000	0.0000											
11	147	0.1463	4	1	1	0	0	0	0	0	0	N	N	N	N	N	N	N	N	N	N	N	N	inf	inf	inf	inf	inf	inf	0.0019	0.0021	0.0000	0.0001	0.0001	0.0000	0.0034	0.0039	0.0000	0.0000	0.0000	0.0000	0.0000	0.0000	0.0000	0.0000	0.0000	0.0000	0.0000	-0.0005	0.0000	6.9996	4.9449	1.0001	1.0063	0.0018	0.0018	0.0000	0.0000	0.0000	0.0000	0.0018	0.0018	0.0000	0.0000	0.0000	0.0000	0.0000	0.0000	0.0000	0.0000	0.0000	0.0000	0.9806	0.8691	0.1116	0.4473	0.4036	0.0437	0.5334	0.4655	0.0679	0.0784	0.0343	0.0441	0.0037	0.0035	0.0002	0.0748	0.0309	0.0439	inf	inf	0.0000	inf	inf	0.0000	inf	inf	0.0000	0.0000	0.0000	0.0000	0.0000	0.0000	0.0000	0.0000	0.0000	0.0000				
11	148	0.1298	3	1	1	0	0	0	0	0	0	N	N	N	N	N	N	N	N	N	N	N	N	inf	inf	inf	inf	inf	inf	inf	inf	inf	1.5432	1.7258	0.0013	0.0005	0.0005	0.0000	2.3584	2.7073	0.0017	0.0000	0.0000	0.0000	0.0000	0.0000	0.0000	0.0000	0.0000	0.0000	0.0001	-0.2591	0.0000	6.9996	3.4778	1.0001	1.2917	0.9962	0.9961	0.0001	0.0001	0.0001	0.0000	0.9961	0.9960	0.0001	0.0000	0.0000	0.0000	0.0000	0.0000	0.0000	0.0000	0.0000	0.0000	0.6456	0.5772	0.0684	0.2232	0.2093	0.0139	0.4224	0.3679	0.0545	0.0970	0.0500	0.0470	0.0191	0.0183	0.0009	0.0779	0.0318	0.0462	inf	inf	inf	inf	inf	inf	inf	inf	inf	0.0000	0.0000	0.0000	0.0000	0.0000	0.0000	0.0000	0.0000	0.0000	
11	149	0.0794	2	1	1	0	0	0	0	0	0	N	N	N	N	N	N	N	N	N	N	N	N	inf	inf	inf	inf	inf	inf	inf	inf	0.7104	0.7914	0.0005	0.0001	0.0001	0.0000	1.2787	1.4751	0.0007	0.0000	0.0000	0.0000	0.0000	0.0000	0.0000	0.0000	0.0000	0.0000	0.0001	-0.2607	0.0000	6.9996	7.8050	1.0001	4.0035	1.0023	1.0022	0.0001	0.0001	0.0001	0.0000	1.0022	1.0021	0.0001	0.0000	0.0000	0.0000	0.0000	0.0000	0.0000	0.0000	0.0000	0.0000	1.4109	1.2664	0.1446	0.6272	0.5870	0.0402	0.7838	0.6794	0.1044	0.1536	0.0644	0.0891	0.0013	0.0012	0.0001	0.1523	0.0632	0.0891	inf	inf	inf	inf	inf	0.0000	inf	inf	inf	0.0000	0.0000	0.0000	0.0000	0.0000	0.0000	0.0000	0.0000	0.0000		
11	150	0.2068	4	1	1	0	0	0	0	0	0	N	N	N	N	N	N	N	N	N	N	N	N	inf	inf	inf	inf	inf	inf	inf	inf	0.1901	0.0004	1.8558	0.0032	0.0008	0.0401	0.4076	0.0000	2.7029	0.0000	0.0000	0.0000	0.0000	0.0000	0.0000	0.0000	0.0000	0.0000	475.8770	0.1301	0.0000	6.9996	3.7255	1.0001	14.1767	0.1764	0.0004	0.1760	0.0016	0.0004	0.0012	0.1748	0.0000	0.1748	0.0000	0.0000	0.0000	0.0000	0.0000	0.0000	0.0000	0.0000	0.0000	0.9282	0.8333	0.0949	0.4993	0.4691	0.0302	0.4289	0.3642	0.0647	0.2498	0.1393	0.1105	0.0662	0.0610	0.0052	0.1836	0.0783	0.1053	inf	inf	inf	inf	inf	inf	inf	0.0000	inf	0.0000	0.0000	0.0000	0.0000	0.0000	0.0000	0.0000	0.0000	0.0000		
11	151	0.1904	3	1	1	0	0	0	0	0	0	N	N	N	N	N	N	N	N	N	N	N	N	inf	inf	inf	inf	inf	inf	inf	inf	inf	1.7037	0.0228	16.3415	0.0405	0.0347	0.1561	3.5922	0.0075	21.6877	0.0000	0.0000	0.0000	0.0000	0.0000	0.0000	0.0000	0.0000	0.0000	82.2261	0.5884	0.0000	6.9996	1.4205	1.0001	4.0377	0.8085	0.0097	0.7988	0.0102	0.0083	0.0019	0.7983	0.0014	0.7969	0.0000	0.0000	0.0000	0.0000	0.0000	0.0000	0.0000	0.0000	0.0000	0.4745	0.4257	0.0489	0.2523	0.2402	0.0121	0.2222	0.1855	0.0367	0.1537	0.0885	0.0652	0.0545	0.0524	0.0021	0.0992	0.0361	0.0631	inf	inf	inf	inf	inf	inf	inf	inf	inf	0.0000	0.0000	0.0000	0.0000	0.0000	0.0000	0.0000	0.0000	0.0000	
11	152	0.0794	2	1	1	0	0	0	0	0	0	N	N	N	N	N	N	N	N	N	N	N	N	inf	inf	inf	inf	inf	inf	inf	inf	0.8543	0.9228	0.2513	1.8279	1.9522	0.0000	0.0503	0.0041	0.3502	0.0000	0.0000	0.0000	0.0000	0.0000	0.0000	0.0000	0.0000	0.0000	0.0309	-0.2374	0.0000	6.9996	6.4701	1.0001	12.4371	1.0312	1.0003	0.0309	0.9979	0.9979	0.0000	0.0333	0.0023	0.0309	0.0000	0.0000	0.0000	0.0000	0.0000	0.0000	0.0000	0.0000	0.0000	1.2070	1.0839	0.1231	0.5459	0.5112	0.0348	0.6611	0.5727	0.0884	0.2292	0.0971	0.1321	0.0020	0.0019	0.0001	0.2272	0.0952	0.1320	inf	inf	inf	inf	inf	0.0000	inf	inf	inf	0.0000	0.0000	0.0000	0.0000	0.0000	0.0000	0.0000	0.0000	0.0000		
12	13	0.6533	10	2	0	2	0	0	0	0	0	Y	N	Y	N	N	N	N	N	N	N	N	N	0.0000	0.0000	0.0000	0.0000	0.0000	0.0000	0.0000	0.0000	0.0000	0.0000	0.0000	0.0000	0.0000	0.0000	0.0000	0.0000	0.0000	0.0000	0.0000	0.0000	0.0000	0.0000	1.0091	0.0000	0.0000	0.0000	0.0000	0.0000	0.0000	0.0000	0.0000	0.0000	0.0000	0.0000	0.0000	0.0000	0.0000	0.0000	0.0000	0.0000	0.0000	0.0000	0.0000	0.0000	0.0000	0.0000	0.0000	0.0000	0.0000	0.0000	0.0000	0.0000	0.0000	0.0000	0.0000	0.0000	0.0000	0.0000	0.0000	0.0000	0.0000	0.0000	0.0000	0.0000	0.0000	0.0000	0.0000	0.0000	0.0000	0.0000	0.0000	0.0000	0.0000	0.0000	0.0000	0.0000	0.0000	0.0000											
12	14	0.6533	9	2	0	2	0	0	0	0	0	Y	N	Y	N	N	N	N	N	N	N	N	N	0.0000	0.0000	0.0000	0.0000	0.0000	0.0000	0.0000	0.0000	0.0000	0.0000	0.0000	0.0000	0.0000	0.0000	0.0000	0.0000	0.0000	0.0000	0.0000	0.0000	0.0000	0.0000	1.0091	0.0000	0.0000	0.0000	0.0000	0.0000	0.0000	0.0000	0.0000	0.0000	0.0000	0.0000	0.0000	0.0000	0.0000	0.0000	0.0000	0.0000	0.0000	0.0000	0.0000	0.0000	0.0000	0.0000	0.0000	0.0000	0.0000	0.0000	0.0000	0.0000	0.0000	0.0000	0.0000	0.0000	0.0000	0.0000	0.0000	0.0000	0.0000	0.0000	0.0000	0.0000	0.0000	0.0000	0.0000	0.0000	0.0000	0.0000	0.0000	0.0000	0.0000	0.0000	0.0000	0.0000	0.0000	0.0000											
12	15	0.0831	4	2	1	1	1	0	0	0	0	Y	N	N	N	N	N	N	N	N	N	N	N	0.0000	0.0000	0.0000	0.0000	0.0000	0.0000	0.0000	0.0000	0.0000	0.0000	0.0000	0.0000	0.0000	0.0000	0.0000	0.0000	0.0000	0.0000	0.0000	0.0000	0.0000	1.0049	1.0091	0.9915	0.0000	0.0000	0.0000	0.0000	0.0000	0.0000	0.0000	0.0000	0.0000	0.0000	0.0000	0.0000	0.0000	0.0000	0.0000	0.0000	0.0000	0.0000	0.0000	0.0000	0.0000	0.0000	0.0000	0.0000	0.0000	0.0000	0.0000	0.0046	0.0013	0.0033	0.0000	0.0000	0.0000	0.0045	0.0013	0.0033	0.0000	0.0000	0.0000	0.0000	0.0000	0.0000	0.0000	0.0000	0.0000	0.0000	0.0000	0.0000	0.0000	0.0000	0.0000	0.0000	0.0000	0.0000											
12	16	0.6860	9	2	1	1	1	0	0	0	0	Y	N	N	N	N	N	N	N	N	N	N	N	0.5165	10.6653	2.9009	15.6031	0.0000	0.0000	0.0067	0.0000	0.0513	0.0137	0.0000	0.6393	0.0000	0.0000	0.0000	0.0130	0.0000	0.0048	0.0047	0.0000	0.0410	0.0029	0.0000	0.0026	inf	inf	0.0000	0.0000	0.0000	2.0025	1.0091	0.0085	0.0000	0.0000	0.0000	0.0000	0.0000	0.0000	0.0000	0.0000	0.0000	0.0000	0.0000	0.0000	0.0000	0.0000	0.0000	0.0000	0.0000	0.0000	0.0000	0.0000	0.0000	0.0000	0.0000	0.0000	0.0000	0.0000	0.0000	0.0060	0.0040	0.0019	0.0022	0.0020	0.0002	0.0037	0.0020	0.0017	4.7122	0.0000	11.6329	7.3935	0.0000	35.5056	0.0000	0.0000	0.0000	0.0014	0.0000	0.0044	0.0019	0.0000	0.0180	0.0012	0.0000	0.0026			
12	17	0.0121	3	2	0	2	0	0	0	0	0	Y	N	Y	N	N	N	N	N	N	N	N	N	0.0000	0.0000	0.0000	0.0000	0.0000	0.0000	0.0000	0.0000	0.0000	0.0000	0.0000	0.0000	0.0000	0.0000	0.0000	0.0000	0.0000	0.0000	0.0000	0.0000	0.0000	0.0000	1.0091	0.0000	0.0000	0.0000	0.0000	0.0000	0.0000	0.0000	0.0000	0.0000	0.0000	0.0000	0.0000	0.0000	0.0000	0.0000	0.0000	0.0000	0.0000	0.0000	0.0000	0.0000	0.0000	0.0000	0.0000	0.0000	0.0000	0.0000	0.0000	0.0000	0.0000	0.0000	0.0000	0.0000	0.0000	0.0000	0.0000	0.0000	0.0000	0.0000	0.0000	0.0000	0.0000	0.0000	0.0000	0.0000	0.0000	0.0000	0.0000	0.0000	0.0000	0.0000	0.0000	0.0000	0.0000	0.0000											
12	18	0.6366	6	1	0	2	0	0	0	0	0	N	N	Y	N	N	N	N	N	N	N	N	N	0.0000	0.0000	0.0000	0.0000	0.0000	0.0000	0.0000	0.0000	0.0000	0.0000	0.0000	0.0000	0.0000	0.0000	0.0000	0.0000	0.0000	0.0000	0.0000	0.0000	0.0000	0.0000	1.0091	0.0000	0.0000	0.0000	0.0000	0.0000	0.0000	0.0000	0.0000	0.0000	0.0000	0.0000	0.0000	0.0000	0.0000	0.0000	0.0000	0.0000	0.0000	0.0000	0.0000	0.0000	0.0000	0.0000	0.0000	0.0000	0.0000	0.0000	0.0000	0.0000	0.0000	0.0000	0.0000	0.0000	0.0000	0.0000	0.0000	0.0000	0.0000	0.0000	0.0000	0.0000	0.0000	0.0000	0.0000	0.0000	0.0000	0.0000	0.0000	0.0000	0.0000	0.0000	0.0000	0.0000	0.0000	0.0000											
12	19	0.0347	2	2	1	1	0	0	0	0	0	Y	N	N	N	N	N	N	N	N	N	N	N	inf	inf	inf	inf	1.4430	0.0000	14.0681	0.0000	0.0000	0.0000	2.8582	0.0000	14.3841	0.0000	0.0000	0.0000	0.0000	0.0000	0.0000	0.0000	0.0000	0.0000	inf	0.0000	0.0000	0.0000	3.0000	1.0091	0.0000	0.0000	0.0000	0.0000	0.0000	0.0000	0.0000	0.0000	0.0000	0.0000	0.0000	0.0000	0.0000	0.0000	0.0000	0.0000	0.0000	0.0000	0.0000	0.0000	0.0000	0.0000	0.0000	0.0000	0.0000	0.0000	0.0000	0.0000	0.0053	0.0017	0.0036	0.0000	0.0000	0.0000	0.0053	0.0017	0.0036	inf	0.0000	inf	0.0000	0.0000	0.0000	inf	0.0000	inf	0.0000	0.0000	0.0000	0.0000	0.0000	0.0000	0.0000	0.0000	0.0000						
12	20	0.0571	3	1	1	1	0	0	0	0	0	N	N	N	N	N	N	N	N	N	N	N	N	0.0000	0.0000	0.0000	0.0000	0.0000	0.0000	0.0000	0.0000	0.0000	0.0000	0.0000	0.0000	0.0000	0.0000	0.0000	0.0000	0.0000	0.0000	0.0000	0.0000	0.0000	0.0000	1.0091	1.0000	0.0000	0.0000	0.0000	0.0000	0.0000	0.0000	0.0000	0.0000	0.0000	0.0000	0.0000	0.0000	0.0000	0.0000	0.0000	0.0000	0.0000	0.0000	0.0000	0.0000	0.0000	0.0000	0.0000	0.0000	0.0000	0.0000	0.0000	0.0044	0.0021	0.0023	0.0003	0.0003	0.0000	0.0041	0.0018	0.0023	0.0000	0.0000	0.0000	0.0000	0.0000	0.0000	0.0000	0.0000	0.0000	0.0000	0.0000	0.0000	0.0000	0.0000	0.0000	0.0000	0.0000	0.0000											
12	21	0.0831	4	1	0	1	1	0	0	0	0	N	N	N	N	N	N	N	N	N	N	N	N	0.0000	0.0000	0.0000	0.0000	0.0000	0.0000	0.0000	0.0000	0.0000	0.0000	0.0000	0.0000	0.0000	0.0000	0.0000	0.0000	0.0000	0.0000	0.0000	0.0000	0.0000	2.0045	1.0091	0.0106	0.0000	0.0000	0.0000	0.0000	0.0000	0.0000	0.0000	0.0000	0.0000	0.0000	0.0000	0.0000	0.0000	0.0000	0.0000	0.0000	0.0000	0.0000	0.0000	0.0000	0.0000	0.0000	0.0000	0.0000	0.0000	0.0000	0.0000	0.0046	0.0013	0.0033	0.0000	0.0000	0.0000	0.0046	0.0013	0.0033	0.0000	0.0000	0.0000	0.0000	0.0000	0.0000	0.0000	0.0000	0.0000	0.0000	0.0000	0.0000	0.0000	0.0000	0.0000	0.0000	0.0000	0.0000											
12	22	0.0539	3	1	0	1	1	0	0	0	0	N	N	N	N	N	N	N	N	N	N	N	N	0.0000	0.0000	0.0000	0.0000	0.0000	0.0000	0.0000	0.0000	0.0000	0.0000	0.0000	0.0000	0.0000	0.0000	0.0000	0.0000	0.0000	0.0000	0.0000	0.0000	0.0000	1.9989	1.0091	1.0099	0.0000	0.0000	0.0000	0.0000	0.0000	0.0000	0.0000	0.0000	0.0000	0.0000	0.0000	0.0000	0.0000	0.0000	0.0000	0.0000	0.0000	0.0000	0.0000	0.0000	0.0000	0.0000	0.0000	0.0000	0.0000	0.0000	0.0000	0.0085	0.0031	0.0054	0.0000	0.0000	0.0000	0.0084	0.0031	0.0054	0.0000	0.0000	0.0000	0.0000	0.0000	0.0000	0.0000	0.0000	0.0000	0.0000	0.0000	0.0000	0.0000	0.0000	0.0000	0.0000	0.0000	0.0000											
12	23	0.6328	8	1	1	1	1	0	0	0	0	N	N	N	N	N	N	N	N	N	N	N	N	0.0000	0.0000	0.0000	0.0000	0.0000	0.0000	0.0000	0.0000	0.0000	0.0000	0.0000	0.0000	0.0000	0.0000	0.0000	0.0000	0.0000	0.0000	0.0000	0.0000	0.0000	0.0000	1.0091	1.0024	0.0000	0.0000	0.0000	0.0000	0.0000	0.0000	0.0000	0.0000	0.0000	0.0000	0.0000	0.0000	0.0000	0.0000	0.0000	0.0000	0.0000	0.0000	0.0000	0.0000	0.0000	0.0000	0.0000	0.0000	0.0000	0.0000	0.0000	0.0090	0.0057	0.0033	0.0067	0.0053	0.0015	0.0022	0.0004	0.0018	0.0000	0.0000	0.0000	0.0000	0.0000	0.0000	0.0000	0.0000	0.0000	0.0000	0.0000	0.0000	0.0000	0.0000	0.0000	0.0000	0.0000	0.0000											
12	24	0.0571	3	1	1	1	0	0	0	0	0	N	N	N	N	N	N	N	N	N	N	N	N	0.0000	0.0000	0.0000	0.0000	0.0000	0.0000	0.0000	0.0000	0.0000	0.0000	0.0000	0.0000	0.0000	0.0000	0.0000	0.0000	0.0000	0.0000	0.0000	0.0000	0.0000	0.0000	1.0091	0.0000	0.0000	0.0000	0.0000	0.0000	0.0000	0.0000	0.0000	0.0000	0.0000	0.0000	0.0000	0.0000	0.0000	0.0000	0.0000	0.0000	0.0000	0.0000	0.0000	0.0000	0.0000	0.0000	0.0000	0.0000	0.0000	0.0000	0.0000	0.0000	0.0000	0.0000	0.0000	0.0000	0.0000	0.0000	0.0000	0.0000	0.0000	0.0000	0.0000	0.0000	0.0000	0.0000	0.0000	0.0000	0.0000	0.0000	0.0000	0.0000	0.0000	0.0000	0.0000	0.0000	0.0000	0.0000											
12	25	0.6646	8	1	1	1	0	0	0	0	0	N	N	N	N	N	N	N	N	N	N	N	N	0.0000	0.0000	0.0000	0.0000	0.0000	0.0000	0.0000	0.0000	0.0000	0.0000	0.0000	0.0000	0.0000	0.0000	0.0000	0.0000	0.0000	0.0000	0.0000	0.0000	0.0000	0.9998	1.0091	0.0242	0.0000	0.0000	0.0000	0.0000	0.0000	0.0000	0.0000	0.0000	0.0000	0.0000	0.0000	0.0000	0.0000	0.0000	0.0000	0.0000	0.0000	0.0000	0.0000	0.0000	0.0000	0.0000	0.0000	0.0000	0.0000	0.0000	0.0000	0.0022	0.0015	0.0007	0.0014	0.0013	0.0001	0.0008	0.0002	0.0006	0.0000	0.0000	0.0000	0.0000	0.0000	0.0000	0.0000	0.0000	0.0000	0.0000	0.0000	0.0000	0.0000	0.0000	0.0000	0.0000	0.0000	0.0000											
12	26	0.7023	11	1	1	1	1	0	0	0	0	N	N	N	N	N	N	N	N	N	N	N	N	0.0000	0.0000	0.0000	0.0000	0.0000	0.0000	0.0000	0.0000	0.0000	0.0000	0.0000	0.0000	0.0000	0.0000	0.0000	0.0000	0.0000	0.0000	0.0000	0.0000	0.0000	0.0000	1.0091	0.0000	0.0000	0.0000	0.0000	0.0000	0.0000	0.0000	0.0000	0.0000	0.0000	0.0000	0.0000	0.0000	0.0000	0.0000	0.0000	0.0000	0.0000	0.0000	0.0000	0.0000	0.0000	0.0000	0.0000	0.0000	0.0000	0.0000	0.0000	0.0000	0.0000	0.0000	0.0000	0.0000	0.0000	0.0000	0.0000	0.0000	0.0000	0.0000	0.0000	0.0000	0.0000	0.0000	0.0000	0.0000	0.0000	0.0000	0.0000	0.0000	0.0000	0.0000	0.0000	0.0000	0.0000	0.0000											
12	27	0.0808	3	2	1	1	0	0	0	0	0	Y	N	N	N	N	N	N	N	N	N	N	N	0.0000	0.0000	0.0000	0.0000	0.0000	0.0000	0.0000	0.0000	0.0000	0.0000	0.0000	0.0000	0.0000	0.0000	0.0000	0.0000	0.0000	0.0000	0.0000	0.0000	0.0000	0.0418	1.0091	6.1659	0.0000	0.0000	0.0000	0.0000	0.0000	0.0000	0.0000	0.0000	0.0000	0.0000	0.0000	0.0000	0.0000	0.0000	0.0000	0.0000	0.0000	0.0000	0.0000	0.0000	0.0000	0.0000	0.0000	0.0000	0.0000	0.0000	0.0000	0.0136	0.0053	0.0083	0.0014	0.0013	0.0001	0.0122	0.0040	0.0082	0.0000	0.0000	0.0000	0.0000	0.0000	0.0000	0.0000	0.0000	0.0000	0.0000	0.0000	0.0000	0.0000	0.0000	0.0000	0.0000	0.0000	0.0000											
12	28	0.0877	6	1	0	1	1	0	0	0	0	N	N	N	N	N	N	N	N	N	N	N	N	0.0000	0.0000	0.0000	0.0000	0.0000	0.0000	0.0000	0.0000	0.0000	0.0000	0.0000	0.0000	0.0000	0.0000	0.0000	0.0000	0.0000	0.0000	-0.0000	0.0000	0.0000	1.5398	1.0091	1.0296	0.0000	0.0000	0.0000	0.0000	0.0000	0.0000	0.0000	0.0000	0.0000	0.0000	0.0000	0.0000	0.0000	0.0000	0.0000	0.0000	0.0000	0.0000	0.0000	0.0000	0.0000	0.0000	0.0000	0.0000	0.0000	0.0000	0.0000	0.0067	0.0025	0.0042	0.0003	0.0003	0.0000	0.0064	0.0022	0.0042	0.0000	0.0000	0.0000	0.0000	0.0000	0.0000	0.0000	0.0000	0.0000	0.0000	0.0000	0.0000	0.0000	0.0000	0.0000	0.0000	0.0000	0.0000											
12	29	0.0826	5	1	0	1	1	0	0	0	0	N	N	N	N	N	N	N	N	N	N	N	N	0.0000	0.0000	0.0000	0.0000	0.0000	0.0000	0.0000	0.0000	0.0000	0.0000	0.0000	0.0000	0.0000	0.0000	0.0000	0.0000	0.0000	0.0000	0.0000	0.0000	0.0000	0.8816	1.0091	0.0702	0.0000	0.0000	0.0000	0.0000	0.0000	0.0000	0.0000	0.0000	0.0000	0.0000	0.0000	0.0000	0.0000	0.0000	0.0000	0.0000	0.0000	0.0000	0.0000	0.0000	0.0000	0.0000	0.0000	0.0000	0.0000	0.0000	0.0000	0.0028	0.0011	0.0017	0.0002	0.0002	0.0000	0.0026	0.0009	0.0017	0.0000	0.0000	0.0000	0.0000	0.0000	0.0000	0.0000	0.0000	0.0000	0.0000	0.0000	0.0000	0.0000	0.0000	0.0000	0.0000	0.0000	0.0000											
12	30	0.6482	9	1	0	1	1	0	0	0	0	N	N	N	N	N	N	N	N	N	N	N	N	0.0000	0.0000	0.0000	0.0000	0.0000	0.0000	0.0000	0.0000	0.0000	0.0000	0.0000	0.0000	0.0000	0.0000	0.0000	0.0000	0.0000	0.0000	0.0000	0.0000	0.0000	0.0000	1.0091	0.0000	0.0000	0.0000	0.0000	0.0000	0.0000	0.0000	0.0000	0.0000	0.0000	0.0000	0.0000	0.0000	0.0000	0.0000	0.0000	0.0000	0.0000	0.0000	0.0000	0.0000	0.0000	0.0000	0.0000	0.0000	0.0000	0.0000	0.0000	0.0000	0.0000	0.0000	0.0000	0.0000	0.0000	0.0000	0.0000	0.0000	0.0000	0.0000	0.0000	0.0000	0.0000	0.0000	0.0000	0.0000	0.0000	0.0000	0.0000	0.0000	0.0000	0.0000	0.0000	0.0000	0.0000	0.0000											
12	31	0.6550	7	2	0	2	0	0	0	0	0	Y	N	Y	N	N	N	N	N	N	N	N	N	0.0000	0.0000	0.0000	0.0000	0.0000	0.0000	0.0000	0.0000	0.0000	0.0000	0.0000	0.0000	0.0000	0.0000	0.0000	0.0000	0.0000	0.0000	0.0000	0.0000	0.0000	0.0000	1.0091	0.0000	0.0000	0.0000	0.0000	0.0000	0.0000	0.0000	0.0000	0.0000	0.0000	0.0000	0.0000	0.0000	0.0000	0.0000	0.0000	0.0000	0.0000	0.0000	0.0000	0.0000	0.0000	0.0000	0.0000	0.0000	0.0000	0.0000	0.0000	0.0000	0.0000	0.0000	0.0000	0.0000	0.0000	0.0000	0.0000	0.0000	0.0000	0.0000	0.0000	0.0000	0.0000	0.0000	0.0000	0.0000	0.0000	0.0000	0.0000	0.0000	0.0000	0.0000	0.0000	0.0000	0.0000	0.0000											
12	32	0.5908	5	1	1	1	0	0	0	0	0	N	N	N	N	N	N	N	N	N	N	N	N	0.0000	0.0000	0.0000	0.0000	0.0000	0.0000	0.0000	0.0000	0.0000	0.0000	0.0000	0.0000	0.0000	0.0000	0.0000	0.0000	0.0000	0.0000	0.0000	0.0000	0.0000	0.0006	1.0091	3.0000	0.0000	0.0000	0.0000	0.0000	0.0000	0.0000	0.0000	0.0000	0.0000	0.0000	0.0000	0.0000	0.0000	0.0000	0.0000	0.0000	0.0000	0.0000	0.0000	0.0000	0.0000	0.0000	0.0000	0.0000	0.0000	0.0000	0.0000	0.0048	0.0028	0.0020	0.0024	0.0020	0.0003	0.0025	0.0008	0.0017	0.0000	0.0000	0.0000	0.0000	0.0000	0.0000	0.0000	0.0000	0.0000	0.0000	0.0000	0.0000	0.0000	0.0000	0.0000	0.0000	0.0000	0.0000											
12	33	0.5908	5	1	1	1	0	0	0	0	0	N	N	N	N	N	N	N	N	N	N	N	N	0.0000	0.0000	0.0000	0.0000	0.0000	0.0000	0.0000	0.0000	0.0000	0.0000	0.0000	0.0000	0.0000	0.0000	0.0000	0.0000	0.0000	0.0000	0.0000	0.0000	0.0000	2.0006	1.0091	8.0000	0.0000	0.0000	0.0000	0.0000	0.0000	0.0000	0.0000	0.0000	0.0000	0.0000	0.0000	0.0000	0.0000	0.0000	0.0000	0.0000	0.0000	0.0000	0.0000	0.0000	0.0000	0.0000	0.0000	0.0000	0.0000	0.0000	0.0000	0.0150	0.0089	0.0061	0.0074	0.0064	0.0010	0.0076	0.0025	0.0050	0.0000	0.0000	0.0000	0.0000	0.0000	0.0000	0.0000	0.0000	0.0000	0.0000	0.0000	0.0000	0.0000	0.0000	0.0000	0.0000	0.0000	0.0000											
12	34	0.6320	6	2	1	1	0	0	0	0	0	Y	N	N	N	N	N	N	N	N	N	N	N	inf	inf	inf	inf	1.1520	1.2780	0.0000	1.3443	1.4793	0.0000	0.0000	0.0000	0.0000	0.0000	0.0000	0.0000	0.0000	0.0000	0.0000	0.0000	0.0000	0.0000	0.0000	-0.0000	0.0000	0.0000	10.0001	1.0091	4.0001	0.0000	0.0000	0.0000	0.0000	0.0000	0.0000	0.0000	0.0000	0.0000	0.0000	0.0000	0.0000	0.0000	0.0000	0.0000	0.0000	0.0000	0.0000	0.0000	0.0000	0.0000	0.0000	0.0000	0.0000	0.0000	0.0000	0.0000	0.0181	0.0113	0.0069	0.0103	0.0089	0.0014	0.0078	0.0024	0.0054	inf	inf	0.0000	inf	inf	0.0000	0.0000	0.0000	0.0000	0.0000	0.0000	0.0000	0.0000	0.0000	0.0000	0.0000	0.0000	0.0000						
12	35	0.5908	5	1	1	1	0	0	0	0	0	N	N	N	N	N	N	N	N	N	N	N	N	0.0000	0.0000	0.0000	0.0000	0.0000	0.0000	0.0000	0.0000	0.0000	0.0000	0.0000	0.0000	0.0000	0.0000	0.0000	0.0000	0.0000	0.0000	0.0000	0.0000	0.0000	3.0004	1.0091	2.0000	0.0000	0.0000	0.0000	0.0000	0.0000	0.0000	0.0000	0.0000	0.0000	0.0000	0.0000	0.0000	0.0000	0.0000	0.0000	0.0000	0.0000	0.0000	0.0000	0.0000	0.0000	0.0000	0.0000	0.0000	0.0000	0.0000	0.0000	0.0079	0.0047	0.0032	0.0039	0.0033	0.0005	0.0040	0.0013	0.0027	0.0000	0.0000	0.0000	0.0000	0.0000	0.0000	0.0000	0.0000	0.0000	0.0000	0.0000	0.0000	0.0000	0.0000	0.0000	0.0000	0.0000	0.0000											
12	36	0.0347	2	1	1	1	0	0	0	0	0	N	N	N	N	N	N	N	N	N	N	N	N	0.0000	0.0000	0.0000	0.0000	0.0000	0.0000	0.0000	0.0000	0.0000	0.0000	0.0000	0.0000	0.0000	0.0000	0.0000	0.0000	0.0000	0.0000	0.0000	0.0000	0.0000	3.0000	1.0091	3.0000	0.0000	0.0000	0.0000	0.0000	0.0000	0.0000	0.0000	0.0000	0.0000	0.0000	0.0000	0.0000	0.0000	0.0000	0.0000	0.0000	0.0000	0.0000	0.0000	0.0000	0.0000	0.0000	0.0000	0.0000	0.0000	0.0000	0.0000	0.0100	0.0033	0.0067	0.0000	0.0000	0.0000	0.0100	0.0033	0.0067	0.0000	0.0000	0.0000	0.0000	0.0000	0.0000	0.0000	0.0000	0.0000	0.0000	0.0000	0.0000	0.0000	0.0000	0.0000	0.0000	0.0000	0.0000											
12	37	0.6210	6	2	1	1	0	0	0	0	0	Y	N	N	N	N	N	N	N	N	N	N	N	0.0000	0.0000	0.0000	0.0000	0.0000	0.0000	0.0000	0.0000	0.0000	0.0000	0.0000	0.0000	0.0000	0.0000	0.0000	0.0000	0.0000	0.0000	0.0000	0.0000	0.0000	4.2779	1.0091	3.9542	0.0000	0.0000	0.0000	0.0000	0.0000	0.0000	0.0000	0.0000	0.0000	0.0000	0.0000	0.0000	0.0000	0.0000	0.0000	0.0000	0.0000	0.0000	0.0000	0.0000	0.0000	0.0000	0.0000	0.0000	0.0000	0.0000	0.0000	0.0128	0.0074	0.0054	0.0061	0.0053	0.0009	0.0067	0.0022	0.0045	0.0000	0.0000	0.0000	0.0000	0.0000	0.0000	0.0000	0.0000	0.0000	0.0000	0.0000	0.0000	0.0000	0.0000	0.0000	0.0000	0.0000	0.0000											
12	38	0.1013	6	2	1	1	0	0	0	0	0	Y	N	N	N	N	N	N	N	N	N	N	N	inf	inf	inf	inf	0.0001	0.0002	0.0000	0.0003	0.0003	0.0000	0.0000	0.0000	0.0000	0.0000	0.0000	0.0000	0.0000	0.0000	0.0000	0.0000	0.0000	0.0000	0.0000	-0.0000	0.0000	0.0000	2.8243	1.0091	1.0201	0.0000	0.0000	0.0000	0.0000	0.0000	0.0000	0.0000	0.0000	0.0000	0.0000	0.0000	0.0000	0.0000	0.0000	0.0000	0.0000	0.0000	0.0000	0.0000	0.0000	0.0000	0.0000	0.0000	0.0000	0.0000	0.0000	0.0000	0.0102	0.0038	0.0064	0.0005	0.0004	0.0001	0.0096	0.0034	0.0063	inf	inf	0.0000	inf	inf	0.0000	0.0000	0.0000	0.0000	0.0000	0.0000	0.0000	0.0000	0.0000	0.0000	0.0000	0.0000	0.0000						
12	39	0.6320	6	1	1	1	0	0	0	0	0	N	N	N	N	N	N	N	N	N	N	N	N	0.0000	0.0000	0.0000	0.0000	0.0000	0.0000	0.0000	0.0000	0.0000	0.0000	0.0000	0.0000	0.0000	0.0000	0.0000	0.0000	0.0000	0.0000	0.0000	0.0000	0.0000	5.0001	1.0091	5.0000	0.0000	0.0000	0.0000	0.0000	0.0000	0.0000	0.0000	0.0000	0.0000	0.0000	0.0000	0.0000	0.0000	0.0000	0.0000	0.0000	0.0000	0.0000	0.0000	0.0000	0.0000	0.0000	0.0000	0.0000	0.0000	0.0000	0.0000	0.0134	0.0083	0.0051	0.0076	0.0065	0.0011	0.0058	0.0018	0.0041	0.0000	0.0000	0.0000	0.0000	0.0000	0.0000	0.0000	0.0000	0.0000	0.0000	0.0000	0.0000	0.0000	0.0000	0.0000	0.0000	0.0000	0.0000											
12	40	0.0571	3	1	1	1	0	0	0	0	0	N	N	N	N	N	N	N	N	N	N	N	N	0.0000	0.0000	0.0000	0.0000	0.0000	0.0000	0.0000	0.0000	0.0000	0.0000	0.0000	0.0000	0.0000	0.0000	0.0000	0.0000	0.0000	0.0000	0.0000	0.0000	0.0000	0.0000	1.0091	2.0000	0.0000	0.0000	0.0000	0.0000	0.0000	0.0000	0.0000	0.0000	0.0000	0.0000	0.0000	0.0000	0.0000	0.0000	0.0000	0.0000	0.0000	0.0000	0.0000	0.0000	0.0000	0.0000	0.0000	0.0000	0.0000	0.0000	0.0000	0.0085	0.0041	0.0044	0.0005	0.0005	0.0000	0.0080	0.0035	0.0044	0.0000	0.0000	0.0000	0.0000	0.0000	0.0000	0.0000	0.0000	0.0000	0.0000	0.0000	0.0000	0.0000	0.0000	0.0000	0.0000	0.0000	0.0000											
12	41	0.6320	6	1	1	1	0	0	0	0	0	N	N	N	N	N	N	N	N	N	N	N	N	0.0000	0.0000	0.0000	0.0000	0.0000	0.0000	0.0000	0.0000	0.0000	0.0000	0.0000	0.0000	0.0000	0.0000	0.0000	0.0000	0.0000	0.0000	0.0000	0.0000	0.0000	5.9998	1.0091	3.0000	0.0000	0.0000	0.0000	0.0000	0.0000	0.0000	0.0000	0.0000	0.0000	0.0000	0.0000	0.0000	0.0000	0.0000	0.0000	0.0000	0.0000	0.0000	0.0000	0.0000	0.0000	0.0000	0.0000	0.0000	0.0000	0.0000	0.0000	0.0122	0.0075	0.0047	0.0069	0.0059	0.0010	0.0053	0.0016	0.0037	0.0000	0.0000	0.0000	0.0000	0.0000	0.0000	0.0000	0.0000	0.0000	0.0000	0.0000	0.0000	0.0000	0.0000	0.0000	0.0000	0.0000	0.0000											
12	42	0.1232	7	1	1	2	1	0	0	0	0	N	N	Y	N	N	N	N	N	N	N	N	N	0.0000	0.0000	0.0000	0.0000	0.0000	0.0000	0.0000	0.0000	0.0000	0.0000	0.0000	0.0000	0.0000	371.9586	911.9654	0.0000	0.0000	0.0000	0.0000	403.5535	1101.5124	0.0000	0.0000	0.0000	-0.5214	0.0000	0.0011	1.0091	1.0134	0.0000	0.0000	0.0000	0.0000	0.0000	0.0000	0.0000	0.0000	0.0000	0.9991	0.9991	0.0000	0.0000	0.0000	0.0000	0.9991	0.9991	0.0000	0.0000	0.0000	0.0000	0.0000	0.0000	0.0000	0.0000	0.0000	0.0000	0.0027	0.0011	0.0016	0.0002	0.0002	0.0000	0.0025	0.0009	0.0016	0.0000	0.0000	0.0000	0.0000	0.0000	0.0000	0.0000	0.0000	0.0000	371.9586	911.9654	0.0000	0.0000	0.0000	0.0000	403.5535	1101.5124	0.0000						
12	43	0.1013	6	1	0	1	1	0	0	0	0	N	N	N	N	N	N	N	N	N	N	N	N	0.0000	0.0000	0.0000	0.0000	0.0000	0.0000	0.0000	0.0000	0.0000	0.0000	0.0000	0.0000	0.0000	1.3115	2.0913	0.0000	0.0000	0.0000	0.0000	1.1461	3.5673	0.0000	0.0000	0.0000	-0.0005	0.0000	2.8187	1.0091	0.0347	0.0000	0.0000	0.0000	0.0000	0.0000	0.0000	0.0000	0.0000	0.0000	0.0009	0.0009	0.0000	0.0000	0.0000	0.0000	0.0009	0.0009	0.0000	0.0000	0.0000	0.0000	0.0000	0.0000	0.0000	0.0000	0.0000	0.0000	0.0078	0.0029	0.0048	0.0004	0.0004	0.0001	0.0073	0.0026	0.0048	0.0000	0.0000	0.0000	0.0000	0.0000	0.0000	0.0000	0.0000	0.0000	0.1148	0.3032	0.0000	0.0000	0.0000	0.0000	0.1216	0.3474	0.0000						
12	44	0.0886	5	1	0	1	0	0	0	0	0	N	N	N	N	N	N	N	N	N	N	N	N	inf	inf	0.0004	0.0000	0.0000	0.0000	0.0000	0.0000	0.0007	0.0000	0.0000	0.0000	0.0000	0.0000	0.0000	0.0000	0.0000	0.0000	0.0000	0.0000	0.0000	0.0000	0.0000	0.9605	1.0091	1.0076	0.0000	0.0000	0.0000	0.0000	0.0000	0.0000	0.0000	0.0000	0.0000	0.0000	0.0000	0.0000	0.0000	0.0000	0.0000	0.0000	0.0000	0.0000	0.0000	0.0000	0.0000	0.0000	0.0000	0.0000	0.0000	0.0000	0.0000	0.0052	0.0019	0.0032	0.0002	0.0002	0.0000	0.0050	0.0018	0.0032	inf	0.0000	0.0000	0.0000	0.0000	0.0000	inf	0.0000	0.0000	0.0000	0.0000	0.0000	0.0000	0.0000	0.0000	0.0000	0.0000	0.0000									
12	45	0.6440	8	1	1	2	1	0	0	0	0	N	N	Y	N	N	N	N	N	N	N	N	N	0.0000	0.0000	0.0000	0.0000	0.0000	0.0000	0.0000	0.0000	0.0000	0.0000	0.0000	0.0000	0.0000	0.0000	0.0000	0.0000	0.0000	0.0000	0.0000	0.0000	0.0000	1.0000	1.0091	1.0000	0.0000	0.0000	0.0000	0.0000	0.0000	0.0000	0.0000	0.0000	0.0000	0.0000	0.0000	0.0000	0.0000	0.0000	0.0000	0.0000	0.0000	0.0000	0.0000	0.0000	0.0000	0.0000	0.0000	0.0000	0.0000	0.0000	0.0000	0.0033	0.0019	0.0014	0.0016	0.0014	0.0002	0.0017	0.0006	0.0012	0.0000	0.0000	0.0000	0.0000	0.0000	0.0000	0.0000	0.0000	0.0000	0.0000	0.0000	0.0000	0.0000	0.0000	0.0000	0.0000	0.0000	0.0000											
12	46	0.0347	2	1	1	1	0	0	0	0	0	N	N	N	N	N	N	N	N	N	N	N	N	0.0000	0.0000	0.0000	0.0000	0.0000	0.0000	0.0000	0.0000	0.0000	0.0000	0.0000	0.0000	0.0000	0.0000	0.0000	0.0000	0.0000	0.0000	0.0000	0.0000	0.0000	0.0000	1.0091	0.0000	0.0000	0.0000	0.0000	0.0000	0.0000	0.0000	0.0000	0.0000	0.0000	0.0000	0.0000	0.0000	0.0000	0.0000	0.0000	0.0000	0.0000	0.0000	0.0000	0.0000	0.0000	0.0000	0.0000	0.0000	0.0000	0.0000	0.0000	0.0000	0.0000	0.0000	0.0000	0.0000	0.0000	0.0000	0.0000	0.0000	0.0000	0.0000	0.0000	0.0000	0.0000	0.0000	0.0000	0.0000	0.0000	0.0000	0.0000	0.0000	0.0000	0.0000	0.0000	0.0000	0.0000	0.0000											
12	47	0.0886	5	1	1	1	1	0	0	0	0	N	N	N	N	N	N	N	N	N	N	N	N	0.0000	0.0000	0.0000	0.0000	0.0000	0.0000	0.0000	0.0000	0.0000	0.0000	0.0000	0.0000	0.0000	0.0000	0.0000	0.0000	0.0000	0.0000	0.0000	0.0000	0.0000	0.0000	1.0091	1.0000	0.0000	0.0000	0.0000	0.0000	0.0000	0.0000	0.0000	0.0000	0.0000	0.0000	0.0000	0.0000	0.0000	0.0000	0.0000	0.0000	0.0000	0.0000	0.0000	0.0000	0.0000	0.0000	0.0000	0.0000	0.0000	0.0000	0.0000	0.0028	0.0011	0.0017	0.0001	0.0001	0.0000	0.0026	0.0010	0.0017	0.0000	0.0000	0.0000	0.0000	0.0000	0.0000	0.0000	0.0000	0.0000	0.0000	0.0000	0.0000	0.0000	0.0000	0.0000	0.0000	0.0000	0.0000											
12	48	0.0347	2	2	1	1	0	0	0	0	0	Y	N	N	N	N	N	N	N	N	N	N	N	0.0000	0.0000	0.0000	0.0000	0.0000	0.0000	0.0000	0.0000	0.0000	0.0000	0.0000	0.0000	0.0000	0.0000	0.0000	0.0000	0.0000	0.0000	0.0000	0.0000	0.0000	0.0000	1.0091	4.0000	0.0000	0.0000	0.0000	0.0000	0.0000	0.0000	0.0000	0.0000	0.0000	0.0000	0.0000	0.0000	0.0000	0.0000	0.0000	0.0000	0.0000	0.0000	0.0000	0.0000	0.0000	0.0000	0.0000	0.0000	0.0000	0.0000	0.0000	0.0069	0.0023	0.0047	0.0000	0.0000	0.0000	0.0069	0.0023	0.0047	0.0000	0.0000	0.0000	0.0000	0.0000	0.0000	0.0000	0.0000	0.0000	0.0000	0.0000	0.0000	0.0000	0.0000	0.0000	0.0000	0.0000	0.0000											
12	49	0.1094	6	1	0	2	0	0	0	0	0	N	N	Y	N	N	N	N	N	N	N	N	N	0.0000	0.0000	0.0000	0.0000	0.0000	0.0000	0.0000	0.0000	0.0000	0.0000	0.0000	0.0000	0.0000	0.0000	0.0000	0.0000	0.0000	0.0000	0.0000	0.0000	0.0000	0.0000	1.0091	0.0000	0.0000	0.0000	0.0000	0.0000	0.0000	0.0000	0.0000	0.0000	0.0000	0.0000	0.0000	0.0000	0.0000	0.0000	0.0000	0.0000	0.0000	0.0000	0.0000	0.0000	0.0000	0.0000	0.0000	0.0000	0.0000	0.0000	0.0000	0.0000	0.0000	0.0000	0.0000	0.0000	0.0000	0.0000	0.0000	0.0000	0.0000	0.0000	0.0000	0.0000	0.0000	0.0000	0.0000	0.0000	0.0000	0.0000	0.0000	0.0000	0.0000	0.0000	0.0000	0.0000	0.0000	0.0000											
12	50	0.6530	7	1	0	2	0	0	0	0	0	N	N	Y	N	N	N	N	N	N	N	N	N	0.0000	0.0000	0.0000	0.0000	0.0000	0.0000	0.0000	0.0000	0.0000	0.0000	0.0000	0.0000	0.0000	0.0000	0.0000	0.0000	0.0000	0.0000	0.0000	0.0000	0.0000	1.0000	1.0091	1.0000	0.0000	0.0000	0.0000	0.0000	0.0000	0.0000	0.0000	0.0000	0.0000	0.0000	0.0000	0.0000	0.0000	0.0000	0.0000	0.0000	0.0000	0.0000	0.0000	0.0000	0.0000	0.0000	0.0000	0.0000	0.0000	0.0000	0.0000	0.0030	0.0017	0.0012	0.0015	0.0013	0.0002	0.0014	0.0004	0.0010	0.0000	0.0000	0.0000	0.0000	0.0000	0.0000	0.0000	0.0000	0.0000	0.0000	0.0000	0.0000	0.0000	0.0000	0.0000	0.0000	0.0000	0.0000											
12	51	0.6576	7	1	1	1	0	0	0	0	0	N	N	N	N	N	N	N	N	N	N	N	N	0.0000	0.0000	0.0000	0.0000	0.0000	0.0000	0.0000	0.0000	0.0000	0.0000	0.0000	0.0000	0.0000	0.0000	0.0000	0.0000	0.0000	0.0000	0.0000	0.0000	0.0000	0.0003	1.0091	0.9690	0.0000	0.0000	0.0000	0.0000	0.0000	0.0000	0.0000	0.0000	0.0000	0.0000	0.0000	0.0000	0.0000	0.0000	0.0000	0.0000	0.0000	0.0000	0.0000	0.0000	0.0000	0.0000	0.0000	0.0000	0.0000	0.0000	0.0000	0.0033	0.0024	0.0009	0.0022	0.0020	0.0002	0.0011	0.0004	0.0007	0.0000	0.0000	0.0000	0.0000	0.0000	0.0000	0.0000	0.0000	0.0000	0.0000	0.0000	0.0000	0.0000	0.0000	0.0000	0.0000	0.0000	0.0000											
12	52	0.1127	6	1	1	1	0	0	0	0	0	N	N	N	N	N	N	N	N	N	N	N	N	0.0000	0.0000	0.0000	0.0000	0.0000	0.0000	0.0000	0.0000	0.0000	0.0000	0.0000	0.0000	0.0000	0.0000	0.0000	0.0000	0.0000	0.0000	0.0000	0.0000	0.0000	0.9211	1.0091	0.1671	0.0000	0.0000	0.0000	0.0000	0.0000	0.0000	0.0000	0.0000	0.0000	0.0000	0.0000	0.0000	0.0000	0.0000	0.0000	0.0000	0.0000	0.0000	0.0000	0.0000	0.0000	0.0000	0.0000	0.0000	0.0000	0.0000	0.0000	0.0049	0.0026	0.0023	0.0014	0.0013	0.0001	0.0034	0.0013	0.0021	0.0000	0.0000	0.0000	0.0000	0.0000	0.0000	0.0000	0.0000	0.0000	0.0000	0.0000	0.0000	0.0000	0.0000	0.0000	0.0000	0.0000	0.0000											
12	53	0.6440	8	1	1	1	0	0	0	0	0	N	N	N	N	N	N	N	N	N	N	N	N	0.0000	0.0000	0.0000	0.0000	0.0000	0.0000	0.0000	0.0000	0.0000	0.0000	0.0000	0.0000	0.0000	0.0000	0.0000	0.0000	0.0000	0.0000	0.0000	0.0000	0.0000	1.0000	1.0091	5.0000	0.0000	0.0000	0.0000	0.0000	0.0000	0.0000	0.0000	0.0000	0.0000	0.0000	0.0000	0.0000	0.0000	0.0000	0.0000	0.0000	0.0000	0.0000	0.0000	0.0000	0.0000	0.0000	0.0000	0.0000	0.0000	0.0000	0.0000	0.0096	0.0056	0.0040	0.0046	0.0040	0.0006	0.0050	0.0016	0.0034	0.0000	0.0000	0.0000	0.0000	0.0000	0.0000	0.0000	0.0000	0.0000	0.0000	0.0000	0.0000	0.0000	0.0000	0.0000	0.0000	0.0000	0.0000											
12	54	0.6288	7	1	0	1	0	0	0	0	0	N	N	N	N	N	N	N	N	N	N	N	N	0.0000	0.0000	0.0000	0.0000	0.0000	0.0000	0.0000	0.0000	0.0000	0.0000	0.0000	0.0000	0.0000	0.0000	0.0000	0.0000	0.0000	0.0000	0.0000	0.0000	0.0000	0.0000	1.0091	2.9157	0.0000	0.0000	0.0000	0.0000	0.0000	0.0000	0.0000	0.0000	0.0000	0.0000	0.0000	0.0000	0.0000	0.0000	0.0000	0.0000	0.0000	0.0000	0.0000	0.0000	0.0000	0.0000	0.0000	0.0000	0.0000	0.0000	0.0000	0.0061	0.0035	0.0027	0.0029	0.0026	0.0003	0.0032	0.0009	0.0023	0.0000	0.0000	0.0000	0.0000	0.0000	0.0000	0.0000	0.0000	0.0000	0.0000	0.0000	0.0000	0.0000	0.0000	0.0000	0.0000	0.0000	0.0000											
12	55	0.0886	5	1	1	1	0	0	0	0	0	N	N	N	N	N	N	N	N	N	N	N	N	0.0000	0.0000	0.0000	0.0000	0.0000	0.0000	0.0000	0.0000	0.0000	0.0000	0.0000	0.0000	0.0000	0.0000	0.0000	0.0000	0.0000	0.0000	0.0000	0.0000	0.0000	2.0000	1.0091	3.0000	0.0000	0.0000	0.0000	0.0000	0.0000	0.0000	0.0000	0.0000	0.0000	0.0000	0.0000	0.0000	0.0000	0.0000	0.0000	0.0000	0.0000	0.0000	0.0000	0.0000	0.0000	0.0000	0.0000	0.0000	0.0000	0.0000	0.0000	0.0123	0.0045	0.0078	0.0003	0.0002	0.0000	0.0120	0.0042	0.0078	0.0000	0.0000	0.0000	0.0000	0.0000	0.0000	0.0000	0.0000	0.0000	0.0000	0.0000	0.0000	0.0000	0.0000	0.0000	0.0000	0.0000	0.0000											
12	56	0.6210	6	1	1	1	1	0	0	0	0	N	N	N	N	N	N	N	N	N	N	N	N	0.0000	0.0000	0.0000	0.0000	0.0000	0.0000	0.0000	0.0000	0.0000	0.0000	0.0000	0.0000	0.0000	0.0000	0.0000	0.0000	0.0000	0.0000	0.0000	0.0000	0.0000	1.7218	1.0091	6.9557	0.0000	0.0000	0.0000	0.0000	0.0000	0.0000	0.0000	0.0000	0.0000	0.0000	0.0000	0.0000	0.0000	0.0000	0.0000	0.0000	0.0000	0.0000	0.0000	0.0000	0.0000	0.0000	0.0000	0.0000	0.0000	0.0000	0.0000	0.0134	0.0078	0.0056	0.0064	0.0055	0.0009	0.0070	0.0023	0.0047	0.0000	0.0000	0.0000	0.0000	0.0000	0.0000	0.0000	0.0000	0.0000	0.0000	0.0000	0.0000	0.0000	0.0000	0.0000	0.0000	0.0000	0.0000											
12	57	0.6320	6	2	0	2	0	0	0	0	0	Y	N	Y	N	N	N	N	N	N	N	N	N	0.0000	0.0000	0.0000	0.0000	0.0000	0.0000	0.0000	0.0000	0.0000	0.0000	0.0000	0.0000	0.0000	0.0000	0.0000	0.0000	0.0000	0.0000	0.0000	0.0000	0.0000	8.9999	1.0091	5.0001	0.0000	0.0000	0.0000	0.0000	0.0000	0.0000	0.0000	0.0000	0.0000	0.0000	0.0000	0.0000	0.0000	0.0000	0.0000	0.0000	0.0000	0.0000	0.0000	0.0000	0.0000	0.0000	0.0000	0.0000	0.0000	0.0000	0.0000	0.0181	0.0113	0.0069	0.0103	0.0089	0.0014	0.0078	0.0024	0.0054	0.0000	0.0000	0.0000	0.0000	0.0000	0.0000	0.0000	0.0000	0.0000	0.0000	0.0000	0.0000	0.0000	0.0000	0.0000	0.0000	0.0000	0.0000											
12	58	0.0347	2	2	0	2	0	0	0	0	0	Y	N	Y	N	N	N	N	N	N	N	N	N	0.0000	0.0000	0.0000	0.0000	0.0000	0.0000	0.0000	0.0000	0.0000	0.0000	0.0000	0.0000	0.0000	0.0000	0.0000	0.0000	0.0000	0.0000	0.0000	0.0000	0.0000	0.0000	1.0091	1.0000	0.0000	0.0000	0.0000	0.0000	0.0000	0.0000	0.0000	0.0000	0.0000	0.0000	0.0000	0.0000	0.0000	0.0000	0.0000	0.0000	0.0000	0.0000	0.0000	0.0000	0.0000	0.0000	0.0000	0.0000	0.0000	0.0000	0.0000	0.0018	0.0006	0.0012	0.0000	0.0000	0.0000	0.0018	0.0006	0.0012	0.0000	0.0000	0.0000	0.0000	0.0000	0.0000	0.0000	0.0000	0.0000	0.0000	0.0000	0.0000	0.0000	0.0000	0.0000	0.0000	0.0000	0.0000											
12	59	0.6576	7	1	0	2	0	0	0	0	0	N	N	Y	N	N	N	N	N	N	N	N	N	0.0000	0.0000	0.0000	0.0000	0.0000	0.0000	0.0000	0.0000	0.0000	0.0000	0.0000	0.0000	0.0000	0.0000	0.0000	0.0000	0.0000	0.0000	0.0000	0.0000	0.0000	0.0006	1.0091	1.1867	0.0000	0.0000	0.0000	0.0000	0.0000	0.0000	0.0000	0.0000	0.0000	0.0000	0.0000	0.0000	0.0000	0.0000	0.0000	0.0000	0.0000	0.0000	0.0000	0.0000	0.0000	0.0000	0.0000	0.0000	0.0000	0.0000	0.0000	0.0037	0.0026	0.0010	0.0024	0.0021	0.0002	0.0013	0.0005	0.0008	0.0000	0.0000	0.0000	0.0000	0.0000	0.0000	0.0000	0.0000	0.0000	0.0000	0.0000	0.0000	0.0000	0.0000	0.0000	0.0000	0.0000	0.0000											
12	60	0.6210	6	1	0	1	0	0	0	0	0	N	N	N	N	N	N	N	N	N	N	N	N	0.0000	0.0000	0.0000	0.0000	0.0000	0.0000	0.0000	0.0000	0.0000	0.0000	0.0000	0.0000	0.0000	0.0000	0.0000	0.0000	0.0000	0.0000	0.0000	0.0000	0.0000	2.2785	1.0091	4.8627	0.0000	0.0000	0.0000	0.0000	0.0000	0.0000	0.0000	0.0000	0.0000	0.0000	0.0000	0.0000	0.0000	0.0000	0.0000	0.0000	0.0000	0.0000	0.0000	0.0000	0.0000	0.0000	0.0000	0.0000	0.0000	0.0000	0.0000	0.0112	0.0065	0.0047	0.0054	0.0046	0.0008	0.0059	0.0019	0.0039	0.0000	0.0000	0.0000	0.0000	0.0000	0.0000	0.0000	0.0000	0.0000	0.0000	0.0000	0.0000	0.0000	0.0000	0.0000	0.0000	0.0000	0.0000											
12	61	0.1127	6	1	0	2	0	0	0	0	0	N	N	Y	N	N	N	N	N	N	N	N	N	0.0000	0.0000	0.0000	0.0000	0.0000	0.0000	0.0000	0.0000	0.0000	0.0000	0.0000	0.0000	0.0000	0.0000	0.0000	0.0000	0.0000	0.0000	0.0000	0.0000	0.0000	1.0901	1.0091	7.9319	0.0000	0.0000	0.0000	0.0000	0.0000	0.0000	0.0000	0.0000	0.0000	0.0000	0.0000	0.0000	0.0000	0.0000	0.0000	0.0000	0.0000	0.0000	0.0000	0.0000	0.0000	0.0000	0.0000	0.0000	0.0000	0.0000	0.0000	0.0232	0.0092	0.0140	0.0019	0.0017	0.0002	0.0213	0.0075	0.0138	0.0000	0.0000	0.0000	0.0000	0.0000	0.0000	0.0000	0.0000	0.0000	0.0000	0.0000	0.0000	0.0000	0.0000	0.0000	0.0000	0.0000	0.0000											
12	62	0.0826	5	1	0	1	0	0	0	0	0	N	N	N	N	N	N	N	N	N	N	N	N	0.0000	0.0000	0.0000	0.0000	0.0000	0.0000	0.0000	0.0000	0.0000	0.0000	0.0000	0.0000	0.0000	0.0000	0.0000	0.0000	0.0000	0.0000	0.0000	0.0000	0.0000	1.6797	1.0091	2.9843	0.0000	0.0000	0.0000	0.0000	0.0000	0.0000	0.0000	0.0000	0.0000	0.0000	0.0000	0.0000	0.0000	0.0000	0.0000	0.0000	0.0000	0.0000	0.0000	0.0000	0.0000	0.0000	0.0000	0.0000	0.0000	0.0000	0.0000	0.0117	0.0043	0.0074	0.0004	0.0003	0.0000	0.0113	0.0039	0.0074	0.0000	0.0000	0.0000	0.0000	0.0000	0.0000	0.0000	0.0000	0.0000	0.0000	0.0000	0.0000	0.0000	0.0000	0.0000	0.0000	0.0000	0.0000											
12	63	0.0724	4	1	0	1	0	0	0	0	0	N	N	N	N	N	N	N	N	N	N	N	N	0.0000	0.0000	0.0000	0.0000	0.0000	0.0000	0.0000	0.0000	0.0000	0.0000	0.0000	0.0000	0.0000	0.0000	0.0000	0.0000	0.0000	0.0000	0.0000	0.0000	0.0000	0.4935	1.0091	1.5835	0.0000	0.0000	0.0000	0.0000	0.0000	0.0000	0.0000	0.0000	0.0000	0.0000	0.0000	0.0000	0.0000	0.0000	0.0000	0.0000	0.0000	0.0000	0.0000	0.0000	0.0000	0.0000	0.0000	0.0000	0.0000	0.0000	0.0000	0.0053	0.0019	0.0035	0.0001	0.0001	0.0000	0.0053	0.0018	0.0035	0.0000	0.0000	0.0000	0.0000	0.0000	0.0000	0.0000	0.0000	0.0000	0.0000	0.0000	0.0000	0.0000	0.0000	0.0000	0.0000	0.0000	0.0000											
12	64	0.1094	6	1	1	1	0	0	0	0	0	N	N	N	N	N	N	N	N	N	N	N	N	0.0000	0.0000	0.0000	0.0000	0.0000	0.0000	0.0000	0.0000	0.0000	0.0000	0.0000	0.0000	0.0000	0.0000	0.0000	0.0000	0.0000	0.0000	-0.0000	0.0000	0.0000	0.2944	1.0091	1.0083	0.0000	0.0000	0.0000	0.0000	0.0000	0.0000	0.0000	0.0000	0.0000	0.0000	0.0000	0.0000	0.0000	0.0000	0.0000	0.0000	0.0000	0.0000	0.0000	0.0000	0.0000	0.0000	0.0000	0.0000	0.0000	0.0000	0.0000	0.0034	0.0012	0.0022	0.0001	0.0001	0.0000	0.0033	0.0011	0.0022	0.0000	0.0000	0.0000	0.0000	0.0000	0.0000	0.0000	0.0000	0.0000	0.0000	0.0000	0.0000	0.0000	0.0000	0.0000	0.0000	0.0000	0.0000											
12	65	0.0886	5	1	0	1	0	0	0	0	0	N	N	N	N	N	N	N	N	N	N	N	N	0.0000	0.0000	0.0000	0.0000	0.0000	0.0000	0.0000	0.0000	0.0000	0.0000	0.0000	0.0000	0.0000	0.0000	0.0000	0.0000	0.0000	0.0000	0.0000	0.0000	0.0000	1.1351	1.0091	2.0429	0.0000	0.0000	0.0000	0.0000	0.0000	0.0000	0.0000	0.0000	0.0000	0.0000	0.0000	0.0000	0.0000	0.0000	0.0000	0.0000	0.0000	0.0000	0.0000	0.0000	0.0000	0.0000	0.0000	0.0000	0.0000	0.0000	0.0000	0.0081	0.0030	0.0051	0.0002	0.0002	0.0000	0.0079	0.0028	0.0051	0.0000	0.0000	0.0000	0.0000	0.0000	0.0000	0.0000	0.0000	0.0000	0.0000	0.0000	0.0000	0.0000	0.0000	0.0000	0.0000	0.0000	0.0000											
12	66	0.0724	4	1	0	1	0	0	0	0	0	N	N	N	N	N	N	N	N	N	N	N	N	0.0000	0.0000	0.0000	0.0000	0.0000	0.0000	0.0000	0.0000	0.0000	0.0000	0.0000	0.0000	0.0000	0.0000	0.0000	0.0000	0.0000	0.0000	0.0000	0.0000	0.0000	0.4912	1.0091	2.4266	0.0000	0.0000	0.0000	0.0000	0.0000	0.0000	0.0000	0.0000	0.0000	0.0000	0.0000	0.0000	0.0000	0.0000	0.0000	0.0000	0.0000	0.0000	0.0000	0.0000	0.0000	0.0000	0.0000	0.0000	0.0000	0.0000	0.0000	0.0074	0.0026	0.0048	0.0001	0.0001	0.0000	0.0073	0.0025	0.0048	0.0000	0.0000	0.0000	0.0000	0.0000	0.0000	0.0000	0.0000	0.0000	0.0000	0.0000	0.0000	0.0000	0.0000	0.0000	0.0000	0.0000	0.0000											
12	67	0.0673	3	1	0	1	0	0	0	0	0	N	N	N	N	N	N	N	N	N	N	N	N	0.0000	0.0000	0.0000	0.0000	0.0000	0.0000	0.0000	0.0000	0.0000	0.0000	0.0000	0.0000	0.0000	0.0000	0.0000	0.0000	0.0000	0.0000	-0.0000	0.0000	0.0000	0.6141	1.0091	1.2701	0.0000	0.0000	0.0000	0.0000	0.0000	0.0000	0.0000	0.0000	0.0000	0.0000	0.0000	0.0000	0.0000	0.0000	0.0000	0.0000	0.0000	0.0000	0.0000	0.0000	0.0000	0.0000	0.0000	0.0000	0.0000	0.0000	0.0000	0.0050	0.0018	0.0032	0.0002	0.0002	0.0000	0.0049	0.0017	0.0032	0.0000	0.0000	0.0000	0.0000	0.0000	0.0000	0.0000	0.0000	0.0000	0.0000	0.0000	0.0000	0.0000	0.0000	0.0000	0.0000	0.0000	0.0000											
12	68	0.0347	2	2	1	2	0	0	0	0	0	Y	N	Y	N	N	N	N	N	N	N	N	N	0.0000	0.0000	0.0000	0.0000	0.0000	0.0000	0.0000	0.0000	0.0000	0.0000	0.0000	0.0000	0.0000	0.0000	0.0000	0.0000	0.0000	0.0000	0.0000	0.0000	0.0000	0.0000	1.0091	0.0000	0.0000	0.0000	0.0000	0.0000	0.0000	0.0000	0.0000	0.0000	0.0000	0.0000	0.0000	0.0000	0.0000	0.0000	0.0000	0.0000	0.0000	0.0000	0.0000	0.0000	0.0000	0.0000	0.0000	0.0000	0.0000	0.0000	0.0000	0.0000	0.0000	0.0000	0.0000	0.0000	0.0000	0.0000	0.0000	0.0000	0.0000	0.0000	0.0000	0.0000	0.0000	0.0000	0.0000	0.0000	0.0000	0.0000	0.0000	0.0000	0.0000	0.0000	0.0000	0.0000	0.0000	0.0000											
12	69	0.6774	8	2	1	2	0	0	0	0	0	Y	N	Y	N	N	N	N	N	N	N	N	N	0.0000	0.0000	0.0000	0.0000	0.0000	0.0000	0.0000	0.0000	0.0000	0.0000	0.0000	0.0000	0.0000	0.0000	0.0000	0.0000	0.0000	0.0000	0.0000	0.0000	0.0000	1.0000	1.0091	0.0000	0.0000	0.0000	0.0000	0.0000	0.0000	0.0000	0.0000	0.0000	0.0000	0.0000	0.0000	0.0000	0.0000	0.0000	0.0000	0.0000	0.0000	0.0000	0.0000	0.0000	0.0000	0.0000	0.0000	0.0000	0.0000	0.0000	0.0000	0.0011	0.0006	0.0005	0.0006	0.0006	0.0001	0.0005	0.0001	0.0004	0.0000	0.0000	0.0000	0.0000	0.0000	0.0000	0.0000	0.0000	0.0000	0.0000	0.0000	0.0000	0.0000	0.0000	0.0000	0.0000	0.0000	0.0000											
12	70	0.6774	8	2	1	2	0	0	0	0	0	Y	N	Y	N	N	N	N	N	N	N	N	N	0.0000	0.0000	0.0000	0.0000	0.0000	0.0000	0.0000	0.0000	0.0000	0.0000	0.0000	0.0000	0.0000	0.0000	0.0000	0.0000	0.0000	0.0000	0.0000	0.0000	0.0000	0.0000	1.0091	0.0000	0.0000	0.0000	0.0000	0.0000	0.0000	0.0000	0.0000	0.0000	0.0000	0.0000	0.0000	0.0000	0.0000	0.0000	0.0000	0.0000	0.0000	0.0000	0.0000	0.0000	0.0000	0.0000	0.0000	0.0000	0.0000	0.0000	0.0000	0.0000	0.0000	0.0000	0.0000	0.0000	0.0000	0.0000	0.0000	0.0000	0.0000	0.0000	0.0000	0.0000	0.0000	0.0000	0.0000	0.0000	0.0000	0.0000	0.0000	0.0000	0.0000	0.0000	0.0000	0.0000	0.0000	0.0000											
12	71	0.6550	7	2	1	2	0	0	0	0	0	Y	N	Y	N	N	N	N	N	N	N	N	N	0.0000	0.0000	0.0000	0.0000	0.0000	0.0000	0.0000	0.0000	0.0000	0.0000	0.0000	0.0000	0.0000	0.0000	0.0000	0.0000	0.0000	0.0000	0.0000	0.0000	0.0000	2.0000	1.0091	1.0000	0.0000	0.0000	0.0000	0.0000	0.0000	0.0000	0.0000	0.0000	0.0000	0.0000	0.0000	0.0000	0.0000	0.0000	0.0000	0.0000	0.0000	0.0000	0.0000	0.0000	0.0000	0.0000	0.0000	0.0000	0.0000	0.0000	0.0000	0.0032	0.0019	0.0014	0.0019	0.0016	0.0003	0.0014	0.0003	0.0011	0.0000	0.0000	0.0000	0.0000	0.0000	0.0000	0.0000	0.0000	0.0000	0.0000	0.0000	0.0000	0.0000	0.0000	0.0000	0.0000	0.0000	0.0000											
12	72	0.6320	6	2	0	2	0	0	0	0	0	Y	N	Y	N	N	N	N	N	N	N	N	N	0.0000	0.0000	0.0000	0.0000	0.0000	0.0000	0.0000	0.0000	0.0000	0.0000	0.0000	0.0000	0.0000	0.0000	0.0000	0.0000	0.0000	0.0000	0.0000	0.0000	0.0000	1.0017	1.0091	2.0007	0.0000	0.0000	0.0000	0.0000	0.0000	0.0000	0.0000	0.0000	0.0000	0.0000	0.0000	0.0000	0.0000	0.0000	0.0000	0.0000	0.0000	0.0000	0.0000	0.0000	0.0000	0.0000	0.0000	0.0000	0.0000	0.0000	0.0000	0.0043	0.0026	0.0017	0.0024	0.0021	0.0003	0.0019	0.0006	0.0013	0.0000	0.0000	0.0000	0.0000	0.0000	0.0000	0.0000	0.0000	0.0000	0.0000	0.0000	0.0000	0.0000	0.0000	0.0000	0.0000	0.0000	0.0000											
12	73	0.0539	3	2	1	1	0	0	0	0	0	Y	N	N	N	N	N	N	N	N	N	N	N	0.0000	0.0000	0.0000	0.0000	0.0000	0.0000	0.0000	0.0000	0.0000	0.0000	0.0000	0.0000	0.0000	0.0000	0.0000	0.0000	0.0000	0.0000	0.0000	0.0000	0.0000	0.0000	1.0091	0.0000	0.0000	0.0000	0.0000	0.0000	0.0000	0.0000	0.0000	0.0000	0.0000	0.0000	0.0000	0.0000	0.0000	0.0000	0.0000	0.0000	0.0000	0.0000	0.0000	0.0000	0.0000	0.0000	0.0000	0.0000	0.0000	0.0000	0.0000	0.0000	0.0000	0.0000	0.0000	0.0000	0.0000	0.0000	0.0000	0.0000	0.0000	0.0000	0.0000	0.0000	0.0000	0.0000	0.0000	0.0000	0.0000	0.0000	0.0000	0.0000	0.0000	0.0000	0.0000	0.0000	0.0000	0.0000											
12	74	0.6590	7	2	1	1	0	0	0	0	0	Y	N	N	N	N	N	N	N	N	N	N	N	0.0000	0.0000	0.0000	0.0000	0.0000	0.0000	0.0000	0.0000	0.0000	0.0000	0.0000	0.0000	0.0000	0.0000	0.0000	0.0000	0.0000	0.0000	0.0000	0.0000	0.0000	0.0000	1.0091	0.0010	0.0000	0.0000	0.0000	0.0000	0.0000	0.0000	0.0000	0.0000	0.0000	0.0000	0.0000	0.0000	0.0000	0.0000	0.0000	0.0000	0.0000	0.0000	0.0000	0.0000	0.0000	0.0000	0.0000	0.0000	0.0000	0.0000	0.0000	0.0008	0.0006	0.0002	0.0004	0.0004	0.0000	0.0004	0.0002	0.0002	0.0000	0.0000	0.0000	0.0000	0.0000	0.0000	0.0000	0.0000	0.0000	0.0000	0.0000	0.0000	0.0000	0.0000	0.0000	0.0000	0.0000	0.0000											
12	75	0.6482	9	1	1	1	1	0	0	0	0	N	N	N	N	N	N	N	N	N	N	N	N	0.0000	0.0000	0.0000	0.0000	0.0000	0.0000	0.0000	0.0000	0.0000	0.0000	0.0000	0.0000	0.0000	0.0000	0.0000	0.0000	0.0000	0.0000	0.0000	0.0000	0.0000	0.0000	1.0091	0.0000	0.0000	0.0000	0.0000	0.0000	0.0000	0.0000	0.0000	0.0000	0.0000	0.0000	0.0000	0.0000	0.0000	0.0000	0.0000	0.0000	0.0000	0.0000	0.0000	0.0000	0.0000	0.0000	0.0000	0.0000	0.0000	0.0000	0.0000	0.0000	0.0000	0.0000	0.0000	0.0000	0.0000	0.0000	0.0000	0.0000	0.0000	0.0000	0.0000	0.0000	0.0000	0.0000	0.0000	0.0000	0.0000	0.0000	0.0000	0.0000	0.0000	0.0000	0.0000	0.0000	0.0000	0.0000											
12	76	0.6482	9	1	0	1	1	0	0	0	0	N	N	N	N	N	N	N	N	N	N	N	N	0.0000	0.0000	0.0000	0.0000	0.0000	0.0000	0.0000	0.0000	0.0000	0.0000	0.0000	0.0000	0.0000	0.0000	0.0000	0.0000	0.0000	0.0000	0.0000	0.0000	0.0000	0.0000	1.0091	0.0000	0.0000	0.0000	0.0000	0.0000	0.0000	0.0000	0.0000	0.0000	0.0000	0.0000	0.0000	0.0000	0.0000	0.0000	0.0000	0.0000	0.0000	0.0000	0.0000	0.0000	0.0000	0.0000	0.0000	0.0000	0.0000	0.0000	0.0000	0.0000	0.0000	0.0000	0.0000	0.0000	0.0000	0.0000	0.0000	0.0000	0.0000	0.0000	0.0000	0.0000	0.0000	0.0000	0.0000	0.0000	0.0000	0.0000	0.0000	0.0000	0.0000	0.0000	0.0000	0.0000	0.0000	0.0000											
12	77	0.6328	8	1	0	1	1	0	0	0	0	N	N	N	N	N	N	N	N	N	N	N	N	0.0000	0.0000	0.0000	0.0000	0.0000	0.0000	0.0000	0.0000	0.0000	0.0000	0.0000	0.0000	0.0000	0.0000	0.0000	0.0000	0.0000	0.0000	0.0000	0.0000	0.0000	0.0002	1.0091	2.9297	0.0000	0.0000	0.0000	0.0000	0.0000	0.0000	0.0000	0.0000	0.0000	0.0000	0.0000	0.0000	0.0000	0.0000	0.0000	0.0000	0.0000	0.0000	0.0000	0.0000	0.0000	0.0000	0.0000	0.0000	0.0000	0.0000	0.0000	0.0120	0.0074	0.0045	0.0081	0.0065	0.0016	0.0039	0.0010	0.0029	0.0000	0.0000	0.0000	0.0000	0.0000	0.0000	0.0000	0.0000	0.0000	0.0000	0.0000	0.0000	0.0000	0.0000	0.0000	0.0000	0.0000	0.0000											
12	78	0.6288	7	1	0	1	1	0	0	0	0	N	N	N	N	N	N	N	N	N	N	N	N	0.0000	0.0000	0.0000	0.0000	0.0000	0.0000	0.0000	0.0000	0.0000	0.0000	0.0000	0.0000	0.0000	0.0000	0.0000	0.0000	0.0000	0.0000	0.0000	0.0000	0.0000	0.0003	1.0091	2.1916	0.0000	0.0000	0.0000	0.0000	0.0000	0.0000	0.0000	0.0000	0.0000	0.0000	0.0000	0.0000	0.0000	0.0000	0.0000	0.0000	0.0000	0.0000	0.0000	0.0000	0.0000	0.0000	0.0000	0.0000	0.0000	0.0000	0.0000	0.0050	0.0028	0.0022	0.0024	0.0021	0.0002	0.0026	0.0007	0.0019	0.0000	0.0000	0.0000	0.0000	0.0000	0.0000	0.0000	0.0000	0.0000	0.0000	0.0000	0.0000	0.0000	0.0000	0.0000	0.0000	0.0000	0.0000											
12	79	0.6210	6	1	0	1	0	0	0	0	0	N	N	N	N	N	N	N	N	N	N	N	N	0.0000	0.0000	0.0000	0.0000	0.0000	0.0000	0.0000	0.0000	0.0000	0.0000	0.0000	0.0000	0.0000	0.0000	0.0000	0.0000	0.0000	0.0000	0.0000	0.0000	0.0000	0.2782	1.0091	1.3600	0.0000	0.0000	0.0000	0.0000	0.0000	0.0000	0.0000	0.0000	0.0000	0.0000	0.0000	0.0000	0.0000	0.0000	0.0000	0.0000	0.0000	0.0000	0.0000	0.0000	0.0000	0.0000	0.0000	0.0000	0.0000	0.0000	0.0000	0.0027	0.0016	0.0012	0.0013	0.0011	0.0002	0.0014	0.0005	0.0010	0.0000	0.0000	0.0000	0.0000	0.0000	0.0000	0.0000	0.0000	0.0000	0.0000	0.0000	0.0000	0.0000	0.0000	0.0000	0.0000	0.0000	0.0000											
12	80	0.6646	8	1	1	2	0	0	0	0	0	N	N	Y	N	N	N	N	N	N	N	N	N	0.0000	0.0000	0.0000	0.0000	0.0000	0.0000	0.0000	0.0000	0.0000	0.0000	0.0000	0.0000	0.0000	0.0000	0.0000	0.0000	0.0000	0.0000	0.0000	0.0000	0.0000	0.0029	1.0091	2.0135	0.0000	0.0000	0.0000	0.0000	0.0000	0.0000	0.0000	0.0000	0.0000	0.0000	0.0000	0.0000	0.0000	0.0000	0.0000	0.0000	0.0000	0.0000	0.0000	0.0000	0.0000	0.0000	0.0000	0.0000	0.0000	0.0000	0.0000	0.0039	0.0027	0.0012	0.0026	0.0024	0.0002	0.0013	0.0004	0.0010	0.0000	0.0000	0.0000	0.0000	0.0000	0.0000	0.0000	0.0000	0.0000	0.0000	0.0000	0.0000	0.0000	0.0000	0.0000	0.0000	0.0000	0.0000											
12	81	0.6580	7	1	1	1	0	0	0	0	0	N	N	N	N	N	N	N	N	N	N	N	N	0.0000	0.0000	0.0000	0.0000	0.0000	0.0000	0.0000	0.0000	0.0000	0.0000	0.0000	0.0000	0.0000	0.0000	0.0000	0.0000	0.0000	0.0000	0.0000	0.0000	0.0000	0.6188	1.0091	0.9475	0.0000	0.0000	0.0000	0.0000	0.0000	0.0000	0.0000	0.0000	0.0000	0.0000	0.0000	0.0000	0.0000	0.0000	0.0000	0.0000	0.0000	0.0000	0.0000	0.0000	0.0000	0.0000	0.0000	0.0000	0.0000	0.0000	0.0000	0.0028	0.0017	0.0011	0.0016	0.0014	0.0002	0.0012	0.0003	0.0009	0.0000	0.0000	0.0000	0.0000	0.0000	0.0000	0.0000	0.0000	0.0000	0.0000	0.0000	0.0000	0.0000	0.0000	0.0000	0.0000	0.0000	0.0000											
12	82	0.0571	3	1	1	2	0	0	0	0	0	N	N	Y	N	N	N	N	N	N	N	N	N	0.0000	0.0000	0.0000	0.0000	0.0000	0.0000	0.0000	0.0000	0.0000	0.0000	0.0000	0.0000	0.0000	0.0000	0.0000	0.0000	0.0000	0.0000	0.0000	0.0000	0.0000	0.0000	1.0091	1.0000	0.0000	0.0000	0.0000	0.0000	0.0000	0.0000	0.0000	0.0000	0.0000	0.0000	0.0000	0.0000	0.0000	0.0000	0.0000	0.0000	0.0000	0.0000	0.0000	0.0000	0.0000	0.0000	0.0000	0.0000	0.0000	0.0000	0.0000	0.0044	0.0021	0.0023	0.0003	0.0003	0.0000	0.0041	0.0018	0.0023	0.0000	0.0000	0.0000	0.0000	0.0000	0.0000	0.0000	0.0000	0.0000	0.0000	0.0000	0.0000	0.0000	0.0000	0.0000	0.0000	0.0000	0.0000											
12	83	0.6320	6	2	0	2	0	0	0	0	0	Y	N	Y	N	N	N	N	N	N	N	N	N	0.0000	0.0000	0.0000	0.0000	0.0000	0.0000	0.0000	0.0000	0.0000	0.0000	0.0000	0.0000	0.0000	0.0000	0.0000	0.0000	0.0000	0.0000	0.0000	0.0000	0.0000	9.0001	1.0091	3.0001	0.0000	0.0000	0.0000	0.0000	0.0000	0.0000	0.0000	0.0000	0.0000	0.0000	0.0000	0.0000	0.0000	0.0000	0.0000	0.0000	0.0000	0.0000	0.0000	0.0000	0.0000	0.0000	0.0000	0.0000	0.0000	0.0000	0.0000	0.0158	0.0098	0.0060	0.0090	0.0077	0.0012	0.0069	0.0021	0.0048	0.0000	0.0000	0.0000	0.0000	0.0000	0.0000	0.0000	0.0000	0.0000	0.0000	0.0000	0.0000	0.0000	0.0000	0.0000	0.0000	0.0000	0.0000											
12	84	0.0347	2	2	0	2	0	0	0	0	0	Y	N	Y	N	N	N	N	N	N	N	N	N	inf	inf	inf	inf	1.1493	0.0000	11.5309	0.0000	0.0000	0.0000	2.2716	0.0000	11.8006	0.0000	0.0000	0.0000	0.0000	0.0000	0.0000	0.0000	0.0000	0.0000	inf	0.0000	0.0000	0.0000	4.0000	1.0091	0.0000	0.0000	0.0000	0.0000	0.0000	0.0000	0.0000	0.0000	0.0000	0.0000	0.0000	0.0000	0.0000	0.0000	0.0000	0.0000	0.0000	0.0000	0.0000	0.0000	0.0000	0.0000	0.0000	0.0000	0.0000	0.0000	0.0000	0.0000	0.0069	0.0023	0.0047	0.0000	0.0000	0.0000	0.0069	0.0023	0.0047	inf	0.0000	inf	0.0000	0.0000	0.0000	inf	0.0000	inf	0.0000	0.0000	0.0000	0.0000	0.0000	0.0000	0.0000	0.0000	0.0000						
12	85	0.0808	3	2	1	1	0	0	0	0	0	Y	N	N	N	N	N	N	N	N	N	N	N	0.0000	0.0000	0.0000	0.0000	0.0000	0.0000	0.0000	0.0000	0.0000	0.0000	0.0000	0.0000	0.0000	0.0000	0.0000	0.0000	0.0000	0.0000	0.0000	0.0000	0.0000	1.0086	1.0091	1.7435	0.0000	0.0000	0.0000	0.0000	0.0000	0.0000	0.0000	0.0000	0.0000	0.0000	0.0000	0.0000	0.0000	0.0000	0.0000	0.0000	0.0000	0.0000	0.0000	0.0000	0.0000	0.0000	0.0000	0.0000	0.0000	0.0000	0.0000	0.0073	0.0031	0.0042	0.0012	0.0011	0.0000	0.0061	0.0020	0.0041	0.0000	0.0000	0.0000	0.0000	0.0000	0.0000	0.0000	0.0000	0.0000	0.0000	0.0000	0.0000	0.0000	0.0000	0.0000	0.0000	0.0000	0.0000											
12	86	0.0347	2	2	1	1	0	0	0	0	0	Y	N	N	N	N	N	N	N	N	N	N	N	0.0000	0.0000	0.0000	0.0000	0.0000	0.0000	0.0000	0.0000	0.0000	0.0000	0.0000	0.0000	0.0000	0.0000	0.0000	0.0000	0.0000	0.0000	0.0000	0.0000	0.0000	1.0165	1.0091	4.1395	0.0000	0.0000	0.0000	0.0000	0.0000	0.0000	0.0000	0.0000	0.0000	0.0000	0.0000	0.0000	0.0000	0.0000	0.0000	0.0000	0.0000	0.0000	0.0000	0.0000	0.0000	0.0000	0.0000	0.0000	0.0000	0.0000	0.0000	0.0087	0.0029	0.0059	0.0000	0.0000	0.0000	0.0087	0.0029	0.0059	0.0000	0.0000	0.0000	0.0000	0.0000	0.0000	0.0000	0.0000	0.0000	0.0000	0.0000	0.0000	0.0000	0.0000	0.0000	0.0000	0.0000	0.0000											
12	87	0.5908	5	2	1	1	0	0	0	0	0	Y	N	N	N	N	N	N	N	N	N	N	N	0.0000	0.0000	0.0000	0.0000	0.0000	0.0000	0.0000	0.0000	0.0000	0.0000	0.0000	0.0000	0.0000	0.0000	0.0000	0.0000	0.0000	0.0000	0.0000	0.0000	0.0000	9.0005	1.0091	5.0000	0.0000	0.0000	0.0000	0.0000	0.0000	0.0000	0.0000	0.0000	0.0000	0.0000	0.0000	0.0000	0.0000	0.0000	0.0000	0.0000	0.0000	0.0000	0.0000	0.0000	0.0000	0.0000	0.0000	0.0000	0.0000	0.0000	0.0000	0.0202	0.0120	0.0081	0.0101	0.0087	0.0014	0.0101	0.0034	0.0067	0.0000	0.0000	0.0000	0.0000	0.0000	0.0000	0.0000	0.0000	0.0000	0.0000	0.0000	0.0000	0.0000	0.0000	0.0000	0.0000	0.0000	0.0000											
12	88	0.0571	3	1	1	1	0	0	0	0	0	N	N	N	N	N	N	N	N	N	N	N	N	0.0000	0.0000	0.0000	0.0000	0.0000	0.0000	0.0000	0.0000	0.0000	0.0000	0.0000	0.0000	0.0000	0.0000	0.0000	0.0000	0.0000	0.0000	0.0000	0.0000	0.0000	0.0000	1.0091	0.0000	0.0000	0.0000	0.0000	0.0000	0.0000	0.0000	0.0000	0.0000	0.0000	0.0000	0.0000	0.0000	0.0000	0.0000	0.0000	0.0000	0.0000	0.0000	0.0000	0.0000	0.0000	0.0000	0.0000	0.0000	0.0000	0.0000	0.0000	0.0000	0.0000	0.0000	0.0000	0.0000	0.0000	0.0000	0.0000	0.0000	0.0000	0.0000	0.0000	0.0000	0.0000	0.0000	0.0000	0.0000	0.0000	0.0000	0.0000	0.0000	0.0000	0.0000	0.0000	0.0000	0.0000	0.0000											
12	89	0.6580	7	1	1	1	0	0	0	0	0	N	N	N	N	N	N	N	N	N	N	N	N	0.0000	0.0000	0.0000	0.0000	0.0000	0.0000	0.0000	0.0000	0.0000	0.0000	0.0000	0.0000	0.0000	0.0000	0.0000	0.0000	0.0000	0.0000	0.0000	0.0000	0.0000	1.9953	1.0091	1.0817	0.0000	0.0000	0.0000	0.0000	0.0000	0.0000	0.0000	0.0000	0.0000	0.0000	0.0000	0.0000	0.0000	0.0000	0.0000	0.0000	0.0000	0.0000	0.0000	0.0000	0.0000	0.0000	0.0000	0.0000	0.0000	0.0000	0.0000	0.0049	0.0030	0.0018	0.0029	0.0025	0.0004	0.0020	0.0005	0.0015	0.0000	0.0000	0.0000	0.0000	0.0000	0.0000	0.0000	0.0000	0.0000	0.0000	0.0000	0.0000	0.0000	0.0000	0.0000	0.0000	0.0000	0.0000											
12	90	0.6320	6	1	1	1	0	0	0	0	0	N	N	N	N	N	N	N	N	N	N	N	N	0.0000	0.0000	0.0000	0.0000	0.0000	0.0000	0.0000	0.0000	0.0000	0.0000	0.0000	0.0000	0.0000	0.0000	0.0000	0.0000	0.0000	0.0000	0.0000	0.0000	0.0000	2.3999	1.0091	4.0713	0.0000	0.0000	0.0000	0.0000	0.0000	0.0000	0.0000	0.0000	0.0000	0.0000	0.0000	0.0000	0.0000	0.0000	0.0000	0.0000	0.0000	0.0000	0.0000	0.0000	0.0000	0.0000	0.0000	0.0000	0.0000	0.0000	0.0000	0.0090	0.0055	0.0034	0.0050	0.0043	0.0007	0.0039	0.0012	0.0027	0.0000	0.0000	0.0000	0.0000	0.0000	0.0000	0.0000	0.0000	0.0000	0.0000	0.0000	0.0000	0.0000	0.0000	0.0000	0.0000	0.0000	0.0000											
12	91	0.6530	7	1	0	2	0	0	0	0	0	N	N	Y	N	N	N	N	N	N	N	N	N	0.0000	0.0000	0.0000	0.0000	0.0000	0.0000	0.0000	0.0000	0.0000	0.0000	0.0000	0.0000	0.0000	0.0000	0.0000	0.0000	0.0000	0.0000	0.0000	0.0000	0.0000	0.0000	1.0091	0.0000	0.0000	0.0000	0.0000	0.0000	0.0000	0.0000	0.0000	0.0000	0.0000	0.0000	0.0000	0.0000	0.0000	0.0000	0.0000	0.0000	0.0000	0.0000	0.0000	0.0000	0.0000	0.0000	0.0000	0.0000	0.0000	0.0000	0.0000	0.0000	0.0000	0.0000	0.0000	0.0000	0.0000	0.0000	0.0000	0.0000	0.0000	0.0000	0.0000	0.0000	0.0000	0.0000	0.0000	0.0000	0.0000	0.0000	0.0000	0.0000	0.0000	0.0000	0.0000	0.0000	0.0000	0.0000											
12	92	0.6210	6	1	0	2	0	0	0	0	0	N	N	Y	N	N	N	N	N	N	N	N	N	0.0000	0.0000	0.0000	0.0000	0.0000	0.0000	0.0000	0.0000	0.0000	0.0000	0.0000	0.0000	0.0000	0.0000	0.0000	0.0000	0.0000	0.0000	0.0000	0.0000	0.0000	3.7221	1.0091	2.9993	0.0000	0.0000	0.0000	0.0000	0.0000	0.0000	0.0000	0.0000	0.0000	0.0000	0.0000	0.0000	0.0000	0.0000	0.0000	0.0000	0.0000	0.0000	0.0000	0.0000	0.0000	0.0000	0.0000	0.0000	0.0000	0.0000	0.0000	0.0106	0.0061	0.0045	0.0051	0.0044	0.0007	0.0055	0.0018	0.0037	0.0000	0.0000	0.0000	0.0000	0.0000	0.0000	0.0000	0.0000	0.0000	0.0000	0.0000	0.0000	0.0000	0.0000	0.0000	0.0000	0.0000	0.0000											
12	93	0.5908	5	1	0	1	0	0	0	0	0	N	N	N	N	N	N	N	N	N	N	N	N	0.0000	0.0000	0.0000	0.0000	0.0000	0.0000	0.0000	0.0000	0.0000	0.0000	0.0000	0.0000	0.0000	0.0000	0.0000	0.0000	0.0000	0.0000	0.0000	0.0000	0.0000	2.7217	1.0091	3.0458	0.0000	0.0000	0.0000	0.0000	0.0000	0.0000	0.0000	0.0000	0.0000	0.0000	0.0000	0.0000	0.0000	0.0000	0.0000	0.0000	0.0000	0.0000	0.0000	0.0000	0.0000	0.0000	0.0000	0.0000	0.0000	0.0000	0.0000	0.0090	0.0053	0.0037	0.0044	0.0038	0.0006	0.0046	0.0015	0.0031	0.0000	0.0000	0.0000	0.0000	0.0000	0.0000	0.0000	0.0000	0.0000	0.0000	0.0000	0.0000	0.0000	0.0000	0.0000	0.0000	0.0000	0.0000											
12	94	0.6483	7	2	1	1	0	0	0	0	0	Y	N	N	N	N	N	N	N	N	N	N	N	0.0000	0.0000	0.0000	0.0000	0.0000	0.0000	0.0000	0.0000	0.0000	0.0000	0.0000	0.0000	0.0000	0.0000	0.0000	0.0000	0.0000	0.0000	0.0000	0.0000	0.0000	5.9980	1.0091	4.9575	0.0000	0.0000	0.0000	0.0000	0.0000	0.0000	0.0000	0.0000	0.0000	0.0000	0.0000	0.0000	0.0000	0.0000	0.0000	0.0000	0.0000	0.0000	0.0000	0.0000	0.0000	0.0000	0.0000	0.0000	0.0000	0.0000	0.0000	0.0135	0.0087	0.0048	0.0079	0.0068	0.0011	0.0055	0.0019	0.0036	0.0000	0.0000	0.0000	0.0000	0.0000	0.0000	0.0000	0.0000	0.0000	0.0000	0.0000	0.0000	0.0000	0.0000	0.0000	0.0000	0.0000	0.0000											
12	95	0.0571	3	2	1	1	0	0	0	0	0	Y	N	N	N	N	N	N	N	N	N	N	N	0.0000	0.0000	0.0000	0.0000	0.0000	0.0000	0.0000	0.0000	0.0000	0.0000	0.0000	0.0000	0.0000	0.0000	0.0000	0.0000	0.0000	0.0000	0.0000	0.0000	0.0000	0.0000	1.0091	2.0000	0.0000	0.0000	0.0000	0.0000	0.0000	0.0000	0.0000	0.0000	0.0000	0.0000	0.0000	0.0000	0.0000	0.0000	0.0000	0.0000	0.0000	0.0000	0.0000	0.0000	0.0000	0.0000	0.0000	0.0000	0.0000	0.0000	0.0000	0.0085	0.0041	0.0044	0.0005	0.0005	0.0000	0.0080	0.0035	0.0044	0.0000	0.0000	0.0000	0.0000	0.0000	0.0000	0.0000	0.0000	0.0000	0.0000	0.0000	0.0000	0.0000	0.0000	0.0000	0.0000	0.0000	0.0000											
12	96	0.0347	2	1	1	1	0	0	0	0	0	N	N	N	N	N	N	N	N	N	N	N	N	inf	inf	inf	inf	1.1493	0.0000	11.5309	0.0000	0.0000	0.0000	2.2716	0.0000	11.8006	0.0000	0.0000	0.0000	0.0000	0.0000	0.0000	0.0000	0.0000	0.0000	inf	0.0000	0.0000	0.0000	4.0000	1.0091	0.0000	0.0000	0.0000	0.0000	0.0000	0.0000	0.0000	0.0000	0.0000	0.0000	0.0000	0.0000	0.0000	0.0000	0.0000	0.0000	0.0000	0.0000	0.0000	0.0000	0.0000	0.0000	0.0000	0.0000	0.0000	0.0000	0.0000	0.0000	0.0069	0.0023	0.0047	0.0000	0.0000	0.0000	0.0069	0.0023	0.0047	inf	0.0000	inf	0.0000	0.0000	0.0000	inf	0.0000	inf	0.0000	0.0000	0.0000	0.0000	0.0000	0.0000	0.0000	0.0000	0.0000						
12	97	0.5908	5	1	0	1	0	0	0	0	0	N	N	N	N	N	N	N	N	N	N	N	N	0.0000	0.0000	0.0000	0.0000	0.0000	0.0000	0.0000	0.0000	0.0000	0.0000	0.0000	0.0000	0.0000	0.0000	0.0000	0.0000	0.0000	0.0000	0.0000	0.0000	0.0000	3.9994	1.0091	4.0000	0.0000	0.0000	0.0000	0.0000	0.0000	0.0000	0.0000	0.0000	0.0000	0.0000	0.0000	0.0000	0.0000	0.0000	0.0000	0.0000	0.0000	0.0000	0.0000	0.0000	0.0000	0.0000	0.0000	0.0000	0.0000	0.0000	0.0000	0.0122	0.0073	0.0050	0.0060	0.0052	0.0008	0.0062	0.0021	0.0041	0.0000	0.0000	0.0000	0.0000	0.0000	0.0000	0.0000	0.0000	0.0000	0.0000	0.0000	0.0000	0.0000	0.0000	0.0000	0.0000	0.0000	0.0000											
12	98	0.0347	2	1	0	1	0	0	0	0	0	N	N	N	N	N	N	N	N	N	N	N	N	0.0000	0.0000	0.0000	0.0000	0.0000	0.0000	0.0000	0.0000	0.0000	0.0000	0.0000	0.0000	0.0000	0.0000	0.0000	0.0000	0.0000	0.0000	0.0000	0.0000	0.0000	1.0000	1.0091	0.0000	0.0000	0.0000	0.0000	0.0000	0.0000	0.0000	0.0000	0.0000	0.0000	0.0000	0.0000	0.0000	0.0000	0.0000	0.0000	0.0000	0.0000	0.0000	0.0000	0.0000	0.0000	0.0000	0.0000	0.0000	0.0000	0.0000	0.0000	0.0033	0.0011	0.0022	0.0000	0.0000	0.0000	0.0033	0.0011	0.0022	0.0000	0.0000	0.0000	0.0000	0.0000	0.0000	0.0000	0.0000	0.0000	0.0000	0.0000	0.0000	0.0000	0.0000	0.0000	0.0000	0.0000	0.0000											
12	99	0.4798	4	1	0	1	0	0	0	0	0	N	N	N	N	N	N	N	N	N	N	N	N	0.0000	0.0000	0.0000	0.0000	0.0000	0.0000	0.0000	0.0000	0.0000	0.0000	0.0000	0.0000	0.0000	0.0000	0.0000	0.0000	0.0000	0.0000	0.0000	0.0000	0.0000	1.5982	1.0091	11.1970	0.0000	0.0000	0.0000	0.0000	0.0000	0.0000	0.0000	0.0000	0.0000	0.0000	0.0000	0.0000	0.0000	0.0000	0.0000	0.0000	0.0000	0.0000	0.0000	0.0000	0.0000	0.0000	0.0000	0.0000	0.0000	0.0000	0.0000	0.0256	0.0147	0.0109	0.0107	0.0096	0.0011	0.0149	0.0051	0.0098	0.0000	0.0000	0.0000	0.0000	0.0000	0.0000	0.0000	0.0000	0.0000	0.0000	0.0000	0.0000	0.0000	0.0000	0.0000	0.0000	0.0000	0.0000											
12	100	0.6498	8	2	1	2	0	0	0	0	0	Y	N	Y	N	N	N	N	N	N	N	N	N	0.0000	0.0000	0.0000	0.0000	0.0000	0.0000	0.0000	0.0000	0.0000	0.0000	0.0000	0.0000	0.0000	0.0000	0.0000	0.0000	0.0000	0.0000	0.0000	0.0000	0.0000	0.0000	1.0091	0.9982	0.0000	0.0000	0.0000	0.0000	0.0000	0.0000	0.0000	0.0000	0.0000	0.0000	0.0000	0.0000	0.0000	0.0000	0.0000	0.0000	0.0000	0.0000	0.0000	0.0000	0.0000	0.0000	0.0000	0.0000	0.0000	0.0000	0.0000	0.0014	0.0009	0.0005	0.0008	0.0007	0.0001	0.0006	0.0002	0.0004	0.0000	0.0000	0.0000	0.0000	0.0000	0.0000	0.0000	0.0000	0.0000	0.0000	0.0000	0.0000	0.0000	0.0000	0.0000	0.0000	0.0000	0.0000											
12	101	0.0121	3	2	1	2	0	0	0	0	0	Y	N	Y	N	N	N	N	N	N	N	N	N	0.0000	0.0000	0.0000	0.0000	0.0000	0.0000	0.0000	0.0000	0.0000	0.0000	0.0000	0.0000	0.0000	0.0000	0.0000	0.0000	0.0000	0.0000	0.0000	0.0000	0.0000	0.0000	1.0091	0.0000	0.0000	0.0000	0.0000	0.0000	0.0000	0.0000	0.0000	0.0000	0.0000	0.0000	0.0000	0.0000	0.0000	0.0000	0.0000	0.0000	0.0000	0.0000	0.0000	0.0000	0.0000	0.0000	0.0000	0.0000	0.0000	0.0000	0.0000	0.0000	0.0000	0.0000	0.0000	0.0000	0.0000	0.0000	0.0000	0.0000	0.0000	0.0000	0.0000	0.0000	0.0000	0.0000	0.0000	0.0000	0.0000	0.0000	0.0000	0.0000	0.0000	0.0000	0.0000	0.0000	0.0000	0.0000											
12	102	0.0121	2	2	0	2	0	0	0	0	0	Y	N	Y	N	N	N	N	N	N	N	N	N	0.0000	0.0000	0.0000	0.0000	0.0000	0.0000	0.0000	0.0000	0.0000	0.0000	0.0000	0.0000	0.0000	0.0000	0.0000	0.0000	0.0000	0.0000	0.0000	0.0000	0.0000	0.0000	1.0091	0.0000	0.0000	0.0000	0.0000	0.0000	0.0000	0.0000	0.0000	0.0000	0.0000	0.0000	0.0000	0.0000	0.0000	0.0000	0.0000	0.0000	0.0000	0.0000	0.0000	0.0000	0.0000	0.0000	0.0000	0.0000	0.0000	0.0000	0.0000	0.0000	0.0000	0.0000	0.0000	0.0000	0.0000	0.0000	0.0000	0.0000	0.0000	0.0000	0.0000	0.0000	0.0000	0.0000	0.0000	0.0000	0.0000	0.0000	0.0000	0.0000	0.0000	0.0000	0.0000	0.0000	0.0000	0.0000											
12	104	0.5908	5	1	1	1	0	0	0	0	0	N	N	N	N	N	N	N	N	N	N	N	N	0.0000	0.0000	0.0000	0.0000	0.0000	0.0000	0.0000	0.0000	0.0000	0.0000	0.0000	0.0000	0.0000	0.0000	0.0000	0.0000	0.0000	0.0000	0.0000	0.0000	0.0000	7.9994	1.0091	4.0001	0.0000	0.0000	0.0000	0.0000	0.0000	0.0000	0.0000	0.0000	0.0000	0.0000	0.0000	0.0000	0.0000	0.0000	0.0000	0.0000	0.0000	0.0000	0.0000	0.0000	0.0000	0.0000	0.0000	0.0000	0.0000	0.0000	0.0000	0.0176	0.0105	0.0071	0.0088	0.0076	0.0012	0.0089	0.0029	0.0059	0.0000	0.0000	0.0000	0.0000	0.0000	0.0000	0.0000	0.0000	0.0000	0.0000	0.0000	0.0000	0.0000	0.0000	0.0000	0.0000	0.0000	0.0000											
12	105	0.6533	9	2	0	2	0	0	0	0	0	Y	N	Y	N	N	N	N	N	N	N	N	N	0.0000	0.0000	0.0000	0.0000	0.0000	0.0000	0.0000	0.0000	0.0000	0.0000	0.0000	0.0000	0.0000	0.0000	0.0000	0.0000	0.0000	0.0000	0.0000	0.0000	0.0000	1.0000	1.0091	1.0005	0.0000	0.0000	0.0000	0.0000	0.0000	0.0000	0.0000	0.0000	0.0000	0.0000	0.0000	0.0000	0.0000	0.0000	0.0000	0.0000	0.0000	0.0000	0.0000	0.0000	0.0000	0.0000	0.0000	0.0000	0.0000	0.0000	0.0000	0.0027	0.0017	0.0010	0.0015	0.0013	0.0002	0.0011	0.0004	0.0007	0.0000	0.0000	0.0000	0.0000	0.0000	0.0000	0.0000	0.0000	0.0000	0.0000	0.0000	0.0000	0.0000	0.0000	0.0000	0.0000	0.0000	0.0000											
12	106	0.6498	8	2	0	2	0	0	0	0	0	Y	N	Y	N	N	N	N	N	N	N	N	N	0.0000	0.0000	0.0000	0.0000	0.0000	0.0000	0.0000	0.0000	0.0000	0.0000	0.0000	0.0000	0.0000	0.0000	0.0000	0.0000	0.0000	0.0000	0.0000	0.0000	0.0000	0.7249	1.0091	0.0368	0.0000	0.0000	0.0000	0.0000	0.0000	0.0000	0.0000	0.0000	0.0000	0.0000	0.0000	0.0000	0.0000	0.0000	0.0000	0.0000	0.0000	0.0000	0.0000	0.0000	0.0000	0.0000	0.0000	0.0000	0.0000	0.0000	0.0000	0.0010	0.0007	0.0004	0.0006	0.0005	0.0001	0.0004	0.0001	0.0003	0.0000	0.0000	0.0000	0.0000	0.0000	0.0000	0.0000	0.0000	0.0000	0.0000	0.0000	0.0000	0.0000	0.0000	0.0000	0.0000	0.0000	0.0000											
12	107	0.6483	7	2	0	2	0	0	0	0	0	Y	N	Y	N	N	N	N	N	N	N	N	N	0.0000	0.0000	0.0000	0.0000	0.0000	0.0000	0.0000	0.0000	0.0000	0.0000	0.0000	0.0000	0.0000	0.0000	0.0000	0.0000	0.0000	0.0000	0.0000	0.0000	0.0000	0.4159	1.0091	0.0887	0.0000	0.0000	0.0000	0.0000	0.0000	0.0000	0.0000	0.0000	0.0000	0.0000	0.0000	0.0000	0.0000	0.0000	0.0000	0.0000	0.0000	0.0000	0.0000	0.0000	0.0000	0.0000	0.0000	0.0000	0.0000	0.0000	0.0000	0.0007	0.0005	0.0003	0.0004	0.0004	0.0001	0.0003	0.0001	0.0002	0.0000	0.0000	0.0000	0.0000	0.0000	0.0000	0.0000	0.0000	0.0000	0.0000	0.0000	0.0000	0.0000	0.0000	0.0000	0.0000	0.0000	0.0000											
12	108	0.6320	6	2	0	1	0	0	0	0	0	Y	N	N	N	N	N	N	N	N	N	N	N	0.0000	0.0000	0.0000	0.0000	0.0000	0.0000	0.0000	0.0000	0.0000	0.0000	0.0000	0.0000	0.0000	0.0000	0.0000	0.0000	0.0000	0.0000	0.0000	0.0000	0.0000	3.9943	1.0091	0.9974	0.0000	0.0000	0.0000	0.0000	0.0000	0.0000	0.0000	0.0000	0.0000	0.0000	0.0000	0.0000	0.0000	0.0000	0.0000	0.0000	0.0000	0.0000	0.0000	0.0000	0.0000	0.0000	0.0000	0.0000	0.0000	0.0000	0.0000	0.0070	0.0043	0.0027	0.0039	0.0034	0.0005	0.0031	0.0009	0.0022	0.0000	0.0000	0.0000	0.0000	0.0000	0.0000	0.0000	0.0000	0.0000	0.0000	0.0000	0.0000	0.0000	0.0000	0.0000	0.0000	0.0000	0.0000											
12	112	0.6366	6	1	0	2	0	0	0	0	0	N	N	Y	N	N	N	N	N	N	N	N	N	0.0000	0.0000	0.0000	0.0000	0.0000	0.0000	0.0000	0.0000	0.0000	0.0000	0.0000	0.0000	0.0000	0.0000	0.0000	0.0000	0.0000	0.0000	0.0000	0.0000	0.0000	0.0000	1.0091	0.0001	0.0000	0.0000	0.0000	0.0000	0.0000	0.0000	0.0000	0.0000	0.0000	0.0000	0.0000	0.0000	0.0000	0.0000	0.0000	0.0000	0.0000	0.0000	0.0000	0.0000	0.0000	0.0000	0.0000	0.0000	0.0000	0.0000	0.0000	0.0000	0.0000	0.0000	0.0000	0.0000	0.0000	0.0000	0.0000	0.0000	0.0000	0.0000	0.0000	0.0000	0.0000	0.0000	0.0000	0.0000	0.0000	0.0000	0.0000	0.0000	0.0000	0.0000	0.0000	0.0000	0.0000	0.0000											
12	113	0.5908	5	1	0	2	0	0	0	0	0	N	N	Y	N	N	N	N	N	N	N	N	N	0.0000	0.0000	0.0000	0.0000	0.0000	0.0000	0.0000	0.0000	0.0000	0.0000	0.0000	0.0000	0.0000	0.0000	0.0000	0.0000	0.0000	0.0000	0.0000	0.0000	0.0000	4.0004	1.0091	4.9999	0.0000	0.0000	0.0000	0.0000	0.0000	0.0000	0.0000	0.0000	0.0000	0.0000	0.0000	0.0000	0.0000	0.0000	0.0000	0.0000	0.0000	0.0000	0.0000	0.0000	0.0000	0.0000	0.0000	0.0000	0.0000	0.0000	0.0000	0.0136	0.0081	0.0055	0.0067	0.0058	0.0009	0.0069	0.0023	0.0046	0.0000	0.0000	0.0000	0.0000	0.0000	0.0000	0.0000	0.0000	0.0000	0.0000	0.0000	0.0000	0.0000	0.0000	0.0000	0.0000	0.0000	0.0000											
12	114	0.0673	3	1	1	1	0	0	0	0	0	N	N	N	N	N	N	N	N	N	N	N	N	0.0000	0.0000	0.0000	0.0000	0.0000	0.0000	0.0000	0.0000	0.0000	0.0000	0.0000	0.0000	0.0000	0.0000	0.0000	0.0000	0.0000	0.0000	-0.0000	0.0000	0.0000	4.3361	1.0091	4.6323	0.0000	0.0000	0.0000	0.0000	0.0000	0.0000	0.0000	0.0000	0.0000	0.0000	0.0000	0.0000	0.0000	0.0000	0.0000	0.0000	0.0000	0.0000	0.0000	0.0000	0.0000	0.0000	0.0000	0.0000	0.0000	0.0000	0.0000	0.0207	0.0074	0.0133	0.0003	0.0003	0.0000	0.0204	0.0071	0.0133	0.0000	0.0000	0.0000	0.0000	0.0000	0.0000	0.0000	0.0000	0.0000	0.0000	0.0000	0.0000	0.0000	0.0000	0.0000	0.0000	0.0000	0.0000											
12	115	0.0347	2	1	0	1	0	0	0	0	0	N	N	N	N	N	N	N	N	N	N	N	N	0.0000	0.0000	0.0000	0.0000	0.0000	0.0000	0.0000	0.0000	0.0000	0.0000	0.0000	0.0000	0.0000	0.0000	0.0000	0.0000	0.0000	0.0000	0.0000	0.0000	0.0000	1.9840	1.0091	0.2610	0.0000	0.0000	0.0000	0.0000	0.0000	0.0000	0.0000	0.0000	0.0000	0.0000	0.0000	0.0000	0.0000	0.0000	0.0000	0.0000	0.0000	0.0000	0.0000	0.0000	0.0000	0.0000	0.0000	0.0000	0.0000	0.0000	0.0000	0.0040	0.0013	0.0027	0.0000	0.0000	0.0000	0.0040	0.0013	0.0027	0.0000	0.0000	0.0000	0.0000	0.0000	0.0000	0.0000	0.0000	0.0000	0.0000	0.0000	0.0000	0.0000	0.0000	0.0000	0.0000	0.0000	0.0000											
12	116	0.5908	5	1	1	1	1	0	0	0	0	N	N	N	N	N	N	N	N	N	N	N	N	0.0000	0.0000	0.0000	0.0000	0.0000	0.0000	0.0000	0.0000	0.0000	0.0000	0.0000	0.0000	0.0000	0.0000	0.0000	0.0000	0.0000	0.0000	0.0000	0.0000	0.0000	5.0006	1.0091	2.0000	0.0000	0.0000	0.0000	0.0000	0.0000	0.0000	0.0000	0.0000	0.0000	0.0000	0.0000	0.0000	0.0000	0.0000	0.0000	0.0000	0.0000	0.0000	0.0000	0.0000	0.0000	0.0000	0.0000	0.0000	0.0000	0.0000	0.0000	0.0108	0.0064	0.0044	0.0053	0.0046	0.0007	0.0055	0.0018	0.0037	0.0000	0.0000	0.0000	0.0000	0.0000	0.0000	0.0000	0.0000	0.0000	0.0000	0.0000	0.0000	0.0000	0.0000	0.0000	0.0000	0.0000	0.0000											
12	117	0.0347	2	1	1	1	1	0	0	0	0	N	N	N	N	N	N	N	N	N	N	N	N	0.0000	0.0000	0.0000	0.0000	0.0000	0.0000	0.0000	0.0000	0.0000	0.0000	0.0000	0.0000	0.0000	0.0000	0.0000	0.0000	0.0000	0.0000	0.0000	0.0000	0.0000	0.0000	1.0091	1.0000	0.0000	0.0000	0.0000	0.0000	0.0000	0.0000	0.0000	0.0000	0.0000	0.0000	0.0000	0.0000	0.0000	0.0000	0.0000	0.0000	0.0000	0.0000	0.0000	0.0000	0.0000	0.0000	0.0000	0.0000	0.0000	0.0000	0.0000	0.0025	0.0008	0.0017	0.0000	0.0000	0.0000	0.0025	0.0008	0.0017	0.0000	0.0000	0.0000	0.0000	0.0000	0.0000	0.0000	0.0000	0.0000	0.0000	0.0000	0.0000	0.0000	0.0000	0.0000	0.0000	0.0000	0.0000											
12	118	0.5908	5	1	1	1	0	0	0	0	0	N	N	N	N	N	N	N	N	N	N	N	N	0.0000	0.0000	0.0000	0.0000	0.0000	0.0000	0.0000	0.0000	0.0000	0.0000	0.0000	0.0000	0.0000	0.0000	0.0000	0.0000	0.0000	0.0000	0.0000	0.0000	0.0000	16.9994	1.0091	6.0000	0.0000	0.0000	0.0000	0.0000	0.0000	0.0000	0.0000	0.0000	0.0000	0.0000	0.0000	0.0000	0.0000	0.0000	0.0000	0.0000	0.0000	0.0000	0.0000	0.0000	0.0000	0.0000	0.0000	0.0000	0.0000	0.0000	0.0000	0.0305	0.0183	0.0122	0.0155	0.0133	0.0022	0.0150	0.0050	0.0099	0.0000	0.0000	0.0000	0.0000	0.0000	0.0000	0.0000	0.0000	0.0000	0.0000	0.0000	0.0000	0.0000	0.0000	0.0000	0.0000	0.0000	0.0000											
12	119	0.0347	2	1	1	1	0	0	0	0	0	N	N	N	N	N	N	N	N	N	N	N	N	0.0000	0.0000	0.0000	0.0000	0.0000	0.0000	0.0000	0.0000	0.0000	0.0000	0.0000	0.0000	0.0000	0.0000	0.0000	0.0000	0.0000	0.0000	0.0000	0.0000	0.0000	5.0000	1.0091	6.0000	0.0000	0.0000	0.0000	0.0000	0.0000	0.0000	0.0000	0.0000	0.0000	0.0000	0.0000	0.0000	0.0000	0.0000	0.0000	0.0000	0.0000	0.0000	0.0000	0.0000	0.0000	0.0000	0.0000	0.0000	0.0000	0.0000	0.0000	0.0167	0.0055	0.0112	0.0000	0.0000	0.0000	0.0167	0.0055	0.0112	0.0000	0.0000	0.0000	0.0000	0.0000	0.0000	0.0000	0.0000	0.0000	0.0000	0.0000	0.0000	0.0000	0.0000	0.0000	0.0000	0.0000	0.0000											
12	120	0.0627	3	1	1	1	0	0	0	0	0	N	N	N	N	N	N	N	N	N	N	N	N	2.1039	53.6301	0.0000	0.0000	168.4985	355.2552	0.0286	0.0000	0.1658	0.0000	0.0000	0.0000	0.0520	0.0000	0.1655	0.0136	0.0000	0.0031	0.0468	0.0000	1.0428	0.0003	0.0000	0.0005	inf	inf	0.0000	0.0000	0.0000	0.9998	1.0091	0.9486	0.0000	0.0000	0.0000	0.0000	0.0000	0.0000	0.0000	0.0000	0.0000	0.0000	0.0000	0.0000	0.0000	0.0000	0.0000	0.0000	0.0000	0.0000	0.0000	0.0000	0.0000	0.0000	0.0000	0.0000	0.0000	0.0000	0.0000	0.0081	0.0042	0.0038	0.0014	0.0014	0.0000	0.0066	0.0028	0.0038	19.4867	0.0000	53.6301	0.0000	0.0000	0.0000	195.0443	0.0000	355.2552	0.0015	0.0000	0.0031	0.0071	0.0000	0.3175	0.0003	0.0000	0.0005			
12	121	0.0347	2	1	1	1	0	0	0	0	0	N	N	N	N	N	N	N	N	N	N	N	N	inf	inf	inf	inf	0.9028	0.0000	9.4694	0.0000	0.0000	0.0000	1.7787	0.0000	9.7050	0.0000	0.0000	0.0000	0.0000	0.0000	0.0000	0.0000	0.0000	0.0000	inf	0.0000	0.0000	0.0000	3.0005	1.0091	1.1085	0.0000	0.0000	0.0000	0.0000	0.0000	0.0000	0.0000	0.0000	0.0000	0.0000	0.0000	0.0000	0.0000	0.0000	0.0000	0.0000	0.0000	0.0000	0.0000	0.0000	0.0000	0.0000	0.0000	0.0000	0.0000	0.0000	0.0000	0.0122	0.0040	0.0082	0.0000	0.0000	0.0000	0.0122	0.0040	0.0082	inf	0.0000	inf	0.0000	0.0000	0.0000	inf	0.0000	inf	0.0000	0.0000	0.0000	0.0000	0.0000	0.0000	0.0000	0.0000	0.0000						
12	122	0.6320	6	1	1	1	0	0	0	0	0	N	N	N	N	N	N	N	N	N	N	N	N	0.0000	0.0000	0.0000	0.0000	0.0000	0.0000	0.0000	0.0000	0.0000	0.0000	0.0000	0.0000	0.0000	0.0000	0.0000	0.0000	0.0000	0.0000	0.0000	0.0000	0.0000	2.0001	1.0091	3.0000	0.0000	0.0000	0.0000	0.0000	0.0000	0.0000	0.0000	0.0000	0.0000	0.0000	0.0000	0.0000	0.0000	0.0000	0.0000	0.0000	0.0000	0.0000	0.0000	0.0000	0.0000	0.0000	0.0000	0.0000	0.0000	0.0000	0.0000	0.0070	0.0043	0.0027	0.0039	0.0034	0.0005	0.0031	0.0009	0.0022	0.0000	0.0000	0.0000	0.0000	0.0000	0.0000	0.0000	0.0000	0.0000	0.0000	0.0000	0.0000	0.0000	0.0000	0.0000	0.0000	0.0000	0.0000											
12	123	0.5908	5	1	0	1	0	0	0	0	0	N	N	N	N	N	N	N	N	N	N	N	N	0.0000	0.0000	0.0000	0.0000	0.0000	0.0000	0.0000	0.0000	0.0000	0.0000	0.0000	0.0000	0.0000	0.0000	0.0000	0.0000	0.0000	0.0000	0.0000	0.0000	0.0000	6.9986	1.0091	2.0000	0.0000	0.0000	0.0000	0.0000	0.0000	0.0000	0.0000	0.0000	0.0000	0.0000	0.0000	0.0000	0.0000	0.0000	0.0000	0.0000	0.0000	0.0000	0.0000	0.0000	0.0000	0.0000	0.0000	0.0000	0.0000	0.0000	0.0000	0.0136	0.0081	0.0055	0.0067	0.0058	0.0009	0.0069	0.0023	0.0046	0.0000	0.0000	0.0000	0.0000	0.0000	0.0000	0.0000	0.0000	0.0000	0.0000	0.0000	0.0000	0.0000	0.0000	0.0000	0.0000	0.0000	0.0000											
12	124	0.0682	3	1	1	1	0	0	0	0	0	N	N	N	N	N	N	N	N	N	N	N	N	0.0000	0.0000	0.0000	0.0000	0.0000	0.0000	0.0000	0.0000	0.0000	0.0000	0.0000	0.0000	0.0000	0.0000	0.0000	0.0000	0.0000	0.0000	0.0000	0.0000	0.0000	3.9006	1.0091	3.1543	0.0000	0.0000	0.0000	0.0000	0.0000	0.0000	0.0000	0.0000	0.0000	0.0000	0.0000	0.0000	0.0000	0.0000	0.0000	0.0000	0.0000	0.0000	0.0000	0.0000	0.0000	0.0000	0.0000	0.0000	0.0000	0.0000	0.0000	0.0164	0.0049	0.0115	0.0005	0.0005	0.0001	0.0159	0.0044	0.0115	0.0000	0.0000	0.0000	0.0000	0.0000	0.0000	0.0000	0.0000	0.0000	0.0000	0.0000	0.0000	0.0000	0.0000	0.0000	0.0000	0.0000	0.0000											
12	125	0.0347	2	1	1	1	0	0	0	0	0	N	N	N	N	N	N	N	N	N	N	N	N	0.0000	0.0000	0.0000	0.0000	0.0000	0.0000	0.0000	0.0000	0.0000	0.0000	0.0000	0.0000	0.0000	0.0000	0.0000	0.0000	0.0000	0.0000	0.0000	0.0000	0.0000	1.6924	1.0091	1.9110	0.0000	0.0000	0.0000	0.0000	0.0000	0.0000	0.0000	0.0000	0.0000	0.0000	0.0000	0.0000	0.0000	0.0000	0.0000	0.0000	0.0000	0.0000	0.0000	0.0000	0.0000	0.0000	0.0000	0.0000	0.0000	0.0000	0.0000	0.0109	0.0036	0.0073	0.0000	0.0000	0.0000	0.0109	0.0036	0.0073	0.0000	0.0000	0.0000	0.0000	0.0000	0.0000	0.0000	0.0000	0.0000	0.0000	0.0000	0.0000	0.0000	0.0000	0.0000	0.0000	0.0000	0.0000											
12	126	0.5908	5	1	1	1	0	0	0	0	0	N	N	N	N	N	N	N	N	N	N	N	N	0.0000	0.0000	0.0000	0.0000	0.0000	0.0000	0.0000	0.0000	0.0000	0.0000	0.0000	0.0000	0.0000	0.0000	0.0000	0.0000	0.0000	0.0000	0.0000	0.0000	0.0000	0.9996	1.0091	8.0005	0.0000	0.0000	0.0000	0.0000	0.0000	0.0000	0.0000	0.0000	0.0000	0.0000	0.0000	0.0000	0.0000	0.0000	0.0000	0.0000	0.0000	0.0000	0.0000	0.0000	0.0000	0.0000	0.0000	0.0000	0.0000	0.0000	0.0000	0.0136	0.0081	0.0055	0.0067	0.0058	0.0009	0.0069	0.0023	0.0046	0.0000	0.0000	0.0000	0.0000	0.0000	0.0000	0.0000	0.0000	0.0000	0.0000	0.0000	0.0000	0.0000	0.0000	0.0000	0.0000	0.0000	0.0000											
12	127	0.4962	5	1	0	1	0	0	0	0	0	N	N	N	N	N	N	N	N	N	N	N	N	0.0000	0.0000	0.0000	0.0000	0.0000	0.0000	0.0000	0.0000	0.0000	0.0000	0.0000	0.0000	0.0000	0.0000	0.0000	0.0000	0.0000	0.0000	0.0000	0.0000	0.0000	3.6536	1.0091	12.3970	0.0000	0.0000	0.0000	0.0000	0.0000	0.0000	0.0000	0.0000	0.0000	0.0000	0.0000	0.0000	0.0000	0.0000	0.0000	0.0000	0.0000	0.0000	0.0000	0.0000	0.0000	0.0000	0.0000	0.0000	0.0000	0.0000	0.0000	0.0279	0.0160	0.0120	0.0115	0.0102	0.0013	0.0164	0.0058	0.0106	0.0000	0.0000	0.0000	0.0000	0.0000	0.0000	0.0000	0.0000	0.0000	0.0000	0.0000	0.0000	0.0000	0.0000	0.0000	0.0000	0.0000	0.0000											
12	128	0.2850	3	1	0	1	0	0	0	0	0	N	N	N	N	N	N	N	N	N	N	N	N	8.9041	4.8689	2.4445	2.9520	inf	inf	0.0104	0.0117	0.0000	0.0053	0.0059	0.0000	0.0353	0.0412	0.0000	0.0012	0.0024	0.0000	0.0022	0.0020	0.0000	0.0000	0.0000	0.0000	0.0000	0.0000	-0.0000	-0.0000	0.0000	5.3495	1.0091	12.4099	0.0000	0.0000	0.0000	0.0000	0.0000	0.0000	0.0000	0.0000	0.0000	0.0000	0.0000	0.0000	0.0000	0.0000	0.0000	0.0000	0.0000	0.0000	0.0000	0.0000	0.0000	0.0000	0.0000	0.0000	0.0000	0.0000	0.0000	0.0527	0.0302	0.0224	0.0216	0.0190	0.0026	0.0311	0.0112	0.0198	27.3891	17.6013	0.0000	5.7684	5.6368	0.0000	inf	inf	0.0000	0.0004	0.0007	0.0000	0.0009	0.0011	0.0000	0.0000	0.0000	0.0000			
12	129	0.7023	11	1	1	1	1	0	0	0	0	N	N	N	N	N	N	N	N	N	N	N	N	0.0000	0.0000	0.0000	0.0000	0.0000	0.0000	0.0000	0.0000	0.0000	0.0000	0.0000	0.0000	0.0000	0.0000	0.0000	0.0000	0.0000	0.0000	0.0000	0.0000	0.0000	0.0000	1.0091	0.0000	0.0000	0.0000	0.0000	0.0000	0.0000	0.0000	0.0000	0.0000	0.0000	0.0000	0.0000	0.0000	0.0000	0.0000	0.0000	0.0000	0.0000	0.0000	0.0000	0.0000	0.0000	0.0000	0.0000	0.0000	0.0000	0.0000	0.0000	0.0000	0.0000	0.0000	0.0000	0.0000	0.0000	0.0000	0.0000	0.0000	0.0000	0.0000	0.0000	0.0000	0.0000	0.0000	0.0000	0.0000	0.0000	0.0000	0.0000	0.0000	0.0000	0.0000	0.0000	0.0000	0.0000	0.0000											
12	130	0.6860	10	1	1	1	1	0	0	0	0	N	N	N	N	N	N	N	N	N	N	N	N	0.0000	0.0000	0.0000	0.0000	0.0000	0.0000	0.0000	0.0000	0.0000	0.0000	0.0000	0.0000	0.0000	0.0000	0.0000	0.0000	0.0000	0.0000	0.0000	0.0000	0.0000	0.0000	1.0091	3.0001	0.0000	0.0000	0.0000	0.0000	0.0000	0.0000	0.0000	0.0000	0.0000	0.0000	0.0000	0.0000	0.0000	0.0000	0.0000	0.0000	0.0000	0.0000	0.0000	0.0000	0.0000	0.0000	0.0000	0.0000	0.0000	0.0000	0.0000	0.0086	0.0058	0.0028	0.0032	0.0029	0.0003	0.0054	0.0029	0.0024	0.0000	0.0000	0.0000	0.0000	0.0000	0.0000	0.0000	0.0000	0.0000	0.0000	0.0000	0.0000	0.0000	0.0000	0.0000	0.0000	0.0000	0.0000											
12	131	0.6763	9	1	1	1	0	0	0	0	0	N	N	N	N	N	N	N	N	N	N	N	N	0.0000	0.0000	0.0000	0.0000	0.0000	0.0000	0.0000	0.0000	0.0000	0.0000	0.0000	0.0000	0.0000	0.0000	0.0000	0.0000	0.0000	0.0000	0.0000	0.0000	0.0000	0.0000	1.0091	0.0000	0.0000	0.0000	0.0000	0.0000	0.0000	0.0000	0.0000	0.0000	0.0000	0.0000	0.0000	0.0000	0.0000	0.0000	0.0000	0.0000	0.0000	0.0000	0.0000	0.0000	0.0000	0.0000	0.0000	0.0000	0.0000	0.0000	0.0000	0.0000	0.0000	0.0000	0.0000	0.0000	0.0000	0.0000	0.0000	0.0000	0.0000	0.0000	0.0000	0.0000	0.0000	0.0000	0.0000	0.0000	0.0000	0.0000	0.0000	0.0000	0.0000	0.0000	0.0000	0.0000	0.0000	0.0000											
12	132	0.6860	10	1	0	2	1	0	0	0	0	N	N	Y	N	N	N	N	N	N	N	N	N	0.0000	0.0000	0.0000	0.0000	0.0000	0.0000	0.0000	0.0000	0.0000	0.0000	0.0000	0.0000	0.0000	0.0000	0.0000	0.0000	0.0000	0.0000	0.0000	0.0000	0.0000	0.0000	1.0091	1.9999	0.0000	0.0000	0.0000	0.0000	0.0000	0.0000	0.0000	0.0000	0.0000	0.0000	0.0000	0.0000	0.0000	0.0000	0.0000	0.0000	0.0000	0.0000	0.0000	0.0000	0.0000	0.0000	0.0000	0.0000	0.0000	0.0000	0.0000	0.0059	0.0040	0.0019	0.0022	0.0020	0.0002	0.0037	0.0020	0.0017	0.0000	0.0000	0.0000	0.0000	0.0000	0.0000	0.0000	0.0000	0.0000	0.0000	0.0000	0.0000	0.0000	0.0000	0.0000	0.0000	0.0000	0.0000											
12	133	0.6970	11	1	0	2	1	0	0	0	0	N	N	Y	N	N	N	N	N	N	N	N	N	0.0000	0.0000	0.0000	0.0000	0.0000	0.0000	0.0000	0.0000	0.0000	0.0000	0.0000	0.0000	0.0000	0.0000	0.0000	0.0000	0.0000	0.0000	0.0000	0.0000	0.0000	1.0000	1.0091	0.0000	0.0000	0.0000	0.0000	0.0000	0.0000	0.0000	0.0000	0.0000	0.0000	0.0000	0.0000	0.0000	0.0000	0.0000	0.0000	0.0000	0.0000	0.0000	0.0000	0.0000	0.0000	0.0000	0.0000	0.0000	0.0000	0.0000	0.0000	0.0029	0.0020	0.0010	0.0010	0.0009	0.0001	0.0019	0.0010	0.0009	0.0000	0.0000	0.0000	0.0000	0.0000	0.0000	0.0000	0.0000	0.0000	0.0000	0.0000	0.0000	0.0000	0.0000	0.0000	0.0000	0.0000	0.0000											
12	134	0.6970	11	1	0	2	1	0	0	0	0	N	N	Y	N	N	N	N	N	N	N	N	N	0.0000	0.0000	0.0000	0.0000	0.0000	0.0000	0.0000	0.0000	0.0000	0.0000	0.0000	0.0000	0.0000	0.0000	0.0000	0.0000	0.0000	0.0000	0.0000	0.0000	0.0000	0.0000	1.0091	0.0000	0.0000	0.0000	0.0000	0.0000	0.0000	0.0000	0.0000	0.0000	0.0000	0.0000	0.0000	0.0000	0.0000	0.0000	0.0000	0.0000	0.0000	0.0000	0.0000	0.0000	0.0000	0.0000	0.0000	0.0000	0.0000	0.0000	0.0000	0.0000	0.0000	0.0000	0.0000	0.0000	0.0000	0.0000	0.0000	0.0000	0.0000	0.0000	0.0000	0.0000	0.0000	0.0000	0.0000	0.0000	0.0000	0.0000	0.0000	0.0000	0.0000	0.0000	0.0000	0.0000	0.0000	0.0000											
12	135	0.6860	10	1	0	2	1	0	0	0	0	N	N	Y	N	N	N	N	N	N	N	N	N	0.9648	16.8376	4.1894	24.5890	0.0000	0.0000	0.0067	0.0000	0.0513	0.0137	0.0000	0.6393	0.0000	0.0000	0.0000	0.0070	0.0000	0.0030	0.0033	0.0000	0.0260	0.0013	0.0000	0.0018	inf	inf	0.0000	0.0000	0.0000	2.0025	1.0091	0.9943	0.0000	0.0000	0.0000	0.0000	0.0000	0.0000	0.0000	0.0000	0.0000	0.0000	0.0000	0.0000	0.0000	0.0000	0.0000	0.0000	0.0000	0.0000	0.0000	0.0000	0.0000	0.0000	0.0000	0.0000	0.0000	0.0000	0.0000	0.0086	0.0058	0.0028	0.0032	0.0029	0.0003	0.0054	0.0029	0.0024	6.8072	0.0000	16.8376	10.7640	0.0000	52.2676	0.0000	0.0000	0.0000	0.0010	0.0000	0.0030	0.0013	0.0000	0.0122	0.0008	0.0000	0.0018			
12	136	0.6860	9	1	0	1	1	0	0	0	0	N	N	N	N	N	N	N	N	N	N	N	N	0.3412	0.1967	1.2782	0.3259	0.2796	0.3285	0.0000	0.0000	0.0000	0.4381	0.2858	0.9376	0.6098	0.4399	0.9984	0.0000	0.0000	0.0000	1.2838	1.4527	0.7335	1.8709	1.5737	3.0392	0.6077	0.0018	0.1917	0.9999	0.9994	0.0000	-0.0000	0.0000	0.0050	1.0091	0.0173	0.0000	0.0000	0.0000	0.0000	0.0000	0.0000	0.0000	0.0000	0.0000	0.0000	0.0000	0.0000	0.0000	0.0000	0.0000	0.0000	0.0000	0.0000	0.0000	0.0000	0.0000	0.0000	0.0000	0.0000	0.0000	0.0000	0.0000	0.0002	0.0001	0.0000	0.0001	0.0001	0.0000	0.0001	0.0000	0.0000	4.1727	3.9345	4.9524	3.6415	3.5685	1.5625	0.0000	0.0000	0.0000	0.1050	0.0726	0.1893	0.1675	0.1233	0.6390	0.0505	0.0000	0.1137
12	137	0.6763	8	1	0	1	1	0	0	0	0	N	N	N	N	N	N	N	N	N	N	N	N	39792.2647	0.0000	694525.0296	79210.5151	0.0000	33263739.3031	0.0000	0.0000	7.1786	0.0000	90.8197	8.9132	0.0000	141.3398	0.0000	0.0000	0.0000	0.0002	0.0001	0.0001	0.0001	0.0001	0.0000	0.0002	0.0000	0.0002	inf	107.3279	0.0000	0.0000	0.0000	1.9972	1.0091	1.0076	0.0000	0.0000	0.0000	0.0000	0.0000	0.0000	0.0000	0.0000	0.0000	0.0000	0.0000	0.0000	0.0000	0.0000	0.0000	0.0000	0.0000	0.0000	0.0000	0.0000	0.0000	0.0000	0.0000	0.0000	0.0000	0.0000	0.0000	0.0039	0.0025	0.0014	0.0024	0.0021	0.0003	0.0015	0.0004	0.0011	153298.8823	0.0000	694525.0296	7196852.4204	0.0000	33263739.3031	0.0000	0.0000	0.0000	0.0000	0.0000	0.0001	0.0000	0.0000	0.0000	0.0001	0.0000	0.0002	
12	138	0.6590	7	2	1	1	0	0	0	0	0	Y	N	N	N	N	N	N	N	N	N	N	N	0.0000	0.0000	0.0000	0.0000	0.0000	0.0000	0.0000	0.0000	0.0000	0.0000	0.0000	0.0000	0.0000	0.0000	0.0000	0.0000	0.0000	0.0000	0.0000	0.0000	0.0000	0.0002	1.0091	2.3255	0.0000	0.0000	0.0000	0.0000	0.0000	0.0000	0.0000	0.0000	0.0000	0.0000	0.0000	0.0000	0.0000	0.0000	0.0000	0.0000	0.0000	0.0000	0.0000	0.0000	0.0000	0.0000	0.0000	0.0000	0.0000	0.0000	0.0000	0.0045	0.0030	0.0016	0.0024	0.0022	0.0003	0.0021	0.0008	0.0013	0.0000	0.0000	0.0000	0.0000	0.0000	0.0000	0.0000	0.0000	0.0000	0.0000	0.0000	0.0000	0.0000	0.0000	0.0000	0.0000	0.0000	0.0000											
12	139	0.6412	6	2	1	1	0	0	0	0	0	Y	N	N	N	N	N	N	N	N	N	N	N	inf	inf	inf	inf	0.0231	0.0258	0.0000	0.0264	0.0295	0.0000	0.0000	0.0000	0.0000	0.0000	0.0000	0.0000	0.0000	0.0000	0.0000	0.0000	0.0000	0.0000	0.0000	-0.0000	0.0000	0.0000	2.0138	1.0091	2.7349	0.0000	0.0000	0.0000	0.0000	0.0000	0.0000	0.0000	0.0000	0.0000	0.0000	0.0000	0.0000	0.0000	0.0000	0.0000	0.0000	0.0000	0.0000	0.0000	0.0000	0.0000	0.0000	0.0000	0.0000	0.0000	0.0000	0.0000	0.0092	0.0056	0.0036	0.0048	0.0043	0.0005	0.0044	0.0013	0.0031	inf	inf	0.0000	inf	inf	0.0000	0.0000	0.0000	0.0000	0.0000	0.0000	0.0000	0.0000	0.0000	0.0000	0.0000	0.0000	0.0000						
12	140	0.6577	7	1	1	1	0	0	0	0	0	N	N	N	N	N	N	N	N	N	N	N	N	inf	inf	inf	inf	inf	inf	0.3713	0.3811	0.0000	0.3812	0.3902	0.0000	0.0560	0.0630	0.0000	0.0000	0.0000	0.0000	0.0000	0.0000	0.0000	0.0000	0.0000	0.0000	0.0000	-0.0000	0.0000	0.0000	1.9232	1.0091	1.1116	0.0000	0.0000	0.0000	0.0000	0.0000	0.0000	0.0000	0.0000	0.0000	0.0000	0.0000	0.0000	0.0000	0.0000	0.0000	0.0000	0.0000	0.0000	0.0000	0.0000	0.0000	0.0000	0.0000	0.0000	0.0000	0.0000	0.0000	0.0041	0.0027	0.0015	0.0025	0.0022	0.0003	0.0016	0.0005	0.0011	inf	inf	0.0000	inf	inf	0.0000	inf	inf	0.0000	0.0000	0.0000	0.0000	0.0000	0.0000	0.0000	0.0000	0.0000	0.0000				
12	141	0.0539	3	1	1	1	0	0	0	0	0	N	N	N	N	N	N	N	N	N	N	N	N	0.0000	0.0000	0.0000	0.0000	0.0000	0.0000	0.0000	0.0000	0.0000	0.0000	0.0000	0.0000	0.0000	0.0000	0.0000	0.0000	0.0000	0.0000	0.0000	0.0000	0.0000	3.0000	1.0091	1.0000	0.0000	0.0000	0.0000	0.0000	0.0000	0.0000	0.0000	0.0000	0.0000	0.0000	0.0000	0.0000	0.0000	0.0000	0.0000	0.0000	0.0000	0.0000	0.0000	0.0000	0.0000	0.0000	0.0000	0.0000	0.0000	0.0000	0.0000	0.0109	0.0039	0.0070	0.0000	0.0000	0.0000	0.0109	0.0039	0.0070	0.0000	0.0000	0.0000	0.0000	0.0000	0.0000	0.0000	0.0000	0.0000	0.0000	0.0000	0.0000	0.0000	0.0000	0.0000	0.0000	0.0000	0.0000											
12	142	0.0347	2	1	0	1	0	0	0	0	0	N	N	N	N	N	N	N	N	N	N	N	N	0.0000	0.0000	0.0000	0.0000	0.0000	0.0000	0.0000	0.0000	0.0000	0.0000	0.0000	0.0000	0.0000	0.0000	0.0000	0.0000	0.0000	0.0000	0.0000	0.0000	0.0000	1.0000	1.0091	1.0000	0.0000	0.0000	0.0000	0.0000	0.0000	0.0000	0.0000	0.0000	0.0000	0.0000	0.0000	0.0000	0.0000	0.0000	0.0000	0.0000	0.0000	0.0000	0.0000	0.0000	0.0000	0.0000	0.0000	0.0000	0.0000	0.0000	0.0000	0.0064	0.0021	0.0043	0.0000	0.0000	0.0000	0.0064	0.0021	0.0043	0.0000	0.0000	0.0000	0.0000	0.0000	0.0000	0.0000	0.0000	0.0000	0.0000	0.0000	0.0000	0.0000	0.0000	0.0000	0.0000	0.0000	0.0000											
12	145	0.6763	9	2	1	1	0	0	0	0	0	Y	N	N	N	N	N	N	N	N	N	N	N	0.0000	0.0000	0.0000	0.0000	0.0000	0.0000	0.0000	0.0000	0.0000	0.0000	0.0000	0.0000	0.0000	0.0000	0.0000	0.0000	0.0000	0.0000	0.0000	0.0000	0.0000	1.0000	1.0091	1.0000	0.0000	0.0000	0.0000	0.0000	0.0000	0.0000	0.0000	0.0000	0.0000	0.0000	0.0000	0.0000	0.0000	0.0000	0.0000	0.0000	0.0000	0.0000	0.0000	0.0000	0.0000	0.0000	0.0000	0.0000	0.0000	0.0000	0.0000	0.0026	0.0017	0.0009	0.0016	0.0014	0.0002	0.0010	0.0003	0.0007	0.0000	0.0000	0.0000	0.0000	0.0000	0.0000	0.0000	0.0000	0.0000	0.0000	0.0000	0.0000	0.0000	0.0000	0.0000	0.0000	0.0000	0.0000											
12	146	0.6763	8	1	1	1	0	0	0	0	0	N	N	N	N	N	N	N	N	N	N	N	N	inf	inf	inf	inf	0.2330	0.3007	0.0000	0.3098	0.4410	0.0000	0.0000	0.0000	0.0000	0.0000	0.0000	0.0000	0.0000	0.0000	0.0000	0.0000	0.0000	0.0000	0.0000	-0.0000	0.0000	0.0000	0.0003	1.0091	0.0000	0.0000	0.0000	0.0000	0.0000	0.0000	0.0000	0.0000	0.0000	0.0000	0.0000	0.0000	0.0000	0.0000	0.0000	0.0000	0.0000	0.0000	0.0000	0.0000	0.0000	0.0000	0.0000	0.0000	0.0000	0.0000	0.0000	0.0000	0.0000	0.0000	0.0000	0.0000	0.0000	0.0000	0.0000	0.0000	0.0000	inf	inf	0.0000	inf	inf	0.0000	0.0000	0.0000	0.0000	0.0000	0.0000	0.0000	0.0000	0.0000	0.0000	0.0000	0.0000	0.0000						
12	147	0.6577	7	1	0	1	0	0	0	0	0	N	N	N	N	N	N	N	N	N	N	N	N	10545.5261	inf	714.6761	inf	inf	inf	7704.9276	inf	0.0000	0.5934	0.6186	0.0031	0.6232	0.6465	0.0037	0.0300	0.0345	0.0000	0.0001	0.0000	0.0000	0.0000	0.0000	0.0000	0.0000	0.0000	0.0000	0.0002	inf	-0.0000	0.0000	0.0000	4.9449	1.0091	1.0063	0.0000	0.0000	0.0000	0.0000	0.0000	0.0000	0.0000	0.0000	0.0000	0.0000	0.0000	0.0000	0.0000	0.0000	0.0000	0.0000	0.0000	0.0000	0.0000	0.0000	0.0000	0.0000	0.0000	0.0000	0.0000	0.0000	0.0000	0.0078	0.0050	0.0028	0.0048	0.0041	0.0006	0.0030	0.0009	0.0021	380457.7420	inf	714.6761	inf	inf	inf	7704.9276	inf	0.0000	0.0000	0.0000	0.0000	0.0000	0.0000	0.0000	0.0000	0.0000	0.0000
12	148	0.6412	6	1	0	1	0	0	0	0	0	N	N	N	N	N	N	N	N	N	N	N	N	inf	inf	inf	inf	inf	inf	1.6669	1.8440	0.1909	1.9459	2.1356	0.2390	0.0000	0.0000	0.0000	0.0000	0.0000	0.0000	0.0000	0.0000	0.0000	0.0000	0.0000	0.0000	0.0124	-0.0000	-0.0000	0.0000	3.4778	1.0091	1.2917	0.0000	0.0000	0.0000	0.0000	0.0000	0.0000	0.0000	0.0000	0.0000	0.0000	0.0000	0.0000	0.0000	0.0000	0.0000	0.0000	0.0000	0.0000	0.0000	0.0000	0.0000	0.0000	0.0000	0.0000	0.0000	0.0000	0.0000	0.0092	0.0056	0.0036	0.0048	0.0043	0.0005	0.0045	0.0013	0.0031	inf	inf	inf	inf	inf	inf	0.0000	0.0000	0.0000	0.0000	0.0000	0.0000	0.0000	0.0000	0.0000	0.0000	0.0000	0.0000				
12	149	0.5908	5	1	0	1	0	0	0	0	0	N	N	N	N	N	N	N	N	N	N	N	N	inf	inf	inf	inf	0.0074	0.0081	0.0000	0.0086	0.0095	0.0000	0.0000	0.0000	0.0000	0.0000	0.0000	0.0000	0.0000	0.0000	0.0000	0.0000	0.0000	0.0000	0.0117	-0.0000	0.0000	0.0000	7.8050	1.0091	4.0035	0.0000	0.0000	0.0000	0.0000	0.0000	0.0000	0.0000	0.0000	0.0000	0.0000	0.0000	0.0000	0.0000	0.0000	0.0000	0.0000	0.0000	0.0000	0.0000	0.0000	0.0000	0.0000	0.0000	0.0000	0.0000	0.0000	0.0000	0.0174	0.0104	0.0070	0.0087	0.0074	0.0012	0.0087	0.0029	0.0058	inf	inf	0.0000	inf	inf	0.0000	0.0000	0.0000	0.0000	0.0000	0.0000	0.0000	0.0000	0.0000	0.0000	0.0000	0.0000	0.0000						
12	150	0.4962	5	1	0	1	0	0	0	0	0	N	N	N	N	N	N	N	N	N	N	N	N	0.0000	0.0000	0.0000	0.0000	0.0000	0.0000	0.0000	0.0000	0.0000	0.0000	0.0000	0.0000	0.0000	0.0000	0.0000	0.0000	0.0000	0.0000	0.0000	0.0000	0.0000	3.7255	1.0091	14.1767	0.0000	0.0000	0.0000	0.0000	0.0000	0.0000	0.0000	0.0000	0.0000	0.0000	0.0000	0.0000	0.0000	0.0000	0.0000	0.0000	0.0000	0.0000	0.0000	0.0000	0.0000	0.0000	0.0000	0.0000	0.0000	0.0000	0.0000	0.0300	0.0171	0.0129	0.0123	0.0109	0.0015	0.0177	0.0062	0.0115	0.0000	0.0000	0.0000	0.0000	0.0000	0.0000	0.0000	0.0000	0.0000	0.0000	0.0000	0.0000	0.0000	0.0000	0.0000	0.0000	0.0000	0.0000											
12	151	0.4798	4	1	0	1	0	0	0	0	0	N	N	N	N	N	N	N	N	N	N	N	N	0.0000	0.0000	0.0000	0.0000	0.0000	0.0000	0.0000	0.0000	0.0000	0.0000	0.0000	0.0000	0.0000	0.0000	0.0000	0.0000	0.0000	0.0000	0.0000	0.0000	0.0000	1.4205	1.0091	4.0377	0.0000	0.0000	0.0000	0.0000	0.0000	0.0000	0.0000	0.0000	0.0000	0.0000	0.0000	0.0000	0.0000	0.0000	0.0000	0.0000	0.0000	0.0000	0.0000	0.0000	0.0000	0.0000	0.0000	0.0000	0.0000	0.0000	0.0000	0.0163	0.0097	0.0066	0.0072	0.0067	0.0006	0.0091	0.0031	0.0060	0.0000	0.0000	0.0000	0.0000	0.0000	0.0000	0.0000	0.0000	0.0000	0.0000	0.0000	0.0000	0.0000	0.0000	0.0000	0.0000	0.0000	0.0000											
13	15	0.6671	11	2	1	1	1	0	0	0	0	Y	N	N	N	N	N	N	N	N	N	N	N	0.0000	0.0000	0.0000	0.0000	0.0000	0.0000	0.0000	0.0000	0.0000	0.0000	0.0000	0.0000	0.0000	0.0000	0.0000	0.0000	0.0000	0.0000	0.0000	0.0000	0.0000	1.0049	0.0000	0.9915	0.0000	0.0000	0.0000	0.0000	0.0000	0.0000	0.0000	0.0000	0.0000	0.0000	0.0000	0.0000	0.0000	0.0000	0.0000	0.0000	0.0000	0.0000	0.0000	0.0000	0.0000	0.0000	0.0000	0.0000	0.0000	0.0000	0.0000	0.0000	0.0000	0.0000	0.0000	0.0000	0.0000	0.0000	0.0000	0.0000	0.0000	0.0000	0.0000	0.0000	0.0000	0.0000	0.0000	0.0000	0.0000	0.0000	0.0000	0.0000	0.0000	0.0000	0.0000	0.0000	0.0000	0.0000											
13	16	0.1576	10	2	1	1	1	0	0	0	0	Y	N	N	N	N	N	N	N	N	N	N	N	0.0000	0.0000	0.0000	0.0000	0.0000	0.0000	0.0000	0.0000	0.0000	0.0000	0.0000	0.0000	0.0000	0.0000	0.0000	0.0000	0.0000	0.0000	0.0000	0.0000	0.0000	2.0025	0.0000	0.0085	0.0000	0.0000	0.0000	0.0000	0.0000	0.0000	0.0000	0.0000	0.0000	0.0000	0.0000	0.0000	0.0000	0.0000	0.0000	0.0000	0.0000	0.0000	0.0000	0.0000	0.0000	0.0000	0.0000	0.0000	0.0000	0.0000	0.0000	0.0000	0.0000	0.0000	0.0000	0.0000	0.0000	0.0000	0.0000	0.0000	0.0000	0.0000	0.0000	0.0000	0.0000	0.0000	0.0000	0.0000	0.0000	0.0000	0.0000	0.0000	0.0000	0.0000	0.0000	0.0000	0.0000	0.0000											
13	17	0.6533	12	2	0	2	0	0	0	0	0	Y	N	Y	N	N	N	N	N	N	N	N	N	0.0000	0.0000	0.0000	0.0000	0.0000	0.0000	0.0000	0.0000	0.0000	0.0000	0.0000	0.0000	0.0000	0.0000	0.0000	0.0000	0.0000	0.0000	0.0000	0.0000	0.0000	0.0000	0.0000	0.0000	0.0000	0.0000	0.0000	0.0000	0.0000	0.0000	0.0000	0.0000	0.0000	0.0000	0.0000	0.0000	0.0000	0.0000	0.0000	0.0000	0.0000	0.0000	0.0000	0.0000	0.0000	0.0000	0.0000	0.0000	0.0000	0.0000	0.0000	0.0000	0.0000	0.0000	0.0000	0.0000	0.0000	0.0000	0.0000	0.0000	0.0000	0.0000	0.0000	0.0000	0.0000	0.0000	0.0000	0.0000	0.0000	0.0000	0.0000	0.0000	0.0000	0.0000	0.0000	0.0000	0.0000	0.0000											
13	18	0.1083	7	1	0	2	0	0	0	0	0	N	N	Y	N	N	N	N	N	N	N	N	N	0.0000	0.0000	0.0000	0.0000	0.0000	0.0000	0.0000	0.0000	0.0000	0.0000	0.0000	0.0000	0.0000	0.0000	0.0000	0.0000	0.0000	0.0000	0.0000	0.0000	0.0000	0.0000	0.0000	0.0000	0.0000	0.0000	0.0000	0.0000	0.0000	0.0000	0.0000	0.0000	0.0000	0.0000	0.0000	0.0000	0.0000	0.0000	0.0000	0.0000	0.0000	0.0000	0.0000	0.0000	0.0000	0.0000	0.0000	0.0000	0.0000	0.0000	0.0000	0.0000	0.0000	0.0000	0.0000	0.0000	0.0000	0.0000	0.0000	0.0000	0.0000	0.0000	0.0000	0.0000	0.0000	0.0000	0.0000	0.0000	0.0000	0.0000	0.0000	0.0000	0.0000	0.0000	0.0000	0.0000	0.0000	0.0000											
13	19	0.6186	9	2	1	1	0	0	0	0	0	Y	N	N	N	N	N	N	N	N	N	N	N	0.0000	0.0000	0.0000	0.0000	0.0000	0.0000	0.0000	0.0000	0.0000	0.0000	0.0000	0.0000	0.0000	0.0000	0.0000	0.0000	0.0000	0.0000	0.0000	0.0000	0.0000	3.0000	0.0000	0.0000	0.0000	0.0000	0.0000	0.0000	0.0000	0.0000	0.0000	0.0000	0.0000	0.0000	0.0000	0.0000	0.0000	0.0000	0.0000	0.0000	0.0000	0.0000	0.0000	0.0000	0.0000	0.0000	0.0000	0.0000	0.0000	0.0000	0.0000	0.0000	0.0000	0.0000	0.0000	0.0000	0.0000	0.0000	0.0000	0.0000	0.0000	0.0000	0.0000	0.0000	0.0000	0.0000	0.0000	0.0000	0.0000	0.0000	0.0000	0.0000	0.0000	0.0000	0.0000	0.0000	0.0000	0.0000											
13	20	0.6410	10	1	1	1	0	0	0	0	0	N	N	N	N	N	N	N	N	N	N	N	N	0.0000	0.0000	0.0000	0.0000	0.0000	0.0000	0.0000	0.0000	0.0000	0.0000	0.0000	0.0000	0.0000	0.0000	0.0000	0.0000	0.0000	0.0000	0.0000	0.0000	0.0000	0.0000	0.0000	1.0000	0.0000	0.0000	0.0000	0.0000	0.0000	0.0000	0.0000	0.0000	0.0000	0.0000	0.0000	0.0000	0.0000	0.0000	0.0000	0.0000	0.0000	0.0000	0.0000	0.0000	0.0000	0.0000	0.0000	0.0000	0.0000	0.0000	0.0000	0.0000	0.0000	0.0000	0.0000	0.0000	0.0000	0.0000	0.0000	0.0000	0.0000	0.0000	0.0000	0.0000	0.0000	0.0000	0.0000	0.0000	0.0000	0.0000	0.0000	0.0000	0.0000	0.0000	0.0000	0.0000	0.0000	0.0000											
13	21	0.6671	11	1	0	1	1	0	0	0	0	N	N	N	N	N	N	N	N	N	N	N	N	0.0000	0.0000	0.0000	0.0000	0.0000	0.0000	0.0000	0.0000	0.0000	0.0000	0.0000	0.0000	0.0000	0.0000	0.0000	0.0000	0.0000	0.0000	0.0000	0.0000	0.0000	2.0045	0.0000	0.0106	0.0000	0.0000	0.0000	0.0000	0.0000	0.0000	0.0000	0.0000	0.0000	0.0000	0.0000	0.0000	0.0000	0.0000	0.0000	0.0000	0.0000	0.0000	0.0000	0.0000	0.0000	0.0000	0.0000	0.0000	0.0000	0.0000	0.0000	0.0000	0.0000	0.0000	0.0000	0.0000	0.0000	0.0000	0.0000	0.0000	0.0000	0.0000	0.0000	0.0000	0.0000	0.0000	0.0000	0.0000	0.0000	0.0000	0.0000	0.0000	0.0000	0.0000	0.0000	0.0000	0.0000	0.0000											
13	22	0.6378	10	1	0	1	1	0	0	0	0	N	N	N	N	N	N	N	N	N	N	N	N	0.0000	0.0000	0.0000	0.0000	0.0000	0.0000	0.0000	0.0000	0.0000	0.0000	0.0000	0.0000	0.0000	0.0000	0.0000	0.0000	0.0000	0.0000	0.0000	0.0000	0.0000	1.9989	0.0000	1.0099	0.0000	0.0000	0.0000	0.0000	0.0000	0.0000	0.0000	0.0000	0.0000	0.0000	0.0000	0.0000	0.0000	0.0000	0.0000	0.0000	0.0000	0.0000	0.0000	0.0000	0.0000	0.0000	0.0000	0.0000	0.0000	0.0000	0.0000	0.0000	0.0000	0.0000	0.0000	0.0000	0.0000	0.0000	0.0000	0.0000	0.0000	0.0000	0.0000	0.0000	0.0000	0.0000	0.0000	0.0000	0.0000	0.0000	0.0000	0.0000	0.0000	0.0000	0.0000	0.0000	0.0000	0.0000											
13	23	0.1045	9	1	1	1	1	0	0	0	0	N	N	N	N	N	N	N	N	N	N	N	N	0.0000	0.0000	0.0000	0.0000	0.0000	0.0000	0.0000	0.0000	0.0000	0.0000	0.0000	0.0000	0.0000	0.0000	0.0000	0.0000	0.0000	0.0000	0.0000	0.0000	0.0000	0.0000	0.0000	1.0024	0.0000	0.0000	0.0000	0.0000	0.0000	0.0000	0.0000	0.0000	0.0000	0.0000	0.0000	0.0000	0.0000	0.0000	0.0000	0.0000	0.0000	0.0000	0.0000	0.0000	0.0000	0.0000	0.0000	0.0000	0.0000	0.0000	0.0000	0.0000	0.0000	0.0000	0.0000	0.0000	0.0000	0.0000	0.0000	0.0000	0.0000	0.0000	0.0000	0.0000	0.0000	0.0000	0.0000	0.0000	0.0000	0.0000	0.0000	0.0000	0.0000	0.0000	0.0000	0.0000	0.0000	0.0000											
13	24	0.6410	10	1	1	1	0	0	0	0	0	N	N	N	N	N	N	N	N	N	N	N	N	0.0000	0.0000	0.0000	0.0000	0.0000	0.0000	0.0000	0.0000	0.0000	0.0000	0.0000	0.0000	0.0000	0.0000	0.0000	0.0000	0.0000	0.0000	0.0000	0.0000	0.0000	0.0000	0.0000	0.0000	0.0000	0.0000	0.0000	0.0000	0.0000	0.0000	0.0000	0.0000	0.0000	0.0000	0.0000	0.0000	0.0000	0.0000	0.0000	0.0000	0.0000	0.0000	0.0000	0.0000	0.0000	0.0000	0.0000	0.0000	0.0000	0.0000	0.0000	0.0000	0.0000	0.0000	0.0000	0.0000	0.0000	0.0000	0.0000	0.0000	0.0000	0.0000	0.0000	0.0000	0.0000	0.0000	0.0000	0.0000	0.0000	0.0000	0.0000	0.0000	0.0000	0.0000	0.0000	0.0000	0.0000	0.0000											
13	25	0.0538	7	1	1	1	0	0	0	0	0	N	N	N	N	N	N	N	N	N	N	N	N	0.0000	0.0000	0.0000	0.0000	0.0000	0.0000	0.0000	0.0000	0.0000	0.0000	0.0000	0.0000	0.0000	0.0000	0.0000	0.0000	0.0000	0.0000	0.0000	0.0000	0.0000	0.9998	0.0000	0.0242	0.0000	0.0000	0.0000	0.0000	0.0000	0.0000	0.0000	0.0000	0.0000	0.0000	0.0000	0.0000	0.0000	0.0000	0.0000	0.0000	0.0000	0.0000	0.0000	0.0000	0.0000	0.0000	0.0000	0.0000	0.0000	0.0000	0.0000	0.0000	0.0000	0.0000	0.0000	0.0000	0.0000	0.0000	0.0000	0.0000	0.0000	0.0000	0.0000	0.0000	0.0000	0.0000	0.0000	0.0000	0.0000	0.0000	0.0000	0.0000	0.0000	0.0000	0.0000	0.0000	0.0000	0.0000											
13	26	0.1739	12	1	1	1	1	0	0	0	0	N	N	N	N	N	N	N	N	N	N	N	N	0.0000	0.0000	0.0000	0.0000	0.0000	0.0000	0.0000	0.0000	0.0000	0.0000	0.0000	0.0000	0.0000	0.0000	0.0000	0.0000	0.0000	0.0000	0.0000	0.0000	0.0000	0.0000	0.0000	0.0000	0.0000	0.0000	0.0000	0.0000	0.0000	0.0000	0.0000	0.0000	0.0000	0.0000	0.0000	0.0000	0.0000	0.0000	0.0000	0.0000	0.0000	0.0000	0.0000	0.0000	0.0000	0.0000	0.0000	0.0000	0.0000	0.0000	0.0000	0.0000	0.0000	0.0000	0.0000	0.0000	0.0000	0.0000	0.0000	0.0000	0.0000	0.0000	0.0000	0.0000	0.0000	0.0000	0.0000	0.0000	0.0000	0.0000	0.0000	0.0000	0.0000	0.0000	0.0000	0.0000	0.0000	0.0000											
13	27	0.6647	10	2	1	1	0	0	0	0	0	Y	N	N	N	N	N	N	N	N	N	N	N	0.0000	0.0000	0.0000	0.0000	0.0000	0.0000	0.0000	0.0000	0.0000	0.0000	0.0000	0.0000	0.0000	0.0000	0.0000	0.0000	0.0000	0.0000	0.0000	0.0000	0.0000	0.0418	0.0000	6.1659	0.0000	0.0000	0.0000	0.0000	0.0000	0.0000	0.0000	0.0000	0.0000	0.0000	0.0000	0.0000	0.0000	0.0000	0.0000	0.0000	0.0000	0.0000	0.0000	0.0000	0.0000	0.0000	0.0000	0.0000	0.0000	0.0000	0.0000	0.0000	0.0000	0.0000	0.0000	0.0000	0.0000	0.0000	0.0000	0.0000	0.0000	0.0000	0.0000	0.0000	0.0000	0.0000	0.0000	0.0000	0.0000	0.0000	0.0000	0.0000	0.0000	0.0000	0.0000	0.0000	0.0000	0.0000											
13	28	0.6716	13	1	0	1	1	0	0	0	0	N	N	N	N	N	N	N	N	N	N	N	N	0.0000	0.0000	0.0000	0.0000	0.0000	0.0000	0.0000	0.0000	0.0000	0.0000	0.0000	0.0000	0.0000	0.0000	0.0000	0.0000	0.0000	0.0000	0.0000	0.0000	0.0000	1.5398	0.0000	1.0296	0.0000	0.0000	0.0000	0.0000	0.0000	0.0000	0.0000	0.0000	0.0000	0.0000	0.0000	0.0000	0.0000	0.0000	0.0000	0.0000	0.0000	0.0000	0.0000	0.0000	0.0000	0.0000	0.0000	0.0000	0.0000	0.0000	0.0000	0.0000	0.0000	0.0000	0.0000	0.0000	0.0000	0.0000	0.0000	0.0000	0.0000	0.0000	0.0000	0.0000	0.0000	0.0000	0.0000	0.0000	0.0000	0.0000	0.0000	0.0000	0.0000	0.0000	0.0000	0.0000	0.0000	0.0000											
13	29	0.6665	12	1	0	1	1	0	0	0	0	N	N	N	N	N	N	N	N	N	N	N	N	0.0000	0.0000	0.0000	0.0000	0.0000	0.0000	0.0000	0.0000	0.0000	0.0000	0.0000	0.0000	0.0000	0.0000	0.0000	0.0000	0.0000	0.0000	0.0000	0.0000	0.0000	0.8816	0.0000	0.0702	0.0000	0.0000	0.0000	0.0000	0.0000	0.0000	0.0000	0.0000	0.0000	0.0000	0.0000	0.0000	0.0000	0.0000	0.0000	0.0000	0.0000	0.0000	0.0000	0.0000	0.0000	0.0000	0.0000	0.0000	0.0000	0.0000	0.0000	0.0000	0.0000	0.0000	0.0000	0.0000	0.0000	0.0000	0.0000	0.0000	0.0000	0.0000	0.0000	0.0000	0.0000	0.0000	0.0000	0.0000	0.0000	0.0000	0.0000	0.0000	0.0000	0.0000	0.0000	0.0000	0.0000	0.0000											
13	30	0.1198	10	1	0	1	1	0	0	0	0	N	N	N	N	N	N	N	N	N	N	N	N	0.0000	0.0000	0.0000	0.0000	0.0000	0.0000	0.0000	0.0000	0.0000	0.0000	0.0000	0.0000	0.0000	0.0000	0.0000	0.0000	0.0000	0.0000	0.0000	0.0000	0.0000	0.0000	0.0000	0.0000	0.0000	0.0000	0.0000	0.0000	0.0000	0.0000	0.0000	0.0000	0.0000	0.0000	0.0000	0.0000	0.0000	0.0000	0.0000	0.0000	0.0000	0.0000	0.0000	0.0000	0.0000	0.0000	0.0000	0.0000	0.0000	0.0000	0.0000	0.0000	0.0000	0.0000	0.0000	0.0000	0.0000	0.0000	0.0000	0.0000	0.0000	0.0000	0.0000	0.0000	0.0000	0.0000	0.0000	0.0000	0.0000	0.0000	0.0000	0.0000	0.0000	0.0000	0.0000	0.0000	0.0000	0.0000											
13	31	0.0442	6	2	0	2	0	0	0	0	0	Y	N	Y	N	N	N	N	N	N	N	N	N	0.0000	0.0000	0.0000	0.0000	0.0000	0.0000	0.0000	0.0000	0.0000	0.0000	0.0000	0.0000	0.0000	0.0000	0.0000	0.0000	0.0000	0.0000	0.0000	0.0000	0.0000	0.0000	0.0000	0.0000	0.0000	0.0000	0.0000	0.0000	0.0000	0.0000	0.0000	0.0000	0.0000	0.0000	0.0000	0.0000	0.0000	0.0000	0.0000	0.0000	0.0000	0.0000	0.0000	0.0000	0.0000	0.0000	0.0000	0.0000	0.0000	0.0000	0.0000	0.0000	0.0000	0.0000	0.0000	0.0000	0.0000	0.0000	0.0000	0.0000	0.0000	0.0000	0.0000	0.0000	0.0000	0.0000	0.0000	0.0000	0.0000	0.0000	0.0000	0.0000	0.0000	0.0000	0.0000	0.0000	0.0000	0.0000											
13	32	0.0625	6	1	1	1	0	0	0	0	0	N	N	N	N	N	N	N	N	N	N	N	N	0.0000	0.0000	0.0000	0.0000	0.0000	0.0000	0.0000	0.0000	0.0000	0.0000	0.0000	0.0000	0.0000	0.0000	0.0000	0.0000	0.0000	0.0000	0.0000	0.0000	0.0000	0.0006	0.0000	3.0000	0.0000	0.0000	0.0000	0.0000	0.0000	0.0000	0.0000	0.0000	0.0000	0.0000	0.0000	0.0000	0.0000	0.0000	0.0000	0.0000	0.0000	0.0000	0.0000	0.0000	0.0000	0.0000	0.0000	0.0000	0.0000	0.0000	0.0000	0.0000	0.0000	0.0000	0.0000	0.0000	0.0000	0.0000	0.0000	0.0000	0.0000	0.0000	0.0000	0.0000	0.0000	0.0000	0.0000	0.0000	0.0000	0.0000	0.0000	0.0000	0.0000	0.0000	0.0000	0.0000	0.0000	0.0000											
13	33	0.0625	6	1	1	1	0	0	0	0	0	N	N	N	N	N	N	N	N	N	N	N	N	0.0000	0.0000	0.0000	0.0000	0.0000	0.0000	0.0000	0.0000	0.0000	0.0000	0.0000	0.0000	0.0000	0.0000	0.0000	0.0000	0.0000	0.0000	0.0000	0.0000	0.0000	2.0006	0.0000	8.0000	0.0000	0.0000	0.0000	0.0000	0.0000	0.0000	0.0000	0.0000	0.0000	0.0000	0.0000	0.0000	0.0000	0.0000	0.0000	0.0000	0.0000	0.0000	0.0000	0.0000	0.0000	0.0000	0.0000	0.0000	0.0000	0.0000	0.0000	0.0000	0.0000	0.0000	0.0000	0.0000	0.0000	0.0000	0.0000	0.0000	0.0000	0.0000	0.0000	0.0000	0.0000	0.0000	0.0000	0.0000	0.0000	0.0000	0.0000	0.0000	0.0000	0.0000	0.0000	0.0000	0.0000	0.0000											
13	34	0.0212	5	2	1	1	0	0	0	0	0	Y	N	N	N	N	N	N	N	N	N	N	N	0.0000	0.0000	0.0000	0.0000	0.0000	0.0000	0.0000	0.0000	0.0000	0.0000	0.0000	0.0000	0.0000	0.0000	0.0000	0.0000	0.0000	0.0000	0.0000	0.0000	0.0000	10.0001	0.0000	4.0001	0.0000	0.0000	0.0000	0.0000	0.0000	0.0000	0.0000	0.0000	0.0000	0.0000	0.0000	0.0000	0.0000	0.0000	0.0000	0.0000	0.0000	0.0000	0.0000	0.0000	0.0000	0.0000	0.0000	0.0000	0.0000	0.0000	0.0000	0.0000	0.0000	0.0000	0.0000	0.0000	0.0000	0.0000	0.0000	0.0000	0.0000	0.0000	0.0000	0.0000	0.0000	0.0000	0.0000	0.0000	0.0000	0.0000	0.0000	0.0000	0.0000	0.0000	0.0000	0.0000	0.0000	0.0000											
13	35	0.0625	6	1	1	1	0	0	0	0	0	N	N	N	N	N	N	N	N	N	N	N	N	0.0000	0.0000	0.0000	0.0000	0.0000	0.0000	0.0000	0.0000	0.0000	0.0000	0.0000	0.0000	0.0000	0.0000	0.0000	0.0000	0.0000	0.0000	0.0000	0.0000	0.0000	3.0004	0.0000	2.0000	0.0000	0.0000	0.0000	0.0000	0.0000	0.0000	0.0000	0.0000	0.0000	0.0000	0.0000	0.0000	0.0000	0.0000	0.0000	0.0000	0.0000	0.0000	0.0000	0.0000	0.0000	0.0000	0.0000	0.0000	0.0000	0.0000	0.0000	0.0000	0.0000	0.0000	0.0000	0.0000	0.0000	0.0000	0.0000	0.0000	0.0000	0.0000	0.0000	0.0000	0.0000	0.0000	0.0000	0.0000	0.0000	0.0000	0.0000	0.0000	0.0000	0.0000	0.0000	0.0000	0.0000	0.0000											
13	36	0.6186	9	1	1	1	0	0	0	0	0	N	N	N	N	N	N	N	N	N	N	N	N	0.0000	0.0000	0.0000	0.0000	0.0000	0.0000	0.0000	0.0000	0.0000	0.0000	0.0000	0.0000	0.0000	0.0000	0.0000	0.0000	0.0000	0.0000	0.0000	0.0000	0.0000	3.0000	0.0000	3.0000	0.0000	0.0000	0.0000	0.0000	0.0000	0.0000	0.0000	0.0000	0.0000	0.0000	0.0000	0.0000	0.0000	0.0000	0.0000	0.0000	0.0000	0.0000	0.0000	0.0000	0.0000	0.0000	0.0000	0.0000	0.0000	0.0000	0.0000	0.0000	0.0000	0.0000	0.0000	0.0000	0.0000	0.0000	0.0000	0.0000	0.0000	0.0000	0.0000	0.0000	0.0000	0.0000	0.0000	0.0000	0.0000	0.0000	0.0000	0.0000	0.0000	0.0000	0.0000	0.0000	0.0000	0.0000											
13	37	0.0926	7	2	1	1	0	0	0	0	0	Y	N	N	N	N	N	N	N	N	N	N	N	0.0000	0.0000	0.0000	0.0000	0.0000	0.0000	0.0000	0.0000	0.0000	0.0000	0.0000	0.0000	0.0000	0.0000	0.0000	0.0000	0.0000	0.0000	0.0000	0.0000	0.0000	4.2779	0.0000	3.9542	0.0000	0.0000	0.0000	0.0000	0.0000	0.0000	0.0000	0.0000	0.0000	0.0000	0.0000	0.0000	0.0000	0.0000	0.0000	0.0000	0.0000	0.0000	0.0000	0.0000	0.0000	0.0000	0.0000	0.0000	0.0000	0.0000	0.0000	0.0000	0.0000	0.0000	0.0000	0.0000	0.0000	0.0000	0.0000	0.0000	0.0000	0.0000	0.0000	0.0000	0.0000	0.0000	0.0000	0.0000	0.0000	0.0000	0.0000	0.0000	0.0000	0.0000	0.0000	0.0000	0.0000	0.0000											
13	38	0.6852	13	2	1	1	0	0	0	0	0	Y	N	N	N	N	N	N	N	N	N	N	N	0.0000	0.0000	0.0000	0.0000	0.0000	0.0000	0.0000	0.0000	0.0000	0.0000	0.0000	0.0000	0.0000	0.0000	0.0000	0.0000	0.0000	0.0000	0.0000	0.0000	0.0000	2.8243	0.0000	1.0201	0.0000	0.0000	0.0000	0.0000	0.0000	0.0000	0.0000	0.0000	0.0000	0.0000	0.0000	0.0000	0.0000	0.0000	0.0000	0.0000	0.0000	0.0000	0.0000	0.0000	0.0000	0.0000	0.0000	0.0000	0.0000	0.0000	0.0000	0.0000	0.0000	0.0000	0.0000	0.0000	0.0000	0.0000	0.0000	0.0000	0.0000	0.0000	0.0000	0.0000	0.0000	0.0000	0.0000	0.0000	0.0000	0.0000	0.0000	0.0000	0.0000	0.0000	0.0000	0.0000	0.0000	0.0000											
13	39	0.0212	5	1	1	1	0	0	0	0	0	N	N	N	N	N	N	N	N	N	N	N	N	0.0000	0.0000	0.0000	0.0000	0.0000	0.0000	0.0000	0.0000	0.0000	0.0000	0.0000	0.0000	0.0000	0.0000	0.0000	0.0000	0.0000	0.0000	0.0000	0.0000	0.0000	5.0001	0.0000	5.0000	0.0000	0.0000	0.0000	0.0000	0.0000	0.0000	0.0000	0.0000	0.0000	0.0000	0.0000	0.0000	0.0000	0.0000	0.0000	0.0000	0.0000	0.0000	0.0000	0.0000	0.0000	0.0000	0.0000	0.0000	0.0000	0.0000	0.0000	0.0000	0.0000	0.0000	0.0000	0.0000	0.0000	0.0000	0.0000	0.0000	0.0000	0.0000	0.0000	0.0000	0.0000	0.0000	0.0000	0.0000	0.0000	0.0000	0.0000	0.0000	0.0000	0.0000	0.0000	0.0000	0.0000	0.0000											
13	40	0.6410	10	1	1	1	0	0	0	0	0	N	N	N	N	N	N	N	N	N	N	N	N	0.0000	0.0000	0.0000	0.0000	0.0000	0.0000	0.0000	0.0000	0.0000	0.0000	0.0000	0.0000	0.0000	0.0000	0.0000	0.0000	0.0000	0.0000	0.0000	0.0000	0.0000	0.0000	0.0000	2.0000	0.0000	0.0000	0.0000	0.0000	0.0000	0.0000	0.0000	0.0000	0.0000	0.0000	0.0000	0.0000	0.0000	0.0000	0.0000	0.0000	0.0000	0.0000	0.0000	0.0000	0.0000	0.0000	0.0000	0.0000	0.0000	0.0000	0.0000	0.0000	0.0000	0.0000	0.0000	0.0000	0.0000	0.0000	0.0000	0.0000	0.0000	0.0000	0.0000	0.0000	0.0000	0.0000	0.0000	0.0000	0.0000	0.0000	0.0000	0.0000	0.0000	0.0000	0.0000	0.0000	0.0000	0.0000											
13	41	0.0212	5	1	1	1	0	0	0	0	0	N	N	N	N	N	N	N	N	N	N	N	N	0.0000	0.0000	0.0000	0.0000	0.0000	0.0000	0.0000	0.0000	0.0000	0.0000	0.0000	0.0000	0.0000	0.0000	0.0000	0.0000	0.0000	0.0000	0.0000	0.0000	0.0000	5.9998	0.0000	3.0000	0.0000	0.0000	0.0000	0.0000	0.0000	0.0000	0.0000	0.0000	0.0000	0.0000	0.0000	0.0000	0.0000	0.0000	0.0000	0.0000	0.0000	0.0000	0.0000	0.0000	0.0000	0.0000	0.0000	0.0000	0.0000	0.0000	0.0000	0.0000	0.0000	0.0000	0.0000	0.0000	0.0000	0.0000	0.0000	0.0000	0.0000	0.0000	0.0000	0.0000	0.0000	0.0000	0.0000	0.0000	0.0000	0.0000	0.0000	0.0000	0.0000	0.0000	0.0000	0.0000	0.0000	0.0000											
13	42	0.7071	14	1	1	2	1	0	0	0	0	N	N	Y	N	N	N	N	N	N	N	N	N	0.0000	0.0000	0.0000	0.0000	0.0000	0.0000	0.0000	0.0000	0.0000	0.0000	0.0000	0.0000	0.0000	0.0000	0.0000	0.0000	0.0000	0.0000	0.0000	0.0000	0.0000	0.0011	0.0000	1.0134	0.0000	0.0000	0.0000	0.0000	0.0000	0.0000	0.0000	0.0000	0.0000	0.0000	0.0000	0.0000	0.0000	0.0000	0.0000	0.0000	0.0000	0.0000	0.0000	0.0000	0.0000	0.0000	0.0000	0.0000	0.0000	0.0000	0.0000	0.0000	0.0000	0.0000	0.0000	0.0000	0.0000	0.0000	0.0000	0.0000	0.0000	0.0000	0.0000	0.0000	0.0000	0.0000	0.0000	0.0000	0.0000	0.0000	0.0000	0.0000	0.0000	0.0000	0.0000	0.0000	0.0000	0.0000											
13	43	0.6852	13	1	0	1	1	0	0	0	0	N	N	N	N	N	N	N	N	N	N	N	N	0.0000	0.0000	0.0000	0.0000	0.0000	0.0000	0.0000	0.0000	0.0000	0.0000	0.0000	0.0000	0.0000	0.0000	0.0000	0.0000	0.0000	0.0000	0.0000	0.0000	0.0000	2.8187	0.0000	0.0347	0.0000	0.0000	0.0000	0.0000	0.0000	0.0000	0.0000	0.0000	0.0000	0.0000	0.0000	0.0000	0.0000	0.0000	0.0000	0.0000	0.0000	0.0000	0.0000	0.0000	0.0000	0.0000	0.0000	0.0000	0.0000	0.0000	0.0000	0.0000	0.0000	0.0000	0.0000	0.0000	0.0000	0.0000	0.0000	0.0000	0.0000	0.0000	0.0000	0.0000	0.0000	0.0000	0.0000	0.0000	0.0000	0.0000	0.0000	0.0000	0.0000	0.0000	0.0000	0.0000	0.0000	0.0000											
13	44	0.6726	12	1	0	1	0	0	0	0	0	N	N	N	N	N	N	N	N	N	N	N	N	0.0000	0.0000	0.0000	0.0000	0.0000	0.0000	0.0000	0.0000	0.0000	0.0000	0.0000	0.0000	0.0000	0.0000	0.0000	0.0000	0.0000	0.0000	0.0000	0.0000	0.0000	0.9605	0.0000	1.0076	0.0000	0.0000	0.0000	0.0000	0.0000	0.0000	0.0000	0.0000	0.0000	0.0000	0.0000	0.0000	0.0000	0.0000	0.0000	0.0000	0.0000	0.0000	0.0000	0.0000	0.0000	0.0000	0.0000	0.0000	0.0000	0.0000	0.0000	0.0000	0.0000	0.0000	0.0000	0.0000	0.0000	0.0000	0.0000	0.0000	0.0000	0.0000	0.0000	0.0000	0.0000	0.0000	0.0000	0.0000	0.0000	0.0000	0.0000	0.0000	0.0000	0.0000	0.0000	0.0000	0.0000	0.0000											
13	45	0.1157	9	1	1	2	1	0	0	0	0	N	N	Y	N	N	N	N	N	N	N	N	N	0.0000	0.0000	0.0000	0.0000	0.0000	0.0000	0.0000	0.0000	0.0000	0.0000	0.0000	0.0000	0.0000	0.0000	0.0000	0.0000	0.0000	0.0000	0.0000	0.0000	0.0000	1.0000	0.0000	1.0000	0.0000	0.0000	0.0000	0.0000	0.0000	0.0000	0.0000	0.0000	0.0000	0.0000	0.0000	0.0000	0.0000	0.0000	0.0000	0.0000	0.0000	0.0000	0.0000	0.0000	0.0000	0.0000	0.0000	0.0000	0.0000	0.0000	0.0000	0.0000	0.0000	0.0000	0.0000	0.0000	0.0000	0.0000	0.0000	0.0000	0.0000	0.0000	0.0000	0.0000	0.0000	0.0000	0.0000	0.0000	0.0000	0.0000	0.0000	0.0000	0.0000	0.0000	0.0000	0.0000	0.0000	0.0000											
13	46	0.6186	9	1	1	1	0	0	0	0	0	N	N	N	N	N	N	N	N	N	N	N	N	0.0000	0.0000	0.0000	0.0000	0.0000	0.0000	0.0000	0.0000	0.0000	0.0000	0.0000	0.0000	0.0000	0.0000	0.0000	0.0000	0.0000	0.0000	0.0000	0.0000	0.0000	0.0000	0.0000	0.0000	0.0000	0.0000	0.0000	0.0000	0.0000	0.0000	0.0000	0.0000	0.0000	0.0000	0.0000	0.0000	0.0000	0.0000	0.0000	0.0000	0.0000	0.0000	0.0000	0.0000	0.0000	0.0000	0.0000	0.0000	0.0000	0.0000	0.0000	0.0000	0.0000	0.0000	0.0000	0.0000	0.0000	0.0000	0.0000	0.0000	0.0000	0.0000	0.0000	0.0000	0.0000	0.0000	0.0000	0.0000	0.0000	0.0000	0.0000	0.0000	0.0000	0.0000	0.0000	0.0000	0.0000	0.0000											
13	47	0.6726	12	1	1	1	1	0	0	0	0	N	N	N	N	N	N	N	N	N	N	N	N	0.0000	0.0000	0.0000	0.0000	0.0000	0.0000	0.0000	0.0000	0.0000	0.0000	0.0000	0.0000	0.0000	0.0000	0.0000	0.0000	0.0000	0.0000	0.0000	0.0000	0.0000	0.0000	0.0000	1.0000	0.0000	0.0000	0.0000	0.0000	0.0000	0.0000	0.0000	0.0000	0.0000	0.0000	0.0000	0.0000	0.0000	0.0000	0.0000	0.0000	0.0000	0.0000	0.0000	0.0000	0.0000	0.0000	0.0000	0.0000	0.0000	0.0000	0.0000	0.0000	0.0000	0.0000	0.0000	0.0000	0.0000	0.0000	0.0000	0.0000	0.0000	0.0000	0.0000	0.0000	0.0000	0.0000	0.0000	0.0000	0.0000	0.0000	0.0000	0.0000	0.0000	0.0000	0.0000	0.0000	0.0000	0.0000											
13	48	0.6186	9	2	1	1	0	0	0	0	0	Y	N	N	N	N	N	N	N	N	N	N	N	0.0000	0.0000	0.0000	0.0000	0.0000	0.0000	0.0000	0.0000	0.0000	0.0000	0.0000	0.0000	0.0000	0.0000	0.0000	0.0000	0.0000	0.0000	0.0000	0.0000	0.0000	0.0000	0.0000	4.0000	0.0000	0.0000	0.0000	0.0000	0.0000	0.0000	0.0000	0.0000	0.0000	0.0000	0.0000	0.0000	0.0000	0.0000	0.0000	0.0000	0.0000	0.0000	0.0000	0.0000	0.0000	0.0000	0.0000	0.0000	0.0000	0.0000	0.0000	0.0000	0.0000	0.0000	0.0000	0.0000	0.0000	0.0000	0.0000	0.0000	0.0000	0.0000	0.0000	0.0000	0.0000	0.0000	0.0000	0.0000	0.0000	0.0000	0.0000	0.0000	0.0000	0.0000	0.0000	0.0000	0.0000	0.0000											
13	49	0.6933	13	1	0	2	0	0	0	0	0	N	N	Y	N	N	N	N	N	N	N	N	N	0.0000	0.0000	0.0000	0.0000	0.0000	0.0000	0.0000	0.0000	0.0000	0.0000	0.0000	0.0000	0.0000	0.0000	0.0000	0.0000	0.0000	0.0000	0.0000	0.0000	0.0000	0.0000	0.0000	0.0000	0.0000	0.0000	0.0000	0.0000	0.0000	0.0000	0.0000	0.0000	0.0000	0.0000	0.0000	0.0000	0.0000	0.0000	0.0000	0.0000	0.0000	0.0000	0.0000	0.0000	0.0000	0.0000	0.0000	0.0000	0.0000	0.0000	0.0000	0.0000	0.0000	0.0000	0.0000	0.0000	0.0000	0.0000	0.0000	0.0000	0.0000	0.0000	0.0000	0.0000	0.0000	0.0000	0.0000	0.0000	0.0000	0.0000	0.0000	0.0000	0.0000	0.0000	0.0000	0.0000	0.0000	0.0000											
13	50	0.1247	8	1	0	2	0	0	0	0	0	N	N	Y	N	N	N	N	N	N	N	N	N	0.0000	0.0000	0.0000	0.0000	0.0000	0.0000	0.0000	0.0000	0.0000	0.0000	0.0000	0.0000	0.0000	0.0000	0.0000	0.0000	0.0000	0.0000	0.0000	0.0000	0.0000	1.0000	0.0000	1.0000	0.0000	0.0000	0.0000	0.0000	0.0000	0.0000	0.0000	0.0000	0.0000	0.0000	0.0000	0.0000	0.0000	0.0000	0.0000	0.0000	0.0000	0.0000	0.0000	0.0000	0.0000	0.0000	0.0000	0.0000	0.0000	0.0000	0.0000	0.0000	0.0000	0.0000	0.0000	0.0000	0.0000	0.0000	0.0000	0.0000	0.0000	0.0000	0.0000	0.0000	0.0000	0.0000	0.0000	0.0000	0.0000	0.0000	0.0000	0.0000	0.0000	0.0000	0.0000	0.0000	0.0000	0.0000											
13	51	0.1292	8	1	1	1	0	0	0	0	0	N	N	N	N	N	N	N	N	N	N	N	N	0.0000	0.0000	0.0000	0.0000	0.0000	0.0000	0.0000	0.0000	0.0000	0.0000	0.0000	0.0000	0.0000	0.0000	0.0000	0.0000	0.0000	0.0000	0.0000	0.0000	0.0000	0.0003	0.0000	0.9690	0.0000	0.0000	0.0000	0.0000	0.0000	0.0000	0.0000	0.0000	0.0000	0.0000	0.0000	0.0000	0.0000	0.0000	0.0000	0.0000	0.0000	0.0000	0.0000	0.0000	0.0000	0.0000	0.0000	0.0000	0.0000	0.0000	0.0000	0.0000	0.0000	0.0000	0.0000	0.0000	0.0000	0.0000	0.0000	0.0000	0.0000	0.0000	0.0000	0.0000	0.0000	0.0000	0.0000	0.0000	0.0000	0.0000	0.0000	0.0000	0.0000	0.0000	0.0000	0.0000	0.0000	0.0000											
13	52	0.6966	13	1	1	1	0	0	0	0	0	N	N	N	N	N	N	N	N	N	N	N	N	0.0000	0.0000	0.0000	0.0000	0.0000	0.0000	0.0000	0.0000	0.0000	0.0000	0.0000	0.0000	0.0000	0.0000	0.0000	0.0000	0.0000	0.0000	0.0000	0.0000	0.0000	0.9211	0.0000	0.1671	0.0000	0.0000	0.0000	0.0000	0.0000	0.0000	0.0000	0.0000	0.0000	0.0000	0.0000	0.0000	0.0000	0.0000	0.0000	0.0000	0.0000	0.0000	0.0000	0.0000	0.0000	0.0000	0.0000	0.0000	0.0000	0.0000	0.0000	0.0000	0.0000	0.0000	0.0000	0.0000	0.0000	0.0000	0.0000	0.0000	0.0000	0.0000	0.0000	0.0000	0.0000	0.0000	0.0000	0.0000	0.0000	0.0000	0.0000	0.0000	0.0000	0.0000	0.0000	0.0000	0.0000	0.0000											
13	53	0.1157	9	1	1	1	0	0	0	0	0	N	N	N	N	N	N	N	N	N	N	N	N	0.0000	0.0000	0.0000	0.0000	0.0000	0.0000	0.0000	0.0000	0.0000	0.0000	0.0000	0.0000	0.0000	0.0000	0.0000	0.0000	0.0000	0.0000	0.0000	0.0000	0.0000	1.0000	0.0000	5.0000	0.0000	0.0000	0.0000	0.0000	0.0000	0.0000	0.0000	0.0000	0.0000	0.0000	0.0000	0.0000	0.0000	0.0000	0.0000	0.0000	0.0000	0.0000	0.0000	0.0000	0.0000	0.0000	0.0000	0.0000	0.0000	0.0000	0.0000	0.0000	0.0000	0.0000	0.0000	0.0000	0.0000	0.0000	0.0000	0.0000	0.0000	0.0000	0.0000	0.0000	0.0000	0.0000	0.0000	0.0000	0.0000	0.0000	0.0000	0.0000	0.0000	0.0000	0.0000	0.0000	0.0000	0.0000											
13	54	0.1004	8	1	0	1	0	0	0	0	0	N	N	N	N	N	N	N	N	N	N	N	N	0.0000	0.0000	0.0000	0.0000	0.0000	0.0000	0.0000	0.0000	0.0000	0.0000	0.0000	0.0000	0.0000	0.0000	0.0000	0.0000	0.0000	0.0000	0.0000	0.0000	0.0000	0.0000	0.0000	2.9157	0.0000	0.0000	0.0000	0.0000	0.0000	0.0000	0.0000	0.0000	0.0000	0.0000	0.0000	0.0000	0.0000	0.0000	0.0000	0.0000	0.0000	0.0000	0.0000	0.0000	0.0000	0.0000	0.0000	0.0000	0.0000	0.0000	0.0000	0.0000	0.0000	0.0000	0.0000	0.0000	0.0000	0.0000	0.0000	0.0000	0.0000	0.0000	0.0000	0.0000	0.0000	0.0000	0.0000	0.0000	0.0000	0.0000	0.0000	0.0000	0.0000	0.0000	0.0000	0.0000	0.0000	0.0000											
13	55	0.6726	12	1	1	1	0	0	0	0	0	N	N	N	N	N	N	N	N	N	N	N	N	0.0000	0.0000	0.0000	0.0000	0.0000	0.0000	0.0000	0.0000	0.0000	0.0000	0.0000	0.0000	0.0000	0.0000	0.0000	0.0000	0.0000	0.0000	0.0000	0.0000	0.0000	2.0000	0.0000	3.0000	0.0000	0.0000	0.0000	0.0000	0.0000	0.0000	0.0000	0.0000	0.0000	0.0000	0.0000	0.0000	0.0000	0.0000	0.0000	0.0000	0.0000	0.0000	0.0000	0.0000	0.0000	0.0000	0.0000	0.0000	0.0000	0.0000	0.0000	0.0000	0.0000	0.0000	0.0000	0.0000	0.0000	0.0000	0.0000	0.0000	0.0000	0.0000	0.0000	0.0000	0.0000	0.0000	0.0000	0.0000	0.0000	0.0000	0.0000	0.0000	0.0000	0.0000	0.0000	0.0000	0.0000	0.0000											
13	56	0.0926	7	1	1	1	1	0	0	0	0	N	N	N	N	N	N	N	N	N	N	N	N	0.0000	0.0000	0.0000	0.0000	0.0000	0.0000	0.0000	0.0000	0.0000	0.0000	0.0000	0.0000	0.0000	0.0000	0.0000	0.0000	0.0000	0.0000	0.0000	0.0000	0.0000	1.7218	0.0000	6.9557	0.0000	0.0000	0.0000	0.0000	0.0000	0.0000	0.0000	0.0000	0.0000	0.0000	0.0000	0.0000	0.0000	0.0000	0.0000	0.0000	0.0000	0.0000	0.0000	0.0000	0.0000	0.0000	0.0000	0.0000	0.0000	0.0000	0.0000	0.0000	0.0000	0.0000	0.0000	0.0000	0.0000	0.0000	0.0000	0.0000	0.0000	0.0000	0.0000	0.0000	0.0000	0.0000	0.0000	0.0000	0.0000	0.0000	0.0000	0.0000	0.0000	0.0000	0.0000	0.0000	0.0000	0.0000											
13	57	0.0212	5	2	0	2	0	0	0	0	0	Y	N	Y	N	N	N	N	N	N	N	N	N	0.0000	0.0000	0.0000	0.0000	0.0000	0.0000	0.0000	0.0000	0.0000	0.0000	0.0000	0.0000	0.0000	0.0000	0.0000	0.0000	0.0000	0.0000	0.0000	0.0000	0.0000	8.9999	0.0000	5.0001	0.0000	0.0000	0.0000	0.0000	0.0000	0.0000	0.0000	0.0000	0.0000	0.0000	0.0000	0.0000	0.0000	0.0000	0.0000	0.0000	0.0000	0.0000	0.0000	0.0000	0.0000	0.0000	0.0000	0.0000	0.0000	0.0000	0.0000	0.0000	0.0000	0.0000	0.0000	0.0000	0.0000	0.0000	0.0000	0.0000	0.0000	0.0000	0.0000	0.0000	0.0000	0.0000	0.0000	0.0000	0.0000	0.0000	0.0000	0.0000	0.0000	0.0000	0.0000	0.0000	0.0000	0.0000											
13	58	0.6186	9	2	0	2	0	0	0	0	0	Y	N	Y	N	N	N	N	N	N	N	N	N	0.0000	0.0000	0.0000	0.0000	0.0000	0.0000	0.0000	0.0000	0.0000	0.0000	0.0000	0.0000	0.0000	0.0000	0.0000	0.0000	0.0000	0.0000	0.0000	0.0000	0.0000	0.0000	0.0000	1.0000	0.0000	0.0000	0.0000	0.0000	0.0000	0.0000	0.0000	0.0000	0.0000	0.0000	0.0000	0.0000	0.0000	0.0000	0.0000	0.0000	0.0000	0.0000	0.0000	0.0000	0.0000	0.0000	0.0000	0.0000	0.0000	0.0000	0.0000	0.0000	0.0000	0.0000	0.0000	0.0000	0.0000	0.0000	0.0000	0.0000	0.0000	0.0000	0.0000	0.0000	0.0000	0.0000	0.0000	0.0000	0.0000	0.0000	0.0000	0.0000	0.0000	0.0000	0.0000	0.0000	0.0000	0.0000											
13	59	0.1292	8	1	0	2	0	0	0	0	0	N	N	Y	N	N	N	N	N	N	N	N	N	0.0000	0.0000	0.0000	0.0000	0.0000	0.0000	0.0000	0.0000	0.0000	0.0000	0.0000	0.0000	0.0000	0.0000	0.0000	0.0000	0.0000	0.0000	0.0000	0.0000	0.0000	0.0006	0.0000	1.1867	0.0000	0.0000	0.0000	0.0000	0.0000	0.0000	0.0000	0.0000	0.0000	0.0000	0.0000	0.0000	0.0000	0.0000	0.0000	0.0000	0.0000	0.0000	0.0000	0.0000	0.0000	0.0000	0.0000	0.0000	0.0000	0.0000	0.0000	0.0000	0.0000	0.0000	0.0000	0.0000	0.0000	0.0000	0.0000	0.0000	0.0000	0.0000	0.0000	0.0000	0.0000	0.0000	0.0000	0.0000	0.0000	0.0000	0.0000	0.0000	0.0000	0.0000	0.0000	0.0000	0.0000	0.0000											
13	60	0.0926	7	1	0	1	0	0	0	0	0	N	N	N	N	N	N	N	N	N	N	N	N	0.0000	0.0000	0.0000	0.0000	0.0000	0.0000	0.0000	0.0000	0.0000	0.0000	0.0000	0.0000	0.0000	0.0000	0.0000	0.0000	0.0000	0.0000	0.0000	0.0000	0.0000	2.2785	0.0000	4.8627	0.0000	0.0000	0.0000	0.0000	0.0000	0.0000	0.0000	0.0000	0.0000	0.0000	0.0000	0.0000	0.0000	0.0000	0.0000	0.0000	0.0000	0.0000	0.0000	0.0000	0.0000	0.0000	0.0000	0.0000	0.0000	0.0000	0.0000	0.0000	0.0000	0.0000	0.0000	0.0000	0.0000	0.0000	0.0000	0.0000	0.0000	0.0000	0.0000	0.0000	0.0000	0.0000	0.0000	0.0000	0.0000	0.0000	0.0000	0.0000	0.0000	0.0000	0.0000	0.0000	0.0000	0.0000											
13	61	0.6966	13	1	0	2	0	0	0	0	0	N	N	Y	N	N	N	N	N	N	N	N	N	0.0000	0.0000	0.0000	0.0000	0.0000	0.0000	0.0000	0.0000	0.0000	0.0000	0.0000	0.0000	0.0000	0.0000	0.0000	0.0000	0.0000	0.0000	0.0000	0.0000	0.0000	1.0901	0.0000	7.9319	0.0000	0.0000	0.0000	0.0000	0.0000	0.0000	0.0000	0.0000	0.0000	0.0000	0.0000	0.0000	0.0000	0.0000	0.0000	0.0000	0.0000	0.0000	0.0000	0.0000	0.0000	0.0000	0.0000	0.0000	0.0000	0.0000	0.0000	0.0000	0.0000	0.0000	0.0000	0.0000	0.0000	0.0000	0.0000	0.0000	0.0000	0.0000	0.0000	0.0000	0.0000	0.0000	0.0000	0.0000	0.0000	0.0000	0.0000	0.0000	0.0000	0.0000	0.0000	0.0000	0.0000	0.0000											
13	62	0.6665	12	1	0	1	0	0	0	0	0	N	N	N	N	N	N	N	N	N	N	N	N	0.0000	0.0000	0.0000	0.0000	0.0000	0.0000	0.0000	0.0000	0.0000	0.0000	0.0000	0.0000	0.0000	0.0000	0.0000	0.0000	0.0000	0.0000	0.0000	0.0000	0.0000	1.6797	0.0000	2.9843	0.0000	0.0000	0.0000	0.0000	0.0000	0.0000	0.0000	0.0000	0.0000	0.0000	0.0000	0.0000	0.0000	0.0000	0.0000	0.0000	0.0000	0.0000	0.0000	0.0000	0.0000	0.0000	0.0000	0.0000	0.0000	0.0000	0.0000	0.0000	0.0000	0.0000	0.0000	0.0000	0.0000	0.0000	0.0000	0.0000	0.0000	0.0000	0.0000	0.0000	0.0000	0.0000	0.0000	0.0000	0.0000	0.0000	0.0000	0.0000	0.0000	0.0000	0.0000	0.0000	0.0000	0.0000											
13	63	0.6564	11	1	0	1	0	0	0	0	0	N	N	N	N	N	N	N	N	N	N	N	N	0.0000	0.0000	0.0000	0.0000	0.0000	0.0000	0.0000	0.0000	0.0000	0.0000	0.0000	0.0000	0.0000	0.0000	0.0000	0.0000	0.0000	0.0000	0.0000	0.0000	0.0000	0.4935	0.0000	1.5835	0.0000	0.0000	0.0000	0.0000	0.0000	0.0000	0.0000	0.0000	0.0000	0.0000	0.0000	0.0000	0.0000	0.0000	0.0000	0.0000	0.0000	0.0000	0.0000	0.0000	0.0000	0.0000	0.0000	0.0000	0.0000	0.0000	0.0000	0.0000	0.0000	0.0000	0.0000	0.0000	0.0000	0.0000	0.0000	0.0000	0.0000	0.0000	0.0000	0.0000	0.0000	0.0000	0.0000	0.0000	0.0000	0.0000	0.0000	0.0000	0.0000	0.0000	0.0000	0.0000	0.0000	0.0000											
13	64	0.6933	13	1	1	1	0	0	0	0	0	N	N	N	N	N	N	N	N	N	N	N	N	0.0000	0.0000	0.0000	0.0000	0.0000	0.0000	0.0000	0.0000	0.0000	0.0000	0.0000	0.0000	0.0000	0.0000	0.0000	0.0000	0.0000	0.0000	0.0000	0.0000	0.0000	0.2944	0.0000	1.0083	0.0000	0.0000	0.0000	0.0000	0.0000	0.0000	0.0000	0.0000	0.0000	0.0000	0.0000	0.0000	0.0000	0.0000	0.0000	0.0000	0.0000	0.0000	0.0000	0.0000	0.0000	0.0000	0.0000	0.0000	0.0000	0.0000	0.0000	0.0000	0.0000	0.0000	0.0000	0.0000	0.0000	0.0000	0.0000	0.0000	0.0000	0.0000	0.0000	0.0000	0.0000	0.0000	0.0000	0.0000	0.0000	0.0000	0.0000	0.0000	0.0000	0.0000	0.0000	0.0000	0.0000	0.0000											
13	65	0.6726	12	1	0	1	0	0	0	0	0	N	N	N	N	N	N	N	N	N	N	N	N	0.0000	0.0000	0.0000	0.0000	0.0000	0.0000	0.0000	0.0000	0.0000	0.0000	0.0000	0.0000	0.0000	0.0000	0.0000	0.0000	0.0000	0.0000	0.0000	0.0000	0.0000	1.1351	0.0000	2.0429	0.0000	0.0000	0.0000	0.0000	0.0000	0.0000	0.0000	0.0000	0.0000	0.0000	0.0000	0.0000	0.0000	0.0000	0.0000	0.0000	0.0000	0.0000	0.0000	0.0000	0.0000	0.0000	0.0000	0.0000	0.0000	0.0000	0.0000	0.0000	0.0000	0.0000	0.0000	0.0000	0.0000	0.0000	0.0000	0.0000	0.0000	0.0000	0.0000	0.0000	0.0000	0.0000	0.0000	0.0000	0.0000	0.0000	0.0000	0.0000	0.0000	0.0000	0.0000	0.0000	0.0000	0.0000											
13	66	0.6564	11	1	0	1	0	0	0	0	0	N	N	N	N	N	N	N	N	N	N	N	N	0.0000	0.0000	0.0000	0.0000	0.0000	0.0000	0.0000	0.0000	0.0000	0.0000	0.0000	0.0000	0.0000	0.0000	0.0000	0.0000	0.0000	0.0000	0.0000	0.0000	0.0000	0.4912	0.0000	2.4266	0.0000	0.0000	0.0000	0.0000	0.0000	0.0000	0.0000	0.0000	0.0000	0.0000	0.0000	0.0000	0.0000	0.0000	0.0000	0.0000	0.0000	0.0000	0.0000	0.0000	0.0000	0.0000	0.0000	0.0000	0.0000	0.0000	0.0000	0.0000	0.0000	0.0000	0.0000	0.0000	0.0000	0.0000	0.0000	0.0000	0.0000	0.0000	0.0000	0.0000	0.0000	0.0000	0.0000	0.0000	0.0000	0.0000	0.0000	0.0000	0.0000	0.0000	0.0000	0.0000	0.0000	0.0000											
13	67	0.6512	10	1	0	1	0	0	0	0	0	N	N	N	N	N	N	N	N	N	N	N	N	0.0000	0.0000	0.0000	0.0000	0.0000	0.0000	0.0000	0.0000	0.0000	0.0000	0.0000	0.0000	0.0000	0.0000	0.0000	0.0000	0.0000	0.0000	0.0000	0.0000	0.0000	0.6141	0.0000	1.2701	0.0000	0.0000	0.0000	0.0000	0.0000	0.0000	0.0000	0.0000	0.0000	0.0000	0.0000	0.0000	0.0000	0.0000	0.0000	0.0000	0.0000	0.0000	0.0000	0.0000	0.0000	0.0000	0.0000	0.0000	0.0000	0.0000	0.0000	0.0000	0.0000	0.0000	0.0000	0.0000	0.0000	0.0000	0.0000	0.0000	0.0000	0.0000	0.0000	0.0000	0.0000	0.0000	0.0000	0.0000	0.0000	0.0000	0.0000	0.0000	0.0000	0.0000	0.0000	0.0000	0.0000	0.0000											
13	68	0.6186	9	2	1	2	0	0	0	0	0	Y	N	Y	N	N	N	N	N	N	N	N	N	0.0000	0.0000	0.0000	0.0000	0.0000	0.0000	0.0000	0.0000	0.0000	0.0000	0.0000	0.0000	0.0000	0.0000	0.0000	0.0000	0.0000	0.0000	0.0000	0.0000	0.0000	0.0000	0.0000	0.0000	0.0000	0.0000	0.0000	0.0000	0.0000	0.0000	0.0000	0.0000	0.0000	0.0000	0.0000	0.0000	0.0000	0.0000	0.0000	0.0000	0.0000	0.0000	0.0000	0.0000	0.0000	0.0000	0.0000	0.0000	0.0000	0.0000	0.0000	0.0000	0.0000	0.0000	0.0000	0.0000	0.0000	0.0000	0.0000	0.0000	0.0000	0.0000	0.0000	0.0000	0.0000	0.0000	0.0000	0.0000	0.0000	0.0000	0.0000	0.0000	0.0000	0.0000	0.0000	0.0000	0.0000	0.0000											
13	69	0.0665	7	2	1	2	0	0	0	0	0	Y	N	Y	N	N	N	N	N	N	N	N	N	0.0000	0.0000	0.0000	0.0000	0.0000	0.0000	0.0000	0.0000	0.0000	0.0000	0.0000	0.0000	0.0000	0.0000	0.0000	0.0000	0.0000	0.0000	0.0000	0.0000	0.0000	1.0000	0.0000	0.0000	0.0000	0.0000	0.0000	0.0000	0.0000	0.0000	0.0000	0.0000	0.0000	0.0000	0.0000	0.0000	0.0000	0.0000	0.0000	0.0000	0.0000	0.0000	0.0000	0.0000	0.0000	0.0000	0.0000	0.0000	0.0000	0.0000	0.0000	0.0000	0.0000	0.0000	0.0000	0.0000	0.0000	0.0000	0.0000	0.0000	0.0000	0.0000	0.0000	0.0000	0.0000	0.0000	0.0000	0.0000	0.0000	0.0000	0.0000	0.0000	0.0000	0.0000	0.0000	0.0000	0.0000	0.0000											
13	70	0.0665	7	2	1	2	0	0	0	0	0	Y	N	Y	N	N	N	N	N	N	N	N	N	0.0000	0.0000	0.0000	0.0000	0.0000	0.0000	0.0000	0.0000	0.0000	0.0000	0.0000	0.0000	0.0000	0.0000	0.0000	0.0000	0.0000	0.0000	0.0000	0.0000	0.0000	0.0000	0.0000	0.0000	0.0000	0.0000	0.0000	0.0000	0.0000	0.0000	0.0000	0.0000	0.0000	0.0000	0.0000	0.0000	0.0000	0.0000	0.0000	0.0000	0.0000	0.0000	0.0000	0.0000	0.0000	0.0000	0.0000	0.0000	0.0000	0.0000	0.0000	0.0000	0.0000	0.0000	0.0000	0.0000	0.0000	0.0000	0.0000	0.0000	0.0000	0.0000	0.0000	0.0000	0.0000	0.0000	0.0000	0.0000	0.0000	0.0000	0.0000	0.0000	0.0000	0.0000	0.0000	0.0000	0.0000	0.0000											
13	71	0.0442	6	2	1	2	0	0	0	0	0	Y	N	Y	N	N	N	N	N	N	N	N	N	0.0000	0.0000	0.0000	0.0000	0.0000	0.0000	0.0000	0.0000	0.0000	0.0000	0.0000	0.0000	0.0000	0.0000	0.0000	0.0000	0.0000	0.0000	0.0000	0.0000	0.0000	2.0000	0.0000	1.0000	0.0000	0.0000	0.0000	0.0000	0.0000	0.0000	0.0000	0.0000	0.0000	0.0000	0.0000	0.0000	0.0000	0.0000	0.0000	0.0000	0.0000	0.0000	0.0000	0.0000	0.0000	0.0000	0.0000	0.0000	0.0000	0.0000	0.0000	0.0000	0.0000	0.0000	0.0000	0.0000	0.0000	0.0000	0.0000	0.0000	0.0000	0.0000	0.0000	0.0000	0.0000	0.0000	0.0000	0.0000	0.0000	0.0000	0.0000	0.0000	0.0000	0.0000	0.0000	0.0000	0.0000	0.0000											
13	72	0.0212	5	2	0	2	0	0	0	0	0	Y	N	Y	N	N	N	N	N	N	N	N	N	0.0000	0.0000	0.0000	0.0000	0.0000	0.0000	0.0000	0.0000	0.0000	0.0000	0.0000	0.0000	0.0000	0.0000	0.0000	0.0000	0.0000	0.0000	0.0000	0.0000	0.0000	1.0017	0.0000	2.0007	0.0000	0.0000	0.0000	0.0000	0.0000	0.0000	0.0000	0.0000	0.0000	0.0000	0.0000	0.0000	0.0000	0.0000	0.0000	0.0000	0.0000	0.0000	0.0000	0.0000	0.0000	0.0000	0.0000	0.0000	0.0000	0.0000	0.0000	0.0000	0.0000	0.0000	0.0000	0.0000	0.0000	0.0000	0.0000	0.0000	0.0000	0.0000	0.0000	0.0000	0.0000	0.0000	0.0000	0.0000	0.0000	0.0000	0.0000	0.0000	0.0000	0.0000	0.0000	0.0000	0.0000	0.0000											
13	73	0.6378	10	2	1	1	0	0	0	0	0	Y	N	N	N	N	N	N	N	N	N	N	N	0.0000	0.0000	0.0000	0.0000	0.0000	0.0000	0.0000	0.0000	0.0000	0.0000	0.0000	0.0000	0.0000	0.0000	0.0000	0.0000	0.0000	0.0000	0.0000	0.0000	0.0000	0.0000	0.0000	0.0000	0.0000	0.0000	0.0000	0.0000	0.0000	0.0000	0.0000	0.0000	0.0000	0.0000	0.0000	0.0000	0.0000	0.0000	0.0000	0.0000	0.0000	0.0000	0.0000	0.0000	0.0000	0.0000	0.0000	0.0000	0.0000	0.0000	0.0000	0.0000	0.0000	0.0000	0.0000	0.0000	0.0000	0.0000	0.0000	0.0000	0.0000	0.0000	0.0000	0.0000	0.0000	0.0000	0.0000	0.0000	0.0000	0.0000	0.0000	0.0000	0.0000	0.0000	0.0000	0.0000	0.0000	0.0000											
13	74	0.1307	8	2	1	1	0	0	0	0	0	Y	N	N	N	N	N	N	N	N	N	N	N	0.0000	0.0000	0.0000	0.0000	0.0000	0.0000	0.0000	0.0000	0.0000	0.0000	0.0000	0.0000	0.0000	0.0000	0.0000	0.0000	0.0000	0.0000	0.0000	0.0000	0.0000	0.0000	0.0000	0.0010	0.0000	0.0000	0.0000	0.0000	0.0000	0.0000	0.0000	0.0000	0.0000	0.0000	0.0000	0.0000	0.0000	0.0000	0.0000	0.0000	0.0000	0.0000	0.0000	0.0000	0.0000	0.0000	0.0000	0.0000	0.0000	0.0000	0.0000	0.0000	0.0000	0.0000	0.0000	0.0000	0.0000	0.0000	0.0000	0.0000	0.0000	0.0000	0.0000	0.0000	0.0000	0.0000	0.0000	0.0000	0.0000	0.0000	0.0000	0.0000	0.0000	0.0000	0.0000	0.0000	0.0000	0.0000											
13	75	0.1198	10	1	1	1	1	0	0	0	0	N	N	N	N	N	N	N	N	N	N	N	N	0.0000	0.0000	0.0000	0.0000	0.0000	0.0000	0.0000	0.0000	0.0000	0.0000	0.0000	0.0000	0.0000	0.0000	0.0000	0.0000	0.0000	0.0000	0.0000	0.0000	0.0000	0.0000	0.0000	0.0000	0.0000	0.0000	0.0000	0.0000	0.0000	0.0000	0.0000	0.0000	0.0000	0.0000	0.0000	0.0000	0.0000	0.0000	0.0000	0.0000	0.0000	0.0000	0.0000	0.0000	0.0000	0.0000	0.0000	0.0000	0.0000	0.0000	0.0000	0.0000	0.0000	0.0000	0.0000	0.0000	0.0000	0.0000	0.0000	0.0000	0.0000	0.0000	0.0000	0.0000	0.0000	0.0000	0.0000	0.0000	0.0000	0.0000	0.0000	0.0000	0.0000	0.0000	0.0000	0.0000	0.0000	0.0000											
13	76	0.1198	10	1	0	1	1	0	0	0	0	N	N	N	N	N	N	N	N	N	N	N	N	0.0000	0.0000	0.0000	0.0000	0.0000	0.0000	0.0000	0.0000	0.0000	0.0000	0.0000	0.0000	0.0000	0.0000	0.0000	0.0000	0.0000	0.0000	0.0000	0.0000	0.0000	0.0000	0.0000	0.0000	0.0000	0.0000	0.0000	0.0000	0.0000	0.0000	0.0000	0.0000	0.0000	0.0000	0.0000	0.0000	0.0000	0.0000	0.0000	0.0000	0.0000	0.0000	0.0000	0.0000	0.0000	0.0000	0.0000	0.0000	0.0000	0.0000	0.0000	0.0000	0.0000	0.0000	0.0000	0.0000	0.0000	0.0000	0.0000	0.0000	0.0000	0.0000	0.0000	0.0000	0.0000	0.0000	0.0000	0.0000	0.0000	0.0000	0.0000	0.0000	0.0000	0.0000	0.0000	0.0000	0.0000	0.0000											
13	77	0.1045	9	1	0	1	1	0	0	0	0	N	N	N	N	N	N	N	N	N	N	N	N	0.0000	0.0000	0.0000	0.0000	0.0000	0.0000	0.0000	0.0000	0.0000	0.0000	0.0000	0.0000	0.0000	0.0000	0.0000	0.0000	0.0000	0.0000	0.0000	0.0000	0.0000	0.0002	0.0000	2.9297	0.0000	0.0000	0.0000	0.0000	0.0000	0.0000	0.0000	0.0000	0.0000	0.0000	0.0000	0.0000	0.0000	0.0000	0.0000	0.0000	0.0000	0.0000	0.0000	0.0000	0.0000	0.0000	0.0000	0.0000	0.0000	0.0000	0.0000	0.0000	0.0000	0.0000	0.0000	0.0000	0.0000	0.0000	0.0000	0.0000	0.0000	0.0000	0.0000	0.0000	0.0000	0.0000	0.0000	0.0000	0.0000	0.0000	0.0000	0.0000	0.0000	0.0000	0.0000	0.0000	0.0000	0.0000											
13	78	0.1004	8	1	0	1	1	0	0	0	0	N	N	N	N	N	N	N	N	N	N	N	N	0.0000	0.0000	0.0000	0.0000	0.0000	0.0000	0.0000	0.0000	0.0000	0.0000	0.0000	0.0000	0.0000	0.0000	0.0000	0.0000	0.0000	0.0000	0.0000	0.0000	0.0000	0.0003	0.0000	2.1916	0.0000	0.0000	0.0000	0.0000	0.0000	0.0000	0.0000	0.0000	0.0000	0.0000	0.0000	0.0000	0.0000	0.0000	0.0000	0.0000	0.0000	0.0000	0.0000	0.0000	0.0000	0.0000	0.0000	0.0000	0.0000	0.0000	0.0000	0.0000	0.0000	0.0000	0.0000	0.0000	0.0000	0.0000	0.0000	0.0000	0.0000	0.0000	0.0000	0.0000	0.0000	0.0000	0.0000	0.0000	0.0000	0.0000	0.0000	0.0000	0.0000	0.0000	0.0000	0.0000	0.0000	0.0000											
13	79	0.0926	7	1	0	1	0	0	0	0	0	N	N	N	N	N	N	N	N	N	N	N	N	0.0000	0.0000	0.0000	0.0000	0.0000	0.0000	0.0000	0.0000	0.0000	0.0000	0.0000	0.0000	0.0000	0.0000	0.0000	0.0000	0.0000	0.0000	0.0000	0.0000	0.0000	0.2782	0.0000	1.3600	0.0000	0.0000	0.0000	0.0000	0.0000	0.0000	0.0000	0.0000	0.0000	0.0000	0.0000	0.0000	0.0000	0.0000	0.0000	0.0000	0.0000	0.0000	0.0000	0.0000	0.0000	0.0000	0.0000	0.0000	0.0000	0.0000	0.0000	0.0000	0.0000	0.0000	0.0000	0.0000	0.0000	0.0000	0.0000	0.0000	0.0000	0.0000	0.0000	0.0000	0.0000	0.0000	0.0000	0.0000	0.0000	0.0000	0.0000	0.0000	0.0000	0.0000	0.0000	0.0000	0.0000	0.0000											
13	80	0.0538	7	1	1	2	0	0	0	0	0	N	N	Y	N	N	N	N	N	N	N	N	N	0.0000	0.0000	0.0000	0.0000	0.0000	0.0000	0.0000	0.0000	0.0000	0.0000	0.0000	0.0000	0.0000	0.0000	0.0000	0.0000	0.0000	0.0000	0.0000	0.0000	0.0000	0.0029	0.0000	2.0135	0.0000	0.0000	0.0000	0.0000	0.0000	0.0000	0.0000	0.0000	0.0000	0.0000	0.0000	0.0000	0.0000	0.0000	0.0000	0.0000	0.0000	0.0000	0.0000	0.0000	0.0000	0.0000	0.0000	0.0000	0.0000	0.0000	0.0000	0.0000	0.0000	0.0000	0.0000	0.0000	0.0000	0.0000	0.0000	0.0000	0.0000	0.0000	0.0000	0.0000	0.0000	0.0000	0.0000	0.0000	0.0000	0.0000	0.0000	0.0000	0.0000	0.0000	0.0000	0.0000	0.0000	0.0000											
13	81	0.0472	6	1	1	1	0	0	0	0	0	N	N	N	N	N	N	N	N	N	N	N	N	0.0000	0.0000	0.0000	0.0000	0.0000	0.0000	0.0000	0.0000	0.0000	0.0000	0.0000	0.0000	0.0000	0.0000	0.0000	0.0000	0.0000	0.0000	0.0000	0.0000	0.0000	0.6188	0.0000	0.9475	0.0000	0.0000	0.0000	0.0000	0.0000	0.0000	0.0000	0.0000	0.0000	0.0000	0.0000	0.0000	0.0000	0.0000	0.0000	0.0000	0.0000	0.0000	0.0000	0.0000	0.0000	0.0000	0.0000	0.0000	0.0000	0.0000	0.0000	0.0000	0.0000	0.0000	0.0000	0.0000	0.0000	0.0000	0.0000	0.0000	0.0000	0.0000	0.0000	0.0000	0.0000	0.0000	0.0000	0.0000	0.0000	0.0000	0.0000	0.0000	0.0000	0.0000	0.0000	0.0000	0.0000	0.0000											
13	82	0.6410	10	1	1	2	0	0	0	0	0	N	N	Y	N	N	N	N	N	N	N	N	N	0.0000	0.0000	0.0000	0.0000	0.0000	0.0000	0.0000	0.0000	0.0000	0.0000	0.0000	0.0000	0.0000	0.0000	0.0000	0.0000	0.0000	0.0000	0.0000	0.0000	0.0000	0.0000	0.0000	1.0000	0.0000	0.0000	0.0000	0.0000	0.0000	0.0000	0.0000	0.0000	0.0000	0.0000	0.0000	0.0000	0.0000	0.0000	0.0000	0.0000	0.0000	0.0000	0.0000	0.0000	0.0000	0.0000	0.0000	0.0000	0.0000	0.0000	0.0000	0.0000	0.0000	0.0000	0.0000	0.0000	0.0000	0.0000	0.0000	0.0000	0.0000	0.0000	0.0000	0.0000	0.0000	0.0000	0.0000	0.0000	0.0000	0.0000	0.0000	0.0000	0.0000	0.0000	0.0000	0.0000	0.0000	0.0000											
13	83	0.0212	5	2	0	2	0	0	0	0	0	Y	N	Y	N	N	N	N	N	N	N	N	N	0.0000	0.0000	0.0000	0.0000	0.0000	0.0000	0.0000	0.0000	0.0000	0.0000	0.0000	0.0000	0.0000	0.0000	0.0000	0.0000	0.0000	0.0000	0.0000	0.0000	0.0000	9.0001	0.0000	3.0001	0.0000	0.0000	0.0000	0.0000	0.0000	0.0000	0.0000	0.0000	0.0000	0.0000	0.0000	0.0000	0.0000	0.0000	0.0000	0.0000	0.0000	0.0000	0.0000	0.0000	0.0000	0.0000	0.0000	0.0000	0.0000	0.0000	0.0000	0.0000	0.0000	0.0000	0.0000	0.0000	0.0000	0.0000	0.0000	0.0000	0.0000	0.0000	0.0000	0.0000	0.0000	0.0000	0.0000	0.0000	0.0000	0.0000	0.0000	0.0000	0.0000	0.0000	0.0000	0.0000	0.0000	0.0000											
13	84	0.6186	9	2	0	2	0	0	0	0	0	Y	N	Y	N	N	N	N	N	N	N	N	N	0.0000	0.0000	0.0000	0.0000	0.0000	0.0000	0.0000	0.0000	0.0000	0.0000	0.0000	0.0000	0.0000	0.0000	0.0000	0.0000	0.0000	0.0000	0.0000	0.0000	0.0000	4.0000	0.0000	0.0000	0.0000	0.0000	0.0000	0.0000	0.0000	0.0000	0.0000	0.0000	0.0000	0.0000	0.0000	0.0000	0.0000	0.0000	0.0000	0.0000	0.0000	0.0000	0.0000	0.0000	0.0000	0.0000	0.0000	0.0000	0.0000	0.0000	0.0000	0.0000	0.0000	0.0000	0.0000	0.0000	0.0000	0.0000	0.0000	0.0000	0.0000	0.0000	0.0000	0.0000	0.0000	0.0000	0.0000	0.0000	0.0000	0.0000	0.0000	0.0000	0.0000	0.0000	0.0000	0.0000	0.0000	0.0000											
13	85	0.6647	10	2	1	1	0	0	0	0	0	Y	N	N	N	N	N	N	N	N	N	N	N	0.0000	0.0000	0.0000	0.0000	0.0000	0.0000	0.0000	0.0000	0.0000	0.0000	0.0000	0.0000	0.0000	0.0000	0.0000	0.0000	0.0000	0.0000	0.0000	0.0000	0.0000	1.0086	0.0000	1.7435	0.0000	0.0000	0.0000	0.0000	0.0000	0.0000	0.0000	0.0000	0.0000	0.0000	0.0000	0.0000	0.0000	0.0000	0.0000	0.0000	0.0000	0.0000	0.0000	0.0000	0.0000	0.0000	0.0000	0.0000	0.0000	0.0000	0.0000	0.0000	0.0000	0.0000	0.0000	0.0000	0.0000	0.0000	0.0000	0.0000	0.0000	0.0000	0.0000	0.0000	0.0000	0.0000	0.0000	0.0000	0.0000	0.0000	0.0000	0.0000	0.0000	0.0000	0.0000	0.0000	0.0000	0.0000											
13	86	0.6186	9	2	1	1	0	0	0	0	0	Y	N	N	N	N	N	N	N	N	N	N	N	0.0000	0.0000	0.0000	0.0000	0.0000	0.0000	0.0000	0.0000	0.0000	0.0000	0.0000	0.0000	0.0000	0.0000	0.0000	0.0000	0.0000	0.0000	0.0000	0.0000	0.0000	1.0165	0.0000	4.1395	0.0000	0.0000	0.0000	0.0000	0.0000	0.0000	0.0000	0.0000	0.0000	0.0000	0.0000	0.0000	0.0000	0.0000	0.0000	0.0000	0.0000	0.0000	0.0000	0.0000	0.0000	0.0000	0.0000	0.0000	0.0000	0.0000	0.0000	0.0000	0.0000	0.0000	0.0000	0.0000	0.0000	0.0000	0.0000	0.0000	0.0000	0.0000	0.0000	0.0000	0.0000	0.0000	0.0000	0.0000	0.0000	0.0000	0.0000	0.0000	0.0000	0.0000	0.0000	0.0000	0.0000	0.0000											
13	87	0.0625	6	2	1	1	0	0	0	0	0	Y	N	N	N	N	N	N	N	N	N	N	N	0.0000	0.0000	0.0000	0.0000	0.0000	0.0000	0.0000	0.0000	0.0000	0.0000	0.0000	0.0000	0.0000	0.0000	0.0000	0.0000	0.0000	0.0000	0.0000	0.0000	0.0000	9.0005	0.0000	5.0000	0.0000	0.0000	0.0000	0.0000	0.0000	0.0000	0.0000	0.0000	0.0000	0.0000	0.0000	0.0000	0.0000	0.0000	0.0000	0.0000	0.0000	0.0000	0.0000	0.0000	0.0000	0.0000	0.0000	0.0000	0.0000	0.0000	0.0000	0.0000	0.0000	0.0000	0.0000	0.0000	0.0000	0.0000	0.0000	0.0000	0.0000	0.0000	0.0000	0.0000	0.0000	0.0000	0.0000	0.0000	0.0000	0.0000	0.0000	0.0000	0.0000	0.0000	0.0000	0.0000	0.0000	0.0000											
13	88	0.6410	10	1	1	1	0	0	0	0	0	N	N	N	N	N	N	N	N	N	N	N	N	0.0000	0.0000	0.0000	0.0000	0.0000	0.0000	0.0000	0.0000	0.0000	0.0000	0.0000	0.0000	0.0000	0.0000	0.0000	0.0000	0.0000	0.0000	0.0000	0.0000	0.0000	0.0000	0.0000	0.0000	0.0000	0.0000	0.0000	0.0000	0.0000	0.0000	0.0000	0.0000	0.0000	0.0000	0.0000	0.0000	0.0000	0.0000	0.0000	0.0000	0.0000	0.0000	0.0000	0.0000	0.0000	0.0000	0.0000	0.0000	0.0000	0.0000	0.0000	0.0000	0.0000	0.0000	0.0000	0.0000	0.0000	0.0000	0.0000	0.0000	0.0000	0.0000	0.0000	0.0000	0.0000	0.0000	0.0000	0.0000	0.0000	0.0000	0.0000	0.0000	0.0000	0.0000	0.0000	0.0000	0.0000	0.0000											
13	89	0.0472	6	1	1	1	0	0	0	0	0	N	N	N	N	N	N	N	N	N	N	N	N	0.0000	0.0000	0.0000	0.0000	0.0000	0.0000	0.0000	0.0000	0.0000	0.0000	0.0000	0.0000	0.0000	0.0000	0.0000	0.0000	0.0000	0.0000	0.0000	0.0000	0.0000	1.9953	0.0000	1.0817	0.0000	0.0000	0.0000	0.0000	0.0000	0.0000	0.0000	0.0000	0.0000	0.0000	0.0000	0.0000	0.0000	0.0000	0.0000	0.0000	0.0000	0.0000	0.0000	0.0000	0.0000	0.0000	0.0000	0.0000	0.0000	0.0000	0.0000	0.0000	0.0000	0.0000	0.0000	0.0000	0.0000	0.0000	0.0000	0.0000	0.0000	0.0000	0.0000	0.0000	0.0000	0.0000	0.0000	0.0000	0.0000	0.0000	0.0000	0.0000	0.0000	0.0000	0.0000	0.0000	0.0000	0.0000											
13	90	0.0212	5	1	1	1	0	0	0	0	0	N	N	N	N	N	N	N	N	N	N	N	N	0.0000	0.0000	0.0000	0.0000	0.0000	0.0000	0.0000	0.0000	0.0000	0.0000	0.0000	0.0000	0.0000	0.0000	0.0000	0.0000	0.0000	0.0000	0.0000	0.0000	0.0000	2.3999	0.0000	4.0713	0.0000	0.0000	0.0000	0.0000	0.0000	0.0000	0.0000	0.0000	0.0000	0.0000	0.0000	0.0000	0.0000	0.0000	0.0000	0.0000	0.0000	0.0000	0.0000	0.0000	0.0000	0.0000	0.0000	0.0000	0.0000	0.0000	0.0000	0.0000	0.0000	0.0000	0.0000	0.0000	0.0000	0.0000	0.0000	0.0000	0.0000	0.0000	0.0000	0.0000	0.0000	0.0000	0.0000	0.0000	0.0000	0.0000	0.0000	0.0000	0.0000	0.0000	0.0000	0.0000	0.0000	0.0000											
13	91	0.1247	8	1	0	2	0	0	0	0	0	N	N	Y	N	N	N	N	N	N	N	N	N	0.0000	0.0000	0.0000	0.0000	0.0000	0.0000	0.0000	0.0000	0.0000	0.0000	0.0000	0.0000	0.0000	0.0000	0.0000	0.0000	0.0000	0.0000	0.0000	0.0000	0.0000	0.0000	0.0000	0.0000	0.0000	0.0000	0.0000	0.0000	0.0000	0.0000	0.0000	0.0000	0.0000	0.0000	0.0000	0.0000	0.0000	0.0000	0.0000	0.0000	0.0000	0.0000	0.0000	0.0000	0.0000	0.0000	0.0000	0.0000	0.0000	0.0000	0.0000	0.0000	0.0000	0.0000	0.0000	0.0000	0.0000	0.0000	0.0000	0.0000	0.0000	0.0000	0.0000	0.0000	0.0000	0.0000	0.0000	0.0000	0.0000	0.0000	0.0000	0.0000	0.0000	0.0000	0.0000	0.0000	0.0000	0.0000											
13	92	0.0926	7	1	0	2	0	0	0	0	0	N	N	Y	N	N	N	N	N	N	N	N	N	0.0000	0.0000	0.0000	0.0000	0.0000	0.0000	0.0000	0.0000	0.0000	0.0000	0.0000	0.0000	0.0000	0.0000	0.0000	0.0000	0.0000	0.0000	0.0000	0.0000	0.0000	3.7221	0.0000	2.9993	0.0000	0.0000	0.0000	0.0000	0.0000	0.0000	0.0000	0.0000	0.0000	0.0000	0.0000	0.0000	0.0000	0.0000	0.0000	0.0000	0.0000	0.0000	0.0000	0.0000	0.0000	0.0000	0.0000	0.0000	0.0000	0.0000	0.0000	0.0000	0.0000	0.0000	0.0000	0.0000	0.0000	0.0000	0.0000	0.0000	0.0000	0.0000	0.0000	0.0000	0.0000	0.0000	0.0000	0.0000	0.0000	0.0000	0.0000	0.0000	0.0000	0.0000	0.0000	0.0000	0.0000	0.0000											
13	93	0.0625	6	1	0	1	0	0	0	0	0	N	N	N	N	N	N	N	N	N	N	N	N	0.0000	0.0000	0.0000	0.0000	0.0000	0.0000	0.0000	0.0000	0.0000	0.0000	0.0000	0.0000	0.0000	0.0000	0.0000	0.0000	0.0000	0.0000	0.0000	0.0000	0.0000	2.7217	0.0000	3.0458	0.0000	0.0000	0.0000	0.0000	0.0000	0.0000	0.0000	0.0000	0.0000	0.0000	0.0000	0.0000	0.0000	0.0000	0.0000	0.0000	0.0000	0.0000	0.0000	0.0000	0.0000	0.0000	0.0000	0.0000	0.0000	0.0000	0.0000	0.0000	0.0000	0.0000	0.0000	0.0000	0.0000	0.0000	0.0000	0.0000	0.0000	0.0000	0.0000	0.0000	0.0000	0.0000	0.0000	0.0000	0.0000	0.0000	0.0000	0.0000	0.0000	0.0000	0.0000	0.0000	0.0000	0.0000											
13	94	0.0050	4	2	1	1	0	0	0	0	0	Y	N	N	N	N	N	N	N	N	N	N	N	0.0000	0.0000	0.0000	0.0000	0.0000	0.0000	0.0000	0.0000	0.0000	0.0000	0.0000	0.0000	0.0000	0.0000	0.0000	0.0000	0.0000	0.0000	0.0000	0.0000	0.0000	5.9980	0.0000	4.9575	0.0000	0.0000	0.0000	0.0000	0.0000	0.0000	0.0000	0.0000	0.0000	0.0000	0.0000	0.0000	0.0000	0.0000	0.0000	0.0000	0.0000	0.0000	0.0000	0.0000	0.0000	0.0000	0.0000	0.0000	0.0000	0.0000	0.0000	0.0000	0.0000	0.0000	0.0000	0.0000	0.0000	0.0000	0.0000	0.0000	0.0000	0.0000	0.0000	0.0000	0.0000	0.0000	0.0000	0.0000	0.0000	0.0000	0.0000	0.0000	0.0000	0.0000	0.0000	0.0000	0.0000	0.0000											
13	95	0.6410	10	2	1	1	0	0	0	0	0	Y	N	N	N	N	N	N	N	N	N	N	N	0.0000	0.0000	0.0000	0.0000	0.0000	0.0000	0.0000	0.0000	0.0000	0.0000	0.0000	0.0000	0.0000	0.0000	0.0000	0.0000	0.0000	0.0000	0.0000	0.0000	0.0000	0.0000	0.0000	2.0000	0.0000	0.0000	0.0000	0.0000	0.0000	0.0000	0.0000	0.0000	0.0000	0.0000	0.0000	0.0000	0.0000	0.0000	0.0000	0.0000	0.0000	0.0000	0.0000	0.0000	0.0000	0.0000	0.0000	0.0000	0.0000	0.0000	0.0000	0.0000	0.0000	0.0000	0.0000	0.0000	0.0000	0.0000	0.0000	0.0000	0.0000	0.0000	0.0000	0.0000	0.0000	0.0000	0.0000	0.0000	0.0000	0.0000	0.0000	0.0000	0.0000	0.0000	0.0000	0.0000	0.0000	0.0000											
13	96	0.6186	9	1	1	1	0	0	0	0	0	N	N	N	N	N	N	N	N	N	N	N	N	0.0000	0.0000	0.0000	0.0000	0.0000	0.0000	0.0000	0.0000	0.0000	0.0000	0.0000	0.0000	0.0000	0.0000	0.0000	0.0000	0.0000	0.0000	0.0000	0.0000	0.0000	4.0000	0.0000	0.0000	0.0000	0.0000	0.0000	0.0000	0.0000	0.0000	0.0000	0.0000	0.0000	0.0000	0.0000	0.0000	0.0000	0.0000	0.0000	0.0000	0.0000	0.0000	0.0000	0.0000	0.0000	0.0000	0.0000	0.0000	0.0000	0.0000	0.0000	0.0000	0.0000	0.0000	0.0000	0.0000	0.0000	0.0000	0.0000	0.0000	0.0000	0.0000	0.0000	0.0000	0.0000	0.0000	0.0000	0.0000	0.0000	0.0000	0.0000	0.0000	0.0000	0.0000	0.0000	0.0000	0.0000	0.0000											
13	97	0.0625	6	1	0	1	0	0	0	0	0	N	N	N	N	N	N	N	N	N	N	N	N	0.0000	0.0000	0.0000	0.0000	0.0000	0.0000	0.0000	0.0000	0.0000	0.0000	0.0000	0.0000	0.0000	0.0000	0.0000	0.0000	0.0000	0.0000	0.0000	0.0000	0.0000	3.9994	0.0000	4.0000	0.0000	0.0000	0.0000	0.0000	0.0000	0.0000	0.0000	0.0000	0.0000	0.0000	0.0000	0.0000	0.0000	0.0000	0.0000	0.0000	0.0000	0.0000	0.0000	0.0000	0.0000	0.0000	0.0000	0.0000	0.0000	0.0000	0.0000	0.0000	0.0000	0.0000	0.0000	0.0000	0.0000	0.0000	0.0000	0.0000	0.0000	0.0000	0.0000	0.0000	0.0000	0.0000	0.0000	0.0000	0.0000	0.0000	0.0000	0.0000	0.0000	0.0000	0.0000	0.0000	0.0000	0.0000											
13	98	0.6186	9	1	0	1	0	0	0	0	0	N	N	N	N	N	N	N	N	N	N	N	N	0.0000	0.0000	0.0000	0.0000	0.0000	0.0000	0.0000	0.0000	0.0000	0.0000	0.0000	0.0000	0.0000	0.0000	0.0000	0.0000	0.0000	0.0000	0.0000	0.0000	0.0000	1.0000	0.0000	0.0000	0.0000	0.0000	0.0000	0.0000	0.0000	0.0000	0.0000	0.0000	0.0000	0.0000	0.0000	0.0000	0.0000	0.0000	0.0000	0.0000	0.0000	0.0000	0.0000	0.0000	0.0000	0.0000	0.0000	0.0000	0.0000	0.0000	0.0000	0.0000	0.0000	0.0000	0.0000	0.0000	0.0000	0.0000	0.0000	0.0000	0.0000	0.0000	0.0000	0.0000	0.0000	0.0000	0.0000	0.0000	0.0000	0.0000	0.0000	0.0000	0.0000	0.0000	0.0000	0.0000	0.0000	0.0000											
13	99	0.1734	7	1	0	1	0	0	0	0	0	N	N	N	N	N	N	N	N	N	N	N	N	0.0000	0.0000	0.0000	0.0000	0.0000	0.0000	0.0000	0.0000	0.0000	0.0000	0.0000	0.0000	0.0000	0.0000	0.0000	0.0000	0.0000	0.0000	0.0000	0.0000	0.0000	1.5982	0.0000	11.1970	0.0000	0.0000	0.0000	0.0000	0.0000	0.0000	0.0000	0.0000	0.0000	0.0000	0.0000	0.0000	0.0000	0.0000	0.0000	0.0000	0.0000	0.0000	0.0000	0.0000	0.0000	0.0000	0.0000	0.0000	0.0000	0.0000	0.0000	0.0000	0.0000	0.0000	0.0000	0.0000	0.0000	0.0000	0.0000	0.0000	0.0000	0.0000	0.0000	0.0000	0.0000	0.0000	0.0000	0.0000	0.0000	0.0000	0.0000	0.0000	0.0000	0.0000	0.0000	0.0000	0.0000	0.0000											
13	100	0.0035	3	2	1	2	0	0	0	0	0	Y	N	Y	N	N	N	N	N	N	N	N	N	0.0000	0.0000	0.0000	0.0000	0.0000	0.0000	0.0000	0.0000	0.0000	0.0000	0.0000	0.0000	0.0000	0.0000	0.0000	0.0000	0.0000	0.0000	0.0000	0.0000	0.0000	0.0000	0.0000	0.9982	0.0000	0.0000	0.0000	0.0000	0.0000	0.0000	0.0000	0.0000	0.0000	0.0000	0.0000	0.0000	0.0000	0.0000	0.0000	0.0000	0.0000	0.0000	0.0000	0.0000	0.0000	0.0000	0.0000	0.0000	0.0000	0.0000	0.0000	0.0000	0.0000	0.0000	0.0000	0.0000	0.0000	0.0000	0.0000	0.0000	0.0000	0.0000	0.0000	0.0000	0.0000	0.0000	0.0000	0.0000	0.0000	0.0000	0.0000	0.0000	0.0000	0.0000	0.0000	0.0000	0.0000	0.0000											
13	101	0.6533	12	2	1	2	0	0	0	0	0	Y	N	Y	N	N	N	N	N	N	N	N	N	0.0000	0.0000	0.0000	0.0000	0.0000	0.0000	0.0000	0.0000	0.0000	0.0000	0.0000	0.0000	0.0000	0.0000	0.0000	0.0000	0.0000	0.0000	0.0000	0.0000	0.0000	0.0000	0.0000	0.0000	0.0000	0.0000	0.0000	0.0000	0.0000	0.0000	0.0000	0.0000	0.0000	0.0000	0.0000	0.0000	0.0000	0.0000	0.0000	0.0000	0.0000	0.0000	0.0000	0.0000	0.0000	0.0000	0.0000	0.0000	0.0000	0.0000	0.0000	0.0000	0.0000	0.0000	0.0000	0.0000	0.0000	0.0000	0.0000	0.0000	0.0000	0.0000	0.0000	0.0000	0.0000	0.0000	0.0000	0.0000	0.0000	0.0000	0.0000	0.0000	0.0000	0.0000	0.0000	0.0000	0.0000	0.0000											
13	102	0.6533	11	2	0	2	0	0	0	0	0	Y	N	Y	N	N	N	N	N	N	N	N	N	0.0000	0.0000	0.0000	0.0000	0.0000	0.0000	0.0000	0.0000	0.0000	0.0000	0.0000	0.0000	0.0000	0.0000	0.0000	0.0000	0.0000	0.0000	0.0000	0.0000	0.0000	0.0000	0.0000	0.0000	0.0000	0.0000	0.0000	0.0000	0.0000	0.0000	0.0000	0.0000	0.0000	0.0000	0.0000	0.0000	0.0000	0.0000	0.0000	0.0000	0.0000	0.0000	0.0000	0.0000	0.0000	0.0000	0.0000	0.0000	0.0000	0.0000	0.0000	0.0000	0.0000	0.0000	0.0000	0.0000	0.0000	0.0000	0.0000	0.0000	0.0000	0.0000	0.0000	0.0000	0.0000	0.0000	0.0000	0.0000	0.0000	0.0000	0.0000	0.0000	0.0000	0.0000	0.0000	0.0000	0.0000	0.0000											
13	103	0.6472	10	2	0	2	0	0	0	0	0	Y	N	Y	N	N	N	N	N	N	N	N	N	0.0000	0.0000	0.0000	0.0000	0.0000	0.0000	0.0000	0.0000	0.0000	0.0000	0.0000	0.0000	0.0000	0.0000	0.0000	0.0000	0.0000	0.0000	0.0000	0.0000	0.0000	0.0000	0.0000	1.0091	0.0000	0.0000	0.0000	0.0000	0.0000	0.0000	0.0000	0.0000	0.0000	0.0000	0.0000	0.0000	0.0000	0.0000	0.0000	0.0000	0.0000	0.0000	0.0000	0.0000	0.0000	0.0000	0.0000	0.0000	0.0000	0.0000	0.0000	0.0000	0.0000	0.0000	0.0000	0.0000	0.0000	0.0000	0.0000	0.0000	0.0000	0.0000	0.0000	0.0000	0.0000	0.0000	0.0000	0.0000	0.0000	0.0000	0.0000	0.0000	0.0000	0.0000	0.0000	0.0000	0.0000	0.0000											
13	104	0.0625	6	1	1	1	0	0	0	0	0	N	N	N	N	N	N	N	N	N	N	N	N	0.0000	0.0000	0.0000	0.0000	0.0000	0.0000	0.0000	0.0000	0.0000	0.0000	0.0000	0.0000	0.0000	0.0000	0.0000	0.0000	0.0000	0.0000	0.0000	0.0000	0.0000	7.9994	0.0000	4.0001	0.0000	0.0000	0.0000	0.0000	0.0000	0.0000	0.0000	0.0000	0.0000	0.0000	0.0000	0.0000	0.0000	0.0000	0.0000	0.0000	0.0000	0.0000	0.0000	0.0000	0.0000	0.0000	0.0000	0.0000	0.0000	0.0000	0.0000	0.0000	0.0000	0.0000	0.0000	0.0000	0.0000	0.0000	0.0000	0.0000	0.0000	0.0000	0.0000	0.0000	0.0000	0.0000	0.0000	0.0000	0.0000	0.0000	0.0000	0.0000	0.0000	0.0000	0.0000	0.0000	0.0000	0.0000											
13	105	0.0000	2	2	0	2	0	0	0	0	0	Y	N	Y	N	N	N	N	N	N	N	N	N	0.0000	0.0000	0.0000	0.0000	0.0000	0.0000	0.0000	0.0000	0.0000	0.0000	0.0000	0.0000	0.0000	0.0000	0.0000	0.0000	0.0000	0.0000	0.0000	0.0000	0.0000	1.0000	0.0000	1.0005	0.0000	0.0000	0.0000	0.0000	0.0000	0.0000	0.0000	0.0000	0.0000	0.0000	0.0000	0.0000	0.0000	0.0000	0.0000	0.0000	0.0000	0.0000	0.0000	0.0000	0.0000	0.0000	0.0000	0.0000	0.0000	0.0000	0.0000	0.0000	0.0000	0.0000	0.0000	0.0000	0.0000	0.0000	0.0000	0.0000	0.0000	0.0000	0.0000	0.0000	0.0000	0.0000	0.0000	0.0000	0.0000	0.0000	0.0000	0.0000	0.0000	0.0000	0.0000	0.0000	0.0000	0.0000											
13	109	0.6472	10	2	0	2	0	0	0	0	0	Y	N	Y	N	N	N	N	N	N	N	N	N	0.0000	0.0000	0.0000	0.0000	0.0000	0.0000	0.0000	0.0000	0.0000	0.0000	0.0000	0.0000	0.0000	0.0000	0.0000	0.0000	0.0000	0.0000	0.0000	0.0000	0.0000	0.0000	0.0000	0.9909	0.0000	0.0000	0.0000	0.0000	0.0000	0.0000	0.0000	0.0000	0.0000	0.0000	0.0000	0.0000	0.0000	0.0000	0.0000	0.0000	0.0000	0.0000	0.0000	0.0000	0.0000	0.0000	0.0000	0.0000	0.0000	0.0000	0.0000	0.0000	0.0000	0.0000	0.0000	0.0000	0.0000	0.0000	0.0000	0.0000	0.0000	0.0000	0.0000	0.0000	0.0000	0.0000	0.0000	0.0000	0.0000	0.0000	0.0000	0.0000	0.0000	0.0000	0.0000	0.0000	0.0000	0.0000											
13	110	0.6186	9	2	0	2	0	0	0	0	0	Y	N	Y	N	N	N	N	N	N	N	N	N	0.0000	0.0000	0.0000	0.0000	0.0000	0.0000	0.0000	0.0000	0.0000	0.0000	0.0000	0.0000	0.0000	0.0000	0.0000	0.0000	0.0000	0.0000	0.0000	0.0000	0.0000	4.0000	0.0000	0.0000	0.0000	0.0000	0.0000	0.0000	0.0000	0.0000	0.0000	0.0000	0.0000	0.0000	0.0000	0.0000	0.0000	0.0000	0.0000	0.0000	0.0000	0.0000	0.0000	0.0000	0.0000	0.0000	0.0000	0.0000	0.0000	0.0000	0.0000	0.0000	0.0000	0.0000	0.0000	0.0000	0.0000	0.0000	0.0000	0.0000	0.0000	0.0000	0.0000	0.0000	0.0000	0.0000	0.0000	0.0000	0.0000	0.0000	0.0000	0.0000	0.0000	0.0000	0.0000	0.0000	0.0000	0.0000											
13	112	0.1083	7	1	0	2	0	0	0	0	0	N	N	Y	N	N	N	N	N	N	N	N	N	0.0000	0.0000	0.0000	0.0000	0.0000	0.0000	0.0000	0.0000	0.0000	0.0000	0.0000	0.0000	0.0000	0.0000	0.0000	0.0000	0.0000	0.0000	0.0000	0.0000	0.0000	0.0000	0.0000	0.0001	0.0000	0.0000	0.0000	0.0000	0.0000	0.0000	0.0000	0.0000	0.0000	0.0000	0.0000	0.0000	0.0000	0.0000	0.0000	0.0000	0.0000	0.0000	0.0000	0.0000	0.0000	0.0000	0.0000	0.0000	0.0000	0.0000	0.0000	0.0000	0.0000	0.0000	0.0000	0.0000	0.0000	0.0000	0.0000	0.0000	0.0000	0.0000	0.0000	0.0000	0.0000	0.0000	0.0000	0.0000	0.0000	0.0000	0.0000	0.0000	0.0000	0.0000	0.0000	0.0000	0.0000	0.0000											
13	113	0.0625	6	1	0	2	0	0	0	0	0	N	N	Y	N	N	N	N	N	N	N	N	N	0.0000	0.0000	0.0000	0.0000	0.0000	0.0000	0.0000	0.0000	0.0000	0.0000	0.0000	0.0000	0.0000	0.0000	0.0000	0.0000	0.0000	0.0000	0.0000	0.0000	0.0000	4.0004	0.0000	4.9999	0.0000	0.0000	0.0000	0.0000	0.0000	0.0000	0.0000	0.0000	0.0000	0.0000	0.0000	0.0000	0.0000	0.0000	0.0000	0.0000	0.0000	0.0000	0.0000	0.0000	0.0000	0.0000	0.0000	0.0000	0.0000	0.0000	0.0000	0.0000	0.0000	0.0000	0.0000	0.0000	0.0000	0.0000	0.0000	0.0000	0.0000	0.0000	0.0000	0.0000	0.0000	0.0000	0.0000	0.0000	0.0000	0.0000	0.0000	0.0000	0.0000	0.0000	0.0000	0.0000	0.0000	0.0000											
13	114	0.6512	10	1	1	1	0	0	0	0	0	N	N	N	N	N	N	N	N	N	N	N	N	0.0000	0.0000	0.0000	0.0000	0.0000	0.0000	0.0000	0.0000	0.0000	0.0000	0.0000	0.0000	0.0000	0.0000	0.0000	0.0000	0.0000	0.0000	0.0000	0.0000	0.0000	4.3361	0.0000	4.6323	0.0000	0.0000	0.0000	0.0000	0.0000	0.0000	0.0000	0.0000	0.0000	0.0000	0.0000	0.0000	0.0000	0.0000	0.0000	0.0000	0.0000	0.0000	0.0000	0.0000	0.0000	0.0000	0.0000	0.0000	0.0000	0.0000	0.0000	0.0000	0.0000	0.0000	0.0000	0.0000	0.0000	0.0000	0.0000	0.0000	0.0000	0.0000	0.0000	0.0000	0.0000	0.0000	0.0000	0.0000	0.0000	0.0000	0.0000	0.0000	0.0000	0.0000	0.0000	0.0000	0.0000	0.0000											
13	115	0.6186	9	1	0	1	0	0	0	0	0	N	N	N	N	N	N	N	N	N	N	N	N	0.0000	0.0000	0.0000	0.0000	0.0000	0.0000	0.0000	0.0000	0.0000	0.0000	0.0000	0.0000	0.0000	0.0000	0.0000	0.0000	0.0000	0.0000	0.0000	0.0000	0.0000	1.9840	0.0000	0.2610	0.0000	0.0000	0.0000	0.0000	0.0000	0.0000	0.0000	0.0000	0.0000	0.0000	0.0000	0.0000	0.0000	0.0000	0.0000	0.0000	0.0000	0.0000	0.0000	0.0000	0.0000	0.0000	0.0000	0.0000	0.0000	0.0000	0.0000	0.0000	0.0000	0.0000	0.0000	0.0000	0.0000	0.0000	0.0000	0.0000	0.0000	0.0000	0.0000	0.0000	0.0000	0.0000	0.0000	0.0000	0.0000	0.0000	0.0000	0.0000	0.0000	0.0000	0.0000	0.0000	0.0000	0.0000											
13	116	0.0625	6	1	1	1	1	0	0	0	0	N	N	N	N	N	N	N	N	N	N	N	N	0.0000	0.0000	0.0000	0.0000	0.0000	0.0000	0.0000	0.0000	0.0000	0.0000	0.0000	0.0000	0.0000	0.0000	0.0000	0.0000	0.0000	0.0000	0.0000	0.0000	0.0000	5.0006	0.0000	2.0000	0.0000	0.0000	0.0000	0.0000	0.0000	0.0000	0.0000	0.0000	0.0000	0.0000	0.0000	0.0000	0.0000	0.0000	0.0000	0.0000	0.0000	0.0000	0.0000	0.0000	0.0000	0.0000	0.0000	0.0000	0.0000	0.0000	0.0000	0.0000	0.0000	0.0000	0.0000	0.0000	0.0000	0.0000	0.0000	0.0000	0.0000	0.0000	0.0000	0.0000	0.0000	0.0000	0.0000	0.0000	0.0000	0.0000	0.0000	0.0000	0.0000	0.0000	0.0000	0.0000	0.0000	0.0000											
13	117	0.6186	9	1	1	1	1	0	0	0	0	N	N	N	N	N	N	N	N	N	N	N	N	0.0000	0.0000	0.0000	0.0000	0.0000	0.0000	0.0000	0.0000	0.0000	0.0000	0.0000	0.0000	0.0000	0.0000	0.0000	0.0000	0.0000	0.0000	0.0000	0.0000	0.0000	0.0000	0.0000	1.0000	0.0000	0.0000	0.0000	0.0000	0.0000	0.0000	0.0000	0.0000	0.0000	0.0000	0.0000	0.0000	0.0000	0.0000	0.0000	0.0000	0.0000	0.0000	0.0000	0.0000	0.0000	0.0000	0.0000	0.0000	0.0000	0.0000	0.0000	0.0000	0.0000	0.0000	0.0000	0.0000	0.0000	0.0000	0.0000	0.0000	0.0000	0.0000	0.0000	0.0000	0.0000	0.0000	0.0000	0.0000	0.0000	0.0000	0.0000	0.0000	0.0000	0.0000	0.0000	0.0000	0.0000	0.0000											
13	118	0.0625	6	1	1	1	0	0	0	0	0	N	N	N	N	N	N	N	N	N	N	N	N	0.0000	0.0000	0.0000	0.0000	0.0000	0.0000	0.0000	0.0000	0.0000	0.0000	0.0000	0.0000	0.0000	0.0000	0.0000	0.0000	0.0000	0.0000	0.0000	0.0000	0.0000	16.9994	0.0000	6.0000	0.0000	0.0000	0.0000	0.0000	0.0000	0.0000	0.0000	0.0000	0.0000	0.0000	0.0000	0.0000	0.0000	0.0000	0.0000	0.0000	0.0000	0.0000	0.0000	0.0000	0.0000	0.0000	0.0000	0.0000	0.0000	0.0000	0.0000	0.0000	0.0000	0.0000	0.0000	0.0000	0.0000	0.0000	0.0000	0.0000	0.0000	0.0000	0.0000	0.0000	0.0000	0.0000	0.0000	0.0000	0.0000	0.0000	0.0000	0.0000	0.0000	0.0000	0.0000	0.0000	0.0000	0.0000											
13	119	0.6186	9	1	1	1	0	0	0	0	0	N	N	N	N	N	N	N	N	N	N	N	N	0.0000	0.0000	0.0000	0.0000	0.0000	0.0000	0.0000	0.0000	0.0000	0.0000	0.0000	0.0000	0.0000	0.0000	0.0000	0.0000	0.0000	0.0000	0.0000	0.0000	0.0000	5.0000	0.0000	6.0000	0.0000	0.0000	0.0000	0.0000	0.0000	0.0000	0.0000	0.0000	0.0000	0.0000	0.0000	0.0000	0.0000	0.0000	0.0000	0.0000	0.0000	0.0000	0.0000	0.0000	0.0000	0.0000	0.0000	0.0000	0.0000	0.0000	0.0000	0.0000	0.0000	0.0000	0.0000	0.0000	0.0000	0.0000	0.0000	0.0000	0.0000	0.0000	0.0000	0.0000	0.0000	0.0000	0.0000	0.0000	0.0000	0.0000	0.0000	0.0000	0.0000	0.0000	0.0000	0.0000	0.0000	0.0000											
13	120	0.6467	10	1	1	1	0	0	0	0	0	N	N	N	N	N	N	N	N	N	N	N	N	0.0000	0.0000	0.0000	0.0000	0.0000	0.0000	0.0000	0.0000	0.0000	0.0000	0.0000	0.0000	0.0000	0.0000	0.0000	0.0000	0.0000	0.0000	0.0000	0.0000	0.0000	0.9998	0.0000	0.9486	0.0000	0.0000	0.0000	0.0000	0.0000	0.0000	0.0000	0.0000	0.0000	0.0000	0.0000	0.0000	0.0000	0.0000	0.0000	0.0000	0.0000	0.0000	0.0000	0.0000	0.0000	0.0000	0.0000	0.0000	0.0000	0.0000	0.0000	0.0000	0.0000	0.0000	0.0000	0.0000	0.0000	0.0000	0.0000	0.0000	0.0000	0.0000	0.0000	0.0000	0.0000	0.0000	0.0000	0.0000	0.0000	0.0000	0.0000	0.0000	0.0000	0.0000	0.0000	0.0000	0.0000	0.0000											
13	121	0.6186	9	1	1	1	0	0	0	0	0	N	N	N	N	N	N	N	N	N	N	N	N	0.0000	0.0000	0.0000	0.0000	0.0000	0.0000	0.0000	0.0000	0.0000	0.0000	0.0000	0.0000	0.0000	0.0000	0.0000	0.0000	0.0000	0.0000	0.0000	0.0000	0.0000	3.0005	0.0000	1.1085	0.0000	0.0000	0.0000	0.0000	0.0000	0.0000	0.0000	0.0000	0.0000	0.0000	0.0000	0.0000	0.0000	0.0000	0.0000	0.0000	0.0000	0.0000	0.0000	0.0000	0.0000	0.0000	0.0000	0.0000	0.0000	0.0000	0.0000	0.0000	0.0000	0.0000	0.0000	0.0000	0.0000	0.0000	0.0000	0.0000	0.0000	0.0000	0.0000	0.0000	0.0000	0.0000	0.0000	0.0000	0.0000	0.0000	0.0000	0.0000	0.0000	0.0000	0.0000	0.0000	0.0000	0.0000											
13	122	0.0212	5	1	1	1	0	0	0	0	0	N	N	N	N	N	N	N	N	N	N	N	N	0.0000	0.0000	0.0000	0.0000	0.0000	0.0000	0.0000	0.0000	0.0000	0.0000	0.0000	0.0000	0.0000	0.0000	0.0000	0.0000	0.0000	0.0000	0.0000	0.0000	0.0000	2.0001	0.0000	3.0000	0.0000	0.0000	0.0000	0.0000	0.0000	0.0000	0.0000	0.0000	0.0000	0.0000	0.0000	0.0000	0.0000	0.0000	0.0000	0.0000	0.0000	0.0000	0.0000	0.0000	0.0000	0.0000	0.0000	0.0000	0.0000	0.0000	0.0000	0.0000	0.0000	0.0000	0.0000	0.0000	0.0000	0.0000	0.0000	0.0000	0.0000	0.0000	0.0000	0.0000	0.0000	0.0000	0.0000	0.0000	0.0000	0.0000	0.0000	0.0000	0.0000	0.0000	0.0000	0.0000	0.0000	0.0000											
13	124	0.6521	10	1	1	1	0	0	0	0	0	N	N	N	N	N	N	N	N	N	N	N	N	0.0000	0.0000	0.0000	0.0000	0.0000	0.0000	0.0000	0.0000	0.0000	0.0000	0.0000	0.0000	0.0000	0.0000	0.0000	0.0000	0.0000	0.0000	0.0000	0.0000	0.0000	3.9006	0.0000	3.1543	0.0000	0.0000	0.0000	0.0000	0.0000	0.0000	0.0000	0.0000	0.0000	0.0000	0.0000	0.0000	0.0000	0.0000	0.0000	0.0000	0.0000	0.0000	0.0000	0.0000	0.0000	0.0000	0.0000	0.0000	0.0000	0.0000	0.0000	0.0000	0.0000	0.0000	0.0000	0.0000	0.0000	0.0000	0.0000	0.0000	0.0000	0.0000	0.0000	0.0000	0.0000	0.0000	0.0000	0.0000	0.0000	0.0000	0.0000	0.0000	0.0000	0.0000	0.0000	0.0000	0.0000	0.0000											
13	125	0.6186	9	1	1	1	0	0	0	0	0	N	N	N	N	N	N	N	N	N	N	N	N	0.0000	0.0000	0.0000	0.0000	0.0000	0.0000	0.0000	0.0000	0.0000	0.0000	0.0000	0.0000	0.0000	0.0000	0.0000	0.0000	0.0000	0.0000	0.0000	0.0000	0.0000	1.6924	0.0000	1.9110	0.0000	0.0000	0.0000	0.0000	0.0000	0.0000	0.0000	0.0000	0.0000	0.0000	0.0000	0.0000	0.0000	0.0000	0.0000	0.0000	0.0000	0.0000	0.0000	0.0000	0.0000	0.0000	0.0000	0.0000	0.0000	0.0000	0.0000	0.0000	0.0000	0.0000	0.0000	0.0000	0.0000	0.0000	0.0000	0.0000	0.0000	0.0000	0.0000	0.0000	0.0000	0.0000	0.0000	0.0000	0.0000	0.0000	0.0000	0.0000	0.0000	0.0000	0.0000	0.0000	0.0000	0.0000											
13	126	0.0625	6	1	1	1	0	0	0	0	0	N	N	N	N	N	N	N	N	N	N	N	N	0.0000	0.0000	0.0000	0.0000	0.0000	0.0000	0.0000	0.0000	0.0000	0.0000	0.0000	0.0000	0.0000	0.0000	0.0000	0.0000	0.0000	0.0000	0.0000	0.0000	0.0000	0.9996	0.0000	8.0005	0.0000	0.0000	0.0000	0.0000	0.0000	0.0000	0.0000	0.0000	0.0000	0.0000	0.0000	0.0000	0.0000	0.0000	0.0000	0.0000	0.0000	0.0000	0.0000	0.0000	0.0000	0.0000	0.0000	0.0000	0.0000	0.0000	0.0000	0.0000	0.0000	0.0000	0.0000	0.0000	0.0000	0.0000	0.0000	0.0000	0.0000	0.0000	0.0000	0.0000	0.0000	0.0000	0.0000	0.0000	0.0000	0.0000	0.0000	0.0000	0.0000	0.0000	0.0000	0.0000	0.0000	0.0000											
13	127	0.1898	8	1	0	1	0	0	0	0	0	N	N	N	N	N	N	N	N	N	N	N	N	0.0000	0.0000	0.0000	0.0000	0.0000	0.0000	0.0000	0.0000	0.0000	0.0000	0.0000	0.0000	0.0000	0.0000	0.0000	0.0000	0.0000	0.0000	0.0000	0.0000	0.0000	3.6536	0.0000	12.3970	0.0000	0.0000	0.0000	0.0000	0.0000	0.0000	0.0000	0.0000	0.0000	0.0000	0.0000	0.0000	0.0000	0.0000	0.0000	0.0000	0.0000	0.0000	0.0000	0.0000	0.0000	0.0000	0.0000	0.0000	0.0000	0.0000	0.0000	0.0000	0.0000	0.0000	0.0000	0.0000	0.0000	0.0000	0.0000	0.0000	0.0000	0.0000	0.0000	0.0000	0.0000	0.0000	0.0000	0.0000	0.0000	0.0000	0.0000	0.0000	0.0000	0.0000	0.0000	0.0000	0.0000	0.0000											
13	128	0.3682	8	1	0	1	0	0	0	0	0	N	N	N	N	N	N	N	N	N	N	N	N	0.0000	0.0000	0.0000	0.0000	0.0000	0.0000	0.0000	0.0000	0.0000	0.0000	0.0000	0.0000	0.0000	0.0000	0.0000	0.0000	0.0000	0.0000	0.0000	0.0000	0.0000	5.3495	0.0000	12.4099	0.0000	0.0000	0.0000	0.0000	0.0000	0.0000	0.0000	0.0000	0.0000	0.0000	0.0000	0.0000	0.0000	0.0000	0.0000	0.0000	0.0000	0.0000	0.0000	0.0000	0.0000	0.0000	0.0000	0.0000	0.0000	0.0000	0.0000	0.0000	0.0000	0.0000	0.0000	0.0000	0.0000	0.0000	0.0000	0.0000	0.0000	0.0000	0.0000	0.0000	0.0000	0.0000	0.0000	0.0000	0.0000	0.0000	0.0000	0.0000	0.0000	0.0000	0.0000	0.0000	0.0000	0.0000											
13	129	0.1739	12	1	1	1	1	0	0	0	0	N	N	N	N	N	N	N	N	N	N	N	N	0.0000	0.0000	0.0000	0.0000	0.0000	0.0000	0.0000	0.0000	0.0000	0.0000	0.0000	0.0000	0.0000	0.0000	0.0000	0.0000	0.0000	0.0000	0.0000	0.0000	0.0000	0.0000	0.0000	0.0000	0.0000	0.0000	0.0000	0.0000	0.0000	0.0000	0.0000	0.0000	0.0000	0.0000	0.0000	0.0000	0.0000	0.0000	0.0000	0.0000	0.0000	0.0000	0.0000	0.0000	0.0000	0.0000	0.0000	0.0000	0.0000	0.0000	0.0000	0.0000	0.0000	0.0000	0.0000	0.0000	0.0000	0.0000	0.0000	0.0000	0.0000	0.0000	0.0000	0.0000	0.0000	0.0000	0.0000	0.0000	0.0000	0.0000	0.0000	0.0000	0.0000	0.0000	0.0000	0.0000	0.0000	0.0000											
13	130	0.1576	11	1	1	1	1	0	0	0	0	N	N	N	N	N	N	N	N	N	N	N	N	0.0000	0.0000	0.0000	0.0000	0.0000	0.0000	0.0000	0.0000	0.0000	0.0000	0.0000	0.0000	0.0000	0.0000	0.0000	0.0000	0.0000	0.0000	0.0000	0.0000	0.0000	0.0000	0.0000	3.0001	0.0000	0.0000	0.0000	0.0000	0.0000	0.0000	0.0000	0.0000	0.0000	0.0000	0.0000	0.0000	0.0000	0.0000	0.0000	0.0000	0.0000	0.0000	0.0000	0.0000	0.0000	0.0000	0.0000	0.0000	0.0000	0.0000	0.0000	0.0000	0.0000	0.0000	0.0000	0.0000	0.0000	0.0000	0.0000	0.0000	0.0000	0.0000	0.0000	0.0000	0.0000	0.0000	0.0000	0.0000	0.0000	0.0000	0.0000	0.0000	0.0000	0.0000	0.0000	0.0000	0.0000	0.0000											
13	131	0.1480	10	1	1	1	0	0	0	0	0	N	N	N	N	N	N	N	N	N	N	N	N	0.0000	0.0000	0.0000	0.0000	0.0000	0.0000	0.0000	0.0000	0.0000	0.0000	0.0000	0.0000	0.0000	0.0000	0.0000	0.0000	0.0000	0.0000	0.0000	0.0000	0.0000	0.0000	0.0000	0.0000	0.0000	0.0000	0.0000	0.0000	0.0000	0.0000	0.0000	0.0000	0.0000	0.0000	0.0000	0.0000	0.0000	0.0000	0.0000	0.0000	0.0000	0.0000	0.0000	0.0000	0.0000	0.0000	0.0000	0.0000	0.0000	0.0000	0.0000	0.0000	0.0000	0.0000	0.0000	0.0000	0.0000	0.0000	0.0000	0.0000	0.0000	0.0000	0.0000	0.0000	0.0000	0.0000	0.0000	0.0000	0.0000	0.0000	0.0000	0.0000	0.0000	0.0000	0.0000	0.0000	0.0000	0.0000											
13	132	0.1576	11	1	0	2	1	0	0	0	0	N	N	Y	N	N	N	N	N	N	N	N	N	0.0000	0.0000	0.0000	0.0000	0.0000	0.0000	0.0000	0.0000	0.0000	0.0000	0.0000	0.0000	0.0000	0.0000	0.0000	0.0000	0.0000	0.0000	0.0000	0.0000	0.0000	0.0000	0.0000	1.9999	0.0000	0.0000	0.0000	0.0000	0.0000	0.0000	0.0000	0.0000	0.0000	0.0000	0.0000	0.0000	0.0000	0.0000	0.0000	0.0000	0.0000	0.0000	0.0000	0.0000	0.0000	0.0000	0.0000	0.0000	0.0000	0.0000	0.0000	0.0000	0.0000	0.0000	0.0000	0.0000	0.0000	0.0000	0.0000	0.0000	0.0000	0.0000	0.0000	0.0000	0.0000	0.0000	0.0000	0.0000	0.0000	0.0000	0.0000	0.0000	0.0000	0.0000	0.0000	0.0000	0.0000	0.0000											
13	133	0.1687	12	1	0	2	1	0	0	0	0	N	N	Y	N	N	N	N	N	N	N	N	N	0.0000	0.0000	0.0000	0.0000	0.0000	0.0000	0.0000	0.0000	0.0000	0.0000	0.0000	0.0000	0.0000	0.0000	0.0000	0.0000	0.0000	0.0000	0.0000	0.0000	0.0000	1.0000	0.0000	0.0000	0.0000	0.0000	0.0000	0.0000	0.0000	0.0000	0.0000	0.0000	0.0000	0.0000	0.0000	0.0000	0.0000	0.0000	0.0000	0.0000	0.0000	0.0000	0.0000	0.0000	0.0000	0.0000	0.0000	0.0000	0.0000	0.0000	0.0000	0.0000	0.0000	0.0000	0.0000	0.0000	0.0000	0.0000	0.0000	0.0000	0.0000	0.0000	0.0000	0.0000	0.0000	0.0000	0.0000	0.0000	0.0000	0.0000	0.0000	0.0000	0.0000	0.0000	0.0000	0.0000	0.0000	0.0000											
13	134	0.1687	12	1	0	2	1	0	0	0	0	N	N	Y	N	N	N	N	N	N	N	N	N	0.0000	0.0000	0.0000	0.0000	0.0000	0.0000	0.0000	0.0000	0.0000	0.0000	0.0000	0.0000	0.0000	0.0000	0.0000	0.0000	0.0000	0.0000	0.0000	0.0000	0.0000	0.0000	0.0000	0.0000	0.0000	0.0000	0.0000	0.0000	0.0000	0.0000	0.0000	0.0000	0.0000	0.0000	0.0000	0.0000	0.0000	0.0000	0.0000	0.0000	0.0000	0.0000	0.0000	0.0000	0.0000	0.0000	0.0000	0.0000	0.0000	0.0000	0.0000	0.0000	0.0000	0.0000	0.0000	0.0000	0.0000	0.0000	0.0000	0.0000	0.0000	0.0000	0.0000	0.0000	0.0000	0.0000	0.0000	0.0000	0.0000	0.0000	0.0000	0.0000	0.0000	0.0000	0.0000	0.0000	0.0000	0.0000											
13	135	0.1576	11	1	0	2	1	0	0	0	0	N	N	Y	N	N	N	N	N	N	N	N	N	0.0000	0.0000	0.0000	0.0000	0.0000	0.0000	0.0000	0.0000	0.0000	0.0000	0.0000	0.0000	0.0000	0.0000	0.0000	0.0000	0.0000	0.0000	0.0000	0.0000	0.0000	2.0025	0.0000	0.9943	0.0000	0.0000	0.0000	0.0000	0.0000	0.0000	0.0000	0.0000	0.0000	0.0000	0.0000	0.0000	0.0000	0.0000	0.0000	0.0000	0.0000	0.0000	0.0000	0.0000	0.0000	0.0000	0.0000	0.0000	0.0000	0.0000	0.0000	0.0000	0.0000	0.0000	0.0000	0.0000	0.0000	0.0000	0.0000	0.0000	0.0000	0.0000	0.0000	0.0000	0.0000	0.0000	0.0000	0.0000	0.0000	0.0000	0.0000	0.0000	0.0000	0.0000	0.0000	0.0000	0.0000	0.0000											
13	136	0.1576	10	1	0	1	1	0	0	0	0	N	N	N	N	N	N	N	N	N	N	N	N	0.0000	0.0000	0.0000	0.0000	0.0000	0.0000	0.0000	0.0000	0.0000	0.0000	0.0000	0.0000	0.0000	0.0000	0.0000	0.0000	0.0000	0.0000	0.0000	0.0000	0.0000	0.0050	0.0000	0.0173	0.0000	0.0000	0.0000	0.0000	0.0000	0.0000	0.0000	0.0000	0.0000	0.0000	0.0000	0.0000	0.0000	0.0000	0.0000	0.0000	0.0000	0.0000	0.0000	0.0000	0.0000	0.0000	0.0000	0.0000	0.0000	0.0000	0.0000	0.0000	0.0000	0.0000	0.0000	0.0000	0.0000	0.0000	0.0000	0.0000	0.0000	0.0000	0.0000	0.0000	0.0000	0.0000	0.0000	0.0000	0.0000	0.0000	0.0000	0.0000	0.0000	0.0000	0.0000	0.0000	0.0000	0.0000											
13	137	0.1480	9	1	0	1	1	0	0	0	0	N	N	N	N	N	N	N	N	N	N	N	N	0.0000	0.0000	0.0000	0.0000	0.0000	0.0000	0.0000	0.0000	0.0000	0.0000	0.0000	0.0000	0.0000	0.0000	0.0000	0.0000	0.0000	0.0000	0.0000	0.0000	0.0000	1.9972	0.0000	1.0076	0.0000	0.0000	0.0000	0.0000	0.0000	0.0000	0.0000	0.0000	0.0000	0.0000	0.0000	0.0000	0.0000	0.0000	0.0000	0.0000	0.0000	0.0000	0.0000	0.0000	0.0000	0.0000	0.0000	0.0000	0.0000	0.0000	0.0000	0.0000	0.0000	0.0000	0.0000	0.0000	0.0000	0.0000	0.0000	0.0000	0.0000	0.0000	0.0000	0.0000	0.0000	0.0000	0.0000	0.0000	0.0000	0.0000	0.0000	0.0000	0.0000	0.0000	0.0000	0.0000	0.0000	0.0000											
13	138	0.1307	8	2	1	1	0	0	0	0	0	Y	N	N	N	N	N	N	N	N	N	N	N	0.0000	0.0000	0.0000	0.0000	0.0000	0.0000	0.0000	0.0000	0.0000	0.0000	0.0000	0.0000	0.0000	0.0000	0.0000	0.0000	0.0000	0.0000	0.0000	0.0000	0.0000	0.0002	0.0000	2.3255	0.0000	0.0000	0.0000	0.0000	0.0000	0.0000	0.0000	0.0000	0.0000	0.0000	0.0000	0.0000	0.0000	0.0000	0.0000	0.0000	0.0000	0.0000	0.0000	0.0000	0.0000	0.0000	0.0000	0.0000	0.0000	0.0000	0.0000	0.0000	0.0000	0.0000	0.0000	0.0000	0.0000	0.0000	0.0000	0.0000	0.0000	0.0000	0.0000	0.0000	0.0000	0.0000	0.0000	0.0000	0.0000	0.0000	0.0000	0.0000	0.0000	0.0000	0.0000	0.0000	0.0000	0.0000											
13	139	0.1128	7	2	1	1	0	0	0	0	0	Y	N	N	N	N	N	N	N	N	N	N	N	0.0000	0.0000	0.0000	0.0000	0.0000	0.0000	0.0000	0.0000	0.0000	0.0000	0.0000	0.0000	0.0000	0.0000	0.0000	0.0000	0.0000	0.0000	0.0000	0.0000	0.0000	2.0138	0.0000	2.7349	0.0000	0.0000	0.0000	0.0000	0.0000	0.0000	0.0000	0.0000	0.0000	0.0000	0.0000	0.0000	0.0000	0.0000	0.0000	0.0000	0.0000	0.0000	0.0000	0.0000	0.0000	0.0000	0.0000	0.0000	0.0000	0.0000	0.0000	0.0000	0.0000	0.0000	0.0000	0.0000	0.0000	0.0000	0.0000	0.0000	0.0000	0.0000	0.0000	0.0000	0.0000	0.0000	0.0000	0.0000	0.0000	0.0000	0.0000	0.0000	0.0000	0.0000	0.0000	0.0000	0.0000	0.0000											
13	140	0.1294	8	1	1	1	0	0	0	0	0	N	N	N	N	N	N	N	N	N	N	N	N	0.0000	0.0000	0.0000	0.0000	0.0000	0.0000	0.0000	0.0000	0.0000	0.0000	0.0000	0.0000	0.0000	0.0000	0.0000	0.0000	0.0000	0.0000	0.0000	0.0000	0.0000	1.9232	0.0000	1.1116	0.0000	0.0000	0.0000	0.0000	0.0000	0.0000	0.0000	0.0000	0.0000	0.0000	0.0000	0.0000	0.0000	0.0000	0.0000	0.0000	0.0000	0.0000	0.0000	0.0000	0.0000	0.0000	0.0000	0.0000	0.0000	0.0000	0.0000	0.0000	0.0000	0.0000	0.0000	0.0000	0.0000	0.0000	0.0000	0.0000	0.0000	0.0000	0.0000	0.0000	0.0000	0.0000	0.0000	0.0000	0.0000	0.0000	0.0000	0.0000	0.0000	0.0000	0.0000	0.0000	0.0000	0.0000											
13	141	0.6378	10	1	1	1	0	0	0	0	0	N	N	N	N	N	N	N	N	N	N	N	N	0.0000	0.0000	0.0000	0.0000	0.0000	0.0000	0.0000	0.0000	0.0000	0.0000	0.0000	0.0000	0.0000	0.0000	0.0000	0.0000	0.0000	0.0000	0.0000	0.0000	0.0000	3.0000	0.0000	1.0000	0.0000	0.0000	0.0000	0.0000	0.0000	0.0000	0.0000	0.0000	0.0000	0.0000	0.0000	0.0000	0.0000	0.0000	0.0000	0.0000	0.0000	0.0000	0.0000	0.0000	0.0000	0.0000	0.0000	0.0000	0.0000	0.0000	0.0000	0.0000	0.0000	0.0000	0.0000	0.0000	0.0000	0.0000	0.0000	0.0000	0.0000	0.0000	0.0000	0.0000	0.0000	0.0000	0.0000	0.0000	0.0000	0.0000	0.0000	0.0000	0.0000	0.0000	0.0000	0.0000	0.0000	0.0000											
13	142	0.6186	9	1	0	1	0	0	0	0	0	N	N	N	N	N	N	N	N	N	N	N	N	0.0000	0.0000	0.0000	0.0000	0.0000	0.0000	0.0000	0.0000	0.0000	0.0000	0.0000	0.0000	0.0000	0.0000	0.0000	0.0000	0.0000	0.0000	0.0000	0.0000	0.0000	1.0000	0.0000	1.0000	0.0000	0.0000	0.0000	0.0000	0.0000	0.0000	0.0000	0.0000	0.0000	0.0000	0.0000	0.0000	0.0000	0.0000	0.0000	0.0000	0.0000	0.0000	0.0000	0.0000	0.0000	0.0000	0.0000	0.0000	0.0000	0.0000	0.0000	0.0000	0.0000	0.0000	0.0000	0.0000	0.0000	0.0000	0.0000	0.0000	0.0000	0.0000	0.0000	0.0000	0.0000	0.0000	0.0000	0.0000	0.0000	0.0000	0.0000	0.0000	0.0000	0.0000	0.0000	0.0000	0.0000	0.0000											
13	143	0.3682	8	1	0	1	0	0	0	0	0	N	N	N	N	N	N	N	N	N	N	N	N	0.0000	0.0000	0.0000	0.0000	0.0000	0.0000	0.0000	0.0000	0.0000	0.0000	0.0000	0.0000	0.0000	0.0000	0.0000	0.0000	0.0000	0.0000	0.0000	0.0000	0.0000	7.1211	0.0000	10.9474	0.0000	0.0000	0.0000	0.0000	0.0000	0.0000	0.0000	0.0000	0.0000	0.0000	0.0000	0.0000	0.0000	0.0000	0.0000	0.0000	0.0000	0.0000	0.0000	0.0000	0.0000	0.0000	0.0000	0.0000	0.0000	0.0000	0.0000	0.0000	0.0000	0.0000	0.0000	0.0000	0.0000	0.0000	0.0000	0.0000	0.0000	0.0000	0.0000	0.0000	0.0000	0.0000	0.0000	0.0000	0.0000	0.0000	0.0000	0.0000	0.0000	0.0000	0.0000	0.0000	0.0000	0.0000											
13	144	0.1734	7	1	0	1	0	0	0	0	0	N	N	N	N	N	N	N	N	N	N	N	N	0.0000	0.0000	0.0000	0.0000	0.0000	0.0000	0.0000	0.0000	0.0000	0.0000	0.0000	0.0000	0.0000	0.0000	0.0000	0.0000	0.0000	0.0000	0.0000	0.0000	0.0000	8.5175	0.0000	23.1696	0.0000	0.0000	0.0000	0.0000	0.0000	0.0000	0.0000	0.0000	0.0000	0.0000	0.0000	0.0000	0.0000	0.0000	0.0000	0.0000	0.0000	0.0000	0.0000	0.0000	0.0000	0.0000	0.0000	0.0000	0.0000	0.0000	0.0000	0.0000	0.0000	0.0000	0.0000	0.0000	0.0000	0.0000	0.0000	0.0000	0.0000	0.0000	0.0000	0.0000	0.0000	0.0000	0.0000	0.0000	0.0000	0.0000	0.0000	0.0000	0.0000	0.0000	0.0000	0.0000	0.0000	0.0000											
13	145	0.1480	10	2	1	1	0	0	0	0	0	Y	N	N	N	N	N	N	N	N	N	N	N	0.0000	0.0000	0.0000	0.0000	0.0000	0.0000	0.0000	0.0000	0.0000	0.0000	0.0000	0.0000	0.0000	0.0000	0.0000	0.0000	0.0000	0.0000	0.0000	0.0000	0.0000	1.0000	0.0000	1.0000	0.0000	0.0000	0.0000	0.0000	0.0000	0.0000	0.0000	0.0000	0.0000	0.0000	0.0000	0.0000	0.0000	0.0000	0.0000	0.0000	0.0000	0.0000	0.0000	0.0000	0.0000	0.0000	0.0000	0.0000	0.0000	0.0000	0.0000	0.0000	0.0000	0.0000	0.0000	0.0000	0.0000	0.0000	0.0000	0.0000	0.0000	0.0000	0.0000	0.0000	0.0000	0.0000	0.0000	0.0000	0.0000	0.0000	0.0000	0.0000	0.0000	0.0000	0.0000	0.0000	0.0000	0.0000											
13	146	0.1480	9	1	1	1	0	0	0	0	0	N	N	N	N	N	N	N	N	N	N	N	N	0.0000	0.0000	0.0000	0.0000	0.0000	0.0000	0.0000	0.0000	0.0000	0.0000	0.0000	0.0000	0.0000	0.0000	0.0000	0.0000	0.0000	0.0000	0.0000	0.0000	0.0000	0.0003	0.0000	0.0000	0.0000	0.0000	0.0000	0.0000	0.0000	0.0000	0.0000	0.0000	0.0000	0.0000	0.0000	0.0000	0.0000	0.0000	0.0000	0.0000	0.0000	0.0000	0.0000	0.0000	0.0000	0.0000	0.0000	0.0000	0.0000	0.0000	0.0000	0.0000	0.0000	0.0000	0.0000	0.0000	0.0000	0.0000	0.0000	0.0000	0.0000	0.0000	0.0000	0.0000	0.0000	0.0000	0.0000	0.0000	0.0000	0.0000	0.0000	0.0000	0.0000	0.0000	0.0000	0.0000	0.0000	0.0000											
13	147	0.1294	8	1	0	1	0	0	0	0	0	N	N	N	N	N	N	N	N	N	N	N	N	0.0000	0.0000	0.0000	0.0000	0.0000	0.0000	0.0000	0.0000	0.0000	0.0000	0.0000	0.0000	0.0000	0.0000	0.0000	0.0000	0.0000	0.0000	0.0000	0.0000	0.0000	4.9449	0.0000	1.0063	0.0000	0.0000	0.0000	0.0000	0.0000	0.0000	0.0000	0.0000	0.0000	0.0000	0.0000	0.0000	0.0000	0.0000	0.0000	0.0000	0.0000	0.0000	0.0000	0.0000	0.0000	0.0000	0.0000	0.0000	0.0000	0.0000	0.0000	0.0000	0.0000	0.0000	0.0000	0.0000	0.0000	0.0000	0.0000	0.0000	0.0000	0.0000	0.0000	0.0000	0.0000	0.0000	0.0000	0.0000	0.0000	0.0000	0.0000	0.0000	0.0000	0.0000	0.0000	0.0000	0.0000	0.0000											
13	148	0.1128	7	1	0	1	0	0	0	0	0	N	N	N	N	N	N	N	N	N	N	N	N	0.0000	0.0000	0.0000	0.0000	0.0000	0.0000	0.0000	0.0000	0.0000	0.0000	0.0000	0.0000	0.0000	0.0000	0.0000	0.0000	0.0000	0.0000	0.0000	0.0000	0.0000	3.4778	0.0000	1.2917	0.0000	0.0000	0.0000	0.0000	0.0000	0.0000	0.0000	0.0000	0.0000	0.0000	0.0000	0.0000	0.0000	0.0000	0.0000	0.0000	0.0000	0.0000	0.0000	0.0000	0.0000	0.0000	0.0000	0.0000	0.0000	0.0000	0.0000	0.0000	0.0000	0.0000	0.0000	0.0000	0.0000	0.0000	0.0000	0.0000	0.0000	0.0000	0.0000	0.0000	0.0000	0.0000	0.0000	0.0000	0.0000	0.0000	0.0000	0.0000	0.0000	0.0000	0.0000	0.0000	0.0000	0.0000											
13	149	0.0625	6	1	0	1	0	0	0	0	0	N	N	N	N	N	N	N	N	N	N	N	N	0.0000	0.0000	0.0000	0.0000	0.0000	0.0000	0.0000	0.0000	0.0000	0.0000	0.0000	0.0000	0.0000	0.0000	0.0000	0.0000	0.0000	0.0000	0.0000	0.0000	0.0000	7.8050	0.0000	4.0035	0.0000	0.0000	0.0000	0.0000	0.0000	0.0000	0.0000	0.0000	0.0000	0.0000	0.0000	0.0000	0.0000	0.0000	0.0000	0.0000	0.0000	0.0000	0.0000	0.0000	0.0000	0.0000	0.0000	0.0000	0.0000	0.0000	0.0000	0.0000	0.0000	0.0000	0.0000	0.0000	0.0000	0.0000	0.0000	0.0000	0.0000	0.0000	0.0000	0.0000	0.0000	0.0000	0.0000	0.0000	0.0000	0.0000	0.0000	0.0000	0.0000	0.0000	0.0000	0.0000	0.0000	0.0000											
13	150	0.1898	8	1	0	1	0	0	0	0	0	N	N	N	N	N	N	N	N	N	N	N	N	0.0000	0.0000	0.0000	0.0000	0.0000	0.0000	0.0000	0.0000	0.0000	0.0000	0.0000	0.0000	0.0000	0.0000	0.0000	0.0000	0.0000	0.0000	0.0000	0.0000	0.0000	3.7255	0.0000	14.1767	0.0000	0.0000	0.0000	0.0000	0.0000	0.0000	0.0000	0.0000	0.0000	0.0000	0.0000	0.0000	0.0000	0.0000	0.0000	0.0000	0.0000	0.0000	0.0000	0.0000	0.0000	0.0000	0.0000	0.0000	0.0000	0.0000	0.0000	0.0000	0.0000	0.0000	0.0000	0.0000	0.0000	0.0000	0.0000	0.0000	0.0000	0.0000	0.0000	0.0000	0.0000	0.0000	0.0000	0.0000	0.0000	0.0000	0.0000	0.0000	0.0000	0.0000	0.0000	0.0000	0.0000	0.0000											
13	151	0.1734	7	1	0	1	0	0	0	0	0	N	N	N	N	N	N	N	N	N	N	N	N	0.0000	0.0000	0.0000	0.0000	0.0000	0.0000	0.0000	0.0000	0.0000	0.0000	0.0000	0.0000	0.0000	0.0000	0.0000	0.0000	0.0000	0.0000	0.0000	0.0000	0.0000	1.4205	0.0000	4.0377	0.0000	0.0000	0.0000	0.0000	0.0000	0.0000	0.0000	0.0000	0.0000	0.0000	0.0000	0.0000	0.0000	0.0000	0.0000	0.0000	0.0000	0.0000	0.0000	0.0000	0.0000	0.0000	0.0000	0.0000	0.0000	0.0000	0.0000	0.0000	0.0000	0.0000	0.0000	0.0000	0.0000	0.0000	0.0000	0.0000	0.0000	0.0000	0.0000	0.0000	0.0000	0.0000	0.0000	0.0000	0.0000	0.0000	0.0000	0.0000	0.0000	0.0000	0.0000	0.0000	0.0000	0.0000											
13	152	0.0625	6	1	0	1	0	0	0	0	0	N	N	N	N	N	N	N	N	N	N	N	N	0.0000	0.0000	0.0000	0.0000	0.0000	0.0000	0.0000	0.0000	0.0000	0.0000	0.0000	0.0000	0.0000	0.0000	0.0000	0.0000	0.0000	0.0000	0.0000	0.0000	0.0000	6.4701	0.0000	12.4371	0.0000	0.0000	0.0000	0.0000	0.0000	0.0000	0.0000	0.0000	0.0000	0.0000	0.0000	0.0000	0.0000	0.0000	0.0000	0.0000	0.0000	0.0000	0.0000	0.0000	0.0000	0.0000	0.0000	0.0000	0.0000	0.0000	0.0000	0.0000	0.0000	0.0000	0.0000	0.0000	0.0000	0.0000	0.0000	0.0000	0.0000	0.0000	0.0000	0.0000	0.0000	0.0000	0.0000	0.0000	0.0000	0.0000	0.0000	0.0000	0.0000	0.0000	0.0000	0.0000	0.0000	0.0000											
14	15	0.6671	10	2	1	1	1	0	0	0	0	Y	N	N	N	N	N	N	N	N	N	N	N	0.0000	0.0000	0.0000	0.0000	0.0000	0.0000	0.0000	0.0000	0.0000	0.0000	0.0000	0.0000	0.0000	0.0000	0.0000	0.0000	0.0000	0.0000	0.0000	0.0000	0.0000	1.0049	0.0000	0.9915	0.0000	0.0000	0.0000	0.0000	0.0000	0.0000	0.0000	0.0000	0.0000	0.0000	0.0000	0.0000	0.0000	0.0000	0.0000	0.0000	0.0000	0.0000	0.0000	0.0000	0.0000	0.0000	0.0000	0.0000	0.0000	0.0000	0.0000	0.0000	0.0000	0.0000	0.0000	0.0000	0.0000	0.0000	0.0000	0.0000	0.0000	0.0000	0.0000	0.0000	0.0000	0.0000	0.0000	0.0000	0.0000	0.0000	0.0000	0.0000	0.0000	0.0000	0.0000	0.0000	0.0000	0.0000											
14	16	0.1576	9	2	1	1	1	0	0	0	0	Y	N	N	N	N	N	N	N	N	N	N	N	0.0000	0.0000	0.0000	0.0000	0.0000	0.0000	0.0000	0.0000	0.0000	0.0000	0.0000	0.0000	0.0000	0.0000	0.0000	0.0000	0.0000	0.0000	0.0000	0.0000	0.0000	2.0025	0.0000	0.0085	0.0000	0.0000	0.0000	0.0000	0.0000	0.0000	0.0000	0.0000	0.0000	0.0000	0.0000	0.0000	0.0000	0.0000	0.0000	0.0000	0.0000	0.0000	0.0000	0.0000	0.0000	0.0000	0.0000	0.0000	0.0000	0.0000	0.0000	0.0000	0.0000	0.0000	0.0000	0.0000	0.0000	0.0000	0.0000	0.0000	0.0000	0.0000	0.0000	0.0000	0.0000	0.0000	0.0000	0.0000	0.0000	0.0000	0.0000	0.0000	0.0000	0.0000	0.0000	0.0000	0.0000	0.0000											
14	17	0.6533	11	2	0	2	0	0	0	0	0	Y	N	Y	N	N	N	N	N	N	N	N	N	0.0000	0.0000	0.0000	0.0000	0.0000	0.0000	0.0000	0.0000	0.0000	0.0000	0.0000	0.0000	0.0000	0.0000	0.0000	0.0000	0.0000	0.0000	0.0000	0.0000	0.0000	0.0000	0.0000	0.0000	0.0000	0.0000	0.0000	0.0000	0.0000	0.0000	0.0000	0.0000	0.0000	0.0000	0.0000	0.0000	0.0000	0.0000	0.0000	0.0000	0.0000	0.0000	0.0000	0.0000	0.0000	0.0000	0.0000	0.0000	0.0000	0.0000	0.0000	0.0000	0.0000	0.0000	0.0000	0.0000	0.0000	0.0000	0.0000	0.0000	0.0000	0.0000	0.0000	0.0000	0.0000	0.0000	0.0000	0.0000	0.0000	0.0000	0.0000	0.0000	0.0000	0.0000	0.0000	0.0000	0.0000	0.0000											
14	18	0.1083	6	1	0	2	0	0	0	0	0	N	N	Y	N	N	N	N	N	N	N	N	N	0.0000	0.0000	0.0000	0.0000	0.0000	0.0000	0.0000	0.0000	0.0000	0.0000	0.0000	0.0000	0.0000	0.0000	0.0000	0.0000	0.0000	0.0000	0.0000	0.0000	0.0000	0.0000	0.0000	0.0000	0.0000	0.0000	0.0000	0.0000	0.0000	0.0000	0.0000	0.0000	0.0000	0.0000	0.0000	0.0000	0.0000	0.0000	0.0000	0.0000	0.0000	0.0000	0.0000	0.0000	0.0000	0.0000	0.0000	0.0000	0.0000	0.0000	0.0000	0.0000	0.0000	0.0000	0.0000	0.0000	0.0000	0.0000	0.0000	0.0000	0.0000	0.0000	0.0000	0.0000	0.0000	0.0000	0.0000	0.0000	0.0000	0.0000	0.0000	0.0000	0.0000	0.0000	0.0000	0.0000	0.0000	0.0000											
14	19	0.6186	8	2	1	1	0	0	0	0	0	Y	N	N	N	N	N	N	N	N	N	N	N	0.0000	0.0000	0.0000	0.0000	0.0000	0.0000	0.0000	0.0000	0.0000	0.0000	0.0000	0.0000	0.0000	0.0000	0.0000	0.0000	0.0000	0.0000	0.0000	0.0000	0.0000	3.0000	0.0000	0.0000	0.0000	0.0000	0.0000	0.0000	0.0000	0.0000	0.0000	0.0000	0.0000	0.0000	0.0000	0.0000	0.0000	0.0000	0.0000	0.0000	0.0000	0.0000	0.0000	0.0000	0.0000	0.0000	0.0000	0.0000	0.0000	0.0000	0.0000	0.0000	0.0000	0.0000	0.0000	0.0000	0.0000	0.0000	0.0000	0.0000	0.0000	0.0000	0.0000	0.0000	0.0000	0.0000	0.0000	0.0000	0.0000	0.0000	0.0000	0.0000	0.0000	0.0000	0.0000	0.0000	0.0000	0.0000											
14	20	0.6410	9	1	1	1	0	0	0	0	0	N	N	N	N	N	N	N	N	N	N	N	N	0.0000	0.0000	0.0000	0.0000	0.0000	0.0000	0.0000	0.0000	0.0000	0.0000	0.0000	0.0000	0.0000	0.0000	0.0000	0.0000	0.0000	0.0000	0.0000	0.0000	0.0000	0.0000	0.0000	1.0000	0.0000	0.0000	0.0000	0.0000	0.0000	0.0000	0.0000	0.0000	0.0000	0.0000	0.0000	0.0000	0.0000	0.0000	0.0000	0.0000	0.0000	0.0000	0.0000	0.0000	0.0000	0.0000	0.0000	0.0000	0.0000	0.0000	0.0000	0.0000	0.0000	0.0000	0.0000	0.0000	0.0000	0.0000	0.0000	0.0000	0.0000	0.0000	0.0000	0.0000	0.0000	0.0000	0.0000	0.0000	0.0000	0.0000	0.0000	0.0000	0.0000	0.0000	0.0000	0.0000	0.0000	0.0000											
14	21	0.6671	10	1	0	1	1	0	0	0	0	N	N	N	N	N	N	N	N	N	N	N	N	0.0000	0.0000	0.0000	0.0000	0.0000	0.0000	0.0000	0.0000	0.0000	0.0000	0.0000	0.0000	0.0000	0.0000	0.0000	0.0000	0.0000	0.0000	0.0000	0.0000	0.0000	2.0045	0.0000	0.0106	0.0000	0.0000	0.0000	0.0000	0.0000	0.0000	0.0000	0.0000	0.0000	0.0000	0.0000	0.0000	0.0000	0.0000	0.0000	0.0000	0.0000	0.0000	0.0000	0.0000	0.0000	0.0000	0.0000	0.0000	0.0000	0.0000	0.0000	0.0000	0.0000	0.0000	0.0000	0.0000	0.0000	0.0000	0.0000	0.0000	0.0000	0.0000	0.0000	0.0000	0.0000	0.0000	0.0000	0.0000	0.0000	0.0000	0.0000	0.0000	0.0000	0.0000	0.0000	0.0000	0.0000	0.0000											
14	22	0.6378	9	1	0	1	1	0	0	0	0	N	N	N	N	N	N	N	N	N	N	N	N	0.0000	0.0000	0.0000	0.0000	0.0000	0.0000	0.0000	0.0000	0.0000	0.0000	0.0000	0.0000	0.0000	0.0000	0.0000	0.0000	0.0000	0.0000	0.0000	0.0000	0.0000	1.9989	0.0000	1.0099	0.0000	0.0000	0.0000	0.0000	0.0000	0.0000	0.0000	0.0000	0.0000	0.0000	0.0000	0.0000	0.0000	0.0000	0.0000	0.0000	0.0000	0.0000	0.0000	0.0000	0.0000	0.0000	0.0000	0.0000	0.0000	0.0000	0.0000	0.0000	0.0000	0.0000	0.0000	0.0000	0.0000	0.0000	0.0000	0.0000	0.0000	0.0000	0.0000	0.0000	0.0000	0.0000	0.0000	0.0000	0.0000	0.0000	0.0000	0.0000	0.0000	0.0000	0.0000	0.0000	0.0000	0.0000											
14	23	0.1045	8	1	1	1	1	0	0	0	0	N	N	N	N	N	N	N	N	N	N	N	N	0.0000	0.0000	0.0000	0.0000	0.0000	0.0000	0.0000	0.0000	0.0000	0.0000	0.0000	0.0000	0.0000	0.0000	0.0000	0.0000	0.0000	0.0000	0.0000	0.0000	0.0000	0.0000	0.0000	1.0024	0.0000	0.0000	0.0000	0.0000	0.0000	0.0000	0.0000	0.0000	0.0000	0.0000	0.0000	0.0000	0.0000	0.0000	0.0000	0.0000	0.0000	0.0000	0.0000	0.0000	0.0000	0.0000	0.0000	0.0000	0.0000	0.0000	0.0000	0.0000	0.0000	0.0000	0.0000	0.0000	0.0000	0.0000	0.0000	0.0000	0.0000	0.0000	0.0000	0.0000	0.0000	0.0000	0.0000	0.0000	0.0000	0.0000	0.0000	0.0000	0.0000	0.0000	0.0000	0.0000	0.0000	0.0000											
14	24	0.6410	9	1	1	1	0	0	0	0	0	N	N	N	N	N	N	N	N	N	N	N	N	0.0000	0.0000	0.0000	0.0000	0.0000	0.0000	0.0000	0.0000	0.0000	0.0000	0.0000	0.0000	0.0000	0.0000	0.0000	0.0000	0.0000	0.0000	0.0000	0.0000	0.0000	0.0000	0.0000	0.0000	0.0000	0.0000	0.0000	0.0000	0.0000	0.0000	0.0000	0.0000	0.0000	0.0000	0.0000	0.0000	0.0000	0.0000	0.0000	0.0000	0.0000	0.0000	0.0000	0.0000	0.0000	0.0000	0.0000	0.0000	0.0000	0.0000	0.0000	0.0000	0.0000	0.0000	0.0000	0.0000	0.0000	0.0000	0.0000	0.0000	0.0000	0.0000	0.0000	0.0000	0.0000	0.0000	0.0000	0.0000	0.0000	0.0000	0.0000	0.0000	0.0000	0.0000	0.0000	0.0000	0.0000	0.0000											
14	25	0.0538	6	1	1	1	0	0	0	0	0	N	N	N	N	N	N	N	N	N	N	N	N	0.0000	0.0000	0.0000	0.0000	0.0000	0.0000	0.0000	0.0000	0.0000	0.0000	0.0000	0.0000	0.0000	0.0000	0.0000	0.0000	0.0000	0.0000	0.0000	0.0000	0.0000	0.9998	0.0000	0.0242	0.0000	0.0000	0.0000	0.0000	0.0000	0.0000	0.0000	0.0000	0.0000	0.0000	0.0000	0.0000	0.0000	0.0000	0.0000	0.0000	0.0000	0.0000	0.0000	0.0000	0.0000	0.0000	0.0000	0.0000	0.0000	0.0000	0.0000	0.0000	0.0000	0.0000	0.0000	0.0000	0.0000	0.0000	0.0000	0.0000	0.0000	0.0000	0.0000	0.0000	0.0000	0.0000	0.0000	0.0000	0.0000	0.0000	0.0000	0.0000	0.0000	0.0000	0.0000	0.0000	0.0000	0.0000											
14	26	0.1739	11	1	1	1	1	0	0	0	0	N	N	N	N	N	N	N	N	N	N	N	N	0.0000	0.0000	0.0000	0.0000	0.0000	0.0000	0.0000	0.0000	0.0000	0.0000	0.0000	0.0000	0.0000	0.0000	0.0000	0.0000	0.0000	0.0000	0.0000	0.0000	0.0000	0.0000	0.0000	0.0000	0.0000	0.0000	0.0000	0.0000	0.0000	0.0000	0.0000	0.0000	0.0000	0.0000	0.0000	0.0000	0.0000	0.0000	0.0000	0.0000	0.0000	0.0000	0.0000	0.0000	0.0000	0.0000	0.0000	0.0000	0.0000	0.0000	0.0000	0.0000	0.0000	0.0000	0.0000	0.0000	0.0000	0.0000	0.0000	0.0000	0.0000	0.0000	0.0000	0.0000	0.0000	0.0000	0.0000	0.0000	0.0000	0.0000	0.0000	0.0000	0.0000	0.0000	0.0000	0.0000	0.0000	0.0000											
14	27	0.6647	9	2	1	1	0	0	0	0	0	Y	N	N	N	N	N	N	N	N	N	N	N	0.0000	0.0000	0.0000	0.0000	0.0000	0.0000	0.0000	0.0000	0.0000	0.0000	0.0000	0.0000	0.0000	0.0000	0.0000	0.0000	0.0000	0.0000	0.0000	0.0000	0.0000	0.0418	0.0000	6.1659	0.0000	0.0000	0.0000	0.0000	0.0000	0.0000	0.0000	0.0000	0.0000	0.0000	0.0000	0.0000	0.0000	0.0000	0.0000	0.0000	0.0000	0.0000	0.0000	0.0000	0.0000	0.0000	0.0000	0.0000	0.0000	0.0000	0.0000	0.0000	0.0000	0.0000	0.0000	0.0000	0.0000	0.0000	0.0000	0.0000	0.0000	0.0000	0.0000	0.0000	0.0000	0.0000	0.0000	0.0000	0.0000	0.0000	0.0000	0.0000	0.0000	0.0000	0.0000	0.0000	0.0000	0.0000											
14	28	0.6716	12	1	0	1	1	0	0	0	0	N	N	N	N	N	N	N	N	N	N	N	N	0.0000	0.0000	0.0000	0.0000	0.0000	0.0000	0.0000	0.0000	0.0000	0.0000	0.0000	0.0000	0.0000	0.0000	0.0000	0.0000	0.0000	0.0000	0.0000	0.0000	0.0000	1.5398	0.0000	1.0296	0.0000	0.0000	0.0000	0.0000	0.0000	0.0000	0.0000	0.0000	0.0000	0.0000	0.0000	0.0000	0.0000	0.0000	0.0000	0.0000	0.0000	0.0000	0.0000	0.0000	0.0000	0.0000	0.0000	0.0000	0.0000	0.0000	0.0000	0.0000	0.0000	0.0000	0.0000	0.0000	0.0000	0.0000	0.0000	0.0000	0.0000	0.0000	0.0000	0.0000	0.0000	0.0000	0.0000	0.0000	0.0000	0.0000	0.0000	0.0000	0.0000	0.0000	0.0000	0.0000	0.0000	0.0000											
14	29	0.6665	11	1	0	1	1	0	0	0	0	N	N	N	N	N	N	N	N	N	N	N	N	0.0000	0.0000	0.0000	0.0000	0.0000	0.0000	0.0000	0.0000	0.0000	0.0000	0.0000	0.0000	0.0000	0.0000	0.0000	0.0000	0.0000	0.0000	0.0000	0.0000	0.0000	0.8816	0.0000	0.0702	0.0000	0.0000	0.0000	0.0000	0.0000	0.0000	0.0000	0.0000	0.0000	0.0000	0.0000	0.0000	0.0000	0.0000	0.0000	0.0000	0.0000	0.0000	0.0000	0.0000	0.0000	0.0000	0.0000	0.0000	0.0000	0.0000	0.0000	0.0000	0.0000	0.0000	0.0000	0.0000	0.0000	0.0000	0.0000	0.0000	0.0000	0.0000	0.0000	0.0000	0.0000	0.0000	0.0000	0.0000	0.0000	0.0000	0.0000	0.0000	0.0000	0.0000	0.0000	0.0000	0.0000	0.0000											
14	30	0.1198	9	1	0	1	1	0	0	0	0	N	N	N	N	N	N	N	N	N	N	N	N	0.0000	0.0000	0.0000	0.0000	0.0000	0.0000	0.0000	0.0000	0.0000	0.0000	0.0000	0.0000	0.0000	0.0000	0.0000	0.0000	0.0000	0.0000	0.0000	0.0000	0.0000	0.0000	0.0000	0.0000	0.0000	0.0000	0.0000	0.0000	0.0000	0.0000	0.0000	0.0000	0.0000	0.0000	0.0000	0.0000	0.0000	0.0000	0.0000	0.0000	0.0000	0.0000	0.0000	0.0000	0.0000	0.0000	0.0000	0.0000	0.0000	0.0000	0.0000	0.0000	0.0000	0.0000	0.0000	0.0000	0.0000	0.0000	0.0000	0.0000	0.0000	0.0000	0.0000	0.0000	0.0000	0.0000	0.0000	0.0000	0.0000	0.0000	0.0000	0.0000	0.0000	0.0000	0.0000	0.0000	0.0000	0.0000											
14	31	0.0442	5	2	0	2	0	0	0	0	0	Y	N	Y	N	N	N	N	N	N	N	N	N	0.0000	0.0000	0.0000	0.0000	0.0000	0.0000	0.0000	0.0000	0.0000	0.0000	0.0000	0.0000	0.0000	0.0000	0.0000	0.0000	0.0000	0.0000	0.0000	0.0000	0.0000	0.0000	0.0000	0.0000	0.0000	0.0000	0.0000	0.0000	0.0000	0.0000	0.0000	0.0000	0.0000	0.0000	0.0000	0.0000	0.0000	0.0000	0.0000	0.0000	0.0000	0.0000	0.0000	0.0000	0.0000	0.0000	0.0000	0.0000	0.0000	0.0000	0.0000	0.0000	0.0000	0.0000	0.0000	0.0000	0.0000	0.0000	0.0000	0.0000	0.0000	0.0000	0.0000	0.0000	0.0000	0.0000	0.0000	0.0000	0.0000	0.0000	0.0000	0.0000	0.0000	0.0000	0.0000	0.0000	0.0000	0.0000											
14	32	0.0625	5	1	1	1	0	0	0	0	0	N	N	N	N	N	N	N	N	N	N	N	N	0.0000	0.0000	0.0000	0.0000	0.0000	0.0000	0.0000	0.0000	0.0000	0.0000	0.0000	0.0000	0.0000	0.0000	0.0000	0.0000	0.0000	0.0000	0.0000	0.0000	0.0000	0.0006	0.0000	3.0000	0.0000	0.0000	0.0000	0.0000	0.0000	0.0000	0.0000	0.0000	0.0000	0.0000	0.0000	0.0000	0.0000	0.0000	0.0000	0.0000	0.0000	0.0000	0.0000	0.0000	0.0000	0.0000	0.0000	0.0000	0.0000	0.0000	0.0000	0.0000	0.0000	0.0000	0.0000	0.0000	0.0000	0.0000	0.0000	0.0000	0.0000	0.0000	0.0000	0.0000	0.0000	0.0000	0.0000	0.0000	0.0000	0.0000	0.0000	0.0000	0.0000	0.0000	0.0000	0.0000	0.0000	0.0000											
14	33	0.0625	5	1	1	1	0	0	0	0	0	N	N	N	N	N	N	N	N	N	N	N	N	0.0000	0.0000	0.0000	0.0000	0.0000	0.0000	0.0000	0.0000	0.0000	0.0000	0.0000	0.0000	0.0000	0.0000	0.0000	0.0000	0.0000	0.0000	0.0000	0.0000	0.0000	2.0006	0.0000	8.0000	0.0000	0.0000	0.0000	0.0000	0.0000	0.0000	0.0000	0.0000	0.0000	0.0000	0.0000	0.0000	0.0000	0.0000	0.0000	0.0000	0.0000	0.0000	0.0000	0.0000	0.0000	0.0000	0.0000	0.0000	0.0000	0.0000	0.0000	0.0000	0.0000	0.0000	0.0000	0.0000	0.0000	0.0000	0.0000	0.0000	0.0000	0.0000	0.0000	0.0000	0.0000	0.0000	0.0000	0.0000	0.0000	0.0000	0.0000	0.0000	0.0000	0.0000	0.0000	0.0000	0.0000	0.0000											
14	34	0.0212	4	2	1	1	0	0	0	0	0	Y	N	N	N	N	N	N	N	N	N	N	N	0.0000	0.0000	0.0000	0.0000	0.0000	0.0000	0.0000	0.0000	0.0000	0.0000	0.0000	0.0000	0.0000	0.0000	0.0000	0.0000	0.0000	0.0000	0.0000	0.0000	0.0000	10.0001	0.0000	4.0001	0.0000	0.0000	0.0000	0.0000	0.0000	0.0000	0.0000	0.0000	0.0000	0.0000	0.0000	0.0000	0.0000	0.0000	0.0000	0.0000	0.0000	0.0000	0.0000	0.0000	0.0000	0.0000	0.0000	0.0000	0.0000	0.0000	0.0000	0.0000	0.0000	0.0000	0.0000	0.0000	0.0000	0.0000	0.0000	0.0000	0.0000	0.0000	0.0000	0.0000	0.0000	0.0000	0.0000	0.0000	0.0000	0.0000	0.0000	0.0000	0.0000	0.0000	0.0000	0.0000	0.0000	0.0000											
14	35	0.0625	5	1	1	1	0	0	0	0	0	N	N	N	N	N	N	N	N	N	N	N	N	0.0000	0.0000	0.0000	0.0000	0.0000	0.0000	0.0000	0.0000	0.0000	0.0000	0.0000	0.0000	0.0000	0.0000	0.0000	0.0000	0.0000	0.0000	0.0000	0.0000	0.0000	3.0004	0.0000	2.0000	0.0000	0.0000	0.0000	0.0000	0.0000	0.0000	0.0000	0.0000	0.0000	0.0000	0.0000	0.0000	0.0000	0.0000	0.0000	0.0000	0.0000	0.0000	0.0000	0.0000	0.0000	0.0000	0.0000	0.0000	0.0000	0.0000	0.0000	0.0000	0.0000	0.0000	0.0000	0.0000	0.0000	0.0000	0.0000	0.0000	0.0000	0.0000	0.0000	0.0000	0.0000	0.0000	0.0000	0.0000	0.0000	0.0000	0.0000	0.0000	0.0000	0.0000	0.0000	0.0000	0.0000	0.0000											
14	36	0.6186	8	1	1	1	0	0	0	0	0	N	N	N	N	N	N	N	N	N	N	N	N	0.0000	0.0000	0.0000	0.0000	0.0000	0.0000	0.0000	0.0000	0.0000	0.0000	0.0000	0.0000	0.0000	0.0000	0.0000	0.0000	0.0000	0.0000	0.0000	0.0000	0.0000	3.0000	0.0000	3.0000	0.0000	0.0000	0.0000	0.0000	0.0000	0.0000	0.0000	0.0000	0.0000	0.0000	0.0000	0.0000	0.0000	0.0000	0.0000	0.0000	0.0000	0.0000	0.0000	0.0000	0.0000	0.0000	0.0000	0.0000	0.0000	0.0000	0.0000	0.0000	0.0000	0.0000	0.0000	0.0000	0.0000	0.0000	0.0000	0.0000	0.0000	0.0000	0.0000	0.0000	0.0000	0.0000	0.0000	0.0000	0.0000	0.0000	0.0000	0.0000	0.0000	0.0000	0.0000	0.0000	0.0000	0.0000											
14	37	0.0926	6	2	1	1	0	0	0	0	0	Y	N	N	N	N	N	N	N	N	N	N	N	0.0000	0.0000	0.0000	0.0000	0.0000	0.0000	0.0000	0.0000	0.0000	0.0000	0.0000	0.0000	0.0000	0.0000	0.0000	0.0000	0.0000	0.0000	0.0000	0.0000	0.0000	4.2779	0.0000	3.9542	0.0000	0.0000	0.0000	0.0000	0.0000	0.0000	0.0000	0.0000	0.0000	0.0000	0.0000	0.0000	0.0000	0.0000	0.0000	0.0000	0.0000	0.0000	0.0000	0.0000	0.0000	0.0000	0.0000	0.0000	0.0000	0.0000	0.0000	0.0000	0.0000	0.0000	0.0000	0.0000	0.0000	0.0000	0.0000	0.0000	0.0000	0.0000	0.0000	0.0000	0.0000	0.0000	0.0000	0.0000	0.0000	0.0000	0.0000	0.0000	0.0000	0.0000	0.0000	0.0000	0.0000	0.0000											
14	38	0.6852	12	2	1	1	0	0	0	0	0	Y	N	N	N	N	N	N	N	N	N	N	N	0.0000	0.0000	0.0000	0.0000	0.0000	0.0000	0.0000	0.0000	0.0000	0.0000	0.0000	0.0000	0.0000	0.0000	0.0000	0.0000	0.0000	0.0000	0.0000	0.0000	0.0000	2.8243	0.0000	1.0201	0.0000	0.0000	0.0000	0.0000	0.0000	0.0000	0.0000	0.0000	0.0000	0.0000	0.0000	0.0000	0.0000	0.0000	0.0000	0.0000	0.0000	0.0000	0.0000	0.0000	0.0000	0.0000	0.0000	0.0000	0.0000	0.0000	0.0000	0.0000	0.0000	0.0000	0.0000	0.0000	0.0000	0.0000	0.0000	0.0000	0.0000	0.0000	0.0000	0.0000	0.0000	0.0000	0.0000	0.0000	0.0000	0.0000	0.0000	0.0000	0.0000	0.0000	0.0000	0.0000	0.0000	0.0000											
14	39	0.0212	4	1	1	1	0	0	0	0	0	N	N	N	N	N	N	N	N	N	N	N	N	0.0000	0.0000	0.0000	0.0000	0.0000	0.0000	0.0000	0.0000	0.0000	0.0000	0.0000	0.0000	0.0000	0.0000	0.0000	0.0000	0.0000	0.0000	0.0000	0.0000	0.0000	5.0001	0.0000	5.0000	0.0000	0.0000	0.0000	0.0000	0.0000	0.0000	0.0000	0.0000	0.0000	0.0000	0.0000	0.0000	0.0000	0.0000	0.0000	0.0000	0.0000	0.0000	0.0000	0.0000	0.0000	0.0000	0.0000	0.0000	0.0000	0.0000	0.0000	0.0000	0.0000	0.0000	0.0000	0.0000	0.0000	0.0000	0.0000	0.0000	0.0000	0.0000	0.0000	0.0000	0.0000	0.0000	0.0000	0.0000	0.0000	0.0000	0.0000	0.0000	0.0000	0.0000	0.0000	0.0000	0.0000	0.0000											
14	40	0.6410	9	1	1	1	0	0	0	0	0	N	N	N	N	N	N	N	N	N	N	N	N	0.0000	0.0000	0.0000	0.0000	0.0000	0.0000	0.0000	0.0000	0.0000	0.0000	0.0000	0.0000	0.0000	0.0000	0.0000	0.0000	0.0000	0.0000	0.0000	0.0000	0.0000	0.0000	0.0000	2.0000	0.0000	0.0000	0.0000	0.0000	0.0000	0.0000	0.0000	0.0000	0.0000	0.0000	0.0000	0.0000	0.0000	0.0000	0.0000	0.0000	0.0000	0.0000	0.0000	0.0000	0.0000	0.0000	0.0000	0.0000	0.0000	0.0000	0.0000	0.0000	0.0000	0.0000	0.0000	0.0000	0.0000	0.0000	0.0000	0.0000	0.0000	0.0000	0.0000	0.0000	0.0000	0.0000	0.0000	0.0000	0.0000	0.0000	0.0000	0.0000	0.0000	0.0000	0.0000	0.0000	0.0000	0.0000											
14	41	0.0212	4	1	1	1	0	0	0	0	0	N	N	N	N	N	N	N	N	N	N	N	N	0.0000	0.0000	0.0000	0.0000	0.0000	0.0000	0.0000	0.0000	0.0000	0.0000	0.0000	0.0000	0.0000	0.0000	0.0000	0.0000	0.0000	0.0000	0.0000	0.0000	0.0000	5.9998	0.0000	3.0000	0.0000	0.0000	0.0000	0.0000	0.0000	0.0000	0.0000	0.0000	0.0000	0.0000	0.0000	0.0000	0.0000	0.0000	0.0000	0.0000	0.0000	0.0000	0.0000	0.0000	0.0000	0.0000	0.0000	0.0000	0.0000	0.0000	0.0000	0.0000	0.0000	0.0000	0.0000	0.0000	0.0000	0.0000	0.0000	0.0000	0.0000	0.0000	0.0000	0.0000	0.0000	0.0000	0.0000	0.0000	0.0000	0.0000	0.0000	0.0000	0.0000	0.0000	0.0000	0.0000	0.0000	0.0000											
14	42	0.7071	13	1	1	2	1	0	0	0	0	N	N	Y	N	N	N	N	N	N	N	N	N	0.0000	0.0000	0.0000	0.0000	0.0000	0.0000	0.0000	0.0000	0.0000	0.0000	0.0000	0.0000	0.0000	0.0000	0.0000	0.0000	0.0000	0.0000	0.0000	0.0000	0.0000	0.0011	0.0000	1.0134	0.0000	0.0000	0.0000	0.0000	0.0000	0.0000	0.0000	0.0000	0.0000	0.0000	0.0000	0.0000	0.0000	0.0000	0.0000	0.0000	0.0000	0.0000	0.0000	0.0000	0.0000	0.0000	0.0000	0.0000	0.0000	0.0000	0.0000	0.0000	0.0000	0.0000	0.0000	0.0000	0.0000	0.0000	0.0000	0.0000	0.0000	0.0000	0.0000	0.0000	0.0000	0.0000	0.0000	0.0000	0.0000	0.0000	0.0000	0.0000	0.0000	0.0000	0.0000	0.0000	0.0000	0.0000											
14	43	0.6852	12	1	0	1	1	0	0	0	0	N	N	N	N	N	N	N	N	N	N	N	N	0.0000	0.0000	0.0000	0.0000	0.0000	0.0000	0.0000	0.0000	0.0000	0.0000	0.0000	0.0000	0.0000	0.0000	0.0000	0.0000	0.0000	0.0000	0.0000	0.0000	0.0000	2.8187	0.0000	0.0347	0.0000	0.0000	0.0000	0.0000	0.0000	0.0000	0.0000	0.0000	0.0000	0.0000	0.0000	0.0000	0.0000	0.0000	0.0000	0.0000	0.0000	0.0000	0.0000	0.0000	0.0000	0.0000	0.0000	0.0000	0.0000	0.0000	0.0000	0.0000	0.0000	0.0000	0.0000	0.0000	0.0000	0.0000	0.0000	0.0000	0.0000	0.0000	0.0000	0.0000	0.0000	0.0000	0.0000	0.0000	0.0000	0.0000	0.0000	0.0000	0.0000	0.0000	0.0000	0.0000	0.0000	0.0000											
14	44	0.6726	11	1	0	1	0	0	0	0	0	N	N	N	N	N	N	N	N	N	N	N	N	0.0000	0.0000	0.0000	0.0000	0.0000	0.0000	0.0000	0.0000	0.0000	0.0000	0.0000	0.0000	0.0000	0.0000	0.0000	0.0000	0.0000	0.0000	0.0000	0.0000	0.0000	0.9605	0.0000	1.0076	0.0000	0.0000	0.0000	0.0000	0.0000	0.0000	0.0000	0.0000	0.0000	0.0000	0.0000	0.0000	0.0000	0.0000	0.0000	0.0000	0.0000	0.0000	0.0000	0.0000	0.0000	0.0000	0.0000	0.0000	0.0000	0.0000	0.0000	0.0000	0.0000	0.0000	0.0000	0.0000	0.0000	0.0000	0.0000	0.0000	0.0000	0.0000	0.0000	0.0000	0.0000	0.0000	0.0000	0.0000	0.0000	0.0000	0.0000	0.0000	0.0000	0.0000	0.0000	0.0000	0.0000	0.0000											
14	45	0.1157	8	1	1	2	1	0	0	0	0	N	N	Y	N	N	N	N	N	N	N	N	N	0.0000	0.0000	0.0000	0.0000	0.0000	0.0000	0.0000	0.0000	0.0000	0.0000	0.0000	0.0000	0.0000	0.0000	0.0000	0.0000	0.0000	0.0000	0.0000	0.0000	0.0000	1.0000	0.0000	1.0000	0.0000	0.0000	0.0000	0.0000	0.0000	0.0000	0.0000	0.0000	0.0000	0.0000	0.0000	0.0000	0.0000	0.0000	0.0000	0.0000	0.0000	0.0000	0.0000	0.0000	0.0000	0.0000	0.0000	0.0000	0.0000	0.0000	0.0000	0.0000	0.0000	0.0000	0.0000	0.0000	0.0000	0.0000	0.0000	0.0000	0.0000	0.0000	0.0000	0.0000	0.0000	0.0000	0.0000	0.0000	0.0000	0.0000	0.0000	0.0000	0.0000	0.0000	0.0000	0.0000	0.0000	0.0000											
14	46	0.6186	8	1	1	1	0	0	0	0	0	N	N	N	N	N	N	N	N	N	N	N	N	0.0000	0.0000	0.0000	0.0000	0.0000	0.0000	0.0000	0.0000	0.0000	0.0000	0.0000	0.0000	0.0000	0.0000	0.0000	0.0000	0.0000	0.0000	0.0000	0.0000	0.0000	0.0000	0.0000	0.0000	0.0000	0.0000	0.0000	0.0000	0.0000	0.0000	0.0000	0.0000	0.0000	0.0000	0.0000	0.0000	0.0000	0.0000	0.0000	0.0000	0.0000	0.0000	0.0000	0.0000	0.0000	0.0000	0.0000	0.0000	0.0000	0.0000	0.0000	0.0000	0.0000	0.0000	0.0000	0.0000	0.0000	0.0000	0.0000	0.0000	0.0000	0.0000	0.0000	0.0000	0.0000	0.0000	0.0000	0.0000	0.0000	0.0000	0.0000	0.0000	0.0000	0.0000	0.0000	0.0000	0.0000	0.0000											
14	47	0.6726	11	1	1	1	1	0	0	0	0	N	N	N	N	N	N	N	N	N	N	N	N	0.0000	0.0000	0.0000	0.0000	0.0000	0.0000	0.0000	0.0000	0.0000	0.0000	0.0000	0.0000	0.0000	0.0000	0.0000	0.0000	0.0000	0.0000	0.0000	0.0000	0.0000	0.0000	0.0000	1.0000	0.0000	0.0000	0.0000	0.0000	0.0000	0.0000	0.0000	0.0000	0.0000	0.0000	0.0000	0.0000	0.0000	0.0000	0.0000	0.0000	0.0000	0.0000	0.0000	0.0000	0.0000	0.0000	0.0000	0.0000	0.0000	0.0000	0.0000	0.0000	0.0000	0.0000	0.0000	0.0000	0.0000	0.0000	0.0000	0.0000	0.0000	0.0000	0.0000	0.0000	0.0000	0.0000	0.0000	0.0000	0.0000	0.0000	0.0000	0.0000	0.0000	0.0000	0.0000	0.0000	0.0000	0.0000											
14	48	0.6186	8	2	1	1	0	0	0	0	0	Y	N	N	N	N	N	N	N	N	N	N	N	0.0000	0.0000	0.0000	0.0000	0.0000	0.0000	0.0000	0.0000	0.0000	0.0000	0.0000	0.0000	0.0000	0.0000	0.0000	0.0000	0.0000	0.0000	0.0000	0.0000	0.0000	0.0000	0.0000	4.0000	0.0000	0.0000	0.0000	0.0000	0.0000	0.0000	0.0000	0.0000	0.0000	0.0000	0.0000	0.0000	0.0000	0.0000	0.0000	0.0000	0.0000	0.0000	0.0000	0.0000	0.0000	0.0000	0.0000	0.0000	0.0000	0.0000	0.0000	0.0000	0.0000	0.0000	0.0000	0.0000	0.0000	0.0000	0.0000	0.0000	0.0000	0.0000	0.0000	0.0000	0.0000	0.0000	0.0000	0.0000	0.0000	0.0000	0.0000	0.0000	0.0000	0.0000	0.0000	0.0000	0.0000	0.0000											
14	49	0.6933	12	1	0	2	0	0	0	0	0	N	N	Y	N	N	N	N	N	N	N	N	N	0.0000	0.0000	0.0000	0.0000	0.0000	0.0000	0.0000	0.0000	0.0000	0.0000	0.0000	0.0000	0.0000	0.0000	0.0000	0.0000	0.0000	0.0000	0.0000	0.0000	0.0000	0.0000	0.0000	0.0000	0.0000	0.0000	0.0000	0.0000	0.0000	0.0000	0.0000	0.0000	0.0000	0.0000	0.0000	0.0000	0.0000	0.0000	0.0000	0.0000	0.0000	0.0000	0.0000	0.0000	0.0000	0.0000	0.0000	0.0000	0.0000	0.0000	0.0000	0.0000	0.0000	0.0000	0.0000	0.0000	0.0000	0.0000	0.0000	0.0000	0.0000	0.0000	0.0000	0.0000	0.0000	0.0000	0.0000	0.0000	0.0000	0.0000	0.0000	0.0000	0.0000	0.0000	0.0000	0.0000	0.0000	0.0000											
14	50	0.1247	7	1	0	2	0	0	0	0	0	N	N	Y	N	N	N	N	N	N	N	N	N	0.0000	0.0000	0.0000	0.0000	0.0000	0.0000	0.0000	0.0000	0.0000	0.0000	0.0000	0.0000	0.0000	0.0000	0.0000	0.0000	0.0000	0.0000	0.0000	0.0000	0.0000	1.0000	0.0000	1.0000	0.0000	0.0000	0.0000	0.0000	0.0000	0.0000	0.0000	0.0000	0.0000	0.0000	0.0000	0.0000	0.0000	0.0000	0.0000	0.0000	0.0000	0.0000	0.0000	0.0000	0.0000	0.0000	0.0000	0.0000	0.0000	0.0000	0.0000	0.0000	0.0000	0.0000	0.0000	0.0000	0.0000	0.0000	0.0000	0.0000	0.0000	0.0000	0.0000	0.0000	0.0000	0.0000	0.0000	0.0000	0.0000	0.0000	0.0000	0.0000	0.0000	0.0000	0.0000	0.0000	0.0000	0.0000											
14	51	0.1292	7	1	1	1	0	0	0	0	0	N	N	N	N	N	N	N	N	N	N	N	N	0.0000	0.0000	0.0000	0.0000	0.0000	0.0000	0.0000	0.0000	0.0000	0.0000	0.0000	0.0000	0.0000	0.0000	0.0000	0.0000	0.0000	0.0000	0.0000	0.0000	0.0000	0.0003	0.0000	0.9690	0.0000	0.0000	0.0000	0.0000	0.0000	0.0000	0.0000	0.0000	0.0000	0.0000	0.0000	0.0000	0.0000	0.0000	0.0000	0.0000	0.0000	0.0000	0.0000	0.0000	0.0000	0.0000	0.0000	0.0000	0.0000	0.0000	0.0000	0.0000	0.0000	0.0000	0.0000	0.0000	0.0000	0.0000	0.0000	0.0000	0.0000	0.0000	0.0000	0.0000	0.0000	0.0000	0.0000	0.0000	0.0000	0.0000	0.0000	0.0000	0.0000	0.0000	0.0000	0.0000	0.0000	0.0000											
14	52	0.6966	12	1	1	1	0	0	0	0	0	N	N	N	N	N	N	N	N	N	N	N	N	0.0000	0.0000	0.0000	0.0000	0.0000	0.0000	0.0000	0.0000	0.0000	0.0000	0.0000	0.0000	0.0000	0.0000	0.0000	0.0000	0.0000	0.0000	0.0000	0.0000	0.0000	0.9211	0.0000	0.1671	0.0000	0.0000	0.0000	0.0000	0.0000	0.0000	0.0000	0.0000	0.0000	0.0000	0.0000	0.0000	0.0000	0.0000	0.0000	0.0000	0.0000	0.0000	0.0000	0.0000	0.0000	0.0000	0.0000	0.0000	0.0000	0.0000	0.0000	0.0000	0.0000	0.0000	0.0000	0.0000	0.0000	0.0000	0.0000	0.0000	0.0000	0.0000	0.0000	0.0000	0.0000	0.0000	0.0000	0.0000	0.0000	0.0000	0.0000	0.0000	0.0000	0.0000	0.0000	0.0000	0.0000	0.0000											
14	53	0.1157	8	1	1	1	0	0	0	0	0	N	N	N	N	N	N	N	N	N	N	N	N	0.0000	0.0000	0.0000	0.0000	0.0000	0.0000	0.0000	0.0000	0.0000	0.0000	0.0000	0.0000	0.0000	0.0000	0.0000	0.0000	0.0000	0.0000	0.0000	0.0000	0.0000	1.0000	0.0000	5.0000	0.0000	0.0000	0.0000	0.0000	0.0000	0.0000	0.0000	0.0000	0.0000	0.0000	0.0000	0.0000	0.0000	0.0000	0.0000	0.0000	0.0000	0.0000	0.0000	0.0000	0.0000	0.0000	0.0000	0.0000	0.0000	0.0000	0.0000	0.0000	0.0000	0.0000	0.0000	0.0000	0.0000	0.0000	0.0000	0.0000	0.0000	0.0000	0.0000	0.0000	0.0000	0.0000	0.0000	0.0000	0.0000	0.0000	0.0000	0.0000	0.0000	0.0000	0.0000	0.0000	0.0000	0.0000											
14	54	0.1004	7	1	0	1	0	0	0	0	0	N	N	N	N	N	N	N	N	N	N	N	N	0.0000	0.0000	0.0000	0.0000	0.0000	0.0000	0.0000	0.0000	0.0000	0.0000	0.0000	0.0000	0.0000	0.0000	0.0000	0.0000	0.0000	0.0000	0.0000	0.0000	0.0000	0.0000	0.0000	2.9157	0.0000	0.0000	0.0000	0.0000	0.0000	0.0000	0.0000	0.0000	0.0000	0.0000	0.0000	0.0000	0.0000	0.0000	0.0000	0.0000	0.0000	0.0000	0.0000	0.0000	0.0000	0.0000	0.0000	0.0000	0.0000	0.0000	0.0000	0.0000	0.0000	0.0000	0.0000	0.0000	0.0000	0.0000	0.0000	0.0000	0.0000	0.0000	0.0000	0.0000	0.0000	0.0000	0.0000	0.0000	0.0000	0.0000	0.0000	0.0000	0.0000	0.0000	0.0000	0.0000	0.0000	0.0000											
14	55	0.6726	11	1	1	1	0	0	0	0	0	N	N	N	N	N	N	N	N	N	N	N	N	0.0000	0.0000	0.0000	0.0000	0.0000	0.0000	0.0000	0.0000	0.0000	0.0000	0.0000	0.0000	0.0000	0.0000	0.0000	0.0000	0.0000	0.0000	0.0000	0.0000	0.0000	2.0000	0.0000	3.0000	0.0000	0.0000	0.0000	0.0000	0.0000	0.0000	0.0000	0.0000	0.0000	0.0000	0.0000	0.0000	0.0000	0.0000	0.0000	0.0000	0.0000	0.0000	0.0000	0.0000	0.0000	0.0000	0.0000	0.0000	0.0000	0.0000	0.0000	0.0000	0.0000	0.0000	0.0000	0.0000	0.0000	0.0000	0.0000	0.0000	0.0000	0.0000	0.0000	0.0000	0.0000	0.0000	0.0000	0.0000	0.0000	0.0000	0.0000	0.0000	0.0000	0.0000	0.0000	0.0000	0.0000	0.0000											
14	56	0.0926	6	1	1	1	1	0	0	0	0	N	N	N	N	N	N	N	N	N	N	N	N	0.0000	0.0000	0.0000	0.0000	0.0000	0.0000	0.0000	0.0000	0.0000	0.0000	0.0000	0.0000	0.0000	0.0000	0.0000	0.0000	0.0000	0.0000	0.0000	0.0000	0.0000	1.7218	0.0000	6.9557	0.0000	0.0000	0.0000	0.0000	0.0000	0.0000	0.0000	0.0000	0.0000	0.0000	0.0000	0.0000	0.0000	0.0000	0.0000	0.0000	0.0000	0.0000	0.0000	0.0000	0.0000	0.0000	0.0000	0.0000	0.0000	0.0000	0.0000	0.0000	0.0000	0.0000	0.0000	0.0000	0.0000	0.0000	0.0000	0.0000	0.0000	0.0000	0.0000	0.0000	0.0000	0.0000	0.0000	0.0000	0.0000	0.0000	0.0000	0.0000	0.0000	0.0000	0.0000	0.0000	0.0000	0.0000											
14	57	0.0212	4	2	0	2	0	0	0	0	0	Y	N	Y	N	N	N	N	N	N	N	N	N	0.0000	0.0000	0.0000	0.0000	0.0000	0.0000	0.0000	0.0000	0.0000	0.0000	0.0000	0.0000	0.0000	0.0000	0.0000	0.0000	0.0000	0.0000	0.0000	0.0000	0.0000	8.9999	0.0000	5.0001	0.0000	0.0000	0.0000	0.0000	0.0000	0.0000	0.0000	0.0000	0.0000	0.0000	0.0000	0.0000	0.0000	0.0000	0.0000	0.0000	0.0000	0.0000	0.0000	0.0000	0.0000	0.0000	0.0000	0.0000	0.0000	0.0000	0.0000	0.0000	0.0000	0.0000	0.0000	0.0000	0.0000	0.0000	0.0000	0.0000	0.0000	0.0000	0.0000	0.0000	0.0000	0.0000	0.0000	0.0000	0.0000	0.0000	0.0000	0.0000	0.0000	0.0000	0.0000	0.0000	0.0000	0.0000											
14	58	0.6186	8	2	0	2	0	0	0	0	0	Y	N	Y	N	N	N	N	N	N	N	N	N	0.0000	0.0000	0.0000	0.0000	0.0000	0.0000	0.0000	0.0000	0.0000	0.0000	0.0000	0.0000	0.0000	0.0000	0.0000	0.0000	0.0000	0.0000	0.0000	0.0000	0.0000	0.0000	0.0000	1.0000	0.0000	0.0000	0.0000	0.0000	0.0000	0.0000	0.0000	0.0000	0.0000	0.0000	0.0000	0.0000	0.0000	0.0000	0.0000	0.0000	0.0000	0.0000	0.0000	0.0000	0.0000	0.0000	0.0000	0.0000	0.0000	0.0000	0.0000	0.0000	0.0000	0.0000	0.0000	0.0000	0.0000	0.0000	0.0000	0.0000	0.0000	0.0000	0.0000	0.0000	0.0000	0.0000	0.0000	0.0000	0.0000	0.0000	0.0000	0.0000	0.0000	0.0000	0.0000	0.0000	0.0000	0.0000											
14	59	0.1292	7	1	0	2	0	0	0	0	0	N	N	Y	N	N	N	N	N	N	N	N	N	0.0000	0.0000	0.0000	0.0000	0.0000	0.0000	0.0000	0.0000	0.0000	0.0000	0.0000	0.0000	0.0000	0.0000	0.0000	0.0000	0.0000	0.0000	0.0000	0.0000	0.0000	0.0006	0.0000	1.1867	0.0000	0.0000	0.0000	0.0000	0.0000	0.0000	0.0000	0.0000	0.0000	0.0000	0.0000	0.0000	0.0000	0.0000	0.0000	0.0000	0.0000	0.0000	0.0000	0.0000	0.0000	0.0000	0.0000	0.0000	0.0000	0.0000	0.0000	0.0000	0.0000	0.0000	0.0000	0.0000	0.0000	0.0000	0.0000	0.0000	0.0000	0.0000	0.0000	0.0000	0.0000	0.0000	0.0000	0.0000	0.0000	0.0000	0.0000	0.0000	0.0000	0.0000	0.0000	0.0000	0.0000	0.0000											
14	60	0.0926	6	1	0	1	0	0	0	0	0	N	N	N	N	N	N	N	N	N	N	N	N	0.0000	0.0000	0.0000	0.0000	0.0000	0.0000	0.0000	0.0000	0.0000	0.0000	0.0000	0.0000	0.0000	0.0000	0.0000	0.0000	0.0000	0.0000	0.0000	0.0000	0.0000	2.2785	0.0000	4.8627	0.0000	0.0000	0.0000	0.0000	0.0000	0.0000	0.0000	0.0000	0.0000	0.0000	0.0000	0.0000	0.0000	0.0000	0.0000	0.0000	0.0000	0.0000	0.0000	0.0000	0.0000	0.0000	0.0000	0.0000	0.0000	0.0000	0.0000	0.0000	0.0000	0.0000	0.0000	0.0000	0.0000	0.0000	0.0000	0.0000	0.0000	0.0000	0.0000	0.0000	0.0000	0.0000	0.0000	0.0000	0.0000	0.0000	0.0000	0.0000	0.0000	0.0000	0.0000	0.0000	0.0000	0.0000											
14	61	0.6966	12	1	0	2	0	0	0	0	0	N	N	Y	N	N	N	N	N	N	N	N	N	0.0000	0.0000	0.0000	0.0000	0.0000	0.0000	0.0000	0.0000	0.0000	0.0000	0.0000	0.0000	0.0000	0.0000	0.0000	0.0000	0.0000	0.0000	0.0000	0.0000	0.0000	1.0901	0.0000	7.9319	0.0000	0.0000	0.0000	0.0000	0.0000	0.0000	0.0000	0.0000	0.0000	0.0000	0.0000	0.0000	0.0000	0.0000	0.0000	0.0000	0.0000	0.0000	0.0000	0.0000	0.0000	0.0000	0.0000	0.0000	0.0000	0.0000	0.0000	0.0000	0.0000	0.0000	0.0000	0.0000	0.0000	0.0000	0.0000	0.0000	0.0000	0.0000	0.0000	0.0000	0.0000	0.0000	0.0000	0.0000	0.0000	0.0000	0.0000	0.0000	0.0000	0.0000	0.0000	0.0000	0.0000	0.0000											
14	62	0.6665	11	1	0	1	0	0	0	0	0	N	N	N	N	N	N	N	N	N	N	N	N	0.0000	0.0000	0.0000	0.0000	0.0000	0.0000	0.0000	0.0000	0.0000	0.0000	0.0000	0.0000	0.0000	0.0000	0.0000	0.0000	0.0000	0.0000	0.0000	0.0000	0.0000	1.6797	0.0000	2.9843	0.0000	0.0000	0.0000	0.0000	0.0000	0.0000	0.0000	0.0000	0.0000	0.0000	0.0000	0.0000	0.0000	0.0000	0.0000	0.0000	0.0000	0.0000	0.0000	0.0000	0.0000	0.0000	0.0000	0.0000	0.0000	0.0000	0.0000	0.0000	0.0000	0.0000	0.0000	0.0000	0.0000	0.0000	0.0000	0.0000	0.0000	0.0000	0.0000	0.0000	0.0000	0.0000	0.0000	0.0000	0.0000	0.0000	0.0000	0.0000	0.0000	0.0000	0.0000	0.0000	0.0000	0.0000											
14	63	0.6564	10	1	0	1	0	0	0	0	0	N	N	N	N	N	N	N	N	N	N	N	N	0.0000	0.0000	0.0000	0.0000	0.0000	0.0000	0.0000	0.0000	0.0000	0.0000	0.0000	0.0000	0.0000	0.0000	0.0000	0.0000	0.0000	0.0000	0.0000	0.0000	0.0000	0.4935	0.0000	1.5835	0.0000	0.0000	0.0000	0.0000	0.0000	0.0000	0.0000	0.0000	0.0000	0.0000	0.0000	0.0000	0.0000	0.0000	0.0000	0.0000	0.0000	0.0000	0.0000	0.0000	0.0000	0.0000	0.0000	0.0000	0.0000	0.0000	0.0000	0.0000	0.0000	0.0000	0.0000	0.0000	0.0000	0.0000	0.0000	0.0000	0.0000	0.0000	0.0000	0.0000	0.0000	0.0000	0.0000	0.0000	0.0000	0.0000	0.0000	0.0000	0.0000	0.0000	0.0000	0.0000	0.0000	0.0000											
14	64	0.6933	12	1	1	1	0	0	0	0	0	N	N	N	N	N	N	N	N	N	N	N	N	0.0000	0.0000	0.0000	0.0000	0.0000	0.0000	0.0000	0.0000	0.0000	0.0000	0.0000	0.0000	0.0000	0.0000	0.0000	0.0000	0.0000	0.0000	0.0000	0.0000	0.0000	0.2944	0.0000	1.0083	0.0000	0.0000	0.0000	0.0000	0.0000	0.0000	0.0000	0.0000	0.0000	0.0000	0.0000	0.0000	0.0000	0.0000	0.0000	0.0000	0.0000	0.0000	0.0000	0.0000	0.0000	0.0000	0.0000	0.0000	0.0000	0.0000	0.0000	0.0000	0.0000	0.0000	0.0000	0.0000	0.0000	0.0000	0.0000	0.0000	0.0000	0.0000	0.0000	0.0000	0.0000	0.0000	0.0000	0.0000	0.0000	0.0000	0.0000	0.0000	0.0000	0.0000	0.0000	0.0000	0.0000	0.0000											
14	65	0.6726	11	1	0	1	0	0	0	0	0	N	N	N	N	N	N	N	N	N	N	N	N	0.0000	0.0000	0.0000	0.0000	0.0000	0.0000	0.0000	0.0000	0.0000	0.0000	0.0000	0.0000	0.0000	0.0000	0.0000	0.0000	0.0000	0.0000	0.0000	0.0000	0.0000	1.1351	0.0000	2.0429	0.0000	0.0000	0.0000	0.0000	0.0000	0.0000	0.0000	0.0000	0.0000	0.0000	0.0000	0.0000	0.0000	0.0000	0.0000	0.0000	0.0000	0.0000	0.0000	0.0000	0.0000	0.0000	0.0000	0.0000	0.0000	0.0000	0.0000	0.0000	0.0000	0.0000	0.0000	0.0000	0.0000	0.0000	0.0000	0.0000	0.0000	0.0000	0.0000	0.0000	0.0000	0.0000	0.0000	0.0000	0.0000	0.0000	0.0000	0.0000	0.0000	0.0000	0.0000	0.0000	0.0000	0.0000											
14	66	0.6564	10	1	0	1	0	0	0	0	0	N	N	N	N	N	N	N	N	N	N	N	N	0.0000	0.0000	0.0000	0.0000	0.0000	0.0000	0.0000	0.0000	0.0000	0.0000	0.0000	0.0000	0.0000	0.0000	0.0000	0.0000	0.0000	0.0000	0.0000	0.0000	0.0000	0.4912	0.0000	2.4266	0.0000	0.0000	0.0000	0.0000	0.0000	0.0000	0.0000	0.0000	0.0000	0.0000	0.0000	0.0000	0.0000	0.0000	0.0000	0.0000	0.0000	0.0000	0.0000	0.0000	0.0000	0.0000	0.0000	0.0000	0.0000	0.0000	0.0000	0.0000	0.0000	0.0000	0.0000	0.0000	0.0000	0.0000	0.0000	0.0000	0.0000	0.0000	0.0000	0.0000	0.0000	0.0000	0.0000	0.0000	0.0000	0.0000	0.0000	0.0000	0.0000	0.0000	0.0000	0.0000	0.0000	0.0000											
14	67	0.6512	9	1	0	1	0	0	0	0	0	N	N	N	N	N	N	N	N	N	N	N	N	0.0000	0.0000	0.0000	0.0000	0.0000	0.0000	0.0000	0.0000	0.0000	0.0000	0.0000	0.0000	0.0000	0.0000	0.0000	0.0000	0.0000	0.0000	0.0000	0.0000	0.0000	0.6141	0.0000	1.2701	0.0000	0.0000	0.0000	0.0000	0.0000	0.0000	0.0000	0.0000	0.0000	0.0000	0.0000	0.0000	0.0000	0.0000	0.0000	0.0000	0.0000	0.0000	0.0000	0.0000	0.0000	0.0000	0.0000	0.0000	0.0000	0.0000	0.0000	0.0000	0.0000	0.0000	0.0000	0.0000	0.0000	0.0000	0.0000	0.0000	0.0000	0.0000	0.0000	0.0000	0.0000	0.0000	0.0000	0.0000	0.0000	0.0000	0.0000	0.0000	0.0000	0.0000	0.0000	0.0000	0.0000	0.0000											
14	68	0.6186	8	2	1	2	0	0	0	0	0	Y	N	Y	N	N	N	N	N	N	N	N	N	0.0000	0.0000	0.0000	0.0000	0.0000	0.0000	0.0000	0.0000	0.0000	0.0000	0.0000	0.0000	0.0000	0.0000	0.0000	0.0000	0.0000	0.0000	0.0000	0.0000	0.0000	0.0000	0.0000	0.0000	0.0000	0.0000	0.0000	0.0000	0.0000	0.0000	0.0000	0.0000	0.0000	0.0000	0.0000	0.0000	0.0000	0.0000	0.0000	0.0000	0.0000	0.0000	0.0000	0.0000	0.0000	0.0000	0.0000	0.0000	0.0000	0.0000	0.0000	0.0000	0.0000	0.0000	0.0000	0.0000	0.0000	0.0000	0.0000	0.0000	0.0000	0.0000	0.0000	0.0000	0.0000	0.0000	0.0000	0.0000	0.0000	0.0000	0.0000	0.0000	0.0000	0.0000	0.0000	0.0000	0.0000	0.0000											
14	69	0.0665	6	2	1	2	0	0	0	0	0	Y	N	Y	N	N	N	N	N	N	N	N	N	0.0000	0.0000	0.0000	0.0000	0.0000	0.0000	0.0000	0.0000	0.0000	0.0000	0.0000	0.0000	0.0000	0.0000	0.0000	0.0000	0.0000	0.0000	0.0000	0.0000	0.0000	1.0000	0.0000	0.0000	0.0000	0.0000	0.0000	0.0000	0.0000	0.0000	0.0000	0.0000	0.0000	0.0000	0.0000	0.0000	0.0000	0.0000	0.0000	0.0000	0.0000	0.0000	0.0000	0.0000	0.0000	0.0000	0.0000	0.0000	0.0000	0.0000	0.0000	0.0000	0.0000	0.0000	0.0000	0.0000	0.0000	0.0000	0.0000	0.0000	0.0000	0.0000	0.0000	0.0000	0.0000	0.0000	0.0000	0.0000	0.0000	0.0000	0.0000	0.0000	0.0000	0.0000	0.0000	0.0000	0.0000	0.0000											
14	70	0.0665	6	2	1	2	0	0	0	0	0	Y	N	Y	N	N	N	N	N	N	N	N	N	0.0000	0.0000	0.0000	0.0000	0.0000	0.0000	0.0000	0.0000	0.0000	0.0000	0.0000	0.0000	0.0000	0.0000	0.0000	0.0000	0.0000	0.0000	0.0000	0.0000	0.0000	0.0000	0.0000	0.0000	0.0000	0.0000	0.0000	0.0000	0.0000	0.0000	0.0000	0.0000	0.0000	0.0000	0.0000	0.0000	0.0000	0.0000	0.0000	0.0000	0.0000	0.0000	0.0000	0.0000	0.0000	0.0000	0.0000	0.0000	0.0000	0.0000	0.0000	0.0000	0.0000	0.0000	0.0000	0.0000	0.0000	0.0000	0.0000	0.0000	0.0000	0.0000	0.0000	0.0000	0.0000	0.0000	0.0000	0.0000	0.0000	0.0000	0.0000	0.0000	0.0000	0.0000	0.0000	0.0000	0.0000	0.0000											
14	71	0.0442	5	2	1	2	0	0	0	0	0	Y	N	Y	N	N	N	N	N	N	N	N	N	0.0000	0.0000	0.0000	0.0000	0.0000	0.0000	0.0000	0.0000	0.0000	0.0000	0.0000	0.0000	0.0000	0.0000	0.0000	0.0000	0.0000	0.0000	0.0000	0.0000	0.0000	2.0000	0.0000	1.0000	0.0000	0.0000	0.0000	0.0000	0.0000	0.0000	0.0000	0.0000	0.0000	0.0000	0.0000	0.0000	0.0000	0.0000	0.0000	0.0000	0.0000	0.0000	0.0000	0.0000	0.0000	0.0000	0.0000	0.0000	0.0000	0.0000	0.0000	0.0000	0.0000	0.0000	0.0000	0.0000	0.0000	0.0000	0.0000	0.0000	0.0000	0.0000	0.0000	0.0000	0.0000	0.0000	0.0000	0.0000	0.0000	0.0000	0.0000	0.0000	0.0000	0.0000	0.0000	0.0000	0.0000	0.0000											
14	72	0.0212	4	2	0	2	0	0	0	0	0	Y	N	Y	N	N	N	N	N	N	N	N	N	0.0000	0.0000	0.0000	0.0000	0.0000	0.0000	0.0000	0.0000	0.0000	0.0000	0.0000	0.0000	0.0000	0.0000	0.0000	0.0000	0.0000	0.0000	0.0000	0.0000	0.0000	1.0017	0.0000	2.0007	0.0000	0.0000	0.0000	0.0000	0.0000	0.0000	0.0000	0.0000	0.0000	0.0000	0.0000	0.0000	0.0000	0.0000	0.0000	0.0000	0.0000	0.0000	0.0000	0.0000	0.0000	0.0000	0.0000	0.0000	0.0000	0.0000	0.0000	0.0000	0.0000	0.0000	0.0000	0.0000	0.0000	0.0000	0.0000	0.0000	0.0000	0.0000	0.0000	0.0000	0.0000	0.0000	0.0000	0.0000	0.0000	0.0000	0.0000	0.0000	0.0000	0.0000	0.0000	0.0000	0.0000	0.0000											
14	73	0.6378	9	2	1	1	0	0	0	0	0	Y	N	N	N	N	N	N	N	N	N	N	N	0.0000	0.0000	0.0000	0.0000	0.0000	0.0000	0.0000	0.0000	0.0000	0.0000	0.0000	0.0000	0.0000	0.0000	0.0000	0.0000	0.0000	0.0000	0.0000	0.0000	0.0000	0.0000	0.0000	0.0000	0.0000	0.0000	0.0000	0.0000	0.0000	0.0000	0.0000	0.0000	0.0000	0.0000	0.0000	0.0000	0.0000	0.0000	0.0000	0.0000	0.0000	0.0000	0.0000	0.0000	0.0000	0.0000	0.0000	0.0000	0.0000	0.0000	0.0000	0.0000	0.0000	0.0000	0.0000	0.0000	0.0000	0.0000	0.0000	0.0000	0.0000	0.0000	0.0000	0.0000	0.0000	0.0000	0.0000	0.0000	0.0000	0.0000	0.0000	0.0000	0.0000	0.0000	0.0000	0.0000	0.0000	0.0000											
14	74	0.1307	7	2	1	1	0	0	0	0	0	Y	N	N	N	N	N	N	N	N	N	N	N	0.0000	0.0000	0.0000	0.0000	0.0000	0.0000	0.0000	0.0000	0.0000	0.0000	0.0000	0.0000	0.0000	0.0000	0.0000	0.0000	0.0000	0.0000	0.0000	0.0000	0.0000	0.0000	0.0000	0.0010	0.0000	0.0000	0.0000	0.0000	0.0000	0.0000	0.0000	0.0000	0.0000	0.0000	0.0000	0.0000	0.0000	0.0000	0.0000	0.0000	0.0000	0.0000	0.0000	0.0000	0.0000	0.0000	0.0000	0.0000	0.0000	0.0000	0.0000	0.0000	0.0000	0.0000	0.0000	0.0000	0.0000	0.0000	0.0000	0.0000	0.0000	0.0000	0.0000	0.0000	0.0000	0.0000	0.0000	0.0000	0.0000	0.0000	0.0000	0.0000	0.0000	0.0000	0.0000	0.0000	0.0000	0.0000											
14	75	0.1198	9	1	1	1	1	0	0	0	0	N	N	N	N	N	N	N	N	N	N	N	N	0.0000	0.0000	0.0000	0.0000	0.0000	0.0000	0.0000	0.0000	0.0000	0.0000	0.0000	0.0000	0.0000	0.0000	0.0000	0.0000	0.0000	0.0000	0.0000	0.0000	0.0000	0.0000	0.0000	0.0000	0.0000	0.0000	0.0000	0.0000	0.0000	0.0000	0.0000	0.0000	0.0000	0.0000	0.0000	0.0000	0.0000	0.0000	0.0000	0.0000	0.0000	0.0000	0.0000	0.0000	0.0000	0.0000	0.0000	0.0000	0.0000	0.0000	0.0000	0.0000	0.0000	0.0000	0.0000	0.0000	0.0000	0.0000	0.0000	0.0000	0.0000	0.0000	0.0000	0.0000	0.0000	0.0000	0.0000	0.0000	0.0000	0.0000	0.0000	0.0000	0.0000	0.0000	0.0000	0.0000	0.0000	0.0000											
14	76	0.1198	9	1	0	1	1	0	0	0	0	N	N	N	N	N	N	N	N	N	N	N	N	0.0000	0.0000	0.0000	0.0000	0.0000	0.0000	0.0000	0.0000	0.0000	0.0000	0.0000	0.0000	0.0000	0.0000	0.0000	0.0000	0.0000	0.0000	0.0000	0.0000	0.0000	0.0000	0.0000	0.0000	0.0000	0.0000	0.0000	0.0000	0.0000	0.0000	0.0000	0.0000	0.0000	0.0000	0.0000	0.0000	0.0000	0.0000	0.0000	0.0000	0.0000	0.0000	0.0000	0.0000	0.0000	0.0000	0.0000	0.0000	0.0000	0.0000	0.0000	0.0000	0.0000	0.0000	0.0000	0.0000	0.0000	0.0000	0.0000	0.0000	0.0000	0.0000	0.0000	0.0000	0.0000	0.0000	0.0000	0.0000	0.0000	0.0000	0.0000	0.0000	0.0000	0.0000	0.0000	0.0000	0.0000	0.0000											
14	77	0.1045	8	1	0	1	1	0	0	0	0	N	N	N	N	N	N	N	N	N	N	N	N	0.0000	0.0000	0.0000	0.0000	0.0000	0.0000	0.0000	0.0000	0.0000	0.0000	0.0000	0.0000	0.0000	0.0000	0.0000	0.0000	0.0000	0.0000	0.0000	0.0000	0.0000	0.0002	0.0000	2.9297	0.0000	0.0000	0.0000	0.0000	0.0000	0.0000	0.0000	0.0000	0.0000	0.0000	0.0000	0.0000	0.0000	0.0000	0.0000	0.0000	0.0000	0.0000	0.0000	0.0000	0.0000	0.0000	0.0000	0.0000	0.0000	0.0000	0.0000	0.0000	0.0000	0.0000	0.0000	0.0000	0.0000	0.0000	0.0000	0.0000	0.0000	0.0000	0.0000	0.0000	0.0000	0.0000	0.0000	0.0000	0.0000	0.0000	0.0000	0.0000	0.0000	0.0000	0.0000	0.0000	0.0000	0.0000											
14	78	0.1004	7	1	0	1	1	0	0	0	0	N	N	N	N	N	N	N	N	N	N	N	N	0.0000	0.0000	0.0000	0.0000	0.0000	0.0000	0.0000	0.0000	0.0000	0.0000	0.0000	0.0000	0.0000	0.0000	0.0000	0.0000	0.0000	0.0000	0.0000	0.0000	0.0000	0.0003	0.0000	2.1916	0.0000	0.0000	0.0000	0.0000	0.0000	0.0000	0.0000	0.0000	0.0000	0.0000	0.0000	0.0000	0.0000	0.0000	0.0000	0.0000	0.0000	0.0000	0.0000	0.0000	0.0000	0.0000	0.0000	0.0000	0.0000	0.0000	0.0000	0.0000	0.0000	0.0000	0.0000	0.0000	0.0000	0.0000	0.0000	0.0000	0.0000	0.0000	0.0000	0.0000	0.0000	0.0000	0.0000	0.0000	0.0000	0.0000	0.0000	0.0000	0.0000	0.0000	0.0000	0.0000	0.0000	0.0000											
14	79	0.0926	6	1	0	1	0	0	0	0	0	N	N	N	N	N	N	N	N	N	N	N	N	0.0000	0.0000	0.0000	0.0000	0.0000	0.0000	0.0000	0.0000	0.0000	0.0000	0.0000	0.0000	0.0000	0.0000	0.0000	0.0000	0.0000	0.0000	0.0000	0.0000	0.0000	0.2782	0.0000	1.3600	0.0000	0.0000	0.0000	0.0000	0.0000	0.0000	0.0000	0.0000	0.0000	0.0000	0.0000	0.0000	0.0000	0.0000	0.0000	0.0000	0.0000	0.0000	0.0000	0.0000	0.0000	0.0000	0.0000	0.0000	0.0000	0.0000	0.0000	0.0000	0.0000	0.0000	0.0000	0.0000	0.0000	0.0000	0.0000	0.0000	0.0000	0.0000	0.0000	0.0000	0.0000	0.0000	0.0000	0.0000	0.0000	0.0000	0.0000	0.0000	0.0000	0.0000	0.0000	0.0000	0.0000	0.0000											
14	80	0.0538	6	1	1	2	0	0	0	0	0	N	N	Y	N	N	N	N	N	N	N	N	N	0.0000	0.0000	0.0000	0.0000	0.0000	0.0000	0.0000	0.0000	0.0000	0.0000	0.0000	0.0000	0.0000	0.0000	0.0000	0.0000	0.0000	0.0000	0.0000	0.0000	0.0000	0.0029	0.0000	2.0135	0.0000	0.0000	0.0000	0.0000	0.0000	0.0000	0.0000	0.0000	0.0000	0.0000	0.0000	0.0000	0.0000	0.0000	0.0000	0.0000	0.0000	0.0000	0.0000	0.0000	0.0000	0.0000	0.0000	0.0000	0.0000	0.0000	0.0000	0.0000	0.0000	0.0000	0.0000	0.0000	0.0000	0.0000	0.0000	0.0000	0.0000	0.0000	0.0000	0.0000	0.0000	0.0000	0.0000	0.0000	0.0000	0.0000	0.0000	0.0000	0.0000	0.0000	0.0000	0.0000	0.0000	0.0000											
14	81	0.0472	5	1	1	1	0	0	0	0	0	N	N	N	N	N	N	N	N	N	N	N	N	0.0000	0.0000	0.0000	0.0000	0.0000	0.0000	0.0000	0.0000	0.0000	0.0000	0.0000	0.0000	0.0000	0.0000	0.0000	0.0000	0.0000	0.0000	0.0000	0.0000	0.0000	0.6188	0.0000	0.9475	0.0000	0.0000	0.0000	0.0000	0.0000	0.0000	0.0000	0.0000	0.0000	0.0000	0.0000	0.0000	0.0000	0.0000	0.0000	0.0000	0.0000	0.0000	0.0000	0.0000	0.0000	0.0000	0.0000	0.0000	0.0000	0.0000	0.0000	0.0000	0.0000	0.0000	0.0000	0.0000	0.0000	0.0000	0.0000	0.0000	0.0000	0.0000	0.0000	0.0000	0.0000	0.0000	0.0000	0.0000	0.0000	0.0000	0.0000	0.0000	0.0000	0.0000	0.0000	0.0000	0.0000	0.0000											
14	82	0.6410	9	1	1	2	0	0	0	0	0	N	N	Y	N	N	N	N	N	N	N	N	N	0.0000	0.0000	0.0000	0.0000	0.0000	0.0000	0.0000	0.0000	0.0000	0.0000	0.0000	0.0000	0.0000	0.0000	0.0000	0.0000	0.0000	0.0000	0.0000	0.0000	0.0000	0.0000	0.0000	1.0000	0.0000	0.0000	0.0000	0.0000	0.0000	0.0000	0.0000	0.0000	0.0000	0.0000	0.0000	0.0000	0.0000	0.0000	0.0000	0.0000	0.0000	0.0000	0.0000	0.0000	0.0000	0.0000	0.0000	0.0000	0.0000	0.0000	0.0000	0.0000	0.0000	0.0000	0.0000	0.0000	0.0000	0.0000	0.0000	0.0000	0.0000	0.0000	0.0000	0.0000	0.0000	0.0000	0.0000	0.0000	0.0000	0.0000	0.0000	0.0000	0.0000	0.0000	0.0000	0.0000	0.0000	0.0000											
14	83	0.0212	4	2	0	2	0	0	0	0	0	Y	N	Y	N	N	N	N	N	N	N	N	N	0.0000	0.0000	0.0000	0.0000	0.0000	0.0000	0.0000	0.0000	0.0000	0.0000	0.0000	0.0000	0.0000	0.0000	0.0000	0.0000	0.0000	0.0000	0.0000	0.0000	0.0000	9.0001	0.0000	3.0001	0.0000	0.0000	0.0000	0.0000	0.0000	0.0000	0.0000	0.0000	0.0000	0.0000	0.0000	0.0000	0.0000	0.0000	0.0000	0.0000	0.0000	0.0000	0.0000	0.0000	0.0000	0.0000	0.0000	0.0000	0.0000	0.0000	0.0000	0.0000	0.0000	0.0000	0.0000	0.0000	0.0000	0.0000	0.0000	0.0000	0.0000	0.0000	0.0000	0.0000	0.0000	0.0000	0.0000	0.0000	0.0000	0.0000	0.0000	0.0000	0.0000	0.0000	0.0000	0.0000	0.0000	0.0000											
14	84	0.6186	8	2	0	2	0	0	0	0	0	Y	N	Y	N	N	N	N	N	N	N	N	N	0.0000	0.0000	0.0000	0.0000	0.0000	0.0000	0.0000	0.0000	0.0000	0.0000	0.0000	0.0000	0.0000	0.0000	0.0000	0.0000	0.0000	0.0000	0.0000	0.0000	0.0000	4.0000	0.0000	0.0000	0.0000	0.0000	0.0000	0.0000	0.0000	0.0000	0.0000	0.0000	0.0000	0.0000	0.0000	0.0000	0.0000	0.0000	0.0000	0.0000	0.0000	0.0000	0.0000	0.0000	0.0000	0.0000	0.0000	0.0000	0.0000	0.0000	0.0000	0.0000	0.0000	0.0000	0.0000	0.0000	0.0000	0.0000	0.0000	0.0000	0.0000	0.0000	0.0000	0.0000	0.0000	0.0000	0.0000	0.0000	0.0000	0.0000	0.0000	0.0000	0.0000	0.0000	0.0000	0.0000	0.0000	0.0000											
14	85	0.6647	9	2	1	1	0	0	0	0	0	Y	N	N	N	N	N	N	N	N	N	N	N	0.0000	0.0000	0.0000	0.0000	0.0000	0.0000	0.0000	0.0000	0.0000	0.0000	0.0000	0.0000	0.0000	0.0000	0.0000	0.0000	0.0000	0.0000	0.0000	0.0000	0.0000	1.0086	0.0000	1.7435	0.0000	0.0000	0.0000	0.0000	0.0000	0.0000	0.0000	0.0000	0.0000	0.0000	0.0000	0.0000	0.0000	0.0000	0.0000	0.0000	0.0000	0.0000	0.0000	0.0000	0.0000	0.0000	0.0000	0.0000	0.0000	0.0000	0.0000	0.0000	0.0000	0.0000	0.0000	0.0000	0.0000	0.0000	0.0000	0.0000	0.0000	0.0000	0.0000	0.0000	0.0000	0.0000	0.0000	0.0000	0.0000	0.0000	0.0000	0.0000	0.0000	0.0000	0.0000	0.0000	0.0000	0.0000											
14	86	0.6186	8	2	1	1	0	0	0	0	0	Y	N	N	N	N	N	N	N	N	N	N	N	0.0000	0.0000	0.0000	0.0000	0.0000	0.0000	0.0000	0.0000	0.0000	0.0000	0.0000	0.0000	0.0000	0.0000	0.0000	0.0000	0.0000	0.0000	0.0000	0.0000	0.0000	1.0165	0.0000	4.1395	0.0000	0.0000	0.0000	0.0000	0.0000	0.0000	0.0000	0.0000	0.0000	0.0000	0.0000	0.0000	0.0000	0.0000	0.0000	0.0000	0.0000	0.0000	0.0000	0.0000	0.0000	0.0000	0.0000	0.0000	0.0000	0.0000	0.0000	0.0000	0.0000	0.0000	0.0000	0.0000	0.0000	0.0000	0.0000	0.0000	0.0000	0.0000	0.0000	0.0000	0.0000	0.0000	0.0000	0.0000	0.0000	0.0000	0.0000	0.0000	0.0000	0.0000	0.0000	0.0000	0.0000	0.0000											
14	87	0.0625	5	2	1	1	0	0	0	0	0	Y	N	N	N	N	N	N	N	N	N	N	N	0.0000	0.0000	0.0000	0.0000	0.0000	0.0000	0.0000	0.0000	0.0000	0.0000	0.0000	0.0000	0.0000	0.0000	0.0000	0.0000	0.0000	0.0000	0.0000	0.0000	0.0000	9.0005	0.0000	5.0000	0.0000	0.0000	0.0000	0.0000	0.0000	0.0000	0.0000	0.0000	0.0000	0.0000	0.0000	0.0000	0.0000	0.0000	0.0000	0.0000	0.0000	0.0000	0.0000	0.0000	0.0000	0.0000	0.0000	0.0000	0.0000	0.0000	0.0000	0.0000	0.0000	0.0000	0.0000	0.0000	0.0000	0.0000	0.0000	0.0000	0.0000	0.0000	0.0000	0.0000	0.0000	0.0000	0.0000	0.0000	0.0000	0.0000	0.0000	0.0000	0.0000	0.0000	0.0000	0.0000	0.0000	0.0000											
14	88	0.6410	9	1	1	1	0	0	0	0	0	N	N	N	N	N	N	N	N	N	N	N	N	0.0000	0.0000	0.0000	0.0000	0.0000	0.0000	0.0000	0.0000	0.0000	0.0000	0.0000	0.0000	0.0000	0.0000	0.0000	0.0000	0.0000	0.0000	0.0000	0.0000	0.0000	0.0000	0.0000	0.0000	0.0000	0.0000	0.0000	0.0000	0.0000	0.0000	0.0000	0.0000	0.0000	0.0000	0.0000	0.0000	0.0000	0.0000	0.0000	0.0000	0.0000	0.0000	0.0000	0.0000	0.0000	0.0000	0.0000	0.0000	0.0000	0.0000	0.0000	0.0000	0.0000	0.0000	0.0000	0.0000	0.0000	0.0000	0.0000	0.0000	0.0000	0.0000	0.0000	0.0000	0.0000	0.0000	0.0000	0.0000	0.0000	0.0000	0.0000	0.0000	0.0000	0.0000	0.0000	0.0000	0.0000	0.0000											
14	89	0.0472	5	1	1	1	0	0	0	0	0	N	N	N	N	N	N	N	N	N	N	N	N	0.0000	0.0000	0.0000	0.0000	0.0000	0.0000	0.0000	0.0000	0.0000	0.0000	0.0000	0.0000	0.0000	0.0000	0.0000	0.0000	0.0000	0.0000	0.0000	0.0000	0.0000	1.9953	0.0000	1.0817	0.0000	0.0000	0.0000	0.0000	0.0000	0.0000	0.0000	0.0000	0.0000	0.0000	0.0000	0.0000	0.0000	0.0000	0.0000	0.0000	0.0000	0.0000	0.0000	0.0000	0.0000	0.0000	0.0000	0.0000	0.0000	0.0000	0.0000	0.0000	0.0000	0.0000	0.0000	0.0000	0.0000	0.0000	0.0000	0.0000	0.0000	0.0000	0.0000	0.0000	0.0000	0.0000	0.0000	0.0000	0.0000	0.0000	0.0000	0.0000	0.0000	0.0000	0.0000	0.0000	0.0000	0.0000											
14	90	0.0212	4	1	1	1	0	0	0	0	0	N	N	N	N	N	N	N	N	N	N	N	N	0.0000	0.0000	0.0000	0.0000	0.0000	0.0000	0.0000	0.0000	0.0000	0.0000	0.0000	0.0000	0.0000	0.0000	0.0000	0.0000	0.0000	0.0000	0.0000	0.0000	0.0000	2.3999	0.0000	4.0713	0.0000	0.0000	0.0000	0.0000	0.0000	0.0000	0.0000	0.0000	0.0000	0.0000	0.0000	0.0000	0.0000	0.0000	0.0000	0.0000	0.0000	0.0000	0.0000	0.0000	0.0000	0.0000	0.0000	0.0000	0.0000	0.0000	0.0000	0.0000	0.0000	0.0000	0.0000	0.0000	0.0000	0.0000	0.0000	0.0000	0.0000	0.0000	0.0000	0.0000	0.0000	0.0000	0.0000	0.0000	0.0000	0.0000	0.0000	0.0000	0.0000	0.0000	0.0000	0.0000	0.0000	0.0000											
14	91	0.1247	7	1	0	2	0	0	0	0	0	N	N	Y	N	N	N	N	N	N	N	N	N	0.0000	0.0000	0.0000	0.0000	0.0000	0.0000	0.0000	0.0000	0.0000	0.0000	0.0000	0.0000	0.0000	0.0000	0.0000	0.0000	0.0000	0.0000	0.0000	0.0000	0.0000	0.0000	0.0000	0.0000	0.0000	0.0000	0.0000	0.0000	0.0000	0.0000	0.0000	0.0000	0.0000	0.0000	0.0000	0.0000	0.0000	0.0000	0.0000	0.0000	0.0000	0.0000	0.0000	0.0000	0.0000	0.0000	0.0000	0.0000	0.0000	0.0000	0.0000	0.0000	0.0000	0.0000	0.0000	0.0000	0.0000	0.0000	0.0000	0.0000	0.0000	0.0000	0.0000	0.0000	0.0000	0.0000	0.0000	0.0000	0.0000	0.0000	0.0000	0.0000	0.0000	0.0000	0.0000	0.0000	0.0000	0.0000											
14	92	0.0926	6	1	0	2	0	0	0	0	0	N	N	Y	N	N	N	N	N	N	N	N	N	0.0000	0.0000	0.0000	0.0000	0.0000	0.0000	0.0000	0.0000	0.0000	0.0000	0.0000	0.0000	0.0000	0.0000	0.0000	0.0000	0.0000	0.0000	0.0000	0.0000	0.0000	3.7221	0.0000	2.9993	0.0000	0.0000	0.0000	0.0000	0.0000	0.0000	0.0000	0.0000	0.0000	0.0000	0.0000	0.0000	0.0000	0.0000	0.0000	0.0000	0.0000	0.0000	0.0000	0.0000	0.0000	0.0000	0.0000	0.0000	0.0000	0.0000	0.0000	0.0000	0.0000	0.0000	0.0000	0.0000	0.0000	0.0000	0.0000	0.0000	0.0000	0.0000	0.0000	0.0000	0.0000	0.0000	0.0000	0.0000	0.0000	0.0000	0.0000	0.0000	0.0000	0.0000	0.0000	0.0000	0.0000	0.0000											
14	93	0.0625	5	1	0	1	0	0	0	0	0	N	N	N	N	N	N	N	N	N	N	N	N	0.0000	0.0000	0.0000	0.0000	0.0000	0.0000	0.0000	0.0000	0.0000	0.0000	0.0000	0.0000	0.0000	0.0000	0.0000	0.0000	0.0000	0.0000	0.0000	0.0000	0.0000	2.7217	0.0000	3.0458	0.0000	0.0000	0.0000	0.0000	0.0000	0.0000	0.0000	0.0000	0.0000	0.0000	0.0000	0.0000	0.0000	0.0000	0.0000	0.0000	0.0000	0.0000	0.0000	0.0000	0.0000	0.0000	0.0000	0.0000	0.0000	0.0000	0.0000	0.0000	0.0000	0.0000	0.0000	0.0000	0.0000	0.0000	0.0000	0.0000	0.0000	0.0000	0.0000	0.0000	0.0000	0.0000	0.0000	0.0000	0.0000	0.0000	0.0000	0.0000	0.0000	0.0000	0.0000	0.0000	0.0000	0.0000											
14	94	0.0050	3	2	1	1	0	0	0	0	0	Y	N	N	N	N	N	N	N	N	N	N	N	0.0000	0.0000	0.0000	0.0000	0.0000	0.0000	0.0000	0.0000	0.0000	0.0000	0.0000	0.0000	0.0000	0.0000	0.0000	0.0000	0.0000	0.0000	0.0000	0.0000	0.0000	5.9980	0.0000	4.9575	0.0000	0.0000	0.0000	0.0000	0.0000	0.0000	0.0000	0.0000	0.0000	0.0000	0.0000	0.0000	0.0000	0.0000	0.0000	0.0000	0.0000	0.0000	0.0000	0.0000	0.0000	0.0000	0.0000	0.0000	0.0000	0.0000	0.0000	0.0000	0.0000	0.0000	0.0000	0.0000	0.0000	0.0000	0.0000	0.0000	0.0000	0.0000	0.0000	0.0000	0.0000	0.0000	0.0000	0.0000	0.0000	0.0000	0.0000	0.0000	0.0000	0.0000	0.0000	0.0000	0.0000	0.0000											
14	95	0.6410	9	2	1	1	0	0	0	0	0	Y	N	N	N	N	N	N	N	N	N	N	N	0.0000	0.0000	0.0000	0.0000	0.0000	0.0000	0.0000	0.0000	0.0000	0.0000	0.0000	0.0000	0.0000	0.0000	0.0000	0.0000	0.0000	0.0000	0.0000	0.0000	0.0000	0.0000	0.0000	2.0000	0.0000	0.0000	0.0000	0.0000	0.0000	0.0000	0.0000	0.0000	0.0000	0.0000	0.0000	0.0000	0.0000	0.0000	0.0000	0.0000	0.0000	0.0000	0.0000	0.0000	0.0000	0.0000	0.0000	0.0000	0.0000	0.0000	0.0000	0.0000	0.0000	0.0000	0.0000	0.0000	0.0000	0.0000	0.0000	0.0000	0.0000	0.0000	0.0000	0.0000	0.0000	0.0000	0.0000	0.0000	0.0000	0.0000	0.0000	0.0000	0.0000	0.0000	0.0000	0.0000	0.0000	0.0000											
14	96	0.6186	8	1	1	1	0	0	0	0	0	N	N	N	N	N	N	N	N	N	N	N	N	0.0000	0.0000	0.0000	0.0000	0.0000	0.0000	0.0000	0.0000	0.0000	0.0000	0.0000	0.0000	0.0000	0.0000	0.0000	0.0000	0.0000	0.0000	0.0000	0.0000	0.0000	4.0000	0.0000	0.0000	0.0000	0.0000	0.0000	0.0000	0.0000	0.0000	0.0000	0.0000	0.0000	0.0000	0.0000	0.0000	0.0000	0.0000	0.0000	0.0000	0.0000	0.0000	0.0000	0.0000	0.0000	0.0000	0.0000	0.0000	0.0000	0.0000	0.0000	0.0000	0.0000	0.0000	0.0000	0.0000	0.0000	0.0000	0.0000	0.0000	0.0000	0.0000	0.0000	0.0000	0.0000	0.0000	0.0000	0.0000	0.0000	0.0000	0.0000	0.0000	0.0000	0.0000	0.0000	0.0000	0.0000	0.0000											
14	97	0.0625	5	1	0	1	0	0	0	0	0	N	N	N	N	N	N	N	N	N	N	N	N	0.0000	0.0000	0.0000	0.0000	0.0000	0.0000	0.0000	0.0000	0.0000	0.0000	0.0000	0.0000	0.0000	0.0000	0.0000	0.0000	0.0000	0.0000	0.0000	0.0000	0.0000	3.9994	0.0000	4.0000	0.0000	0.0000	0.0000	0.0000	0.0000	0.0000	0.0000	0.0000	0.0000	0.0000	0.0000	0.0000	0.0000	0.0000	0.0000	0.0000	0.0000	0.0000	0.0000	0.0000	0.0000	0.0000	0.0000	0.0000	0.0000	0.0000	0.0000	0.0000	0.0000	0.0000	0.0000	0.0000	0.0000	0.0000	0.0000	0.0000	0.0000	0.0000	0.0000	0.0000	0.0000	0.0000	0.0000	0.0000	0.0000	0.0000	0.0000	0.0000	0.0000	0.0000	0.0000	0.0000	0.0000	0.0000											
14	98	0.6186	8	1	0	1	0	0	0	0	0	N	N	N	N	N	N	N	N	N	N	N	N	0.0000	0.0000	0.0000	0.0000	0.0000	0.0000	0.0000	0.0000	0.0000	0.0000	0.0000	0.0000	0.0000	0.0000	0.0000	0.0000	0.0000	0.0000	0.0000	0.0000	0.0000	1.0000	0.0000	0.0000	0.0000	0.0000	0.0000	0.0000	0.0000	0.0000	0.0000	0.0000	0.0000	0.0000	0.0000	0.0000	0.0000	0.0000	0.0000	0.0000	0.0000	0.0000	0.0000	0.0000	0.0000	0.0000	0.0000	0.0000	0.0000	0.0000	0.0000	0.0000	0.0000	0.0000	0.0000	0.0000	0.0000	0.0000	0.0000	0.0000	0.0000	0.0000	0.0000	0.0000	0.0000	0.0000	0.0000	0.0000	0.0000	0.0000	0.0000	0.0000	0.0000	0.0000	0.0000	0.0000	0.0000	0.0000											
14	99	0.1734	6	1	0	1	0	0	0	0	0	N	N	N	N	N	N	N	N	N	N	N	N	0.0000	0.0000	0.0000	0.0000	0.0000	0.0000	0.0000	0.0000	0.0000	0.0000	0.0000	0.0000	0.0000	0.0000	0.0000	0.0000	0.0000	0.0000	0.0000	0.0000	0.0000	1.5982	0.0000	11.1970	0.0000	0.0000	0.0000	0.0000	0.0000	0.0000	0.0000	0.0000	0.0000	0.0000	0.0000	0.0000	0.0000	0.0000	0.0000	0.0000	0.0000	0.0000	0.0000	0.0000	0.0000	0.0000	0.0000	0.0000	0.0000	0.0000	0.0000	0.0000	0.0000	0.0000	0.0000	0.0000	0.0000	0.0000	0.0000	0.0000	0.0000	0.0000	0.0000	0.0000	0.0000	0.0000	0.0000	0.0000	0.0000	0.0000	0.0000	0.0000	0.0000	0.0000	0.0000	0.0000	0.0000	0.0000											
14	100	0.0035	2	2	1	2	0	0	0	0	0	Y	N	Y	N	N	N	N	N	N	N	N	N	0.0000	0.0000	0.0000	0.0000	0.0000	0.0000	0.0000	0.0000	0.0000	0.0000	0.0000	0.0000	0.0000	0.0000	0.0000	0.0000	0.0000	0.0000	0.0000	0.0000	0.0000	0.0000	0.0000	0.9982	0.0000	0.0000	0.0000	0.0000	0.0000	0.0000	0.0000	0.0000	0.0000	0.0000	0.0000	0.0000	0.0000	0.0000	0.0000	0.0000	0.0000	0.0000	0.0000	0.0000	0.0000	0.0000	0.0000	0.0000	0.0000	0.0000	0.0000	0.0000	0.0000	0.0000	0.0000	0.0000	0.0000	0.0000	0.0000	0.0000	0.0000	0.0000	0.0000	0.0000	0.0000	0.0000	0.0000	0.0000	0.0000	0.0000	0.0000	0.0000	0.0000	0.0000	0.0000	0.0000	0.0000	0.0000											
14	101	0.6533	11	2	1	2	0	0	0	0	0	Y	N	Y	N	N	N	N	N	N	N	N	N	0.0000	0.0000	0.0000	0.0000	0.0000	0.0000	0.0000	0.0000	0.0000	0.0000	0.0000	0.0000	0.0000	0.0000	0.0000	0.0000	0.0000	0.0000	0.0000	0.0000	0.0000	0.0000	0.0000	0.0000	0.0000	0.0000	0.0000	0.0000	0.0000	0.0000	0.0000	0.0000	0.0000	0.0000	0.0000	0.0000	0.0000	0.0000	0.0000	0.0000	0.0000	0.0000	0.0000	0.0000	0.0000	0.0000	0.0000	0.0000	0.0000	0.0000	0.0000	0.0000	0.0000	0.0000	0.0000	0.0000	0.0000	0.0000	0.0000	0.0000	0.0000	0.0000	0.0000	0.0000	0.0000	0.0000	0.0000	0.0000	0.0000	0.0000	0.0000	0.0000	0.0000	0.0000	0.0000	0.0000	0.0000	0.0000											
14	102	0.6533	10	2	0	2	0	0	0	0	0	Y	N	Y	N	N	N	N	N	N	N	N	N	0.0000	0.0000	0.0000	0.0000	0.0000	0.0000	0.0000	0.0000	0.0000	0.0000	0.0000	0.0000	0.0000	0.0000	0.0000	0.0000	0.0000	0.0000	0.0000	0.0000	0.0000	0.0000	0.0000	0.0000	0.0000	0.0000	0.0000	0.0000	0.0000	0.0000	0.0000	0.0000	0.0000	0.0000	0.0000	0.0000	0.0000	0.0000	0.0000	0.0000	0.0000	0.0000	0.0000	0.0000	0.0000	0.0000	0.0000	0.0000	0.0000	0.0000	0.0000	0.0000	0.0000	0.0000	0.0000	0.0000	0.0000	0.0000	0.0000	0.0000	0.0000	0.0000	0.0000	0.0000	0.0000	0.0000	0.0000	0.0000	0.0000	0.0000	0.0000	0.0000	0.0000	0.0000	0.0000	0.0000	0.0000	0.0000											
14	103	0.6472	9	2	0	2	0	0	0	0	0	Y	N	Y	N	N	N	N	N	N	N	N	N	0.0000	0.0000	0.0000	0.0000	0.0000	0.0000	0.0000	0.0000	0.0000	0.0000	0.0000	0.0000	0.0000	0.0000	0.0000	0.0000	0.0000	0.0000	0.0000	0.0000	0.0000	0.0000	0.0000	1.0091	0.0000	0.0000	0.0000	0.0000	0.0000	0.0000	0.0000	0.0000	0.0000	0.0000	0.0000	0.0000	0.0000	0.0000	0.0000	0.0000	0.0000	0.0000	0.0000	0.0000	0.0000	0.0000	0.0000	0.0000	0.0000	0.0000	0.0000	0.0000	0.0000	0.0000	0.0000	0.0000	0.0000	0.0000	0.0000	0.0000	0.0000	0.0000	0.0000	0.0000	0.0000	0.0000	0.0000	0.0000	0.0000	0.0000	0.0000	0.0000	0.0000	0.0000	0.0000	0.0000	0.0000	0.0000											
14	104	0.0625	5	1	1	1	0	0	0	0	0	N	N	N	N	N	N	N	N	N	N	N	N	0.0000	0.0000	0.0000	0.0000	0.0000	0.0000	0.0000	0.0000	0.0000	0.0000	0.0000	0.0000	0.0000	0.0000	0.0000	0.0000	0.0000	0.0000	0.0000	0.0000	0.0000	7.9994	0.0000	4.0001	0.0000	0.0000	0.0000	0.0000	0.0000	0.0000	0.0000	0.0000	0.0000	0.0000	0.0000	0.0000	0.0000	0.0000	0.0000	0.0000	0.0000	0.0000	0.0000	0.0000	0.0000	0.0000	0.0000	0.0000	0.0000	0.0000	0.0000	0.0000	0.0000	0.0000	0.0000	0.0000	0.0000	0.0000	0.0000	0.0000	0.0000	0.0000	0.0000	0.0000	0.0000	0.0000	0.0000	0.0000	0.0000	0.0000	0.0000	0.0000	0.0000	0.0000	0.0000	0.0000	0.0000	0.0000											
14	109	0.6472	9	2	0	2	0	0	0	0	0	Y	N	Y	N	N	N	N	N	N	N	N	N	0.0000	0.0000	0.0000	0.0000	0.0000	0.0000	0.0000	0.0000	0.0000	0.0000	0.0000	0.0000	0.0000	0.0000	0.0000	0.0000	0.0000	0.0000	0.0000	0.0000	0.0000	0.0000	0.0000	0.9909	0.0000	0.0000	0.0000	0.0000	0.0000	0.0000	0.0000	0.0000	0.0000	0.0000	0.0000	0.0000	0.0000	0.0000	0.0000	0.0000	0.0000	0.0000	0.0000	0.0000	0.0000	0.0000	0.0000	0.0000	0.0000	0.0000	0.0000	0.0000	0.0000	0.0000	0.0000	0.0000	0.0000	0.0000	0.0000	0.0000	0.0000	0.0000	0.0000	0.0000	0.0000	0.0000	0.0000	0.0000	0.0000	0.0000	0.0000	0.0000	0.0000	0.0000	0.0000	0.0000	0.0000	0.0000											
14	110	0.6186	8	2	0	2	0	0	0	0	0	Y	N	Y	N	N	N	N	N	N	N	N	N	0.0000	0.0000	0.0000	0.0000	0.0000	0.0000	0.0000	0.0000	0.0000	0.0000	0.0000	0.0000	0.0000	0.0000	0.0000	0.0000	0.0000	0.0000	0.0000	0.0000	0.0000	4.0000	0.0000	0.0000	0.0000	0.0000	0.0000	0.0000	0.0000	0.0000	0.0000	0.0000	0.0000	0.0000	0.0000	0.0000	0.0000	0.0000	0.0000	0.0000	0.0000	0.0000	0.0000	0.0000	0.0000	0.0000	0.0000	0.0000	0.0000	0.0000	0.0000	0.0000	0.0000	0.0000	0.0000	0.0000	0.0000	0.0000	0.0000	0.0000	0.0000	0.0000	0.0000	0.0000	0.0000	0.0000	0.0000	0.0000	0.0000	0.0000	0.0000	0.0000	0.0000	0.0000	0.0000	0.0000	0.0000	0.0000											
14	112	0.1083	6	1	0	2	0	0	0	0	0	N	N	Y	N	N	N	N	N	N	N	N	N	0.0000	0.0000	0.0000	0.0000	0.0000	0.0000	0.0000	0.0000	0.0000	0.0000	0.0000	0.0000	0.0000	0.0000	0.0000	0.0000	0.0000	0.0000	0.0000	0.0000	0.0000	0.0000	0.0000	0.0001	0.0000	0.0000	0.0000	0.0000	0.0000	0.0000	0.0000	0.0000	0.0000	0.0000	0.0000	0.0000	0.0000	0.0000	0.0000	0.0000	0.0000	0.0000	0.0000	0.0000	0.0000	0.0000	0.0000	0.0000	0.0000	0.0000	0.0000	0.0000	0.0000	0.0000	0.0000	0.0000	0.0000	0.0000	0.0000	0.0000	0.0000	0.0000	0.0000	0.0000	0.0000	0.0000	0.0000	0.0000	0.0000	0.0000	0.0000	0.0000	0.0000	0.0000	0.0000	0.0000	0.0000	0.0000											
14	113	0.0625	5	1	0	2	0	0	0	0	0	N	N	Y	N	N	N	N	N	N	N	N	N	0.0000	0.0000	0.0000	0.0000	0.0000	0.0000	0.0000	0.0000	0.0000	0.0000	0.0000	0.0000	0.0000	0.0000	0.0000	0.0000	0.0000	0.0000	0.0000	0.0000	0.0000	4.0004	0.0000	4.9999	0.0000	0.0000	0.0000	0.0000	0.0000	0.0000	0.0000	0.0000	0.0000	0.0000	0.0000	0.0000	0.0000	0.0000	0.0000	0.0000	0.0000	0.0000	0.0000	0.0000	0.0000	0.0000	0.0000	0.0000	0.0000	0.0000	0.0000	0.0000	0.0000	0.0000	0.0000	0.0000	0.0000	0.0000	0.0000	0.0000	0.0000	0.0000	0.0000	0.0000	0.0000	0.0000	0.0000	0.0000	0.0000	0.0000	0.0000	0.0000	0.0000	0.0000	0.0000	0.0000	0.0000	0.0000											
14	114	0.6512	9	1	1	1	0	0	0	0	0	N	N	N	N	N	N	N	N	N	N	N	N	0.0000	0.0000	0.0000	0.0000	0.0000	0.0000	0.0000	0.0000	0.0000	0.0000	0.0000	0.0000	0.0000	0.0000	0.0000	0.0000	0.0000	0.0000	0.0000	0.0000	0.0000	4.3361	0.0000	4.6323	0.0000	0.0000	0.0000	0.0000	0.0000	0.0000	0.0000	0.0000	0.0000	0.0000	0.0000	0.0000	0.0000	0.0000	0.0000	0.0000	0.0000	0.0000	0.0000	0.0000	0.0000	0.0000	0.0000	0.0000	0.0000	0.0000	0.0000	0.0000	0.0000	0.0000	0.0000	0.0000	0.0000	0.0000	0.0000	0.0000	0.0000	0.0000	0.0000	0.0000	0.0000	0.0000	0.0000	0.0000	0.0000	0.0000	0.0000	0.0000	0.0000	0.0000	0.0000	0.0000	0.0000	0.0000											
14	115	0.6186	8	1	0	1	0	0	0	0	0	N	N	N	N	N	N	N	N	N	N	N	N	0.0000	0.0000	0.0000	0.0000	0.0000	0.0000	0.0000	0.0000	0.0000	0.0000	0.0000	0.0000	0.0000	0.0000	0.0000	0.0000	0.0000	0.0000	0.0000	0.0000	0.0000	1.9840	0.0000	0.2610	0.0000	0.0000	0.0000	0.0000	0.0000	0.0000	0.0000	0.0000	0.0000	0.0000	0.0000	0.0000	0.0000	0.0000	0.0000	0.0000	0.0000	0.0000	0.0000	0.0000	0.0000	0.0000	0.0000	0.0000	0.0000	0.0000	0.0000	0.0000	0.0000	0.0000	0.0000	0.0000	0.0000	0.0000	0.0000	0.0000	0.0000	0.0000	0.0000	0.0000	0.0000	0.0000	0.0000	0.0000	0.0000	0.0000	0.0000	0.0000	0.0000	0.0000	0.0000	0.0000	0.0000	0.0000											
14	116	0.0625	5	1	1	1	1	0	0	0	0	N	N	N	N	N	N	N	N	N	N	N	N	0.0000	0.0000	0.0000	0.0000	0.0000	0.0000	0.0000	0.0000	0.0000	0.0000	0.0000	0.0000	0.0000	0.0000	0.0000	0.0000	0.0000	0.0000	0.0000	0.0000	0.0000	5.0006	0.0000	2.0000	0.0000	0.0000	0.0000	0.0000	0.0000	0.0000	0.0000	0.0000	0.0000	0.0000	0.0000	0.0000	0.0000	0.0000	0.0000	0.0000	0.0000	0.0000	0.0000	0.0000	0.0000	0.0000	0.0000	0.0000	0.0000	0.0000	0.0000	0.0000	0.0000	0.0000	0.0000	0.0000	0.0000	0.0000	0.0000	0.0000	0.0000	0.0000	0.0000	0.0000	0.0000	0.0000	0.0000	0.0000	0.0000	0.0000	0.0000	0.0000	0.0000	0.0000	0.0000	0.0000	0.0000	0.0000											
14	117	0.6186	8	1	1	1	1	0	0	0	0	N	N	N	N	N	N	N	N	N	N	N	N	0.0000	0.0000	0.0000	0.0000	0.0000	0.0000	0.0000	0.0000	0.0000	0.0000	0.0000	0.0000	0.0000	0.0000	0.0000	0.0000	0.0000	0.0000	0.0000	0.0000	0.0000	0.0000	0.0000	1.0000	0.0000	0.0000	0.0000	0.0000	0.0000	0.0000	0.0000	0.0000	0.0000	0.0000	0.0000	0.0000	0.0000	0.0000	0.0000	0.0000	0.0000	0.0000	0.0000	0.0000	0.0000	0.0000	0.0000	0.0000	0.0000	0.0000	0.0000	0.0000	0.0000	0.0000	0.0000	0.0000	0.0000	0.0000	0.0000	0.0000	0.0000	0.0000	0.0000	0.0000	0.0000	0.0000	0.0000	0.0000	0.0000	0.0000	0.0000	0.0000	0.0000	0.0000	0.0000	0.0000	0.0000	0.0000											
14	118	0.0625	5	1	1	1	0	0	0	0	0	N	N	N	N	N	N	N	N	N	N	N	N	0.0000	0.0000	0.0000	0.0000	0.0000	0.0000	0.0000	0.0000	0.0000	0.0000	0.0000	0.0000	0.0000	0.0000	0.0000	0.0000	0.0000	0.0000	0.0000	0.0000	0.0000	16.9994	0.0000	6.0000	0.0000	0.0000	0.0000	0.0000	0.0000	0.0000	0.0000	0.0000	0.0000	0.0000	0.0000	0.0000	0.0000	0.0000	0.0000	0.0000	0.0000	0.0000	0.0000	0.0000	0.0000	0.0000	0.0000	0.0000	0.0000	0.0000	0.0000	0.0000	0.0000	0.0000	0.0000	0.0000	0.0000	0.0000	0.0000	0.0000	0.0000	0.0000	0.0000	0.0000	0.0000	0.0000	0.0000	0.0000	0.0000	0.0000	0.0000	0.0000	0.0000	0.0000	0.0000	0.0000	0.0000	0.0000											
14	119	0.6186	8	1	1	1	0	0	0	0	0	N	N	N	N	N	N	N	N	N	N	N	N	0.0000	0.0000	0.0000	0.0000	0.0000	0.0000	0.0000	0.0000	0.0000	0.0000	0.0000	0.0000	0.0000	0.0000	0.0000	0.0000	0.0000	0.0000	0.0000	0.0000	0.0000	5.0000	0.0000	6.0000	0.0000	0.0000	0.0000	0.0000	0.0000	0.0000	0.0000	0.0000	0.0000	0.0000	0.0000	0.0000	0.0000	0.0000	0.0000	0.0000	0.0000	0.0000	0.0000	0.0000	0.0000	0.0000	0.0000	0.0000	0.0000	0.0000	0.0000	0.0000	0.0000	0.0000	0.0000	0.0000	0.0000	0.0000	0.0000	0.0000	0.0000	0.0000	0.0000	0.0000	0.0000	0.0000	0.0000	0.0000	0.0000	0.0000	0.0000	0.0000	0.0000	0.0000	0.0000	0.0000	0.0000	0.0000											
14	120	0.6467	9	1	1	1	0	0	0	0	0	N	N	N	N	N	N	N	N	N	N	N	N	0.0000	0.0000	0.0000	0.0000	0.0000	0.0000	0.0000	0.0000	0.0000	0.0000	0.0000	0.0000	0.0000	0.0000	0.0000	0.0000	0.0000	0.0000	0.0000	0.0000	0.0000	0.9998	0.0000	0.9486	0.0000	0.0000	0.0000	0.0000	0.0000	0.0000	0.0000	0.0000	0.0000	0.0000	0.0000	0.0000	0.0000	0.0000	0.0000	0.0000	0.0000	0.0000	0.0000	0.0000	0.0000	0.0000	0.0000	0.0000	0.0000	0.0000	0.0000	0.0000	0.0000	0.0000	0.0000	0.0000	0.0000	0.0000	0.0000	0.0000	0.0000	0.0000	0.0000	0.0000	0.0000	0.0000	0.0000	0.0000	0.0000	0.0000	0.0000	0.0000	0.0000	0.0000	0.0000	0.0000	0.0000	0.0000											
14	121	0.6186	8	1	1	1	0	0	0	0	0	N	N	N	N	N	N	N	N	N	N	N	N	0.0000	0.0000	0.0000	0.0000	0.0000	0.0000	0.0000	0.0000	0.0000	0.0000	0.0000	0.0000	0.0000	0.0000	0.0000	0.0000	0.0000	0.0000	0.0000	0.0000	0.0000	3.0005	0.0000	1.1085	0.0000	0.0000	0.0000	0.0000	0.0000	0.0000	0.0000	0.0000	0.0000	0.0000	0.0000	0.0000	0.0000	0.0000	0.0000	0.0000	0.0000	0.0000	0.0000	0.0000	0.0000	0.0000	0.0000	0.0000	0.0000	0.0000	0.0000	0.0000	0.0000	0.0000	0.0000	0.0000	0.0000	0.0000	0.0000	0.0000	0.0000	0.0000	0.0000	0.0000	0.0000	0.0000	0.0000	0.0000	0.0000	0.0000	0.0000	0.0000	0.0000	0.0000	0.0000	0.0000	0.0000	0.0000											
14	122	0.0212	4	1	1	1	0	0	0	0	0	N	N	N	N	N	N	N	N	N	N	N	N	0.0000	0.0000	0.0000	0.0000	0.0000	0.0000	0.0000	0.0000	0.0000	0.0000	0.0000	0.0000	0.0000	0.0000	0.0000	0.0000	0.0000	0.0000	0.0000	0.0000	0.0000	2.0001	0.0000	3.0000	0.0000	0.0000	0.0000	0.0000	0.0000	0.0000	0.0000	0.0000	0.0000	0.0000	0.0000	0.0000	0.0000	0.0000	0.0000	0.0000	0.0000	0.0000	0.0000	0.0000	0.0000	0.0000	0.0000	0.0000	0.0000	0.0000	0.0000	0.0000	0.0000	0.0000	0.0000	0.0000	0.0000	0.0000	0.0000	0.0000	0.0000	0.0000	0.0000	0.0000	0.0000	0.0000	0.0000	0.0000	0.0000	0.0000	0.0000	0.0000	0.0000	0.0000	0.0000	0.0000	0.0000	0.0000											
14	124	0.6521	9	1	1	1	0	0	0	0	0	N	N	N	N	N	N	N	N	N	N	N	N	0.0000	0.0000	0.0000	0.0000	0.0000	0.0000	0.0000	0.0000	0.0000	0.0000	0.0000	0.0000	0.0000	0.0000	0.0000	0.0000	0.0000	0.0000	0.0000	0.0000	0.0000	3.9006	0.0000	3.1543	0.0000	0.0000	0.0000	0.0000	0.0000	0.0000	0.0000	0.0000	0.0000	0.0000	0.0000	0.0000	0.0000	0.0000	0.0000	0.0000	0.0000	0.0000	0.0000	0.0000	0.0000	0.0000	0.0000	0.0000	0.0000	0.0000	0.0000	0.0000	0.0000	0.0000	0.0000	0.0000	0.0000	0.0000	0.0000	0.0000	0.0000	0.0000	0.0000	0.0000	0.0000	0.0000	0.0000	0.0000	0.0000	0.0000	0.0000	0.0000	0.0000	0.0000	0.0000	0.0000	0.0000	0.0000											
14	125	0.6186	8	1	1	1	0	0	0	0	0	N	N	N	N	N	N	N	N	N	N	N	N	0.0000	0.0000	0.0000	0.0000	0.0000	0.0000	0.0000	0.0000	0.0000	0.0000	0.0000	0.0000	0.0000	0.0000	0.0000	0.0000	0.0000	0.0000	0.0000	0.0000	0.0000	1.6924	0.0000	1.9110	0.0000	0.0000	0.0000	0.0000	0.0000	0.0000	0.0000	0.0000	0.0000	0.0000	0.0000	0.0000	0.0000	0.0000	0.0000	0.0000	0.0000	0.0000	0.0000	0.0000	0.0000	0.0000	0.0000	0.0000	0.0000	0.0000	0.0000	0.0000	0.0000	0.0000	0.0000	0.0000	0.0000	0.0000	0.0000	0.0000	0.0000	0.0000	0.0000	0.0000	0.0000	0.0000	0.0000	0.0000	0.0000	0.0000	0.0000	0.0000	0.0000	0.0000	0.0000	0.0000	0.0000	0.0000											
14	126	0.0625	5	1	1	1	0	0	0	0	0	N	N	N	N	N	N	N	N	N	N	N	N	0.0000	0.0000	0.0000	0.0000	0.0000	0.0000	0.0000	0.0000	0.0000	0.0000	0.0000	0.0000	0.0000	0.0000	0.0000	0.0000	0.0000	0.0000	0.0000	0.0000	0.0000	0.9996	0.0000	8.0005	0.0000	0.0000	0.0000	0.0000	0.0000	0.0000	0.0000	0.0000	0.0000	0.0000	0.0000	0.0000	0.0000	0.0000	0.0000	0.0000	0.0000	0.0000	0.0000	0.0000	0.0000	0.0000	0.0000	0.0000	0.0000	0.0000	0.0000	0.0000	0.0000	0.0000	0.0000	0.0000	0.0000	0.0000	0.0000	0.0000	0.0000	0.0000	0.0000	0.0000	0.0000	0.0000	0.0000	0.0000	0.0000	0.0000	0.0000	0.0000	0.0000	0.0000	0.0000	0.0000	0.0000	0.0000											
14	127	0.1898	7	1	0	1	0	0	0	0	0	N	N	N	N	N	N	N	N	N	N	N	N	0.0000	0.0000	0.0000	0.0000	0.0000	0.0000	0.0000	0.0000	0.0000	0.0000	0.0000	0.0000	0.0000	0.0000	0.0000	0.0000	0.0000	0.0000	0.0000	0.0000	0.0000	3.6536	0.0000	12.3970	0.0000	0.0000	0.0000	0.0000	0.0000	0.0000	0.0000	0.0000	0.0000	0.0000	0.0000	0.0000	0.0000	0.0000	0.0000	0.0000	0.0000	0.0000	0.0000	0.0000	0.0000	0.0000	0.0000	0.0000	0.0000	0.0000	0.0000	0.0000	0.0000	0.0000	0.0000	0.0000	0.0000	0.0000	0.0000	0.0000	0.0000	0.0000	0.0000	0.0000	0.0000	0.0000	0.0000	0.0000	0.0000	0.0000	0.0000	0.0000	0.0000	0.0000	0.0000	0.0000	0.0000	0.0000											
14	128	0.3682	7	1	0	1	0	0	0	0	0	N	N	N	N	N	N	N	N	N	N	N	N	0.0000	0.0000	0.0000	0.0000	0.0000	0.0000	0.0000	0.0000	0.0000	0.0000	0.0000	0.0000	0.0000	0.0000	0.0000	0.0000	0.0000	0.0000	0.0000	0.0000	0.0000	5.3495	0.0000	12.4099	0.0000	0.0000	0.0000	0.0000	0.0000	0.0000	0.0000	0.0000	0.0000	0.0000	0.0000	0.0000	0.0000	0.0000	0.0000	0.0000	0.0000	0.0000	0.0000	0.0000	0.0000	0.0000	0.0000	0.0000	0.0000	0.0000	0.0000	0.0000	0.0000	0.0000	0.0000	0.0000	0.0000	0.0000	0.0000	0.0000	0.0000	0.0000	0.0000	0.0000	0.0000	0.0000	0.0000	0.0000	0.0000	0.0000	0.0000	0.0000	0.0000	0.0000	0.0000	0.0000	0.0000	0.0000											
14	129	0.1739	11	1	1	1	1	0	0	0	0	N	N	N	N	N	N	N	N	N	N	N	N	0.0000	0.0000	0.0000	0.0000	0.0000	0.0000	0.0000	0.0000	0.0000	0.0000	0.0000	0.0000	0.0000	0.0000	0.0000	0.0000	0.0000	0.0000	0.0000	0.0000	0.0000	0.0000	0.0000	0.0000	0.0000	0.0000	0.0000	0.0000	0.0000	0.0000	0.0000	0.0000	0.0000	0.0000	0.0000	0.0000	0.0000	0.0000	0.0000	0.0000	0.0000	0.0000	0.0000	0.0000	0.0000	0.0000	0.0000	0.0000	0.0000	0.0000	0.0000	0.0000	0.0000	0.0000	0.0000	0.0000	0.0000	0.0000	0.0000	0.0000	0.0000	0.0000	0.0000	0.0000	0.0000	0.0000	0.0000	0.0000	0.0000	0.0000	0.0000	0.0000	0.0000	0.0000	0.0000	0.0000	0.0000	0.0000											
14	130	0.1576	10	1	1	1	1	0	0	0	0	N	N	N	N	N	N	N	N	N	N	N	N	0.0000	0.0000	0.0000	0.0000	0.0000	0.0000	0.0000	0.0000	0.0000	0.0000	0.0000	0.0000	0.0000	0.0000	0.0000	0.0000	0.0000	0.0000	0.0000	0.0000	0.0000	0.0000	0.0000	3.0001	0.0000	0.0000	0.0000	0.0000	0.0000	0.0000	0.0000	0.0000	0.0000	0.0000	0.0000	0.0000	0.0000	0.0000	0.0000	0.0000	0.0000	0.0000	0.0000	0.0000	0.0000	0.0000	0.0000	0.0000	0.0000	0.0000	0.0000	0.0000	0.0000	0.0000	0.0000	0.0000	0.0000	0.0000	0.0000	0.0000	0.0000	0.0000	0.0000	0.0000	0.0000	0.0000	0.0000	0.0000	0.0000	0.0000	0.0000	0.0000	0.0000	0.0000	0.0000	0.0000	0.0000	0.0000											
14	131	0.1480	9	1	1	1	0	0	0	0	0	N	N	N	N	N	N	N	N	N	N	N	N	0.0000	0.0000	0.0000	0.0000	0.0000	0.0000	0.0000	0.0000	0.0000	0.0000	0.0000	0.0000	0.0000	0.0000	0.0000	0.0000	0.0000	0.0000	0.0000	0.0000	0.0000	0.0000	0.0000	0.0000	0.0000	0.0000	0.0000	0.0000	0.0000	0.0000	0.0000	0.0000	0.0000	0.0000	0.0000	0.0000	0.0000	0.0000	0.0000	0.0000	0.0000	0.0000	0.0000	0.0000	0.0000	0.0000	0.0000	0.0000	0.0000	0.0000	0.0000	0.0000	0.0000	0.0000	0.0000	0.0000	0.0000	0.0000	0.0000	0.0000	0.0000	0.0000	0.0000	0.0000	0.0000	0.0000	0.0000	0.0000	0.0000	0.0000	0.0000	0.0000	0.0000	0.0000	0.0000	0.0000	0.0000	0.0000											
14	132	0.1576	10	1	0	2	1	0	0	0	0	N	N	Y	N	N	N	N	N	N	N	N	N	0.0000	0.0000	0.0000	0.0000	0.0000	0.0000	0.0000	0.0000	0.0000	0.0000	0.0000	0.0000	0.0000	0.0000	0.0000	0.0000	0.0000	0.0000	0.0000	0.0000	0.0000	0.0000	0.0000	1.9999	0.0000	0.0000	0.0000	0.0000	0.0000	0.0000	0.0000	0.0000	0.0000	0.0000	0.0000	0.0000	0.0000	0.0000	0.0000	0.0000	0.0000	0.0000	0.0000	0.0000	0.0000	0.0000	0.0000	0.0000	0.0000	0.0000	0.0000	0.0000	0.0000	0.0000	0.0000	0.0000	0.0000	0.0000	0.0000	0.0000	0.0000	0.0000	0.0000	0.0000	0.0000	0.0000	0.0000	0.0000	0.0000	0.0000	0.0000	0.0000	0.0000	0.0000	0.0000	0.0000	0.0000	0.0000											
14	133	0.1687	11	1	0	2	1	0	0	0	0	N	N	Y	N	N	N	N	N	N	N	N	N	0.0000	0.0000	0.0000	0.0000	0.0000	0.0000	0.0000	0.0000	0.0000	0.0000	0.0000	0.0000	0.0000	0.0000	0.0000	0.0000	0.0000	0.0000	0.0000	0.0000	0.0000	1.0000	0.0000	0.0000	0.0000	0.0000	0.0000	0.0000	0.0000	0.0000	0.0000	0.0000	0.0000	0.0000	0.0000	0.0000	0.0000	0.0000	0.0000	0.0000	0.0000	0.0000	0.0000	0.0000	0.0000	0.0000	0.0000	0.0000	0.0000	0.0000	0.0000	0.0000	0.0000	0.0000	0.0000	0.0000	0.0000	0.0000	0.0000	0.0000	0.0000	0.0000	0.0000	0.0000	0.0000	0.0000	0.0000	0.0000	0.0000	0.0000	0.0000	0.0000	0.0000	0.0000	0.0000	0.0000	0.0000	0.0000											
14	134	0.1687	11	1	0	2	1	0	0	0	0	N	N	Y	N	N	N	N	N	N	N	N	N	0.0000	0.0000	0.0000	0.0000	0.0000	0.0000	0.0000	0.0000	0.0000	0.0000	0.0000	0.0000	0.0000	0.0000	0.0000	0.0000	0.0000	0.0000	0.0000	0.0000	0.0000	0.0000	0.0000	0.0000	0.0000	0.0000	0.0000	0.0000	0.0000	0.0000	0.0000	0.0000	0.0000	0.0000	0.0000	0.0000	0.0000	0.0000	0.0000	0.0000	0.0000	0.0000	0.0000	0.0000	0.0000	0.0000	0.0000	0.0000	0.0000	0.0000	0.0000	0.0000	0.0000	0.0000	0.0000	0.0000	0.0000	0.0000	0.0000	0.0000	0.0000	0.0000	0.0000	0.0000	0.0000	0.0000	0.0000	0.0000	0.0000	0.0000	0.0000	0.0000	0.0000	0.0000	0.0000	0.0000	0.0000	0.0000											
14	135	0.1576	10	1	0	2	1	0	0	0	0	N	N	Y	N	N	N	N	N	N	N	N	N	0.0000	0.0000	0.0000	0.0000	0.0000	0.0000	0.0000	0.0000	0.0000	0.0000	0.0000	0.0000	0.0000	0.0000	0.0000	0.0000	0.0000	0.0000	0.0000	0.0000	0.0000	2.0025	0.0000	0.9943	0.0000	0.0000	0.0000	0.0000	0.0000	0.0000	0.0000	0.0000	0.0000	0.0000	0.0000	0.0000	0.0000	0.0000	0.0000	0.0000	0.0000	0.0000	0.0000	0.0000	0.0000	0.0000	0.0000	0.0000	0.0000	0.0000	0.0000	0.0000	0.0000	0.0000	0.0000	0.0000	0.0000	0.0000	0.0000	0.0000	0.0000	0.0000	0.0000	0.0000	0.0000	0.0000	0.0000	0.0000	0.0000	0.0000	0.0000	0.0000	0.0000	0.0000	0.0000	0.0000	0.0000	0.0000											
14	136	0.1576	9	1	0	1	1	0	0	0	0	N	N	N	N	N	N	N	N	N	N	N	N	0.0000	0.0000	0.0000	0.0000	0.0000	0.0000	0.0000	0.0000	0.0000	0.0000	0.0000	0.0000	0.0000	0.0000	0.0000	0.0000	0.0000	0.0000	0.0000	0.0000	0.0000	0.0050	0.0000	0.0173	0.0000	0.0000	0.0000	0.0000	0.0000	0.0000	0.0000	0.0000	0.0000	0.0000	0.0000	0.0000	0.0000	0.0000	0.0000	0.0000	0.0000	0.0000	0.0000	0.0000	0.0000	0.0000	0.0000	0.0000	0.0000	0.0000	0.0000	0.0000	0.0000	0.0000	0.0000	0.0000	0.0000	0.0000	0.0000	0.0000	0.0000	0.0000	0.0000	0.0000	0.0000	0.0000	0.0000	0.0000	0.0000	0.0000	0.0000	0.0000	0.0000	0.0000	0.0000	0.0000	0.0000	0.0000											
14	137	0.1480	8	1	0	1	1	0	0	0	0	N	N	N	N	N	N	N	N	N	N	N	N	0.0000	0.0000	0.0000	0.0000	0.0000	0.0000	0.0000	0.0000	0.0000	0.0000	0.0000	0.0000	0.0000	0.0000	0.0000	0.0000	0.0000	0.0000	0.0000	0.0000	0.0000	1.9972	0.0000	1.0076	0.0000	0.0000	0.0000	0.0000	0.0000	0.0000	0.0000	0.0000	0.0000	0.0000	0.0000	0.0000	0.0000	0.0000	0.0000	0.0000	0.0000	0.0000	0.0000	0.0000	0.0000	0.0000	0.0000	0.0000	0.0000	0.0000	0.0000	0.0000	0.0000	0.0000	0.0000	0.0000	0.0000	0.0000	0.0000	0.0000	0.0000	0.0000	0.0000	0.0000	0.0000	0.0000	0.0000	0.0000	0.0000	0.0000	0.0000	0.0000	0.0000	0.0000	0.0000	0.0000	0.0000	0.0000											
14	138	0.1307	7	2	1	1	0	0	0	0	0	Y	N	N	N	N	N	N	N	N	N	N	N	0.0000	0.0000	0.0000	0.0000	0.0000	0.0000	0.0000	0.0000	0.0000	0.0000	0.0000	0.0000	0.0000	0.0000	0.0000	0.0000	0.0000	0.0000	0.0000	0.0000	0.0000	0.0002	0.0000	2.3255	0.0000	0.0000	0.0000	0.0000	0.0000	0.0000	0.0000	0.0000	0.0000	0.0000	0.0000	0.0000	0.0000	0.0000	0.0000	0.0000	0.0000	0.0000	0.0000	0.0000	0.0000	0.0000	0.0000	0.0000	0.0000	0.0000	0.0000	0.0000	0.0000	0.0000	0.0000	0.0000	0.0000	0.0000	0.0000	0.0000	0.0000	0.0000	0.0000	0.0000	0.0000	0.0000	0.0000	0.0000	0.0000	0.0000	0.0000	0.0000	0.0000	0.0000	0.0000	0.0000	0.0000	0.0000											
14	139	0.1128	6	2	1	1	0	0	0	0	0	Y	N	N	N	N	N	N	N	N	N	N	N	0.0000	0.0000	0.0000	0.0000	0.0000	0.0000	0.0000	0.0000	0.0000	0.0000	0.0000	0.0000	0.0000	0.0000	0.0000	0.0000	0.0000	0.0000	0.0000	0.0000	0.0000	2.0138	0.0000	2.7349	0.0000	0.0000	0.0000	0.0000	0.0000	0.0000	0.0000	0.0000	0.0000	0.0000	0.0000	0.0000	0.0000	0.0000	0.0000	0.0000	0.0000	0.0000	0.0000	0.0000	0.0000	0.0000	0.0000	0.0000	0.0000	0.0000	0.0000	0.0000	0.0000	0.0000	0.0000	0.0000	0.0000	0.0000	0.0000	0.0000	0.0000	0.0000	0.0000	0.0000	0.0000	0.0000	0.0000	0.0000	0.0000	0.0000	0.0000	0.0000	0.0000	0.0000	0.0000	0.0000	0.0000	0.0000											
14	140	0.1294	7	1	1	1	0	0	0	0	0	N	N	N	N	N	N	N	N	N	N	N	N	0.0000	0.0000	0.0000	0.0000	0.0000	0.0000	0.0000	0.0000	0.0000	0.0000	0.0000	0.0000	0.0000	0.0000	0.0000	0.0000	0.0000	0.0000	0.0000	0.0000	0.0000	1.9232	0.0000	1.1116	0.0000	0.0000	0.0000	0.0000	0.0000	0.0000	0.0000	0.0000	0.0000	0.0000	0.0000	0.0000	0.0000	0.0000	0.0000	0.0000	0.0000	0.0000	0.0000	0.0000	0.0000	0.0000	0.0000	0.0000	0.0000	0.0000	0.0000	0.0000	0.0000	0.0000	0.0000	0.0000	0.0000	0.0000	0.0000	0.0000	0.0000	0.0000	0.0000	0.0000	0.0000	0.0000	0.0000	0.0000	0.0000	0.0000	0.0000	0.0000	0.0000	0.0000	0.0000	0.0000	0.0000	0.0000											
14	141	0.6378	9	1	1	1	0	0	0	0	0	N	N	N	N	N	N	N	N	N	N	N	N	0.0000	0.0000	0.0000	0.0000	0.0000	0.0000	0.0000	0.0000	0.0000	0.0000	0.0000	0.0000	0.0000	0.0000	0.0000	0.0000	0.0000	0.0000	0.0000	0.0000	0.0000	3.0000	0.0000	1.0000	0.0000	0.0000	0.0000	0.0000	0.0000	0.0000	0.0000	0.0000	0.0000	0.0000	0.0000	0.0000	0.0000	0.0000	0.0000	0.0000	0.0000	0.0000	0.0000	0.0000	0.0000	0.0000	0.0000	0.0000	0.0000	0.0000	0.0000	0.0000	0.0000	0.0000	0.0000	0.0000	0.0000	0.0000	0.0000	0.0000	0.0000	0.0000	0.0000	0.0000	0.0000	0.0000	0.0000	0.0000	0.0000	0.0000	0.0000	0.0000	0.0000	0.0000	0.0000	0.0000	0.0000	0.0000											
14	142	0.6186	8	1	0	1	0	0	0	0	0	N	N	N	N	N	N	N	N	N	N	N	N	0.0000	0.0000	0.0000	0.0000	0.0000	0.0000	0.0000	0.0000	0.0000	0.0000	0.0000	0.0000	0.0000	0.0000	0.0000	0.0000	0.0000	0.0000	0.0000	0.0000	0.0000	1.0000	0.0000	1.0000	0.0000	0.0000	0.0000	0.0000	0.0000	0.0000	0.0000	0.0000	0.0000	0.0000	0.0000	0.0000	0.0000	0.0000	0.0000	0.0000	0.0000	0.0000	0.0000	0.0000	0.0000	0.0000	0.0000	0.0000	0.0000	0.0000	0.0000	0.0000	0.0000	0.0000	0.0000	0.0000	0.0000	0.0000	0.0000	0.0000	0.0000	0.0000	0.0000	0.0000	0.0000	0.0000	0.0000	0.0000	0.0000	0.0000	0.0000	0.0000	0.0000	0.0000	0.0000	0.0000	0.0000	0.0000											
14	143	0.3682	7	1	0	1	0	0	0	0	0	N	N	N	N	N	N	N	N	N	N	N	N	0.0000	0.0000	0.0000	0.0000	0.0000	0.0000	0.0000	0.0000	0.0000	0.0000	0.0000	0.0000	0.0000	0.0000	0.0000	0.0000	0.0000	0.0000	0.0000	0.0000	0.0000	7.1211	0.0000	10.9474	0.0000	0.0000	0.0000	0.0000	0.0000	0.0000	0.0000	0.0000	0.0000	0.0000	0.0000	0.0000	0.0000	0.0000	0.0000	0.0000	0.0000	0.0000	0.0000	0.0000	0.0000	0.0000	0.0000	0.0000	0.0000	0.0000	0.0000	0.0000	0.0000	0.0000	0.0000	0.0000	0.0000	0.0000	0.0000	0.0000	0.0000	0.0000	0.0000	0.0000	0.0000	0.0000	0.0000	0.0000	0.0000	0.0000	0.0000	0.0000	0.0000	0.0000	0.0000	0.0000	0.0000	0.0000											
14	144	0.1734	6	1	0	1	0	0	0	0	0	N	N	N	N	N	N	N	N	N	N	N	N	0.0000	0.0000	0.0000	0.0000	0.0000	0.0000	0.0000	0.0000	0.0000	0.0000	0.0000	0.0000	0.0000	0.0000	0.0000	0.0000	0.0000	0.0000	0.0000	0.0000	0.0000	8.5175	0.0000	23.1696	0.0000	0.0000	0.0000	0.0000	0.0000	0.0000	0.0000	0.0000	0.0000	0.0000	0.0000	0.0000	0.0000	0.0000	0.0000	0.0000	0.0000	0.0000	0.0000	0.0000	0.0000	0.0000	0.0000	0.0000	0.0000	0.0000	0.0000	0.0000	0.0000	0.0000	0.0000	0.0000	0.0000	0.0000	0.0000	0.0000	0.0000	0.0000	0.0000	0.0000	0.0000	0.0000	0.0000	0.0000	0.0000	0.0000	0.0000	0.0000	0.0000	0.0000	0.0000	0.0000	0.0000	0.0000											
14	145	0.1480	9	2	1	1	0	0	0	0	0	Y	N	N	N	N	N	N	N	N	N	N	N	0.0000	0.0000	0.0000	0.0000	0.0000	0.0000	0.0000	0.0000	0.0000	0.0000	0.0000	0.0000	0.0000	0.0000	0.0000	0.0000	0.0000	0.0000	0.0000	0.0000	0.0000	1.0000	0.0000	1.0000	0.0000	0.0000	0.0000	0.0000	0.0000	0.0000	0.0000	0.0000	0.0000	0.0000	0.0000	0.0000	0.0000	0.0000	0.0000	0.0000	0.0000	0.0000	0.0000	0.0000	0.0000	0.0000	0.0000	0.0000	0.0000	0.0000	0.0000	0.0000	0.0000	0.0000	0.0000	0.0000	0.0000	0.0000	0.0000	0.0000	0.0000	0.0000	0.0000	0.0000	0.0000	0.0000	0.0000	0.0000	0.0000	0.0000	0.0000	0.0000	0.0000	0.0000	0.0000	0.0000	0.0000	0.0000											
14	146	0.1480	8	1	1	1	0	0	0	0	0	N	N	N	N	N	N	N	N	N	N	N	N	0.0000	0.0000	0.0000	0.0000	0.0000	0.0000	0.0000	0.0000	0.0000	0.0000	0.0000	0.0000	0.0000	0.0000	0.0000	0.0000	0.0000	0.0000	0.0000	0.0000	0.0000	0.0003	0.0000	0.0000	0.0000	0.0000	0.0000	0.0000	0.0000	0.0000	0.0000	0.0000	0.0000	0.0000	0.0000	0.0000	0.0000	0.0000	0.0000	0.0000	0.0000	0.0000	0.0000	0.0000	0.0000	0.0000	0.0000	0.0000	0.0000	0.0000	0.0000	0.0000	0.0000	0.0000	0.0000	0.0000	0.0000	0.0000	0.0000	0.0000	0.0000	0.0000	0.0000	0.0000	0.0000	0.0000	0.0000	0.0000	0.0000	0.0000	0.0000	0.0000	0.0000	0.0000	0.0000	0.0000	0.0000	0.0000											
14	147	0.1294	7	1	0	1	0	0	0	0	0	N	N	N	N	N	N	N	N	N	N	N	N	0.0000	0.0000	0.0000	0.0000	0.0000	0.0000	0.0000	0.0000	0.0000	0.0000	0.0000	0.0000	0.0000	0.0000	0.0000	0.0000	0.0000	0.0000	0.0000	0.0000	0.0000	4.9449	0.0000	1.0063	0.0000	0.0000	0.0000	0.0000	0.0000	0.0000	0.0000	0.0000	0.0000	0.0000	0.0000	0.0000	0.0000	0.0000	0.0000	0.0000	0.0000	0.0000	0.0000	0.0000	0.0000	0.0000	0.0000	0.0000	0.0000	0.0000	0.0000	0.0000	0.0000	0.0000	0.0000	0.0000	0.0000	0.0000	0.0000	0.0000	0.0000	0.0000	0.0000	0.0000	0.0000	0.0000	0.0000	0.0000	0.0000	0.0000	0.0000	0.0000	0.0000	0.0000	0.0000	0.0000	0.0000	0.0000											
14	148	0.1128	6	1	0	1	0	0	0	0	0	N	N	N	N	N	N	N	N	N	N	N	N	0.0000	0.0000	0.0000	0.0000	0.0000	0.0000	0.0000	0.0000	0.0000	0.0000	0.0000	0.0000	0.0000	0.0000	0.0000	0.0000	0.0000	0.0000	0.0000	0.0000	0.0000	3.4778	0.0000	1.2917	0.0000	0.0000	0.0000	0.0000	0.0000	0.0000	0.0000	0.0000	0.0000	0.0000	0.0000	0.0000	0.0000	0.0000	0.0000	0.0000	0.0000	0.0000	0.0000	0.0000	0.0000	0.0000	0.0000	0.0000	0.0000	0.0000	0.0000	0.0000	0.0000	0.0000	0.0000	0.0000	0.0000	0.0000	0.0000	0.0000	0.0000	0.0000	0.0000	0.0000	0.0000	0.0000	0.0000	0.0000	0.0000	0.0000	0.0000	0.0000	0.0000	0.0000	0.0000	0.0000	0.0000	0.0000											
14	149	0.0625	5	1	0	1	0	0	0	0	0	N	N	N	N	N	N	N	N	N	N	N	N	0.0000	0.0000	0.0000	0.0000	0.0000	0.0000	0.0000	0.0000	0.0000	0.0000	0.0000	0.0000	0.0000	0.0000	0.0000	0.0000	0.0000	0.0000	0.0000	0.0000	0.0000	7.8050	0.0000	4.0035	0.0000	0.0000	0.0000	0.0000	0.0000	0.0000	0.0000	0.0000	0.0000	0.0000	0.0000	0.0000	0.0000	0.0000	0.0000	0.0000	0.0000	0.0000	0.0000	0.0000	0.0000	0.0000	0.0000	0.0000	0.0000	0.0000	0.0000	0.0000	0.0000	0.0000	0.0000	0.0000	0.0000	0.0000	0.0000	0.0000	0.0000	0.0000	0.0000	0.0000	0.0000	0.0000	0.0000	0.0000	0.0000	0.0000	0.0000	0.0000	0.0000	0.0000	0.0000	0.0000	0.0000	0.0000											
14	150	0.1898	7	1	0	1	0	0	0	0	0	N	N	N	N	N	N	N	N	N	N	N	N	0.0000	0.0000	0.0000	0.0000	0.0000	0.0000	0.0000	0.0000	0.0000	0.0000	0.0000	0.0000	0.0000	0.0000	0.0000	0.0000	0.0000	0.0000	0.0000	0.0000	0.0000	3.7255	0.0000	14.1767	0.0000	0.0000	0.0000	0.0000	0.0000	0.0000	0.0000	0.0000	0.0000	0.0000	0.0000	0.0000	0.0000	0.0000	0.0000	0.0000	0.0000	0.0000	0.0000	0.0000	0.0000	0.0000	0.0000	0.0000	0.0000	0.0000	0.0000	0.0000	0.0000	0.0000	0.0000	0.0000	0.0000	0.0000	0.0000	0.0000	0.0000	0.0000	0.0000	0.0000	0.0000	0.0000	0.0000	0.0000	0.0000	0.0000	0.0000	0.0000	0.0000	0.0000	0.0000	0.0000	0.0000	0.0000											
14	151	0.1734	6	1	0	1	0	0	0	0	0	N	N	N	N	N	N	N	N	N	N	N	N	0.0000	0.0000	0.0000	0.0000	0.0000	0.0000	0.0000	0.0000	0.0000	0.0000	0.0000	0.0000	0.0000	0.0000	0.0000	0.0000	0.0000	0.0000	0.0000	0.0000	0.0000	1.4205	0.0000	4.0377	0.0000	0.0000	0.0000	0.0000	0.0000	0.0000	0.0000	0.0000	0.0000	0.0000	0.0000	0.0000	0.0000	0.0000	0.0000	0.0000	0.0000	0.0000	0.0000	0.0000	0.0000	0.0000	0.0000	0.0000	0.0000	0.0000	0.0000	0.0000	0.0000	0.0000	0.0000	0.0000	0.0000	0.0000	0.0000	0.0000	0.0000	0.0000	0.0000	0.0000	0.0000	0.0000	0.0000	0.0000	0.0000	0.0000	0.0000	0.0000	0.0000	0.0000	0.0000	0.0000	0.0000	0.0000											
14	152	0.0625	5	1	0	1	0	0	0	0	0	N	N	N	N	N	N	N	N	N	N	N	N	0.0000	0.0000	0.0000	0.0000	0.0000	0.0000	0.0000	0.0000	0.0000	0.0000	0.0000	0.0000	0.0000	0.0000	0.0000	0.0000	0.0000	0.0000	0.0000	0.0000	0.0000	6.4701	0.0000	12.4371	0.0000	0.0000	0.0000	0.0000	0.0000	0.0000	0.0000	0.0000	0.0000	0.0000	0.0000	0.0000	0.0000	0.0000	0.0000	0.0000	0.0000	0.0000	0.0000	0.0000	0.0000	0.0000	0.0000	0.0000	0.0000	0.0000	0.0000	0.0000	0.0000	0.0000	0.0000	0.0000	0.0000	0.0000	0.0000	0.0000	0.0000	0.0000	0.0000	0.0000	0.0000	0.0000	0.0000	0.0000	0.0000	0.0000	0.0000	0.0000	0.0000	0.0000	0.0000	0.0000	0.0000	0.0000											
15	16	0.7108	10	2	2	0	2	0	0	0	0	Y	Y	N	Y	N	N	N	N	N	N	N	N	0.0000	0.0000	0.0000	0.0000	0.0000	0.0000	0.0000	0.0000	0.0000	0.0000	0.0000	0.0000	0.0000	0.0000	0.0000	0.0000	0.0000	0.0000	0.0000	0.0000	0.0000	0.0000	inf	0.0000	0.0000	1.0049	2.0025	0.9915	0.0085	0.0000	0.0000	0.0000	0.0000	0.0000	0.0000	0.0000	0.0000	0.0000	0.0000	0.0000	0.0000	0.0000	0.0000	0.0000	0.0000	0.0000	0.0000	0.0955	0.0876	0.0079	0.0756	0.0707	0.0050	0.0198	0.0169	0.0029	0.0047	0.0028	0.0019	0.0025	0.0022	0.0004	0.0021	0.0006	0.0015	0.0000	0.0000	0.0000	0.0000	0.0000	0.0000	0.0000	0.0000	0.0000	0.0000	0.0000	0.0000	0.0000	0.0000	0.0000	0.0000	0.0000	0.0000						
15	17	0.0942	6	2	1	1	1	0	0	0	0	Y	N	N	N	N	N	N	N	N	N	N	N	0.0000	0.0000	0.0000	0.0000	0.0000	0.0000	0.0000	0.0000	0.0000	0.0000	0.0000	0.0000	0.0000	0.0000	0.0000	0.0000	0.0000	0.0000	0.0000	0.0000	1.0049	0.0000	0.9915	0.0000	0.0000	0.0000	0.0000	0.0000	0.0000	0.0000	0.0000	0.0000	0.0000	0.0000	0.0000	0.0000	0.0000	0.0000	0.0000	0.0000	0.0000	0.0000	0.0000	0.0000	0.0000	0.0000	0.0000	0.0000	0.0000	0.0000	0.0000	0.0000	0.0000	0.0000	0.0000	0.0000	0.0000	0.0000	0.0000	0.0000	0.0000	0.0000	0.0000	0.0000	0.0000	0.0000	0.0000	0.0000	0.0000	0.0000	0.0000	0.0000	0.0000	0.0000	0.0000	0.0000	0.0000	0.0000											
15	18	0.6615	7	1	1	1	1	0	0	0	0	N	N	N	N	N	N	N	N	N	N	N	N	0.0000	0.0000	0.0000	0.0000	0.0000	0.0000	0.0000	0.0000	0.0000	0.0000	0.0000	0.0000	0.0000	0.0000	0.0000	0.0000	0.0000	0.0000	0.0000	0.0000	1.0049	0.0000	0.9915	0.0000	0.0000	0.0000	0.0000	0.0000	0.0000	0.0000	0.0000	0.0000	0.0000	0.0000	0.0000	0.0000	0.0000	0.0000	0.0000	0.0000	0.0000	0.0000	0.0000	0.0000	0.0000	0.0000	0.0000	0.0000	0.0000	0.0000	0.0000	0.0000	0.0000	0.0000	0.0000	0.0000	0.0000	0.0000	0.0000	0.0000	0.0000	0.0000	0.0000	0.0000	0.0000	0.0000	0.0000	0.0000	0.0000	0.0000	0.0000	0.0000	0.0000	0.0000	0.0000	0.0000	0.0000	0.0000											
15	19	0.0595	3	2	2	0	1	0	0	0	0	Y	Y	N	N	N	N	N	N	N	N	N	N	0.0000	0.0000	0.0000	0.0000	0.0000	0.0000	0.0000	0.0000	0.0000	0.0000	0.0000	0.0000	0.0000	0.0000	0.0000	0.0000	0.0000	0.0000	0.0000	0.0000	1.0049	3.0000	0.9915	0.0000	0.0000	0.0000	0.0000	0.0000	0.0000	0.0000	0.0000	0.0000	0.0000	0.0000	0.0000	0.0000	0.0000	0.0000	0.0000	0.0000	0.0000	0.0000	0.1612	0.1440	0.0173	0.0366	0.0346	0.0020	0.1247	0.1094	0.0153	0.0216	0.0090	0.0127	0.0001	0.0001	0.0000	0.0216	0.0089	0.0127	0.0000	0.0000	0.0000	0.0000	0.0000	0.0000	0.0000	0.0000	0.0000	0.0000	0.0000	0.0000	0.0000	0.0000	0.0000	0.0000	0.0000	0.0000											
15	20	0.0819	4	1	2	0	1	0	0	0	0	N	Y	N	N	N	N	N	N	N	N	N	N	0.0000	0.0000	0.0000	0.0000	0.0000	0.0000	0.0000	0.0000	0.0000	0.0000	0.0000	0.0000	0.0000	0.0000	0.0000	0.0000	0.0000	0.0000	0.0000	0.0000	1.0049	0.0000	0.9915	1.0000	0.0000	0.0000	0.0000	0.0000	0.0000	0.0000	0.0000	0.0000	0.0000	0.0000	0.0000	0.0000	0.0000	0.0000	0.0000	0.0000	0.0000	0.0000	0.0000	0.0000	0.0000	0.0000	0.0000	0.0000	0.0000	0.0000	0.0000	0.0044	0.0013	0.0031	0.0000	0.0000	0.0000	0.0044	0.0013	0.0031	0.0000	0.0000	0.0000	0.0000	0.0000	0.0000	0.0000	0.0000	0.0000	0.0000	0.0000	0.0000	0.0000	0.0000	0.0000	0.0000	0.0000	0.0000											
15	23	0.6577	9	1	2	0	2	0	0	0	0	N	Y	N	Y	N	N	N	N	N	N	N	N	0.0000	0.0000	0.0000	0.0000	0.0000	0.0000	0.0000	0.0000	0.0000	0.0000	0.0000	0.0000	0.0000	0.0000	0.0000	0.0000	0.0000	0.0000	0.0000	0.0000	0.0000	0.0000	inf	0.0000	0.0000	1.0049	0.0000	0.9915	1.0024	0.0000	0.0000	0.0000	0.0000	0.0000	0.0000	0.0000	0.0000	0.0000	0.0000	0.0000	0.0000	0.0000	0.0000	0.0000	0.0000	0.0000	0.0000	0.0000	0.0000	0.0000	0.0000	0.0000	0.0000	0.0000	0.0000	0.0000	0.0034	0.0017	0.0017	0.0013	0.0011	0.0002	0.0022	0.0007	0.0015	0.0000	0.0000	0.0000	0.0000	0.0000	0.0000	0.0000	0.0000	0.0000	0.0000	0.0000	0.0000	0.0000	0.0000	0.0000	0.0000	0.0000	0.0000						
15	24	0.0819	4	1	2	0	1	0	0	0	0	N	Y	N	N	N	N	N	N	N	N	N	N	0.0000	0.0000	0.0000	0.0000	0.0000	0.0000	0.0000	0.0000	0.0000	0.0000	0.0000	0.0000	0.0000	0.0000	0.0000	0.0000	0.0000	0.0000	0.0000	0.0000	1.0049	0.0000	0.9915	0.0000	0.0000	0.0000	0.0000	0.0000	0.0000	0.0000	0.0000	0.0000	0.0000	0.0000	0.0000	0.0000	0.0000	0.0000	0.0000	0.0000	0.0000	0.0000	0.0000	0.0000	0.0000	0.0000	0.0000	0.0000	0.0000	0.0000	0.0000	0.0000	0.0000	0.0000	0.0000	0.0000	0.0000	0.0000	0.0000	0.0000	0.0000	0.0000	0.0000	0.0000	0.0000	0.0000	0.0000	0.0000	0.0000	0.0000	0.0000	0.0000	0.0000	0.0000	0.0000	0.0000	0.0000	0.0000											
15	25	0.6894	9	1	2	0	1	0	0	0	0	N	Y	N	N	N	N	N	N	N	N	N	N	0.0016	inf	0.0000	inf	inf	0.0000	0.0000	0.0000	0.0000	0.0000	0.0000	0.0000	0.0000	0.0000	0.0000	0.0000	0.0001	0.0000	0.0001	0.0000	0.0000	0.0000	0.0001	0.0000	0.0001	0.0000	inf	-0.0000	0.0000	1.0049	0.9998	0.9915	0.0242	0.0000	0.0000	0.0000	0.0000	0.0000	0.0000	0.0000	0.0000	0.0000	0.0000	0.0000	0.0000	0.0000	0.0000	0.0000	0.0000	0.0000	0.0000	0.0404	0.0372	0.0033	0.0314	0.0294	0.0021	0.0090	0.0078	0.0012	0.0028	0.0016	0.0012	0.0015	0.0013	0.0002	0.0013	0.0003	0.0010	0.0084	inf	0.0000	inf	inf	0.0000	0.0000	0.0000	0.0000	0.0000	0.0000	0.0001	0.0000	0.0000	0.0000	0.0001	0.0000	0.0001		
15	26	0.7271	12	1	2	0	2	0	0	0	0	N	Y	N	Y	N	N	N	N	N	N	N	N	0.0000	0.0000	0.0000	0.0000	0.0000	0.0000	0.0000	0.0000	0.0000	0.0000	0.0000	0.0000	0.0000	0.0000	0.0000	0.0000	0.0000	0.0000	0.0000	0.0000	1.0049	0.0000	0.9915	0.0000	0.0000	0.0000	0.0000	0.0000	0.0000	0.0000	0.0000	0.0000	0.0000	0.0000	0.0000	0.0000	0.0000	0.0000	0.0000	0.0000	0.0000	0.0000	0.0000	0.0000	0.0000	0.0000	0.0000	0.0000	0.0000	0.0000	0.0000	0.0000	0.0000	0.0000	0.0000	0.0000	0.0000	0.0000	0.0000	0.0000	0.0000	0.0000	0.0000	0.0000	0.0000	0.0000	0.0000	0.0000	0.0000	0.0000	0.0000	0.0000	0.0000	0.0000	0.0000	0.0000	0.0000	0.0000											
15	27	0.1056	4	2	2	0	1	0	0	0	0	Y	Y	N	N	N	N	N	N	N	N	N	N	0.0163	0.0062	0.0000	0.0018	0.0019	0.0000	3.5651	inf	0.0000	0.0000	0.0000	0.0000	0.0001	0.0001	0.0000	0.0000	0.0000	0.0000	0.0015	0.0043	0.0000	0.0293	0.0293	0.0000	0.0000	0.0000	0.0000	0.0050	0.0094	-0.0000	-0.0000	1.0049	0.0418	0.9915	6.1659	0.0000	0.0000	0.0000	0.0000	0.0000	0.0000	0.0000	0.0000	0.0000	0.0000	0.0000	0.0000	0.0000	0.0000	0.0000	0.0000	0.0000	0.0000	0.0033	0.0030	0.0003	0.0009	0.0008	0.0000	0.0025	0.0022	0.0003	0.0461	0.0208	0.0253	0.0034	0.0032	0.0003	0.0426	0.0176	0.0251	0.0575	0.0287	0.0000	0.0096	0.0090	0.0000	3.5651	inf	0.0000	0.0004	0.0009	0.0000	0.0056	0.0061	0.0000	0.0000	0.0000	0.0000
15	28	0.1125	7	1	1	0	2	0	0	0	0	N	N	N	Y	N	N	N	N	N	N	N	N	0.0440	0.0478	0.0066	0.1036	0.1560	0.0000	0.0000	0.0000	0.0000	0.0000	0.0000	0.0000	0.0000	0.0000	0.0000	0.0000	0.0000	0.0000	0.0001	0.0001	0.0000	0.0002	0.0001	0.0000	0.0000	0.0002	0.0000	0.0024	11.7460	-0.0000	0.0000	1.0049	1.5398	0.9915	1.0296	0.0000	0.0000	0.0000	0.0000	0.0000	0.0000	0.0000	0.0000	0.0000	0.0000	0.0000	0.0000	0.0000	0.0000	0.0000	0.0000	0.0000	0.0000	0.0958	0.0858	0.0100	0.0234	0.0224	0.0010	0.0724	0.0634	0.0090	0.0187	0.0089	0.0098	0.0060	0.0052	0.0008	0.0127	0.0037	0.0090	0.5011	3.3826	0.0066	3.6080	8.4363	0.0000	0.0000	0.0000	0.0000	0.0000	0.0000	0.0000	0.0000	0.0000	0.0000	0.0000	0.0000	0.0000
15	29	0.1074	6	1	1	0	2	0	0	0	0	N	N	N	Y	N	N	N	N	N	N	N	N	0.0778	0.0463	0.0000	0.1225	0.1450	0.0000	0.0000	0.0000	0.0000	0.0000	0.0000	0.0001	0.0001	0.0000	0.0000	0.0000	0.0000	0.0002	0.0004	0.0000	0.0006	0.0006	0.0000	0.0000	0.0000	0.0000	0.0001	0.1958	-0.0000	-0.0000	1.0049	0.8816	0.9915	0.0702	0.0000	0.0000	0.0000	0.0000	0.0000	0.0000	0.0000	0.0000	0.0000	0.0000	0.0000	0.0000	0.0000	0.0000	0.0000	0.0000	0.0000	0.0000	0.0499	0.0444	0.0055	0.0104	0.0098	0.0006	0.0396	0.0347	0.0049	0.0079	0.0039	0.0039	0.0027	0.0024	0.0003	0.0052	0.0016	0.0036	0.2480	0.1664	0.0000	0.4763	0.4558	0.0000	0.0000	0.0000	0.0000	0.0001	0.0001	0.0000	0.0002	0.0002	0.0000	0.0000	0.0000	0.0000	
15	30	0.6730	10	1	1	0	2	0	0	0	0	N	N	N	Y	N	N	N	N	N	N	N	N	0.0000	0.0000	0.0000	0.0000	0.0000	0.0000	0.0000	0.0000	0.0000	0.0000	0.0000	0.0000	0.0000	0.0000	0.0000	0.0000	0.0000	0.0000	0.0000	0.0000	1.0049	0.0000	0.9915	0.0000	0.0000	0.0000	0.0000	0.0000	0.0000	0.0000	0.0000	0.0000	0.0000	0.0000	0.0000	0.0000	0.0000	0.0000	0.0000	0.0000	0.0000	0.0000	0.0000	0.0000	0.0000	0.0000	0.0000	0.0000	0.0000	0.0000	0.0000	0.0000	0.0000	0.0000	0.0000	0.0000	0.0000	0.0000	0.0000	0.0000	0.0000	0.0000	0.0000	0.0000	0.0000	0.0000	0.0000	0.0000	0.0000	0.0000	0.0000	0.0000	0.0000	0.0000	0.0000	0.0000	0.0000	0.0000											
15	31	0.6798	8	2	1	1	1	0	0	0	0	Y	N	N	N	N	N	N	N	N	N	N	N	0.0000	0.0000	0.0000	0.0000	0.0000	0.0000	0.0000	0.0000	0.0000	0.0000	0.0000	0.0000	0.0000	0.0000	0.0000	0.0000	0.0000	0.0000	0.0000	0.0000	1.0049	0.0000	0.9915	0.0000	0.0000	0.0000	0.0000	0.0000	0.0000	0.0000	0.0000	0.0000	0.0000	0.0000	0.0000	0.0000	0.0000	0.0000	0.0000	0.0000	0.0000	0.0000	0.0000	0.0000	0.0000	0.0000	0.0000	0.0000	0.0000	0.0000	0.0000	0.0000	0.0000	0.0000	0.0000	0.0000	0.0000	0.0000	0.0000	0.0000	0.0000	0.0000	0.0000	0.0000	0.0000	0.0000	0.0000	0.0000	0.0000	0.0000	0.0000	0.0000	0.0000	0.0000	0.0000	0.0000	0.0000	0.0000											
15	32	0.6156	6	1	2	0	1	0	0	0	0	N	Y	N	N	N	N	N	N	N	N	N	N	inf	inf	inf	inf	0.0001	0.0001	0.0000	0.0002	0.0002	0.0000	0.0000	0.0000	0.0000	0.0000	0.0000	0.0000	0.0000	0.0000	0.0000	0.0000	0.0000	0.0000	0.0000	-0.0000	0.0000	1.0049	0.0006	0.9915	3.0000	0.0000	0.0000	0.0000	0.0000	0.0000	0.0000	0.0000	0.0000	0.0000	0.0000	0.0000	0.0000	0.0000	0.0000	0.0000	0.0000	0.0000	0.0000	0.0001	0.0001	0.0000	0.0000	0.0000	0.0000	0.0000	0.0000	0.0000	0.0093	0.0049	0.0044	0.0035	0.0030	0.0005	0.0057	0.0019	0.0038	inf	inf	0.0000	inf	inf	0.0000	0.0000	0.0000	0.0000	0.0000	0.0000	0.0000	0.0000	0.0000	0.0000	0.0000	0.0000	0.0000						
15	33	0.6156	6	1	2	0	1	0	0	0	0	N	Y	N	N	N	N	N	N	N	N	N	N	9441.1008	inf	0.0000	inf	inf	0.0000	0.0000	9.2754	10.2112	0.0000	11.8692	12.8035	0.0000	0.0000	0.0000	0.0000	0.0010	0.0000	0.0007	0.0000	0.0000	0.0000	0.0007	0.0000	0.0008	0.0000	inf	-0.2597	0.0000	1.0049	2.0006	0.9915	8.0000	0.9983	0.9983	0.0000	0.9983	0.9983	0.0000	0.0000	0.0000	0.0000	0.0000	0.0000	0.0000	0.0000	0.0000	0.0000	0.0000	0.0000	0.0000	0.1076	0.0978	0.0099	0.0841	0.0780	0.0061	0.0235	0.0198	0.0037	0.0288	0.0153	0.0135	0.0111	0.0094	0.0016	0.0177	0.0059	0.0118	26680.3938	inf	0.0000	inf	inf	0.0000	0.0000	0.0000	0.0000	0.0003	0.0000	0.0007	0.0000	0.0000	0.0000	0.0006	0.0000	0.0008		
15	34	0.6569	7	2	2	0	1	0	0	0	0	Y	Y	N	N	N	N	N	N	N	N	N	N	3239.1740	inf	0.0001	69517.0263	inf	0.0000	0.0000	0.0002	2.8168	3.0931	0.0000	3.8137	4.1060	0.0000	0.0000	0.0000	0.0000	0.0009	0.0000	0.0007	0.0001	0.0000	0.0000	0.0009	0.0000	0.0009	0.0000	inf	-0.2598	0.0000	1.0049	10.0001	0.9915	4.0001	0.9984	0.9984	0.0000	0.9984	0.9984	0.0000	0.0000	0.0000	0.0000	0.0000	0.0000	0.0000	0.0000	0.0000	0.0000	0.0000	0.0000	0.0000	0.3545	0.3228	0.0317	0.2618	0.2432	0.0186	0.0927	0.0796	0.0130	0.0316	0.0179	0.0137	0.0157	0.0134	0.0023	0.0159	0.0044	0.0114	8888.7362	inf	0.0001	28536675.8440	inf	0.0000	0.0000	0.0000	0.0002	0.0003	0.0000	0.0007	0.0000	0.0000	0.0000	0.0006	0.0000	0.0009	
15	35	0.6156	6	1	2	0	1	0	0	0	0	N	Y	N	N	N	N	N	N	N	N	N	N	0.2330	0.1358	0.2422	0.2594	0.0008	0.0009	0.0000	0.0011	0.0012	0.0000	0.0000	0.0000	0.0000	0.0036	0.0068	0.0000	0.0044	0.0045	0.0000	0.0000	0.0000	0.0000	0.0000	0.0000	-0.0000	-0.0000	1.0049	3.0004	0.9915	2.0000	0.0001	0.0001	0.0000	0.0001	0.0001	0.0000	0.0000	0.0000	0.0000	0.0000	0.0000	0.0000	0.0000	0.0000	0.0000	0.0000	0.0000	0.0000	0.1555	0.1412	0.0143	0.1207	0.1118	0.0088	0.0349	0.0294	0.0055	0.0151	0.0080	0.0071	0.0058	0.0049	0.0009	0.0093	0.0031	0.0062	1.2631	0.7374	0.0000	0.6213	0.5708	0.0000	0.0000	0.0000	0.0000	0.0007	0.0012	0.0000	0.0017	0.0020	0.0000	0.0000	0.0000	0.0000					
15	36	0.0595	3	1	2	0	1	0	0	0	0	N	Y	N	N	N	N	N	N	N	N	N	N	3045.1226	1089.2603	0.0000	0.0000	inf	inf	6.1921	6.9353	0.0000	0.0000	0.0000	0.0000	8.0087	9.1259	0.0000	0.0020	0.0064	0.0000	1.7525	1.7664	0.0000	0.0000	0.0000	0.0000	0.0000	0.0000	-0.2598	-0.0000	1.0049	3.0000	0.9915	3.0000	0.9984	0.9984	0.0000	0.0000	0.0000	0.0000	0.9984	0.9984	0.0000	0.0000	0.0000	0.0000	0.0000	0.0000	0.0000	0.0000	0.0000	0.0000	0.1612	0.1440	0.0173	0.0366	0.0346	0.0020	0.1247	0.1094	0.0153	0.0406	0.0168	0.0238	0.0001	0.0001	0.0000	0.0405	0.0167	0.0238	12585.2388	5834.1189	0.0000	0.0000	0.0000	0.0000	inf	inf	0.0000	0.0005	0.0012	0.0000	0.1449	0.1454	0.0000	0.0000	0.0000	0.0000			
15	37	0.6458	7	2	2	0	1	0	0	0	0	Y	Y	N	N	N	N	N	N	N	N	N	N	inf	inf	inf	inf	inf	inf	0.0057	0.0000	0.0569	0.0000	0.0000	0.0002	0.0213	0.0000	0.1162	0.0000	0.0000	0.0000	0.0000	0.0000	0.0000	0.0000	0.0000	0.0000	inf	0.0009	0.0000	1.0049	4.2779	0.9915	3.9542	0.0013	0.0000	0.0013	0.0000	0.0000	0.0000	0.0013	0.0000	0.0013	0.0000	0.0000	0.0000	0.0000	0.0000	0.0000	0.0000	0.0000	0.0000	0.2211	0.1988	0.0223	0.1615	0.1501	0.0114	0.0595	0.0486	0.0109	0.0249	0.0128	0.0121	0.0091	0.0077	0.0014	0.0158	0.0051	0.0107	inf	0.0000	inf	inf	0.0000	inf	inf	0.0000	inf	0.0000	0.0000	0.0000	0.0000	0.0000	0.0000	0.0000	0.0000	0.0000				
15	38	0.1262	7	2	2	0	1	0	0	0	0	Y	Y	N	N	N	N	N	N	N	N	N	N	11.8532	8.4257	28.7590	0.0000	0.0000	0.0000	385.4135	5.1579	33.1528	0.0008	0.0009	0.0001	0.0000	0.0000	0.0000	0.0011	0.0012	0.0001	0.0001	0.0001	0.0000	0.0001	0.0001	0.0000	0.0000	0.0002	0.0000	0.0143	2.0476	-0.0000	0.0000	1.0049	2.8243	0.9915	1.0201	0.0001	0.0001	0.0000	0.0000	0.0000	0.0000	0.0001	0.0001	0.0000	0.0000	0.0000	0.0000	0.0000	0.0000	0.0000	0.0000	0.0000	0.0000	0.1586	0.1411	0.0175	0.0384	0.0360	0.0025	0.1202	0.1052	0.0150	0.0259	0.0120	0.0139	0.0078	0.0067	0.0011	0.0181	0.0053	0.0128	280.4337	437.3483	28.7590	0.0000	0.0000	0.0000	385.4135	1812.6761	33.1528	0.0000	0.0000	0.0000	0.0000	0.0000	0.0000	0.0000	0.0000	0.0000
15	39	0.6569	7	1	2	0	1	0	0	0	0	N	Y	N	N	N	N	N	N	N	N	N	N	3267.3586	inf	0.0000	inf	inf	0.0000	inf	0.0000	4.9770	5.4593	0.0000	6.5609	7.0608	0.0000	0.0000	0.0000	0.0000	0.0015	0.0000	0.0010	0.0000	0.0000	0.0000	0.0016	0.0000	0.0012	0.0000	inf	-0.2597	0.0000	1.0049	5.0001	0.9915	5.0000	0.9983	0.9983	0.0000	0.9983	0.9983	0.0000	0.0000	0.0000	0.0000	0.0000	0.0000	0.0000	0.0000	0.0000	0.0000	0.0000	0.0000	0.0000	0.2006	0.1829	0.0177	0.1522	0.1414	0.0108	0.0484	0.0415	0.0069	0.0233	0.0132	0.0101	0.0116	0.0099	0.0017	0.0117	0.0033	0.0085	11599.5126	inf	0.0000	inf	inf	0.0000	0.0001	inf	0.0000	0.0004	0.0000	0.0010	0.0000	0.0000	0.0000	0.0009	0.0000	0.0012	
15	40	0.0819	4	1	2	0	1	0	0	0	0	N	Y	N	N	N	N	N	N	N	N	N	N	0.0000	0.0000	0.0000	0.0000	0.0000	0.0000	0.0000	0.0000	0.0000	0.0000	0.0000	0.0000	0.0000	0.0000	0.0000	0.0000	0.0000	0.0000	0.0000	0.0000	1.0049	0.0000	0.9915	2.0000	0.0000	0.0000	0.0000	0.0000	0.0000	0.0000	0.0000	0.0000	0.0000	0.0000	0.0000	0.0000	0.0000	0.0000	0.0000	0.0000	0.0000	0.0000	0.0000	0.0000	0.0000	0.0000	0.0000	0.0000	0.0000	0.0000	0.0000	0.0087	0.0026	0.0061	0.0000	0.0000	0.0000	0.0086	0.0025	0.0061	0.0000	0.0000	0.0000	0.0000	0.0000	0.0000	0.0000	0.0000	0.0000	0.0000	0.0000	0.0000	0.0000	0.0000	0.0000	0.0000	0.0000	0.0000											
15	41	0.6569	7	1	2	0	1	0	0	0	0	N	Y	N	N	N	N	N	N	N	N	N	N	634.6233	inf	0.0000	inf	inf	0.0000	0.0000	4.2597	4.6737	0.0000	5.6470	6.0779	0.0000	0.0000	0.0000	0.0000	0.0067	0.0000	0.0022	0.0000	0.0000	0.0000	0.0084	0.0000	0.0026	0.0000	inf	-0.2598	0.0000	1.0049	5.9998	0.9915	3.0000	0.9984	0.9984	0.0000	0.9984	0.9984	0.0000	0.0000	0.0000	0.0000	0.0000	0.0000	0.0000	0.0000	0.0000	0.0000	0.0000	0.0000	0.0000	0.2344	0.2136	0.0208	0.1768	0.1643	0.0125	0.0576	0.0494	0.0082	0.0212	0.0120	0.0092	0.0105	0.0090	0.0015	0.0106	0.0030	0.0077	4504.8062	inf	0.0000	inf	inf	0.0000	0.0000	0.0000	0.0000	0.0009	0.0000	0.0022	0.0000	0.0000	0.0000	0.0019	0.0000	0.0026		
15	42	0.1480	8	1	2	1	2	0	0	0	0	N	Y	N	Y	N	N	N	N	N	N	N	N	45.3310	inf	0.0000	inf	inf	0.0000	0.0000	0.0024	0.0029	0.0000	0.0031	0.0038	0.0000	0.0000	0.0000	0.0000	0.0001	0.0000	0.0000	0.0000	0.0000	0.0000	0.0000	0.0000	0.0000	0.0000	inf	-0.0000	0.0000	1.0049	0.0011	0.9915	1.0134	0.0000	0.0000	0.0000	0.0000	0.0000	0.0000	0.0000	0.0000	0.0000	0.0000	0.0000	0.0000	0.0000	0.0000	0.0000	0.0000	0.0000	0.0000	0.0002	0.0002	0.0000	0.0001	0.0001	0.0000	0.0000	0.0000	0.0000	0.0047	0.0014	0.0034	0.0000	0.0000	0.0000	0.0047	0.0013	0.0034	1944.0739	inf	0.0000	inf	inf	0.0000	0.0000	0.0000	0.0000	0.0000	0.0000	0.0000	0.0000	0.0000	0.0000	0.0000	0.0000	0.0000		
15	43	0.1262	7	1	1	0	2	0	0	0	0	N	N	N	Y	N	N	N	N	N	N	N	N	136.5667	111.3343	0.0000	309.5011	378.0632	0.0000	0.0000	0.0000	0.0086	0.0096	0.0000	0.0354	0.0378	0.0000	0.0000	0.0000	0.0000	0.0001	0.0001	0.0000	0.0001	0.0001	0.0000	0.0000	0.0000	0.0000	0.0000	7.6565	-0.0004	0.0000	1.0049	2.8187	0.9915	0.0347	0.0014	0.0014	0.0000	0.0014	0.0014	0.0000	0.0000	0.0000	0.0000	0.0000	0.0000	0.0000	0.0000	0.0000	0.0000	0.0000	0.0000	0.0000	0.1584	0.1409	0.0175	0.0384	0.0359	0.0025	0.1200	0.1050	0.0150	0.0197	0.0091	0.0105	0.0060	0.0052	0.0009	0.0136	0.0040	0.0097	3360.4435	15183.7004	0.0000	26679.4746	33713.9401	0.0000	0.0000	0.0000	0.0000	0.0000	0.0000	0.0000	0.0000	0.0000	0.0000	0.0000	0.0000	0.0000	
15	44	0.1135	6	1	1	0	1	0	0	0	0	N	N	N	N	N	N	N	N	N	N	N	N	0.3920	0.2112	0.0000	0.6231	0.7414	0.0000	inf	inf	0.0000	0.0000	0.0000	0.0002	0.0002	0.0000	0.0000	0.0000	0.0000	0.0001	0.0002	0.0000	0.0003	0.0002	0.0000	0.0000	0.0000	0.0000	0.0000	0.0401	-0.0000	-0.0000	1.0049	0.9605	0.9915	1.0076	0.0000	0.0000	0.0000	0.0000	0.0000	0.0000	0.0000	0.0000	0.0000	0.0000	0.0000	0.0000	0.0000	0.0000	0.0000	0.0000	0.0000	0.0000	0.0539	0.0480	0.0059	0.0111	0.0104	0.0006	0.0428	0.0375	0.0053	0.0137	0.0063	0.0074	0.0042	0.0036	0.0006	0.0095	0.0028	0.0068	6.1119	3.3008	0.0000	9.0458	8.5534	0.0000	inf	inf	0.0000	0.0000	0.0000	0.0000	0.0000	0.0000	0.0000	0.0000	0.0000	0.0000	
15	45	0.6688	9	1	2	1	2	0	0	0	0	N	Y	N	Y	N	N	N	N	N	N	N	N	0.0000	0.0000	0.0000	0.0000	0.0000	0.0000	0.0000	0.0000	0.0000	0.0000	0.0000	0.0000	0.0000	0.0147	0.0000	0.0032	0.0000	0.0000	0.0000	0.0148	0.0000	0.0036	inf	0.0000	0.0000	1.0049	1.0000	0.9915	1.0000	0.0000	0.0000	0.0000	0.0000	0.0000	0.0000	0.0000	0.0000	0.0000	0.0000	0.0000	0.0000	0.0000	0.0000	0.0000	0.0000	0.0000	0.0000	0.0539	0.0489	0.0051	0.0413	0.0382	0.0031	0.0127	0.0106	0.0020	0.0065	0.0033	0.0032	0.0024	0.0020	0.0004	0.0041	0.0013	0.0028	0.0000	0.0000	0.0000	0.0000	0.0000	0.0000	0.0000	0.0000	0.0000	0.0015	0.0000	0.0032	0.0000	0.0000	0.0000	0.0024	0.0000	0.0036						
15	46	0.0595	3	1	2	0	1	0	0	0	0	N	Y	N	N	N	N	N	N	N	N	N	N	0.0000	0.0000	0.0000	0.0000	0.0000	0.0000	0.0000	0.0000	0.0000	0.0000	0.0000	0.0000	0.0000	0.0000	0.0000	0.0000	0.0000	0.0000	0.0000	0.0000	1.0049	0.0000	0.9915	0.0000	0.0000	0.0000	0.0000	0.0000	0.0000	0.0000	0.0000	0.0000	0.0000	0.0000	0.0000	0.0000	0.0000	0.0000	0.0000	0.0000	0.0000	0.0000	0.0000	0.0000	0.0000	0.0000	0.0000	0.0000	0.0000	0.0000	0.0000	0.0000	0.0000	0.0000	0.0000	0.0000	0.0000	0.0000	0.0000	0.0000	0.0000	0.0000	0.0000	0.0000	0.0000	0.0000	0.0000	0.0000	0.0000	0.0000	0.0000	0.0000	0.0000	0.0000	0.0000	0.0000	0.0000	0.0000											
15	47	0.1135	6	1	2	0	2	0	0	0	0	N	Y	N	Y	N	N	N	N	N	N	N	N	0.0000	0.0000	0.0000	0.0000	0.0000	0.0000	0.0000	0.0000	0.0000	0.0000	0.0000	0.0000	0.0000	0.0000	0.0000	0.0000	0.0000	0.0000	0.0000	0.0000	1.0049	0.0000	0.9915	1.0000	0.0000	0.0000	0.0000	0.0000	0.0000	0.0000	0.0000	0.0000	0.0000	0.0000	0.0000	0.0000	0.0000	0.0000	0.0000	0.0000	0.0000	0.0000	0.0000	0.0000	0.0000	0.0000	0.0000	0.0000	0.0000	0.0000	0.0000	0.0071	0.0033	0.0038	0.0022	0.0019	0.0003	0.0049	0.0014	0.0035	0.0000	0.0000	0.0000	0.0000	0.0000	0.0000	0.0000	0.0000	0.0000	0.0000	0.0000	0.0000	0.0000	0.0000	0.0000	0.0000	0.0000	0.0000											
15	48	0.0595	3	2	2	0	1	0	0	0	0	Y	Y	N	N	N	N	N	N	N	N	N	N	0.0000	0.0000	0.0000	0.0000	0.0000	0.0000	0.0000	0.0000	0.0000	0.0000	0.0000	0.0000	0.0000	0.0127	0.0411	0.0000	2.7155	2.7469	0.0000	0.0000	0.0000	0.0000	0.0000	0.0000	-0.0000	1.0049	0.0000	0.9915	4.0000	0.0000	0.0000	0.0000	0.0000	0.0000	0.0000	0.0000	0.0000	0.0000	0.0000	0.0000	0.0000	0.0000	0.0000	0.0000	0.0000	0.0000	0.0000	0.0000	0.0000	0.0000	0.0000	0.0000	0.0000	0.0000	0.0000	0.0000	0.0282	0.0117	0.0165	0.0001	0.0001	0.0000	0.0281	0.0116	0.0165	0.0000	0.0000	0.0000	0.0000	0.0000	0.0000	0.0000	0.0000	0.0000	0.0014	0.0034	0.0000	0.4295	0.4310	0.0000	0.0000	0.0000	0.0000						
15	49	0.1342	7	1	1	1	1	0	0	0	0	N	N	N	N	N	N	N	N	N	N	N	N	0.0000	0.0000	0.0000	0.0000	0.0000	0.0000	0.0000	0.0000	0.0000	0.0000	0.0000	0.0000	0.0000	0.0000	0.0000	0.0000	0.0000	0.0000	0.0000	0.0000	1.0049	0.0000	0.9915	0.0000	0.0000	0.0000	0.0000	0.0000	0.0000	0.0000	0.0000	0.0000	0.0000	0.0000	0.0000	0.0000	0.0000	0.0000	0.0000	0.0000	0.0000	0.0000	0.0000	0.0000	0.0000	0.0000	0.0000	0.0000	0.0000	0.0000	0.0000	0.0000	0.0000	0.0000	0.0000	0.0000	0.0000	0.0000	0.0000	0.0000	0.0000	0.0000	0.0000	0.0000	0.0000	0.0000	0.0000	0.0000	0.0000	0.0000	0.0000	0.0000	0.0000	0.0000	0.0000	0.0000	0.0000	0.0000											
15	50	0.6779	8	1	1	1	1	0	0	0	0	N	N	N	N	N	N	N	N	N	N	N	N	0.0000	0.0000	0.0000	0.0000	0.0000	0.0000	0.0000	0.0000	0.0000	0.0000	0.0000	0.0000	0.0000	0.0000	0.0000	0.0000	0.0000	0.0000	0.0000	0.0000	1.0049	1.0000	0.9915	1.0000	0.0000	0.0000	0.0000	0.0000	0.0000	0.0000	0.0000	0.0000	0.0000	0.0000	0.0000	0.0000	0.0000	0.0000	0.0000	0.0000	0.0000	0.0000	0.0402	0.0361	0.0041	0.0301	0.0274	0.0026	0.0101	0.0086	0.0015	0.0052	0.0027	0.0025	0.0023	0.0020	0.0004	0.0028	0.0007	0.0021	0.0000	0.0000	0.0000	0.0000	0.0000	0.0000	0.0000	0.0000	0.0000	0.0000	0.0000	0.0000	0.0000	0.0000	0.0000	0.0000	0.0000	0.0000											
15	51	0.6824	8	1	2	0	1	0	0	0	0	N	Y	N	N	N	N	N	N	N	N	N	N	1.0350	0.0000	69888.6625	0.0033	0.0000	inf	35127.4897	78810.4380	0.0259	0.0000	0.1784	0.0001	0.0000	0.0022	0.0684	0.0000	0.2161	0.0250	0.0459	0.0000	0.0273	0.0295	0.0000	0.0000	0.0000	0.0000	inf	0.0005	0.0000	-0.0000	1.0049	0.0003	0.9915	0.9690	0.0000	0.0000	0.0000	0.0000	0.0000	0.0000	0.0000	0.0000	0.0000	0.0000	0.0000	0.0000	0.0000	0.0000	0.0000	0.0000	0.0000	0.0000	0.0000	0.0000	0.0000	0.0000	0.0000	0.0000	0.0000	0.0000	0.0000	0.0045	0.0027	0.0018	0.0018	0.0016	0.0002	0.0027	0.0011	0.0016	12.0797	0.0000	69888.6625	0.0167	0.0000	inf	35127.4897	0.0000	78810.4380	0.0021	0.0036	0.0000	0.0055	0.0062	0.0000	0.0000	0.0000	0.0000	
15	52	0.1375	7	1	2	0	1	0	0	0	0	N	Y	N	N	N	N	N	N	N	N	N	N	0.0000	0.0000	0.0000	0.0000	0.0000	0.0000	0.0000	0.0000	0.0000	0.0000	0.0000	0.0000	0.0000	0.0000	0.0000	0.0001	0.0000	0.0000	0.0001	0.0000	0.0000	0.0000	0.0000	0.0000	inf	0.0000	0.0000	1.0049	0.9211	0.9915	0.1671	0.0000	0.0000	0.0000	0.0000	0.0000	0.0000	0.0000	0.0000	0.0000	0.0000	0.0000	0.0000	0.0000	0.0000	0.0000	0.0000	0.0000	0.0000	0.0812	0.0689	0.0123	0.0398	0.0327	0.0071	0.0414	0.0362	0.0052	0.0079	0.0036	0.0042	0.0025	0.0021	0.0003	0.0054	0.0015	0.0039	0.0000	0.0000	0.0000	0.0000	0.0000	0.0000	0.0000	0.0000	0.0000	0.0000	0.0000	0.0000	0.0000	0.0000	0.0000	0.0000	0.0000	0.0000				
15	53	0.6688	9	1	2	0	1	0	0	0	0	N	Y	N	N	N	N	N	N	N	N	N	N	35.8271	inf	0.0000	inf	inf	0.0000	0.0000	0.0847	0.0935	0.0000	0.1107	0.1196	0.0000	0.0000	0.0000	0.0000	0.0024	0.0000	0.0011	0.0000	0.0000	0.0000	0.0015	0.0000	0.0012	0.0000	inf	-0.0012	0.0000	1.0049	1.0000	0.9915	5.0000	0.0046	0.0046	0.0000	0.0046	0.0046	0.0000	0.0000	0.0000	0.0000	0.0000	0.0000	0.0000	0.0000	0.0000	0.0000	0.0000	0.0000	0.0000	0.0539	0.0489	0.0051	0.0413	0.0382	0.0031	0.0127	0.0106	0.0020	0.0188	0.0097	0.0091	0.0069	0.0059	0.0010	0.0119	0.0038	0.0081	159.0841	inf	0.0000	inf	inf	0.0000	0.0000	0.0000	0.0000	0.0005	0.0000	0.0011	0.0000	0.0000	0.0000	0.0008	0.0000	0.0012		
15	54	0.6536	8	1	1	0	1	0	0	0	0	N	N	N	N	N	N	N	N	N	N	N	N	1810.3135	509288.4369	262440.7164	524547.1930	0.0313	0.0000	0.1997	0.0000	0.0000	0.0000	0.0790	0.0000	0.2316	0.0000	0.0000	0.0000	0.0000	0.0000	0.0000	0.0000	0.0000	0.0000	inf	inf	0.0000	0.0000	1.0049	0.0000	0.9915	2.9157	0.0000	0.0000	0.0000	0.0000	0.0000	0.0000	0.0000	0.0000	0.0000	0.0000	0.0000	0.0000	0.0000	0.0000	0.0000	0.0000	0.0000	0.0000	0.0000	0.0000	0.0000	0.0000	0.0000	0.0000	0.0000	0.0000	0.0000	0.0094	0.0048	0.0046	0.0034	0.0029	0.0005	0.0060	0.0019	0.0041	163115.3702	0.0000	509288.4369	0.0000	0.0000	0.0000	262440.7164	0.0000	524547.1930	0.0000	0.0000	0.0000	0.0000	0.0000	0.0000	0.0000	0.0000	0.0000					
15	55	0.1135	6	1	2	0	1	0	0	0	0	N	Y	N	N	N	N	N	N	N	N	N	N	14.9447	5.8635	23.3202	25.3334	0.0126	0.0142	0.0000	0.0607	0.0644	0.0000	0.0000	0.0000	0.0000	0.0008	0.0024	0.0000	0.0026	0.0025	0.0000	0.0000	0.0000	0.0000	0.0000	0.0000	-0.0004	-0.0000	1.0049	2.0000	0.9915	3.0000	0.0014	0.0014	0.0000	0.0014	0.0014	0.0000	0.0000	0.0000	0.0000	0.0000	0.0000	0.0000	0.0000	0.0000	0.0000	0.0000	0.0000	0.0000	0.1076	0.0959	0.0117	0.0224	0.0211	0.0013	0.0852	0.0747	0.0105	0.0327	0.0150	0.0178	0.0096	0.0082	0.0014	0.0231	0.0068	0.0163	41.3672	21.2243	0.0000	58.4278	52.8010	0.0000	0.0000	0.0000	0.0000	0.0003	0.0007	0.0000	0.0010	0.0012	0.0000	0.0000	0.0000	0.0000					
15	56	0.6458	7	1	2	0	2	0	0	0	0	N	Y	N	Y	N	N	N	N	N	N	N	N	25.9310	inf	0.0000	inf	inf	0.0000	0.0000	0.0306	0.0344	0.0000	0.0424	0.0454	0.0000	0.0000	0.0000	0.0000	0.0012	0.0000	0.0008	0.0000	0.0000	0.0000	0.0008	0.0000	0.0009	0.0000	inf	-0.0009	0.0000	1.0049	1.7218	0.9915	6.9557	0.0033	0.0033	0.0000	0.0033	0.0033	0.0000	0.0000	0.0000	0.0000	0.0000	0.0000	0.0000	0.0000	0.0000	0.0000	0.0000	0.0000	0.0000	0.1078	0.0960	0.0118	0.0778	0.0727	0.0051	0.0299	0.0233	0.0066	0.0262	0.0134	0.0127	0.0096	0.0081	0.0015	0.0166	0.0053	0.0113	80.1300	inf	0.0000	inf	inf	0.0000	0.0000	0.0000	0.0000	0.0004	0.0000	0.0008	0.0000	0.0000	0.0000	0.0006	0.0000	0.0009		
15	57	0.6569	7	2	1	1	1	0	0	0	0	Y	N	N	N	N	N	N	N	N	N	N	N	inf	inf	inf	inf	0.0140	0.0000	0.1570	0.0189	0.0000	0.2651	0.0000	0.0000	0.0000	0.0000	0.0000	0.0000	0.0000	0.0000	0.0000	0.0000	0.0000	0.0000	inf	0.0034	0.0000	1.0049	8.9999	0.9915	5.0001	0.0046	0.0000	0.0046	0.0046	0.0000	0.0046	0.0000	0.0000	0.0000	0.0000	0.0000	0.0000	0.0000	0.0000	0.0000	0.0000	0.0000	0.0000	0.3265	0.2974	0.0291	0.2424	0.2251	0.0172	0.0841	0.0722	0.0119	0.0316	0.0179	0.0137	0.0157	0.0134	0.0023	0.0158	0.0044	0.0114	inf	0.0000	inf	inf	0.0000	inf	0.0000	0.0000	0.0000	0.0000	0.0000	0.0000	0.0000	0.0000	0.0000	0.0000	0.0000	0.0000						
15	58	0.0595	3	2	1	1	1	0	0	0	0	Y	N	N	N	N	N	N	N	N	N	N	N	0.0000	0.0000	0.0000	0.0000	0.0000	0.0000	0.0000	0.0000	0.0000	0.0000	0.0000	0.0000	0.0000	0.0000	0.0000	0.0000	0.0000	0.0000	0.0000	0.0000	1.0049	0.0000	0.9915	1.0000	0.0000	0.0000	0.0000	0.0000	0.0000	0.0000	0.0000	0.0000	0.0000	0.0000	0.0000	0.0000	0.0000	0.0000	0.0000	0.0000	0.0000	0.0000	0.0000	0.0000	0.0000	0.0000	0.0000	0.0000	0.0000	0.0000	0.0000	0.0075	0.0031	0.0044	0.0000	0.0000	0.0000	0.0075	0.0031	0.0044	0.0000	0.0000	0.0000	0.0000	0.0000	0.0000	0.0000	0.0000	0.0000	0.0000	0.0000	0.0000	0.0000	0.0000	0.0000	0.0000	0.0000	0.0000											
15	59	0.6824	8	1	1	1	1	0	0	0	0	N	N	N	N	N	N	N	N	N	N	N	N	72.9487	716.4824	0.0801	0.5213	32128.3191	69224.9650	0.0175	0.0000	0.1365	0.0001	0.0000	0.0011	0.0532	0.0000	0.1887	0.0002	0.0000	0.0002	0.0007	0.0000	0.0021	0.0000	0.0000	0.0000	inf	inf	0.0000	0.0000	1.0049	0.0006	0.9915	1.1867	0.0000	0.0000	0.0000	0.0000	0.0000	0.0000	0.0000	0.0000	0.0000	0.0000	0.0000	0.0000	0.0000	0.0000	0.0000	0.0000	0.0000	0.0000	0.0001	0.0001	0.0000	0.0000	0.0000	0.0000	0.0000	0.0000	0.0000	0.0052	0.0030	0.0022	0.0020	0.0018	0.0002	0.0032	0.0013	0.0019	219.4657	0.0000	716.4824	0.2787	0.0000	0.6187	32128.3191	0.0000	69224.9650	0.0001	0.0000	0.0002	0.0002	0.0000	0.0017	0.0000	0.0000	0.0000			
15	60	0.6458	7	1	1	0	1	0	0	0	0	N	N	N	N	N	N	N	N	N	N	N	N	74.9365	0.0220	inf	0.0892	0.0203	inf	inf	inf	0.0095	0.0000	0.0894	0.0000	0.0000	0.0004	0.0347	0.0000	0.1670	0.0001	0.0003	0.0000	0.0004	0.0004	0.0000	0.0000	0.0000	0.0000	1750.1526	0.0000	0.0009	-0.0000	1.0049	2.2785	0.9915	4.8627	0.0013	0.0000	0.0013	0.0000	0.0000	0.0000	0.0013	0.0000	0.0013	0.0000	0.0000	0.0000	0.0000	0.0000	0.0000	0.0000	0.0000	0.0000	0.1343	0.1201	0.0142	0.0978	0.0912	0.0066	0.0365	0.0289	0.0076	0.0219	0.0112	0.0106	0.0080	0.0068	0.0012	0.0139	0.0045	0.0094	499.1849	0.1636	inf	0.6905	0.1301	inf	inf	0.0000	inf	0.0000	0.0000	0.0000	0.0001	0.0001	0.0000	0.0000	0.0000	0.0000	
15	61	0.1375	7	1	1	1	1	0	0	0	0	N	N	N	N	N	N	N	N	N	N	N	N	0.0000	0.0000	0.0000	0.0000	0.0000	0.0000	0.0000	0.0000	0.0000	0.0000	0.0000	0.0000	0.0000	0.0000	0.0000	0.0001	0.0000	0.0000	0.0001	0.0000	0.0000	0.0000	0.0000	0.0000	inf	0.0000	0.0000	1.0049	1.0901	0.9915	7.9319	0.0000	0.0000	0.0000	0.0000	0.0000	0.0000	0.0000	0.0000	0.0000	0.0000	0.0000	0.0000	0.0000	0.0000	0.0000	0.0000	0.0000	0.0000	0.0901	0.0769	0.0132	0.0415	0.0343	0.0071	0.0486	0.0425	0.0061	0.0551	0.0246	0.0304	0.0158	0.0134	0.0024	0.0392	0.0112	0.0280	0.0000	0.0000	0.0000	0.0000	0.0000	0.0000	0.0000	0.0000	0.0000	0.0000	0.0000	0.0000	0.0000	0.0000	0.0000	0.0000	0.0000	0.0000				
15	62	0.1074	6	1	1	0	1	0	0	0	0	N	N	N	N	N	N	N	N	N	N	N	N	0.0524	0.0331	0.0000	0.1084	0.1212	0.0000	0.0000	0.0000	0.0000	0.0000	0.0000	0.0000	0.0000	0.0000	0.0000	0.0000	0.0000	0.0001	0.0002	0.0000	0.0002	0.0002	0.0000	0.0000	0.0000	0.0000	0.0002	1.3120	-0.0000	0.0000	1.0049	1.6797	0.9915	2.9843	0.0000	0.0000	0.0000	0.0000	0.0000	0.0000	0.0000	0.0000	0.0000	0.0000	0.0000	0.0000	0.0000	0.0000	0.0000	0.0000	0.0000	0.0000	0.0918	0.0818	0.0100	0.0192	0.0181	0.0011	0.0727	0.0637	0.0089	0.0320	0.0148	0.0172	0.0098	0.0085	0.0014	0.0222	0.0064	0.0158	0.8578	1.0309	0.0000	2.8421	2.6624	0.0000	0.0000	0.0000	0.0000	0.0000	0.0000	0.0000	0.0000	0.0000	0.0000	0.0000	0.0000	0.0000	
15	63	0.0973	5	1	1	0	1	0	0	0	0	N	N	N	N	N	N	N	N	N	N	N	N	2.2418	1.2687	0.0000	3.2578	3.5807	0.0000	4.0446	0.0397	0.0000	0.0003	0.0004	0.0000	0.0015	0.0016	0.0000	0.0000	0.0000	0.0000	0.0001	0.0003	0.0000	0.0005	0.0004	0.0000	0.0000	0.0003	0.0000	0.0000	0.0815	-0.0000	-0.0000	1.0049	0.4935	0.9915	1.5835	0.0000	0.0000	0.0000	0.0000	0.0000	0.0000	0.0000	0.0000	0.0000	0.0000	0.0000	0.0000	0.0000	0.0000	0.0000	0.0000	0.0000	0.0000	0.0285	0.0253	0.0031	0.0060	0.0056	0.0004	0.0225	0.0197	0.0028	0.0163	0.0083	0.0081	0.0052	0.0046	0.0006	0.0111	0.0037	0.0074	12.4791	7.6814	0.0000	19.7994	18.8776	0.0000	4.0446	10.1641	0.0000	0.0000	0.0000	0.0000	0.0001	0.0001	0.0000	0.0000	0.0000	0.0000
15	64	0.1342	7	1	2	0	1	0	0	0	0	N	Y	N	N	N	N	N	N	N	N	N	N	0.0311	0.0348	0.0128	0.0433	0.0622	0.0000	0.0008	0.0000	0.0103	0.0000	0.0000	0.0000	0.0000	0.0000	0.0000	0.0000	0.0000	0.0000	0.0001	0.0001	0.0000	0.0002	0.0002	0.0001	0.0001	0.0003	0.0000	0.0092	13.5116	-0.0000	0.0000	1.0049	0.2944	0.9915	1.0083	0.0000	0.0000	0.0000	0.0000	0.0000	0.0000	0.0000	0.0000	0.0000	0.0000	0.0000	0.0000	0.0000	0.0000	0.0000	0.0000	0.0000	0.0000	0.0571	0.0528	0.0043	0.0246	0.0243	0.0003	0.0325	0.0285	0.0040	0.0088	0.0043	0.0045	0.0030	0.0026	0.0004	0.0058	0.0017	0.0041	0.1895	1.4277	0.0128	0.8263	2.2085	0.0000	0.0017	0.0000	0.0103	0.0000	0.0000	0.0000	0.0000	0.0000	0.0001	0.0000	0.0000	0.0000
15	65	0.1135	6	1	1	0	1	0	0	0	0	N	N	N	N	N	N	N	N	N	N	N	N	0.0256	0.0135	0.0000	0.0378	0.0410	0.0000	0.0000	0.0000	0.0000	0.0000	0.0000	0.0000	0.0000	0.0000	0.0000	0.0001	0.0003	0.0000	0.0005	0.0005	0.0000	0.0000	0.0000	0.0000	0.0000	0.0029	-0.0000	-0.0000	1.0049	1.1351	0.9915	2.0429	0.0000	0.0000	0.0000	0.0000	0.0000	0.0000	0.0000	0.0000	0.0000	0.0000	0.0000	0.0000	0.0000	0.0000	0.0000	0.0000	0.0000	0.0000	0.0632	0.0563	0.0069	0.0130	0.0123	0.0007	0.0502	0.0440	0.0062	0.0216	0.0099	0.0117	0.0065	0.0055	0.0009	0.0151	0.0044	0.0107	0.1496	0.0775	0.0000	0.2185	0.1988	0.0000	0.0000	0.0000	0.0000	0.0000	0.0001	0.0000	0.0001	0.0001	0.0000	0.0000	0.0000	0.0000			
15	66	0.0973	5	1	1	0	1	0	0	0	0	N	N	N	N	N	N	N	N	N	N	N	N	2.6695	1.3344	0.0000	3.8161	4.2353	5.4937	0.0434	0.0000	0.0003	0.0003	0.0000	0.0014	0.0015	0.0000	0.0000	0.0000	0.0000	0.0001	0.0003	0.0000	0.0004	0.0004	0.0000	0.0000	0.0003	0.0000	0.0000	0.0829	-0.0000	-0.0000	1.0049	0.4912	0.9915	2.4266	0.0000	0.0000	0.0000	0.0000	0.0000	0.0000	0.0000	0.0000	0.0000	0.0000	0.0000	0.0000	0.0000	0.0000	0.0000	0.0000	0.0000	0.0000	0.0283	0.0252	0.0031	0.0060	0.0056	0.0004	0.0224	0.0196	0.0028	0.0218	0.0107	0.0111	0.0068	0.0059	0.0009	0.0150	0.0048	0.0102	21.1275	12.6106	0.0000	33.2404	30.8609	0.0000	5.4937	13.3053	0.0000	0.0000	0.0000	0.0000	0.0000	0.0000	0.0000	0.0000	0.0000	0.0000	
15	67	0.0921	4	1	1	0	1	0	0	0	0	N	N	N	N	N	N	N	N	N	N	N	N	5.1208	5.5356	0.0000	7.0968	9.6118	0.0000	240.0999	4.7901	0.0000	0.0114	0.0128	0.0000	0.0250	0.0274	0.0000	0.0031	0.0035	0.0000	0.0022	0.0023	0.0000	0.0035	0.0028	0.0002	0.0000	0.0007	0.0000	0.0000	0.0114	-0.0001	-0.0000	1.0049	0.6141	0.9915	1.2701	0.0005	0.0005	0.0000	0.0004	0.0004	0.0000	0.0001	0.0001	0.0000	0.0000	0.0000	0.0000	0.0000	0.0000	0.0000	0.0000	0.0000	0.0000	0.0451	0.0401	0.0050	0.0171	0.0156	0.0015	0.0280	0.0245	0.0035	0.0444	0.0353	0.0091	0.0166	0.0163	0.0003	0.0278	0.0190	0.0088	21.9797	19.8411	0.0000	18.2989	19.7299	0.0000	268.4446	510.3693	0.0000	0.0005	0.0006	0.0000	0.0014	0.0014	0.0002	0.0000	0.0000	0.0000
15	68	0.0595	3	2	2	1	1	0	0	0	0	Y	Y	N	N	N	N	N	N	N	N	N	N	0.0000	0.0000	0.0000	0.0000	0.0000	0.0000	0.0000	0.0000	0.0000	0.0000	0.0000	0.0000	0.0000	0.0000	0.0000	0.0000	0.0000	0.0000	0.0000	0.0000	1.0049	0.0000	0.9915	0.0000	0.0000	0.0000	0.0000	0.0000	0.0000	0.0000	0.0000	0.0000	0.0000	0.0000	0.0000	0.0000	0.0000	0.0000	0.0000	0.0000	0.0000	0.0000	0.0000	0.0000	0.0000	0.0000	0.0000	0.0000	0.0000	0.0000	0.0000	0.0000	0.0000	0.0000	0.0000	0.0000	0.0000	0.0000	0.0000	0.0000	0.0000	0.0000	0.0000	0.0000	0.0000	0.0000	0.0000	0.0000	0.0000	0.0000	0.0000	0.0000	0.0000	0.0000	0.0000	0.0000	0.0000	0.0000											
15	69	0.7022	9	2	2	1	1	0	0	0	0	Y	Y	N	N	N	N	N	N	N	N	N	N	0.0000	0.0000	0.0000	0.0000	0.0000	0.0000	0.0000	0.0000	0.0000	0.0000	0.0000	0.0000	0.0000	0.0000	0.0000	0.0000	0.0000	0.0000	0.0000	0.0000	1.0049	1.0000	0.9915	0.0000	0.0000	0.0000	0.0000	0.0000	0.0000	0.0000	0.0000	0.0000	0.0000	0.0000	0.0000	0.0000	0.0000	0.0000	0.0000	0.0000	0.0000	0.0000	0.0806	0.0737	0.0069	0.0635	0.0591	0.0044	0.0171	0.0146	0.0025	0.0040	0.0023	0.0017	0.0023	0.0020	0.0003	0.0017	0.0003	0.0013	0.0000	0.0000	0.0000	0.0000	0.0000	0.0000	0.0000	0.0000	0.0000	0.0000	0.0000	0.0000	0.0000	0.0000	0.0000	0.0000	0.0000	0.0000											
15	70	0.7022	9	2	2	1	1	0	0	0	0	Y	Y	N	N	N	N	N	N	N	N	N	N	0.0000	0.0000	0.0000	0.0000	0.0000	0.0000	0.0000	0.0000	0.0000	0.0000	0.0000	0.0000	0.0000	0.0000	0.0000	0.0000	0.0000	0.0000	0.0000	0.0000	1.0049	0.0000	0.9915	0.0000	0.0000	0.0000	0.0000	0.0000	0.0000	0.0000	0.0000	0.0000	0.0000	0.0000	0.0000	0.0000	0.0000	0.0000	0.0000	0.0000	0.0000	0.0000	0.0000	0.0000	0.0000	0.0000	0.0000	0.0000	0.0000	0.0000	0.0000	0.0000	0.0000	0.0000	0.0000	0.0000	0.0000	0.0000	0.0000	0.0000	0.0000	0.0000	0.0000	0.0000	0.0000	0.0000	0.0000	0.0000	0.0000	0.0000	0.0000	0.0000	0.0000	0.0000	0.0000	0.0000	0.0000	0.0000											
15	71	0.6798	8	2	2	1	1	0	0	0	0	Y	Y	N	N	N	N	N	N	N	N	N	N	0.0000	0.0000	0.0000	0.0000	0.0000	0.0000	0.0000	0.0000	0.0000	0.0000	0.0000	0.0000	0.0000	0.0000	0.0000	0.0000	0.0000	0.0000	0.0000	0.0000	1.0049	2.0000	0.9915	1.0000	0.0000	0.0000	0.0000	0.0000	0.0000	0.0000	0.0000	0.0000	0.0000	0.0000	0.0000	0.0000	0.0000	0.0000	0.0000	0.0000	0.0000	0.0000	0.1525	0.1392	0.0133	0.1186	0.1102	0.0084	0.0339	0.0290	0.0049	0.0117	0.0068	0.0049	0.0068	0.0058	0.0010	0.0050	0.0010	0.0040	0.0000	0.0000	0.0000	0.0000	0.0000	0.0000	0.0000	0.0000	0.0000	0.0000	0.0000	0.0000	0.0000	0.0000	0.0000	0.0000	0.0000	0.0000											
15	72	0.6569	7	2	1	1	1	0	0	0	0	Y	N	N	N	N	N	N	N	N	N	N	N	0.0000	0.0000	0.0000	0.0000	0.0000	0.0000	0.0000	0.0000	0.0000	0.0000	0.0000	0.0000	0.0000	0.0000	0.0000	133.4121	0.0000	306.6666	0.0630	0.0000	0.1656	265.3050	0.0000	366.8286	inf	inf	0.0000	0.4735	1.0049	1.0017	0.9915	2.0007	0.0000	0.0000	0.0000	0.0000	0.0000	0.0000	0.0000	0.0000	0.0000	0.9905	0.0000	0.9905	0.0000	0.0000	0.0000	0.9904	0.0000	0.9904	0.0455	0.0415	0.0040	0.0354	0.0329	0.0025	0.0101	0.0086	0.0015	0.0074	0.0042	0.0032	0.0037	0.0032	0.0005	0.0037	0.0010	0.0027	0.0000	0.0000	0.0000	0.0000	0.0000	0.0000	0.0000	0.0000	0.0000	133.4121	0.0000	306.6666	0.0081	0.0000	0.0566	265.3050	0.0000	366.8286			
15	73	0.0403	2	2	2	0	1	0	0	0	0	Y	Y	N	N	N	N	N	N	N	N	N	N	inf	inf	inf	inf	0.0199	0.0239	0.0000	0.0793	0.0804	0.0000	0.0000	0.0000	0.0000	0.0000	0.0000	0.0000	0.0000	0.0000	0.0000	0.0000	0.0000	0.0000	0.0000	-0.0000	0.0000	1.0049	0.0000	0.9915	0.0000	0.0000	0.0000	0.0000	0.0000	0.0000	0.0000	0.0000	0.0000	0.0000	0.0000	0.0000	0.0000	0.0000	0.0000	0.0000	0.0000	0.0000	0.0000	0.0000	0.0000	0.0000	0.0000	0.0000	0.0000	0.0000	0.0000	0.0000	0.0000	0.0000	0.0000	0.0000	0.0000	0.0000	0.0000	0.0000	0.0000	inf	inf	0.0000	inf	inf	0.0000	0.0000	0.0000	0.0000	0.0000	0.0000	0.0000	0.0000	0.0000	0.0000	0.0000	0.0000	0.0000						
15	74	0.6839	8	2	2	0	1	0	0	0	0	Y	Y	N	N	N	N	N	N	N	N	N	N	0.0000	0.0000	0.0000	0.0000	0.0000	0.0000	0.0000	0.0000	0.0000	0.0000	0.0000	0.0000	0.0000	0.0000	0.0000	0.0000	0.0000	0.0000	0.0000	0.0000	1.0049	0.0000	0.9915	0.0010	0.0000	0.0000	0.0000	0.0000	0.0000	0.0000	0.0000	0.0000	0.0000	0.0000	0.0000	0.0000	0.0000	0.0000	0.0000	0.0000	0.0000	0.0000	0.0000	0.0000	0.0000	0.0000	0.0000	0.0000	0.0000	0.0000	0.0000	0.0000	0.0000	0.0000	0.0000	0.0000	0.0000	0.0000	0.0000	0.0000	0.0000	0.0000	0.0000	0.0000	0.0000	0.0000	0.0000	0.0000	0.0000	0.0000	0.0000	0.0000	0.0000	0.0000	0.0000	0.0000	0.0000	0.0000											
15	75	0.6730	10	1	2	0	2	0	0	0	0	N	Y	N	Y	N	N	N	N	N	N	N	N	0.0000	0.0000	0.0000	0.0000	0.0000	0.0000	0.0000	0.0000	0.0000	0.0000	0.0000	0.0000	0.0000	0.0000	0.0000	0.0000	0.0000	0.0000	0.0000	0.0000	1.0049	0.0000	0.9915	0.0000	0.0000	0.0000	0.0000	0.0000	0.0000	0.0000	0.0000	0.0000	0.0000	0.0000	0.0000	0.0000	0.0000	0.0000	0.0000	0.0000	0.0000	0.0000	0.0000	0.0000	0.0000	0.0000	0.0000	0.0000	0.0000	0.0000	0.0000	0.0000	0.0000	0.0000	0.0000	0.0000	0.0000	0.0000	0.0000	0.0000	0.0000	0.0000	0.0000	0.0000	0.0000	0.0000	0.0000	0.0000	0.0000	0.0000	0.0000	0.0000	0.0000	0.0000	0.0000	0.0000	0.0000	0.0000											
15	76	0.6730	10	1	1	0	2	0	0	0	0	N	N	N	Y	N	N	N	N	N	N	N	N	0.0000	0.0000	0.0000	0.0000	0.0000	0.0000	0.0000	0.0000	0.0000	0.0000	0.0000	0.0000	0.0000	0.0000	0.0000	0.0000	0.0000	0.0000	0.0000	0.0000	1.0049	0.0000	0.9915	0.0000	0.0000	0.0000	0.0000	0.0000	0.0000	0.0000	0.0000	0.0000	0.0000	0.0000	0.0000	0.0000	0.0000	0.0000	0.0000	0.0000	0.0000	0.0000	0.0000	0.0000	0.0000	0.0000	0.0000	0.0000	0.0000	0.0000	0.0000	0.0000	0.0000	0.0000	0.0000	0.0000	0.0000	0.0000	0.0000	0.0000	0.0000	0.0000	0.0000	0.0000	0.0000	0.0000	0.0000	0.0000	0.0000	0.0000	0.0000	0.0000	0.0000	0.0000	0.0000	0.0000	0.0000	0.0000											
15	77	0.6577	9	1	1	0	2	0	0	0	0	N	N	N	Y	N	N	N	N	N	N	N	N	0.0000	0.0000	0.0000	0.0000	0.0000	0.0000	0.0000	0.0000	0.0000	0.0000	0.0000	0.0000	0.0000	0.0000	0.0000	0.0000	0.0000	0.0000	0.0000	0.0000	0.0000	0.0000	inf	0.0000	0.0000	1.0049	0.0002	0.9915	2.9297	0.0000	0.0000	0.0000	0.0000	0.0000	0.0000	0.0000	0.0000	0.0000	0.0000	0.0000	0.0000	0.0000	0.0000	0.0000	0.0000	0.0000	0.0000	0.0000	0.0000	0.0000	0.0000	0.0000	0.0000	0.0000	0.0000	0.0000	0.0096	0.0049	0.0047	0.0035	0.0030	0.0005	0.0061	0.0019	0.0042	0.0000	0.0000	0.0000	0.0000	0.0000	0.0000	0.0000	0.0000	0.0000	0.0000	0.0000	0.0000	0.0000	0.0000	0.0000	0.0000	0.0000	0.0000						
15	78	0.6536	8	1	1	0	2	0	0	0	0	N	N	N	Y	N	N	N	N	N	N	N	N	210.2814	0.0000	163515.8178	0.0000	0.0000	86043.4693	260459.0432	0.0077	0.0000	0.0705	0.0000	0.0000	0.0000	0.0285	0.0000	0.1265	0.0000	0.0001	0.0000	0.0001	0.0001	0.0000	0.0000	0.0000	0.0000	inf	0.6522	0.0000	-0.0000	1.0049	0.0003	0.9915	2.1916	0.0000	0.0000	0.0000	0.0000	0.0000	0.0000	0.0000	0.0000	0.0000	0.0000	0.0000	0.0000	0.0000	0.0000	0.0000	0.0000	0.0000	0.0000	0.0000	0.0000	0.0000	0.0000	0.0000	0.0000	0.0000	0.0000	0.0000	0.0071	0.0036	0.0035	0.0026	0.0022	0.0004	0.0045	0.0014	0.0031	14357.6580	0.0000	163515.8178	0.0000	0.0000	0.0000	86043.4693	0.0000	260459.0432	0.0000	0.0000	0.0000	0.0000	0.0000	0.0000	0.0000	0.0000	0.0000		
15	79	0.6458	7	1	1	0	1	0	0	0	0	N	N	N	N	N	N	N	N	N	N	N	N	1371.3277	0.0425	inf	1.3604	0.0513	inf	inf	inf	0.0381	0.0000	0.2574	0.0001	0.0000	0.0031	0.1018	0.0000	0.3130	0.0000	0.0001	0.0000	0.0001	0.0001	0.0000	0.0000	0.0000	0.0000	12836.8912	0.0000	0.0009	-0.0000	1.0049	0.2782	0.9915	1.3600	0.0013	0.0000	0.0013	0.0000	0.0000	0.0000	0.0013	0.0000	0.0013	0.0000	0.0000	0.0000	0.0000	0.0000	0.0000	0.0000	0.0000	0.0000	0.0334	0.0284	0.0049	0.0209	0.0200	0.0009	0.0124	0.0084	0.0041	0.0053	0.0027	0.0026	0.0019	0.0016	0.0003	0.0034	0.0011	0.0023	134557.8635	6.3021	inf	175.8827	5.3581	inf	inf	0.0000	inf	0.0000	0.0000	0.0000	0.0000	0.0000	0.0000	0.0000	0.0000	0.0000	
15	80	0.6894	9	1	2	1	1	0	0	0	0	N	Y	N	N	N	N	N	N	N	N	N	N	0.2365	inf	0.0000	inf	inf	0.0000	0.0000	0.0000	0.0000	0.0000	0.0000	0.0000	0.0000	0.0000	0.0000	0.0000	0.0001	0.0000	0.0000	0.0000	0.0000	0.0000	0.0001	0.0000	0.0000	0.0000	inf	-0.0000	0.0000	1.0049	0.0029	0.9915	2.0135	0.0000	0.0000	0.0000	0.0000	0.0000	0.0000	0.0000	0.0000	0.0000	0.0000	0.0000	0.0000	0.0000	0.0000	0.0000	0.0000	0.0000	0.0000	0.0003	0.0003	0.0000	0.0003	0.0002	0.0000	0.0001	0.0001	0.0000	0.0051	0.0030	0.0021	0.0028	0.0024	0.0004	0.0023	0.0006	0.0017	1.8369	inf	0.0000	inf	inf	0.0000	0.0000	0.0000	0.0000	0.0000	0.0000	0.0000	0.0000	0.0000	0.0000	0.0000	0.0000	0.0000		
15	81	0.6829	8	1	2	0	1	0	0	0	0	N	Y	N	N	N	N	N	N	N	N	N	N	226.1166	24071.9420	0.0004	25161.4282	27496.8318	inf	0.6504	33.8116	0.0000	3.4866	3.8462	0.0000	4.5914	4.8956	0.0000	0.0157	0.0194	0.0000	0.0154	0.0002	0.0038	0.0002	0.0002	0.0000	0.0241	0.0006	0.0043	0.0000	411.9156	-0.0526	0.0000	1.0049	0.6188	0.9915	0.9475	0.2023	0.2023	0.0000	0.2021	0.2021	0.0000	0.0002	0.0002	0.0000	0.0000	0.0000	0.0000	0.0000	0.0000	0.0000	0.0000	0.0000	0.0000	0.0580	0.0526	0.0054	0.0440	0.0413	0.0027	0.0140	0.0113	0.0027	0.0057	0.0033	0.0024	0.0031	0.0028	0.0003	0.0026	0.0005	0.0021	2163.0085	564949.5971	0.0004	704794.8511	678001.4275	inf	4.4471	4419.6240	0.0000	0.0016	0.0000	0.0038	0.0000	0.0000	0.0000	0.0035	0.0000	0.0043
15	82	0.0819	4	1	2	1	1	0	0	0	0	N	Y	N	N	N	N	N	N	N	N	N	N	0.0000	0.0000	0.0000	0.0000	0.0000	0.0000	0.0000	0.0000	0.0000	0.0000	0.0000	0.0000	0.0000	0.0000	0.0000	0.0000	0.0000	0.0000	0.0000	0.0000	1.0049	0.0000	0.9915	1.0000	0.0000	0.0000	0.0000	0.0000	0.0000	0.0000	0.0000	0.0000	0.0000	0.0000	0.0000	0.0000	0.0000	0.0000	0.0000	0.0000	0.0000	0.0000	0.0000	0.0000	0.0000	0.0000	0.0000	0.0000	0.0000	0.0000	0.0000	0.0044	0.0013	0.0031	0.0000	0.0000	0.0000	0.0044	0.0013	0.0031	0.0000	0.0000	0.0000	0.0000	0.0000	0.0000	0.0000	0.0000	0.0000	0.0000	0.0000	0.0000	0.0000	0.0000	0.0000	0.0000	0.0000	0.0000											
15	83	0.6569	7	2	1	1	1	0	0	0	0	Y	N	N	N	N	N	N	N	N	N	N	N	0.0009	0.3761	0.0000	0.0000	inf	inf	0.0000	0.0000	0.0000	0.0000	0.0000	0.0000	0.0000	0.0000	0.0000	0.0000	0.0000	0.0000	0.0001	0.0000	0.0000	0.0000	0.0000	0.0000	inf	inf	0.0000	0.0000	1.0049	9.0001	0.9915	3.0001	0.0000	0.0000	0.0000	0.0000	0.0000	0.0000	0.0000	0.0000	0.0000	0.0000	0.0000	0.0000	0.0000	0.0000	0.0000	0.0000	0.0000	0.0000	0.3265	0.2974	0.0291	0.2424	0.2251	0.0172	0.0841	0.0722	0.0119	0.0275	0.0156	0.0119	0.0137	0.0117	0.0020	0.0138	0.0038	0.0100	0.0772	0.0000	0.3761	0.0000	0.0000	0.0000	inf	0.0000	inf	0.0000	0.0000	0.0000	0.0000	0.0000	0.0000	0.0000	0.0000	0.0000			
15	84	0.0595	3	2	1	1	1	0	0	0	0	Y	N	N	N	N	N	N	N	N	N	N	N	0.0000	0.0000	0.0000	0.0000	0.0000	0.0000	0.0000	0.0000	0.0000	0.0000	0.0000	0.0000	0.0000	0.0000	0.0000	0.0000	0.0000	0.0000	0.0000	0.0000	1.0049	4.0000	0.9915	0.0000	0.0000	0.0000	0.0000	0.0000	0.0000	0.0000	0.0000	0.0000	0.0000	0.0000	0.0000	0.0000	0.0000	0.0000	0.0000	0.0000	0.0000	0.0000	0.2071	0.1851	0.0220	0.0474	0.0448	0.0026	0.1597	0.1402	0.0194	0.0282	0.0117	0.0165	0.0001	0.0001	0.0000	0.0281	0.0116	0.0165	0.0000	0.0000	0.0000	0.0000	0.0000	0.0000	0.0000	0.0000	0.0000	0.0000	0.0000	0.0000	0.0000	0.0000	0.0000	0.0000	0.0000	0.0000											
15	85	0.1056	4	2	2	0	1	0	0	0	0	Y	Y	N	N	N	N	N	N	N	N	N	N	0.0094	0.0149	0.0000	0.0253	0.0316	0.0000	0.0106	inf	0.0000	0.0000	0.0000	0.0000	0.0000	0.0000	0.0000	0.0000	0.0000	0.0000	0.0002	0.0001	0.0001	0.0002	0.0002	0.0001	0.0001	0.0000	0.0001	0.0050	32.1053	-0.0000	0.0000	1.0049	1.0086	0.9915	1.7435	0.0000	0.0000	0.0000	0.0000	0.0000	0.0000	0.0000	0.0000	0.0000	0.0000	0.0000	0.0000	0.0000	0.0000	0.0000	0.0000	0.0000	0.0000	0.0542	0.0481	0.0061	0.0079	0.0075	0.0003	0.0463	0.0406	0.0057	0.0243	0.0116	0.0127	0.0028	0.0026	0.0001	0.0215	0.0089	0.0126	0.0413	0.7304	0.0000	0.4182	0.6048	0.0000	0.0195	inf	0.0000	0.0000	0.0000	0.0001	0.0000	0.0000	0.0001	0.0000	0.0000	0.0001
15	86	0.0595	3	2	2	0	1	0	0	0	0	Y	Y	N	N	N	N	N	N	N	N	N	N	2.6131	0.9009	inf	0.0000	0.0000	inf	inf	inf	0.0022	0.0025	0.0000	0.0000	0.0000	0.0000	0.0028	0.0032	0.0000	0.0008	0.0027	0.0000	1.3079	1.2057	0.0000	0.0000	0.0000	0.0000	0.0004	0.0000	-0.0000	-0.0000	1.0049	1.0165	0.9915	4.1395	0.0001	0.0001	0.0000	0.0000	0.0000	0.0000	0.0001	0.0001	0.0000	0.0000	0.0000	0.0000	0.0000	0.0000	0.0000	0.0000	0.0000	0.0000	0.0591	0.0526	0.0064	0.0131	0.0124	0.0007	0.0460	0.0403	0.0057	0.0355	0.0147	0.0208	0.0001	0.0001	0.0000	0.0354	0.0146	0.0208	7.2236	3.3546	inf	0.0000	0.0000	0.0000	inf	inf	inf	0.0003	0.0007	0.0000	0.0908	0.0911	0.0000	0.0000	0.0000	0.0000	
15	87	0.6156	6	2	2	0	1	0	0	0	0	Y	Y	N	N	N	N	N	N	N	N	N	N	inf	inf	inf	inf	0.0004	0.0004	0.0000	0.0005	0.0005	0.0000	0.0000	0.0000	0.0000	0.0000	0.0000	0.0000	0.0000	0.0000	0.0000	0.0000	0.0000	0.0000	0.0000	-0.0000	0.0000	1.0049	9.0005	0.9915	5.0000	0.0001	0.0001	0.0000	0.0001	0.0001	0.0000	0.0000	0.0000	0.0000	0.0000	0.0000	0.0000	0.0000	0.0000	0.0000	0.0000	0.0000	0.0000	0.3833	0.3474	0.0359	0.2853	0.2644	0.0210	0.0980	0.0830	0.0150	0.0387	0.0206	0.0181	0.0150	0.0127	0.0022	0.0237	0.0078	0.0159	inf	inf	0.0000	inf	inf	0.0000	0.0000	0.0000	0.0000	0.0000	0.0000	0.0000	0.0000	0.0000	0.0000	0.0000	0.0000	0.0000						
15	88	0.0819	4	1	2	0	1	0	0	0	0	N	Y	N	N	N	N	N	N	N	N	N	N	0.0000	0.0000	0.0000	0.0000	0.0000	0.0000	0.0000	0.0000	0.0000	0.0000	0.0000	0.0000	0.0000	0.0000	0.0000	0.0000	0.0000	0.0000	0.0000	0.0000	1.0049	0.0000	0.9915	0.0000	0.0000	0.0000	0.0000	0.0000	0.0000	0.0000	0.0000	0.0000	0.0000	0.0000	0.0000	0.0000	0.0000	0.0000	0.0000	0.0000	0.0000	0.0000	0.0000	0.0000	0.0000	0.0000	0.0000	0.0000	0.0000	0.0000	0.0000	0.0000	0.0000	0.0000	0.0000	0.0000	0.0000	0.0000	0.0000	0.0000	0.0000	0.0000	0.0000	0.0000	0.0000	0.0000	0.0000	0.0000	0.0000	0.0000	0.0000	0.0000	0.0000	0.0000	0.0000	0.0000	0.0000	0.0000											
15	89	0.6829	8	1	2	0	1	0	0	0	0	N	Y	N	N	N	N	N	N	N	N	N	N	0.0000	0.0000	0.0000	0.0000	0.0000	0.0000	0.0000	0.0000	0.0000	0.0000	0.0000	0.0000	0.0000	0.0000	0.0000	0.0000	0.0002	0.0004	0.0000	0.0006	0.0006	0.0000	0.0000	0.0000	0.0000	0.0014	0.0000	-0.0000	1.0049	1.9953	0.9915	1.0817	0.0000	0.0000	0.0000	0.0000	0.0000	0.0000	0.0000	0.0000	0.0000	0.0000	0.0000	0.0000	0.0000	0.0000	0.0000	0.0000	0.0000	0.0000	0.1015	0.0924	0.0091	0.0753	0.0704	0.0048	0.0262	0.0219	0.0043	0.0092	0.0054	0.0038	0.0051	0.0045	0.0006	0.0041	0.0009	0.0032	0.0000	0.0000	0.0000	0.0000	0.0000	0.0000	0.0000	0.0000	0.0000	0.0001	0.0001	0.0000	0.0001	0.0002	0.0000	0.0000	0.0000	0.0000			
15	90	0.6569	7	1	2	0	1	0	0	0	0	N	Y	N	N	N	N	N	N	N	N	N	N	1891.8773	1401.4161	50.2842	2902.8377	3331.7718	2516.6621	0.0007	inf	0.0000	7.6836	8.4210	0.0055	9.9713	10.7270	0.0089	0.0000	0.0000	0.0000	0.0041	0.0060	0.0001	0.0034	0.0032	0.0000	0.0001	0.0000	0.0001	0.0001	0.0730	-0.2074	-0.0000	1.0049	2.3999	0.9915	4.0713	0.7971	0.7971	0.0000	0.7971	0.7971	0.0000	0.0000	0.0000	0.0000	0.0000	0.0000	0.0000	0.0000	0.0000	0.0000	0.0000	0.0000	0.0000	0.1037	0.0947	0.0091	0.0799	0.0743	0.0056	0.0238	0.0203	0.0035	0.0155	0.0088	0.0068	0.0077	0.0066	0.0011	0.0078	0.0022	0.0056	10997.4916	7310.3215	50.2842	7614.7755	7015.0599	2516.6621	0.0010	inf	0.0000	0.0007	0.0012	0.0001	0.0013	0.0015	0.0000	0.0001	0.0000	0.0001
15	91	0.6779	8	1	1	1	1	0	0	0	0	N	N	N	N	N	N	N	N	N	N	N	N	0.0000	0.0000	0.0000	0.0000	0.0000	0.0000	0.0000	0.0000	0.0000	0.0000	0.0000	0.0000	0.0000	0.0000	0.0000	0.0000	0.0000	0.0000	0.0000	0.0000	1.0049	0.0000	0.9915	0.0000	0.0000	0.0000	0.0000	0.0000	0.0000	0.0000	0.0000	0.0000	0.0000	0.0000	0.0000	0.0000	0.0000	0.0000	0.0000	0.0000	0.0000	0.0000	0.0000	0.0000	0.0000	0.0000	0.0000	0.0000	0.0000	0.0000	0.0000	0.0000	0.0000	0.0000	0.0000	0.0000	0.0000	0.0000	0.0000	0.0000	0.0000	0.0000	0.0000	0.0000	0.0000	0.0000	0.0000	0.0000	0.0000	0.0000	0.0000	0.0000	0.0000	0.0000	0.0000	0.0000	0.0000	0.0000											
15	92	0.6458	7	1	1	1	1	0	0	0	0	N	N	N	N	N	N	N	N	N	N	N	N	inf	inf	inf	inf	0.0166	0.0185	0.0000	0.0228	0.0245	0.0000	0.0000	0.0000	0.0000	0.0000	0.0000	0.0000	0.0000	0.0000	0.0000	0.0000	0.0000	0.0000	0.0000	-0.0009	0.0000	1.0049	3.7221	0.9915	2.9993	0.0033	0.0033	0.0000	0.0033	0.0033	0.0000	0.0000	0.0000	0.0000	0.0000	0.0000	0.0000	0.0000	0.0000	0.0000	0.0000	0.0000	0.0000	0.1982	0.1780	0.0202	0.1450	0.1348	0.0102	0.0532	0.0432	0.0100	0.0207	0.0106	0.0101	0.0075	0.0064	0.0011	0.0131	0.0042	0.0089	inf	inf	0.0000	inf	inf	0.0000	0.0000	0.0000	0.0000	0.0000	0.0000	0.0000	0.0000	0.0000	0.0000	0.0000	0.0000	0.0000						
15	93	0.6156	6	1	1	0	1	0	0	0	0	N	N	N	N	N	N	N	N	N	N	N	N	inf	inf	inf	inf	inf	inf	inf	inf	0.0231	0.0000	0.2518	0.0001	0.0000	0.0009	0.1037	0.0000	0.6573	0.0000	0.0000	0.0000	0.0000	0.0000	0.0000	0.0000	0.0000	0.0000	362566.7253	0.0024	0.0000	1.0049	2.7217	0.9915	3.0458	0.0033	0.0000	0.0033	0.0000	0.0000	0.0000	0.0033	0.0000	0.0033	0.0000	0.0000	0.0000	0.0000	0.0000	0.0000	0.0000	0.0000	0.0000	0.1425	0.1294	0.0131	0.1108	0.1027	0.0081	0.0317	0.0267	0.0050	0.0173	0.0092	0.0081	0.0066	0.0056	0.0010	0.0107	0.0035	0.0071	inf	inf	inf	inf	inf	inf	inf	0.0000	inf	0.0000	0.0000	0.0000	0.0000	0.0000	0.0000	0.0000	0.0000	0.0000		
15	94	0.6731	8	2	2	0	1	0	0	0	0	Y	Y	N	N	N	N	N	N	N	N	N	N	118034.2350	inf	0.0000	inf	inf	0.0000	0.0000	4.0979	4.4547	0.0000	5.1602	5.5239	0.0000	0.0000	0.0000	0.0000	0.0000	0.0000	0.0000	0.0000	0.0000	0.0000	0.0000	0.0000	0.0000	0.0000	inf	-0.2527	0.0000	1.0049	5.9980	0.9915	4.9575	0.9710	0.9710	0.0000	0.9710	0.9710	0.0000	0.0000	0.0000	0.0000	0.0000	0.0000	0.0000	0.0000	0.0000	0.0000	0.0000	0.0000	0.0000	0.2370	0.2180	0.0190	0.1882	0.1758	0.0124	0.0488	0.0422	0.0066	0.0213	0.0131	0.0082	0.0114	0.0096	0.0018	0.0099	0.0035	0.0064	8908617.2851	inf	0.0000	inf	inf	0.0000	0.0000	0.0000	0.0000	0.0000	0.0000	0.0000	0.0000	0.0000	0.0000	0.0000	0.0000	0.0000		
15	95	0.0819	4	2	2	0	1	0	0	0	0	Y	Y	N	N	N	N	N	N	N	N	N	N	0.0000	0.0000	0.0000	0.0000	0.0000	0.0000	0.0000	0.0000	0.0000	0.0000	0.0000	0.0000	0.0000	0.0000	0.0000	0.0000	0.0000	0.0000	0.0000	0.0000	1.0049	0.0000	0.9915	2.0000	0.0000	0.0000	0.0000	0.0000	0.0000	0.0000	0.0000	0.0000	0.0000	0.0000	0.0000	0.0000	0.0000	0.0000	0.0000	0.0000	0.0000	0.0000	0.0000	0.0000	0.0000	0.0000	0.0000	0.0000	0.0000	0.0000	0.0000	0.0087	0.0026	0.0061	0.0000	0.0000	0.0000	0.0086	0.0025	0.0061	0.0000	0.0000	0.0000	0.0000	0.0000	0.0000	0.0000	0.0000	0.0000	0.0000	0.0000	0.0000	0.0000	0.0000	0.0000	0.0000	0.0000	0.0000											
15	96	0.0595	3	1	2	0	1	0	0	0	0	N	Y	N	N	N	N	N	N	N	N	N	N	0.0000	0.0000	0.0000	0.0000	0.0000	0.0000	0.0000	0.0000	0.0000	0.0000	0.0000	0.0000	0.0000	0.0000	0.0000	0.0000	0.0000	0.0000	0.0000	0.0000	1.0049	4.0000	0.9915	0.0000	0.0000	0.0000	0.0000	0.0000	0.0000	0.0000	0.0000	0.0000	0.0000	0.0000	0.0000	0.0000	0.0000	0.0000	0.0000	0.0000	0.0000	0.0000	0.2071	0.1851	0.0220	0.0474	0.0448	0.0026	0.1597	0.1402	0.0194	0.0282	0.0117	0.0165	0.0001	0.0001	0.0000	0.0281	0.0116	0.0165	0.0000	0.0000	0.0000	0.0000	0.0000	0.0000	0.0000	0.0000	0.0000	0.0000	0.0000	0.0000	0.0000	0.0000	0.0000	0.0000	0.0000	0.0000											
15	97	0.6156	6	1	1	0	1	0	0	0	0	N	N	N	N	N	N	N	N	N	N	N	N	inf	inf	inf	inf	0.0007	0.0008	0.0000	0.0009	0.0010	0.0000	0.0000	0.0000	0.0000	0.0000	0.0000	0.0000	0.0000	0.0000	0.0000	0.0000	0.0000	0.0000	0.0000	-0.0000	0.0000	1.0049	3.9994	0.9915	4.0000	0.0001	0.0001	0.0000	0.0001	0.0001	0.0000	0.0000	0.0000	0.0000	0.0000	0.0000	0.0000	0.0000	0.0000	0.0000	0.0000	0.0000	0.0000	0.2000	0.1816	0.0185	0.1541	0.1428	0.0113	0.0460	0.0388	0.0072	0.0235	0.0124	0.0110	0.0090	0.0077	0.0013	0.0145	0.0048	0.0097	inf	inf	0.0000	inf	inf	0.0000	0.0000	0.0000	0.0000	0.0000	0.0000	0.0000	0.0000	0.0000	0.0000	0.0000	0.0000	0.0000						
15	98	0.0595	3	1	1	0	1	0	0	0	0	N	N	N	N	N	N	N	N	N	N	N	N	inf	inf	inf	inf	9.6308	0.0000	89.1071	0.0000	0.0000	0.0000	12.4120	0.0000	100.7146	0.0000	0.0000	0.0000	0.0000	0.0000	0.0000	0.0000	0.0000	0.0000	inf	0.7385	0.0000	1.0049	1.0000	0.9915	0.0000	0.9983	0.0000	0.9983	0.0000	0.0000	0.0000	0.9983	0.0000	0.9983	0.0000	0.0000	0.0000	0.0000	0.0000	0.0000	0.0000	0.0000	0.0000	0.1037	0.0925	0.0112	0.0232	0.0219	0.0013	0.0804	0.0705	0.0099	0.0136	0.0056	0.0080	0.0000	0.0000	0.0000	0.0136	0.0056	0.0080	inf	0.0000	inf	0.0000	0.0000	0.0000	inf	0.0000	inf	0.0000	0.0000	0.0000	0.0000	0.0000	0.0000	0.0000	0.0000	0.0000						
15	99	0.5047	5	1	1	0	1	0	0	0	0	N	N	N	N	N	N	N	N	N	N	N	N	1.6974	297.3286	0.0004	3.7664	464.8447	0.0000	2.9634	17.7921	0.0000	0.0266	0.0293	0.0000	0.0322	0.0348	0.0000	0.0064	0.0076	0.0000	0.0156	0.0001	0.0038	0.0086	0.0001	0.0565	0.0021	0.0004	0.0015	0.0000	2367.4478	-0.0006	0.0000	1.0049	1.5982	0.9915	11.1970	0.0025	0.0025	0.0000	0.0023	0.0023	0.0000	0.0001	0.0001	0.0000	0.0001	0.0000	0.0001	0.0001	0.0000	0.0001	0.0000	0.0000	0.0000	0.0932	0.0845	0.0087	0.0728	0.0675	0.0053	0.0204	0.0170	0.0034	0.0532	0.0306	0.0226	0.0220	0.0197	0.0023	0.0312	0.0109	0.0203	16.3863	24647.3967	0.0004	12.5366	71315.3526	0.0001	6.6775	3107.6200	0.0000	0.0016	0.0000	0.0038	0.0026	0.0000	0.0245	0.0010	0.0000	0.0015
15	100	0.6746	9	2	2	1	1	0	0	0	0	Y	Y	N	N	N	N	N	N	N	N	N	N	0.0000	0.0000	0.0000	0.0000	0.0000	0.0000	0.0000	0.0000	0.0000	0.0000	0.0000	0.0000	0.0000	0.1711	0.3578	0.0000	0.0759	0.0810	0.0000	0.0000	0.0000	0.0000	0.0000	0.0000	-0.0000	1.0049	0.0000	0.9915	0.9982	0.0000	0.0000	0.0000	0.0000	0.0000	0.0000	0.0000	0.0000	0.0000	0.0000	0.0000	0.0000	0.0000	0.0000	0.0000	0.0000	0.0000	0.0000	0.0069	0.0064	0.0005	0.0057	0.0055	0.0002	0.0011	0.0009	0.0003	0.0021	0.0013	0.0008	0.0012	0.0010	0.0002	0.0010	0.0003	0.0006	0.0000	0.0000	0.0000	0.0000	0.0000	0.0000	0.0000	0.0000	0.0000	0.0047	0.0076	0.0000	0.0086	0.0102	0.0000	0.0000	0.0000	0.0000						
15	101	0.0942	6	2	2	1	1	0	0	0	0	Y	Y	N	N	N	N	N	N	N	N	N	N	0.0000	0.0000	0.0000	0.0000	0.0000	0.0000	0.0000	0.0000	0.0000	0.0000	0.0000	0.0000	0.0000	0.0000	0.0000	0.0000	0.0000	0.0000	0.0000	0.0000	1.0049	0.0000	0.9915	0.0000	0.0000	0.0000	0.0000	0.0000	0.0000	0.0000	0.0000	0.0000	0.0000	0.0000	0.0000	0.0000	0.0000	0.0000	0.0000	0.0000	0.0000	0.0000	0.0000	0.0000	0.0000	0.0000	0.0000	0.0000	0.0000	0.0000	0.0000	0.0000	0.0000	0.0000	0.0000	0.0000	0.0000	0.0000	0.0000	0.0000	0.0000	0.0000	0.0000	0.0000	0.0000	0.0000	0.0000	0.0000	0.0000	0.0000	0.0000	0.0000	0.0000	0.0000	0.0000	0.0000	0.0000	0.0000											
15	102	0.0942	5	2	1	1	1	0	0	0	0	Y	N	N	N	N	N	N	N	N	N	N	N	0.0000	0.0000	0.0000	0.0000	0.0000	0.0000	0.0000	0.0000	0.0000	0.0000	0.0000	0.0000	0.0000	0.0000	0.0000	0.0000	0.0000	0.0000	0.0000	0.0000	1.0049	0.0000	0.9915	0.0000	0.0000	0.0000	0.0000	0.0000	0.0000	0.0000	0.0000	0.0000	0.0000	0.0000	0.0000	0.0000	0.0000	0.0000	0.0000	0.0000	0.0000	0.0000	0.0000	0.0000	0.0000	0.0000	0.0000	0.0000	0.0000	0.0000	0.0000	0.0000	0.0000	0.0000	0.0000	0.0000	0.0000	0.0000	0.0000	0.0000	0.0000	0.0000	0.0000	0.0000	0.0000	0.0000	0.0000	0.0000	0.0000	0.0000	0.0000	0.0000	0.0000	0.0000	0.0000	0.0000	0.0000	0.0000											
15	103	0.0881	4	2	1	1	1	0	0	0	0	Y	N	N	N	N	N	N	N	N	N	N	N	0.0000	0.0000	0.0000	0.0000	0.0000	0.0000	0.0000	0.0000	0.0000	0.0000	0.0000	0.0000	0.0000	0.0000	0.0000	0.0000	0.0000	0.0000	0.0000	0.0000	1.0049	0.0000	0.9915	1.0091	0.0000	0.0000	0.0000	0.0000	0.0000	0.0000	0.0000	0.0000	0.0000	0.0000	0.0000	0.0000	0.0000	0.0000	0.0000	0.0000	0.0000	0.0000	0.0000	0.0000	0.0000	0.0000	0.0000	0.0000	0.0000	0.0000	0.0000	0.0046	0.0013	0.0033	0.0000	0.0000	0.0000	0.0045	0.0013	0.0033	0.0000	0.0000	0.0000	0.0000	0.0000	0.0000	0.0000	0.0000	0.0000	0.0000	0.0000	0.0000	0.0000	0.0000	0.0000	0.0000	0.0000	0.0000											
15	104	0.6156	6	1	2	0	1	0	0	0	0	N	Y	N	N	N	N	N	N	N	N	N	N	inf	inf	inf	inf	inf	inf	2.8573	3.1521	0.0000	3.7958	4.0965	0.0000	0.0518	0.0612	0.0000	0.0000	0.0000	0.0000	0.0000	0.0000	0.0000	0.0000	0.0000	0.0000	0.0000	-0.2610	0.0000	1.0049	7.9994	0.9915	4.0001	1.0030	1.0030	0.0000	0.9984	0.9984	0.0000	0.0046	0.0046	0.0000	0.0000	0.0000	0.0000	0.0000	0.0000	0.0000	0.0000	0.0000	0.0000	0.3510	0.3182	0.0328	0.2630	0.2437	0.0193	0.0880	0.0745	0.0135	0.0338	0.0180	0.0159	0.0131	0.0111	0.0019	0.0208	0.0069	0.0139	inf	inf	0.0000	inf	inf	0.0000	inf	inf	0.0000	0.0000	0.0000	0.0000	0.0000	0.0000	0.0000	0.0000	0.0000	0.0000				
15	105	0.6781	10	2	1	1	1	0	0	0	0	Y	N	N	N	N	N	N	N	N	N	N	N	0.0000	0.0000	0.0000	0.0000	0.0000	0.0000	0.0000	0.0000	0.0000	0.0000	0.0000	0.0000	0.0000	0.1796	0.3854	0.0000	0.0868	0.0933	0.0000	0.0000	0.0000	0.0000	0.0000	0.0000	-0.0000	1.0049	1.0000	0.9915	1.0005	0.0000	0.0000	0.0000	0.0000	0.0000	0.0000	0.0000	0.0000	0.0000	0.0000	0.0000	0.0000	0.0000	0.0000	0.0000	0.0000	0.0000	0.0000	0.0440	0.0405	0.0035	0.0356	0.0332	0.0023	0.0084	0.0073	0.0012	0.0041	0.0025	0.0016	0.0022	0.0019	0.0003	0.0019	0.0007	0.0012	0.0000	0.0000	0.0000	0.0000	0.0000	0.0000	0.0000	0.0000	0.0000	0.0048	0.0079	0.0000	0.0090	0.0107	0.0000	0.0000	0.0000	0.0000						
15	106	0.6746	9	2	1	1	1	0	0	0	0	Y	N	N	N	N	N	N	N	N	N	N	N	8654.3397	inf	0.0000	inf	inf	0.0000	0.0000	0.9558	1.0371	0.0000	1.1765	1.2526	0.0000	0.0000	0.0000	0.0000	0.0001	0.0000	0.0000	0.0000	0.0000	0.0000	0.0001	0.0000	0.0000	0.0000	inf	-0.0096	0.0000	1.0049	0.7249	0.9915	0.0368	0.0370	0.0370	0.0000	0.0370	0.0370	0.0000	0.0000	0.0000	0.0000	0.0000	0.0000	0.0000	0.0000	0.0000	0.0000	0.0000	0.0000	0.0000	0.0388	0.0357	0.0030	0.0315	0.0296	0.0019	0.0073	0.0061	0.0011	0.0017	0.0010	0.0006	0.0009	0.0008	0.0001	0.0008	0.0003	0.0005	83702.5941	inf	0.0000	inf	inf	0.0000	0.0000	0.0000	0.0000	0.0000	0.0000	0.0000	0.0000	0.0000	0.0000	0.0000	0.0000	0.0000		
15	107	0.6731	8	2	1	1	1	0	0	0	0	Y	N	N	N	N	N	N	N	N	N	N	N	25785.2736	15993.8702	257.6638	12463.1628	14436.2714	inf	0.0000	0.0000	3.4348	3.6976	0.0055	4.0327	4.2872	0.0078	0.0000	0.0000	0.0000	0.0001	0.0002	0.0000	0.0003	0.0003	0.0000	0.0000	0.0000	0.0000	0.0001	0.5181	-0.0226	-0.0000	1.0049	0.4159	0.9915	0.0887	0.0870	0.0870	0.0000	0.0870	0.0870	0.0000	0.0000	0.0000	0.0000	0.0000	0.0000	0.0000	0.0000	0.0000	0.0000	0.0000	0.0000	0.0000	0.0253	0.0235	0.0018	0.0216	0.0203	0.0013	0.0038	0.0032	0.0005	0.0013	0.0008	0.0005	0.0007	0.0006	0.0001	0.0006	0.0002	0.0004	154122.5246	162838.4669	257.6638	147924.1795	135341.2280	inf	0.0000	0.0000	0.0000	0.0000	0.0000	0.0000	0.0000	0.0000	0.0000	0.0000	0.0000	0.0000	
15	108	0.6569	7	2	1	0	1	0	0	0	0	Y	N	N	N	N	N	N	N	N	N	N	N	124782.8217	62817.1133	inf	59946.2801	70154.3901	inf	inf	inf	5.9054	6.4758	0.0007	7.7393	8.3279	0.0011	0.0000	0.0000	0.0000	0.0000	0.0001	0.0000	0.0001	0.0001	0.0000	0.0000	0.0000	0.0000	0.0000	0.0003	-0.2531	-0.0000	1.0049	3.9943	0.9915	0.9974	0.9729	0.9728	0.0000	0.9729	0.9728	0.0000	0.0000	0.0000	0.0000	0.0000	0.0000	0.0000	0.0000	0.0000	0.0000	0.0000	0.0000	0.0000	0.1647	0.1502	0.0145	0.1257	0.1168	0.0089	0.0390	0.0334	0.0056	0.0121	0.0069	0.0053	0.0060	0.0052	0.0009	0.0061	0.0017	0.0044	6284241.4257	3895696.4687	inf	4095908.7602	3774868.7966	inf	inf	inf	0.0000	0.0000	0.0000	0.0000	0.0000	0.0000	0.0000	0.0000	0.0000	0.0000	
15	109	0.0881	4	2	1	1	1	0	0	0	0	Y	N	N	N	N	N	N	N	N	N	N	N	0.0000	0.0000	0.0000	0.0000	0.0000	0.0000	0.0000	0.0000	0.0000	0.0000	0.0000	0.0000	0.0000	0.0000	0.0000	0.0000	0.0000	0.0000	0.0000	0.0000	1.0049	0.0000	0.9915	0.9909	0.0000	0.0000	0.0000	0.0000	0.0000	0.0000	0.0000	0.0000	0.0000	0.0000	0.0000	0.0000	0.0000	0.0000	0.0000	0.0000	0.0000	0.0000	0.0000	0.0000	0.0000	0.0000	0.0000	0.0000	0.0000	0.0000	0.0000	0.0045	0.0013	0.0032	0.0000	0.0000	0.0000	0.0045	0.0013	0.0032	0.0000	0.0000	0.0000	0.0000	0.0000	0.0000	0.0000	0.0000	0.0000	0.0000	0.0000	0.0000	0.0000	0.0000	0.0000	0.0000	0.0000	0.0000											
15	110	0.0595	3	2	1	1	1	0	0	0	0	Y	N	N	N	N	N	N	N	N	N	N	N	inf	inf	inf	inf	inf	inf	0.0221	0.0000	0.2074	0.0002	0.0000	0.0038	0.0286	0.0000	0.2346	0.0000	0.0000	0.0000	0.0000	0.0000	0.0000	0.0000	0.0000	0.0000	inf	0.0034	0.0000	1.0049	4.0000	0.9915	0.0000	0.0046	0.0000	0.0046	0.0000	0.0000	0.0000	0.0046	0.0000	0.0046	0.0000	0.0000	0.0000	0.0000	0.0000	0.0000	0.0000	0.0000	0.0000	0.2071	0.1851	0.0220	0.0474	0.0448	0.0026	0.1597	0.1402	0.0194	0.0282	0.0117	0.0165	0.0001	0.0001	0.0000	0.0281	0.0116	0.0165	inf	0.0000	inf	inf	0.0000	inf	inf	0.0000	inf	0.0000	0.0000	0.0000	0.0000	0.0000	0.0000	0.0000	0.0000	0.0000				
15	112	0.6615	7	1	1	1	1	0	0	0	0	N	N	N	N	N	N	N	N	N	N	N	N	0.0000	0.0000	0.0000	0.0000	0.0000	0.0000	0.0000	0.0000	0.0000	0.0000	0.0000	0.0000	0.0000	0.0000	0.0000	0.0000	0.0000	0.0000	0.0000	0.0000	1.0049	0.0000	0.9915	0.0001	0.0000	0.0000	0.0000	0.0000	0.0000	0.0000	0.0000	0.0000	0.0000	0.0000	0.0000	0.0000	0.0000	0.0000	0.0000	0.0000	0.0000	0.0000	0.0000	0.0000	0.0000	0.0000	0.0000	0.0000	0.0000	0.0000	0.0000	0.0000	0.0000	0.0000	0.0000	0.0000	0.0000	0.0000	0.0000	0.0000	0.0000	0.0000	0.0000	0.0000	0.0000	0.0000	0.0000	0.0000	0.0000	0.0000	0.0000	0.0000	0.0000	0.0000	0.0000	0.0000	0.0000	0.0000											
15	113	0.6156	6	1	1	1	1	0	0	0	0	N	N	N	N	N	N	N	N	N	N	N	N	inf	inf	inf	inf	0.0006	0.0007	0.0000	0.0008	0.0009	0.0000	0.0000	0.0000	0.0000	0.0000	0.0000	0.0000	0.0000	0.0000	0.0000	0.0000	0.0000	0.0000	0.0000	-0.0000	0.0000	1.0049	4.0004	0.9915	4.9999	0.0001	0.0001	0.0000	0.0001	0.0001	0.0000	0.0000	0.0000	0.0000	0.0000	0.0000	0.0000	0.0000	0.0000	0.0000	0.0000	0.0000	0.0000	0.2001	0.1816	0.0185	0.1541	0.1428	0.0113	0.0460	0.0388	0.0072	0.0261	0.0139	0.0123	0.0100	0.0085	0.0015	0.0161	0.0053	0.0108	inf	inf	0.0000	inf	inf	0.0000	0.0000	0.0000	0.0000	0.0000	0.0000	0.0000	0.0000	0.0000	0.0000	0.0000	0.0000	0.0000						
15	114	0.0921	4	1	2	0	1	0	0	0	0	N	Y	N	N	N	N	N	N	N	N	N	N	9.8469	8.5899	0.0000	9.6711	16.7950	0.0000	165.1505	inf	0.0000	0.0187	0.0209	0.0000	0.0743	0.0795	0.0000	0.0005	0.0006	0.0000	0.0019	0.0024	0.0002	0.0077	0.0047	0.0107	0.0000	0.0000	0.0000	0.0000	0.2450	-0.0011	-0.0000	1.0049	4.3361	0.9915	4.6323	0.0042	0.0042	0.0000	0.0041	0.0041	0.0000	0.0001	0.0001	0.0000	0.0000	0.0000	0.0000	0.0000	0.0000	0.0000	0.0000	0.0000	0.0000	0.2227	0.1988	0.0239	0.0547	0.0512	0.0036	0.1679	0.1476	0.0203	0.0779	0.0443	0.0336	0.0152	0.0141	0.0011	0.0627	0.0302	0.0325	39.0721	31.0019	0.0000	30.5635	37.5428	0.0000	165.1505	inf	0.0000	0.0005	0.0007	0.0002	0.0024	0.0021	0.0064	0.0000	0.0000	0.0000
15	115	0.0595	3	1	1	0	1	0	0	0	0	N	N	N	N	N	N	N	N	N	N	N	N	23.8153	8.1471	inf	0.0002	0.0002	inf	inf	inf	inf	0.0404	0.0453	0.0001	0.0004	0.0004	0.0000	0.0520	0.0593	0.0002	0.0017	0.0056	0.0000	1.7394	1.6748	0.0000	0.0000	0.0000	0.0000	0.0004	0.0000	-0.0012	-0.0000	1.0049	1.9840	0.9915	0.2610	0.0045	0.0045	0.0000	0.0000	0.0000	0.0000	0.0045	0.0045	0.0000	0.0000	0.0000	0.0000	0.0000	0.0000	0.0000	0.0000	0.0000	0.0000	0.1109	0.0989	0.0120	0.0249	0.0235	0.0014	0.0860	0.0754	0.0106	0.0164	0.0068	0.0096	0.0001	0.0001	0.0000	0.0164	0.0068	0.0096	89.3186	41.4728	inf	0.0028	0.0030	inf	inf	inf	inf	0.0005	0.0011	0.0000	0.1409	0.1414	0.0000	0.0000	0.0000	0.0000
15	116	0.6156	6	1	2	0	2	0	0	0	0	N	Y	N	Y	N	N	N	N	N	N	N	N	2149.2949	inf	0.0000	inf	inf	0.0000	0.0000	4.1315	4.5537	0.0000	5.4021	5.8291	0.0000	0.0000	0.0000	0.0000	0.0019	0.0000	0.0010	0.0000	0.0000	0.0000	0.0012	0.0000	0.0012	0.0000	inf	-0.2597	0.0000	1.0049	5.0006	0.9915	2.0000	0.9983	0.9983	0.0000	0.9983	0.9983	0.0000	0.0000	0.0000	0.0000	0.0000	0.0000	0.0000	0.0000	0.0000	0.0000	0.0000	0.0000	0.0000	0.2416	0.2192	0.0224	0.1848	0.1713	0.0135	0.0568	0.0480	0.0089	0.0207	0.0110	0.0097	0.0079	0.0068	0.0012	0.0128	0.0042	0.0086	8569.1005	inf	0.0000	inf	inf	0.0000	0.0000	0.0000	0.0000	0.0005	0.0000	0.0010	0.0000	0.0000	0.0000	0.0008	0.0000	0.0012		
15	117	0.0595	3	1	2	0	2	0	0	0	0	N	Y	N	Y	N	N	N	N	N	N	N	N	0.0000	0.0000	0.0000	0.0000	0.0000	0.0000	0.0000	0.0000	0.0000	0.0000	0.0000	0.0000	0.0000	0.0000	0.0000	0.0000	0.0000	0.0000	0.0000	0.0000	1.0049	0.0000	0.9915	1.0000	0.0000	0.0000	0.0000	0.0000	0.0000	0.0000	0.0000	0.0000	0.0000	0.0000	0.0000	0.0000	0.0000	0.0000	0.0000	0.0000	0.0000	0.0000	0.0000	0.0000	0.0000	0.0000	0.0000	0.0000	0.0000	0.0000	0.0000	0.0104	0.0043	0.0061	0.0000	0.0000	0.0000	0.0104	0.0043	0.0061	0.0000	0.0000	0.0000	0.0000	0.0000	0.0000	0.0000	0.0000	0.0000	0.0000	0.0000	0.0000	0.0000	0.0000	0.0000	0.0000	0.0000	0.0000											
15	118	0.6156	6	1	2	0	1	0	0	0	0	N	Y	N	N	N	N	N	N	N	N	N	N	21.2533	10.7304	0.3135	0.3814	inf	inf	0.0080	0.0088	0.0000	0.0003	0.0004	0.0000	0.0268	0.0314	0.0000	0.0004	0.0008	0.0000	0.0011	0.0009	0.0000	0.0000	0.0000	0.0000	0.0000	0.0000	-0.0012	-0.0000	1.0049	16.9994	0.9915	6.0000	0.0047	0.0047	0.0000	0.0001	0.0001	0.0000	0.0046	0.0046	0.0000	0.0000	0.0000	0.0000	0.0000	0.0000	0.0000	0.0000	0.0000	0.0000	0.5879	0.5322	0.0557	0.4175	0.3869	0.0306	0.1704	0.1454	0.0251	0.0584	0.0311	0.0273	0.0229	0.0195	0.0034	0.0355	0.0117	0.0239	46.6960	27.4751	0.0000	0.7674	0.7038	0.0000	inf	inf	0.0000	0.0002	0.0003	0.0000	0.0004	0.0005	0.0000	0.0000	0.0000	0.0000			
15	119	0.0595	3	1	2	0	1	0	0	0	0	N	Y	N	N	N	N	N	N	N	N	N	N	0.4414	0.0700	0.0000	0.0001	inf	inf	0.0188	0.0210	0.0000	0.0002	0.0002	0.0000	0.0244	0.0278	0.0000	0.0426	0.3007	0.0000	3.4751	3.4169	0.0000	0.0000	0.0000	0.0000	0.0000	0.0000	-0.0012	-0.0001	1.0049	5.0000	0.9915	6.0000	0.0047	0.0047	0.0000	0.0000	0.0000	0.0000	0.0047	0.0047	0.0000	0.0002	0.0002	0.0000	0.0002	0.0002	0.0000	0.0000	0.0000	0.0000	0.2497	0.2233	0.0264	0.0577	0.0546	0.0031	0.1920	0.1688	0.0232	0.0675	0.0278	0.0396	0.0002	0.0002	0.0000	0.0672	0.0276	0.0396	6.6835	3.0844	0.0000	0.0002	0.0002	0.0000	inf	inf	0.0000	0.0028	0.0068	0.0000	0.7725	0.7751	0.0000	0.0000	0.0000	0.0000			
15	120	0.0876	4	1	2	0	1	0	0	0	0	N	Y	N	N	N	N	N	N	N	N	N	N	0.3685	0.1514	0.0000	0.0007	0.0008	0.0000	1628.2364	1457.5023	0.0000	0.0883	0.0966	0.0000	0.0003	0.0003	0.0000	0.2643	0.3110	0.0000	0.2396	0.6376	0.0002	0.4293	0.3968	0.0035	0.0002	0.0002	0.0002	0.0000	0.0186	-0.0012	-0.0000	1.0049	0.9998	0.9915	0.9486	0.0045	0.0045	0.0000	0.0000	0.0000	0.0000	0.0045	0.0045	0.0000	0.0001	0.0001	0.0000	0.0001	0.0001	0.0000	0.0000	0.0000	0.0000	0.0511	0.0467	0.0044	0.0340	0.0322	0.0018	0.0170	0.0145	0.0026	0.0138	0.0057	0.0081	0.0030	0.0029	0.0001	0.0108	0.0027	0.0081	15.6273	7.1457	0.0000	0.0121	0.0125	0.0000	2287.2502	528672.4685	0.0000	0.0057	0.0135	0.0002	0.0255	0.0260	0.0026	0.0001	0.0000	0.0002
15	121	0.0595	3	1	2	0	1	0	0	0	0	N	Y	N	N	N	N	N	N	N	N	N	N	0.1520	0.0673	0.1865	0.0000	0.0000	inf	3.0368	inf	0.2114	0.0002	0.0003	0.0000	0.0000	0.0000	0.0000	0.0003	0.0003	0.0000	0.0015	0.0037	0.0001	1.4233	1.3627	0.0000	0.0001	0.0000	0.0001	0.0090	0.1668	-0.0000	-0.0000	1.0049	3.0005	0.9915	1.1085	0.0001	0.0001	0.0000	0.0000	0.0000	0.0000	0.0001	0.0001	0.0000	0.0000	0.0000	0.0000	0.0000	0.0000	0.0000	0.0000	0.0000	0.0000	0.2712	0.2426	0.0286	0.0629	0.0595	0.0034	0.2082	0.1831	0.0251	0.0497	0.0206	0.0292	0.0002	0.0002	0.0000	0.0495	0.0204	0.0292	0.5366	0.2868	0.1865	0.0000	0.0000	inf	4.8593	inf	0.2114	0.0004	0.0009	0.0001	0.1042	0.1046	0.0000	0.0001	0.0000	0.0001
15	122	0.6569	7	1	2	0	1	0	0	0	0	N	Y	N	N	N	N	N	N	N	N	N	N	inf	inf	inf	inf	inf	inf	0.0001	0.0001	0.0000	0.0001	0.0002	0.0000	0.0000	0.0000	0.0000	0.0000	0.0000	0.0000	0.0000	0.0000	0.0000	0.0000	0.0000	0.0000	0.0000	-0.0000	0.0000	1.0049	2.0001	0.9915	3.0000	0.0000	0.0000	0.0000	0.0000	0.0000	0.0000	0.0000	0.0000	0.0000	0.0000	0.0000	0.0000	0.0000	0.0000	0.0000	0.0000	0.0000	0.0000	0.0876	0.0799	0.0077	0.0677	0.0629	0.0048	0.0199	0.0170	0.0029	0.0122	0.0069	0.0053	0.0060	0.0052	0.0009	0.0061	0.0017	0.0044	inf	inf	0.0000	inf	inf	0.0000	inf	inf	0.0000	0.0000	0.0000	0.0000	0.0000	0.0000	0.0000	0.0000	0.0000	0.0000				
15	123	0.6156	6	1	1	0	1	0	0	0	0	N	N	N	N	N	N	N	N	N	N	N	N	390839.7722	60014.6388	62648.6467	75122.9468	inf	inf	3.1660	3.4917	0.0000	4.1779	4.5087	0.0000	0.0586	0.0693	0.0000	0.0000	0.0001	0.0000	0.0001	0.0001	0.0000	0.0000	0.0000	0.0000	0.0000	0.0000	-0.2610	-0.0000	1.0049	6.9986	0.9915	2.0000	1.0030	1.0030	0.0000	0.9984	0.9984	0.0000	0.0046	0.0046	0.0000	0.0000	0.0000	0.0000	0.0000	0.0000	0.0000	0.0000	0.0000	0.0000	0.3168	0.2872	0.0296	0.2390	0.2214	0.0175	0.0778	0.0658	0.0120	0.0261	0.0139	0.0123	0.0100	0.0085	0.0015	0.0161	0.0053	0.0108	34482026.0094	20181640.5284	0.0000	17475326.1904	16051830.8715	0.0000	inf	inf	0.0000	0.0000	0.0000	0.0000	0.0000	0.0000	0.0000	0.0000	0.0000	0.0000			
15	124	0.0930	4	1	2	0	1	0	0	0	0	N	Y	N	N	N	N	N	N	N	N	N	N	4.3395	3.6073	0.0000	2.2198	2.5997	0.0000	48.4916	inf	0.0000	0.0004	0.0004	0.0000	0.0008	0.0008	0.0000	0.0002	0.0002	0.0000	0.0001	0.0001	0.0000	0.0004	0.0003	0.0000	0.0000	0.0000	0.0000	0.0000	4.0258	-0.0000	0.0000	1.0049	3.9006	0.9915	3.1543	0.0001	0.0001	0.0000	0.0001	0.0001	0.0000	0.0000	0.0000	0.0000	0.0000	0.0000	0.0000	0.0000	0.0000	0.0000	0.0000	0.0000	0.0000	0.3580	0.3208	0.0372	0.1023	0.0958	0.0066	0.2557	0.2250	0.0307	0.0782	0.0333	0.0449	0.0020	0.0018	0.0002	0.0762	0.0315	0.0447	78.4397	187.2892	0.0000	21.9597	21.9780	0.0000	48.4916	inf	0.0000	0.0000	0.0000	0.0000	0.0000	0.0000	0.0000	0.0000	0.0000	0.0000
15	125	0.0595	3	1	2	0	1	0	0	0	0	N	Y	N	N	N	N	N	N	N	N	N	N	0.9042	0.3095	inf	0.0000	0.0000	inf	inf	inf	0.0005	0.0006	0.0000	0.0000	0.0000	0.0000	0.0007	0.0007	0.0000	0.0006	0.0018	0.0000	1.0875	0.9540	0.0000	0.0000	0.0000	0.0000	0.0013	0.0000	-0.0000	-0.0000	1.0049	1.6924	0.9915	1.9110	0.0001	0.0001	0.0000	0.0000	0.0000	0.0000	0.0001	0.0001	0.0000	0.0000	0.0000	0.0000	0.0000	0.0000	0.0000	0.0000	0.0000	0.0000	0.1670	0.1491	0.0179	0.0379	0.0358	0.0021	0.1291	0.1133	0.0158	0.0444	0.0184	0.0260	0.0002	0.0002	0.0000	0.0443	0.0182	0.0260	2.1559	0.9977	inf	0.0000	0.0000	0.0000	inf	inf	inf	0.0002	0.0006	0.0000	0.0690	0.0693	0.0000	0.0000	0.0000	0.0000	
15	126	0.6156	6	1	2	0	1	0	0	0	0	N	Y	N	N	N	N	N	N	N	N	N	N	0.0000	0.0018	0.0000	0.0001	0.0019	0.0000	0.0000	0.0000	0.0000	0.0000	0.0000	0.0000	0.0000	0.0000	0.0000	0.0000	0.0000	0.0048	0.0001	0.0016	0.0025	0.0001	0.0111	0.0009	0.0000	0.0009	0.0000	1020.4082	-0.0000	0.0000	1.0049	0.9996	0.9915	8.0005	0.0000	0.0000	0.0000	0.0000	0.0000	0.0000	0.0000	0.0000	0.0000	0.0000	0.0000	0.0000	0.0000	0.0000	0.0000	0.0000	0.0000	0.0000	0.0559	0.0508	0.0051	0.0440	0.0408	0.0032	0.0119	0.0100	0.0019	0.0261	0.0139	0.0123	0.0100	0.0085	0.0015	0.0161	0.0053	0.0108	0.0002	0.1268	0.0000	0.0002	0.0972	0.0000	0.0000	0.0000	0.0000	0.0008	0.0000	0.0016	0.0010	0.0000	0.0067	0.0006	0.0000	0.0009	
15	127	0.5210	6	1	1	0	1	0	0	0	0	N	N	N	N	N	N	N	N	N	N	N	N	4.2640	2.7210	0.0064	3.3592	3.9047	0.0000	0.0144	inf	0.0149	0.0069	0.0076	0.0000	0.0088	0.0095	0.0000	0.0000	0.0000	0.0000	0.0016	0.0028	0.0000	0.0026	0.0024	0.0000	0.0000	0.0000	0.0000	0.0000	0.0224	-0.0004	-0.0000	1.0049	3.6536	0.9915	12.3970	0.0014	0.0014	0.0000	0.0014	0.0014	0.0000	0.0000	0.0000	0.0000	0.0000	0.0000	0.0000	0.0000	0.0000	0.0000	0.0000	0.0000	0.0000	0.1967	0.1781	0.0186	0.1544	0.1424	0.0119	0.0423	0.0357	0.0067	0.0570	0.0327	0.0243	0.0236	0.0208	0.0029	0.0333	0.0119	0.0215	15.6387	10.1251	0.0064	8.4297	8.0564	0.0000	0.0261	inf	0.0149	0.0004	0.0008	0.0000	0.0010	0.0012	0.0000	0.0000	0.0000	0.0000
15	128	0.3099	4	1	1	0	1	0	0	0	0	N	N	N	N	N	N	N	N	N	N	N	N	1.9661	0.9166	0.0426	1.1481	1.2032	0.0258	2503.6749	288.8690	0.0225	0.2497	0.2798	0.0000	0.1289	0.1423	0.0000	0.5401	0.6285	0.0000	0.1270	0.3053	0.0003	0.1123	0.1182	0.0006	0.0002	0.0022	0.0002	0.0000	0.0320	-0.0228	-0.0002	1.0049	5.3495	0.9915	12.4099	0.0875	0.0875	0.0000	0.0319	0.0319	0.0000	0.0556	0.0556	0.0000	0.0004	0.0004	0.0000	0.0004	0.0004	0.0000	0.0000	0.0000	0.0000	0.3504	0.3127	0.0377	0.2475	0.2243	0.0232	0.1030	0.0885	0.0145	0.1075	0.0579	0.0496	0.0386	0.0345	0.0041	0.0689	0.0235	0.0454	64.1917	40.0120	0.0426	12.2584	12.1402	0.0285	3053.4876	10916.5640	0.0225	0.0039	0.0070	0.0003	0.0105	0.0117	0.0005	0.0002	0.0001	0.0002
15	129	0.7271	12	1	2	0	2	0	0	0	0	N	Y	N	Y	N	N	N	N	N	N	N	N	0.0000	0.0000	0.0000	0.0000	0.0000	0.0000	0.0000	0.0000	0.0000	0.0000	0.0000	0.0000	0.0000	0.0000	0.0000	0.0000	0.0000	0.0000	0.0000	0.0000	1.0049	0.0000	0.9915	0.0000	0.0000	0.0000	0.0000	0.0000	0.0000	0.0000	0.0000	0.0000	0.0000	0.0000	0.0000	0.0000	0.0000	0.0000	0.0000	0.0000	0.0000	0.0000	0.0000	0.0000	0.0000	0.0000	0.0000	0.0000	0.0000	0.0000	0.0000	0.0000	0.0000	0.0000	0.0000	0.0000	0.0000	0.0000	0.0000	0.0000	0.0000	0.0000	0.0000	0.0000	0.0000	0.0000	0.0000	0.0000	0.0000	0.0000	0.0000	0.0000	0.0000	0.0000	0.0000	0.0000	0.0000	0.0000											
15	130	0.7108	11	1	2	0	2	0	0	0	0	N	Y	N	Y	N	N	N	N	N	N	N	N	0.0000	0.0000	0.0000	0.0000	0.0000	0.0000	0.0000	0.0000	0.0000	0.0000	0.0000	0.0000	0.0000	0.1533	0.0000	0.0308	0.0000	0.0000	0.0000	0.1155	0.0000	0.0137	inf	0.0000	0.0000	1.0049	0.0000	0.9915	3.0001	0.0000	0.0000	0.0000	0.0000	0.0000	0.0000	0.0000	0.0000	0.0000	0.0000	0.0000	0.0000	0.0000	0.0000	0.0000	0.0000	0.0000	0.0000	0.0000	0.0000	0.0000	0.0000	0.0000	0.0000	0.0000	0.0000	0.0000	0.0069	0.0042	0.0027	0.0038	0.0032	0.0005	0.0032	0.0009	0.0022	0.0000	0.0000	0.0000	0.0000	0.0000	0.0000	0.0000	0.0000	0.0000	0.0043	0.0000	0.0109	0.0000	0.0000	0.0000	0.0095	0.0000	0.0135						
15	131	0.7011	10	1	2	0	1	0	0	0	0	N	Y	N	N	N	N	N	N	N	N	N	N	0.0000	0.0000	0.0000	0.0000	0.0000	0.0000	0.0000	0.0000	0.0000	0.0000	0.0000	0.0000	0.0000	0.0000	0.0000	0.0000	0.0000	0.0000	0.0000	0.0000	1.0049	0.0000	0.9915	0.0000	0.0000	0.0000	0.0000	0.0000	0.0000	0.0000	0.0000	0.0000	0.0000	0.0000	0.0000	0.0000	0.0000	0.0000	0.0000	0.0000	0.0000	0.0000	0.0000	0.0000	0.0000	0.0000	0.0000	0.0000	0.0000	0.0000	0.0000	0.0000	0.0000	0.0000	0.0000	0.0000	0.0000	0.0000	0.0000	0.0000	0.0000	0.0000	0.0000	0.0000	0.0000	0.0000	0.0000	0.0000	0.0000	0.0000	0.0000	0.0000	0.0000	0.0000	0.0000	0.0000	0.0000	0.0000											
15	132	0.7108	11	1	1	1	2	0	0	0	0	N	N	N	Y	N	N	N	N	N	N	N	N	0.0000	0.0000	0.0000	0.0000	0.0000	0.0000	0.0000	0.0000	0.0000	0.0000	0.0000	0.0000	0.0000	0.0000	0.0000	0.0000	0.0000	0.0000	0.0000	0.0000	1.0049	0.0000	0.9915	1.9999	0.0000	0.0000	0.0000	0.0000	0.0000	0.0000	0.0000	0.0000	0.0000	0.0000	0.0000	0.0000	0.0000	0.0000	0.0000	0.0000	0.0000	0.0000	0.0000	0.0000	0.0000	0.0000	0.0000	0.0000	0.0000	0.0000	0.0000	0.0047	0.0028	0.0018	0.0025	0.0022	0.0004	0.0021	0.0006	0.0015	0.0000	0.0000	0.0000	0.0000	0.0000	0.0000	0.0000	0.0000	0.0000	0.0000	0.0000	0.0000	0.0000	0.0000	0.0000	0.0000	0.0000	0.0000											
15	133	0.7218	12	1	1	1	2	0	0	0	0	N	N	N	Y	N	N	N	N	N	N	N	N	0.0000	0.0000	0.0000	0.0000	0.0000	0.0000	0.0000	0.0000	0.0000	0.0000	0.0000	0.0000	0.0000	0.0000	0.0000	0.0000	0.0000	0.0000	0.0000	0.0000	1.0049	1.0000	0.9915	0.0000	0.0000	0.0000	0.0000	0.0000	0.0000	0.0000	0.0000	0.0000	0.0000	0.0000	0.0000	0.0000	0.0000	0.0000	0.0000	0.0000	0.0000	0.0000	0.0481	0.0442	0.0039	0.0388	0.0363	0.0025	0.0094	0.0080	0.0014	0.0021	0.0012	0.0009	0.0010	0.0009	0.0001	0.0011	0.0003	0.0008	0.0000	0.0000	0.0000	0.0000	0.0000	0.0000	0.0000	0.0000	0.0000	0.0000	0.0000	0.0000	0.0000	0.0000	0.0000	0.0000	0.0000	0.0000											
15	134	0.7218	12	1	1	1	2	0	0	0	0	N	N	N	Y	N	N	N	N	N	N	N	N	0.0000	0.0000	0.0000	0.0000	0.0000	0.0000	0.0000	0.0000	0.0000	0.0000	0.0000	0.0000	0.0000	0.0000	0.0000	0.0000	0.0000	0.0000	0.0000	0.0000	1.0049	0.0000	0.9915	0.0000	0.0000	0.0000	0.0000	0.0000	0.0000	0.0000	0.0000	0.0000	0.0000	0.0000	0.0000	0.0000	0.0000	0.0000	0.0000	0.0000	0.0000	0.0000	0.0000	0.0000	0.0000	0.0000	0.0000	0.0000	0.0000	0.0000	0.0000	0.0000	0.0000	0.0000	0.0000	0.0000	0.0000	0.0000	0.0000	0.0000	0.0000	0.0000	0.0000	0.0000	0.0000	0.0000	0.0000	0.0000	0.0000	0.0000	0.0000	0.0000	0.0000	0.0000	0.0000	0.0000	0.0000	0.0000											
15	135	0.7108	11	1	1	1	2	0	0	0	0	N	N	N	Y	N	N	N	N	N	N	N	N	646.5595	inf	0.0000	inf	inf	0.0000	0.0000	0.0142	0.0155	0.0000	0.0180	0.0192	0.0000	0.0000	0.0000	0.0000	0.0000	0.0000	0.0000	0.0000	0.0000	0.0000	0.0000	0.0000	0.0000	0.0000	inf	-0.0004	0.0000	1.0049	2.0025	0.9915	0.9943	0.0014	0.0014	0.0000	0.0014	0.0014	0.0000	0.0000	0.0000	0.0000	0.0000	0.0000	0.0000	0.0000	0.0000	0.0000	0.0000	0.0000	0.0000	0.0955	0.0876	0.0079	0.0756	0.0707	0.0050	0.0198	0.0169	0.0029	0.0069	0.0042	0.0027	0.0038	0.0032	0.0005	0.0032	0.0009	0.0022	61584.5380	inf	0.0000	inf	inf	0.0000	0.0000	0.0000	0.0000	0.0000	0.0000	0.0000	0.0000	0.0000	0.0000	0.0000	0.0000	0.0000		
15	136	0.7108	10	1	1	0	2	0	0	0	0	N	N	N	Y	N	N	N	N	N	N	N	N	0.0000	0.0000	0.0000	0.0000	0.0000	0.0000	0.0000	0.0000	0.0000	0.0000	0.0000	0.0000	0.0000	0.0000	0.0000	0.0000	0.0002	0.0003	0.0001	0.0004	0.0004	0.0000	0.0001	0.0000	0.0001	1.0000	0.0000	-0.0000	1.0049	0.0050	0.9915	0.0173	0.0000	0.0000	0.0000	0.0000	0.0000	0.0000	0.0000	0.0000	0.0000	0.0000	0.0000	0.0000	0.0000	0.0000	0.0000	0.0000	0.0000	0.0000	0.0013	0.0012	0.0001	0.0012	0.0011	0.0001	0.0001	0.0000	0.0000	0.0001	0.0000	0.0000	0.0000	0.0000	0.0000	0.0000	0.0000	0.0000	0.0000	0.0000	0.0000	0.0000	0.0000	0.0000	0.0000	0.0000	0.0000	0.0001	0.0000	0.0001	0.0001	0.0001	0.0000	0.0001	0.0000	0.0001			
15	137	0.7011	9	1	1	0	2	0	0	0	0	N	N	N	Y	N	N	N	N	N	N	N	N	0.0000	0.0000	0.0000	0.0000	0.0000	0.0000	0.0000	0.0000	0.0000	0.0000	0.0000	0.0000	0.0000	0.0000	0.0001	0.0000	0.0001	0.0001	0.0000	0.0000	0.0000	0.0000	0.0000	0.0000	-0.0000	1.0049	1.9972	0.9915	1.0076	0.0000	0.0000	0.0000	0.0000	0.0000	0.0000	0.0000	0.0000	0.0000	0.0000	0.0000	0.0000	0.0000	0.0000	0.0000	0.0000	0.0000	0.0000	0.0715	0.0648	0.0067	0.0529	0.0490	0.0039	0.0186	0.0158	0.0027	0.0060	0.0038	0.0023	0.0038	0.0032	0.0005	0.0023	0.0005	0.0017	0.0000	0.0000	0.0000	0.0000	0.0000	0.0000	0.0000	0.0000	0.0000	0.0000	0.0000	0.0000	0.0000	0.0000	0.0000	0.0000	0.0000	0.0000						
15	138	0.6839	8	2	2	0	1	0	0	0	0	Y	Y	N	N	N	N	N	N	N	N	N	N	0.0000	0.0000	0.0000	0.0000	0.0000	0.0000	0.0000	0.0000	0.0000	0.0000	0.0000	0.0000	0.0000	0.0000	0.0000	0.0000	0.0000	0.0000	0.0000	0.0000	1.0049	0.0002	0.9915	2.3255	0.0000	0.0000	0.0000	0.0000	0.0000	0.0000	0.0000	0.0000	0.0000	0.0000	0.0000	0.0000	0.0000	0.0000	0.0000	0.0000	0.0000	0.0000	0.0000	0.0000	0.0000	0.0000	0.0000	0.0000	0.0000	0.0000	0.0000	0.0072	0.0043	0.0029	0.0034	0.0030	0.0004	0.0038	0.0014	0.0024	0.0000	0.0000	0.0000	0.0000	0.0000	0.0000	0.0000	0.0000	0.0000	0.0000	0.0000	0.0000	0.0000	0.0000	0.0000	0.0000	0.0000	0.0000											
15	139	0.6660	7	2	2	0	1	0	0	0	0	Y	Y	N	N	N	N	N	N	N	N	N	N	65.1641	30.1462	270.1629	147.6192	166.5914	inf	144.1102	0.0003	681.5382	7.2214	7.8401	0.0015	8.7893	9.3670	0.0000	0.0006	0.0000	0.0041	0.1108	0.2601	0.0000	0.0595	0.0562	0.0000	0.0000	0.0002	0.0000	0.0000	0.0006	-0.2597	-0.0000	1.0049	2.0138	0.9915	2.7349	0.9982	0.9982	0.0000	0.9982	0.9982	0.0000	0.0000	0.0000	0.0000	0.0001	0.0001	0.0000	0.0001	0.0001	0.0000	0.0000	0.0000	0.0000	0.1382	0.1273	0.0109	0.1136	0.1066	0.0070	0.0247	0.0208	0.0039	0.0203	0.0116	0.0087	0.0093	0.0085	0.0008	0.0110	0.0031	0.0079	2018.3923	1250.8135	270.1629	1127.0834	1095.2393	inf	144.1102	0.0970	681.5382	0.0036	0.0063	0.0000	0.0078	0.0086	0.0000	0.0000	0.0000	0.0000
15	140	0.6825	8	1	2	0	1	0	0	0	0	N	Y	N	N	N	N	N	N	N	N	N	N	39.5582	inf	0.1167	36.3571	inf	0.0000	0.0368	0.3104	0.0062	0.0066	0.0000	0.0073	0.0076	0.0000	0.0000	0.0000	0.0000	0.0002	0.0000	0.0001	0.0002	0.0000	0.0001	0.0001	0.0000	0.0001	0.0001	inf	-0.0004	0.0000	1.0049	1.9232	0.9915	1.1116	0.0014	0.0014	0.0000	0.0014	0.0014	0.0000	0.0000	0.0000	0.0000	0.0000	0.0000	0.0000	0.0000	0.0000	0.0000	0.0000	0.0000	0.0000	0.2199	0.2071	0.0129	0.1874	0.1789	0.0085	0.0325	0.0282	0.0043	0.0065	0.0041	0.0025	0.0039	0.0034	0.0005	0.0026	0.0007	0.0020	176.8390	inf	0.1167	959.7829	inf	0.0000	0.0556	0.0000	0.3104	0.0000	0.0000	0.0001	0.0000	0.0000	0.0001	0.0001	0.0000	0.0001	
15	141	0.0403	2	1	2	0	1	0	0	0	0	N	Y	N	N	N	N	N	N	N	N	N	N	inf	inf	inf	inf	inf	inf	0.0143	0.0000	0.1026	0.0003	0.0000	0.0052	0.0158	0.0000	0.1069	0.0000	0.0000	0.0000	0.0000	0.0000	0.0000	0.0000	0.0000	0.0000	inf	0.0035	0.0000	1.0049	3.0000	0.9915	1.0000	0.0047	0.0000	0.0047	0.0000	0.0000	0.0000	0.0047	0.0000	0.0047	0.0000	0.0000	0.0000	0.0000	0.0000	0.0000	0.0000	0.0000	0.0000	0.3276	0.2818	0.0458	0.0317	0.0298	0.0019	0.2959	0.2520	0.0439	0.0615	0.0271	0.0344	0.0001	0.0001	0.0000	0.0614	0.0270	0.0344	inf	0.0000	inf	inf	0.0000	inf	inf	0.0000	inf	0.0000	0.0000	0.0000	0.0000	0.0000	0.0000	0.0000	0.0000	0.0000				
15	145	0.7011	10	2	2	0	1	0	0	0	0	Y	Y	N	N	N	N	N	N	N	N	N	N	0.0000	0.0000	0.0000	0.0000	0.0000	0.0000	0.0000	0.0000	0.0000	0.0000	0.0000	0.0000	0.0000	0.0000	0.0000	0.0000	0.0000	0.0000	0.0000	0.0000	1.0049	1.0000	0.9915	1.0000	0.0000	0.0000	0.0000	0.0000	0.0000	0.0000	0.0000	0.0000	0.0000	0.0000	0.0000	0.0000	0.0000	0.0000	0.0000	0.0000	0.0000	0.0000	0.0365	0.0331	0.0034	0.0271	0.0251	0.0020	0.0094	0.0080	0.0014	0.0041	0.0025	0.0015	0.0025	0.0022	0.0004	0.0015	0.0004	0.0012	0.0000	0.0000	0.0000	0.0000	0.0000	0.0000	0.0000	0.0000	0.0000	0.0000	0.0000	0.0000	0.0000	0.0000	0.0000	0.0000	0.0000	0.0000											
15	146	0.7011	9	1	2	0	1	0	0	0	0	N	Y	N	N	N	N	N	N	N	N	N	N	0.0000	0.0000	0.0000	0.0000	0.0000	0.0000	0.0000	0.0000	0.0000	0.0000	0.0000	0.0000	0.0000	0.0000	0.0000	0.0000	0.0000	0.0000	0.0000	0.0000	1.0049	0.0003	0.9915	0.0000	0.0000	0.0000	0.0000	0.0000	0.0000	0.0000	0.0000	0.0000	0.0000	0.0000	0.0000	0.0000	0.0000	0.0000	0.0000	0.0000	0.0000	0.0000	0.0001	0.0001	0.0000	0.0001	0.0001	0.0000	0.0000	0.0000	0.0000	0.0000	0.0000	0.0000	0.0000	0.0000	0.0000	0.0000	0.0000	0.0000	0.0000	0.0000	0.0000	0.0000	0.0000	0.0000	0.0000	0.0000	0.0000	0.0000	0.0000	0.0000	0.0000	0.0000	0.0000	0.0000	0.0000	0.0000											
15	147	0.6825	8	1	1	0	1	0	0	0	0	N	N	N	N	N	N	N	N	N	N	N	N	3.3304	4.7197	1.2213	3.1001	5.2814	2.9761	0.0316	0.2999	0.0004	0.0005	0.0001	0.0005	0.0006	0.0001	0.0000	0.0000	0.0000	0.0001	0.0001	0.0000	0.0002	0.0001	0.0000	0.0001	0.0000	0.0001	0.0105	28.8734	-0.0000	0.0000	1.0049	4.9449	0.9915	1.0063	0.0001	0.0001	0.0000	0.0001	0.0001	0.0000	0.0000	0.0000	0.0000	0.0000	0.0000	0.0000	0.0000	0.0000	0.0000	0.0000	0.0000	0.0000	0.3089	0.2861	0.0228	0.2491	0.2346	0.0145	0.0598	0.0514	0.0084	0.0123	0.0076	0.0047	0.0074	0.0064	0.0010	0.0049	0.0013	0.0037	22.1757	439.1341	1.2213	107.7934	446.8464	2.9761	0.0564	0.0000	0.2999	0.0000	0.0000	0.0000	0.0000	0.0000	0.0000	0.0000	0.0000	0.0001	
15	148	0.6660	7	1	1	0	1	0	0	0	0	N	N	N	N	N	N	N	N	N	N	N	N	0.4031	1.7960	1.1836	0.8862	1.7518	0.0061	0.5020	inf	2.9700	0.0005	0.0004	0.0010	0.0005	0.0005	0.0000	0.0004	0.0000	0.0024	0.0012	0.0002	0.0009	0.0006	0.0003	0.0014	0.0008	0.0000	0.0008	0.2227	26.0257	-0.0000	0.0000	1.0049	3.4778	0.9915	1.2917	0.0001	0.0001	0.0000	0.0001	0.0001	0.0000	0.0000	0.0000	0.0000	0.0000	0.0000	0.0000	0.0000	0.0000	0.0000	0.0000	0.0000	0.0000	0.1842	0.1685	0.0158	0.1429	0.1336	0.0093	0.0413	0.0348	0.0065	0.0204	0.0116	0.0088	0.0093	0.0085	0.0008	0.0110	0.0031	0.0079	1.2475	17.2035	1.1836	3.8084	15.8877	0.0076	0.6488	inf	2.9700	0.0004	0.0000	0.0009	0.0001	0.0000	0.0011	0.0006	0.0000	0.0008
15	149	0.6156	6	1	1	0	1	0	0	0	0	N	N	N	N	N	N	N	N	N	N	N	N	2.5077	0.0708	inf	0.1350	0.1327	inf	inf	inf	inf	0.0138	0.0006	0.1414	0.0008	0.0008	0.0005	0.0528	0.0000	0.3434	0.0055	0.0090	0.0000	0.0060	0.0063	0.0000	0.0000	0.0000	0.0000	22.7849	0.0000	0.0033	-0.0000	1.0049	7.8050	0.9915	4.0035	0.0048	0.0002	0.0046	0.0002	0.0002	0.0000	0.0045	0.0000	0.0045	0.0000	0.0000	0.0000	0.0000	0.0000	0.0000	0.0000	0.0000	0.0000	0.3445	0.3123	0.0322	0.2585	0.2395	0.0190	0.0860	0.0728	0.0132	0.0334	0.0177	0.0156	0.0129	0.0110	0.0019	0.0205	0.0068	0.0137	16.8293	0.4146	inf	0.3818	0.3339	inf	inf	inf	inf	0.0008	0.0015	0.0000	0.0021	0.0025	0.0000	0.0000	0.0000	0.0000
15	150	0.5210	6	1	1	0	1	0	0	0	0	N	N	N	N	N	N	N	N	N	N	N	N	0.0070	0.0005	16.1744	0.0071	0.0010	12.5818	0.0085	0.0000	0.2218	0.0000	0.0000	0.0002	0.0000	0.0000	0.0003	0.0000	0.0000	0.0000	0.0030	0.0053	0.0000	0.0037	0.0036	0.0000	0.0000	0.0017	0.0000	7.3640	0.0086	0.0000	-0.0000	1.0049	3.7255	0.9915	14.1767	0.0000	0.0000	0.0000	0.0000	0.0000	0.0000	0.0000	0.0000	0.0000	0.0000	0.0000	0.0000	0.0000	0.0000	0.0000	0.0000	0.0000	0.0000	0.1999	0.1810	0.0189	0.1568	0.1447	0.0121	0.0431	0.0363	0.0068	0.0609	0.0347	0.0262	0.0251	0.0220	0.0031	0.0358	0.0127	0.0231	0.0343	0.0026	16.1744	0.0183	0.0021	12.5818	0.0177	0.0000	0.2218	0.0006	0.0011	0.0000	0.0015	0.0017	0.0000	0.0000	0.0000	0.0000
15	151	0.5047	5	1	1	0	1	0	0	0	0	N	N	N	N	N	N	N	N	N	N	N	N	2.1034	2.5468	0.0480	4.6115	8.4126	0.0003	6.8718	0.3226	0.3588	0.0295	0.0326	0.0000	0.0358	0.0386	0.0000	0.0071	0.0085	0.0001	0.0140	0.0128	0.0009	0.0078	0.0046	0.0116	0.0010	0.0263	0.0003	0.0001	0.2980	-0.0006	-0.0000	1.0049	1.4205	0.9915	4.0377	0.0025	0.0025	0.0000	0.0023	0.0023	0.0000	0.0001	0.0001	0.0000	0.0001	0.0000	0.0000	0.0000	0.0000	0.0000	0.0000	0.0000	0.0000	0.0840	0.0761	0.0079	0.0656	0.0608	0.0048	0.0184	0.0153	0.0031	0.0355	0.0218	0.0137	0.0158	0.0146	0.0012	0.0197	0.0072	0.0125	19.8487	17.4469	0.0480	14.5569	18.5763	0.0004	9.9814	5.9052	0.3588	0.0015	0.0019	0.0009	0.0025	0.0021	0.0071	0.0007	0.0014	0.0003
16	17	0.6997	11	2	1	1	1	0	0	0	0	Y	N	N	N	N	N	N	N	N	N	N	N	0.0000	0.0000	0.0000	0.0000	0.0000	0.0000	0.0000	0.0000	0.0000	0.0000	0.0000	0.0000	0.0000	0.0000	0.0000	0.0000	0.0000	0.0000	0.0000	0.0000	2.0025	0.0000	0.0085	0.0000	0.0000	0.0000	0.0000	0.0000	0.0000	0.0000	0.0000	0.0000	0.0000	0.0000	0.0000	0.0000	0.0000	0.0000	0.0000	0.0000	0.0000	0.0000	0.0000	0.0000	0.0000	0.0000	0.0000	0.0000	0.0000	0.0000	0.0000	0.0000	0.0000	0.0000	0.0000	0.0000	0.0000	0.0000	0.0000	0.0000	0.0000	0.0000	0.0000	0.0000	0.0000	0.0000	0.0000	0.0000	0.0000	0.0000	0.0000	0.0000	0.0000	0.0000	0.0000	0.0000	0.0000	0.0000											
16	18	0.1547	6	1	1	1	1	0	0	0	0	N	N	N	N	N	N	N	N	N	N	N	N	0.0000	0.0000	0.0000	0.0000	0.0000	0.0000	0.0000	0.0000	0.0000	0.0000	0.0000	0.0000	0.0000	0.0000	0.0000	0.0000	0.0000	0.0000	0.0000	0.0000	2.0025	0.0000	0.0085	0.0000	0.0000	0.0000	0.0000	0.0000	0.0000	0.0000	0.0000	0.0000	0.0000	0.0000	0.0000	0.0000	0.0000	0.0000	0.0000	0.0000	0.0000	0.0000	0.0000	0.0000	0.0000	0.0000	0.0000	0.0000	0.0000	0.0000	0.0000	0.0000	0.0000	0.0000	0.0000	0.0000	0.0000	0.0000	0.0000	0.0000	0.0000	0.0000	0.0000	0.0000	0.0000	0.0000	0.0000	0.0000	0.0000	0.0000	0.0000	0.0000	0.0000	0.0000	0.0000	0.0000	0.0000	0.0000											
16	19	0.6650	8	2	2	0	1	0	0	0	0	Y	Y	N	N	N	N	N	N	N	N	N	N	inf	inf	inf	inf	inf	inf	0.0167	0.0000	0.2157	0.0206	0.0000	0.3340	0.0007	0.0000	0.0047	0.0000	0.0000	0.0000	0.0000	0.0000	0.0000	0.0000	0.0000	0.0000	inf	0.0019	0.0000	2.0025	3.0000	0.0085	0.0000	0.0025	0.0000	0.0025	0.0025	0.0000	0.0025	0.0000	0.0000	0.0000	0.0000	0.0000	0.0000	0.0000	0.0000	0.0000	0.0000	0.0000	0.0000	0.1512	0.1395	0.0117	0.1221	0.1146	0.0075	0.0292	0.0250	0.0042	0.0037	0.0023	0.0014	0.0021	0.0018	0.0003	0.0016	0.0005	0.0012	inf	0.0000	inf	inf	0.0000	inf	inf	0.0000	inf	0.0000	0.0000	0.0000	0.0000	0.0000	0.0000	0.0000	0.0000	0.0000				
16	20	0.6874	9	1	2	0	1	0	0	0	0	N	Y	N	N	N	N	N	N	N	N	N	N	0.0000	0.0000	0.0000	0.0000	0.0000	0.0000	0.0000	0.0000	0.0000	0.0000	0.0000	0.0000	0.0000	0.0000	0.0000	0.0000	0.0000	0.0000	0.0000	0.0000	2.0025	0.0000	0.0085	1.0000	0.0000	0.0000	0.0000	0.0000	0.0000	0.0000	0.0000	0.0000	0.0000	0.0000	0.0000	0.0000	0.0000	0.0000	0.0000	0.0000	0.0000	0.0000	0.0000	0.0000	0.0000	0.0000	0.0000	0.0000	0.0000	0.0000	0.0000	0.0048	0.0031	0.0017	0.0016	0.0014	0.0002	0.0032	0.0017	0.0015	0.0000	0.0000	0.0000	0.0000	0.0000	0.0000	0.0000	0.0000	0.0000	0.0000	0.0000	0.0000	0.0000	0.0000	0.0000	0.0000	0.0000	0.0000											
16	21	0.7135	10	1	1	0	2	0	0	0	0	N	N	N	Y	N	N	N	N	N	N	N	N	0.0000	0.0000	0.0000	0.0000	0.0000	0.0000	0.0000	0.0000	0.0000	0.0000	0.0000	0.0000	0.0000	0.0000	0.0000	0.0000	0.0000	0.0000	0.0000	0.0000	0.0000	0.0000	inf	0.0000	0.0000	2.0025	2.0045	0.0085	0.0106	0.0000	0.0000	0.0000	0.0000	0.0000	0.0000	0.0000	0.0000	0.0000	0.0000	0.0000	0.0000	0.0000	0.0000	0.0000	0.0000	0.0000	0.0000	0.1772	0.1624	0.0147	0.1385	0.1294	0.0091	0.0387	0.0331	0.0056	0.0047	0.0028	0.0019	0.0026	0.0022	0.0004	0.0022	0.0006	0.0015	0.0000	0.0000	0.0000	0.0000	0.0000	0.0000	0.0000	0.0000	0.0000	0.0000	0.0000	0.0000	0.0000	0.0000	0.0000	0.0000	0.0000	0.0000						
16	22	0.6842	9	1	1	0	2	0	0	0	0	N	N	N	Y	N	N	N	N	N	N	N	N	0.0000	0.0000	0.0000	0.0000	0.0000	0.0000	0.0000	0.0000	0.0000	0.0000	0.0000	0.0000	0.0000	0.0000	0.0001	0.0000	0.0001	0.0001	0.0000	0.0000	0.0000	0.0000	0.0000	0.0000	-0.0000	2.0025	1.9989	0.0085	1.0099	0.0000	0.0000	0.0000	0.0000	0.0000	0.0000	0.0000	0.0000	0.0000	0.0000	0.0000	0.0000	0.0000	0.0000	0.0000	0.0000	0.0000	0.0000	0.1975	0.1818	0.0157	0.1619	0.1513	0.0106	0.0356	0.0305	0.0051	0.0067	0.0041	0.0026	0.0037	0.0032	0.0005	0.0030	0.0009	0.0021	0.0000	0.0000	0.0000	0.0000	0.0000	0.0000	0.0000	0.0000	0.0000	0.0000	0.0000	0.0000	0.0000	0.0000	0.0000	0.0000	0.0000	0.0000						
16	23	0.1509	8	1	2	0	2	0	0	0	0	N	Y	N	Y	N	N	N	N	N	N	N	N	0.0000	0.0000	0.0000	0.0000	0.0000	0.0000	0.0000	0.0000	0.0000	0.0000	0.0000	0.0000	0.0000	0.0000	0.0000	0.0000	0.0000	0.0000	0.0000	0.0000	2.0025	0.0000	0.0085	1.0024	0.0000	0.0000	0.0000	0.0000	0.0000	0.0000	0.0000	0.0000	0.0000	0.0000	0.0000	0.0000	0.0000	0.0000	0.0000	0.0000	0.0000	0.0000	0.0000	0.0000	0.0000	0.0000	0.0000	0.0000	0.0000	0.0000	0.0000	0.0164	0.0115	0.0050	0.0069	0.0069	0.0000	0.0095	0.0046	0.0049	0.0000	0.0000	0.0000	0.0000	0.0000	0.0000	0.0000	0.0000	0.0000	0.0000	0.0000	0.0000	0.0000	0.0000	0.0000	0.0000	0.0000	0.0000											
16	24	0.6874	9	1	2	0	1	0	0	0	0	N	Y	N	N	N	N	N	N	N	N	N	N	0.0000	0.0000	0.0000	0.0000	0.0000	0.0000	0.0000	0.0000	0.0000	0.0000	0.0000	0.0000	0.0000	0.0000	0.0000	0.0000	0.0000	0.0000	0.0000	0.0000	2.0025	0.0000	0.0085	0.0000	0.0000	0.0000	0.0000	0.0000	0.0000	0.0000	0.0000	0.0000	0.0000	0.0000	0.0000	0.0000	0.0000	0.0000	0.0000	0.0000	0.0000	0.0000	0.0000	0.0000	0.0000	0.0000	0.0000	0.0000	0.0000	0.0000	0.0000	0.0000	0.0000	0.0000	0.0000	0.0000	0.0000	0.0000	0.0000	0.0000	0.0000	0.0000	0.0000	0.0000	0.0000	0.0000	0.0000	0.0000	0.0000	0.0000	0.0000	0.0000	0.0000	0.0000	0.0000	0.0000	0.0000	0.0000											
16	25	0.1827	8	1	2	0	1	0	0	0	0	N	Y	N	N	N	N	N	N	N	N	N	N	0.0000	0.0000	0.0000	0.0000	0.0000	0.0000	0.0000	0.0000	0.0000	0.0000	0.0000	0.0000	0.0000	0.0000	0.0000	0.0000	0.0000	0.0000	0.0000	0.0000	2.0025	0.9998	0.0085	0.0242	0.0000	0.0000	0.0000	0.0000	0.0000	0.0000	0.0000	0.0000	0.0000	0.0000	0.0000	0.0000	0.0000	0.0000	0.0000	0.0000	0.0000	0.0000	0.0689	0.0621	0.0067	0.0416	0.0387	0.0029	0.0273	0.0234	0.0038	0.0033	0.0013	0.0020	0.0002	0.0002	0.0000	0.0031	0.0012	0.0019	0.0000	0.0000	0.0000	0.0000	0.0000	0.0000	0.0000	0.0000	0.0000	0.0000	0.0000	0.0000	0.0000	0.0000	0.0000	0.0000	0.0000	0.0000											
16	26	0.0300	3	1	2	0	2	0	0	0	0	N	Y	N	Y	N	N	N	N	N	N	N	N	0.0000	0.0000	0.0000	0.0000	0.0000	0.0000	0.0000	0.0000	0.0000	0.0000	0.0000	0.0000	0.0000	0.0000	0.0000	0.0000	0.0000	0.0000	0.0000	0.0000	2.0025	0.0000	0.0085	0.0000	0.0000	0.0000	0.0000	0.0000	0.0000	0.0000	0.0000	0.0000	0.0000	0.0000	0.0000	0.0000	0.0000	0.0000	0.0000	0.0000	0.0000	0.0000	0.0000	0.0000	0.0000	0.0000	0.0000	0.0000	0.0000	0.0000	0.0000	0.0000	0.0000	0.0000	0.0000	0.0000	0.0000	0.0000	0.0000	0.0000	0.0000	0.0000	0.0000	0.0000	0.0000	0.0000	0.0000	0.0000	0.0000	0.0000	0.0000	0.0000	0.0000	0.0000	0.0000	0.0000	0.0000	0.0000											
16	27	0.7111	9	2	2	0	1	0	0	0	0	Y	Y	N	N	N	N	N	N	N	N	N	N	0.0000	0.0000	0.0000	0.0000	0.0000	0.0000	0.0000	0.0000	0.0000	0.0000	0.0000	0.0000	0.0000	0.0000	0.0000	0.0000	0.0000	0.0000	0.0001	0.0000	0.0000	0.0000	0.0000	0.0000	inf	0.0000	0.0000	2.0025	0.0418	0.0085	6.1659	0.0000	0.0000	0.0000	0.0000	0.0000	0.0000	0.0000	0.0000	0.0000	0.0000	0.0000	0.0000	0.0000	0.0000	0.0000	0.0000	0.0000	0.0000	0.0092	0.0086	0.0006	0.0053	0.0052	0.0001	0.0040	0.0035	0.0005	0.0182	0.0124	0.0058	0.0113	0.0100	0.0013	0.0069	0.0024	0.0045	0.0000	0.0000	0.0000	0.0000	0.0000	0.0000	0.0000	0.0000	0.0000	0.0000	0.0000	0.0000	0.0000	0.0000	0.0000	0.0000	0.0000	0.0000				
16	28	0.7181	12	1	1	0	2	0	0	0	0	N	N	N	Y	N	N	N	N	N	N	N	N	0.0074	inf	0.0000	0.0073	inf	0.0000	0.0000	0.0000	0.0000	0.0000	0.0000	0.0000	0.0000	0.0000	0.0000	0.0000	0.0000	0.0001	0.0000	0.0000	0.0001	0.0000	0.0000	0.0000	0.0000	0.0000	0.0000	inf	-0.0000	0.0000	2.0025	1.5398	0.0085	1.0296	0.0000	0.0000	0.0000	0.0000	0.0000	0.0000	0.0000	0.0000	0.0000	0.0000	0.0000	0.0000	0.0000	0.0000	0.0000	0.0000	0.0000	0.0000	0.1266	0.1152	0.0114	0.0956	0.0891	0.0065	0.0310	0.0261	0.0049	0.0064	0.0044	0.0020	0.0039	0.0035	0.0005	0.0025	0.0009	0.0016	0.2907	inf	0.0000	1.7375	inf	0.0000	0.0000	0.0000	0.0000	0.0000	0.0000	0.0000	0.0000	0.0000	0.0000	0.0000	0.0000	0.0000	
16	29	0.7129	11	1	1	0	2	0	0	0	0	N	N	N	Y	N	N	N	N	N	N	N	N	0.0059	0.0017	1.3227	0.0044	0.0024	inf	0.0000	0.0000	0.0000	0.0000	0.0000	0.0000	0.0000	0.0000	0.0000	0.0000	0.0000	0.0001	0.0001	0.0000	0.0002	0.0002	0.0000	0.0000	0.0000	0.0000	1.0000	0.2272	0.0000	-0.0000	2.0025	0.8816	0.0085	0.0702	0.0000	0.0000	0.0000	0.0000	0.0000	0.0000	0.0000	0.0000	0.0000	0.0000	0.0000	0.0000	0.0000	0.0000	0.0000	0.0000	0.0000	0.0000	0.1097	0.1013	0.0084	0.0658	0.0632	0.0026	0.0439	0.0381	0.0058	0.0028	0.0020	0.0009	0.0017	0.0015	0.0002	0.0012	0.0005	0.0007	0.1215	0.0558	1.3227	0.1386	0.0677	inf	0.0000	0.0000	0.0000	0.0000	0.0000	0.0000	0.0000	0.0000	0.0000	0.0000	0.0000	0.0000	
16	30	0.1663	9	1	1	0	2	0	0	0	0	N	N	N	Y	N	N	N	N	N	N	N	N	0.0000	0.0000	0.0000	0.0000	0.0000	0.0000	0.0000	0.0000	0.0000	0.0000	0.0000	0.0000	0.0000	0.0000	0.0000	0.0000	0.0000	0.0000	0.0000	0.0000	2.0025	0.0000	0.0085	0.0000	0.0000	0.0000	0.0000	0.0000	0.0000	0.0000	0.0000	0.0000	0.0000	0.0000	0.0000	0.0000	0.0000	0.0000	0.0000	0.0000	0.0000	0.0000	0.0000	0.0000	0.0000	0.0000	0.0000	0.0000	0.0000	0.0000	0.0000	0.0000	0.0000	0.0000	0.0000	0.0000	0.0000	0.0000	0.0000	0.0000	0.0000	0.0000	0.0000	0.0000	0.0000	0.0000	0.0000	0.0000	0.0000	0.0000	0.0000	0.0000	0.0000	0.0000	0.0000	0.0000	0.0000	0.0000											
16	31	0.1731	7	2	1	1	1	0	0	0	0	Y	N	N	N	N	N	N	N	N	N	N	N	0.0000	0.0000	0.0000	0.0000	0.0000	0.0000	0.0000	0.0000	0.0000	0.0000	0.0000	0.0000	0.0000	0.0000	0.0000	0.0000	0.0000	0.0000	0.0000	0.0000	2.0025	0.0000	0.0085	0.0000	0.0000	0.0000	0.0000	0.0000	0.0000	0.0000	0.0000	0.0000	0.0000	0.0000	0.0000	0.0000	0.0000	0.0000	0.0000	0.0000	0.0000	0.0000	0.0000	0.0000	0.0000	0.0000	0.0000	0.0000	0.0000	0.0000	0.0000	0.0000	0.0000	0.0000	0.0000	0.0000	0.0000	0.0000	0.0000	0.0000	0.0000	0.0000	0.0000	0.0000	0.0000	0.0000	0.0000	0.0000	0.0000	0.0000	0.0000	0.0000	0.0000	0.0000	0.0000	0.0000	0.0000	0.0000											
16	32	0.1089	5	1	2	0	1	0	0	0	0	N	Y	N	N	N	N	N	N	N	N	N	N	0.0000	0.0000	0.0000	0.0000	0.0000	0.0000	0.0000	0.0000	0.0000	0.0000	0.0000	0.0000	0.0000	0.0000	0.0000	0.0000	0.0000	0.0000	0.0000	0.0000	2.0025	0.0006	0.0085	3.0000	0.0000	0.0000	0.0000	0.0000	0.0000	0.0000	0.0000	0.0000	0.0000	0.0000	0.0000	0.0000	0.0000	0.0000	0.0000	0.0000	0.0000	0.0000	0.0001	0.0001	0.0000	0.0001	0.0001	0.0000	0.0000	0.0000	0.0000	0.0094	0.0036	0.0058	0.0002	0.0002	0.0000	0.0092	0.0034	0.0058	0.0000	0.0000	0.0000	0.0000	0.0000	0.0000	0.0000	0.0000	0.0000	0.0000	0.0000	0.0000	0.0000	0.0000	0.0000	0.0000	0.0000	0.0000											
16	33	0.1089	5	1	2	0	1	0	0	0	0	N	Y	N	N	N	N	N	N	N	N	N	N	0.0000	0.0000	0.0000	0.0000	0.0000	0.0000	0.0000	0.0000	0.0000	0.0000	0.0000	0.0000	0.0000	0.0000	0.0000	0.0000	0.0000	0.0000	0.0000	0.0000	2.0025	2.0006	0.0085	8.0000	0.0000	0.0000	0.0000	0.0000	0.0000	0.0000	0.0000	0.0000	0.0000	0.0000	0.0000	0.0000	0.0000	0.0000	0.0000	0.0000	0.0000	0.0000	0.1335	0.1192	0.0143	0.0731	0.0673	0.0059	0.0604	0.0519	0.0085	0.0293	0.0115	0.0178	0.0007	0.0006	0.0000	0.0286	0.0108	0.0178	0.0000	0.0000	0.0000	0.0000	0.0000	0.0000	0.0000	0.0000	0.0000	0.0000	0.0000	0.0000	0.0000	0.0000	0.0000	0.0000	0.0000	0.0000											
16	34	0.1501	6	2	2	0	1	0	0	0	0	Y	Y	N	N	N	N	N	N	N	N	N	N	inf	inf	inf	inf	0.0045	0.0051	0.0000	0.0089	0.0097	0.0000	0.0000	0.0000	0.0000	0.0000	0.0000	0.0000	0.0000	0.0000	0.0000	0.0000	0.0000	0.0000	0.0000	-0.0007	0.0000	2.0025	10.0001	0.0085	4.0001	0.0025	0.0025	0.0000	0.0025	0.0025	0.0000	0.0000	0.0000	0.0000	0.0000	0.0000	0.0000	0.0000	0.0000	0.0000	0.0000	0.0000	0.0000	0.5567	0.4984	0.0582	0.2828	0.2617	0.0210	0.2739	0.2367	0.0372	0.0433	0.0185	0.0248	0.0014	0.0014	0.0000	0.0419	0.0172	0.0247	inf	inf	0.0000	inf	inf	0.0000	0.0000	0.0000	0.0000	0.0000	0.0000	0.0000	0.0000	0.0000	0.0000	0.0000	0.0000	0.0000						
16	35	0.1089	5	1	2	0	1	0	0	0	0	N	Y	N	N	N	N	N	N	N	N	N	N	0.0000	0.0000	0.0000	0.0000	0.0000	0.0000	0.0000	0.0000	0.0000	0.0000	0.0000	0.0000	0.0000	0.0000	0.0000	0.0000	0.0000	0.0000	0.0000	0.0000	2.0025	3.0004	0.0085	2.0000	0.0000	0.0000	0.0000	0.0000	0.0000	0.0000	0.0000	0.0000	0.0000	0.0000	0.0000	0.0000	0.0000	0.0000	0.0000	0.0000	0.0000	0.0000	0.1947	0.1738	0.0209	0.1054	0.0970	0.0084	0.0893	0.0768	0.0125	0.0154	0.0060	0.0094	0.0003	0.0003	0.0000	0.0151	0.0056	0.0094	0.0000	0.0000	0.0000	0.0000	0.0000	0.0000	0.0000	0.0000	0.0000	0.0000	0.0000	0.0000	0.0000	0.0000	0.0000	0.0000	0.0000	0.0000											
16	36	0.6650	8	1	2	0	1	0	0	0	0	N	Y	N	N	N	N	N	N	N	N	N	N	0.0000	0.0000	0.0000	0.0000	0.0000	0.0000	0.0000	0.0000	0.0000	0.0000	0.0000	0.0000	0.0000	0.0000	0.0000	0.0000	0.0000	0.0000	0.0000	0.0000	2.0025	3.0000	0.0085	3.0000	0.0000	0.0000	0.0000	0.0000	0.0000	0.0000	0.0000	0.0000	0.0000	0.0000	0.0000	0.0000	0.0000	0.0000	0.0000	0.0000	0.0000	0.0000	0.1512	0.1395	0.0117	0.1221	0.1146	0.0075	0.0292	0.0250	0.0042	0.0072	0.0044	0.0028	0.0040	0.0034	0.0006	0.0032	0.0010	0.0022	0.0000	0.0000	0.0000	0.0000	0.0000	0.0000	0.0000	0.0000	0.0000	0.0000	0.0000	0.0000	0.0000	0.0000	0.0000	0.0000	0.0000	0.0000											
16	37	0.1391	6	2	2	0	1	0	0	0	0	Y	Y	N	N	N	N	N	N	N	N	N	N	0.0000	0.0000	0.0000	0.0000	0.0000	0.0000	0.0000	0.0000	0.0000	0.0000	0.0000	0.0000	0.0000	0.0000	0.0000	0.0000	0.0000	0.0000	0.0000	0.0000	2.0025	4.2779	0.0085	3.9542	0.0000	0.0000	0.0000	0.0000	0.0000	0.0000	0.0000	0.0000	0.0000	0.0000	0.0000	0.0000	0.0000	0.0000	0.0000	0.0000	0.0000	0.0000	0.2759	0.2456	0.0303	0.1405	0.1297	0.0108	0.1354	0.1159	0.0195	0.0234	0.0104	0.0130	0.0013	0.0013	0.0000	0.0221	0.0091	0.0130	0.0000	0.0000	0.0000	0.0000	0.0000	0.0000	0.0000	0.0000	0.0000	0.0000	0.0000	0.0000	0.0000	0.0000	0.0000	0.0000	0.0000	0.0000											
16	38	0.7317	12	2	2	0	1	0	0	0	0	Y	Y	N	N	N	N	N	N	N	N	N	N	0.0731	inf	0.0000	inf	inf	0.0000	0.0000	0.0000	0.0000	0.0000	0.0000	0.0000	0.0000	0.0000	0.0000	0.0000	0.0000	0.0000	0.0000	0.0000	0.0000	0.0000	0.0000	0.0000	0.0000	0.0000	inf	-0.0000	0.0000	2.0025	2.8243	0.0085	1.0201	0.0000	0.0000	0.0000	0.0000	0.0000	0.0000	0.0000	0.0000	0.0000	0.0000	0.0000	0.0000	0.0000	0.0000	0.0000	0.0000	0.0000	0.0000	0.1981	0.1796	0.0185	0.1229	0.1154	0.0074	0.0752	0.0642	0.0111	0.0104	0.0066	0.0038	0.0054	0.0047	0.0006	0.0050	0.0018	0.0032	6.6104	inf	0.0000	inf	inf	0.0000	0.0000	0.0000	0.0000	0.0000	0.0000	0.0000	0.0000	0.0000	0.0000	0.0000	0.0000	0.0000		
16	39	0.1501	6	1	2	0	1	0	0	0	0	N	Y	N	N	N	N	N	N	N	N	N	N	inf	inf	inf	inf	3.1143	3.4711	0.0000	0.0000	0.0000	0.0000	6.8310	7.9230	0.0000	0.0000	0.0000	0.0000	0.0000	0.0000	0.0000	0.0000	0.0000	0.0000	0.0000	-0.2602	0.0000	2.0025	5.0001	0.0085	5.0000	1.0000	1.0000	0.0000	0.0000	0.0000	0.0000	1.0000	1.0000	0.0000	0.0000	0.0000	0.0000	0.0000	0.0000	0.0000	0.0000	0.0000	0.0000	0.3211	0.2881	0.0330	0.1747	0.1619	0.0128	0.1464	0.1262	0.0202	0.0322	0.0137	0.0185	0.0011	0.0011	0.0000	0.0312	0.0127	0.0185	inf	inf	0.0000	0.0000	0.0000	0.0000	inf	inf	0.0000	0.0000	0.0000	0.0000	0.0000	0.0000	0.0000	0.0000	0.0000	0.0000						
16	40	0.6874	9	1	2	0	1	0	0	0	0	N	Y	N	N	N	N	N	N	N	N	N	N	0.0000	0.0000	0.0000	0.0000	0.0000	0.0000	0.0000	0.0000	0.0000	0.0000	0.0000	0.0000	0.0000	0.0000	0.0000	0.0000	0.0000	0.0000	0.0000	0.0000	2.0025	0.0000	0.0085	2.0000	0.0000	0.0000	0.0000	0.0000	0.0000	0.0000	0.0000	0.0000	0.0000	0.0000	0.0000	0.0000	0.0000	0.0000	0.0000	0.0000	0.0000	0.0000	0.0000	0.0000	0.0000	0.0000	0.0000	0.0000	0.0000	0.0000	0.0000	0.0094	0.0061	0.0033	0.0032	0.0028	0.0004	0.0061	0.0033	0.0028	0.0000	0.0000	0.0000	0.0000	0.0000	0.0000	0.0000	0.0000	0.0000	0.0000	0.0000	0.0000	0.0000	0.0000	0.0000	0.0000	0.0000	0.0000											
16	41	0.1501	6	1	2	0	1	0	0	0	0	N	Y	N	N	N	N	N	N	N	N	N	N	0.0000	0.0000	0.0000	0.0000	0.0000	0.0000	0.0000	0.0000	0.0000	0.0000	0.0000	0.0000	0.0000	0.0000	0.0000	0.0000	0.0000	0.0000	0.0000	0.0000	2.0025	5.9998	0.0085	3.0000	0.0000	0.0000	0.0000	0.0000	0.0000	0.0000	0.0000	0.0000	0.0000	0.0000	0.0000	0.0000	0.0000	0.0000	0.0000	0.0000	0.0000	0.0000	0.3736	0.3351	0.0386	0.2004	0.1856	0.0148	0.1733	0.1495	0.0238	0.0293	0.0125	0.0168	0.0010	0.0010	0.0000	0.0284	0.0115	0.0168	0.0000	0.0000	0.0000	0.0000	0.0000	0.0000	0.0000	0.0000	0.0000	0.0000	0.0000	0.0000	0.0000	0.0000	0.0000	0.0000	0.0000	0.0000											
16	42	0.7535	13	1	2	1	2	0	0	0	0	N	Y	N	Y	N	N	N	N	N	N	N	N	0.0000	0.0000	0.0000	0.0000	0.0000	0.0000	0.0000	0.0000	0.0000	0.0000	0.0000	0.0000	0.0000	0.0000	0.0000	0.0000	0.0000	0.0000	0.0000	0.0000	2.0025	0.0011	0.0085	1.0134	0.0000	0.0000	0.0000	0.0000	0.0000	0.0000	0.0000	0.0000	0.0000	0.0000	0.0000	0.0000	0.0000	0.0000	0.0000	0.0000	0.0000	0.0000	0.0001	0.0001	0.0000	0.0001	0.0001	0.0000	0.0001	0.0000	0.0000	0.0031	0.0020	0.0011	0.0015	0.0014	0.0001	0.0016	0.0006	0.0010	0.0000	0.0000	0.0000	0.0000	0.0000	0.0000	0.0000	0.0000	0.0000	0.0000	0.0000	0.0000	0.0000	0.0000	0.0000	0.0000	0.0000	0.0000											
16	43	0.7317	12	1	1	0	2	0	0	0	0	N	N	N	Y	N	N	N	N	N	N	N	N	0.0000	0.0000	0.0000	0.0000	0.0000	0.0000	0.0000	0.0000	0.0000	0.0000	0.0000	0.0000	0.0000	0.0000	0.0000	0.0000	0.0000	0.0000	0.0000	0.0000	0.0000	0.0000	inf	0.0000	0.0000	2.0025	2.8187	0.0085	0.0347	0.0000	0.0000	0.0000	0.0000	0.0000	0.0000	0.0000	0.0000	0.0000	0.0000	0.0000	0.0000	0.0000	0.0000	0.0000	0.0000	0.0000	0.0000	0.1978	0.1793	0.0185	0.1227	0.1152	0.0074	0.0751	0.0640	0.0111	0.0079	0.0050	0.0029	0.0041	0.0036	0.0005	0.0038	0.0014	0.0024	0.0000	0.0000	0.0000	0.0000	0.0000	0.0000	0.0000	0.0000	0.0000	0.0000	0.0000	0.0000	0.0000	0.0000	0.0000	0.0000	0.0000	0.0000						
16	44	0.7190	11	1	1	0	1	0	0	0	0	N	N	N	N	N	N	N	N	N	N	N	N	0.0682	0.0171	inf	0.0402	0.0261	inf	inf	inf	0.0000	0.0000	0.0000	0.0000	0.0000	0.0000	0.0000	0.0000	0.0000	0.0000	0.0001	0.0000	0.0001	0.0001	0.0000	0.0000	0.0000	0.0000	0.6667	0.0000	0.0000	-0.0000	2.0025	0.9605	0.0085	1.0076	0.0000	0.0000	0.0000	0.0000	0.0000	0.0000	0.0000	0.0000	0.0000	0.0000	0.0000	0.0000	0.0000	0.0000	0.0000	0.0000	0.0000	0.0000	0.1147	0.1059	0.0089	0.0689	0.0661	0.0028	0.0458	0.0397	0.0061	0.0050	0.0034	0.0016	0.0031	0.0027	0.0004	0.0019	0.0007	0.0013	5.5371	2.4223	inf	5.6252	3.0777	inf	inf	inf	0.0000	0.0000	0.0000	0.0000	0.0000	0.0000	0.0000	0.0000	0.0000	0.0000	
16	45	0.1621	8	1	2	1	2	0	0	0	0	N	Y	N	Y	N	N	N	N	N	N	N	N	0.0000	0.0000	0.0000	0.0000	0.0000	0.0000	0.0000	0.0000	0.0000	0.0000	0.0000	0.0000	0.0000	0.0000	0.0000	0.0000	0.0000	0.0000	0.0000	0.0000	2.0025	1.0000	0.0085	1.0000	0.0000	0.0000	0.0000	0.0000	0.0000	0.0000	0.0000	0.0000	0.0000	0.0000	0.0000	0.0000	0.0000	0.0000	0.0000	0.0000	0.0000	0.0000	0.0669	0.0595	0.0073	0.0353	0.0324	0.0029	0.0316	0.0272	0.0045	0.0061	0.0027	0.0034	0.0004	0.0004	0.0000	0.0057	0.0023	0.0034	0.0000	0.0000	0.0000	0.0000	0.0000	0.0000	0.0000	0.0000	0.0000	0.0000	0.0000	0.0000	0.0000	0.0000	0.0000	0.0000	0.0000	0.0000											
16	46	0.6650	8	1	2	0	1	0	0	0	0	N	Y	N	N	N	N	N	N	N	N	N	N	0.0000	0.0000	0.0000	0.0000	0.0000	0.0000	0.0000	0.0000	0.0000	0.0000	0.0000	0.0000	0.0000	0.0000	0.0000	0.0000	0.0000	0.0000	0.0000	0.0000	2.0025	0.0000	0.0085	0.0000	0.0000	0.0000	0.0000	0.0000	0.0000	0.0000	0.0000	0.0000	0.0000	0.0000	0.0000	0.0000	0.0000	0.0000	0.0000	0.0000	0.0000	0.0000	0.0000	0.0000	0.0000	0.0000	0.0000	0.0000	0.0000	0.0000	0.0000	0.0000	0.0000	0.0000	0.0000	0.0000	0.0000	0.0000	0.0000	0.0000	0.0000	0.0000	0.0000	0.0000	0.0000	0.0000	0.0000	0.0000	0.0000	0.0000	0.0000	0.0000	0.0000	0.0000	0.0000	0.0000	0.0000	0.0000											
16	47	0.7190	11	1	2	0	2	0	0	0	0	N	Y	N	Y	N	N	N	N	N	N	N	N	0.0000	0.0000	0.0000	0.0000	0.0000	0.0000	0.0000	0.0000	0.0000	0.0000	0.0000	0.0000	0.0000	0.0000	0.0000	0.0000	0.0000	0.0000	0.0000	0.0000	2.0025	0.0000	0.0085	1.0000	0.0000	0.0000	0.0000	0.0000	0.0000	0.0000	0.0000	0.0000	0.0000	0.0000	0.0000	0.0000	0.0000	0.0000	0.0000	0.0000	0.0000	0.0000	0.0521	0.0490	0.0031	0.0260	0.0260	0.0000	0.0260	0.0229	0.0031	0.0027	0.0019	0.0009	0.0017	0.0015	0.0002	0.0011	0.0004	0.0007	0.0000	0.0000	0.0000	0.0000	0.0000	0.0000	0.0000	0.0000	0.0000	0.0000	0.0000	0.0000	0.0000	0.0000	0.0000	0.0000	0.0000	0.0000											
16	48	0.6650	8	2	2	0	1	0	0	0	0	Y	Y	N	N	N	N	N	N	N	N	N	N	0.0000	0.0000	0.0000	0.0000	0.0000	0.0000	0.0000	0.0000	0.0000	0.0000	0.0000	0.0000	0.0000	0.0000	0.0000	0.0000	0.0000	0.0000	0.0000	0.0000	2.0025	0.0000	0.0085	4.0000	0.0000	0.0000	0.0000	0.0000	0.0000	0.0000	0.0000	0.0000	0.0000	0.0000	0.0000	0.0000	0.0000	0.0000	0.0000	0.0000	0.0000	0.0000	0.0000	0.0000	0.0000	0.0000	0.0000	0.0000	0.0000	0.0000	0.0000	0.0049	0.0030	0.0019	0.0027	0.0023	0.0004	0.0022	0.0007	0.0015	0.0000	0.0000	0.0000	0.0000	0.0000	0.0000	0.0000	0.0000	0.0000	0.0000	0.0000	0.0000	0.0000	0.0000	0.0000	0.0000	0.0000	0.0000											
16	49	0.7397	12	1	1	1	1	0	0	0	0	N	N	N	N	N	N	N	N	N	N	N	N	0.0000	0.0000	0.0000	0.0000	0.0000	0.0000	0.0000	0.0000	0.0000	0.0000	0.0000	0.0000	0.0000	0.0000	0.0000	0.0000	0.0000	0.0000	0.0000	0.0000	2.0025	0.0000	0.0085	0.0000	0.0000	0.0000	0.0000	0.0000	0.0000	0.0000	0.0000	0.0000	0.0000	0.0000	0.0000	0.0000	0.0000	0.0000	0.0000	0.0000	0.0000	0.0000	0.0000	0.0000	0.0000	0.0000	0.0000	0.0000	0.0000	0.0000	0.0000	0.0000	0.0000	0.0000	0.0000	0.0000	0.0000	0.0000	0.0000	0.0000	0.0000	0.0000	0.0000	0.0000	0.0000	0.0000	0.0000	0.0000	0.0000	0.0000	0.0000	0.0000	0.0000	0.0000	0.0000	0.0000	0.0000	0.0000											
16	50	0.1711	7	1	1	1	1	0	0	0	0	N	N	N	N	N	N	N	N	N	N	N	N	0.0000	0.0000	0.0000	0.0000	0.0000	0.0000	0.0000	0.0000	0.0000	0.0000	0.0000	0.0000	0.0000	0.0000	0.0000	0.0000	0.0000	0.0000	0.0000	0.0000	2.0025	1.0000	0.0085	1.0000	0.0000	0.0000	0.0000	0.0000	0.0000	0.0000	0.0000	0.0000	0.0000	0.0000	0.0000	0.0000	0.0000	0.0000	0.0000	0.0000	0.0000	0.0000	0.0629	0.0558	0.0071	0.0269	0.0247	0.0022	0.0360	0.0312	0.0049	0.0076	0.0038	0.0038	0.0008	0.0008	0.0001	0.0068	0.0031	0.0037	0.0000	0.0000	0.0000	0.0000	0.0000	0.0000	0.0000	0.0000	0.0000	0.0000	0.0000	0.0000	0.0000	0.0000	0.0000	0.0000	0.0000	0.0000											
16	51	0.1757	7	1	2	0	1	0	0	0	0	N	Y	N	N	N	N	N	N	N	N	N	N	0.0000	0.0000	0.0000	0.0000	0.0000	0.0000	0.0000	0.0000	0.0000	0.0000	0.0000	0.0000	0.0000	0.0000	0.0000	0.0000	0.0000	0.0000	0.0000	0.0000	2.0025	0.0003	0.0085	0.9690	0.0000	0.0000	0.0000	0.0000	0.0000	0.0000	0.0000	0.0000	0.0000	0.0000	0.0000	0.0000	0.0000	0.0000	0.0000	0.0000	0.0000	0.0000	0.0001	0.0001	0.0000	0.0000	0.0000	0.0000	0.0000	0.0000	0.0000	0.0059	0.0042	0.0017	0.0018	0.0017	0.0000	0.0041	0.0025	0.0016	0.0000	0.0000	0.0000	0.0000	0.0000	0.0000	0.0000	0.0000	0.0000	0.0000	0.0000	0.0000	0.0000	0.0000	0.0000	0.0000	0.0000	0.0000											
16	52	0.7430	12	1	2	0	1	0	0	0	0	N	Y	N	N	N	N	N	N	N	N	N	N	0.0000	0.0000	0.0000	0.0000	0.0000	0.0000	0.0000	0.0000	0.0000	0.0000	0.0000	0.0000	0.0000	0.0000	0.0000	0.0000	0.0000	0.0000	0.0000	0.0000	0.0000	0.0000	inf	0.0000	0.0000	2.0025	0.9211	0.0085	0.1671	0.0000	0.0000	0.0000	0.0000	0.0000	0.0000	0.0000	0.0000	0.0000	0.0000	0.0000	0.0000	0.0000	0.0000	0.0000	0.0000	0.0000	0.0000	0.0759	0.0693	0.0066	0.0521	0.0489	0.0031	0.0238	0.0204	0.0034	0.0066	0.0050	0.0016	0.0043	0.0038	0.0005	0.0023	0.0012	0.0012	0.0000	0.0000	0.0000	0.0000	0.0000	0.0000	0.0000	0.0000	0.0000	0.0000	0.0000	0.0000	0.0000	0.0000	0.0000	0.0000	0.0000	0.0000						
16	53	0.1621	8	1	2	0	1	0	0	0	0	N	Y	N	N	N	N	N	N	N	N	N	N	0.0000	0.0000	0.0000	0.0000	0.0000	0.0000	0.0000	0.0000	0.0000	0.0000	0.0000	0.0000	0.0000	0.0000	0.0000	0.0000	0.0000	0.0000	0.0000	0.0000	2.0025	1.0000	0.0085	5.0000	0.0000	0.0000	0.0000	0.0000	0.0000	0.0000	0.0000	0.0000	0.0000	0.0000	0.0000	0.0000	0.0000	0.0000	0.0000	0.0000	0.0000	0.0000	0.0669	0.0595	0.0073	0.0353	0.0324	0.0029	0.0316	0.0272	0.0045	0.0175	0.0078	0.0097	0.0011	0.0011	0.0000	0.0164	0.0067	0.0096	0.0000	0.0000	0.0000	0.0000	0.0000	0.0000	0.0000	0.0000	0.0000	0.0000	0.0000	0.0000	0.0000	0.0000	0.0000	0.0000	0.0000	0.0000											
16	54	0.1469	7	1	1	0	1	0	0	0	0	N	N	N	N	N	N	N	N	N	N	N	N	0.0000	0.0000	0.0000	0.0000	0.0000	0.0000	0.0000	0.0000	0.0000	0.0000	0.0000	0.0000	0.0000	0.0000	0.0000	0.0000	0.0000	0.0000	0.0000	0.0000	2.0025	0.0000	0.0085	2.9157	0.0000	0.0000	0.0000	0.0000	0.0000	0.0000	0.0000	0.0000	0.0000	0.0000	0.0000	0.0000	0.0000	0.0000	0.0000	0.0000	0.0000	0.0000	0.0000	0.0000	0.0000	0.0000	0.0000	0.0000	0.0000	0.0000	0.0000	0.0119	0.0055	0.0064	0.0021	0.0021	0.0000	0.0098	0.0034	0.0064	0.0000	0.0000	0.0000	0.0000	0.0000	0.0000	0.0000	0.0000	0.0000	0.0000	0.0000	0.0000	0.0000	0.0000	0.0000	0.0000	0.0000	0.0000											
16	55	0.7190	11	1	2	0	1	0	0	0	0	N	Y	N	N	N	N	N	N	N	N	N	N	0.0000	0.0000	0.0000	0.0000	0.0000	0.0000	0.0000	0.0000	0.0000	0.0000	0.0000	0.0000	0.0000	0.0000	0.0000	0.0000	0.0000	0.0000	0.0000	0.0000	2.0025	2.0000	0.0085	3.0000	0.0000	0.0000	0.0000	0.0000	0.0000	0.0000	0.0000	0.0000	0.0000	0.0000	0.0000	0.0000	0.0000	0.0000	0.0000	0.0000	0.0000	0.0000	0.1782	0.1634	0.0148	0.1114	0.1058	0.0055	0.0668	0.0575	0.0093	0.0120	0.0080	0.0040	0.0074	0.0065	0.0010	0.0046	0.0015	0.0030	0.0000	0.0000	0.0000	0.0000	0.0000	0.0000	0.0000	0.0000	0.0000	0.0000	0.0000	0.0000	0.0000	0.0000	0.0000	0.0000	0.0000	0.0000											
16	56	0.1391	6	1	2	0	2	0	0	0	0	N	Y	N	Y	N	N	N	N	N	N	N	N	0.0000	0.0000	0.0000	0.0000	0.0000	0.0000	0.0000	0.0000	0.0000	0.0000	0.0000	0.0000	0.0000	0.0000	0.0000	0.0000	0.0000	0.0000	0.0000	0.0000	2.0025	1.7218	0.0085	6.9557	0.0000	0.0000	0.0000	0.0000	0.0000	0.0000	0.0000	0.0000	0.0000	0.0000	0.0000	0.0000	0.0000	0.0000	0.0000	0.0000	0.0000	0.0000	0.1280	0.1138	0.0142	0.0670	0.0621	0.0049	0.0610	0.0517	0.0093	0.0246	0.0109	0.0136	0.0014	0.0014	0.0000	0.0232	0.0096	0.0136	0.0000	0.0000	0.0000	0.0000	0.0000	0.0000	0.0000	0.0000	0.0000	0.0000	0.0000	0.0000	0.0000	0.0000	0.0000	0.0000	0.0000	0.0000											
16	57	0.1501	6	2	1	1	1	0	0	0	0	Y	N	N	N	N	N	N	N	N	N	N	N	inf	inf	inf	inf	inf	inf	3.8874	2.1700	18.6363	0.0000	0.0000	0.0000	8.0087	4.6360	29.3901	0.0000	0.0000	0.0000	0.0000	0.0000	0.0000	0.0000	0.0000	0.0000	1.0000	0.4796	0.0000	2.0025	8.9999	0.0085	5.0001	2.0000	1.0000	1.0000	0.0000	0.0000	0.0000	2.0000	1.0000	1.0000	0.0000	0.0000	0.0000	0.0000	0.0000	0.0000	0.0000	0.0000	0.0000	0.5145	0.4608	0.0537	0.2648	0.2451	0.0196	0.2497	0.2157	0.0340	0.0433	0.0185	0.0248	0.0014	0.0014	0.0000	0.0419	0.0172	0.0247	inf	inf	inf	0.0000	0.0000	0.0000	inf	inf	inf	0.0000	0.0000	0.0000	0.0000	0.0000	0.0000	0.0000	0.0000	0.0000				
16	58	0.6650	8	2	1	1	1	0	0	0	0	Y	N	N	N	N	N	N	N	N	N	N	N	0.0000	0.0000	0.0000	0.0000	0.0000	0.0000	0.0000	0.0000	0.0000	0.0000	0.0000	0.0000	0.0000	0.0000	0.0000	0.0000	0.0000	0.0000	0.0000	0.0000	2.0025	0.0000	0.0085	1.0000	0.0000	0.0000	0.0000	0.0000	0.0000	0.0000	0.0000	0.0000	0.0000	0.0000	0.0000	0.0000	0.0000	0.0000	0.0000	0.0000	0.0000	0.0000	0.0000	0.0000	0.0000	0.0000	0.0000	0.0000	0.0000	0.0000	0.0000	0.0013	0.0008	0.0005	0.0007	0.0006	0.0001	0.0006	0.0002	0.0004	0.0000	0.0000	0.0000	0.0000	0.0000	0.0000	0.0000	0.0000	0.0000	0.0000	0.0000	0.0000	0.0000	0.0000	0.0000	0.0000	0.0000	0.0000											
16	59	0.1757	7	1	1	1	1	0	0	0	0	N	N	N	N	N	N	N	N	N	N	N	N	0.0000	0.0000	0.0000	0.0000	0.0000	0.0000	0.0000	0.0000	0.0000	0.0000	0.0000	0.0000	0.0000	0.0000	0.0000	0.0000	0.0000	0.0000	0.0000	0.0000	2.0025	0.0006	0.0085	1.1867	0.0000	0.0000	0.0000	0.0000	0.0000	0.0000	0.0000	0.0000	0.0000	0.0000	0.0000	0.0000	0.0000	0.0000	0.0000	0.0000	0.0000	0.0000	0.0001	0.0001	0.0000	0.0001	0.0000	0.0000	0.0000	0.0000	0.0000	0.0065	0.0045	0.0020	0.0018	0.0018	0.0000	0.0047	0.0027	0.0020	0.0000	0.0000	0.0000	0.0000	0.0000	0.0000	0.0000	0.0000	0.0000	0.0000	0.0000	0.0000	0.0000	0.0000	0.0000	0.0000	0.0000	0.0000											
16	60	0.1391	6	1	1	0	1	0	0	0	0	N	N	N	N	N	N	N	N	N	N	N	N	0.0000	0.0000	0.0000	0.0000	0.0000	0.0000	0.0000	0.0000	0.0000	0.0000	0.0000	0.0000	0.0000	0.0000	0.0000	0.0000	0.0000	0.0000	0.0000	-0.0000	2.0025	2.2785	0.0085	4.8627	0.0000	0.0000	0.0000	0.0000	0.0000	0.0000	0.0000	0.0000	0.0000	0.0000	0.0000	0.0000	0.0000	0.0000	0.0000	0.0000	0.0000	0.0000	0.1620	0.1441	0.0179	0.0843	0.0780	0.0063	0.0777	0.0661	0.0116	0.0205	0.0091	0.0114	0.0012	0.0012	0.0000	0.0193	0.0080	0.0114	0.0000	0.0000	0.0000	0.0000	0.0000	0.0000	0.0000	0.0000	0.0000	0.0000	0.0000	0.0000	0.0000	0.0000	0.0000	0.0000	0.0000	0.0000											
16	61	0.7430	12	1	1	1	1	0	0	0	0	N	N	N	N	N	N	N	N	N	N	N	N	0.0000	0.0000	0.0000	0.0000	0.0000	0.0000	0.0000	0.0000	0.0000	0.0000	0.0000	0.0000	0.0000	0.0000	0.0000	0.0000	0.0000	0.0000	0.0000	0.0000	0.0000	0.0000	inf	0.0000	0.0000	2.0025	1.0901	0.0085	7.9319	0.0000	0.0000	0.0000	0.0000	0.0000	0.0000	0.0000	0.0000	0.0000	0.0000	0.0000	0.0000	0.0000	0.0000	0.0000	0.0000	0.0000	0.0000	0.0871	0.0795	0.0076	0.0591	0.0555	0.0036	0.0280	0.0240	0.0041	0.0259	0.0170	0.0089	0.0149	0.0130	0.0019	0.0110	0.0041	0.0069	0.0000	0.0000	0.0000	0.0000	0.0000	0.0000	0.0000	0.0000	0.0000	0.0000	0.0000	0.0000	0.0000	0.0000	0.0000	0.0000	0.0000	0.0000						
16	62	0.7129	11	1	1	0	1	0	0	0	0	N	N	N	N	N	N	N	N	N	N	N	N	0.0000	0.0000	0.0000	0.0000	0.0000	0.0000	0.0000	0.0000	0.0000	0.0000	0.0000	0.0000	0.0000	0.0000	0.0000	0.0000	0.0000	0.0001	0.0000	0.0001	0.0001	0.0000	0.0000	0.0000	0.0000	0.7692	0.0000	-0.0000	2.0025	1.6797	0.0085	2.9843	0.0000	0.0000	0.0000	0.0000	0.0000	0.0000	0.0000	0.0000	0.0000	0.0000	0.0000	0.0000	0.0000	0.0000	0.0000	0.0000	0.0000	0.0000	0.1591	0.1460	0.0130	0.0990	0.0943	0.0047	0.0600	0.0518	0.0083	0.0115	0.0077	0.0038	0.0069	0.0060	0.0009	0.0046	0.0016	0.0029	0.0000	0.0000	0.0000	0.0000	0.0000	0.0000	0.0000	0.0000	0.0000	0.0000	0.0000	0.0000	0.0000	0.0000	0.0000	0.0000	0.0000	0.0000			
16	63	0.7028	10	1	1	0	1	0	0	0	0	N	N	N	N	N	N	N	N	N	N	N	N	0.0000	0.0000	0.0000	0.0000	0.0000	0.0000	0.0000	0.0000	0.0000	0.0000	0.0000	0.0000	0.0000	0.0000	0.0001	0.0000	0.0001	0.0001	0.0000	0.0000	0.0000	0.0000	0.3000	0.0000	-0.0000	2.0025	0.4935	0.0085	1.5835	0.0000	0.0000	0.0000	0.0000	0.0000	0.0000	0.0000	0.0000	0.0000	0.0000	0.0000	0.0000	0.0000	0.0000	0.0000	0.0000	0.0000	0.0000	0.0848	0.0787	0.0061	0.0486	0.0472	0.0015	0.0362	0.0315	0.0047	0.0051	0.0034	0.0017	0.0032	0.0028	0.0004	0.0019	0.0006	0.0013	0.0000	0.0000	0.0000	0.0000	0.0000	0.0000	0.0000	0.0000	0.0000	0.0000	0.0000	0.0000	0.0000	0.0000	0.0000	0.0000	0.0000	0.0000						
16	64	0.7397	12	1	2	0	1	0	0	0	0	N	Y	N	N	N	N	N	N	N	N	N	N	0.0360	inf	0.0000	0.0339	inf	0.0000	0.0000	0.0000	0.0000	0.0000	0.0000	0.0000	0.0000	0.0000	0.0000	0.0000	0.0000	0.0001	0.0000	0.0000	0.0001	0.0000	0.0000	0.0000	0.0000	0.0000	0.0000	inf	-0.0000	0.0000	2.0025	0.2944	0.0085	1.0083	0.0000	0.0000	0.0000	0.0000	0.0000	0.0000	0.0000	0.0000	0.0000	0.0000	0.0000	0.0000	0.0000	0.0000	0.0000	0.0000	0.0000	0.0000	0.0330	0.0300	0.0030	0.0272	0.0251	0.0021	0.0058	0.0049	0.0009	0.0031	0.0021	0.0010	0.0020	0.0017	0.0003	0.0011	0.0004	0.0007	0.5986	inf	0.0000	3.3574	inf	0.0000	0.0000	0.0000	0.0000	0.0000	0.0000	0.0000	0.0000	0.0000	0.0000	0.0000	0.0000	0.0000	
16	65	0.7190	11	1	1	0	1	0	0	0	0	N	N	N	N	N	N	N	N	N	N	N	N	0.0137	0.0035	inf	0.0088	0.0050	inf	0.0000	0.0000	0.0000	0.0000	0.0000	0.0000	0.0000	0.0000	0.0000	0.0001	0.0001	0.0000	0.0001	0.0001	0.0000	0.0000	0.0000	0.0000	1.0000	0.0000	0.0000	-0.0000	2.0025	1.1351	0.0085	2.0429	0.0000	0.0000	0.0000	0.0000	0.0000	0.0000	0.0000	0.0000	0.0000	0.0000	0.0000	0.0000	0.0000	0.0000	0.0000	0.0000	0.0000	0.0000	0.1257	0.1158	0.0099	0.0763	0.0731	0.0032	0.0494	0.0427	0.0067	0.0078	0.0052	0.0026	0.0048	0.0042	0.0006	0.0030	0.0010	0.0020	0.3991	0.1450	inf	0.4028	0.1851	inf	0.0000	0.0000	0.0000	0.0000	0.0000	0.0000	0.0000	0.0000	0.0000	0.0000	0.0000	0.0000			
16	66	0.7028	10	1	1	0	1	0	0	0	0	N	N	N	N	N	N	N	N	N	N	N	N	0.0000	0.0000	0.0000	0.0000	0.0000	0.0000	0.0000	0.0000	0.0000	0.0000	0.0000	0.0000	0.0000	0.0000	0.0000	0.0000	0.0000	0.0000	0.0000	0.0000	2.0025	0.4912	0.0085	2.4266	0.0000	0.0000	0.0000	0.0000	0.0000	0.0000	0.0000	0.0000	0.0000	0.0000	0.0000	0.0000	0.0000	0.0000	0.0000	0.0000	0.0000	0.0000	0.0847	0.0786	0.0061	0.0485	0.0471	0.0014	0.0361	0.0315	0.0047	0.0070	0.0047	0.0023	0.0044	0.0038	0.0006	0.0026	0.0009	0.0018	0.0000	0.0000	0.0000	0.0000	0.0000	0.0000	0.0000	0.0000	0.0000	0.0000	0.0000	0.0000	0.0000	0.0000	0.0000	0.0000	0.0000	0.0000											
16	67	0.6977	9	1	1	0	1	0	0	0	0	N	N	N	N	N	N	N	N	N	N	N	N	0.0058	inf	0.0000	inf	inf	0.0000	0.0000	0.0000	0.0000	0.0000	0.0000	0.0000	0.0000	0.0000	0.0000	0.0000	0.0000	0.0000	0.0000	0.0000	0.0000	0.0000	0.0000	0.0000	0.0000	0.0000	inf	-0.0000	0.0000	2.0025	0.6141	0.0085	1.2701	0.0000	0.0000	0.0000	0.0000	0.0000	0.0000	0.0000	0.0000	0.0000	0.0000	0.0000	0.0000	0.0000	0.0000	0.0000	0.0000	0.0000	0.0000	0.1013	0.0936	0.0077	0.0623	0.0597	0.0026	0.0390	0.0339	0.0051	0.0048	0.0032	0.0016	0.0030	0.0026	0.0004	0.0018	0.0006	0.0012	0.3523	inf	0.0000	inf	inf	0.0000	0.0000	0.0000	0.0000	0.0000	0.0000	0.0000	0.0000	0.0000	0.0000	0.0000	0.0000	0.0000		
16	68	0.6650	8	2	2	1	1	0	0	0	0	Y	Y	N	N	N	N	N	N	N	N	N	N	0.0000	0.0000	0.0000	0.0000	0.0000	0.0000	0.0000	0.0000	0.0000	0.0000	0.0000	0.0000	0.0000	0.0000	0.0000	0.0000	0.0000	0.0000	0.0000	0.0000	2.0025	0.0000	0.0085	0.0000	0.0000	0.0000	0.0000	0.0000	0.0000	0.0000	0.0000	0.0000	0.0000	0.0000	0.0000	0.0000	0.0000	0.0000	0.0000	0.0000	0.0000	0.0000	0.0000	0.0000	0.0000	0.0000	0.0000	0.0000	0.0000	0.0000	0.0000	0.0000	0.0000	0.0000	0.0000	0.0000	0.0000	0.0000	0.0000	0.0000	0.0000	0.0000	0.0000	0.0000	0.0000	0.0000	0.0000	0.0000	0.0000	0.0000	0.0000	0.0000	0.0000	0.0000	0.0000	0.0000	0.0000	0.0000											
16	69	0.1955	8	2	2	1	1	0	0	0	0	Y	Y	N	N	N	N	N	N	N	N	N	N	inf	inf	inf	inf	9.9182	0.0000	115.5650	0.0000	0.0000	0.0000	41.3769	0.0000	313.0419	0.0000	0.0000	0.0000	0.0000	0.0000	0.0000	0.0000	0.0000	0.0000	inf	0.7398	0.0000	2.0025	1.0000	0.0085	0.0000	1.0000	0.0000	1.0000	0.0000	0.0000	0.0000	1.0000	0.0000	1.0000	0.0000	0.0000	0.0000	0.0000	0.0000	0.0000	0.0000	0.0000	0.0000	0.1008	0.0922	0.0087	0.0767	0.0712	0.0055	0.0242	0.0210	0.0032	0.0034	0.0014	0.0020	0.0002	0.0002	0.0000	0.0031	0.0011	0.0020	inf	0.0000	inf	0.0000	0.0000	0.0000	inf	0.0000	inf	0.0000	0.0000	0.0000	0.0000	0.0000	0.0000	0.0000	0.0000	0.0000						
16	70	0.1955	8	2	2	1	1	0	0	0	0	Y	Y	N	N	N	N	N	N	N	N	N	N	0.0000	0.0000	0.0000	0.0000	0.0000	0.0000	0.0000	0.0000	0.0000	0.0000	0.0000	0.0000	0.0000	0.0000	0.0000	0.0000	0.0000	0.0000	0.0000	0.0000	2.0025	0.0000	0.0085	0.0000	0.0000	0.0000	0.0000	0.0000	0.0000	0.0000	0.0000	0.0000	0.0000	0.0000	0.0000	0.0000	0.0000	0.0000	0.0000	0.0000	0.0000	0.0000	0.0000	0.0000	0.0000	0.0000	0.0000	0.0000	0.0000	0.0000	0.0000	0.0000	0.0000	0.0000	0.0000	0.0000	0.0000	0.0000	0.0000	0.0000	0.0000	0.0000	0.0000	0.0000	0.0000	0.0000	0.0000	0.0000	0.0000	0.0000	0.0000	0.0000	0.0000	0.0000	0.0000	0.0000	0.0000	0.0000											
16	71	0.1731	7	2	2	1	1	0	0	0	0	Y	Y	N	N	N	N	N	N	N	N	N	N	0.0000	0.0000	0.0000	0.0000	0.0000	0.0000	0.0000	0.0000	0.0000	0.0000	0.0000	0.0000	0.0000	0.0000	0.0000	0.0000	0.0000	0.0000	0.0000	0.0000	2.0025	2.0000	0.0085	1.0000	0.0000	0.0000	0.0000	0.0000	0.0000	0.0000	0.0000	0.0000	0.0000	0.0000	0.0000	0.0000	0.0000	0.0000	0.0000	0.0000	0.0000	0.0000	0.1866	0.1701	0.0165	0.1389	0.1287	0.0102	0.0477	0.0414	0.0063	0.0098	0.0039	0.0058	0.0007	0.0006	0.0000	0.0091	0.0033	0.0058	0.0000	0.0000	0.0000	0.0000	0.0000	0.0000	0.0000	0.0000	0.0000	0.0000	0.0000	0.0000	0.0000	0.0000	0.0000	0.0000	0.0000	0.0000											
16	72	0.1501	6	2	1	1	1	0	0	0	0	Y	N	N	N	N	N	N	N	N	N	N	N	0.0000	0.0000	0.0000	0.0000	0.0000	0.0000	0.0000	0.0000	0.0000	0.0000	0.0000	0.0000	0.0000	0.0000	0.0000	0.0021	0.0000	0.0009	0.1805	0.0000	2.2557	0.0001	0.0000	0.0001	inf	0.0000	0.0000	2.0025	1.0017	0.0085	2.0007	0.0000	0.0000	0.0000	0.0000	0.0000	0.0000	0.0000	0.0000	0.0000	0.0000	0.0000	0.0000	0.0000	0.0000	0.0000	0.0000	0.0000	0.0000	0.0738	0.0663	0.0074	0.0426	0.0396	0.0031	0.0311	0.0268	0.0043	0.0105	0.0044	0.0060	0.0004	0.0004	0.0000	0.0101	0.0041	0.0060	0.0000	0.0000	0.0000	0.0000	0.0000	0.0000	0.0000	0.0000	0.0000	0.0005	0.0000	0.0009	0.0128	0.0000	0.4934	0.0000	0.0000	0.0001				
16	73	0.6842	9	2	2	0	1	0	0	0	0	Y	Y	N	N	N	N	N	N	N	N	N	N	0.0000	0.0000	0.0000	0.0000	0.0000	0.0000	0.0000	0.0000	0.0000	0.0000	0.0000	0.0000	0.0000	0.0000	0.0000	0.0000	0.0000	0.0000	0.0000	0.0000	2.0025	0.0000	0.0085	0.0000	0.0000	0.0000	0.0000	0.0000	0.0000	0.0000	0.0000	0.0000	0.0000	0.0000	0.0000	0.0000	0.0000	0.0000	0.0000	0.0000	0.0000	0.0000	0.0000	0.0000	0.0000	0.0000	0.0000	0.0000	0.0000	0.0000	0.0000	0.0000	0.0000	0.0000	0.0000	0.0000	0.0000	0.0000	0.0000	0.0000	0.0000	0.0000	0.0000	0.0000	0.0000	0.0000	0.0000	0.0000	0.0000	0.0000	0.0000	0.0000	0.0000	0.0000	0.0000	0.0000	0.0000	0.0000											
16	74	0.0764	5	2	2	0	1	0	0	0	0	Y	Y	N	N	N	N	N	N	N	N	N	N	0.0000	0.0000	0.0000	0.0000	0.0000	0.0000	0.0000	0.0000	0.0000	0.0000	0.0000	0.0000	0.0000	0.0000	0.0000	0.0000	0.0000	0.0000	0.0000	0.0000	2.0025	0.0000	0.0085	0.0010	0.0000	0.0000	0.0000	0.0000	0.0000	0.0000	0.0000	0.0000	0.0000	0.0000	0.0000	0.0000	0.0000	0.0000	0.0000	0.0000	0.0000	0.0000	0.0000	0.0000	0.0000	0.0000	0.0000	0.0000	0.0000	0.0000	0.0000	0.0016	0.0012	0.0003	0.0008	0.0008	0.0000	0.0008	0.0005	0.0003	0.0000	0.0000	0.0000	0.0000	0.0000	0.0000	0.0000	0.0000	0.0000	0.0000	0.0000	0.0000	0.0000	0.0000	0.0000	0.0000	0.0000	0.0000											
16	75	0.1663	9	1	2	0	2	0	0	0	0	N	Y	N	Y	N	N	N	N	N	N	N	N	0.0000	0.0000	0.0000	0.0000	0.0000	0.0000	0.0000	0.0000	0.0000	0.0000	0.0000	0.0000	0.0000	0.0000	0.0000	0.0000	0.0000	0.0000	0.0000	0.0000	2.0025	0.0000	0.0085	0.0000	0.0000	0.0000	0.0000	0.0000	0.0000	0.0000	0.0000	0.0000	0.0000	0.0000	0.0000	0.0000	0.0000	0.0000	0.0000	0.0000	0.0000	0.0000	0.0000	0.0000	0.0000	0.0000	0.0000	0.0000	0.0000	0.0000	0.0000	0.0000	0.0000	0.0000	0.0000	0.0000	0.0000	0.0000	0.0000	0.0000	0.0000	0.0000	0.0000	0.0000	0.0000	0.0000	0.0000	0.0000	0.0000	0.0000	0.0000	0.0000	0.0000	0.0000	0.0000	0.0000	0.0000	0.0000											
16	76	0.1663	9	1	1	0	2	0	0	0	0	N	N	N	Y	N	N	N	N	N	N	N	N	0.0000	0.0000	0.0000	0.0000	0.0000	0.0000	0.0000	0.0000	0.0000	0.0000	0.0000	0.0000	0.0000	0.0000	0.0000	0.0000	0.0000	0.0000	0.0000	0.0000	2.0025	0.0000	0.0085	0.0000	0.0000	0.0000	0.0000	0.0000	0.0000	0.0000	0.0000	0.0000	0.0000	0.0000	0.0000	0.0000	0.0000	0.0000	0.0000	0.0000	0.0000	0.0000	0.0000	0.0000	0.0000	0.0000	0.0000	0.0000	0.0000	0.0000	0.0000	0.0000	0.0000	0.0000	0.0000	0.0000	0.0000	0.0000	0.0000	0.0000	0.0000	0.0000	0.0000	0.0000	0.0000	0.0000	0.0000	0.0000	0.0000	0.0000	0.0000	0.0000	0.0000	0.0000	0.0000	0.0000	0.0000	0.0000											
16	77	0.1509	8	1	1	0	2	0	0	0	0	N	N	N	Y	N	N	N	N	N	N	N	N	0.0000	0.0000	0.0000	0.0000	0.0000	0.0000	0.0000	0.0000	0.0000	0.0000	0.0000	0.0000	0.0000	0.0000	0.0000	0.0000	0.0000	0.0000	0.0000	0.0000	2.0025	0.0002	0.0085	2.9297	0.0000	0.0000	0.0000	0.0000	0.0000	0.0000	0.0000	0.0000	0.0000	0.0000	0.0000	0.0000	0.0000	0.0000	0.0000	0.0000	0.0000	0.0000	0.0000	0.0000	0.0000	0.0000	0.0000	0.0000	0.0000	0.0000	0.0000	0.0219	0.0138	0.0081	0.0072	0.0072	0.0001	0.0147	0.0067	0.0080	0.0000	0.0000	0.0000	0.0000	0.0000	0.0000	0.0000	0.0000	0.0000	0.0000	0.0000	0.0000	0.0000	0.0000	0.0000	0.0000	0.0000	0.0000											
16	78	0.1469	7	1	1	0	2	0	0	0	0	N	N	N	Y	N	N	N	N	N	N	N	N	0.0000	0.0000	0.0000	0.0000	0.0000	0.0000	0.0000	0.0000	0.0000	0.0000	0.0000	0.0000	0.0000	0.0000	0.0000	0.0000	0.0000	0.0000	0.0000	-0.0000	2.0025	0.0003	0.0085	2.1916	0.0000	0.0000	0.0000	0.0000	0.0000	0.0000	0.0000	0.0000	0.0000	0.0000	0.0000	0.0000	0.0000	0.0000	0.0000	0.0000	0.0000	0.0000	0.0000	0.0000	0.0000	0.0000	0.0000	0.0000	0.0000	0.0000	0.0000	0.0097	0.0045	0.0052	0.0020	0.0020	0.0000	0.0078	0.0026	0.0052	0.0000	0.0000	0.0000	0.0000	0.0000	0.0000	0.0000	0.0000	0.0000	0.0000	0.0000	0.0000	0.0000	0.0000	0.0000	0.0000	0.0000	0.0000											
16	79	0.1391	6	1	1	0	1	0	0	0	0	N	N	N	N	N	N	N	N	N	N	N	N	0.0000	0.0000	0.0000	0.0000	0.0000	0.0000	0.0000	0.0000	0.0000	0.0000	0.0000	0.0000	0.0000	0.0000	0.0000	0.0000	0.0000	0.0000	0.0000	0.0000	2.0025	0.2782	0.0085	1.3600	0.0000	0.0000	0.0000	0.0000	0.0000	0.0000	0.0000	0.0000	0.0000	0.0000	0.0000	0.0000	0.0000	0.0000	0.0000	0.0000	0.0000	0.0000	0.0346	0.0306	0.0041	0.0180	0.0172	0.0008	0.0166	0.0134	0.0032	0.0050	0.0022	0.0028	0.0003	0.0003	0.0000	0.0047	0.0019	0.0028	0.0000	0.0000	0.0000	0.0000	0.0000	0.0000	0.0000	0.0000	0.0000	0.0000	0.0000	0.0000	0.0000	0.0000	0.0000	0.0000	0.0000	0.0000											
16	80	0.1827	8	1	2	1	1	0	0	0	0	N	Y	N	N	N	N	N	N	N	N	N	N	0.0000	0.0000	0.0000	0.0000	0.0000	0.0000	0.0000	0.0000	0.0000	0.0000	0.0000	0.0000	0.0000	0.0000	0.0000	0.0000	0.0000	0.0000	0.0000	0.0000	2.0025	0.0029	0.0085	2.0135	0.0000	0.0000	0.0000	0.0000	0.0000	0.0000	0.0000	0.0000	0.0000	0.0000	0.0000	0.0000	0.0000	0.0000	0.0000	0.0000	0.0000	0.0000	0.0004	0.0003	0.0000	0.0002	0.0002	0.0000	0.0002	0.0001	0.0000	0.0063	0.0025	0.0037	0.0002	0.0002	0.0000	0.0060	0.0023	0.0037	0.0000	0.0000	0.0000	0.0000	0.0000	0.0000	0.0000	0.0000	0.0000	0.0000	0.0000	0.0000	0.0000	0.0000	0.0000	0.0000	0.0000	0.0000											
16	81	0.1761	7	1	2	0	1	0	0	0	0	N	Y	N	N	N	N	N	N	N	N	N	N	0.0000	0.0000	0.0000	0.0000	0.0000	0.0000	0.0000	0.0000	0.0000	0.0000	0.0000	0.0000	0.0000	0.0000	0.0000	0.0000	0.0000	0.0000	0.0000	0.0000	2.0025	0.6188	0.0085	0.9475	0.0000	0.0000	0.0000	0.0000	0.0000	0.0000	0.0000	0.0000	0.0000	0.0000	0.0000	0.0000	0.0000	0.0000	0.0000	0.0000	0.0000	0.0000	0.0819	0.0750	0.0069	0.0559	0.0534	0.0024	0.0260	0.0215	0.0045	0.0057	0.0024	0.0033	0.0006	0.0005	0.0000	0.0051	0.0018	0.0033	0.0000	0.0000	0.0000	0.0000	0.0000	0.0000	0.0000	0.0000	0.0000	0.0000	0.0000	0.0000	0.0000	0.0000	0.0000	0.0000	0.0000	0.0000											
16	82	0.6874	9	1	2	1	1	0	0	0	0	N	Y	N	N	N	N	N	N	N	N	N	N	0.0000	0.0000	0.0000	0.0000	0.0000	0.0000	0.0000	0.0000	0.0000	0.0000	0.0000	0.0000	0.0000	0.0000	0.0000	0.0000	0.0000	0.0000	0.0000	0.0000	2.0025	0.0000	0.0085	1.0000	0.0000	0.0000	0.0000	0.0000	0.0000	0.0000	0.0000	0.0000	0.0000	0.0000	0.0000	0.0000	0.0000	0.0000	0.0000	0.0000	0.0000	0.0000	0.0000	0.0000	0.0000	0.0000	0.0000	0.0000	0.0000	0.0000	0.0000	0.0048	0.0031	0.0017	0.0016	0.0014	0.0002	0.0032	0.0017	0.0015	0.0000	0.0000	0.0000	0.0000	0.0000	0.0000	0.0000	0.0000	0.0000	0.0000	0.0000	0.0000	0.0000	0.0000	0.0000	0.0000	0.0000	0.0000											
16	83	0.1501	6	2	1	1	1	0	0	0	0	Y	N	N	N	N	N	N	N	N	N	N	N	inf	inf	inf	inf	1.9437	0.0000	18.6360	0.0000	0.0000	0.0000	4.0043	0.0000	29.3895	0.0000	0.0000	0.0000	0.0000	0.0000	0.0000	0.0000	0.0000	0.0000	inf	0.7398	0.0000	2.0025	9.0001	0.0085	3.0001	1.0000	0.0000	1.0000	0.0000	0.0000	0.0000	1.0000	0.0000	1.0000	0.0000	0.0000	0.0000	0.0000	0.0000	0.0000	0.0000	0.0000	0.0000	0.5145	0.4608	0.0537	0.2648	0.2451	0.0196	0.2497	0.2157	0.0340	0.0379	0.0162	0.0217	0.0012	0.0012	0.0000	0.0366	0.0150	0.0217	inf	0.0000	inf	0.0000	0.0000	0.0000	inf	0.0000	inf	0.0000	0.0000	0.0000	0.0000	0.0000	0.0000	0.0000	0.0000	0.0000						
16	84	0.6650	8	2	1	1	1	0	0	0	0	Y	N	N	N	N	N	N	N	N	N	N	N	inf	inf	inf	inf	inf	inf	0.0130	0.0000	0.1663	0.0161	0.0000	0.2597	0.0005	0.0000	0.0036	0.0000	0.0000	0.0000	0.0000	0.0000	0.0000	0.0000	0.0000	0.0000	inf	0.0019	0.0000	2.0025	4.0000	0.0085	0.0000	0.0025	0.0000	0.0025	0.0025	0.0000	0.0025	0.0000	0.0000	0.0000	0.0000	0.0000	0.0000	0.0000	0.0000	0.0000	0.0000	0.0000	0.0000	0.1947	0.1795	0.0152	0.1562	0.1465	0.0097	0.0385	0.0330	0.0055	0.0049	0.0030	0.0019	0.0027	0.0023	0.0004	0.0022	0.0007	0.0015	inf	0.0000	inf	inf	0.0000	inf	inf	0.0000	inf	0.0000	0.0000	0.0000	0.0000	0.0000	0.0000	0.0000	0.0000	0.0000				
16	85	0.7111	9	2	2	0	1	0	0	0	0	Y	Y	N	N	N	N	N	N	N	N	N	N	0.0000	0.0000	0.0000	0.0000	0.0000	0.0000	0.0000	0.0000	0.0000	0.0000	0.0000	0.0000	0.0000	0.0000	0.0000	0.0000	0.0000	0.0000	0.0001	0.0000	0.0000	0.0000	0.0000	0.0000	inf	0.0000	0.0000	2.0025	1.0086	0.0085	1.7435	0.0000	0.0000	0.0000	0.0000	0.0000	0.0000	0.0000	0.0000	0.0000	0.0000	0.0000	0.0000	0.0000	0.0000	0.0000	0.0000	0.0000	0.0000	0.0742	0.0683	0.0059	0.0501	0.0478	0.0023	0.0241	0.0205	0.0036	0.0105	0.0072	0.0033	0.0063	0.0057	0.0006	0.0041	0.0015	0.0027	0.0000	0.0000	0.0000	0.0000	0.0000	0.0000	0.0000	0.0000	0.0000	0.0000	0.0000	0.0000	0.0000	0.0000	0.0000	0.0000	0.0000	0.0000				
16	86	0.6650	8	2	2	0	1	0	0	0	0	Y	Y	N	N	N	N	N	N	N	N	N	N	0.0000	0.0000	0.0000	0.0000	0.0000	0.0000	0.0000	0.0000	0.0000	0.0000	0.0000	0.0000	0.0000	0.0001	0.0001	0.0000	0.0001	0.0001	0.0000	0.0000	0.0000	0.0000	0.0000	0.0000	-0.0000	2.0025	1.0165	0.0085	4.1395	0.0000	0.0000	0.0000	0.0000	0.0000	0.0000	0.0000	0.0000	0.0000	0.0000	0.0000	0.0000	0.0000	0.0000	0.0000	0.0000	0.0000	0.0000	0.0551	0.0509	0.0042	0.0451	0.0423	0.0027	0.0101	0.0086	0.0015	0.0062	0.0038	0.0024	0.0035	0.0030	0.0005	0.0028	0.0008	0.0019	0.0000	0.0000	0.0000	0.0000	0.0000	0.0000	0.0000	0.0000	0.0000	0.0000	0.0000	0.0000	0.0000	0.0000	0.0000	0.0000	0.0000	0.0000						
16	87	0.1089	5	2	2	0	1	0	0	0	0	Y	Y	N	N	N	N	N	N	N	N	N	N	inf	inf	inf	inf	1.9913	0.0000	18.5392	0.0000	0.0000	0.0000	4.0475	0.0000	29.3934	0.0000	0.0000	0.0000	0.0000	0.0000	0.0000	0.0000	0.0000	0.0000	inf	0.7398	0.0000	2.0025	9.0005	0.0085	5.0000	1.0000	0.0000	1.0000	0.0000	0.0000	0.0000	1.0000	0.0000	1.0000	0.0000	0.0000	0.0000	0.0000	0.0000	0.0000	0.0000	0.0000	0.0000	0.5022	0.4482	0.0539	0.2551	0.2352	0.0199	0.2471	0.2130	0.0340	0.0394	0.0156	0.0238	0.0009	0.0009	0.0000	0.0385	0.0147	0.0238	inf	0.0000	inf	0.0000	0.0000	0.0000	inf	0.0000	inf	0.0000	0.0000	0.0000	0.0000	0.0000	0.0000	0.0000	0.0000	0.0000						
16	88	0.6874	9	1	2	0	1	0	0	0	0	N	Y	N	N	N	N	N	N	N	N	N	N	0.0000	0.0000	0.0000	0.0000	0.0000	0.0000	0.0000	0.0000	0.0000	0.0000	0.0000	0.0000	0.0000	0.0000	0.0000	0.0000	0.0000	0.0000	0.0000	0.0000	2.0025	0.0000	0.0085	0.0000	0.0000	0.0000	0.0000	0.0000	0.0000	0.0000	0.0000	0.0000	0.0000	0.0000	0.0000	0.0000	0.0000	0.0000	0.0000	0.0000	0.0000	0.0000	0.0000	0.0000	0.0000	0.0000	0.0000	0.0000	0.0000	0.0000	0.0000	0.0000	0.0000	0.0000	0.0000	0.0000	0.0000	0.0000	0.0000	0.0000	0.0000	0.0000	0.0000	0.0000	0.0000	0.0000	0.0000	0.0000	0.0000	0.0000	0.0000	0.0000	0.0000	0.0000	0.0000	0.0000	0.0000	0.0000											
16	89	0.1761	7	1	2	0	1	0	0	0	0	N	Y	N	N	N	N	N	N	N	N	N	N	0.0000	0.0000	0.0000	0.0000	0.0000	0.0000	0.0000	0.0000	0.0000	0.0000	0.0000	0.0000	0.0000	0.0000	0.0000	0.0000	0.0000	0.0000	0.0000	0.0000	2.0025	1.9953	0.0085	1.0817	0.0000	0.0000	0.0000	0.0000	0.0000	0.0000	0.0000	0.0000	0.0000	0.0000	0.0000	0.0000	0.0000	0.0000	0.0000	0.0000	0.0000	0.0000	0.1672	0.1516	0.0156	0.1044	0.0984	0.0060	0.0629	0.0533	0.0096	0.0102	0.0041	0.0061	0.0006	0.0006	0.0000	0.0096	0.0035	0.0060	0.0000	0.0000	0.0000	0.0000	0.0000	0.0000	0.0000	0.0000	0.0000	0.0000	0.0000	0.0000	0.0000	0.0000	0.0000	0.0000	0.0000	0.0000											
16	90	0.1501	6	1	2	0	1	0	0	0	0	N	Y	N	N	N	N	N	N	N	N	N	N	0.0000	0.0000	0.0000	0.0000	0.0000	0.0000	0.0000	0.0000	0.0000	0.0000	0.0000	0.0000	0.0000	0.0001	0.0001	0.0000	0.0004	0.0003	0.0000	0.0000	0.0000	0.0000	0.0043	0.0000	-0.0000	2.0025	2.3999	0.0085	4.0713	0.0000	0.0000	0.0000	0.0000	0.0000	0.0000	0.0000	0.0000	0.0000	0.0000	0.0000	0.0000	0.0000	0.0000	0.0000	0.0000	0.0000	0.0000	0.1679	0.1509	0.0170	0.0950	0.0881	0.0069	0.0729	0.0628	0.0101	0.0217	0.0092	0.0125	0.0007	0.0007	0.0000	0.0209	0.0085	0.0125	0.0000	0.0000	0.0000	0.0000	0.0000	0.0000	0.0000	0.0000	0.0000	0.0000	0.0000	0.0000	0.0000	0.0000	0.0000	0.0000	0.0000	0.0000						
16	91	0.1711	7	1	1	1	1	0	0	0	0	N	N	N	N	N	N	N	N	N	N	N	N	0.0000	0.0000	0.0000	0.0000	0.0000	0.0000	0.0000	0.0000	0.0000	0.0000	0.0000	0.0000	0.0000	0.0000	0.0000	0.0000	0.0000	0.0000	0.0000	0.0000	2.0025	0.0000	0.0085	0.0000	0.0000	0.0000	0.0000	0.0000	0.0000	0.0000	0.0000	0.0000	0.0000	0.0000	0.0000	0.0000	0.0000	0.0000	0.0000	0.0000	0.0000	0.0000	0.0000	0.0000	0.0000	0.0000	0.0000	0.0000	0.0000	0.0000	0.0000	0.0000	0.0000	0.0000	0.0000	0.0000	0.0000	0.0000	0.0000	0.0000	0.0000	0.0000	0.0000	0.0000	0.0000	0.0000	0.0000	0.0000	0.0000	0.0000	0.0000	0.0000	0.0000	0.0000	0.0000	0.0000	0.0000	0.0000											
16	92	0.1391	6	1	1	1	1	0	0	0	0	N	N	N	N	N	N	N	N	N	N	N	N	0.0000	0.0000	0.0000	0.0000	0.0000	0.0000	0.0000	0.0000	0.0000	0.0000	0.0000	0.0000	0.0000	0.0000	0.0000	0.0000	0.0000	0.0000	0.0000	0.0000	2.0025	3.7221	0.0085	2.9993	0.0000	0.0000	0.0000	0.0000	0.0000	0.0000	0.0000	0.0000	0.0000	0.0000	0.0000	0.0000	0.0000	0.0000	0.0000	0.0000	0.0000	0.0000	0.2455	0.2185	0.0270	0.1258	0.1162	0.0096	0.1197	0.1023	0.0173	0.0194	0.0086	0.0108	0.0011	0.0011	0.0000	0.0183	0.0075	0.0108	0.0000	0.0000	0.0000	0.0000	0.0000	0.0000	0.0000	0.0000	0.0000	0.0000	0.0000	0.0000	0.0000	0.0000	0.0000	0.0000	0.0000	0.0000											
16	93	0.1089	5	1	1	0	1	0	0	0	0	N	N	N	N	N	N	N	N	N	N	N	N	0.0000	0.0000	0.0000	0.0000	0.0000	0.0000	0.0000	0.0000	0.0000	0.0000	0.0000	0.0000	0.0000	0.0000	0.0000	0.0000	0.0000	0.0000	0.0000	0.0000	2.0025	2.7217	0.0085	3.0458	0.0000	0.0000	0.0000	0.0000	0.0000	0.0000	0.0000	0.0000	0.0000	0.0000	0.0000	0.0000	0.0000	0.0000	0.0000	0.0000	0.0000	0.0000	0.1780	0.1589	0.0191	0.0967	0.0890	0.0077	0.0813	0.0699	0.0114	0.0176	0.0068	0.0108	0.0004	0.0004	0.0000	0.0172	0.0065	0.0108	0.0000	0.0000	0.0000	0.0000	0.0000	0.0000	0.0000	0.0000	0.0000	0.0000	0.0000	0.0000	0.0000	0.0000	0.0000	0.0000	0.0000	0.0000											
16	94	0.1664	7	2	2	0	1	0	0	0	0	Y	Y	N	N	N	N	N	N	N	N	N	N	29069.8603	inf	0.0000	0.0000	0.0000	14022480.3549	inf	0.0000	2.6521	2.9302	0.0000	0.0000	0.0000	0.0000	6.0195	6.9510	0.0000	0.0001	0.0000	0.0000	0.0005	0.0000	0.0061	0.0000	0.0000	0.0000	0.0000	inf	-0.2602	0.0000	2.0025	5.9980	0.0085	4.9575	0.9999	0.9999	0.0000	0.0000	0.0000	0.0000	0.9999	0.9999	0.0000	0.0000	0.0000	0.0000	0.0000	0.0000	0.0000	0.0000	0.0000	0.0000	0.3770	0.3412	0.0358	0.2109	0.1974	0.0135	0.1661	0.1439	0.0223	0.0337	0.0149	0.0188	0.0018	0.0018	0.0001	0.0319	0.0132	0.0187	393403.1613	inf	0.0000	0.0000	0.0000	0.0000	14022480.3549	inf	0.0000	0.0000	0.0000	0.0000	0.0001	0.0000	0.0042	0.0000	0.0000	0.0000	
16	95	0.6874	9	2	2	0	1	0	0	0	0	Y	Y	N	N	N	N	N	N	N	N	N	N	0.0000	0.0000	0.0000	0.0000	0.0000	0.0000	0.0000	0.0000	0.0000	0.0000	0.0000	0.0000	0.0000	0.0000	0.0000	0.0000	0.0000	0.0000	0.0000	0.0000	2.0025	0.0000	0.0085	2.0000	0.0000	0.0000	0.0000	0.0000	0.0000	0.0000	0.0000	0.0000	0.0000	0.0000	0.0000	0.0000	0.0000	0.0000	0.0000	0.0000	0.0000	0.0000	0.0000	0.0000	0.0000	0.0000	0.0000	0.0000	0.0000	0.0000	0.0000	0.0094	0.0061	0.0033	0.0032	0.0028	0.0004	0.0061	0.0033	0.0028	0.0000	0.0000	0.0000	0.0000	0.0000	0.0000	0.0000	0.0000	0.0000	0.0000	0.0000	0.0000	0.0000	0.0000	0.0000	0.0000	0.0000	0.0000											
16	96	0.6650	8	1	2	0	1	0	0	0	0	N	Y	N	N	N	N	N	N	N	N	N	N	inf	inf	inf	inf	inf	inf	0.0130	0.0000	0.1663	0.0161	0.0000	0.2597	0.0005	0.0000	0.0036	0.0000	0.0000	0.0000	0.0000	0.0000	0.0000	0.0000	0.0000	0.0000	inf	0.0019	0.0000	2.0025	4.0000	0.0085	0.0000	0.0025	0.0000	0.0025	0.0025	0.0000	0.0025	0.0000	0.0000	0.0000	0.0000	0.0000	0.0000	0.0000	0.0000	0.0000	0.0000	0.0000	0.0000	0.1947	0.1795	0.0152	0.1562	0.1465	0.0097	0.0385	0.0330	0.0055	0.0049	0.0030	0.0019	0.0027	0.0023	0.0004	0.0022	0.0007	0.0015	inf	0.0000	inf	inf	0.0000	inf	inf	0.0000	inf	0.0000	0.0000	0.0000	0.0000	0.0000	0.0000	0.0000	0.0000	0.0000				
16	97	0.1089	5	1	1	0	1	0	0	0	0	N	N	N	N	N	N	N	N	N	N	N	N	0.0000	0.0000	0.0000	0.0000	0.0000	0.0000	0.0000	0.0000	0.0000	0.0000	0.0000	0.0000	0.0000	0.0000	0.0000	0.0000	0.0000	0.0000	0.0000	0.0000	2.0025	3.9994	0.0085	4.0000	0.0000	0.0000	0.0000	0.0000	0.0000	0.0000	0.0000	0.0000	0.0000	0.0000	0.0000	0.0000	0.0000	0.0000	0.0000	0.0000	0.0000	0.0000	0.2526	0.2255	0.0272	0.1352	0.1245	0.0107	0.1174	0.1010	0.0164	0.0239	0.0093	0.0146	0.0005	0.0005	0.0000	0.0234	0.0088	0.0146	0.0000	0.0000	0.0000	0.0000	0.0000	0.0000	0.0000	0.0000	0.0000	0.0000	0.0000	0.0000	0.0000	0.0000	0.0000	0.0000	0.0000	0.0000											
16	98	0.6650	8	1	1	0	1	0	0	0	0	N	N	N	N	N	N	N	N	N	N	N	N	0.0000	0.0000	0.0000	0.0000	0.0000	0.0000	0.0000	0.0000	0.0000	0.0000	0.0000	0.0000	0.0000	0.0000	0.0000	0.0000	0.0000	0.0000	0.0000	0.0000	2.0025	1.0000	0.0085	0.0000	0.0000	0.0000	0.0000	0.0000	0.0000	0.0000	0.0000	0.0000	0.0000	0.0000	0.0000	0.0000	0.0000	0.0000	0.0000	0.0000	0.0000	0.0000	0.0970	0.0895	0.0075	0.0788	0.0740	0.0048	0.0181	0.0155	0.0026	0.0023	0.0014	0.0009	0.0013	0.0011	0.0002	0.0010	0.0003	0.0007	0.0000	0.0000	0.0000	0.0000	0.0000	0.0000	0.0000	0.0000	0.0000	0.0000	0.0000	0.0000	0.0000	0.0000	0.0000	0.0000	0.0000	0.0000											
16	99	0.2199	6	1	1	0	1	0	0	0	0	N	N	N	N	N	N	N	N	N	N	N	N	3947.8554	inf	0.0000	3724.4769	inf	0.0000	0.0000	0.0000	0.2045	0.2289	0.0000	0.3428	0.3632	0.0000	0.0000	0.0000	0.0000	0.0001	0.0000	0.0000	0.0001	0.0000	0.0000	0.0000	0.0000	0.0000	0.0000	inf	-0.0086	0.0000	2.0025	1.5982	0.0085	11.1970	0.0332	0.0332	0.0000	0.0332	0.0332	0.0000	0.0000	0.0000	0.0000	0.0000	0.0000	0.0000	0.0000	0.0000	0.0000	0.0000	0.0000	0.0000	0.1622	0.1449	0.0173	0.0967	0.0913	0.0054	0.0654	0.0536	0.0118	0.0498	0.0247	0.0251	0.0141	0.0133	0.0008	0.0357	0.0114	0.0243	172021.7722	inf	0.0000	513335.1548	inf	0.0000	0.0000	0.0000	0.0000	0.0000	0.0000	0.0000	0.0000	0.0000	0.0000	0.0000	0.0000	0.0000	
16	100	0.1679	8	2	2	1	1	0	0	0	0	Y	Y	N	N	N	N	N	N	N	N	N	N	0.0000	0.0000	0.0000	0.0000	0.0000	0.0000	0.0000	0.0000	0.0000	0.0000	0.0000	0.0000	0.0000	0.0000	0.0000	0.0000	0.0000	0.0000	0.0000	0.0000	2.0025	0.0000	0.0085	0.9982	0.0000	0.0000	0.0000	0.0000	0.0000	0.0000	0.0000	0.0000	0.0000	0.0000	0.0000	0.0000	0.0000	0.0000	0.0000	0.0000	0.0000	0.0000	0.0076	0.0071	0.0005	0.0063	0.0061	0.0002	0.0012	0.0009	0.0003	0.0034	0.0015	0.0019	0.0002	0.0002	0.0000	0.0032	0.0013	0.0019	0.0000	0.0000	0.0000	0.0000	0.0000	0.0000	0.0000	0.0000	0.0000	0.0000	0.0000	0.0000	0.0000	0.0000	0.0000	0.0000	0.0000	0.0000											
16	101	0.6997	11	2	2	1	1	0	0	0	0	Y	Y	N	N	N	N	N	N	N	N	N	N	0.0000	0.0000	0.0000	0.0000	0.0000	0.0000	0.0000	0.0000	0.0000	0.0000	0.0000	0.0000	0.0000	0.0000	0.0000	0.0000	0.0000	0.0000	0.0000	0.0000	2.0025	0.0000	0.0085	0.0000	0.0000	0.0000	0.0000	0.0000	0.0000	0.0000	0.0000	0.0000	0.0000	0.0000	0.0000	0.0000	0.0000	0.0000	0.0000	0.0000	0.0000	0.0000	0.0000	0.0000	0.0000	0.0000	0.0000	0.0000	0.0000	0.0000	0.0000	0.0000	0.0000	0.0000	0.0000	0.0000	0.0000	0.0000	0.0000	0.0000	0.0000	0.0000	0.0000	0.0000	0.0000	0.0000	0.0000	0.0000	0.0000	0.0000	0.0000	0.0000	0.0000	0.0000	0.0000	0.0000	0.0000	0.0000											
16	102	0.6997	10	2	1	1	1	0	0	0	0	Y	N	N	N	N	N	N	N	N	N	N	N	0.0000	0.0000	0.0000	0.0000	0.0000	0.0000	0.0000	0.0000	0.0000	0.0000	0.0000	0.0000	0.0000	0.0000	0.0000	0.0000	0.0000	0.0000	0.0000	0.0000	2.0025	0.0000	0.0085	0.0000	0.0000	0.0000	0.0000	0.0000	0.0000	0.0000	0.0000	0.0000	0.0000	0.0000	0.0000	0.0000	0.0000	0.0000	0.0000	0.0000	0.0000	0.0000	0.0000	0.0000	0.0000	0.0000	0.0000	0.0000	0.0000	0.0000	0.0000	0.0000	0.0000	0.0000	0.0000	0.0000	0.0000	0.0000	0.0000	0.0000	0.0000	0.0000	0.0000	0.0000	0.0000	0.0000	0.0000	0.0000	0.0000	0.0000	0.0000	0.0000	0.0000	0.0000	0.0000	0.0000	0.0000	0.0000											
16	103	0.6937	9	2	1	1	1	0	0	0	0	Y	N	N	N	N	N	N	N	N	N	N	N	0.5165	10.6653	2.9009	15.6031	0.0000	0.0000	0.0067	0.0000	0.0513	0.0137	0.0000	0.6393	0.0000	0.0000	0.0000	0.0130	0.0000	0.0048	0.0047	0.0000	0.0410	0.0029	0.0000	0.0026	inf	inf	0.0000	0.0000	2.0025	0.0000	0.0085	1.0091	0.0000	0.0000	0.0000	0.0000	0.0000	0.0000	0.0000	0.0000	0.0000	0.0000	0.0000	0.0000	0.0000	0.0000	0.0000	0.0000	0.0000	0.0000	0.0000	0.0000	0.0000	0.0000	0.0000	0.0000	0.0000	0.0000	0.0000	0.0060	0.0040	0.0019	0.0022	0.0020	0.0002	0.0037	0.0020	0.0017	4.7122	0.0000	11.6329	7.3935	0.0000	35.5056	0.0000	0.0000	0.0000	0.0014	0.0000	0.0044	0.0019	0.0000	0.0180	0.0012	0.0000	0.0026			
16	104	0.1089	5	1	2	0	1	0	0	0	0	N	Y	N	N	N	N	N	N	N	N	N	N	0.0000	0.0000	0.0000	0.0000	0.0000	0.0000	0.0000	0.0000	0.0000	0.0000	0.0000	0.0000	0.0000	0.0000	0.0000	0.0000	0.0000	0.0000	0.0000	0.0000	2.0025	7.9994	0.0085	4.0001	0.0000	0.0000	0.0000	0.0000	0.0000	0.0000	0.0000	0.0000	0.0000	0.0000	0.0000	0.0000	0.0000	0.0000	0.0000	0.0000	0.0000	0.0000	0.4569	0.4078	0.0491	0.2345	0.2161	0.0184	0.2225	0.1917	0.0307	0.0344	0.0136	0.0209	0.0008	0.0008	0.0000	0.0337	0.0128	0.0209	0.0000	0.0000	0.0000	0.0000	0.0000	0.0000	0.0000	0.0000	0.0000	0.0000	0.0000	0.0000	0.0000	0.0000	0.0000	0.0000	0.0000	0.0000											
16	105	0.1714	9	2	1	1	1	0	0	0	0	Y	N	N	N	N	N	N	N	N	N	N	N	0.0000	0.0000	0.0000	0.0000	0.0000	0.0000	0.0000	0.0000	0.0000	0.0000	0.0000	0.0000	0.0000	0.0000	0.0000	0.0000	0.0000	0.0000	0.0000	0.0000	2.0025	1.0000	0.0085	1.0005	0.0000	0.0000	0.0000	0.0000	0.0000	0.0000	0.0000	0.0000	0.0000	0.0000	0.0000	0.0000	0.0000	0.0000	0.0000	0.0000	0.0000	0.0000	0.0726	0.0658	0.0067	0.0429	0.0402	0.0027	0.0296	0.0256	0.0040	0.0068	0.0030	0.0038	0.0004	0.0003	0.0000	0.0064	0.0026	0.0038	0.0000	0.0000	0.0000	0.0000	0.0000	0.0000	0.0000	0.0000	0.0000	0.0000	0.0000	0.0000	0.0000	0.0000	0.0000	0.0000	0.0000	0.0000											
16	106	0.1679	8	2	1	1	1	0	0	0	0	Y	N	N	N	N	N	N	N	N	N	N	N	4.0519	inf	0.0000	0.4133	inf	0.0000	0.0000	0.0000	0.0010	0.0011	0.0000	0.0016	0.0017	0.0000	0.0000	0.0000	0.0000	0.0002	0.0000	0.0002	0.0039	0.0000	0.1627	0.0000	0.0000	0.0000	0.0000	inf	-0.0000	0.0000	2.0025	0.7249	0.0085	0.0368	0.0001	0.0001	0.0000	0.0001	0.0001	0.0000	0.0000	0.0000	0.0000	0.0000	0.0000	0.0000	0.0000	0.0000	0.0000	0.0000	0.0000	0.0000	0.0603	0.0549	0.0054	0.0375	0.0354	0.0022	0.0228	0.0196	0.0032	0.0026	0.0011	0.0015	0.0001	0.0001	0.0000	0.0025	0.0010	0.0015	11.4382	inf	0.0000	1.0727	inf	0.0000	0.0000	0.0000	0.0000	0.0001	0.0000	0.0002	0.0015	0.0000	0.0544	0.0000	0.0000	0.0000	
16	107	0.1664	7	2	1	1	1	0	0	0	0	Y	N	N	N	N	N	N	N	N	N	N	N	6.8986	6.7659	0.0000	0.4533	1.3923	0.0000	597.1400	inf	0.0000	0.0039	0.0043	0.0000	0.0035	0.0037	0.0000	0.0047	0.0055	0.0000	0.0006	0.0006	0.0002	0.0078	0.0027	0.2199	0.0000	0.0000	0.0000	0.0000	1.0000	-0.0000	-0.0000	2.0025	0.4159	0.0085	0.0887	0.0001	0.0001	0.0000	0.0001	0.0001	0.0000	0.0001	0.0001	0.0000	0.0000	0.0000	0.0000	0.0000	0.0000	0.0000	0.0000	0.0000	0.0000	0.0382	0.0351	0.0031	0.0256	0.0241	0.0014	0.0127	0.0109	0.0017	0.0019	0.0009	0.0010	0.0002	0.0002	0.0000	0.0017	0.0007	0.0010	16.4433	16.3961	0.0000	1.4286	2.8885	0.0000	597.1400	inf	0.0000	0.0002	0.0003	0.0002	0.0025	0.0013	0.0769	0.0000	0.0000	0.0000
16	108	0.1501	6	2	1	0	1	0	0	0	0	Y	N	N	N	N	N	N	N	N	N	N	N	0.3812	1.4052	0.0000	0.0000	0.0000	0.0000	13.4651	inf	0.0000	0.0003	0.0004	0.0000	0.0000	0.0000	0.0000	0.0008	0.0009	0.0000	0.0009	0.0003	0.0005	0.0745	0.0008	1.3882	0.0001	0.0000	0.0000	0.0000	22.9991	-0.0000	0.0000	2.0025	3.9943	0.0085	0.9974	0.0001	0.0001	0.0000	0.0000	0.0000	0.0000	0.0001	0.0001	0.0000	0.0000	0.0000	0.0000	0.0000	0.0000	0.0000	0.0000	0.0000	0.0000	0.2649	0.2378	0.0271	0.1463	0.1356	0.0107	0.1186	0.1022	0.0164	0.0170	0.0072	0.0098	0.0006	0.0006	0.0000	0.0164	0.0066	0.0098	1.0587	12.0039	0.0000	0.0000	0.0000	0.0000	28.5362	inf	0.0000	0.0003	0.0000	0.0005	0.0086	0.0004	0.3693	0.0000	0.0000	0.0000
16	109	0.6937	9	2	1	1	1	0	0	0	0	Y	N	N	N	N	N	N	N	N	N	N	N	0.0047	0.0000	inf	0.0051	0.0000	inf	0.0000	0.0000	0.0067	0.0000	0.0513	0.0137	0.0000	0.6393	0.0000	0.0000	0.0000	1.4395	1.9528	0.0000	2.6944	2.8482	0.0000	0.0000	0.0008	0.0000	inf	0.0000	0.0000	-0.0005	2.0025	0.0000	0.0085	0.9909	0.0000	0.0000	0.0000	0.0000	0.0000	0.0000	0.0000	0.0000	0.0000	0.0009	0.0009	0.0000	0.0009	0.0009	0.0000	0.0000	0.0000	0.0000	0.0000	0.0000	0.0000	0.0000	0.0000	0.0000	0.0000	0.0000	0.0000	0.0059	0.0040	0.0019	0.0022	0.0020	0.0002	0.0037	0.0020	0.0017	0.0428	0.0000	inf	0.0326	0.0000	inf	0.0000	0.0000	0.0000	0.1570	0.2317	0.0000	0.4208	0.4689	0.0000	0.0000	0.0000	0.0000	
16	110	0.6650	8	2	1	1	1	0	0	0	0	Y	N	N	N	N	N	N	N	N	N	N	N	inf	inf	inf	inf	inf	inf	0.0130	0.0000	0.1663	0.0161	0.0000	0.2597	0.0005	0.0000	0.0036	0.0000	0.0000	0.0000	0.0000	0.0000	0.0000	0.0000	0.0000	0.0000	inf	0.0019	0.0000	2.0025	4.0000	0.0085	0.0000	0.0025	0.0000	0.0025	0.0025	0.0000	0.0025	0.0000	0.0000	0.0000	0.0000	0.0000	0.0000	0.0000	0.0000	0.0000	0.0000	0.0000	0.0000	0.1947	0.1795	0.0152	0.1562	0.1465	0.0097	0.0385	0.0330	0.0055	0.0049	0.0030	0.0019	0.0027	0.0023	0.0004	0.0022	0.0007	0.0015	inf	0.0000	inf	inf	0.0000	inf	inf	0.0000	inf	0.0000	0.0000	0.0000	0.0000	0.0000	0.0000	0.0000	0.0000	0.0000				
16	112	0.1547	6	1	1	1	1	0	0	0	0	N	N	N	N	N	N	N	N	N	N	N	N	0.0000	0.0000	0.0000	0.0000	0.0000	0.0000	0.0000	0.0000	0.0000	0.0000	0.0000	0.0000	0.0000	0.0000	0.0000	0.0000	0.0000	0.0000	0.0000	0.0000	2.0025	0.0000	0.0085	0.0001	0.0000	0.0000	0.0000	0.0000	0.0000	0.0000	0.0000	0.0000	0.0000	0.0000	0.0000	0.0000	0.0000	0.0000	0.0000	0.0000	0.0000	0.0000	0.0000	0.0000	0.0000	0.0000	0.0000	0.0000	0.0000	0.0000	0.0000	0.0000	0.0000	0.0000	0.0000	0.0000	0.0000	0.0000	0.0000	0.0000	0.0000	0.0000	0.0000	0.0000	0.0000	0.0000	0.0000	0.0000	0.0000	0.0000	0.0000	0.0000	0.0000	0.0000	0.0000	0.0000	0.0000	0.0000											
16	113	0.1089	5	1	1	1	1	0	0	0	0	N	N	N	N	N	N	N	N	N	N	N	N	0.0000	0.0000	0.0000	0.0000	0.0000	0.0000	0.0000	0.0000	0.0000	0.0000	0.0000	0.0000	0.0000	0.0000	0.0000	0.0000	0.0000	0.0000	0.0000	0.0000	2.0025	4.0004	0.0085	4.9999	0.0000	0.0000	0.0000	0.0000	0.0000	0.0000	0.0000	0.0000	0.0000	0.0000	0.0000	0.0000	0.0000	0.0000	0.0000	0.0000	0.0000	0.0000	0.2527	0.2255	0.0272	0.1353	0.1245	0.0108	0.1174	0.1010	0.0164	0.0266	0.0104	0.0162	0.0006	0.0006	0.0000	0.0260	0.0098	0.0162	0.0000	0.0000	0.0000	0.0000	0.0000	0.0000	0.0000	0.0000	0.0000	0.0000	0.0000	0.0000	0.0000	0.0000	0.0000	0.0000	0.0000	0.0000											
16	114	0.6977	9	1	2	0	1	0	0	0	0	N	Y	N	N	N	N	N	N	N	N	N	N	0.0061	inf	0.0000	inf	inf	0.0000	0.0000	0.0000	0.0000	0.0000	0.0000	0.0000	0.0000	0.0000	0.0000	0.0000	0.0000	0.0000	0.0000	0.0000	0.0000	0.0000	0.0000	0.0000	0.0000	0.0000	inf	-0.0000	0.0000	2.0025	4.3361	0.0085	4.6323	0.0000	0.0000	0.0000	0.0000	0.0000	0.0000	0.0000	0.0000	0.0000	0.0000	0.0000	0.0000	0.0000	0.0000	0.0000	0.0000	0.0000	0.0000	0.3144	0.2865	0.0279	0.2020	0.1902	0.0118	0.1124	0.0963	0.0161	0.0206	0.0137	0.0069	0.0128	0.0112	0.0017	0.0077	0.0025	0.0052	0.5908	inf	0.0000	inf	inf	0.0000	0.0000	0.0000	0.0000	0.0000	0.0000	0.0000	0.0000	0.0000	0.0000	0.0000	0.0000	0.0000		
16	115	0.6650	8	1	1	0	1	0	0	0	0	N	N	N	N	N	N	N	N	N	N	N	N	0.0050	0.0000	inf	0.0023	0.0000	inf	0.0000	0.0000	0.0000	0.0000	0.0000	0.0000	0.0000	0.0000	0.0000	0.0000	0.0001	0.0000	0.0001	0.0001	0.0000	0.0000	0.0000	0.0000	inf	0.0000	0.0000	-0.0000	2.0025	1.9840	0.0085	0.2610	0.0000	0.0000	0.0000	0.0000	0.0000	0.0000	0.0000	0.0000	0.0000	0.0000	0.0000	0.0000	0.0000	0.0000	0.0000	0.0000	0.0000	0.0000	0.1038	0.0958	0.0080	0.0843	0.0791	0.0052	0.0195	0.0166	0.0028	0.0028	0.0017	0.0011	0.0015	0.0013	0.0002	0.0012	0.0004	0.0009	0.2428	0.0000	inf	0.1645	0.0000	inf	0.0000	0.0000	0.0000	0.0000	0.0000	0.0000	0.0000	0.0000	0.0000	0.0000	0.0000	0.0000			
16	116	0.1089	5	1	2	0	2	0	0	0	0	N	Y	N	Y	N	N	N	N	N	N	N	N	0.0000	0.0000	0.0000	0.0000	0.0000	0.0000	0.0000	0.0000	0.0000	0.0000	0.0000	0.0000	0.0000	0.0000	0.0000	0.0000	0.0000	0.0000	0.0000	0.0000	2.0025	5.0006	0.0085	2.0000	0.0000	0.0000	0.0000	0.0000	0.0000	0.0000	0.0000	0.0000	0.0000	0.0000	0.0000	0.0000	0.0000	0.0000	0.0000	0.0000	0.0000	0.0000	0.3077	0.2746	0.0331	0.1629	0.1500	0.0129	0.1448	0.1246	0.0202	0.0211	0.0082	0.0129	0.0005	0.0005	0.0000	0.0207	0.0078	0.0129	0.0000	0.0000	0.0000	0.0000	0.0000	0.0000	0.0000	0.0000	0.0000	0.0000	0.0000	0.0000	0.0000	0.0000	0.0000	0.0000	0.0000	0.0000											
16	117	0.6650	8	1	2	0	2	0	0	0	0	N	Y	N	Y	N	N	N	N	N	N	N	N	0.0000	0.0000	0.0000	0.0000	0.0000	0.0000	0.0000	0.0000	0.0000	0.0000	0.0000	0.0000	0.0000	0.0000	0.0000	0.0000	0.0000	0.0000	0.0000	0.0000	2.0025	0.0000	0.0085	1.0000	0.0000	0.0000	0.0000	0.0000	0.0000	0.0000	0.0000	0.0000	0.0000	0.0000	0.0000	0.0000	0.0000	0.0000	0.0000	0.0000	0.0000	0.0000	0.0000	0.0000	0.0000	0.0000	0.0000	0.0000	0.0000	0.0000	0.0000	0.0017	0.0011	0.0007	0.0010	0.0008	0.0001	0.0008	0.0002	0.0005	0.0000	0.0000	0.0000	0.0000	0.0000	0.0000	0.0000	0.0000	0.0000	0.0000	0.0000	0.0000	0.0000	0.0000	0.0000	0.0000	0.0000	0.0000											
16	118	0.1089	5	1	2	0	1	0	0	0	0	N	Y	N	N	N	N	N	N	N	N	N	N	inf	inf	inf	inf	1.2463	0.0000	11.6451	0.0000	0.0000	0.0000	2.3657	0.0000	17.5718	0.0000	0.0000	0.0000	0.0000	0.0000	0.0000	0.0000	0.0000	0.0000	inf	0.7398	0.0000	2.0025	16.9994	0.0085	6.0000	1.0000	0.0000	1.0000	0.0000	0.0000	0.0000	1.0000	0.0000	1.0000	0.0000	0.0000	0.0000	0.0000	0.0000	0.0000	0.0000	0.0000	0.0000	0.8024	0.7165	0.0859	0.3797	0.3507	0.0290	0.4227	0.3658	0.0569	0.0594	0.0239	0.0355	0.0014	0.0013	0.0001	0.0580	0.0226	0.0354	inf	0.0000	inf	0.0000	0.0000	0.0000	inf	0.0000	inf	0.0000	0.0000	0.0000	0.0000	0.0000	0.0000	0.0000	0.0000	0.0000						
16	119	0.6650	8	1	2	0	1	0	0	0	0	N	Y	N	N	N	N	N	N	N	N	N	N	0.0000	0.0000	0.0000	0.0000	0.0000	0.0000	0.0000	0.0000	0.0000	0.0000	0.0000	0.0000	0.0000	0.0150	0.0243	0.0000	0.0100	0.0103	0.0000	0.0000	0.0000	0.0000	0.0000	0.0000	-0.0000	2.0025	5.0000	0.0085	6.0000	0.0000	0.0000	0.0000	0.0000	0.0000	0.0000	0.0000	0.0000	0.0000	0.0000	0.0000	0.0000	0.0000	0.0000	0.0000	0.0000	0.0000	0.0000	0.2352	0.2167	0.0185	0.1875	0.1758	0.0117	0.0477	0.0409	0.0068	0.0127	0.0077	0.0049	0.0070	0.0060	0.0010	0.0056	0.0017	0.0039	0.0000	0.0000	0.0000	0.0000	0.0000	0.0000	0.0000	0.0000	0.0000	0.0016	0.0026	0.0000	0.0028	0.0033	0.0000	0.0000	0.0000	0.0000						
16	120	0.6931	9	1	2	0	1	0	0	0	0	N	Y	N	N	N	N	N	N	N	N	N	N	0.0115	0.0000	8.0233	0.0148	0.0000	2.8227	0.0468	0.2713	0.0003	0.0000	0.0029	0.0005	0.0000	0.0074	0.0000	0.0000	0.0000	0.0256	0.0345	0.0004	0.0359	0.0342	0.0026	0.0001	0.0000	0.0001	inf	0.0659	0.0000	-0.0000	2.0025	0.9998	0.0085	0.9486	0.0000	0.0000	0.0000	0.0000	0.0000	0.0000	0.0000	0.0000	0.0000	0.0000	0.0000	0.0000	0.0000	0.0000	0.0000	0.0000	0.0000	0.0000	0.0501	0.0450	0.0050	0.0274	0.0254	0.0020	0.0227	0.0196	0.0031	0.0090	0.0057	0.0033	0.0031	0.0028	0.0004	0.0059	0.0030	0.0030	0.1358	0.0000	8.0233	0.0869	0.0000	3.4051	0.0737	0.0000	0.2713	0.0022	0.0032	0.0004	0.0061	0.0066	0.0022	0.0001	0.0000	0.0001	
16	121	0.6650	8	1	2	0	1	0	0	0	0	N	Y	N	N	N	N	N	N	N	N	N	N	24.0405	0.0006	inf	13.9233	0.0006	inf	inf	inf	0.0098	0.0000	0.1246	0.0123	0.0000	0.1969	0.0004	0.0000	0.0026	0.0004	0.0008	0.0000	0.0009	0.0008	0.0000	0.0000	0.0000	0.0000	24854.7500	0.0000	0.0019	-0.0000	2.0025	3.0005	0.0085	1.1085	0.0025	0.0000	0.0025	0.0025	0.0000	0.0025	0.0000	0.0000	0.0000	0.0000	0.0000	0.0000	0.0000	0.0000	0.0000	0.0000	0.0000	0.0000	0.2558	0.2356	0.0202	0.2032	0.1905	0.0127	0.0526	0.0451	0.0075	0.0090	0.0055	0.0035	0.0050	0.0043	0.0007	0.0040	0.0012	0.0028	53.6395	0.0014	inf	37.1350	0.0014	inf	inf	0.0000	inf	0.0002	0.0003	0.0000	0.0003	0.0004	0.0000	0.0000	0.0000	0.0000	
16	122	0.1501	6	1	2	0	1	0	0	0	0	N	Y	N	N	N	N	N	N	N	N	N	N	0.0000	0.0000	0.0000	0.0000	0.0000	0.0000	0.0000	0.0000	0.0000	0.0000	0.0000	0.0000	0.0000	0.0000	0.0000	0.0000	0.0000	0.0000	0.0000	0.0000	2.0025	2.0001	0.0085	3.0000	0.0000	0.0000	0.0000	0.0000	0.0000	0.0000	0.0000	0.0000	0.0000	0.0000	0.0000	0.0000	0.0000	0.0000	0.0000	0.0000	0.0000	0.0000	0.1419	0.1276	0.0144	0.0808	0.0749	0.0059	0.0611	0.0526	0.0085	0.0170	0.0072	0.0098	0.0006	0.0006	0.0000	0.0164	0.0066	0.0098	0.0000	0.0000	0.0000	0.0000	0.0000	0.0000	0.0000	0.0000	0.0000	0.0000	0.0000	0.0000	0.0000	0.0000	0.0000	0.0000	0.0000	0.0000											
16	123	0.1089	5	1	1	0	1	0	0	0	0	N	N	N	N	N	N	N	N	N	N	N	N	0.0000	0.0000	0.0000	0.0000	0.0000	0.0000	0.0000	0.0000	0.0000	0.0000	0.0000	0.0000	0.0000	0.0000	0.0000	0.0000	0.0000	0.0000	0.0000	-0.0000	2.0025	6.9986	0.0085	2.0000	0.0000	0.0000	0.0000	0.0000	0.0000	0.0000	0.0000	0.0000	0.0000	0.0000	0.0000	0.0000	0.0000	0.0000	0.0000	0.0000	0.0000	0.0000	0.4095	0.3655	0.0440	0.2123	0.1956	0.0167	0.1972	0.1699	0.0273	0.0266	0.0104	0.0162	0.0006	0.0006	0.0000	0.0260	0.0098	0.0162	0.0000	0.0000	0.0000	0.0000	0.0000	0.0000	0.0000	0.0000	0.0000	0.0000	0.0000	0.0000	0.0000	0.0000	0.0000	0.0000	0.0000	0.0000											
16	124	0.6985	9	1	2	0	1	0	0	0	0	N	Y	N	N	N	N	N	N	N	N	N	N	0.0000	0.0000	0.0000	0.0000	0.0000	0.0000	0.0000	0.0000	0.0000	0.0000	0.0000	0.0000	0.0000	0.0000	0.0000	0.0000	0.0000	0.0000	0.0000	0.0000	2.0025	3.9006	0.0085	3.1543	0.0000	0.0000	0.0000	0.0000	0.0000	0.0000	0.0000	0.0000	0.0000	0.0000	0.0000	0.0000	0.0000	0.0000	0.0000	0.0000	0.0000	0.0000	0.3832	0.3572	0.0259	0.3142	0.2981	0.0161	0.0690	0.0591	0.0098	0.0153	0.0095	0.0058	0.0084	0.0073	0.0012	0.0068	0.0022	0.0046	0.0000	0.0000	0.0000	0.0000	0.0000	0.0000	0.0000	0.0000	0.0000	0.0000	0.0000	0.0000	0.0000	0.0000	0.0000	0.0000	0.0000	0.0000											
16	125	0.6650	8	1	2	0	1	0	0	0	0	N	Y	N	N	N	N	N	N	N	N	N	N	0.0000	0.0000	0.0000	0.0000	0.0000	0.0000	0.0000	0.0000	0.0000	0.0000	0.0000	0.0000	0.0000	0.0001	0.0001	0.0000	0.0002	0.0002	0.0000	0.0000	0.0000	0.0000	0.0000	0.0000	-0.0000	2.0025	1.6924	0.0085	1.9110	0.0000	0.0000	0.0000	0.0000	0.0000	0.0000	0.0000	0.0000	0.0000	0.0000	0.0000	0.0000	0.0000	0.0000	0.0000	0.0000	0.0000	0.0000	0.1567	0.1445	0.0122	0.1263	0.1186	0.0078	0.0303	0.0259	0.0044	0.0079	0.0048	0.0031	0.0044	0.0038	0.0006	0.0035	0.0011	0.0025	0.0000	0.0000	0.0000	0.0000	0.0000	0.0000	0.0000	0.0000	0.0000	0.0000	0.0000	0.0000	0.0000	0.0000	0.0000	0.0000	0.0000	0.0000						
16	126	0.1089	5	1	2	0	1	0	0	0	0	N	Y	N	N	N	N	N	N	N	N	N	N	0.0000	0.0000	0.0000	0.0000	0.0000	0.0000	0.0000	0.0000	0.0000	0.0000	0.0000	0.0000	0.0000	0.0000	0.0000	0.0000	0.0000	0.0000	0.0000	0.0000	2.0025	0.9996	0.0085	8.0005	0.0000	0.0000	0.0000	0.0000	0.0000	0.0000	0.0000	0.0000	0.0000	0.0000	0.0000	0.0000	0.0000	0.0000	0.0000	0.0000	0.0000	0.0000	0.0687	0.0613	0.0074	0.0381	0.0350	0.0031	0.0306	0.0263	0.0043	0.0266	0.0104	0.0162	0.0006	0.0006	0.0000	0.0260	0.0098	0.0162	0.0000	0.0000	0.0000	0.0000	0.0000	0.0000	0.0000	0.0000	0.0000	0.0000	0.0000	0.0000	0.0000	0.0000	0.0000	0.0000	0.0000	0.0000											
16	127	0.2362	7	1	1	0	1	0	0	0	0	N	N	N	N	N	N	N	N	N	N	N	N	10671.6172	inf	1733573.0582	170.5328	inf	8201.5993	863644.9901	3197220.2734	0.6144	0.0080	5.8365	0.0182	0.0123	0.1029	1.5890	0.0000	9.4985	0.0001	0.0000	0.0000	0.0001	0.0000	0.0000	0.0000	0.0000	0.0000	85.0435	inf	0.1297	0.0000	2.0025	3.6536	0.0085	12.3970	0.1781	0.0021	0.1760	0.0033	0.0021	0.0012	0.1748	0.0000	0.1748	0.0000	0.0000	0.0000	0.0000	0.0000	0.0000	0.0000	0.0000	0.0000	0.2899	0.2597	0.0302	0.1799	0.1681	0.0118	0.1100	0.0916	0.0184	0.0478	0.0251	0.0228	0.0126	0.0117	0.0009	0.0352	0.0134	0.0218	383636.5618	inf	1733573.0582	19488.8756	inf	8201.5993	863644.9901	0.0000	3197220.2734	0.0000	0.0000	0.0000	0.0000	0.0000	0.0000	0.0000	0.0000	0.0000	
16	128	0.4146	7	1	1	0	1	0	0	0	0	N	N	N	N	N	N	N	N	N	N	N	N	998.8327	inf	0.0000	244.8579	inf	0.0000	6619.0641	inf	0.0000	0.1022	0.1136	0.0000	0.0337	0.0365	0.0000	0.2314	0.2714	0.0000	0.0001	0.0000	0.0000	0.0001	0.0000	0.0000	0.0000	0.0000	0.0000	0.0000	inf	-0.0114	0.0000	2.0025	5.3495	0.0085	12.4099	0.0440	0.0440	0.0000	0.0095	0.0095	0.0000	0.0345	0.0345	0.0000	0.0000	0.0000	0.0000	0.0000	0.0000	0.0000	0.0000	0.0000	0.0000	0.4305	0.3871	0.0434	0.2815	0.2601	0.0214	0.1490	0.1270	0.0220	0.0852	0.0532	0.0320	0.0445	0.0381	0.0064	0.0407	0.0151	0.0256	10903.6772	inf	0.0000	14181.4026	inf	0.0000	13608.8401	inf	0.0000	0.0000	0.0000	0.0000	0.0000	0.0000	0.0000	0.0000	0.0000	0.0000
16	129	0.0300	3	1	2	0	2	0	0	0	0	N	Y	N	Y	N	N	N	N	N	N	N	N	0.0000	0.0000	0.0000	0.0000	0.0000	0.0000	0.0000	0.0000	0.0000	0.0000	0.0000	0.0000	0.0000	0.0000	0.0000	0.0000	0.0000	0.0000	0.0000	0.0000	2.0025	0.0000	0.0085	0.0000	0.0000	0.0000	0.0000	0.0000	0.0000	0.0000	0.0000	0.0000	0.0000	0.0000	0.0000	0.0000	0.0000	0.0000	0.0000	0.0000	0.0000	0.0000	0.0000	0.0000	0.0000	0.0000	0.0000	0.0000	0.0000	0.0000	0.0000	0.0000	0.0000	0.0000	0.0000	0.0000	0.0000	0.0000	0.0000	0.0000	0.0000	0.0000	0.0000	0.0000	0.0000	0.0000	0.0000	0.0000	0.0000	0.0000	0.0000	0.0000	0.0000	0.0000	0.0000	0.0000	0.0000	0.0000											
16	130	0.0137	2	1	2	0	2	0	0	0	0	N	Y	N	Y	N	N	N	N	N	N	N	N	0.0000	0.0000	0.0000	0.0000	0.0000	0.0000	0.0000	0.0000	0.0000	0.0000	0.0000	0.0000	0.0000	0.0000	0.0000	0.0000	0.0000	0.0000	0.0000	0.0000	2.0025	0.0000	0.0085	3.0001	0.0000	0.0000	0.0000	0.0000	0.0000	0.0000	0.0000	0.0000	0.0000	0.0000	0.0000	0.0000	0.0000	0.0000	0.0000	0.0000	0.0000	0.0000	0.0000	0.0000	0.0000	0.0000	0.0000	0.0000	0.0000	0.0000	0.0000	0.0225	0.0118	0.0107	0.0006	0.0006	0.0000	0.0219	0.0112	0.0107	0.0000	0.0000	0.0000	0.0000	0.0000	0.0000	0.0000	0.0000	0.0000	0.0000	0.0000	0.0000	0.0000	0.0000	0.0000	0.0000	0.0000	0.0000											
16	131	0.0234	3	1	2	0	1	0	0	0	0	N	Y	N	N	N	N	N	N	N	N	N	N	0.0000	0.0000	0.0000	0.0000	0.0000	0.0000	0.0000	0.0000	0.0000	0.0000	0.0000	0.0000	0.0000	0.0000	0.0000	0.0000	0.0000	0.0000	0.0000	0.0000	2.0025	0.0000	0.0085	0.0000	0.0000	0.0000	0.0000	0.0000	0.0000	0.0000	0.0000	0.0000	0.0000	0.0000	0.0000	0.0000	0.0000	0.0000	0.0000	0.0000	0.0000	0.0000	0.0000	0.0000	0.0000	0.0000	0.0000	0.0000	0.0000	0.0000	0.0000	0.0000	0.0000	0.0000	0.0000	0.0000	0.0000	0.0000	0.0000	0.0000	0.0000	0.0000	0.0000	0.0000	0.0000	0.0000	0.0000	0.0000	0.0000	0.0000	0.0000	0.0000	0.0000	0.0000	0.0000	0.0000	0.0000	0.0000											
16	132	0.0137	2	1	1	1	2	0	0	0	0	N	N	N	Y	N	N	N	N	N	N	N	N	0.0000	0.0000	0.0000	0.0000	0.0000	0.0000	0.0000	0.0000	0.0000	0.0000	0.0000	0.0000	0.0000	0.0000	0.0000	0.0000	0.0000	0.0000	0.0000	0.0000	2.0025	0.0000	0.0085	1.9999	0.0000	0.0000	0.0000	0.0000	0.0000	0.0000	0.0000	0.0000	0.0000	0.0000	0.0000	0.0000	0.0000	0.0000	0.0000	0.0000	0.0000	0.0000	0.0000	0.0000	0.0000	0.0000	0.0000	0.0000	0.0000	0.0000	0.0000	0.0156	0.0083	0.0073	0.0005	0.0005	0.0000	0.0150	0.0077	0.0073	0.0000	0.0000	0.0000	0.0000	0.0000	0.0000	0.0000	0.0000	0.0000	0.0000	0.0000	0.0000	0.0000	0.0000	0.0000	0.0000	0.0000	0.0000											
16	133	0.0247	3	1	1	1	2	0	0	0	0	N	N	N	Y	N	N	N	N	N	N	N	N	inf	inf	inf	inf	13.6669	0.0000	86.2377	0.0000	0.0000	0.0000	13.7819	0.0000	86.4693	0.0000	0.0000	0.0000	0.0000	0.0000	0.0000	0.0000	0.0000	0.0000	inf	0.7398	0.0000	2.0025	1.0000	0.0085	0.0000	1.0000	0.0000	1.0000	0.0000	0.0000	0.0000	1.0000	0.0000	1.0000	0.0000	0.0000	0.0000	0.0000	0.0000	0.0000	0.0000	0.0000	0.0000	0.0732	0.0616	0.0116	0.0006	0.0006	0.0000	0.0726	0.0610	0.0116	0.0078	0.0041	0.0037	0.0006	0.0004	0.0002	0.0072	0.0037	0.0035	inf	0.0000	inf	0.0000	0.0000	0.0000	inf	0.0000	inf	0.0000	0.0000	0.0000	0.0000	0.0000	0.0000	0.0000	0.0000	0.0000						
16	134	0.0247	3	1	1	1	2	0	0	0	0	N	N	N	Y	N	N	N	N	N	N	N	N	0.0000	0.0000	0.0000	0.0000	0.0000	0.0000	0.0000	0.0000	0.0000	0.0000	0.0000	0.0000	0.0000	0.0000	0.0000	0.0000	0.0000	0.0000	0.0000	0.0000	2.0025	0.0000	0.0085	0.0000	0.0000	0.0000	0.0000	0.0000	0.0000	0.0000	0.0000	0.0000	0.0000	0.0000	0.0000	0.0000	0.0000	0.0000	0.0000	0.0000	0.0000	0.0000	0.0000	0.0000	0.0000	0.0000	0.0000	0.0000	0.0000	0.0000	0.0000	0.0000	0.0000	0.0000	0.0000	0.0000	0.0000	0.0000	0.0000	0.0000	0.0000	0.0000	0.0000	0.0000	0.0000	0.0000	0.0000	0.0000	0.0000	0.0000	0.0000	0.0000	0.0000	0.0000	0.0000	0.0000	0.0000	0.0000											
16	135	0.0137	2	1	1	1	2	0	0	0	0	N	N	N	Y	N	N	N	N	N	N	N	N	3.9758	3.2838	3.5254	0.0000	0.0000	0.3306	101974.7231	5072.3296	8.4621	6.9506	8.2323	0.0003	0.0004	0.0000	0.0218	6.9880	8.2841	0.0003	1.7482	2.5070	0.0001	11.9392	12.2930	0.0658	0.0001	0.0016	0.0000	0.0000	0.0001	-0.2602	-0.0039	2.0025	2.0025	0.0085	0.9943	1.0000	1.0000	0.0000	0.0000	0.0000	0.0000	1.0000	1.0000	0.0000	0.0075	0.0075	0.0000	0.0075	0.0075	0.0000	0.0000	0.0000	0.0000	0.1439	0.1215	0.0224	0.0008	0.0008	0.0000	0.1431	0.1207	0.0224	0.0225	0.0118	0.0107	0.0006	0.0006	0.0000	0.0219	0.0112	0.0107	20.7716	12.9311	3.5254	0.0000	0.0000	0.7582	200605.2052	221916.3152	8.4621	0.3346	0.6366	0.0001	11.9392	12.2930	0.0287	0.0000	0.0000	0.0000
16	138	0.0764	5	2	2	0	1	0	0	0	0	Y	Y	N	N	N	N	N	N	N	N	N	N	0.0000	0.0000	0.0000	0.0000	0.0000	0.0000	0.0000	0.0000	0.0000	0.0000	0.0000	0.0000	0.0000	0.0000	0.0000	0.0000	0.0000	0.0000	0.0000	0.0000	2.0025	0.0002	0.0085	2.3255	0.0000	0.0000	0.0000	0.0000	0.0000	0.0000	0.0000	0.0000	0.0000	0.0000	0.0000	0.0000	0.0000	0.0000	0.0000	0.0000	0.0000	0.0000	0.0000	0.0000	0.0000	0.0000	0.0000	0.0000	0.0000	0.0000	0.0000	0.0096	0.0046	0.0050	0.0012	0.0012	0.0000	0.0084	0.0034	0.0050	0.0000	0.0000	0.0000	0.0000	0.0000	0.0000	0.0000	0.0000	0.0000	0.0000	0.0000	0.0000	0.0000	0.0000	0.0000	0.0000	0.0000	0.0000											
16	139	0.0585	4	2	2	0	1	0	0	0	0	Y	Y	N	N	N	N	N	N	N	N	N	N	0.0161	0.0067	0.0028	0.0039	inf	inf	0.0001	0.0001	0.0000	0.0003	0.0003	0.0000	0.0000	0.0000	0.0000	0.0062	0.0166	0.0000	0.0906	0.0691	0.0000	0.0000	0.0000	0.0000	0.0000	0.0000	-0.0000	-0.0000	2.0025	2.0138	0.0085	2.7349	0.0000	0.0000	0.0000	0.0000	0.0000	0.0000	0.0000	0.0000	0.0000	0.0000	0.0000	0.0000	0.0000	0.0000	0.0000	0.0000	0.0000	0.0000	0.1320	0.1179	0.0141	0.0499	0.0469	0.0030	0.0822	0.0711	0.0111	0.0203	0.0086	0.0118	0.0020	0.0019	0.0000	0.0184	0.0066	0.0117	0.1117	0.0527	0.0000	0.0276	0.0288	0.0000	inf	inf	0.0000	0.0009	0.0021	0.0000	0.0092	0.0094	0.0000	0.0000	0.0000	0.0000			
16	140	0.0420	3	1	2	0	1	0	0	0	0	N	Y	N	N	N	N	N	N	N	N	N	N	24.5002	inf	0.0000	0.9026	inf	0.0000	96.3318	inf	0.0000	0.0064	0.0070	0.0000	0.0094	0.0098	0.0000	0.0010	0.0012	0.0000	0.0003	0.0000	0.0002	0.0104	0.0000	0.6393	0.0000	0.0000	0.0000	0.0000	inf	-0.0004	0.0000	2.0025	1.9232	0.0085	1.1116	0.0014	0.0014	0.0000	0.0013	0.0013	0.0000	0.0001	0.0001	0.0000	0.0000	0.0000	0.0000	0.0000	0.0000	0.0000	0.0000	0.0000	0.0000	0.2105	0.1949	0.0156	0.1364	0.1306	0.0058	0.0741	0.0643	0.0098	0.0126	0.0054	0.0072	0.0004	0.0004	0.0000	0.0122	0.0051	0.0072	64.0503	inf	0.0000	3.1873	inf	0.0000	96.3318	inf	0.0000	0.0001	0.0000	0.0002	0.0029	0.0000	0.1783	0.0000	0.0000	0.0000
16	141	0.6842	9	1	2	0	1	0	0	0	0	N	Y	N	N	N	N	N	N	N	N	N	N	0.0000	0.0000	0.0000	0.0000	0.0000	0.0000	0.0000	0.0000	0.0000	0.0000	0.0000	0.0000	0.0000	0.0000	0.0000	0.0000	0.0000	0.0000	0.0000	0.0000	2.0025	3.0000	0.0085	1.0000	0.0000	0.0000	0.0000	0.0000	0.0000	0.0000	0.0000	0.0000	0.0000	0.0000	0.0000	0.0000	0.0000	0.0000	0.0000	0.0000	0.0000	0.0000	0.2770	0.2547	0.0223	0.2244	0.2097	0.0148	0.0526	0.0450	0.0075	0.0088	0.0054	0.0034	0.0049	0.0042	0.0007	0.0039	0.0012	0.0027	0.0000	0.0000	0.0000	0.0000	0.0000	0.0000	0.0000	0.0000	0.0000	0.0000	0.0000	0.0000	0.0000	0.0000	0.0000	0.0000	0.0000	0.0000											
16	142	0.6650	8	1	1	0	1	0	0	0	0	N	N	N	N	N	N	N	N	N	N	N	N	0.0000	0.0000	0.0000	0.0000	0.0000	0.0000	0.0000	0.0000	0.0000	0.0000	0.0000	0.0000	0.0000	0.0000	0.0000	0.0000	0.0000	0.0000	0.0000	0.0000	2.0025	1.0000	0.0085	1.0000	0.0000	0.0000	0.0000	0.0000	0.0000	0.0000	0.0000	0.0000	0.0000	0.0000	0.0000	0.0000	0.0000	0.0000	0.0000	0.0000	0.0000	0.0000	0.0970	0.0895	0.0075	0.0788	0.0740	0.0048	0.0181	0.0155	0.0026	0.0045	0.0028	0.0018	0.0025	0.0022	0.0004	0.0020	0.0006	0.0014	0.0000	0.0000	0.0000	0.0000	0.0000	0.0000	0.0000	0.0000	0.0000	0.0000	0.0000	0.0000	0.0000	0.0000	0.0000	0.0000	0.0000	0.0000											
16	143	0.4146	7	1	1	0	1	0	0	0	0	N	N	N	N	N	N	N	N	N	N	N	N	19998.5760	inf	0.0000	102.0121	inf	0.0000	160777.7069	inf	0.0000	2.0345	2.2648	0.0000	0.0140	0.0151	0.0000	5.5575	6.5106	0.0000	0.0001	0.0000	0.0000	0.0001	0.0000	0.0000	0.0000	0.0000	0.0000	0.0000	inf	-0.2683	0.0000	2.0025	7.1211	0.0085	10.9474	1.0312	1.0312	0.0000	0.0045	0.0045	0.0000	1.0267	1.0267	0.0000	0.0000	0.0000	0.0000	0.0000	0.0000	0.0000	0.0000	0.0000	0.0000	0.5068	0.4553	0.0515	0.3221	0.2976	0.0245	0.1847	0.1577	0.0270	0.0856	0.0535	0.0322	0.0446	0.0382	0.0064	0.0410	0.0152	0.0258	218281.1760	inf	0.0000	5893.0603	inf	0.0000	329246.3015	inf	0.0000	0.0000	0.0000	0.0000	0.0000	0.0000	0.0000	0.0000	0.0000	0.0000
16	144	0.2199	6	1	1	0	1	0	0	0	0	N	N	N	N	N	N	N	N	N	N	N	N	17514.5380	9586.2300	16387.6607	262.1300	304.6110	34.5969	6125235.7019	inf	31674.7461	1.8762	2.0922	0.0214	0.0996	0.1072	0.0002	4.5401	5.3580	0.0361	0.0001	0.0002	0.0000	0.0004	0.0004	0.0000	0.0000	0.0000	0.0000	0.0012	0.0709	-0.2518	-0.0000	2.0025	8.5175	0.0085	23.1696	0.9722	0.9710	0.0012	0.0310	0.0310	0.0000	0.9412	0.9401	0.0012	0.0000	0.0000	0.0000	0.0000	0.0000	0.0000	0.0000	0.0000	0.0000	0.5182	0.4641	0.0541	0.3108	0.2887	0.0222	0.2073	0.1754	0.0319	0.0828	0.0396	0.0433	0.0184	0.0168	0.0016	0.0644	0.0228	0.0416	182264.6837	103966.4194	16387.6607	2282.5499	2263.0143	34.5969	6125235.7019	inf	31674.7461	0.0000	0.0000	0.0000	0.0000	0.0000	0.0000	0.0000	0.0000	0.0000
16	145	0.0234	3	2	2	0	1	0	0	0	0	Y	Y	N	N	N	N	N	N	N	N	N	N	0.0000	0.0000	0.0000	0.0000	0.0000	0.0000	0.0000	0.0000	0.0000	0.0000	0.0000	0.0000	0.0000	0.0000	0.0000	0.0000	0.0000	0.0000	0.0000	0.0000	2.0025	1.0000	0.0085	1.0000	0.0000	0.0000	0.0000	0.0000	0.0000	0.0000	0.0000	0.0000	0.0000	0.0000	0.0000	0.0000	0.0000	0.0000	0.0000	0.0000	0.0000	0.0000	0.0646	0.0542	0.0104	0.0038	0.0035	0.0002	0.0608	0.0507	0.0101	0.0107	0.0050	0.0057	0.0002	0.0002	0.0000	0.0105	0.0049	0.0057	0.0000	0.0000	0.0000	0.0000	0.0000	0.0000	0.0000	0.0000	0.0000	0.0000	0.0000	0.0000	0.0000	0.0000	0.0000	0.0000	0.0000	0.0000											
16	146	0.0234	2	1	2	0	1	0	0	0	0	N	Y	N	N	N	N	N	N	N	N	N	N	inf	inf	inf	inf	0.0056	0.0060	0.0000	0.0135	0.0136	0.0000	0.0000	0.0000	0.0000	0.0000	0.0000	0.0000	0.0000	0.0000	0.0000	0.0000	0.0000	0.0000	0.0000	-0.0000	0.0000	2.0025	0.0003	0.0085	0.0000	0.0000	0.0000	0.0000	0.0000	0.0000	0.0000	0.0000	0.0000	0.0000	0.0000	0.0000	0.0000	0.0000	0.0000	0.0000	0.0000	0.0000	0.0000	0.0001	0.0001	0.0000	0.0000	0.0000	0.0000	0.0001	0.0001	0.0000	0.0000	0.0000	0.0000	0.0000	0.0000	0.0000	0.0000	0.0000	0.0000	inf	inf	0.0000	inf	inf	0.0000	0.0000	0.0000	0.0000	0.0000	0.0000	0.0000	0.0000	0.0000	0.0000	0.0000	0.0000	0.0000						
16	150	0.2362	7	1	1	0	1	0	0	0	0	N	N	N	N	N	N	N	N	N	N	N	N	72639.7717	inf	1841861.5036	63.9170	inf	8850.7509	6179715.9435	inf	3401419.5693	3.9946	3.7898	5.7594	0.0068	0.0002	0.1012	10.5185	10.7439	9.3933	0.0001	0.0000	0.0000	0.0001	0.0000	0.0000	0.0000	0.0000	0.0000	0.1764	inf	-0.1294	0.0000	2.0025	3.7255	0.0085	14.1767	1.1740	0.9979	0.1760	0.0012	0.0000	0.0012	1.1727	0.9979	0.1748	0.0000	0.0000	0.0000	0.0000	0.0000	0.0000	0.0000	0.0000	0.0000	0.2939	0.2633	0.0306	0.1824	0.1704	0.0120	0.1115	0.0929	0.0186	0.0512	0.0268	0.0245	0.0132	0.0121	0.0010	0.0381	0.0146	0.0235	2672479.6848	inf	1841861.5036	7591.1382	inf	8850.7509	6179715.9435	inf	3401419.5693	0.0000	0.0000	0.0000	0.0000	0.0000	0.0000	0.0000	0.0000	0.0000
16	151	0.2199	6	1	1	0	1	0	0	0	0	N	N	N	N	N	N	N	N	N	N	N	N	66756.4238	475.0395	13406729.0988	454.0511	387.9736	15100.4838	5698480.6303	inf	22245330.2097	5.3414	0.0672	49.4595	0.0863	0.0689	0.3893	13.0075	0.0643	70.6406	0.0001	0.0001	0.0000	0.0002	0.0002	0.0000	0.0000	0.0000	0.0000	87.9986	0.7714	0.5884	-0.0000	2.0025	1.4205	0.0085	4.0377	0.8076	0.0091	0.7985	0.0077	0.0058	0.0019	0.7999	0.0032	0.7966	0.0000	0.0000	0.0000	0.0000	0.0000	0.0000	0.0000	0.0000	0.0000	0.1512	0.1351	0.0161	0.0897	0.0848	0.0049	0.0615	0.0502	0.0113	0.0337	0.0177	0.0160	0.0119	0.0116	0.0004	0.0217	0.0061	0.0156	1327952.6907	15541.0753	13406729.0988	11990.2832	10415.6360	15100.4838	5698480.6303	inf	22245330.2097	0.0000	0.0000	0.0000	0.0000	0.0000	0.0000	0.0000	0.0000	0.0000
16	152	0.1089	5	1	1	0	1	0	0	0	0	N	N	N	N	N	N	N	N	N	N	N	N	1681.2162	55.9308	inf	0.0000	0.0000	inf	inf	inf	0.0865	0.0067	0.7485	0.0000	0.0000	0.0000	0.1806	0.0146	1.2111	0.0001	0.0001	0.0000	0.0004	0.0004	0.0000	0.0000	0.0000	0.0000	13.3550	0.0000	0.0222	-0.0000	2.0025	6.4701	0.0085	12.4371	0.0332	0.0023	0.0308	0.0000	0.0000	0.0000	0.0332	0.0023	0.0308	0.0000	0.0000	0.0000	0.0000	0.0000	0.0000	0.0000	0.0000	0.0000	0.3835	0.3423	0.0412	0.1999	0.1842	0.0157	0.1836	0.1582	0.0255	0.0507	0.0203	0.0305	0.0012	0.0011	0.0000	0.0496	0.0191	0.0304	74113.9346	2311.3666	inf	0.0000	0.0000	0.0000	inf	inf	inf	0.0000	0.0000	0.0000	0.0000	0.0001	0.0000	0.0000	0.0000	0.0000	
17	18	0.6367	8	1	0	2	0	0	0	0	0	N	N	Y	N	N	N	N	N	N	N	N	N	0.0000	0.0000	0.0000	0.0000	0.0000	0.0000	0.0000	0.0000	0.0000	0.0000	0.0000	0.0000	0.0000	0.0000	0.0000	0.0000	0.0000	0.0000	0.0000	0.0000	0.0000	0.0000	0.0000	0.0000	0.0000	0.0000	0.0000	0.0000	0.0000	0.0000	0.0000	0.0000	0.0000	0.0000	0.0000	0.0000	0.0000	0.0000	0.0000	0.0000	0.0000	0.0000	0.0000	0.0000	0.0000	0.0000	0.0000	0.0000	0.0000	0.0000	0.0000	0.0000	0.0000	0.0000	0.0000	0.0000	0.0000	0.0000	0.0000	0.0000	0.0000	0.0000	0.0000	0.0000	0.0000	0.0000	0.0000	0.0000	0.0000	0.0000	0.0000	0.0000	0.0000	0.0000	0.0000	0.0000	0.0000	0.0000											
17	19	0.0347	4	2	1	1	0	0	0	0	0	Y	N	N	N	N	N	N	N	N	N	N	N	0.0000	0.0000	0.0000	0.0000	0.0000	0.0000	0.0000	0.0000	0.0000	0.0000	0.0000	0.0000	0.0000	0.0000	0.0000	0.0000	0.0000	0.0000	0.0000	0.0000	0.0000	3.0000	0.0000	0.0000	0.0000	0.0000	0.0000	0.0000	0.0000	0.0000	0.0000	0.0000	0.0000	0.0000	0.0000	0.0000	0.0000	0.0000	0.0000	0.0000	0.0000	0.0000	0.0000	0.0000	0.0000	0.0000	0.0000	0.0000	0.0000	0.0000	0.0000	0.0000	0.0000	0.0000	0.0000	0.0000	0.0000	0.0000	0.0000	0.0000	0.0000	0.0000	0.0000	0.0000	0.0000	0.0000	0.0000	0.0000	0.0000	0.0000	0.0000	0.0000	0.0000	0.0000	0.0000	0.0000	0.0000	0.0000											
17	20	0.0571	5	1	1	1	0	0	0	0	0	N	N	N	N	N	N	N	N	N	N	N	N	0.0000	0.0000	0.0000	0.0000	0.0000	0.0000	0.0000	0.0000	0.0000	0.0000	0.0000	0.0000	0.0000	0.0000	0.0000	0.0000	0.0000	0.0000	0.0000	0.0000	0.0000	0.0000	0.0000	1.0000	0.0000	0.0000	0.0000	0.0000	0.0000	0.0000	0.0000	0.0000	0.0000	0.0000	0.0000	0.0000	0.0000	0.0000	0.0000	0.0000	0.0000	0.0000	0.0000	0.0000	0.0000	0.0000	0.0000	0.0000	0.0000	0.0000	0.0000	0.0000	0.0000	0.0000	0.0000	0.0000	0.0000	0.0000	0.0000	0.0000	0.0000	0.0000	0.0000	0.0000	0.0000	0.0000	0.0000	0.0000	0.0000	0.0000	0.0000	0.0000	0.0000	0.0000	0.0000	0.0000	0.0000	0.0000											
17	21	0.0832	6	1	0	1	1	0	0	0	0	N	N	N	N	N	N	N	N	N	N	N	N	0.0000	0.0000	0.0000	0.0000	0.0000	0.0000	0.0000	0.0000	0.0000	0.0000	0.0000	0.0000	0.0000	0.0000	0.0000	0.0000	0.0000	0.0000	0.0000	0.0000	0.0000	2.0045	0.0000	0.0106	0.0000	0.0000	0.0000	0.0000	0.0000	0.0000	0.0000	0.0000	0.0000	0.0000	0.0000	0.0000	0.0000	0.0000	0.0000	0.0000	0.0000	0.0000	0.0000	0.0000	0.0000	0.0000	0.0000	0.0000	0.0000	0.0000	0.0000	0.0000	0.0000	0.0000	0.0000	0.0000	0.0000	0.0000	0.0000	0.0000	0.0000	0.0000	0.0000	0.0000	0.0000	0.0000	0.0000	0.0000	0.0000	0.0000	0.0000	0.0000	0.0000	0.0000	0.0000	0.0000	0.0000	0.0000											
17	22	0.0539	5	1	0	1	1	0	0	0	0	N	N	N	N	N	N	N	N	N	N	N	N	0.0000	0.0000	0.0000	0.0000	0.0000	0.0000	0.0000	0.0000	0.0000	0.0000	0.0000	0.0000	0.0000	0.0000	0.0000	0.0000	0.0000	0.0000	0.0000	0.0000	0.0000	1.9989	0.0000	1.0099	0.0000	0.0000	0.0000	0.0000	0.0000	0.0000	0.0000	0.0000	0.0000	0.0000	0.0000	0.0000	0.0000	0.0000	0.0000	0.0000	0.0000	0.0000	0.0000	0.0000	0.0000	0.0000	0.0000	0.0000	0.0000	0.0000	0.0000	0.0000	0.0000	0.0000	0.0000	0.0000	0.0000	0.0000	0.0000	0.0000	0.0000	0.0000	0.0000	0.0000	0.0000	0.0000	0.0000	0.0000	0.0000	0.0000	0.0000	0.0000	0.0000	0.0000	0.0000	0.0000	0.0000	0.0000											
17	23	0.6329	10	1	1	1	1	0	0	0	0	N	N	N	N	N	N	N	N	N	N	N	N	0.0000	0.0000	0.0000	0.0000	0.0000	0.0000	0.0000	0.0000	0.0000	0.0000	0.0000	0.0000	0.0000	0.0000	0.0000	0.0000	0.0000	0.0000	0.0000	0.0000	0.0000	0.0000	0.0000	1.0024	0.0000	0.0000	0.0000	0.0000	0.0000	0.0000	0.0000	0.0000	0.0000	0.0000	0.0000	0.0000	0.0000	0.0000	0.0000	0.0000	0.0000	0.0000	0.0000	0.0000	0.0000	0.0000	0.0000	0.0000	0.0000	0.0000	0.0000	0.0000	0.0000	0.0000	0.0000	0.0000	0.0000	0.0000	0.0000	0.0000	0.0000	0.0000	0.0000	0.0000	0.0000	0.0000	0.0000	0.0000	0.0000	0.0000	0.0000	0.0000	0.0000	0.0000	0.0000	0.0000	0.0000	0.0000											
17	24	0.0571	5	1	1	1	0	0	0	0	0	N	N	N	N	N	N	N	N	N	N	N	N	0.0000	0.0000	0.0000	0.0000	0.0000	0.0000	0.0000	0.0000	0.0000	0.0000	0.0000	0.0000	0.0000	0.0000	0.0000	0.0000	0.0000	0.0000	0.0000	0.0000	0.0000	0.0000	0.0000	0.0000	0.0000	0.0000	0.0000	0.0000	0.0000	0.0000	0.0000	0.0000	0.0000	0.0000	0.0000	0.0000	0.0000	0.0000	0.0000	0.0000	0.0000	0.0000	0.0000	0.0000	0.0000	0.0000	0.0000	0.0000	0.0000	0.0000	0.0000	0.0000	0.0000	0.0000	0.0000	0.0000	0.0000	0.0000	0.0000	0.0000	0.0000	0.0000	0.0000	0.0000	0.0000	0.0000	0.0000	0.0000	0.0000	0.0000	0.0000	0.0000	0.0000	0.0000	0.0000	0.0000	0.0000	0.0000											
17	25	0.6647	10	1	1	1	0	0	0	0	0	N	N	N	N	N	N	N	N	N	N	N	N	0.0000	0.0000	0.0000	0.0000	0.0000	0.0000	0.0000	0.0000	0.0000	0.0000	0.0000	0.0000	0.0000	0.0000	0.0000	0.0000	0.0000	0.0000	0.0000	0.0000	0.0000	0.9998	0.0000	0.0242	0.0000	0.0000	0.0000	0.0000	0.0000	0.0000	0.0000	0.0000	0.0000	0.0000	0.0000	0.0000	0.0000	0.0000	0.0000	0.0000	0.0000	0.0000	0.0000	0.0000	0.0000	0.0000	0.0000	0.0000	0.0000	0.0000	0.0000	0.0000	0.0000	0.0000	0.0000	0.0000	0.0000	0.0000	0.0000	0.0000	0.0000	0.0000	0.0000	0.0000	0.0000	0.0000	0.0000	0.0000	0.0000	0.0000	0.0000	0.0000	0.0000	0.0000	0.0000	0.0000	0.0000	0.0000											
17	26	0.7023	13	1	1	1	1	0	0	0	0	N	N	N	N	N	N	N	N	N	N	N	N	0.0000	0.0000	0.0000	0.0000	0.0000	0.0000	0.0000	0.0000	0.0000	0.0000	0.0000	0.0000	0.0000	0.0000	0.0000	0.0000	0.0000	0.0000	0.0000	0.0000	0.0000	0.0000	0.0000	0.0000	0.0000	0.0000	0.0000	0.0000	0.0000	0.0000	0.0000	0.0000	0.0000	0.0000	0.0000	0.0000	0.0000	0.0000	0.0000	0.0000	0.0000	0.0000	0.0000	0.0000	0.0000	0.0000	0.0000	0.0000	0.0000	0.0000	0.0000	0.0000	0.0000	0.0000	0.0000	0.0000	0.0000	0.0000	0.0000	0.0000	0.0000	0.0000	0.0000	0.0000	0.0000	0.0000	0.0000	0.0000	0.0000	0.0000	0.0000	0.0000	0.0000	0.0000	0.0000	0.0000	0.0000	0.0000											
17	27	0.0808	5	2	1	1	0	0	0	0	0	Y	N	N	N	N	N	N	N	N	N	N	N	0.0000	0.0000	0.0000	0.0000	0.0000	0.0000	0.0000	0.0000	0.0000	0.0000	0.0000	0.0000	0.0000	0.0000	0.0000	0.0000	0.0000	0.0000	0.0000	0.0000	0.0000	0.0418	0.0000	6.1659	0.0000	0.0000	0.0000	0.0000	0.0000	0.0000	0.0000	0.0000	0.0000	0.0000	0.0000	0.0000	0.0000	0.0000	0.0000	0.0000	0.0000	0.0000	0.0000	0.0000	0.0000	0.0000	0.0000	0.0000	0.0000	0.0000	0.0000	0.0000	0.0000	0.0000	0.0000	0.0000	0.0000	0.0000	0.0000	0.0000	0.0000	0.0000	0.0000	0.0000	0.0000	0.0000	0.0000	0.0000	0.0000	0.0000	0.0000	0.0000	0.0000	0.0000	0.0000	0.0000	0.0000	0.0000											
17	28	0.0878	8	1	0	1	1	0	0	0	0	N	N	N	N	N	N	N	N	N	N	N	N	0.0000	0.0000	0.0000	0.0000	0.0000	0.0000	0.0000	0.0000	0.0000	0.0000	0.0000	0.0000	0.0000	0.0000	0.0000	0.0000	0.0000	0.0000	0.0000	0.0000	0.0000	1.5398	0.0000	1.0296	0.0000	0.0000	0.0000	0.0000	0.0000	0.0000	0.0000	0.0000	0.0000	0.0000	0.0000	0.0000	0.0000	0.0000	0.0000	0.0000	0.0000	0.0000	0.0000	0.0000	0.0000	0.0000	0.0000	0.0000	0.0000	0.0000	0.0000	0.0000	0.0000	0.0000	0.0000	0.0000	0.0000	0.0000	0.0000	0.0000	0.0000	0.0000	0.0000	0.0000	0.0000	0.0000	0.0000	0.0000	0.0000	0.0000	0.0000	0.0000	0.0000	0.0000	0.0000	0.0000	0.0000	0.0000											
17	29	0.0826	7	1	0	1	1	0	0	0	0	N	N	N	N	N	N	N	N	N	N	N	N	0.0000	0.0000	0.0000	0.0000	0.0000	0.0000	0.0000	0.0000	0.0000	0.0000	0.0000	0.0000	0.0000	0.0000	0.0000	0.0000	0.0000	0.0000	0.0000	0.0000	0.0000	0.8816	0.0000	0.0702	0.0000	0.0000	0.0000	0.0000	0.0000	0.0000	0.0000	0.0000	0.0000	0.0000	0.0000	0.0000	0.0000	0.0000	0.0000	0.0000	0.0000	0.0000	0.0000	0.0000	0.0000	0.0000	0.0000	0.0000	0.0000	0.0000	0.0000	0.0000	0.0000	0.0000	0.0000	0.0000	0.0000	0.0000	0.0000	0.0000	0.0000	0.0000	0.0000	0.0000	0.0000	0.0000	0.0000	0.0000	0.0000	0.0000	0.0000	0.0000	0.0000	0.0000	0.0000	0.0000	0.0000	0.0000											
17	30	0.6482	11	1	0	1	1	0	0	0	0	N	N	N	N	N	N	N	N	N	N	N	N	0.0000	0.0000	0.0000	0.0000	0.0000	0.0000	0.0000	0.0000	0.0000	0.0000	0.0000	0.0000	0.0000	0.0000	0.0000	0.0000	0.0000	0.0000	0.0000	0.0000	0.0000	0.0000	0.0000	0.0000	0.0000	0.0000	0.0000	0.0000	0.0000	0.0000	0.0000	0.0000	0.0000	0.0000	0.0000	0.0000	0.0000	0.0000	0.0000	0.0000	0.0000	0.0000	0.0000	0.0000	0.0000	0.0000	0.0000	0.0000	0.0000	0.0000	0.0000	0.0000	0.0000	0.0000	0.0000	0.0000	0.0000	0.0000	0.0000	0.0000	0.0000	0.0000	0.0000	0.0000	0.0000	0.0000	0.0000	0.0000	0.0000	0.0000	0.0000	0.0000	0.0000	0.0000	0.0000	0.0000	0.0000	0.0000											
17	31	0.6551	9	2	0	2	0	0	0	0	0	Y	N	Y	N	N	N	N	N	N	N	N	N	0.0000	0.0000	0.0000	0.0000	0.0000	0.0000	0.0000	0.0000	0.0000	0.0000	0.0000	0.0000	0.0000	0.0000	0.0000	0.0000	0.0000	0.0000	0.0000	0.0000	0.0000	0.0000	0.0000	0.0000	0.0000	0.0000	0.0000	0.0000	0.0000	0.0000	0.0000	0.0000	0.0000	0.0000	0.0000	0.0000	0.0000	0.0000	0.0000	0.0000	0.0000	0.0000	0.0000	0.0000	0.0000	0.0000	0.0000	0.0000	0.0000	0.0000	0.0000	0.0000	0.0000	0.0000	0.0000	0.0000	0.0000	0.0000	0.0000	0.0000	0.0000	0.0000	0.0000	0.0000	0.0000	0.0000	0.0000	0.0000	0.0000	0.0000	0.0000	0.0000	0.0000	0.0000	0.0000	0.0000	0.0000	0.0000											
17	32	0.5909	7	1	1	1	0	0	0	0	0	N	N	N	N	N	N	N	N	N	N	N	N	0.0000	0.0000	0.0000	0.0000	0.0000	0.0000	0.0000	0.0000	0.0000	0.0000	0.0000	0.0000	0.0000	0.0000	0.0000	0.0000	0.0000	0.0000	0.0000	0.0000	0.0000	0.0006	0.0000	3.0000	0.0000	0.0000	0.0000	0.0000	0.0000	0.0000	0.0000	0.0000	0.0000	0.0000	0.0000	0.0000	0.0000	0.0000	0.0000	0.0000	0.0000	0.0000	0.0000	0.0000	0.0000	0.0000	0.0000	0.0000	0.0000	0.0000	0.0000	0.0000	0.0000	0.0000	0.0000	0.0000	0.0000	0.0000	0.0000	0.0000	0.0000	0.0000	0.0000	0.0000	0.0000	0.0000	0.0000	0.0000	0.0000	0.0000	0.0000	0.0000	0.0000	0.0000	0.0000	0.0000	0.0000	0.0000											
17	33	0.5909	7	1	1	1	0	0	0	0	0	N	N	N	N	N	N	N	N	N	N	N	N	0.0000	0.0000	0.0000	0.0000	0.0000	0.0000	0.0000	0.0000	0.0000	0.0000	0.0000	0.0000	0.0000	0.0000	0.0000	0.0000	0.0000	0.0000	0.0000	0.0000	0.0000	2.0006	0.0000	8.0000	0.0000	0.0000	0.0000	0.0000	0.0000	0.0000	0.0000	0.0000	0.0000	0.0000	0.0000	0.0000	0.0000	0.0000	0.0000	0.0000	0.0000	0.0000	0.0000	0.0000	0.0000	0.0000	0.0000	0.0000	0.0000	0.0000	0.0000	0.0000	0.0000	0.0000	0.0000	0.0000	0.0000	0.0000	0.0000	0.0000	0.0000	0.0000	0.0000	0.0000	0.0000	0.0000	0.0000	0.0000	0.0000	0.0000	0.0000	0.0000	0.0000	0.0000	0.0000	0.0000	0.0000	0.0000											
17	34	0.6321	8	2	1	1	0	0	0	0	0	Y	N	N	N	N	N	N	N	N	N	N	N	0.0000	0.0000	0.0000	0.0000	0.0000	0.0000	0.0000	0.0000	0.0000	0.0000	0.0000	0.0000	0.0000	0.0000	0.0000	0.0000	0.0000	0.0000	0.0000	0.0000	0.0000	10.0001	0.0000	4.0001	0.0000	0.0000	0.0000	0.0000	0.0000	0.0000	0.0000	0.0000	0.0000	0.0000	0.0000	0.0000	0.0000	0.0000	0.0000	0.0000	0.0000	0.0000	0.0000	0.0000	0.0000	0.0000	0.0000	0.0000	0.0000	0.0000	0.0000	0.0000	0.0000	0.0000	0.0000	0.0000	0.0000	0.0000	0.0000	0.0000	0.0000	0.0000	0.0000	0.0000	0.0000	0.0000	0.0000	0.0000	0.0000	0.0000	0.0000	0.0000	0.0000	0.0000	0.0000	0.0000	0.0000	0.0000											
17	35	0.5909	7	1	1	1	0	0	0	0	0	N	N	N	N	N	N	N	N	N	N	N	N	0.0000	0.0000	0.0000	0.0000	0.0000	0.0000	0.0000	0.0000	0.0000	0.0000	0.0000	0.0000	0.0000	0.0000	0.0000	0.0000	0.0000	0.0000	0.0000	0.0000	0.0000	3.0004	0.0000	2.0000	0.0000	0.0000	0.0000	0.0000	0.0000	0.0000	0.0000	0.0000	0.0000	0.0000	0.0000	0.0000	0.0000	0.0000	0.0000	0.0000	0.0000	0.0000	0.0000	0.0000	0.0000	0.0000	0.0000	0.0000	0.0000	0.0000	0.0000	0.0000	0.0000	0.0000	0.0000	0.0000	0.0000	0.0000	0.0000	0.0000	0.0000	0.0000	0.0000	0.0000	0.0000	0.0000	0.0000	0.0000	0.0000	0.0000	0.0000	0.0000	0.0000	0.0000	0.0000	0.0000	0.0000	0.0000											
17	36	0.0347	4	1	1	1	0	0	0	0	0	N	N	N	N	N	N	N	N	N	N	N	N	0.0000	0.0000	0.0000	0.0000	0.0000	0.0000	0.0000	0.0000	0.0000	0.0000	0.0000	0.0000	0.0000	0.0000	0.0000	0.0000	0.0000	0.0000	0.0000	0.0000	0.0000	3.0000	0.0000	3.0000	0.0000	0.0000	0.0000	0.0000	0.0000	0.0000	0.0000	0.0000	0.0000	0.0000	0.0000	0.0000	0.0000	0.0000	0.0000	0.0000	0.0000	0.0000	0.0000	0.0000	0.0000	0.0000	0.0000	0.0000	0.0000	0.0000	0.0000	0.0000	0.0000	0.0000	0.0000	0.0000	0.0000	0.0000	0.0000	0.0000	0.0000	0.0000	0.0000	0.0000	0.0000	0.0000	0.0000	0.0000	0.0000	0.0000	0.0000	0.0000	0.0000	0.0000	0.0000	0.0000	0.0000	0.0000											
17	37	0.6210	8	2	1	1	0	0	0	0	0	Y	N	N	N	N	N	N	N	N	N	N	N	0.0000	0.0000	0.0000	0.0000	0.0000	0.0000	0.0000	0.0000	0.0000	0.0000	0.0000	0.0000	0.0000	0.0000	0.0000	0.0000	0.0000	0.0000	0.0000	0.0000	0.0000	4.2779	0.0000	3.9542	0.0000	0.0000	0.0000	0.0000	0.0000	0.0000	0.0000	0.0000	0.0000	0.0000	0.0000	0.0000	0.0000	0.0000	0.0000	0.0000	0.0000	0.0000	0.0000	0.0000	0.0000	0.0000	0.0000	0.0000	0.0000	0.0000	0.0000	0.0000	0.0000	0.0000	0.0000	0.0000	0.0000	0.0000	0.0000	0.0000	0.0000	0.0000	0.0000	0.0000	0.0000	0.0000	0.0000	0.0000	0.0000	0.0000	0.0000	0.0000	0.0000	0.0000	0.0000	0.0000	0.0000	0.0000											
17	38	0.1014	8	2	1	1	0	0	0	0	0	Y	N	N	N	N	N	N	N	N	N	N	N	0.0000	0.0000	0.0000	0.0000	0.0000	0.0000	0.0000	0.0000	0.0000	0.0000	0.0000	0.0000	0.0000	0.0000	0.0000	0.0000	0.0000	0.0000	0.0000	0.0000	0.0000	2.8243	0.0000	1.0201	0.0000	0.0000	0.0000	0.0000	0.0000	0.0000	0.0000	0.0000	0.0000	0.0000	0.0000	0.0000	0.0000	0.0000	0.0000	0.0000	0.0000	0.0000	0.0000	0.0000	0.0000	0.0000	0.0000	0.0000	0.0000	0.0000	0.0000	0.0000	0.0000	0.0000	0.0000	0.0000	0.0000	0.0000	0.0000	0.0000	0.0000	0.0000	0.0000	0.0000	0.0000	0.0000	0.0000	0.0000	0.0000	0.0000	0.0000	0.0000	0.0000	0.0000	0.0000	0.0000	0.0000	0.0000											
17	39	0.6321	8	1	1	1	0	0	0	0	0	N	N	N	N	N	N	N	N	N	N	N	N	0.0000	0.0000	0.0000	0.0000	0.0000	0.0000	0.0000	0.0000	0.0000	0.0000	0.0000	0.0000	0.0000	0.0000	0.0000	0.0000	0.0000	0.0000	0.0000	0.0000	0.0000	5.0001	0.0000	5.0000	0.0000	0.0000	0.0000	0.0000	0.0000	0.0000	0.0000	0.0000	0.0000	0.0000	0.0000	0.0000	0.0000	0.0000	0.0000	0.0000	0.0000	0.0000	0.0000	0.0000	0.0000	0.0000	0.0000	0.0000	0.0000	0.0000	0.0000	0.0000	0.0000	0.0000	0.0000	0.0000	0.0000	0.0000	0.0000	0.0000	0.0000	0.0000	0.0000	0.0000	0.0000	0.0000	0.0000	0.0000	0.0000	0.0000	0.0000	0.0000	0.0000	0.0000	0.0000	0.0000	0.0000	0.0000											
17	40	0.0571	5	1	1	1	0	0	0	0	0	N	N	N	N	N	N	N	N	N	N	N	N	0.0000	0.0000	0.0000	0.0000	0.0000	0.0000	0.0000	0.0000	0.0000	0.0000	0.0000	0.0000	0.0000	0.0000	0.0000	0.0000	0.0000	0.0000	0.0000	0.0000	0.0000	0.0000	0.0000	2.0000	0.0000	0.0000	0.0000	0.0000	0.0000	0.0000	0.0000	0.0000	0.0000	0.0000	0.0000	0.0000	0.0000	0.0000	0.0000	0.0000	0.0000	0.0000	0.0000	0.0000	0.0000	0.0000	0.0000	0.0000	0.0000	0.0000	0.0000	0.0000	0.0000	0.0000	0.0000	0.0000	0.0000	0.0000	0.0000	0.0000	0.0000	0.0000	0.0000	0.0000	0.0000	0.0000	0.0000	0.0000	0.0000	0.0000	0.0000	0.0000	0.0000	0.0000	0.0000	0.0000	0.0000	0.0000											
17	41	0.6321	8	1	1	1	0	0	0	0	0	N	N	N	N	N	N	N	N	N	N	N	N	0.0000	0.0000	0.0000	0.0000	0.0000	0.0000	0.0000	0.0000	0.0000	0.0000	0.0000	0.0000	0.0000	0.0000	0.0000	0.0000	0.0000	0.0000	0.0000	0.0000	0.0000	5.9998	0.0000	3.0000	0.0000	0.0000	0.0000	0.0000	0.0000	0.0000	0.0000	0.0000	0.0000	0.0000	0.0000	0.0000	0.0000	0.0000	0.0000	0.0000	0.0000	0.0000	0.0000	0.0000	0.0000	0.0000	0.0000	0.0000	0.0000	0.0000	0.0000	0.0000	0.0000	0.0000	0.0000	0.0000	0.0000	0.0000	0.0000	0.0000	0.0000	0.0000	0.0000	0.0000	0.0000	0.0000	0.0000	0.0000	0.0000	0.0000	0.0000	0.0000	0.0000	0.0000	0.0000	0.0000	0.0000	0.0000											
17	42	0.1232	9	1	1	2	1	0	0	0	0	N	N	Y	N	N	N	N	N	N	N	N	N	0.0000	0.0000	0.0000	0.0000	0.0000	0.0000	0.0000	0.0000	0.0000	0.0000	0.0000	0.0000	0.0000	0.0000	0.0000	0.0000	0.0000	0.0000	0.0000	0.0000	0.0000	0.0011	0.0000	1.0134	0.0000	0.0000	0.0000	0.0000	0.0000	0.0000	0.0000	0.0000	0.0000	0.0000	0.0000	0.0000	0.0000	0.0000	0.0000	0.0000	0.0000	0.0000	0.0000	0.0000	0.0000	0.0000	0.0000	0.0000	0.0000	0.0000	0.0000	0.0000	0.0000	0.0000	0.0000	0.0000	0.0000	0.0000	0.0000	0.0000	0.0000	0.0000	0.0000	0.0000	0.0000	0.0000	0.0000	0.0000	0.0000	0.0000	0.0000	0.0000	0.0000	0.0000	0.0000	0.0000	0.0000	0.0000											
17	43	0.1014	8	1	0	1	1	0	0	0	0	N	N	N	N	N	N	N	N	N	N	N	N	0.0000	0.0000	0.0000	0.0000	0.0000	0.0000	0.0000	0.0000	0.0000	0.0000	0.0000	0.0000	0.0000	0.0000	0.0000	0.0000	0.0000	0.0000	0.0000	0.0000	0.0000	2.8187	0.0000	0.0347	0.0000	0.0000	0.0000	0.0000	0.0000	0.0000	0.0000	0.0000	0.0000	0.0000	0.0000	0.0000	0.0000	0.0000	0.0000	0.0000	0.0000	0.0000	0.0000	0.0000	0.0000	0.0000	0.0000	0.0000	0.0000	0.0000	0.0000	0.0000	0.0000	0.0000	0.0000	0.0000	0.0000	0.0000	0.0000	0.0000	0.0000	0.0000	0.0000	0.0000	0.0000	0.0000	0.0000	0.0000	0.0000	0.0000	0.0000	0.0000	0.0000	0.0000	0.0000	0.0000	0.0000	0.0000											
17	44	0.0887	7	1	0	1	0	0	0	0	0	N	N	N	N	N	N	N	N	N	N	N	N	0.0000	0.0000	0.0000	0.0000	0.0000	0.0000	0.0000	0.0000	0.0000	0.0000	0.0000	0.0000	0.0000	0.0000	0.0000	0.0000	0.0000	0.0000	0.0000	0.0000	0.0000	0.9605	0.0000	1.0076	0.0000	0.0000	0.0000	0.0000	0.0000	0.0000	0.0000	0.0000	0.0000	0.0000	0.0000	0.0000	0.0000	0.0000	0.0000	0.0000	0.0000	0.0000	0.0000	0.0000	0.0000	0.0000	0.0000	0.0000	0.0000	0.0000	0.0000	0.0000	0.0000	0.0000	0.0000	0.0000	0.0000	0.0000	0.0000	0.0000	0.0000	0.0000	0.0000	0.0000	0.0000	0.0000	0.0000	0.0000	0.0000	0.0000	0.0000	0.0000	0.0000	0.0000	0.0000	0.0000	0.0000	0.0000											
17	45	0.6440	10	1	1	2	1	0	0	0	0	N	N	Y	N	N	N	N	N	N	N	N	N	0.0000	0.0000	0.0000	0.0000	0.0000	0.0000	0.0000	0.0000	0.0000	0.0000	0.0000	0.0000	0.0000	0.0000	0.0000	0.0000	0.0000	0.0000	0.0000	0.0000	0.0000	1.0000	0.0000	1.0000	0.0000	0.0000	0.0000	0.0000	0.0000	0.0000	0.0000	0.0000	0.0000	0.0000	0.0000	0.0000	0.0000	0.0000	0.0000	0.0000	0.0000	0.0000	0.0000	0.0000	0.0000	0.0000	0.0000	0.0000	0.0000	0.0000	0.0000	0.0000	0.0000	0.0000	0.0000	0.0000	0.0000	0.0000	0.0000	0.0000	0.0000	0.0000	0.0000	0.0000	0.0000	0.0000	0.0000	0.0000	0.0000	0.0000	0.0000	0.0000	0.0000	0.0000	0.0000	0.0000	0.0000	0.0000											
17	46	0.0347	4	1	1	1	0	0	0	0	0	N	N	N	N	N	N	N	N	N	N	N	N	0.0000	0.0000	0.0000	0.0000	0.0000	0.0000	0.0000	0.0000	0.0000	0.0000	0.0000	0.0000	0.0000	0.0000	0.0000	0.0000	0.0000	0.0000	0.0000	0.0000	0.0000	0.0000	0.0000	0.0000	0.0000	0.0000	0.0000	0.0000	0.0000	0.0000	0.0000	0.0000	0.0000	0.0000	0.0000	0.0000	0.0000	0.0000	0.0000	0.0000	0.0000	0.0000	0.0000	0.0000	0.0000	0.0000	0.0000	0.0000	0.0000	0.0000	0.0000	0.0000	0.0000	0.0000	0.0000	0.0000	0.0000	0.0000	0.0000	0.0000	0.0000	0.0000	0.0000	0.0000	0.0000	0.0000	0.0000	0.0000	0.0000	0.0000	0.0000	0.0000	0.0000	0.0000	0.0000	0.0000	0.0000	0.0000											
17	47	0.0887	7	1	1	1	1	0	0	0	0	N	N	N	N	N	N	N	N	N	N	N	N	0.0000	0.0000	0.0000	0.0000	0.0000	0.0000	0.0000	0.0000	0.0000	0.0000	0.0000	0.0000	0.0000	0.0000	0.0000	0.0000	0.0000	0.0000	0.0000	0.0000	0.0000	0.0000	0.0000	1.0000	0.0000	0.0000	0.0000	0.0000	0.0000	0.0000	0.0000	0.0000	0.0000	0.0000	0.0000	0.0000	0.0000	0.0000	0.0000	0.0000	0.0000	0.0000	0.0000	0.0000	0.0000	0.0000	0.0000	0.0000	0.0000	0.0000	0.0000	0.0000	0.0000	0.0000	0.0000	0.0000	0.0000	0.0000	0.0000	0.0000	0.0000	0.0000	0.0000	0.0000	0.0000	0.0000	0.0000	0.0000	0.0000	0.0000	0.0000	0.0000	0.0000	0.0000	0.0000	0.0000	0.0000	0.0000											
17	48	0.0347	4	2	1	1	0	0	0	0	0	Y	N	N	N	N	N	N	N	N	N	N	N	0.0000	0.0000	0.0000	0.0000	0.0000	0.0000	0.0000	0.0000	0.0000	0.0000	0.0000	0.0000	0.0000	0.0000	0.0000	0.0000	0.0000	0.0000	0.0000	0.0000	0.0000	0.0000	0.0000	4.0000	0.0000	0.0000	0.0000	0.0000	0.0000	0.0000	0.0000	0.0000	0.0000	0.0000	0.0000	0.0000	0.0000	0.0000	0.0000	0.0000	0.0000	0.0000	0.0000	0.0000	0.0000	0.0000	0.0000	0.0000	0.0000	0.0000	0.0000	0.0000	0.0000	0.0000	0.0000	0.0000	0.0000	0.0000	0.0000	0.0000	0.0000	0.0000	0.0000	0.0000	0.0000	0.0000	0.0000	0.0000	0.0000	0.0000	0.0000	0.0000	0.0000	0.0000	0.0000	0.0000	0.0000	0.0000											
17	49	0.1094	8	1	0	2	0	0	0	0	0	N	N	Y	N	N	N	N	N	N	N	N	N	0.0000	0.0000	0.0000	0.0000	0.0000	0.0000	0.0000	0.0000	0.0000	0.0000	0.0000	0.0000	0.0000	0.0000	0.0000	0.0000	0.0000	0.0000	0.0000	0.0000	0.0000	0.0000	0.0000	0.0000	0.0000	0.0000	0.0000	0.0000	0.0000	0.0000	0.0000	0.0000	0.0000	0.0000	0.0000	0.0000	0.0000	0.0000	0.0000	0.0000	0.0000	0.0000	0.0000	0.0000	0.0000	0.0000	0.0000	0.0000	0.0000	0.0000	0.0000	0.0000	0.0000	0.0000	0.0000	0.0000	0.0000	0.0000	0.0000	0.0000	0.0000	0.0000	0.0000	0.0000	0.0000	0.0000	0.0000	0.0000	0.0000	0.0000	0.0000	0.0000	0.0000	0.0000	0.0000	0.0000	0.0000	0.0000											
17	50	0.6531	9	1	0	2	0	0	0	0	0	N	N	Y	N	N	N	N	N	N	N	N	N	0.0000	0.0000	0.0000	0.0000	0.0000	0.0000	0.0000	0.0000	0.0000	0.0000	0.0000	0.0000	0.0000	0.0000	0.0000	0.0000	0.0000	0.0000	0.0000	0.0000	0.0000	1.0000	0.0000	1.0000	0.0000	0.0000	0.0000	0.0000	0.0000	0.0000	0.0000	0.0000	0.0000	0.0000	0.0000	0.0000	0.0000	0.0000	0.0000	0.0000	0.0000	0.0000	0.0000	0.0000	0.0000	0.0000	0.0000	0.0000	0.0000	0.0000	0.0000	0.0000	0.0000	0.0000	0.0000	0.0000	0.0000	0.0000	0.0000	0.0000	0.0000	0.0000	0.0000	0.0000	0.0000	0.0000	0.0000	0.0000	0.0000	0.0000	0.0000	0.0000	0.0000	0.0000	0.0000	0.0000	0.0000	0.0000											
17	51	0.6576	9	1	1	1	0	0	0	0	0	N	N	N	N	N	N	N	N	N	N	N	N	0.0000	0.0000	0.0000	0.0000	0.0000	0.0000	0.0000	0.0000	0.0000	0.0000	0.0000	0.0000	0.0000	0.0000	0.0000	0.0000	0.0000	0.0000	0.0000	0.0000	0.0000	0.0003	0.0000	0.9690	0.0000	0.0000	0.0000	0.0000	0.0000	0.0000	0.0000	0.0000	0.0000	0.0000	0.0000	0.0000	0.0000	0.0000	0.0000	0.0000	0.0000	0.0000	0.0000	0.0000	0.0000	0.0000	0.0000	0.0000	0.0000	0.0000	0.0000	0.0000	0.0000	0.0000	0.0000	0.0000	0.0000	0.0000	0.0000	0.0000	0.0000	0.0000	0.0000	0.0000	0.0000	0.0000	0.0000	0.0000	0.0000	0.0000	0.0000	0.0000	0.0000	0.0000	0.0000	0.0000	0.0000	0.0000											
17	52	0.1127	8	1	1	1	0	0	0	0	0	N	N	N	N	N	N	N	N	N	N	N	N	0.0000	0.0000	0.0000	0.0000	0.0000	0.0000	0.0000	0.0000	0.0000	0.0000	0.0000	0.0000	0.0000	0.0000	0.0000	0.0000	0.0000	0.0000	0.0000	0.0000	0.0000	0.9211	0.0000	0.1671	0.0000	0.0000	0.0000	0.0000	0.0000	0.0000	0.0000	0.0000	0.0000	0.0000	0.0000	0.0000	0.0000	0.0000	0.0000	0.0000	0.0000	0.0000	0.0000	0.0000	0.0000	0.0000	0.0000	0.0000	0.0000	0.0000	0.0000	0.0000	0.0000	0.0000	0.0000	0.0000	0.0000	0.0000	0.0000	0.0000	0.0000	0.0000	0.0000	0.0000	0.0000	0.0000	0.0000	0.0000	0.0000	0.0000	0.0000	0.0000	0.0000	0.0000	0.0000	0.0000	0.0000	0.0000											
17	53	0.6440	10	1	1	1	0	0	0	0	0	N	N	N	N	N	N	N	N	N	N	N	N	0.0000	0.0000	0.0000	0.0000	0.0000	0.0000	0.0000	0.0000	0.0000	0.0000	0.0000	0.0000	0.0000	0.0000	0.0000	0.0000	0.0000	0.0000	0.0000	0.0000	0.0000	1.0000	0.0000	5.0000	0.0000	0.0000	0.0000	0.0000	0.0000	0.0000	0.0000	0.0000	0.0000	0.0000	0.0000	0.0000	0.0000	0.0000	0.0000	0.0000	0.0000	0.0000	0.0000	0.0000	0.0000	0.0000	0.0000	0.0000	0.0000	0.0000	0.0000	0.0000	0.0000	0.0000	0.0000	0.0000	0.0000	0.0000	0.0000	0.0000	0.0000	0.0000	0.0000	0.0000	0.0000	0.0000	0.0000	0.0000	0.0000	0.0000	0.0000	0.0000	0.0000	0.0000	0.0000	0.0000	0.0000	0.0000											
17	54	0.6288	9	1	0	1	0	0	0	0	0	N	N	N	N	N	N	N	N	N	N	N	N	0.0000	0.0000	0.0000	0.0000	0.0000	0.0000	0.0000	0.0000	0.0000	0.0000	0.0000	0.0000	0.0000	0.0000	0.0000	0.0000	0.0000	0.0000	0.0000	0.0000	0.0000	0.0000	0.0000	2.9157	0.0000	0.0000	0.0000	0.0000	0.0000	0.0000	0.0000	0.0000	0.0000	0.0000	0.0000	0.0000	0.0000	0.0000	0.0000	0.0000	0.0000	0.0000	0.0000	0.0000	0.0000	0.0000	0.0000	0.0000	0.0000	0.0000	0.0000	0.0000	0.0000	0.0000	0.0000	0.0000	0.0000	0.0000	0.0000	0.0000	0.0000	0.0000	0.0000	0.0000	0.0000	0.0000	0.0000	0.0000	0.0000	0.0000	0.0000	0.0000	0.0000	0.0000	0.0000	0.0000	0.0000	0.0000											
17	55	0.0887	7	1	1	1	0	0	0	0	0	N	N	N	N	N	N	N	N	N	N	N	N	0.0000	0.0000	0.0000	0.0000	0.0000	0.0000	0.0000	0.0000	0.0000	0.0000	0.0000	0.0000	0.0000	0.0000	0.0000	0.0000	0.0000	0.0000	0.0000	0.0000	0.0000	2.0000	0.0000	3.0000	0.0000	0.0000	0.0000	0.0000	0.0000	0.0000	0.0000	0.0000	0.0000	0.0000	0.0000	0.0000	0.0000	0.0000	0.0000	0.0000	0.0000	0.0000	0.0000	0.0000	0.0000	0.0000	0.0000	0.0000	0.0000	0.0000	0.0000	0.0000	0.0000	0.0000	0.0000	0.0000	0.0000	0.0000	0.0000	0.0000	0.0000	0.0000	0.0000	0.0000	0.0000	0.0000	0.0000	0.0000	0.0000	0.0000	0.0000	0.0000	0.0000	0.0000	0.0000	0.0000	0.0000	0.0000											
17	56	0.6210	8	1	1	1	1	0	0	0	0	N	N	N	N	N	N	N	N	N	N	N	N	0.0000	0.0000	0.0000	0.0000	0.0000	0.0000	0.0000	0.0000	0.0000	0.0000	0.0000	0.0000	0.0000	0.0000	0.0000	0.0000	0.0000	0.0000	0.0000	0.0000	0.0000	1.7218	0.0000	6.9557	0.0000	0.0000	0.0000	0.0000	0.0000	0.0000	0.0000	0.0000	0.0000	0.0000	0.0000	0.0000	0.0000	0.0000	0.0000	0.0000	0.0000	0.0000	0.0000	0.0000	0.0000	0.0000	0.0000	0.0000	0.0000	0.0000	0.0000	0.0000	0.0000	0.0000	0.0000	0.0000	0.0000	0.0000	0.0000	0.0000	0.0000	0.0000	0.0000	0.0000	0.0000	0.0000	0.0000	0.0000	0.0000	0.0000	0.0000	0.0000	0.0000	0.0000	0.0000	0.0000	0.0000	0.0000											
17	57	0.6321	8	2	0	2	0	0	0	0	0	Y	N	Y	N	N	N	N	N	N	N	N	N	0.0000	0.0000	0.0000	0.0000	0.0000	0.0000	0.0000	0.0000	0.0000	0.0000	0.0000	0.0000	0.0000	0.0000	0.0000	0.0000	0.0000	0.0000	0.0000	0.0000	0.0000	8.9999	0.0000	5.0001	0.0000	0.0000	0.0000	0.0000	0.0000	0.0000	0.0000	0.0000	0.0000	0.0000	0.0000	0.0000	0.0000	0.0000	0.0000	0.0000	0.0000	0.0000	0.0000	0.0000	0.0000	0.0000	0.0000	0.0000	0.0000	0.0000	0.0000	0.0000	0.0000	0.0000	0.0000	0.0000	0.0000	0.0000	0.0000	0.0000	0.0000	0.0000	0.0000	0.0000	0.0000	0.0000	0.0000	0.0000	0.0000	0.0000	0.0000	0.0000	0.0000	0.0000	0.0000	0.0000	0.0000	0.0000											
17	58	0.0347	4	2	0	2	0	0	0	0	0	Y	N	Y	N	N	N	N	N	N	N	N	N	0.0000	0.0000	0.0000	0.0000	0.0000	0.0000	0.0000	0.0000	0.0000	0.0000	0.0000	0.0000	0.0000	0.0000	0.0000	0.0000	0.0000	0.0000	0.0000	0.0000	0.0000	0.0000	0.0000	1.0000	0.0000	0.0000	0.0000	0.0000	0.0000	0.0000	0.0000	0.0000	0.0000	0.0000	0.0000	0.0000	0.0000	0.0000	0.0000	0.0000	0.0000	0.0000	0.0000	0.0000	0.0000	0.0000	0.0000	0.0000	0.0000	0.0000	0.0000	0.0000	0.0000	0.0000	0.0000	0.0000	0.0000	0.0000	0.0000	0.0000	0.0000	0.0000	0.0000	0.0000	0.0000	0.0000	0.0000	0.0000	0.0000	0.0000	0.0000	0.0000	0.0000	0.0000	0.0000	0.0000	0.0000	0.0000											
17	59	0.6576	9	1	0	2	0	0	0	0	0	N	N	Y	N	N	N	N	N	N	N	N	N	0.0000	0.0000	0.0000	0.0000	0.0000	0.0000	0.0000	0.0000	0.0000	0.0000	0.0000	0.0000	0.0000	0.0000	0.0000	0.0000	0.0000	0.0000	0.0000	0.0000	0.0000	0.0006	0.0000	1.1867	0.0000	0.0000	0.0000	0.0000	0.0000	0.0000	0.0000	0.0000	0.0000	0.0000	0.0000	0.0000	0.0000	0.0000	0.0000	0.0000	0.0000	0.0000	0.0000	0.0000	0.0000	0.0000	0.0000	0.0000	0.0000	0.0000	0.0000	0.0000	0.0000	0.0000	0.0000	0.0000	0.0000	0.0000	0.0000	0.0000	0.0000	0.0000	0.0000	0.0000	0.0000	0.0000	0.0000	0.0000	0.0000	0.0000	0.0000	0.0000	0.0000	0.0000	0.0000	0.0000	0.0000	0.0000											
17	60	0.6210	8	1	0	1	0	0	0	0	0	N	N	N	N	N	N	N	N	N	N	N	N	0.0000	0.0000	0.0000	0.0000	0.0000	0.0000	0.0000	0.0000	0.0000	0.0000	0.0000	0.0000	0.0000	0.0000	0.0000	0.0000	0.0000	0.0000	0.0000	0.0000	0.0000	2.2785	0.0000	4.8627	0.0000	0.0000	0.0000	0.0000	0.0000	0.0000	0.0000	0.0000	0.0000	0.0000	0.0000	0.0000	0.0000	0.0000	0.0000	0.0000	0.0000	0.0000	0.0000	0.0000	0.0000	0.0000	0.0000	0.0000	0.0000	0.0000	0.0000	0.0000	0.0000	0.0000	0.0000	0.0000	0.0000	0.0000	0.0000	0.0000	0.0000	0.0000	0.0000	0.0000	0.0000	0.0000	0.0000	0.0000	0.0000	0.0000	0.0000	0.0000	0.0000	0.0000	0.0000	0.0000	0.0000	0.0000											
17	61	0.1127	8	1	0	2	0	0	0	0	0	N	N	Y	N	N	N	N	N	N	N	N	N	0.0000	0.0000	0.0000	0.0000	0.0000	0.0000	0.0000	0.0000	0.0000	0.0000	0.0000	0.0000	0.0000	0.0000	0.0000	0.0000	0.0000	0.0000	0.0000	0.0000	0.0000	1.0901	0.0000	7.9319	0.0000	0.0000	0.0000	0.0000	0.0000	0.0000	0.0000	0.0000	0.0000	0.0000	0.0000	0.0000	0.0000	0.0000	0.0000	0.0000	0.0000	0.0000	0.0000	0.0000	0.0000	0.0000	0.0000	0.0000	0.0000	0.0000	0.0000	0.0000	0.0000	0.0000	0.0000	0.0000	0.0000	0.0000	0.0000	0.0000	0.0000	0.0000	0.0000	0.0000	0.0000	0.0000	0.0000	0.0000	0.0000	0.0000	0.0000	0.0000	0.0000	0.0000	0.0000	0.0000	0.0000	0.0000											
17	62	0.0826	7	1	0	1	0	0	0	0	0	N	N	N	N	N	N	N	N	N	N	N	N	0.0000	0.0000	0.0000	0.0000	0.0000	0.0000	0.0000	0.0000	0.0000	0.0000	0.0000	0.0000	0.0000	0.0000	0.0000	0.0000	0.0000	0.0000	0.0000	0.0000	0.0000	1.6797	0.0000	2.9843	0.0000	0.0000	0.0000	0.0000	0.0000	0.0000	0.0000	0.0000	0.0000	0.0000	0.0000	0.0000	0.0000	0.0000	0.0000	0.0000	0.0000	0.0000	0.0000	0.0000	0.0000	0.0000	0.0000	0.0000	0.0000	0.0000	0.0000	0.0000	0.0000	0.0000	0.0000	0.0000	0.0000	0.0000	0.0000	0.0000	0.0000	0.0000	0.0000	0.0000	0.0000	0.0000	0.0000	0.0000	0.0000	0.0000	0.0000	0.0000	0.0000	0.0000	0.0000	0.0000	0.0000	0.0000											
17	63	0.0725	6	1	0	1	0	0	0	0	0	N	N	N	N	N	N	N	N	N	N	N	N	0.0000	0.0000	0.0000	0.0000	0.0000	0.0000	0.0000	0.0000	0.0000	0.0000	0.0000	0.0000	0.0000	0.0000	0.0000	0.0000	0.0000	0.0000	0.0000	0.0000	0.0000	0.4935	0.0000	1.5835	0.0000	0.0000	0.0000	0.0000	0.0000	0.0000	0.0000	0.0000	0.0000	0.0000	0.0000	0.0000	0.0000	0.0000	0.0000	0.0000	0.0000	0.0000	0.0000	0.0000	0.0000	0.0000	0.0000	0.0000	0.0000	0.0000	0.0000	0.0000	0.0000	0.0000	0.0000	0.0000	0.0000	0.0000	0.0000	0.0000	0.0000	0.0000	0.0000	0.0000	0.0000	0.0000	0.0000	0.0000	0.0000	0.0000	0.0000	0.0000	0.0000	0.0000	0.0000	0.0000	0.0000	0.0000											
17	64	0.1094	8	1	1	1	0	0	0	0	0	N	N	N	N	N	N	N	N	N	N	N	N	0.0000	0.0000	0.0000	0.0000	0.0000	0.0000	0.0000	0.0000	0.0000	0.0000	0.0000	0.0000	0.0000	0.0000	0.0000	0.0000	0.0000	0.0000	0.0000	0.0000	0.0000	0.2944	0.0000	1.0083	0.0000	0.0000	0.0000	0.0000	0.0000	0.0000	0.0000	0.0000	0.0000	0.0000	0.0000	0.0000	0.0000	0.0000	0.0000	0.0000	0.0000	0.0000	0.0000	0.0000	0.0000	0.0000	0.0000	0.0000	0.0000	0.0000	0.0000	0.0000	0.0000	0.0000	0.0000	0.0000	0.0000	0.0000	0.0000	0.0000	0.0000	0.0000	0.0000	0.0000	0.0000	0.0000	0.0000	0.0000	0.0000	0.0000	0.0000	0.0000	0.0000	0.0000	0.0000	0.0000	0.0000	0.0000											
17	65	0.0887	7	1	0	1	0	0	0	0	0	N	N	N	N	N	N	N	N	N	N	N	N	0.0000	0.0000	0.0000	0.0000	0.0000	0.0000	0.0000	0.0000	0.0000	0.0000	0.0000	0.0000	0.0000	0.0000	0.0000	0.0000	0.0000	0.0000	0.0000	0.0000	0.0000	1.1351	0.0000	2.0429	0.0000	0.0000	0.0000	0.0000	0.0000	0.0000	0.0000	0.0000	0.0000	0.0000	0.0000	0.0000	0.0000	0.0000	0.0000	0.0000	0.0000	0.0000	0.0000	0.0000	0.0000	0.0000	0.0000	0.0000	0.0000	0.0000	0.0000	0.0000	0.0000	0.0000	0.0000	0.0000	0.0000	0.0000	0.0000	0.0000	0.0000	0.0000	0.0000	0.0000	0.0000	0.0000	0.0000	0.0000	0.0000	0.0000	0.0000	0.0000	0.0000	0.0000	0.0000	0.0000	0.0000	0.0000											
17	66	0.0725	6	1	0	1	0	0	0	0	0	N	N	N	N	N	N	N	N	N	N	N	N	0.0000	0.0000	0.0000	0.0000	0.0000	0.0000	0.0000	0.0000	0.0000	0.0000	0.0000	0.0000	0.0000	0.0000	0.0000	0.0000	0.0000	0.0000	0.0000	0.0000	0.0000	0.4912	0.0000	2.4266	0.0000	0.0000	0.0000	0.0000	0.0000	0.0000	0.0000	0.0000	0.0000	0.0000	0.0000	0.0000	0.0000	0.0000	0.0000	0.0000	0.0000	0.0000	0.0000	0.0000	0.0000	0.0000	0.0000	0.0000	0.0000	0.0000	0.0000	0.0000	0.0000	0.0000	0.0000	0.0000	0.0000	0.0000	0.0000	0.0000	0.0000	0.0000	0.0000	0.0000	0.0000	0.0000	0.0000	0.0000	0.0000	0.0000	0.0000	0.0000	0.0000	0.0000	0.0000	0.0000	0.0000	0.0000											
17	67	0.0674	5	1	0	1	0	0	0	0	0	N	N	N	N	N	N	N	N	N	N	N	N	0.0000	0.0000	0.0000	0.0000	0.0000	0.0000	0.0000	0.0000	0.0000	0.0000	0.0000	0.0000	0.0000	0.0000	0.0000	0.0000	0.0000	0.0000	0.0000	0.0000	0.0000	0.6141	0.0000	1.2701	0.0000	0.0000	0.0000	0.0000	0.0000	0.0000	0.0000	0.0000	0.0000	0.0000	0.0000	0.0000	0.0000	0.0000	0.0000	0.0000	0.0000	0.0000	0.0000	0.0000	0.0000	0.0000	0.0000	0.0000	0.0000	0.0000	0.0000	0.0000	0.0000	0.0000	0.0000	0.0000	0.0000	0.0000	0.0000	0.0000	0.0000	0.0000	0.0000	0.0000	0.0000	0.0000	0.0000	0.0000	0.0000	0.0000	0.0000	0.0000	0.0000	0.0000	0.0000	0.0000	0.0000	0.0000											
17	68	0.0347	4	2	1	2	0	0	0	0	0	Y	N	Y	N	N	N	N	N	N	N	N	N	0.0000	0.0000	0.0000	0.0000	0.0000	0.0000	0.0000	0.0000	0.0000	0.0000	0.0000	0.0000	0.0000	0.0000	0.0000	0.0000	0.0000	0.0000	0.0000	0.0000	0.0000	0.0000	0.0000	0.0000	0.0000	0.0000	0.0000	0.0000	0.0000	0.0000	0.0000	0.0000	0.0000	0.0000	0.0000	0.0000	0.0000	0.0000	0.0000	0.0000	0.0000	0.0000	0.0000	0.0000	0.0000	0.0000	0.0000	0.0000	0.0000	0.0000	0.0000	0.0000	0.0000	0.0000	0.0000	0.0000	0.0000	0.0000	0.0000	0.0000	0.0000	0.0000	0.0000	0.0000	0.0000	0.0000	0.0000	0.0000	0.0000	0.0000	0.0000	0.0000	0.0000	0.0000	0.0000	0.0000	0.0000	0.0000											
17	69	0.6774	10	2	1	2	0	0	0	0	0	Y	N	Y	N	N	N	N	N	N	N	N	N	0.0000	0.0000	0.0000	0.0000	0.0000	0.0000	0.0000	0.0000	0.0000	0.0000	0.0000	0.0000	0.0000	0.0000	0.0000	0.0000	0.0000	0.0000	0.0000	0.0000	0.0000	1.0000	0.0000	0.0000	0.0000	0.0000	0.0000	0.0000	0.0000	0.0000	0.0000	0.0000	0.0000	0.0000	0.0000	0.0000	0.0000	0.0000	0.0000	0.0000	0.0000	0.0000	0.0000	0.0000	0.0000	0.0000	0.0000	0.0000	0.0000	0.0000	0.0000	0.0000	0.0000	0.0000	0.0000	0.0000	0.0000	0.0000	0.0000	0.0000	0.0000	0.0000	0.0000	0.0000	0.0000	0.0000	0.0000	0.0000	0.0000	0.0000	0.0000	0.0000	0.0000	0.0000	0.0000	0.0000	0.0000	0.0000											
17	70	0.6774	10	2	1	2	0	0	0	0	0	Y	N	Y	N	N	N	N	N	N	N	N	N	0.0000	0.0000	0.0000	0.0000	0.0000	0.0000	0.0000	0.0000	0.0000	0.0000	0.0000	0.0000	0.0000	0.0000	0.0000	0.0000	0.0000	0.0000	0.0000	0.0000	0.0000	0.0000	0.0000	0.0000	0.0000	0.0000	0.0000	0.0000	0.0000	0.0000	0.0000	0.0000	0.0000	0.0000	0.0000	0.0000	0.0000	0.0000	0.0000	0.0000	0.0000	0.0000	0.0000	0.0000	0.0000	0.0000	0.0000	0.0000	0.0000	0.0000	0.0000	0.0000	0.0000	0.0000	0.0000	0.0000	0.0000	0.0000	0.0000	0.0000	0.0000	0.0000	0.0000	0.0000	0.0000	0.0000	0.0000	0.0000	0.0000	0.0000	0.0000	0.0000	0.0000	0.0000	0.0000	0.0000	0.0000	0.0000											
17	71	0.6551	9	2	1	2	0	0	0	0	0	Y	N	Y	N	N	N	N	N	N	N	N	N	0.0000	0.0000	0.0000	0.0000	0.0000	0.0000	0.0000	0.0000	0.0000	0.0000	0.0000	0.0000	0.0000	0.0000	0.0000	0.0000	0.0000	0.0000	0.0000	0.0000	0.0000	2.0000	0.0000	1.0000	0.0000	0.0000	0.0000	0.0000	0.0000	0.0000	0.0000	0.0000	0.0000	0.0000	0.0000	0.0000	0.0000	0.0000	0.0000	0.0000	0.0000	0.0000	0.0000	0.0000	0.0000	0.0000	0.0000	0.0000	0.0000	0.0000	0.0000	0.0000	0.0000	0.0000	0.0000	0.0000	0.0000	0.0000	0.0000	0.0000	0.0000	0.0000	0.0000	0.0000	0.0000	0.0000	0.0000	0.0000	0.0000	0.0000	0.0000	0.0000	0.0000	0.0000	0.0000	0.0000	0.0000	0.0000											
17	72	0.6321	8	2	0	2	0	0	0	0	0	Y	N	Y	N	N	N	N	N	N	N	N	N	0.0000	0.0000	0.0000	0.0000	0.0000	0.0000	0.0000	0.0000	0.0000	0.0000	0.0000	0.0000	0.0000	0.0000	0.0000	0.0000	0.0000	0.0000	0.0000	0.0000	0.0000	1.0017	0.0000	2.0007	0.0000	0.0000	0.0000	0.0000	0.0000	0.0000	0.0000	0.0000	0.0000	0.0000	0.0000	0.0000	0.0000	0.0000	0.0000	0.0000	0.0000	0.0000	0.0000	0.0000	0.0000	0.0000	0.0000	0.0000	0.0000	0.0000	0.0000	0.0000	0.0000	0.0000	0.0000	0.0000	0.0000	0.0000	0.0000	0.0000	0.0000	0.0000	0.0000	0.0000	0.0000	0.0000	0.0000	0.0000	0.0000	0.0000	0.0000	0.0000	0.0000	0.0000	0.0000	0.0000	0.0000	0.0000											
17	73	0.0539	5	2	1	1	0	0	0	0	0	Y	N	N	N	N	N	N	N	N	N	N	N	0.0000	0.0000	0.0000	0.0000	0.0000	0.0000	0.0000	0.0000	0.0000	0.0000	0.0000	0.0000	0.0000	0.0000	0.0000	0.0000	0.0000	0.0000	0.0000	0.0000	0.0000	0.0000	0.0000	0.0000	0.0000	0.0000	0.0000	0.0000	0.0000	0.0000	0.0000	0.0000	0.0000	0.0000	0.0000	0.0000	0.0000	0.0000	0.0000	0.0000	0.0000	0.0000	0.0000	0.0000	0.0000	0.0000	0.0000	0.0000	0.0000	0.0000	0.0000	0.0000	0.0000	0.0000	0.0000	0.0000	0.0000	0.0000	0.0000	0.0000	0.0000	0.0000	0.0000	0.0000	0.0000	0.0000	0.0000	0.0000	0.0000	0.0000	0.0000	0.0000	0.0000	0.0000	0.0000	0.0000	0.0000	0.0000											
17	74	0.6591	9	2	1	1	0	0	0	0	0	Y	N	N	N	N	N	N	N	N	N	N	N	0.0000	0.0000	0.0000	0.0000	0.0000	0.0000	0.0000	0.0000	0.0000	0.0000	0.0000	0.0000	0.0000	0.0000	0.0000	0.0000	0.0000	0.0000	0.0000	0.0000	0.0000	0.0000	0.0000	0.0010	0.0000	0.0000	0.0000	0.0000	0.0000	0.0000	0.0000	0.0000	0.0000	0.0000	0.0000	0.0000	0.0000	0.0000	0.0000	0.0000	0.0000	0.0000	0.0000	0.0000	0.0000	0.0000	0.0000	0.0000	0.0000	0.0000	0.0000	0.0000	0.0000	0.0000	0.0000	0.0000	0.0000	0.0000	0.0000	0.0000	0.0000	0.0000	0.0000	0.0000	0.0000	0.0000	0.0000	0.0000	0.0000	0.0000	0.0000	0.0000	0.0000	0.0000	0.0000	0.0000	0.0000	0.0000											
17	75	0.6482	11	1	1	1	1	0	0	0	0	N	N	N	N	N	N	N	N	N	N	N	N	0.0000	0.0000	0.0000	0.0000	0.0000	0.0000	0.0000	0.0000	0.0000	0.0000	0.0000	0.0000	0.0000	0.0000	0.0000	0.0000	0.0000	0.0000	0.0000	0.0000	0.0000	0.0000	0.0000	0.0000	0.0000	0.0000	0.0000	0.0000	0.0000	0.0000	0.0000	0.0000	0.0000	0.0000	0.0000	0.0000	0.0000	0.0000	0.0000	0.0000	0.0000	0.0000	0.0000	0.0000	0.0000	0.0000	0.0000	0.0000	0.0000	0.0000	0.0000	0.0000	0.0000	0.0000	0.0000	0.0000	0.0000	0.0000	0.0000	0.0000	0.0000	0.0000	0.0000	0.0000	0.0000	0.0000	0.0000	0.0000	0.0000	0.0000	0.0000	0.0000	0.0000	0.0000	0.0000	0.0000	0.0000	0.0000											
17	76	0.6482	11	1	0	1	1	0	0	0	0	N	N	N	N	N	N	N	N	N	N	N	N	0.0000	0.0000	0.0000	0.0000	0.0000	0.0000	0.0000	0.0000	0.0000	0.0000	0.0000	0.0000	0.0000	0.0000	0.0000	0.0000	0.0000	0.0000	0.0000	0.0000	0.0000	0.0000	0.0000	0.0000	0.0000	0.0000	0.0000	0.0000	0.0000	0.0000	0.0000	0.0000	0.0000	0.0000	0.0000	0.0000	0.0000	0.0000	0.0000	0.0000	0.0000	0.0000	0.0000	0.0000	0.0000	0.0000	0.0000	0.0000	0.0000	0.0000	0.0000	0.0000	0.0000	0.0000	0.0000	0.0000	0.0000	0.0000	0.0000	0.0000	0.0000	0.0000	0.0000	0.0000	0.0000	0.0000	0.0000	0.0000	0.0000	0.0000	0.0000	0.0000	0.0000	0.0000	0.0000	0.0000	0.0000	0.0000											
17	77	0.6329	10	1	0	1	1	0	0	0	0	N	N	N	N	N	N	N	N	N	N	N	N	0.0000	0.0000	0.0000	0.0000	0.0000	0.0000	0.0000	0.0000	0.0000	0.0000	0.0000	0.0000	0.0000	0.0000	0.0000	0.0000	0.0000	0.0000	0.0000	0.0000	0.0000	0.0002	0.0000	2.9297	0.0000	0.0000	0.0000	0.0000	0.0000	0.0000	0.0000	0.0000	0.0000	0.0000	0.0000	0.0000	0.0000	0.0000	0.0000	0.0000	0.0000	0.0000	0.0000	0.0000	0.0000	0.0000	0.0000	0.0000	0.0000	0.0000	0.0000	0.0000	0.0000	0.0000	0.0000	0.0000	0.0000	0.0000	0.0000	0.0000	0.0000	0.0000	0.0000	0.0000	0.0000	0.0000	0.0000	0.0000	0.0000	0.0000	0.0000	0.0000	0.0000	0.0000	0.0000	0.0000	0.0000	0.0000											
17	78	0.6288	9	1	0	1	1	0	0	0	0	N	N	N	N	N	N	N	N	N	N	N	N	0.0000	0.0000	0.0000	0.0000	0.0000	0.0000	0.0000	0.0000	0.0000	0.0000	0.0000	0.0000	0.0000	0.0000	0.0000	0.0000	0.0000	0.0000	0.0000	0.0000	0.0000	0.0003	0.0000	2.1916	0.0000	0.0000	0.0000	0.0000	0.0000	0.0000	0.0000	0.0000	0.0000	0.0000	0.0000	0.0000	0.0000	0.0000	0.0000	0.0000	0.0000	0.0000	0.0000	0.0000	0.0000	0.0000	0.0000	0.0000	0.0000	0.0000	0.0000	0.0000	0.0000	0.0000	0.0000	0.0000	0.0000	0.0000	0.0000	0.0000	0.0000	0.0000	0.0000	0.0000	0.0000	0.0000	0.0000	0.0000	0.0000	0.0000	0.0000	0.0000	0.0000	0.0000	0.0000	0.0000	0.0000	0.0000											
17	79	0.6210	8	1	0	1	0	0	0	0	0	N	N	N	N	N	N	N	N	N	N	N	N	0.0000	0.0000	0.0000	0.0000	0.0000	0.0000	0.0000	0.0000	0.0000	0.0000	0.0000	0.0000	0.0000	0.0000	0.0000	0.0000	0.0000	0.0000	0.0000	0.0000	0.0000	0.2782	0.0000	1.3600	0.0000	0.0000	0.0000	0.0000	0.0000	0.0000	0.0000	0.0000	0.0000	0.0000	0.0000	0.0000	0.0000	0.0000	0.0000	0.0000	0.0000	0.0000	0.0000	0.0000	0.0000	0.0000	0.0000	0.0000	0.0000	0.0000	0.0000	0.0000	0.0000	0.0000	0.0000	0.0000	0.0000	0.0000	0.0000	0.0000	0.0000	0.0000	0.0000	0.0000	0.0000	0.0000	0.0000	0.0000	0.0000	0.0000	0.0000	0.0000	0.0000	0.0000	0.0000	0.0000	0.0000	0.0000											
17	80	0.6647	10	1	1	2	0	0	0	0	0	N	N	Y	N	N	N	N	N	N	N	N	N	0.0000	0.0000	0.0000	0.0000	0.0000	0.0000	0.0000	0.0000	0.0000	0.0000	0.0000	0.0000	0.0000	0.0000	0.0000	0.0000	0.0000	0.0000	0.0000	0.0000	0.0000	0.0029	0.0000	2.0135	0.0000	0.0000	0.0000	0.0000	0.0000	0.0000	0.0000	0.0000	0.0000	0.0000	0.0000	0.0000	0.0000	0.0000	0.0000	0.0000	0.0000	0.0000	0.0000	0.0000	0.0000	0.0000	0.0000	0.0000	0.0000	0.0000	0.0000	0.0000	0.0000	0.0000	0.0000	0.0000	0.0000	0.0000	0.0000	0.0000	0.0000	0.0000	0.0000	0.0000	0.0000	0.0000	0.0000	0.0000	0.0000	0.0000	0.0000	0.0000	0.0000	0.0000	0.0000	0.0000	0.0000	0.0000											
17	81	0.6581	9	1	1	1	0	0	0	0	0	N	N	N	N	N	N	N	N	N	N	N	N	0.0000	0.0000	0.0000	0.0000	0.0000	0.0000	0.0000	0.0000	0.0000	0.0000	0.0000	0.0000	0.0000	0.0000	0.0000	0.0000	0.0000	0.0000	0.0000	0.0000	0.0000	0.6188	0.0000	0.9475	0.0000	0.0000	0.0000	0.0000	0.0000	0.0000	0.0000	0.0000	0.0000	0.0000	0.0000	0.0000	0.0000	0.0000	0.0000	0.0000	0.0000	0.0000	0.0000	0.0000	0.0000	0.0000	0.0000	0.0000	0.0000	0.0000	0.0000	0.0000	0.0000	0.0000	0.0000	0.0000	0.0000	0.0000	0.0000	0.0000	0.0000	0.0000	0.0000	0.0000	0.0000	0.0000	0.0000	0.0000	0.0000	0.0000	0.0000	0.0000	0.0000	0.0000	0.0000	0.0000	0.0000	0.0000											
17	82	0.0571	5	1	1	2	0	0	0	0	0	N	N	Y	N	N	N	N	N	N	N	N	N	0.0000	0.0000	0.0000	0.0000	0.0000	0.0000	0.0000	0.0000	0.0000	0.0000	0.0000	0.0000	0.0000	0.0000	0.0000	0.0000	0.0000	0.0000	0.0000	0.0000	0.0000	0.0000	0.0000	1.0000	0.0000	0.0000	0.0000	0.0000	0.0000	0.0000	0.0000	0.0000	0.0000	0.0000	0.0000	0.0000	0.0000	0.0000	0.0000	0.0000	0.0000	0.0000	0.0000	0.0000	0.0000	0.0000	0.0000	0.0000	0.0000	0.0000	0.0000	0.0000	0.0000	0.0000	0.0000	0.0000	0.0000	0.0000	0.0000	0.0000	0.0000	0.0000	0.0000	0.0000	0.0000	0.0000	0.0000	0.0000	0.0000	0.0000	0.0000	0.0000	0.0000	0.0000	0.0000	0.0000	0.0000	0.0000											
17	83	0.6321	8	2	0	2	0	0	0	0	0	Y	N	Y	N	N	N	N	N	N	N	N	N	0.0000	0.0000	0.0000	0.0000	0.0000	0.0000	0.0000	0.0000	0.0000	0.0000	0.0000	0.0000	0.0000	0.0000	0.0000	0.0000	0.0000	0.0000	0.0000	0.0000	0.0000	9.0001	0.0000	3.0001	0.0000	0.0000	0.0000	0.0000	0.0000	0.0000	0.0000	0.0000	0.0000	0.0000	0.0000	0.0000	0.0000	0.0000	0.0000	0.0000	0.0000	0.0000	0.0000	0.0000	0.0000	0.0000	0.0000	0.0000	0.0000	0.0000	0.0000	0.0000	0.0000	0.0000	0.0000	0.0000	0.0000	0.0000	0.0000	0.0000	0.0000	0.0000	0.0000	0.0000	0.0000	0.0000	0.0000	0.0000	0.0000	0.0000	0.0000	0.0000	0.0000	0.0000	0.0000	0.0000	0.0000	0.0000											
17	84	0.0347	4	2	0	2	0	0	0	0	0	Y	N	Y	N	N	N	N	N	N	N	N	N	0.0000	0.0000	0.0000	0.0000	0.0000	0.0000	0.0000	0.0000	0.0000	0.0000	0.0000	0.0000	0.0000	0.0000	0.0000	0.0000	0.0000	0.0000	0.0000	0.0000	0.0000	4.0000	0.0000	0.0000	0.0000	0.0000	0.0000	0.0000	0.0000	0.0000	0.0000	0.0000	0.0000	0.0000	0.0000	0.0000	0.0000	0.0000	0.0000	0.0000	0.0000	0.0000	0.0000	0.0000	0.0000	0.0000	0.0000	0.0000	0.0000	0.0000	0.0000	0.0000	0.0000	0.0000	0.0000	0.0000	0.0000	0.0000	0.0000	0.0000	0.0000	0.0000	0.0000	0.0000	0.0000	0.0000	0.0000	0.0000	0.0000	0.0000	0.0000	0.0000	0.0000	0.0000	0.0000	0.0000	0.0000	0.0000											
17	85	0.0808	5	2	1	1	0	0	0	0	0	Y	N	N	N	N	N	N	N	N	N	N	N	0.0000	0.0000	0.0000	0.0000	0.0000	0.0000	0.0000	0.0000	0.0000	0.0000	0.0000	0.0000	0.0000	0.0000	0.0000	0.0000	0.0000	0.0000	0.0000	0.0000	0.0000	1.0086	0.0000	1.7435	0.0000	0.0000	0.0000	0.0000	0.0000	0.0000	0.0000	0.0000	0.0000	0.0000	0.0000	0.0000	0.0000	0.0000	0.0000	0.0000	0.0000	0.0000	0.0000	0.0000	0.0000	0.0000	0.0000	0.0000	0.0000	0.0000	0.0000	0.0000	0.0000	0.0000	0.0000	0.0000	0.0000	0.0000	0.0000	0.0000	0.0000	0.0000	0.0000	0.0000	0.0000	0.0000	0.0000	0.0000	0.0000	0.0000	0.0000	0.0000	0.0000	0.0000	0.0000	0.0000	0.0000	0.0000											
17	86	0.0347	4	2	1	1	0	0	0	0	0	Y	N	N	N	N	N	N	N	N	N	N	N	0.0000	0.0000	0.0000	0.0000	0.0000	0.0000	0.0000	0.0000	0.0000	0.0000	0.0000	0.0000	0.0000	0.0000	0.0000	0.0000	0.0000	0.0000	0.0000	0.0000	0.0000	1.0165	0.0000	4.1395	0.0000	0.0000	0.0000	0.0000	0.0000	0.0000	0.0000	0.0000	0.0000	0.0000	0.0000	0.0000	0.0000	0.0000	0.0000	0.0000	0.0000	0.0000	0.0000	0.0000	0.0000	0.0000	0.0000	0.0000	0.0000	0.0000	0.0000	0.0000	0.0000	0.0000	0.0000	0.0000	0.0000	0.0000	0.0000	0.0000	0.0000	0.0000	0.0000	0.0000	0.0000	0.0000	0.0000	0.0000	0.0000	0.0000	0.0000	0.0000	0.0000	0.0000	0.0000	0.0000	0.0000	0.0000											
17	87	0.5909	7	2	1	1	0	0	0	0	0	Y	N	N	N	N	N	N	N	N	N	N	N	0.0000	0.0000	0.0000	0.0000	0.0000	0.0000	0.0000	0.0000	0.0000	0.0000	0.0000	0.0000	0.0000	0.0000	0.0000	0.0000	0.0000	0.0000	0.0000	0.0000	0.0000	9.0005	0.0000	5.0000	0.0000	0.0000	0.0000	0.0000	0.0000	0.0000	0.0000	0.0000	0.0000	0.0000	0.0000	0.0000	0.0000	0.0000	0.0000	0.0000	0.0000	0.0000	0.0000	0.0000	0.0000	0.0000	0.0000	0.0000	0.0000	0.0000	0.0000	0.0000	0.0000	0.0000	0.0000	0.0000	0.0000	0.0000	0.0000	0.0000	0.0000	0.0000	0.0000	0.0000	0.0000	0.0000	0.0000	0.0000	0.0000	0.0000	0.0000	0.0000	0.0000	0.0000	0.0000	0.0000	0.0000	0.0000											
17	88	0.0571	5	1	1	1	0	0	0	0	0	N	N	N	N	N	N	N	N	N	N	N	N	0.0000	0.0000	0.0000	0.0000	0.0000	0.0000	0.0000	0.0000	0.0000	0.0000	0.0000	0.0000	0.0000	0.0000	0.0000	0.0000	0.0000	0.0000	0.0000	0.0000	0.0000	0.0000	0.0000	0.0000	0.0000	0.0000	0.0000	0.0000	0.0000	0.0000	0.0000	0.0000	0.0000	0.0000	0.0000	0.0000	0.0000	0.0000	0.0000	0.0000	0.0000	0.0000	0.0000	0.0000	0.0000	0.0000	0.0000	0.0000	0.0000	0.0000	0.0000	0.0000	0.0000	0.0000	0.0000	0.0000	0.0000	0.0000	0.0000	0.0000	0.0000	0.0000	0.0000	0.0000	0.0000	0.0000	0.0000	0.0000	0.0000	0.0000	0.0000	0.0000	0.0000	0.0000	0.0000	0.0000	0.0000	0.0000											
17	89	0.6581	9	1	1	1	0	0	0	0	0	N	N	N	N	N	N	N	N	N	N	N	N	0.0000	0.0000	0.0000	0.0000	0.0000	0.0000	0.0000	0.0000	0.0000	0.0000	0.0000	0.0000	0.0000	0.0000	0.0000	0.0000	0.0000	0.0000	0.0000	0.0000	0.0000	1.9953	0.0000	1.0817	0.0000	0.0000	0.0000	0.0000	0.0000	0.0000	0.0000	0.0000	0.0000	0.0000	0.0000	0.0000	0.0000	0.0000	0.0000	0.0000	0.0000	0.0000	0.0000	0.0000	0.0000	0.0000	0.0000	0.0000	0.0000	0.0000	0.0000	0.0000	0.0000	0.0000	0.0000	0.0000	0.0000	0.0000	0.0000	0.0000	0.0000	0.0000	0.0000	0.0000	0.0000	0.0000	0.0000	0.0000	0.0000	0.0000	0.0000	0.0000	0.0000	0.0000	0.0000	0.0000	0.0000	0.0000											
17	90	0.6321	8	1	1	1	0	0	0	0	0	N	N	N	N	N	N	N	N	N	N	N	N	0.0000	0.0000	0.0000	0.0000	0.0000	0.0000	0.0000	0.0000	0.0000	0.0000	0.0000	0.0000	0.0000	0.0000	0.0000	0.0000	0.0000	0.0000	0.0000	0.0000	0.0000	2.3999	0.0000	4.0713	0.0000	0.0000	0.0000	0.0000	0.0000	0.0000	0.0000	0.0000	0.0000	0.0000	0.0000	0.0000	0.0000	0.0000	0.0000	0.0000	0.0000	0.0000	0.0000	0.0000	0.0000	0.0000	0.0000	0.0000	0.0000	0.0000	0.0000	0.0000	0.0000	0.0000	0.0000	0.0000	0.0000	0.0000	0.0000	0.0000	0.0000	0.0000	0.0000	0.0000	0.0000	0.0000	0.0000	0.0000	0.0000	0.0000	0.0000	0.0000	0.0000	0.0000	0.0000	0.0000	0.0000	0.0000											
17	91	0.6531	9	1	0	2	0	0	0	0	0	N	N	Y	N	N	N	N	N	N	N	N	N	0.0000	0.0000	0.0000	0.0000	0.0000	0.0000	0.0000	0.0000	0.0000	0.0000	0.0000	0.0000	0.0000	0.0000	0.0000	0.0000	0.0000	0.0000	0.0000	0.0000	0.0000	0.0000	0.0000	0.0000	0.0000	0.0000	0.0000	0.0000	0.0000	0.0000	0.0000	0.0000	0.0000	0.0000	0.0000	0.0000	0.0000	0.0000	0.0000	0.0000	0.0000	0.0000	0.0000	0.0000	0.0000	0.0000	0.0000	0.0000	0.0000	0.0000	0.0000	0.0000	0.0000	0.0000	0.0000	0.0000	0.0000	0.0000	0.0000	0.0000	0.0000	0.0000	0.0000	0.0000	0.0000	0.0000	0.0000	0.0000	0.0000	0.0000	0.0000	0.0000	0.0000	0.0000	0.0000	0.0000	0.0000	0.0000											
17	92	0.6210	8	1	0	2	0	0	0	0	0	N	N	Y	N	N	N	N	N	N	N	N	N	0.0000	0.0000	0.0000	0.0000	0.0000	0.0000	0.0000	0.0000	0.0000	0.0000	0.0000	0.0000	0.0000	0.0000	0.0000	0.0000	0.0000	0.0000	0.0000	0.0000	0.0000	3.7221	0.0000	2.9993	0.0000	0.0000	0.0000	0.0000	0.0000	0.0000	0.0000	0.0000	0.0000	0.0000	0.0000	0.0000	0.0000	0.0000	0.0000	0.0000	0.0000	0.0000	0.0000	0.0000	0.0000	0.0000	0.0000	0.0000	0.0000	0.0000	0.0000	0.0000	0.0000	0.0000	0.0000	0.0000	0.0000	0.0000	0.0000	0.0000	0.0000	0.0000	0.0000	0.0000	0.0000	0.0000	0.0000	0.0000	0.0000	0.0000	0.0000	0.0000	0.0000	0.0000	0.0000	0.0000	0.0000	0.0000											
17	93	0.5909	7	1	0	1	0	0	0	0	0	N	N	N	N	N	N	N	N	N	N	N	N	0.0000	0.0000	0.0000	0.0000	0.0000	0.0000	0.0000	0.0000	0.0000	0.0000	0.0000	0.0000	0.0000	0.0000	0.0000	0.0000	0.0000	0.0000	0.0000	0.0000	0.0000	2.7217	0.0000	3.0458	0.0000	0.0000	0.0000	0.0000	0.0000	0.0000	0.0000	0.0000	0.0000	0.0000	0.0000	0.0000	0.0000	0.0000	0.0000	0.0000	0.0000	0.0000	0.0000	0.0000	0.0000	0.0000	0.0000	0.0000	0.0000	0.0000	0.0000	0.0000	0.0000	0.0000	0.0000	0.0000	0.0000	0.0000	0.0000	0.0000	0.0000	0.0000	0.0000	0.0000	0.0000	0.0000	0.0000	0.0000	0.0000	0.0000	0.0000	0.0000	0.0000	0.0000	0.0000	0.0000	0.0000	0.0000											
17	94	0.6484	9	2	1	1	0	0	0	0	0	Y	N	N	N	N	N	N	N	N	N	N	N	0.0000	0.0000	0.0000	0.0000	0.0000	0.0000	0.0000	0.0000	0.0000	0.0000	0.0000	0.0000	0.0000	0.0000	0.0000	0.0000	0.0000	0.0000	0.0000	0.0000	0.0000	5.9980	0.0000	4.9575	0.0000	0.0000	0.0000	0.0000	0.0000	0.0000	0.0000	0.0000	0.0000	0.0000	0.0000	0.0000	0.0000	0.0000	0.0000	0.0000	0.0000	0.0000	0.0000	0.0000	0.0000	0.0000	0.0000	0.0000	0.0000	0.0000	0.0000	0.0000	0.0000	0.0000	0.0000	0.0000	0.0000	0.0000	0.0000	0.0000	0.0000	0.0000	0.0000	0.0000	0.0000	0.0000	0.0000	0.0000	0.0000	0.0000	0.0000	0.0000	0.0000	0.0000	0.0000	0.0000	0.0000	0.0000											
17	95	0.0571	5	2	1	1	0	0	0	0	0	Y	N	N	N	N	N	N	N	N	N	N	N	0.0000	0.0000	0.0000	0.0000	0.0000	0.0000	0.0000	0.0000	0.0000	0.0000	0.0000	0.0000	0.0000	0.0000	0.0000	0.0000	0.0000	0.0000	0.0000	0.0000	0.0000	0.0000	0.0000	2.0000	0.0000	0.0000	0.0000	0.0000	0.0000	0.0000	0.0000	0.0000	0.0000	0.0000	0.0000	0.0000	0.0000	0.0000	0.0000	0.0000	0.0000	0.0000	0.0000	0.0000	0.0000	0.0000	0.0000	0.0000	0.0000	0.0000	0.0000	0.0000	0.0000	0.0000	0.0000	0.0000	0.0000	0.0000	0.0000	0.0000	0.0000	0.0000	0.0000	0.0000	0.0000	0.0000	0.0000	0.0000	0.0000	0.0000	0.0000	0.0000	0.0000	0.0000	0.0000	0.0000	0.0000	0.0000											
17	96	0.0347	4	1	1	1	0	0	0	0	0	N	N	N	N	N	N	N	N	N	N	N	N	0.0000	0.0000	0.0000	0.0000	0.0000	0.0000	0.0000	0.0000	0.0000	0.0000	0.0000	0.0000	0.0000	0.0000	0.0000	0.0000	0.0000	0.0000	0.0000	0.0000	0.0000	4.0000	0.0000	0.0000	0.0000	0.0000	0.0000	0.0000	0.0000	0.0000	0.0000	0.0000	0.0000	0.0000	0.0000	0.0000	0.0000	0.0000	0.0000	0.0000	0.0000	0.0000	0.0000	0.0000	0.0000	0.0000	0.0000	0.0000	0.0000	0.0000	0.0000	0.0000	0.0000	0.0000	0.0000	0.0000	0.0000	0.0000	0.0000	0.0000	0.0000	0.0000	0.0000	0.0000	0.0000	0.0000	0.0000	0.0000	0.0000	0.0000	0.0000	0.0000	0.0000	0.0000	0.0000	0.0000	0.0000	0.0000											
17	97	0.5909	7	1	0	1	0	0	0	0	0	N	N	N	N	N	N	N	N	N	N	N	N	0.0000	0.0000	0.0000	0.0000	0.0000	0.0000	0.0000	0.0000	0.0000	0.0000	0.0000	0.0000	0.0000	0.0000	0.0000	0.0000	0.0000	0.0000	0.0000	0.0000	0.0000	3.9994	0.0000	4.0000	0.0000	0.0000	0.0000	0.0000	0.0000	0.0000	0.0000	0.0000	0.0000	0.0000	0.0000	0.0000	0.0000	0.0000	0.0000	0.0000	0.0000	0.0000	0.0000	0.0000	0.0000	0.0000	0.0000	0.0000	0.0000	0.0000	0.0000	0.0000	0.0000	0.0000	0.0000	0.0000	0.0000	0.0000	0.0000	0.0000	0.0000	0.0000	0.0000	0.0000	0.0000	0.0000	0.0000	0.0000	0.0000	0.0000	0.0000	0.0000	0.0000	0.0000	0.0000	0.0000	0.0000	0.0000											
17	98	0.0347	4	1	0	1	0	0	0	0	0	N	N	N	N	N	N	N	N	N	N	N	N	0.0000	0.0000	0.0000	0.0000	0.0000	0.0000	0.0000	0.0000	0.0000	0.0000	0.0000	0.0000	0.0000	0.0000	0.0000	0.0000	0.0000	0.0000	0.0000	0.0000	0.0000	1.0000	0.0000	0.0000	0.0000	0.0000	0.0000	0.0000	0.0000	0.0000	0.0000	0.0000	0.0000	0.0000	0.0000	0.0000	0.0000	0.0000	0.0000	0.0000	0.0000	0.0000	0.0000	0.0000	0.0000	0.0000	0.0000	0.0000	0.0000	0.0000	0.0000	0.0000	0.0000	0.0000	0.0000	0.0000	0.0000	0.0000	0.0000	0.0000	0.0000	0.0000	0.0000	0.0000	0.0000	0.0000	0.0000	0.0000	0.0000	0.0000	0.0000	0.0000	0.0000	0.0000	0.0000	0.0000	0.0000	0.0000											
17	99	0.4799	6	1	0	1	0	0	0	0	0	N	N	N	N	N	N	N	N	N	N	N	N	0.0000	0.0000	0.0000	0.0000	0.0000	0.0000	0.0000	0.0000	0.0000	0.0000	0.0000	0.0000	0.0000	0.0000	0.0000	0.0000	0.0000	0.0000	0.0000	0.0000	0.0000	1.5982	0.0000	11.1970	0.0000	0.0000	0.0000	0.0000	0.0000	0.0000	0.0000	0.0000	0.0000	0.0000	0.0000	0.0000	0.0000	0.0000	0.0000	0.0000	0.0000	0.0000	0.0000	0.0000	0.0000	0.0000	0.0000	0.0000	0.0000	0.0000	0.0000	0.0000	0.0000	0.0000	0.0000	0.0000	0.0000	0.0000	0.0000	0.0000	0.0000	0.0000	0.0000	0.0000	0.0000	0.0000	0.0000	0.0000	0.0000	0.0000	0.0000	0.0000	0.0000	0.0000	0.0000	0.0000	0.0000	0.0000											
17	100	0.6498	10	2	1	2	0	0	0	0	0	Y	N	Y	N	N	N	N	N	N	N	N	N	0.0000	0.0000	0.0000	0.0000	0.0000	0.0000	0.0000	0.0000	0.0000	0.0000	0.0000	0.0000	0.0000	0.0000	0.0000	0.0000	0.0000	0.0000	0.0000	0.0000	0.0000	0.0000	0.0000	0.9982	0.0000	0.0000	0.0000	0.0000	0.0000	0.0000	0.0000	0.0000	0.0000	0.0000	0.0000	0.0000	0.0000	0.0000	0.0000	0.0000	0.0000	0.0000	0.0000	0.0000	0.0000	0.0000	0.0000	0.0000	0.0000	0.0000	0.0000	0.0000	0.0000	0.0000	0.0000	0.0000	0.0000	0.0000	0.0000	0.0000	0.0000	0.0000	0.0000	0.0000	0.0000	0.0000	0.0000	0.0000	0.0000	0.0000	0.0000	0.0000	0.0000	0.0000	0.0000	0.0000	0.0000	0.0000											
17	104	0.5909	7	1	1	1	0	0	0	0	0	N	N	N	N	N	N	N	N	N	N	N	N	0.0000	0.0000	0.0000	0.0000	0.0000	0.0000	0.0000	0.0000	0.0000	0.0000	0.0000	0.0000	0.0000	0.0000	0.0000	0.0000	0.0000	0.0000	0.0000	0.0000	0.0000	7.9994	0.0000	4.0001	0.0000	0.0000	0.0000	0.0000	0.0000	0.0000	0.0000	0.0000	0.0000	0.0000	0.0000	0.0000	0.0000	0.0000	0.0000	0.0000	0.0000	0.0000	0.0000	0.0000	0.0000	0.0000	0.0000	0.0000	0.0000	0.0000	0.0000	0.0000	0.0000	0.0000	0.0000	0.0000	0.0000	0.0000	0.0000	0.0000	0.0000	0.0000	0.0000	0.0000	0.0000	0.0000	0.0000	0.0000	0.0000	0.0000	0.0000	0.0000	0.0000	0.0000	0.0000	0.0000	0.0000	0.0000											
17	105	0.6533	11	2	0	2	0	0	0	0	0	Y	N	Y	N	N	N	N	N	N	N	N	N	0.0000	0.0000	0.0000	0.0000	0.0000	0.0000	0.0000	0.0000	0.0000	0.0000	0.0000	0.0000	0.0000	0.0000	0.0000	0.0000	0.0000	0.0000	0.0000	0.0000	0.0000	1.0000	0.0000	1.0005	0.0000	0.0000	0.0000	0.0000	0.0000	0.0000	0.0000	0.0000	0.0000	0.0000	0.0000	0.0000	0.0000	0.0000	0.0000	0.0000	0.0000	0.0000	0.0000	0.0000	0.0000	0.0000	0.0000	0.0000	0.0000	0.0000	0.0000	0.0000	0.0000	0.0000	0.0000	0.0000	0.0000	0.0000	0.0000	0.0000	0.0000	0.0000	0.0000	0.0000	0.0000	0.0000	0.0000	0.0000	0.0000	0.0000	0.0000	0.0000	0.0000	0.0000	0.0000	0.0000	0.0000	0.0000											
17	106	0.6498	10	2	0	2	0	0	0	0	0	Y	N	Y	N	N	N	N	N	N	N	N	N	0.0000	0.0000	0.0000	0.0000	0.0000	0.0000	0.0000	0.0000	0.0000	0.0000	0.0000	0.0000	0.0000	0.0000	0.0000	0.0000	0.0000	0.0000	0.0000	0.0000	0.0000	0.7249	0.0000	0.0368	0.0000	0.0000	0.0000	0.0000	0.0000	0.0000	0.0000	0.0000	0.0000	0.0000	0.0000	0.0000	0.0000	0.0000	0.0000	0.0000	0.0000	0.0000	0.0000	0.0000	0.0000	0.0000	0.0000	0.0000	0.0000	0.0000	0.0000	0.0000	0.0000	0.0000	0.0000	0.0000	0.0000	0.0000	0.0000	0.0000	0.0000	0.0000	0.0000	0.0000	0.0000	0.0000	0.0000	0.0000	0.0000	0.0000	0.0000	0.0000	0.0000	0.0000	0.0000	0.0000	0.0000	0.0000											
17	107	0.6484	9	2	0	2	0	0	0	0	0	Y	N	Y	N	N	N	N	N	N	N	N	N	0.0000	0.0000	0.0000	0.0000	0.0000	0.0000	0.0000	0.0000	0.0000	0.0000	0.0000	0.0000	0.0000	0.0000	0.0000	0.0000	0.0000	0.0000	0.0000	0.0000	0.0000	0.4159	0.0000	0.0887	0.0000	0.0000	0.0000	0.0000	0.0000	0.0000	0.0000	0.0000	0.0000	0.0000	0.0000	0.0000	0.0000	0.0000	0.0000	0.0000	0.0000	0.0000	0.0000	0.0000	0.0000	0.0000	0.0000	0.0000	0.0000	0.0000	0.0000	0.0000	0.0000	0.0000	0.0000	0.0000	0.0000	0.0000	0.0000	0.0000	0.0000	0.0000	0.0000	0.0000	0.0000	0.0000	0.0000	0.0000	0.0000	0.0000	0.0000	0.0000	0.0000	0.0000	0.0000	0.0000	0.0000	0.0000											
17	108	0.6321	8	2	0	1	0	0	0	0	0	Y	N	N	N	N	N	N	N	N	N	N	N	0.0000	0.0000	0.0000	0.0000	0.0000	0.0000	0.0000	0.0000	0.0000	0.0000	0.0000	0.0000	0.0000	0.0000	0.0000	0.0000	0.0000	0.0000	0.0000	0.0000	0.0000	3.9943	0.0000	0.9974	0.0000	0.0000	0.0000	0.0000	0.0000	0.0000	0.0000	0.0000	0.0000	0.0000	0.0000	0.0000	0.0000	0.0000	0.0000	0.0000	0.0000	0.0000	0.0000	0.0000	0.0000	0.0000	0.0000	0.0000	0.0000	0.0000	0.0000	0.0000	0.0000	0.0000	0.0000	0.0000	0.0000	0.0000	0.0000	0.0000	0.0000	0.0000	0.0000	0.0000	0.0000	0.0000	0.0000	0.0000	0.0000	0.0000	0.0000	0.0000	0.0000	0.0000	0.0000	0.0000	0.0000	0.0000											
17	109	0.0061	3	2	0	2	0	0	0	0	0	Y	N	Y	N	N	N	N	N	N	N	N	N	0.0000	0.0000	0.0000	0.0000	0.0000	0.0000	0.0000	0.0000	0.0000	0.0000	0.0000	0.0000	0.0000	0.0000	0.0000	0.0000	0.0000	0.0000	0.0000	0.0000	0.0000	0.0000	0.0000	0.9909	0.0000	0.0000	0.0000	0.0000	0.0000	0.0000	0.0000	0.0000	0.0000	0.0000	0.0000	0.0000	0.0000	0.0000	0.0000	0.0000	0.0000	0.0000	0.0000	0.0000	0.0000	0.0000	0.0000	0.0000	0.0000	0.0000	0.0000	0.0000	0.0000	0.0000	0.0000	0.0000	0.0000	0.0000	0.0000	0.0000	0.0000	0.0000	0.0000	0.0000	0.0000	0.0000	0.0000	0.0000	0.0000	0.0000	0.0000	0.0000	0.0000	0.0000	0.0000	0.0000	0.0000	0.0000											
17	112	0.6367	8	1	0	2	0	0	0	0	0	N	N	Y	N	N	N	N	N	N	N	N	N	0.0000	0.0000	0.0000	0.0000	0.0000	0.0000	0.0000	0.0000	0.0000	0.0000	0.0000	0.0000	0.0000	0.0000	0.0000	0.0000	0.0000	0.0000	0.0000	0.0000	0.0000	0.0000	0.0000	0.0001	0.0000	0.0000	0.0000	0.0000	0.0000	0.0000	0.0000	0.0000	0.0000	0.0000	0.0000	0.0000	0.0000	0.0000	0.0000	0.0000	0.0000	0.0000	0.0000	0.0000	0.0000	0.0000	0.0000	0.0000	0.0000	0.0000	0.0000	0.0000	0.0000	0.0000	0.0000	0.0000	0.0000	0.0000	0.0000	0.0000	0.0000	0.0000	0.0000	0.0000	0.0000	0.0000	0.0000	0.0000	0.0000	0.0000	0.0000	0.0000	0.0000	0.0000	0.0000	0.0000	0.0000	0.0000											
17	113	0.5909	7	1	0	2	0	0	0	0	0	N	N	Y	N	N	N	N	N	N	N	N	N	0.0000	0.0000	0.0000	0.0000	0.0000	0.0000	0.0000	0.0000	0.0000	0.0000	0.0000	0.0000	0.0000	0.0000	0.0000	0.0000	0.0000	0.0000	0.0000	0.0000	0.0000	4.0004	0.0000	4.9999	0.0000	0.0000	0.0000	0.0000	0.0000	0.0000	0.0000	0.0000	0.0000	0.0000	0.0000	0.0000	0.0000	0.0000	0.0000	0.0000	0.0000	0.0000	0.0000	0.0000	0.0000	0.0000	0.0000	0.0000	0.0000	0.0000	0.0000	0.0000	0.0000	0.0000	0.0000	0.0000	0.0000	0.0000	0.0000	0.0000	0.0000	0.0000	0.0000	0.0000	0.0000	0.0000	0.0000	0.0000	0.0000	0.0000	0.0000	0.0000	0.0000	0.0000	0.0000	0.0000	0.0000	0.0000											
17	114	0.0674	5	1	1	1	0	0	0	0	0	N	N	N	N	N	N	N	N	N	N	N	N	0.0000	0.0000	0.0000	0.0000	0.0000	0.0000	0.0000	0.0000	0.0000	0.0000	0.0000	0.0000	0.0000	0.0000	0.0000	0.0000	0.0000	0.0000	0.0000	0.0000	0.0000	4.3361	0.0000	4.6323	0.0000	0.0000	0.0000	0.0000	0.0000	0.0000	0.0000	0.0000	0.0000	0.0000	0.0000	0.0000	0.0000	0.0000	0.0000	0.0000	0.0000	0.0000	0.0000	0.0000	0.0000	0.0000	0.0000	0.0000	0.0000	0.0000	0.0000	0.0000	0.0000	0.0000	0.0000	0.0000	0.0000	0.0000	0.0000	0.0000	0.0000	0.0000	0.0000	0.0000	0.0000	0.0000	0.0000	0.0000	0.0000	0.0000	0.0000	0.0000	0.0000	0.0000	0.0000	0.0000	0.0000	0.0000											
17	115	0.0347	4	1	0	1	0	0	0	0	0	N	N	N	N	N	N	N	N	N	N	N	N	0.0000	0.0000	0.0000	0.0000	0.0000	0.0000	0.0000	0.0000	0.0000	0.0000	0.0000	0.0000	0.0000	0.0000	0.0000	0.0000	0.0000	0.0000	0.0000	0.0000	0.0000	1.9840	0.0000	0.2610	0.0000	0.0000	0.0000	0.0000	0.0000	0.0000	0.0000	0.0000	0.0000	0.0000	0.0000	0.0000	0.0000	0.0000	0.0000	0.0000	0.0000	0.0000	0.0000	0.0000	0.0000	0.0000	0.0000	0.0000	0.0000	0.0000	0.0000	0.0000	0.0000	0.0000	0.0000	0.0000	0.0000	0.0000	0.0000	0.0000	0.0000	0.0000	0.0000	0.0000	0.0000	0.0000	0.0000	0.0000	0.0000	0.0000	0.0000	0.0000	0.0000	0.0000	0.0000	0.0000	0.0000	0.0000											
17	116	0.5909	7	1	1	1	1	0	0	0	0	N	N	N	N	N	N	N	N	N	N	N	N	0.0000	0.0000	0.0000	0.0000	0.0000	0.0000	0.0000	0.0000	0.0000	0.0000	0.0000	0.0000	0.0000	0.0000	0.0000	0.0000	0.0000	0.0000	0.0000	0.0000	0.0000	5.0006	0.0000	2.0000	0.0000	0.0000	0.0000	0.0000	0.0000	0.0000	0.0000	0.0000	0.0000	0.0000	0.0000	0.0000	0.0000	0.0000	0.0000	0.0000	0.0000	0.0000	0.0000	0.0000	0.0000	0.0000	0.0000	0.0000	0.0000	0.0000	0.0000	0.0000	0.0000	0.0000	0.0000	0.0000	0.0000	0.0000	0.0000	0.0000	0.0000	0.0000	0.0000	0.0000	0.0000	0.0000	0.0000	0.0000	0.0000	0.0000	0.0000	0.0000	0.0000	0.0000	0.0000	0.0000	0.0000	0.0000											
17	117	0.0347	4	1	1	1	1	0	0	0	0	N	N	N	N	N	N	N	N	N	N	N	N	0.0000	0.0000	0.0000	0.0000	0.0000	0.0000	0.0000	0.0000	0.0000	0.0000	0.0000	0.0000	0.0000	0.0000	0.0000	0.0000	0.0000	0.0000	0.0000	0.0000	0.0000	0.0000	0.0000	1.0000	0.0000	0.0000	0.0000	0.0000	0.0000	0.0000	0.0000	0.0000	0.0000	0.0000	0.0000	0.0000	0.0000	0.0000	0.0000	0.0000	0.0000	0.0000	0.0000	0.0000	0.0000	0.0000	0.0000	0.0000	0.0000	0.0000	0.0000	0.0000	0.0000	0.0000	0.0000	0.0000	0.0000	0.0000	0.0000	0.0000	0.0000	0.0000	0.0000	0.0000	0.0000	0.0000	0.0000	0.0000	0.0000	0.0000	0.0000	0.0000	0.0000	0.0000	0.0000	0.0000	0.0000	0.0000											
17	118	0.5909	7	1	1	1	0	0	0	0	0	N	N	N	N	N	N	N	N	N	N	N	N	0.0000	0.0000	0.0000	0.0000	0.0000	0.0000	0.0000	0.0000	0.0000	0.0000	0.0000	0.0000	0.0000	0.0000	0.0000	0.0000	0.0000	0.0000	0.0000	0.0000	0.0000	16.9994	0.0000	6.0000	0.0000	0.0000	0.0000	0.0000	0.0000	0.0000	0.0000	0.0000	0.0000	0.0000	0.0000	0.0000	0.0000	0.0000	0.0000	0.0000	0.0000	0.0000	0.0000	0.0000	0.0000	0.0000	0.0000	0.0000	0.0000	0.0000	0.0000	0.0000	0.0000	0.0000	0.0000	0.0000	0.0000	0.0000	0.0000	0.0000	0.0000	0.0000	0.0000	0.0000	0.0000	0.0000	0.0000	0.0000	0.0000	0.0000	0.0000	0.0000	0.0000	0.0000	0.0000	0.0000	0.0000	0.0000											
17	119	0.0347	4	1	1	1	0	0	0	0	0	N	N	N	N	N	N	N	N	N	N	N	N	0.0000	0.0000	0.0000	0.0000	0.0000	0.0000	0.0000	0.0000	0.0000	0.0000	0.0000	0.0000	0.0000	0.0000	0.0000	0.0000	0.0000	0.0000	0.0000	0.0000	0.0000	5.0000	0.0000	6.0000	0.0000	0.0000	0.0000	0.0000	0.0000	0.0000	0.0000	0.0000	0.0000	0.0000	0.0000	0.0000	0.0000	0.0000	0.0000	0.0000	0.0000	0.0000	0.0000	0.0000	0.0000	0.0000	0.0000	0.0000	0.0000	0.0000	0.0000	0.0000	0.0000	0.0000	0.0000	0.0000	0.0000	0.0000	0.0000	0.0000	0.0000	0.0000	0.0000	0.0000	0.0000	0.0000	0.0000	0.0000	0.0000	0.0000	0.0000	0.0000	0.0000	0.0000	0.0000	0.0000	0.0000	0.0000											
17	120	0.0628	5	1	1	1	0	0	0	0	0	N	N	N	N	N	N	N	N	N	N	N	N	0.0000	0.0000	0.0000	0.0000	0.0000	0.0000	0.0000	0.0000	0.0000	0.0000	0.0000	0.0000	0.0000	0.0000	0.0000	0.0000	0.0000	0.0000	0.0000	0.0000	0.0000	0.9998	0.0000	0.9486	0.0000	0.0000	0.0000	0.0000	0.0000	0.0000	0.0000	0.0000	0.0000	0.0000	0.0000	0.0000	0.0000	0.0000	0.0000	0.0000	0.0000	0.0000	0.0000	0.0000	0.0000	0.0000	0.0000	0.0000	0.0000	0.0000	0.0000	0.0000	0.0000	0.0000	0.0000	0.0000	0.0000	0.0000	0.0000	0.0000	0.0000	0.0000	0.0000	0.0000	0.0000	0.0000	0.0000	0.0000	0.0000	0.0000	0.0000	0.0000	0.0000	0.0000	0.0000	0.0000	0.0000	0.0000											
17	121	0.0347	4	1	1	1	0	0	0	0	0	N	N	N	N	N	N	N	N	N	N	N	N	0.0000	0.0000	0.0000	0.0000	0.0000	0.0000	0.0000	0.0000	0.0000	0.0000	0.0000	0.0000	0.0000	0.0000	0.0000	0.0000	0.0000	0.0000	0.0000	0.0000	0.0000	3.0005	0.0000	1.1085	0.0000	0.0000	0.0000	0.0000	0.0000	0.0000	0.0000	0.0000	0.0000	0.0000	0.0000	0.0000	0.0000	0.0000	0.0000	0.0000	0.0000	0.0000	0.0000	0.0000	0.0000	0.0000	0.0000	0.0000	0.0000	0.0000	0.0000	0.0000	0.0000	0.0000	0.0000	0.0000	0.0000	0.0000	0.0000	0.0000	0.0000	0.0000	0.0000	0.0000	0.0000	0.0000	0.0000	0.0000	0.0000	0.0000	0.0000	0.0000	0.0000	0.0000	0.0000	0.0000	0.0000	0.0000											
17	122	0.6321	8	1	1	1	0	0	0	0	0	N	N	N	N	N	N	N	N	N	N	N	N	0.0000	0.0000	0.0000	0.0000	0.0000	0.0000	0.0000	0.0000	0.0000	0.0000	0.0000	0.0000	0.0000	0.0000	0.0000	0.0000	0.0000	0.0000	0.0000	0.0000	0.0000	2.0001	0.0000	3.0000	0.0000	0.0000	0.0000	0.0000	0.0000	0.0000	0.0000	0.0000	0.0000	0.0000	0.0000	0.0000	0.0000	0.0000	0.0000	0.0000	0.0000	0.0000	0.0000	0.0000	0.0000	0.0000	0.0000	0.0000	0.0000	0.0000	0.0000	0.0000	0.0000	0.0000	0.0000	0.0000	0.0000	0.0000	0.0000	0.0000	0.0000	0.0000	0.0000	0.0000	0.0000	0.0000	0.0000	0.0000	0.0000	0.0000	0.0000	0.0000	0.0000	0.0000	0.0000	0.0000	0.0000	0.0000											
17	123	0.5909	7	1	0	1	0	0	0	0	0	N	N	N	N	N	N	N	N	N	N	N	N	0.0000	0.0000	0.0000	0.0000	0.0000	0.0000	0.0000	0.0000	0.0000	0.0000	0.0000	0.0000	0.0000	0.0000	0.0000	0.0000	0.0000	0.0000	0.0000	0.0000	0.0000	6.9986	0.0000	2.0000	0.0000	0.0000	0.0000	0.0000	0.0000	0.0000	0.0000	0.0000	0.0000	0.0000	0.0000	0.0000	0.0000	0.0000	0.0000	0.0000	0.0000	0.0000	0.0000	0.0000	0.0000	0.0000	0.0000	0.0000	0.0000	0.0000	0.0000	0.0000	0.0000	0.0000	0.0000	0.0000	0.0000	0.0000	0.0000	0.0000	0.0000	0.0000	0.0000	0.0000	0.0000	0.0000	0.0000	0.0000	0.0000	0.0000	0.0000	0.0000	0.0000	0.0000	0.0000	0.0000	0.0000	0.0000											
17	124	0.0682	5	1	1	1	0	0	0	0	0	N	N	N	N	N	N	N	N	N	N	N	N	0.0000	0.0000	0.0000	0.0000	0.0000	0.0000	0.0000	0.0000	0.0000	0.0000	0.0000	0.0000	0.0000	0.0000	0.0000	0.0000	0.0000	0.0000	0.0000	0.0000	0.0000	3.9006	0.0000	3.1543	0.0000	0.0000	0.0000	0.0000	0.0000	0.0000	0.0000	0.0000	0.0000	0.0000	0.0000	0.0000	0.0000	0.0000	0.0000	0.0000	0.0000	0.0000	0.0000	0.0000	0.0000	0.0000	0.0000	0.0000	0.0000	0.0000	0.0000	0.0000	0.0000	0.0000	0.0000	0.0000	0.0000	0.0000	0.0000	0.0000	0.0000	0.0000	0.0000	0.0000	0.0000	0.0000	0.0000	0.0000	0.0000	0.0000	0.0000	0.0000	0.0000	0.0000	0.0000	0.0000	0.0000	0.0000											
17	125	0.0347	4	1	1	1	0	0	0	0	0	N	N	N	N	N	N	N	N	N	N	N	N	0.0000	0.0000	0.0000	0.0000	0.0000	0.0000	0.0000	0.0000	0.0000	0.0000	0.0000	0.0000	0.0000	0.0000	0.0000	0.0000	0.0000	0.0000	0.0000	0.0000	0.0000	1.6924	0.0000	1.9110	0.0000	0.0000	0.0000	0.0000	0.0000	0.0000	0.0000	0.0000	0.0000	0.0000	0.0000	0.0000	0.0000	0.0000	0.0000	0.0000	0.0000	0.0000	0.0000	0.0000	0.0000	0.0000	0.0000	0.0000	0.0000	0.0000	0.0000	0.0000	0.0000	0.0000	0.0000	0.0000	0.0000	0.0000	0.0000	0.0000	0.0000	0.0000	0.0000	0.0000	0.0000	0.0000	0.0000	0.0000	0.0000	0.0000	0.0000	0.0000	0.0000	0.0000	0.0000	0.0000	0.0000	0.0000											
17	126	0.5909	7	1	1	1	0	0	0	0	0	N	N	N	N	N	N	N	N	N	N	N	N	0.0000	0.0000	0.0000	0.0000	0.0000	0.0000	0.0000	0.0000	0.0000	0.0000	0.0000	0.0000	0.0000	0.0000	0.0000	0.0000	0.0000	0.0000	0.0000	0.0000	0.0000	0.9996	0.0000	8.0005	0.0000	0.0000	0.0000	0.0000	0.0000	0.0000	0.0000	0.0000	0.0000	0.0000	0.0000	0.0000	0.0000	0.0000	0.0000	0.0000	0.0000	0.0000	0.0000	0.0000	0.0000	0.0000	0.0000	0.0000	0.0000	0.0000	0.0000	0.0000	0.0000	0.0000	0.0000	0.0000	0.0000	0.0000	0.0000	0.0000	0.0000	0.0000	0.0000	0.0000	0.0000	0.0000	0.0000	0.0000	0.0000	0.0000	0.0000	0.0000	0.0000	0.0000	0.0000	0.0000	0.0000	0.0000											
17	127	0.4963	7	1	0	1	0	0	0	0	0	N	N	N	N	N	N	N	N	N	N	N	N	0.0000	0.0000	0.0000	0.0000	0.0000	0.0000	0.0000	0.0000	0.0000	0.0000	0.0000	0.0000	0.0000	0.0000	0.0000	0.0000	0.0000	0.0000	0.0000	0.0000	0.0000	3.6536	0.0000	12.3970	0.0000	0.0000	0.0000	0.0000	0.0000	0.0000	0.0000	0.0000	0.0000	0.0000	0.0000	0.0000	0.0000	0.0000	0.0000	0.0000	0.0000	0.0000	0.0000	0.0000	0.0000	0.0000	0.0000	0.0000	0.0000	0.0000	0.0000	0.0000	0.0000	0.0000	0.0000	0.0000	0.0000	0.0000	0.0000	0.0000	0.0000	0.0000	0.0000	0.0000	0.0000	0.0000	0.0000	0.0000	0.0000	0.0000	0.0000	0.0000	0.0000	0.0000	0.0000	0.0000	0.0000	0.0000											
17	128	0.2851	5	1	0	1	0	0	0	0	0	N	N	N	N	N	N	N	N	N	N	N	N	0.0000	0.0000	0.0000	0.0000	0.0000	0.0000	0.0000	0.0000	0.0000	0.0000	0.0000	0.0000	0.0000	0.0000	0.0000	0.0000	0.0000	0.0000	0.0000	0.0000	0.0000	5.3495	0.0000	12.4099	0.0000	0.0000	0.0000	0.0000	0.0000	0.0000	0.0000	0.0000	0.0000	0.0000	0.0000	0.0000	0.0000	0.0000	0.0000	0.0000	0.0000	0.0000	0.0000	0.0000	0.0000	0.0000	0.0000	0.0000	0.0000	0.0000	0.0000	0.0000	0.0000	0.0000	0.0000	0.0000	0.0000	0.0000	0.0000	0.0000	0.0000	0.0000	0.0000	0.0000	0.0000	0.0000	0.0000	0.0000	0.0000	0.0000	0.0000	0.0000	0.0000	0.0000	0.0000	0.0000	0.0000	0.0000											
17	129	0.7023	13	1	1	1	1	0	0	0	0	N	N	N	N	N	N	N	N	N	N	N	N	0.0000	0.0000	0.0000	0.0000	0.0000	0.0000	0.0000	0.0000	0.0000	0.0000	0.0000	0.0000	0.0000	0.0000	0.0000	0.0000	0.0000	0.0000	0.0000	0.0000	0.0000	0.0000	0.0000	0.0000	0.0000	0.0000	0.0000	0.0000	0.0000	0.0000	0.0000	0.0000	0.0000	0.0000	0.0000	0.0000	0.0000	0.0000	0.0000	0.0000	0.0000	0.0000	0.0000	0.0000	0.0000	0.0000	0.0000	0.0000	0.0000	0.0000	0.0000	0.0000	0.0000	0.0000	0.0000	0.0000	0.0000	0.0000	0.0000	0.0000	0.0000	0.0000	0.0000	0.0000	0.0000	0.0000	0.0000	0.0000	0.0000	0.0000	0.0000	0.0000	0.0000	0.0000	0.0000	0.0000	0.0000	0.0000											
17	130	0.6860	12	1	1	1	1	0	0	0	0	N	N	N	N	N	N	N	N	N	N	N	N	0.0000	0.0000	0.0000	0.0000	0.0000	0.0000	0.0000	0.0000	0.0000	0.0000	0.0000	0.0000	0.0000	0.0000	0.0000	0.0000	0.0000	0.0000	0.0000	0.0000	0.0000	0.0000	0.0000	3.0001	0.0000	0.0000	0.0000	0.0000	0.0000	0.0000	0.0000	0.0000	0.0000	0.0000	0.0000	0.0000	0.0000	0.0000	0.0000	0.0000	0.0000	0.0000	0.0000	0.0000	0.0000	0.0000	0.0000	0.0000	0.0000	0.0000	0.0000	0.0000	0.0000	0.0000	0.0000	0.0000	0.0000	0.0000	0.0000	0.0000	0.0000	0.0000	0.0000	0.0000	0.0000	0.0000	0.0000	0.0000	0.0000	0.0000	0.0000	0.0000	0.0000	0.0000	0.0000	0.0000	0.0000	0.0000											
17	131	0.6764	11	1	1	1	0	0	0	0	0	N	N	N	N	N	N	N	N	N	N	N	N	0.0000	0.0000	0.0000	0.0000	0.0000	0.0000	0.0000	0.0000	0.0000	0.0000	0.0000	0.0000	0.0000	0.0000	0.0000	0.0000	0.0000	0.0000	0.0000	0.0000	0.0000	0.0000	0.0000	0.0000	0.0000	0.0000	0.0000	0.0000	0.0000	0.0000	0.0000	0.0000	0.0000	0.0000	0.0000	0.0000	0.0000	0.0000	0.0000	0.0000	0.0000	0.0000	0.0000	0.0000	0.0000	0.0000	0.0000	0.0000	0.0000	0.0000	0.0000	0.0000	0.0000	0.0000	0.0000	0.0000	0.0000	0.0000	0.0000	0.0000	0.0000	0.0000	0.0000	0.0000	0.0000	0.0000	0.0000	0.0000	0.0000	0.0000	0.0000	0.0000	0.0000	0.0000	0.0000	0.0000	0.0000	0.0000											
17	132	0.6860	12	1	0	2	1	0	0	0	0	N	N	Y	N	N	N	N	N	N	N	N	N	0.0000	0.0000	0.0000	0.0000	0.0000	0.0000	0.0000	0.0000	0.0000	0.0000	0.0000	0.0000	0.0000	0.0000	0.0000	0.0000	0.0000	0.0000	0.0000	0.0000	0.0000	0.0000	0.0000	1.9999	0.0000	0.0000	0.0000	0.0000	0.0000	0.0000	0.0000	0.0000	0.0000	0.0000	0.0000	0.0000	0.0000	0.0000	0.0000	0.0000	0.0000	0.0000	0.0000	0.0000	0.0000	0.0000	0.0000	0.0000	0.0000	0.0000	0.0000	0.0000	0.0000	0.0000	0.0000	0.0000	0.0000	0.0000	0.0000	0.0000	0.0000	0.0000	0.0000	0.0000	0.0000	0.0000	0.0000	0.0000	0.0000	0.0000	0.0000	0.0000	0.0000	0.0000	0.0000	0.0000	0.0000	0.0000											
17	133	0.6970	13	1	0	2	1	0	0	0	0	N	N	Y	N	N	N	N	N	N	N	N	N	0.0000	0.0000	0.0000	0.0000	0.0000	0.0000	0.0000	0.0000	0.0000	0.0000	0.0000	0.0000	0.0000	0.0000	0.0000	0.0000	0.0000	0.0000	0.0000	0.0000	0.0000	1.0000	0.0000	0.0000	0.0000	0.0000	0.0000	0.0000	0.0000	0.0000	0.0000	0.0000	0.0000	0.0000	0.0000	0.0000	0.0000	0.0000	0.0000	0.0000	0.0000	0.0000	0.0000	0.0000	0.0000	0.0000	0.0000	0.0000	0.0000	0.0000	0.0000	0.0000	0.0000	0.0000	0.0000	0.0000	0.0000	0.0000	0.0000	0.0000	0.0000	0.0000	0.0000	0.0000	0.0000	0.0000	0.0000	0.0000	0.0000	0.0000	0.0000	0.0000	0.0000	0.0000	0.0000	0.0000	0.0000	0.0000											
17	134	0.6970	13	1	0	2	1	0	0	0	0	N	N	Y	N	N	N	N	N	N	N	N	N	0.0000	0.0000	0.0000	0.0000	0.0000	0.0000	0.0000	0.0000	0.0000	0.0000	0.0000	0.0000	0.0000	0.0000	0.0000	0.0000	0.0000	0.0000	0.0000	0.0000	0.0000	0.0000	0.0000	0.0000	0.0000	0.0000	0.0000	0.0000	0.0000	0.0000	0.0000	0.0000	0.0000	0.0000	0.0000	0.0000	0.0000	0.0000	0.0000	0.0000	0.0000	0.0000	0.0000	0.0000	0.0000	0.0000	0.0000	0.0000	0.0000	0.0000	0.0000	0.0000	0.0000	0.0000	0.0000	0.0000	0.0000	0.0000	0.0000	0.0000	0.0000	0.0000	0.0000	0.0000	0.0000	0.0000	0.0000	0.0000	0.0000	0.0000	0.0000	0.0000	0.0000	0.0000	0.0000	0.0000	0.0000	0.0000											
17	135	0.6860	12	1	0	2	1	0	0	0	0	N	N	Y	N	N	N	N	N	N	N	N	N	0.0000	0.0000	0.0000	0.0000	0.0000	0.0000	0.0000	0.0000	0.0000	0.0000	0.0000	0.0000	0.0000	0.0000	0.0000	0.0000	0.0000	0.0000	0.0000	0.0000	0.0000	2.0025	0.0000	0.9943	0.0000	0.0000	0.0000	0.0000	0.0000	0.0000	0.0000	0.0000	0.0000	0.0000	0.0000	0.0000	0.0000	0.0000	0.0000	0.0000	0.0000	0.0000	0.0000	0.0000	0.0000	0.0000	0.0000	0.0000	0.0000	0.0000	0.0000	0.0000	0.0000	0.0000	0.0000	0.0000	0.0000	0.0000	0.0000	0.0000	0.0000	0.0000	0.0000	0.0000	0.0000	0.0000	0.0000	0.0000	0.0000	0.0000	0.0000	0.0000	0.0000	0.0000	0.0000	0.0000	0.0000	0.0000											
17	136	0.6860	11	1	0	1	1	0	0	0	0	N	N	N	N	N	N	N	N	N	N	N	N	0.0000	0.0000	0.0000	0.0000	0.0000	0.0000	0.0000	0.0000	0.0000	0.0000	0.0000	0.0000	0.0000	0.0000	0.0000	0.0000	0.0000	0.0000	0.0000	0.0000	0.0000	0.0050	0.0000	0.0173	0.0000	0.0000	0.0000	0.0000	0.0000	0.0000	0.0000	0.0000	0.0000	0.0000	0.0000	0.0000	0.0000	0.0000	0.0000	0.0000	0.0000	0.0000	0.0000	0.0000	0.0000	0.0000	0.0000	0.0000	0.0000	0.0000	0.0000	0.0000	0.0000	0.0000	0.0000	0.0000	0.0000	0.0000	0.0000	0.0000	0.0000	0.0000	0.0000	0.0000	0.0000	0.0000	0.0000	0.0000	0.0000	0.0000	0.0000	0.0000	0.0000	0.0000	0.0000	0.0000	0.0000	0.0000											
17	137	0.6764	10	1	0	1	1	0	0	0	0	N	N	N	N	N	N	N	N	N	N	N	N	0.0000	0.0000	0.0000	0.0000	0.0000	0.0000	0.0000	0.0000	0.0000	0.0000	0.0000	0.0000	0.0000	0.0000	0.0000	0.0000	0.0000	0.0000	0.0000	0.0000	0.0000	1.9972	0.0000	1.0076	0.0000	0.0000	0.0000	0.0000	0.0000	0.0000	0.0000	0.0000	0.0000	0.0000	0.0000	0.0000	0.0000	0.0000	0.0000	0.0000	0.0000	0.0000	0.0000	0.0000	0.0000	0.0000	0.0000	0.0000	0.0000	0.0000	0.0000	0.0000	0.0000	0.0000	0.0000	0.0000	0.0000	0.0000	0.0000	0.0000	0.0000	0.0000	0.0000	0.0000	0.0000	0.0000	0.0000	0.0000	0.0000	0.0000	0.0000	0.0000	0.0000	0.0000	0.0000	0.0000	0.0000	0.0000											
17	138	0.6591	9	2	1	1	0	0	0	0	0	Y	N	N	N	N	N	N	N	N	N	N	N	0.0000	0.0000	0.0000	0.0000	0.0000	0.0000	0.0000	0.0000	0.0000	0.0000	0.0000	0.0000	0.0000	0.0000	0.0000	0.0000	0.0000	0.0000	0.0000	0.0000	0.0000	0.0002	0.0000	2.3255	0.0000	0.0000	0.0000	0.0000	0.0000	0.0000	0.0000	0.0000	0.0000	0.0000	0.0000	0.0000	0.0000	0.0000	0.0000	0.0000	0.0000	0.0000	0.0000	0.0000	0.0000	0.0000	0.0000	0.0000	0.0000	0.0000	0.0000	0.0000	0.0000	0.0000	0.0000	0.0000	0.0000	0.0000	0.0000	0.0000	0.0000	0.0000	0.0000	0.0000	0.0000	0.0000	0.0000	0.0000	0.0000	0.0000	0.0000	0.0000	0.0000	0.0000	0.0000	0.0000	0.0000	0.0000											
17	139	0.6412	8	2	1	1	0	0	0	0	0	Y	N	N	N	N	N	N	N	N	N	N	N	0.0000	0.0000	0.0000	0.0000	0.0000	0.0000	0.0000	0.0000	0.0000	0.0000	0.0000	0.0000	0.0000	0.0000	0.0000	0.0000	0.0000	0.0000	0.0000	0.0000	0.0000	2.0138	0.0000	2.7349	0.0000	0.0000	0.0000	0.0000	0.0000	0.0000	0.0000	0.0000	0.0000	0.0000	0.0000	0.0000	0.0000	0.0000	0.0000	0.0000	0.0000	0.0000	0.0000	0.0000	0.0000	0.0000	0.0000	0.0000	0.0000	0.0000	0.0000	0.0000	0.0000	0.0000	0.0000	0.0000	0.0000	0.0000	0.0000	0.0000	0.0000	0.0000	0.0000	0.0000	0.0000	0.0000	0.0000	0.0000	0.0000	0.0000	0.0000	0.0000	0.0000	0.0000	0.0000	0.0000	0.0000	0.0000											
17	140	0.6578	9	1	1	1	0	0	0	0	0	N	N	N	N	N	N	N	N	N	N	N	N	0.0000	0.0000	0.0000	0.0000	0.0000	0.0000	0.0000	0.0000	0.0000	0.0000	0.0000	0.0000	0.0000	0.0000	0.0000	0.0000	0.0000	0.0000	0.0000	0.0000	0.0000	1.9232	0.0000	1.1116	0.0000	0.0000	0.0000	0.0000	0.0000	0.0000	0.0000	0.0000	0.0000	0.0000	0.0000	0.0000	0.0000	0.0000	0.0000	0.0000	0.0000	0.0000	0.0000	0.0000	0.0000	0.0000	0.0000	0.0000	0.0000	0.0000	0.0000	0.0000	0.0000	0.0000	0.0000	0.0000	0.0000	0.0000	0.0000	0.0000	0.0000	0.0000	0.0000	0.0000	0.0000	0.0000	0.0000	0.0000	0.0000	0.0000	0.0000	0.0000	0.0000	0.0000	0.0000	0.0000	0.0000	0.0000											
17	141	0.0539	5	1	1	1	0	0	0	0	0	N	N	N	N	N	N	N	N	N	N	N	N	0.0000	0.0000	0.0000	0.0000	0.0000	0.0000	0.0000	0.0000	0.0000	0.0000	0.0000	0.0000	0.0000	0.0000	0.0000	0.0000	0.0000	0.0000	0.0000	0.0000	0.0000	3.0000	0.0000	1.0000	0.0000	0.0000	0.0000	0.0000	0.0000	0.0000	0.0000	0.0000	0.0000	0.0000	0.0000	0.0000	0.0000	0.0000	0.0000	0.0000	0.0000	0.0000	0.0000	0.0000	0.0000	0.0000	0.0000	0.0000	0.0000	0.0000	0.0000	0.0000	0.0000	0.0000	0.0000	0.0000	0.0000	0.0000	0.0000	0.0000	0.0000	0.0000	0.0000	0.0000	0.0000	0.0000	0.0000	0.0000	0.0000	0.0000	0.0000	0.0000	0.0000	0.0000	0.0000	0.0000	0.0000	0.0000											
17	142	0.0347	4	1	0	1	0	0	0	0	0	N	N	N	N	N	N	N	N	N	N	N	N	0.0000	0.0000	0.0000	0.0000	0.0000	0.0000	0.0000	0.0000	0.0000	0.0000	0.0000	0.0000	0.0000	0.0000	0.0000	0.0000	0.0000	0.0000	0.0000	0.0000	0.0000	1.0000	0.0000	1.0000	0.0000	0.0000	0.0000	0.0000	0.0000	0.0000	0.0000	0.0000	0.0000	0.0000	0.0000	0.0000	0.0000	0.0000	0.0000	0.0000	0.0000	0.0000	0.0000	0.0000	0.0000	0.0000	0.0000	0.0000	0.0000	0.0000	0.0000	0.0000	0.0000	0.0000	0.0000	0.0000	0.0000	0.0000	0.0000	0.0000	0.0000	0.0000	0.0000	0.0000	0.0000	0.0000	0.0000	0.0000	0.0000	0.0000	0.0000	0.0000	0.0000	0.0000	0.0000	0.0000	0.0000	0.0000											
17	145	0.6764	11	2	1	1	0	0	0	0	0	Y	N	N	N	N	N	N	N	N	N	N	N	0.0000	0.0000	0.0000	0.0000	0.0000	0.0000	0.0000	0.0000	0.0000	0.0000	0.0000	0.0000	0.0000	0.0000	0.0000	0.0000	0.0000	0.0000	0.0000	0.0000	0.0000	1.0000	0.0000	1.0000	0.0000	0.0000	0.0000	0.0000	0.0000	0.0000	0.0000	0.0000	0.0000	0.0000	0.0000	0.0000	0.0000	0.0000	0.0000	0.0000	0.0000	0.0000	0.0000	0.0000	0.0000	0.0000	0.0000	0.0000	0.0000	0.0000	0.0000	0.0000	0.0000	0.0000	0.0000	0.0000	0.0000	0.0000	0.0000	0.0000	0.0000	0.0000	0.0000	0.0000	0.0000	0.0000	0.0000	0.0000	0.0000	0.0000	0.0000	0.0000	0.0000	0.0000	0.0000	0.0000	0.0000	0.0000											
17	146	0.6764	10	1	1	1	0	0	0	0	0	N	N	N	N	N	N	N	N	N	N	N	N	0.0000	0.0000	0.0000	0.0000	0.0000	0.0000	0.0000	0.0000	0.0000	0.0000	0.0000	0.0000	0.0000	0.0000	0.0000	0.0000	0.0000	0.0000	0.0000	0.0000	0.0000	0.0003	0.0000	0.0000	0.0000	0.0000	0.0000	0.0000	0.0000	0.0000	0.0000	0.0000	0.0000	0.0000	0.0000	0.0000	0.0000	0.0000	0.0000	0.0000	0.0000	0.0000	0.0000	0.0000	0.0000	0.0000	0.0000	0.0000	0.0000	0.0000	0.0000	0.0000	0.0000	0.0000	0.0000	0.0000	0.0000	0.0000	0.0000	0.0000	0.0000	0.0000	0.0000	0.0000	0.0000	0.0000	0.0000	0.0000	0.0000	0.0000	0.0000	0.0000	0.0000	0.0000	0.0000	0.0000	0.0000	0.0000											
17	147	0.6578	9	1	0	1	0	0	0	0	0	N	N	N	N	N	N	N	N	N	N	N	N	0.0000	0.0000	0.0000	0.0000	0.0000	0.0000	0.0000	0.0000	0.0000	0.0000	0.0000	0.0000	0.0000	0.0000	0.0000	0.0000	0.0000	0.0000	0.0000	0.0000	0.0000	4.9449	0.0000	1.0063	0.0000	0.0000	0.0000	0.0000	0.0000	0.0000	0.0000	0.0000	0.0000	0.0000	0.0000	0.0000	0.0000	0.0000	0.0000	0.0000	0.0000	0.0000	0.0000	0.0000	0.0000	0.0000	0.0000	0.0000	0.0000	0.0000	0.0000	0.0000	0.0000	0.0000	0.0000	0.0000	0.0000	0.0000	0.0000	0.0000	0.0000	0.0000	0.0000	0.0000	0.0000	0.0000	0.0000	0.0000	0.0000	0.0000	0.0000	0.0000	0.0000	0.0000	0.0000	0.0000	0.0000	0.0000											
17	148	0.6412	8	1	0	1	0	0	0	0	0	N	N	N	N	N	N	N	N	N	N	N	N	0.0000	0.0000	0.0000	0.0000	0.0000	0.0000	0.0000	0.0000	0.0000	0.0000	0.0000	0.0000	0.0000	0.0000	0.0000	0.0000	0.0000	0.0000	0.0000	0.0000	0.0000	3.4778	0.0000	1.2917	0.0000	0.0000	0.0000	0.0000	0.0000	0.0000	0.0000	0.0000	0.0000	0.0000	0.0000	0.0000	0.0000	0.0000	0.0000	0.0000	0.0000	0.0000	0.0000	0.0000	0.0000	0.0000	0.0000	0.0000	0.0000	0.0000	0.0000	0.0000	0.0000	0.0000	0.0000	0.0000	0.0000	0.0000	0.0000	0.0000	0.0000	0.0000	0.0000	0.0000	0.0000	0.0000	0.0000	0.0000	0.0000	0.0000	0.0000	0.0000	0.0000	0.0000	0.0000	0.0000	0.0000	0.0000											
17	149	0.5909	7	1	0	1	0	0	0	0	0	N	N	N	N	N	N	N	N	N	N	N	N	0.0000	0.0000	0.0000	0.0000	0.0000	0.0000	0.0000	0.0000	0.0000	0.0000	0.0000	0.0000	0.0000	0.0000	0.0000	0.0000	0.0000	0.0000	0.0000	0.0000	0.0000	7.8050	0.0000	4.0035	0.0000	0.0000	0.0000	0.0000	0.0000	0.0000	0.0000	0.0000	0.0000	0.0000	0.0000	0.0000	0.0000	0.0000	0.0000	0.0000	0.0000	0.0000	0.0000	0.0000	0.0000	0.0000	0.0000	0.0000	0.0000	0.0000	0.0000	0.0000	0.0000	0.0000	0.0000	0.0000	0.0000	0.0000	0.0000	0.0000	0.0000	0.0000	0.0000	0.0000	0.0000	0.0000	0.0000	0.0000	0.0000	0.0000	0.0000	0.0000	0.0000	0.0000	0.0000	0.0000	0.0000	0.0000											
17	150	0.4963	7	1	0	1	0	0	0	0	0	N	N	N	N	N	N	N	N	N	N	N	N	0.0000	0.0000	0.0000	0.0000	0.0000	0.0000	0.0000	0.0000	0.0000	0.0000	0.0000	0.0000	0.0000	0.0000	0.0000	0.0000	0.0000	0.0000	0.0000	0.0000	0.0000	3.7255	0.0000	14.1767	0.0000	0.0000	0.0000	0.0000	0.0000	0.0000	0.0000	0.0000	0.0000	0.0000	0.0000	0.0000	0.0000	0.0000	0.0000	0.0000	0.0000	0.0000	0.0000	0.0000	0.0000	0.0000	0.0000	0.0000	0.0000	0.0000	0.0000	0.0000	0.0000	0.0000	0.0000	0.0000	0.0000	0.0000	0.0000	0.0000	0.0000	0.0000	0.0000	0.0000	0.0000	0.0000	0.0000	0.0000	0.0000	0.0000	0.0000	0.0000	0.0000	0.0000	0.0000	0.0000	0.0000	0.0000											
17	151	0.4799	6	1	0	1	0	0	0	0	0	N	N	N	N	N	N	N	N	N	N	N	N	0.0000	0.0000	0.0000	0.0000	0.0000	0.0000	0.0000	0.0000	0.0000	0.0000	0.0000	0.0000	0.0000	0.0000	0.0000	0.0000	0.0000	0.0000	0.0000	0.0000	0.0000	1.4205	0.0000	4.0377	0.0000	0.0000	0.0000	0.0000	0.0000	0.0000	0.0000	0.0000	0.0000	0.0000	0.0000	0.0000	0.0000	0.0000	0.0000	0.0000	0.0000	0.0000	0.0000	0.0000	0.0000	0.0000	0.0000	0.0000	0.0000	0.0000	0.0000	0.0000	0.0000	0.0000	0.0000	0.0000	0.0000	0.0000	0.0000	0.0000	0.0000	0.0000	0.0000	0.0000	0.0000	0.0000	0.0000	0.0000	0.0000	0.0000	0.0000	0.0000	0.0000	0.0000	0.0000	0.0000	0.0000	0.0000											
18	19	0.6020	5	1	1	1	0	0	0	0	0	N	N	N	N	N	N	N	N	N	N	N	N	0.0000	0.0000	0.0000	0.0000	0.0000	0.0000	0.0000	0.0000	0.0000	0.0000	0.0000	0.0000	0.0000	0.0000	0.0000	0.0000	0.0000	0.0000	0.0000	0.0000	0.0000	3.0000	0.0000	0.0000	0.0000	0.0000	0.0000	0.0000	0.0000	0.0000	0.0000	0.0000	0.0000	0.0000	0.0000	0.0000	0.0000	0.0000	0.0000	0.0000	0.0000	0.0000	0.0000	0.0000	0.0000	0.0000	0.0000	0.0000	0.0000	0.0000	0.0000	0.0000	0.0000	0.0000	0.0000	0.0000	0.0000	0.0000	0.0000	0.0000	0.0000	0.0000	0.0000	0.0000	0.0000	0.0000	0.0000	0.0000	0.0000	0.0000	0.0000	0.0000	0.0000	0.0000	0.0000	0.0000	0.0000	0.0000											
18	20	0.6244	6	0	1	1	0	0	0	0	0	N	N	N	N	N	N	N	N	N	N	N	N	0.0000	0.0000	0.0000	0.0000	0.0000	0.0000	0.0000	0.0000	0.0000	0.0000	0.0000	0.0000	0.0000	0.0000	0.0000	0.0000	0.0000	0.0000	0.0000	0.0000	0.0000	0.0000	0.0000	1.0000	0.0000	0.0000	0.0000	0.0000	0.0000	0.0000	0.0000	0.0000	0.0000	0.0000	0.0000	0.0000	0.0000	0.0000	0.0000	0.0000	0.0000	0.0000	0.0000	0.0000	0.0000	0.0000	0.0000	0.0000	0.0000	0.0000	0.0000	0.0000	0.0000	0.0000	0.0000	0.0000	0.0000	0.0000	0.0000	0.0000	0.0000	0.0000	0.0000	0.0000	0.0000	0.0000	0.0000	0.0000	0.0000	0.0000	0.0000	0.0000	0.0000	0.0000	0.0000	0.0000	0.0000	0.0000											
18	21	0.6504	7	0	0	1	1	0	0	0	0	N	N	N	N	N	N	N	N	N	N	N	N	0.0000	0.0000	0.0000	0.0000	0.0000	0.0000	0.0000	0.0000	0.0000	0.0000	0.0000	0.0000	0.0000	0.0000	0.0000	0.0000	0.0000	0.0000	0.0000	0.0000	0.0000	2.0045	0.0000	0.0106	0.0000	0.0000	0.0000	0.0000	0.0000	0.0000	0.0000	0.0000	0.0000	0.0000	0.0000	0.0000	0.0000	0.0000	0.0000	0.0000	0.0000	0.0000	0.0000	0.0000	0.0000	0.0000	0.0000	0.0000	0.0000	0.0000	0.0000	0.0000	0.0000	0.0000	0.0000	0.0000	0.0000	0.0000	0.0000	0.0000	0.0000	0.0000	0.0000	0.0000	0.0000	0.0000	0.0000	0.0000	0.0000	0.0000	0.0000	0.0000	0.0000	0.0000	0.0000	0.0000	0.0000	0.0000											
18	22	0.6212	6	0	0	1	1	0	0	0	0	N	N	N	N	N	N	N	N	N	N	N	N	0.0000	0.0000	0.0000	0.0000	0.0000	0.0000	0.0000	0.0000	0.0000	0.0000	0.0000	0.0000	0.0000	0.0000	0.0000	0.0000	0.0000	0.0000	0.0000	0.0000	0.0000	1.9989	0.0000	1.0099	0.0000	0.0000	0.0000	0.0000	0.0000	0.0000	0.0000	0.0000	0.0000	0.0000	0.0000	0.0000	0.0000	0.0000	0.0000	0.0000	0.0000	0.0000	0.0000	0.0000	0.0000	0.0000	0.0000	0.0000	0.0000	0.0000	0.0000	0.0000	0.0000	0.0000	0.0000	0.0000	0.0000	0.0000	0.0000	0.0000	0.0000	0.0000	0.0000	0.0000	0.0000	0.0000	0.0000	0.0000	0.0000	0.0000	0.0000	0.0000	0.0000	0.0000	0.0000	0.0000	0.0000	0.0000											
18	23	0.0879	5	0	1	1	1	0	0	0	0	N	N	N	N	N	N	N	N	N	N	N	N	0.0000	0.0000	0.0000	0.0000	0.0000	0.0000	0.0000	0.0000	0.0000	0.0000	0.0000	0.0000	0.0000	0.0000	0.0000	0.0000	0.0000	0.0000	0.0000	0.0000	0.0000	0.0000	0.0000	1.0024	0.0000	0.0000	0.0000	0.0000	0.0000	0.0000	0.0000	0.0000	0.0000	0.0000	0.0000	0.0000	0.0000	0.0000	0.0000	0.0000	0.0000	0.0000	0.0000	0.0000	0.0000	0.0000	0.0000	0.0000	0.0000	0.0000	0.0000	0.0000	0.0000	0.0000	0.0000	0.0000	0.0000	0.0000	0.0000	0.0000	0.0000	0.0000	0.0000	0.0000	0.0000	0.0000	0.0000	0.0000	0.0000	0.0000	0.0000	0.0000	0.0000	0.0000	0.0000	0.0000	0.0000	0.0000											
18	24	0.6244	6	0	1	1	0	0	0	0	0	N	N	N	N	N	N	N	N	N	N	N	N	0.0000	0.0000	0.0000	0.0000	0.0000	0.0000	0.0000	0.0000	0.0000	0.0000	0.0000	0.0000	0.0000	0.0000	0.0000	0.0000	0.0000	0.0000	0.0000	0.0000	0.0000	0.0000	0.0000	0.0000	0.0000	0.0000	0.0000	0.0000	0.0000	0.0000	0.0000	0.0000	0.0000	0.0000	0.0000	0.0000	0.0000	0.0000	0.0000	0.0000	0.0000	0.0000	0.0000	0.0000	0.0000	0.0000	0.0000	0.0000	0.0000	0.0000	0.0000	0.0000	0.0000	0.0000	0.0000	0.0000	0.0000	0.0000	0.0000	0.0000	0.0000	0.0000	0.0000	0.0000	0.0000	0.0000	0.0000	0.0000	0.0000	0.0000	0.0000	0.0000	0.0000	0.0000	0.0000	0.0000	0.0000	0.0000											
18	25	0.1196	5	0	1	1	0	0	0	0	0	N	N	N	N	N	N	N	N	N	N	N	N	0.0000	0.0000	0.0000	0.0000	0.0000	0.0000	0.0000	0.0000	0.0000	0.0000	0.0000	0.0000	0.0000	0.0000	0.0000	0.0000	0.0000	0.0000	0.0000	0.0000	0.0000	0.9998	0.0000	0.0242	0.0000	0.0000	0.0000	0.0000	0.0000	0.0000	0.0000	0.0000	0.0000	0.0000	0.0000	0.0000	0.0000	0.0000	0.0000	0.0000	0.0000	0.0000	0.0000	0.0000	0.0000	0.0000	0.0000	0.0000	0.0000	0.0000	0.0000	0.0000	0.0000	0.0000	0.0000	0.0000	0.0000	0.0000	0.0000	0.0000	0.0000	0.0000	0.0000	0.0000	0.0000	0.0000	0.0000	0.0000	0.0000	0.0000	0.0000	0.0000	0.0000	0.0000	0.0000	0.0000	0.0000	0.0000											
18	26	0.1573	8	0	1	1	1	0	0	0	0	N	N	N	N	N	N	N	N	N	N	N	N	0.0000	0.0000	0.0000	0.0000	0.0000	0.0000	0.0000	0.0000	0.0000	0.0000	0.0000	0.0000	0.0000	0.0000	0.0000	0.0000	0.0000	0.0000	0.0000	0.0000	0.0000	0.0000	0.0000	0.0000	0.0000	0.0000	0.0000	0.0000	0.0000	0.0000	0.0000	0.0000	0.0000	0.0000	0.0000	0.0000	0.0000	0.0000	0.0000	0.0000	0.0000	0.0000	0.0000	0.0000	0.0000	0.0000	0.0000	0.0000	0.0000	0.0000	0.0000	0.0000	0.0000	0.0000	0.0000	0.0000	0.0000	0.0000	0.0000	0.0000	0.0000	0.0000	0.0000	0.0000	0.0000	0.0000	0.0000	0.0000	0.0000	0.0000	0.0000	0.0000	0.0000	0.0000	0.0000	0.0000	0.0000	0.0000											
18	27	0.6481	6	1	1	1	0	0	0	0	0	N	N	N	N	N	N	N	N	N	N	N	N	0.0000	0.0000	0.0000	0.0000	0.0000	0.0000	0.0000	0.0000	0.0000	0.0000	0.0000	0.0000	0.0000	0.0000	0.0000	0.0000	0.0000	0.0000	0.0000	0.0000	0.0000	0.0418	0.0000	6.1659	0.0000	0.0000	0.0000	0.0000	0.0000	0.0000	0.0000	0.0000	0.0000	0.0000	0.0000	0.0000	0.0000	0.0000	0.0000	0.0000	0.0000	0.0000	0.0000	0.0000	0.0000	0.0000	0.0000	0.0000	0.0000	0.0000	0.0000	0.0000	0.0000	0.0000	0.0000	0.0000	0.0000	0.0000	0.0000	0.0000	0.0000	0.0000	0.0000	0.0000	0.0000	0.0000	0.0000	0.0000	0.0000	0.0000	0.0000	0.0000	0.0000	0.0000	0.0000	0.0000	0.0000	0.0000											
18	28	0.6550	9	0	0	1	1	0	0	0	0	N	N	N	N	N	N	N	N	N	N	N	N	0.0000	0.0000	0.0000	0.0000	0.0000	0.0000	0.0000	0.0000	0.0000	0.0000	0.0000	0.0000	0.0000	0.0000	0.0000	0.0000	0.0000	0.0000	0.0000	0.0000	0.0000	1.5398	0.0000	1.0296	0.0000	0.0000	0.0000	0.0000	0.0000	0.0000	0.0000	0.0000	0.0000	0.0000	0.0000	0.0000	0.0000	0.0000	0.0000	0.0000	0.0000	0.0000	0.0000	0.0000	0.0000	0.0000	0.0000	0.0000	0.0000	0.0000	0.0000	0.0000	0.0000	0.0000	0.0000	0.0000	0.0000	0.0000	0.0000	0.0000	0.0000	0.0000	0.0000	0.0000	0.0000	0.0000	0.0000	0.0000	0.0000	0.0000	0.0000	0.0000	0.0000	0.0000	0.0000	0.0000	0.0000	0.0000											
18	29	0.6499	8	0	0	1	1	0	0	0	0	N	N	N	N	N	N	N	N	N	N	N	N	0.0000	0.0000	0.0000	0.0000	0.0000	0.0000	0.0000	0.0000	0.0000	0.0000	0.0000	0.0000	0.0000	0.0000	0.0000	0.0000	0.0000	0.0000	0.0000	0.0000	0.0000	0.8816	0.0000	0.0702	0.0000	0.0000	0.0000	0.0000	0.0000	0.0000	0.0000	0.0000	0.0000	0.0000	0.0000	0.0000	0.0000	0.0000	0.0000	0.0000	0.0000	0.0000	0.0000	0.0000	0.0000	0.0000	0.0000	0.0000	0.0000	0.0000	0.0000	0.0000	0.0000	0.0000	0.0000	0.0000	0.0000	0.0000	0.0000	0.0000	0.0000	0.0000	0.0000	0.0000	0.0000	0.0000	0.0000	0.0000	0.0000	0.0000	0.0000	0.0000	0.0000	0.0000	0.0000	0.0000	0.0000	0.0000											
18	30	0.1032	6	0	0	1	1	0	0	0	0	N	N	N	N	N	N	N	N	N	N	N	N	0.0000	0.0000	0.0000	0.0000	0.0000	0.0000	0.0000	0.0000	0.0000	0.0000	0.0000	0.0000	0.0000	0.0000	0.0000	0.0000	0.0000	0.0000	0.0000	0.0000	0.0000	0.0000	0.0000	0.0000	0.0000	0.0000	0.0000	0.0000	0.0000	0.0000	0.0000	0.0000	0.0000	0.0000	0.0000	0.0000	0.0000	0.0000	0.0000	0.0000	0.0000	0.0000	0.0000	0.0000	0.0000	0.0000	0.0000	0.0000	0.0000	0.0000	0.0000	0.0000	0.0000	0.0000	0.0000	0.0000	0.0000	0.0000	0.0000	0.0000	0.0000	0.0000	0.0000	0.0000	0.0000	0.0000	0.0000	0.0000	0.0000	0.0000	0.0000	0.0000	0.0000	0.0000	0.0000	0.0000	0.0000	0.0000											
18	31	0.1100	4	1	0	2	0	0	0	0	0	N	N	Y	N	N	N	N	N	N	N	N	N	0.0000	0.0000	0.0000	0.0000	0.0000	0.0000	0.0000	0.0000	0.0000	0.0000	0.0000	0.0000	0.0000	0.0000	0.0000	0.0000	0.0000	0.0000	0.0000	0.0000	0.0000	0.0000	0.0000	0.0000	0.0000	0.0000	0.0000	0.0000	0.0000	0.0000	0.0000	0.0000	0.0000	0.0000	0.0000	0.0000	0.0000	0.0000	0.0000	0.0000	0.0000	0.0000	0.0000	0.0000	0.0000	0.0000	0.0000	0.0000	0.0000	0.0000	0.0000	0.0000	0.0000	0.0000	0.0000	0.0000	0.0000	0.0000	0.0000	0.0000	0.0000	0.0000	0.0000	0.0000	0.0000	0.0000	0.0000	0.0000	0.0000	0.0000	0.0000	0.0000	0.0000	0.0000	0.0000	0.0000	0.0000	0.0000											
18	32	0.0458	2	0	1	1	0	0	0	0	0	N	N	N	N	N	N	N	N	N	N	N	N	0.0000	0.0000	0.0000	0.0000	0.0000	0.0000	0.0000	0.0000	0.0000	0.0000	0.0000	0.0000	0.0000	0.0000	0.0000	0.0000	0.0000	0.0000	0.0000	0.0000	0.0000	0.0006	0.0000	3.0000	0.0000	0.0000	0.0000	0.0000	0.0000	0.0000	0.0000	0.0000	0.0000	0.0000	0.0000	0.0000	0.0000	0.0000	0.0000	0.0000	0.0000	0.0000	0.0000	0.0000	0.0000	0.0000	0.0000	0.0000	0.0000	0.0000	0.0000	0.0000	0.0000	0.0000	0.0000	0.0000	0.0000	0.0000	0.0000	0.0000	0.0000	0.0000	0.0000	0.0000	0.0000	0.0000	0.0000	0.0000	0.0000	0.0000	0.0000	0.0000	0.0000	0.0000	0.0000	0.0000	0.0000	0.0000											
18	33	0.0458	2	0	1	1	0	0	0	0	0	N	N	N	N	N	N	N	N	N	N	N	N	0.0000	0.0000	0.0000	0.0000	0.0000	0.0000	0.0000	0.0000	0.0000	0.0000	0.0000	0.0000	0.0000	0.0000	0.0000	0.0000	0.0000	0.0000	0.0000	0.0000	0.0000	2.0006	0.0000	8.0000	0.0000	0.0000	0.0000	0.0000	0.0000	0.0000	0.0000	0.0000	0.0000	0.0000	0.0000	0.0000	0.0000	0.0000	0.0000	0.0000	0.0000	0.0000	0.0000	0.0000	0.0000	0.0000	0.0000	0.0000	0.0000	0.0000	0.0000	0.0000	0.0000	0.0000	0.0000	0.0000	0.0000	0.0000	0.0000	0.0000	0.0000	0.0000	0.0000	0.0000	0.0000	0.0000	0.0000	0.0000	0.0000	0.0000	0.0000	0.0000	0.0000	0.0000	0.0000	0.0000	0.0000	0.0000											
18	34	0.0871	3	1	1	1	0	0	0	0	0	N	N	N	N	N	N	N	N	N	N	N	N	0.0000	0.0000	0.0000	0.0000	0.0000	0.0000	0.0000	0.0000	0.0000	0.0000	0.0000	0.0000	0.0000	0.0000	0.0000	0.0000	0.0000	0.0000	0.0000	0.0000	0.0000	10.0001	0.0000	4.0001	0.0000	0.0000	0.0000	0.0000	0.0000	0.0000	0.0000	0.0000	0.0000	0.0000	0.0000	0.0000	0.0000	0.0000	0.0000	0.0000	0.0000	0.0000	0.0000	0.0000	0.0000	0.0000	0.0000	0.0000	0.0000	0.0000	0.0000	0.0000	0.0000	0.0000	0.0000	0.0000	0.0000	0.0000	0.0000	0.0000	0.0000	0.0000	0.0000	0.0000	0.0000	0.0000	0.0000	0.0000	0.0000	0.0000	0.0000	0.0000	0.0000	0.0000	0.0000	0.0000	0.0000	0.0000											
18	35	0.0458	2	0	1	1	0	0	0	0	0	N	N	N	N	N	N	N	N	N	N	N	N	0.0000	0.0000	0.0000	0.0000	0.0000	0.0000	0.0000	0.0000	0.0000	0.0000	0.0000	0.0000	0.0000	0.0000	0.0000	0.0000	0.0000	0.0000	0.0000	0.0000	0.0000	3.0004	0.0000	2.0000	0.0000	0.0000	0.0000	0.0000	0.0000	0.0000	0.0000	0.0000	0.0000	0.0000	0.0000	0.0000	0.0000	0.0000	0.0000	0.0000	0.0000	0.0000	0.0000	0.0000	0.0000	0.0000	0.0000	0.0000	0.0000	0.0000	0.0000	0.0000	0.0000	0.0000	0.0000	0.0000	0.0000	0.0000	0.0000	0.0000	0.0000	0.0000	0.0000	0.0000	0.0000	0.0000	0.0000	0.0000	0.0000	0.0000	0.0000	0.0000	0.0000	0.0000	0.0000	0.0000	0.0000	0.0000											
18	36	0.6020	5	0	1	1	0	0	0	0	0	N	N	N	N	N	N	N	N	N	N	N	N	0.0000	0.0000	0.0000	0.0000	0.0000	0.0000	0.0000	0.0000	0.0000	0.0000	0.0000	0.0000	0.0000	0.0000	0.0000	0.0000	0.0000	0.0000	0.0000	0.0000	0.0000	3.0000	0.0000	3.0000	0.0000	0.0000	0.0000	0.0000	0.0000	0.0000	0.0000	0.0000	0.0000	0.0000	0.0000	0.0000	0.0000	0.0000	0.0000	0.0000	0.0000	0.0000	0.0000	0.0000	0.0000	0.0000	0.0000	0.0000	0.0000	0.0000	0.0000	0.0000	0.0000	0.0000	0.0000	0.0000	0.0000	0.0000	0.0000	0.0000	0.0000	0.0000	0.0000	0.0000	0.0000	0.0000	0.0000	0.0000	0.0000	0.0000	0.0000	0.0000	0.0000	0.0000	0.0000	0.0000	0.0000	0.0000											
18	37	0.0760	3	1	1	1	0	0	0	0	0	N	N	N	N	N	N	N	N	N	N	N	N	0.0000	0.0000	0.0000	0.0000	0.0000	0.0000	0.0000	0.0000	0.0000	0.0000	0.0000	0.0000	0.0000	0.0000	0.0000	0.0000	0.0000	0.0000	0.0000	0.0000	0.0000	4.2779	0.0000	3.9542	0.0000	0.0000	0.0000	0.0000	0.0000	0.0000	0.0000	0.0000	0.0000	0.0000	0.0000	0.0000	0.0000	0.0000	0.0000	0.0000	0.0000	0.0000	0.0000	0.0000	0.0000	0.0000	0.0000	0.0000	0.0000	0.0000	0.0000	0.0000	0.0000	0.0000	0.0000	0.0000	0.0000	0.0000	0.0000	0.0000	0.0000	0.0000	0.0000	0.0000	0.0000	0.0000	0.0000	0.0000	0.0000	0.0000	0.0000	0.0000	0.0000	0.0000	0.0000	0.0000	0.0000	0.0000											
18	38	0.6686	9	1	1	1	0	0	0	0	0	N	N	N	N	N	N	N	N	N	N	N	N	0.0000	0.0000	0.0000	0.0000	0.0000	0.0000	0.0000	0.0000	0.0000	0.0000	0.0000	0.0000	0.0000	0.0000	0.0000	0.0000	0.0000	0.0000	0.0000	0.0000	0.0000	2.8243	0.0000	1.0201	0.0000	0.0000	0.0000	0.0000	0.0000	0.0000	0.0000	0.0000	0.0000	0.0000	0.0000	0.0000	0.0000	0.0000	0.0000	0.0000	0.0000	0.0000	0.0000	0.0000	0.0000	0.0000	0.0000	0.0000	0.0000	0.0000	0.0000	0.0000	0.0000	0.0000	0.0000	0.0000	0.0000	0.0000	0.0000	0.0000	0.0000	0.0000	0.0000	0.0000	0.0000	0.0000	0.0000	0.0000	0.0000	0.0000	0.0000	0.0000	0.0000	0.0000	0.0000	0.0000	0.0000	0.0000											
18	39	0.0871	3	0	1	1	0	0	0	0	0	N	N	N	N	N	N	N	N	N	N	N	N	0.0000	0.0000	0.0000	0.0000	0.0000	0.0000	0.0000	0.0000	0.0000	0.0000	0.0000	0.0000	0.0000	0.0000	0.0000	0.0000	0.0000	0.0000	0.0000	0.0000	0.0000	5.0001	0.0000	5.0000	0.0000	0.0000	0.0000	0.0000	0.0000	0.0000	0.0000	0.0000	0.0000	0.0000	0.0000	0.0000	0.0000	0.0000	0.0000	0.0000	0.0000	0.0000	0.0000	0.0000	0.0000	0.0000	0.0000	0.0000	0.0000	0.0000	0.0000	0.0000	0.0000	0.0000	0.0000	0.0000	0.0000	0.0000	0.0000	0.0000	0.0000	0.0000	0.0000	0.0000	0.0000	0.0000	0.0000	0.0000	0.0000	0.0000	0.0000	0.0000	0.0000	0.0000	0.0000	0.0000	0.0000	0.0000											
18	40	0.6244	6	0	1	1	0	0	0	0	0	N	N	N	N	N	N	N	N	N	N	N	N	0.0000	0.0000	0.0000	0.0000	0.0000	0.0000	0.0000	0.0000	0.0000	0.0000	0.0000	0.0000	0.0000	0.0000	0.0000	0.0000	0.0000	0.0000	0.0000	0.0000	0.0000	0.0000	0.0000	2.0000	0.0000	0.0000	0.0000	0.0000	0.0000	0.0000	0.0000	0.0000	0.0000	0.0000	0.0000	0.0000	0.0000	0.0000	0.0000	0.0000	0.0000	0.0000	0.0000	0.0000	0.0000	0.0000	0.0000	0.0000	0.0000	0.0000	0.0000	0.0000	0.0000	0.0000	0.0000	0.0000	0.0000	0.0000	0.0000	0.0000	0.0000	0.0000	0.0000	0.0000	0.0000	0.0000	0.0000	0.0000	0.0000	0.0000	0.0000	0.0000	0.0000	0.0000	0.0000	0.0000	0.0000	0.0000											
18	41	0.0871	3	0	1	1	0	0	0	0	0	N	N	N	N	N	N	N	N	N	N	N	N	0.0000	0.0000	0.0000	0.0000	0.0000	0.0000	0.0000	0.0000	0.0000	0.0000	0.0000	0.0000	0.0000	0.0000	0.0000	0.0000	0.0000	0.0000	0.0000	0.0000	0.0000	5.9998	0.0000	3.0000	0.0000	0.0000	0.0000	0.0000	0.0000	0.0000	0.0000	0.0000	0.0000	0.0000	0.0000	0.0000	0.0000	0.0000	0.0000	0.0000	0.0000	0.0000	0.0000	0.0000	0.0000	0.0000	0.0000	0.0000	0.0000	0.0000	0.0000	0.0000	0.0000	0.0000	0.0000	0.0000	0.0000	0.0000	0.0000	0.0000	0.0000	0.0000	0.0000	0.0000	0.0000	0.0000	0.0000	0.0000	0.0000	0.0000	0.0000	0.0000	0.0000	0.0000	0.0000	0.0000	0.0000	0.0000											
18	42	0.6905	10	0	1	2	1	0	0	0	0	N	N	Y	N	N	N	N	N	N	N	N	N	0.0000	0.0000	0.0000	0.0000	0.0000	0.0000	0.0000	0.0000	0.0000	0.0000	0.0000	0.0000	0.0000	0.0000	0.0000	0.0000	0.0000	0.0000	0.0000	0.0000	0.0000	0.0011	0.0000	1.0134	0.0000	0.0000	0.0000	0.0000	0.0000	0.0000	0.0000	0.0000	0.0000	0.0000	0.0000	0.0000	0.0000	0.0000	0.0000	0.0000	0.0000	0.0000	0.0000	0.0000	0.0000	0.0000	0.0000	0.0000	0.0000	0.0000	0.0000	0.0000	0.0000	0.0000	0.0000	0.0000	0.0000	0.0000	0.0000	0.0000	0.0000	0.0000	0.0000	0.0000	0.0000	0.0000	0.0000	0.0000	0.0000	0.0000	0.0000	0.0000	0.0000	0.0000	0.0000	0.0000	0.0000	0.0000											
18	43	0.6686	9	0	0	1	1	0	0	0	0	N	N	N	N	N	N	N	N	N	N	N	N	0.0000	0.0000	0.0000	0.0000	0.0000	0.0000	0.0000	0.0000	0.0000	0.0000	0.0000	0.0000	0.0000	0.0000	0.0000	0.0000	0.0000	0.0000	0.0000	0.0000	0.0000	2.8187	0.0000	0.0347	0.0000	0.0000	0.0000	0.0000	0.0000	0.0000	0.0000	0.0000	0.0000	0.0000	0.0000	0.0000	0.0000	0.0000	0.0000	0.0000	0.0000	0.0000	0.0000	0.0000	0.0000	0.0000	0.0000	0.0000	0.0000	0.0000	0.0000	0.0000	0.0000	0.0000	0.0000	0.0000	0.0000	0.0000	0.0000	0.0000	0.0000	0.0000	0.0000	0.0000	0.0000	0.0000	0.0000	0.0000	0.0000	0.0000	0.0000	0.0000	0.0000	0.0000	0.0000	0.0000	0.0000	0.0000											
18	44	0.6559	8	0	0	1	0	0	0	0	0	N	N	N	N	N	N	N	N	N	N	N	N	0.0000	0.0000	0.0000	0.0000	0.0000	0.0000	0.0000	0.0000	0.0000	0.0000	0.0000	0.0000	0.0000	0.0000	0.0000	0.0000	0.0000	0.0000	0.0000	0.0000	0.0000	0.9605	0.0000	1.0076	0.0000	0.0000	0.0000	0.0000	0.0000	0.0000	0.0000	0.0000	0.0000	0.0000	0.0000	0.0000	0.0000	0.0000	0.0000	0.0000	0.0000	0.0000	0.0000	0.0000	0.0000	0.0000	0.0000	0.0000	0.0000	0.0000	0.0000	0.0000	0.0000	0.0000	0.0000	0.0000	0.0000	0.0000	0.0000	0.0000	0.0000	0.0000	0.0000	0.0000	0.0000	0.0000	0.0000	0.0000	0.0000	0.0000	0.0000	0.0000	0.0000	0.0000	0.0000	0.0000	0.0000	0.0000											
18	45	0.0990	5	0	1	2	1	0	0	0	0	N	N	Y	N	N	N	N	N	N	N	N	N	0.0000	0.0000	0.0000	0.0000	0.0000	0.0000	0.0000	0.0000	0.0000	0.0000	0.0000	0.0000	0.0000	0.0000	0.0000	0.0000	0.0000	0.0000	0.0000	0.0000	0.0000	1.0000	0.0000	1.0000	0.0000	0.0000	0.0000	0.0000	0.0000	0.0000	0.0000	0.0000	0.0000	0.0000	0.0000	0.0000	0.0000	0.0000	0.0000	0.0000	0.0000	0.0000	0.0000	0.0000	0.0000	0.0000	0.0000	0.0000	0.0000	0.0000	0.0000	0.0000	0.0000	0.0000	0.0000	0.0000	0.0000	0.0000	0.0000	0.0000	0.0000	0.0000	0.0000	0.0000	0.0000	0.0000	0.0000	0.0000	0.0000	0.0000	0.0000	0.0000	0.0000	0.0000	0.0000	0.0000	0.0000	0.0000											
18	46	0.6020	5	0	1	1	0	0	0	0	0	N	N	N	N	N	N	N	N	N	N	N	N	0.0000	0.0000	0.0000	0.0000	0.0000	0.0000	0.0000	0.0000	0.0000	0.0000	0.0000	0.0000	0.0000	0.0000	0.0000	0.0000	0.0000	0.0000	0.0000	0.0000	0.0000	0.0000	0.0000	0.0000	0.0000	0.0000	0.0000	0.0000	0.0000	0.0000	0.0000	0.0000	0.0000	0.0000	0.0000	0.0000	0.0000	0.0000	0.0000	0.0000	0.0000	0.0000	0.0000	0.0000	0.0000	0.0000	0.0000	0.0000	0.0000	0.0000	0.0000	0.0000	0.0000	0.0000	0.0000	0.0000	0.0000	0.0000	0.0000	0.0000	0.0000	0.0000	0.0000	0.0000	0.0000	0.0000	0.0000	0.0000	0.0000	0.0000	0.0000	0.0000	0.0000	0.0000	0.0000	0.0000	0.0000	0.0000											
18	47	0.6559	8	0	1	1	1	0	0	0	0	N	N	N	N	N	N	N	N	N	N	N	N	0.0000	0.0000	0.0000	0.0000	0.0000	0.0000	0.0000	0.0000	0.0000	0.0000	0.0000	0.0000	0.0000	0.0000	0.0000	0.0000	0.0000	0.0000	0.0000	0.0000	0.0000	0.0000	0.0000	1.0000	0.0000	0.0000	0.0000	0.0000	0.0000	0.0000	0.0000	0.0000	0.0000	0.0000	0.0000	0.0000	0.0000	0.0000	0.0000	0.0000	0.0000	0.0000	0.0000	0.0000	0.0000	0.0000	0.0000	0.0000	0.0000	0.0000	0.0000	0.0000	0.0000	0.0000	0.0000	0.0000	0.0000	0.0000	0.0000	0.0000	0.0000	0.0000	0.0000	0.0000	0.0000	0.0000	0.0000	0.0000	0.0000	0.0000	0.0000	0.0000	0.0000	0.0000	0.0000	0.0000	0.0000	0.0000											
18	48	0.6020	5	1	1	1	0	0	0	0	0	N	N	N	N	N	N	N	N	N	N	N	N	0.0000	0.0000	0.0000	0.0000	0.0000	0.0000	0.0000	0.0000	0.0000	0.0000	0.0000	0.0000	0.0000	0.0000	0.0000	0.0000	0.0000	0.0000	0.0000	0.0000	0.0000	0.0000	0.0000	4.0000	0.0000	0.0000	0.0000	0.0000	0.0000	0.0000	0.0000	0.0000	0.0000	0.0000	0.0000	0.0000	0.0000	0.0000	0.0000	0.0000	0.0000	0.0000	0.0000	0.0000	0.0000	0.0000	0.0000	0.0000	0.0000	0.0000	0.0000	0.0000	0.0000	0.0000	0.0000	0.0000	0.0000	0.0000	0.0000	0.0000	0.0000	0.0000	0.0000	0.0000	0.0000	0.0000	0.0000	0.0000	0.0000	0.0000	0.0000	0.0000	0.0000	0.0000	0.0000	0.0000	0.0000	0.0000											
18	49	0.6767	9	0	0	2	0	0	0	0	0	N	N	Y	N	N	N	N	N	N	N	N	N	0.0000	0.0000	0.0000	0.0000	0.0000	0.0000	0.0000	0.0000	0.0000	0.0000	0.0000	0.0000	0.0000	0.0000	0.0000	0.0000	0.0000	0.0000	0.0000	0.0000	0.0000	0.0000	0.0000	0.0000	0.0000	0.0000	0.0000	0.0000	0.0000	0.0000	0.0000	0.0000	0.0000	0.0000	0.0000	0.0000	0.0000	0.0000	0.0000	0.0000	0.0000	0.0000	0.0000	0.0000	0.0000	0.0000	0.0000	0.0000	0.0000	0.0000	0.0000	0.0000	0.0000	0.0000	0.0000	0.0000	0.0000	0.0000	0.0000	0.0000	0.0000	0.0000	0.0000	0.0000	0.0000	0.0000	0.0000	0.0000	0.0000	0.0000	0.0000	0.0000	0.0000	0.0000	0.0000	0.0000	0.0000	0.0000											
18	50	0.1081	4	0	0	2	0	0	0	0	0	N	N	Y	N	N	N	N	N	N	N	N	N	0.0000	0.0000	0.0000	0.0000	0.0000	0.0000	0.0000	0.0000	0.0000	0.0000	0.0000	0.0000	0.0000	0.0000	0.0000	0.0000	0.0000	0.0000	0.0000	0.0000	0.0000	1.0000	0.0000	1.0000	0.0000	0.0000	0.0000	0.0000	0.0000	0.0000	0.0000	0.0000	0.0000	0.0000	0.0000	0.0000	0.0000	0.0000	0.0000	0.0000	0.0000	0.0000	0.0000	0.0000	0.0000	0.0000	0.0000	0.0000	0.0000	0.0000	0.0000	0.0000	0.0000	0.0000	0.0000	0.0000	0.0000	0.0000	0.0000	0.0000	0.0000	0.0000	0.0000	0.0000	0.0000	0.0000	0.0000	0.0000	0.0000	0.0000	0.0000	0.0000	0.0000	0.0000	0.0000	0.0000	0.0000	0.0000											
18	51	0.1126	4	0	1	1	0	0	0	0	0	N	N	N	N	N	N	N	N	N	N	N	N	0.0000	0.0000	0.0000	0.0000	0.0000	0.0000	0.0000	0.0000	0.0000	0.0000	0.0000	0.0000	0.0000	0.0000	0.0000	0.0000	0.0000	0.0000	0.0000	0.0000	0.0000	0.0003	0.0000	0.9690	0.0000	0.0000	0.0000	0.0000	0.0000	0.0000	0.0000	0.0000	0.0000	0.0000	0.0000	0.0000	0.0000	0.0000	0.0000	0.0000	0.0000	0.0000	0.0000	0.0000	0.0000	0.0000	0.0000	0.0000	0.0000	0.0000	0.0000	0.0000	0.0000	0.0000	0.0000	0.0000	0.0000	0.0000	0.0000	0.0000	0.0000	0.0000	0.0000	0.0000	0.0000	0.0000	0.0000	0.0000	0.0000	0.0000	0.0000	0.0000	0.0000	0.0000	0.0000	0.0000	0.0000	0.0000											
18	52	0.6800	9	0	1	1	0	0	0	0	0	N	N	N	N	N	N	N	N	N	N	N	N	0.0000	0.0000	0.0000	0.0000	0.0000	0.0000	0.0000	0.0000	0.0000	0.0000	0.0000	0.0000	0.0000	0.0000	0.0000	0.0000	0.0000	0.0000	0.0000	0.0000	0.0000	0.9211	0.0000	0.1671	0.0000	0.0000	0.0000	0.0000	0.0000	0.0000	0.0000	0.0000	0.0000	0.0000	0.0000	0.0000	0.0000	0.0000	0.0000	0.0000	0.0000	0.0000	0.0000	0.0000	0.0000	0.0000	0.0000	0.0000	0.0000	0.0000	0.0000	0.0000	0.0000	0.0000	0.0000	0.0000	0.0000	0.0000	0.0000	0.0000	0.0000	0.0000	0.0000	0.0000	0.0000	0.0000	0.0000	0.0000	0.0000	0.0000	0.0000	0.0000	0.0000	0.0000	0.0000	0.0000	0.0000	0.0000											
18	53	0.0990	5	0	1	1	0	0	0	0	0	N	N	N	N	N	N	N	N	N	N	N	N	0.0000	0.0000	0.0000	0.0000	0.0000	0.0000	0.0000	0.0000	0.0000	0.0000	0.0000	0.0000	0.0000	0.0000	0.0000	0.0000	0.0000	0.0000	0.0000	0.0000	0.0000	1.0000	0.0000	5.0000	0.0000	0.0000	0.0000	0.0000	0.0000	0.0000	0.0000	0.0000	0.0000	0.0000	0.0000	0.0000	0.0000	0.0000	0.0000	0.0000	0.0000	0.0000	0.0000	0.0000	0.0000	0.0000	0.0000	0.0000	0.0000	0.0000	0.0000	0.0000	0.0000	0.0000	0.0000	0.0000	0.0000	0.0000	0.0000	0.0000	0.0000	0.0000	0.0000	0.0000	0.0000	0.0000	0.0000	0.0000	0.0000	0.0000	0.0000	0.0000	0.0000	0.0000	0.0000	0.0000	0.0000	0.0000											
18	54	0.0838	4	0	0	1	0	0	0	0	0	N	N	N	N	N	N	N	N	N	N	N	N	0.0000	0.0000	0.0000	0.0000	0.0000	0.0000	0.0000	0.0000	0.0000	0.0000	0.0000	0.0000	0.0000	0.0000	0.0000	0.0000	0.0000	0.0000	0.0000	0.0000	0.0000	0.0000	0.0000	2.9157	0.0000	0.0000	0.0000	0.0000	0.0000	0.0000	0.0000	0.0000	0.0000	0.0000	0.0000	0.0000	0.0000	0.0000	0.0000	0.0000	0.0000	0.0000	0.0000	0.0000	0.0000	0.0000	0.0000	0.0000	0.0000	0.0000	0.0000	0.0000	0.0000	0.0000	0.0000	0.0000	0.0000	0.0000	0.0000	0.0000	0.0000	0.0000	0.0000	0.0000	0.0000	0.0000	0.0000	0.0000	0.0000	0.0000	0.0000	0.0000	0.0000	0.0000	0.0000	0.0000	0.0000	0.0000											
18	55	0.6559	8	0	1	1	0	0	0	0	0	N	N	N	N	N	N	N	N	N	N	N	N	0.0000	0.0000	0.0000	0.0000	0.0000	0.0000	0.0000	0.0000	0.0000	0.0000	0.0000	0.0000	0.0000	0.0000	0.0000	0.0000	0.0000	0.0000	0.0000	0.0000	0.0000	2.0000	0.0000	3.0000	0.0000	0.0000	0.0000	0.0000	0.0000	0.0000	0.0000	0.0000	0.0000	0.0000	0.0000	0.0000	0.0000	0.0000	0.0000	0.0000	0.0000	0.0000	0.0000	0.0000	0.0000	0.0000	0.0000	0.0000	0.0000	0.0000	0.0000	0.0000	0.0000	0.0000	0.0000	0.0000	0.0000	0.0000	0.0000	0.0000	0.0000	0.0000	0.0000	0.0000	0.0000	0.0000	0.0000	0.0000	0.0000	0.0000	0.0000	0.0000	0.0000	0.0000	0.0000	0.0000	0.0000	0.0000											
18	56	0.0760	3	0	1	1	1	0	0	0	0	N	N	N	N	N	N	N	N	N	N	N	N	0.0000	0.0000	0.0000	0.0000	0.0000	0.0000	0.0000	0.0000	0.0000	0.0000	0.0000	0.0000	0.0000	0.0000	0.0000	0.0000	0.0000	0.0000	0.0000	0.0000	0.0000	1.7218	0.0000	6.9557	0.0000	0.0000	0.0000	0.0000	0.0000	0.0000	0.0000	0.0000	0.0000	0.0000	0.0000	0.0000	0.0000	0.0000	0.0000	0.0000	0.0000	0.0000	0.0000	0.0000	0.0000	0.0000	0.0000	0.0000	0.0000	0.0000	0.0000	0.0000	0.0000	0.0000	0.0000	0.0000	0.0000	0.0000	0.0000	0.0000	0.0000	0.0000	0.0000	0.0000	0.0000	0.0000	0.0000	0.0000	0.0000	0.0000	0.0000	0.0000	0.0000	0.0000	0.0000	0.0000	0.0000	0.0000											
18	57	0.0871	3	1	0	2	0	0	0	0	0	N	N	Y	N	N	N	N	N	N	N	N	N	0.0000	0.0000	0.0000	0.0000	0.0000	0.0000	0.0000	0.0000	0.0000	0.0000	0.0000	0.0000	0.0000	0.0000	0.0000	0.0000	0.0000	0.0000	0.0000	0.0000	0.0000	8.9999	0.0000	5.0001	0.0000	0.0000	0.0000	0.0000	0.0000	0.0000	0.0000	0.0000	0.0000	0.0000	0.0000	0.0000	0.0000	0.0000	0.0000	0.0000	0.0000	0.0000	0.0000	0.0000	0.0000	0.0000	0.0000	0.0000	0.0000	0.0000	0.0000	0.0000	0.0000	0.0000	0.0000	0.0000	0.0000	0.0000	0.0000	0.0000	0.0000	0.0000	0.0000	0.0000	0.0000	0.0000	0.0000	0.0000	0.0000	0.0000	0.0000	0.0000	0.0000	0.0000	0.0000	0.0000	0.0000	0.0000											
18	58	0.6020	5	1	0	2	0	0	0	0	0	N	N	Y	N	N	N	N	N	N	N	N	N	0.0000	0.0000	0.0000	0.0000	0.0000	0.0000	0.0000	0.0000	0.0000	0.0000	0.0000	0.0000	0.0000	0.0000	0.0000	0.0000	0.0000	0.0000	0.0000	0.0000	0.0000	0.0000	0.0000	1.0000	0.0000	0.0000	0.0000	0.0000	0.0000	0.0000	0.0000	0.0000	0.0000	0.0000	0.0000	0.0000	0.0000	0.0000	0.0000	0.0000	0.0000	0.0000	0.0000	0.0000	0.0000	0.0000	0.0000	0.0000	0.0000	0.0000	0.0000	0.0000	0.0000	0.0000	0.0000	0.0000	0.0000	0.0000	0.0000	0.0000	0.0000	0.0000	0.0000	0.0000	0.0000	0.0000	0.0000	0.0000	0.0000	0.0000	0.0000	0.0000	0.0000	0.0000	0.0000	0.0000	0.0000	0.0000											
18	59	0.1126	4	0	0	2	0	0	0	0	0	N	N	Y	N	N	N	N	N	N	N	N	N	0.0000	0.0000	0.0000	0.0000	0.0000	0.0000	0.0000	0.0000	0.0000	0.0000	0.0000	0.0000	0.0000	0.0000	0.0000	0.0000	0.0000	0.0000	0.0000	0.0000	0.0000	0.0006	0.0000	1.1867	0.0000	0.0000	0.0000	0.0000	0.0000	0.0000	0.0000	0.0000	0.0000	0.0000	0.0000	0.0000	0.0000	0.0000	0.0000	0.0000	0.0000	0.0000	0.0000	0.0000	0.0000	0.0000	0.0000	0.0000	0.0000	0.0000	0.0000	0.0000	0.0000	0.0000	0.0000	0.0000	0.0000	0.0000	0.0000	0.0000	0.0000	0.0000	0.0000	0.0000	0.0000	0.0000	0.0000	0.0000	0.0000	0.0000	0.0000	0.0000	0.0000	0.0000	0.0000	0.0000	0.0000	0.0000											
18	60	0.0760	3	0	0	1	0	0	0	0	0	N	N	N	N	N	N	N	N	N	N	N	N	0.0000	0.0000	0.0000	0.0000	0.0000	0.0000	0.0000	0.0000	0.0000	0.0000	0.0000	0.0000	0.0000	0.0000	0.0000	0.0000	0.0000	0.0000	0.0000	0.0000	0.0000	2.2785	0.0000	4.8627	0.0000	0.0000	0.0000	0.0000	0.0000	0.0000	0.0000	0.0000	0.0000	0.0000	0.0000	0.0000	0.0000	0.0000	0.0000	0.0000	0.0000	0.0000	0.0000	0.0000	0.0000	0.0000	0.0000	0.0000	0.0000	0.0000	0.0000	0.0000	0.0000	0.0000	0.0000	0.0000	0.0000	0.0000	0.0000	0.0000	0.0000	0.0000	0.0000	0.0000	0.0000	0.0000	0.0000	0.0000	0.0000	0.0000	0.0000	0.0000	0.0000	0.0000	0.0000	0.0000	0.0000	0.0000											
18	61	0.6800	9	0	0	2	0	0	0	0	0	N	N	Y	N	N	N	N	N	N	N	N	N	0.0000	0.0000	0.0000	0.0000	0.0000	0.0000	0.0000	0.0000	0.0000	0.0000	0.0000	0.0000	0.0000	0.0000	0.0000	0.0000	0.0000	0.0000	0.0000	0.0000	0.0000	1.0901	0.0000	7.9319	0.0000	0.0000	0.0000	0.0000	0.0000	0.0000	0.0000	0.0000	0.0000	0.0000	0.0000	0.0000	0.0000	0.0000	0.0000	0.0000	0.0000	0.0000	0.0000	0.0000	0.0000	0.0000	0.0000	0.0000	0.0000	0.0000	0.0000	0.0000	0.0000	0.0000	0.0000	0.0000	0.0000	0.0000	0.0000	0.0000	0.0000	0.0000	0.0000	0.0000	0.0000	0.0000	0.0000	0.0000	0.0000	0.0000	0.0000	0.0000	0.0000	0.0000	0.0000	0.0000	0.0000	0.0000											
18	62	0.6499	8	0	0	1	0	0	0	0	0	N	N	N	N	N	N	N	N	N	N	N	N	0.0000	0.0000	0.0000	0.0000	0.0000	0.0000	0.0000	0.0000	0.0000	0.0000	0.0000	0.0000	0.0000	0.0000	0.0000	0.0000	0.0000	0.0000	0.0000	0.0000	0.0000	1.6797	0.0000	2.9843	0.0000	0.0000	0.0000	0.0000	0.0000	0.0000	0.0000	0.0000	0.0000	0.0000	0.0000	0.0000	0.0000	0.0000	0.0000	0.0000	0.0000	0.0000	0.0000	0.0000	0.0000	0.0000	0.0000	0.0000	0.0000	0.0000	0.0000	0.0000	0.0000	0.0000	0.0000	0.0000	0.0000	0.0000	0.0000	0.0000	0.0000	0.0000	0.0000	0.0000	0.0000	0.0000	0.0000	0.0000	0.0000	0.0000	0.0000	0.0000	0.0000	0.0000	0.0000	0.0000	0.0000	0.0000											
18	63	0.6397	7	0	0	1	0	0	0	0	0	N	N	N	N	N	N	N	N	N	N	N	N	0.0000	0.0000	0.0000	0.0000	0.0000	0.0000	0.0000	0.0000	0.0000	0.0000	0.0000	0.0000	0.0000	0.0000	0.0000	0.0000	0.0000	0.0000	0.0000	0.0000	0.0000	0.4935	0.0000	1.5835	0.0000	0.0000	0.0000	0.0000	0.0000	0.0000	0.0000	0.0000	0.0000	0.0000	0.0000	0.0000	0.0000	0.0000	0.0000	0.0000	0.0000	0.0000	0.0000	0.0000	0.0000	0.0000	0.0000	0.0000	0.0000	0.0000	0.0000	0.0000	0.0000	0.0000	0.0000	0.0000	0.0000	0.0000	0.0000	0.0000	0.0000	0.0000	0.0000	0.0000	0.0000	0.0000	0.0000	0.0000	0.0000	0.0000	0.0000	0.0000	0.0000	0.0000	0.0000	0.0000	0.0000	0.0000											
18	64	0.6767	9	0	1	1	0	0	0	0	0	N	N	N	N	N	N	N	N	N	N	N	N	0.0000	0.0000	0.0000	0.0000	0.0000	0.0000	0.0000	0.0000	0.0000	0.0000	0.0000	0.0000	0.0000	0.0000	0.0000	0.0000	0.0000	0.0000	0.0000	0.0000	0.0000	0.2944	0.0000	1.0083	0.0000	0.0000	0.0000	0.0000	0.0000	0.0000	0.0000	0.0000	0.0000	0.0000	0.0000	0.0000	0.0000	0.0000	0.0000	0.0000	0.0000	0.0000	0.0000	0.0000	0.0000	0.0000	0.0000	0.0000	0.0000	0.0000	0.0000	0.0000	0.0000	0.0000	0.0000	0.0000	0.0000	0.0000	0.0000	0.0000	0.0000	0.0000	0.0000	0.0000	0.0000	0.0000	0.0000	0.0000	0.0000	0.0000	0.0000	0.0000	0.0000	0.0000	0.0000	0.0000	0.0000	0.0000											
18	65	0.6559	8	0	0	1	0	0	0	0	0	N	N	N	N	N	N	N	N	N	N	N	N	0.0000	0.0000	0.0000	0.0000	0.0000	0.0000	0.0000	0.0000	0.0000	0.0000	0.0000	0.0000	0.0000	0.0000	0.0000	0.0000	0.0000	0.0000	0.0000	0.0000	0.0000	1.1351	0.0000	2.0429	0.0000	0.0000	0.0000	0.0000	0.0000	0.0000	0.0000	0.0000	0.0000	0.0000	0.0000	0.0000	0.0000	0.0000	0.0000	0.0000	0.0000	0.0000	0.0000	0.0000	0.0000	0.0000	0.0000	0.0000	0.0000	0.0000	0.0000	0.0000	0.0000	0.0000	0.0000	0.0000	0.0000	0.0000	0.0000	0.0000	0.0000	0.0000	0.0000	0.0000	0.0000	0.0000	0.0000	0.0000	0.0000	0.0000	0.0000	0.0000	0.0000	0.0000	0.0000	0.0000	0.0000	0.0000											
18	66	0.6397	7	0	0	1	0	0	0	0	0	N	N	N	N	N	N	N	N	N	N	N	N	0.0000	0.0000	0.0000	0.0000	0.0000	0.0000	0.0000	0.0000	0.0000	0.0000	0.0000	0.0000	0.0000	0.0000	0.0000	0.0000	0.0000	0.0000	0.0000	0.0000	0.0000	0.4912	0.0000	2.4266	0.0000	0.0000	0.0000	0.0000	0.0000	0.0000	0.0000	0.0000	0.0000	0.0000	0.0000	0.0000	0.0000	0.0000	0.0000	0.0000	0.0000	0.0000	0.0000	0.0000	0.0000	0.0000	0.0000	0.0000	0.0000	0.0000	0.0000	0.0000	0.0000	0.0000	0.0000	0.0000	0.0000	0.0000	0.0000	0.0000	0.0000	0.0000	0.0000	0.0000	0.0000	0.0000	0.0000	0.0000	0.0000	0.0000	0.0000	0.0000	0.0000	0.0000	0.0000	0.0000	0.0000	0.0000											
18	67	0.6346	6	0	0	1	0	0	0	0	0	N	N	N	N	N	N	N	N	N	N	N	N	0.0000	0.0000	0.0000	0.0000	0.0000	0.0000	0.0000	0.0000	0.0000	0.0000	0.0000	0.0000	0.0000	0.0000	0.0000	0.0000	0.0000	0.0000	0.0000	0.0000	0.0000	0.6141	0.0000	1.2701	0.0000	0.0000	0.0000	0.0000	0.0000	0.0000	0.0000	0.0000	0.0000	0.0000	0.0000	0.0000	0.0000	0.0000	0.0000	0.0000	0.0000	0.0000	0.0000	0.0000	0.0000	0.0000	0.0000	0.0000	0.0000	0.0000	0.0000	0.0000	0.0000	0.0000	0.0000	0.0000	0.0000	0.0000	0.0000	0.0000	0.0000	0.0000	0.0000	0.0000	0.0000	0.0000	0.0000	0.0000	0.0000	0.0000	0.0000	0.0000	0.0000	0.0000	0.0000	0.0000	0.0000	0.0000											
18	68	0.6020	5	1	1	2	0	0	0	0	0	N	N	Y	N	N	N	N	N	N	N	N	N	0.0000	0.0000	0.0000	0.0000	0.0000	0.0000	0.0000	0.0000	0.0000	0.0000	0.0000	0.0000	0.0000	0.0000	0.0000	0.0000	0.0000	0.0000	0.0000	0.0000	0.0000	0.0000	0.0000	0.0000	0.0000	0.0000	0.0000	0.0000	0.0000	0.0000	0.0000	0.0000	0.0000	0.0000	0.0000	0.0000	0.0000	0.0000	0.0000	0.0000	0.0000	0.0000	0.0000	0.0000	0.0000	0.0000	0.0000	0.0000	0.0000	0.0000	0.0000	0.0000	0.0000	0.0000	0.0000	0.0000	0.0000	0.0000	0.0000	0.0000	0.0000	0.0000	0.0000	0.0000	0.0000	0.0000	0.0000	0.0000	0.0000	0.0000	0.0000	0.0000	0.0000	0.0000	0.0000	0.0000	0.0000	0.0000											
18	69	0.1324	5	1	1	2	0	0	0	0	0	N	N	Y	N	N	N	N	N	N	N	N	N	0.0000	0.0000	0.0000	0.0000	0.0000	0.0000	0.0000	0.0000	0.0000	0.0000	0.0000	0.0000	0.0000	0.0000	0.0000	0.0000	0.0000	0.0000	0.0000	0.0000	0.0000	1.0000	0.0000	0.0000	0.0000	0.0000	0.0000	0.0000	0.0000	0.0000	0.0000	0.0000	0.0000	0.0000	0.0000	0.0000	0.0000	0.0000	0.0000	0.0000	0.0000	0.0000	0.0000	0.0000	0.0000	0.0000	0.0000	0.0000	0.0000	0.0000	0.0000	0.0000	0.0000	0.0000	0.0000	0.0000	0.0000	0.0000	0.0000	0.0000	0.0000	0.0000	0.0000	0.0000	0.0000	0.0000	0.0000	0.0000	0.0000	0.0000	0.0000	0.0000	0.0000	0.0000	0.0000	0.0000	0.0000	0.0000											
18	70	0.1324	5	1	1	2	0	0	0	0	0	N	N	Y	N	N	N	N	N	N	N	N	N	0.0000	0.0000	0.0000	0.0000	0.0000	0.0000	0.0000	0.0000	0.0000	0.0000	0.0000	0.0000	0.0000	0.0000	0.0000	0.0000	0.0000	0.0000	0.0000	0.0000	0.0000	0.0000	0.0000	0.0000	0.0000	0.0000	0.0000	0.0000	0.0000	0.0000	0.0000	0.0000	0.0000	0.0000	0.0000	0.0000	0.0000	0.0000	0.0000	0.0000	0.0000	0.0000	0.0000	0.0000	0.0000	0.0000	0.0000	0.0000	0.0000	0.0000	0.0000	0.0000	0.0000	0.0000	0.0000	0.0000	0.0000	0.0000	0.0000	0.0000	0.0000	0.0000	0.0000	0.0000	0.0000	0.0000	0.0000	0.0000	0.0000	0.0000	0.0000	0.0000	0.0000	0.0000	0.0000	0.0000	0.0000	0.0000											
18	71	0.1100	4	1	1	2	0	0	0	0	0	N	N	Y	N	N	N	N	N	N	N	N	N	0.0000	0.0000	0.0000	0.0000	0.0000	0.0000	0.0000	0.0000	0.0000	0.0000	0.0000	0.0000	0.0000	0.0000	0.0000	0.0000	0.0000	0.0000	0.0000	0.0000	0.0000	2.0000	0.0000	1.0000	0.0000	0.0000	0.0000	0.0000	0.0000	0.0000	0.0000	0.0000	0.0000	0.0000	0.0000	0.0000	0.0000	0.0000	0.0000	0.0000	0.0000	0.0000	0.0000	0.0000	0.0000	0.0000	0.0000	0.0000	0.0000	0.0000	0.0000	0.0000	0.0000	0.0000	0.0000	0.0000	0.0000	0.0000	0.0000	0.0000	0.0000	0.0000	0.0000	0.0000	0.0000	0.0000	0.0000	0.0000	0.0000	0.0000	0.0000	0.0000	0.0000	0.0000	0.0000	0.0000	0.0000	0.0000											
18	72	0.0871	3	1	0	2	0	0	0	0	0	N	N	Y	N	N	N	N	N	N	N	N	N	0.0000	0.0000	0.0000	0.0000	0.0000	0.0000	0.0000	0.0000	0.0000	0.0000	0.0000	0.0000	0.0000	0.0000	0.0000	0.0000	0.0000	0.0000	0.0000	0.0000	0.0000	1.0017	0.0000	2.0007	0.0000	0.0000	0.0000	0.0000	0.0000	0.0000	0.0000	0.0000	0.0000	0.0000	0.0000	0.0000	0.0000	0.0000	0.0000	0.0000	0.0000	0.0000	0.0000	0.0000	0.0000	0.0000	0.0000	0.0000	0.0000	0.0000	0.0000	0.0000	0.0000	0.0000	0.0000	0.0000	0.0000	0.0000	0.0000	0.0000	0.0000	0.0000	0.0000	0.0000	0.0000	0.0000	0.0000	0.0000	0.0000	0.0000	0.0000	0.0000	0.0000	0.0000	0.0000	0.0000	0.0000	0.0000											
18	73	0.6212	6	1	1	1	0	0	0	0	0	N	N	N	N	N	N	N	N	N	N	N	N	0.0000	0.0000	0.0000	0.0000	0.0000	0.0000	0.0000	0.0000	0.0000	0.0000	0.0000	0.0000	0.0000	0.0000	0.0000	0.0000	0.0000	0.0000	0.0000	0.0000	0.0000	0.0000	0.0000	0.0000	0.0000	0.0000	0.0000	0.0000	0.0000	0.0000	0.0000	0.0000	0.0000	0.0000	0.0000	0.0000	0.0000	0.0000	0.0000	0.0000	0.0000	0.0000	0.0000	0.0000	0.0000	0.0000	0.0000	0.0000	0.0000	0.0000	0.0000	0.0000	0.0000	0.0000	0.0000	0.0000	0.0000	0.0000	0.0000	0.0000	0.0000	0.0000	0.0000	0.0000	0.0000	0.0000	0.0000	0.0000	0.0000	0.0000	0.0000	0.0000	0.0000	0.0000	0.0000	0.0000	0.0000	0.0000											
18	74	0.1141	4	1	1	1	0	0	0	0	0	N	N	N	N	N	N	N	N	N	N	N	N	0.0000	0.0000	0.0000	0.0000	0.0000	0.0000	0.0000	0.0000	0.0000	0.0000	0.0000	0.0000	0.0000	0.0000	0.0000	0.0000	0.0000	0.0000	0.0000	0.0000	0.0000	0.0000	0.0000	0.0010	0.0000	0.0000	0.0000	0.0000	0.0000	0.0000	0.0000	0.0000	0.0000	0.0000	0.0000	0.0000	0.0000	0.0000	0.0000	0.0000	0.0000	0.0000	0.0000	0.0000	0.0000	0.0000	0.0000	0.0000	0.0000	0.0000	0.0000	0.0000	0.0000	0.0000	0.0000	0.0000	0.0000	0.0000	0.0000	0.0000	0.0000	0.0000	0.0000	0.0000	0.0000	0.0000	0.0000	0.0000	0.0000	0.0000	0.0000	0.0000	0.0000	0.0000	0.0000	0.0000	0.0000	0.0000											
18	75	0.1032	6	0	1	1	1	0	0	0	0	N	N	N	N	N	N	N	N	N	N	N	N	0.0000	0.0000	0.0000	0.0000	0.0000	0.0000	0.0000	0.0000	0.0000	0.0000	0.0000	0.0000	0.0000	0.0000	0.0000	0.0000	0.0000	0.0000	0.0000	0.0000	0.0000	0.0000	0.0000	0.0000	0.0000	0.0000	0.0000	0.0000	0.0000	0.0000	0.0000	0.0000	0.0000	0.0000	0.0000	0.0000	0.0000	0.0000	0.0000	0.0000	0.0000	0.0000	0.0000	0.0000	0.0000	0.0000	0.0000	0.0000	0.0000	0.0000	0.0000	0.0000	0.0000	0.0000	0.0000	0.0000	0.0000	0.0000	0.0000	0.0000	0.0000	0.0000	0.0000	0.0000	0.0000	0.0000	0.0000	0.0000	0.0000	0.0000	0.0000	0.0000	0.0000	0.0000	0.0000	0.0000	0.0000	0.0000											
18	76	0.1032	6	0	0	1	1	0	0	0	0	N	N	N	N	N	N	N	N	N	N	N	N	0.0000	0.0000	0.0000	0.0000	0.0000	0.0000	0.0000	0.0000	0.0000	0.0000	0.0000	0.0000	0.0000	0.0000	0.0000	0.0000	0.0000	0.0000	0.0000	0.0000	0.0000	0.0000	0.0000	0.0000	0.0000	0.0000	0.0000	0.0000	0.0000	0.0000	0.0000	0.0000	0.0000	0.0000	0.0000	0.0000	0.0000	0.0000	0.0000	0.0000	0.0000	0.0000	0.0000	0.0000	0.0000	0.0000	0.0000	0.0000	0.0000	0.0000	0.0000	0.0000	0.0000	0.0000	0.0000	0.0000	0.0000	0.0000	0.0000	0.0000	0.0000	0.0000	0.0000	0.0000	0.0000	0.0000	0.0000	0.0000	0.0000	0.0000	0.0000	0.0000	0.0000	0.0000	0.0000	0.0000	0.0000	0.0000											
18	77	0.0879	5	0	0	1	1	0	0	0	0	N	N	N	N	N	N	N	N	N	N	N	N	0.0000	0.0000	0.0000	0.0000	0.0000	0.0000	0.0000	0.0000	0.0000	0.0000	0.0000	0.0000	0.0000	0.0000	0.0000	0.0000	0.0000	0.0000	0.0000	0.0000	0.0000	0.0002	0.0000	2.9297	0.0000	0.0000	0.0000	0.0000	0.0000	0.0000	0.0000	0.0000	0.0000	0.0000	0.0000	0.0000	0.0000	0.0000	0.0000	0.0000	0.0000	0.0000	0.0000	0.0000	0.0000	0.0000	0.0000	0.0000	0.0000	0.0000	0.0000	0.0000	0.0000	0.0000	0.0000	0.0000	0.0000	0.0000	0.0000	0.0000	0.0000	0.0000	0.0000	0.0000	0.0000	0.0000	0.0000	0.0000	0.0000	0.0000	0.0000	0.0000	0.0000	0.0000	0.0000	0.0000	0.0000	0.0000											
18	78	0.0838	4	0	0	1	1	0	0	0	0	N	N	N	N	N	N	N	N	N	N	N	N	0.0000	0.0000	0.0000	0.0000	0.0000	0.0000	0.0000	0.0000	0.0000	0.0000	0.0000	0.0000	0.0000	0.0000	0.0000	0.0000	0.0000	0.0000	0.0000	0.0000	0.0000	0.0003	0.0000	2.1916	0.0000	0.0000	0.0000	0.0000	0.0000	0.0000	0.0000	0.0000	0.0000	0.0000	0.0000	0.0000	0.0000	0.0000	0.0000	0.0000	0.0000	0.0000	0.0000	0.0000	0.0000	0.0000	0.0000	0.0000	0.0000	0.0000	0.0000	0.0000	0.0000	0.0000	0.0000	0.0000	0.0000	0.0000	0.0000	0.0000	0.0000	0.0000	0.0000	0.0000	0.0000	0.0000	0.0000	0.0000	0.0000	0.0000	0.0000	0.0000	0.0000	0.0000	0.0000	0.0000	0.0000	0.0000											
18	79	0.0760	3	0	0	1	0	0	0	0	0	N	N	N	N	N	N	N	N	N	N	N	N	0.0000	0.0000	0.0000	0.0000	0.0000	0.0000	0.0000	0.0000	0.0000	0.0000	0.0000	0.0000	0.0000	0.0000	0.0000	0.0000	0.0000	0.0000	0.0000	0.0000	0.0000	0.2782	0.0000	1.3600	0.0000	0.0000	0.0000	0.0000	0.0000	0.0000	0.0000	0.0000	0.0000	0.0000	0.0000	0.0000	0.0000	0.0000	0.0000	0.0000	0.0000	0.0000	0.0000	0.0000	0.0000	0.0000	0.0000	0.0000	0.0000	0.0000	0.0000	0.0000	0.0000	0.0000	0.0000	0.0000	0.0000	0.0000	0.0000	0.0000	0.0000	0.0000	0.0000	0.0000	0.0000	0.0000	0.0000	0.0000	0.0000	0.0000	0.0000	0.0000	0.0000	0.0000	0.0000	0.0000	0.0000	0.0000											
18	80	0.1196	5	0	1	2	0	0	0	0	0	N	N	Y	N	N	N	N	N	N	N	N	N	0.0000	0.0000	0.0000	0.0000	0.0000	0.0000	0.0000	0.0000	0.0000	0.0000	0.0000	0.0000	0.0000	0.0000	0.0000	0.0000	0.0000	0.0000	0.0000	0.0000	0.0000	0.0029	0.0000	2.0135	0.0000	0.0000	0.0000	0.0000	0.0000	0.0000	0.0000	0.0000	0.0000	0.0000	0.0000	0.0000	0.0000	0.0000	0.0000	0.0000	0.0000	0.0000	0.0000	0.0000	0.0000	0.0000	0.0000	0.0000	0.0000	0.0000	0.0000	0.0000	0.0000	0.0000	0.0000	0.0000	0.0000	0.0000	0.0000	0.0000	0.0000	0.0000	0.0000	0.0000	0.0000	0.0000	0.0000	0.0000	0.0000	0.0000	0.0000	0.0000	0.0000	0.0000	0.0000	0.0000	0.0000	0.0000											
18	81	0.1131	4	0	1	1	0	0	0	0	0	N	N	N	N	N	N	N	N	N	N	N	N	0.0000	0.0000	0.0000	0.0000	0.0000	0.0000	0.0000	0.0000	0.0000	0.0000	0.0000	0.0000	0.0000	0.0000	0.0000	0.0000	0.0000	0.0000	0.0000	0.0000	0.0000	0.6188	0.0000	0.9475	0.0000	0.0000	0.0000	0.0000	0.0000	0.0000	0.0000	0.0000	0.0000	0.0000	0.0000	0.0000	0.0000	0.0000	0.0000	0.0000	0.0000	0.0000	0.0000	0.0000	0.0000	0.0000	0.0000	0.0000	0.0000	0.0000	0.0000	0.0000	0.0000	0.0000	0.0000	0.0000	0.0000	0.0000	0.0000	0.0000	0.0000	0.0000	0.0000	0.0000	0.0000	0.0000	0.0000	0.0000	0.0000	0.0000	0.0000	0.0000	0.0000	0.0000	0.0000	0.0000	0.0000	0.0000											
18	82	0.6244	6	0	1	2	0	0	0	0	0	N	N	Y	N	N	N	N	N	N	N	N	N	0.0000	0.0000	0.0000	0.0000	0.0000	0.0000	0.0000	0.0000	0.0000	0.0000	0.0000	0.0000	0.0000	0.0000	0.0000	0.0000	0.0000	0.0000	0.0000	0.0000	0.0000	0.0000	0.0000	1.0000	0.0000	0.0000	0.0000	0.0000	0.0000	0.0000	0.0000	0.0000	0.0000	0.0000	0.0000	0.0000	0.0000	0.0000	0.0000	0.0000	0.0000	0.0000	0.0000	0.0000	0.0000	0.0000	0.0000	0.0000	0.0000	0.0000	0.0000	0.0000	0.0000	0.0000	0.0000	0.0000	0.0000	0.0000	0.0000	0.0000	0.0000	0.0000	0.0000	0.0000	0.0000	0.0000	0.0000	0.0000	0.0000	0.0000	0.0000	0.0000	0.0000	0.0000	0.0000	0.0000	0.0000	0.0000											
18	83	0.0871	3	1	0	2	0	0	0	0	0	N	N	Y	N	N	N	N	N	N	N	N	N	0.0000	0.0000	0.0000	0.0000	0.0000	0.0000	0.0000	0.0000	0.0000	0.0000	0.0000	0.0000	0.0000	0.0000	0.0000	0.0000	0.0000	0.0000	0.0000	0.0000	0.0000	9.0001	0.0000	3.0001	0.0000	0.0000	0.0000	0.0000	0.0000	0.0000	0.0000	0.0000	0.0000	0.0000	0.0000	0.0000	0.0000	0.0000	0.0000	0.0000	0.0000	0.0000	0.0000	0.0000	0.0000	0.0000	0.0000	0.0000	0.0000	0.0000	0.0000	0.0000	0.0000	0.0000	0.0000	0.0000	0.0000	0.0000	0.0000	0.0000	0.0000	0.0000	0.0000	0.0000	0.0000	0.0000	0.0000	0.0000	0.0000	0.0000	0.0000	0.0000	0.0000	0.0000	0.0000	0.0000	0.0000	0.0000											
18	84	0.6020	5	1	0	2	0	0	0	0	0	N	N	Y	N	N	N	N	N	N	N	N	N	0.0000	0.0000	0.0000	0.0000	0.0000	0.0000	0.0000	0.0000	0.0000	0.0000	0.0000	0.0000	0.0000	0.0000	0.0000	0.0000	0.0000	0.0000	0.0000	0.0000	0.0000	4.0000	0.0000	0.0000	0.0000	0.0000	0.0000	0.0000	0.0000	0.0000	0.0000	0.0000	0.0000	0.0000	0.0000	0.0000	0.0000	0.0000	0.0000	0.0000	0.0000	0.0000	0.0000	0.0000	0.0000	0.0000	0.0000	0.0000	0.0000	0.0000	0.0000	0.0000	0.0000	0.0000	0.0000	0.0000	0.0000	0.0000	0.0000	0.0000	0.0000	0.0000	0.0000	0.0000	0.0000	0.0000	0.0000	0.0000	0.0000	0.0000	0.0000	0.0000	0.0000	0.0000	0.0000	0.0000	0.0000	0.0000											
18	85	0.6481	6	1	1	1	0	0	0	0	0	N	N	N	N	N	N	N	N	N	N	N	N	0.0000	0.0000	0.0000	0.0000	0.0000	0.0000	0.0000	0.0000	0.0000	0.0000	0.0000	0.0000	0.0000	0.0000	0.0000	0.0000	0.0000	0.0000	0.0000	0.0000	0.0000	1.0086	0.0000	1.7435	0.0000	0.0000	0.0000	0.0000	0.0000	0.0000	0.0000	0.0000	0.0000	0.0000	0.0000	0.0000	0.0000	0.0000	0.0000	0.0000	0.0000	0.0000	0.0000	0.0000	0.0000	0.0000	0.0000	0.0000	0.0000	0.0000	0.0000	0.0000	0.0000	0.0000	0.0000	0.0000	0.0000	0.0000	0.0000	0.0000	0.0000	0.0000	0.0000	0.0000	0.0000	0.0000	0.0000	0.0000	0.0000	0.0000	0.0000	0.0000	0.0000	0.0000	0.0000	0.0000	0.0000	0.0000											
18	86	0.6020	5	1	1	1	0	0	0	0	0	N	N	N	N	N	N	N	N	N	N	N	N	0.0000	0.0000	0.0000	0.0000	0.0000	0.0000	0.0000	0.0000	0.0000	0.0000	0.0000	0.0000	0.0000	0.0000	0.0000	0.0000	0.0000	0.0000	0.0000	0.0000	0.0000	1.0165	0.0000	4.1395	0.0000	0.0000	0.0000	0.0000	0.0000	0.0000	0.0000	0.0000	0.0000	0.0000	0.0000	0.0000	0.0000	0.0000	0.0000	0.0000	0.0000	0.0000	0.0000	0.0000	0.0000	0.0000	0.0000	0.0000	0.0000	0.0000	0.0000	0.0000	0.0000	0.0000	0.0000	0.0000	0.0000	0.0000	0.0000	0.0000	0.0000	0.0000	0.0000	0.0000	0.0000	0.0000	0.0000	0.0000	0.0000	0.0000	0.0000	0.0000	0.0000	0.0000	0.0000	0.0000	0.0000	0.0000											
18	87	0.0458	2	1	1	1	0	0	0	0	0	N	N	N	N	N	N	N	N	N	N	N	N	0.0000	0.0000	0.0000	0.0000	0.0000	0.0000	0.0000	0.0000	0.0000	0.0000	0.0000	0.0000	0.0000	0.0000	0.0000	0.0000	0.0000	0.0000	0.0000	0.0000	0.0000	9.0005	0.0000	5.0000	0.0000	0.0000	0.0000	0.0000	0.0000	0.0000	0.0000	0.0000	0.0000	0.0000	0.0000	0.0000	0.0000	0.0000	0.0000	0.0000	0.0000	0.0000	0.0000	0.0000	0.0000	0.0000	0.0000	0.0000	0.0000	0.0000	0.0000	0.0000	0.0000	0.0000	0.0000	0.0000	0.0000	0.0000	0.0000	0.0000	0.0000	0.0000	0.0000	0.0000	0.0000	0.0000	0.0000	0.0000	0.0000	0.0000	0.0000	0.0000	0.0000	0.0000	0.0000	0.0000	0.0000	0.0000											
18	88	0.6244	6	0	1	1	0	0	0	0	0	N	N	N	N	N	N	N	N	N	N	N	N	0.0000	0.0000	0.0000	0.0000	0.0000	0.0000	0.0000	0.0000	0.0000	0.0000	0.0000	0.0000	0.0000	0.0000	0.0000	0.0000	0.0000	0.0000	0.0000	0.0000	0.0000	0.0000	0.0000	0.0000	0.0000	0.0000	0.0000	0.0000	0.0000	0.0000	0.0000	0.0000	0.0000	0.0000	0.0000	0.0000	0.0000	0.0000	0.0000	0.0000	0.0000	0.0000	0.0000	0.0000	0.0000	0.0000	0.0000	0.0000	0.0000	0.0000	0.0000	0.0000	0.0000	0.0000	0.0000	0.0000	0.0000	0.0000	0.0000	0.0000	0.0000	0.0000	0.0000	0.0000	0.0000	0.0000	0.0000	0.0000	0.0000	0.0000	0.0000	0.0000	0.0000	0.0000	0.0000	0.0000	0.0000	0.0000											
18	89	0.1131	4	0	1	1	0	0	0	0	0	N	N	N	N	N	N	N	N	N	N	N	N	0.0000	0.0000	0.0000	0.0000	0.0000	0.0000	0.0000	0.0000	0.0000	0.0000	0.0000	0.0000	0.0000	0.0000	0.0000	0.0000	0.0000	0.0000	0.0000	0.0000	0.0000	1.9953	0.0000	1.0817	0.0000	0.0000	0.0000	0.0000	0.0000	0.0000	0.0000	0.0000	0.0000	0.0000	0.0000	0.0000	0.0000	0.0000	0.0000	0.0000	0.0000	0.0000	0.0000	0.0000	0.0000	0.0000	0.0000	0.0000	0.0000	0.0000	0.0000	0.0000	0.0000	0.0000	0.0000	0.0000	0.0000	0.0000	0.0000	0.0000	0.0000	0.0000	0.0000	0.0000	0.0000	0.0000	0.0000	0.0000	0.0000	0.0000	0.0000	0.0000	0.0000	0.0000	0.0000	0.0000	0.0000	0.0000											
18	90	0.0871	3	0	1	1	0	0	0	0	0	N	N	N	N	N	N	N	N	N	N	N	N	0.0000	0.0000	0.0000	0.0000	0.0000	0.0000	0.0000	0.0000	0.0000	0.0000	0.0000	0.0000	0.0000	0.0000	0.0000	0.0000	0.0000	0.0000	0.0000	0.0000	0.0000	2.3999	0.0000	4.0713	0.0000	0.0000	0.0000	0.0000	0.0000	0.0000	0.0000	0.0000	0.0000	0.0000	0.0000	0.0000	0.0000	0.0000	0.0000	0.0000	0.0000	0.0000	0.0000	0.0000	0.0000	0.0000	0.0000	0.0000	0.0000	0.0000	0.0000	0.0000	0.0000	0.0000	0.0000	0.0000	0.0000	0.0000	0.0000	0.0000	0.0000	0.0000	0.0000	0.0000	0.0000	0.0000	0.0000	0.0000	0.0000	0.0000	0.0000	0.0000	0.0000	0.0000	0.0000	0.0000	0.0000	0.0000											
18	91	0.1081	4	0	0	2	0	0	0	0	0	N	N	Y	N	N	N	N	N	N	N	N	N	0.0000	0.0000	0.0000	0.0000	0.0000	0.0000	0.0000	0.0000	0.0000	0.0000	0.0000	0.0000	0.0000	0.0000	0.0000	0.0000	0.0000	0.0000	0.0000	0.0000	0.0000	0.0000	0.0000	0.0000	0.0000	0.0000	0.0000	0.0000	0.0000	0.0000	0.0000	0.0000	0.0000	0.0000	0.0000	0.0000	0.0000	0.0000	0.0000	0.0000	0.0000	0.0000	0.0000	0.0000	0.0000	0.0000	0.0000	0.0000	0.0000	0.0000	0.0000	0.0000	0.0000	0.0000	0.0000	0.0000	0.0000	0.0000	0.0000	0.0000	0.0000	0.0000	0.0000	0.0000	0.0000	0.0000	0.0000	0.0000	0.0000	0.0000	0.0000	0.0000	0.0000	0.0000	0.0000	0.0000	0.0000	0.0000											
18	92	0.0760	3	0	0	2	0	0	0	0	0	N	N	Y	N	N	N	N	N	N	N	N	N	0.0000	0.0000	0.0000	0.0000	0.0000	0.0000	0.0000	0.0000	0.0000	0.0000	0.0000	0.0000	0.0000	0.0000	0.0000	0.0000	0.0000	0.0000	0.0000	0.0000	0.0000	3.7221	0.0000	2.9993	0.0000	0.0000	0.0000	0.0000	0.0000	0.0000	0.0000	0.0000	0.0000	0.0000	0.0000	0.0000	0.0000	0.0000	0.0000	0.0000	0.0000	0.0000	0.0000	0.0000	0.0000	0.0000	0.0000	0.0000	0.0000	0.0000	0.0000	0.0000	0.0000	0.0000	0.0000	0.0000	0.0000	0.0000	0.0000	0.0000	0.0000	0.0000	0.0000	0.0000	0.0000	0.0000	0.0000	0.0000	0.0000	0.0000	0.0000	0.0000	0.0000	0.0000	0.0000	0.0000	0.0000	0.0000											
18	93	0.0458	2	0	0	1	0	0	0	0	0	N	N	N	N	N	N	N	N	N	N	N	N	0.0000	0.0000	0.0000	0.0000	0.0000	0.0000	0.0000	0.0000	0.0000	0.0000	0.0000	0.0000	0.0000	0.0000	0.0000	0.0000	0.0000	0.0000	0.0000	0.0000	0.0000	2.7217	0.0000	3.0458	0.0000	0.0000	0.0000	0.0000	0.0000	0.0000	0.0000	0.0000	0.0000	0.0000	0.0000	0.0000	0.0000	0.0000	0.0000	0.0000	0.0000	0.0000	0.0000	0.0000	0.0000	0.0000	0.0000	0.0000	0.0000	0.0000	0.0000	0.0000	0.0000	0.0000	0.0000	0.0000	0.0000	0.0000	0.0000	0.0000	0.0000	0.0000	0.0000	0.0000	0.0000	0.0000	0.0000	0.0000	0.0000	0.0000	0.0000	0.0000	0.0000	0.0000	0.0000	0.0000	0.0000	0.0000											
18	94	0.1033	4	1	1	1	0	0	0	0	0	N	N	N	N	N	N	N	N	N	N	N	N	0.0000	0.0000	0.0000	0.0000	0.0000	0.0000	0.0000	0.0000	0.0000	0.0000	0.0000	0.0000	0.0000	0.0000	0.0000	0.0000	0.0000	0.0000	0.0000	0.0000	0.0000	5.9980	0.0000	4.9575	0.0000	0.0000	0.0000	0.0000	0.0000	0.0000	0.0000	0.0000	0.0000	0.0000	0.0000	0.0000	0.0000	0.0000	0.0000	0.0000	0.0000	0.0000	0.0000	0.0000	0.0000	0.0000	0.0000	0.0000	0.0000	0.0000	0.0000	0.0000	0.0000	0.0000	0.0000	0.0000	0.0000	0.0000	0.0000	0.0000	0.0000	0.0000	0.0000	0.0000	0.0000	0.0000	0.0000	0.0000	0.0000	0.0000	0.0000	0.0000	0.0000	0.0000	0.0000	0.0000	0.0000	0.0000											
18	95	0.6244	6	1	1	1	0	0	0	0	0	N	N	N	N	N	N	N	N	N	N	N	N	0.0000	0.0000	0.0000	0.0000	0.0000	0.0000	0.0000	0.0000	0.0000	0.0000	0.0000	0.0000	0.0000	0.0000	0.0000	0.0000	0.0000	0.0000	0.0000	0.0000	0.0000	0.0000	0.0000	2.0000	0.0000	0.0000	0.0000	0.0000	0.0000	0.0000	0.0000	0.0000	0.0000	0.0000	0.0000	0.0000	0.0000	0.0000	0.0000	0.0000	0.0000	0.0000	0.0000	0.0000	0.0000	0.0000	0.0000	0.0000	0.0000	0.0000	0.0000	0.0000	0.0000	0.0000	0.0000	0.0000	0.0000	0.0000	0.0000	0.0000	0.0000	0.0000	0.0000	0.0000	0.0000	0.0000	0.0000	0.0000	0.0000	0.0000	0.0000	0.0000	0.0000	0.0000	0.0000	0.0000	0.0000	0.0000											
18	96	0.6020	5	0	1	1	0	0	0	0	0	N	N	N	N	N	N	N	N	N	N	N	N	0.0000	0.0000	0.0000	0.0000	0.0000	0.0000	0.0000	0.0000	0.0000	0.0000	0.0000	0.0000	0.0000	0.0000	0.0000	0.0000	0.0000	0.0000	0.0000	0.0000	0.0000	4.0000	0.0000	0.0000	0.0000	0.0000	0.0000	0.0000	0.0000	0.0000	0.0000	0.0000	0.0000	0.0000	0.0000	0.0000	0.0000	0.0000	0.0000	0.0000	0.0000	0.0000	0.0000	0.0000	0.0000	0.0000	0.0000	0.0000	0.0000	0.0000	0.0000	0.0000	0.0000	0.0000	0.0000	0.0000	0.0000	0.0000	0.0000	0.0000	0.0000	0.0000	0.0000	0.0000	0.0000	0.0000	0.0000	0.0000	0.0000	0.0000	0.0000	0.0000	0.0000	0.0000	0.0000	0.0000	0.0000	0.0000											
18	97	0.0458	2	0	0	1	0	0	0	0	0	N	N	N	N	N	N	N	N	N	N	N	N	0.0000	0.0000	0.0000	0.0000	0.0000	0.0000	0.0000	0.0000	0.0000	0.0000	0.0000	0.0000	0.0000	0.0000	0.0000	0.0000	0.0000	0.0000	0.0000	0.0000	0.0000	3.9994	0.0000	4.0000	0.0000	0.0000	0.0000	0.0000	0.0000	0.0000	0.0000	0.0000	0.0000	0.0000	0.0000	0.0000	0.0000	0.0000	0.0000	0.0000	0.0000	0.0000	0.0000	0.0000	0.0000	0.0000	0.0000	0.0000	0.0000	0.0000	0.0000	0.0000	0.0000	0.0000	0.0000	0.0000	0.0000	0.0000	0.0000	0.0000	0.0000	0.0000	0.0000	0.0000	0.0000	0.0000	0.0000	0.0000	0.0000	0.0000	0.0000	0.0000	0.0000	0.0000	0.0000	0.0000	0.0000	0.0000											
18	98	0.6020	5	0	0	1	0	0	0	0	0	N	N	N	N	N	N	N	N	N	N	N	N	0.0000	0.0000	0.0000	0.0000	0.0000	0.0000	0.0000	0.0000	0.0000	0.0000	0.0000	0.0000	0.0000	0.0000	0.0000	0.0000	0.0000	0.0000	0.0000	0.0000	0.0000	1.0000	0.0000	0.0000	0.0000	0.0000	0.0000	0.0000	0.0000	0.0000	0.0000	0.0000	0.0000	0.0000	0.0000	0.0000	0.0000	0.0000	0.0000	0.0000	0.0000	0.0000	0.0000	0.0000	0.0000	0.0000	0.0000	0.0000	0.0000	0.0000	0.0000	0.0000	0.0000	0.0000	0.0000	0.0000	0.0000	0.0000	0.0000	0.0000	0.0000	0.0000	0.0000	0.0000	0.0000	0.0000	0.0000	0.0000	0.0000	0.0000	0.0000	0.0000	0.0000	0.0000	0.0000	0.0000	0.0000	0.0000											
18	99	0.1568	3	0	0	1	0	0	0	0	0	N	N	N	N	N	N	N	N	N	N	N	N	0.0000	0.0000	0.0000	0.0000	0.0000	0.0000	0.0000	0.0000	0.0000	0.0000	0.0000	0.0000	0.0000	0.0000	0.0000	0.0000	0.0000	0.0000	0.0000	0.0000	0.0000	1.5982	0.0000	11.1970	0.0000	0.0000	0.0000	0.0000	0.0000	0.0000	0.0000	0.0000	0.0000	0.0000	0.0000	0.0000	0.0000	0.0000	0.0000	0.0000	0.0000	0.0000	0.0000	0.0000	0.0000	0.0000	0.0000	0.0000	0.0000	0.0000	0.0000	0.0000	0.0000	0.0000	0.0000	0.0000	0.0000	0.0000	0.0000	0.0000	0.0000	0.0000	0.0000	0.0000	0.0000	0.0000	0.0000	0.0000	0.0000	0.0000	0.0000	0.0000	0.0000	0.0000	0.0000	0.0000	0.0000	0.0000											
18	100	0.1048	5	1	1	2	0	0	0	0	0	N	N	Y	N	N	N	N	N	N	N	N	N	0.0000	0.0000	0.0000	0.0000	0.0000	0.0000	0.0000	0.0000	0.0000	0.0000	0.0000	0.0000	0.0000	0.0000	0.0000	0.0000	0.0000	0.0000	0.0000	0.0000	0.0000	0.0000	0.0000	0.9982	0.0000	0.0000	0.0000	0.0000	0.0000	0.0000	0.0000	0.0000	0.0000	0.0000	0.0000	0.0000	0.0000	0.0000	0.0000	0.0000	0.0000	0.0000	0.0000	0.0000	0.0000	0.0000	0.0000	0.0000	0.0000	0.0000	0.0000	0.0000	0.0000	0.0000	0.0000	0.0000	0.0000	0.0000	0.0000	0.0000	0.0000	0.0000	0.0000	0.0000	0.0000	0.0000	0.0000	0.0000	0.0000	0.0000	0.0000	0.0000	0.0000	0.0000	0.0000	0.0000	0.0000	0.0000											
18	101	0.6367	8	1	1	2	0	0	0	0	0	N	N	Y	N	N	N	N	N	N	N	N	N	0.0000	0.0000	0.0000	0.0000	0.0000	0.0000	0.0000	0.0000	0.0000	0.0000	0.0000	0.0000	0.0000	0.0000	0.0000	0.0000	0.0000	0.0000	0.0000	0.0000	0.0000	0.0000	0.0000	0.0000	0.0000	0.0000	0.0000	0.0000	0.0000	0.0000	0.0000	0.0000	0.0000	0.0000	0.0000	0.0000	0.0000	0.0000	0.0000	0.0000	0.0000	0.0000	0.0000	0.0000	0.0000	0.0000	0.0000	0.0000	0.0000	0.0000	0.0000	0.0000	0.0000	0.0000	0.0000	0.0000	0.0000	0.0000	0.0000	0.0000	0.0000	0.0000	0.0000	0.0000	0.0000	0.0000	0.0000	0.0000	0.0000	0.0000	0.0000	0.0000	0.0000	0.0000	0.0000	0.0000	0.0000	0.0000											
18	102	0.6367	7	1	0	2	0	0	0	0	0	N	N	Y	N	N	N	N	N	N	N	N	N	0.0000	0.0000	0.0000	0.0000	0.0000	0.0000	0.0000	0.0000	0.0000	0.0000	0.0000	0.0000	0.0000	0.0000	0.0000	0.0000	0.0000	0.0000	0.0000	0.0000	0.0000	0.0000	0.0000	0.0000	0.0000	0.0000	0.0000	0.0000	0.0000	0.0000	0.0000	0.0000	0.0000	0.0000	0.0000	0.0000	0.0000	0.0000	0.0000	0.0000	0.0000	0.0000	0.0000	0.0000	0.0000	0.0000	0.0000	0.0000	0.0000	0.0000	0.0000	0.0000	0.0000	0.0000	0.0000	0.0000	0.0000	0.0000	0.0000	0.0000	0.0000	0.0000	0.0000	0.0000	0.0000	0.0000	0.0000	0.0000	0.0000	0.0000	0.0000	0.0000	0.0000	0.0000	0.0000	0.0000	0.0000	0.0000											
18	103	0.6306	6	1	0	2	0	0	0	0	0	N	N	Y	N	N	N	N	N	N	N	N	N	0.0000	0.0000	0.0000	0.0000	0.0000	0.0000	0.0000	0.0000	0.0000	0.0000	0.0000	0.0000	0.0000	0.0000	0.0000	0.0000	0.0000	0.0000	0.0000	0.0000	0.0000	0.0000	0.0000	1.0091	0.0000	0.0000	0.0000	0.0000	0.0000	0.0000	0.0000	0.0000	0.0000	0.0000	0.0000	0.0000	0.0000	0.0000	0.0000	0.0000	0.0000	0.0000	0.0000	0.0000	0.0000	0.0000	0.0000	0.0000	0.0000	0.0000	0.0000	0.0000	0.0000	0.0000	0.0000	0.0000	0.0000	0.0000	0.0000	0.0000	0.0000	0.0000	0.0000	0.0000	0.0000	0.0000	0.0000	0.0000	0.0000	0.0000	0.0000	0.0000	0.0000	0.0000	0.0000	0.0000	0.0000	0.0000											
18	104	0.0458	2	0	1	1	0	0	0	0	0	N	N	N	N	N	N	N	N	N	N	N	N	0.0000	0.0000	0.0000	0.0000	0.0000	0.0000	0.0000	0.0000	0.0000	0.0000	0.0000	0.0000	0.0000	0.0000	0.0000	0.0000	0.0000	0.0000	0.0000	0.0000	0.0000	7.9994	0.0000	4.0001	0.0000	0.0000	0.0000	0.0000	0.0000	0.0000	0.0000	0.0000	0.0000	0.0000	0.0000	0.0000	0.0000	0.0000	0.0000	0.0000	0.0000	0.0000	0.0000	0.0000	0.0000	0.0000	0.0000	0.0000	0.0000	0.0000	0.0000	0.0000	0.0000	0.0000	0.0000	0.0000	0.0000	0.0000	0.0000	0.0000	0.0000	0.0000	0.0000	0.0000	0.0000	0.0000	0.0000	0.0000	0.0000	0.0000	0.0000	0.0000	0.0000	0.0000	0.0000	0.0000	0.0000	0.0000											
18	105	0.1083	6	1	0	2	0	0	0	0	0	N	N	Y	N	N	N	N	N	N	N	N	N	0.0000	0.0000	0.0000	0.0000	0.0000	0.0000	0.0000	0.0000	0.0000	0.0000	0.0000	0.0000	0.0000	0.0000	0.0000	0.0000	0.0000	0.0000	0.0000	0.0000	0.0000	1.0000	0.0000	1.0005	0.0000	0.0000	0.0000	0.0000	0.0000	0.0000	0.0000	0.0000	0.0000	0.0000	0.0000	0.0000	0.0000	0.0000	0.0000	0.0000	0.0000	0.0000	0.0000	0.0000	0.0000	0.0000	0.0000	0.0000	0.0000	0.0000	0.0000	0.0000	0.0000	0.0000	0.0000	0.0000	0.0000	0.0000	0.0000	0.0000	0.0000	0.0000	0.0000	0.0000	0.0000	0.0000	0.0000	0.0000	0.0000	0.0000	0.0000	0.0000	0.0000	0.0000	0.0000	0.0000	0.0000	0.0000											
18	106	0.1048	5	1	0	2	0	0	0	0	0	N	N	Y	N	N	N	N	N	N	N	N	N	0.0000	0.0000	0.0000	0.0000	0.0000	0.0000	0.0000	0.0000	0.0000	0.0000	0.0000	0.0000	0.0000	0.0000	0.0000	0.0000	0.0000	0.0000	0.0000	0.0000	0.0000	0.7249	0.0000	0.0368	0.0000	0.0000	0.0000	0.0000	0.0000	0.0000	0.0000	0.0000	0.0000	0.0000	0.0000	0.0000	0.0000	0.0000	0.0000	0.0000	0.0000	0.0000	0.0000	0.0000	0.0000	0.0000	0.0000	0.0000	0.0000	0.0000	0.0000	0.0000	0.0000	0.0000	0.0000	0.0000	0.0000	0.0000	0.0000	0.0000	0.0000	0.0000	0.0000	0.0000	0.0000	0.0000	0.0000	0.0000	0.0000	0.0000	0.0000	0.0000	0.0000	0.0000	0.0000	0.0000	0.0000	0.0000											
18	107	0.1033	4	1	0	2	0	0	0	0	0	N	N	Y	N	N	N	N	N	N	N	N	N	0.0000	0.0000	0.0000	0.0000	0.0000	0.0000	0.0000	0.0000	0.0000	0.0000	0.0000	0.0000	0.0000	0.0000	0.0000	0.0000	0.0000	0.0000	0.0000	0.0000	0.0000	0.4159	0.0000	0.0887	0.0000	0.0000	0.0000	0.0000	0.0000	0.0000	0.0000	0.0000	0.0000	0.0000	0.0000	0.0000	0.0000	0.0000	0.0000	0.0000	0.0000	0.0000	0.0000	0.0000	0.0000	0.0000	0.0000	0.0000	0.0000	0.0000	0.0000	0.0000	0.0000	0.0000	0.0000	0.0000	0.0000	0.0000	0.0000	0.0000	0.0000	0.0000	0.0000	0.0000	0.0000	0.0000	0.0000	0.0000	0.0000	0.0000	0.0000	0.0000	0.0000	0.0000	0.0000	0.0000	0.0000	0.0000											
18	108	0.0871	3	1	0	1	0	0	0	0	0	N	N	N	N	N	N	N	N	N	N	N	N	0.0000	0.0000	0.0000	0.0000	0.0000	0.0000	0.0000	0.0000	0.0000	0.0000	0.0000	0.0000	0.0000	0.0000	0.0000	0.0000	0.0000	0.0000	0.0000	0.0000	0.0000	3.9943	0.0000	0.9974	0.0000	0.0000	0.0000	0.0000	0.0000	0.0000	0.0000	0.0000	0.0000	0.0000	0.0000	0.0000	0.0000	0.0000	0.0000	0.0000	0.0000	0.0000	0.0000	0.0000	0.0000	0.0000	0.0000	0.0000	0.0000	0.0000	0.0000	0.0000	0.0000	0.0000	0.0000	0.0000	0.0000	0.0000	0.0000	0.0000	0.0000	0.0000	0.0000	0.0000	0.0000	0.0000	0.0000	0.0000	0.0000	0.0000	0.0000	0.0000	0.0000	0.0000	0.0000	0.0000	0.0000	0.0000											
18	109	0.6306	6	1	0	2	0	0	0	0	0	N	N	Y	N	N	N	N	N	N	N	N	N	0.0000	0.0000	0.0000	0.0000	0.0000	0.0000	0.0000	0.0000	0.0000	0.0000	0.0000	0.0000	0.0000	0.0000	0.0000	0.0000	0.0000	0.0000	0.0000	0.0000	0.0000	0.0000	0.0000	0.9909	0.0000	0.0000	0.0000	0.0000	0.0000	0.0000	0.0000	0.0000	0.0000	0.0000	0.0000	0.0000	0.0000	0.0000	0.0000	0.0000	0.0000	0.0000	0.0000	0.0000	0.0000	0.0000	0.0000	0.0000	0.0000	0.0000	0.0000	0.0000	0.0000	0.0000	0.0000	0.0000	0.0000	0.0000	0.0000	0.0000	0.0000	0.0000	0.0000	0.0000	0.0000	0.0000	0.0000	0.0000	0.0000	0.0000	0.0000	0.0000	0.0000	0.0000	0.0000	0.0000	0.0000	0.0000											
18	110	0.6020	5	1	0	2	0	0	0	0	0	N	N	Y	N	N	N	N	N	N	N	N	N	0.0000	0.0000	0.0000	0.0000	0.0000	0.0000	0.0000	0.0000	0.0000	0.0000	0.0000	0.0000	0.0000	0.0000	0.0000	0.0000	0.0000	0.0000	0.0000	0.0000	0.0000	4.0000	0.0000	0.0000	0.0000	0.0000	0.0000	0.0000	0.0000	0.0000	0.0000	0.0000	0.0000	0.0000	0.0000	0.0000	0.0000	0.0000	0.0000	0.0000	0.0000	0.0000	0.0000	0.0000	0.0000	0.0000	0.0000	0.0000	0.0000	0.0000	0.0000	0.0000	0.0000	0.0000	0.0000	0.0000	0.0000	0.0000	0.0000	0.0000	0.0000	0.0000	0.0000	0.0000	0.0000	0.0000	0.0000	0.0000	0.0000	0.0000	0.0000	0.0000	0.0000	0.0000	0.0000	0.0000	0.0000	0.0000											
18	114	0.6346	6	0	1	1	0	0	0	0	0	N	N	N	N	N	N	N	N	N	N	N	N	0.0000	0.0000	0.0000	0.0000	0.0000	0.0000	0.0000	0.0000	0.0000	0.0000	0.0000	0.0000	0.0000	0.0000	0.0000	0.0000	0.0000	0.0000	0.0000	0.0000	0.0000	4.3361	0.0000	4.6323	0.0000	0.0000	0.0000	0.0000	0.0000	0.0000	0.0000	0.0000	0.0000	0.0000	0.0000	0.0000	0.0000	0.0000	0.0000	0.0000	0.0000	0.0000	0.0000	0.0000	0.0000	0.0000	0.0000	0.0000	0.0000	0.0000	0.0000	0.0000	0.0000	0.0000	0.0000	0.0000	0.0000	0.0000	0.0000	0.0000	0.0000	0.0000	0.0000	0.0000	0.0000	0.0000	0.0000	0.0000	0.0000	0.0000	0.0000	0.0000	0.0000	0.0000	0.0000	0.0000	0.0000	0.0000											
18	115	0.6020	5	0	0	1	0	0	0	0	0	N	N	N	N	N	N	N	N	N	N	N	N	0.0000	0.0000	0.0000	0.0000	0.0000	0.0000	0.0000	0.0000	0.0000	0.0000	0.0000	0.0000	0.0000	0.0000	0.0000	0.0000	0.0000	0.0000	0.0000	0.0000	0.0000	1.9840	0.0000	0.2610	0.0000	0.0000	0.0000	0.0000	0.0000	0.0000	0.0000	0.0000	0.0000	0.0000	0.0000	0.0000	0.0000	0.0000	0.0000	0.0000	0.0000	0.0000	0.0000	0.0000	0.0000	0.0000	0.0000	0.0000	0.0000	0.0000	0.0000	0.0000	0.0000	0.0000	0.0000	0.0000	0.0000	0.0000	0.0000	0.0000	0.0000	0.0000	0.0000	0.0000	0.0000	0.0000	0.0000	0.0000	0.0000	0.0000	0.0000	0.0000	0.0000	0.0000	0.0000	0.0000	0.0000	0.0000											
18	116	0.0458	2	0	1	1	1	0	0	0	0	N	N	N	N	N	N	N	N	N	N	N	N	0.0000	0.0000	0.0000	0.0000	0.0000	0.0000	0.0000	0.0000	0.0000	0.0000	0.0000	0.0000	0.0000	0.0000	0.0000	0.0000	0.0000	0.0000	0.0000	0.0000	0.0000	5.0006	0.0000	2.0000	0.0000	0.0000	0.0000	0.0000	0.0000	0.0000	0.0000	0.0000	0.0000	0.0000	0.0000	0.0000	0.0000	0.0000	0.0000	0.0000	0.0000	0.0000	0.0000	0.0000	0.0000	0.0000	0.0000	0.0000	0.0000	0.0000	0.0000	0.0000	0.0000	0.0000	0.0000	0.0000	0.0000	0.0000	0.0000	0.0000	0.0000	0.0000	0.0000	0.0000	0.0000	0.0000	0.0000	0.0000	0.0000	0.0000	0.0000	0.0000	0.0000	0.0000	0.0000	0.0000	0.0000	0.0000											
18	117	0.6020	5	0	1	1	1	0	0	0	0	N	N	N	N	N	N	N	N	N	N	N	N	0.0000	0.0000	0.0000	0.0000	0.0000	0.0000	0.0000	0.0000	0.0000	0.0000	0.0000	0.0000	0.0000	0.0000	0.0000	0.0000	0.0000	0.0000	0.0000	0.0000	0.0000	0.0000	0.0000	1.0000	0.0000	0.0000	0.0000	0.0000	0.0000	0.0000	0.0000	0.0000	0.0000	0.0000	0.0000	0.0000	0.0000	0.0000	0.0000	0.0000	0.0000	0.0000	0.0000	0.0000	0.0000	0.0000	0.0000	0.0000	0.0000	0.0000	0.0000	0.0000	0.0000	0.0000	0.0000	0.0000	0.0000	0.0000	0.0000	0.0000	0.0000	0.0000	0.0000	0.0000	0.0000	0.0000	0.0000	0.0000	0.0000	0.0000	0.0000	0.0000	0.0000	0.0000	0.0000	0.0000	0.0000	0.0000											
18	118	0.0458	2	0	1	1	0	0	0	0	0	N	N	N	N	N	N	N	N	N	N	N	N	0.0000	0.0000	0.0000	0.0000	0.0000	0.0000	0.0000	0.0000	0.0000	0.0000	0.0000	0.0000	0.0000	0.0000	0.0000	0.0000	0.0000	0.0000	0.0000	0.0000	0.0000	16.9994	0.0000	6.0000	0.0000	0.0000	0.0000	0.0000	0.0000	0.0000	0.0000	0.0000	0.0000	0.0000	0.0000	0.0000	0.0000	0.0000	0.0000	0.0000	0.0000	0.0000	0.0000	0.0000	0.0000	0.0000	0.0000	0.0000	0.0000	0.0000	0.0000	0.0000	0.0000	0.0000	0.0000	0.0000	0.0000	0.0000	0.0000	0.0000	0.0000	0.0000	0.0000	0.0000	0.0000	0.0000	0.0000	0.0000	0.0000	0.0000	0.0000	0.0000	0.0000	0.0000	0.0000	0.0000	0.0000	0.0000											
18	119	0.6020	5	0	1	1	0	0	0	0	0	N	N	N	N	N	N	N	N	N	N	N	N	0.0000	0.0000	0.0000	0.0000	0.0000	0.0000	0.0000	0.0000	0.0000	0.0000	0.0000	0.0000	0.0000	0.0000	0.0000	0.0000	0.0000	0.0000	0.0000	0.0000	0.0000	5.0000	0.0000	6.0000	0.0000	0.0000	0.0000	0.0000	0.0000	0.0000	0.0000	0.0000	0.0000	0.0000	0.0000	0.0000	0.0000	0.0000	0.0000	0.0000	0.0000	0.0000	0.0000	0.0000	0.0000	0.0000	0.0000	0.0000	0.0000	0.0000	0.0000	0.0000	0.0000	0.0000	0.0000	0.0000	0.0000	0.0000	0.0000	0.0000	0.0000	0.0000	0.0000	0.0000	0.0000	0.0000	0.0000	0.0000	0.0000	0.0000	0.0000	0.0000	0.0000	0.0000	0.0000	0.0000	0.0000	0.0000											
18	120	0.6300	6	0	1	1	0	0	0	0	0	N	N	N	N	N	N	N	N	N	N	N	N	0.0000	0.0000	0.0000	0.0000	0.0000	0.0000	0.0000	0.0000	0.0000	0.0000	0.0000	0.0000	0.0000	0.0000	0.0000	0.0000	0.0000	0.0000	0.0000	0.0000	0.0000	0.9998	0.0000	0.9486	0.0000	0.0000	0.0000	0.0000	0.0000	0.0000	0.0000	0.0000	0.0000	0.0000	0.0000	0.0000	0.0000	0.0000	0.0000	0.0000	0.0000	0.0000	0.0000	0.0000	0.0000	0.0000	0.0000	0.0000	0.0000	0.0000	0.0000	0.0000	0.0000	0.0000	0.0000	0.0000	0.0000	0.0000	0.0000	0.0000	0.0000	0.0000	0.0000	0.0000	0.0000	0.0000	0.0000	0.0000	0.0000	0.0000	0.0000	0.0000	0.0000	0.0000	0.0000	0.0000	0.0000	0.0000											
18	121	0.6020	5	0	1	1	0	0	0	0	0	N	N	N	N	N	N	N	N	N	N	N	N	0.0000	0.0000	0.0000	0.0000	0.0000	0.0000	0.0000	0.0000	0.0000	0.0000	0.0000	0.0000	0.0000	0.0000	0.0000	0.0000	0.0000	0.0000	0.0000	0.0000	0.0000	3.0005	0.0000	1.1085	0.0000	0.0000	0.0000	0.0000	0.0000	0.0000	0.0000	0.0000	0.0000	0.0000	0.0000	0.0000	0.0000	0.0000	0.0000	0.0000	0.0000	0.0000	0.0000	0.0000	0.0000	0.0000	0.0000	0.0000	0.0000	0.0000	0.0000	0.0000	0.0000	0.0000	0.0000	0.0000	0.0000	0.0000	0.0000	0.0000	0.0000	0.0000	0.0000	0.0000	0.0000	0.0000	0.0000	0.0000	0.0000	0.0000	0.0000	0.0000	0.0000	0.0000	0.0000	0.0000	0.0000	0.0000											
18	122	0.0871	3	0	1	1	0	0	0	0	0	N	N	N	N	N	N	N	N	N	N	N	N	0.0000	0.0000	0.0000	0.0000	0.0000	0.0000	0.0000	0.0000	0.0000	0.0000	0.0000	0.0000	0.0000	0.0000	0.0000	0.0000	0.0000	0.0000	0.0000	0.0000	0.0000	2.0001	0.0000	3.0000	0.0000	0.0000	0.0000	0.0000	0.0000	0.0000	0.0000	0.0000	0.0000	0.0000	0.0000	0.0000	0.0000	0.0000	0.0000	0.0000	0.0000	0.0000	0.0000	0.0000	0.0000	0.0000	0.0000	0.0000	0.0000	0.0000	0.0000	0.0000	0.0000	0.0000	0.0000	0.0000	0.0000	0.0000	0.0000	0.0000	0.0000	0.0000	0.0000	0.0000	0.0000	0.0000	0.0000	0.0000	0.0000	0.0000	0.0000	0.0000	0.0000	0.0000	0.0000	0.0000	0.0000	0.0000											
18	123	0.0458	2	0	0	1	0	0	0	0	0	N	N	N	N	N	N	N	N	N	N	N	N	0.0000	0.0000	0.0000	0.0000	0.0000	0.0000	0.0000	0.0000	0.0000	0.0000	0.0000	0.0000	0.0000	0.0000	0.0000	0.0000	0.0000	0.0000	0.0000	0.0000	0.0000	6.9986	0.0000	2.0000	0.0000	0.0000	0.0000	0.0000	0.0000	0.0000	0.0000	0.0000	0.0000	0.0000	0.0000	0.0000	0.0000	0.0000	0.0000	0.0000	0.0000	0.0000	0.0000	0.0000	0.0000	0.0000	0.0000	0.0000	0.0000	0.0000	0.0000	0.0000	0.0000	0.0000	0.0000	0.0000	0.0000	0.0000	0.0000	0.0000	0.0000	0.0000	0.0000	0.0000	0.0000	0.0000	0.0000	0.0000	0.0000	0.0000	0.0000	0.0000	0.0000	0.0000	0.0000	0.0000	0.0000	0.0000											
18	124	0.6355	6	0	1	1	0	0	0	0	0	N	N	N	N	N	N	N	N	N	N	N	N	0.0000	0.0000	0.0000	0.0000	0.0000	0.0000	0.0000	0.0000	0.0000	0.0000	0.0000	0.0000	0.0000	0.0000	0.0000	0.0000	0.0000	0.0000	0.0000	0.0000	0.0000	3.9006	0.0000	3.1543	0.0000	0.0000	0.0000	0.0000	0.0000	0.0000	0.0000	0.0000	0.0000	0.0000	0.0000	0.0000	0.0000	0.0000	0.0000	0.0000	0.0000	0.0000	0.0000	0.0000	0.0000	0.0000	0.0000	0.0000	0.0000	0.0000	0.0000	0.0000	0.0000	0.0000	0.0000	0.0000	0.0000	0.0000	0.0000	0.0000	0.0000	0.0000	0.0000	0.0000	0.0000	0.0000	0.0000	0.0000	0.0000	0.0000	0.0000	0.0000	0.0000	0.0000	0.0000	0.0000	0.0000	0.0000											
18	125	0.6020	5	0	1	1	0	0	0	0	0	N	N	N	N	N	N	N	N	N	N	N	N	0.0000	0.0000	0.0000	0.0000	0.0000	0.0000	0.0000	0.0000	0.0000	0.0000	0.0000	0.0000	0.0000	0.0000	0.0000	0.0000	0.0000	0.0000	0.0000	0.0000	0.0000	1.6924	0.0000	1.9110	0.0000	0.0000	0.0000	0.0000	0.0000	0.0000	0.0000	0.0000	0.0000	0.0000	0.0000	0.0000	0.0000	0.0000	0.0000	0.0000	0.0000	0.0000	0.0000	0.0000	0.0000	0.0000	0.0000	0.0000	0.0000	0.0000	0.0000	0.0000	0.0000	0.0000	0.0000	0.0000	0.0000	0.0000	0.0000	0.0000	0.0000	0.0000	0.0000	0.0000	0.0000	0.0000	0.0000	0.0000	0.0000	0.0000	0.0000	0.0000	0.0000	0.0000	0.0000	0.0000	0.0000	0.0000											
18	126	0.0458	2	0	1	1	0	0	0	0	0	N	N	N	N	N	N	N	N	N	N	N	N	0.0000	0.0000	0.0000	0.0000	0.0000	0.0000	0.0000	0.0000	0.0000	0.0000	0.0000	0.0000	0.0000	0.0000	0.0000	0.0000	0.0000	0.0000	0.0000	0.0000	0.0000	0.9996	0.0000	8.0005	0.0000	0.0000	0.0000	0.0000	0.0000	0.0000	0.0000	0.0000	0.0000	0.0000	0.0000	0.0000	0.0000	0.0000	0.0000	0.0000	0.0000	0.0000	0.0000	0.0000	0.0000	0.0000	0.0000	0.0000	0.0000	0.0000	0.0000	0.0000	0.0000	0.0000	0.0000	0.0000	0.0000	0.0000	0.0000	0.0000	0.0000	0.0000	0.0000	0.0000	0.0000	0.0000	0.0000	0.0000	0.0000	0.0000	0.0000	0.0000	0.0000	0.0000	0.0000	0.0000	0.0000	0.0000											
18	127	0.1732	4	0	0	1	0	0	0	0	0	N	N	N	N	N	N	N	N	N	N	N	N	0.0000	0.0000	0.0000	0.0000	0.0000	0.0000	0.0000	0.0000	0.0000	0.0000	0.0000	0.0000	0.0000	0.0000	0.0000	0.0000	0.0000	0.0000	0.0000	0.0000	0.0000	3.6536	0.0000	12.3970	0.0000	0.0000	0.0000	0.0000	0.0000	0.0000	0.0000	0.0000	0.0000	0.0000	0.0000	0.0000	0.0000	0.0000	0.0000	0.0000	0.0000	0.0000	0.0000	0.0000	0.0000	0.0000	0.0000	0.0000	0.0000	0.0000	0.0000	0.0000	0.0000	0.0000	0.0000	0.0000	0.0000	0.0000	0.0000	0.0000	0.0000	0.0000	0.0000	0.0000	0.0000	0.0000	0.0000	0.0000	0.0000	0.0000	0.0000	0.0000	0.0000	0.0000	0.0000	0.0000	0.0000	0.0000											
18	128	0.3516	4	0	0	1	0	0	0	0	0	N	N	N	N	N	N	N	N	N	N	N	N	0.0000	0.0000	0.0000	0.0000	0.0000	0.0000	0.0000	0.0000	0.0000	0.0000	0.0000	0.0000	0.0000	0.0000	0.0000	0.0000	0.0000	0.0000	0.0000	0.0000	0.0000	5.3495	0.0000	12.4099	0.0000	0.0000	0.0000	0.0000	0.0000	0.0000	0.0000	0.0000	0.0000	0.0000	0.0000	0.0000	0.0000	0.0000	0.0000	0.0000	0.0000	0.0000	0.0000	0.0000	0.0000	0.0000	0.0000	0.0000	0.0000	0.0000	0.0000	0.0000	0.0000	0.0000	0.0000	0.0000	0.0000	0.0000	0.0000	0.0000	0.0000	0.0000	0.0000	0.0000	0.0000	0.0000	0.0000	0.0000	0.0000	0.0000	0.0000	0.0000	0.0000	0.0000	0.0000	0.0000	0.0000	0.0000											
18	129	0.1573	8	0	1	1	1	0	0	0	0	N	N	N	N	N	N	N	N	N	N	N	N	0.0000	0.0000	0.0000	0.0000	0.0000	0.0000	0.0000	0.0000	0.0000	0.0000	0.0000	0.0000	0.0000	0.0000	0.0000	0.0000	0.0000	0.0000	0.0000	0.0000	0.0000	0.0000	0.0000	0.0000	0.0000	0.0000	0.0000	0.0000	0.0000	0.0000	0.0000	0.0000	0.0000	0.0000	0.0000	0.0000	0.0000	0.0000	0.0000	0.0000	0.0000	0.0000	0.0000	0.0000	0.0000	0.0000	0.0000	0.0000	0.0000	0.0000	0.0000	0.0000	0.0000	0.0000	0.0000	0.0000	0.0000	0.0000	0.0000	0.0000	0.0000	0.0000	0.0000	0.0000	0.0000	0.0000	0.0000	0.0000	0.0000	0.0000	0.0000	0.0000	0.0000	0.0000	0.0000	0.0000	0.0000	0.0000											
18	130	0.1410	7	0	1	1	1	0	0	0	0	N	N	N	N	N	N	N	N	N	N	N	N	0.0000	0.0000	0.0000	0.0000	0.0000	0.0000	0.0000	0.0000	0.0000	0.0000	0.0000	0.0000	0.0000	0.0000	0.0000	0.0000	0.0000	0.0000	0.0000	0.0000	0.0000	0.0000	0.0000	3.0001	0.0000	0.0000	0.0000	0.0000	0.0000	0.0000	0.0000	0.0000	0.0000	0.0000	0.0000	0.0000	0.0000	0.0000	0.0000	0.0000	0.0000	0.0000	0.0000	0.0000	0.0000	0.0000	0.0000	0.0000	0.0000	0.0000	0.0000	0.0000	0.0000	0.0000	0.0000	0.0000	0.0000	0.0000	0.0000	0.0000	0.0000	0.0000	0.0000	0.0000	0.0000	0.0000	0.0000	0.0000	0.0000	0.0000	0.0000	0.0000	0.0000	0.0000	0.0000	0.0000	0.0000	0.0000											
18	131	0.1313	6	0	1	1	0	0	0	0	0	N	N	N	N	N	N	N	N	N	N	N	N	0.0000	0.0000	0.0000	0.0000	0.0000	0.0000	0.0000	0.0000	0.0000	0.0000	0.0000	0.0000	0.0000	0.0000	0.0000	0.0000	0.0000	0.0000	0.0000	0.0000	0.0000	0.0000	0.0000	0.0000	0.0000	0.0000	0.0000	0.0000	0.0000	0.0000	0.0000	0.0000	0.0000	0.0000	0.0000	0.0000	0.0000	0.0000	0.0000	0.0000	0.0000	0.0000	0.0000	0.0000	0.0000	0.0000	0.0000	0.0000	0.0000	0.0000	0.0000	0.0000	0.0000	0.0000	0.0000	0.0000	0.0000	0.0000	0.0000	0.0000	0.0000	0.0000	0.0000	0.0000	0.0000	0.0000	0.0000	0.0000	0.0000	0.0000	0.0000	0.0000	0.0000	0.0000	0.0000	0.0000	0.0000	0.0000											
18	132	0.1410	7	0	0	2	1	0	0	0	0	N	N	Y	N	N	N	N	N	N	N	N	N	0.0000	0.0000	0.0000	0.0000	0.0000	0.0000	0.0000	0.0000	0.0000	0.0000	0.0000	0.0000	0.0000	0.0000	0.0000	0.0000	0.0000	0.0000	0.0000	0.0000	0.0000	0.0000	0.0000	1.9999	0.0000	0.0000	0.0000	0.0000	0.0000	0.0000	0.0000	0.0000	0.0000	0.0000	0.0000	0.0000	0.0000	0.0000	0.0000	0.0000	0.0000	0.0000	0.0000	0.0000	0.0000	0.0000	0.0000	0.0000	0.0000	0.0000	0.0000	0.0000	0.0000	0.0000	0.0000	0.0000	0.0000	0.0000	0.0000	0.0000	0.0000	0.0000	0.0000	0.0000	0.0000	0.0000	0.0000	0.0000	0.0000	0.0000	0.0000	0.0000	0.0000	0.0000	0.0000	0.0000	0.0000	0.0000											
18	133	0.1520	8	0	0	2	1	0	0	0	0	N	N	Y	N	N	N	N	N	N	N	N	N	0.0000	0.0000	0.0000	0.0000	0.0000	0.0000	0.0000	0.0000	0.0000	0.0000	0.0000	0.0000	0.0000	0.0000	0.0000	0.0000	0.0000	0.0000	0.0000	0.0000	0.0000	1.0000	0.0000	0.0000	0.0000	0.0000	0.0000	0.0000	0.0000	0.0000	0.0000	0.0000	0.0000	0.0000	0.0000	0.0000	0.0000	0.0000	0.0000	0.0000	0.0000	0.0000	0.0000	0.0000	0.0000	0.0000	0.0000	0.0000	0.0000	0.0000	0.0000	0.0000	0.0000	0.0000	0.0000	0.0000	0.0000	0.0000	0.0000	0.0000	0.0000	0.0000	0.0000	0.0000	0.0000	0.0000	0.0000	0.0000	0.0000	0.0000	0.0000	0.0000	0.0000	0.0000	0.0000	0.0000	0.0000	0.0000											
18	134	0.1520	8	0	0	2	1	0	0	0	0	N	N	Y	N	N	N	N	N	N	N	N	N	0.0000	0.0000	0.0000	0.0000	0.0000	0.0000	0.0000	0.0000	0.0000	0.0000	0.0000	0.0000	0.0000	0.0000	0.0000	0.0000	0.0000	0.0000	0.0000	0.0000	0.0000	0.0000	0.0000	0.0000	0.0000	0.0000	0.0000	0.0000	0.0000	0.0000	0.0000	0.0000	0.0000	0.0000	0.0000	0.0000	0.0000	0.0000	0.0000	0.0000	0.0000	0.0000	0.0000	0.0000	0.0000	0.0000	0.0000	0.0000	0.0000	0.0000	0.0000	0.0000	0.0000	0.0000	0.0000	0.0000	0.0000	0.0000	0.0000	0.0000	0.0000	0.0000	0.0000	0.0000	0.0000	0.0000	0.0000	0.0000	0.0000	0.0000	0.0000	0.0000	0.0000	0.0000	0.0000	0.0000	0.0000	0.0000											
18	135	0.1410	7	0	0	2	1	0	0	0	0	N	N	Y	N	N	N	N	N	N	N	N	N	0.0000	0.0000	0.0000	0.0000	0.0000	0.0000	0.0000	0.0000	0.0000	0.0000	0.0000	0.0000	0.0000	0.0000	0.0000	0.0000	0.0000	0.0000	0.0000	0.0000	0.0000	2.0025	0.0000	0.9943	0.0000	0.0000	0.0000	0.0000	0.0000	0.0000	0.0000	0.0000	0.0000	0.0000	0.0000	0.0000	0.0000	0.0000	0.0000	0.0000	0.0000	0.0000	0.0000	0.0000	0.0000	0.0000	0.0000	0.0000	0.0000	0.0000	0.0000	0.0000	0.0000	0.0000	0.0000	0.0000	0.0000	0.0000	0.0000	0.0000	0.0000	0.0000	0.0000	0.0000	0.0000	0.0000	0.0000	0.0000	0.0000	0.0000	0.0000	0.0000	0.0000	0.0000	0.0000	0.0000	0.0000	0.0000											
18	136	0.1410	6	0	0	1	1	0	0	0	0	N	N	N	N	N	N	N	N	N	N	N	N	0.0000	0.0000	0.0000	0.0000	0.0000	0.0000	0.0000	0.0000	0.0000	0.0000	0.0000	0.0000	0.0000	0.0000	0.0000	0.0000	0.0000	0.0000	0.0000	0.0000	0.0000	0.0050	0.0000	0.0173	0.0000	0.0000	0.0000	0.0000	0.0000	0.0000	0.0000	0.0000	0.0000	0.0000	0.0000	0.0000	0.0000	0.0000	0.0000	0.0000	0.0000	0.0000	0.0000	0.0000	0.0000	0.0000	0.0000	0.0000	0.0000	0.0000	0.0000	0.0000	0.0000	0.0000	0.0000	0.0000	0.0000	0.0000	0.0000	0.0000	0.0000	0.0000	0.0000	0.0000	0.0000	0.0000	0.0000	0.0000	0.0000	0.0000	0.0000	0.0000	0.0000	0.0000	0.0000	0.0000	0.0000	0.0000											
18	137	0.1313	5	0	0	1	1	0	0	0	0	N	N	N	N	N	N	N	N	N	N	N	N	0.0000	0.0000	0.0000	0.0000	0.0000	0.0000	0.0000	0.0000	0.0000	0.0000	0.0000	0.0000	0.0000	0.0000	0.0000	0.0000	0.0000	0.0000	0.0000	0.0000	0.0000	1.9972	0.0000	1.0076	0.0000	0.0000	0.0000	0.0000	0.0000	0.0000	0.0000	0.0000	0.0000	0.0000	0.0000	0.0000	0.0000	0.0000	0.0000	0.0000	0.0000	0.0000	0.0000	0.0000	0.0000	0.0000	0.0000	0.0000	0.0000	0.0000	0.0000	0.0000	0.0000	0.0000	0.0000	0.0000	0.0000	0.0000	0.0000	0.0000	0.0000	0.0000	0.0000	0.0000	0.0000	0.0000	0.0000	0.0000	0.0000	0.0000	0.0000	0.0000	0.0000	0.0000	0.0000	0.0000	0.0000	0.0000											
18	138	0.1141	4	1	1	1	0	0	0	0	0	N	N	N	N	N	N	N	N	N	N	N	N	0.0000	0.0000	0.0000	0.0000	0.0000	0.0000	0.0000	0.0000	0.0000	0.0000	0.0000	0.0000	0.0000	0.0000	0.0000	0.0000	0.0000	0.0000	0.0000	0.0000	0.0000	0.0002	0.0000	2.3255	0.0000	0.0000	0.0000	0.0000	0.0000	0.0000	0.0000	0.0000	0.0000	0.0000	0.0000	0.0000	0.0000	0.0000	0.0000	0.0000	0.0000	0.0000	0.0000	0.0000	0.0000	0.0000	0.0000	0.0000	0.0000	0.0000	0.0000	0.0000	0.0000	0.0000	0.0000	0.0000	0.0000	0.0000	0.0000	0.0000	0.0000	0.0000	0.0000	0.0000	0.0000	0.0000	0.0000	0.0000	0.0000	0.0000	0.0000	0.0000	0.0000	0.0000	0.0000	0.0000	0.0000	0.0000											
18	139	0.0962	3	1	1	1	0	0	0	0	0	N	N	N	N	N	N	N	N	N	N	N	N	0.0000	0.0000	0.0000	0.0000	0.0000	0.0000	0.0000	0.0000	0.0000	0.0000	0.0000	0.0000	0.0000	0.0000	0.0000	0.0000	0.0000	0.0000	0.0000	0.0000	0.0000	2.0138	0.0000	2.7349	0.0000	0.0000	0.0000	0.0000	0.0000	0.0000	0.0000	0.0000	0.0000	0.0000	0.0000	0.0000	0.0000	0.0000	0.0000	0.0000	0.0000	0.0000	0.0000	0.0000	0.0000	0.0000	0.0000	0.0000	0.0000	0.0000	0.0000	0.0000	0.0000	0.0000	0.0000	0.0000	0.0000	0.0000	0.0000	0.0000	0.0000	0.0000	0.0000	0.0000	0.0000	0.0000	0.0000	0.0000	0.0000	0.0000	0.0000	0.0000	0.0000	0.0000	0.0000	0.0000	0.0000	0.0000											
18	140	0.1127	4	0	1	1	0	0	0	0	0	N	N	N	N	N	N	N	N	N	N	N	N	0.0000	0.0000	0.0000	0.0000	0.0000	0.0000	0.0000	0.0000	0.0000	0.0000	0.0000	0.0000	0.0000	0.0000	0.0000	0.0000	0.0000	0.0000	0.0000	0.0000	0.0000	1.9232	0.0000	1.1116	0.0000	0.0000	0.0000	0.0000	0.0000	0.0000	0.0000	0.0000	0.0000	0.0000	0.0000	0.0000	0.0000	0.0000	0.0000	0.0000	0.0000	0.0000	0.0000	0.0000	0.0000	0.0000	0.0000	0.0000	0.0000	0.0000	0.0000	0.0000	0.0000	0.0000	0.0000	0.0000	0.0000	0.0000	0.0000	0.0000	0.0000	0.0000	0.0000	0.0000	0.0000	0.0000	0.0000	0.0000	0.0000	0.0000	0.0000	0.0000	0.0000	0.0000	0.0000	0.0000	0.0000	0.0000											
18	141	0.6212	6	0	1	1	0	0	0	0	0	N	N	N	N	N	N	N	N	N	N	N	N	0.0000	0.0000	0.0000	0.0000	0.0000	0.0000	0.0000	0.0000	0.0000	0.0000	0.0000	0.0000	0.0000	0.0000	0.0000	0.0000	0.0000	0.0000	0.0000	0.0000	0.0000	3.0000	0.0000	1.0000	0.0000	0.0000	0.0000	0.0000	0.0000	0.0000	0.0000	0.0000	0.0000	0.0000	0.0000	0.0000	0.0000	0.0000	0.0000	0.0000	0.0000	0.0000	0.0000	0.0000	0.0000	0.0000	0.0000	0.0000	0.0000	0.0000	0.0000	0.0000	0.0000	0.0000	0.0000	0.0000	0.0000	0.0000	0.0000	0.0000	0.0000	0.0000	0.0000	0.0000	0.0000	0.0000	0.0000	0.0000	0.0000	0.0000	0.0000	0.0000	0.0000	0.0000	0.0000	0.0000	0.0000	0.0000											
18	142	0.6020	5	0	0	1	0	0	0	0	0	N	N	N	N	N	N	N	N	N	N	N	N	0.0000	0.0000	0.0000	0.0000	0.0000	0.0000	0.0000	0.0000	0.0000	0.0000	0.0000	0.0000	0.0000	0.0000	0.0000	0.0000	0.0000	0.0000	0.0000	0.0000	0.0000	1.0000	0.0000	1.0000	0.0000	0.0000	0.0000	0.0000	0.0000	0.0000	0.0000	0.0000	0.0000	0.0000	0.0000	0.0000	0.0000	0.0000	0.0000	0.0000	0.0000	0.0000	0.0000	0.0000	0.0000	0.0000	0.0000	0.0000	0.0000	0.0000	0.0000	0.0000	0.0000	0.0000	0.0000	0.0000	0.0000	0.0000	0.0000	0.0000	0.0000	0.0000	0.0000	0.0000	0.0000	0.0000	0.0000	0.0000	0.0000	0.0000	0.0000	0.0000	0.0000	0.0000	0.0000	0.0000	0.0000	0.0000											
18	143	0.3516	4	0	0	1	0	0	0	0	0	N	N	N	N	N	N	N	N	N	N	N	N	0.0000	0.0000	0.0000	0.0000	0.0000	0.0000	0.0000	0.0000	0.0000	0.0000	0.0000	0.0000	0.0000	0.0000	0.0000	0.0000	0.0000	0.0000	0.0000	0.0000	0.0000	7.1211	0.0000	10.9474	0.0000	0.0000	0.0000	0.0000	0.0000	0.0000	0.0000	0.0000	0.0000	0.0000	0.0000	0.0000	0.0000	0.0000	0.0000	0.0000	0.0000	0.0000	0.0000	0.0000	0.0000	0.0000	0.0000	0.0000	0.0000	0.0000	0.0000	0.0000	0.0000	0.0000	0.0000	0.0000	0.0000	0.0000	0.0000	0.0000	0.0000	0.0000	0.0000	0.0000	0.0000	0.0000	0.0000	0.0000	0.0000	0.0000	0.0000	0.0000	0.0000	0.0000	0.0000	0.0000	0.0000	0.0000											
18	144	0.1568	3	0	0	1	0	0	0	0	0	N	N	N	N	N	N	N	N	N	N	N	N	0.0000	0.0000	0.0000	0.0000	0.0000	0.0000	0.0000	0.0000	0.0000	0.0000	0.0000	0.0000	0.0000	0.0000	0.0000	0.0000	0.0000	0.0000	0.0000	0.0000	0.0000	8.5175	0.0000	23.1696	0.0000	0.0000	0.0000	0.0000	0.0000	0.0000	0.0000	0.0000	0.0000	0.0000	0.0000	0.0000	0.0000	0.0000	0.0000	0.0000	0.0000	0.0000	0.0000	0.0000	0.0000	0.0000	0.0000	0.0000	0.0000	0.0000	0.0000	0.0000	0.0000	0.0000	0.0000	0.0000	0.0000	0.0000	0.0000	0.0000	0.0000	0.0000	0.0000	0.0000	0.0000	0.0000	0.0000	0.0000	0.0000	0.0000	0.0000	0.0000	0.0000	0.0000	0.0000	0.0000	0.0000	0.0000											
18	145	0.1313	6	1	1	1	0	0	0	0	0	N	N	N	N	N	N	N	N	N	N	N	N	0.0000	0.0000	0.0000	0.0000	0.0000	0.0000	0.0000	0.0000	0.0000	0.0000	0.0000	0.0000	0.0000	0.0000	0.0000	0.0000	0.0000	0.0000	0.0000	0.0000	0.0000	1.0000	0.0000	1.0000	0.0000	0.0000	0.0000	0.0000	0.0000	0.0000	0.0000	0.0000	0.0000	0.0000	0.0000	0.0000	0.0000	0.0000	0.0000	0.0000	0.0000	0.0000	0.0000	0.0000	0.0000	0.0000	0.0000	0.0000	0.0000	0.0000	0.0000	0.0000	0.0000	0.0000	0.0000	0.0000	0.0000	0.0000	0.0000	0.0000	0.0000	0.0000	0.0000	0.0000	0.0000	0.0000	0.0000	0.0000	0.0000	0.0000	0.0000	0.0000	0.0000	0.0000	0.0000	0.0000	0.0000	0.0000											
18	146	0.1313	5	0	1	1	0	0	0	0	0	N	N	N	N	N	N	N	N	N	N	N	N	0.0000	0.0000	0.0000	0.0000	0.0000	0.0000	0.0000	0.0000	0.0000	0.0000	0.0000	0.0000	0.0000	0.0000	0.0000	0.0000	0.0000	0.0000	0.0000	0.0000	0.0000	0.0003	0.0000	0.0000	0.0000	0.0000	0.0000	0.0000	0.0000	0.0000	0.0000	0.0000	0.0000	0.0000	0.0000	0.0000	0.0000	0.0000	0.0000	0.0000	0.0000	0.0000	0.0000	0.0000	0.0000	0.0000	0.0000	0.0000	0.0000	0.0000	0.0000	0.0000	0.0000	0.0000	0.0000	0.0000	0.0000	0.0000	0.0000	0.0000	0.0000	0.0000	0.0000	0.0000	0.0000	0.0000	0.0000	0.0000	0.0000	0.0000	0.0000	0.0000	0.0000	0.0000	0.0000	0.0000	0.0000	0.0000											
18	147	0.1127	4	0	0	1	0	0	0	0	0	N	N	N	N	N	N	N	N	N	N	N	N	0.0000	0.0000	0.0000	0.0000	0.0000	0.0000	0.0000	0.0000	0.0000	0.0000	0.0000	0.0000	0.0000	0.0000	0.0000	0.0000	0.0000	0.0000	0.0000	0.0000	0.0000	4.9449	0.0000	1.0063	0.0000	0.0000	0.0000	0.0000	0.0000	0.0000	0.0000	0.0000	0.0000	0.0000	0.0000	0.0000	0.0000	0.0000	0.0000	0.0000	0.0000	0.0000	0.0000	0.0000	0.0000	0.0000	0.0000	0.0000	0.0000	0.0000	0.0000	0.0000	0.0000	0.0000	0.0000	0.0000	0.0000	0.0000	0.0000	0.0000	0.0000	0.0000	0.0000	0.0000	0.0000	0.0000	0.0000	0.0000	0.0000	0.0000	0.0000	0.0000	0.0000	0.0000	0.0000	0.0000	0.0000	0.0000											
18	148	0.0962	3	0	0	1	0	0	0	0	0	N	N	N	N	N	N	N	N	N	N	N	N	0.0000	0.0000	0.0000	0.0000	0.0000	0.0000	0.0000	0.0000	0.0000	0.0000	0.0000	0.0000	0.0000	0.0000	0.0000	0.0000	0.0000	0.0000	0.0000	0.0000	0.0000	3.4778	0.0000	1.2917	0.0000	0.0000	0.0000	0.0000	0.0000	0.0000	0.0000	0.0000	0.0000	0.0000	0.0000	0.0000	0.0000	0.0000	0.0000	0.0000	0.0000	0.0000	0.0000	0.0000	0.0000	0.0000	0.0000	0.0000	0.0000	0.0000	0.0000	0.0000	0.0000	0.0000	0.0000	0.0000	0.0000	0.0000	0.0000	0.0000	0.0000	0.0000	0.0000	0.0000	0.0000	0.0000	0.0000	0.0000	0.0000	0.0000	0.0000	0.0000	0.0000	0.0000	0.0000	0.0000	0.0000	0.0000											
18	149	0.0458	2	0	0	1	0	0	0	0	0	N	N	N	N	N	N	N	N	N	N	N	N	0.0000	0.0000	0.0000	0.0000	0.0000	0.0000	0.0000	0.0000	0.0000	0.0000	0.0000	0.0000	0.0000	0.0000	0.0000	0.0000	0.0000	0.0000	0.0000	0.0000	0.0000	7.8050	0.0000	4.0035	0.0000	0.0000	0.0000	0.0000	0.0000	0.0000	0.0000	0.0000	0.0000	0.0000	0.0000	0.0000	0.0000	0.0000	0.0000	0.0000	0.0000	0.0000	0.0000	0.0000	0.0000	0.0000	0.0000	0.0000	0.0000	0.0000	0.0000	0.0000	0.0000	0.0000	0.0000	0.0000	0.0000	0.0000	0.0000	0.0000	0.0000	0.0000	0.0000	0.0000	0.0000	0.0000	0.0000	0.0000	0.0000	0.0000	0.0000	0.0000	0.0000	0.0000	0.0000	0.0000	0.0000	0.0000											
18	150	0.1732	4	0	0	1	0	0	0	0	0	N	N	N	N	N	N	N	N	N	N	N	N	0.0000	0.0000	0.0000	0.0000	0.0000	0.0000	0.0000	0.0000	0.0000	0.0000	0.0000	0.0000	0.0000	0.0000	0.0000	0.0000	0.0000	0.0000	0.0000	0.0000	0.0000	3.7255	0.0000	14.1767	0.0000	0.0000	0.0000	0.0000	0.0000	0.0000	0.0000	0.0000	0.0000	0.0000	0.0000	0.0000	0.0000	0.0000	0.0000	0.0000	0.0000	0.0000	0.0000	0.0000	0.0000	0.0000	0.0000	0.0000	0.0000	0.0000	0.0000	0.0000	0.0000	0.0000	0.0000	0.0000	0.0000	0.0000	0.0000	0.0000	0.0000	0.0000	0.0000	0.0000	0.0000	0.0000	0.0000	0.0000	0.0000	0.0000	0.0000	0.0000	0.0000	0.0000	0.0000	0.0000	0.0000	0.0000											
18	151	0.1568	3	0	0	1	0	0	0	0	0	N	N	N	N	N	N	N	N	N	N	N	N	0.0000	0.0000	0.0000	0.0000	0.0000	0.0000	0.0000	0.0000	0.0000	0.0000	0.0000	0.0000	0.0000	0.0000	0.0000	0.0000	0.0000	0.0000	0.0000	0.0000	0.0000	1.4205	0.0000	4.0377	0.0000	0.0000	0.0000	0.0000	0.0000	0.0000	0.0000	0.0000	0.0000	0.0000	0.0000	0.0000	0.0000	0.0000	0.0000	0.0000	0.0000	0.0000	0.0000	0.0000	0.0000	0.0000	0.0000	0.0000	0.0000	0.0000	0.0000	0.0000	0.0000	0.0000	0.0000	0.0000	0.0000	0.0000	0.0000	0.0000	0.0000	0.0000	0.0000	0.0000	0.0000	0.0000	0.0000	0.0000	0.0000	0.0000	0.0000	0.0000	0.0000	0.0000	0.0000	0.0000	0.0000	0.0000											
18	152	0.0458	2	0	0	1	0	0	0	0	0	N	N	N	N	N	N	N	N	N	N	N	N	0.0000	0.0000	0.0000	0.0000	0.0000	0.0000	0.0000	0.0000	0.0000	0.0000	0.0000	0.0000	0.0000	0.0000	0.0000	0.0000	0.0000	0.0000	0.0000	0.0000	0.0000	6.4701	0.0000	12.4371	0.0000	0.0000	0.0000	0.0000	0.0000	0.0000	0.0000	0.0000	0.0000	0.0000	0.0000	0.0000	0.0000	0.0000	0.0000	0.0000	0.0000	0.0000	0.0000	0.0000	0.0000	0.0000	0.0000	0.0000	0.0000	0.0000	0.0000	0.0000	0.0000	0.0000	0.0000	0.0000	0.0000	0.0000	0.0000	0.0000	0.0000	0.0000	0.0000	0.0000	0.0000	0.0000	0.0000	0.0000	0.0000	0.0000	0.0000	0.0000	0.0000	0.0000	0.0000	0.0000	0.0000	0.0000											
19	20	0.0402	2	1	2	0	0	0	0	0	0	N	Y	N	N	N	N	N	N	N	N	N	N	0.0000	0.0000	0.0000	0.0000	0.0000	0.0000	0.0000	0.0000	0.0000	0.0000	0.0000	0.0000	0.0000	0.0000	0.0000	0.0000	0.0000	0.0000	0.0000	0.0000	3.0000	0.0000	0.0000	1.0000	0.0000	0.0000	0.0000	0.0000	0.0000	0.0000	0.0000	0.0000	0.0000	0.0000	0.0000	0.0000	0.0000	0.0000	0.0000	0.0000	0.0000	0.0000	0.0000	0.0000	0.0000	0.0000	0.0000	0.0000	0.0000	0.0000	0.0000	0.0057	0.0019	0.0038	0.0000	0.0000	0.0000	0.0057	0.0019	0.0038	0.0000	0.0000	0.0000	0.0000	0.0000	0.0000	0.0000	0.0000	0.0000	0.0000	0.0000	0.0000	0.0000	0.0000	0.0000	0.0000	0.0000	0.0000											
19	21	0.0663	3	1	1	0	1	0	0	0	0	N	N	N	N	N	N	N	N	N	N	N	N	0.0000	0.0000	0.0000	0.0000	0.0000	0.0000	0.0000	0.0000	0.0000	0.0000	0.0000	0.0000	0.0000	0.0000	0.0000	0.0000	0.0000	0.0000	0.0000	0.0000	3.0000	2.0045	0.0000	0.0106	0.0000	0.0000	0.0000	0.0000	0.0000	0.0000	0.0000	0.0000	0.0000	0.0000	0.0000	0.0000	0.0000	0.0000	0.0000	0.0000	0.0000	0.0000	0.2972	0.2656	0.0316	0.0674	0.0636	0.0038	0.2299	0.2020	0.0279	0.0218	0.0090	0.0128	0.0001	0.0001	0.0000	0.0217	0.0090	0.0128	0.0000	0.0000	0.0000	0.0000	0.0000	0.0000	0.0000	0.0000	0.0000	0.0000	0.0000	0.0000	0.0000	0.0000	0.0000	0.0000	0.0000	0.0000											
19	22	0.0370	2	1	1	0	1	0	0	0	0	N	N	N	N	N	N	N	N	N	N	N	N	0.0000	0.0000	0.0000	0.0000	0.0000	0.0000	0.0000	0.0000	0.0000	0.0000	0.0000	0.0000	0.0000	0.0000	0.0000	0.0000	0.0000	0.0000	0.0000	0.0000	3.0000	1.9989	0.0000	1.0099	0.0000	0.0000	0.0000	0.0000	0.0000	0.0000	0.0000	0.0000	0.0000	0.0000	0.0000	0.0000	0.0000	0.0000	0.0000	0.0000	0.0000	0.0000	0.3276	0.2917	0.0358	0.0321	0.0306	0.0015	0.2954	0.2611	0.0343	0.0389	0.0169	0.0221	0.0000	0.0000	0.0000	0.0389	0.0169	0.0221	0.0000	0.0000	0.0000	0.0000	0.0000	0.0000	0.0000	0.0000	0.0000	0.0000	0.0000	0.0000	0.0000	0.0000	0.0000	0.0000	0.0000	0.0000											
19	23	0.6160	7	1	2	0	1	0	0	0	0	N	Y	N	N	N	N	N	N	N	N	N	N	0.0000	0.0000	0.0000	0.0000	0.0000	0.0000	0.0000	0.0000	0.0000	0.0000	0.0000	0.0000	0.0000	0.0000	0.0000	0.0000	0.0000	0.0000	0.0000	0.0000	3.0000	0.0000	0.0000	1.0024	0.0000	0.0000	0.0000	0.0000	0.0000	0.0000	0.0000	0.0000	0.0000	0.0000	0.0000	0.0000	0.0000	0.0000	0.0000	0.0000	0.0000	0.0000	0.0000	0.0000	0.0000	0.0000	0.0000	0.0000	0.0000	0.0000	0.0000	0.0027	0.0014	0.0013	0.0010	0.0009	0.0001	0.0017	0.0005	0.0012	0.0000	0.0000	0.0000	0.0000	0.0000	0.0000	0.0000	0.0000	0.0000	0.0000	0.0000	0.0000	0.0000	0.0000	0.0000	0.0000	0.0000	0.0000											
19	24	0.0402	2	1	2	0	0	0	0	0	0	N	Y	N	N	N	N	N	N	N	N	N	N	0.0000	0.0000	0.0000	0.0000	0.0000	0.0000	0.0000	0.0000	0.0000	0.0000	0.0000	0.0000	0.0000	0.0000	0.0000	0.0000	0.0000	0.0000	0.0000	0.0000	3.0000	0.0000	0.0000	0.0000	0.0000	0.0000	0.0000	0.0000	0.0000	0.0000	0.0000	0.0000	0.0000	0.0000	0.0000	0.0000	0.0000	0.0000	0.0000	0.0000	0.0000	0.0000	0.0000	0.0000	0.0000	0.0000	0.0000	0.0000	0.0000	0.0000	0.0000	0.0000	0.0000	0.0000	0.0000	0.0000	0.0000	0.0000	0.0000	0.0000	0.0000	0.0000	0.0000	0.0000	0.0000	0.0000	0.0000	0.0000	0.0000	0.0000	0.0000	0.0000	0.0000	0.0000	0.0000	0.0000	0.0000	0.0000											
19	25	0.6477	7	1	2	0	0	0	0	0	0	N	Y	N	N	N	N	N	N	N	N	N	N	0.0000	0.0000	0.0000	0.0000	0.0000	0.0000	0.0000	0.0000	0.0000	0.0000	0.0000	0.0000	0.0000	0.0000	0.0000	0.0000	0.0000	0.0000	0.0000	0.0000	3.0000	0.9998	0.0000	0.0242	0.0000	0.0000	0.0000	0.0000	0.0000	0.0000	0.0000	0.0000	0.0000	0.0000	0.0000	0.0000	0.0000	0.0000	0.0000	0.0000	0.0000	0.0000	0.0659	0.0606	0.0053	0.0484	0.0453	0.0031	0.0175	0.0153	0.0022	0.0040	0.0027	0.0013	0.0027	0.0025	0.0002	0.0014	0.0002	0.0011	0.0000	0.0000	0.0000	0.0000	0.0000	0.0000	0.0000	0.0000	0.0000	0.0000	0.0000	0.0000	0.0000	0.0000	0.0000	0.0000	0.0000	0.0000											
19	26	0.6854	10	1	2	0	1	0	0	0	0	N	Y	N	N	N	N	N	N	N	N	N	N	0.0000	0.0000	0.0000	0.0000	0.0000	0.0000	0.0000	0.0000	0.0000	0.0000	0.0000	0.0000	0.0000	0.0000	0.0000	0.0000	0.0000	0.0000	0.0000	0.0000	3.0000	0.0000	0.0000	0.0000	0.0000	0.0000	0.0000	0.0000	0.0000	0.0000	0.0000	0.0000	0.0000	0.0000	0.0000	0.0000	0.0000	0.0000	0.0000	0.0000	0.0000	0.0000	0.0000	0.0000	0.0000	0.0000	0.0000	0.0000	0.0000	0.0000	0.0000	0.0000	0.0000	0.0000	0.0000	0.0000	0.0000	0.0000	0.0000	0.0000	0.0000	0.0000	0.0000	0.0000	0.0000	0.0000	0.0000	0.0000	0.0000	0.0000	0.0000	0.0000	0.0000	0.0000	0.0000	0.0000	0.0000	0.0000											
19	27	0.0639	2	2	2	0	0	0	0	0	0	Y	Y	N	N	N	N	N	N	N	N	N	N	0.0000	0.0000	0.0000	0.0000	0.0000	0.0000	0.0000	0.0000	0.0000	0.0000	0.0000	0.0000	0.0000	0.0000	0.0000	0.0000	0.0000	0.0000	0.0000	0.0000	3.0000	0.0418	0.0000	6.1659	0.0000	0.0000	0.0000	0.0000	0.0000	0.0000	0.0000	0.0000	0.0000	0.0000	0.0000	0.0000	0.0000	0.0000	0.0000	0.0000	0.0000	0.0000	0.0057	0.0051	0.0005	0.0014	0.0014	0.0000	0.0043	0.0037	0.0005	0.0407	0.0179	0.0228	0.0027	0.0025	0.0002	0.0379	0.0153	0.0226	0.0000	0.0000	0.0000	0.0000	0.0000	0.0000	0.0000	0.0000	0.0000	0.0000	0.0000	0.0000	0.0000	0.0000	0.0000	0.0000	0.0000	0.0000											
19	28	0.0709	5	1	1	0	1	0	0	0	0	N	N	N	N	N	N	N	N	N	N	N	N	inf	inf	inf	inf	0.0004	0.0005	0.0000	0.0045	0.0046	0.0000	0.0000	0.0000	0.0000	0.0000	0.0000	0.0000	0.0000	0.0000	0.0000	0.0000	0.0000	0.0000	0.0000	-0.0000	0.0000	3.0000	1.5398	0.0000	1.0296	0.0001	0.0001	0.0000	0.0001	0.0001	0.0000	0.0000	0.0000	0.0000	0.0000	0.0000	0.0000	0.0000	0.0000	0.0000	0.0000	0.0000	0.0000	0.1469	0.1309	0.0160	0.0133	0.0130	0.0003	0.1336	0.1179	0.0158	0.0194	0.0090	0.0104	0.0051	0.0044	0.0007	0.0143	0.0046	0.0097	inf	inf	0.0000	inf	inf	0.0000	0.0000	0.0000	0.0000	0.0000	0.0000	0.0000	0.0000	0.0000	0.0000	0.0000	0.0000	0.0000						
19	29	0.0657	4	1	1	0	1	0	0	0	0	N	N	N	N	N	N	N	N	N	N	N	N	inf	inf	inf	inf	inf	inf	0.0008	0.0004	0.0034	0.0000	0.0000	0.0000	0.0008	0.0005	0.0035	0.0000	0.0000	0.0000	0.0000	0.0000	0.0000	0.0000	0.0000	0.0000	1.0000	0.0000	0.0000	3.0000	0.8816	0.0000	0.0702	0.0001	0.0000	0.0000	0.0000	0.0000	0.0000	0.0001	0.0000	0.0000	0.0000	0.0000	0.0000	0.0000	0.0000	0.0000	0.0000	0.0000	0.0000	0.0761	0.0673	0.0088	0.0025	0.0023	0.0002	0.0737	0.0650	0.0087	0.0081	0.0039	0.0042	0.0023	0.0020	0.0003	0.0058	0.0019	0.0039	inf	inf	inf	0.0000	0.0000	0.0000	inf	inf	inf	0.0000	0.0000	0.0000	0.0000	0.0000	0.0000	0.0000	0.0000	0.0000				
19	30	0.6313	8	1	1	0	1	0	0	0	0	N	N	N	N	N	N	N	N	N	N	N	N	0.0000	0.0000	0.0000	0.0000	0.0000	0.0000	0.0000	0.0000	0.0000	0.0000	0.0000	0.0000	0.0000	0.0000	0.0000	0.0000	0.0000	0.0000	0.0000	0.0000	3.0000	0.0000	0.0000	0.0000	0.0000	0.0000	0.0000	0.0000	0.0000	0.0000	0.0000	0.0000	0.0000	0.0000	0.0000	0.0000	0.0000	0.0000	0.0000	0.0000	0.0000	0.0000	0.0000	0.0000	0.0000	0.0000	0.0000	0.0000	0.0000	0.0000	0.0000	0.0000	0.0000	0.0000	0.0000	0.0000	0.0000	0.0000	0.0000	0.0000	0.0000	0.0000	0.0000	0.0000	0.0000	0.0000	0.0000	0.0000	0.0000	0.0000	0.0000	0.0000	0.0000	0.0000	0.0000	0.0000	0.0000	0.0000											
19	31	0.6381	6	2	1	1	0	0	0	0	0	Y	N	N	N	N	N	N	N	N	N	N	N	0.0000	0.0000	0.0000	0.0000	0.0000	0.0000	0.0000	0.0000	0.0000	0.0000	0.0000	0.0000	0.0000	0.0000	0.0000	0.0000	0.0000	0.0000	0.0000	0.0000	3.0000	0.0000	0.0000	0.0000	0.0000	0.0000	0.0000	0.0000	0.0000	0.0000	0.0000	0.0000	0.0000	0.0000	0.0000	0.0000	0.0000	0.0000	0.0000	0.0000	0.0000	0.0000	0.0000	0.0000	0.0000	0.0000	0.0000	0.0000	0.0000	0.0000	0.0000	0.0000	0.0000	0.0000	0.0000	0.0000	0.0000	0.0000	0.0000	0.0000	0.0000	0.0000	0.0000	0.0000	0.0000	0.0000	0.0000	0.0000	0.0000	0.0000	0.0000	0.0000	0.0000	0.0000	0.0000	0.0000	0.0000	0.0000											
19	32	0.5739	4	1	2	0	0	0	0	0	0	N	Y	N	N	N	N	N	N	N	N	N	N	0.0000	0.0000	0.0000	0.0000	0.0000	0.0000	0.0000	0.0000	0.0000	0.0000	0.0000	0.0000	0.0000	0.0000	0.0000	0.0000	0.0000	0.0000	0.0000	0.0000	3.0000	0.0006	0.0000	3.0000	0.0000	0.0000	0.0000	0.0000	0.0000	0.0000	0.0000	0.0000	0.0000	0.0000	0.0000	0.0000	0.0000	0.0000	0.0000	0.0000	0.0000	0.0000	0.0001	0.0001	0.0000	0.0001	0.0001	0.0000	0.0000	0.0000	0.0000	0.0089	0.0044	0.0046	0.0028	0.0024	0.0004	0.0061	0.0020	0.0041	0.0000	0.0000	0.0000	0.0000	0.0000	0.0000	0.0000	0.0000	0.0000	0.0000	0.0000	0.0000	0.0000	0.0000	0.0000	0.0000	0.0000	0.0000											
19	33	0.5739	4	1	2	0	0	0	0	0	0	N	Y	N	N	N	N	N	N	N	N	N	N	0.0000	0.0000	0.0000	0.0000	0.0000	0.0000	0.0000	0.0000	0.0000	0.0000	0.0000	0.0000	0.0000	0.0000	0.0000	0.0000	0.0000	0.0000	0.0000	0.0000	3.0000	2.0006	0.0000	8.0000	0.0000	0.0000	0.0000	0.0000	0.0000	0.0000	0.0000	0.0000	0.0000	0.0000	0.0000	0.0000	0.0000	0.0000	0.0000	0.0000	0.0000	0.0000	0.1432	0.1291	0.0141	0.0899	0.0835	0.0064	0.0532	0.0456	0.0077	0.0274	0.0135	0.0138	0.0089	0.0076	0.0013	0.0184	0.0060	0.0125	0.0000	0.0000	0.0000	0.0000	0.0000	0.0000	0.0000	0.0000	0.0000	0.0000	0.0000	0.0000	0.0000	0.0000	0.0000	0.0000	0.0000	0.0000											
19	34	0.6152	5	2	2	0	0	0	0	0	0	Y	Y	N	N	N	N	N	N	N	N	N	N	inf	inf	inf	inf	1.8195	1.9837	0.0000	2.4908	2.6543	0.0000	0.0000	0.0000	0.0000	0.0000	0.0000	0.0000	0.0000	0.0000	0.0000	0.0000	0.0000	0.0000	0.0000	-0.2602	0.0000	3.0000	10.0001	0.0000	4.0001	1.0000	1.0000	0.0000	1.0000	1.0000	0.0000	0.0000	0.0000	0.0000	0.0000	0.0000	0.0000	0.0000	0.0000	0.0000	0.0000	0.0000	0.0000	0.5496	0.5041	0.0455	0.4015	0.3767	0.0247	0.1481	0.1274	0.0207	0.0255	0.0143	0.0112	0.0127	0.0108	0.0019	0.0128	0.0035	0.0094	inf	inf	0.0000	inf	inf	0.0000	0.0000	0.0000	0.0000	0.0000	0.0000	0.0000	0.0000	0.0000	0.0000	0.0000	0.0000	0.0000						
19	35	0.5739	4	1	2	0	0	0	0	0	0	N	Y	N	N	N	N	N	N	N	N	N	N	0.0000	0.0000	0.0000	0.0000	0.0000	0.0000	0.0000	0.0000	0.0000	0.0000	0.0000	0.0000	0.0000	0.0000	0.0000	0.0000	0.0000	0.0000	0.0000	0.0000	3.0000	3.0004	0.0000	2.0000	0.0000	0.0000	0.0000	0.0000	0.0000	0.0000	0.0000	0.0000	0.0000	0.0000	0.0000	0.0000	0.0000	0.0000	0.0000	0.0000	0.0000	0.0000	0.2086	0.1881	0.0205	0.1301	0.1209	0.0092	0.0785	0.0673	0.0113	0.0145	0.0071	0.0074	0.0046	0.0039	0.0007	0.0099	0.0032	0.0067	0.0000	0.0000	0.0000	0.0000	0.0000	0.0000	0.0000	0.0000	0.0000	0.0000	0.0000	0.0000	0.0000	0.0000	0.0000	0.0000	0.0000	0.0000											
19	37	0.6041	5	2	2	0	0	0	0	0	0	Y	Y	N	N	N	N	N	N	N	N	N	N	inf	inf	inf	inf	3.1099	3.4213	0.0000	4.7529	5.0740	0.0000	0.0000	0.0000	0.0000	0.0000	0.0000	0.0000	0.0000	0.0000	0.0000	0.0000	0.0000	0.0000	0.0000	-0.2602	0.0000	3.0000	4.2779	0.0000	3.9542	1.0000	1.0000	0.0000	1.0000	1.0000	0.0000	0.0000	0.0000	0.0000	0.0000	0.0000	0.0000	0.0000	0.0000	0.0000	0.0000	0.0000	0.0000	0.3216	0.2923	0.0293	0.2104	0.1971	0.0133	0.1112	0.0952	0.0160	0.0204	0.0104	0.0100	0.0073	0.0062	0.0011	0.0130	0.0042	0.0089	inf	inf	0.0000	inf	inf	0.0000	0.0000	0.0000	0.0000	0.0000	0.0000	0.0000	0.0000	0.0000	0.0000	0.0000	0.0000	0.0000						
19	38	0.0845	5	2	2	0	0	0	0	0	0	Y	Y	N	N	N	N	N	N	N	N	N	N	inf	inf	inf	inf	0.0004	0.0005	0.0000	0.0060	0.0064	0.0000	0.0000	0.0000	0.0000	0.0000	0.0000	0.0000	0.0000	0.0000	0.0000	0.0000	0.0000	0.0000	0.0000	-0.0000	0.0000	3.0000	2.8243	0.0000	1.0201	0.0001	0.0001	0.0000	0.0001	0.0001	0.0000	0.0000	0.0000	0.0000	0.0000	0.0000	0.0000	0.0000	0.0000	0.0000	0.0000	0.0000	0.0000	0.2408	0.2133	0.0275	0.0165	0.0156	0.0009	0.2243	0.1977	0.0265	0.0269	0.0122	0.0147	0.0065	0.0055	0.0009	0.0204	0.0067	0.0138	inf	inf	0.0000	inf	inf	0.0000	0.0000	0.0000	0.0000	0.0000	0.0000	0.0000	0.0000	0.0000	0.0000	0.0000	0.0000	0.0000						
19	39	0.6152	5	1	2	0	0	0	0	0	0	N	Y	N	N	N	N	N	N	N	N	N	N	0.0000	0.0000	0.0000	0.0000	0.0000	0.0000	0.0000	0.0000	0.0000	0.0000	0.0000	0.0000	0.0000	0.0000	0.0000	0.0000	0.0000	0.0000	0.0000	0.0000	3.0000	5.0001	0.0000	5.0000	0.0000	0.0000	0.0000	0.0000	0.0000	0.0000	0.0000	0.0000	0.0000	0.0000	0.0000	0.0000	0.0000	0.0000	0.0000	0.0000	0.0000	0.0000	0.3159	0.2903	0.0256	0.2385	0.2239	0.0146	0.0774	0.0663	0.0111	0.0188	0.0105	0.0083	0.0093	0.0080	0.0014	0.0095	0.0026	0.0069	0.0000	0.0000	0.0000	0.0000	0.0000	0.0000	0.0000	0.0000	0.0000	0.0000	0.0000	0.0000	0.0000	0.0000	0.0000	0.0000	0.0000	0.0000											
19	40	0.0402	2	1	2	0	0	0	0	0	0	N	Y	N	N	N	N	N	N	N	N	N	N	0.0000	0.0000	0.0000	0.0000	0.0000	0.0000	0.0000	0.0000	0.0000	0.0000	0.0000	0.0000	0.0000	0.0000	0.0000	0.0000	0.0000	0.0000	0.0000	0.0000	3.0000	0.0000	0.0000	2.0000	0.0000	0.0000	0.0000	0.0000	0.0000	0.0000	0.0000	0.0000	0.0000	0.0000	0.0000	0.0000	0.0000	0.0000	0.0000	0.0000	0.0000	0.0000	0.0000	0.0000	0.0000	0.0000	0.0000	0.0000	0.0000	0.0000	0.0000	0.0111	0.0037	0.0075	0.0000	0.0000	0.0000	0.0111	0.0037	0.0075	0.0000	0.0000	0.0000	0.0000	0.0000	0.0000	0.0000	0.0000	0.0000	0.0000	0.0000	0.0000	0.0000	0.0000	0.0000	0.0000	0.0000	0.0000											
19	41	0.6152	5	1	2	0	0	0	0	0	0	N	Y	N	N	N	N	N	N	N	N	N	N	0.0000	0.0000	0.0000	0.0000	0.0000	0.0000	0.0000	0.0000	0.0000	0.0000	0.0000	0.0000	0.0000	0.0000	0.0000	0.0000	0.0000	0.0000	0.0000	0.0000	3.0000	5.9998	0.0000	3.0000	0.0000	0.0000	0.0000	0.0000	0.0000	0.0000	0.0000	0.0000	0.0000	0.0000	0.0000	0.0000	0.0000	0.0000	0.0000	0.0000	0.0000	0.0000	0.3679	0.3379	0.0300	0.2758	0.2589	0.0169	0.0920	0.0789	0.0131	0.0171	0.0096	0.0075	0.0085	0.0072	0.0012	0.0086	0.0023	0.0063	0.0000	0.0000	0.0000	0.0000	0.0000	0.0000	0.0000	0.0000	0.0000	0.0000	0.0000	0.0000	0.0000	0.0000	0.0000	0.0000	0.0000	0.0000											
19	42	0.1063	6	1	2	1	1	0	0	0	0	N	Y	N	N	N	N	N	N	N	N	N	N	0.0000	0.0000	0.0000	0.0000	0.0000	0.0000	0.0000	0.0000	0.0000	0.0000	0.0000	0.0000	0.0000	0.0000	0.0000	0.0000	0.0000	0.0000	0.0000	0.0000	3.0000	0.0011	0.0000	1.0134	0.0000	0.0000	0.0000	0.0000	0.0000	0.0000	0.0000	0.0000	0.0000	0.0000	0.0000	0.0000	0.0000	0.0000	0.0000	0.0000	0.0000	0.0000	0.0002	0.0002	0.0000	0.0001	0.0001	0.0000	0.0001	0.0001	0.0000	0.0050	0.0018	0.0032	0.0000	0.0000	0.0000	0.0049	0.0017	0.0032	0.0000	0.0000	0.0000	0.0000	0.0000	0.0000	0.0000	0.0000	0.0000	0.0000	0.0000	0.0000	0.0000	0.0000	0.0000	0.0000	0.0000	0.0000											
19	43	0.0845	5	1	1	0	1	0	0	0	0	N	N	N	N	N	N	N	N	N	N	N	N	0.0000	0.0000	0.0000	0.0000	0.0000	0.0000	0.0000	0.0000	0.0000	0.0000	0.0000	0.0000	0.0000	0.0000	0.0000	0.0000	0.0000	0.0000	0.0000	0.0000	3.0000	2.8187	0.0000	0.0347	0.0000	0.0000	0.0000	0.0000	0.0000	0.0000	0.0000	0.0000	0.0000	0.0000	0.0000	0.0000	0.0000	0.0000	0.0000	0.0000	0.0000	0.0000	0.2404	0.2130	0.0274	0.0165	0.0156	0.0009	0.2239	0.1974	0.0265	0.0205	0.0093	0.0112	0.0050	0.0043	0.0007	0.0155	0.0050	0.0104	0.0000	0.0000	0.0000	0.0000	0.0000	0.0000	0.0000	0.0000	0.0000	0.0000	0.0000	0.0000	0.0000	0.0000	0.0000	0.0000	0.0000	0.0000											
19	44	0.0718	4	1	1	0	0	0	0	0	0	N	N	N	N	N	N	N	N	N	N	N	N	inf	inf	inf	inf	inf	inf	inf	inf	0.0013	0.0010	0.0042	0.0041	0.0044	0.0000	0.0013	0.0009	0.0043	0.0000	0.0000	0.0000	0.0000	0.0000	0.0000	0.0000	0.0000	0.0000	0.5714	0.0000	0.0000	3.0000	0.9605	0.0000	1.0076	0.0001	0.0001	0.0000	0.0000	0.0000	0.0000	0.0001	0.0001	0.0000	0.0000	0.0000	0.0000	0.0000	0.0000	0.0000	0.0000	0.0000	0.0000	0.0823	0.0727	0.0095	0.0024	0.0023	0.0002	0.0798	0.0704	0.0094	0.0143	0.0065	0.0078	0.0034	0.0030	0.0005	0.0108	0.0035	0.0073	inf	inf	inf	inf	inf	0.0000	inf	inf	inf	0.0000	0.0000	0.0000	0.0000	0.0000	0.0000	0.0000	0.0000	0.0000		
19	45	0.6271	7	1	2	1	1	0	0	0	0	N	Y	N	N	N	N	N	N	N	N	N	N	0.0000	0.0000	0.0000	0.0000	0.0000	0.0000	0.0000	0.0000	0.0000	0.0000	0.0000	0.0000	0.0000	0.0000	0.0000	0.0000	0.0000	0.0000	0.0000	0.0000	3.0000	1.0000	0.0000	1.0000	0.0000	0.0000	0.0000	0.0000	0.0000	0.0000	0.0000	0.0000	0.0000	0.0000	0.0000	0.0000	0.0000	0.0000	0.0000	0.0000	0.0000	0.0000	0.0677	0.0612	0.0065	0.0487	0.0452	0.0035	0.0189	0.0159	0.0030	0.0052	0.0027	0.0025	0.0019	0.0016	0.0003	0.0033	0.0011	0.0022	0.0000	0.0000	0.0000	0.0000	0.0000	0.0000	0.0000	0.0000	0.0000	0.0000	0.0000	0.0000	0.0000	0.0000	0.0000	0.0000	0.0000	0.0000											
19	47	0.0718	4	1	2	0	1	0	0	0	0	N	Y	N	N	N	N	N	N	N	N	N	N	inf	inf	inf	inf	2.5066	2.7021	0.0000	6.3507	6.3577	0.0000	0.0000	0.0000	0.0000	0.0000	0.0000	0.0000	0.0000	0.0000	0.0000	0.0000	0.0000	0.0000	0.0000	-0.0000	0.0000	3.0000	0.0000	0.0000	1.0000	0.0000	0.0000	0.0000	0.0000	0.0000	0.0000	0.0000	0.0000	0.0000	0.0000	0.0000	0.0000	0.0000	0.0000	0.0000	0.0000	0.0000	0.0000	0.0000	0.0000	0.0000	0.0000	0.0000	0.0000	0.0000	0.0000	0.0000	0.0074	0.0034	0.0041	0.0018	0.0016	0.0003	0.0056	0.0018	0.0038	inf	inf	0.0000	inf	inf	0.0000	0.0000	0.0000	0.0000	0.0000	0.0000	0.0000	0.0000	0.0000	0.0000	0.0000	0.0000	0.0000						
19	49	0.0925	5	1	1	1	0	0	0	0	0	N	N	N	N	N	N	N	N	N	N	N	N	0.0000	0.0000	0.0000	0.0000	0.0000	0.0000	0.0000	0.0000	0.0000	0.0000	0.0000	0.0000	0.0000	0.0000	0.0000	0.0000	0.0000	0.0000	0.0000	0.0000	3.0000	0.0000	0.0000	0.0000	0.0000	0.0000	0.0000	0.0000	0.0000	0.0000	0.0000	0.0000	0.0000	0.0000	0.0000	0.0000	0.0000	0.0000	0.0000	0.0000	0.0000	0.0000	0.0000	0.0000	0.0000	0.0000	0.0000	0.0000	0.0000	0.0000	0.0000	0.0000	0.0000	0.0000	0.0000	0.0000	0.0000	0.0000	0.0000	0.0000	0.0000	0.0000	0.0000	0.0000	0.0000	0.0000	0.0000	0.0000	0.0000	0.0000	0.0000	0.0000	0.0000	0.0000	0.0000	0.0000	0.0000	0.0000											
19	50	0.6362	6	1	1	1	0	0	0	0	0	N	N	N	N	N	N	N	N	N	N	N	N	0.0000	0.0000	0.0000	0.0000	0.0000	0.0000	0.0000	0.0000	0.0000	0.0000	0.0000	0.0000	0.0000	0.0000	0.0000	0.0000	0.0000	0.0000	0.0000	0.0000	3.0000	1.0000	0.0000	1.0000	0.0000	0.0000	0.0000	0.0000	0.0000	0.0000	0.0000	0.0000	0.0000	0.0000	0.0000	0.0000	0.0000	0.0000	0.0000	0.0000	0.0000	0.0000	0.0656	0.0591	0.0065	0.0414	0.0381	0.0033	0.0243	0.0210	0.0033	0.0051	0.0024	0.0027	0.0019	0.0016	0.0003	0.0033	0.0009	0.0024	0.0000	0.0000	0.0000	0.0000	0.0000	0.0000	0.0000	0.0000	0.0000	0.0000	0.0000	0.0000	0.0000	0.0000	0.0000	0.0000	0.0000	0.0000											
19	51	0.6407	6	1	2	0	0	0	0	0	0	N	Y	N	N	N	N	N	N	N	N	N	N	0.0000	0.0000	0.0000	0.0000	0.0000	0.0000	0.0000	0.0000	0.0000	0.0000	0.0000	0.0000	0.0000	0.0000	0.0000	0.0000	0.0000	0.0000	0.0000	0.0000	3.0000	0.0003	0.0000	0.9690	0.0000	0.0000	0.0000	0.0000	0.0000	0.0000	0.0000	0.0000	0.0000	0.0000	0.0000	0.0000	0.0000	0.0000	0.0000	0.0000	0.0000	0.0000	0.0001	0.0001	0.0000	0.0001	0.0000	0.0000	0.0000	0.0000	0.0000	0.0036	0.0022	0.0014	0.0014	0.0013	0.0002	0.0022	0.0009	0.0013	0.0000	0.0000	0.0000	0.0000	0.0000	0.0000	0.0000	0.0000	0.0000	0.0000	0.0000	0.0000	0.0000	0.0000	0.0000	0.0000	0.0000	0.0000											
19	52	0.0958	5	1	2	0	0	0	0	0	0	N	Y	N	N	N	N	N	N	N	N	N	N	0.0000	0.0000	0.0000	0.0000	0.0000	0.0000	0.0000	0.0000	0.0000	0.0000	0.0000	0.0000	0.0000	0.0000	0.0000	0.0000	0.0000	0.0000	0.0000	0.0000	3.0000	0.9211	0.0000	0.1671	0.0000	0.0000	0.0000	0.0000	0.0000	0.0000	0.0000	0.0000	0.0000	0.0000	0.0000	0.0000	0.0000	0.0000	0.0000	0.0000	0.0000	0.0000	0.0937	0.0844	0.0094	0.0100	0.0098	0.0002	0.0837	0.0745	0.0092	0.0090	0.0041	0.0048	0.0025	0.0022	0.0003	0.0065	0.0019	0.0045	0.0000	0.0000	0.0000	0.0000	0.0000	0.0000	0.0000	0.0000	0.0000	0.0000	0.0000	0.0000	0.0000	0.0000	0.0000	0.0000	0.0000	0.0000											
19	53	0.6271	7	1	2	0	0	0	0	0	0	N	Y	N	N	N	N	N	N	N	N	N	N	0.0000	0.0000	0.0000	0.0000	0.0000	0.0000	0.0000	0.0000	0.0000	0.0000	0.0000	0.0000	0.0000	0.0000	0.0000	0.0000	0.0000	0.0000	0.0000	0.0000	3.0000	1.0000	0.0000	5.0000	0.0000	0.0000	0.0000	0.0000	0.0000	0.0000	0.0000	0.0000	0.0000	0.0000	0.0000	0.0000	0.0000	0.0000	0.0000	0.0000	0.0000	0.0000	0.0677	0.0612	0.0065	0.0487	0.0452	0.0035	0.0189	0.0159	0.0030	0.0150	0.0078	0.0073	0.0056	0.0047	0.0008	0.0094	0.0030	0.0064	0.0000	0.0000	0.0000	0.0000	0.0000	0.0000	0.0000	0.0000	0.0000	0.0000	0.0000	0.0000	0.0000	0.0000	0.0000	0.0000	0.0000	0.0000											
19	54	0.6119	6	1	1	0	0	0	0	0	0	N	N	N	N	N	N	N	N	N	N	N	N	0.0000	0.0000	0.0000	0.0000	0.0000	0.0000	0.0000	0.0000	0.0000	0.0000	0.0000	0.0000	0.0000	0.0000	0.0000	0.0000	0.0000	0.0000	0.0000	0.0000	3.0000	0.0000	0.0000	2.9157	0.0000	0.0000	0.0000	0.0000	0.0000	0.0000	0.0000	0.0000	0.0000	0.0000	0.0000	0.0000	0.0000	0.0000	0.0000	0.0000	0.0000	0.0000	0.0000	0.0000	0.0000	0.0000	0.0000	0.0000	0.0000	0.0000	0.0000	0.0075	0.0038	0.0037	0.0027	0.0023	0.0004	0.0048	0.0015	0.0032	0.0000	0.0000	0.0000	0.0000	0.0000	0.0000	0.0000	0.0000	0.0000	0.0000	0.0000	0.0000	0.0000	0.0000	0.0000	0.0000	0.0000	0.0000											
19	55	0.0718	4	1	2	0	0	0	0	0	0	N	Y	N	N	N	N	N	N	N	N	N	N	inf	inf	inf	inf	6.0890	0.0000	52.8892	0.0000	0.0000	0.0000	6.2816	0.0000	53.8573	0.0000	0.0000	0.0000	0.0000	0.0000	0.0000	0.0000	0.0000	0.0000	inf	0.7398	0.0000	3.0000	2.0000	0.0000	3.0000	1.0000	0.0000	1.0000	0.0000	0.0000	0.0000	1.0000	0.0000	1.0000	0.0000	0.0000	0.0000	0.0000	0.0000	0.0000	0.0000	0.0000	0.0000	0.1642	0.1453	0.0189	0.0050	0.0047	0.0003	0.1592	0.1406	0.0186	0.0339	0.0152	0.0187	0.0079	0.0067	0.0012	0.0260	0.0085	0.0175	inf	0.0000	inf	0.0000	0.0000	0.0000	inf	0.0000	inf	0.0000	0.0000	0.0000	0.0000	0.0000	0.0000	0.0000	0.0000	0.0000						
19	56	0.6041	5	1	2	0	1	0	0	0	0	N	Y	N	N	N	N	N	N	N	N	N	N	0.0000	0.0000	0.0000	0.0000	0.0000	0.0000	0.0000	0.0000	0.0000	0.0000	0.0000	0.0000	0.0000	0.0000	0.0000	0.0000	0.0000	0.0000	0.0000	0.0000	3.0000	1.7218	0.0000	6.9557	0.0000	0.0000	0.0000	0.0000	0.0000	0.0000	0.0000	0.0000	0.0000	0.0000	0.0000	0.0000	0.0000	0.0000	0.0000	0.0000	0.0000	0.0000	0.1743	0.1595	0.0148	0.1100	0.1040	0.0060	0.0643	0.0554	0.0088	0.0214	0.0109	0.0105	0.0077	0.0065	0.0012	0.0137	0.0044	0.0093	0.0000	0.0000	0.0000	0.0000	0.0000	0.0000	0.0000	0.0000	0.0000	0.0000	0.0000	0.0000	0.0000	0.0000	0.0000	0.0000	0.0000	0.0000											
19	57	0.6152	5	2	1	1	0	0	0	0	0	Y	N	N	N	N	N	N	N	N	N	N	N	0.0000	0.0000	0.0000	0.0000	0.0000	0.0000	0.0000	0.0000	0.0000	0.0000	0.0000	0.0000	0.0000	0.0000	0.0000	0.0000	0.0000	0.0000	0.0000	0.0000	3.0000	8.9999	0.0000	5.0001	0.0000	0.0000	0.0000	0.0000	0.0000	0.0000	0.0000	0.0000	0.0000	0.0000	0.0000	0.0000	0.0000	0.0000	0.0000	0.0000	0.0000	0.0000	0.5076	0.4657	0.0419	0.3731	0.3502	0.0230	0.1345	0.1156	0.0189	0.0255	0.0143	0.0112	0.0127	0.0108	0.0019	0.0128	0.0035	0.0094	0.0000	0.0000	0.0000	0.0000	0.0000	0.0000	0.0000	0.0000	0.0000	0.0000	0.0000	0.0000	0.0000	0.0000	0.0000	0.0000	0.0000	0.0000											
19	59	0.6407	6	1	1	1	0	0	0	0	0	N	N	N	N	N	N	N	N	N	N	N	N	0.0000	0.0000	0.0000	0.0000	0.0000	0.0000	0.0000	0.0000	0.0000	0.0000	0.0000	0.0000	0.0000	0.0000	0.0000	0.0000	0.0000	0.0000	0.0000	0.0000	3.0000	0.0006	0.0000	1.1867	0.0000	0.0000	0.0000	0.0000	0.0000	0.0000	0.0000	0.0000	0.0000	0.0000	0.0000	0.0000	0.0000	0.0000	0.0000	0.0000	0.0000	0.0000	0.0001	0.0001	0.0000	0.0001	0.0001	0.0000	0.0000	0.0000	0.0000	0.0042	0.0024	0.0017	0.0016	0.0014	0.0002	0.0026	0.0010	0.0015	0.0000	0.0000	0.0000	0.0000	0.0000	0.0000	0.0000	0.0000	0.0000	0.0000	0.0000	0.0000	0.0000	0.0000	0.0000	0.0000	0.0000	0.0000											
19	60	0.6041	5	1	1	0	0	0	0	0	0	N	N	N	N	N	N	N	N	N	N	N	N	0.0000	0.0000	0.0000	0.0000	0.0000	0.0000	0.0000	0.0000	0.0000	0.0000	0.0000	0.0000	0.0000	0.0000	0.0000	0.0000	0.0000	0.0000	0.0000	0.0000	3.0000	2.2785	0.0000	4.8627	0.0000	0.0000	0.0000	0.0000	0.0000	0.0000	0.0000	0.0000	0.0000	0.0000	0.0000	0.0000	0.0000	0.0000	0.0000	0.0000	0.0000	0.0000	0.2081	0.1900	0.0181	0.1334	0.1257	0.0077	0.0747	0.0643	0.0104	0.0179	0.0091	0.0088	0.0064	0.0054	0.0010	0.0114	0.0037	0.0078	0.0000	0.0000	0.0000	0.0000	0.0000	0.0000	0.0000	0.0000	0.0000	0.0000	0.0000	0.0000	0.0000	0.0000	0.0000	0.0000	0.0000	0.0000											
19	61	0.0958	5	1	1	1	0	0	0	0	0	N	N	N	N	N	N	N	N	N	N	N	N	0.0000	0.0000	0.0000	0.0000	0.0000	0.0000	0.0000	0.0000	0.0000	0.0000	0.0000	0.0000	0.0000	0.0000	0.0000	0.0000	0.0000	0.0000	0.0000	0.0000	3.0000	1.0901	0.0000	7.9319	0.0000	0.0000	0.0000	0.0000	0.0000	0.0000	0.0000	0.0000	0.0000	0.0000	0.0000	0.0000	0.0000	0.0000	0.0000	0.0000	0.0000	0.0000	0.1075	0.0965	0.0109	0.0104	0.0102	0.0002	0.0970	0.0863	0.0107	0.0564	0.0253	0.0311	0.0134	0.0114	0.0020	0.0431	0.0140	0.0291	0.0000	0.0000	0.0000	0.0000	0.0000	0.0000	0.0000	0.0000	0.0000	0.0000	0.0000	0.0000	0.0000	0.0000	0.0000	0.0000	0.0000	0.0000											
19	62	0.0657	4	1	1	0	0	0	0	0	0	N	N	N	N	N	N	N	N	N	N	N	N	0.0000	0.0000	0.0000	0.0000	0.0000	0.0000	0.0000	0.0000	0.0000	0.0000	0.0000	0.0000	0.0000	0.0000	0.0000	0.0000	0.0000	0.0000	0.0000	0.0000	3.0000	1.6797	0.0000	2.9843	0.0000	0.0000	0.0000	0.0000	0.0000	0.0000	0.0000	0.0000	0.0000	0.0000	0.0000	0.0000	0.0000	0.0000	0.0000	0.0000	0.0000	0.0000	0.1401	0.1240	0.0161	0.0045	0.0042	0.0003	0.1356	0.1198	0.0159	0.0330	0.0150	0.0180	0.0082	0.0070	0.0012	0.0248	0.0080	0.0168	0.0000	0.0000	0.0000	0.0000	0.0000	0.0000	0.0000	0.0000	0.0000	0.0000	0.0000	0.0000	0.0000	0.0000	0.0000	0.0000	0.0000	0.0000											
19	63	0.0556	3	1	1	0	0	0	0	0	0	N	N	N	N	N	N	N	N	N	N	N	N	0.0000	0.0000	0.0000	0.0000	0.0000	0.0000	0.0000	0.0000	0.0000	0.0000	0.0000	0.0000	0.0000	0.0000	0.0000	0.0000	0.0000	0.0000	0.0000	0.0000	3.0000	0.4935	0.0000	1.5835	0.0000	0.0000	0.0000	0.0000	0.0000	0.0000	0.0000	0.0000	0.0000	0.0000	0.0000	0.0000	0.0000	0.0000	0.0000	0.0000	0.0000	0.0000	0.0437	0.0387	0.0050	0.0019	0.0017	0.0001	0.0419	0.0369	0.0049	0.0167	0.0082	0.0085	0.0043	0.0038	0.0005	0.0123	0.0044	0.0080	0.0000	0.0000	0.0000	0.0000	0.0000	0.0000	0.0000	0.0000	0.0000	0.0000	0.0000	0.0000	0.0000	0.0000	0.0000	0.0000	0.0000	0.0000											
19	64	0.0925	5	1	2	0	0	0	0	0	0	N	Y	N	N	N	N	N	N	N	N	N	N	inf	inf	inf	inf	inf	inf	inf	inf	3.3168	0.0009	43.8078	0.0606	0.0021	10.9829	5.3150	0.0000	44.7108	0.0000	0.0000	0.0000	0.0000	0.0000	0.0000	0.0000	0.0000	0.0000	4192.4286	0.2171	0.0000	3.0000	0.2944	0.0000	1.0083	0.2935	0.0001	0.2935	0.0020	0.0001	0.0020	0.2915	0.0000	0.2915	0.0000	0.0000	0.0000	0.0000	0.0000	0.0000	0.0000	0.0000	0.0000	0.0885	0.0818	0.0067	0.0337	0.0335	0.0002	0.0548	0.0483	0.0065	0.0095	0.0045	0.0050	0.0026	0.0023	0.0003	0.0069	0.0022	0.0047	inf	inf	inf	inf	inf	inf	inf	0.0000	inf	0.0000	0.0000	0.0000	0.0000	0.0000	0.0000	0.0000	0.0000	0.0000		
19	65	0.0718	4	1	1	0	0	0	0	0	0	N	N	N	N	N	N	N	N	N	N	N	N	inf	inf	inf	inf	inf	inf	inf	inf	7.3413	0.0237	63.2087	0.0010	0.0011	0.0000	7.5673	0.0244	64.3261	0.0000	0.0000	0.0000	0.0000	0.0000	0.0000	0.0000	0.0000	0.0000	349.2697	0.5222	0.0000	3.0000	1.1351	0.0000	2.0429	0.7086	0.0020	0.7065	0.0000	0.0000	0.0000	0.7086	0.0020	0.7065	0.0000	0.0000	0.0000	0.0000	0.0000	0.0000	0.0000	0.0000	0.0000	0.0965	0.0853	0.0112	0.0029	0.0027	0.0002	0.0936	0.0827	0.0110	0.0224	0.0101	0.0123	0.0053	0.0046	0.0008	0.0171	0.0056	0.0115	inf	inf	inf	inf	inf	0.0000	inf	inf	inf	0.0000	0.0000	0.0000	0.0000	0.0000	0.0000	0.0000	0.0000	0.0000		
19	66	0.0556	3	1	1	0	0	0	0	0	0	N	N	N	N	N	N	N	N	N	N	N	N	inf	inf	inf	inf	0.0002	0.0000	0.0020	0.0000	0.0000	0.0000	0.0002	0.0000	0.0020	0.0000	0.0000	0.0000	0.0000	0.0000	0.0000	0.0000	0.0000	0.0000	inf	0.0000	0.0000	3.0000	0.4912	0.0000	2.4266	0.0000	0.0000	0.0000	0.0000	0.0000	0.0000	0.0000	0.0000	0.0000	0.0000	0.0000	0.0000	0.0000	0.0000	0.0000	0.0000	0.0000	0.0000	0.0435	0.0385	0.0050	0.0019	0.0017	0.0001	0.0417	0.0368	0.0049	0.0223	0.0106	0.0117	0.0056	0.0049	0.0007	0.0167	0.0058	0.0110	inf	0.0000	inf	0.0000	0.0000	0.0000	inf	0.0000	inf	0.0000	0.0000	0.0000	0.0000	0.0000	0.0000	0.0000	0.0000	0.0000						
19	67	0.0505	2	1	1	0	0	0	0	0	0	N	N	N	N	N	N	N	N	N	N	N	N	inf	inf	inf	inf	0.0001	0.0001	0.0000	0.0003	0.0004	0.0000	0.0000	0.0000	0.0000	0.0000	0.0000	0.0000	0.0000	0.0000	0.0000	0.0000	0.0000	0.0000	0.0000	-0.0000	0.0000	3.0000	0.6141	0.0000	1.2701	0.0000	0.0000	0.0000	0.0000	0.0000	0.0000	0.0000	0.0000	0.0000	0.0000	0.0000	0.0000	0.0000	0.0000	0.0000	0.0000	0.0000	0.0000	0.0846	0.0769	0.0077	0.0297	0.0283	0.0014	0.0550	0.0486	0.0064	0.0398	0.0306	0.0093	0.0139	0.0136	0.0003	0.0260	0.0170	0.0090	inf	inf	0.0000	inf	inf	0.0000	0.0000	0.0000	0.0000	0.0000	0.0000	0.0000	0.0000	0.0000	0.0000	0.0000	0.0000	0.0000						
19	69	0.6605	7	2	2	1	0	0	0	0	0	Y	Y	N	N	N	N	N	N	N	N	N	N	0.0000	0.0000	0.0000	0.0000	0.0000	0.0000	0.0000	0.0000	0.0000	0.0000	0.0000	0.0000	0.0000	0.0000	0.0000	0.0000	0.0000	0.0000	0.0000	0.0000	3.0000	1.0000	0.0000	0.0000	0.0000	0.0000	0.0000	0.0000	0.0000	0.0000	0.0000	0.0000	0.0000	0.0000	0.0000	0.0000	0.0000	0.0000	0.0000	0.0000	0.0000	0.0000	0.1289	0.1188	0.0101	0.1016	0.0954	0.0061	0.0273	0.0233	0.0040	0.0032	0.0019	0.0014	0.0019	0.0016	0.0003	0.0013	0.0003	0.0011	0.0000	0.0000	0.0000	0.0000	0.0000	0.0000	0.0000	0.0000	0.0000	0.0000	0.0000	0.0000	0.0000	0.0000	0.0000	0.0000	0.0000	0.0000											
19	70	0.6605	7	2	2	1	0	0	0	0	0	Y	Y	N	N	N	N	N	N	N	N	N	N	0.0000	0.0000	0.0000	0.0000	0.0000	0.0000	0.0000	0.0000	0.0000	0.0000	0.0000	0.0000	0.0000	0.0000	0.0000	0.0000	0.0000	0.0000	0.0000	0.0000	3.0000	0.0000	0.0000	0.0000	0.0000	0.0000	0.0000	0.0000	0.0000	0.0000	0.0000	0.0000	0.0000	0.0000	0.0000	0.0000	0.0000	0.0000	0.0000	0.0000	0.0000	0.0000	0.0000	0.0000	0.0000	0.0000	0.0000	0.0000	0.0000	0.0000	0.0000	0.0000	0.0000	0.0000	0.0000	0.0000	0.0000	0.0000	0.0000	0.0000	0.0000	0.0000	0.0000	0.0000	0.0000	0.0000	0.0000	0.0000	0.0000	0.0000	0.0000	0.0000	0.0000	0.0000	0.0000	0.0000	0.0000	0.0000											
19	71	0.6381	6	2	2	1	0	0	0	0	0	Y	Y	N	N	N	N	N	N	N	N	N	N	0.0000	0.0000	0.0000	0.0000	0.0000	0.0000	0.0000	0.0000	0.0000	0.0000	0.0000	0.0000	0.0000	0.0000	0.0000	0.0000	0.0000	0.0000	0.0000	0.0000	3.0000	2.0000	0.0000	1.0000	0.0000	0.0000	0.0000	0.0000	0.0000	0.0000	0.0000	0.0000	0.0000	0.0000	0.0000	0.0000	0.0000	0.0000	0.0000	0.0000	0.0000	0.0000	0.2418	0.2225	0.0194	0.1876	0.1761	0.0115	0.0542	0.0463	0.0078	0.0095	0.0055	0.0040	0.0055	0.0047	0.0008	0.0040	0.0008	0.0032	0.0000	0.0000	0.0000	0.0000	0.0000	0.0000	0.0000	0.0000	0.0000	0.0000	0.0000	0.0000	0.0000	0.0000	0.0000	0.0000	0.0000	0.0000											
19	72	0.6152	5	2	1	1	0	0	0	0	0	Y	N	N	N	N	N	N	N	N	N	N	N	0.0000	0.0000	0.0000	0.0000	0.0000	0.0000	0.0000	0.0000	0.0000	0.0000	0.0000	0.0000	0.0000	0.0000	0.0000	0.0000	0.0000	0.0000	0.0000	0.0000	3.0000	1.0017	0.0000	2.0007	0.0000	0.0000	0.0000	0.0000	0.0000	0.0000	0.0000	0.0000	0.0000	0.0000	0.0000	0.0000	0.0000	0.0000	0.0000	0.0000	0.0000	0.0000	0.0724	0.0666	0.0058	0.0563	0.0529	0.0034	0.0161	0.0138	0.0023	0.0060	0.0034	0.0026	0.0030	0.0025	0.0004	0.0030	0.0008	0.0022	0.0000	0.0000	0.0000	0.0000	0.0000	0.0000	0.0000	0.0000	0.0000	0.0000	0.0000	0.0000	0.0000	0.0000	0.0000	0.0000	0.0000	0.0000											
19	73	0.0370	2	2	2	0	0	0	0	0	0	Y	Y	N	N	N	N	N	N	N	N	N	N	0.0000	0.0000	0.0000	0.0000	0.0000	0.0000	0.0000	0.0000	0.0000	0.0000	0.0000	0.0000	0.0000	0.0000	0.0000	0.0000	0.0000	0.0000	0.0000	0.0000	3.0000	0.0000	0.0000	0.0000	0.0000	0.0000	0.0000	0.0000	0.0000	0.0000	0.0000	0.0000	0.0000	0.0000	0.0000	0.0000	0.0000	0.0000	0.0000	0.0000	0.0000	0.0000	0.0000	0.0000	0.0000	0.0000	0.0000	0.0000	0.0000	0.0000	0.0000	0.0000	0.0000	0.0000	0.0000	0.0000	0.0000	0.0000	0.0000	0.0000	0.0000	0.0000	0.0000	0.0000	0.0000	0.0000	0.0000	0.0000	0.0000	0.0000	0.0000	0.0000	0.0000	0.0000	0.0000	0.0000	0.0000	0.0000											
19	74	0.6422	6	2	2	0	0	0	0	0	0	Y	Y	N	N	N	N	N	N	N	N	N	N	0.0000	0.0000	0.0000	0.0000	0.0000	0.0000	0.0000	0.0000	0.0000	0.0000	0.0000	0.0000	0.0000	0.0000	0.0000	0.0000	0.0000	0.0000	0.0000	0.0000	3.0000	0.0000	0.0000	0.0010	0.0000	0.0000	0.0000	0.0000	0.0000	0.0000	0.0000	0.0000	0.0000	0.0000	0.0000	0.0000	0.0000	0.0000	0.0000	0.0000	0.0000	0.0000	0.0000	0.0000	0.0000	0.0000	0.0000	0.0000	0.0000	0.0000	0.0000	0.0000	0.0000	0.0000	0.0000	0.0000	0.0000	0.0000	0.0000	0.0000	0.0000	0.0000	0.0000	0.0000	0.0000	0.0000	0.0000	0.0000	0.0000	0.0000	0.0000	0.0000	0.0000	0.0000	0.0000	0.0000	0.0000	0.0000											
19	75	0.6313	8	1	2	0	1	0	0	0	0	N	Y	N	N	N	N	N	N	N	N	N	N	0.0000	0.0000	0.0000	0.0000	0.0000	0.0000	0.0000	0.0000	0.0000	0.0000	0.0000	0.0000	0.0000	0.0000	0.0000	0.0000	0.0000	0.0000	0.0000	0.0000	3.0000	0.0000	0.0000	0.0000	0.0000	0.0000	0.0000	0.0000	0.0000	0.0000	0.0000	0.0000	0.0000	0.0000	0.0000	0.0000	0.0000	0.0000	0.0000	0.0000	0.0000	0.0000	0.0000	0.0000	0.0000	0.0000	0.0000	0.0000	0.0000	0.0000	0.0000	0.0000	0.0000	0.0000	0.0000	0.0000	0.0000	0.0000	0.0000	0.0000	0.0000	0.0000	0.0000	0.0000	0.0000	0.0000	0.0000	0.0000	0.0000	0.0000	0.0000	0.0000	0.0000	0.0000	0.0000	0.0000	0.0000	0.0000											
19	76	0.6313	8	1	1	0	1	0	0	0	0	N	N	N	N	N	N	N	N	N	N	N	N	0.0000	0.0000	0.0000	0.0000	0.0000	0.0000	0.0000	0.0000	0.0000	0.0000	0.0000	0.0000	0.0000	0.0000	0.0000	0.0000	0.0000	0.0000	0.0000	0.0000	3.0000	0.0000	0.0000	0.0000	0.0000	0.0000	0.0000	0.0000	0.0000	0.0000	0.0000	0.0000	0.0000	0.0000	0.0000	0.0000	0.0000	0.0000	0.0000	0.0000	0.0000	0.0000	0.0000	0.0000	0.0000	0.0000	0.0000	0.0000	0.0000	0.0000	0.0000	0.0000	0.0000	0.0000	0.0000	0.0000	0.0000	0.0000	0.0000	0.0000	0.0000	0.0000	0.0000	0.0000	0.0000	0.0000	0.0000	0.0000	0.0000	0.0000	0.0000	0.0000	0.0000	0.0000	0.0000	0.0000	0.0000	0.0000											
19	77	0.6160	7	1	1	0	1	0	0	0	0	N	N	N	N	N	N	N	N	N	N	N	N	0.0000	0.0000	0.0000	0.0000	0.0000	0.0000	0.0000	0.0000	0.0000	0.0000	0.0000	0.0000	0.0000	0.0000	0.0000	0.0000	0.0000	0.0000	0.0000	0.0000	3.0000	0.0002	0.0000	2.9297	0.0000	0.0000	0.0000	0.0000	0.0000	0.0000	0.0000	0.0000	0.0000	0.0000	0.0000	0.0000	0.0000	0.0000	0.0000	0.0000	0.0000	0.0000	0.0000	0.0000	0.0000	0.0000	0.0000	0.0000	0.0000	0.0000	0.0000	0.0076	0.0039	0.0037	0.0028	0.0024	0.0004	0.0048	0.0015	0.0033	0.0000	0.0000	0.0000	0.0000	0.0000	0.0000	0.0000	0.0000	0.0000	0.0000	0.0000	0.0000	0.0000	0.0000	0.0000	0.0000	0.0000	0.0000											
19	78	0.6119	6	1	1	0	1	0	0	0	0	N	N	N	N	N	N	N	N	N	N	N	N	0.0000	0.0000	0.0000	0.0000	0.0000	0.0000	0.0000	0.0000	0.0000	0.0000	0.0000	0.0000	0.0000	0.0000	0.0000	0.0000	0.0000	0.0000	0.0000	0.0000	3.0000	0.0003	0.0000	2.1916	0.0000	0.0000	0.0000	0.0000	0.0000	0.0000	0.0000	0.0000	0.0000	0.0000	0.0000	0.0000	0.0000	0.0000	0.0000	0.0000	0.0000	0.0000	0.0000	0.0000	0.0000	0.0000	0.0000	0.0000	0.0000	0.0000	0.0000	0.0057	0.0029	0.0028	0.0021	0.0018	0.0003	0.0036	0.0012	0.0024	0.0000	0.0000	0.0000	0.0000	0.0000	0.0000	0.0000	0.0000	0.0000	0.0000	0.0000	0.0000	0.0000	0.0000	0.0000	0.0000	0.0000	0.0000											
19	79	0.6041	5	1	1	0	0	0	0	0	0	N	N	N	N	N	N	N	N	N	N	N	N	0.0000	0.0000	0.0000	0.0000	0.0000	0.0000	0.0000	0.0000	0.0000	0.0000	0.0000	0.0000	0.0000	0.0000	0.0000	0.0000	0.0000	0.0000	0.0000	0.0000	3.0000	0.2782	0.0000	1.3600	0.0000	0.0000	0.0000	0.0000	0.0000	0.0000	0.0000	0.0000	0.0000	0.0000	0.0000	0.0000	0.0000	0.0000	0.0000	0.0000	0.0000	0.0000	0.0811	0.0755	0.0056	0.0445	0.0435	0.0010	0.0365	0.0320	0.0046	0.0043	0.0022	0.0021	0.0015	0.0013	0.0002	0.0028	0.0009	0.0019	0.0000	0.0000	0.0000	0.0000	0.0000	0.0000	0.0000	0.0000	0.0000	0.0000	0.0000	0.0000	0.0000	0.0000	0.0000	0.0000	0.0000	0.0000											
19	80	0.6477	7	1	2	1	0	0	0	0	0	N	Y	N	N	N	N	N	N	N	N	N	N	0.0000	0.0000	0.0000	0.0000	0.0000	0.0000	0.0000	0.0000	0.0000	0.0000	0.0000	0.0000	0.0000	0.0000	0.0000	0.0000	0.0000	0.0000	0.0000	0.0000	3.0000	0.0029	0.0000	2.0135	0.0000	0.0000	0.0000	0.0000	0.0000	0.0000	0.0000	0.0000	0.0000	0.0000	0.0000	0.0000	0.0000	0.0000	0.0000	0.0000	0.0000	0.0000	0.0004	0.0004	0.0000	0.0003	0.0002	0.0000	0.0002	0.0001	0.0000	0.0068	0.0048	0.0020	0.0046	0.0043	0.0003	0.0022	0.0005	0.0017	0.0000	0.0000	0.0000	0.0000	0.0000	0.0000	0.0000	0.0000	0.0000	0.0000	0.0000	0.0000	0.0000	0.0000	0.0000	0.0000	0.0000	0.0000											
19	81	0.6412	6	1	2	0	0	0	0	0	0	N	Y	N	N	N	N	N	N	N	N	N	N	inf	inf	inf	inf	inf	inf	0.0003	0.0003	0.0000	0.0003	0.0003	0.0000	0.0004	0.0006	0.0000	0.0000	0.0000	0.0000	0.0000	0.0000	0.0000	0.0000	0.0000	0.0000	0.0000	-0.0000	0.0000	3.0000	0.6188	0.0000	0.9475	0.0000	0.0000	0.0000	0.0000	0.0000	0.0000	0.0000	0.0000	0.0000	0.0000	0.0000	0.0000	0.0000	0.0000	0.0000	0.0000	0.0000	0.0000	0.0959	0.0872	0.0087	0.0736	0.0691	0.0044	0.0223	0.0181	0.0043	0.0046	0.0026	0.0020	0.0025	0.0023	0.0003	0.0021	0.0004	0.0017	inf	inf	0.0000	inf	inf	0.0000	inf	inf	0.0000	0.0000	0.0000	0.0000	0.0000	0.0000	0.0000	0.0000	0.0000	0.0000				
19	82	0.0402	2	1	2	1	0	0	0	0	0	N	Y	N	N	N	N	N	N	N	N	N	N	0.0000	0.0000	0.0000	0.0000	0.0000	0.0000	0.0000	0.0000	0.0000	0.0000	0.0000	0.0000	0.0000	0.0000	0.0000	0.0000	0.0000	0.0000	0.0000	0.0000	3.0000	0.0000	0.0000	1.0000	0.0000	0.0000	0.0000	0.0000	0.0000	0.0000	0.0000	0.0000	0.0000	0.0000	0.0000	0.0000	0.0000	0.0000	0.0000	0.0000	0.0000	0.0000	0.0000	0.0000	0.0000	0.0000	0.0000	0.0000	0.0000	0.0000	0.0000	0.0057	0.0019	0.0038	0.0000	0.0000	0.0000	0.0057	0.0019	0.0038	0.0000	0.0000	0.0000	0.0000	0.0000	0.0000	0.0000	0.0000	0.0000	0.0000	0.0000	0.0000	0.0000	0.0000	0.0000	0.0000	0.0000	0.0000											
19	83	0.6152	5	2	1	1	0	0	0	0	0	Y	N	N	N	N	N	N	N	N	N	N	N	0.0000	0.0000	0.0000	0.0000	0.0000	0.0000	0.0000	0.0000	0.0000	0.0000	0.0000	0.0000	0.0000	0.0000	0.0000	0.0000	0.0000	0.0000	0.0000	0.0000	3.0000	9.0001	0.0000	3.0001	0.0000	0.0000	0.0000	0.0000	0.0000	0.0000	0.0000	0.0000	0.0000	0.0000	0.0000	0.0000	0.0000	0.0000	0.0000	0.0000	0.0000	0.0000	0.5076	0.4658	0.0419	0.3732	0.3502	0.0230	0.1345	0.1156	0.0189	0.0222	0.0124	0.0098	0.0110	0.0094	0.0016	0.0112	0.0030	0.0082	0.0000	0.0000	0.0000	0.0000	0.0000	0.0000	0.0000	0.0000	0.0000	0.0000	0.0000	0.0000	0.0000	0.0000	0.0000	0.0000	0.0000	0.0000											
19	85	0.0639	2	2	2	0	0	0	0	0	0	Y	Y	N	N	N	N	N	N	N	N	N	N	0.0000	0.0000	0.0000	0.0000	0.0000	0.0000	0.0000	0.0000	0.0000	0.0000	0.0000	0.0000	0.0000	0.0000	0.0000	0.0000	0.0000	0.0000	0.0000	0.0000	3.0000	1.0086	0.0000	1.7435	0.0000	0.0000	0.0000	0.0000	0.0000	0.0000	0.0000	0.0000	0.0000	0.0000	0.0000	0.0000	0.0000	0.0000	0.0000	0.0000	0.0000	0.0000	0.0935	0.0832	0.0102	0.0139	0.0133	0.0005	0.0796	0.0699	0.0097	0.0213	0.0099	0.0114	0.0023	0.0022	0.0001	0.0191	0.0078	0.0113	0.0000	0.0000	0.0000	0.0000	0.0000	0.0000	0.0000	0.0000	0.0000	0.0000	0.0000	0.0000	0.0000	0.0000	0.0000	0.0000	0.0000	0.0000											
19	87	0.5739	4	2	2	0	0	0	0	0	0	Y	Y	N	N	N	N	N	N	N	N	N	N	inf	inf	inf	inf	inf	inf	inf	3.7357	2.0685	19.2575	3.1125	3.3410	0.0000	4.6711	0.0000	33.3893	0.0000	0.0000	0.0000	0.0000	0.0000	0.0000	0.0000	0.0000	0.0000	1.0000	0.4796	0.0000	3.0000	9.0005	0.0000	5.0000	2.0000	1.0000	1.0000	1.0000	1.0000	0.0000	1.0000	0.0000	1.0000	0.0000	0.0000	0.0000	0.0000	0.0000	0.0000	0.0000	0.0000	0.0000	0.5354	0.4834	0.0519	0.3213	0.2993	0.0220	0.2141	0.1841	0.0299	0.0365	0.0182	0.0183	0.0121	0.0102	0.0018	0.0245	0.0080	0.0165	inf	inf	inf	inf	inf	0.0000	inf	0.0000	inf	0.0000	0.0000	0.0000	0.0000	0.0000	0.0000	0.0000	0.0000	0.0000			
19	88	0.0402	2	1	2	0	0	0	0	0	0	N	Y	N	N	N	N	N	N	N	N	N	N	0.0000	0.0000	0.0000	0.0000	0.0000	0.0000	0.0000	0.0000	0.0000	0.0000	0.0000	0.0000	0.0000	0.0000	0.0000	0.0000	0.0000	0.0000	0.0000	0.0000	3.0000	0.0000	0.0000	0.0000	0.0000	0.0000	0.0000	0.0000	0.0000	0.0000	0.0000	0.0000	0.0000	0.0000	0.0000	0.0000	0.0000	0.0000	0.0000	0.0000	0.0000	0.0000	0.0000	0.0000	0.0000	0.0000	0.0000	0.0000	0.0000	0.0000	0.0000	0.0000	0.0000	0.0000	0.0000	0.0000	0.0000	0.0000	0.0000	0.0000	0.0000	0.0000	0.0000	0.0000	0.0000	0.0000	0.0000	0.0000	0.0000	0.0000	0.0000	0.0000	0.0000	0.0000	0.0000	0.0000	0.0000	0.0000											
19	89	0.6412	6	1	2	0	0	0	0	0	0	N	Y	N	N	N	N	N	N	N	N	N	N	0.0000	0.0000	0.0000	0.0000	0.0000	0.0000	0.0000	0.0000	0.0000	0.0000	0.0000	0.0000	0.0000	0.0000	0.0000	0.0000	0.0000	0.0000	0.0000	0.0000	3.0000	1.9953	0.0000	1.0817	0.0000	0.0000	0.0000	0.0000	0.0000	0.0000	0.0000	0.0000	0.0000	0.0000	0.0000	0.0000	0.0000	0.0000	0.0000	0.0000	0.0000	0.0000	0.1758	0.1608	0.0150	0.1339	0.1257	0.0082	0.0419	0.0351	0.0068	0.0075	0.0043	0.0031	0.0041	0.0036	0.0005	0.0033	0.0007	0.0026	0.0000	0.0000	0.0000	0.0000	0.0000	0.0000	0.0000	0.0000	0.0000	0.0000	0.0000	0.0000	0.0000	0.0000	0.0000	0.0000	0.0000	0.0000											
19	90	0.6152	5	1	2	0	0	0	0	0	0	N	Y	N	N	N	N	N	N	N	N	N	N	inf	inf	inf	inf	inf	inf	0.0002	0.0002	0.0000	0.0001	0.0001	0.0000	0.0005	0.0006	0.0000	0.0000	0.0000	0.0000	0.0000	0.0000	0.0000	0.0000	0.0000	0.0000	0.0000	-0.0000	0.0000	3.0000	2.3999	0.0000	4.0713	0.0000	0.0000	0.0000	0.0000	0.0000	0.0000	0.0000	0.0000	0.0000	0.0000	0.0000	0.0000	0.0000	0.0000	0.0000	0.0000	0.0000	0.0000	0.1649	0.1517	0.0132	0.1268	0.1191	0.0077	0.0381	0.0326	0.0055	0.0126	0.0070	0.0055	0.0062	0.0053	0.0009	0.0063	0.0017	0.0046	inf	inf	0.0000	inf	inf	0.0000	inf	inf	0.0000	0.0000	0.0000	0.0000	0.0000	0.0000	0.0000	0.0000	0.0000	0.0000				
19	91	0.6362	6	1	1	1	0	0	0	0	0	N	N	N	N	N	N	N	N	N	N	N	N	0.0000	0.0000	0.0000	0.0000	0.0000	0.0000	0.0000	0.0000	0.0000	0.0000	0.0000	0.0000	0.0000	0.0000	0.0000	0.0000	0.0000	0.0000	0.0000	0.0000	3.0000	0.0000	0.0000	0.0000	0.0000	0.0000	0.0000	0.0000	0.0000	0.0000	0.0000	0.0000	0.0000	0.0000	0.0000	0.0000	0.0000	0.0000	0.0000	0.0000	0.0000	0.0000	0.0000	0.0000	0.0000	0.0000	0.0000	0.0000	0.0000	0.0000	0.0000	0.0000	0.0000	0.0000	0.0000	0.0000	0.0000	0.0000	0.0000	0.0000	0.0000	0.0000	0.0000	0.0000	0.0000	0.0000	0.0000	0.0000	0.0000	0.0000	0.0000	0.0000	0.0000	0.0000	0.0000	0.0000	0.0000	0.0000											
19	92	0.6041	5	1	1	1	0	0	0	0	0	N	N	N	N	N	N	N	N	N	N	N	N	0.0000	0.0000	0.0000	0.0000	0.0000	0.0000	0.0000	0.0000	0.0000	0.0000	0.0000	0.0000	0.0000	0.0000	0.0000	0.0000	0.0000	0.0000	0.0000	0.0000	3.0000	3.7221	0.0000	2.9993	0.0000	0.0000	0.0000	0.0000	0.0000	0.0000	0.0000	0.0000	0.0000	0.0000	0.0000	0.0000	0.0000	0.0000	0.0000	0.0000	0.0000	0.0000	0.2912	0.2649	0.0263	0.1901	0.1782	0.0118	0.1012	0.0867	0.0145	0.0169	0.0086	0.0083	0.0061	0.0051	0.0009	0.0108	0.0035	0.0074	0.0000	0.0000	0.0000	0.0000	0.0000	0.0000	0.0000	0.0000	0.0000	0.0000	0.0000	0.0000	0.0000	0.0000	0.0000	0.0000	0.0000	0.0000											
19	93	0.5739	4	1	1	0	0	0	0	0	0	N	N	N	N	N	N	N	N	N	N	N	N	0.0000	0.0000	0.0000	0.0000	0.0000	0.0000	0.0000	0.0000	0.0000	0.0000	0.0000	0.0000	0.0000	0.0000	0.0000	0.0000	0.0000	0.0000	0.0000	0.0000	3.0000	2.7217	0.0000	3.0458	0.0000	0.0000	0.0000	0.0000	0.0000	0.0000	0.0000	0.0000	0.0000	0.0000	0.0000	0.0000	0.0000	0.0000	0.0000	0.0000	0.0000	0.0000	0.1908	0.1720	0.0187	0.1192	0.1107	0.0085	0.0716	0.0613	0.0103	0.0166	0.0082	0.0084	0.0053	0.0045	0.0008	0.0113	0.0037	0.0076	0.0000	0.0000	0.0000	0.0000	0.0000	0.0000	0.0000	0.0000	0.0000	0.0000	0.0000	0.0000	0.0000	0.0000	0.0000	0.0000	0.0000	0.0000											
19	94	0.6314	6	2	2	0	0	0	0	0	0	Y	Y	N	N	N	N	N	N	N	N	N	N	inf	inf	inf	inf	2.6812	2.8965	0.0000	3.3904	3.6005	0.0000	0.0000	0.0000	0.0000	0.0000	0.0000	0.0000	0.0000	0.0000	0.0000	0.0000	0.0000	0.0000	0.0000	-0.2601	0.0000	3.0000	5.9980	0.0000	4.9575	0.9998	0.9998	0.0000	0.9998	0.9998	0.0000	0.0000	0.0000	0.0000	0.0000	0.0000	0.0000	0.0000	0.0000	0.0000	0.0000	0.0000	0.0000	0.3729	0.3452	0.0277	0.2949	0.2777	0.0172	0.0780	0.0675	0.0105	0.0172	0.0104	0.0067	0.0091	0.0077	0.0014	0.0080	0.0027	0.0053	inf	inf	0.0000	inf	inf	0.0000	0.0000	0.0000	0.0000	0.0000	0.0000	0.0000	0.0000	0.0000	0.0000	0.0000	0.0000	0.0000						
19	95	0.0402	2	2	2	0	0	0	0	0	0	Y	Y	N	N	N	N	N	N	N	N	N	N	0.0000	0.0000	0.0000	0.0000	0.0000	0.0000	0.0000	0.0000	0.0000	0.0000	0.0000	0.0000	0.0000	0.0000	0.0000	0.0000	0.0000	0.0000	0.0000	0.0000	3.0000	0.0000	0.0000	2.0000	0.0000	0.0000	0.0000	0.0000	0.0000	0.0000	0.0000	0.0000	0.0000	0.0000	0.0000	0.0000	0.0000	0.0000	0.0000	0.0000	0.0000	0.0000	0.0000	0.0000	0.0000	0.0000	0.0000	0.0000	0.0000	0.0000	0.0000	0.0111	0.0037	0.0075	0.0000	0.0000	0.0000	0.0111	0.0037	0.0075	0.0000	0.0000	0.0000	0.0000	0.0000	0.0000	0.0000	0.0000	0.0000	0.0000	0.0000	0.0000	0.0000	0.0000	0.0000	0.0000	0.0000	0.0000											
19	97	0.5739	4	1	1	0	0	0	0	0	0	N	N	N	N	N	N	N	N	N	N	N	N	0.0000	0.0000	0.0000	0.0000	0.0000	0.0000	0.0000	0.0000	0.0000	0.0000	0.0000	0.0000	0.0000	0.0000	0.0000	0.0000	0.0000	0.0000	0.0000	0.0000	3.0000	3.9994	0.0000	4.0000	0.0000	0.0000	0.0000	0.0000	0.0000	0.0000	0.0000	0.0000	0.0000	0.0000	0.0000	0.0000	0.0000	0.0000	0.0000	0.0000	0.0000	0.0000	0.2704	0.2439	0.0265	0.1675	0.1557	0.0118	0.1030	0.0882	0.0147	0.0224	0.0111	0.0113	0.0072	0.0062	0.0011	0.0152	0.0049	0.0102	0.0000	0.0000	0.0000	0.0000	0.0000	0.0000	0.0000	0.0000	0.0000	0.0000	0.0000	0.0000	0.0000	0.0000	0.0000	0.0000	0.0000	0.0000											
19	99	0.4630	3	1	1	0	0	0	0	0	0	N	N	N	N	N	N	N	N	N	N	N	N	inf	inf	inf	inf	0.0001	0.0001	0.0000	0.0000	0.0000	0.0000	0.0002	0.0003	0.0000	0.0000	0.0000	0.0000	0.0000	0.0000	0.0000	0.0000	0.0000	0.0000	0.0000	-0.0000	0.0000	3.0000	1.5982	0.0000	11.1970	0.0000	0.0000	0.0000	0.0000	0.0000	0.0000	0.0000	0.0000	0.0000	0.0000	0.0000	0.0000	0.0000	0.0000	0.0000	0.0000	0.0000	0.0000	0.1252	0.1126	0.0125	0.0798	0.0741	0.0057	0.0453	0.0385	0.0068	0.0485	0.0266	0.0219	0.0181	0.0162	0.0019	0.0305	0.0104	0.0200	inf	inf	0.0000	0.0000	0.0000	0.0000	inf	inf	0.0000	0.0000	0.0000	0.0000	0.0000	0.0000	0.0000	0.0000	0.0000	0.0000						
19	100	0.6329	7	2	2	1	0	0	0	0	0	Y	Y	N	N	N	N	N	N	N	N	N	N	0.0000	0.0000	0.0000	0.0000	0.0000	0.0000	0.0000	0.0000	0.0000	0.0000	0.0000	0.0000	0.0000	0.0000	0.0000	0.0000	0.0000	0.0000	0.0000	0.0000	3.0000	0.0000	0.0000	0.9982	0.0000	0.0000	0.0000	0.0000	0.0000	0.0000	0.0000	0.0000	0.0000	0.0000	0.0000	0.0000	0.0000	0.0000	0.0000	0.0000	0.0000	0.0000	0.0106	0.0098	0.0008	0.0088	0.0084	0.0003	0.0018	0.0014	0.0005	0.0017	0.0011	0.0007	0.0009	0.0008	0.0001	0.0008	0.0003	0.0005	0.0000	0.0000	0.0000	0.0000	0.0000	0.0000	0.0000	0.0000	0.0000	0.0000	0.0000	0.0000	0.0000	0.0000	0.0000	0.0000	0.0000	0.0000											
19	101	0.0525	4	2	2	1	0	0	0	0	0	Y	Y	N	N	N	N	N	N	N	N	N	N	0.0000	0.0000	0.0000	0.0000	0.0000	0.0000	0.0000	0.0000	0.0000	0.0000	0.0000	0.0000	0.0000	0.0000	0.0000	0.0000	0.0000	0.0000	0.0000	0.0000	3.0000	0.0000	0.0000	0.0000	0.0000	0.0000	0.0000	0.0000	0.0000	0.0000	0.0000	0.0000	0.0000	0.0000	0.0000	0.0000	0.0000	0.0000	0.0000	0.0000	0.0000	0.0000	0.0000	0.0000	0.0000	0.0000	0.0000	0.0000	0.0000	0.0000	0.0000	0.0000	0.0000	0.0000	0.0000	0.0000	0.0000	0.0000	0.0000	0.0000	0.0000	0.0000	0.0000	0.0000	0.0000	0.0000	0.0000	0.0000	0.0000	0.0000	0.0000	0.0000	0.0000	0.0000	0.0000	0.0000	0.0000	0.0000											
19	102	0.0525	3	2	1	1	0	0	0	0	0	Y	N	N	N	N	N	N	N	N	N	N	N	0.0000	0.0000	0.0000	0.0000	0.0000	0.0000	0.0000	0.0000	0.0000	0.0000	0.0000	0.0000	0.0000	0.0000	0.0000	0.0000	0.0000	0.0000	0.0000	0.0000	3.0000	0.0000	0.0000	0.0000	0.0000	0.0000	0.0000	0.0000	0.0000	0.0000	0.0000	0.0000	0.0000	0.0000	0.0000	0.0000	0.0000	0.0000	0.0000	0.0000	0.0000	0.0000	0.0000	0.0000	0.0000	0.0000	0.0000	0.0000	0.0000	0.0000	0.0000	0.0000	0.0000	0.0000	0.0000	0.0000	0.0000	0.0000	0.0000	0.0000	0.0000	0.0000	0.0000	0.0000	0.0000	0.0000	0.0000	0.0000	0.0000	0.0000	0.0000	0.0000	0.0000	0.0000	0.0000	0.0000	0.0000	0.0000											
19	103	0.0465	2	2	1	1	0	0	0	0	0	Y	N	N	N	N	N	N	N	N	N	N	N	inf	inf	inf	inf	1.4430	0.0000	14.0681	0.0000	0.0000	0.0000	2.8582	0.0000	14.3841	0.0000	0.0000	0.0000	0.0000	0.0000	0.0000	0.0000	0.0000	0.0000	inf	0.0000	0.0000	3.0000	0.0000	0.0000	1.0091	0.0000	0.0000	0.0000	0.0000	0.0000	0.0000	0.0000	0.0000	0.0000	0.0000	0.0000	0.0000	0.0000	0.0000	0.0000	0.0000	0.0000	0.0000	0.0000	0.0000	0.0000	0.0000	0.0000	0.0000	0.0000	0.0000	0.0000	0.0053	0.0017	0.0036	0.0000	0.0000	0.0000	0.0053	0.0017	0.0036	inf	0.0000	inf	0.0000	0.0000	0.0000	inf	0.0000	inf	0.0000	0.0000	0.0000	0.0000	0.0000	0.0000	0.0000	0.0000	0.0000						
19	104	0.5739	4	1	2	0	0	0	0	0	0	N	Y	N	N	N	N	N	N	N	N	N	N	0.0000	0.0000	0.0000	0.0000	0.0000	0.0000	0.0000	0.0000	0.0000	0.0000	0.0000	0.0000	0.0000	0.0000	0.0000	0.0000	0.0000	0.0000	0.0000	0.0000	3.0000	7.9994	0.0000	4.0001	0.0000	0.0000	0.0000	0.0000	0.0000	0.0000	0.0000	0.0000	0.0000	0.0000	0.0000	0.0000	0.0000	0.0000	0.0000	0.0000	0.0000	0.0000	0.4875	0.4401	0.0474	0.2943	0.2741	0.0202	0.1932	0.1661	0.0271	0.0321	0.0159	0.0161	0.0105	0.0089	0.0016	0.0215	0.0070	0.0145	0.0000	0.0000	0.0000	0.0000	0.0000	0.0000	0.0000	0.0000	0.0000	0.0000	0.0000	0.0000	0.0000	0.0000	0.0000	0.0000	0.0000	0.0000											
19	105	0.6364	8	2	1	1	0	0	0	0	0	Y	N	N	N	N	N	N	N	N	N	N	N	0.0000	0.0000	0.0000	0.0000	0.0000	0.0000	0.0000	0.0000	0.0000	0.0000	0.0000	0.0000	0.0000	0.0000	0.0000	0.0000	0.0000	0.0000	0.0000	0.0000	3.0000	1.0000	0.0000	1.0005	0.0000	0.0000	0.0000	0.0000	0.0000	0.0000	0.0000	0.0000	0.0000	0.0000	0.0000	0.0000	0.0000	0.0000	0.0000	0.0000	0.0000	0.0000	0.0709	0.0657	0.0052	0.0574	0.0540	0.0034	0.0135	0.0116	0.0018	0.0033	0.0020	0.0013	0.0018	0.0015	0.0003	0.0015	0.0005	0.0010	0.0000	0.0000	0.0000	0.0000	0.0000	0.0000	0.0000	0.0000	0.0000	0.0000	0.0000	0.0000	0.0000	0.0000	0.0000	0.0000	0.0000	0.0000											
19	106	0.6329	7	2	1	1	0	0	0	0	0	Y	N	N	N	N	N	N	N	N	N	N	N	inf	inf	inf	inf	0.0019	0.0021	0.0000	0.0000	0.0000	0.0000	0.0103	0.0122	0.0000	0.0000	0.0000	0.0000	0.0000	0.0000	0.0000	0.0000	0.0000	0.0000	0.0000	-0.0000	0.0000	3.0000	0.7249	0.0000	0.0368	0.0001	0.0001	0.0000	0.0000	0.0000	0.0000	0.0001	0.0001	0.0000	0.0000	0.0000	0.0000	0.0000	0.0000	0.0000	0.0000	0.0000	0.0000	0.0620	0.0575	0.0046	0.0504	0.0476	0.0028	0.0116	0.0098	0.0018	0.0013	0.0008	0.0005	0.0007	0.0006	0.0001	0.0006	0.0002	0.0004	inf	inf	0.0000	0.0000	0.0000	0.0000	inf	inf	0.0000	0.0000	0.0000	0.0000	0.0000	0.0000	0.0000	0.0000	0.0000	0.0000						
19	107	0.6314	6	2	1	1	0	0	0	0	0	Y	N	N	N	N	N	N	N	N	N	N	N	inf	inf	inf	inf	inf	inf	0.0075	0.0080	0.0000	0.0035	0.0037	0.0000	0.0300	0.0348	0.0000	0.0000	0.0000	0.0000	0.0000	0.0000	0.0000	0.0000	0.0000	0.0000	0.0000	-0.0001	0.0000	3.0000	0.4159	0.0000	0.0887	0.0003	0.0003	0.0000	0.0001	0.0001	0.0000	0.0002	0.0002	0.0000	0.0000	0.0000	0.0000	0.0000	0.0000	0.0000	0.0000	0.0000	0.0000	0.0402	0.0375	0.0027	0.0342	0.0323	0.0019	0.0060	0.0052	0.0008	0.0010	0.0007	0.0004	0.0006	0.0005	0.0001	0.0005	0.0002	0.0003	inf	inf	0.0000	inf	inf	0.0000	inf	inf	0.0000	0.0000	0.0000	0.0000	0.0000	0.0000	0.0000	0.0000	0.0000	0.0000				
19	108	0.6152	5	2	1	0	0	0	0	0	0	Y	N	N	N	N	N	N	N	N	N	N	N	inf	inf	inf	inf	0.0007	0.0008	0.0000	0.0009	0.0010	0.0000	0.0000	0.0000	0.0000	0.0000	0.0000	0.0000	0.0000	0.0000	0.0000	0.0000	0.0000	0.0000	0.0000	-0.0000	0.0000	3.0000	3.9943	0.0000	0.9974	0.0002	0.0002	0.0000	0.0002	0.0002	0.0000	0.0000	0.0000	0.0000	0.0000	0.0000	0.0000	0.0000	0.0000	0.0000	0.0000	0.0000	0.0000	0.2604	0.2393	0.0210	0.1980	0.1859	0.0121	0.0624	0.0534	0.0090	0.0098	0.0055	0.0043	0.0049	0.0042	0.0007	0.0049	0.0013	0.0036	inf	inf	0.0000	inf	inf	0.0000	0.0000	0.0000	0.0000	0.0000	0.0000	0.0000	0.0000	0.0000	0.0000	0.0000	0.0000	0.0000						
19	109	0.0465	2	2	1	1	0	0	0	0	0	Y	N	N	N	N	N	N	N	N	N	N	N	inf	inf	inf	inf	1.4430	0.0000	14.0681	0.0000	0.0000	0.0000	2.8582	0.0000	14.3841	0.0000	0.0000	0.0000	0.0000	0.0000	0.0000	0.0000	0.0000	0.0000	inf	0.0000	0.0000	3.0000	0.0000	0.0000	0.9909	0.0000	0.0000	0.0000	0.0000	0.0000	0.0000	0.0000	0.0000	0.0000	0.0000	0.0000	0.0000	0.0000	0.0000	0.0000	0.0000	0.0000	0.0000	0.0000	0.0000	0.0000	0.0000	0.0000	0.0000	0.0000	0.0000	0.0000	0.0052	0.0017	0.0035	0.0000	0.0000	0.0000	0.0052	0.0017	0.0035	inf	0.0000	inf	0.0000	0.0000	0.0000	inf	0.0000	inf	0.0000	0.0000	0.0000	0.0000	0.0000	0.0000	0.0000	0.0000	0.0000						
19	112	0.6198	5	1	1	1	0	0	0	0	0	N	N	N	N	N	N	N	N	N	N	N	N	0.0000	0.0000	0.0000	0.0000	0.0000	0.0000	0.0000	0.0000	0.0000	0.0000	0.0000	0.0000	0.0000	0.0000	0.0000	0.0000	0.0000	0.0000	0.0000	0.0000	3.0000	0.0000	0.0000	0.0001	0.0000	0.0000	0.0000	0.0000	0.0000	0.0000	0.0000	0.0000	0.0000	0.0000	0.0000	0.0000	0.0000	0.0000	0.0000	0.0000	0.0000	0.0000	0.0000	0.0000	0.0000	0.0000	0.0000	0.0000	0.0000	0.0000	0.0000	0.0000	0.0000	0.0000	0.0000	0.0000	0.0000	0.0000	0.0000	0.0000	0.0000	0.0000	0.0000	0.0000	0.0000	0.0000	0.0000	0.0000	0.0000	0.0000	0.0000	0.0000	0.0000	0.0000	0.0000	0.0000	0.0000	0.0000											
19	113	0.5739	4	1	1	1	0	0	0	0	0	N	N	N	N	N	N	N	N	N	N	N	N	0.0000	0.0000	0.0000	0.0000	0.0000	0.0000	0.0000	0.0000	0.0000	0.0000	0.0000	0.0000	0.0000	0.0000	0.0000	0.0000	0.0000	0.0000	0.0000	0.0000	3.0000	4.0004	0.0000	4.9999	0.0000	0.0000	0.0000	0.0000	0.0000	0.0000	0.0000	0.0000	0.0000	0.0000	0.0000	0.0000	0.0000	0.0000	0.0000	0.0000	0.0000	0.0000	0.2705	0.2440	0.0265	0.1675	0.1557	0.0118	0.1030	0.0883	0.0147	0.0249	0.0123	0.0126	0.0081	0.0069	0.0012	0.0168	0.0055	0.0114	0.0000	0.0000	0.0000	0.0000	0.0000	0.0000	0.0000	0.0000	0.0000	0.0000	0.0000	0.0000	0.0000	0.0000	0.0000	0.0000	0.0000	0.0000											
19	114	0.0505	2	1	2	0	0	0	0	0	0	N	Y	N	N	N	N	N	N	N	N	N	N	inf	inf	inf	inf	0.0000	0.0000	0.0000	0.0003	0.0003	0.0000	0.0000	0.0000	0.0000	0.0000	0.0000	0.0000	0.0000	0.0000	0.0000	0.0000	0.0000	0.0000	0.0000	-0.0000	0.0000	3.0000	4.3361	0.0000	4.6323	0.0000	0.0000	0.0000	0.0000	0.0000	0.0000	0.0000	0.0000	0.0000	0.0000	0.0000	0.0000	0.0000	0.0000	0.0000	0.0000	0.0000	0.0000	0.3544	0.3159	0.0384	0.0362	0.0342	0.0020	0.3181	0.2817	0.0364	0.0755	0.0414	0.0341	0.0126	0.0116	0.0009	0.0629	0.0298	0.0331	inf	inf	0.0000	inf	inf	0.0000	0.0000	0.0000	0.0000	0.0000	0.0000	0.0000	0.0000	0.0000	0.0000	0.0000	0.0000	0.0000						
19	116	0.5739	4	1	2	0	1	0	0	0	0	N	Y	N	N	N	N	N	N	N	N	N	N	inf	inf	inf	inf	3.0389	3.3682	0.0000	4.9401	5.3117	0.0000	0.0000	0.0000	0.0000	0.0000	0.0000	0.0000	0.0000	0.0000	0.0000	0.0000	0.0000	0.0000	0.0000	-0.2602	0.0000	3.0000	5.0006	0.0000	2.0000	1.0000	1.0000	0.0000	1.0000	1.0000	0.0000	0.0000	0.0000	0.0000	0.0000	0.0000	0.0000	0.0000	0.0000	0.0000	0.0000	0.0000	0.0000	0.3291	0.2969	0.0322	0.2024	0.1883	0.0142	0.1266	0.1086	0.0180	0.0199	0.0098	0.0101	0.0064	0.0054	0.0010	0.0135	0.0044	0.0091	inf	inf	0.0000	inf	inf	0.0000	0.0000	0.0000	0.0000	0.0000	0.0000	0.0000	0.0000	0.0000	0.0000	0.0000	0.0000	0.0000						
19	118	0.5739	4	1	2	0	0	0	0	0	0	N	Y	N	N	N	N	N	N	N	N	N	N	inf	inf	inf	inf	1.1760	0.0000	12.3147	0.0000	0.0000	0.0000	2.7749	0.0000	20.4956	0.0000	0.0000	0.0000	0.0000	0.0000	0.0000	0.0000	0.0000	0.0000	inf	0.7398	0.0000	3.0000	16.9994	0.0000	6.0000	1.0000	0.0000	1.0000	0.0000	0.0000	0.0000	1.0000	0.0000	1.0000	0.0000	0.0000	0.0000	0.0000	0.0000	0.0000	0.0000	0.0000	0.0000	0.8503	0.7691	0.0812	0.4900	0.4575	0.0324	0.3604	0.3116	0.0488	0.0542	0.0273	0.0269	0.0184	0.0156	0.0028	0.0358	0.0117	0.0241	inf	0.0000	inf	0.0000	0.0000	0.0000	inf	0.0000	inf	0.0000	0.0000	0.0000	0.0000	0.0000	0.0000	0.0000	0.0000	0.0000						
19	120	0.0459	2	1	2	0	0	0	0	0	0	N	Y	N	N	N	N	N	N	N	N	N	N	inf	inf	inf	inf	inf	inf	0.1567	0.0000	1.6873	0.0031	0.0000	0.0735	0.2538	0.0000	2.0301	0.0000	0.0000	0.0000	0.0000	0.0000	0.0000	0.0000	0.0000	0.0000	inf	0.0097	0.0000	3.0000	0.9998	0.0000	0.9486	0.0131	0.0000	0.0131	0.0001	0.0000	0.0001	0.0130	0.0000	0.0130	0.0000	0.0000	0.0000	0.0000	0.0000	0.0000	0.0000	0.0000	0.0000	0.0836	0.0758	0.0078	0.0324	0.0310	0.0014	0.0512	0.0448	0.0064	0.0152	0.0061	0.0090	0.0024	0.0024	0.0001	0.0128	0.0038	0.0090	inf	0.0000	inf	inf	0.0000	inf	inf	0.0000	inf	0.0000	0.0000	0.0000	0.0000	0.0000	0.0000	0.0000	0.0000	0.0000				
19	122	0.6152	5	1	2	0	0	0	0	0	0	N	Y	N	N	N	N	N	N	N	N	N	N	0.0000	0.0000	0.0000	0.0000	0.0000	0.0000	0.0000	0.0000	0.0000	0.0000	0.0000	0.0000	0.0000	0.0000	0.0000	0.0000	0.0000	0.0000	0.0000	0.0000	3.0000	2.0001	0.0000	3.0000	0.0000	0.0000	0.0000	0.0000	0.0000	0.0000	0.0000	0.0000	0.0000	0.0000	0.0000	0.0000	0.0000	0.0000	0.0000	0.0000	0.0000	0.0000	0.1393	0.1282	0.0111	0.1075	0.1010	0.0065	0.0318	0.0272	0.0046	0.0098	0.0055	0.0043	0.0049	0.0042	0.0007	0.0050	0.0013	0.0036	0.0000	0.0000	0.0000	0.0000	0.0000	0.0000	0.0000	0.0000	0.0000	0.0000	0.0000	0.0000	0.0000	0.0000	0.0000	0.0000	0.0000	0.0000											
19	123	0.5739	4	1	1	0	0	0	0	0	0	N	N	N	N	N	N	N	N	N	N	N	N	0.0000	0.0000	0.0000	0.0000	0.0000	0.0000	0.0000	0.0000	0.0000	0.0000	0.0000	0.0000	0.0000	0.0000	0.0000	0.0000	0.0000	0.0000	0.0000	0.0000	3.0000	6.9986	0.0000	2.0000	0.0000	0.0000	0.0000	0.0000	0.0000	0.0000	0.0000	0.0000	0.0000	0.0000	0.0000	0.0000	0.0000	0.0000	0.0000	0.0000	0.0000	0.0000	0.4373	0.3947	0.0426	0.2656	0.2472	0.0184	0.1717	0.1475	0.0242	0.0249	0.0123	0.0126	0.0081	0.0069	0.0012	0.0168	0.0055	0.0114	0.0000	0.0000	0.0000	0.0000	0.0000	0.0000	0.0000	0.0000	0.0000	0.0000	0.0000	0.0000	0.0000	0.0000	0.0000	0.0000	0.0000	0.0000											
19	124	0.0513	2	1	2	0	0	0	0	0	0	N	Y	N	N	N	N	N	N	N	N	N	N	inf	inf	inf	inf	inf	inf	1.6876	0.0000	16.6225	0.0009	0.0000	0.0215	1.9462	0.0000	17.5807	0.0000	0.0000	0.0000	0.0000	0.0000	0.0000	0.0000	0.0000	0.0000	inf	0.7353	0.0000	3.0000	3.9006	0.0000	3.1543	0.9940	0.0000	0.9940	0.0001	0.0000	0.0001	0.9939	0.0000	0.9939	0.0000	0.0000	0.0000	0.0000	0.0000	0.0000	0.0000	0.0000	0.0000	0.5890	0.5292	0.0598	0.0783	0.0750	0.0033	0.5107	0.4542	0.0565	0.0810	0.0367	0.0443	0.0096	0.0094	0.0002	0.0714	0.0273	0.0441	inf	0.0000	inf	inf	0.0000	inf	inf	0.0000	inf	0.0000	0.0000	0.0000	0.0000	0.0000	0.0000	0.0000	0.0000	0.0000				
19	126	0.5739	4	1	2	0	0	0	0	0	0	N	Y	N	N	N	N	N	N	N	N	N	N	0.0000	0.0000	0.0000	0.0000	0.0000	0.0000	0.0000	0.0000	0.0000	0.0000	0.0000	0.0000	0.0000	0.0000	0.0000	0.0000	0.0000	0.0000	0.0000	0.0000	3.0000	0.9996	0.0000	8.0005	0.0000	0.0000	0.0000	0.0000	0.0000	0.0000	0.0000	0.0000	0.0000	0.0000	0.0000	0.0000	0.0000	0.0000	0.0000	0.0000	0.0000	0.0000	0.0737	0.0665	0.0073	0.0467	0.0433	0.0034	0.0271	0.0232	0.0039	0.0249	0.0123	0.0126	0.0081	0.0069	0.0012	0.0168	0.0055	0.0114	0.0000	0.0000	0.0000	0.0000	0.0000	0.0000	0.0000	0.0000	0.0000	0.0000	0.0000	0.0000	0.0000	0.0000	0.0000	0.0000	0.0000	0.0000											
19	127	0.4793	4	1	1	0	0	0	0	0	0	N	N	N	N	N	N	N	N	N	N	N	N	inf	inf	inf	inf	0.0000	0.0000	0.0000	0.0001	0.0001	0.0000	0.0000	0.0000	0.0000	0.0000	0.0000	0.0000	0.0000	0.0000	0.0000	0.0000	0.0000	0.0000	0.0000	-0.0000	0.0000	3.0000	3.6536	0.0000	12.3970	0.0000	0.0000	0.0000	0.0000	0.0000	0.0000	0.0000	0.0000	0.0000	0.0000	0.0000	0.0000	0.0000	0.0000	0.0000	0.0000	0.0000	0.0000	0.2680	0.2412	0.0268	0.1731	0.1599	0.0132	0.0949	0.0813	0.0136	0.0524	0.0286	0.0238	0.0194	0.0171	0.0023	0.0329	0.0115	0.0215	inf	inf	0.0000	inf	inf	0.0000	0.0000	0.0000	0.0000	0.0000	0.0000	0.0000	0.0000	0.0000	0.0000	0.0000	0.0000	0.0000						
19	128	0.2682	2	1	1	0	0	0	0	0	0	N	N	N	N	N	N	N	N	N	N	N	N	inf	inf	inf	inf	inf	inf	0.1465	0.1623	0.0000	0.2611	0.2796	0.0000	0.0163	0.0188	0.0000	0.0000	0.0000	0.0000	0.0000	0.0000	0.0000	0.0000	0.0000	0.0000	0.0000	-0.0173	0.0000	3.0000	5.3495	0.0000	12.4099	0.0665	0.0665	0.0000	0.0631	0.0631	0.0000	0.0035	0.0035	0.0000	0.0000	0.0000	0.0000	0.0000	0.0000	0.0000	0.0000	0.0000	0.0000	0.4541	0.4100	0.0440	0.2416	0.2256	0.0160	0.2125	0.1844	0.0280	0.0969	0.0514	0.0455	0.0336	0.0302	0.0034	0.0633	0.0213	0.0420	inf	inf	0.0000	inf	inf	0.0000	inf	inf	0.0000	0.0000	0.0000	0.0000	0.0000	0.0000	0.0000	0.0000	0.0000	0.0000				
19	129	0.6854	10	1	2	0	1	0	0	0	0	N	Y	N	N	N	N	N	N	N	N	N	N	0.0000	0.0000	0.0000	0.0000	0.0000	0.0000	0.0000	0.0000	0.0000	0.0000	0.0000	0.0000	0.0000	0.0000	0.0000	0.0000	0.0000	0.0000	0.0000	0.0000	3.0000	0.0000	0.0000	0.0000	0.0000	0.0000	0.0000	0.0000	0.0000	0.0000	0.0000	0.0000	0.0000	0.0000	0.0000	0.0000	0.0000	0.0000	0.0000	0.0000	0.0000	0.0000	0.0000	0.0000	0.0000	0.0000	0.0000	0.0000	0.0000	0.0000	0.0000	0.0000	0.0000	0.0000	0.0000	0.0000	0.0000	0.0000	0.0000	0.0000	0.0000	0.0000	0.0000	0.0000	0.0000	0.0000	0.0000	0.0000	0.0000	0.0000	0.0000	0.0000	0.0000	0.0000	0.0000	0.0000	0.0000	0.0000											
19	130	0.6691	9	1	2	0	1	0	0	0	0	N	Y	N	N	N	N	N	N	N	N	N	N	0.0000	0.0000	0.0000	0.0000	0.0000	0.0000	0.0000	0.0000	0.0000	0.0000	0.0000	0.0000	0.0000	0.0000	0.0000	0.0000	0.0000	0.0000	0.0000	0.0000	3.0000	0.0000	0.0000	3.0001	0.0000	0.0000	0.0000	0.0000	0.0000	0.0000	0.0000	0.0000	0.0000	0.0000	0.0000	0.0000	0.0000	0.0000	0.0000	0.0000	0.0000	0.0000	0.0000	0.0000	0.0000	0.0000	0.0000	0.0000	0.0000	0.0000	0.0000	0.0055	0.0033	0.0021	0.0030	0.0026	0.0004	0.0024	0.0007	0.0017	0.0000	0.0000	0.0000	0.0000	0.0000	0.0000	0.0000	0.0000	0.0000	0.0000	0.0000	0.0000	0.0000	0.0000	0.0000	0.0000	0.0000	0.0000											
19	131	0.6594	8	1	2	0	0	0	0	0	0	N	Y	N	N	N	N	N	N	N	N	N	N	0.0000	0.0000	0.0000	0.0000	0.0000	0.0000	0.0000	0.0000	0.0000	0.0000	0.0000	0.0000	0.0000	0.0000	0.0000	0.0000	0.0000	0.0000	0.0000	0.0000	3.0000	0.0000	0.0000	0.0000	0.0000	0.0000	0.0000	0.0000	0.0000	0.0000	0.0000	0.0000	0.0000	0.0000	0.0000	0.0000	0.0000	0.0000	0.0000	0.0000	0.0000	0.0000	0.0000	0.0000	0.0000	0.0000	0.0000	0.0000	0.0000	0.0000	0.0000	0.0000	0.0000	0.0000	0.0000	0.0000	0.0000	0.0000	0.0000	0.0000	0.0000	0.0000	0.0000	0.0000	0.0000	0.0000	0.0000	0.0000	0.0000	0.0000	0.0000	0.0000	0.0000	0.0000	0.0000	0.0000	0.0000	0.0000											
19	132	0.6691	9	1	1	1	1	0	0	0	0	N	N	N	N	N	N	N	N	N	N	N	N	0.0000	0.0000	0.0000	0.0000	0.0000	0.0000	0.0000	0.0000	0.0000	0.0000	0.0000	0.0000	0.0000	0.0000	0.0000	0.0000	0.0000	0.0000	0.0000	0.0000	3.0000	0.0000	0.0000	1.9999	0.0000	0.0000	0.0000	0.0000	0.0000	0.0000	0.0000	0.0000	0.0000	0.0000	0.0000	0.0000	0.0000	0.0000	0.0000	0.0000	0.0000	0.0000	0.0000	0.0000	0.0000	0.0000	0.0000	0.0000	0.0000	0.0000	0.0000	0.0037	0.0022	0.0014	0.0020	0.0018	0.0003	0.0016	0.0005	0.0011	0.0000	0.0000	0.0000	0.0000	0.0000	0.0000	0.0000	0.0000	0.0000	0.0000	0.0000	0.0000	0.0000	0.0000	0.0000	0.0000	0.0000	0.0000											
19	133	0.6801	10	1	1	1	1	0	0	0	0	N	N	N	N	N	N	N	N	N	N	N	N	0.0000	0.0000	0.0000	0.0000	0.0000	0.0000	0.0000	0.0000	0.0000	0.0000	0.0000	0.0000	0.0000	0.0000	0.0000	0.0000	0.0000	0.0000	0.0000	0.0000	3.0000	1.0000	0.0000	0.0000	0.0000	0.0000	0.0000	0.0000	0.0000	0.0000	0.0000	0.0000	0.0000	0.0000	0.0000	0.0000	0.0000	0.0000	0.0000	0.0000	0.0000	0.0000	0.0765	0.0707	0.0058	0.0628	0.0590	0.0038	0.0137	0.0117	0.0020	0.0017	0.0010	0.0007	0.0008	0.0007	0.0001	0.0008	0.0002	0.0006	0.0000	0.0000	0.0000	0.0000	0.0000	0.0000	0.0000	0.0000	0.0000	0.0000	0.0000	0.0000	0.0000	0.0000	0.0000	0.0000	0.0000	0.0000											
19	134	0.6801	10	1	1	1	1	0	0	0	0	N	N	N	N	N	N	N	N	N	N	N	N	0.0000	0.0000	0.0000	0.0000	0.0000	0.0000	0.0000	0.0000	0.0000	0.0000	0.0000	0.0000	0.0000	0.0000	0.0000	0.0000	0.0000	0.0000	0.0000	0.0000	3.0000	0.0000	0.0000	0.0000	0.0000	0.0000	0.0000	0.0000	0.0000	0.0000	0.0000	0.0000	0.0000	0.0000	0.0000	0.0000	0.0000	0.0000	0.0000	0.0000	0.0000	0.0000	0.0000	0.0000	0.0000	0.0000	0.0000	0.0000	0.0000	0.0000	0.0000	0.0000	0.0000	0.0000	0.0000	0.0000	0.0000	0.0000	0.0000	0.0000	0.0000	0.0000	0.0000	0.0000	0.0000	0.0000	0.0000	0.0000	0.0000	0.0000	0.0000	0.0000	0.0000	0.0000	0.0000	0.0000	0.0000	0.0000											
19	135	0.6691	9	1	1	1	1	0	0	0	0	N	N	N	N	N	N	N	N	N	N	N	N	inf	inf	inf	inf	inf	inf	0.0167	0.0000	0.2157	0.0206	0.0000	0.3340	0.0007	0.0000	0.0047	0.0000	0.0000	0.0000	0.0000	0.0000	0.0000	0.0000	0.0000	0.0000	inf	0.0019	0.0000	3.0000	2.0025	0.0000	0.9943	0.0025	0.0000	0.0025	0.0025	0.0000	0.0025	0.0000	0.0000	0.0000	0.0000	0.0000	0.0000	0.0000	0.0000	0.0000	0.0000	0.0000	0.0000	0.1512	0.1395	0.0117	0.1221	0.1146	0.0075	0.0292	0.0250	0.0042	0.0055	0.0033	0.0021	0.0030	0.0026	0.0004	0.0024	0.0007	0.0017	inf	0.0000	inf	inf	0.0000	inf	inf	0.0000	inf	0.0000	0.0000	0.0000	0.0000	0.0000	0.0000	0.0000	0.0000	0.0000				
19	136	0.6691	8	1	1	0	1	0	0	0	0	N	N	N	N	N	N	N	N	N	N	N	N	inf	inf	inf	inf	inf	inf	inf	inf	inf	2.5586	1.4265	12.4034	2.6577	1.4843	13.0906	0.2465	0.0007	1.6347	0.0000	0.0000	0.0000	0.0000	0.0000	0.0000	0.0000	0.0000	0.0000	0.9999	0.0012	0.0000	3.0000	0.0050	0.0000	0.0173	0.0050	0.0025	0.0025	0.0050	0.0025	0.0025	0.0000	0.0000	0.0000	0.0000	0.0000	0.0000	0.0000	0.0000	0.0000	0.0000	0.0000	0.0000	0.0020	0.0018	0.0002	0.0019	0.0017	0.0002	0.0001	0.0001	0.0000	0.0000	0.0000	0.0000	0.0000	0.0000	0.0000	0.0000	0.0000	0.0000	inf	inf	inf	inf	inf	inf	inf	inf	inf	0.0000	0.0000	0.0000	0.0000	0.0000	0.0000	0.0000	0.0000	0.0000	
19	137	0.6594	7	1	1	0	1	0	0	0	0	N	N	N	N	N	N	N	N	N	N	N	N	inf	inf	inf	inf	inf	inf	8.6624	0.0006	100.6821	11.3339	0.0007	167.5877	0.0000	0.0000	0.0000	0.0000	0.0000	0.0000	0.0000	0.0000	0.0000	0.0000	0.0000	0.0000	16471.8275	0.7378	0.0000	3.0000	1.9972	0.0000	1.0076	0.9973	0.0001	0.9973	0.9973	0.0001	0.9973	0.0000	0.0000	0.0000	0.0000	0.0000	0.0000	0.0000	0.0000	0.0000	0.0000	0.0000	0.0000	0.1151	0.1052	0.0099	0.0880	0.0820	0.0060	0.0271	0.0232	0.0040	0.0047	0.0030	0.0017	0.0030	0.0026	0.0004	0.0017	0.0004	0.0013	inf	inf	inf	inf	inf	inf	0.0000	0.0000	0.0000	0.0000	0.0000	0.0000	0.0000	0.0000	0.0000	0.0000	0.0000	0.0000				
19	138	0.6422	6	2	2	0	0	0	0	0	0	Y	Y	N	N	N	N	N	N	N	N	N	N	0.0000	0.0000	0.0000	0.0000	0.0000	0.0000	0.0000	0.0000	0.0000	0.0000	0.0000	0.0000	0.0000	0.0000	0.0000	0.0000	0.0000	0.0000	0.0000	0.0000	3.0000	0.0002	0.0000	2.3255	0.0000	0.0000	0.0000	0.0000	0.0000	0.0000	0.0000	0.0000	0.0000	0.0000	0.0000	0.0000	0.0000	0.0000	0.0000	0.0000	0.0000	0.0000	0.0000	0.0000	0.0000	0.0000	0.0000	0.0000	0.0000	0.0000	0.0000	0.0057	0.0035	0.0023	0.0027	0.0024	0.0003	0.0030	0.0011	0.0019	0.0000	0.0000	0.0000	0.0000	0.0000	0.0000	0.0000	0.0000	0.0000	0.0000	0.0000	0.0000	0.0000	0.0000	0.0000	0.0000	0.0000	0.0000											
19	139	0.6243	5	2	2	0	0	0	0	0	0	Y	Y	N	N	N	N	N	N	N	N	N	N	inf	inf	inf	inf	inf	inf	0.0364	0.0399	0.0000	0.0488	0.0521	0.0000	0.0011	0.0013	0.0000	0.0000	0.0000	0.0000	0.0000	0.0000	0.0000	0.0000	0.0000	0.0000	0.0000	-0.0014	0.0000	3.0000	2.0138	0.0000	2.7349	0.0052	0.0052	0.0000	0.0052	0.0052	0.0000	0.0000	0.0000	0.0000	0.0000	0.0000	0.0000	0.0000	0.0000	0.0000	0.0000	0.0000	0.0000	0.1429	0.1304	0.0126	0.1058	0.0990	0.0068	0.0371	0.0313	0.0058	0.0164	0.0094	0.0070	0.0076	0.0069	0.0007	0.0088	0.0025	0.0063	inf	inf	0.0000	inf	inf	0.0000	inf	inf	0.0000	0.0000	0.0000	0.0000	0.0000	0.0000	0.0000	0.0000	0.0000	0.0000				
19	140	0.6408	6	1	2	0	0	0	0	0	0	N	Y	N	N	N	N	N	N	N	N	N	N	inf	inf	inf	inf	inf	inf	1.6222	1.7194	0.0000	1.8974	1.9832	0.0000	0.0499	0.0575	0.0000	0.0000	0.0000	0.0000	0.0000	0.0000	0.0000	0.0000	0.0000	0.0000	0.0000	-0.1397	0.0000	3.0000	1.9232	0.0000	1.1116	0.5368	0.5368	0.0000	0.5344	0.5344	0.0000	0.0025	0.0025	0.0000	0.0000	0.0000	0.0000	0.0000	0.0000	0.0000	0.0000	0.0000	0.0000	0.3309	0.3122	0.0187	0.2816	0.2695	0.0122	0.0493	0.0428	0.0065	0.0052	0.0032	0.0019	0.0032	0.0027	0.0004	0.0020	0.0005	0.0015	inf	inf	0.0000	inf	inf	0.0000	inf	inf	0.0000	0.0000	0.0000	0.0000	0.0000	0.0000	0.0000	0.0000	0.0000	0.0000				
19	141	0.0370	2	1	2	0	0	0	0	0	0	N	Y	N	N	N	N	N	N	N	N	N	N	0.0000	0.0000	0.0000	0.0000	0.0000	0.0000	0.0000	0.0000	0.0000	0.0000	0.0000	0.0000	0.0000	0.0000	0.0000	0.0000	0.0000	0.0000	0.0000	0.0000	3.0000	3.0000	0.0000	1.0000	0.0000	0.0000	0.0000	0.0000	0.0000	0.0000	0.0000	0.0000	0.0000	0.0000	0.0000	0.0000	0.0000	0.0000	0.0000	0.0000	0.0000	0.0000	0.4581	0.4084	0.0497	0.0437	0.0416	0.0021	0.4143	0.3668	0.0476	0.0498	0.0216	0.0282	0.0000	0.0000	0.0000	0.0498	0.0215	0.0282	0.0000	0.0000	0.0000	0.0000	0.0000	0.0000	0.0000	0.0000	0.0000	0.0000	0.0000	0.0000	0.0000	0.0000	0.0000	0.0000	0.0000	0.0000											
19	145	0.6594	8	2	2	0	0	0	0	0	0	Y	Y	N	N	N	N	N	N	N	N	N	N	0.0000	0.0000	0.0000	0.0000	0.0000	0.0000	0.0000	0.0000	0.0000	0.0000	0.0000	0.0000	0.0000	0.0000	0.0000	0.0000	0.0000	0.0000	0.0000	0.0000	3.0000	1.0000	0.0000	1.0000	0.0000	0.0000	0.0000	0.0000	0.0000	0.0000	0.0000	0.0000	0.0000	0.0000	0.0000	0.0000	0.0000	0.0000	0.0000	0.0000	0.0000	0.0000	0.0591	0.0540	0.0051	0.0454	0.0423	0.0031	0.0137	0.0117	0.0020	0.0032	0.0020	0.0012	0.0020	0.0018	0.0003	0.0011	0.0003	0.0009	0.0000	0.0000	0.0000	0.0000	0.0000	0.0000	0.0000	0.0000	0.0000	0.0000	0.0000	0.0000	0.0000	0.0000	0.0000	0.0000	0.0000	0.0000											
19	146	0.6594	7	1	2	0	0	0	0	0	0	N	Y	N	N	N	N	N	N	N	N	N	N	inf	inf	inf	inf	1.3045	1.4484	0.0000	1.3912	1.5425	0.0000	0.0000	0.0000	0.0000	0.0000	0.0000	0.0000	0.0000	0.0000	0.0000	0.0000	0.0000	0.0000	0.0000	-0.0001	0.0000	3.0000	0.0003	0.0000	0.0000	0.0002	0.0002	0.0000	0.0002	0.0002	0.0000	0.0000	0.0000	0.0000	0.0000	0.0000	0.0000	0.0000	0.0000	0.0000	0.0000	0.0000	0.0000	0.0002	0.0002	0.0000	0.0002	0.0001	0.0000	0.0000	0.0000	0.0000	0.0000	0.0000	0.0000	0.0000	0.0000	0.0000	0.0000	0.0000	0.0000	inf	inf	0.0000	inf	inf	0.0000	0.0000	0.0000	0.0000	0.0000	0.0000	0.0000	0.0000	0.0000	0.0000	0.0000	0.0000	0.0000						
19	147	0.6408	6	1	1	0	0	0	0	0	0	N	N	N	N	N	N	N	N	N	N	N	N	inf	inf	inf	inf	inf	inf	inf	inf	inf	4.2631	4.5869	0.0064	5.2779	5.5810	0.0103	0.0275	0.0320	0.0000	0.0000	0.0000	0.0000	0.0000	0.0000	0.0000	0.0000	0.0000	0.0000	0.0001	-0.5122	0.0000	3.0000	4.9449	0.0000	1.0063	1.9696	1.9693	0.0002	1.9671	1.9669	0.0002	0.0025	0.0025	0.0000	0.0000	0.0000	0.0000	0.0000	0.0000	0.0000	0.0000	0.0000	0.0000	0.4620	0.4293	0.0327	0.3727	0.3524	0.0203	0.0893	0.0769	0.0124	0.0097	0.0061	0.0036	0.0060	0.0051	0.0008	0.0037	0.0010	0.0028	inf	inf	inf	inf	inf	inf	inf	inf	inf	0.0000	0.0000	0.0000	0.0000	0.0000	0.0000	0.0000	0.0000	0.0000	
19	148	0.6243	5	1	1	0	0	0	0	0	0	N	N	N	N	N	N	N	N	N	N	N	N	inf	inf	inf	inf	inf	inf	inf	inf	inf	2.7764	3.0186	0.3722	3.9078	4.1313	0.7296	0.0006	0.0008	0.0000	0.0000	0.0000	0.0000	0.0000	0.0000	0.0000	0.0000	0.0000	0.0000	0.0124	-0.1471	0.0000	3.0000	3.4778	0.0000	1.2917	0.5933	0.5861	0.0073	0.5933	0.5860	0.0073	0.0000	0.0000	0.0000	0.0000	0.0000	0.0000	0.0000	0.0000	0.0000	0.0000	0.0000	0.0000	0.2137	0.1941	0.0196	0.1518	0.1418	0.0100	0.0619	0.0523	0.0096	0.0164	0.0094	0.0070	0.0076	0.0069	0.0007	0.0088	0.0025	0.0063	inf	inf	inf	inf	inf	inf	inf	inf	inf	0.0000	0.0000	0.0000	0.0000	0.0000	0.0000	0.0000	0.0000	0.0000	
19	149	0.5739	4	1	1	0	0	0	0	0	0	N	N	N	N	N	N	N	N	N	N	N	N	inf	inf	inf	inf	inf	inf	0.0109	0.0119	0.0013	0.0180	0.0191	0.0030	0.0000	0.0000	0.0000	0.0000	0.0000	0.0000	0.0000	0.0000	0.0000	0.0000	0.0000	0.0000	0.0117	-0.0013	0.0000	3.0000	7.8050	0.0000	4.0035	0.0052	0.0051	0.0001	0.0052	0.0051	0.0001	0.0000	0.0000	0.0000	0.0000	0.0000	0.0000	0.0000	0.0000	0.0000	0.0000	0.0000	0.0000	0.4779	0.4315	0.0465	0.2888	0.2690	0.0199	0.1891	0.1625	0.0266	0.0316	0.0157	0.0159	0.0104	0.0088	0.0016	0.0213	0.0069	0.0143	inf	inf	inf	inf	inf	inf	0.0000	0.0000	0.0000	0.0000	0.0000	0.0000	0.0000	0.0000	0.0000	0.0000	0.0000	0.0000				
19	150	0.4793	4	1	1	0	0	0	0	0	0	N	N	N	N	N	N	N	N	N	N	N	N	inf	inf	inf	inf	0.0000	0.0000	0.0000	0.0001	0.0001	0.0000	0.0000	0.0000	0.0000	0.0000	0.0000	0.0000	0.0000	0.0000	0.0000	0.0000	0.0000	0.0000	0.0000	-0.0000	0.0000	3.0000	3.7255	0.0000	14.1767	0.0000	0.0000	0.0000	0.0000	0.0000	0.0000	0.0000	0.0000	0.0000	0.0000	0.0000	0.0000	0.0000	0.0000	0.0000	0.0000	0.0000	0.0000	0.2725	0.2453	0.0272	0.1759	0.1625	0.0134	0.0966	0.0828	0.0138	0.0559	0.0303	0.0256	0.0206	0.0181	0.0025	0.0353	0.0122	0.0231	inf	inf	0.0000	inf	inf	0.0000	0.0000	0.0000	0.0000	0.0000	0.0000	0.0000	0.0000	0.0000	0.0000	0.0000	0.0000	0.0000						
19	151	0.4630	3	1	1	0	0	0	0	0	0	N	N	N	N	N	N	N	N	N	N	N	N	inf	inf	inf	inf	0.0002	0.0002	0.0000	0.0000	0.0000	0.0000	0.0005	0.0006	0.0000	0.0000	0.0000	0.0000	0.0000	0.0000	0.0000	0.0000	0.0000	0.0000	0.0000	-0.0000	0.0000	3.0000	1.4205	0.0000	4.0377	0.0000	0.0000	0.0000	0.0000	0.0000	0.0000	0.0000	0.0000	0.0000	0.0000	0.0000	0.0000	0.0000	0.0000	0.0000	0.0000	0.0000	0.0000	0.1127	0.1014	0.0113	0.0720	0.0668	0.0052	0.0407	0.0346	0.0062	0.0320	0.0189	0.0131	0.0131	0.0122	0.0010	0.0188	0.0067	0.0122	inf	inf	0.0000	0.0000	0.0000	0.0000	inf	inf	0.0000	0.0000	0.0000	0.0000	0.0000	0.0000	0.0000	0.0000	0.0000	0.0000						
20	21	0.0769	4	0	1	0	1	0	0	0	0	N	N	N	N	N	N	N	N	N	N	N	N	0.0000	0.0000	0.0000	0.0000	0.0000	0.0000	0.0000	0.0000	0.0000	0.0000	0.0000	0.0000	0.0000	0.0000	0.0000	0.0000	0.0000	0.0000	0.0000	0.0000	0.0000	2.0045	1.0000	0.0106	0.0000	0.0000	0.0000	0.0000	0.0000	0.0000	0.0000	0.0000	0.0000	0.0000	0.0000	0.0000	0.0000	0.0000	0.0000	0.0000	0.0000	0.0000	0.0000	0.0000	0.0000	0.0000	0.0000	0.0000	0.0000	0.0000	0.0000	0.0044	0.0013	0.0031	0.0000	0.0000	0.0000	0.0044	0.0013	0.0031	0.0000	0.0000	0.0000	0.0000	0.0000	0.0000	0.0000	0.0000	0.0000	0.0000	0.0000	0.0000	0.0000	0.0000	0.0000	0.0000	0.0000	0.0000											
20	22	0.0477	3	0	1	0	1	0	0	0	0	N	N	N	N	N	N	N	N	N	N	N	N	0.0000	0.0000	0.0000	0.0000	0.0000	0.0000	0.0000	0.0000	0.0000	0.0000	0.0000	0.0000	0.0000	0.0000	0.0000	0.0000	0.0000	0.0000	0.0000	0.0000	0.0000	1.9989	1.0000	1.0099	0.0000	0.0000	0.0000	0.0000	0.0000	0.0000	0.0000	0.0000	0.0000	0.0000	0.0000	0.0000	0.0000	0.0000	0.0000	0.0000	0.0000	0.0000	0.0000	0.0000	0.0000	0.0000	0.0000	0.0000	0.0000	0.0000	0.0000	0.0091	0.0033	0.0058	0.0000	0.0000	0.0000	0.0091	0.0033	0.0058	0.0000	0.0000	0.0000	0.0000	0.0000	0.0000	0.0000	0.0000	0.0000	0.0000	0.0000	0.0000	0.0000	0.0000	0.0000	0.0000	0.0000	0.0000											
20	23	0.6266	8	0	2	0	1	0	0	0	0	N	Y	N	N	N	N	N	N	N	N	N	N	0.0000	0.0000	0.0000	0.0000	0.0000	0.0000	0.0000	0.0000	0.0000	0.0000	0.0000	0.0000	0.0000	0.0000	0.0000	0.0000	0.0000	0.0000	0.0000	0.0000	0.0000	0.0000	1.0000	1.0024	0.0000	0.0000	0.0000	0.0000	0.0000	0.0000	0.0000	0.0000	0.0000	0.0000	0.0000	0.0000	0.0000	0.0000	0.0000	0.0000	0.0000	0.0000	0.0000	0.0000	0.0000	0.0000	0.0000	0.0000	0.0000	0.0000	0.0000	0.0089	0.0057	0.0032	0.0067	0.0052	0.0015	0.0022	0.0004	0.0018	0.0000	0.0000	0.0000	0.0000	0.0000	0.0000	0.0000	0.0000	0.0000	0.0000	0.0000	0.0000	0.0000	0.0000	0.0000	0.0000	0.0000	0.0000											
20	25	0.6584	8	0	2	0	0	0	0	0	0	N	Y	N	N	N	N	N	N	N	N	N	N	0.0000	0.0000	0.0000	0.0000	0.0000	0.0000	0.0000	0.0000	0.0000	0.0000	0.0000	0.0000	0.0000	0.0000	0.0000	0.0000	0.0000	0.0000	0.0000	0.0000	0.0000	0.9998	1.0000	0.0242	0.0000	0.0000	0.0000	0.0000	0.0000	0.0000	0.0000	0.0000	0.0000	0.0000	0.0000	0.0000	0.0000	0.0000	0.0000	0.0000	0.0000	0.0000	0.0000	0.0000	0.0000	0.0000	0.0000	0.0000	0.0000	0.0000	0.0000	0.0022	0.0015	0.0007	0.0014	0.0013	0.0001	0.0008	0.0002	0.0006	0.0000	0.0000	0.0000	0.0000	0.0000	0.0000	0.0000	0.0000	0.0000	0.0000	0.0000	0.0000	0.0000	0.0000	0.0000	0.0000	0.0000	0.0000											
20	26	0.6961	11	0	2	0	1	0	0	0	0	N	Y	N	N	N	N	N	N	N	N	N	N	0.0000	0.0000	0.0000	0.0000	0.0000	0.0000	0.0000	0.0000	0.0000	0.0000	0.0000	0.0000	0.0000	0.0000	0.0000	0.0000	0.0000	0.0000	0.0000	0.0000	0.0000	0.0000	1.0000	0.0000	0.0000	0.0000	0.0000	0.0000	0.0000	0.0000	0.0000	0.0000	0.0000	0.0000	0.0000	0.0000	0.0000	0.0000	0.0000	0.0000	0.0000	0.0000	0.0000	0.0000	0.0000	0.0000	0.0000	0.0000	0.0000	0.0000	0.0000	0.0000	0.0000	0.0000	0.0000	0.0000	0.0000	0.0000	0.0000	0.0000	0.0000	0.0000	0.0000	0.0000	0.0000	0.0000	0.0000	0.0000	0.0000	0.0000	0.0000	0.0000	0.0000	0.0000	0.0000	0.0000	0.0000	0.0000											
20	27	0.0746	3	1	2	0	0	0	0	0	0	N	Y	N	N	N	N	N	N	N	N	N	N	0.0000	0.0000	0.0000	0.0000	0.0000	0.0000	0.0000	0.0000	0.0000	0.0000	0.0000	0.0000	0.0000	0.0000	0.0000	0.0000	0.0000	0.0000	0.0000	0.0000	0.0000	0.0418	1.0000	6.1659	0.0000	0.0000	0.0000	0.0000	0.0000	0.0000	0.0000	0.0000	0.0000	0.0000	0.0000	0.0000	0.0000	0.0000	0.0000	0.0000	0.0000	0.0000	0.0000	0.0000	0.0000	0.0000	0.0000	0.0000	0.0000	0.0000	0.0000	0.0143	0.0056	0.0087	0.0014	0.0013	0.0001	0.0129	0.0043	0.0086	0.0000	0.0000	0.0000	0.0000	0.0000	0.0000	0.0000	0.0000	0.0000	0.0000	0.0000	0.0000	0.0000	0.0000	0.0000	0.0000	0.0000	0.0000											
20	28	0.0815	6	0	1	0	1	0	0	0	0	N	N	N	N	N	N	N	N	N	N	N	N	0.0000	0.0000	0.0000	0.0000	0.0000	0.0000	0.0000	0.0000	0.0000	0.0000	0.0000	0.0000	0.0000	0.0000	0.0000	0.0000	0.0000	0.0000	0.0000	0.0000	0.0000	1.5398	1.0000	1.0296	0.0000	0.0000	0.0000	0.0000	0.0000	0.0000	0.0000	0.0000	0.0000	0.0000	0.0000	0.0000	0.0000	0.0000	0.0000	0.0000	0.0000	0.0000	0.0000	0.0000	0.0000	0.0000	0.0000	0.0000	0.0000	0.0000	0.0000	0.0066	0.0024	0.0041	0.0003	0.0003	0.0000	0.0063	0.0022	0.0041	0.0000	0.0000	0.0000	0.0000	0.0000	0.0000	0.0000	0.0000	0.0000	0.0000	0.0000	0.0000	0.0000	0.0000	0.0000	0.0000	0.0000	0.0000											
20	29	0.0764	5	0	1	0	1	0	0	0	0	N	N	N	N	N	N	N	N	N	N	N	N	0.0000	0.0000	0.0000	0.0000	0.0000	0.0000	0.0000	0.0000	0.0000	0.0000	0.0000	0.0000	0.0000	0.0000	0.0000	0.0000	0.0000	0.0000	0.0000	0.0000	0.0000	0.8816	1.0000	0.0702	0.0000	0.0000	0.0000	0.0000	0.0000	0.0000	0.0000	0.0000	0.0000	0.0000	0.0000	0.0000	0.0000	0.0000	0.0000	0.0000	0.0000	0.0000	0.0000	0.0000	0.0000	0.0000	0.0000	0.0000	0.0000	0.0000	0.0000	0.0027	0.0011	0.0017	0.0002	0.0002	0.0000	0.0025	0.0009	0.0016	0.0000	0.0000	0.0000	0.0000	0.0000	0.0000	0.0000	0.0000	0.0000	0.0000	0.0000	0.0000	0.0000	0.0000	0.0000	0.0000	0.0000	0.0000											
20	30	0.6420	9	0	1	0	1	0	0	0	0	N	N	N	N	N	N	N	N	N	N	N	N	0.0000	0.0000	0.0000	0.0000	0.0000	0.0000	0.0000	0.0000	0.0000	0.0000	0.0000	0.0000	0.0000	0.0000	0.0000	0.0000	0.0000	0.0000	0.0000	0.0000	0.0000	0.0000	1.0000	0.0000	0.0000	0.0000	0.0000	0.0000	0.0000	0.0000	0.0000	0.0000	0.0000	0.0000	0.0000	0.0000	0.0000	0.0000	0.0000	0.0000	0.0000	0.0000	0.0000	0.0000	0.0000	0.0000	0.0000	0.0000	0.0000	0.0000	0.0000	0.0000	0.0000	0.0000	0.0000	0.0000	0.0000	0.0000	0.0000	0.0000	0.0000	0.0000	0.0000	0.0000	0.0000	0.0000	0.0000	0.0000	0.0000	0.0000	0.0000	0.0000	0.0000	0.0000	0.0000	0.0000	0.0000	0.0000											
20	31	0.6488	7	1	1	1	0	0	0	0	0	N	N	N	N	N	N	N	N	N	N	N	N	0.0000	0.0000	0.0000	0.0000	0.0000	0.0000	0.0000	0.0000	0.0000	0.0000	0.0000	0.0000	0.0000	0.0000	0.0000	0.0000	0.0000	0.0000	0.0000	0.0000	0.0000	0.0000	1.0000	0.0000	0.0000	0.0000	0.0000	0.0000	0.0000	0.0000	0.0000	0.0000	0.0000	0.0000	0.0000	0.0000	0.0000	0.0000	0.0000	0.0000	0.0000	0.0000	0.0000	0.0000	0.0000	0.0000	0.0000	0.0000	0.0000	0.0000	0.0000	0.0000	0.0000	0.0000	0.0000	0.0000	0.0000	0.0000	0.0000	0.0000	0.0000	0.0000	0.0000	0.0000	0.0000	0.0000	0.0000	0.0000	0.0000	0.0000	0.0000	0.0000	0.0000	0.0000	0.0000	0.0000	0.0000	0.0000											
20	32	0.5846	5	0	2	0	0	0	0	0	0	N	Y	N	N	N	N	N	N	N	N	N	N	0.0000	0.0000	0.0000	0.0000	0.0000	0.0000	0.0000	0.0000	0.0000	0.0000	0.0000	0.0000	0.0000	0.0000	0.0000	0.0000	0.0000	0.0000	0.0000	0.0000	0.0000	0.0006	1.0000	3.0000	0.0000	0.0000	0.0000	0.0000	0.0000	0.0000	0.0000	0.0000	0.0000	0.0000	0.0000	0.0000	0.0000	0.0000	0.0000	0.0000	0.0000	0.0000	0.0000	0.0000	0.0000	0.0000	0.0000	0.0000	0.0000	0.0000	0.0000	0.0053	0.0030	0.0023	0.0023	0.0020	0.0003	0.0030	0.0010	0.0020	0.0000	0.0000	0.0000	0.0000	0.0000	0.0000	0.0000	0.0000	0.0000	0.0000	0.0000	0.0000	0.0000	0.0000	0.0000	0.0000	0.0000	0.0000											
20	33	0.5846	5	0	2	0	0	0	0	0	0	N	Y	N	N	N	N	N	N	N	N	N	N	0.0000	0.0000	0.0000	0.0000	0.0000	0.0000	0.0000	0.0000	0.0000	0.0000	0.0000	0.0000	0.0000	0.0000	0.0000	0.0000	0.0000	0.0000	0.0000	0.0000	0.0000	2.0006	1.0000	8.0000	0.0000	0.0000	0.0000	0.0000	0.0000	0.0000	0.0000	0.0000	0.0000	0.0000	0.0000	0.0000	0.0000	0.0000	0.0000	0.0000	0.0000	0.0000	0.0000	0.0000	0.0000	0.0000	0.0000	0.0000	0.0000	0.0000	0.0000	0.0162	0.0092	0.0070	0.0073	0.0063	0.0010	0.0089	0.0029	0.0060	0.0000	0.0000	0.0000	0.0000	0.0000	0.0000	0.0000	0.0000	0.0000	0.0000	0.0000	0.0000	0.0000	0.0000	0.0000	0.0000	0.0000	0.0000											
20	34	0.6259	6	1	2	0	0	0	0	0	0	N	Y	N	N	N	N	N	N	N	N	N	N	0.0000	0.0000	0.0000	0.0000	0.0000	0.0000	0.0000	0.0000	0.0000	0.0000	0.0000	0.0000	0.0000	0.0000	0.0000	0.0000	0.0000	0.0000	0.0000	0.0000	0.0000	10.0001	1.0000	4.0001	0.0000	0.0000	0.0000	0.0000	0.0000	0.0000	0.0000	0.0000	0.0000	0.0000	0.0000	0.0000	0.0000	0.0000	0.0000	0.0000	0.0000	0.0000	0.0000	0.0000	0.0000	0.0000	0.0000	0.0000	0.0000	0.0000	0.0000	0.0179	0.0111	0.0068	0.0101	0.0087	0.0014	0.0078	0.0024	0.0054	0.0000	0.0000	0.0000	0.0000	0.0000	0.0000	0.0000	0.0000	0.0000	0.0000	0.0000	0.0000	0.0000	0.0000	0.0000	0.0000	0.0000	0.0000											
20	35	0.5846	5	0	2	0	0	0	0	0	0	N	Y	N	N	N	N	N	N	N	N	N	N	0.0000	0.0000	0.0000	0.0000	0.0000	0.0000	0.0000	0.0000	0.0000	0.0000	0.0000	0.0000	0.0000	0.0000	0.0000	0.0000	0.0000	0.0000	0.0000	0.0000	0.0000	3.0004	1.0000	2.0000	0.0000	0.0000	0.0000	0.0000	0.0000	0.0000	0.0000	0.0000	0.0000	0.0000	0.0000	0.0000	0.0000	0.0000	0.0000	0.0000	0.0000	0.0000	0.0000	0.0000	0.0000	0.0000	0.0000	0.0000	0.0000	0.0000	0.0000	0.0086	0.0048	0.0037	0.0038	0.0033	0.0005	0.0048	0.0016	0.0032	0.0000	0.0000	0.0000	0.0000	0.0000	0.0000	0.0000	0.0000	0.0000	0.0000	0.0000	0.0000	0.0000	0.0000	0.0000	0.0000	0.0000	0.0000											
20	36	0.0285	2	0	2	0	0	0	0	0	0	N	Y	N	N	N	N	N	N	N	N	N	N	0.0000	0.0000	0.0000	0.0000	0.0000	0.0000	0.0000	0.0000	0.0000	0.0000	0.0000	0.0000	0.0000	0.0000	0.0000	0.0000	0.0000	0.0000	0.0000	0.0000	0.0000	3.0000	1.0000	3.0000	0.0000	0.0000	0.0000	0.0000	0.0000	0.0000	0.0000	0.0000	0.0000	0.0000	0.0000	0.0000	0.0000	0.0000	0.0000	0.0000	0.0000	0.0000	0.0000	0.0000	0.0000	0.0000	0.0000	0.0000	0.0000	0.0000	0.0000	0.0107	0.0035	0.0072	0.0000	0.0000	0.0000	0.0107	0.0035	0.0072	0.0000	0.0000	0.0000	0.0000	0.0000	0.0000	0.0000	0.0000	0.0000	0.0000	0.0000	0.0000	0.0000	0.0000	0.0000	0.0000	0.0000	0.0000											
20	37	0.6148	6	1	2	0	0	0	0	0	0	N	Y	N	N	N	N	N	N	N	N	N	N	0.0000	0.0000	0.0000	0.0000	0.0000	0.0000	0.0000	0.0000	0.0000	0.0000	0.0000	0.0000	0.0000	0.0000	0.0000	0.0000	0.0000	0.0000	0.0000	0.0000	0.0000	4.2779	1.0000	3.9542	0.0000	0.0000	0.0000	0.0000	0.0000	0.0000	0.0000	0.0000	0.0000	0.0000	0.0000	0.0000	0.0000	0.0000	0.0000	0.0000	0.0000	0.0000	0.0000	0.0000	0.0000	0.0000	0.0000	0.0000	0.0000	0.0000	0.0000	0.0127	0.0074	0.0053	0.0061	0.0052	0.0009	0.0066	0.0022	0.0045	0.0000	0.0000	0.0000	0.0000	0.0000	0.0000	0.0000	0.0000	0.0000	0.0000	0.0000	0.0000	0.0000	0.0000	0.0000	0.0000	0.0000	0.0000											
20	38	0.0951	6	1	2	0	0	0	0	0	0	N	Y	N	N	N	N	N	N	N	N	N	N	0.0000	0.0000	0.0000	0.0000	0.0000	0.0000	0.0000	0.0000	0.0000	0.0000	0.0000	0.0000	0.0000	0.0000	0.0000	0.0000	0.0000	0.0000	0.0000	0.0000	0.0000	2.8243	1.0000	1.0201	0.0000	0.0000	0.0000	0.0000	0.0000	0.0000	0.0000	0.0000	0.0000	0.0000	0.0000	0.0000	0.0000	0.0000	0.0000	0.0000	0.0000	0.0000	0.0000	0.0000	0.0000	0.0000	0.0000	0.0000	0.0000	0.0000	0.0000	0.0101	0.0038	0.0063	0.0005	0.0004	0.0001	0.0096	0.0033	0.0062	0.0000	0.0000	0.0000	0.0000	0.0000	0.0000	0.0000	0.0000	0.0000	0.0000	0.0000	0.0000	0.0000	0.0000	0.0000	0.0000	0.0000	0.0000											
20	39	0.6259	6	0	2	0	0	0	0	0	0	N	Y	N	N	N	N	N	N	N	N	N	N	0.0000	0.0000	0.0000	0.0000	0.0000	0.0000	0.0000	0.0000	0.0000	0.0000	0.0000	0.0000	0.0000	0.0000	0.0000	0.0000	0.0000	0.0000	0.0000	0.0000	0.0000	5.0001	1.0000	5.0000	0.0000	0.0000	0.0000	0.0000	0.0000	0.0000	0.0000	0.0000	0.0000	0.0000	0.0000	0.0000	0.0000	0.0000	0.0000	0.0000	0.0000	0.0000	0.0000	0.0000	0.0000	0.0000	0.0000	0.0000	0.0000	0.0000	0.0000	0.0132	0.0082	0.0051	0.0074	0.0064	0.0010	0.0058	0.0018	0.0040	0.0000	0.0000	0.0000	0.0000	0.0000	0.0000	0.0000	0.0000	0.0000	0.0000	0.0000	0.0000	0.0000	0.0000	0.0000	0.0000	0.0000	0.0000											
20	41	0.6259	6	0	2	0	0	0	0	0	0	N	Y	N	N	N	N	N	N	N	N	N	N	0.0000	0.0000	0.0000	0.0000	0.0000	0.0000	0.0000	0.0000	0.0000	0.0000	0.0000	0.0000	0.0000	0.0000	0.0000	0.0000	0.0000	0.0000	0.0000	0.0000	0.0000	5.9998	1.0000	3.0000	0.0000	0.0000	0.0000	0.0000	0.0000	0.0000	0.0000	0.0000	0.0000	0.0000	0.0000	0.0000	0.0000	0.0000	0.0000	0.0000	0.0000	0.0000	0.0000	0.0000	0.0000	0.0000	0.0000	0.0000	0.0000	0.0000	0.0000	0.0120	0.0074	0.0046	0.0068	0.0058	0.0009	0.0053	0.0016	0.0037	0.0000	0.0000	0.0000	0.0000	0.0000	0.0000	0.0000	0.0000	0.0000	0.0000	0.0000	0.0000	0.0000	0.0000	0.0000	0.0000	0.0000	0.0000											
20	42	0.1170	7	0	2	1	1	0	0	0	0	N	Y	N	N	N	N	N	N	N	N	N	N	0.0000	0.0000	0.0000	0.0000	0.0000	0.0000	0.0000	0.0000	0.0000	0.0000	0.0000	0.0000	0.0000	0.0000	0.0000	0.0000	0.0000	0.0000	0.0000	0.0000	0.0000	0.0011	1.0000	1.0134	0.0000	0.0000	0.0000	0.0000	0.0000	0.0000	0.0000	0.0000	0.0000	0.0000	0.0000	0.0000	0.0000	0.0000	0.0000	0.0000	0.0000	0.0000	0.0000	0.0000	0.0000	0.0000	0.0000	0.0000	0.0000	0.0000	0.0000	0.0027	0.0011	0.0016	0.0002	0.0002	0.0000	0.0025	0.0009	0.0016	0.0000	0.0000	0.0000	0.0000	0.0000	0.0000	0.0000	0.0000	0.0000	0.0000	0.0000	0.0000	0.0000	0.0000	0.0000	0.0000	0.0000	0.0000											
20	43	0.0951	6	0	1	0	1	0	0	0	0	N	N	N	N	N	N	N	N	N	N	N	N	0.0000	0.0000	0.0000	0.0000	0.0000	0.0000	0.0000	0.0000	0.0000	0.0000	0.0000	0.0000	0.0000	0.0000	0.0000	0.0000	0.0000	0.0000	0.0000	0.0000	0.0000	2.8187	1.0000	0.0347	0.0000	0.0000	0.0000	0.0000	0.0000	0.0000	0.0000	0.0000	0.0000	0.0000	0.0000	0.0000	0.0000	0.0000	0.0000	0.0000	0.0000	0.0000	0.0000	0.0000	0.0000	0.0000	0.0000	0.0000	0.0000	0.0000	0.0000	0.0077	0.0029	0.0048	0.0004	0.0003	0.0001	0.0073	0.0025	0.0047	0.0000	0.0000	0.0000	0.0000	0.0000	0.0000	0.0000	0.0000	0.0000	0.0000	0.0000	0.0000	0.0000	0.0000	0.0000	0.0000	0.0000	0.0000											
20	44	0.0824	5	0	1	0	0	0	0	0	0	N	N	N	N	N	N	N	N	N	N	N	N	0.0000	0.0000	0.0000	0.0000	0.0000	0.0000	0.0000	0.0000	0.0000	0.0000	0.0000	0.0000	0.0000	0.0000	0.0000	0.0000	0.0000	0.0000	0.0000	0.0000	0.0000	0.9605	1.0000	1.0076	0.0000	0.0000	0.0000	0.0000	0.0000	0.0000	0.0000	0.0000	0.0000	0.0000	0.0000	0.0000	0.0000	0.0000	0.0000	0.0000	0.0000	0.0000	0.0000	0.0000	0.0000	0.0000	0.0000	0.0000	0.0000	0.0000	0.0000	0.0051	0.0019	0.0032	0.0001	0.0001	0.0000	0.0050	0.0018	0.0032	0.0000	0.0000	0.0000	0.0000	0.0000	0.0000	0.0000	0.0000	0.0000	0.0000	0.0000	0.0000	0.0000	0.0000	0.0000	0.0000	0.0000	0.0000											
20	45	0.6378	8	0	2	1	1	0	0	0	0	N	Y	N	N	N	N	N	N	N	N	N	N	0.0000	0.0000	0.0000	0.0000	0.0000	0.0000	0.0000	0.0000	0.0000	0.0000	0.0000	0.0000	0.0000	0.0000	0.0000	0.0000	0.0000	0.0000	0.0000	0.0000	0.0000	1.0000	1.0000	1.0000	0.0000	0.0000	0.0000	0.0000	0.0000	0.0000	0.0000	0.0000	0.0000	0.0000	0.0000	0.0000	0.0000	0.0000	0.0000	0.0000	0.0000	0.0000	0.0000	0.0000	0.0000	0.0000	0.0000	0.0000	0.0000	0.0000	0.0000	0.0033	0.0019	0.0014	0.0016	0.0014	0.0002	0.0017	0.0006	0.0011	0.0000	0.0000	0.0000	0.0000	0.0000	0.0000	0.0000	0.0000	0.0000	0.0000	0.0000	0.0000	0.0000	0.0000	0.0000	0.0000	0.0000	0.0000											
20	46	0.0285	2	0	2	0	0	0	0	0	0	N	Y	N	N	N	N	N	N	N	N	N	N	0.0000	0.0000	0.0000	0.0000	0.0000	0.0000	0.0000	0.0000	0.0000	0.0000	0.0000	0.0000	0.0000	0.0000	0.0000	0.0000	0.0000	0.0000	0.0000	0.0000	0.0000	0.0000	1.0000	0.0000	0.0000	0.0000	0.0000	0.0000	0.0000	0.0000	0.0000	0.0000	0.0000	0.0000	0.0000	0.0000	0.0000	0.0000	0.0000	0.0000	0.0000	0.0000	0.0000	0.0000	0.0000	0.0000	0.0000	0.0000	0.0000	0.0000	0.0000	0.0000	0.0000	0.0000	0.0000	0.0000	0.0000	0.0000	0.0000	0.0000	0.0000	0.0000	0.0000	0.0000	0.0000	0.0000	0.0000	0.0000	0.0000	0.0000	0.0000	0.0000	0.0000	0.0000	0.0000	0.0000	0.0000	0.0000											
20	47	0.0824	5	0	2	0	1	0	0	0	0	N	Y	N	N	N	N	N	N	N	N	N	N	0.0000	0.0000	0.0000	0.0000	0.0000	0.0000	0.0000	0.0000	0.0000	0.0000	0.0000	0.0000	0.0000	0.0000	0.0000	0.0000	0.0000	0.0000	0.0000	0.0000	0.0000	0.0000	1.0000	1.0000	0.0000	0.0000	0.0000	0.0000	0.0000	0.0000	0.0000	0.0000	0.0000	0.0000	0.0000	0.0000	0.0000	0.0000	0.0000	0.0000	0.0000	0.0000	0.0000	0.0000	0.0000	0.0000	0.0000	0.0000	0.0000	0.0000	0.0000	0.0027	0.0011	0.0017	0.0001	0.0001	0.0000	0.0026	0.0009	0.0017	0.0000	0.0000	0.0000	0.0000	0.0000	0.0000	0.0000	0.0000	0.0000	0.0000	0.0000	0.0000	0.0000	0.0000	0.0000	0.0000	0.0000	0.0000											
20	48	0.0285	2	1	2	0	0	0	0	0	0	N	Y	N	N	N	N	N	N	N	N	N	N	0.0000	0.0000	0.0000	0.0000	0.0000	0.0000	0.0000	0.0000	0.0000	0.0000	0.0000	0.0000	0.0000	0.0000	0.0000	0.0000	0.0000	0.0000	0.0000	0.0000	0.0000	0.0000	1.0000	4.0000	0.0000	0.0000	0.0000	0.0000	0.0000	0.0000	0.0000	0.0000	0.0000	0.0000	0.0000	0.0000	0.0000	0.0000	0.0000	0.0000	0.0000	0.0000	0.0000	0.0000	0.0000	0.0000	0.0000	0.0000	0.0000	0.0000	0.0000	0.0074	0.0024	0.0050	0.0000	0.0000	0.0000	0.0074	0.0024	0.0050	0.0000	0.0000	0.0000	0.0000	0.0000	0.0000	0.0000	0.0000	0.0000	0.0000	0.0000	0.0000	0.0000	0.0000	0.0000	0.0000	0.0000	0.0000											
20	49	0.1032	6	0	1	1	0	0	0	0	0	N	N	N	N	N	N	N	N	N	N	N	N	0.0000	0.0000	0.0000	0.0000	0.0000	0.0000	0.0000	0.0000	0.0000	0.0000	0.0000	0.0000	0.0000	0.0000	0.0000	0.0000	0.0000	0.0000	0.0000	0.0000	0.0000	0.0000	1.0000	0.0000	0.0000	0.0000	0.0000	0.0000	0.0000	0.0000	0.0000	0.0000	0.0000	0.0000	0.0000	0.0000	0.0000	0.0000	0.0000	0.0000	0.0000	0.0000	0.0000	0.0000	0.0000	0.0000	0.0000	0.0000	0.0000	0.0000	0.0000	0.0000	0.0000	0.0000	0.0000	0.0000	0.0000	0.0000	0.0000	0.0000	0.0000	0.0000	0.0000	0.0000	0.0000	0.0000	0.0000	0.0000	0.0000	0.0000	0.0000	0.0000	0.0000	0.0000	0.0000	0.0000	0.0000	0.0000											
20	50	0.6468	7	0	1	1	0	0	0	0	0	N	N	N	N	N	N	N	N	N	N	N	N	0.0000	0.0000	0.0000	0.0000	0.0000	0.0000	0.0000	0.0000	0.0000	0.0000	0.0000	0.0000	0.0000	0.0000	0.0000	0.0000	0.0000	0.0000	0.0000	0.0000	0.0000	1.0000	1.0000	1.0000	0.0000	0.0000	0.0000	0.0000	0.0000	0.0000	0.0000	0.0000	0.0000	0.0000	0.0000	0.0000	0.0000	0.0000	0.0000	0.0000	0.0000	0.0000	0.0000	0.0000	0.0000	0.0000	0.0000	0.0000	0.0000	0.0000	0.0000	0.0033	0.0018	0.0015	0.0015	0.0013	0.0002	0.0018	0.0005	0.0012	0.0000	0.0000	0.0000	0.0000	0.0000	0.0000	0.0000	0.0000	0.0000	0.0000	0.0000	0.0000	0.0000	0.0000	0.0000	0.0000	0.0000	0.0000											
20	51	0.6514	7	0	2	0	0	0	0	0	0	N	Y	N	N	N	N	N	N	N	N	N	N	0.0000	0.0000	0.0000	0.0000	0.0000	0.0000	0.0000	0.0000	0.0000	0.0000	0.0000	0.0000	0.0000	0.0000	0.0000	0.0000	0.0000	0.0000	0.0000	0.0000	0.0000	0.0003	1.0000	0.9690	0.0000	0.0000	0.0000	0.0000	0.0000	0.0000	0.0000	0.0000	0.0000	0.0000	0.0000	0.0000	0.0000	0.0000	0.0000	0.0000	0.0000	0.0000	0.0000	0.0000	0.0000	0.0000	0.0000	0.0000	0.0000	0.0000	0.0000	0.0033	0.0024	0.0009	0.0022	0.0020	0.0002	0.0011	0.0004	0.0006	0.0000	0.0000	0.0000	0.0000	0.0000	0.0000	0.0000	0.0000	0.0000	0.0000	0.0000	0.0000	0.0000	0.0000	0.0000	0.0000	0.0000	0.0000											
20	52	0.1065	6	0	2	0	0	0	0	0	0	N	Y	N	N	N	N	N	N	N	N	N	N	0.0000	0.0000	0.0000	0.0000	0.0000	0.0000	0.0000	0.0000	0.0000	0.0000	0.0000	0.0000	0.0000	0.0000	0.0000	0.0000	0.0000	0.0000	0.0000	0.0000	0.0000	0.9211	1.0000	0.1671	0.0000	0.0000	0.0000	0.0000	0.0000	0.0000	0.0000	0.0000	0.0000	0.0000	0.0000	0.0000	0.0000	0.0000	0.0000	0.0000	0.0000	0.0000	0.0000	0.0000	0.0000	0.0000	0.0000	0.0000	0.0000	0.0000	0.0000	0.0048	0.0026	0.0022	0.0014	0.0013	0.0001	0.0034	0.0013	0.0021	0.0000	0.0000	0.0000	0.0000	0.0000	0.0000	0.0000	0.0000	0.0000	0.0000	0.0000	0.0000	0.0000	0.0000	0.0000	0.0000	0.0000	0.0000											
20	53	0.6378	8	0	2	0	0	0	0	0	0	N	Y	N	N	N	N	N	N	N	N	N	N	0.0000	0.0000	0.0000	0.0000	0.0000	0.0000	0.0000	0.0000	0.0000	0.0000	0.0000	0.0000	0.0000	0.0000	0.0000	0.0000	0.0000	0.0000	0.0000	0.0000	0.0000	1.0000	1.0000	5.0000	0.0000	0.0000	0.0000	0.0000	0.0000	0.0000	0.0000	0.0000	0.0000	0.0000	0.0000	0.0000	0.0000	0.0000	0.0000	0.0000	0.0000	0.0000	0.0000	0.0000	0.0000	0.0000	0.0000	0.0000	0.0000	0.0000	0.0000	0.0094	0.0055	0.0039	0.0046	0.0039	0.0006	0.0048	0.0016	0.0032	0.0000	0.0000	0.0000	0.0000	0.0000	0.0000	0.0000	0.0000	0.0000	0.0000	0.0000	0.0000	0.0000	0.0000	0.0000	0.0000	0.0000	0.0000											
20	54	0.6226	7	0	1	0	0	0	0	0	0	N	N	N	N	N	N	N	N	N	N	N	N	0.0000	0.0000	0.0000	0.0000	0.0000	0.0000	0.0000	0.0000	0.0000	0.0000	0.0000	0.0000	0.0000	0.0000	0.0000	0.0000	0.0000	0.0000	0.0000	0.0000	0.0000	0.0000	1.0000	2.9157	0.0000	0.0000	0.0000	0.0000	0.0000	0.0000	0.0000	0.0000	0.0000	0.0000	0.0000	0.0000	0.0000	0.0000	0.0000	0.0000	0.0000	0.0000	0.0000	0.0000	0.0000	0.0000	0.0000	0.0000	0.0000	0.0000	0.0000	0.0060	0.0034	0.0026	0.0029	0.0026	0.0003	0.0031	0.0009	0.0023	0.0000	0.0000	0.0000	0.0000	0.0000	0.0000	0.0000	0.0000	0.0000	0.0000	0.0000	0.0000	0.0000	0.0000	0.0000	0.0000	0.0000	0.0000											
20	55	0.0824	5	0	2	0	0	0	0	0	0	N	Y	N	N	N	N	N	N	N	N	N	N	0.0000	0.0000	0.0000	0.0000	0.0000	0.0000	0.0000	0.0000	0.0000	0.0000	0.0000	0.0000	0.0000	0.0000	0.0000	0.0000	0.0000	0.0000	0.0000	0.0000	0.0000	2.0000	1.0000	3.0000	0.0000	0.0000	0.0000	0.0000	0.0000	0.0000	0.0000	0.0000	0.0000	0.0000	0.0000	0.0000	0.0000	0.0000	0.0000	0.0000	0.0000	0.0000	0.0000	0.0000	0.0000	0.0000	0.0000	0.0000	0.0000	0.0000	0.0000	0.0121	0.0044	0.0077	0.0002	0.0002	0.0000	0.0119	0.0042	0.0077	0.0000	0.0000	0.0000	0.0000	0.0000	0.0000	0.0000	0.0000	0.0000	0.0000	0.0000	0.0000	0.0000	0.0000	0.0000	0.0000	0.0000	0.0000											
20	56	0.6148	6	0	2	0	1	0	0	0	0	N	Y	N	N	N	N	N	N	N	N	N	N	0.0000	0.0000	0.0000	0.0000	0.0000	0.0000	0.0000	0.0000	0.0000	0.0000	0.0000	0.0000	0.0000	0.0000	0.0000	0.0000	0.0000	0.0000	0.0000	0.0000	0.0000	1.7218	1.0000	6.9557	0.0000	0.0000	0.0000	0.0000	0.0000	0.0000	0.0000	0.0000	0.0000	0.0000	0.0000	0.0000	0.0000	0.0000	0.0000	0.0000	0.0000	0.0000	0.0000	0.0000	0.0000	0.0000	0.0000	0.0000	0.0000	0.0000	0.0000	0.0134	0.0078	0.0056	0.0064	0.0055	0.0009	0.0070	0.0023	0.0047	0.0000	0.0000	0.0000	0.0000	0.0000	0.0000	0.0000	0.0000	0.0000	0.0000	0.0000	0.0000	0.0000	0.0000	0.0000	0.0000	0.0000	0.0000											
20	57	0.6259	6	1	1	1	0	0	0	0	0	N	N	N	N	N	N	N	N	N	N	N	N	0.0000	0.0000	0.0000	0.0000	0.0000	0.0000	0.0000	0.0000	0.0000	0.0000	0.0000	0.0000	0.0000	0.0000	0.0000	0.0000	0.0000	0.0000	0.0000	0.0000	0.0000	8.9999	1.0000	5.0001	0.0000	0.0000	0.0000	0.0000	0.0000	0.0000	0.0000	0.0000	0.0000	0.0000	0.0000	0.0000	0.0000	0.0000	0.0000	0.0000	0.0000	0.0000	0.0000	0.0000	0.0000	0.0000	0.0000	0.0000	0.0000	0.0000	0.0000	0.0179	0.0111	0.0068	0.0101	0.0087	0.0014	0.0078	0.0024	0.0054	0.0000	0.0000	0.0000	0.0000	0.0000	0.0000	0.0000	0.0000	0.0000	0.0000	0.0000	0.0000	0.0000	0.0000	0.0000	0.0000	0.0000	0.0000											
20	58	0.0285	2	1	1	1	0	0	0	0	0	N	N	N	N	N	N	N	N	N	N	N	N	0.0000	0.0000	0.0000	0.0000	0.0000	0.0000	0.0000	0.0000	0.0000	0.0000	0.0000	0.0000	0.0000	0.0000	0.0000	0.0000	0.0000	0.0000	0.0000	0.0000	0.0000	0.0000	1.0000	1.0000	0.0000	0.0000	0.0000	0.0000	0.0000	0.0000	0.0000	0.0000	0.0000	0.0000	0.0000	0.0000	0.0000	0.0000	0.0000	0.0000	0.0000	0.0000	0.0000	0.0000	0.0000	0.0000	0.0000	0.0000	0.0000	0.0000	0.0000	0.0020	0.0006	0.0013	0.0000	0.0000	0.0000	0.0020	0.0006	0.0013	0.0000	0.0000	0.0000	0.0000	0.0000	0.0000	0.0000	0.0000	0.0000	0.0000	0.0000	0.0000	0.0000	0.0000	0.0000	0.0000	0.0000	0.0000											
20	59	0.6514	7	0	1	1	0	0	0	0	0	N	N	N	N	N	N	N	N	N	N	N	N	0.0000	0.0000	0.0000	0.0000	0.0000	0.0000	0.0000	0.0000	0.0000	0.0000	0.0000	0.0000	0.0000	0.2301	0.3739	0.0000	0.0714	0.0693	0.0000	0.0000	0.0000	0.0000	0.0000	0.0000	-0.0000	0.0000	0.0006	1.0000	1.1867	0.0000	0.0000	0.0000	0.0000	0.0000	0.0000	0.0000	0.0000	0.0000	0.0000	0.0000	0.0000	0.0000	0.0000	0.0000	0.0000	0.0000	0.0000	0.0000	0.0000	0.0000	0.0000	0.0000	0.0000	0.0000	0.0000	0.0000	0.0036	0.0026	0.0010	0.0024	0.0021	0.0002	0.0013	0.0005	0.0008	0.0000	0.0000	0.0000	0.0000	0.0000	0.0000	0.0000	0.0000	0.0000	0.0055	0.0077	0.0000	0.0085	0.0094	0.0000	0.0000	0.0000	0.0000						
20	60	0.6148	6	0	1	0	0	0	0	0	0	N	N	N	N	N	N	N	N	N	N	N	N	0.0000	0.0000	0.0000	0.0000	0.0000	0.0000	0.0000	0.0000	0.0000	0.0000	0.0000	0.0000	0.0000	0.0000	0.0000	0.0182	0.0090	0.0021	0.0140	0.0048	0.0290	0.0000	0.0000	0.0000	1.0000	0.0000	-0.0000	0.0000	2.2785	1.0000	4.8627	0.0000	0.0000	0.0000	0.0000	0.0000	0.0000	0.0000	0.0000	0.0000	0.0000	0.0000	0.0000	0.0000	0.0000	0.0000	0.0000	0.0000	0.0000	0.0000	0.0000	0.0000	0.0000	0.0000	0.0000	0.0000	0.0000	0.0000	0.0112	0.0065	0.0047	0.0053	0.0046	0.0008	0.0058	0.0019	0.0039	0.0000	0.0000	0.0000	0.0000	0.0000	0.0000	0.0000	0.0000	0.0000	0.0018	0.0015	0.0021	0.0037	0.0022	0.0132	0.0000	0.0000	0.0000				
20	61	0.1065	6	0	1	1	0	0	0	0	0	N	N	N	N	N	N	N	N	N	N	N	N	0.0000	0.0000	0.0000	0.0000	0.0000	0.0000	0.0000	0.0000	0.0000	0.0000	0.0000	0.0000	0.0000	0.0000	0.0000	0.0000	0.0000	0.0000	0.0000	0.0000	0.0000	1.0901	1.0000	7.9319	0.0000	0.0000	0.0000	0.0000	0.0000	0.0000	0.0000	0.0000	0.0000	0.0000	0.0000	0.0000	0.0000	0.0000	0.0000	0.0000	0.0000	0.0000	0.0000	0.0000	0.0000	0.0000	0.0000	0.0000	0.0000	0.0000	0.0000	0.0228	0.0091	0.0137	0.0019	0.0017	0.0002	0.0209	0.0074	0.0135	0.0000	0.0000	0.0000	0.0000	0.0000	0.0000	0.0000	0.0000	0.0000	0.0000	0.0000	0.0000	0.0000	0.0000	0.0000	0.0000	0.0000	0.0000											
20	62	0.0764	5	0	1	0	0	0	0	0	0	N	N	N	N	N	N	N	N	N	N	N	N	0.0000	0.0000	0.0000	0.0000	0.0000	0.0000	0.0000	0.0000	0.0000	0.0000	0.0000	0.0000	0.0000	0.0000	0.0000	0.0000	0.0000	0.0000	0.0000	0.0000	0.0000	1.6797	1.0000	2.9843	0.0000	0.0000	0.0000	0.0000	0.0000	0.0000	0.0000	0.0000	0.0000	0.0000	0.0000	0.0000	0.0000	0.0000	0.0000	0.0000	0.0000	0.0000	0.0000	0.0000	0.0000	0.0000	0.0000	0.0000	0.0000	0.0000	0.0000	0.0115	0.0042	0.0073	0.0004	0.0003	0.0000	0.0111	0.0039	0.0072	0.0000	0.0000	0.0000	0.0000	0.0000	0.0000	0.0000	0.0000	0.0000	0.0000	0.0000	0.0000	0.0000	0.0000	0.0000	0.0000	0.0000	0.0000											
20	63	0.0662	4	0	1	0	0	0	0	0	0	N	N	N	N	N	N	N	N	N	N	N	N	0.0000	0.0000	0.0000	0.0000	0.0000	0.0000	0.0000	0.0000	0.0000	0.0000	0.0000	0.0000	0.0000	0.0000	0.0000	0.0000	0.0000	0.0000	0.0000	0.0000	0.0000	0.4935	1.0000	1.5835	0.0000	0.0000	0.0000	0.0000	0.0000	0.0000	0.0000	0.0000	0.0000	0.0000	0.0000	0.0000	0.0000	0.0000	0.0000	0.0000	0.0000	0.0000	0.0000	0.0000	0.0000	0.0000	0.0000	0.0000	0.0000	0.0000	0.0000	0.0052	0.0019	0.0034	0.0001	0.0001	0.0000	0.0052	0.0018	0.0034	0.0000	0.0000	0.0000	0.0000	0.0000	0.0000	0.0000	0.0000	0.0000	0.0000	0.0000	0.0000	0.0000	0.0000	0.0000	0.0000	0.0000	0.0000											
20	64	0.1032	6	0	2	0	0	0	0	0	0	N	Y	N	N	N	N	N	N	N	N	N	N	0.0000	0.0000	0.0000	0.0000	0.0000	0.0000	0.0000	0.0000	0.0000	0.0000	0.0000	0.0000	0.0000	295.4548	0.0000	461.1642	0.0000	0.0000	0.0000	304.3987	0.0000	462.5163	inf	0.0000	0.4781	0.0000	0.2944	1.0000	1.0083	0.0000	0.0000	0.0000	0.0000	0.0000	0.0000	0.0000	0.0000	0.0000	1.0000	0.0000	1.0000	0.0000	0.0000	0.0000	1.0000	0.0000	1.0000	0.0000	0.0000	0.0000	0.0000	0.0000	0.0000	0.0000	0.0000	0.0000	0.0034	0.0012	0.0022	0.0001	0.0001	0.0000	0.0033	0.0011	0.0022	0.0000	0.0000	0.0000	0.0000	0.0000	0.0000	0.0000	0.0000	0.0000	295.4548	0.0000	461.1642	0.0000	0.0000	0.0000	304.3987	0.0000	462.5163						
20	65	0.0824	5	0	1	0	0	0	0	0	0	N	N	N	N	N	N	N	N	N	N	N	N	0.0000	0.0000	0.0000	0.0000	0.0000	0.0000	0.0000	0.0000	0.0000	0.0000	0.0000	0.0000	0.0000	0.0000	0.0000	0.0000	0.0000	0.0000	0.0000	0.0000	0.0000	1.1351	1.0000	2.0429	0.0000	0.0000	0.0000	0.0000	0.0000	0.0000	0.0000	0.0000	0.0000	0.0000	0.0000	0.0000	0.0000	0.0000	0.0000	0.0000	0.0000	0.0000	0.0000	0.0000	0.0000	0.0000	0.0000	0.0000	0.0000	0.0000	0.0000	0.0080	0.0029	0.0051	0.0002	0.0002	0.0000	0.0078	0.0028	0.0051	0.0000	0.0000	0.0000	0.0000	0.0000	0.0000	0.0000	0.0000	0.0000	0.0000	0.0000	0.0000	0.0000	0.0000	0.0000	0.0000	0.0000	0.0000											
20	66	0.0662	4	0	1	0	0	0	0	0	0	N	N	N	N	N	N	N	N	N	N	N	N	0.0000	0.0000	0.0000	0.0000	0.0000	0.0000	0.0000	0.0000	0.0000	0.0000	0.0000	0.0000	0.0000	0.0000	0.0000	0.0000	0.0000	0.0000	0.0000	0.0000	0.0000	0.4912	1.0000	2.4266	0.0000	0.0000	0.0000	0.0000	0.0000	0.0000	0.0000	0.0000	0.0000	0.0000	0.0000	0.0000	0.0000	0.0000	0.0000	0.0000	0.0000	0.0000	0.0000	0.0000	0.0000	0.0000	0.0000	0.0000	0.0000	0.0000	0.0000	0.0072	0.0026	0.0047	0.0001	0.0001	0.0000	0.0071	0.0025	0.0047	0.0000	0.0000	0.0000	0.0000	0.0000	0.0000	0.0000	0.0000	0.0000	0.0000	0.0000	0.0000	0.0000	0.0000	0.0000	0.0000	0.0000	0.0000											
20	67	0.0611	3	0	1	0	0	0	0	0	0	N	N	N	N	N	N	N	N	N	N	N	N	0.0000	0.0000	0.0000	0.0000	0.0000	0.0000	0.0000	0.0000	0.0000	0.0000	0.0000	0.0000	0.0000	0.0000	0.0000	0.0000	0.0000	0.0000	0.0000	0.0000	0.0000	0.6141	1.0000	1.2701	0.0000	0.0000	0.0000	0.0000	0.0000	0.0000	0.0000	0.0000	0.0000	0.0000	0.0000	0.0000	0.0000	0.0000	0.0000	0.0000	0.0000	0.0000	0.0000	0.0000	0.0000	0.0000	0.0000	0.0000	0.0000	0.0000	0.0000	0.0049	0.0018	0.0031	0.0002	0.0002	0.0000	0.0048	0.0017	0.0031	0.0000	0.0000	0.0000	0.0000	0.0000	0.0000	0.0000	0.0000	0.0000	0.0000	0.0000	0.0000	0.0000	0.0000	0.0000	0.0000	0.0000	0.0000											
20	68	0.0285	2	1	2	1	0	0	0	0	0	N	Y	N	N	N	N	N	N	N	N	N	N	0.0000	0.0000	0.0000	0.0000	0.0000	0.0000	0.0000	0.0000	0.0000	0.0000	0.0000	0.0000	0.0000	0.0000	0.0000	0.0000	0.0000	0.0000	0.0000	0.0000	0.0000	0.0000	1.0000	0.0000	0.0000	0.0000	0.0000	0.0000	0.0000	0.0000	0.0000	0.0000	0.0000	0.0000	0.0000	0.0000	0.0000	0.0000	0.0000	0.0000	0.0000	0.0000	0.0000	0.0000	0.0000	0.0000	0.0000	0.0000	0.0000	0.0000	0.0000	0.0000	0.0000	0.0000	0.0000	0.0000	0.0000	0.0000	0.0000	0.0000	0.0000	0.0000	0.0000	0.0000	0.0000	0.0000	0.0000	0.0000	0.0000	0.0000	0.0000	0.0000	0.0000	0.0000	0.0000	0.0000	0.0000	0.0000											
20	69	0.6712	8	1	2	1	0	0	0	0	0	N	Y	N	N	N	N	N	N	N	N	N	N	0.0000	0.0000	0.0000	0.0000	0.0000	0.0000	0.0000	0.0000	0.0000	0.0000	0.0000	0.0000	0.0000	0.0000	0.0000	0.0000	0.0000	0.0000	0.0000	0.0000	0.0000	1.0000	1.0000	0.0000	0.0000	0.0000	0.0000	0.0000	0.0000	0.0000	0.0000	0.0000	0.0000	0.0000	0.0000	0.0000	0.0000	0.0000	0.0000	0.0000	0.0000	0.0000	0.0000	0.0000	0.0000	0.0000	0.0000	0.0000	0.0000	0.0000	0.0000	0.0011	0.0006	0.0005	0.0006	0.0005	0.0001	0.0004	0.0001	0.0004	0.0000	0.0000	0.0000	0.0000	0.0000	0.0000	0.0000	0.0000	0.0000	0.0000	0.0000	0.0000	0.0000	0.0000	0.0000	0.0000	0.0000	0.0000											
20	70	0.6712	8	1	2	1	0	0	0	0	0	N	Y	N	N	N	N	N	N	N	N	N	N	0.0000	0.0000	0.0000	0.0000	0.0000	0.0000	0.0000	0.0000	0.0000	0.0000	0.0000	0.0000	0.0000	0.0000	0.0000	0.0000	0.0000	0.0000	0.0000	0.0000	0.0000	0.0000	1.0000	0.0000	0.0000	0.0000	0.0000	0.0000	0.0000	0.0000	0.0000	0.0000	0.0000	0.0000	0.0000	0.0000	0.0000	0.0000	0.0000	0.0000	0.0000	0.0000	0.0000	0.0000	0.0000	0.0000	0.0000	0.0000	0.0000	0.0000	0.0000	0.0000	0.0000	0.0000	0.0000	0.0000	0.0000	0.0000	0.0000	0.0000	0.0000	0.0000	0.0000	0.0000	0.0000	0.0000	0.0000	0.0000	0.0000	0.0000	0.0000	0.0000	0.0000	0.0000	0.0000	0.0000	0.0000	0.0000											
20	71	0.6488	7	1	2	1	0	0	0	0	0	N	Y	N	N	N	N	N	N	N	N	N	N	0.0000	0.0000	0.0000	0.0000	0.0000	0.0000	0.0000	0.0000	0.0000	0.0000	0.0000	0.0000	0.0000	0.0000	0.0000	0.0000	0.0000	0.0000	0.0000	0.0000	0.0000	2.0000	1.0000	1.0000	0.0000	0.0000	0.0000	0.0000	0.0000	0.0000	0.0000	0.0000	0.0000	0.0000	0.0000	0.0000	0.0000	0.0000	0.0000	0.0000	0.0000	0.0000	0.0000	0.0000	0.0000	0.0000	0.0000	0.0000	0.0000	0.0000	0.0000	0.0032	0.0018	0.0013	0.0018	0.0015	0.0003	0.0013	0.0003	0.0011	0.0000	0.0000	0.0000	0.0000	0.0000	0.0000	0.0000	0.0000	0.0000	0.0000	0.0000	0.0000	0.0000	0.0000	0.0000	0.0000	0.0000	0.0000											
20	72	0.6259	6	1	1	1	0	0	0	0	0	N	N	N	N	N	N	N	N	N	N	N	N	0.0000	0.0000	0.0000	0.0000	0.0000	0.0000	0.0000	0.0000	0.0000	0.0000	0.0000	0.0000	0.0000	0.0000	0.0000	0.0000	0.0000	0.0000	0.0000	0.0000	0.0000	1.0017	1.0000	2.0007	0.0000	0.0000	0.0000	0.0000	0.0000	0.0000	0.0000	0.0000	0.0000	0.0000	0.0000	0.0000	0.0000	0.0000	0.0000	0.0000	0.0000	0.0000	0.0000	0.0000	0.0000	0.0000	0.0000	0.0000	0.0000	0.0000	0.0000	0.0042	0.0026	0.0016	0.0024	0.0020	0.0003	0.0019	0.0006	0.0013	0.0000	0.0000	0.0000	0.0000	0.0000	0.0000	0.0000	0.0000	0.0000	0.0000	0.0000	0.0000	0.0000	0.0000	0.0000	0.0000	0.0000	0.0000											
20	73	0.0477	3	1	2	0	0	0	0	0	0	N	Y	N	N	N	N	N	N	N	N	N	N	0.0000	0.0000	0.0000	0.0000	0.0000	0.0000	0.0000	0.0000	0.0000	0.0000	0.0000	0.0000	0.0000	0.0000	0.0000	0.0000	0.0000	0.0000	0.0000	0.0000	0.0000	0.0000	1.0000	0.0000	0.0000	0.0000	0.0000	0.0000	0.0000	0.0000	0.0000	0.0000	0.0000	0.0000	0.0000	0.0000	0.0000	0.0000	0.0000	0.0000	0.0000	0.0000	0.0000	0.0000	0.0000	0.0000	0.0000	0.0000	0.0000	0.0000	0.0000	0.0000	0.0000	0.0000	0.0000	0.0000	0.0000	0.0000	0.0000	0.0000	0.0000	0.0000	0.0000	0.0000	0.0000	0.0000	0.0000	0.0000	0.0000	0.0000	0.0000	0.0000	0.0000	0.0000	0.0000	0.0000	0.0000	0.0000											
20	74	0.6528	7	1	2	0	0	0	0	0	0	N	Y	N	N	N	N	N	N	N	N	N	N	0.0000	0.0000	0.0000	0.0000	0.0000	0.0000	0.0000	0.0000	0.0000	0.0000	0.0000	0.0000	0.0000	0.0000	0.0000	0.0000	0.0000	0.0000	0.0000	0.0000	0.0000	0.0000	1.0000	0.0010	0.0000	0.0000	0.0000	0.0000	0.0000	0.0000	0.0000	0.0000	0.0000	0.0000	0.0000	0.0000	0.0000	0.0000	0.0000	0.0000	0.0000	0.0000	0.0000	0.0000	0.0000	0.0000	0.0000	0.0000	0.0000	0.0000	0.0000	0.0008	0.0006	0.0002	0.0004	0.0004	0.0000	0.0004	0.0002	0.0002	0.0000	0.0000	0.0000	0.0000	0.0000	0.0000	0.0000	0.0000	0.0000	0.0000	0.0000	0.0000	0.0000	0.0000	0.0000	0.0000	0.0000	0.0000											
20	75	0.6420	9	0	2	0	1	0	0	0	0	N	Y	N	N	N	N	N	N	N	N	N	N	0.0000	0.0000	0.0000	0.0000	0.0000	0.0000	0.0000	0.0000	0.0000	0.0000	0.0000	0.0000	0.0000	0.0000	0.0000	0.0000	0.0000	0.0000	0.0000	0.0000	0.0000	0.0000	1.0000	0.0000	0.0000	0.0000	0.0000	0.0000	0.0000	0.0000	0.0000	0.0000	0.0000	0.0000	0.0000	0.0000	0.0000	0.0000	0.0000	0.0000	0.0000	0.0000	0.0000	0.0000	0.0000	0.0000	0.0000	0.0000	0.0000	0.0000	0.0000	0.0000	0.0000	0.0000	0.0000	0.0000	0.0000	0.0000	0.0000	0.0000	0.0000	0.0000	0.0000	0.0000	0.0000	0.0000	0.0000	0.0000	0.0000	0.0000	0.0000	0.0000	0.0000	0.0000	0.0000	0.0000	0.0000	0.0000											
20	76	0.6420	9	0	1	0	1	0	0	0	0	N	N	N	N	N	N	N	N	N	N	N	N	0.0000	0.0000	0.0000	0.0000	0.0000	0.0000	0.0000	0.0000	0.0000	0.0000	0.0000	0.0000	0.0000	0.0000	0.0000	0.0000	0.0000	0.0000	0.0000	0.0000	0.0000	0.0000	1.0000	0.0000	0.0000	0.0000	0.0000	0.0000	0.0000	0.0000	0.0000	0.0000	0.0000	0.0000	0.0000	0.0000	0.0000	0.0000	0.0000	0.0000	0.0000	0.0000	0.0000	0.0000	0.0000	0.0000	0.0000	0.0000	0.0000	0.0000	0.0000	0.0000	0.0000	0.0000	0.0000	0.0000	0.0000	0.0000	0.0000	0.0000	0.0000	0.0000	0.0000	0.0000	0.0000	0.0000	0.0000	0.0000	0.0000	0.0000	0.0000	0.0000	0.0000	0.0000	0.0000	0.0000	0.0000	0.0000											
20	77	0.6266	8	0	1	0	1	0	0	0	0	N	N	N	N	N	N	N	N	N	N	N	N	0.0000	0.0000	0.0000	0.0000	0.0000	0.0000	0.0000	0.0000	0.0000	0.0000	0.0000	0.0000	0.0000	0.0000	0.0000	0.0000	0.0000	0.0000	0.0000	0.0000	0.0000	0.0002	1.0000	2.9297	0.0000	0.0000	0.0000	0.0000	0.0000	0.0000	0.0000	0.0000	0.0000	0.0000	0.0000	0.0000	0.0000	0.0000	0.0000	0.0000	0.0000	0.0000	0.0000	0.0000	0.0000	0.0000	0.0000	0.0000	0.0000	0.0000	0.0000	0.0118	0.0074	0.0045	0.0080	0.0064	0.0016	0.0038	0.0010	0.0028	0.0000	0.0000	0.0000	0.0000	0.0000	0.0000	0.0000	0.0000	0.0000	0.0000	0.0000	0.0000	0.0000	0.0000	0.0000	0.0000	0.0000	0.0000											
20	78	0.6226	7	0	1	0	1	0	0	0	0	N	N	N	N	N	N	N	N	N	N	N	N	0.0000	0.0000	0.0000	0.0000	0.0000	0.0000	0.0000	0.0000	0.0000	0.0000	0.0000	0.0000	0.0000	0.0000	0.0000	0.0000	0.0000	0.0000	0.0000	0.0000	0.0000	0.0003	1.0000	2.1916	0.0000	0.0000	0.0000	0.0000	0.0000	0.0000	0.0000	0.0000	0.0000	0.0000	0.0000	0.0000	0.0000	0.0000	0.0000	0.0000	0.0000	0.0000	0.0000	0.0000	0.0000	0.0000	0.0000	0.0000	0.0000	0.0000	0.0000	0.0049	0.0028	0.0021	0.0024	0.0021	0.0002	0.0025	0.0007	0.0019	0.0000	0.0000	0.0000	0.0000	0.0000	0.0000	0.0000	0.0000	0.0000	0.0000	0.0000	0.0000	0.0000	0.0000	0.0000	0.0000	0.0000	0.0000											
20	79	0.6148	6	0	1	0	0	0	0	0	0	N	N	N	N	N	N	N	N	N	N	N	N	0.0000	0.0000	0.0000	0.0000	0.0000	0.0000	0.0000	0.0000	0.0000	0.0000	0.0000	0.0000	0.0000	0.0000	0.0000	0.0000	0.0000	0.0000	0.0000	0.0000	0.0000	0.2782	1.0000	1.3600	0.0000	0.0000	0.0000	0.0000	0.0000	0.0000	0.0000	0.0000	0.0000	0.0000	0.0000	0.0000	0.0000	0.0000	0.0000	0.0000	0.0000	0.0000	0.0000	0.0000	0.0000	0.0000	0.0000	0.0000	0.0000	0.0000	0.0000	0.0027	0.0016	0.0011	0.0013	0.0011	0.0002	0.0014	0.0005	0.0010	0.0000	0.0000	0.0000	0.0000	0.0000	0.0000	0.0000	0.0000	0.0000	0.0000	0.0000	0.0000	0.0000	0.0000	0.0000	0.0000	0.0000	0.0000											
20	80	0.6584	8	0	2	1	0	0	0	0	0	N	Y	N	N	N	N	N	N	N	N	N	N	0.0000	0.0000	0.0000	0.0000	0.0000	0.0000	0.0000	0.0000	0.0000	0.0000	0.0000	0.0000	0.0000	0.0000	0.0000	0.0000	0.0000	0.0000	0.0000	0.0000	0.0000	0.0029	1.0000	2.0135	0.0000	0.0000	0.0000	0.0000	0.0000	0.0000	0.0000	0.0000	0.0000	0.0000	0.0000	0.0000	0.0000	0.0000	0.0000	0.0000	0.0000	0.0000	0.0000	0.0000	0.0000	0.0000	0.0000	0.0000	0.0000	0.0000	0.0000	0.0039	0.0027	0.0012	0.0026	0.0023	0.0002	0.0013	0.0003	0.0010	0.0000	0.0000	0.0000	0.0000	0.0000	0.0000	0.0000	0.0000	0.0000	0.0000	0.0000	0.0000	0.0000	0.0000	0.0000	0.0000	0.0000	0.0000											
20	81	0.6518	7	0	2	0	0	0	0	0	0	N	Y	N	N	N	N	N	N	N	N	N	N	0.0000	0.0000	0.0000	0.0000	0.0000	0.0000	0.0000	0.0000	0.0000	0.0000	0.0000	0.0000	0.0000	0.0000	0.0000	0.0000	0.0000	0.0000	0.0000	0.0000	0.0000	0.6188	1.0000	0.9475	0.0000	0.0000	0.0000	0.0000	0.0000	0.0000	0.0000	0.0000	0.0000	0.0000	0.0000	0.0000	0.0000	0.0000	0.0000	0.0000	0.0000	0.0000	0.0000	0.0000	0.0000	0.0000	0.0000	0.0000	0.0000	0.0000	0.0000	0.0028	0.0017	0.0011	0.0016	0.0014	0.0002	0.0012	0.0003	0.0009	0.0000	0.0000	0.0000	0.0000	0.0000	0.0000	0.0000	0.0000	0.0000	0.0000	0.0000	0.0000	0.0000	0.0000	0.0000	0.0000	0.0000	0.0000											
20	83	0.6259	6	1	1	1	0	0	0	0	0	N	N	N	N	N	N	N	N	N	N	N	N	0.0000	0.0000	0.0000	0.0000	0.0000	0.0000	0.0000	0.0000	0.0000	0.0000	0.0000	0.0000	0.0000	0.0000	0.0000	0.0000	0.0000	0.0000	0.0000	0.0000	0.0000	9.0001	1.0000	3.0001	0.0000	0.0000	0.0000	0.0000	0.0000	0.0000	0.0000	0.0000	0.0000	0.0000	0.0000	0.0000	0.0000	0.0000	0.0000	0.0000	0.0000	0.0000	0.0000	0.0000	0.0000	0.0000	0.0000	0.0000	0.0000	0.0000	0.0000	0.0156	0.0096	0.0060	0.0088	0.0076	0.0012	0.0068	0.0021	0.0047	0.0000	0.0000	0.0000	0.0000	0.0000	0.0000	0.0000	0.0000	0.0000	0.0000	0.0000	0.0000	0.0000	0.0000	0.0000	0.0000	0.0000	0.0000											
20	84	0.0285	2	1	1	1	0	0	0	0	0	N	N	N	N	N	N	N	N	N	N	N	N	0.0000	0.0000	0.0000	0.0000	0.0000	0.0000	0.0000	0.0000	0.0000	0.0000	0.0000	0.0000	0.0000	0.0000	0.0000	0.0000	0.0000	0.0000	0.0000	0.0000	0.0000	4.0000	1.0000	0.0000	0.0000	0.0000	0.0000	0.0000	0.0000	0.0000	0.0000	0.0000	0.0000	0.0000	0.0000	0.0000	0.0000	0.0000	0.0000	0.0000	0.0000	0.0000	0.0000	0.0000	0.0000	0.0000	0.0000	0.0000	0.0000	0.0000	0.0000	0.0074	0.0024	0.0050	0.0000	0.0000	0.0000	0.0074	0.0024	0.0050	0.0000	0.0000	0.0000	0.0000	0.0000	0.0000	0.0000	0.0000	0.0000	0.0000	0.0000	0.0000	0.0000	0.0000	0.0000	0.0000	0.0000	0.0000											
20	85	0.0746	3	1	2	0	0	0	0	0	0	N	Y	N	N	N	N	N	N	N	N	N	N	0.0000	0.0000	0.0000	0.0000	0.0000	0.0000	0.0000	0.0000	0.0000	0.0000	0.0000	0.0000	0.0000	0.0000	0.0000	0.0000	0.0000	0.0000	0.0000	0.0000	0.0000	1.0086	1.0000	1.7435	0.0000	0.0000	0.0000	0.0000	0.0000	0.0000	0.0000	0.0000	0.0000	0.0000	0.0000	0.0000	0.0000	0.0000	0.0000	0.0000	0.0000	0.0000	0.0000	0.0000	0.0000	0.0000	0.0000	0.0000	0.0000	0.0000	0.0000	0.0077	0.0033	0.0044	0.0012	0.0011	0.0000	0.0065	0.0021	0.0044	0.0000	0.0000	0.0000	0.0000	0.0000	0.0000	0.0000	0.0000	0.0000	0.0000	0.0000	0.0000	0.0000	0.0000	0.0000	0.0000	0.0000	0.0000											
20	86	0.0285	2	1	2	0	0	0	0	0	0	N	Y	N	N	N	N	N	N	N	N	N	N	0.0000	0.0000	0.0000	0.0000	0.0000	0.0000	0.0000	0.0000	0.0000	0.0000	0.0000	0.0000	0.0000	0.0000	0.0000	0.0000	0.0000	0.0000	0.0000	0.0000	0.0000	1.0165	1.0000	4.1395	0.0000	0.0000	0.0000	0.0000	0.0000	0.0000	0.0000	0.0000	0.0000	0.0000	0.0000	0.0000	0.0000	0.0000	0.0000	0.0000	0.0000	0.0000	0.0000	0.0000	0.0000	0.0000	0.0000	0.0000	0.0000	0.0000	0.0000	0.0093	0.0031	0.0063	0.0000	0.0000	0.0000	0.0093	0.0031	0.0063	0.0000	0.0000	0.0000	0.0000	0.0000	0.0000	0.0000	0.0000	0.0000	0.0000	0.0000	0.0000	0.0000	0.0000	0.0000	0.0000	0.0000	0.0000											
20	87	0.5846	5	1	2	0	0	0	0	0	0	N	Y	N	N	N	N	N	N	N	N	N	N	0.0000	0.0000	0.0000	0.0000	0.0000	0.0000	0.0000	0.0000	0.0000	0.0000	0.0000	0.0000	0.0000	0.0000	0.0000	0.0000	0.0000	0.0000	0.0000	0.0000	0.0000	9.0005	1.0000	5.0000	0.0000	0.0000	0.0000	0.0000	0.0000	0.0000	0.0000	0.0000	0.0000	0.0000	0.0000	0.0000	0.0000	0.0000	0.0000	0.0000	0.0000	0.0000	0.0000	0.0000	0.0000	0.0000	0.0000	0.0000	0.0000	0.0000	0.0000	0.0217	0.0124	0.0093	0.0099	0.0085	0.0014	0.0118	0.0039	0.0079	0.0000	0.0000	0.0000	0.0000	0.0000	0.0000	0.0000	0.0000	0.0000	0.0000	0.0000	0.0000	0.0000	0.0000	0.0000	0.0000	0.0000	0.0000											
20	89	0.6518	7	0	2	0	0	0	0	0	0	N	Y	N	N	N	N	N	N	N	N	N	N	0.0000	0.0000	0.0000	0.0000	0.0000	0.0000	0.0000	0.0000	0.0000	0.0000	0.0000	0.0000	0.0000	0.0000	0.0000	0.0000	0.0000	0.0000	0.0000	0.0000	0.0000	1.9953	1.0000	1.0817	0.0000	0.0000	0.0000	0.0000	0.0000	0.0000	0.0000	0.0000	0.0000	0.0000	0.0000	0.0000	0.0000	0.0000	0.0000	0.0000	0.0000	0.0000	0.0000	0.0000	0.0000	0.0000	0.0000	0.0000	0.0000	0.0000	0.0000	0.0048	0.0030	0.0018	0.0028	0.0024	0.0004	0.0020	0.0005	0.0015	0.0000	0.0000	0.0000	0.0000	0.0000	0.0000	0.0000	0.0000	0.0000	0.0000	0.0000	0.0000	0.0000	0.0000	0.0000	0.0000	0.0000	0.0000											
20	90	0.6259	6	0	2	0	0	0	0	0	0	N	Y	N	N	N	N	N	N	N	N	N	N	0.0000	0.0000	0.0000	0.0000	0.0000	0.0000	0.0000	0.0000	0.0000	0.0000	0.0000	0.0000	0.0000	0.0000	0.0000	0.0000	0.0000	0.0000	0.0000	0.0000	0.0000	2.3999	1.0000	4.0713	0.0000	0.0000	0.0000	0.0000	0.0000	0.0000	0.0000	0.0000	0.0000	0.0000	0.0000	0.0000	0.0000	0.0000	0.0000	0.0000	0.0000	0.0000	0.0000	0.0000	0.0000	0.0000	0.0000	0.0000	0.0000	0.0000	0.0000	0.0089	0.0054	0.0034	0.0050	0.0043	0.0007	0.0039	0.0012	0.0027	0.0000	0.0000	0.0000	0.0000	0.0000	0.0000	0.0000	0.0000	0.0000	0.0000	0.0000	0.0000	0.0000	0.0000	0.0000	0.0000	0.0000	0.0000											
20	91	0.6468	7	0	1	1	0	0	0	0	0	N	N	N	N	N	N	N	N	N	N	N	N	0.0000	0.0000	0.0000	0.0000	0.0000	0.0000	0.0000	0.0000	0.0000	0.0000	0.0000	0.0000	0.0000	0.0000	0.0000	0.0000	0.0000	0.0000	0.0000	0.0000	0.0000	0.0000	1.0000	0.0000	0.0000	0.0000	0.0000	0.0000	0.0000	0.0000	0.0000	0.0000	0.0000	0.0000	0.0000	0.0000	0.0000	0.0000	0.0000	0.0000	0.0000	0.0000	0.0000	0.0000	0.0000	0.0000	0.0000	0.0000	0.0000	0.0000	0.0000	0.0000	0.0000	0.0000	0.0000	0.0000	0.0000	0.0000	0.0000	0.0000	0.0000	0.0000	0.0000	0.0000	0.0000	0.0000	0.0000	0.0000	0.0000	0.0000	0.0000	0.0000	0.0000	0.0000	0.0000	0.0000	0.0000	0.0000											
20	92	0.6148	6	0	1	1	0	0	0	0	0	N	N	N	N	N	N	N	N	N	N	N	N	0.0000	0.0000	0.0000	0.0000	0.0000	0.0000	0.0000	0.0000	0.0000	0.0000	0.0000	0.0000	0.0000	0.0000	0.0000	0.0000	0.0000	0.0000	0.0000	0.0000	0.0000	3.7221	1.0000	2.9993	0.0000	0.0000	0.0000	0.0000	0.0000	0.0000	0.0000	0.0000	0.0000	0.0000	0.0000	0.0000	0.0000	0.0000	0.0000	0.0000	0.0000	0.0000	0.0000	0.0000	0.0000	0.0000	0.0000	0.0000	0.0000	0.0000	0.0000	0.0106	0.0061	0.0044	0.0050	0.0043	0.0007	0.0055	0.0018	0.0037	0.0000	0.0000	0.0000	0.0000	0.0000	0.0000	0.0000	0.0000	0.0000	0.0000	0.0000	0.0000	0.0000	0.0000	0.0000	0.0000	0.0000	0.0000											
20	93	0.5846	5	0	1	0	0	0	0	0	0	N	N	N	N	N	N	N	N	N	N	N	N	0.0000	0.0000	0.0000	0.0000	0.0000	0.0000	0.0000	0.0000	0.0000	0.0000	0.0000	0.0000	0.0000	0.0000	0.0000	0.0000	0.0000	0.0000	0.0000	0.0000	0.0000	2.7217	1.0000	3.0458	0.0000	0.0000	0.0000	0.0000	0.0000	0.0000	0.0000	0.0000	0.0000	0.0000	0.0000	0.0000	0.0000	0.0000	0.0000	0.0000	0.0000	0.0000	0.0000	0.0000	0.0000	0.0000	0.0000	0.0000	0.0000	0.0000	0.0000	0.0098	0.0055	0.0043	0.0043	0.0037	0.0006	0.0055	0.0018	0.0037	0.0000	0.0000	0.0000	0.0000	0.0000	0.0000	0.0000	0.0000	0.0000	0.0000	0.0000	0.0000	0.0000	0.0000	0.0000	0.0000	0.0000	0.0000											
20	94	0.6421	7	1	2	0	0	0	0	0	0	N	Y	N	N	N	N	N	N	N	N	N	N	0.0000	0.0000	0.0000	0.0000	0.0000	0.0000	0.0000	0.0000	0.0000	0.0000	0.0000	0.0000	0.0000	0.0000	0.0000	0.0000	0.0000	0.0000	0.0000	0.0000	0.0000	5.9980	1.0000	4.9575	0.0000	0.0000	0.0000	0.0000	0.0000	0.0000	0.0000	0.0000	0.0000	0.0000	0.0000	0.0000	0.0000	0.0000	0.0000	0.0000	0.0000	0.0000	0.0000	0.0000	0.0000	0.0000	0.0000	0.0000	0.0000	0.0000	0.0000	0.0134	0.0086	0.0047	0.0079	0.0067	0.0011	0.0055	0.0019	0.0036	0.0000	0.0000	0.0000	0.0000	0.0000	0.0000	0.0000	0.0000	0.0000	0.0000	0.0000	0.0000	0.0000	0.0000	0.0000	0.0000	0.0000	0.0000											
20	97	0.5846	5	0	1	0	0	0	0	0	0	N	N	N	N	N	N	N	N	N	N	N	N	0.0000	0.0000	0.0000	0.0000	0.0000	0.0000	0.0000	0.0000	0.0000	0.0000	0.0000	0.0000	0.0000	0.0000	0.0000	0.0000	0.0000	0.0000	0.0000	0.0000	0.0000	3.9994	1.0000	4.0000	0.0000	0.0000	0.0000	0.0000	0.0000	0.0000	0.0000	0.0000	0.0000	0.0000	0.0000	0.0000	0.0000	0.0000	0.0000	0.0000	0.0000	0.0000	0.0000	0.0000	0.0000	0.0000	0.0000	0.0000	0.0000	0.0000	0.0000	0.0133	0.0075	0.0058	0.0059	0.0051	0.0008	0.0073	0.0024	0.0049	0.0000	0.0000	0.0000	0.0000	0.0000	0.0000	0.0000	0.0000	0.0000	0.0000	0.0000	0.0000	0.0000	0.0000	0.0000	0.0000	0.0000	0.0000											
20	98	0.0285	2	0	1	0	0	0	0	0	0	N	N	N	N	N	N	N	N	N	N	N	N	0.0000	0.0000	0.0000	0.0000	0.0000	0.0000	0.0000	0.0000	0.0000	0.0000	0.0000	0.0000	0.0000	0.0000	0.0000	0.0000	0.0000	0.0000	0.0000	0.0000	0.0000	1.0000	1.0000	0.0000	0.0000	0.0000	0.0000	0.0000	0.0000	0.0000	0.0000	0.0000	0.0000	0.0000	0.0000	0.0000	0.0000	0.0000	0.0000	0.0000	0.0000	0.0000	0.0000	0.0000	0.0000	0.0000	0.0000	0.0000	0.0000	0.0000	0.0000	0.0036	0.0012	0.0024	0.0000	0.0000	0.0000	0.0036	0.0012	0.0024	0.0000	0.0000	0.0000	0.0000	0.0000	0.0000	0.0000	0.0000	0.0000	0.0000	0.0000	0.0000	0.0000	0.0000	0.0000	0.0000	0.0000	0.0000											
20	99	0.4736	4	0	1	0	0	0	0	0	0	N	N	N	N	N	N	N	N	N	N	N	N	0.0000	0.0000	0.0000	0.0000	0.0000	0.0000	0.0000	0.0000	0.0000	0.0000	0.0000	0.0000	0.0000	0.0000	0.0000	0.0000	0.0000	0.0000	0.0000	0.0000	0.0000	1.5982	1.0000	11.1970	0.0000	0.0000	0.0000	0.0000	0.0000	0.0000	0.0000	0.0000	0.0000	0.0000	0.0000	0.0000	0.0000	0.0000	0.0000	0.0000	0.0000	0.0000	0.0000	0.0000	0.0000	0.0000	0.0000	0.0000	0.0000	0.0000	0.0000	0.0272	0.0151	0.0120	0.0106	0.0095	0.0011	0.0165	0.0056	0.0109	0.0000	0.0000	0.0000	0.0000	0.0000	0.0000	0.0000	0.0000	0.0000	0.0000	0.0000	0.0000	0.0000	0.0000	0.0000	0.0000	0.0000	0.0000											
20	100	0.6436	8	1	2	1	0	0	0	0	0	N	Y	N	N	N	N	N	N	N	N	N	N	0.0000	0.0000	0.0000	0.0000	0.0000	0.0000	0.0000	0.0000	0.0000	0.0000	0.0000	0.0000	0.0000	0.0000	0.0000	0.0000	0.0000	0.0000	0.0000	0.0000	0.0000	0.0000	1.0000	0.9982	0.0000	0.0000	0.0000	0.0000	0.0000	0.0000	0.0000	0.0000	0.0000	0.0000	0.0000	0.0000	0.0000	0.0000	0.0000	0.0000	0.0000	0.0000	0.0000	0.0000	0.0000	0.0000	0.0000	0.0000	0.0000	0.0000	0.0000	0.0013	0.0009	0.0005	0.0008	0.0007	0.0001	0.0006	0.0002	0.0004	0.0000	0.0000	0.0000	0.0000	0.0000	0.0000	0.0000	0.0000	0.0000	0.0000	0.0000	0.0000	0.0000	0.0000	0.0000	0.0000	0.0000	0.0000											
20	101	0.0632	5	1	2	1	0	0	0	0	0	N	Y	N	N	N	N	N	N	N	N	N	N	0.0000	0.0000	0.0000	0.0000	0.0000	0.0000	0.0000	0.0000	0.0000	0.0000	0.0000	0.0000	0.0000	0.0000	0.0000	0.0000	0.0000	0.0000	0.0000	0.0000	0.0000	0.0000	1.0000	0.0000	0.0000	0.0000	0.0000	0.0000	0.0000	0.0000	0.0000	0.0000	0.0000	0.0000	0.0000	0.0000	0.0000	0.0000	0.0000	0.0000	0.0000	0.0000	0.0000	0.0000	0.0000	0.0000	0.0000	0.0000	0.0000	0.0000	0.0000	0.0000	0.0000	0.0000	0.0000	0.0000	0.0000	0.0000	0.0000	0.0000	0.0000	0.0000	0.0000	0.0000	0.0000	0.0000	0.0000	0.0000	0.0000	0.0000	0.0000	0.0000	0.0000	0.0000	0.0000	0.0000	0.0000	0.0000											
20	102	0.0632	4	1	1	1	0	0	0	0	0	N	N	N	N	N	N	N	N	N	N	N	N	0.0000	0.0000	0.0000	0.0000	0.0000	0.0000	0.0000	0.0000	0.0000	0.0000	0.0000	0.0000	0.0000	0.0000	0.0000	0.0000	0.0000	0.0000	0.0000	0.0000	0.0000	0.0000	1.0000	0.0000	0.0000	0.0000	0.0000	0.0000	0.0000	0.0000	0.0000	0.0000	0.0000	0.0000	0.0000	0.0000	0.0000	0.0000	0.0000	0.0000	0.0000	0.0000	0.0000	0.0000	0.0000	0.0000	0.0000	0.0000	0.0000	0.0000	0.0000	0.0000	0.0000	0.0000	0.0000	0.0000	0.0000	0.0000	0.0000	0.0000	0.0000	0.0000	0.0000	0.0000	0.0000	0.0000	0.0000	0.0000	0.0000	0.0000	0.0000	0.0000	0.0000	0.0000	0.0000	0.0000	0.0000	0.0000											
20	103	0.0571	3	1	1	1	0	0	0	0	0	N	N	N	N	N	N	N	N	N	N	N	N	0.0000	0.0000	0.0000	0.0000	0.0000	0.0000	0.0000	0.0000	0.0000	0.0000	0.0000	0.0000	0.0000	0.0000	0.0000	0.0000	0.0000	0.0000	0.0000	0.0000	0.0000	0.0000	1.0000	1.0091	0.0000	0.0000	0.0000	0.0000	0.0000	0.0000	0.0000	0.0000	0.0000	0.0000	0.0000	0.0000	0.0000	0.0000	0.0000	0.0000	0.0000	0.0000	0.0000	0.0000	0.0000	0.0000	0.0000	0.0000	0.0000	0.0000	0.0000	0.0044	0.0021	0.0023	0.0003	0.0003	0.0000	0.0041	0.0018	0.0023	0.0000	0.0000	0.0000	0.0000	0.0000	0.0000	0.0000	0.0000	0.0000	0.0000	0.0000	0.0000	0.0000	0.0000	0.0000	0.0000	0.0000	0.0000											
20	104	0.5846	5	0	2	0	0	0	0	0	0	N	Y	N	N	N	N	N	N	N	N	N	N	0.0000	0.0000	0.0000	0.0000	0.0000	0.0000	0.0000	0.0000	0.0000	0.0000	0.0000	0.0000	0.0000	0.0000	0.0000	0.0000	0.0000	0.0000	0.0000	0.0000	0.0000	7.9994	1.0000	4.0001	0.0000	0.0000	0.0000	0.0000	0.0000	0.0000	0.0000	0.0000	0.0000	0.0000	0.0000	0.0000	0.0000	0.0000	0.0000	0.0000	0.0000	0.0000	0.0000	0.0000	0.0000	0.0000	0.0000	0.0000	0.0000	0.0000	0.0000	0.0190	0.0108	0.0082	0.0086	0.0074	0.0012	0.0104	0.0034	0.0070	0.0000	0.0000	0.0000	0.0000	0.0000	0.0000	0.0000	0.0000	0.0000	0.0000	0.0000	0.0000	0.0000	0.0000	0.0000	0.0000	0.0000	0.0000											
20	105	0.6471	9	1	1	1	0	0	0	0	0	N	N	N	N	N	N	N	N	N	N	N	N	0.0000	0.0000	0.0000	0.0000	0.0000	0.0000	0.0000	0.0000	0.0000	0.0000	0.0000	0.0000	0.0000	0.0000	0.0000	0.0000	0.0000	0.0000	0.0000	0.0000	0.0000	1.0000	1.0000	1.0005	0.0000	0.0000	0.0000	0.0000	0.0000	0.0000	0.0000	0.0000	0.0000	0.0000	0.0000	0.0000	0.0000	0.0000	0.0000	0.0000	0.0000	0.0000	0.0000	0.0000	0.0000	0.0000	0.0000	0.0000	0.0000	0.0000	0.0000	0.0026	0.0017	0.0009	0.0015	0.0013	0.0002	0.0011	0.0004	0.0007	0.0000	0.0000	0.0000	0.0000	0.0000	0.0000	0.0000	0.0000	0.0000	0.0000	0.0000	0.0000	0.0000	0.0000	0.0000	0.0000	0.0000	0.0000											
20	106	0.6436	8	1	1	1	0	0	0	0	0	N	N	N	N	N	N	N	N	N	N	N	N	0.0000	0.0000	0.0000	0.0000	0.0000	0.0000	0.0000	0.0000	0.0000	0.0000	0.0000	0.0000	0.0000	0.0000	0.0000	0.0000	0.0000	0.0000	0.0000	0.0000	0.0000	0.7249	1.0000	0.0368	0.0000	0.0000	0.0000	0.0000	0.0000	0.0000	0.0000	0.0000	0.0000	0.0000	0.0000	0.0000	0.0000	0.0000	0.0000	0.0000	0.0000	0.0000	0.0000	0.0000	0.0000	0.0000	0.0000	0.0000	0.0000	0.0000	0.0000	0.0010	0.0007	0.0004	0.0006	0.0005	0.0001	0.0004	0.0001	0.0003	0.0000	0.0000	0.0000	0.0000	0.0000	0.0000	0.0000	0.0000	0.0000	0.0000	0.0000	0.0000	0.0000	0.0000	0.0000	0.0000	0.0000	0.0000											
20	107	0.6421	7	1	1	1	0	0	0	0	0	N	N	N	N	N	N	N	N	N	N	N	N	0.0000	0.0000	0.0000	0.0000	0.0000	0.0000	0.0000	0.0000	0.0000	0.0000	0.0000	0.0000	0.0000	0.0000	0.0000	0.0000	0.0000	0.0000	0.0000	0.0000	0.0000	0.4159	1.0000	0.0887	0.0000	0.0000	0.0000	0.0000	0.0000	0.0000	0.0000	0.0000	0.0000	0.0000	0.0000	0.0000	0.0000	0.0000	0.0000	0.0000	0.0000	0.0000	0.0000	0.0000	0.0000	0.0000	0.0000	0.0000	0.0000	0.0000	0.0000	0.0007	0.0005	0.0003	0.0004	0.0004	0.0001	0.0003	0.0001	0.0002	0.0000	0.0000	0.0000	0.0000	0.0000	0.0000	0.0000	0.0000	0.0000	0.0000	0.0000	0.0000	0.0000	0.0000	0.0000	0.0000	0.0000	0.0000											
20	108	0.6259	6	1	1	0	0	0	0	0	0	N	N	N	N	N	N	N	N	N	N	N	N	0.0000	0.0000	0.0000	0.0000	0.0000	0.0000	0.0000	0.0000	0.0000	0.0000	0.0000	0.0000	0.0000	0.0000	0.0000	0.0000	0.0000	0.0000	0.0000	0.0000	0.0000	3.9943	1.0000	0.9974	0.0000	0.0000	0.0000	0.0000	0.0000	0.0000	0.0000	0.0000	0.0000	0.0000	0.0000	0.0000	0.0000	0.0000	0.0000	0.0000	0.0000	0.0000	0.0000	0.0000	0.0000	0.0000	0.0000	0.0000	0.0000	0.0000	0.0000	0.0069	0.0042	0.0027	0.0039	0.0033	0.0005	0.0031	0.0009	0.0021	0.0000	0.0000	0.0000	0.0000	0.0000	0.0000	0.0000	0.0000	0.0000	0.0000	0.0000	0.0000	0.0000	0.0000	0.0000	0.0000	0.0000	0.0000											
20	109	0.0571	3	1	1	1	0	0	0	0	0	N	N	N	N	N	N	N	N	N	N	N	N	0.0000	0.0000	0.0000	0.0000	0.0000	0.0000	0.0000	0.0000	0.0000	0.0000	0.0000	0.0000	0.0000	0.0000	0.0000	0.0000	0.0000	0.0000	0.0000	0.0000	0.0000	0.0000	1.0000	0.9909	0.0000	0.0000	0.0000	0.0000	0.0000	0.0000	0.0000	0.0000	0.0000	0.0000	0.0000	0.0000	0.0000	0.0000	0.0000	0.0000	0.0000	0.0000	0.0000	0.0000	0.0000	0.0000	0.0000	0.0000	0.0000	0.0000	0.0000	0.0043	0.0021	0.0022	0.0003	0.0003	0.0000	0.0040	0.0018	0.0022	0.0000	0.0000	0.0000	0.0000	0.0000	0.0000	0.0000	0.0000	0.0000	0.0000	0.0000	0.0000	0.0000	0.0000	0.0000	0.0000	0.0000	0.0000											
20	110	0.0285	2	1	1	1	0	0	0	0	0	N	N	N	N	N	N	N	N	N	N	N	N	0.0000	0.0000	0.0000	0.0000	0.0000	0.0000	0.0000	0.0000	0.0000	0.0000	0.0000	0.0000	0.0000	0.0000	0.0000	0.0000	0.0000	0.0000	0.0000	0.0000	0.0000	4.0000	1.0000	0.0000	0.0000	0.0000	0.0000	0.0000	0.0000	0.0000	0.0000	0.0000	0.0000	0.0000	0.0000	0.0000	0.0000	0.0000	0.0000	0.0000	0.0000	0.0000	0.0000	0.0000	0.0000	0.0000	0.0000	0.0000	0.0000	0.0000	0.0000	0.0074	0.0024	0.0050	0.0000	0.0000	0.0000	0.0074	0.0024	0.0050	0.0000	0.0000	0.0000	0.0000	0.0000	0.0000	0.0000	0.0000	0.0000	0.0000	0.0000	0.0000	0.0000	0.0000	0.0000	0.0000	0.0000	0.0000											
20	112	0.6304	6	0	1	1	0	0	0	0	0	N	N	N	N	N	N	N	N	N	N	N	N	0.0000	0.0000	0.0000	0.0000	0.0000	0.0000	0.0000	0.0000	0.0000	0.0000	0.0000	0.0000	0.0000	0.0000	0.0000	0.0000	0.0000	0.0000	0.0000	0.0000	0.0000	0.0000	1.0000	0.0001	0.0000	0.0000	0.0000	0.0000	0.0000	0.0000	0.0000	0.0000	0.0000	0.0000	0.0000	0.0000	0.0000	0.0000	0.0000	0.0000	0.0000	0.0000	0.0000	0.0000	0.0000	0.0000	0.0000	0.0000	0.0000	0.0000	0.0000	0.0000	0.0000	0.0000	0.0000	0.0000	0.0000	0.0000	0.0000	0.0000	0.0000	0.0000	0.0000	0.0000	0.0000	0.0000	0.0000	0.0000	0.0000	0.0000	0.0000	0.0000	0.0000	0.0000	0.0000	0.0000	0.0000	0.0000											
20	113	0.5846	5	0	1	1	0	0	0	0	0	N	N	N	N	N	N	N	N	N	N	N	N	0.0000	0.0000	0.0000	0.0000	0.0000	0.0000	0.0000	0.0000	0.0000	0.0000	0.0000	0.0000	0.0000	0.0000	0.0000	0.0000	0.0000	0.0000	0.0000	0.0000	0.0000	4.0004	1.0000	4.9999	0.0000	0.0000	0.0000	0.0000	0.0000	0.0000	0.0000	0.0000	0.0000	0.0000	0.0000	0.0000	0.0000	0.0000	0.0000	0.0000	0.0000	0.0000	0.0000	0.0000	0.0000	0.0000	0.0000	0.0000	0.0000	0.0000	0.0000	0.0147	0.0084	0.0064	0.0066	0.0057	0.0009	0.0081	0.0027	0.0054	0.0000	0.0000	0.0000	0.0000	0.0000	0.0000	0.0000	0.0000	0.0000	0.0000	0.0000	0.0000	0.0000	0.0000	0.0000	0.0000	0.0000	0.0000											
20	114	0.0611	3	0	2	0	0	0	0	0	0	N	Y	N	N	N	N	N	N	N	N	N	N	0.0000	0.0000	0.0000	0.0000	0.0000	0.0000	0.0000	0.0000	0.0000	0.0000	0.0000	0.0000	0.0000	0.0000	0.0000	0.0000	0.0000	0.0000	0.0000	0.0000	0.0000	4.3361	1.0000	4.6323	0.0000	0.0000	0.0000	0.0000	0.0000	0.0000	0.0000	0.0000	0.0000	0.0000	0.0000	0.0000	0.0000	0.0000	0.0000	0.0000	0.0000	0.0000	0.0000	0.0000	0.0000	0.0000	0.0000	0.0000	0.0000	0.0000	0.0000	0.0203	0.0073	0.0130	0.0003	0.0003	0.0000	0.0200	0.0071	0.0130	0.0000	0.0000	0.0000	0.0000	0.0000	0.0000	0.0000	0.0000	0.0000	0.0000	0.0000	0.0000	0.0000	0.0000	0.0000	0.0000	0.0000	0.0000											
20	115	0.0285	2	0	1	0	0	0	0	0	0	N	N	N	N	N	N	N	N	N	N	N	N	0.0000	0.0000	0.0000	0.0000	0.0000	0.0000	0.0000	0.0000	0.0000	0.0000	0.0000	0.0000	0.0000	0.0000	0.0000	0.0000	0.0000	0.0000	0.0000	0.0000	0.0000	1.9840	1.0000	0.2610	0.0000	0.0000	0.0000	0.0000	0.0000	0.0000	0.0000	0.0000	0.0000	0.0000	0.0000	0.0000	0.0000	0.0000	0.0000	0.0000	0.0000	0.0000	0.0000	0.0000	0.0000	0.0000	0.0000	0.0000	0.0000	0.0000	0.0000	0.0043	0.0014	0.0029	0.0000	0.0000	0.0000	0.0043	0.0014	0.0029	0.0000	0.0000	0.0000	0.0000	0.0000	0.0000	0.0000	0.0000	0.0000	0.0000	0.0000	0.0000	0.0000	0.0000	0.0000	0.0000	0.0000	0.0000											
20	116	0.5846	5	0	2	0	1	0	0	0	0	N	Y	N	N	N	N	N	N	N	N	N	N	0.0000	0.0000	0.0000	0.0000	0.0000	0.0000	0.0000	0.0000	0.0000	0.0000	0.0000	0.0000	0.0000	0.0000	0.0000	0.0000	0.0000	0.0000	0.0000	0.0000	0.0000	5.0006	1.0000	2.0000	0.0000	0.0000	0.0000	0.0000	0.0000	0.0000	0.0000	0.0000	0.0000	0.0000	0.0000	0.0000	0.0000	0.0000	0.0000	0.0000	0.0000	0.0000	0.0000	0.0000	0.0000	0.0000	0.0000	0.0000	0.0000	0.0000	0.0000	0.0117	0.0066	0.0051	0.0052	0.0045	0.0007	0.0065	0.0021	0.0044	0.0000	0.0000	0.0000	0.0000	0.0000	0.0000	0.0000	0.0000	0.0000	0.0000	0.0000	0.0000	0.0000	0.0000	0.0000	0.0000	0.0000	0.0000											
20	117	0.0285	2	0	2	0	1	0	0	0	0	N	Y	N	N	N	N	N	N	N	N	N	N	0.0000	0.0000	0.0000	0.0000	0.0000	0.0000	0.0000	0.0000	0.0000	0.0000	0.0000	0.0000	0.0000	0.0000	0.0000	0.0000	0.0000	0.0000	0.0000	0.0000	0.0000	0.0000	1.0000	1.0000	0.0000	0.0000	0.0000	0.0000	0.0000	0.0000	0.0000	0.0000	0.0000	0.0000	0.0000	0.0000	0.0000	0.0000	0.0000	0.0000	0.0000	0.0000	0.0000	0.0000	0.0000	0.0000	0.0000	0.0000	0.0000	0.0000	0.0000	0.0027	0.0009	0.0018	0.0000	0.0000	0.0000	0.0027	0.0009	0.0018	0.0000	0.0000	0.0000	0.0000	0.0000	0.0000	0.0000	0.0000	0.0000	0.0000	0.0000	0.0000	0.0000	0.0000	0.0000	0.0000	0.0000	0.0000											
20	118	0.5846	5	0	2	0	0	0	0	0	0	N	Y	N	N	N	N	N	N	N	N	N	N	0.0000	0.0000	0.0000	0.0000	0.0000	0.0000	0.0000	0.0000	0.0000	0.0000	0.0000	0.0000	0.0000	0.0000	0.0000	0.0000	0.0000	0.0000	0.0000	0.0000	0.0000	16.9994	1.0000	6.0000	0.0000	0.0000	0.0000	0.0000	0.0000	0.0000	0.0000	0.0000	0.0000	0.0000	0.0000	0.0000	0.0000	0.0000	0.0000	0.0000	0.0000	0.0000	0.0000	0.0000	0.0000	0.0000	0.0000	0.0000	0.0000	0.0000	0.0000	0.0324	0.0188	0.0137	0.0152	0.0130	0.0022	0.0172	0.0058	0.0115	0.0000	0.0000	0.0000	0.0000	0.0000	0.0000	0.0000	0.0000	0.0000	0.0000	0.0000	0.0000	0.0000	0.0000	0.0000	0.0000	0.0000	0.0000											
20	119	0.0285	2	0	2	0	0	0	0	0	0	N	Y	N	N	N	N	N	N	N	N	N	N	0.0000	0.0000	0.0000	0.0000	0.0000	0.0000	0.0000	0.0000	0.0000	0.0000	0.0000	0.0000	0.0000	0.0000	0.0000	0.0000	0.0000	0.0000	0.0000	0.0000	0.0000	5.0000	1.0000	6.0000	0.0000	0.0000	0.0000	0.0000	0.0000	0.0000	0.0000	0.0000	0.0000	0.0000	0.0000	0.0000	0.0000	0.0000	0.0000	0.0000	0.0000	0.0000	0.0000	0.0000	0.0000	0.0000	0.0000	0.0000	0.0000	0.0000	0.0000	0.0178	0.0060	0.0119	0.0000	0.0000	0.0000	0.0178	0.0060	0.0119	0.0000	0.0000	0.0000	0.0000	0.0000	0.0000	0.0000	0.0000	0.0000	0.0000	0.0000	0.0000	0.0000	0.0000	0.0000	0.0000	0.0000	0.0000											
20	120	0.0565	3	0	2	0	0	0	0	0	0	N	Y	N	N	N	N	N	N	N	N	N	N	0.0000	0.0000	0.0000	0.0000	0.0000	0.0000	0.0000	0.0000	0.0000	0.0000	0.0000	0.0000	0.0000	0.0000	0.0000	0.0000	0.0000	0.0000	0.0000	0.0000	0.0000	0.9998	1.0000	0.9486	0.0000	0.0000	0.0000	0.0000	0.0000	0.0000	0.0000	0.0000	0.0000	0.0000	0.0000	0.0000	0.0000	0.0000	0.0000	0.0000	0.0000	0.0000	0.0000	0.0000	0.0000	0.0000	0.0000	0.0000	0.0000	0.0000	0.0000	0.0072	0.0035	0.0038	0.0009	0.0009	0.0000	0.0064	0.0026	0.0038	0.0000	0.0000	0.0000	0.0000	0.0000	0.0000	0.0000	0.0000	0.0000	0.0000	0.0000	0.0000	0.0000	0.0000	0.0000	0.0000	0.0000	0.0000											
20	121	0.0285	2	0	2	0	0	0	0	0	0	N	Y	N	N	N	N	N	N	N	N	N	N	0.0000	0.0000	0.0000	0.0000	0.0000	0.0000	0.0000	0.0000	0.0000	0.0000	0.0000	0.0000	0.0000	0.0000	0.0000	0.0000	0.0000	0.0000	0.0000	0.0000	0.0000	3.0005	1.0000	1.1085	0.0000	0.0000	0.0000	0.0000	0.0000	0.0000	0.0000	0.0000	0.0000	0.0000	0.0000	0.0000	0.0000	0.0000	0.0000	0.0000	0.0000	0.0000	0.0000	0.0000	0.0000	0.0000	0.0000	0.0000	0.0000	0.0000	0.0000	0.0131	0.0043	0.0088	0.0000	0.0000	0.0000	0.0131	0.0043	0.0088	0.0000	0.0000	0.0000	0.0000	0.0000	0.0000	0.0000	0.0000	0.0000	0.0000	0.0000	0.0000	0.0000	0.0000	0.0000	0.0000	0.0000	0.0000											
20	122	0.6259	6	0	2	0	0	0	0	0	0	N	Y	N	N	N	N	N	N	N	N	N	N	0.0000	0.0000	0.0000	0.0000	0.0000	0.0000	0.0000	0.0000	0.0000	0.0000	0.0000	0.0000	0.0000	0.0000	0.0000	0.0000	0.0000	0.0000	0.0000	0.0000	0.0000	2.0001	1.0000	3.0000	0.0000	0.0000	0.0000	0.0000	0.0000	0.0000	0.0000	0.0000	0.0000	0.0000	0.0000	0.0000	0.0000	0.0000	0.0000	0.0000	0.0000	0.0000	0.0000	0.0000	0.0000	0.0000	0.0000	0.0000	0.0000	0.0000	0.0000	0.0069	0.0043	0.0027	0.0039	0.0033	0.0005	0.0031	0.0009	0.0021	0.0000	0.0000	0.0000	0.0000	0.0000	0.0000	0.0000	0.0000	0.0000	0.0000	0.0000	0.0000	0.0000	0.0000	0.0000	0.0000	0.0000	0.0000											
20	123	0.5846	5	0	1	0	0	0	0	0	0	N	N	N	N	N	N	N	N	N	N	N	N	0.0000	0.0000	0.0000	0.0000	0.0000	0.0000	0.0000	0.0000	0.0000	0.0000	0.0000	0.0000	0.0000	0.0000	0.0000	0.0000	0.0000	0.0000	0.0000	0.0000	0.0000	6.9986	1.0000	2.0000	0.0000	0.0000	0.0000	0.0000	0.0000	0.0000	0.0000	0.0000	0.0000	0.0000	0.0000	0.0000	0.0000	0.0000	0.0000	0.0000	0.0000	0.0000	0.0000	0.0000	0.0000	0.0000	0.0000	0.0000	0.0000	0.0000	0.0000	0.0147	0.0084	0.0064	0.0066	0.0057	0.0009	0.0081	0.0027	0.0054	0.0000	0.0000	0.0000	0.0000	0.0000	0.0000	0.0000	0.0000	0.0000	0.0000	0.0000	0.0000	0.0000	0.0000	0.0000	0.0000	0.0000	0.0000											
20	124	0.0620	3	0	2	0	0	0	0	0	0	N	Y	N	N	N	N	N	N	N	N	N	N	0.0000	0.0000	0.0000	0.0000	0.0000	0.0000	0.0000	0.0000	0.0000	0.0000	0.0000	0.0000	0.0000	0.0000	0.0000	0.0000	0.0000	0.0000	0.0000	0.0000	0.0000	3.9006	1.0000	3.1543	0.0000	0.0000	0.0000	0.0000	0.0000	0.0000	0.0000	0.0000	0.0000	0.0000	0.0000	0.0000	0.0000	0.0000	0.0000	0.0000	0.0000	0.0000	0.0000	0.0000	0.0000	0.0000	0.0000	0.0000	0.0000	0.0000	0.0000	0.0199	0.0079	0.0120	0.0033	0.0033	0.0001	0.0166	0.0046	0.0119	0.0000	0.0000	0.0000	0.0000	0.0000	0.0000	0.0000	0.0000	0.0000	0.0000	0.0000	0.0000	0.0000	0.0000	0.0000	0.0000	0.0000	0.0000											
20	125	0.0285	2	0	2	0	0	0	0	0	0	N	Y	N	N	N	N	N	N	N	N	N	N	0.0000	0.0000	0.0000	0.0000	0.0000	0.0000	0.0000	0.0000	0.0000	0.0000	0.0000	0.0000	0.0000	0.0000	0.0000	0.0000	0.0000	0.0000	0.0000	0.0000	0.0000	1.6924	1.0000	1.9110	0.0000	0.0000	0.0000	0.0000	0.0000	0.0000	0.0000	0.0000	0.0000	0.0000	0.0000	0.0000	0.0000	0.0000	0.0000	0.0000	0.0000	0.0000	0.0000	0.0000	0.0000	0.0000	0.0000	0.0000	0.0000	0.0000	0.0000	0.0117	0.0039	0.0078	0.0000	0.0000	0.0000	0.0117	0.0039	0.0078	0.0000	0.0000	0.0000	0.0000	0.0000	0.0000	0.0000	0.0000	0.0000	0.0000	0.0000	0.0000	0.0000	0.0000	0.0000	0.0000	0.0000	0.0000											
20	126	0.5846	5	0	2	0	0	0	0	0	0	N	Y	N	N	N	N	N	N	N	N	N	N	0.0000	0.0000	0.0000	0.0000	0.0000	0.0000	0.0000	0.0000	0.0000	0.0000	0.0000	0.0000	0.0000	0.0000	0.0000	0.0000	0.0000	0.0000	0.0000	0.0000	0.0000	0.9996	1.0000	8.0005	0.0000	0.0000	0.0000	0.0000	0.0000	0.0000	0.0000	0.0000	0.0000	0.0000	0.0000	0.0000	0.0000	0.0000	0.0000	0.0000	0.0000	0.0000	0.0000	0.0000	0.0000	0.0000	0.0000	0.0000	0.0000	0.0000	0.0000	0.0147	0.0084	0.0064	0.0066	0.0057	0.0009	0.0081	0.0027	0.0054	0.0000	0.0000	0.0000	0.0000	0.0000	0.0000	0.0000	0.0000	0.0000	0.0000	0.0000	0.0000	0.0000	0.0000	0.0000	0.0000	0.0000	0.0000											
20	127	0.4900	5	0	1	0	0	0	0	0	0	N	N	N	N	N	N	N	N	N	N	N	N	0.0000	0.0000	0.0000	0.0000	0.0000	0.0000	0.0000	0.0000	0.0000	0.0000	0.0000	0.0000	0.0000	0.0000	0.0000	0.0000	0.0000	0.0000	0.0000	0.0000	0.0000	3.6536	1.0000	12.3970	0.0000	0.0000	0.0000	0.0000	0.0000	0.0000	0.0000	0.0000	0.0000	0.0000	0.0000	0.0000	0.0000	0.0000	0.0000	0.0000	0.0000	0.0000	0.0000	0.0000	0.0000	0.0000	0.0000	0.0000	0.0000	0.0000	0.0000	0.0297	0.0165	0.0132	0.0114	0.0101	0.0013	0.0183	0.0064	0.0119	0.0000	0.0000	0.0000	0.0000	0.0000	0.0000	0.0000	0.0000	0.0000	0.0000	0.0000	0.0000	0.0000	0.0000	0.0000	0.0000	0.0000	0.0000											
20	128	0.2788	3	0	1	0	0	0	0	0	0	N	N	N	N	N	N	N	N	N	N	N	N	0.0000	0.0000	0.0000	0.0000	0.0000	0.0000	0.0000	0.0000	0.0000	0.0000	0.0000	0.0000	0.0000	0.0000	0.0000	1.5503	2.1967	0.0000	2.9076	2.9174	0.0000	0.4577	2.4895	0.0000	0.0000	0.0000	-0.0058	0.0000	5.3495	1.0000	12.4099	0.0000	0.0000	0.0000	0.0000	0.0000	0.0000	0.0000	0.0000	0.0000	0.0110	0.0110	0.0000	0.0099	0.0099	0.0000	0.0011	0.0011	0.0000	0.0000	0.0000	0.0000	0.0000	0.0000	0.0000	0.0000	0.0000	0.0000	0.0542	0.0310	0.0232	0.0217	0.0191	0.0026	0.0325	0.0119	0.0206	0.0000	0.0000	0.0000	0.0000	0.0000	0.0000	0.0000	0.0000	0.0000	0.2033	0.3551	0.0000	0.4550	0.5166	0.0000	0.0348	0.0951	0.0000				
20	129	0.6961	11	0	2	0	1	0	0	0	0	N	Y	N	N	N	N	N	N	N	N	N	N	0.0000	0.0000	0.0000	0.0000	0.0000	0.0000	0.0000	0.0000	0.0000	0.0000	0.0000	0.0000	0.0000	0.0000	0.0000	0.0000	0.0000	0.0000	0.0000	0.0000	0.0000	0.0000	1.0000	0.0000	0.0000	0.0000	0.0000	0.0000	0.0000	0.0000	0.0000	0.0000	0.0000	0.0000	0.0000	0.0000	0.0000	0.0000	0.0000	0.0000	0.0000	0.0000	0.0000	0.0000	0.0000	0.0000	0.0000	0.0000	0.0000	0.0000	0.0000	0.0000	0.0000	0.0000	0.0000	0.0000	0.0000	0.0000	0.0000	0.0000	0.0000	0.0000	0.0000	0.0000	0.0000	0.0000	0.0000	0.0000	0.0000	0.0000	0.0000	0.0000	0.0000	0.0000	0.0000	0.0000	0.0000	0.0000											
20	130	0.6798	10	0	2	0	1	0	0	0	0	N	Y	N	N	N	N	N	N	N	N	N	N	0.0000	0.0000	0.0000	0.0000	0.0000	0.0000	0.0000	0.0000	0.0000	0.0000	0.0000	0.0000	0.0000	0.0000	0.0000	0.0000	0.0000	0.0000	0.0000	0.0000	0.0000	0.0000	1.0000	3.0001	0.0000	0.0000	0.0000	0.0000	0.0000	0.0000	0.0000	0.0000	0.0000	0.0000	0.0000	0.0000	0.0000	0.0000	0.0000	0.0000	0.0000	0.0000	0.0000	0.0000	0.0000	0.0000	0.0000	0.0000	0.0000	0.0000	0.0000	0.0070	0.0045	0.0024	0.0024	0.0021	0.0003	0.0046	0.0024	0.0021	0.0000	0.0000	0.0000	0.0000	0.0000	0.0000	0.0000	0.0000	0.0000	0.0000	0.0000	0.0000	0.0000	0.0000	0.0000	0.0000	0.0000	0.0000											
20	131	0.6701	9	0	2	0	0	0	0	0	0	N	Y	N	N	N	N	N	N	N	N	N	N	0.0000	0.0000	0.0000	0.0000	0.0000	0.0000	0.0000	0.0000	0.0000	0.0000	0.0000	0.0000	0.0000	0.0000	0.0000	0.0000	0.0000	0.0000	0.0000	0.0000	0.0000	0.0000	1.0000	0.0000	0.0000	0.0000	0.0000	0.0000	0.0000	0.0000	0.0000	0.0000	0.0000	0.0000	0.0000	0.0000	0.0000	0.0000	0.0000	0.0000	0.0000	0.0000	0.0000	0.0000	0.0000	0.0000	0.0000	0.0000	0.0000	0.0000	0.0000	0.0000	0.0000	0.0000	0.0000	0.0000	0.0000	0.0000	0.0000	0.0000	0.0000	0.0000	0.0000	0.0000	0.0000	0.0000	0.0000	0.0000	0.0000	0.0000	0.0000	0.0000	0.0000	0.0000	0.0000	0.0000	0.0000	0.0000											
20	132	0.6798	10	0	1	1	1	0	0	0	0	N	N	N	N	N	N	N	N	N	N	N	N	0.0000	0.0000	0.0000	0.0000	0.0000	0.0000	0.0000	0.0000	0.0000	0.0000	0.0000	0.0000	0.0000	0.0000	0.0000	0.0000	0.0000	0.0000	0.0000	0.0000	0.0000	0.0000	1.0000	1.9999	0.0000	0.0000	0.0000	0.0000	0.0000	0.0000	0.0000	0.0000	0.0000	0.0000	0.0000	0.0000	0.0000	0.0000	0.0000	0.0000	0.0000	0.0000	0.0000	0.0000	0.0000	0.0000	0.0000	0.0000	0.0000	0.0000	0.0000	0.0048	0.0031	0.0017	0.0016	0.0014	0.0002	0.0031	0.0017	0.0015	0.0000	0.0000	0.0000	0.0000	0.0000	0.0000	0.0000	0.0000	0.0000	0.0000	0.0000	0.0000	0.0000	0.0000	0.0000	0.0000	0.0000	0.0000											
20	133	0.6908	11	0	1	1	1	0	0	0	0	N	N	N	N	N	N	N	N	N	N	N	N	0.0000	0.0000	0.0000	0.0000	0.0000	0.0000	0.0000	0.0000	0.0000	0.0000	0.0000	0.0000	0.0000	0.0000	0.0000	0.0000	0.0000	0.0000	0.0000	0.0000	0.0000	1.0000	1.0000	0.0000	0.0000	0.0000	0.0000	0.0000	0.0000	0.0000	0.0000	0.0000	0.0000	0.0000	0.0000	0.0000	0.0000	0.0000	0.0000	0.0000	0.0000	0.0000	0.0000	0.0000	0.0000	0.0000	0.0000	0.0000	0.0000	0.0000	0.0000	0.0024	0.0015	0.0008	0.0007	0.0006	0.0001	0.0016	0.0009	0.0007	0.0000	0.0000	0.0000	0.0000	0.0000	0.0000	0.0000	0.0000	0.0000	0.0000	0.0000	0.0000	0.0000	0.0000	0.0000	0.0000	0.0000	0.0000											
20	134	0.6908	11	0	1	1	1	0	0	0	0	N	N	N	N	N	N	N	N	N	N	N	N	0.0000	0.0000	0.0000	0.0000	0.0000	0.0000	0.0000	0.0000	0.0000	0.0000	0.0000	0.0000	0.0000	0.0000	0.0000	0.0000	0.0000	0.0000	0.0000	0.0000	0.0000	0.0000	1.0000	0.0000	0.0000	0.0000	0.0000	0.0000	0.0000	0.0000	0.0000	0.0000	0.0000	0.0000	0.0000	0.0000	0.0000	0.0000	0.0000	0.0000	0.0000	0.0000	0.0000	0.0000	0.0000	0.0000	0.0000	0.0000	0.0000	0.0000	0.0000	0.0000	0.0000	0.0000	0.0000	0.0000	0.0000	0.0000	0.0000	0.0000	0.0000	0.0000	0.0000	0.0000	0.0000	0.0000	0.0000	0.0000	0.0000	0.0000	0.0000	0.0000	0.0000	0.0000	0.0000	0.0000	0.0000	0.0000											
20	135	0.6798	10	0	1	1	1	0	0	0	0	N	N	N	N	N	N	N	N	N	N	N	N	0.0000	0.0000	0.0000	0.0000	0.0000	0.0000	0.0000	0.0000	0.0000	0.0000	0.0000	0.0000	0.0000	0.0000	0.0000	0.0000	0.0000	0.0000	0.0000	0.0000	0.0000	2.0025	1.0000	0.9943	0.0000	0.0000	0.0000	0.0000	0.0000	0.0000	0.0000	0.0000	0.0000	0.0000	0.0000	0.0000	0.0000	0.0000	0.0000	0.0000	0.0000	0.0000	0.0000	0.0000	0.0000	0.0000	0.0000	0.0000	0.0000	0.0000	0.0000	0.0070	0.0045	0.0024	0.0024	0.0021	0.0003	0.0046	0.0024	0.0021	0.0000	0.0000	0.0000	0.0000	0.0000	0.0000	0.0000	0.0000	0.0000	0.0000	0.0000	0.0000	0.0000	0.0000	0.0000	0.0000	0.0000	0.0000											
20	136	0.6798	9	0	1	0	1	0	0	0	0	N	N	N	N	N	N	N	N	N	N	N	N	0.0000	0.0000	0.0000	0.0000	0.0000	0.0000	0.0000	0.0000	0.0000	0.0000	0.0000	0.0000	0.0000	0.0000	0.0000	0.0000	0.0000	0.0000	0.0000	0.0000	0.0000	0.0050	1.0000	0.0173	0.0000	0.0000	0.0000	0.0000	0.0000	0.0000	0.0000	0.0000	0.0000	0.0000	0.0000	0.0000	0.0000	0.0000	0.0000	0.0000	0.0000	0.0000	0.0000	0.0000	0.0000	0.0000	0.0000	0.0000	0.0000	0.0000	0.0000	0.0001	0.0001	0.0000	0.0000	0.0000	0.0000	0.0001	0.0000	0.0000	0.0000	0.0000	0.0000	0.0000	0.0000	0.0000	0.0000	0.0000	0.0000	0.0000	0.0000	0.0000	0.0000	0.0000	0.0000	0.0000	0.0000	0.0000											
20	137	0.6701	8	0	1	0	1	0	0	0	0	N	N	N	N	N	N	N	N	N	N	N	N	0.0000	0.0000	0.0000	0.0000	0.0000	0.0000	0.0000	0.0000	0.0000	0.0000	0.0000	0.0000	0.0000	0.0000	0.0000	0.0000	0.0000	0.0000	0.0000	0.0000	0.0000	1.9972	1.0000	1.0076	0.0000	0.0000	0.0000	0.0000	0.0000	0.0000	0.0000	0.0000	0.0000	0.0000	0.0000	0.0000	0.0000	0.0000	0.0000	0.0000	0.0000	0.0000	0.0000	0.0000	0.0000	0.0000	0.0000	0.0000	0.0000	0.0000	0.0000	0.0038	0.0025	0.0013	0.0024	0.0021	0.0003	0.0014	0.0004	0.0010	0.0000	0.0000	0.0000	0.0000	0.0000	0.0000	0.0000	0.0000	0.0000	0.0000	0.0000	0.0000	0.0000	0.0000	0.0000	0.0000	0.0000	0.0000											
20	138	0.6528	7	1	2	0	0	0	0	0	0	N	Y	N	N	N	N	N	N	N	N	N	N	0.0000	0.0000	0.0000	0.0000	0.0000	0.0000	0.0000	0.0000	0.0000	0.0000	0.0000	0.0000	0.0000	0.3169	0.4710	0.0000	0.1635	0.1645	0.0000	0.0000	0.0000	0.0000	0.0000	0.0000	-0.0000	0.0000	0.0002	1.0000	2.3255	0.0000	0.0000	0.0000	0.0000	0.0000	0.0000	0.0000	0.0000	0.0000	0.0000	0.0000	0.0000	0.0000	0.0000	0.0000	0.0000	0.0000	0.0000	0.0000	0.0000	0.0000	0.0000	0.0000	0.0000	0.0000	0.0000	0.0000	0.0045	0.0030	0.0015	0.0024	0.0021	0.0003	0.0021	0.0008	0.0012	0.0000	0.0000	0.0000	0.0000	0.0000	0.0000	0.0000	0.0000	0.0000	0.0067	0.0101	0.0000	0.0125	0.0140	0.0000	0.0000	0.0000	0.0000						
20	139	0.6350	6	1	2	0	0	0	0	0	0	N	Y	N	N	N	N	N	N	N	N	N	N	0.0000	0.0000	0.0000	0.0000	0.0000	0.0000	0.0000	0.0000	0.0000	0.0000	0.0000	0.0000	0.0000	0.0000	0.0000	0.4036	0.5125	0.0081	0.2642	0.1771	0.0977	0.0000	0.0000	0.0000	0.3333	0.0000	-0.0000	0.0000	2.0138	1.0000	2.7349	0.0000	0.0000	0.0000	0.0000	0.0000	0.0000	0.0000	0.0000	0.0000	0.0001	0.0001	0.0000	0.0001	0.0001	0.0000	0.0000	0.0000	0.0000	0.0000	0.0000	0.0000	0.0000	0.0000	0.0000	0.0000	0.0000	0.0000	0.0090	0.0055	0.0035	0.0047	0.0042	0.0005	0.0043	0.0013	0.0030	0.0000	0.0000	0.0000	0.0000	0.0000	0.0000	0.0000	0.0000	0.0000	0.0089	0.0109	0.0056	0.0170	0.0143	0.0392	0.0000	0.0000	0.0000				
20	140	0.6515	7	0	2	0	0	0	0	0	0	N	Y	N	N	N	N	N	N	N	N	N	N	0.0000	0.0000	0.0000	0.0000	0.0000	0.0000	0.0000	0.0000	0.0000	0.0000	0.0000	0.0000	0.0000	247.0928	0.0000	701.6098	401.1499	0.0000	2951.8493	0.0000	0.0000	0.0000	inf	0.0000	0.4763	0.0000	1.9232	1.0000	1.1116	0.0000	0.0000	0.0000	0.0000	0.0000	0.0000	0.0000	0.0000	0.0000	0.9962	0.0000	0.9962	0.9962	0.0000	0.9962	0.0000	0.0000	0.0000	0.0000	0.0000	0.0000	0.0000	0.0000	0.0000	0.0000	0.0000	0.0000	0.0040	0.0026	0.0014	0.0025	0.0021	0.0003	0.0015	0.0005	0.0011	0.0000	0.0000	0.0000	0.0000	0.0000	0.0000	0.0000	0.0000	0.0000	247.0928	0.0000	701.6098	401.1499	0.0000	2951.8493	0.0000	0.0000	0.0000						
20	141	0.0477	3	0	2	0	0	0	0	0	0	N	Y	N	N	N	N	N	N	N	N	N	N	0.0000	0.0000	0.0000	0.0000	0.0000	0.0000	0.0000	0.0000	0.0000	0.0000	0.0000	0.0000	0.0000	0.0000	0.0000	0.0000	0.0000	0.0000	0.0000	0.0000	0.0000	3.0000	1.0000	1.0000	0.0000	0.0000	0.0000	0.0000	0.0000	0.0000	0.0000	0.0000	0.0000	0.0000	0.0000	0.0000	0.0000	0.0000	0.0000	0.0000	0.0000	0.0000	0.0000	0.0000	0.0000	0.0000	0.0000	0.0000	0.0000	0.0000	0.0000	0.0117	0.0043	0.0075	0.0000	0.0000	0.0000	0.0117	0.0042	0.0075	0.0000	0.0000	0.0000	0.0000	0.0000	0.0000	0.0000	0.0000	0.0000	0.0000	0.0000	0.0000	0.0000	0.0000	0.0000	0.0000	0.0000	0.0000											
20	142	0.0285	2	0	1	0	0	0	0	0	0	N	N	N	N	N	N	N	N	N	N	N	N	0.0000	0.0000	0.0000	0.0000	0.0000	0.0000	0.0000	0.0000	0.0000	0.0000	0.0000	0.0000	0.0000	0.0000	0.0000	0.0000	0.0000	0.0000	0.0000	0.0000	0.0000	1.0000	1.0000	1.0000	0.0000	0.0000	0.0000	0.0000	0.0000	0.0000	0.0000	0.0000	0.0000	0.0000	0.0000	0.0000	0.0000	0.0000	0.0000	0.0000	0.0000	0.0000	0.0000	0.0000	0.0000	0.0000	0.0000	0.0000	0.0000	0.0000	0.0000	0.0069	0.0023	0.0046	0.0000	0.0000	0.0000	0.0069	0.0023	0.0046	0.0000	0.0000	0.0000	0.0000	0.0000	0.0000	0.0000	0.0000	0.0000	0.0000	0.0000	0.0000	0.0000	0.0000	0.0000	0.0000	0.0000	0.0000											
20	145	0.6701	9	1	2	0	0	0	0	0	0	N	Y	N	N	N	N	N	N	N	N	N	N	0.0000	0.0000	0.0000	0.0000	0.0000	0.0000	0.0000	0.0000	0.0000	0.0000	0.0000	0.0000	0.0000	0.0000	0.0000	0.0000	0.0000	0.0000	0.0000	0.0000	0.0000	1.0000	1.0000	1.0000	0.0000	0.0000	0.0000	0.0000	0.0000	0.0000	0.0000	0.0000	0.0000	0.0000	0.0000	0.0000	0.0000	0.0000	0.0000	0.0000	0.0000	0.0000	0.0000	0.0000	0.0000	0.0000	0.0000	0.0000	0.0000	0.0000	0.0000	0.0026	0.0017	0.0009	0.0016	0.0014	0.0002	0.0010	0.0003	0.0007	0.0000	0.0000	0.0000	0.0000	0.0000	0.0000	0.0000	0.0000	0.0000	0.0000	0.0000	0.0000	0.0000	0.0000	0.0000	0.0000	0.0000	0.0000											
20	146	0.6701	8	0	2	0	0	0	0	0	0	N	Y	N	N	N	N	N	N	N	N	N	N	0.0000	0.0000	0.0000	0.0000	0.0000	0.0000	0.0000	0.0000	0.0000	0.0000	0.0000	0.0000	0.0000	0.0000	0.0000	0.0000	0.0000	0.0000	0.0000	0.0000	0.0000	0.0003	1.0000	0.0000	0.0000	0.0000	0.0000	0.0000	0.0000	0.0000	0.0000	0.0000	0.0000	0.0000	0.0000	0.0000	0.0000	0.0000	0.0000	0.0000	0.0000	0.0000	0.0000	0.0000	0.0000	0.0000	0.0000	0.0000	0.0000	0.0000	0.0000	0.0000	0.0000	0.0000	0.0000	0.0000	0.0000	0.0000	0.0000	0.0000	0.0000	0.0000	0.0000	0.0000	0.0000	0.0000	0.0000	0.0000	0.0000	0.0000	0.0000	0.0000	0.0000	0.0000	0.0000	0.0000	0.0000	0.0000											
20	147	0.6515	7	0	1	0	0	0	0	0	0	N	N	N	N	N	N	N	N	N	N	N	N	0.0000	0.0000	0.0000	0.0000	0.0000	0.0000	0.0000	0.0000	0.0000	0.0000	0.0000	0.0000	0.0000	1.9437	2.6609	0.0000	3.6874	3.7066	0.0000	0.0000	0.0000	0.0000	0.0000	0.0000	-0.0020	0.0000	4.9449	1.0000	1.0063	0.0000	0.0000	0.0000	0.0000	0.0000	0.0000	0.0000	0.0000	0.0000	0.0038	0.0038	0.0000	0.0038	0.0038	0.0000	0.0000	0.0000	0.0000	0.0000	0.0000	0.0000	0.0000	0.0000	0.0000	0.0000	0.0000	0.0000	0.0076	0.0049	0.0027	0.0047	0.0040	0.0006	0.0029	0.0009	0.0020	0.0000	0.0000	0.0000	0.0000	0.0000	0.0000	0.0000	0.0000	0.0000	0.5035	0.7752	0.0000	0.8150	0.9442	0.0000	0.0000	0.0000	0.0000						
20	148	0.6350	6	0	1	0	0	0	0	0	0	N	N	N	N	N	N	N	N	N	N	N	N	0.0000	0.0000	0.0000	0.0000	0.0000	0.0000	0.0000	0.0000	0.0000	0.0000	0.0000	0.0000	0.0000	0.0000	0.0000	1.8654	0.5118	6.7770	3.6909	0.1748	56.7994	0.0000	0.0000	0.0000	63.6996	0.0000	0.0018	0.0000	3.4778	1.0000	1.2917	0.0000	0.0000	0.0000	0.0000	0.0000	0.0000	0.0000	0.0000	0.0000	0.0039	0.0001	0.0038	0.0039	0.0001	0.0038	0.0000	0.0000	0.0000	0.0000	0.0000	0.0000	0.0000	0.0000	0.0000	0.0000	0.0000	0.0000	0.0091	0.0055	0.0036	0.0047	0.0042	0.0005	0.0044	0.0013	0.0030	0.0000	0.0000	0.0000	0.0000	0.0000	0.0000	0.0000	0.0000	0.0000	0.4269	0.0109	1.0716	0.8215	0.0142	7.4419	0.0000	0.0000	0.0000				
20	149	0.5846	5	0	1	0	0	0	0	0	0	N	N	N	N	N	N	N	N	N	N	N	N	0.0000	0.0000	0.0000	0.0000	0.0000	0.0000	0.0000	0.0000	0.0000	0.0000	0.0000	0.0000	0.0000	0.0383	0.0000	0.0096	0.0329	0.0000	0.1150	0.0000	0.0000	0.0000	inf	0.0000	0.0000	0.0000	7.8050	1.0000	4.0035	0.0000	0.0000	0.0000	0.0000	0.0000	0.0000	0.0000	0.0000	0.0000	0.0001	0.0000	0.0001	0.0001	0.0000	0.0001	0.0000	0.0000	0.0000	0.0000	0.0000	0.0000	0.0000	0.0000	0.0000	0.0000	0.0000	0.0000	0.0187	0.0107	0.0081	0.0085	0.0073	0.0012	0.0102	0.0034	0.0069	0.0000	0.0000	0.0000	0.0000	0.0000	0.0000	0.0000	0.0000	0.0000	0.0027	0.0000	0.0062	0.0059	0.0000	0.0414	0.0000	0.0000	0.0000						
20	150	0.4900	5	0	1	0	0	0	0	0	0	N	N	N	N	N	N	N	N	N	N	N	N	0.0000	0.0000	0.0000	0.0000	0.0000	0.0000	0.0000	0.0000	0.0000	0.0000	0.0000	0.0000	0.0000	0.0000	0.0000	0.0000	0.0000	0.0000	0.0000	0.0000	0.0000	3.7255	1.0000	14.1767	0.0000	0.0000	0.0000	0.0000	0.0000	0.0000	0.0000	0.0000	0.0000	0.0000	0.0000	0.0000	0.0000	0.0000	0.0000	0.0000	0.0000	0.0000	0.0000	0.0000	0.0000	0.0000	0.0000	0.0000	0.0000	0.0000	0.0000	0.0319	0.0176	0.0143	0.0122	0.0107	0.0015	0.0197	0.0069	0.0128	0.0000	0.0000	0.0000	0.0000	0.0000	0.0000	0.0000	0.0000	0.0000	0.0000	0.0000	0.0000	0.0000	0.0000	0.0000	0.0000	0.0000	0.0000											
20	151	0.4736	4	0	1	0	0	0	0	0	0	N	N	N	N	N	N	N	N	N	N	N	N	0.0000	0.0000	0.0000	0.0000	0.0000	0.0000	0.0000	0.0000	0.0000	0.0000	0.0000	0.0000	0.0000	0.0000	0.0000	0.0000	0.0000	0.0000	0.0000	0.0000	0.0000	1.4205	1.0000	4.0377	0.0000	0.0000	0.0000	0.0000	0.0000	0.0000	0.0000	0.0000	0.0000	0.0000	0.0000	0.0000	0.0000	0.0000	0.0000	0.0000	0.0000	0.0000	0.0000	0.0000	0.0000	0.0000	0.0000	0.0000	0.0000	0.0000	0.0000	0.0172	0.0100	0.0072	0.0072	0.0067	0.0006	0.0099	0.0033	0.0066	0.0000	0.0000	0.0000	0.0000	0.0000	0.0000	0.0000	0.0000	0.0000	0.0000	0.0000	0.0000	0.0000	0.0000	0.0000	0.0000	0.0000	0.0000											
21	23	0.6665	9	0	1	0	2	0	0	0	0	N	N	N	Y	N	N	N	N	N	N	N	N	0.0000	0.0000	0.0000	0.0000	0.0000	0.0000	0.0000	0.0000	0.0000	0.0000	0.0000	0.0000	0.0000	0.0000	0.0000	0.0000	0.0000	0.0000	0.0000	0.0000	0.0000	0.0000	inf	0.0000	0.0000	2.0045	0.0000	0.0106	1.0024	0.0000	0.0000	0.0000	0.0000	0.0000	0.0000	0.0000	0.0000	0.0000	0.0000	0.0000	0.0000	0.0000	0.0000	0.0000	0.0000	0.0000	0.0000	0.0000	0.0000	0.0000	0.0000	0.0000	0.0000	0.0000	0.0000	0.0000	0.0035	0.0018	0.0017	0.0013	0.0011	0.0002	0.0022	0.0007	0.0015	0.0000	0.0000	0.0000	0.0000	0.0000	0.0000	0.0000	0.0000	0.0000	0.0000	0.0000	0.0000	0.0000	0.0000	0.0000	0.0000	0.0000	0.0000						
21	24	0.0908	4	0	1	0	1	0	0	0	0	N	N	N	N	N	N	N	N	N	N	N	N	0.0000	0.0000	0.0000	0.0000	0.0000	0.0000	0.0000	0.0000	0.0000	0.0000	0.0000	0.0000	0.0000	0.0000	0.0000	0.0000	0.0000	0.0000	0.0000	0.0000	2.0045	0.0000	0.0106	0.0000	0.0000	0.0000	0.0000	0.0000	0.0000	0.0000	0.0000	0.0000	0.0000	0.0000	0.0000	0.0000	0.0000	0.0000	0.0000	0.0000	0.0000	0.0000	0.0000	0.0000	0.0000	0.0000	0.0000	0.0000	0.0000	0.0000	0.0000	0.0000	0.0000	0.0000	0.0000	0.0000	0.0000	0.0000	0.0000	0.0000	0.0000	0.0000	0.0000	0.0000	0.0000	0.0000	0.0000	0.0000	0.0000	0.0000	0.0000	0.0000	0.0000	0.0000	0.0000	0.0000	0.0000	0.0000											
21	25	0.6983	9	0	1	0	1	0	0	0	0	N	N	N	N	N	N	N	N	N	N	N	N	0.0009	inf	0.0000	inf	inf	0.0000	0.0000	0.0000	0.0000	0.0000	0.0000	0.0000	0.0000	0.0000	0.0000	0.0000	0.0001	0.0000	0.0001	0.0000	0.0000	0.0000	0.0001	0.0000	0.0001	0.0000	inf	-0.0000	0.0000	2.0045	0.9998	0.0106	0.0242	0.0000	0.0000	0.0000	0.0000	0.0000	0.0000	0.0000	0.0000	0.0000	0.0000	0.0000	0.0000	0.0000	0.0000	0.0000	0.0000	0.0000	0.0000	0.0759	0.0697	0.0062	0.0582	0.0544	0.0038	0.0177	0.0153	0.0024	0.0028	0.0016	0.0012	0.0015	0.0013	0.0002	0.0013	0.0003	0.0010	0.0045	inf	0.0000	inf	inf	0.0000	0.0000	0.0000	0.0000	0.0000	0.0000	0.0001	0.0000	0.0000	0.0000	0.0001	0.0000	0.0001		
21	26	0.7360	12	0	1	0	2	0	0	0	0	N	N	N	Y	N	N	N	N	N	N	N	N	0.0000	0.0000	0.0000	0.0000	0.0000	0.0000	0.0000	0.0000	0.0000	0.0000	0.0000	0.0000	0.0000	0.0000	0.0000	0.0000	0.0000	0.0000	0.0000	0.0000	2.0045	0.0000	0.0106	0.0000	0.0000	0.0000	0.0000	0.0000	0.0000	0.0000	0.0000	0.0000	0.0000	0.0000	0.0000	0.0000	0.0000	0.0000	0.0000	0.0000	0.0000	0.0000	0.0000	0.0000	0.0000	0.0000	0.0000	0.0000	0.0000	0.0000	0.0000	0.0000	0.0000	0.0000	0.0000	0.0000	0.0000	0.0000	0.0000	0.0000	0.0000	0.0000	0.0000	0.0000	0.0000	0.0000	0.0000	0.0000	0.0000	0.0000	0.0000	0.0000	0.0000	0.0000	0.0000	0.0000	0.0000	0.0000											
21	27	0.1145	4	1	1	0	1	0	0	0	0	N	N	N	N	N	N	N	N	N	N	N	N	0.0090	0.0033	0.0000	0.0010	0.0010	0.0000	1.9633	inf	0.0000	0.0000	0.0000	0.0000	0.0000	0.0000	0.0000	0.0000	0.0000	0.0000	0.0014	0.0043	0.0000	0.0290	0.0287	0.0000	0.0000	0.0000	0.0000	0.0050	0.0092	-0.0000	-0.0000	2.0045	0.0418	0.0106	6.1659	0.0000	0.0000	0.0000	0.0000	0.0000	0.0000	0.0000	0.0000	0.0000	0.0000	0.0000	0.0000	0.0000	0.0000	0.0000	0.0000	0.0000	0.0000	0.0063	0.0057	0.0006	0.0016	0.0016	0.0000	0.0046	0.0041	0.0005	0.0465	0.0209	0.0256	0.0035	0.0032	0.0003	0.0430	0.0177	0.0253	0.0308	0.0154	0.0000	0.0050	0.0047	0.0000	1.9633	inf	0.0000	0.0004	0.0009	0.0000	0.0056	0.0060	0.0000	0.0000	0.0000	0.0000
21	28	0.1214	7	0	0	0	2	0	0	0	0	N	N	N	Y	N	N	N	N	N	N	N	N	0.0242	0.0259	0.0039	0.0561	0.0838	0.0000	0.0000	0.0000	0.0000	0.0000	0.0000	0.0000	0.0000	0.0000	0.0000	0.0000	0.0000	0.0000	0.0001	0.0001	0.0000	0.0002	0.0001	0.0000	0.0000	0.0002	0.0000	0.0024	10.8651	-0.0000	0.0000	2.0045	1.5398	0.0106	1.0296	0.0000	0.0000	0.0000	0.0000	0.0000	0.0000	0.0000	0.0000	0.0000	0.0000	0.0000	0.0000	0.0000	0.0000	0.0000	0.0000	0.0000	0.0000	0.1779	0.1595	0.0184	0.0438	0.0419	0.0019	0.1341	0.1177	0.0164	0.0189	0.0090	0.0099	0.0061	0.0053	0.0008	0.0128	0.0037	0.0091	0.2923	1.8345	0.0039	2.1353	4.5469	0.0000	0.0000	0.0000	0.0000	0.0000	0.0000	0.0000	0.0000	0.0000	0.0000	0.0000	0.0000	0.0000
21	29	0.1163	6	0	0	0	2	0	0	0	0	N	N	N	Y	N	N	N	N	N	N	N	N	0.0426	0.0255	0.0000	0.0687	0.0798	0.0000	0.0000	0.0000	0.0000	0.0000	0.0000	0.0000	0.0000	0.0000	0.0000	0.0000	0.0000	0.0002	0.0004	0.0000	0.0006	0.0006	0.0000	0.0000	0.0000	0.0000	0.0001	0.1990	-0.0000	-0.0000	2.0045	0.8816	0.0106	0.0702	0.0000	0.0000	0.0000	0.0000	0.0000	0.0000	0.0000	0.0000	0.0000	0.0000	0.0000	0.0000	0.0000	0.0000	0.0000	0.0000	0.0000	0.0000	0.0920	0.0820	0.0100	0.0191	0.0180	0.0011	0.0729	0.0640	0.0089	0.0080	0.0040	0.0040	0.0027	0.0024	0.0003	0.0052	0.0016	0.0037	0.1389	0.0933	0.0000	0.2678	0.2562	0.0000	0.0000	0.0000	0.0000	0.0001	0.0001	0.0000	0.0002	0.0002	0.0000	0.0000	0.0000	0.0000	
21	30	0.6819	10	0	0	0	2	0	0	0	0	N	N	N	Y	N	N	N	N	N	N	N	N	0.0000	0.0000	0.0000	0.0000	0.0000	0.0000	0.0000	0.0000	0.0000	0.0000	0.0000	0.0000	0.0000	0.0000	0.0000	0.0000	0.0000	0.0000	0.0000	0.0000	2.0045	0.0000	0.0106	0.0000	0.0000	0.0000	0.0000	0.0000	0.0000	0.0000	0.0000	0.0000	0.0000	0.0000	0.0000	0.0000	0.0000	0.0000	0.0000	0.0000	0.0000	0.0000	0.0000	0.0000	0.0000	0.0000	0.0000	0.0000	0.0000	0.0000	0.0000	0.0000	0.0000	0.0000	0.0000	0.0000	0.0000	0.0000	0.0000	0.0000	0.0000	0.0000	0.0000	0.0000	0.0000	0.0000	0.0000	0.0000	0.0000	0.0000	0.0000	0.0000	0.0000	0.0000	0.0000	0.0000	0.0000	0.0000											
21	31	0.6887	8	1	0	1	1	0	0	0	0	N	N	N	N	N	N	N	N	N	N	N	N	0.0000	0.0000	0.0000	0.0000	0.0000	0.0000	0.0000	0.0000	0.0000	0.0000	0.0000	0.0000	0.0000	0.0000	0.0000	0.0000	0.0000	0.0000	0.0000	0.0000	2.0045	0.0000	0.0106	0.0000	0.0000	0.0000	0.0000	0.0000	0.0000	0.0000	0.0000	0.0000	0.0000	0.0000	0.0000	0.0000	0.0000	0.0000	0.0000	0.0000	0.0000	0.0000	0.0000	0.0000	0.0000	0.0000	0.0000	0.0000	0.0000	0.0000	0.0000	0.0000	0.0000	0.0000	0.0000	0.0000	0.0000	0.0000	0.0000	0.0000	0.0000	0.0000	0.0000	0.0000	0.0000	0.0000	0.0000	0.0000	0.0000	0.0000	0.0000	0.0000	0.0000	0.0000	0.0000	0.0000	0.0000	0.0000											
21	32	0.6245	6	0	1	0	1	0	0	0	0	N	N	N	N	N	N	N	N	N	N	N	N	inf	inf	inf	inf	0.0001	0.0001	0.0000	0.0001	0.0001	0.0000	0.0000	0.0000	0.0000	0.0000	0.0000	0.0000	0.0000	0.0000	0.0000	0.0000	0.0000	0.0000	0.0000	-0.0000	0.0000	2.0045	0.0006	0.0106	3.0000	0.0000	0.0000	0.0000	0.0000	0.0000	0.0000	0.0000	0.0000	0.0000	0.0000	0.0000	0.0000	0.0000	0.0000	0.0000	0.0000	0.0000	0.0000	0.0001	0.0001	0.0000	0.0001	0.0001	0.0000	0.0000	0.0000	0.0000	0.0093	0.0049	0.0044	0.0036	0.0030	0.0005	0.0058	0.0019	0.0039	inf	inf	0.0000	inf	inf	0.0000	0.0000	0.0000	0.0000	0.0000	0.0000	0.0000	0.0000	0.0000	0.0000	0.0000	0.0000	0.0000						
21	33	0.6245	6	0	1	0	1	0	0	0	0	N	N	N	N	N	N	N	N	N	N	N	N	8.9333	inf	0.0000	inf	inf	0.0000	0.0000	0.0086	0.0095	0.0000	0.0111	0.0120	0.0000	0.0000	0.0000	0.0000	0.0010	0.0000	0.0007	0.0000	0.0000	0.0000	0.0007	0.0000	0.0008	0.0000	inf	-0.0004	0.0000	2.0045	2.0006	0.0106	8.0000	0.0017	0.0017	0.0000	0.0017	0.0017	0.0000	0.0000	0.0000	0.0000	0.0000	0.0000	0.0000	0.0000	0.0000	0.0000	0.0000	0.0000	0.0000	0.1993	0.1809	0.0184	0.1538	0.1426	0.0112	0.0455	0.0383	0.0072	0.0290	0.0154	0.0136	0.0112	0.0095	0.0017	0.0179	0.0059	0.0120	24.9038	inf	0.0000	inf	inf	0.0000	0.0000	0.0000	0.0000	0.0003	0.0000	0.0007	0.0000	0.0000	0.0000	0.0006	0.0000	0.0008		
21	34	0.6657	7	1	1	0	1	0	0	0	0	N	N	N	N	N	N	N	N	N	N	N	N	3.2133	inf	0.0001	70.4648	inf	0.0000	0.0000	0.0001	0.0028	0.0030	0.0000	0.0038	0.0041	0.0000	0.0000	0.0000	0.0000	0.0009	0.0000	0.0007	0.0001	0.0000	0.0000	0.0009	0.0000	0.0009	0.0000	inf	-0.0005	0.0000	2.0045	10.0001	0.0106	4.0001	0.0018	0.0018	0.0000	0.0018	0.0018	0.0000	0.0000	0.0000	0.0000	0.0000	0.0000	0.0000	0.0000	0.0000	0.0000	0.0000	0.0000	0.0000	0.6644	0.6051	0.0592	0.4828	0.4489	0.0339	0.1816	0.1562	0.0254	0.0318	0.0180	0.0138	0.0159	0.0136	0.0023	0.0160	0.0045	0.0115	8.8177	inf	0.0001	28770.9686	inf	0.0000	0.0000	0.0000	0.0001	0.0003	0.0000	0.0007	0.0000	0.0000	0.0000	0.0006	0.0000	0.0009	
21	35	0.6245	6	0	1	0	1	0	0	0	0	N	N	N	N	N	N	N	N	N	N	N	N	0.1296	0.0735	0.1356	0.1434	0.0005	0.0005	0.0000	0.0006	0.0006	0.0000	0.0000	0.0000	0.0000	0.0035	0.0068	0.0000	0.0043	0.0044	0.0000	0.0000	0.0000	0.0000	0.0000	0.0000	-0.0000	-0.0000	2.0045	3.0004	0.0106	2.0000	0.0001	0.0001	0.0000	0.0001	0.0001	0.0000	0.0000	0.0000	0.0000	0.0000	0.0000	0.0000	0.0000	0.0000	0.0000	0.0000	0.0000	0.0000	0.2881	0.2614	0.0267	0.2207	0.2045	0.0161	0.0674	0.0569	0.0106	0.0152	0.0081	0.0072	0.0058	0.0050	0.0009	0.0094	0.0031	0.0063	0.6879	0.4018	0.0000	0.3427	0.3149	0.0000	0.0000	0.0000	0.0000	0.0007	0.0012	0.0000	0.0017	0.0020	0.0000	0.0000	0.0000	0.0000					
21	36	0.0684	3	0	1	0	1	0	0	0	0	N	N	N	N	N	N	N	N	N	N	N	N	3.1261	1.1064	0.0146	0.0153	inf	inf	0.0062	0.0069	0.0000	0.0254	0.0269	0.0000	0.0006	0.0006	0.0000	0.0020	0.0063	0.0000	1.7440	1.7564	0.0000	0.0000	0.0000	0.0000	0.0000	0.0000	-0.0005	-0.0000	2.0045	3.0000	0.0106	3.0000	0.0018	0.0018	0.0000	0.0017	0.0017	0.0000	0.0001	0.0001	0.0000	0.0000	0.0000	0.0000	0.0000	0.0000	0.0000	0.0000	0.0000	0.0000	0.2972	0.2656	0.0316	0.0674	0.0636	0.0038	0.2299	0.2020	0.0279	0.0410	0.0170	0.0240	0.0001	0.0001	0.0000	0.0409	0.0168	0.0240	12.6894	5.8774	0.0000	0.1755	0.1852	0.0000	inf	inf	0.0000	0.0005	0.0012	0.0000	0.1447	0.1452	0.0000	0.0000	0.0000	0.0000			
21	37	0.6547	7	1	1	0	1	0	0	0	0	N	N	N	N	N	N	N	N	N	N	N	N	inf	inf	inf	inf	inf	inf	0.0031	0.0000	0.0315	0.0000	0.0000	0.0001	0.0111	0.0000	0.0649	0.0000	0.0000	0.0000	0.0000	0.0000	0.0000	0.0000	0.0000	0.0000	inf	0.0009	0.0000	2.0045	4.2779	0.0106	3.9542	0.0013	0.0000	0.0013	0.0000	0.0000	0.0000	0.0013	0.0000	0.0013	0.0000	0.0000	0.0000	0.0000	0.0000	0.0000	0.0000	0.0000	0.0000	0.4087	0.3683	0.0403	0.2943	0.2735	0.0208	0.1144	0.0948	0.0195	0.0252	0.0129	0.0122	0.0092	0.0078	0.0014	0.0160	0.0051	0.0108	inf	0.0000	inf	inf	0.0000	inf	inf	0.0000	inf	0.0000	0.0000	0.0000	0.0000	0.0000	0.0000	0.0000	0.0000	0.0000				
21	38	0.1350	7	1	1	0	1	0	0	0	0	N	N	N	N	N	N	N	N	N	N	N	N	77.9787	52.8586	0.0000	131.0414	154.1497	0.0000	232.8391	2.8832	0.0000	0.0051	0.0057	0.0000	0.0192	0.0205	0.0000	0.0006	0.0007	0.0000	0.0001	0.0001	0.0000	0.0001	0.0001	0.0000	0.0000	0.0002	0.0000	0.0000	1.7619	-0.0004	0.0000	2.0045	2.8243	0.0106	1.0201	0.0015	0.0015	0.0000	0.0014	0.0014	0.0000	0.0001	0.0001	0.0000	0.0000	0.0000	0.0000	0.0000	0.0000	0.0000	0.0000	0.0000	0.0000	0.2938	0.2617	0.0322	0.0713	0.0668	0.0045	0.2225	0.1949	0.0276	0.0261	0.0121	0.0141	0.0079	0.0067	0.0011	0.0183	0.0053	0.0129	1914.4705	2741.2464	0.0000	6350.7666	6391.1409	0.0000	232.8391	986.8101	0.0000	0.0000	0.0000	0.0000	0.0000	0.0000	0.0000	0.0000	0.0000	0.0000
21	39	0.6657	7	0	1	0	1	0	0	0	0	N	N	N	N	N	N	N	N	N	N	N	N	3.0332	inf	0.0000	inf	inf	0.0000	inf	0.0000	0.0046	0.0050	0.0000	0.0061	0.0066	0.0000	0.0000	0.0000	0.0000	0.0015	0.0000	0.0010	0.0000	0.0000	0.0000	0.0015	0.0000	0.0012	0.0000	inf	-0.0004	0.0000	2.0045	5.0001	0.0106	5.0000	0.0017	0.0017	0.0000	0.0017	0.0017	0.0000	0.0000	0.0000	0.0000	0.0000	0.0000	0.0000	0.0000	0.0000	0.0000	0.0000	0.0000	0.0000	0.3759	0.3428	0.0331	0.2810	0.2614	0.0196	0.0949	0.0813	0.0135	0.0235	0.0133	0.0102	0.0117	0.0100	0.0017	0.0118	0.0033	0.0085	10.7595	inf	0.0000	inf	inf	0.0000	0.0000	inf	0.0000	0.0004	0.0000	0.0010	0.0000	0.0000	0.0000	0.0008	0.0000	0.0012	
21	40	0.0908	4	0	1	0	1	0	0	0	0	N	N	N	N	N	N	N	N	N	N	N	N	0.0000	0.0000	0.0000	0.0000	0.0000	0.0000	0.0000	0.0000	0.0000	0.0000	0.0000	0.0000	0.0000	0.0000	0.0000	0.0000	0.0000	0.0000	0.0000	0.0000	2.0045	0.0000	0.0106	2.0000	0.0000	0.0000	0.0000	0.0000	0.0000	0.0000	0.0000	0.0000	0.0000	0.0000	0.0000	0.0000	0.0000	0.0000	0.0000	0.0000	0.0000	0.0000	0.0000	0.0000	0.0000	0.0000	0.0000	0.0000	0.0000	0.0000	0.0000	0.0087	0.0026	0.0061	0.0000	0.0000	0.0000	0.0087	0.0026	0.0061	0.0000	0.0000	0.0000	0.0000	0.0000	0.0000	0.0000	0.0000	0.0000	0.0000	0.0000	0.0000	0.0000	0.0000	0.0000	0.0000	0.0000	0.0000											
21	41	0.6657	7	0	1	0	1	0	0	0	0	N	N	N	N	N	N	N	N	N	N	N	N	0.6275	inf	0.0000	inf	inf	0.0000	0.0000	0.0042	0.0046	0.0000	0.0057	0.0061	0.0000	0.0000	0.0000	0.0000	0.0067	0.0000	0.0022	0.0000	0.0000	0.0000	0.0080	0.0000	0.0026	0.0000	inf	-0.0005	0.0000	2.0045	5.9998	0.0106	3.0000	0.0018	0.0018	0.0000	0.0018	0.0018	0.0000	0.0000	0.0000	0.0000	0.0000	0.0000	0.0000	0.0000	0.0000	0.0000	0.0000	0.0000	0.0000	0.4393	0.4005	0.0388	0.3264	0.3037	0.0228	0.1128	0.0968	0.0160	0.0213	0.0121	0.0093	0.0106	0.0091	0.0015	0.0107	0.0030	0.0077	4.4937	inf	0.0000	inf	inf	0.0000	0.0000	0.0000	0.0000	0.0009	0.0000	0.0022	0.0000	0.0000	0.0000	0.0019	0.0000	0.0026		
21	42	0.1569	8	0	1	1	2	0	0	0	0	N	N	N	Y	N	N	N	N	N	N	N	N	18076.4123	3275700.6338	3258622.6415	15222230.7123	0.9436	0.0000	5.5503	0.0000	0.0000	0.0000	3.9225	0.0000	25.3480	0.0001	0.0000	0.0000	0.0000	0.0000	0.0000	0.0000	0.0000	0.0000	inf	inf	0.0002	0.0000	2.0045	0.0011	0.0106	1.0134	0.0003	0.0000	0.0003	0.0000	0.0000	0.0000	0.0003	0.0000	0.0003	0.0000	0.0000	0.0000	0.0000	0.0000	0.0000	0.0000	0.0000	0.0000	0.0003	0.0003	0.0001	0.0003	0.0002	0.0000	0.0001	0.0001	0.0000	0.0048	0.0014	0.0034	0.0001	0.0001	0.0000	0.0047	0.0013	0.0034	778539.0013	0.0000	3275700.6338	0.0000	0.0000	0.0000	3258622.6415	0.0000	15222230.7123	0.0000	0.0000	0.0000	0.0000	0.0000	0.0000	0.0000	0.0000	0.0000					
21	43	0.1350	7	0	0	0	2	0	0	0	0	N	N	N	Y	N	N	N	N	N	N	N	N	54470.1798	0.0199	7435841.5784	0.0549	0.0672	0.0000	1463994.2736	8367019.5517	3.3985	0.0000	31.0502	0.0000	0.0000	0.0000	4.4886	0.0000	36.1658	0.0001	0.0001	0.0000	0.0001	0.0001	0.0000	0.0000	0.0000	0.0000	2237307.6492	7.6561	0.7376	0.0000	2.0045	2.8187	0.0106	0.0347	0.9970	0.0000	0.9970	0.0000	0.0000	0.0000	0.9970	0.0000	0.9970	0.0000	0.0000	0.0000	0.0000	0.0000	0.0000	0.0000	0.0000	0.0000	0.2933	0.2612	0.0321	0.0712	0.0667	0.0045	0.2221	0.1945	0.0276	0.0198	0.0092	0.0106	0.0061	0.0052	0.0009	0.0138	0.0040	0.0098	1343669.6233	2.7102	7435841.5784	4.7567	6.0060	0.0000	1463994.2736	0.0000	8367019.5517	0.0000	0.0000	0.0000	0.0000	0.0000	0.0000	0.0000	0.0000	0.0000	
21	44	0.1223	6	0	0	0	1	0	0	0	0	N	N	N	N	N	N	N	N	N	N	N	N	162.3754	0.0005	314004.6733	0.0000	0.0000	0.0000	inf	inf	inf	0.0138	0.0000	0.1266	0.0000	0.0000	0.0000	0.0173	0.0000	0.1419	0.0001	0.0002	0.0000	0.0003	0.0002	0.0000	0.0000	0.0000	0.0000	173181.8734	0.0443	0.0010	-0.0000	2.0045	0.9605	0.0106	1.0076	0.0014	0.0000	0.0014	0.0000	0.0000	0.0000	0.0014	0.0000	0.0014	0.0000	0.0000	0.0000	0.0000	0.0000	0.0000	0.0000	0.0000	0.0000	0.0993	0.0885	0.0108	0.0203	0.0192	0.0012	0.0789	0.0693	0.0096	0.0138	0.0064	0.0074	0.0042	0.0036	0.0006	0.0096	0.0028	0.0068	2695.7559	0.0084	314004.6733	0.0000	0.0000	0.0000	inf	inf	inf	0.0000	0.0000	0.0000	0.0000	0.0000	0.0000	0.0000	0.0000	0.0000
21	45	0.6777	9	0	1	1	2	0	0	0	0	N	N	N	Y	N	N	N	N	N	N	N	N	0.0000	0.0000	0.0000	0.0000	0.0000	0.0000	0.0000	0.0000	0.0000	0.0000	0.0000	0.0000	0.0000	0.0145	0.0000	0.0031	0.0000	0.0000	0.0000	0.0138	0.0000	0.0035	inf	0.0000	0.0000	2.0045	1.0000	0.0106	1.0000	0.0000	0.0000	0.0000	0.0000	0.0000	0.0000	0.0000	0.0000	0.0000	0.0000	0.0000	0.0000	0.0000	0.0000	0.0000	0.0000	0.0000	0.0000	0.0999	0.0905	0.0094	0.0753	0.0697	0.0056	0.0246	0.0208	0.0039	0.0066	0.0034	0.0032	0.0024	0.0020	0.0004	0.0042	0.0013	0.0028	0.0000	0.0000	0.0000	0.0000	0.0000	0.0000	0.0000	0.0000	0.0000	0.0015	0.0000	0.0031	0.0000	0.0000	0.0000	0.0024	0.0000	0.0035						
21	46	0.0684	3	0	1	0	1	0	0	0	0	N	N	N	N	N	N	N	N	N	N	N	N	0.0000	0.0000	0.0000	0.0000	0.0000	0.0000	0.0000	0.0000	0.0000	0.0000	0.0000	0.0000	0.0000	0.0000	0.0000	0.0000	0.0000	0.0000	0.0000	0.0000	2.0045	0.0000	0.0106	0.0000	0.0000	0.0000	0.0000	0.0000	0.0000	0.0000	0.0000	0.0000	0.0000	0.0000	0.0000	0.0000	0.0000	0.0000	0.0000	0.0000	0.0000	0.0000	0.0000	0.0000	0.0000	0.0000	0.0000	0.0000	0.0000	0.0000	0.0000	0.0000	0.0000	0.0000	0.0000	0.0000	0.0000	0.0000	0.0000	0.0000	0.0000	0.0000	0.0000	0.0000	0.0000	0.0000	0.0000	0.0000	0.0000	0.0000	0.0000	0.0000	0.0000	0.0000	0.0000	0.0000	0.0000	0.0000											
21	47	0.1223	6	0	1	0	2	0	0	0	0	N	N	N	Y	N	N	N	N	N	N	N	N	0.0000	0.0000	0.0000	0.0000	0.0000	0.0000	0.0000	0.0000	0.0000	0.0000	0.0000	0.0000	0.0000	0.0000	0.0000	0.0000	0.0000	0.0000	0.0000	0.0000	2.0045	0.0000	0.0106	1.0000	0.0000	0.0000	0.0000	0.0000	0.0000	0.0000	0.0000	0.0000	0.0000	0.0000	0.0000	0.0000	0.0000	0.0000	0.0000	0.0000	0.0000	0.0000	0.0000	0.0000	0.0000	0.0000	0.0000	0.0000	0.0000	0.0000	0.0000	0.0072	0.0033	0.0038	0.0022	0.0019	0.0003	0.0050	0.0014	0.0035	0.0000	0.0000	0.0000	0.0000	0.0000	0.0000	0.0000	0.0000	0.0000	0.0000	0.0000	0.0000	0.0000	0.0000	0.0000	0.0000	0.0000	0.0000											
21	48	0.0684	3	1	1	0	1	0	0	0	0	N	N	N	N	N	N	N	N	N	N	N	N	0.0000	0.0000	0.0000	0.0000	0.0000	0.0000	0.0000	0.0000	0.0000	0.0000	0.0000	0.0000	0.0000	0.0122	0.0398	0.0000	2.7114	2.7340	0.0000	0.0000	0.0000	0.0000	0.0000	0.0000	-0.0000	2.0045	0.0000	0.0106	4.0000	0.0000	0.0000	0.0000	0.0000	0.0000	0.0000	0.0000	0.0000	0.0000	0.0000	0.0000	0.0000	0.0000	0.0000	0.0000	0.0000	0.0000	0.0000	0.0000	0.0000	0.0000	0.0000	0.0000	0.0000	0.0000	0.0000	0.0000	0.0285	0.0118	0.0167	0.0001	0.0001	0.0000	0.0284	0.0117	0.0167	0.0000	0.0000	0.0000	0.0000	0.0000	0.0000	0.0000	0.0000	0.0000	0.0014	0.0034	0.0000	0.4288	0.4303	0.0000	0.0000	0.0000	0.0000						
21	49	0.1431	7	0	0	1	1	0	0	0	0	N	N	N	N	N	N	N	N	N	N	N	N	0.0000	0.0000	0.0000	0.0000	0.0000	0.0000	0.0000	0.0000	0.0000	0.0000	0.0000	0.0000	0.0000	0.0000	0.0000	0.0000	0.0000	0.0000	0.0000	0.0000	2.0045	0.0000	0.0106	0.0000	0.0000	0.0000	0.0000	0.0000	0.0000	0.0000	0.0000	0.0000	0.0000	0.0000	0.0000	0.0000	0.0000	0.0000	0.0000	0.0000	0.0000	0.0000	0.0000	0.0000	0.0000	0.0000	0.0000	0.0000	0.0000	0.0000	0.0000	0.0000	0.0000	0.0000	0.0000	0.0000	0.0000	0.0000	0.0000	0.0000	0.0000	0.0000	0.0000	0.0000	0.0000	0.0000	0.0000	0.0000	0.0000	0.0000	0.0000	0.0000	0.0000	0.0000	0.0000	0.0000	0.0000	0.0000											
21	50	0.6867	8	0	0	1	1	0	0	0	0	N	N	N	N	N	N	N	N	N	N	N	N	0.0000	0.0000	0.0000	0.0000	0.0000	0.0000	0.0000	0.0000	0.0000	0.0000	0.0000	0.0000	0.0000	0.0000	0.0000	0.0000	0.0000	0.0000	0.0000	0.0000	2.0045	1.0000	0.0106	1.0000	0.0000	0.0000	0.0000	0.0000	0.0000	0.0000	0.0000	0.0000	0.0000	0.0000	0.0000	0.0000	0.0000	0.0000	0.0000	0.0000	0.0000	0.0000	0.0751	0.0675	0.0076	0.0555	0.0507	0.0048	0.0196	0.0167	0.0028	0.0052	0.0027	0.0025	0.0024	0.0020	0.0004	0.0028	0.0007	0.0021	0.0000	0.0000	0.0000	0.0000	0.0000	0.0000	0.0000	0.0000	0.0000	0.0000	0.0000	0.0000	0.0000	0.0000	0.0000	0.0000	0.0000	0.0000											
21	51	0.6913	8	0	1	0	1	0	0	0	0	N	N	N	N	N	N	N	N	N	N	N	N	0.6041	0.0000	45131.9980	0.0019	0.0000	inf	19443.5667	52753.0024	0.0143	0.0000	0.1142	0.0001	0.0000	0.0012	0.0375	0.0000	0.1434	0.0237	0.0453	0.0000	0.0264	0.0294	0.0000	0.0000	0.0000	0.0000	inf	0.0005	0.0000	-0.0000	2.0045	0.0003	0.0106	0.9690	0.0000	0.0000	0.0000	0.0000	0.0000	0.0000	0.0000	0.0000	0.0000	0.0000	0.0000	0.0000	0.0000	0.0000	0.0000	0.0000	0.0000	0.0000	0.0001	0.0001	0.0000	0.0000	0.0000	0.0000	0.0000	0.0000	0.0000	0.0045	0.0027	0.0018	0.0018	0.0016	0.0002	0.0027	0.0011	0.0016	6.7321	0.0000	45131.9980	0.0093	0.0000	inf	19443.5667	0.0000	52753.0024	0.0021	0.0036	0.0000	0.0054	0.0061	0.0000	0.0000	0.0000	0.0000	
21	52	0.1464	7	0	1	0	1	0	0	0	0	N	N	N	N	N	N	N	N	N	N	N	N	0.0000	0.0000	0.0000	0.0000	0.0000	0.0000	0.0000	0.0000	0.0000	0.0000	0.0000	0.0000	0.0000	0.0000	0.0000	0.0001	0.0000	0.0000	0.0001	0.0000	0.0000	0.0000	0.0000	0.0000	inf	0.0000	0.0000	2.0045	0.9211	0.0106	0.1671	0.0000	0.0000	0.0000	0.0000	0.0000	0.0000	0.0000	0.0000	0.0000	0.0000	0.0000	0.0000	0.0000	0.0000	0.0000	0.0000	0.0000	0.0000	0.1483	0.1263	0.0220	0.0720	0.0595	0.0125	0.0763	0.0669	0.0095	0.0079	0.0037	0.0043	0.0025	0.0022	0.0004	0.0054	0.0015	0.0039	0.0000	0.0000	0.0000	0.0000	0.0000	0.0000	0.0000	0.0000	0.0000	0.0000	0.0000	0.0000	0.0000	0.0000	0.0000	0.0000	0.0000	0.0000				
21	53	0.6777	9	0	1	0	1	0	0	0	0	N	N	N	N	N	N	N	N	N	N	N	N	19.4622	inf	0.0000	inf	inf	0.0000	0.0000	0.0457	0.0505	0.0000	0.0607	0.0656	0.0000	0.0000	0.0000	0.0000	0.0024	0.0000	0.0011	0.0000	0.0000	0.0000	0.0015	0.0000	0.0012	0.0000	inf	-0.0012	0.0000	2.0045	1.0000	0.0106	5.0000	0.0046	0.0046	0.0000	0.0046	0.0046	0.0000	0.0000	0.0000	0.0000	0.0000	0.0000	0.0000	0.0000	0.0000	0.0000	0.0000	0.0000	0.0000	0.0999	0.0905	0.0094	0.0753	0.0697	0.0056	0.0246	0.0208	0.0039	0.0189	0.0098	0.0092	0.0070	0.0059	0.0010	0.0120	0.0038	0.0081	86.6526	inf	0.0000	inf	inf	0.0000	0.0000	0.0000	0.0000	0.0005	0.0000	0.0011	0.0000	0.0000	0.0000	0.0008	0.0000	0.0012		
21	54	0.6625	8	0	0	0	1	0	0	0	0	N	N	N	N	N	N	N	N	N	N	N	N	1016.8350	337115.6446	146966.1666	358483.1703	0.0174	0.0000	0.1310	0.0000	0.0000	0.0000	0.0438	0.0000	0.1569	0.0000	0.0000	0.0000	0.0000	0.0000	0.0000	0.0000	0.0000	0.0000	inf	inf	0.0000	0.0000	2.0045	0.0000	0.0106	2.9157	0.0000	0.0000	0.0000	0.0000	0.0000	0.0000	0.0000	0.0000	0.0000	0.0000	0.0000	0.0000	0.0000	0.0000	0.0000	0.0000	0.0000	0.0000	0.0000	0.0000	0.0000	0.0000	0.0000	0.0000	0.0000	0.0000	0.0000	0.0095	0.0048	0.0046	0.0034	0.0029	0.0005	0.0060	0.0019	0.0041	91670.8061	0.0000	337115.6446	0.0000	0.0000	0.0000	146966.1666	0.0000	358483.1703	0.0000	0.0000	0.0000	0.0000	0.0000	0.0000	0.0000	0.0000	0.0000					
21	55	0.1223	6	0	1	0	1	0	0	0	0	N	N	N	N	N	N	N	N	N	N	N	N	6040.1447	0.0000	inf	0.0000	0.0000	inf	inf	5.0336	0.0000	46.5791	0.0000	0.0000	0.0000	6.3514	0.0000	52.2639	0.0008	0.0024	0.0000	0.0026	0.0025	0.0000	0.0000	0.0000	0.0000	inf	0.0000	0.7388	-0.0000	2.0045	2.0000	0.0106	3.0000	0.9986	0.0000	0.9986	0.0000	0.0000	0.0000	0.9986	0.0000	0.9986	0.0000	0.0000	0.0000	0.0000	0.0000	0.0000	0.0000	0.0000	0.0000	0.1984	0.1770	0.0214	0.0412	0.0388	0.0023	0.1572	0.1381	0.0191	0.0330	0.0151	0.0179	0.0097	0.0083	0.0014	0.0233	0.0068	0.0165	16615.1300	0.0000	inf	0.0000	0.0000	0.0000	inf	0.0000	inf	0.0003	0.0007	0.0000	0.0010	0.0012	0.0000	0.0000	0.0000	0.0000		
21	56	0.6547	7	0	1	0	2	0	0	0	0	N	N	N	Y	N	N	N	N	N	N	N	N	14.4471	inf	0.0000	inf	inf	0.0000	0.0000	0.0167	0.0186	0.0000	0.0233	0.0250	0.0000	0.0000	0.0000	0.0000	0.0012	0.0000	0.0008	0.0000	0.0000	0.0000	0.0008	0.0000	0.0009	0.0000	inf	-0.0009	0.0000	2.0045	1.7218	0.0106	6.9557	0.0033	0.0033	0.0000	0.0033	0.0033	0.0000	0.0000	0.0000	0.0000	0.0000	0.0000	0.0000	0.0000	0.0000	0.0000	0.0000	0.0000	0.0000	0.1981	0.1776	0.0204	0.1415	0.1321	0.0093	0.0566	0.0455	0.0111	0.0264	0.0136	0.0128	0.0097	0.0082	0.0015	0.0167	0.0054	0.0114	43.9852	inf	0.0000	inf	inf	0.0000	0.0000	0.0000	0.0000	0.0004	0.0000	0.0008	0.0000	0.0000	0.0000	0.0006	0.0000	0.0009		
21	57	0.6657	7	1	0	1	1	0	0	0	0	N	N	N	N	N	N	N	N	N	N	N	N	inf	inf	inf	inf	0.0075	0.0000	0.0839	0.0102	0.0000	0.1459	0.0000	0.0000	0.0000	0.0000	0.0000	0.0000	0.0000	0.0000	0.0000	0.0000	0.0000	0.0000	inf	0.0034	0.0000	2.0045	8.9999	0.0106	5.0001	0.0046	0.0000	0.0046	0.0046	0.0000	0.0046	0.0000	0.0000	0.0000	0.0000	0.0000	0.0000	0.0000	0.0000	0.0000	0.0000	0.0000	0.0000	0.6119	0.5574	0.0544	0.4471	0.4157	0.0313	0.1648	0.1417	0.0231	0.0318	0.0180	0.0138	0.0159	0.0136	0.0023	0.0160	0.0045	0.0115	inf	0.0000	inf	inf	0.0000	inf	0.0000	0.0000	0.0000	0.0000	0.0000	0.0000	0.0000	0.0000	0.0000	0.0000	0.0000	0.0000						
21	58	0.0684	3	1	0	1	1	0	0	0	0	N	N	N	N	N	N	N	N	N	N	N	N	0.0000	0.0000	0.0000	0.0000	0.0000	0.0000	0.0000	0.0000	0.0000	0.0000	0.0000	0.0000	0.0000	0.0000	0.0000	0.0000	0.0000	0.0000	0.0000	0.0000	2.0045	0.0000	0.0106	1.0000	0.0000	0.0000	0.0000	0.0000	0.0000	0.0000	0.0000	0.0000	0.0000	0.0000	0.0000	0.0000	0.0000	0.0000	0.0000	0.0000	0.0000	0.0000	0.0000	0.0000	0.0000	0.0000	0.0000	0.0000	0.0000	0.0000	0.0000	0.0076	0.0031	0.0044	0.0000	0.0000	0.0000	0.0076	0.0031	0.0044	0.0000	0.0000	0.0000	0.0000	0.0000	0.0000	0.0000	0.0000	0.0000	0.0000	0.0000	0.0000	0.0000	0.0000	0.0000	0.0000	0.0000	0.0000											
21	59	0.6913	8	0	0	1	1	0	0	0	0	N	N	N	N	N	N	N	N	N	N	N	N	40.1999	442.8315	0.0446	0.2878	17519.3417	44775.4293	0.0096	0.0000	0.0836	0.0000	0.0000	0.0006	0.0287	0.0000	0.1210	0.0002	0.0000	0.0002	0.0007	0.0000	0.0020	0.0000	0.0000	0.0000	inf	inf	0.0000	0.0000	2.0045	0.0006	0.0106	1.1867	0.0000	0.0000	0.0000	0.0000	0.0000	0.0000	0.0000	0.0000	0.0000	0.0000	0.0000	0.0000	0.0000	0.0000	0.0000	0.0000	0.0000	0.0000	0.0001	0.0001	0.0000	0.0001	0.0001	0.0000	0.0000	0.0000	0.0000	0.0052	0.0030	0.0022	0.0020	0.0018	0.0002	0.0032	0.0013	0.0020	121.4228	0.0000	442.8315	0.1553	0.0000	0.3429	17519.3417	0.0000	44775.4293	0.0001	0.0000	0.0002	0.0002	0.0000	0.0017	0.0000	0.0000	0.0000			
21	60	0.6547	7	0	0	0	1	0	0	0	0	N	N	N	N	N	N	N	N	N	N	N	N	40.9066	0.0120	inf	0.0492	0.0114	inf	inf	inf	0.0051	0.0000	0.0507	0.0000	0.0000	0.0002	0.0182	0.0000	0.0975	0.0001	0.0003	0.0000	0.0004	0.0004	0.0000	0.0000	0.0000	0.0000	1750.1526	0.0000	0.0009	-0.0000	2.0045	2.2785	0.0106	4.8627	0.0013	0.0000	0.0013	0.0000	0.0000	0.0000	0.0013	0.0000	0.0013	0.0000	0.0000	0.0000	0.0000	0.0000	0.0000	0.0000	0.0000	0.0000	0.2473	0.2223	0.0251	0.1778	0.1658	0.0121	0.0695	0.0565	0.0130	0.0221	0.0113	0.0107	0.0081	0.0068	0.0012	0.0140	0.0045	0.0095	273.4779	0.0892	inf	0.3830	0.0721	inf	inf	0.0000	inf	0.0000	0.0000	0.0000	0.0001	0.0001	0.0000	0.0000	0.0000	0.0000	
21	61	0.1464	7	0	0	1	1	0	0	0	0	N	N	N	N	N	N	N	N	N	N	N	N	0.0000	0.0000	0.0000	0.0000	0.0000	0.0000	0.0000	0.0000	0.0000	0.0000	0.0000	0.0000	0.0000	0.0000	0.0000	0.0001	0.0000	0.0000	0.0001	0.0000	0.0000	0.0000	0.0000	0.0000	inf	0.0000	0.0000	2.0045	1.0901	0.0106	7.9319	0.0000	0.0000	0.0000	0.0000	0.0000	0.0000	0.0000	0.0000	0.0000	0.0000	0.0000	0.0000	0.0000	0.0000	0.0000	0.0000	0.0000	0.0000	0.1648	0.1410	0.0237	0.0752	0.0625	0.0127	0.0896	0.0785	0.0111	0.0555	0.0248	0.0307	0.0160	0.0135	0.0025	0.0396	0.0113	0.0283	0.0000	0.0000	0.0000	0.0000	0.0000	0.0000	0.0000	0.0000	0.0000	0.0000	0.0000	0.0000	0.0000	0.0000	0.0000	0.0000	0.0000	0.0000				
21	62	0.1163	6	0	0	0	1	0	0	0	0	N	N	N	N	N	N	N	N	N	N	N	N	0.0289	0.0182	0.0000	0.0610	0.0673	0.0000	0.0000	0.0000	0.0000	0.0000	0.0000	0.0000	0.0000	0.0000	0.0000	0.0000	0.0000	0.0001	0.0002	0.0000	0.0002	0.0002	0.0000	0.0000	0.0000	0.0000	0.0002	1.3303	-0.0000	0.0000	2.0045	1.6797	0.0106	2.9843	0.0000	0.0000	0.0000	0.0000	0.0000	0.0000	0.0000	0.0000	0.0000	0.0000	0.0000	0.0000	0.0000	0.0000	0.0000	0.0000	0.0000	0.0000	0.1693	0.1510	0.0183	0.0353	0.0332	0.0020	0.1340	0.1177	0.0163	0.0323	0.0149	0.0173	0.0099	0.0085	0.0014	0.0224	0.0064	0.0159	0.4761	0.5760	0.0000	1.5945	1.4921	0.0000	0.0000	0.0000	0.0000	0.0000	0.0000	0.0000	0.0000	0.0000	0.0000	0.0000	0.0000	0.0000	
21	63	0.1061	5	0	0	0	1	0	0	0	0	N	N	N	N	N	N	N	N	N	N	N	N	1.2204	0.6908	0.0000	1.7772	1.9745	0.0000	2.2147	0.0216	0.0000	0.0002	0.0002	0.0000	0.0008	0.0009	0.0000	0.0000	0.0000	0.0000	0.0001	0.0003	0.0000	0.0005	0.0004	0.0000	0.0000	0.0003	0.0000	0.0000	0.0817	-0.0000	-0.0000	2.0045	0.4935	0.0106	1.5835	0.0000	0.0000	0.0000	0.0000	0.0000	0.0000	0.0000	0.0000	0.0000	0.0000	0.0000	0.0000	0.0000	0.0000	0.0000	0.0000	0.0000	0.0000	0.0524	0.0467	0.0057	0.0110	0.0103	0.0007	0.0414	0.0363	0.0051	0.0165	0.0083	0.0081	0.0053	0.0046	0.0006	0.0112	0.0037	0.0075	6.8493	4.2105	0.0000	10.8904	10.3815	0.0000	2.2147	5.5563	0.0000	0.0000	0.0000	0.0000	0.0001	0.0001	0.0000	0.0000	0.0000	0.0000
21	64	0.1431	7	0	1	0	1	0	0	0	0	N	N	N	N	N	N	N	N	N	N	N	N	0.0175	0.0188	0.0081	0.0241	0.0334	0.0000	0.0005	0.0000	0.0063	0.0000	0.0000	0.0000	0.0000	0.0000	0.0000	0.0000	0.0000	0.0000	0.0001	0.0001	0.0000	0.0002	0.0001	0.0000	0.0001	0.0003	0.0000	0.0092	11.5969	-0.0000	0.0000	2.0045	0.2944	0.0106	1.0083	0.0000	0.0000	0.0000	0.0000	0.0000	0.0000	0.0000	0.0000	0.0000	0.0000	0.0000	0.0000	0.0000	0.0000	0.0000	0.0000	0.0000	0.0000	0.1070	0.0990	0.0079	0.0462	0.0457	0.0006	0.0607	0.0534	0.0073	0.0089	0.0043	0.0046	0.0030	0.0026	0.0004	0.0058	0.0017	0.0042	0.1175	0.7677	0.0081	0.5537	1.1834	0.0000	0.0011	0.0000	0.0063	0.0000	0.0000	0.0000	0.0000	0.0000	0.0000	0.0000	0.0000	0.0000
21	65	0.1223	6	0	0	0	1	0	0	0	0	N	N	N	N	N	N	N	N	N	N	N	N	0.0145	0.0076	0.0000	0.0208	0.0225	0.0000	0.0000	0.0000	0.0000	0.0000	0.0000	0.0000	0.0000	0.0000	0.0000	0.0001	0.0003	0.0000	0.0005	0.0005	0.0000	0.0000	0.0000	0.0000	0.0000	0.0030	-0.0000	-0.0000	2.0045	1.1351	0.0106	2.0429	0.0000	0.0000	0.0000	0.0000	0.0000	0.0000	0.0000	0.0000	0.0000	0.0000	0.0000	0.0000	0.0000	0.0000	0.0000	0.0000	0.0000	0.0000	0.1165	0.1038	0.0127	0.0239	0.0226	0.0014	0.0926	0.0813	0.0113	0.0218	0.0100	0.0118	0.0065	0.0056	0.0009	0.0152	0.0044	0.0108	0.0859	0.0445	0.0000	0.1257	0.1143	0.0000	0.0000	0.0000	0.0000	0.0000	0.0000	0.0000	0.0001	0.0001	0.0000	0.0000	0.0000	0.0000			
21	66	0.1061	5	0	0	0	1	0	0	0	0	N	N	N	N	N	N	N	N	N	N	N	N	1.4566	0.7355	0.0000	2.0824	2.3069	3.0083	0.0240	0.0000	0.0002	0.0002	0.0000	0.0008	0.0008	0.0000	0.0000	0.0000	0.0000	0.0001	0.0003	0.0000	0.0004	0.0004	0.0000	0.0000	0.0003	0.0000	0.0000	0.0829	-0.0000	-0.0000	2.0045	0.4912	0.0106	2.4266	0.0000	0.0000	0.0000	0.0000	0.0000	0.0000	0.0000	0.0000	0.0000	0.0000	0.0000	0.0000	0.0000	0.0000	0.0000	0.0000	0.0000	0.0000	0.0522	0.0465	0.0057	0.0109	0.0103	0.0007	0.0412	0.0362	0.0051	0.0220	0.0108	0.0112	0.0068	0.0059	0.0009	0.0152	0.0048	0.0103	11.5744	6.8984	0.0000	18.2465	16.9366	0.0000	3.0083	7.2738	0.0000	0.0000	0.0000	0.0000	0.0000	0.0000	0.0000	0.0000	0.0000	0.0000	
21	67	0.1010	4	0	0	0	1	0	0	0	0	N	N	N	N	N	N	N	N	N	N	N	N	2.8294	3.0796	0.0000	4.0243	5.3545	0.0000	139.7574	2.6006	0.0000	0.0062	0.0070	0.0000	0.0139	0.0152	0.0000	0.0017	0.0019	0.0000	0.0022	0.0023	0.0000	0.0034	0.0028	0.0002	0.0000	0.0007	0.0000	0.0000	0.0113	-0.0001	-0.0000	2.0045	0.6141	0.0106	1.2701	0.0005	0.0005	0.0000	0.0004	0.0004	0.0000	0.0001	0.0001	0.0000	0.0000	0.0000	0.0000	0.0000	0.0000	0.0000	0.0000	0.0000	0.0000	0.0823	0.0732	0.0091	0.0308	0.0281	0.0028	0.0515	0.0452	0.0063	0.0448	0.0356	0.0092	0.0168	0.0164	0.0003	0.0280	0.0191	0.0089	12.1455	10.9606	0.0000	10.2495	11.0659	0.0000	147.4418	279.2627	0.0000	0.0005	0.0006	0.0000	0.0014	0.0014	0.0002	0.0000	0.0000	0.0000
21	68	0.0684	3	1	1	1	1	0	0	0	0	N	N	N	N	N	N	N	N	N	N	N	N	0.0000	0.0000	0.0000	0.0000	0.0000	0.0000	0.0000	0.0000	0.0000	0.0000	0.0000	0.0000	0.0000	0.0000	0.0000	0.0000	0.0000	0.0000	0.0000	0.0000	2.0045	0.0000	0.0106	0.0000	0.0000	0.0000	0.0000	0.0000	0.0000	0.0000	0.0000	0.0000	0.0000	0.0000	0.0000	0.0000	0.0000	0.0000	0.0000	0.0000	0.0000	0.0000	0.0000	0.0000	0.0000	0.0000	0.0000	0.0000	0.0000	0.0000	0.0000	0.0000	0.0000	0.0000	0.0000	0.0000	0.0000	0.0000	0.0000	0.0000	0.0000	0.0000	0.0000	0.0000	0.0000	0.0000	0.0000	0.0000	0.0000	0.0000	0.0000	0.0000	0.0000	0.0000	0.0000	0.0000	0.0000	0.0000											
21	69	0.7111	9	1	1	1	1	0	0	0	0	N	N	N	N	N	N	N	N	N	N	N	N	0.0000	0.0000	0.0000	0.0000	0.0000	0.0000	0.0000	0.0000	0.0000	0.0000	0.0000	0.0000	0.0000	0.0000	0.0000	0.0000	0.0000	0.0000	0.0000	0.0000	2.0045	1.0000	0.0106	0.0000	0.0000	0.0000	0.0000	0.0000	0.0000	0.0000	0.0000	0.0000	0.0000	0.0000	0.0000	0.0000	0.0000	0.0000	0.0000	0.0000	0.0000	0.0000	0.1511	0.1381	0.0129	0.1176	0.1095	0.0081	0.0335	0.0286	0.0049	0.0040	0.0024	0.0017	0.0024	0.0020	0.0003	0.0017	0.0003	0.0013	0.0000	0.0000	0.0000	0.0000	0.0000	0.0000	0.0000	0.0000	0.0000	0.0000	0.0000	0.0000	0.0000	0.0000	0.0000	0.0000	0.0000	0.0000											
21	70	0.7111	9	1	1	1	1	0	0	0	0	N	N	N	N	N	N	N	N	N	N	N	N	0.0000	0.0000	0.0000	0.0000	0.0000	0.0000	0.0000	0.0000	0.0000	0.0000	0.0000	0.0000	0.0000	0.0000	0.0000	0.0000	0.0000	0.0000	0.0000	0.0000	2.0045	0.0000	0.0106	0.0000	0.0000	0.0000	0.0000	0.0000	0.0000	0.0000	0.0000	0.0000	0.0000	0.0000	0.0000	0.0000	0.0000	0.0000	0.0000	0.0000	0.0000	0.0000	0.0000	0.0000	0.0000	0.0000	0.0000	0.0000	0.0000	0.0000	0.0000	0.0000	0.0000	0.0000	0.0000	0.0000	0.0000	0.0000	0.0000	0.0000	0.0000	0.0000	0.0000	0.0000	0.0000	0.0000	0.0000	0.0000	0.0000	0.0000	0.0000	0.0000	0.0000	0.0000	0.0000	0.0000	0.0000	0.0000											
21	71	0.6887	8	1	1	1	1	0	0	0	0	N	N	N	N	N	N	N	N	N	N	N	N	0.0000	0.0000	0.0000	0.0000	0.0000	0.0000	0.0000	0.0000	0.0000	0.0000	0.0000	0.0000	0.0000	0.0000	0.0000	0.0000	0.0000	0.0000	0.0000	0.0000	2.0045	2.0000	0.0106	1.0000	0.0000	0.0000	0.0000	0.0000	0.0000	0.0000	0.0000	0.0000	0.0000	0.0000	0.0000	0.0000	0.0000	0.0000	0.0000	0.0000	0.0000	0.0000	0.2858	0.2609	0.0249	0.2193	0.2041	0.0153	0.0664	0.0569	0.0096	0.0118	0.0068	0.0050	0.0068	0.0058	0.0010	0.0050	0.0010	0.0040	0.0000	0.0000	0.0000	0.0000	0.0000	0.0000	0.0000	0.0000	0.0000	0.0000	0.0000	0.0000	0.0000	0.0000	0.0000	0.0000	0.0000	0.0000											
21	72	0.6657	7	1	0	1	1	0	0	0	0	N	N	N	N	N	N	N	N	N	N	N	N	0.0000	0.0000	0.4047	0.0000	0.0000	0.0000	inf	inf	0.0000	0.0000	0.0000	0.0000	0.0000	0.0000	0.0000	0.0000	0.0000	2.4186	3.3361	0.0000	5.1742	5.3805	0.0000	0.0000	0.0000	0.0000	inf	0.0000	0.0000	-0.0050	2.0045	1.0017	0.0106	2.0007	0.0000	0.0000	0.0000	0.0000	0.0000	0.0000	0.0000	0.0000	0.0000	0.0096	0.0096	0.0000	0.0096	0.0096	0.0000	0.0000	0.0000	0.0000	0.0852	0.0778	0.0074	0.0654	0.0609	0.0045	0.0197	0.0169	0.0029	0.0075	0.0042	0.0033	0.0037	0.0032	0.0005	0.0038	0.0010	0.0027	0.0000	0.0000	0.4047	0.0000	0.0000	0.0000	inf	0.0000	inf	1.2777	2.2617	0.0000	2.5700	3.0008	0.0000	0.0000	0.0000	0.0000	
21	73	0.0491	2	1	1	0	1	0	0	0	0	N	N	N	N	N	N	N	N	N	N	N	N	inf	inf	inf	inf	0.0110	0.0130	0.0000	0.0444	0.0450	0.0000	0.0000	0.0000	0.0000	0.0000	0.0000	0.0000	0.0000	0.0000	0.0000	0.0000	0.0000	0.0000	0.0000	-0.0000	0.0000	2.0045	0.0000	0.0106	0.0000	0.0000	0.0000	0.0000	0.0000	0.0000	0.0000	0.0000	0.0000	0.0000	0.0000	0.0000	0.0000	0.0000	0.0000	0.0000	0.0000	0.0000	0.0000	0.0000	0.0000	0.0000	0.0000	0.0000	0.0000	0.0000	0.0000	0.0000	0.0000	0.0000	0.0000	0.0000	0.0000	0.0000	0.0000	0.0000	0.0000	inf	inf	0.0000	inf	inf	0.0000	0.0000	0.0000	0.0000	0.0000	0.0000	0.0000	0.0000	0.0000	0.0000	0.0000	0.0000	0.0000						
21	74	0.6927	8	1	1	0	1	0	0	0	0	N	N	N	N	N	N	N	N	N	N	N	N	0.0000	0.0000	0.0000	0.0000	0.0000	0.0000	0.0000	0.0000	0.0000	0.0000	0.0000	0.0000	0.0000	0.0000	0.0000	0.0000	0.0000	0.0000	0.0000	0.0000	2.0045	0.0000	0.0106	0.0010	0.0000	0.0000	0.0000	0.0000	0.0000	0.0000	0.0000	0.0000	0.0000	0.0000	0.0000	0.0000	0.0000	0.0000	0.0000	0.0000	0.0000	0.0000	0.0000	0.0000	0.0000	0.0000	0.0000	0.0000	0.0000	0.0000	0.0000	0.0000	0.0000	0.0000	0.0000	0.0000	0.0000	0.0000	0.0000	0.0000	0.0000	0.0000	0.0000	0.0000	0.0000	0.0000	0.0000	0.0000	0.0000	0.0000	0.0000	0.0000	0.0000	0.0000	0.0000	0.0000	0.0000	0.0000											
21	75	0.6819	10	0	1	0	2	0	0	0	0	N	N	N	Y	N	N	N	N	N	N	N	N	0.0000	0.0000	0.0000	0.0000	0.0000	0.0000	0.0000	0.0000	0.0000	0.0000	0.0000	0.0000	0.0000	0.0000	0.0000	0.0000	0.0000	0.0000	0.0000	0.0000	2.0045	0.0000	0.0106	0.0000	0.0000	0.0000	0.0000	0.0000	0.0000	0.0000	0.0000	0.0000	0.0000	0.0000	0.0000	0.0000	0.0000	0.0000	0.0000	0.0000	0.0000	0.0000	0.0000	0.0000	0.0000	0.0000	0.0000	0.0000	0.0000	0.0000	0.0000	0.0000	0.0000	0.0000	0.0000	0.0000	0.0000	0.0000	0.0000	0.0000	0.0000	0.0000	0.0000	0.0000	0.0000	0.0000	0.0000	0.0000	0.0000	0.0000	0.0000	0.0000	0.0000	0.0000	0.0000	0.0000	0.0000	0.0000											
21	76	0.6819	10	0	0	0	2	0	0	0	0	N	N	N	Y	N	N	N	N	N	N	N	N	0.0000	0.0000	0.0000	0.0000	0.0000	0.0000	0.0000	0.0000	0.0000	0.0000	0.0000	0.0000	0.0000	0.0000	0.0000	0.0000	0.0000	0.0000	0.0000	0.0000	2.0045	0.0000	0.0106	0.0000	0.0000	0.0000	0.0000	0.0000	0.0000	0.0000	0.0000	0.0000	0.0000	0.0000	0.0000	0.0000	0.0000	0.0000	0.0000	0.0000	0.0000	0.0000	0.0000	0.0000	0.0000	0.0000	0.0000	0.0000	0.0000	0.0000	0.0000	0.0000	0.0000	0.0000	0.0000	0.0000	0.0000	0.0000	0.0000	0.0000	0.0000	0.0000	0.0000	0.0000	0.0000	0.0000	0.0000	0.0000	0.0000	0.0000	0.0000	0.0000	0.0000	0.0000	0.0000	0.0000	0.0000	0.0000											
21	77	0.6665	9	0	0	0	2	0	0	0	0	N	N	N	Y	N	N	N	N	N	N	N	N	0.0000	0.0000	0.0000	0.0000	0.0000	0.0000	0.0000	0.0000	0.0000	0.0000	0.0000	0.0000	0.0000	0.0000	0.0000	0.0000	0.0000	0.0000	0.0000	0.0000	0.0000	0.0000	inf	0.0000	0.0000	2.0045	0.0002	0.0106	2.9297	0.0000	0.0000	0.0000	0.0000	0.0000	0.0000	0.0000	0.0000	0.0000	0.0000	0.0000	0.0000	0.0000	0.0000	0.0000	0.0000	0.0000	0.0000	0.0000	0.0000	0.0000	0.0000	0.0000	0.0000	0.0000	0.0000	0.0000	0.0096	0.0049	0.0047	0.0035	0.0030	0.0005	0.0061	0.0019	0.0042	0.0000	0.0000	0.0000	0.0000	0.0000	0.0000	0.0000	0.0000	0.0000	0.0000	0.0000	0.0000	0.0000	0.0000	0.0000	0.0000	0.0000	0.0000						
21	78	0.6625	8	0	0	0	2	0	0	0	0	N	N	N	Y	N	N	N	N	N	N	N	N	114.8833	0.0000	94711.6857	0.0000	0.0000	45833.1693	156525.0511	0.0042	0.0000	0.0405	0.0000	0.0000	0.0000	0.0150	0.0000	0.0753	0.0000	0.0001	0.0000	0.0001	0.0001	0.0000	0.0000	0.0000	0.0000	inf	0.6522	0.0000	-0.0000	2.0045	0.0003	0.0106	2.1916	0.0000	0.0000	0.0000	0.0000	0.0000	0.0000	0.0000	0.0000	0.0000	0.0000	0.0000	0.0000	0.0000	0.0000	0.0000	0.0000	0.0000	0.0000	0.0000	0.0000	0.0000	0.0000	0.0000	0.0000	0.0000	0.0000	0.0000	0.0072	0.0037	0.0035	0.0026	0.0022	0.0004	0.0046	0.0015	0.0031	7883.5959	0.0000	94711.6857	0.0000	0.0000	0.0000	45833.1693	0.0000	156525.0511	0.0000	0.0000	0.0000	0.0000	0.0000	0.0000	0.0000	0.0000	0.0000		
21	79	0.6547	7	0	0	0	1	0	0	0	0	N	N	N	N	N	N	N	N	N	N	N	N	761.6652	0.0235	inf	0.7706	0.0288	inf	inf	inf	0.0211	0.0000	0.1659	0.0001	0.0000	0.0017	0.0562	0.0000	0.2097	0.0000	0.0001	0.0000	0.0001	0.0001	0.0000	0.0000	0.0000	0.0000	12836.8912	0.0000	0.0009	-0.0000	2.0045	0.2782	0.0106	1.3600	0.0013	0.0000	0.0013	0.0000	0.0000	0.0000	0.0013	0.0000	0.0013	0.0000	0.0000	0.0000	0.0000	0.0000	0.0000	0.0000	0.0000	0.0000	0.0602	0.0525	0.0077	0.0376	0.0360	0.0016	0.0226	0.0165	0.0060	0.0053	0.0027	0.0026	0.0019	0.0016	0.0003	0.0034	0.0011	0.0023	75318.3104	3.4441	inf	98.7722	3.0107	inf	inf	0.0000	inf	0.0000	0.0000	0.0000	0.0000	0.0000	0.0000	0.0000	0.0000	0.0000	
21	80	0.6983	9	0	1	1	1	0	0	0	0	N	N	N	N	N	N	N	N	N	N	N	N	0.1274	inf	0.0000	inf	inf	0.0000	0.0000	0.0000	0.0000	0.0000	0.0000	0.0000	0.0000	0.0000	0.0000	0.0000	0.0001	0.0000	0.0000	0.0000	0.0000	0.0000	0.0001	0.0000	0.0000	0.0000	inf	-0.0000	0.0000	2.0045	0.0029	0.0106	2.0135	0.0000	0.0000	0.0000	0.0000	0.0000	0.0000	0.0000	0.0000	0.0000	0.0000	0.0000	0.0000	0.0000	0.0000	0.0000	0.0000	0.0000	0.0000	0.0006	0.0005	0.0001	0.0005	0.0004	0.0001	0.0002	0.0001	0.0000	0.0052	0.0030	0.0021	0.0028	0.0024	0.0004	0.0023	0.0006	0.0017	0.9916	inf	0.0000	inf	inf	0.0000	0.0000	0.0000	0.0000	0.0000	0.0000	0.0000	0.0000	0.0000	0.0000	0.0000	0.0000	0.0000		
21	81	0.6917	8	0	1	0	1	0	0	0	0	N	N	N	N	N	N	N	N	N	N	N	N	0.2085	26.6212	0.0002	26.5414	30.1301	inf	0.0002	inf	0.0000	0.0032	0.0035	0.0000	0.0042	0.0045	0.0000	0.0000	0.0000	0.0000	0.0152	0.0001	0.0037	0.0002	0.0001	0.0000	0.0234	0.0000	0.0043	0.0000	771.0214	-0.0001	0.0000	2.0045	0.6188	0.0106	0.9475	0.0003	0.0003	0.0000	0.0003	0.0003	0.0000	0.0000	0.0000	0.0000	0.0000	0.0000	0.0000	0.0000	0.0000	0.0000	0.0000	0.0000	0.0000	0.1101	0.0999	0.0101	0.0827	0.0778	0.0050	0.0273	0.0222	0.0052	0.0058	0.0033	0.0025	0.0031	0.0028	0.0003	0.0026	0.0005	0.0022	1.9866	968.5993	0.0002	1105.9753	1062.8435	inf	0.0011	inf	0.0000	0.0016	0.0000	0.0037	0.0000	0.0000	0.0000	0.0035	0.0000	0.0043
21	82	0.0908	4	0	1	1	1	0	0	0	0	N	N	N	N	N	N	N	N	N	N	N	N	0.0000	0.0000	0.0000	0.0000	0.0000	0.0000	0.0000	0.0000	0.0000	0.0000	0.0000	0.0000	0.0000	0.0000	0.0000	0.0000	0.0000	0.0000	0.0000	0.0000	2.0045	0.0000	0.0106	1.0000	0.0000	0.0000	0.0000	0.0000	0.0000	0.0000	0.0000	0.0000	0.0000	0.0000	0.0000	0.0000	0.0000	0.0000	0.0000	0.0000	0.0000	0.0000	0.0000	0.0000	0.0000	0.0000	0.0000	0.0000	0.0000	0.0000	0.0000	0.0044	0.0013	0.0031	0.0000	0.0000	0.0000	0.0044	0.0013	0.0031	0.0000	0.0000	0.0000	0.0000	0.0000	0.0000	0.0000	0.0000	0.0000	0.0000	0.0000	0.0000	0.0000	0.0000	0.0000	0.0000	0.0000	0.0000											
21	83	0.6657	7	1	0	1	1	0	0	0	0	N	N	N	N	N	N	N	N	N	N	N	N	0.0005	0.2029	0.0000	0.0000	inf	inf	0.0000	0.0000	0.0000	0.0000	0.0000	0.0000	0.0000	0.0000	0.0000	0.0000	0.0000	0.0000	0.0001	0.0000	0.0000	0.0000	0.0000	0.0000	inf	inf	0.0000	0.0000	2.0045	9.0001	0.0106	3.0001	0.0000	0.0000	0.0000	0.0000	0.0000	0.0000	0.0000	0.0000	0.0000	0.0000	0.0000	0.0000	0.0000	0.0000	0.0000	0.0000	0.0000	0.0000	0.6119	0.5575	0.0544	0.4471	0.4157	0.0313	0.1648	0.1417	0.0231	0.0278	0.0157	0.0121	0.0138	0.0118	0.0020	0.0139	0.0039	0.0101	0.0416	0.0000	0.2029	0.0000	0.0000	0.0000	inf	0.0000	inf	0.0000	0.0000	0.0000	0.0000	0.0000	0.0000	0.0000	0.0000	0.0000			
21	84	0.0684	3	1	0	1	1	0	0	0	0	N	N	N	N	N	N	N	N	N	N	N	N	0.0000	0.0000	0.0000	0.0000	0.0000	0.0000	0.0000	0.0000	0.0000	0.0000	0.0000	0.0000	0.0000	0.0000	0.0000	0.0000	0.0000	0.0000	0.0000	0.0000	2.0045	4.0000	0.0106	0.0000	0.0000	0.0000	0.0000	0.0000	0.0000	0.0000	0.0000	0.0000	0.0000	0.0000	0.0000	0.0000	0.0000	0.0000	0.0000	0.0000	0.0000	0.0000	0.3821	0.3416	0.0404	0.0874	0.0825	0.0049	0.2947	0.2591	0.0356	0.0285	0.0118	0.0167	0.0001	0.0001	0.0000	0.0284	0.0117	0.0167	0.0000	0.0000	0.0000	0.0000	0.0000	0.0000	0.0000	0.0000	0.0000	0.0000	0.0000	0.0000	0.0000	0.0000	0.0000	0.0000	0.0000	0.0000											
21	85	0.1145	4	1	1	0	1	0	0	0	0	N	N	N	N	N	N	N	N	N	N	N	N	0.0051	0.0081	0.0000	0.0137	0.0168	0.0000	0.0058	inf	0.0000	0.0000	0.0000	0.0000	0.0000	0.0000	0.0000	0.0000	0.0000	0.0000	0.0002	0.0001	0.0001	0.0002	0.0002	0.0001	0.0001	0.0000	0.0001	0.0050	31.9549	-0.0000	0.0000	2.0045	1.0086	0.0106	1.7435	0.0000	0.0000	0.0000	0.0000	0.0000	0.0000	0.0000	0.0000	0.0000	0.0000	0.0000	0.0000	0.0000	0.0000	0.0000	0.0000	0.0000	0.0000	0.1001	0.0890	0.0111	0.0149	0.0142	0.0007	0.0853	0.0749	0.0104	0.0245	0.0117	0.0128	0.0028	0.0027	0.0001	0.0217	0.0090	0.0127	0.0226	0.3981	0.0000	0.2299	0.3236	0.0000	0.0107	inf	0.0000	0.0000	0.0000	0.0001	0.0000	0.0000	0.0001	0.0000	0.0000	0.0001
21	86	0.0684	3	1	1	0	1	0	0	0	0	N	N	N	N	N	N	N	N	N	N	N	N	1.4367	0.4947	inf	0.0000	0.0000	inf	inf	inf	0.0012	0.0013	0.0000	0.0000	0.0000	0.0000	0.0015	0.0018	0.0000	0.0008	0.0027	0.0000	1.2987	1.1919	0.0000	0.0000	0.0000	0.0000	0.0004	0.0000	-0.0000	-0.0000	2.0045	1.0165	0.0106	4.1395	0.0001	0.0001	0.0000	0.0000	0.0000	0.0000	0.0001	0.0001	0.0000	0.0000	0.0000	0.0000	0.0000	0.0000	0.0000	0.0000	0.0000	0.0000	0.1087	0.0970	0.0117	0.0242	0.0228	0.0014	0.0846	0.0742	0.0104	0.0358	0.0148	0.0210	0.0001	0.0001	0.0000	0.0357	0.0147	0.0210	3.9598	1.8369	inf	0.0000	0.0000	0.0000	inf	inf	inf	0.0003	0.0007	0.0000	0.0907	0.0910	0.0000	0.0000	0.0000	0.0000	
21	87	0.6245	6	1	1	0	1	0	0	0	0	N	N	N	N	N	N	N	N	N	N	N	N	inf	inf	inf	inf	0.0002	0.0002	0.0000	0.0003	0.0003	0.0000	0.0000	0.0000	0.0000	0.0000	0.0000	0.0000	0.0000	0.0000	0.0000	0.0000	0.0000	0.0000	0.0000	-0.0000	0.0000	2.0045	9.0005	0.0106	5.0000	0.0001	0.0001	0.0000	0.0001	0.0001	0.0000	0.0000	0.0000	0.0000	0.0000	0.0000	0.0000	0.0000	0.0000	0.0000	0.0000	0.0000	0.0000	0.7121	0.6450	0.0672	0.5225	0.4841	0.0384	0.1897	0.1609	0.0288	0.0391	0.0208	0.0183	0.0151	0.0129	0.0023	0.0240	0.0079	0.0161	inf	inf	0.0000	inf	inf	0.0000	0.0000	0.0000	0.0000	0.0000	0.0000	0.0000	0.0000	0.0000	0.0000	0.0000	0.0000	0.0000						
21	88	0.0908	4	0	1	0	1	0	0	0	0	N	N	N	N	N	N	N	N	N	N	N	N	0.0000	0.0000	0.0000	0.0000	0.0000	0.0000	0.0000	0.0000	0.0000	0.0000	0.0000	0.0000	0.0000	0.0000	0.0000	0.0000	0.0000	0.0000	0.0000	0.0000	2.0045	0.0000	0.0106	0.0000	0.0000	0.0000	0.0000	0.0000	0.0000	0.0000	0.0000	0.0000	0.0000	0.0000	0.0000	0.0000	0.0000	0.0000	0.0000	0.0000	0.0000	0.0000	0.0000	0.0000	0.0000	0.0000	0.0000	0.0000	0.0000	0.0000	0.0000	0.0000	0.0000	0.0000	0.0000	0.0000	0.0000	0.0000	0.0000	0.0000	0.0000	0.0000	0.0000	0.0000	0.0000	0.0000	0.0000	0.0000	0.0000	0.0000	0.0000	0.0000	0.0000	0.0000	0.0000	0.0000	0.0000	0.0000											
21	89	0.6917	8	0	1	0	1	0	0	0	0	N	N	N	N	N	N	N	N	N	N	N	N	0.0000	0.0000	0.0000	0.0000	0.0000	0.0000	0.0000	0.0000	0.0000	0.0000	0.0000	0.0000	0.0000	0.0000	0.0000	0.0000	0.0002	0.0004	0.0000	0.0006	0.0006	0.0000	0.0000	0.0000	0.0000	0.0014	0.0000	-0.0000	2.0045	1.9953	0.0106	1.0817	0.0000	0.0000	0.0000	0.0000	0.0000	0.0000	0.0000	0.0000	0.0000	0.0000	0.0000	0.0000	0.0000	0.0000	0.0000	0.0000	0.0000	0.0000	0.1923	0.1751	0.0172	0.1410	0.1321	0.0089	0.0513	0.0430	0.0083	0.0093	0.0055	0.0038	0.0051	0.0045	0.0006	0.0042	0.0009	0.0032	0.0000	0.0000	0.0000	0.0000	0.0000	0.0000	0.0000	0.0000	0.0000	0.0001	0.0001	0.0000	0.0001	0.0002	0.0000	0.0000	0.0000	0.0000			
21	90	0.6657	7	0	1	0	1	0	0	0	0	N	N	N	N	N	N	N	N	N	N	N	N	1.7912	1.2955	0.2312	2.7422	3.1463	inf	0.0004	inf	0.0000	0.0071	0.0077	0.0000	0.0093	0.0100	0.0000	0.0000	0.0000	0.0000	0.0039	0.0060	0.0001	0.0034	0.0032	0.0000	0.0001	0.0000	0.0001	0.0003	0.0726	-0.0004	-0.0000	2.0045	2.3999	0.0106	4.0713	0.0014	0.0014	0.0000	0.0014	0.0014	0.0000	0.0000	0.0000	0.0000	0.0000	0.0000	0.0000	0.0000	0.0000	0.0000	0.0000	0.0000	0.0000	0.1944	0.1774	0.0170	0.1478	0.1375	0.0102	0.0466	0.0399	0.0067	0.0157	0.0089	0.0068	0.0078	0.0067	0.0011	0.0079	0.0022	0.0057	10.2147	6.7828	0.2312	7.1692	6.5926	inf	0.0005	inf	0.0000	0.0007	0.0011	0.0001	0.0013	0.0015	0.0000	0.0001	0.0000	0.0001
21	91	0.6867	8	0	0	1	1	0	0	0	0	N	N	N	N	N	N	N	N	N	N	N	N	0.0000	0.0000	0.0000	0.0000	0.0000	0.0000	0.0000	0.0000	0.0000	0.0000	0.0000	0.0000	0.0000	0.0000	0.0000	0.0000	0.0000	0.0000	0.0000	0.0000	2.0045	0.0000	0.0106	0.0000	0.0000	0.0000	0.0000	0.0000	0.0000	0.0000	0.0000	0.0000	0.0000	0.0000	0.0000	0.0000	0.0000	0.0000	0.0000	0.0000	0.0000	0.0000	0.0000	0.0000	0.0000	0.0000	0.0000	0.0000	0.0000	0.0000	0.0000	0.0000	0.0000	0.0000	0.0000	0.0000	0.0000	0.0000	0.0000	0.0000	0.0000	0.0000	0.0000	0.0000	0.0000	0.0000	0.0000	0.0000	0.0000	0.0000	0.0000	0.0000	0.0000	0.0000	0.0000	0.0000	0.0000	0.0000											
21	92	0.6547	7	0	0	1	1	0	0	0	0	N	N	N	N	N	N	N	N	N	N	N	N	inf	inf	inf	inf	0.0090	0.0100	0.0000	0.0125	0.0134	0.0000	0.0000	0.0000	0.0000	0.0000	0.0000	0.0000	0.0000	0.0000	0.0000	0.0000	0.0000	0.0000	0.0000	-0.0009	0.0000	2.0045	3.7221	0.0106	2.9993	0.0033	0.0033	0.0000	0.0033	0.0033	0.0000	0.0000	0.0000	0.0000	0.0000	0.0000	0.0000	0.0000	0.0000	0.0000	0.0000	0.0000	0.0000	0.3661	0.3298	0.0363	0.2640	0.2455	0.0185	0.1021	0.0843	0.0178	0.0209	0.0107	0.0102	0.0076	0.0065	0.0012	0.0132	0.0042	0.0090	inf	inf	0.0000	inf	inf	0.0000	0.0000	0.0000	0.0000	0.0000	0.0000	0.0000	0.0000	0.0000	0.0000	0.0000	0.0000	0.0000						
21	93	0.6245	6	0	0	0	1	0	0	0	0	N	N	N	N	N	N	N	N	N	N	N	N	inf	inf	inf	inf	inf	inf	inf	inf	0.0125	0.0000	0.1351	0.0000	0.0000	0.0005	0.0537	0.0000	0.3423	0.0000	0.0000	0.0000	0.0000	0.0000	0.0000	0.0000	0.0000	0.0000	362566.7253	0.0024	0.0000	2.0045	2.7217	0.0106	3.0458	0.0033	0.0000	0.0033	0.0000	0.0000	0.0000	0.0033	0.0000	0.0033	0.0000	0.0000	0.0000	0.0000	0.0000	0.0000	0.0000	0.0000	0.0000	0.2640	0.2396	0.0244	0.2026	0.1878	0.0148	0.0614	0.0517	0.0096	0.0175	0.0093	0.0082	0.0067	0.0057	0.0010	0.0108	0.0036	0.0072	inf	inf	inf	inf	inf	inf	inf	0.0000	inf	0.0000	0.0000	0.0000	0.0000	0.0000	0.0000	0.0000	0.0000	0.0000		
21	94	0.6820	8	1	1	0	1	0	0	0	0	N	N	N	N	N	N	N	N	N	N	N	N	109.3342	inf	0.0000	inf	inf	0.1850	inf	0.0000	0.0037	0.0041	0.0000	0.0048	0.0051	0.0000	0.0000	0.0000	0.0000	0.0000	0.0000	0.0000	0.0000	0.0000	0.0000	0.0000	0.0000	0.0000	0.0000	inf	-0.0004	0.0000	2.0045	5.9980	0.0106	4.9575	0.0017	0.0017	0.0000	0.0017	0.0017	0.0000	0.0000	0.0000	0.0000	0.0000	0.0000	0.0000	0.0000	0.0000	0.0000	0.0000	0.0000	0.0000	0.4447	0.4090	0.0357	0.3490	0.3262	0.0229	0.0957	0.0828	0.0129	0.0215	0.0132	0.0083	0.0115	0.0097	0.0018	0.0100	0.0035	0.0065	8203.8591	inf	0.0000	inf	inf	0.0000	0.1850	inf	0.0000	0.0000	0.0000	0.0000	0.0000	0.0000	0.0000	0.0000	0.0000	0.0000	
21	95	0.0908	4	1	1	0	1	0	0	0	0	N	N	N	N	N	N	N	N	N	N	N	N	0.0000	0.0000	0.0000	0.0000	0.0000	0.0000	0.0000	0.0000	0.0000	0.0000	0.0000	0.0000	0.0000	0.0000	0.0000	0.0000	0.0000	0.0000	0.0000	0.0000	2.0045	0.0000	0.0106	2.0000	0.0000	0.0000	0.0000	0.0000	0.0000	0.0000	0.0000	0.0000	0.0000	0.0000	0.0000	0.0000	0.0000	0.0000	0.0000	0.0000	0.0000	0.0000	0.0000	0.0000	0.0000	0.0000	0.0000	0.0000	0.0000	0.0000	0.0000	0.0087	0.0026	0.0061	0.0000	0.0000	0.0000	0.0087	0.0026	0.0061	0.0000	0.0000	0.0000	0.0000	0.0000	0.0000	0.0000	0.0000	0.0000	0.0000	0.0000	0.0000	0.0000	0.0000	0.0000	0.0000	0.0000	0.0000											
21	96	0.0684	3	0	1	0	1	0	0	0	0	N	N	N	N	N	N	N	N	N	N	N	N	0.0000	0.0000	0.0000	0.0000	0.0000	0.0000	0.0000	0.0000	0.0000	0.0000	0.0000	0.0000	0.0000	0.0000	0.0000	0.0000	0.0000	0.0000	0.0000	0.0000	2.0045	4.0000	0.0106	0.0000	0.0000	0.0000	0.0000	0.0000	0.0000	0.0000	0.0000	0.0000	0.0000	0.0000	0.0000	0.0000	0.0000	0.0000	0.0000	0.0000	0.0000	0.0000	0.3821	0.3416	0.0404	0.0874	0.0825	0.0049	0.2947	0.2591	0.0356	0.0285	0.0118	0.0167	0.0001	0.0001	0.0000	0.0284	0.0117	0.0167	0.0000	0.0000	0.0000	0.0000	0.0000	0.0000	0.0000	0.0000	0.0000	0.0000	0.0000	0.0000	0.0000	0.0000	0.0000	0.0000	0.0000	0.0000											
21	97	0.6245	6	0	0	0	1	0	0	0	0	N	N	N	N	N	N	N	N	N	N	N	N	inf	inf	inf	inf	0.0004	0.0004	0.0000	0.0005	0.0005	0.0000	0.0000	0.0000	0.0000	0.0000	0.0000	0.0000	0.0000	0.0000	0.0000	0.0000	0.0000	0.0000	0.0000	-0.0000	0.0000	2.0045	3.9994	0.0106	4.0000	0.0001	0.0001	0.0000	0.0001	0.0001	0.0000	0.0000	0.0000	0.0000	0.0000	0.0000	0.0000	0.0000	0.0000	0.0000	0.0000	0.0000	0.0000	0.3708	0.3363	0.0345	0.2819	0.2612	0.0206	0.0889	0.0751	0.0138	0.0237	0.0126	0.0111	0.0091	0.0077	0.0014	0.0146	0.0048	0.0098	inf	inf	0.0000	inf	inf	0.0000	0.0000	0.0000	0.0000	0.0000	0.0000	0.0000	0.0000	0.0000	0.0000	0.0000	0.0000	0.0000						
21	98	0.0684	3	0	0	0	1	0	0	0	0	N	N	N	N	N	N	N	N	N	N	N	N	inf	inf	inf	inf	0.0090	0.0100	0.0000	0.0400	0.0423	0.0000	0.0000	0.0000	0.0000	0.0000	0.0000	0.0000	0.0000	0.0000	0.0000	0.0000	0.0000	0.0000	0.0000	-0.0004	0.0000	2.0045	1.0000	0.0106	0.0000	0.0017	0.0017	0.0000	0.0017	0.0017	0.0000	0.0000	0.0000	0.0000	0.0000	0.0000	0.0000	0.0000	0.0000	0.0000	0.0000	0.0000	0.0000	0.1909	0.1704	0.0205	0.0428	0.0404	0.0024	0.1481	0.1300	0.0181	0.0137	0.0057	0.0080	0.0000	0.0000	0.0000	0.0137	0.0057	0.0080	inf	inf	0.0000	inf	inf	0.0000	0.0000	0.0000	0.0000	0.0000	0.0000	0.0000	0.0000	0.0000	0.0000	0.0000	0.0000	0.0000						
21	99	0.5135	5	0	0	0	1	0	0	0	0	N	N	N	N	N	N	N	N	N	N	N	N	0.0655	0.9297	0.0001	0.7301	1.5554	0.0000	0.0000	0.0000	0.0000	0.0001	0.0001	0.0000	0.0001	0.0001	0.0000	0.0000	0.0000	0.0000	0.0013	0.0001	0.0009	0.0001	0.0001	0.0000	0.0010	0.0004	0.0010	0.0001	582.2170	-0.0000	0.0000	2.0045	1.5982	0.0106	11.1970	0.0000	0.0000	0.0000	0.0000	0.0000	0.0000	0.0000	0.0000	0.0000	0.0000	0.0000	0.0000	0.0000	0.0000	0.0000	0.0000	0.0000	0.0000	0.1732	0.1569	0.0163	0.1336	0.1239	0.0098	0.0396	0.0330	0.0065	0.0537	0.0309	0.0228	0.0222	0.0199	0.0023	0.0315	0.0110	0.0205	0.2091	77.4717	0.0001	35.0215	239.2541	0.0000	0.0000	0.0000	0.0000	0.0004	0.0000	0.0009	0.0000	0.0000	0.0000	0.0007	0.0000	0.0010
21	100	0.6835	9	1	1	1	1	0	0	0	0	N	N	N	N	N	N	N	N	N	N	N	N	0.0000	0.0000	0.0000	0.0000	0.0000	0.0000	0.0000	0.0000	0.0000	0.0000	0.0000	0.0000	0.0000	0.1710	0.3542	0.0000	0.0731	0.0799	0.0000	0.0000	0.0000	0.0000	0.0000	0.0000	-0.0000	2.0045	0.0000	0.0106	0.9982	0.0000	0.0000	0.0000	0.0000	0.0000	0.0000	0.0000	0.0000	0.0000	0.0000	0.0000	0.0000	0.0000	0.0000	0.0000	0.0000	0.0000	0.0000	0.0131	0.0122	0.0010	0.0109	0.0105	0.0004	0.0023	0.0017	0.0006	0.0022	0.0013	0.0008	0.0012	0.0010	0.0002	0.0010	0.0003	0.0007	0.0000	0.0000	0.0000	0.0000	0.0000	0.0000	0.0000	0.0000	0.0000	0.0046	0.0075	0.0000	0.0086	0.0101	0.0000	0.0000	0.0000	0.0000						
21	101	0.1031	6	1	1	1	1	0	0	0	0	N	N	N	N	N	N	N	N	N	N	N	N	0.0000	0.0000	0.0000	0.0000	0.0000	0.0000	0.0000	0.0000	0.0000	0.0000	0.0000	0.0000	0.0000	0.0000	0.0000	0.0000	0.0000	0.0000	0.0000	0.0000	2.0045	0.0000	0.0106	0.0000	0.0000	0.0000	0.0000	0.0000	0.0000	0.0000	0.0000	0.0000	0.0000	0.0000	0.0000	0.0000	0.0000	0.0000	0.0000	0.0000	0.0000	0.0000	0.0000	0.0000	0.0000	0.0000	0.0000	0.0000	0.0000	0.0000	0.0000	0.0000	0.0000	0.0000	0.0000	0.0000	0.0000	0.0000	0.0000	0.0000	0.0000	0.0000	0.0000	0.0000	0.0000	0.0000	0.0000	0.0000	0.0000	0.0000	0.0000	0.0000	0.0000	0.0000	0.0000	0.0000	0.0000	0.0000											
21	102	0.1031	5	1	0	1	1	0	0	0	0	N	N	N	N	N	N	N	N	N	N	N	N	0.0000	0.0000	0.0000	0.0000	0.0000	0.0000	0.0000	0.0000	0.0000	0.0000	0.0000	0.0000	0.0000	0.0000	0.0000	0.0000	0.0000	0.0000	0.0000	0.0000	2.0045	0.0000	0.0106	0.0000	0.0000	0.0000	0.0000	0.0000	0.0000	0.0000	0.0000	0.0000	0.0000	0.0000	0.0000	0.0000	0.0000	0.0000	0.0000	0.0000	0.0000	0.0000	0.0000	0.0000	0.0000	0.0000	0.0000	0.0000	0.0000	0.0000	0.0000	0.0000	0.0000	0.0000	0.0000	0.0000	0.0000	0.0000	0.0000	0.0000	0.0000	0.0000	0.0000	0.0000	0.0000	0.0000	0.0000	0.0000	0.0000	0.0000	0.0000	0.0000	0.0000	0.0000	0.0000	0.0000	0.0000	0.0000											
21	103	0.0970	4	1	0	1	1	0	0	0	0	N	N	N	N	N	N	N	N	N	N	N	N	0.0000	0.0000	0.0000	0.0000	0.0000	0.0000	0.0000	0.0000	0.0000	0.0000	0.0000	0.0000	0.0000	0.0000	0.0000	0.0000	0.0000	0.0000	0.0000	0.0000	2.0045	0.0000	0.0106	1.0091	0.0000	0.0000	0.0000	0.0000	0.0000	0.0000	0.0000	0.0000	0.0000	0.0000	0.0000	0.0000	0.0000	0.0000	0.0000	0.0000	0.0000	0.0000	0.0000	0.0000	0.0000	0.0000	0.0000	0.0000	0.0000	0.0000	0.0000	0.0046	0.0013	0.0033	0.0000	0.0000	0.0000	0.0046	0.0013	0.0033	0.0000	0.0000	0.0000	0.0000	0.0000	0.0000	0.0000	0.0000	0.0000	0.0000	0.0000	0.0000	0.0000	0.0000	0.0000	0.0000	0.0000	0.0000											
21	104	0.6245	6	0	1	0	1	0	0	0	0	N	N	N	N	N	N	N	N	N	N	N	N	inf	inf	inf	inf	inf	inf	0.0098	0.0109	0.0000	0.0039	0.0042	0.0000	0.0268	0.0316	0.0000	0.0000	0.0000	0.0000	0.0000	0.0000	0.0000	0.0000	0.0000	0.0000	0.0000	-0.0017	0.0000	2.0045	7.9994	0.0106	4.0001	0.0064	0.0064	0.0000	0.0019	0.0019	0.0000	0.0046	0.0046	0.0000	0.0000	0.0000	0.0000	0.0000	0.0000	0.0000	0.0000	0.0000	0.0000	0.6519	0.5906	0.0614	0.4816	0.4462	0.0354	0.1704	0.1444	0.0260	0.0341	0.0181	0.0160	0.0132	0.0112	0.0020	0.0210	0.0069	0.0140	inf	inf	0.0000	inf	inf	0.0000	inf	inf	0.0000	0.0000	0.0000	0.0000	0.0000	0.0000	0.0000	0.0000	0.0000	0.0000				
21	105	0.6870	10	1	0	1	1	0	0	0	0	N	N	N	N	N	N	N	N	N	N	N	N	0.0000	0.0000	0.0000	0.0000	0.0000	0.0000	0.0000	0.0000	0.0000	0.0000	0.0000	0.0000	0.0000	0.1776	0.3816	0.0000	0.0837	0.0909	0.0000	0.0000	0.0000	0.0000	0.0000	0.0000	-0.0000	2.0045	1.0000	0.0106	1.0005	0.0000	0.0000	0.0000	0.0000	0.0000	0.0000	0.0000	0.0000	0.0000	0.0000	0.0000	0.0000	0.0000	0.0000	0.0000	0.0000	0.0000	0.0000	0.0826	0.0760	0.0066	0.0661	0.0618	0.0043	0.0165	0.0143	0.0023	0.0042	0.0026	0.0016	0.0022	0.0019	0.0003	0.0019	0.0007	0.0013	0.0000	0.0000	0.0000	0.0000	0.0000	0.0000	0.0000	0.0000	0.0000	0.0048	0.0078	0.0000	0.0090	0.0106	0.0000	0.0000	0.0000	0.0000						
21	106	0.6835	9	1	0	1	1	0	0	0	0	N	N	N	N	N	N	N	N	N	N	N	N	7.9005	inf	0.0000	inf	inf	0.0228	inf	0.0000	0.0009	0.0009	0.0000	0.0011	0.0012	0.0000	0.0000	0.0000	0.0000	0.0001	0.0000	0.0000	0.0000	0.0000	0.0000	0.0001	0.0000	0.0000	0.0000	inf	-0.0000	0.0000	2.0045	0.7249	0.0106	0.0368	0.0001	0.0001	0.0000	0.0001	0.0001	0.0000	0.0000	0.0000	0.0000	0.0000	0.0000	0.0000	0.0000	0.0000	0.0000	0.0000	0.0000	0.0000	0.0730	0.0672	0.0057	0.0587	0.0551	0.0035	0.0143	0.0121	0.0022	0.0017	0.0010	0.0006	0.0009	0.0008	0.0001	0.0008	0.0003	0.0005	76.8782	inf	0.0000	inf	inf	0.0000	0.0489	inf	0.0000	0.0000	0.0000	0.0000	0.0000	0.0000	0.0000	0.0000	0.0000	0.0000	
21	107	0.6820	8	1	0	1	1	0	0	0	0	N	N	N	N	N	N	N	N	N	N	N	N	23.6822	14.6288	0.1482	11.5773	13.2992	inf	0.0724	inf	0.0000	0.0031	0.0034	0.0000	0.0037	0.0039	0.0000	0.0000	0.0000	0.0000	0.0001	0.0002	0.0000	0.0003	0.0003	0.0000	0.0000	0.0000	0.0000	0.0001	0.5181	-0.0000	-0.0000	2.0045	0.4159	0.0106	0.0887	0.0001	0.0001	0.0000	0.0001	0.0001	0.0000	0.0000	0.0000	0.0000	0.0000	0.0000	0.0000	0.0000	0.0000	0.0000	0.0000	0.0000	0.0000	0.0475	0.0441	0.0034	0.0401	0.0378	0.0024	0.0074	0.0063	0.0010	0.0013	0.0008	0.0005	0.0007	0.0006	0.0001	0.0006	0.0002	0.0004	142.0537	150.0833	0.1482	137.4127	125.6550	inf	0.1438	inf	0.0000	0.0000	0.0000	0.0000	0.0000	0.0000	0.0000	0.0000	0.0000	0.0000
21	108	0.6657	7	1	0	0	1	0	0	0	0	N	N	N	N	N	N	N	N	N	N	N	N	115.2022	57.8807	56.1820	65.7199	inf	inf	0.0054	0.0060	0.0000	0.0072	0.0078	0.0000	0.0000	0.0000	0.0000	0.0000	0.0001	0.0000	0.0001	0.0001	0.0000	0.0000	0.0000	0.0000	0.0000	0.0003	-0.0004	-0.0000	2.0045	3.9943	0.0106	0.9974	0.0017	0.0017	0.0000	0.0017	0.0017	0.0000	0.0000	0.0000	0.0000	0.0000	0.0000	0.0000	0.0000	0.0000	0.0000	0.0000	0.0000	0.0000	0.3087	0.2816	0.0271	0.2322	0.2161	0.0161	0.0765	0.0655	0.0109	0.0122	0.0069	0.0053	0.0061	0.0052	0.0009	0.0062	0.0017	0.0044	5830.0792	3612.6010	0.0000	3854.2319	3547.6717	0.0000	inf	inf	0.0000	0.0000	0.0000	0.0000	0.0000	0.0000	0.0000	0.0000	0.0000	0.0000			
21	109	0.0970	4	1	0	1	1	0	0	0	0	N	N	N	N	N	N	N	N	N	N	N	N	0.0000	0.0000	0.0000	0.0000	0.0000	0.0000	0.0000	0.0000	0.0000	0.0000	0.0000	0.0000	0.0000	0.0000	0.0000	0.0000	0.0000	0.0000	0.0000	0.0000	2.0045	0.0000	0.0106	0.9909	0.0000	0.0000	0.0000	0.0000	0.0000	0.0000	0.0000	0.0000	0.0000	0.0000	0.0000	0.0000	0.0000	0.0000	0.0000	0.0000	0.0000	0.0000	0.0000	0.0000	0.0000	0.0000	0.0000	0.0000	0.0000	0.0000	0.0000	0.0045	0.0013	0.0032	0.0000	0.0000	0.0000	0.0045	0.0013	0.0032	0.0000	0.0000	0.0000	0.0000	0.0000	0.0000	0.0000	0.0000	0.0000	0.0000	0.0000	0.0000	0.0000	0.0000	0.0000	0.0000	0.0000	0.0000											
21	110	0.0684	3	1	0	1	1	0	0	0	0	N	N	N	N	N	N	N	N	N	N	N	N	inf	inf	inf	inf	inf	inf	0.0120	0.0000	0.1130	0.0001	0.0000	0.0021	0.0155	0.0000	0.1282	0.0000	0.0000	0.0000	0.0000	0.0000	0.0000	0.0000	0.0000	0.0000	inf	0.0034	0.0000	2.0045	4.0000	0.0106	0.0000	0.0046	0.0000	0.0046	0.0000	0.0000	0.0000	0.0046	0.0000	0.0046	0.0000	0.0000	0.0000	0.0000	0.0000	0.0000	0.0000	0.0000	0.0000	0.3821	0.3416	0.0404	0.0874	0.0825	0.0049	0.2947	0.2591	0.0356	0.0285	0.0118	0.0167	0.0001	0.0001	0.0000	0.0284	0.0117	0.0167	inf	0.0000	inf	inf	0.0000	inf	inf	0.0000	inf	0.0000	0.0000	0.0000	0.0000	0.0000	0.0000	0.0000	0.0000	0.0000				
21	112	0.6703	7	0	0	1	1	0	0	0	0	N	N	N	N	N	N	N	N	N	N	N	N	0.0000	0.0000	0.0000	0.0000	0.0000	0.0000	0.0000	0.0000	0.0000	0.0000	0.0000	0.0000	0.0000	0.0000	0.0000	0.0000	0.0000	0.0000	0.0000	0.0000	2.0045	0.0000	0.0106	0.0001	0.0000	0.0000	0.0000	0.0000	0.0000	0.0000	0.0000	0.0000	0.0000	0.0000	0.0000	0.0000	0.0000	0.0000	0.0000	0.0000	0.0000	0.0000	0.0000	0.0000	0.0000	0.0000	0.0000	0.0000	0.0000	0.0000	0.0000	0.0000	0.0000	0.0000	0.0000	0.0000	0.0000	0.0000	0.0000	0.0000	0.0000	0.0000	0.0000	0.0000	0.0000	0.0000	0.0000	0.0000	0.0000	0.0000	0.0000	0.0000	0.0000	0.0000	0.0000	0.0000	0.0000	0.0000											
21	113	0.6245	6	0	0	1	1	0	0	0	0	N	N	N	N	N	N	N	N	N	N	N	N	inf	inf	inf	inf	0.0004	0.0004	0.0000	0.0005	0.0005	0.0000	0.0000	0.0000	0.0000	0.0000	0.0000	0.0000	0.0000	0.0000	0.0000	0.0000	0.0000	0.0000	0.0000	-0.0000	0.0000	2.0045	4.0004	0.0106	4.9999	0.0001	0.0001	0.0000	0.0001	0.0001	0.0000	0.0000	0.0000	0.0000	0.0000	0.0000	0.0000	0.0000	0.0000	0.0000	0.0000	0.0000	0.0000	0.3708	0.3364	0.0345	0.2819	0.2613	0.0206	0.0889	0.0751	0.0138	0.0264	0.0140	0.0124	0.0101	0.0086	0.0015	0.0162	0.0054	0.0109	inf	inf	0.0000	inf	inf	0.0000	0.0000	0.0000	0.0000	0.0000	0.0000	0.0000	0.0000	0.0000	0.0000	0.0000	0.0000	0.0000						
21	114	0.1010	4	0	1	0	1	0	0	0	0	N	N	N	N	N	N	N	N	N	N	N	N	5.3624	4.6832	0.0000	5.3921	9.4298	0.0000	90.3850	inf	0.0000	0.0101	0.0113	0.0000	0.0407	0.0435	0.0000	0.0003	0.0003	0.0000	0.0019	0.0024	0.0002	0.0075	0.0046	0.0105	0.0000	0.0000	0.0000	0.0000	0.2450	-0.0011	-0.0000	2.0045	4.3361	0.0106	4.6323	0.0042	0.0042	0.0000	0.0041	0.0041	0.0000	0.0001	0.0001	0.0000	0.0000	0.0000	0.0000	0.0000	0.0000	0.0000	0.0000	0.0000	0.0000	0.4106	0.3668	0.0439	0.1000	0.0935	0.0065	0.3106	0.2733	0.0373	0.0786	0.0447	0.0339	0.0153	0.0142	0.0011	0.0632	0.0305	0.0328	21.3697	16.9423	0.0000	16.8668	20.7237	0.0000	90.3850	inf	0.0000	0.0005	0.0007	0.0002	0.0024	0.0021	0.0064	0.0000	0.0000	0.0000
21	115	0.0684	3	0	0	0	1	0	0	0	0	N	N	N	N	N	N	N	N	N	N	N	N	13.3348	4.4583	inf	0.0001	0.0001	inf	inf	inf	inf	0.0220	0.0246	0.0001	0.0002	0.0002	0.0000	0.0282	0.0322	0.0001	0.0016	0.0055	0.0000	1.7249	1.6688	0.0000	0.0000	0.0000	0.0000	0.0004	0.0000	-0.0012	-0.0000	2.0045	1.9840	0.0106	0.2610	0.0045	0.0045	0.0000	0.0000	0.0000	0.0000	0.0045	0.0045	0.0000	0.0000	0.0000	0.0000	0.0000	0.0000	0.0000	0.0000	0.0000	0.0000	0.2043	0.1824	0.0219	0.0459	0.0433	0.0026	0.1584	0.1391	0.0193	0.0166	0.0069	0.0097	0.0001	0.0001	0.0000	0.0165	0.0068	0.0097	48.9107	22.6885	inf	0.0015	0.0016	inf	inf	inf	inf	0.0004	0.0011	0.0000	0.1407	0.1412	0.0000	0.0000	0.0000	0.0000
21	116	0.6245	6	0	1	0	2	0	0	0	0	N	N	N	Y	N	N	N	N	N	N	N	N	2.0226	inf	0.0000	inf	inf	0.0000	0.0000	0.0038	0.0042	0.0000	0.0051	0.0055	0.0000	0.0000	0.0000	0.0000	0.0019	0.0000	0.0010	0.0000	0.0000	0.0000	0.0012	0.0000	0.0012	0.0000	inf	-0.0004	0.0000	2.0045	5.0006	0.0106	2.0000	0.0017	0.0017	0.0000	0.0017	0.0017	0.0000	0.0000	0.0000	0.0000	0.0000	0.0000	0.0000	0.0000	0.0000	0.0000	0.0000	0.0000	0.0000	0.4481	0.4063	0.0418	0.3381	0.3133	0.0248	0.1100	0.0929	0.0170	0.0209	0.0111	0.0098	0.0080	0.0068	0.0012	0.0129	0.0043	0.0086	8.0324	inf	0.0000	inf	inf	0.0000	0.0000	0.0000	0.0000	0.0005	0.0000	0.0010	0.0000	0.0000	0.0000	0.0008	0.0000	0.0012		
21	117	0.0684	3	0	1	0	2	0	0	0	0	N	N	N	Y	N	N	N	N	N	N	N	N	0.0000	0.0000	0.0000	0.0000	0.0000	0.0000	0.0000	0.0000	0.0000	0.0000	0.0000	0.0000	0.0000	0.0000	0.0000	0.0000	0.0000	0.0000	0.0000	0.0000	2.0045	0.0000	0.0106	1.0000	0.0000	0.0000	0.0000	0.0000	0.0000	0.0000	0.0000	0.0000	0.0000	0.0000	0.0000	0.0000	0.0000	0.0000	0.0000	0.0000	0.0000	0.0000	0.0000	0.0000	0.0000	0.0000	0.0000	0.0000	0.0000	0.0000	0.0000	0.0105	0.0044	0.0062	0.0000	0.0000	0.0000	0.0105	0.0043	0.0061	0.0000	0.0000	0.0000	0.0000	0.0000	0.0000	0.0000	0.0000	0.0000	0.0000	0.0000	0.0000	0.0000	0.0000	0.0000	0.0000	0.0000	0.0000											
21	118	0.6245	6	0	1	0	1	0	0	0	0	N	N	N	N	N	N	N	N	N	N	N	N	11.5410	5.8505	0.1750	0.2119	inf	inf	0.0043	0.0047	0.0000	0.0002	0.0002	0.0000	0.0138	0.0162	0.0000	0.0004	0.0008	0.0000	0.0010	0.0009	0.0000	0.0000	0.0000	0.0000	0.0000	0.0000	-0.0012	-0.0000	2.0045	16.9994	0.0106	6.0000	0.0047	0.0047	0.0000	0.0001	0.0001	0.0000	0.0046	0.0046	0.0000	0.0000	0.0000	0.0000	0.0000	0.0000	0.0000	0.0000	0.0000	0.0000	1.0959	0.9915	0.1045	0.7654	0.7092	0.0561	0.3305	0.2822	0.0483	0.0589	0.0314	0.0275	0.0231	0.0196	0.0035	0.0358	0.0118	0.0241	25.2739	14.8794	0.0000	0.4223	0.3873	0.0000	inf	inf	0.0000	0.0002	0.0003	0.0000	0.0004	0.0005	0.0000	0.0000	0.0000	0.0000			
21	119	0.0684	3	0	1	0	1	0	0	0	0	N	N	N	N	N	N	N	N	N	N	N	N	0.2429	0.0389	0.0000	0.0000	inf	inf	0.0102	0.0114	0.0000	0.0001	0.0001	0.0000	0.0132	0.0150	0.0000	0.0420	0.2930	0.0000	3.4625	3.3804	0.0000	0.0000	0.0000	0.0000	0.0000	0.0000	-0.0012	-0.0001	2.0045	5.0000	0.0106	6.0000	0.0047	0.0047	0.0000	0.0000	0.0000	0.0000	0.0047	0.0047	0.0000	0.0002	0.0002	0.0000	0.0002	0.0002	0.0000	0.0000	0.0000	0.0000	0.4610	0.4125	0.0485	0.1062	0.1004	0.0059	0.3548	0.3121	0.0426	0.0680	0.0281	0.0400	0.0002	0.0002	0.0000	0.0678	0.0278	0.0400	3.6512	1.6840	0.0000	0.0001	0.0001	0.0000	inf	inf	0.0000	0.0028	0.0068	0.0000	0.7712	0.7739	0.0000	0.0000	0.0000	0.0000			
21	120	0.0964	4	0	1	0	1	0	0	0	0	N	N	N	N	N	N	N	N	N	N	N	N	0.2095	0.0832	0.0000	0.0004	0.0005	81092.7030	784.9421	0.0000	0.0479	0.0524	0.0000	0.0002	0.0002	0.0000	0.1380	0.1622	0.0000	0.2286	0.6297	0.0000	0.4260	0.3911	0.0000	0.0000	0.0002	0.0000	0.0000	0.0002	-0.0012	-0.0000	2.0045	0.9998	0.0106	0.9486	0.0045	0.0045	0.0000	0.0000	0.0000	0.0000	0.0045	0.0045	0.0000	0.0001	0.0001	0.0000	0.0001	0.0001	0.0000	0.0000	0.0000	0.0000	0.0942	0.0861	0.0081	0.0616	0.0583	0.0033	0.0326	0.0277	0.0048	0.0139	0.0057	0.0082	0.0030	0.0030	0.0001	0.0109	0.0027	0.0081	8.7044	3.9114	0.0000	0.0068	0.0070	0.0000	81092.7030	278075.3223	0.0000	0.0055	0.0134	0.0000	0.0252	0.0258	0.0000	0.0000	0.0000	0.0000	
21	121	0.0684	3	0	1	0	1	0	0	0	0	N	N	N	N	N	N	N	N	N	N	N	N	0.1002	0.0440	0.1022	0.0000	0.0000	inf	1.6493	inf	0.1162	0.0001	0.0001	0.0000	0.0000	0.0000	0.0000	0.0002	0.0002	0.0000	0.0012	0.0031	0.0001	1.3443	1.2526	0.0000	0.0001	0.0000	0.0001	0.0090	0.1810	-0.0000	-0.0000	2.0045	3.0005	0.0106	1.1085	0.0001	0.0001	0.0000	0.0000	0.0000	0.0000	0.0001	0.0001	0.0000	0.0000	0.0000	0.0000	0.0000	0.0000	0.0000	0.0000	0.0000	0.0000	0.5009	0.4483	0.0525	0.1159	0.1095	0.0064	0.3850	0.3388	0.0461	0.0501	0.0207	0.0294	0.0002	0.0002	0.0000	0.0500	0.0206	0.0294	0.3140	0.1698	0.1022	0.0000	0.0000	inf	2.6512	inf	0.1162	0.0004	0.0008	0.0001	0.0959	0.0963	0.0000	0.0001	0.0000	0.0001
21	122	0.6657	7	0	1	0	1	0	0	0	0	N	N	N	N	N	N	N	N	N	N	N	N	inf	inf	inf	inf	inf	inf	0.0001	0.0001	0.0000	0.0001	0.0001	0.0000	0.0000	0.0000	0.0000	0.0000	0.0000	0.0000	0.0000	0.0000	0.0000	0.0000	0.0000	0.0000	0.0000	-0.0000	0.0000	2.0045	2.0001	0.0106	3.0000	0.0000	0.0000	0.0000	0.0000	0.0000	0.0000	0.0000	0.0000	0.0000	0.0000	0.0000	0.0000	0.0000	0.0000	0.0000	0.0000	0.0000	0.0000	0.1641	0.1498	0.0143	0.1251	0.1164	0.0087	0.0390	0.0334	0.0056	0.0123	0.0069	0.0053	0.0061	0.0052	0.0009	0.0062	0.0017	0.0045	inf	inf	0.0000	inf	inf	0.0000	inf	inf	0.0000	0.0000	0.0000	0.0000	0.0000	0.0000	0.0000	0.0000	0.0000	0.0000				
21	123	0.6245	6	0	0	0	1	0	0	0	0	N	N	N	N	N	N	N	N	N	N	N	N	1376.5328	207.0657	64.6385	76.7134	inf	inf	0.0109	0.0120	0.0000	0.0042	0.0046	0.0000	0.0303	0.0358	0.0000	0.0000	0.0001	0.0000	0.0001	0.0001	0.0000	0.0000	0.0000	0.0000	0.0000	0.0000	-0.0017	-0.0000	2.0045	6.9986	0.0106	2.0000	0.0064	0.0064	0.0000	0.0019	0.0019	0.0000	0.0046	0.0046	0.0000	0.0000	0.0000	0.0000	0.0000	0.0000	0.0000	0.0000	0.0000	0.0000	0.5880	0.5328	0.0552	0.4374	0.4053	0.0321	0.1506	0.1275	0.0231	0.0264	0.0140	0.0124	0.0101	0.0086	0.0015	0.0162	0.0054	0.0109	119774.2492	70142.7881	0.0000	17847.8536	16393.7346	0.0000	inf	inf	0.0000	0.0000	0.0000	0.0000	0.0000	0.0000	0.0000	0.0000	0.0000	0.0000			
21	124	0.1019	4	0	1	0	1	0	0	0	0	N	N	N	N	N	N	N	N	N	N	N	N	2.3579	1.9537	0.0000	1.2090	1.4077	0.0000	27.0354	inf	0.0000	0.0002	0.0002	0.0000	0.0004	0.0005	0.0000	0.0001	0.0001	0.0000	0.0001	0.0001	0.0000	0.0004	0.0003	0.0000	0.0000	0.0000	0.0000	0.0000	3.9110	-0.0000	0.0000	2.0045	3.9006	0.0106	3.1543	0.0001	0.0001	0.0000	0.0001	0.0001	0.0000	0.0000	0.0000	0.0000	0.0000	0.0000	0.0000	0.0000	0.0000	0.0000	0.0000	0.0000	0.0000	0.6638	0.5949	0.0688	0.1902	0.1779	0.0124	0.4735	0.4171	0.0565	0.0789	0.0336	0.0453	0.0021	0.0018	0.0002	0.0769	0.0318	0.0451	43.6719	101.8496	0.0000	12.1729	11.9256	0.0000	27.0354	inf	0.0000	0.0000	0.0000	0.0000	0.0000	0.0000	0.0000	0.0000	0.0000	0.0000
21	125	0.0684	3	0	1	0	1	0	0	0	0	N	N	N	N	N	N	N	N	N	N	N	N	0.4922	0.1730	inf	0.0000	0.0000	inf	inf	inf	0.0003	0.0003	0.0000	0.0000	0.0000	0.0000	0.0004	0.0004	0.0000	0.0006	0.0018	0.0000	1.0793	0.9504	0.0000	0.0000	0.0000	0.0000	0.0013	0.0000	-0.0000	-0.0000	2.0045	1.6924	0.0106	1.9110	0.0001	0.0001	0.0000	0.0000	0.0000	0.0000	0.0001	0.0001	0.0000	0.0000	0.0000	0.0000	0.0000	0.0000	0.0000	0.0000	0.0000	0.0000	0.3078	0.2751	0.0328	0.0699	0.0659	0.0039	0.2380	0.2091	0.0288	0.0448	0.0185	0.0263	0.0002	0.0002	0.0000	0.0447	0.0184	0.0263	1.1803	0.5458	inf	0.0000	0.0000	0.0000	inf	inf	inf	0.0002	0.0006	0.0000	0.0689	0.0691	0.0000	0.0000	0.0000	0.0000	
21	126	0.6245	6	0	1	0	1	0	0	0	0	N	N	N	N	N	N	N	N	N	N	N	N	0.0000	0.0010	0.0000	0.0000	0.0010	0.0000	0.0000	0.0000	0.0000	0.0000	0.0000	0.0000	0.0000	0.0000	0.0000	0.0000	0.0000	0.0046	0.0001	0.0016	0.0024	0.0001	0.0109	0.0008	0.0000	0.0009	0.0000	1020.4082	-0.0000	0.0000	2.0045	0.9996	0.0106	8.0005	0.0000	0.0000	0.0000	0.0000	0.0000	0.0000	0.0000	0.0000	0.0000	0.0000	0.0000	0.0000	0.0000	0.0000	0.0000	0.0000	0.0000	0.0000	0.1034	0.0939	0.0095	0.0805	0.0746	0.0059	0.0230	0.0194	0.0036	0.0264	0.0140	0.0124	0.0101	0.0086	0.0015	0.0162	0.0054	0.0109	0.0001	0.0692	0.0000	0.0001	0.0537	0.0000	0.0000	0.0000	0.0000	0.0008	0.0000	0.0016	0.0010	0.0000	0.0066	0.0006	0.0000	0.0009	
21	127	0.5299	6	0	0	0	1	0	0	0	0	N	N	N	N	N	N	N	N	N	N	N	N	4108.8700	2374.5317	0.0029	0.1416	0.1839	0.0000	485505.6568	inf	0.0078	2.7243	3.0101	0.0000	0.0002	0.0002	0.0000	12.1661	14.4198	0.0000	0.0007	0.0013	0.0000	0.0015	0.0013	0.0001	0.0000	0.0000	0.0000	0.0000	0.0441	-0.2591	-0.0000	2.0045	3.6536	0.0106	12.3970	0.9960	0.9960	0.0000	0.0001	0.0001	0.0000	0.9959	0.9959	0.0000	0.0000	0.0000	0.0000	0.0000	0.0000	0.0000	0.0000	0.0000	0.0000	0.3656	0.3309	0.0347	0.2837	0.2618	0.0219	0.0819	0.0691	0.0128	0.0575	0.0330	0.0245	0.0239	0.0210	0.0029	0.0336	0.0120	0.0216	10216.3216	6757.7686	0.0029	0.3421	0.3297	0.0000	857796.5258	inf	0.0078	0.0003	0.0004	0.0000	0.0006	0.0007	0.0001	0.0000	0.0000	0.0000
21	128	0.3187	4	0	0	0	1	0	0	0	0	N	N	N	N	N	N	N	N	N	N	N	N	1.3887	1.8922	0.0031	1.1220	1.8176	0.0003	0.1240	inf	0.0076	0.0007	0.0008	0.0000	0.0010	0.0011	0.0000	0.0000	0.0000	0.0000	0.0005	0.0004	0.0003	0.0009	0.0006	0.0016	0.0002	0.0000	0.0002	0.0002	2.2552	-0.0001	0.0000	2.0045	5.3495	0.0106	12.4099	0.0005	0.0005	0.0000	0.0004	0.0004	0.0000	0.0000	0.0000	0.0000	0.0000	0.0000	0.0000	0.0000	0.0000	0.0000	0.0000	0.0000	0.0000	0.6493	0.5800	0.0692	0.4515	0.4100	0.0416	0.1977	0.1701	0.0277	0.1085	0.0585	0.0500	0.0390	0.0348	0.0042	0.0695	0.0237	0.0458	3.1710	6.2269	0.0031	3.0074	5.1851	0.0004	0.1543	inf	0.0076	0.0002	0.0001	0.0003	0.0003	0.0002	0.0013	0.0002	0.0000	0.0002
21	129	0.7360	12	0	1	0	2	0	0	0	0	N	N	N	Y	N	N	N	N	N	N	N	N	0.0000	0.0000	0.0000	0.0000	0.0000	0.0000	0.0000	0.0000	0.0000	0.0000	0.0000	0.0000	0.0000	0.0000	0.0000	0.0000	0.0000	0.0000	0.0000	0.0000	2.0045	0.0000	0.0106	0.0000	0.0000	0.0000	0.0000	0.0000	0.0000	0.0000	0.0000	0.0000	0.0000	0.0000	0.0000	0.0000	0.0000	0.0000	0.0000	0.0000	0.0000	0.0000	0.0000	0.0000	0.0000	0.0000	0.0000	0.0000	0.0000	0.0000	0.0000	0.0000	0.0000	0.0000	0.0000	0.0000	0.0000	0.0000	0.0000	0.0000	0.0000	0.0000	0.0000	0.0000	0.0000	0.0000	0.0000	0.0000	0.0000	0.0000	0.0000	0.0000	0.0000	0.0000	0.0000	0.0000	0.0000	0.0000											
21	130	0.7197	11	0	1	0	2	0	0	0	0	N	N	N	Y	N	N	N	N	N	N	N	N	0.0000	0.0000	0.0000	0.0000	0.0000	0.0000	0.0000	0.0000	0.0000	0.0000	0.0000	0.0000	0.0000	0.1515	0.0000	0.0306	0.0000	0.0000	0.0000	0.1146	0.0000	0.0134	inf	0.0000	0.0000	2.0045	0.0000	0.0106	3.0001	0.0000	0.0000	0.0000	0.0000	0.0000	0.0000	0.0000	0.0000	0.0000	0.0000	0.0000	0.0000	0.0000	0.0000	0.0000	0.0000	0.0000	0.0000	0.0000	0.0000	0.0000	0.0000	0.0000	0.0000	0.0000	0.0000	0.0000	0.0070	0.0042	0.0028	0.0038	0.0033	0.0005	0.0032	0.0009	0.0022	0.0000	0.0000	0.0000	0.0000	0.0000	0.0000	0.0000	0.0000	0.0000	0.0043	0.0000	0.0108	0.0000	0.0000	0.0000	0.0094	0.0000	0.0134						
21	131	0.7100	10	0	1	0	1	0	0	0	0	N	N	N	N	N	N	N	N	N	N	N	N	0.0000	0.0000	0.0000	0.0000	0.0000	0.0000	0.0000	0.0000	0.0000	0.0000	0.0000	0.0000	0.0000	0.0000	0.0000	0.0000	0.0000	0.0000	0.0000	0.0000	2.0045	0.0000	0.0106	0.0000	0.0000	0.0000	0.0000	0.0000	0.0000	0.0000	0.0000	0.0000	0.0000	0.0000	0.0000	0.0000	0.0000	0.0000	0.0000	0.0000	0.0000	0.0000	0.0000	0.0000	0.0000	0.0000	0.0000	0.0000	0.0000	0.0000	0.0000	0.0000	0.0000	0.0000	0.0000	0.0000	0.0000	0.0000	0.0000	0.0000	0.0000	0.0000	0.0000	0.0000	0.0000	0.0000	0.0000	0.0000	0.0000	0.0000	0.0000	0.0000	0.0000	0.0000	0.0000	0.0000	0.0000	0.0000											
21	132	0.7197	11	0	0	1	2	0	0	0	0	N	N	N	Y	N	N	N	N	N	N	N	N	0.0000	0.0000	0.0000	0.0000	0.0000	0.0000	0.0000	0.0000	0.0000	0.0000	0.0000	0.0000	0.0000	0.0000	0.0000	0.0000	0.0000	0.0000	0.0000	0.0000	2.0045	0.0000	0.0106	1.9999	0.0000	0.0000	0.0000	0.0000	0.0000	0.0000	0.0000	0.0000	0.0000	0.0000	0.0000	0.0000	0.0000	0.0000	0.0000	0.0000	0.0000	0.0000	0.0000	0.0000	0.0000	0.0000	0.0000	0.0000	0.0000	0.0000	0.0000	0.0047	0.0028	0.0019	0.0026	0.0022	0.0004	0.0021	0.0006	0.0015	0.0000	0.0000	0.0000	0.0000	0.0000	0.0000	0.0000	0.0000	0.0000	0.0000	0.0000	0.0000	0.0000	0.0000	0.0000	0.0000	0.0000	0.0000											
21	133	0.7307	12	0	0	1	2	0	0	0	0	N	N	N	Y	N	N	N	N	N	N	N	N	0.0000	0.0000	0.0000	0.0000	0.0000	0.0000	0.0000	0.0000	0.0000	0.0000	0.0000	0.0000	0.0000	0.0000	0.0000	0.0000	0.0000	0.0000	0.0000	0.0000	2.0045	1.0000	0.0106	0.0000	0.0000	0.0000	0.0000	0.0000	0.0000	0.0000	0.0000	0.0000	0.0000	0.0000	0.0000	0.0000	0.0000	0.0000	0.0000	0.0000	0.0000	0.0000	0.0893	0.0820	0.0073	0.0710	0.0664	0.0046	0.0183	0.0156	0.0027	0.0021	0.0012	0.0009	0.0010	0.0009	0.0001	0.0011	0.0003	0.0008	0.0000	0.0000	0.0000	0.0000	0.0000	0.0000	0.0000	0.0000	0.0000	0.0000	0.0000	0.0000	0.0000	0.0000	0.0000	0.0000	0.0000	0.0000											
21	134	0.7307	12	0	0	1	2	0	0	0	0	N	N	N	Y	N	N	N	N	N	N	N	N	0.0000	0.0000	0.0000	0.0000	0.0000	0.0000	0.0000	0.0000	0.0000	0.0000	0.0000	0.0000	0.0000	0.0000	0.0000	0.0000	0.0000	0.0000	0.0000	0.0000	2.0045	0.0000	0.0106	0.0000	0.0000	0.0000	0.0000	0.0000	0.0000	0.0000	0.0000	0.0000	0.0000	0.0000	0.0000	0.0000	0.0000	0.0000	0.0000	0.0000	0.0000	0.0000	0.0000	0.0000	0.0000	0.0000	0.0000	0.0000	0.0000	0.0000	0.0000	0.0000	0.0000	0.0000	0.0000	0.0000	0.0000	0.0000	0.0000	0.0000	0.0000	0.0000	0.0000	0.0000	0.0000	0.0000	0.0000	0.0000	0.0000	0.0000	0.0000	0.0000	0.0000	0.0000	0.0000	0.0000	0.0000	0.0000											
21	135	0.7197	11	0	0	1	2	0	0	0	0	N	N	N	Y	N	N	N	N	N	N	N	N	256645.8494	inf	0.0000	58705832.8069	inf	0.0000	5.6364	6.1476	0.0000	0.0000	0.0000	0.0000	25.8199	30.1925	0.0000	0.0000	0.0000	0.0000	0.0000	0.0000	0.0000	0.0000	0.0000	0.0000	0.0000	inf	-0.2598	0.0000	2.0045	2.0025	0.0106	0.9943	0.9986	0.9986	0.0000	0.0000	0.0000	0.0000	0.9986	0.9986	0.0000	0.0000	0.0000	0.0000	0.0000	0.0000	0.0000	0.0000	0.0000	0.0000	0.1772	0.1624	0.0147	0.1385	0.1294	0.0091	0.0387	0.0331	0.0056	0.0070	0.0042	0.0028	0.0038	0.0033	0.0005	0.0032	0.0009	0.0022	24584547.9619	inf	0.0000	0.0000	0.0000	0.0000	58705832.8069	inf	0.0000	0.0000	0.0000	0.0000	0.0000	0.0000	0.0000	0.0000	0.0000	0.0000			
21	136	0.7197	10	0	0	0	2	0	0	0	0	N	N	N	Y	N	N	N	N	N	N	N	N	0.0000	0.0000	0.0000	0.0000	0.0000	0.0000	0.0000	0.0000	0.0000	0.0000	0.0000	0.0000	0.0000	0.0000	0.0000	0.0000	0.0002	0.0003	0.0001	0.0004	0.0004	0.0000	0.0001	0.0000	0.0001	1.0000	0.0000	-0.0000	2.0045	0.0050	0.0106	0.0173	0.0000	0.0000	0.0000	0.0000	0.0000	0.0000	0.0000	0.0000	0.0000	0.0000	0.0000	0.0000	0.0000	0.0000	0.0000	0.0000	0.0000	0.0000	0.0023	0.0021	0.0002	0.0022	0.0020	0.0002	0.0001	0.0001	0.0000	0.0001	0.0000	0.0000	0.0000	0.0000	0.0000	0.0000	0.0000	0.0000	0.0000	0.0000	0.0000	0.0000	0.0000	0.0000	0.0000	0.0000	0.0000	0.0001	0.0000	0.0001	0.0001	0.0001	0.0000	0.0001	0.0000	0.0001			
21	137	0.7100	9	0	0	0	2	0	0	0	0	N	N	N	Y	N	N	N	N	N	N	N	N	0.0000	0.0000	0.0000	0.0000	0.0000	0.0000	0.0000	0.0000	0.0000	0.0000	0.0000	0.0000	0.0000	0.0000	0.0001	0.0000	0.0001	0.0001	0.0000	0.0000	0.0000	0.0000	0.0000	0.0000	-0.0000	2.0045	1.9972	0.0106	1.0076	0.0000	0.0000	0.0000	0.0000	0.0000	0.0000	0.0000	0.0000	0.0000	0.0000	0.0000	0.0000	0.0000	0.0000	0.0000	0.0000	0.0000	0.0000	0.1346	0.1220	0.0126	0.0984	0.0911	0.0073	0.0362	0.0309	0.0053	0.0061	0.0038	0.0023	0.0038	0.0033	0.0005	0.0023	0.0005	0.0018	0.0000	0.0000	0.0000	0.0000	0.0000	0.0000	0.0000	0.0000	0.0000	0.0000	0.0000	0.0000	0.0000	0.0000	0.0000	0.0000	0.0000	0.0000						
21	138	0.6927	8	1	1	0	1	0	0	0	0	N	N	N	N	N	N	N	N	N	N	N	N	0.0000	0.0000	0.0000	0.0000	0.0000	0.0000	0.0000	0.0000	0.0000	0.0000	0.0000	0.0000	0.0000	0.0000	0.0000	0.0000	0.0000	0.0000	0.0000	0.0000	2.0045	0.0002	0.0106	2.3255	0.0000	0.0000	0.0000	0.0000	0.0000	0.0000	0.0000	0.0000	0.0000	0.0000	0.0000	0.0000	0.0000	0.0000	0.0000	0.0000	0.0000	0.0000	0.0000	0.0000	0.0000	0.0000	0.0000	0.0000	0.0000	0.0000	0.0000	0.0073	0.0044	0.0029	0.0034	0.0030	0.0004	0.0038	0.0014	0.0025	0.0000	0.0000	0.0000	0.0000	0.0000	0.0000	0.0000	0.0000	0.0000	0.0000	0.0000	0.0000	0.0000	0.0000	0.0000	0.0000	0.0000	0.0000											
21	139	0.6749	7	1	1	0	1	0	0	0	0	N	N	N	N	N	N	N	N	N	N	N	N	0.0638	0.0291	149.1263	0.1454	0.1587	inf	74.8014	0.0001	359.0285	0.0068	0.0073	0.0008	0.0083	0.0088	0.0000	0.0003	0.0000	0.0021	0.1065	0.2510	0.0000	0.0571	0.0556	0.0000	0.0000	0.0002	0.0000	0.0093	0.0006	-0.0004	-0.0000	2.0045	2.0138	0.0106	2.7349	0.0017	0.0017	0.0000	0.0017	0.0017	0.0000	0.0000	0.0000	0.0000	0.0001	0.0001	0.0000	0.0001	0.0001	0.0000	0.0000	0.0000	0.0000	0.2541	0.2341	0.0199	0.2061	0.1937	0.0125	0.0479	0.0404	0.0075	0.0205	0.0117	0.0088	0.0094	0.0086	0.0008	0.0111	0.0031	0.0080	1.9155	1.1755	149.1263	1.0732	1.0415	inf	74.8014	0.0502	359.0285	0.0035	0.0062	0.0000	0.0077	0.0085	0.0000	0.0000	0.0000	0.0000
21	140	0.6914	8	0	1	0	1	0	0	0	0	N	N	N	N	N	N	N	N	N	N	N	N	16025.9640	inf	0.0637	0.0014	inf	0.0000	138955.1384	inf	0.1628	2.4890	2.6458	0.0000	0.0000	0.0000	0.0000	15.8456	18.2739	0.0000	0.0002	0.0000	0.0001	0.0002	0.0000	0.0001	0.0001	0.0000	0.0001	0.0000	inf	-0.2596	0.0000	2.0045	1.9232	0.0106	1.1116	0.9977	0.9977	0.0000	0.0000	0.0000	0.0000	0.9977	0.9977	0.0000	0.0000	0.0000	0.0000	0.0000	0.0000	0.0000	0.0000	0.0000	0.0000	0.4009	0.3771	0.0238	0.3379	0.3225	0.0154	0.0630	0.0546	0.0084	0.0066	0.0041	0.0025	0.0040	0.0034	0.0005	0.0027	0.0007	0.0020	71868.9645	inf	0.0637	0.0356	inf	0.0000	211062.2779	inf	0.1628	0.0000	0.0000	0.0001	0.0000	0.0000	0.0001	0.0001	0.0000	0.0001
21	141	0.0491	2	0	1	0	1	0	0	0	0	N	N	N	N	N	N	N	N	N	N	N	N	inf	inf	inf	inf	inf	inf	0.0078	0.0000	0.0566	0.0002	0.0000	0.0027	0.0086	0.0000	0.0592	0.0000	0.0000	0.0000	0.0000	0.0000	0.0000	0.0000	0.0000	0.0000	inf	0.0035	0.0000	2.0045	3.0000	0.0106	1.0000	0.0047	0.0000	0.0047	0.0000	0.0000	0.0000	0.0047	0.0000	0.0047	0.0000	0.0000	0.0000	0.0000	0.0000	0.0000	0.0000	0.0000	0.0000	0.6025	0.5196	0.0830	0.0597	0.0560	0.0037	0.5428	0.4636	0.0793	0.0620	0.0274	0.0347	0.0001	0.0001	0.0000	0.0619	0.0272	0.0347	inf	0.0000	inf	inf	0.0000	inf	inf	0.0000	inf	0.0000	0.0000	0.0000	0.0000	0.0000	0.0000	0.0000	0.0000	0.0000				
21	145	0.7100	10	1	1	0	1	0	0	0	0	N	N	N	N	N	N	N	N	N	N	N	N	0.0000	0.0000	0.0000	0.0000	0.0000	0.0000	0.0000	0.0000	0.0000	0.0000	0.0000	0.0000	0.0000	0.0000	0.0000	0.0000	0.0000	0.0000	0.0000	0.0000	2.0045	1.0000	0.0106	1.0000	0.0000	0.0000	0.0000	0.0000	0.0000	0.0000	0.0000	0.0000	0.0000	0.0000	0.0000	0.0000	0.0000	0.0000	0.0000	0.0000	0.0000	0.0000	0.0688	0.0623	0.0064	0.0505	0.0467	0.0037	0.0183	0.0156	0.0027	0.0041	0.0026	0.0015	0.0026	0.0022	0.0004	0.0015	0.0004	0.0012	0.0000	0.0000	0.0000	0.0000	0.0000	0.0000	0.0000	0.0000	0.0000	0.0000	0.0000	0.0000	0.0000	0.0000	0.0000	0.0000	0.0000	0.0000											
21	146	0.7100	9	0	1	0	1	0	0	0	0	N	N	N	N	N	N	N	N	N	N	N	N	0.0000	0.0000	0.0000	0.0000	0.0000	0.0000	0.0000	0.0000	0.0000	0.0000	0.0000	0.0000	0.0000	0.0000	0.0000	0.0000	0.0000	0.0000	0.0000	0.0000	2.0045	0.0003	0.0106	0.0000	0.0000	0.0000	0.0000	0.0000	0.0000	0.0000	0.0000	0.0000	0.0000	0.0000	0.0000	0.0000	0.0000	0.0000	0.0000	0.0000	0.0000	0.0000	0.0002	0.0002	0.0000	0.0002	0.0002	0.0000	0.0000	0.0000	0.0000	0.0000	0.0000	0.0000	0.0000	0.0000	0.0000	0.0000	0.0000	0.0000	0.0000	0.0000	0.0000	0.0000	0.0000	0.0000	0.0000	0.0000	0.0000	0.0000	0.0000	0.0000	0.0000	0.0000	0.0000	0.0000	0.0000	0.0000											
21	147	0.6914	8	0	0	0	1	0	0	0	0	N	N	N	N	N	N	N	N	N	N	N	N	14.5987	inf	0.0667	14.1852	inf	0.0000	0.0163	0.1571	0.0018	0.0020	0.0000	0.0023	0.0024	0.0000	0.0000	0.0000	0.0000	0.0001	0.0000	0.0000	0.0002	0.0000	0.0000	0.0001	0.0000	0.0001	0.0001	inf	-0.0003	0.0000	2.0045	4.9449	0.0106	1.0063	0.0010	0.0010	0.0000	0.0010	0.0010	0.0000	0.0000	0.0000	0.0000	0.0000	0.0000	0.0000	0.0000	0.0000	0.0000	0.0000	0.0000	0.0000	0.5680	0.5255	0.0425	0.4518	0.4255	0.0264	0.1162	0.1000	0.0162	0.0124	0.0077	0.0047	0.0075	0.0064	0.0010	0.0050	0.0013	0.0037	98.3524	inf	0.0667	573.5124	inf	0.0000	0.0294	0.0000	0.1571	0.0000	0.0000	0.0000	0.0000	0.0000	0.0000	0.0000	0.0000	0.0001	
21	148	0.6749	7	0	0	0	1	0	0	0	0	N	N	N	N	N	N	N	N	N	N	N	N	2.3671	12.3037	0.6471	0.0036	0.0060	0.0035	15.0036	inf	1.5617	0.0027	0.0029	0.0005	0.0000	0.0000	0.0000	0.0114	0.0132	0.0013	0.0011	0.0002	0.0008	0.0006	0.0003	0.0014	0.0008	0.0000	0.0008	0.0177	26.3056	-0.0002	0.0000	2.0045	3.4778	0.0106	1.2917	0.0009	0.0009	0.0000	0.0000	0.0000	0.0000	0.0009	0.0009	0.0000	0.0000	0.0000	0.0000	0.0000	0.0000	0.0000	0.0000	0.0000	0.0000	0.3404	0.3113	0.0291	0.2601	0.2434	0.0167	0.0803	0.0679	0.0124	0.0206	0.0117	0.0088	0.0094	0.0086	0.0008	0.0111	0.0031	0.0080	7.1445	119.5850	0.6471	0.0155	0.0551	0.0043	19.4576	inf	1.5617	0.0004	0.0000	0.0008	0.0001	0.0000	0.0011	0.0006	0.0000	0.0008
21	149	0.6245	6	0	0	0	1	0	0	0	0	N	N	N	N	N	N	N	N	N	N	N	N	1.3625	0.0257	inf	0.0504	0.0479	inf	inf	inf	inf	0.0073	0.0002	0.0757	0.0003	0.0003	0.0003	0.0273	0.0000	0.1786	0.0054	0.0087	0.0000	0.0059	0.0062	0.0000	0.0000	0.0000	0.0000	35.0015	0.0000	0.0033	-0.0000	2.0045	7.8050	0.0106	4.0035	0.0047	0.0001	0.0046	0.0001	0.0001	0.0000	0.0045	0.0000	0.0045	0.0000	0.0000	0.0000	0.0000	0.0000	0.0000	0.0000	0.0000	0.0000	0.6398	0.5796	0.0602	0.4732	0.4385	0.0347	0.1666	0.1411	0.0254	0.0337	0.0179	0.0158	0.0130	0.0110	0.0019	0.0207	0.0068	0.0138	9.0092	0.1467	inf	0.1404	0.1198	inf	inf	inf	inf	0.0008	0.0015	0.0000	0.0021	0.0025	0.0000	0.0000	0.0000	0.0000
21	150	0.5299	6	0	0	0	1	0	0	0	0	N	N	N	N	N	N	N	N	N	N	N	N	12.2989	7.1723	0.0049	6.8882	8.6065	0.0000	0.0029	0.0000	0.0162	0.0073	0.0081	0.0000	0.0094	0.0102	0.0000	0.0000	0.0000	0.0000	0.0006	0.0011	0.0000	0.0014	0.0012	0.0001	0.0000	0.0007	0.0000	0.0000	0.0283	-0.0007	-0.0000	2.0045	3.7255	0.0106	14.1767	0.0027	0.0027	0.0000	0.0027	0.0027	0.0000	0.0000	0.0000	0.0000	0.0000	0.0000	0.0000	0.0000	0.0000	0.0000	0.0000	0.0000	0.0000	0.3716	0.3363	0.0353	0.2882	0.2659	0.0222	0.0834	0.0704	0.0130	0.0614	0.0350	0.0264	0.0254	0.0222	0.0031	0.0361	0.0128	0.0233	29.8665	19.3337	0.0049	16.2490	15.6193	0.0000	0.0029	0.0000	0.0162	0.0002	0.0004	0.0000	0.0006	0.0007	0.0001	0.0000	0.0000	0.0000
21	151	0.5135	5	0	0	0	1	0	0	0	0	N	N	N	N	N	N	N	N	N	N	N	N	6.8856	6.4673	4.0014	0.0411	0.0543	0.0000	454.0239	165.5671	9.3400	0.0175	0.0193	0.0007	0.0001	0.0001	0.0000	0.0763	0.0912	0.0017	0.0025	0.0030	0.0002	0.0029	0.0024	0.0001	0.0002	0.0006	0.0002	0.0038	0.1407	-0.0007	-0.0000	2.0045	1.4205	0.0106	4.0377	0.0027	0.0027	0.0000	0.0000	0.0000	0.0000	0.0027	0.0027	0.0000	0.0000	0.0000	0.0000	0.0000	0.0000	0.0000	0.0000	0.0000	0.0000	0.1561	0.1413	0.0147	0.1205	0.1116	0.0088	0.0356	0.0297	0.0059	0.0358	0.0220	0.0138	0.0159	0.0147	0.0012	0.0199	0.0073	0.0126	31.9191	24.5772	4.0014	0.1095	0.1095	0.0000	637.1765	24811.5867	9.3400	0.0005	0.0008	0.0002	0.0011	0.0012	0.0001	0.0001	0.0000	0.0002
22	23	0.6466	8	0	1	0	2	0	0	0	0	N	N	N	Y	N	N	N	N	N	N	N	N	0.0000	0.0000	0.0000	0.0000	0.0000	0.0000	0.0000	0.0000	0.0000	0.0000	0.0000	0.0000	0.0000	0.0000	0.0001	0.0000	0.0001	0.0001	0.0000	0.0000	0.0000	0.0000	0.0000	0.0000	-0.0000	1.9989	0.0000	1.0099	1.0024	0.0000	0.0000	0.0000	0.0000	0.0000	0.0000	0.0000	0.0000	0.0000	0.0000	0.0000	0.0000	0.0000	0.0000	0.0000	0.0000	0.0000	0.0000	0.0000	0.0000	0.0000	0.0000	0.0000	0.0000	0.0000	0.0000	0.0000	0.0049	0.0025	0.0024	0.0018	0.0016	0.0003	0.0031	0.0010	0.0021	0.0000	0.0000	0.0000	0.0000	0.0000	0.0000	0.0000	0.0000	0.0000	0.0000	0.0000	0.0000	0.0000	0.0000	0.0000	0.0000	0.0000	0.0000						
22	24	0.0709	3	0	1	0	1	0	0	0	0	N	N	N	N	N	N	N	N	N	N	N	N	0.0000	0.0000	0.0000	0.0000	0.0000	0.0000	0.0000	0.0000	0.0000	0.0000	0.0000	0.0000	0.0000	0.0000	0.0000	0.0000	0.0000	0.0000	0.0000	0.0000	1.9989	0.0000	1.0099	0.0000	0.0000	0.0000	0.0000	0.0000	0.0000	0.0000	0.0000	0.0000	0.0000	0.0000	0.0000	0.0000	0.0000	0.0000	0.0000	0.0000	0.0000	0.0000	0.0000	0.0000	0.0000	0.0000	0.0000	0.0000	0.0000	0.0000	0.0000	0.0000	0.0000	0.0000	0.0000	0.0000	0.0000	0.0000	0.0000	0.0000	0.0000	0.0000	0.0000	0.0000	0.0000	0.0000	0.0000	0.0000	0.0000	0.0000	0.0000	0.0000	0.0000	0.0000	0.0000	0.0000	0.0000	0.0000											
22	25	0.6784	8	0	1	0	1	0	0	0	0	N	N	N	N	N	N	N	N	N	N	N	N	0.0009	0.0004	0.0000	0.0000	inf	inf	0.0000	0.0000	0.0000	0.0000	0.0000	0.0000	0.0000	0.0000	0.0000	0.0001	0.0003	0.0000	0.0004	0.0003	0.0000	0.0000	0.0000	0.0000	0.0000	0.0000	-0.0000	-0.0000	1.9989	0.9998	1.0099	0.0242	0.0000	0.0000	0.0000	0.0000	0.0000	0.0000	0.0000	0.0000	0.0000	0.0000	0.0000	0.0000	0.0000	0.0000	0.0000	0.0000	0.0000	0.0000	0.0870	0.0803	0.0067	0.0693	0.0651	0.0043	0.0176	0.0152	0.0024	0.0041	0.0024	0.0017	0.0022	0.0019	0.0003	0.0019	0.0004	0.0014	0.0058	0.0036	0.0000	0.0000	0.0000	0.0000	inf	inf	0.0000	0.0000	0.0000	0.0000	0.0000	0.0000	0.0000	0.0000	0.0000	0.0000			
22	26	0.7161	11	0	1	0	2	0	0	0	0	N	N	N	Y	N	N	N	N	N	N	N	N	0.0000	0.0000	0.0000	0.0000	0.0000	0.0000	0.0000	0.0000	0.0000	0.0000	0.0000	0.0000	0.0000	0.0000	0.0000	0.0000	0.0000	0.0000	0.0000	0.0000	1.9989	0.0000	1.0099	0.0000	0.0000	0.0000	0.0000	0.0000	0.0000	0.0000	0.0000	0.0000	0.0000	0.0000	0.0000	0.0000	0.0000	0.0000	0.0000	0.0000	0.0000	0.0000	0.0000	0.0000	0.0000	0.0000	0.0000	0.0000	0.0000	0.0000	0.0000	0.0000	0.0000	0.0000	0.0000	0.0000	0.0000	0.0000	0.0000	0.0000	0.0000	0.0000	0.0000	0.0000	0.0000	0.0000	0.0000	0.0000	0.0000	0.0000	0.0000	0.0000	0.0000	0.0000	0.0000	0.0000	0.0000	0.0000											
22	27	0.0946	3	1	1	0	1	0	0	0	0	N	N	N	N	N	N	N	N	N	N	N	N	60.4294	282.4538	0.0000	15.8003	17.2756	155.9647	217.2935	0.0000	0.0411	0.0453	0.0000	0.0058	0.0059	0.0000	0.0529	0.0599	0.0000	0.0007	0.0002	0.0005	0.0004	0.0003	0.0000	0.0003	0.0003	0.0005	0.0000	87.3798	-0.0001	0.0000	1.9989	0.0418	1.0099	6.1659	0.0003	0.0003	0.0000	0.0000	0.0000	0.0000	0.0003	0.0003	0.0000	0.0000	0.0000	0.0000	0.0000	0.0000	0.0000	0.0000	0.0000	0.0000	0.0068	0.0062	0.0006	0.0017	0.0017	0.0000	0.0051	0.0045	0.0006	0.0716	0.0315	0.0401	0.0050	0.0046	0.0004	0.0666	0.0269	0.0397	150.4673	6442.0982	0.0000	148.1543	139.0901	0.0000	182.0629	64441.2905	0.0000	0.0003	0.0000	0.0005	0.0000	0.0000	0.0000	0.0003	0.0000	0.0005	
22	28	0.1015	6	0	0	0	2	0	0	0	0	N	N	N	Y	N	N	N	N	N	N	N	N	5.7100	3.0184	10.0843	11.4627	0.0000	0.0000	0.0005	0.0005	0.0000	0.0027	0.0028	0.0000	0.0000	0.0000	0.0000	0.0001	0.0002	0.0000	0.0003	0.0002	0.0000	0.0000	0.0003	0.0000	0.0000	0.0000	-0.0000	-0.0000	1.9989	1.5398	1.0099	1.0296	0.0001	0.0001	0.0000	0.0001	0.0001	0.0000	0.0000	0.0000	0.0000	0.0000	0.0000	0.0000	0.0000	0.0000	0.0000	0.0000	0.0000	0.0000	0.1877	0.1683	0.0195	0.0334	0.0322	0.0012	0.1543	0.1361	0.0182	0.0316	0.0155	0.0160	0.0085	0.0074	0.0011	0.0231	0.0082	0.0149	93.7452	51.5201	0.0000	147.8296	132.7375	0.0000	0.0000	0.0000	0.0000	0.0000	0.0000	0.0000	0.0000	0.0000	0.0000	0.0000	0.0000	0.0000			
22	29	0.0964	5	0	0	0	2	0	0	0	0	N	N	N	Y	N	N	N	N	N	N	N	N	11.3047	9.9083	0.0000	45.2052	51.5983	0.0000	0.0002	0.0000	0.0000	0.0018	0.0021	0.0000	0.0137	0.0145	0.0000	0.0000	0.0000	0.0000	0.0002	0.0002	0.0001	0.0003	0.0003	0.0000	0.0001	0.0008	0.0001	0.0000	3.4688	-0.0000	0.0000	1.9989	0.8816	1.0099	0.0702	0.0002	0.0002	0.0000	0.0002	0.0002	0.0000	0.0000	0.0000	0.0000	0.0000	0.0000	0.0000	0.0000	0.0000	0.0000	0.0000	0.0000	0.0000	0.0978	0.0871	0.0107	0.0130	0.0123	0.0007	0.0847	0.0748	0.0100	0.0132	0.0068	0.0064	0.0038	0.0034	0.0004	0.0094	0.0034	0.0060	46.0376	118.3952	0.0000	562.5574	532.0726	0.0000	0.0003	0.0000	0.0000	0.0000	0.0000	0.0001	0.0000	0.0000	0.0000	0.0000	0.0000	0.0001
22	30	0.6620	9	0	0	0	2	0	0	0	0	N	N	N	Y	N	N	N	N	N	N	N	N	0.0000	0.0000	0.0000	0.0000	0.0000	0.0000	0.0000	0.0000	0.0000	0.0000	0.0000	0.0000	0.0000	0.0000	0.0000	0.0000	0.0000	0.0000	0.0000	0.0000	1.9989	0.0000	1.0099	0.0000	0.0000	0.0000	0.0000	0.0000	0.0000	0.0000	0.0000	0.0000	0.0000	0.0000	0.0000	0.0000	0.0000	0.0000	0.0000	0.0000	0.0000	0.0000	0.0000	0.0000	0.0000	0.0000	0.0000	0.0000	0.0000	0.0000	0.0000	0.0000	0.0000	0.0000	0.0000	0.0000	0.0000	0.0000	0.0000	0.0000	0.0000	0.0000	0.0000	0.0000	0.0000	0.0000	0.0000	0.0000	0.0000	0.0000	0.0000	0.0000	0.0000	0.0000	0.0000	0.0000	0.0000	0.0000											
22	31	0.6688	7	1	0	1	1	0	0	0	0	N	N	N	N	N	N	N	N	N	N	N	N	0.0000	0.0000	0.0000	0.0000	0.0000	0.0000	0.0000	0.0000	0.0000	0.0000	0.0000	0.0000	0.0000	0.0000	0.0000	0.0000	0.0000	0.0000	0.0000	0.0000	1.9989	0.0000	1.0099	0.0000	0.0000	0.0000	0.0000	0.0000	0.0000	0.0000	0.0000	0.0000	0.0000	0.0000	0.0000	0.0000	0.0000	0.0000	0.0000	0.0000	0.0000	0.0000	0.0000	0.0000	0.0000	0.0000	0.0000	0.0000	0.0000	0.0000	0.0000	0.0000	0.0000	0.0000	0.0000	0.0000	0.0000	0.0000	0.0000	0.0000	0.0000	0.0000	0.0000	0.0000	0.0000	0.0000	0.0000	0.0000	0.0000	0.0000	0.0000	0.0000	0.0000	0.0000	0.0000	0.0000	0.0000	0.0000											
22	32	0.6046	5	0	1	0	1	0	0	0	0	N	N	N	N	N	N	N	N	N	N	N	N	inf	inf	inf	inf	0.4700	0.5123	0.0000	0.6709	0.7080	0.0000	0.0000	0.0000	0.0000	0.0000	0.0000	0.0000	0.0000	0.0000	0.0000	0.0000	0.0000	0.0000	0.0000	-0.0000	0.0000	1.9989	0.0006	1.0099	3.0000	0.0001	0.0001	0.0000	0.0001	0.0001	0.0000	0.0000	0.0000	0.0000	0.0000	0.0000	0.0000	0.0000	0.0000	0.0000	0.0000	0.0000	0.0000	0.0001	0.0001	0.0000	0.0001	0.0001	0.0000	0.0000	0.0000	0.0000	0.0160	0.0079	0.0081	0.0051	0.0044	0.0008	0.0109	0.0035	0.0074	inf	inf	0.0000	inf	inf	0.0000	0.0000	0.0000	0.0000	0.0000	0.0000	0.0000	0.0000	0.0000	0.0000	0.0000	0.0000	0.0000						
22	33	0.6046	5	0	1	0	1	0	0	0	0	N	N	N	N	N	N	N	N	N	N	N	N	17.6360	8.2370	7.5314	8.9930	0.0080	0.0088	0.0000	0.0113	0.0121	0.0000	0.0000	0.0000	0.0000	0.0005	0.0011	0.0000	0.0015	0.0013	0.0000	0.0000	0.0000	0.0000	0.0000	0.0000	-0.0005	-0.0000	1.9989	2.0006	1.0099	8.0000	0.0018	0.0018	0.0000	0.0018	0.0018	0.0000	0.0000	0.0000	0.0000	0.0000	0.0000	0.0000	0.0000	0.0000	0.0000	0.0000	0.0000	0.0000	0.2225	0.2022	0.0204	0.1579	0.1468	0.0111	0.0647	0.0554	0.0093	0.0491	0.0244	0.0247	0.0162	0.0137	0.0024	0.0329	0.0107	0.0222	39.2643	21.5094	0.0000	18.2310	16.6483	0.0000	0.0000	0.0000	0.0000	0.0002	0.0004	0.0000	0.0006	0.0007	0.0000	0.0000	0.0000	0.0000					
22	34	0.6459	6	1	1	0	1	0	0	0	0	N	N	N	N	N	N	N	N	N	N	N	N	2773.3476	1496.0095	1722.7176	2067.6807	1.3679	1.4946	0.0000	1.8167	1.9465	0.0000	0.0000	0.0000	0.0000	0.0005	0.0010	0.0000	0.0011	0.0009	0.0000	0.0000	0.0000	0.0000	0.0000	0.0000	-0.2606	-0.0000	1.9989	10.0001	1.0099	4.0001	1.0016	1.0016	0.0000	1.0016	1.0016	0.0000	0.0000	0.0000	0.0000	0.0000	0.0000	0.0000	0.0000	0.0000	0.0000	0.0000	0.0000	0.0000	0.7322	0.6701	0.0620	0.5513	0.5145	0.0368	0.1809	0.1556	0.0253	0.0462	0.0259	0.0203	0.0230	0.0196	0.0034	0.0232	0.0063	0.0169	6316.2790	3871.4581	0.0000	4172.3796	3815.3009	0.0000	0.0000	0.0000	0.0000	0.0002	0.0004	0.0000	0.0004	0.0005	0.0000	0.0000	0.0000	0.0000					
22	35	0.6046	5	0	1	0	1	0	0	0	0	N	N	N	N	N	N	N	N	N	N	N	N	2629.4768	1186.5558	inf	inf	0.0000	0.0000	3.1078	3.4223	0.0000	4.4178	4.7520	0.0000	0.0000	0.0000	0.0000	0.0012	0.0029	0.0000	0.0000	0.0000	0.0000	0.0007	0.0348	0.0000	0.0000	0.0000	-0.2601	-0.0000	1.9989	3.0004	1.0099	2.0000	0.9998	0.9998	0.0000	0.9998	0.9998	0.0000	0.0000	0.0000	0.0000	0.0000	0.0000	0.0000	0.0000	0.0000	0.0000	0.0000	0.0000	0.0000	0.3217	0.2921	0.0296	0.2263	0.2104	0.0159	0.0954	0.0817	0.0136	0.0261	0.0129	0.0132	0.0084	0.0072	0.0013	0.0176	0.0057	0.0119	8099.8521	4407.8461	0.0000	inf	inf	0.0000	0.0000	0.0000	0.0000	0.0004	0.0008	0.0000	0.0000	0.0000	0.0000	0.0006	0.0017	0.0000			
22	36	0.0485	2	0	1	0	1	0	0	0	0	N	N	N	N	N	N	N	N	N	N	N	N	4421.7246	inf	0.0000	10444.3084	inf	0.0000	3.0577	3.4331	0.0000	0.0000	0.0000	0.0000	3.3904	3.8355	0.0000	0.0007	0.0000	0.0005	0.0000	0.0000	0.0000	0.0003	0.0000	0.0005	0.0000	inf	-0.2606	0.0000	1.9989	3.0000	1.0099	3.0000	1.0016	1.0016	0.0000	0.0000	0.0000	0.0000	1.0016	1.0016	0.0000	0.0000	0.0000	0.0000	0.0000	0.0000	0.0000	0.0000	0.0000	0.0000	0.3276	0.2917	0.0358	0.0321	0.0306	0.0015	0.2954	0.2611	0.0343	0.0730	0.0316	0.0414	0.0000	0.0000	0.0000	0.0730	0.0316	0.0414	11159.7426	inf	0.0000	0.0000	0.0000	0.0000	12368.7980	inf	0.0000	0.0003	0.0000	0.0005	0.0000	0.0000	0.0000	0.0003	0.0000	0.0005			
22	37	0.6348	6	1	1	0	1	0	0	0	0	N	N	N	N	N	N	N	N	N	N	N	N	inf	inf	inf	inf	inf	inf	inf	inf	0.5767	0.0000	6.6107	0.0000	0.0000	0.0000	2.0492	0.0000	14.3086	0.0000	0.0000	0.0000	0.0000	0.0000	0.0000	0.0000	0.0000	0.0000	99088.1626	0.2047	0.0000	1.9989	4.2779	1.0099	3.9542	0.2768	0.0000	0.2768	0.0000	0.0000	0.0000	0.2768	0.0000	0.2768	0.0000	0.0000	0.0000	0.0000	0.0000	0.0000	0.0000	0.0000	0.0000	0.4799	0.4381	0.0419	0.3449	0.3224	0.0225	0.1351	0.1157	0.0193	0.0367	0.0188	0.0180	0.0133	0.0113	0.0021	0.0234	0.0075	0.0159	inf	inf	inf	inf	inf	0.0000	inf	inf	inf	0.0000	0.0000	0.0000	0.0000	0.0000	0.0000	0.0000	0.0000	0.0000		
22	38	0.1151	6	1	1	0	1	0	0	0	0	N	N	N	N	N	N	N	N	N	N	N	N	55502.1471	27380.4861	0.1902	0.2066	42665343.6799	27057.9040	3.2129	3.6081	0.0000	0.0000	0.0000	0.0000	3.8773	4.4017	0.0000	0.0001	0.0001	0.0000	0.0002	0.0002	0.0000	0.0000	0.0002	0.0000	0.0000	0.0000	-0.2601	-0.0000	1.9989	2.8243	1.0099	1.0201	0.9998	0.9998	0.0000	0.0000	0.0000	0.0000	0.9998	0.9998	0.0000	0.0000	0.0000	0.0000	0.0000	0.0000	0.0000	0.0000	0.0000	0.0000	0.3112	0.2771	0.0341	0.0533	0.0500	0.0034	0.2579	0.2271	0.0307	0.0440	0.0212	0.0228	0.0110	0.0093	0.0016	0.0330	0.0118	0.0212	1839567.5930	994080.9878	0.0000	5.1897	4.7242	0.0000	42665343.6799	17329900.8185	0.0000	0.0000	0.0000	0.0000	0.0000	0.0000	0.0000	0.0000	0.0000	0.0000			
22	39	0.6459	6	0	1	0	1	0	0	0	0	N	N	N	N	N	N	N	N	N	N	N	N	5.4580	2.7232	3.7841	4.5621	inf	inf	0.0041	0.0045	0.0000	0.0053	0.0056	0.0000	0.0001	0.0001	0.0000	0.0008	0.0016	0.0000	0.0014	0.0012	0.0000	0.0000	0.0000	0.0000	0.0000	0.0000	-0.0004	-0.0000	1.9989	5.0001	1.0099	5.0000	0.0017	0.0017	0.0000	0.0017	0.0017	0.0000	0.0000	0.0000	0.0000	0.0000	0.0000	0.0000	0.0000	0.0000	0.0000	0.0000	0.0000	0.0000	0.4191	0.3843	0.0348	0.3246	0.3033	0.0213	0.0945	0.0810	0.0135	0.0341	0.0191	0.0150	0.0170	0.0145	0.0025	0.0171	0.0046	0.0125	13.9974	8.5599	0.0000	8.9341	8.1646	0.0000	inf	inf	0.0000	0.0003	0.0005	0.0000	0.0006	0.0007	0.0000	0.0000	0.0000	0.0000			
22	40	0.0709	3	0	1	0	1	0	0	0	0	N	N	N	N	N	N	N	N	N	N	N	N	0.0000	0.0000	0.0000	0.0000	0.0000	0.0000	0.0000	0.0000	0.0000	0.0000	0.0000	0.0000	0.0000	0.0000	0.0000	0.0000	0.0000	0.0000	0.0000	0.0000	1.9989	0.0000	1.0099	2.0000	0.0000	0.0000	0.0000	0.0000	0.0000	0.0000	0.0000	0.0000	0.0000	0.0000	0.0000	0.0000	0.0000	0.0000	0.0000	0.0000	0.0000	0.0000	0.0000	0.0000	0.0000	0.0000	0.0000	0.0000	0.0000	0.0000	0.0000	0.0179	0.0065	0.0114	0.0000	0.0000	0.0000	0.0179	0.0065	0.0114	0.0000	0.0000	0.0000	0.0000	0.0000	0.0000	0.0000	0.0000	0.0000	0.0000	0.0000	0.0000	0.0000	0.0000	0.0000	0.0000	0.0000	0.0000											
22	41	0.6459	6	0	1	0	1	0	0	0	0	N	N	N	N	N	N	N	N	N	N	N	N	603.4038	371.8759	inf	784.4891	887.1073	inf	inf	2.0503	2.2368	0.0002	2.6629	2.8508	0.0000	0.0001	0.0000	0.0006	0.0034	0.0060	0.0000	0.0034	0.0032	0.0000	0.0000	0.0000	0.0000	0.0000	0.0000	-0.2606	-0.0000	1.9989	5.9998	1.0099	3.0000	1.0016	1.0016	0.0000	1.0016	1.0016	0.0000	0.0000	0.0000	0.0000	0.0000	0.0000	0.0000	0.0000	0.0000	0.0000	0.0000	0.0000	0.0000	0.4885	0.4478	0.0407	0.3761	0.3513	0.0248	0.1124	0.0964	0.0160	0.0310	0.0174	0.0136	0.0154	0.0131	0.0022	0.0156	0.0042	0.0114	3173.3598	1941.2333	inf	2049.1786	1873.4012	0.0000	inf	0.0000	inf	0.0006	0.0012	0.0000	0.0013	0.0015	0.0000	0.0000	0.0000	0.0000		
22	42	0.1370	7	0	1	1	2	0	0	0	0	N	N	N	Y	N	N	N	N	N	N	N	N	31.9308	0.0000	inf	0.0000	0.0000	inf	inf	0.0013	0.0000	0.0076	0.0000	0.0000	0.0000	0.0045	0.0000	0.0328	0.0000	0.0001	0.0000	0.0006	0.0005	0.0000	0.0000	0.0000	0.0000	inf	0.0000	0.0000	-0.0000	1.9989	0.0011	1.0099	1.0134	0.0000	0.0000	0.0000	0.0000	0.0000	0.0000	0.0000	0.0000	0.0000	0.0000	0.0000	0.0000	0.0000	0.0000	0.0000	0.0000	0.0000	0.0000	0.0003	0.0003	0.0001	0.0002	0.0002	0.0000	0.0001	0.0001	0.0000	0.0088	0.0031	0.0057	0.0000	0.0000	0.0000	0.0087	0.0031	0.0057	1913.1693	0.0000	inf	0.0000	0.0000	0.0000	inf	0.0000	inf	0.0000	0.0000	0.0000	0.0001	0.0001	0.0000	0.0000	0.0000	0.0000		
22	43	0.1151	6	0	0	0	2	0	0	0	0	N	N	N	Y	N	N	N	N	N	N	N	N	82.4628	1.8161	120790.8358	6.5315	7.0982	22687.3876	124478.2473	0.0046	0.0002	0.0399	0.0011	0.0012	0.0000	0.0053	0.0000	0.0443	0.0001	0.0001	0.0000	0.0002	0.0002	0.0000	0.0000	0.0000	0.0000	22.6310	0.1281	0.0010	-0.0000	1.9989	2.8187	1.0099	0.0347	0.0014	0.0001	0.0014	0.0001	0.0001	0.0000	0.0014	0.0000	0.0014	0.0000	0.0000	0.0000	0.0000	0.0000	0.0000	0.0000	0.0000	0.0000	0.3107	0.2766	0.0340	0.0533	0.0499	0.0034	0.2574	0.2268	0.0307	0.0334	0.0162	0.0173	0.0085	0.0072	0.0012	0.0249	0.0089	0.0160	3036.7650	78.7182	120790.8358	214.7052	195.4514	0.0000	22687.3876	0.0000	124478.2473	0.0000	0.0000	0.0000	0.0000	0.0000	0.0000	0.0000	0.0000	0.0000		
22	44	0.1024	5	0	0	0	1	0	0	0	0	N	N	N	N	N	N	N	N	N	N	N	N	7.7145	5.7192	37.1714	0.0000	0.0000	0.0000	223.2598	3.4174	39.5359	0.0006	0.0006	0.0002	0.0000	0.0000	0.0000	0.0007	0.0007	0.0002	0.0001	0.0001	0.0000	0.0002	0.0002	0.0000	0.0000	0.0002	0.0000	0.0311	2.0790	-0.0000	0.0000	1.9989	0.9605	1.0099	1.0076	0.0001	0.0001	0.0000	0.0000	0.0000	0.0000	0.0001	0.0001	0.0000	0.0000	0.0000	0.0000	0.0000	0.0000	0.0000	0.0000	0.0000	0.0000	0.1055	0.0940	0.0115	0.0137	0.0130	0.0007	0.0918	0.0810	0.0108	0.0233	0.0112	0.0121	0.0059	0.0050	0.0009	0.0175	0.0062	0.0112	175.5081	283.5807	37.1714	0.0000	0.0000	0.0000	223.2598	1247.3834	39.5359	0.0000	0.0000	0.0000	0.0000	0.0000	0.0000	0.0000	0.0000	0.0000
22	45	0.6578	8	0	1	1	2	0	0	0	0	N	N	N	Y	N	N	N	N	N	N	N	N	0.0000	0.0000	0.0000	0.0000	0.0000	0.0000	0.0000	0.0000	0.0000	0.0000	0.0000	0.0000	0.0000	0.0076	0.0158	0.0000	0.0101	0.0104	0.0000	0.0000	0.0000	0.0000	0.0000	0.0000	-0.0000	1.9989	1.0000	1.0099	1.0000	0.0000	0.0000	0.0000	0.0000	0.0000	0.0000	0.0000	0.0000	0.0000	0.0000	0.0000	0.0000	0.0000	0.0000	0.0000	0.0000	0.0000	0.0000	0.1082	0.0986	0.0096	0.0851	0.0792	0.0060	0.0231	0.0195	0.0036	0.0094	0.0049	0.0045	0.0035	0.0030	0.0005	0.0059	0.0019	0.0040	0.0000	0.0000	0.0000	0.0000	0.0000	0.0000	0.0000	0.0000	0.0000	0.0011	0.0021	0.0000	0.0029	0.0034	0.0000	0.0000	0.0000	0.0000						
22	46	0.0485	2	0	1	0	1	0	0	0	0	N	N	N	N	N	N	N	N	N	N	N	N	0.0000	0.0000	0.0000	0.0000	0.0000	0.0000	0.0000	0.0000	0.0000	0.0000	0.0000	0.0000	0.0000	0.0000	0.0000	0.0000	0.0000	0.0000	0.0000	0.0000	1.9989	0.0000	1.0099	0.0000	0.0000	0.0000	0.0000	0.0000	0.0000	0.0000	0.0000	0.0000	0.0000	0.0000	0.0000	0.0000	0.0000	0.0000	0.0000	0.0000	0.0000	0.0000	0.0000	0.0000	0.0000	0.0000	0.0000	0.0000	0.0000	0.0000	0.0000	0.0000	0.0000	0.0000	0.0000	0.0000	0.0000	0.0000	0.0000	0.0000	0.0000	0.0000	0.0000	0.0000	0.0000	0.0000	0.0000	0.0000	0.0000	0.0000	0.0000	0.0000	0.0000	0.0000	0.0000	0.0000	0.0000	0.0000											
22	47	0.1024	5	0	1	0	2	0	0	0	0	N	N	N	Y	N	N	N	N	N	N	N	N	0.0000	0.0000	0.0000	0.0000	0.0000	0.0000	0.0000	0.0000	0.0000	0.0000	0.0000	0.0000	0.0000	0.0000	0.0000	0.0000	0.0000	0.0000	0.0000	0.0000	1.9989	0.0000	1.0099	1.0000	0.0000	0.0000	0.0000	0.0000	0.0000	0.0000	0.0000	0.0000	0.0000	0.0000	0.0000	0.0000	0.0000	0.0000	0.0000	0.0000	0.0000	0.0000	0.0000	0.0000	0.0000	0.0000	0.0000	0.0000	0.0000	0.0000	0.0000	0.0121	0.0059	0.0063	0.0031	0.0026	0.0004	0.0090	0.0032	0.0058	0.0000	0.0000	0.0000	0.0000	0.0000	0.0000	0.0000	0.0000	0.0000	0.0000	0.0000	0.0000	0.0000	0.0000	0.0000	0.0000	0.0000	0.0000											
22	48	0.0485	2	1	1	0	1	0	0	0	0	N	N	N	N	N	N	N	N	N	N	N	N	0.0000	0.0000	0.0000	0.0000	0.0000	0.0000	0.0000	0.0000	0.0000	0.0000	0.0000	0.0000	0.0000	0.0051	0.0119	0.0000	0.0000	0.0000	0.0000	0.0012	0.0373	0.0000	0.0000	0.0000	-0.0000	1.9989	0.0000	1.0099	4.0000	0.0000	0.0000	0.0000	0.0000	0.0000	0.0000	0.0000	0.0000	0.0000	0.0000	0.0000	0.0000	0.0000	0.0000	0.0000	0.0000	0.0000	0.0000	0.0000	0.0000	0.0000	0.0000	0.0000	0.0000	0.0000	0.0000	0.0000	0.0508	0.0220	0.0288	0.0000	0.0000	0.0000	0.0508	0.0220	0.0288	0.0000	0.0000	0.0000	0.0000	0.0000	0.0000	0.0000	0.0000	0.0000	0.0008	0.0018	0.0000	0.0000	0.0000	0.0000	0.0008	0.0018	0.0000						
22	49	0.1232	6	0	0	1	1	0	0	0	0	N	N	N	N	N	N	N	N	N	N	N	N	0.0000	0.0000	0.0000	0.0000	0.0000	0.0000	0.0000	0.0000	0.0000	0.0000	0.0000	0.0000	0.0000	0.0000	0.0000	0.0000	0.0000	0.0000	0.0000	0.0000	1.9989	0.0000	1.0099	0.0000	0.0000	0.0000	0.0000	0.0000	0.0000	0.0000	0.0000	0.0000	0.0000	0.0000	0.0000	0.0000	0.0000	0.0000	0.0000	0.0000	0.0000	0.0000	0.0000	0.0000	0.0000	0.0000	0.0000	0.0000	0.0000	0.0000	0.0000	0.0000	0.0000	0.0000	0.0000	0.0000	0.0000	0.0000	0.0000	0.0000	0.0000	0.0000	0.0000	0.0000	0.0000	0.0000	0.0000	0.0000	0.0000	0.0000	0.0000	0.0000	0.0000	0.0000	0.0000	0.0000	0.0000	0.0000											
22	50	0.6669	7	0	0	1	1	0	0	0	0	N	N	N	N	N	N	N	N	N	N	N	N	0.0000	0.0000	0.0000	0.0000	0.0000	0.0000	0.0000	0.0000	0.0000	0.0000	0.0000	0.0000	0.0000	0.0000	0.0000	0.0000	0.0000	0.0000	0.0000	0.0000	1.9989	1.0000	1.0099	1.0000	0.0000	0.0000	0.0000	0.0000	0.0000	0.0000	0.0000	0.0000	0.0000	0.0000	0.0000	0.0000	0.0000	0.0000	0.0000	0.0000	0.0000	0.0000	0.0872	0.0786	0.0087	0.0577	0.0530	0.0047	0.0295	0.0255	0.0039	0.0092	0.0044	0.0048	0.0034	0.0029	0.0005	0.0058	0.0015	0.0043	0.0000	0.0000	0.0000	0.0000	0.0000	0.0000	0.0000	0.0000	0.0000	0.0000	0.0000	0.0000	0.0000	0.0000	0.0000	0.0000	0.0000	0.0000											
22	51	0.6714	7	0	1	0	1	0	0	0	0	N	N	N	N	N	N	N	N	N	N	N	N	131.7935	0.0009	inf	0.0000	0.0000	292.1695	0.0001	inf	1.8215	0.0000	26.6587	0.0000	0.0000	0.0000	4.3928	0.0001	34.8740	0.0138	0.0219	0.0000	0.0001	0.0001	0.0000	0.0150	0.3600	0.0000	99088.1626	0.0000	0.0002	-0.0000	1.9989	0.0003	1.0099	0.9690	0.0002	0.0000	0.0002	0.0000	0.0000	0.0000	0.0002	0.0000	0.0002	0.0000	0.0000	0.0000	0.0000	0.0000	0.0000	0.0000	0.0000	0.0000	0.0001	0.0001	0.0000	0.0001	0.0001	0.0000	0.0000	0.0000	0.0000	0.0065	0.0039	0.0026	0.0026	0.0023	0.0003	0.0039	0.0016	0.0023	1235.9057	0.0081	inf	0.0000	0.0000	0.0000	1799.4850	0.0086	inf	0.0015	0.0024	0.0000	0.0000	0.0000	0.0000	0.0024	0.0059	0.0000	
22	52	0.1265	6	0	1	0	1	0	0	0	0	N	N	N	N	N	N	N	N	N	N	N	N	0.0000	0.0000	0.0000	0.0000	0.0000	0.0000	0.0000	0.0000	0.0000	0.0000	0.0000	0.0000	0.0000	0.0001	0.0002	0.0000	0.0003	0.0002	0.0000	0.0000	0.0000	0.0000	0.0000	-0.0000	-0.0000	1.9989	0.9211	1.0099	0.1671	0.0000	0.0000	0.0000	0.0000	0.0000	0.0000	0.0000	0.0000	0.0000	0.0000	0.0000	0.0000	0.0000	0.0000	0.0000	0.0000	0.0000	0.0000	0.1542	0.1316	0.0227	0.0656	0.0535	0.0121	0.0887	0.0781	0.0106	0.0133	0.0064	0.0069	0.0035	0.0030	0.0005	0.0098	0.0034	0.0064	0.0000	0.0000	0.0000	0.0000	0.0000	0.0000	0.0000	0.0000	0.0000	0.0000	0.0000	0.0000	0.0000	0.0000	0.0000	0.0000	0.0000	0.0000						
22	53	0.6578	8	0	1	0	1	0	0	0	0	N	N	N	N	N	N	N	N	N	N	N	N	8523.6216	3861.1998	inf	4813.1572	5400.7260	inf	inf	9.1981	10.0919	0.0000	11.6915	12.5713	0.0000	0.0000	0.0000	0.0000	0.0011	0.0026	0.0000	0.0024	0.0023	0.0000	0.0000	0.0000	0.0000	0.0000	0.0000	-0.2590	-0.0000	1.9989	1.0000	1.0099	5.0000	0.9954	0.9954	0.0000	0.9954	0.9954	0.0000	0.0000	0.0000	0.0000	0.0000	0.0000	0.0000	0.0000	0.0000	0.0000	0.0000	0.0000	0.0000	0.1082	0.0986	0.0096	0.0851	0.0792	0.0060	0.0231	0.0195	0.0036	0.0271	0.0140	0.0130	0.0101	0.0086	0.0015	0.0170	0.0055	0.0115	24915.8574	14168.6451	inf	11826.0975	10786.3574	0.0000	inf	0.0000	inf	0.0004	0.0007	0.0000	0.0010	0.0012	0.0000	0.0000	0.0000	0.0000		
22	54	0.6426	7	0	0	0	1	0	0	0	0	N	N	N	N	N	N	N	N	N	N	N	N	157032.6884	0.0000	inf	0.0000	0.0000	inf	inf	2.0500	0.0000	30.9767	0.0000	0.0000	0.0000	4.7437	0.0000	38.4290	0.0000	0.0001	0.0000	0.0001	0.0001	0.0000	0.0000	0.0000	0.0000	inf	0.0000	0.0000	-0.0000	1.9989	0.0000	1.0099	2.9157	0.0000	0.0000	0.0000	0.0000	0.0000	0.0000	0.0000	0.0000	0.0000	0.0000	0.0000	0.0000	0.0000	0.0000	0.0000	0.0000	0.0000	0.0000	0.0000	0.0000	0.0000	0.0000	0.0000	0.0000	0.0000	0.0000	0.0000	0.0135	0.0070	0.0066	0.0050	0.0042	0.0008	0.0086	0.0028	0.0058	15406787.2062	0.0000	inf	0.0000	0.0000	0.0000	inf	0.0000	inf	0.0000	0.0000	0.0000	0.0000	0.0000	0.0000	0.0000	0.0000	0.0000		
22	55	0.1024	5	0	1	0	1	0	0	0	0	N	N	N	N	N	N	N	N	N	N	N	N	16.2056	0.0000	inf	27.4020	0.0000	inf	0.0064	0.0000	0.0595	0.0000	0.0000	0.0000	0.0074	0.0000	0.0635	0.0004	0.0010	0.0000	0.0000	0.0000	0.0000	0.0003	0.0121	0.0000	inf	0.0000	0.0010	-0.0000	1.9989	2.0000	1.0099	3.0000	0.0014	0.0000	0.0014	0.0000	0.0000	0.0000	0.0014	0.0000	0.0014	0.0000	0.0000	0.0000	0.0000	0.0000	0.0000	0.0000	0.0000	0.0000	0.2110	0.1882	0.0229	0.0280	0.0265	0.0015	0.1830	0.1616	0.0214	0.0555	0.0265	0.0290	0.0135	0.0115	0.0020	0.0421	0.0150	0.0270	35.7934	0.0000	inf	0.0000	0.0000	0.0000	31.2532	0.0000	inf	0.0002	0.0004	0.0000	0.0000	0.0000	0.0000	0.0002	0.0007	0.0000			
22	56	0.6348	6	0	1	0	2	0	0	0	0	N	N	N	Y	N	N	N	N	N	N	N	N	4491.0380	1971.9430	inf	2396.0323	2789.4481	inf	inf	2.8322	3.0850	0.0000	4.0862	4.3350	0.0000	0.0000	0.0000	0.0000	0.0006	0.0016	0.0000	0.0017	0.0016	0.0000	0.0000	0.0000	0.0000	0.0000	0.0000	-0.1870	-0.0000	1.9989	1.7218	1.0099	6.9557	0.7186	0.7186	0.0000	0.7186	0.7186	0.0000	0.0000	0.0000	0.0000	0.0000	0.0000	0.0000	0.0000	0.0000	0.0000	0.0000	0.0000	0.0000	0.2537	0.2329	0.0208	0.1759	0.1658	0.0101	0.0779	0.0672	0.0107	0.0386	0.0197	0.0189	0.0140	0.0118	0.0022	0.0246	0.0079	0.0167	10921.9795	6078.2056	inf	5719.1375	5131.9976	0.0000	inf	0.0000	inf	0.0003	0.0005	0.0000	0.0007	0.0008	0.0000	0.0000	0.0000	0.0000		
22	57	0.6459	6	1	0	1	1	0	0	0	0	N	N	N	N	N	N	N	N	N	N	N	N	inf	inf	inf	inf	inf	inf	1.4730	0.0000	17.4443	1.9458	0.0000	29.2495	0.0000	0.0000	0.0000	0.0000	0.0000	0.0000	0.0000	0.0000	0.0000	0.0000	0.0000	0.0000	99088.1626	0.7364	0.0000	1.9989	8.9999	1.0099	5.0001	0.9954	0.0000	0.9954	0.9954	0.0000	0.9954	0.0000	0.0000	0.0000	0.0000	0.0000	0.0000	0.0000	0.0000	0.0000	0.0000	0.0000	0.0000	0.6758	0.6187	0.0571	0.5116	0.4775	0.0340	0.1642	0.1412	0.0230	0.0462	0.0259	0.0203	0.0230	0.0196	0.0034	0.0232	0.0063	0.0169	inf	inf	inf	inf	inf	inf	0.0000	0.0000	0.0000	0.0000	0.0000	0.0000	0.0000	0.0000	0.0000	0.0000	0.0000	0.0000				
22	58	0.0485	2	1	0	1	1	0	0	0	0	N	N	N	N	N	N	N	N	N	N	N	N	0.0000	0.0000	0.0000	0.0000	0.0000	0.0000	0.0000	0.0000	0.0000	0.0000	0.0000	0.0000	0.0000	0.0000	0.0000	0.0000	0.0000	0.0000	0.0000	0.0000	1.9989	0.0000	1.0099	1.0000	0.0000	0.0000	0.0000	0.0000	0.0000	0.0000	0.0000	0.0000	0.0000	0.0000	0.0000	0.0000	0.0000	0.0000	0.0000	0.0000	0.0000	0.0000	0.0000	0.0000	0.0000	0.0000	0.0000	0.0000	0.0000	0.0000	0.0000	0.0136	0.0059	0.0077	0.0000	0.0000	0.0000	0.0136	0.0059	0.0077	0.0000	0.0000	0.0000	0.0000	0.0000	0.0000	0.0000	0.0000	0.0000	0.0000	0.0000	0.0000	0.0000	0.0000	0.0000	0.0000	0.0000	0.0000											
22	59	0.6714	7	0	0	1	1	0	0	0	0	N	N	N	N	N	N	N	N	N	N	N	N	7419.6689	0.0402	inf	0.0000	0.0000	inf	inf	inf	1.3912	0.0000	19.0642	0.0000	0.0000	0.0000	3.8072	0.0000	29.2300	0.0002	0.0004	0.0000	0.0006	0.0006	0.0000	0.0000	0.0000	0.0000	99088.1626	0.0000	0.0002	-0.0000	1.9989	0.0006	1.0099	1.1867	0.0002	0.0000	0.0002	0.0000	0.0000	0.0000	0.0002	0.0000	0.0002	0.0000	0.0000	0.0000	0.0000	0.0000	0.0000	0.0000	0.0000	0.0000	0.0002	0.0001	0.0000	0.0001	0.0001	0.0000	0.0001	0.0001	0.0000	0.0076	0.0044	0.0031	0.0029	0.0026	0.0004	0.0046	0.0018	0.0028	25466.0454	0.1623	inf	0.0000	0.0000	0.0000	inf	inf	inf	0.0001	0.0001	0.0000	0.0001	0.0002	0.0000	0.0000	0.0000	0.0000	
22	60	0.6348	6	0	0	0	1	0	0	0	0	N	N	N	N	N	N	N	N	N	N	N	N	7847.3281	2.4159	62921836.0988	inf	inf	73870.7524	0.0158	113208976.9483	0.9028	0.0006	10.7718	0.0007	0.0008	0.0000	3.0538	0.0000	21.8716	0.0001	0.0002	0.0000	0.0000	0.0000	0.0000	0.0000	0.0023	0.0000	1719.7599	0.0066	0.2047	-0.0000	1.9989	2.2785	1.0099	4.8627	0.2769	0.0002	0.2767	0.0002	0.0002	0.0000	0.2767	0.0000	0.2767	0.0000	0.0000	0.0000	0.0000	0.0000	0.0000	0.0000	0.0000	0.0000	0.3067	0.2810	0.0257	0.2161	0.2030	0.0130	0.0906	0.0780	0.0127	0.0322	0.0165	0.0158	0.0117	0.0099	0.0018	0.0206	0.0066	0.0140	70486.9505	22.9799	62921836.0988	inf	inf	0.0000	152121.9042	0.5728	113208976.9483	0.0000	0.0000	0.0000	0.0000	0.0000	0.0000	0.0000	0.0001	0.0000	
22	61	0.1265	6	0	0	1	1	0	0	0	0	N	N	N	N	N	N	N	N	N	N	N	N	0.0000	0.0000	0.0000	0.0000	0.0000	0.0000	0.0000	0.0000	0.0000	0.0000	0.0000	0.0000	0.0000	0.0000	0.0001	0.0000	0.0001	0.0001	0.0000	0.0000	0.0000	0.0000	0.0000	-0.0000	-0.0000	1.9989	1.0901	1.0099	7.9319	0.0000	0.0000	0.0000	0.0000	0.0000	0.0000	0.0000	0.0000	0.0000	0.0000	0.0000	0.0000	0.0000	0.0000	0.0000	0.0000	0.0000	0.0000	0.1717	0.1472	0.0245	0.0676	0.0555	0.0121	0.1041	0.0917	0.0124	0.0930	0.0435	0.0495	0.0222	0.0187	0.0035	0.0708	0.0247	0.0461	0.0000	0.0000	0.0000	0.0000	0.0000	0.0000	0.0000	0.0000	0.0000	0.0000	0.0000	0.0000	0.0000	0.0000	0.0000	0.0000	0.0000	0.0000						
22	62	0.0964	5	0	0	0	1	0	0	0	0	N	N	N	N	N	N	N	N	N	N	N	N	7.0076	4.0420	0.0000	20.2317	21.4656	0.0000	0.0000	0.0000	0.0005	0.0006	0.0000	0.0037	0.0039	0.0000	0.0000	0.0000	0.0000	0.0001	0.0001	0.0000	0.0002	0.0002	0.0000	0.0000	0.0002	0.0000	0.0000	0.5732	-0.0000	-0.0000	1.9989	1.6797	1.0099	2.9843	0.0001	0.0001	0.0000	0.0001	0.0001	0.0000	0.0000	0.0000	0.0000	0.0000	0.0000	0.0000	0.0000	0.0000	0.0000	0.0000	0.0000	0.0000	0.1800	0.1605	0.0195	0.0241	0.0228	0.0013	0.1560	0.1377	0.0183	0.0541	0.0260	0.0280	0.0139	0.0119	0.0020	0.0402	0.0142	0.0260	160.8960	136.7684	0.0000	536.8507	485.9150	0.0000	0.0000	0.0000	0.0000	0.0000	0.0000	0.0000	0.0000	0.0000	0.0000	0.0000	0.0000	0.0000	
22	63	0.0862	4	0	0	0	1	0	0	0	0	N	N	N	N	N	N	N	N	N	N	N	N	297.2717	173.1156	0.0000	1392.4403	1472.4916	27.0250	0.7013	0.0000	0.0359	0.0402	0.0000	0.2471	0.2614	0.0000	0.0010	0.0012	0.0000	0.0001	0.0002	0.0000	0.0002	0.0002	0.0000	0.0000	0.0017	0.0000	0.0000	0.2802	-0.0005	-0.0000	1.9989	0.4935	1.0099	1.5835	0.0020	0.0020	0.0000	0.0020	0.0020	0.0000	0.0000	0.0000	0.0000	0.0000	0.0000	0.0000	0.0000	0.0000	0.0000	0.0000	0.0000	0.0000	0.0561	0.0500	0.0061	0.0079	0.0075	0.0004	0.0481	0.0425	0.0057	0.0273	0.0141	0.0132	0.0073	0.0064	0.0009	0.0199	0.0077	0.0122	2302.8755	1711.5934	0.0000	42963.3306	40083.6974	0.0000	53.8982	31.0704	0.0000	0.0000	0.0000	0.0000	0.0000	0.0000	0.0000	0.0000	0.0000	0.0000	
22	64	0.1232	6	0	1	0	1	0	0	0	0	N	N	N	N	N	N	N	N	N	N	N	N	4.0060	2.0924	2.9644	3.1452	0.0000	0.0000	0.0005	0.0005	0.0000	0.0011	0.0011	0.0000	0.0000	0.0000	0.0000	0.0001	0.0002	0.0000	0.0004	0.0004	0.0000	0.0000	0.0002	0.0000	0.0000	0.0000	-0.0000	-0.0000	1.9989	0.2944	1.0099	1.0083	0.0000	0.0000	0.0000	0.0000	0.0000	0.0000	0.0000	0.0000	0.0000	0.0000	0.0000	0.0000	0.0000	0.0000	0.0000	0.0000	0.0000	0.0000	0.1087	0.1006	0.0081	0.0441	0.0436	0.0004	0.0647	0.0570	0.0077	0.0151	0.0076	0.0075	0.0042	0.0037	0.0006	0.0108	0.0039	0.0069	36.8098	19.9633	0.0000	25.7603	22.4198	0.0000	0.0000	0.0000	0.0000	0.0000	0.0000	0.0000	0.0000	0.0001	0.0000	0.0000	0.0000	0.0000			
22	65	0.1024	5	0	0	0	1	0	0	0	0	N	N	N	N	N	N	N	N	N	N	N	N	3.4690	2.8486	0.0051	26.1928	29.6829	0.0000	0.0005	0.0000	0.0051	0.0004	0.0005	0.0000	0.0031	0.0032	0.0000	0.0000	0.0000	0.0000	0.0001	0.0002	0.0000	0.0001	0.0001	0.0000	0.0000	0.0009	0.0000	0.0000	3.5951	-0.0000	0.0000	1.9989	1.1351	1.0099	2.0429	0.0000	0.0000	0.0000	0.0000	0.0000	0.0000	0.0000	0.0000	0.0000	0.0000	0.0000	0.0000	0.0000	0.0000	0.0000	0.0000	0.0000	0.0000	0.1239	0.1104	0.0135	0.0162	0.0153	0.0008	0.1077	0.0950	0.0127	0.0367	0.0176	0.0191	0.0091	0.0078	0.0013	0.0276	0.0099	0.0177	28.0030	69.3237	0.0051	2170.7757	2269.3035	0.0000	0.0010	0.0000	0.0051	0.0000	0.0000	0.0000	0.0000	0.0000	0.0000	0.0000	0.0000	0.0000
22	66	0.0862	4	0	0	0	1	0	0	0	0	N	N	N	N	N	N	N	N	N	N	N	N	347.3876	185.2240	1538.7690	1691.3609	96.4063	0.8611	0.0344	0.0386	0.0000	0.2368	0.2505	0.0000	0.0010	0.0012	0.0000	0.0001	0.0002	0.0000	0.0002	0.0001	0.0000	0.0000	0.0014	0.0000	0.0000	0.0000	-0.0005	-0.0000	1.9989	0.4912	1.0099	2.4266	0.0019	0.0019	0.0000	0.0019	0.0019	0.0000	0.0000	0.0000	0.0000	0.0000	0.0000	0.0000	0.0000	0.0000	0.0000	0.0000	0.0000	0.0000	0.0558	0.0497	0.0061	0.0079	0.0075	0.0004	0.0479	0.0423	0.0057	0.0366	0.0184	0.0181	0.0095	0.0082	0.0013	0.0271	0.0102	0.0169	3916.0325	2214.8314	0.0000	66338.2583	60924.9545	0.0000	97.8037	41.7019	0.0000	0.0000	0.0000	0.0000	0.0000	0.0000	0.0000	0.0000	0.0000	0.0000			
22	67	0.0811	3	0	0	0	1	0	0	0	0	N	N	N	N	N	N	N	N	N	N	N	N	1075.0039	927.7893	0.0000	7820.2499	9634.0005	494.0095	23.4511	0.0000	1.0388	1.1439	0.0000	2.0943	2.2230	0.0000	0.2959	0.3346	0.0000	0.0010	0.0012	0.0000	0.0003	0.0002	0.0000	0.0006	0.0143	0.0000	0.0000	0.0012	-0.0291	-0.0000	1.9989	0.6141	1.0099	1.2701	0.1117	0.1117	0.0000	0.0930	0.0930	0.0000	0.0187	0.0187	0.0000	0.0000	0.0000	0.0000	0.0000	0.0000	0.0000	0.0000	0.0000	0.0000	0.1075	0.0977	0.0099	0.0444	0.0419	0.0026	0.0631	0.0558	0.0073	0.0666	0.0521	0.0145	0.0235	0.0230	0.0005	0.0432	0.0291	0.0140	3011.1898	2596.8434	0.0000	114096.2244	118957.2018	0.0000	566.2282	432.5928	0.0000	0.0003	0.0004	0.0000	0.0000	0.0000	0.0000	0.0005	0.0008	0.0000	
22	68	0.0485	2	1	1	1	1	0	0	0	0	N	N	N	N	N	N	N	N	N	N	N	N	0.0000	0.0000	0.0000	0.0000	0.0000	0.0000	0.0000	0.0000	0.0000	0.0000	0.0000	0.0000	0.0000	0.0000	0.0000	0.0000	0.0000	0.0000	0.0000	0.0000	1.9989	0.0000	1.0099	0.0000	0.0000	0.0000	0.0000	0.0000	0.0000	0.0000	0.0000	0.0000	0.0000	0.0000	0.0000	0.0000	0.0000	0.0000	0.0000	0.0000	0.0000	0.0000	0.0000	0.0000	0.0000	0.0000	0.0000	0.0000	0.0000	0.0000	0.0000	0.0000	0.0000	0.0000	0.0000	0.0000	0.0000	0.0000	0.0000	0.0000	0.0000	0.0000	0.0000	0.0000	0.0000	0.0000	0.0000	0.0000	0.0000	0.0000	0.0000	0.0000	0.0000	0.0000	0.0000	0.0000	0.0000	0.0000											
22	69	0.6912	8	1	1	1	1	0	0	0	0	N	N	N	N	N	N	N	N	N	N	N	N	0.0000	0.0000	0.0000	0.0000	0.0000	0.0000	0.0000	0.0000	0.0000	0.0000	0.0000	0.0000	0.0000	0.0000	0.0000	0.0000	0.0000	0.0000	0.0000	0.0000	1.9989	1.0000	1.0099	0.0000	0.0000	0.0000	0.0000	0.0000	0.0000	0.0000	0.0000	0.0000	0.0000	0.0000	0.0000	0.0000	0.0000	0.0000	0.0000	0.0000	0.0000	0.0000	0.1701	0.1564	0.0137	0.1368	0.1279	0.0088	0.0333	0.0285	0.0048	0.0059	0.0034	0.0024	0.0034	0.0029	0.0005	0.0024	0.0005	0.0019	0.0000	0.0000	0.0000	0.0000	0.0000	0.0000	0.0000	0.0000	0.0000	0.0000	0.0000	0.0000	0.0000	0.0000	0.0000	0.0000	0.0000	0.0000											
22	70	0.6912	8	1	1	1	1	0	0	0	0	N	N	N	N	N	N	N	N	N	N	N	N	0.0000	0.0000	0.0000	0.0000	0.0000	0.0000	0.0000	0.0000	0.0000	0.0000	0.0000	0.0000	0.0000	0.0000	0.0000	0.0000	0.0000	0.0000	0.0000	0.0000	1.9989	0.0000	1.0099	0.0000	0.0000	0.0000	0.0000	0.0000	0.0000	0.0000	0.0000	0.0000	0.0000	0.0000	0.0000	0.0000	0.0000	0.0000	0.0000	0.0000	0.0000	0.0000	0.0000	0.0000	0.0000	0.0000	0.0000	0.0000	0.0000	0.0000	0.0000	0.0000	0.0000	0.0000	0.0000	0.0000	0.0000	0.0000	0.0000	0.0000	0.0000	0.0000	0.0000	0.0000	0.0000	0.0000	0.0000	0.0000	0.0000	0.0000	0.0000	0.0000	0.0000	0.0000	0.0000	0.0000	0.0000	0.0000											
22	71	0.6688	7	1	1	1	1	0	0	0	0	N	N	N	N	N	N	N	N	N	N	N	N	0.0000	0.0000	0.0000	0.0000	0.0000	0.0000	0.0000	0.0000	0.0000	0.0000	0.0000	0.0000	0.0000	0.0000	0.0000	0.0000	0.0000	0.0000	0.0000	0.0000	1.9989	2.0000	1.0099	1.0000	0.0000	0.0000	0.0000	0.0000	0.0000	0.0000	0.0000	0.0000	0.0000	0.0000	0.0000	0.0000	0.0000	0.0000	0.0000	0.0000	0.0000	0.0000	0.3200	0.2938	0.0262	0.2538	0.2372	0.0166	0.0662	0.0566	0.0096	0.0172	0.0099	0.0072	0.0099	0.0084	0.0015	0.0073	0.0015	0.0058	0.0000	0.0000	0.0000	0.0000	0.0000	0.0000	0.0000	0.0000	0.0000	0.0000	0.0000	0.0000	0.0000	0.0000	0.0000	0.0000	0.0000	0.0000											
22	72	0.6459	6	1	0	1	1	0	0	0	0	N	N	N	N	N	N	N	N	N	N	N	N	0.0000	0.0000	0.0000	0.0004	0.0004	0.0000	0.0000	0.0000	0.0000	0.0000	0.0000	0.0000	0.0000	0.0000	0.0000	0.0000	0.0000	2.2182	0.1299	9.8753	0.0001	0.0001	0.0000	2.9094	1.3295	9.3483	0.0000	317.9746	-0.0000	0.0045	1.9989	1.0017	1.0099	2.0007	0.0000	0.0000	0.0000	0.0000	0.0000	0.0000	0.0000	0.0000	0.0000	0.0096	0.0000	0.0095	0.0000	0.0000	0.0000	0.0096	0.0000	0.0095	0.0960	0.0882	0.0078	0.0764	0.0714	0.0049	0.0196	0.0168	0.0029	0.0109	0.0061	0.0048	0.0054	0.0046	0.0008	0.0055	0.0015	0.0040	0.0000	0.0000	0.0000	0.0648	0.0592	0.0000	0.0000	0.0000	0.0000	0.8806	0.0049	1.9967	0.0000	0.0000	0.0000	1.7499	0.0203	2.3889	
22	74	0.6728	7	1	1	0	1	0	0	0	0	N	N	N	N	N	N	N	N	N	N	N	N	0.0000	0.0000	0.0000	0.0000	0.0000	0.0000	0.0000	0.0000	0.0000	0.0000	0.0000	0.0000	0.0000	0.0000	0.0000	0.0000	0.0000	0.0000	0.0000	0.0000	1.9989	0.0000	1.0099	0.0010	0.0000	0.0000	0.0000	0.0000	0.0000	0.0000	0.0000	0.0000	0.0000	0.0000	0.0000	0.0000	0.0000	0.0000	0.0000	0.0000	0.0000	0.0000	0.0000	0.0000	0.0000	0.0000	0.0000	0.0000	0.0000	0.0000	0.0000	0.0000	0.0000	0.0000	0.0000	0.0000	0.0000	0.0000	0.0000	0.0000	0.0000	0.0000	0.0000	0.0000	0.0000	0.0000	0.0000	0.0000	0.0000	0.0000	0.0000	0.0000	0.0000	0.0000	0.0000	0.0000	0.0000	0.0000											
22	75	0.6620	9	0	1	0	2	0	0	0	0	N	N	N	Y	N	N	N	N	N	N	N	N	0.0000	0.0000	0.0000	0.0000	0.0000	0.0000	0.0000	0.0000	0.0000	0.0000	0.0000	0.0000	0.0000	0.0000	0.0000	0.0000	0.0000	0.0000	0.0000	0.0000	1.9989	0.0000	1.0099	0.0000	0.0000	0.0000	0.0000	0.0000	0.0000	0.0000	0.0000	0.0000	0.0000	0.0000	0.0000	0.0000	0.0000	0.0000	0.0000	0.0000	0.0000	0.0000	0.0000	0.0000	0.0000	0.0000	0.0000	0.0000	0.0000	0.0000	0.0000	0.0000	0.0000	0.0000	0.0000	0.0000	0.0000	0.0000	0.0000	0.0000	0.0000	0.0000	0.0000	0.0000	0.0000	0.0000	0.0000	0.0000	0.0000	0.0000	0.0000	0.0000	0.0000	0.0000	0.0000	0.0000	0.0000	0.0000											
22	76	0.6620	9	0	0	0	2	0	0	0	0	N	N	N	Y	N	N	N	N	N	N	N	N	0.0000	0.0000	0.0000	0.0000	0.0000	0.0000	0.0000	0.0000	0.0000	0.0000	0.0000	0.0000	0.0000	0.0000	0.0000	0.0000	0.0000	0.0000	0.0000	0.0000	1.9989	0.0000	1.0099	0.0000	0.0000	0.0000	0.0000	0.0000	0.0000	0.0000	0.0000	0.0000	0.0000	0.0000	0.0000	0.0000	0.0000	0.0000	0.0000	0.0000	0.0000	0.0000	0.0000	0.0000	0.0000	0.0000	0.0000	0.0000	0.0000	0.0000	0.0000	0.0000	0.0000	0.0000	0.0000	0.0000	0.0000	0.0000	0.0000	0.0000	0.0000	0.0000	0.0000	0.0000	0.0000	0.0000	0.0000	0.0000	0.0000	0.0000	0.0000	0.0000	0.0000	0.0000	0.0000	0.0000	0.0000	0.0000											
22	77	0.6466	8	0	0	0	2	0	0	0	0	N	N	N	Y	N	N	N	N	N	N	N	N	0.0000	0.0000	0.0000	0.0000	0.0000	0.0000	0.0000	0.0000	0.0000	0.0000	0.0000	0.0000	0.0000	0.0000	0.0001	0.0000	0.0001	0.0001	0.0000	0.0000	0.0000	0.0000	0.0000	0.0000	-0.0000	1.9989	0.0002	1.0099	2.9297	0.0000	0.0000	0.0000	0.0000	0.0000	0.0000	0.0000	0.0000	0.0000	0.0000	0.0000	0.0000	0.0000	0.0000	0.0000	0.0000	0.0000	0.0000	0.0000	0.0000	0.0000	0.0000	0.0000	0.0000	0.0000	0.0000	0.0000	0.0138	0.0071	0.0067	0.0051	0.0043	0.0008	0.0087	0.0028	0.0059	0.0000	0.0000	0.0000	0.0000	0.0000	0.0000	0.0000	0.0000	0.0000	0.0000	0.0000	0.0000	0.0000	0.0000	0.0000	0.0000	0.0000	0.0000						
22	78	0.6426	7	0	0	0	2	0	0	0	0	N	N	N	Y	N	N	N	N	N	N	N	N	29466.7249	0.0000	inf	0.0000	0.0000	16285507.2104	inf	0.7182	0.0000	8.9293	0.0000	0.0000	0.0000	2.5104	0.0000	17.9702	0.0000	0.0001	0.0000	0.0001	0.0001	0.0000	0.0000	0.0000	0.0000	inf	0.5625	0.0000	-0.0000	1.9989	0.0003	1.0099	2.1916	0.0000	0.0000	0.0000	0.0000	0.0000	0.0000	0.0000	0.0000	0.0000	0.0000	0.0000	0.0000	0.0000	0.0000	0.0000	0.0000	0.0000	0.0000	0.0000	0.0000	0.0000	0.0000	0.0000	0.0000	0.0000	0.0000	0.0000	0.0102	0.0053	0.0050	0.0038	0.0032	0.0006	0.0065	0.0021	0.0044	2943052.8734	0.0000	inf	0.0000	0.0000	0.0000	16285507.2104	0.0000	inf	0.0000	0.0000	0.0000	0.0000	0.0000	0.0000	0.0000	0.0000	0.0000		
22	79	0.6348	6	0	0	0	1	0	0	0	0	N	N	N	N	N	N	N	N	N	N	N	N	152306.4603	inf	97804547.0643	inf	inf	20997929.5042	inf	114326538.0718	2.6248	0.0002	38.2659	0.0004	0.0004	0.0000	6.2786	0.0001	50.3766	0.0000	0.0000	0.0000	0.0000	0.0000	0.0000	0.0000	0.0000	0.0000	11364.5033	inf	0.2047	0.0000	1.9989	0.2782	1.0099	1.3600	0.2768	0.0000	0.2768	0.0000	0.0000	0.0000	0.2768	0.0000	0.2768	0.0000	0.0000	0.0000	0.0000	0.0000	0.0000	0.0000	0.0000	0.0000	0.1054	0.0982	0.0072	0.0614	0.0596	0.0017	0.0441	0.0386	0.0055	0.0078	0.0040	0.0038	0.0028	0.0024	0.0004	0.0050	0.0016	0.0034	13682992.0564	inf	97804547.0643	inf	inf	0.0000	20997929.5042	inf	114326538.0718	0.0000	0.0000	0.0000	0.0000	0.0000	0.0000	0.0000	0.0000	0.0000	
22	80	0.6784	8	0	1	1	1	0	0	0	0	N	N	N	N	N	N	N	N	N	N	N	N	0.1326	0.0778	0.0000	0.0000	inf	inf	0.0000	0.0000	0.0000	0.0000	0.0000	0.0000	0.0001	0.0001	0.0000	0.0001	0.0002	0.0000	0.0003	0.0003	0.0000	0.0000	0.0000	0.0000	0.0000	0.0000	-0.0000	-0.0000	1.9989	0.0029	1.0099	2.0135	0.0000	0.0000	0.0000	0.0000	0.0000	0.0000	0.0000	0.0000	0.0000	0.0000	0.0000	0.0000	0.0000	0.0000	0.0000	0.0000	0.0000	0.0000	0.0007	0.0006	0.0001	0.0005	0.0005	0.0001	0.0002	0.0001	0.0000	0.0075	0.0044	0.0032	0.0041	0.0035	0.0006	0.0034	0.0008	0.0026	1.3691	0.9206	0.0000	0.0000	0.0000	0.0000	inf	inf	0.0000	0.0000	0.0000	0.0000	0.0000	0.0000	0.0000	0.0000	0.0000	0.0000			
22	81	0.6718	7	0	1	0	1	0	0	0	0	N	N	N	N	N	N	N	N	N	N	N	N	0.4663	0.2977	0.0000	0.9138	1.0517	21.0412	0.1029	0.0000	0.0038	0.0042	0.0000	0.0049	0.0052	0.0000	0.0001	0.0001	0.0000	0.0081	0.0139	0.0000	0.0054	0.0050	0.0000	0.0000	0.0010	0.0000	0.0000	0.0008	-0.0001	-0.0000	1.9989	0.6188	1.0099	0.9475	0.0004	0.0004	0.0000	0.0004	0.0004	0.0000	0.0000	0.0000	0.0000	0.0000	0.0000	0.0000	0.0000	0.0000	0.0000	0.0000	0.0000	0.0000	0.1160	0.1056	0.0104	0.0887	0.0835	0.0053	0.0272	0.0221	0.0052	0.0084	0.0048	0.0036	0.0046	0.0041	0.0005	0.0038	0.0007	0.0032	3.4523	2.1639	0.0000	2.4435	2.3381	0.0000	21.0412	7.6254	0.0000	0.0011	0.0019	0.0000	0.0020	0.0022	0.0000	0.0000	0.0000	0.0000	
22	82	0.0709	3	0	1	1	1	0	0	0	0	N	N	N	N	N	N	N	N	N	N	N	N	0.0000	0.0000	0.0000	0.0000	0.0000	0.0000	0.0000	0.0000	0.0000	0.0000	0.0000	0.0000	0.0000	0.0000	0.0000	0.0000	0.0000	0.0000	0.0000	0.0000	1.9989	0.0000	1.0099	1.0000	0.0000	0.0000	0.0000	0.0000	0.0000	0.0000	0.0000	0.0000	0.0000	0.0000	0.0000	0.0000	0.0000	0.0000	0.0000	0.0000	0.0000	0.0000	0.0000	0.0000	0.0000	0.0000	0.0000	0.0000	0.0000	0.0000	0.0000	0.0091	0.0033	0.0058	0.0000	0.0000	0.0000	0.0091	0.0033	0.0058	0.0000	0.0000	0.0000	0.0000	0.0000	0.0000	0.0000	0.0000	0.0000	0.0000	0.0000	0.0000	0.0000	0.0000	0.0000	0.0000	0.0000	0.0000											
22	83	0.6459	6	1	0	1	1	0	0	0	0	N	N	N	N	N	N	N	N	N	N	N	N	0.0007	0.0001	0.0001	0.0001	0.0000	0.0000	0.0000	0.0000	0.0000	0.0000	0.0000	0.0000	0.0000	0.0000	0.0001	0.0000	0.0001	0.0001	0.0000	0.0000	0.0000	0.0000	0.0000	0.0000	-0.0000	-0.0000	1.9989	9.0001	1.0099	3.0001	0.0000	0.0000	0.0000	0.0000	0.0000	0.0000	0.0000	0.0000	0.0000	0.0000	0.0000	0.0000	0.0000	0.0000	0.0000	0.0000	0.0000	0.0000	0.6758	0.6187	0.0571	0.5116	0.4775	0.0340	0.1642	0.1412	0.0230	0.0403	0.0226	0.0177	0.0200	0.0171	0.0029	0.0202	0.0055	0.0147	0.0546	0.0334	0.0000	0.0359	0.0328	0.0000	0.0000	0.0000	0.0000	0.0000	0.0000	0.0000	0.0000	0.0000	0.0000	0.0000	0.0000	0.0000					
22	84	0.0485	2	1	0	1	1	0	0	0	0	N	N	N	N	N	N	N	N	N	N	N	N	0.0000	0.0000	0.0000	0.0000	0.0000	0.0000	0.0000	0.0000	0.0000	0.0000	0.0000	0.0000	0.0000	0.0000	0.0000	0.0000	0.0000	0.0000	0.0000	0.0000	1.9989	4.0000	1.0099	0.0000	0.0000	0.0000	0.0000	0.0000	0.0000	0.0000	0.0000	0.0000	0.0000	0.0000	0.0000	0.0000	0.0000	0.0000	0.0000	0.0000	0.0000	0.0000	0.4212	0.3755	0.0458	0.0419	0.0399	0.0020	0.3793	0.3355	0.0438	0.0508	0.0220	0.0288	0.0000	0.0000	0.0000	0.0508	0.0220	0.0288	0.0000	0.0000	0.0000	0.0000	0.0000	0.0000	0.0000	0.0000	0.0000	0.0000	0.0000	0.0000	0.0000	0.0000	0.0000	0.0000	0.0000	0.0000											
22	85	0.0946	3	1	1	0	1	0	0	0	0	N	N	N	N	N	N	N	N	N	N	N	N	17.8939	9.5204	0.8350	1.0142	3801.0877	8.6851	0.0025	0.0028	0.0000	0.0006	0.0006	0.0000	0.0028	0.0032	0.0000	0.0001	0.0003	0.0000	0.0007	0.0006	0.0000	0.0000	0.0004	0.0000	0.0000	0.0000	-0.0001	-0.0000	1.9989	1.0086	1.0099	1.7435	0.0003	0.0003	0.0000	0.0000	0.0000	0.0000	0.0003	0.0003	0.0000	0.0000	0.0000	0.0000	0.0000	0.0000	0.0000	0.0000	0.0000	0.0000	0.1118	0.0996	0.0122	0.0166	0.0160	0.0007	0.0952	0.0836	0.0115	0.0376	0.0175	0.0201	0.0041	0.0039	0.0002	0.0335	0.0136	0.0199	105.4598	55.2078	0.0000	2.8278	2.8127	0.0000	3801.0877	1758.5224	0.0000	0.0000	0.0001	0.0000	0.0002	0.0002	0.0000	0.0000	0.0000	0.0000			
22	86	0.0485	2	1	1	0	1	0	0	0	0	N	N	N	N	N	N	N	N	N	N	N	N	22436.2758	10004.8550	31.8592	43396.6724	1659.7467	33.2218	8.3521	9.3925	0.0008	0.0000	0.0000	0.0000	9.2313	10.4592	0.0008	0.0004	0.0009	0.0000	0.0000	0.0000	0.0000	0.0002	0.0063	0.0000	0.0000	0.0855	-0.2601	-0.0000	1.9989	1.0165	1.0099	4.1395	0.9996	0.9996	0.0000	0.0000	0.0000	0.0000	0.9996	0.9996	0.0000	0.0000	0.0000	0.0000	0.0000	0.0000	0.0000	0.0000	0.0000	0.0000	0.1197	0.1064	0.0133	0.0114	0.0109	0.0005	0.1083	0.0956	0.0127	0.0639	0.0276	0.0362	0.0000	0.0000	0.0000	0.0638	0.0276	0.0362	49206.4695	26002.3427	31.8592	0.0000	0.0000	0.0000	54363.4064	28927.8315	33.2218	0.0002	0.0004	0.0000	0.0000	0.0000	0.0000	0.0002	0.0004	0.0000			
22	87	0.6046	5	1	1	0	1	0	0	0	0	N	N	N	N	N	N	N	N	N	N	N	N	inf	inf	inf	inf	inf	inf	1.2602	1.3899	0.0000	1.8750	2.0179	0.0000	0.0000	0.0000	0.0000	0.0000	0.0000	0.0000	0.0000	0.0000	0.0000	0.0000	0.0000	0.0000	0.0000	-0.2602	0.0000	1.9989	9.0005	1.0099	5.0000	0.9999	0.9999	0.0000	0.9999	0.9999	0.0000	0.0000	0.0000	0.0000	0.0000	0.0000	0.0000	0.0000	0.0000	0.0000	0.0000	0.0000	0.0000	0.7934	0.7194	0.0741	0.5333	0.4955	0.0378	0.2602	0.2239	0.0363	0.0656	0.0328	0.0328	0.0219	0.0186	0.0033	0.0437	0.0142	0.0295	inf	inf	0.0000	inf	inf	0.0000	inf	inf	0.0000	0.0000	0.0000	0.0000	0.0000	0.0000	0.0000	0.0000	0.0000	0.0000				
22	88	0.0709	3	0	1	0	1	0	0	0	0	N	N	N	N	N	N	N	N	N	N	N	N	0.0000	0.0000	0.0000	0.0000	0.0000	0.0000	0.0000	0.0000	0.0000	0.0000	0.0000	0.0000	0.0000	0.0000	0.0000	0.0000	0.0000	0.0000	0.0000	0.0000	1.9989	0.0000	1.0099	0.0000	0.0000	0.0000	0.0000	0.0000	0.0000	0.0000	0.0000	0.0000	0.0000	0.0000	0.0000	0.0000	0.0000	0.0000	0.0000	0.0000	0.0000	0.0000	0.0000	0.0000	0.0000	0.0000	0.0000	0.0000	0.0000	0.0000	0.0000	0.0000	0.0000	0.0000	0.0000	0.0000	0.0000	0.0000	0.0000	0.0000	0.0000	0.0000	0.0000	0.0000	0.0000	0.0000	0.0000	0.0000	0.0000	0.0000	0.0000	0.0000	0.0000	0.0000	0.0000	0.0000	0.0000	0.0000											
22	89	0.6718	7	0	1	0	1	0	0	0	0	N	N	N	N	N	N	N	N	N	N	N	N	0.0000	0.0000	0.0000	0.0000	0.0000	0.0000	0.0000	0.0000	0.0000	0.0000	0.0000	0.0000	0.0000	0.0000	0.0000	0.0002	0.0001	0.0001	0.0000	0.0000	0.0000	0.0002	0.0006	0.0002	103.3380	0.0000	0.0000	1.9989	1.9953	1.0099	1.0817	0.0000	0.0000	0.0000	0.0000	0.0000	0.0000	0.0000	0.0000	0.0000	0.0000	0.0000	0.0000	0.0000	0.0000	0.0000	0.0000	0.0000	0.0000	0.2122	0.1941	0.0180	0.1610	0.1513	0.0098	0.0511	0.0428	0.0083	0.0135	0.0079	0.0056	0.0075	0.0066	0.0009	0.0061	0.0013	0.0047	0.0000	0.0000	0.0000	0.0000	0.0000	0.0000	0.0000	0.0000	0.0000	0.0001	0.0000	0.0001	0.0000	0.0000	0.0000	0.0001	0.0000	0.0002				
22	90	0.6459	6	0	1	0	1	0	0	0	0	N	N	N	N	N	N	N	N	N	N	N	N	3.5437	2.1521	70.5137	19.7250	20.8697	703.8575	0.1011	0.0023	0.3402	0.0067	0.0072	0.0006	0.0085	0.0090	0.0009	0.0002	0.0002	0.0000	0.0019	0.0034	0.0000	0.0004	0.0004	0.0000	0.0017	0.0886	0.0000	0.0069	0.0074	-0.0004	-0.0000	1.9989	2.3999	1.0099	4.0713	0.0015	0.0015	0.0000	0.0015	0.0014	0.0000	0.0000	0.0000	0.0000	0.0000	0.0000	0.0000	0.0000	0.0000	0.0000	0.0000	0.0000	0.0000	0.2183	0.2005	0.0179	0.1719	0.1607	0.0112	0.0464	0.0398	0.0067	0.0227	0.0127	0.0100	0.0113	0.0097	0.0016	0.0114	0.0031	0.0083	14.0375	8.5745	70.5137	128.4876	116.9160	703.8575	0.1948	0.0618	0.3402	0.0005	0.0008	0.0000	0.0001	0.0001	0.0000	0.0009	0.0032	0.0000
22	91	0.6669	7	0	0	1	1	0	0	0	0	N	N	N	N	N	N	N	N	N	N	N	N	0.0000	0.0000	0.0000	0.0000	0.0000	0.0000	0.0000	0.0000	0.0000	0.0000	0.0000	0.0000	0.0000	0.0000	0.0000	0.0000	0.0000	0.0000	0.0000	0.0000	1.9989	0.0000	1.0099	0.0000	0.0000	0.0000	0.0000	0.0000	0.0000	0.0000	0.0000	0.0000	0.0000	0.0000	0.0000	0.0000	0.0000	0.0000	0.0000	0.0000	0.0000	0.0000	0.0000	0.0000	0.0000	0.0000	0.0000	0.0000	0.0000	0.0000	0.0000	0.0000	0.0000	0.0000	0.0000	0.0000	0.0000	0.0000	0.0000	0.0000	0.0000	0.0000	0.0000	0.0000	0.0000	0.0000	0.0000	0.0000	0.0000	0.0000	0.0000	0.0000	0.0000	0.0000	0.0000	0.0000	0.0000	0.0000											
22	92	0.6348	6	0	0	1	1	0	0	0	0	N	N	N	N	N	N	N	N	N	N	N	N	inf	inf	inf	inf	inf	inf	inf	1.6550	1.8118	0.0000	2.3083	2.4672	0.0000	0.0000	0.0000	0.0000	0.0000	0.0000	0.0000	0.0000	0.0000	0.0000	0.0000	0.0000	0.0000	0.0000	-0.1870	0.0000	1.9989	3.7221	1.0099	2.9993	0.7186	0.7186	0.0000	0.7186	0.7186	0.0000	0.0000	0.0000	0.0000	0.0000	0.0000	0.0000	0.0000	0.0000	0.0000	0.0000	0.0000	0.0000	0.4342	0.3967	0.0376	0.3113	0.2913	0.0200	0.1229	0.1054	0.0175	0.0305	0.0156	0.0149	0.0110	0.0093	0.0017	0.0194	0.0062	0.0132	inf	inf	inf	inf	inf	0.0000	inf	0.0000	inf	0.0000	0.0000	0.0000	0.0000	0.0000	0.0000	0.0000	0.0000	0.0000			
22	93	0.6046	5	0	0	0	1	0	0	0	0	N	N	N	N	N	N	N	N	N	N	N	N	inf	inf	inf	inf	inf	inf	inf	inf	2.4381	0.0003	26.5573	0.0003	0.0004	0.0000	8.2667	0.0001	57.7330	0.0000	0.0000	0.0000	0.0000	0.0000	0.0000	0.0000	0.0000	0.0000	9303.5627	0.5316	0.0000	1.9989	2.7217	1.0099	3.0458	0.7187	0.0001	0.7186	0.0001	0.0001	0.0000	0.7186	0.0000	0.7186	0.0000	0.0000	0.0000	0.0000	0.0000	0.0000	0.0000	0.0000	0.0000	0.2948	0.2677	0.0271	0.2078	0.1932	0.0146	0.0869	0.0745	0.0124	0.0298	0.0147	0.0150	0.0097	0.0082	0.0015	0.0201	0.0065	0.0136	inf	inf	inf	inf	inf	0.0000	inf	inf	inf	0.0000	0.0000	0.0000	0.0000	0.0000	0.0000	0.0000	0.0000	0.0000		
22	94	0.6621	7	1	1	0	1	0	0	0	0	N	N	N	N	N	N	N	N	N	N	N	N	118.0078	47.4488	47.5242	51.8181	inf	inf	0.0034	0.0036	0.0000	0.0042	0.0045	0.0000	0.0000	0.0000	0.0000	0.0000	0.0001	0.0000	0.0001	0.0001	0.0000	0.0000	0.0000	0.0000	0.0000	0.0000	-0.0004	-0.0000	1.9989	5.9980	1.0099	4.9575	0.0017	0.0017	0.0000	0.0017	0.0017	0.0000	0.0000	0.0000	0.0000	0.0000	0.0000	0.0000	0.0000	0.0000	0.0000	0.0000	0.0000	0.0000	0.4941	0.4562	0.0380	0.3988	0.3737	0.0251	0.0953	0.0825	0.0128	0.0312	0.0190	0.0122	0.0166	0.0140	0.0026	0.0146	0.0050	0.0096	10700.8976	7056.9920	0.0000	7061.2279	6346.9925	0.0000	inf	inf	0.0000	0.0000	0.0000	0.0000	0.0000	0.0000	0.0000	0.0000	0.0000	0.0000			
22	95	0.0709	3	1	1	0	1	0	0	0	0	N	N	N	N	N	N	N	N	N	N	N	N	0.0000	0.0000	0.0000	0.0000	0.0000	0.0000	0.0000	0.0000	0.0000	0.0000	0.0000	0.0000	0.0000	0.0000	0.0000	0.0000	0.0000	0.0000	0.0000	0.0000	1.9989	0.0000	1.0099	2.0000	0.0000	0.0000	0.0000	0.0000	0.0000	0.0000	0.0000	0.0000	0.0000	0.0000	0.0000	0.0000	0.0000	0.0000	0.0000	0.0000	0.0000	0.0000	0.0000	0.0000	0.0000	0.0000	0.0000	0.0000	0.0000	0.0000	0.0000	0.0179	0.0065	0.0114	0.0000	0.0000	0.0000	0.0179	0.0065	0.0114	0.0000	0.0000	0.0000	0.0000	0.0000	0.0000	0.0000	0.0000	0.0000	0.0000	0.0000	0.0000	0.0000	0.0000	0.0000	0.0000	0.0000	0.0000											
22	96	0.0485	2	0	1	0	1	0	0	0	0	N	N	N	N	N	N	N	N	N	N	N	N	0.0000	0.0000	0.0000	0.0000	0.0000	0.0000	0.0000	0.0000	0.0000	0.0000	0.0000	0.0000	0.0000	0.0000	0.0000	0.0000	0.0000	0.0000	0.0000	0.0000	1.9989	4.0000	1.0099	0.0000	0.0000	0.0000	0.0000	0.0000	0.0000	0.0000	0.0000	0.0000	0.0000	0.0000	0.0000	0.0000	0.0000	0.0000	0.0000	0.0000	0.0000	0.0000	0.4212	0.3755	0.0458	0.0419	0.0399	0.0020	0.3793	0.3355	0.0438	0.0508	0.0220	0.0288	0.0000	0.0000	0.0000	0.0508	0.0220	0.0288	0.0000	0.0000	0.0000	0.0000	0.0000	0.0000	0.0000	0.0000	0.0000	0.0000	0.0000	0.0000	0.0000	0.0000	0.0000	0.0000	0.0000	0.0000											
22	97	0.6046	5	0	0	0	1	0	0	0	0	N	N	N	N	N	N	N	N	N	N	N	N	inf	inf	inf	inf	inf	inf	inf	2.4156	2.6609	0.0003	3.4617	3.7240	0.0000	0.0001	0.0000	0.0006	0.0000	0.0000	0.0000	0.0000	0.0000	0.0000	0.0000	0.0000	0.0000	0.0000	-0.2601	0.0000	1.9989	3.9994	1.0099	4.0000	0.9998	0.9998	0.0000	0.9998	0.9998	0.0000	0.0000	0.0000	0.0000	0.0000	0.0000	0.0000	0.0000	0.0000	0.0000	0.0000	0.0000	0.0000	0.4139	0.3757	0.0382	0.2888	0.2685	0.0203	0.1251	0.1073	0.0178	0.0402	0.0200	0.0203	0.0132	0.0112	0.0020	0.0271	0.0088	0.0183	inf	inf	inf	inf	inf	0.0000	inf	0.0000	inf	0.0000	0.0000	0.0000	0.0000	0.0000	0.0000	0.0000	0.0000	0.0000			
22	98	0.0485	2	0	0	0	1	0	0	0	0	N	N	N	N	N	N	N	N	N	N	N	N	inf	inf	inf	inf	0.0081	0.0000	0.0738	0.0000	0.0000	0.0000	0.0090	0.0000	0.0770	0.0000	0.0000	0.0000	0.0000	0.0000	0.0000	0.0000	0.0000	0.0000	inf	0.0013	0.0000	1.9989	1.0000	1.0099	0.0000	0.0017	0.0000	0.0017	0.0000	0.0000	0.0000	0.0017	0.0000	0.0017	0.0000	0.0000	0.0000	0.0000	0.0000	0.0000	0.0000	0.0000	0.0000	0.2103	0.1871	0.0232	0.0203	0.0193	0.0010	0.1900	0.1678	0.0222	0.0246	0.0106	0.0139	0.0000	0.0000	0.0000	0.0245	0.0106	0.0139	inf	0.0000	inf	0.0000	0.0000	0.0000	inf	0.0000	inf	0.0000	0.0000	0.0000	0.0000	0.0000	0.0000	0.0000	0.0000	0.0000						
22	99	0.4936	4	0	0	0	1	0	0	0	0	N	N	N	N	N	N	N	N	N	N	N	N	0.0326	0.0216	0.0000	0.0358	0.0400	25.0009	0.0305	0.0000	0.0002	0.0003	0.0000	0.0003	0.0003	0.0000	0.0000	0.0000	0.0000	0.0071	0.0117	0.0000	0.0090	0.0086	0.0000	0.0000	0.0002	0.0000	0.0000	0.0001	-0.0000	-0.0000	1.9989	1.5982	1.0099	11.1970	0.0000	0.0000	0.0000	0.0000	0.0000	0.0000	0.0000	0.0000	0.0000	0.0001	0.0001	0.0000	0.0001	0.0001	0.0000	0.0000	0.0000	0.0000	0.1920	0.1741	0.0179	0.1369	0.1273	0.0096	0.0551	0.0468	0.0083	0.0873	0.0480	0.0392	0.0327	0.0293	0.0034	0.0545	0.0187	0.0358	0.2325	0.1411	0.0000	0.1217	0.1174	0.0000	25.0009	20.1586	0.0000	0.0010	0.0018	0.0000	0.0026	0.0029	0.0000	0.0000	0.0000	0.0000	
22	100	0.6636	8	1	1	1	1	0	0	0	0	N	N	N	N	N	N	N	N	N	N	N	N	0.0000	0.0000	0.0000	0.0000	0.0000	0.0000	0.0000	0.0000	0.0000	0.0000	0.0000	0.0000	0.0000	0.0662	0.0000	0.0182	0.0000	0.0000	0.0000	0.0604	0.0000	0.0104	inf	0.0000	0.0000	1.9989	0.0000	1.0099	0.9982	0.0000	0.0000	0.0000	0.0000	0.0000	0.0000	0.0000	0.0000	0.0000	0.0000	0.0000	0.0000	0.0000	0.0000	0.0000	0.0000	0.0000	0.0000	0.0129	0.0119	0.0010	0.0106	0.0102	0.0004	0.0023	0.0017	0.0006	0.0031	0.0019	0.0012	0.0017	0.0014	0.0003	0.0014	0.0005	0.0010	0.0000	0.0000	0.0000	0.0000	0.0000	0.0000	0.0000	0.0000	0.0000	0.0032	0.0000	0.0081	0.0000	0.0000	0.0000	0.0069	0.0000	0.0104						
22	101	0.0832	5	1	1	1	1	0	0	0	0	N	N	N	N	N	N	N	N	N	N	N	N	0.0000	0.0000	0.0000	0.0000	0.0000	0.0000	0.0000	0.0000	0.0000	0.0000	0.0000	0.0000	0.0000	0.0000	0.0000	0.0000	0.0000	0.0000	0.0000	0.0000	1.9989	0.0000	1.0099	0.0000	0.0000	0.0000	0.0000	0.0000	0.0000	0.0000	0.0000	0.0000	0.0000	0.0000	0.0000	0.0000	0.0000	0.0000	0.0000	0.0000	0.0000	0.0000	0.0000	0.0000	0.0000	0.0000	0.0000	0.0000	0.0000	0.0000	0.0000	0.0000	0.0000	0.0000	0.0000	0.0000	0.0000	0.0000	0.0000	0.0000	0.0000	0.0000	0.0000	0.0000	0.0000	0.0000	0.0000	0.0000	0.0000	0.0000	0.0000	0.0000	0.0000	0.0000	0.0000	0.0000	0.0000	0.0000											
22	102	0.0832	4	1	0	1	1	0	0	0	0	N	N	N	N	N	N	N	N	N	N	N	N	0.0000	0.0000	0.0000	0.0000	0.0000	0.0000	0.0000	0.0000	0.0000	0.0000	0.0000	0.0000	0.0000	0.0000	0.0000	0.0000	0.0000	0.0000	0.0000	0.0000	1.9989	0.0000	1.0099	0.0000	0.0000	0.0000	0.0000	0.0000	0.0000	0.0000	0.0000	0.0000	0.0000	0.0000	0.0000	0.0000	0.0000	0.0000	0.0000	0.0000	0.0000	0.0000	0.0000	0.0000	0.0000	0.0000	0.0000	0.0000	0.0000	0.0000	0.0000	0.0000	0.0000	0.0000	0.0000	0.0000	0.0000	0.0000	0.0000	0.0000	0.0000	0.0000	0.0000	0.0000	0.0000	0.0000	0.0000	0.0000	0.0000	0.0000	0.0000	0.0000	0.0000	0.0000	0.0000	0.0000	0.0000	0.0000											
22	103	0.0771	3	1	0	1	1	0	0	0	0	N	N	N	N	N	N	N	N	N	N	N	N	0.0000	0.0000	0.0000	0.0000	0.0000	0.0000	0.0000	0.0000	0.0000	0.0000	0.0000	0.0000	0.0000	0.0000	0.0000	0.0000	0.0000	0.0000	0.0000	0.0000	1.9989	0.0000	1.0099	1.0091	0.0000	0.0000	0.0000	0.0000	0.0000	0.0000	0.0000	0.0000	0.0000	0.0000	0.0000	0.0000	0.0000	0.0000	0.0000	0.0000	0.0000	0.0000	0.0000	0.0000	0.0000	0.0000	0.0000	0.0000	0.0000	0.0000	0.0000	0.0085	0.0031	0.0054	0.0000	0.0000	0.0000	0.0084	0.0031	0.0054	0.0000	0.0000	0.0000	0.0000	0.0000	0.0000	0.0000	0.0000	0.0000	0.0000	0.0000	0.0000	0.0000	0.0000	0.0000	0.0000	0.0000	0.0000											
22	104	0.6046	5	0	1	0	1	0	0	0	0	N	N	N	N	N	N	N	N	N	N	N	N	inf	inf	inf	inf	inf	inf	inf	inf	2.7480	3.0303	0.0001	2.0361	2.1911	0.0000	4.2394	4.9300	0.0003	0.0000	0.0000	0.0000	0.0000	0.0000	0.0000	0.0000	0.0000	0.0000	0.0000	-0.5196	0.0000	1.9989	7.9994	1.0099	4.0001	1.9969	1.9969	0.0000	1.0015	1.0015	0.0000	0.9954	0.9954	0.0000	0.0000	0.0000	0.0000	0.0000	0.0000	0.0000	0.0000	0.0000	0.0000	0.7267	0.6590	0.0677	0.4919	0.4571	0.0348	0.2348	0.2019	0.0329	0.0575	0.0287	0.0288	0.0191	0.0162	0.0029	0.0385	0.0125	0.0259	inf	inf	inf	inf	inf	0.0000	inf	inf	inf	0.0000	0.0000	0.0000	0.0000	0.0000	0.0000	0.0000	0.0000	0.0000		
22	105	0.6671	9	1	0	1	1	0	0	0	0	N	N	N	N	N	N	N	N	N	N	N	N	0.0000	0.0000	0.0000	0.0000	0.0000	0.0000	0.0000	0.0000	0.0000	0.0000	0.0000	0.0000	0.0000	0.0810	0.0000	0.0207	0.0000	0.0000	0.0000	0.0685	0.0000	0.0108	inf	0.0000	0.0000	1.9989	1.0000	1.0099	1.0005	0.0000	0.0000	0.0000	0.0000	0.0000	0.0000	0.0000	0.0000	0.0000	0.0000	0.0000	0.0000	0.0000	0.0000	0.0000	0.0000	0.0000	0.0000	0.0936	0.0865	0.0071	0.0771	0.0723	0.0048	0.0165	0.0142	0.0022	0.0060	0.0037	0.0024	0.0032	0.0027	0.0005	0.0028	0.0010	0.0018	0.0000	0.0000	0.0000	0.0000	0.0000	0.0000	0.0000	0.0000	0.0000	0.0033	0.0000	0.0085	0.0000	0.0000	0.0000	0.0071	0.0000	0.0108						
22	106	0.6636	8	1	0	1	1	0	0	0	0	N	N	N	N	N	N	N	N	N	N	N	N	8.3356	4.4434	3.9887	4.5517	inf	inf	0.0008	0.0008	0.0000	0.0010	0.0010	0.0000	0.0000	0.0000	0.0000	0.0001	0.0002	0.0000	0.0002	0.0002	0.0000	0.0000	0.0000	0.0000	0.0000	0.0000	-0.0000	-0.0000	1.9989	0.7249	1.0099	0.0368	0.0001	0.0001	0.0000	0.0001	0.0001	0.0000	0.0000	0.0000	0.0000	0.0000	0.0000	0.0000	0.0000	0.0000	0.0000	0.0000	0.0000	0.0000	0.0808	0.0747	0.0061	0.0665	0.0627	0.0039	0.0142	0.0120	0.0022	0.0024	0.0015	0.0009	0.0013	0.0011	0.0002	0.0011	0.0004	0.0007	100.7251	66.2571	0.0000	65.9463	59.0351	0.0000	inf	inf	0.0000	0.0000	0.0000	0.0000	0.0000	0.0000	0.0000	0.0000	0.0000	0.0000			
22	107	0.6621	7	1	0	1	1	0	0	0	0	N	N	N	N	N	N	N	N	N	N	N	N	24.3464	18.3987	0.1715	16.1179	18.0940	inf	0.0462	inf	0.0000	0.0029	0.0031	0.0000	0.0033	0.0035	0.0000	0.0000	0.0000	0.0000	0.0001	0.0002	0.0000	0.0002	0.0002	0.0000	0.0000	0.0000	0.0000	0.0001	1.9297	-0.0000	0.0000	1.9989	0.4159	1.0099	0.0887	0.0001	0.0001	0.0000	0.0001	0.0001	0.0000	0.0000	0.0000	0.0000	0.0000	0.0000	0.0000	0.0000	0.0000	0.0000	0.0000	0.0000	0.0000	0.0519	0.0483	0.0036	0.0446	0.0420	0.0026	0.0073	0.0063	0.0010	0.0019	0.0012	0.0007	0.0010	0.0009	0.0001	0.0009	0.0003	0.0005	189.1040	382.3838	0.1715	347.0834	316.3691	inf	0.0969	inf	0.0000	0.0000	0.0000	0.0000	0.0000	0.0000	0.0000	0.0000	0.0000	0.0000
22	108	0.6459	6	1	0	0	1	0	0	0	0	N	N	N	N	N	N	N	N	N	N	N	N	129.6742	93.9712	0.4739	inf	inf	inf	102.7125	0.7427	0.0000	0.0049	0.0053	0.0000	0.0062	0.0066	0.0000	0.0001	0.0002	0.0000	0.0000	0.0001	0.0000	0.0000	0.0000	0.0000	0.0000	0.0002	0.0000	0.0000	7.1261	-0.0004	0.0000	1.9989	3.9943	1.0099	0.9974	0.0017	0.0017	0.0000	0.0017	0.0017	0.0000	0.0000	0.0000	0.0000	0.0000	0.0000	0.0000	0.0000	0.0000	0.0000	0.0000	0.0000	0.0000	0.3452	0.3167	0.0285	0.2690	0.2514	0.0176	0.0762	0.0653	0.0109	0.0178	0.0100	0.0078	0.0088	0.0075	0.0013	0.0089	0.0024	0.0065	7565.4695	37557.7331	0.4739	inf	inf	inf	102.7125	263.6735	0.0000	0.0000	0.0000	0.0000	0.0000	0.0000	0.0000	0.0000	0.0000	0.0000
22	109	0.0771	3	1	0	1	1	0	0	0	0	N	N	N	N	N	N	N	N	N	N	N	N	0.0000	0.0000	0.0000	0.0000	0.0000	0.0000	0.0000	0.0000	0.0000	0.0000	0.0000	0.0000	0.0000	0.0000	0.0000	0.0000	0.0000	0.0000	0.0000	0.0000	1.9989	0.0000	1.0099	0.9909	0.0000	0.0000	0.0000	0.0000	0.0000	0.0000	0.0000	0.0000	0.0000	0.0000	0.0000	0.0000	0.0000	0.0000	0.0000	0.0000	0.0000	0.0000	0.0000	0.0000	0.0000	0.0000	0.0000	0.0000	0.0000	0.0000	0.0000	0.0083	0.0030	0.0053	0.0000	0.0000	0.0000	0.0083	0.0030	0.0053	0.0000	0.0000	0.0000	0.0000	0.0000	0.0000	0.0000	0.0000	0.0000	0.0000	0.0000	0.0000	0.0000	0.0000	0.0000	0.0000	0.0000	0.0000											
22	110	0.0485	2	1	0	1	1	0	0	0	0	N	N	N	N	N	N	N	N	N	N	N	N	inf	inf	inf	inf	inf	inf	inf	inf	2.3632	0.0000	21.7487	0.0000	0.0000	0.0000	2.6243	0.0000	22.7451	0.0000	0.0000	0.0000	0.0000	0.0000	0.0000	0.0000	0.0000	0.0000	99088.1626	0.7364	0.0000	1.9989	4.0000	1.0099	0.0000	0.9954	0.0000	0.9954	0.0000	0.0000	0.0000	0.9954	0.0000	0.9954	0.0000	0.0000	0.0000	0.0000	0.0000	0.0000	0.0000	0.0000	0.0000	0.4212	0.3755	0.0458	0.0419	0.0399	0.0020	0.3793	0.3355	0.0438	0.0508	0.0220	0.0288	0.0000	0.0000	0.0000	0.0508	0.0220	0.0288	inf	inf	inf	inf	inf	0.0000	inf	inf	inf	0.0000	0.0000	0.0000	0.0000	0.0000	0.0000	0.0000	0.0000	0.0000		
22	112	0.6504	6	0	0	1	1	0	0	0	0	N	N	N	N	N	N	N	N	N	N	N	N	0.0000	0.0000	0.0000	0.0000	0.0000	0.0000	0.0000	0.0000	0.0000	0.0000	0.0000	0.0000	0.0000	0.0000	0.0000	0.0000	0.0000	0.0000	0.0000	0.0000	1.9989	0.0000	1.0099	0.0001	0.0000	0.0000	0.0000	0.0000	0.0000	0.0000	0.0000	0.0000	0.0000	0.0000	0.0000	0.0000	0.0000	0.0000	0.0000	0.0000	0.0000	0.0000	0.0000	0.0000	0.0000	0.0000	0.0000	0.0000	0.0000	0.0000	0.0000	0.0000	0.0000	0.0000	0.0000	0.0000	0.0000	0.0000	0.0000	0.0000	0.0000	0.0000	0.0000	0.0000	0.0000	0.0000	0.0000	0.0000	0.0000	0.0000	0.0000	0.0000	0.0000	0.0000	0.0000	0.0000	0.0000	0.0000											
22	113	0.6046	5	0	0	1	1	0	0	0	0	N	N	N	N	N	N	N	N	N	N	N	N	inf	inf	inf	inf	2.4151	2.6604	0.0000	3.4610	3.7233	0.0000	0.0000	0.0000	0.0000	0.0000	0.0000	0.0000	0.0000	0.0000	0.0000	0.0000	0.0000	0.0000	0.0000	-0.2601	0.0000	1.9989	4.0004	1.0099	4.9999	0.9998	0.9998	0.0000	0.9998	0.9998	0.0000	0.0000	0.0000	0.0000	0.0000	0.0000	0.0000	0.0000	0.0000	0.0000	0.0000	0.0000	0.0000	0.4140	0.3758	0.0382	0.2889	0.2685	0.0203	0.1251	0.1073	0.0178	0.0447	0.0222	0.0225	0.0147	0.0125	0.0022	0.0300	0.0098	0.0203	inf	inf	0.0000	inf	inf	0.0000	0.0000	0.0000	0.0000	0.0000	0.0000	0.0000	0.0000	0.0000	0.0000	0.0000	0.0000	0.0000						
22	114	0.0811	3	0	1	0	1	0	0	0	0	N	N	N	N	N	N	N	N	N	N	N	N	2470.3142	5728.9474	0.0000	10810.4970	12720.1997	151.7717	inf	0.0000	1.9855	2.2141	0.0000	9.8274	10.4081	0.0000	0.0511	0.0577	0.0000	0.0008	0.0004	0.0006	0.0009	0.0008	0.0000	0.0003	0.0000	0.0006	0.0000	4.0811	-0.2354	0.0000	1.9989	4.3361	1.0099	4.6323	0.9046	0.9046	0.0000	0.8860	0.8860	0.0000	0.0187	0.0187	0.0000	0.0000	0.0000	0.0000	0.0000	0.0000	0.0000	0.0000	0.0000	0.0000	0.4556	0.4086	0.0471	0.0902	0.0851	0.0050	0.3655	0.3235	0.0420	0.1253	0.0714	0.0539	0.0213	0.0197	0.0016	0.1040	0.0517	0.0524	6687.9289	21592.0153	0.0000	28581.9951	28066.5977	0.0000	177.8669	inf	0.0000	0.0003	0.0001	0.0006	0.0003	0.0004	0.0000	0.0003	0.0000	0.0006	
22	115	0.0485	2	0	0	0	1	0	0	0	0	N	N	N	N	N	N	N	N	N	N	N	N	7117.8892	2741.6839	603.2855	inf	inf	16294.0635	549.2437	629.7049	4.3407	4.8758	0.0145	0.0000	0.0000	0.0000	4.8052	5.4383	0.0151	0.0006	0.0018	0.0000	0.0000	0.0000	0.0000	0.0003	0.0099	0.0000	0.0004	0.0565	-0.2538	-0.0000	1.9989	1.9840	1.0099	0.2610	0.9767	0.9763	0.0004	0.0000	0.0000	0.0000	0.9767	0.9763	0.0004	0.0000	0.0000	0.0000	0.0000	0.0000	0.0000	0.0000	0.0000	0.0000	0.2250	0.2002	0.0248	0.0218	0.0207	0.0010	0.2033	0.1795	0.0237	0.0296	0.0128	0.0168	0.0000	0.0000	0.0000	0.0296	0.0128	0.0168	17078.2925	8787.5634	603.2855	inf	inf	0.0000	18898.6870	9792.6461	629.7049	0.0003	0.0006	0.0000	0.0000	0.0000	0.0000	0.0003	0.0006	0.0000	
22	116	0.6046	5	0	1	0	2	0	0	0	0	N	N	N	Y	N	N	N	N	N	N	N	N	5.0318	2.2097	2.5424	2.9636	inf	inf	0.0036	0.0039	0.0000	0.0051	0.0055	0.0000	0.0001	0.0001	0.0000	0.0007	0.0018	0.0000	0.0020	0.0019	0.0000	0.0000	0.0000	0.0000	0.0000	0.0000	-0.0005	-0.0000	1.9989	5.0006	1.0099	2.0000	0.0018	0.0018	0.0000	0.0018	0.0018	0.0000	0.0000	0.0000	0.0000	0.0000	0.0000	0.0000	0.0000	0.0000	0.0000	0.0000	0.0000	0.0000	0.5001	0.4538	0.0462	0.3462	0.3218	0.0244	0.1539	0.1320	0.0218	0.0356	0.0177	0.0180	0.0116	0.0099	0.0017	0.0240	0.0078	0.0162	12.7485	6.9621	0.0000	5.9669	5.4529	0.0000	inf	inf	0.0000	0.0003	0.0006	0.0000	0.0009	0.0010	0.0000	0.0000	0.0000	0.0000			
22	117	0.0485	2	0	1	0	2	0	0	0	0	N	N	N	Y	N	N	N	N	N	N	N	N	0.0000	0.0000	0.0000	0.0000	0.0000	0.0000	0.0000	0.0000	0.0000	0.0000	0.0000	0.0000	0.0000	0.0000	0.0000	0.0000	0.0000	0.0000	0.0000	0.0000	1.9989	0.0000	1.0099	1.0000	0.0000	0.0000	0.0000	0.0000	0.0000	0.0000	0.0000	0.0000	0.0000	0.0000	0.0000	0.0000	0.0000	0.0000	0.0000	0.0000	0.0000	0.0000	0.0000	0.0000	0.0000	0.0000	0.0000	0.0000	0.0000	0.0000	0.0000	0.0188	0.0081	0.0106	0.0000	0.0000	0.0000	0.0188	0.0081	0.0106	0.0000	0.0000	0.0000	0.0000	0.0000	0.0000	0.0000	0.0000	0.0000	0.0000	0.0000	0.0000	0.0000	0.0000	0.0000	0.0000	0.0000	0.0000											
22	118	0.6046	5	0	1	0	1	0	0	0	0	N	N	N	N	N	N	N	N	N	N	N	N	6019.6552	inf	0.0000	1530.0533	inf	0.0000	inf	inf	1.6419	1.8125	0.0000	1.2867	1.3851	0.0000	2.2718	2.6266	0.0000	0.0003	0.0000	0.0002	0.0008	0.0000	0.0024	0.0000	0.0000	0.0000	0.0000	inf	-0.5191	0.0000	1.9989	16.9994	1.0099	6.0000	1.9952	1.9952	0.0000	0.9998	0.9998	0.0000	0.9954	0.9954	0.0000	0.0000	0.0000	0.0000	0.0000	0.0000	0.0000	0.0000	0.0000	0.0000	1.2152	1.1008	0.1144	0.7770	0.7218	0.0552	0.4382	0.3790	0.0592	0.0974	0.0492	0.0481	0.0334	0.0283	0.0051	0.0639	0.0209	0.0431	15984.6744	inf	0.0000	4299.8673	inf	0.0000	inf	inf	0.0000	0.0001	0.0000	0.0002	0.0003	0.0000	0.0020	0.0000	0.0000	0.0000	
22	119	0.0485	2	0	1	0	1	0	0	0	0	N	N	N	N	N	N	N	N	N	N	N	N	263.0115	4407.3471	0.0000	inf	inf	709.2788	709.4514	0.0000	3.9246	4.3997	0.0000	0.0000	0.0000	0.0000	4.3646	4.9302	0.0000	0.0149	0.0010	0.0025	0.0000	0.0000	0.0000	0.0062	0.0069	0.0025	0.0000	8.5000	-0.5192	0.0001	1.9989	5.0000	1.0099	6.0000	1.9953	1.9953	0.0000	0.0000	0.0000	0.0000	1.9953	1.9953	0.0000	0.0002	0.0000	0.0002	0.0000	0.0000	0.0000	0.0002	0.0000	0.0002	0.5084	0.4535	0.0549	0.0513	0.0488	0.0025	0.4572	0.4047	0.0524	0.1206	0.0520	0.0686	0.0001	0.0001	0.0000	0.1205	0.0519	0.0686	2490.2770	11429.9781	0.0000	inf	inf	0.0000	2768.1771	12794.4399	0.0000	0.0016	0.0004	0.0025	0.0000	0.0000	0.0000	0.0016	0.0004	0.0025	
22	120	0.0766	3	0	1	0	1	0	0	0	0	N	N	N	N	N	N	N	N	N	N	N	N	5.1776	3.7594	0.0000	0.0006	0.0006	0.0000	701.9505	758.5550	0.0000	9.1218	10.0041	0.0000	0.0028	0.0029	0.0000	16.8794	19.3188	0.0000	1.7618	2.6611	0.0049	4.9225	4.8756	0.0001	0.0240	0.0255	0.0045	0.0000	0.0075	-0.2555	-0.0045	1.9989	0.9998	1.0099	0.9486	0.9822	0.9822	0.0000	0.0001	0.0001	0.0000	0.9820	0.9820	0.0000	0.0087	0.0086	0.0001	0.0086	0.0086	0.0000	0.0001	0.0000	0.0001	0.1077	0.0982	0.0095	0.0495	0.0473	0.0021	0.0582	0.0508	0.0073	0.0251	0.0109	0.0143	0.0043	0.0042	0.0001	0.0208	0.0067	0.0142	26.4938	12.6687	0.0000	0.0014	0.0014	0.0000	4789.6168	14036.5960	0.0000	0.3443	0.7897	0.0045	1.9978	2.0451	0.0001	0.0035	0.0014	0.0045
22	121	0.0485	2	0	1	0	1	0	0	0	0	N	N	N	N	N	N	N	N	N	N	N	N	0.0192	39.2301	0.0030	0.0276	5.9305	0.0067	0.0242	0.0269	0.0020	0.0000	0.0000	0.0000	0.0270	0.0302	0.0021	1.2642	0.0007	0.6796	0.0000	0.0000	0.0000	0.9786	0.0051	0.3158	0.0090	780.5130	-0.0034	0.0041	1.9989	3.0005	1.0099	1.1085	0.0134	0.0133	0.0001	0.0000	0.0000	0.0000	0.0134	0.0133	0.0001	0.0086	0.0000	0.0086	0.0000	0.0000	0.0000	0.0086	0.0000	0.0086	0.5524	0.4930	0.0595	0.0561	0.0534	0.0027	0.4964	0.4396	0.0568	0.0892	0.0385	0.0506	0.0000	0.0000	0.0000	0.0891	0.0385	0.0506	0.2514	94.2926	0.0118	0.0000	0.0000	0.0000	0.2796	105.6361	0.0124	0.0964	0.0003	0.1696	0.0000	0.0000	0.0000	0.0965	0.0003	0.1696			
22	122	0.6459	6	0	1	0	1	0	0	0	0	N	N	N	N	N	N	N	N	N	N	N	N	inf	inf	inf	inf	inf	inf	0.0001	0.0001	0.0000	0.0000	0.0000	0.0000	0.0003	0.0003	0.0000	0.0000	0.0000	0.0000	0.0000	0.0000	0.0000	0.0000	0.0000	0.0000	0.0000	-0.0000	0.0000	1.9989	2.0001	1.0099	3.0000	0.0000	0.0000	0.0000	0.0000	0.0000	0.0000	0.0000	0.0000	0.0000	0.0000	0.0000	0.0000	0.0000	0.0000	0.0000	0.0000	0.0000	0.0000	0.1845	0.1694	0.0151	0.1456	0.1362	0.0095	0.0389	0.0332	0.0056	0.0178	0.0100	0.0078	0.0088	0.0076	0.0013	0.0089	0.0024	0.0065	inf	inf	0.0000	inf	inf	0.0000	inf	inf	0.0000	0.0000	0.0000	0.0000	0.0000	0.0000	0.0000	0.0000	0.0000	0.0000				
22	123	0.6046	5	0	0	0	1	0	0	0	0	N	N	N	N	N	N	N	N	N	N	N	N	721604.9930	62429.6979	inf	inf	inf	59692705.5678	36938.4462	inf	3.0452	3.3573	0.0000	2.2399	2.4103	0.0000	4.7710	5.5520	0.0000	0.0000	0.0001	0.0000	0.0000	0.0000	0.0000	0.0000	0.0002	0.0000	0.0000	0.1429	-0.5196	-0.0000	1.9989	6.9986	1.0099	2.0000	1.9970	1.9970	0.0000	1.0016	1.0016	0.0000	0.9954	0.9954	0.0000	0.0000	0.0000	0.0000	0.0000	0.0000	0.0000	0.0000	0.0000	0.0000	0.6558	0.5948	0.0610	0.4471	0.4155	0.0316	0.2086	0.1793	0.0294	0.0447	0.0222	0.0225	0.0147	0.0125	0.0022	0.0300	0.0098	0.0203	56713672.6320	35514002.6790	inf	inf	inf	0.0000	59692705.5678	25795853.9812	inf	0.0000	0.0000	0.0000	0.0000	0.0000	0.0000	0.0000	0.0000	0.0000	
22	124	0.0820	3	0	1	0	1	0	0	0	0	N	N	N	N	N	N	N	N	N	N	N	N	10372.6966	8537.1522	7.4934	12603.0788	15498.8064	inf	46140.9277	1984.7610	8.2856	1.1820	1.3084	0.0001	3.3056	3.4590	0.0000	0.5890	0.6626	0.0002	0.0001	0.0002	0.0000	0.0003	0.0002	0.0000	0.0000	0.0003	0.0000	0.0000	3.6457	-0.2316	0.0000	1.9989	3.9006	1.0099	3.1543	0.8901	0.8901	0.0000	0.5434	0.5434	0.0000	0.3467	0.3467	0.0000	0.0000	0.0000	0.0000	0.0000	0.0000	0.0000	0.0000	0.0000	0.0000	0.7530	0.6803	0.0727	0.1644	0.1571	0.0073	0.5886	0.5232	0.0654	0.1346	0.0642	0.0704	0.0166	0.0163	0.0004	0.1180	0.0479	0.0701	97770.4379	239648.3685	7.4934	195395.7032	200116.2044	inf	51620.9528	457464.7919	8.2856	0.0000	0.0000	0.0000	0.0000	0.0000	0.0000	0.0000	0.0000	0.0000
22	125	0.0485	2	0	1	0	1	0	0	0	0	N	N	N	N	N	N	N	N	N	N	N	N	3317.4959	3027.6535	21.0977	7765.5591	468.6715	22.0461	1.9253	2.1610	0.0043	0.0000	0.0000	0.0000	2.1352	2.4147	0.0045	0.0006	0.0007	0.0002	0.0000	0.0000	0.0000	0.0003	0.0052	0.0002	0.0002	0.9281	-0.1698	-0.0000	1.9989	1.6924	1.0099	1.9110	0.6532	0.6530	0.0002	0.0000	0.0000	0.0000	0.6532	0.6530	0.0002	0.0000	0.0000	0.0000	0.0000	0.0000	0.0000	0.0000	0.0000	0.0000	0.3393	0.3022	0.0371	0.0333	0.0318	0.0016	0.3059	0.2704	0.0355	0.0797	0.0345	0.0453	0.0000	0.0000	0.0000	0.0797	0.0345	0.0453	7981.1469	7469.5757	21.0977	0.0000	0.0000	0.0000	8847.4395	8338.4187	22.0461	0.0002	0.0003	0.0002	0.0000	0.0000	0.0000	0.0002	0.0003	0.0002			
22	126	0.6046	5	0	1	0	1	0	0	0	0	N	N	N	N	N	N	N	N	N	N	N	N	0.3687	0.1671	0.2411	0.2668	0.0000	0.0000	0.0006	0.0007	0.0000	0.0008	0.0009	0.0000	0.0000	0.0000	0.0000	0.0016	0.0040	0.0000	0.0035	0.0034	0.0000	0.0000	0.0004	0.0000	0.0000	0.0000	-0.0000	-0.0000	1.9989	0.9996	1.0099	8.0005	0.0001	0.0001	0.0000	0.0001	0.0001	0.0000	0.0000	0.0000	0.0000	0.0000	0.0000	0.0000	0.0000	0.0000	0.0000	0.0000	0.0000	0.0000	0.1155	0.1050	0.0105	0.0827	0.0769	0.0058	0.0329	0.0281	0.0047	0.0447	0.0222	0.0225	0.0147	0.0125	0.0022	0.0300	0.0098	0.0203	1.3528	0.7398	0.0000	0.6212	0.5673	0.0000	0.0000	0.0000	0.0000	0.0004	0.0009	0.0000	0.0014	0.0016	0.0000	0.0000	0.0000	0.0000			
22	127	0.5100	5	0	0	0	1	0	0	0	0	N	N	N	N	N	N	N	N	N	N	N	N	5.3722	6.9928	0.0000	0.2715	0.5101	0.0000	98.8382	inf	0.0000	0.0036	0.0040	0.0000	0.0004	0.0004	0.0000	0.0118	0.0137	0.0000	0.0007	0.0006	0.0003	0.0014	0.0008	0.0030	0.0001	0.0000	0.0001	0.0000	1.3642	-0.0004	0.0000	1.9989	3.6536	1.0099	12.3970	0.0015	0.0015	0.0000	0.0001	0.0001	0.0000	0.0014	0.0014	0.0000	0.0000	0.0000	0.0000	0.0000	0.0000	0.0000	0.0000	0.0000	0.0000	0.4054	0.3673	0.0381	0.2901	0.2685	0.0216	0.1152	0.0988	0.0165	0.0941	0.0515	0.0426	0.0352	0.0310	0.0042	0.0589	0.0205	0.0384	13.3821	19.0999	0.0000	0.6432	1.1748	0.0000	145.4213	inf	0.0000	0.0003	0.0002	0.0003	0.0006	0.0003	0.0023	0.0001	0.0000	0.0001
22	128	0.2989	3	0	0	0	1	0	0	0	0	N	N	N	N	N	N	N	N	N	N	N	N	12.4527	11.7155	0.0000	12.6079	16.4927	0.0000	267.4248	41.6970	0.0000	0.1070	0.1195	0.0000	0.1113	0.1222	0.0000	0.0991	0.1143	0.0000	0.0086	0.0102	0.0005	0.0088	0.0074	0.0018	0.0004	0.0027	0.0004	0.0000	0.2851	-0.0198	-0.0001	1.9989	5.3495	1.0099	12.4099	0.0761	0.0761	0.0000	0.0514	0.0514	0.0000	0.0247	0.0247	0.0000	0.0002	0.0002	0.0000	0.0002	0.0001	0.0000	0.0000	0.0000	0.0000	0.7108	0.6365	0.0743	0.4617	0.4206	0.0411	0.2491	0.2159	0.0332	0.1737	0.0925	0.0812	0.0605	0.0543	0.0062	0.1132	0.0382	0.0750	94.9005	72.5198	0.0000	42.4411	44.6064	0.0000	301.4985	1166.5342	0.0000	0.0011	0.0016	0.0005	0.0026	0.0027	0.0016	0.0003	0.0001	0.0004
22	129	0.7161	11	0	1	0	2	0	0	0	0	N	N	N	Y	N	N	N	N	N	N	N	N	0.0000	0.0000	0.0000	0.0000	0.0000	0.0000	0.0000	0.0000	0.0000	0.0000	0.0000	0.0000	0.0000	0.0000	0.0000	0.0000	0.0000	0.0000	0.0000	0.0000	1.9989	0.0000	1.0099	0.0000	0.0000	0.0000	0.0000	0.0000	0.0000	0.0000	0.0000	0.0000	0.0000	0.0000	0.0000	0.0000	0.0000	0.0000	0.0000	0.0000	0.0000	0.0000	0.0000	0.0000	0.0000	0.0000	0.0000	0.0000	0.0000	0.0000	0.0000	0.0000	0.0000	0.0000	0.0000	0.0000	0.0000	0.0000	0.0000	0.0000	0.0000	0.0000	0.0000	0.0000	0.0000	0.0000	0.0000	0.0000	0.0000	0.0000	0.0000	0.0000	0.0000	0.0000	0.0000	0.0000	0.0000	0.0000											
22	130	0.6998	10	0	1	0	2	0	0	0	0	N	N	N	Y	N	N	N	N	N	N	N	N	0.0000	0.0000	0.0000	0.0000	0.0000	0.0000	0.0000	0.0000	0.0000	0.0000	0.0000	0.0000	0.0000	0.0566	0.1386	0.0000	0.0272	0.0308	0.0000	0.0000	0.0000	0.0000	0.0000	0.0000	-0.0000	1.9989	0.0000	1.0099	3.0001	0.0000	0.0000	0.0000	0.0000	0.0000	0.0000	0.0000	0.0000	0.0000	0.0000	0.0000	0.0000	0.0000	0.0000	0.0000	0.0000	0.0000	0.0000	0.0000	0.0000	0.0000	0.0000	0.0000	0.0000	0.0000	0.0000	0.0000	0.0099	0.0061	0.0039	0.0055	0.0047	0.0008	0.0044	0.0013	0.0031	0.0000	0.0000	0.0000	0.0000	0.0000	0.0000	0.0000	0.0000	0.0000	0.0030	0.0049	0.0000	0.0054	0.0063	0.0000	0.0000	0.0000	0.0000						
22	131	0.6901	9	0	1	0	1	0	0	0	0	N	N	N	N	N	N	N	N	N	N	N	N	0.0000	0.0000	0.0000	0.0000	0.0000	0.0000	0.0000	0.0000	0.0000	0.0000	0.0000	0.0000	0.0000	0.0000	0.0000	0.0000	0.0000	0.0000	0.0000	0.0000	1.9989	0.0000	1.0099	0.0000	0.0000	0.0000	0.0000	0.0000	0.0000	0.0000	0.0000	0.0000	0.0000	0.0000	0.0000	0.0000	0.0000	0.0000	0.0000	0.0000	0.0000	0.0000	0.0000	0.0000	0.0000	0.0000	0.0000	0.0000	0.0000	0.0000	0.0000	0.0000	0.0000	0.0000	0.0000	0.0000	0.0000	0.0000	0.0000	0.0000	0.0000	0.0000	0.0000	0.0000	0.0000	0.0000	0.0000	0.0000	0.0000	0.0000	0.0000	0.0000	0.0000	0.0000	0.0000	0.0000	0.0000	0.0000											
22	132	0.6998	10	0	0	1	2	0	0	0	0	N	N	N	Y	N	N	N	N	N	N	N	N	0.0000	0.0000	0.0000	0.0000	0.0000	0.0000	0.0000	0.0000	0.0000	0.0000	0.0000	0.0000	0.0000	0.0000	0.0000	0.0000	0.0000	0.0000	0.0000	0.0000	1.9989	0.0000	1.0099	1.9999	0.0000	0.0000	0.0000	0.0000	0.0000	0.0000	0.0000	0.0000	0.0000	0.0000	0.0000	0.0000	0.0000	0.0000	0.0000	0.0000	0.0000	0.0000	0.0000	0.0000	0.0000	0.0000	0.0000	0.0000	0.0000	0.0000	0.0000	0.0067	0.0041	0.0026	0.0037	0.0032	0.0005	0.0030	0.0009	0.0021	0.0000	0.0000	0.0000	0.0000	0.0000	0.0000	0.0000	0.0000	0.0000	0.0000	0.0000	0.0000	0.0000	0.0000	0.0000	0.0000	0.0000	0.0000											
22	133	0.7108	11	0	0	1	2	0	0	0	0	N	N	N	Y	N	N	N	N	N	N	N	N	0.0000	0.0000	0.0000	0.0000	0.0000	0.0000	0.0000	0.0000	0.0000	0.0000	0.0000	0.0000	0.0000	0.0000	0.0000	0.0000	0.0000	0.0000	0.0000	0.0000	1.9989	1.0000	1.0099	0.0000	0.0000	0.0000	0.0000	0.0000	0.0000	0.0000	0.0000	0.0000	0.0000	0.0000	0.0000	0.0000	0.0000	0.0000	0.0000	0.0000	0.0000	0.0000	0.1000	0.0921	0.0078	0.0832	0.0778	0.0054	0.0167	0.0143	0.0024	0.0030	0.0018	0.0012	0.0015	0.0013	0.0002	0.0015	0.0005	0.0010	0.0000	0.0000	0.0000	0.0000	0.0000	0.0000	0.0000	0.0000	0.0000	0.0000	0.0000	0.0000	0.0000	0.0000	0.0000	0.0000	0.0000	0.0000											
22	134	0.7108	11	0	0	1	2	0	0	0	0	N	N	N	Y	N	N	N	N	N	N	N	N	0.0000	0.0000	0.0000	0.0000	0.0000	0.0000	0.0000	0.0000	0.0000	0.0000	0.0000	0.0000	0.0000	0.0000	0.0000	0.0000	0.0000	0.0000	0.0000	0.0000	1.9989	0.0000	1.0099	0.0000	0.0000	0.0000	0.0000	0.0000	0.0000	0.0000	0.0000	0.0000	0.0000	0.0000	0.0000	0.0000	0.0000	0.0000	0.0000	0.0000	0.0000	0.0000	0.0000	0.0000	0.0000	0.0000	0.0000	0.0000	0.0000	0.0000	0.0000	0.0000	0.0000	0.0000	0.0000	0.0000	0.0000	0.0000	0.0000	0.0000	0.0000	0.0000	0.0000	0.0000	0.0000	0.0000	0.0000	0.0000	0.0000	0.0000	0.0000	0.0000	0.0000	0.0000	0.0000	0.0000	0.0000	0.0000											
22	135	0.6998	10	0	0	1	2	0	0	0	0	N	N	N	Y	N	N	N	N	N	N	N	N	424.8880	117.7984	0.0000	0.0000	inf	inf	0.0069	0.0075	0.0000	0.0000	0.0000	0.0000	0.0382	0.0446	0.0000	0.0000	0.0001	0.0000	0.0001	0.0001	0.0000	0.0000	0.0000	0.0000	0.0000	0.0000	-0.0004	-0.0000	1.9989	2.0025	1.0099	0.9943	0.0014	0.0014	0.0000	0.0000	0.0000	0.0000	0.0014	0.0014	0.0000	0.0000	0.0000	0.0000	0.0000	0.0000	0.0000	0.0000	0.0000	0.0000	0.1975	0.1818	0.0157	0.1619	0.1513	0.0106	0.0356	0.0305	0.0051	0.0099	0.0061	0.0039	0.0055	0.0047	0.0008	0.0044	0.0013	0.0031	42630.1129	28312.8084	0.0000	0.0000	0.0000	0.0000	inf	inf	0.0000	0.0000	0.0000	0.0000	0.0000	0.0000	0.0000	0.0000	0.0000	0.0000			
22	136	0.6998	9	0	0	0	2	0	0	0	0	N	N	N	Y	N	N	N	N	N	N	N	N	0.0000	0.0000	0.0000	0.0000	0.0000	0.0000	0.0000	0.0000	0.0000	0.0000	0.0000	0.0000	0.0000	0.0000	0.0000	0.0000	0.0002	0.0003	0.0000	0.0004	0.0004	0.0000	0.0001	0.0000	0.0001	0.7778	0.0000	-0.0000	1.9989	0.0050	1.0099	0.0173	0.0000	0.0000	0.0000	0.0000	0.0000	0.0000	0.0000	0.0000	0.0000	0.0000	0.0000	0.0000	0.0000	0.0000	0.0000	0.0000	0.0000	0.0000	0.0024	0.0021	0.0002	0.0023	0.0020	0.0002	0.0001	0.0001	0.0000	0.0001	0.0000	0.0000	0.0000	0.0000	0.0000	0.0000	0.0000	0.0000	0.0000	0.0000	0.0000	0.0000	0.0000	0.0000	0.0000	0.0000	0.0000	0.0000	0.0000	0.0000	0.0000	0.0000	0.0000	0.0000	0.0000	0.0001			
22	137	0.6901	8	0	0	0	2	0	0	0	0	N	N	N	Y	N	N	N	N	N	N	N	N	0.0000	0.0000	0.0000	0.0000	0.0000	0.0000	0.0000	0.0000	0.0000	0.0000	0.0000	0.0000	0.0000	0.0000	0.0000	0.0000	0.0000	0.0000	0.0000	0.0000	0.0000	0.0000	inf	0.0000	0.0000	1.9989	1.9972	1.0099	1.0076	0.0000	0.0000	0.0000	0.0000	0.0000	0.0000	0.0000	0.0000	0.0000	0.0000	0.0000	0.0000	0.0000	0.0000	0.0000	0.0000	0.0000	0.0000	0.1549	0.1414	0.0136	0.1218	0.1130	0.0087	0.0331	0.0283	0.0048	0.0086	0.0055	0.0031	0.0055	0.0047	0.0008	0.0031	0.0007	0.0024	0.0000	0.0000	0.0000	0.0000	0.0000	0.0000	0.0000	0.0000	0.0000	0.0000	0.0000	0.0000	0.0000	0.0000	0.0000	0.0000	0.0000	0.0000						
22	138	0.6728	7	1	1	0	1	0	0	0	0	N	N	N	N	N	N	N	N	N	N	N	N	0.0000	0.0000	0.0000	0.0000	0.0000	0.0000	0.0000	0.0000	0.0000	0.0000	0.0000	0.0000	0.0000	0.0000	0.0000	0.0000	0.0000	0.0000	0.0000	0.0000	1.9989	0.0002	1.0099	2.3255	0.0000	0.0000	0.0000	0.0000	0.0000	0.0000	0.0000	0.0000	0.0000	0.0000	0.0000	0.0000	0.0000	0.0000	0.0000	0.0000	0.0000	0.0000	0.0000	0.0000	0.0000	0.0000	0.0000	0.0000	0.0000	0.0000	0.0000	0.0104	0.0063	0.0041	0.0050	0.0043	0.0006	0.0054	0.0020	0.0034	0.0000	0.0000	0.0000	0.0000	0.0000	0.0000	0.0000	0.0000	0.0000	0.0000	0.0000	0.0000	0.0000	0.0000	0.0000	0.0000	0.0000	0.0000											
22	139	0.6550	6	1	1	0	1	0	0	0	0	N	N	N	N	N	N	N	N	N	N	N	N	0.6476	5.9610	28.8373	80.9732	107.8039	65.8150	2.2167	0.0057	87.7383	0.0224	0.0101	0.1721	0.0112	0.0119	0.0008	0.0766	0.0003	0.4933	0.0346	0.0017	0.0060	0.0001	0.0001	0.0000	0.0346	0.0457	0.0056	1.4082	6.9946	0.0019	0.0000	1.9989	2.0138	1.0099	2.7349	0.0059	0.0025	0.0035	0.0025	0.0024	0.0000	0.0035	0.0000	0.0035	0.0001	0.0000	0.0001	0.0000	0.0000	0.0000	0.0001	0.0000	0.0001	0.2642	0.2440	0.0201	0.2189	0.2058	0.0131	0.0452	0.0382	0.0070	0.0294	0.0169	0.0125	0.0136	0.0124	0.0012	0.0158	0.0045	0.0113	9.0732	18.7193	33.8886	4611.7518	7695.3826	65.8150	16.6359	0.1293	87.7383	0.0025	0.0005	0.0051	0.0000	0.0000	0.0000	0.0046	0.0020	0.0056
22	140	0.6715	7	0	1	0	1	0	0	0	0	N	N	N	N	N	N	N	N	N	N	N	N	36.1102	19.2226	inf	5.4720	5.9684	inf	inf	inf	0.0051	0.0053	0.0012	0.0020	0.0021	0.0000	0.0232	0.0261	0.0038	0.0001	0.0003	0.0000	0.0004	0.0003	0.0000	0.0000	0.0000	0.0000	0.0146	0.0031	-0.0005	-0.0000	1.9989	1.9232	1.0099	1.1116	0.0021	0.0020	0.0000	0.0007	0.0007	0.0000	0.0014	0.0014	0.0000	0.0000	0.0000	0.0000	0.0000	0.0000	0.0000	0.0000	0.0000	0.0000	0.4095	0.3856	0.0239	0.3495	0.3335	0.0160	0.0600	0.0521	0.0079	0.0093	0.0059	0.0035	0.0057	0.0049	0.0008	0.0036	0.0009	0.0027	212.2170	140.0224	inf	50.7357	45.8898	0.0000	inf	inf	inf	0.0000	0.0000	0.0000	0.0000	0.0000	0.0000	0.0000	0.0000	0.0000	
22	145	0.6901	9	1	1	0	1	0	0	0	0	N	N	N	N	N	N	N	N	N	N	N	N	0.0000	0.0000	0.0000	0.0000	0.0000	0.0000	0.0000	0.0000	0.0000	0.0000	0.0000	0.0000	0.0000	0.0000	0.0000	0.0000	0.0000	0.0000	0.0000	0.0000	1.9989	1.0000	1.0099	1.0000	0.0000	0.0000	0.0000	0.0000	0.0000	0.0000	0.0000	0.0000	0.0000	0.0000	0.0000	0.0000	0.0000	0.0000	0.0000	0.0000	0.0000	0.0000	0.0795	0.0725	0.0070	0.0627	0.0582	0.0045	0.0167	0.0143	0.0024	0.0058	0.0037	0.0021	0.0037	0.0032	0.0005	0.0021	0.0005	0.0016	0.0000	0.0000	0.0000	0.0000	0.0000	0.0000	0.0000	0.0000	0.0000	0.0000	0.0000	0.0000	0.0000	0.0000	0.0000	0.0000	0.0000	0.0000											
22	146	0.6901	8	0	1	0	1	0	0	0	0	N	N	N	N	N	N	N	N	N	N	N	N	0.0000	0.0000	0.0000	0.0000	0.0000	0.0000	0.0000	0.0000	0.0000	0.0000	0.0000	0.0000	0.0000	0.0000	0.0000	0.0000	0.0000	0.0000	0.0000	0.0000	1.9989	0.0003	1.0099	0.0000	0.0000	0.0000	0.0000	0.0000	0.0000	0.0000	0.0000	0.0000	0.0000	0.0000	0.0000	0.0000	0.0000	0.0000	0.0000	0.0000	0.0000	0.0000	0.0002	0.0002	0.0000	0.0002	0.0002	0.0000	0.0000	0.0000	0.0000	0.0000	0.0000	0.0000	0.0000	0.0000	0.0000	0.0000	0.0000	0.0000	0.0000	0.0000	0.0000	0.0000	0.0000	0.0000	0.0000	0.0000	0.0000	0.0000	0.0000	0.0000	0.0000	0.0000	0.0000	0.0000	0.0000	0.0000											
22	147	0.6715	7	0	0	0	1	0	0	0	0	N	N	N	N	N	N	N	N	N	N	N	N	14690.9691	8245.8162	2828.9058	7336.0847	8130.7640	395.7187	0.0000	8290.1321	1.6940	1.8271	0.0007	2.0770	2.2052	0.0000	0.0003	0.0000	0.0020	0.0001	0.0002	0.0000	0.0003	0.0003	0.0000	0.0000	0.0004	0.0000	0.0000	0.0070	-0.2600	-0.0000	1.9989	4.9449	1.0099	1.0063	0.9993	0.9993	0.0000	0.9993	0.9993	0.0000	0.0000	0.0000	0.0000	0.0000	0.0000	0.0000	0.0000	0.0000	0.0000	0.0000	0.0000	0.0000	0.5899	0.5469	0.0430	0.4811	0.4532	0.0280	0.1088	0.0938	0.0151	0.0176	0.0111	0.0065	0.0108	0.0093	0.0015	0.0068	0.0018	0.0050	129045.8990	88184.8589	2828.9058	99262.1266	90878.8034	0.0000	395.7187	0.0000	8290.1321	0.0000	0.0000	0.0000	0.0000	0.0000	0.0000	0.0000	0.0000	0.0000	
22	148	0.6550	6	0	0	0	1	0	0	0	0	N	N	N	N	N	N	N	N	N	N	N	N	21.2825	3.6634	5845.6834	4.1045	5.0601	inf	1280.3858	0.2724	13359.4260	0.0138	0.0045	0.1175	0.0052	0.0055	0.0006	0.0459	0.0002	0.2967	0.0006	0.0012	0.0000	0.0013	0.0011	0.0000	0.0000	0.0006	0.0000	2.3561	0.0339	0.0022	-0.0000	1.9989	3.4778	1.0099	1.2917	0.0049	0.0015	0.0035	0.0015	0.0015	0.0000	0.0035	0.0000	0.0035	0.0000	0.0000	0.0000	0.0000	0.0000	0.0000	0.0000	0.0000	0.0000	0.3570	0.3276	0.0295	0.2816	0.2637	0.0178	0.0755	0.0638	0.0116	0.0295	0.0169	0.0126	0.0137	0.0124	0.0012	0.0158	0.0045	0.0113	52.8663	10.1922	5845.6834	9.5946	9.2659	inf	2613.7492	30.1761	13359.4260	0.0003	0.0004	0.0000	0.0005	0.0006	0.0000	0.0000	0.0000	0.0000
22	149	0.6046	5	0	0	0	1	0	0	0	0	N	N	N	N	N	N	N	N	N	N	N	N	1448.7321	5718.3890	16073.1248	inf	inf	4010.6387	0.0424	29826.1082	2.7920	1.5452	14.9320	2.0672	2.2246	0.0000	4.3168	0.0001	30.7855	0.0019	0.0003	0.0009	0.0000	0.0000	0.0000	0.0011	0.0024	0.0010	0.9925	28.0766	0.4738	0.0000	1.9989	7.8050	1.0099	4.0035	1.9914	0.9995	0.9919	0.9994	0.9994	0.0000	0.9919	0.0000	0.9919	0.0000	0.0000	0.0000	0.0000	0.0000	0.0000	0.0000	0.0000	0.0000	0.7133	0.6468	0.0664	0.4835	0.4493	0.0342	0.2298	0.1976	0.0322	0.0567	0.0283	0.0284	0.0188	0.0160	0.0028	0.0379	0.0123	0.0256	5790.6208	46484.3405	16073.1248	inf	inf	0.0000	5986.0642	1.3234	29826.1082	0.0005	0.0000	0.0009	0.0000	0.0000	0.0000	0.0007	0.0001	0.0010	
22	150	0.5100	5	0	0	0	1	0	0	0	0	N	N	N	N	N	N	N	N	N	N	N	N	0.2440	0.2924	0.0000	0.4592	0.5281	0.0000	0.0000	0.0000	0.0000	0.0003	0.0003	0.0000	0.0004	0.0004	0.0000	0.0000	0.0000	0.0000	0.0011	0.0010	0.0004	0.0008	0.0008	0.0000	0.0005	0.0085	0.0004	0.0000	0.7464	-0.0000	-0.0000	1.9989	3.7255	1.0099	14.1767	0.0001	0.0001	0.0000	0.0001	0.0001	0.0000	0.0000	0.0000	0.0000	0.0000	0.0000	0.0000	0.0000	0.0000	0.0000	0.0000	0.0000	0.0000	0.4120	0.3733	0.0387	0.2947	0.2727	0.0219	0.1174	0.1006	0.0168	0.1005	0.0547	0.0458	0.0373	0.0328	0.0046	0.0631	0.0219	0.0412	0.7331	0.7686	0.0000	1.2853	1.2258	0.0000	0.0000	0.0000	0.0000	0.0004	0.0004	0.0004	0.0003	0.0003	0.0000	0.0004	0.0005	0.0004
22	151	0.4936	4	0	0	0	1	0	0	0	0	N	N	N	N	N	N	N	N	N	N	N	N	0.1390	0.2162	3.4844	0.2717	0.3653	0.0000	0.7633	0.0588	7.0970	0.0009	0.0006	0.0043	0.0004	0.0004	0.0000	0.0023	0.0010	0.0093	0.0065	0.0026	0.0012	0.0013	0.0010	0.0003	0.0030	0.0177	0.0013	0.7950	1.2130	0.0000	0.0000	1.9989	1.4205	1.0099	4.0377	0.0002	0.0001	0.0001	0.0000	0.0000	0.0000	0.0001	0.0000	0.0001	0.0001	0.0000	0.0000	0.0000	0.0000	0.0000	0.0000	0.0000	0.0000	0.1729	0.1567	0.0161	0.1234	0.1147	0.0087	0.0495	0.0420	0.0075	0.0575	0.0340	0.0236	0.0238	0.0220	0.0018	0.0338	0.0120	0.0218	0.9837	0.7900	3.4844	0.6369	0.6579	0.0000	1.9380	1.1087	7.0970	0.0009	0.0007	0.0012	0.0006	0.0006	0.0003	0.0012	0.0009	0.0013
23	24	0.6298	8	0	2	0	1	0	0	0	0	N	Y	N	N	N	N	N	N	N	N	N	N	0.0000	0.0000	0.0000	0.0000	0.0000	0.0000	0.0000	0.0000	0.0000	0.0000	0.0000	0.0000	0.0000	0.0000	0.0000	0.0000	0.0000	0.0000	0.0000	0.0000	0.0000	0.0000	1.0024	0.0000	0.0000	0.0000	0.0000	0.0000	0.0000	0.0000	0.0000	0.0000	0.0000	0.0000	0.0000	0.0000	0.0000	0.0000	0.0000	0.0000	0.0000	0.0000	0.0000	0.0000	0.0000	0.0000	0.0000	0.0000	0.0000	0.0000	0.0000	0.0000	0.0000	0.0000	0.0000	0.0000	0.0000	0.0000	0.0000	0.0000	0.0000	0.0000	0.0000	0.0000	0.0000	0.0000	0.0000	0.0000	0.0000	0.0000	0.0000	0.0000	0.0000	0.0000	0.0000	0.0000	0.0000	0.0000											
23	25	0.1251	7	0	2	0	1	0	0	0	0	N	Y	N	N	N	N	N	N	N	N	N	N	0.0000	0.0000	0.0000	0.0000	0.0000	0.0000	0.0000	0.0000	0.0000	0.0000	0.0000	0.0000	0.0000	0.0000	0.0000	0.0000	0.0000	0.0000	0.0000	0.0000	0.0000	0.9998	1.0024	0.0242	0.0000	0.0000	0.0000	0.0000	0.0000	0.0000	0.0000	0.0000	0.0000	0.0000	0.0000	0.0000	0.0000	0.0000	0.0000	0.0000	0.0000	0.0000	0.0000	0.0000	0.0000	0.0000	0.0000	0.0000	0.0000	0.0000	0.0000	0.0088	0.0062	0.0027	0.0036	0.0036	0.0000	0.0052	0.0025	0.0027	0.0000	0.0000	0.0000	0.0000	0.0000	0.0000	0.0000	0.0000	0.0000	0.0000	0.0000	0.0000	0.0000	0.0000	0.0000	0.0000	0.0000	0.0000											
23	26	0.1628	10	0	2	0	2	0	0	0	0	N	Y	N	Y	N	N	N	N	N	N	N	N	0.0000	0.0000	0.0000	0.0000	0.0000	0.0000	0.0000	0.0000	0.0000	0.0000	0.0000	0.0000	0.0000	0.0000	0.0000	0.0000	0.0000	0.0000	0.0000	0.0000	0.0000	0.0000	1.0024	0.0000	0.0000	0.0000	0.0000	0.0000	0.0000	0.0000	0.0000	0.0000	0.0000	0.0000	0.0000	0.0000	0.0000	0.0000	0.0000	0.0000	0.0000	0.0000	0.0000	0.0000	0.0000	0.0000	0.0000	0.0000	0.0000	0.0000	0.0000	0.0000	0.0000	0.0000	0.0000	0.0000	0.0000	0.0000	0.0000	0.0000	0.0000	0.0000	0.0000	0.0000	0.0000	0.0000	0.0000	0.0000	0.0000	0.0000	0.0000	0.0000	0.0000	0.0000	0.0000	0.0000	0.0000	0.0000											
23	27	0.6535	8	1	2	0	1	0	0	0	0	N	Y	N	N	N	N	N	N	N	N	N	N	0.0000	0.0000	0.0000	0.0000	0.0000	0.0000	0.0000	0.0000	0.0000	0.0000	0.0000	0.0000	0.0000	0.0000	0.0000	0.0000	0.0010	0.0018	0.0000	0.0012	0.0011	0.0000	0.0000	0.0000	0.0000	0.0002	0.0000	-0.0000	0.0000	0.0418	1.0024	6.1659	0.0000	0.0000	0.0000	0.0000	0.0000	0.0000	0.0000	0.0000	0.0000	0.0000	0.0000	0.0000	0.0000	0.0000	0.0000	0.0000	0.0000	0.0000	0.0000	0.0000	0.0000	0.0000	0.0000	0.0000	0.0000	0.0000	0.0000	0.0537	0.0347	0.0190	0.0407	0.0320	0.0086	0.0130	0.0027	0.0103	0.0000	0.0000	0.0000	0.0000	0.0000	0.0000	0.0000	0.0000	0.0000	0.0004	0.0006	0.0000	0.0005	0.0006	0.0000	0.0000	0.0000	0.0000			
23	28	0.6605	11	0	1	0	2	0	0	0	0	N	N	N	Y	N	N	N	N	N	N	N	N	0.0000	0.0000	0.0000	0.0000	0.0000	0.0000	0.0000	0.0000	0.0000	0.0000	0.0000	0.0000	0.0000	0.0000	0.0000	0.0000	0.0000	0.0000	0.0000	0.0000	0.0000	0.0000	inf	0.0000	0.0000	0.0000	1.5398	1.0024	1.0296	0.0000	0.0000	0.0000	0.0000	0.0000	0.0000	0.0000	0.0000	0.0000	0.0000	0.0000	0.0000	0.0000	0.0000	0.0000	0.0000	0.0000	0.0000	0.0000	0.0000	0.0000	0.0000	0.0000	0.0000	0.0000	0.0000	0.0000	0.0222	0.0143	0.0079	0.0168	0.0132	0.0036	0.0053	0.0011	0.0042	0.0000	0.0000	0.0000	0.0000	0.0000	0.0000	0.0000	0.0000	0.0000	0.0000	0.0000	0.0000	0.0000	0.0000	0.0000	0.0000	0.0000	0.0000						
23	29	0.6553	10	0	1	0	2	0	0	0	0	N	N	N	Y	N	N	N	N	N	N	N	N	0.0000	0.0000	0.0000	0.0000	0.0000	0.0000	0.0000	0.0000	0.0000	0.0000	0.0000	0.0000	0.0000	0.0000	0.0000	0.0001	0.0000	0.0001	0.0001	0.0000	0.0000	0.0000	0.0000	0.2499	0.0000	-0.0000	0.0000	0.8816	1.0024	0.0702	0.0000	0.0000	0.0000	0.0000	0.0000	0.0000	0.0000	0.0000	0.0000	0.0000	0.0000	0.0000	0.0000	0.0000	0.0000	0.0000	0.0000	0.0000	0.0000	0.0000	0.0000	0.0000	0.0000	0.0000	0.0000	0.0000	0.0000	0.0085	0.0055	0.0030	0.0064	0.0050	0.0014	0.0021	0.0005	0.0016	0.0000	0.0000	0.0000	0.0000	0.0000	0.0000	0.0000	0.0000	0.0000	0.0000	0.0000	0.0000	0.0000	0.0000	0.0000	0.0000	0.0000	0.0000					
23	30	0.0246	2	0	1	0	2	0	0	0	0	N	N	N	Y	N	N	N	N	N	N	N	N	0.0000	0.0000	0.0000	0.0000	0.0000	0.0000	0.0000	0.0000	0.0000	0.0000	0.0000	0.0000	0.0000	0.0000	0.0000	0.0000	0.0000	0.0000	0.0000	0.0000	0.0000	0.0000	1.0024	0.0000	0.0000	0.0000	0.0000	0.0000	0.0000	0.0000	0.0000	0.0000	0.0000	0.0000	0.0000	0.0000	0.0000	0.0000	0.0000	0.0000	0.0000	0.0000	0.0000	0.0000	0.0000	0.0000	0.0000	0.0000	0.0000	0.0000	0.0000	0.0000	0.0000	0.0000	0.0000	0.0000	0.0000	0.0000	0.0000	0.0000	0.0000	0.0000	0.0000	0.0000	0.0000	0.0000	0.0000	0.0000	0.0000	0.0000	0.0000	0.0000	0.0000	0.0000	0.0000	0.0000	0.0000	0.0000											
23	31	0.1155	6	1	1	1	1	0	0	0	0	N	N	N	N	N	N	N	N	N	N	N	N	0.0000	0.0000	0.0000	0.0000	0.0000	0.0000	0.0000	0.0000	0.0000	0.0000	0.0000	0.0000	0.0000	0.0000	0.0000	0.0000	0.0000	0.0000	0.0000	0.0000	0.0000	0.0000	1.0024	0.0000	0.0000	0.0000	0.0000	0.0000	0.0000	0.0000	0.0000	0.0000	0.0000	0.0000	0.0000	0.0000	0.0000	0.0000	0.0000	0.0000	0.0000	0.0000	0.0000	0.0000	0.0000	0.0000	0.0000	0.0000	0.0000	0.0000	0.0000	0.0000	0.0000	0.0000	0.0000	0.0000	0.0000	0.0000	0.0000	0.0000	0.0000	0.0000	0.0000	0.0000	0.0000	0.0000	0.0000	0.0000	0.0000	0.0000	0.0000	0.0000	0.0000	0.0000	0.0000	0.0000	0.0000	0.0000											
23	32	0.0513	4	0	2	0	1	0	0	0	0	N	Y	N	N	N	N	N	N	N	N	N	N	0.0000	0.0000	0.0000	0.0000	0.0000	0.0000	0.0000	0.0000	0.0000	0.0000	0.0000	0.0000	0.0000	0.0000	0.0000	0.0000	0.0000	0.0000	0.0000	0.0000	0.0000	0.0006	1.0024	3.0000	0.0000	0.0000	0.0000	0.0000	0.0000	0.0000	0.0000	0.0000	0.0000	0.0000	0.0000	0.0000	0.0000	0.0000	0.0000	0.0000	0.0000	0.0000	0.0000	0.0000	0.0000	0.0000	0.0000	0.0000	0.0000	0.0000	0.0000	0.0325	0.0225	0.0100	0.0142	0.0132	0.0010	0.0183	0.0092	0.0091	0.0000	0.0000	0.0000	0.0000	0.0000	0.0000	0.0000	0.0000	0.0000	0.0000	0.0000	0.0000	0.0000	0.0000	0.0000	0.0000	0.0000	0.0000											
23	33	0.0513	4	0	2	0	1	0	0	0	0	N	Y	N	N	N	N	N	N	N	N	N	N	0.0000	0.0000	0.0000	0.0000	0.0000	0.0000	0.0000	0.0000	0.0000	0.0000	0.0000	0.0000	0.0000	0.0000	0.0000	0.0000	0.0000	0.0000	0.0000	0.0000	0.0000	2.0006	1.0024	8.0000	0.0000	0.0000	0.0000	0.0000	0.0000	0.0000	0.0000	0.0000	0.0000	0.0000	0.0000	0.0000	0.0000	0.0000	0.0000	0.0000	0.0000	0.0000	0.0000	0.0000	0.0000	0.0000	0.0000	0.0000	0.0000	0.0000	0.0000	0.0989	0.0683	0.0306	0.0425	0.0399	0.0026	0.0564	0.0284	0.0280	0.0000	0.0000	0.0000	0.0000	0.0000	0.0000	0.0000	0.0000	0.0000	0.0000	0.0000	0.0000	0.0000	0.0000	0.0000	0.0000	0.0000	0.0000											
23	34	0.0925	5	1	2	0	1	0	0	0	0	N	Y	N	N	N	N	N	N	N	N	N	N	0.0000	0.0000	0.0000	0.0000	0.0000	0.0000	0.0000	0.0000	0.0000	0.0000	0.0000	0.0000	0.0000	0.0000	0.0000	0.0000	0.0000	0.0000	0.0000	0.0000	0.0000	10.0001	1.0024	4.0001	0.0000	0.0000	0.0000	0.0000	0.0000	0.0000	0.0000	0.0000	0.0000	0.0000	0.0000	0.0000	0.0000	0.0000	0.0000	0.0000	0.0000	0.0000	0.0000	0.0000	0.0000	0.0000	0.0000	0.0000	0.0000	0.0000	0.0000	0.1094	0.0760	0.0335	0.0446	0.0443	0.0002	0.0649	0.0317	0.0332	0.0000	0.0000	0.0000	0.0000	0.0000	0.0000	0.0000	0.0000	0.0000	0.0000	0.0000	0.0000	0.0000	0.0000	0.0000	0.0000	0.0000	0.0000											
23	35	0.0513	4	0	2	0	1	0	0	0	0	N	Y	N	N	N	N	N	N	N	N	N	N	0.0000	0.0000	0.0000	0.0000	0.0000	0.0000	0.0000	0.0000	0.0000	0.0000	0.0000	0.0000	0.0000	0.0000	0.0000	0.0000	0.0000	0.0000	0.0000	0.0000	0.0000	3.0004	1.0024	2.0000	0.0000	0.0000	0.0000	0.0000	0.0000	0.0000	0.0000	0.0000	0.0000	0.0000	0.0000	0.0000	0.0000	0.0000	0.0000	0.0000	0.0000	0.0000	0.0000	0.0000	0.0000	0.0000	0.0000	0.0000	0.0000	0.0000	0.0000	0.0527	0.0364	0.0163	0.0229	0.0214	0.0015	0.0298	0.0150	0.0148	0.0000	0.0000	0.0000	0.0000	0.0000	0.0000	0.0000	0.0000	0.0000	0.0000	0.0000	0.0000	0.0000	0.0000	0.0000	0.0000	0.0000	0.0000											
23	36	0.6074	7	0	2	0	1	0	0	0	0	N	Y	N	N	N	N	N	N	N	N	N	N	0.0000	0.0000	0.0000	0.0000	0.0000	0.0000	0.0000	0.0000	0.0000	0.0000	0.0000	0.0000	0.0000	0.0198	0.0483	0.0000	0.0245	0.0274	0.0000	0.0000	0.0000	0.0000	0.0000	0.0000	-0.0000	0.0000	3.0000	1.0024	3.0000	0.0000	0.0000	0.0000	0.0000	0.0000	0.0000	0.0000	0.0000	0.0000	0.0000	0.0000	0.0000	0.0000	0.0000	0.0000	0.0000	0.0000	0.0000	0.0000	0.0000	0.0000	0.0000	0.0000	0.0000	0.0000	0.0000	0.0000	0.0053	0.0027	0.0026	0.0020	0.0017	0.0003	0.0033	0.0010	0.0023	0.0000	0.0000	0.0000	0.0000	0.0000	0.0000	0.0000	0.0000	0.0000	0.0019	0.0037	0.0000	0.0051	0.0059	0.0000	0.0000	0.0000	0.0000						
23	37	0.0211	3	1	2	0	1	0	0	0	0	N	Y	N	N	N	N	N	N	N	N	N	N	0.0000	0.0000	0.0000	0.0000	0.0000	0.0000	0.0000	0.0000	0.0000	0.0000	0.0000	0.0000	0.0000	0.0000	0.0000	0.0000	0.0000	0.0000	0.0000	0.0000	0.0000	4.2779	1.0024	3.9542	0.0000	0.0000	0.0000	0.0000	0.0000	0.0000	0.0000	0.0000	0.0000	0.0000	0.0000	0.0000	0.0000	0.0000	0.0000	0.0000	0.0000	0.0000	0.0000	0.0000	0.0000	0.0000	0.0000	0.0000	0.0000	0.0000	0.0000	0.0839	0.0577	0.0263	0.0358	0.0336	0.0022	0.0481	0.0240	0.0241	0.0000	0.0000	0.0000	0.0000	0.0000	0.0000	0.0000	0.0000	0.0000	0.0000	0.0000	0.0000	0.0000	0.0000	0.0000	0.0000	0.0000	0.0000											
23	38	0.6741	11	1	2	0	1	0	0	0	0	N	Y	N	N	N	N	N	N	N	N	N	N	0.0000	0.0000	0.0000	0.0000	0.0000	0.0000	0.0000	0.0000	0.0000	0.0000	0.0000	0.0000	0.0000	0.0000	0.0000	0.0000	0.0000	0.0000	0.0000	0.0000	0.0000	0.0000	inf	0.0000	0.0000	0.0000	2.8243	1.0024	1.0201	0.0000	0.0000	0.0000	0.0000	0.0000	0.0000	0.0000	0.0000	0.0000	0.0000	0.0000	0.0000	0.0000	0.0000	0.0000	0.0000	0.0000	0.0000	0.0000	0.0000	0.0000	0.0000	0.0000	0.0000	0.0000	0.0000	0.0000	0.0333	0.0213	0.0121	0.0247	0.0194	0.0053	0.0086	0.0019	0.0067	0.0000	0.0000	0.0000	0.0000	0.0000	0.0000	0.0000	0.0000	0.0000	0.0000	0.0000	0.0000	0.0000	0.0000	0.0000	0.0000	0.0000	0.0000						
23	39	0.0925	5	0	2	0	1	0	0	0	0	N	Y	N	N	N	N	N	N	N	N	N	N	0.0000	0.0000	0.0000	0.0000	0.0000	0.0000	0.0000	0.0000	0.0000	0.0000	0.0000	0.0000	0.0000	0.0000	0.0000	0.0000	0.0000	0.0000	0.0000	0.0000	0.0000	5.0001	1.0024	5.0000	0.0000	0.0000	0.0000	0.0000	0.0000	0.0000	0.0000	0.0000	0.0000	0.0000	0.0000	0.0000	0.0000	0.0000	0.0000	0.0000	0.0000	0.0000	0.0000	0.0000	0.0000	0.0000	0.0000	0.0000	0.0000	0.0000	0.0000	0.0803	0.0557	0.0246	0.0326	0.0325	0.0002	0.0477	0.0233	0.0244	0.0000	0.0000	0.0000	0.0000	0.0000	0.0000	0.0000	0.0000	0.0000	0.0000	0.0000	0.0000	0.0000	0.0000	0.0000	0.0000	0.0000	0.0000											
23	40	0.6298	8	0	2	0	1	0	0	0	0	N	Y	N	N	N	N	N	N	N	N	N	N	0.0000	0.0000	0.0000	0.0000	0.0000	0.0000	0.0000	0.0000	0.0000	0.0000	0.0000	0.0000	0.0000	0.0000	0.0000	0.0000	0.0000	0.0000	0.0000	0.0000	0.0000	0.0000	1.0024	2.0000	0.0000	0.0000	0.0000	0.0000	0.0000	0.0000	0.0000	0.0000	0.0000	0.0000	0.0000	0.0000	0.0000	0.0000	0.0000	0.0000	0.0000	0.0000	0.0000	0.0000	0.0000	0.0000	0.0000	0.0000	0.0000	0.0000	0.0000	0.0176	0.0112	0.0064	0.0132	0.0104	0.0029	0.0044	0.0009	0.0035	0.0000	0.0000	0.0000	0.0000	0.0000	0.0000	0.0000	0.0000	0.0000	0.0000	0.0000	0.0000	0.0000	0.0000	0.0000	0.0000	0.0000	0.0000											
23	41	0.0925	5	0	2	0	1	0	0	0	0	N	Y	N	N	N	N	N	N	N	N	N	N	0.0000	0.0000	0.0000	0.0000	0.0000	0.0000	0.0000	0.0000	0.0000	0.0000	0.0000	0.0000	0.0000	0.0000	0.0000	0.0000	0.0000	0.0000	0.0000	0.0000	0.0000	5.9998	1.0024	3.0000	0.0000	0.0000	0.0000	0.0000	0.0000	0.0000	0.0000	0.0000	0.0000	0.0000	0.0000	0.0000	0.0000	0.0000	0.0000	0.0000	0.0000	0.0000	0.0000	0.0000	0.0000	0.0000	0.0000	0.0000	0.0000	0.0000	0.0000	0.0728	0.0505	0.0223	0.0295	0.0294	0.0001	0.0433	0.0211	0.0222	0.0000	0.0000	0.0000	0.0000	0.0000	0.0000	0.0000	0.0000	0.0000	0.0000	0.0000	0.0000	0.0000	0.0000	0.0000	0.0000	0.0000	0.0000											
23	42	0.6959	12	0	2	1	2	0	0	0	0	N	Y	N	Y	N	N	N	N	N	N	N	N	0.0000	0.0000	0.0000	0.0000	0.0000	0.0000	0.0000	0.0000	0.0000	0.0000	0.0000	0.0000	0.0000	0.0000	0.0000	0.0000	0.0000	0.0000	0.0000	0.0000	0.0000	0.0011	1.0024	1.0134	0.0000	0.0000	0.0000	0.0000	0.0000	0.0000	0.0000	0.0000	0.0000	0.0000	0.0000	0.0000	0.0000	0.0000	0.0000	0.0000	0.0000	0.0000	0.0000	0.0000	0.0000	0.0000	0.0000	0.0000	0.0000	0.0000	0.0000	0.0092	0.0059	0.0033	0.0067	0.0053	0.0014	0.0024	0.0006	0.0019	0.0000	0.0000	0.0000	0.0000	0.0000	0.0000	0.0000	0.0000	0.0000	0.0000	0.0000	0.0000	0.0000	0.0000	0.0000	0.0000	0.0000	0.0000											
23	43	0.6741	11	0	1	0	2	0	0	0	0	N	N	N	Y	N	N	N	N	N	N	N	N	0.0000	0.0000	0.0000	0.0000	0.0000	0.0000	0.0000	0.0000	0.0000	0.0000	0.0000	0.0000	0.0000	0.0000	0.0000	0.0000	0.0000	0.0000	0.0000	0.0000	inf	0.0000	0.0000	0.0000	2.8187	1.0024	0.0347	0.0000	0.0000	0.0000	0.0000	0.0000	0.0000	0.0000	0.0000	0.0000	0.0000	0.0000	0.0000	0.0000	0.0000	0.0000	0.0000	0.0000	0.0000	0.0000	0.0000	0.0000	0.0000	0.0000	0.0000	0.0000	0.0000	0.0000	0.0250	0.0160	0.0091	0.0185	0.0145	0.0040	0.0065	0.0014	0.0051	0.0000	0.0000	0.0000	0.0000	0.0000	0.0000	0.0000	0.0000	0.0000	0.0000	0.0000	0.0000	0.0000	0.0000	0.0000	0.0000	0.0000	0.0000								
23	44	0.6614	10	0	1	0	1	0	0	0	0	N	N	N	N	N	N	N	N	N	N	N	N	0.0000	0.0000	0.0000	0.0000	0.0000	0.0000	0.0000	0.0000	0.0000	0.0000	0.0000	0.0000	0.0000	0.0000	0.0001	0.0000	0.0001	0.0001	0.0000	0.0000	0.0000	0.0000	0.0000	0.0000	-0.0000	0.0000	0.9605	1.0024	1.0076	0.0000	0.0000	0.0000	0.0000	0.0000	0.0000	0.0000	0.0000	0.0000	0.0000	0.0000	0.0000	0.0000	0.0000	0.0000	0.0000	0.0000	0.0000	0.0000	0.0000	0.0000	0.0000	0.0000	0.0000	0.0000	0.0000	0.0000	0.0171	0.0110	0.0061	0.0130	0.0102	0.0028	0.0041	0.0008	0.0033	0.0000	0.0000	0.0000	0.0000	0.0000	0.0000	0.0000	0.0000	0.0000	0.0000	0.0000	0.0000	0.0000	0.0000	0.0000	0.0000	0.0000	0.0000						
23	45	0.0285	3	0	2	1	2	0	0	0	0	N	Y	N	Y	N	N	N	N	N	N	N	N	0.0000	0.0000	0.0000	0.0000	0.0000	0.0000	0.0000	0.0000	0.0000	0.0000	0.0000	0.0000	0.0000	0.0000	0.0000	0.0000	0.0000	0.0000	0.0000	0.0000	0.0000	1.0000	1.0024	1.0000	0.0000	0.0000	0.0000	0.0000	0.0000	0.0000	0.0000	0.0000	0.0000	0.0000	0.0000	0.0000	0.0000	0.0000	0.0000	0.0000	0.0000	0.0000	0.0000	0.0000	0.0000	0.0000	0.0000	0.0000	0.0000	0.0000	0.0000	0.0208	0.0145	0.0063	0.0089	0.0082	0.0007	0.0119	0.0063	0.0056	0.0000	0.0000	0.0000	0.0000	0.0000	0.0000	0.0000	0.0000	0.0000	0.0000	0.0000	0.0000	0.0000	0.0000	0.0000	0.0000	0.0000	0.0000											
23	46	0.6074	7	0	2	0	1	0	0	0	0	N	Y	N	N	N	N	N	N	N	N	N	N	0.0000	0.0000	0.0000	0.0000	0.0000	0.0000	0.0000	0.0000	0.0000	0.0000	0.0000	0.0000	0.0000	0.0000	0.0000	0.0000	0.0000	0.0000	0.0000	0.0000	0.0000	0.0000	1.0024	0.0000	0.0000	0.0000	0.0000	0.0000	0.0000	0.0000	0.0000	0.0000	0.0000	0.0000	0.0000	0.0000	0.0000	0.0000	0.0000	0.0000	0.0000	0.0000	0.0000	0.0000	0.0000	0.0000	0.0000	0.0000	0.0000	0.0000	0.0000	0.0000	0.0000	0.0000	0.0000	0.0000	0.0000	0.0000	0.0000	0.0000	0.0000	0.0000	0.0000	0.0000	0.0000	0.0000	0.0000	0.0000	0.0000	0.0000	0.0000	0.0000	0.0000	0.0000	0.0000	0.0000	0.0000	0.0000											
23	47	0.6614	10	0	2	0	2	0	0	0	0	N	Y	N	Y	N	N	N	N	N	N	N	N	0.0000	0.0000	0.0000	0.0000	0.0000	0.0000	0.0000	0.0000	0.0000	0.0000	0.0000	0.0000	0.0000	0.0000	0.0000	0.0000	0.0000	0.0000	0.0000	0.0000	0.0000	0.0000	1.0024	1.0000	0.0000	0.0000	0.0000	0.0000	0.0000	0.0000	0.0000	0.0000	0.0000	0.0000	0.0000	0.0000	0.0000	0.0000	0.0000	0.0000	0.0000	0.0000	0.0000	0.0000	0.0000	0.0000	0.0000	0.0000	0.0000	0.0000	0.0000	0.0088	0.0057	0.0031	0.0067	0.0053	0.0014	0.0021	0.0005	0.0017	0.0000	0.0000	0.0000	0.0000	0.0000	0.0000	0.0000	0.0000	0.0000	0.0000	0.0000	0.0000	0.0000	0.0000	0.0000	0.0000	0.0000	0.0000											
23	48	0.6074	7	1	2	0	1	0	0	0	0	N	Y	N	N	N	N	N	N	N	N	N	N	0.0000	0.0000	0.0000	0.0000	0.0000	0.0000	0.0000	0.0000	0.0000	0.0000	0.0000	0.0000	0.0000	0.0000	0.0000	0.0000	0.0000	0.0000	0.0000	0.0000	0.0000	0.0000	1.0024	4.0000	0.0000	0.0000	0.0000	0.0000	0.0000	0.0000	0.0000	0.0000	0.0000	0.0000	0.0000	0.0000	0.0000	0.0000	0.0000	0.0000	0.0000	0.0000	0.0000	0.0000	0.0000	0.0000	0.0000	0.0000	0.0000	0.0000	0.0000	0.0036	0.0019	0.0018	0.0013	0.0011	0.0002	0.0023	0.0007	0.0016	0.0000	0.0000	0.0000	0.0000	0.0000	0.0000	0.0000	0.0000	0.0000	0.0000	0.0000	0.0000	0.0000	0.0000	0.0000	0.0000	0.0000	0.0000											
23	49	0.6821	11	0	1	1	1	0	0	0	0	N	N	N	N	N	N	N	N	N	N	N	N	0.0000	0.0000	0.0000	0.0000	0.0000	0.0000	0.0000	0.0000	0.0000	0.0000	0.0000	0.0000	0.0000	0.0000	0.0000	0.0000	0.0000	0.0000	0.0000	0.0000	0.0000	0.0000	1.0024	0.0000	0.0000	0.0000	0.0000	0.0000	0.0000	0.0000	0.0000	0.0000	0.0000	0.0000	0.0000	0.0000	0.0000	0.0000	0.0000	0.0000	0.0000	0.0000	0.0000	0.0000	0.0000	0.0000	0.0000	0.0000	0.0000	0.0000	0.0000	0.0000	0.0000	0.0000	0.0000	0.0000	0.0000	0.0000	0.0000	0.0000	0.0000	0.0000	0.0000	0.0000	0.0000	0.0000	0.0000	0.0000	0.0000	0.0000	0.0000	0.0000	0.0000	0.0000	0.0000	0.0000	0.0000	0.0000											
23	50	0.0532	4	0	1	1	1	0	0	0	0	N	N	N	N	N	N	N	N	N	N	N	N	0.0000	0.0000	0.0000	0.0000	0.0000	0.0000	0.0000	0.0000	0.0000	0.0000	0.0000	0.0000	0.0000	0.0000	0.0000	0.0000	0.0000	0.0000	0.0000	0.0000	0.0000	1.0000	1.0024	1.0000	0.0000	0.0000	0.0000	0.0000	0.0000	0.0000	0.0000	0.0000	0.0000	0.0000	0.0000	0.0000	0.0000	0.0000	0.0000	0.0000	0.0000	0.0000	0.0000	0.0000	0.0000	0.0000	0.0000	0.0000	0.0000	0.0000	0.0000	0.0200	0.0139	0.0061	0.0097	0.0090	0.0007	0.0104	0.0050	0.0054	0.0000	0.0000	0.0000	0.0000	0.0000	0.0000	0.0000	0.0000	0.0000	0.0000	0.0000	0.0000	0.0000	0.0000	0.0000	0.0000	0.0000	0.0000											
23	51	0.0577	4	0	2	0	1	0	0	0	0	N	Y	N	N	N	N	N	N	N	N	N	N	0.0000	0.0000	0.0000	0.0000	0.0000	0.0000	0.0000	0.0000	0.0000	0.0000	0.0000	0.0000	0.0000	0.0000	0.0000	0.0001	0.0000	0.0000	0.0000	0.0000	0.0000	0.0000	0.0000	0.0000	inf	0.0000	0.0000	0.0000	0.0003	1.0024	0.9690	0.0000	0.0000	0.0000	0.0000	0.0000	0.0000	0.0000	0.0000	0.0000	0.0000	0.0000	0.0000	0.0000	0.0000	0.0000	0.0000	0.0000	0.0000	0.0000	0.0000	0.0000	0.0000	0.0000	0.0000	0.0000	0.0000	0.0000	0.0940	0.0496	0.0444	0.0455	0.0450	0.0005	0.0485	0.0046	0.0440	0.0000	0.0000	0.0000	0.0000	0.0000	0.0000	0.0000	0.0000	0.0000	0.0000	0.0000	0.0000	0.0000	0.0000	0.0000	0.0000	0.0000	0.0000				
23	52	0.6854	11	0	2	0	1	0	0	0	0	N	Y	N	N	N	N	N	N	N	N	N	N	0.0000	0.0000	0.0000	0.0000	0.0000	0.0000	0.0000	0.0000	0.0000	0.0000	0.0000	0.0000	0.0000	0.0000	0.0000	0.0000	0.0000	0.0000	0.0000	0.0000	0.0000	0.0000	inf	0.0000	0.0000	0.0000	0.9211	1.0024	0.1671	0.0000	0.0000	0.0000	0.0000	0.0000	0.0000	0.0000	0.0000	0.0000	0.0000	0.0000	0.0000	0.0000	0.0000	0.0000	0.0000	0.0000	0.0000	0.0000	0.0000	0.0000	0.0000	0.0000	0.0000	0.0000	0.0000	0.0000	0.0115	0.0077	0.0038	0.0085	0.0068	0.0017	0.0029	0.0009	0.0021	0.0000	0.0000	0.0000	0.0000	0.0000	0.0000	0.0000	0.0000	0.0000	0.0000	0.0000	0.0000	0.0000	0.0000	0.0000	0.0000	0.0000	0.0000						
23	53	0.0285	3	0	2	0	1	0	0	0	0	N	Y	N	N	N	N	N	N	N	N	N	N	0.0000	0.0000	0.0000	0.0000	0.0000	0.0000	0.0000	0.0000	0.0000	0.0000	0.0000	0.0000	0.0000	0.0000	0.0000	0.0000	0.0000	0.0000	0.0000	0.0000	0.0000	1.0000	1.0024	5.0000	0.0000	0.0000	0.0000	0.0000	0.0000	0.0000	0.0000	0.0000	0.0000	0.0000	0.0000	0.0000	0.0000	0.0000	0.0000	0.0000	0.0000	0.0000	0.0000	0.0000	0.0000	0.0000	0.0000	0.0000	0.0000	0.0000	0.0000	0.0589	0.0411	0.0177	0.0250	0.0232	0.0017	0.0339	0.0179	0.0160	0.0000	0.0000	0.0000	0.0000	0.0000	0.0000	0.0000	0.0000	0.0000	0.0000	0.0000	0.0000	0.0000	0.0000	0.0000	0.0000	0.0000	0.0000											
23	54	0.0133	2	0	1	0	1	0	0	0	0	N	N	N	N	N	N	N	N	N	N	N	N	0.0000	0.0000	0.0000	0.0000	0.0000	0.0000	0.0000	0.0000	0.0000	0.0000	0.0000	0.0000	0.0000	0.0000	0.0001	0.0000	0.0001	0.0001	0.0000	0.0000	0.0000	0.0000	0.0113	0.0000	-0.0000	0.0000	0.0000	1.0024	2.9157	0.0000	0.0000	0.0000	0.0000	0.0000	0.0000	0.0000	0.0000	0.0000	0.0000	0.0000	0.0000	0.0000	0.0000	0.0000	0.0000	0.0000	0.0000	0.0000	0.0000	0.0000	0.0000	0.0000	0.0000	0.0000	0.0000	0.0000	0.2602	0.1361	0.1241	0.1280	0.1270	0.0010	0.1323	0.0091	0.1232	0.0000	0.0000	0.0000	0.0000	0.0000	0.0000	0.0000	0.0000	0.0000	0.0000	0.0000	0.0000	0.0000	0.0000	0.0000	0.0000	0.0000	0.0000						
23	55	0.6614	10	0	2	0	1	0	0	0	0	N	Y	N	N	N	N	N	N	N	N	N	N	0.0000	0.0000	0.0000	0.0000	0.0000	0.0000	0.0000	0.0000	0.0000	0.0000	0.0000	0.0000	0.0000	0.0000	0.0000	0.0000	0.0000	0.0000	0.0000	0.0000	0.0000	2.0000	1.0024	3.0000	0.0000	0.0000	0.0000	0.0000	0.0000	0.0000	0.0000	0.0000	0.0000	0.0000	0.0000	0.0000	0.0000	0.0000	0.0000	0.0000	0.0000	0.0000	0.0000	0.0000	0.0000	0.0000	0.0000	0.0000	0.0000	0.0000	0.0000	0.0422	0.0272	0.0151	0.0321	0.0252	0.0069	0.0101	0.0020	0.0081	0.0000	0.0000	0.0000	0.0000	0.0000	0.0000	0.0000	0.0000	0.0000	0.0000	0.0000	0.0000	0.0000	0.0000	0.0000	0.0000	0.0000	0.0000											
23	56	0.0211	3	0	2	0	2	0	0	0	0	N	Y	N	Y	N	N	N	N	N	N	N	N	0.0000	0.0000	0.0000	0.0000	0.0000	0.0000	0.0000	0.0000	0.0000	0.0000	0.0000	0.0000	0.0000	0.0000	0.0000	0.0000	0.0000	0.0000	0.0000	0.0000	0.0000	1.7218	1.0024	6.9557	0.0000	0.0000	0.0000	0.0000	0.0000	0.0000	0.0000	0.0000	0.0000	0.0000	0.0000	0.0000	0.0000	0.0000	0.0000	0.0000	0.0000	0.0000	0.0000	0.0000	0.0000	0.0000	0.0000	0.0000	0.0000	0.0000	0.0000	0.0879	0.0604	0.0275	0.0375	0.0352	0.0023	0.0504	0.0252	0.0252	0.0000	0.0000	0.0000	0.0000	0.0000	0.0000	0.0000	0.0000	0.0000	0.0000	0.0000	0.0000	0.0000	0.0000	0.0000	0.0000	0.0000	0.0000											
23	57	0.0925	5	1	1	1	1	0	0	0	0	N	N	N	N	N	N	N	N	N	N	N	N	0.0000	0.0000	0.0000	0.0000	0.0000	0.0000	0.0000	0.0000	0.0000	0.0000	0.0000	0.0000	0.0000	0.0000	0.0000	0.0000	0.0000	0.0000	0.0000	0.0000	0.0000	8.9999	1.0024	5.0001	0.0000	0.0000	0.0000	0.0000	0.0000	0.0000	0.0000	0.0000	0.0000	0.0000	0.0000	0.0000	0.0000	0.0000	0.0000	0.0000	0.0000	0.0000	0.0000	0.0000	0.0000	0.0000	0.0000	0.0000	0.0000	0.0000	0.0000	0.1094	0.0760	0.0335	0.0446	0.0443	0.0002	0.0649	0.0317	0.0332	0.0000	0.0000	0.0000	0.0000	0.0000	0.0000	0.0000	0.0000	0.0000	0.0000	0.0000	0.0000	0.0000	0.0000	0.0000	0.0000	0.0000	0.0000											
23	58	0.6074	7	1	1	1	1	0	0	0	0	N	N	N	N	N	N	N	N	N	N	N	N	0.0000	0.0000	0.0000	0.0000	0.0000	0.0000	0.0000	0.0000	0.0000	0.0000	0.0000	0.0000	0.0000	0.0000	0.0000	0.0000	0.0000	0.0000	0.0000	0.0000	0.0000	0.0000	1.0024	1.0000	0.0000	0.0000	0.0000	0.0000	0.0000	0.0000	0.0000	0.0000	0.0000	0.0000	0.0000	0.0000	0.0000	0.0000	0.0000	0.0000	0.0000	0.0000	0.0000	0.0000	0.0000	0.0000	0.0000	0.0000	0.0000	0.0000	0.0000	0.0009	0.0005	0.0005	0.0003	0.0003	0.0000	0.0006	0.0002	0.0004	0.0000	0.0000	0.0000	0.0000	0.0000	0.0000	0.0000	0.0000	0.0000	0.0000	0.0000	0.0000	0.0000	0.0000	0.0000	0.0000	0.0000	0.0000											
23	59	0.0577	4	0	1	1	1	0	0	0	0	N	N	N	N	N	N	N	N	N	N	N	N	0.0000	0.0000	0.0000	0.0000	0.0000	0.0000	0.0000	0.0000	0.0000	0.0000	0.0000	0.0000	0.0000	0.0000	0.0000	0.0001	0.0000	0.0000	0.0000	0.0000	0.0000	0.0000	0.0000	0.0000	inf	0.0000	0.0000	0.0000	0.0006	1.0024	1.1867	0.0000	0.0000	0.0000	0.0000	0.0000	0.0000	0.0000	0.0000	0.0000	0.0000	0.0000	0.0000	0.0000	0.0000	0.0000	0.0000	0.0000	0.0000	0.0000	0.0000	0.0000	0.0000	0.0000	0.0000	0.0000	0.0000	0.0000	0.0962	0.0510	0.0452	0.0462	0.0457	0.0005	0.0500	0.0053	0.0447	0.0000	0.0000	0.0000	0.0000	0.0000	0.0000	0.0000	0.0000	0.0000	0.0000	0.0000	0.0000	0.0000	0.0000	0.0000	0.0000	0.0000	0.0000				
23	60	0.0211	3	0	1	0	1	0	0	0	0	N	N	N	N	N	N	N	N	N	N	N	N	0.0000	0.0000	0.0000	0.0000	0.0000	0.0000	0.0000	0.0000	0.0000	0.0000	0.0000	0.0000	0.0000	0.0000	0.0000	1.1548	0.0000	0.8698	0.0009	0.0000	0.0080	1.1796	0.0000	0.4473	inf	0.0000	0.0025	0.0000	2.2785	1.0024	4.8627	0.0000	0.0000	0.0000	0.0000	0.0000	0.0000	0.0000	0.0000	0.0000	0.0053	0.0000	0.0053	0.0000	0.0000	0.0000	0.0053	0.0000	0.0053	0.0000	0.0000	0.0000	0.0000	0.0000	0.0000	0.0000	0.0000	0.0000	0.0739	0.0508	0.0231	0.0316	0.0296	0.0020	0.0423	0.0211	0.0211	0.0000	0.0000	0.0000	0.0000	0.0000	0.0000	0.0000	0.0000	0.0000	0.0717	0.0000	0.2289	0.0003	0.0000	0.0050	0.1251	0.0000	0.2501				
23	61	0.6854	11	0	1	1	1	0	0	0	0	N	N	N	N	N	N	N	N	N	N	N	N	0.0000	0.0000	0.0000	0.0000	0.0000	0.0000	0.0000	0.0000	0.0000	0.0000	0.0000	0.0000	0.0000	0.0000	0.0000	0.0000	0.0000	0.0000	0.0000	0.0000	0.0000	0.0000	inf	0.0000	0.0000	0.0000	1.0901	1.0024	7.9319	0.0000	0.0000	0.0000	0.0000	0.0000	0.0000	0.0000	0.0000	0.0000	0.0000	0.0000	0.0000	0.0000	0.0000	0.0000	0.0000	0.0000	0.0000	0.0000	0.0000	0.0000	0.0000	0.0000	0.0000	0.0000	0.0000	0.0000	0.0765	0.0491	0.0274	0.0572	0.0449	0.0122	0.0193	0.0041	0.0152	0.0000	0.0000	0.0000	0.0000	0.0000	0.0000	0.0000	0.0000	0.0000	0.0000	0.0000	0.0000	0.0000	0.0000	0.0000	0.0000	0.0000	0.0000						
23	62	0.6553	10	0	1	0	1	0	0	0	0	N	N	N	N	N	N	N	N	N	N	N	N	0.0000	0.0000	0.0000	0.0000	0.0000	0.0000	0.0000	0.0000	0.0000	0.0000	0.0000	0.0000	0.0000	0.0000	0.0000	0.0001	0.0000	0.0000	0.0001	0.0000	0.0000	0.0000	0.0000	0.6874	0.0000	-0.0000	0.0000	1.6797	1.0024	2.9843	0.0000	0.0000	0.0000	0.0000	0.0000	0.0000	0.0000	0.0000	0.0000	0.0000	0.0000	0.0000	0.0000	0.0000	0.0000	0.0000	0.0000	0.0000	0.0000	0.0000	0.0000	0.0000	0.0000	0.0000	0.0000	0.0000	0.0000	0.0396	0.0255	0.0141	0.0300	0.0235	0.0065	0.0096	0.0019	0.0077	0.0000	0.0000	0.0000	0.0000	0.0000	0.0000	0.0000	0.0000	0.0000	0.0000	0.0000	0.0000	0.0000	0.0000	0.0000	0.0000	0.0000	0.0000					
23	63	0.6452	9	0	1	0	1	0	0	0	0	N	N	N	N	N	N	N	N	N	N	N	N	0.0000	0.0000	0.0000	0.0000	0.0000	0.0000	0.0000	0.0000	0.0000	0.0000	0.0000	0.0000	0.0000	0.0000	0.0000	0.0000	0.0000	0.0001	0.0000	0.0001	0.0001	0.0000	0.0000	0.0000	0.0000	3.1819	0.0000	0.0000	0.0000	0.4935	1.0024	1.5835	0.0000	0.0000	0.0000	0.0000	0.0000	0.0000	0.0000	0.0000	0.0000	0.0000	0.0000	0.0000	0.0000	0.0000	0.0000	0.0000	0.0000	0.0000	0.0000	0.0000	0.0000	0.0000	0.0000	0.0000	0.0000	0.0000	0.0000	0.0179	0.0115	0.0064	0.0136	0.0107	0.0030	0.0043	0.0008	0.0034	0.0000	0.0000	0.0000	0.0000	0.0000	0.0000	0.0000	0.0000	0.0000	0.0000	0.0000	0.0000	0.0000	0.0000	0.0000	0.0000	0.0000	0.0000			
23	64	0.6821	11	0	2	0	1	0	0	0	0	N	Y	N	N	N	N	N	N	N	N	N	N	0.0000	0.0000	0.0000	0.0000	0.0000	0.0000	0.0000	0.0000	0.0000	0.0000	0.0000	0.0000	0.0000	0.0000	0.0000	0.0000	0.0000	0.0000	0.0001	0.0000	0.0000	0.0000	0.0000	0.0000	inf	0.0000	0.0000	0.0000	0.2944	1.0024	1.0083	0.0000	0.0000	0.0000	0.0000	0.0000	0.0000	0.0000	0.0000	0.0000	0.0000	0.0000	0.0000	0.0000	0.0000	0.0000	0.0000	0.0000	0.0000	0.0000	0.0000	0.0000	0.0000	0.0000	0.0000	0.0000	0.0000	0.0000	0.0113	0.0072	0.0040	0.0086	0.0067	0.0019	0.0027	0.0005	0.0021	0.0000	0.0000	0.0000	0.0000	0.0000	0.0000	0.0000	0.0000	0.0000	0.0000	0.0000	0.0000	0.0000	0.0000	0.0000	0.0000	0.0000	0.0000				
23	65	0.6614	10	0	1	0	1	0	0	0	0	N	N	N	N	N	N	N	N	N	N	N	N	0.0000	0.0000	0.0000	0.0000	0.0000	0.0000	0.0000	0.0000	0.0000	0.0000	0.0000	0.0000	0.0000	0.0000	0.0001	0.0000	0.0001	0.0001	0.0000	0.0000	0.0000	0.0000	0.0000	0.0000	-0.0000	0.0000	1.1351	1.0024	2.0429	0.0000	0.0000	0.0000	0.0000	0.0000	0.0000	0.0000	0.0000	0.0000	0.0000	0.0000	0.0000	0.0000	0.0000	0.0000	0.0000	0.0000	0.0000	0.0000	0.0000	0.0000	0.0000	0.0000	0.0000	0.0000	0.0000	0.0000	0.0273	0.0175	0.0097	0.0207	0.0163	0.0045	0.0065	0.0013	0.0052	0.0000	0.0000	0.0000	0.0000	0.0000	0.0000	0.0000	0.0000	0.0000	0.0000	0.0000	0.0000	0.0000	0.0000	0.0000	0.0000	0.0000	0.0000						
23	66	0.6452	9	0	1	0	1	0	0	0	0	N	N	N	N	N	N	N	N	N	N	N	N	0.0000	0.0000	0.0000	0.0000	0.0000	0.0000	0.0000	0.0000	0.0000	0.0000	0.0000	0.0000	0.0000	0.0000	0.0000	0.0000	0.0000	0.0000	0.0000	0.0000	0.0000	0.0000	inf	0.0000	0.0000	0.0000	0.4912	1.0024	2.4266	0.0000	0.0000	0.0000	0.0000	0.0000	0.0000	0.0000	0.0000	0.0000	0.0000	0.0000	0.0000	0.0000	0.0000	0.0000	0.0000	0.0000	0.0000	0.0000	0.0000	0.0000	0.0000	0.0000	0.0000	0.0000	0.0000	0.0000	0.0250	0.0160	0.0089	0.0190	0.0149	0.0041	0.0060	0.0012	0.0048	0.0000	0.0000	0.0000	0.0000	0.0000	0.0000	0.0000	0.0000	0.0000	0.0000	0.0000	0.0000	0.0000	0.0000	0.0000	0.0000	0.0000	0.0000						
23	67	0.6401	8	0	1	0	1	0	0	0	0	N	N	N	N	N	N	N	N	N	N	N	N	0.0000	0.0000	0.0000	0.0000	0.0000	0.0000	0.0000	0.0000	0.0000	0.0000	0.0000	0.0000	0.0000	0.0000	0.0000	0.0000	0.0001	0.0001	0.0000	0.0001	0.0001	0.0000	0.0000	0.0000	0.0000	14.7199	0.0000	0.0000	0.0000	0.6141	1.0024	1.2701	0.0000	0.0000	0.0000	0.0000	0.0000	0.0000	0.0000	0.0000	0.0000	0.0000	0.0000	0.0000	0.0000	0.0000	0.0000	0.0000	0.0000	0.0000	0.0000	0.0000	0.0000	0.0000	0.0000	0.0000	0.0000	0.0000	0.0000	0.0164	0.0106	0.0059	0.0125	0.0098	0.0027	0.0040	0.0008	0.0032	0.0000	0.0000	0.0000	0.0000	0.0000	0.0000	0.0000	0.0000	0.0000	0.0000	0.0000	0.0000	0.0000	0.0000	0.0000	0.0000	0.0000	0.0000			
23	68	0.6074	7	1	2	1	1	0	0	0	0	N	Y	N	N	N	N	N	N	N	N	N	N	0.0000	0.0000	0.0000	0.0000	0.0000	0.0000	0.0000	0.0000	0.0000	0.0000	0.0000	0.0000	0.0000	0.0000	0.0000	0.0000	0.0000	0.0000	0.0000	0.0000	0.0000	0.0000	1.0024	0.0000	0.0000	0.0000	0.0000	0.0000	0.0000	0.0000	0.0000	0.0000	0.0000	0.0000	0.0000	0.0000	0.0000	0.0000	0.0000	0.0000	0.0000	0.0000	0.0000	0.0000	0.0000	0.0000	0.0000	0.0000	0.0000	0.0000	0.0000	0.0000	0.0000	0.0000	0.0000	0.0000	0.0000	0.0000	0.0000	0.0000	0.0000	0.0000	0.0000	0.0000	0.0000	0.0000	0.0000	0.0000	0.0000	0.0000	0.0000	0.0000	0.0000	0.0000	0.0000	0.0000	0.0000	0.0000											
23	69	0.1379	7	1	2	1	1	0	0	0	0	N	Y	N	N	N	N	N	N	N	N	N	N	0.0000	0.0000	0.0000	0.0000	0.0000	0.0000	0.0000	0.0000	0.0000	0.0000	0.0000	0.0000	0.0000	0.0000	0.0000	0.0000	0.0000	0.0000	0.0000	0.0000	0.0000	1.0000	1.0024	0.0000	0.0000	0.0000	0.0000	0.0000	0.0000	0.0000	0.0000	0.0000	0.0000	0.0000	0.0000	0.0000	0.0000	0.0000	0.0000	0.0000	0.0000	0.0000	0.0000	0.0000	0.0000	0.0000	0.0000	0.0000	0.0000	0.0000	0.0000	0.0017	0.0008	0.0009	0.0001	0.0001	0.0000	0.0016	0.0007	0.0009	0.0000	0.0000	0.0000	0.0000	0.0000	0.0000	0.0000	0.0000	0.0000	0.0000	0.0000	0.0000	0.0000	0.0000	0.0000	0.0000	0.0000	0.0000											
23	70	0.1379	7	1	2	1	1	0	0	0	0	N	Y	N	N	N	N	N	N	N	N	N	N	0.0000	0.0000	0.0000	0.0000	0.0000	0.0000	0.0000	0.0000	0.0000	0.0000	0.0000	0.0000	0.0000	0.0000	0.0000	0.0000	0.0000	0.0000	0.0000	0.0000	0.0000	0.0000	1.0024	0.0000	0.0000	0.0000	0.0000	0.0000	0.0000	0.0000	0.0000	0.0000	0.0000	0.0000	0.0000	0.0000	0.0000	0.0000	0.0000	0.0000	0.0000	0.0000	0.0000	0.0000	0.0000	0.0000	0.0000	0.0000	0.0000	0.0000	0.0000	0.0000	0.0000	0.0000	0.0000	0.0000	0.0000	0.0000	0.0000	0.0000	0.0000	0.0000	0.0000	0.0000	0.0000	0.0000	0.0000	0.0000	0.0000	0.0000	0.0000	0.0000	0.0000	0.0000	0.0000	0.0000	0.0000	0.0000											
23	71	0.1155	6	1	2	1	1	0	0	0	0	N	Y	N	N	N	N	N	N	N	N	N	N	0.0000	0.0000	0.0000	0.0000	0.0000	0.0000	0.0000	0.0000	0.0000	0.0000	0.0000	0.0000	0.0000	0.0000	0.0000	0.0000	0.0000	0.0000	0.0000	0.0000	0.0000	2.0000	1.0024	1.0000	0.0000	0.0000	0.0000	0.0000	0.0000	0.0000	0.0000	0.0000	0.0000	0.0000	0.0000	0.0000	0.0000	0.0000	0.0000	0.0000	0.0000	0.0000	0.0000	0.0000	0.0000	0.0000	0.0000	0.0000	0.0000	0.0000	0.0000	0.0055	0.0026	0.0029	0.0004	0.0004	0.0000	0.0051	0.0022	0.0029	0.0000	0.0000	0.0000	0.0000	0.0000	0.0000	0.0000	0.0000	0.0000	0.0000	0.0000	0.0000	0.0000	0.0000	0.0000	0.0000	0.0000	0.0000											
23	72	0.0925	5	1	1	1	1	0	0	0	0	N	N	N	N	N	N	N	N	N	N	N	N	0.0000	0.0000	0.0000	0.0000	0.0000	0.0000	0.0000	0.0000	0.0000	0.0000	0.0000	0.0000	0.0000	0.0000	0.0000	0.0000	0.0000	0.0000	0.0000	0.0000	0.0000	1.0017	1.0024	2.0007	0.0000	0.0000	0.0000	0.0000	0.0000	0.0000	0.0000	0.0000	0.0000	0.0000	0.0000	0.0000	0.0000	0.0000	0.0000	0.0000	0.0000	0.0000	0.0000	0.0000	0.0000	0.0000	0.0000	0.0000	0.0000	0.0000	0.0000	0.0253	0.0175	0.0078	0.0102	0.0102	0.0001	0.0151	0.0074	0.0077	0.0000	0.0000	0.0000	0.0000	0.0000	0.0000	0.0000	0.0000	0.0000	0.0000	0.0000	0.0000	0.0000	0.0000	0.0000	0.0000	0.0000	0.0000											
23	73	0.6266	8	1	2	0	1	0	0	0	0	N	Y	N	N	N	N	N	N	N	N	N	N	0.0000	0.0000	0.0000	0.0000	0.0000	0.0000	0.0000	0.0000	0.0000	0.0000	0.0000	0.0000	0.0000	0.0000	0.0000	0.0000	0.0000	0.0000	0.0000	0.0000	0.0000	0.0000	1.0024	0.0000	0.0000	0.0000	0.0000	0.0000	0.0000	0.0000	0.0000	0.0000	0.0000	0.0000	0.0000	0.0000	0.0000	0.0000	0.0000	0.0000	0.0000	0.0000	0.0000	0.0000	0.0000	0.0000	0.0000	0.0000	0.0000	0.0000	0.0000	0.0000	0.0000	0.0000	0.0000	0.0000	0.0000	0.0000	0.0000	0.0000	0.0000	0.0000	0.0000	0.0000	0.0000	0.0000	0.0000	0.0000	0.0000	0.0000	0.0000	0.0000	0.0000	0.0000	0.0000	0.0000	0.0000	0.0000											
23	74	0.1195	6	1	2	0	1	0	0	0	0	N	Y	N	N	N	N	N	N	N	N	N	N	0.0000	0.0000	0.0000	0.0000	0.0000	0.0000	0.0000	0.0000	0.0000	0.0000	0.0000	0.0000	0.0000	0.0000	0.0000	0.0000	0.0000	0.0000	0.0000	0.0000	0.0000	0.0000	1.0024	0.0010	0.0000	0.0000	0.0000	0.0000	0.0000	0.0000	0.0000	0.0000	0.0000	0.0000	0.0000	0.0000	0.0000	0.0000	0.0000	0.0000	0.0000	0.0000	0.0000	0.0000	0.0000	0.0000	0.0000	0.0000	0.0000	0.0000	0.0000	0.0010	0.0007	0.0002	0.0005	0.0005	0.0000	0.0005	0.0003	0.0002	0.0000	0.0000	0.0000	0.0000	0.0000	0.0000	0.0000	0.0000	0.0000	0.0000	0.0000	0.0000	0.0000	0.0000	0.0000	0.0000	0.0000	0.0000											
23	75	0.0246	2	0	2	0	2	0	0	0	0	N	Y	N	Y	N	N	N	N	N	N	N	N	0.0000	0.0000	0.0000	0.0000	0.0000	0.0000	0.0000	0.0000	0.0000	0.0000	0.0000	0.0000	0.0000	0.0000	0.0000	0.0000	0.0000	0.0000	0.0000	0.0000	0.0000	0.0000	1.0024	0.0000	0.0000	0.0000	0.0000	0.0000	0.0000	0.0000	0.0000	0.0000	0.0000	0.0000	0.0000	0.0000	0.0000	0.0000	0.0000	0.0000	0.0000	0.0000	0.0000	0.0000	0.0000	0.0000	0.0000	0.0000	0.0000	0.0000	0.0000	0.0000	0.0000	0.0000	0.0000	0.0000	0.0000	0.0000	0.0000	0.0000	0.0000	0.0000	0.0000	0.0000	0.0000	0.0000	0.0000	0.0000	0.0000	0.0000	0.0000	0.0000	0.0000	0.0000	0.0000	0.0000	0.0000	0.0000											
23	76	0.0246	2	0	1	0	2	0	0	0	0	N	N	N	Y	N	N	N	N	N	N	N	N	0.0000	0.0000	0.0000	0.0000	0.0000	0.0000	0.0000	0.0000	0.0000	0.0000	0.0000	0.0000	0.0000	0.0000	0.0000	0.0000	0.0000	0.0000	0.0000	0.0000	0.0000	0.0000	1.0024	0.0000	0.0000	0.0000	0.0000	0.0000	0.0000	0.0000	0.0000	0.0000	0.0000	0.0000	0.0000	0.0000	0.0000	0.0000	0.0000	0.0000	0.0000	0.0000	0.0000	0.0000	0.0000	0.0000	0.0000	0.0000	0.0000	0.0000	0.0000	0.0000	0.0000	0.0000	0.0000	0.0000	0.0000	0.0000	0.0000	0.0000	0.0000	0.0000	0.0000	0.0000	0.0000	0.0000	0.0000	0.0000	0.0000	0.0000	0.0000	0.0000	0.0000	0.0000	0.0000	0.0000	0.0000	0.0000											
23	80	0.1251	7	0	2	1	1	0	0	0	0	N	Y	N	N	N	N	N	N	N	N	N	N	0.0000	0.0000	0.0000	0.0000	0.0000	0.0000	0.0000	0.0000	0.0000	0.0000	0.0000	0.0000	0.0000	0.0000	0.0000	0.0000	0.0000	0.0000	0.0000	0.0000	0.0000	0.0029	1.0024	2.0135	0.0000	0.0000	0.0000	0.0000	0.0000	0.0000	0.0000	0.0000	0.0000	0.0000	0.0000	0.0000	0.0000	0.0000	0.0000	0.0000	0.0000	0.0000	0.0000	0.0000	0.0000	0.0000	0.0000	0.0000	0.0000	0.0000	0.0000	0.0172	0.0120	0.0052	0.0071	0.0070	0.0001	0.0101	0.0049	0.0051	0.0000	0.0000	0.0000	0.0000	0.0000	0.0000	0.0000	0.0000	0.0000	0.0000	0.0000	0.0000	0.0000	0.0000	0.0000	0.0000	0.0000	0.0000											
23	81	0.1185	6	0	2	0	1	0	0	0	0	N	Y	N	N	N	N	N	N	N	N	N	N	0.0000	0.0000	0.0000	0.0000	0.0000	0.0000	0.0000	0.0000	0.0000	0.0000	0.0000	0.0000	0.0000	0.0131	0.0000	0.0054	0.0000	0.0000	0.0000	0.0152	0.0000	0.0047	inf	0.0000	0.0000	0.0000	0.6188	1.0024	0.9475	0.0000	0.0000	0.0000	0.0000	0.0000	0.0000	0.0000	0.0000	0.0000	0.0000	0.0000	0.0000	0.0000	0.0000	0.0000	0.0000	0.0000	0.0000	0.0000	0.0000	0.0000	0.0000	0.0000	0.0000	0.0000	0.0000	0.0000	0.0138	0.0095	0.0043	0.0057	0.0057	0.0000	0.0081	0.0039	0.0042	0.0000	0.0000	0.0000	0.0000	0.0000	0.0000	0.0000	0.0000	0.0000	0.0014	0.0000	0.0047	0.0000	0.0000	0.0000	0.0025	0.0000	0.0047						
23	82	0.6298	8	0	2	1	1	0	0	0	0	N	Y	N	N	N	N	N	N	N	N	N	N	0.0000	0.0000	0.0000	0.0000	0.0000	0.0000	0.0000	0.0000	0.0000	0.0000	0.0000	0.0000	0.0000	0.0000	0.0000	0.0000	0.0000	0.0000	0.0000	0.0000	0.0000	0.0000	1.0024	1.0000	0.0000	0.0000	0.0000	0.0000	0.0000	0.0000	0.0000	0.0000	0.0000	0.0000	0.0000	0.0000	0.0000	0.0000	0.0000	0.0000	0.0000	0.0000	0.0000	0.0000	0.0000	0.0000	0.0000	0.0000	0.0000	0.0000	0.0000	0.0089	0.0057	0.0032	0.0067	0.0052	0.0015	0.0022	0.0004	0.0018	0.0000	0.0000	0.0000	0.0000	0.0000	0.0000	0.0000	0.0000	0.0000	0.0000	0.0000	0.0000	0.0000	0.0000	0.0000	0.0000	0.0000	0.0000											
23	83	0.0925	5	1	1	1	1	0	0	0	0	N	N	N	N	N	N	N	N	N	N	N	N	0.0000	0.0000	0.0000	0.0000	0.0000	0.0000	0.0000	0.0000	0.0000	0.0000	0.0000	0.0000	0.0000	0.0000	0.0000	0.0000	0.0000	0.0000	0.0000	0.0000	0.0000	9.0001	1.0024	3.0001	0.0000	0.0000	0.0000	0.0000	0.0000	0.0000	0.0000	0.0000	0.0000	0.0000	0.0000	0.0000	0.0000	0.0000	0.0000	0.0000	0.0000	0.0000	0.0000	0.0000	0.0000	0.0000	0.0000	0.0000	0.0000	0.0000	0.0000	0.0951	0.0660	0.0291	0.0387	0.0385	0.0002	0.0564	0.0275	0.0289	0.0000	0.0000	0.0000	0.0000	0.0000	0.0000	0.0000	0.0000	0.0000	0.0000	0.0000	0.0000	0.0000	0.0000	0.0000	0.0000	0.0000	0.0000											
23	84	0.6074	7	1	1	1	1	0	0	0	0	N	N	N	N	N	N	N	N	N	N	N	N	0.0000	0.0000	0.0000	0.0000	0.0000	0.0000	0.0000	0.0000	0.0000	0.0000	0.0000	0.0000	0.0000	0.0000	0.0000	0.0000	0.0000	0.0000	0.0000	0.0000	0.0000	4.0000	1.0024	0.0000	0.0000	0.0000	0.0000	0.0000	0.0000	0.0000	0.0000	0.0000	0.0000	0.0000	0.0000	0.0000	0.0000	0.0000	0.0000	0.0000	0.0000	0.0000	0.0000	0.0000	0.0000	0.0000	0.0000	0.0000	0.0000	0.0000	0.0000	0.0036	0.0019	0.0018	0.0013	0.0011	0.0002	0.0023	0.0007	0.0016	0.0000	0.0000	0.0000	0.0000	0.0000	0.0000	0.0000	0.0000	0.0000	0.0000	0.0000	0.0000	0.0000	0.0000	0.0000	0.0000	0.0000	0.0000											
23	85	0.6535	8	1	2	0	1	0	0	0	0	N	Y	N	N	N	N	N	N	N	N	N	N	0.0000	0.0000	0.0000	0.0000	0.0000	0.0000	0.0000	0.0000	0.0000	0.0000	0.0000	0.0000	0.0000	0.0000	0.0000	0.0000	0.0013	0.0021	0.0000	0.0012	0.0012	0.0000	0.0001	0.0000	0.0001	0.0341	0.0000	-0.0000	0.0000	1.0086	1.0024	1.7435	0.0000	0.0000	0.0000	0.0000	0.0000	0.0000	0.0000	0.0000	0.0000	0.0000	0.0000	0.0000	0.0000	0.0000	0.0000	0.0000	0.0000	0.0000	0.0000	0.0000	0.0000	0.0000	0.0000	0.0000	0.0000	0.0000	0.0000	0.0254	0.0165	0.0089	0.0190	0.0151	0.0040	0.0064	0.0014	0.0049	0.0000	0.0000	0.0000	0.0000	0.0000	0.0000	0.0000	0.0000	0.0000	0.0004	0.0006	0.0000	0.0005	0.0007	0.0000	0.0001	0.0000	0.0001			
23	86	0.6074	7	1	2	0	1	0	0	0	0	N	Y	N	N	N	N	N	N	N	N	N	N	0.0000	0.0000	0.0000	0.0000	0.0000	0.0000	0.0000	0.0000	0.0000	0.0000	0.0000	0.0000	0.0000	0.0000	0.0000	0.0000	0.0279	0.0004	0.0049	0.0007	0.0006	0.0000	0.0226	0.0000	0.0050	29.3601	0.0000	0.0000	0.0000	1.0165	1.0024	4.1395	0.0000	0.0000	0.0000	0.0000	0.0000	0.0000	0.0000	0.0000	0.0000	0.0000	0.0000	0.0000	0.0000	0.0000	0.0000	0.0000	0.0000	0.0000	0.0000	0.0000	0.0000	0.0000	0.0000	0.0000	0.0000	0.0000	0.0000	0.0046	0.0024	0.0022	0.0017	0.0015	0.0002	0.0029	0.0009	0.0020	0.0000	0.0000	0.0000	0.0000	0.0000	0.0000	0.0000	0.0000	0.0000	0.0022	0.0001	0.0044	0.0002	0.0002	0.0000	0.0034	0.0000	0.0050			
23	87	0.0513	4	1	2	0	1	0	0	0	0	N	Y	N	N	N	N	N	N	N	N	N	N	0.0000	0.0000	0.0000	0.0000	0.0000	0.0000	0.0000	0.0000	0.0000	0.0000	0.0000	0.0000	0.0000	7.5557	0.0000	30.9772	0.0000	0.0000	0.0000	13.1753	0.0000	35.6015	inf	0.0000	0.4767	0.0000	9.0005	1.0024	5.0000	0.0000	0.0000	0.0000	0.0000	0.0000	0.0000	0.0000	0.0000	0.0000	0.9971	0.0000	0.9971	0.0000	0.0000	0.0000	0.9971	0.0000	0.9971	0.0000	0.0000	0.0000	0.0000	0.0000	0.0000	0.0000	0.0000	0.0000	0.1320	0.0912	0.0408	0.0563	0.0531	0.0031	0.0757	0.0380	0.0377	0.0000	0.0000	0.0000	0.0000	0.0000	0.0000	0.0000	0.0000	0.0000	7.5557	0.0000	24.4407	0.0000	0.0000	0.0000	13.1753	0.0000	26.4781						
23	88	0.6298	8	0	2	0	1	0	0	0	0	N	Y	N	N	N	N	N	N	N	N	N	N	0.0000	0.0000	0.0000	0.0000	0.0000	0.0000	0.0000	0.0000	0.0000	0.0000	0.0000	0.0000	0.0000	0.0000	0.0000	0.0000	0.0000	0.0000	0.0000	0.0000	0.0000	0.0000	1.0024	0.0000	0.0000	0.0000	0.0000	0.0000	0.0000	0.0000	0.0000	0.0000	0.0000	0.0000	0.0000	0.0000	0.0000	0.0000	0.0000	0.0000	0.0000	0.0000	0.0000	0.0000	0.0000	0.0000	0.0000	0.0000	0.0000	0.0000	0.0000	0.0000	0.0000	0.0000	0.0000	0.0000	0.0000	0.0000	0.0000	0.0000	0.0000	0.0000	0.0000	0.0000	0.0000	0.0000	0.0000	0.0000	0.0000	0.0000	0.0000	0.0000	0.0000	0.0000	0.0000	0.0000	0.0000	0.0000											
23	89	0.1185	6	0	2	0	1	0	0	0	0	N	Y	N	N	N	N	N	N	N	N	N	N	0.0000	0.0000	0.0000	0.0000	0.0000	0.0000	0.0000	0.0000	0.0000	0.0000	0.0000	0.0000	0.0000	0.0000	0.0000	0.0000	0.0000	0.0000	0.0000	0.0000	0.0000	1.9953	1.0024	1.0817	0.0000	0.0000	0.0000	0.0000	0.0000	0.0000	0.0000	0.0000	0.0000	0.0000	0.0000	0.0000	0.0000	0.0000	0.0000	0.0000	0.0000	0.0000	0.0000	0.0000	0.0000	0.0000	0.0000	0.0000	0.0000	0.0000	0.0000	0.0264	0.0183	0.0081	0.0109	0.0108	0.0001	0.0156	0.0075	0.0080	0.0000	0.0000	0.0000	0.0000	0.0000	0.0000	0.0000	0.0000	0.0000	0.0000	0.0000	0.0000	0.0000	0.0000	0.0000	0.0000	0.0000	0.0000											
23	90	0.0925	5	0	2	0	1	0	0	0	0	N	Y	N	N	N	N	N	N	N	N	N	N	0.0000	0.0000	0.0000	0.0000	0.0000	0.0000	0.0000	0.0000	0.0000	0.0000	0.0000	0.0000	0.0000	0.0011	0.0017	0.0000	0.0022	0.0017	0.0000	0.0000	0.0000	0.0000	0.0000	0.0000	-0.0000	0.0000	2.3999	1.0024	4.0713	0.0000	0.0000	0.0000	0.0000	0.0000	0.0000	0.0000	0.0000	0.0000	0.0000	0.0000	0.0000	0.0000	0.0000	0.0000	0.0000	0.0000	0.0000	0.0000	0.0000	0.0000	0.0000	0.0000	0.0000	0.0000	0.0000	0.0000	0.0533	0.0369	0.0164	0.0216	0.0215	0.0001	0.0317	0.0155	0.0162	0.0000	0.0000	0.0000	0.0000	0.0000	0.0000	0.0000	0.0000	0.0000	0.0004	0.0005	0.0000	0.0009	0.0009	0.0000	0.0000	0.0000	0.0000						
23	91	0.0532	4	0	1	1	1	0	0	0	0	N	N	N	N	N	N	N	N	N	N	N	N	0.0000	0.0000	0.0000	0.0000	0.0000	0.0000	0.0000	0.0000	0.0000	0.0000	0.0000	0.0000	0.0000	0.0000	0.0000	0.0000	0.0000	0.0000	0.0000	0.0000	0.0000	0.0000	1.0024	0.0000	0.0000	0.0000	0.0000	0.0000	0.0000	0.0000	0.0000	0.0000	0.0000	0.0000	0.0000	0.0000	0.0000	0.0000	0.0000	0.0000	0.0000	0.0000	0.0000	0.0000	0.0000	0.0000	0.0000	0.0000	0.0000	0.0000	0.0000	0.0000	0.0000	0.0000	0.0000	0.0000	0.0000	0.0000	0.0000	0.0000	0.0000	0.0000	0.0000	0.0000	0.0000	0.0000	0.0000	0.0000	0.0000	0.0000	0.0000	0.0000	0.0000	0.0000	0.0000	0.0000	0.0000	0.0000											
23	92	0.0211	3	0	1	1	1	0	0	0	0	N	N	N	N	N	N	N	N	N	N	N	N	0.0000	0.0000	0.0000	0.0000	0.0000	0.0000	0.0000	0.0000	0.0000	0.0000	0.0000	0.0000	0.0000	0.0000	0.0000	0.0000	0.0000	0.0000	0.0000	0.0000	0.0000	3.7221	1.0024	2.9993	0.0000	0.0000	0.0000	0.0000	0.0000	0.0000	0.0000	0.0000	0.0000	0.0000	0.0000	0.0000	0.0000	0.0000	0.0000	0.0000	0.0000	0.0000	0.0000	0.0000	0.0000	0.0000	0.0000	0.0000	0.0000	0.0000	0.0000	0.0700	0.0481	0.0219	0.0300	0.0281	0.0019	0.0400	0.0200	0.0200	0.0000	0.0000	0.0000	0.0000	0.0000	0.0000	0.0000	0.0000	0.0000	0.0000	0.0000	0.0000	0.0000	0.0000	0.0000	0.0000	0.0000	0.0000											
23	94	0.1088	6	1	2	0	1	0	0	0	0	N	Y	N	N	N	N	N	N	N	N	N	N	0.0000	0.0000	0.0000	0.0000	0.0000	0.0000	0.0000	0.0000	0.0000	0.0000	0.0000	0.0000	0.0000	0.0000	0.0000	0.0000	0.0000	0.0000	0.0000	0.0000	0.0000	5.9980	1.0024	4.9575	0.0000	0.0000	0.0000	0.0000	0.0000	0.0000	0.0000	0.0000	0.0000	0.0000	0.0000	0.0000	0.0000	0.0000	0.0000	0.0000	0.0000	0.0000	0.0000	0.0000	0.0000	0.0000	0.0000	0.0000	0.0000	0.0000	0.0000	0.0864	0.0606	0.0258	0.0359	0.0357	0.0002	0.0505	0.0249	0.0256	0.0000	0.0000	0.0000	0.0000	0.0000	0.0000	0.0000	0.0000	0.0000	0.0000	0.0000	0.0000	0.0000	0.0000	0.0000	0.0000	0.0000	0.0000											
23	95	0.6298	8	1	2	0	1	0	0	0	0	N	Y	N	N	N	N	N	N	N	N	N	N	0.0000	0.0000	0.0000	0.0000	0.0000	0.0000	0.0000	0.0000	0.0000	0.0000	0.0000	0.0000	0.0000	0.0000	0.0000	0.0000	0.0000	0.0000	0.0000	0.0000	0.0000	0.0000	1.0024	2.0000	0.0000	0.0000	0.0000	0.0000	0.0000	0.0000	0.0000	0.0000	0.0000	0.0000	0.0000	0.0000	0.0000	0.0000	0.0000	0.0000	0.0000	0.0000	0.0000	0.0000	0.0000	0.0000	0.0000	0.0000	0.0000	0.0000	0.0000	0.0176	0.0112	0.0064	0.0132	0.0104	0.0029	0.0044	0.0009	0.0035	0.0000	0.0000	0.0000	0.0000	0.0000	0.0000	0.0000	0.0000	0.0000	0.0000	0.0000	0.0000	0.0000	0.0000	0.0000	0.0000	0.0000	0.0000											
23	96	0.6074	7	0	2	0	1	0	0	0	0	N	Y	N	N	N	N	N	N	N	N	N	N	0.0000	0.0000	0.0000	0.0000	0.0000	0.0000	0.0000	0.0000	0.0000	0.0000	0.0000	0.0000	0.0000	0.0000	0.0000	0.0000	0.0000	0.0000	0.0000	0.0000	0.0000	4.0000	1.0024	0.0000	0.0000	0.0000	0.0000	0.0000	0.0000	0.0000	0.0000	0.0000	0.0000	0.0000	0.0000	0.0000	0.0000	0.0000	0.0000	0.0000	0.0000	0.0000	0.0000	0.0000	0.0000	0.0000	0.0000	0.0000	0.0000	0.0000	0.0000	0.0036	0.0019	0.0018	0.0013	0.0011	0.0002	0.0023	0.0007	0.0016	0.0000	0.0000	0.0000	0.0000	0.0000	0.0000	0.0000	0.0000	0.0000	0.0000	0.0000	0.0000	0.0000	0.0000	0.0000	0.0000	0.0000	0.0000											
23	97	0.0513	4	0	1	0	1	0	0	0	0	N	N	N	N	N	N	N	N	N	N	N	N	0.0000	0.0000	0.0000	0.0000	0.0000	0.0000	0.0000	0.0000	0.0000	0.0000	0.0000	0.0000	0.0000	12.2959	0.0000	39.7973	0.0000	0.0000	0.0000	21.6237	0.0000	52.0596	inf	0.0000	0.4767	0.0000	3.9994	1.0024	4.0000	0.0000	0.0000	0.0000	0.0000	0.0000	0.0000	0.0000	0.0000	0.0000	0.9971	0.0000	0.9971	0.0000	0.0000	0.0000	0.9971	0.0000	0.9971	0.0000	0.0000	0.0000	0.0000	0.0000	0.0000	0.0000	0.0000	0.0000	0.0811	0.0560	0.0251	0.0350	0.0328	0.0022	0.0461	0.0232	0.0229	0.0000	0.0000	0.0000	0.0000	0.0000	0.0000	0.0000	0.0000	0.0000	12.2959	0.0000	39.7973	0.0000	0.0000	0.0000	21.6237	0.0000	43.5954						
23	98	0.6074	7	0	1	0	1	0	0	0	0	N	N	N	N	N	N	N	N	N	N	N	N	0.0000	0.0000	0.0000	0.0000	0.0000	0.0000	0.0000	0.0000	0.0000	0.0000	0.0000	0.0000	0.0000	0.0000	0.0000	0.0000	0.0000	0.0000	0.0000	0.0000	0.0000	1.0000	1.0024	0.0000	0.0000	0.0000	0.0000	0.0000	0.0000	0.0000	0.0000	0.0000	0.0000	0.0000	0.0000	0.0000	0.0000	0.0000	0.0000	0.0000	0.0000	0.0000	0.0000	0.0000	0.0000	0.0000	0.0000	0.0000	0.0000	0.0000	0.0000	0.0017	0.0009	0.0008	0.0006	0.0005	0.0001	0.0011	0.0003	0.0007	0.0000	0.0000	0.0000	0.0000	0.0000	0.0000	0.0000	0.0000	0.0000	0.0000	0.0000	0.0000	0.0000	0.0000	0.0000	0.0000	0.0000	0.0000											
23	99	0.1623	5	0	1	0	1	0	0	0	0	N	N	N	N	N	N	N	N	N	N	N	N	0.0000	0.0000	0.0000	0.0000	0.0000	0.0000	0.0000	0.0000	0.0000	0.0000	0.0000	0.0000	0.0000	0.0000	0.0000	0.0000	0.0000	0.0000	0.0051	0.0072	0.0000	0.0040	0.0035	0.0000	0.0001	0.0004	0.0000	0.0253	0.0000	-0.0001	0.0000	1.5982	1.0024	11.1970	0.0000	0.0000	0.0000	0.0000	0.0000	0.0000	0.0000	0.0000	0.0000	0.0002	0.0002	0.0000	0.0002	0.0002	0.0000	0.0000	0.0000	0.0000	0.0000	0.0000	0.0000	0.0000	0.0000	0.0000	0.0000	0.0000	0.0000	0.3071	0.1813	0.1258	0.1497	0.1456	0.0041	0.1573	0.0357	0.1216	0.0000	0.0000	0.0000	0.0000	0.0000	0.0000	0.0000	0.0000	0.0000	0.0008	0.0013	0.0000	0.0016	0.0016	0.0000	0.0000	0.0000	0.0000	
23	100	0.1103	7	1	2	1	1	0	0	0	0	N	Y	N	N	N	N	N	N	N	N	N	N	0.0000	0.0000	0.0000	0.0000	0.0000	0.0000	0.0000	0.0000	0.0000	0.0000	0.0000	0.0000	0.0000	0.0000	0.0000	0.0000	0.0000	0.0000	0.0000	0.0000	0.0000	0.0000	1.0024	0.9982	0.0000	0.0000	0.0000	0.0000	0.0000	0.0000	0.0000	0.0000	0.0000	0.0000	0.0000	0.0000	0.0000	0.0000	0.0000	0.0000	0.0000	0.0000	0.0000	0.0000	0.0000	0.0000	0.0000	0.0000	0.0000	0.0000	0.0000	0.0084	0.0059	0.0025	0.0035	0.0035	0.0000	0.0050	0.0024	0.0025	0.0000	0.0000	0.0000	0.0000	0.0000	0.0000	0.0000	0.0000	0.0000	0.0000	0.0000	0.0000	0.0000	0.0000	0.0000	0.0000	0.0000	0.0000											
23	101	0.6421	10	1	2	1	1	0	0	0	0	N	Y	N	N	N	N	N	N	N	N	N	N	0.0000	0.0000	0.0000	0.0000	0.0000	0.0000	0.0000	0.0000	0.0000	0.0000	0.0000	0.0000	0.0000	0.0000	0.0000	0.0000	0.0000	0.0000	0.0000	0.0000	0.0000	0.0000	1.0024	0.0000	0.0000	0.0000	0.0000	0.0000	0.0000	0.0000	0.0000	0.0000	0.0000	0.0000	0.0000	0.0000	0.0000	0.0000	0.0000	0.0000	0.0000	0.0000	0.0000	0.0000	0.0000	0.0000	0.0000	0.0000	0.0000	0.0000	0.0000	0.0000	0.0000	0.0000	0.0000	0.0000	0.0000	0.0000	0.0000	0.0000	0.0000	0.0000	0.0000	0.0000	0.0000	0.0000	0.0000	0.0000	0.0000	0.0000	0.0000	0.0000	0.0000	0.0000	0.0000	0.0000	0.0000	0.0000											
23	102	0.6421	9	1	1	1	1	0	0	0	0	N	N	N	N	N	N	N	N	N	N	N	N	0.0000	0.0000	0.0000	0.0000	0.0000	0.0000	0.0000	0.0000	0.0000	0.0000	0.0000	0.0000	0.0000	0.0000	0.0000	0.0000	0.0000	0.0000	0.0000	0.0000	0.0000	0.0000	1.0024	0.0000	0.0000	0.0000	0.0000	0.0000	0.0000	0.0000	0.0000	0.0000	0.0000	0.0000	0.0000	0.0000	0.0000	0.0000	0.0000	0.0000	0.0000	0.0000	0.0000	0.0000	0.0000	0.0000	0.0000	0.0000	0.0000	0.0000	0.0000	0.0000	0.0000	0.0000	0.0000	0.0000	0.0000	0.0000	0.0000	0.0000	0.0000	0.0000	0.0000	0.0000	0.0000	0.0000	0.0000	0.0000	0.0000	0.0000	0.0000	0.0000	0.0000	0.0000	0.0000	0.0000	0.0000	0.0000											
23	103	0.6360	8	1	1	1	1	0	0	0	0	N	N	N	N	N	N	N	N	N	N	N	N	0.0000	0.0000	0.0000	0.0000	0.0000	0.0000	0.0000	0.0000	0.0000	0.0000	0.0000	0.0000	0.0000	0.0000	0.0000	0.0000	0.0000	0.0000	0.0000	0.0000	0.0000	0.0000	1.0024	1.0091	0.0000	0.0000	0.0000	0.0000	0.0000	0.0000	0.0000	0.0000	0.0000	0.0000	0.0000	0.0000	0.0000	0.0000	0.0000	0.0000	0.0000	0.0000	0.0000	0.0000	0.0000	0.0000	0.0000	0.0000	0.0000	0.0000	0.0000	0.0090	0.0057	0.0033	0.0067	0.0053	0.0015	0.0022	0.0004	0.0018	0.0000	0.0000	0.0000	0.0000	0.0000	0.0000	0.0000	0.0000	0.0000	0.0000	0.0000	0.0000	0.0000	0.0000	0.0000	0.0000	0.0000	0.0000											
23	104	0.0513	4	0	2	0	1	0	0	0	0	N	Y	N	N	N	N	N	N	N	N	N	N	0.0000	0.0000	0.0000	0.0000	0.0000	0.0000	0.0000	0.0000	0.0000	0.0000	0.0000	0.0000	0.0000	8.6106	0.0000	31.9250	0.0000	0.0000	0.0000	15.0533	0.0000	38.4303	inf	0.0000	0.4767	0.0000	7.9994	1.0024	4.0001	0.0000	0.0000	0.0000	0.0000	0.0000	0.0000	0.0000	0.0000	0.0000	0.9971	0.0000	0.9971	0.0000	0.0000	0.0000	0.9971	0.0000	0.9971	0.0000	0.0000	0.0000	0.0000	0.0000	0.0000	0.0000	0.0000	0.0000	0.1158	0.0800	0.0358	0.0496	0.0467	0.0029	0.0662	0.0333	0.0329	0.0000	0.0000	0.0000	0.0000	0.0000	0.0000	0.0000	0.0000	0.0000	8.6106	0.0000	27.8560	0.0000	0.0000	0.0000	15.0533	0.0000	30.2854						
23	105	0.1138	8	1	1	1	1	0	0	0	0	N	N	N	N	N	N	N	N	N	N	N	N	0.0000	0.0000	0.0000	0.0000	0.0000	0.0000	0.0000	0.0000	0.0000	0.0000	0.0000	0.0000	0.0000	0.0028	0.0034	0.0000	0.0037	0.0030	0.0000	0.0000	0.0000	0.0000	0.0000	0.0000	-0.0000	0.0000	1.0000	1.0024	1.0005	0.0000	0.0000	0.0000	0.0000	0.0000	0.0000	0.0000	0.0000	0.0000	0.0000	0.0000	0.0000	0.0000	0.0000	0.0000	0.0000	0.0000	0.0000	0.0000	0.0000	0.0000	0.0000	0.0000	0.0000	0.0000	0.0000	0.0000	0.0168	0.0118	0.0050	0.0069	0.0069	0.0000	0.0099	0.0049	0.0050	0.0000	0.0000	0.0000	0.0000	0.0000	0.0000	0.0000	0.0000	0.0000	0.0006	0.0009	0.0000	0.0014	0.0014	0.0000	0.0000	0.0000	0.0000						
23	106	0.1103	7	1	1	1	1	0	0	0	0	N	N	N	N	N	N	N	N	N	N	N	N	0.0000	0.0000	0.0000	0.0000	0.0000	0.0000	0.0000	0.0000	0.0000	0.0000	0.0000	0.0000	0.0000	0.0000	0.0000	0.0000	0.0000	0.0000	0.0000	0.0000	0.0000	0.7249	1.0024	0.0368	0.0000	0.0000	0.0000	0.0000	0.0000	0.0000	0.0000	0.0000	0.0000	0.0000	0.0000	0.0000	0.0000	0.0000	0.0000	0.0000	0.0000	0.0000	0.0000	0.0000	0.0000	0.0000	0.0000	0.0000	0.0000	0.0000	0.0000	0.0065	0.0045	0.0019	0.0027	0.0027	0.0000	0.0038	0.0019	0.0019	0.0000	0.0000	0.0000	0.0000	0.0000	0.0000	0.0000	0.0000	0.0000	0.0000	0.0000	0.0000	0.0000	0.0000	0.0000	0.0000	0.0000	0.0000											
23	107	0.1088	6	1	1	1	1	0	0	0	0	N	N	N	N	N	N	N	N	N	N	N	N	0.0000	0.0000	0.0000	0.0000	0.0000	0.0000	0.0000	0.0000	0.0000	0.0000	0.0000	0.0000	0.0000	0.0000	0.0000	0.0000	0.0000	0.0000	0.0000	0.0000	0.0000	0.4159	1.0024	0.0887	0.0000	0.0000	0.0000	0.0000	0.0000	0.0000	0.0000	0.0000	0.0000	0.0000	0.0000	0.0000	0.0000	0.0000	0.0000	0.0000	0.0000	0.0000	0.0000	0.0000	0.0000	0.0000	0.0000	0.0000	0.0000	0.0000	0.0000	0.0044	0.0031	0.0013	0.0018	0.0018	0.0000	0.0026	0.0013	0.0013	0.0000	0.0000	0.0000	0.0000	0.0000	0.0000	0.0000	0.0000	0.0000	0.0000	0.0000	0.0000	0.0000	0.0000	0.0000	0.0000	0.0000	0.0000											
23	108	0.0925	5	1	1	0	1	0	0	0	0	N	N	N	N	N	N	N	N	N	N	N	N	0.0000	0.0000	0.0000	0.0000	0.0000	0.0000	0.0000	0.0000	0.0000	0.0000	0.0000	0.0000	0.0000	0.0000	0.0000	0.0000	0.0000	0.0000	0.0000	-0.0000	0.0000	3.9943	1.0024	0.9974	0.0000	0.0000	0.0000	0.0000	0.0000	0.0000	0.0000	0.0000	0.0000	0.0000	0.0000	0.0000	0.0000	0.0000	0.0000	0.0000	0.0000	0.0000	0.0000	0.0000	0.0000	0.0000	0.0000	0.0000	0.0000	0.0000	0.0000	0.0415	0.0288	0.0128	0.0168	0.0167	0.0001	0.0247	0.0121	0.0127	0.0000	0.0000	0.0000	0.0000	0.0000	0.0000	0.0000	0.0000	0.0000	0.0000	0.0000	0.0000	0.0000	0.0000	0.0000	0.0000	0.0000	0.0000											
23	109	0.6360	8	1	1	1	1	0	0	0	0	N	N	N	N	N	N	N	N	N	N	N	N	0.0000	0.0000	0.0000	0.0000	0.0000	0.0000	0.0000	0.0000	0.0000	0.0000	0.0000	0.0000	0.0000	0.0000	0.0000	0.0000	0.0000	0.0000	0.0000	0.0000	0.0000	0.0000	1.0024	0.9909	0.0000	0.0000	0.0000	0.0000	0.0000	0.0000	0.0000	0.0000	0.0000	0.0000	0.0000	0.0000	0.0000	0.0000	0.0000	0.0000	0.0000	0.0000	0.0000	0.0000	0.0000	0.0000	0.0000	0.0000	0.0000	0.0000	0.0000	0.0088	0.0056	0.0032	0.0066	0.0052	0.0014	0.0022	0.0004	0.0018	0.0000	0.0000	0.0000	0.0000	0.0000	0.0000	0.0000	0.0000	0.0000	0.0000	0.0000	0.0000	0.0000	0.0000	0.0000	0.0000	0.0000	0.0000											
23	110	0.6074	7	1	1	1	1	0	0	0	0	N	N	N	N	N	N	N	N	N	N	N	N	0.0000	0.0000	0.0000	0.0000	0.0000	0.0000	0.0000	0.0000	0.0000	0.0000	0.0000	0.0000	0.0000	0.0000	0.0000	0.0000	0.0000	0.0000	0.0000	0.0000	0.0000	4.0000	1.0024	0.0000	0.0000	0.0000	0.0000	0.0000	0.0000	0.0000	0.0000	0.0000	0.0000	0.0000	0.0000	0.0000	0.0000	0.0000	0.0000	0.0000	0.0000	0.0000	0.0000	0.0000	0.0000	0.0000	0.0000	0.0000	0.0000	0.0000	0.0000	0.0036	0.0019	0.0018	0.0013	0.0011	0.0002	0.0023	0.0007	0.0016	0.0000	0.0000	0.0000	0.0000	0.0000	0.0000	0.0000	0.0000	0.0000	0.0000	0.0000	0.0000	0.0000	0.0000	0.0000	0.0000	0.0000	0.0000											
23	112	0.0971	5	0	1	1	1	0	0	0	0	N	N	N	N	N	N	N	N	N	N	N	N	0.0000	0.0000	0.0000	0.0000	0.0000	0.0000	0.0000	0.0000	0.0000	0.0000	0.0000	0.0000	0.0000	0.0000	0.0000	0.0000	0.0000	0.0000	0.0000	0.0000	0.0000	0.0000	1.0024	0.0001	0.0000	0.0000	0.0000	0.0000	0.0000	0.0000	0.0000	0.0000	0.0000	0.0000	0.0000	0.0000	0.0000	0.0000	0.0000	0.0000	0.0000	0.0000	0.0000	0.0000	0.0000	0.0000	0.0000	0.0000	0.0000	0.0000	0.0000	0.0000	0.0000	0.0000	0.0000	0.0000	0.0000	0.0000	0.0000	0.0000	0.0000	0.0000	0.0000	0.0000	0.0000	0.0000	0.0000	0.0000	0.0000	0.0000	0.0000	0.0000	0.0000	0.0000	0.0000	0.0000	0.0000	0.0000											
23	113	0.0513	4	0	1	1	1	0	0	0	0	N	N	N	N	N	N	N	N	N	N	N	N	0.0000	0.0000	0.0000	0.0000	0.0000	0.0000	0.0000	0.0000	0.0000	0.0000	0.0000	0.0000	0.0000	0.0000	0.0000	0.0000	0.0000	0.0000	0.0000	0.0000	0.0000	4.0004	1.0024	4.9999	0.0000	0.0000	0.0000	0.0000	0.0000	0.0000	0.0000	0.0000	0.0000	0.0000	0.0000	0.0000	0.0000	0.0000	0.0000	0.0000	0.0000	0.0000	0.0000	0.0000	0.0000	0.0000	0.0000	0.0000	0.0000	0.0000	0.0000	0.0901	0.0623	0.0278	0.0388	0.0364	0.0024	0.0513	0.0258	0.0255	0.0000	0.0000	0.0000	0.0000	0.0000	0.0000	0.0000	0.0000	0.0000	0.0000	0.0000	0.0000	0.0000	0.0000	0.0000	0.0000	0.0000	0.0000											
23	114	0.6401	8	0	2	0	1	0	0	0	0	N	Y	N	N	N	N	N	N	N	N	N	N	0.0000	0.0000	0.0000	0.0000	0.0000	0.0000	0.0000	0.0000	0.0000	0.0000	0.0000	0.0000	0.0000	0.0000	0.0000	0.0000	0.0003	0.0006	0.0000	0.0007	0.0006	0.0000	0.0000	0.0000	0.0000	0.0001	0.0000	-0.0000	0.0000	4.3361	1.0024	4.6323	0.0000	0.0000	0.0000	0.0000	0.0000	0.0000	0.0000	0.0000	0.0000	0.0000	0.0000	0.0000	0.0000	0.0000	0.0000	0.0000	0.0000	0.0000	0.0000	0.0000	0.0000	0.0000	0.0000	0.0000	0.0000	0.0000	0.0000	0.0734	0.0472	0.0262	0.0558	0.0438	0.0120	0.0175	0.0034	0.0142	0.0000	0.0000	0.0000	0.0000	0.0000	0.0000	0.0000	0.0000	0.0000	0.0001	0.0002	0.0000	0.0002	0.0002	0.0000	0.0000	0.0000	0.0000			
23	115	0.6074	7	0	1	0	1	0	0	0	0	N	N	N	N	N	N	N	N	N	N	N	N	0.0000	0.0000	0.0000	0.0000	0.0000	0.0000	0.0000	0.0000	0.0000	0.0000	0.0000	0.0000	0.0000	0.0001	0.0003	0.0000	0.0004	0.0004	0.0000	0.0000	0.0000	0.0000	0.0000	0.0000	-0.0000	0.0000	1.9840	1.0024	0.2610	0.0000	0.0000	0.0000	0.0000	0.0000	0.0000	0.0000	0.0000	0.0000	0.0000	0.0000	0.0000	0.0000	0.0000	0.0000	0.0000	0.0000	0.0000	0.0000	0.0000	0.0000	0.0000	0.0000	0.0000	0.0000	0.0000	0.0000	0.0021	0.0011	0.0010	0.0008	0.0007	0.0001	0.0013	0.0004	0.0009	0.0000	0.0000	0.0000	0.0000	0.0000	0.0000	0.0000	0.0000	0.0000	0.0000	0.0000	0.0000	0.0001	0.0001	0.0000	0.0000	0.0000	0.0000						
23	116	0.0513	4	0	2	0	2	0	0	0	0	N	Y	N	Y	N	N	N	N	N	N	N	N	0.0000	0.0000	0.0000	0.0000	0.0000	0.0000	0.0000	0.0000	0.0000	0.0000	0.0000	0.0000	0.0000	0.0000	0.0000	0.0000	0.0000	0.0000	0.0000	0.0000	0.0000	5.0006	1.0024	2.0000	0.0000	0.0000	0.0000	0.0000	0.0000	0.0000	0.0000	0.0000	0.0000	0.0000	0.0000	0.0000	0.0000	0.0000	0.0000	0.0000	0.0000	0.0000	0.0000	0.0000	0.0000	0.0000	0.0000	0.0000	0.0000	0.0000	0.0000	0.0719	0.0497	0.0222	0.0311	0.0291	0.0020	0.0408	0.0206	0.0202	0.0000	0.0000	0.0000	0.0000	0.0000	0.0000	0.0000	0.0000	0.0000	0.0000	0.0000	0.0000	0.0000	0.0000	0.0000	0.0000	0.0000	0.0000											
23	117	0.6074	7	0	2	0	2	0	0	0	0	N	Y	N	Y	N	N	N	N	N	N	N	N	0.0000	0.0000	0.0000	0.0000	0.0000	0.0000	0.0000	0.0000	0.0000	0.0000	0.0000	0.0000	0.0000	0.0000	0.0000	0.0000	0.0000	0.0000	0.0000	0.0000	0.0000	0.0000	1.0024	1.0000	0.0000	0.0000	0.0000	0.0000	0.0000	0.0000	0.0000	0.0000	0.0000	0.0000	0.0000	0.0000	0.0000	0.0000	0.0000	0.0000	0.0000	0.0000	0.0000	0.0000	0.0000	0.0000	0.0000	0.0000	0.0000	0.0000	0.0000	0.0013	0.0007	0.0006	0.0005	0.0004	0.0001	0.0008	0.0003	0.0006	0.0000	0.0000	0.0000	0.0000	0.0000	0.0000	0.0000	0.0000	0.0000	0.0000	0.0000	0.0000	0.0000	0.0000	0.0000	0.0000	0.0000	0.0000											
23	118	0.0513	4	0	2	0	1	0	0	0	0	N	Y	N	N	N	N	N	N	N	N	N	N	0.0000	0.0000	0.0000	0.0000	0.0000	0.0000	0.0000	0.0000	0.0000	0.0000	0.0000	0.0000	0.0000	0.0000	0.0000	0.0000	0.0000	0.0000	0.0000	0.0000	0.0000	16.9994	1.0024	6.0000	0.0000	0.0000	0.0000	0.0000	0.0000	0.0000	0.0000	0.0000	0.0000	0.0000	0.0000	0.0000	0.0000	0.0000	0.0000	0.0000	0.0000	0.0000	0.0000	0.0000	0.0000	0.0000	0.0000	0.0000	0.0000	0.0000	0.0000	0.1965	0.1358	0.0607	0.0828	0.0790	0.0039	0.1137	0.0568	0.0569	0.0000	0.0000	0.0000	0.0000	0.0000	0.0000	0.0000	0.0000	0.0000	0.0000	0.0000	0.0000	0.0000	0.0000	0.0000	0.0000	0.0000	0.0000											
23	119	0.6074	7	0	2	0	1	0	0	0	0	N	Y	N	N	N	N	N	N	N	N	N	N	0.0000	0.0000	0.0000	0.0000	0.0000	0.0000	0.0000	0.0000	0.0000	0.0000	0.0000	0.0000	0.0000	0.0078	0.0163	0.0000	0.0102	0.0104	0.0000	0.0000	0.0000	0.0000	0.0000	0.0000	-0.0000	0.0000	5.0000	1.0024	6.0000	0.0000	0.0000	0.0000	0.0000	0.0000	0.0000	0.0000	0.0000	0.0000	0.0000	0.0000	0.0000	0.0000	0.0000	0.0000	0.0000	0.0000	0.0000	0.0000	0.0000	0.0000	0.0000	0.0000	0.0000	0.0000	0.0000	0.0000	0.0093	0.0048	0.0045	0.0035	0.0030	0.0005	0.0058	0.0018	0.0040	0.0000	0.0000	0.0000	0.0000	0.0000	0.0000	0.0000	0.0000	0.0000	0.0011	0.0021	0.0000	0.0029	0.0034	0.0000	0.0000	0.0000	0.0000						
23	120	0.6355	8	0	2	0	1	0	0	0	0	N	Y	N	N	N	N	N	N	N	N	N	N	0.0000	0.0000	0.0000	0.0000	0.0000	0.0000	0.0000	0.0000	0.0000	0.0000	0.0000	0.0000	0.0000	0.0484	0.1620	0.0000	0.0358	0.0371	0.0000	0.0000	0.0000	0.0000	0.0000	0.0000	-0.0000	0.0000	0.9998	1.0024	0.9486	0.0000	0.0000	0.0000	0.0000	0.0000	0.0000	0.0000	0.0000	0.0000	0.0000	0.0000	0.0000	0.0000	0.0000	0.0000	0.0000	0.0000	0.0000	0.0000	0.0000	0.0000	0.0000	0.0000	0.0000	0.0000	0.0000	0.0000	0.0032	0.0017	0.0014	0.0015	0.0013	0.0002	0.0017	0.0004	0.0012	0.0000	0.0000	0.0000	0.0000	0.0000	0.0000	0.0000	0.0000	0.0000	0.0029	0.0053	0.0000	0.0061	0.0070	0.0000	0.0000	0.0000	0.0000						
23	121	0.6074	7	0	2	0	1	0	0	0	0	N	Y	N	N	N	N	N	N	N	N	N	N	0.0000	0.0000	0.0000	0.0000	0.0000	0.0000	0.0000	0.0000	0.0000	0.0000	0.0000	0.0000	0.0000	0.0003	0.0006	0.0000	0.0009	0.0008	0.0000	0.0000	0.0000	0.0000	0.0000	0.0000	-0.0000	0.0000	3.0005	1.0024	1.1085	0.0000	0.0000	0.0000	0.0000	0.0000	0.0000	0.0000	0.0000	0.0000	0.0000	0.0000	0.0000	0.0000	0.0000	0.0000	0.0000	0.0000	0.0000	0.0000	0.0000	0.0000	0.0000	0.0000	0.0000	0.0000	0.0000	0.0000	0.0066	0.0034	0.0032	0.0025	0.0021	0.0004	0.0041	0.0013	0.0029	0.0000	0.0000	0.0000	0.0000	0.0000	0.0000	0.0000	0.0000	0.0000	0.0001	0.0002	0.0000	0.0003	0.0004	0.0000	0.0000	0.0000	0.0000						
23	122	0.0925	5	0	2	0	1	0	0	0	0	N	Y	N	N	N	N	N	N	N	N	N	N	0.0000	0.0000	0.0000	0.0000	0.0000	0.0000	0.0000	0.0000	0.0000	0.0000	0.0000	0.0000	0.0000	0.0000	0.0000	0.0000	0.0000	0.0000	0.0000	0.0000	0.0000	2.0001	1.0024	3.0000	0.0000	0.0000	0.0000	0.0000	0.0000	0.0000	0.0000	0.0000	0.0000	0.0000	0.0000	0.0000	0.0000	0.0000	0.0000	0.0000	0.0000	0.0000	0.0000	0.0000	0.0000	0.0000	0.0000	0.0000	0.0000	0.0000	0.0000	0.0416	0.0288	0.0128	0.0168	0.0167	0.0001	0.0248	0.0121	0.0127	0.0000	0.0000	0.0000	0.0000	0.0000	0.0000	0.0000	0.0000	0.0000	0.0000	0.0000	0.0000	0.0000	0.0000	0.0000	0.0000	0.0000	0.0000											
23	123	0.0513	4	0	1	0	1	0	0	0	0	N	N	N	N	N	N	N	N	N	N	N	N	0.0000	0.0000	0.0000	0.0000	0.0000	0.0000	0.0000	0.0000	0.0000	0.0000	0.0000	0.0000	0.0000	11.0689	0.0000	37.1546	0.0000	0.0000	0.0000	19.4351	0.0000	44.7119	inf	0.0000	0.4767	0.0000	6.9986	1.0024	2.0000	0.0000	0.0000	0.0000	0.0000	0.0000	0.0000	0.0000	0.0000	0.0000	0.9971	0.0000	0.9971	0.0000	0.0000	0.0000	0.9971	0.0000	0.9971	0.0000	0.0000	0.0000	0.0000	0.0000	0.0000	0.0000	0.0000	0.0000	0.0901	0.0622	0.0278	0.0388	0.0364	0.0024	0.0513	0.0258	0.0255	0.0000	0.0000	0.0000	0.0000	0.0000	0.0000	0.0000	0.0000	0.0000	11.0689	0.0000	35.8204	0.0000	0.0000	0.0000	19.4351	0.0000	39.1631						
23	124	0.6409	8	0	2	0	1	0	0	0	0	N	Y	N	N	N	N	N	N	N	N	N	N	0.0000	0.0000	0.0000	0.0000	0.0000	0.0000	0.0000	0.0000	0.0000	0.0000	0.0000	0.0000	0.0000	0.0000	0.0000	0.0000	0.0385	0.1405	0.0000	0.0416	0.0454	0.0000	0.0000	0.0000	0.0000	0.0001	0.0000	-0.0000	0.0000	3.9006	1.0024	3.1543	0.0000	0.0000	0.0000	0.0000	0.0000	0.0000	0.0000	0.0000	0.0000	0.0000	0.0000	0.0000	0.0000	0.0000	0.0000	0.0000	0.0000	0.0000	0.0000	0.0000	0.0000	0.0000	0.0000	0.0000	0.0000	0.0000	0.0000	0.0112	0.0060	0.0052	0.0045	0.0039	0.0006	0.0067	0.0022	0.0045	0.0000	0.0000	0.0000	0.0000	0.0000	0.0000	0.0000	0.0000	0.0000	0.0027	0.0050	0.0000	0.0066	0.0078	0.0000	0.0000	0.0000	0.0000			
23	125	0.6074	7	0	2	0	1	0	0	0	0	N	Y	N	N	N	N	N	N	N	N	N	N	0.0000	0.0000	0.0000	0.0000	0.0000	0.0000	0.0000	0.0000	0.0000	0.0000	0.0000	0.0000	0.0000	0.0000	0.0000	0.0000	0.1987	0.0001	0.0280	0.0002	0.0002	0.0000	0.0859	0.0000	0.0118	2534.9237	0.0000	0.0000	0.0000	1.6924	1.0024	1.9110	0.0000	0.0000	0.0000	0.0000	0.0000	0.0000	0.0000	0.0000	0.0000	0.0000	0.0000	0.0000	0.0000	0.0000	0.0000	0.0000	0.0000	0.0000	0.0000	0.0000	0.0000	0.0000	0.0000	0.0000	0.0000	0.0000	0.0000	0.0058	0.0030	0.0028	0.0022	0.0019	0.0003	0.0037	0.0011	0.0025	0.0000	0.0000	0.0000	0.0000	0.0000	0.0000	0.0000	0.0000	0.0000	0.0051	0.0000	0.0105	0.0000	0.0000	0.0000	0.0081	0.0000	0.0118			
23	126	0.0513	4	0	2	0	1	0	0	0	0	N	Y	N	N	N	N	N	N	N	N	N	N	0.0000	0.0000	0.0000	0.0000	0.0000	0.0000	0.0000	0.0000	0.0000	0.0000	0.0000	0.0000	0.0000	11.0674	0.0000	36.9637	0.0000	0.0000	0.0000	19.4324	0.0000	44.3689	inf	0.0000	0.4767	0.0000	0.9996	1.0024	8.0005	0.0000	0.0000	0.0000	0.0000	0.0000	0.0000	0.0000	0.0000	0.0000	0.9971	0.0000	0.9971	0.0000	0.0000	0.0000	0.9971	0.0000	0.9971	0.0000	0.0000	0.0000	0.0000	0.0000	0.0000	0.0000	0.0000	0.0000	0.0901	0.0623	0.0278	0.0388	0.0364	0.0024	0.0513	0.0258	0.0255	0.0000	0.0000	0.0000	0.0000	0.0000	0.0000	0.0000	0.0000	0.0000	11.0674	0.0000	35.8154	0.0000	0.0000	0.0000	19.4324	0.0000	39.1575						
23	127	0.1786	6	0	1	0	1	0	0	0	0	N	N	N	N	N	N	N	N	N	N	N	N	0.0000	0.0000	0.0000	0.0000	0.0000	0.0000	0.0000	0.0000	0.0000	0.0000	0.0000	0.0000	0.0000	0.0000	0.0000	0.0000	0.0000	0.0002	0.0003	0.0000	0.0005	0.0005	0.0000	0.0000	0.0000	0.0000	0.0036	0.0000	-0.0000	0.0000	3.6536	1.0024	12.3970	0.0000	0.0000	0.0000	0.0000	0.0000	0.0000	0.0000	0.0000	0.0000	0.0000	0.0000	0.0000	0.0000	0.0000	0.0000	0.0000	0.0000	0.0000	0.0000	0.0000	0.0000	0.0000	0.0000	0.0000	0.0000	0.0000	0.0000	0.2426	0.1537	0.0890	0.1157	0.1115	0.0042	0.1269	0.0421	0.0848	0.0000	0.0000	0.0000	0.0000	0.0000	0.0000	0.0000	0.0000	0.0000	0.0000	0.0001	0.0000	0.0001	0.0001	0.0000	0.0000	0.0000	0.0000		
23	128	0.3570	6	0	1	0	1	0	0	0	0	N	N	N	N	N	N	N	N	N	N	N	N	0.0000	0.0000	0.0000	0.0000	0.0000	0.0000	0.0000	0.0000	0.0000	0.0000	0.0000	0.0000	0.0000	0.0000	0.0000	0.0000	0.0000	0.0000	0.7594	1.0734	0.0000	0.5515	0.6057	0.0000	0.0000	0.0009	0.0000	0.0000	0.0000	-0.0050	0.0000	5.3495	1.0024	12.4099	0.0000	0.0000	0.0000	0.0000	0.0000	0.0000	0.0000	0.0000	0.0000	0.0096	0.0096	0.0000	0.0096	0.0096	0.0000	0.0000	0.0000	0.0000	0.0000	0.0000	0.0000	0.0000	0.0000	0.0000	0.0000	0.0000	0.0000	0.4182	0.2870	0.1312	0.2810	0.2237	0.0573	0.1373	0.0634	0.0739	0.0000	0.0000	0.0000	0.0000	0.0000	0.0000	0.0000	0.0000	0.0000	0.0229	0.0334	0.0000	0.0341	0.0429	0.0000	0.0000	0.0000	0.0000	
23	129	0.1628	10	0	2	0	2	0	0	0	0	N	Y	N	Y	N	N	N	N	N	N	N	N	0.0000	0.0000	0.0000	0.0000	0.0000	0.0000	0.0000	0.0000	0.0000	0.0000	0.0000	0.0000	0.0000	0.0000	0.0000	0.0000	0.0000	0.0000	0.0000	0.0000	0.0000	0.0000	1.0024	0.0000	0.0000	0.0000	0.0000	0.0000	0.0000	0.0000	0.0000	0.0000	0.0000	0.0000	0.0000	0.0000	0.0000	0.0000	0.0000	0.0000	0.0000	0.0000	0.0000	0.0000	0.0000	0.0000	0.0000	0.0000	0.0000	0.0000	0.0000	0.0000	0.0000	0.0000	0.0000	0.0000	0.0000	0.0000	0.0000	0.0000	0.0000	0.0000	0.0000	0.0000	0.0000	0.0000	0.0000	0.0000	0.0000	0.0000	0.0000	0.0000	0.0000	0.0000	0.0000	0.0000	0.0000	0.0000											
23	130	0.1465	9	0	2	0	2	0	0	0	0	N	Y	N	Y	N	N	N	N	N	N	N	N	0.0000	0.0000	0.0000	0.0000	0.0000	0.0000	0.0000	0.0000	0.0000	0.0000	0.0000	0.0000	0.0000	0.0014	0.0000	0.0014	0.0000	0.0000	0.0000	0.0010	0.0000	0.0014	inf	0.0000	0.0000	0.0000	0.0000	1.0024	3.0001	0.0000	0.0000	0.0000	0.0000	0.0000	0.0000	0.0000	0.0000	0.0000	0.0000	0.0000	0.0000	0.0000	0.0000	0.0000	0.0000	0.0000	0.0000	0.0000	0.0000	0.0000	0.0000	0.0000	0.0000	0.0000	0.0000	0.0000	0.0243	0.0170	0.0074	0.0103	0.0102	0.0001	0.0141	0.0068	0.0073	0.0000	0.0000	0.0000	0.0000	0.0000	0.0000	0.0000	0.0000	0.0000	0.0004	0.0000	0.0014	0.0000	0.0000	0.0000	0.0007	0.0000	0.0014						
23	131	0.1368	8	0	2	0	1	0	0	0	0	N	Y	N	N	N	N	N	N	N	N	N	N	0.0000	0.0000	0.0000	0.0000	0.0000	0.0000	0.0000	0.0000	0.0000	0.0000	0.0000	0.0000	0.0000	0.0000	0.0000	0.0000	0.0000	0.0000	0.0000	0.0000	0.0000	0.0000	1.0024	0.0000	0.0000	0.0000	0.0000	0.0000	0.0000	0.0000	0.0000	0.0000	0.0000	0.0000	0.0000	0.0000	0.0000	0.0000	0.0000	0.0000	0.0000	0.0000	0.0000	0.0000	0.0000	0.0000	0.0000	0.0000	0.0000	0.0000	0.0000	0.0000	0.0000	0.0000	0.0000	0.0000	0.0000	0.0000	0.0000	0.0000	0.0000	0.0000	0.0000	0.0000	0.0000	0.0000	0.0000	0.0000	0.0000	0.0000	0.0000	0.0000	0.0000	0.0000	0.0000	0.0000	0.0000	0.0000											
23	132	0.1465	9	0	1	1	2	0	0	0	0	N	N	N	Y	N	N	N	N	N	N	N	N	0.0000	0.0000	0.0000	0.0000	0.0000	0.0000	0.0000	0.0000	0.0000	0.0000	0.0000	0.0000	0.0000	0.0000	0.0000	0.0000	0.0000	0.0000	0.0000	0.0000	0.0000	0.0000	1.0024	1.9999	0.0000	0.0000	0.0000	0.0000	0.0000	0.0000	0.0000	0.0000	0.0000	0.0000	0.0000	0.0000	0.0000	0.0000	0.0000	0.0000	0.0000	0.0000	0.0000	0.0000	0.0000	0.0000	0.0000	0.0000	0.0000	0.0000	0.0000	0.0163	0.0114	0.0049	0.0069	0.0069	0.0000	0.0094	0.0045	0.0049	0.0000	0.0000	0.0000	0.0000	0.0000	0.0000	0.0000	0.0000	0.0000	0.0000	0.0000	0.0000	0.0000	0.0000	0.0000	0.0000	0.0000	0.0000											
23	133	0.1575	10	0	1	1	2	0	0	0	0	N	N	N	Y	N	N	N	N	N	N	N	N	0.0000	0.0000	0.0000	0.0000	0.0000	0.0000	0.0000	0.0000	0.0000	0.0000	0.0000	0.0000	0.0000	0.0000	0.0000	0.0000	0.0000	0.0000	0.0000	0.0000	0.0000	1.0000	1.0024	0.0000	0.0000	0.0000	0.0000	0.0000	0.0000	0.0000	0.0000	0.0000	0.0000	0.0000	0.0000	0.0000	0.0000	0.0000	0.0000	0.0000	0.0000	0.0000	0.0000	0.0000	0.0000	0.0000	0.0000	0.0000	0.0000	0.0000	0.0000	0.0081	0.0057	0.0024	0.0035	0.0035	0.0000	0.0047	0.0022	0.0024	0.0000	0.0000	0.0000	0.0000	0.0000	0.0000	0.0000	0.0000	0.0000	0.0000	0.0000	0.0000	0.0000	0.0000	0.0000	0.0000	0.0000	0.0000											
23	134	0.1575	10	0	1	1	2	0	0	0	0	N	N	N	Y	N	N	N	N	N	N	N	N	0.0000	0.0000	0.0000	0.0000	0.0000	0.0000	0.0000	0.0000	0.0000	0.0000	0.0000	0.0000	0.0000	0.0000	0.0000	0.0000	0.0000	0.0000	0.0000	0.0000	0.0000	0.0000	1.0024	0.0000	0.0000	0.0000	0.0000	0.0000	0.0000	0.0000	0.0000	0.0000	0.0000	0.0000	0.0000	0.0000	0.0000	0.0000	0.0000	0.0000	0.0000	0.0000	0.0000	0.0000	0.0000	0.0000	0.0000	0.0000	0.0000	0.0000	0.0000	0.0000	0.0000	0.0000	0.0000	0.0000	0.0000	0.0000	0.0000	0.0000	0.0000	0.0000	0.0000	0.0000	0.0000	0.0000	0.0000	0.0000	0.0000	0.0000	0.0000	0.0000	0.0000	0.0000	0.0000	0.0000	0.0000	0.0000											
23	135	0.1465	9	0	1	1	2	0	0	0	0	N	N	N	Y	N	N	N	N	N	N	N	N	0.0000	0.0000	0.0000	0.0000	0.0000	0.0000	0.0000	0.0000	0.0000	0.0000	0.0000	0.0000	0.0000	0.0000	0.0000	0.0000	0.0000	0.0000	0.0000	0.0000	0.0000	2.0025	1.0024	0.9943	0.0000	0.0000	0.0000	0.0000	0.0000	0.0000	0.0000	0.0000	0.0000	0.0000	0.0000	0.0000	0.0000	0.0000	0.0000	0.0000	0.0000	0.0000	0.0000	0.0000	0.0000	0.0000	0.0000	0.0000	0.0000	0.0000	0.0000	0.0243	0.0170	0.0073	0.0103	0.0102	0.0001	0.0140	0.0067	0.0073	0.0000	0.0000	0.0000	0.0000	0.0000	0.0000	0.0000	0.0000	0.0000	0.0000	0.0000	0.0000	0.0000	0.0000	0.0000	0.0000	0.0000	0.0000											
23	136	0.1465	8	0	1	0	2	0	0	0	0	N	N	N	Y	N	N	N	N	N	N	N	N	0.0000	0.0000	0.0000	0.0000	0.0000	0.0000	0.0000	0.0000	0.0000	0.0000	0.0000	0.0000	0.0000	0.0000	0.0000	0.0000	0.0000	0.0000	0.0000	-0.0000	0.0000	0.0050	1.0024	0.0173	0.0000	0.0000	0.0000	0.0000	0.0000	0.0000	0.0000	0.0000	0.0000	0.0000	0.0000	0.0000	0.0000	0.0000	0.0000	0.0000	0.0000	0.0000	0.0000	0.0000	0.0000	0.0000	0.0000	0.0000	0.0000	0.0000	0.0000	0.0002	0.0001	0.0001	0.0001	0.0001	0.0000	0.0001	0.0001	0.0001	0.0000	0.0000	0.0000	0.0000	0.0000	0.0000	0.0000	0.0000	0.0000	0.0000	0.0000	0.0000	0.0000	0.0000	0.0000	0.0000	0.0000	0.0000											
23	137	0.1368	7	0	1	0	2	0	0	0	0	N	N	N	Y	N	N	N	N	N	N	N	N	0.0000	0.0000	0.0000	0.0000	0.0000	0.0000	0.0000	0.0000	0.0000	0.0000	0.0000	0.0000	0.0000	0.0000	0.0000	0.0000	0.0000	0.0000	0.0000	-0.0000	0.0000	1.9972	1.0024	1.0076	0.0000	0.0000	0.0000	0.0000	0.0000	0.0000	0.0000	0.0000	0.0000	0.0000	0.0000	0.0000	0.0000	0.0000	0.0000	0.0000	0.0000	0.0000	0.0000	0.0000	0.0000	0.0000	0.0000	0.0000	0.0000	0.0000	0.0000	0.0241	0.0169	0.0072	0.0103	0.0102	0.0001	0.0138	0.0067	0.0072	0.0000	0.0000	0.0000	0.0000	0.0000	0.0000	0.0000	0.0000	0.0000	0.0000	0.0000	0.0000	0.0000	0.0000	0.0000	0.0000	0.0000	0.0000											
23	138	0.1195	6	1	2	0	1	0	0	0	0	N	Y	N	N	N	N	N	N	N	N	N	N	0.0000	0.0000	0.0000	0.0000	0.0000	0.0000	0.0000	0.0000	0.0000	0.0000	0.0000	0.0000	0.0000	0.0000	0.0000	0.0000	0.0000	0.0000	0.0000	0.0000	0.0000	0.0002	1.0024	2.3255	0.0000	0.0000	0.0000	0.0000	0.0000	0.0000	0.0000	0.0000	0.0000	0.0000	0.0000	0.0000	0.0000	0.0000	0.0000	0.0000	0.0000	0.0000	0.0000	0.0000	0.0000	0.0000	0.0000	0.0000	0.0000	0.0000	0.0000	0.0211	0.0149	0.0062	0.0090	0.0089	0.0001	0.0121	0.0060	0.0061	0.0000	0.0000	0.0000	0.0000	0.0000	0.0000	0.0000	0.0000	0.0000	0.0000	0.0000	0.0000	0.0000	0.0000	0.0000	0.0000	0.0000	0.0000											
23	139	0.1017	5	1	2	0	1	0	0	0	0	N	Y	N	N	N	N	N	N	N	N	N	N	0.0000	0.0000	0.0000	0.0000	0.0000	0.0000	0.0000	0.0000	0.0000	0.0000	0.0000	0.0000	0.0000	0.0000	0.0000	0.0000	1.5112	0.0007	3.1107	0.0012	0.0009	0.0000	1.7711	0.0000	1.1327	887.7588	0.0000	0.0039	0.0000	2.0138	1.0024	2.7349	0.0000	0.0000	0.0000	0.0000	0.0000	0.0000	0.0000	0.0000	0.0000	0.0081	0.0000	0.0081	0.0000	0.0000	0.0000	0.0081	0.0000	0.0081	0.0000	0.0000	0.0000	0.0000	0.0000	0.0000	0.0000	0.0000	0.0000	0.0448	0.0310	0.0138	0.0188	0.0186	0.0002	0.0260	0.0124	0.0136	0.0000	0.0000	0.0000	0.0000	0.0000	0.0000	0.0000	0.0000	0.0000	0.1807	0.0003	0.5850	0.0005	0.0005	0.0000	0.3107	0.0000	0.5937			
23	140	0.1182	6	0	2	0	1	0	0	0	0	N	Y	N	N	N	N	N	N	N	N	N	N	0.0000	0.0000	0.0000	0.0000	0.0000	0.0000	0.0000	0.0000	0.0000	0.0000	0.0000	0.0000	0.0000	0.2902	0.0000	0.0708	0.0000	0.0000	0.0000	0.1438	0.0000	0.0252	inf	0.0000	0.0001	0.0000	1.9232	1.0024	1.1116	0.0000	0.0000	0.0000	0.0000	0.0000	0.0000	0.0000	0.0000	0.0000	0.0002	0.0000	0.0002	0.0000	0.0000	0.0000	0.0002	0.0000	0.0002	0.0000	0.0000	0.0000	0.0000	0.0000	0.0000	0.0000	0.0000	0.0000	0.0255	0.0178	0.0077	0.0108	0.0107	0.0001	0.0147	0.0071	0.0076	0.0000	0.0000	0.0000	0.0000	0.0000	0.0000	0.0000	0.0000	0.0000	0.0063	0.0000	0.0208	0.0000	0.0000	0.0000	0.0108	0.0000	0.0210						
23	141	0.6266	8	0	2	0	1	0	0	0	0	N	Y	N	N	N	N	N	N	N	N	N	N	0.0000	0.0000	0.0000	0.0000	0.0000	0.0000	0.0000	0.0000	0.0000	0.0000	0.0000	0.0000	0.0000	0.0000	0.0000	0.0000	0.0000	0.0000	0.0000	0.0000	0.0000	3.0000	1.0024	1.0000	0.0000	0.0000	0.0000	0.0000	0.0000	0.0000	0.0000	0.0000	0.0000	0.0000	0.0000	0.0000	0.0000	0.0000	0.0000	0.0000	0.0000	0.0000	0.0000	0.0000	0.0000	0.0000	0.0000	0.0000	0.0000	0.0000	0.0000	0.0064	0.0033	0.0031	0.0024	0.0021	0.0003	0.0040	0.0013	0.0028	0.0000	0.0000	0.0000	0.0000	0.0000	0.0000	0.0000	0.0000	0.0000	0.0000	0.0000	0.0000	0.0000	0.0000	0.0000	0.0000	0.0000	0.0000											
23	142	0.6074	7	0	1	0	1	0	0	0	0	N	N	N	N	N	N	N	N	N	N	N	N	0.0000	0.0000	0.0000	0.0000	0.0000	0.0000	0.0000	0.0000	0.0000	0.0000	0.0000	0.0000	0.0000	0.0000	0.0000	0.0000	0.0000	0.0000	0.0000	0.0000	0.0000	1.0000	1.0024	1.0000	0.0000	0.0000	0.0000	0.0000	0.0000	0.0000	0.0000	0.0000	0.0000	0.0000	0.0000	0.0000	0.0000	0.0000	0.0000	0.0000	0.0000	0.0000	0.0000	0.0000	0.0000	0.0000	0.0000	0.0000	0.0000	0.0000	0.0000	0.0033	0.0017	0.0016	0.0012	0.0011	0.0002	0.0021	0.0007	0.0015	0.0000	0.0000	0.0000	0.0000	0.0000	0.0000	0.0000	0.0000	0.0000	0.0000	0.0000	0.0000	0.0000	0.0000	0.0000	0.0000	0.0000	0.0000											
23	143	0.3570	6	0	1	0	1	0	0	0	0	N	N	N	N	N	N	N	N	N	N	N	N	0.0000	0.0000	0.0000	0.0000	0.0000	0.0000	0.0000	0.0000	0.0000	0.0000	0.0000	0.0000	0.0000	0.0000	0.0000	0.0000	0.0000	0.6842	0.9771	0.0001	0.4677	0.5169	0.0000	0.0001	0.0000	0.0001	0.0009	0.0000	-0.0042	0.0000	7.1211	1.0024	10.9474	0.0000	0.0000	0.0000	0.0000	0.0000	0.0000	0.0000	0.0000	0.0000	0.0081	0.0081	0.0000	0.0081	0.0081	0.0000	0.0000	0.0000	0.0000	0.0000	0.0000	0.0000	0.0000	0.0000	0.0000	0.0000	0.0000	0.0000	0.4192	0.2876	0.1315	0.2815	0.2242	0.0573	0.1377	0.0634	0.0742	0.0000	0.0000	0.0000	0.0000	0.0000	0.0000	0.0000	0.0000	0.0000	0.0193	0.0281	0.0001	0.0287	0.0361	0.0000	0.0001	0.0000	0.0001		
23	144	0.1623	5	0	1	0	1	0	0	0	0	N	N	N	N	N	N	N	N	N	N	N	N	0.0000	0.0000	0.0000	0.0000	0.0000	0.0000	0.0000	0.0000	0.0000	0.0000	0.0000	0.0000	0.0000	0.0000	0.0000	0.0000	0.0000	0.0000	0.3037	0.1488	0.0209	0.0039	0.0031	0.0020	0.1426	1.0218	0.0090	0.9742	0.0000	-0.0001	0.0000	8.5175	1.0024	23.1696	0.0000	0.0000	0.0000	0.0000	0.0000	0.0000	0.0000	0.0000	0.0000	0.0025	0.0013	0.0012	0.0003	0.0003	0.0000	0.0022	0.0010	0.0012	0.0000	0.0000	0.0000	0.0000	0.0000	0.0000	0.0000	0.0000	0.0000	0.3868	0.2462	0.1406	0.1821	0.1766	0.0055	0.2047	0.0696	0.1351	0.0000	0.0000	0.0000	0.0000	0.0000	0.0000	0.0000	0.0000	0.0000	0.0064	0.0051	0.0087	0.0015	0.0015	0.0017	0.0108	0.0142	0.0090	
23	145	0.1368	8	1	2	0	1	0	0	0	0	N	Y	N	N	N	N	N	N	N	N	N	N	0.0000	0.0000	0.0000	0.0000	0.0000	0.0000	0.0000	0.0000	0.0000	0.0000	0.0000	0.0000	0.0000	0.0000	0.0000	0.0000	0.0000	0.0000	0.0000	0.0000	0.0000	1.0000	1.0024	1.0000	0.0000	0.0000	0.0000	0.0000	0.0000	0.0000	0.0000	0.0000	0.0000	0.0000	0.0000	0.0000	0.0000	0.0000	0.0000	0.0000	0.0000	0.0000	0.0000	0.0000	0.0000	0.0000	0.0000	0.0000	0.0000	0.0000	0.0000	0.0162	0.0113	0.0048	0.0069	0.0069	0.0000	0.0093	0.0045	0.0048	0.0000	0.0000	0.0000	0.0000	0.0000	0.0000	0.0000	0.0000	0.0000	0.0000	0.0000	0.0000	0.0000	0.0000	0.0000	0.0000	0.0000	0.0000											
23	146	0.1368	7	0	2	0	1	0	0	0	0	N	Y	N	N	N	N	N	N	N	N	N	N	0.0000	0.0000	0.0000	0.0000	0.0000	0.0000	0.0000	0.0000	0.0000	0.0000	0.0000	0.0000	0.0000	0.0000	0.0000	0.0000	0.0000	0.0000	0.0000	0.0000	0.0000	0.0003	1.0024	0.0000	0.0000	0.0000	0.0000	0.0000	0.0000	0.0000	0.0000	0.0000	0.0000	0.0000	0.0000	0.0000	0.0000	0.0000	0.0000	0.0000	0.0000	0.0000	0.0000	0.0000	0.0000	0.0000	0.0000	0.0000	0.0000	0.0000	0.0000	0.0000	0.0000	0.0000	0.0000	0.0000	0.0000	0.0000	0.0000	0.0000	0.0000	0.0000	0.0000	0.0000	0.0000	0.0000	0.0000	0.0000	0.0000	0.0000	0.0000	0.0000	0.0000	0.0000	0.0000	0.0000	0.0000	0.0000											
23	147	0.1182	6	0	1	0	1	0	0	0	0	N	N	N	N	N	N	N	N	N	N	N	N	0.0000	0.0000	0.0000	0.0000	0.0000	0.0000	0.0000	0.0000	0.0000	0.0000	0.0000	0.0000	0.0000	0.0786	0.0000	0.0312	0.0000	0.0000	0.0000	0.0463	0.0000	0.0111	inf	0.0000	0.0001	0.0000	4.9449	1.0024	1.0063	0.0000	0.0000	0.0000	0.0000	0.0000	0.0000	0.0000	0.0000	0.0000	0.0002	0.0000	0.0002	0.0000	0.0000	0.0000	0.0002	0.0000	0.0002	0.0000	0.0000	0.0000	0.0000	0.0000	0.0000	0.0000	0.0000	0.0000	0.0484	0.0338	0.0146	0.0204	0.0203	0.0001	0.0280	0.0135	0.0144	0.0000	0.0000	0.0000	0.0000	0.0000	0.0000	0.0000	0.0000	0.0000	0.0033	0.0000	0.0110	0.0000	0.0000	0.0000	0.0057	0.0000	0.0111						
23	148	0.1017	5	0	1	0	1	0	0	0	0	N	N	N	N	N	N	N	N	N	N	N	N	0.0000	0.0000	0.0000	0.0000	0.0000	0.0000	0.0000	0.0000	0.0000	0.0000	0.0000	0.0000	0.0000	0.0000	0.0000	0.0000	0.0000	1.5117	0.1494	3.0889	0.0692	0.0558	0.0000	1.7330	0.0000	1.1052	51.0800	0.0000	0.0038	0.0000	3.4778	1.0024	1.2917	0.0000	0.0000	0.0000	0.0000	0.0000	0.0000	0.0000	0.0000	0.0000	0.0082	0.0002	0.0081	0.0002	0.0002	0.0000	0.0081	0.0000	0.0081	0.0000	0.0000	0.0000	0.0000	0.0000	0.0000	0.0000	0.0000	0.0000	0.0450	0.0311	0.0139	0.0188	0.0186	0.0002	0.0261	0.0125	0.0137	0.0000	0.0000	0.0000	0.0000	0.0000	0.0000	0.0000	0.0000	0.0000	0.1834	0.0051	0.5828	0.0084	0.0085	0.0000	0.3095	0.0000	0.5914		
23	149	0.0513	4	0	1	0	1	0	0	0	0	N	N	N	N	N	N	N	N	N	N	N	N	0.0000	0.0000	0.0000	0.0000	0.0000	0.0000	0.0000	0.0000	0.0000	0.0000	0.0000	0.0000	0.0000	0.0000	0.0000	0.0000	0.0000	8.6592	0.0004	33.0669	0.0007	0.0007	0.0000	15.1420	0.0004	38.9382	90352.0129	0.0000	0.4728	0.0000	7.8050	1.0024	4.0035	0.0000	0.0000	0.0000	0.0000	0.0000	0.0000	0.0000	0.0000	0.0000	0.9890	0.0000	0.9890	0.0000	0.0000	0.0000	0.9890	0.0000	0.9890	0.0000	0.0000	0.0000	0.0000	0.0000	0.0000	0.0000	0.0000	0.0000	0.1142	0.0789	0.0353	0.0489	0.0461	0.0028	0.0653	0.0329	0.0325	0.0000	0.0000	0.0000	0.0000	0.0000	0.0000	0.0000	0.0000	0.0000	8.6592	0.0001	28.0133	0.0002	0.0002	0.0000	15.1420	0.0000	30.4670		
23	150	0.1786	6	0	1	0	1	0	0	0	0	N	N	N	N	N	N	N	N	N	N	N	N	0.0000	0.0000	0.0000	0.0000	0.0000	0.0000	0.0000	0.0000	0.0000	0.0000	0.0000	0.0000	0.0000	0.0000	0.0000	0.0000	0.0000	0.7142	0.0002	0.1706	0.0005	0.0002	0.0029	0.5036	0.0000	0.0754	4484.7930	0.0000	0.0025	0.0000	3.7255	1.0024	14.1767	0.0000	0.0000	0.0000	0.0000	0.0000	0.0000	0.0000	0.0000	0.0000	0.0053	0.0000	0.0053	0.0000	0.0000	0.0000	0.0053	0.0000	0.0053	0.0000	0.0000	0.0000	0.0000	0.0000	0.0000	0.0000	0.0000	0.0000	0.2530	0.1616	0.0914	0.1202	0.1158	0.0044	0.1328	0.0459	0.0870	0.0000	0.0000	0.0000	0.0000	0.0000	0.0000	0.0000	0.0000	0.0000	0.0209	0.0000	0.0579	0.0001	0.0000	0.0023	0.0398	0.0000	0.0607		
23	151	0.1623	5	0	1	0	1	0	0	0	0	N	N	N	N	N	N	N	N	N	N	N	N	0.0000	0.0000	0.0000	0.0000	0.0000	0.0000	0.0000	0.0000	0.0000	0.0000	0.0000	0.0000	0.0000	0.0000	0.0000	0.0000	0.0000	0.0000	0.0068	0.0100	0.0001	0.0046	0.0042	0.0001	0.0001	0.0011	0.0001	0.0527	0.0000	-0.0001	0.0000	1.4205	1.0024	4.0377	0.0000	0.0000	0.0000	0.0000	0.0000	0.0000	0.0000	0.0000	0.0000	0.0003	0.0002	0.0000	0.0002	0.0002	0.0000	0.0000	0.0000	0.0000	0.0000	0.0000	0.0000	0.0000	0.0000	0.0000	0.0000	0.0000	0.0000	0.2644	0.1471	0.1172	0.1315	0.1288	0.0027	0.1329	0.0184	0.1145	0.0000	0.0000	0.0000	0.0000	0.0000	0.0000	0.0000	0.0000	0.0000	0.0010	0.0016	0.0001	0.0018	0.0019	0.0001	0.0001	0.0000	0.0001	
23	152	0.0513	4	0	1	0	1	0	0	0	0	N	N	N	N	N	N	N	N	N	N	N	N	0.0000	0.0000	0.0000	0.0000	0.0000	0.0000	0.0000	0.0000	0.0000	0.0000	0.0000	0.0000	0.0000	0.0000	0.0000	0.0000	0.0000	0.0000	0.0191	0.0039	0.0042	0.0005	0.0005	0.0001	0.0209	0.0454	0.0043	1.9798	0.0000	0.0000	0.0000	6.4701	1.0024	12.4371	0.0000	0.0000	0.0000	0.0000	0.0000	0.0000	0.0000	0.0000	0.0000	0.0003	0.0001	0.0002	0.0000	0.0000	0.0000	0.0003	0.0001	0.0002	0.0000	0.0000	0.0000	0.0000	0.0000	0.0000	0.0000	0.0000	0.0000	0.1687	0.1165	0.0521	0.0714	0.0678	0.0036	0.0973	0.0487	0.0485	0.0000	0.0000	0.0000	0.0000	0.0000	0.0000	0.0000	0.0000	0.0000	0.0018	0.0009	0.0040	0.0001	0.0001	0.0001	0.0031	0.0020	0.0043	
24	25	0.6523	8	0	2	0	0	0	0	0	0	N	Y	N	N	N	N	N	N	N	N	N	N	0.0000	0.0000	0.0000	0.0000	0.0000	0.0000	0.0000	0.0000	0.0000	0.0000	0.0000	0.0000	0.0000	0.0000	0.0000	0.0000	0.0000	0.0000	0.0000	0.0000	0.0000	0.9998	0.0000	0.0242	0.0000	0.0000	0.0000	0.0000	0.0000	0.0000	0.0000	0.0000	0.0000	0.0000	0.0000	0.0000	0.0000	0.0000	0.0000	0.0000	0.0000	0.0000	0.0000	0.0000	0.0000	0.0000	0.0000	0.0000	0.0000	0.0000	0.0000	0.0000	0.0000	0.0000	0.0000	0.0000	0.0000	0.0000	0.0000	0.0000	0.0000	0.0000	0.0000	0.0000	0.0000	0.0000	0.0000	0.0000	0.0000	0.0000	0.0000	0.0000	0.0000	0.0000	0.0000	0.0000	0.0000	0.0000											
24	26	0.6900	11	0	2	0	1	0	0	0	0	N	Y	N	N	N	N	N	N	N	N	N	N	0.0000	0.0000	0.0000	0.0000	0.0000	0.0000	0.0000	0.0000	0.0000	0.0000	0.0000	0.0000	0.0000	0.0000	0.0000	0.0000	0.0000	0.0000	0.0000	0.0000	0.0000	0.0000	0.0000	0.0000	0.0000	0.0000	0.0000	0.0000	0.0000	0.0000	0.0000	0.0000	0.0000	0.0000	0.0000	0.0000	0.0000	0.0000	0.0000	0.0000	0.0000	0.0000	0.0000	0.0000	0.0000	0.0000	0.0000	0.0000	0.0000	0.0000	0.0000	0.0000	0.0000	0.0000	0.0000	0.0000	0.0000	0.0000	0.0000	0.0000	0.0000	0.0000	0.0000	0.0000	0.0000	0.0000	0.0000	0.0000	0.0000	0.0000	0.0000	0.0000	0.0000	0.0000	0.0000	0.0000	0.0000	0.0000											
24	27	0.0685	3	1	2	0	0	0	0	0	0	N	Y	N	N	N	N	N	N	N	N	N	N	0.0000	0.0000	0.0000	0.0000	0.0000	0.0000	0.0000	0.0000	0.0000	0.0000	0.0000	0.0000	0.0000	0.0000	0.0000	0.0000	0.0000	0.0000	0.0000	0.0000	0.0000	0.0418	0.0000	6.1659	0.0000	0.0000	0.0000	0.0000	0.0000	0.0000	0.0000	0.0000	0.0000	0.0000	0.0000	0.0000	0.0000	0.0000	0.0000	0.0000	0.0000	0.0000	0.0000	0.0000	0.0000	0.0000	0.0000	0.0000	0.0000	0.0000	0.0000	0.0000	0.0000	0.0000	0.0000	0.0000	0.0000	0.0000	0.0000	0.0000	0.0000	0.0000	0.0000	0.0000	0.0000	0.0000	0.0000	0.0000	0.0000	0.0000	0.0000	0.0000	0.0000	0.0000	0.0000	0.0000	0.0000	0.0000											
24	28	0.0754	6	0	1	0	1	0	0	0	0	N	N	N	N	N	N	N	N	N	N	N	N	0.0000	0.0000	0.0000	0.0000	0.0000	0.0000	0.0000	0.0000	0.0000	0.0000	0.0000	0.0000	0.0000	0.0000	0.0000	0.0000	0.0000	0.0000	0.0000	0.0000	0.0000	1.5398	0.0000	1.0296	0.0000	0.0000	0.0000	0.0000	0.0000	0.0000	0.0000	0.0000	0.0000	0.0000	0.0000	0.0000	0.0000	0.0000	0.0000	0.0000	0.0000	0.0000	0.0000	0.0000	0.0000	0.0000	0.0000	0.0000	0.0000	0.0000	0.0000	0.0000	0.0000	0.0000	0.0000	0.0000	0.0000	0.0000	0.0000	0.0000	0.0000	0.0000	0.0000	0.0000	0.0000	0.0000	0.0000	0.0000	0.0000	0.0000	0.0000	0.0000	0.0000	0.0000	0.0000	0.0000	0.0000	0.0000											
24	29	0.0703	5	0	1	0	1	0	0	0	0	N	N	N	N	N	N	N	N	N	N	N	N	0.0000	0.0000	0.0000	0.0000	0.0000	0.0000	0.0000	0.0000	0.0000	0.0000	0.0000	0.0000	0.0000	0.0000	0.0000	0.0000	0.0000	0.0000	0.0000	0.0000	0.0000	0.8816	0.0000	0.0702	0.0000	0.0000	0.0000	0.0000	0.0000	0.0000	0.0000	0.0000	0.0000	0.0000	0.0000	0.0000	0.0000	0.0000	0.0000	0.0000	0.0000	0.0000	0.0000	0.0000	0.0000	0.0000	0.0000	0.0000	0.0000	0.0000	0.0000	0.0000	0.0000	0.0000	0.0000	0.0000	0.0000	0.0000	0.0000	0.0000	0.0000	0.0000	0.0000	0.0000	0.0000	0.0000	0.0000	0.0000	0.0000	0.0000	0.0000	0.0000	0.0000	0.0000	0.0000	0.0000	0.0000	0.0000											
24	30	0.6359	9	0	1	0	1	0	0	0	0	N	N	N	N	N	N	N	N	N	N	N	N	0.0000	0.0000	0.0000	0.0000	0.0000	0.0000	0.0000	0.0000	0.0000	0.0000	0.0000	0.0000	0.0000	0.0000	0.0000	0.0000	0.0000	0.0000	0.0000	0.0000	0.0000	0.0000	0.0000	0.0000	0.0000	0.0000	0.0000	0.0000	0.0000	0.0000	0.0000	0.0000	0.0000	0.0000	0.0000	0.0000	0.0000	0.0000	0.0000	0.0000	0.0000	0.0000	0.0000	0.0000	0.0000	0.0000	0.0000	0.0000	0.0000	0.0000	0.0000	0.0000	0.0000	0.0000	0.0000	0.0000	0.0000	0.0000	0.0000	0.0000	0.0000	0.0000	0.0000	0.0000	0.0000	0.0000	0.0000	0.0000	0.0000	0.0000	0.0000	0.0000	0.0000	0.0000	0.0000	0.0000	0.0000	0.0000											
24	31	0.6427	7	1	1	1	0	0	0	0	0	N	N	N	N	N	N	N	N	N	N	N	N	0.0000	0.0000	0.0000	0.0000	0.0000	0.0000	0.0000	0.0000	0.0000	0.0000	0.0000	0.0000	0.0000	0.0000	0.0000	0.0000	0.0000	0.0000	0.0000	0.0000	0.0000	0.0000	0.0000	0.0000	0.0000	0.0000	0.0000	0.0000	0.0000	0.0000	0.0000	0.0000	0.0000	0.0000	0.0000	0.0000	0.0000	0.0000	0.0000	0.0000	0.0000	0.0000	0.0000	0.0000	0.0000	0.0000	0.0000	0.0000	0.0000	0.0000	0.0000	0.0000	0.0000	0.0000	0.0000	0.0000	0.0000	0.0000	0.0000	0.0000	0.0000	0.0000	0.0000	0.0000	0.0000	0.0000	0.0000	0.0000	0.0000	0.0000	0.0000	0.0000	0.0000	0.0000	0.0000	0.0000	0.0000	0.0000											
24	32	0.5785	5	0	2	0	0	0	0	0	0	N	Y	N	N	N	N	N	N	N	N	N	N	0.0000	0.0000	0.0000	0.0000	0.0000	0.0000	0.0000	0.0000	0.0000	0.0000	0.0000	0.0000	0.0000	0.0000	0.0000	0.0000	0.0000	0.0000	0.0000	0.0000	0.0000	0.0006	0.0000	3.0000	0.0000	0.0000	0.0000	0.0000	0.0000	0.0000	0.0000	0.0000	0.0000	0.0000	0.0000	0.0000	0.0000	0.0000	0.0000	0.0000	0.0000	0.0000	0.0000	0.0000	0.0000	0.0000	0.0000	0.0000	0.0000	0.0000	0.0000	0.0000	0.0000	0.0000	0.0000	0.0000	0.0000	0.0000	0.0000	0.0000	0.0000	0.0000	0.0000	0.0000	0.0000	0.0000	0.0000	0.0000	0.0000	0.0000	0.0000	0.0000	0.0000	0.0000	0.0000	0.0000	0.0000	0.0000											
24	33	0.5785	5	0	2	0	0	0	0	0	0	N	Y	N	N	N	N	N	N	N	N	N	N	0.0000	0.0000	0.0000	0.0000	0.0000	0.0000	0.0000	0.0000	0.0000	0.0000	0.0000	0.0000	0.0000	0.0000	0.0000	0.0000	0.0000	0.0000	0.0000	0.0000	0.0000	2.0006	0.0000	8.0000	0.0000	0.0000	0.0000	0.0000	0.0000	0.0000	0.0000	0.0000	0.0000	0.0000	0.0000	0.0000	0.0000	0.0000	0.0000	0.0000	0.0000	0.0000	0.0000	0.0000	0.0000	0.0000	0.0000	0.0000	0.0000	0.0000	0.0000	0.0000	0.0000	0.0000	0.0000	0.0000	0.0000	0.0000	0.0000	0.0000	0.0000	0.0000	0.0000	0.0000	0.0000	0.0000	0.0000	0.0000	0.0000	0.0000	0.0000	0.0000	0.0000	0.0000	0.0000	0.0000	0.0000	0.0000											
24	34	0.6198	6	1	2	0	0	0	0	0	0	N	Y	N	N	N	N	N	N	N	N	N	N	0.0000	0.0000	0.0000	0.0000	0.0000	0.0000	0.0000	0.0000	0.0000	0.0000	0.0000	0.0000	0.0000	0.0000	0.0000	0.0000	0.0000	0.0000	0.0000	0.0000	0.0000	10.0001	0.0000	4.0001	0.0000	0.0000	0.0000	0.0000	0.0000	0.0000	0.0000	0.0000	0.0000	0.0000	0.0000	0.0000	0.0000	0.0000	0.0000	0.0000	0.0000	0.0000	0.0000	0.0000	0.0000	0.0000	0.0000	0.0000	0.0000	0.0000	0.0000	0.0000	0.0000	0.0000	0.0000	0.0000	0.0000	0.0000	0.0000	0.0000	0.0000	0.0000	0.0000	0.0000	0.0000	0.0000	0.0000	0.0000	0.0000	0.0000	0.0000	0.0000	0.0000	0.0000	0.0000	0.0000	0.0000	0.0000											
24	35	0.5785	5	0	2	0	0	0	0	0	0	N	Y	N	N	N	N	N	N	N	N	N	N	0.0000	0.0000	0.0000	0.0000	0.0000	0.0000	0.0000	0.0000	0.0000	0.0000	0.0000	0.0000	0.0000	0.0000	0.0000	0.0000	0.0000	0.0000	0.0000	0.0000	0.0000	3.0004	0.0000	2.0000	0.0000	0.0000	0.0000	0.0000	0.0000	0.0000	0.0000	0.0000	0.0000	0.0000	0.0000	0.0000	0.0000	0.0000	0.0000	0.0000	0.0000	0.0000	0.0000	0.0000	0.0000	0.0000	0.0000	0.0000	0.0000	0.0000	0.0000	0.0000	0.0000	0.0000	0.0000	0.0000	0.0000	0.0000	0.0000	0.0000	0.0000	0.0000	0.0000	0.0000	0.0000	0.0000	0.0000	0.0000	0.0000	0.0000	0.0000	0.0000	0.0000	0.0000	0.0000	0.0000	0.0000	0.0000											
24	36	0.0224	2	0	2	0	0	0	0	0	0	N	Y	N	N	N	N	N	N	N	N	N	N	0.0000	0.0000	0.0000	0.0000	0.0000	0.0000	0.0000	0.0000	0.0000	0.0000	0.0000	0.0000	0.0000	0.0000	0.0000	0.0000	0.0000	0.0000	0.0000	0.0000	0.0000	3.0000	0.0000	3.0000	0.0000	0.0000	0.0000	0.0000	0.0000	0.0000	0.0000	0.0000	0.0000	0.0000	0.0000	0.0000	0.0000	0.0000	0.0000	0.0000	0.0000	0.0000	0.0000	0.0000	0.0000	0.0000	0.0000	0.0000	0.0000	0.0000	0.0000	0.0000	0.0000	0.0000	0.0000	0.0000	0.0000	0.0000	0.0000	0.0000	0.0000	0.0000	0.0000	0.0000	0.0000	0.0000	0.0000	0.0000	0.0000	0.0000	0.0000	0.0000	0.0000	0.0000	0.0000	0.0000	0.0000	0.0000											
24	37	0.6087	6	1	2	0	0	0	0	0	0	N	Y	N	N	N	N	N	N	N	N	N	N	0.0000	0.0000	0.0000	0.0000	0.0000	0.0000	0.0000	0.0000	0.0000	0.0000	0.0000	0.0000	0.0000	0.0000	0.0000	0.0000	0.0000	0.0000	0.0000	0.0000	0.0000	4.2779	0.0000	3.9542	0.0000	0.0000	0.0000	0.0000	0.0000	0.0000	0.0000	0.0000	0.0000	0.0000	0.0000	0.0000	0.0000	0.0000	0.0000	0.0000	0.0000	0.0000	0.0000	0.0000	0.0000	0.0000	0.0000	0.0000	0.0000	0.0000	0.0000	0.0000	0.0000	0.0000	0.0000	0.0000	0.0000	0.0000	0.0000	0.0000	0.0000	0.0000	0.0000	0.0000	0.0000	0.0000	0.0000	0.0000	0.0000	0.0000	0.0000	0.0000	0.0000	0.0000	0.0000	0.0000	0.0000	0.0000											
24	38	0.0890	6	1	2	0	0	0	0	0	0	N	Y	N	N	N	N	N	N	N	N	N	N	0.0000	0.0000	0.0000	0.0000	0.0000	0.0000	0.0000	0.0000	0.0000	0.0000	0.0000	0.0000	0.0000	0.0000	0.0000	0.0000	0.0000	0.0000	0.0000	0.0000	0.0000	2.8243	0.0000	1.0201	0.0000	0.0000	0.0000	0.0000	0.0000	0.0000	0.0000	0.0000	0.0000	0.0000	0.0000	0.0000	0.0000	0.0000	0.0000	0.0000	0.0000	0.0000	0.0000	0.0000	0.0000	0.0000	0.0000	0.0000	0.0000	0.0000	0.0000	0.0000	0.0000	0.0000	0.0000	0.0000	0.0000	0.0000	0.0000	0.0000	0.0000	0.0000	0.0000	0.0000	0.0000	0.0000	0.0000	0.0000	0.0000	0.0000	0.0000	0.0000	0.0000	0.0000	0.0000	0.0000	0.0000	0.0000											
24	39	0.6198	6	0	2	0	0	0	0	0	0	N	Y	N	N	N	N	N	N	N	N	N	N	0.0000	0.0000	0.0000	0.0000	0.0000	0.0000	0.0000	0.0000	0.0000	0.0000	0.0000	0.0000	0.0000	0.0000	0.0000	0.0000	0.0000	0.0000	0.0000	0.0000	0.0000	5.0001	0.0000	5.0000	0.0000	0.0000	0.0000	0.0000	0.0000	0.0000	0.0000	0.0000	0.0000	0.0000	0.0000	0.0000	0.0000	0.0000	0.0000	0.0000	0.0000	0.0000	0.0000	0.0000	0.0000	0.0000	0.0000	0.0000	0.0000	0.0000	0.0000	0.0000	0.0000	0.0000	0.0000	0.0000	0.0000	0.0000	0.0000	0.0000	0.0000	0.0000	0.0000	0.0000	0.0000	0.0000	0.0000	0.0000	0.0000	0.0000	0.0000	0.0000	0.0000	0.0000	0.0000	0.0000	0.0000	0.0000											
24	41	0.6198	6	0	2	0	0	0	0	0	0	N	Y	N	N	N	N	N	N	N	N	N	N	0.0000	0.0000	0.0000	0.0000	0.0000	0.0000	0.0000	0.0000	0.0000	0.0000	0.0000	0.0000	0.0000	0.0000	0.0000	0.0000	0.0000	0.0000	0.0000	0.0000	0.0000	5.9998	0.0000	3.0000	0.0000	0.0000	0.0000	0.0000	0.0000	0.0000	0.0000	0.0000	0.0000	0.0000	0.0000	0.0000	0.0000	0.0000	0.0000	0.0000	0.0000	0.0000	0.0000	0.0000	0.0000	0.0000	0.0000	0.0000	0.0000	0.0000	0.0000	0.0000	0.0000	0.0000	0.0000	0.0000	0.0000	0.0000	0.0000	0.0000	0.0000	0.0000	0.0000	0.0000	0.0000	0.0000	0.0000	0.0000	0.0000	0.0000	0.0000	0.0000	0.0000	0.0000	0.0000	0.0000	0.0000	0.0000											
24	42	0.1109	7	0	2	1	1	0	0	0	0	N	Y	N	N	N	N	N	N	N	N	N	N	0.0000	0.0000	0.0000	0.0000	0.0000	0.0000	0.0000	0.0000	0.0000	0.0000	0.0000	0.0000	0.0000	0.0000	0.0000	0.0000	0.0000	0.0000	0.0000	0.0000	0.0000	0.0011	0.0000	1.0134	0.0000	0.0000	0.0000	0.0000	0.0000	0.0000	0.0000	0.0000	0.0000	0.0000	0.0000	0.0000	0.0000	0.0000	0.0000	0.0000	0.0000	0.0000	0.0000	0.0000	0.0000	0.0000	0.0000	0.0000	0.0000	0.0000	0.0000	0.0000	0.0000	0.0000	0.0000	0.0000	0.0000	0.0000	0.0000	0.0000	0.0000	0.0000	0.0000	0.0000	0.0000	0.0000	0.0000	0.0000	0.0000	0.0000	0.0000	0.0000	0.0000	0.0000	0.0000	0.0000	0.0000	0.0000											
24	43	0.0890	6	0	1	0	1	0	0	0	0	N	N	N	N	N	N	N	N	N	N	N	N	0.0000	0.0000	0.0000	0.0000	0.0000	0.0000	0.0000	0.0000	0.0000	0.0000	0.0000	0.0000	0.0000	0.0000	0.0000	0.0000	0.0000	0.0000	0.0000	0.0000	0.0000	2.8187	0.0000	0.0347	0.0000	0.0000	0.0000	0.0000	0.0000	0.0000	0.0000	0.0000	0.0000	0.0000	0.0000	0.0000	0.0000	0.0000	0.0000	0.0000	0.0000	0.0000	0.0000	0.0000	0.0000	0.0000	0.0000	0.0000	0.0000	0.0000	0.0000	0.0000	0.0000	0.0000	0.0000	0.0000	0.0000	0.0000	0.0000	0.0000	0.0000	0.0000	0.0000	0.0000	0.0000	0.0000	0.0000	0.0000	0.0000	0.0000	0.0000	0.0000	0.0000	0.0000	0.0000	0.0000	0.0000	0.0000											
24	44	0.0764	5	0	1	0	0	0	0	0	0	N	N	N	N	N	N	N	N	N	N	N	N	0.0000	0.0000	0.0000	0.0000	0.0000	0.0000	0.0000	0.0000	0.0000	0.0000	0.0000	0.0000	0.0000	0.0000	0.0000	0.0000	0.0000	0.0000	0.0000	0.0000	0.0000	0.9605	0.0000	1.0076	0.0000	0.0000	0.0000	0.0000	0.0000	0.0000	0.0000	0.0000	0.0000	0.0000	0.0000	0.0000	0.0000	0.0000	0.0000	0.0000	0.0000	0.0000	0.0000	0.0000	0.0000	0.0000	0.0000	0.0000	0.0000	0.0000	0.0000	0.0000	0.0000	0.0000	0.0000	0.0000	0.0000	0.0000	0.0000	0.0000	0.0000	0.0000	0.0000	0.0000	0.0000	0.0000	0.0000	0.0000	0.0000	0.0000	0.0000	0.0000	0.0000	0.0000	0.0000	0.0000	0.0000	0.0000											
24	45	0.6317	8	0	2	1	1	0	0	0	0	N	Y	N	N	N	N	N	N	N	N	N	N	0.0000	0.0000	0.0000	0.0000	0.0000	0.0000	0.0000	0.0000	0.0000	0.0000	0.0000	0.0000	0.0000	0.0000	0.0000	0.0000	0.0000	0.0000	0.0000	0.0000	0.0000	1.0000	0.0000	1.0000	0.0000	0.0000	0.0000	0.0000	0.0000	0.0000	0.0000	0.0000	0.0000	0.0000	0.0000	0.0000	0.0000	0.0000	0.0000	0.0000	0.0000	0.0000	0.0000	0.0000	0.0000	0.0000	0.0000	0.0000	0.0000	0.0000	0.0000	0.0000	0.0000	0.0000	0.0000	0.0000	0.0000	0.0000	0.0000	0.0000	0.0000	0.0000	0.0000	0.0000	0.0000	0.0000	0.0000	0.0000	0.0000	0.0000	0.0000	0.0000	0.0000	0.0000	0.0000	0.0000	0.0000	0.0000											
24	46	0.0224	2	0	2	0	0	0	0	0	0	N	Y	N	N	N	N	N	N	N	N	N	N	0.0000	0.0000	0.0000	0.0000	0.0000	0.0000	0.0000	0.0000	0.0000	0.0000	0.0000	0.0000	0.0000	0.0000	0.0000	0.0000	0.0000	0.0000	0.0000	0.0000	0.0000	0.0000	0.0000	0.0000	0.0000	0.0000	0.0000	0.0000	0.0000	0.0000	0.0000	0.0000	0.0000	0.0000	0.0000	0.0000	0.0000	0.0000	0.0000	0.0000	0.0000	0.0000	0.0000	0.0000	0.0000	0.0000	0.0000	0.0000	0.0000	0.0000	0.0000	0.0000	0.0000	0.0000	0.0000	0.0000	0.0000	0.0000	0.0000	0.0000	0.0000	0.0000	0.0000	0.0000	0.0000	0.0000	0.0000	0.0000	0.0000	0.0000	0.0000	0.0000	0.0000	0.0000	0.0000	0.0000	0.0000	0.0000											
24	47	0.0764	5	0	2	0	1	0	0	0	0	N	Y	N	N	N	N	N	N	N	N	N	N	0.0000	0.0000	0.0000	0.0000	0.0000	0.0000	0.0000	0.0000	0.0000	0.0000	0.0000	0.0000	0.0000	0.0000	0.0000	0.0000	0.0000	0.0000	0.0000	0.0000	0.0000	0.0000	0.0000	1.0000	0.0000	0.0000	0.0000	0.0000	0.0000	0.0000	0.0000	0.0000	0.0000	0.0000	0.0000	0.0000	0.0000	0.0000	0.0000	0.0000	0.0000	0.0000	0.0000	0.0000	0.0000	0.0000	0.0000	0.0000	0.0000	0.0000	0.0000	0.0000	0.0000	0.0000	0.0000	0.0000	0.0000	0.0000	0.0000	0.0000	0.0000	0.0000	0.0000	0.0000	0.0000	0.0000	0.0000	0.0000	0.0000	0.0000	0.0000	0.0000	0.0000	0.0000	0.0000	0.0000	0.0000	0.0000											
24	48	0.0224	2	1	2	0	0	0	0	0	0	N	Y	N	N	N	N	N	N	N	N	N	N	0.0000	0.0000	0.0000	0.0000	0.0000	0.0000	0.0000	0.0000	0.0000	0.0000	0.0000	0.0000	0.0000	0.0000	0.0000	0.0000	0.0000	0.0000	0.0000	0.0000	0.0000	0.0000	0.0000	4.0000	0.0000	0.0000	0.0000	0.0000	0.0000	0.0000	0.0000	0.0000	0.0000	0.0000	0.0000	0.0000	0.0000	0.0000	0.0000	0.0000	0.0000	0.0000	0.0000	0.0000	0.0000	0.0000	0.0000	0.0000	0.0000	0.0000	0.0000	0.0000	0.0000	0.0000	0.0000	0.0000	0.0000	0.0000	0.0000	0.0000	0.0000	0.0000	0.0000	0.0000	0.0000	0.0000	0.0000	0.0000	0.0000	0.0000	0.0000	0.0000	0.0000	0.0000	0.0000	0.0000	0.0000	0.0000											
24	49	0.0971	6	0	1	1	0	0	0	0	0	N	N	N	N	N	N	N	N	N	N	N	N	0.0000	0.0000	0.0000	0.0000	0.0000	0.0000	0.0000	0.0000	0.0000	0.0000	0.0000	0.0000	0.0000	0.0000	0.0000	0.0000	0.0000	0.0000	0.0000	0.0000	0.0000	0.0000	0.0000	0.0000	0.0000	0.0000	0.0000	0.0000	0.0000	0.0000	0.0000	0.0000	0.0000	0.0000	0.0000	0.0000	0.0000	0.0000	0.0000	0.0000	0.0000	0.0000	0.0000	0.0000	0.0000	0.0000	0.0000	0.0000	0.0000	0.0000	0.0000	0.0000	0.0000	0.0000	0.0000	0.0000	0.0000	0.0000	0.0000	0.0000	0.0000	0.0000	0.0000	0.0000	0.0000	0.0000	0.0000	0.0000	0.0000	0.0000	0.0000	0.0000	0.0000	0.0000	0.0000	0.0000	0.0000	0.0000											
24	50	0.6408	7	0	1	1	0	0	0	0	0	N	N	N	N	N	N	N	N	N	N	N	N	0.0000	0.0000	0.0000	0.0000	0.0000	0.0000	0.0000	0.0000	0.0000	0.0000	0.0000	0.0000	0.0000	0.0000	0.0000	0.0000	0.0000	0.0000	0.0000	0.0000	0.0000	1.0000	0.0000	1.0000	0.0000	0.0000	0.0000	0.0000	0.0000	0.0000	0.0000	0.0000	0.0000	0.0000	0.0000	0.0000	0.0000	0.0000	0.0000	0.0000	0.0000	0.0000	0.0000	0.0000	0.0000	0.0000	0.0000	0.0000	0.0000	0.0000	0.0000	0.0000	0.0000	0.0000	0.0000	0.0000	0.0000	0.0000	0.0000	0.0000	0.0000	0.0000	0.0000	0.0000	0.0000	0.0000	0.0000	0.0000	0.0000	0.0000	0.0000	0.0000	0.0000	0.0000	0.0000	0.0000	0.0000	0.0000											
24	51	0.6453	7	0	2	0	0	0	0	0	0	N	Y	N	N	N	N	N	N	N	N	N	N	0.0000	0.0000	0.0000	0.0000	0.0000	0.0000	0.0000	0.0000	0.0000	0.0000	0.0000	0.0000	0.0000	0.0000	0.0000	0.0000	0.0000	0.0000	0.0000	0.0000	0.0000	0.0003	0.0000	0.9690	0.0000	0.0000	0.0000	0.0000	0.0000	0.0000	0.0000	0.0000	0.0000	0.0000	0.0000	0.0000	0.0000	0.0000	0.0000	0.0000	0.0000	0.0000	0.0000	0.0000	0.0000	0.0000	0.0000	0.0000	0.0000	0.0000	0.0000	0.0000	0.0000	0.0000	0.0000	0.0000	0.0000	0.0000	0.0000	0.0000	0.0000	0.0000	0.0000	0.0000	0.0000	0.0000	0.0000	0.0000	0.0000	0.0000	0.0000	0.0000	0.0000	0.0000	0.0000	0.0000	0.0000	0.0000											
24	52	0.1004	6	0	2	0	0	0	0	0	0	N	Y	N	N	N	N	N	N	N	N	N	N	0.0000	0.0000	0.0000	0.0000	0.0000	0.0000	0.0000	0.0000	0.0000	0.0000	0.0000	0.0000	0.0000	0.0000	0.0000	0.0000	0.0000	0.0000	0.0000	0.0000	0.0000	0.9211	0.0000	0.1671	0.0000	0.0000	0.0000	0.0000	0.0000	0.0000	0.0000	0.0000	0.0000	0.0000	0.0000	0.0000	0.0000	0.0000	0.0000	0.0000	0.0000	0.0000	0.0000	0.0000	0.0000	0.0000	0.0000	0.0000	0.0000	0.0000	0.0000	0.0000	0.0000	0.0000	0.0000	0.0000	0.0000	0.0000	0.0000	0.0000	0.0000	0.0000	0.0000	0.0000	0.0000	0.0000	0.0000	0.0000	0.0000	0.0000	0.0000	0.0000	0.0000	0.0000	0.0000	0.0000	0.0000	0.0000											
24	53	0.6317	8	0	2	0	0	0	0	0	0	N	Y	N	N	N	N	N	N	N	N	N	N	0.0000	0.0000	0.0000	0.0000	0.0000	0.0000	0.0000	0.0000	0.0000	0.0000	0.0000	0.0000	0.0000	0.0000	0.0000	0.0000	0.0000	0.0000	0.0000	0.0000	0.0000	1.0000	0.0000	5.0000	0.0000	0.0000	0.0000	0.0000	0.0000	0.0000	0.0000	0.0000	0.0000	0.0000	0.0000	0.0000	0.0000	0.0000	0.0000	0.0000	0.0000	0.0000	0.0000	0.0000	0.0000	0.0000	0.0000	0.0000	0.0000	0.0000	0.0000	0.0000	0.0000	0.0000	0.0000	0.0000	0.0000	0.0000	0.0000	0.0000	0.0000	0.0000	0.0000	0.0000	0.0000	0.0000	0.0000	0.0000	0.0000	0.0000	0.0000	0.0000	0.0000	0.0000	0.0000	0.0000	0.0000	0.0000											
24	54	0.6165	7	0	1	0	0	0	0	0	0	N	N	N	N	N	N	N	N	N	N	N	N	0.0000	0.0000	0.0000	0.0000	0.0000	0.0000	0.0000	0.0000	0.0000	0.0000	0.0000	0.0000	0.0000	0.0000	0.0000	0.0000	0.0000	0.0000	0.0000	0.0000	0.0000	0.0000	0.0000	2.9157	0.0000	0.0000	0.0000	0.0000	0.0000	0.0000	0.0000	0.0000	0.0000	0.0000	0.0000	0.0000	0.0000	0.0000	0.0000	0.0000	0.0000	0.0000	0.0000	0.0000	0.0000	0.0000	0.0000	0.0000	0.0000	0.0000	0.0000	0.0000	0.0000	0.0000	0.0000	0.0000	0.0000	0.0000	0.0000	0.0000	0.0000	0.0000	0.0000	0.0000	0.0000	0.0000	0.0000	0.0000	0.0000	0.0000	0.0000	0.0000	0.0000	0.0000	0.0000	0.0000	0.0000	0.0000											
24	55	0.0764	5	0	2	0	0	0	0	0	0	N	Y	N	N	N	N	N	N	N	N	N	N	0.0000	0.0000	0.0000	0.0000	0.0000	0.0000	0.0000	0.0000	0.0000	0.0000	0.0000	0.0000	0.0000	0.0000	0.0000	0.0000	0.0000	0.0000	0.0000	0.0000	0.0000	2.0000	0.0000	3.0000	0.0000	0.0000	0.0000	0.0000	0.0000	0.0000	0.0000	0.0000	0.0000	0.0000	0.0000	0.0000	0.0000	0.0000	0.0000	0.0000	0.0000	0.0000	0.0000	0.0000	0.0000	0.0000	0.0000	0.0000	0.0000	0.0000	0.0000	0.0000	0.0000	0.0000	0.0000	0.0000	0.0000	0.0000	0.0000	0.0000	0.0000	0.0000	0.0000	0.0000	0.0000	0.0000	0.0000	0.0000	0.0000	0.0000	0.0000	0.0000	0.0000	0.0000	0.0000	0.0000	0.0000	0.0000											
24	56	0.6087	6	0	2	0	1	0	0	0	0	N	Y	N	N	N	N	N	N	N	N	N	N	0.0000	0.0000	0.0000	0.0000	0.0000	0.0000	0.0000	0.0000	0.0000	0.0000	0.0000	0.0000	0.0000	0.0000	0.0000	0.0000	0.0000	0.0000	0.0000	0.0000	0.0000	1.7218	0.0000	6.9557	0.0000	0.0000	0.0000	0.0000	0.0000	0.0000	0.0000	0.0000	0.0000	0.0000	0.0000	0.0000	0.0000	0.0000	0.0000	0.0000	0.0000	0.0000	0.0000	0.0000	0.0000	0.0000	0.0000	0.0000	0.0000	0.0000	0.0000	0.0000	0.0000	0.0000	0.0000	0.0000	0.0000	0.0000	0.0000	0.0000	0.0000	0.0000	0.0000	0.0000	0.0000	0.0000	0.0000	0.0000	0.0000	0.0000	0.0000	0.0000	0.0000	0.0000	0.0000	0.0000	0.0000	0.0000											
24	57	0.6198	6	1	1	1	0	0	0	0	0	N	N	N	N	N	N	N	N	N	N	N	N	0.0000	0.0000	0.0000	0.0000	0.0000	0.0000	0.0000	0.0000	0.0000	0.0000	0.0000	0.0000	0.0000	0.0000	0.0000	0.0000	0.0000	0.0000	0.0000	0.0000	0.0000	8.9999	0.0000	5.0001	0.0000	0.0000	0.0000	0.0000	0.0000	0.0000	0.0000	0.0000	0.0000	0.0000	0.0000	0.0000	0.0000	0.0000	0.0000	0.0000	0.0000	0.0000	0.0000	0.0000	0.0000	0.0000	0.0000	0.0000	0.0000	0.0000	0.0000	0.0000	0.0000	0.0000	0.0000	0.0000	0.0000	0.0000	0.0000	0.0000	0.0000	0.0000	0.0000	0.0000	0.0000	0.0000	0.0000	0.0000	0.0000	0.0000	0.0000	0.0000	0.0000	0.0000	0.0000	0.0000	0.0000	0.0000											
24	58	0.0224	2	1	1	1	0	0	0	0	0	N	N	N	N	N	N	N	N	N	N	N	N	0.0000	0.0000	0.0000	0.0000	0.0000	0.0000	0.0000	0.0000	0.0000	0.0000	0.0000	0.0000	0.0000	0.0000	0.0000	0.0000	0.0000	0.0000	0.0000	0.0000	0.0000	0.0000	0.0000	1.0000	0.0000	0.0000	0.0000	0.0000	0.0000	0.0000	0.0000	0.0000	0.0000	0.0000	0.0000	0.0000	0.0000	0.0000	0.0000	0.0000	0.0000	0.0000	0.0000	0.0000	0.0000	0.0000	0.0000	0.0000	0.0000	0.0000	0.0000	0.0000	0.0000	0.0000	0.0000	0.0000	0.0000	0.0000	0.0000	0.0000	0.0000	0.0000	0.0000	0.0000	0.0000	0.0000	0.0000	0.0000	0.0000	0.0000	0.0000	0.0000	0.0000	0.0000	0.0000	0.0000	0.0000	0.0000											
24	59	0.6453	7	0	1	1	0	0	0	0	0	N	N	N	N	N	N	N	N	N	N	N	N	0.0000	0.0000	0.0000	0.0000	0.0000	0.0000	0.0000	0.0000	0.0000	0.0000	0.0000	0.0000	0.0000	0.0000	0.0000	0.0000	0.0000	0.0000	0.0000	0.0000	0.0000	0.0006	0.0000	1.1867	0.0000	0.0000	0.0000	0.0000	0.0000	0.0000	0.0000	0.0000	0.0000	0.0000	0.0000	0.0000	0.0000	0.0000	0.0000	0.0000	0.0000	0.0000	0.0000	0.0000	0.0000	0.0000	0.0000	0.0000	0.0000	0.0000	0.0000	0.0000	0.0000	0.0000	0.0000	0.0000	0.0000	0.0000	0.0000	0.0000	0.0000	0.0000	0.0000	0.0000	0.0000	0.0000	0.0000	0.0000	0.0000	0.0000	0.0000	0.0000	0.0000	0.0000	0.0000	0.0000	0.0000	0.0000											
24	60	0.6087	6	0	1	0	0	0	0	0	0	N	N	N	N	N	N	N	N	N	N	N	N	0.0000	0.0000	0.0000	0.0000	0.0000	0.0000	0.0000	0.0000	0.0000	0.0000	0.0000	0.0000	0.0000	0.0000	0.0000	0.0000	0.0000	0.0000	0.0000	0.0000	0.0000	2.2785	0.0000	4.8627	0.0000	0.0000	0.0000	0.0000	0.0000	0.0000	0.0000	0.0000	0.0000	0.0000	0.0000	0.0000	0.0000	0.0000	0.0000	0.0000	0.0000	0.0000	0.0000	0.0000	0.0000	0.0000	0.0000	0.0000	0.0000	0.0000	0.0000	0.0000	0.0000	0.0000	0.0000	0.0000	0.0000	0.0000	0.0000	0.0000	0.0000	0.0000	0.0000	0.0000	0.0000	0.0000	0.0000	0.0000	0.0000	0.0000	0.0000	0.0000	0.0000	0.0000	0.0000	0.0000	0.0000	0.0000											
24	61	0.1004	6	0	1	1	0	0	0	0	0	N	N	N	N	N	N	N	N	N	N	N	N	0.0000	0.0000	0.0000	0.0000	0.0000	0.0000	0.0000	0.0000	0.0000	0.0000	0.0000	0.0000	0.0000	0.0000	0.0000	0.0000	0.0000	0.0000	0.0000	0.0000	0.0000	1.0901	0.0000	7.9319	0.0000	0.0000	0.0000	0.0000	0.0000	0.0000	0.0000	0.0000	0.0000	0.0000	0.0000	0.0000	0.0000	0.0000	0.0000	0.0000	0.0000	0.0000	0.0000	0.0000	0.0000	0.0000	0.0000	0.0000	0.0000	0.0000	0.0000	0.0000	0.0000	0.0000	0.0000	0.0000	0.0000	0.0000	0.0000	0.0000	0.0000	0.0000	0.0000	0.0000	0.0000	0.0000	0.0000	0.0000	0.0000	0.0000	0.0000	0.0000	0.0000	0.0000	0.0000	0.0000	0.0000	0.0000											
24	62	0.0703	5	0	1	0	0	0	0	0	0	N	N	N	N	N	N	N	N	N	N	N	N	0.0000	0.0000	0.0000	0.0000	0.0000	0.0000	0.0000	0.0000	0.0000	0.0000	0.0000	0.0000	0.0000	0.0000	0.0000	0.0000	0.0000	0.0000	0.0000	0.0000	0.0000	1.6797	0.0000	2.9843	0.0000	0.0000	0.0000	0.0000	0.0000	0.0000	0.0000	0.0000	0.0000	0.0000	0.0000	0.0000	0.0000	0.0000	0.0000	0.0000	0.0000	0.0000	0.0000	0.0000	0.0000	0.0000	0.0000	0.0000	0.0000	0.0000	0.0000	0.0000	0.0000	0.0000	0.0000	0.0000	0.0000	0.0000	0.0000	0.0000	0.0000	0.0000	0.0000	0.0000	0.0000	0.0000	0.0000	0.0000	0.0000	0.0000	0.0000	0.0000	0.0000	0.0000	0.0000	0.0000	0.0000	0.0000											
24	63	0.0602	4	0	1	0	0	0	0	0	0	N	N	N	N	N	N	N	N	N	N	N	N	0.0000	0.0000	0.0000	0.0000	0.0000	0.0000	0.0000	0.0000	0.0000	0.0000	0.0000	0.0000	0.0000	0.0000	0.0000	0.0000	0.0000	0.0000	0.0000	0.0000	0.0000	0.4935	0.0000	1.5835	0.0000	0.0000	0.0000	0.0000	0.0000	0.0000	0.0000	0.0000	0.0000	0.0000	0.0000	0.0000	0.0000	0.0000	0.0000	0.0000	0.0000	0.0000	0.0000	0.0000	0.0000	0.0000	0.0000	0.0000	0.0000	0.0000	0.0000	0.0000	0.0000	0.0000	0.0000	0.0000	0.0000	0.0000	0.0000	0.0000	0.0000	0.0000	0.0000	0.0000	0.0000	0.0000	0.0000	0.0000	0.0000	0.0000	0.0000	0.0000	0.0000	0.0000	0.0000	0.0000	0.0000	0.0000											
24	64	0.0971	6	0	2	0	0	0	0	0	0	N	Y	N	N	N	N	N	N	N	N	N	N	0.0000	0.0000	0.0000	0.0000	0.0000	0.0000	0.0000	0.0000	0.0000	0.0000	0.0000	0.0000	0.0000	0.0000	0.0000	0.0000	0.0000	0.0000	0.0000	0.0000	0.0000	0.2944	0.0000	1.0083	0.0000	0.0000	0.0000	0.0000	0.0000	0.0000	0.0000	0.0000	0.0000	0.0000	0.0000	0.0000	0.0000	0.0000	0.0000	0.0000	0.0000	0.0000	0.0000	0.0000	0.0000	0.0000	0.0000	0.0000	0.0000	0.0000	0.0000	0.0000	0.0000	0.0000	0.0000	0.0000	0.0000	0.0000	0.0000	0.0000	0.0000	0.0000	0.0000	0.0000	0.0000	0.0000	0.0000	0.0000	0.0000	0.0000	0.0000	0.0000	0.0000	0.0000	0.0000	0.0000	0.0000	0.0000											
24	65	0.0764	5	0	1	0	0	0	0	0	0	N	N	N	N	N	N	N	N	N	N	N	N	0.0000	0.0000	0.0000	0.0000	0.0000	0.0000	0.0000	0.0000	0.0000	0.0000	0.0000	0.0000	0.0000	0.0000	0.0000	0.0000	0.0000	0.0000	0.0000	0.0000	0.0000	1.1351	0.0000	2.0429	0.0000	0.0000	0.0000	0.0000	0.0000	0.0000	0.0000	0.0000	0.0000	0.0000	0.0000	0.0000	0.0000	0.0000	0.0000	0.0000	0.0000	0.0000	0.0000	0.0000	0.0000	0.0000	0.0000	0.0000	0.0000	0.0000	0.0000	0.0000	0.0000	0.0000	0.0000	0.0000	0.0000	0.0000	0.0000	0.0000	0.0000	0.0000	0.0000	0.0000	0.0000	0.0000	0.0000	0.0000	0.0000	0.0000	0.0000	0.0000	0.0000	0.0000	0.0000	0.0000	0.0000	0.0000											
24	66	0.0602	4	0	1	0	0	0	0	0	0	N	N	N	N	N	N	N	N	N	N	N	N	0.0000	0.0000	0.0000	0.0000	0.0000	0.0000	0.0000	0.0000	0.0000	0.0000	0.0000	0.0000	0.0000	0.0000	0.0000	0.0000	0.0000	0.0000	0.0000	0.0000	0.0000	0.4912	0.0000	2.4266	0.0000	0.0000	0.0000	0.0000	0.0000	0.0000	0.0000	0.0000	0.0000	0.0000	0.0000	0.0000	0.0000	0.0000	0.0000	0.0000	0.0000	0.0000	0.0000	0.0000	0.0000	0.0000	0.0000	0.0000	0.0000	0.0000	0.0000	0.0000	0.0000	0.0000	0.0000	0.0000	0.0000	0.0000	0.0000	0.0000	0.0000	0.0000	0.0000	0.0000	0.0000	0.0000	0.0000	0.0000	0.0000	0.0000	0.0000	0.0000	0.0000	0.0000	0.0000	0.0000	0.0000	0.0000											
24	67	0.0550	3	0	1	0	0	0	0	0	0	N	N	N	N	N	N	N	N	N	N	N	N	0.0000	0.0000	0.0000	0.0000	0.0000	0.0000	0.0000	0.0000	0.0000	0.0000	0.0000	0.0000	0.0000	0.0000	0.0000	0.0000	0.0000	0.0000	0.0000	0.0000	0.0000	0.6141	0.0000	1.2701	0.0000	0.0000	0.0000	0.0000	0.0000	0.0000	0.0000	0.0000	0.0000	0.0000	0.0000	0.0000	0.0000	0.0000	0.0000	0.0000	0.0000	0.0000	0.0000	0.0000	0.0000	0.0000	0.0000	0.0000	0.0000	0.0000	0.0000	0.0000	0.0000	0.0000	0.0000	0.0000	0.0000	0.0000	0.0000	0.0000	0.0000	0.0000	0.0000	0.0000	0.0000	0.0000	0.0000	0.0000	0.0000	0.0000	0.0000	0.0000	0.0000	0.0000	0.0000	0.0000	0.0000	0.0000											
24	68	0.0224	2	1	2	1	0	0	0	0	0	N	Y	N	N	N	N	N	N	N	N	N	N	0.0000	0.0000	0.0000	0.0000	0.0000	0.0000	0.0000	0.0000	0.0000	0.0000	0.0000	0.0000	0.0000	0.0000	0.0000	0.0000	0.0000	0.0000	0.0000	0.0000	0.0000	0.0000	0.0000	0.0000	0.0000	0.0000	0.0000	0.0000	0.0000	0.0000	0.0000	0.0000	0.0000	0.0000	0.0000	0.0000	0.0000	0.0000	0.0000	0.0000	0.0000	0.0000	0.0000	0.0000	0.0000	0.0000	0.0000	0.0000	0.0000	0.0000	0.0000	0.0000	0.0000	0.0000	0.0000	0.0000	0.0000	0.0000	0.0000	0.0000	0.0000	0.0000	0.0000	0.0000	0.0000	0.0000	0.0000	0.0000	0.0000	0.0000	0.0000	0.0000	0.0000	0.0000	0.0000	0.0000	0.0000	0.0000											
24	69	0.6651	8	1	2	1	0	0	0	0	0	N	Y	N	N	N	N	N	N	N	N	N	N	0.0000	0.0000	0.0000	0.0000	0.0000	0.0000	0.0000	0.0000	0.0000	0.0000	0.0000	0.0000	0.0000	0.0000	0.0000	0.0000	0.0000	0.0000	0.0000	0.0000	0.0000	1.0000	0.0000	0.0000	0.0000	0.0000	0.0000	0.0000	0.0000	0.0000	0.0000	0.0000	0.0000	0.0000	0.0000	0.0000	0.0000	0.0000	0.0000	0.0000	0.0000	0.0000	0.0000	0.0000	0.0000	0.0000	0.0000	0.0000	0.0000	0.0000	0.0000	0.0000	0.0000	0.0000	0.0000	0.0000	0.0000	0.0000	0.0000	0.0000	0.0000	0.0000	0.0000	0.0000	0.0000	0.0000	0.0000	0.0000	0.0000	0.0000	0.0000	0.0000	0.0000	0.0000	0.0000	0.0000	0.0000	0.0000											
24	70	0.6651	8	1	2	1	0	0	0	0	0	N	Y	N	N	N	N	N	N	N	N	N	N	0.0000	0.0000	0.0000	0.0000	0.0000	0.0000	0.0000	0.0000	0.0000	0.0000	0.0000	0.0000	0.0000	0.0000	0.0000	0.0000	0.0000	0.0000	0.0000	0.0000	0.0000	0.0000	0.0000	0.0000	0.0000	0.0000	0.0000	0.0000	0.0000	0.0000	0.0000	0.0000	0.0000	0.0000	0.0000	0.0000	0.0000	0.0000	0.0000	0.0000	0.0000	0.0000	0.0000	0.0000	0.0000	0.0000	0.0000	0.0000	0.0000	0.0000	0.0000	0.0000	0.0000	0.0000	0.0000	0.0000	0.0000	0.0000	0.0000	0.0000	0.0000	0.0000	0.0000	0.0000	0.0000	0.0000	0.0000	0.0000	0.0000	0.0000	0.0000	0.0000	0.0000	0.0000	0.0000	0.0000	0.0000	0.0000											
24	71	0.6427	7	1	2	1	0	0	0	0	0	N	Y	N	N	N	N	N	N	N	N	N	N	0.0000	0.0000	0.0000	0.0000	0.0000	0.0000	0.0000	0.0000	0.0000	0.0000	0.0000	0.0000	0.0000	0.0000	0.0000	0.0000	0.0000	0.0000	0.0000	0.0000	0.0000	2.0000	0.0000	1.0000	0.0000	0.0000	0.0000	0.0000	0.0000	0.0000	0.0000	0.0000	0.0000	0.0000	0.0000	0.0000	0.0000	0.0000	0.0000	0.0000	0.0000	0.0000	0.0000	0.0000	0.0000	0.0000	0.0000	0.0000	0.0000	0.0000	0.0000	0.0000	0.0000	0.0000	0.0000	0.0000	0.0000	0.0000	0.0000	0.0000	0.0000	0.0000	0.0000	0.0000	0.0000	0.0000	0.0000	0.0000	0.0000	0.0000	0.0000	0.0000	0.0000	0.0000	0.0000	0.0000	0.0000	0.0000											
24	72	0.6198	6	1	1	1	0	0	0	0	0	N	N	N	N	N	N	N	N	N	N	N	N	0.0000	0.0000	0.0000	0.0000	0.0000	0.0000	0.0000	0.0000	0.0000	0.0000	0.0000	0.0000	0.0000	0.0000	0.0000	0.0000	0.0000	0.0000	0.0000	0.0000	0.0000	1.0017	0.0000	2.0007	0.0000	0.0000	0.0000	0.0000	0.0000	0.0000	0.0000	0.0000	0.0000	0.0000	0.0000	0.0000	0.0000	0.0000	0.0000	0.0000	0.0000	0.0000	0.0000	0.0000	0.0000	0.0000	0.0000	0.0000	0.0000	0.0000	0.0000	0.0000	0.0000	0.0000	0.0000	0.0000	0.0000	0.0000	0.0000	0.0000	0.0000	0.0000	0.0000	0.0000	0.0000	0.0000	0.0000	0.0000	0.0000	0.0000	0.0000	0.0000	0.0000	0.0000	0.0000	0.0000	0.0000	0.0000											
24	73	0.0416	3	1	2	0	0	0	0	0	0	N	Y	N	N	N	N	N	N	N	N	N	N	0.0000	0.0000	0.0000	0.0000	0.0000	0.0000	0.0000	0.0000	0.0000	0.0000	0.0000	0.0000	0.0000	0.0000	0.0000	0.0000	0.0000	0.0000	0.0000	0.0000	0.0000	0.0000	0.0000	0.0000	0.0000	0.0000	0.0000	0.0000	0.0000	0.0000	0.0000	0.0000	0.0000	0.0000	0.0000	0.0000	0.0000	0.0000	0.0000	0.0000	0.0000	0.0000	0.0000	0.0000	0.0000	0.0000	0.0000	0.0000	0.0000	0.0000	0.0000	0.0000	0.0000	0.0000	0.0000	0.0000	0.0000	0.0000	0.0000	0.0000	0.0000	0.0000	0.0000	0.0000	0.0000	0.0000	0.0000	0.0000	0.0000	0.0000	0.0000	0.0000	0.0000	0.0000	0.0000	0.0000	0.0000	0.0000											
24	74	0.6468	7	1	2	0	0	0	0	0	0	N	Y	N	N	N	N	N	N	N	N	N	N	0.0000	0.0000	0.0000	0.0000	0.0000	0.0000	0.0000	0.0000	0.0000	0.0000	0.0000	0.0000	0.0000	0.0000	0.0000	0.0000	0.0000	0.0000	0.0000	0.0000	0.0000	0.0000	0.0000	0.0010	0.0000	0.0000	0.0000	0.0000	0.0000	0.0000	0.0000	0.0000	0.0000	0.0000	0.0000	0.0000	0.0000	0.0000	0.0000	0.0000	0.0000	0.0000	0.0000	0.0000	0.0000	0.0000	0.0000	0.0000	0.0000	0.0000	0.0000	0.0000	0.0000	0.0000	0.0000	0.0000	0.0000	0.0000	0.0000	0.0000	0.0000	0.0000	0.0000	0.0000	0.0000	0.0000	0.0000	0.0000	0.0000	0.0000	0.0000	0.0000	0.0000	0.0000	0.0000	0.0000	0.0000	0.0000											
24	75	0.6359	9	0	2	0	1	0	0	0	0	N	Y	N	N	N	N	N	N	N	N	N	N	0.0000	0.0000	0.0000	0.0000	0.0000	0.0000	0.0000	0.0000	0.0000	0.0000	0.0000	0.0000	0.0000	0.0000	0.0000	0.0000	0.0000	0.0000	0.0000	0.0000	0.0000	0.0000	0.0000	0.0000	0.0000	0.0000	0.0000	0.0000	0.0000	0.0000	0.0000	0.0000	0.0000	0.0000	0.0000	0.0000	0.0000	0.0000	0.0000	0.0000	0.0000	0.0000	0.0000	0.0000	0.0000	0.0000	0.0000	0.0000	0.0000	0.0000	0.0000	0.0000	0.0000	0.0000	0.0000	0.0000	0.0000	0.0000	0.0000	0.0000	0.0000	0.0000	0.0000	0.0000	0.0000	0.0000	0.0000	0.0000	0.0000	0.0000	0.0000	0.0000	0.0000	0.0000	0.0000	0.0000	0.0000	0.0000											
24	76	0.6359	9	0	1	0	1	0	0	0	0	N	N	N	N	N	N	N	N	N	N	N	N	0.0000	0.0000	0.0000	0.0000	0.0000	0.0000	0.0000	0.0000	0.0000	0.0000	0.0000	0.0000	0.0000	0.0000	0.0000	0.0000	0.0000	0.0000	0.0000	0.0000	0.0000	0.0000	0.0000	0.0000	0.0000	0.0000	0.0000	0.0000	0.0000	0.0000	0.0000	0.0000	0.0000	0.0000	0.0000	0.0000	0.0000	0.0000	0.0000	0.0000	0.0000	0.0000	0.0000	0.0000	0.0000	0.0000	0.0000	0.0000	0.0000	0.0000	0.0000	0.0000	0.0000	0.0000	0.0000	0.0000	0.0000	0.0000	0.0000	0.0000	0.0000	0.0000	0.0000	0.0000	0.0000	0.0000	0.0000	0.0000	0.0000	0.0000	0.0000	0.0000	0.0000	0.0000	0.0000	0.0000	0.0000	0.0000											
24	77	0.6206	8	0	1	0	1	0	0	0	0	N	N	N	N	N	N	N	N	N	N	N	N	0.0000	0.0000	0.0000	0.0000	0.0000	0.0000	0.0000	0.0000	0.0000	0.0000	0.0000	0.0000	0.0000	0.0000	0.0000	0.0000	0.0000	0.0000	0.0000	0.0000	0.0000	0.0002	0.0000	2.9297	0.0000	0.0000	0.0000	0.0000	0.0000	0.0000	0.0000	0.0000	0.0000	0.0000	0.0000	0.0000	0.0000	0.0000	0.0000	0.0000	0.0000	0.0000	0.0000	0.0000	0.0000	0.0000	0.0000	0.0000	0.0000	0.0000	0.0000	0.0000	0.0000	0.0000	0.0000	0.0000	0.0000	0.0000	0.0000	0.0000	0.0000	0.0000	0.0000	0.0000	0.0000	0.0000	0.0000	0.0000	0.0000	0.0000	0.0000	0.0000	0.0000	0.0000	0.0000	0.0000	0.0000	0.0000											
24	78	0.6165	7	0	1	0	1	0	0	0	0	N	N	N	N	N	N	N	N	N	N	N	N	0.0000	0.0000	0.0000	0.0000	0.0000	0.0000	0.0000	0.0000	0.0000	0.0000	0.0000	0.0000	0.0000	0.0000	0.0000	0.0000	0.0000	0.0000	0.0000	0.0000	0.0000	0.0003	0.0000	2.1916	0.0000	0.0000	0.0000	0.0000	0.0000	0.0000	0.0000	0.0000	0.0000	0.0000	0.0000	0.0000	0.0000	0.0000	0.0000	0.0000	0.0000	0.0000	0.0000	0.0000	0.0000	0.0000	0.0000	0.0000	0.0000	0.0000	0.0000	0.0000	0.0000	0.0000	0.0000	0.0000	0.0000	0.0000	0.0000	0.0000	0.0000	0.0000	0.0000	0.0000	0.0000	0.0000	0.0000	0.0000	0.0000	0.0000	0.0000	0.0000	0.0000	0.0000	0.0000	0.0000	0.0000	0.0000											
24	79	0.6087	6	0	1	0	0	0	0	0	0	N	N	N	N	N	N	N	N	N	N	N	N	0.0000	0.0000	0.0000	0.0000	0.0000	0.0000	0.0000	0.0000	0.0000	0.0000	0.0000	0.0000	0.0000	0.0000	0.0000	0.0000	0.0000	0.0000	0.0000	0.0000	0.0000	0.2782	0.0000	1.3600	0.0000	0.0000	0.0000	0.0000	0.0000	0.0000	0.0000	0.0000	0.0000	0.0000	0.0000	0.0000	0.0000	0.0000	0.0000	0.0000	0.0000	0.0000	0.0000	0.0000	0.0000	0.0000	0.0000	0.0000	0.0000	0.0000	0.0000	0.0000	0.0000	0.0000	0.0000	0.0000	0.0000	0.0000	0.0000	0.0000	0.0000	0.0000	0.0000	0.0000	0.0000	0.0000	0.0000	0.0000	0.0000	0.0000	0.0000	0.0000	0.0000	0.0000	0.0000	0.0000	0.0000	0.0000											
24	80	0.6523	8	0	2	1	0	0	0	0	0	N	Y	N	N	N	N	N	N	N	N	N	N	0.0000	0.0000	0.0000	0.0000	0.0000	0.0000	0.0000	0.0000	0.0000	0.0000	0.0000	0.0000	0.0000	0.0000	0.0000	0.0000	0.0000	0.0000	0.0000	0.0000	0.0000	0.0029	0.0000	2.0135	0.0000	0.0000	0.0000	0.0000	0.0000	0.0000	0.0000	0.0000	0.0000	0.0000	0.0000	0.0000	0.0000	0.0000	0.0000	0.0000	0.0000	0.0000	0.0000	0.0000	0.0000	0.0000	0.0000	0.0000	0.0000	0.0000	0.0000	0.0000	0.0000	0.0000	0.0000	0.0000	0.0000	0.0000	0.0000	0.0000	0.0000	0.0000	0.0000	0.0000	0.0000	0.0000	0.0000	0.0000	0.0000	0.0000	0.0000	0.0000	0.0000	0.0000	0.0000	0.0000	0.0000	0.0000											
24	81	0.6457	7	0	2	0	0	0	0	0	0	N	Y	N	N	N	N	N	N	N	N	N	N	0.0000	0.0000	0.0000	0.0000	0.0000	0.0000	0.0000	0.0000	0.0000	0.0000	0.0000	0.0000	0.0000	0.0000	0.0000	0.0000	0.0000	0.0000	0.0000	0.0000	0.0000	0.6188	0.0000	0.9475	0.0000	0.0000	0.0000	0.0000	0.0000	0.0000	0.0000	0.0000	0.0000	0.0000	0.0000	0.0000	0.0000	0.0000	0.0000	0.0000	0.0000	0.0000	0.0000	0.0000	0.0000	0.0000	0.0000	0.0000	0.0000	0.0000	0.0000	0.0000	0.0000	0.0000	0.0000	0.0000	0.0000	0.0000	0.0000	0.0000	0.0000	0.0000	0.0000	0.0000	0.0000	0.0000	0.0000	0.0000	0.0000	0.0000	0.0000	0.0000	0.0000	0.0000	0.0000	0.0000	0.0000	0.0000											
24	83	0.6198	6	1	1	1	0	0	0	0	0	N	N	N	N	N	N	N	N	N	N	N	N	0.0000	0.0000	0.0000	0.0000	0.0000	0.0000	0.0000	0.0000	0.0000	0.0000	0.0000	0.0000	0.0000	0.0000	0.0000	0.0000	0.0000	0.0000	0.0000	0.0000	0.0000	9.0001	0.0000	3.0001	0.0000	0.0000	0.0000	0.0000	0.0000	0.0000	0.0000	0.0000	0.0000	0.0000	0.0000	0.0000	0.0000	0.0000	0.0000	0.0000	0.0000	0.0000	0.0000	0.0000	0.0000	0.0000	0.0000	0.0000	0.0000	0.0000	0.0000	0.0000	0.0000	0.0000	0.0000	0.0000	0.0000	0.0000	0.0000	0.0000	0.0000	0.0000	0.0000	0.0000	0.0000	0.0000	0.0000	0.0000	0.0000	0.0000	0.0000	0.0000	0.0000	0.0000	0.0000	0.0000	0.0000	0.0000											
24	84	0.0224	2	1	1	1	0	0	0	0	0	N	N	N	N	N	N	N	N	N	N	N	N	0.0000	0.0000	0.0000	0.0000	0.0000	0.0000	0.0000	0.0000	0.0000	0.0000	0.0000	0.0000	0.0000	0.0000	0.0000	0.0000	0.0000	0.0000	0.0000	0.0000	0.0000	4.0000	0.0000	0.0000	0.0000	0.0000	0.0000	0.0000	0.0000	0.0000	0.0000	0.0000	0.0000	0.0000	0.0000	0.0000	0.0000	0.0000	0.0000	0.0000	0.0000	0.0000	0.0000	0.0000	0.0000	0.0000	0.0000	0.0000	0.0000	0.0000	0.0000	0.0000	0.0000	0.0000	0.0000	0.0000	0.0000	0.0000	0.0000	0.0000	0.0000	0.0000	0.0000	0.0000	0.0000	0.0000	0.0000	0.0000	0.0000	0.0000	0.0000	0.0000	0.0000	0.0000	0.0000	0.0000	0.0000	0.0000											
24	85	0.0685	3	1	2	0	0	0	0	0	0	N	Y	N	N	N	N	N	N	N	N	N	N	0.0000	0.0000	0.0000	0.0000	0.0000	0.0000	0.0000	0.0000	0.0000	0.0000	0.0000	0.0000	0.0000	0.0000	0.0000	0.0000	0.0000	0.0000	0.0000	0.0000	0.0000	1.0086	0.0000	1.7435	0.0000	0.0000	0.0000	0.0000	0.0000	0.0000	0.0000	0.0000	0.0000	0.0000	0.0000	0.0000	0.0000	0.0000	0.0000	0.0000	0.0000	0.0000	0.0000	0.0000	0.0000	0.0000	0.0000	0.0000	0.0000	0.0000	0.0000	0.0000	0.0000	0.0000	0.0000	0.0000	0.0000	0.0000	0.0000	0.0000	0.0000	0.0000	0.0000	0.0000	0.0000	0.0000	0.0000	0.0000	0.0000	0.0000	0.0000	0.0000	0.0000	0.0000	0.0000	0.0000	0.0000	0.0000											
24	86	0.0224	2	1	2	0	0	0	0	0	0	N	Y	N	N	N	N	N	N	N	N	N	N	0.0000	0.0000	0.0000	0.0000	0.0000	0.0000	0.0000	0.0000	0.0000	0.0000	0.0000	0.0000	0.0000	0.0000	0.0000	0.0000	0.0000	0.0000	0.0000	0.0000	0.0000	1.0165	0.0000	4.1395	0.0000	0.0000	0.0000	0.0000	0.0000	0.0000	0.0000	0.0000	0.0000	0.0000	0.0000	0.0000	0.0000	0.0000	0.0000	0.0000	0.0000	0.0000	0.0000	0.0000	0.0000	0.0000	0.0000	0.0000	0.0000	0.0000	0.0000	0.0000	0.0000	0.0000	0.0000	0.0000	0.0000	0.0000	0.0000	0.0000	0.0000	0.0000	0.0000	0.0000	0.0000	0.0000	0.0000	0.0000	0.0000	0.0000	0.0000	0.0000	0.0000	0.0000	0.0000	0.0000	0.0000	0.0000											
24	87	0.5785	5	1	2	0	0	0	0	0	0	N	Y	N	N	N	N	N	N	N	N	N	N	0.0000	0.0000	0.0000	0.0000	0.0000	0.0000	0.0000	0.0000	0.0000	0.0000	0.0000	0.0000	0.0000	0.0000	0.0000	0.0000	0.0000	0.0000	0.0000	0.0000	0.0000	9.0005	0.0000	5.0000	0.0000	0.0000	0.0000	0.0000	0.0000	0.0000	0.0000	0.0000	0.0000	0.0000	0.0000	0.0000	0.0000	0.0000	0.0000	0.0000	0.0000	0.0000	0.0000	0.0000	0.0000	0.0000	0.0000	0.0000	0.0000	0.0000	0.0000	0.0000	0.0000	0.0000	0.0000	0.0000	0.0000	0.0000	0.0000	0.0000	0.0000	0.0000	0.0000	0.0000	0.0000	0.0000	0.0000	0.0000	0.0000	0.0000	0.0000	0.0000	0.0000	0.0000	0.0000	0.0000	0.0000	0.0000											
24	89	0.6457	7	0	2	0	0	0	0	0	0	N	Y	N	N	N	N	N	N	N	N	N	N	0.0000	0.0000	0.0000	0.0000	0.0000	0.0000	0.0000	0.0000	0.0000	0.0000	0.0000	0.0000	0.0000	0.0000	0.0000	0.0000	0.0000	0.0000	0.0000	0.0000	0.0000	1.9953	0.0000	1.0817	0.0000	0.0000	0.0000	0.0000	0.0000	0.0000	0.0000	0.0000	0.0000	0.0000	0.0000	0.0000	0.0000	0.0000	0.0000	0.0000	0.0000	0.0000	0.0000	0.0000	0.0000	0.0000	0.0000	0.0000	0.0000	0.0000	0.0000	0.0000	0.0000	0.0000	0.0000	0.0000	0.0000	0.0000	0.0000	0.0000	0.0000	0.0000	0.0000	0.0000	0.0000	0.0000	0.0000	0.0000	0.0000	0.0000	0.0000	0.0000	0.0000	0.0000	0.0000	0.0000	0.0000	0.0000											
24	90	0.6198	6	0	2	0	0	0	0	0	0	N	Y	N	N	N	N	N	N	N	N	N	N	0.0000	0.0000	0.0000	0.0000	0.0000	0.0000	0.0000	0.0000	0.0000	0.0000	0.0000	0.0000	0.0000	0.0000	0.0000	0.0000	0.0000	0.0000	0.0000	0.0000	0.0000	2.3999	0.0000	4.0713	0.0000	0.0000	0.0000	0.0000	0.0000	0.0000	0.0000	0.0000	0.0000	0.0000	0.0000	0.0000	0.0000	0.0000	0.0000	0.0000	0.0000	0.0000	0.0000	0.0000	0.0000	0.0000	0.0000	0.0000	0.0000	0.0000	0.0000	0.0000	0.0000	0.0000	0.0000	0.0000	0.0000	0.0000	0.0000	0.0000	0.0000	0.0000	0.0000	0.0000	0.0000	0.0000	0.0000	0.0000	0.0000	0.0000	0.0000	0.0000	0.0000	0.0000	0.0000	0.0000	0.0000	0.0000											
24	91	0.6408	7	0	1	1	0	0	0	0	0	N	N	N	N	N	N	N	N	N	N	N	N	0.0000	0.0000	0.0000	0.0000	0.0000	0.0000	0.0000	0.0000	0.0000	0.0000	0.0000	0.0000	0.0000	0.0000	0.0000	0.0000	0.0000	0.0000	0.0000	0.0000	0.0000	0.0000	0.0000	0.0000	0.0000	0.0000	0.0000	0.0000	0.0000	0.0000	0.0000	0.0000	0.0000	0.0000	0.0000	0.0000	0.0000	0.0000	0.0000	0.0000	0.0000	0.0000	0.0000	0.0000	0.0000	0.0000	0.0000	0.0000	0.0000	0.0000	0.0000	0.0000	0.0000	0.0000	0.0000	0.0000	0.0000	0.0000	0.0000	0.0000	0.0000	0.0000	0.0000	0.0000	0.0000	0.0000	0.0000	0.0000	0.0000	0.0000	0.0000	0.0000	0.0000	0.0000	0.0000	0.0000	0.0000	0.0000											
24	92	0.6087	6	0	1	1	0	0	0	0	0	N	N	N	N	N	N	N	N	N	N	N	N	0.0000	0.0000	0.0000	0.0000	0.0000	0.0000	0.0000	0.0000	0.0000	0.0000	0.0000	0.0000	0.0000	0.0000	0.0000	0.0000	0.0000	0.0000	0.0000	0.0000	0.0000	3.7221	0.0000	2.9993	0.0000	0.0000	0.0000	0.0000	0.0000	0.0000	0.0000	0.0000	0.0000	0.0000	0.0000	0.0000	0.0000	0.0000	0.0000	0.0000	0.0000	0.0000	0.0000	0.0000	0.0000	0.0000	0.0000	0.0000	0.0000	0.0000	0.0000	0.0000	0.0000	0.0000	0.0000	0.0000	0.0000	0.0000	0.0000	0.0000	0.0000	0.0000	0.0000	0.0000	0.0000	0.0000	0.0000	0.0000	0.0000	0.0000	0.0000	0.0000	0.0000	0.0000	0.0000	0.0000	0.0000	0.0000											
24	93	0.5785	5	0	1	0	0	0	0	0	0	N	N	N	N	N	N	N	N	N	N	N	N	0.0000	0.0000	0.0000	0.0000	0.0000	0.0000	0.0000	0.0000	0.0000	0.0000	0.0000	0.0000	0.0000	0.0000	0.0000	0.0000	0.0000	0.0000	0.0000	0.0000	0.0000	2.7217	0.0000	3.0458	0.0000	0.0000	0.0000	0.0000	0.0000	0.0000	0.0000	0.0000	0.0000	0.0000	0.0000	0.0000	0.0000	0.0000	0.0000	0.0000	0.0000	0.0000	0.0000	0.0000	0.0000	0.0000	0.0000	0.0000	0.0000	0.0000	0.0000	0.0000	0.0000	0.0000	0.0000	0.0000	0.0000	0.0000	0.0000	0.0000	0.0000	0.0000	0.0000	0.0000	0.0000	0.0000	0.0000	0.0000	0.0000	0.0000	0.0000	0.0000	0.0000	0.0000	0.0000	0.0000	0.0000	0.0000											
24	94	0.6360	7	1	2	0	0	0	0	0	0	N	Y	N	N	N	N	N	N	N	N	N	N	0.0000	0.0000	0.0000	0.0000	0.0000	0.0000	0.0000	0.0000	0.0000	0.0000	0.0000	0.0000	0.0000	0.0000	0.0000	0.0000	0.0000	0.0000	0.0000	0.0000	0.0000	5.9980	0.0000	4.9575	0.0000	0.0000	0.0000	0.0000	0.0000	0.0000	0.0000	0.0000	0.0000	0.0000	0.0000	0.0000	0.0000	0.0000	0.0000	0.0000	0.0000	0.0000	0.0000	0.0000	0.0000	0.0000	0.0000	0.0000	0.0000	0.0000	0.0000	0.0000	0.0000	0.0000	0.0000	0.0000	0.0000	0.0000	0.0000	0.0000	0.0000	0.0000	0.0000	0.0000	0.0000	0.0000	0.0000	0.0000	0.0000	0.0000	0.0000	0.0000	0.0000	0.0000	0.0000	0.0000	0.0000	0.0000											
24	97	0.5785	5	0	1	0	0	0	0	0	0	N	N	N	N	N	N	N	N	N	N	N	N	0.0000	0.0000	0.0000	0.0000	0.0000	0.0000	0.0000	0.0000	0.0000	0.0000	0.0000	0.0000	0.0000	0.0000	0.0000	0.0000	0.0000	0.0000	0.0000	0.0000	0.0000	3.9994	0.0000	4.0000	0.0000	0.0000	0.0000	0.0000	0.0000	0.0000	0.0000	0.0000	0.0000	0.0000	0.0000	0.0000	0.0000	0.0000	0.0000	0.0000	0.0000	0.0000	0.0000	0.0000	0.0000	0.0000	0.0000	0.0000	0.0000	0.0000	0.0000	0.0000	0.0000	0.0000	0.0000	0.0000	0.0000	0.0000	0.0000	0.0000	0.0000	0.0000	0.0000	0.0000	0.0000	0.0000	0.0000	0.0000	0.0000	0.0000	0.0000	0.0000	0.0000	0.0000	0.0000	0.0000	0.0000	0.0000											
24	98	0.0224	2	0	1	0	0	0	0	0	0	N	N	N	N	N	N	N	N	N	N	N	N	0.0000	0.0000	0.0000	0.0000	0.0000	0.0000	0.0000	0.0000	0.0000	0.0000	0.0000	0.0000	0.0000	0.0000	0.0000	0.0000	0.0000	0.0000	0.0000	0.0000	0.0000	1.0000	0.0000	0.0000	0.0000	0.0000	0.0000	0.0000	0.0000	0.0000	0.0000	0.0000	0.0000	0.0000	0.0000	0.0000	0.0000	0.0000	0.0000	0.0000	0.0000	0.0000	0.0000	0.0000	0.0000	0.0000	0.0000	0.0000	0.0000	0.0000	0.0000	0.0000	0.0000	0.0000	0.0000	0.0000	0.0000	0.0000	0.0000	0.0000	0.0000	0.0000	0.0000	0.0000	0.0000	0.0000	0.0000	0.0000	0.0000	0.0000	0.0000	0.0000	0.0000	0.0000	0.0000	0.0000	0.0000	0.0000											
24	99	0.4676	4	0	1	0	0	0	0	0	0	N	N	N	N	N	N	N	N	N	N	N	N	0.0000	0.0000	0.0000	0.0000	0.0000	0.0000	0.0000	0.0000	0.0000	0.0000	0.0000	0.0000	0.0000	0.0000	0.0000	0.0000	0.0000	0.0000	0.0000	0.0000	0.0000	1.5982	0.0000	11.1970	0.0000	0.0000	0.0000	0.0000	0.0000	0.0000	0.0000	0.0000	0.0000	0.0000	0.0000	0.0000	0.0000	0.0000	0.0000	0.0000	0.0000	0.0000	0.0000	0.0000	0.0000	0.0000	0.0000	0.0000	0.0000	0.0000	0.0000	0.0000	0.0000	0.0000	0.0000	0.0000	0.0000	0.0000	0.0000	0.0000	0.0000	0.0000	0.0000	0.0000	0.0000	0.0000	0.0000	0.0000	0.0000	0.0000	0.0000	0.0000	0.0000	0.0000	0.0000	0.0000	0.0000	0.0000											
24	100	0.6375	8	1	2	1	0	0	0	0	0	N	Y	N	N	N	N	N	N	N	N	N	N	0.0000	0.0000	0.0000	0.0000	0.0000	0.0000	0.0000	0.0000	0.0000	0.0000	0.0000	0.0000	0.0000	0.0000	0.0000	0.0000	0.0000	0.0000	0.0000	0.0000	0.0000	0.0000	0.0000	0.9982	0.0000	0.0000	0.0000	0.0000	0.0000	0.0000	0.0000	0.0000	0.0000	0.0000	0.0000	0.0000	0.0000	0.0000	0.0000	0.0000	0.0000	0.0000	0.0000	0.0000	0.0000	0.0000	0.0000	0.0000	0.0000	0.0000	0.0000	0.0000	0.0000	0.0000	0.0000	0.0000	0.0000	0.0000	0.0000	0.0000	0.0000	0.0000	0.0000	0.0000	0.0000	0.0000	0.0000	0.0000	0.0000	0.0000	0.0000	0.0000	0.0000	0.0000	0.0000	0.0000	0.0000	0.0000											
24	101	0.0571	5	1	2	1	0	0	0	0	0	N	Y	N	N	N	N	N	N	N	N	N	N	0.0000	0.0000	0.0000	0.0000	0.0000	0.0000	0.0000	0.0000	0.0000	0.0000	0.0000	0.0000	0.0000	0.0000	0.0000	0.0000	0.0000	0.0000	0.0000	0.0000	0.0000	0.0000	0.0000	0.0000	0.0000	0.0000	0.0000	0.0000	0.0000	0.0000	0.0000	0.0000	0.0000	0.0000	0.0000	0.0000	0.0000	0.0000	0.0000	0.0000	0.0000	0.0000	0.0000	0.0000	0.0000	0.0000	0.0000	0.0000	0.0000	0.0000	0.0000	0.0000	0.0000	0.0000	0.0000	0.0000	0.0000	0.0000	0.0000	0.0000	0.0000	0.0000	0.0000	0.0000	0.0000	0.0000	0.0000	0.0000	0.0000	0.0000	0.0000	0.0000	0.0000	0.0000	0.0000	0.0000	0.0000	0.0000											
24	102	0.0571	4	1	1	1	0	0	0	0	0	N	N	N	N	N	N	N	N	N	N	N	N	0.0000	0.0000	0.0000	0.0000	0.0000	0.0000	0.0000	0.0000	0.0000	0.0000	0.0000	0.0000	0.0000	0.0000	0.0000	0.0000	0.0000	0.0000	0.0000	0.0000	0.0000	0.0000	0.0000	0.0000	0.0000	0.0000	0.0000	0.0000	0.0000	0.0000	0.0000	0.0000	0.0000	0.0000	0.0000	0.0000	0.0000	0.0000	0.0000	0.0000	0.0000	0.0000	0.0000	0.0000	0.0000	0.0000	0.0000	0.0000	0.0000	0.0000	0.0000	0.0000	0.0000	0.0000	0.0000	0.0000	0.0000	0.0000	0.0000	0.0000	0.0000	0.0000	0.0000	0.0000	0.0000	0.0000	0.0000	0.0000	0.0000	0.0000	0.0000	0.0000	0.0000	0.0000	0.0000	0.0000	0.0000	0.0000											
24	103	0.0510	3	1	1	1	0	0	0	0	0	N	N	N	N	N	N	N	N	N	N	N	N	0.0000	0.0000	0.0000	0.0000	0.0000	0.0000	0.0000	0.0000	0.0000	0.0000	0.0000	0.0000	0.0000	0.0000	0.0000	0.0000	0.0000	0.0000	0.0000	0.0000	0.0000	0.0000	0.0000	1.0091	0.0000	0.0000	0.0000	0.0000	0.0000	0.0000	0.0000	0.0000	0.0000	0.0000	0.0000	0.0000	0.0000	0.0000	0.0000	0.0000	0.0000	0.0000	0.0000	0.0000	0.0000	0.0000	0.0000	0.0000	0.0000	0.0000	0.0000	0.0000	0.0000	0.0000	0.0000	0.0000	0.0000	0.0000	0.0000	0.0000	0.0000	0.0000	0.0000	0.0000	0.0000	0.0000	0.0000	0.0000	0.0000	0.0000	0.0000	0.0000	0.0000	0.0000	0.0000	0.0000	0.0000	0.0000											
24	104	0.5785	5	0	2	0	0	0	0	0	0	N	Y	N	N	N	N	N	N	N	N	N	N	0.0000	0.0000	0.0000	0.0000	0.0000	0.0000	0.0000	0.0000	0.0000	0.0000	0.0000	0.0000	0.0000	0.0000	0.0000	0.0000	0.0000	0.0000	0.0000	0.0000	0.0000	7.9994	0.0000	4.0001	0.0000	0.0000	0.0000	0.0000	0.0000	0.0000	0.0000	0.0000	0.0000	0.0000	0.0000	0.0000	0.0000	0.0000	0.0000	0.0000	0.0000	0.0000	0.0000	0.0000	0.0000	0.0000	0.0000	0.0000	0.0000	0.0000	0.0000	0.0000	0.0000	0.0000	0.0000	0.0000	0.0000	0.0000	0.0000	0.0000	0.0000	0.0000	0.0000	0.0000	0.0000	0.0000	0.0000	0.0000	0.0000	0.0000	0.0000	0.0000	0.0000	0.0000	0.0000	0.0000	0.0000	0.0000											
24	105	0.6410	9	1	1	1	0	0	0	0	0	N	N	N	N	N	N	N	N	N	N	N	N	0.0000	0.0000	0.0000	0.0000	0.0000	0.0000	0.0000	0.0000	0.0000	0.0000	0.0000	0.0000	0.0000	0.0000	0.0000	0.0000	0.0000	0.0000	0.0000	0.0000	0.0000	1.0000	0.0000	1.0005	0.0000	0.0000	0.0000	0.0000	0.0000	0.0000	0.0000	0.0000	0.0000	0.0000	0.0000	0.0000	0.0000	0.0000	0.0000	0.0000	0.0000	0.0000	0.0000	0.0000	0.0000	0.0000	0.0000	0.0000	0.0000	0.0000	0.0000	0.0000	0.0000	0.0000	0.0000	0.0000	0.0000	0.0000	0.0000	0.0000	0.0000	0.0000	0.0000	0.0000	0.0000	0.0000	0.0000	0.0000	0.0000	0.0000	0.0000	0.0000	0.0000	0.0000	0.0000	0.0000	0.0000	0.0000											
24	106	0.6375	8	1	1	1	0	0	0	0	0	N	N	N	N	N	N	N	N	N	N	N	N	0.0000	0.0000	0.0000	0.0000	0.0000	0.0000	0.0000	0.0000	0.0000	0.0000	0.0000	0.0000	0.0000	0.0000	0.0000	0.0000	0.0000	0.0000	0.0000	0.0000	0.0000	0.7249	0.0000	0.0368	0.0000	0.0000	0.0000	0.0000	0.0000	0.0000	0.0000	0.0000	0.0000	0.0000	0.0000	0.0000	0.0000	0.0000	0.0000	0.0000	0.0000	0.0000	0.0000	0.0000	0.0000	0.0000	0.0000	0.0000	0.0000	0.0000	0.0000	0.0000	0.0000	0.0000	0.0000	0.0000	0.0000	0.0000	0.0000	0.0000	0.0000	0.0000	0.0000	0.0000	0.0000	0.0000	0.0000	0.0000	0.0000	0.0000	0.0000	0.0000	0.0000	0.0000	0.0000	0.0000	0.0000	0.0000											
24	107	0.6360	7	1	1	1	0	0	0	0	0	N	N	N	N	N	N	N	N	N	N	N	N	0.0000	0.0000	0.0000	0.0000	0.0000	0.0000	0.0000	0.0000	0.0000	0.0000	0.0000	0.0000	0.0000	0.0000	0.0000	0.0000	0.0000	0.0000	0.0000	0.0000	0.0000	0.4159	0.0000	0.0887	0.0000	0.0000	0.0000	0.0000	0.0000	0.0000	0.0000	0.0000	0.0000	0.0000	0.0000	0.0000	0.0000	0.0000	0.0000	0.0000	0.0000	0.0000	0.0000	0.0000	0.0000	0.0000	0.0000	0.0000	0.0000	0.0000	0.0000	0.0000	0.0000	0.0000	0.0000	0.0000	0.0000	0.0000	0.0000	0.0000	0.0000	0.0000	0.0000	0.0000	0.0000	0.0000	0.0000	0.0000	0.0000	0.0000	0.0000	0.0000	0.0000	0.0000	0.0000	0.0000	0.0000	0.0000											
24	108	0.6198	6	1	1	0	0	0	0	0	0	N	N	N	N	N	N	N	N	N	N	N	N	0.0000	0.0000	0.0000	0.0000	0.0000	0.0000	0.0000	0.0000	0.0000	0.0000	0.0000	0.0000	0.0000	0.0000	0.0000	0.0000	0.0000	0.0000	0.0000	0.0000	0.0000	3.9943	0.0000	0.9974	0.0000	0.0000	0.0000	0.0000	0.0000	0.0000	0.0000	0.0000	0.0000	0.0000	0.0000	0.0000	0.0000	0.0000	0.0000	0.0000	0.0000	0.0000	0.0000	0.0000	0.0000	0.0000	0.0000	0.0000	0.0000	0.0000	0.0000	0.0000	0.0000	0.0000	0.0000	0.0000	0.0000	0.0000	0.0000	0.0000	0.0000	0.0000	0.0000	0.0000	0.0000	0.0000	0.0000	0.0000	0.0000	0.0000	0.0000	0.0000	0.0000	0.0000	0.0000	0.0000	0.0000	0.0000											
24	109	0.0510	3	1	1	1	0	0	0	0	0	N	N	N	N	N	N	N	N	N	N	N	N	0.0000	0.0000	0.0000	0.0000	0.0000	0.0000	0.0000	0.0000	0.0000	0.0000	0.0000	0.0000	0.0000	0.0000	0.0000	0.0000	0.0000	0.0000	0.0000	0.0000	0.0000	0.0000	0.0000	0.9909	0.0000	0.0000	0.0000	0.0000	0.0000	0.0000	0.0000	0.0000	0.0000	0.0000	0.0000	0.0000	0.0000	0.0000	0.0000	0.0000	0.0000	0.0000	0.0000	0.0000	0.0000	0.0000	0.0000	0.0000	0.0000	0.0000	0.0000	0.0000	0.0000	0.0000	0.0000	0.0000	0.0000	0.0000	0.0000	0.0000	0.0000	0.0000	0.0000	0.0000	0.0000	0.0000	0.0000	0.0000	0.0000	0.0000	0.0000	0.0000	0.0000	0.0000	0.0000	0.0000	0.0000	0.0000											
24	110	0.0224	2	1	1	1	0	0	0	0	0	N	N	N	N	N	N	N	N	N	N	N	N	0.0000	0.0000	0.0000	0.0000	0.0000	0.0000	0.0000	0.0000	0.0000	0.0000	0.0000	0.0000	0.0000	0.0000	0.0000	0.0000	0.0000	0.0000	0.0000	0.0000	0.0000	4.0000	0.0000	0.0000	0.0000	0.0000	0.0000	0.0000	0.0000	0.0000	0.0000	0.0000	0.0000	0.0000	0.0000	0.0000	0.0000	0.0000	0.0000	0.0000	0.0000	0.0000	0.0000	0.0000	0.0000	0.0000	0.0000	0.0000	0.0000	0.0000	0.0000	0.0000	0.0000	0.0000	0.0000	0.0000	0.0000	0.0000	0.0000	0.0000	0.0000	0.0000	0.0000	0.0000	0.0000	0.0000	0.0000	0.0000	0.0000	0.0000	0.0000	0.0000	0.0000	0.0000	0.0000	0.0000	0.0000	0.0000											
24	112	0.6244	6	0	1	1	0	0	0	0	0	N	N	N	N	N	N	N	N	N	N	N	N	0.0000	0.0000	0.0000	0.0000	0.0000	0.0000	0.0000	0.0000	0.0000	0.0000	0.0000	0.0000	0.0000	0.0000	0.0000	0.0000	0.0000	0.0000	0.0000	0.0000	0.0000	0.0000	0.0000	0.0001	0.0000	0.0000	0.0000	0.0000	0.0000	0.0000	0.0000	0.0000	0.0000	0.0000	0.0000	0.0000	0.0000	0.0000	0.0000	0.0000	0.0000	0.0000	0.0000	0.0000	0.0000	0.0000	0.0000	0.0000	0.0000	0.0000	0.0000	0.0000	0.0000	0.0000	0.0000	0.0000	0.0000	0.0000	0.0000	0.0000	0.0000	0.0000	0.0000	0.0000	0.0000	0.0000	0.0000	0.0000	0.0000	0.0000	0.0000	0.0000	0.0000	0.0000	0.0000	0.0000	0.0000	0.0000											
24	113	0.5785	5	0	1	1	0	0	0	0	0	N	N	N	N	N	N	N	N	N	N	N	N	0.0000	0.0000	0.0000	0.0000	0.0000	0.0000	0.0000	0.0000	0.0000	0.0000	0.0000	0.0000	0.0000	0.0000	0.0000	0.0000	0.0000	0.0000	0.0000	0.0000	0.0000	4.0004	0.0000	4.9999	0.0000	0.0000	0.0000	0.0000	0.0000	0.0000	0.0000	0.0000	0.0000	0.0000	0.0000	0.0000	0.0000	0.0000	0.0000	0.0000	0.0000	0.0000	0.0000	0.0000	0.0000	0.0000	0.0000	0.0000	0.0000	0.0000	0.0000	0.0000	0.0000	0.0000	0.0000	0.0000	0.0000	0.0000	0.0000	0.0000	0.0000	0.0000	0.0000	0.0000	0.0000	0.0000	0.0000	0.0000	0.0000	0.0000	0.0000	0.0000	0.0000	0.0000	0.0000	0.0000	0.0000	0.0000											
24	114	0.0550	3	0	2	0	0	0	0	0	0	N	Y	N	N	N	N	N	N	N	N	N	N	0.0000	0.0000	0.0000	0.0000	0.0000	0.0000	0.0000	0.0000	0.0000	0.0000	0.0000	0.0000	0.0000	0.0000	0.0000	0.0000	0.0000	0.0000	0.0000	0.0000	0.0000	4.3361	0.0000	4.6323	0.0000	0.0000	0.0000	0.0000	0.0000	0.0000	0.0000	0.0000	0.0000	0.0000	0.0000	0.0000	0.0000	0.0000	0.0000	0.0000	0.0000	0.0000	0.0000	0.0000	0.0000	0.0000	0.0000	0.0000	0.0000	0.0000	0.0000	0.0000	0.0000	0.0000	0.0000	0.0000	0.0000	0.0000	0.0000	0.0000	0.0000	0.0000	0.0000	0.0000	0.0000	0.0000	0.0000	0.0000	0.0000	0.0000	0.0000	0.0000	0.0000	0.0000	0.0000	0.0000	0.0000	0.0000											
24	115	0.0224	2	0	1	0	0	0	0	0	0	N	N	N	N	N	N	N	N	N	N	N	N	0.0000	0.0000	0.0000	0.0000	0.0000	0.0000	0.0000	0.0000	0.0000	0.0000	0.0000	0.0000	0.0000	0.0000	0.0000	0.0000	0.0000	0.0000	0.0000	0.0000	0.0000	1.9840	0.0000	0.2610	0.0000	0.0000	0.0000	0.0000	0.0000	0.0000	0.0000	0.0000	0.0000	0.0000	0.0000	0.0000	0.0000	0.0000	0.0000	0.0000	0.0000	0.0000	0.0000	0.0000	0.0000	0.0000	0.0000	0.0000	0.0000	0.0000	0.0000	0.0000	0.0000	0.0000	0.0000	0.0000	0.0000	0.0000	0.0000	0.0000	0.0000	0.0000	0.0000	0.0000	0.0000	0.0000	0.0000	0.0000	0.0000	0.0000	0.0000	0.0000	0.0000	0.0000	0.0000	0.0000	0.0000	0.0000											
24	116	0.5785	5	0	2	0	1	0	0	0	0	N	Y	N	N	N	N	N	N	N	N	N	N	0.0000	0.0000	0.0000	0.0000	0.0000	0.0000	0.0000	0.0000	0.0000	0.0000	0.0000	0.0000	0.0000	0.0000	0.0000	0.0000	0.0000	0.0000	0.0000	0.0000	0.0000	5.0006	0.0000	2.0000	0.0000	0.0000	0.0000	0.0000	0.0000	0.0000	0.0000	0.0000	0.0000	0.0000	0.0000	0.0000	0.0000	0.0000	0.0000	0.0000	0.0000	0.0000	0.0000	0.0000	0.0000	0.0000	0.0000	0.0000	0.0000	0.0000	0.0000	0.0000	0.0000	0.0000	0.0000	0.0000	0.0000	0.0000	0.0000	0.0000	0.0000	0.0000	0.0000	0.0000	0.0000	0.0000	0.0000	0.0000	0.0000	0.0000	0.0000	0.0000	0.0000	0.0000	0.0000	0.0000	0.0000	0.0000											
24	117	0.0224	2	0	2	0	1	0	0	0	0	N	Y	N	N	N	N	N	N	N	N	N	N	0.0000	0.0000	0.0000	0.0000	0.0000	0.0000	0.0000	0.0000	0.0000	0.0000	0.0000	0.0000	0.0000	0.0000	0.0000	0.0000	0.0000	0.0000	0.0000	0.0000	0.0000	0.0000	0.0000	1.0000	0.0000	0.0000	0.0000	0.0000	0.0000	0.0000	0.0000	0.0000	0.0000	0.0000	0.0000	0.0000	0.0000	0.0000	0.0000	0.0000	0.0000	0.0000	0.0000	0.0000	0.0000	0.0000	0.0000	0.0000	0.0000	0.0000	0.0000	0.0000	0.0000	0.0000	0.0000	0.0000	0.0000	0.0000	0.0000	0.0000	0.0000	0.0000	0.0000	0.0000	0.0000	0.0000	0.0000	0.0000	0.0000	0.0000	0.0000	0.0000	0.0000	0.0000	0.0000	0.0000	0.0000	0.0000											
24	118	0.5785	5	0	2	0	0	0	0	0	0	N	Y	N	N	N	N	N	N	N	N	N	N	0.0000	0.0000	0.0000	0.0000	0.0000	0.0000	0.0000	0.0000	0.0000	0.0000	0.0000	0.0000	0.0000	0.0000	0.0000	0.0000	0.0000	0.0000	0.0000	0.0000	0.0000	16.9994	0.0000	6.0000	0.0000	0.0000	0.0000	0.0000	0.0000	0.0000	0.0000	0.0000	0.0000	0.0000	0.0000	0.0000	0.0000	0.0000	0.0000	0.0000	0.0000	0.0000	0.0000	0.0000	0.0000	0.0000	0.0000	0.0000	0.0000	0.0000	0.0000	0.0000	0.0000	0.0000	0.0000	0.0000	0.0000	0.0000	0.0000	0.0000	0.0000	0.0000	0.0000	0.0000	0.0000	0.0000	0.0000	0.0000	0.0000	0.0000	0.0000	0.0000	0.0000	0.0000	0.0000	0.0000	0.0000	0.0000											
24	119	0.0224	2	0	2	0	0	0	0	0	0	N	Y	N	N	N	N	N	N	N	N	N	N	0.0000	0.0000	0.0000	0.0000	0.0000	0.0000	0.0000	0.0000	0.0000	0.0000	0.0000	0.0000	0.0000	0.0000	0.0000	0.0000	0.0000	0.0000	0.0000	0.0000	0.0000	5.0000	0.0000	6.0000	0.0000	0.0000	0.0000	0.0000	0.0000	0.0000	0.0000	0.0000	0.0000	0.0000	0.0000	0.0000	0.0000	0.0000	0.0000	0.0000	0.0000	0.0000	0.0000	0.0000	0.0000	0.0000	0.0000	0.0000	0.0000	0.0000	0.0000	0.0000	0.0000	0.0000	0.0000	0.0000	0.0000	0.0000	0.0000	0.0000	0.0000	0.0000	0.0000	0.0000	0.0000	0.0000	0.0000	0.0000	0.0000	0.0000	0.0000	0.0000	0.0000	0.0000	0.0000	0.0000	0.0000	0.0000											
24	120	0.0505	3	0	2	0	0	0	0	0	0	N	Y	N	N	N	N	N	N	N	N	N	N	0.0000	0.0000	0.0000	0.0000	0.0000	0.0000	0.0000	0.0000	0.0000	0.0000	0.0000	0.0000	0.0000	0.0000	0.0000	0.0000	0.0000	0.0000	0.0000	0.0000	0.0000	0.9998	0.0000	0.9486	0.0000	0.0000	0.0000	0.0000	0.0000	0.0000	0.0000	0.0000	0.0000	0.0000	0.0000	0.0000	0.0000	0.0000	0.0000	0.0000	0.0000	0.0000	0.0000	0.0000	0.0000	0.0000	0.0000	0.0000	0.0000	0.0000	0.0000	0.0000	0.0000	0.0000	0.0000	0.0000	0.0000	0.0000	0.0000	0.0000	0.0000	0.0000	0.0000	0.0000	0.0000	0.0000	0.0000	0.0000	0.0000	0.0000	0.0000	0.0000	0.0000	0.0000	0.0000	0.0000	0.0000	0.0000											
24	121	0.0224	2	0	2	0	0	0	0	0	0	N	Y	N	N	N	N	N	N	N	N	N	N	0.0000	0.0000	0.0000	0.0000	0.0000	0.0000	0.0000	0.0000	0.0000	0.0000	0.0000	0.0000	0.0000	0.0000	0.0000	0.0000	0.0000	0.0000	0.0000	0.0000	0.0000	3.0005	0.0000	1.1085	0.0000	0.0000	0.0000	0.0000	0.0000	0.0000	0.0000	0.0000	0.0000	0.0000	0.0000	0.0000	0.0000	0.0000	0.0000	0.0000	0.0000	0.0000	0.0000	0.0000	0.0000	0.0000	0.0000	0.0000	0.0000	0.0000	0.0000	0.0000	0.0000	0.0000	0.0000	0.0000	0.0000	0.0000	0.0000	0.0000	0.0000	0.0000	0.0000	0.0000	0.0000	0.0000	0.0000	0.0000	0.0000	0.0000	0.0000	0.0000	0.0000	0.0000	0.0000	0.0000	0.0000	0.0000											
24	122	0.6198	6	0	2	0	0	0	0	0	0	N	Y	N	N	N	N	N	N	N	N	N	N	0.0000	0.0000	0.0000	0.0000	0.0000	0.0000	0.0000	0.0000	0.0000	0.0000	0.0000	0.0000	0.0000	0.0000	0.0000	0.0000	0.0000	0.0000	0.0000	0.0000	0.0000	2.0001	0.0000	3.0000	0.0000	0.0000	0.0000	0.0000	0.0000	0.0000	0.0000	0.0000	0.0000	0.0000	0.0000	0.0000	0.0000	0.0000	0.0000	0.0000	0.0000	0.0000	0.0000	0.0000	0.0000	0.0000	0.0000	0.0000	0.0000	0.0000	0.0000	0.0000	0.0000	0.0000	0.0000	0.0000	0.0000	0.0000	0.0000	0.0000	0.0000	0.0000	0.0000	0.0000	0.0000	0.0000	0.0000	0.0000	0.0000	0.0000	0.0000	0.0000	0.0000	0.0000	0.0000	0.0000	0.0000	0.0000											
24	123	0.5785	5	0	1	0	0	0	0	0	0	N	N	N	N	N	N	N	N	N	N	N	N	0.0000	0.0000	0.0000	0.0000	0.0000	0.0000	0.0000	0.0000	0.0000	0.0000	0.0000	0.0000	0.0000	0.0000	0.0000	0.0000	0.0000	0.0000	0.0000	0.0000	0.0000	6.9986	0.0000	2.0000	0.0000	0.0000	0.0000	0.0000	0.0000	0.0000	0.0000	0.0000	0.0000	0.0000	0.0000	0.0000	0.0000	0.0000	0.0000	0.0000	0.0000	0.0000	0.0000	0.0000	0.0000	0.0000	0.0000	0.0000	0.0000	0.0000	0.0000	0.0000	0.0000	0.0000	0.0000	0.0000	0.0000	0.0000	0.0000	0.0000	0.0000	0.0000	0.0000	0.0000	0.0000	0.0000	0.0000	0.0000	0.0000	0.0000	0.0000	0.0000	0.0000	0.0000	0.0000	0.0000	0.0000	0.0000											
24	124	0.0559	3	0	2	0	0	0	0	0	0	N	Y	N	N	N	N	N	N	N	N	N	N	0.0000	0.0000	0.0000	0.0000	0.0000	0.0000	0.0000	0.0000	0.0000	0.0000	0.0000	0.0000	0.0000	0.0000	0.0000	0.0000	0.0000	0.0000	0.0000	0.0000	0.0000	3.9006	0.0000	3.1543	0.0000	0.0000	0.0000	0.0000	0.0000	0.0000	0.0000	0.0000	0.0000	0.0000	0.0000	0.0000	0.0000	0.0000	0.0000	0.0000	0.0000	0.0000	0.0000	0.0000	0.0000	0.0000	0.0000	0.0000	0.0000	0.0000	0.0000	0.0000	0.0000	0.0000	0.0000	0.0000	0.0000	0.0000	0.0000	0.0000	0.0000	0.0000	0.0000	0.0000	0.0000	0.0000	0.0000	0.0000	0.0000	0.0000	0.0000	0.0000	0.0000	0.0000	0.0000	0.0000	0.0000	0.0000											
24	125	0.0224	2	0	2	0	0	0	0	0	0	N	Y	N	N	N	N	N	N	N	N	N	N	0.0000	0.0000	0.0000	0.0000	0.0000	0.0000	0.0000	0.0000	0.0000	0.0000	0.0000	0.0000	0.0000	0.0000	0.0000	0.0000	0.0000	0.0000	0.0000	0.0000	0.0000	1.6924	0.0000	1.9110	0.0000	0.0000	0.0000	0.0000	0.0000	0.0000	0.0000	0.0000	0.0000	0.0000	0.0000	0.0000	0.0000	0.0000	0.0000	0.0000	0.0000	0.0000	0.0000	0.0000	0.0000	0.0000	0.0000	0.0000	0.0000	0.0000	0.0000	0.0000	0.0000	0.0000	0.0000	0.0000	0.0000	0.0000	0.0000	0.0000	0.0000	0.0000	0.0000	0.0000	0.0000	0.0000	0.0000	0.0000	0.0000	0.0000	0.0000	0.0000	0.0000	0.0000	0.0000	0.0000	0.0000	0.0000											
24	126	0.5785	5	0	2	0	0	0	0	0	0	N	Y	N	N	N	N	N	N	N	N	N	N	0.0000	0.0000	0.0000	0.0000	0.0000	0.0000	0.0000	0.0000	0.0000	0.0000	0.0000	0.0000	0.0000	0.0000	0.0000	0.0000	0.0000	0.0000	0.0000	0.0000	0.0000	0.9996	0.0000	8.0005	0.0000	0.0000	0.0000	0.0000	0.0000	0.0000	0.0000	0.0000	0.0000	0.0000	0.0000	0.0000	0.0000	0.0000	0.0000	0.0000	0.0000	0.0000	0.0000	0.0000	0.0000	0.0000	0.0000	0.0000	0.0000	0.0000	0.0000	0.0000	0.0000	0.0000	0.0000	0.0000	0.0000	0.0000	0.0000	0.0000	0.0000	0.0000	0.0000	0.0000	0.0000	0.0000	0.0000	0.0000	0.0000	0.0000	0.0000	0.0000	0.0000	0.0000	0.0000	0.0000	0.0000	0.0000											
24	127	0.4839	5	0	1	0	0	0	0	0	0	N	N	N	N	N	N	N	N	N	N	N	N	0.0000	0.0000	0.0000	0.0000	0.0000	0.0000	0.0000	0.0000	0.0000	0.0000	0.0000	0.0000	0.0000	0.0000	0.0000	0.0000	0.0000	0.0000	0.0000	0.0000	0.0000	3.6536	0.0000	12.3970	0.0000	0.0000	0.0000	0.0000	0.0000	0.0000	0.0000	0.0000	0.0000	0.0000	0.0000	0.0000	0.0000	0.0000	0.0000	0.0000	0.0000	0.0000	0.0000	0.0000	0.0000	0.0000	0.0000	0.0000	0.0000	0.0000	0.0000	0.0000	0.0000	0.0000	0.0000	0.0000	0.0000	0.0000	0.0000	0.0000	0.0000	0.0000	0.0000	0.0000	0.0000	0.0000	0.0000	0.0000	0.0000	0.0000	0.0000	0.0000	0.0000	0.0000	0.0000	0.0000	0.0000	0.0000											
24	128	0.2728	3	0	1	0	0	0	0	0	0	N	N	N	N	N	N	N	N	N	N	N	N	0.0000	0.0000	0.0000	0.0000	0.0000	0.0000	0.0000	0.0000	0.0000	0.0000	0.0000	0.0000	0.0000	0.0000	0.0000	0.0000	0.0000	0.0000	0.0000	0.0000	0.0000	5.3495	0.0000	12.4099	0.0000	0.0000	0.0000	0.0000	0.0000	0.0000	0.0000	0.0000	0.0000	0.0000	0.0000	0.0000	0.0000	0.0000	0.0000	0.0000	0.0000	0.0000	0.0000	0.0000	0.0000	0.0000	0.0000	0.0000	0.0000	0.0000	0.0000	0.0000	0.0000	0.0000	0.0000	0.0000	0.0000	0.0000	0.0000	0.0000	0.0000	0.0000	0.0000	0.0000	0.0000	0.0000	0.0000	0.0000	0.0000	0.0000	0.0000	0.0000	0.0000	0.0000	0.0000	0.0000	0.0000	0.0000											
24	129	0.6900	11	0	2	0	1	0	0	0	0	N	Y	N	N	N	N	N	N	N	N	N	N	0.0000	0.0000	0.0000	0.0000	0.0000	0.0000	0.0000	0.0000	0.0000	0.0000	0.0000	0.0000	0.0000	0.0000	0.0000	0.0000	0.0000	0.0000	0.0000	0.0000	0.0000	0.0000	0.0000	0.0000	0.0000	0.0000	0.0000	0.0000	0.0000	0.0000	0.0000	0.0000	0.0000	0.0000	0.0000	0.0000	0.0000	0.0000	0.0000	0.0000	0.0000	0.0000	0.0000	0.0000	0.0000	0.0000	0.0000	0.0000	0.0000	0.0000	0.0000	0.0000	0.0000	0.0000	0.0000	0.0000	0.0000	0.0000	0.0000	0.0000	0.0000	0.0000	0.0000	0.0000	0.0000	0.0000	0.0000	0.0000	0.0000	0.0000	0.0000	0.0000	0.0000	0.0000	0.0000	0.0000	0.0000	0.0000											
24	130	0.6737	10	0	2	0	1	0	0	0	0	N	Y	N	N	N	N	N	N	N	N	N	N	0.0000	0.0000	0.0000	0.0000	0.0000	0.0000	0.0000	0.0000	0.0000	0.0000	0.0000	0.0000	0.0000	0.0000	0.0000	0.0000	0.0000	0.0000	0.0000	0.0000	0.0000	0.0000	0.0000	3.0001	0.0000	0.0000	0.0000	0.0000	0.0000	0.0000	0.0000	0.0000	0.0000	0.0000	0.0000	0.0000	0.0000	0.0000	0.0000	0.0000	0.0000	0.0000	0.0000	0.0000	0.0000	0.0000	0.0000	0.0000	0.0000	0.0000	0.0000	0.0000	0.0000	0.0000	0.0000	0.0000	0.0000	0.0000	0.0000	0.0000	0.0000	0.0000	0.0000	0.0000	0.0000	0.0000	0.0000	0.0000	0.0000	0.0000	0.0000	0.0000	0.0000	0.0000	0.0000	0.0000	0.0000	0.0000											
24	131	0.6640	9	0	2	0	0	0	0	0	0	N	Y	N	N	N	N	N	N	N	N	N	N	0.0000	0.0000	0.0000	0.0000	0.0000	0.0000	0.0000	0.0000	0.0000	0.0000	0.0000	0.0000	0.0000	0.0000	0.0000	0.0000	0.0000	0.0000	0.0000	0.0000	0.0000	0.0000	0.0000	0.0000	0.0000	0.0000	0.0000	0.0000	0.0000	0.0000	0.0000	0.0000	0.0000	0.0000	0.0000	0.0000	0.0000	0.0000	0.0000	0.0000	0.0000	0.0000	0.0000	0.0000	0.0000	0.0000	0.0000	0.0000	0.0000	0.0000	0.0000	0.0000	0.0000	0.0000	0.0000	0.0000	0.0000	0.0000	0.0000	0.0000	0.0000	0.0000	0.0000	0.0000	0.0000	0.0000	0.0000	0.0000	0.0000	0.0000	0.0000	0.0000	0.0000	0.0000	0.0000	0.0000	0.0000	0.0000											
24	132	0.6737	10	0	1	1	1	0	0	0	0	N	N	N	N	N	N	N	N	N	N	N	N	0.0000	0.0000	0.0000	0.0000	0.0000	0.0000	0.0000	0.0000	0.0000	0.0000	0.0000	0.0000	0.0000	0.0000	0.0000	0.0000	0.0000	0.0000	0.0000	0.0000	0.0000	0.0000	0.0000	1.9999	0.0000	0.0000	0.0000	0.0000	0.0000	0.0000	0.0000	0.0000	0.0000	0.0000	0.0000	0.0000	0.0000	0.0000	0.0000	0.0000	0.0000	0.0000	0.0000	0.0000	0.0000	0.0000	0.0000	0.0000	0.0000	0.0000	0.0000	0.0000	0.0000	0.0000	0.0000	0.0000	0.0000	0.0000	0.0000	0.0000	0.0000	0.0000	0.0000	0.0000	0.0000	0.0000	0.0000	0.0000	0.0000	0.0000	0.0000	0.0000	0.0000	0.0000	0.0000	0.0000	0.0000	0.0000											
24	133	0.6847	11	0	1	1	1	0	0	0	0	N	N	N	N	N	N	N	N	N	N	N	N	0.0000	0.0000	0.0000	0.0000	0.0000	0.0000	0.0000	0.0000	0.0000	0.0000	0.0000	0.0000	0.0000	0.0000	0.0000	0.0000	0.0000	0.0000	0.0000	0.0000	0.0000	1.0000	0.0000	0.0000	0.0000	0.0000	0.0000	0.0000	0.0000	0.0000	0.0000	0.0000	0.0000	0.0000	0.0000	0.0000	0.0000	0.0000	0.0000	0.0000	0.0000	0.0000	0.0000	0.0000	0.0000	0.0000	0.0000	0.0000	0.0000	0.0000	0.0000	0.0000	0.0000	0.0000	0.0000	0.0000	0.0000	0.0000	0.0000	0.0000	0.0000	0.0000	0.0000	0.0000	0.0000	0.0000	0.0000	0.0000	0.0000	0.0000	0.0000	0.0000	0.0000	0.0000	0.0000	0.0000	0.0000	0.0000											
24	134	0.6847	11	0	1	1	1	0	0	0	0	N	N	N	N	N	N	N	N	N	N	N	N	0.0000	0.0000	0.0000	0.0000	0.0000	0.0000	0.0000	0.0000	0.0000	0.0000	0.0000	0.0000	0.0000	0.0000	0.0000	0.0000	0.0000	0.0000	0.0000	0.0000	0.0000	0.0000	0.0000	0.0000	0.0000	0.0000	0.0000	0.0000	0.0000	0.0000	0.0000	0.0000	0.0000	0.0000	0.0000	0.0000	0.0000	0.0000	0.0000	0.0000	0.0000	0.0000	0.0000	0.0000	0.0000	0.0000	0.0000	0.0000	0.0000	0.0000	0.0000	0.0000	0.0000	0.0000	0.0000	0.0000	0.0000	0.0000	0.0000	0.0000	0.0000	0.0000	0.0000	0.0000	0.0000	0.0000	0.0000	0.0000	0.0000	0.0000	0.0000	0.0000	0.0000	0.0000	0.0000	0.0000	0.0000	0.0000											
24	135	0.6737	10	0	1	1	1	0	0	0	0	N	N	N	N	N	N	N	N	N	N	N	N	0.0000	0.0000	0.0000	0.0000	0.0000	0.0000	0.0000	0.0000	0.0000	0.0000	0.0000	0.0000	0.0000	0.0000	0.0000	0.0000	0.0000	0.0000	0.0000	0.0000	0.0000	2.0025	0.0000	0.9943	0.0000	0.0000	0.0000	0.0000	0.0000	0.0000	0.0000	0.0000	0.0000	0.0000	0.0000	0.0000	0.0000	0.0000	0.0000	0.0000	0.0000	0.0000	0.0000	0.0000	0.0000	0.0000	0.0000	0.0000	0.0000	0.0000	0.0000	0.0000	0.0000	0.0000	0.0000	0.0000	0.0000	0.0000	0.0000	0.0000	0.0000	0.0000	0.0000	0.0000	0.0000	0.0000	0.0000	0.0000	0.0000	0.0000	0.0000	0.0000	0.0000	0.0000	0.0000	0.0000	0.0000	0.0000											
24	136	0.6737	9	0	1	0	1	0	0	0	0	N	N	N	N	N	N	N	N	N	N	N	N	0.0000	0.0000	0.0000	0.0000	0.0000	0.0000	0.0000	0.0000	0.0000	0.0000	0.0000	0.0000	0.0000	0.0000	0.0000	0.0000	0.0000	0.0000	0.0000	0.0000	0.0000	0.0050	0.0000	0.0173	0.0000	0.0000	0.0000	0.0000	0.0000	0.0000	0.0000	0.0000	0.0000	0.0000	0.0000	0.0000	0.0000	0.0000	0.0000	0.0000	0.0000	0.0000	0.0000	0.0000	0.0000	0.0000	0.0000	0.0000	0.0000	0.0000	0.0000	0.0000	0.0000	0.0000	0.0000	0.0000	0.0000	0.0000	0.0000	0.0000	0.0000	0.0000	0.0000	0.0000	0.0000	0.0000	0.0000	0.0000	0.0000	0.0000	0.0000	0.0000	0.0000	0.0000	0.0000	0.0000	0.0000	0.0000											
24	137	0.6640	8	0	1	0	1	0	0	0	0	N	N	N	N	N	N	N	N	N	N	N	N	0.0000	0.0000	0.0000	0.0000	0.0000	0.0000	0.0000	0.0000	0.0000	0.0000	0.0000	0.0000	0.0000	0.0000	0.0000	0.0000	0.0000	0.0000	0.0000	0.0000	0.0000	1.9972	0.0000	1.0076	0.0000	0.0000	0.0000	0.0000	0.0000	0.0000	0.0000	0.0000	0.0000	0.0000	0.0000	0.0000	0.0000	0.0000	0.0000	0.0000	0.0000	0.0000	0.0000	0.0000	0.0000	0.0000	0.0000	0.0000	0.0000	0.0000	0.0000	0.0000	0.0000	0.0000	0.0000	0.0000	0.0000	0.0000	0.0000	0.0000	0.0000	0.0000	0.0000	0.0000	0.0000	0.0000	0.0000	0.0000	0.0000	0.0000	0.0000	0.0000	0.0000	0.0000	0.0000	0.0000	0.0000	0.0000											
24	138	0.6468	7	1	2	0	0	0	0	0	0	N	Y	N	N	N	N	N	N	N	N	N	N	0.0000	0.0000	0.0000	0.0000	0.0000	0.0000	0.0000	0.0000	0.0000	0.0000	0.0000	0.0000	0.0000	0.0000	0.0000	0.0000	0.0000	0.0000	0.0000	0.0000	0.0000	0.0002	0.0000	2.3255	0.0000	0.0000	0.0000	0.0000	0.0000	0.0000	0.0000	0.0000	0.0000	0.0000	0.0000	0.0000	0.0000	0.0000	0.0000	0.0000	0.0000	0.0000	0.0000	0.0000	0.0000	0.0000	0.0000	0.0000	0.0000	0.0000	0.0000	0.0000	0.0000	0.0000	0.0000	0.0000	0.0000	0.0000	0.0000	0.0000	0.0000	0.0000	0.0000	0.0000	0.0000	0.0000	0.0000	0.0000	0.0000	0.0000	0.0000	0.0000	0.0000	0.0000	0.0000	0.0000	0.0000	0.0000											
24	139	0.6289	6	1	2	0	0	0	0	0	0	N	Y	N	N	N	N	N	N	N	N	N	N	0.0000	0.0000	0.0000	0.0000	0.0000	0.0000	0.0000	0.0000	0.0000	0.0000	0.0000	0.0000	0.0000	0.0000	0.0000	0.0000	0.0000	0.0000	0.0000	0.0000	0.0000	2.0138	0.0000	2.7349	0.0000	0.0000	0.0000	0.0000	0.0000	0.0000	0.0000	0.0000	0.0000	0.0000	0.0000	0.0000	0.0000	0.0000	0.0000	0.0000	0.0000	0.0000	0.0000	0.0000	0.0000	0.0000	0.0000	0.0000	0.0000	0.0000	0.0000	0.0000	0.0000	0.0000	0.0000	0.0000	0.0000	0.0000	0.0000	0.0000	0.0000	0.0000	0.0000	0.0000	0.0000	0.0000	0.0000	0.0000	0.0000	0.0000	0.0000	0.0000	0.0000	0.0000	0.0000	0.0000	0.0000	0.0000											
24	140	0.6454	7	0	2	0	0	0	0	0	0	N	Y	N	N	N	N	N	N	N	N	N	N	0.0000	0.0000	0.0000	0.0000	0.0000	0.0000	0.0000	0.0000	0.0000	0.0000	0.0000	0.0000	0.0000	0.0000	0.0000	0.0000	0.0000	0.0000	0.0000	0.0000	0.0000	1.9232	0.0000	1.1116	0.0000	0.0000	0.0000	0.0000	0.0000	0.0000	0.0000	0.0000	0.0000	0.0000	0.0000	0.0000	0.0000	0.0000	0.0000	0.0000	0.0000	0.0000	0.0000	0.0000	0.0000	0.0000	0.0000	0.0000	0.0000	0.0000	0.0000	0.0000	0.0000	0.0000	0.0000	0.0000	0.0000	0.0000	0.0000	0.0000	0.0000	0.0000	0.0000	0.0000	0.0000	0.0000	0.0000	0.0000	0.0000	0.0000	0.0000	0.0000	0.0000	0.0000	0.0000	0.0000	0.0000	0.0000											
24	141	0.0416	3	0	2	0	0	0	0	0	0	N	Y	N	N	N	N	N	N	N	N	N	N	0.0000	0.0000	0.0000	0.0000	0.0000	0.0000	0.0000	0.0000	0.0000	0.0000	0.0000	0.0000	0.0000	0.0000	0.0000	0.0000	0.0000	0.0000	0.0000	0.0000	0.0000	3.0000	0.0000	1.0000	0.0000	0.0000	0.0000	0.0000	0.0000	0.0000	0.0000	0.0000	0.0000	0.0000	0.0000	0.0000	0.0000	0.0000	0.0000	0.0000	0.0000	0.0000	0.0000	0.0000	0.0000	0.0000	0.0000	0.0000	0.0000	0.0000	0.0000	0.0000	0.0000	0.0000	0.0000	0.0000	0.0000	0.0000	0.0000	0.0000	0.0000	0.0000	0.0000	0.0000	0.0000	0.0000	0.0000	0.0000	0.0000	0.0000	0.0000	0.0000	0.0000	0.0000	0.0000	0.0000	0.0000	0.0000											
24	142	0.0224	2	0	1	0	0	0	0	0	0	N	N	N	N	N	N	N	N	N	N	N	N	0.0000	0.0000	0.0000	0.0000	0.0000	0.0000	0.0000	0.0000	0.0000	0.0000	0.0000	0.0000	0.0000	0.0000	0.0000	0.0000	0.0000	0.0000	0.0000	0.0000	0.0000	1.0000	0.0000	1.0000	0.0000	0.0000	0.0000	0.0000	0.0000	0.0000	0.0000	0.0000	0.0000	0.0000	0.0000	0.0000	0.0000	0.0000	0.0000	0.0000	0.0000	0.0000	0.0000	0.0000	0.0000	0.0000	0.0000	0.0000	0.0000	0.0000	0.0000	0.0000	0.0000	0.0000	0.0000	0.0000	0.0000	0.0000	0.0000	0.0000	0.0000	0.0000	0.0000	0.0000	0.0000	0.0000	0.0000	0.0000	0.0000	0.0000	0.0000	0.0000	0.0000	0.0000	0.0000	0.0000	0.0000	0.0000											
24	145	0.6640	9	1	2	0	0	0	0	0	0	N	Y	N	N	N	N	N	N	N	N	N	N	0.0000	0.0000	0.0000	0.0000	0.0000	0.0000	0.0000	0.0000	0.0000	0.0000	0.0000	0.0000	0.0000	0.0000	0.0000	0.0000	0.0000	0.0000	0.0000	0.0000	0.0000	1.0000	0.0000	1.0000	0.0000	0.0000	0.0000	0.0000	0.0000	0.0000	0.0000	0.0000	0.0000	0.0000	0.0000	0.0000	0.0000	0.0000	0.0000	0.0000	0.0000	0.0000	0.0000	0.0000	0.0000	0.0000	0.0000	0.0000	0.0000	0.0000	0.0000	0.0000	0.0000	0.0000	0.0000	0.0000	0.0000	0.0000	0.0000	0.0000	0.0000	0.0000	0.0000	0.0000	0.0000	0.0000	0.0000	0.0000	0.0000	0.0000	0.0000	0.0000	0.0000	0.0000	0.0000	0.0000	0.0000	0.0000											
24	146	0.6640	8	0	2	0	0	0	0	0	0	N	Y	N	N	N	N	N	N	N	N	N	N	0.0000	0.0000	0.0000	0.0000	0.0000	0.0000	0.0000	0.0000	0.0000	0.0000	0.0000	0.0000	0.0000	0.0000	0.0000	0.0000	0.0000	0.0000	0.0000	0.0000	0.0000	0.0003	0.0000	0.0000	0.0000	0.0000	0.0000	0.0000	0.0000	0.0000	0.0000	0.0000	0.0000	0.0000	0.0000	0.0000	0.0000	0.0000	0.0000	0.0000	0.0000	0.0000	0.0000	0.0000	0.0000	0.0000	0.0000	0.0000	0.0000	0.0000	0.0000	0.0000	0.0000	0.0000	0.0000	0.0000	0.0000	0.0000	0.0000	0.0000	0.0000	0.0000	0.0000	0.0000	0.0000	0.0000	0.0000	0.0000	0.0000	0.0000	0.0000	0.0000	0.0000	0.0000	0.0000	0.0000	0.0000	0.0000											
24	147	0.6454	7	0	1	0	0	0	0	0	0	N	N	N	N	N	N	N	N	N	N	N	N	0.0000	0.0000	0.0000	0.0000	0.0000	0.0000	0.0000	0.0000	0.0000	0.0000	0.0000	0.0000	0.0000	0.0000	0.0000	0.0000	0.0000	0.0000	0.0000	0.0000	0.0000	4.9449	0.0000	1.0063	0.0000	0.0000	0.0000	0.0000	0.0000	0.0000	0.0000	0.0000	0.0000	0.0000	0.0000	0.0000	0.0000	0.0000	0.0000	0.0000	0.0000	0.0000	0.0000	0.0000	0.0000	0.0000	0.0000	0.0000	0.0000	0.0000	0.0000	0.0000	0.0000	0.0000	0.0000	0.0000	0.0000	0.0000	0.0000	0.0000	0.0000	0.0000	0.0000	0.0000	0.0000	0.0000	0.0000	0.0000	0.0000	0.0000	0.0000	0.0000	0.0000	0.0000	0.0000	0.0000	0.0000	0.0000											
24	148	0.6289	6	0	1	0	0	0	0	0	0	N	N	N	N	N	N	N	N	N	N	N	N	0.0000	0.0000	0.0000	0.0000	0.0000	0.0000	0.0000	0.0000	0.0000	0.0000	0.0000	0.0000	0.0000	0.0000	0.0000	0.0000	0.0000	0.0000	0.0000	0.0000	0.0000	3.4778	0.0000	1.2917	0.0000	0.0000	0.0000	0.0000	0.0000	0.0000	0.0000	0.0000	0.0000	0.0000	0.0000	0.0000	0.0000	0.0000	0.0000	0.0000	0.0000	0.0000	0.0000	0.0000	0.0000	0.0000	0.0000	0.0000	0.0000	0.0000	0.0000	0.0000	0.0000	0.0000	0.0000	0.0000	0.0000	0.0000	0.0000	0.0000	0.0000	0.0000	0.0000	0.0000	0.0000	0.0000	0.0000	0.0000	0.0000	0.0000	0.0000	0.0000	0.0000	0.0000	0.0000	0.0000	0.0000	0.0000											
24	149	0.5785	5	0	1	0	0	0	0	0	0	N	N	N	N	N	N	N	N	N	N	N	N	0.0000	0.0000	0.0000	0.0000	0.0000	0.0000	0.0000	0.0000	0.0000	0.0000	0.0000	0.0000	0.0000	0.0000	0.0000	0.0000	0.0000	0.0000	0.0000	0.0000	0.0000	7.8050	0.0000	4.0035	0.0000	0.0000	0.0000	0.0000	0.0000	0.0000	0.0000	0.0000	0.0000	0.0000	0.0000	0.0000	0.0000	0.0000	0.0000	0.0000	0.0000	0.0000	0.0000	0.0000	0.0000	0.0000	0.0000	0.0000	0.0000	0.0000	0.0000	0.0000	0.0000	0.0000	0.0000	0.0000	0.0000	0.0000	0.0000	0.0000	0.0000	0.0000	0.0000	0.0000	0.0000	0.0000	0.0000	0.0000	0.0000	0.0000	0.0000	0.0000	0.0000	0.0000	0.0000	0.0000	0.0000	0.0000											
24	150	0.4839	5	0	1	0	0	0	0	0	0	N	N	N	N	N	N	N	N	N	N	N	N	0.0000	0.0000	0.0000	0.0000	0.0000	0.0000	0.0000	0.0000	0.0000	0.0000	0.0000	0.0000	0.0000	0.0000	0.0000	0.0000	0.0000	0.0000	0.0000	0.0000	0.0000	3.7255	0.0000	14.1767	0.0000	0.0000	0.0000	0.0000	0.0000	0.0000	0.0000	0.0000	0.0000	0.0000	0.0000	0.0000	0.0000	0.0000	0.0000	0.0000	0.0000	0.0000	0.0000	0.0000	0.0000	0.0000	0.0000	0.0000	0.0000	0.0000	0.0000	0.0000	0.0000	0.0000	0.0000	0.0000	0.0000	0.0000	0.0000	0.0000	0.0000	0.0000	0.0000	0.0000	0.0000	0.0000	0.0000	0.0000	0.0000	0.0000	0.0000	0.0000	0.0000	0.0000	0.0000	0.0000	0.0000	0.0000											
24	151	0.4676	4	0	1	0	0	0	0	0	0	N	N	N	N	N	N	N	N	N	N	N	N	0.0000	0.0000	0.0000	0.0000	0.0000	0.0000	0.0000	0.0000	0.0000	0.0000	0.0000	0.0000	0.0000	0.0000	0.0000	0.0000	0.0000	0.0000	0.0000	0.0000	0.0000	1.4205	0.0000	4.0377	0.0000	0.0000	0.0000	0.0000	0.0000	0.0000	0.0000	0.0000	0.0000	0.0000	0.0000	0.0000	0.0000	0.0000	0.0000	0.0000	0.0000	0.0000	0.0000	0.0000	0.0000	0.0000	0.0000	0.0000	0.0000	0.0000	0.0000	0.0000	0.0000	0.0000	0.0000	0.0000	0.0000	0.0000	0.0000	0.0000	0.0000	0.0000	0.0000	0.0000	0.0000	0.0000	0.0000	0.0000	0.0000	0.0000	0.0000	0.0000	0.0000	0.0000	0.0000	0.0000	0.0000	0.0000											
25	26	0.1901	10	0	2	0	1	0	0	0	0	N	Y	N	N	N	N	N	N	N	N	N	N	0.0000	0.0000	0.0000	0.0000	0.0000	0.0000	0.0000	0.0000	0.0000	0.0000	0.0000	0.0000	0.0000	0.0000	0.0000	0.0000	0.0000	0.0000	0.0000	0.0000	0.9998	0.0000	0.0242	0.0000	0.0000	0.0000	0.0000	0.0000	0.0000	0.0000	0.0000	0.0000	0.0000	0.0000	0.0000	0.0000	0.0000	0.0000	0.0000	0.0000	0.0000	0.0000	0.0000	0.0000	0.0000	0.0000	0.0000	0.0000	0.0000	0.0000	0.0000	0.0000	0.0000	0.0000	0.0000	0.0000	0.0000	0.0000	0.0000	0.0000	0.0000	0.0000	0.0000	0.0000	0.0000	0.0000	0.0000	0.0000	0.0000	0.0000	0.0000	0.0000	0.0000	0.0000	0.0000	0.0000	0.0000	0.0000											
25	27	0.6809	8	1	2	0	0	0	0	0	0	N	Y	N	N	N	N	N	N	N	N	N	N	0.0001	0.4054	0.0000	0.0270	0.6057	0.0000	0.0000	0.0000	0.0001	0.0001	0.0000	0.0001	0.0001	0.0000	0.0000	0.0000	0.0000	0.4906	0.0002	0.1131	0.0042	0.0002	0.0317	0.3677	0.0000	0.0464	0.0007	2129.6896	-0.0000	0.0001	0.9998	0.0418	0.0242	6.1659	0.0000	0.0000	0.0000	0.0000	0.0000	0.0000	0.0000	0.0000	0.0000	0.0001	0.0000	0.0001	0.0000	0.0000	0.0000	0.0001	0.0000	0.0001	0.0046	0.0042	0.0003	0.0025	0.0025	0.0001	0.0020	0.0018	0.0002	0.0099	0.0066	0.0033	0.0061	0.0054	0.0007	0.0037	0.0012	0.0026	0.0057	8.7043	0.0000	0.0681	12.3267	0.0000	0.0000	0.0000	0.0000	0.0110	0.0000	0.0330	0.0017	0.0000	0.0143	0.0262	0.0000	0.0381	
25	28	0.6878	11	0	1	0	1	0	0	0	0	N	N	N	N	N	N	N	N	N	N	N	N	0.0000	0.0000	inf	0.0002	0.0001	inf	inf	inf	0.0000	0.0000	0.0000	0.0000	0.0000	0.0001	0.0000	0.0000	0.0000	0.1377	0.1960	0.0000	0.0354	0.0329	0.0000	0.0000	0.0000	0.0000	1.5158	0.0000	0.0000	-0.0000	0.9998	1.5398	0.0242	1.0296	0.0000	0.0000	0.0000	0.0000	0.0000	0.0000	0.0000	0.0000	0.0000	0.0000	0.0000	0.0000	0.0000	0.0000	0.0000	0.0000	0.0000	0.0000	0.0558	0.0510	0.0048	0.0383	0.0361	0.0023	0.0175	0.0149	0.0026	0.0055	0.0039	0.0016	0.0037	0.0035	0.0003	0.0018	0.0004	0.0014	0.0010	0.0003	inf	0.0010	0.0004	inf	inf	0.0000	inf	0.0041	0.0058	0.0000	0.0061	0.0065	0.0000	0.0000	0.0000	0.0000	
25	29	0.6827	10	0	1	0	1	0	0	0	0	N	N	N	N	N	N	N	N	N	N	N	N	0.0001	0.0002	0.0003	0.0021	0.0024	inf	0.0000	0.0057	0.0002	0.0001	0.0001	0.0000	0.0002	0.0002	0.0001	0.0000	0.0000	0.0000	0.6006	0.3792	0.1085	0.0708	0.0649	0.0000	0.3772	0.0007	0.0462	0.0280	1.7337	-0.0000	0.0000	0.9998	0.8816	0.0242	0.0702	0.0000	0.0000	0.0000	0.0000	0.0000	0.0000	0.0000	0.0000	0.0000	0.0000	0.0000	0.0000	0.0000	0.0000	0.0000	0.0000	0.0000	0.0000	0.0525	0.0483	0.0041	0.0290	0.0279	0.0011	0.0235	0.0205	0.0030	0.0024	0.0017	0.0007	0.0016	0.0015	0.0001	0.0008	0.0002	0.0006	0.0057	0.0116	0.0009	0.0179	0.0170	inf	0.0002	0.6231	0.0002	0.0150	0.0077	0.0324	0.0084	0.0090	0.0000	0.0272	0.0000	0.0379
25	30	0.1360	8	0	1	0	1	0	0	0	0	N	N	N	N	N	N	N	N	N	N	N	N	0.0000	0.0000	0.0000	0.0000	0.0000	0.0000	0.0000	0.0000	0.0000	0.0000	0.0000	0.0000	0.0000	0.0000	0.0000	0.0000	0.0000	0.0000	0.0000	0.0000	0.9998	0.0000	0.0242	0.0000	0.0000	0.0000	0.0000	0.0000	0.0000	0.0000	0.0000	0.0000	0.0000	0.0000	0.0000	0.0000	0.0000	0.0000	0.0000	0.0000	0.0000	0.0000	0.0000	0.0000	0.0000	0.0000	0.0000	0.0000	0.0000	0.0000	0.0000	0.0000	0.0000	0.0000	0.0000	0.0000	0.0000	0.0000	0.0000	0.0000	0.0000	0.0000	0.0000	0.0000	0.0000	0.0000	0.0000	0.0000	0.0000	0.0000	0.0000	0.0000	0.0000	0.0000	0.0000	0.0000	0.0000	0.0000											
25	31	0.0603	4	1	1	1	0	0	0	0	0	N	N	N	N	N	N	N	N	N	N	N	N	0.0000	0.0000	0.0000	0.0000	0.0000	0.0000	0.0000	0.0000	0.0000	0.0000	0.0000	0.0000	0.0000	0.0000	0.0000	0.0000	0.0000	0.0000	0.0000	0.0000	0.9998	0.0000	0.0242	0.0000	0.0000	0.0000	0.0000	0.0000	0.0000	0.0000	0.0000	0.0000	0.0000	0.0000	0.0000	0.0000	0.0000	0.0000	0.0000	0.0000	0.0000	0.0000	0.0000	0.0000	0.0000	0.0000	0.0000	0.0000	0.0000	0.0000	0.0000	0.0000	0.0000	0.0000	0.0000	0.0000	0.0000	0.0000	0.0000	0.0000	0.0000	0.0000	0.0000	0.0000	0.0000	0.0000	0.0000	0.0000	0.0000	0.0000	0.0000	0.0000	0.0000	0.0000	0.0000	0.0000	0.0000	0.0000											
25	32	0.0786	4	0	2	0	0	0	0	0	0	N	Y	N	N	N	N	N	N	N	N	N	N	0.0000	0.0000	0.0000	0.0000	0.0000	0.0000	0.0000	0.0000	0.0000	0.0000	0.0000	0.0000	0.0000	0.0000	0.0000	0.0000	1.6113	0.0532	2.2516	0.5045	0.4979	0.0000	1.5895	0.0000	0.8414	150.0015	0.0000	0.0007	0.9998	0.0006	0.0242	3.0000	0.0000	0.0000	0.0000	0.0000	0.0000	0.0000	0.0000	0.0000	0.0000	0.0015	0.0000	0.0015	0.0000	0.0000	0.0000	0.0015	0.0000	0.0015	0.0001	0.0000	0.0000	0.0000	0.0000	0.0000	0.0000	0.0000	0.0000	0.0060	0.0026	0.0034	0.0003	0.0003	0.0000	0.0057	0.0023	0.0034	0.0000	0.0000	0.0000	0.0000	0.0000	0.0000	0.0000	0.0000	0.0000	0.2509	0.0038	0.4418	0.0318	0.0338	0.0000	0.2629	0.0000	0.4443			
25	33	0.0786	4	0	2	0	0	0	0	0	0	N	Y	N	N	N	N	N	N	N	N	N	N	0.0000	0.0000	0.0000	0.0000	0.0000	0.0000	0.0000	0.0000	0.0000	0.0000	0.0000	0.0000	0.0000	0.0000	0.0000	0.0000	1.8630	0.6986	5.1752	1.6068	1.6464	0.0000	1.9076	0.0000	1.6075	60.0769	0.0000	0.0037	0.9998	2.0006	0.0242	8.0000	0.0000	0.0000	0.0000	0.0000	0.0000	0.0000	0.0000	0.0000	0.0000	0.0079	0.0001	0.0078	0.0001	0.0001	0.0000	0.0078	0.0000	0.0078	0.0663	0.0600	0.0062	0.0337	0.0319	0.0018	0.0325	0.0282	0.0044	0.0187	0.0082	0.0104	0.0010	0.0009	0.0001	0.0177	0.0073	0.0104	0.0000	0.0000	0.0000	0.0000	0.0000	0.0000	0.0000	0.0000	0.0000	0.4254	0.0158	0.7485	0.1302	0.1387	0.0000	0.4421	0.0000	0.7529			
25	34	0.0374	3	1	2	0	0	0	0	0	0	N	Y	N	N	N	N	N	N	N	N	N	N	0.0176	0.0092	0.0017	0.0018	inf	inf	0.0001	0.0001	0.0000	0.0007	0.0008	0.0000	0.0000	0.0000	0.0000	0.0061	0.0133	0.0000	0.4311	0.4230	0.0000	0.0000	0.0000	0.0000	0.0000	0.0000	-0.0000	-0.0000	0.9998	10.0001	0.0242	4.0001	0.0000	0.0000	0.0000	0.0000	0.0000	0.0000	0.0000	0.0000	0.0000	0.0000	0.0000	0.0000	0.0000	0.0000	0.0000	0.0000	0.0000	0.0000	0.2795	0.2474	0.0321	0.0424	0.0391	0.0033	0.2371	0.2083	0.0288	0.0337	0.0158	0.0179	0.0012	0.0011	0.0001	0.0326	0.0147	0.0178	0.1215	0.0643	0.0000	0.0275	0.0279	0.0000	inf	inf	0.0000	0.0009	0.0019	0.0000	0.0259	0.0277	0.0000	0.0000	0.0000	0.0000			
25	35	0.0786	4	0	2	0	0	0	0	0	0	N	Y	N	N	N	N	N	N	N	N	N	N	0.4529	0.1833	0.0209	0.0228	0.0033	0.0037	0.0000	0.0066	0.0070	0.0000	0.0000	0.0000	0.0000	0.0073	0.0200	0.0000	0.3164	0.3060	0.0000	0.0000	0.0000	0.0000	0.0000	0.0000	-0.0001	-0.0000	0.9998	3.0004	0.0242	2.0000	0.0003	0.0003	0.0000	0.0003	0.0003	0.0000	0.0000	0.0000	0.0000	0.0000	0.0000	0.0000	0.0000	0.0000	0.0000	0.0000	0.0000	0.0000	0.0966	0.0874	0.0091	0.0485	0.0458	0.0027	0.0481	0.0417	0.0065	0.0098	0.0043	0.0055	0.0005	0.0005	0.0000	0.0093	0.0038	0.0055	3.2554	1.5725	0.0000	0.3415	0.3394	0.0000	0.0000	0.0000	0.0000	0.0010	0.0023	0.0000	0.0193	0.0206	0.0000	0.0000	0.0000	0.0000					
25	36	0.6348	7	0	2	0	0	0	0	0	0	N	Y	N	N	N	N	N	N	N	N	N	N	0.0000	0.0000	0.0000	0.0000	0.0000	0.0000	0.0000	0.0000	0.0000	0.0000	0.0000	0.0000	0.0000	0.0000	0.0000	0.0000	0.0000	0.0000	0.0000	0.0000	0.9998	3.0000	0.0242	3.0000	0.0000	0.0000	0.0000	0.0000	0.0000	0.0000	0.0000	0.0000	0.0000	0.0000	0.0000	0.0000	0.0000	0.0000	0.0000	0.0000	0.0000	0.0000	0.0659	0.0606	0.0053	0.0484	0.0453	0.0031	0.0175	0.0153	0.0022	0.0075	0.0051	0.0025	0.0049	0.0046	0.0003	0.0026	0.0005	0.0021	0.0000	0.0000	0.0000	0.0000	0.0000	0.0000	0.0000	0.0000	0.0000	0.0000	0.0000	0.0000	0.0000	0.0000	0.0000	0.0000	0.0000	0.0000											
25	37	0.1088	5	1	2	0	0	0	0	0	0	N	Y	N	N	N	N	N	N	N	N	N	N	0.0228	0.0117	0.0040	0.0049	0.0001	0.0001	0.0000	0.0001	0.0002	0.0000	0.0000	0.0000	0.0000	0.0032	0.0069	0.0000	0.0366	0.0320	0.0000	0.0000	0.0000	0.0000	0.0000	0.0000	-0.0000	-0.0000	0.9998	4.2779	0.0242	3.9542	0.0000	0.0000	0.0000	0.0000	0.0000	0.0000	0.0000	0.0000	0.0000	0.0000	0.0000	0.0000	0.0000	0.0000	0.0000	0.0000	0.0000	0.0000	0.1356	0.1226	0.0130	0.0677	0.0637	0.0040	0.0679	0.0588	0.0090	0.0157	0.0078	0.0079	0.0016	0.0016	0.0001	0.0141	0.0063	0.0078	0.1159	0.0638	0.0000	0.0239	0.0245	0.0000	0.0000	0.0000	0.0000	0.0006	0.0013	0.0000	0.0062	0.0064	0.0000	0.0000	0.0000	0.0000					
25	38	0.7014	11	1	2	0	0	0	0	0	0	N	Y	N	N	N	N	N	N	N	N	N	N	0.0044	0.0000	1.3449	0.0122	0.0001	1.1958	0.0235	0.1729	0.0000	0.0000	0.0002	0.0000	0.0000	0.0006	0.0000	0.0000	0.0000	0.0050	0.0054	0.0002	0.0032	0.0026	0.0005	0.0001	0.0000	0.0001	212.7158	0.0747	0.0000	-0.0000	0.9998	2.8243	0.0242	1.0201	0.0000	0.0000	0.0000	0.0000	0.0000	0.0000	0.0000	0.0000	0.0000	0.0000	0.0000	0.0000	0.0000	0.0000	0.0000	0.0000	0.0000	0.0000	0.0907	0.0818	0.0089	0.0491	0.0460	0.0031	0.0416	0.0358	0.0058	0.0083	0.0057	0.0027	0.0051	0.0048	0.0003	0.0032	0.0009	0.0023	0.0286	0.0001	1.3449	0.0317	0.0002	1.3293	0.0336	0.0000	0.1729	0.0008	0.0011	0.0002	0.0012	0.0013	0.0005	0.0001	0.0000	0.0001	
25	39	0.0374	3	0	2	0	0	0	0	0	0	N	Y	N	N	N	N	N	N	N	N	N	N	0.3931	0.1719	inf	0.0005	0.0006	inf	inf	inf	inf	0.0058	0.0066	0.0000	0.0004	0.0004	0.0000	0.0069	0.0078	0.0000	0.0149	0.0385	0.0000	0.7520	0.7010	0.0000	0.0000	0.0000	0.0000	0.0000	0.0000	-0.0002	-0.0000	0.9998	5.0001	0.0242	5.0000	0.0009	0.0009	0.0000	0.0000	0.0000	0.0000	0.0009	0.0009	0.0000	0.0000	0.0000	0.0000	0.0000	0.0000	0.0000	0.0000	0.0000	0.0000	0.1626	0.1435	0.0190	0.0255	0.0234	0.0020	0.1371	0.1201	0.0170	0.0256	0.0120	0.0136	0.0009	0.0008	0.0001	0.0247	0.0112	0.0135	3.7353	1.9842	inf	0.0085	0.0087	inf	inf	inf	inf	0.0016	0.0033	0.0000	0.0471	0.0502	0.0000	0.0000	0.0000	0.0000
25	40	0.6572	8	0	2	0	0	0	0	0	0	N	Y	N	N	N	N	N	N	N	N	N	N	0.0000	0.0000	0.0000	0.0000	0.0000	0.0000	0.0000	0.0000	0.0000	0.0000	0.0000	0.0000	0.0000	0.0000	0.0000	0.0000	0.0000	0.0000	0.0000	0.0000	0.9998	0.0000	0.0242	2.0000	0.0000	0.0000	0.0000	0.0000	0.0000	0.0000	0.0000	0.0000	0.0000	0.0000	0.0000	0.0000	0.0000	0.0000	0.0000	0.0000	0.0000	0.0000	0.0000	0.0000	0.0000	0.0000	0.0000	0.0000	0.0000	0.0000	0.0000	0.0043	0.0029	0.0014	0.0028	0.0025	0.0002	0.0015	0.0004	0.0012	0.0000	0.0000	0.0000	0.0000	0.0000	0.0000	0.0000	0.0000	0.0000	0.0000	0.0000	0.0000	0.0000	0.0000	0.0000	0.0000	0.0000	0.0000											
25	41	0.0374	3	0	2	0	0	0	0	0	0	N	Y	N	N	N	N	N	N	N	N	N	N	0.0029	1.4179	0.0000	0.0037	0.0045	0.0033	inf	0.0000	0.0051	0.0058	0.0000	0.0007	0.0007	0.0000	0.0059	0.0067	0.0000	1.7454	0.0041	4.3014	0.1847	0.1630	0.0000	1.8091	0.0000	1.2538	0.0000	781.0000	-0.0002	0.0037	0.9998	5.9998	0.0242	3.0000	0.0010	0.0010	0.0000	0.0000	0.0000	0.0000	0.0009	0.0009	0.0000	0.0078	0.0000	0.0078	0.0000	0.0000	0.0000	0.0078	0.0000	0.0078	0.1889	0.1668	0.0220	0.0294	0.0270	0.0023	0.1595	0.1398	0.0197	0.0234	0.0110	0.0124	0.0008	0.0007	0.0000	0.0226	0.0102	0.0124	0.0152	6.3070	0.0000	0.0524	0.0534	0.0000	0.0171	inf	0.0000	0.3346	0.0009	0.6294	0.0130	0.0139	0.0000	0.3456	0.0000	0.6318	
25	42	0.7232	12	0	2	1	1	0	0	0	0	N	Y	N	N	N	N	N	N	N	N	N	N	2.0905	1.3446	0.0000	2.0280	2.5027	0.0000	0.0000	0.0012	0.0013	0.0000	0.0022	0.0023	0.0000	0.0000	0.0000	0.0000	0.0006	0.0009	0.0000	0.0011	0.0009	0.0000	0.0000	0.0000	0.0000	0.0012	0.0105	-0.0000	-0.0000	0.9998	0.0011	0.0242	1.0134	0.0000	0.0000	0.0000	0.0000	0.0000	0.0000	0.0000	0.0000	0.0000	0.0000	0.0000	0.0000	0.0000	0.0000	0.0000	0.0000	0.0000	0.0000	0.0001	0.0001	0.0000	0.0000	0.0000	0.0000	0.0000	0.0000	0.0000	0.0018	0.0012	0.0006	0.0009	0.0009	0.0001	0.0009	0.0003	0.0006	5.0053	3.5028	0.0000	4.8680	4.6739	0.0000	0.0000	0.0000	0.0000	0.0002	0.0004	0.0000	0.0005	0.0005	0.0000	0.0000	0.0000	0.0000		
25	43	0.7014	11	0	1	0	1	0	0	0	0	N	N	N	N	N	N	N	N	N	N	N	N	10.5351	29.3722	0.0292	13.8579	45.0689	0.0000	0.0114	inf	0.0590	0.0035	0.0039	0.0000	0.0065	0.0069	0.0000	0.0000	0.0000	0.0000	0.0003	0.0001	0.0004	0.0005	0.0002	0.0015	0.0003	0.0000	0.0003	0.0003	51.1313	-0.0001	0.0000	0.9998	2.8187	0.0242	0.0347	0.0003	0.0003	0.0000	0.0003	0.0003	0.0000	0.0000	0.0000	0.0000	0.0000	0.0000	0.0000	0.0000	0.0000	0.0000	0.0000	0.0000	0.0000	0.0905	0.0817	0.0088	0.0490	0.0460	0.0031	0.0415	0.0357	0.0058	0.0064	0.0043	0.0020	0.0039	0.0036	0.0003	0.0025	0.0007	0.0018	25.1895	990.1366	0.0292	80.1365	1475.8352	0.0000	0.0132	inf	0.0590	0.0001	0.0000	0.0004	0.0001	0.0000	0.0012	0.0002	0.0000	0.0003
25	44	0.6887	10	0	1	0	0	0	0	0	0	N	N	N	N	N	N	N	N	N	N	N	N	0.0005	0.1093	0.0173	0.0047	0.1480	0.0000	0.0013	0.0007	0.1086	0.0001	0.0000	0.0013	0.0001	0.0001	0.0000	0.0002	0.0000	0.0018	0.2798	0.0004	0.0758	0.0137	0.0005	0.1351	0.1810	0.0006	0.0164	2.8874	106.2898	0.0000	0.0000	0.9998	0.9605	0.0242	1.0076	0.0000	0.0000	0.0000	0.0000	0.0000	0.0000	0.0000	0.0000	0.0000	0.0000	0.0000	0.0000	0.0000	0.0000	0.0000	0.0000	0.0000	0.0000	0.0548	0.0504	0.0043	0.0302	0.0290	0.0012	0.0246	0.0214	0.0032	0.0042	0.0030	0.0012	0.0029	0.0026	0.0002	0.0013	0.0003	0.0010	0.0226	0.4821	0.0620	0.0185	0.7449	0.0000	0.0195	0.0925	0.1126	0.0062	0.0001	0.0211	0.0035	0.0001	0.0461	0.0119	0.0000	0.0158
25	45	0.1318	7	0	2	1	1	0	0	0	0	N	Y	N	N	N	N	N	N	N	N	N	N	0.0000	0.0000	0.0000	0.0000	0.0000	0.0000	0.0000	0.0000	0.0000	0.0000	0.0000	0.0000	0.0000	0.0000	0.0000	0.0000	0.0000	0.0000	0.0000	0.0000	0.9998	1.0000	0.0242	1.0000	0.0000	0.0000	0.0000	0.0000	0.0000	0.0000	0.0000	0.0000	0.0000	0.0000	0.0000	0.0000	0.0000	0.0000	0.0000	0.0000	0.0000	0.0000	0.0334	0.0302	0.0031	0.0168	0.0158	0.0009	0.0166	0.0144	0.0022	0.0039	0.0019	0.0020	0.0003	0.0003	0.0000	0.0035	0.0016	0.0020	0.0000	0.0000	0.0000	0.0000	0.0000	0.0000	0.0000	0.0000	0.0000	0.0000	0.0000	0.0000	0.0000	0.0000	0.0000	0.0000	0.0000	0.0000											
25	46	0.6348	7	0	2	0	0	0	0	0	0	N	Y	N	N	N	N	N	N	N	N	N	N	0.0000	0.0000	0.0000	0.0000	0.0000	0.0000	0.0000	0.0000	0.0000	0.0000	0.0000	0.0000	0.0000	0.0000	0.0000	0.0000	0.0000	0.0000	0.0000	0.0000	0.9998	0.0000	0.0242	0.0000	0.0000	0.0000	0.0000	0.0000	0.0000	0.0000	0.0000	0.0000	0.0000	0.0000	0.0000	0.0000	0.0000	0.0000	0.0000	0.0000	0.0000	0.0000	0.0000	0.0000	0.0000	0.0000	0.0000	0.0000	0.0000	0.0000	0.0000	0.0000	0.0000	0.0000	0.0000	0.0000	0.0000	0.0000	0.0000	0.0000	0.0000	0.0000	0.0000	0.0000	0.0000	0.0000	0.0000	0.0000	0.0000	0.0000	0.0000	0.0000	0.0000	0.0000	0.0000	0.0000	0.0000	0.0000											
25	47	0.6887	10	0	2	0	1	0	0	0	0	N	Y	N	N	N	N	N	N	N	N	N	N	0.0000	0.0000	0.0000	0.0000	0.0000	0.0000	0.0000	0.0000	0.0000	0.0000	0.0000	0.0000	0.0000	0.0002	0.0003	0.0000	0.0004	0.0004	0.0000	0.0000	0.0000	0.0000	0.0000	0.0000	-0.0000	0.9998	0.0000	0.0242	1.0000	0.0000	0.0000	0.0000	0.0000	0.0000	0.0000	0.0000	0.0000	0.0000	0.0000	0.0000	0.0000	0.0000	0.0000	0.0000	0.0000	0.0000	0.0000	0.0268	0.0252	0.0016	0.0134	0.0134	0.0000	0.0134	0.0118	0.0016	0.0022	0.0016	0.0006	0.0015	0.0014	0.0001	0.0007	0.0002	0.0005	0.0000	0.0000	0.0000	0.0000	0.0000	0.0000	0.0000	0.0000	0.0000	0.0000	0.0001	0.0000	0.0001	0.0001	0.0000	0.0000	0.0000	0.0000						
25	48	0.6348	7	1	2	0	0	0	0	0	0	N	Y	N	N	N	N	N	N	N	N	N	N	0.0000	0.0000	0.0000	0.0000	0.0000	0.0000	0.0000	0.0000	0.0000	0.0000	0.0000	0.0000	0.0000	0.0000	0.0000	0.0000	0.0000	0.0000	0.0000	0.0000	0.9998	0.0000	0.0242	4.0000	0.0000	0.0000	0.0000	0.0000	0.0000	0.0000	0.0000	0.0000	0.0000	0.0000	0.0000	0.0000	0.0000	0.0000	0.0000	0.0000	0.0000	0.0000	0.0000	0.0000	0.0000	0.0000	0.0000	0.0000	0.0000	0.0000	0.0000	0.0052	0.0035	0.0017	0.0035	0.0032	0.0002	0.0018	0.0003	0.0015	0.0000	0.0000	0.0000	0.0000	0.0000	0.0000	0.0000	0.0000	0.0000	0.0000	0.0000	0.0000	0.0000	0.0000	0.0000	0.0000	0.0000	0.0000											
25	49	0.7095	11	0	1	1	0	0	0	0	0	N	N	N	N	N	N	N	N	N	N	N	N	0.0000	0.0000	0.0000	0.0000	0.0000	0.0000	0.0000	0.0000	0.0000	0.0000	0.0000	0.0000	0.0000	0.0000	0.0000	0.0000	0.0000	0.0000	0.0000	0.0000	0.9998	0.0000	0.0242	0.0000	0.0000	0.0000	0.0000	0.0000	0.0000	0.0000	0.0000	0.0000	0.0000	0.0000	0.0000	0.0000	0.0000	0.0000	0.0000	0.0000	0.0000	0.0000	0.0000	0.0000	0.0000	0.0000	0.0000	0.0000	0.0000	0.0000	0.0000	0.0000	0.0000	0.0000	0.0000	0.0000	0.0000	0.0000	0.0000	0.0000	0.0000	0.0000	0.0000	0.0000	0.0000	0.0000	0.0000	0.0000	0.0000	0.0000	0.0000	0.0000	0.0000	0.0000	0.0000	0.0000	0.0000	0.0000											
25	50	0.1409	6	0	1	1	0	0	0	0	0	N	N	N	N	N	N	N	N	N	N	N	N	0.0000	0.0000	0.0000	0.0000	0.0000	0.0000	0.0000	0.0000	0.0000	0.0000	0.0000	0.0000	0.0000	0.2180	0.5149	0.0000	0.6440	0.6370	0.0000	0.0000	0.0000	0.0000	0.0000	0.0000	-0.0000	0.9998	1.0000	0.0242	1.0000	0.0000	0.0000	0.0000	0.0000	0.0000	0.0000	0.0000	0.0000	0.0000	0.0000	0.0000	0.0000	0.0000	0.0000	0.0000	0.0000	0.0000	0.0000	0.0313	0.0283	0.0030	0.0156	0.0147	0.0009	0.0158	0.0136	0.0022	0.0037	0.0018	0.0019	0.0005	0.0004	0.0000	0.0032	0.0014	0.0018	0.0000	0.0000	0.0000	0.0000	0.0000	0.0000	0.0000	0.0000	0.0000	0.0054	0.0109	0.0000	0.0418	0.0458	0.0000	0.0000	0.0000	0.0000						
25	51	0.1454	6	0	2	0	0	0	0	0	0	N	Y	N	N	N	N	N	N	N	N	N	N	0.1181	0.0855	0.0000	0.0000	inf	inf	0.0001	0.0001	0.0000	0.0000	0.0000	0.0000	0.0003	0.0003	0.0000	0.0009	0.0014	0.0000	0.0024	0.0018	0.0000	0.0000	0.0000	0.0000	0.0000	0.0001	-0.0000	-0.0000	0.9998	0.0003	0.0242	0.9690	0.0000	0.0000	0.0000	0.0000	0.0000	0.0000	0.0000	0.0000	0.0000	0.0000	0.0000	0.0000	0.0000	0.0000	0.0000	0.0000	0.0000	0.0000	0.0000	0.0000	0.0000	0.0000	0.0000	0.0000	0.0000	0.0000	0.0000	0.0041	0.0028	0.0013	0.0014	0.0013	0.0000	0.0027	0.0015	0.0012	0.3320	0.2545	0.0000	0.0000	0.0000	0.0000	inf	inf	0.0000	0.0003	0.0005	0.0000	0.0010	0.0010	0.0000	0.0000	0.0000	0.0000			
25	52	0.7128	11	0	2	0	0	0	0	0	0	N	Y	N	N	N	N	N	N	N	N	N	N	7.2432	6.0261	0.1121	11.8875	15.0278	0.0000	0.0775	inf	0.1574	0.0085	0.0093	0.0000	0.0156	0.0166	0.0000	0.0000	0.0000	0.0000	0.0012	0.0015	0.0001	0.0013	0.0011	0.0000	0.0001	0.0000	0.0001	0.0001	0.0755	-0.0001	-0.0000	0.9998	0.9211	0.0242	0.1671	0.0003	0.0003	0.0000	0.0003	0.0003	0.0000	0.0000	0.0000	0.0000	0.0000	0.0000	0.0000	0.0000	0.0000	0.0000	0.0000	0.0000	0.0000	0.0344	0.0315	0.0029	0.0188	0.0177	0.0011	0.0157	0.0138	0.0019	0.0053	0.0037	0.0016	0.0034	0.0031	0.0003	0.0019	0.0006	0.0013	22.3743	18.3944	0.1121	27.9295	27.4895	0.0000	0.1220	inf	0.1574	0.0004	0.0005	0.0001	0.0006	0.0006	0.0000	0.0001	0.0000	0.0001
25	53	0.1318	7	0	2	0	0	0	0	0	0	N	Y	N	N	N	N	N	N	N	N	N	N	0.0000	0.0000	0.0000	0.0000	0.0000	0.0000	0.0000	0.0000	0.0000	0.0000	0.0000	0.0000	0.0000	0.0000	0.0000	0.0000	0.0000	0.0000	0.0000	0.0000	0.9998	1.0000	0.0242	5.0000	0.0000	0.0000	0.0000	0.0000	0.0000	0.0000	0.0000	0.0000	0.0000	0.0000	0.0000	0.0000	0.0000	0.0000	0.0000	0.0000	0.0000	0.0000	0.0334	0.0302	0.0031	0.0168	0.0158	0.0009	0.0166	0.0144	0.0022	0.0112	0.0055	0.0057	0.0010	0.0009	0.0000	0.0102	0.0046	0.0056	0.0000	0.0000	0.0000	0.0000	0.0000	0.0000	0.0000	0.0000	0.0000	0.0000	0.0000	0.0000	0.0000	0.0000	0.0000	0.0000	0.0000	0.0000											
25	54	0.1166	6	0	1	0	0	0	0	0	0	N	N	N	N	N	N	N	N	N	N	N	N	0.0000	0.0000	0.0000	0.0000	0.0000	0.0000	0.0000	0.0000	0.0000	0.0000	0.0000	0.0000	0.0000	0.0009	0.0000	0.0006	0.0000	0.0000	0.0000	0.0004	0.0000	0.0006	inf	0.0000	0.0000	0.9998	0.0000	0.0242	2.9157	0.0000	0.0000	0.0000	0.0000	0.0000	0.0000	0.0000	0.0000	0.0000	0.0000	0.0000	0.0000	0.0000	0.0000	0.0000	0.0000	0.0000	0.0000	0.0000	0.0000	0.0000	0.0000	0.0000	0.0000	0.0000	0.0000	0.0000	0.0072	0.0035	0.0036	0.0013	0.0013	0.0000	0.0059	0.0023	0.0036	0.0000	0.0000	0.0000	0.0000	0.0000	0.0000	0.0000	0.0000	0.0000	0.0003	0.0000	0.0006	0.0000	0.0000	0.0000	0.0004	0.0000	0.0006						
25	55	0.6887	10	0	2	0	0	0	0	0	0	N	Y	N	N	N	N	N	N	N	N	N	N	0.0000	0.0000	0.0000	0.0000	0.0000	0.0000	0.0000	0.0000	0.0000	0.0000	0.0000	0.0000	0.0000	0.0001	0.0002	0.0000	0.0002	0.0002	0.0000	0.0000	0.0000	0.0000	0.0000	0.0000	-0.0000	0.9998	2.0000	0.0242	3.0000	0.0000	0.0000	0.0000	0.0000	0.0000	0.0000	0.0000	0.0000	0.0000	0.0000	0.0000	0.0000	0.0000	0.0000	0.0000	0.0000	0.0000	0.0000	0.0834	0.0762	0.0072	0.0470	0.0447	0.0023	0.0364	0.0315	0.0049	0.0099	0.0070	0.0029	0.0067	0.0062	0.0005	0.0031	0.0008	0.0024	0.0000	0.0000	0.0000	0.0000	0.0000	0.0000	0.0000	0.0000	0.0000	0.0000	0.0000	0.0000	0.0000	0.0000	0.0000	0.0000	0.0000	0.0000						
25	56	0.1088	5	0	2	0	1	0	0	0	0	N	Y	N	N	N	N	N	N	N	N	N	N	0.0001	0.0082	0.0000	0.0019	0.0024	0.0000	0.0000	0.0002	0.0002	0.0000	0.0003	0.0003	0.0000	0.0000	0.0000	0.0000	1.9269	0.0217	5.9235	0.1533	0.1308	0.0000	2.0544	0.0000	2.0345	0.0000	390.5004	-0.0000	0.0037	0.9998	1.7218	0.0242	6.9557	0.0000	0.0000	0.0000	0.0000	0.0000	0.0000	0.0000	0.0000	0.0000	0.0078	0.0000	0.0078	0.0000	0.0000	0.0000	0.0078	0.0000	0.0078	0.0621	0.0561	0.0059	0.0337	0.0316	0.0021	0.0283	0.0245	0.0038	0.0164	0.0082	0.0083	0.0017	0.0016	0.0001	0.0148	0.0066	0.0082	0.0003	0.0728	0.0000	0.0248	0.0255	0.0000	0.0000	0.0000	0.0000	0.4761	0.0024	0.9440	0.0119	0.0124	0.0000	0.5287	0.0000	0.9508		
25	57	0.0374	3	1	1	1	0	0	0	0	0	N	N	N	N	N	N	N	N	N	N	N	N	0.0001	0.0000	0.0001	0.0001	0.0001	0.0001	0.0000	0.0005	0.0005	0.0000	0.0000	0.0000	0.0000	1.2264	1.8799	0.0000	5.1605	5.2792	0.0000	0.0000	0.0000	0.0000	0.0000	0.0000	-0.0000	-0.0015	0.9998	8.9999	0.0242	5.0001	0.0000	0.0000	0.0000	0.0000	0.0000	0.0000	0.0000	0.0000	0.0000	0.0029	0.0029	0.0000	0.0029	0.0029	0.0000	0.0000	0.0000	0.0000	0.2587	0.2289	0.0298	0.0395	0.0364	0.0031	0.2192	0.1925	0.0268	0.0337	0.0158	0.0179	0.0012	0.0011	0.0001	0.0326	0.0147	0.0178	0.0009	0.0005	0.0000	0.0002	0.0002	0.0000	0.0000	0.0000	0.0000	0.0875	0.1867	0.0000	2.5481	2.7201	0.0000	0.0000	0.0000	0.0000					
25	58	0.6348	7	1	1	1	0	0	0	0	0	N	N	N	N	N	N	N	N	N	N	N	N	0.0000	0.0000	0.0000	0.0000	0.0000	0.0000	0.0000	0.0000	0.0000	0.0000	0.0000	0.0000	0.0000	0.0000	0.0000	0.0000	0.0000	0.0000	0.0000	0.0000	0.9998	0.0000	0.0242	1.0000	0.0000	0.0000	0.0000	0.0000	0.0000	0.0000	0.0000	0.0000	0.0000	0.0000	0.0000	0.0000	0.0000	0.0000	0.0000	0.0000	0.0000	0.0000	0.0000	0.0000	0.0000	0.0000	0.0000	0.0000	0.0000	0.0000	0.0000	0.0014	0.0010	0.0004	0.0009	0.0009	0.0001	0.0005	0.0001	0.0004	0.0000	0.0000	0.0000	0.0000	0.0000	0.0000	0.0000	0.0000	0.0000	0.0000	0.0000	0.0000	0.0000	0.0000	0.0000	0.0000	0.0000	0.0000											
25	59	0.1454	6	0	1	1	0	0	0	0	0	N	N	N	N	N	N	N	N	N	N	N	N	0.1313	0.0662	3.6098	0.0302	0.0000	1.5290	2.1545	inf	2.2251	0.0002	0.0001	0.0008	0.0001	0.0000	0.0016	0.0003	0.0002	0.0004	0.0012	0.0014	0.0002	0.0026	0.0019	0.0011	0.0001	0.0000	0.0002	0.9048	0.2247	0.0000	-0.0000	0.9998	0.0006	0.0242	1.1867	0.0000	0.0000	0.0000	0.0000	0.0000	0.0000	0.0000	0.0000	0.0000	0.0000	0.0000	0.0000	0.0000	0.0000	0.0000	0.0000	0.0000	0.0000	0.0000	0.0000	0.0000	0.0000	0.0000	0.0000	0.0000	0.0000	0.0000	0.0045	0.0030	0.0015	0.0014	0.0014	0.0000	0.0031	0.0016	0.0014	0.4103	0.1969	3.6098	0.0761	0.0000	1.8422	3.0284	inf	2.2251	0.0004	0.0005	0.0002	0.0010	0.0010	0.0009	0.0001	0.0000	0.0002
25	60	0.1088	5	0	1	0	0	0	0	0	0	N	N	N	N	N	N	N	N	N	N	N	N	0.0006	0.0004	0.0102	0.0000	0.0000	inf	222.9118	7.8138	0.0000	0.0009	0.0010	0.0000	0.0000	0.0000	0.0000	0.0019	0.0022	0.0000	1.5556	2.2651	0.0000	4.8922	4.8013	0.0000	0.0000	0.0003	0.0000	0.0000	0.0000	-0.0000	-0.0015	0.9998	2.2785	0.0242	4.8627	0.0001	0.0001	0.0000	0.0000	0.0000	0.0000	0.0001	0.0001	0.0000	0.0028	0.0028	0.0000	0.0028	0.0028	0.0000	0.0000	0.0000	0.0000	0.0790	0.0714	0.0075	0.0418	0.0392	0.0026	0.0372	0.0322	0.0050	0.0139	0.0069	0.0070	0.0015	0.0014	0.0000	0.0124	0.0055	0.0069	0.0043	0.0024	0.0102	0.0000	0.0000	inf	222.9118	2212.1983	0.0000	0.2046	0.4106	0.0000	1.9337	2.0007	0.0000	0.0000	0.0000	0.0000
25	61	0.7128	11	0	1	1	0	0	0	0	0	N	N	N	N	N	N	N	N	N	N	N	N	0.0013	0.0000	0.1170	0.0104	0.0000	1.1500	0.0000	0.0020	0.0007	0.0000	0.0082	0.0013	0.0000	0.0226	0.0000	0.0000	0.0001	0.5629	0.4478	0.0702	0.1242	0.1081	0.0197	0.2538	0.0000	0.0295	2950.0947	1.0427	0.0000	-0.0000	0.9998	1.0901	0.0242	7.9319	0.0000	0.0000	0.0000	0.0000	0.0000	0.0000	0.0000	0.0000	0.0000	0.0003	0.0001	0.0001	0.0001	0.0001	0.0000	0.0001	0.0000	0.0001	0.0395	0.0361	0.0034	0.0216	0.0203	0.0012	0.0180	0.0158	0.0022	0.0194	0.0131	0.0063	0.0121	0.0110	0.0010	0.0073	0.0020	0.0053	0.0543	0.0000	0.4006	0.1161	0.0000	2.1907	0.0005	0.0000	0.0027	0.0131	0.0095	0.0205	0.0111	0.0112	0.0103	0.0162	0.0000	0.0225	
25	62	0.6827	10	0	1	0	0	0	0	0	0	N	N	N	N	N	N	N	N	N	N	N	N	0.0007	0.0126	0.0067	0.0538	0.0637	0.0235	0.0004	0.0010	0.0207	0.0005	0.0004	0.0009	0.0007	0.0007	0.0000	0.0002	0.0000	0.0014	0.6099	0.0324	0.1414	0.0124	0.0110	0.0019	0.4936	0.0004	0.0657	0.2128	6.1207	-0.0000	0.0000	0.9998	1.6797	0.0242	2.9843	0.0000	0.0000	0.0000	0.0000	0.0000	0.0000	0.0000	0.0000	0.0000	0.0001	0.0000	0.0001	0.0000	0.0000	0.0000	0.0001	0.0000	0.0001	0.0747	0.0684	0.0063	0.0421	0.0401	0.0020	0.0326	0.0283	0.0043	0.0095	0.0067	0.0028	0.0063	0.0059	0.0005	0.0031	0.0008	0.0023	0.0298	0.1343	0.0214	0.2005	0.2013	0.0277	0.0046	0.2153	0.0257	0.0153	0.0031	0.0442	0.0033	0.0035	0.0016	0.0394	0.0000	0.0529
25	63	0.6725	9	0	1	0	0	0	0	0	0	N	N	N	N	N	N	N	N	N	N	N	N	0.0009	0.0100	0.0298	0.0356	0.0419	8.4687	0.0011	inf	0.0784	0.0001	0.0001	0.0008	0.0001	0.0001	0.0001	0.0001	0.0000	0.0010	0.1314	0.0068	0.0270	0.0033	0.0029	0.0000	0.1164	0.0000	0.0125	0.9373	3.4376	0.0000	0.0000	0.9998	0.4935	0.0242	1.5835	0.0000	0.0000	0.0000	0.0000	0.0000	0.0000	0.0000	0.0000	0.0000	0.0000	0.0000	0.0000	0.0000	0.0000	0.0000	0.0000	0.0000	0.0000	0.0414	0.0383	0.0030	0.0222	0.0216	0.0006	0.0192	0.0167	0.0024	0.0043	0.0031	0.0013	0.0030	0.0027	0.0002	0.0014	0.0003	0.0010	0.0311	0.0543	0.0778	0.0927	0.0864	8.4687	0.0129	inf	0.0784	0.0039	0.0013	0.0103	0.0013	0.0014	0.0000	0.0097	0.0000	0.0125
25	64	0.7095	11	0	2	0	0	0	0	0	0	N	Y	N	N	N	N	N	N	N	N	N	N	0.0001	0.0000	inf	0.0001	0.0001	inf	inf	inf	inf	0.0000	0.0000	0.0001	0.0000	0.0000	0.0001	0.0000	0.0000	0.0000	0.4059	0.6044	0.0000	0.1873	0.1758	0.0000	0.0000	0.0000	0.0000	0.6256	0.0000	0.0000	-0.0000	0.9998	0.2944	0.0242	1.0083	0.0000	0.0000	0.0000	0.0000	0.0000	0.0000	0.0000	0.0000	0.0000	0.0000	0.0000	0.0000	0.0000	0.0000	0.0000	0.0000	0.0000	0.0000	0.0157	0.0136	0.0021	0.0124	0.0108	0.0016	0.0033	0.0028	0.0005	0.0029	0.0020	0.0009	0.0020	0.0019	0.0001	0.0009	0.0002	0.0007	0.0023	0.0011	inf	0.0019	0.0013	inf	inf	inf	inf	0.0091	0.0131	0.0000	0.0132	0.0143	0.0000	0.0000	0.0000	0.0000
25	65	0.6887	10	0	1	0	0	0	0	0	0	N	N	N	N	N	N	N	N	N	N	N	N	0.0006	0.2375	0.0003	0.2900	0.3165	0.0000	inf	0.0008	0.0001	0.0001	0.0000	0.0001	0.0001	0.0000	0.0000	0.0000	0.0000	0.1379	0.0003	0.0420	0.0005	0.0004	0.0000	0.1978	0.0000	0.0194	0.0126	79.7539	-0.0000	0.0000	0.9998	1.1351	0.0242	2.0429	0.0000	0.0000	0.0000	0.0000	0.0000	0.0000	0.0000	0.0000	0.0000	0.0000	0.0000	0.0000	0.0000	0.0000	0.0000	0.0000	0.0000	0.0000	0.0597	0.0548	0.0048	0.0331	0.0318	0.0014	0.0266	0.0231	0.0035	0.0065	0.0046	0.0019	0.0045	0.0041	0.0003	0.0021	0.0005	0.0016	0.0187	1.1492	0.0009	1.7803	1.7143	0.0000	0.0006	inf	0.0010	0.0041	0.0001	0.0139	0.0001	0.0001	0.0000	0.0128	0.0000	0.0168	
25	66	0.6725	9	0	1	0	0	0	0	0	0	N	N	N	N	N	N	N	N	N	N	N	N	0.0039	0.0017	4.8202	0.0087	0.0094	0.2515	0.8118	0.0000	7.4138	0.0001	0.0001	0.0008	0.0001	0.0001	0.0001	0.0001	0.0000	0.0010	0.0308	0.0366	0.0002	0.0129	0.0120	0.0003	0.0002	0.0006	0.0001	1.0384	0.0220	0.0000	-0.0000	0.9998	0.4912	0.0242	2.4266	0.0000	0.0000	0.0000	0.0000	0.0000	0.0000	0.0000	0.0000	0.0000	0.0000	0.0000	0.0000	0.0000	0.0000	0.0000	0.0000	0.0000	0.0000	0.0413	0.0383	0.0030	0.0222	0.0216	0.0006	0.0191	0.0167	0.0024	0.0060	0.0042	0.0018	0.0041	0.0038	0.0003	0.0019	0.0004	0.0014	0.0508	0.0194	4.8202	0.0331	0.0310	0.2579	1.2055	0.0000	7.4138	0.0024	0.0033	0.0002	0.0034	0.0036	0.0003	0.0001	0.0000	0.0001
25	67	0.6674	8	0	1	0	0	0	0	0	0	N	N	N	N	N	N	N	N	N	N	N	N	0.0012	0.0012	0.2935	0.0092	0.0074	3.3168	0.0059	0.2289	0.0001	0.0001	0.0010	0.0001	0.0001	0.0013	0.0001	0.0000	0.0009	0.1115	0.0506	0.0033	0.0152	0.0144	0.0004	0.0194	0.0000	0.0038	1.2941	0.3789	0.0000	-0.0000	0.9998	0.6141	0.0242	1.2701	0.0000	0.0000	0.0000	0.0000	0.0000	0.0000	0.0000	0.0000	0.0000	0.0000	0.0000	0.0000	0.0000	0.0000	0.0000	0.0000	0.0000	0.0000	0.0483	0.0446	0.0036	0.0261	0.0253	0.0008	0.0222	0.0193	0.0029	0.0041	0.0029	0.0012	0.0028	0.0026	0.0002	0.0013	0.0003	0.0010	0.0357	0.0162	0.2935	0.0362	0.0256	3.3168	0.0383	0.0000	0.2289	0.0036	0.0037	0.0033	0.0039	0.0042	0.0004	0.0030	0.0000	0.0038	
25	68	0.6348	7	1	2	1	0	0	0	0	0	N	Y	N	N	N	N	N	N	N	N	N	N	0.0000	0.0000	0.0000	0.0000	0.0000	0.0000	0.0000	0.0000	0.0000	0.0000	0.0000	0.0000	0.0000	0.0000	0.0000	0.0000	0.0000	0.0000	0.0000	0.0000	0.9998	0.0000	0.0242	0.0000	0.0000	0.0000	0.0000	0.0000	0.0000	0.0000	0.0000	0.0000	0.0000	0.0000	0.0000	0.0000	0.0000	0.0000	0.0000	0.0000	0.0000	0.0000	0.0000	0.0000	0.0000	0.0000	0.0000	0.0000	0.0000	0.0000	0.0000	0.0000	0.0000	0.0000	0.0000	0.0000	0.0000	0.0000	0.0000	0.0000	0.0000	0.0000	0.0000	0.0000	0.0000	0.0000	0.0000	0.0000	0.0000	0.0000	0.0000	0.0000	0.0000	0.0000	0.0000	0.0000	0.0000	0.0000											
25	69	0.0827	5	1	2	1	0	0	0	0	0	N	Y	N	N	N	N	N	N	N	N	N	N	0.0000	0.0000	0.0000	0.0000	0.0000	0.0000	0.0000	0.0000	0.0000	0.0000	0.0000	0.0000	0.0000	0.0000	0.0000	0.0000	0.0000	0.0000	0.0000	0.0000	0.9998	1.0000	0.0242	0.0000	0.0000	0.0000	0.0000	0.0000	0.0000	0.0000	0.0000	0.0000	0.0000	0.0000	0.0000	0.0000	0.0000	0.0000	0.0000	0.0000	0.0000	0.0000	0.0514	0.0458	0.0056	0.0130	0.0120	0.0010	0.0384	0.0339	0.0046	0.0036	0.0017	0.0019	0.0002	0.0001	0.0000	0.0034	0.0016	0.0019	0.0000	0.0000	0.0000	0.0000	0.0000	0.0000	0.0000	0.0000	0.0000	0.0000	0.0000	0.0000	0.0000	0.0000	0.0000	0.0000	0.0000	0.0000											
25	70	0.0827	5	1	2	1	0	0	0	0	0	N	Y	N	N	N	N	N	N	N	N	N	N	0.0000	0.0000	0.0000	0.0000	0.0000	0.0000	0.0000	0.0000	0.0000	0.0000	0.0000	0.0000	0.0000	0.0000	0.0000	0.0000	0.0000	0.0000	0.0000	0.0000	0.9998	0.0000	0.0242	0.0000	0.0000	0.0000	0.0000	0.0000	0.0000	0.0000	0.0000	0.0000	0.0000	0.0000	0.0000	0.0000	0.0000	0.0000	0.0000	0.0000	0.0000	0.0000	0.0000	0.0000	0.0000	0.0000	0.0000	0.0000	0.0000	0.0000	0.0000	0.0000	0.0000	0.0000	0.0000	0.0000	0.0000	0.0000	0.0000	0.0000	0.0000	0.0000	0.0000	0.0000	0.0000	0.0000	0.0000	0.0000	0.0000	0.0000	0.0000	0.0000	0.0000	0.0000	0.0000	0.0000	0.0000	0.0000											
25	71	0.0603	4	1	2	1	0	0	0	0	0	N	Y	N	N	N	N	N	N	N	N	N	N	0.0000	0.0000	0.0000	0.0000	0.0000	0.0000	0.0000	0.0000	0.0000	0.0000	0.0000	0.0000	0.0000	0.0000	0.0000	0.0000	0.0000	0.0000	0.0000	0.0000	0.9998	2.0000	0.0242	1.0000	0.0000	0.0000	0.0000	0.0000	0.0000	0.0000	0.0000	0.0000	0.0000	0.0000	0.0000	0.0000	0.0000	0.0000	0.0000	0.0000	0.0000	0.0000	0.0947	0.0844	0.0103	0.0207	0.0190	0.0017	0.0740	0.0654	0.0086	0.0105	0.0050	0.0055	0.0004	0.0004	0.0000	0.0101	0.0046	0.0055	0.0000	0.0000	0.0000	0.0000	0.0000	0.0000	0.0000	0.0000	0.0000	0.0000	0.0000	0.0000	0.0000	0.0000	0.0000	0.0000	0.0000	0.0000											
25	72	0.0374	3	1	1	1	0	0	0	0	0	N	N	N	N	N	N	N	N	N	N	N	N	inf	inf	inf	inf	inf	inf	0.0000	0.0000	0.0000	0.0001	0.0001	0.0000	0.0000	0.0000	0.0000	0.0000	0.0000	0.0000	0.0000	0.0000	0.0000	0.0000	0.0000	0.0000	0.0000	-0.0000	0.0000	0.9998	1.0017	0.0242	2.0007	0.0000	0.0000	0.0000	0.0000	0.0000	0.0000	0.0000	0.0000	0.0000	0.0000	0.0000	0.0000	0.0000	0.0000	0.0000	0.0000	0.0000	0.0000	0.0377	0.0332	0.0045	0.0061	0.0056	0.0005	0.0316	0.0276	0.0040	0.0086	0.0040	0.0046	0.0003	0.0003	0.0000	0.0083	0.0038	0.0045	inf	inf	0.0000	inf	inf	0.0000	inf	inf	0.0000	0.0000	0.0000	0.0000	0.0000	0.0000	0.0000	0.0000	0.0000	0.0000				
25	73	0.6540	8	1	2	0	0	0	0	0	0	N	Y	N	N	N	N	N	N	N	N	N	N	0.0000	0.0000	0.0000	0.0000	0.0000	0.0000	0.0000	0.0000	0.0000	0.0000	0.0000	0.0000	0.0000	0.0000	0.0000	0.0000	0.0000	0.0000	0.0000	0.0000	0.9998	0.0000	0.0242	0.0000	0.0000	0.0000	0.0000	0.0000	0.0000	0.0000	0.0000	0.0000	0.0000	0.0000	0.0000	0.0000	0.0000	0.0000	0.0000	0.0000	0.0000	0.0000	0.0000	0.0000	0.0000	0.0000	0.0000	0.0000	0.0000	0.0000	0.0000	0.0000	0.0000	0.0000	0.0000	0.0000	0.0000	0.0000	0.0000	0.0000	0.0000	0.0000	0.0000	0.0000	0.0000	0.0000	0.0000	0.0000	0.0000	0.0000	0.0000	0.0000	0.0000	0.0000	0.0000	0.0000	0.0000	0.0000											
25	74	0.1469	6	1	2	0	0	0	0	0	0	N	Y	N	N	N	N	N	N	N	N	N	N	0.0000	0.0000	0.0000	0.0000	0.0000	0.0000	0.0000	0.0000	0.0000	0.0000	0.0000	0.0000	0.0000	0.0001	0.0002	0.0000	0.0003	0.0003	0.0000	0.0000	0.0000	0.0000	0.0000	0.0000	-0.0000	0.9998	0.0000	0.0242	0.0010	0.0000	0.0000	0.0000	0.0000	0.0000	0.0000	0.0000	0.0000	0.0000	0.0000	0.0000	0.0000	0.0000	0.0000	0.0000	0.0000	0.0000	0.0000	0.0000	0.0000	0.0000	0.0000	0.0000	0.0000	0.0000	0.0000	0.0000	0.0008	0.0007	0.0002	0.0004	0.0004	0.0000	0.0004	0.0002	0.0002	0.0000	0.0000	0.0000	0.0000	0.0000	0.0000	0.0000	0.0000	0.0000	0.0000	0.0000	0.0000	0.0000	0.0000	0.0000	0.0000	0.0000	0.0000						
25	75	0.1360	8	0	2	0	1	0	0	0	0	N	Y	N	N	N	N	N	N	N	N	N	N	0.0000	0.0000	0.0000	0.0000	0.0000	0.0000	0.0000	0.0000	0.0000	0.0000	0.0000	0.0000	0.0000	0.0000	0.0000	0.0000	0.0000	0.0000	0.0000	0.0000	0.9998	0.0000	0.0242	0.0000	0.0000	0.0000	0.0000	0.0000	0.0000	0.0000	0.0000	0.0000	0.0000	0.0000	0.0000	0.0000	0.0000	0.0000	0.0000	0.0000	0.0000	0.0000	0.0000	0.0000	0.0000	0.0000	0.0000	0.0000	0.0000	0.0000	0.0000	0.0000	0.0000	0.0000	0.0000	0.0000	0.0000	0.0000	0.0000	0.0000	0.0000	0.0000	0.0000	0.0000	0.0000	0.0000	0.0000	0.0000	0.0000	0.0000	0.0000	0.0000	0.0000	0.0000	0.0000	0.0000	0.0000	0.0000											
25	76	0.1360	8	0	1	0	1	0	0	0	0	N	N	N	N	N	N	N	N	N	N	N	N	0.0000	0.0000	0.0000	0.0000	0.0000	0.0000	0.0000	0.0000	0.0000	0.0000	0.0000	0.0000	0.0000	0.0000	0.0000	0.0000	0.0000	0.0000	0.0000	0.0000	0.9998	0.0000	0.0242	0.0000	0.0000	0.0000	0.0000	0.0000	0.0000	0.0000	0.0000	0.0000	0.0000	0.0000	0.0000	0.0000	0.0000	0.0000	0.0000	0.0000	0.0000	0.0000	0.0000	0.0000	0.0000	0.0000	0.0000	0.0000	0.0000	0.0000	0.0000	0.0000	0.0000	0.0000	0.0000	0.0000	0.0000	0.0000	0.0000	0.0000	0.0000	0.0000	0.0000	0.0000	0.0000	0.0000	0.0000	0.0000	0.0000	0.0000	0.0000	0.0000	0.0000	0.0000	0.0000	0.0000	0.0000	0.0000											
25	77	0.1207	7	0	1	0	1	0	0	0	0	N	N	N	N	N	N	N	N	N	N	N	N	0.0000	0.0000	0.0000	0.0000	0.0000	0.0000	0.0000	0.0000	0.0000	0.0000	0.0000	0.0000	0.0000	0.0000	0.0000	0.0000	0.0000	0.0000	0.0599	0.1208	0.0000	0.1020	0.0780	0.0002	0.0001	0.0022	0.0000	0.0023	0.0000	-0.0000	0.9998	0.0002	0.0242	2.9297	0.0000	0.0000	0.0000	0.0000	0.0000	0.0000	0.0000	0.0000	0.0000	0.0000	0.0000	0.0000	0.0000	0.0000	0.0000	0.0000	0.0000	0.0000	0.0000	0.0000	0.0000	0.0000	0.0000	0.0000	0.0000	0.0000	0.0000	0.0124	0.0079	0.0045	0.0039	0.0039	0.0001	0.0084	0.0040	0.0045	0.0000	0.0000	0.0000	0.0000	0.0000	0.0000	0.0000	0.0000	0.0000	0.0031	0.0048	0.0000	0.0096	0.0097	0.0002	0.0000	0.0001	0.0000	
25	78	0.1166	6	0	1	0	1	0	0	0	0	N	N	N	N	N	N	N	N	N	N	N	N	0.0000	0.0000	0.0000	0.0000	0.0000	0.0000	0.0000	0.0000	0.0000	0.0000	0.0000	0.0000	0.0000	0.0000	0.0000	0.0000	0.0297	0.0783	0.0006	0.1107	0.0862	0.0000	0.0004	0.0000	0.0006	0.1373	-0.0000	-0.0000	0.9998	0.0003	0.0242	2.1916	0.0000	0.0000	0.0000	0.0000	0.0000	0.0000	0.0000	0.0000	0.0000	0.0000	0.0000	0.0000	0.0000	0.0000	0.0000	0.0000	0.0000	0.0000	0.0000	0.0000	0.0000	0.0000	0.0000	0.0000	0.0000	0.0000	0.0000	0.0058	0.0029	0.0030	0.0012	0.0011	0.0000	0.0047	0.0017	0.0029	0.0000	0.0000	0.0000	0.0000	0.0000	0.0000	0.0000	0.0000	0.0000	0.0023	0.0041	0.0006	0.0102	0.0104	0.0000	0.0003	0.0000	0.0006			
25	79	0.1088	5	0	1	0	0	0	0	0	0	N	N	N	N	N	N	N	N	N	N	N	N	0.0000	0.0000	0.1877	0.0000	0.0000	inf	0.0000	0.0000	0.0000	0.0000	0.0000	0.0000	0.0000	0.0000	0.0000	0.0000	0.0000	0.0027	0.0056	0.0000	0.0130	0.0110	0.0000	0.0000	0.0000	0.0000	inf	0.0032	0.0000	-0.0000	0.9998	0.2782	0.0242	1.3600	0.0000	0.0000	0.0000	0.0000	0.0000	0.0000	0.0000	0.0000	0.0000	0.0000	0.0000	0.0000	0.0000	0.0000	0.0000	0.0000	0.0000	0.0000	0.0155	0.0139	0.0015	0.0108	0.0099	0.0009	0.0047	0.0040	0.0006	0.0040	0.0021	0.0019	0.0007	0.0007	0.0000	0.0033	0.0014	0.0019	0.0001	0.0000	0.1877	0.0000	0.0000	inf	0.0000	0.0000	0.0000	0.0006	0.0011	0.0000	0.0034	0.0035	0.0000	0.0000	0.0000	0.0000	
25	82	0.6572	8	0	2	1	0	0	0	0	0	N	Y	N	N	N	N	N	N	N	N	N	N	0.0000	0.0000	0.0000	0.0000	0.0000	0.0000	0.0000	0.0000	0.0000	0.0000	0.0000	0.0000	0.0000	0.0000	0.0000	0.0000	0.0000	0.0000	0.0000	0.0000	0.9998	0.0000	0.0242	1.0000	0.0000	0.0000	0.0000	0.0000	0.0000	0.0000	0.0000	0.0000	0.0000	0.0000	0.0000	0.0000	0.0000	0.0000	0.0000	0.0000	0.0000	0.0000	0.0000	0.0000	0.0000	0.0000	0.0000	0.0000	0.0000	0.0000	0.0000	0.0022	0.0015	0.0007	0.0014	0.0013	0.0001	0.0008	0.0002	0.0006	0.0000	0.0000	0.0000	0.0000	0.0000	0.0000	0.0000	0.0000	0.0000	0.0000	0.0000	0.0000	0.0000	0.0000	0.0000	0.0000	0.0000	0.0000											
25	83	0.0374	3	1	1	1	0	0	0	0	0	N	N	N	N	N	N	N	N	N	N	N	N	0.0001	0.0000	0.0001	0.0001	inf	inf	0.0001	0.0001	0.0000	0.0005	0.0006	0.0000	0.0000	0.0000	0.0000	1.2584	1.8961	0.0000	5.2980	5.3894	0.0000	0.0000	0.0000	0.0000	0.0000	0.0000	-0.0000	-0.0015	0.9998	9.0001	0.0242	3.0001	0.0000	0.0000	0.0000	0.0000	0.0000	0.0000	0.0000	0.0000	0.0000	0.0028	0.0028	0.0000	0.0028	0.0028	0.0000	0.0000	0.0000	0.0000	0.2587	0.2289	0.0298	0.0395	0.0364	0.0031	0.2193	0.1925	0.0268	0.0298	0.0140	0.0158	0.0010	0.0009	0.0001	0.0288	0.0130	0.0158	0.0008	0.0004	0.0000	0.0002	0.0002	0.0000	inf	inf	0.0000	0.0954	0.2035	0.0000	2.8229	3.0135	0.0000	0.0000	0.0000	0.0000			
25	84	0.6348	7	1	1	1	0	0	0	0	0	N	N	N	N	N	N	N	N	N	N	N	N	0.0000	0.0000	0.0000	0.0000	0.0000	0.0000	0.0000	0.0000	0.0000	0.0000	0.0000	0.0000	0.0000	0.0000	0.0000	0.0000	0.0000	0.0000	0.0000	0.0000	0.9998	4.0000	0.0242	0.0000	0.0000	0.0000	0.0000	0.0000	0.0000	0.0000	0.0000	0.0000	0.0000	0.0000	0.0000	0.0000	0.0000	0.0000	0.0000	0.0000	0.0000	0.0000	0.0853	0.0784	0.0069	0.0622	0.0582	0.0040	0.0231	0.0202	0.0030	0.0052	0.0035	0.0017	0.0035	0.0032	0.0002	0.0018	0.0003	0.0015	0.0000	0.0000	0.0000	0.0000	0.0000	0.0000	0.0000	0.0000	0.0000	0.0000	0.0000	0.0000	0.0000	0.0000	0.0000	0.0000	0.0000	0.0000											
25	85	0.6809	8	1	2	0	0	0	0	0	0	N	Y	N	N	N	N	N	N	N	N	N	N	0.0045	0.0050	0.0000	0.0079	0.0106	0.0000	0.0000	0.0000	0.0000	0.0000	0.0000	0.0000	0.0000	0.0000	0.0000	0.0000	0.0000	0.0019	0.0019	0.0003	0.0017	0.0013	0.0003	0.0002	0.0000	0.0002	0.0007	0.2196	-0.0000	-0.0000	0.9998	1.0086	0.0242	1.7435	0.0000	0.0000	0.0000	0.0000	0.0000	0.0000	0.0000	0.0000	0.0000	0.0000	0.0000	0.0000	0.0000	0.0000	0.0000	0.0000	0.0000	0.0000	0.0337	0.0306	0.0030	0.0216	0.0203	0.0013	0.0121	0.0103	0.0018	0.0054	0.0037	0.0018	0.0033	0.0030	0.0003	0.0021	0.0007	0.0014	0.0179	0.0163	0.0000	0.0195	0.0197	0.0000	0.0000	0.0000	0.0000	0.0005	0.0006	0.0003	0.0007	0.0007	0.0003	0.0002	0.0000	0.0002	
25	86	0.6348	7	1	2	0	0	0	0	0	0	N	Y	N	N	N	N	N	N	N	N	N	N	0.0091	0.0043	0.3021	0.0000	0.0000	0.0000	0.3256	inf	0.7832	0.0000	0.0000	0.0000	0.0000	0.0000	0.0000	0.0000	0.0000	0.0000	0.0002	0.0003	0.0000	0.0004	0.0004	0.0000	0.0000	0.0000	0.0000	0.3333	0.1414	-0.0000	-0.0000	0.9998	1.0165	0.0242	4.1395	0.0000	0.0000	0.0000	0.0000	0.0000	0.0000	0.0000	0.0000	0.0000	0.0000	0.0000	0.0000	0.0000	0.0000	0.0000	0.0000	0.0000	0.0000	0.0238	0.0218	0.0019	0.0177	0.0165	0.0011	0.0061	0.0053	0.0008	0.0066	0.0044	0.0021	0.0043	0.0040	0.0003	0.0023	0.0004	0.0019	0.0373	0.0235	0.3021	0.0000	0.0000	0.0000	0.4916	inf	0.7832	0.0000	0.0001	0.0000	0.0001	0.0001	0.0000	0.0000	0.0000	0.0000
25	87	0.0786	4	1	2	0	0	0	0	0	0	N	Y	N	N	N	N	N	N	N	N	N	N	0.5453	0.2208	0.0079	0.0086	inf	inf	0.0051	0.0057	0.0000	0.0029	0.0030	0.0000	0.0071	0.0081	0.0000	0.0094	0.0257	0.0000	0.3650	0.3544	0.0000	0.0000	0.0000	0.0000	0.0000	0.0000	-0.0003	-0.0000	0.9998	9.0005	0.0242	5.0000	0.0013	0.0013	0.0000	0.0003	0.0003	0.0000	0.0009	0.0009	0.0000	0.0000	0.0000	0.0000	0.0000	0.0000	0.0000	0.0000	0.0000	0.0000	0.2481	0.2241	0.0241	0.1150	0.1085	0.0065	0.1331	0.1156	0.0176	0.0251	0.0111	0.0140	0.0014	0.0013	0.0001	0.0237	0.0099	0.0139	4.2828	2.1037	0.0000	0.1300	0.1294	0.0000	inf	inf	0.0000	0.0012	0.0027	0.0000	0.0221	0.0235	0.0000	0.0000	0.0000	0.0000			
25	88	0.6572	8	0	2	0	0	0	0	0	0	N	Y	N	N	N	N	N	N	N	N	N	N	0.0000	0.0000	0.0000	0.0000	0.0000	0.0000	0.0000	0.0000	0.0000	0.0000	0.0000	0.0000	0.0000	0.0000	0.0000	0.0000	0.0000	0.0000	0.0000	0.0000	0.9998	0.0000	0.0242	0.0000	0.0000	0.0000	0.0000	0.0000	0.0000	0.0000	0.0000	0.0000	0.0000	0.0000	0.0000	0.0000	0.0000	0.0000	0.0000	0.0000	0.0000	0.0000	0.0000	0.0000	0.0000	0.0000	0.0000	0.0000	0.0000	0.0000	0.0000	0.0000	0.0000	0.0000	0.0000	0.0000	0.0000	0.0000	0.0000	0.0000	0.0000	0.0000	0.0000	0.0000	0.0000	0.0000	0.0000	0.0000	0.0000	0.0000	0.0000	0.0000	0.0000	0.0000	0.0000	0.0000	0.0000	0.0000											
25	89	0.0114	2	0	2	0	0	0	0	0	0	N	Y	N	N	N	N	N	N	N	N	N	N	0.0003	0.0002	0.0000	0.0008	0.0008	0.0000	0.0000	0.0000	0.0003	0.0004	0.0000	0.0020	0.0020	0.0000	0.0000	0.0000	0.0000	0.9757	1.5699	0.0015	2.5871	2.5962	0.0573	0.0016	0.0000	0.0015	0.0000	0.0167	-0.0000	-0.0003	0.9998	1.9953	0.0242	1.0817	0.0000	0.0000	0.0000	0.0000	0.0000	0.0000	0.0000	0.0000	0.0000	0.0006	0.0006	0.0000	0.0006	0.0006	0.0000	0.0000	0.0000	0.0000	0.0934	0.0831	0.0104	0.0148	0.0147	0.0001	0.0786	0.0684	0.0102	0.0125	0.0061	0.0064	0.0016	0.0016	0.0000	0.0110	0.0045	0.0064	0.0069	0.0038	0.0000	0.0055	0.0056	0.0000	0.0000	0.0000	0.0000	0.0465	0.0942	0.0015	0.3643	0.3645	0.0256	0.0009	0.0000	0.0015	
25	91	0.1409	6	0	1	1	0	0	0	0	0	N	N	N	N	N	N	N	N	N	N	N	N	0.0000	0.0000	0.0000	0.0000	0.0000	0.0000	0.0000	0.0000	0.0000	0.0000	0.0000	0.0000	0.0000	0.0000	0.0000	0.0000	0.0000	0.0000	0.0000	0.0000	0.9998	0.0000	0.0242	0.0000	0.0000	0.0000	0.0000	0.0000	0.0000	0.0000	0.0000	0.0000	0.0000	0.0000	0.0000	0.0000	0.0000	0.0000	0.0000	0.0000	0.0000	0.0000	0.0000	0.0000	0.0000	0.0000	0.0000	0.0000	0.0000	0.0000	0.0000	0.0000	0.0000	0.0000	0.0000	0.0000	0.0000	0.0000	0.0000	0.0000	0.0000	0.0000	0.0000	0.0000	0.0000	0.0000	0.0000	0.0000	0.0000	0.0000	0.0000	0.0000	0.0000	0.0000	0.0000	0.0000	0.0000	0.0000											
25	92	0.1088	5	0	1	1	0	0	0	0	0	N	N	N	N	N	N	N	N	N	N	N	N	0.0226	0.0080	inf	0.0092	0.0106	inf	0.0027	0.0029	0.0000	0.0052	0.0056	0.0000	0.0000	0.0000	0.0000	0.1174	0.3684	0.0000	0.5724	0.5269	0.0000	0.0000	0.0000	0.0000	0.0000	0.0000	-0.0001	-0.0000	0.9998	3.7221	0.0242	2.9993	0.0003	0.0003	0.0000	0.0003	0.0003	0.0000	0.0000	0.0000	0.0000	0.0000	0.0000	0.0000	0.0000	0.0000	0.0000	0.0000	0.0000	0.0000	0.1205	0.1089	0.0116	0.0610	0.0574	0.0036	0.0595	0.0516	0.0079	0.0132	0.0066	0.0066	0.0014	0.0014	0.0000	0.0118	0.0052	0.0066	0.6991	0.3857	inf	0.1481	0.1522	inf	0.0000	0.0000	0.0000	0.0038	0.0076	0.0000	0.0354	0.0366	0.0000	0.0000	0.0000	0.0000			
25	93	0.0786	4	0	1	0	0	0	0	0	0	N	N	N	N	N	N	N	N	N	N	N	N	0.0003	0.0001	0.0001	0.0001	0.0000	0.0000	0.0000	0.0000	0.0000	0.0000	0.0000	0.0000	0.0000	0.0000	0.0001	0.0000	0.0002	0.0002	0.0000	0.0000	0.0000	0.0000	0.0000	0.0137	-0.0000	-0.0000	0.9998	2.7217	0.0242	3.0458	0.0000	0.0000	0.0000	0.0000	0.0000	0.0000	0.0000	0.0000	0.0000	0.0000	0.0000	0.0000	0.0000	0.0000	0.0000	0.0000	0.0000	0.0000	0.0883	0.0800	0.0083	0.0445	0.0420	0.0024	0.0438	0.0379	0.0059	0.0112	0.0049	0.0063	0.0006	0.0006	0.0000	0.0106	0.0044	0.0063	0.0189	0.0093	0.0000	0.0020	0.0020	0.0000	0.0000	0.0000	0.0000	0.0000	0.0000	0.0000	0.0000	0.0000	0.0000	0.0000	0.0000	0.0000					
25	94	0.0536	4	1	2	0	0	0	0	0	0	N	Y	N	N	N	N	N	N	N	N	N	N	0.0355	0.0183	0.0000	0.0024	0.0027	57.5897	inf	0.0000	0.0000	0.0000	0.0000	0.0000	0.0000	0.0000	0.0000	0.0000	0.0000	0.0003	0.0007	0.0000	0.0102	0.0096	0.0000	0.0000	0.0000	0.0000	0.0000	0.0011	-0.0000	-0.0000	0.9998	5.9980	0.0242	4.9575	0.0000	0.0000	0.0000	0.0000	0.0000	0.0000	0.0000	0.0000	0.0000	0.0000	0.0000	0.0000	0.0000	0.0000	0.0000	0.0000	0.0000	0.0000	0.1916	0.1706	0.0211	0.0340	0.0324	0.0016	0.1576	0.1381	0.0195	0.0270	0.0130	0.0140	0.0013	0.0012	0.0001	0.0257	0.0118	0.0139	0.0844	0.0456	0.0000	0.0085	0.0083	0.0000	57.5897	inf	0.0000	0.0001	0.0003	0.0000	0.0029	0.0031	0.0000	0.0000	0.0000	0.0000	
25	95	0.6572	8	1	2	0	0	0	0	0	0	N	Y	N	N	N	N	N	N	N	N	N	N	0.0000	0.0000	0.0000	0.0000	0.0000	0.0000	0.0000	0.0000	0.0000	0.0000	0.0000	0.0000	0.0000	0.0000	0.0000	0.0000	0.0000	0.0000	0.0000	0.0000	0.9998	0.0000	0.0242	2.0000	0.0000	0.0000	0.0000	0.0000	0.0000	0.0000	0.0000	0.0000	0.0000	0.0000	0.0000	0.0000	0.0000	0.0000	0.0000	0.0000	0.0000	0.0000	0.0000	0.0000	0.0000	0.0000	0.0000	0.0000	0.0000	0.0000	0.0000	0.0043	0.0029	0.0014	0.0028	0.0025	0.0002	0.0015	0.0004	0.0012	0.0000	0.0000	0.0000	0.0000	0.0000	0.0000	0.0000	0.0000	0.0000	0.0000	0.0000	0.0000	0.0000	0.0000	0.0000	0.0000	0.0000	0.0000											
25	96	0.6348	7	0	2	0	0	0	0	0	0	N	Y	N	N	N	N	N	N	N	N	N	N	0.0000	0.0000	0.0000	0.0000	0.0000	0.0000	0.0000	0.0000	0.0000	0.0000	0.0000	0.0000	0.0000	0.0000	0.0000	0.0000	0.0000	0.0000	0.0000	0.0000	0.9998	4.0000	0.0242	0.0000	0.0000	0.0000	0.0000	0.0000	0.0000	0.0000	0.0000	0.0000	0.0000	0.0000	0.0000	0.0000	0.0000	0.0000	0.0000	0.0000	0.0000	0.0000	0.0853	0.0784	0.0069	0.0622	0.0582	0.0040	0.0231	0.0202	0.0030	0.0052	0.0035	0.0017	0.0035	0.0032	0.0002	0.0018	0.0003	0.0015	0.0000	0.0000	0.0000	0.0000	0.0000	0.0000	0.0000	0.0000	0.0000	0.0000	0.0000	0.0000	0.0000	0.0000	0.0000	0.0000	0.0000	0.0000											
25	97	0.0786	4	0	1	0	0	0	0	0	0	N	N	N	N	N	N	N	N	N	N	N	N	0.2035	0.0383	0.0002	0.0002	inf	inf	0.0076	0.0084	0.0000	0.0002	0.0002	0.0000	0.0149	0.0172	0.0000	0.0373	0.2187	0.0000	0.8016	0.7340	0.0000	0.0000	0.0000	0.0000	0.0000	0.0000	-0.0002	-0.0000	0.9998	3.9994	0.0242	4.0000	0.0009	0.0009	0.0000	0.0000	0.0000	0.0000	0.0009	0.0009	0.0000	0.0000	0.0000	0.0000	0.0000	0.0000	0.0000	0.0000	0.0000	0.0000	0.1252	0.1133	0.0119	0.0619	0.0585	0.0034	0.0632	0.0548	0.0085	0.0152	0.0067	0.0085	0.0008	0.0008	0.0000	0.0144	0.0059	0.0085	2.8904	1.4038	0.0000	0.0033	0.0032	0.0000	inf	inf	0.0000	0.0026	0.0060	0.0000	0.0494	0.0526	0.0000	0.0000	0.0000	0.0000			
25	98	0.6348	7	0	1	0	0	0	0	0	0	N	N	N	N	N	N	N	N	N	N	N	N	0.0000	0.0000	0.0000	0.0000	0.0000	0.0000	0.0000	0.0000	0.0000	0.0000	0.0000	0.0000	0.0000	0.0000	0.0000	0.0000	0.0000	0.0000	0.0000	0.0000	0.9998	1.0000	0.0242	0.0000	0.0000	0.0000	0.0000	0.0000	0.0000	0.0000	0.0000	0.0000	0.0000	0.0000	0.0000	0.0000	0.0000	0.0000	0.0000	0.0000	0.0000	0.0000	0.0420	0.0386	0.0034	0.0311	0.0291	0.0020	0.0109	0.0095	0.0014	0.0025	0.0017	0.0008	0.0017	0.0016	0.0001	0.0008	0.0001	0.0007	0.0000	0.0000	0.0000	0.0000	0.0000	0.0000	0.0000	0.0000	0.0000	0.0000	0.0000	0.0000	0.0000	0.0000	0.0000	0.0000	0.0000	0.0000											
25	99	0.1896	5	0	1	0	0	0	0	0	0	N	N	N	N	N	N	N	N	N	N	N	N	0.0000	0.1239	0.0000	0.0803	0.1532	0.0000	0.0000	0.0003	0.0000	0.0001	0.0001	0.0000	0.0001	0.0001	0.0000	0.0000	0.0000	0.0000	1.4985	0.0006	1.5433	0.0016	0.0009	0.0067	1.5821	0.0007	0.7214	0.0000	1226.6622	-0.0000	0.0030	0.9998	1.5982	0.0242	11.1970	0.0000	0.0000	0.0000	0.0000	0.0000	0.0000	0.0000	0.0000	0.0000	0.0064	0.0000	0.0063	0.0000	0.0000	0.0000	0.0063	0.0000	0.0063	0.0814	0.0734	0.0081	0.0445	0.0428	0.0017	0.0369	0.0306	0.0063	0.0365	0.0199	0.0166	0.0122	0.0115	0.0006	0.0243	0.0083	0.0160	0.0004	0.2990	0.0000	0.1966	0.3006	0.0000	0.0000	0.0370	0.0000	0.1741	0.0003	0.3816	0.0007	0.0004	0.0044	0.2609	0.0000	0.3966
25	100	0.0551	5	1	2	1	0	0	0	0	0	N	Y	N	N	N	N	N	N	N	N	N	N	0.0000	0.0000	0.0000	0.0000	0.0000	0.0000	0.0000	0.0000	0.0000	0.0000	0.0000	0.0000	0.0000	0.0000	0.0000	0.0000	0.0001	0.0003	0.0000	0.0009	0.0009	0.0000	0.0000	0.0000	0.0000	0.0707	0.0000	-0.0000	0.9998	0.0000	0.0242	0.9982	0.0000	0.0000	0.0000	0.0000	0.0000	0.0000	0.0000	0.0000	0.0000	0.0000	0.0000	0.0000	0.0000	0.0000	0.0000	0.0000	0.0000	0.0000	0.0039	0.0036	0.0003	0.0033	0.0032	0.0001	0.0006	0.0004	0.0002	0.0029	0.0014	0.0015	0.0002	0.0001	0.0000	0.0028	0.0013	0.0015	0.0000	0.0000	0.0000	0.0000	0.0000	0.0000	0.0000	0.0000	0.0000	0.0000	0.0000	0.0000	0.0004	0.0004	0.0000	0.0000	0.0000	0.0000			
25	101	0.6695	10	1	2	1	0	0	0	0	0	N	Y	N	N	N	N	N	N	N	N	N	N	0.0000	0.0000	0.0000	0.0000	0.0000	0.0000	0.0000	0.0000	0.0000	0.0000	0.0000	0.0000	0.0000	0.0000	0.0000	0.0000	0.0000	0.0000	0.0000	0.0000	0.9998	0.0000	0.0242	0.0000	0.0000	0.0000	0.0000	0.0000	0.0000	0.0000	0.0000	0.0000	0.0000	0.0000	0.0000	0.0000	0.0000	0.0000	0.0000	0.0000	0.0000	0.0000	0.0000	0.0000	0.0000	0.0000	0.0000	0.0000	0.0000	0.0000	0.0000	0.0000	0.0000	0.0000	0.0000	0.0000	0.0000	0.0000	0.0000	0.0000	0.0000	0.0000	0.0000	0.0000	0.0000	0.0000	0.0000	0.0000	0.0000	0.0000	0.0000	0.0000	0.0000	0.0000	0.0000	0.0000	0.0000	0.0000											
25	102	0.6695	9	1	1	1	0	0	0	0	0	N	N	N	N	N	N	N	N	N	N	N	N	0.0000	0.0000	0.0000	0.0000	0.0000	0.0000	0.0000	0.0000	0.0000	0.0000	0.0000	0.0000	0.0000	0.0000	0.0000	0.0000	0.0000	0.0000	0.0000	0.0000	0.9998	0.0000	0.0242	0.0000	0.0000	0.0000	0.0000	0.0000	0.0000	0.0000	0.0000	0.0000	0.0000	0.0000	0.0000	0.0000	0.0000	0.0000	0.0000	0.0000	0.0000	0.0000	0.0000	0.0000	0.0000	0.0000	0.0000	0.0000	0.0000	0.0000	0.0000	0.0000	0.0000	0.0000	0.0000	0.0000	0.0000	0.0000	0.0000	0.0000	0.0000	0.0000	0.0000	0.0000	0.0000	0.0000	0.0000	0.0000	0.0000	0.0000	0.0000	0.0000	0.0000	0.0000	0.0000	0.0000	0.0000	0.0000											
25	103	0.6634	8	1	1	1	0	0	0	0	0	N	N	N	N	N	N	N	N	N	N	N	N	0.0000	0.0000	0.0000	0.0000	0.0000	0.0000	0.0000	0.0000	0.0000	0.0000	0.0000	0.0000	0.0000	0.0000	0.0000	0.0000	0.0000	0.0000	0.0000	0.0000	0.9998	0.0000	0.0242	1.0091	0.0000	0.0000	0.0000	0.0000	0.0000	0.0000	0.0000	0.0000	0.0000	0.0000	0.0000	0.0000	0.0000	0.0000	0.0000	0.0000	0.0000	0.0000	0.0000	0.0000	0.0000	0.0000	0.0000	0.0000	0.0000	0.0000	0.0000	0.0022	0.0015	0.0007	0.0014	0.0013	0.0001	0.0008	0.0002	0.0006	0.0000	0.0000	0.0000	0.0000	0.0000	0.0000	0.0000	0.0000	0.0000	0.0000	0.0000	0.0000	0.0000	0.0000	0.0000	0.0000	0.0000	0.0000											
25	104	0.0786	4	0	2	0	0	0	0	0	0	N	Y	N	N	N	N	N	N	N	N	N	N	inf	inf	inf	inf	inf	inf	0.0056	0.0062	0.0000	0.0031	0.0033	0.0000	0.0078	0.0090	0.0000	0.0000	0.0000	0.0000	0.0000	0.0000	0.0000	0.0000	0.0000	0.0000	0.0000	-0.0003	0.0000	0.9998	7.9994	0.0242	4.0001	0.0013	0.0013	0.0000	0.0003	0.0003	0.0000	0.0009	0.0009	0.0000	0.0000	0.0000	0.0000	0.0000	0.0000	0.0000	0.0000	0.0000	0.0000	0.2259	0.2041	0.0218	0.1060	0.1001	0.0060	0.1199	0.1040	0.0159	0.0219	0.0097	0.0122	0.0012	0.0011	0.0001	0.0208	0.0086	0.0122	inf	inf	0.0000	inf	inf	0.0000	inf	inf	0.0000	0.0000	0.0000	0.0000	0.0000	0.0000	0.0000	0.0000	0.0000	0.0000				
25	105	0.0586	6	1	1	1	0	0	0	0	0	N	N	N	N	N	N	N	N	N	N	N	N	0.0000	0.0000	0.0000	0.0000	0.0000	0.0000	0.0000	0.0000	0.0000	0.0000	0.0000	0.0000	0.0000	0.0000	0.0000	0.0000	0.0000	0.0001	0.0002	0.0000	0.0005	0.0004	0.0003	0.0000	0.0000	0.0000	3.2600	0.0000	0.0000	0.9998	1.0000	0.0242	1.0005	0.0000	0.0000	0.0000	0.0000	0.0000	0.0000	0.0000	0.0000	0.0000	0.0000	0.0000	0.0000	0.0000	0.0000	0.0000	0.0000	0.0000	0.0000	0.0372	0.0330	0.0042	0.0061	0.0058	0.0003	0.0312	0.0272	0.0039	0.0057	0.0027	0.0030	0.0002	0.0002	0.0000	0.0054	0.0025	0.0029	0.0000	0.0000	0.0000	0.0000	0.0000	0.0000	0.0000	0.0000	0.0000	0.0000	0.0000	0.0000	0.0001	0.0001	0.0003	0.0000	0.0000	0.0000		
25	106	0.0551	5	1	1	1	0	0	0	0	0	N	N	N	N	N	N	N	N	N	N	N	N	0.2584	0.1508	0.0000	0.0387	0.0429	3.8630	inf	0.0000	0.0001	0.0001	0.0000	0.0001	0.0001	0.0000	0.0000	0.0000	0.0000	0.0002	0.0004	0.0000	0.0020	0.0019	0.0000	0.0000	0.0000	0.0000	0.0000	0.2114	-0.0000	-0.0000	0.9998	0.7249	0.0242	0.0368	0.0000	0.0000	0.0000	0.0000	0.0000	0.0000	0.0000	0.0000	0.0000	0.0000	0.0000	0.0000	0.0000	0.0000	0.0000	0.0000	0.0000	0.0000	0.0310	0.0277	0.0034	0.0076	0.0073	0.0003	0.0234	0.0204	0.0030	0.0022	0.0011	0.0012	0.0001	0.0001	0.0000	0.0021	0.0010	0.0011	0.8803	0.5756	0.0000	0.0905	0.0796	0.0000	4.0232	inf	0.0000	0.0001	0.0001	0.0000	0.0009	0.0010	0.0000	0.0000	0.0000	0.0000	
25	107	0.0536	4	1	1	1	0	0	0	0	0	N	N	N	N	N	N	N	N	N	N	N	N	0.0058	0.0017	0.0405	0.0008	0.0008	0.0057	2.1530	inf	0.0000	0.0002	0.0002	0.0000	0.0004	0.0004	0.0000	0.0001	0.0001	0.0000	0.0339	0.1269	0.0001	0.4693	0.4764	0.0062	0.0001	0.0000	0.0000	0.0025	0.0253	-0.0000	-0.0000	0.9998	0.4159	0.0242	0.0887	0.0000	0.0000	0.0000	0.0000	0.0000	0.0000	0.0000	0.0000	0.0000	0.0000	0.0000	0.0000	0.0000	0.0000	0.0000	0.0000	0.0000	0.0000	0.0197	0.0177	0.0020	0.0064	0.0061	0.0003	0.0133	0.0116	0.0017	0.0016	0.0008	0.0008	0.0001	0.0001	0.0000	0.0015	0.0007	0.0008	0.0797	0.0447	0.0405	0.0132	0.0124	0.0082	4.6706	inf	0.0000	0.0025	0.0049	0.0001	0.0291	0.0321	0.0043	0.0000	0.0000	0.0000
25	108	0.0374	3	1	1	0	0	0	0	0	0	N	N	N	N	N	N	N	N	N	N	N	N	0.0072	0.0051	inf	0.0001	0.0001	inf	inf	inf	inf	0.0071	0.0080	0.0000	0.0005	0.0005	0.0000	0.0083	0.0095	0.0000	0.9837	1.5822	0.0000	4.3775	4.4199	0.0000	0.0000	0.0000	0.0000	0.0000	0.0000	-0.0002	-0.0003	0.9998	3.9943	0.0242	0.9974	0.0009	0.0009	0.0000	0.0000	0.0000	0.0000	0.0009	0.0009	0.0000	0.0007	0.0007	0.0000	0.0007	0.0007	0.0000	0.0000	0.0000	0.0000	0.1344	0.1186	0.0158	0.0212	0.0195	0.0017	0.1132	0.0991	0.0141	0.0138	0.0065	0.0073	0.0004	0.0004	0.0000	0.0134	0.0061	0.0073	0.1486	0.0790	inf	0.0003	0.0003	inf	inf	inf	inf	0.0475	0.1013	0.0000	1.4936	1.5945	0.0000	0.0000	0.0000	0.0000
25	109	0.6634	8	1	1	1	0	0	0	0	0	N	N	N	N	N	N	N	N	N	N	N	N	0.0000	0.0000	0.0000	0.0000	0.0000	0.0000	0.0000	0.0000	0.0000	0.0000	0.0000	0.0000	0.0000	0.0000	0.0000	0.0000	0.0000	0.0000	0.0000	0.0000	0.9998	0.0000	0.0242	0.9909	0.0000	0.0000	0.0000	0.0000	0.0000	0.0000	0.0000	0.0000	0.0000	0.0000	0.0000	0.0000	0.0000	0.0000	0.0000	0.0000	0.0000	0.0000	0.0000	0.0000	0.0000	0.0000	0.0000	0.0000	0.0000	0.0000	0.0000	0.0022	0.0015	0.0007	0.0014	0.0013	0.0001	0.0008	0.0002	0.0006	0.0000	0.0000	0.0000	0.0000	0.0000	0.0000	0.0000	0.0000	0.0000	0.0000	0.0000	0.0000	0.0000	0.0000	0.0000	0.0000	0.0000	0.0000											
25	110	0.6348	7	1	1	1	0	0	0	0	0	N	N	N	N	N	N	N	N	N	N	N	N	0.0000	0.0000	0.0000	0.0000	0.0000	0.0000	0.0000	0.0000	0.0000	0.0000	0.0000	0.0000	0.0000	0.0000	0.0000	0.0000	0.0000	0.0000	0.0000	0.0000	0.9998	4.0000	0.0242	0.0000	0.0000	0.0000	0.0000	0.0000	0.0000	0.0000	0.0000	0.0000	0.0000	0.0000	0.0000	0.0000	0.0000	0.0000	0.0000	0.0000	0.0000	0.0000	0.0853	0.0784	0.0069	0.0622	0.0582	0.0040	0.0231	0.0202	0.0030	0.0052	0.0035	0.0017	0.0035	0.0032	0.0002	0.0018	0.0003	0.0015	0.0000	0.0000	0.0000	0.0000	0.0000	0.0000	0.0000	0.0000	0.0000	0.0000	0.0000	0.0000	0.0000	0.0000	0.0000	0.0000	0.0000	0.0000											
25	112	0.1245	5	0	1	1	0	0	0	0	0	N	N	N	N	N	N	N	N	N	N	N	N	0.0000	0.0000	0.0000	0.0000	0.0000	0.0000	0.0000	0.0000	0.0000	0.0000	0.0000	0.0000	0.0000	0.0000	0.0000	0.0000	0.0000	0.0000	0.0000	-0.0000	0.9998	0.0000	0.0242	0.0001	0.0000	0.0000	0.0000	0.0000	0.0000	0.0000	0.0000	0.0000	0.0000	0.0000	0.0000	0.0000	0.0000	0.0000	0.0000	0.0000	0.0000	0.0000	0.0000	0.0000	0.0000	0.0000	0.0000	0.0000	0.0000	0.0000	0.0000	0.0000	0.0000	0.0000	0.0000	0.0000	0.0000	0.0000	0.0000	0.0000	0.0000	0.0000	0.0000	0.0000	0.0000	0.0000	0.0000	0.0000	0.0000	0.0000	0.0000	0.0000	0.0000	0.0000	0.0000	0.0000	0.0000	0.0000											
25	113	0.0786	4	0	1	1	0	0	0	0	0	N	N	N	N	N	N	N	N	N	N	N	N	0.1427	0.0420	0.0097	0.0108	0.0026	0.0028	0.0000	0.0052	0.0055	0.0000	0.0000	0.0000	0.0000	0.0179	0.0672	0.0000	0.5306	0.5046	0.0000	0.0000	0.0000	0.0000	0.0000	0.0000	-0.0001	-0.0000	0.9998	4.0004	0.0242	4.9999	0.0003	0.0003	0.0000	0.0003	0.0003	0.0000	0.0000	0.0000	0.0000	0.0000	0.0000	0.0000	0.0000	0.0000	0.0000	0.0000	0.0000	0.0000	0.1252	0.1133	0.0119	0.0620	0.0585	0.0034	0.0633	0.0548	0.0085	0.0170	0.0075	0.0095	0.0009	0.0008	0.0001	0.0161	0.0066	0.0094	1.4454	0.7031	0.0000	0.1557	0.1548	0.0000	0.0000	0.0000	0.0000	0.0018	0.0040	0.0000	0.0332	0.0353	0.0000	0.0000	0.0000	0.0000					
25	114	0.6674	8	0	2	0	0	0	0	0	0	N	Y	N	N	N	N	N	N	N	N	N	N	0.8762	46.7597	0.0000	21.2188	66.3056	0.0000	0.1281	inf	0.0000	0.0027	0.0030	0.0000	0.0039	0.0042	0.0000	0.0011	0.0013	0.0000	0.0031	0.0001	0.0020	0.0002	0.0001	0.0001	0.0086	0.0000	0.0025	0.0000	3299.9677	-0.0001	0.0000	0.9998	4.3361	0.0242	4.6323	0.0004	0.0004	0.0000	0.0003	0.0003	0.0000	0.0001	0.0001	0.0000	0.0000	0.0000	0.0000	0.0000	0.0000	0.0000	0.0000	0.0000	0.0000	0.1454	0.1322	0.0132	0.0822	0.0776	0.0046	0.0632	0.0546	0.0086	0.0165	0.0115	0.0050	0.0111	0.0102	0.0009	0.0053	0.0012	0.0041	4.3506	11001.0468	0.0000	551.7285	13724.2058	0.0000	0.5816	inf	0.0000	0.0006	0.0000	0.0020	0.0000	0.0000	0.0001	0.0019	0.0000	0.0025
25	115	0.6348	7	0	1	0	0	0	0	0	0	N	N	N	N	N	N	N	N	N	N	N	N	0.0003	0.0945	0.0000	0.0880	0.0987	0.0000	inf	0.0000	0.0000	0.0000	0.0000	0.0000	0.0000	0.0000	0.0000	0.0000	0.0000	0.0886	0.0003	0.0286	0.0004	0.0003	0.0000	0.1287	0.0000	0.0122	0.0000	131.9539	-0.0000	0.0000	0.9998	1.9840	0.0242	0.2610	0.0000	0.0000	0.0000	0.0000	0.0000	0.0000	0.0000	0.0000	0.0000	0.0000	0.0000	0.0000	0.0000	0.0000	0.0000	0.0000	0.0000	0.0000	0.0450	0.0413	0.0036	0.0332	0.0311	0.0021	0.0117	0.0102	0.0015	0.0030	0.0021	0.0010	0.0020	0.0019	0.0001	0.0010	0.0002	0.0008	0.0070	0.6927	0.0000	0.8147	0.8161	0.0000	0.0003	inf	0.0000	0.0034	0.0000	0.0106	0.0000	0.0000	0.0000	0.0101	0.0000	0.0122	
25	116	0.0786	4	0	2	0	1	0	0	0	0	N	Y	N	N	N	N	N	N	N	N	N	N	0.0031	inf	0.0000	inf	inf	0.0057	inf	0.0000	0.0062	0.0069	0.0000	0.0001	0.0001	0.0000	0.0121	0.0139	0.0000	2.0040	0.0000	6.6170	0.0000	0.0000	0.0000	2.1160	0.0000	2.5383	0.0000	inf	-0.0002	0.0037	0.9998	5.0006	0.0242	2.0000	0.0009	0.0009	0.0000	0.0000	0.0000	0.0000	0.0009	0.0009	0.0000	0.0078	0.0000	0.0078	0.0000	0.0000	0.0000	0.0078	0.0000	0.0078	0.1524	0.1378	0.0145	0.0744	0.0702	0.0041	0.0780	0.0676	0.0104	0.0135	0.0059	0.0076	0.0007	0.0007	0.0000	0.0128	0.0052	0.0075	0.0108	inf	0.0000	inf	inf	0.0000	0.0197	inf	0.0000	0.5798	0.0000	1.0332	0.0000	0.0000	0.0000	0.6122	0.0000	1.0391	
25	117	0.6348	7	0	2	0	1	0	0	0	0	N	Y	N	N	N	N	N	N	N	N	N	N	0.0000	0.0000	0.0000	0.0000	0.0000	0.0000	0.0000	0.0000	0.0000	0.0000	0.0000	0.0000	0.0000	0.0000	0.0000	0.0000	0.0000	0.0000	0.0000	0.0000	0.9998	0.0000	0.0242	1.0000	0.0000	0.0000	0.0000	0.0000	0.0000	0.0000	0.0000	0.0000	0.0000	0.0000	0.0000	0.0000	0.0000	0.0000	0.0000	0.0000	0.0000	0.0000	0.0000	0.0000	0.0000	0.0000	0.0000	0.0000	0.0000	0.0000	0.0000	0.0019	0.0013	0.0006	0.0013	0.0012	0.0001	0.0006	0.0001	0.0005	0.0000	0.0000	0.0000	0.0000	0.0000	0.0000	0.0000	0.0000	0.0000	0.0000	0.0000	0.0000	0.0000	0.0000	0.0000	0.0000	0.0000	0.0000											
25	118	0.0786	4	0	2	0	0	0	0	0	0	N	Y	N	N	N	N	N	N	N	N	N	N	0.3648	0.1533	0.0203	0.0268	0.0009	0.0010	0.0000	0.0020	0.0022	0.0000	0.0000	0.0000	0.0000	0.0024	0.0062	0.0000	0.1003	0.0803	0.0000	0.0000	0.0000	0.0000	0.0000	0.0000	-0.0001	-0.0000	0.9998	16.9994	0.0242	6.0000	0.0003	0.0003	0.0000	0.0003	0.0003	0.0000	0.0000	0.0000	0.0000	0.0000	0.0000	0.0000	0.0000	0.0000	0.0000	0.0000	0.0000	0.0000	0.3951	0.3561	0.0390	0.1674	0.1578	0.0096	0.2277	0.1983	0.0294	0.0378	0.0170	0.0208	0.0021	0.0020	0.0001	0.0357	0.0150	0.0207	1.6268	0.8104	0.0000	0.2133	0.2124	0.0000	0.0000	0.0000	0.0000	0.0005	0.0012	0.0000	0.0095	0.0101	0.0000	0.0000	0.0000	0.0000					
25	119	0.6348	7	0	2	0	0	0	0	0	0	N	Y	N	N	N	N	N	N	N	N	N	N	0.0000	0.0000	0.0000	0.0000	0.0000	0.0000	0.0000	0.0000	0.0000	0.0000	0.0000	0.0000	0.0000	0.0000	0.0000	0.0000	0.0000	0.0000	0.0000	0.0000	0.9998	5.0000	0.0242	6.0000	0.0000	0.0000	0.0000	0.0000	0.0000	0.0000	0.0000	0.0000	0.0000	0.0000	0.0000	0.0000	0.0000	0.0000	0.0000	0.0000	0.0000	0.0000	0.1037	0.0952	0.0084	0.0750	0.0702	0.0048	0.0286	0.0250	0.0036	0.0125	0.0083	0.0042	0.0081	0.0075	0.0006	0.0045	0.0008	0.0036	0.0000	0.0000	0.0000	0.0000	0.0000	0.0000	0.0000	0.0000	0.0000	0.0000	0.0000	0.0000	0.0000	0.0000	0.0000	0.0000	0.0000	0.0000											
25	120	0.6628	8	0	2	0	0	0	0	0	0	N	Y	N	N	N	N	N	N	N	N	N	N	0.0001	0.0000	0.0417	0.0002	0.0002	inf	0.0000	0.0000	0.0000	0.0000	0.0000	0.0000	0.0000	0.0000	0.0000	0.0000	0.0000	0.0306	0.0402	0.0001	0.0125	0.0121	0.0000	0.0001	0.0000	0.0001	0.2246	0.0112	-0.0000	-0.0000	0.9998	0.9998	0.0242	0.9486	0.0000	0.0000	0.0000	0.0000	0.0000	0.0000	0.0000	0.0000	0.0000	0.0000	0.0000	0.0000	0.0000	0.0000	0.0000	0.0000	0.0000	0.0000	0.0223	0.0204	0.0019	0.0164	0.0153	0.0011	0.0059	0.0051	0.0008	0.0030	0.0020	0.0010	0.0021	0.0019	0.0002	0.0009	0.0002	0.0008	0.0007	0.0004	0.0417	0.0006	0.0005	inf	0.0000	0.0000	0.0000	0.0023	0.0034	0.0001	0.0033	0.0037	0.0000	0.0001	0.0000	0.0001	
25	121	0.6348	7	0	2	0	0	0	0	0	0	N	Y	N	N	N	N	N	N	N	N	N	N	0.0001	0.0013	0.0004	0.0004	0.0004	0.0001	inf	0.0009	0.0000	0.0000	0.0000	0.0000	0.0000	0.0000	0.0000	0.0000	0.0000	0.0048	0.0002	0.0023	0.0002	0.0002	0.0000	0.0118	0.0000	0.0027	0.3740	89.1268	0.0000	0.0000	0.9998	3.0005	0.0242	1.1085	0.0000	0.0000	0.0000	0.0000	0.0000	0.0000	0.0000	0.0000	0.0000	0.0000	0.0000	0.0000	0.0000	0.0000	0.0000	0.0000	0.0000	0.0000	0.1130	0.1038	0.0092	0.0815	0.0763	0.0052	0.0315	0.0275	0.0040	0.0092	0.0062	0.0030	0.0060	0.0056	0.0004	0.0032	0.0006	0.0026	0.0004	0.0194	0.0004	0.0063	0.0062	0.0000	0.0004	inf	0.0009	0.0008	0.0000	0.0023	0.0000	0.0000	0.0000	0.0022	0.0000	0.0027	
25	122	0.0374	3	0	2	0	0	0	0	0	0	N	Y	N	N	N	N	N	N	N	N	N	N	0.0107	0.0094	0.0000	0.0002	0.0002	0.0000	0.0303	inf	0.0000	0.0131	0.0149	0.0000	0.0009	0.0010	0.0000	0.0155	0.0177	0.0000	1.2275	1.5903	0.2157	4.4178	4.4425	1.2285	0.5102	0.0000	0.1169	0.0000	0.8333	-0.0002	-0.0001	0.9998	2.0001	0.0242	3.0000	0.0009	0.0009	0.0000	0.0000	0.0000	0.0000	0.0009	0.0009	0.0000	0.0012	0.0007	0.0006	0.0007	0.0007	0.0000	0.0005	0.0000	0.0005	0.0723	0.0637	0.0086	0.0116	0.0106	0.0010	0.0608	0.0531	0.0076	0.0138	0.0065	0.0073	0.0004	0.0004	0.0000	0.0134	0.0061	0.0073	0.1502	0.1466	0.0000	0.0006	0.0006	0.0000	0.3836	inf	0.0000	0.0875	0.1017	0.0749	1.5224	1.6011	0.3588	0.0403	0.0000	0.0738
25	124	0.6683	8	0	2	0	0	0	0	0	0	N	Y	N	N	N	N	N	N	N	N	N	N	0.0906	0.0513	0.0464	0.0031	0.0033	inf	200.3720	inf	0.0090	0.0052	0.0057	0.0000	0.0001	0.0001	0.0000	0.0230	0.0263	0.0000	0.0574	0.1106	0.0001	0.0234	0.0231	0.0000	0.0001	0.0000	0.0001	0.0001	0.0103	-0.0002	-0.0000	0.9998	3.9006	0.0242	3.1543	0.0009	0.0009	0.0000	0.0000	0.0000	0.0000	0.0009	0.0009	0.0000	0.0000	0.0000	0.0000	0.0000	0.0000	0.0000	0.0000	0.0000	0.0000	0.1806	0.1655	0.0151	0.1402	0.1302	0.0100	0.0404	0.0353	0.0051	0.0152	0.0098	0.0054	0.0091	0.0085	0.0006	0.0061	0.0013	0.0048	1.7156	1.2176	0.0464	0.0143	0.0143	inf	298.7369	inf	0.0090	0.0030	0.0047	0.0001	0.0050	0.0054	0.0000	0.0001	0.0000	0.0001
25	125	0.6348	7	0	2	0	0	0	0	0	0	N	Y	N	N	N	N	N	N	N	N	N	N	0.0051	3.5003	0.0003	0.0073	0.0083	0.0000	0.0176	inf	0.0015	0.0012	0.0013	0.0000	0.0000	0.0000	0.0000	0.0044	0.0051	0.0000	0.2330	0.0004	0.0543	0.0005	0.0005	0.0001	0.2521	0.0000	0.0246	0.0011	94.6791	-0.0000	0.0000	0.9998	1.6924	0.0242	1.9110	0.0001	0.0001	0.0000	0.0000	0.0000	0.0000	0.0001	0.0001	0.0000	0.0000	0.0000	0.0000	0.0000	0.0000	0.0000	0.0000	0.0000	0.0000	0.0683	0.0628	0.0055	0.0501	0.0469	0.0032	0.0182	0.0159	0.0023	0.0082	0.0055	0.0027	0.0054	0.0050	0.0004	0.0028	0.0005	0.0023	0.2122	14.8499	0.0009	0.0382	0.0400	0.0000	0.2776	inf	0.0019	0.0056	0.0001	0.0169	0.0001	0.0001	0.0001	0.0160	0.0000	0.0195
25	126	0.0786	4	0	2	0	0	0	0	0	0	N	Y	N	N	N	N	N	N	N	N	N	N	0.0000	0.0000	0.0000	0.0000	0.0000	0.0000	0.0000	0.0000	0.0000	0.0000	0.0000	0.0000	0.0000	0.9177	1.5516	0.0000	3.4140	3.4777	0.0000	0.0000	0.0000	0.0000	0.0000	0.0000	-0.0003	0.9998	0.9996	0.0242	8.0005	0.0000	0.0000	0.0000	0.0000	0.0000	0.0000	0.0000	0.0000	0.0000	0.0007	0.0007	0.0000	0.0007	0.0007	0.0000	0.0000	0.0000	0.0000	0.0341	0.0309	0.0032	0.0176	0.0167	0.0010	0.0165	0.0143	0.0022	0.0170	0.0075	0.0095	0.0009	0.0008	0.0001	0.0161	0.0066	0.0094	0.0000	0.0000	0.0000	0.0000	0.0000	0.0000	0.0000	0.0000	0.0000	0.0395	0.0897	0.0000	0.7406	0.7887	0.0000	0.0000	0.0000	0.0000						
25	127	0.2060	6	0	1	0	0	0	0	0	0	N	N	N	N	N	N	N	N	N	N	N	N	0.0102	0.0073	0.0000	0.0105	0.0106	0.0000	0.3450	2.5098	0.0000	0.0090	0.0100	0.0000	0.0153	0.0161	0.0000	0.0011	0.0013	0.0000	0.8827	1.3696	0.0025	1.4493	1.5084	0.0173	0.0032	0.0005	0.0021	0.0000	0.0303	-0.0003	-0.0006	0.9998	3.6536	0.0242	12.3970	0.0013	0.0013	0.0000	0.0012	0.0012	0.0000	0.0001	0.0001	0.0000	0.0012	0.0012	0.0000	0.0012	0.0012	0.0000	0.0000	0.0000	0.0000	0.1447	0.1308	0.0138	0.0807	0.0768	0.0039	0.0640	0.0540	0.0100	0.0349	0.0201	0.0148	0.0112	0.0104	0.0008	0.0237	0.0097	0.0140	0.2540	0.1668	0.0000	0.1413	0.1392	0.0000	0.8926	380.4278	0.0000	0.0355	0.0597	0.0025	0.1082	0.1153	0.0097	0.0012	0.0000	0.0021
25	128	0.3844	6	0	1	0	0	0	0	0	0	N	N	N	N	N	N	N	N	N	N	N	N	0.0012	0.0107	0.0001	0.0666	0.0617	0.0834	0.0000	0.0009	0.0003	0.0007	0.0008	0.0000	0.0013	0.0014	0.0000	0.0000	0.0000	0.0000	0.5934	0.0755	0.1136	0.0191	0.0220	0.0001	0.3632	0.0179	0.0511	0.0013	4.6548	-0.0000	0.0002	0.9998	5.3495	0.0242	12.4099	0.0002	0.0002	0.0000	0.0002	0.0002	0.0000	0.0000	0.0000	0.0000	0.0008	0.0001	0.0006	0.0001	0.0001	0.0000	0.0007	0.0000	0.0006	0.2150	0.1946	0.0204	0.1225	0.1148	0.0078	0.0925	0.0798	0.0127	0.0534	0.0339	0.0195	0.0284	0.0244	0.0040	0.0250	0.0095	0.0155	0.0497	0.1972	0.0003	0.2782	0.2558	0.0834	0.0006	0.0157	0.0003	0.0147	0.0041	0.0332	0.0046	0.0053	0.0001	0.0262	0.0010	0.0417
25	129	0.1901	10	0	2	0	1	0	0	0	0	N	Y	N	N	N	N	N	N	N	N	N	N	0.0000	0.0000	0.0000	0.0000	0.0000	0.0000	0.0000	0.0000	0.0000	0.0000	0.0000	0.0000	0.0000	0.0000	0.0000	0.0000	0.0000	0.0000	0.0000	0.0000	0.9998	0.0000	0.0242	0.0000	0.0000	0.0000	0.0000	0.0000	0.0000	0.0000	0.0000	0.0000	0.0000	0.0000	0.0000	0.0000	0.0000	0.0000	0.0000	0.0000	0.0000	0.0000	0.0000	0.0000	0.0000	0.0000	0.0000	0.0000	0.0000	0.0000	0.0000	0.0000	0.0000	0.0000	0.0000	0.0000	0.0000	0.0000	0.0000	0.0000	0.0000	0.0000	0.0000	0.0000	0.0000	0.0000	0.0000	0.0000	0.0000	0.0000	0.0000	0.0000	0.0000	0.0000	0.0000	0.0000	0.0000	0.0000											
25	130	0.1738	9	0	2	0	1	0	0	0	0	N	Y	N	N	N	N	N	N	N	N	N	N	0.0000	0.0000	0.0000	0.0000	0.0000	0.0000	0.0000	0.0000	0.0000	0.0000	0.0000	0.0000	0.0000	0.0000	0.0000	0.0000	0.0000	0.0000	0.0000	0.0000	0.9998	0.0000	0.0242	3.0001	0.0000	0.0000	0.0000	0.0000	0.0000	0.0000	0.0000	0.0000	0.0000	0.0000	0.0000	0.0000	0.0000	0.0000	0.0000	0.0000	0.0000	0.0000	0.0000	0.0000	0.0000	0.0000	0.0000	0.0000	0.0000	0.0000	0.0000	0.0049	0.0020	0.0029	0.0002	0.0002	0.0000	0.0046	0.0018	0.0029	0.0000	0.0000	0.0000	0.0000	0.0000	0.0000	0.0000	0.0000	0.0000	0.0000	0.0000	0.0000	0.0000	0.0000	0.0000	0.0000	0.0000	0.0000											
25	131	0.1641	8	0	2	0	0	0	0	0	0	N	Y	N	N	N	N	N	N	N	N	N	N	0.0000	0.0000	0.0000	0.0000	0.0000	0.0000	0.0000	0.0000	0.0000	0.0000	0.0000	0.0000	0.0000	0.0000	0.0000	0.0000	0.0000	0.0000	0.0000	0.0000	0.9998	0.0000	0.0242	0.0000	0.0000	0.0000	0.0000	0.0000	0.0000	0.0000	0.0000	0.0000	0.0000	0.0000	0.0000	0.0000	0.0000	0.0000	0.0000	0.0000	0.0000	0.0000	0.0000	0.0000	0.0000	0.0000	0.0000	0.0000	0.0000	0.0000	0.0000	0.0000	0.0000	0.0000	0.0000	0.0000	0.0000	0.0000	0.0000	0.0000	0.0000	0.0000	0.0000	0.0000	0.0000	0.0000	0.0000	0.0000	0.0000	0.0000	0.0000	0.0000	0.0000	0.0000	0.0000	0.0000	0.0000	0.0000											
25	132	0.1738	9	0	1	1	1	0	0	0	0	N	N	N	N	N	N	N	N	N	N	N	N	0.0000	0.0000	0.0000	0.0000	0.0000	0.0000	0.0000	0.0000	0.0000	0.0000	0.0000	0.0000	0.0000	0.0000	0.0000	0.0000	0.0000	0.0000	0.0000	0.0000	0.9998	0.0000	0.0242	1.9999	0.0000	0.0000	0.0000	0.0000	0.0000	0.0000	0.0000	0.0000	0.0000	0.0000	0.0000	0.0000	0.0000	0.0000	0.0000	0.0000	0.0000	0.0000	0.0000	0.0000	0.0000	0.0000	0.0000	0.0000	0.0000	0.0000	0.0000	0.0033	0.0013	0.0019	0.0002	0.0002	0.0000	0.0031	0.0012	0.0019	0.0000	0.0000	0.0000	0.0000	0.0000	0.0000	0.0000	0.0000	0.0000	0.0000	0.0000	0.0000	0.0000	0.0000	0.0000	0.0000	0.0000	0.0000											
25	133	0.1848	10	0	1	1	1	0	0	0	0	N	N	N	N	N	N	N	N	N	N	N	N	0.0000	0.0000	0.0000	0.0000	0.0000	0.0000	0.0000	0.0000	0.0000	0.0000	0.0000	0.0000	0.0000	0.0000	0.0000	0.0000	0.0000	0.0000	0.0000	0.0000	0.9998	1.0000	0.0242	0.0000	0.0000	0.0000	0.0000	0.0000	0.0000	0.0000	0.0000	0.0000	0.0000	0.0000	0.0000	0.0000	0.0000	0.0000	0.0000	0.0000	0.0000	0.0000	0.0351	0.0317	0.0034	0.0218	0.0203	0.0015	0.0133	0.0114	0.0019	0.0016	0.0006	0.0009	0.0001	0.0001	0.0000	0.0015	0.0006	0.0009	0.0000	0.0000	0.0000	0.0000	0.0000	0.0000	0.0000	0.0000	0.0000	0.0000	0.0000	0.0000	0.0000	0.0000	0.0000	0.0000	0.0000	0.0000											
25	134	0.1848	10	0	1	1	1	0	0	0	0	N	N	N	N	N	N	N	N	N	N	N	N	0.0000	0.0000	0.0000	0.0000	0.0000	0.0000	0.0000	0.0000	0.0000	0.0000	0.0000	0.0000	0.0000	0.0000	0.0000	0.0000	0.0000	0.0000	0.0000	0.0000	0.9998	0.0000	0.0242	0.0000	0.0000	0.0000	0.0000	0.0000	0.0000	0.0000	0.0000	0.0000	0.0000	0.0000	0.0000	0.0000	0.0000	0.0000	0.0000	0.0000	0.0000	0.0000	0.0000	0.0000	0.0000	0.0000	0.0000	0.0000	0.0000	0.0000	0.0000	0.0000	0.0000	0.0000	0.0000	0.0000	0.0000	0.0000	0.0000	0.0000	0.0000	0.0000	0.0000	0.0000	0.0000	0.0000	0.0000	0.0000	0.0000	0.0000	0.0000	0.0000	0.0000	0.0000	0.0000	0.0000	0.0000	0.0000											
25	135	0.1738	9	0	1	1	1	0	0	0	0	N	N	N	N	N	N	N	N	N	N	N	N	0.0000	0.0000	0.0000	0.0000	0.0000	0.0000	0.0000	0.0000	0.0000	0.0000	0.0000	0.0000	0.0000	0.0000	0.0000	0.0000	0.0000	0.0000	0.0000	0.0000	0.9998	2.0025	0.0242	0.9943	0.0000	0.0000	0.0000	0.0000	0.0000	0.0000	0.0000	0.0000	0.0000	0.0000	0.0000	0.0000	0.0000	0.0000	0.0000	0.0000	0.0000	0.0000	0.0689	0.0621	0.0067	0.0416	0.0387	0.0029	0.0273	0.0234	0.0038	0.0049	0.0020	0.0029	0.0002	0.0002	0.0000	0.0046	0.0018	0.0029	0.0000	0.0000	0.0000	0.0000	0.0000	0.0000	0.0000	0.0000	0.0000	0.0000	0.0000	0.0000	0.0000	0.0000	0.0000	0.0000	0.0000	0.0000											
25	136	0.1738	8	0	1	0	1	0	0	0	0	N	N	N	N	N	N	N	N	N	N	N	N	0.0000	0.0000	0.0000	0.0000	0.0000	0.0000	0.0000	0.0000	0.0000	0.0000	0.0000	0.0000	0.0000	0.0000	0.0000	0.0000	0.0000	0.0000	0.0000	0.0000	0.9998	0.0050	0.0242	0.0173	0.0000	0.0000	0.0000	0.0000	0.0000	0.0000	0.0000	0.0000	0.0000	0.0000	0.0000	0.0000	0.0000	0.0000	0.0000	0.0000	0.0000	0.0000	0.0004	0.0003	0.0000	0.0003	0.0003	0.0000	0.0001	0.0001	0.0000	0.0000	0.0000	0.0000	0.0000	0.0000	0.0000	0.0000	0.0000	0.0000	0.0000	0.0000	0.0000	0.0000	0.0000	0.0000	0.0000	0.0000	0.0000	0.0000	0.0000	0.0000	0.0000	0.0000	0.0000	0.0000	0.0000	0.0000											
25	137	0.1641	7	0	1	0	1	0	0	0	0	N	N	N	N	N	N	N	N	N	N	N	N	0.0000	0.0000	0.0000	0.0000	0.0000	0.0000	0.0000	0.0000	0.0000	0.0000	0.0000	0.0000	0.0000	0.0000	0.0000	0.0000	0.0000	0.0000	0.0000	0.0000	0.9998	1.9972	0.0242	1.0076	0.0000	0.0000	0.0000	0.0000	0.0000	0.0000	0.0000	0.0000	0.0000	0.0000	0.0000	0.0000	0.0000	0.0000	0.0000	0.0000	0.0000	0.0000	0.0645	0.0582	0.0063	0.0379	0.0354	0.0026	0.0265	0.0228	0.0037	0.0046	0.0019	0.0027	0.0002	0.0002	0.0000	0.0044	0.0016	0.0027	0.0000	0.0000	0.0000	0.0000	0.0000	0.0000	0.0000	0.0000	0.0000	0.0000	0.0000	0.0000	0.0000	0.0000	0.0000	0.0000	0.0000	0.0000											
25	138	0.1469	6	1	2	0	0	0	0	0	0	N	Y	N	N	N	N	N	N	N	N	N	N	0.0071	0.0000	0.3684	0.0014	0.0000	0.0066	1.4434	8.6155	0.0001	0.0000	0.0014	0.0002	0.0000	0.0064	0.0001	0.0000	0.0007	0.0196	0.0002	0.0038	0.1234	0.0004	0.9679	0.0001	0.0000	0.0001	inf	142.2962	0.0000	0.0000	0.9998	0.0002	0.0242	2.3255	0.0000	0.0000	0.0000	0.0000	0.0000	0.0000	0.0000	0.0000	0.0000	0.0000	0.0000	0.0000	0.0000	0.0000	0.0000	0.0000	0.0000	0.0000	0.0000	0.0000	0.0000	0.0000	0.0000	0.0000	0.0000	0.0000	0.0000	0.0055	0.0028	0.0027	0.0009	0.0009	0.0000	0.0046	0.0019	0.0027	0.0740	0.0000	0.3684	0.0153	0.0000	0.0243	2.4112	0.0000	8.6155	0.0019	0.0000	0.0038	0.0111	0.0001	0.2609	0.0000	0.0000	0.0001	
25	139	0.1290	5	1	2	0	0	0	0	0	0	N	Y	N	N	N	N	N	N	N	N	N	N	0.0000	0.0000	0.0000	0.0000	0.0000	0.0000	0.0000	0.0000	0.0000	0.0000	0.0000	0.0000	0.0000	0.0000	0.0000	0.0000	0.0000	0.0000	1.5721	2.2722	0.0000	3.8968	4.0073	0.0001	0.0000	0.0009	0.0000	0.0034	0.0001	-0.0000	-0.0014	0.9998	2.0138	0.0242	2.7349	0.0000	0.0000	0.0000	0.0000	0.0000	0.0000	0.0000	0.0000	0.0000	0.0027	0.0027	0.0000	0.0027	0.0027	0.0000	0.0000	0.0000	0.0000	0.0636	0.0572	0.0064	0.0308	0.0288	0.0021	0.0328	0.0284	0.0044	0.0126	0.0065	0.0061	0.0026	0.0025	0.0001	0.0100	0.0040	0.0059	0.0000	0.0000	0.0000	0.0000	0.0000	0.0000	0.0000	0.0000	0.0000	0.2138	0.4118	0.0000	1.0229	1.0745	0.0001	0.0000	0.0000	0.0000
25	140	0.1455	6	0	2	0	0	0	0	0	0	N	Y	N	N	N	N	N	N	N	N	N	N	0.0009	inf	0.0000	inf	inf	0.0000	0.0000	0.0000	0.0000	0.0000	0.0000	0.0000	0.0000	0.0000	0.0000	0.0000	0.0013	0.0000	0.0007	0.0000	0.0000	0.0000	0.0005	0.0000	0.0007	0.0000	inf	-0.0000	0.0000	0.9998	1.9232	0.0242	1.1116	0.0000	0.0000	0.0000	0.0000	0.0000	0.0000	0.0000	0.0000	0.0000	0.0000	0.0000	0.0000	0.0000	0.0000	0.0000	0.0000	0.0000	0.0000	0.0821	0.0726	0.0095	0.0467	0.0413	0.0053	0.0354	0.0313	0.0042	0.0058	0.0026	0.0031	0.0006	0.0006	0.0000	0.0051	0.0020	0.0031	0.0028	inf	0.0000	inf	inf	0.0000	0.0000	0.0000	0.0000	0.0004	0.0000	0.0007	0.0000	0.0000	0.0000	0.0004	0.0000	0.0007		
25	141	0.6540	8	0	2	0	0	0	0	0	0	N	Y	N	N	N	N	N	N	N	N	N	N	inf	inf	inf	inf	inf	inf	0.0026	0.0000	0.0337	0.0030	0.0000	0.0484	0.0012	0.0000	0.0086	0.0000	0.0000	0.0000	0.0000	0.0000	0.0000	0.0000	0.0000	0.0000	inf	0.0002	0.0000	0.9998	3.0000	0.0242	1.0000	0.0003	0.0000	0.0003	0.0003	0.0000	0.0003	0.0000	0.0000	0.0000	0.0000	0.0000	0.0000	0.0000	0.0000	0.0000	0.0000	0.0000	0.0000	0.1230	0.1135	0.0095	0.0970	0.0910	0.0060	0.0260	0.0225	0.0035	0.0054	0.0031	0.0023	0.0029	0.0025	0.0004	0.0025	0.0006	0.0019	inf	0.0000	inf	inf	0.0000	inf	inf	0.0000	inf	0.0000	0.0000	0.0000	0.0000	0.0000	0.0000	0.0000	0.0000	0.0000				
25	142	0.6348	7	0	1	0	0	0	0	0	0	N	N	N	N	N	N	N	N	N	N	N	N	inf	inf	inf	inf	0.0076	0.0083	0.0000	0.0103	0.0110	0.0000	0.0000	0.0000	0.0000	0.0000	0.0000	0.0000	0.0000	0.0000	0.0000	0.0000	0.0000	0.0000	0.0000	-0.0001	0.0000	0.9998	1.0000	0.0242	1.0000	0.0003	0.0003	0.0000	0.0003	0.0003	0.0000	0.0000	0.0000	0.0000	0.0000	0.0000	0.0000	0.0000	0.0000	0.0000	0.0000	0.0000	0.0000	0.0420	0.0386	0.0034	0.0311	0.0291	0.0020	0.0109	0.0095	0.0014	0.0049	0.0033	0.0016	0.0032	0.0030	0.0002	0.0016	0.0003	0.0014	inf	inf	0.0000	inf	inf	0.0000	0.0000	0.0000	0.0000	0.0000	0.0000	0.0000	0.0000	0.0000	0.0000	0.0000	0.0000	0.0000						
25	143	0.3844	6	0	1	0	0	0	0	0	0	N	N	N	N	N	N	N	N	N	N	N	N	0.0017	0.0000	0.1074	0.0093	0.0002	inf	0.0000	0.0003	0.0017	0.0012	0.0000	0.0118	0.0021	0.0001	0.0325	0.0000	0.0000	0.0001	0.6916	0.5953	0.1100	0.2247	0.2405	0.0000	0.3591	0.0020	0.0511	42.9495	1.4517	0.0002	0.0001	0.9998	7.1211	0.0242	10.9474	0.0003	0.0000	0.0003	0.0003	0.0000	0.0003	0.0000	0.0000	0.0000	0.0011	0.0004	0.0006	0.0004	0.0004	0.0000	0.0006	0.0000	0.0006	0.2525	0.2284	0.0241	0.1390	0.1303	0.0087	0.1135	0.0981	0.0154	0.0537	0.0341	0.0196	0.0285	0.0245	0.0040	0.0252	0.0096	0.0156	0.0574	0.0022	0.3626	0.1353	0.0028	inf	0.0005	0.0101	0.0021	0.0201	0.0129	0.0326	0.0154	0.0179	0.0000	0.0254	0.0001	0.0409
25	144	0.1896	5	0	1	0	0	0	0	0	0	N	N	N	N	N	N	N	N	N	N	N	N	0.0008	0.0010	0.0024	0.0022	0.0021	3.3532	0.0001	0.0430	0.0015	0.0010	0.0009	0.0020	0.0018	0.0016	0.0053	0.0001	0.0000	0.0006	1.3139	0.9321	0.8403	0.8263	0.7603	0.0016	1.2478	0.0011	0.4042	0.2356	7.4870	-0.0000	0.0024	0.9998	8.5175	0.0242	23.1696	0.0003	0.0002	0.0000	0.0002	0.0002	0.0000	0.0000	0.0000	0.0000	0.0066	0.0008	0.0059	0.0008	0.0008	0.0000	0.0059	0.0000	0.0059	0.2568	0.2321	0.0247	0.1342	0.1269	0.0073	0.1226	0.1052	0.0174	0.0571	0.0299	0.0272	0.0156	0.0143	0.0012	0.0415	0.0155	0.0260	0.0087	0.0344	0.0093	0.0360	0.0295	4.0426	0.0009	2.7681	0.0027	0.1163	0.0262	0.2152	0.0503	0.0545	0.0013	0.1410	0.0000	0.2253
25	145	0.1641	8	1	2	0	0	0	0	0	0	N	Y	N	N	N	N	N	N	N	N	N	N	inf	inf	inf	inf	0.0006	0.0007	0.0000	0.0010	0.0011	0.0000	0.0000	0.0000	0.0000	0.0000	0.0000	0.0000	0.0000	0.0000	0.0000	0.0000	0.0000	0.0000	0.0000	-0.0000	0.0000	0.9998	1.0000	0.0242	1.0000	0.0000	0.0000	0.0000	0.0000	0.0000	0.0000	0.0000	0.0000	0.0000	0.0000	0.0000	0.0000	0.0000	0.0000	0.0000	0.0000	0.0000	0.0000	0.0333	0.0300	0.0032	0.0198	0.0185	0.0013	0.0135	0.0116	0.0019	0.0031	0.0013	0.0018	0.0002	0.0002	0.0000	0.0029	0.0011	0.0018	inf	inf	0.0000	inf	inf	0.0000	0.0000	0.0000	0.0000	0.0000	0.0000	0.0000	0.0000	0.0000	0.0000	0.0000	0.0000	0.0000						
25	146	0.1641	7	0	2	0	0	0	0	0	0	N	Y	N	N	N	N	N	N	N	N	N	N	0.0000	0.0000	0.0000	0.0000	0.0000	0.0000	0.0000	0.0000	0.0000	0.0000	0.0000	0.0000	0.0000	0.0000	0.0000	0.0000	0.0000	0.0000	0.0000	0.0000	0.9998	0.0003	0.0242	0.0000	0.0000	0.0000	0.0000	0.0000	0.0000	0.0000	0.0000	0.0000	0.0000	0.0000	0.0000	0.0000	0.0000	0.0000	0.0000	0.0000	0.0000	0.0000	0.0000	0.0000	0.0000	0.0000	0.0000	0.0000	0.0000	0.0000	0.0000	0.0000	0.0000	0.0000	0.0000	0.0000	0.0000	0.0000	0.0000	0.0000	0.0000	0.0000	0.0000	0.0000	0.0000	0.0000	0.0000	0.0000	0.0000	0.0000	0.0000	0.0000	0.0000	0.0000	0.0000	0.0000	0.0000	0.0000											
25	147	0.1455	6	0	1	0	0	0	0	0	0	N	N	N	N	N	N	N	N	N	N	N	N	0.0012	inf	0.0000	inf	inf	0.0000	0.0000	0.0000	0.0000	0.0000	0.0000	0.0000	0.0000	0.0000	0.0000	0.0000	0.0005	0.0000	0.0004	0.0000	0.0000	0.0000	0.0003	0.0000	0.0004	0.0000	inf	-0.0000	0.0000	0.9998	4.9449	0.0242	1.0063	0.0000	0.0000	0.0000	0.0000	0.0000	0.0000	0.0000	0.0000	0.0000	0.0000	0.0000	0.0000	0.0000	0.0000	0.0000	0.0000	0.0000	0.0000	0.1510	0.1340	0.0169	0.0766	0.0693	0.0073	0.0743	0.0647	0.0096	0.0103	0.0046	0.0057	0.0009	0.0008	0.0000	0.0095	0.0038	0.0057	0.0028	inf	0.0000	inf	inf	0.0000	0.0000	0.0000	0.0000	0.0002	0.0000	0.0004	0.0000	0.0000	0.0000	0.0002	0.0000	0.0004		
25	148	0.1290	5	0	1	0	0	0	0	0	0	N	N	N	N	N	N	N	N	N	N	N	N	0.0014	0.6457	0.0000	0.4798	0.7540	0.0000	0.0000	0.0068	0.0000	0.0007	0.0008	0.0000	0.0017	0.0018	0.0000	0.0000	0.0000	0.0000	0.5180	0.0013	0.0822	0.0035	0.0024	0.0080	0.2241	0.0005	0.0317	0.0000	49.1571	-0.0000	0.0001	0.9998	3.4778	0.0242	1.2917	0.0001	0.0001	0.0000	0.0001	0.0001	0.0000	0.0000	0.0000	0.0000	0.0001	0.0000	0.0001	0.0000	0.0000	0.0000	0.0001	0.0000	0.0001	0.0982	0.0880	0.0102	0.0431	0.0403	0.0029	0.0550	0.0477	0.0073	0.0127	0.0066	0.0061	0.0026	0.0025	0.0001	0.0100	0.0041	0.0060	0.0628	1.8237	0.0000	1.2337	1.5283	0.0000	0.0002	1.0588	0.0000	0.0117	0.0005	0.0239	0.0014	0.0012	0.0050	0.0145	0.0000	0.0243
25	149	0.0786	4	0	1	0	0	0	0	0	0	N	N	N	N	N	N	N	N	N	N	N	N	0.0035	0.0018	1.6295	0.0015	0.0015	inf	0.0630	inf	0.0465	0.0011	0.0013	0.0000	0.0024	0.0026	0.0001	0.0000	0.0000	0.0000	0.3294	0.7093	0.0000	1.6508	1.6574	0.0000	0.0000	0.0000	0.0000	0.0018	0.0010	-0.0001	-0.0001	0.9998	7.8050	0.0242	4.0035	0.0003	0.0003	0.0000	0.0003	0.0003	0.0000	0.0000	0.0000	0.0000	0.0002	0.0002	0.0000	0.0002	0.0002	0.0000	0.0000	0.0000	0.0000	0.2214	0.2001	0.0214	0.1042	0.0983	0.0059	0.1173	0.1017	0.0155	0.0216	0.0096	0.0121	0.0012	0.0011	0.0001	0.0205	0.0085	0.0120	0.1605	0.0785	1.6295	0.0184	0.0182	inf	0.0630	inf	0.0465	0.0071	0.0160	0.0000	0.1319	0.1405	0.0000	0.0000	0.0000	0.0000
25	150	0.2060	6	0	1	0	0	0	0	0	0	N	N	N	N	N	N	N	N	N	N	N	N	11.0057	0.0000	162890.9768	0.0001	0.0000	0.1049	390731.1019	0.0001	3414986.6572	6.8009	0.0000	71.1249	0.0001	0.0000	0.0014	15.3641	0.0000	98.7974	0.6179	0.9404	0.0004	0.8071	0.7395	0.0130	0.0000	0.0007	0.0000	2408689.1477	0.0121	0.7377	-0.0003	0.9998	3.7255	0.0242	14.1767	0.9972	0.0000	0.9972	0.0000	0.0000	0.0000	0.9972	0.0000	0.9972	0.0006	0.0006	0.0000	0.0006	0.0006	0.0000	0.0000	0.0000	0.0000	0.1466	0.1326	0.0140	0.0817	0.0778	0.0039	0.0649	0.0548	0.0101	0.0370	0.0212	0.0158	0.0116	0.0108	0.0008	0.0254	0.0105	0.0150	436.1725	0.0001	162890.9768	0.0014	0.0001	0.1733	787559.1345	0.0067	3414986.6572	0.0156	0.0269	0.0004	0.0497	0.0529	0.0079	0.0000	0.0000	0.0000
25	151	0.1896	5	0	1	0	0	0	0	0	0	N	N	N	N	N	N	N	N	N	N	N	N	0.0141	0.0000	1.2426	0.0001	0.0001	0.0486	0.0911	0.0104	4.0846	0.0162	0.0001	0.1624	0.0001	0.0001	0.0016	0.0356	0.0000	0.2040	1.1520	1.5648	0.1307	1.6659	1.6120	0.0326	0.3906	0.0008	0.0500	325.2283	0.3218	0.0009	-0.0005	0.9998	1.4205	0.0242	4.0377	0.0012	0.0000	0.0012	0.0000	0.0000	0.0000	0.0012	0.0000	0.0012	0.0018	0.0014	0.0004	0.0014	0.0014	0.0000	0.0004	0.0000	0.0004	0.0760	0.0684	0.0076	0.0415	0.0399	0.0016	0.0345	0.0285	0.0060	0.0262	0.0150	0.0113	0.0104	0.0101	0.0003	0.0158	0.0049	0.0109	0.2313	0.0006	4.0777	0.0011	0.0006	0.1073	1.2690	0.9804	5.0280	0.0702	0.0931	0.0398	0.1344	0.1384	0.0148	0.0280	0.0000	0.0406
25	152	0.0786	4	0	1	0	0	0	0	0	0	N	N	N	N	N	N	N	N	N	N	N	N	0.0001	0.0000	0.0000	0.0000	0.0000	0.0000	inf	0.0000	0.0001	0.0001	0.0000	0.0002	0.0002	0.0000	0.0000	0.0000	0.0000	1.3882	1.9111	0.2444	4.6555	4.5701	0.0000	0.5759	0.0000	0.1313	0.0007	0.4993	-0.0000	-0.0008	0.9998	6.4701	0.0242	12.4371	0.0000	0.0000	0.0000	0.0000	0.0000	0.0000	0.0000	0.0000	0.0000	0.0044	0.0030	0.0015	0.0030	0.0030	0.0000	0.0015	0.0000	0.0015	0.1898	0.1716	0.0182	0.0908	0.0858	0.0051	0.0989	0.0858	0.0131	0.0323	0.0144	0.0179	0.0018	0.0017	0.0001	0.0305	0.0128	0.0178	0.0006	0.0004	0.0000	0.0001	0.0001	0.0000	0.0000	inf	0.0000	0.1372	0.2050	0.0826	1.6668	1.7754	0.0000	0.0484	0.0000	0.0831	
26	27	0.7137	11	1	2	0	1	0	0	0	0	N	Y	N	N	N	N	N	N	N	N	N	N	0.0000	0.0000	0.0000	0.0000	0.0000	0.0000	0.0000	0.0000	0.0000	0.0000	0.0000	0.0000	0.0000	0.0000	0.0000	0.0000	0.0000	0.0000	0.0000	0.0000	0.0000	0.0418	0.0000	6.1659	0.0000	0.0000	0.0000	0.0000	0.0000	0.0000	0.0000	0.0000	0.0000	0.0000	0.0000	0.0000	0.0000	0.0000	0.0000	0.0000	0.0000	0.0000	0.0000	0.0000	0.0000	0.0000	0.0000	0.0000	0.0000	0.0000	0.0000	0.0000	0.0000	0.0000	0.0000	0.0000	0.0000	0.0000	0.0000	0.0000	0.0000	0.0000	0.0000	0.0000	0.0000	0.0000	0.0000	0.0000	0.0000	0.0000	0.0000	0.0000	0.0000	0.0000	0.0000	0.0000	0.0000	0.0000											
26	28	0.7206	14	0	1	0	2	0	0	0	0	N	N	N	Y	N	N	N	N	N	N	N	N	0.0000	0.0000	0.0000	0.0000	0.0000	0.0000	0.0000	0.0000	0.0000	0.0000	0.0000	0.0000	0.0000	0.0000	0.0000	0.0000	0.0000	0.0000	0.0000	0.0000	0.0000	1.5398	0.0000	1.0296	0.0000	0.0000	0.0000	0.0000	0.0000	0.0000	0.0000	0.0000	0.0000	0.0000	0.0000	0.0000	0.0000	0.0000	0.0000	0.0000	0.0000	0.0000	0.0000	0.0000	0.0000	0.0000	0.0000	0.0000	0.0000	0.0000	0.0000	0.0000	0.0000	0.0000	0.0000	0.0000	0.0000	0.0000	0.0000	0.0000	0.0000	0.0000	0.0000	0.0000	0.0000	0.0000	0.0000	0.0000	0.0000	0.0000	0.0000	0.0000	0.0000	0.0000	0.0000	0.0000	0.0000	0.0000											
26	29	0.7155	13	0	1	0	2	0	0	0	0	N	N	N	Y	N	N	N	N	N	N	N	N	0.0000	0.0000	0.0000	0.0000	0.0000	0.0000	0.0000	0.0000	0.0000	0.0000	0.0000	0.0000	0.0000	0.0000	0.0000	0.0000	0.0000	0.0000	0.0000	0.0000	0.0000	0.8816	0.0000	0.0702	0.0000	0.0000	0.0000	0.0000	0.0000	0.0000	0.0000	0.0000	0.0000	0.0000	0.0000	0.0000	0.0000	0.0000	0.0000	0.0000	0.0000	0.0000	0.0000	0.0000	0.0000	0.0000	0.0000	0.0000	0.0000	0.0000	0.0000	0.0000	0.0000	0.0000	0.0000	0.0000	0.0000	0.0000	0.0000	0.0000	0.0000	0.0000	0.0000	0.0000	0.0000	0.0000	0.0000	0.0000	0.0000	0.0000	0.0000	0.0000	0.0000	0.0000	0.0000	0.0000	0.0000	0.0000											
26	30	0.1688	11	0	1	0	2	0	0	0	0	N	N	N	Y	N	N	N	N	N	N	N	N	0.0000	0.0000	0.0000	0.0000	0.0000	0.0000	0.0000	0.0000	0.0000	0.0000	0.0000	0.0000	0.0000	0.0000	0.0000	0.0000	0.0000	0.0000	0.0000	0.0000	0.0000	0.0000	0.0000	0.0000	0.0000	0.0000	0.0000	0.0000	0.0000	0.0000	0.0000	0.0000	0.0000	0.0000	0.0000	0.0000	0.0000	0.0000	0.0000	0.0000	0.0000	0.0000	0.0000	0.0000	0.0000	0.0000	0.0000	0.0000	0.0000	0.0000	0.0000	0.0000	0.0000	0.0000	0.0000	0.0000	0.0000	0.0000	0.0000	0.0000	0.0000	0.0000	0.0000	0.0000	0.0000	0.0000	0.0000	0.0000	0.0000	0.0000	0.0000	0.0000	0.0000	0.0000	0.0000	0.0000	0.0000	0.0000											
26	31	0.1757	9	1	1	1	1	0	0	0	0	N	N	N	N	N	N	N	N	N	N	N	N	0.0000	0.0000	0.0000	0.0000	0.0000	0.0000	0.0000	0.0000	0.0000	0.0000	0.0000	0.0000	0.0000	0.0000	0.0000	0.0000	0.0000	0.0000	0.0000	0.0000	0.0000	0.0000	0.0000	0.0000	0.0000	0.0000	0.0000	0.0000	0.0000	0.0000	0.0000	0.0000	0.0000	0.0000	0.0000	0.0000	0.0000	0.0000	0.0000	0.0000	0.0000	0.0000	0.0000	0.0000	0.0000	0.0000	0.0000	0.0000	0.0000	0.0000	0.0000	0.0000	0.0000	0.0000	0.0000	0.0000	0.0000	0.0000	0.0000	0.0000	0.0000	0.0000	0.0000	0.0000	0.0000	0.0000	0.0000	0.0000	0.0000	0.0000	0.0000	0.0000	0.0000	0.0000	0.0000	0.0000	0.0000	0.0000											
26	32	0.1115	7	0	2	0	1	0	0	0	0	N	Y	N	N	N	N	N	N	N	N	N	N	0.0000	0.0000	0.0000	0.0000	0.0000	0.0000	0.0000	0.0000	0.0000	0.0000	0.0000	0.0000	0.0000	0.0000	0.0000	0.0000	0.0000	0.0000	0.0000	0.0000	0.0000	0.0006	0.0000	3.0000	0.0000	0.0000	0.0000	0.0000	0.0000	0.0000	0.0000	0.0000	0.0000	0.0000	0.0000	0.0000	0.0000	0.0000	0.0000	0.0000	0.0000	0.0000	0.0000	0.0000	0.0000	0.0000	0.0000	0.0000	0.0000	0.0000	0.0000	0.0000	0.0000	0.0000	0.0000	0.0000	0.0000	0.0000	0.0000	0.0000	0.0000	0.0000	0.0000	0.0000	0.0000	0.0000	0.0000	0.0000	0.0000	0.0000	0.0000	0.0000	0.0000	0.0000	0.0000	0.0000	0.0000	0.0000											
26	33	0.1115	7	0	2	0	1	0	0	0	0	N	Y	N	N	N	N	N	N	N	N	N	N	0.0000	0.0000	0.0000	0.0000	0.0000	0.0000	0.0000	0.0000	0.0000	0.0000	0.0000	0.0000	0.0000	0.0000	0.0000	0.0000	0.0000	0.0000	0.0000	0.0000	0.0000	2.0006	0.0000	8.0000	0.0000	0.0000	0.0000	0.0000	0.0000	0.0000	0.0000	0.0000	0.0000	0.0000	0.0000	0.0000	0.0000	0.0000	0.0000	0.0000	0.0000	0.0000	0.0000	0.0000	0.0000	0.0000	0.0000	0.0000	0.0000	0.0000	0.0000	0.0000	0.0000	0.0000	0.0000	0.0000	0.0000	0.0000	0.0000	0.0000	0.0000	0.0000	0.0000	0.0000	0.0000	0.0000	0.0000	0.0000	0.0000	0.0000	0.0000	0.0000	0.0000	0.0000	0.0000	0.0000	0.0000	0.0000											
26	34	0.1527	8	1	2	0	1	0	0	0	0	N	Y	N	N	N	N	N	N	N	N	N	N	0.0000	0.0000	0.0000	0.0000	0.0000	0.0000	0.0000	0.0000	0.0000	0.0000	0.0000	0.0000	0.0000	0.0000	0.0000	0.0000	0.0000	0.0000	0.0000	0.0000	0.0000	10.0001	0.0000	4.0001	0.0000	0.0000	0.0000	0.0000	0.0000	0.0000	0.0000	0.0000	0.0000	0.0000	0.0000	0.0000	0.0000	0.0000	0.0000	0.0000	0.0000	0.0000	0.0000	0.0000	0.0000	0.0000	0.0000	0.0000	0.0000	0.0000	0.0000	0.0000	0.0000	0.0000	0.0000	0.0000	0.0000	0.0000	0.0000	0.0000	0.0000	0.0000	0.0000	0.0000	0.0000	0.0000	0.0000	0.0000	0.0000	0.0000	0.0000	0.0000	0.0000	0.0000	0.0000	0.0000	0.0000	0.0000											
26	35	0.1115	7	0	2	0	1	0	0	0	0	N	Y	N	N	N	N	N	N	N	N	N	N	0.0000	0.0000	0.0000	0.0000	0.0000	0.0000	0.0000	0.0000	0.0000	0.0000	0.0000	0.0000	0.0000	0.0000	0.0000	0.0000	0.0000	0.0000	0.0000	0.0000	0.0000	3.0004	0.0000	2.0000	0.0000	0.0000	0.0000	0.0000	0.0000	0.0000	0.0000	0.0000	0.0000	0.0000	0.0000	0.0000	0.0000	0.0000	0.0000	0.0000	0.0000	0.0000	0.0000	0.0000	0.0000	0.0000	0.0000	0.0000	0.0000	0.0000	0.0000	0.0000	0.0000	0.0000	0.0000	0.0000	0.0000	0.0000	0.0000	0.0000	0.0000	0.0000	0.0000	0.0000	0.0000	0.0000	0.0000	0.0000	0.0000	0.0000	0.0000	0.0000	0.0000	0.0000	0.0000	0.0000	0.0000	0.0000											
26	36	0.6676	10	0	2	0	1	0	0	0	0	N	Y	N	N	N	N	N	N	N	N	N	N	0.0000	0.0000	0.0000	0.0000	0.0000	0.0000	0.0000	0.0000	0.0000	0.0000	0.0000	0.0000	0.0000	0.0000	0.0000	0.0000	0.0000	0.0000	0.0000	0.0000	0.0000	3.0000	0.0000	3.0000	0.0000	0.0000	0.0000	0.0000	0.0000	0.0000	0.0000	0.0000	0.0000	0.0000	0.0000	0.0000	0.0000	0.0000	0.0000	0.0000	0.0000	0.0000	0.0000	0.0000	0.0000	0.0000	0.0000	0.0000	0.0000	0.0000	0.0000	0.0000	0.0000	0.0000	0.0000	0.0000	0.0000	0.0000	0.0000	0.0000	0.0000	0.0000	0.0000	0.0000	0.0000	0.0000	0.0000	0.0000	0.0000	0.0000	0.0000	0.0000	0.0000	0.0000	0.0000	0.0000	0.0000	0.0000											
26	37	0.1416	8	1	2	0	1	0	0	0	0	N	Y	N	N	N	N	N	N	N	N	N	N	0.0000	0.0000	0.0000	0.0000	0.0000	0.0000	0.0000	0.0000	0.0000	0.0000	0.0000	0.0000	0.0000	0.0000	0.0000	0.0000	0.0000	0.0000	0.0000	0.0000	0.0000	4.2779	0.0000	3.9542	0.0000	0.0000	0.0000	0.0000	0.0000	0.0000	0.0000	0.0000	0.0000	0.0000	0.0000	0.0000	0.0000	0.0000	0.0000	0.0000	0.0000	0.0000	0.0000	0.0000	0.0000	0.0000	0.0000	0.0000	0.0000	0.0000	0.0000	0.0000	0.0000	0.0000	0.0000	0.0000	0.0000	0.0000	0.0000	0.0000	0.0000	0.0000	0.0000	0.0000	0.0000	0.0000	0.0000	0.0000	0.0000	0.0000	0.0000	0.0000	0.0000	0.0000	0.0000	0.0000	0.0000	0.0000											
26	38	0.7342	14	1	2	0	1	0	0	0	0	N	Y	N	N	N	N	N	N	N	N	N	N	0.0000	0.0000	0.0000	0.0000	0.0000	0.0000	0.0000	0.0000	0.0000	0.0000	0.0000	0.0000	0.0000	0.0000	0.0000	0.0000	0.0000	0.0000	0.0000	0.0000	0.0000	2.8243	0.0000	1.0201	0.0000	0.0000	0.0000	0.0000	0.0000	0.0000	0.0000	0.0000	0.0000	0.0000	0.0000	0.0000	0.0000	0.0000	0.0000	0.0000	0.0000	0.0000	0.0000	0.0000	0.0000	0.0000	0.0000	0.0000	0.0000	0.0000	0.0000	0.0000	0.0000	0.0000	0.0000	0.0000	0.0000	0.0000	0.0000	0.0000	0.0000	0.0000	0.0000	0.0000	0.0000	0.0000	0.0000	0.0000	0.0000	0.0000	0.0000	0.0000	0.0000	0.0000	0.0000	0.0000	0.0000	0.0000											
26	39	0.1527	8	0	2	0	1	0	0	0	0	N	Y	N	N	N	N	N	N	N	N	N	N	0.0000	0.0000	0.0000	0.0000	0.0000	0.0000	0.0000	0.0000	0.0000	0.0000	0.0000	0.0000	0.0000	0.0000	0.0000	0.0000	0.0000	0.0000	0.0000	0.0000	0.0000	5.0001	0.0000	5.0000	0.0000	0.0000	0.0000	0.0000	0.0000	0.0000	0.0000	0.0000	0.0000	0.0000	0.0000	0.0000	0.0000	0.0000	0.0000	0.0000	0.0000	0.0000	0.0000	0.0000	0.0000	0.0000	0.0000	0.0000	0.0000	0.0000	0.0000	0.0000	0.0000	0.0000	0.0000	0.0000	0.0000	0.0000	0.0000	0.0000	0.0000	0.0000	0.0000	0.0000	0.0000	0.0000	0.0000	0.0000	0.0000	0.0000	0.0000	0.0000	0.0000	0.0000	0.0000	0.0000	0.0000	0.0000											
26	40	0.6900	11	0	2	0	1	0	0	0	0	N	Y	N	N	N	N	N	N	N	N	N	N	0.0000	0.0000	0.0000	0.0000	0.0000	0.0000	0.0000	0.0000	0.0000	0.0000	0.0000	0.0000	0.0000	0.0000	0.0000	0.0000	0.0000	0.0000	0.0000	0.0000	0.0000	0.0000	0.0000	2.0000	0.0000	0.0000	0.0000	0.0000	0.0000	0.0000	0.0000	0.0000	0.0000	0.0000	0.0000	0.0000	0.0000	0.0000	0.0000	0.0000	0.0000	0.0000	0.0000	0.0000	0.0000	0.0000	0.0000	0.0000	0.0000	0.0000	0.0000	0.0000	0.0000	0.0000	0.0000	0.0000	0.0000	0.0000	0.0000	0.0000	0.0000	0.0000	0.0000	0.0000	0.0000	0.0000	0.0000	0.0000	0.0000	0.0000	0.0000	0.0000	0.0000	0.0000	0.0000	0.0000	0.0000	0.0000											
26	41	0.1527	8	0	2	0	1	0	0	0	0	N	Y	N	N	N	N	N	N	N	N	N	N	0.0000	0.0000	0.0000	0.0000	0.0000	0.0000	0.0000	0.0000	0.0000	0.0000	0.0000	0.0000	0.0000	0.0000	0.0000	0.0000	0.0000	0.0000	0.0000	0.0000	0.0000	5.9998	0.0000	3.0000	0.0000	0.0000	0.0000	0.0000	0.0000	0.0000	0.0000	0.0000	0.0000	0.0000	0.0000	0.0000	0.0000	0.0000	0.0000	0.0000	0.0000	0.0000	0.0000	0.0000	0.0000	0.0000	0.0000	0.0000	0.0000	0.0000	0.0000	0.0000	0.0000	0.0000	0.0000	0.0000	0.0000	0.0000	0.0000	0.0000	0.0000	0.0000	0.0000	0.0000	0.0000	0.0000	0.0000	0.0000	0.0000	0.0000	0.0000	0.0000	0.0000	0.0000	0.0000	0.0000	0.0000	0.0000											
26	42	0.7561	15	0	2	1	2	0	0	0	0	N	Y	N	Y	N	N	N	N	N	N	N	N	0.0000	0.0000	0.0000	0.0000	0.0000	0.0000	0.0000	0.0000	0.0000	0.0000	0.0000	0.0000	0.0000	0.0000	0.0000	0.0000	0.0000	0.0000	0.0000	0.0000	0.0000	0.0011	0.0000	1.0134	0.0000	0.0000	0.0000	0.0000	0.0000	0.0000	0.0000	0.0000	0.0000	0.0000	0.0000	0.0000	0.0000	0.0000	0.0000	0.0000	0.0000	0.0000	0.0000	0.0000	0.0000	0.0000	0.0000	0.0000	0.0000	0.0000	0.0000	0.0000	0.0000	0.0000	0.0000	0.0000	0.0000	0.0000	0.0000	0.0000	0.0000	0.0000	0.0000	0.0000	0.0000	0.0000	0.0000	0.0000	0.0000	0.0000	0.0000	0.0000	0.0000	0.0000	0.0000	0.0000	0.0000	0.0000											
26	43	0.7342	14	0	1	0	2	0	0	0	0	N	N	N	Y	N	N	N	N	N	N	N	N	0.0000	0.0000	0.0000	0.0000	0.0000	0.0000	0.0000	0.0000	0.0000	0.0000	0.0000	0.0000	0.0000	0.0000	0.0000	0.0000	0.0000	0.0000	0.0000	0.0000	0.0000	2.8187	0.0000	0.0347	0.0000	0.0000	0.0000	0.0000	0.0000	0.0000	0.0000	0.0000	0.0000	0.0000	0.0000	0.0000	0.0000	0.0000	0.0000	0.0000	0.0000	0.0000	0.0000	0.0000	0.0000	0.0000	0.0000	0.0000	0.0000	0.0000	0.0000	0.0000	0.0000	0.0000	0.0000	0.0000	0.0000	0.0000	0.0000	0.0000	0.0000	0.0000	0.0000	0.0000	0.0000	0.0000	0.0000	0.0000	0.0000	0.0000	0.0000	0.0000	0.0000	0.0000	0.0000	0.0000	0.0000	0.0000											
26	44	0.7216	13	0	1	0	1	0	0	0	0	N	N	N	N	N	N	N	N	N	N	N	N	0.0000	0.0000	0.0000	0.0000	0.0000	0.0000	0.0000	0.0000	0.0000	0.0000	0.0000	0.0000	0.0000	0.0000	0.0000	0.0000	0.0000	0.0000	0.0000	0.0000	0.0000	0.9605	0.0000	1.0076	0.0000	0.0000	0.0000	0.0000	0.0000	0.0000	0.0000	0.0000	0.0000	0.0000	0.0000	0.0000	0.0000	0.0000	0.0000	0.0000	0.0000	0.0000	0.0000	0.0000	0.0000	0.0000	0.0000	0.0000	0.0000	0.0000	0.0000	0.0000	0.0000	0.0000	0.0000	0.0000	0.0000	0.0000	0.0000	0.0000	0.0000	0.0000	0.0000	0.0000	0.0000	0.0000	0.0000	0.0000	0.0000	0.0000	0.0000	0.0000	0.0000	0.0000	0.0000	0.0000	0.0000	0.0000											
26	45	0.1647	10	0	2	1	2	0	0	0	0	N	Y	N	Y	N	N	N	N	N	N	N	N	0.0000	0.0000	0.0000	0.0000	0.0000	0.0000	0.0000	0.0000	0.0000	0.0000	0.0000	0.0000	0.0000	0.0000	0.0000	0.0000	0.0000	0.0000	0.0000	0.0000	0.0000	1.0000	0.0000	1.0000	0.0000	0.0000	0.0000	0.0000	0.0000	0.0000	0.0000	0.0000	0.0000	0.0000	0.0000	0.0000	0.0000	0.0000	0.0000	0.0000	0.0000	0.0000	0.0000	0.0000	0.0000	0.0000	0.0000	0.0000	0.0000	0.0000	0.0000	0.0000	0.0000	0.0000	0.0000	0.0000	0.0000	0.0000	0.0000	0.0000	0.0000	0.0000	0.0000	0.0000	0.0000	0.0000	0.0000	0.0000	0.0000	0.0000	0.0000	0.0000	0.0000	0.0000	0.0000	0.0000	0.0000	0.0000											
26	46	0.6676	10	0	2	0	1	0	0	0	0	N	Y	N	N	N	N	N	N	N	N	N	N	0.0000	0.0000	0.0000	0.0000	0.0000	0.0000	0.0000	0.0000	0.0000	0.0000	0.0000	0.0000	0.0000	0.0000	0.0000	0.0000	0.0000	0.0000	0.0000	0.0000	0.0000	0.0000	0.0000	0.0000	0.0000	0.0000	0.0000	0.0000	0.0000	0.0000	0.0000	0.0000	0.0000	0.0000	0.0000	0.0000	0.0000	0.0000	0.0000	0.0000	0.0000	0.0000	0.0000	0.0000	0.0000	0.0000	0.0000	0.0000	0.0000	0.0000	0.0000	0.0000	0.0000	0.0000	0.0000	0.0000	0.0000	0.0000	0.0000	0.0000	0.0000	0.0000	0.0000	0.0000	0.0000	0.0000	0.0000	0.0000	0.0000	0.0000	0.0000	0.0000	0.0000	0.0000	0.0000	0.0000	0.0000	0.0000											
26	47	0.7216	13	0	2	0	2	0	0	0	0	N	Y	N	Y	N	N	N	N	N	N	N	N	0.0000	0.0000	0.0000	0.0000	0.0000	0.0000	0.0000	0.0000	0.0000	0.0000	0.0000	0.0000	0.0000	0.0000	0.0000	0.0000	0.0000	0.0000	0.0000	0.0000	0.0000	0.0000	0.0000	1.0000	0.0000	0.0000	0.0000	0.0000	0.0000	0.0000	0.0000	0.0000	0.0000	0.0000	0.0000	0.0000	0.0000	0.0000	0.0000	0.0000	0.0000	0.0000	0.0000	0.0000	0.0000	0.0000	0.0000	0.0000	0.0000	0.0000	0.0000	0.0000	0.0000	0.0000	0.0000	0.0000	0.0000	0.0000	0.0000	0.0000	0.0000	0.0000	0.0000	0.0000	0.0000	0.0000	0.0000	0.0000	0.0000	0.0000	0.0000	0.0000	0.0000	0.0000	0.0000	0.0000	0.0000	0.0000											
26	48	0.6676	10	1	2	0	1	0	0	0	0	N	Y	N	N	N	N	N	N	N	N	N	N	0.0000	0.0000	0.0000	0.0000	0.0000	0.0000	0.0000	0.0000	0.0000	0.0000	0.0000	0.0000	0.0000	0.0000	0.0000	0.0000	0.0000	0.0000	0.0000	0.0000	0.0000	0.0000	0.0000	4.0000	0.0000	0.0000	0.0000	0.0000	0.0000	0.0000	0.0000	0.0000	0.0000	0.0000	0.0000	0.0000	0.0000	0.0000	0.0000	0.0000	0.0000	0.0000	0.0000	0.0000	0.0000	0.0000	0.0000	0.0000	0.0000	0.0000	0.0000	0.0000	0.0000	0.0000	0.0000	0.0000	0.0000	0.0000	0.0000	0.0000	0.0000	0.0000	0.0000	0.0000	0.0000	0.0000	0.0000	0.0000	0.0000	0.0000	0.0000	0.0000	0.0000	0.0000	0.0000	0.0000	0.0000	0.0000											
26	49	0.7423	14	0	1	1	1	0	0	0	0	N	N	N	N	N	N	N	N	N	N	N	N	0.0000	0.0000	0.0000	0.0000	0.0000	0.0000	0.0000	0.0000	0.0000	0.0000	0.0000	0.0000	0.0000	0.0000	0.0000	0.0000	0.0000	0.0000	0.0000	0.0000	0.0000	0.0000	0.0000	0.0000	0.0000	0.0000	0.0000	0.0000	0.0000	0.0000	0.0000	0.0000	0.0000	0.0000	0.0000	0.0000	0.0000	0.0000	0.0000	0.0000	0.0000	0.0000	0.0000	0.0000	0.0000	0.0000	0.0000	0.0000	0.0000	0.0000	0.0000	0.0000	0.0000	0.0000	0.0000	0.0000	0.0000	0.0000	0.0000	0.0000	0.0000	0.0000	0.0000	0.0000	0.0000	0.0000	0.0000	0.0000	0.0000	0.0000	0.0000	0.0000	0.0000	0.0000	0.0000	0.0000	0.0000	0.0000											
26	50	0.1737	9	0	1	1	1	0	0	0	0	N	N	N	N	N	N	N	N	N	N	N	N	0.0000	0.0000	0.0000	0.0000	0.0000	0.0000	0.0000	0.0000	0.0000	0.0000	0.0000	0.0000	0.0000	0.0000	0.0000	0.0000	0.0000	0.0000	0.0000	0.0000	0.0000	1.0000	0.0000	1.0000	0.0000	0.0000	0.0000	0.0000	0.0000	0.0000	0.0000	0.0000	0.0000	0.0000	0.0000	0.0000	0.0000	0.0000	0.0000	0.0000	0.0000	0.0000	0.0000	0.0000	0.0000	0.0000	0.0000	0.0000	0.0000	0.0000	0.0000	0.0000	0.0000	0.0000	0.0000	0.0000	0.0000	0.0000	0.0000	0.0000	0.0000	0.0000	0.0000	0.0000	0.0000	0.0000	0.0000	0.0000	0.0000	0.0000	0.0000	0.0000	0.0000	0.0000	0.0000	0.0000	0.0000	0.0000											
26	51	0.1782	9	0	2	0	1	0	0	0	0	N	Y	N	N	N	N	N	N	N	N	N	N	0.0000	0.0000	0.0000	0.0000	0.0000	0.0000	0.0000	0.0000	0.0000	0.0000	0.0000	0.0000	0.0000	0.0000	0.0000	0.0000	0.0000	0.0000	0.0000	0.0000	0.0000	0.0003	0.0000	0.9690	0.0000	0.0000	0.0000	0.0000	0.0000	0.0000	0.0000	0.0000	0.0000	0.0000	0.0000	0.0000	0.0000	0.0000	0.0000	0.0000	0.0000	0.0000	0.0000	0.0000	0.0000	0.0000	0.0000	0.0000	0.0000	0.0000	0.0000	0.0000	0.0000	0.0000	0.0000	0.0000	0.0000	0.0000	0.0000	0.0000	0.0000	0.0000	0.0000	0.0000	0.0000	0.0000	0.0000	0.0000	0.0000	0.0000	0.0000	0.0000	0.0000	0.0000	0.0000	0.0000	0.0000	0.0000											
26	52	0.7456	14	0	2	0	1	0	0	0	0	N	Y	N	N	N	N	N	N	N	N	N	N	0.0000	0.0000	0.0000	0.0000	0.0000	0.0000	0.0000	0.0000	0.0000	0.0000	0.0000	0.0000	0.0000	0.0000	0.0000	0.0000	0.0000	0.0000	0.0000	0.0000	0.0000	0.9211	0.0000	0.1671	0.0000	0.0000	0.0000	0.0000	0.0000	0.0000	0.0000	0.0000	0.0000	0.0000	0.0000	0.0000	0.0000	0.0000	0.0000	0.0000	0.0000	0.0000	0.0000	0.0000	0.0000	0.0000	0.0000	0.0000	0.0000	0.0000	0.0000	0.0000	0.0000	0.0000	0.0000	0.0000	0.0000	0.0000	0.0000	0.0000	0.0000	0.0000	0.0000	0.0000	0.0000	0.0000	0.0000	0.0000	0.0000	0.0000	0.0000	0.0000	0.0000	0.0000	0.0000	0.0000	0.0000	0.0000											
26	53	0.1647	10	0	2	0	1	0	0	0	0	N	Y	N	N	N	N	N	N	N	N	N	N	0.0000	0.0000	0.0000	0.0000	0.0000	0.0000	0.0000	0.0000	0.0000	0.0000	0.0000	0.0000	0.0000	0.0000	0.0000	0.0000	0.0000	0.0000	0.0000	0.0000	0.0000	1.0000	0.0000	5.0000	0.0000	0.0000	0.0000	0.0000	0.0000	0.0000	0.0000	0.0000	0.0000	0.0000	0.0000	0.0000	0.0000	0.0000	0.0000	0.0000	0.0000	0.0000	0.0000	0.0000	0.0000	0.0000	0.0000	0.0000	0.0000	0.0000	0.0000	0.0000	0.0000	0.0000	0.0000	0.0000	0.0000	0.0000	0.0000	0.0000	0.0000	0.0000	0.0000	0.0000	0.0000	0.0000	0.0000	0.0000	0.0000	0.0000	0.0000	0.0000	0.0000	0.0000	0.0000	0.0000	0.0000	0.0000											
26	54	0.1494	9	0	1	0	1	0	0	0	0	N	N	N	N	N	N	N	N	N	N	N	N	0.0000	0.0000	0.0000	0.0000	0.0000	0.0000	0.0000	0.0000	0.0000	0.0000	0.0000	0.0000	0.0000	0.0000	0.0000	0.0000	0.0000	0.0000	0.0000	0.0000	0.0000	0.0000	0.0000	2.9157	0.0000	0.0000	0.0000	0.0000	0.0000	0.0000	0.0000	0.0000	0.0000	0.0000	0.0000	0.0000	0.0000	0.0000	0.0000	0.0000	0.0000	0.0000	0.0000	0.0000	0.0000	0.0000	0.0000	0.0000	0.0000	0.0000	0.0000	0.0000	0.0000	0.0000	0.0000	0.0000	0.0000	0.0000	0.0000	0.0000	0.0000	0.0000	0.0000	0.0000	0.0000	0.0000	0.0000	0.0000	0.0000	0.0000	0.0000	0.0000	0.0000	0.0000	0.0000	0.0000	0.0000	0.0000											
26	55	0.7216	13	0	2	0	1	0	0	0	0	N	Y	N	N	N	N	N	N	N	N	N	N	0.0000	0.0000	0.0000	0.0000	0.0000	0.0000	0.0000	0.0000	0.0000	0.0000	0.0000	0.0000	0.0000	0.0000	0.0000	0.0000	0.0000	0.0000	0.0000	0.0000	0.0000	2.0000	0.0000	3.0000	0.0000	0.0000	0.0000	0.0000	0.0000	0.0000	0.0000	0.0000	0.0000	0.0000	0.0000	0.0000	0.0000	0.0000	0.0000	0.0000	0.0000	0.0000	0.0000	0.0000	0.0000	0.0000	0.0000	0.0000	0.0000	0.0000	0.0000	0.0000	0.0000	0.0000	0.0000	0.0000	0.0000	0.0000	0.0000	0.0000	0.0000	0.0000	0.0000	0.0000	0.0000	0.0000	0.0000	0.0000	0.0000	0.0000	0.0000	0.0000	0.0000	0.0000	0.0000	0.0000	0.0000	0.0000											
26	56	0.1416	8	0	2	0	2	0	0	0	0	N	Y	N	Y	N	N	N	N	N	N	N	N	0.0000	0.0000	0.0000	0.0000	0.0000	0.0000	0.0000	0.0000	0.0000	0.0000	0.0000	0.0000	0.0000	0.0000	0.0000	0.0000	0.0000	0.0000	0.0000	0.0000	0.0000	1.7218	0.0000	6.9557	0.0000	0.0000	0.0000	0.0000	0.0000	0.0000	0.0000	0.0000	0.0000	0.0000	0.0000	0.0000	0.0000	0.0000	0.0000	0.0000	0.0000	0.0000	0.0000	0.0000	0.0000	0.0000	0.0000	0.0000	0.0000	0.0000	0.0000	0.0000	0.0000	0.0000	0.0000	0.0000	0.0000	0.0000	0.0000	0.0000	0.0000	0.0000	0.0000	0.0000	0.0000	0.0000	0.0000	0.0000	0.0000	0.0000	0.0000	0.0000	0.0000	0.0000	0.0000	0.0000	0.0000	0.0000											
26	57	0.1527	8	1	1	1	1	0	0	0	0	N	N	N	N	N	N	N	N	N	N	N	N	0.0000	0.0000	0.0000	0.0000	0.0000	0.0000	0.0000	0.0000	0.0000	0.0000	0.0000	0.0000	0.0000	0.0000	0.0000	0.0000	0.0000	0.0000	0.0000	0.0000	0.0000	8.9999	0.0000	5.0001	0.0000	0.0000	0.0000	0.0000	0.0000	0.0000	0.0000	0.0000	0.0000	0.0000	0.0000	0.0000	0.0000	0.0000	0.0000	0.0000	0.0000	0.0000	0.0000	0.0000	0.0000	0.0000	0.0000	0.0000	0.0000	0.0000	0.0000	0.0000	0.0000	0.0000	0.0000	0.0000	0.0000	0.0000	0.0000	0.0000	0.0000	0.0000	0.0000	0.0000	0.0000	0.0000	0.0000	0.0000	0.0000	0.0000	0.0000	0.0000	0.0000	0.0000	0.0000	0.0000	0.0000	0.0000											
26	58	0.6676	10	1	1	1	1	0	0	0	0	N	N	N	N	N	N	N	N	N	N	N	N	0.0000	0.0000	0.0000	0.0000	0.0000	0.0000	0.0000	0.0000	0.0000	0.0000	0.0000	0.0000	0.0000	0.0000	0.0000	0.0000	0.0000	0.0000	0.0000	0.0000	0.0000	0.0000	0.0000	1.0000	0.0000	0.0000	0.0000	0.0000	0.0000	0.0000	0.0000	0.0000	0.0000	0.0000	0.0000	0.0000	0.0000	0.0000	0.0000	0.0000	0.0000	0.0000	0.0000	0.0000	0.0000	0.0000	0.0000	0.0000	0.0000	0.0000	0.0000	0.0000	0.0000	0.0000	0.0000	0.0000	0.0000	0.0000	0.0000	0.0000	0.0000	0.0000	0.0000	0.0000	0.0000	0.0000	0.0000	0.0000	0.0000	0.0000	0.0000	0.0000	0.0000	0.0000	0.0000	0.0000	0.0000	0.0000											
26	59	0.1782	9	0	1	1	1	0	0	0	0	N	N	N	N	N	N	N	N	N	N	N	N	0.0000	0.0000	0.0000	0.0000	0.0000	0.0000	0.0000	0.0000	0.0000	0.0000	0.0000	0.0000	0.0000	0.0000	0.0000	0.0000	0.0000	0.0000	0.0000	0.0000	0.0000	0.0006	0.0000	1.1867	0.0000	0.0000	0.0000	0.0000	0.0000	0.0000	0.0000	0.0000	0.0000	0.0000	0.0000	0.0000	0.0000	0.0000	0.0000	0.0000	0.0000	0.0000	0.0000	0.0000	0.0000	0.0000	0.0000	0.0000	0.0000	0.0000	0.0000	0.0000	0.0000	0.0000	0.0000	0.0000	0.0000	0.0000	0.0000	0.0000	0.0000	0.0000	0.0000	0.0000	0.0000	0.0000	0.0000	0.0000	0.0000	0.0000	0.0000	0.0000	0.0000	0.0000	0.0000	0.0000	0.0000	0.0000											
26	60	0.1416	8	0	1	0	1	0	0	0	0	N	N	N	N	N	N	N	N	N	N	N	N	0.0000	0.0000	0.0000	0.0000	0.0000	0.0000	0.0000	0.0000	0.0000	0.0000	0.0000	0.0000	0.0000	0.0000	0.0000	0.0000	0.0000	0.0000	0.0000	0.0000	0.0000	2.2785	0.0000	4.8627	0.0000	0.0000	0.0000	0.0000	0.0000	0.0000	0.0000	0.0000	0.0000	0.0000	0.0000	0.0000	0.0000	0.0000	0.0000	0.0000	0.0000	0.0000	0.0000	0.0000	0.0000	0.0000	0.0000	0.0000	0.0000	0.0000	0.0000	0.0000	0.0000	0.0000	0.0000	0.0000	0.0000	0.0000	0.0000	0.0000	0.0000	0.0000	0.0000	0.0000	0.0000	0.0000	0.0000	0.0000	0.0000	0.0000	0.0000	0.0000	0.0000	0.0000	0.0000	0.0000	0.0000	0.0000											
26	61	0.7456	14	0	1	1	1	0	0	0	0	N	N	N	N	N	N	N	N	N	N	N	N	0.0000	0.0000	0.0000	0.0000	0.0000	0.0000	0.0000	0.0000	0.0000	0.0000	0.0000	0.0000	0.0000	0.0000	0.0000	0.0000	0.0000	0.0000	0.0000	0.0000	0.0000	1.0901	0.0000	7.9319	0.0000	0.0000	0.0000	0.0000	0.0000	0.0000	0.0000	0.0000	0.0000	0.0000	0.0000	0.0000	0.0000	0.0000	0.0000	0.0000	0.0000	0.0000	0.0000	0.0000	0.0000	0.0000	0.0000	0.0000	0.0000	0.0000	0.0000	0.0000	0.0000	0.0000	0.0000	0.0000	0.0000	0.0000	0.0000	0.0000	0.0000	0.0000	0.0000	0.0000	0.0000	0.0000	0.0000	0.0000	0.0000	0.0000	0.0000	0.0000	0.0000	0.0000	0.0000	0.0000	0.0000	0.0000											
26	62	0.7155	13	0	1	0	1	0	0	0	0	N	N	N	N	N	N	N	N	N	N	N	N	0.0000	0.0000	0.0000	0.0000	0.0000	0.0000	0.0000	0.0000	0.0000	0.0000	0.0000	0.0000	0.0000	0.0000	0.0000	0.0000	0.0000	0.0000	0.0000	0.0000	0.0000	1.6797	0.0000	2.9843	0.0000	0.0000	0.0000	0.0000	0.0000	0.0000	0.0000	0.0000	0.0000	0.0000	0.0000	0.0000	0.0000	0.0000	0.0000	0.0000	0.0000	0.0000	0.0000	0.0000	0.0000	0.0000	0.0000	0.0000	0.0000	0.0000	0.0000	0.0000	0.0000	0.0000	0.0000	0.0000	0.0000	0.0000	0.0000	0.0000	0.0000	0.0000	0.0000	0.0000	0.0000	0.0000	0.0000	0.0000	0.0000	0.0000	0.0000	0.0000	0.0000	0.0000	0.0000	0.0000	0.0000	0.0000											
26	63	0.7054	12	0	1	0	1	0	0	0	0	N	N	N	N	N	N	N	N	N	N	N	N	0.0000	0.0000	0.0000	0.0000	0.0000	0.0000	0.0000	0.0000	0.0000	0.0000	0.0000	0.0000	0.0000	0.0000	0.0000	0.0000	0.0000	0.0000	0.0000	0.0000	0.0000	0.4935	0.0000	1.5835	0.0000	0.0000	0.0000	0.0000	0.0000	0.0000	0.0000	0.0000	0.0000	0.0000	0.0000	0.0000	0.0000	0.0000	0.0000	0.0000	0.0000	0.0000	0.0000	0.0000	0.0000	0.0000	0.0000	0.0000	0.0000	0.0000	0.0000	0.0000	0.0000	0.0000	0.0000	0.0000	0.0000	0.0000	0.0000	0.0000	0.0000	0.0000	0.0000	0.0000	0.0000	0.0000	0.0000	0.0000	0.0000	0.0000	0.0000	0.0000	0.0000	0.0000	0.0000	0.0000	0.0000	0.0000											
26	64	0.7423	14	0	2	0	1	0	0	0	0	N	Y	N	N	N	N	N	N	N	N	N	N	0.0000	0.0000	0.0000	0.0000	0.0000	0.0000	0.0000	0.0000	0.0000	0.0000	0.0000	0.0000	0.0000	0.0000	0.0000	0.0000	0.0000	0.0000	0.0000	0.0000	0.0000	0.2944	0.0000	1.0083	0.0000	0.0000	0.0000	0.0000	0.0000	0.0000	0.0000	0.0000	0.0000	0.0000	0.0000	0.0000	0.0000	0.0000	0.0000	0.0000	0.0000	0.0000	0.0000	0.0000	0.0000	0.0000	0.0000	0.0000	0.0000	0.0000	0.0000	0.0000	0.0000	0.0000	0.0000	0.0000	0.0000	0.0000	0.0000	0.0000	0.0000	0.0000	0.0000	0.0000	0.0000	0.0000	0.0000	0.0000	0.0000	0.0000	0.0000	0.0000	0.0000	0.0000	0.0000	0.0000	0.0000	0.0000											
26	65	0.7216	13	0	1	0	1	0	0	0	0	N	N	N	N	N	N	N	N	N	N	N	N	0.0000	0.0000	0.0000	0.0000	0.0000	0.0000	0.0000	0.0000	0.0000	0.0000	0.0000	0.0000	0.0000	0.0000	0.0000	0.0000	0.0000	0.0000	0.0000	0.0000	0.0000	1.1351	0.0000	2.0429	0.0000	0.0000	0.0000	0.0000	0.0000	0.0000	0.0000	0.0000	0.0000	0.0000	0.0000	0.0000	0.0000	0.0000	0.0000	0.0000	0.0000	0.0000	0.0000	0.0000	0.0000	0.0000	0.0000	0.0000	0.0000	0.0000	0.0000	0.0000	0.0000	0.0000	0.0000	0.0000	0.0000	0.0000	0.0000	0.0000	0.0000	0.0000	0.0000	0.0000	0.0000	0.0000	0.0000	0.0000	0.0000	0.0000	0.0000	0.0000	0.0000	0.0000	0.0000	0.0000	0.0000	0.0000											
26	66	0.7054	12	0	1	0	1	0	0	0	0	N	N	N	N	N	N	N	N	N	N	N	N	0.0000	0.0000	0.0000	0.0000	0.0000	0.0000	0.0000	0.0000	0.0000	0.0000	0.0000	0.0000	0.0000	0.0000	0.0000	0.0000	0.0000	0.0000	0.0000	0.0000	0.0000	0.4912	0.0000	2.4266	0.0000	0.0000	0.0000	0.0000	0.0000	0.0000	0.0000	0.0000	0.0000	0.0000	0.0000	0.0000	0.0000	0.0000	0.0000	0.0000	0.0000	0.0000	0.0000	0.0000	0.0000	0.0000	0.0000	0.0000	0.0000	0.0000	0.0000	0.0000	0.0000	0.0000	0.0000	0.0000	0.0000	0.0000	0.0000	0.0000	0.0000	0.0000	0.0000	0.0000	0.0000	0.0000	0.0000	0.0000	0.0000	0.0000	0.0000	0.0000	0.0000	0.0000	0.0000	0.0000	0.0000	0.0000											
26	67	0.7002	11	0	1	0	1	0	0	0	0	N	N	N	N	N	N	N	N	N	N	N	N	0.0000	0.0000	0.0000	0.0000	0.0000	0.0000	0.0000	0.0000	0.0000	0.0000	0.0000	0.0000	0.0000	0.0000	0.0000	0.0000	0.0000	0.0000	0.0000	0.0000	0.0000	0.6141	0.0000	1.2701	0.0000	0.0000	0.0000	0.0000	0.0000	0.0000	0.0000	0.0000	0.0000	0.0000	0.0000	0.0000	0.0000	0.0000	0.0000	0.0000	0.0000	0.0000	0.0000	0.0000	0.0000	0.0000	0.0000	0.0000	0.0000	0.0000	0.0000	0.0000	0.0000	0.0000	0.0000	0.0000	0.0000	0.0000	0.0000	0.0000	0.0000	0.0000	0.0000	0.0000	0.0000	0.0000	0.0000	0.0000	0.0000	0.0000	0.0000	0.0000	0.0000	0.0000	0.0000	0.0000	0.0000	0.0000											
26	68	0.6676	10	1	2	1	1	0	0	0	0	N	Y	N	N	N	N	N	N	N	N	N	N	0.0000	0.0000	0.0000	0.0000	0.0000	0.0000	0.0000	0.0000	0.0000	0.0000	0.0000	0.0000	0.0000	0.0000	0.0000	0.0000	0.0000	0.0000	0.0000	0.0000	0.0000	0.0000	0.0000	0.0000	0.0000	0.0000	0.0000	0.0000	0.0000	0.0000	0.0000	0.0000	0.0000	0.0000	0.0000	0.0000	0.0000	0.0000	0.0000	0.0000	0.0000	0.0000	0.0000	0.0000	0.0000	0.0000	0.0000	0.0000	0.0000	0.0000	0.0000	0.0000	0.0000	0.0000	0.0000	0.0000	0.0000	0.0000	0.0000	0.0000	0.0000	0.0000	0.0000	0.0000	0.0000	0.0000	0.0000	0.0000	0.0000	0.0000	0.0000	0.0000	0.0000	0.0000	0.0000	0.0000	0.0000	0.0000											
26	69	0.1980	10	1	2	1	1	0	0	0	0	N	Y	N	N	N	N	N	N	N	N	N	N	0.0000	0.0000	0.0000	0.0000	0.0000	0.0000	0.0000	0.0000	0.0000	0.0000	0.0000	0.0000	0.0000	0.0000	0.0000	0.0000	0.0000	0.0000	0.0000	0.0000	0.0000	1.0000	0.0000	0.0000	0.0000	0.0000	0.0000	0.0000	0.0000	0.0000	0.0000	0.0000	0.0000	0.0000	0.0000	0.0000	0.0000	0.0000	0.0000	0.0000	0.0000	0.0000	0.0000	0.0000	0.0000	0.0000	0.0000	0.0000	0.0000	0.0000	0.0000	0.0000	0.0000	0.0000	0.0000	0.0000	0.0000	0.0000	0.0000	0.0000	0.0000	0.0000	0.0000	0.0000	0.0000	0.0000	0.0000	0.0000	0.0000	0.0000	0.0000	0.0000	0.0000	0.0000	0.0000	0.0000	0.0000	0.0000											
26	70	0.1980	10	1	2	1	1	0	0	0	0	N	Y	N	N	N	N	N	N	N	N	N	N	0.0000	0.0000	0.0000	0.0000	0.0000	0.0000	0.0000	0.0000	0.0000	0.0000	0.0000	0.0000	0.0000	0.0000	0.0000	0.0000	0.0000	0.0000	0.0000	0.0000	0.0000	0.0000	0.0000	0.0000	0.0000	0.0000	0.0000	0.0000	0.0000	0.0000	0.0000	0.0000	0.0000	0.0000	0.0000	0.0000	0.0000	0.0000	0.0000	0.0000	0.0000	0.0000	0.0000	0.0000	0.0000	0.0000	0.0000	0.0000	0.0000	0.0000	0.0000	0.0000	0.0000	0.0000	0.0000	0.0000	0.0000	0.0000	0.0000	0.0000	0.0000	0.0000	0.0000	0.0000	0.0000	0.0000	0.0000	0.0000	0.0000	0.0000	0.0000	0.0000	0.0000	0.0000	0.0000	0.0000	0.0000	0.0000											
26	71	0.1757	9	1	2	1	1	0	0	0	0	N	Y	N	N	N	N	N	N	N	N	N	N	0.0000	0.0000	0.0000	0.0000	0.0000	0.0000	0.0000	0.0000	0.0000	0.0000	0.0000	0.0000	0.0000	0.0000	0.0000	0.0000	0.0000	0.0000	0.0000	0.0000	0.0000	2.0000	0.0000	1.0000	0.0000	0.0000	0.0000	0.0000	0.0000	0.0000	0.0000	0.0000	0.0000	0.0000	0.0000	0.0000	0.0000	0.0000	0.0000	0.0000	0.0000	0.0000	0.0000	0.0000	0.0000	0.0000	0.0000	0.0000	0.0000	0.0000	0.0000	0.0000	0.0000	0.0000	0.0000	0.0000	0.0000	0.0000	0.0000	0.0000	0.0000	0.0000	0.0000	0.0000	0.0000	0.0000	0.0000	0.0000	0.0000	0.0000	0.0000	0.0000	0.0000	0.0000	0.0000	0.0000	0.0000	0.0000											
26	72	0.1527	8	1	1	1	1	0	0	0	0	N	N	N	N	N	N	N	N	N	N	N	N	0.0000	0.0000	0.0000	0.0000	0.0000	0.0000	0.0000	0.0000	0.0000	0.0000	0.0000	0.0000	0.0000	0.0000	0.0000	0.0000	0.0000	0.0000	0.0000	0.0000	0.0000	1.0017	0.0000	2.0007	0.0000	0.0000	0.0000	0.0000	0.0000	0.0000	0.0000	0.0000	0.0000	0.0000	0.0000	0.0000	0.0000	0.0000	0.0000	0.0000	0.0000	0.0000	0.0000	0.0000	0.0000	0.0000	0.0000	0.0000	0.0000	0.0000	0.0000	0.0000	0.0000	0.0000	0.0000	0.0000	0.0000	0.0000	0.0000	0.0000	0.0000	0.0000	0.0000	0.0000	0.0000	0.0000	0.0000	0.0000	0.0000	0.0000	0.0000	0.0000	0.0000	0.0000	0.0000	0.0000	0.0000	0.0000											
26	73	0.6868	11	1	2	0	1	0	0	0	0	N	Y	N	N	N	N	N	N	N	N	N	N	0.0000	0.0000	0.0000	0.0000	0.0000	0.0000	0.0000	0.0000	0.0000	0.0000	0.0000	0.0000	0.0000	0.0000	0.0000	0.0000	0.0000	0.0000	0.0000	0.0000	0.0000	0.0000	0.0000	0.0000	0.0000	0.0000	0.0000	0.0000	0.0000	0.0000	0.0000	0.0000	0.0000	0.0000	0.0000	0.0000	0.0000	0.0000	0.0000	0.0000	0.0000	0.0000	0.0000	0.0000	0.0000	0.0000	0.0000	0.0000	0.0000	0.0000	0.0000	0.0000	0.0000	0.0000	0.0000	0.0000	0.0000	0.0000	0.0000	0.0000	0.0000	0.0000	0.0000	0.0000	0.0000	0.0000	0.0000	0.0000	0.0000	0.0000	0.0000	0.0000	0.0000	0.0000	0.0000	0.0000	0.0000	0.0000											
26	74	0.0789	7	1	2	0	1	0	0	0	0	N	Y	N	N	N	N	N	N	N	N	N	N	0.0000	0.0000	0.0000	0.0000	0.0000	0.0000	0.0000	0.0000	0.0000	0.0000	0.0000	0.0000	0.0000	0.0000	0.0000	0.0000	0.0000	0.0000	0.0000	0.0000	0.0000	0.0000	0.0000	0.0010	0.0000	0.0000	0.0000	0.0000	0.0000	0.0000	0.0000	0.0000	0.0000	0.0000	0.0000	0.0000	0.0000	0.0000	0.0000	0.0000	0.0000	0.0000	0.0000	0.0000	0.0000	0.0000	0.0000	0.0000	0.0000	0.0000	0.0000	0.0000	0.0000	0.0000	0.0000	0.0000	0.0000	0.0000	0.0000	0.0000	0.0000	0.0000	0.0000	0.0000	0.0000	0.0000	0.0000	0.0000	0.0000	0.0000	0.0000	0.0000	0.0000	0.0000	0.0000	0.0000	0.0000	0.0000											
26	75	0.1688	11	0	2	0	2	0	0	0	0	N	Y	N	Y	N	N	N	N	N	N	N	N	0.0000	0.0000	0.0000	0.0000	0.0000	0.0000	0.0000	0.0000	0.0000	0.0000	0.0000	0.0000	0.0000	0.0000	0.0000	0.0000	0.0000	0.0000	0.0000	0.0000	0.0000	0.0000	0.0000	0.0000	0.0000	0.0000	0.0000	0.0000	0.0000	0.0000	0.0000	0.0000	0.0000	0.0000	0.0000	0.0000	0.0000	0.0000	0.0000	0.0000	0.0000	0.0000	0.0000	0.0000	0.0000	0.0000	0.0000	0.0000	0.0000	0.0000	0.0000	0.0000	0.0000	0.0000	0.0000	0.0000	0.0000	0.0000	0.0000	0.0000	0.0000	0.0000	0.0000	0.0000	0.0000	0.0000	0.0000	0.0000	0.0000	0.0000	0.0000	0.0000	0.0000	0.0000	0.0000	0.0000	0.0000	0.0000											
26	76	0.1688	11	0	1	0	2	0	0	0	0	N	N	N	Y	N	N	N	N	N	N	N	N	0.0000	0.0000	0.0000	0.0000	0.0000	0.0000	0.0000	0.0000	0.0000	0.0000	0.0000	0.0000	0.0000	0.0000	0.0000	0.0000	0.0000	0.0000	0.0000	0.0000	0.0000	0.0000	0.0000	0.0000	0.0000	0.0000	0.0000	0.0000	0.0000	0.0000	0.0000	0.0000	0.0000	0.0000	0.0000	0.0000	0.0000	0.0000	0.0000	0.0000	0.0000	0.0000	0.0000	0.0000	0.0000	0.0000	0.0000	0.0000	0.0000	0.0000	0.0000	0.0000	0.0000	0.0000	0.0000	0.0000	0.0000	0.0000	0.0000	0.0000	0.0000	0.0000	0.0000	0.0000	0.0000	0.0000	0.0000	0.0000	0.0000	0.0000	0.0000	0.0000	0.0000	0.0000	0.0000	0.0000	0.0000	0.0000											
26	77	0.1535	10	0	1	0	2	0	0	0	0	N	N	N	Y	N	N	N	N	N	N	N	N	0.0000	0.0000	0.0000	0.0000	0.0000	0.0000	0.0000	0.0000	0.0000	0.0000	0.0000	0.0000	0.0000	0.0000	0.0000	0.0000	0.0000	0.0000	0.0000	0.0000	0.0000	0.0002	0.0000	2.9297	0.0000	0.0000	0.0000	0.0000	0.0000	0.0000	0.0000	0.0000	0.0000	0.0000	0.0000	0.0000	0.0000	0.0000	0.0000	0.0000	0.0000	0.0000	0.0000	0.0000	0.0000	0.0000	0.0000	0.0000	0.0000	0.0000	0.0000	0.0000	0.0000	0.0000	0.0000	0.0000	0.0000	0.0000	0.0000	0.0000	0.0000	0.0000	0.0000	0.0000	0.0000	0.0000	0.0000	0.0000	0.0000	0.0000	0.0000	0.0000	0.0000	0.0000	0.0000	0.0000	0.0000	0.0000											
26	78	0.1494	9	0	1	0	2	0	0	0	0	N	N	N	Y	N	N	N	N	N	N	N	N	0.0000	0.0000	0.0000	0.0000	0.0000	0.0000	0.0000	0.0000	0.0000	0.0000	0.0000	0.0000	0.0000	0.0000	0.0000	0.0000	0.0000	0.0000	0.0000	0.0000	0.0000	0.0003	0.0000	2.1916	0.0000	0.0000	0.0000	0.0000	0.0000	0.0000	0.0000	0.0000	0.0000	0.0000	0.0000	0.0000	0.0000	0.0000	0.0000	0.0000	0.0000	0.0000	0.0000	0.0000	0.0000	0.0000	0.0000	0.0000	0.0000	0.0000	0.0000	0.0000	0.0000	0.0000	0.0000	0.0000	0.0000	0.0000	0.0000	0.0000	0.0000	0.0000	0.0000	0.0000	0.0000	0.0000	0.0000	0.0000	0.0000	0.0000	0.0000	0.0000	0.0000	0.0000	0.0000	0.0000	0.0000	0.0000											
26	79	0.1416	8	0	1	0	1	0	0	0	0	N	N	N	N	N	N	N	N	N	N	N	N	0.0000	0.0000	0.0000	0.0000	0.0000	0.0000	0.0000	0.0000	0.0000	0.0000	0.0000	0.0000	0.0000	0.0000	0.0000	0.0000	0.0000	0.0000	0.0000	0.0000	0.0000	0.2782	0.0000	1.3600	0.0000	0.0000	0.0000	0.0000	0.0000	0.0000	0.0000	0.0000	0.0000	0.0000	0.0000	0.0000	0.0000	0.0000	0.0000	0.0000	0.0000	0.0000	0.0000	0.0000	0.0000	0.0000	0.0000	0.0000	0.0000	0.0000	0.0000	0.0000	0.0000	0.0000	0.0000	0.0000	0.0000	0.0000	0.0000	0.0000	0.0000	0.0000	0.0000	0.0000	0.0000	0.0000	0.0000	0.0000	0.0000	0.0000	0.0000	0.0000	0.0000	0.0000	0.0000	0.0000	0.0000	0.0000											
26	80	0.1853	10	0	2	1	1	0	0	0	0	N	Y	N	N	N	N	N	N	N	N	N	N	0.0000	0.0000	0.0000	0.0000	0.0000	0.0000	0.0000	0.0000	0.0000	0.0000	0.0000	0.0000	0.0000	0.0000	0.0000	0.0000	0.0000	0.0000	0.0000	0.0000	0.0000	0.0029	0.0000	2.0135	0.0000	0.0000	0.0000	0.0000	0.0000	0.0000	0.0000	0.0000	0.0000	0.0000	0.0000	0.0000	0.0000	0.0000	0.0000	0.0000	0.0000	0.0000	0.0000	0.0000	0.0000	0.0000	0.0000	0.0000	0.0000	0.0000	0.0000	0.0000	0.0000	0.0000	0.0000	0.0000	0.0000	0.0000	0.0000	0.0000	0.0000	0.0000	0.0000	0.0000	0.0000	0.0000	0.0000	0.0000	0.0000	0.0000	0.0000	0.0000	0.0000	0.0000	0.0000	0.0000	0.0000	0.0000											
26	81	0.1787	9	0	2	0	1	0	0	0	0	N	Y	N	N	N	N	N	N	N	N	N	N	0.0000	0.0000	0.0000	0.0000	0.0000	0.0000	0.0000	0.0000	0.0000	0.0000	0.0000	0.0000	0.0000	0.0000	0.0000	0.0000	0.0000	0.0000	0.0000	0.0000	0.0000	0.6188	0.0000	0.9475	0.0000	0.0000	0.0000	0.0000	0.0000	0.0000	0.0000	0.0000	0.0000	0.0000	0.0000	0.0000	0.0000	0.0000	0.0000	0.0000	0.0000	0.0000	0.0000	0.0000	0.0000	0.0000	0.0000	0.0000	0.0000	0.0000	0.0000	0.0000	0.0000	0.0000	0.0000	0.0000	0.0000	0.0000	0.0000	0.0000	0.0000	0.0000	0.0000	0.0000	0.0000	0.0000	0.0000	0.0000	0.0000	0.0000	0.0000	0.0000	0.0000	0.0000	0.0000	0.0000	0.0000	0.0000											
26	82	0.6900	11	0	2	1	1	0	0	0	0	N	Y	N	N	N	N	N	N	N	N	N	N	0.0000	0.0000	0.0000	0.0000	0.0000	0.0000	0.0000	0.0000	0.0000	0.0000	0.0000	0.0000	0.0000	0.0000	0.0000	0.0000	0.0000	0.0000	0.0000	0.0000	0.0000	0.0000	0.0000	1.0000	0.0000	0.0000	0.0000	0.0000	0.0000	0.0000	0.0000	0.0000	0.0000	0.0000	0.0000	0.0000	0.0000	0.0000	0.0000	0.0000	0.0000	0.0000	0.0000	0.0000	0.0000	0.0000	0.0000	0.0000	0.0000	0.0000	0.0000	0.0000	0.0000	0.0000	0.0000	0.0000	0.0000	0.0000	0.0000	0.0000	0.0000	0.0000	0.0000	0.0000	0.0000	0.0000	0.0000	0.0000	0.0000	0.0000	0.0000	0.0000	0.0000	0.0000	0.0000	0.0000	0.0000	0.0000											
26	83	0.1527	8	1	1	1	1	0	0	0	0	N	N	N	N	N	N	N	N	N	N	N	N	0.0000	0.0000	0.0000	0.0000	0.0000	0.0000	0.0000	0.0000	0.0000	0.0000	0.0000	0.0000	0.0000	0.0000	0.0000	0.0000	0.0000	0.0000	0.0000	0.0000	0.0000	9.0001	0.0000	3.0001	0.0000	0.0000	0.0000	0.0000	0.0000	0.0000	0.0000	0.0000	0.0000	0.0000	0.0000	0.0000	0.0000	0.0000	0.0000	0.0000	0.0000	0.0000	0.0000	0.0000	0.0000	0.0000	0.0000	0.0000	0.0000	0.0000	0.0000	0.0000	0.0000	0.0000	0.0000	0.0000	0.0000	0.0000	0.0000	0.0000	0.0000	0.0000	0.0000	0.0000	0.0000	0.0000	0.0000	0.0000	0.0000	0.0000	0.0000	0.0000	0.0000	0.0000	0.0000	0.0000	0.0000	0.0000											
26	84	0.6676	10	1	1	1	1	0	0	0	0	N	N	N	N	N	N	N	N	N	N	N	N	0.0000	0.0000	0.0000	0.0000	0.0000	0.0000	0.0000	0.0000	0.0000	0.0000	0.0000	0.0000	0.0000	0.0000	0.0000	0.0000	0.0000	0.0000	0.0000	0.0000	0.0000	4.0000	0.0000	0.0000	0.0000	0.0000	0.0000	0.0000	0.0000	0.0000	0.0000	0.0000	0.0000	0.0000	0.0000	0.0000	0.0000	0.0000	0.0000	0.0000	0.0000	0.0000	0.0000	0.0000	0.0000	0.0000	0.0000	0.0000	0.0000	0.0000	0.0000	0.0000	0.0000	0.0000	0.0000	0.0000	0.0000	0.0000	0.0000	0.0000	0.0000	0.0000	0.0000	0.0000	0.0000	0.0000	0.0000	0.0000	0.0000	0.0000	0.0000	0.0000	0.0000	0.0000	0.0000	0.0000	0.0000	0.0000											
26	85	0.7137	11	1	2	0	1	0	0	0	0	N	Y	N	N	N	N	N	N	N	N	N	N	0.0000	0.0000	0.0000	0.0000	0.0000	0.0000	0.0000	0.0000	0.0000	0.0000	0.0000	0.0000	0.0000	0.0000	0.0000	0.0000	0.0000	0.0000	0.0000	0.0000	0.0000	1.0086	0.0000	1.7435	0.0000	0.0000	0.0000	0.0000	0.0000	0.0000	0.0000	0.0000	0.0000	0.0000	0.0000	0.0000	0.0000	0.0000	0.0000	0.0000	0.0000	0.0000	0.0000	0.0000	0.0000	0.0000	0.0000	0.0000	0.0000	0.0000	0.0000	0.0000	0.0000	0.0000	0.0000	0.0000	0.0000	0.0000	0.0000	0.0000	0.0000	0.0000	0.0000	0.0000	0.0000	0.0000	0.0000	0.0000	0.0000	0.0000	0.0000	0.0000	0.0000	0.0000	0.0000	0.0000	0.0000	0.0000											
26	86	0.6676	10	1	2	0	1	0	0	0	0	N	Y	N	N	N	N	N	N	N	N	N	N	0.0000	0.0000	0.0000	0.0000	0.0000	0.0000	0.0000	0.0000	0.0000	0.0000	0.0000	0.0000	0.0000	0.0000	0.0000	0.0000	0.0000	0.0000	0.0000	0.0000	0.0000	1.0165	0.0000	4.1395	0.0000	0.0000	0.0000	0.0000	0.0000	0.0000	0.0000	0.0000	0.0000	0.0000	0.0000	0.0000	0.0000	0.0000	0.0000	0.0000	0.0000	0.0000	0.0000	0.0000	0.0000	0.0000	0.0000	0.0000	0.0000	0.0000	0.0000	0.0000	0.0000	0.0000	0.0000	0.0000	0.0000	0.0000	0.0000	0.0000	0.0000	0.0000	0.0000	0.0000	0.0000	0.0000	0.0000	0.0000	0.0000	0.0000	0.0000	0.0000	0.0000	0.0000	0.0000	0.0000	0.0000	0.0000											
26	87	0.1115	7	1	2	0	1	0	0	0	0	N	Y	N	N	N	N	N	N	N	N	N	N	0.0000	0.0000	0.0000	0.0000	0.0000	0.0000	0.0000	0.0000	0.0000	0.0000	0.0000	0.0000	0.0000	0.0000	0.0000	0.0000	0.0000	0.0000	0.0000	0.0000	0.0000	9.0005	0.0000	5.0000	0.0000	0.0000	0.0000	0.0000	0.0000	0.0000	0.0000	0.0000	0.0000	0.0000	0.0000	0.0000	0.0000	0.0000	0.0000	0.0000	0.0000	0.0000	0.0000	0.0000	0.0000	0.0000	0.0000	0.0000	0.0000	0.0000	0.0000	0.0000	0.0000	0.0000	0.0000	0.0000	0.0000	0.0000	0.0000	0.0000	0.0000	0.0000	0.0000	0.0000	0.0000	0.0000	0.0000	0.0000	0.0000	0.0000	0.0000	0.0000	0.0000	0.0000	0.0000	0.0000	0.0000	0.0000											
26	88	0.6900	11	0	2	0	1	0	0	0	0	N	Y	N	N	N	N	N	N	N	N	N	N	0.0000	0.0000	0.0000	0.0000	0.0000	0.0000	0.0000	0.0000	0.0000	0.0000	0.0000	0.0000	0.0000	0.0000	0.0000	0.0000	0.0000	0.0000	0.0000	0.0000	0.0000	0.0000	0.0000	0.0000	0.0000	0.0000	0.0000	0.0000	0.0000	0.0000	0.0000	0.0000	0.0000	0.0000	0.0000	0.0000	0.0000	0.0000	0.0000	0.0000	0.0000	0.0000	0.0000	0.0000	0.0000	0.0000	0.0000	0.0000	0.0000	0.0000	0.0000	0.0000	0.0000	0.0000	0.0000	0.0000	0.0000	0.0000	0.0000	0.0000	0.0000	0.0000	0.0000	0.0000	0.0000	0.0000	0.0000	0.0000	0.0000	0.0000	0.0000	0.0000	0.0000	0.0000	0.0000	0.0000	0.0000	0.0000											
26	89	0.1787	9	0	2	0	1	0	0	0	0	N	Y	N	N	N	N	N	N	N	N	N	N	0.0000	0.0000	0.0000	0.0000	0.0000	0.0000	0.0000	0.0000	0.0000	0.0000	0.0000	0.0000	0.0000	0.0000	0.0000	0.0000	0.0000	0.0000	0.0000	0.0000	0.0000	1.9953	0.0000	1.0817	0.0000	0.0000	0.0000	0.0000	0.0000	0.0000	0.0000	0.0000	0.0000	0.0000	0.0000	0.0000	0.0000	0.0000	0.0000	0.0000	0.0000	0.0000	0.0000	0.0000	0.0000	0.0000	0.0000	0.0000	0.0000	0.0000	0.0000	0.0000	0.0000	0.0000	0.0000	0.0000	0.0000	0.0000	0.0000	0.0000	0.0000	0.0000	0.0000	0.0000	0.0000	0.0000	0.0000	0.0000	0.0000	0.0000	0.0000	0.0000	0.0000	0.0000	0.0000	0.0000	0.0000	0.0000											
26	90	0.1527	8	0	2	0	1	0	0	0	0	N	Y	N	N	N	N	N	N	N	N	N	N	0.0000	0.0000	0.0000	0.0000	0.0000	0.0000	0.0000	0.0000	0.0000	0.0000	0.0000	0.0000	0.0000	0.0000	0.0000	0.0000	0.0000	0.0000	0.0000	0.0000	0.0000	2.3999	0.0000	4.0713	0.0000	0.0000	0.0000	0.0000	0.0000	0.0000	0.0000	0.0000	0.0000	0.0000	0.0000	0.0000	0.0000	0.0000	0.0000	0.0000	0.0000	0.0000	0.0000	0.0000	0.0000	0.0000	0.0000	0.0000	0.0000	0.0000	0.0000	0.0000	0.0000	0.0000	0.0000	0.0000	0.0000	0.0000	0.0000	0.0000	0.0000	0.0000	0.0000	0.0000	0.0000	0.0000	0.0000	0.0000	0.0000	0.0000	0.0000	0.0000	0.0000	0.0000	0.0000	0.0000	0.0000	0.0000											
26	91	0.1737	9	0	1	1	1	0	0	0	0	N	N	N	N	N	N	N	N	N	N	N	N	0.0000	0.0000	0.0000	0.0000	0.0000	0.0000	0.0000	0.0000	0.0000	0.0000	0.0000	0.0000	0.0000	0.0000	0.0000	0.0000	0.0000	0.0000	0.0000	0.0000	0.0000	0.0000	0.0000	0.0000	0.0000	0.0000	0.0000	0.0000	0.0000	0.0000	0.0000	0.0000	0.0000	0.0000	0.0000	0.0000	0.0000	0.0000	0.0000	0.0000	0.0000	0.0000	0.0000	0.0000	0.0000	0.0000	0.0000	0.0000	0.0000	0.0000	0.0000	0.0000	0.0000	0.0000	0.0000	0.0000	0.0000	0.0000	0.0000	0.0000	0.0000	0.0000	0.0000	0.0000	0.0000	0.0000	0.0000	0.0000	0.0000	0.0000	0.0000	0.0000	0.0000	0.0000	0.0000	0.0000	0.0000	0.0000											
26	92	0.1416	8	0	1	1	1	0	0	0	0	N	N	N	N	N	N	N	N	N	N	N	N	0.0000	0.0000	0.0000	0.0000	0.0000	0.0000	0.0000	0.0000	0.0000	0.0000	0.0000	0.0000	0.0000	0.0000	0.0000	0.0000	0.0000	0.0000	0.0000	0.0000	0.0000	3.7221	0.0000	2.9993	0.0000	0.0000	0.0000	0.0000	0.0000	0.0000	0.0000	0.0000	0.0000	0.0000	0.0000	0.0000	0.0000	0.0000	0.0000	0.0000	0.0000	0.0000	0.0000	0.0000	0.0000	0.0000	0.0000	0.0000	0.0000	0.0000	0.0000	0.0000	0.0000	0.0000	0.0000	0.0000	0.0000	0.0000	0.0000	0.0000	0.0000	0.0000	0.0000	0.0000	0.0000	0.0000	0.0000	0.0000	0.0000	0.0000	0.0000	0.0000	0.0000	0.0000	0.0000	0.0000	0.0000	0.0000											
26	93	0.1115	7	0	1	0	1	0	0	0	0	N	N	N	N	N	N	N	N	N	N	N	N	0.0000	0.0000	0.0000	0.0000	0.0000	0.0000	0.0000	0.0000	0.0000	0.0000	0.0000	0.0000	0.0000	0.0000	0.0000	0.0000	0.0000	0.0000	0.0000	0.0000	0.0000	2.7217	0.0000	3.0458	0.0000	0.0000	0.0000	0.0000	0.0000	0.0000	0.0000	0.0000	0.0000	0.0000	0.0000	0.0000	0.0000	0.0000	0.0000	0.0000	0.0000	0.0000	0.0000	0.0000	0.0000	0.0000	0.0000	0.0000	0.0000	0.0000	0.0000	0.0000	0.0000	0.0000	0.0000	0.0000	0.0000	0.0000	0.0000	0.0000	0.0000	0.0000	0.0000	0.0000	0.0000	0.0000	0.0000	0.0000	0.0000	0.0000	0.0000	0.0000	0.0000	0.0000	0.0000	0.0000	0.0000	0.0000											
26	94	0.1690	9	1	2	0	1	0	0	0	0	N	Y	N	N	N	N	N	N	N	N	N	N	0.0000	0.0000	0.0000	0.0000	0.0000	0.0000	0.0000	0.0000	0.0000	0.0000	0.0000	0.0000	0.0000	0.0000	0.0000	0.0000	0.0000	0.0000	0.0000	0.0000	0.0000	5.9980	0.0000	4.9575	0.0000	0.0000	0.0000	0.0000	0.0000	0.0000	0.0000	0.0000	0.0000	0.0000	0.0000	0.0000	0.0000	0.0000	0.0000	0.0000	0.0000	0.0000	0.0000	0.0000	0.0000	0.0000	0.0000	0.0000	0.0000	0.0000	0.0000	0.0000	0.0000	0.0000	0.0000	0.0000	0.0000	0.0000	0.0000	0.0000	0.0000	0.0000	0.0000	0.0000	0.0000	0.0000	0.0000	0.0000	0.0000	0.0000	0.0000	0.0000	0.0000	0.0000	0.0000	0.0000	0.0000	0.0000											
26	95	0.6900	11	1	2	0	1	0	0	0	0	N	Y	N	N	N	N	N	N	N	N	N	N	0.0000	0.0000	0.0000	0.0000	0.0000	0.0000	0.0000	0.0000	0.0000	0.0000	0.0000	0.0000	0.0000	0.0000	0.0000	0.0000	0.0000	0.0000	0.0000	0.0000	0.0000	0.0000	0.0000	2.0000	0.0000	0.0000	0.0000	0.0000	0.0000	0.0000	0.0000	0.0000	0.0000	0.0000	0.0000	0.0000	0.0000	0.0000	0.0000	0.0000	0.0000	0.0000	0.0000	0.0000	0.0000	0.0000	0.0000	0.0000	0.0000	0.0000	0.0000	0.0000	0.0000	0.0000	0.0000	0.0000	0.0000	0.0000	0.0000	0.0000	0.0000	0.0000	0.0000	0.0000	0.0000	0.0000	0.0000	0.0000	0.0000	0.0000	0.0000	0.0000	0.0000	0.0000	0.0000	0.0000	0.0000	0.0000											
26	96	0.6676	10	0	2	0	1	0	0	0	0	N	Y	N	N	N	N	N	N	N	N	N	N	0.0000	0.0000	0.0000	0.0000	0.0000	0.0000	0.0000	0.0000	0.0000	0.0000	0.0000	0.0000	0.0000	0.0000	0.0000	0.0000	0.0000	0.0000	0.0000	0.0000	0.0000	4.0000	0.0000	0.0000	0.0000	0.0000	0.0000	0.0000	0.0000	0.0000	0.0000	0.0000	0.0000	0.0000	0.0000	0.0000	0.0000	0.0000	0.0000	0.0000	0.0000	0.0000	0.0000	0.0000	0.0000	0.0000	0.0000	0.0000	0.0000	0.0000	0.0000	0.0000	0.0000	0.0000	0.0000	0.0000	0.0000	0.0000	0.0000	0.0000	0.0000	0.0000	0.0000	0.0000	0.0000	0.0000	0.0000	0.0000	0.0000	0.0000	0.0000	0.0000	0.0000	0.0000	0.0000	0.0000	0.0000	0.0000											
26	97	0.1115	7	0	1	0	1	0	0	0	0	N	N	N	N	N	N	N	N	N	N	N	N	0.0000	0.0000	0.0000	0.0000	0.0000	0.0000	0.0000	0.0000	0.0000	0.0000	0.0000	0.0000	0.0000	0.0000	0.0000	0.0000	0.0000	0.0000	0.0000	0.0000	0.0000	3.9994	0.0000	4.0000	0.0000	0.0000	0.0000	0.0000	0.0000	0.0000	0.0000	0.0000	0.0000	0.0000	0.0000	0.0000	0.0000	0.0000	0.0000	0.0000	0.0000	0.0000	0.0000	0.0000	0.0000	0.0000	0.0000	0.0000	0.0000	0.0000	0.0000	0.0000	0.0000	0.0000	0.0000	0.0000	0.0000	0.0000	0.0000	0.0000	0.0000	0.0000	0.0000	0.0000	0.0000	0.0000	0.0000	0.0000	0.0000	0.0000	0.0000	0.0000	0.0000	0.0000	0.0000	0.0000	0.0000	0.0000											
26	98	0.6676	10	0	1	0	1	0	0	0	0	N	N	N	N	N	N	N	N	N	N	N	N	0.0000	0.0000	0.0000	0.0000	0.0000	0.0000	0.0000	0.0000	0.0000	0.0000	0.0000	0.0000	0.0000	0.0000	0.0000	0.0000	0.0000	0.0000	0.0000	0.0000	0.0000	1.0000	0.0000	0.0000	0.0000	0.0000	0.0000	0.0000	0.0000	0.0000	0.0000	0.0000	0.0000	0.0000	0.0000	0.0000	0.0000	0.0000	0.0000	0.0000	0.0000	0.0000	0.0000	0.0000	0.0000	0.0000	0.0000	0.0000	0.0000	0.0000	0.0000	0.0000	0.0000	0.0000	0.0000	0.0000	0.0000	0.0000	0.0000	0.0000	0.0000	0.0000	0.0000	0.0000	0.0000	0.0000	0.0000	0.0000	0.0000	0.0000	0.0000	0.0000	0.0000	0.0000	0.0000	0.0000	0.0000	0.0000											
26	99	0.2225	8	0	1	0	1	0	0	0	0	N	N	N	N	N	N	N	N	N	N	N	N	0.0000	0.0000	0.0000	0.0000	0.0000	0.0000	0.0000	0.0000	0.0000	0.0000	0.0000	0.0000	0.0000	0.0000	0.0000	0.0000	0.0000	0.0000	0.0000	0.0000	0.0000	1.5982	0.0000	11.1970	0.0000	0.0000	0.0000	0.0000	0.0000	0.0000	0.0000	0.0000	0.0000	0.0000	0.0000	0.0000	0.0000	0.0000	0.0000	0.0000	0.0000	0.0000	0.0000	0.0000	0.0000	0.0000	0.0000	0.0000	0.0000	0.0000	0.0000	0.0000	0.0000	0.0000	0.0000	0.0000	0.0000	0.0000	0.0000	0.0000	0.0000	0.0000	0.0000	0.0000	0.0000	0.0000	0.0000	0.0000	0.0000	0.0000	0.0000	0.0000	0.0000	0.0000	0.0000	0.0000	0.0000	0.0000											
26	100	0.1705	10	1	2	1	1	0	0	0	0	N	Y	N	N	N	N	N	N	N	N	N	N	0.0000	0.0000	0.0000	0.0000	0.0000	0.0000	0.0000	0.0000	0.0000	0.0000	0.0000	0.0000	0.0000	0.0000	0.0000	0.0000	0.0000	0.0000	0.0000	0.0000	0.0000	0.0000	0.0000	0.9982	0.0000	0.0000	0.0000	0.0000	0.0000	0.0000	0.0000	0.0000	0.0000	0.0000	0.0000	0.0000	0.0000	0.0000	0.0000	0.0000	0.0000	0.0000	0.0000	0.0000	0.0000	0.0000	0.0000	0.0000	0.0000	0.0000	0.0000	0.0000	0.0000	0.0000	0.0000	0.0000	0.0000	0.0000	0.0000	0.0000	0.0000	0.0000	0.0000	0.0000	0.0000	0.0000	0.0000	0.0000	0.0000	0.0000	0.0000	0.0000	0.0000	0.0000	0.0000	0.0000	0.0000	0.0000											
26	101	0.7023	13	1	2	1	1	0	0	0	0	N	Y	N	N	N	N	N	N	N	N	N	N	0.0000	0.0000	0.0000	0.0000	0.0000	0.0000	0.0000	0.0000	0.0000	0.0000	0.0000	0.0000	0.0000	0.0000	0.0000	0.0000	0.0000	0.0000	0.0000	0.0000	0.0000	0.0000	0.0000	0.0000	0.0000	0.0000	0.0000	0.0000	0.0000	0.0000	0.0000	0.0000	0.0000	0.0000	0.0000	0.0000	0.0000	0.0000	0.0000	0.0000	0.0000	0.0000	0.0000	0.0000	0.0000	0.0000	0.0000	0.0000	0.0000	0.0000	0.0000	0.0000	0.0000	0.0000	0.0000	0.0000	0.0000	0.0000	0.0000	0.0000	0.0000	0.0000	0.0000	0.0000	0.0000	0.0000	0.0000	0.0000	0.0000	0.0000	0.0000	0.0000	0.0000	0.0000	0.0000	0.0000	0.0000	0.0000											
26	102	0.7023	12	1	1	1	1	0	0	0	0	N	N	N	N	N	N	N	N	N	N	N	N	0.0000	0.0000	0.0000	0.0000	0.0000	0.0000	0.0000	0.0000	0.0000	0.0000	0.0000	0.0000	0.0000	0.0000	0.0000	0.0000	0.0000	0.0000	0.0000	0.0000	0.0000	0.0000	0.0000	0.0000	0.0000	0.0000	0.0000	0.0000	0.0000	0.0000	0.0000	0.0000	0.0000	0.0000	0.0000	0.0000	0.0000	0.0000	0.0000	0.0000	0.0000	0.0000	0.0000	0.0000	0.0000	0.0000	0.0000	0.0000	0.0000	0.0000	0.0000	0.0000	0.0000	0.0000	0.0000	0.0000	0.0000	0.0000	0.0000	0.0000	0.0000	0.0000	0.0000	0.0000	0.0000	0.0000	0.0000	0.0000	0.0000	0.0000	0.0000	0.0000	0.0000	0.0000	0.0000	0.0000	0.0000	0.0000											
26	103	0.6962	11	1	1	1	1	0	0	0	0	N	N	N	N	N	N	N	N	N	N	N	N	0.0000	0.0000	0.0000	0.0000	0.0000	0.0000	0.0000	0.0000	0.0000	0.0000	0.0000	0.0000	0.0000	0.0000	0.0000	0.0000	0.0000	0.0000	0.0000	0.0000	0.0000	0.0000	0.0000	1.0091	0.0000	0.0000	0.0000	0.0000	0.0000	0.0000	0.0000	0.0000	0.0000	0.0000	0.0000	0.0000	0.0000	0.0000	0.0000	0.0000	0.0000	0.0000	0.0000	0.0000	0.0000	0.0000	0.0000	0.0000	0.0000	0.0000	0.0000	0.0000	0.0000	0.0000	0.0000	0.0000	0.0000	0.0000	0.0000	0.0000	0.0000	0.0000	0.0000	0.0000	0.0000	0.0000	0.0000	0.0000	0.0000	0.0000	0.0000	0.0000	0.0000	0.0000	0.0000	0.0000	0.0000	0.0000											
26	104	0.1115	7	0	2	0	1	0	0	0	0	N	Y	N	N	N	N	N	N	N	N	N	N	0.0000	0.0000	0.0000	0.0000	0.0000	0.0000	0.0000	0.0000	0.0000	0.0000	0.0000	0.0000	0.0000	0.0000	0.0000	0.0000	0.0000	0.0000	0.0000	0.0000	0.0000	7.9994	0.0000	4.0001	0.0000	0.0000	0.0000	0.0000	0.0000	0.0000	0.0000	0.0000	0.0000	0.0000	0.0000	0.0000	0.0000	0.0000	0.0000	0.0000	0.0000	0.0000	0.0000	0.0000	0.0000	0.0000	0.0000	0.0000	0.0000	0.0000	0.0000	0.0000	0.0000	0.0000	0.0000	0.0000	0.0000	0.0000	0.0000	0.0000	0.0000	0.0000	0.0000	0.0000	0.0000	0.0000	0.0000	0.0000	0.0000	0.0000	0.0000	0.0000	0.0000	0.0000	0.0000	0.0000	0.0000	0.0000											
26	105	0.1739	11	1	1	1	1	0	0	0	0	N	N	N	N	N	N	N	N	N	N	N	N	0.0000	0.0000	0.0000	0.0000	0.0000	0.0000	0.0000	0.0000	0.0000	0.0000	0.0000	0.0000	0.0000	0.0000	0.0000	0.0000	0.0000	0.0000	0.0000	0.0000	0.0000	1.0000	0.0000	1.0005	0.0000	0.0000	0.0000	0.0000	0.0000	0.0000	0.0000	0.0000	0.0000	0.0000	0.0000	0.0000	0.0000	0.0000	0.0000	0.0000	0.0000	0.0000	0.0000	0.0000	0.0000	0.0000	0.0000	0.0000	0.0000	0.0000	0.0000	0.0000	0.0000	0.0000	0.0000	0.0000	0.0000	0.0000	0.0000	0.0000	0.0000	0.0000	0.0000	0.0000	0.0000	0.0000	0.0000	0.0000	0.0000	0.0000	0.0000	0.0000	0.0000	0.0000	0.0000	0.0000	0.0000	0.0000											
26	106	0.1705	10	1	1	1	1	0	0	0	0	N	N	N	N	N	N	N	N	N	N	N	N	0.0000	0.0000	0.0000	0.0000	0.0000	0.0000	0.0000	0.0000	0.0000	0.0000	0.0000	0.0000	0.0000	0.0000	0.0000	0.0000	0.0000	0.0000	0.0000	0.0000	0.0000	0.7249	0.0000	0.0368	0.0000	0.0000	0.0000	0.0000	0.0000	0.0000	0.0000	0.0000	0.0000	0.0000	0.0000	0.0000	0.0000	0.0000	0.0000	0.0000	0.0000	0.0000	0.0000	0.0000	0.0000	0.0000	0.0000	0.0000	0.0000	0.0000	0.0000	0.0000	0.0000	0.0000	0.0000	0.0000	0.0000	0.0000	0.0000	0.0000	0.0000	0.0000	0.0000	0.0000	0.0000	0.0000	0.0000	0.0000	0.0000	0.0000	0.0000	0.0000	0.0000	0.0000	0.0000	0.0000	0.0000	0.0000											
26	107	0.1690	9	1	1	1	1	0	0	0	0	N	N	N	N	N	N	N	N	N	N	N	N	0.0000	0.0000	0.0000	0.0000	0.0000	0.0000	0.0000	0.0000	0.0000	0.0000	0.0000	0.0000	0.0000	0.0000	0.0000	0.0000	0.0000	0.0000	0.0000	0.0000	0.0000	0.4159	0.0000	0.0887	0.0000	0.0000	0.0000	0.0000	0.0000	0.0000	0.0000	0.0000	0.0000	0.0000	0.0000	0.0000	0.0000	0.0000	0.0000	0.0000	0.0000	0.0000	0.0000	0.0000	0.0000	0.0000	0.0000	0.0000	0.0000	0.0000	0.0000	0.0000	0.0000	0.0000	0.0000	0.0000	0.0000	0.0000	0.0000	0.0000	0.0000	0.0000	0.0000	0.0000	0.0000	0.0000	0.0000	0.0000	0.0000	0.0000	0.0000	0.0000	0.0000	0.0000	0.0000	0.0000	0.0000	0.0000											
26	108	0.1527	8	1	1	0	1	0	0	0	0	N	N	N	N	N	N	N	N	N	N	N	N	0.0000	0.0000	0.0000	0.0000	0.0000	0.0000	0.0000	0.0000	0.0000	0.0000	0.0000	0.0000	0.0000	0.0000	0.0000	0.0000	0.0000	0.0000	0.0000	0.0000	0.0000	3.9943	0.0000	0.9974	0.0000	0.0000	0.0000	0.0000	0.0000	0.0000	0.0000	0.0000	0.0000	0.0000	0.0000	0.0000	0.0000	0.0000	0.0000	0.0000	0.0000	0.0000	0.0000	0.0000	0.0000	0.0000	0.0000	0.0000	0.0000	0.0000	0.0000	0.0000	0.0000	0.0000	0.0000	0.0000	0.0000	0.0000	0.0000	0.0000	0.0000	0.0000	0.0000	0.0000	0.0000	0.0000	0.0000	0.0000	0.0000	0.0000	0.0000	0.0000	0.0000	0.0000	0.0000	0.0000	0.0000	0.0000											
26	109	0.6962	11	1	1	1	1	0	0	0	0	N	N	N	N	N	N	N	N	N	N	N	N	0.0000	0.0000	0.0000	0.0000	0.0000	0.0000	0.0000	0.0000	0.0000	0.0000	0.0000	0.0000	0.0000	0.0000	0.0000	0.0000	0.0000	0.0000	0.0000	0.0000	0.0000	0.0000	0.0000	0.9909	0.0000	0.0000	0.0000	0.0000	0.0000	0.0000	0.0000	0.0000	0.0000	0.0000	0.0000	0.0000	0.0000	0.0000	0.0000	0.0000	0.0000	0.0000	0.0000	0.0000	0.0000	0.0000	0.0000	0.0000	0.0000	0.0000	0.0000	0.0000	0.0000	0.0000	0.0000	0.0000	0.0000	0.0000	0.0000	0.0000	0.0000	0.0000	0.0000	0.0000	0.0000	0.0000	0.0000	0.0000	0.0000	0.0000	0.0000	0.0000	0.0000	0.0000	0.0000	0.0000	0.0000	0.0000											
26	110	0.6676	10	1	1	1	1	0	0	0	0	N	N	N	N	N	N	N	N	N	N	N	N	0.0000	0.0000	0.0000	0.0000	0.0000	0.0000	0.0000	0.0000	0.0000	0.0000	0.0000	0.0000	0.0000	0.0000	0.0000	0.0000	0.0000	0.0000	0.0000	0.0000	0.0000	4.0000	0.0000	0.0000	0.0000	0.0000	0.0000	0.0000	0.0000	0.0000	0.0000	0.0000	0.0000	0.0000	0.0000	0.0000	0.0000	0.0000	0.0000	0.0000	0.0000	0.0000	0.0000	0.0000	0.0000	0.0000	0.0000	0.0000	0.0000	0.0000	0.0000	0.0000	0.0000	0.0000	0.0000	0.0000	0.0000	0.0000	0.0000	0.0000	0.0000	0.0000	0.0000	0.0000	0.0000	0.0000	0.0000	0.0000	0.0000	0.0000	0.0000	0.0000	0.0000	0.0000	0.0000	0.0000	0.0000	0.0000											
26	112	0.1573	8	0	1	1	1	0	0	0	0	N	N	N	N	N	N	N	N	N	N	N	N	0.0000	0.0000	0.0000	0.0000	0.0000	0.0000	0.0000	0.0000	0.0000	0.0000	0.0000	0.0000	0.0000	0.0000	0.0000	0.0000	0.0000	0.0000	0.0000	0.0000	0.0000	0.0000	0.0000	0.0001	0.0000	0.0000	0.0000	0.0000	0.0000	0.0000	0.0000	0.0000	0.0000	0.0000	0.0000	0.0000	0.0000	0.0000	0.0000	0.0000	0.0000	0.0000	0.0000	0.0000	0.0000	0.0000	0.0000	0.0000	0.0000	0.0000	0.0000	0.0000	0.0000	0.0000	0.0000	0.0000	0.0000	0.0000	0.0000	0.0000	0.0000	0.0000	0.0000	0.0000	0.0000	0.0000	0.0000	0.0000	0.0000	0.0000	0.0000	0.0000	0.0000	0.0000	0.0000	0.0000	0.0000	0.0000											
26	113	0.1115	7	0	1	1	1	0	0	0	0	N	N	N	N	N	N	N	N	N	N	N	N	0.0000	0.0000	0.0000	0.0000	0.0000	0.0000	0.0000	0.0000	0.0000	0.0000	0.0000	0.0000	0.0000	0.0000	0.0000	0.0000	0.0000	0.0000	0.0000	0.0000	0.0000	4.0004	0.0000	4.9999	0.0000	0.0000	0.0000	0.0000	0.0000	0.0000	0.0000	0.0000	0.0000	0.0000	0.0000	0.0000	0.0000	0.0000	0.0000	0.0000	0.0000	0.0000	0.0000	0.0000	0.0000	0.0000	0.0000	0.0000	0.0000	0.0000	0.0000	0.0000	0.0000	0.0000	0.0000	0.0000	0.0000	0.0000	0.0000	0.0000	0.0000	0.0000	0.0000	0.0000	0.0000	0.0000	0.0000	0.0000	0.0000	0.0000	0.0000	0.0000	0.0000	0.0000	0.0000	0.0000	0.0000	0.0000											
26	114	0.7002	11	0	2	0	1	0	0	0	0	N	Y	N	N	N	N	N	N	N	N	N	N	0.0000	0.0000	0.0000	0.0000	0.0000	0.0000	0.0000	0.0000	0.0000	0.0000	0.0000	0.0000	0.0000	0.0000	0.0000	0.0000	0.0000	0.0000	0.0000	0.0000	0.0000	4.3361	0.0000	4.6323	0.0000	0.0000	0.0000	0.0000	0.0000	0.0000	0.0000	0.0000	0.0000	0.0000	0.0000	0.0000	0.0000	0.0000	0.0000	0.0000	0.0000	0.0000	0.0000	0.0000	0.0000	0.0000	0.0000	0.0000	0.0000	0.0000	0.0000	0.0000	0.0000	0.0000	0.0000	0.0000	0.0000	0.0000	0.0000	0.0000	0.0000	0.0000	0.0000	0.0000	0.0000	0.0000	0.0000	0.0000	0.0000	0.0000	0.0000	0.0000	0.0000	0.0000	0.0000	0.0000	0.0000	0.0000											
26	115	0.6676	10	0	1	0	1	0	0	0	0	N	N	N	N	N	N	N	N	N	N	N	N	0.0000	0.0000	0.0000	0.0000	0.0000	0.0000	0.0000	0.0000	0.0000	0.0000	0.0000	0.0000	0.0000	0.0000	0.0000	0.0000	0.0000	0.0000	0.0000	0.0000	0.0000	1.9840	0.0000	0.2610	0.0000	0.0000	0.0000	0.0000	0.0000	0.0000	0.0000	0.0000	0.0000	0.0000	0.0000	0.0000	0.0000	0.0000	0.0000	0.0000	0.0000	0.0000	0.0000	0.0000	0.0000	0.0000	0.0000	0.0000	0.0000	0.0000	0.0000	0.0000	0.0000	0.0000	0.0000	0.0000	0.0000	0.0000	0.0000	0.0000	0.0000	0.0000	0.0000	0.0000	0.0000	0.0000	0.0000	0.0000	0.0000	0.0000	0.0000	0.0000	0.0000	0.0000	0.0000	0.0000	0.0000	0.0000											
26	116	0.1115	7	0	2	0	2	0	0	0	0	N	Y	N	Y	N	N	N	N	N	N	N	N	0.0000	0.0000	0.0000	0.0000	0.0000	0.0000	0.0000	0.0000	0.0000	0.0000	0.0000	0.0000	0.0000	0.0000	0.0000	0.0000	0.0000	0.0000	0.0000	0.0000	0.0000	5.0006	0.0000	2.0000	0.0000	0.0000	0.0000	0.0000	0.0000	0.0000	0.0000	0.0000	0.0000	0.0000	0.0000	0.0000	0.0000	0.0000	0.0000	0.0000	0.0000	0.0000	0.0000	0.0000	0.0000	0.0000	0.0000	0.0000	0.0000	0.0000	0.0000	0.0000	0.0000	0.0000	0.0000	0.0000	0.0000	0.0000	0.0000	0.0000	0.0000	0.0000	0.0000	0.0000	0.0000	0.0000	0.0000	0.0000	0.0000	0.0000	0.0000	0.0000	0.0000	0.0000	0.0000	0.0000	0.0000	0.0000											
26	117	0.6676	10	0	2	0	2	0	0	0	0	N	Y	N	Y	N	N	N	N	N	N	N	N	0.0000	0.0000	0.0000	0.0000	0.0000	0.0000	0.0000	0.0000	0.0000	0.0000	0.0000	0.0000	0.0000	0.0000	0.0000	0.0000	0.0000	0.0000	0.0000	0.0000	0.0000	0.0000	0.0000	1.0000	0.0000	0.0000	0.0000	0.0000	0.0000	0.0000	0.0000	0.0000	0.0000	0.0000	0.0000	0.0000	0.0000	0.0000	0.0000	0.0000	0.0000	0.0000	0.0000	0.0000	0.0000	0.0000	0.0000	0.0000	0.0000	0.0000	0.0000	0.0000	0.0000	0.0000	0.0000	0.0000	0.0000	0.0000	0.0000	0.0000	0.0000	0.0000	0.0000	0.0000	0.0000	0.0000	0.0000	0.0000	0.0000	0.0000	0.0000	0.0000	0.0000	0.0000	0.0000	0.0000	0.0000	0.0000											
26	118	0.1115	7	0	2	0	1	0	0	0	0	N	Y	N	N	N	N	N	N	N	N	N	N	0.0000	0.0000	0.0000	0.0000	0.0000	0.0000	0.0000	0.0000	0.0000	0.0000	0.0000	0.0000	0.0000	0.0000	0.0000	0.0000	0.0000	0.0000	0.0000	0.0000	0.0000	16.9994	0.0000	6.0000	0.0000	0.0000	0.0000	0.0000	0.0000	0.0000	0.0000	0.0000	0.0000	0.0000	0.0000	0.0000	0.0000	0.0000	0.0000	0.0000	0.0000	0.0000	0.0000	0.0000	0.0000	0.0000	0.0000	0.0000	0.0000	0.0000	0.0000	0.0000	0.0000	0.0000	0.0000	0.0000	0.0000	0.0000	0.0000	0.0000	0.0000	0.0000	0.0000	0.0000	0.0000	0.0000	0.0000	0.0000	0.0000	0.0000	0.0000	0.0000	0.0000	0.0000	0.0000	0.0000	0.0000	0.0000											
26	119	0.6676	10	0	2	0	1	0	0	0	0	N	Y	N	N	N	N	N	N	N	N	N	N	0.0000	0.0000	0.0000	0.0000	0.0000	0.0000	0.0000	0.0000	0.0000	0.0000	0.0000	0.0000	0.0000	0.0000	0.0000	0.0000	0.0000	0.0000	0.0000	0.0000	0.0000	5.0000	0.0000	6.0000	0.0000	0.0000	0.0000	0.0000	0.0000	0.0000	0.0000	0.0000	0.0000	0.0000	0.0000	0.0000	0.0000	0.0000	0.0000	0.0000	0.0000	0.0000	0.0000	0.0000	0.0000	0.0000	0.0000	0.0000	0.0000	0.0000	0.0000	0.0000	0.0000	0.0000	0.0000	0.0000	0.0000	0.0000	0.0000	0.0000	0.0000	0.0000	0.0000	0.0000	0.0000	0.0000	0.0000	0.0000	0.0000	0.0000	0.0000	0.0000	0.0000	0.0000	0.0000	0.0000	0.0000	0.0000											
26	120	0.6957	11	0	2	0	1	0	0	0	0	N	Y	N	N	N	N	N	N	N	N	N	N	0.0000	0.0000	0.0000	0.0000	0.0000	0.0000	0.0000	0.0000	0.0000	0.0000	0.0000	0.0000	0.0000	0.0000	0.0000	0.0000	0.0000	0.0000	0.0000	0.0000	0.0000	0.9998	0.0000	0.9486	0.0000	0.0000	0.0000	0.0000	0.0000	0.0000	0.0000	0.0000	0.0000	0.0000	0.0000	0.0000	0.0000	0.0000	0.0000	0.0000	0.0000	0.0000	0.0000	0.0000	0.0000	0.0000	0.0000	0.0000	0.0000	0.0000	0.0000	0.0000	0.0000	0.0000	0.0000	0.0000	0.0000	0.0000	0.0000	0.0000	0.0000	0.0000	0.0000	0.0000	0.0000	0.0000	0.0000	0.0000	0.0000	0.0000	0.0000	0.0000	0.0000	0.0000	0.0000	0.0000	0.0000	0.0000											
26	121	0.6676	10	0	2	0	1	0	0	0	0	N	Y	N	N	N	N	N	N	N	N	N	N	0.0000	0.0000	0.0000	0.0000	0.0000	0.0000	0.0000	0.0000	0.0000	0.0000	0.0000	0.0000	0.0000	0.0000	0.0000	0.0000	0.0000	0.0000	0.0000	0.0000	0.0000	3.0005	0.0000	1.1085	0.0000	0.0000	0.0000	0.0000	0.0000	0.0000	0.0000	0.0000	0.0000	0.0000	0.0000	0.0000	0.0000	0.0000	0.0000	0.0000	0.0000	0.0000	0.0000	0.0000	0.0000	0.0000	0.0000	0.0000	0.0000	0.0000	0.0000	0.0000	0.0000	0.0000	0.0000	0.0000	0.0000	0.0000	0.0000	0.0000	0.0000	0.0000	0.0000	0.0000	0.0000	0.0000	0.0000	0.0000	0.0000	0.0000	0.0000	0.0000	0.0000	0.0000	0.0000	0.0000	0.0000	0.0000											
26	122	0.1527	8	0	2	0	1	0	0	0	0	N	Y	N	N	N	N	N	N	N	N	N	N	0.0000	0.0000	0.0000	0.0000	0.0000	0.0000	0.0000	0.0000	0.0000	0.0000	0.0000	0.0000	0.0000	0.0000	0.0000	0.0000	0.0000	0.0000	0.0000	0.0000	0.0000	2.0001	0.0000	3.0000	0.0000	0.0000	0.0000	0.0000	0.0000	0.0000	0.0000	0.0000	0.0000	0.0000	0.0000	0.0000	0.0000	0.0000	0.0000	0.0000	0.0000	0.0000	0.0000	0.0000	0.0000	0.0000	0.0000	0.0000	0.0000	0.0000	0.0000	0.0000	0.0000	0.0000	0.0000	0.0000	0.0000	0.0000	0.0000	0.0000	0.0000	0.0000	0.0000	0.0000	0.0000	0.0000	0.0000	0.0000	0.0000	0.0000	0.0000	0.0000	0.0000	0.0000	0.0000	0.0000	0.0000	0.0000											
26	123	0.1115	7	0	1	0	1	0	0	0	0	N	N	N	N	N	N	N	N	N	N	N	N	0.0000	0.0000	0.0000	0.0000	0.0000	0.0000	0.0000	0.0000	0.0000	0.0000	0.0000	0.0000	0.0000	0.0000	0.0000	0.0000	0.0000	0.0000	0.0000	0.0000	0.0000	6.9986	0.0000	2.0000	0.0000	0.0000	0.0000	0.0000	0.0000	0.0000	0.0000	0.0000	0.0000	0.0000	0.0000	0.0000	0.0000	0.0000	0.0000	0.0000	0.0000	0.0000	0.0000	0.0000	0.0000	0.0000	0.0000	0.0000	0.0000	0.0000	0.0000	0.0000	0.0000	0.0000	0.0000	0.0000	0.0000	0.0000	0.0000	0.0000	0.0000	0.0000	0.0000	0.0000	0.0000	0.0000	0.0000	0.0000	0.0000	0.0000	0.0000	0.0000	0.0000	0.0000	0.0000	0.0000	0.0000	0.0000											
26	124	0.7011	11	0	2	0	1	0	0	0	0	N	Y	N	N	N	N	N	N	N	N	N	N	0.0000	0.0000	0.0000	0.0000	0.0000	0.0000	0.0000	0.0000	0.0000	0.0000	0.0000	0.0000	0.0000	0.0000	0.0000	0.0000	0.0000	0.0000	0.0000	0.0000	0.0000	3.9006	0.0000	3.1543	0.0000	0.0000	0.0000	0.0000	0.0000	0.0000	0.0000	0.0000	0.0000	0.0000	0.0000	0.0000	0.0000	0.0000	0.0000	0.0000	0.0000	0.0000	0.0000	0.0000	0.0000	0.0000	0.0000	0.0000	0.0000	0.0000	0.0000	0.0000	0.0000	0.0000	0.0000	0.0000	0.0000	0.0000	0.0000	0.0000	0.0000	0.0000	0.0000	0.0000	0.0000	0.0000	0.0000	0.0000	0.0000	0.0000	0.0000	0.0000	0.0000	0.0000	0.0000	0.0000	0.0000	0.0000											
26	125	0.6676	10	0	2	0	1	0	0	0	0	N	Y	N	N	N	N	N	N	N	N	N	N	0.0000	0.0000	0.0000	0.0000	0.0000	0.0000	0.0000	0.0000	0.0000	0.0000	0.0000	0.0000	0.0000	0.0000	0.0000	0.0000	0.0000	0.0000	0.0000	0.0000	0.0000	1.6924	0.0000	1.9110	0.0000	0.0000	0.0000	0.0000	0.0000	0.0000	0.0000	0.0000	0.0000	0.0000	0.0000	0.0000	0.0000	0.0000	0.0000	0.0000	0.0000	0.0000	0.0000	0.0000	0.0000	0.0000	0.0000	0.0000	0.0000	0.0000	0.0000	0.0000	0.0000	0.0000	0.0000	0.0000	0.0000	0.0000	0.0000	0.0000	0.0000	0.0000	0.0000	0.0000	0.0000	0.0000	0.0000	0.0000	0.0000	0.0000	0.0000	0.0000	0.0000	0.0000	0.0000	0.0000	0.0000	0.0000											
26	126	0.1115	7	0	2	0	1	0	0	0	0	N	Y	N	N	N	N	N	N	N	N	N	N	0.0000	0.0000	0.0000	0.0000	0.0000	0.0000	0.0000	0.0000	0.0000	0.0000	0.0000	0.0000	0.0000	0.0000	0.0000	0.0000	0.0000	0.0000	0.0000	0.0000	0.0000	0.9996	0.0000	8.0005	0.0000	0.0000	0.0000	0.0000	0.0000	0.0000	0.0000	0.0000	0.0000	0.0000	0.0000	0.0000	0.0000	0.0000	0.0000	0.0000	0.0000	0.0000	0.0000	0.0000	0.0000	0.0000	0.0000	0.0000	0.0000	0.0000	0.0000	0.0000	0.0000	0.0000	0.0000	0.0000	0.0000	0.0000	0.0000	0.0000	0.0000	0.0000	0.0000	0.0000	0.0000	0.0000	0.0000	0.0000	0.0000	0.0000	0.0000	0.0000	0.0000	0.0000	0.0000	0.0000	0.0000	0.0000											
26	127	0.2388	9	0	1	0	1	0	0	0	0	N	N	N	N	N	N	N	N	N	N	N	N	0.0000	0.0000	0.0000	0.0000	0.0000	0.0000	0.0000	0.0000	0.0000	0.0000	0.0000	0.0000	0.0000	0.0000	0.0000	0.0000	0.0000	0.0000	0.0000	0.0000	0.0000	3.6536	0.0000	12.3970	0.0000	0.0000	0.0000	0.0000	0.0000	0.0000	0.0000	0.0000	0.0000	0.0000	0.0000	0.0000	0.0000	0.0000	0.0000	0.0000	0.0000	0.0000	0.0000	0.0000	0.0000	0.0000	0.0000	0.0000	0.0000	0.0000	0.0000	0.0000	0.0000	0.0000	0.0000	0.0000	0.0000	0.0000	0.0000	0.0000	0.0000	0.0000	0.0000	0.0000	0.0000	0.0000	0.0000	0.0000	0.0000	0.0000	0.0000	0.0000	0.0000	0.0000	0.0000	0.0000	0.0000	0.0000											
26	128	0.4172	9	0	1	0	1	0	0	0	0	N	N	N	N	N	N	N	N	N	N	N	N	0.0000	0.0000	0.0000	0.0000	0.0000	0.0000	0.0000	0.0000	0.0000	0.0000	0.0000	0.0000	0.0000	0.0000	0.0000	0.0000	0.0000	0.0000	0.0000	0.0000	0.0000	5.3495	0.0000	12.4099	0.0000	0.0000	0.0000	0.0000	0.0000	0.0000	0.0000	0.0000	0.0000	0.0000	0.0000	0.0000	0.0000	0.0000	0.0000	0.0000	0.0000	0.0000	0.0000	0.0000	0.0000	0.0000	0.0000	0.0000	0.0000	0.0000	0.0000	0.0000	0.0000	0.0000	0.0000	0.0000	0.0000	0.0000	0.0000	0.0000	0.0000	0.0000	0.0000	0.0000	0.0000	0.0000	0.0000	0.0000	0.0000	0.0000	0.0000	0.0000	0.0000	0.0000	0.0000	0.0000	0.0000	0.0000											
26	131	0.0260	5	0	2	0	1	0	0	0	0	N	Y	N	N	N	N	N	N	N	N	N	N	0.0000	0.0000	0.0000	0.0000	0.0000	0.0000	0.0000	0.0000	0.0000	0.0000	0.0000	0.0000	0.0000	0.0000	0.0000	0.0000	0.0000	0.0000	0.0000	0.0000	0.0000	0.0000	0.0000	0.0000	0.0000	0.0000	0.0000	0.0000	0.0000	0.0000	0.0000	0.0000	0.0000	0.0000	0.0000	0.0000	0.0000	0.0000	0.0000	0.0000	0.0000	0.0000	0.0000	0.0000	0.0000	0.0000	0.0000	0.0000	0.0000	0.0000	0.0000	0.0000	0.0000	0.0000	0.0000	0.0000	0.0000	0.0000	0.0000	0.0000	0.0000	0.0000	0.0000	0.0000	0.0000	0.0000	0.0000	0.0000	0.0000	0.0000	0.0000	0.0000	0.0000	0.0000	0.0000	0.0000	0.0000	0.0000											
26	132	0.0163	2	0	1	1	2	0	0	0	0	N	N	N	Y	N	N	N	N	N	N	N	N	0.0000	0.0000	0.0000	0.0000	0.0000	0.0000	0.0000	0.0000	0.0000	0.0000	0.0000	0.0000	0.0000	0.0000	0.0000	0.0000	0.0000	0.0000	0.0000	0.0000	0.0000	0.0000	0.0000	1.9999	0.0000	0.0000	0.0000	0.0000	0.0000	0.0000	0.0000	0.0000	0.0000	0.0000	0.0000	0.0000	0.0000	0.0000	0.0000	0.0000	0.0000	0.0000	0.0000	0.0000	0.0000	0.0000	0.0000	0.0000	0.0000	0.0000	0.0000	0.0000	0.0000	0.0000	0.0000	0.0000	0.0000	0.0000	0.0000	0.0000	0.0000	0.0000	0.0000	0.0000	0.0000	0.0000	0.0000	0.0000	0.0000	0.0000	0.0000	0.0000	0.0000	0.0000	0.0000	0.0000	0.0000	0.0000											
26	133	0.0273	3	0	1	1	2	0	0	0	0	N	N	N	Y	N	N	N	N	N	N	N	N	0.0000	0.0000	0.0000	0.0000	0.0000	0.0000	0.0000	0.0000	0.0000	0.0000	0.0000	0.0000	0.0000	0.0000	0.0000	0.0000	0.0000	0.0000	0.0000	0.0000	0.0000	1.0000	0.0000	0.0000	0.0000	0.0000	0.0000	0.0000	0.0000	0.0000	0.0000	0.0000	0.0000	0.0000	0.0000	0.0000	0.0000	0.0000	0.0000	0.0000	0.0000	0.0000	0.0000	0.0000	0.0000	0.0000	0.0000	0.0000	0.0000	0.0000	0.0000	0.0000	0.0000	0.0000	0.0000	0.0000	0.0000	0.0000	0.0000	0.0000	0.0000	0.0000	0.0000	0.0000	0.0000	0.0000	0.0000	0.0000	0.0000	0.0000	0.0000	0.0000	0.0000	0.0000	0.0000	0.0000	0.0000	0.0000											
26	134	0.0273	3	0	1	1	2	0	0	0	0	N	N	N	Y	N	N	N	N	N	N	N	N	0.0000	0.0000	0.0000	0.0000	0.0000	0.0000	0.0000	0.0000	0.0000	0.0000	0.0000	0.0000	0.0000	0.0000	0.0000	0.0000	0.0000	0.0000	0.0000	0.0000	0.0000	0.0000	0.0000	0.0000	0.0000	0.0000	0.0000	0.0000	0.0000	0.0000	0.0000	0.0000	0.0000	0.0000	0.0000	0.0000	0.0000	0.0000	0.0000	0.0000	0.0000	0.0000	0.0000	0.0000	0.0000	0.0000	0.0000	0.0000	0.0000	0.0000	0.0000	0.0000	0.0000	0.0000	0.0000	0.0000	0.0000	0.0000	0.0000	0.0000	0.0000	0.0000	0.0000	0.0000	0.0000	0.0000	0.0000	0.0000	0.0000	0.0000	0.0000	0.0000	0.0000	0.0000	0.0000	0.0000	0.0000	0.0000											
26	135	0.0163	2	0	1	1	2	0	0	0	0	N	N	N	Y	N	N	N	N	N	N	N	N	0.0000	0.0000	0.0000	0.0000	0.0000	0.0000	0.0000	0.0000	0.0000	0.0000	0.0000	0.0000	0.0000	0.0000	0.0000	0.0000	0.0000	0.0000	0.0000	0.0000	0.0000	2.0025	0.0000	0.9943	0.0000	0.0000	0.0000	0.0000	0.0000	0.0000	0.0000	0.0000	0.0000	0.0000	0.0000	0.0000	0.0000	0.0000	0.0000	0.0000	0.0000	0.0000	0.0000	0.0000	0.0000	0.0000	0.0000	0.0000	0.0000	0.0000	0.0000	0.0000	0.0000	0.0000	0.0000	0.0000	0.0000	0.0000	0.0000	0.0000	0.0000	0.0000	0.0000	0.0000	0.0000	0.0000	0.0000	0.0000	0.0000	0.0000	0.0000	0.0000	0.0000	0.0000	0.0000	0.0000	0.0000	0.0000											
26	138	0.0789	7	1	2	0	1	0	0	0	0	N	Y	N	N	N	N	N	N	N	N	N	N	0.0000	0.0000	0.0000	0.0000	0.0000	0.0000	0.0000	0.0000	0.0000	0.0000	0.0000	0.0000	0.0000	0.0000	0.0000	0.0000	0.0000	0.0000	0.0000	0.0000	0.0000	0.0002	0.0000	2.3255	0.0000	0.0000	0.0000	0.0000	0.0000	0.0000	0.0000	0.0000	0.0000	0.0000	0.0000	0.0000	0.0000	0.0000	0.0000	0.0000	0.0000	0.0000	0.0000	0.0000	0.0000	0.0000	0.0000	0.0000	0.0000	0.0000	0.0000	0.0000	0.0000	0.0000	0.0000	0.0000	0.0000	0.0000	0.0000	0.0000	0.0000	0.0000	0.0000	0.0000	0.0000	0.0000	0.0000	0.0000	0.0000	0.0000	0.0000	0.0000	0.0000	0.0000	0.0000	0.0000	0.0000	0.0000											
26	139	0.0611	6	1	2	0	1	0	0	0	0	N	Y	N	N	N	N	N	N	N	N	N	N	0.0000	0.0000	0.0000	0.0000	0.0000	0.0000	0.0000	0.0000	0.0000	0.0000	0.0000	0.0000	0.0000	0.0000	0.0000	0.0000	0.0000	0.0000	0.0000	0.0000	0.0000	2.0138	0.0000	2.7349	0.0000	0.0000	0.0000	0.0000	0.0000	0.0000	0.0000	0.0000	0.0000	0.0000	0.0000	0.0000	0.0000	0.0000	0.0000	0.0000	0.0000	0.0000	0.0000	0.0000	0.0000	0.0000	0.0000	0.0000	0.0000	0.0000	0.0000	0.0000	0.0000	0.0000	0.0000	0.0000	0.0000	0.0000	0.0000	0.0000	0.0000	0.0000	0.0000	0.0000	0.0000	0.0000	0.0000	0.0000	0.0000	0.0000	0.0000	0.0000	0.0000	0.0000	0.0000	0.0000	0.0000	0.0000											
26	140	0.0446	5	0	2	0	1	0	0	0	0	N	Y	N	N	N	N	N	N	N	N	N	N	0.0000	0.0000	0.0000	0.0000	0.0000	0.0000	0.0000	0.0000	0.0000	0.0000	0.0000	0.0000	0.0000	0.0000	0.0000	0.0000	0.0000	0.0000	0.0000	0.0000	0.0000	1.9232	0.0000	1.1116	0.0000	0.0000	0.0000	0.0000	0.0000	0.0000	0.0000	0.0000	0.0000	0.0000	0.0000	0.0000	0.0000	0.0000	0.0000	0.0000	0.0000	0.0000	0.0000	0.0000	0.0000	0.0000	0.0000	0.0000	0.0000	0.0000	0.0000	0.0000	0.0000	0.0000	0.0000	0.0000	0.0000	0.0000	0.0000	0.0000	0.0000	0.0000	0.0000	0.0000	0.0000	0.0000	0.0000	0.0000	0.0000	0.0000	0.0000	0.0000	0.0000	0.0000	0.0000	0.0000	0.0000	0.0000											
26	141	0.6868	11	0	2	0	1	0	0	0	0	N	Y	N	N	N	N	N	N	N	N	N	N	0.0000	0.0000	0.0000	0.0000	0.0000	0.0000	0.0000	0.0000	0.0000	0.0000	0.0000	0.0000	0.0000	0.0000	0.0000	0.0000	0.0000	0.0000	0.0000	0.0000	0.0000	3.0000	0.0000	1.0000	0.0000	0.0000	0.0000	0.0000	0.0000	0.0000	0.0000	0.0000	0.0000	0.0000	0.0000	0.0000	0.0000	0.0000	0.0000	0.0000	0.0000	0.0000	0.0000	0.0000	0.0000	0.0000	0.0000	0.0000	0.0000	0.0000	0.0000	0.0000	0.0000	0.0000	0.0000	0.0000	0.0000	0.0000	0.0000	0.0000	0.0000	0.0000	0.0000	0.0000	0.0000	0.0000	0.0000	0.0000	0.0000	0.0000	0.0000	0.0000	0.0000	0.0000	0.0000	0.0000	0.0000	0.0000											
26	142	0.6676	10	0	1	0	1	0	0	0	0	N	N	N	N	N	N	N	N	N	N	N	N	0.0000	0.0000	0.0000	0.0000	0.0000	0.0000	0.0000	0.0000	0.0000	0.0000	0.0000	0.0000	0.0000	0.0000	0.0000	0.0000	0.0000	0.0000	0.0000	0.0000	0.0000	1.0000	0.0000	1.0000	0.0000	0.0000	0.0000	0.0000	0.0000	0.0000	0.0000	0.0000	0.0000	0.0000	0.0000	0.0000	0.0000	0.0000	0.0000	0.0000	0.0000	0.0000	0.0000	0.0000	0.0000	0.0000	0.0000	0.0000	0.0000	0.0000	0.0000	0.0000	0.0000	0.0000	0.0000	0.0000	0.0000	0.0000	0.0000	0.0000	0.0000	0.0000	0.0000	0.0000	0.0000	0.0000	0.0000	0.0000	0.0000	0.0000	0.0000	0.0000	0.0000	0.0000	0.0000	0.0000	0.0000	0.0000											
26	143	0.4172	9	0	1	0	1	0	0	0	0	N	N	N	N	N	N	N	N	N	N	N	N	0.0000	0.0000	0.0000	0.0000	0.0000	0.0000	0.0000	0.0000	0.0000	0.0000	0.0000	0.0000	0.0000	0.0000	0.0000	0.0000	0.0000	0.0000	0.0000	0.0000	0.0000	7.1211	0.0000	10.9474	0.0000	0.0000	0.0000	0.0000	0.0000	0.0000	0.0000	0.0000	0.0000	0.0000	0.0000	0.0000	0.0000	0.0000	0.0000	0.0000	0.0000	0.0000	0.0000	0.0000	0.0000	0.0000	0.0000	0.0000	0.0000	0.0000	0.0000	0.0000	0.0000	0.0000	0.0000	0.0000	0.0000	0.0000	0.0000	0.0000	0.0000	0.0000	0.0000	0.0000	0.0000	0.0000	0.0000	0.0000	0.0000	0.0000	0.0000	0.0000	0.0000	0.0000	0.0000	0.0000	0.0000	0.0000											
26	144	0.2225	8	0	1	0	1	0	0	0	0	N	N	N	N	N	N	N	N	N	N	N	N	0.0000	0.0000	0.0000	0.0000	0.0000	0.0000	0.0000	0.0000	0.0000	0.0000	0.0000	0.0000	0.0000	0.0000	0.0000	0.0000	0.0000	0.0000	0.0000	0.0000	0.0000	8.5175	0.0000	23.1696	0.0000	0.0000	0.0000	0.0000	0.0000	0.0000	0.0000	0.0000	0.0000	0.0000	0.0000	0.0000	0.0000	0.0000	0.0000	0.0000	0.0000	0.0000	0.0000	0.0000	0.0000	0.0000	0.0000	0.0000	0.0000	0.0000	0.0000	0.0000	0.0000	0.0000	0.0000	0.0000	0.0000	0.0000	0.0000	0.0000	0.0000	0.0000	0.0000	0.0000	0.0000	0.0000	0.0000	0.0000	0.0000	0.0000	0.0000	0.0000	0.0000	0.0000	0.0000	0.0000	0.0000	0.0000											
26	145	0.0260	5	1	2	0	1	0	0	0	0	N	Y	N	N	N	N	N	N	N	N	N	N	0.0000	0.0000	0.0000	0.0000	0.0000	0.0000	0.0000	0.0000	0.0000	0.0000	0.0000	0.0000	0.0000	0.0000	0.0000	0.0000	0.0000	0.0000	0.0000	0.0000	0.0000	1.0000	0.0000	1.0000	0.0000	0.0000	0.0000	0.0000	0.0000	0.0000	0.0000	0.0000	0.0000	0.0000	0.0000	0.0000	0.0000	0.0000	0.0000	0.0000	0.0000	0.0000	0.0000	0.0000	0.0000	0.0000	0.0000	0.0000	0.0000	0.0000	0.0000	0.0000	0.0000	0.0000	0.0000	0.0000	0.0000	0.0000	0.0000	0.0000	0.0000	0.0000	0.0000	0.0000	0.0000	0.0000	0.0000	0.0000	0.0000	0.0000	0.0000	0.0000	0.0000	0.0000	0.0000	0.0000	0.0000	0.0000											
26	146	0.0260	4	0	2	0	1	0	0	0	0	N	Y	N	N	N	N	N	N	N	N	N	N	0.0000	0.0000	0.0000	0.0000	0.0000	0.0000	0.0000	0.0000	0.0000	0.0000	0.0000	0.0000	0.0000	0.0000	0.0000	0.0000	0.0000	0.0000	0.0000	0.0000	0.0000	0.0003	0.0000	0.0000	0.0000	0.0000	0.0000	0.0000	0.0000	0.0000	0.0000	0.0000	0.0000	0.0000	0.0000	0.0000	0.0000	0.0000	0.0000	0.0000	0.0000	0.0000	0.0000	0.0000	0.0000	0.0000	0.0000	0.0000	0.0000	0.0000	0.0000	0.0000	0.0000	0.0000	0.0000	0.0000	0.0000	0.0000	0.0000	0.0000	0.0000	0.0000	0.0000	0.0000	0.0000	0.0000	0.0000	0.0000	0.0000	0.0000	0.0000	0.0000	0.0000	0.0000	0.0000	0.0000	0.0000	0.0000											
26	150	0.2388	9	0	1	0	1	0	0	0	0	N	N	N	N	N	N	N	N	N	N	N	N	0.0000	0.0000	0.0000	0.0000	0.0000	0.0000	0.0000	0.0000	0.0000	0.0000	0.0000	0.0000	0.0000	0.0000	0.0000	0.0000	0.0000	0.0000	0.0000	0.0000	0.0000	3.7255	0.0000	14.1767	0.0000	0.0000	0.0000	0.0000	0.0000	0.0000	0.0000	0.0000	0.0000	0.0000	0.0000	0.0000	0.0000	0.0000	0.0000	0.0000	0.0000	0.0000	0.0000	0.0000	0.0000	0.0000	0.0000	0.0000	0.0000	0.0000	0.0000	0.0000	0.0000	0.0000	0.0000	0.0000	0.0000	0.0000	0.0000	0.0000	0.0000	0.0000	0.0000	0.0000	0.0000	0.0000	0.0000	0.0000	0.0000	0.0000	0.0000	0.0000	0.0000	0.0000	0.0000	0.0000	0.0000	0.0000											
26	151	0.2225	8	0	1	0	1	0	0	0	0	N	N	N	N	N	N	N	N	N	N	N	N	0.0000	0.0000	0.0000	0.0000	0.0000	0.0000	0.0000	0.0000	0.0000	0.0000	0.0000	0.0000	0.0000	0.0000	0.0000	0.0000	0.0000	0.0000	0.0000	0.0000	0.0000	1.4205	0.0000	4.0377	0.0000	0.0000	0.0000	0.0000	0.0000	0.0000	0.0000	0.0000	0.0000	0.0000	0.0000	0.0000	0.0000	0.0000	0.0000	0.0000	0.0000	0.0000	0.0000	0.0000	0.0000	0.0000	0.0000	0.0000	0.0000	0.0000	0.0000	0.0000	0.0000	0.0000	0.0000	0.0000	0.0000	0.0000	0.0000	0.0000	0.0000	0.0000	0.0000	0.0000	0.0000	0.0000	0.0000	0.0000	0.0000	0.0000	0.0000	0.0000	0.0000	0.0000	0.0000	0.0000	0.0000	0.0000											
26	152	0.1115	7	0	1	0	1	0	0	0	0	N	N	N	N	N	N	N	N	N	N	N	N	0.0000	0.0000	0.0000	0.0000	0.0000	0.0000	0.0000	0.0000	0.0000	0.0000	0.0000	0.0000	0.0000	0.0000	0.0000	0.0000	0.0000	0.0000	0.0000	0.0000	0.0000	6.4701	0.0000	12.4371	0.0000	0.0000	0.0000	0.0000	0.0000	0.0000	0.0000	0.0000	0.0000	0.0000	0.0000	0.0000	0.0000	0.0000	0.0000	0.0000	0.0000	0.0000	0.0000	0.0000	0.0000	0.0000	0.0000	0.0000	0.0000	0.0000	0.0000	0.0000	0.0000	0.0000	0.0000	0.0000	0.0000	0.0000	0.0000	0.0000	0.0000	0.0000	0.0000	0.0000	0.0000	0.0000	0.0000	0.0000	0.0000	0.0000	0.0000	0.0000	0.0000	0.0000	0.0000	0.0000	0.0000	0.0000											
27	28	0.1382	6	1	1	0	1	0	0	0	0	N	N	N	N	N	N	N	N	N	N	N	N	0.0009	14.3479	0.0000	0.0098	32.7710	0.0001	0.0000	0.0038	0.0000	0.0015	0.0017	0.0000	0.0045	0.0046	0.0001	0.0000	0.0000	0.0000	1.7564	0.0001	4.3800	0.4656	0.0001	1.0240	1.9660	0.0002	1.4951	0.0006	268965.7535	-0.0000	0.0092	0.0418	1.5398	6.1659	1.0296	0.0000	0.0000	0.0000	0.0000	0.0000	0.0000	0.0000	0.0000	0.0000	0.0192	0.0000	0.0192	0.0005	0.0000	0.0005	0.0187	0.0000	0.0187	0.0050	0.0045	0.0005	0.0017	0.0017	0.0000	0.0034	0.0028	0.0005	0.0570	0.0280	0.0290	0.0185	0.0168	0.0017	0.0385	0.0112	0.0273	0.0045	668.9895	0.0000	0.1592	1205.2626	0.0002	0.0000	1.3708	0.0000	0.3369	0.0000	0.6631	0.0285	0.0000	0.3162	0.4850	0.0000	0.6843
27	29	0.1331	5	1	1	0	1	0	0	0	0	N	N	N	N	N	N	N	N	N	N	N	N	0.1557	0.0001	0.0944	0.0008	0.0000	0.3262	0.2828	0.0000	0.1346	0.3876	0.0002	0.8800	0.0038	0.0002	1.2173	0.7455	0.0000	0.8789	2.4894	2.9307	9.3199	4.7974	4.6618	3.7320	2.6359	0.0500	6.5278	4311.2837	1.2906	0.0075	0.0018	0.0418	0.8816	6.1659	0.0702	0.0102	0.0000	0.0102	0.0000	0.0000	0.0000	0.0101	0.0000	0.0101	0.0432	0.0188	0.0243	0.0194	0.0188	0.0005	0.0238	0.0000	0.0238	0.0263	0.0147	0.0116	0.0127	0.0126	0.0000	0.0136	0.0021	0.0115	0.0292	0.0149	0.0144	0.0110	0.0102	0.0008	0.0183	0.0047	0.0136	0.2625	0.0001	0.5199	0.0021	0.0001	1.8330	0.5716	0.0000	0.5013	1.4765	1.2676	1.6925	1.7627	1.8491	0.6641	1.3042	0.0021	1.7533
27	30	0.6986	9	1	1	0	1	0	0	0	0	N	N	N	N	N	N	N	N	N	N	N	N	0.0000	0.0000	0.0000	0.0000	0.0000	0.0000	0.0000	0.0000	0.0000	0.0000	0.0000	0.0000	0.0000	0.0000	0.0000	0.0000	0.0000	0.0000	0.0000	0.0000	0.0418	0.0000	6.1659	0.0000	0.0000	0.0000	0.0000	0.0000	0.0000	0.0000	0.0000	0.0000	0.0000	0.0000	0.0000	0.0000	0.0000	0.0000	0.0000	0.0000	0.0000	0.0000	0.0000	0.0000	0.0000	0.0000	0.0000	0.0000	0.0000	0.0000	0.0000	0.0000	0.0000	0.0000	0.0000	0.0000	0.0000	0.0000	0.0000	0.0000	0.0000	0.0000	0.0000	0.0000	0.0000	0.0000	0.0000	0.0000	0.0000	0.0000	0.0000	0.0000	0.0000	0.0000	0.0000	0.0000	0.0000	0.0000											
27	31	0.7055	7	2	1	1	0	0	0	0	0	Y	N	N	N	N	N	N	N	N	N	N	N	0.0000	0.0000	0.0000	0.0000	0.0000	0.0000	0.0000	0.0000	0.0000	0.0000	0.0000	0.0000	0.0000	0.0000	0.0000	0.0000	0.0000	0.0000	0.0000	0.0000	0.0418	0.0000	6.1659	0.0000	0.0000	0.0000	0.0000	0.0000	0.0000	0.0000	0.0000	0.0000	0.0000	0.0000	0.0000	0.0000	0.0000	0.0000	0.0000	0.0000	0.0000	0.0000	0.0000	0.0000	0.0000	0.0000	0.0000	0.0000	0.0000	0.0000	0.0000	0.0000	0.0000	0.0000	0.0000	0.0000	0.0000	0.0000	0.0000	0.0000	0.0000	0.0000	0.0000	0.0000	0.0000	0.0000	0.0000	0.0000	0.0000	0.0000	0.0000	0.0000	0.0000	0.0000	0.0000	0.0000	0.0000	0.0000											
27	32	0.6413	5	1	2	0	0	0	0	0	0	N	Y	N	N	N	N	N	N	N	N	N	N	6.0749	3.6337	5.8647	6.9000	0.0051	0.0055	0.0000	0.0088	0.0090	0.0000	0.0000	0.0000	0.0000	0.0008	0.0015	0.0000	0.0015	0.0013	0.0000	0.0000	0.0000	0.0000	0.0000	0.0000	-0.0000	-0.0000	0.0418	0.0006	6.1659	3.0000	0.0000	0.0000	0.0000	0.0000	0.0000	0.0000	0.0000	0.0000	0.0000	0.0000	0.0000	0.0000	0.0000	0.0000	0.0000	0.0000	0.0000	0.0000	0.0000	0.0000	0.0000	0.0000	0.0000	0.0000	0.0000	0.0000	0.0000	0.0330	0.0201	0.0129	0.0160	0.0141	0.0019	0.0169	0.0059	0.0110	16.7602	10.9840	0.0000	14.1601	12.7872	0.0000	0.0000	0.0000	0.0000	0.0003	0.0005	0.0000	0.0006	0.0007	0.0000	0.0000	0.0000	0.0000					
27	33	0.6413	5	1	2	0	0	0	0	0	0	N	Y	N	N	N	N	N	N	N	N	N	N	0.0000	0.0000	0.0000	0.0000	0.0000	0.0000	0.0000	0.0000	0.0000	0.0000	0.0000	0.0000	0.0000	0.0000	0.0000	0.0000	38.5582	62.9526	0.0010	78.1929	88.8879	0.0000	0.0012	0.0000	0.0012	0.0000	0.0000	-0.0000	-2.0655	0.0418	2.0006	6.1659	8.0000	0.0000	0.0000	0.0000	0.0000	0.0000	0.0000	0.0000	0.0000	0.0000	3.9577	3.9577	0.0000	3.9577	3.9577	0.0000	0.0000	0.0000	0.0000	0.0088	0.0082	0.0006	0.0045	0.0044	0.0001	0.0043	0.0038	0.0005	0.1026	0.0629	0.0398	0.0506	0.0445	0.0061	0.0520	0.0183	0.0337	0.0000	0.0000	0.0000	0.0000	0.0000	0.0000	0.0000	0.0000	0.0000	38.5582	62.9526	0.0010	78.1929	88.8879	0.0000	0.0008	0.0000	0.0012		
27	34	0.6825	6	2	2	0	0	0	0	0	0	Y	Y	N	N	N	N	N	N	N	N	N	N	2.1036	14.0352	0.0023	26.1560	27.4173	4.1859	0.0001	0.0000	0.0016	0.0082	0.0088	0.0000	0.0152	0.0156	0.0000	0.0000	0.0000	0.0000	0.0039	0.0006	0.0015	0.0006	0.0006	0.0000	0.0053	0.0116	0.0019	0.0000	3.0006	-0.0001	0.0000	0.0418	10.0001	6.1659	4.0001	0.0003	0.0003	0.0000	0.0003	0.0003	0.0000	0.0000	0.0000	0.0000	0.0001	0.0000	0.0001	0.0000	0.0000	0.0000	0.0001	0.0000	0.0001	0.0366	0.0341	0.0025	0.0197	0.0193	0.0004	0.0169	0.0148	0.0021	0.1166	0.0772	0.0394	0.0698	0.0614	0.0084	0.0468	0.0158	0.0311	11.9388	33.9356	0.0023	106.0960	95.5926	4.1859	0.0003	0.0000	0.0016	0.0007	0.0003	0.0015	0.0001	0.0002	0.0000	0.0015	0.0006	0.0019
27	35	0.6413	5	1	2	0	0	0	0	0	0	N	Y	N	N	N	N	N	N	N	N	N	N	2.5006	1.8379	6.1767	6.5312	0.0210	0.0226	0.0000	0.0414	0.0423	0.0000	0.0000	0.0000	0.0000	0.0084	0.0123	0.0000	0.0067	0.0065	0.0000	0.0000	0.0000	0.0000	0.0000	0.0000	-0.0001	-0.0000	0.0418	3.0004	6.1659	2.0000	0.0003	0.0003	0.0000	0.0003	0.0003	0.0000	0.0000	0.0000	0.0000	0.0001	0.0001	0.0000	0.0001	0.0001	0.0000	0.0000	0.0000	0.0000	0.0129	0.0119	0.0009	0.0065	0.0064	0.0001	0.0064	0.0056	0.0008	0.0539	0.0329	0.0210	0.0263	0.0232	0.0031	0.0275	0.0097	0.0179	18.8258	12.3842	0.0000	18.1795	16.3488	0.0000	0.0000	0.0000	0.0000	0.0011	0.0018	0.0000	0.0023	0.0026	0.0000	0.0000	0.0000	0.0000					
27	36	0.0851	2	1	2	0	0	0	0	0	0	N	Y	N	N	N	N	N	N	N	N	N	N	0.0038	26.2357	0.0000	0.0000	0.0000	0.0047	inf	0.0000	0.0477	0.0526	0.0000	0.0000	0.0000	0.0000	0.0635	0.0720	0.0000	12.6003	0.0020	30.0217	0.0140	0.0140	0.0000	13.5435	0.0000	33.2451	0.0000	48321.0000	-0.0001	0.4620	0.0418	3.0000	6.1659	3.0000	0.0003	0.0003	0.0000	0.0000	0.0000	0.0000	0.0003	0.0003	0.0000	0.9664	0.0000	0.9664	0.0000	0.0000	0.0000	0.9664	0.0000	0.9664	0.0057	0.0051	0.0005	0.0014	0.0014	0.0000	0.0043	0.0037	0.0005	0.0767	0.0337	0.0430	0.0053	0.0049	0.0004	0.0714	0.0288	0.0426	0.0038	88.6256	0.0000	0.0000	0.0000	0.0000	0.0047	inf	0.0000	12.6003	0.0006	22.4861	0.0037	0.0041	0.0000	13.5435	0.0000	22.7049	
27	37	0.6714	6	2	2	0	0	0	0	0	0	Y	Y	N	N	N	N	N	N	N	N	N	N	4429.0238	2651.1640	17.0370	18.4566	inf	inf	1.3510	1.4552	0.0000	0.0129	0.0132	0.0000	2.7886	3.1899	0.0000	0.0003	0.0005	0.0000	0.0008	0.0007	0.0000	0.0000	0.0000	0.0000	0.0000	0.0000	-0.0064	-0.0000	0.0418	4.2779	6.1659	3.9542	0.0248	0.0248	0.0000	0.0001	0.0001	0.0000	0.0246	0.0246	0.0000	0.0000	0.0000	0.0000	0.0000	0.0000	0.0000	0.0000	0.0000	0.0000	0.0183	0.0170	0.0013	0.0095	0.0093	0.0002	0.0088	0.0077	0.0011	0.0808	0.0504	0.0304	0.0417	0.0367	0.0051	0.0390	0.0137	0.0253	10918.8306	7339.9975	0.0000	54.0106	48.4526	0.0000	inf	inf	0.0000	0.0001	0.0002	0.0000	0.0002	0.0003	0.0000	0.0000	0.0000	0.0000			
27	38	0.1518	6	2	2	0	0	0	0	0	0	Y	Y	N	N	N	N	N	N	N	N	N	N	13.3691	6.5192	0.0000	8.4701	8.6972	0.0000	6499.4487	110.6253	0.0000	0.0384	0.0430	0.0000	0.0478	0.0483	0.0000	0.0321	0.0387	0.0000	0.0029	0.0066	0.0000	0.0056	0.0055	0.0000	0.0000	0.0003	0.0000	0.0000	0.0057	-0.0001	-0.0000	0.0418	2.8243	6.1659	1.0201	0.0005	0.0005	0.0000	0.0003	0.0003	0.0000	0.0003	0.0003	0.0000	0.0000	0.0000	0.0000	0.0000	0.0000	0.0000	0.0000	0.0000	0.0000	0.0141	0.0126	0.0015	0.0057	0.0057	0.0001	0.0084	0.0070	0.0014	0.0656	0.0322	0.0335	0.0189	0.0165	0.0024	0.0467	0.0157	0.0310	63.8625	35.2030	0.0000	23.0719	20.2790	0.0000	6499.4487	24565.4751	0.0000	0.0006	0.0012	0.0000	0.0021	0.0024	0.0000	0.0000	0.0000	0.0000
27	39	0.6825	6	1	2	0	0	0	0	0	0	N	Y	N	N	N	N	N	N	N	N	N	N	0.2891	inf	0.0003	5.0684	inf	0.0026	0.0001	inf	0.0000	0.0019	0.0021	0.0000	0.0035	0.0036	0.0000	0.0000	0.0000	0.0000	0.0067	0.0000	0.0028	0.0007	0.0000	0.0019	0.0103	0.0000	0.0031	0.0000	inf	-0.0000	0.0000	0.0418	5.0001	6.1659	5.0000	0.0000	0.0000	0.0000	0.0000	0.0000	0.0000	0.0000	0.0000	0.0000	0.0001	0.0000	0.0001	0.0000	0.0000	0.0000	0.0001	0.0000	0.0001	0.0208	0.0193	0.0014	0.0114	0.0111	0.0003	0.0094	0.0082	0.0012	0.0858	0.0569	0.0290	0.0514	0.0453	0.0061	0.0344	0.0116	0.0228	2.0669	inf	0.0003	18.0618	inf	0.0030	0.0003	inf	0.0000	0.0009	0.0000	0.0028	0.0002	0.0000	0.0016	0.0020	0.0000	0.0031
27	40	0.1075	3	1	2	0	0	0	0	0	0	N	Y	N	N	N	N	N	N	N	N	N	N	0.0000	0.0000	0.0000	0.0000	0.0000	0.0000	0.0000	0.0000	0.0000	0.0000	0.0000	0.0000	0.0000	1.6263	2.5976	0.0000	5.2477	5.3124	0.0000	0.0000	0.0000	0.0000	0.0000	0.0000	-0.0039	0.0418	0.0000	6.1659	2.0000	0.0000	0.0000	0.0000	0.0000	0.0000	0.0000	0.0000	0.0000	0.0000	0.0075	0.0075	0.0000	0.0075	0.0075	0.0000	0.0000	0.0000	0.0000	0.0000	0.0000	0.0000	0.0000	0.0000	0.0000	0.0000	0.0000	0.0000	0.0283	0.0111	0.0172	0.0028	0.0026	0.0002	0.0255	0.0085	0.0170	0.0000	0.0000	0.0000	0.0000	0.0000	0.0000	0.0000	0.0000	0.0000	0.2667	0.6816	0.0000	2.7242	2.9219	0.0000	0.0000	0.0000	0.0000						
27	41	0.6825	6	1	2	0	0	0	0	0	0	N	Y	N	N	N	N	N	N	N	N	N	N	1.4339	inf	0.0000	inf	inf	0.0000	0.0000	0.0128	0.0137	0.0000	0.0234	0.0240	0.0000	0.0000	0.0000	0.0000	0.0089	0.0000	0.0034	0.0000	0.0000	0.0000	0.0189	0.0000	0.0043	0.0000	inf	-0.0001	0.0000	0.0418	5.9998	6.1659	3.0000	0.0003	0.0003	0.0000	0.0003	0.0003	0.0000	0.0000	0.0000	0.0000	0.0001	0.0000	0.0001	0.0000	0.0000	0.0000	0.0001	0.0000	0.0001	0.0243	0.0226	0.0017	0.0132	0.0129	0.0003	0.0110	0.0097	0.0014	0.0778	0.0516	0.0263	0.0466	0.0411	0.0056	0.0312	0.0105	0.0207	11.0454	inf	0.0000	inf	inf	0.0000	0.0000	0.0000	0.0000	0.0012	0.0000	0.0034	0.0000	0.0000	0.0000	0.0029	0.0000	0.0043		
27	42	0.1736	7	1	2	1	1	0	0	0	0	N	Y	N	N	N	N	N	N	N	N	N	N	277.3265	inf	0.0000	180.4241	inf	0.0000	0.0000	0.0000	0.0356	0.0411	0.0000	0.0752	0.0760	0.0000	0.0000	0.0000	0.0000	0.0001	0.0000	0.0000	0.0004	0.0000	0.0010	0.0000	0.0000	0.0000	0.0000	inf	-0.0000	0.0000	0.0418	0.0011	6.1659	1.0134	0.0000	0.0000	0.0000	0.0000	0.0000	0.0000	0.0000	0.0000	0.0000	0.0000	0.0000	0.0000	0.0000	0.0000	0.0000	0.0000	0.0000	0.0000	0.0000	0.0000	0.0000	0.0000	0.0000	0.0000	0.0000	0.0000	0.0000	0.0150	0.0063	0.0087	0.0023	0.0022	0.0002	0.0127	0.0041	0.0086	1746.0085	inf	0.0000	1253.0486	inf	0.0000	0.0000	0.0000	0.0000	0.0000	0.0000	0.0000	0.0001	0.0000	0.0008	0.0000	0.0000	0.0000	
27	43	0.1518	6	1	1	0	1	0	0	0	0	N	N	N	N	N	N	N	N	N	N	N	N	3.7167	2.3083	18.9199	5.1679	5.2180	2.5996	5.0160	0.0000	19.5628	0.0194	0.0217	0.0002	0.0479	0.0483	0.0000	0.0000	0.0000	0.0002	0.0052	0.0094	0.0000	0.0093	0.0093	0.0000	0.0000	0.0001	0.0000	0.0009	0.0056	-0.0001	-0.0000	0.0418	2.8187	6.1659	0.0347	0.0003	0.0003	0.0000	0.0003	0.0003	0.0000	0.0000	0.0000	0.0000	0.0000	0.0000	0.0000	0.0000	0.0000	0.0000	0.0000	0.0000	0.0000	0.0141	0.0126	0.0015	0.0057	0.0057	0.0001	0.0084	0.0070	0.0014	0.0500	0.0247	0.0252	0.0147	0.0128	0.0019	0.0353	0.0119	0.0234	24.4193	13.5701	18.9199	17.8103	15.7001	2.5996	5.0160	0.0000	19.5628	0.0008	0.0016	0.0000	0.0027	0.0031	0.0000	0.0000	0.0000	0.0000
27	44	0.1391	5	1	1	0	0	0	0	0	0	N	N	N	N	N	N	N	N	N	N	N	N	25.2868	87.3186	4.7070	103.4526	105.4352	766.9710	1.5393	0.0979	4.4263	0.5304	0.9335	0.0100	1.0930	1.0963	0.0135	0.0084	0.0001	0.0100	0.0210	0.0107	0.0021	0.0106	0.0104	0.0000	0.0054	0.0006	0.0022	0.0083	1.3157	-0.0036	0.0000	0.0418	0.9605	6.1659	1.0076	0.0142	0.0141	0.0001	0.0141	0.0141	0.0000	0.0001	0.0000	0.0001	0.0001	0.0000	0.0000	0.0000	0.0000	0.0000	0.0000	0.0000	0.0000	0.0267	0.0151	0.0117	0.0129	0.0128	0.0000	0.0139	0.0022	0.0116	0.0360	0.0176	0.0184	0.0100	0.0089	0.0011	0.0261	0.0087	0.0174	278.1864	553.4768	4.7070	367.1772	328.2544	766.9710	5.5778	13.2749	4.4263	0.0019	0.0017	0.0021	0.0030	0.0033	0.0000	0.0015	0.0000	0.0022
27	45	0.6945	8	1	2	1	1	0	0	0	0	N	Y	N	N	N	N	N	N	N	N	N	N	0.0000	0.0000	0.0000	0.0000	0.0000	0.0000	0.0000	0.0000	0.0000	0.0000	0.0000	0.0000	0.0000	0.0495	0.0000	0.0169	0.0000	0.0000	0.0000	0.0520	0.0000	0.0095	inf	0.0000	0.0000	0.0418	1.0000	6.1659	1.0000	0.0000	0.0000	0.0000	0.0000	0.0000	0.0000	0.0000	0.0000	0.0000	0.0001	0.0000	0.0001	0.0000	0.0000	0.0000	0.0001	0.0000	0.0001	0.0044	0.0041	0.0003	0.0023	0.0023	0.0000	0.0021	0.0018	0.0003	0.0205	0.0130	0.0076	0.0108	0.0095	0.0013	0.0098	0.0035	0.0063	0.0000	0.0000	0.0000	0.0000	0.0000	0.0000	0.0000	0.0000	0.0000	0.0029	0.0000	0.0079	0.0000	0.0000	0.0000	0.0061	0.0000	0.0095						
27	46	0.0851	2	1	2	0	0	0	0	0	0	N	Y	N	N	N	N	N	N	N	N	N	N	0.0000	0.0000	0.0000	0.0000	0.0000	0.0000	0.0000	0.0000	0.0000	0.0000	0.0000	0.0000	0.0000	0.0000	0.0000	0.0000	0.0000	0.0000	0.0000	0.0000	0.0418	0.0000	6.1659	0.0000	0.0000	0.0000	0.0000	0.0000	0.0000	0.0000	0.0000	0.0000	0.0000	0.0000	0.0000	0.0000	0.0000	0.0000	0.0000	0.0000	0.0000	0.0000	0.0000	0.0000	0.0000	0.0000	0.0000	0.0000	0.0000	0.0000	0.0000	0.0000	0.0000	0.0000	0.0000	0.0000	0.0000	0.0000	0.0000	0.0000	0.0000	0.0000	0.0000	0.0000	0.0000	0.0000	0.0000	0.0000	0.0000	0.0000	0.0000	0.0000	0.0000	0.0000	0.0000	0.0000	0.0000	0.0000											
27	47	0.1391	5	1	2	0	1	0	0	0	0	N	Y	N	N	N	N	N	N	N	N	N	N	0.0000	0.0000	0.0000	0.0000	0.0000	0.0000	0.0000	0.0000	0.0000	0.0000	0.0000	0.0000	0.0000	0.0000	0.0000	0.0000	0.0000	0.0000	0.0000	0.0000	0.0418	0.0000	6.1659	1.0000	0.0000	0.0000	0.0000	0.0000	0.0000	0.0000	0.0000	0.0000	0.0000	0.0000	0.0000	0.0000	0.0000	0.0000	0.0000	0.0000	0.0000	0.0000	0.0240	0.0122	0.0118	0.0120	0.0120	0.0000	0.0120	0.0002	0.0118	0.0192	0.0096	0.0096	0.0055	0.0049	0.0006	0.0137	0.0047	0.0090	0.0000	0.0000	0.0000	0.0000	0.0000	0.0000	0.0000	0.0000	0.0000	0.0000	0.0000	0.0000	0.0000	0.0000	0.0000	0.0000	0.0000	0.0000											
27	48	0.0851	2	2	2	0	0	0	0	0	0	Y	Y	N	N	N	N	N	N	N	N	N	N	0.0000	0.0000	0.0000	0.0000	0.0000	0.0000	0.0000	0.0000	0.0000	0.0000	0.0000	0.0000	0.0000	0.1712	0.5051	0.0000	1.0864	1.0357	0.0000	0.0000	0.0000	0.0000	0.0000	0.0000	-0.0001	0.0418	0.0000	6.1659	4.0000	0.0000	0.0000	0.0000	0.0000	0.0000	0.0000	0.0000	0.0000	0.0000	0.0003	0.0003	0.0000	0.0003	0.0003	0.0000	0.0000	0.0000	0.0000	0.0000	0.0000	0.0000	0.0000	0.0000	0.0000	0.0000	0.0000	0.0000	0.0532	0.0234	0.0298	0.0036	0.0033	0.0003	0.0496	0.0200	0.0295	0.0000	0.0000	0.0000	0.0000	0.0000	0.0000	0.0000	0.0000	0.0000	0.0047	0.0107	0.0000	0.0689	0.0747	0.0000	0.0000	0.0000	0.0000						
27	49	0.1598	6	1	1	1	0	0	0	0	0	N	N	N	N	N	N	N	N	N	N	N	N	0.0000	0.0000	0.0000	0.0000	0.0000	0.0000	0.0000	0.0000	0.0000	0.0000	0.0000	0.0000	0.0000	0.0000	0.0000	0.0000	0.0000	0.0000	0.0000	0.0000	0.0418	0.0000	6.1659	0.0000	0.0000	0.0000	0.0000	0.0000	0.0000	0.0000	0.0000	0.0000	0.0000	0.0000	0.0000	0.0000	0.0000	0.0000	0.0000	0.0000	0.0000	0.0000	0.0000	0.0000	0.0000	0.0000	0.0000	0.0000	0.0000	0.0000	0.0000	0.0000	0.0000	0.0000	0.0000	0.0000	0.0000	0.0000	0.0000	0.0000	0.0000	0.0000	0.0000	0.0000	0.0000	0.0000	0.0000	0.0000	0.0000	0.0000	0.0000	0.0000	0.0000	0.0000	0.0000	0.0000	0.0000	0.0000											
27	50	0.7035	7	1	1	1	0	0	0	0	0	N	N	N	N	N	N	N	N	N	N	N	N	0.0000	0.0000	0.0000	0.0000	0.0000	0.0000	0.0000	0.0000	0.0000	0.0000	0.0000	0.0000	0.0000	0.0069	0.0094	0.0000	0.0000	0.0000	0.0000	0.0107	0.4353	0.0000	0.0000	0.0000	-0.0000	0.0418	1.0000	6.1659	1.0000	0.0000	0.0000	0.0000	0.0000	0.0000	0.0000	0.0000	0.0000	0.0000	0.0000	0.0000	0.0000	0.0000	0.0000	0.0000	0.0000	0.0000	0.0000	0.0045	0.0042	0.0003	0.0023	0.0023	0.0001	0.0022	0.0019	0.0003	0.0206	0.0125	0.0081	0.0110	0.0096	0.0014	0.0096	0.0030	0.0067	0.0000	0.0000	0.0000	0.0000	0.0000	0.0000	0.0000	0.0000	0.0000	0.0010	0.0016	0.0000	0.0000	0.0000	0.0000	0.0021	0.0068	0.0000						
27	51	0.7080	7	1	2	0	0	0	0	0	0	N	Y	N	N	N	N	N	N	N	N	N	N	0.0022	0.0024	0.0000	0.0132	0.0145	0.0000	0.0000	0.0000	0.0000	0.0002	0.0002	0.0000	0.0003	0.0003	0.0000	0.0000	0.0000	0.0000	0.0843	0.1046	0.0000	0.0219	0.0238	0.0000	0.0000	0.0004	0.0000	0.0455	0.0002	-0.0000	-0.0000	0.0418	0.0003	6.1659	0.9690	0.0000	0.0000	0.0000	0.0000	0.0000	0.0000	0.0000	0.0000	0.0000	0.0001	0.0001	0.0000	0.0001	0.0001	0.0000	0.0000	0.0000	0.0000	0.0000	0.0000	0.0000	0.0000	0.0000	0.0000	0.0000	0.0000	0.0000	0.0199	0.0150	0.0048	0.0138	0.0125	0.0013	0.0061	0.0025	0.0036	0.0537	0.0559	0.0000	0.0591	0.0640	0.0000	0.0000	0.0000	0.0000	0.0034	0.0045	0.0000	0.0049	0.0054	0.0000	0.0000	0.0000	0.0000
27	52	0.1632	6	1	2	0	0	0	0	0	0	N	Y	N	N	N	N	N	N	N	N	N	N	0.0029	0.0019	0.0000	0.0056	0.0053	0.0000	0.0000	0.0000	0.0000	0.0151	0.0168	0.0000	0.0379	0.0382	0.0000	0.0000	0.0000	0.0000	5.2944	8.6977	0.0438	6.7755	7.1828	0.0236	4.5009	11.3252	0.0157	0.0000	0.0010	-0.0000	-0.0831	0.0418	0.9211	6.1659	0.1671	0.0001	0.0001	0.0000	0.0001	0.0001	0.0000	0.0000	0.0000	0.0000	0.1596	0.1594	0.0002	0.0835	0.0835	0.0000	0.0761	0.0759	0.0001	0.0048	0.0043	0.0005	0.0019	0.0019	0.0000	0.0029	0.0024	0.0005	0.0301	0.0183	0.0118	0.0132	0.0116	0.0016	0.0169	0.0067	0.0102	0.0029	0.0019	0.0000	0.0060	0.0053	0.0000	0.0000	0.0000	0.0000	5.2944	8.6977	0.0141	6.3070	7.1828	0.0117	4.5009	11.3252	0.0145
27	53	0.6945	8	1	2	0	0	0	0	0	0	N	Y	N	N	N	N	N	N	N	N	N	N	0.2442	0.0000	11.6349	0.0000	0.0000	0.4350	11.4179	0.0023	0.0000	0.0318	0.0000	0.0000	0.0000	0.0048	0.0000	0.0377	0.0093	0.0006	0.0027	0.0009	0.0008	0.0000	0.0110	0.0000	0.0033	inf	5.9998	0.0000	0.0000	0.0418	1.0000	6.1659	5.0000	0.0000	0.0000	0.0000	0.0000	0.0000	0.0000	0.0000	0.0000	0.0000	0.0001	0.0000	0.0001	0.0000	0.0000	0.0000	0.0001	0.0000	0.0001	0.0044	0.0041	0.0003	0.0023	0.0023	0.0000	0.0021	0.0018	0.0003	0.0595	0.0376	0.0220	0.0313	0.0275	0.0038	0.0283	0.0101	0.0182	1.9246	0.0000	11.6349	0.0000	0.0000	0.0000	2.2486	0.0000	11.4179	0.0012	0.0003	0.0027	0.0003	0.0004	0.0000	0.0021	0.0000	0.0033		
27	54	0.6792	7	1	1	0	0	0	0	0	0	N	N	N	N	N	N	N	N	N	N	N	N	0.0000	0.0000	0.0000	0.0000	0.0000	0.0000	0.0000	0.0000	0.0000	0.0000	0.0000	0.0000	0.0000	0.0000	0.0000	0.0000	0.0152	0.0247	0.0000	0.0113	0.0108	0.0000	0.0000	0.0000	0.0000	0.0000	-0.0000	-0.0000	0.0418	0.0000	6.1659	2.9157	0.0000	0.0000	0.0000	0.0000	0.0000	0.0000	0.0000	0.0000	0.0000	0.0001	0.0001	0.0000	0.0001	0.0001	0.0000	0.0000	0.0000	0.0000	0.0000	0.0000	0.0000	0.0000	0.0000	0.0000	0.0000	0.0000	0.0000	0.0377	0.0229	0.0148	0.0194	0.0175	0.0019	0.0183	0.0053	0.0130	0.0000	0.0000	0.0000	0.0000	0.0000	0.0000	0.0000	0.0000	0.0000	0.0016	0.0026	0.0000	0.0031	0.0034	0.0000	0.0000	0.0000	0.0000			
27	55	0.1391	5	1	2	0	0	0	0	0	0	N	Y	N	N	N	N	N	N	N	N	N	N	0.0000	0.0000	0.0000	0.0000	0.0000	0.0000	0.0000	0.0000	0.0000	0.0000	0.0000	0.0000	0.0000	0.0054	0.0113	0.0000	0.0112	0.0112	0.0000	0.0000	0.0000	0.0000	0.0000	0.0000	-0.0000	0.0418	2.0000	6.1659	3.0000	0.0000	0.0000	0.0000	0.0000	0.0000	0.0000	0.0000	0.0000	0.0000	0.0001	0.0001	0.0000	0.0001	0.0001	0.0000	0.0000	0.0000	0.0000	0.0295	0.0180	0.0115	0.0137	0.0137	0.0001	0.0158	0.0043	0.0115	0.0855	0.0409	0.0447	0.0226	0.0200	0.0026	0.0629	0.0209	0.0421	0.0000	0.0000	0.0000	0.0000	0.0000	0.0000	0.0000	0.0000	0.0000	0.0008	0.0017	0.0000	0.0031	0.0035	0.0000	0.0000	0.0000	0.0000						
27	56	0.6714	6	1	2	0	1	0	0	0	0	N	Y	N	N	N	N	N	N	N	N	N	N	3.6959	1767.5340	0.0600	11.7611	17.6848	0.0000	8.9680	inf	0.1088	2.9440	3.1685	0.0121	0.0252	0.0257	0.0000	6.0990	6.9794	0.0141	0.7965	0.0018	0.2011	0.0021	0.0015	0.0023	0.6801	0.0000	0.1299	0.0003	73.3336	-0.0064	0.0010	0.0418	1.7218	6.1659	6.9557	0.0248	0.0248	0.0000	0.0001	0.0001	0.0000	0.0247	0.0246	0.0000	0.0022	0.0000	0.0022	0.0000	0.0000	0.0000	0.0022	0.0000	0.0022	0.0084	0.0078	0.0006	0.0044	0.0043	0.0001	0.0040	0.0035	0.0005	0.0848	0.0529	0.0319	0.0439	0.0385	0.0053	0.0410	0.0144	0.0265	111.9593	5590.4966	0.1748	27.5948	32.9672	0.0000	114.0601	inf	0.1712	0.0263	0.0006	0.0690	0.0009	0.0008	0.0019	0.0535	0.0000	0.0826
27	57	0.6825	6	2	1	1	0	0	0	0	0	Y	N	N	N	N	N	N	N	N	N	N	N	0.0000	0.0000	0.0000	0.0000	0.0000	0.0000	0.0000	0.0009	0.0010	0.0000	0.0016	0.0017	0.0000	0.0000	0.0000	0.0000	25.4135	38.4054	0.0003	42.4801	48.2849	0.0000	0.0003	0.0000	0.0003	0.0000	0.0000	-0.0000	-1.5466	0.0418	8.9999	6.1659	5.0001	0.0000	0.0000	0.0000	0.0000	0.0000	0.0000	0.0000	0.0000	0.0000	2.9633	2.9633	0.0000	2.9633	2.9633	0.0000	0.0000	0.0000	0.0000	0.0338	0.0314	0.0023	0.0182	0.0178	0.0004	0.0155	0.0136	0.0019	0.1166	0.0772	0.0394	0.0698	0.0614	0.0084	0.0468	0.0158	0.0311	0.0000	0.0000	0.0000	0.0000	0.0000	0.0000	0.0000	0.0000	0.0000	25.4135	38.4054	0.0003	42.4801	48.2849	0.0000	0.0002	0.0000	0.0003		
27	58	0.0851	2	2	1	1	0	0	0	0	0	Y	N	N	N	N	N	N	N	N	N	N	N	0.0000	0.0000	0.0000	0.0000	0.0000	0.0000	0.0000	0.0000	0.0000	0.0000	0.0000	0.0000	0.0000	0.0000	0.0000	0.0000	0.0000	0.0000	0.0000	0.0000	0.0418	0.0000	6.1659	1.0000	0.0000	0.0000	0.0000	0.0000	0.0000	0.0000	0.0000	0.0000	0.0000	0.0000	0.0000	0.0000	0.0000	0.0000	0.0000	0.0000	0.0000	0.0000	0.0000	0.0000	0.0000	0.0000	0.0000	0.0000	0.0000	0.0000	0.0000	0.0141	0.0062	0.0079	0.0009	0.0009	0.0001	0.0132	0.0053	0.0079	0.0000	0.0000	0.0000	0.0000	0.0000	0.0000	0.0000	0.0000	0.0000	0.0000	0.0000	0.0000	0.0000	0.0000	0.0000	0.0000	0.0000	0.0000											
27	59	0.7080	7	1	1	1	0	0	0	0	0	N	N	N	N	N	N	N	N	N	N	N	N	0.2002	115.4876	0.0007	2.4268	251.7889	0.0000	0.0003	2.1394	0.0000	0.1753	0.2431	0.0004	0.2946	0.3461	0.0000	0.0003	0.0004	0.0000	0.8757	0.0021	0.5158	0.1214	0.0014	0.3355	0.9475	0.0002	0.2517	0.0006	77.6163	-0.0000	0.0004	0.0418	0.0006	6.1659	1.1867	0.0000	0.0000	0.0000	0.0000	0.0000	0.0000	0.0000	0.0000	0.0000	0.0008	0.0000	0.0008	0.0002	0.0000	0.0002	0.0006	0.0000	0.0006	0.0000	0.0000	0.0000	0.0000	0.0000	0.0000	0.0000	0.0000	0.0000	0.0221	0.0164	0.0057	0.0149	0.0135	0.0014	0.0072	0.0029	0.0043	4.9545	400.5483	0.0028	26.8378	468.8312	0.0000	0.0039	959.6505	0.0000	0.0354	0.0006	0.1351	0.0110	0.0007	0.1087	0.0857	0.0000	0.1438
27	60	0.6714	6	1	1	0	0	0	0	0	0	N	N	N	N	N	N	N	N	N	N	N	N	0.0015	0.0009	4.3202	0.0028	0.0027	40.8986	1.4166	2.0655	4.2104	0.0007	0.0007	0.0016	0.0010	0.0010	0.0000	0.0005	0.0003	0.0019	0.4981	0.7478	0.0004	0.3568	0.3788	0.0000	0.0003	0.0001	0.0005	0.1838	0.0130	-0.0000	-0.0004	0.0418	2.2785	6.1659	4.8627	0.0000	0.0000	0.0000	0.0000	0.0000	0.0000	0.0000	0.0000	0.0000	0.0008	0.0008	0.0000	0.0008	0.0008	0.0000	0.0000	0.0000	0.0000	0.0107	0.0099	0.0008	0.0055	0.0054	0.0001	0.0051	0.0045	0.0006	0.0707	0.0441	0.0266	0.0365	0.0321	0.0044	0.0342	0.0120	0.0221	0.0676	0.0389	4.3202	0.0470	0.0421	40.8986	1.6428	2552.6634	4.2104	0.0111	0.0175	0.0004	0.0211	0.0241	0.0000	0.0003	0.0000	0.0005
27	61	0.1632	6	1	1	1	0	0	0	0	0	N	N	N	N	N	N	N	N	N	N	N	N	0.0005	6.0460	0.0000	0.0017	12.3007	0.0000	0.0000	0.0000	0.0000	0.0130	0.0144	0.0000	0.0326	0.0328	0.0000	0.0000	0.0000	0.0000	25.7668	0.0024	50.9292	19.3251	0.0027	148.2268	28.4111	0.0001	50.5568	0.0000	79096.8153	-0.0000	1.8529	0.0418	1.0901	6.1659	7.9319	0.0001	0.0001	0.0000	0.0001	0.0001	0.0000	0.0000	0.0000	0.0000	3.8756	0.0000	3.8756	0.8459	0.0000	0.8459	3.0297	0.0000	3.0297	0.0056	0.0050	0.0005	0.0022	0.0022	0.0000	0.0033	0.0028	0.0005	0.1504	0.0743	0.0761	0.0438	0.0381	0.0057	0.1066	0.0362	0.0704	0.0005	21.8024	0.0000	0.0017	25.5042	0.0000	0.0000	0.0000	0.0000	25.7668	0.0007	50.9292	19.3251	0.0013	148.2268	28.4111	0.0000	43.0412
27	62	0.1331	5	1	1	0	0	0	0	0	0	N	N	N	N	N	N	N	N	N	N	N	N	0.0490	0.0446	0.0002	2.0502	6.7091	0.0050	0.0001	0.0000	0.0003	0.5123	0.8560	0.0026	1.0890	1.0928	0.0036	0.0020	0.0000	0.0026	10.4466	19.2111	10.4468	0.5311	0.1629	0.7135	14.8595	42.9977	9.3743	0.0020	0.1267	-0.0038	-0.3902	0.0418	1.6797	6.1659	2.9843	0.0146	0.0145	0.0000	0.0145	0.0145	0.0000	0.0000	0.0000	0.0000	0.9530	0.8459	0.1072	0.0009	0.0003	0.0006	0.9521	0.8455	0.1066	0.0284	0.0170	0.0115	0.0133	0.0133	0.0000	0.0151	0.0037	0.0114	0.0912	0.0440	0.0472	0.0272	0.0244	0.0028	0.0641	0.0197	0.0444	0.0490	0.0446	0.0011	32.6933	78.9660	0.0176	0.0001	0.0000	0.0011	10.4466	19.2111	2.2704	0.0333	0.0138	0.2035	14.8595	42.9977	2.4001
27	63	0.1229	4	1	1	0	0	0	0	0	0	N	N	N	N	N	N	N	N	N	N	N	N	0.0229	0.3779	0.0126	0.1429	0.8713	0.0145	0.0164	0.0000	0.0098	0.4745	0.4324	0.5237	0.4770	0.4761	0.8212	0.4721	0.0000	0.5228	20.7530	1.1444	41.7106	3.3388	0.5465	56.6145	28.8614	2.0474	53.2594	1.0380	992.5571	0.0030	0.4055	0.0418	0.4935	6.1659	1.5835	0.0120	0.0059	0.0061	0.0059	0.0059	0.0000	0.0061	0.0000	0.0061	0.8498	0.0009	0.8490	0.0081	0.0004	0.0077	0.8418	0.0005	0.8413	0.0253	0.0136	0.0117	0.0124	0.0124	0.0000	0.0129	0.0013	0.0117	0.0410	0.0206	0.0204	0.0118	0.0106	0.0012	0.0292	0.0100	0.0192	0.0229	10.4124	0.0126	0.6950	12.7709	0.1263	0.0164	0.0000	0.0119	20.7530	0.0415	41.7106	0.6864	0.0373	6.5020	28.8614	0.0460	43.8838
27	64	0.1598	6	1	2	0	0	0	0	0	0	N	Y	N	N	N	N	N	N	N	N	N	N	0.0000	0.0000	0.9980	0.0000	0.0000	5.9924	0.0471	0.0000	0.6461	0.0000	0.0000	0.0001	0.0000	0.0000	0.0007	0.0000	0.0000	0.0000	0.1163	0.3508	0.0001	0.1538	0.1440	0.0001	0.0001	0.0024	0.0001	inf	0.0081	0.0000	-0.0000	0.0418	0.2944	6.1659	1.0083	0.0000	0.0000	0.0000	0.0000	0.0000	0.0000	0.0000	0.0000	0.0000	0.0001	0.0001	0.0000	0.0001	0.0001	0.0000	0.0000	0.0000	0.0000	0.0019	0.0017	0.0002	0.0008	0.0008	0.0000	0.0011	0.0009	0.0002	0.0239	0.0118	0.0122	0.0073	0.0065	0.0008	0.0166	0.0052	0.0114	0.0014	0.0000	0.9980	0.0005	0.0000	5.9924	0.0786	0.0000	0.6461	0.0037	0.0075	0.0001	0.0120	0.0133	0.0001	0.0001	0.0001	0.0001
27	65	0.1391	5	1	1	0	0	0	0	0	0	N	N	N	N	N	N	N	N	N	N	N	N	13.7862	0.0000	614.3222	0.9142	0.0002	4243.4823	47.2296	0.0000	583.8091	0.3873	0.0000	0.9053	0.0036	0.0000	1.1582	0.7390	0.0000	0.9044	0.0281	0.0327	0.0015	0.0039	0.0037	0.0003	0.0156	0.2069	0.0015	1064554.9495	0.5141	0.0078	-0.0000	0.0418	1.1351	6.1659	2.0429	0.0105	0.0000	0.0105	0.0000	0.0000	0.0000	0.0105	0.0000	0.0105	0.0001	0.0001	0.0000	0.0000	0.0000	0.0000	0.0001	0.0001	0.0000	0.0272	0.0156	0.0116	0.0130	0.0130	0.0000	0.0142	0.0026	0.0116	0.0564	0.0272	0.0292	0.0152	0.0135	0.0017	0.0411	0.0137	0.0275	172.3780	0.0002	614.3222	2.3565	0.0005	4397.1720	294.0118	0.0000	583.8091	0.0022	0.0031	0.0015	0.0015	0.0017	0.0003	0.0025	0.0045	0.0015
27	66	0.1229	4	1	1	0	0	0	0	0	0	N	N	N	N	N	N	N	N	N	N	N	N	0.4508	0.2683	1010.6054	0.2389	0.2287	46999.9560	1096.8688	0.0000	952.4211	0.4769	0.4479	0.5108	0.4938	0.4930	0.8017	0.4607	0.0000	0.5100	1.0579	1.6693	0.0005	2.0672	2.1550	0.0000	0.0004	0.0012	0.0005	0.9781	0.0045	0.0028	-0.0016	0.0418	0.4912	6.1659	2.4266	0.0121	0.0061	0.0060	0.0061	0.0061	0.0000	0.0059	0.0000	0.0059	0.0031	0.0031	0.0000	0.0031	0.0031	0.0000	0.0000	0.0000	0.0000	0.0253	0.0136	0.0117	0.0124	0.0124	0.0000	0.0129	0.0012	0.0117	0.0551	0.0272	0.0279	0.0154	0.0137	0.0016	0.0397	0.0134	0.0263	8.3638	3.8883	1010.6054	2.4255	2.1665	46999.9560	1271.3016	0.0000	952.4211	0.0570	0.1152	0.0005	0.2036	0.2275	0.0000	0.0004	0.0000	0.0005
27	67	0.1178	3	1	1	0	0	0	0	0	0	N	N	N	N	N	N	N	N	N	N	N	N	0.3610	0.2713	0.8868	0.2358	0.2342	5.1703	0.6380	0.0001	1.9861	0.4609	0.4153	0.5172	0.4654	0.4652	0.5016	0.4564	0.0000	0.5173	1.2767	1.5308	0.5832	1.9739	1.9864	0.0970	0.7153	0.0240	0.2604	1.0082	0.5799	0.0029	-0.0013	0.0418	0.6141	6.1659	1.2701	0.0121	0.0060	0.0061	0.0060	0.0060	0.0000	0.0060	0.0000	0.0060	0.0086	0.0054	0.0031	0.0054	0.0054	0.0000	0.0032	0.0000	0.0031	0.0262	0.0145	0.0117	0.0130	0.0129	0.0001	0.0132	0.0016	0.0117	0.0836	0.0623	0.0214	0.0294	0.0287	0.0007	0.0542	0.0335	0.0207	4.4935	4.7618	3.5117	2.5283	2.4811	12.9172	7.8181	0.0018	3.4293	0.1026	0.0872	0.1473	0.1841	0.1875	0.0388	0.0584	0.0013	0.1508
27	68	0.0851	2	2	2	1	0	0	0	0	0	Y	Y	N	N	N	N	N	N	N	N	N	N	0.0000	0.0000	0.0000	0.0000	0.0000	0.0000	0.0000	0.0000	0.0000	0.0000	0.0000	0.0000	0.0000	0.0000	0.0000	0.0000	0.0000	0.0000	0.0000	0.0000	0.0418	0.0000	6.1659	0.0000	0.0000	0.0000	0.0000	0.0000	0.0000	0.0000	0.0000	0.0000	0.0000	0.0000	0.0000	0.0000	0.0000	0.0000	0.0000	0.0000	0.0000	0.0000	0.0000	0.0000	0.0000	0.0000	0.0000	0.0000	0.0000	0.0000	0.0000	0.0000	0.0000	0.0000	0.0000	0.0000	0.0000	0.0000	0.0000	0.0000	0.0000	0.0000	0.0000	0.0000	0.0000	0.0000	0.0000	0.0000	0.0000	0.0000	0.0000	0.0000	0.0000	0.0000	0.0000	0.0000	0.0000	0.0000											
27	69	0.7278	8	2	2	1	0	0	0	0	0	Y	Y	N	N	N	N	N	N	N	N	N	N	0.0000	0.0000	0.0000	0.0000	0.0000	0.0000	0.0000	0.0000	0.0000	0.0000	0.0000	0.0000	0.0000	0.0000	0.0000	0.0000	0.0000	0.0000	0.0000	0.0000	0.0418	1.0000	6.1659	0.0000	0.0000	0.0000	0.0000	0.0000	0.0000	0.0000	0.0000	0.0000	0.0000	0.0000	0.0000	0.0000	0.0000	0.0000	0.0000	0.0000	0.0000	0.0000	0.0031	0.0029	0.0002	0.0022	0.0021	0.0001	0.0009	0.0008	0.0001	0.0086	0.0054	0.0031	0.0049	0.0043	0.0006	0.0036	0.0011	0.0026	0.0000	0.0000	0.0000	0.0000	0.0000	0.0000	0.0000	0.0000	0.0000	0.0000	0.0000	0.0000	0.0000	0.0000	0.0000	0.0000	0.0000	0.0000											
27	70	0.7278	8	2	2	1	0	0	0	0	0	Y	Y	N	N	N	N	N	N	N	N	N	N	0.0000	0.0000	0.0000	0.0000	0.0000	0.0000	0.0000	0.0000	0.0000	0.0000	0.0000	0.0000	0.0000	0.0000	0.0000	0.0000	0.0000	0.0000	0.0000	0.0000	0.0418	0.0000	6.1659	0.0000	0.0000	0.0000	0.0000	0.0000	0.0000	0.0000	0.0000	0.0000	0.0000	0.0000	0.0000	0.0000	0.0000	0.0000	0.0000	0.0000	0.0000	0.0000	0.0000	0.0000	0.0000	0.0000	0.0000	0.0000	0.0000	0.0000	0.0000	0.0000	0.0000	0.0000	0.0000	0.0000	0.0000	0.0000	0.0000	0.0000	0.0000	0.0000	0.0000	0.0000	0.0000	0.0000	0.0000	0.0000	0.0000	0.0000	0.0000	0.0000	0.0000	0.0000	0.0000	0.0000	0.0000	0.0000											
27	71	0.7055	7	2	2	1	0	0	0	0	0	Y	Y	N	N	N	N	N	N	N	N	N	N	inf	inf	inf	inf	0.0017	0.0018	0.0000	0.0025	0.0026	0.0000	0.0000	0.0000	0.0000	0.0000	0.0000	0.0000	0.0000	0.0000	0.0000	0.0000	0.0000	0.0000	0.0000	-0.0000	0.0000	0.0418	2.0000	6.1659	1.0000	0.0000	0.0000	0.0000	0.0000	0.0000	0.0000	0.0000	0.0000	0.0000	0.0000	0.0000	0.0000	0.0000	0.0000	0.0000	0.0000	0.0000	0.0000	0.0058	0.0054	0.0004	0.0041	0.0039	0.0002	0.0018	0.0015	0.0002	0.0250	0.0157	0.0093	0.0142	0.0126	0.0017	0.0108	0.0031	0.0077	inf	inf	0.0000	inf	inf	0.0000	0.0000	0.0000	0.0000	0.0000	0.0000	0.0000	0.0000	0.0000	0.0000	0.0000	0.0000	0.0000						
27	72	0.6825	6	2	1	1	0	0	0	0	0	Y	N	N	N	N	N	N	N	N	N	N	N	0.0559	21.5247	0.0096	6.7163	19.4269	103.4742	0.0000	0.0000	0.0000	0.0000	0.0000	0.0000	0.0000	0.0000	0.0000	0.0000	0.0000	0.0000	0.0001	0.0000	0.0000	0.0000	0.0000	0.0000	inf	inf	0.0000	0.0000	0.0418	1.0017	6.1659	2.0007	0.0000	0.0000	0.0000	0.0000	0.0000	0.0000	0.0000	0.0000	0.0000	0.0000	0.0000	0.0000	0.0000	0.0000	0.0000	0.0000	0.0000	0.0000	0.0046	0.0043	0.0003	0.0026	0.0025	0.0001	0.0021	0.0018	0.0003	0.0272	0.0180	0.0091	0.0163	0.0144	0.0019	0.0109	0.0037	0.0072	4.3991	0.0000	21.5247	1.3967	0.0000	6.7163	19.4269	0.0000	103.4742	0.0000	0.0000	0.0000	0.0000	0.0000	0.0000	0.0000	0.0000	0.0000			
27	73	0.1043	3	2	2	0	0	0	0	0	0	Y	Y	N	N	N	N	N	N	N	N	N	N	0.0000	0.0000	0.0000	0.0000	0.0000	0.0000	0.0000	0.0000	0.0000	0.0000	0.0000	0.0000	0.0000	0.0000	0.0000	0.0000	0.0000	0.0000	0.0000	0.0000	0.0418	0.0000	6.1659	0.0000	0.0000	0.0000	0.0000	0.0000	0.0000	0.0000	0.0000	0.0000	0.0000	0.0000	0.0000	0.0000	0.0000	0.0000	0.0000	0.0000	0.0000	0.0000	0.0000	0.0000	0.0000	0.0000	0.0000	0.0000	0.0000	0.0000	0.0000	0.0000	0.0000	0.0000	0.0000	0.0000	0.0000	0.0000	0.0000	0.0000	0.0000	0.0000	0.0000	0.0000	0.0000	0.0000	0.0000	0.0000	0.0000	0.0000	0.0000	0.0000	0.0000	0.0000	0.0000	0.0000	0.0000	0.0000											
27	74	0.7095	7	2	2	0	0	0	0	0	0	Y	Y	N	N	N	N	N	N	N	N	N	N	0.0000	0.0000	0.0000	0.0000	0.0000	0.0000	0.0000	0.0000	0.0000	0.0000	0.0000	0.0000	0.0000	0.0000	0.0000	0.0000	0.0000	0.0000	0.0000	0.0000	0.0418	0.0000	6.1659	0.0010	0.0000	0.0000	0.0000	0.0000	0.0000	0.0000	0.0000	0.0000	0.0000	0.0000	0.0000	0.0000	0.0000	0.0000	0.0000	0.0000	0.0000	0.0000	0.0000	0.0000	0.0000	0.0000	0.0000	0.0000	0.0000	0.0000	0.0000	0.0047	0.0038	0.0009	0.0024	0.0023	0.0000	0.0023	0.0014	0.0009	0.0000	0.0000	0.0000	0.0000	0.0000	0.0000	0.0000	0.0000	0.0000	0.0000	0.0000	0.0000	0.0000	0.0000	0.0000	0.0000	0.0000	0.0000											
27	75	0.6986	9	1	2	0	1	0	0	0	0	N	Y	N	N	N	N	N	N	N	N	N	N	0.0000	0.0000	0.0000	0.0000	0.0000	0.0000	0.0000	0.0000	0.0000	0.0000	0.0000	0.0000	0.0000	0.0000	0.0000	0.0000	0.0000	0.0000	0.0000	0.0000	0.0418	0.0000	6.1659	0.0000	0.0000	0.0000	0.0000	0.0000	0.0000	0.0000	0.0000	0.0000	0.0000	0.0000	0.0000	0.0000	0.0000	0.0000	0.0000	0.0000	0.0000	0.0000	0.0000	0.0000	0.0000	0.0000	0.0000	0.0000	0.0000	0.0000	0.0000	0.0000	0.0000	0.0000	0.0000	0.0000	0.0000	0.0000	0.0000	0.0000	0.0000	0.0000	0.0000	0.0000	0.0000	0.0000	0.0000	0.0000	0.0000	0.0000	0.0000	0.0000	0.0000	0.0000	0.0000	0.0000	0.0000	0.0000											
27	76	0.6986	9	1	1	0	1	0	0	0	0	N	N	N	N	N	N	N	N	N	N	N	N	0.0000	0.0000	0.0000	0.0000	0.0000	0.0000	0.0000	0.0000	0.0000	0.0000	0.0000	0.0000	0.0000	0.0000	0.0000	0.0000	0.0000	0.0000	0.0000	0.0000	0.0418	0.0000	6.1659	0.0000	0.0000	0.0000	0.0000	0.0000	0.0000	0.0000	0.0000	0.0000	0.0000	0.0000	0.0000	0.0000	0.0000	0.0000	0.0000	0.0000	0.0000	0.0000	0.0000	0.0000	0.0000	0.0000	0.0000	0.0000	0.0000	0.0000	0.0000	0.0000	0.0000	0.0000	0.0000	0.0000	0.0000	0.0000	0.0000	0.0000	0.0000	0.0000	0.0000	0.0000	0.0000	0.0000	0.0000	0.0000	0.0000	0.0000	0.0000	0.0000	0.0000	0.0000	0.0000	0.0000	0.0000	0.0000											
27	77	0.6833	8	1	1	0	1	0	0	0	0	N	N	N	N	N	N	N	N	N	N	N	N	0.9561	37.0798	0.0000	62.9868	137.6108	0.0000	0.0000	0.0000	0.0000	0.1077	0.1452	0.0000	0.2097	0.2119	0.0000	0.0000	0.0000	0.0000	0.1127	0.0039	0.0208	0.0033	0.0015	0.0044	0.1082	0.0239	0.0117	0.0016	5.3104	-0.0000	0.0001	0.0418	0.0002	6.1659	2.9297	0.0000	0.0000	0.0000	0.0000	0.0000	0.0000	0.0000	0.0000	0.0000	0.0003	0.0000	0.0002	0.0001	0.0000	0.0000	0.0002	0.0000	0.0002	0.0000	0.0000	0.0000	0.0000	0.0000	0.0000	0.0000	0.0000	0.0000	0.0723	0.0464	0.0260	0.0501	0.0404	0.0097	0.0222	0.0060	0.0163	29.7121	161.9568	0.0000	164.4442	253.8529	0.0000	0.0000	0.0000	0.0000	0.0036	0.0009	0.0085	0.0013	0.0008	0.0031	0.0089	0.0013	0.0117
27	78	0.6792	7	1	1	0	1	0	0	0	0	N	N	N	N	N	N	N	N	N	N	N	N	0.4184	0.0000	2035.5087	0.0093	0.0000	388.5636	133.7907	0.0000	2126.5487	0.1816	0.0000	2.5742	0.0025	0.0000	0.0811	0.3790	0.0000	2.9836	0.4340	0.6762	0.0013	0.2702	0.2781	0.0002	0.0028	0.0087	0.0014	inf	0.0560	0.0000	-0.0001	0.0418	0.0003	6.1659	2.1916	0.0000	0.0000	0.0000	0.0000	0.0000	0.0000	0.0000	0.0000	0.0000	0.0003	0.0003	0.0000	0.0003	0.0003	0.0000	0.0000	0.0000	0.0000	0.0000	0.0000	0.0000	0.0000	0.0000	0.0000	0.0000	0.0000	0.0000	0.0305	0.0184	0.0122	0.0157	0.0143	0.0014	0.0148	0.0041	0.0107	19.1032	0.0000	2035.5087	0.1442	0.0000	388.5636	327.8931	0.0000	2126.5487	0.0095	0.0150	0.0013	0.0174	0.0191	0.0002	0.0012	0.0005	0.0014
27	79	0.6714	6	1	1	0	0	0	0	0	0	N	N	N	N	N	N	N	N	N	N	N	N	0.0237	47.8944	0.0000	81.3799	90.5494	0.0000	inf	0.0000	0.0025	0.0027	0.0000	0.0048	0.0049	0.0000	0.0000	0.0000	0.0000	0.1048	0.0001	0.0235	0.0001	0.0001	0.0000	0.0694	0.0000	0.0113	0.0000	46375.6154	-0.0000	0.0000	0.0418	0.2782	6.1659	1.3600	0.0000	0.0000	0.0000	0.0000	0.0000	0.0000	0.0000	0.0000	0.0000	0.0001	0.0000	0.0001	0.0000	0.0000	0.0000	0.0001	0.0000	0.0001	0.0022	0.0021	0.0002	0.0011	0.0011	0.0000	0.0011	0.0009	0.0001	0.0170	0.0106	0.0064	0.0087	0.0077	0.0011	0.0083	0.0029	0.0053	0.7001	21758.5071	0.0000	28122.0001	28976.2785	0.0000	0.0004	inf	0.0000	0.0035	0.0000	0.0094	0.0000	0.0000	0.0000	0.0073	0.0000	0.0113	
27	80	0.7151	8	1	2	1	0	0	0	0	0	N	Y	N	N	N	N	N	N	N	N	N	N	0.0868	0.1174	0.0000	0.9102	0.9802	0.0000	0.0000	0.0000	0.0022	0.0025	0.0000	0.0040	0.0041	0.0000	0.0000	0.0000	0.0000	0.0255	0.0210	0.0017	0.0044	0.0042	0.0000	0.0188	0.1883	0.0022	0.0000	0.3404	-0.0000	-0.0000	0.0418	0.0029	6.1659	2.0135	0.0000	0.0000	0.0000	0.0000	0.0000	0.0000	0.0000	0.0000	0.0000	0.0000	0.0000	0.0000	0.0000	0.0000	0.0000	0.0000	0.0000	0.0000	0.0000	0.0000	0.0000	0.0000	0.0000	0.0000	0.0000	0.0000	0.0000	0.0186	0.0125	0.0061	0.0116	0.0102	0.0014	0.0070	0.0023	0.0047	1.0250	1.0285	0.0000	2.3247	2.1177	0.0000	0.0000	0.0000	0.0000	0.0022	0.0024	0.0017	0.0017	0.0020	0.0000	0.0029	0.0044	0.0022	
27	81	0.7085	7	1	2	0	0	0	0	0	0	N	Y	N	N	N	N	N	N	N	N	N	N	0.0035	0.0050	0.0099	0.0114	0.0289	0.0011	0.0012	0.0877	0.0676	0.0023	0.0024	0.0010	0.0036	0.0037	0.0003	0.0002	0.0001	0.0012	0.6492	0.4753	0.0966	0.3161	0.1288	0.2597	0.1846	0.0006	0.0184	0.0343	1.4499	-0.0000	0.0000	0.0418	0.6188	6.1659	0.9475	0.0000	0.0000	0.0000	0.0000	0.0000	0.0000	0.0000	0.0000	0.0000	0.0003	0.0001	0.0002	0.0002	0.0001	0.0001	0.0001	0.0000	0.0001	0.0037	0.0034	0.0003	0.0022	0.0022	0.0001	0.0015	0.0013	0.0002	0.0175	0.0114	0.0061	0.0107	0.0096	0.0011	0.0068	0.0018	0.0050	0.1367	0.2288	0.0341	0.1863	0.3028	0.0034	0.0178	11.2777	0.0749	0.0165	0.0104	0.0280	0.0193	0.0123	0.0815	0.0122	0.0000	0.0166
27	82	0.1075	3	1	2	1	0	0	0	0	0	N	Y	N	N	N	N	N	N	N	N	N	N	0.0000	0.0000	0.0000	0.0000	0.0000	0.0000	0.0000	0.0000	0.0000	0.0000	0.0000	0.0000	0.0000	0.0041	0.0117	0.0000	0.0472	0.0443	0.0000	0.0000	0.0000	0.0000	0.0000	0.0000	-0.0000	0.0418	0.0000	6.1659	1.0000	0.0000	0.0000	0.0000	0.0000	0.0000	0.0000	0.0000	0.0000	0.0000	0.0000	0.0000	0.0000	0.0000	0.0000	0.0000	0.0000	0.0000	0.0000	0.0000	0.0000	0.0000	0.0000	0.0000	0.0000	0.0000	0.0000	0.0000	0.0143	0.0056	0.0087	0.0014	0.0013	0.0001	0.0129	0.0043	0.0086	0.0000	0.0000	0.0000	0.0000	0.0000	0.0000	0.0000	0.0000	0.0000	0.0007	0.0018	0.0000	0.0072	0.0077	0.0000	0.0000	0.0000	0.0000						
27	83	0.6825	6	2	1	1	0	0	0	0	0	Y	N	N	N	N	N	N	N	N	N	N	N	1.3696	inf	0.0065	1.6960	inf	0.0032	0.0015	0.0094	0.0006	0.0006	0.0000	0.0011	0.0011	0.0000	0.0000	0.0000	0.0000	0.0004	0.0000	0.0006	0.0006	0.0000	0.0017	0.0003	0.0000	0.0004	0.0004	inf	-0.0000	0.0000	0.0418	9.0001	6.1659	3.0001	0.0000	0.0000	0.0000	0.0000	0.0000	0.0000	0.0000	0.0000	0.0000	0.0000	0.0000	0.0000	0.0000	0.0000	0.0000	0.0000	0.0000	0.0000	0.0338	0.0314	0.0023	0.0182	0.0178	0.0004	0.0155	0.0136	0.0019	0.1015	0.0672	0.0343	0.0607	0.0534	0.0073	0.0407	0.0137	0.0270	3.0043	inf	0.0065	6.6558	inf	0.0039	0.0017	0.0000	0.0094	0.0002	0.0000	0.0006	0.0002	0.0000	0.0014	0.0002	0.0000	0.0004	
27	84	0.0851	2	2	1	1	0	0	0	0	0	Y	N	N	N	N	N	N	N	N	N	N	N	0.0000	0.0000	0.0000	0.0000	0.0000	0.0000	0.0000	0.0000	0.0000	0.0000	0.0000	0.0000	0.0000	0.0000	0.0000	0.0000	0.0000	0.0000	0.0000	0.0000	0.0418	4.0000	6.1659	0.0000	0.0000	0.0000	0.0000	0.0000	0.0000	0.0000	0.0000	0.0000	0.0000	0.0000	0.0000	0.0000	0.0000	0.0000	0.0000	0.0000	0.0000	0.0000	0.0073	0.0066	0.0007	0.0018	0.0018	0.0000	0.0055	0.0048	0.0006	0.0532	0.0234	0.0298	0.0036	0.0033	0.0003	0.0496	0.0200	0.0295	0.0000	0.0000	0.0000	0.0000	0.0000	0.0000	0.0000	0.0000	0.0000	0.0000	0.0000	0.0000	0.0000	0.0000	0.0000	0.0000	0.0000	0.0000											
27	87	0.6413	5	2	2	0	0	0	0	0	0	Y	Y	N	N	N	N	N	N	N	N	N	N	0.0015	0.0010	0.0015	0.0013	0.0000	0.0000	0.0095	0.0103	0.0000	0.0191	0.0195	0.0000	0.0000	0.0000	0.0000	6.3346	10.3143	0.0000	12.7598	14.5200	0.0000	0.0002	0.0073	0.0000	0.0000	0.0000	-0.0001	-0.4575	0.0418	9.0005	6.1659	5.0000	0.0003	0.0003	0.0000	0.0003	0.0003	0.0000	0.0000	0.0000	0.0000	0.8765	0.8765	0.0000	0.8765	0.8765	0.0000	0.0000	0.0000	0.0000	0.0335	0.0311	0.0024	0.0168	0.0164	0.0003	0.0168	0.0147	0.0021	0.1384	0.0850	0.0534	0.0687	0.0604	0.0083	0.0697	0.0246	0.0451	0.0015	0.0010	0.0000	0.0015	0.0013	0.0000	0.0000	0.0000	0.0000	6.3346	10.3143	0.0000	12.7598	14.5200	0.0000	0.0001	0.0004	0.0000			
27	88	0.1075	3	1	2	0	0	0	0	0	0	N	Y	N	N	N	N	N	N	N	N	N	N	0.0000	0.0000	0.0000	0.0000	0.0000	0.0000	0.0000	0.0000	0.0000	0.0000	0.0000	0.0000	0.0000	0.0000	0.0000	0.0000	0.0000	0.0000	0.0000	0.0000	0.0418	0.0000	6.1659	0.0000	0.0000	0.0000	0.0000	0.0000	0.0000	0.0000	0.0000	0.0000	0.0000	0.0000	0.0000	0.0000	0.0000	0.0000	0.0000	0.0000	0.0000	0.0000	0.0000	0.0000	0.0000	0.0000	0.0000	0.0000	0.0000	0.0000	0.0000	0.0000	0.0000	0.0000	0.0000	0.0000	0.0000	0.0000	0.0000	0.0000	0.0000	0.0000	0.0000	0.0000	0.0000	0.0000	0.0000	0.0000	0.0000	0.0000	0.0000	0.0000	0.0000	0.0000	0.0000	0.0000	0.0000	0.0000											
27	89	0.7085	7	1	2	0	0	0	0	0	0	N	Y	N	N	N	N	N	N	N	N	N	N	0.0000	0.0000	0.0000	0.0000	0.0000	0.0000	0.0000	0.0000	0.0000	0.0000	0.0000	0.0000	0.0000	0.0000	0.0000	0.0000	0.0111	0.0019	0.0029	0.0015	0.0013	0.0000	0.0157	0.0000	0.0036	2.4687	0.0000	0.0000	0.0418	1.9953	6.1659	1.0817	0.0000	0.0000	0.0000	0.0000	0.0000	0.0000	0.0000	0.0000	0.0000	0.0000	0.0000	0.0000	0.0000	0.0000	0.0000	0.0000	0.0000	0.0000	0.0097	0.0090	0.0007	0.0055	0.0054	0.0002	0.0042	0.0036	0.0005	0.0307	0.0205	0.0103	0.0191	0.0170	0.0021	0.0117	0.0035	0.0082	0.0000	0.0000	0.0000	0.0000	0.0000	0.0000	0.0000	0.0000	0.0000	0.0013	0.0006	0.0029	0.0006	0.0007	0.0000	0.0025	0.0000	0.0036			
27	90	0.6825	6	1	2	0	0	0	0	0	0	N	Y	N	N	N	N	N	N	N	N	N	N	0.0227	0.0170	0.0067	0.1449	0.1459	11.8408	0.0024	0.0091	0.0028	0.0030	0.0032	0.0000	0.0054	0.0055	0.0000	0.0000	0.0000	0.0000	0.1318	0.1891	0.0006	0.0372	0.0379	0.0000	0.0006	0.0001	0.0008	0.0001	0.0555	-0.0000	-0.0001	0.0418	2.3999	6.1659	4.0713	0.0000	0.0000	0.0000	0.0000	0.0000	0.0000	0.0000	0.0000	0.0000	0.0002	0.0002	0.0000	0.0002	0.0002	0.0000	0.0000	0.0000	0.0000	0.0107	0.0100	0.0007	0.0059	0.0058	0.0001	0.0048	0.0042	0.0006	0.0570	0.0378	0.0192	0.0342	0.0301	0.0041	0.0229	0.0077	0.0152	0.7560	0.5680	0.0067	0.8624	0.7790	11.8408	0.0027	9.6815	0.0028	0.0040	0.0057	0.0006	0.0063	0.0071	0.0000	0.0005	0.0000	0.0008
27	91	0.7035	7	1	1	1	0	0	0	0	0	N	N	N	N	N	N	N	N	N	N	N	N	0.0000	0.0000	0.0000	0.0000	0.0000	0.0000	0.0000	0.0000	0.0000	0.0000	0.0000	0.0000	0.0000	0.0000	0.0000	0.0000	0.0000	0.0000	0.0000	0.0000	0.0418	0.0000	6.1659	0.0000	0.0000	0.0000	0.0000	0.0000	0.0000	0.0000	0.0000	0.0000	0.0000	0.0000	0.0000	0.0000	0.0000	0.0000	0.0000	0.0000	0.0000	0.0000	0.0000	0.0000	0.0000	0.0000	0.0000	0.0000	0.0000	0.0000	0.0000	0.0000	0.0000	0.0000	0.0000	0.0000	0.0000	0.0000	0.0000	0.0000	0.0000	0.0000	0.0000	0.0000	0.0000	0.0000	0.0000	0.0000	0.0000	0.0000	0.0000	0.0000	0.0000	0.0000	0.0000	0.0000	0.0000	0.0000											
27	92	0.6714	6	1	1	1	0	0	0	0	0	N	N	N	N	N	N	N	N	N	N	N	N	0.0008	0.0004	inf	0.0006	0.0006	inf	inf	inf	0.0012	0.0008	0.0062	0.0015	0.0015	0.0000	0.0009	0.0000	0.0073	1.4734	2.0473	0.0000	2.5059	2.6007	0.0000	0.0000	0.0000	0.0000	0.5674	0.0000	0.0000	-0.0060	0.0418	3.7221	6.1659	2.9993	0.0000	0.0000	0.0000	0.0000	0.0000	0.0000	0.0000	0.0000	0.0000	0.0114	0.0114	0.0000	0.0114	0.0114	0.0000	0.0000	0.0000	0.0000	0.0163	0.0151	0.0012	0.0084	0.0083	0.0002	0.0078	0.0069	0.0010	0.0668	0.0417	0.0251	0.0345	0.0303	0.0042	0.0323	0.0114	0.0209	0.0072	0.0031	inf	0.0045	0.0041	0.0000	inf	inf	inf	0.1711	0.2742	0.0000	0.3314	0.3772	0.0000	0.0000	0.0000	0.0000	
27	93	0.6413	5	1	1	0	0	0	0	0	0	N	N	N	N	N	N	N	N	N	N	N	N	77.5536	15.4712	18.0800	21.0072	inf	inf	0.0008	0.0009	0.0000	0.0012	0.0012	0.0000	0.0005	0.0005	0.0000	0.0000	0.0001	0.0000	0.0001	0.0001	0.0000	0.0000	0.0000	0.0000	0.0000	0.0137	-0.0000	-0.0000	0.0418	2.7217	6.1659	3.0458	0.0000	0.0000	0.0000	0.0000	0.0000	0.0000	0.0000	0.0000	0.0000	0.0000	0.0000	0.0000	0.0000	0.0000	0.0000	0.0000	0.0000	0.0000	0.0118	0.0109	0.0009	0.0060	0.0058	0.0001	0.0058	0.0051	0.0007	0.0617	0.0376	0.0240	0.0302	0.0266	0.0036	0.0315	0.0111	0.0204	7059.1733	4710.2846	0.0000	5033.8839	4526.0043	0.0000	inf	inf	0.0000	0.0000	0.0000	0.0000	0.0000	0.0000	0.0000	0.0000	0.0000	0.0000			
27	94	0.6988	7	2	2	0	0	0	0	0	0	Y	Y	N	N	N	N	N	N	N	N	N	N	0.0000	0.0000	0.0000	0.0000	0.0000	0.0000	0.0000	0.0000	0.0000	0.0000	0.0000	0.0000	0.0000	0.0000	0.0000	0.0000	0.0000	0.0000	10.0783	14.6218	0.0004	16.2357	18.5146	0.0000	0.0026	0.0481	0.0005	0.0000	0.0000	-0.0000	-0.4572	0.0418	5.9980	6.1659	4.9575	0.0000	0.0000	0.0000	0.0000	0.0000	0.0000	0.0000	0.0000	0.0000	0.8760	0.8760	0.0000	0.8760	0.8760	0.0000	0.0000	0.0000	0.0000	0.0244	0.0227	0.0016	0.0135	0.0132	0.0003	0.0108	0.0095	0.0013	0.0869	0.0599	0.0270	0.0540	0.0473	0.0066	0.0330	0.0126	0.0204	0.0000	0.0000	0.0000	0.0000	0.0000	0.0000	0.0000	0.0000	0.0000	10.0783	14.6218	0.0004	16.2357	18.5146	0.0000	0.0011	0.0021	0.0005
27	95	0.1075	3	2	2	0	0	0	0	0	0	Y	Y	N	N	N	N	N	N	N	N	N	N	0.0000	0.0000	0.0000	0.0000	0.0000	0.0000	0.0000	0.0000	0.0000	0.0000	0.0000	0.0000	0.0000	0.0010	0.0040	0.0000	0.0137	0.0130	0.0000	0.0000	0.0000	0.0000	0.0000	0.0000	-0.0000	0.0418	0.0000	6.1659	2.0000	0.0000	0.0000	0.0000	0.0000	0.0000	0.0000	0.0000	0.0000	0.0000	0.0000	0.0000	0.0000	0.0000	0.0000	0.0000	0.0000	0.0000	0.0000	0.0000	0.0000	0.0000	0.0000	0.0000	0.0000	0.0000	0.0000	0.0000	0.0283	0.0111	0.0172	0.0028	0.0026	0.0002	0.0255	0.0085	0.0170	0.0000	0.0000	0.0000	0.0000	0.0000	0.0000	0.0000	0.0000	0.0000	0.0004	0.0009	0.0000	0.0036	0.0039	0.0000	0.0000	0.0000	0.0000						
27	96	0.0851	2	1	2	0	0	0	0	0	0	N	Y	N	N	N	N	N	N	N	N	N	N	0.0000	0.0000	0.0000	0.0000	0.0000	0.0000	0.0000	0.0000	0.0000	0.0000	0.0000	0.0000	0.0000	0.0000	0.0000	0.0000	0.0000	0.0000	0.0000	0.0000	0.0418	4.0000	6.1659	0.0000	0.0000	0.0000	0.0000	0.0000	0.0000	0.0000	0.0000	0.0000	0.0000	0.0000	0.0000	0.0000	0.0000	0.0000	0.0000	0.0000	0.0000	0.0000	0.0073	0.0066	0.0007	0.0018	0.0018	0.0000	0.0055	0.0048	0.0006	0.0532	0.0234	0.0298	0.0036	0.0033	0.0003	0.0496	0.0200	0.0295	0.0000	0.0000	0.0000	0.0000	0.0000	0.0000	0.0000	0.0000	0.0000	0.0000	0.0000	0.0000	0.0000	0.0000	0.0000	0.0000	0.0000	0.0000											
27	97	0.6413	5	1	1	0	0	0	0	0	0	N	N	N	N	N	N	N	N	N	N	N	N	17.7471	10.1557	31.6927	37.7189	0.0000	0.0000	0.0185	0.0200	0.0000	0.0367	0.0374	0.0000	0.0000	0.0000	0.0000	0.0010	0.0020	0.0000	0.0012	0.0010	0.0000	0.0003	0.0122	0.0000	0.0000	0.0000	-0.0001	-0.0000	0.0418	3.9994	6.1659	4.0000	0.0003	0.0003	0.0000	0.0003	0.0003	0.0000	0.0000	0.0000	0.0000	0.0000	0.0000	0.0000	0.0000	0.0000	0.0000	0.0000	0.0000	0.0000	0.0167	0.0155	0.0012	0.0085	0.0083	0.0002	0.0083	0.0073	0.0010	0.0837	0.0512	0.0325	0.0411	0.0362	0.0049	0.0426	0.0150	0.0276	51.6433	34.0522	0.0000	75.3803	67.7374	0.0000	0.0000	0.0000	0.0000	0.0004	0.0006	0.0000	0.0005	0.0006	0.0000	0.0002	0.0007	0.0000			
27	98	0.0851	2	1	1	0	0	0	0	0	0	N	N	N	N	N	N	N	N	N	N	N	N	0.0000	0.0000	0.0000	0.0000	0.0000	0.0000	0.0000	0.0000	0.0000	0.0000	0.0000	0.0000	0.0000	0.0000	0.0000	0.0000	0.0000	0.0000	0.0000	0.0000	0.0418	1.0000	6.1659	0.0000	0.0000	0.0000	0.0000	0.0000	0.0000	0.0000	0.0000	0.0000	0.0000	0.0000	0.0000	0.0000	0.0000	0.0000	0.0000	0.0000	0.0000	0.0000	0.0036	0.0033	0.0003	0.0009	0.0009	0.0000	0.0027	0.0024	0.0003	0.0256	0.0112	0.0144	0.0017	0.0016	0.0001	0.0239	0.0096	0.0142	0.0000	0.0000	0.0000	0.0000	0.0000	0.0000	0.0000	0.0000	0.0000	0.0000	0.0000	0.0000	0.0000	0.0000	0.0000	0.0000	0.0000	0.0000											
27	99	0.5303	4	1	1	0	0	0	0	0	0	N	N	N	N	N	N	N	N	N	N	N	N	0.1371	0.0998	0.0000	0.0004	0.0006	0.0000	31.9397	989.3058	0.0013	0.4012	0.5093	0.0000	0.0032	0.0044	0.0000	1.4588	1.5172	0.0000	2.9265	5.1022	0.0298	7.2495	7.2505	0.1314	0.0457	0.0015	0.0080	0.0000	0.0016	-0.0030	-0.3143	0.0418	1.5982	6.1659	11.1970	0.0116	0.0116	0.0000	0.0001	0.0001	0.0000	0.0115	0.0115	0.0000	0.6040	0.6030	0.0010	0.6033	0.6030	0.0003	0.0007	0.0000	0.0007	0.0288	0.0227	0.0061	0.0209	0.0151	0.0058	0.0079	0.0076	0.0003	0.2064	0.1182	0.0882	0.0901	0.0832	0.0069	0.1163	0.0350	0.0813	0.1371	0.0998	0.0001	0.0005	0.0006	0.0000	259.9626	44006.6024	0.0013	2.9265	5.1022	0.0108	6.6955	7.2505	0.0435	0.0056	0.0000	0.0080
27	100	0.7003	8	2	2	1	0	0	0	0	0	Y	Y	N	N	N	N	N	N	N	N	N	N	0.0000	0.0000	0.0000	0.0000	0.0000	0.0000	0.0000	0.0000	0.0000	0.0000	0.0000	0.0000	0.0000	0.0000	0.0000	0.3746	0.5375	0.0000	0.1777	0.1900	0.0000	0.0000	0.0000	0.0000	0.0000	0.0000	-0.0000	0.0418	0.0000	6.1659	0.9982	0.0000	0.0000	0.0000	0.0000	0.0000	0.0000	0.0000	0.0000	0.0000	0.0001	0.0001	0.0000	0.0001	0.0001	0.0000	0.0000	0.0000	0.0000	0.0002	0.0001	0.0000	0.0001	0.0001	0.0000	0.0000	0.0000	0.0000	0.0087	0.0060	0.0027	0.0055	0.0048	0.0007	0.0033	0.0013	0.0020	0.0000	0.0000	0.0000	0.0000	0.0000	0.0000	0.0000	0.0000	0.0000	0.0080	0.0116	0.0000	0.0128	0.0146	0.0000	0.0000	0.0000	0.0000				
27	101	0.1199	5	2	2	1	0	0	0	0	0	Y	Y	N	N	N	N	N	N	N	N	N	N	0.0000	0.0000	0.0000	0.0000	0.0000	0.0000	0.0000	0.0000	0.0000	0.0000	0.0000	0.0000	0.0000	0.0000	0.0000	0.0000	0.0000	0.0000	0.0000	0.0000	0.0418	0.0000	6.1659	0.0000	0.0000	0.0000	0.0000	0.0000	0.0000	0.0000	0.0000	0.0000	0.0000	0.0000	0.0000	0.0000	0.0000	0.0000	0.0000	0.0000	0.0000	0.0000	0.0000	0.0000	0.0000	0.0000	0.0000	0.0000	0.0000	0.0000	0.0000	0.0000	0.0000	0.0000	0.0000	0.0000	0.0000	0.0000	0.0000	0.0000	0.0000	0.0000	0.0000	0.0000	0.0000	0.0000	0.0000	0.0000	0.0000	0.0000	0.0000	0.0000	0.0000	0.0000	0.0000	0.0000	0.0000	0.0000											
27	102	0.1199	4	2	1	1	0	0	0	0	0	Y	N	N	N	N	N	N	N	N	N	N	N	0.0000	0.0000	0.0000	0.0000	0.0000	0.0000	0.0000	0.0000	0.0000	0.0000	0.0000	0.0000	0.0000	0.0000	0.0000	0.0000	0.0000	0.0000	0.0000	0.0000	0.0418	0.0000	6.1659	0.0000	0.0000	0.0000	0.0000	0.0000	0.0000	0.0000	0.0000	0.0000	0.0000	0.0000	0.0000	0.0000	0.0000	0.0000	0.0000	0.0000	0.0000	0.0000	0.0000	0.0000	0.0000	0.0000	0.0000	0.0000	0.0000	0.0000	0.0000	0.0000	0.0000	0.0000	0.0000	0.0000	0.0000	0.0000	0.0000	0.0000	0.0000	0.0000	0.0000	0.0000	0.0000	0.0000	0.0000	0.0000	0.0000	0.0000	0.0000	0.0000	0.0000	0.0000	0.0000	0.0000	0.0000	0.0000											
27	103	0.1138	3	2	1	1	0	0	0	0	0	Y	N	N	N	N	N	N	N	N	N	N	N	0.0000	0.0000	0.0000	0.0000	0.0000	0.0000	0.0000	0.0000	0.0000	0.0000	0.0000	0.0000	0.0000	0.0000	0.0000	0.0000	0.0000	0.0000	0.0000	0.0000	0.0418	0.0000	6.1659	1.0091	0.0000	0.0000	0.0000	0.0000	0.0000	0.0000	0.0000	0.0000	0.0000	0.0000	0.0000	0.0000	0.0000	0.0000	0.0000	0.0000	0.0000	0.0000	0.0000	0.0000	0.0000	0.0000	0.0000	0.0000	0.0000	0.0000	0.0000	0.0136	0.0053	0.0083	0.0014	0.0013	0.0001	0.0122	0.0040	0.0082	0.0000	0.0000	0.0000	0.0000	0.0000	0.0000	0.0000	0.0000	0.0000	0.0000	0.0000	0.0000	0.0000	0.0000	0.0000	0.0000	0.0000	0.0000											
27	104	0.6413	5	1	2	0	0	0	0	0	0	N	Y	N	N	N	N	N	N	N	N	N	N	28.7083	17.5057	23.6264	25.8926	0.0105	0.0113	0.0000	0.0210	0.0214	0.0000	0.0000	0.0000	0.0000	0.0004	0.0006	0.0000	0.0009	0.0008	0.0000	0.0000	0.0000	0.0000	0.0000	0.0000	-0.0001	-0.0000	0.0418	7.9994	6.1659	4.0001	0.0003	0.0003	0.0000	0.0003	0.0003	0.0000	0.0000	0.0000	0.0000	0.0000	0.0000	0.0000	0.0000	0.0000	0.0000	0.0000	0.0000	0.0000	0.0305	0.0283	0.0022	0.0153	0.0150	0.0003	0.0152	0.0133	0.0019	0.1208	0.0741	0.0467	0.0598	0.0526	0.0072	0.0610	0.0215	0.0395	63.4421	41.9453	0.0000	62.6444	56.2371	0.0000	0.0000	0.0000	0.0000	0.0002	0.0003	0.0000	0.0003	0.0004	0.0000	0.0000	0.0000	0.0000					
27	105	0.7037	9	2	1	1	0	0	0	0	0	Y	N	N	N	N	N	N	N	N	N	N	N	0.0000	0.9836	0.0000	0.0411	1.7177	0.0000	0.0000	0.0000	0.0001	0.0001	0.0000	0.0001	0.0001	0.0000	0.0000	0.0000	0.0000	57.3597	0.0001	186.1558	0.0023	0.0001	0.0132	152.4920	0.0000	246.2893	0.0004	460246851.0608	-0.0000	0.4621	0.0418	1.0000	6.1659	1.0005	0.0000	0.0000	0.0000	0.0000	0.0000	0.0000	0.0000	0.0000	0.0000	0.9665	0.0000	0.9665	0.0000	0.0000	0.0000	0.9665	0.0000	0.9665	0.0046	0.0043	0.0003	0.0026	0.0025	0.0001	0.0020	0.0018	0.0002	0.0169	0.0117	0.0052	0.0105	0.0092	0.0013	0.0063	0.0024	0.0039	0.0000	318.6240	0.0000	0.0987	427.5671	0.0000	0.0000	0.0000	0.0000	57.3597	0.0000	186.1558	0.0010	0.0000	0.0080	152.4920	0.0000	246.2893	
27	106	0.7003	8	2	1	1	0	0	0	0	0	Y	N	N	N	N	N	N	N	N	N	N	N	0.0001	0.0000	0.0014	0.0000	0.0001	0.0000	0.0020	0.1014	0.0001	0.0000	0.0010	0.0000	0.0000	0.0000	0.0002	0.0000	0.0013	1.1550	0.8428	0.7169	1.4959	0.4101	4.1516	0.0825	0.0000	0.0130	3.6790	3.9199	0.0000	0.0001	0.0418	0.7249	6.1659	0.0368	0.0000	0.0000	0.0000	0.0000	0.0000	0.0000	0.0000	0.0000	0.0000	0.0005	0.0001	0.0004	0.0005	0.0001	0.0004	0.0000	0.0000	0.0000	0.0035	0.0033	0.0002	0.0020	0.0020	0.0001	0.0015	0.0013	0.0002	0.0067	0.0047	0.0021	0.0042	0.0037	0.0005	0.0025	0.0010	0.0015	0.0012	0.0010	0.0056	0.0003	0.0013	0.0000	0.0207	0.0000	0.1014	0.0718	0.0211	0.1856	0.1098	0.0267	0.6861	0.0080	0.0000	0.0130	
27	107	0.6988	7	2	1	1	0	0	0	0	0	Y	N	N	N	N	N	N	N	N	N	N	N	0.0001	0.0001	0.0002	0.0001	0.0002	0.0001	0.0000	0.0000	0.0000	0.0002	0.0002	0.0003	0.0003	0.0003	0.0013	0.0000	0.0000	0.0000	1.5367	1.6335	1.5538	2.3755	1.7261	19.9647	0.4297	0.0011	0.0672	0.1161	1.4632	-0.0000	0.0001	0.0418	0.4159	6.1659	0.0887	0.0000	0.0000	0.0000	0.0000	0.0000	0.0000	0.0000	0.0000	0.0000	0.0009	0.0004	0.0006	0.0009	0.0004	0.0005	0.0001	0.0000	0.0001	0.0021	0.0020	0.0001	0.0013	0.0012	0.0000	0.0009	0.0007	0.0001	0.0049	0.0035	0.0015	0.0031	0.0027	0.0004	0.0019	0.0008	0.0011	0.0010	0.0017	0.0008	0.0011	0.0021	0.0010	0.0000	0.0000	0.0000	0.1931	0.1116	0.3856	0.2907	0.1442	1.3004	0.0320	0.0000	0.0552
27	108	0.6825	6	2	1	0	0	0	0	0	0	Y	N	N	N	N	N	N	N	N	N	N	N	0.0042	0.0031	0.1067	0.0117	0.0118	0.0011	0.0503	inf	0.3090	0.0024	0.0025	0.0002	0.0043	0.0044	0.0000	0.0000	0.0000	0.0003	0.5677	0.8078	0.0020	0.3647	0.3693	0.0101	0.0007	0.0000	0.0008	0.0062	0.0529	-0.0000	-0.0003	0.0418	3.9943	6.1659	0.9974	0.0000	0.0000	0.0000	0.0000	0.0000	0.0000	0.0000	0.0000	0.0000	0.0006	0.0006	0.0000	0.0006	0.0006	0.0000	0.0000	0.0000	0.0000	0.0170	0.0159	0.0012	0.0094	0.0092	0.0002	0.0077	0.0067	0.0009	0.0445	0.0295	0.0150	0.0267	0.0235	0.0032	0.0178	0.0060	0.0118	0.1767	0.1317	0.1067	0.1944	0.1818	0.0017	0.0592	inf	0.3090	0.0133	0.0191	0.0020	0.0219	0.0240	0.0063	0.0006	0.0000	0.0008
27	109	0.1138	3	2	1	1	0	0	0	0	0	Y	N	N	N	N	N	N	N	N	N	N	N	0.0000	0.0000	0.0000	0.0000	0.0000	0.0000	0.0000	0.0000	0.0000	0.0000	0.0000	0.0000	0.0000	0.0000	0.0000	0.0000	0.0000	0.0000	0.0000	0.0000	0.0418	0.0000	6.1659	0.9909	0.0000	0.0000	0.0000	0.0000	0.0000	0.0000	0.0000	0.0000	0.0000	0.0000	0.0000	0.0000	0.0000	0.0000	0.0000	0.0000	0.0000	0.0000	0.0000	0.0000	0.0000	0.0000	0.0000	0.0000	0.0000	0.0000	0.0000	0.0133	0.0052	0.0081	0.0014	0.0013	0.0001	0.0120	0.0039	0.0080	0.0000	0.0000	0.0000	0.0000	0.0000	0.0000	0.0000	0.0000	0.0000	0.0000	0.0000	0.0000	0.0000	0.0000	0.0000	0.0000	0.0000	0.0000											
27	110	0.0851	2	2	1	1	0	0	0	0	0	Y	N	N	N	N	N	N	N	N	N	N	N	inf	inf	inf	inf	0.0014	0.0015	0.0000	0.0054	0.0055	0.0000	0.0000	0.0000	0.0000	0.0000	0.0000	0.0000	0.0000	0.0000	0.0000	0.0000	0.0000	0.0000	0.0000	-0.0000	0.0000	0.0418	4.0000	6.1659	0.0000	0.0000	0.0000	0.0000	0.0000	0.0000	0.0000	0.0000	0.0000	0.0000	0.0000	0.0000	0.0000	0.0000	0.0000	0.0000	0.0000	0.0000	0.0000	0.0073	0.0066	0.0007	0.0018	0.0018	0.0000	0.0055	0.0048	0.0006	0.0532	0.0234	0.0298	0.0036	0.0033	0.0003	0.0496	0.0200	0.0295	inf	inf	0.0000	inf	inf	0.0000	0.0000	0.0000	0.0000	0.0000	0.0000	0.0000	0.0000	0.0000	0.0000	0.0000	0.0000	0.0000						
27	112	0.6871	6	1	1	1	0	0	0	0	0	N	N	N	N	N	N	N	N	N	N	N	N	0.0000	0.0000	0.0000	0.0000	0.0000	0.0000	0.0000	0.0000	0.0000	0.0000	0.0000	0.0000	0.0000	0.0000	0.0000	0.0000	0.0000	0.0000	0.0000	-0.0000	0.0418	0.0000	6.1659	0.0001	0.0000	0.0000	0.0000	0.0000	0.0000	0.0000	0.0000	0.0000	0.0000	0.0000	0.0000	0.0000	0.0000	0.0000	0.0000	0.0000	0.0000	0.0000	0.0000	0.0000	0.0000	0.0000	0.0000	0.0000	0.0000	0.0000	0.0000	0.0000	0.0000	0.0000	0.0000	0.0000	0.0000	0.0000	0.0000	0.0000	0.0000	0.0000	0.0000	0.0000	0.0000	0.0000	0.0000	0.0000	0.0000	0.0000	0.0000	0.0000	0.0000	0.0000	0.0000	0.0000	0.0000	0.0000											
27	113	0.6413	5	1	1	1	0	0	0	0	0	N	N	N	N	N	N	N	N	N	N	N	N	10.6276	19.2163	0.0000	15.6882	35.3908	0.0000	0.0161	0.0174	0.0000	0.0319	0.0326	0.0000	0.0000	0.0000	0.0000	0.0015	0.0009	0.0006	0.0020	0.0009	0.0052	0.0000	0.0000	0.0000	0.0000	1.0000	-0.0001	-0.0000	0.0418	4.0004	6.1659	4.9999	0.0003	0.0003	0.0000	0.0003	0.0003	0.0000	0.0000	0.0000	0.0000	0.0000	0.0000	0.0000	0.0000	0.0000	0.0000	0.0000	0.0000	0.0000	0.0167	0.0155	0.0012	0.0085	0.0083	0.0002	0.0083	0.0073	0.0010	0.0933	0.0571	0.0362	0.0459	0.0404	0.0055	0.0474	0.0167	0.0307	37.5844	49.6011	0.0000	36.6390	65.8311	0.0000	0.0000	0.0000	0.0000	0.0004	0.0004	0.0006	0.0009	0.0005	0.0036	0.0000	0.0000	0.0000			
27	114	0.1178	3	1	2	0	0	0	0	0	0	N	Y	N	N	N	N	N	N	N	N	N	N	0.0552	0.0026	0.0470	0.0159	0.0032	12.5078	0.0793	0.0010	0.0433	0.2935	0.0004	0.9358	0.0035	0.0006	0.4859	0.5279	0.0000	0.9397	5.3183	0.1431	19.9059	0.2195	0.1818	0.0388	6.6607	0.0004	21.7004	1140.3389	1948.9706	0.0077	0.4595	0.0418	4.3361	6.1659	4.6323	0.0105	0.0000	0.0105	0.0001	0.0000	0.0000	0.0104	0.0000	0.0104	0.9622	0.0005	0.9617	0.0005	0.0005	0.0000	0.9617	0.0000	0.9617	0.0357	0.0245	0.0112	0.0159	0.0158	0.0001	0.0197	0.0086	0.0111	0.1809	0.0988	0.0821	0.0365	0.0342	0.0023	0.1444	0.0646	0.0798	0.0552	0.0750	0.0799	0.2394	0.0401	28.8350	0.0793	0.1976	0.0780	5.3183	0.0050	11.7107	0.0146	0.0144	0.0168	6.6607	0.0000	12.0530
27	115	0.0851	2	1	1	0	0	0	0	0	0	N	N	N	N	N	N	N	N	N	N	N	N	0.0017	0.0184	0.0000	0.0234	0.0252	0.0000	0.0000	0.0000	0.0000	0.0025	0.0028	0.0000	0.0103	0.0105	0.0000	0.0000	0.0000	0.0000	1.4704	0.1521	1.3090	0.4396	0.4156	0.0514	1.3930	0.0283	0.5040	0.0000	74.8547	-0.0000	0.0024	0.0418	1.9840	6.1659	0.2610	0.0000	0.0000	0.0000	0.0000	0.0000	0.0000	0.0000	0.0000	0.0000	0.0053	0.0001	0.0052	0.0001	0.0001	0.0000	0.0052	0.0000	0.0052	0.0039	0.0035	0.0004	0.0010	0.0009	0.0000	0.0029	0.0026	0.0003	0.0309	0.0136	0.0174	0.0021	0.0019	0.0002	0.0288	0.0116	0.0172	0.0149	0.5465	0.0000	0.3841	0.3838	0.0000	0.0000	0.0000	0.0000	0.1704	0.0051	0.2996	0.0268	0.0273	0.0212	0.1807	0.0015	0.3022
27	116	0.6413	5	1	2	0	1	0	0	0	0	N	Y	N	N	N	N	N	N	N	N	N	N	1.4958	inf	0.0000	inf	inf	0.0000	0.0000	0.0020	0.0021	0.0000	0.0039	0.0040	0.0000	0.0000	0.0000	0.0000	0.0013	0.0000	0.0010	0.0000	0.0000	0.0000	0.0013	0.0000	0.0012	0.0000	inf	-0.0000	0.0000	0.0418	5.0006	6.1659	2.0000	0.0000	0.0000	0.0000	0.0000	0.0000	0.0000	0.0000	0.0000	0.0000	0.0000	0.0000	0.0000	0.0000	0.0000	0.0000	0.0000	0.0000	0.0000	0.0204	0.0190	0.0015	0.0103	0.0101	0.0002	0.0101	0.0089	0.0013	0.0740	0.0452	0.0288	0.0363	0.0319	0.0043	0.0377	0.0133	0.0244	4.8273	inf	0.0000	inf	inf	0.0000	0.0000	0.0000	0.0000	0.0004	0.0000	0.0010	0.0000	0.0000	0.0000	0.0008	0.0000	0.0012		
27	117	0.0851	2	1	2	0	1	0	0	0	0	N	Y	N	N	N	N	N	N	N	N	N	N	0.0000	0.0000	0.0000	0.0000	0.0000	0.0000	0.0000	0.0000	0.0000	0.0000	0.0000	0.0000	0.0000	0.0000	0.0000	1.3073	0.0000	0.7586	0.0569	0.0000	0.3097	1.1161	0.0000	0.3829	inf	0.0000	0.0010	0.0418	0.0000	6.1659	1.0000	0.0000	0.0000	0.0000	0.0000	0.0000	0.0000	0.0000	0.0000	0.0000	0.0022	0.0000	0.0022	0.0000	0.0000	0.0000	0.0022	0.0000	0.0022	0.0000	0.0000	0.0000	0.0000	0.0000	0.0000	0.0000	0.0000	0.0000	0.0196	0.0086	0.0110	0.0013	0.0012	0.0001	0.0183	0.0074	0.0109	0.0000	0.0000	0.0000	0.0000	0.0000	0.0000	0.0000	0.0000	0.0000	0.1110	0.0000	0.1975	0.0077	0.0000	0.0996	0.1183	0.0000	0.1984				
27	118	0.6413	5	1	2	0	0	0	0	0	0	N	Y	N	N	N	N	N	N	N	N	N	N	0.0073	0.0053	0.0000	0.0160	0.0160	0.0000	0.0000	0.0000	0.0056	0.0060	0.0000	0.0114	0.0116	0.0000	0.0000	0.0000	0.0000	0.7690	1.1337	0.0001	0.7086	0.7279	0.0000	0.0035	0.0889	0.0001	0.0000	0.0020	-0.0001	-0.0026	0.0418	16.9994	6.1659	6.0000	0.0003	0.0003	0.0000	0.0003	0.0003	0.0000	0.0000	0.0000	0.0000	0.0050	0.0049	0.0000	0.0048	0.0048	0.0000	0.0001	0.0001	0.0000	0.0534	0.0496	0.0038	0.0264	0.0258	0.0005	0.0271	0.0238	0.0033	0.2094	0.1292	0.0801	0.1053	0.0924	0.0130	0.1040	0.0369	0.0672	0.2375	0.1582	0.0000	0.2485	0.2225	0.0000	0.0000	0.0000	0.0000	0.0236	0.0382	0.0001	0.0458	0.0522	0.0000	0.0012	0.0033	0.0001	
27	119	0.0851	2	1	2	0	0	0	0	0	0	N	Y	N	N	N	N	N	N	N	N	N	N	2.3592	3.0810	0.0000	5.1424	5.9652	0.0000	0.1377	inf	0.0000	1.9108	2.1019	0.0000	7.3926	7.5205	0.0000	0.0407	0.0461	0.0000	0.8099	0.6822	0.1246	1.4376	1.2607	0.7786	0.2959	0.0000	0.0417	0.0000	3.1294	-0.0044	0.0008	0.0418	5.0000	6.1659	6.0000	0.0170	0.0170	0.0000	0.0167	0.0167	0.0000	0.0003	0.0003	0.0000	0.0035	0.0009	0.0027	0.0010	0.0009	0.0002	0.0025	0.0000	0.0025	0.0089	0.0081	0.0008	0.0023	0.0022	0.0000	0.0066	0.0059	0.0008	0.1279	0.0564	0.0715	0.0094	0.0086	0.0007	0.1185	0.0477	0.0708	69.6332	139.3908	0.0000	68.5996	76.4940	0.0000	1.9321	inf	0.0000	0.0274	0.0151	0.0372	0.1078	0.0983	0.2202	0.0211	0.0000	0.0353
27	120	0.1132	3	1	2	0	0	0	0	0	0	N	Y	N	N	N	N	N	N	N	N	N	N	0.0089	0.0053	0.0222	0.0089	0.0104	0.0000	0.0077	0.0051	0.0000	0.0053	0.0057	0.0000	0.0096	0.0099	0.0000	0.0000	0.0000	0.0000	0.5932	1.0735	0.0004	1.0720	0.9527	0.0401	0.0003	0.0003	0.0004	0.0001	0.0158	-0.0000	-0.0002	0.0418	0.9998	6.1659	0.9486	0.0000	0.0000	0.0000	0.0000	0.0000	0.0000	0.0000	0.0000	0.0000	0.0004	0.0004	0.0000	0.0004	0.0004	0.0000	0.0000	0.0000	0.0000	0.0019	0.0017	0.0001	0.0010	0.0010	0.0000	0.0008	0.0007	0.0001	0.0263	0.0113	0.0151	0.0055	0.0055	0.0000	0.0208	0.0058	0.0150	0.3636	0.1703	0.0222	0.1392	0.1427	0.0000	0.0089	1.1365	0.0000	0.0145	0.0335	0.0004	0.0688	0.0691	0.0173	0.0003	0.0000	0.0004
27	121	0.0851	2	1	2	0	0	0	0	0	0	N	Y	N	N	N	N	N	N	N	N	N	N	0.0000	0.0047	0.0000	0.0001	0.0023	0.0000	0.0000	0.0000	0.0000	0.0000	0.0000	0.0000	0.0001	0.0001	0.0000	0.0000	0.0000	0.0000	0.8195	0.0032	0.1648	0.4731	0.0240	1.0188	0.4059	0.0006	0.0574	0.0000	78.9718	-0.0000	0.0013	0.0418	3.0005	6.1659	1.1085	0.0000	0.0000	0.0000	0.0000	0.0000	0.0000	0.0000	0.0000	0.0000	0.0027	0.0000	0.0027	0.0002	0.0000	0.0002	0.0025	0.0000	0.0025	0.0097	0.0088	0.0009	0.0025	0.0024	0.0000	0.0072	0.0064	0.0008	0.0940	0.0413	0.0526	0.0067	0.0061	0.0005	0.0873	0.0352	0.0521	0.0005	0.0188	0.0000	0.0019	0.0102	0.0000	0.0000	0.0000	0.0000	0.0288	0.0008	0.0508	0.0291	0.0055	0.3096	0.0288	0.0000	0.0483
27	122	0.6825	6	1	2	0	0	0	0	0	0	N	Y	N	N	N	N	N	N	N	N	N	N	1.4717	inf	0.0010	5.5037	inf	0.0010	0.0025	inf	0.0000	0.0055	0.0060	0.0000	0.0100	0.0102	0.0000	0.0000	0.0000	0.0000	0.0038	0.0000	0.0020	0.0018	0.0000	0.0104	0.0007	0.0000	0.0008	0.0000	inf	-0.0000	0.0000	0.0418	2.0001	6.1659	3.0000	0.0001	0.0000	0.0000	0.0000	0.0000	0.0000	0.0000	0.0000	0.0000	0.0000	0.0000	0.0000	0.0000	0.0000	0.0000	0.0000	0.0000	0.0000	0.0090	0.0084	0.0006	0.0050	0.0049	0.0001	0.0040	0.0035	0.0005	0.0446	0.0296	0.0150	0.0267	0.0236	0.0032	0.0179	0.0060	0.0119	8.2394	inf	0.0010	13.3379	inf	0.0017	0.0029	inf	0.0000	0.0007	0.0000	0.0020	0.0007	0.0000	0.0063	0.0006	0.0000	0.0008
27	123	0.6413	5	1	1	0	0	0	0	0	0	N	N	N	N	N	N	N	N	N	N	N	N	36.8908	21.7297	27.9879	30.4076	0.0103	0.0111	0.0000	0.0204	0.0209	0.0000	0.0000	0.0000	0.0000	0.0003	0.0005	0.0000	0.0007	0.0007	0.0000	0.0000	0.0000	0.0000	0.0000	0.0000	-0.0001	-0.0000	0.0418	6.9986	6.1659	2.0000	0.0003	0.0003	0.0000	0.0003	0.0003	0.0000	0.0000	0.0000	0.0000	0.0000	0.0000	0.0000	0.0000	0.0000	0.0000	0.0000	0.0000	0.0000	0.0273	0.0253	0.0020	0.0137	0.0134	0.0003	0.0136	0.0119	0.0017	0.0932	0.0571	0.0362	0.0459	0.0404	0.0055	0.0473	0.0167	0.0307	95.5842	63.0666	0.0000	93.7207	84.2001	0.0000	0.0000	0.0000	0.0000	0.0001	0.0002	0.0000	0.0002	0.0002	0.0000	0.0000	0.0000	0.0000					
27	124	0.1186	3	1	2	0	0	0	0	0	0	N	Y	N	N	N	N	N	N	N	N	N	N	0.9286	0.3234	13.8450	0.3486	0.3758	85.5591	1042.0010	26.9547	0.3598	0.0211	0.0231	0.0002	0.0428	0.0443	0.0015	0.0105	0.0119	0.0000	0.0228	0.0716	0.0000	0.1227	0.1179	0.0000	0.0000	0.0004	0.0000	0.0009	0.0037	-0.0001	-0.0002	0.0418	3.9006	6.1659	3.1543	0.0003	0.0003	0.0000	0.0002	0.0002	0.0000	0.0001	0.0001	0.0000	0.0003	0.0003	0.0000	0.0003	0.0003	0.0000	0.0000	0.0000	0.0000	0.0133	0.0121	0.0012	0.0044	0.0042	0.0002	0.0089	0.0079	0.0010	0.1606	0.0808	0.0798	0.0294	0.0281	0.0013	0.1312	0.0527	0.0786	10.3956	5.7500	13.8450	3.8663	3.8310	85.5591	1042.0010	4465.9447	0.3598	0.0020	0.0040	0.0000	0.0111	0.0116	0.0000	0.0000	0.0000	0.0000
27	125	0.0851	2	1	2	0	0	0	0	0	0	N	Y	N	N	N	N	N	N	N	N	N	N	0.0493	0.0327	0.0030	0.0002	0.0002	0.0000	3.3657	4.4026	0.0032	0.0302	0.0333	0.0000	0.0005	0.0005	0.0000	0.0401	0.0454	0.0000	0.6123	1.0173	0.0033	2.0085	2.0625	0.0002	0.0119	0.0103	0.0033	0.0000	0.1352	-0.0000	-0.0005	0.0418	1.6924	6.1659	1.9110	0.0002	0.0002	0.0000	0.0000	0.0000	0.0000	0.0002	0.0002	0.0000	0.0013	0.0011	0.0002	0.0011	0.0011	0.0000	0.0002	0.0000	0.0002	0.0059	0.0053	0.0005	0.0015	0.0014	0.0000	0.0044	0.0039	0.0005	0.0839	0.0369	0.0470	0.0059	0.0054	0.0005	0.0780	0.0315	0.0465	1.9623	1.0796	0.0030	0.0026	0.0024	0.0000	18.2503	81.4153	0.0032	0.0154	0.0308	0.0033	0.1902	0.2062	0.0002	0.0022	0.0006	0.0033
27	126	0.6413	5	1	2	0	0	0	0	0	0	N	Y	N	N	N	N	N	N	N	N	N	N	0.0000	0.0000	0.0000	0.0000	0.0000	0.0000	0.0000	0.0000	0.0000	0.0000	0.0000	0.0000	0.0000	0.0000	0.0000	0.0000	0.0000	0.0000	0.8349	1.2206	0.0028	0.8767	0.8710	0.0089	0.0294	0.4911	0.0023	0.0000	0.0373	-0.0000	-0.0014	0.0418	0.9996	6.1659	8.0005	0.0000	0.0000	0.0000	0.0000	0.0000	0.0000	0.0000	0.0000	0.0000	0.0028	0.0027	0.0001	0.0026	0.0026	0.0000	0.0002	0.0001	0.0001	0.0045	0.0042	0.0003	0.0023	0.0022	0.0000	0.0022	0.0019	0.0003	0.0933	0.0571	0.0362	0.0459	0.0404	0.0055	0.0474	0.0167	0.0307	0.0001	0.0001	0.0000	0.0001	0.0001	0.0000	0.0000	0.0000	0.0000	0.0298	0.0470	0.0028	0.0564	0.0634	0.0054	0.0040	0.0072	0.0023
27	127	0.5467	5	1	1	0	0	0	0	0	0	N	N	N	N	N	N	N	N	N	N	N	N	0.0670	0.4830	0.0000	0.0021	0.0074	0.0000	0.1293	14.4414	0.0000	0.3385	0.4137	0.0000	0.0026	0.0034	0.0000	1.1368	1.2121	0.0000	5.0513	0.8564	20.3546	1.2357	0.4596	3.5281	8.7908	0.0839	25.3043	0.0000	405.4097	-0.0030	0.5113	0.0418	3.6536	6.1659	12.3970	0.0115	0.0115	0.0000	0.0001	0.0001	0.0000	0.0114	0.0114	0.0000	1.0750	0.0026	1.0723	0.0080	0.0025	0.0055	1.0669	0.0001	1.0668	0.0340	0.0278	0.0062	0.0239	0.0184	0.0055	0.0101	0.0094	0.0006	0.2128	0.1229	0.0899	0.0914	0.0830	0.0084	0.1214	0.0399	0.0815	0.0670	19.2182	0.0000	0.0298	0.1122	0.0000	0.1293	401.4545	0.0000	5.0513	0.0215	11.9241	0.0878	0.0304	0.6528	8.7908	0.0030	13.0912
27	128	0.3355	3	1	1	0	0	0	0	0	0	N	N	N	N	N	N	N	N	N	N	N	N	0.1641	0.0006	0.1372	0.0628	0.0010	0.0979	0.2381	0.1950	0.1501	0.3939	0.0006	1.5415	0.1127	0.0006	1.2285	0.7271	0.0006	1.6169	2.4009	1.0358	11.2331	1.7934	0.6361	12.5520	3.0542	0.0032	10.7692	852.9209	67.2653	0.0122	0.2310	0.0418	5.3495	6.1659	12.4099	0.0165	0.0000	0.0164	0.0026	0.0000	0.0025	0.0139	0.0000	0.0139	0.4984	0.0073	0.4911	0.0273	0.0073	0.0200	0.4711	0.0000	0.4711	0.0418	0.0311	0.0107	0.0227	0.0206	0.0021	0.0191	0.0105	0.0086	0.4084	0.2341	0.1743	0.1798	0.1599	0.0199	0.2286	0.0742	0.1544	0.3228	0.0199	0.5472	0.7425	0.0135	1.2237	0.3528	4.6991	0.5299	1.2203	0.0312	2.8174	0.1517	0.0456	1.0039	2.0608	0.0001	3.0513
27	129	0.7527	11	1	2	0	1	0	0	0	0	N	Y	N	N	N	N	N	N	N	N	N	N	0.0000	0.0000	0.0000	0.0000	0.0000	0.0000	0.0000	0.0000	0.0000	0.0000	0.0000	0.0000	0.0000	0.0000	0.0000	0.0000	0.0000	0.0000	0.0000	0.0000	0.0418	0.0000	6.1659	0.0000	0.0000	0.0000	0.0000	0.0000	0.0000	0.0000	0.0000	0.0000	0.0000	0.0000	0.0000	0.0000	0.0000	0.0000	0.0000	0.0000	0.0000	0.0000	0.0000	0.0000	0.0000	0.0000	0.0000	0.0000	0.0000	0.0000	0.0000	0.0000	0.0000	0.0000	0.0000	0.0000	0.0000	0.0000	0.0000	0.0000	0.0000	0.0000	0.0000	0.0000	0.0000	0.0000	0.0000	0.0000	0.0000	0.0000	0.0000	0.0000	0.0000	0.0000	0.0000	0.0000	0.0000	0.0000											
27	130	0.7364	10	1	2	0	1	0	0	0	0	N	Y	N	N	N	N	N	N	N	N	N	N	0.0000	0.0000	0.0000	0.0000	0.0000	0.0000	0.0000	0.0000	0.0000	0.0000	0.0000	0.0000	0.0000	0.0000	0.0000	0.0000	35.8960	52.6634	0.0122	57.6517	65.0517	0.0000	0.0478	0.0000	0.0090	0.0001	0.0000	-0.5044	0.0418	0.0000	6.1659	3.0001	0.0000	0.0000	0.0000	0.0000	0.0000	0.0000	0.0000	0.0000	0.0000	0.9665	0.9664	0.0001	0.9664	0.9664	0.0000	0.0001	0.0000	0.0001	0.0000	0.0000	0.0000	0.0000	0.0000	0.0000	0.0000	0.0000	0.0000	0.0269	0.0184	0.0086	0.0168	0.0149	0.0019	0.0102	0.0035	0.0067	0.0000	0.0000	0.0000	0.0000	0.0000	0.0000	0.0000	0.0000	0.0000	35.8960	52.6634	0.0070	57.6517	65.0517	0.0000	0.0059	0.0000	0.0090			
27	131	0.7268	9	1	2	0	0	0	0	0	0	N	Y	N	N	N	N	N	N	N	N	N	N	0.0000	0.0000	0.0000	0.0000	0.0000	0.0000	0.0000	0.0000	0.0000	0.0000	0.0000	0.0000	0.0000	0.0000	0.0000	0.0000	0.0000	0.0000	0.0000	0.0000	0.0418	0.0000	6.1659	0.0000	0.0000	0.0000	0.0000	0.0000	0.0000	0.0000	0.0000	0.0000	0.0000	0.0000	0.0000	0.0000	0.0000	0.0000	0.0000	0.0000	0.0000	0.0000	0.0000	0.0000	0.0000	0.0000	0.0000	0.0000	0.0000	0.0000	0.0000	0.0000	0.0000	0.0000	0.0000	0.0000	0.0000	0.0000	0.0000	0.0000	0.0000	0.0000	0.0000	0.0000	0.0000	0.0000	0.0000	0.0000	0.0000	0.0000	0.0000	0.0000	0.0000	0.0000	0.0000	0.0000	0.0000	0.0000											
27	132	0.7364	10	1	1	1	1	0	0	0	0	N	N	N	N	N	N	N	N	N	N	N	N	0.0000	0.0000	0.0000	0.0000	0.0000	0.0000	0.0000	0.0000	0.0000	0.0000	0.0000	0.0000	0.0000	0.0000	0.0000	0.0000	0.0000	0.0000	0.0000	0.0000	0.0418	0.0000	6.1659	1.9999	0.0000	0.0000	0.0000	0.0000	0.0000	0.0000	0.0000	0.0000	0.0000	0.0000	0.0000	0.0000	0.0000	0.0000	0.0000	0.0000	0.0000	0.0000	0.0000	0.0000	0.0000	0.0000	0.0000	0.0000	0.0000	0.0000	0.0000	0.0181	0.0123	0.0058	0.0113	0.0100	0.0013	0.0068	0.0023	0.0045	0.0000	0.0000	0.0000	0.0000	0.0000	0.0000	0.0000	0.0000	0.0000	0.0000	0.0000	0.0000	0.0000	0.0000	0.0000	0.0000	0.0000	0.0000											
27	133	0.7475	11	1	1	1	1	0	0	0	0	N	N	N	N	N	N	N	N	N	N	N	N	0.0000	0.0000	0.0000	0.0000	0.0000	0.0000	0.0000	0.0000	0.0000	0.0000	0.0000	0.0000	0.0000	0.0000	0.0000	0.0000	0.0000	0.0000	0.0000	0.0000	0.0418	1.0000	6.1659	0.0000	0.0000	0.0000	0.0000	0.0000	0.0000	0.0000	0.0000	0.0000	0.0000	0.0000	0.0000	0.0000	0.0000	0.0000	0.0000	0.0000	0.0000	0.0000	0.0047	0.0044	0.0003	0.0027	0.0027	0.0001	0.0020	0.0018	0.0003	0.0087	0.0059	0.0028	0.0053	0.0047	0.0005	0.0034	0.0012	0.0023	0.0000	0.0000	0.0000	0.0000	0.0000	0.0000	0.0000	0.0000	0.0000	0.0000	0.0000	0.0000	0.0000	0.0000	0.0000	0.0000	0.0000	0.0000											
27	134	0.7475	11	1	1	1	1	0	0	0	0	N	N	N	N	N	N	N	N	N	N	N	N	0.0000	0.0000	0.0000	0.0000	0.0000	0.0000	0.0000	0.0000	0.0000	0.0000	0.0000	0.0000	0.0000	0.0000	0.0000	0.0000	0.0000	0.0000	0.0000	0.0000	0.0418	0.0000	6.1659	0.0000	0.0000	0.0000	0.0000	0.0000	0.0000	0.0000	0.0000	0.0000	0.0000	0.0000	0.0000	0.0000	0.0000	0.0000	0.0000	0.0000	0.0000	0.0000	0.0000	0.0000	0.0000	0.0000	0.0000	0.0000	0.0000	0.0000	0.0000	0.0000	0.0000	0.0000	0.0000	0.0000	0.0000	0.0000	0.0000	0.0000	0.0000	0.0000	0.0000	0.0000	0.0000	0.0000	0.0000	0.0000	0.0000	0.0000	0.0000	0.0000	0.0000	0.0000	0.0000	0.0000	0.0000	0.0000											
27	135	0.7364	10	1	1	1	1	0	0	0	0	N	N	N	N	N	N	N	N	N	N	N	N	0.0000	0.0000	0.0000	0.0000	0.0000	0.0000	0.0000	0.0000	0.0000	0.0000	0.0000	0.0000	0.0000	0.0000	0.0000	0.0000	0.0000	0.0000	0.0000	0.0000	0.0000	0.0000	0.0000	0.0000	inf	0.0000	0.0000	0.0418	2.0025	6.1659	0.9943	0.0000	0.0000	0.0000	0.0000	0.0000	0.0000	0.0000	0.0000	0.0000	0.0000	0.0000	0.0000	0.0000	0.0000	0.0000	0.0000	0.0000	0.0000	0.0092	0.0086	0.0006	0.0053	0.0052	0.0001	0.0040	0.0035	0.0005	0.0269	0.0183	0.0086	0.0167	0.0148	0.0019	0.0102	0.0035	0.0067	0.0000	0.0000	0.0000	0.0000	0.0000	0.0000	0.0000	0.0000	0.0000	0.0000	0.0000	0.0000	0.0000	0.0000	0.0000	0.0000	0.0000	0.0000				
27	136	0.7364	9	1	1	0	1	0	0	0	0	N	N	N	N	N	N	N	N	N	N	N	N	0.0000	0.0000	0.0000	0.0000	0.0000	0.0000	0.0000	0.0000	0.0000	0.0000	0.0000	0.0000	0.0000	0.0000	0.0000	0.0000	0.0000	0.0002	0.0003	0.0001	0.0004	0.0004	0.0001	0.0001	0.0000	0.0001	1.0000	0.0000	-0.0000	0.0418	0.0050	6.1659	0.0173	0.0000	0.0000	0.0000	0.0000	0.0000	0.0000	0.0000	0.0000	0.0000	0.0000	0.0000	0.0000	0.0000	0.0000	0.0000	0.0000	0.0000	0.0000	0.0001	0.0000	0.0000	0.0000	0.0000	0.0000	0.0000	0.0000	0.0000	0.0002	0.0001	0.0001	0.0001	0.0001	0.0000	0.0001	0.0000	0.0001	0.0000	0.0000	0.0000	0.0000	0.0000	0.0000	0.0000	0.0000	0.0000	0.0001	0.0001	0.0001	0.0001	0.0001	0.0001	0.0001	0.0000	0.0001		
27	137	0.7268	8	1	1	0	1	0	0	0	0	N	N	N	N	N	N	N	N	N	N	N	N	0.0000	0.0000	0.0000	0.0000	0.0000	0.0000	0.0000	0.0000	0.0000	0.0000	0.0000	0.0000	0.0000	0.0000	0.0001	0.0000	0.0001	0.0001	0.0000	0.0000	0.0000	0.0000	0.0000	0.0000	-0.0000	0.0418	1.9972	6.1659	1.0076	0.0000	0.0000	0.0000	0.0000	0.0000	0.0000	0.0000	0.0000	0.0000	0.0000	0.0000	0.0000	0.0000	0.0000	0.0000	0.0000	0.0000	0.0000	0.0086	0.0080	0.0006	0.0047	0.0046	0.0001	0.0039	0.0034	0.0005	0.0255	0.0177	0.0077	0.0168	0.0149	0.0019	0.0087	0.0028	0.0058	0.0000	0.0000	0.0000	0.0000	0.0000	0.0000	0.0000	0.0000	0.0000	0.0000	0.0000	0.0000	0.0000	0.0000	0.0000	0.0000	0.0000	0.0000						
27	138	0.7095	7	2	2	0	0	0	0	0	0	Y	Y	N	N	N	N	N	N	N	N	N	N	0.2955	60.9879	0.0000	7.9199	142.7264	0.0000	0.0000	0.0000	0.2017	0.3012	0.0000	0.3436	0.3990	0.0000	0.0000	0.0000	0.0000	0.6825	0.0049	0.1784	0.0434	0.0028	0.1698	0.4609	0.0000	0.0772	0.0007	26.5745	-0.0000	0.0002	0.0418	0.0002	6.1659	2.3255	0.0000	0.0000	0.0000	0.0000	0.0000	0.0000	0.0000	0.0000	0.0000	0.0006	0.0000	0.0005	0.0001	0.0000	0.0001	0.0004	0.0000	0.0004	0.0000	0.0000	0.0000	0.0000	0.0000	0.0000	0.0000	0.0000	0.0000	0.0286	0.0199	0.0087	0.0162	0.0147	0.0015	0.0124	0.0051	0.0072	10.4492	298.8246	0.0000	50.4620	293.2431	0.0000	0.0000	0.0000	0.0000	0.0193	0.0010	0.0608	0.0068	0.0014	0.0595	0.0357	0.0000	0.0611	
27	139	0.6916	6	2	2	0	0	0	0	0	0	Y	Y	N	N	N	N	N	N	N	N	N	N	0.0002	0.0001	0.0018	0.0001	0.0001	0.0121	0.0002	0.3895	0.0038	0.0002	0.0001	0.0012	0.0001	0.0001	0.0000	0.0003	0.0001	0.0014	1.1810	0.8886	0.6784	0.4527	0.4596	0.0041	1.2112	0.0004	0.3752	0.9765	3.9831	0.0000	0.0012	0.0418	2.0138	6.1659	2.7349	0.0000	0.0000	0.0000	0.0000	0.0000	0.0000	0.0000	0.0000	0.0000	0.0044	0.0009	0.0035	0.0009	0.0009	0.0000	0.0035	0.0000	0.0035	0.0085	0.0079	0.0006	0.0044	0.0043	0.0001	0.0041	0.0036	0.0005	0.0582	0.0373	0.0209	0.0321	0.0292	0.0030	0.0260	0.0082	0.0179	0.0023	0.0041	0.0073	0.0022	0.0020	0.0165	0.0022	86.7426	0.0073	0.0758	0.0237	0.1689	0.0278	0.0304	0.0030	0.1351	0.0000	0.1967
27	140	0.7082	7	1	2	0	0	0	0	0	0	N	Y	N	N	N	N	N	N	N	N	N	N	0.0009	0.2253	0.0000	0.1257	0.3245	0.0000	0.0000	0.0000	0.0000	0.0000	0.0000	0.0000	0.0000	0.0000	0.0000	0.0000	0.0000	0.0194	0.0001	0.0086	0.0002	0.0001	0.0001	0.0408	0.0000	0.0079	0.0020	4875.5490	-0.0000	0.0000	0.0418	1.9232	6.1659	1.1116	0.0000	0.0000	0.0000	0.0000	0.0000	0.0000	0.0000	0.0000	0.0000	0.0000	0.0000	0.0000	0.0000	0.0000	0.0000	0.0000	0.0000	0.0000	0.0119	0.0112	0.0007	0.0077	0.0075	0.0002	0.0041	0.0036	0.0005	0.0267	0.0185	0.0082	0.0174	0.0155	0.0020	0.0093	0.0031	0.0062	0.0093	33.3806	0.0000	2.5470	41.3037	0.0000	0.0000	0.0000	0.0000	0.0019	0.0000	0.0060	0.0000	0.0000	0.0001	0.0053	0.0000	0.0079	
27	141	0.1043	3	1	2	0	0	0	0	0	0	N	Y	N	N	N	N	N	N	N	N	N	N	inf	inf	inf	inf	inf	inf	0.0289	0.0318	0.0000	0.0040	0.0041	0.0000	0.0375	0.0424	0.0000	0.0000	0.0000	0.0000	0.0000	0.0000	0.0000	0.0000	0.0000	0.0000	0.0000	-0.0001	0.0000	0.0418	3.0000	6.1659	1.0000	0.0003	0.0003	0.0000	0.0000	0.0000	0.0000	0.0003	0.0003	0.0000	0.0000	0.0000	0.0000	0.0000	0.0000	0.0000	0.0000	0.0000	0.0000	0.0097	0.0088	0.0009	0.0025	0.0024	0.0000	0.0072	0.0064	0.0008	0.0919	0.0404	0.0514	0.0065	0.0060	0.0005	0.0853	0.0344	0.0509	inf	inf	0.0000	inf	inf	0.0000	inf	inf	0.0000	0.0000	0.0000	0.0000	0.0000	0.0000	0.0000	0.0000	0.0000	0.0000				
27	142	0.0851	2	1	1	0	0	0	0	0	0	N	N	N	N	N	N	N	N	N	N	N	N	0.0000	0.0000	0.0000	0.0000	0.0000	0.0000	0.0000	0.0000	0.0000	0.0000	0.0000	0.0000	0.0000	0.0000	0.0000	0.0000	0.0000	0.0000	-0.0000	0.0000	0.0418	1.0000	6.1659	1.0000	0.0000	0.0000	0.0000	0.0000	0.0000	0.0000	0.0000	0.0000	0.0000	0.0000	0.0000	0.0000	0.0000	0.0000	0.0000	0.0000	0.0000	0.0000	0.0036	0.0033	0.0003	0.0009	0.0009	0.0000	0.0027	0.0024	0.0003	0.0493	0.0217	0.0277	0.0034	0.0031	0.0003	0.0460	0.0186	0.0274	0.0000	0.0000	0.0000	0.0000	0.0000	0.0000	0.0000	0.0000	0.0000	0.0000	0.0000	0.0000	0.0000	0.0000	0.0000	0.0000	0.0000	0.0000											
27	145	0.7268	9	2	2	0	0	0	0	0	0	Y	Y	N	N	N	N	N	N	N	N	N	N	inf	inf	inf	inf	0.0023	0.0024	0.0000	0.0042	0.0042	0.0000	0.0000	0.0000	0.0000	0.0000	0.0000	0.0000	0.0000	0.0000	0.0000	0.0000	0.0000	0.0000	0.0000	-0.0000	0.0000	0.0418	1.0000	6.1659	1.0000	0.0000	0.0000	0.0000	0.0000	0.0000	0.0000	0.0000	0.0000	0.0000	0.0000	0.0000	0.0000	0.0000	0.0000	0.0000	0.0000	0.0000	0.0000	0.0044	0.0041	0.0003	0.0024	0.0024	0.0000	0.0020	0.0018	0.0003	0.0171	0.0119	0.0052	0.0113	0.0100	0.0013	0.0058	0.0019	0.0039	inf	inf	0.0000	inf	inf	0.0000	0.0000	0.0000	0.0000	0.0000	0.0000	0.0000	0.0000	0.0000	0.0000	0.0000	0.0000	0.0000						
27	146	0.7268	8	1	2	0	0	0	0	0	0	N	Y	N	N	N	N	N	N	N	N	N	N	0.0000	0.0000	0.0000	0.0000	0.0000	0.0000	0.0000	0.0000	0.0000	0.0000	0.0000	0.0000	0.0000	0.0000	0.0000	0.0000	0.0000	0.0000	0.0000	0.0000	0.0418	0.0003	6.1659	0.0000	0.0000	0.0000	0.0000	0.0000	0.0000	0.0000	0.0000	0.0000	0.0000	0.0000	0.0000	0.0000	0.0000	0.0000	0.0000	0.0000	0.0000	0.0000	0.0000	0.0000	0.0000	0.0000	0.0000	0.0000	0.0000	0.0000	0.0000	0.0000	0.0000	0.0000	0.0000	0.0000	0.0000	0.0000	0.0000	0.0000	0.0000	0.0000	0.0000	0.0000	0.0000	0.0000	0.0000	0.0000	0.0000	0.0000	0.0000	0.0000	0.0000	0.0000	0.0000	0.0000	0.0000	0.0000											
27	147	0.7082	7	1	1	0	0	0	0	0	0	N	N	N	N	N	N	N	N	N	N	N	N	1.7039	173.1071	0.0000	114.4548	268.2668	0.0000	0.0000	0.0000	0.0118	0.0126	0.0000	0.0202	0.0207	0.0000	0.0000	0.0000	0.0000	0.0069	0.0001	0.0032	0.0002	0.0001	0.0000	0.0180	0.0000	0.0042	0.0000	3383.0340	-0.0001	0.0000	0.0418	4.9449	6.1659	1.0063	0.0003	0.0003	0.0000	0.0003	0.0003	0.0000	0.0000	0.0000	0.0000	0.0000	0.0000	0.0000	0.0000	0.0000	0.0000	0.0000	0.0000	0.0000	0.0229	0.0214	0.0015	0.0134	0.0130	0.0003	0.0095	0.0083	0.0012	0.0507	0.0351	0.0156	0.0330	0.0292	0.0038	0.0177	0.0059	0.0118	12.0293	30162.7616	0.0000	3579.9750	41131.0485	0.0000	0.0000	0.0000	0.0000	0.0010	0.0000	0.0032	0.0000	0.0000	0.0000	0.0028	0.0000	0.0042	
27	148	0.6916	6	1	1	0	0	0	0	0	0	N	N	N	N	N	N	N	N	N	N	N	N	0.0007	0.1059	0.0000	0.2673	0.3904	0.0000	0.0000	0.0039	0.0000	0.0007	0.0008	0.0000	0.0014	0.0015	0.0000	0.0000	0.0000	0.0000	1.1275	0.0075	0.6815	0.0053	0.0037	0.0078	1.2228	0.0001	0.3757	0.0003	70.8785	-0.0000	0.0017	0.0418	3.4778	6.1659	1.2917	0.0000	0.0000	0.0000	0.0000	0.0000	0.0000	0.0000	0.0000	0.0000	0.0036	0.0001	0.0036	0.0001	0.0001	0.0000	0.0035	0.0000	0.0035	0.0141	0.0131	0.0010	0.0073	0.0071	0.0001	0.0069	0.0060	0.0009	0.0584	0.0374	0.0209	0.0323	0.0292	0.0030	0.0261	0.0082	0.0179	0.0119	0.5913	0.0000	0.7138	0.8503	0.0000	0.0000	4.1892	0.0000	0.0617	0.0013	0.1697	0.0020	0.0017	0.0048	0.1355	0.0000	0.1974
27	149	0.6413	5	1	1	0	0	0	0	0	0	N	N	N	N	N	N	N	N	N	N	N	N	0.0012	0.6515	0.0000	2.2376	2.2621	0.0000	0.0000	0.0097	0.0105	0.0000	0.0194	0.0198	0.0000	0.0000	0.0000	0.0000	8.0846	0.0161	28.0850	0.0087	0.0087	0.0000	15.9954	0.0000	34.8523	0.0000	6294.3895	-0.0001	0.4603	0.0418	7.8050	6.1659	4.0035	0.0003	0.0003	0.0000	0.0003	0.0003	0.0000	0.0000	0.0000	0.0000	0.9632	0.0002	0.9630	0.0002	0.0002	0.0000	0.9630	0.0000	0.9630	0.0299	0.0277	0.0022	0.0150	0.0147	0.0003	0.0149	0.0130	0.0019	0.1191	0.0731	0.0461	0.0589	0.0518	0.0071	0.0602	0.0212	0.0390	0.0012	4.9961	0.0000	7.4574	6.6950	0.0000	0.0000	0.0000	0.0000	8.0846	0.0021	20.9013	0.0026	0.0030	0.0000	15.9954	0.0000	24.7183		
27	150	0.5467	5	1	1	0	0	0	0	0	0	N	N	N	N	N	N	N	N	N	N	N	N	0.0774	0.0606	0.0000	0.0524	0.0616	0.0000	0.0007	0.0630	0.0000	0.3890	0.4750	0.0000	0.5526	0.7184	0.0000	0.0016	0.0017	0.0000	5.0275	7.8415	7.1241	10.5550	11.6542	0.0425	2.3391	0.0269	3.1293	0.0000	0.1115	-0.0035	-0.4832	0.0418	3.7255	6.1659	14.1767	0.0133	0.0133	0.0000	0.0133	0.0133	0.0000	0.0000	0.0000	0.0000	1.1463	1.0313	0.1150	1.0314	1.0312	0.0002	0.1149	0.0001	0.1149	0.0341	0.0280	0.0062	0.0240	0.0185	0.0055	0.0101	0.0095	0.0006	0.2280	0.1315	0.0965	0.0977	0.0885	0.0092	0.1303	0.0430	0.0873	0.0774	0.0606	0.0000	0.0524	0.0616	0.0000	0.0018	1.1752	0.0000	5.0275	7.8415	1.1920	10.5550	11.6542	0.0183	0.8820	0.0014	1.3162
27	151	0.5303	4	1	1	0	0	0	0	0	0	N	N	N	N	N	N	N	N	N	N	N	N	0.1240	0.1876	0.0001	0.0654	0.0924	0.0044	0.1573	257.9076	0.0012	0.4351	0.5542	0.0019	0.2983	0.4153	0.0010	0.8035	0.8325	0.0194	3.5087	2.9534	14.8560	4.5591	4.4947	0.2391	5.1086	0.0032	16.3740	0.0009	3.7432	-0.0032	0.1303	0.0418	1.4205	6.1659	4.0377	0.0123	0.0123	0.0000	0.0062	0.0062	0.0000	0.0062	0.0062	0.0000	0.4877	0.1028	0.3849	0.1031	0.1028	0.0003	0.3846	0.0000	0.3846	0.0283	0.0222	0.0061	0.0207	0.0148	0.0058	0.0077	0.0074	0.0003	0.1390	0.0806	0.0585	0.0637	0.0602	0.0035	0.0753	0.0203	0.0550	0.1240	0.4341	0.0003	0.1843	0.2433	0.0133	0.1573	6399.1933	0.0028	3.5087	1.2765	6.5848	1.6181	1.7071	0.0787	5.1086	0.0001	6.9969
28	30	0.6836	12	0	0	0	2	0	0	0	0	N	N	N	Y	N	N	N	N	N	N	N	N	0.0000	0.0000	0.0000	0.0000	0.0000	0.0000	0.0000	0.0000	0.0000	0.0000	0.0000	0.0000	0.0000	0.0000	0.0000	0.0000	0.0000	0.0000	0.0000	0.0000	1.5398	0.0000	1.0296	0.0000	0.0000	0.0000	0.0000	0.0000	0.0000	0.0000	0.0000	0.0000	0.0000	0.0000	0.0000	0.0000	0.0000	0.0000	0.0000	0.0000	0.0000	0.0000	0.0000	0.0000	0.0000	0.0000	0.0000	0.0000	0.0000	0.0000	0.0000	0.0000	0.0000	0.0000	0.0000	0.0000	0.0000	0.0000	0.0000	0.0000	0.0000	0.0000	0.0000	0.0000	0.0000	0.0000	0.0000	0.0000	0.0000	0.0000	0.0000	0.0000	0.0000	0.0000	0.0000	0.0000	0.0000	0.0000											
28	31	0.6904	10	1	0	1	1	0	0	0	0	N	N	N	N	N	N	N	N	N	N	N	N	0.0000	0.0000	0.0000	0.0000	0.0000	0.0000	0.0000	0.0000	0.0000	0.0000	0.0000	0.0000	0.0000	0.0000	0.0000	0.0000	0.0000	0.0000	0.0000	0.0000	1.5398	0.0000	1.0296	0.0000	0.0000	0.0000	0.0000	0.0000	0.0000	0.0000	0.0000	0.0000	0.0000	0.0000	0.0000	0.0000	0.0000	0.0000	0.0000	0.0000	0.0000	0.0000	0.0000	0.0000	0.0000	0.0000	0.0000	0.0000	0.0000	0.0000	0.0000	0.0000	0.0000	0.0000	0.0000	0.0000	0.0000	0.0000	0.0000	0.0000	0.0000	0.0000	0.0000	0.0000	0.0000	0.0000	0.0000	0.0000	0.0000	0.0000	0.0000	0.0000	0.0000	0.0000	0.0000	0.0000	0.0000	0.0000											
28	32	0.6262	8	0	1	0	1	0	0	0	0	N	N	N	N	N	N	N	N	N	N	N	N	0.0000	0.0000	0.0000	0.0000	0.0000	0.0000	0.0000	0.0000	0.0000	0.0000	0.0000	0.0000	0.0000	0.0000	0.0000	0.0000	0.0000	0.0000	0.0000	0.0000	1.5398	0.0006	1.0296	3.0000	0.0000	0.0000	0.0000	0.0000	0.0000	0.0000	0.0000	0.0000	0.0000	0.0000	0.0000	0.0000	0.0000	0.0000	0.0000	0.0000	0.0000	0.0000	0.0001	0.0001	0.0000	0.0000	0.0000	0.0000	0.0000	0.0000	0.0000	0.0112	0.0070	0.0043	0.0057	0.0050	0.0007	0.0056	0.0020	0.0035	0.0000	0.0000	0.0000	0.0000	0.0000	0.0000	0.0000	0.0000	0.0000	0.0000	0.0000	0.0000	0.0000	0.0000	0.0000	0.0000	0.0000	0.0000											
28	33	0.6262	8	0	1	0	1	0	0	0	0	N	N	N	N	N	N	N	N	N	N	N	N	0.0000	0.0000	0.0000	0.0000	0.0000	0.0000	0.0000	0.0000	0.0000	0.0000	0.0000	0.0000	0.0000	0.0000	0.0000	0.0000	0.0000	0.0000	0.0000	0.0000	1.5398	2.0006	1.0296	8.0000	0.0000	0.0000	0.0000	0.0000	0.0000	0.0000	0.0000	0.0000	0.0000	0.0000	0.0000	0.0000	0.0000	0.0000	0.0000	0.0000	0.0000	0.0000	0.1124	0.1017	0.0107	0.0775	0.0725	0.0050	0.0349	0.0292	0.0057	0.0353	0.0219	0.0134	0.0179	0.0156	0.0023	0.0174	0.0063	0.0111	0.0000	0.0000	0.0000	0.0000	0.0000	0.0000	0.0000	0.0000	0.0000	0.0000	0.0000	0.0000	0.0000	0.0000	0.0000	0.0000	0.0000	0.0000											
28	34	0.6675	9	1	1	0	1	0	0	0	0	N	N	N	N	N	N	N	N	N	N	N	N	57372.6440	inf	538.7760	30647.0469	inf	0.0648	1942.8694	inf	5640.9032	1.6194	1.7770	0.0005	2.3915	2.5406	0.0000	0.0002	0.0001	0.0009	0.0000	0.0000	0.0000	0.0001	0.0000	0.0000	0.0000	0.0000	0.0000	0.0000	inf	-0.1999	0.0000	1.5398	10.0001	1.0296	4.0001	0.7683	0.7683	0.0000	0.7683	0.7683	0.0000	0.0000	0.0000	0.0000	0.0000	0.0000	0.0000	0.0000	0.0000	0.0000	0.0000	0.0000	0.0000	0.4744	0.4324	0.0421	0.3213	0.3024	0.0189	0.1532	0.1300	0.0232	0.0450	0.0300	0.0149	0.0271	0.0239	0.0032	0.0178	0.0061	0.0118	5515891.2584	inf	538.7760	5688068.6409	inf	0.0648	1942.8694	inf	5640.9032	0.0000	0.0000	0.0000	0.0000	0.0000	0.0000	0.0000	0.0000	0.0000
28	35	0.6262	8	0	1	0	1	0	0	0	0	N	N	N	N	N	N	N	N	N	N	N	N	0.0071	0.0050	0.0160	0.0158	inf	inf	0.0027	0.0030	0.0000	0.0039	0.0042	0.0000	0.0002	0.0002	0.0000	0.3873	0.6059	0.0000	0.2432	0.2632	0.0000	0.0000	0.0000	0.0000	0.0000	0.0000	-0.0001	-0.0001	1.5398	3.0004	1.0296	2.0000	0.0005	0.0005	0.0000	0.0004	0.0004	0.0000	0.0000	0.0000	0.0000	0.0002	0.0002	0.0000	0.0002	0.0002	0.0000	0.0000	0.0000	0.0000	0.1647	0.1490	0.0157	0.1128	0.1056	0.0072	0.0519	0.0434	0.0084	0.0184	0.0114	0.0070	0.0093	0.0081	0.0012	0.0091	0.0033	0.0058	0.3353	0.2302	0.0000	0.2420	0.2256	0.0000	inf	inf	0.0000	0.0081	0.0131	0.0000	0.0161	0.0185	0.0000	0.0000	0.0000	0.0000			
28	36	0.0701	5	0	1	0	1	0	0	0	0	N	N	N	N	N	N	N	N	N	N	N	N	0.0000	0.0000	0.0000	0.0000	0.0000	0.0000	0.0000	0.0000	0.0000	0.0000	0.0000	0.0000	0.0000	0.0082	0.0209	0.0000	0.0182	0.0197	0.0000	0.0000	0.0000	0.0000	0.0000	0.0000	-0.0000	1.5398	3.0000	1.0296	3.0000	0.0000	0.0000	0.0000	0.0000	0.0000	0.0000	0.0000	0.0000	0.0000	0.0000	0.0000	0.0000	0.0000	0.0000	0.0000	0.0000	0.0000	0.0000	0.1469	0.1309	0.0160	0.0133	0.0130	0.0003	0.1336	0.1179	0.0158	0.0363	0.0168	0.0195	0.0092	0.0080	0.0012	0.0271	0.0088	0.0183	0.0000	0.0000	0.0000	0.0000	0.0000	0.0000	0.0000	0.0000	0.0000	0.0011	0.0024	0.0000	0.0043	0.0050	0.0000	0.0000	0.0000	0.0000						
28	37	0.6564	9	1	1	0	1	0	0	0	0	N	N	N	N	N	N	N	N	N	N	N	N	0.3931	0.1493	inf	0.3212	0.2561	inf	0.0004	0.0003	0.0013	0.0005	0.0004	0.0029	0.0000	0.0000	0.0000	0.0009	0.0018	0.0000	0.0017	0.0014	0.0000	0.0000	0.0000	0.0000	0.5452	0.0000	0.0000	-0.0000	1.5398	4.2779	1.0296	3.9542	0.0001	0.0001	0.0000	0.0001	0.0001	0.0000	0.0000	0.0000	0.0000	0.0000	0.0000	0.0000	0.0000	0.0000	0.0000	0.0000	0.0000	0.0000	0.2324	0.2100	0.0223	0.1586	0.1482	0.0104	0.0737	0.0618	0.0119	0.0299	0.0183	0.0117	0.0148	0.0128	0.0019	0.0151	0.0054	0.0097	1.0946	0.4783	inf	0.7915	0.4770	inf	0.0000	0.0000	0.0000	0.0003	0.0005	0.0000	0.0007	0.0008	0.0000	0.0000	0.0000	0.0000			
28	38	0.0612	5	1	1	0	1	0	0	0	0	N	N	N	N	N	N	N	N	N	N	N	N	0.5009	inf	1.1088	1.7892	inf	3.1126	0.1153	inf	0.0369	0.0001	0.0001	0.0001	0.0009	0.0008	0.0049	0.0000	0.0000	0.0000	0.0002	0.0000	0.0001	0.0005	0.0000	0.0016	0.0001	0.0000	0.0001	0.1668	inf	-0.0000	0.0000	1.5398	2.8243	1.0296	1.0201	0.0000	0.0000	0.0000	0.0000	0.0000	0.0000	0.0000	0.0000	0.0000	0.0000	0.0000	0.0000	0.0000	0.0000	0.0000	0.0000	0.0000	0.0000	0.1764	0.1559	0.0205	0.0184	0.0179	0.0005	0.1580	0.1380	0.0199	0.0335	0.0145	0.0190	0.0026	0.0024	0.0002	0.0309	0.0122	0.0188	1.5877	inf	1.1088	9.0396	inf	3.8636	0.1899	inf	0.0369	0.0001	0.0000	0.0001	0.0001	0.0000	0.0013	0.0001	0.0000	0.0001
28	39	0.6675	9	0	1	0	1	0	0	0	0	N	N	N	N	N	N	N	N	N	N	N	N	inf	inf	inf	inf	inf	inf	0.0005	0.0005	0.0000	0.0006	0.0007	0.0000	0.0000	0.0000	0.0000	0.0000	0.0000	0.0000	0.0000	0.0000	0.0000	0.0000	0.0000	0.0000	0.0000	-0.0000	0.0000	1.5398	5.0001	1.0296	5.0000	0.0001	0.0001	0.0000	0.0001	0.0001	0.0000	0.0000	0.0000	0.0000	0.0000	0.0000	0.0000	0.0000	0.0000	0.0000	0.0000	0.0000	0.0000	0.2657	0.2426	0.0230	0.1855	0.1748	0.0107	0.0802	0.0678	0.0124	0.0332	0.0222	0.0110	0.0200	0.0177	0.0023	0.0131	0.0045	0.0087	inf	inf	0.0000	inf	inf	0.0000	inf	inf	0.0000	0.0000	0.0000	0.0000	0.0000	0.0000	0.0000	0.0000	0.0000	0.0000				
28	40	0.0925	6	0	1	0	1	0	0	0	0	N	N	N	N	N	N	N	N	N	N	N	N	0.0000	0.0000	0.0000	0.0000	0.0000	0.0000	0.0000	0.0000	0.0000	0.0000	0.0000	0.0000	0.0000	0.0000	0.0000	0.0000	0.0000	0.0000	0.0000	0.0000	1.5398	0.0000	1.0296	2.0000	0.0000	0.0000	0.0000	0.0000	0.0000	0.0000	0.0000	0.0000	0.0000	0.0000	0.0000	0.0000	0.0000	0.0000	0.0000	0.0000	0.0000	0.0000	0.0000	0.0000	0.0000	0.0000	0.0000	0.0000	0.0000	0.0000	0.0000	0.0129	0.0048	0.0081	0.0005	0.0005	0.0000	0.0124	0.0043	0.0080	0.0000	0.0000	0.0000	0.0000	0.0000	0.0000	0.0000	0.0000	0.0000	0.0000	0.0000	0.0000	0.0000	0.0000	0.0000	0.0000	0.0000	0.0000											
28	41	0.6675	9	0	1	0	1	0	0	0	0	N	N	N	N	N	N	N	N	N	N	N	N	inf	inf	inf	inf	0.0004	0.0004	0.0000	0.0006	0.0006	0.0000	0.0000	0.0000	0.0000	0.0000	0.0000	0.0000	0.0000	0.0000	0.0000	0.0000	0.0000	0.0000	0.0000	-0.0000	0.0000	1.5398	5.9998	1.0296	3.0000	0.0001	0.0001	0.0000	0.0001	0.0001	0.0000	0.0000	0.0000	0.0000	0.0000	0.0000	0.0000	0.0000	0.0000	0.0000	0.0000	0.0000	0.0000	0.3112	0.2841	0.0271	0.2159	0.2034	0.0125	0.0953	0.0807	0.0146	0.0301	0.0201	0.0100	0.0182	0.0161	0.0021	0.0119	0.0040	0.0079	inf	inf	0.0000	inf	inf	0.0000	0.0000	0.0000	0.0000	0.0000	0.0000	0.0000	0.0000	0.0000	0.0000	0.0000	0.0000	0.0000						
28	42	0.0831	6	0	1	1	2	0	0	0	0	N	N	N	Y	N	N	N	N	N	N	N	N	16.4480	inf	0.0000	24.0141	inf	0.0000	6.3318	inf	0.0000	0.0012	0.0013	0.0000	0.0031	0.0032	0.0000	0.0000	0.0000	0.0000	0.0001	0.0000	0.0000	0.0001	0.0000	0.0000	0.0000	0.0000	0.0000	0.0000	inf	-0.0000	0.0000	1.5398	0.0011	1.0296	1.0134	0.0000	0.0000	0.0000	0.0000	0.0000	0.0000	0.0000	0.0000	0.0000	0.0000	0.0000	0.0000	0.0000	0.0000	0.0000	0.0000	0.0000	0.0000	0.0001	0.0001	0.0000	0.0000	0.0000	0.0000	0.0001	0.0001	0.0000	0.0075	0.0030	0.0044	0.0008	0.0007	0.0001	0.0067	0.0023	0.0044	366.4635	inf	0.0000	1556.3163	inf	0.0000	6.3318	inf	0.0000	0.0000	0.0000	0.0000	0.0000	0.0000	0.0000	0.0000	0.0000	0.0000
28	43	0.0612	5	0	0	0	2	0	0	0	0	N	N	N	Y	N	N	N	N	N	N	N	N	26.5118	27.0165	0.0178	85.0642	124.7072	0.0352	1.6586	inf	0.0100	0.0026	0.0030	0.0000	0.0251	0.0258	0.0000	0.0000	0.0000	0.0000	0.0001	0.0001	0.0000	0.0003	0.0002	0.0001	0.0000	0.0000	0.0000	0.0000	8.4178	-0.0001	0.0000	1.5398	2.8187	1.0296	0.0347	0.0005	0.0005	0.0000	0.0005	0.0005	0.0000	0.0000	0.0000	0.0000	0.0000	0.0000	0.0000	0.0000	0.0000	0.0000	0.0000	0.0000	0.0000	0.1761	0.1557	0.0204	0.0184	0.0179	0.0005	0.1577	0.1378	0.0199	0.0256	0.0112	0.0144	0.0021	0.0019	0.0002	0.0235	0.0093	0.0143	297.0174	1382.2387	0.0178	1137.6187	2042.4471	0.0352	1.6586	inf	0.0100	0.0000	0.0000	0.0000	0.0000	0.0000	0.0001	0.0000	0.0000	0.0000
28	44	0.0485	4	0	0	0	1	0	0	0	0	N	N	N	N	N	N	N	N	N	N	N	N	0.4729	0.2439	0.0000	0.2688	0.3362	0.0000	0.0000	0.0001	0.0002	0.0000	0.0010	0.0010	0.0000	0.0000	0.0000	0.0000	0.0003	0.0006	0.0000	0.0036	0.0029	0.0000	0.0000	0.0000	0.0000	0.0000	0.0111	-0.0000	-0.0000	1.5398	0.9605	1.0296	1.0076	0.0000	0.0000	0.0000	0.0000	0.0000	0.0000	0.0000	0.0000	0.0000	0.0000	0.0000	0.0000	0.0000	0.0000	0.0000	0.0000	0.0000	0.0000	0.0741	0.0652	0.0089	0.0107	0.0107	0.0000	0.0634	0.0546	0.0089	0.0192	0.0083	0.0109	0.0016	0.0016	0.0000	0.0175	0.0067	0.0108	1.1665	0.5804	0.0000	0.6983	0.6927	0.0000	0.0000	0.0000	0.0000	0.0001	0.0003	0.0000	0.0014	0.0014	0.0000	0.0000	0.0000	0.0000		
28	45	0.6794	11	0	1	1	2	0	0	0	0	N	N	N	Y	N	N	N	N	N	N	N	N	0.0000	0.0000	0.0000	0.0000	0.0000	0.0000	0.0000	0.0000	0.0000	0.0000	0.0000	0.0000	0.0000	0.0000	0.0000	0.0000	0.0000	0.0000	0.0000	0.0000	1.5398	1.0000	1.0296	1.0000	0.0000	0.0000	0.0000	0.0000	0.0000	0.0000	0.0000	0.0000	0.0000	0.0000	0.0000	0.0000	0.0000	0.0000	0.0000	0.0000	0.0000	0.0000	0.0564	0.0510	0.0054	0.0386	0.0361	0.0025	0.0178	0.0149	0.0029	0.0077	0.0047	0.0029	0.0038	0.0033	0.0005	0.0039	0.0014	0.0025	0.0000	0.0000	0.0000	0.0000	0.0000	0.0000	0.0000	0.0000	0.0000	0.0000	0.0000	0.0000	0.0000	0.0000	0.0000	0.0000	0.0000	0.0000											
28	46	0.0701	5	0	1	0	1	0	0	0	0	N	N	N	N	N	N	N	N	N	N	N	N	0.0000	0.0000	0.0000	0.0000	0.0000	0.0000	0.0000	0.0000	0.0000	0.0000	0.0000	0.0000	0.0000	0.0000	0.0000	0.0000	0.0000	0.0000	0.0000	0.0000	1.5398	0.0000	1.0296	0.0000	0.0000	0.0000	0.0000	0.0000	0.0000	0.0000	0.0000	0.0000	0.0000	0.0000	0.0000	0.0000	0.0000	0.0000	0.0000	0.0000	0.0000	0.0000	0.0000	0.0000	0.0000	0.0000	0.0000	0.0000	0.0000	0.0000	0.0000	0.0000	0.0000	0.0000	0.0000	0.0000	0.0000	0.0000	0.0000	0.0000	0.0000	0.0000	0.0000	0.0000	0.0000	0.0000	0.0000	0.0000	0.0000	0.0000	0.0000	0.0000	0.0000	0.0000	0.0000	0.0000	0.0000	0.0000											
28	47	0.0485	4	0	1	0	2	0	0	0	0	N	N	N	Y	N	N	N	N	N	N	N	N	0.0000	0.0000	0.0000	0.0000	0.0000	0.0000	0.0000	0.0000	0.0000	0.0000	0.0000	0.0000	0.0000	0.0001	0.0000	0.0000	0.0000	0.0000	0.0000	0.0000	0.0000	0.0000	inf	0.0000	0.0000	1.5398	0.0000	1.0296	1.0000	0.0000	0.0000	0.0000	0.0000	0.0000	0.0000	0.0000	0.0000	0.0000	0.0000	0.0000	0.0000	0.0000	0.0000	0.0000	0.0000	0.0000	0.0000	0.0148	0.0129	0.0019	0.0074	0.0074	0.0000	0.0074	0.0055	0.0019	0.0108	0.0048	0.0060	0.0013	0.0013	0.0000	0.0095	0.0035	0.0060	0.0000	0.0000	0.0000	0.0000	0.0000	0.0000	0.0000	0.0000	0.0000	0.0000	0.0000	0.0000	0.0000	0.0000	0.0000	0.0000	0.0000	0.0000						
28	48	0.0701	5	1	1	0	1	0	0	0	0	N	N	N	N	N	N	N	N	N	N	N	N	0.0000	0.0000	0.0000	0.0000	0.0000	0.0000	0.0000	0.0000	0.0000	0.0000	0.0000	0.0000	0.0000	0.0000	0.0000	0.7662	1.2640	0.0000	0.8813	0.9049	0.0000	0.1611	1.7937	0.0000	0.0000	0.0000	-0.0003	1.5398	0.0000	1.0296	4.0000	0.0000	0.0000	0.0000	0.0000	0.0000	0.0000	0.0000	0.0000	0.0000	0.0006	0.0006	0.0000	0.0004	0.0004	0.0000	0.0002	0.0002	0.0000	0.0000	0.0000	0.0000	0.0000	0.0000	0.0000	0.0000	0.0000	0.0000	0.0253	0.0117	0.0136	0.0065	0.0057	0.0009	0.0188	0.0061	0.0127	0.0000	0.0000	0.0000	0.0000	0.0000	0.0000	0.0000	0.0000	0.0000	0.0233	0.0503	0.0000	0.0581	0.0670	0.0000	0.0112	0.0347	0.0000				
28	49	0.0693	5	0	0	1	1	0	0	0	0	N	N	N	N	N	N	N	N	N	N	N	N	0.0000	0.0000	0.0000	0.0000	0.0000	0.0000	0.0000	0.0000	0.0000	0.0000	0.0000	0.0000	0.0000	0.0000	0.0000	0.0000	0.0000	0.0000	0.0000	0.0000	1.5398	0.0000	1.0296	0.0000	0.0000	0.0000	0.0000	0.0000	0.0000	0.0000	0.0000	0.0000	0.0000	0.0000	0.0000	0.0000	0.0000	0.0000	0.0000	0.0000	0.0000	0.0000	0.0000	0.0000	0.0000	0.0000	0.0000	0.0000	0.0000	0.0000	0.0000	0.0000	0.0000	0.0000	0.0000	0.0000	0.0000	0.0000	0.0000	0.0000	0.0000	0.0000	0.0000	0.0000	0.0000	0.0000	0.0000	0.0000	0.0000	0.0000	0.0000	0.0000	0.0000	0.0000	0.0000	0.0000	0.0000	0.0000											
28	50	0.6885	10	0	0	1	1	0	0	0	0	N	N	N	N	N	N	N	N	N	N	N	N	0.0000	0.0000	0.0000	0.0000	0.0000	0.0000	0.0000	0.0000	0.0000	0.0000	0.0000	0.0000	0.0000	0.0000	0.0000	0.0000	0.0000	0.0000	0.0000	0.0000	1.5398	1.0000	1.0296	1.0000	0.0000	0.0000	0.0000	0.0000	0.0000	0.0000	0.0000	0.0000	0.0000	0.0000	0.0000	0.0000	0.0000	0.0000	0.0000	0.0000	0.0000	0.0000	0.0558	0.0501	0.0057	0.0396	0.0364	0.0032	0.0162	0.0136	0.0025	0.0068	0.0042	0.0026	0.0039	0.0033	0.0005	0.0029	0.0009	0.0020	0.0000	0.0000	0.0000	0.0000	0.0000	0.0000	0.0000	0.0000	0.0000	0.0000	0.0000	0.0000	0.0000	0.0000	0.0000	0.0000	0.0000	0.0000											
28	51	0.6930	10	0	1	0	1	0	0	0	0	N	N	N	N	N	N	N	N	N	N	N	N	0.0007	0.0006	0.0000	0.0015	0.0016	0.0000	0.0000	0.0000	0.0000	0.0004	0.0005	0.0000	0.0006	0.0006	0.0000	0.0000	0.0000	0.0000	0.6218	0.8387	0.0000	0.3812	0.3902	0.0000	0.0000	0.0009	0.0000	0.0152	0.0001	-0.0000	-0.0001	1.5398	0.0003	1.0296	0.9690	0.0000	0.0000	0.0000	0.0000	0.0000	0.0000	0.0000	0.0000	0.0000	0.0001	0.0001	0.0000	0.0001	0.0001	0.0000	0.0000	0.0000	0.0000	0.0000	0.0000	0.0000	0.0000	0.0000	0.0000	0.0000	0.0000	0.0000	0.0079	0.0060	0.0019	0.0055	0.0049	0.0005	0.0024	0.0010	0.0014	0.0274	0.0233	0.0000	0.0247	0.0244	0.0000	0.0000	0.0000	0.0000	0.0158	0.0209	0.0000	0.0229	0.0253	0.0000	0.0000	0.0000	0.0000
28	52	0.0523	3	0	1	0	1	0	0	0	0	N	N	N	N	N	N	N	N	N	N	N	N	7.9927	inf	0.0002	82.1625	inf	0.0000	0.0192	inf	0.0000	0.0063	0.0071	0.0000	0.0483	0.0491	0.0000	0.0000	0.0000	0.0000	0.0008	0.0000	0.0006	0.0006	0.0000	0.0020	0.0004	0.0000	0.0006	0.0000	inf	-0.0001	0.0000	1.5398	0.9211	1.0296	0.1671	0.0004	0.0004	0.0000	0.0004	0.0004	0.0000	0.0000	0.0000	0.0000	0.0000	0.0000	0.0000	0.0000	0.0000	0.0000	0.0000	0.0000	0.0000	0.0663	0.0592	0.0070	0.0087	0.0086	0.0001	0.0575	0.0507	0.0069	0.0150	0.0079	0.0071	0.0037	0.0034	0.0003	0.0113	0.0045	0.0068	21.4006	inf	0.0002	333.0082	inf	0.0000	0.0218	inf	0.0000	0.0003	0.0000	0.0006	0.0001	0.0000	0.0017	0.0003	0.0000	0.0006
28	53	0.6794	11	0	1	0	1	0	0	0	0	N	N	N	N	N	N	N	N	N	N	N	N	inf	inf	inf	inf	0.0016	0.0018	0.0000	0.0023	0.0025	0.0000	0.0000	0.0000	0.0000	0.0000	0.0000	0.0000	0.0000	0.0000	0.0000	0.0000	0.0000	0.0000	0.0000	-0.0000	0.0000	1.5398	1.0000	1.0296	5.0000	0.0001	0.0001	0.0000	0.0001	0.0001	0.0000	0.0000	0.0000	0.0000	0.0000	0.0000	0.0000	0.0000	0.0000	0.0000	0.0000	0.0000	0.0000	0.0564	0.0510	0.0054	0.0386	0.0361	0.0025	0.0178	0.0149	0.0029	0.0222	0.0137	0.0085	0.0111	0.0097	0.0014	0.0111	0.0040	0.0071	inf	inf	0.0000	inf	inf	0.0000	0.0000	0.0000	0.0000	0.0000	0.0000	0.0000	0.0000	0.0000	0.0000	0.0000	0.0000	0.0000						
28	54	0.6642	10	0	0	0	1	0	0	0	0	N	N	N	N	N	N	N	N	N	N	N	N	inf	inf	inf	inf	0.0009	0.0010	0.0000	0.0010	0.0011	0.0000	0.0000	0.0000	0.0000	0.0000	0.0000	0.0000	0.0000	0.0000	0.0000	0.0000	0.0000	0.0000	0.0000	-0.0000	0.0000	1.5398	0.0000	1.0296	2.9157	0.0000	0.0000	0.0000	0.0000	0.0000	0.0000	0.0000	0.0000	0.0000	0.0000	0.0000	0.0000	0.0000	0.0000	0.0000	0.0000	0.0000	0.0000	0.0000	0.0000	0.0000	0.0000	0.0000	0.0000	0.0000	0.0000	0.0000	0.0144	0.0086	0.0059	0.0071	0.0064	0.0007	0.0073	0.0021	0.0052	inf	inf	0.0000	inf	inf	0.0000	0.0000	0.0000	0.0000	0.0000	0.0000	0.0000	0.0000	0.0000	0.0000	0.0000	0.0000	0.0000						
28	55	0.0485	4	0	1	0	1	0	0	0	0	N	N	N	N	N	N	N	N	N	N	N	N	0.0042	0.0008	0.0000	0.0027	0.0031	0.0000	0.0000	0.0002	0.0003	0.0000	0.0021	0.0021	0.0000	0.0000	0.0000	0.0000	0.0538	0.3257	0.0000	0.7743	0.6913	0.0000	0.0000	0.0000	0.0000	0.0000	0.0002	-0.0000	-0.0001	1.5398	2.0000	1.0296	3.0000	0.0000	0.0000	0.0000	0.0000	0.0000	0.0000	0.0000	0.0000	0.0000	0.0001	0.0001	0.0000	0.0001	0.0001	0.0000	0.0000	0.0000	0.0000	0.1341	0.1182	0.0159	0.0142	0.0141	0.0001	0.1199	0.1041	0.0158	0.0434	0.0184	0.0250	0.0027	0.0026	0.0000	0.0407	0.0158	0.0250	0.0746	0.0358	0.0000	0.0430	0.0425	0.0000	0.0000	0.0000	0.0000	0.0030	0.0071	0.0000	0.0490	0.0499	0.0000	0.0000	0.0000	0.0000		
28	56	0.6564	9	0	1	0	2	0	0	0	0	N	N	N	Y	N	N	N	N	N	N	N	N	inf	inf	inf	inf	0.0006	0.0007	0.0000	0.0009	0.0009	0.0000	0.0000	0.0000	0.0000	0.0000	0.0000	0.0000	0.0000	0.0000	0.0000	0.0000	0.0000	0.0000	0.0000	-0.0000	0.0000	1.5398	1.7218	1.0296	6.9557	0.0001	0.0001	0.0000	0.0001	0.0001	0.0000	0.0000	0.0000	0.0000	0.0000	0.0000	0.0000	0.0000	0.0000	0.0000	0.0000	0.0000	0.0000	0.1044	0.0944	0.0101	0.0740	0.0689	0.0051	0.0305	0.0255	0.0050	0.0314	0.0192	0.0122	0.0155	0.0135	0.0020	0.0159	0.0057	0.0102	inf	inf	0.0000	inf	inf	0.0000	0.0000	0.0000	0.0000	0.0000	0.0000	0.0000	0.0000	0.0000	0.0000	0.0000	0.0000	0.0000						
28	57	0.6675	9	1	0	1	1	0	0	0	0	N	N	N	N	N	N	N	N	N	N	N	N	inf	inf	inf	inf	inf	inf	1.7617	1.9324	0.0000	2.5866	2.7473	0.0000	0.0002	0.0003	0.0000	0.0000	0.0000	0.0000	0.0000	0.0000	0.0000	0.0000	0.0000	0.0000	0.0000	-0.1999	0.0000	1.5398	8.9999	1.0296	5.0001	0.7684	0.7684	0.0000	0.7683	0.7683	0.0000	0.0000	0.0000	0.0000	0.0000	0.0000	0.0000	0.0000	0.0000	0.0000	0.0000	0.0000	0.0000	0.4362	0.3976	0.0385	0.2970	0.2797	0.0174	0.1391	0.1180	0.0212	0.0450	0.0300	0.0149	0.0271	0.0239	0.0032	0.0178	0.0061	0.0118	inf	inf	0.0000	inf	inf	0.0000	inf	inf	0.0000	0.0000	0.0000	0.0000	0.0000	0.0000	0.0000	0.0000	0.0000	0.0000				
28	58	0.0701	5	1	0	1	1	0	0	0	0	N	N	N	N	N	N	N	N	N	N	N	N	0.0000	0.0000	0.0000	0.0000	0.0000	0.0000	0.0000	0.0000	0.0000	0.0000	0.0000	0.0000	0.0000	0.0000	0.0000	0.0000	0.0000	0.0000	0.0000	0.0000	1.5398	0.0000	1.0296	1.0000	0.0000	0.0000	0.0000	0.0000	0.0000	0.0000	0.0000	0.0000	0.0000	0.0000	0.0000	0.0000	0.0000	0.0000	0.0000	0.0000	0.0000	0.0000	0.0000	0.0000	0.0000	0.0000	0.0000	0.0000	0.0000	0.0000	0.0000	0.0068	0.0032	0.0036	0.0018	0.0016	0.0002	0.0050	0.0016	0.0034	0.0000	0.0000	0.0000	0.0000	0.0000	0.0000	0.0000	0.0000	0.0000	0.0000	0.0000	0.0000	0.0000	0.0000	0.0000	0.0000	0.0000	0.0000											
28	59	0.6930	10	0	0	1	1	0	0	0	0	N	N	N	N	N	N	N	N	N	N	N	N	0.0015	0.0014	0.0000	0.0126	0.0175	0.0000	0.0000	0.0000	0.0000	0.0003	0.0003	0.0000	0.0004	0.0004	0.0000	0.0000	0.0000	0.0000	0.2017	0.2434	0.0024	0.0326	0.0255	0.0138	0.0261	0.5862	0.0005	0.0152	0.1347	-0.0000	-0.0000	1.5398	0.0006	1.0296	1.1867	0.0000	0.0000	0.0000	0.0000	0.0000	0.0000	0.0000	0.0000	0.0000	0.0000	0.0000	0.0000	0.0000	0.0000	0.0000	0.0000	0.0000	0.0000	0.0001	0.0001	0.0000	0.0000	0.0000	0.0000	0.0000	0.0000	0.0000	0.0087	0.0065	0.0023	0.0058	0.0053	0.0006	0.0029	0.0012	0.0017	0.0596	0.0558	0.0000	0.0701	0.0791	0.0000	0.0000	0.0000	0.0000	0.0052	0.0061	0.0024	0.0059	0.0056	0.0080	0.0037	0.0084	0.0005
28	60	0.6564	9	0	0	0	1	0	0	0	0	N	N	N	N	N	N	N	N	N	N	N	N	0.3872	0.2273	0.2577	0.3111	0.0000	0.0000	0.0002	0.0002	0.0000	0.0003	0.0003	0.0000	0.0000	0.0000	0.0000	0.0005	0.0009	0.0000	0.0010	0.0009	0.0000	0.0000	0.0011	0.0000	0.0000	0.0001	-0.0000	-0.0000	1.5398	2.2785	1.0296	4.8627	0.0000	0.0000	0.0000	0.0000	0.0000	0.0000	0.0000	0.0000	0.0000	0.0000	0.0000	0.0000	0.0000	0.0000	0.0000	0.0000	0.0000	0.0000	0.1336	0.1207	0.0129	0.0935	0.0871	0.0064	0.0401	0.0336	0.0065	0.0262	0.0160	0.0102	0.0129	0.0112	0.0017	0.0133	0.0047	0.0085	0.8700	0.5875	0.0000	0.6212	0.5800	0.0000	0.0000	0.0000	0.0000	0.0002	0.0004	0.0000	0.0004	0.0005	0.0000	0.0000	0.0000	0.0000			
28	61	0.0523	3	0	0	1	1	0	0	0	0	N	N	N	N	N	N	N	N	N	N	N	N	0.2868	inf	5.5519	7.5588	inf	108.0916	0.2478	1.4995	0.0006	0.0001	0.0048	0.0039	0.0008	0.1755	0.0002	0.0000	0.0013	0.0022	0.0000	0.0009	0.0005	0.0000	0.0016	0.0006	0.0000	0.0009	5.0436	inf	0.0000	0.0000	1.5398	1.0901	1.0296	7.9319	0.0000	0.0000	0.0000	0.0000	0.0000	0.0000	0.0000	0.0000	0.0000	0.0000	0.0000	0.0000	0.0000	0.0000	0.0000	0.0000	0.0000	0.0000	0.0765	0.0683	0.0082	0.0095	0.0093	0.0002	0.0670	0.0589	0.0080	0.0766	0.0317	0.0449	0.0052	0.0048	0.0004	0.0713	0.0268	0.0445	1.2169	inf	5.5519	38.0768	inf	131.5107	0.2885	0.0000	1.4995	0.0005	0.0000	0.0009	0.0001	0.0000	0.0013	0.0005	0.0000	0.0009	
28	62	0.0222	2	0	0	0	1	0	0	0	0	N	N	N	N	N	N	N	N	N	N	N	N	0.0452	1.7629	0.0066	0.5901	1.1121	0.0001	0.0003	0.0054	0.0173	0.0274	0.0313	0.0005	0.2249	0.2265	0.0014	0.0001	0.0000	0.0005	0.6063	0.0178	0.0787	0.3811	0.2036	10.6457	0.2271	0.0003	0.0297	0.0024	16.1758	-0.0008	0.0003	1.5398	1.6797	1.0296	2.9843	0.0033	0.0032	0.0000	0.0032	0.0032	0.0000	0.0000	0.0000	0.0000	0.0007	0.0000	0.0006	0.0001	0.0000	0.0000	0.0006	0.0000	0.0006	0.1186	0.1036	0.0150	0.0144	0.0143	0.0001	0.1042	0.0893	0.0149	0.0441	0.0176	0.0265	0.0026	0.0025	0.0000	0.0416	0.0151	0.0265	1.8226	14.2750	0.0220	9.9031	14.8966	0.0016	0.0051	1.7009	0.0225	0.0150	0.0022	0.0236	0.0227	0.0152	0.8695	0.0146	0.0000	0.0229
28	64	0.0693	5	0	1	0	1	0	0	0	0	N	N	N	N	N	N	N	N	N	N	N	N	0.2353	1.2826	0.0380	0.3497	0.4779	0.0589	0.0028	0.0041	0.0101	0.0015	0.0016	0.0000	0.0042	0.0042	0.0017	0.0000	0.0000	0.0000	0.0063	0.0013	0.0013	0.0120	0.0088	0.0293	0.0011	0.0004	0.0012	0.0026	3.8414	-0.0000	0.0000	1.5398	0.2944	1.0296	1.0083	0.0001	0.0001	0.0000	0.0001	0.0001	0.0000	0.0000	0.0000	0.0000	0.0000	0.0000	0.0000	0.0000	0.0000	0.0000	0.0000	0.0000	0.0000	0.0523	0.0481	0.0042	0.0186	0.0186	0.0001	0.0337	0.0295	0.0042	0.0116	0.0050	0.0066	0.0007	0.0007	0.0000	0.0109	0.0042	0.0066	1.6348	3.6703	0.0380	1.2851	1.3991	0.1278	0.0042	0.6639	0.0101	0.0009	0.0004	0.0013	0.0033	0.0030	0.0135	0.0008	0.0000	0.0012
28	65	0.0485	4	0	0	0	1	0	0	0	0	N	N	N	N	N	N	N	N	N	N	N	N	0.7025	0.2523	18.5945	0.0793	0.0939	2.3942	7.9107	0.2850	18.8773	0.0011	0.0011	0.0008	0.0019	0.0019	0.0010	0.0009	0.0010	0.0008	0.0015	0.0044	0.0000	0.0244	0.0206	0.0004	0.0001	0.0034	0.0000	0.0927	0.0574	-0.0000	-0.0000	1.5398	1.1351	1.0296	2.0429	0.0001	0.0001	0.0000	0.0000	0.0000	0.0000	0.0001	0.0001	0.0000	0.0000	0.0000	0.0000	0.0000	0.0000	0.0000	0.0000	0.0000	0.0000	0.0845	0.0744	0.0101	0.0113	0.0113	0.0000	0.0732	0.0631	0.0101	0.0292	0.0125	0.0167	0.0021	0.0020	0.0000	0.0271	0.0104	0.0167	2.4888	1.1682	18.5945	0.3825	0.3780	2.4132	11.7029	6.7060	18.8773	0.0004	0.0010	0.0000	0.0051	0.0051	0.0004	0.0001	0.0001	0.0000
28	66	0.0323	3	0	0	0	1	0	0	0	0	N	N	N	N	N	N	N	N	N	N	N	N	0.0096	0.0039	0.1921	0.0137	0.0187	0.0184	0.0344	0.0000	0.2358	0.0002	0.0002	0.0000	0.0008	0.0008	0.0030	0.0000	0.0000	0.0000	0.0181	0.0491	0.0002	0.0617	0.0451	0.1633	0.0002	0.0003	0.0001	0.0332	0.0792	-0.0000	-0.0000	1.5398	0.4912	1.0296	2.4266	0.0000	0.0000	0.0000	0.0000	0.0000	0.0000	0.0000	0.0000	0.0000	0.0001	0.0001	0.0000	0.0001	0.0001	0.0000	0.0000	0.0000	0.0000	0.0457	0.0402	0.0056	0.0091	0.0091	0.0000	0.0366	0.0311	0.0055	0.0421	0.0189	0.0232	0.0090	0.0090	0.0000	0.0330	0.0099	0.0231	0.0970	0.0518	0.1921	0.1067	0.1088	0.0545	0.0509	0.0000	0.2358	0.0018	0.0037	0.0002	0.0079	0.0077	0.0550	0.0001	0.0000	0.0001
28	68	0.0701	5	1	1	1	1	0	0	0	0	N	N	N	N	N	N	N	N	N	N	N	N	0.0000	0.0000	0.0000	0.0000	0.0000	0.0000	0.0000	0.0000	0.0000	0.0000	0.0000	0.0000	0.0000	0.0000	0.0000	0.0000	0.0000	0.0000	0.0000	0.0000	1.5398	0.0000	1.0296	0.0000	0.0000	0.0000	0.0000	0.0000	0.0000	0.0000	0.0000	0.0000	0.0000	0.0000	0.0000	0.0000	0.0000	0.0000	0.0000	0.0000	0.0000	0.0000	0.0000	0.0000	0.0000	0.0000	0.0000	0.0000	0.0000	0.0000	0.0000	0.0000	0.0000	0.0000	0.0000	0.0000	0.0000	0.0000	0.0000	0.0000	0.0000	0.0000	0.0000	0.0000	0.0000	0.0000	0.0000	0.0000	0.0000	0.0000	0.0000	0.0000	0.0000	0.0000	0.0000	0.0000	0.0000	0.0000											
28	69	0.7128	11	1	1	1	1	0	0	0	0	N	N	N	N	N	N	N	N	N	N	N	N	0.0000	0.0000	0.0000	0.0000	0.0000	0.0000	0.0000	0.0000	0.0000	0.0000	0.0000	0.0000	0.0000	0.0000	0.0000	0.0000	0.0000	0.0000	0.0000	0.0000	1.5398	1.0000	1.0296	0.0000	0.0000	0.0000	0.0000	0.0000	0.0000	0.0000	0.0000	0.0000	0.0000	0.0000	0.0000	0.0000	0.0000	0.0000	0.0000	0.0000	0.0000	0.0000	0.0898	0.0839	0.0058	0.0749	0.0713	0.0036	0.0148	0.0126	0.0022	0.0034	0.0022	0.0012	0.0020	0.0018	0.0002	0.0015	0.0004	0.0010	0.0000	0.0000	0.0000	0.0000	0.0000	0.0000	0.0000	0.0000	0.0000	0.0000	0.0000	0.0000	0.0000	0.0000	0.0000	0.0000	0.0000	0.0000											
28	70	0.7128	11	1	1	1	1	0	0	0	0	N	N	N	N	N	N	N	N	N	N	N	N	0.0000	0.0000	0.0000	0.0000	0.0000	0.0000	0.0000	0.0000	0.0000	0.0000	0.0000	0.0000	0.0000	0.0000	0.0000	0.0000	0.0000	0.0000	0.0000	0.0000	1.5398	0.0000	1.0296	0.0000	0.0000	0.0000	0.0000	0.0000	0.0000	0.0000	0.0000	0.0000	0.0000	0.0000	0.0000	0.0000	0.0000	0.0000	0.0000	0.0000	0.0000	0.0000	0.0000	0.0000	0.0000	0.0000	0.0000	0.0000	0.0000	0.0000	0.0000	0.0000	0.0000	0.0000	0.0000	0.0000	0.0000	0.0000	0.0000	0.0000	0.0000	0.0000	0.0000	0.0000	0.0000	0.0000	0.0000	0.0000	0.0000	0.0000	0.0000	0.0000	0.0000	0.0000	0.0000	0.0000	0.0000	0.0000											
28	71	0.6904	10	1	1	1	1	0	0	0	0	N	N	N	N	N	N	N	N	N	N	N	N	inf	inf	inf	inf	inf	inf	4.6563	5.0279	0.0000	5.6691	6.0149	0.0000	0.0003	0.0004	0.0000	0.0000	0.0000	0.0000	0.0000	0.0000	0.0000	0.0000	0.0000	0.0000	0.0000	-0.1999	0.0000	1.5398	2.0000	1.0296	1.0000	0.7682	0.7682	0.0000	0.7682	0.7682	0.0000	0.0000	0.0000	0.0000	0.0000	0.0000	0.0000	0.0000	0.0000	0.0000	0.0000	0.0000	0.0000	0.1650	0.1528	0.0122	0.1355	0.1277	0.0078	0.0295	0.0251	0.0044	0.0100	0.0063	0.0037	0.0056	0.0051	0.0006	0.0043	0.0012	0.0031	inf	inf	0.0000	inf	inf	0.0000	inf	inf	0.0000	0.0000	0.0000	0.0000	0.0000	0.0000	0.0000	0.0000	0.0000	0.0000				
28	72	0.6675	9	1	0	1	1	0	0	0	0	N	N	N	N	N	N	N	N	N	N	N	N	0.2151	inf	1.1502	0.1199	inf	0.1157	4.5932	inf	10.2889	0.0000	0.0000	0.0000	0.0000	0.0000	0.0000	0.0000	0.0000	0.0000	0.0001	0.0000	0.0000	0.0001	0.0000	0.0000	0.0000	0.0000	0.0000	0.0335	inf	-0.0000	0.0000	1.5398	1.0017	1.0296	2.0007	0.0000	0.0000	0.0000	0.0000	0.0000	0.0000	0.0000	0.0000	0.0000	0.0000	0.0000	0.0000	0.0000	0.0000	0.0000	0.0000	0.0000	0.0000	0.0593	0.0542	0.0050	0.0426	0.0401	0.0024	0.0167	0.0141	0.0026	0.0105	0.0071	0.0035	0.0064	0.0057	0.0007	0.0041	0.0014	0.0027	9.1471	inf	1.1502	8.5058	inf	0.1157	4.5932	inf	10.2889	0.0000	0.0000	0.0000	0.0000	0.0000	0.0000	0.0000	0.0000	0.0000
28	73	0.0893	6	1	1	0	1	0	0	0	0	N	N	N	N	N	N	N	N	N	N	N	N	0.0000	0.0000	0.0000	0.0000	0.0000	0.0000	0.0000	0.0000	0.0000	0.0000	0.0000	0.0000	0.0000	0.0000	0.0000	0.0000	0.0000	0.0000	-0.0000	0.0000	1.5398	0.0000	1.0296	0.0000	0.0000	0.0000	0.0000	0.0000	0.0000	0.0000	0.0000	0.0000	0.0000	0.0000	0.0000	0.0000	0.0000	0.0000	0.0000	0.0000	0.0000	0.0000	0.0000	0.0000	0.0000	0.0000	0.0000	0.0000	0.0000	0.0000	0.0000	0.0000	0.0000	0.0000	0.0000	0.0000	0.0000	0.0000	0.0000	0.0000	0.0000	0.0000	0.0000	0.0000	0.0000	0.0000	0.0000	0.0000	0.0000	0.0000	0.0000	0.0000	0.0000	0.0000	0.0000	0.0000	0.0000	0.0000											
28	74	0.6945	10	1	1	0	1	0	0	0	0	N	N	N	N	N	N	N	N	N	N	N	N	0.0000	0.0000	0.0000	0.0000	0.0000	0.0000	0.0000	0.0000	0.0000	0.0000	0.0000	0.0000	0.0000	0.0000	0.0000	0.0000	0.0000	0.0000	0.0000	0.0000	1.5398	0.0000	1.0296	0.0010	0.0000	0.0000	0.0000	0.0000	0.0000	0.0000	0.0000	0.0000	0.0000	0.0000	0.0000	0.0000	0.0000	0.0000	0.0000	0.0000	0.0000	0.0000	0.0000	0.0000	0.0000	0.0000	0.0000	0.0000	0.0000	0.0000	0.0000	0.0019	0.0015	0.0004	0.0010	0.0010	0.0000	0.0010	0.0006	0.0004	0.0000	0.0000	0.0000	0.0000	0.0000	0.0000	0.0000	0.0000	0.0000	0.0000	0.0000	0.0000	0.0000	0.0000	0.0000	0.0000	0.0000	0.0000											
28	75	0.6836	12	0	1	0	2	0	0	0	0	N	N	N	Y	N	N	N	N	N	N	N	N	0.0000	0.0000	0.0000	0.0000	0.0000	0.0000	0.0000	0.0000	0.0000	0.0000	0.0000	0.0000	0.0000	0.0000	0.0000	0.0000	0.0000	0.0000	0.0000	0.0000	1.5398	0.0000	1.0296	0.0000	0.0000	0.0000	0.0000	0.0000	0.0000	0.0000	0.0000	0.0000	0.0000	0.0000	0.0000	0.0000	0.0000	0.0000	0.0000	0.0000	0.0000	0.0000	0.0000	0.0000	0.0000	0.0000	0.0000	0.0000	0.0000	0.0000	0.0000	0.0000	0.0000	0.0000	0.0000	0.0000	0.0000	0.0000	0.0000	0.0000	0.0000	0.0000	0.0000	0.0000	0.0000	0.0000	0.0000	0.0000	0.0000	0.0000	0.0000	0.0000	0.0000	0.0000	0.0000	0.0000	0.0000	0.0000											
28	76	0.6836	12	0	0	0	2	0	0	0	0	N	N	N	Y	N	N	N	N	N	N	N	N	0.0000	0.0000	0.0000	0.0000	0.0000	0.0000	0.0000	0.0000	0.0000	0.0000	0.0000	0.0000	0.0000	0.0000	0.0000	0.0000	0.0000	0.0000	0.0000	0.0000	1.5398	0.0000	1.0296	0.0000	0.0000	0.0000	0.0000	0.0000	0.0000	0.0000	0.0000	0.0000	0.0000	0.0000	0.0000	0.0000	0.0000	0.0000	0.0000	0.0000	0.0000	0.0000	0.0000	0.0000	0.0000	0.0000	0.0000	0.0000	0.0000	0.0000	0.0000	0.0000	0.0000	0.0000	0.0000	0.0000	0.0000	0.0000	0.0000	0.0000	0.0000	0.0000	0.0000	0.0000	0.0000	0.0000	0.0000	0.0000	0.0000	0.0000	0.0000	0.0000	0.0000	0.0000	0.0000	0.0000	0.0000	0.0000											
28	77	0.6683	11	0	0	0	2	0	0	0	0	N	N	N	Y	N	N	N	N	N	N	N	N	0.0000	0.0000	0.0000	0.0000	0.0000	0.0000	0.0000	0.0000	0.0000	0.0000	0.0000	0.0000	0.0000	0.0000	0.0000	0.0000	0.0000	0.0000	0.0000	0.0000	0.0000	0.0000	inf	0.0000	0.0000	1.5398	0.0002	1.0296	2.9297	0.0000	0.0000	0.0000	0.0000	0.0000	0.0000	0.0000	0.0000	0.0000	0.0000	0.0000	0.0000	0.0000	0.0000	0.0000	0.0000	0.0000	0.0000	0.0000	0.0000	0.0000	0.0000	0.0000	0.0000	0.0000	0.0000	0.0000	0.0291	0.0185	0.0106	0.0201	0.0161	0.0040	0.0090	0.0024	0.0066	0.0000	0.0000	0.0000	0.0000	0.0000	0.0000	0.0000	0.0000	0.0000	0.0000	0.0000	0.0000	0.0000	0.0000	0.0000	0.0000	0.0000	0.0000						
28	78	0.6642	10	0	0	0	2	0	0	0	0	N	N	N	Y	N	N	N	N	N	N	N	N	5.1138	2.0267	2.2884	2.6272	0.0002	0.0002	0.0000	0.0002	0.0002	0.0000	0.0000	0.0000	0.0000	0.0000	0.0001	0.0000	0.0001	0.0001	0.0000	0.0000	0.0000	0.0000	0.0000	0.0000	-0.0000	-0.0000	1.5398	0.0003	1.0296	2.1916	0.0000	0.0000	0.0000	0.0000	0.0000	0.0000	0.0000	0.0000	0.0000	0.0000	0.0000	0.0000	0.0000	0.0000	0.0000	0.0000	0.0000	0.0000	0.0000	0.0000	0.0000	0.0000	0.0000	0.0000	0.0000	0.0000	0.0000	0.0118	0.0069	0.0048	0.0058	0.0053	0.0005	0.0060	0.0016	0.0043	424.8049	276.5251	0.0000	294.1082	287.1239	0.0000	0.0000	0.0000	0.0000	0.0000	0.0000	0.0000	0.0000	0.0000	0.0000	0.0000	0.0000	0.0000					
28	79	0.6564	9	0	0	0	1	0	0	0	0	N	N	N	N	N	N	N	N	N	N	N	N	inf	inf	inf	inf	0.0010	0.0011	0.0000	0.0012	0.0014	0.0000	0.0000	0.0000	0.0000	0.0000	0.0000	0.0000	0.0000	0.0000	0.0000	0.0000	0.0000	0.0000	0.0000	-0.0000	0.0000	1.5398	0.2782	1.0296	1.3600	0.0000	0.0000	0.0000	0.0000	0.0000	0.0000	0.0000	0.0000	0.0000	0.0000	0.0000	0.0000	0.0000	0.0000	0.0000	0.0000	0.0000	0.0000	0.0252	0.0227	0.0025	0.0202	0.0185	0.0017	0.0050	0.0042	0.0008	0.0063	0.0038	0.0025	0.0031	0.0027	0.0004	0.0032	0.0011	0.0021	inf	inf	0.0000	inf	inf	0.0000	0.0000	0.0000	0.0000	0.0000	0.0000	0.0000	0.0000	0.0000	0.0000	0.0000	0.0000	0.0000						
28	80	0.7000	11	0	1	1	1	0	0	0	0	N	N	N	N	N	N	N	N	N	N	N	N	0.0288	0.0108	inf	0.1047	0.0479	inf	inf	inf	0.0008	0.0004	0.0056	0.0013	0.0006	0.0186	0.0001	0.0000	0.0004	0.0293	0.0343	0.0000	0.0127	0.0119	0.0000	0.0000	0.0000	0.0000	1.5158	0.0000	0.0000	-0.0000	1.5398	0.0029	1.0296	2.0135	0.0000	0.0000	0.0000	0.0000	0.0000	0.0000	0.0000	0.0000	0.0000	0.0000	0.0000	0.0000	0.0000	0.0000	0.0000	0.0000	0.0000	0.0000	0.0003	0.0003	0.0000	0.0002	0.0002	0.0000	0.0001	0.0001	0.0000	0.0099	0.0071	0.0027	0.0068	0.0063	0.0005	0.0031	0.0009	0.0022	0.3669	0.1160	inf	0.3959	0.1569	inf	inf	0.0000	inf	0.0023	0.0032	0.0000	0.0033	0.0036	0.0000	0.0000	0.0000	0.0000	
28	81	0.6934	10	0	1	0	1	0	0	0	0	N	N	N	N	N	N	N	N	N	N	N	N	0.1627	0.8975	0.0117	0.2866	0.8766	0.0027	0.0345	0.0192	0.0163	0.0003	0.0004	0.0000	0.0004	0.0005	0.0000	0.0000	0.0000	0.0000	0.0020	0.0004	0.0012	0.0015	0.0005	0.0087	0.0003	0.0006	0.0004	0.0042	6.1382	-0.0000	0.0000	1.5398	0.6188	1.0296	0.9475	0.0000	0.0000	0.0000	0.0000	0.0000	0.0000	0.0000	0.0000	0.0000	0.0000	0.0000	0.0000	0.0000	0.0000	0.0000	0.0000	0.0000	0.0000	0.0637	0.0578	0.0059	0.0468	0.0440	0.0028	0.0168	0.0137	0.0031	0.0069	0.0045	0.0024	0.0043	0.0038	0.0004	0.0027	0.0007	0.0020	0.6560	3.3723	0.0117	0.6919	3.7529	0.0044	0.0412	2.1781	0.0163	0.0005	0.0001	0.0012	0.0006	0.0001	0.0053	0.0003	0.0000	0.0004
28	82	0.0925	6	0	1	1	1	0	0	0	0	N	N	N	N	N	N	N	N	N	N	N	N	0.0000	0.0000	0.0000	0.0000	0.0000	0.0000	0.0000	0.0000	0.0000	0.0000	0.0000	0.0000	0.0000	0.1706	0.5832	0.0000	1.4663	1.5184	0.0000	0.0000	0.0000	0.0000	0.0000	0.0000	-0.0000	1.5398	0.0000	1.0296	1.0000	0.0000	0.0000	0.0000	0.0000	0.0000	0.0000	0.0000	0.0000	0.0000	0.0000	0.0000	0.0000	0.0000	0.0000	0.0000	0.0000	0.0000	0.0000	0.0000	0.0000	0.0000	0.0000	0.0000	0.0000	0.0000	0.0000	0.0000	0.0066	0.0024	0.0041	0.0003	0.0003	0.0000	0.0063	0.0022	0.0041	0.0000	0.0000	0.0000	0.0000	0.0000	0.0000	0.0000	0.0000	0.0000	0.0046	0.0123	0.0000	0.1083	0.1158	0.0000	0.0000	0.0000	0.0000						
28	83	0.6675	9	1	0	1	1	0	0	0	0	N	N	N	N	N	N	N	N	N	N	N	N	239.6509	inf	0.1687	805.7520	inf	0.0000	0.2356	inf	0.9692	1.7614	1.9321	0.0005	2.5862	2.7469	0.0000	0.0002	0.0001	0.0009	0.0073	0.0000	0.0031	0.0032	0.0000	0.0215	0.0009	0.0000	0.0010	0.0000	inf	-0.1999	0.0000	1.5398	9.0001	1.0296	3.0001	0.7683	0.7682	0.0000	0.7682	0.7682	0.0000	0.0000	0.0000	0.0000	0.0000	0.0000	0.0000	0.0000	0.0000	0.0000	0.0000	0.0000	0.0000	0.4362	0.3976	0.0385	0.2970	0.2797	0.0174	0.1391	0.1180	0.0212	0.0392	0.0262	0.0130	0.0236	0.0209	0.0027	0.0155	0.0053	0.0102	1723.6538	inf	0.1687	2037.0358	inf	0.0000	0.3348	inf	0.9692	0.0010	0.0000	0.0031	0.0013	0.0000	0.0109	0.0006	0.0000	0.0010
28	84	0.0701	5	1	0	1	1	0	0	0	0	N	N	N	N	N	N	N	N	N	N	N	N	inf	inf	inf	inf	0.0003	0.0004	0.0000	0.0034	0.0035	0.0000	0.0000	0.0000	0.0000	0.0000	0.0000	0.0000	0.0000	0.0000	0.0000	0.0000	0.0000	0.0000	0.0000	-0.0000	0.0000	1.5398	4.0000	1.0296	0.0000	0.0001	0.0001	0.0000	0.0001	0.0001	0.0000	0.0000	0.0000	0.0000	0.0000	0.0000	0.0000	0.0000	0.0000	0.0000	0.0000	0.0000	0.0000	0.1891	0.1686	0.0205	0.0175	0.0171	0.0004	0.1717	0.1516	0.0201	0.0253	0.0117	0.0136	0.0065	0.0057	0.0009	0.0188	0.0061	0.0127	inf	inf	0.0000	inf	inf	0.0000	0.0000	0.0000	0.0000	0.0000	0.0000	0.0000	0.0000	0.0000	0.0000	0.0000	0.0000	0.0000						
28	85	0.1162	6	1	1	0	1	0	0	0	0	N	N	N	N	N	N	N	N	N	N	N	N	0.9058	1.0007	0.0148	2.6501	3.8662	0.0349	0.0018	0.0002	0.0112	0.0001	0.0001	0.0000	0.0006	0.0006	0.0000	0.0000	0.0000	0.0000	0.0001	0.0001	0.0000	0.0002	0.0002	0.0001	0.0001	0.0003	0.0000	0.0006	9.7633	-0.0000	0.0000	1.5398	1.0086	1.0296	1.7435	0.0000	0.0000	0.0000	0.0000	0.0000	0.0000	0.0000	0.0000	0.0000	0.0000	0.0000	0.0000	0.0000	0.0000	0.0000	0.0000	0.0000	0.0000	0.0652	0.0579	0.0073	0.0132	0.0128	0.0004	0.0520	0.0452	0.0069	0.0359	0.0185	0.0174	0.0136	0.0127	0.0009	0.0223	0.0058	0.0165	5.5073	34.2841	0.0148	49.0387	118.8257	0.0349	0.0037	0.0444	0.0112	0.0000	0.0000	0.0000	0.0000	0.0000	0.0001	0.0000	0.0000	0.0000
28	86	0.0701	5	1	1	0	1	0	0	0	0	N	N	N	N	N	N	N	N	N	N	N	N	0.0001	0.0003	0.0000	0.0003	0.0110	0.0000	0.0001	0.0001	0.0000	0.0001	0.0002	0.0000	0.0000	0.0000	0.0000	0.0002	0.0002	0.0000	1.1897	0.5741	0.5342	0.0328	0.0010	0.1091	1.0528	1.3932	0.2380	0.0000	13.4634	-0.0000	0.0010	1.5398	1.0165	1.0296	4.1395	0.0000	0.0000	0.0000	0.0000	0.0000	0.0000	0.0000	0.0000	0.0000	0.0025	0.0002	0.0023	0.0000	0.0000	0.0000	0.0025	0.0002	0.0023	0.0536	0.0477	0.0060	0.0046	0.0045	0.0001	0.0490	0.0431	0.0058	0.0318	0.0147	0.0171	0.0081	0.0071	0.0011	0.0236	0.0077	0.0160	0.0018	0.0136	0.0000	0.0019	0.0199	0.0000	0.0015	0.0080	0.0000	0.0791	0.0118	0.1371	0.0059	0.0006	0.0405	0.1043	0.0222	0.1437
28	87	0.6262	8	1	1	0	1	0	0	0	0	N	N	N	N	N	N	N	N	N	N	N	N	0.9237	0.7383	0.6982	0.7273	inf	inf	1.7672	1.9535	0.0000	2.6631	2.8422	0.0000	0.0001	0.0002	0.0000	1.9132	2.6460	0.0000	3.8141	3.9080	0.0000	0.0000	0.0000	0.0000	0.0000	0.0000	-0.2000	-0.0114	1.5398	9.0005	1.0296	5.0000	0.7688	0.7688	0.0000	0.7688	0.7688	0.0000	0.0000	0.0000	0.0000	0.0219	0.0219	0.0000	0.0219	0.0219	0.0000	0.0000	0.0000	0.0000	0.4351	0.3936	0.0415	0.2887	0.2705	0.0182	0.1464	0.1231	0.0233	0.0477	0.0297	0.0181	0.0243	0.0212	0.0031	0.0234	0.0085	0.0149	3.8512	2.6448	0.0000	2.9547	2.7458	0.0000	inf	inf	0.0000	0.4589	0.7386	0.0000	0.9013	1.0351	0.0000	0.0000	0.0000	0.0000			
28	88	0.0925	6	0	1	0	1	0	0	0	0	N	N	N	N	N	N	N	N	N	N	N	N	0.0000	0.0000	0.0000	0.0000	0.0000	0.0000	0.0000	0.0000	0.0000	0.0000	0.0000	0.0000	0.0000	0.0000	0.0000	0.0000	0.0000	0.0000	0.0000	0.0000	1.5398	0.0000	1.0296	0.0000	0.0000	0.0000	0.0000	0.0000	0.0000	0.0000	0.0000	0.0000	0.0000	0.0000	0.0000	0.0000	0.0000	0.0000	0.0000	0.0000	0.0000	0.0000	0.0000	0.0000	0.0000	0.0000	0.0000	0.0000	0.0000	0.0000	0.0000	0.0000	0.0000	0.0000	0.0000	0.0000	0.0000	0.0000	0.0000	0.0000	0.0000	0.0000	0.0000	0.0000	0.0000	0.0000	0.0000	0.0000	0.0000	0.0000	0.0000	0.0000	0.0000	0.0000	0.0000	0.0000	0.0000	0.0000											
28	89	0.6934	10	0	1	0	1	0	0	0	0	N	N	N	N	N	N	N	N	N	N	N	N	0.0000	0.0000	0.0000	0.0000	0.0000	0.0000	0.0000	0.0000	0.0000	0.0000	0.0000	0.0000	0.0000	0.0001	0.0002	0.0000	0.0002	0.0002	0.0000	0.0000	0.0000	0.0000	0.0000	0.0000	-0.0000	1.5398	1.9953	1.0296	1.0817	0.0000	0.0000	0.0000	0.0000	0.0000	0.0000	0.0000	0.0000	0.0000	0.0000	0.0000	0.0000	0.0000	0.0000	0.0000	0.0000	0.0000	0.0000	0.1342	0.1223	0.0119	0.0959	0.0902	0.0056	0.0383	0.0320	0.0063	0.0120	0.0081	0.0039	0.0076	0.0068	0.0008	0.0045	0.0013	0.0031	0.0000	0.0000	0.0000	0.0000	0.0000	0.0000	0.0000	0.0000	0.0000	0.0000	0.0000	0.0000	0.0000	0.0000	0.0000	0.0000	0.0000	0.0000						
28	90	0.6675	9	0	1	0	1	0	0	0	0	N	N	N	N	N	N	N	N	N	N	N	N	0.0022	0.0015	0.0093	0.0076	0.0081	0.0368	0.0064	0.0019	0.0114	0.0006	0.0006	0.0000	0.0008	0.0009	0.0000	0.0000	0.0000	0.0000	0.2692	0.4385	0.0001	0.1088	0.1086	0.0000	0.0001	0.0002	0.0001	0.0001	0.0029	-0.0000	-0.0001	1.5398	2.3999	1.0296	4.0713	0.0001	0.0001	0.0000	0.0001	0.0001	0.0000	0.0000	0.0000	0.0000	0.0001	0.0001	0.0000	0.0001	0.0001	0.0000	0.0000	0.0000	0.0000	0.1364	0.1247	0.0117	0.0969	0.0914	0.0055	0.0395	0.0333	0.0061	0.0221	0.0148	0.0073	0.0134	0.0118	0.0015	0.0087	0.0030	0.0058	0.0968	0.0711	0.0093	0.0827	0.0776	0.0368	0.0110	0.7005	0.0114	0.0061	0.0090	0.0001	0.0100	0.0113	0.0000	0.0000	0.0000	0.0001
28	91	0.6885	10	0	0	1	1	0	0	0	0	N	N	N	N	N	N	N	N	N	N	N	N	0.0000	0.0000	0.0000	0.0000	0.0000	0.0000	0.0000	0.0000	0.0000	0.0000	0.0000	0.0000	0.0000	0.0000	0.0000	0.0000	0.0000	0.0000	0.0000	0.0000	1.5398	0.0000	1.0296	0.0000	0.0000	0.0000	0.0000	0.0000	0.0000	0.0000	0.0000	0.0000	0.0000	0.0000	0.0000	0.0000	0.0000	0.0000	0.0000	0.0000	0.0000	0.0000	0.0000	0.0000	0.0000	0.0000	0.0000	0.0000	0.0000	0.0000	0.0000	0.0000	0.0000	0.0000	0.0000	0.0000	0.0000	0.0000	0.0000	0.0000	0.0000	0.0000	0.0000	0.0000	0.0000	0.0000	0.0000	0.0000	0.0000	0.0000	0.0000	0.0000	0.0000	0.0000	0.0000	0.0000	0.0000	0.0000											
28	92	0.6564	9	0	0	1	1	0	0	0	0	N	N	N	N	N	N	N	N	N	N	N	N	inf	inf	inf	inf	inf	inf	3.7357	4.1330	0.0000	5.4417	5.8278	0.0000	0.0003	0.0004	0.0000	0.0000	0.0000	0.0000	0.0000	0.0000	0.0000	0.0000	0.0000	0.0000	0.0000	-0.2000	0.0000	1.5398	3.7221	1.0296	2.9993	0.7688	0.7688	0.0000	0.7687	0.7687	0.0000	0.0000	0.0000	0.0000	0.0000	0.0000	0.0000	0.0000	0.0000	0.0000	0.0000	0.0000	0.0000	0.2058	0.1860	0.0198	0.1413	0.1319	0.0094	0.0645	0.0541	0.0104	0.0247	0.0151	0.0096	0.0122	0.0106	0.0016	0.0125	0.0045	0.0081	inf	inf	0.0000	inf	inf	0.0000	inf	inf	0.0000	0.0000	0.0000	0.0000	0.0000	0.0000	0.0000	0.0000	0.0000	0.0000				
28	93	0.6262	8	0	0	0	1	0	0	0	0	N	N	N	N	N	N	N	N	N	N	N	N	inf	inf	inf	inf	0.0004	0.0005	0.0000	0.0006	0.0007	0.0000	0.0000	0.0000	0.0000	0.0000	0.0000	0.0000	0.0000	0.0000	0.0000	0.0000	0.0000	0.0000	0.0000	-0.0000	0.0000	1.5398	2.7217	1.0296	3.0458	0.0001	0.0001	0.0000	0.0001	0.0001	0.0000	0.0000	0.0000	0.0000	0.0000	0.0000	0.0000	0.0000	0.0000	0.0000	0.0000	0.0000	0.0000	0.1504	0.1361	0.0143	0.1032	0.0966	0.0066	0.0472	0.0395	0.0077	0.0211	0.0131	0.0080	0.0107	0.0093	0.0014	0.0104	0.0038	0.0066	inf	inf	0.0000	inf	inf	0.0000	0.0000	0.0000	0.0000	0.0000	0.0000	0.0000	0.0000	0.0000	0.0000	0.0000	0.0000	0.0000						
28	94	0.6837	10	1	1	0	1	0	0	0	0	N	N	N	N	N	N	N	N	N	N	N	N	0.0001	0.0000	122.3007	0.0000	0.0000	412.4791	0.0002	0.0000	0.0000	0.0001	0.0000	0.0015	0.0002	0.0000	0.0030	0.0000	0.0000	0.0000	2.0319	2.7833	0.0000	3.9373	4.0965	0.0000	0.0001	0.0033	0.0000	159.8448	0.0000	0.0000	-0.0114	1.5398	5.9980	1.0296	4.9575	0.0000	0.0000	0.0000	0.0000	0.0000	0.0000	0.0000	0.0000	0.0000	0.0219	0.0219	0.0000	0.0219	0.0219	0.0000	0.0000	0.0000	0.0000	0.3138	0.2879	0.0259	0.2258	0.2132	0.0127	0.0880	0.0747	0.0133	0.0332	0.0232	0.0100	0.0209	0.0184	0.0025	0.0123	0.0048	0.0075	0.0002	0.0000	122.3007	0.0002	0.0000	412.4791	0.0004	0.0002	0.0000	0.6596	0.9427	0.0000	1.0475	1.1893	0.0000	0.0001	0.0001	0.0000
28	95	0.0925	6	1	1	0	1	0	0	0	0	N	N	N	N	N	N	N	N	N	N	N	N	0.0000	0.0000	0.0000	0.0000	0.0000	0.0000	0.0000	0.0000	0.0000	0.0000	0.0000	0.0000	0.0000	0.0000	0.0000	0.0000	0.0000	0.0000	0.0000	0.0000	1.5398	0.0000	1.0296	2.0000	0.0000	0.0000	0.0000	0.0000	0.0000	0.0000	0.0000	0.0000	0.0000	0.0000	0.0000	0.0000	0.0000	0.0000	0.0000	0.0000	0.0000	0.0000	0.0000	0.0000	0.0000	0.0000	0.0000	0.0000	0.0000	0.0000	0.0000	0.0129	0.0048	0.0081	0.0005	0.0005	0.0000	0.0124	0.0043	0.0080	0.0000	0.0000	0.0000	0.0000	0.0000	0.0000	0.0000	0.0000	0.0000	0.0000	0.0000	0.0000	0.0000	0.0000	0.0000	0.0000	0.0000	0.0000											
28	96	0.0701	5	0	1	0	1	0	0	0	0	N	N	N	N	N	N	N	N	N	N	N	N	inf	inf	inf	inf	0.0003	0.0004	0.0000	0.0034	0.0035	0.0000	0.0000	0.0000	0.0000	0.0000	0.0000	0.0000	0.0000	0.0000	0.0000	0.0000	0.0000	0.0000	0.0000	-0.0000	0.0000	1.5398	4.0000	1.0296	0.0000	0.0001	0.0001	0.0000	0.0001	0.0001	0.0000	0.0000	0.0000	0.0000	0.0000	0.0000	0.0000	0.0000	0.0000	0.0000	0.0000	0.0000	0.0000	0.1891	0.1686	0.0205	0.0175	0.0171	0.0004	0.1717	0.1516	0.0201	0.0253	0.0117	0.0136	0.0065	0.0057	0.0009	0.0188	0.0061	0.0127	inf	inf	0.0000	inf	inf	0.0000	0.0000	0.0000	0.0000	0.0000	0.0000	0.0000	0.0000	0.0000	0.0000	0.0000	0.0000	0.0000						
28	97	0.6262	8	0	0	0	1	0	0	0	0	N	N	N	N	N	N	N	N	N	N	N	N	inf	inf	inf	inf	0.0005	0.0005	0.0000	0.0007	0.0007	0.0000	0.0000	0.0000	0.0000	0.0000	0.0000	0.0000	0.0000	0.0000	0.0000	0.0000	0.0000	0.0000	0.0000	-0.0000	0.0000	1.5398	3.9994	1.0296	4.0000	0.0001	0.0001	0.0000	0.0001	0.0001	0.0000	0.0000	0.0000	0.0000	0.0000	0.0000	0.0000	0.0000	0.0000	0.0000	0.0000	0.0000	0.0000	0.2146	0.1942	0.0204	0.1462	0.1369	0.0093	0.0684	0.0573	0.0111	0.0287	0.0178	0.0109	0.0145	0.0127	0.0019	0.0141	0.0051	0.0090	inf	inf	0.0000	inf	inf	0.0000	0.0000	0.0000	0.0000	0.0000	0.0000	0.0000	0.0000	0.0000	0.0000	0.0000	0.0000	0.0000						
28	98	0.0701	5	0	0	0	1	0	0	0	0	N	N	N	N	N	N	N	N	N	N	N	N	0.0000	0.0000	0.0000	0.0000	0.0000	0.0000	0.0000	0.0000	0.0000	0.0000	0.0000	0.0000	0.0000	0.0000	0.0000	0.0000	0.0000	0.0000	0.0000	0.0000	1.5398	1.0000	1.0296	0.0000	0.0000	0.0000	0.0000	0.0000	0.0000	0.0000	0.0000	0.0000	0.0000	0.0000	0.0000	0.0000	0.0000	0.0000	0.0000	0.0000	0.0000	0.0000	0.0942	0.0838	0.0104	0.0083	0.0081	0.0002	0.0859	0.0757	0.0102	0.0122	0.0057	0.0065	0.0032	0.0028	0.0004	0.0090	0.0029	0.0061	0.0000	0.0000	0.0000	0.0000	0.0000	0.0000	0.0000	0.0000	0.0000	0.0000	0.0000	0.0000	0.0000	0.0000	0.0000	0.0000	0.0000	0.0000											
28	99	0.5152	7	0	0	0	1	0	0	0	0	N	N	N	N	N	N	N	N	N	N	N	N	0.0000	0.0000	0.0002	0.0000	0.0000	0.0000	0.0006	0.0026	0.0000	0.0000	0.0000	0.0000	0.0000	0.0000	0.0000	0.0000	0.0000	0.0288	0.0030	0.0048	0.0206	0.0025	0.0960	0.0005	0.0000	0.0008	1.9242	3.9596	0.0000	0.0000	1.5398	1.5982	1.0296	11.1970	0.0000	0.0000	0.0000	0.0000	0.0000	0.0000	0.0000	0.0000	0.0000	0.0001	0.0000	0.0001	0.0001	0.0000	0.0001	0.0000	0.0000	0.0000	0.1101	0.0983	0.0118	0.0789	0.0723	0.0067	0.0312	0.0261	0.0051	0.0647	0.0378	0.0269	0.0273	0.0247	0.0026	0.0374	0.0131	0.0243	0.0001	0.0001	0.0002	0.0000	0.0001	0.0000	0.0007	0.0000	0.0026	0.0023	0.0008	0.0044	0.0047	0.0012	0.0386	0.0005	0.0000	0.0008	
28	100	0.6852	11	1	1	1	1	0	0	0	0	N	N	N	N	N	N	N	N	N	N	N	N	0.0000	0.0000	0.0000	0.0000	0.0000	0.0000	0.0000	0.0000	0.0000	0.0000	0.0000	0.0000	0.0000	0.9046	1.3109	0.0000	0.9425	0.9541	0.0000	0.0000	0.0000	0.0000	0.0000	0.0000	-0.0001	1.5398	0.0000	1.0296	0.9982	0.0000	0.0000	0.0000	0.0000	0.0000	0.0000	0.0000	0.0000	0.0000	0.0001	0.0001	0.0000	0.0001	0.0001	0.0000	0.0000	0.0000	0.0000	0.0059	0.0054	0.0005	0.0049	0.0046	0.0003	0.0010	0.0008	0.0002	0.0033	0.0023	0.0010	0.0021	0.0019	0.0002	0.0012	0.0005	0.0007	0.0000	0.0000	0.0000	0.0000	0.0000	0.0000	0.0000	0.0000	0.0000	0.0389	0.0552	0.0000	0.0612	0.0693	0.0000	0.0000	0.0000	0.0000						
28	101	0.1048	8	1	1	1	1	0	0	0	0	N	N	N	N	N	N	N	N	N	N	N	N	0.0000	0.0000	0.0000	0.0000	0.0000	0.0000	0.0000	0.0000	0.0000	0.0000	0.0000	0.0000	0.0000	0.0000	0.0000	0.0000	0.0000	0.0000	0.0000	0.0000	1.5398	0.0000	1.0296	0.0000	0.0000	0.0000	0.0000	0.0000	0.0000	0.0000	0.0000	0.0000	0.0000	0.0000	0.0000	0.0000	0.0000	0.0000	0.0000	0.0000	0.0000	0.0000	0.0000	0.0000	0.0000	0.0000	0.0000	0.0000	0.0000	0.0000	0.0000	0.0000	0.0000	0.0000	0.0000	0.0000	0.0000	0.0000	0.0000	0.0000	0.0000	0.0000	0.0000	0.0000	0.0000	0.0000	0.0000	0.0000	0.0000	0.0000	0.0000	0.0000	0.0000	0.0000	0.0000	0.0000	0.0000	0.0000											
28	102	0.1048	7	1	0	1	1	0	0	0	0	N	N	N	N	N	N	N	N	N	N	N	N	0.0000	0.0000	0.0000	0.0000	0.0000	0.0000	0.0000	0.0000	0.0000	0.0000	0.0000	0.0000	0.0000	0.0000	0.0000	0.0000	0.0000	0.0000	0.0000	0.0000	1.5398	0.0000	1.0296	0.0000	0.0000	0.0000	0.0000	0.0000	0.0000	0.0000	0.0000	0.0000	0.0000	0.0000	0.0000	0.0000	0.0000	0.0000	0.0000	0.0000	0.0000	0.0000	0.0000	0.0000	0.0000	0.0000	0.0000	0.0000	0.0000	0.0000	0.0000	0.0000	0.0000	0.0000	0.0000	0.0000	0.0000	0.0000	0.0000	0.0000	0.0000	0.0000	0.0000	0.0000	0.0000	0.0000	0.0000	0.0000	0.0000	0.0000	0.0000	0.0000	0.0000	0.0000	0.0000	0.0000	0.0000	0.0000											
28	103	0.0987	6	1	0	1	1	0	0	0	0	N	N	N	N	N	N	N	N	N	N	N	N	0.0000	0.0000	0.0000	0.0000	0.0000	0.0000	0.0000	0.0000	0.0000	0.0000	0.0000	0.0000	0.0000	0.0000	0.0000	0.0000	0.0000	0.0000	-0.0000	0.0000	1.5398	0.0000	1.0296	1.0091	0.0000	0.0000	0.0000	0.0000	0.0000	0.0000	0.0000	0.0000	0.0000	0.0000	0.0000	0.0000	0.0000	0.0000	0.0000	0.0000	0.0000	0.0000	0.0000	0.0000	0.0000	0.0000	0.0000	0.0000	0.0000	0.0000	0.0000	0.0067	0.0025	0.0042	0.0003	0.0003	0.0000	0.0064	0.0022	0.0042	0.0000	0.0000	0.0000	0.0000	0.0000	0.0000	0.0000	0.0000	0.0000	0.0000	0.0000	0.0000	0.0000	0.0000	0.0000	0.0000	0.0000	0.0000											
28	104	0.6262	8	0	1	0	1	0	0	0	0	N	N	N	N	N	N	N	N	N	N	N	N	inf	inf	inf	inf	inf	inf	0.0017	0.0019	0.0000	0.0025	0.0027	0.0000	0.0001	0.0001	0.0000	0.0000	0.0000	0.0000	0.0000	0.0000	0.0000	0.0000	0.0000	0.0000	0.0000	-0.0002	0.0000	1.5398	7.9994	1.0296	4.0001	0.0007	0.0007	0.0000	0.0007	0.0007	0.0000	0.0000	0.0000	0.0000	0.0000	0.0000	0.0000	0.0000	0.0000	0.0000	0.0000	0.0000	0.0000	0.3944	0.3568	0.0376	0.2630	0.2464	0.0166	0.1314	0.1104	0.0210	0.0416	0.0259	0.0158	0.0212	0.0184	0.0027	0.0205	0.0074	0.0130	inf	inf	0.0000	inf	inf	0.0000	inf	inf	0.0000	0.0000	0.0000	0.0000	0.0000	0.0000	0.0000	0.0000	0.0000	0.0000				
28	105	0.6887	12	1	0	1	1	0	0	0	0	N	N	N	N	N	N	N	N	N	N	N	N	0.0000	0.0000	0.0000	0.0000	0.0000	0.0000	0.0000	0.0000	0.0000	0.0000	0.0000	0.0000	0.0000	0.0000	0.0000	0.0000	0.0000	0.0000	0.0000	0.0000	1.5398	1.0000	1.0296	1.0005	0.0000	0.0000	0.0000	0.0000	0.0000	0.0000	0.0000	0.0000	0.0000	0.0000	0.0000	0.0000	0.0000	0.0000	0.0000	0.0000	0.0000	0.0000	0.0584	0.0537	0.0047	0.0431	0.0407	0.0024	0.0153	0.0130	0.0023	0.0065	0.0046	0.0019	0.0041	0.0036	0.0005	0.0024	0.0009	0.0014	0.0000	0.0000	0.0000	0.0000	0.0000	0.0000	0.0000	0.0000	0.0000	0.0000	0.0000	0.0000	0.0000	0.0000	0.0000	0.0000	0.0000	0.0000											
28	106	0.6852	11	1	0	1	1	0	0	0	0	N	N	N	N	N	N	N	N	N	N	N	N	0.0460	27.0516	0.0000	0.2577	28.6493	0.0000	0.0004	inf	0.0000	0.0057	0.0062	0.0000	0.0076	0.0080	0.0000	0.0000	0.0000	0.0000	0.1235	0.0002	0.0396	0.0295	0.0003	0.1369	0.0011	0.0000	0.0012	0.0000	252.1684	-0.0001	0.0000	1.5398	0.7249	1.0296	0.0368	0.0003	0.0003	0.0000	0.0003	0.0003	0.0000	0.0000	0.0000	0.0000	0.0000	0.0000	0.0000	0.0000	0.0000	0.0000	0.0000	0.0000	0.0000	0.0483	0.0444	0.0039	0.0362	0.0342	0.0020	0.0122	0.0102	0.0019	0.0026	0.0018	0.0008	0.0016	0.0014	0.0002	0.0009	0.0004	0.0006	1.4733	285.6466	0.0000	1.3454	295.4587	0.0000	0.0005	inf	0.0000	0.0039	0.0000	0.0130	0.0056	0.0000	0.0477	0.0008	0.0000	0.0012
28	107	0.6837	10	1	0	1	1	0	0	0	0	N	N	N	N	N	N	N	N	N	N	N	N	0.0078	0.0130	0.0316	0.0178	0.0781	0.0165	0.0001	inf	0.0000	0.0043	0.0044	0.0026	0.0055	0.0056	0.0047	0.0000	0.0000	0.0000	0.5493	0.3409	0.0832	0.3101	0.0711	0.2859	0.0035	0.0000	0.0022	0.0483	1.3629	-0.0000	0.0000	1.5398	0.4159	1.0296	0.0887	0.0001	0.0001	0.0000	0.0001	0.0001	0.0000	0.0000	0.0000	0.0000	0.0000	0.0000	0.0000	0.0000	0.0000	0.0000	0.0000	0.0000	0.0000	0.0301	0.0278	0.0023	0.0235	0.0222	0.0013	0.0066	0.0056	0.0010	0.0019	0.0013	0.0005	0.0012	0.0010	0.0001	0.0007	0.0003	0.0004	0.3434	0.5983	0.1038	0.2865	0.5817	0.0501	0.0002	inf	0.0000	0.0125	0.0074	0.0253	0.0192	0.0095	0.0943	0.0013	0.0000	0.0022
28	108	0.6675	9	1	0	0	1	0	0	0	0	N	N	N	N	N	N	N	N	N	N	N	N	0.0987	0.0889	0.0419	0.2121	0.2540	inf	0.0892	inf	0.0000	0.0005	0.0005	0.0000	0.0007	0.0008	0.0000	0.0000	0.0000	0.0000	0.0051	0.0062	0.0000	0.0034	0.0030	0.0000	0.0000	0.0000	0.0000	0.0000	0.0029	-0.0000	-0.0000	1.5398	3.9943	1.0296	0.9974	0.0001	0.0001	0.0000	0.0001	0.0001	0.0000	0.0000	0.0000	0.0000	0.0000	0.0000	0.0000	0.0000	0.0000	0.0000	0.0000	0.0000	0.0000	0.2177	0.1989	0.0188	0.1530	0.1442	0.0088	0.0647	0.0547	0.0100	0.0172	0.0116	0.0057	0.0104	0.0093	0.0012	0.0068	0.0023	0.0045	0.6379	0.4693	0.0419	0.5513	0.5182	inf	0.0892	inf	0.0000	0.0008	0.0012	0.0000	0.0013	0.0015	0.0000	0.0000	0.0000	0.0000
28	109	0.0987	6	1	0	1	1	0	0	0	0	N	N	N	N	N	N	N	N	N	N	N	N	0.0000	0.0000	0.0000	0.0000	0.0000	0.0000	0.0000	0.0000	0.0000	0.0000	0.0000	0.0000	0.0000	0.0000	0.0000	0.0000	0.0000	0.0000	-0.0000	0.0000	1.5398	0.0000	1.0296	0.9909	0.0000	0.0000	0.0000	0.0000	0.0000	0.0000	0.0000	0.0000	0.0000	0.0000	0.0000	0.0000	0.0000	0.0000	0.0000	0.0000	0.0000	0.0000	0.0000	0.0000	0.0000	0.0000	0.0000	0.0000	0.0000	0.0000	0.0000	0.0066	0.0024	0.0041	0.0003	0.0003	0.0000	0.0063	0.0022	0.0041	0.0000	0.0000	0.0000	0.0000	0.0000	0.0000	0.0000	0.0000	0.0000	0.0000	0.0000	0.0000	0.0000	0.0000	0.0000	0.0000	0.0000	0.0000											
28	110	0.0701	5	1	0	1	1	0	0	0	0	N	N	N	N	N	N	N	N	N	N	N	N	inf	inf	inf	inf	0.0008	0.0009	0.0000	0.0086	0.0088	0.0000	0.0000	0.0000	0.0000	0.0000	0.0000	0.0000	0.0000	0.0000	0.0000	0.0000	0.0000	0.0000	0.0000	-0.0000	0.0000	1.5398	4.0000	1.0296	0.0000	0.0001	0.0001	0.0000	0.0001	0.0001	0.0000	0.0000	0.0000	0.0000	0.0000	0.0000	0.0000	0.0000	0.0000	0.0000	0.0000	0.0000	0.0000	0.1891	0.1686	0.0205	0.0175	0.0171	0.0004	0.1717	0.1516	0.0201	0.0253	0.0117	0.0136	0.0065	0.0057	0.0009	0.0188	0.0061	0.0127	inf	inf	0.0000	inf	inf	0.0000	0.0000	0.0000	0.0000	0.0000	0.0000	0.0000	0.0000	0.0000	0.0000	0.0000	0.0000	0.0000						
28	112	0.6721	9	0	0	1	1	0	0	0	0	N	N	N	N	N	N	N	N	N	N	N	N	0.0000	0.0000	0.0000	0.0000	0.0000	0.0000	0.0000	0.0000	0.0000	0.0000	0.0000	0.0000	0.0000	0.0000	0.0000	0.0000	0.0000	0.0000	0.0000	0.0000	1.5398	0.0000	1.0296	0.0001	0.0000	0.0000	0.0000	0.0000	0.0000	0.0000	0.0000	0.0000	0.0000	0.0000	0.0000	0.0000	0.0000	0.0000	0.0000	0.0000	0.0000	0.0000	0.0000	0.0000	0.0000	0.0000	0.0000	0.0000	0.0000	0.0000	0.0000	0.0000	0.0000	0.0000	0.0000	0.0000	0.0000	0.0000	0.0000	0.0000	0.0000	0.0000	0.0000	0.0000	0.0000	0.0000	0.0000	0.0000	0.0000	0.0000	0.0000	0.0000	0.0000	0.0000	0.0000	0.0000	0.0000	0.0000											
28	113	0.6262	8	0	0	1	1	0	0	0	0	N	N	N	N	N	N	N	N	N	N	N	N	inf	inf	inf	inf	inf	inf	0.0022	0.0025	0.0000	0.0032	0.0034	0.0000	0.0001	0.0002	0.0000	0.0000	0.0000	0.0000	0.0000	0.0000	0.0000	0.0000	0.0000	0.0000	0.0000	-0.0001	0.0000	1.5398	4.0004	1.0296	4.9999	0.0005	0.0005	0.0000	0.0005	0.0005	0.0000	0.0000	0.0000	0.0000	0.0000	0.0000	0.0000	0.0000	0.0000	0.0000	0.0000	0.0000	0.0000	0.2147	0.1943	0.0204	0.1462	0.1369	0.0093	0.0684	0.0573	0.0111	0.0320	0.0199	0.0121	0.0162	0.0142	0.0021	0.0158	0.0057	0.0100	inf	inf	0.0000	inf	inf	0.0000	inf	inf	0.0000	0.0000	0.0000	0.0000	0.0000	0.0000	0.0000	0.0000	0.0000	0.0000				
28	114	0.0375	4	0	1	0	1	0	0	0	0	N	N	N	N	N	N	N	N	N	N	N	N	0.0535	0.0145	0.0095	0.1868	0.1879	0.0000	0.0114	0.0001	0.0082	0.0020	0.0023	0.0000	0.0216	0.0218	0.0000	0.0000	0.0000	0.0000	0.0381	0.1591	0.0000	0.1158	0.1161	0.0000	0.0000	0.0010	0.0000	0.0000	0.0009	-0.0001	-0.0001	1.5398	4.3361	1.0296	4.6323	0.0005	0.0005	0.0000	0.0005	0.0005	0.0000	0.0000	0.0000	0.0000	0.0003	0.0003	0.0000	0.0003	0.0003	0.0000	0.0000	0.0000	0.0000	0.2599	0.2298	0.0301	0.0245	0.0243	0.0002	0.2354	0.2055	0.0299	0.0984	0.0495	0.0489	0.0241	0.0226	0.0015	0.0742	0.0269	0.0474	0.7681	0.4375	0.0095	2.0032	1.8946	0.0000	0.0114	0.0070	0.0082	0.0027	0.0053	0.0000	0.0108	0.0115	0.0000	0.0000	0.0000	0.0000
28	116	0.6262	8	0	1	0	2	0	0	0	0	N	N	N	Y	N	N	N	N	N	N	N	N	inf	inf	inf	inf	0.0006	0.0006	0.0000	0.0008	0.0009	0.0000	0.0000	0.0000	0.0000	0.0000	0.0000	0.0000	0.0000	0.0000	0.0000	0.0000	0.0000	0.0000	0.0000	-0.0000	0.0000	1.5398	5.0006	1.0296	2.0000	0.0002	0.0002	0.0000	0.0002	0.0002	0.0000	0.0000	0.0000	0.0000	0.0000	0.0000	0.0000	0.0000	0.0000	0.0000	0.0000	0.0000	0.0000	0.2625	0.2375	0.0250	0.1778	0.1665	0.0113	0.0847	0.0710	0.0137	0.0253	0.0157	0.0096	0.0128	0.0112	0.0016	0.0125	0.0045	0.0080	inf	inf	0.0000	inf	inf	0.0000	0.0000	0.0000	0.0000	0.0000	0.0000	0.0000	0.0000	0.0000	0.0000	0.0000	0.0000	0.0000						
28	117	0.0701	5	0	1	0	2	0	0	0	0	N	N	N	Y	N	N	N	N	N	N	N	N	0.0000	0.0000	0.0000	0.0000	0.0000	0.0000	0.0000	0.0000	0.0000	0.0000	0.0000	0.0000	0.0000	0.0000	0.0000	0.0000	0.0000	0.0000	0.0000	0.0000	1.5398	0.0000	1.0296	1.0000	0.0000	0.0000	0.0000	0.0000	0.0000	0.0000	0.0000	0.0000	0.0000	0.0000	0.0000	0.0000	0.0000	0.0000	0.0000	0.0000	0.0000	0.0000	0.0000	0.0000	0.0000	0.0000	0.0000	0.0000	0.0000	0.0000	0.0000	0.0094	0.0044	0.0050	0.0025	0.0022	0.0003	0.0069	0.0022	0.0047	0.0000	0.0000	0.0000	0.0000	0.0000	0.0000	0.0000	0.0000	0.0000	0.0000	0.0000	0.0000	0.0000	0.0000	0.0000	0.0000	0.0000	0.0000											
28	118	0.6262	8	0	1	0	1	0	0	0	0	N	N	N	N	N	N	N	N	N	N	N	N	inf	inf	inf	inf	inf	inf	0.0009	0.0010	0.0000	0.0013	0.0014	0.0000	0.0001	0.0001	0.0000	0.0000	0.0000	0.0000	0.0000	0.0000	0.0000	0.0000	0.0000	0.0000	0.0000	-0.0002	0.0000	1.5398	16.9994	1.0296	6.0000	0.0006	0.0006	0.0000	0.0006	0.0006	0.0000	0.0000	0.0000	0.0000	0.0000	0.0000	0.0000	0.0000	0.0000	0.0000	0.0000	0.0000	0.0000	0.7120	0.6438	0.0683	0.4560	0.4273	0.0286	0.2561	0.2164	0.0396	0.0728	0.0452	0.0276	0.0373	0.0324	0.0049	0.0356	0.0128	0.0227	inf	inf	0.0000	inf	inf	0.0000	inf	inf	0.0000	0.0000	0.0000	0.0000	0.0000	0.0000	0.0000	0.0000	0.0000	0.0000				
28	119	0.0701	5	0	1	0	1	0	0	0	0	N	N	N	N	N	N	N	N	N	N	N	N	0.0010	0.0006	0.0081	0.0075	0.0004	0.0004	0.0000	0.0042	0.0043	0.0000	0.0000	0.0000	0.0000	0.3803	0.7508	0.0000	0.5190	0.5696	0.0000	0.0000	0.0000	0.0000	0.0000	0.0000	-0.0000	-0.0003	1.5398	5.0000	1.0296	6.0000	0.0001	0.0001	0.0000	0.0001	0.0001	0.0000	0.0000	0.0000	0.0000	0.0005	0.0005	0.0000	0.0005	0.0005	0.0000	0.0000	0.0000	0.0000	0.2285	0.2039	0.0246	0.0215	0.0211	0.0005	0.2070	0.1829	0.0241	0.0598	0.0274	0.0324	0.0145	0.0126	0.0019	0.0452	0.0148	0.0304	0.0490	0.0252	0.0000	0.1266	0.1121	0.0000	0.0000	0.0000	0.0000	0.0080	0.0175	0.0000	0.0330	0.0381	0.0000	0.0000	0.0000	0.0000					
28	120	0.0982	6	0	1	0	1	0	0	0	0	N	N	N	N	N	N	N	N	N	N	N	N	0.0023	0.0014	0.0049	0.0022	0.0023	0.0011	0.0004	0.0000	0.0024	0.0019	0.0021	0.0000	0.0040	0.0042	0.0000	0.0000	0.0000	0.0000	0.8536	1.4579	0.0006	1.8340	1.8571	0.0083	0.0004	0.0004	0.0006	0.0001	0.0109	-0.0000	-0.0002	1.5398	0.9998	1.0296	0.9486	0.0001	0.0001	0.0000	0.0001	0.0001	0.0000	0.0000	0.0000	0.0000	0.0004	0.0004	0.0000	0.0004	0.0004	0.0000	0.0000	0.0000	0.0000	0.0464	0.0423	0.0041	0.0221	0.0212	0.0009	0.0243	0.0211	0.0032	0.0128	0.0055	0.0073	0.0026	0.0025	0.0001	0.0102	0.0030	0.0073	0.0603	0.0285	0.0049	0.0256	0.0260	0.0017	0.0005	0.0000	0.0024	0.0318	0.0738	0.0006	0.1571	0.1613	0.0052	0.0004	0.0000	0.0006
28	121	0.0701	5	0	1	0	1	0	0	0	0	N	N	N	N	N	N	N	N	N	N	N	N	0.0382	0.0187	0.1844	0.1807	0.0000	0.0000	0.0002	0.0003	0.0000	0.0026	0.0026	0.0000	0.0000	0.0000	0.0000	0.0064	0.0147	0.0000	0.0140	0.0146	0.0000	0.0000	0.0005	0.0000	0.0000	0.0000	-0.0000	-0.0000	1.5398	3.0005	1.0296	1.1085	0.0001	0.0001	0.0000	0.0001	0.0001	0.0000	0.0000	0.0000	0.0000	0.0000	0.0000	0.0000	0.0000	0.0000	0.0000	0.0000	0.0000	0.0000	0.2484	0.2218	0.0266	0.0236	0.0231	0.0005	0.2248	0.1987	0.0261	0.0443	0.0204	0.0239	0.0111	0.0096	0.0015	0.0332	0.0108	0.0224	0.2667	0.1377	0.0000	0.7031	0.6227	0.0000	0.0000	0.0000	0.0000	0.0009	0.0020	0.0000	0.0037	0.0042	0.0000	0.0000	0.0000	0.0000			
28	122	0.6675	9	0	1	0	1	0	0	0	0	N	N	N	N	N	N	N	N	N	N	N	N	inf	inf	inf	inf	inf	inf	6.6849	7.3085	0.0000	9.3786	9.9460	0.0000	0.0003	0.0004	0.0000	0.0000	0.0000	0.0000	0.0000	0.0000	0.0000	0.0000	0.0000	0.0000	0.0000	-0.1999	0.0000	1.5398	2.0001	1.0296	3.0000	0.7683	0.7683	0.0000	0.7683	0.7683	0.0000	0.0000	0.0000	0.0000	0.0000	0.0000	0.0000	0.0000	0.0000	0.0000	0.0000	0.0000	0.0000	0.1149	0.1051	0.0098	0.0819	0.0772	0.0047	0.0330	0.0279	0.0051	0.0173	0.0116	0.0057	0.0105	0.0093	0.0012	0.0068	0.0023	0.0045	inf	inf	0.0000	inf	inf	0.0000	inf	inf	0.0000	0.0000	0.0000	0.0000	0.0000	0.0000	0.0000	0.0000	0.0000	0.0000				
28	123	0.6262	8	0	0	0	1	0	0	0	0	N	N	N	N	N	N	N	N	N	N	N	N	49.0206	17.2037	inf	22.5372	21.4978	inf	inf	inf	inf	0.0016	0.0015	0.0027	0.0023	0.0021	0.0060	0.0002	0.0002	0.0000	0.0000	0.0001	0.0000	0.0001	0.0001	0.0000	0.0000	0.0000	0.0000	0.1879	0.0000	-0.0001	-0.0000	1.5398	6.9986	1.0296	2.0000	0.0006	0.0005	0.0001	0.0005	0.0005	0.0001	0.0000	0.0000	0.0000	0.0000	0.0000	0.0000	0.0000	0.0000	0.0000	0.0000	0.0000	0.0000	0.3522	0.3186	0.0336	0.2361	0.2211	0.0149	0.1161	0.0975	0.0186	0.0320	0.0199	0.0121	0.0162	0.0142	0.0021	0.0158	0.0057	0.0100	3921.1566	2266.7142	inf	2863.7383	2228.3813	inf	inf	inf	inf	0.0000	0.0000	0.0000	0.0000	0.0000	0.0000	0.0000	0.0000	0.0000
28	124	0.1036	6	0	1	0	1	0	0	0	0	N	N	N	N	N	N	N	N	N	N	N	N	41.4164	50.2077	0.0063	135.8581	167.6831	2.0251	0.0960	0.1014	0.0016	0.0534	0.0595	0.0000	0.2248	0.2427	0.0000	0.0000	0.0000	0.0000	0.0013	0.0012	0.0004	0.0017	0.0014	0.0000	0.0003	0.0004	0.0004	0.0000	1.0894	-0.0049	-0.0000	1.5398	3.9006	1.0296	3.1543	0.0189	0.0189	0.0000	0.0189	0.0189	0.0000	0.0000	0.0000	0.0000	0.0000	0.0000	0.0000	0.0000	0.0000	0.0000	0.0000	0.0000	0.0000	0.3540	0.3178	0.0363	0.0840	0.0778	0.0062	0.2700	0.2399	0.0301	0.0609	0.0272	0.0338	0.0173	0.0150	0.0023	0.0436	0.0122	0.0314	133.4497	138.5907	0.0063	334.2311	312.6132	2.0251	0.1117	22.4041	0.0016	0.0004	0.0004	0.0004	0.0007	0.0008	0.0000	0.0003	0.0000	0.0004
28	125	0.0701	5	0	1	0	1	0	0	0	0	N	N	N	N	N	N	N	N	N	N	N	N	1.0788	0.3584	397.7546	0.0385	0.0368	288.8648	2591.8422	73.3684	388.4198	0.1233	0.1379	0.0042	0.0082	0.0083	0.0013	0.1348	0.1522	0.0042	0.1143	0.3848	0.0000	0.2128	0.2266	0.0000	0.0001	0.0021	0.0000	0.0037	0.0015	-0.0048	-0.0001	1.5398	1.6924	1.0296	1.9110	0.0188	0.0187	0.0001	0.0001	0.0001	0.0000	0.0187	0.0186	0.0001	0.0001	0.0001	0.0000	0.0001	0.0001	0.0000	0.0000	0.0000	0.0000	0.1522	0.1356	0.0166	0.0138	0.0135	0.0003	0.1384	0.1221	0.0163	0.0396	0.0183	0.0213	0.0100	0.0087	0.0013	0.0296	0.0096	0.0200	33.8583	17.5138	397.7546	0.5713	0.5046	288.8648	5557.1424	2921.6827	388.4198	0.0036	0.0079	0.0000	0.0143	0.0165	0.0000	0.0000	0.0001	0.0000
28	126	0.6262	8	0	1	0	1	0	0	0	0	N	N	N	N	N	N	N	N	N	N	N	N	0.0000	0.0000	0.0000	0.0000	0.0000	0.0000	0.0000	0.0000	0.0000	0.0000	0.0000	0.0000	0.0000	0.0000	0.0000	0.0102	0.0000	0.0033	0.0047	0.0000	0.0323	0.0009	0.0000	0.0010	inf	0.0000	0.0000	1.5398	0.9996	1.0296	8.0005	0.0000	0.0000	0.0000	0.0000	0.0000	0.0000	0.0000	0.0000	0.0000	0.0000	0.0000	0.0000	0.0000	0.0000	0.0000	0.0000	0.0000	0.0000	0.0576	0.0521	0.0055	0.0399	0.0373	0.0026	0.0177	0.0148	0.0029	0.0320	0.0199	0.0121	0.0162	0.0142	0.0021	0.0158	0.0057	0.0100	0.0000	0.0000	0.0000	0.0000	0.0000	0.0000	0.0000	0.0000	0.0000	0.0012	0.0000	0.0033	0.0018	0.0000	0.0144	0.0006	0.0000	0.0010				
28	127	0.5316	8	0	0	0	1	0	0	0	0	N	N	N	N	N	N	N	N	N	N	N	N	0.0007	inf	0.0050	0.0003	inf	0.0005	0.0025	0.0147	0.0000	0.0000	0.0000	0.0000	0.0000	0.0000	0.0000	0.0000	0.0000	0.0003	0.0000	0.0003	0.0006	0.0000	0.0017	0.0001	0.0000	0.0001	2.0556	inf	0.0000	0.0000	1.5398	3.6536	1.0296	12.3970	0.0000	0.0000	0.0000	0.0000	0.0000	0.0000	0.0000	0.0000	0.0000	0.0000	0.0000	0.0000	0.0000	0.0000	0.0000	0.0000	0.0000	0.0000	0.2213	0.1988	0.0225	0.1543	0.1425	0.0118	0.0670	0.0563	0.0107	0.0707	0.0411	0.0295	0.0295	0.0263	0.0031	0.0412	0.0148	0.0264	0.0018	inf	0.0050	0.0010	inf	0.0006	0.0037	0.0000	0.0147	0.0001	0.0000	0.0003	0.0001	0.0000	0.0014	0.0001	0.0000	0.0001	
28	128	0.3205	6	0	0	0	1	0	0	0	0	N	N	N	N	N	N	N	N	N	N	N	N	0.0251	1.1702	0.0015	0.2519	1.8173	0.0017	0.0844	4.2660	0.0020	0.0093	0.0103	0.0001	0.0094	0.0101	0.0002	0.0091	0.0107	0.0000	0.3713	0.0088	0.0513	0.0374	0.0055	0.0902	0.1083	0.0025	0.0143	0.0008	7.9949	-0.0009	0.0004	1.5398	5.3495	1.0296	12.4099	0.0033	0.0033	0.0000	0.0020	0.0020	0.0000	0.0013	0.0013	0.0000	0.0011	0.0001	0.0010	0.0004	0.0001	0.0002	0.0007	0.0000	0.0007	0.3529	0.3185	0.0343	0.2082	0.1951	0.0130	0.1447	0.1234	0.0213	0.1400	0.0805	0.0595	0.0577	0.0509	0.0068	0.0823	0.0295	0.0528	1.1754	6.7254	0.0045	1.5057	4.2455	0.0042	1.0058	115.8040	0.0020	0.0079	0.0015	0.0166	0.0063	0.0024	0.0356	0.0091	0.0001	0.0141
28	129	0.7377	14	0	1	0	2	0	0	0	0	N	N	N	Y	N	N	N	N	N	N	N	N	0.0000	0.0000	0.0000	0.0000	0.0000	0.0000	0.0000	0.0000	0.0000	0.0000	0.0000	0.0000	0.0000	0.0000	0.0000	0.0000	0.0000	0.0000	0.0000	0.0000	1.5398	0.0000	1.0296	0.0000	0.0000	0.0000	0.0000	0.0000	0.0000	0.0000	0.0000	0.0000	0.0000	0.0000	0.0000	0.0000	0.0000	0.0000	0.0000	0.0000	0.0000	0.0000	0.0000	0.0000	0.0000	0.0000	0.0000	0.0000	0.0000	0.0000	0.0000	0.0000	0.0000	0.0000	0.0000	0.0000	0.0000	0.0000	0.0000	0.0000	0.0000	0.0000	0.0000	0.0000	0.0000	0.0000	0.0000	0.0000	0.0000	0.0000	0.0000	0.0000	0.0000	0.0000	0.0000	0.0000	0.0000	0.0000											
28	130	0.7214	13	0	1	0	2	0	0	0	0	N	N	N	Y	N	N	N	N	N	N	N	N	0.0000	0.0000	0.0000	0.0000	0.0000	0.0000	0.0000	0.0000	0.0000	0.0000	0.0000	0.0000	0.0000	0.0000	0.0000	0.0000	0.0000	0.0000	0.0000	0.0000	1.5398	0.0000	1.0296	3.0001	0.0000	0.0000	0.0000	0.0000	0.0000	0.0000	0.0000	0.0000	0.0000	0.0000	0.0000	0.0000	0.0000	0.0000	0.0000	0.0000	0.0000	0.0000	0.0000	0.0000	0.0000	0.0000	0.0000	0.0000	0.0000	0.0000	0.0000	0.0095	0.0064	0.0030	0.0058	0.0051	0.0007	0.0036	0.0013	0.0023	0.0000	0.0000	0.0000	0.0000	0.0000	0.0000	0.0000	0.0000	0.0000	0.0000	0.0000	0.0000	0.0000	0.0000	0.0000	0.0000	0.0000	0.0000											
28	131	0.7117	12	0	1	0	1	0	0	0	0	N	N	N	N	N	N	N	N	N	N	N	N	0.0000	0.0000	0.0000	0.0000	0.0000	0.0000	0.0000	0.0000	0.0000	0.0000	0.0000	0.0000	0.0000	0.0000	0.0000	0.0000	0.0000	0.0000	0.0000	0.0000	1.5398	0.0000	1.0296	0.0000	0.0000	0.0000	0.0000	0.0000	0.0000	0.0000	0.0000	0.0000	0.0000	0.0000	0.0000	0.0000	0.0000	0.0000	0.0000	0.0000	0.0000	0.0000	0.0000	0.0000	0.0000	0.0000	0.0000	0.0000	0.0000	0.0000	0.0000	0.0000	0.0000	0.0000	0.0000	0.0000	0.0000	0.0000	0.0000	0.0000	0.0000	0.0000	0.0000	0.0000	0.0000	0.0000	0.0000	0.0000	0.0000	0.0000	0.0000	0.0000	0.0000	0.0000	0.0000	0.0000	0.0000	0.0000											
28	132	0.7214	13	0	0	1	2	0	0	0	0	N	N	N	Y	N	N	N	N	N	N	N	N	0.0000	0.0000	0.0000	0.0000	0.0000	0.0000	0.0000	0.0000	0.0000	0.0000	0.0000	0.0000	0.0000	0.0000	0.0000	0.0000	0.0000	0.0000	0.0000	0.0000	1.5398	0.0000	1.0296	1.9999	0.0000	0.0000	0.0000	0.0000	0.0000	0.0000	0.0000	0.0000	0.0000	0.0000	0.0000	0.0000	0.0000	0.0000	0.0000	0.0000	0.0000	0.0000	0.0000	0.0000	0.0000	0.0000	0.0000	0.0000	0.0000	0.0000	0.0000	0.0064	0.0043	0.0020	0.0039	0.0034	0.0005	0.0024	0.0009	0.0016	0.0000	0.0000	0.0000	0.0000	0.0000	0.0000	0.0000	0.0000	0.0000	0.0000	0.0000	0.0000	0.0000	0.0000	0.0000	0.0000	0.0000	0.0000											
28	133	0.7324	14	0	0	1	2	0	0	0	0	N	N	N	Y	N	N	N	N	N	N	N	N	0.0000	0.0000	0.0000	0.0000	0.0000	0.0000	0.0000	0.0000	0.0000	0.0000	0.0000	0.0000	0.0000	0.0000	0.0000	0.0000	0.0000	0.0000	0.0000	0.0000	1.5398	1.0000	1.0296	0.0000	0.0000	0.0000	0.0000	0.0000	0.0000	0.0000	0.0000	0.0000	0.0000	0.0000	0.0000	0.0000	0.0000	0.0000	0.0000	0.0000	0.0000	0.0000	0.0642	0.0585	0.0057	0.0491	0.0457	0.0033	0.0151	0.0127	0.0024	0.0030	0.0021	0.0010	0.0018	0.0016	0.0002	0.0012	0.0005	0.0008	0.0000	0.0000	0.0000	0.0000	0.0000	0.0000	0.0000	0.0000	0.0000	0.0000	0.0000	0.0000	0.0000	0.0000	0.0000	0.0000	0.0000	0.0000											
28	134	0.7324	14	0	0	1	2	0	0	0	0	N	N	N	Y	N	N	N	N	N	N	N	N	0.0000	0.0000	0.0000	0.0000	0.0000	0.0000	0.0000	0.0000	0.0000	0.0000	0.0000	0.0000	0.0000	0.0000	0.0000	0.0000	0.0000	0.0000	0.0000	0.0000	1.5398	0.0000	1.0296	0.0000	0.0000	0.0000	0.0000	0.0000	0.0000	0.0000	0.0000	0.0000	0.0000	0.0000	0.0000	0.0000	0.0000	0.0000	0.0000	0.0000	0.0000	0.0000	0.0000	0.0000	0.0000	0.0000	0.0000	0.0000	0.0000	0.0000	0.0000	0.0000	0.0000	0.0000	0.0000	0.0000	0.0000	0.0000	0.0000	0.0000	0.0000	0.0000	0.0000	0.0000	0.0000	0.0000	0.0000	0.0000	0.0000	0.0000	0.0000	0.0000	0.0000	0.0000	0.0000	0.0000	0.0000	0.0000											
28	135	0.7214	13	0	0	1	2	0	0	0	0	N	N	N	Y	N	N	N	N	N	N	N	N	0.0085	inf	0.0000	0.0083	inf	0.0000	0.0000	0.0000	0.0000	0.0000	0.0000	0.0000	0.0000	0.0000	0.0000	0.0000	0.0000	0.0000	0.0000	0.0000	0.0001	0.0000	0.0000	0.0000	0.0000	0.0000	0.0000	inf	-0.0000	0.0000	1.5398	2.0025	1.0296	0.9943	0.0000	0.0000	0.0000	0.0000	0.0000	0.0000	0.0000	0.0000	0.0000	0.0000	0.0000	0.0000	0.0000	0.0000	0.0000	0.0000	0.0000	0.0000	0.1266	0.1152	0.0114	0.0956	0.0891	0.0065	0.0310	0.0261	0.0049	0.0095	0.0064	0.0030	0.0058	0.0051	0.0007	0.0036	0.0013	0.0023	0.4299	inf	0.0000	2.5688	inf	0.0000	0.0000	0.0000	0.0000	0.0000	0.0000	0.0000	0.0000	0.0000	0.0000	0.0000	0.0000	0.0000	
28	136	0.7214	12	0	0	0	2	0	0	0	0	N	N	N	Y	N	N	N	N	N	N	N	N	0.1456	0.1802	0.0000	0.0909	0.1213	0.0000	0.9936	inf	0.0000	0.0001	0.0001	0.0000	0.0001	0.0001	0.0000	0.0003	0.0004	0.0000	0.0006	0.0005	0.0004	0.0007	0.0006	0.0002	0.0003	0.0000	0.0004	0.0040	1.0000	-0.0000	-0.0000	1.5398	0.0050	1.0296	0.0173	0.0000	0.0000	0.0000	0.0000	0.0000	0.0000	0.0000	0.0000	0.0000	0.0000	0.0000	0.0000	0.0000	0.0000	0.0000	0.0000	0.0000	0.0000	0.0012	0.0011	0.0001	0.0011	0.0010	0.0001	0.0001	0.0001	0.0000	0.0001	0.0001	0.0000	0.0000	0.0000	0.0000	0.0000	0.0000	0.0000	0.3466	0.5242	0.0000	0.3012	0.3347	0.0000	1.1388	inf	0.0000	0.0002	0.0002	0.0004	0.0002	0.0002	0.0002	0.0003	0.0000	0.0004
28	137	0.7117	11	0	0	0	2	0	0	0	0	N	N	N	Y	N	N	N	N	N	N	N	N	3.8332	2.0623	2.1412	2.5170	0.0002	0.0002	0.0000	0.0003	0.0003	0.0000	0.0000	0.0000	0.0000	0.0000	0.0001	0.0000	0.0001	0.0001	0.0000	0.0000	0.0000	0.0000	0.0000	0.0000	-0.0000	-0.0000	1.5398	1.9972	1.0296	1.0076	0.0000	0.0000	0.0000	0.0000	0.0000	0.0000	0.0000	0.0000	0.0000	0.0000	0.0000	0.0000	0.0000	0.0000	0.0000	0.0000	0.0000	0.0000	0.1061	0.0958	0.0104	0.0762	0.0706	0.0056	0.0299	0.0252	0.0047	0.0089	0.0062	0.0027	0.0058	0.0051	0.0007	0.0030	0.0010	0.0020	189.0563	146.1963	0.0000	173.9255	164.6442	0.0000	0.0000	0.0000	0.0000	0.0000	0.0000	0.0000	0.0000	0.0000	0.0000	0.0000	0.0000	0.0000					
28	138	0.6945	10	1	1	0	1	0	0	0	0	N	N	N	N	N	N	N	N	N	N	N	N	0.0000	0.0000	0.0000	0.0000	0.0000	0.0000	0.0000	0.0000	0.0000	0.0000	0.0000	0.0000	0.0000	0.0000	0.0000	0.0000	0.0000	0.0000	0.0000	0.0000	1.5398	0.0002	1.0296	2.3255	0.0000	0.0000	0.0000	0.0000	0.0000	0.0000	0.0000	0.0000	0.0000	0.0000	0.0000	0.0000	0.0000	0.0000	0.0000	0.0000	0.0000	0.0000	0.0000	0.0000	0.0000	0.0000	0.0000	0.0000	0.0000	0.0000	0.0000	0.0106	0.0074	0.0032	0.0059	0.0053	0.0006	0.0047	0.0021	0.0027	0.0000	0.0000	0.0000	0.0000	0.0000	0.0000	0.0000	0.0000	0.0000	0.0000	0.0000	0.0000	0.0000	0.0000	0.0000	0.0000	0.0000	0.0000											
28	139	0.6766	9	1	1	0	1	0	0	0	0	N	N	N	N	N	N	N	N	N	N	N	N	0.0242	0.0184	0.2779	0.0422	0.0439	0.0874	6.4987	0.0529	0.3798	0.0164	0.0180	0.0000	0.0233	0.0248	0.0000	0.0000	0.0000	0.0000	0.6777	0.9818	0.0000	0.5526	0.5649	0.0002	0.0000	0.0005	0.0000	0.0000	0.0006	-0.0005	-0.0002	1.5398	2.0138	1.0296	2.7349	0.0019	0.0019	0.0000	0.0019	0.0019	0.0000	0.0000	0.0000	0.0000	0.0004	0.0004	0.0000	0.0004	0.0004	0.0000	0.0000	0.0000	0.0000	0.1179	0.1073	0.0105	0.0829	0.0781	0.0049	0.0350	0.0293	0.0057	0.0217	0.0138	0.0079	0.0116	0.0105	0.0011	0.0101	0.0033	0.0068	0.8931	0.6227	0.2779	0.6805	0.6528	0.0874	6.4987	7.8796	0.3798	0.0184	0.0290	0.0000	0.0343	0.0380	0.0002	0.0000	0.0000	0.0000
28	140	0.6931	10	0	1	0	1	0	0	0	0	N	N	N	N	N	N	N	N	N	N	N	N	19.9014	inf	0.0002	23.6350	inf	0.0000	0.0155	inf	0.0000	0.0063	0.0068	0.0000	0.0077	0.0081	0.0000	0.0000	0.0000	0.0000	0.0003	0.0000	0.0004	0.0003	0.0000	0.0002	0.0004	0.0000	0.0005	0.0000	inf	-0.0004	0.0000	1.5398	1.9232	1.0296	1.1116	0.0014	0.0014	0.0000	0.0014	0.0014	0.0000	0.0000	0.0000	0.0000	0.0000	0.0000	0.0000	0.0000	0.0000	0.0000	0.0000	0.0000	0.0000	0.2264	0.2114	0.0151	0.1854	0.1763	0.0091	0.0410	0.0351	0.0060	0.0094	0.0065	0.0029	0.0061	0.0053	0.0008	0.0033	0.0012	0.0021	48.6285	inf	0.0002	273.0030	inf	0.0000	0.0170	inf	0.0000	0.0001	0.0000	0.0004	0.0000	0.0000	0.0002	0.0003	0.0000	0.0005
28	141	0.0893	6	0	1	0	1	0	0	0	0	N	N	N	N	N	N	N	N	N	N	N	N	inf	inf	inf	inf	inf	inf	inf	inf	0.0020	0.0004	0.0167	0.0091	0.0020	0.2010	0.0005	0.0000	0.0043	0.0000	0.0000	0.0000	0.0000	0.0000	0.0000	0.0000	0.0000	0.0000	5.0001	0.0003	0.0000	1.5398	3.0000	1.0296	1.0000	0.0005	0.0001	0.0004	0.0004	0.0001	0.0003	0.0001	0.0000	0.0001	0.0000	0.0000	0.0000	0.0000	0.0000	0.0000	0.0000	0.0000	0.0000	0.2636	0.2366	0.0270	0.0471	0.0454	0.0017	0.2165	0.1912	0.0253	0.0404	0.0198	0.0206	0.0107	0.0093	0.0014	0.0297	0.0106	0.0191	inf	inf	inf	inf	inf	inf	inf	0.0000	inf	0.0000	0.0000	0.0000	0.0000	0.0000	0.0000	0.0000	0.0000	0.0000		
28	142	0.0701	5	0	0	0	1	0	0	0	0	N	N	N	N	N	N	N	N	N	N	N	N	inf	inf	inf	inf	0.0048	0.0054	0.0000	0.0541	0.0554	0.0000	0.0000	0.0000	0.0000	0.0000	0.0000	0.0000	0.0000	0.0000	0.0000	0.0000	0.0000	0.0000	0.0000	-0.0001	0.0000	1.5398	1.0000	1.0296	1.0000	0.0005	0.0005	0.0000	0.0005	0.0005	0.0000	0.0000	0.0000	0.0000	0.0000	0.0000	0.0000	0.0000	0.0000	0.0000	0.0000	0.0000	0.0000	0.0942	0.0838	0.0104	0.0083	0.0081	0.0002	0.0859	0.0757	0.0102	0.0235	0.0109	0.0126	0.0061	0.0053	0.0008	0.0174	0.0056	0.0118	inf	inf	0.0000	inf	inf	0.0000	0.0000	0.0000	0.0000	0.0000	0.0000	0.0000	0.0000	0.0000	0.0000	0.0000	0.0000	0.0000						
28	145	0.7117	12	1	1	0	1	0	0	0	0	N	N	N	N	N	N	N	N	N	N	N	N	0.0000	0.0000	0.0000	0.0000	0.0000	0.0000	0.0000	0.0000	0.0000	0.0000	0.0000	0.0000	0.0000	0.0000	0.0000	0.0000	0.0000	0.0000	0.0000	0.0000	1.5398	1.0000	1.0296	1.0000	0.0000	0.0000	0.0000	0.0000	0.0000	0.0000	0.0000	0.0000	0.0000	0.0000	0.0000	0.0000	0.0000	0.0000	0.0000	0.0000	0.0000	0.0000	0.0543	0.0490	0.0053	0.0392	0.0363	0.0029	0.0151	0.0127	0.0024	0.0059	0.0041	0.0018	0.0039	0.0034	0.0005	0.0020	0.0007	0.0013	0.0000	0.0000	0.0000	0.0000	0.0000	0.0000	0.0000	0.0000	0.0000	0.0000	0.0000	0.0000	0.0000	0.0000	0.0000	0.0000	0.0000	0.0000											
28	146	0.7117	11	0	1	0	1	0	0	0	0	N	N	N	N	N	N	N	N	N	N	N	N	inf	inf	inf	inf	inf	inf	0.0000	0.0000	0.0000	0.0000	0.0000	0.0000	0.0003	0.0003	0.0000	0.0000	0.0000	0.0000	0.0000	0.0000	0.0000	0.0000	0.0000	0.0000	0.0000	-0.0000	0.0000	1.5398	0.0003	1.0296	0.0000	0.0000	0.0000	0.0000	0.0000	0.0000	0.0000	0.0000	0.0000	0.0000	0.0000	0.0000	0.0000	0.0000	0.0000	0.0000	0.0000	0.0000	0.0000	0.0001	0.0001	0.0000	0.0001	0.0001	0.0000	0.0000	0.0000	0.0000	0.0000	0.0000	0.0000	0.0000	0.0000	0.0000	0.0000	0.0000	0.0000	inf	inf	0.0000	inf	inf	0.0000	inf	inf	0.0000	0.0000	0.0000	0.0000	0.0000	0.0000	0.0000	0.0000	0.0000	0.0000				
28	147	0.6931	10	0	0	0	1	0	0	0	0	N	N	N	N	N	N	N	N	N	N	N	N	19.1880	47.5940	0.0002	21.4527	57.3092	0.0000	0.0124	0.0155	0.0000	0.0042	0.0045	0.0000	0.0055	0.0058	0.0000	0.0000	0.0000	0.0000	0.0002	0.0001	0.0002	0.0003	0.0001	0.0001	0.0002	0.0002	0.0003	0.0000	96.8016	-0.0004	0.0000	1.5398	4.9449	1.0296	1.0063	0.0015	0.0015	0.0000	0.0015	0.0015	0.0000	0.0000	0.0000	0.0000	0.0000	0.0000	0.0000	0.0000	0.0000	0.0000	0.0000	0.0000	0.0000	0.3582	0.3284	0.0297	0.2736	0.2567	0.0169	0.0846	0.0718	0.0128	0.0177	0.0123	0.0054	0.0115	0.0101	0.0014	0.0062	0.0022	0.0040	59.9583	4431.9080	0.0002	341.1108	5140.9061	0.0000	0.0157	5.7023	0.0000	0.0001	0.0000	0.0002	0.0000	0.0000	0.0001	0.0002	0.0000	0.0003
28	148	0.6766	9	0	0	0	1	0	0	0	0	N	N	N	N	N	N	N	N	N	N	N	N	193.9523	12487.2388	0.0008	4370.6999	13183.3538	0.0014	0.0092	1.3074	0.0001	4.1736	4.5996	0.0000	6.1563	6.5483	0.0000	0.0002	0.0003	0.0000	0.0215	0.0004	0.0060	0.0014	0.0005	0.0080	0.0232	0.0002	0.0052	0.0000	34.7507	-0.1991	0.0000	1.5398	3.4778	1.0296	1.2917	0.7650	0.7650	0.0000	0.7650	0.7650	0.0000	0.0000	0.0000	0.0000	0.0000	0.0000	0.0000	0.0000	0.0000	0.0000	0.0000	0.0000	0.0000	0.1833	0.1663	0.0170	0.1243	0.1168	0.0074	0.0590	0.0495	0.0095	0.0218	0.0138	0.0080	0.0117	0.0105	0.0011	0.0101	0.0033	0.0068	2157.5730	53951.4695	0.0010	10247.1753	58647.0738	0.0021	0.0612	541.7286	0.0001	0.0019	0.0001	0.0051	0.0006	0.0001	0.0051	0.0035	0.0000	0.0052
28	149	0.6262	8	0	0	0	1	0	0	0	0	N	N	N	N	N	N	N	N	N	N	N	N	0.8728	0.7209	inf	1.7960	1.9321	inf	inf	inf	inf	0.0063	0.0069	0.0000	0.0094	0.0100	0.0000	0.0001	0.0001	0.0000	0.0072	0.0096	0.0000	0.0052	0.0052	0.0000	0.0000	0.0000	0.0000	0.0003	0.0000	-0.0006	-0.0000	1.5398	7.8050	1.0296	4.0035	0.0024	0.0024	0.0000	0.0024	0.0024	0.0000	0.0000	0.0000	0.0000	0.0000	0.0000	0.0000	0.0000	0.0000	0.0000	0.0000	0.0000	0.0000	0.3864	0.3495	0.0368	0.2579	0.2416	0.0163	0.1285	0.1079	0.0205	0.0410	0.0255	0.0155	0.0209	0.0182	0.0027	0.0202	0.0073	0.0129	6.2543	4.2939	inf	4.7474	4.4137	inf	inf	inf	inf	0.0010	0.0016	0.0000	0.0020	0.0023	0.0000	0.0000	0.0000	0.0000
28	150	0.5316	8	0	0	0	1	0	0	0	0	N	N	N	N	N	N	N	N	N	N	N	N	0.0000	0.0000	0.0065	0.0000	0.0000	0.0005	0.0031	0.0000	0.0269	0.0000	0.0000	0.0000	0.0000	0.0000	0.0000	0.0000	0.0000	0.0000	0.0104	0.0157	0.0002	0.0106	0.0097	0.0016	0.0001	0.0019	0.0001	2.0556	0.0702	0.0000	-0.0000	1.5398	3.7255	1.0296	14.1767	0.0000	0.0000	0.0000	0.0000	0.0000	0.0000	0.0000	0.0000	0.0000	0.0001	0.0001	0.0000	0.0001	0.0001	0.0000	0.0000	0.0000	0.0000	0.2249	0.2020	0.0229	0.1566	0.1447	0.0120	0.0683	0.0574	0.0109	0.0760	0.0441	0.0319	0.0315	0.0281	0.0034	0.0444	0.0160	0.0284	0.0002	0.0000	0.0065	0.0001	0.0000	0.0006	0.0050	0.0000	0.0269	0.0013	0.0021	0.0002	0.0030	0.0032	0.0013	0.0001	0.0000	0.0001
28	151	0.5152	7	0	0	0	1	0	0	0	0	N	N	N	N	N	N	N	N	N	N	N	N	0.0001	0.0001	0.0009	0.0001	0.0002	0.0000	0.0014	0.0000	0.0074	0.0000	0.0000	0.0000	0.0000	0.0000	0.0000	0.0000	0.0000	0.0000	0.0105	0.0069	0.0013	0.0087	0.0041	0.0276	0.0003	0.0028	0.0003	0.2509	0.6657	-0.0000	-0.0000	1.5398	1.4205	1.0296	4.0377	0.0000	0.0000	0.0000	0.0000	0.0000	0.0000	0.0000	0.0000	0.0000	0.0001	0.0000	0.0000	0.0000	0.0000	0.0000	0.0000	0.0000	0.0000	0.1004	0.0895	0.0109	0.0724	0.0662	0.0063	0.0280	0.0233	0.0046	0.0410	0.0248	0.0162	0.0183	0.0170	0.0013	0.0227	0.0078	0.0149	0.0005	0.0004	0.0009	0.0003	0.0004	0.0000	0.0016	0.0000	0.0074	0.0013	0.0013	0.0013	0.0026	0.0018	0.0128	0.0002	0.0001	0.0003
29	30	0.6665	11	0	0	0	2	0	0	0	0	N	N	N	Y	N	N	N	N	N	N	N	N	0.0000	0.0000	0.0000	0.0000	0.0000	0.0000	0.0000	0.0000	0.0000	0.0000	0.0000	0.0000	0.0000	0.0000	0.0000	0.0000	0.0000	0.0000	0.0000	0.0000	0.8816	0.0000	0.0702	0.0000	0.0000	0.0000	0.0000	0.0000	0.0000	0.0000	0.0000	0.0000	0.0000	0.0000	0.0000	0.0000	0.0000	0.0000	0.0000	0.0000	0.0000	0.0000	0.0000	0.0000	0.0000	0.0000	0.0000	0.0000	0.0000	0.0000	0.0000	0.0000	0.0000	0.0000	0.0000	0.0000	0.0000	0.0000	0.0000	0.0000	0.0000	0.0000	0.0000	0.0000	0.0000	0.0000	0.0000	0.0000	0.0000	0.0000	0.0000	0.0000	0.0000	0.0000	0.0000	0.0000	0.0000	0.0000											
29	31	0.6734	9	1	0	1	1	0	0	0	0	N	N	N	N	N	N	N	N	N	N	N	N	0.0000	0.0000	0.0000	0.0000	0.0000	0.0000	0.0000	0.0000	0.0000	0.0000	0.0000	0.0000	0.0000	0.0000	0.0000	0.0000	0.0000	0.0000	0.0000	0.0000	0.8816	0.0000	0.0702	0.0000	0.0000	0.0000	0.0000	0.0000	0.0000	0.0000	0.0000	0.0000	0.0000	0.0000	0.0000	0.0000	0.0000	0.0000	0.0000	0.0000	0.0000	0.0000	0.0000	0.0000	0.0000	0.0000	0.0000	0.0000	0.0000	0.0000	0.0000	0.0000	0.0000	0.0000	0.0000	0.0000	0.0000	0.0000	0.0000	0.0000	0.0000	0.0000	0.0000	0.0000	0.0000	0.0000	0.0000	0.0000	0.0000	0.0000	0.0000	0.0000	0.0000	0.0000	0.0000	0.0000	0.0000	0.0000											
29	32	0.6092	7	0	1	0	1	0	0	0	0	N	N	N	N	N	N	N	N	N	N	N	N	0.0000	0.0000	0.0000	0.0000	0.0000	0.0000	0.0000	0.0000	0.0000	0.0000	0.0000	0.0000	0.0000	0.0000	0.0000	0.0000	0.0000	0.0000	0.0000	0.0000	0.8816	0.0006	0.0702	3.0000	0.0000	0.0000	0.0000	0.0000	0.0000	0.0000	0.0000	0.0000	0.0000	0.0000	0.0000	0.0000	0.0000	0.0000	0.0000	0.0000	0.0000	0.0000	0.0001	0.0000	0.0000	0.0000	0.0000	0.0000	0.0000	0.0000	0.0000	0.0049	0.0031	0.0018	0.0024	0.0021	0.0003	0.0025	0.0010	0.0015	0.0000	0.0000	0.0000	0.0000	0.0000	0.0000	0.0000	0.0000	0.0000	0.0000	0.0000	0.0000	0.0000	0.0000	0.0000	0.0000	0.0000	0.0000											
29	33	0.6092	7	0	1	0	1	0	0	0	0	N	N	N	N	N	N	N	N	N	N	N	N	0.0000	0.0000	0.0000	0.0000	0.0000	0.0000	0.0000	0.0000	0.0000	0.0000	0.0000	0.0000	0.0000	0.0000	0.0000	0.4702	0.0000	0.0993	0.2971	0.0000	0.5688	0.0159	0.0000	0.0043	inf	0.0000	0.0001	0.8816	2.0006	0.0702	8.0000	0.0000	0.0000	0.0000	0.0000	0.0000	0.0000	0.0000	0.0000	0.0000	0.0002	0.0000	0.0002	0.0001	0.0000	0.0001	0.0000	0.0000	0.0000	0.1040	0.0953	0.0087	0.0578	0.0554	0.0024	0.0462	0.0399	0.0063	0.0153	0.0098	0.0055	0.0076	0.0068	0.0009	0.0077	0.0030	0.0047	0.0000	0.0000	0.0000	0.0000	0.0000	0.0000	0.0000	0.0000	0.0000	0.0105	0.0000	0.0290	0.0184	0.0000	0.1621	0.0026	0.0000	0.0043				
29	34	0.6504	8	1	1	0	1	0	0	0	0	N	N	N	N	N	N	N	N	N	N	N	N	4931.8884	6552.4946	251.1572	8925.4269	9885.6766	18151.2809	2.6771	inf	0.0020	0.5626	0.6103	0.0092	1.0260	1.0635	0.0366	0.0002	0.0002	0.0000	0.0001	0.0001	0.0000	0.0001	0.0001	0.0000	0.0001	0.0000	0.0000	0.0013	17.4557	-0.0617	0.0000	0.8816	10.0001	0.0702	4.0001	0.2383	0.2380	0.0003	0.2382	0.2379	0.0003	0.0000	0.0000	0.0000	0.0000	0.0000	0.0000	0.0000	0.0000	0.0000	0.0000	0.0000	0.0000	0.4235	0.3899	0.0336	0.2322	0.2237	0.0085	0.1913	0.1662	0.0251	0.0196	0.0133	0.0063	0.0114	0.0102	0.0012	0.0082	0.0031	0.0051	45284.8241	616671.8532	251.1572	750030.4416	822814.1979	18151.2809	5.6440	inf	0.0020	0.0000	0.0000	0.0000	0.0000	0.0000	0.0000	0.0000	0.0000	0.0000
29	35	0.6092	7	0	1	0	1	0	0	0	0	N	N	N	N	N	N	N	N	N	N	N	N	0.0073	0.0053	1.1036	1.1927	0.0000	0.0000	0.0051	0.0055	0.0000	0.0092	0.0096	0.0000	0.0000	0.0000	0.0000	0.6904	1.0372	0.0000	0.0083	0.0080	0.0000	0.4678	2.4796	0.0000	0.0000	0.0000	-0.0002	-0.0001	0.8816	3.0004	0.0702	2.0000	0.0008	0.0008	0.0000	0.0008	0.0008	0.0000	0.0000	0.0000	0.0000	0.0002	0.0002	0.0000	0.0000	0.0000	0.0000	0.0001	0.0001	0.0000	0.1518	0.1390	0.0127	0.0840	0.0805	0.0035	0.0678	0.0585	0.0093	0.0080	0.0051	0.0029	0.0040	0.0035	0.0004	0.0040	0.0016	0.0024	0.2530	0.1763	0.0000	3.6312	3.3622	0.0000	0.0000	0.0000	0.0000	0.0200	0.0314	0.0000	0.0025	0.0028	0.0000	0.0373	0.0950	0.0000			
29	36	0.0530	4	0	1	0	1	0	0	0	0	N	N	N	N	N	N	N	N	N	N	N	N	0.0000	0.0000	0.0000	0.0000	0.0000	0.0000	0.0000	0.0000	0.0000	0.0000	0.0000	0.0000	0.0000	0.0000	0.0000	0.0000	0.0000	0.0779	0.1738	0.0013	0.0075	0.0070	0.0000	0.0244	0.5654	0.0014	0.2500	0.0000	-0.0000	0.8816	3.0000	0.0702	3.0000	0.0000	0.0000	0.0000	0.0000	0.0000	0.0000	0.0000	0.0000	0.0000	0.0001	0.0000	0.0000	0.0000	0.0000	0.0000	0.0000	0.0000	0.0000	0.0761	0.0673	0.0088	0.0025	0.0023	0.0002	0.0737	0.0650	0.0087	0.0152	0.0073	0.0078	0.0042	0.0037	0.0005	0.0110	0.0036	0.0074	0.0000	0.0000	0.0000	0.0000	0.0000	0.0000	0.0000	0.0000	0.0000	0.0033	0.0055	0.0013	0.0024	0.0027	0.0000	0.0036	0.0082	0.0014		
29	37	0.6393	8	1	1	0	1	0	0	0	0	N	N	N	N	N	N	N	N	N	N	N	N	399.1414	inf	0.0000	inf	inf	764.8391	inf	0.0000	1.9436	2.1236	0.0000	0.0007	0.0007	0.0000	4.3500	5.0358	0.0000	0.0049	0.0000	0.0021	0.0000	0.0000	0.0000	0.0057	0.0000	0.0025	0.0000	inf	-0.1070	0.0000	0.8816	4.2779	0.0702	3.9542	0.4112	0.4112	0.0000	0.0001	0.0001	0.0000	0.4112	0.4112	0.0000	0.0000	0.0000	0.0000	0.0000	0.0000	0.0000	0.0000	0.0000	0.0000	0.2116	0.1937	0.0179	0.1171	0.1120	0.0051	0.0945	0.0816	0.0129	0.0129	0.0081	0.0048	0.0063	0.0056	0.0007	0.0066	0.0026	0.0041	2514.3601	inf	0.0000	inf	inf	0.0000	2891.4236	inf	0.0000	0.0008	0.0000	0.0021	0.0000	0.0000	0.0000	0.0015	0.0000	0.0025	
29	38	0.0442	4	1	1	0	1	0	0	0	0	N	N	N	N	N	N	N	N	N	N	N	N	0.0193	0.0143	0.3355	0.1573	0.1652	3.0788	0.0001	0.0000	0.2154	0.0264	0.0299	0.0005	0.1040	0.1048	0.0105	0.0001	0.0001	0.0003	1.3680	2.0913	0.0015	0.6611	0.6342	0.0034	1.2504	3.7305	0.0015	0.0022	0.0061	-0.0012	-0.0010	0.8816	2.8243	0.0702	1.0201	0.0046	0.0046	0.0000	0.0045	0.0045	0.0000	0.0000	0.0000	0.0000	0.0019	0.0019	0.0000	0.0001	0.0001	0.0000	0.0018	0.0018	0.0000	0.1725	0.1522	0.0203	0.0437	0.0434	0.0004	0.1288	0.1089	0.0199	0.0140	0.0063	0.0077	0.0015	0.0014	0.0001	0.0125	0.0049	0.0076	0.1974	0.1008	0.3355	2.4215	2.3170	4.0995	0.0007	0.0002	0.2154	0.1339	0.2964	0.0015	0.0430	0.0452	0.0026	0.1447	0.3690	0.0015
29	39	0.6504	8	0	1	0	1	0	0	0	0	N	N	N	N	N	N	N	N	N	N	N	N	inf	inf	inf	inf	inf	inf	0.0005	0.0006	0.0000	0.0001	0.0001	0.0000	0.0011	0.0013	0.0000	0.0000	0.0000	0.0000	0.0000	0.0000	0.0000	0.0000	0.0000	0.0000	0.0000	-0.0000	0.0000	0.8816	5.0001	0.0702	5.0000	0.0001	0.0001	0.0000	0.0000	0.0000	0.0000	0.0001	0.0001	0.0000	0.0000	0.0000	0.0000	0.0000	0.0000	0.0000	0.0000	0.0000	0.0000	0.2416	0.2227	0.0190	0.1359	0.1310	0.0050	0.1057	0.0917	0.0140	0.0145	0.0099	0.0046	0.0084	0.0076	0.0009	0.0061	0.0023	0.0037	inf	inf	0.0000	inf	inf	0.0000	inf	inf	0.0000	0.0000	0.0000	0.0000	0.0000	0.0000	0.0000	0.0000	0.0000	0.0000				
29	40	0.0754	5	0	1	0	1	0	0	0	0	N	N	N	N	N	N	N	N	N	N	N	N	0.0000	0.0000	0.0000	0.0000	0.0000	0.0000	0.0000	0.0000	0.0000	0.0000	0.0000	0.0000	0.0000	0.0000	0.0000	0.0000	0.0000	0.0000	0.0000	0.0000	0.8816	0.0000	0.0702	2.0000	0.0000	0.0000	0.0000	0.0000	0.0000	0.0000	0.0000	0.0000	0.0000	0.0000	0.0000	0.0000	0.0000	0.0000	0.0000	0.0000	0.0000	0.0000	0.0000	0.0000	0.0000	0.0000	0.0000	0.0000	0.0000	0.0000	0.0000	0.0054	0.0021	0.0032	0.0004	0.0004	0.0000	0.0050	0.0018	0.0032	0.0000	0.0000	0.0000	0.0000	0.0000	0.0000	0.0000	0.0000	0.0000	0.0000	0.0000	0.0000	0.0000	0.0000	0.0000	0.0000	0.0000	0.0000											
29	41	0.6504	8	0	1	0	1	0	0	0	0	N	N	N	N	N	N	N	N	N	N	N	N	inf	inf	inf	inf	inf	inf	inf	inf	0.0005	0.0002	0.0041	0.0001	0.0001	0.0000	0.0010	0.0003	0.0055	0.0000	0.0000	0.0000	0.0000	0.0000	0.0000	0.0000	0.0000	0.0000	2.2500	0.0001	0.0000	0.8816	5.9998	0.0702	3.0000	0.0001	0.0000	0.0001	0.0000	0.0000	0.0000	0.0001	0.0000	0.0001	0.0000	0.0000	0.0000	0.0000	0.0000	0.0000	0.0000	0.0000	0.0000	0.2820	0.2598	0.0222	0.1578	0.1520	0.0058	0.1242	0.1078	0.0164	0.0131	0.0089	0.0042	0.0076	0.0069	0.0008	0.0055	0.0021	0.0034	inf	inf	inf	inf	inf	0.0000	inf	inf	inf	0.0000	0.0000	0.0000	0.0000	0.0000	0.0000	0.0000	0.0000	0.0000		
29	42	0.0660	5	0	1	1	2	0	0	0	0	N	N	N	Y	N	N	N	N	N	N	N	N	135.0953	68.9081	53.9059	47.0690	57.8822	378.7145	inf	46.9014	0.0425	0.0482	0.0005	0.1003	0.1020	0.0000	0.0021	0.0025	0.0004	0.0003	0.0007	0.0000	0.0021	0.0018	0.0000	0.0000	0.0000	0.0000	0.0013	0.0398	-0.0000	-0.0000	0.8816	0.0011	0.0702	1.0134	0.0000	0.0000	0.0000	0.0000	0.0000	0.0000	0.0000	0.0000	0.0000	0.0000	0.0000	0.0000	0.0000	0.0000	0.0000	0.0000	0.0000	0.0000	0.0001	0.0001	0.0000	0.0000	0.0000	0.0000	0.0001	0.0000	0.0000	0.0031	0.0013	0.0018	0.0004	0.0004	0.0000	0.0027	0.0009	0.0018	334.4330	167.6300	53.9059	110.4591	106.7494	0.0000	378.7145	inf	46.9014	0.0001	0.0003	0.0000	0.0009	0.0010	0.0000	0.0000	0.0000	0.0000	
29	43	0.0442	4	0	0	0	2	0	0	0	0	N	N	N	Y	N	N	N	N	N	N	N	N	1.0320	0.2427	6.9325	0.3225	0.3460	11.3674	42.9273	22.2000	6.1959	0.0309	0.0350	0.0006	0.1114	0.1122	0.0055	0.0036	0.0042	0.0005	0.0300	0.1440	0.0001	0.3453	0.3244	0.0005	0.0001	0.0002	0.0001	0.0023	0.0210	-0.0014	-0.0000	0.8816	2.8187	0.0702	0.0347	0.0053	0.0053	0.0000	0.0049	0.0049	0.0000	0.0005	0.0005	0.0000	0.0000	0.0000	0.0000	0.0000	0.0000	0.0000	0.0000	0.0000	0.0000	0.1722	0.1520	0.0202	0.0437	0.0433	0.0004	0.1286	0.1087	0.0199	0.0107	0.0048	0.0059	0.0012	0.0011	0.0001	0.0095	0.0037	0.0058	13.3460	6.9618	6.9325	5.4083	5.1814	12.1567	70.7592	9656.4455	6.1959	0.0023	0.0050	0.0001	0.0206	0.0217	0.0005	0.0001	0.0000	0.0001
29	44	0.0315	3	0	0	0	1	0	0	0	0	N	N	N	N	N	N	N	N	N	N	N	N	1.1339	1.2363	2.4927	1.0968	1.1511	0.5123	0.0228	3.1528	0.8404	1.4192	0.0167	1.8752	1.8758	0.0000	0.0125	0.0002	0.0167	0.7412	1.1479	0.0067	1.7097	1.6296	0.0000	0.0244	0.0090	0.0053	0.0083	0.1524	-0.0593	-0.0001	0.8816	0.9605	0.0702	1.0076	0.2355	0.2336	0.0019	0.2336	0.2336	0.0000	0.0019	0.0000	0.0019	0.0002	0.0002	0.0000	0.0002	0.0002	0.0000	0.0000	0.0000	0.0000	0.2802	0.1646	0.1156	0.1245	0.1245	0.0000	0.1557	0.0401	0.1156	0.0084	0.0038	0.0046	0.0012	0.0011	0.0000	0.0073	0.0027	0.0046	38.2483	33.6108	3.1576	13.6321	13.5350	0.0000	3.5082	0.3947	3.1528	0.0220	0.0422	0.0053	0.1376	0.1386	0.0000	0.0036	0.0005	0.0053	
29	45	0.6624	10	0	1	1	2	0	0	0	0	N	N	N	Y	N	N	N	N	N	N	N	N	0.0000	0.0000	0.0000	0.0000	0.0000	0.0000	0.0000	0.0000	0.0000	0.0000	0.0000	0.0000	0.0000	0.0000	0.0000	0.0000	0.0000	0.0000	0.0000	0.0000	0.8816	1.0000	0.0702	1.0000	0.0000	0.0000	0.0000	0.0000	0.0000	0.0000	0.0000	0.0000	0.0000	0.0000	0.0000	0.0000	0.0000	0.0000	0.0000	0.0000	0.0000	0.0000	0.0528	0.0484	0.0045	0.0291	0.0279	0.0012	0.0237	0.0205	0.0032	0.0033	0.0021	0.0012	0.0016	0.0014	0.0002	0.0017	0.0007	0.0010	0.0000	0.0000	0.0000	0.0000	0.0000	0.0000	0.0000	0.0000	0.0000	0.0000	0.0000	0.0000	0.0000	0.0000	0.0000	0.0000	0.0000	0.0000											
29	46	0.0530	4	0	1	0	1	0	0	0	0	N	N	N	N	N	N	N	N	N	N	N	N	0.0000	0.0000	0.0000	0.0000	0.0000	0.0000	0.0000	0.0000	0.0000	0.0000	0.0000	0.0000	0.0000	0.0000	0.0000	0.0000	0.0000	0.0000	0.0000	0.0000	0.8816	0.0000	0.0702	0.0000	0.0000	0.0000	0.0000	0.0000	0.0000	0.0000	0.0000	0.0000	0.0000	0.0000	0.0000	0.0000	0.0000	0.0000	0.0000	0.0000	0.0000	0.0000	0.0000	0.0000	0.0000	0.0000	0.0000	0.0000	0.0000	0.0000	0.0000	0.0000	0.0000	0.0000	0.0000	0.0000	0.0000	0.0000	0.0000	0.0000	0.0000	0.0000	0.0000	0.0000	0.0000	0.0000	0.0000	0.0000	0.0000	0.0000	0.0000	0.0000	0.0000	0.0000	0.0000	0.0000	0.0000	0.0000											
29	47	0.0315	3	0	1	0	2	0	0	0	0	N	N	N	Y	N	N	N	N	N	N	N	N	0.0000	0.0000	0.0000	0.0000	0.0000	0.0000	0.0000	0.0000	0.0000	0.0000	0.0000	0.0000	0.0000	0.0000	0.0000	0.0000	0.0001	0.0002	0.0000	0.0003	0.0003	0.0000	0.0000	0.0000	0.0000	0.5770	-0.0000	-0.0000	0.8816	0.0000	0.0702	1.0000	0.0000	0.0000	0.0000	0.0000	0.0000	0.0000	0.0000	0.0000	0.0000	0.0000	0.0000	0.0000	0.0000	0.0000	0.0000	0.0000	0.0000	0.0000	0.2425	0.1274	0.1151	0.1212	0.1212	0.0000	0.1212	0.0062	0.1151	0.0050	0.0023	0.0027	0.0009	0.0009	0.0000	0.0041	0.0014	0.0027	0.0000	0.0000	0.0000	0.0000	0.0000	0.0000	0.0000	0.0000	0.0000	0.0000	0.0000	0.0000	0.0000	0.0000	0.0000	0.0000	0.0000	0.0000			
29	48	0.0530	4	1	1	0	1	0	0	0	0	N	N	N	N	N	N	N	N	N	N	N	N	0.0000	0.0000	0.0000	0.0000	0.0000	0.0000	0.0000	0.0000	0.0000	0.0000	0.0000	0.0000	0.0000	0.0000	0.0000	0.0000	0.0000	0.0000	1.2117	1.7336	0.1311	1.8311	1.5156	2.1998	0.7038	2.9211	0.0117	0.3334	0.0000	-0.0002	0.8816	0.0000	0.0702	4.0000	0.0000	0.0000	0.0000	0.0000	0.0000	0.0000	0.0000	0.0000	0.0000	0.0009	0.0007	0.0002	0.0005	0.0003	0.0002	0.0004	0.0004	0.0001	0.0000	0.0000	0.0000	0.0000	0.0000	0.0000	0.0000	0.0000	0.0000	0.0106	0.0051	0.0055	0.0029	0.0026	0.0003	0.0076	0.0025	0.0051	0.0000	0.0000	0.0000	0.0000	0.0000	0.0000	0.0000	0.0000	0.0000	0.0833	0.1292	0.0403	0.1568	0.1154	0.4790	0.0551	0.1436	0.0117	
29	49	0.0522	4	0	0	1	1	0	0	0	0	N	N	N	N	N	N	N	N	N	N	N	N	0.0000	0.0000	0.0000	0.0000	0.0000	0.0000	0.0000	0.0000	0.0000	0.0000	0.0000	0.0000	0.0000	0.0000	0.0000	0.0000	0.0000	0.0000	0.0000	0.0000	0.8816	0.0000	0.0702	0.0000	0.0000	0.0000	0.0000	0.0000	0.0000	0.0000	0.0000	0.0000	0.0000	0.0000	0.0000	0.0000	0.0000	0.0000	0.0000	0.0000	0.0000	0.0000	0.0000	0.0000	0.0000	0.0000	0.0000	0.0000	0.0000	0.0000	0.0000	0.0000	0.0000	0.0000	0.0000	0.0000	0.0000	0.0000	0.0000	0.0000	0.0000	0.0000	0.0000	0.0000	0.0000	0.0000	0.0000	0.0000	0.0000	0.0000	0.0000	0.0000	0.0000	0.0000	0.0000	0.0000	0.0000	0.0000											
29	50	0.6714	9	0	0	1	1	0	0	0	0	N	N	N	N	N	N	N	N	N	N	N	N	0.0000	0.0000	0.0000	0.0000	0.0000	0.0000	0.0000	0.0000	0.0000	0.0000	0.0000	0.0000	0.0000	0.0000	0.0000	0.0000	0.0000	0.0000	0.0000	0.0000	0.8816	1.0000	0.0702	1.0000	0.0000	0.0000	0.0000	0.0000	0.0000	0.0000	0.0000	0.0000	0.0000	0.0000	0.0000	0.0000	0.0000	0.0000	0.0000	0.0000	0.0000	0.0000	0.0510	0.0467	0.0043	0.0282	0.0270	0.0012	0.0227	0.0197	0.0030	0.0030	0.0019	0.0011	0.0016	0.0014	0.0002	0.0013	0.0005	0.0009	0.0000	0.0000	0.0000	0.0000	0.0000	0.0000	0.0000	0.0000	0.0000	0.0000	0.0000	0.0000	0.0000	0.0000	0.0000	0.0000	0.0000	0.0000											
29	51	0.6759	9	0	1	0	1	0	0	0	0	N	N	N	N	N	N	N	N	N	N	N	N	0.0003	0.0004	0.0000	0.0249	0.0287	0.0000	0.0000	0.0000	0.0000	0.0003	0.0004	0.0000	0.0005	0.0006	0.0000	0.0000	0.0000	0.0000	0.9316	1.2450	0.0830	0.0196	0.0202	0.0004	1.1229	3.1907	0.0389	0.0000	0.1670	-0.0000	-0.0001	0.8816	0.0003	0.0702	0.9690	0.0000	0.0000	0.0000	0.0000	0.0000	0.0000	0.0000	0.0000	0.0000	0.0001	0.0001	0.0000	0.0000	0.0000	0.0000	0.0001	0.0001	0.0000	0.0001	0.0001	0.0000	0.0001	0.0001	0.0000	0.0000	0.0000	0.0000	0.0032	0.0024	0.0008	0.0021	0.0019	0.0002	0.0010	0.0005	0.0006	0.0073	0.0092	0.0000	0.1052	0.1151	0.0000	0.0000	0.0000	0.0000	0.0424	0.0480	0.0249	0.0046	0.0050	0.0004	0.1200	0.2310	0.0330
29	52	0.0352	2	0	1	0	1	0	0	0	0	N	N	N	N	N	N	N	N	N	N	N	N	0.1314	0.0775	7.3332	0.3492	0.3841	0.7493	1.7557	0.9998	7.8130	0.0305	0.0322	0.0163	0.0915	0.0920	0.0058	0.0089	0.0076	0.0165	0.2322	0.4155	0.0022	0.2620	0.2396	0.0078	0.0051	0.0076	0.0021	0.0614	0.2319	-0.0004	-0.0000	0.8816	0.9211	0.0702	0.1671	0.0019	0.0018	0.0001	0.0015	0.0015	0.0000	0.0004	0.0003	0.0001	0.0000	0.0000	0.0000	0.0000	0.0000	0.0000	0.0000	0.0000	0.0000	0.0625	0.0557	0.0067	0.0163	0.0162	0.0001	0.0461	0.0395	0.0066	0.0063	0.0034	0.0030	0.0017	0.0015	0.0001	0.0046	0.0018	0.0028	5.4952	3.7974	7.3332	5.4163	5.1392	1.2175	6.1235	17.9605	7.8130	0.0056	0.0085	0.0022	0.0169	0.0179	0.0048	0.0015	0.0004	0.0021
29	53	0.6624	10	0	1	0	1	0	0	0	0	N	N	N	N	N	N	N	N	N	N	N	N	inf	inf	inf	inf	0.0034	0.0037	0.0000	0.0062	0.0065	0.0000	0.0000	0.0000	0.0000	0.0000	0.0000	0.0000	0.0000	0.0000	0.0000	0.0000	0.0000	0.0000	0.0000	-0.0000	0.0000	0.8816	1.0000	0.0702	5.0000	0.0002	0.0002	0.0000	0.0002	0.0002	0.0000	0.0000	0.0000	0.0000	0.0000	0.0000	0.0000	0.0000	0.0000	0.0000	0.0000	0.0000	0.0000	0.0528	0.0484	0.0045	0.0291	0.0279	0.0012	0.0237	0.0205	0.0032	0.0096	0.0061	0.0035	0.0047	0.0042	0.0005	0.0049	0.0019	0.0030	inf	inf	0.0000	inf	inf	0.0000	0.0000	0.0000	0.0000	0.0000	0.0000	0.0000	0.0000	0.0000	0.0000	0.0000	0.0000	0.0000						
29	54	0.6471	9	0	0	0	1	0	0	0	0	N	N	N	N	N	N	N	N	N	N	N	N	inf	inf	inf	inf	0.0022	0.0024	0.0000	0.0032	0.0034	0.0000	0.0000	0.0000	0.0000	0.0000	0.0000	0.0000	0.0000	0.0000	0.0000	0.0000	0.0000	0.0000	0.0000	-0.0000	0.0000	0.8816	0.0000	0.0702	2.9157	0.0000	0.0000	0.0000	0.0000	0.0000	0.0000	0.0000	0.0000	0.0000	0.0000	0.0000	0.0000	0.0000	0.0000	0.0000	0.0000	0.0000	0.0000	0.0000	0.0000	0.0000	0.0000	0.0000	0.0000	0.0000	0.0000	0.0000	0.0061	0.0037	0.0024	0.0030	0.0027	0.0003	0.0031	0.0010	0.0021	inf	inf	0.0000	inf	inf	0.0000	0.0000	0.0000	0.0000	0.0000	0.0000	0.0000	0.0000	0.0000	0.0000	0.0000	0.0000	0.0000						
29	55	0.0315	3	0	1	0	1	0	0	0	0	N	N	N	N	N	N	N	N	N	N	N	N	0.0003	0.0001	0.0885	0.0000	0.0000	0.0020	0.0001	0.0883	0.0001	0.0000	0.0002	0.0000	0.0000	0.0000	0.0002	0.0001	0.0002	0.3549	0.6690	0.0019	0.0258	0.0236	0.0000	0.0782	1.2570	0.0020	2.0000	0.1668	0.0000	-0.0001	0.8816	2.0000	0.0702	3.0000	0.0000	0.0000	0.0000	0.0000	0.0000	0.0000	0.0000	0.0000	0.0000	0.0001	0.0001	0.0000	0.0000	0.0000	0.0000	0.0001	0.0001	0.0000	0.3183	0.2023	0.1161	0.1280	0.1279	0.0001	0.1904	0.0744	0.1160	0.0184	0.0081	0.0103	0.0019	0.0019	0.0000	0.0165	0.0063	0.0103	0.0124	0.0034	0.0885	0.0000	0.0000	0.0000	0.0200	0.0077	0.0883	0.0076	0.0147	0.0019	0.0053	0.0054	0.0000	0.0079	0.0175	0.0020	
29	56	0.6393	8	0	1	0	2	0	0	0	0	N	N	N	Y	N	N	N	N	N	N	N	N	inf	inf	inf	inf	inf	inf	4.3561	4.7640	0.0000	0.0024	0.0025	0.0000	10.2261	11.8450	0.0000	0.0000	0.0000	0.0000	0.0000	0.0000	0.0000	0.0000	0.0000	0.0000	0.0000	-0.1070	0.0000	0.8816	1.7218	0.0702	6.9557	0.4113	0.4113	0.0000	0.0001	0.0001	0.0000	0.4111	0.4111	0.0000	0.0000	0.0000	0.0000	0.0000	0.0000	0.0000	0.0000	0.0000	0.0000	0.0944	0.0863	0.0081	0.0542	0.0516	0.0026	0.0402	0.0347	0.0055	0.0136	0.0085	0.0050	0.0066	0.0058	0.0008	0.0070	0.0027	0.0043	inf	inf	0.0000	inf	inf	0.0000	inf	inf	0.0000	0.0000	0.0000	0.0000	0.0000	0.0000	0.0000	0.0000	0.0000	0.0000				
29	57	0.6504	8	1	0	1	1	0	0	0	0	N	N	N	N	N	N	N	N	N	N	N	N	1.5669	2146.0650	0.0039	6.9501	2673.3936	0.0000	0.0419	inf	0.1100	0.6100	0.6624	0.0003	1.1067	1.1487	0.0000	0.0006	0.0007	0.0004	0.3893	0.0003	0.0836	0.1592	0.0004	0.3755	0.0150	0.0000	0.0039	0.0000	211.0818	-0.0620	0.0001	0.8816	8.9999	0.0702	5.0001	0.2384	0.2384	0.0000	0.2383	0.2383	0.0000	0.0001	0.0001	0.0000	0.0002	0.0000	0.0002	0.0001	0.0000	0.0001	0.0000	0.0000	0.0000	0.3908	0.3599	0.0309	0.2153	0.2075	0.0079	0.1755	0.1524	0.0231	0.0196	0.0133	0.0063	0.0114	0.0102	0.0012	0.0082	0.0031	0.0051	74.3954	11654.8208	0.0127	89.6457	15474.8471	0.0000	0.2571	inf	0.1100	0.0082	0.0001	0.0255	0.0123	0.0001	0.1177	0.0024	0.0000	0.0039
29	58	0.0530	4	1	0	1	1	0	0	0	0	N	N	N	N	N	N	N	N	N	N	N	N	0.0000	0.0000	0.0000	0.0000	0.0000	0.0000	0.0000	0.0000	0.0000	0.0000	0.0000	0.0000	0.0000	0.0000	0.0000	0.0000	0.0000	0.0000	0.0000	0.0000	0.8816	0.0000	0.0702	1.0000	0.0000	0.0000	0.0000	0.0000	0.0000	0.0000	0.0000	0.0000	0.0000	0.0000	0.0000	0.0000	0.0000	0.0000	0.0000	0.0000	0.0000	0.0000	0.0000	0.0000	0.0000	0.0000	0.0000	0.0000	0.0000	0.0000	0.0000	0.0028	0.0014	0.0015	0.0008	0.0007	0.0001	0.0020	0.0007	0.0014	0.0000	0.0000	0.0000	0.0000	0.0000	0.0000	0.0000	0.0000	0.0000	0.0000	0.0000	0.0000	0.0000	0.0000	0.0000	0.0000	0.0000	0.0000											
29	59	0.6759	9	0	0	1	1	0	0	0	0	N	N	N	N	N	N	N	N	N	N	N	N	0.4981	0.5199	0.0000	1.3924	1.6693	0.0000	0.0000	0.0000	0.0000	0.2802	0.3854	0.0000	0.4482	0.5261	0.0000	0.0000	0.0000	0.0000	0.5627	0.7412	0.0005	0.3219	0.3152	0.0025	0.0000	0.0010	0.0000	0.0000	0.0093	-0.0000	-0.0000	0.8816	0.0006	0.0702	1.1867	0.0000	0.0000	0.0000	0.0000	0.0000	0.0000	0.0000	0.0000	0.0000	0.0000	0.0000	0.0000	0.0000	0.0000	0.0000	0.0000	0.0000	0.0000	0.0001	0.0001	0.0000	0.0001	0.0001	0.0000	0.0001	0.0000	0.0000	0.0035	0.0026	0.0009	0.0023	0.0021	0.0002	0.0012	0.0005	0.0007	21.7946	22.4325	0.0000	22.7181	24.4604	0.0000	0.0000	0.0000	0.0000	0.0129	0.0172	0.0005	0.0197	0.0215	0.0020	0.0000	0.0000	0.0000
29	60	0.6393	8	0	0	0	1	0	0	0	0	N	N	N	N	N	N	N	N	N	N	N	N	0.4648	0.3824	9.9066	2.4514	2.6328	0.2237	0.3910	0.0100	12.1734	0.0011	0.0010	0.0020	0.0014	0.0015	0.0000	0.0008	0.0005	0.0029	0.0024	0.0027	0.0002	0.0006	0.0006	0.0000	0.0020	0.0454	0.0002	0.1775	0.1610	-0.0000	-0.0000	0.8816	2.2785	0.0702	4.8627	0.0001	0.0001	0.0000	0.0001	0.0001	0.0000	0.0000	0.0000	0.0000	0.0000	0.0000	0.0000	0.0000	0.0000	0.0000	0.0000	0.0000	0.0000	0.1214	0.1110	0.0104	0.0688	0.0656	0.0032	0.0526	0.0454	0.0072	0.0113	0.0071	0.0042	0.0055	0.0049	0.0006	0.0058	0.0022	0.0036	2.0928	1.4181	9.9066	10.4339	9.7121	0.2237	0.8514	0.2258	12.1734	0.0005	0.0007	0.0002	0.0001	0.0001	0.0000	0.0009	0.0020	0.0002
29	61	0.0352	2	0	0	1	1	0	0	0	0	N	N	N	N	N	N	N	N	N	N	N	N	0.0568	0.0315	2.5768	0.2160	0.2268	24.9281	0.0063	0.0000	1.2119	0.0176	0.0192	0.0037	0.0676	0.0672	0.1324	0.0002	0.0000	0.0017	0.3094	0.6093	0.0014	0.3129	0.2963	0.0053	0.0381	0.8196	0.0014	0.0227	0.1401	-0.0003	-0.0001	0.8816	1.0901	0.0702	7.9319	0.0013	0.0012	0.0000	0.0013	0.0012	0.0000	0.0000	0.0000	0.0000	0.0002	0.0002	0.0000	0.0001	0.0001	0.0000	0.0001	0.0001	0.0000	0.0721	0.0645	0.0077	0.0185	0.0184	0.0001	0.0536	0.0460	0.0076	0.0329	0.0143	0.0185	0.0037	0.0035	0.0002	0.0292	0.0108	0.0183	2.6890	1.4644	2.5768	3.5138	3.3689	34.3753	0.0485	0.0000	1.2119	0.0065	0.0131	0.0014	0.0192	0.0199	0.0039	0.0049	0.0109	0.0014
29	64	0.0522	4	0	1	0	1	0	0	0	0	N	N	N	N	N	N	N	N	N	N	N	N	0.0064	0.0032	0.8570	0.0036	0.0040	0.0122	0.1217	0.1704	1.0590	0.0009	0.0008	0.0023	0.0018	0.0018	0.0078	0.0004	0.0002	0.0022	0.1468	0.2608	0.0026	0.5107	0.4526	0.6393	0.0035	0.0010	0.0020	0.2564	0.5217	-0.0000	-0.0000	0.8816	0.2944	0.0702	1.0083	0.0000	0.0000	0.0000	0.0000	0.0000	0.0000	0.0000	0.0000	0.0000	0.0000	0.0000	0.0000	0.0000	0.0000	0.0000	0.0000	0.0000	0.0000	0.0323	0.0296	0.0028	0.0118	0.0117	0.0000	0.0205	0.0178	0.0027	0.0048	0.0021	0.0027	0.0005	0.0005	0.0000	0.0043	0.0017	0.0026	0.2221	0.1311	0.8570	0.0568	0.0615	0.0445	0.3415	12.5723	1.0590	0.0043	0.0063	0.0026	0.0325	0.0297	0.1753	0.0013	0.0000	0.0020
29	65	0.0315	3	0	0	0	1	0	0	0	0	N	N	N	N	N	N	N	N	N	N	N	N	1.0358	0.0002	836.2765	0.0000	0.0000	0.0000	236.5058	0.0476	836.4342	0.6104	0.0002	1.5125	0.0000	0.0000	0.0000	1.0828	0.0006	1.5131	0.5893	1.0022	0.0018	1.5367	1.4954	0.0018	0.0046	0.0119	0.0018	6609.5823	0.0746	0.1295	-0.0001	0.8816	1.1351	0.0702	2.0429	0.1751	0.0000	0.1750	0.0000	0.0000	0.0000	0.1751	0.0000	0.1750	0.0002	0.0002	0.0000	0.0002	0.0002	0.0000	0.0000	0.0000	0.0000	0.2868	0.1711	0.1157	0.1251	0.1251	0.0000	0.1617	0.0460	0.1157	0.0125	0.0056	0.0070	0.0015	0.0014	0.0000	0.0111	0.0042	0.0069	42.2646	0.0051	836.2765	0.0000	0.0000	0.0000	785.3459	0.8613	836.4342	0.0144	0.0302	0.0018	0.1140	0.1150	0.0016	0.0014	0.0007	0.0018
29	66	0.0153	2	0	0	0	1	0	0	0	0	N	N	N	N	N	N	N	N	N	N	N	N	0.5505	0.3372	21.7453	0.3017	0.2999	0.0089	5.6721	0.0000	66.4735	0.7680	0.6935	0.8628	0.8279	0.8280	0.0022	0.7152	0.0000	0.8630	1.3953	2.0565	0.0397	2.7436	2.7610	0.2483	0.1261	0.0055	0.0130	0.9781	0.0523	0.0470	-0.0016	0.8816	0.4912	0.0702	2.4266	0.2007	0.1015	0.0992	0.1015	0.1015	0.0000	0.0992	0.0000	0.0992	0.0033	0.0031	0.0002	0.0031	0.0031	0.0000	0.0002	0.0000	0.0002	0.2613	0.1463	0.1150	0.1226	0.1225	0.0000	0.1388	0.0238	0.1150	0.0238	0.0112	0.0126	0.0073	0.0073	0.0000	0.0165	0.0039	0.0126	5.5207	2.4721	65.9730	1.9186	1.9151	0.0274	71.8146	0.0000	66.4735	0.1391	0.2805	0.0131	0.4315	0.4324	0.0807	0.0100	0.0003	0.0130
29	68	0.0530	4	1	1	1	1	0	0	0	0	N	N	N	N	N	N	N	N	N	N	N	N	0.0000	0.0000	0.0000	0.0000	0.0000	0.0000	0.0000	0.0000	0.0000	0.0000	0.0000	0.0000	0.0000	0.0000	0.0000	0.0000	0.0000	0.0000	0.0000	0.0000	0.8816	0.0000	0.0702	0.0000	0.0000	0.0000	0.0000	0.0000	0.0000	0.0000	0.0000	0.0000	0.0000	0.0000	0.0000	0.0000	0.0000	0.0000	0.0000	0.0000	0.0000	0.0000	0.0000	0.0000	0.0000	0.0000	0.0000	0.0000	0.0000	0.0000	0.0000	0.0000	0.0000	0.0000	0.0000	0.0000	0.0000	0.0000	0.0000	0.0000	0.0000	0.0000	0.0000	0.0000	0.0000	0.0000	0.0000	0.0000	0.0000	0.0000	0.0000	0.0000	0.0000	0.0000	0.0000	0.0000	0.0000	0.0000											
29	69	0.6957	10	1	1	1	1	0	0	0	0	N	N	N	N	N	N	N	N	N	N	N	N	0.0000	0.0000	0.0000	0.0000	0.0000	0.0000	0.0000	0.0000	0.0000	0.0000	0.0000	0.0000	0.0000	0.0000	0.0000	0.0000	0.0000	0.0000	0.0000	0.0000	0.8816	1.0000	0.0702	0.0000	0.0000	0.0000	0.0000	0.0000	0.0000	0.0000	0.0000	0.0000	0.0000	0.0000	0.0000	0.0000	0.0000	0.0000	0.0000	0.0000	0.0000	0.0000	0.0396	0.0365	0.0031	0.0315	0.0296	0.0019	0.0081	0.0069	0.0012	0.0016	0.0011	0.0005	0.0009	0.0008	0.0001	0.0007	0.0003	0.0005	0.0000	0.0000	0.0000	0.0000	0.0000	0.0000	0.0000	0.0000	0.0000	0.0000	0.0000	0.0000	0.0000	0.0000	0.0000	0.0000	0.0000	0.0000											
29	70	0.6957	10	1	1	1	1	0	0	0	0	N	N	N	N	N	N	N	N	N	N	N	N	0.0000	0.0000	0.0000	0.0000	0.0000	0.0000	0.0000	0.0000	0.0000	0.0000	0.0000	0.0000	0.0000	0.0000	0.0000	0.0000	0.0000	0.0000	0.0000	0.0000	0.8816	0.0000	0.0702	0.0000	0.0000	0.0000	0.0000	0.0000	0.0000	0.0000	0.0000	0.0000	0.0000	0.0000	0.0000	0.0000	0.0000	0.0000	0.0000	0.0000	0.0000	0.0000	0.0000	0.0000	0.0000	0.0000	0.0000	0.0000	0.0000	0.0000	0.0000	0.0000	0.0000	0.0000	0.0000	0.0000	0.0000	0.0000	0.0000	0.0000	0.0000	0.0000	0.0000	0.0000	0.0000	0.0000	0.0000	0.0000	0.0000	0.0000	0.0000	0.0000	0.0000	0.0000	0.0000	0.0000	0.0000	0.0000											
29	71	0.6734	9	1	1	1	1	0	0	0	0	N	N	N	N	N	N	N	N	N	N	N	N	inf	inf	inf	inf	3.2156	3.4920	0.0000	4.1092	4.3772	0.0000	0.0000	0.0000	0.0000	0.0000	0.0000	0.0000	0.0000	0.0000	0.0000	0.0000	0.0000	0.0000	0.0000	-0.0620	0.0000	0.8816	2.0000	0.0702	1.0000	0.2382	0.2382	0.0000	0.2382	0.2382	0.0000	0.0000	0.0000	0.0000	0.0000	0.0000	0.0000	0.0000	0.0000	0.0000	0.0000	0.0000	0.0000	0.0741	0.0682	0.0059	0.0580	0.0544	0.0035	0.0161	0.0138	0.0023	0.0048	0.0032	0.0016	0.0026	0.0024	0.0002	0.0021	0.0008	0.0014	inf	inf	0.0000	inf	inf	0.0000	0.0000	0.0000	0.0000	0.0000	0.0000	0.0000	0.0000	0.0000	0.0000	0.0000	0.0000	0.0000						
29	72	0.6504	8	1	0	1	1	0	0	0	0	N	N	N	N	N	N	N	N	N	N	N	N	0.2722	0.1629	0.2537	0.1889	0.2247	0.0000	inf	inf	inf	0.0000	0.0000	0.0000	0.0000	0.0000	0.0000	0.0000	0.0000	0.0000	0.0001	0.0001	0.0000	0.0002	0.0002	0.0000	0.0000	0.0000	0.0000	0.0019	0.2272	-0.0000	-0.0000	0.8816	1.0017	0.0702	2.0007	0.0000	0.0000	0.0000	0.0000	0.0000	0.0000	0.0000	0.0000	0.0000	0.0000	0.0000	0.0000	0.0000	0.0000	0.0000	0.0000	0.0000	0.0000	0.0545	0.0503	0.0042	0.0314	0.0303	0.0012	0.0231	0.0200	0.0031	0.0046	0.0031	0.0015	0.0027	0.0024	0.0003	0.0019	0.0007	0.0012	5.9957	5.4325	0.2537	5.8259	6.4246	0.0000	inf	inf	inf	0.0000	0.0000	0.0000	0.0000	0.0000	0.0000	0.0000	0.0000	0.0000
29	73	0.0723	5	1	1	0	1	0	0	0	0	N	N	N	N	N	N	N	N	N	N	N	N	inf	inf	inf	inf	0.0021	0.0024	0.0000	0.0052	0.0057	0.0000	0.0000	0.0000	0.0000	0.0000	0.0000	0.0000	0.0000	0.0000	0.0000	0.0000	0.0000	0.0000	0.0000	-0.0000	0.0000	0.8816	0.0000	0.0702	0.0000	0.0000	0.0000	0.0000	0.0000	0.0000	0.0000	0.0000	0.0000	0.0000	0.0000	0.0000	0.0000	0.0000	0.0000	0.0000	0.0000	0.0000	0.0000	0.0000	0.0000	0.0000	0.0000	0.0000	0.0000	0.0000	0.0000	0.0000	0.0000	0.0000	0.0000	0.0000	0.0000	0.0000	0.0000	0.0000	0.0000	inf	inf	0.0000	inf	inf	0.0000	0.0000	0.0000	0.0000	0.0000	0.0000	0.0000	0.0000	0.0000	0.0000	0.0000	0.0000	0.0000						
29	74	0.6774	9	1	1	0	1	0	0	0	0	N	N	N	N	N	N	N	N	N	N	N	N	0.0000	0.0000	0.0000	0.0000	0.0000	0.0000	0.0000	0.0000	0.0000	0.0000	0.0000	0.0000	0.0000	0.0000	0.0000	0.0000	0.0000	0.0000	0.0000	0.0000	0.8816	0.0000	0.0702	0.0010	0.0000	0.0000	0.0000	0.0000	0.0000	0.0000	0.0000	0.0000	0.0000	0.0000	0.0000	0.0000	0.0000	0.0000	0.0000	0.0000	0.0000	0.0000	0.0000	0.0000	0.0000	0.0000	0.0000	0.0000	0.0000	0.0000	0.0000	0.0007	0.0006	0.0001	0.0004	0.0004	0.0000	0.0004	0.0002	0.0001	0.0000	0.0000	0.0000	0.0000	0.0000	0.0000	0.0000	0.0000	0.0000	0.0000	0.0000	0.0000	0.0000	0.0000	0.0000	0.0000	0.0000	0.0000											
29	75	0.6665	11	0	1	0	2	0	0	0	0	N	N	N	Y	N	N	N	N	N	N	N	N	0.0000	0.0000	0.0000	0.0000	0.0000	0.0000	0.0000	0.0000	0.0000	0.0000	0.0000	0.0000	0.0000	0.0000	0.0000	0.0000	0.0000	0.0000	0.0000	0.0000	0.8816	0.0000	0.0702	0.0000	0.0000	0.0000	0.0000	0.0000	0.0000	0.0000	0.0000	0.0000	0.0000	0.0000	0.0000	0.0000	0.0000	0.0000	0.0000	0.0000	0.0000	0.0000	0.0000	0.0000	0.0000	0.0000	0.0000	0.0000	0.0000	0.0000	0.0000	0.0000	0.0000	0.0000	0.0000	0.0000	0.0000	0.0000	0.0000	0.0000	0.0000	0.0000	0.0000	0.0000	0.0000	0.0000	0.0000	0.0000	0.0000	0.0000	0.0000	0.0000	0.0000	0.0000	0.0000	0.0000	0.0000	0.0000											
29	76	0.6665	11	0	0	0	2	0	0	0	0	N	N	N	Y	N	N	N	N	N	N	N	N	0.0000	0.0000	0.0000	0.0000	0.0000	0.0000	0.0000	0.0000	0.0000	0.0000	0.0000	0.0000	0.0000	0.0000	0.0000	0.0000	0.0000	0.0000	0.0000	0.0000	0.8816	0.0000	0.0702	0.0000	0.0000	0.0000	0.0000	0.0000	0.0000	0.0000	0.0000	0.0000	0.0000	0.0000	0.0000	0.0000	0.0000	0.0000	0.0000	0.0000	0.0000	0.0000	0.0000	0.0000	0.0000	0.0000	0.0000	0.0000	0.0000	0.0000	0.0000	0.0000	0.0000	0.0000	0.0000	0.0000	0.0000	0.0000	0.0000	0.0000	0.0000	0.0000	0.0000	0.0000	0.0000	0.0000	0.0000	0.0000	0.0000	0.0000	0.0000	0.0000	0.0000	0.0000	0.0000	0.0000	0.0000	0.0000											
29	77	0.6512	10	0	0	0	2	0	0	0	0	N	N	N	Y	N	N	N	N	N	N	N	N	2795.6648	1980.6781	0.0000	2280.5653	2632.2513	0.0000	0.0000	0.0000	0.0000	0.1491	0.1959	0.0000	0.2767	0.2850	0.0000	0.0000	0.0000	0.0000	0.0001	0.0001	0.0000	0.0001	0.0001	0.0000	0.0000	0.0003	0.0000	0.0000	0.4356	-0.0000	-0.0000	0.8816	0.0002	0.0702	2.9297	0.0000	0.0000	0.0000	0.0000	0.0000	0.0000	0.0000	0.0000	0.0000	0.0000	0.0000	0.0000	0.0000	0.0000	0.0000	0.0000	0.0000	0.0000	0.0000	0.0000	0.0000	0.0000	0.0000	0.0000	0.0000	0.0000	0.0000	0.0116	0.0074	0.0041	0.0078	0.0063	0.0015	0.0037	0.0011	0.0026	118864.5031	143903.9738	0.0000	185212.7270	206842.9297	0.0000	0.0000	0.0000	0.0000	0.0000	0.0000	0.0000	0.0000	0.0000	0.0000	0.0000	0.0000	0.0000
29	78	0.6471	9	0	0	0	2	0	0	0	0	N	N	N	Y	N	N	N	N	N	N	N	N	3779.5664	3.0140	1075523.4376	3.8845	4.1485	242280.6465	1423572.8193	0.2660	0.0004	3.1047	0.0006	0.0006	0.0000	0.6282	0.0000	4.5821	0.0001	0.0001	0.0000	0.0002	0.0002	0.0000	0.0000	0.0000	0.0000	761.5168	0.5895	0.0000	-0.0000	0.8816	0.0003	0.0702	2.1916	0.0000	0.0000	0.0000	0.0000	0.0000	0.0000	0.0000	0.0000	0.0000	0.0000	0.0000	0.0000	0.0000	0.0000	0.0000	0.0000	0.0000	0.0000	0.0000	0.0000	0.0000	0.0000	0.0000	0.0000	0.0000	0.0000	0.0000	0.0049	0.0030	0.0019	0.0024	0.0022	0.0002	0.0025	0.0008	0.0017	86232.9750	118.6725	1075523.4376	167.8603	146.2130	0.0000	242280.6465	0.0000	1423572.8193	0.0000	0.0000	0.0000	0.0000	0.0000	0.0000	0.0000	0.0000	0.0000		
29	79	0.6393	8	0	0	0	1	0	0	0	0	N	N	N	N	N	N	N	N	N	N	N	N	inf	inf	inf	inf	0.0047	0.0051	0.0000	0.0069	0.0075	0.0000	0.0000	0.0000	0.0000	0.0000	0.0000	0.0000	0.0000	0.0000	0.0000	0.0000	0.0000	0.0000	0.0000	-0.0000	-0.0000	0.8816	0.2782	0.0702	1.3600	0.0001	0.0001	0.0000	0.0001	0.0001	0.0000	0.0000	0.0000	0.0000	0.0000	0.0000	0.0000	0.0000	0.0000	0.0000	0.0000	0.0000	0.0000	0.0204	0.0186	0.0019	0.0137	0.0128	0.0009	0.0067	0.0058	0.0009	0.0027	0.0017	0.0010	0.0013	0.0012	0.0001	0.0014	0.0005	0.0009	inf	inf	0.0000	inf	inf	0.0000	0.0000	0.0000	0.0000	0.0000	0.0000	0.0000	0.0000	0.0000	0.0000	0.0000	0.0000	0.0000						
29	80	0.6830	10	0	1	1	1	0	0	0	0	N	N	N	N	N	N	N	N	N	N	N	N	0.0038	0.0130	0.0828	0.1016	0.0651	inf	0.0037	inf	0.0388	0.0015	0.0011	0.0051	0.0020	0.0013	0.0275	0.0009	0.0009	0.0012	0.3939	0.0835	0.0622	0.0196	0.0193	0.0000	0.2496	0.0000	0.0304	0.5288	1.7340	0.0000	0.0000	0.8816	0.0029	0.0702	2.0135	0.0000	0.0000	0.0000	0.0000	0.0000	0.0000	0.0000	0.0000	0.0000	0.0000	0.0000	0.0000	0.0000	0.0000	0.0000	0.0000	0.0000	0.0000	0.0002	0.0002	0.0000	0.0001	0.0001	0.0000	0.0001	0.0001	0.0000	0.0043	0.0031	0.0012	0.0028	0.0026	0.0002	0.0014	0.0005	0.0010	0.1786	0.2570	0.2677	0.4301	0.2520	inf	0.0583	inf	0.0511	0.0084	0.0042	0.0192	0.0046	0.0050	0.0000	0.0157	0.0000	0.0230
29	81	0.6764	9	0	1	0	1	0	0	0	0	N	N	N	N	N	N	N	N	N	N	N	N	0.0168	0.0440	0.4427	0.0063	0.0185	0.0011	0.5106	0.2504	1.9493	0.0005	0.0004	0.0019	0.0001	0.0001	0.0000	0.0013	0.0010	0.0029	0.0318	0.0092	0.0043	0.0120	0.0042	0.0408	0.0026	0.0042	0.0015	0.4467	1.3106	0.0000	0.0000	0.8816	0.6188	0.0702	0.9475	0.0000	0.0000	0.0000	0.0000	0.0000	0.0000	0.0000	0.0000	0.0000	0.0000	0.0000	0.0000	0.0000	0.0000	0.0000	0.0000	0.0000	0.0000	0.0495	0.0452	0.0043	0.0314	0.0299	0.0015	0.0181	0.0153	0.0028	0.0030	0.0020	0.0010	0.0018	0.0016	0.0002	0.0012	0.0004	0.0008	0.2237	0.2609	0.4690	0.0231	0.0415	0.0026	1.2109	5.1256	1.9493	0.0024	0.0016	0.0041	0.0033	0.0019	0.0178	0.0011	0.0002	0.0015
29	82	0.0754	5	0	1	1	1	0	0	0	0	N	N	N	N	N	N	N	N	N	N	N	N	0.0000	0.0000	0.0000	0.0000	0.0000	0.0000	0.0000	0.0000	0.0000	0.0000	0.0000	0.0000	0.0000	0.4891	0.0000	0.0581	0.0000	0.0000	0.0000	0.1797	0.0000	0.0211	inf	0.0000	0.0000	0.8816	0.0000	0.0702	1.0000	0.0000	0.0000	0.0000	0.0000	0.0000	0.0000	0.0000	0.0000	0.0000	0.0000	0.0000	0.0000	0.0000	0.0000	0.0000	0.0000	0.0000	0.0000	0.0000	0.0000	0.0000	0.0000	0.0000	0.0000	0.0000	0.0000	0.0000	0.0027	0.0011	0.0017	0.0002	0.0002	0.0000	0.0025	0.0009	0.0016	0.0000	0.0000	0.0000	0.0000	0.0000	0.0000	0.0000	0.0000	0.0000	0.0110	0.0000	0.0182	0.0000	0.0000	0.0000	0.0118	0.0000	0.0182						
29	83	0.6504	8	1	0	1	1	0	0	0	0	N	N	N	N	N	N	N	N	N	N	N	N	19.4687	15.4176	0.1294	68.8234	70.9938	0.0000	inf	inf	inf	0.6095	0.6619	0.0000	1.1062	1.1482	0.0000	0.0001	0.0001	0.0000	0.0313	0.0429	0.0000	0.0161	0.0162	0.0000	0.0000	0.0000	0.0000	0.0000	0.0001	-0.0620	-0.0000	0.8816	9.0001	0.0702	3.0001	0.2382	0.2382	0.0000	0.2382	0.2382	0.0000	0.0000	0.0000	0.0000	0.0000	0.0000	0.0000	0.0000	0.0000	0.0000	0.0000	0.0000	0.0000	0.3909	0.3599	0.0309	0.2153	0.2075	0.0079	0.1755	0.1524	0.0231	0.0171	0.0116	0.0055	0.0099	0.0089	0.0010	0.0071	0.0027	0.0044	255.3897	188.7831	0.1294	269.6815	250.8547	0.0000	inf	inf	inf	0.0024	0.0035	0.0000	0.0041	0.0046	0.0000	0.0000	0.0000	0.0000
29	84	0.0530	4	1	0	1	1	0	0	0	0	N	N	N	N	N	N	N	N	N	N	N	N	inf	inf	inf	inf	inf	inf	0.0006	0.0003	0.0027	0.0000	0.0000	0.0000	0.0006	0.0004	0.0027	0.0000	0.0000	0.0000	0.0000	0.0000	0.0000	0.0000	0.0000	0.0000	1.0000	0.0000	0.0000	0.8816	4.0000	0.0702	0.0000	0.0001	0.0000	0.0000	0.0000	0.0000	0.0000	0.0001	0.0000	0.0000	0.0000	0.0000	0.0000	0.0000	0.0000	0.0000	0.0000	0.0000	0.0000	0.0976	0.0864	0.0112	0.0032	0.0030	0.0002	0.0944	0.0834	0.0110	0.0106	0.0051	0.0055	0.0029	0.0026	0.0003	0.0076	0.0025	0.0051	inf	inf	inf	0.0000	0.0000	0.0000	inf	inf	inf	0.0000	0.0000	0.0000	0.0000	0.0000	0.0000	0.0000	0.0000	0.0000				
29	85	0.0991	5	1	1	0	1	0	0	0	0	N	N	N	N	N	N	N	N	N	N	N	N	84.2031	0.0161	4912.3717	0.8882	0.0580	224.8119	1893.0140	0.0000	6304.3912	0.1525	0.0000	0.6363	0.0022	0.0001	0.1644	0.2270	0.0000	0.6445	0.0018	0.0029	0.0001	0.0024	0.0019	0.0007	0.0001	0.0003	0.0001	4311.2837	0.1522	0.0075	-0.0000	0.8816	1.0086	0.0702	1.7435	0.0102	0.0000	0.0102	0.0000	0.0000	0.0000	0.0101	0.0000	0.0101	0.0000	0.0000	0.0000	0.0000	0.0000	0.0000	0.0000	0.0000	0.0000	0.0668	0.0508	0.0160	0.0221	0.0219	0.0003	0.0447	0.0289	0.0157	0.0208	0.0109	0.0099	0.0089	0.0084	0.0005	0.0119	0.0025	0.0094	325.8506	0.0599	4912.3717	2.1894	0.1075	266.0555	2794.8583	0.0000	6304.3912	0.0005	0.0008	0.0001	0.0010	0.0010	0.0006	0.0001	0.0000	0.0001
29	86	0.0530	4	1	1	0	1	0	0	0	0	N	N	N	N	N	N	N	N	N	N	N	N	0.0000	0.0000	0.0000	0.0000	0.0000	0.0000	0.0000	0.0000	0.0000	0.0001	0.0001	0.0000	0.0000	0.0000	0.0000	0.0001	0.0001	0.0000	1.8595	2.2939	2.1823	3.3345	3.2740	0.2872	1.7931	2.2355	0.8730	0.0022	1.1141	-0.0000	0.0000	0.8816	1.0165	0.0702	4.1395	0.0000	0.0000	0.0000	0.0000	0.0000	0.0000	0.0000	0.0000	0.0000	0.0056	0.0027	0.0030	0.0025	0.0024	0.0000	0.0031	0.0002	0.0029	0.0280	0.0247	0.0033	0.0009	0.0008	0.0001	0.0271	0.0239	0.0032	0.0133	0.0064	0.0069	0.0037	0.0032	0.0004	0.0096	0.0032	0.0064	0.0002	0.0002	0.0000	0.0000	0.0000	0.0000	0.0003	0.0014	0.0000	0.4242	0.4154	0.4325	0.6795	0.7545	0.0959	0.3271	0.0687	0.4542
29	87	0.6092	7	1	1	0	1	0	0	0	0	N	N	N	N	N	N	N	N	N	N	N	N	0.2207	0.1809	0.0052	0.2184	0.2172	0.0000	0.0003	0.0001	0.0174	0.6129	0.6689	0.0006	1.1358	1.1828	0.0000	0.0008	0.0008	0.0008	2.7767	3.6973	0.1176	5.2002	5.4453	0.0097	3.0684	6.9512	0.0472	0.0001	0.0053	-0.0622	-0.0253	0.8816	9.0005	0.0702	5.0000	0.2391	0.2391	0.0000	0.2390	0.2390	0.0000	0.0001	0.0001	0.0000	0.0491	0.0488	0.0003	0.0278	0.0278	0.0000	0.0213	0.0210	0.0003	0.3902	0.3575	0.0327	0.2104	0.2021	0.0084	0.1797	0.1554	0.0243	0.0207	0.0132	0.0075	0.0103	0.0092	0.0012	0.0103	0.0040	0.0063	0.2581	0.1809	0.0176	0.4226	0.3899	0.0000	0.0004	0.0001	0.0204	2.3747	3.6973	0.0348	2.6875	3.0334	0.0062	2.0617	5.1987	0.0402
29	88	0.0754	5	0	1	0	1	0	0	0	0	N	N	N	N	N	N	N	N	N	N	N	N	0.0000	0.0000	0.0000	0.0000	0.0000	0.0000	0.0000	0.0000	0.0000	0.0000	0.0000	0.0000	0.0000	0.0000	0.0000	0.0000	0.0000	0.0000	0.0000	0.0000	0.8816	0.0000	0.0702	0.0000	0.0000	0.0000	0.0000	0.0000	0.0000	0.0000	0.0000	0.0000	0.0000	0.0000	0.0000	0.0000	0.0000	0.0000	0.0000	0.0000	0.0000	0.0000	0.0000	0.0000	0.0000	0.0000	0.0000	0.0000	0.0000	0.0000	0.0000	0.0000	0.0000	0.0000	0.0000	0.0000	0.0000	0.0000	0.0000	0.0000	0.0000	0.0000	0.0000	0.0000	0.0000	0.0000	0.0000	0.0000	0.0000	0.0000	0.0000	0.0000	0.0000	0.0000	0.0000	0.0000	0.0000	0.0000											
29	89	0.6764	9	0	1	0	1	0	0	0	0	N	N	N	N	N	N	N	N	N	N	N	N	0.0000	0.0000	0.0000	0.0000	0.0000	0.0000	0.0000	0.0000	0.0000	0.0000	0.0000	0.0000	0.0000	0.0000	0.0000	0.0000	0.0000	0.0001	0.0002	0.0000	0.0001	0.0001	0.0000	0.0001	0.0026	0.0000	0.1703	0.0000	-0.0000	0.8816	1.9953	0.0702	1.0817	0.0000	0.0000	0.0000	0.0000	0.0000	0.0000	0.0000	0.0000	0.0000	0.0000	0.0000	0.0000	0.0000	0.0000	0.0000	0.0000	0.0000	0.0000	0.1167	0.1072	0.0095	0.0685	0.0657	0.0028	0.0482	0.0415	0.0067	0.0052	0.0035	0.0016	0.0031	0.0028	0.0003	0.0021	0.0007	0.0013	0.0000	0.0000	0.0000	0.0000	0.0000	0.0000	0.0000	0.0000	0.0000	0.0000	0.0000	0.0000	0.0000	0.0000	0.0000	0.0000	0.0001	0.0000		
29	90	0.6504	8	0	1	0	1	0	0	0	0	N	N	N	N	N	N	N	N	N	N	N	N	0.0012	0.0008	0.1375	0.0137	0.0150	0.1324	0.0034	0.0006	0.2668	0.0007	0.0006	0.0017	0.0001	0.0001	0.0000	0.0015	0.0014	0.0023	0.6100	0.8108	0.0120	0.0082	0.0078	0.0000	0.4447	2.2849	0.0085	0.2242	0.1676	-0.0000	-0.0001	0.8816	2.3999	0.0702	4.0713	0.0001	0.0001	0.0000	0.0000	0.0000	0.0000	0.0001	0.0001	0.0000	0.0001	0.0001	0.0000	0.0000	0.0000	0.0000	0.0001	0.0001	0.0000	0.1251	0.1153	0.0098	0.0715	0.0688	0.0026	0.0536	0.0465	0.0071	0.0096	0.0066	0.0031	0.0056	0.0050	0.0006	0.0040	0.0015	0.0025	0.0460	0.0324	0.2395	0.0447	0.0416	0.1324	0.0450	0.0188	0.2668	0.0153	0.0192	0.0069	0.0025	0.0028	0.0000	0.0331	0.0733	0.0085
29	91	0.6714	9	0	0	1	1	0	0	0	0	N	N	N	N	N	N	N	N	N	N	N	N	0.0000	0.0000	0.0000	0.0000	0.0000	0.0000	0.0000	0.0000	0.0000	0.0000	0.0000	0.0000	0.0000	0.0000	0.0000	0.0000	0.0000	0.0000	0.0000	0.0000	0.8816	0.0000	0.0702	0.0000	0.0000	0.0000	0.0000	0.0000	0.0000	0.0000	0.0000	0.0000	0.0000	0.0000	0.0000	0.0000	0.0000	0.0000	0.0000	0.0000	0.0000	0.0000	0.0000	0.0000	0.0000	0.0000	0.0000	0.0000	0.0000	0.0000	0.0000	0.0000	0.0000	0.0000	0.0000	0.0000	0.0000	0.0000	0.0000	0.0000	0.0000	0.0000	0.0000	0.0000	0.0000	0.0000	0.0000	0.0000	0.0000	0.0000	0.0000	0.0000	0.0000	0.0000	0.0000	0.0000	0.0000	0.0000											
29	92	0.6393	8	0	0	1	1	0	0	0	0	N	N	N	N	N	N	N	N	N	N	N	N	inf	inf	inf	inf	inf	inf	inf	inf	1.2756	1.3920	0.0207	2.2935	2.3952	0.0723	0.0002	0.0003	0.0000	0.0000	0.0000	0.0000	0.0000	0.0000	0.0000	0.0000	0.0000	0.0000	0.0014	-0.0619	0.0000	0.8816	3.7221	0.0702	2.9993	0.2392	0.2388	0.0003	0.2391	0.2388	0.0003	0.0000	0.0000	0.0000	0.0000	0.0000	0.0000	0.0000	0.0000	0.0000	0.0000	0.0000	0.0000	0.1875	0.1716	0.0159	0.1043	0.0997	0.0046	0.0832	0.0719	0.0113	0.0107	0.0067	0.0040	0.0052	0.0046	0.0006	0.0055	0.0021	0.0034	inf	inf	inf	inf	inf	inf	inf	inf	0.0000	0.0000	0.0000	0.0000	0.0000	0.0000	0.0000	0.0000	0.0000	0.0000		
29	93	0.6092	7	0	0	0	1	0	0	0	0	N	N	N	N	N	N	N	N	N	N	N	N	inf	inf	inf	inf	inf	inf	0.0013	0.0014	0.0000	0.0017	0.0018	0.0000	0.0007	0.0008	0.0000	0.0000	0.0000	0.0000	0.0000	0.0000	0.0000	0.0000	0.0000	0.0000	0.0000	-0.0000	0.0000	0.8816	2.7217	0.0702	3.0458	0.0002	0.0002	0.0000	0.0001	0.0001	0.0000	0.0000	0.0000	0.0000	0.0000	0.0000	0.0000	0.0000	0.0000	0.0000	0.0000	0.0000	0.0000	0.1387	0.1271	0.0117	0.0768	0.0737	0.0032	0.0619	0.0534	0.0085	0.0091	0.0058	0.0033	0.0045	0.0040	0.0005	0.0046	0.0018	0.0028	inf	inf	0.0000	inf	inf	0.0000	inf	inf	0.0000	0.0000	0.0000	0.0000	0.0000	0.0000	0.0000	0.0000	0.0000	0.0000				
29	94	0.6667	9	1	1	0	1	0	0	0	0	N	N	N	N	N	N	N	N	N	N	N	N	0.0001	0.0000	0.0044	0.0001	0.0000	0.2698	0.0000	0.0000	0.0000	0.0002	0.0001	0.0005	0.0003	0.0002	0.0019	0.0000	0.0000	0.0000	3.3337	4.6907	0.1179	5.3757	5.6728	0.0070	3.9746	8.5371	0.0524	0.2857	0.0031	-0.0000	-0.0254	0.8816	5.9980	0.0702	4.9575	0.0000	0.0000	0.0000	0.0000	0.0000	0.0000	0.0000	0.0000	0.0000	0.0490	0.0489	0.0001	0.0278	0.0278	0.0000	0.0213	0.0211	0.0001	0.2835	0.2620	0.0215	0.1635	0.1577	0.0059	0.1200	0.1044	0.0156	0.0147	0.0104	0.0043	0.0089	0.0079	0.0009	0.0058	0.0025	0.0033	0.0001	0.0000	0.0147	0.0001	0.0001	0.4205	0.0000	0.0000	0.0000	3.3337	4.6907	0.0350	3.1302	3.5042	0.0045	3.6425	8.4468	0.0436
29	95	0.0754	5	1	1	0	1	0	0	0	0	N	N	N	N	N	N	N	N	N	N	N	N	0.0000	0.0000	0.0000	0.0000	0.0000	0.0000	0.0000	0.0000	0.0000	0.0000	0.0000	0.0000	0.0000	0.0000	0.0000	0.0000	0.0000	0.0000	0.0000	0.0000	0.8816	0.0000	0.0702	2.0000	0.0000	0.0000	0.0000	0.0000	0.0000	0.0000	0.0000	0.0000	0.0000	0.0000	0.0000	0.0000	0.0000	0.0000	0.0000	0.0000	0.0000	0.0000	0.0000	0.0000	0.0000	0.0000	0.0000	0.0000	0.0000	0.0000	0.0000	0.0054	0.0021	0.0032	0.0004	0.0004	0.0000	0.0050	0.0018	0.0032	0.0000	0.0000	0.0000	0.0000	0.0000	0.0000	0.0000	0.0000	0.0000	0.0000	0.0000	0.0000	0.0000	0.0000	0.0000	0.0000	0.0000	0.0000											
29	96	0.0530	4	0	1	0	1	0	0	0	0	N	N	N	N	N	N	N	N	N	N	N	N	inf	inf	inf	inf	inf	inf	0.0006	0.0003	0.0027	0.0000	0.0000	0.0000	0.0006	0.0004	0.0027	0.0000	0.0000	0.0000	0.0000	0.0000	0.0000	0.0000	0.0000	0.0000	1.0000	0.0000	0.0000	0.8816	4.0000	0.0702	0.0000	0.0001	0.0000	0.0000	0.0000	0.0000	0.0000	0.0001	0.0000	0.0000	0.0000	0.0000	0.0000	0.0000	0.0000	0.0000	0.0000	0.0000	0.0000	0.0976	0.0864	0.0112	0.0032	0.0030	0.0002	0.0944	0.0834	0.0110	0.0106	0.0051	0.0055	0.0029	0.0026	0.0003	0.0076	0.0025	0.0051	inf	inf	inf	0.0000	0.0000	0.0000	inf	inf	inf	0.0000	0.0000	0.0000	0.0000	0.0000	0.0000	0.0000	0.0000	0.0000				
29	97	0.6092	7	0	0	0	1	0	0	0	0	N	N	N	N	N	N	N	N	N	N	N	N	inf	inf	inf	inf	inf	inf	inf	inf	0.0006	0.0002	0.0048	0.0001	0.0001	0.0000	0.0011	0.0003	0.0066	0.0000	0.0000	0.0000	0.0000	0.0000	0.0000	0.0000	0.0000	0.0000	2.6668	0.0001	0.0000	0.8816	3.9994	0.0702	4.0000	0.0001	0.0000	0.0001	0.0000	0.0000	0.0000	0.0001	0.0000	0.0001	0.0000	0.0000	0.0000	0.0000	0.0000	0.0000	0.0000	0.0000	0.0000	0.1969	0.1804	0.0165	0.1084	0.1040	0.0045	0.0885	0.0764	0.0121	0.0124	0.0079	0.0045	0.0062	0.0055	0.0007	0.0062	0.0025	0.0038	inf	inf	inf	inf	inf	0.0000	inf	inf	inf	0.0000	0.0000	0.0000	0.0000	0.0000	0.0000	0.0000	0.0000	0.0000		
29	98	0.0530	4	0	0	0	1	0	0	0	0	N	N	N	N	N	N	N	N	N	N	N	N	0.0000	0.0000	0.0000	0.0000	0.0000	0.0000	0.0000	0.0000	0.0000	0.0000	0.0000	0.0000	0.0000	0.0000	0.0000	0.0000	0.0000	0.0000	0.0000	0.0000	0.8816	1.0000	0.0702	0.0000	0.0000	0.0000	0.0000	0.0000	0.0000	0.0000	0.0000	0.0000	0.0000	0.0000	0.0000	0.0000	0.0000	0.0000	0.0000	0.0000	0.0000	0.0000	0.0491	0.0433	0.0057	0.0016	0.0015	0.0001	0.0475	0.0419	0.0056	0.0051	0.0025	0.0026	0.0014	0.0013	0.0002	0.0037	0.0012	0.0025	0.0000	0.0000	0.0000	0.0000	0.0000	0.0000	0.0000	0.0000	0.0000	0.0000	0.0000	0.0000	0.0000	0.0000	0.0000	0.0000	0.0000	0.0000											
29	99	0.4982	6	0	0	0	1	0	0	0	0	N	N	N	N	N	N	N	N	N	N	N	N	2.2291	2.3599	0.0000	0.0087	0.0139	0.0000	176.3631	10848.8652	0.0000	0.6289	0.7889	0.0000	0.0012	0.0016	0.0000	2.2969	2.4231	0.0000	0.2821	0.3343	0.0048	0.1318	0.1113	0.0218	0.0130	0.0002	0.0038	0.0000	0.3984	-0.0499	-0.0000	0.8816	1.5982	0.0702	11.1970	0.1919	0.1919	0.0000	0.0003	0.0003	0.0000	0.1916	0.1916	0.0000	0.0002	0.0001	0.0000	0.0001	0.0001	0.0000	0.0000	0.0000	0.0000	0.3051	0.2432	0.0619	0.2217	0.1642	0.0575	0.0834	0.0791	0.0043	0.0266	0.0160	0.0106	0.0113	0.0104	0.0010	0.0152	0.0056	0.0096	101.6408	107.4483	0.0000	0.1017	0.1370	0.0000	965.9559	4021062.6181	0.0000	0.0062	0.0073	0.0044	0.0113	0.0113	0.0110	0.0024	0.0000	0.0038
29	100	0.6682	10	1	1	1	1	0	0	0	0	N	N	N	N	N	N	N	N	N	N	N	N	0.0000	0.0000	0.0000	0.0000	0.0000	0.0000	0.0000	0.0000	0.0000	0.0000	0.0000	0.0000	0.0000	0.0000	0.0000	0.0000	0.0000	1.2493	0.9672	0.9727	0.1189	0.1259	0.0000	1.5225	2.3215	0.5259	3.6668	0.0000	0.0000	0.8816	0.0000	0.0702	0.9982	0.0000	0.0000	0.0000	0.0000	0.0000	0.0000	0.0000	0.0000	0.0000	0.0001	0.0000	0.0001	0.0000	0.0000	0.0000	0.0001	0.0000	0.0001	0.0037	0.0033	0.0004	0.0030	0.0028	0.0002	0.0007	0.0005	0.0001	0.0015	0.0011	0.0004	0.0009	0.0008	0.0001	0.0006	0.0003	0.0003	0.0000	0.0000	0.0000	0.0000	0.0000	0.0000	0.0000	0.0000	0.0000	0.0926	0.0279	0.2519	0.0109	0.0122	0.0000	0.2196	0.0778	0.3284		
29	101	0.0878	7	1	1	1	1	0	0	0	0	N	N	N	N	N	N	N	N	N	N	N	N	0.0000	0.0000	0.0000	0.0000	0.0000	0.0000	0.0000	0.0000	0.0000	0.0000	0.0000	0.0000	0.0000	0.0000	0.0000	0.0000	0.0000	0.0000	0.0000	0.0000	0.8816	0.0000	0.0702	0.0000	0.0000	0.0000	0.0000	0.0000	0.0000	0.0000	0.0000	0.0000	0.0000	0.0000	0.0000	0.0000	0.0000	0.0000	0.0000	0.0000	0.0000	0.0000	0.0000	0.0000	0.0000	0.0000	0.0000	0.0000	0.0000	0.0000	0.0000	0.0000	0.0000	0.0000	0.0000	0.0000	0.0000	0.0000	0.0000	0.0000	0.0000	0.0000	0.0000	0.0000	0.0000	0.0000	0.0000	0.0000	0.0000	0.0000	0.0000	0.0000	0.0000	0.0000	0.0000	0.0000	0.0000	0.0000											
29	102	0.0878	6	1	0	1	1	0	0	0	0	N	N	N	N	N	N	N	N	N	N	N	N	0.0000	0.0000	0.0000	0.0000	0.0000	0.0000	0.0000	0.0000	0.0000	0.0000	0.0000	0.0000	0.0000	0.0000	0.0000	0.0000	0.0000	0.0000	0.0000	0.0000	0.8816	0.0000	0.0702	0.0000	0.0000	0.0000	0.0000	0.0000	0.0000	0.0000	0.0000	0.0000	0.0000	0.0000	0.0000	0.0000	0.0000	0.0000	0.0000	0.0000	0.0000	0.0000	0.0000	0.0000	0.0000	0.0000	0.0000	0.0000	0.0000	0.0000	0.0000	0.0000	0.0000	0.0000	0.0000	0.0000	0.0000	0.0000	0.0000	0.0000	0.0000	0.0000	0.0000	0.0000	0.0000	0.0000	0.0000	0.0000	0.0000	0.0000	0.0000	0.0000	0.0000	0.0000	0.0000	0.0000	0.0000	0.0000											
29	103	0.0817	5	1	0	1	1	0	0	0	0	N	N	N	N	N	N	N	N	N	N	N	N	0.0000	0.0000	0.0000	0.0000	0.0000	0.0000	0.0000	0.0000	0.0000	0.0000	0.0000	0.0000	0.0000	0.0000	0.0000	0.0000	0.0000	0.0000	0.0000	0.0000	0.8816	0.0000	0.0702	1.0091	0.0000	0.0000	0.0000	0.0000	0.0000	0.0000	0.0000	0.0000	0.0000	0.0000	0.0000	0.0000	0.0000	0.0000	0.0000	0.0000	0.0000	0.0000	0.0000	0.0000	0.0000	0.0000	0.0000	0.0000	0.0000	0.0000	0.0000	0.0028	0.0011	0.0017	0.0002	0.0002	0.0000	0.0026	0.0009	0.0017	0.0000	0.0000	0.0000	0.0000	0.0000	0.0000	0.0000	0.0000	0.0000	0.0000	0.0000	0.0000	0.0000	0.0000	0.0000	0.0000	0.0000	0.0000											
29	104	0.6092	7	0	1	0	1	0	0	0	0	N	N	N	N	N	N	N	N	N	N	N	N	inf	inf	inf	inf	inf	inf	inf	inf	inf	0.0031	0.0024	0.0101	0.0050	0.0041	0.0260	0.0008	0.0002	0.0045	0.0000	0.0000	0.0000	0.0000	0.0000	0.0000	0.0000	0.0000	0.0000	0.3798	0.0000	0.0000	0.8816	7.9994	0.0702	4.0001	0.0011	0.0008	0.0003	0.0010	0.0008	0.0002	0.0001	0.0000	0.0001	0.0000	0.0000	0.0000	0.0000	0.0000	0.0000	0.0000	0.0000	0.0000	0.3554	0.3256	0.0298	0.1924	0.1847	0.0077	0.1630	0.1409	0.0221	0.0180	0.0115	0.0065	0.0090	0.0080	0.0010	0.0090	0.0035	0.0055	inf	inf	inf	inf	inf	inf	inf	inf	inf	0.0000	0.0000	0.0000	0.0000	0.0000	0.0000	0.0000	0.0000	0.0000	
29	105	0.6716	11	1	0	1	1	0	0	0	0	N	N	N	N	N	N	N	N	N	N	N	N	0.0008	0.0006	0.0041	0.0042	0.0000	0.0000	0.0001	0.0001	0.0000	0.0001	0.0001	0.0000	0.0000	0.0000	0.0000	0.0975	0.1278	0.0000	0.0315	0.0321	0.0000	0.0000	0.0005	0.0000	0.0000	0.0000	-0.0000	-0.0000	0.8816	1.0000	0.0702	1.0005	0.0000	0.0000	0.0000	0.0000	0.0000	0.0000	0.0000	0.0000	0.0000	0.0000	0.0000	0.0000	0.0000	0.0000	0.0000	0.0000	0.0000	0.0000	0.0540	0.0499	0.0041	0.0317	0.0306	0.0011	0.0223	0.0193	0.0029	0.0029	0.0020	0.0008	0.0017	0.0016	0.0002	0.0011	0.0005	0.0006	0.0218	0.0168	0.0000	0.0225	0.0209	0.0000	0.0000	0.0000	0.0000	0.0035	0.0049	0.0000	0.0058	0.0064	0.0000	0.0000	0.0000	0.0000			
29	106	0.6682	10	1	0	1	1	0	0	0	0	N	N	N	N	N	N	N	N	N	N	N	N	0.0218	0.0296	0.0100	0.0284	0.0697	0.0000	3.2142	24.1856	0.7041	0.0148	0.0159	0.0012	0.0137	0.0142	0.0000	0.0165	0.0188	0.0018	0.6787	0.5381	0.1238	0.4804	0.2042	0.4740	0.0051	0.0008	0.0026	0.0065	1.2737	-0.0002	0.0000	0.8816	0.7249	0.0702	0.0368	0.0006	0.0006	0.0000	0.0004	0.0004	0.0000	0.0003	0.0003	0.0000	0.0000	0.0000	0.0000	0.0000	0.0000	0.0000	0.0000	0.0000	0.0000	0.0430	0.0397	0.0033	0.0261	0.0251	0.0010	0.0169	0.0146	0.0023	0.0012	0.0008	0.0003	0.0007	0.0006	0.0001	0.0005	0.0002	0.0003	0.7896	1.3744	0.0342	0.4590	0.9356	0.0000	11.3037	2287.1190	0.7041	0.0187	0.0116	0.0363	0.0298	0.0152	0.1444	0.0015	0.0000	0.0026
29	107	0.6667	9	1	0	1	1	0	0	0	0	N	N	N	N	N	N	N	N	N	N	N	N	0.0104	0.0093	0.0187	0.0092	0.0140	0.0123	0.0309	0.0069	0.0003	0.0116	0.0122	0.0040	0.0108	0.0107	0.0119	0.0130	0.0149	0.0000	1.1123	1.3085	0.2149	1.1718	0.7669	0.9635	0.4192	2.1628	0.0092	0.0260	0.5151	-0.0001	-0.0000	0.8816	0.4159	0.0702	0.0887	0.0003	0.0003	0.0000	0.0002	0.0002	0.0000	0.0001	0.0001	0.0000	0.0001	0.0000	0.0000	0.0000	0.0000	0.0000	0.0000	0.0000	0.0000	0.0260	0.0241	0.0019	0.0165	0.0159	0.0006	0.0095	0.0083	0.0012	0.0009	0.0006	0.0002	0.0005	0.0005	0.0001	0.0003	0.0002	0.0002	0.1921	0.2204	0.0550	0.1365	0.1957	0.0456	0.4148	0.2651	0.0003	0.0602	0.0551	0.0732	0.0788	0.0548	0.2602	0.0312	0.0563	0.0092
29	108	0.6504	8	1	0	0	1	0	0	0	0	N	N	N	N	N	N	N	N	N	N	N	N	0.0050	0.0038	0.7596	0.0132	0.0138	0.0000	0.0433	0.0018	0.8443	0.0007	0.0007	0.0003	0.0002	0.0002	0.0000	0.0013	0.0014	0.0004	0.1352	0.1896	0.0003	0.0149	0.0148	0.0000	0.0302	0.7925	0.0004	0.0315	0.0285	-0.0000	-0.0000	0.8816	3.9943	0.0702	0.9974	0.0001	0.0001	0.0000	0.0000	0.0000	0.0000	0.0001	0.0001	0.0000	0.0000	0.0000	0.0000	0.0000	0.0000	0.0000	0.0000	0.0000	0.0000	0.1986	0.1831	0.0156	0.1124	0.1083	0.0041	0.0862	0.0748	0.0114	0.0075	0.0051	0.0024	0.0044	0.0039	0.0004	0.0031	0.0012	0.0019	0.1697	0.1252	0.7596	0.0509	0.0475	0.0000	0.3128	0.1411	0.8443	0.0040	0.0057	0.0003	0.0039	0.0043	0.0000	0.0042	0.0103	0.0004
29	109	0.0817	5	1	0	1	1	0	0	0	0	N	N	N	N	N	N	N	N	N	N	N	N	0.0000	0.0000	0.0000	0.0000	0.0000	0.0000	0.0000	0.0000	0.0000	0.0000	0.0000	0.0000	0.0000	0.0000	0.0000	0.0000	0.0000	0.0000	0.0000	0.0000	0.8816	0.0000	0.0702	0.9909	0.0000	0.0000	0.0000	0.0000	0.0000	0.0000	0.0000	0.0000	0.0000	0.0000	0.0000	0.0000	0.0000	0.0000	0.0000	0.0000	0.0000	0.0000	0.0000	0.0000	0.0000	0.0000	0.0000	0.0000	0.0000	0.0000	0.0000	0.0027	0.0011	0.0017	0.0002	0.0002	0.0000	0.0025	0.0009	0.0017	0.0000	0.0000	0.0000	0.0000	0.0000	0.0000	0.0000	0.0000	0.0000	0.0000	0.0000	0.0000	0.0000	0.0000	0.0000	0.0000	0.0000	0.0000											
29	110	0.0530	4	1	0	1	1	0	0	0	0	N	N	N	N	N	N	N	N	N	N	N	N	inf	inf	inf	inf	inf	inf	inf	inf	0.0025	0.0024	0.0027	0.0564	0.0601	0.0000	0.0006	0.0004	0.0027	0.0000	0.0000	0.0000	0.0000	0.0000	0.0000	0.0000	0.0000	0.0000	0.1429	-0.0000	0.0000	0.8816	4.0000	0.0702	0.0000	0.0002	0.0002	0.0000	0.0002	0.0002	0.0000	0.0001	0.0000	0.0000	0.0000	0.0000	0.0000	0.0000	0.0000	0.0000	0.0000	0.0000	0.0000	0.0976	0.0864	0.0112	0.0032	0.0030	0.0002	0.0944	0.0834	0.0110	0.0106	0.0051	0.0055	0.0029	0.0026	0.0003	0.0076	0.0025	0.0051	inf	inf	inf	inf	inf	0.0000	inf	inf	inf	0.0000	0.0000	0.0000	0.0000	0.0000	0.0000	0.0000	0.0000	0.0000		
29	112	0.6550	8	0	0	1	1	0	0	0	0	N	N	N	N	N	N	N	N	N	N	N	N	0.0000	0.0000	0.0000	0.0000	0.0000	0.0000	0.0000	0.0000	0.0000	0.0000	0.0000	0.0000	0.0000	0.0000	0.0000	0.0000	0.0000	0.0000	0.0000	0.0000	0.8816	0.0000	0.0702	0.0001	0.0000	0.0000	0.0000	0.0000	0.0000	0.0000	0.0000	0.0000	0.0000	0.0000	0.0000	0.0000	0.0000	0.0000	0.0000	0.0000	0.0000	0.0000	0.0000	0.0000	0.0000	0.0000	0.0000	0.0000	0.0000	0.0000	0.0000	0.0000	0.0000	0.0000	0.0000	0.0000	0.0000	0.0000	0.0000	0.0000	0.0000	0.0000	0.0000	0.0000	0.0000	0.0000	0.0000	0.0000	0.0000	0.0000	0.0000	0.0000	0.0000	0.0000	0.0000	0.0000	0.0000	0.0000											
29	113	0.6092	7	0	0	1	1	0	0	0	0	N	N	N	N	N	N	N	N	N	N	N	N	0.0067	inf	0.0090	inf	inf	0.0008	inf	0.0264	0.0041	0.0043	0.0012	0.0071	0.0074	0.0000	0.0003	0.0001	0.0017	0.6078	0.0000	0.1346	0.0000	0.0000	0.0000	0.4109	0.0000	0.0627	0.0256	inf	-0.0002	0.0001	0.8816	4.0004	0.0702	4.9999	0.0008	0.0008	0.0000	0.0008	0.0008	0.0000	0.0000	0.0000	0.0000	0.0002	0.0000	0.0002	0.0000	0.0000	0.0000	0.0002	0.0000	0.0002	0.1969	0.1804	0.0165	0.1085	0.1040	0.0045	0.0885	0.0764	0.0121	0.0139	0.0089	0.0050	0.0069	0.0061	0.0008	0.0070	0.0027	0.0042	0.2682	inf	0.0289	inf	inf	0.0000	0.0112	inf	0.0333	0.0151	0.0000	0.0419	0.0000	0.0000	0.0000	0.0302	0.0000	0.0496	
29	114	0.0204	3	0	1	0	1	0	0	0	0	N	N	N	N	N	N	N	N	N	N	N	N	0.3814	0.0015	91.2331	0.0014	0.0013	2.7181	8.2483	0.0037	193.5005	0.4395	0.0026	1.4923	0.0030	0.0029	0.0101	0.6679	0.0022	1.4946	1.1523	1.7409	0.0164	2.1833	2.2053	0.0037	0.0810	0.5928	0.0077	241.5583	0.0548	0.1284	-0.0015	0.8816	4.3361	0.0702	4.6323	0.1746	0.0007	0.1738	0.0004	0.0004	0.0000	0.1742	0.0003	0.1738	0.0033	0.0031	0.0002	0.0030	0.0030	0.0000	0.0003	0.0001	0.0002	0.3972	0.2807	0.1165	0.1364	0.1362	0.0002	0.2608	0.1445	0.1163	0.0459	0.0235	0.0224	0.0134	0.0128	0.0006	0.0325	0.0107	0.0218	6.1579	0.0194	196.4228	0.0131	0.0125	3.5595	84.1190	0.2634	193.5005	0.0714	0.1321	0.0076	0.2254	0.2355	0.0028	0.0079	0.0084	0.0077
29	116	0.6092	7	0	1	0	2	0	0	0	0	N	N	N	Y	N	N	N	N	N	N	N	N	inf	inf	inf	inf	inf	inf	inf	inf	0.0007	0.0006	0.0010	0.0003	0.0003	0.0000	0.0011	0.0011	0.0014	0.0000	0.0000	0.0000	0.0000	0.0000	0.0000	0.0000	0.0000	0.0000	0.1429	-0.0000	0.0000	0.8816	5.0006	0.0702	2.0000	0.0002	0.0001	0.0000	0.0000	0.0000	0.0000	0.0001	0.0001	0.0000	0.0000	0.0000	0.0000	0.0000	0.0000	0.0000	0.0000	0.0000	0.0000	0.2398	0.2196	0.0201	0.1314	0.1261	0.0054	0.1083	0.0935	0.0148	0.0110	0.0070	0.0040	0.0055	0.0048	0.0006	0.0055	0.0022	0.0034	inf	inf	inf	inf	inf	0.0000	inf	inf	inf	0.0000	0.0000	0.0000	0.0000	0.0000	0.0000	0.0000	0.0000	0.0000		
29	117	0.0530	4	0	1	0	2	0	0	0	0	N	N	N	Y	N	N	N	N	N	N	N	N	0.0000	0.0000	0.0000	0.0000	0.0000	0.0000	0.0000	0.0000	0.0000	0.0000	0.0000	0.0000	0.0000	0.0000	0.0000	0.0000	0.0000	0.0000	0.0000	0.0000	0.8816	0.0000	0.0702	1.0000	0.0000	0.0000	0.0000	0.0000	0.0000	0.0000	0.0000	0.0000	0.0000	0.0000	0.0000	0.0000	0.0000	0.0000	0.0000	0.0000	0.0000	0.0000	0.0000	0.0000	0.0000	0.0000	0.0000	0.0000	0.0000	0.0000	0.0000	0.0039	0.0019	0.0020	0.0011	0.0010	0.0001	0.0028	0.0009	0.0019	0.0000	0.0000	0.0000	0.0000	0.0000	0.0000	0.0000	0.0000	0.0000	0.0000	0.0000	0.0000	0.0000	0.0000	0.0000	0.0000	0.0000	0.0000											
29	118	0.6092	7	0	1	0	1	0	0	0	0	N	N	N	N	N	N	N	N	N	N	N	N	inf	inf	inf	inf	inf	inf	inf	inf	0.0017	0.0018	0.0008	0.0030	0.0031	0.0000	0.0002	0.0001	0.0010	0.0000	0.0000	0.0000	0.0000	0.0000	0.0000	0.0000	0.0000	0.0000	0.0404	-0.0002	0.0000	0.8816	16.9994	0.0702	6.0000	0.0010	0.0010	0.0000	0.0010	0.0010	0.0000	0.0001	0.0000	0.0000	0.0000	0.0000	0.0000	0.0000	0.0000	0.0000	0.0000	0.0000	0.0000	0.6154	0.5640	0.0514	0.3228	0.3104	0.0124	0.2926	0.2536	0.0390	0.0315	0.0201	0.0113	0.0158	0.0140	0.0018	0.0156	0.0061	0.0095	inf	inf	inf	inf	inf	0.0000	inf	inf	inf	0.0000	0.0000	0.0000	0.0000	0.0000	0.0000	0.0000	0.0000	0.0000		
29	119	0.0530	4	0	1	0	1	0	0	0	0	N	N	N	N	N	N	N	N	N	N	N	N	0.0011	0.0007	0.0072	0.0371	0.0192	37161.0882	0.0000	0.0000	0.0000	0.0015	0.0009	0.0067	0.0463	0.0247	0.3754	0.0000	0.0000	0.0000	1.4355	1.2887	0.9359	1.2469	1.2882	0.0000	1.3664	0.7670	0.4477	1.0000	4.9133	0.0000	0.0012	0.8816	5.0000	0.0702	6.0000	0.0002	0.0001	0.0001	0.0002	0.0001	0.0001	0.0000	0.0000	0.0000	0.0038	0.0006	0.0032	0.0006	0.0006	0.0000	0.0032	0.0001	0.0032	0.1175	0.1041	0.0134	0.0039	0.0036	0.0002	0.1136	0.1004	0.0132	0.0251	0.0121	0.0130	0.0066	0.0059	0.0008	0.0184	0.0062	0.0123	0.0100	0.0161	0.0275	0.5242	0.2477	37161.0882	0.0000	0.0000	0.0000	0.1526	0.0537	0.2441	0.0883	0.0996	0.0000	0.1757	0.0097	0.2590
29	120	0.0811	5	0	1	0	1	0	0	0	0	N	N	N	N	N	N	N	N	N	N	N	N	0.0060	0.0059	0.0002	0.0132	0.0140	0.0038	0.0000	0.0000	0.0005	0.0075	0.0082	0.0001	0.0157	0.0164	0.0000	0.0000	0.0000	0.0001	1.2538	1.3859	0.4463	1.1868	1.1741	0.0027	1.0009	2.0454	0.2161	0.0010	2.3101	-0.0000	0.0001	0.8816	0.9998	0.0702	0.9486	0.0002	0.0002	0.0000	0.0002	0.0002	0.0000	0.0000	0.0000	0.0000	0.0005	0.0002	0.0004	0.0001	0.0001	0.0000	0.0004	0.0001	0.0004	0.0238	0.0216	0.0022	0.0113	0.0108	0.0005	0.0124	0.0108	0.0016	0.0053	0.0024	0.0029	0.0012	0.0011	0.0000	0.0041	0.0012	0.0029	0.0788	0.1277	0.0007	0.1878	0.1924	0.0047	0.0002	0.0003	0.0009	0.0949	0.0644	0.1195	0.0835	0.0854	0.0022	0.0982	0.0450	0.1206
29	121	0.0530	4	0	1	0	1	0	0	0	0	N	N	N	N	N	N	N	N	N	N	N	N	0.0123	0.0270	0.5547	0.1152	0.1275	0.0000	0.0238	0.0124	0.5313	0.0005	0.0003	0.0021	0.0006	0.0006	0.0000	0.0005	0.0003	0.0021	0.0395	0.0106	0.0037	0.0050	0.0048	0.0000	0.0204	0.0221	0.0039	0.9234	2.3682	0.0000	0.0000	0.8816	3.0005	0.0702	1.1085	0.0001	0.0000	0.0000	0.0000	0.0000	0.0000	0.0001	0.0000	0.0000	0.0001	0.0000	0.0000	0.0000	0.0000	0.0000	0.0000	0.0000	0.0000	0.1275	0.1130	0.0145	0.0042	0.0040	0.0003	0.1232	0.1090	0.0142	0.0185	0.0089	0.0096	0.0050	0.0045	0.0006	0.0135	0.0045	0.0090	0.1781	0.1696	0.5547	0.2973	0.2809	0.0000	0.1594	0.2278	0.5313	0.0027	0.0017	0.0037	0.0019	0.0022	0.0000	0.0030	0.0012	0.0039
29	122	0.6504	8	0	1	0	1	0	0	0	0	N	N	N	N	N	N	N	N	N	N	N	N	inf	inf	inf	inf	inf	inf	2.2589	2.4498	0.0000	3.9418	4.0931	0.0000	0.0022	0.0026	0.0000	0.0000	0.0000	0.0000	0.0000	0.0000	0.0000	0.0000	0.0000	0.0000	0.0000	-0.0620	0.0000	0.8816	2.0001	0.0702	3.0000	0.2383	0.2383	0.0000	0.2382	0.2382	0.0000	0.0001	0.0001	0.0000	0.0000	0.0000	0.0000	0.0000	0.0000	0.0000	0.0000	0.0000	0.0000	0.1055	0.0973	0.0082	0.0604	0.0582	0.0022	0.0451	0.0391	0.0060	0.0075	0.0051	0.0024	0.0044	0.0039	0.0004	0.0032	0.0012	0.0020	inf	inf	0.0000	inf	inf	0.0000	inf	inf	0.0000	0.0000	0.0000	0.0000	0.0000	0.0000	0.0000	0.0000	0.0000	0.0000				
29	123	0.6092	7	0	0	0	1	0	0	0	0	N	N	N	N	N	N	N	N	N	N	N	N	59.5783	28.9999	11464.4280	70.0638	68.9327	inf	72.5818	0.0001	2379.8446	0.0031	0.0030	0.0041	0.0055	0.0052	0.0129	0.0001	0.0000	0.0010	0.0001	0.0001	0.0000	0.0001	0.0001	0.0000	0.0000	0.0006	0.0000	0.1267	0.1250	-0.0001	-0.0000	0.8816	6.9986	0.0702	2.0000	0.0010	0.0009	0.0001	0.0010	0.0009	0.0001	0.0000	0.0000	0.0000	0.0000	0.0000	0.0000	0.0000	0.0000	0.0000	0.0000	0.0000	0.0000	0.3188	0.2920	0.0267	0.1733	0.1663	0.0070	0.1455	0.1257	0.0198	0.0139	0.0089	0.0050	0.0069	0.0061	0.0008	0.0070	0.0027	0.0042	2628.7202	1829.4863	11464.4280	12741.2806	10666.4829	inf	72.5818	0.0084	2379.8446	0.0000	0.0000	0.0000	0.0000	0.0000	0.0000	0.0000	0.0000	0.0000
29	124	0.0866	5	0	1	0	1	0	0	0	0	N	N	N	N	N	N	N	N	N	N	N	N	2.2831	3.2259	6.5980	21.7385	24.8442	70.2054	0.3442	0.0661	4.1656	0.0339	0.0367	0.0093	0.1926	0.2000	0.0452	0.0009	0.0002	0.0061	0.0149	0.0114	0.0014	0.0089	0.0080	0.0006	0.0026	0.0035	0.0015	0.0283	0.9161	-0.0014	-0.0000	0.8816	3.9006	0.0702	3.1543	0.0060	0.0058	0.0002	0.0058	0.0058	0.0001	0.0001	0.0000	0.0001	0.0000	0.0000	0.0000	0.0000	0.0000	0.0000	0.0000	0.0000	0.0000	0.1757	0.1581	0.0176	0.0303	0.0288	0.0014	0.1454	0.1293	0.0162	0.0258	0.0122	0.0136	0.0079	0.0070	0.0009	0.0179	0.0052	0.0127	21.7731	21.2759	6.5980	73.3583	69.0910	82.9429	0.8149	1.5416	4.1656	0.0016	0.0017	0.0014	0.0026	0.0029	0.0005	0.0011	0.0001	0.0015
29	125	0.0530	4	0	1	0	1	0	0	0	0	N	N	N	N	N	N	N	N	N	N	N	N	0.1601	0.1169	0.6256	1.4470	1.4945	5.1650	0.3986	0.0560	0.6775	0.0738	0.0830	0.0034	0.0259	0.0276	0.0002	0.0754	0.0850	0.0034	0.4611	0.7107	0.0054	0.0179	0.0185	0.0000	0.1893	1.5182	0.0050	0.0053	0.3140	-0.0015	-0.0000	0.8816	1.6924	0.0702	1.9110	0.0058	0.0058	0.0000	0.0001	0.0001	0.0000	0.0058	0.0057	0.0000	0.0002	0.0001	0.0000	0.0000	0.0000	0.0000	0.0002	0.0001	0.0000	0.0788	0.0697	0.0091	0.0025	0.0024	0.0002	0.0763	0.0673	0.0090	0.0166	0.0080	0.0086	0.0045	0.0040	0.0005	0.0121	0.0040	0.0081	7.1801	5.1193	0.7086	5.9996	5.6721	5.1650	6.0252	3.0771	0.6775	0.0103	0.0162	0.0047	0.0043	0.0049	0.0000	0.0125	0.0276	0.0050
29	126	0.6092	7	0	1	0	1	0	0	0	0	N	N	N	N	N	N	N	N	N	N	N	N	0.0000	0.0000	0.0000	0.0000	0.0000	0.0000	0.0000	0.0000	0.0000	0.0000	0.0000	0.0000	0.0000	0.0477	0.1059	0.0000	0.0320	0.0328	0.0000	0.0000	0.0000	0.0000	0.0000	0.0000	-0.0000	0.8816	0.9996	0.0702	8.0005	0.0000	0.0000	0.0000	0.0000	0.0000	0.0000	0.0000	0.0000	0.0000	0.0000	0.0000	0.0000	0.0000	0.0000	0.0000	0.0000	0.0000	0.0000	0.0535	0.0490	0.0045	0.0299	0.0286	0.0013	0.0236	0.0204	0.0032	0.0139	0.0089	0.0050	0.0069	0.0061	0.0008	0.0070	0.0027	0.0042	0.0000	0.0000	0.0000	0.0000	0.0000	0.0000	0.0000	0.0000	0.0000	0.0029	0.0045	0.0000	0.0058	0.0065	0.0000	0.0000	0.0000	0.0000						
29	127	0.5146	7	0	0	0	1	0	0	0	0	N	N	N	N	N	N	N	N	N	N	N	N	1.1066	0.8615	0.0001	0.0018	0.0023	0.0000	15872.9392	3471.0400	0.0024	0.5124	0.6206	0.0000	0.0007	0.0009	0.0000	1.7709	1.9187	0.0000	0.4631	0.7203	0.0005	0.4061	0.4012	0.0066	0.0001	0.0006	0.0001	0.0000	0.0214	-0.0497	-0.0002	0.8816	3.6536	0.0702	12.3970	0.1909	0.1909	0.0000	0.0002	0.0002	0.0000	0.1907	0.1907	0.0000	0.0003	0.0003	0.0000	0.0003	0.0003	0.0000	0.0000	0.0000	0.0000	0.3725	0.3076	0.0649	0.2648	0.2082	0.0566	0.1077	0.0994	0.0083	0.0293	0.0177	0.0117	0.0124	0.0112	0.0012	0.0169	0.0064	0.0105	49.6694	37.0327	0.0001	0.0301	0.0352	0.0000	24893.1909	487775.4320	0.0024	0.0103	0.0168	0.0005	0.0243	0.0264	0.0044	0.0001	0.0000	0.0001
29	128	0.3034	5	0	0	0	1	0	0	0	0	N	N	N	N	N	N	N	N	N	N	N	N	0.6359	0.0036	14.6922	0.1901	0.0056	5.1615	2.7197	0.2631	49.1293	0.5741	0.0036	2.4356	0.1596	0.0035	1.7347	1.0833	0.0036	2.6240	0.9028	0.9813	0.1658	0.8399	0.6247	0.3361	0.3983	0.0138	0.0534	210.1494	1.2705	0.2018	0.0001	0.8816	5.3495	0.0702	12.4099	0.2745	0.0013	0.2732	0.0421	0.0008	0.0412	0.2324	0.0005	0.2319	0.0022	0.0010	0.0013	0.0013	0.0010	0.0003	0.0010	0.0000	0.0009	0.4781	0.3659	0.1122	0.2635	0.2398	0.0238	0.2145	0.1261	0.0884	0.0583	0.0341	0.0242	0.0246	0.0219	0.0027	0.0337	0.0122	0.0215	14.9607	0.1229	47.0808	3.0666	0.0789	15.4053	38.1825	4.8663	59.5697	0.0384	0.0289	0.0517	0.0521	0.0446	0.1126	0.0284	0.0007	0.0440
29	129	0.7206	13	0	1	0	2	0	0	0	0	N	N	N	Y	N	N	N	N	N	N	N	N	0.0000	0.0000	0.0000	0.0000	0.0000	0.0000	0.0000	0.0000	0.0000	0.0000	0.0000	0.0000	0.0000	0.0000	0.0000	0.0000	0.0000	0.0000	0.0000	0.0000	0.8816	0.0000	0.0702	0.0000	0.0000	0.0000	0.0000	0.0000	0.0000	0.0000	0.0000	0.0000	0.0000	0.0000	0.0000	0.0000	0.0000	0.0000	0.0000	0.0000	0.0000	0.0000	0.0000	0.0000	0.0000	0.0000	0.0000	0.0000	0.0000	0.0000	0.0000	0.0000	0.0000	0.0000	0.0000	0.0000	0.0000	0.0000	0.0000	0.0000	0.0000	0.0000	0.0000	0.0000	0.0000	0.0000	0.0000	0.0000	0.0000	0.0000	0.0000	0.0000	0.0000	0.0000	0.0000	0.0000	0.0000	0.0000											
29	130	0.7043	12	0	1	0	2	0	0	0	0	N	N	N	Y	N	N	N	N	N	N	N	N	0.0000	0.0000	0.0000	0.0000	0.0000	0.0000	0.0000	0.0000	0.0000	0.0000	0.0000	0.0000	0.0000	0.0310	0.0000	0.0167	0.0000	0.0000	0.0000	0.0475	0.0000	0.0097	inf	0.0000	0.0000	0.8816	0.0000	0.0702	3.0001	0.0000	0.0000	0.0000	0.0000	0.0000	0.0000	0.0000	0.0000	0.0000	0.0000	0.0000	0.0000	0.0000	0.0000	0.0000	0.0000	0.0000	0.0000	0.0000	0.0000	0.0000	0.0000	0.0000	0.0000	0.0000	0.0000	0.0000	0.0042	0.0029	0.0013	0.0025	0.0022	0.0003	0.0017	0.0007	0.0010	0.0000	0.0000	0.0000	0.0000	0.0000	0.0000	0.0000	0.0000	0.0000	0.0024	0.0000	0.0077	0.0000	0.0000	0.0000	0.0058	0.0000	0.0097						
29	131	0.6947	11	0	1	0	1	0	0	0	0	N	N	N	N	N	N	N	N	N	N	N	N	0.0000	0.0000	0.0000	0.0000	0.0000	0.0000	0.0000	0.0000	0.0000	0.0000	0.0000	0.0000	0.0000	0.0000	0.0000	0.0000	0.0000	0.0000	0.0000	0.0000	0.8816	0.0000	0.0702	0.0000	0.0000	0.0000	0.0000	0.0000	0.0000	0.0000	0.0000	0.0000	0.0000	0.0000	0.0000	0.0000	0.0000	0.0000	0.0000	0.0000	0.0000	0.0000	0.0000	0.0000	0.0000	0.0000	0.0000	0.0000	0.0000	0.0000	0.0000	0.0000	0.0000	0.0000	0.0000	0.0000	0.0000	0.0000	0.0000	0.0000	0.0000	0.0000	0.0000	0.0000	0.0000	0.0000	0.0000	0.0000	0.0000	0.0000	0.0000	0.0000	0.0000	0.0000	0.0000	0.0000	0.0000	0.0000											
29	132	0.7043	12	0	0	1	2	0	0	0	0	N	N	N	Y	N	N	N	N	N	N	N	N	0.0000	0.0000	0.0000	0.0000	0.0000	0.0000	0.0000	0.0000	0.0000	0.0000	0.0000	0.0000	0.0000	0.0000	0.0000	0.0000	0.0000	0.0000	0.0000	0.0000	0.8816	0.0000	0.0702	1.9999	0.0000	0.0000	0.0000	0.0000	0.0000	0.0000	0.0000	0.0000	0.0000	0.0000	0.0000	0.0000	0.0000	0.0000	0.0000	0.0000	0.0000	0.0000	0.0000	0.0000	0.0000	0.0000	0.0000	0.0000	0.0000	0.0000	0.0000	0.0028	0.0020	0.0009	0.0017	0.0015	0.0002	0.0012	0.0005	0.0007	0.0000	0.0000	0.0000	0.0000	0.0000	0.0000	0.0000	0.0000	0.0000	0.0000	0.0000	0.0000	0.0000	0.0000	0.0000	0.0000	0.0000	0.0000											
29	133	0.7154	13	0	0	1	2	0	0	0	0	N	N	N	Y	N	N	N	N	N	N	N	N	0.0000	0.0000	0.0000	0.0000	0.0000	0.0000	0.0000	0.0000	0.0000	0.0000	0.0000	0.0000	0.0000	0.0000	0.0000	0.0000	0.0000	0.0000	0.0000	0.0000	0.8816	1.0000	0.0702	0.0000	0.0000	0.0000	0.0000	0.0000	0.0000	0.0000	0.0000	0.0000	0.0000	0.0000	0.0000	0.0000	0.0000	0.0000	0.0000	0.0000	0.0000	0.0000	0.0560	0.0517	0.0043	0.0339	0.0326	0.0013	0.0221	0.0192	0.0029	0.0014	0.0009	0.0004	0.0008	0.0007	0.0001	0.0006	0.0002	0.0003	0.0000	0.0000	0.0000	0.0000	0.0000	0.0000	0.0000	0.0000	0.0000	0.0000	0.0000	0.0000	0.0000	0.0000	0.0000	0.0000	0.0000	0.0000											
29	134	0.7154	13	0	0	1	2	0	0	0	0	N	N	N	Y	N	N	N	N	N	N	N	N	0.0000	0.0000	0.0000	0.0000	0.0000	0.0000	0.0000	0.0000	0.0000	0.0000	0.0000	0.0000	0.0000	0.0000	0.0000	0.0000	0.0000	0.0000	0.0000	0.0000	0.8816	0.0000	0.0702	0.0000	0.0000	0.0000	0.0000	0.0000	0.0000	0.0000	0.0000	0.0000	0.0000	0.0000	0.0000	0.0000	0.0000	0.0000	0.0000	0.0000	0.0000	0.0000	0.0000	0.0000	0.0000	0.0000	0.0000	0.0000	0.0000	0.0000	0.0000	0.0000	0.0000	0.0000	0.0000	0.0000	0.0000	0.0000	0.0000	0.0000	0.0000	0.0000	0.0000	0.0000	0.0000	0.0000	0.0000	0.0000	0.0000	0.0000	0.0000	0.0000	0.0000	0.0000	0.0000	0.0000	0.0000	0.0000											
29	135	0.7043	12	0	0	1	2	0	0	0	0	N	N	N	Y	N	N	N	N	N	N	N	N	0.0073	0.0020	1.9555	0.0048	0.0027	inf	0.0000	0.0000	0.0000	0.0000	0.0000	0.0000	0.0000	0.0000	0.0000	0.0000	0.0000	0.0001	0.0001	0.0000	0.0002	0.0001	0.0000	0.0000	0.0000	0.0000	1.0000	0.2272	0.0000	-0.0000	0.8816	2.0025	0.0702	0.9943	0.0000	0.0000	0.0000	0.0000	0.0000	0.0000	0.0000	0.0000	0.0000	0.0000	0.0000	0.0000	0.0000	0.0000	0.0000	0.0000	0.0000	0.0000	0.1097	0.1013	0.0084	0.0658	0.0632	0.0026	0.0439	0.0381	0.0058	0.0042	0.0029	0.0013	0.0025	0.0022	0.0003	0.0017	0.0007	0.0010	0.1796	0.0825	1.9555	0.2050	0.1001	inf	0.0000	0.0000	0.0000	0.0000	0.0000	0.0000	0.0000	0.0000	0.0000	0.0000	0.0000	0.0000	
29	136	0.7043	11	0	0	0	2	0	0	0	0	N	N	N	Y	N	N	N	N	N	N	N	N	0.0350	0.0614	0.3197	0.1036	0.1036	inf	0.0000	0.0000	0.0000	0.0001	0.0001	0.0003	0.0001	0.0001	0.0004	0.0000	0.0000	0.0000	0.0035	0.0017	0.0009	0.0014	0.0011	0.0000	0.0012	0.0044	0.0011	0.3333	0.8000	-0.0000	-0.0000	0.8816	0.0050	0.0702	0.0173	0.0000	0.0000	0.0000	0.0000	0.0000	0.0000	0.0000	0.0000	0.0000	0.0000	0.0000	0.0000	0.0000	0.0000	0.0000	0.0000	0.0000	0.0000	0.0008	0.0007	0.0001	0.0007	0.0006	0.0001	0.0001	0.0001	0.0000	0.0000	0.0000	0.0000	0.0000	0.0000	0.0000	0.0000	0.0000	0.0000	0.1860	0.1925	0.3197	0.2444	0.1886	inf	0.0000	0.0000	0.0000	0.0007	0.0005	0.0009	0.0006	0.0006	0.0000	0.0008	0.0002	0.0011
29	137	0.6947	10	0	0	0	2	0	0	0	0	N	N	N	Y	N	N	N	N	N	N	N	N	3.0856	1.1391	196.4312	3.6015	2.0255	inf	0.0000	0.0000	0.0000	0.0002	0.0001	0.0013	0.0004	0.0002	0.0048	0.0000	0.0000	0.0000	0.0001	0.0001	0.0000	0.0001	0.0001	0.0000	0.0000	0.0004	0.0000	0.9999	2.3757	0.0000	0.0000	0.8816	1.9972	0.0702	1.0076	0.0000	0.0000	0.0000	0.0000	0.0000	0.0000	0.0000	0.0000	0.0000	0.0000	0.0000	0.0000	0.0000	0.0000	0.0000	0.0000	0.0000	0.0000	0.0974	0.0896	0.0078	0.0542	0.0521	0.0021	0.0432	0.0375	0.0057	0.0040	0.0028	0.0012	0.0025	0.0022	0.0003	0.0015	0.0006	0.0009	75.4149	97.7338	196.4312	457.0132	211.6081	inf	0.0000	0.0000	0.0000	0.0000	0.0000	0.0000	0.0000	0.0000	0.0000	0.0000	0.0000	0.0000
29	138	0.6774	9	1	1	0	1	0	0	0	0	N	N	N	N	N	N	N	N	N	N	N	N	3875.7519	3244.6029	0.0000	2953.5219	4114.6334	0.0000	0.0000	0.0000	0.0000	0.3168	0.4620	0.0000	0.5349	0.6177	0.0000	0.0000	0.0000	0.0000	0.0001	0.0001	0.0000	0.0002	0.0002	0.0000	0.0000	0.0006	0.0000	0.0000	0.5221	-0.0000	-0.0000	0.8816	0.0002	0.0702	2.3255	0.0000	0.0000	0.0000	0.0000	0.0000	0.0000	0.0000	0.0000	0.0000	0.0000	0.0000	0.0000	0.0000	0.0000	0.0000	0.0000	0.0000	0.0000	0.0001	0.0000	0.0000	0.0000	0.0000	0.0000	0.0000	0.0000	0.0000	0.0045	0.0031	0.0013	0.0024	0.0022	0.0002	0.0021	0.0009	0.0011	68671.6746	106832.8242	0.0000	86513.9282	145202.9319	0.0000	0.0000	0.0000	0.0000	0.0000	0.0000	0.0000	0.0000	0.0000	0.0000	0.0000	0.0000	0.0000
29	139	0.6595	8	1	1	0	1	0	0	0	0	N	N	N	N	N	N	N	N	N	N	N	N	0.0056	0.0070	0.0035	0.0323	0.0335	0.0106	0.0005	0.0001	0.0088	0.0058	0.0062	0.0014	0.0100	0.0104	0.0000	0.0004	0.0002	0.0020	1.0335	0.8908	0.4035	0.3098	0.3102	0.0010	0.9680	1.8079	0.2225	0.0203	2.3728	-0.0001	0.0001	0.8816	2.0138	0.0702	2.7349	0.0006	0.0006	0.0000	0.0006	0.0006	0.0000	0.0000	0.0000	0.0000	0.0005	0.0001	0.0003	0.0001	0.0001	0.0000	0.0004	0.0001	0.0003	0.1065	0.0978	0.0087	0.0602	0.0578	0.0023	0.0464	0.0400	0.0063	0.0092	0.0059	0.0032	0.0048	0.0044	0.0004	0.0044	0.0015	0.0028	0.1092	0.2543	0.0134	0.5269	0.5016	0.0128	0.0048	0.0059	0.0159	0.0535	0.0245	0.1066	0.0190	0.0207	0.0008	0.0916	0.0351	0.1227
29	140	0.6761	9	0	1	0	1	0	0	0	0	N	N	N	N	N	N	N	N	N	N	N	N	2.6556	2.6616	0.2586	3.2234	4.0575	0.7252	0.8224	inf	0.0000	0.0027	0.0029	0.0001	0.0038	0.0039	0.0001	0.0001	0.0002	0.0000	0.0010	0.0011	0.0002	0.0012	0.0010	0.0002	0.0002	0.0000	0.0002	0.0013	0.2272	-0.0001	-0.0000	0.8816	1.9232	0.0702	1.1116	0.0005	0.0005	0.0000	0.0004	0.0004	0.0000	0.0000	0.0000	0.0000	0.0000	0.0000	0.0000	0.0000	0.0000	0.0000	0.0000	0.0000	0.0000	0.1672	0.1566	0.0105	0.1184	0.1142	0.0042	0.0488	0.0424	0.0064	0.0042	0.0029	0.0012	0.0026	0.0023	0.0003	0.0016	0.0006	0.0010	7.6330	7.0119	0.2586	7.6773	7.4057	0.7252	1.0523	inf	0.0000	0.0004	0.0004	0.0002	0.0005	0.0005	0.0002	0.0001	0.0000	0.0002
29	141	0.0723	5	0	1	0	1	0	0	0	0	N	N	N	N	N	N	N	N	N	N	N	N	inf	inf	inf	inf	inf	inf	inf	inf	inf	0.0070	0.0052	0.0217	0.0496	0.0371	0.2702	0.0005	0.0000	0.0044	0.0000	0.0000	0.0000	0.0000	0.0000	0.0000	0.0000	0.0000	0.0000	0.5078	0.0001	0.0000	0.8816	3.0000	0.0702	1.0000	0.0009	0.0006	0.0003	0.0009	0.0006	0.0003	0.0001	0.0000	0.0001	0.0000	0.0000	0.0000	0.0000	0.0000	0.0000	0.0000	0.0000	0.0000	0.1363	0.1216	0.0147	0.0179	0.0170	0.0010	0.1184	0.1046	0.0138	0.0169	0.0086	0.0083	0.0048	0.0043	0.0006	0.0121	0.0044	0.0077	inf	inf	inf	inf	inf	inf	inf	inf	inf	0.0000	0.0000	0.0000	0.0000	0.0000	0.0000	0.0000	0.0000	0.0000	
29	142	0.0530	4	0	0	0	1	0	0	0	0	N	N	N	N	N	N	N	N	N	N	N	N	inf	inf	inf	inf	inf	inf	inf	inf	inf	0.0157	0.0152	0.0192	0.2052	0.2189	0.0003	0.0095	0.0081	0.0195	0.0000	0.0000	0.0000	0.0000	0.0000	0.0000	0.0000	0.0000	0.0000	0.1667	-0.0001	0.0000	0.8816	1.0000	0.0702	1.0000	0.0008	0.0007	0.0001	0.0003	0.0003	0.0000	0.0004	0.0003	0.0001	0.0000	0.0000	0.0000	0.0000	0.0000	0.0000	0.0000	0.0000	0.0000	0.0491	0.0433	0.0057	0.0016	0.0015	0.0001	0.0475	0.0419	0.0056	0.0098	0.0047	0.0051	0.0027	0.0024	0.0003	0.0071	0.0023	0.0047	inf	inf	inf	inf	inf	inf	inf	inf	inf	0.0000	0.0000	0.0000	0.0000	0.0000	0.0000	0.0000	0.0000	0.0000	
29	145	0.6947	11	1	1	0	1	0	0	0	0	N	N	N	N	N	N	N	N	N	N	N	N	0.0000	0.0000	0.0000	0.0000	0.0000	0.0000	0.0000	0.0000	0.0000	0.0000	0.0000	0.0000	0.0000	0.0000	0.0000	0.0000	0.0000	0.0000	0.0000	0.0000	0.8816	1.0000	0.0702	1.0000	0.0000	0.0000	0.0000	0.0000	0.0000	0.0000	0.0000	0.0000	0.0000	0.0000	0.0000	0.0000	0.0000	0.0000	0.0000	0.0000	0.0000	0.0000	0.0501	0.0461	0.0040	0.0280	0.0269	0.0011	0.0221	0.0192	0.0029	0.0027	0.0019	0.0008	0.0017	0.0015	0.0002	0.0010	0.0004	0.0006	0.0000	0.0000	0.0000	0.0000	0.0000	0.0000	0.0000	0.0000	0.0000	0.0000	0.0000	0.0000	0.0000	0.0000	0.0000	0.0000	0.0000	0.0000											
29	146	0.6947	10	0	1	0	1	0	0	0	0	N	N	N	N	N	N	N	N	N	N	N	N	inf	inf	inf	inf	0.0001	0.0001	0.0000	0.0001	0.0001	0.0000	0.0000	0.0000	0.0000	0.0000	0.0000	0.0000	0.0000	0.0000	0.0000	0.0000	0.0000	0.0000	0.0000	-0.0000	0.0000	0.8816	0.0003	0.0702	0.0000	0.0000	0.0000	0.0000	0.0000	0.0000	0.0000	0.0000	0.0000	0.0000	0.0000	0.0000	0.0000	0.0000	0.0000	0.0000	0.0000	0.0000	0.0000	0.0001	0.0001	0.0000	0.0001	0.0001	0.0000	0.0000	0.0000	0.0000	0.0000	0.0000	0.0000	0.0000	0.0000	0.0000	0.0000	0.0000	0.0000	inf	inf	0.0000	inf	inf	0.0000	0.0000	0.0000	0.0000	0.0000	0.0000	0.0000	0.0000	0.0000	0.0000	0.0000	0.0000	0.0000						
29	147	0.6761	9	0	0	0	1	0	0	0	0	N	N	N	N	N	N	N	N	N	N	N	N	4.2041	3.3194	0.2428	3.5796	4.0165	0.8152	0.5761	0.1238	0.0000	0.0018	0.0019	0.0000	0.0028	0.0029	0.0001	0.0001	0.0001	0.0000	0.0004	0.0006	0.0001	0.0008	0.0007	0.0001	0.0001	0.0006	0.0001	0.0012	0.2266	-0.0001	-0.0000	0.8816	4.9449	0.0702	1.0063	0.0005	0.0005	0.0000	0.0005	0.0005	0.0000	0.0000	0.0000	0.0000	0.0000	0.0000	0.0000	0.0000	0.0000	0.0000	0.0000	0.0000	0.0000	0.2893	0.2681	0.0212	0.1816	0.1746	0.0070	0.1077	0.0935	0.0142	0.0079	0.0056	0.0024	0.0049	0.0043	0.0005	0.0030	0.0012	0.0018	9.3680	8.6972	0.2428	10.6727	10.3289	0.8152	0.8766	15.1080	0.0000	0.0002	0.0002	0.0001	0.0003	0.0003	0.0001	0.0001	0.0000	0.0001
29	148	0.6595	8	0	0	0	1	0	0	0	0	N	N	N	N	N	N	N	N	N	N	N	N	5.9384	5.0588	7.2356	29.7982	38.7815	11.7709	0.0198	0.0695	0.0010	1.4003	1.5243	0.0235	2.5753	2.6725	0.0945	0.0002	0.0002	0.0000	0.2358	0.3013	0.0032	0.0864	0.0689	0.0080	0.0090	0.0030	0.0030	0.0014	0.2543	-0.0614	-0.0000	0.8816	3.4778	0.0702	1.2917	0.2374	0.2370	0.0003	0.2373	0.2370	0.0003	0.0000	0.0000	0.0000	0.0001	0.0000	0.0000	0.0000	0.0000	0.0000	0.0000	0.0000	0.0000	0.1695	0.1555	0.0140	0.0922	0.0887	0.0035	0.0773	0.0668	0.0105	0.0092	0.0060	0.0032	0.0048	0.0044	0.0004	0.0044	0.0016	0.0028	248.0595	219.2514	7.2356	286.7838	285.2772	18.9415	0.0911	1.8363	0.0010	0.0056	0.0070	0.0032	0.0090	0.0094	0.0050	0.0020	0.0001	0.0030
29	149	0.6092	7	0	0	0	1	0	0	0	0	N	N	N	N	N	N	N	N	N	N	N	N	0.0453	0.2435	0.0080	1.1316	1.2187	inf	0.0072	0.0085	0.0001	0.0041	0.0045	0.0001	0.0073	0.0076	0.0002	0.0003	0.0003	0.0000	0.0904	0.0183	0.0076	0.0065	0.0063	0.0000	0.0348	0.0343	0.0065	0.0012	1.3885	-0.0004	0.0000	0.8816	7.8050	0.0702	4.0035	0.0014	0.0014	0.0000	0.0014	0.0014	0.0000	0.0000	0.0000	0.0000	0.0001	0.0000	0.0000	0.0000	0.0000	0.0000	0.0000	0.0000	0.0000	0.3484	0.3192	0.0292	0.1888	0.1812	0.0076	0.1596	0.1380	0.0217	0.0178	0.0113	0.0064	0.0089	0.0079	0.0010	0.0089	0.0035	0.0054	1.1998	1.9956	0.0110	3.3352	3.0750	inf	0.0543	0.1730	0.0001	0.0034	0.0022	0.0055	0.0022	0.0025	0.0000	0.0046	0.0017	0.0065
29	150	0.5146	7	0	0	0	1	0	0	0	0	N	N	N	N	N	N	N	N	N	N	N	N	0.5149	0.4909	0.0000	3.6939	4.7427	0.0000	0.0000	0.0000	0.0000	0.5885	0.7120	0.0000	0.8285	1.0520	0.0000	0.0000	0.0000	0.0000	1.1429	1.4504	0.1713	0.2243	0.2218	0.0060	1.0469	3.0527	0.0826	0.0000	0.5370	-0.0574	-0.0004	0.8816	3.7255	0.0702	14.1767	0.2205	0.2205	0.0000	0.2205	0.2205	0.0000	0.0000	0.0000	0.0000	0.0021	0.0014	0.0007	0.0002	0.0002	0.0000	0.0019	0.0012	0.0007	0.3747	0.3097	0.0650	0.2661	0.2096	0.0566	0.1085	0.1001	0.0084	0.0316	0.0190	0.0126	0.0133	0.0120	0.0013	0.0183	0.0070	0.0113	8.8340	9.8806	0.0000	54.5759	64.2904	0.0000	0.0000	0.0000	0.0000	0.0666	0.0721	0.0584	0.0152	0.0164	0.0041	0.1041	0.1683	0.0646
29	151	0.4982	6	0	0	0	1	0	0	0	0	N	N	N	N	N	N	N	N	N	N	N	N	3.9047	3.3545	1.2669	17.9301	30.8439	0.1050	40.2107	2.1042	11.9820	0.6846	0.8614	0.0031	0.4682	0.6360	0.0017	1.2655	1.3294	0.0222	0.1753	0.2568	0.0024	0.0261	0.0206	0.0167	0.0315	0.6318	0.0019	0.0009	0.2400	-0.0531	-0.0000	0.8816	1.4205	0.0702	4.0377	0.2048	0.2046	0.0002	0.1020	0.1019	0.0001	0.1028	0.1027	0.0001	0.0001	0.0001	0.0000	0.0000	0.0000	0.0000	0.0000	0.0000	0.0000	0.2992	0.2375	0.0616	0.2180	0.1603	0.0577	0.0812	0.0772	0.0040	0.0164	0.0101	0.0063	0.0074	0.0069	0.0005	0.0091	0.0032	0.0058	142.9625	137.6655	1.2669	86.7412	123.9880	0.1903	294.8342	153.6503	11.9820	0.0048	0.0063	0.0024	0.0054	0.0051	0.0092	0.0043	0.0087	0.0019
30	31	0.1216	7	1	0	1	1	0	0	0	0	N	N	N	N	N	N	N	N	N	N	N	N	0.0000	0.0000	0.0000	0.0000	0.0000	0.0000	0.0000	0.0000	0.0000	0.0000	0.0000	0.0000	0.0000	0.0000	0.0000	0.0000	0.0000	0.0000	0.0000	0.0000	0.0000	0.0000	0.0000	0.0000	0.0000	0.0000	0.0000	0.0000	0.0000	0.0000	0.0000	0.0000	0.0000	0.0000	0.0000	0.0000	0.0000	0.0000	0.0000	0.0000	0.0000	0.0000	0.0000	0.0000	0.0000	0.0000	0.0000	0.0000	0.0000	0.0000	0.0000	0.0000	0.0000	0.0000	0.0000	0.0000	0.0000	0.0000	0.0000	0.0000	0.0000	0.0000	0.0000	0.0000	0.0000	0.0000	0.0000	0.0000	0.0000	0.0000	0.0000	0.0000	0.0000	0.0000	0.0000	0.0000	0.0000	0.0000											
30	32	0.0574	5	0	1	0	1	0	0	0	0	N	N	N	N	N	N	N	N	N	N	N	N	0.0000	0.0000	0.0000	0.0000	0.0000	0.0000	0.0000	0.0000	0.0000	0.0000	0.0000	0.0000	0.0000	0.0000	0.0000	0.0000	0.0000	0.0000	0.0000	0.0000	0.0000	0.0006	0.0000	3.0000	0.0000	0.0000	0.0000	0.0000	0.0000	0.0000	0.0000	0.0000	0.0000	0.0000	0.0000	0.0000	0.0000	0.0000	0.0000	0.0000	0.0000	0.0000	0.0000	0.0000	0.0000	0.0000	0.0000	0.0000	0.0000	0.0000	0.0000	0.0000	0.0000	0.0000	0.0000	0.0000	0.0000	0.0000	0.0000	0.0000	0.0000	0.0000	0.0000	0.0000	0.0000	0.0000	0.0000	0.0000	0.0000	0.0000	0.0000	0.0000	0.0000	0.0000	0.0000	0.0000	0.0000	0.0000											
30	33	0.0574	5	0	1	0	1	0	0	0	0	N	N	N	N	N	N	N	N	N	N	N	N	0.0000	0.0000	0.0000	0.0000	0.0000	0.0000	0.0000	0.0000	0.0000	0.0000	0.0000	0.0000	0.0000	0.0000	0.0000	0.0000	0.0000	0.0000	0.0000	0.0000	0.0000	2.0006	0.0000	8.0000	0.0000	0.0000	0.0000	0.0000	0.0000	0.0000	0.0000	0.0000	0.0000	0.0000	0.0000	0.0000	0.0000	0.0000	0.0000	0.0000	0.0000	0.0000	0.0000	0.0000	0.0000	0.0000	0.0000	0.0000	0.0000	0.0000	0.0000	0.0000	0.0000	0.0000	0.0000	0.0000	0.0000	0.0000	0.0000	0.0000	0.0000	0.0000	0.0000	0.0000	0.0000	0.0000	0.0000	0.0000	0.0000	0.0000	0.0000	0.0000	0.0000	0.0000	0.0000	0.0000	0.0000	0.0000											
30	34	0.0986	6	1	1	0	1	0	0	0	0	N	N	N	N	N	N	N	N	N	N	N	N	0.0000	0.0000	0.0000	0.0000	0.0000	0.0000	0.0000	0.0000	0.0000	0.0000	0.0000	0.0000	0.0000	0.0000	0.0000	0.0000	0.0000	0.0000	0.0000	0.0000	0.0000	10.0001	0.0000	4.0001	0.0000	0.0000	0.0000	0.0000	0.0000	0.0000	0.0000	0.0000	0.0000	0.0000	0.0000	0.0000	0.0000	0.0000	0.0000	0.0000	0.0000	0.0000	0.0000	0.0000	0.0000	0.0000	0.0000	0.0000	0.0000	0.0000	0.0000	0.0000	0.0000	0.0000	0.0000	0.0000	0.0000	0.0000	0.0000	0.0000	0.0000	0.0000	0.0000	0.0000	0.0000	0.0000	0.0000	0.0000	0.0000	0.0000	0.0000	0.0000	0.0000	0.0000	0.0000	0.0000	0.0000	0.0000											
30	35	0.0574	5	0	1	0	1	0	0	0	0	N	N	N	N	N	N	N	N	N	N	N	N	0.0000	0.0000	0.0000	0.0000	0.0000	0.0000	0.0000	0.0000	0.0000	0.0000	0.0000	0.0000	0.0000	0.0000	0.0000	0.0000	0.0000	0.0000	0.0000	0.0000	0.0000	3.0004	0.0000	2.0000	0.0000	0.0000	0.0000	0.0000	0.0000	0.0000	0.0000	0.0000	0.0000	0.0000	0.0000	0.0000	0.0000	0.0000	0.0000	0.0000	0.0000	0.0000	0.0000	0.0000	0.0000	0.0000	0.0000	0.0000	0.0000	0.0000	0.0000	0.0000	0.0000	0.0000	0.0000	0.0000	0.0000	0.0000	0.0000	0.0000	0.0000	0.0000	0.0000	0.0000	0.0000	0.0000	0.0000	0.0000	0.0000	0.0000	0.0000	0.0000	0.0000	0.0000	0.0000	0.0000	0.0000	0.0000											
30	36	0.6135	8	0	1	0	1	0	0	0	0	N	N	N	N	N	N	N	N	N	N	N	N	0.0000	0.0000	0.0000	0.0000	0.0000	0.0000	0.0000	0.0000	0.0000	0.0000	0.0000	0.0000	0.0000	0.0000	0.0000	0.0000	0.0000	0.0000	0.0000	0.0000	0.0000	3.0000	0.0000	3.0000	0.0000	0.0000	0.0000	0.0000	0.0000	0.0000	0.0000	0.0000	0.0000	0.0000	0.0000	0.0000	0.0000	0.0000	0.0000	0.0000	0.0000	0.0000	0.0000	0.0000	0.0000	0.0000	0.0000	0.0000	0.0000	0.0000	0.0000	0.0000	0.0000	0.0000	0.0000	0.0000	0.0000	0.0000	0.0000	0.0000	0.0000	0.0000	0.0000	0.0000	0.0000	0.0000	0.0000	0.0000	0.0000	0.0000	0.0000	0.0000	0.0000	0.0000	0.0000	0.0000	0.0000	0.0000											
30	37	0.0272	4	1	1	0	1	0	0	0	0	N	N	N	N	N	N	N	N	N	N	N	N	0.0000	0.0000	0.0000	0.0000	0.0000	0.0000	0.0000	0.0000	0.0000	0.0000	0.0000	0.0000	0.0000	0.0000	0.0000	0.0000	0.0000	0.0000	0.0000	0.0000	0.0000	4.2779	0.0000	3.9542	0.0000	0.0000	0.0000	0.0000	0.0000	0.0000	0.0000	0.0000	0.0000	0.0000	0.0000	0.0000	0.0000	0.0000	0.0000	0.0000	0.0000	0.0000	0.0000	0.0000	0.0000	0.0000	0.0000	0.0000	0.0000	0.0000	0.0000	0.0000	0.0000	0.0000	0.0000	0.0000	0.0000	0.0000	0.0000	0.0000	0.0000	0.0000	0.0000	0.0000	0.0000	0.0000	0.0000	0.0000	0.0000	0.0000	0.0000	0.0000	0.0000	0.0000	0.0000	0.0000	0.0000	0.0000											
30	38	0.6801	12	1	1	0	1	0	0	0	0	N	N	N	N	N	N	N	N	N	N	N	N	0.0000	0.0000	0.0000	0.0000	0.0000	0.0000	0.0000	0.0000	0.0000	0.0000	0.0000	0.0000	0.0000	0.0000	0.0000	0.0000	0.0000	0.0000	0.0000	0.0000	0.0000	2.8243	0.0000	1.0201	0.0000	0.0000	0.0000	0.0000	0.0000	0.0000	0.0000	0.0000	0.0000	0.0000	0.0000	0.0000	0.0000	0.0000	0.0000	0.0000	0.0000	0.0000	0.0000	0.0000	0.0000	0.0000	0.0000	0.0000	0.0000	0.0000	0.0000	0.0000	0.0000	0.0000	0.0000	0.0000	0.0000	0.0000	0.0000	0.0000	0.0000	0.0000	0.0000	0.0000	0.0000	0.0000	0.0000	0.0000	0.0000	0.0000	0.0000	0.0000	0.0000	0.0000	0.0000	0.0000	0.0000	0.0000											
30	39	0.0986	6	0	1	0	1	0	0	0	0	N	N	N	N	N	N	N	N	N	N	N	N	0.0000	0.0000	0.0000	0.0000	0.0000	0.0000	0.0000	0.0000	0.0000	0.0000	0.0000	0.0000	0.0000	0.0000	0.0000	0.0000	0.0000	0.0000	0.0000	0.0000	0.0000	5.0001	0.0000	5.0000	0.0000	0.0000	0.0000	0.0000	0.0000	0.0000	0.0000	0.0000	0.0000	0.0000	0.0000	0.0000	0.0000	0.0000	0.0000	0.0000	0.0000	0.0000	0.0000	0.0000	0.0000	0.0000	0.0000	0.0000	0.0000	0.0000	0.0000	0.0000	0.0000	0.0000	0.0000	0.0000	0.0000	0.0000	0.0000	0.0000	0.0000	0.0000	0.0000	0.0000	0.0000	0.0000	0.0000	0.0000	0.0000	0.0000	0.0000	0.0000	0.0000	0.0000	0.0000	0.0000	0.0000	0.0000											
30	40	0.6359	9	0	1	0	1	0	0	0	0	N	N	N	N	N	N	N	N	N	N	N	N	0.0000	0.0000	0.0000	0.0000	0.0000	0.0000	0.0000	0.0000	0.0000	0.0000	0.0000	0.0000	0.0000	0.0000	0.0000	0.0000	0.0000	0.0000	0.0000	0.0000	0.0000	0.0000	0.0000	2.0000	0.0000	0.0000	0.0000	0.0000	0.0000	0.0000	0.0000	0.0000	0.0000	0.0000	0.0000	0.0000	0.0000	0.0000	0.0000	0.0000	0.0000	0.0000	0.0000	0.0000	0.0000	0.0000	0.0000	0.0000	0.0000	0.0000	0.0000	0.0000	0.0000	0.0000	0.0000	0.0000	0.0000	0.0000	0.0000	0.0000	0.0000	0.0000	0.0000	0.0000	0.0000	0.0000	0.0000	0.0000	0.0000	0.0000	0.0000	0.0000	0.0000	0.0000	0.0000	0.0000	0.0000	0.0000											
30	41	0.0986	6	0	1	0	1	0	0	0	0	N	N	N	N	N	N	N	N	N	N	N	N	0.0000	0.0000	0.0000	0.0000	0.0000	0.0000	0.0000	0.0000	0.0000	0.0000	0.0000	0.0000	0.0000	0.0000	0.0000	0.0000	0.0000	0.0000	0.0000	0.0000	0.0000	5.9998	0.0000	3.0000	0.0000	0.0000	0.0000	0.0000	0.0000	0.0000	0.0000	0.0000	0.0000	0.0000	0.0000	0.0000	0.0000	0.0000	0.0000	0.0000	0.0000	0.0000	0.0000	0.0000	0.0000	0.0000	0.0000	0.0000	0.0000	0.0000	0.0000	0.0000	0.0000	0.0000	0.0000	0.0000	0.0000	0.0000	0.0000	0.0000	0.0000	0.0000	0.0000	0.0000	0.0000	0.0000	0.0000	0.0000	0.0000	0.0000	0.0000	0.0000	0.0000	0.0000	0.0000	0.0000	0.0000	0.0000											
30	42	0.7020	13	0	1	1	2	0	0	0	0	N	N	N	Y	N	N	N	N	N	N	N	N	0.0000	0.0000	0.0000	0.0000	0.0000	0.0000	0.0000	0.0000	0.0000	0.0000	0.0000	0.0000	0.0000	0.0000	0.0000	0.0000	0.0000	0.0000	0.0000	0.0000	0.0000	0.0011	0.0000	1.0134	0.0000	0.0000	0.0000	0.0000	0.0000	0.0000	0.0000	0.0000	0.0000	0.0000	0.0000	0.0000	0.0000	0.0000	0.0000	0.0000	0.0000	0.0000	0.0000	0.0000	0.0000	0.0000	0.0000	0.0000	0.0000	0.0000	0.0000	0.0000	0.0000	0.0000	0.0000	0.0000	0.0000	0.0000	0.0000	0.0000	0.0000	0.0000	0.0000	0.0000	0.0000	0.0000	0.0000	0.0000	0.0000	0.0000	0.0000	0.0000	0.0000	0.0000	0.0000	0.0000	0.0000	0.0000											
30	43	0.6801	12	0	0	0	2	0	0	0	0	N	N	N	Y	N	N	N	N	N	N	N	N	0.0000	0.0000	0.0000	0.0000	0.0000	0.0000	0.0000	0.0000	0.0000	0.0000	0.0000	0.0000	0.0000	0.0000	0.0000	0.0000	0.0000	0.0000	0.0000	0.0000	0.0000	2.8187	0.0000	0.0347	0.0000	0.0000	0.0000	0.0000	0.0000	0.0000	0.0000	0.0000	0.0000	0.0000	0.0000	0.0000	0.0000	0.0000	0.0000	0.0000	0.0000	0.0000	0.0000	0.0000	0.0000	0.0000	0.0000	0.0000	0.0000	0.0000	0.0000	0.0000	0.0000	0.0000	0.0000	0.0000	0.0000	0.0000	0.0000	0.0000	0.0000	0.0000	0.0000	0.0000	0.0000	0.0000	0.0000	0.0000	0.0000	0.0000	0.0000	0.0000	0.0000	0.0000	0.0000	0.0000	0.0000	0.0000											
30	44	0.6675	11	0	0	0	1	0	0	0	0	N	N	N	N	N	N	N	N	N	N	N	N	0.0000	0.0000	0.0000	0.0000	0.0000	0.0000	0.0000	0.0000	0.0000	0.0000	0.0000	0.0000	0.0000	0.0000	0.0000	0.0000	0.0000	0.0000	0.0000	0.0000	0.0000	0.9605	0.0000	1.0076	0.0000	0.0000	0.0000	0.0000	0.0000	0.0000	0.0000	0.0000	0.0000	0.0000	0.0000	0.0000	0.0000	0.0000	0.0000	0.0000	0.0000	0.0000	0.0000	0.0000	0.0000	0.0000	0.0000	0.0000	0.0000	0.0000	0.0000	0.0000	0.0000	0.0000	0.0000	0.0000	0.0000	0.0000	0.0000	0.0000	0.0000	0.0000	0.0000	0.0000	0.0000	0.0000	0.0000	0.0000	0.0000	0.0000	0.0000	0.0000	0.0000	0.0000	0.0000	0.0000	0.0000	0.0000											
30	45	0.0346	4	0	1	1	2	0	0	0	0	N	N	N	Y	N	N	N	N	N	N	N	N	0.0000	0.0000	0.0000	0.0000	0.0000	0.0000	0.0000	0.0000	0.0000	0.0000	0.0000	0.0000	0.0000	0.0000	0.0000	0.0000	0.0000	0.0000	0.0000	0.0000	0.0000	1.0000	0.0000	1.0000	0.0000	0.0000	0.0000	0.0000	0.0000	0.0000	0.0000	0.0000	0.0000	0.0000	0.0000	0.0000	0.0000	0.0000	0.0000	0.0000	0.0000	0.0000	0.0000	0.0000	0.0000	0.0000	0.0000	0.0000	0.0000	0.0000	0.0000	0.0000	0.0000	0.0000	0.0000	0.0000	0.0000	0.0000	0.0000	0.0000	0.0000	0.0000	0.0000	0.0000	0.0000	0.0000	0.0000	0.0000	0.0000	0.0000	0.0000	0.0000	0.0000	0.0000	0.0000	0.0000	0.0000	0.0000											
30	46	0.6135	8	0	1	0	1	0	0	0	0	N	N	N	N	N	N	N	N	N	N	N	N	0.0000	0.0000	0.0000	0.0000	0.0000	0.0000	0.0000	0.0000	0.0000	0.0000	0.0000	0.0000	0.0000	0.0000	0.0000	0.0000	0.0000	0.0000	0.0000	0.0000	0.0000	0.0000	0.0000	0.0000	0.0000	0.0000	0.0000	0.0000	0.0000	0.0000	0.0000	0.0000	0.0000	0.0000	0.0000	0.0000	0.0000	0.0000	0.0000	0.0000	0.0000	0.0000	0.0000	0.0000	0.0000	0.0000	0.0000	0.0000	0.0000	0.0000	0.0000	0.0000	0.0000	0.0000	0.0000	0.0000	0.0000	0.0000	0.0000	0.0000	0.0000	0.0000	0.0000	0.0000	0.0000	0.0000	0.0000	0.0000	0.0000	0.0000	0.0000	0.0000	0.0000	0.0000	0.0000	0.0000	0.0000	0.0000											
30	47	0.6675	11	0	1	0	2	0	0	0	0	N	N	N	Y	N	N	N	N	N	N	N	N	0.0000	0.0000	0.0000	0.0000	0.0000	0.0000	0.0000	0.0000	0.0000	0.0000	0.0000	0.0000	0.0000	0.0000	0.0000	0.0000	0.0000	0.0000	0.0000	0.0000	0.0000	0.0000	0.0000	1.0000	0.0000	0.0000	0.0000	0.0000	0.0000	0.0000	0.0000	0.0000	0.0000	0.0000	0.0000	0.0000	0.0000	0.0000	0.0000	0.0000	0.0000	0.0000	0.0000	0.0000	0.0000	0.0000	0.0000	0.0000	0.0000	0.0000	0.0000	0.0000	0.0000	0.0000	0.0000	0.0000	0.0000	0.0000	0.0000	0.0000	0.0000	0.0000	0.0000	0.0000	0.0000	0.0000	0.0000	0.0000	0.0000	0.0000	0.0000	0.0000	0.0000	0.0000	0.0000	0.0000	0.0000	0.0000											
30	48	0.6135	8	1	1	0	1	0	0	0	0	N	N	N	N	N	N	N	N	N	N	N	N	0.0000	0.0000	0.0000	0.0000	0.0000	0.0000	0.0000	0.0000	0.0000	0.0000	0.0000	0.0000	0.0000	0.0000	0.0000	0.0000	0.0000	0.0000	0.0000	0.0000	0.0000	0.0000	0.0000	4.0000	0.0000	0.0000	0.0000	0.0000	0.0000	0.0000	0.0000	0.0000	0.0000	0.0000	0.0000	0.0000	0.0000	0.0000	0.0000	0.0000	0.0000	0.0000	0.0000	0.0000	0.0000	0.0000	0.0000	0.0000	0.0000	0.0000	0.0000	0.0000	0.0000	0.0000	0.0000	0.0000	0.0000	0.0000	0.0000	0.0000	0.0000	0.0000	0.0000	0.0000	0.0000	0.0000	0.0000	0.0000	0.0000	0.0000	0.0000	0.0000	0.0000	0.0000	0.0000	0.0000	0.0000	0.0000											
30	49	0.6882	12	0	0	1	1	0	0	0	0	N	N	N	N	N	N	N	N	N	N	N	N	0.0000	0.0000	0.0000	0.0000	0.0000	0.0000	0.0000	0.0000	0.0000	0.0000	0.0000	0.0000	0.0000	0.0000	0.0000	0.0000	0.0000	0.0000	0.0000	0.0000	0.0000	0.0000	0.0000	0.0000	0.0000	0.0000	0.0000	0.0000	0.0000	0.0000	0.0000	0.0000	0.0000	0.0000	0.0000	0.0000	0.0000	0.0000	0.0000	0.0000	0.0000	0.0000	0.0000	0.0000	0.0000	0.0000	0.0000	0.0000	0.0000	0.0000	0.0000	0.0000	0.0000	0.0000	0.0000	0.0000	0.0000	0.0000	0.0000	0.0000	0.0000	0.0000	0.0000	0.0000	0.0000	0.0000	0.0000	0.0000	0.0000	0.0000	0.0000	0.0000	0.0000	0.0000	0.0000	0.0000	0.0000	0.0000											
30	50	0.0593	5	0	0	1	1	0	0	0	0	N	N	N	N	N	N	N	N	N	N	N	N	0.0000	0.0000	0.0000	0.0000	0.0000	0.0000	0.0000	0.0000	0.0000	0.0000	0.0000	0.0000	0.0000	0.0000	0.0000	0.0000	0.0000	0.0000	0.0000	0.0000	0.0000	1.0000	0.0000	1.0000	0.0000	0.0000	0.0000	0.0000	0.0000	0.0000	0.0000	0.0000	0.0000	0.0000	0.0000	0.0000	0.0000	0.0000	0.0000	0.0000	0.0000	0.0000	0.0000	0.0000	0.0000	0.0000	0.0000	0.0000	0.0000	0.0000	0.0000	0.0000	0.0000	0.0000	0.0000	0.0000	0.0000	0.0000	0.0000	0.0000	0.0000	0.0000	0.0000	0.0000	0.0000	0.0000	0.0000	0.0000	0.0000	0.0000	0.0000	0.0000	0.0000	0.0000	0.0000	0.0000	0.0000	0.0000											
30	51	0.0638	5	0	1	0	1	0	0	0	0	N	N	N	N	N	N	N	N	N	N	N	N	0.0000	0.0000	0.0000	0.0000	0.0000	0.0000	0.0000	0.0000	0.0000	0.0000	0.0000	0.0000	0.0000	0.0000	0.0000	0.0000	0.0000	0.0000	0.0000	0.0000	0.0000	0.0003	0.0000	0.9690	0.0000	0.0000	0.0000	0.0000	0.0000	0.0000	0.0000	0.0000	0.0000	0.0000	0.0000	0.0000	0.0000	0.0000	0.0000	0.0000	0.0000	0.0000	0.0000	0.0000	0.0000	0.0000	0.0000	0.0000	0.0000	0.0000	0.0000	0.0000	0.0000	0.0000	0.0000	0.0000	0.0000	0.0000	0.0000	0.0000	0.0000	0.0000	0.0000	0.0000	0.0000	0.0000	0.0000	0.0000	0.0000	0.0000	0.0000	0.0000	0.0000	0.0000	0.0000	0.0000	0.0000	0.0000											
30	52	0.6915	12	0	1	0	1	0	0	0	0	N	N	N	N	N	N	N	N	N	N	N	N	0.0000	0.0000	0.0000	0.0000	0.0000	0.0000	0.0000	0.0000	0.0000	0.0000	0.0000	0.0000	0.0000	0.0000	0.0000	0.0000	0.0000	0.0000	0.0000	0.0000	0.0000	0.9211	0.0000	0.1671	0.0000	0.0000	0.0000	0.0000	0.0000	0.0000	0.0000	0.0000	0.0000	0.0000	0.0000	0.0000	0.0000	0.0000	0.0000	0.0000	0.0000	0.0000	0.0000	0.0000	0.0000	0.0000	0.0000	0.0000	0.0000	0.0000	0.0000	0.0000	0.0000	0.0000	0.0000	0.0000	0.0000	0.0000	0.0000	0.0000	0.0000	0.0000	0.0000	0.0000	0.0000	0.0000	0.0000	0.0000	0.0000	0.0000	0.0000	0.0000	0.0000	0.0000	0.0000	0.0000	0.0000	0.0000											
30	53	0.0346	4	0	1	0	1	0	0	0	0	N	N	N	N	N	N	N	N	N	N	N	N	0.0000	0.0000	0.0000	0.0000	0.0000	0.0000	0.0000	0.0000	0.0000	0.0000	0.0000	0.0000	0.0000	0.0000	0.0000	0.0000	0.0000	0.0000	0.0000	0.0000	0.0000	1.0000	0.0000	5.0000	0.0000	0.0000	0.0000	0.0000	0.0000	0.0000	0.0000	0.0000	0.0000	0.0000	0.0000	0.0000	0.0000	0.0000	0.0000	0.0000	0.0000	0.0000	0.0000	0.0000	0.0000	0.0000	0.0000	0.0000	0.0000	0.0000	0.0000	0.0000	0.0000	0.0000	0.0000	0.0000	0.0000	0.0000	0.0000	0.0000	0.0000	0.0000	0.0000	0.0000	0.0000	0.0000	0.0000	0.0000	0.0000	0.0000	0.0000	0.0000	0.0000	0.0000	0.0000	0.0000	0.0000	0.0000											
30	54	0.0194	3	0	0	0	1	0	0	0	0	N	N	N	N	N	N	N	N	N	N	N	N	0.0000	0.0000	0.0000	0.0000	0.0000	0.0000	0.0000	0.0000	0.0000	0.0000	0.0000	0.0000	0.0000	0.0000	0.0000	0.0000	0.0000	0.0000	0.0000	0.0000	0.0000	0.0000	0.0000	2.9157	0.0000	0.0000	0.0000	0.0000	0.0000	0.0000	0.0000	0.0000	0.0000	0.0000	0.0000	0.0000	0.0000	0.0000	0.0000	0.0000	0.0000	0.0000	0.0000	0.0000	0.0000	0.0000	0.0000	0.0000	0.0000	0.0000	0.0000	0.0000	0.0000	0.0000	0.0000	0.0000	0.0000	0.0000	0.0000	0.0000	0.0000	0.0000	0.0000	0.0000	0.0000	0.0000	0.0000	0.0000	0.0000	0.0000	0.0000	0.0000	0.0000	0.0000	0.0000	0.0000	0.0000	0.0000											
30	55	0.6675	11	0	1	0	1	0	0	0	0	N	N	N	N	N	N	N	N	N	N	N	N	0.0000	0.0000	0.0000	0.0000	0.0000	0.0000	0.0000	0.0000	0.0000	0.0000	0.0000	0.0000	0.0000	0.0000	0.0000	0.0000	0.0000	0.0000	0.0000	0.0000	0.0000	2.0000	0.0000	3.0000	0.0000	0.0000	0.0000	0.0000	0.0000	0.0000	0.0000	0.0000	0.0000	0.0000	0.0000	0.0000	0.0000	0.0000	0.0000	0.0000	0.0000	0.0000	0.0000	0.0000	0.0000	0.0000	0.0000	0.0000	0.0000	0.0000	0.0000	0.0000	0.0000	0.0000	0.0000	0.0000	0.0000	0.0000	0.0000	0.0000	0.0000	0.0000	0.0000	0.0000	0.0000	0.0000	0.0000	0.0000	0.0000	0.0000	0.0000	0.0000	0.0000	0.0000	0.0000	0.0000	0.0000	0.0000											
30	56	0.0272	4	0	1	0	2	0	0	0	0	N	N	N	Y	N	N	N	N	N	N	N	N	0.0000	0.0000	0.0000	0.0000	0.0000	0.0000	0.0000	0.0000	0.0000	0.0000	0.0000	0.0000	0.0000	0.0000	0.0000	0.0000	0.0000	0.0000	0.0000	0.0000	0.0000	1.7218	0.0000	6.9557	0.0000	0.0000	0.0000	0.0000	0.0000	0.0000	0.0000	0.0000	0.0000	0.0000	0.0000	0.0000	0.0000	0.0000	0.0000	0.0000	0.0000	0.0000	0.0000	0.0000	0.0000	0.0000	0.0000	0.0000	0.0000	0.0000	0.0000	0.0000	0.0000	0.0000	0.0000	0.0000	0.0000	0.0000	0.0000	0.0000	0.0000	0.0000	0.0000	0.0000	0.0000	0.0000	0.0000	0.0000	0.0000	0.0000	0.0000	0.0000	0.0000	0.0000	0.0000	0.0000	0.0000	0.0000											
30	57	0.0986	6	1	0	1	1	0	0	0	0	N	N	N	N	N	N	N	N	N	N	N	N	0.0000	0.0000	0.0000	0.0000	0.0000	0.0000	0.0000	0.0000	0.0000	0.0000	0.0000	0.0000	0.0000	0.0000	0.0000	0.0000	0.0000	0.0000	0.0000	0.0000	0.0000	8.9999	0.0000	5.0001	0.0000	0.0000	0.0000	0.0000	0.0000	0.0000	0.0000	0.0000	0.0000	0.0000	0.0000	0.0000	0.0000	0.0000	0.0000	0.0000	0.0000	0.0000	0.0000	0.0000	0.0000	0.0000	0.0000	0.0000	0.0000	0.0000	0.0000	0.0000	0.0000	0.0000	0.0000	0.0000	0.0000	0.0000	0.0000	0.0000	0.0000	0.0000	0.0000	0.0000	0.0000	0.0000	0.0000	0.0000	0.0000	0.0000	0.0000	0.0000	0.0000	0.0000	0.0000	0.0000	0.0000	0.0000											
30	58	0.6135	8	1	0	1	1	0	0	0	0	N	N	N	N	N	N	N	N	N	N	N	N	0.0000	0.0000	0.0000	0.0000	0.0000	0.0000	0.0000	0.0000	0.0000	0.0000	0.0000	0.0000	0.0000	0.0000	0.0000	0.0000	0.0000	0.0000	0.0000	0.0000	0.0000	0.0000	0.0000	1.0000	0.0000	0.0000	0.0000	0.0000	0.0000	0.0000	0.0000	0.0000	0.0000	0.0000	0.0000	0.0000	0.0000	0.0000	0.0000	0.0000	0.0000	0.0000	0.0000	0.0000	0.0000	0.0000	0.0000	0.0000	0.0000	0.0000	0.0000	0.0000	0.0000	0.0000	0.0000	0.0000	0.0000	0.0000	0.0000	0.0000	0.0000	0.0000	0.0000	0.0000	0.0000	0.0000	0.0000	0.0000	0.0000	0.0000	0.0000	0.0000	0.0000	0.0000	0.0000	0.0000	0.0000	0.0000											
30	59	0.0638	5	0	0	1	1	0	0	0	0	N	N	N	N	N	N	N	N	N	N	N	N	0.0000	0.0000	0.0000	0.0000	0.0000	0.0000	0.0000	0.0000	0.0000	0.0000	0.0000	0.0000	0.0000	0.0000	0.0000	0.0000	0.0000	0.0000	0.0000	0.0000	0.0000	0.0006	0.0000	1.1867	0.0000	0.0000	0.0000	0.0000	0.0000	0.0000	0.0000	0.0000	0.0000	0.0000	0.0000	0.0000	0.0000	0.0000	0.0000	0.0000	0.0000	0.0000	0.0000	0.0000	0.0000	0.0000	0.0000	0.0000	0.0000	0.0000	0.0000	0.0000	0.0000	0.0000	0.0000	0.0000	0.0000	0.0000	0.0000	0.0000	0.0000	0.0000	0.0000	0.0000	0.0000	0.0000	0.0000	0.0000	0.0000	0.0000	0.0000	0.0000	0.0000	0.0000	0.0000	0.0000	0.0000	0.0000											
30	60	0.0272	4	0	0	0	1	0	0	0	0	N	N	N	N	N	N	N	N	N	N	N	N	0.0000	0.0000	0.0000	0.0000	0.0000	0.0000	0.0000	0.0000	0.0000	0.0000	0.0000	0.0000	0.0000	0.0000	0.0000	0.0000	0.0000	0.0000	0.0000	0.0000	0.0000	2.2785	0.0000	4.8627	0.0000	0.0000	0.0000	0.0000	0.0000	0.0000	0.0000	0.0000	0.0000	0.0000	0.0000	0.0000	0.0000	0.0000	0.0000	0.0000	0.0000	0.0000	0.0000	0.0000	0.0000	0.0000	0.0000	0.0000	0.0000	0.0000	0.0000	0.0000	0.0000	0.0000	0.0000	0.0000	0.0000	0.0000	0.0000	0.0000	0.0000	0.0000	0.0000	0.0000	0.0000	0.0000	0.0000	0.0000	0.0000	0.0000	0.0000	0.0000	0.0000	0.0000	0.0000	0.0000	0.0000	0.0000											
30	61	0.6915	12	0	0	1	1	0	0	0	0	N	N	N	N	N	N	N	N	N	N	N	N	0.0000	0.0000	0.0000	0.0000	0.0000	0.0000	0.0000	0.0000	0.0000	0.0000	0.0000	0.0000	0.0000	0.0000	0.0000	0.0000	0.0000	0.0000	0.0000	0.0000	0.0000	1.0901	0.0000	7.9319	0.0000	0.0000	0.0000	0.0000	0.0000	0.0000	0.0000	0.0000	0.0000	0.0000	0.0000	0.0000	0.0000	0.0000	0.0000	0.0000	0.0000	0.0000	0.0000	0.0000	0.0000	0.0000	0.0000	0.0000	0.0000	0.0000	0.0000	0.0000	0.0000	0.0000	0.0000	0.0000	0.0000	0.0000	0.0000	0.0000	0.0000	0.0000	0.0000	0.0000	0.0000	0.0000	0.0000	0.0000	0.0000	0.0000	0.0000	0.0000	0.0000	0.0000	0.0000	0.0000	0.0000	0.0000											
30	62	0.6614	11	0	0	0	1	0	0	0	0	N	N	N	N	N	N	N	N	N	N	N	N	0.0000	0.0000	0.0000	0.0000	0.0000	0.0000	0.0000	0.0000	0.0000	0.0000	0.0000	0.0000	0.0000	0.0000	0.0000	0.0000	0.0000	0.0000	0.0000	0.0000	0.0000	1.6797	0.0000	2.9843	0.0000	0.0000	0.0000	0.0000	0.0000	0.0000	0.0000	0.0000	0.0000	0.0000	0.0000	0.0000	0.0000	0.0000	0.0000	0.0000	0.0000	0.0000	0.0000	0.0000	0.0000	0.0000	0.0000	0.0000	0.0000	0.0000	0.0000	0.0000	0.0000	0.0000	0.0000	0.0000	0.0000	0.0000	0.0000	0.0000	0.0000	0.0000	0.0000	0.0000	0.0000	0.0000	0.0000	0.0000	0.0000	0.0000	0.0000	0.0000	0.0000	0.0000	0.0000	0.0000	0.0000	0.0000											
30	63	0.6513	10	0	0	0	1	0	0	0	0	N	N	N	N	N	N	N	N	N	N	N	N	0.0000	0.0000	0.0000	0.0000	0.0000	0.0000	0.0000	0.0000	0.0000	0.0000	0.0000	0.0000	0.0000	0.0000	0.0000	0.0000	0.0000	0.0000	0.0000	0.0000	0.0000	0.4935	0.0000	1.5835	0.0000	0.0000	0.0000	0.0000	0.0000	0.0000	0.0000	0.0000	0.0000	0.0000	0.0000	0.0000	0.0000	0.0000	0.0000	0.0000	0.0000	0.0000	0.0000	0.0000	0.0000	0.0000	0.0000	0.0000	0.0000	0.0000	0.0000	0.0000	0.0000	0.0000	0.0000	0.0000	0.0000	0.0000	0.0000	0.0000	0.0000	0.0000	0.0000	0.0000	0.0000	0.0000	0.0000	0.0000	0.0000	0.0000	0.0000	0.0000	0.0000	0.0000	0.0000	0.0000	0.0000	0.0000											
30	64	0.6882	12	0	1	0	1	0	0	0	0	N	N	N	N	N	N	N	N	N	N	N	N	0.0000	0.0000	0.0000	0.0000	0.0000	0.0000	0.0000	0.0000	0.0000	0.0000	0.0000	0.0000	0.0000	0.0000	0.0000	0.0000	0.0000	0.0000	0.0000	0.0000	0.0000	0.2944	0.0000	1.0083	0.0000	0.0000	0.0000	0.0000	0.0000	0.0000	0.0000	0.0000	0.0000	0.0000	0.0000	0.0000	0.0000	0.0000	0.0000	0.0000	0.0000	0.0000	0.0000	0.0000	0.0000	0.0000	0.0000	0.0000	0.0000	0.0000	0.0000	0.0000	0.0000	0.0000	0.0000	0.0000	0.0000	0.0000	0.0000	0.0000	0.0000	0.0000	0.0000	0.0000	0.0000	0.0000	0.0000	0.0000	0.0000	0.0000	0.0000	0.0000	0.0000	0.0000	0.0000	0.0000	0.0000	0.0000											
30	65	0.6675	11	0	0	0	1	0	0	0	0	N	N	N	N	N	N	N	N	N	N	N	N	0.0000	0.0000	0.0000	0.0000	0.0000	0.0000	0.0000	0.0000	0.0000	0.0000	0.0000	0.0000	0.0000	0.0000	0.0000	0.0000	0.0000	0.0000	0.0000	0.0000	0.0000	1.1351	0.0000	2.0429	0.0000	0.0000	0.0000	0.0000	0.0000	0.0000	0.0000	0.0000	0.0000	0.0000	0.0000	0.0000	0.0000	0.0000	0.0000	0.0000	0.0000	0.0000	0.0000	0.0000	0.0000	0.0000	0.0000	0.0000	0.0000	0.0000	0.0000	0.0000	0.0000	0.0000	0.0000	0.0000	0.0000	0.0000	0.0000	0.0000	0.0000	0.0000	0.0000	0.0000	0.0000	0.0000	0.0000	0.0000	0.0000	0.0000	0.0000	0.0000	0.0000	0.0000	0.0000	0.0000	0.0000	0.0000											
30	66	0.6513	10	0	0	0	1	0	0	0	0	N	N	N	N	N	N	N	N	N	N	N	N	0.0000	0.0000	0.0000	0.0000	0.0000	0.0000	0.0000	0.0000	0.0000	0.0000	0.0000	0.0000	0.0000	0.0000	0.0000	0.0000	0.0000	0.0000	0.0000	0.0000	0.0000	0.4912	0.0000	2.4266	0.0000	0.0000	0.0000	0.0000	0.0000	0.0000	0.0000	0.0000	0.0000	0.0000	0.0000	0.0000	0.0000	0.0000	0.0000	0.0000	0.0000	0.0000	0.0000	0.0000	0.0000	0.0000	0.0000	0.0000	0.0000	0.0000	0.0000	0.0000	0.0000	0.0000	0.0000	0.0000	0.0000	0.0000	0.0000	0.0000	0.0000	0.0000	0.0000	0.0000	0.0000	0.0000	0.0000	0.0000	0.0000	0.0000	0.0000	0.0000	0.0000	0.0000	0.0000	0.0000	0.0000	0.0000											
30	67	0.6461	9	0	0	0	1	0	0	0	0	N	N	N	N	N	N	N	N	N	N	N	N	0.0000	0.0000	0.0000	0.0000	0.0000	0.0000	0.0000	0.0000	0.0000	0.0000	0.0000	0.0000	0.0000	0.0000	0.0000	0.0000	0.0000	0.0000	0.0000	0.0000	0.0000	0.6141	0.0000	1.2701	0.0000	0.0000	0.0000	0.0000	0.0000	0.0000	0.0000	0.0000	0.0000	0.0000	0.0000	0.0000	0.0000	0.0000	0.0000	0.0000	0.0000	0.0000	0.0000	0.0000	0.0000	0.0000	0.0000	0.0000	0.0000	0.0000	0.0000	0.0000	0.0000	0.0000	0.0000	0.0000	0.0000	0.0000	0.0000	0.0000	0.0000	0.0000	0.0000	0.0000	0.0000	0.0000	0.0000	0.0000	0.0000	0.0000	0.0000	0.0000	0.0000	0.0000	0.0000	0.0000	0.0000	0.0000											
30	68	0.6135	8	1	1	1	1	0	0	0	0	N	N	N	N	N	N	N	N	N	N	N	N	0.0000	0.0000	0.0000	0.0000	0.0000	0.0000	0.0000	0.0000	0.0000	0.0000	0.0000	0.0000	0.0000	0.0000	0.0000	0.0000	0.0000	0.0000	0.0000	0.0000	0.0000	0.0000	0.0000	0.0000	0.0000	0.0000	0.0000	0.0000	0.0000	0.0000	0.0000	0.0000	0.0000	0.0000	0.0000	0.0000	0.0000	0.0000	0.0000	0.0000	0.0000	0.0000	0.0000	0.0000	0.0000	0.0000	0.0000	0.0000	0.0000	0.0000	0.0000	0.0000	0.0000	0.0000	0.0000	0.0000	0.0000	0.0000	0.0000	0.0000	0.0000	0.0000	0.0000	0.0000	0.0000	0.0000	0.0000	0.0000	0.0000	0.0000	0.0000	0.0000	0.0000	0.0000	0.0000	0.0000	0.0000	0.0000											
30	69	0.1439	8	1	1	1	1	0	0	0	0	N	N	N	N	N	N	N	N	N	N	N	N	0.0000	0.0000	0.0000	0.0000	0.0000	0.0000	0.0000	0.0000	0.0000	0.0000	0.0000	0.0000	0.0000	0.0000	0.0000	0.0000	0.0000	0.0000	0.0000	0.0000	0.0000	1.0000	0.0000	0.0000	0.0000	0.0000	0.0000	0.0000	0.0000	0.0000	0.0000	0.0000	0.0000	0.0000	0.0000	0.0000	0.0000	0.0000	0.0000	0.0000	0.0000	0.0000	0.0000	0.0000	0.0000	0.0000	0.0000	0.0000	0.0000	0.0000	0.0000	0.0000	0.0000	0.0000	0.0000	0.0000	0.0000	0.0000	0.0000	0.0000	0.0000	0.0000	0.0000	0.0000	0.0000	0.0000	0.0000	0.0000	0.0000	0.0000	0.0000	0.0000	0.0000	0.0000	0.0000	0.0000	0.0000	0.0000											
30	70	0.1439	8	1	1	1	1	0	0	0	0	N	N	N	N	N	N	N	N	N	N	N	N	0.0000	0.0000	0.0000	0.0000	0.0000	0.0000	0.0000	0.0000	0.0000	0.0000	0.0000	0.0000	0.0000	0.0000	0.0000	0.0000	0.0000	0.0000	0.0000	0.0000	0.0000	0.0000	0.0000	0.0000	0.0000	0.0000	0.0000	0.0000	0.0000	0.0000	0.0000	0.0000	0.0000	0.0000	0.0000	0.0000	0.0000	0.0000	0.0000	0.0000	0.0000	0.0000	0.0000	0.0000	0.0000	0.0000	0.0000	0.0000	0.0000	0.0000	0.0000	0.0000	0.0000	0.0000	0.0000	0.0000	0.0000	0.0000	0.0000	0.0000	0.0000	0.0000	0.0000	0.0000	0.0000	0.0000	0.0000	0.0000	0.0000	0.0000	0.0000	0.0000	0.0000	0.0000	0.0000	0.0000	0.0000	0.0000											
30	71	0.1216	7	1	1	1	1	0	0	0	0	N	N	N	N	N	N	N	N	N	N	N	N	0.0000	0.0000	0.0000	0.0000	0.0000	0.0000	0.0000	0.0000	0.0000	0.0000	0.0000	0.0000	0.0000	0.0000	0.0000	0.0000	0.0000	0.0000	0.0000	0.0000	0.0000	2.0000	0.0000	1.0000	0.0000	0.0000	0.0000	0.0000	0.0000	0.0000	0.0000	0.0000	0.0000	0.0000	0.0000	0.0000	0.0000	0.0000	0.0000	0.0000	0.0000	0.0000	0.0000	0.0000	0.0000	0.0000	0.0000	0.0000	0.0000	0.0000	0.0000	0.0000	0.0000	0.0000	0.0000	0.0000	0.0000	0.0000	0.0000	0.0000	0.0000	0.0000	0.0000	0.0000	0.0000	0.0000	0.0000	0.0000	0.0000	0.0000	0.0000	0.0000	0.0000	0.0000	0.0000	0.0000	0.0000	0.0000											
30	72	0.0986	6	1	0	1	1	0	0	0	0	N	N	N	N	N	N	N	N	N	N	N	N	0.0000	0.0000	0.0000	0.0000	0.0000	0.0000	0.0000	0.0000	0.0000	0.0000	0.0000	0.0000	0.0000	0.0000	0.0000	0.0000	0.0000	0.0000	0.0000	0.0000	0.0000	1.0017	0.0000	2.0007	0.0000	0.0000	0.0000	0.0000	0.0000	0.0000	0.0000	0.0000	0.0000	0.0000	0.0000	0.0000	0.0000	0.0000	0.0000	0.0000	0.0000	0.0000	0.0000	0.0000	0.0000	0.0000	0.0000	0.0000	0.0000	0.0000	0.0000	0.0000	0.0000	0.0000	0.0000	0.0000	0.0000	0.0000	0.0000	0.0000	0.0000	0.0000	0.0000	0.0000	0.0000	0.0000	0.0000	0.0000	0.0000	0.0000	0.0000	0.0000	0.0000	0.0000	0.0000	0.0000	0.0000	0.0000											
30	73	0.6327	9	1	1	0	1	0	0	0	0	N	N	N	N	N	N	N	N	N	N	N	N	0.0000	0.0000	0.0000	0.0000	0.0000	0.0000	0.0000	0.0000	0.0000	0.0000	0.0000	0.0000	0.0000	0.0000	0.0000	0.0000	0.0000	0.0000	0.0000	0.0000	0.0000	0.0000	0.0000	0.0000	0.0000	0.0000	0.0000	0.0000	0.0000	0.0000	0.0000	0.0000	0.0000	0.0000	0.0000	0.0000	0.0000	0.0000	0.0000	0.0000	0.0000	0.0000	0.0000	0.0000	0.0000	0.0000	0.0000	0.0000	0.0000	0.0000	0.0000	0.0000	0.0000	0.0000	0.0000	0.0000	0.0000	0.0000	0.0000	0.0000	0.0000	0.0000	0.0000	0.0000	0.0000	0.0000	0.0000	0.0000	0.0000	0.0000	0.0000	0.0000	0.0000	0.0000	0.0000	0.0000	0.0000	0.0000											
30	74	0.1256	7	1	1	0	1	0	0	0	0	N	N	N	N	N	N	N	N	N	N	N	N	0.0000	0.0000	0.0000	0.0000	0.0000	0.0000	0.0000	0.0000	0.0000	0.0000	0.0000	0.0000	0.0000	0.0000	0.0000	0.0000	0.0000	0.0000	0.0000	0.0000	0.0000	0.0000	0.0000	0.0010	0.0000	0.0000	0.0000	0.0000	0.0000	0.0000	0.0000	0.0000	0.0000	0.0000	0.0000	0.0000	0.0000	0.0000	0.0000	0.0000	0.0000	0.0000	0.0000	0.0000	0.0000	0.0000	0.0000	0.0000	0.0000	0.0000	0.0000	0.0000	0.0000	0.0000	0.0000	0.0000	0.0000	0.0000	0.0000	0.0000	0.0000	0.0000	0.0000	0.0000	0.0000	0.0000	0.0000	0.0000	0.0000	0.0000	0.0000	0.0000	0.0000	0.0000	0.0000	0.0000	0.0000	0.0000											
30	80	0.1312	8	0	1	1	1	0	0	0	0	N	N	N	N	N	N	N	N	N	N	N	N	0.0000	0.0000	0.0000	0.0000	0.0000	0.0000	0.0000	0.0000	0.0000	0.0000	0.0000	0.0000	0.0000	0.0000	0.0000	0.0000	0.0000	0.0000	0.0000	0.0000	0.0000	0.0029	0.0000	2.0135	0.0000	0.0000	0.0000	0.0000	0.0000	0.0000	0.0000	0.0000	0.0000	0.0000	0.0000	0.0000	0.0000	0.0000	0.0000	0.0000	0.0000	0.0000	0.0000	0.0000	0.0000	0.0000	0.0000	0.0000	0.0000	0.0000	0.0000	0.0000	0.0000	0.0000	0.0000	0.0000	0.0000	0.0000	0.0000	0.0000	0.0000	0.0000	0.0000	0.0000	0.0000	0.0000	0.0000	0.0000	0.0000	0.0000	0.0000	0.0000	0.0000	0.0000	0.0000	0.0000	0.0000	0.0000											
30	81	0.1246	7	0	1	0	1	0	0	0	0	N	N	N	N	N	N	N	N	N	N	N	N	0.0000	0.0000	0.0000	0.0000	0.0000	0.0000	0.0000	0.0000	0.0000	0.0000	0.0000	0.0000	0.0000	0.0000	0.0000	0.0000	0.0000	0.0000	0.0000	0.0000	0.0000	0.6188	0.0000	0.9475	0.0000	0.0000	0.0000	0.0000	0.0000	0.0000	0.0000	0.0000	0.0000	0.0000	0.0000	0.0000	0.0000	0.0000	0.0000	0.0000	0.0000	0.0000	0.0000	0.0000	0.0000	0.0000	0.0000	0.0000	0.0000	0.0000	0.0000	0.0000	0.0000	0.0000	0.0000	0.0000	0.0000	0.0000	0.0000	0.0000	0.0000	0.0000	0.0000	0.0000	0.0000	0.0000	0.0000	0.0000	0.0000	0.0000	0.0000	0.0000	0.0000	0.0000	0.0000	0.0000	0.0000	0.0000											
30	82	0.6359	9	0	1	1	1	0	0	0	0	N	N	N	N	N	N	N	N	N	N	N	N	0.0000	0.0000	0.0000	0.0000	0.0000	0.0000	0.0000	0.0000	0.0000	0.0000	0.0000	0.0000	0.0000	0.0000	0.0000	0.0000	0.0000	0.0000	0.0000	0.0000	0.0000	0.0000	0.0000	1.0000	0.0000	0.0000	0.0000	0.0000	0.0000	0.0000	0.0000	0.0000	0.0000	0.0000	0.0000	0.0000	0.0000	0.0000	0.0000	0.0000	0.0000	0.0000	0.0000	0.0000	0.0000	0.0000	0.0000	0.0000	0.0000	0.0000	0.0000	0.0000	0.0000	0.0000	0.0000	0.0000	0.0000	0.0000	0.0000	0.0000	0.0000	0.0000	0.0000	0.0000	0.0000	0.0000	0.0000	0.0000	0.0000	0.0000	0.0000	0.0000	0.0000	0.0000	0.0000	0.0000	0.0000	0.0000											
30	83	0.0986	6	1	0	1	1	0	0	0	0	N	N	N	N	N	N	N	N	N	N	N	N	0.0000	0.0000	0.0000	0.0000	0.0000	0.0000	0.0000	0.0000	0.0000	0.0000	0.0000	0.0000	0.0000	0.0000	0.0000	0.0000	0.0000	0.0000	0.0000	0.0000	0.0000	9.0001	0.0000	3.0001	0.0000	0.0000	0.0000	0.0000	0.0000	0.0000	0.0000	0.0000	0.0000	0.0000	0.0000	0.0000	0.0000	0.0000	0.0000	0.0000	0.0000	0.0000	0.0000	0.0000	0.0000	0.0000	0.0000	0.0000	0.0000	0.0000	0.0000	0.0000	0.0000	0.0000	0.0000	0.0000	0.0000	0.0000	0.0000	0.0000	0.0000	0.0000	0.0000	0.0000	0.0000	0.0000	0.0000	0.0000	0.0000	0.0000	0.0000	0.0000	0.0000	0.0000	0.0000	0.0000	0.0000	0.0000											
30	84	0.6135	8	1	0	1	1	0	0	0	0	N	N	N	N	N	N	N	N	N	N	N	N	0.0000	0.0000	0.0000	0.0000	0.0000	0.0000	0.0000	0.0000	0.0000	0.0000	0.0000	0.0000	0.0000	0.0000	0.0000	0.0000	0.0000	0.0000	0.0000	0.0000	0.0000	4.0000	0.0000	0.0000	0.0000	0.0000	0.0000	0.0000	0.0000	0.0000	0.0000	0.0000	0.0000	0.0000	0.0000	0.0000	0.0000	0.0000	0.0000	0.0000	0.0000	0.0000	0.0000	0.0000	0.0000	0.0000	0.0000	0.0000	0.0000	0.0000	0.0000	0.0000	0.0000	0.0000	0.0000	0.0000	0.0000	0.0000	0.0000	0.0000	0.0000	0.0000	0.0000	0.0000	0.0000	0.0000	0.0000	0.0000	0.0000	0.0000	0.0000	0.0000	0.0000	0.0000	0.0000	0.0000	0.0000	0.0000											
30	85	0.6596	9	1	1	0	1	0	0	0	0	N	N	N	N	N	N	N	N	N	N	N	N	0.0000	0.0000	0.0000	0.0000	0.0000	0.0000	0.0000	0.0000	0.0000	0.0000	0.0000	0.0000	0.0000	0.0000	0.0000	0.0000	0.0000	0.0000	0.0000	0.0000	0.0000	1.0086	0.0000	1.7435	0.0000	0.0000	0.0000	0.0000	0.0000	0.0000	0.0000	0.0000	0.0000	0.0000	0.0000	0.0000	0.0000	0.0000	0.0000	0.0000	0.0000	0.0000	0.0000	0.0000	0.0000	0.0000	0.0000	0.0000	0.0000	0.0000	0.0000	0.0000	0.0000	0.0000	0.0000	0.0000	0.0000	0.0000	0.0000	0.0000	0.0000	0.0000	0.0000	0.0000	0.0000	0.0000	0.0000	0.0000	0.0000	0.0000	0.0000	0.0000	0.0000	0.0000	0.0000	0.0000	0.0000	0.0000											
30	86	0.6135	8	1	1	0	1	0	0	0	0	N	N	N	N	N	N	N	N	N	N	N	N	0.0000	0.0000	0.0000	0.0000	0.0000	0.0000	0.0000	0.0000	0.0000	0.0000	0.0000	0.0000	0.0000	0.0000	0.0000	0.0000	0.0000	0.0000	0.0000	0.0000	0.0000	1.0165	0.0000	4.1395	0.0000	0.0000	0.0000	0.0000	0.0000	0.0000	0.0000	0.0000	0.0000	0.0000	0.0000	0.0000	0.0000	0.0000	0.0000	0.0000	0.0000	0.0000	0.0000	0.0000	0.0000	0.0000	0.0000	0.0000	0.0000	0.0000	0.0000	0.0000	0.0000	0.0000	0.0000	0.0000	0.0000	0.0000	0.0000	0.0000	0.0000	0.0000	0.0000	0.0000	0.0000	0.0000	0.0000	0.0000	0.0000	0.0000	0.0000	0.0000	0.0000	0.0000	0.0000	0.0000	0.0000	0.0000											
30	87	0.0574	5	1	1	0	1	0	0	0	0	N	N	N	N	N	N	N	N	N	N	N	N	0.0000	0.0000	0.0000	0.0000	0.0000	0.0000	0.0000	0.0000	0.0000	0.0000	0.0000	0.0000	0.0000	0.0000	0.0000	0.0000	0.0000	0.0000	0.0000	0.0000	0.0000	9.0005	0.0000	5.0000	0.0000	0.0000	0.0000	0.0000	0.0000	0.0000	0.0000	0.0000	0.0000	0.0000	0.0000	0.0000	0.0000	0.0000	0.0000	0.0000	0.0000	0.0000	0.0000	0.0000	0.0000	0.0000	0.0000	0.0000	0.0000	0.0000	0.0000	0.0000	0.0000	0.0000	0.0000	0.0000	0.0000	0.0000	0.0000	0.0000	0.0000	0.0000	0.0000	0.0000	0.0000	0.0000	0.0000	0.0000	0.0000	0.0000	0.0000	0.0000	0.0000	0.0000	0.0000	0.0000	0.0000	0.0000											
30	88	0.6359	9	0	1	0	1	0	0	0	0	N	N	N	N	N	N	N	N	N	N	N	N	0.0000	0.0000	0.0000	0.0000	0.0000	0.0000	0.0000	0.0000	0.0000	0.0000	0.0000	0.0000	0.0000	0.0000	0.0000	0.0000	0.0000	0.0000	0.0000	0.0000	0.0000	0.0000	0.0000	0.0000	0.0000	0.0000	0.0000	0.0000	0.0000	0.0000	0.0000	0.0000	0.0000	0.0000	0.0000	0.0000	0.0000	0.0000	0.0000	0.0000	0.0000	0.0000	0.0000	0.0000	0.0000	0.0000	0.0000	0.0000	0.0000	0.0000	0.0000	0.0000	0.0000	0.0000	0.0000	0.0000	0.0000	0.0000	0.0000	0.0000	0.0000	0.0000	0.0000	0.0000	0.0000	0.0000	0.0000	0.0000	0.0000	0.0000	0.0000	0.0000	0.0000	0.0000	0.0000	0.0000	0.0000	0.0000											
30	89	0.1246	7	0	1	0	1	0	0	0	0	N	N	N	N	N	N	N	N	N	N	N	N	0.0000	0.0000	0.0000	0.0000	0.0000	0.0000	0.0000	0.0000	0.0000	0.0000	0.0000	0.0000	0.0000	0.0000	0.0000	0.0000	0.0000	0.0000	0.0000	0.0000	0.0000	1.9953	0.0000	1.0817	0.0000	0.0000	0.0000	0.0000	0.0000	0.0000	0.0000	0.0000	0.0000	0.0000	0.0000	0.0000	0.0000	0.0000	0.0000	0.0000	0.0000	0.0000	0.0000	0.0000	0.0000	0.0000	0.0000	0.0000	0.0000	0.0000	0.0000	0.0000	0.0000	0.0000	0.0000	0.0000	0.0000	0.0000	0.0000	0.0000	0.0000	0.0000	0.0000	0.0000	0.0000	0.0000	0.0000	0.0000	0.0000	0.0000	0.0000	0.0000	0.0000	0.0000	0.0000	0.0000	0.0000	0.0000											
30	90	0.0986	6	0	1	0	1	0	0	0	0	N	N	N	N	N	N	N	N	N	N	N	N	0.0000	0.0000	0.0000	0.0000	0.0000	0.0000	0.0000	0.0000	0.0000	0.0000	0.0000	0.0000	0.0000	0.0000	0.0000	0.0000	0.0000	0.0000	0.0000	0.0000	0.0000	2.3999	0.0000	4.0713	0.0000	0.0000	0.0000	0.0000	0.0000	0.0000	0.0000	0.0000	0.0000	0.0000	0.0000	0.0000	0.0000	0.0000	0.0000	0.0000	0.0000	0.0000	0.0000	0.0000	0.0000	0.0000	0.0000	0.0000	0.0000	0.0000	0.0000	0.0000	0.0000	0.0000	0.0000	0.0000	0.0000	0.0000	0.0000	0.0000	0.0000	0.0000	0.0000	0.0000	0.0000	0.0000	0.0000	0.0000	0.0000	0.0000	0.0000	0.0000	0.0000	0.0000	0.0000	0.0000	0.0000	0.0000											
30	91	0.0593	5	0	0	1	1	0	0	0	0	N	N	N	N	N	N	N	N	N	N	N	N	0.0000	0.0000	0.0000	0.0000	0.0000	0.0000	0.0000	0.0000	0.0000	0.0000	0.0000	0.0000	0.0000	0.0000	0.0000	0.0000	0.0000	0.0000	0.0000	0.0000	0.0000	0.0000	0.0000	0.0000	0.0000	0.0000	0.0000	0.0000	0.0000	0.0000	0.0000	0.0000	0.0000	0.0000	0.0000	0.0000	0.0000	0.0000	0.0000	0.0000	0.0000	0.0000	0.0000	0.0000	0.0000	0.0000	0.0000	0.0000	0.0000	0.0000	0.0000	0.0000	0.0000	0.0000	0.0000	0.0000	0.0000	0.0000	0.0000	0.0000	0.0000	0.0000	0.0000	0.0000	0.0000	0.0000	0.0000	0.0000	0.0000	0.0000	0.0000	0.0000	0.0000	0.0000	0.0000	0.0000	0.0000	0.0000											
30	92	0.0272	4	0	0	1	1	0	0	0	0	N	N	N	N	N	N	N	N	N	N	N	N	0.0000	0.0000	0.0000	0.0000	0.0000	0.0000	0.0000	0.0000	0.0000	0.0000	0.0000	0.0000	0.0000	0.0000	0.0000	0.0000	0.0000	0.0000	0.0000	0.0000	0.0000	3.7221	0.0000	2.9993	0.0000	0.0000	0.0000	0.0000	0.0000	0.0000	0.0000	0.0000	0.0000	0.0000	0.0000	0.0000	0.0000	0.0000	0.0000	0.0000	0.0000	0.0000	0.0000	0.0000	0.0000	0.0000	0.0000	0.0000	0.0000	0.0000	0.0000	0.0000	0.0000	0.0000	0.0000	0.0000	0.0000	0.0000	0.0000	0.0000	0.0000	0.0000	0.0000	0.0000	0.0000	0.0000	0.0000	0.0000	0.0000	0.0000	0.0000	0.0000	0.0000	0.0000	0.0000	0.0000	0.0000	0.0000											
30	94	0.1149	7	1	1	0	1	0	0	0	0	N	N	N	N	N	N	N	N	N	N	N	N	0.0000	0.0000	0.0000	0.0000	0.0000	0.0000	0.0000	0.0000	0.0000	0.0000	0.0000	0.0000	0.0000	0.0000	0.0000	0.0000	0.0000	0.0000	0.0000	0.0000	0.0000	5.9980	0.0000	4.9575	0.0000	0.0000	0.0000	0.0000	0.0000	0.0000	0.0000	0.0000	0.0000	0.0000	0.0000	0.0000	0.0000	0.0000	0.0000	0.0000	0.0000	0.0000	0.0000	0.0000	0.0000	0.0000	0.0000	0.0000	0.0000	0.0000	0.0000	0.0000	0.0000	0.0000	0.0000	0.0000	0.0000	0.0000	0.0000	0.0000	0.0000	0.0000	0.0000	0.0000	0.0000	0.0000	0.0000	0.0000	0.0000	0.0000	0.0000	0.0000	0.0000	0.0000	0.0000	0.0000	0.0000	0.0000											
30	95	0.6359	9	1	1	0	1	0	0	0	0	N	N	N	N	N	N	N	N	N	N	N	N	0.0000	0.0000	0.0000	0.0000	0.0000	0.0000	0.0000	0.0000	0.0000	0.0000	0.0000	0.0000	0.0000	0.0000	0.0000	0.0000	0.0000	0.0000	0.0000	0.0000	0.0000	0.0000	0.0000	2.0000	0.0000	0.0000	0.0000	0.0000	0.0000	0.0000	0.0000	0.0000	0.0000	0.0000	0.0000	0.0000	0.0000	0.0000	0.0000	0.0000	0.0000	0.0000	0.0000	0.0000	0.0000	0.0000	0.0000	0.0000	0.0000	0.0000	0.0000	0.0000	0.0000	0.0000	0.0000	0.0000	0.0000	0.0000	0.0000	0.0000	0.0000	0.0000	0.0000	0.0000	0.0000	0.0000	0.0000	0.0000	0.0000	0.0000	0.0000	0.0000	0.0000	0.0000	0.0000	0.0000	0.0000	0.0000											
30	96	0.6135	8	0	1	0	1	0	0	0	0	N	N	N	N	N	N	N	N	N	N	N	N	0.0000	0.0000	0.0000	0.0000	0.0000	0.0000	0.0000	0.0000	0.0000	0.0000	0.0000	0.0000	0.0000	0.0000	0.0000	0.0000	0.0000	0.0000	0.0000	0.0000	0.0000	4.0000	0.0000	0.0000	0.0000	0.0000	0.0000	0.0000	0.0000	0.0000	0.0000	0.0000	0.0000	0.0000	0.0000	0.0000	0.0000	0.0000	0.0000	0.0000	0.0000	0.0000	0.0000	0.0000	0.0000	0.0000	0.0000	0.0000	0.0000	0.0000	0.0000	0.0000	0.0000	0.0000	0.0000	0.0000	0.0000	0.0000	0.0000	0.0000	0.0000	0.0000	0.0000	0.0000	0.0000	0.0000	0.0000	0.0000	0.0000	0.0000	0.0000	0.0000	0.0000	0.0000	0.0000	0.0000	0.0000	0.0000											
30	97	0.0574	5	0	0	0	1	0	0	0	0	N	N	N	N	N	N	N	N	N	N	N	N	0.0000	0.0000	0.0000	0.0000	0.0000	0.0000	0.0000	0.0000	0.0000	0.0000	0.0000	0.0000	0.0000	0.0000	0.0000	0.0000	0.0000	0.0000	0.0000	0.0000	0.0000	3.9994	0.0000	4.0000	0.0000	0.0000	0.0000	0.0000	0.0000	0.0000	0.0000	0.0000	0.0000	0.0000	0.0000	0.0000	0.0000	0.0000	0.0000	0.0000	0.0000	0.0000	0.0000	0.0000	0.0000	0.0000	0.0000	0.0000	0.0000	0.0000	0.0000	0.0000	0.0000	0.0000	0.0000	0.0000	0.0000	0.0000	0.0000	0.0000	0.0000	0.0000	0.0000	0.0000	0.0000	0.0000	0.0000	0.0000	0.0000	0.0000	0.0000	0.0000	0.0000	0.0000	0.0000	0.0000	0.0000	0.0000											
30	98	0.6135	8	0	0	0	1	0	0	0	0	N	N	N	N	N	N	N	N	N	N	N	N	0.0000	0.0000	0.0000	0.0000	0.0000	0.0000	0.0000	0.0000	0.0000	0.0000	0.0000	0.0000	0.0000	0.0000	0.0000	0.0000	0.0000	0.0000	0.0000	0.0000	0.0000	1.0000	0.0000	0.0000	0.0000	0.0000	0.0000	0.0000	0.0000	0.0000	0.0000	0.0000	0.0000	0.0000	0.0000	0.0000	0.0000	0.0000	0.0000	0.0000	0.0000	0.0000	0.0000	0.0000	0.0000	0.0000	0.0000	0.0000	0.0000	0.0000	0.0000	0.0000	0.0000	0.0000	0.0000	0.0000	0.0000	0.0000	0.0000	0.0000	0.0000	0.0000	0.0000	0.0000	0.0000	0.0000	0.0000	0.0000	0.0000	0.0000	0.0000	0.0000	0.0000	0.0000	0.0000	0.0000	0.0000	0.0000											
30	99	0.1684	6	0	0	0	1	0	0	0	0	N	N	N	N	N	N	N	N	N	N	N	N	0.0000	0.0000	0.0000	0.0000	0.0000	0.0000	0.0000	0.0000	0.0000	0.0000	0.0000	0.0000	0.0000	0.0000	0.0000	0.0000	0.0000	0.0000	0.0000	0.0000	0.0000	1.5982	0.0000	11.1970	0.0000	0.0000	0.0000	0.0000	0.0000	0.0000	0.0000	0.0000	0.0000	0.0000	0.0000	0.0000	0.0000	0.0000	0.0000	0.0000	0.0000	0.0000	0.0000	0.0000	0.0000	0.0000	0.0000	0.0000	0.0000	0.0000	0.0000	0.0000	0.0000	0.0000	0.0000	0.0000	0.0000	0.0000	0.0000	0.0000	0.0000	0.0000	0.0000	0.0000	0.0000	0.0000	0.0000	0.0000	0.0000	0.0000	0.0000	0.0000	0.0000	0.0000	0.0000	0.0000	0.0000	0.0000											
30	100	0.1164	8	1	1	1	1	0	0	0	0	N	N	N	N	N	N	N	N	N	N	N	N	0.0000	0.0000	0.0000	0.0000	0.0000	0.0000	0.0000	0.0000	0.0000	0.0000	0.0000	0.0000	0.0000	0.0000	0.0000	0.0000	0.0000	0.0000	0.0000	0.0000	0.0000	0.0000	0.0000	0.9982	0.0000	0.0000	0.0000	0.0000	0.0000	0.0000	0.0000	0.0000	0.0000	0.0000	0.0000	0.0000	0.0000	0.0000	0.0000	0.0000	0.0000	0.0000	0.0000	0.0000	0.0000	0.0000	0.0000	0.0000	0.0000	0.0000	0.0000	0.0000	0.0000	0.0000	0.0000	0.0000	0.0000	0.0000	0.0000	0.0000	0.0000	0.0000	0.0000	0.0000	0.0000	0.0000	0.0000	0.0000	0.0000	0.0000	0.0000	0.0000	0.0000	0.0000	0.0000	0.0000	0.0000	0.0000											
30	101	0.6482	11	1	1	1	1	0	0	0	0	N	N	N	N	N	N	N	N	N	N	N	N	0.0000	0.0000	0.0000	0.0000	0.0000	0.0000	0.0000	0.0000	0.0000	0.0000	0.0000	0.0000	0.0000	0.0000	0.0000	0.0000	0.0000	0.0000	0.0000	0.0000	0.0000	0.0000	0.0000	0.0000	0.0000	0.0000	0.0000	0.0000	0.0000	0.0000	0.0000	0.0000	0.0000	0.0000	0.0000	0.0000	0.0000	0.0000	0.0000	0.0000	0.0000	0.0000	0.0000	0.0000	0.0000	0.0000	0.0000	0.0000	0.0000	0.0000	0.0000	0.0000	0.0000	0.0000	0.0000	0.0000	0.0000	0.0000	0.0000	0.0000	0.0000	0.0000	0.0000	0.0000	0.0000	0.0000	0.0000	0.0000	0.0000	0.0000	0.0000	0.0000	0.0000	0.0000	0.0000	0.0000	0.0000	0.0000											
30	102	0.6482	10	1	0	1	1	0	0	0	0	N	N	N	N	N	N	N	N	N	N	N	N	0.0000	0.0000	0.0000	0.0000	0.0000	0.0000	0.0000	0.0000	0.0000	0.0000	0.0000	0.0000	0.0000	0.0000	0.0000	0.0000	0.0000	0.0000	0.0000	0.0000	0.0000	0.0000	0.0000	0.0000	0.0000	0.0000	0.0000	0.0000	0.0000	0.0000	0.0000	0.0000	0.0000	0.0000	0.0000	0.0000	0.0000	0.0000	0.0000	0.0000	0.0000	0.0000	0.0000	0.0000	0.0000	0.0000	0.0000	0.0000	0.0000	0.0000	0.0000	0.0000	0.0000	0.0000	0.0000	0.0000	0.0000	0.0000	0.0000	0.0000	0.0000	0.0000	0.0000	0.0000	0.0000	0.0000	0.0000	0.0000	0.0000	0.0000	0.0000	0.0000	0.0000	0.0000	0.0000	0.0000	0.0000	0.0000											
30	103	0.6421	9	1	0	1	1	0	0	0	0	N	N	N	N	N	N	N	N	N	N	N	N	0.0000	0.0000	0.0000	0.0000	0.0000	0.0000	0.0000	0.0000	0.0000	0.0000	0.0000	0.0000	0.0000	0.0000	0.0000	0.0000	0.0000	0.0000	0.0000	0.0000	0.0000	0.0000	0.0000	1.0091	0.0000	0.0000	0.0000	0.0000	0.0000	0.0000	0.0000	0.0000	0.0000	0.0000	0.0000	0.0000	0.0000	0.0000	0.0000	0.0000	0.0000	0.0000	0.0000	0.0000	0.0000	0.0000	0.0000	0.0000	0.0000	0.0000	0.0000	0.0000	0.0000	0.0000	0.0000	0.0000	0.0000	0.0000	0.0000	0.0000	0.0000	0.0000	0.0000	0.0000	0.0000	0.0000	0.0000	0.0000	0.0000	0.0000	0.0000	0.0000	0.0000	0.0000	0.0000	0.0000	0.0000	0.0000											
30	104	0.0574	5	0	1	0	1	0	0	0	0	N	N	N	N	N	N	N	N	N	N	N	N	0.0000	0.0000	0.0000	0.0000	0.0000	0.0000	0.0000	0.0000	0.0000	0.0000	0.0000	0.0000	0.0000	0.0000	0.0000	0.0000	0.0000	0.0000	0.0000	0.0000	0.0000	7.9994	0.0000	4.0001	0.0000	0.0000	0.0000	0.0000	0.0000	0.0000	0.0000	0.0000	0.0000	0.0000	0.0000	0.0000	0.0000	0.0000	0.0000	0.0000	0.0000	0.0000	0.0000	0.0000	0.0000	0.0000	0.0000	0.0000	0.0000	0.0000	0.0000	0.0000	0.0000	0.0000	0.0000	0.0000	0.0000	0.0000	0.0000	0.0000	0.0000	0.0000	0.0000	0.0000	0.0000	0.0000	0.0000	0.0000	0.0000	0.0000	0.0000	0.0000	0.0000	0.0000	0.0000	0.0000	0.0000	0.0000											
30	105	0.1198	9	1	0	1	1	0	0	0	0	N	N	N	N	N	N	N	N	N	N	N	N	0.0000	0.0000	0.0000	0.0000	0.0000	0.0000	0.0000	0.0000	0.0000	0.0000	0.0000	0.0000	0.0000	0.0000	0.0000	0.0000	0.0000	0.0000	0.0000	0.0000	0.0000	1.0000	0.0000	1.0005	0.0000	0.0000	0.0000	0.0000	0.0000	0.0000	0.0000	0.0000	0.0000	0.0000	0.0000	0.0000	0.0000	0.0000	0.0000	0.0000	0.0000	0.0000	0.0000	0.0000	0.0000	0.0000	0.0000	0.0000	0.0000	0.0000	0.0000	0.0000	0.0000	0.0000	0.0000	0.0000	0.0000	0.0000	0.0000	0.0000	0.0000	0.0000	0.0000	0.0000	0.0000	0.0000	0.0000	0.0000	0.0000	0.0000	0.0000	0.0000	0.0000	0.0000	0.0000	0.0000	0.0000	0.0000											
30	106	0.1164	8	1	0	1	1	0	0	0	0	N	N	N	N	N	N	N	N	N	N	N	N	0.0000	0.0000	0.0000	0.0000	0.0000	0.0000	0.0000	0.0000	0.0000	0.0000	0.0000	0.0000	0.0000	0.0000	0.0000	0.0000	0.0000	0.0000	0.0000	0.0000	0.0000	0.7249	0.0000	0.0368	0.0000	0.0000	0.0000	0.0000	0.0000	0.0000	0.0000	0.0000	0.0000	0.0000	0.0000	0.0000	0.0000	0.0000	0.0000	0.0000	0.0000	0.0000	0.0000	0.0000	0.0000	0.0000	0.0000	0.0000	0.0000	0.0000	0.0000	0.0000	0.0000	0.0000	0.0000	0.0000	0.0000	0.0000	0.0000	0.0000	0.0000	0.0000	0.0000	0.0000	0.0000	0.0000	0.0000	0.0000	0.0000	0.0000	0.0000	0.0000	0.0000	0.0000	0.0000	0.0000	0.0000	0.0000											
30	107	0.1149	7	1	0	1	1	0	0	0	0	N	N	N	N	N	N	N	N	N	N	N	N	0.0000	0.0000	0.0000	0.0000	0.0000	0.0000	0.0000	0.0000	0.0000	0.0000	0.0000	0.0000	0.0000	0.0000	0.0000	0.0000	0.0000	0.0000	0.0000	0.0000	0.0000	0.4159	0.0000	0.0887	0.0000	0.0000	0.0000	0.0000	0.0000	0.0000	0.0000	0.0000	0.0000	0.0000	0.0000	0.0000	0.0000	0.0000	0.0000	0.0000	0.0000	0.0000	0.0000	0.0000	0.0000	0.0000	0.0000	0.0000	0.0000	0.0000	0.0000	0.0000	0.0000	0.0000	0.0000	0.0000	0.0000	0.0000	0.0000	0.0000	0.0000	0.0000	0.0000	0.0000	0.0000	0.0000	0.0000	0.0000	0.0000	0.0000	0.0000	0.0000	0.0000	0.0000	0.0000	0.0000	0.0000	0.0000											
30	108	0.0986	6	1	0	0	1	0	0	0	0	N	N	N	N	N	N	N	N	N	N	N	N	0.0000	0.0000	0.0000	0.0000	0.0000	0.0000	0.0000	0.0000	0.0000	0.0000	0.0000	0.0000	0.0000	0.0000	0.0000	0.0000	0.0000	0.0000	0.0000	0.0000	0.0000	3.9943	0.0000	0.9974	0.0000	0.0000	0.0000	0.0000	0.0000	0.0000	0.0000	0.0000	0.0000	0.0000	0.0000	0.0000	0.0000	0.0000	0.0000	0.0000	0.0000	0.0000	0.0000	0.0000	0.0000	0.0000	0.0000	0.0000	0.0000	0.0000	0.0000	0.0000	0.0000	0.0000	0.0000	0.0000	0.0000	0.0000	0.0000	0.0000	0.0000	0.0000	0.0000	0.0000	0.0000	0.0000	0.0000	0.0000	0.0000	0.0000	0.0000	0.0000	0.0000	0.0000	0.0000	0.0000	0.0000	0.0000											
30	109	0.6421	9	1	0	1	1	0	0	0	0	N	N	N	N	N	N	N	N	N	N	N	N	0.0000	0.0000	0.0000	0.0000	0.0000	0.0000	0.0000	0.0000	0.0000	0.0000	0.0000	0.0000	0.0000	0.0000	0.0000	0.0000	0.0000	0.0000	0.0000	0.0000	0.0000	0.0000	0.0000	0.9909	0.0000	0.0000	0.0000	0.0000	0.0000	0.0000	0.0000	0.0000	0.0000	0.0000	0.0000	0.0000	0.0000	0.0000	0.0000	0.0000	0.0000	0.0000	0.0000	0.0000	0.0000	0.0000	0.0000	0.0000	0.0000	0.0000	0.0000	0.0000	0.0000	0.0000	0.0000	0.0000	0.0000	0.0000	0.0000	0.0000	0.0000	0.0000	0.0000	0.0000	0.0000	0.0000	0.0000	0.0000	0.0000	0.0000	0.0000	0.0000	0.0000	0.0000	0.0000	0.0000	0.0000	0.0000											
30	110	0.6135	8	1	0	1	1	0	0	0	0	N	N	N	N	N	N	N	N	N	N	N	N	0.0000	0.0000	0.0000	0.0000	0.0000	0.0000	0.0000	0.0000	0.0000	0.0000	0.0000	0.0000	0.0000	0.0000	0.0000	0.0000	0.0000	0.0000	0.0000	0.0000	0.0000	4.0000	0.0000	0.0000	0.0000	0.0000	0.0000	0.0000	0.0000	0.0000	0.0000	0.0000	0.0000	0.0000	0.0000	0.0000	0.0000	0.0000	0.0000	0.0000	0.0000	0.0000	0.0000	0.0000	0.0000	0.0000	0.0000	0.0000	0.0000	0.0000	0.0000	0.0000	0.0000	0.0000	0.0000	0.0000	0.0000	0.0000	0.0000	0.0000	0.0000	0.0000	0.0000	0.0000	0.0000	0.0000	0.0000	0.0000	0.0000	0.0000	0.0000	0.0000	0.0000	0.0000	0.0000	0.0000	0.0000	0.0000											
30	112	0.1032	6	0	0	1	1	0	0	0	0	N	N	N	N	N	N	N	N	N	N	N	N	0.0000	0.0000	0.0000	0.0000	0.0000	0.0000	0.0000	0.0000	0.0000	0.0000	0.0000	0.0000	0.0000	0.0000	0.0000	0.0000	0.0000	0.0000	0.0000	0.0000	0.0000	0.0000	0.0000	0.0001	0.0000	0.0000	0.0000	0.0000	0.0000	0.0000	0.0000	0.0000	0.0000	0.0000	0.0000	0.0000	0.0000	0.0000	0.0000	0.0000	0.0000	0.0000	0.0000	0.0000	0.0000	0.0000	0.0000	0.0000	0.0000	0.0000	0.0000	0.0000	0.0000	0.0000	0.0000	0.0000	0.0000	0.0000	0.0000	0.0000	0.0000	0.0000	0.0000	0.0000	0.0000	0.0000	0.0000	0.0000	0.0000	0.0000	0.0000	0.0000	0.0000	0.0000	0.0000	0.0000	0.0000	0.0000											
30	113	0.0574	5	0	0	1	1	0	0	0	0	N	N	N	N	N	N	N	N	N	N	N	N	0.0000	0.0000	0.0000	0.0000	0.0000	0.0000	0.0000	0.0000	0.0000	0.0000	0.0000	0.0000	0.0000	0.0000	0.0000	0.0000	0.0000	0.0000	0.0000	0.0000	0.0000	4.0004	0.0000	4.9999	0.0000	0.0000	0.0000	0.0000	0.0000	0.0000	0.0000	0.0000	0.0000	0.0000	0.0000	0.0000	0.0000	0.0000	0.0000	0.0000	0.0000	0.0000	0.0000	0.0000	0.0000	0.0000	0.0000	0.0000	0.0000	0.0000	0.0000	0.0000	0.0000	0.0000	0.0000	0.0000	0.0000	0.0000	0.0000	0.0000	0.0000	0.0000	0.0000	0.0000	0.0000	0.0000	0.0000	0.0000	0.0000	0.0000	0.0000	0.0000	0.0000	0.0000	0.0000	0.0000	0.0000	0.0000											
30	114	0.6461	9	0	1	0	1	0	0	0	0	N	N	N	N	N	N	N	N	N	N	N	N	0.0000	0.0000	0.0000	0.0000	0.0000	0.0000	0.0000	0.0000	0.0000	0.0000	0.0000	0.0000	0.0000	0.0000	0.0000	0.0000	0.0000	0.0000	0.0000	0.0000	0.0000	4.3361	0.0000	4.6323	0.0000	0.0000	0.0000	0.0000	0.0000	0.0000	0.0000	0.0000	0.0000	0.0000	0.0000	0.0000	0.0000	0.0000	0.0000	0.0000	0.0000	0.0000	0.0000	0.0000	0.0000	0.0000	0.0000	0.0000	0.0000	0.0000	0.0000	0.0000	0.0000	0.0000	0.0000	0.0000	0.0000	0.0000	0.0000	0.0000	0.0000	0.0000	0.0000	0.0000	0.0000	0.0000	0.0000	0.0000	0.0000	0.0000	0.0000	0.0000	0.0000	0.0000	0.0000	0.0000	0.0000	0.0000											
30	115	0.6135	8	0	0	0	1	0	0	0	0	N	N	N	N	N	N	N	N	N	N	N	N	0.0000	0.0000	0.0000	0.0000	0.0000	0.0000	0.0000	0.0000	0.0000	0.0000	0.0000	0.0000	0.0000	0.0000	0.0000	0.0000	0.0000	0.0000	0.0000	0.0000	0.0000	1.9840	0.0000	0.2610	0.0000	0.0000	0.0000	0.0000	0.0000	0.0000	0.0000	0.0000	0.0000	0.0000	0.0000	0.0000	0.0000	0.0000	0.0000	0.0000	0.0000	0.0000	0.0000	0.0000	0.0000	0.0000	0.0000	0.0000	0.0000	0.0000	0.0000	0.0000	0.0000	0.0000	0.0000	0.0000	0.0000	0.0000	0.0000	0.0000	0.0000	0.0000	0.0000	0.0000	0.0000	0.0000	0.0000	0.0000	0.0000	0.0000	0.0000	0.0000	0.0000	0.0000	0.0000	0.0000	0.0000	0.0000											
30	116	0.0574	5	0	1	0	2	0	0	0	0	N	N	N	Y	N	N	N	N	N	N	N	N	0.0000	0.0000	0.0000	0.0000	0.0000	0.0000	0.0000	0.0000	0.0000	0.0000	0.0000	0.0000	0.0000	0.0000	0.0000	0.0000	0.0000	0.0000	0.0000	0.0000	0.0000	5.0006	0.0000	2.0000	0.0000	0.0000	0.0000	0.0000	0.0000	0.0000	0.0000	0.0000	0.0000	0.0000	0.0000	0.0000	0.0000	0.0000	0.0000	0.0000	0.0000	0.0000	0.0000	0.0000	0.0000	0.0000	0.0000	0.0000	0.0000	0.0000	0.0000	0.0000	0.0000	0.0000	0.0000	0.0000	0.0000	0.0000	0.0000	0.0000	0.0000	0.0000	0.0000	0.0000	0.0000	0.0000	0.0000	0.0000	0.0000	0.0000	0.0000	0.0000	0.0000	0.0000	0.0000	0.0000	0.0000	0.0000											
30	117	0.6135	8	0	1	0	2	0	0	0	0	N	N	N	Y	N	N	N	N	N	N	N	N	0.0000	0.0000	0.0000	0.0000	0.0000	0.0000	0.0000	0.0000	0.0000	0.0000	0.0000	0.0000	0.0000	0.0000	0.0000	0.0000	0.0000	0.0000	0.0000	0.0000	0.0000	0.0000	0.0000	1.0000	0.0000	0.0000	0.0000	0.0000	0.0000	0.0000	0.0000	0.0000	0.0000	0.0000	0.0000	0.0000	0.0000	0.0000	0.0000	0.0000	0.0000	0.0000	0.0000	0.0000	0.0000	0.0000	0.0000	0.0000	0.0000	0.0000	0.0000	0.0000	0.0000	0.0000	0.0000	0.0000	0.0000	0.0000	0.0000	0.0000	0.0000	0.0000	0.0000	0.0000	0.0000	0.0000	0.0000	0.0000	0.0000	0.0000	0.0000	0.0000	0.0000	0.0000	0.0000	0.0000	0.0000	0.0000											
30	118	0.0574	5	0	1	0	1	0	0	0	0	N	N	N	N	N	N	N	N	N	N	N	N	0.0000	0.0000	0.0000	0.0000	0.0000	0.0000	0.0000	0.0000	0.0000	0.0000	0.0000	0.0000	0.0000	0.0000	0.0000	0.0000	0.0000	0.0000	0.0000	0.0000	0.0000	16.9994	0.0000	6.0000	0.0000	0.0000	0.0000	0.0000	0.0000	0.0000	0.0000	0.0000	0.0000	0.0000	0.0000	0.0000	0.0000	0.0000	0.0000	0.0000	0.0000	0.0000	0.0000	0.0000	0.0000	0.0000	0.0000	0.0000	0.0000	0.0000	0.0000	0.0000	0.0000	0.0000	0.0000	0.0000	0.0000	0.0000	0.0000	0.0000	0.0000	0.0000	0.0000	0.0000	0.0000	0.0000	0.0000	0.0000	0.0000	0.0000	0.0000	0.0000	0.0000	0.0000	0.0000	0.0000	0.0000	0.0000											
30	119	0.6135	8	0	1	0	1	0	0	0	0	N	N	N	N	N	N	N	N	N	N	N	N	0.0000	0.0000	0.0000	0.0000	0.0000	0.0000	0.0000	0.0000	0.0000	0.0000	0.0000	0.0000	0.0000	0.0000	0.0000	0.0000	0.0000	0.0000	0.0000	0.0000	0.0000	5.0000	0.0000	6.0000	0.0000	0.0000	0.0000	0.0000	0.0000	0.0000	0.0000	0.0000	0.0000	0.0000	0.0000	0.0000	0.0000	0.0000	0.0000	0.0000	0.0000	0.0000	0.0000	0.0000	0.0000	0.0000	0.0000	0.0000	0.0000	0.0000	0.0000	0.0000	0.0000	0.0000	0.0000	0.0000	0.0000	0.0000	0.0000	0.0000	0.0000	0.0000	0.0000	0.0000	0.0000	0.0000	0.0000	0.0000	0.0000	0.0000	0.0000	0.0000	0.0000	0.0000	0.0000	0.0000	0.0000	0.0000											
30	120	0.6416	9	0	1	0	1	0	0	0	0	N	N	N	N	N	N	N	N	N	N	N	N	0.0000	0.0000	0.0000	0.0000	0.0000	0.0000	0.0000	0.0000	0.0000	0.0000	0.0000	0.0000	0.0000	0.0000	0.0000	0.0000	0.0000	0.0000	0.0000	0.0000	0.0000	0.9998	0.0000	0.9486	0.0000	0.0000	0.0000	0.0000	0.0000	0.0000	0.0000	0.0000	0.0000	0.0000	0.0000	0.0000	0.0000	0.0000	0.0000	0.0000	0.0000	0.0000	0.0000	0.0000	0.0000	0.0000	0.0000	0.0000	0.0000	0.0000	0.0000	0.0000	0.0000	0.0000	0.0000	0.0000	0.0000	0.0000	0.0000	0.0000	0.0000	0.0000	0.0000	0.0000	0.0000	0.0000	0.0000	0.0000	0.0000	0.0000	0.0000	0.0000	0.0000	0.0000	0.0000	0.0000	0.0000	0.0000											
30	121	0.6135	8	0	1	0	1	0	0	0	0	N	N	N	N	N	N	N	N	N	N	N	N	0.0000	0.0000	0.0000	0.0000	0.0000	0.0000	0.0000	0.0000	0.0000	0.0000	0.0000	0.0000	0.0000	0.0000	0.0000	0.0000	0.0000	0.0000	0.0000	0.0000	0.0000	3.0005	0.0000	1.1085	0.0000	0.0000	0.0000	0.0000	0.0000	0.0000	0.0000	0.0000	0.0000	0.0000	0.0000	0.0000	0.0000	0.0000	0.0000	0.0000	0.0000	0.0000	0.0000	0.0000	0.0000	0.0000	0.0000	0.0000	0.0000	0.0000	0.0000	0.0000	0.0000	0.0000	0.0000	0.0000	0.0000	0.0000	0.0000	0.0000	0.0000	0.0000	0.0000	0.0000	0.0000	0.0000	0.0000	0.0000	0.0000	0.0000	0.0000	0.0000	0.0000	0.0000	0.0000	0.0000	0.0000	0.0000											
30	122	0.0986	6	0	1	0	1	0	0	0	0	N	N	N	N	N	N	N	N	N	N	N	N	0.0000	0.0000	0.0000	0.0000	0.0000	0.0000	0.0000	0.0000	0.0000	0.0000	0.0000	0.0000	0.0000	0.0000	0.0000	0.0000	0.0000	0.0000	0.0000	0.0000	0.0000	2.0001	0.0000	3.0000	0.0000	0.0000	0.0000	0.0000	0.0000	0.0000	0.0000	0.0000	0.0000	0.0000	0.0000	0.0000	0.0000	0.0000	0.0000	0.0000	0.0000	0.0000	0.0000	0.0000	0.0000	0.0000	0.0000	0.0000	0.0000	0.0000	0.0000	0.0000	0.0000	0.0000	0.0000	0.0000	0.0000	0.0000	0.0000	0.0000	0.0000	0.0000	0.0000	0.0000	0.0000	0.0000	0.0000	0.0000	0.0000	0.0000	0.0000	0.0000	0.0000	0.0000	0.0000	0.0000	0.0000	0.0000											
30	123	0.0574	5	0	0	0	1	0	0	0	0	N	N	N	N	N	N	N	N	N	N	N	N	0.0000	0.0000	0.0000	0.0000	0.0000	0.0000	0.0000	0.0000	0.0000	0.0000	0.0000	0.0000	0.0000	0.0000	0.0000	0.0000	0.0000	0.0000	0.0000	0.0000	0.0000	6.9986	0.0000	2.0000	0.0000	0.0000	0.0000	0.0000	0.0000	0.0000	0.0000	0.0000	0.0000	0.0000	0.0000	0.0000	0.0000	0.0000	0.0000	0.0000	0.0000	0.0000	0.0000	0.0000	0.0000	0.0000	0.0000	0.0000	0.0000	0.0000	0.0000	0.0000	0.0000	0.0000	0.0000	0.0000	0.0000	0.0000	0.0000	0.0000	0.0000	0.0000	0.0000	0.0000	0.0000	0.0000	0.0000	0.0000	0.0000	0.0000	0.0000	0.0000	0.0000	0.0000	0.0000	0.0000	0.0000	0.0000											
30	124	0.6470	9	0	1	0	1	0	0	0	0	N	N	N	N	N	N	N	N	N	N	N	N	0.0000	0.0000	0.0000	0.0000	0.0000	0.0000	0.0000	0.0000	0.0000	0.0000	0.0000	0.0000	0.0000	0.0000	0.0000	0.0000	0.0000	0.0000	0.0000	0.0000	0.0000	3.9006	0.0000	3.1543	0.0000	0.0000	0.0000	0.0000	0.0000	0.0000	0.0000	0.0000	0.0000	0.0000	0.0000	0.0000	0.0000	0.0000	0.0000	0.0000	0.0000	0.0000	0.0000	0.0000	0.0000	0.0000	0.0000	0.0000	0.0000	0.0000	0.0000	0.0000	0.0000	0.0000	0.0000	0.0000	0.0000	0.0000	0.0000	0.0000	0.0000	0.0000	0.0000	0.0000	0.0000	0.0000	0.0000	0.0000	0.0000	0.0000	0.0000	0.0000	0.0000	0.0000	0.0000	0.0000	0.0000	0.0000											
30	125	0.6135	8	0	1	0	1	0	0	0	0	N	N	N	N	N	N	N	N	N	N	N	N	0.0000	0.0000	0.0000	0.0000	0.0000	0.0000	0.0000	0.0000	0.0000	0.0000	0.0000	0.0000	0.0000	0.0000	0.0000	0.0000	0.0000	0.0000	0.0000	0.0000	0.0000	1.6924	0.0000	1.9110	0.0000	0.0000	0.0000	0.0000	0.0000	0.0000	0.0000	0.0000	0.0000	0.0000	0.0000	0.0000	0.0000	0.0000	0.0000	0.0000	0.0000	0.0000	0.0000	0.0000	0.0000	0.0000	0.0000	0.0000	0.0000	0.0000	0.0000	0.0000	0.0000	0.0000	0.0000	0.0000	0.0000	0.0000	0.0000	0.0000	0.0000	0.0000	0.0000	0.0000	0.0000	0.0000	0.0000	0.0000	0.0000	0.0000	0.0000	0.0000	0.0000	0.0000	0.0000	0.0000	0.0000	0.0000											
30	126	0.0574	5	0	1	0	1	0	0	0	0	N	N	N	N	N	N	N	N	N	N	N	N	0.0000	0.0000	0.0000	0.0000	0.0000	0.0000	0.0000	0.0000	0.0000	0.0000	0.0000	0.0000	0.0000	0.0000	0.0000	0.0000	0.0000	0.0000	0.0000	0.0000	0.0000	0.9996	0.0000	8.0005	0.0000	0.0000	0.0000	0.0000	0.0000	0.0000	0.0000	0.0000	0.0000	0.0000	0.0000	0.0000	0.0000	0.0000	0.0000	0.0000	0.0000	0.0000	0.0000	0.0000	0.0000	0.0000	0.0000	0.0000	0.0000	0.0000	0.0000	0.0000	0.0000	0.0000	0.0000	0.0000	0.0000	0.0000	0.0000	0.0000	0.0000	0.0000	0.0000	0.0000	0.0000	0.0000	0.0000	0.0000	0.0000	0.0000	0.0000	0.0000	0.0000	0.0000	0.0000	0.0000	0.0000	0.0000											
30	127	0.1847	7	0	0	0	1	0	0	0	0	N	N	N	N	N	N	N	N	N	N	N	N	0.0000	0.0000	0.0000	0.0000	0.0000	0.0000	0.0000	0.0000	0.0000	0.0000	0.0000	0.0000	0.0000	0.0000	0.0000	0.0000	0.0000	0.0000	0.0000	0.0000	0.0000	3.6536	0.0000	12.3970	0.0000	0.0000	0.0000	0.0000	0.0000	0.0000	0.0000	0.0000	0.0000	0.0000	0.0000	0.0000	0.0000	0.0000	0.0000	0.0000	0.0000	0.0000	0.0000	0.0000	0.0000	0.0000	0.0000	0.0000	0.0000	0.0000	0.0000	0.0000	0.0000	0.0000	0.0000	0.0000	0.0000	0.0000	0.0000	0.0000	0.0000	0.0000	0.0000	0.0000	0.0000	0.0000	0.0000	0.0000	0.0000	0.0000	0.0000	0.0000	0.0000	0.0000	0.0000	0.0000	0.0000	0.0000											
30	128	0.3631	7	0	0	0	1	0	0	0	0	N	N	N	N	N	N	N	N	N	N	N	N	0.0000	0.0000	0.0000	0.0000	0.0000	0.0000	0.0000	0.0000	0.0000	0.0000	0.0000	0.0000	0.0000	0.0000	0.0000	0.0000	0.0000	0.0000	0.0000	0.0000	0.0000	5.3495	0.0000	12.4099	0.0000	0.0000	0.0000	0.0000	0.0000	0.0000	0.0000	0.0000	0.0000	0.0000	0.0000	0.0000	0.0000	0.0000	0.0000	0.0000	0.0000	0.0000	0.0000	0.0000	0.0000	0.0000	0.0000	0.0000	0.0000	0.0000	0.0000	0.0000	0.0000	0.0000	0.0000	0.0000	0.0000	0.0000	0.0000	0.0000	0.0000	0.0000	0.0000	0.0000	0.0000	0.0000	0.0000	0.0000	0.0000	0.0000	0.0000	0.0000	0.0000	0.0000	0.0000	0.0000	0.0000	0.0000											
30	129	0.1688	11	0	1	0	2	0	0	0	0	N	N	N	Y	N	N	N	N	N	N	N	N	0.0000	0.0000	0.0000	0.0000	0.0000	0.0000	0.0000	0.0000	0.0000	0.0000	0.0000	0.0000	0.0000	0.0000	0.0000	0.0000	0.0000	0.0000	0.0000	0.0000	0.0000	0.0000	0.0000	0.0000	0.0000	0.0000	0.0000	0.0000	0.0000	0.0000	0.0000	0.0000	0.0000	0.0000	0.0000	0.0000	0.0000	0.0000	0.0000	0.0000	0.0000	0.0000	0.0000	0.0000	0.0000	0.0000	0.0000	0.0000	0.0000	0.0000	0.0000	0.0000	0.0000	0.0000	0.0000	0.0000	0.0000	0.0000	0.0000	0.0000	0.0000	0.0000	0.0000	0.0000	0.0000	0.0000	0.0000	0.0000	0.0000	0.0000	0.0000	0.0000	0.0000	0.0000	0.0000	0.0000	0.0000	0.0000											
30	130	0.1525	10	0	1	0	2	0	0	0	0	N	N	N	Y	N	N	N	N	N	N	N	N	0.0000	0.0000	0.0000	0.0000	0.0000	0.0000	0.0000	0.0000	0.0000	0.0000	0.0000	0.0000	0.0000	0.0000	0.0000	0.0000	0.0000	0.0000	0.0000	0.0000	0.0000	0.0000	0.0000	3.0001	0.0000	0.0000	0.0000	0.0000	0.0000	0.0000	0.0000	0.0000	0.0000	0.0000	0.0000	0.0000	0.0000	0.0000	0.0000	0.0000	0.0000	0.0000	0.0000	0.0000	0.0000	0.0000	0.0000	0.0000	0.0000	0.0000	0.0000	0.0000	0.0000	0.0000	0.0000	0.0000	0.0000	0.0000	0.0000	0.0000	0.0000	0.0000	0.0000	0.0000	0.0000	0.0000	0.0000	0.0000	0.0000	0.0000	0.0000	0.0000	0.0000	0.0000	0.0000	0.0000	0.0000	0.0000											
30	131	0.1429	9	0	1	0	1	0	0	0	0	N	N	N	N	N	N	N	N	N	N	N	N	0.0000	0.0000	0.0000	0.0000	0.0000	0.0000	0.0000	0.0000	0.0000	0.0000	0.0000	0.0000	0.0000	0.0000	0.0000	0.0000	0.0000	0.0000	0.0000	0.0000	0.0000	0.0000	0.0000	0.0000	0.0000	0.0000	0.0000	0.0000	0.0000	0.0000	0.0000	0.0000	0.0000	0.0000	0.0000	0.0000	0.0000	0.0000	0.0000	0.0000	0.0000	0.0000	0.0000	0.0000	0.0000	0.0000	0.0000	0.0000	0.0000	0.0000	0.0000	0.0000	0.0000	0.0000	0.0000	0.0000	0.0000	0.0000	0.0000	0.0000	0.0000	0.0000	0.0000	0.0000	0.0000	0.0000	0.0000	0.0000	0.0000	0.0000	0.0000	0.0000	0.0000	0.0000	0.0000	0.0000	0.0000	0.0000											
30	132	0.1525	10	0	0	1	2	0	0	0	0	N	N	N	Y	N	N	N	N	N	N	N	N	0.0000	0.0000	0.0000	0.0000	0.0000	0.0000	0.0000	0.0000	0.0000	0.0000	0.0000	0.0000	0.0000	0.0000	0.0000	0.0000	0.0000	0.0000	0.0000	0.0000	0.0000	0.0000	0.0000	1.9999	0.0000	0.0000	0.0000	0.0000	0.0000	0.0000	0.0000	0.0000	0.0000	0.0000	0.0000	0.0000	0.0000	0.0000	0.0000	0.0000	0.0000	0.0000	0.0000	0.0000	0.0000	0.0000	0.0000	0.0000	0.0000	0.0000	0.0000	0.0000	0.0000	0.0000	0.0000	0.0000	0.0000	0.0000	0.0000	0.0000	0.0000	0.0000	0.0000	0.0000	0.0000	0.0000	0.0000	0.0000	0.0000	0.0000	0.0000	0.0000	0.0000	0.0000	0.0000	0.0000	0.0000	0.0000											
30	133	0.1636	11	0	0	1	2	0	0	0	0	N	N	N	Y	N	N	N	N	N	N	N	N	0.0000	0.0000	0.0000	0.0000	0.0000	0.0000	0.0000	0.0000	0.0000	0.0000	0.0000	0.0000	0.0000	0.0000	0.0000	0.0000	0.0000	0.0000	0.0000	0.0000	0.0000	1.0000	0.0000	0.0000	0.0000	0.0000	0.0000	0.0000	0.0000	0.0000	0.0000	0.0000	0.0000	0.0000	0.0000	0.0000	0.0000	0.0000	0.0000	0.0000	0.0000	0.0000	0.0000	0.0000	0.0000	0.0000	0.0000	0.0000	0.0000	0.0000	0.0000	0.0000	0.0000	0.0000	0.0000	0.0000	0.0000	0.0000	0.0000	0.0000	0.0000	0.0000	0.0000	0.0000	0.0000	0.0000	0.0000	0.0000	0.0000	0.0000	0.0000	0.0000	0.0000	0.0000	0.0000	0.0000	0.0000	0.0000											
30	134	0.1636	11	0	0	1	2	0	0	0	0	N	N	N	Y	N	N	N	N	N	N	N	N	0.0000	0.0000	0.0000	0.0000	0.0000	0.0000	0.0000	0.0000	0.0000	0.0000	0.0000	0.0000	0.0000	0.0000	0.0000	0.0000	0.0000	0.0000	0.0000	0.0000	0.0000	0.0000	0.0000	0.0000	0.0000	0.0000	0.0000	0.0000	0.0000	0.0000	0.0000	0.0000	0.0000	0.0000	0.0000	0.0000	0.0000	0.0000	0.0000	0.0000	0.0000	0.0000	0.0000	0.0000	0.0000	0.0000	0.0000	0.0000	0.0000	0.0000	0.0000	0.0000	0.0000	0.0000	0.0000	0.0000	0.0000	0.0000	0.0000	0.0000	0.0000	0.0000	0.0000	0.0000	0.0000	0.0000	0.0000	0.0000	0.0000	0.0000	0.0000	0.0000	0.0000	0.0000	0.0000	0.0000	0.0000	0.0000											
30	135	0.1525	10	0	0	1	2	0	0	0	0	N	N	N	Y	N	N	N	N	N	N	N	N	0.0000	0.0000	0.0000	0.0000	0.0000	0.0000	0.0000	0.0000	0.0000	0.0000	0.0000	0.0000	0.0000	0.0000	0.0000	0.0000	0.0000	0.0000	0.0000	0.0000	0.0000	2.0025	0.0000	0.9943	0.0000	0.0000	0.0000	0.0000	0.0000	0.0000	0.0000	0.0000	0.0000	0.0000	0.0000	0.0000	0.0000	0.0000	0.0000	0.0000	0.0000	0.0000	0.0000	0.0000	0.0000	0.0000	0.0000	0.0000	0.0000	0.0000	0.0000	0.0000	0.0000	0.0000	0.0000	0.0000	0.0000	0.0000	0.0000	0.0000	0.0000	0.0000	0.0000	0.0000	0.0000	0.0000	0.0000	0.0000	0.0000	0.0000	0.0000	0.0000	0.0000	0.0000	0.0000	0.0000	0.0000	0.0000											
30	136	0.1525	9	0	0	0	2	0	0	0	0	N	N	N	Y	N	N	N	N	N	N	N	N	0.0000	0.0000	0.0000	0.0000	0.0000	0.0000	0.0000	0.0000	0.0000	0.0000	0.0000	0.0000	0.0000	0.0000	0.0000	0.0000	0.0000	0.0000	0.0000	0.0000	0.0000	0.0050	0.0000	0.0173	0.0000	0.0000	0.0000	0.0000	0.0000	0.0000	0.0000	0.0000	0.0000	0.0000	0.0000	0.0000	0.0000	0.0000	0.0000	0.0000	0.0000	0.0000	0.0000	0.0000	0.0000	0.0000	0.0000	0.0000	0.0000	0.0000	0.0000	0.0000	0.0000	0.0000	0.0000	0.0000	0.0000	0.0000	0.0000	0.0000	0.0000	0.0000	0.0000	0.0000	0.0000	0.0000	0.0000	0.0000	0.0000	0.0000	0.0000	0.0000	0.0000	0.0000	0.0000	0.0000	0.0000	0.0000											
30	137	0.1429	8	0	0	0	2	0	0	0	0	N	N	N	Y	N	N	N	N	N	N	N	N	0.0000	0.0000	0.0000	0.0000	0.0000	0.0000	0.0000	0.0000	0.0000	0.0000	0.0000	0.0000	0.0000	0.0000	0.0000	0.0000	0.0000	0.0000	0.0000	0.0000	0.0000	1.9972	0.0000	1.0076	0.0000	0.0000	0.0000	0.0000	0.0000	0.0000	0.0000	0.0000	0.0000	0.0000	0.0000	0.0000	0.0000	0.0000	0.0000	0.0000	0.0000	0.0000	0.0000	0.0000	0.0000	0.0000	0.0000	0.0000	0.0000	0.0000	0.0000	0.0000	0.0000	0.0000	0.0000	0.0000	0.0000	0.0000	0.0000	0.0000	0.0000	0.0000	0.0000	0.0000	0.0000	0.0000	0.0000	0.0000	0.0000	0.0000	0.0000	0.0000	0.0000	0.0000	0.0000	0.0000	0.0000	0.0000											
30	138	0.1256	7	1	1	0	1	0	0	0	0	N	N	N	N	N	N	N	N	N	N	N	N	0.0000	0.0000	0.0000	0.0000	0.0000	0.0000	0.0000	0.0000	0.0000	0.0000	0.0000	0.0000	0.0000	0.0000	0.0000	0.0000	0.0000	0.0000	0.0000	0.0000	0.0000	0.0002	0.0000	2.3255	0.0000	0.0000	0.0000	0.0000	0.0000	0.0000	0.0000	0.0000	0.0000	0.0000	0.0000	0.0000	0.0000	0.0000	0.0000	0.0000	0.0000	0.0000	0.0000	0.0000	0.0000	0.0000	0.0000	0.0000	0.0000	0.0000	0.0000	0.0000	0.0000	0.0000	0.0000	0.0000	0.0000	0.0000	0.0000	0.0000	0.0000	0.0000	0.0000	0.0000	0.0000	0.0000	0.0000	0.0000	0.0000	0.0000	0.0000	0.0000	0.0000	0.0000	0.0000	0.0000	0.0000	0.0000											
30	139	0.1078	6	1	1	0	1	0	0	0	0	N	N	N	N	N	N	N	N	N	N	N	N	0.0000	0.0000	0.0000	0.0000	0.0000	0.0000	0.0000	0.0000	0.0000	0.0000	0.0000	0.0000	0.0000	0.0000	0.0000	0.0000	0.0000	0.0000	0.0000	0.0000	0.0000	2.0138	0.0000	2.7349	0.0000	0.0000	0.0000	0.0000	0.0000	0.0000	0.0000	0.0000	0.0000	0.0000	0.0000	0.0000	0.0000	0.0000	0.0000	0.0000	0.0000	0.0000	0.0000	0.0000	0.0000	0.0000	0.0000	0.0000	0.0000	0.0000	0.0000	0.0000	0.0000	0.0000	0.0000	0.0000	0.0000	0.0000	0.0000	0.0000	0.0000	0.0000	0.0000	0.0000	0.0000	0.0000	0.0000	0.0000	0.0000	0.0000	0.0000	0.0000	0.0000	0.0000	0.0000	0.0000	0.0000	0.0000											
30	140	0.1243	7	0	1	0	1	0	0	0	0	N	N	N	N	N	N	N	N	N	N	N	N	0.0000	0.0000	0.0000	0.0000	0.0000	0.0000	0.0000	0.0000	0.0000	0.0000	0.0000	0.0000	0.0000	0.0000	0.0000	0.0000	0.0000	0.0000	0.0000	0.0000	0.0000	1.9232	0.0000	1.1116	0.0000	0.0000	0.0000	0.0000	0.0000	0.0000	0.0000	0.0000	0.0000	0.0000	0.0000	0.0000	0.0000	0.0000	0.0000	0.0000	0.0000	0.0000	0.0000	0.0000	0.0000	0.0000	0.0000	0.0000	0.0000	0.0000	0.0000	0.0000	0.0000	0.0000	0.0000	0.0000	0.0000	0.0000	0.0000	0.0000	0.0000	0.0000	0.0000	0.0000	0.0000	0.0000	0.0000	0.0000	0.0000	0.0000	0.0000	0.0000	0.0000	0.0000	0.0000	0.0000	0.0000	0.0000											
30	141	0.6327	9	0	1	0	1	0	0	0	0	N	N	N	N	N	N	N	N	N	N	N	N	0.0000	0.0000	0.0000	0.0000	0.0000	0.0000	0.0000	0.0000	0.0000	0.0000	0.0000	0.0000	0.0000	0.0000	0.0000	0.0000	0.0000	0.0000	0.0000	0.0000	0.0000	3.0000	0.0000	1.0000	0.0000	0.0000	0.0000	0.0000	0.0000	0.0000	0.0000	0.0000	0.0000	0.0000	0.0000	0.0000	0.0000	0.0000	0.0000	0.0000	0.0000	0.0000	0.0000	0.0000	0.0000	0.0000	0.0000	0.0000	0.0000	0.0000	0.0000	0.0000	0.0000	0.0000	0.0000	0.0000	0.0000	0.0000	0.0000	0.0000	0.0000	0.0000	0.0000	0.0000	0.0000	0.0000	0.0000	0.0000	0.0000	0.0000	0.0000	0.0000	0.0000	0.0000	0.0000	0.0000	0.0000	0.0000											
30	142	0.6135	8	0	0	0	1	0	0	0	0	N	N	N	N	N	N	N	N	N	N	N	N	0.0000	0.0000	0.0000	0.0000	0.0000	0.0000	0.0000	0.0000	0.0000	0.0000	0.0000	0.0000	0.0000	0.0000	0.0000	0.0000	0.0000	0.0000	0.0000	0.0000	0.0000	1.0000	0.0000	1.0000	0.0000	0.0000	0.0000	0.0000	0.0000	0.0000	0.0000	0.0000	0.0000	0.0000	0.0000	0.0000	0.0000	0.0000	0.0000	0.0000	0.0000	0.0000	0.0000	0.0000	0.0000	0.0000	0.0000	0.0000	0.0000	0.0000	0.0000	0.0000	0.0000	0.0000	0.0000	0.0000	0.0000	0.0000	0.0000	0.0000	0.0000	0.0000	0.0000	0.0000	0.0000	0.0000	0.0000	0.0000	0.0000	0.0000	0.0000	0.0000	0.0000	0.0000	0.0000	0.0000	0.0000	0.0000											
30	143	0.3631	7	0	0	0	1	0	0	0	0	N	N	N	N	N	N	N	N	N	N	N	N	0.0000	0.0000	0.0000	0.0000	0.0000	0.0000	0.0000	0.0000	0.0000	0.0000	0.0000	0.0000	0.0000	0.0000	0.0000	0.0000	0.0000	0.0000	0.0000	0.0000	0.0000	7.1211	0.0000	10.9474	0.0000	0.0000	0.0000	0.0000	0.0000	0.0000	0.0000	0.0000	0.0000	0.0000	0.0000	0.0000	0.0000	0.0000	0.0000	0.0000	0.0000	0.0000	0.0000	0.0000	0.0000	0.0000	0.0000	0.0000	0.0000	0.0000	0.0000	0.0000	0.0000	0.0000	0.0000	0.0000	0.0000	0.0000	0.0000	0.0000	0.0000	0.0000	0.0000	0.0000	0.0000	0.0000	0.0000	0.0000	0.0000	0.0000	0.0000	0.0000	0.0000	0.0000	0.0000	0.0000	0.0000	0.0000											
30	144	0.1684	6	0	0	0	1	0	0	0	0	N	N	N	N	N	N	N	N	N	N	N	N	0.0000	0.0000	0.0000	0.0000	0.0000	0.0000	0.0000	0.0000	0.0000	0.0000	0.0000	0.0000	0.0000	0.0000	0.0000	0.0000	0.0000	0.0000	0.0000	0.0000	0.0000	8.5175	0.0000	23.1696	0.0000	0.0000	0.0000	0.0000	0.0000	0.0000	0.0000	0.0000	0.0000	0.0000	0.0000	0.0000	0.0000	0.0000	0.0000	0.0000	0.0000	0.0000	0.0000	0.0000	0.0000	0.0000	0.0000	0.0000	0.0000	0.0000	0.0000	0.0000	0.0000	0.0000	0.0000	0.0000	0.0000	0.0000	0.0000	0.0000	0.0000	0.0000	0.0000	0.0000	0.0000	0.0000	0.0000	0.0000	0.0000	0.0000	0.0000	0.0000	0.0000	0.0000	0.0000	0.0000	0.0000	0.0000											
30	145	0.1429	9	1	1	0	1	0	0	0	0	N	N	N	N	N	N	N	N	N	N	N	N	0.0000	0.0000	0.0000	0.0000	0.0000	0.0000	0.0000	0.0000	0.0000	0.0000	0.0000	0.0000	0.0000	0.0000	0.0000	0.0000	0.0000	0.0000	0.0000	0.0000	0.0000	1.0000	0.0000	1.0000	0.0000	0.0000	0.0000	0.0000	0.0000	0.0000	0.0000	0.0000	0.0000	0.0000	0.0000	0.0000	0.0000	0.0000	0.0000	0.0000	0.0000	0.0000	0.0000	0.0000	0.0000	0.0000	0.0000	0.0000	0.0000	0.0000	0.0000	0.0000	0.0000	0.0000	0.0000	0.0000	0.0000	0.0000	0.0000	0.0000	0.0000	0.0000	0.0000	0.0000	0.0000	0.0000	0.0000	0.0000	0.0000	0.0000	0.0000	0.0000	0.0000	0.0000	0.0000	0.0000	0.0000	0.0000											
30	146	0.1429	8	0	1	0	1	0	0	0	0	N	N	N	N	N	N	N	N	N	N	N	N	0.0000	0.0000	0.0000	0.0000	0.0000	0.0000	0.0000	0.0000	0.0000	0.0000	0.0000	0.0000	0.0000	0.0000	0.0000	0.0000	0.0000	0.0000	0.0000	0.0000	0.0000	0.0003	0.0000	0.0000	0.0000	0.0000	0.0000	0.0000	0.0000	0.0000	0.0000	0.0000	0.0000	0.0000	0.0000	0.0000	0.0000	0.0000	0.0000	0.0000	0.0000	0.0000	0.0000	0.0000	0.0000	0.0000	0.0000	0.0000	0.0000	0.0000	0.0000	0.0000	0.0000	0.0000	0.0000	0.0000	0.0000	0.0000	0.0000	0.0000	0.0000	0.0000	0.0000	0.0000	0.0000	0.0000	0.0000	0.0000	0.0000	0.0000	0.0000	0.0000	0.0000	0.0000	0.0000	0.0000	0.0000	0.0000											
30	147	0.1243	7	0	0	0	1	0	0	0	0	N	N	N	N	N	N	N	N	N	N	N	N	0.0000	0.0000	0.0000	0.0000	0.0000	0.0000	0.0000	0.0000	0.0000	0.0000	0.0000	0.0000	0.0000	0.0000	0.0000	0.0000	0.0000	0.0000	0.0000	0.0000	0.0000	4.9449	0.0000	1.0063	0.0000	0.0000	0.0000	0.0000	0.0000	0.0000	0.0000	0.0000	0.0000	0.0000	0.0000	0.0000	0.0000	0.0000	0.0000	0.0000	0.0000	0.0000	0.0000	0.0000	0.0000	0.0000	0.0000	0.0000	0.0000	0.0000	0.0000	0.0000	0.0000	0.0000	0.0000	0.0000	0.0000	0.0000	0.0000	0.0000	0.0000	0.0000	0.0000	0.0000	0.0000	0.0000	0.0000	0.0000	0.0000	0.0000	0.0000	0.0000	0.0000	0.0000	0.0000	0.0000	0.0000	0.0000											
30	148	0.1078	6	0	0	0	1	0	0	0	0	N	N	N	N	N	N	N	N	N	N	N	N	0.0000	0.0000	0.0000	0.0000	0.0000	0.0000	0.0000	0.0000	0.0000	0.0000	0.0000	0.0000	0.0000	0.0000	0.0000	0.0000	0.0000	0.0000	0.0000	0.0000	0.0000	3.4778	0.0000	1.2917	0.0000	0.0000	0.0000	0.0000	0.0000	0.0000	0.0000	0.0000	0.0000	0.0000	0.0000	0.0000	0.0000	0.0000	0.0000	0.0000	0.0000	0.0000	0.0000	0.0000	0.0000	0.0000	0.0000	0.0000	0.0000	0.0000	0.0000	0.0000	0.0000	0.0000	0.0000	0.0000	0.0000	0.0000	0.0000	0.0000	0.0000	0.0000	0.0000	0.0000	0.0000	0.0000	0.0000	0.0000	0.0000	0.0000	0.0000	0.0000	0.0000	0.0000	0.0000	0.0000	0.0000	0.0000											
30	149	0.0574	5	0	0	0	1	0	0	0	0	N	N	N	N	N	N	N	N	N	N	N	N	0.0000	0.0000	0.0000	0.0000	0.0000	0.0000	0.0000	0.0000	0.0000	0.0000	0.0000	0.0000	0.0000	0.0000	0.0000	0.0000	0.0000	0.0000	0.0000	0.0000	0.0000	7.8050	0.0000	4.0035	0.0000	0.0000	0.0000	0.0000	0.0000	0.0000	0.0000	0.0000	0.0000	0.0000	0.0000	0.0000	0.0000	0.0000	0.0000	0.0000	0.0000	0.0000	0.0000	0.0000	0.0000	0.0000	0.0000	0.0000	0.0000	0.0000	0.0000	0.0000	0.0000	0.0000	0.0000	0.0000	0.0000	0.0000	0.0000	0.0000	0.0000	0.0000	0.0000	0.0000	0.0000	0.0000	0.0000	0.0000	0.0000	0.0000	0.0000	0.0000	0.0000	0.0000	0.0000	0.0000	0.0000	0.0000											
30	150	0.1847	7	0	0	0	1	0	0	0	0	N	N	N	N	N	N	N	N	N	N	N	N	0.0000	0.0000	0.0000	0.0000	0.0000	0.0000	0.0000	0.0000	0.0000	0.0000	0.0000	0.0000	0.0000	0.0000	0.0000	0.0000	0.0000	0.0000	0.0000	0.0000	0.0000	3.7255	0.0000	14.1767	0.0000	0.0000	0.0000	0.0000	0.0000	0.0000	0.0000	0.0000	0.0000	0.0000	0.0000	0.0000	0.0000	0.0000	0.0000	0.0000	0.0000	0.0000	0.0000	0.0000	0.0000	0.0000	0.0000	0.0000	0.0000	0.0000	0.0000	0.0000	0.0000	0.0000	0.0000	0.0000	0.0000	0.0000	0.0000	0.0000	0.0000	0.0000	0.0000	0.0000	0.0000	0.0000	0.0000	0.0000	0.0000	0.0000	0.0000	0.0000	0.0000	0.0000	0.0000	0.0000	0.0000	0.0000											
30	151	0.1684	6	0	0	0	1	0	0	0	0	N	N	N	N	N	N	N	N	N	N	N	N	0.0000	0.0000	0.0000	0.0000	0.0000	0.0000	0.0000	0.0000	0.0000	0.0000	0.0000	0.0000	0.0000	0.0000	0.0000	0.0000	0.0000	0.0000	0.0000	0.0000	0.0000	1.4205	0.0000	4.0377	0.0000	0.0000	0.0000	0.0000	0.0000	0.0000	0.0000	0.0000	0.0000	0.0000	0.0000	0.0000	0.0000	0.0000	0.0000	0.0000	0.0000	0.0000	0.0000	0.0000	0.0000	0.0000	0.0000	0.0000	0.0000	0.0000	0.0000	0.0000	0.0000	0.0000	0.0000	0.0000	0.0000	0.0000	0.0000	0.0000	0.0000	0.0000	0.0000	0.0000	0.0000	0.0000	0.0000	0.0000	0.0000	0.0000	0.0000	0.0000	0.0000	0.0000	0.0000	0.0000	0.0000	0.0000											
30	152	0.0574	5	0	0	0	1	0	0	0	0	N	N	N	N	N	N	N	N	N	N	N	N	0.0000	0.0000	0.0000	0.0000	0.0000	0.0000	0.0000	0.0000	0.0000	0.0000	0.0000	0.0000	0.0000	0.0000	0.0000	0.0000	0.0000	0.0000	0.0000	0.0000	0.0000	6.4701	0.0000	12.4371	0.0000	0.0000	0.0000	0.0000	0.0000	0.0000	0.0000	0.0000	0.0000	0.0000	0.0000	0.0000	0.0000	0.0000	0.0000	0.0000	0.0000	0.0000	0.0000	0.0000	0.0000	0.0000	0.0000	0.0000	0.0000	0.0000	0.0000	0.0000	0.0000	0.0000	0.0000	0.0000	0.0000	0.0000	0.0000	0.0000	0.0000	0.0000	0.0000	0.0000	0.0000	0.0000	0.0000	0.0000	0.0000	0.0000	0.0000	0.0000	0.0000	0.0000	0.0000	0.0000	0.0000	0.0000											
31	32	0.0642	3	1	1	1	0	0	0	0	0	N	N	N	N	N	N	N	N	N	N	N	N	0.0000	0.0000	0.0000	0.0000	0.0000	0.0000	0.0000	0.0000	0.0000	0.0000	0.0000	0.0000	0.0000	0.0000	0.0000	0.0000	0.0000	0.0000	0.0000	0.0000	0.0000	0.0006	0.0000	3.0000	0.0000	0.0000	0.0000	0.0000	0.0000	0.0000	0.0000	0.0000	0.0000	0.0000	0.0000	0.0000	0.0000	0.0000	0.0000	0.0000	0.0000	0.0000	0.0000	0.0000	0.0000	0.0000	0.0000	0.0000	0.0000	0.0000	0.0000	0.0000	0.0000	0.0000	0.0000	0.0000	0.0000	0.0000	0.0000	0.0000	0.0000	0.0000	0.0000	0.0000	0.0000	0.0000	0.0000	0.0000	0.0000	0.0000	0.0000	0.0000	0.0000	0.0000	0.0000	0.0000	0.0000	0.0000											
31	33	0.0642	3	1	1	1	0	0	0	0	0	N	N	N	N	N	N	N	N	N	N	N	N	0.0000	0.0000	0.0000	0.0000	0.0000	0.0000	0.0000	0.0000	0.0000	0.0000	0.0000	0.0000	0.0000	0.0000	0.0000	0.0000	0.0000	0.0000	0.0000	0.0000	0.0000	2.0006	0.0000	8.0000	0.0000	0.0000	0.0000	0.0000	0.0000	0.0000	0.0000	0.0000	0.0000	0.0000	0.0000	0.0000	0.0000	0.0000	0.0000	0.0000	0.0000	0.0000	0.0000	0.0000	0.0000	0.0000	0.0000	0.0000	0.0000	0.0000	0.0000	0.0000	0.0000	0.0000	0.0000	0.0000	0.0000	0.0000	0.0000	0.0000	0.0000	0.0000	0.0000	0.0000	0.0000	0.0000	0.0000	0.0000	0.0000	0.0000	0.0000	0.0000	0.0000	0.0000	0.0000	0.0000	0.0000	0.0000											
31	34	0.0229	2	2	1	1	0	0	0	0	0	Y	N	N	N	N	N	N	N	N	N	N	N	0.0000	0.0000	0.0000	0.0000	0.0000	0.0000	0.0000	0.0000	0.0000	0.0000	0.0000	0.0000	0.0000	0.0000	0.0000	0.0000	0.0000	0.0000	0.0000	0.0000	0.0000	10.0001	0.0000	4.0001	0.0000	0.0000	0.0000	0.0000	0.0000	0.0000	0.0000	0.0000	0.0000	0.0000	0.0000	0.0000	0.0000	0.0000	0.0000	0.0000	0.0000	0.0000	0.0000	0.0000	0.0000	0.0000	0.0000	0.0000	0.0000	0.0000	0.0000	0.0000	0.0000	0.0000	0.0000	0.0000	0.0000	0.0000	0.0000	0.0000	0.0000	0.0000	0.0000	0.0000	0.0000	0.0000	0.0000	0.0000	0.0000	0.0000	0.0000	0.0000	0.0000	0.0000	0.0000	0.0000	0.0000	0.0000											
31	35	0.0642	3	1	1	1	0	0	0	0	0	N	N	N	N	N	N	N	N	N	N	N	N	0.0000	0.0000	0.0000	0.0000	0.0000	0.0000	0.0000	0.0000	0.0000	0.0000	0.0000	0.0000	0.0000	0.0000	0.0000	0.0000	0.0000	0.0000	0.0000	0.0000	0.0000	3.0004	0.0000	2.0000	0.0000	0.0000	0.0000	0.0000	0.0000	0.0000	0.0000	0.0000	0.0000	0.0000	0.0000	0.0000	0.0000	0.0000	0.0000	0.0000	0.0000	0.0000	0.0000	0.0000	0.0000	0.0000	0.0000	0.0000	0.0000	0.0000	0.0000	0.0000	0.0000	0.0000	0.0000	0.0000	0.0000	0.0000	0.0000	0.0000	0.0000	0.0000	0.0000	0.0000	0.0000	0.0000	0.0000	0.0000	0.0000	0.0000	0.0000	0.0000	0.0000	0.0000	0.0000	0.0000	0.0000	0.0000											
31	36	0.6203	6	1	1	1	0	0	0	0	0	N	N	N	N	N	N	N	N	N	N	N	N	0.0000	0.0000	0.0000	0.0000	0.0000	0.0000	0.0000	0.0000	0.0000	0.0000	0.0000	0.0000	0.0000	0.0000	0.0000	0.0000	0.0000	0.0000	0.0000	0.0000	0.0000	3.0000	0.0000	3.0000	0.0000	0.0000	0.0000	0.0000	0.0000	0.0000	0.0000	0.0000	0.0000	0.0000	0.0000	0.0000	0.0000	0.0000	0.0000	0.0000	0.0000	0.0000	0.0000	0.0000	0.0000	0.0000	0.0000	0.0000	0.0000	0.0000	0.0000	0.0000	0.0000	0.0000	0.0000	0.0000	0.0000	0.0000	0.0000	0.0000	0.0000	0.0000	0.0000	0.0000	0.0000	0.0000	0.0000	0.0000	0.0000	0.0000	0.0000	0.0000	0.0000	0.0000	0.0000	0.0000	0.0000	0.0000											
31	37	0.0944	4	2	1	1	0	0	0	0	0	Y	N	N	N	N	N	N	N	N	N	N	N	0.0000	0.0000	0.0000	0.0000	0.0000	0.0000	0.0000	0.0000	0.0000	0.0000	0.0000	0.0000	0.0000	0.0000	0.0000	0.0000	0.0000	0.0000	0.0000	0.0000	0.0000	4.2779	0.0000	3.9542	0.0000	0.0000	0.0000	0.0000	0.0000	0.0000	0.0000	0.0000	0.0000	0.0000	0.0000	0.0000	0.0000	0.0000	0.0000	0.0000	0.0000	0.0000	0.0000	0.0000	0.0000	0.0000	0.0000	0.0000	0.0000	0.0000	0.0000	0.0000	0.0000	0.0000	0.0000	0.0000	0.0000	0.0000	0.0000	0.0000	0.0000	0.0000	0.0000	0.0000	0.0000	0.0000	0.0000	0.0000	0.0000	0.0000	0.0000	0.0000	0.0000	0.0000	0.0000	0.0000	0.0000	0.0000											
31	38	0.6870	10	2	1	1	0	0	0	0	0	Y	N	N	N	N	N	N	N	N	N	N	N	0.0000	0.0000	0.0000	0.0000	0.0000	0.0000	0.0000	0.0000	0.0000	0.0000	0.0000	0.0000	0.0000	0.0000	0.0000	0.0000	0.0000	0.0000	0.0000	0.0000	0.0000	2.8243	0.0000	1.0201	0.0000	0.0000	0.0000	0.0000	0.0000	0.0000	0.0000	0.0000	0.0000	0.0000	0.0000	0.0000	0.0000	0.0000	0.0000	0.0000	0.0000	0.0000	0.0000	0.0000	0.0000	0.0000	0.0000	0.0000	0.0000	0.0000	0.0000	0.0000	0.0000	0.0000	0.0000	0.0000	0.0000	0.0000	0.0000	0.0000	0.0000	0.0000	0.0000	0.0000	0.0000	0.0000	0.0000	0.0000	0.0000	0.0000	0.0000	0.0000	0.0000	0.0000	0.0000	0.0000	0.0000	0.0000											
31	39	0.0229	2	1	1	1	0	0	0	0	0	N	N	N	N	N	N	N	N	N	N	N	N	0.0000	0.0000	0.0000	0.0000	0.0000	0.0000	0.0000	0.0000	0.0000	0.0000	0.0000	0.0000	0.0000	0.0000	0.0000	0.0000	0.0000	0.0000	0.0000	0.0000	0.0000	5.0001	0.0000	5.0000	0.0000	0.0000	0.0000	0.0000	0.0000	0.0000	0.0000	0.0000	0.0000	0.0000	0.0000	0.0000	0.0000	0.0000	0.0000	0.0000	0.0000	0.0000	0.0000	0.0000	0.0000	0.0000	0.0000	0.0000	0.0000	0.0000	0.0000	0.0000	0.0000	0.0000	0.0000	0.0000	0.0000	0.0000	0.0000	0.0000	0.0000	0.0000	0.0000	0.0000	0.0000	0.0000	0.0000	0.0000	0.0000	0.0000	0.0000	0.0000	0.0000	0.0000	0.0000	0.0000	0.0000	0.0000											
31	40	0.6427	7	1	1	1	0	0	0	0	0	N	N	N	N	N	N	N	N	N	N	N	N	0.0000	0.0000	0.0000	0.0000	0.0000	0.0000	0.0000	0.0000	0.0000	0.0000	0.0000	0.0000	0.0000	0.0000	0.0000	0.0000	0.0000	0.0000	0.0000	0.0000	0.0000	0.0000	0.0000	2.0000	0.0000	0.0000	0.0000	0.0000	0.0000	0.0000	0.0000	0.0000	0.0000	0.0000	0.0000	0.0000	0.0000	0.0000	0.0000	0.0000	0.0000	0.0000	0.0000	0.0000	0.0000	0.0000	0.0000	0.0000	0.0000	0.0000	0.0000	0.0000	0.0000	0.0000	0.0000	0.0000	0.0000	0.0000	0.0000	0.0000	0.0000	0.0000	0.0000	0.0000	0.0000	0.0000	0.0000	0.0000	0.0000	0.0000	0.0000	0.0000	0.0000	0.0000	0.0000	0.0000	0.0000	0.0000											
31	41	0.0229	2	1	1	1	0	0	0	0	0	N	N	N	N	N	N	N	N	N	N	N	N	0.0000	0.0000	0.0000	0.0000	0.0000	0.0000	0.0000	0.0000	0.0000	0.0000	0.0000	0.0000	0.0000	0.0000	0.0000	0.0000	0.0000	0.0000	0.0000	0.0000	0.0000	5.9998	0.0000	3.0000	0.0000	0.0000	0.0000	0.0000	0.0000	0.0000	0.0000	0.0000	0.0000	0.0000	0.0000	0.0000	0.0000	0.0000	0.0000	0.0000	0.0000	0.0000	0.0000	0.0000	0.0000	0.0000	0.0000	0.0000	0.0000	0.0000	0.0000	0.0000	0.0000	0.0000	0.0000	0.0000	0.0000	0.0000	0.0000	0.0000	0.0000	0.0000	0.0000	0.0000	0.0000	0.0000	0.0000	0.0000	0.0000	0.0000	0.0000	0.0000	0.0000	0.0000	0.0000	0.0000	0.0000	0.0000											
31	42	0.7088	11	1	1	2	1	0	0	0	0	N	N	Y	N	N	N	N	N	N	N	N	N	0.0000	0.0000	0.0000	0.0000	0.0000	0.0000	0.0000	0.0000	0.0000	0.0000	0.0000	0.0000	0.0000	0.0000	0.0000	0.0000	0.0000	0.0000	0.0000	0.0000	0.0000	0.0011	0.0000	1.0134	0.0000	0.0000	0.0000	0.0000	0.0000	0.0000	0.0000	0.0000	0.0000	0.0000	0.0000	0.0000	0.0000	0.0000	0.0000	0.0000	0.0000	0.0000	0.0000	0.0000	0.0000	0.0000	0.0000	0.0000	0.0000	0.0000	0.0000	0.0000	0.0000	0.0000	0.0000	0.0000	0.0000	0.0000	0.0000	0.0000	0.0000	0.0000	0.0000	0.0000	0.0000	0.0000	0.0000	0.0000	0.0000	0.0000	0.0000	0.0000	0.0000	0.0000	0.0000	0.0000	0.0000	0.0000											
31	43	0.6870	10	1	0	1	1	0	0	0	0	N	N	N	N	N	N	N	N	N	N	N	N	0.0000	0.0000	0.0000	0.0000	0.0000	0.0000	0.0000	0.0000	0.0000	0.0000	0.0000	0.0000	0.0000	0.0000	0.0000	0.0000	0.0000	0.0000	0.0000	0.0000	0.0000	2.8187	0.0000	0.0347	0.0000	0.0000	0.0000	0.0000	0.0000	0.0000	0.0000	0.0000	0.0000	0.0000	0.0000	0.0000	0.0000	0.0000	0.0000	0.0000	0.0000	0.0000	0.0000	0.0000	0.0000	0.0000	0.0000	0.0000	0.0000	0.0000	0.0000	0.0000	0.0000	0.0000	0.0000	0.0000	0.0000	0.0000	0.0000	0.0000	0.0000	0.0000	0.0000	0.0000	0.0000	0.0000	0.0000	0.0000	0.0000	0.0000	0.0000	0.0000	0.0000	0.0000	0.0000	0.0000	0.0000	0.0000											
31	44	0.6743	9	1	0	1	0	0	0	0	0	N	N	N	N	N	N	N	N	N	N	N	N	0.0000	0.0000	0.0000	0.0000	0.0000	0.0000	0.0000	0.0000	0.0000	0.0000	0.0000	0.0000	0.0000	0.0000	0.0000	0.0000	0.0000	0.0000	0.0000	0.0000	0.0000	0.9605	0.0000	1.0076	0.0000	0.0000	0.0000	0.0000	0.0000	0.0000	0.0000	0.0000	0.0000	0.0000	0.0000	0.0000	0.0000	0.0000	0.0000	0.0000	0.0000	0.0000	0.0000	0.0000	0.0000	0.0000	0.0000	0.0000	0.0000	0.0000	0.0000	0.0000	0.0000	0.0000	0.0000	0.0000	0.0000	0.0000	0.0000	0.0000	0.0000	0.0000	0.0000	0.0000	0.0000	0.0000	0.0000	0.0000	0.0000	0.0000	0.0000	0.0000	0.0000	0.0000	0.0000	0.0000	0.0000	0.0000											
31	45	0.1174	6	1	1	2	1	0	0	0	0	N	N	Y	N	N	N	N	N	N	N	N	N	0.0000	0.0000	0.0000	0.0000	0.0000	0.0000	0.0000	0.0000	0.0000	0.0000	0.0000	0.0000	0.0000	0.0000	0.0000	0.0000	0.0000	0.0000	0.0000	0.0000	0.0000	1.0000	0.0000	1.0000	0.0000	0.0000	0.0000	0.0000	0.0000	0.0000	0.0000	0.0000	0.0000	0.0000	0.0000	0.0000	0.0000	0.0000	0.0000	0.0000	0.0000	0.0000	0.0000	0.0000	0.0000	0.0000	0.0000	0.0000	0.0000	0.0000	0.0000	0.0000	0.0000	0.0000	0.0000	0.0000	0.0000	0.0000	0.0000	0.0000	0.0000	0.0000	0.0000	0.0000	0.0000	0.0000	0.0000	0.0000	0.0000	0.0000	0.0000	0.0000	0.0000	0.0000	0.0000	0.0000	0.0000	0.0000											
31	46	0.6203	6	1	1	1	0	0	0	0	0	N	N	N	N	N	N	N	N	N	N	N	N	0.0000	0.0000	0.0000	0.0000	0.0000	0.0000	0.0000	0.0000	0.0000	0.0000	0.0000	0.0000	0.0000	0.0000	0.0000	0.0000	0.0000	0.0000	0.0000	0.0000	0.0000	0.0000	0.0000	0.0000	0.0000	0.0000	0.0000	0.0000	0.0000	0.0000	0.0000	0.0000	0.0000	0.0000	0.0000	0.0000	0.0000	0.0000	0.0000	0.0000	0.0000	0.0000	0.0000	0.0000	0.0000	0.0000	0.0000	0.0000	0.0000	0.0000	0.0000	0.0000	0.0000	0.0000	0.0000	0.0000	0.0000	0.0000	0.0000	0.0000	0.0000	0.0000	0.0000	0.0000	0.0000	0.0000	0.0000	0.0000	0.0000	0.0000	0.0000	0.0000	0.0000	0.0000	0.0000	0.0000	0.0000	0.0000											
31	47	0.6743	9	1	1	1	1	0	0	0	0	N	N	N	N	N	N	N	N	N	N	N	N	0.0000	0.0000	0.0000	0.0000	0.0000	0.0000	0.0000	0.0000	0.0000	0.0000	0.0000	0.0000	0.0000	0.0000	0.0000	0.0000	0.0000	0.0000	0.0000	0.0000	0.0000	0.0000	0.0000	1.0000	0.0000	0.0000	0.0000	0.0000	0.0000	0.0000	0.0000	0.0000	0.0000	0.0000	0.0000	0.0000	0.0000	0.0000	0.0000	0.0000	0.0000	0.0000	0.0000	0.0000	0.0000	0.0000	0.0000	0.0000	0.0000	0.0000	0.0000	0.0000	0.0000	0.0000	0.0000	0.0000	0.0000	0.0000	0.0000	0.0000	0.0000	0.0000	0.0000	0.0000	0.0000	0.0000	0.0000	0.0000	0.0000	0.0000	0.0000	0.0000	0.0000	0.0000	0.0000	0.0000	0.0000	0.0000											
31	48	0.6203	6	2	1	1	0	0	0	0	0	Y	N	N	N	N	N	N	N	N	N	N	N	0.0000	0.0000	0.0000	0.0000	0.0000	0.0000	0.0000	0.0000	0.0000	0.0000	0.0000	0.0000	0.0000	0.0000	0.0000	0.0000	0.0000	0.0000	0.0000	0.0000	0.0000	0.0000	0.0000	4.0000	0.0000	0.0000	0.0000	0.0000	0.0000	0.0000	0.0000	0.0000	0.0000	0.0000	0.0000	0.0000	0.0000	0.0000	0.0000	0.0000	0.0000	0.0000	0.0000	0.0000	0.0000	0.0000	0.0000	0.0000	0.0000	0.0000	0.0000	0.0000	0.0000	0.0000	0.0000	0.0000	0.0000	0.0000	0.0000	0.0000	0.0000	0.0000	0.0000	0.0000	0.0000	0.0000	0.0000	0.0000	0.0000	0.0000	0.0000	0.0000	0.0000	0.0000	0.0000	0.0000	0.0000	0.0000											
31	49	0.6950	10	1	0	2	0	0	0	0	0	N	N	Y	N	N	N	N	N	N	N	N	N	0.0000	0.0000	0.0000	0.0000	0.0000	0.0000	0.0000	0.0000	0.0000	0.0000	0.0000	0.0000	0.0000	0.0000	0.0000	0.0000	0.0000	0.0000	0.0000	0.0000	0.0000	0.0000	0.0000	0.0000	0.0000	0.0000	0.0000	0.0000	0.0000	0.0000	0.0000	0.0000	0.0000	0.0000	0.0000	0.0000	0.0000	0.0000	0.0000	0.0000	0.0000	0.0000	0.0000	0.0000	0.0000	0.0000	0.0000	0.0000	0.0000	0.0000	0.0000	0.0000	0.0000	0.0000	0.0000	0.0000	0.0000	0.0000	0.0000	0.0000	0.0000	0.0000	0.0000	0.0000	0.0000	0.0000	0.0000	0.0000	0.0000	0.0000	0.0000	0.0000	0.0000	0.0000	0.0000	0.0000	0.0000	0.0000											
31	50	0.1265	5	1	0	2	0	0	0	0	0	N	N	Y	N	N	N	N	N	N	N	N	N	0.0000	0.0000	0.0000	0.0000	0.0000	0.0000	0.0000	0.0000	0.0000	0.0000	0.0000	0.0000	0.0000	0.0000	0.0000	0.0000	0.0000	0.0000	0.0000	0.0000	0.0000	1.0000	0.0000	1.0000	0.0000	0.0000	0.0000	0.0000	0.0000	0.0000	0.0000	0.0000	0.0000	0.0000	0.0000	0.0000	0.0000	0.0000	0.0000	0.0000	0.0000	0.0000	0.0000	0.0000	0.0000	0.0000	0.0000	0.0000	0.0000	0.0000	0.0000	0.0000	0.0000	0.0000	0.0000	0.0000	0.0000	0.0000	0.0000	0.0000	0.0000	0.0000	0.0000	0.0000	0.0000	0.0000	0.0000	0.0000	0.0000	0.0000	0.0000	0.0000	0.0000	0.0000	0.0000	0.0000	0.0000	0.0000											
31	51	0.1310	5	1	1	1	0	0	0	0	0	N	N	N	N	N	N	N	N	N	N	N	N	0.0000	0.0000	0.0000	0.0000	0.0000	0.0000	0.0000	0.0000	0.0000	0.0000	0.0000	0.0000	0.0000	0.0000	0.0000	0.0000	0.0000	0.0000	0.0000	0.0000	0.0000	0.0003	0.0000	0.9690	0.0000	0.0000	0.0000	0.0000	0.0000	0.0000	0.0000	0.0000	0.0000	0.0000	0.0000	0.0000	0.0000	0.0000	0.0000	0.0000	0.0000	0.0000	0.0000	0.0000	0.0000	0.0000	0.0000	0.0000	0.0000	0.0000	0.0000	0.0000	0.0000	0.0000	0.0000	0.0000	0.0000	0.0000	0.0000	0.0000	0.0000	0.0000	0.0000	0.0000	0.0000	0.0000	0.0000	0.0000	0.0000	0.0000	0.0000	0.0000	0.0000	0.0000	0.0000	0.0000	0.0000	0.0000											
31	52	0.6983	10	1	1	1	0	0	0	0	0	N	N	N	N	N	N	N	N	N	N	N	N	0.0000	0.0000	0.0000	0.0000	0.0000	0.0000	0.0000	0.0000	0.0000	0.0000	0.0000	0.0000	0.0000	0.0000	0.0000	0.0000	0.0000	0.0000	0.0000	0.0000	0.0000	0.9211	0.0000	0.1671	0.0000	0.0000	0.0000	0.0000	0.0000	0.0000	0.0000	0.0000	0.0000	0.0000	0.0000	0.0000	0.0000	0.0000	0.0000	0.0000	0.0000	0.0000	0.0000	0.0000	0.0000	0.0000	0.0000	0.0000	0.0000	0.0000	0.0000	0.0000	0.0000	0.0000	0.0000	0.0000	0.0000	0.0000	0.0000	0.0000	0.0000	0.0000	0.0000	0.0000	0.0000	0.0000	0.0000	0.0000	0.0000	0.0000	0.0000	0.0000	0.0000	0.0000	0.0000	0.0000	0.0000	0.0000											
31	53	0.1174	6	1	1	1	0	0	0	0	0	N	N	N	N	N	N	N	N	N	N	N	N	0.0000	0.0000	0.0000	0.0000	0.0000	0.0000	0.0000	0.0000	0.0000	0.0000	0.0000	0.0000	0.0000	0.0000	0.0000	0.0000	0.0000	0.0000	0.0000	0.0000	0.0000	1.0000	0.0000	5.0000	0.0000	0.0000	0.0000	0.0000	0.0000	0.0000	0.0000	0.0000	0.0000	0.0000	0.0000	0.0000	0.0000	0.0000	0.0000	0.0000	0.0000	0.0000	0.0000	0.0000	0.0000	0.0000	0.0000	0.0000	0.0000	0.0000	0.0000	0.0000	0.0000	0.0000	0.0000	0.0000	0.0000	0.0000	0.0000	0.0000	0.0000	0.0000	0.0000	0.0000	0.0000	0.0000	0.0000	0.0000	0.0000	0.0000	0.0000	0.0000	0.0000	0.0000	0.0000	0.0000	0.0000	0.0000											
31	54	0.1022	5	1	0	1	0	0	0	0	0	N	N	N	N	N	N	N	N	N	N	N	N	0.0000	0.0000	0.0000	0.0000	0.0000	0.0000	0.0000	0.0000	0.0000	0.0000	0.0000	0.0000	0.0000	0.0000	0.0000	0.0000	0.0000	0.0000	0.0000	0.0000	0.0000	0.0000	0.0000	2.9157	0.0000	0.0000	0.0000	0.0000	0.0000	0.0000	0.0000	0.0000	0.0000	0.0000	0.0000	0.0000	0.0000	0.0000	0.0000	0.0000	0.0000	0.0000	0.0000	0.0000	0.0000	0.0000	0.0000	0.0000	0.0000	0.0000	0.0000	0.0000	0.0000	0.0000	0.0000	0.0000	0.0000	0.0000	0.0000	0.0000	0.0000	0.0000	0.0000	0.0000	0.0000	0.0000	0.0000	0.0000	0.0000	0.0000	0.0000	0.0000	0.0000	0.0000	0.0000	0.0000	0.0000	0.0000											
31	55	0.6743	9	1	1	1	0	0	0	0	0	N	N	N	N	N	N	N	N	N	N	N	N	0.0000	0.0000	0.0000	0.0000	0.0000	0.0000	0.0000	0.0000	0.0000	0.0000	0.0000	0.0000	0.0000	0.0000	0.0000	0.0000	0.0000	0.0000	0.0000	0.0000	0.0000	2.0000	0.0000	3.0000	0.0000	0.0000	0.0000	0.0000	0.0000	0.0000	0.0000	0.0000	0.0000	0.0000	0.0000	0.0000	0.0000	0.0000	0.0000	0.0000	0.0000	0.0000	0.0000	0.0000	0.0000	0.0000	0.0000	0.0000	0.0000	0.0000	0.0000	0.0000	0.0000	0.0000	0.0000	0.0000	0.0000	0.0000	0.0000	0.0000	0.0000	0.0000	0.0000	0.0000	0.0000	0.0000	0.0000	0.0000	0.0000	0.0000	0.0000	0.0000	0.0000	0.0000	0.0000	0.0000	0.0000	0.0000											
31	56	0.0944	4	1	1	1	1	0	0	0	0	N	N	N	N	N	N	N	N	N	N	N	N	0.0000	0.0000	0.0000	0.0000	0.0000	0.0000	0.0000	0.0000	0.0000	0.0000	0.0000	0.0000	0.0000	0.0000	0.0000	0.0000	0.0000	0.0000	0.0000	0.0000	0.0000	1.7218	0.0000	6.9557	0.0000	0.0000	0.0000	0.0000	0.0000	0.0000	0.0000	0.0000	0.0000	0.0000	0.0000	0.0000	0.0000	0.0000	0.0000	0.0000	0.0000	0.0000	0.0000	0.0000	0.0000	0.0000	0.0000	0.0000	0.0000	0.0000	0.0000	0.0000	0.0000	0.0000	0.0000	0.0000	0.0000	0.0000	0.0000	0.0000	0.0000	0.0000	0.0000	0.0000	0.0000	0.0000	0.0000	0.0000	0.0000	0.0000	0.0000	0.0000	0.0000	0.0000	0.0000	0.0000	0.0000	0.0000											
31	57	0.0229	2	2	0	2	0	0	0	0	0	Y	N	Y	N	N	N	N	N	N	N	N	N	0.0000	0.0000	0.0000	0.0000	0.0000	0.0000	0.0000	0.0000	0.0000	0.0000	0.0000	0.0000	0.0000	0.0000	0.0000	0.0000	0.0000	0.0000	0.0000	0.0000	0.0000	8.9999	0.0000	5.0001	0.0000	0.0000	0.0000	0.0000	0.0000	0.0000	0.0000	0.0000	0.0000	0.0000	0.0000	0.0000	0.0000	0.0000	0.0000	0.0000	0.0000	0.0000	0.0000	0.0000	0.0000	0.0000	0.0000	0.0000	0.0000	0.0000	0.0000	0.0000	0.0000	0.0000	0.0000	0.0000	0.0000	0.0000	0.0000	0.0000	0.0000	0.0000	0.0000	0.0000	0.0000	0.0000	0.0000	0.0000	0.0000	0.0000	0.0000	0.0000	0.0000	0.0000	0.0000	0.0000	0.0000	0.0000											
31	58	0.6203	6	2	0	2	0	0	0	0	0	Y	N	Y	N	N	N	N	N	N	N	N	N	0.0000	0.0000	0.0000	0.0000	0.0000	0.0000	0.0000	0.0000	0.0000	0.0000	0.0000	0.0000	0.0000	0.0000	0.0000	0.0000	0.0000	0.0000	0.0000	0.0000	0.0000	0.0000	0.0000	1.0000	0.0000	0.0000	0.0000	0.0000	0.0000	0.0000	0.0000	0.0000	0.0000	0.0000	0.0000	0.0000	0.0000	0.0000	0.0000	0.0000	0.0000	0.0000	0.0000	0.0000	0.0000	0.0000	0.0000	0.0000	0.0000	0.0000	0.0000	0.0000	0.0000	0.0000	0.0000	0.0000	0.0000	0.0000	0.0000	0.0000	0.0000	0.0000	0.0000	0.0000	0.0000	0.0000	0.0000	0.0000	0.0000	0.0000	0.0000	0.0000	0.0000	0.0000	0.0000	0.0000	0.0000	0.0000											
31	59	0.1310	5	1	0	2	0	0	0	0	0	N	N	Y	N	N	N	N	N	N	N	N	N	0.0000	0.0000	0.0000	0.0000	0.0000	0.0000	0.0000	0.0000	0.0000	0.0000	0.0000	0.0000	0.0000	0.0000	0.0000	0.0000	0.0000	0.0000	0.0000	0.0000	0.0000	0.0006	0.0000	1.1867	0.0000	0.0000	0.0000	0.0000	0.0000	0.0000	0.0000	0.0000	0.0000	0.0000	0.0000	0.0000	0.0000	0.0000	0.0000	0.0000	0.0000	0.0000	0.0000	0.0000	0.0000	0.0000	0.0000	0.0000	0.0000	0.0000	0.0000	0.0000	0.0000	0.0000	0.0000	0.0000	0.0000	0.0000	0.0000	0.0000	0.0000	0.0000	0.0000	0.0000	0.0000	0.0000	0.0000	0.0000	0.0000	0.0000	0.0000	0.0000	0.0000	0.0000	0.0000	0.0000	0.0000	0.0000											
31	60	0.0944	4	1	0	1	0	0	0	0	0	N	N	N	N	N	N	N	N	N	N	N	N	0.0000	0.0000	0.0000	0.0000	0.0000	0.0000	0.0000	0.0000	0.0000	0.0000	0.0000	0.0000	0.0000	0.0000	0.0000	0.0000	0.0000	0.0000	0.0000	0.0000	0.0000	2.2785	0.0000	4.8627	0.0000	0.0000	0.0000	0.0000	0.0000	0.0000	0.0000	0.0000	0.0000	0.0000	0.0000	0.0000	0.0000	0.0000	0.0000	0.0000	0.0000	0.0000	0.0000	0.0000	0.0000	0.0000	0.0000	0.0000	0.0000	0.0000	0.0000	0.0000	0.0000	0.0000	0.0000	0.0000	0.0000	0.0000	0.0000	0.0000	0.0000	0.0000	0.0000	0.0000	0.0000	0.0000	0.0000	0.0000	0.0000	0.0000	0.0000	0.0000	0.0000	0.0000	0.0000	0.0000	0.0000	0.0000											
31	61	0.6983	10	1	0	2	0	0	0	0	0	N	N	Y	N	N	N	N	N	N	N	N	N	0.0000	0.0000	0.0000	0.0000	0.0000	0.0000	0.0000	0.0000	0.0000	0.0000	0.0000	0.0000	0.0000	0.0000	0.0000	0.0000	0.0000	0.0000	0.0000	0.0000	0.0000	1.0901	0.0000	7.9319	0.0000	0.0000	0.0000	0.0000	0.0000	0.0000	0.0000	0.0000	0.0000	0.0000	0.0000	0.0000	0.0000	0.0000	0.0000	0.0000	0.0000	0.0000	0.0000	0.0000	0.0000	0.0000	0.0000	0.0000	0.0000	0.0000	0.0000	0.0000	0.0000	0.0000	0.0000	0.0000	0.0000	0.0000	0.0000	0.0000	0.0000	0.0000	0.0000	0.0000	0.0000	0.0000	0.0000	0.0000	0.0000	0.0000	0.0000	0.0000	0.0000	0.0000	0.0000	0.0000	0.0000	0.0000											
31	62	0.6682	9	1	0	1	0	0	0	0	0	N	N	N	N	N	N	N	N	N	N	N	N	0.0000	0.0000	0.0000	0.0000	0.0000	0.0000	0.0000	0.0000	0.0000	0.0000	0.0000	0.0000	0.0000	0.0000	0.0000	0.0000	0.0000	0.0000	0.0000	0.0000	0.0000	1.6797	0.0000	2.9843	0.0000	0.0000	0.0000	0.0000	0.0000	0.0000	0.0000	0.0000	0.0000	0.0000	0.0000	0.0000	0.0000	0.0000	0.0000	0.0000	0.0000	0.0000	0.0000	0.0000	0.0000	0.0000	0.0000	0.0000	0.0000	0.0000	0.0000	0.0000	0.0000	0.0000	0.0000	0.0000	0.0000	0.0000	0.0000	0.0000	0.0000	0.0000	0.0000	0.0000	0.0000	0.0000	0.0000	0.0000	0.0000	0.0000	0.0000	0.0000	0.0000	0.0000	0.0000	0.0000	0.0000	0.0000											
31	63	0.6581	8	1	0	1	0	0	0	0	0	N	N	N	N	N	N	N	N	N	N	N	N	0.0000	0.0000	0.0000	0.0000	0.0000	0.0000	0.0000	0.0000	0.0000	0.0000	0.0000	0.0000	0.0000	0.0000	0.0000	0.0000	0.0000	0.0000	0.0000	0.0000	0.0000	0.4935	0.0000	1.5835	0.0000	0.0000	0.0000	0.0000	0.0000	0.0000	0.0000	0.0000	0.0000	0.0000	0.0000	0.0000	0.0000	0.0000	0.0000	0.0000	0.0000	0.0000	0.0000	0.0000	0.0000	0.0000	0.0000	0.0000	0.0000	0.0000	0.0000	0.0000	0.0000	0.0000	0.0000	0.0000	0.0000	0.0000	0.0000	0.0000	0.0000	0.0000	0.0000	0.0000	0.0000	0.0000	0.0000	0.0000	0.0000	0.0000	0.0000	0.0000	0.0000	0.0000	0.0000	0.0000	0.0000	0.0000											
31	64	0.6950	10	1	1	1	0	0	0	0	0	N	N	N	N	N	N	N	N	N	N	N	N	0.0000	0.0000	0.0000	0.0000	0.0000	0.0000	0.0000	0.0000	0.0000	0.0000	0.0000	0.0000	0.0000	0.0000	0.0000	0.0000	0.0000	0.0000	0.0000	0.0000	0.0000	0.2944	0.0000	1.0083	0.0000	0.0000	0.0000	0.0000	0.0000	0.0000	0.0000	0.0000	0.0000	0.0000	0.0000	0.0000	0.0000	0.0000	0.0000	0.0000	0.0000	0.0000	0.0000	0.0000	0.0000	0.0000	0.0000	0.0000	0.0000	0.0000	0.0000	0.0000	0.0000	0.0000	0.0000	0.0000	0.0000	0.0000	0.0000	0.0000	0.0000	0.0000	0.0000	0.0000	0.0000	0.0000	0.0000	0.0000	0.0000	0.0000	0.0000	0.0000	0.0000	0.0000	0.0000	0.0000	0.0000	0.0000											
31	65	0.6743	9	1	0	1	0	0	0	0	0	N	N	N	N	N	N	N	N	N	N	N	N	0.0000	0.0000	0.0000	0.0000	0.0000	0.0000	0.0000	0.0000	0.0000	0.0000	0.0000	0.0000	0.0000	0.0000	0.0000	0.0000	0.0000	0.0000	0.0000	0.0000	0.0000	1.1351	0.0000	2.0429	0.0000	0.0000	0.0000	0.0000	0.0000	0.0000	0.0000	0.0000	0.0000	0.0000	0.0000	0.0000	0.0000	0.0000	0.0000	0.0000	0.0000	0.0000	0.0000	0.0000	0.0000	0.0000	0.0000	0.0000	0.0000	0.0000	0.0000	0.0000	0.0000	0.0000	0.0000	0.0000	0.0000	0.0000	0.0000	0.0000	0.0000	0.0000	0.0000	0.0000	0.0000	0.0000	0.0000	0.0000	0.0000	0.0000	0.0000	0.0000	0.0000	0.0000	0.0000	0.0000	0.0000	0.0000											
31	66	0.6581	8	1	0	1	0	0	0	0	0	N	N	N	N	N	N	N	N	N	N	N	N	0.0000	0.0000	0.0000	0.0000	0.0000	0.0000	0.0000	0.0000	0.0000	0.0000	0.0000	0.0000	0.0000	0.0000	0.0000	0.0000	0.0000	0.0000	0.0000	0.0000	0.0000	0.4912	0.0000	2.4266	0.0000	0.0000	0.0000	0.0000	0.0000	0.0000	0.0000	0.0000	0.0000	0.0000	0.0000	0.0000	0.0000	0.0000	0.0000	0.0000	0.0000	0.0000	0.0000	0.0000	0.0000	0.0000	0.0000	0.0000	0.0000	0.0000	0.0000	0.0000	0.0000	0.0000	0.0000	0.0000	0.0000	0.0000	0.0000	0.0000	0.0000	0.0000	0.0000	0.0000	0.0000	0.0000	0.0000	0.0000	0.0000	0.0000	0.0000	0.0000	0.0000	0.0000	0.0000	0.0000	0.0000	0.0000											
31	67	0.6530	7	1	0	1	0	0	0	0	0	N	N	N	N	N	N	N	N	N	N	N	N	0.0000	0.0000	0.0000	0.0000	0.0000	0.0000	0.0000	0.0000	0.0000	0.0000	0.0000	0.0000	0.0000	0.0000	0.0000	0.0000	0.0000	0.0000	0.0000	0.0000	0.0000	0.6141	0.0000	1.2701	0.0000	0.0000	0.0000	0.0000	0.0000	0.0000	0.0000	0.0000	0.0000	0.0000	0.0000	0.0000	0.0000	0.0000	0.0000	0.0000	0.0000	0.0000	0.0000	0.0000	0.0000	0.0000	0.0000	0.0000	0.0000	0.0000	0.0000	0.0000	0.0000	0.0000	0.0000	0.0000	0.0000	0.0000	0.0000	0.0000	0.0000	0.0000	0.0000	0.0000	0.0000	0.0000	0.0000	0.0000	0.0000	0.0000	0.0000	0.0000	0.0000	0.0000	0.0000	0.0000	0.0000	0.0000											
31	68	0.6203	6	2	1	2	0	0	0	0	0	Y	N	Y	N	N	N	N	N	N	N	N	N	0.0000	0.0000	0.0000	0.0000	0.0000	0.0000	0.0000	0.0000	0.0000	0.0000	0.0000	0.0000	0.0000	0.0000	0.0000	0.0000	0.0000	0.0000	0.0000	0.0000	0.0000	0.0000	0.0000	0.0000	0.0000	0.0000	0.0000	0.0000	0.0000	0.0000	0.0000	0.0000	0.0000	0.0000	0.0000	0.0000	0.0000	0.0000	0.0000	0.0000	0.0000	0.0000	0.0000	0.0000	0.0000	0.0000	0.0000	0.0000	0.0000	0.0000	0.0000	0.0000	0.0000	0.0000	0.0000	0.0000	0.0000	0.0000	0.0000	0.0000	0.0000	0.0000	0.0000	0.0000	0.0000	0.0000	0.0000	0.0000	0.0000	0.0000	0.0000	0.0000	0.0000	0.0000	0.0000	0.0000	0.0000	0.0000											
31	69	0.0224	2	2	1	2	0	0	0	0	0	Y	N	Y	N	N	N	N	N	N	N	N	N	0.0000	0.0000	0.0000	0.0000	0.0000	0.0000	0.0000	0.0000	0.0000	0.0000	0.0000	0.0000	0.0000	0.0000	0.0000	0.0000	0.0000	0.0000	0.0000	0.0000	0.0000	1.0000	0.0000	0.0000	0.0000	0.0000	0.0000	0.0000	0.0000	0.0000	0.0000	0.0000	0.0000	0.0000	0.0000	0.0000	0.0000	0.0000	0.0000	0.0000	0.0000	0.0000	0.0000	0.0000	0.0000	0.0000	0.0000	0.0000	0.0000	0.0000	0.0000	0.0000	0.0000	0.0000	0.0000	0.0000	0.0000	0.0000	0.0000	0.0000	0.0000	0.0000	0.0000	0.0000	0.0000	0.0000	0.0000	0.0000	0.0000	0.0000	0.0000	0.0000	0.0000	0.0000	0.0000	0.0000	0.0000	0.0000											
31	70	0.0224	2	2	1	2	0	0	0	0	0	Y	N	Y	N	N	N	N	N	N	N	N	N	0.0000	0.0000	0.0000	0.0000	0.0000	0.0000	0.0000	0.0000	0.0000	0.0000	0.0000	0.0000	0.0000	0.0000	0.0000	0.0000	0.0000	0.0000	0.0000	0.0000	0.0000	0.0000	0.0000	0.0000	0.0000	0.0000	0.0000	0.0000	0.0000	0.0000	0.0000	0.0000	0.0000	0.0000	0.0000	0.0000	0.0000	0.0000	0.0000	0.0000	0.0000	0.0000	0.0000	0.0000	0.0000	0.0000	0.0000	0.0000	0.0000	0.0000	0.0000	0.0000	0.0000	0.0000	0.0000	0.0000	0.0000	0.0000	0.0000	0.0000	0.0000	0.0000	0.0000	0.0000	0.0000	0.0000	0.0000	0.0000	0.0000	0.0000	0.0000	0.0000	0.0000	0.0000	0.0000	0.0000	0.0000	0.0000											
31	73	0.6395	7	2	1	1	0	0	0	0	0	Y	N	N	N	N	N	N	N	N	N	N	N	0.0000	0.0000	0.0000	0.0000	0.0000	0.0000	0.0000	0.0000	0.0000	0.0000	0.0000	0.0000	0.0000	0.0000	0.0000	0.0000	0.0000	0.0000	0.0000	0.0000	0.0000	0.0000	0.0000	0.0000	0.0000	0.0000	0.0000	0.0000	0.0000	0.0000	0.0000	0.0000	0.0000	0.0000	0.0000	0.0000	0.0000	0.0000	0.0000	0.0000	0.0000	0.0000	0.0000	0.0000	0.0000	0.0000	0.0000	0.0000	0.0000	0.0000	0.0000	0.0000	0.0000	0.0000	0.0000	0.0000	0.0000	0.0000	0.0000	0.0000	0.0000	0.0000	0.0000	0.0000	0.0000	0.0000	0.0000	0.0000	0.0000	0.0000	0.0000	0.0000	0.0000	0.0000	0.0000	0.0000	0.0000	0.0000											
31	74	0.1324	5	2	1	1	0	0	0	0	0	Y	N	N	N	N	N	N	N	N	N	N	N	0.0000	0.0000	0.0000	0.0000	0.0000	0.0000	0.0000	0.0000	0.0000	0.0000	0.0000	0.0000	0.0000	0.0000	0.0000	0.0000	0.0000	0.0000	0.0000	0.0000	0.0000	0.0000	0.0000	0.0010	0.0000	0.0000	0.0000	0.0000	0.0000	0.0000	0.0000	0.0000	0.0000	0.0000	0.0000	0.0000	0.0000	0.0000	0.0000	0.0000	0.0000	0.0000	0.0000	0.0000	0.0000	0.0000	0.0000	0.0000	0.0000	0.0000	0.0000	0.0000	0.0000	0.0000	0.0000	0.0000	0.0000	0.0000	0.0000	0.0000	0.0000	0.0000	0.0000	0.0000	0.0000	0.0000	0.0000	0.0000	0.0000	0.0000	0.0000	0.0000	0.0000	0.0000	0.0000	0.0000	0.0000	0.0000											
31	75	0.1216	7	1	1	1	1	0	0	0	0	N	N	N	N	N	N	N	N	N	N	N	N	0.0000	0.0000	0.0000	0.0000	0.0000	0.0000	0.0000	0.0000	0.0000	0.0000	0.0000	0.0000	0.0000	0.0000	0.0000	0.0000	0.0000	0.0000	0.0000	0.0000	0.0000	0.0000	0.0000	0.0000	0.0000	0.0000	0.0000	0.0000	0.0000	0.0000	0.0000	0.0000	0.0000	0.0000	0.0000	0.0000	0.0000	0.0000	0.0000	0.0000	0.0000	0.0000	0.0000	0.0000	0.0000	0.0000	0.0000	0.0000	0.0000	0.0000	0.0000	0.0000	0.0000	0.0000	0.0000	0.0000	0.0000	0.0000	0.0000	0.0000	0.0000	0.0000	0.0000	0.0000	0.0000	0.0000	0.0000	0.0000	0.0000	0.0000	0.0000	0.0000	0.0000	0.0000	0.0000	0.0000	0.0000	0.0000											
31	76	0.1216	7	1	0	1	1	0	0	0	0	N	N	N	N	N	N	N	N	N	N	N	N	0.0000	0.0000	0.0000	0.0000	0.0000	0.0000	0.0000	0.0000	0.0000	0.0000	0.0000	0.0000	0.0000	0.0000	0.0000	0.0000	0.0000	0.0000	0.0000	0.0000	0.0000	0.0000	0.0000	0.0000	0.0000	0.0000	0.0000	0.0000	0.0000	0.0000	0.0000	0.0000	0.0000	0.0000	0.0000	0.0000	0.0000	0.0000	0.0000	0.0000	0.0000	0.0000	0.0000	0.0000	0.0000	0.0000	0.0000	0.0000	0.0000	0.0000	0.0000	0.0000	0.0000	0.0000	0.0000	0.0000	0.0000	0.0000	0.0000	0.0000	0.0000	0.0000	0.0000	0.0000	0.0000	0.0000	0.0000	0.0000	0.0000	0.0000	0.0000	0.0000	0.0000	0.0000	0.0000	0.0000	0.0000	0.0000											
31	77	0.1062	6	1	0	1	1	0	0	0	0	N	N	N	N	N	N	N	N	N	N	N	N	0.0000	0.0000	0.0000	0.0000	0.0000	0.0000	0.0000	0.0000	0.0000	0.0000	0.0000	0.0000	0.0000	0.0000	0.0000	0.0000	0.0000	0.0000	0.0000	0.0000	0.0000	0.0002	0.0000	2.9297	0.0000	0.0000	0.0000	0.0000	0.0000	0.0000	0.0000	0.0000	0.0000	0.0000	0.0000	0.0000	0.0000	0.0000	0.0000	0.0000	0.0000	0.0000	0.0000	0.0000	0.0000	0.0000	0.0000	0.0000	0.0000	0.0000	0.0000	0.0000	0.0000	0.0000	0.0000	0.0000	0.0000	0.0000	0.0000	0.0000	0.0000	0.0000	0.0000	0.0000	0.0000	0.0000	0.0000	0.0000	0.0000	0.0000	0.0000	0.0000	0.0000	0.0000	0.0000	0.0000	0.0000	0.0000											
31	78	0.1022	5	1	0	1	1	0	0	0	0	N	N	N	N	N	N	N	N	N	N	N	N	0.0000	0.0000	0.0000	0.0000	0.0000	0.0000	0.0000	0.0000	0.0000	0.0000	0.0000	0.0000	0.0000	0.0000	0.0000	0.0000	0.0000	0.0000	0.0000	0.0000	0.0000	0.0003	0.0000	2.1916	0.0000	0.0000	0.0000	0.0000	0.0000	0.0000	0.0000	0.0000	0.0000	0.0000	0.0000	0.0000	0.0000	0.0000	0.0000	0.0000	0.0000	0.0000	0.0000	0.0000	0.0000	0.0000	0.0000	0.0000	0.0000	0.0000	0.0000	0.0000	0.0000	0.0000	0.0000	0.0000	0.0000	0.0000	0.0000	0.0000	0.0000	0.0000	0.0000	0.0000	0.0000	0.0000	0.0000	0.0000	0.0000	0.0000	0.0000	0.0000	0.0000	0.0000	0.0000	0.0000	0.0000	0.0000											
31	79	0.0944	4	1	0	1	0	0	0	0	0	N	N	N	N	N	N	N	N	N	N	N	N	0.0000	0.0000	0.0000	0.0000	0.0000	0.0000	0.0000	0.0000	0.0000	0.0000	0.0000	0.0000	0.0000	0.0000	0.0000	0.0000	0.0000	0.0000	0.0000	0.0000	0.0000	0.2782	0.0000	1.3600	0.0000	0.0000	0.0000	0.0000	0.0000	0.0000	0.0000	0.0000	0.0000	0.0000	0.0000	0.0000	0.0000	0.0000	0.0000	0.0000	0.0000	0.0000	0.0000	0.0000	0.0000	0.0000	0.0000	0.0000	0.0000	0.0000	0.0000	0.0000	0.0000	0.0000	0.0000	0.0000	0.0000	0.0000	0.0000	0.0000	0.0000	0.0000	0.0000	0.0000	0.0000	0.0000	0.0000	0.0000	0.0000	0.0000	0.0000	0.0000	0.0000	0.0000	0.0000	0.0000	0.0000	0.0000											
31	80	0.0555	4	1	1	2	0	0	0	0	0	N	N	Y	N	N	N	N	N	N	N	N	N	0.0000	0.0000	0.0000	0.0000	0.0000	0.0000	0.0000	0.0000	0.0000	0.0000	0.0000	0.0000	0.0000	0.0000	0.0000	0.0000	0.0000	0.0000	0.0000	0.0000	0.0000	0.0029	0.0000	2.0135	0.0000	0.0000	0.0000	0.0000	0.0000	0.0000	0.0000	0.0000	0.0000	0.0000	0.0000	0.0000	0.0000	0.0000	0.0000	0.0000	0.0000	0.0000	0.0000	0.0000	0.0000	0.0000	0.0000	0.0000	0.0000	0.0000	0.0000	0.0000	0.0000	0.0000	0.0000	0.0000	0.0000	0.0000	0.0000	0.0000	0.0000	0.0000	0.0000	0.0000	0.0000	0.0000	0.0000	0.0000	0.0000	0.0000	0.0000	0.0000	0.0000	0.0000	0.0000	0.0000	0.0000	0.0000											
31	81	0.0489	3	1	1	1	0	0	0	0	0	N	N	N	N	N	N	N	N	N	N	N	N	0.0000	0.0000	0.0000	0.0000	0.0000	0.0000	0.0000	0.0000	0.0000	0.0000	0.0000	0.0000	0.0000	0.0000	0.0000	0.0000	0.0000	0.0000	0.0000	0.0000	0.0000	0.6188	0.0000	0.9475	0.0000	0.0000	0.0000	0.0000	0.0000	0.0000	0.0000	0.0000	0.0000	0.0000	0.0000	0.0000	0.0000	0.0000	0.0000	0.0000	0.0000	0.0000	0.0000	0.0000	0.0000	0.0000	0.0000	0.0000	0.0000	0.0000	0.0000	0.0000	0.0000	0.0000	0.0000	0.0000	0.0000	0.0000	0.0000	0.0000	0.0000	0.0000	0.0000	0.0000	0.0000	0.0000	0.0000	0.0000	0.0000	0.0000	0.0000	0.0000	0.0000	0.0000	0.0000	0.0000	0.0000	0.0000											
31	82	0.6427	7	1	1	2	0	0	0	0	0	N	N	Y	N	N	N	N	N	N	N	N	N	0.0000	0.0000	0.0000	0.0000	0.0000	0.0000	0.0000	0.0000	0.0000	0.0000	0.0000	0.0000	0.0000	0.0000	0.0000	0.0000	0.0000	0.0000	0.0000	0.0000	0.0000	0.0000	0.0000	1.0000	0.0000	0.0000	0.0000	0.0000	0.0000	0.0000	0.0000	0.0000	0.0000	0.0000	0.0000	0.0000	0.0000	0.0000	0.0000	0.0000	0.0000	0.0000	0.0000	0.0000	0.0000	0.0000	0.0000	0.0000	0.0000	0.0000	0.0000	0.0000	0.0000	0.0000	0.0000	0.0000	0.0000	0.0000	0.0000	0.0000	0.0000	0.0000	0.0000	0.0000	0.0000	0.0000	0.0000	0.0000	0.0000	0.0000	0.0000	0.0000	0.0000	0.0000	0.0000	0.0000	0.0000	0.0000											
31	83	0.0229	2	2	0	2	0	0	0	0	0	Y	N	Y	N	N	N	N	N	N	N	N	N	0.0000	0.0000	0.0000	0.0000	0.0000	0.0000	0.0000	0.0000	0.0000	0.0000	0.0000	0.0000	0.0000	0.0000	0.0000	0.0000	0.0000	0.0000	0.0000	0.0000	0.0000	9.0001	0.0000	3.0001	0.0000	0.0000	0.0000	0.0000	0.0000	0.0000	0.0000	0.0000	0.0000	0.0000	0.0000	0.0000	0.0000	0.0000	0.0000	0.0000	0.0000	0.0000	0.0000	0.0000	0.0000	0.0000	0.0000	0.0000	0.0000	0.0000	0.0000	0.0000	0.0000	0.0000	0.0000	0.0000	0.0000	0.0000	0.0000	0.0000	0.0000	0.0000	0.0000	0.0000	0.0000	0.0000	0.0000	0.0000	0.0000	0.0000	0.0000	0.0000	0.0000	0.0000	0.0000	0.0000	0.0000	0.0000											
31	84	0.6203	6	2	0	2	0	0	0	0	0	Y	N	Y	N	N	N	N	N	N	N	N	N	0.0000	0.0000	0.0000	0.0000	0.0000	0.0000	0.0000	0.0000	0.0000	0.0000	0.0000	0.0000	0.0000	0.0000	0.0000	0.0000	0.0000	0.0000	0.0000	0.0000	0.0000	4.0000	0.0000	0.0000	0.0000	0.0000	0.0000	0.0000	0.0000	0.0000	0.0000	0.0000	0.0000	0.0000	0.0000	0.0000	0.0000	0.0000	0.0000	0.0000	0.0000	0.0000	0.0000	0.0000	0.0000	0.0000	0.0000	0.0000	0.0000	0.0000	0.0000	0.0000	0.0000	0.0000	0.0000	0.0000	0.0000	0.0000	0.0000	0.0000	0.0000	0.0000	0.0000	0.0000	0.0000	0.0000	0.0000	0.0000	0.0000	0.0000	0.0000	0.0000	0.0000	0.0000	0.0000	0.0000	0.0000	0.0000											
31	85	0.6664	7	2	1	1	0	0	0	0	0	Y	N	N	N	N	N	N	N	N	N	N	N	0.0000	0.0000	0.0000	0.0000	0.0000	0.0000	0.0000	0.0000	0.0000	0.0000	0.0000	0.0000	0.0000	0.0000	0.0000	0.0000	0.0000	0.0000	0.0000	0.0000	0.0000	1.0086	0.0000	1.7435	0.0000	0.0000	0.0000	0.0000	0.0000	0.0000	0.0000	0.0000	0.0000	0.0000	0.0000	0.0000	0.0000	0.0000	0.0000	0.0000	0.0000	0.0000	0.0000	0.0000	0.0000	0.0000	0.0000	0.0000	0.0000	0.0000	0.0000	0.0000	0.0000	0.0000	0.0000	0.0000	0.0000	0.0000	0.0000	0.0000	0.0000	0.0000	0.0000	0.0000	0.0000	0.0000	0.0000	0.0000	0.0000	0.0000	0.0000	0.0000	0.0000	0.0000	0.0000	0.0000	0.0000	0.0000											
31	86	0.6203	6	2	1	1	0	0	0	0	0	Y	N	N	N	N	N	N	N	N	N	N	N	0.0000	0.0000	0.0000	0.0000	0.0000	0.0000	0.0000	0.0000	0.0000	0.0000	0.0000	0.0000	0.0000	0.0000	0.0000	0.0000	0.0000	0.0000	0.0000	0.0000	0.0000	1.0165	0.0000	4.1395	0.0000	0.0000	0.0000	0.0000	0.0000	0.0000	0.0000	0.0000	0.0000	0.0000	0.0000	0.0000	0.0000	0.0000	0.0000	0.0000	0.0000	0.0000	0.0000	0.0000	0.0000	0.0000	0.0000	0.0000	0.0000	0.0000	0.0000	0.0000	0.0000	0.0000	0.0000	0.0000	0.0000	0.0000	0.0000	0.0000	0.0000	0.0000	0.0000	0.0000	0.0000	0.0000	0.0000	0.0000	0.0000	0.0000	0.0000	0.0000	0.0000	0.0000	0.0000	0.0000	0.0000	0.0000											
31	87	0.0642	3	2	1	1	0	0	0	0	0	Y	N	N	N	N	N	N	N	N	N	N	N	0.0000	0.0000	0.0000	0.0000	0.0000	0.0000	0.0000	0.0000	0.0000	0.0000	0.0000	0.0000	0.0000	0.0000	0.0000	0.0000	0.0000	0.0000	0.0000	0.0000	0.0000	9.0005	0.0000	5.0000	0.0000	0.0000	0.0000	0.0000	0.0000	0.0000	0.0000	0.0000	0.0000	0.0000	0.0000	0.0000	0.0000	0.0000	0.0000	0.0000	0.0000	0.0000	0.0000	0.0000	0.0000	0.0000	0.0000	0.0000	0.0000	0.0000	0.0000	0.0000	0.0000	0.0000	0.0000	0.0000	0.0000	0.0000	0.0000	0.0000	0.0000	0.0000	0.0000	0.0000	0.0000	0.0000	0.0000	0.0000	0.0000	0.0000	0.0000	0.0000	0.0000	0.0000	0.0000	0.0000	0.0000	0.0000											
31	88	0.6427	7	1	1	1	0	0	0	0	0	N	N	N	N	N	N	N	N	N	N	N	N	0.0000	0.0000	0.0000	0.0000	0.0000	0.0000	0.0000	0.0000	0.0000	0.0000	0.0000	0.0000	0.0000	0.0000	0.0000	0.0000	0.0000	0.0000	0.0000	0.0000	0.0000	0.0000	0.0000	0.0000	0.0000	0.0000	0.0000	0.0000	0.0000	0.0000	0.0000	0.0000	0.0000	0.0000	0.0000	0.0000	0.0000	0.0000	0.0000	0.0000	0.0000	0.0000	0.0000	0.0000	0.0000	0.0000	0.0000	0.0000	0.0000	0.0000	0.0000	0.0000	0.0000	0.0000	0.0000	0.0000	0.0000	0.0000	0.0000	0.0000	0.0000	0.0000	0.0000	0.0000	0.0000	0.0000	0.0000	0.0000	0.0000	0.0000	0.0000	0.0000	0.0000	0.0000	0.0000	0.0000	0.0000	0.0000											
31	89	0.0489	3	1	1	1	0	0	0	0	0	N	N	N	N	N	N	N	N	N	N	N	N	0.0000	0.0000	0.0000	0.0000	0.0000	0.0000	0.0000	0.0000	0.0000	0.0000	0.0000	0.0000	0.0000	0.0000	0.0000	0.0000	0.0000	0.0000	0.0000	0.0000	0.0000	1.9953	0.0000	1.0817	0.0000	0.0000	0.0000	0.0000	0.0000	0.0000	0.0000	0.0000	0.0000	0.0000	0.0000	0.0000	0.0000	0.0000	0.0000	0.0000	0.0000	0.0000	0.0000	0.0000	0.0000	0.0000	0.0000	0.0000	0.0000	0.0000	0.0000	0.0000	0.0000	0.0000	0.0000	0.0000	0.0000	0.0000	0.0000	0.0000	0.0000	0.0000	0.0000	0.0000	0.0000	0.0000	0.0000	0.0000	0.0000	0.0000	0.0000	0.0000	0.0000	0.0000	0.0000	0.0000	0.0000	0.0000											
31	90	0.0229	2	1	1	1	0	0	0	0	0	N	N	N	N	N	N	N	N	N	N	N	N	0.0000	0.0000	0.0000	0.0000	0.0000	0.0000	0.0000	0.0000	0.0000	0.0000	0.0000	0.0000	0.0000	0.0000	0.0000	0.0000	0.0000	0.0000	0.0000	0.0000	0.0000	2.3999	0.0000	4.0713	0.0000	0.0000	0.0000	0.0000	0.0000	0.0000	0.0000	0.0000	0.0000	0.0000	0.0000	0.0000	0.0000	0.0000	0.0000	0.0000	0.0000	0.0000	0.0000	0.0000	0.0000	0.0000	0.0000	0.0000	0.0000	0.0000	0.0000	0.0000	0.0000	0.0000	0.0000	0.0000	0.0000	0.0000	0.0000	0.0000	0.0000	0.0000	0.0000	0.0000	0.0000	0.0000	0.0000	0.0000	0.0000	0.0000	0.0000	0.0000	0.0000	0.0000	0.0000	0.0000	0.0000	0.0000											
31	91	0.1265	5	1	0	2	0	0	0	0	0	N	N	Y	N	N	N	N	N	N	N	N	N	0.0000	0.0000	0.0000	0.0000	0.0000	0.0000	0.0000	0.0000	0.0000	0.0000	0.0000	0.0000	0.0000	0.0000	0.0000	0.0000	0.0000	0.0000	0.0000	0.0000	0.0000	0.0000	0.0000	0.0000	0.0000	0.0000	0.0000	0.0000	0.0000	0.0000	0.0000	0.0000	0.0000	0.0000	0.0000	0.0000	0.0000	0.0000	0.0000	0.0000	0.0000	0.0000	0.0000	0.0000	0.0000	0.0000	0.0000	0.0000	0.0000	0.0000	0.0000	0.0000	0.0000	0.0000	0.0000	0.0000	0.0000	0.0000	0.0000	0.0000	0.0000	0.0000	0.0000	0.0000	0.0000	0.0000	0.0000	0.0000	0.0000	0.0000	0.0000	0.0000	0.0000	0.0000	0.0000	0.0000	0.0000	0.0000											
31	92	0.0944	4	1	0	2	0	0	0	0	0	N	N	Y	N	N	N	N	N	N	N	N	N	0.0000	0.0000	0.0000	0.0000	0.0000	0.0000	0.0000	0.0000	0.0000	0.0000	0.0000	0.0000	0.0000	0.0000	0.0000	0.0000	0.0000	0.0000	0.0000	0.0000	0.0000	3.7221	0.0000	2.9993	0.0000	0.0000	0.0000	0.0000	0.0000	0.0000	0.0000	0.0000	0.0000	0.0000	0.0000	0.0000	0.0000	0.0000	0.0000	0.0000	0.0000	0.0000	0.0000	0.0000	0.0000	0.0000	0.0000	0.0000	0.0000	0.0000	0.0000	0.0000	0.0000	0.0000	0.0000	0.0000	0.0000	0.0000	0.0000	0.0000	0.0000	0.0000	0.0000	0.0000	0.0000	0.0000	0.0000	0.0000	0.0000	0.0000	0.0000	0.0000	0.0000	0.0000	0.0000	0.0000	0.0000	0.0000											
31	93	0.0642	3	1	0	1	0	0	0	0	0	N	N	N	N	N	N	N	N	N	N	N	N	0.0000	0.0000	0.0000	0.0000	0.0000	0.0000	0.0000	0.0000	0.0000	0.0000	0.0000	0.0000	0.0000	0.0000	0.0000	0.0000	0.0000	0.0000	0.0000	0.0000	0.0000	2.7217	0.0000	3.0458	0.0000	0.0000	0.0000	0.0000	0.0000	0.0000	0.0000	0.0000	0.0000	0.0000	0.0000	0.0000	0.0000	0.0000	0.0000	0.0000	0.0000	0.0000	0.0000	0.0000	0.0000	0.0000	0.0000	0.0000	0.0000	0.0000	0.0000	0.0000	0.0000	0.0000	0.0000	0.0000	0.0000	0.0000	0.0000	0.0000	0.0000	0.0000	0.0000	0.0000	0.0000	0.0000	0.0000	0.0000	0.0000	0.0000	0.0000	0.0000	0.0000	0.0000	0.0000	0.0000	0.0000	0.0000											
31	94	0.0392	3	2	1	1	0	0	0	0	0	Y	N	N	N	N	N	N	N	N	N	N	N	0.0000	0.0000	0.0000	0.0000	0.0000	0.0000	0.0000	0.0000	0.0000	0.0000	0.0000	0.0000	0.0000	0.0000	0.0000	0.0000	0.0000	0.0000	0.0000	0.0000	0.0000	5.9980	0.0000	4.9575	0.0000	0.0000	0.0000	0.0000	0.0000	0.0000	0.0000	0.0000	0.0000	0.0000	0.0000	0.0000	0.0000	0.0000	0.0000	0.0000	0.0000	0.0000	0.0000	0.0000	0.0000	0.0000	0.0000	0.0000	0.0000	0.0000	0.0000	0.0000	0.0000	0.0000	0.0000	0.0000	0.0000	0.0000	0.0000	0.0000	0.0000	0.0000	0.0000	0.0000	0.0000	0.0000	0.0000	0.0000	0.0000	0.0000	0.0000	0.0000	0.0000	0.0000	0.0000	0.0000	0.0000	0.0000											
31	95	0.6427	7	2	1	1	0	0	0	0	0	Y	N	N	N	N	N	N	N	N	N	N	N	0.0000	0.0000	0.0000	0.0000	0.0000	0.0000	0.0000	0.0000	0.0000	0.0000	0.0000	0.0000	0.0000	0.0000	0.0000	0.0000	0.0000	0.0000	0.0000	0.0000	0.0000	0.0000	0.0000	2.0000	0.0000	0.0000	0.0000	0.0000	0.0000	0.0000	0.0000	0.0000	0.0000	0.0000	0.0000	0.0000	0.0000	0.0000	0.0000	0.0000	0.0000	0.0000	0.0000	0.0000	0.0000	0.0000	0.0000	0.0000	0.0000	0.0000	0.0000	0.0000	0.0000	0.0000	0.0000	0.0000	0.0000	0.0000	0.0000	0.0000	0.0000	0.0000	0.0000	0.0000	0.0000	0.0000	0.0000	0.0000	0.0000	0.0000	0.0000	0.0000	0.0000	0.0000	0.0000	0.0000	0.0000	0.0000											
31	96	0.6203	6	1	1	1	0	0	0	0	0	N	N	N	N	N	N	N	N	N	N	N	N	0.0000	0.0000	0.0000	0.0000	0.0000	0.0000	0.0000	0.0000	0.0000	0.0000	0.0000	0.0000	0.0000	0.0000	0.0000	0.0000	0.0000	0.0000	0.0000	0.0000	0.0000	4.0000	0.0000	0.0000	0.0000	0.0000	0.0000	0.0000	0.0000	0.0000	0.0000	0.0000	0.0000	0.0000	0.0000	0.0000	0.0000	0.0000	0.0000	0.0000	0.0000	0.0000	0.0000	0.0000	0.0000	0.0000	0.0000	0.0000	0.0000	0.0000	0.0000	0.0000	0.0000	0.0000	0.0000	0.0000	0.0000	0.0000	0.0000	0.0000	0.0000	0.0000	0.0000	0.0000	0.0000	0.0000	0.0000	0.0000	0.0000	0.0000	0.0000	0.0000	0.0000	0.0000	0.0000	0.0000	0.0000	0.0000											
31	97	0.0642	3	1	0	1	0	0	0	0	0	N	N	N	N	N	N	N	N	N	N	N	N	0.0000	0.0000	0.0000	0.0000	0.0000	0.0000	0.0000	0.0000	0.0000	0.0000	0.0000	0.0000	0.0000	0.0000	0.0000	0.0000	0.0000	0.0000	0.0000	0.0000	0.0000	3.9994	0.0000	4.0000	0.0000	0.0000	0.0000	0.0000	0.0000	0.0000	0.0000	0.0000	0.0000	0.0000	0.0000	0.0000	0.0000	0.0000	0.0000	0.0000	0.0000	0.0000	0.0000	0.0000	0.0000	0.0000	0.0000	0.0000	0.0000	0.0000	0.0000	0.0000	0.0000	0.0000	0.0000	0.0000	0.0000	0.0000	0.0000	0.0000	0.0000	0.0000	0.0000	0.0000	0.0000	0.0000	0.0000	0.0000	0.0000	0.0000	0.0000	0.0000	0.0000	0.0000	0.0000	0.0000	0.0000	0.0000											
31	98	0.6203	6	1	0	1	0	0	0	0	0	N	N	N	N	N	N	N	N	N	N	N	N	0.0000	0.0000	0.0000	0.0000	0.0000	0.0000	0.0000	0.0000	0.0000	0.0000	0.0000	0.0000	0.0000	0.0000	0.0000	0.0000	0.0000	0.0000	0.0000	0.0000	0.0000	1.0000	0.0000	0.0000	0.0000	0.0000	0.0000	0.0000	0.0000	0.0000	0.0000	0.0000	0.0000	0.0000	0.0000	0.0000	0.0000	0.0000	0.0000	0.0000	0.0000	0.0000	0.0000	0.0000	0.0000	0.0000	0.0000	0.0000	0.0000	0.0000	0.0000	0.0000	0.0000	0.0000	0.0000	0.0000	0.0000	0.0000	0.0000	0.0000	0.0000	0.0000	0.0000	0.0000	0.0000	0.0000	0.0000	0.0000	0.0000	0.0000	0.0000	0.0000	0.0000	0.0000	0.0000	0.0000	0.0000	0.0000											
31	99	0.1752	4	1	0	1	0	0	0	0	0	N	N	N	N	N	N	N	N	N	N	N	N	0.0000	0.0000	0.0000	0.0000	0.0000	0.0000	0.0000	0.0000	0.0000	0.0000	0.0000	0.0000	0.0000	0.0000	0.0000	0.0000	0.0000	0.0000	0.0000	0.0000	0.0000	1.5982	0.0000	11.1970	0.0000	0.0000	0.0000	0.0000	0.0000	0.0000	0.0000	0.0000	0.0000	0.0000	0.0000	0.0000	0.0000	0.0000	0.0000	0.0000	0.0000	0.0000	0.0000	0.0000	0.0000	0.0000	0.0000	0.0000	0.0000	0.0000	0.0000	0.0000	0.0000	0.0000	0.0000	0.0000	0.0000	0.0000	0.0000	0.0000	0.0000	0.0000	0.0000	0.0000	0.0000	0.0000	0.0000	0.0000	0.0000	0.0000	0.0000	0.0000	0.0000	0.0000	0.0000	0.0000	0.0000	0.0000											
31	100	0.0407	4	2	1	2	0	0	0	0	0	Y	N	Y	N	N	N	N	N	N	N	N	N	0.0000	0.0000	0.0000	0.0000	0.0000	0.0000	0.0000	0.0000	0.0000	0.0000	0.0000	0.0000	0.0000	0.0000	0.0000	0.0000	0.0000	0.0000	0.0000	0.0000	0.0000	0.0000	0.0000	0.9982	0.0000	0.0000	0.0000	0.0000	0.0000	0.0000	0.0000	0.0000	0.0000	0.0000	0.0000	0.0000	0.0000	0.0000	0.0000	0.0000	0.0000	0.0000	0.0000	0.0000	0.0000	0.0000	0.0000	0.0000	0.0000	0.0000	0.0000	0.0000	0.0000	0.0000	0.0000	0.0000	0.0000	0.0000	0.0000	0.0000	0.0000	0.0000	0.0000	0.0000	0.0000	0.0000	0.0000	0.0000	0.0000	0.0000	0.0000	0.0000	0.0000	0.0000	0.0000	0.0000	0.0000	0.0000											
31	101	0.6551	9	2	1	2	0	0	0	0	0	Y	N	Y	N	N	N	N	N	N	N	N	N	0.0000	0.0000	0.0000	0.0000	0.0000	0.0000	0.0000	0.0000	0.0000	0.0000	0.0000	0.0000	0.0000	0.0000	0.0000	0.0000	0.0000	0.0000	0.0000	0.0000	0.0000	0.0000	0.0000	0.0000	0.0000	0.0000	0.0000	0.0000	0.0000	0.0000	0.0000	0.0000	0.0000	0.0000	0.0000	0.0000	0.0000	0.0000	0.0000	0.0000	0.0000	0.0000	0.0000	0.0000	0.0000	0.0000	0.0000	0.0000	0.0000	0.0000	0.0000	0.0000	0.0000	0.0000	0.0000	0.0000	0.0000	0.0000	0.0000	0.0000	0.0000	0.0000	0.0000	0.0000	0.0000	0.0000	0.0000	0.0000	0.0000	0.0000	0.0000	0.0000	0.0000	0.0000	0.0000	0.0000	0.0000	0.0000											
31	102	0.6551	8	2	0	2	0	0	0	0	0	Y	N	Y	N	N	N	N	N	N	N	N	N	0.0000	0.0000	0.0000	0.0000	0.0000	0.0000	0.0000	0.0000	0.0000	0.0000	0.0000	0.0000	0.0000	0.0000	0.0000	0.0000	0.0000	0.0000	0.0000	0.0000	0.0000	0.0000	0.0000	0.0000	0.0000	0.0000	0.0000	0.0000	0.0000	0.0000	0.0000	0.0000	0.0000	0.0000	0.0000	0.0000	0.0000	0.0000	0.0000	0.0000	0.0000	0.0000	0.0000	0.0000	0.0000	0.0000	0.0000	0.0000	0.0000	0.0000	0.0000	0.0000	0.0000	0.0000	0.0000	0.0000	0.0000	0.0000	0.0000	0.0000	0.0000	0.0000	0.0000	0.0000	0.0000	0.0000	0.0000	0.0000	0.0000	0.0000	0.0000	0.0000	0.0000	0.0000	0.0000	0.0000	0.0000	0.0000											
31	103	0.6490	7	2	0	2	0	0	0	0	0	Y	N	Y	N	N	N	N	N	N	N	N	N	0.0000	0.0000	0.0000	0.0000	0.0000	0.0000	0.0000	0.0000	0.0000	0.0000	0.0000	0.0000	0.0000	0.0000	0.0000	0.0000	0.0000	0.0000	0.0000	0.0000	0.0000	0.0000	0.0000	1.0091	0.0000	0.0000	0.0000	0.0000	0.0000	0.0000	0.0000	0.0000	0.0000	0.0000	0.0000	0.0000	0.0000	0.0000	0.0000	0.0000	0.0000	0.0000	0.0000	0.0000	0.0000	0.0000	0.0000	0.0000	0.0000	0.0000	0.0000	0.0000	0.0000	0.0000	0.0000	0.0000	0.0000	0.0000	0.0000	0.0000	0.0000	0.0000	0.0000	0.0000	0.0000	0.0000	0.0000	0.0000	0.0000	0.0000	0.0000	0.0000	0.0000	0.0000	0.0000	0.0000	0.0000	0.0000											
31	104	0.0642	3	1	1	1	0	0	0	0	0	N	N	N	N	N	N	N	N	N	N	N	N	0.0000	0.0000	0.0000	0.0000	0.0000	0.0000	0.0000	0.0000	0.0000	0.0000	0.0000	0.0000	0.0000	0.0000	0.0000	0.0000	0.0000	0.0000	0.0000	0.0000	0.0000	7.9994	0.0000	4.0001	0.0000	0.0000	0.0000	0.0000	0.0000	0.0000	0.0000	0.0000	0.0000	0.0000	0.0000	0.0000	0.0000	0.0000	0.0000	0.0000	0.0000	0.0000	0.0000	0.0000	0.0000	0.0000	0.0000	0.0000	0.0000	0.0000	0.0000	0.0000	0.0000	0.0000	0.0000	0.0000	0.0000	0.0000	0.0000	0.0000	0.0000	0.0000	0.0000	0.0000	0.0000	0.0000	0.0000	0.0000	0.0000	0.0000	0.0000	0.0000	0.0000	0.0000	0.0000	0.0000	0.0000	0.0000											
31	105	0.0442	5	2	0	2	0	0	0	0	0	Y	N	Y	N	N	N	N	N	N	N	N	N	0.0000	0.0000	0.0000	0.0000	0.0000	0.0000	0.0000	0.0000	0.0000	0.0000	0.0000	0.0000	0.0000	0.0000	0.0000	0.0000	0.0000	0.0000	0.0000	0.0000	0.0000	1.0000	0.0000	1.0005	0.0000	0.0000	0.0000	0.0000	0.0000	0.0000	0.0000	0.0000	0.0000	0.0000	0.0000	0.0000	0.0000	0.0000	0.0000	0.0000	0.0000	0.0000	0.0000	0.0000	0.0000	0.0000	0.0000	0.0000	0.0000	0.0000	0.0000	0.0000	0.0000	0.0000	0.0000	0.0000	0.0000	0.0000	0.0000	0.0000	0.0000	0.0000	0.0000	0.0000	0.0000	0.0000	0.0000	0.0000	0.0000	0.0000	0.0000	0.0000	0.0000	0.0000	0.0000	0.0000	0.0000	0.0000											
31	106	0.0407	4	2	0	2	0	0	0	0	0	Y	N	Y	N	N	N	N	N	N	N	N	N	0.0000	0.0000	0.0000	0.0000	0.0000	0.0000	0.0000	0.0000	0.0000	0.0000	0.0000	0.0000	0.0000	0.0000	0.0000	0.0000	0.0000	0.0000	0.0000	0.0000	0.0000	0.7249	0.0000	0.0368	0.0000	0.0000	0.0000	0.0000	0.0000	0.0000	0.0000	0.0000	0.0000	0.0000	0.0000	0.0000	0.0000	0.0000	0.0000	0.0000	0.0000	0.0000	0.0000	0.0000	0.0000	0.0000	0.0000	0.0000	0.0000	0.0000	0.0000	0.0000	0.0000	0.0000	0.0000	0.0000	0.0000	0.0000	0.0000	0.0000	0.0000	0.0000	0.0000	0.0000	0.0000	0.0000	0.0000	0.0000	0.0000	0.0000	0.0000	0.0000	0.0000	0.0000	0.0000	0.0000	0.0000	0.0000											
31	107	0.0392	3	2	0	2	0	0	0	0	0	Y	N	Y	N	N	N	N	N	N	N	N	N	0.0000	0.0000	0.0000	0.0000	0.0000	0.0000	0.0000	0.0000	0.0000	0.0000	0.0000	0.0000	0.0000	0.0000	0.0000	0.0000	0.0000	0.0000	0.0000	0.0000	0.0000	0.4159	0.0000	0.0887	0.0000	0.0000	0.0000	0.0000	0.0000	0.0000	0.0000	0.0000	0.0000	0.0000	0.0000	0.0000	0.0000	0.0000	0.0000	0.0000	0.0000	0.0000	0.0000	0.0000	0.0000	0.0000	0.0000	0.0000	0.0000	0.0000	0.0000	0.0000	0.0000	0.0000	0.0000	0.0000	0.0000	0.0000	0.0000	0.0000	0.0000	0.0000	0.0000	0.0000	0.0000	0.0000	0.0000	0.0000	0.0000	0.0000	0.0000	0.0000	0.0000	0.0000	0.0000	0.0000	0.0000	0.0000											
31	108	0.0229	2	2	0	1	0	0	0	0	0	Y	N	N	N	N	N	N	N	N	N	N	N	0.0000	0.0000	0.0000	0.0000	0.0000	0.0000	0.0000	0.0000	0.0000	0.0000	0.0000	0.0000	0.0000	0.0000	0.0000	0.0000	0.0000	0.0000	0.0000	0.0000	0.0000	3.9943	0.0000	0.9974	0.0000	0.0000	0.0000	0.0000	0.0000	0.0000	0.0000	0.0000	0.0000	0.0000	0.0000	0.0000	0.0000	0.0000	0.0000	0.0000	0.0000	0.0000	0.0000	0.0000	0.0000	0.0000	0.0000	0.0000	0.0000	0.0000	0.0000	0.0000	0.0000	0.0000	0.0000	0.0000	0.0000	0.0000	0.0000	0.0000	0.0000	0.0000	0.0000	0.0000	0.0000	0.0000	0.0000	0.0000	0.0000	0.0000	0.0000	0.0000	0.0000	0.0000	0.0000	0.0000	0.0000	0.0000											
31	109	0.6490	7	2	0	2	0	0	0	0	0	Y	N	Y	N	N	N	N	N	N	N	N	N	0.0000	0.0000	0.0000	0.0000	0.0000	0.0000	0.0000	0.0000	0.0000	0.0000	0.0000	0.0000	0.0000	0.0000	0.0000	0.0000	0.0000	0.0000	0.0000	0.0000	0.0000	0.0000	0.0000	0.9909	0.0000	0.0000	0.0000	0.0000	0.0000	0.0000	0.0000	0.0000	0.0000	0.0000	0.0000	0.0000	0.0000	0.0000	0.0000	0.0000	0.0000	0.0000	0.0000	0.0000	0.0000	0.0000	0.0000	0.0000	0.0000	0.0000	0.0000	0.0000	0.0000	0.0000	0.0000	0.0000	0.0000	0.0000	0.0000	0.0000	0.0000	0.0000	0.0000	0.0000	0.0000	0.0000	0.0000	0.0000	0.0000	0.0000	0.0000	0.0000	0.0000	0.0000	0.0000	0.0000	0.0000	0.0000											
31	110	0.6203	6	2	0	2	0	0	0	0	0	Y	N	Y	N	N	N	N	N	N	N	N	N	0.0000	0.0000	0.0000	0.0000	0.0000	0.0000	0.0000	0.0000	0.0000	0.0000	0.0000	0.0000	0.0000	0.0000	0.0000	0.0000	0.0000	0.0000	0.0000	0.0000	0.0000	4.0000	0.0000	0.0000	0.0000	0.0000	0.0000	0.0000	0.0000	0.0000	0.0000	0.0000	0.0000	0.0000	0.0000	0.0000	0.0000	0.0000	0.0000	0.0000	0.0000	0.0000	0.0000	0.0000	0.0000	0.0000	0.0000	0.0000	0.0000	0.0000	0.0000	0.0000	0.0000	0.0000	0.0000	0.0000	0.0000	0.0000	0.0000	0.0000	0.0000	0.0000	0.0000	0.0000	0.0000	0.0000	0.0000	0.0000	0.0000	0.0000	0.0000	0.0000	0.0000	0.0000	0.0000	0.0000	0.0000	0.0000											
31	112	0.1100	4	1	0	2	0	0	0	0	0	N	N	Y	N	N	N	N	N	N	N	N	N	0.0000	0.0000	0.0000	0.0000	0.0000	0.0000	0.0000	0.0000	0.0000	0.0000	0.0000	0.0000	0.0000	0.0000	0.0000	0.0000	0.0000	0.0000	0.0000	0.0000	0.0000	0.0000	0.0000	0.0001	0.0000	0.0000	0.0000	0.0000	0.0000	0.0000	0.0000	0.0000	0.0000	0.0000	0.0000	0.0000	0.0000	0.0000	0.0000	0.0000	0.0000	0.0000	0.0000	0.0000	0.0000	0.0000	0.0000	0.0000	0.0000	0.0000	0.0000	0.0000	0.0000	0.0000	0.0000	0.0000	0.0000	0.0000	0.0000	0.0000	0.0000	0.0000	0.0000	0.0000	0.0000	0.0000	0.0000	0.0000	0.0000	0.0000	0.0000	0.0000	0.0000	0.0000	0.0000	0.0000	0.0000	0.0000											
31	113	0.0642	3	1	0	2	0	0	0	0	0	N	N	Y	N	N	N	N	N	N	N	N	N	0.0000	0.0000	0.0000	0.0000	0.0000	0.0000	0.0000	0.0000	0.0000	0.0000	0.0000	0.0000	0.0000	0.0000	0.0000	0.0000	0.0000	0.0000	0.0000	0.0000	0.0000	4.0004	0.0000	4.9999	0.0000	0.0000	0.0000	0.0000	0.0000	0.0000	0.0000	0.0000	0.0000	0.0000	0.0000	0.0000	0.0000	0.0000	0.0000	0.0000	0.0000	0.0000	0.0000	0.0000	0.0000	0.0000	0.0000	0.0000	0.0000	0.0000	0.0000	0.0000	0.0000	0.0000	0.0000	0.0000	0.0000	0.0000	0.0000	0.0000	0.0000	0.0000	0.0000	0.0000	0.0000	0.0000	0.0000	0.0000	0.0000	0.0000	0.0000	0.0000	0.0000	0.0000	0.0000	0.0000	0.0000	0.0000											
31	114	0.6530	7	1	1	1	0	0	0	0	0	N	N	N	N	N	N	N	N	N	N	N	N	0.0000	0.0000	0.0000	0.0000	0.0000	0.0000	0.0000	0.0000	0.0000	0.0000	0.0000	0.0000	0.0000	0.0000	0.0000	0.0000	0.0000	0.0000	0.0000	0.0000	0.0000	4.3361	0.0000	4.6323	0.0000	0.0000	0.0000	0.0000	0.0000	0.0000	0.0000	0.0000	0.0000	0.0000	0.0000	0.0000	0.0000	0.0000	0.0000	0.0000	0.0000	0.0000	0.0000	0.0000	0.0000	0.0000	0.0000	0.0000	0.0000	0.0000	0.0000	0.0000	0.0000	0.0000	0.0000	0.0000	0.0000	0.0000	0.0000	0.0000	0.0000	0.0000	0.0000	0.0000	0.0000	0.0000	0.0000	0.0000	0.0000	0.0000	0.0000	0.0000	0.0000	0.0000	0.0000	0.0000	0.0000	0.0000											
31	115	0.6203	6	1	0	1	0	0	0	0	0	N	N	N	N	N	N	N	N	N	N	N	N	0.0000	0.0000	0.0000	0.0000	0.0000	0.0000	0.0000	0.0000	0.0000	0.0000	0.0000	0.0000	0.0000	0.0000	0.0000	0.0000	0.0000	0.0000	0.0000	0.0000	0.0000	1.9840	0.0000	0.2610	0.0000	0.0000	0.0000	0.0000	0.0000	0.0000	0.0000	0.0000	0.0000	0.0000	0.0000	0.0000	0.0000	0.0000	0.0000	0.0000	0.0000	0.0000	0.0000	0.0000	0.0000	0.0000	0.0000	0.0000	0.0000	0.0000	0.0000	0.0000	0.0000	0.0000	0.0000	0.0000	0.0000	0.0000	0.0000	0.0000	0.0000	0.0000	0.0000	0.0000	0.0000	0.0000	0.0000	0.0000	0.0000	0.0000	0.0000	0.0000	0.0000	0.0000	0.0000	0.0000	0.0000	0.0000											
31	116	0.0642	3	1	1	1	1	0	0	0	0	N	N	N	N	N	N	N	N	N	N	N	N	0.0000	0.0000	0.0000	0.0000	0.0000	0.0000	0.0000	0.0000	0.0000	0.0000	0.0000	0.0000	0.0000	0.0000	0.0000	0.0000	0.0000	0.0000	0.0000	0.0000	0.0000	5.0006	0.0000	2.0000	0.0000	0.0000	0.0000	0.0000	0.0000	0.0000	0.0000	0.0000	0.0000	0.0000	0.0000	0.0000	0.0000	0.0000	0.0000	0.0000	0.0000	0.0000	0.0000	0.0000	0.0000	0.0000	0.0000	0.0000	0.0000	0.0000	0.0000	0.0000	0.0000	0.0000	0.0000	0.0000	0.0000	0.0000	0.0000	0.0000	0.0000	0.0000	0.0000	0.0000	0.0000	0.0000	0.0000	0.0000	0.0000	0.0000	0.0000	0.0000	0.0000	0.0000	0.0000	0.0000	0.0000	0.0000											
31	117	0.6203	6	1	1	1	1	0	0	0	0	N	N	N	N	N	N	N	N	N	N	N	N	0.0000	0.0000	0.0000	0.0000	0.0000	0.0000	0.0000	0.0000	0.0000	0.0000	0.0000	0.0000	0.0000	0.0000	0.0000	0.0000	0.0000	0.0000	0.0000	0.0000	0.0000	0.0000	0.0000	1.0000	0.0000	0.0000	0.0000	0.0000	0.0000	0.0000	0.0000	0.0000	0.0000	0.0000	0.0000	0.0000	0.0000	0.0000	0.0000	0.0000	0.0000	0.0000	0.0000	0.0000	0.0000	0.0000	0.0000	0.0000	0.0000	0.0000	0.0000	0.0000	0.0000	0.0000	0.0000	0.0000	0.0000	0.0000	0.0000	0.0000	0.0000	0.0000	0.0000	0.0000	0.0000	0.0000	0.0000	0.0000	0.0000	0.0000	0.0000	0.0000	0.0000	0.0000	0.0000	0.0000	0.0000	0.0000											
31	118	0.0642	3	1	1	1	0	0	0	0	0	N	N	N	N	N	N	N	N	N	N	N	N	0.0000	0.0000	0.0000	0.0000	0.0000	0.0000	0.0000	0.0000	0.0000	0.0000	0.0000	0.0000	0.0000	0.0000	0.0000	0.0000	0.0000	0.0000	0.0000	0.0000	0.0000	16.9994	0.0000	6.0000	0.0000	0.0000	0.0000	0.0000	0.0000	0.0000	0.0000	0.0000	0.0000	0.0000	0.0000	0.0000	0.0000	0.0000	0.0000	0.0000	0.0000	0.0000	0.0000	0.0000	0.0000	0.0000	0.0000	0.0000	0.0000	0.0000	0.0000	0.0000	0.0000	0.0000	0.0000	0.0000	0.0000	0.0000	0.0000	0.0000	0.0000	0.0000	0.0000	0.0000	0.0000	0.0000	0.0000	0.0000	0.0000	0.0000	0.0000	0.0000	0.0000	0.0000	0.0000	0.0000	0.0000	0.0000											
31	119	0.6203	6	1	1	1	0	0	0	0	0	N	N	N	N	N	N	N	N	N	N	N	N	0.0000	0.0000	0.0000	0.0000	0.0000	0.0000	0.0000	0.0000	0.0000	0.0000	0.0000	0.0000	0.0000	0.0000	0.0000	0.0000	0.0000	0.0000	0.0000	0.0000	0.0000	5.0000	0.0000	6.0000	0.0000	0.0000	0.0000	0.0000	0.0000	0.0000	0.0000	0.0000	0.0000	0.0000	0.0000	0.0000	0.0000	0.0000	0.0000	0.0000	0.0000	0.0000	0.0000	0.0000	0.0000	0.0000	0.0000	0.0000	0.0000	0.0000	0.0000	0.0000	0.0000	0.0000	0.0000	0.0000	0.0000	0.0000	0.0000	0.0000	0.0000	0.0000	0.0000	0.0000	0.0000	0.0000	0.0000	0.0000	0.0000	0.0000	0.0000	0.0000	0.0000	0.0000	0.0000	0.0000	0.0000	0.0000											
31	120	0.6484	7	1	1	1	0	0	0	0	0	N	N	N	N	N	N	N	N	N	N	N	N	0.0000	0.0000	0.0000	0.0000	0.0000	0.0000	0.0000	0.0000	0.0000	0.0000	0.0000	0.0000	0.0000	0.0000	0.0000	0.0000	0.0000	0.0000	0.0000	0.0000	0.0000	0.9998	0.0000	0.9486	0.0000	0.0000	0.0000	0.0000	0.0000	0.0000	0.0000	0.0000	0.0000	0.0000	0.0000	0.0000	0.0000	0.0000	0.0000	0.0000	0.0000	0.0000	0.0000	0.0000	0.0000	0.0000	0.0000	0.0000	0.0000	0.0000	0.0000	0.0000	0.0000	0.0000	0.0000	0.0000	0.0000	0.0000	0.0000	0.0000	0.0000	0.0000	0.0000	0.0000	0.0000	0.0000	0.0000	0.0000	0.0000	0.0000	0.0000	0.0000	0.0000	0.0000	0.0000	0.0000	0.0000	0.0000											
31	121	0.6203	6	1	1	1	0	0	0	0	0	N	N	N	N	N	N	N	N	N	N	N	N	0.0000	0.0000	0.0000	0.0000	0.0000	0.0000	0.0000	0.0000	0.0000	0.0000	0.0000	0.0000	0.0000	0.0000	0.0000	0.0000	0.0000	0.0000	0.0000	0.0000	0.0000	3.0005	0.0000	1.1085	0.0000	0.0000	0.0000	0.0000	0.0000	0.0000	0.0000	0.0000	0.0000	0.0000	0.0000	0.0000	0.0000	0.0000	0.0000	0.0000	0.0000	0.0000	0.0000	0.0000	0.0000	0.0000	0.0000	0.0000	0.0000	0.0000	0.0000	0.0000	0.0000	0.0000	0.0000	0.0000	0.0000	0.0000	0.0000	0.0000	0.0000	0.0000	0.0000	0.0000	0.0000	0.0000	0.0000	0.0000	0.0000	0.0000	0.0000	0.0000	0.0000	0.0000	0.0000	0.0000	0.0000	0.0000											
31	122	0.0229	2	1	1	1	0	0	0	0	0	N	N	N	N	N	N	N	N	N	N	N	N	0.0000	0.0000	0.0000	0.0000	0.0000	0.0000	0.0000	0.0000	0.0000	0.0000	0.0000	0.0000	0.0000	0.0000	0.0000	0.0000	0.0000	0.0000	0.0000	0.0000	0.0000	2.0001	0.0000	3.0000	0.0000	0.0000	0.0000	0.0000	0.0000	0.0000	0.0000	0.0000	0.0000	0.0000	0.0000	0.0000	0.0000	0.0000	0.0000	0.0000	0.0000	0.0000	0.0000	0.0000	0.0000	0.0000	0.0000	0.0000	0.0000	0.0000	0.0000	0.0000	0.0000	0.0000	0.0000	0.0000	0.0000	0.0000	0.0000	0.0000	0.0000	0.0000	0.0000	0.0000	0.0000	0.0000	0.0000	0.0000	0.0000	0.0000	0.0000	0.0000	0.0000	0.0000	0.0000	0.0000	0.0000	0.0000											
31	124	0.6538	7	1	1	1	0	0	0	0	0	N	N	N	N	N	N	N	N	N	N	N	N	0.0000	0.0000	0.0000	0.0000	0.0000	0.0000	0.0000	0.0000	0.0000	0.0000	0.0000	0.0000	0.0000	0.0000	0.0000	0.0000	0.0000	0.0000	0.0000	0.0000	0.0000	3.9006	0.0000	3.1543	0.0000	0.0000	0.0000	0.0000	0.0000	0.0000	0.0000	0.0000	0.0000	0.0000	0.0000	0.0000	0.0000	0.0000	0.0000	0.0000	0.0000	0.0000	0.0000	0.0000	0.0000	0.0000	0.0000	0.0000	0.0000	0.0000	0.0000	0.0000	0.0000	0.0000	0.0000	0.0000	0.0000	0.0000	0.0000	0.0000	0.0000	0.0000	0.0000	0.0000	0.0000	0.0000	0.0000	0.0000	0.0000	0.0000	0.0000	0.0000	0.0000	0.0000	0.0000	0.0000	0.0000	0.0000											
31	125	0.6203	6	1	1	1	0	0	0	0	0	N	N	N	N	N	N	N	N	N	N	N	N	0.0000	0.0000	0.0000	0.0000	0.0000	0.0000	0.0000	0.0000	0.0000	0.0000	0.0000	0.0000	0.0000	0.0000	0.0000	0.0000	0.0000	0.0000	0.0000	0.0000	0.0000	1.6924	0.0000	1.9110	0.0000	0.0000	0.0000	0.0000	0.0000	0.0000	0.0000	0.0000	0.0000	0.0000	0.0000	0.0000	0.0000	0.0000	0.0000	0.0000	0.0000	0.0000	0.0000	0.0000	0.0000	0.0000	0.0000	0.0000	0.0000	0.0000	0.0000	0.0000	0.0000	0.0000	0.0000	0.0000	0.0000	0.0000	0.0000	0.0000	0.0000	0.0000	0.0000	0.0000	0.0000	0.0000	0.0000	0.0000	0.0000	0.0000	0.0000	0.0000	0.0000	0.0000	0.0000	0.0000	0.0000	0.0000											
31	126	0.0642	3	1	1	1	0	0	0	0	0	N	N	N	N	N	N	N	N	N	N	N	N	0.0000	0.0000	0.0000	0.0000	0.0000	0.0000	0.0000	0.0000	0.0000	0.0000	0.0000	0.0000	0.0000	0.0000	0.0000	0.0000	0.0000	0.0000	0.0000	0.0000	0.0000	0.9996	0.0000	8.0005	0.0000	0.0000	0.0000	0.0000	0.0000	0.0000	0.0000	0.0000	0.0000	0.0000	0.0000	0.0000	0.0000	0.0000	0.0000	0.0000	0.0000	0.0000	0.0000	0.0000	0.0000	0.0000	0.0000	0.0000	0.0000	0.0000	0.0000	0.0000	0.0000	0.0000	0.0000	0.0000	0.0000	0.0000	0.0000	0.0000	0.0000	0.0000	0.0000	0.0000	0.0000	0.0000	0.0000	0.0000	0.0000	0.0000	0.0000	0.0000	0.0000	0.0000	0.0000	0.0000	0.0000	0.0000											
31	127	0.1916	5	1	0	1	0	0	0	0	0	N	N	N	N	N	N	N	N	N	N	N	N	0.0000	0.0000	0.0000	0.0000	0.0000	0.0000	0.0000	0.0000	0.0000	0.0000	0.0000	0.0000	0.0000	0.0000	0.0000	0.0000	0.0000	0.0000	0.0000	0.0000	0.0000	3.6536	0.0000	12.3970	0.0000	0.0000	0.0000	0.0000	0.0000	0.0000	0.0000	0.0000	0.0000	0.0000	0.0000	0.0000	0.0000	0.0000	0.0000	0.0000	0.0000	0.0000	0.0000	0.0000	0.0000	0.0000	0.0000	0.0000	0.0000	0.0000	0.0000	0.0000	0.0000	0.0000	0.0000	0.0000	0.0000	0.0000	0.0000	0.0000	0.0000	0.0000	0.0000	0.0000	0.0000	0.0000	0.0000	0.0000	0.0000	0.0000	0.0000	0.0000	0.0000	0.0000	0.0000	0.0000	0.0000	0.0000											
31	128	0.3700	5	1	0	1	0	0	0	0	0	N	N	N	N	N	N	N	N	N	N	N	N	0.0000	0.0000	0.0000	0.0000	0.0000	0.0000	0.0000	0.0000	0.0000	0.0000	0.0000	0.0000	0.0000	0.0000	0.0000	0.0000	0.0000	0.0000	0.0000	0.0000	0.0000	5.3495	0.0000	12.4099	0.0000	0.0000	0.0000	0.0000	0.0000	0.0000	0.0000	0.0000	0.0000	0.0000	0.0000	0.0000	0.0000	0.0000	0.0000	0.0000	0.0000	0.0000	0.0000	0.0000	0.0000	0.0000	0.0000	0.0000	0.0000	0.0000	0.0000	0.0000	0.0000	0.0000	0.0000	0.0000	0.0000	0.0000	0.0000	0.0000	0.0000	0.0000	0.0000	0.0000	0.0000	0.0000	0.0000	0.0000	0.0000	0.0000	0.0000	0.0000	0.0000	0.0000	0.0000	0.0000	0.0000	0.0000											
31	129	0.1757	9	1	1	1	1	0	0	0	0	N	N	N	N	N	N	N	N	N	N	N	N	0.0000	0.0000	0.0000	0.0000	0.0000	0.0000	0.0000	0.0000	0.0000	0.0000	0.0000	0.0000	0.0000	0.0000	0.0000	0.0000	0.0000	0.0000	0.0000	0.0000	0.0000	0.0000	0.0000	0.0000	0.0000	0.0000	0.0000	0.0000	0.0000	0.0000	0.0000	0.0000	0.0000	0.0000	0.0000	0.0000	0.0000	0.0000	0.0000	0.0000	0.0000	0.0000	0.0000	0.0000	0.0000	0.0000	0.0000	0.0000	0.0000	0.0000	0.0000	0.0000	0.0000	0.0000	0.0000	0.0000	0.0000	0.0000	0.0000	0.0000	0.0000	0.0000	0.0000	0.0000	0.0000	0.0000	0.0000	0.0000	0.0000	0.0000	0.0000	0.0000	0.0000	0.0000	0.0000	0.0000	0.0000	0.0000											
31	130	0.1594	8	1	1	1	1	0	0	0	0	N	N	N	N	N	N	N	N	N	N	N	N	0.0000	0.0000	0.0000	0.0000	0.0000	0.0000	0.0000	0.0000	0.0000	0.0000	0.0000	0.0000	0.0000	0.0000	0.0000	0.0000	0.0000	0.0000	0.0000	0.0000	0.0000	0.0000	0.0000	3.0001	0.0000	0.0000	0.0000	0.0000	0.0000	0.0000	0.0000	0.0000	0.0000	0.0000	0.0000	0.0000	0.0000	0.0000	0.0000	0.0000	0.0000	0.0000	0.0000	0.0000	0.0000	0.0000	0.0000	0.0000	0.0000	0.0000	0.0000	0.0000	0.0000	0.0000	0.0000	0.0000	0.0000	0.0000	0.0000	0.0000	0.0000	0.0000	0.0000	0.0000	0.0000	0.0000	0.0000	0.0000	0.0000	0.0000	0.0000	0.0000	0.0000	0.0000	0.0000	0.0000	0.0000	0.0000											
31	131	0.1497	7	1	1	1	0	0	0	0	0	N	N	N	N	N	N	N	N	N	N	N	N	0.0000	0.0000	0.0000	0.0000	0.0000	0.0000	0.0000	0.0000	0.0000	0.0000	0.0000	0.0000	0.0000	0.0000	0.0000	0.0000	0.0000	0.0000	0.0000	0.0000	0.0000	0.0000	0.0000	0.0000	0.0000	0.0000	0.0000	0.0000	0.0000	0.0000	0.0000	0.0000	0.0000	0.0000	0.0000	0.0000	0.0000	0.0000	0.0000	0.0000	0.0000	0.0000	0.0000	0.0000	0.0000	0.0000	0.0000	0.0000	0.0000	0.0000	0.0000	0.0000	0.0000	0.0000	0.0000	0.0000	0.0000	0.0000	0.0000	0.0000	0.0000	0.0000	0.0000	0.0000	0.0000	0.0000	0.0000	0.0000	0.0000	0.0000	0.0000	0.0000	0.0000	0.0000	0.0000	0.0000	0.0000	0.0000											
31	132	0.1594	8	1	0	2	1	0	0	0	0	N	N	Y	N	N	N	N	N	N	N	N	N	0.0000	0.0000	0.0000	0.0000	0.0000	0.0000	0.0000	0.0000	0.0000	0.0000	0.0000	0.0000	0.0000	0.0000	0.0000	0.0000	0.0000	0.0000	0.0000	0.0000	0.0000	0.0000	0.0000	1.9999	0.0000	0.0000	0.0000	0.0000	0.0000	0.0000	0.0000	0.0000	0.0000	0.0000	0.0000	0.0000	0.0000	0.0000	0.0000	0.0000	0.0000	0.0000	0.0000	0.0000	0.0000	0.0000	0.0000	0.0000	0.0000	0.0000	0.0000	0.0000	0.0000	0.0000	0.0000	0.0000	0.0000	0.0000	0.0000	0.0000	0.0000	0.0000	0.0000	0.0000	0.0000	0.0000	0.0000	0.0000	0.0000	0.0000	0.0000	0.0000	0.0000	0.0000	0.0000	0.0000	0.0000	0.0000											
31	133	0.1704	9	1	0	2	1	0	0	0	0	N	N	Y	N	N	N	N	N	N	N	N	N	0.0000	0.0000	0.0000	0.0000	0.0000	0.0000	0.0000	0.0000	0.0000	0.0000	0.0000	0.0000	0.0000	0.0000	0.0000	0.0000	0.0000	0.0000	0.0000	0.0000	0.0000	1.0000	0.0000	0.0000	0.0000	0.0000	0.0000	0.0000	0.0000	0.0000	0.0000	0.0000	0.0000	0.0000	0.0000	0.0000	0.0000	0.0000	0.0000	0.0000	0.0000	0.0000	0.0000	0.0000	0.0000	0.0000	0.0000	0.0000	0.0000	0.0000	0.0000	0.0000	0.0000	0.0000	0.0000	0.0000	0.0000	0.0000	0.0000	0.0000	0.0000	0.0000	0.0000	0.0000	0.0000	0.0000	0.0000	0.0000	0.0000	0.0000	0.0000	0.0000	0.0000	0.0000	0.0000	0.0000	0.0000	0.0000											
31	134	0.1704	9	1	0	2	1	0	0	0	0	N	N	Y	N	N	N	N	N	N	N	N	N	0.0000	0.0000	0.0000	0.0000	0.0000	0.0000	0.0000	0.0000	0.0000	0.0000	0.0000	0.0000	0.0000	0.0000	0.0000	0.0000	0.0000	0.0000	0.0000	0.0000	0.0000	0.0000	0.0000	0.0000	0.0000	0.0000	0.0000	0.0000	0.0000	0.0000	0.0000	0.0000	0.0000	0.0000	0.0000	0.0000	0.0000	0.0000	0.0000	0.0000	0.0000	0.0000	0.0000	0.0000	0.0000	0.0000	0.0000	0.0000	0.0000	0.0000	0.0000	0.0000	0.0000	0.0000	0.0000	0.0000	0.0000	0.0000	0.0000	0.0000	0.0000	0.0000	0.0000	0.0000	0.0000	0.0000	0.0000	0.0000	0.0000	0.0000	0.0000	0.0000	0.0000	0.0000	0.0000	0.0000	0.0000	0.0000											
31	135	0.1594	8	1	0	2	1	0	0	0	0	N	N	Y	N	N	N	N	N	N	N	N	N	0.0000	0.0000	0.0000	0.0000	0.0000	0.0000	0.0000	0.0000	0.0000	0.0000	0.0000	0.0000	0.0000	0.0000	0.0000	0.0000	0.0000	0.0000	0.0000	0.0000	0.0000	2.0025	0.0000	0.9943	0.0000	0.0000	0.0000	0.0000	0.0000	0.0000	0.0000	0.0000	0.0000	0.0000	0.0000	0.0000	0.0000	0.0000	0.0000	0.0000	0.0000	0.0000	0.0000	0.0000	0.0000	0.0000	0.0000	0.0000	0.0000	0.0000	0.0000	0.0000	0.0000	0.0000	0.0000	0.0000	0.0000	0.0000	0.0000	0.0000	0.0000	0.0000	0.0000	0.0000	0.0000	0.0000	0.0000	0.0000	0.0000	0.0000	0.0000	0.0000	0.0000	0.0000	0.0000	0.0000	0.0000	0.0000											
31	136	0.1594	7	1	0	1	1	0	0	0	0	N	N	N	N	N	N	N	N	N	N	N	N	0.0000	0.0000	0.0000	0.0000	0.0000	0.0000	0.0000	0.0000	0.0000	0.0000	0.0000	0.0000	0.0000	0.0000	0.0000	0.0000	0.0000	0.0000	0.0000	0.0000	0.0000	0.0050	0.0000	0.0173	0.0000	0.0000	0.0000	0.0000	0.0000	0.0000	0.0000	0.0000	0.0000	0.0000	0.0000	0.0000	0.0000	0.0000	0.0000	0.0000	0.0000	0.0000	0.0000	0.0000	0.0000	0.0000	0.0000	0.0000	0.0000	0.0000	0.0000	0.0000	0.0000	0.0000	0.0000	0.0000	0.0000	0.0000	0.0000	0.0000	0.0000	0.0000	0.0000	0.0000	0.0000	0.0000	0.0000	0.0000	0.0000	0.0000	0.0000	0.0000	0.0000	0.0000	0.0000	0.0000	0.0000	0.0000											
31	137	0.1497	6	1	0	1	1	0	0	0	0	N	N	N	N	N	N	N	N	N	N	N	N	0.0000	0.0000	0.0000	0.0000	0.0000	0.0000	0.0000	0.0000	0.0000	0.0000	0.0000	0.0000	0.0000	0.0000	0.0000	0.0000	0.0000	0.0000	0.0000	0.0000	0.0000	1.9972	0.0000	1.0076	0.0000	0.0000	0.0000	0.0000	0.0000	0.0000	0.0000	0.0000	0.0000	0.0000	0.0000	0.0000	0.0000	0.0000	0.0000	0.0000	0.0000	0.0000	0.0000	0.0000	0.0000	0.0000	0.0000	0.0000	0.0000	0.0000	0.0000	0.0000	0.0000	0.0000	0.0000	0.0000	0.0000	0.0000	0.0000	0.0000	0.0000	0.0000	0.0000	0.0000	0.0000	0.0000	0.0000	0.0000	0.0000	0.0000	0.0000	0.0000	0.0000	0.0000	0.0000	0.0000	0.0000	0.0000											
31	138	0.1324	5	2	1	1	0	0	0	0	0	Y	N	N	N	N	N	N	N	N	N	N	N	0.0000	0.0000	0.0000	0.0000	0.0000	0.0000	0.0000	0.0000	0.0000	0.0000	0.0000	0.0000	0.0000	0.0000	0.0000	0.0000	0.0000	0.0000	0.0000	0.0000	0.0000	0.0002	0.0000	2.3255	0.0000	0.0000	0.0000	0.0000	0.0000	0.0000	0.0000	0.0000	0.0000	0.0000	0.0000	0.0000	0.0000	0.0000	0.0000	0.0000	0.0000	0.0000	0.0000	0.0000	0.0000	0.0000	0.0000	0.0000	0.0000	0.0000	0.0000	0.0000	0.0000	0.0000	0.0000	0.0000	0.0000	0.0000	0.0000	0.0000	0.0000	0.0000	0.0000	0.0000	0.0000	0.0000	0.0000	0.0000	0.0000	0.0000	0.0000	0.0000	0.0000	0.0000	0.0000	0.0000	0.0000	0.0000											
31	139	0.1146	4	2	1	1	0	0	0	0	0	Y	N	N	N	N	N	N	N	N	N	N	N	0.0000	0.0000	0.0000	0.0000	0.0000	0.0000	0.0000	0.0000	0.0000	0.0000	0.0000	0.0000	0.0000	0.0000	0.0000	0.0000	0.0000	0.0000	0.0000	0.0000	0.0000	2.0138	0.0000	2.7349	0.0000	0.0000	0.0000	0.0000	0.0000	0.0000	0.0000	0.0000	0.0000	0.0000	0.0000	0.0000	0.0000	0.0000	0.0000	0.0000	0.0000	0.0000	0.0000	0.0000	0.0000	0.0000	0.0000	0.0000	0.0000	0.0000	0.0000	0.0000	0.0000	0.0000	0.0000	0.0000	0.0000	0.0000	0.0000	0.0000	0.0000	0.0000	0.0000	0.0000	0.0000	0.0000	0.0000	0.0000	0.0000	0.0000	0.0000	0.0000	0.0000	0.0000	0.0000	0.0000	0.0000	0.0000											
31	140	0.1311	5	1	1	1	0	0	0	0	0	N	N	N	N	N	N	N	N	N	N	N	N	0.0000	0.0000	0.0000	0.0000	0.0000	0.0000	0.0000	0.0000	0.0000	0.0000	0.0000	0.0000	0.0000	0.0000	0.0000	0.0000	0.0000	0.0000	0.0000	0.0000	0.0000	1.9232	0.0000	1.1116	0.0000	0.0000	0.0000	0.0000	0.0000	0.0000	0.0000	0.0000	0.0000	0.0000	0.0000	0.0000	0.0000	0.0000	0.0000	0.0000	0.0000	0.0000	0.0000	0.0000	0.0000	0.0000	0.0000	0.0000	0.0000	0.0000	0.0000	0.0000	0.0000	0.0000	0.0000	0.0000	0.0000	0.0000	0.0000	0.0000	0.0000	0.0000	0.0000	0.0000	0.0000	0.0000	0.0000	0.0000	0.0000	0.0000	0.0000	0.0000	0.0000	0.0000	0.0000	0.0000	0.0000	0.0000											
31	141	0.6395	7	1	1	1	0	0	0	0	0	N	N	N	N	N	N	N	N	N	N	N	N	0.0000	0.0000	0.0000	0.0000	0.0000	0.0000	0.0000	0.0000	0.0000	0.0000	0.0000	0.0000	0.0000	0.0000	0.0000	0.0000	0.0000	0.0000	0.0000	0.0000	0.0000	3.0000	0.0000	1.0000	0.0000	0.0000	0.0000	0.0000	0.0000	0.0000	0.0000	0.0000	0.0000	0.0000	0.0000	0.0000	0.0000	0.0000	0.0000	0.0000	0.0000	0.0000	0.0000	0.0000	0.0000	0.0000	0.0000	0.0000	0.0000	0.0000	0.0000	0.0000	0.0000	0.0000	0.0000	0.0000	0.0000	0.0000	0.0000	0.0000	0.0000	0.0000	0.0000	0.0000	0.0000	0.0000	0.0000	0.0000	0.0000	0.0000	0.0000	0.0000	0.0000	0.0000	0.0000	0.0000	0.0000	0.0000											
31	142	0.6203	6	1	0	1	0	0	0	0	0	N	N	N	N	N	N	N	N	N	N	N	N	0.0000	0.0000	0.0000	0.0000	0.0000	0.0000	0.0000	0.0000	0.0000	0.0000	0.0000	0.0000	0.0000	0.0000	0.0000	0.0000	0.0000	0.0000	0.0000	0.0000	0.0000	1.0000	0.0000	1.0000	0.0000	0.0000	0.0000	0.0000	0.0000	0.0000	0.0000	0.0000	0.0000	0.0000	0.0000	0.0000	0.0000	0.0000	0.0000	0.0000	0.0000	0.0000	0.0000	0.0000	0.0000	0.0000	0.0000	0.0000	0.0000	0.0000	0.0000	0.0000	0.0000	0.0000	0.0000	0.0000	0.0000	0.0000	0.0000	0.0000	0.0000	0.0000	0.0000	0.0000	0.0000	0.0000	0.0000	0.0000	0.0000	0.0000	0.0000	0.0000	0.0000	0.0000	0.0000	0.0000	0.0000	0.0000											
31	143	0.3700	5	1	0	1	0	0	0	0	0	N	N	N	N	N	N	N	N	N	N	N	N	0.0000	0.0000	0.0000	0.0000	0.0000	0.0000	0.0000	0.0000	0.0000	0.0000	0.0000	0.0000	0.0000	0.0000	0.0000	0.0000	0.0000	0.0000	0.0000	0.0000	0.0000	7.1211	0.0000	10.9474	0.0000	0.0000	0.0000	0.0000	0.0000	0.0000	0.0000	0.0000	0.0000	0.0000	0.0000	0.0000	0.0000	0.0000	0.0000	0.0000	0.0000	0.0000	0.0000	0.0000	0.0000	0.0000	0.0000	0.0000	0.0000	0.0000	0.0000	0.0000	0.0000	0.0000	0.0000	0.0000	0.0000	0.0000	0.0000	0.0000	0.0000	0.0000	0.0000	0.0000	0.0000	0.0000	0.0000	0.0000	0.0000	0.0000	0.0000	0.0000	0.0000	0.0000	0.0000	0.0000	0.0000	0.0000											
31	144	0.1752	4	1	0	1	0	0	0	0	0	N	N	N	N	N	N	N	N	N	N	N	N	0.0000	0.0000	0.0000	0.0000	0.0000	0.0000	0.0000	0.0000	0.0000	0.0000	0.0000	0.0000	0.0000	0.0000	0.0000	0.0000	0.0000	0.0000	0.0000	0.0000	0.0000	8.5175	0.0000	23.1696	0.0000	0.0000	0.0000	0.0000	0.0000	0.0000	0.0000	0.0000	0.0000	0.0000	0.0000	0.0000	0.0000	0.0000	0.0000	0.0000	0.0000	0.0000	0.0000	0.0000	0.0000	0.0000	0.0000	0.0000	0.0000	0.0000	0.0000	0.0000	0.0000	0.0000	0.0000	0.0000	0.0000	0.0000	0.0000	0.0000	0.0000	0.0000	0.0000	0.0000	0.0000	0.0000	0.0000	0.0000	0.0000	0.0000	0.0000	0.0000	0.0000	0.0000	0.0000	0.0000	0.0000	0.0000											
31	145	0.1497	7	2	1	1	0	0	0	0	0	Y	N	N	N	N	N	N	N	N	N	N	N	0.0000	0.0000	0.0000	0.0000	0.0000	0.0000	0.0000	0.0000	0.0000	0.0000	0.0000	0.0000	0.0000	0.0000	0.0000	0.0000	0.0000	0.0000	0.0000	0.0000	0.0000	1.0000	0.0000	1.0000	0.0000	0.0000	0.0000	0.0000	0.0000	0.0000	0.0000	0.0000	0.0000	0.0000	0.0000	0.0000	0.0000	0.0000	0.0000	0.0000	0.0000	0.0000	0.0000	0.0000	0.0000	0.0000	0.0000	0.0000	0.0000	0.0000	0.0000	0.0000	0.0000	0.0000	0.0000	0.0000	0.0000	0.0000	0.0000	0.0000	0.0000	0.0000	0.0000	0.0000	0.0000	0.0000	0.0000	0.0000	0.0000	0.0000	0.0000	0.0000	0.0000	0.0000	0.0000	0.0000	0.0000	0.0000											
31	146	0.1497	6	1	1	1	0	0	0	0	0	N	N	N	N	N	N	N	N	N	N	N	N	0.0000	0.0000	0.0000	0.0000	0.0000	0.0000	0.0000	0.0000	0.0000	0.0000	0.0000	0.0000	0.0000	0.0000	0.0000	0.0000	0.0000	0.0000	0.0000	0.0000	0.0000	0.0003	0.0000	0.0000	0.0000	0.0000	0.0000	0.0000	0.0000	0.0000	0.0000	0.0000	0.0000	0.0000	0.0000	0.0000	0.0000	0.0000	0.0000	0.0000	0.0000	0.0000	0.0000	0.0000	0.0000	0.0000	0.0000	0.0000	0.0000	0.0000	0.0000	0.0000	0.0000	0.0000	0.0000	0.0000	0.0000	0.0000	0.0000	0.0000	0.0000	0.0000	0.0000	0.0000	0.0000	0.0000	0.0000	0.0000	0.0000	0.0000	0.0000	0.0000	0.0000	0.0000	0.0000	0.0000	0.0000	0.0000											
31	147	0.1311	5	1	0	1	0	0	0	0	0	N	N	N	N	N	N	N	N	N	N	N	N	0.0000	0.0000	0.0000	0.0000	0.0000	0.0000	0.0000	0.0000	0.0000	0.0000	0.0000	0.0000	0.0000	0.0000	0.0000	0.0000	0.0000	0.0000	0.0000	0.0000	0.0000	4.9449	0.0000	1.0063	0.0000	0.0000	0.0000	0.0000	0.0000	0.0000	0.0000	0.0000	0.0000	0.0000	0.0000	0.0000	0.0000	0.0000	0.0000	0.0000	0.0000	0.0000	0.0000	0.0000	0.0000	0.0000	0.0000	0.0000	0.0000	0.0000	0.0000	0.0000	0.0000	0.0000	0.0000	0.0000	0.0000	0.0000	0.0000	0.0000	0.0000	0.0000	0.0000	0.0000	0.0000	0.0000	0.0000	0.0000	0.0000	0.0000	0.0000	0.0000	0.0000	0.0000	0.0000	0.0000	0.0000	0.0000											
31	148	0.1146	4	1	0	1	0	0	0	0	0	N	N	N	N	N	N	N	N	N	N	N	N	0.0000	0.0000	0.0000	0.0000	0.0000	0.0000	0.0000	0.0000	0.0000	0.0000	0.0000	0.0000	0.0000	0.0000	0.0000	0.0000	0.0000	0.0000	0.0000	0.0000	0.0000	3.4778	0.0000	1.2917	0.0000	0.0000	0.0000	0.0000	0.0000	0.0000	0.0000	0.0000	0.0000	0.0000	0.0000	0.0000	0.0000	0.0000	0.0000	0.0000	0.0000	0.0000	0.0000	0.0000	0.0000	0.0000	0.0000	0.0000	0.0000	0.0000	0.0000	0.0000	0.0000	0.0000	0.0000	0.0000	0.0000	0.0000	0.0000	0.0000	0.0000	0.0000	0.0000	0.0000	0.0000	0.0000	0.0000	0.0000	0.0000	0.0000	0.0000	0.0000	0.0000	0.0000	0.0000	0.0000	0.0000	0.0000											
31	149	0.0642	3	1	0	1	0	0	0	0	0	N	N	N	N	N	N	N	N	N	N	N	N	0.0000	0.0000	0.0000	0.0000	0.0000	0.0000	0.0000	0.0000	0.0000	0.0000	0.0000	0.0000	0.0000	0.0000	0.0000	0.0000	0.0000	0.0000	0.0000	0.0000	0.0000	7.8050	0.0000	4.0035	0.0000	0.0000	0.0000	0.0000	0.0000	0.0000	0.0000	0.0000	0.0000	0.0000	0.0000	0.0000	0.0000	0.0000	0.0000	0.0000	0.0000	0.0000	0.0000	0.0000	0.0000	0.0000	0.0000	0.0000	0.0000	0.0000	0.0000	0.0000	0.0000	0.0000	0.0000	0.0000	0.0000	0.0000	0.0000	0.0000	0.0000	0.0000	0.0000	0.0000	0.0000	0.0000	0.0000	0.0000	0.0000	0.0000	0.0000	0.0000	0.0000	0.0000	0.0000	0.0000	0.0000	0.0000											
31	150	0.1916	5	1	0	1	0	0	0	0	0	N	N	N	N	N	N	N	N	N	N	N	N	0.0000	0.0000	0.0000	0.0000	0.0000	0.0000	0.0000	0.0000	0.0000	0.0000	0.0000	0.0000	0.0000	0.0000	0.0000	0.0000	0.0000	0.0000	0.0000	0.0000	0.0000	3.7255	0.0000	14.1767	0.0000	0.0000	0.0000	0.0000	0.0000	0.0000	0.0000	0.0000	0.0000	0.0000	0.0000	0.0000	0.0000	0.0000	0.0000	0.0000	0.0000	0.0000	0.0000	0.0000	0.0000	0.0000	0.0000	0.0000	0.0000	0.0000	0.0000	0.0000	0.0000	0.0000	0.0000	0.0000	0.0000	0.0000	0.0000	0.0000	0.0000	0.0000	0.0000	0.0000	0.0000	0.0000	0.0000	0.0000	0.0000	0.0000	0.0000	0.0000	0.0000	0.0000	0.0000	0.0000	0.0000	0.0000											
31	151	0.1752	4	1	0	1	0	0	0	0	0	N	N	N	N	N	N	N	N	N	N	N	N	0.0000	0.0000	0.0000	0.0000	0.0000	0.0000	0.0000	0.0000	0.0000	0.0000	0.0000	0.0000	0.0000	0.0000	0.0000	0.0000	0.0000	0.0000	0.0000	0.0000	0.0000	1.4205	0.0000	4.0377	0.0000	0.0000	0.0000	0.0000	0.0000	0.0000	0.0000	0.0000	0.0000	0.0000	0.0000	0.0000	0.0000	0.0000	0.0000	0.0000	0.0000	0.0000	0.0000	0.0000	0.0000	0.0000	0.0000	0.0000	0.0000	0.0000	0.0000	0.0000	0.0000	0.0000	0.0000	0.0000	0.0000	0.0000	0.0000	0.0000	0.0000	0.0000	0.0000	0.0000	0.0000	0.0000	0.0000	0.0000	0.0000	0.0000	0.0000	0.0000	0.0000	0.0000	0.0000	0.0000	0.0000	0.0000											
31	152	0.0642	3	1	0	1	0	0	0	0	0	N	N	N	N	N	N	N	N	N	N	N	N	0.0000	0.0000	0.0000	0.0000	0.0000	0.0000	0.0000	0.0000	0.0000	0.0000	0.0000	0.0000	0.0000	0.0000	0.0000	0.0000	0.0000	0.0000	0.0000	0.0000	0.0000	6.4701	0.0000	12.4371	0.0000	0.0000	0.0000	0.0000	0.0000	0.0000	0.0000	0.0000	0.0000	0.0000	0.0000	0.0000	0.0000	0.0000	0.0000	0.0000	0.0000	0.0000	0.0000	0.0000	0.0000	0.0000	0.0000	0.0000	0.0000	0.0000	0.0000	0.0000	0.0000	0.0000	0.0000	0.0000	0.0000	0.0000	0.0000	0.0000	0.0000	0.0000	0.0000	0.0000	0.0000	0.0000	0.0000	0.0000	0.0000	0.0000	0.0000	0.0000	0.0000	0.0000	0.0000	0.0000	0.0000	0.0000											
32	34	0.0582	2	1	2	0	0	0	0	0	0	N	Y	N	N	N	N	N	N	N	N	N	N	inf	inf	inf	inf	0.1776	0.1953	0.0000	0.2897	0.3076	0.0000	0.0000	0.0000	0.0000	0.0000	0.0000	0.0000	0.0000	0.0000	0.0000	0.0000	0.0000	0.0000	0.0000	-0.0000	0.0000	0.0006	10.0001	3.0000	4.0001	0.0001	0.0001	0.0000	0.0001	0.0001	0.0000	0.0000	0.0000	0.0000	0.0000	0.0000	0.0000	0.0000	0.0000	0.0000	0.0000	0.0000	0.0000	0.0004	0.0004	0.0000	0.0002	0.0002	0.0000	0.0002	0.0001	0.0000	0.0703	0.0294	0.0409	0.0006	0.0006	0.0000	0.0697	0.0288	0.0409	inf	inf	0.0000	inf	inf	0.0000	0.0000	0.0000	0.0000	0.0000	0.0000	0.0000	0.0000	0.0000	0.0000	0.0000	0.0000	0.0000						
32	36	0.5730	4	0	2	0	0	0	0	0	0	N	Y	N	N	N	N	N	N	N	N	N	N	inf	inf	inf	inf	0.6374	0.6965	0.0000	0.9558	1.0067	0.0000	0.0000	0.0000	0.0000	0.0000	0.0000	0.0000	0.0000	0.0000	0.0000	0.0000	0.0000	0.0000	0.0000	-0.0000	0.0000	0.0006	3.0000	3.0000	3.0000	0.0001	0.0001	0.0000	0.0001	0.0001	0.0000	0.0000	0.0000	0.0000	0.0000	0.0000	0.0000	0.0000	0.0000	0.0000	0.0000	0.0000	0.0000	0.0001	0.0001	0.0000	0.0001	0.0001	0.0000	0.0000	0.0000	0.0000	0.0172	0.0085	0.0087	0.0055	0.0047	0.0008	0.0117	0.0038	0.0079	inf	inf	0.0000	inf	inf	0.0000	0.0000	0.0000	0.0000	0.0000	0.0000	0.0000	0.0000	0.0000	0.0000	0.0000	0.0000	0.0000						
32	37	0.0471	2	1	2	0	0	0	0	0	0	N	Y	N	N	N	N	N	N	N	N	N	N	0.0000	0.0000	0.0000	0.0000	0.0000	0.0000	0.0000	0.0000	0.0000	0.0000	0.0000	0.0000	0.0000	0.0000	0.0000	0.0000	0.0000	0.0000	0.0000	0.0000	0.0006	4.2779	3.0000	3.9542	0.0000	0.0000	0.0000	0.0000	0.0000	0.0000	0.0000	0.0000	0.0000	0.0000	0.0000	0.0000	0.0000	0.0000	0.0000	0.0000	0.0000	0.0000	0.0002	0.0002	0.0000	0.0001	0.0001	0.0000	0.0001	0.0001	0.0000	0.0796	0.0429	0.0367	0.0022	0.0022	0.0000	0.0773	0.0407	0.0367	0.0000	0.0000	0.0000	0.0000	0.0000	0.0000	0.0000	0.0000	0.0000	0.0000	0.0000	0.0000	0.0000	0.0000	0.0000	0.0000	0.0000	0.0000											
32	38	0.6397	8	1	2	0	0	0	0	0	0	N	Y	N	N	N	N	N	N	N	N	N	N	inf	inf	inf	inf	0.5932	0.6520	0.0000	0.9418	0.9925	0.0000	0.0000	0.0000	0.0000	0.0000	0.0000	0.0000	0.0000	0.0000	0.0000	0.0000	0.0000	0.0000	0.0000	-0.0000	0.0000	0.0006	2.8243	3.0000	1.0201	0.0001	0.0001	0.0000	0.0001	0.0001	0.0000	0.0000	0.0000	0.0000	0.0000	0.0000	0.0000	0.0000	0.0000	0.0000	0.0000	0.0000	0.0000	0.0001	0.0001	0.0000	0.0001	0.0001	0.0000	0.0000	0.0000	0.0000	0.0179	0.0105	0.0074	0.0077	0.0068	0.0009	0.0102	0.0037	0.0065	inf	inf	0.0000	inf	inf	0.0000	0.0000	0.0000	0.0000	0.0000	0.0000	0.0000	0.0000	0.0000	0.0000	0.0000	0.0000	0.0000						
32	39	0.0582	2	0	2	0	0	0	0	0	0	N	Y	N	N	N	N	N	N	N	N	N	N	0.0000	0.0000	0.0000	0.0000	0.0000	0.0000	0.0000	0.0000	0.0000	0.0000	0.0000	0.0000	0.0000	0.0000	0.0000	0.0000	0.0000	0.0000	0.0000	0.0000	0.0006	5.0001	3.0000	5.0000	0.0000	0.0000	0.0000	0.0000	0.0000	0.0000	0.0000	0.0000	0.0000	0.0000	0.0000	0.0000	0.0000	0.0000	0.0000	0.0000	0.0000	0.0000	0.0002	0.0002	0.0000	0.0001	0.0001	0.0000	0.0001	0.0001	0.0000	0.0523	0.0217	0.0306	0.0004	0.0004	0.0000	0.0519	0.0213	0.0306	0.0000	0.0000	0.0000	0.0000	0.0000	0.0000	0.0000	0.0000	0.0000	0.0000	0.0000	0.0000	0.0000	0.0000	0.0000	0.0000	0.0000	0.0000											
32	40	0.5954	5	0	2	0	0	0	0	0	0	N	Y	N	N	N	N	N	N	N	N	N	N	0.0000	0.0000	0.0000	0.0000	0.0000	0.0000	0.0000	0.0000	0.0000	0.0000	0.0000	0.0000	0.0000	0.0000	0.0000	0.0000	0.0000	0.0000	0.0000	0.0000	0.0006	0.0000	3.0000	2.0000	0.0000	0.0000	0.0000	0.0000	0.0000	0.0000	0.0000	0.0000	0.0000	0.0000	0.0000	0.0000	0.0000	0.0000	0.0000	0.0000	0.0000	0.0000	0.0000	0.0000	0.0000	0.0000	0.0000	0.0000	0.0000	0.0000	0.0000	0.0104	0.0058	0.0046	0.0046	0.0039	0.0006	0.0058	0.0019	0.0039	0.0000	0.0000	0.0000	0.0000	0.0000	0.0000	0.0000	0.0000	0.0000	0.0000	0.0000	0.0000	0.0000	0.0000	0.0000	0.0000	0.0000	0.0000											
32	41	0.0582	2	0	2	0	0	0	0	0	0	N	Y	N	N	N	N	N	N	N	N	N	N	inf	inf	inf	inf	0.2649	0.2925	0.0000	0.4151	0.4444	0.0000	0.0000	0.0000	0.0000	0.0000	0.0000	0.0000	0.0000	0.0000	0.0000	0.0000	0.0000	0.0000	0.0000	-0.0000	0.0000	0.0006	5.9998	3.0000	3.0000	0.0001	0.0001	0.0000	0.0001	0.0001	0.0000	0.0000	0.0000	0.0000	0.0000	0.0000	0.0000	0.0000	0.0000	0.0000	0.0000	0.0000	0.0000	0.0003	0.0002	0.0000	0.0002	0.0002	0.0000	0.0001	0.0001	0.0000	0.0476	0.0197	0.0278	0.0004	0.0004	0.0000	0.0472	0.0194	0.0278	inf	inf	0.0000	inf	inf	0.0000	0.0000	0.0000	0.0000	0.0000	0.0000	0.0000	0.0000	0.0000	0.0000	0.0000	0.0000	0.0000						
32	42	0.6615	9	0	2	1	1	0	0	0	0	N	Y	N	N	N	N	N	N	N	N	N	N	0.0000	0.0000	0.0000	0.0000	0.0000	0.0000	0.0000	0.0000	0.0000	0.0000	0.0000	0.0000	0.0000	0.0000	0.0000	0.0000	0.0000	0.0000	0.0000	0.0000	0.0006	0.0011	3.0000	1.0134	0.0000	0.0000	0.0000	0.0000	0.0000	0.0000	0.0000	0.0000	0.0000	0.0000	0.0000	0.0000	0.0000	0.0000	0.0000	0.0000	0.0000	0.0000	0.0000	0.0000	0.0000	0.0000	0.0000	0.0000	0.0000	0.0000	0.0000	0.0052	0.0031	0.0021	0.0022	0.0020	0.0002	0.0031	0.0012	0.0019	0.0000	0.0000	0.0000	0.0000	0.0000	0.0000	0.0000	0.0000	0.0000	0.0000	0.0000	0.0000	0.0000	0.0000	0.0000	0.0000	0.0000	0.0000											
32	43	0.6397	8	0	1	0	1	0	0	0	0	N	N	N	N	N	N	N	N	N	N	N	N	inf	inf	inf	inf	0.0000	0.0000	0.0000	0.0001	0.0001	0.0000	0.0000	0.0000	0.0000	0.0000	0.0000	0.0000	0.0000	0.0000	0.0000	0.0000	0.0000	0.0000	0.0000	-0.0000	0.0000	0.0006	2.8187	3.0000	0.0347	0.0000	0.0000	0.0000	0.0000	0.0000	0.0000	0.0000	0.0000	0.0000	0.0000	0.0000	0.0000	0.0000	0.0000	0.0000	0.0000	0.0000	0.0000	0.0001	0.0001	0.0000	0.0001	0.0001	0.0000	0.0000	0.0000	0.0000	0.0136	0.0080	0.0056	0.0058	0.0052	0.0007	0.0077	0.0028	0.0049	inf	inf	0.0000	inf	inf	0.0000	0.0000	0.0000	0.0000	0.0000	0.0000	0.0000	0.0000	0.0000	0.0000	0.0000	0.0000	0.0000						
32	44	0.6270	7	0	1	0	0	0	0	0	0	N	N	N	N	N	N	N	N	N	N	N	N	inf	inf	inf	inf	0.0001	0.0001	0.0000	0.0001	0.0001	0.0000	0.0000	0.0000	0.0000	0.0000	0.0000	0.0000	0.0000	0.0000	0.0000	0.0000	0.0000	0.0000	0.0000	-0.0000	0.0000	0.0006	0.9605	3.0000	1.0076	0.0000	0.0000	0.0000	0.0000	0.0000	0.0000	0.0000	0.0000	0.0000	0.0000	0.0000	0.0000	0.0000	0.0000	0.0000	0.0000	0.0000	0.0000	0.0001	0.0001	0.0000	0.0000	0.0000	0.0000	0.0000	0.0000	0.0000	0.0088	0.0054	0.0034	0.0044	0.0039	0.0006	0.0043	0.0015	0.0028	inf	inf	0.0000	inf	inf	0.0000	0.0000	0.0000	0.0000	0.0000	0.0000	0.0000	0.0000	0.0000	0.0000	0.0000	0.0000	0.0000						
32	45	0.0701	4	0	2	1	1	0	0	0	0	N	Y	N	N	N	N	N	N	N	N	N	N	0.0000	0.0000	0.0000	0.0000	0.0000	0.0000	0.0000	0.0000	0.0000	0.0000	0.0000	0.0000	0.0000	0.0000	0.0000	0.0000	0.0000	0.0000	0.0000	0.0000	0.0006	1.0000	3.0000	1.0000	0.0000	0.0000	0.0000	0.0000	0.0000	0.0000	0.0000	0.0000	0.0000	0.0000	0.0000	0.0000	0.0000	0.0000	0.0000	0.0000	0.0000	0.0000	0.0000	0.0000	0.0000	0.0000	0.0000	0.0000	0.0000	0.0000	0.0000	0.0216	0.0117	0.0098	0.0004	0.0004	0.0000	0.0212	0.0114	0.0098	0.0000	0.0000	0.0000	0.0000	0.0000	0.0000	0.0000	0.0000	0.0000	0.0000	0.0000	0.0000	0.0000	0.0000	0.0000	0.0000	0.0000	0.0000											
32	46	0.5730	4	0	2	0	0	0	0	0	0	N	Y	N	N	N	N	N	N	N	N	N	N	0.0000	0.0000	0.0000	0.0000	0.0000	0.0000	0.0000	0.0000	0.0000	0.0000	0.0000	0.0000	0.0000	0.0000	0.0000	0.0000	0.0000	0.0000	0.0000	0.0000	0.0006	0.0000	3.0000	0.0000	0.0000	0.0000	0.0000	0.0000	0.0000	0.0000	0.0000	0.0000	0.0000	0.0000	0.0000	0.0000	0.0000	0.0000	0.0000	0.0000	0.0000	0.0000	0.0000	0.0000	0.0000	0.0000	0.0000	0.0000	0.0000	0.0000	0.0000	0.0000	0.0000	0.0000	0.0000	0.0000	0.0000	0.0000	0.0000	0.0000	0.0000	0.0000	0.0000	0.0000	0.0000	0.0000	0.0000	0.0000	0.0000	0.0000	0.0000	0.0000	0.0000	0.0000	0.0000	0.0000	0.0000	0.0000											
32	47	0.6270	7	0	2	0	1	0	0	0	0	N	Y	N	N	N	N	N	N	N	N	N	N	0.0000	0.0000	0.0000	0.0000	0.0000	0.0000	0.0000	0.0000	0.0000	0.0000	0.0000	0.0000	0.0000	0.0000	0.0000	0.0000	0.0000	0.0000	0.0000	0.0000	0.0006	0.0000	3.0000	1.0000	0.0000	0.0000	0.0000	0.0000	0.0000	0.0000	0.0000	0.0000	0.0000	0.0000	0.0000	0.0000	0.0000	0.0000	0.0000	0.0000	0.0000	0.0000	0.0000	0.0000	0.0000	0.0000	0.0000	0.0000	0.0000	0.0000	0.0000	0.0047	0.0030	0.0018	0.0024	0.0021	0.0003	0.0023	0.0009	0.0015	0.0000	0.0000	0.0000	0.0000	0.0000	0.0000	0.0000	0.0000	0.0000	0.0000	0.0000	0.0000	0.0000	0.0000	0.0000	0.0000	0.0000	0.0000											
32	48	0.5730	4	1	2	0	0	0	0	0	0	N	Y	N	N	N	N	N	N	N	N	N	N	0.0000	0.0000	0.0000	0.0000	0.0000	0.0000	0.0000	0.0000	0.0000	0.0000	0.0000	0.0000	0.0000	0.0000	0.0000	0.0000	0.0000	0.0000	0.0000	0.0000	0.0006	0.0000	3.0000	4.0000	0.0000	0.0000	0.0000	0.0000	0.0000	0.0000	0.0000	0.0000	0.0000	0.0000	0.0000	0.0000	0.0000	0.0000	0.0000	0.0000	0.0000	0.0000	0.0000	0.0000	0.0000	0.0000	0.0000	0.0000	0.0000	0.0000	0.0000	0.0118	0.0058	0.0060	0.0037	0.0032	0.0006	0.0080	0.0026	0.0054	0.0000	0.0000	0.0000	0.0000	0.0000	0.0000	0.0000	0.0000	0.0000	0.0000	0.0000	0.0000	0.0000	0.0000	0.0000	0.0000	0.0000	0.0000											
32	49	0.6478	8	0	1	1	0	0	0	0	0	N	N	N	N	N	N	N	N	N	N	N	N	0.0000	0.0000	0.0000	0.0000	0.0000	0.0000	0.0000	0.0000	0.0000	0.0000	0.0000	0.0000	0.0000	0.0000	0.0000	0.0000	0.0000	0.0000	0.0000	0.0000	0.0006	0.0000	3.0000	0.0000	0.0000	0.0000	0.0000	0.0000	0.0000	0.0000	0.0000	0.0000	0.0000	0.0000	0.0000	0.0000	0.0000	0.0000	0.0000	0.0000	0.0000	0.0000	0.0000	0.0000	0.0000	0.0000	0.0000	0.0000	0.0000	0.0000	0.0000	0.0000	0.0000	0.0000	0.0000	0.0000	0.0000	0.0000	0.0000	0.0000	0.0000	0.0000	0.0000	0.0000	0.0000	0.0000	0.0000	0.0000	0.0000	0.0000	0.0000	0.0000	0.0000	0.0000	0.0000	0.0000	0.0000	0.0000											
32	50	0.0792	3	0	1	1	0	0	0	0	0	N	N	N	N	N	N	N	N	N	N	N	N	0.0000	0.0000	0.0000	0.0000	0.0000	0.0000	0.0000	0.0000	0.0000	0.0000	0.0000	0.0000	0.0000	0.0000	0.0000	0.0000	0.0000	0.0000	0.0000	0.0000	0.0006	1.0000	3.0000	1.0000	0.0000	0.0000	0.0000	0.0000	0.0000	0.0000	0.0000	0.0000	0.0000	0.0000	0.0000	0.0000	0.0000	0.0000	0.0000	0.0000	0.0000	0.0000	0.0000	0.0000	0.0000	0.0000	0.0000	0.0000	0.0000	0.0000	0.0000	0.0171	0.0087	0.0084	0.0008	0.0007	0.0001	0.0164	0.0080	0.0084	0.0000	0.0000	0.0000	0.0000	0.0000	0.0000	0.0000	0.0000	0.0000	0.0000	0.0000	0.0000	0.0000	0.0000	0.0000	0.0000	0.0000	0.0000											
32	51	0.0837	3	0	2	0	0	0	0	0	0	N	Y	N	N	N	N	N	N	N	N	N	N	0.0000	0.0000	0.0000	0.0000	0.0000	0.0000	0.0000	0.0000	0.0000	0.0000	0.0000	0.0000	0.0000	0.0000	0.0000	0.0000	0.0000	0.0000	0.0000	0.0000	0.0006	0.0003	3.0000	0.9690	0.0000	0.0000	0.0000	0.0000	0.0000	0.0000	0.0000	0.0000	0.0000	0.0000	0.0000	0.0000	0.0000	0.0000	0.0000	0.0000	0.0000	0.0000	0.0000	0.0000	0.0000	0.0000	0.0000	0.0000	0.0000	0.0000	0.0000	0.0167	0.0118	0.0049	0.0067	0.0058	0.0010	0.0100	0.0061	0.0039	0.0000	0.0000	0.0000	0.0000	0.0000	0.0000	0.0000	0.0000	0.0000	0.0000	0.0000	0.0000	0.0000	0.0000	0.0000	0.0000	0.0000	0.0000											
32	52	0.6511	8	0	2	0	0	0	0	0	0	N	Y	N	N	N	N	N	N	N	N	N	N	0.0000	0.0000	0.0000	0.0000	0.0000	0.0000	0.0000	0.0000	0.0000	0.0000	0.0000	0.0000	0.0000	0.0000	0.0000	0.0000	0.0000	0.0000	0.0000	0.0000	0.0006	0.9211	3.0000	0.1671	0.0000	0.0000	0.0000	0.0000	0.0000	0.0000	0.0000	0.0000	0.0000	0.0000	0.0000	0.0000	0.0000	0.0000	0.0000	0.0000	0.0000	0.0000	0.0000	0.0000	0.0000	0.0000	0.0000	0.0000	0.0000	0.0000	0.0000	0.0105	0.0076	0.0030	0.0063	0.0055	0.0007	0.0043	0.0020	0.0023	0.0000	0.0000	0.0000	0.0000	0.0000	0.0000	0.0000	0.0000	0.0000	0.0000	0.0000	0.0000	0.0000	0.0000	0.0000	0.0000	0.0000	0.0000											
32	53	0.0701	4	0	2	0	0	0	0	0	0	N	Y	N	N	N	N	N	N	N	N	N	N	0.0000	0.0000	0.0000	0.0000	0.0000	0.0000	0.0000	0.0000	0.0000	0.0000	0.0000	0.0000	0.0000	0.0000	0.0000	0.0000	0.0000	0.0000	0.0000	0.0000	0.0006	1.0000	3.0000	5.0000	0.0000	0.0000	0.0000	0.0000	0.0000	0.0000	0.0000	0.0000	0.0000	0.0000	0.0000	0.0000	0.0000	0.0000	0.0000	0.0000	0.0000	0.0000	0.0000	0.0000	0.0000	0.0000	0.0000	0.0000	0.0000	0.0000	0.0000	0.0591	0.0319	0.0272	0.0010	0.0010	0.0000	0.0580	0.0309	0.0272	0.0000	0.0000	0.0000	0.0000	0.0000	0.0000	0.0000	0.0000	0.0000	0.0000	0.0000	0.0000	0.0000	0.0000	0.0000	0.0000	0.0000	0.0000											
32	54	0.0549	3	0	1	0	0	0	0	0	0	N	N	N	N	N	N	N	N	N	N	N	N	0.0000	0.0000	0.0000	0.0000	0.0000	0.0000	0.0000	0.0000	0.0000	0.0000	0.0000	0.0000	0.0000	0.0000	0.0000	0.0000	0.0000	0.0000	0.0000	0.0000	0.0006	0.0000	3.0000	2.9157	0.0000	0.0000	0.0000	0.0000	0.0000	0.0000	0.0000	0.0000	0.0000	0.0000	0.0000	0.0000	0.0000	0.0000	0.0000	0.0000	0.0000	0.0000	0.0000	0.0000	0.0000	0.0000	0.0000	0.0000	0.0000	0.0000	0.0000	0.0353	0.0190	0.0163	0.0028	0.0028	0.0000	0.0326	0.0162	0.0163	0.0000	0.0000	0.0000	0.0000	0.0000	0.0000	0.0000	0.0000	0.0000	0.0000	0.0000	0.0000	0.0000	0.0000	0.0000	0.0000	0.0000	0.0000											
32	55	0.6270	7	0	2	0	0	0	0	0	0	N	Y	N	N	N	N	N	N	N	N	N	N	0.0000	0.0000	0.0000	0.0000	0.0000	0.0000	0.0000	0.0000	0.0000	0.0000	0.0000	0.0000	0.0000	0.0000	0.0000	0.0000	0.0000	0.0000	0.0000	0.0000	0.0006	2.0000	3.0000	3.0000	0.0000	0.0000	0.0000	0.0000	0.0000	0.0000	0.0000	0.0000	0.0000	0.0000	0.0000	0.0000	0.0000	0.0000	0.0000	0.0000	0.0000	0.0000	0.0001	0.0001	0.0000	0.0001	0.0001	0.0000	0.0000	0.0000	0.0000	0.0210	0.0128	0.0082	0.0106	0.0092	0.0014	0.0103	0.0036	0.0068	0.0000	0.0000	0.0000	0.0000	0.0000	0.0000	0.0000	0.0000	0.0000	0.0000	0.0000	0.0000	0.0000	0.0000	0.0000	0.0000	0.0000	0.0000											
32	56	0.0471	2	0	2	0	1	0	0	0	0	N	Y	N	N	N	N	N	N	N	N	N	N	0.0000	0.0000	0.0000	0.0000	0.0000	0.0000	0.0000	0.0000	0.0000	0.0000	0.0000	0.0000	0.0000	0.0000	0.0000	0.0000	0.0000	0.0000	0.0000	0.0000	0.0006	1.7218	3.0000	6.9557	0.0000	0.0000	0.0000	0.0000	0.0000	0.0000	0.0000	0.0000	0.0000	0.0000	0.0000	0.0000	0.0000	0.0000	0.0000	0.0000	0.0000	0.0000	0.0001	0.0001	0.0000	0.0000	0.0000	0.0000	0.0001	0.0001	0.0000	0.0830	0.0447	0.0383	0.0023	0.0023	0.0000	0.0807	0.0424	0.0383	0.0000	0.0000	0.0000	0.0000	0.0000	0.0000	0.0000	0.0000	0.0000	0.0000	0.0000	0.0000	0.0000	0.0000	0.0000	0.0000	0.0000	0.0000											
32	57	0.0582	2	1	1	1	0	0	0	0	0	N	N	N	N	N	N	N	N	N	N	N	N	0.0000	0.0000	0.0000	0.0000	0.0000	0.0000	0.0000	0.0000	0.0000	0.0000	0.0000	0.0000	0.0000	0.0000	0.0000	0.0000	0.0000	0.0000	0.0000	0.0000	0.0006	8.9999	3.0000	5.0001	0.0000	0.0000	0.0000	0.0000	0.0000	0.0000	0.0000	0.0000	0.0000	0.0000	0.0000	0.0000	0.0000	0.0000	0.0000	0.0000	0.0000	0.0000	0.0004	0.0003	0.0000	0.0002	0.0002	0.0000	0.0001	0.0001	0.0000	0.0703	0.0294	0.0409	0.0006	0.0006	0.0000	0.0697	0.0288	0.0409	0.0000	0.0000	0.0000	0.0000	0.0000	0.0000	0.0000	0.0000	0.0000	0.0000	0.0000	0.0000	0.0000	0.0000	0.0000	0.0000	0.0000	0.0000											
32	58	0.5730	4	1	1	1	0	0	0	0	0	N	N	N	N	N	N	N	N	N	N	N	N	0.0000	0.0000	0.0000	0.0000	0.0000	0.0000	0.0000	0.0000	0.0000	0.0000	0.0000	0.0000	0.0000	0.0000	0.0000	0.0000	0.0000	0.0000	0.0000	0.0000	0.0006	0.0000	3.0000	1.0000	0.0000	0.0000	0.0000	0.0000	0.0000	0.0000	0.0000	0.0000	0.0000	0.0000	0.0000	0.0000	0.0000	0.0000	0.0000	0.0000	0.0000	0.0000	0.0000	0.0000	0.0000	0.0000	0.0000	0.0000	0.0000	0.0000	0.0000	0.0031	0.0015	0.0016	0.0010	0.0008	0.0001	0.0021	0.0007	0.0014	0.0000	0.0000	0.0000	0.0000	0.0000	0.0000	0.0000	0.0000	0.0000	0.0000	0.0000	0.0000	0.0000	0.0000	0.0000	0.0000	0.0000	0.0000											
32	59	0.0837	3	0	1	1	0	0	0	0	0	N	N	N	N	N	N	N	N	N	N	N	N	0.0000	0.0000	0.0000	0.0000	0.0000	0.0000	0.0000	0.0000	0.0000	0.0000	0.0000	0.0000	0.0000	0.3371	0.4915	0.0000	0.2982	0.3410	0.0000	0.0000	0.0000	0.0000	0.0000	0.0000	-0.0001	0.0006	0.0006	3.0000	1.1867	0.0000	0.0000	0.0000	0.0000	0.0000	0.0000	0.0000	0.0000	0.0000	0.0001	0.0001	0.0000	0.0001	0.0001	0.0000	0.0000	0.0000	0.0000	0.0000	0.0000	0.0000	0.0000	0.0000	0.0000	0.0000	0.0000	0.0000	0.0192	0.0133	0.0059	0.0076	0.0064	0.0012	0.0116	0.0069	0.0047	0.0000	0.0000	0.0000	0.0000	0.0000	0.0000	0.0000	0.0000	0.0000	0.0073	0.0105	0.0000	0.0184	0.0219	0.0000	0.0000	0.0000	0.0000						
32	60	0.0471	2	0	1	0	0	0	0	0	0	N	N	N	N	N	N	N	N	N	N	N	N	0.0000	0.0000	0.0000	0.0000	0.0000	0.0000	0.0000	0.0000	0.0000	0.0000	0.0000	0.0000	0.0000	0.0000	0.0000	0.0221	0.0092	0.0025	0.0000	0.0000	0.0000	0.0104	0.0328	0.0025	1.3333	0.0000	0.0000	0.0006	2.2785	3.0000	4.8627	0.0000	0.0000	0.0000	0.0000	0.0000	0.0000	0.0000	0.0000	0.0000	0.0001	0.0001	0.0001	0.0000	0.0000	0.0000	0.0001	0.0001	0.0001	0.0001	0.0001	0.0000	0.0000	0.0000	0.0000	0.0001	0.0001	0.0000	0.0709	0.0383	0.0326	0.0021	0.0021	0.0000	0.0688	0.0362	0.0326	0.0000	0.0000	0.0000	0.0000	0.0000	0.0000	0.0000	0.0000	0.0000	0.0020	0.0016	0.0025	0.0000	0.0000	0.0000	0.0020	0.0017	0.0025				
32	61	0.6511	8	0	1	1	0	0	0	0	0	N	N	N	N	N	N	N	N	N	N	N	N	0.0000	0.0000	0.0000	0.0000	0.0000	0.0000	0.0000	0.0000	0.0000	0.0000	0.0000	0.0000	0.0000	0.0000	0.0000	0.0000	0.0000	0.0000	0.0000	0.0000	0.0006	1.0901	3.0000	7.9319	0.0000	0.0000	0.0000	0.0000	0.0000	0.0000	0.0000	0.0000	0.0000	0.0000	0.0000	0.0000	0.0000	0.0000	0.0000	0.0000	0.0000	0.0000	0.0001	0.0001	0.0000	0.0000	0.0000	0.0000	0.0000	0.0000	0.0000	0.0439	0.0269	0.0170	0.0215	0.0186	0.0028	0.0224	0.0082	0.0142	0.0000	0.0000	0.0000	0.0000	0.0000	0.0000	0.0000	0.0000	0.0000	0.0000	0.0000	0.0000	0.0000	0.0000	0.0000	0.0000	0.0000	0.0000											
32	62	0.6210	7	0	1	0	0	0	0	0	0	N	N	N	N	N	N	N	N	N	N	N	N	0.0000	0.0000	0.0000	0.0000	0.0000	0.0000	0.0000	0.0000	0.0000	0.0000	0.0000	0.0000	0.0000	0.0000	0.0000	0.0000	0.0000	0.0000	0.0000	0.0000	0.0006	1.6797	3.0000	2.9843	0.0000	0.0000	0.0000	0.0000	0.0000	0.0000	0.0000	0.0000	0.0000	0.0000	0.0000	0.0000	0.0000	0.0000	0.0000	0.0000	0.0000	0.0000	0.0001	0.0001	0.0000	0.0001	0.0000	0.0000	0.0000	0.0000	0.0000	0.0200	0.0123	0.0078	0.0099	0.0086	0.0013	0.0101	0.0036	0.0065	0.0000	0.0000	0.0000	0.0000	0.0000	0.0000	0.0000	0.0000	0.0000	0.0000	0.0000	0.0000	0.0000	0.0000	0.0000	0.0000	0.0000	0.0000											
32	63	0.6108	6	0	1	0	0	0	0	0	0	N	N	N	N	N	N	N	N	N	N	N	N	0.0000	0.0000	0.0000	0.0000	0.0000	0.0000	0.0000	0.0000	0.0000	0.0000	0.0000	0.0000	0.0000	0.0000	0.0000	0.0000	0.0000	0.0000	0.0000	0.0000	0.0006	0.4935	3.0000	1.5835	0.0000	0.0000	0.0000	0.0000	0.0000	0.0000	0.0000	0.0000	0.0000	0.0000	0.0000	0.0000	0.0000	0.0000	0.0000	0.0000	0.0000	0.0000	0.0000	0.0000	0.0000	0.0000	0.0000	0.0000	0.0000	0.0000	0.0000	0.0089	0.0054	0.0035	0.0045	0.0039	0.0006	0.0044	0.0015	0.0029	0.0000	0.0000	0.0000	0.0000	0.0000	0.0000	0.0000	0.0000	0.0000	0.0000	0.0000	0.0000	0.0000	0.0000	0.0000	0.0000	0.0000	0.0000											
32	64	0.6478	8	0	2	0	0	0	0	0	0	N	Y	N	N	N	N	N	N	N	N	N	N	0.0000	0.0000	0.0000	0.0000	0.0000	0.0000	0.0000	0.0000	0.0000	0.0000	0.0000	0.0000	0.0000	0.0000	0.0000	0.0000	0.0000	0.0000	0.0000	0.0000	0.0006	0.2944	3.0000	1.0083	0.0000	0.0000	0.0000	0.0000	0.0000	0.0000	0.0000	0.0000	0.0000	0.0000	0.0000	0.0000	0.0000	0.0000	0.0000	0.0000	0.0000	0.0000	0.0000	0.0000	0.0000	0.0000	0.0000	0.0000	0.0000	0.0000	0.0000	0.0055	0.0034	0.0021	0.0029	0.0025	0.0004	0.0026	0.0009	0.0017	0.0000	0.0000	0.0000	0.0000	0.0000	0.0000	0.0000	0.0000	0.0000	0.0000	0.0000	0.0000	0.0000	0.0000	0.0000	0.0000	0.0000	0.0000											
32	65	0.6270	7	0	1	0	0	0	0	0	0	N	N	N	N	N	N	N	N	N	N	N	N	0.0000	0.0000	0.0000	0.0000	0.0000	0.0000	0.0000	0.0000	0.0000	0.0000	0.0000	0.0000	0.0000	0.0000	0.0000	0.0000	0.0000	0.0000	0.0000	0.0000	0.0006	1.1351	3.0000	2.0429	0.0000	0.0000	0.0000	0.0000	0.0000	0.0000	0.0000	0.0000	0.0000	0.0000	0.0000	0.0000	0.0000	0.0000	0.0000	0.0000	0.0000	0.0000	0.0001	0.0001	0.0000	0.0000	0.0000	0.0000	0.0000	0.0000	0.0000	0.0137	0.0084	0.0053	0.0070	0.0060	0.0009	0.0068	0.0024	0.0044	0.0000	0.0000	0.0000	0.0000	0.0000	0.0000	0.0000	0.0000	0.0000	0.0000	0.0000	0.0000	0.0000	0.0000	0.0000	0.0000	0.0000	0.0000											
32	66	0.6108	6	0	1	0	0	0	0	0	0	N	N	N	N	N	N	N	N	N	N	N	N	0.0000	0.0000	0.0000	0.0000	0.0000	0.0000	0.0000	0.0000	0.0000	0.0000	0.0000	0.0000	0.0000	0.0000	0.0000	0.0000	0.0000	0.0000	0.0000	0.0000	0.0006	0.4912	3.0000	2.4266	0.0000	0.0000	0.0000	0.0000	0.0000	0.0000	0.0000	0.0000	0.0000	0.0000	0.0000	0.0000	0.0000	0.0000	0.0000	0.0000	0.0000	0.0000	0.0000	0.0000	0.0000	0.0000	0.0000	0.0000	0.0000	0.0000	0.0000	0.0124	0.0075	0.0048	0.0063	0.0055	0.0008	0.0061	0.0021	0.0040	0.0000	0.0000	0.0000	0.0000	0.0000	0.0000	0.0000	0.0000	0.0000	0.0000	0.0000	0.0000	0.0000	0.0000	0.0000	0.0000	0.0000	0.0000											
32	67	0.6057	5	0	1	0	0	0	0	0	0	N	N	N	N	N	N	N	N	N	N	N	N	0.0000	0.0000	0.0000	0.0000	0.0000	0.0000	0.0000	0.0000	0.0000	0.0000	0.0000	0.0000	0.0000	0.0000	0.0000	0.0000	0.0000	0.0000	0.0000	0.0000	0.0006	0.6141	3.0000	1.2701	0.0000	0.0000	0.0000	0.0000	0.0000	0.0000	0.0000	0.0000	0.0000	0.0000	0.0000	0.0000	0.0000	0.0000	0.0000	0.0000	0.0000	0.0000	0.0000	0.0000	0.0000	0.0000	0.0000	0.0000	0.0000	0.0000	0.0000	0.0084	0.0052	0.0033	0.0043	0.0038	0.0005	0.0041	0.0014	0.0027	0.0000	0.0000	0.0000	0.0000	0.0000	0.0000	0.0000	0.0000	0.0000	0.0000	0.0000	0.0000	0.0000	0.0000	0.0000	0.0000	0.0000	0.0000											
32	68	0.5730	4	1	2	1	0	0	0	0	0	N	Y	N	N	N	N	N	N	N	N	N	N	0.0000	0.0000	0.0000	0.0000	0.0000	0.0000	0.0000	0.0000	0.0000	0.0000	0.0000	0.0000	0.0000	0.0000	0.0000	0.0000	0.0000	0.0000	0.0000	0.0000	0.0006	0.0000	3.0000	0.0000	0.0000	0.0000	0.0000	0.0000	0.0000	0.0000	0.0000	0.0000	0.0000	0.0000	0.0000	0.0000	0.0000	0.0000	0.0000	0.0000	0.0000	0.0000	0.0000	0.0000	0.0000	0.0000	0.0000	0.0000	0.0000	0.0000	0.0000	0.0000	0.0000	0.0000	0.0000	0.0000	0.0000	0.0000	0.0000	0.0000	0.0000	0.0000	0.0000	0.0000	0.0000	0.0000	0.0000	0.0000	0.0000	0.0000	0.0000	0.0000	0.0000	0.0000	0.0000	0.0000	0.0000	0.0000											
32	69	0.1035	4	1	2	1	0	0	0	0	0	N	Y	N	N	N	N	N	N	N	N	N	N	0.0000	0.0000	0.0000	0.0000	0.0000	0.0000	0.0000	0.0000	0.0000	0.0000	0.0000	0.0000	0.0000	0.0000	0.0000	0.0000	0.0000	0.0000	0.0000	0.0000	0.0006	1.0000	3.0000	0.0000	0.0000	0.0000	0.0000	0.0000	0.0000	0.0000	0.0000	0.0000	0.0000	0.0000	0.0000	0.0000	0.0000	0.0000	0.0000	0.0000	0.0000	0.0000	0.0001	0.0001	0.0000	0.0001	0.0001	0.0000	0.0000	0.0000	0.0000	0.0055	0.0021	0.0034	0.0001	0.0001	0.0000	0.0053	0.0019	0.0034	0.0000	0.0000	0.0000	0.0000	0.0000	0.0000	0.0000	0.0000	0.0000	0.0000	0.0000	0.0000	0.0000	0.0000	0.0000	0.0000	0.0000	0.0000											
32	70	0.1035	4	1	2	1	0	0	0	0	0	N	Y	N	N	N	N	N	N	N	N	N	N	0.0000	0.0000	0.0000	0.0000	0.0000	0.0000	0.0000	0.0000	0.0000	0.0000	0.0000	0.0000	0.0000	0.0000	0.0000	0.0000	0.0000	0.0000	0.0000	0.0000	0.0006	0.0000	3.0000	0.0000	0.0000	0.0000	0.0000	0.0000	0.0000	0.0000	0.0000	0.0000	0.0000	0.0000	0.0000	0.0000	0.0000	0.0000	0.0000	0.0000	0.0000	0.0000	0.0000	0.0000	0.0000	0.0000	0.0000	0.0000	0.0000	0.0000	0.0000	0.0000	0.0000	0.0000	0.0000	0.0000	0.0000	0.0000	0.0000	0.0000	0.0000	0.0000	0.0000	0.0000	0.0000	0.0000	0.0000	0.0000	0.0000	0.0000	0.0000	0.0000	0.0000	0.0000	0.0000	0.0000	0.0000	0.0000											
32	71	0.0811	3	1	2	1	0	0	0	0	0	N	Y	N	N	N	N	N	N	N	N	N	N	0.0000	0.0000	0.0000	0.0000	0.0000	0.0000	0.0000	0.0000	0.0000	0.0000	0.0000	0.0000	0.0000	0.0000	0.0000	0.0000	0.0000	0.0000	0.0000	0.0000	0.0006	2.0000	3.0000	1.0000	0.0000	0.0000	0.0000	0.0000	0.0000	0.0000	0.0000	0.0000	0.0000	0.0000	0.0000	0.0000	0.0000	0.0000	0.0000	0.0000	0.0000	0.0000	0.0002	0.0001	0.0000	0.0001	0.0001	0.0000	0.0000	0.0000	0.0000	0.0172	0.0067	0.0105	0.0003	0.0003	0.0000	0.0168	0.0064	0.0105	0.0000	0.0000	0.0000	0.0000	0.0000	0.0000	0.0000	0.0000	0.0000	0.0000	0.0000	0.0000	0.0000	0.0000	0.0000	0.0000	0.0000	0.0000											
32	72	0.0582	2	1	1	1	0	0	0	0	0	N	N	N	N	N	N	N	N	N	N	N	N	0.0000	0.0000	0.0000	0.0000	0.0000	0.0000	0.0000	0.0000	0.0000	0.0000	0.0000	0.0000	0.0000	0.0000	0.0000	0.0000	0.0000	0.0000	0.0000	0.0000	0.0006	1.0017	3.0000	2.0007	0.0000	0.0000	0.0000	0.0000	0.0000	0.0000	0.0000	0.0000	0.0000	0.0000	0.0000	0.0000	0.0000	0.0000	0.0000	0.0000	0.0000	0.0000	0.0001	0.0000	0.0000	0.0000	0.0000	0.0000	0.0000	0.0000	0.0000	0.0169	0.0069	0.0100	0.0001	0.0001	0.0000	0.0168	0.0068	0.0100	0.0000	0.0000	0.0000	0.0000	0.0000	0.0000	0.0000	0.0000	0.0000	0.0000	0.0000	0.0000	0.0000	0.0000	0.0000	0.0000	0.0000	0.0000											
32	73	0.5923	5	1	2	0	0	0	0	0	0	N	Y	N	N	N	N	N	N	N	N	N	N	0.0000	0.0000	0.0000	0.0000	0.0000	0.0000	0.0000	0.0000	0.0000	0.0000	0.0000	0.0000	0.0000	0.0000	0.0000	0.0000	0.0000	0.0000	0.0000	0.0000	0.0006	0.0000	3.0000	0.0000	0.0000	0.0000	0.0000	0.0000	0.0000	0.0000	0.0000	0.0000	0.0000	0.0000	0.0000	0.0000	0.0000	0.0000	0.0000	0.0000	0.0000	0.0000	0.0000	0.0000	0.0000	0.0000	0.0000	0.0000	0.0000	0.0000	0.0000	0.0000	0.0000	0.0000	0.0000	0.0000	0.0000	0.0000	0.0000	0.0000	0.0000	0.0000	0.0000	0.0000	0.0000	0.0000	0.0000	0.0000	0.0000	0.0000	0.0000	0.0000	0.0000	0.0000	0.0000	0.0000	0.0000	0.0000											
32	74	0.0852	3	1	2	0	0	0	0	0	0	N	Y	N	N	N	N	N	N	N	N	N	N	0.0000	0.0000	0.0000	0.0000	0.0000	0.0000	0.0000	0.0000	0.0000	0.0000	0.0000	0.0000	0.0000	0.0000	0.0000	0.0000	0.0000	0.0000	0.0000	0.0000	0.0006	0.0000	3.0000	0.0010	0.0000	0.0000	0.0000	0.0000	0.0000	0.0000	0.0000	0.0000	0.0000	0.0000	0.0000	0.0000	0.0000	0.0000	0.0000	0.0000	0.0000	0.0000	0.0000	0.0000	0.0000	0.0000	0.0000	0.0000	0.0000	0.0000	0.0000	0.0024	0.0019	0.0005	0.0012	0.0012	0.0000	0.0012	0.0007	0.0005	0.0000	0.0000	0.0000	0.0000	0.0000	0.0000	0.0000	0.0000	0.0000	0.0000	0.0000	0.0000	0.0000	0.0000	0.0000	0.0000	0.0000	0.0000											
32	75	0.0743	5	0	2	0	1	0	0	0	0	N	Y	N	N	N	N	N	N	N	N	N	N	0.0000	0.0000	0.0000	0.0000	0.0000	0.0000	0.0000	0.0000	0.0000	0.0000	0.0000	0.0000	0.0000	0.0000	0.0000	0.0000	0.0000	0.0000	0.0000	0.0000	0.0006	0.0000	3.0000	0.0000	0.0000	0.0000	0.0000	0.0000	0.0000	0.0000	0.0000	0.0000	0.0000	0.0000	0.0000	0.0000	0.0000	0.0000	0.0000	0.0000	0.0000	0.0000	0.0000	0.0000	0.0000	0.0000	0.0000	0.0000	0.0000	0.0000	0.0000	0.0000	0.0000	0.0000	0.0000	0.0000	0.0000	0.0000	0.0000	0.0000	0.0000	0.0000	0.0000	0.0000	0.0000	0.0000	0.0000	0.0000	0.0000	0.0000	0.0000	0.0000	0.0000	0.0000	0.0000	0.0000	0.0000	0.0000											
32	76	0.0743	5	0	1	0	1	0	0	0	0	N	N	N	N	N	N	N	N	N	N	N	N	0.0000	0.0000	0.0000	0.0000	0.0000	0.0000	0.0000	0.0000	0.0000	0.0000	0.0000	0.0000	0.0000	0.0000	0.0000	0.0000	0.0000	0.0000	0.0000	0.0000	0.0006	0.0000	3.0000	0.0000	0.0000	0.0000	0.0000	0.0000	0.0000	0.0000	0.0000	0.0000	0.0000	0.0000	0.0000	0.0000	0.0000	0.0000	0.0000	0.0000	0.0000	0.0000	0.0000	0.0000	0.0000	0.0000	0.0000	0.0000	0.0000	0.0000	0.0000	0.0000	0.0000	0.0000	0.0000	0.0000	0.0000	0.0000	0.0000	0.0000	0.0000	0.0000	0.0000	0.0000	0.0000	0.0000	0.0000	0.0000	0.0000	0.0000	0.0000	0.0000	0.0000	0.0000	0.0000	0.0000	0.0000	0.0000											
32	77	0.0590	4	0	1	0	1	0	0	0	0	N	N	N	N	N	N	N	N	N	N	N	N	0.0000	0.0000	0.0000	0.0000	0.0000	0.0000	0.0000	0.0000	0.0000	0.0000	0.0000	0.0000	0.0000	0.0045	0.0062	0.0000	0.0052	0.0051	0.0000	0.0000	0.0000	0.0000	0.0000	0.0000	-0.0000	0.0006	0.0002	3.0000	2.9297	0.0000	0.0000	0.0000	0.0000	0.0000	0.0000	0.0000	0.0000	0.0000	0.0000	0.0000	0.0000	0.0000	0.0000	0.0000	0.0000	0.0000	0.0000	0.0000	0.0000	0.0000	0.0000	0.0000	0.0000	0.0000	0.0000	0.0000	0.0529	0.0340	0.0189	0.0202	0.0177	0.0025	0.0327	0.0163	0.0164	0.0000	0.0000	0.0000	0.0000	0.0000	0.0000	0.0000	0.0000	0.0000	0.0008	0.0012	0.0000	0.0020	0.0023	0.0000	0.0000	0.0000	0.0000						
32	78	0.0549	3	0	1	0	1	0	0	0	0	N	N	N	N	N	N	N	N	N	N	N	N	0.0000	0.0000	0.0000	0.0000	0.0000	0.0000	0.0000	0.0000	0.0000	0.0000	0.0000	0.0000	0.0000	0.0000	0.0000	0.0128	0.0074	0.0015	0.0000	0.0000	0.0000	0.0060	0.0314	0.0015	1.0000	0.0000	-0.0000	0.0006	0.0003	3.0000	2.1916	0.0000	0.0000	0.0000	0.0000	0.0000	0.0000	0.0000	0.0000	0.0000	0.0000	0.0000	0.0000	0.0000	0.0000	0.0000	0.0000	0.0000	0.0000	0.0000	0.0000	0.0000	0.0000	0.0000	0.0000	0.0000	0.0000	0.0000	0.0281	0.0151	0.0130	0.0027	0.0027	0.0000	0.0255	0.0124	0.0130	0.0000	0.0000	0.0000	0.0000	0.0000	0.0000	0.0000	0.0000	0.0000	0.0014	0.0013	0.0015	0.0000	0.0000	0.0000	0.0016	0.0016	0.0015				
32	79	0.0471	2	0	1	0	0	0	0	0	0	N	N	N	N	N	N	N	N	N	N	N	N	0.0000	0.0000	0.0000	0.0000	0.0000	0.0000	0.0000	0.0000	0.0000	0.0000	0.0000	0.0000	0.0000	0.0000	0.0000	0.0000	0.0000	0.0000	0.0000	0.0000	0.0006	0.2782	3.0000	1.3600	0.0000	0.0000	0.0000	0.0000	0.0000	0.0000	0.0000	0.0000	0.0000	0.0000	0.0000	0.0000	0.0000	0.0000	0.0000	0.0000	0.0000	0.0000	0.0000	0.0000	0.0000	0.0000	0.0000	0.0000	0.0000	0.0000	0.0000	0.0202	0.0113	0.0089	0.0014	0.0014	0.0000	0.0188	0.0098	0.0089	0.0000	0.0000	0.0000	0.0000	0.0000	0.0000	0.0000	0.0000	0.0000	0.0000	0.0000	0.0000	0.0000	0.0000	0.0000	0.0000	0.0000	0.0000											
32	80	0.0907	4	0	2	1	0	0	0	0	0	N	Y	N	N	N	N	N	N	N	N	N	N	0.0000	0.0000	0.0000	0.0000	0.0000	0.0000	0.0000	0.0000	0.0000	0.0000	0.0000	0.0000	0.0000	0.0000	0.0000	0.0000	0.0000	0.0000	0.0000	0.0000	0.0006	0.0029	3.0000	2.0135	0.0000	0.0000	0.0000	0.0000	0.0000	0.0000	0.0000	0.0000	0.0000	0.0000	0.0000	0.0000	0.0000	0.0000	0.0000	0.0000	0.0000	0.0000	0.0000	0.0000	0.0000	0.0000	0.0000	0.0000	0.0000	0.0000	0.0000	0.0115	0.0050	0.0065	0.0005	0.0005	0.0000	0.0110	0.0045	0.0065	0.0000	0.0000	0.0000	0.0000	0.0000	0.0000	0.0000	0.0000	0.0000	0.0000	0.0000	0.0000	0.0000	0.0000	0.0000	0.0000	0.0000	0.0000											
32	81	0.0841	3	0	2	0	0	0	0	0	0	N	Y	N	N	N	N	N	N	N	N	N	N	0.0000	0.0000	0.0000	0.0000	0.0000	0.0000	0.0000	0.0000	0.0000	0.0000	0.0000	0.0000	0.0000	0.0000	0.0000	0.0000	1.9409	2.1481	4.2761	4.4411	4.4309	0.0000	1.8603	0.0000	1.2532	2.3782	0.0000	0.0009	0.0006	0.6188	3.0000	0.9475	0.0000	0.0000	0.0000	0.0000	0.0000	0.0000	0.0000	0.0000	0.0000	0.0050	0.0015	0.0036	0.0015	0.0015	0.0000	0.0036	0.0000	0.0036	0.0000	0.0000	0.0000	0.0000	0.0000	0.0000	0.0000	0.0000	0.0000	0.0102	0.0045	0.0057	0.0010	0.0009	0.0000	0.0093	0.0036	0.0057	0.0000	0.0000	0.0000	0.0000	0.0000	0.0000	0.0000	0.0000	0.0000	0.4934	0.3328	0.6190	1.5522	1.6009	0.0000	0.3834	0.0000	0.6222			
32	82	0.5954	5	0	2	1	0	0	0	0	0	N	Y	N	N	N	N	N	N	N	N	N	N	0.0000	0.0000	0.0000	0.0000	0.0000	0.0000	0.0000	0.0000	0.0000	0.0000	0.0000	0.0000	0.0000	0.0000	0.0000	0.0000	0.0000	0.0000	0.0000	0.0000	0.0006	0.0000	3.0000	1.0000	0.0000	0.0000	0.0000	0.0000	0.0000	0.0000	0.0000	0.0000	0.0000	0.0000	0.0000	0.0000	0.0000	0.0000	0.0000	0.0000	0.0000	0.0000	0.0000	0.0000	0.0000	0.0000	0.0000	0.0000	0.0000	0.0000	0.0000	0.0053	0.0030	0.0023	0.0023	0.0020	0.0003	0.0030	0.0010	0.0020	0.0000	0.0000	0.0000	0.0000	0.0000	0.0000	0.0000	0.0000	0.0000	0.0000	0.0000	0.0000	0.0000	0.0000	0.0000	0.0000	0.0000	0.0000											
32	83	0.0582	2	1	1	1	0	0	0	0	0	N	N	N	N	N	N	N	N	N	N	N	N	0.0000	0.0000	0.0000	0.0000	0.0000	0.0000	0.0000	0.0000	0.0000	0.0000	0.0000	0.0000	0.0000	0.0000	0.0000	0.0000	0.0000	0.0000	0.0000	0.0000	0.0006	9.0001	3.0000	3.0001	0.0000	0.0000	0.0000	0.0000	0.0000	0.0000	0.0000	0.0000	0.0000	0.0000	0.0000	0.0000	0.0000	0.0000	0.0000	0.0000	0.0000	0.0000	0.0004	0.0003	0.0000	0.0002	0.0002	0.0000	0.0001	0.0001	0.0000	0.0615	0.0256	0.0359	0.0005	0.0005	0.0000	0.0610	0.0251	0.0358	0.0000	0.0000	0.0000	0.0000	0.0000	0.0000	0.0000	0.0000	0.0000	0.0000	0.0000	0.0000	0.0000	0.0000	0.0000	0.0000	0.0000	0.0000											
32	84	0.5730	4	1	1	1	0	0	0	0	0	N	N	N	N	N	N	N	N	N	N	N	N	0.0000	0.0000	0.0000	0.0000	0.0000	0.0000	0.0000	0.0000	0.0000	0.0000	0.0000	0.0000	0.0000	0.0000	0.0000	0.0000	0.0000	0.0000	0.0000	0.0000	0.0006	4.0000	3.0000	0.0000	0.0000	0.0000	0.0000	0.0000	0.0000	0.0000	0.0000	0.0000	0.0000	0.0000	0.0000	0.0000	0.0000	0.0000	0.0000	0.0000	0.0000	0.0000	0.0001	0.0001	0.0000	0.0001	0.0001	0.0000	0.0000	0.0000	0.0000	0.0118	0.0058	0.0060	0.0037	0.0032	0.0006	0.0080	0.0026	0.0054	0.0000	0.0000	0.0000	0.0000	0.0000	0.0000	0.0000	0.0000	0.0000	0.0000	0.0000	0.0000	0.0000	0.0000	0.0000	0.0000	0.0000	0.0000											
32	85	0.6192	5	1	2	0	0	0	0	0	0	N	Y	N	N	N	N	N	N	N	N	N	N	0.1673	0.1208	0.2291	0.2775	0.0004	0.0005	0.0000	0.0007	0.0007	0.0000	0.0000	0.0000	0.0000	0.0026	0.0039	0.0000	0.0030	0.0026	0.0000	0.0000	0.0000	0.0000	0.0000	0.0000	-0.0000	-0.0000	0.0006	1.0086	3.0000	1.7435	0.0000	0.0000	0.0000	0.0000	0.0000	0.0000	0.0000	0.0000	0.0000	0.0000	0.0000	0.0000	0.0000	0.0000	0.0000	0.0000	0.0000	0.0000	0.0000	0.0000	0.0000	0.0000	0.0000	0.0000	0.0000	0.0000	0.0000	0.0179	0.0112	0.0067	0.0088	0.0079	0.0009	0.0091	0.0033	0.0058	0.7727	0.5281	0.0000	0.6126	0.5721	0.0000	0.0000	0.0000	0.0000	0.0006	0.0009	0.0000	0.0011	0.0013	0.0000	0.0000	0.0000	0.0000					
32	86	0.5730	4	1	2	0	0	0	0	0	0	N	Y	N	N	N	N	N	N	N	N	N	N	inf	inf	inf	inf	1.7977	1.9665	0.0000	2.6671	2.8136	0.0000	0.0000	0.0000	0.0000	0.0000	0.0000	0.0000	0.0000	0.0000	0.0000	0.0000	0.0000	0.0000	0.0000	-0.0000	0.0000	0.0006	1.0165	3.0000	4.1395	0.0001	0.0001	0.0000	0.0001	0.0001	0.0000	0.0000	0.0000	0.0000	0.0000	0.0000	0.0000	0.0000	0.0000	0.0000	0.0000	0.0000	0.0000	0.0000	0.0000	0.0000	0.0000	0.0000	0.0000	0.0000	0.0000	0.0000	0.0150	0.0074	0.0076	0.0048	0.0041	0.0007	0.0102	0.0033	0.0069	inf	inf	0.0000	inf	inf	0.0000	0.0000	0.0000	0.0000	0.0000	0.0000	0.0000	0.0000	0.0000	0.0000	0.0000	0.0000	0.0000						
32	88	0.5954	5	0	2	0	0	0	0	0	0	N	Y	N	N	N	N	N	N	N	N	N	N	0.0000	0.0000	0.0000	0.0000	0.0000	0.0000	0.0000	0.0000	0.0000	0.0000	0.0000	0.0000	0.0000	0.0000	0.0000	0.0000	0.0000	0.0000	0.0000	0.0000	0.0006	0.0000	3.0000	0.0000	0.0000	0.0000	0.0000	0.0000	0.0000	0.0000	0.0000	0.0000	0.0000	0.0000	0.0000	0.0000	0.0000	0.0000	0.0000	0.0000	0.0000	0.0000	0.0000	0.0000	0.0000	0.0000	0.0000	0.0000	0.0000	0.0000	0.0000	0.0000	0.0000	0.0000	0.0000	0.0000	0.0000	0.0000	0.0000	0.0000	0.0000	0.0000	0.0000	0.0000	0.0000	0.0000	0.0000	0.0000	0.0000	0.0000	0.0000	0.0000	0.0000	0.0000	0.0000	0.0000	0.0000	0.0000											
32	89	0.0841	3	0	2	0	0	0	0	0	0	N	Y	N	N	N	N	N	N	N	N	N	N	0.0000	0.0000	0.0000	0.0000	0.0000	0.0000	0.0000	0.0000	0.0000	0.0000	0.0000	0.0000	0.0000	1.5213	0.0000	1.4803	0.0000	0.0000	0.0000	1.4353	0.0000	0.5701	inf	0.0000	0.0017	0.0006	1.9953	3.0000	1.0817	0.0000	0.0000	0.0000	0.0000	0.0000	0.0000	0.0000	0.0000	0.0000	0.0036	0.0000	0.0036	0.0000	0.0000	0.0000	0.0036	0.0000	0.0036	0.0001	0.0001	0.0000	0.0001	0.0001	0.0000	0.0000	0.0000	0.0000	0.0185	0.0080	0.0105	0.0012	0.0011	0.0001	0.0173	0.0069	0.0104	0.0000	0.0000	0.0000	0.0000	0.0000	0.0000	0.0000	0.0000	0.0000	0.1921	0.0000	0.3391	0.0000	0.0000	0.0000	0.2052	0.0000	0.3409						
32	90	0.0582	2	0	2	0	0	0	0	0	0	N	Y	N	N	N	N	N	N	N	N	N	N	0.0000	0.0000	0.0000	0.0000	0.0000	0.0000	0.0000	0.0000	0.0000	0.0000	0.0000	0.0000	0.0000	28.3655	0.0000	48.3383	0.0000	0.0000	0.0000	28.6023	0.0000	54.0194	inf	0.0000	0.4764	0.0006	2.3999	3.0000	4.0713	0.0000	0.0000	0.0000	0.0000	0.0000	0.0000	0.0000	0.0000	0.0000	0.9964	0.0000	0.9964	0.0000	0.0000	0.0000	0.9964	0.0000	0.9964	0.0001	0.0001	0.0000	0.0001	0.0001	0.0000	0.0000	0.0000	0.0000	0.0351	0.0145	0.0206	0.0003	0.0003	0.0000	0.0348	0.0142	0.0206	0.0000	0.0000	0.0000	0.0000	0.0000	0.0000	0.0000	0.0000	0.0000	28.3655	0.0000	48.3383	0.0000	0.0000	0.0000	28.6023	0.0000	48.3701						
32	91	0.0792	3	0	1	1	0	0	0	0	0	N	N	N	N	N	N	N	N	N	N	N	N	0.0000	0.0000	0.0000	0.0000	0.0000	0.0000	0.0000	0.0000	0.0000	0.0000	0.0000	0.0000	0.0000	0.0000	0.0000	0.0000	0.0000	0.0000	0.0000	0.0000	0.0006	0.0000	3.0000	0.0000	0.0000	0.0000	0.0000	0.0000	0.0000	0.0000	0.0000	0.0000	0.0000	0.0000	0.0000	0.0000	0.0000	0.0000	0.0000	0.0000	0.0000	0.0000	0.0000	0.0000	0.0000	0.0000	0.0000	0.0000	0.0000	0.0000	0.0000	0.0000	0.0000	0.0000	0.0000	0.0000	0.0000	0.0000	0.0000	0.0000	0.0000	0.0000	0.0000	0.0000	0.0000	0.0000	0.0000	0.0000	0.0000	0.0000	0.0000	0.0000	0.0000	0.0000	0.0000	0.0000	0.0000	0.0000											
32	92	0.0471	2	0	1	1	0	0	0	0	0	N	N	N	N	N	N	N	N	N	N	N	N	0.0000	0.0000	0.0000	0.0000	0.0000	0.0000	0.0000	0.0000	0.0000	0.0000	0.0000	0.0000	0.0000	0.0000	0.0000	0.0000	0.0000	0.0000	0.0000	0.0000	0.0006	3.7221	3.0000	2.9993	0.0000	0.0000	0.0000	0.0000	0.0000	0.0000	0.0000	0.0000	0.0000	0.0000	0.0000	0.0000	0.0000	0.0000	0.0000	0.0000	0.0000	0.0000	0.0002	0.0002	0.0000	0.0001	0.0001	0.0000	0.0001	0.0001	0.0000	0.0675	0.0365	0.0310	0.0021	0.0021	0.0000	0.0654	0.0345	0.0310	0.0000	0.0000	0.0000	0.0000	0.0000	0.0000	0.0000	0.0000	0.0000	0.0000	0.0000	0.0000	0.0000	0.0000	0.0000	0.0000	0.0000	0.0000											
32	94	0.0744	3	1	2	0	0	0	0	0	0	N	Y	N	N	N	N	N	N	N	N	N	N	0.0000	0.0000	0.0000	0.0000	0.0000	0.0000	0.0000	0.0000	0.0000	0.0000	0.0000	0.0000	0.0000	0.0000	0.0000	0.0000	0.0000	0.0000	0.0000	0.0000	0.0006	5.9980	3.0000	4.9575	0.0000	0.0000	0.0000	0.0000	0.0000	0.0000	0.0000	0.0000	0.0000	0.0000	0.0000	0.0000	0.0000	0.0000	0.0000	0.0000	0.0000	0.0000	0.0003	0.0002	0.0000	0.0002	0.0002	0.0000	0.0001	0.0001	0.0000	0.0535	0.0235	0.0301	0.0015	0.0014	0.0001	0.0520	0.0221	0.0300	0.0000	0.0000	0.0000	0.0000	0.0000	0.0000	0.0000	0.0000	0.0000	0.0000	0.0000	0.0000	0.0000	0.0000	0.0000	0.0000	0.0000	0.0000											
32	95	0.5954	5	1	2	0	0	0	0	0	0	N	Y	N	N	N	N	N	N	N	N	N	N	0.0000	0.0000	0.0000	0.0000	0.0000	0.0000	0.0000	0.0000	0.0000	0.0000	0.0000	0.0000	0.0000	0.0000	0.0000	0.0000	0.0000	0.0000	0.0000	0.0000	0.0006	0.0000	3.0000	2.0000	0.0000	0.0000	0.0000	0.0000	0.0000	0.0000	0.0000	0.0000	0.0000	0.0000	0.0000	0.0000	0.0000	0.0000	0.0000	0.0000	0.0000	0.0000	0.0000	0.0000	0.0000	0.0000	0.0000	0.0000	0.0000	0.0000	0.0000	0.0104	0.0058	0.0046	0.0046	0.0039	0.0006	0.0058	0.0019	0.0039	0.0000	0.0000	0.0000	0.0000	0.0000	0.0000	0.0000	0.0000	0.0000	0.0000	0.0000	0.0000	0.0000	0.0000	0.0000	0.0000	0.0000	0.0000											
32	96	0.5730	4	0	2	0	0	0	0	0	0	N	Y	N	N	N	N	N	N	N	N	N	N	0.0000	0.0000	0.0000	0.0000	0.0000	0.0000	0.0000	0.0000	0.0000	0.0000	0.0000	0.0000	0.0000	0.0000	0.0000	0.0000	0.0000	0.0000	0.0000	0.0000	0.0006	4.0000	3.0000	0.0000	0.0000	0.0000	0.0000	0.0000	0.0000	0.0000	0.0000	0.0000	0.0000	0.0000	0.0000	0.0000	0.0000	0.0000	0.0000	0.0000	0.0000	0.0000	0.0001	0.0001	0.0000	0.0001	0.0001	0.0000	0.0000	0.0000	0.0000	0.0118	0.0058	0.0060	0.0037	0.0032	0.0006	0.0080	0.0026	0.0054	0.0000	0.0000	0.0000	0.0000	0.0000	0.0000	0.0000	0.0000	0.0000	0.0000	0.0000	0.0000	0.0000	0.0000	0.0000	0.0000	0.0000	0.0000											
32	98	0.5730	4	0	1	0	0	0	0	0	0	N	N	N	N	N	N	N	N	N	N	N	N	0.0000	0.0000	0.0000	0.0000	0.0000	0.0000	0.0000	0.0000	0.0000	0.0000	0.0000	0.0000	0.0000	0.0000	0.0000	0.0000	0.0000	0.0000	0.0000	0.0000	0.0006	1.0000	3.0000	0.0000	0.0000	0.0000	0.0000	0.0000	0.0000	0.0000	0.0000	0.0000	0.0000	0.0000	0.0000	0.0000	0.0000	0.0000	0.0000	0.0000	0.0000	0.0000	0.0001	0.0001	0.0000	0.0000	0.0000	0.0000	0.0000	0.0000	0.0000	0.0056	0.0027	0.0028	0.0018	0.0015	0.0003	0.0038	0.0012	0.0026	0.0000	0.0000	0.0000	0.0000	0.0000	0.0000	0.0000	0.0000	0.0000	0.0000	0.0000	0.0000	0.0000	0.0000	0.0000	0.0000	0.0000	0.0000											
32	99	0.1279	2	0	1	0	0	0	0	0	0	N	N	N	N	N	N	N	N	N	N	N	N	0.0373	0.0000	inf	0.0200	0.0000	inf	0.0000	0.0000	0.0001	0.0000	0.0000	0.0072	0.0000	0.0000	0.0000	0.0003	0.0006	0.0000	0.0017	0.0014	0.0000	0.0000	0.0000	0.0000	inf	0.0000	0.0000	-0.0000	0.0006	1.5982	3.0000	11.1970	0.0000	0.0000	0.0000	0.0000	0.0000	0.0000	0.0000	0.0000	0.0000	0.0000	0.0000	0.0000	0.0000	0.0000	0.0000	0.0000	0.0000	0.0000	0.0001	0.0001	0.0000	0.0000	0.0000	0.0000	0.0001	0.0001	0.0000	0.1449	0.0833	0.0616	0.0281	0.0263	0.0018	0.1168	0.0570	0.0598	0.0875	0.0000	inf	0.0478	0.0000	inf	0.0000	0.0000	0.0000	0.0001	0.0002	0.0000	0.0007	0.0008	0.0000	0.0000	0.0000	0.0000			
32	100	0.0759	4	1	2	1	0	0	0	0	0	N	Y	N	N	N	N	N	N	N	N	N	N	0.0000	0.0000	0.0000	0.0000	0.0000	0.0000	0.0000	0.0000	0.0000	0.0000	0.0000	0.0000	0.0000	0.0000	0.0000	0.0000	0.0000	0.0000	0.0000	0.0000	0.0006	0.0000	3.0000	0.9982	0.0000	0.0000	0.0000	0.0000	0.0000	0.0000	0.0000	0.0000	0.0000	0.0000	0.0000	0.0000	0.0000	0.0000	0.0000	0.0000	0.0000	0.0000	0.0000	0.0000	0.0000	0.0000	0.0000	0.0000	0.0000	0.0000	0.0000	0.0055	0.0024	0.0031	0.0002	0.0002	0.0000	0.0053	0.0022	0.0031	0.0000	0.0000	0.0000	0.0000	0.0000	0.0000	0.0000	0.0000	0.0000	0.0000	0.0000	0.0000	0.0000	0.0000	0.0000	0.0000	0.0000	0.0000											
32	101	0.6078	7	1	2	1	0	0	0	0	0	N	Y	N	N	N	N	N	N	N	N	N	N	0.0000	0.0000	0.0000	0.0000	0.0000	0.0000	0.0000	0.0000	0.0000	0.0000	0.0000	0.0000	0.0000	0.0000	0.0000	0.0000	0.0000	0.0000	0.0000	0.0000	0.0006	0.0000	3.0000	0.0000	0.0000	0.0000	0.0000	0.0000	0.0000	0.0000	0.0000	0.0000	0.0000	0.0000	0.0000	0.0000	0.0000	0.0000	0.0000	0.0000	0.0000	0.0000	0.0000	0.0000	0.0000	0.0000	0.0000	0.0000	0.0000	0.0000	0.0000	0.0000	0.0000	0.0000	0.0000	0.0000	0.0000	0.0000	0.0000	0.0000	0.0000	0.0000	0.0000	0.0000	0.0000	0.0000	0.0000	0.0000	0.0000	0.0000	0.0000	0.0000	0.0000	0.0000	0.0000	0.0000	0.0000	0.0000											
32	102	0.6078	6	1	1	1	0	0	0	0	0	N	N	N	N	N	N	N	N	N	N	N	N	0.0000	0.0000	0.0000	0.0000	0.0000	0.0000	0.0000	0.0000	0.0000	0.0000	0.0000	0.0000	0.0000	0.0000	0.0000	0.0000	0.0000	0.0000	0.0000	0.0000	0.0006	0.0000	3.0000	0.0000	0.0000	0.0000	0.0000	0.0000	0.0000	0.0000	0.0000	0.0000	0.0000	0.0000	0.0000	0.0000	0.0000	0.0000	0.0000	0.0000	0.0000	0.0000	0.0000	0.0000	0.0000	0.0000	0.0000	0.0000	0.0000	0.0000	0.0000	0.0000	0.0000	0.0000	0.0000	0.0000	0.0000	0.0000	0.0000	0.0000	0.0000	0.0000	0.0000	0.0000	0.0000	0.0000	0.0000	0.0000	0.0000	0.0000	0.0000	0.0000	0.0000	0.0000	0.0000	0.0000	0.0000	0.0000											
32	103	0.6017	5	1	1	1	0	0	0	0	0	N	N	N	N	N	N	N	N	N	N	N	N	0.0000	0.0000	0.0000	0.0000	0.0000	0.0000	0.0000	0.0000	0.0000	0.0000	0.0000	0.0000	0.0000	0.0000	0.0000	0.0000	0.0000	0.0000	0.0000	0.0000	0.0006	0.0000	3.0000	1.0091	0.0000	0.0000	0.0000	0.0000	0.0000	0.0000	0.0000	0.0000	0.0000	0.0000	0.0000	0.0000	0.0000	0.0000	0.0000	0.0000	0.0000	0.0000	0.0000	0.0000	0.0000	0.0000	0.0000	0.0000	0.0000	0.0000	0.0000	0.0048	0.0028	0.0020	0.0024	0.0020	0.0003	0.0025	0.0008	0.0017	0.0000	0.0000	0.0000	0.0000	0.0000	0.0000	0.0000	0.0000	0.0000	0.0000	0.0000	0.0000	0.0000	0.0000	0.0000	0.0000	0.0000	0.0000											
32	105	0.0794	5	1	1	1	0	0	0	0	0	N	N	N	N	N	N	N	N	N	N	N	N	0.0000	0.0000	0.0000	0.0000	0.0000	0.0000	0.0000	0.0000	0.0000	0.0000	0.0000	0.0000	0.0000	0.0424	0.2819	0.0000	1.4328	1.4795	0.0000	0.0000	0.0000	0.0000	0.0000	0.0000	-0.0000	0.0006	1.0000	3.0000	1.0005	0.0000	0.0000	0.0000	0.0000	0.0000	0.0000	0.0000	0.0000	0.0000	0.0000	0.0000	0.0000	0.0000	0.0000	0.0000	0.0000	0.0000	0.0000	0.0001	0.0000	0.0000	0.0000	0.0000	0.0000	0.0000	0.0000	0.0000	0.0107	0.0046	0.0061	0.0003	0.0003	0.0000	0.0104	0.0044	0.0061	0.0000	0.0000	0.0000	0.0000	0.0000	0.0000	0.0000	0.0000	0.0000	0.0028	0.0065	0.0000	0.1076	0.1130	0.0000	0.0000	0.0000	0.0000						
32	106	0.0759	4	1	1	1	0	0	0	0	0	N	N	N	N	N	N	N	N	N	N	N	N	0.0000	0.0000	0.0000	0.0000	0.0000	0.0000	0.0000	0.0000	0.0000	0.0000	0.0000	0.0000	0.0000	0.0000	0.0000	0.3339	0.1787	0.0203	0.0000	0.0000	0.0000	0.0719	0.3644	0.0084	2.0000	0.0000	0.0000	0.0006	0.7249	3.0000	0.0368	0.0000	0.0000	0.0000	0.0000	0.0000	0.0000	0.0000	0.0000	0.0000	0.0000	0.0000	0.0000	0.0000	0.0000	0.0000	0.0000	0.0000	0.0000	0.0000	0.0000	0.0000	0.0000	0.0000	0.0000	0.0000	0.0000	0.0000	0.0042	0.0018	0.0024	0.0001	0.0001	0.0000	0.0041	0.0017	0.0024	0.0000	0.0000	0.0000	0.0000	0.0000	0.0000	0.0000	0.0000	0.0000	0.0072	0.0055	0.0084	0.0000	0.0000	0.0000	0.0074	0.0059	0.0084				
32	107	0.0744	3	1	1	1	0	0	0	0	0	N	N	N	N	N	N	N	N	N	N	N	N	0.0000	0.0000	0.0000	0.0000	0.0000	0.0000	0.0000	0.0000	0.0000	0.0000	0.0000	0.0000	0.0000	0.4395	0.8643	0.0000	1.7428	1.7540	0.0000	0.0000	0.0000	0.0000	0.0000	0.0000	-0.0000	0.0006	0.4159	3.0000	0.0887	0.0000	0.0000	0.0000	0.0000	0.0000	0.0000	0.0000	0.0000	0.0000	0.0000	0.0000	0.0000	0.0000	0.0000	0.0000	0.0000	0.0000	0.0000	0.0000	0.0000	0.0000	0.0000	0.0000	0.0000	0.0000	0.0000	0.0000	0.0030	0.0014	0.0017	0.0002	0.0002	0.0000	0.0028	0.0012	0.0017	0.0000	0.0000	0.0000	0.0000	0.0000	0.0000	0.0000	0.0000	0.0000	0.0099	0.0220	0.0000	0.1424	0.1448	0.0000	0.0000	0.0000	0.0000						
32	108	0.0582	2	1	1	0	0	0	0	0	0	N	N	N	N	N	N	N	N	N	N	N	N	0.0000	0.0000	0.0000	0.0000	0.0000	0.0000	0.0000	0.0000	0.0000	0.0000	0.0000	0.0000	0.0000	0.0080	0.0248	0.0000	0.0000	0.0000	0.0000	0.0026	0.0672	0.0000	0.0000	0.0000	-0.0000	0.0006	3.9943	3.0000	0.9974	0.0000	0.0000	0.0000	0.0000	0.0000	0.0000	0.0000	0.0000	0.0000	0.0000	0.0000	0.0000	0.0000	0.0000	0.0000	0.0000	0.0000	0.0000	0.0002	0.0002	0.0000	0.0001	0.0001	0.0000	0.0001	0.0001	0.0000	0.0275	0.0113	0.0162	0.0002	0.0002	0.0000	0.0273	0.0111	0.0162	0.0000	0.0000	0.0000	0.0000	0.0000	0.0000	0.0000	0.0000	0.0000	0.0011	0.0026	0.0000	0.0000	0.0000	0.0000	0.0011	0.0027	0.0000						
32	109	0.6017	5	1	1	1	0	0	0	0	0	N	N	N	N	N	N	N	N	N	N	N	N	0.0000	0.0000	0.0000	0.0000	0.0000	0.0000	0.0000	0.0000	0.0000	0.0000	0.0000	0.0000	0.0000	0.0000	0.0000	0.0000	0.0000	0.0000	0.0000	0.0000	0.0006	0.0000	3.0000	0.9909	0.0000	0.0000	0.0000	0.0000	0.0000	0.0000	0.0000	0.0000	0.0000	0.0000	0.0000	0.0000	0.0000	0.0000	0.0000	0.0000	0.0000	0.0000	0.0000	0.0000	0.0000	0.0000	0.0000	0.0000	0.0000	0.0000	0.0000	0.0047	0.0028	0.0019	0.0023	0.0020	0.0003	0.0024	0.0008	0.0016	0.0000	0.0000	0.0000	0.0000	0.0000	0.0000	0.0000	0.0000	0.0000	0.0000	0.0000	0.0000	0.0000	0.0000	0.0000	0.0000	0.0000	0.0000											
32	110	0.5730	4	1	1	1	0	0	0	0	0	N	N	N	N	N	N	N	N	N	N	N	N	0.0000	0.0000	0.0000	0.0000	0.0000	0.0000	0.0000	0.0000	0.0000	0.0000	0.0000	0.0000	0.0000	0.0000	0.0000	0.0000	0.0000	0.0000	0.0000	0.0000	0.0006	4.0000	3.0000	0.0000	0.0000	0.0000	0.0000	0.0000	0.0000	0.0000	0.0000	0.0000	0.0000	0.0000	0.0000	0.0000	0.0000	0.0000	0.0000	0.0000	0.0000	0.0000	0.0001	0.0001	0.0000	0.0001	0.0001	0.0000	0.0000	0.0000	0.0000	0.0118	0.0058	0.0060	0.0037	0.0032	0.0006	0.0080	0.0026	0.0054	0.0000	0.0000	0.0000	0.0000	0.0000	0.0000	0.0000	0.0000	0.0000	0.0000	0.0000	0.0000	0.0000	0.0000	0.0000	0.0000	0.0000	0.0000											
32	112	0.0628	2	0	1	1	0	0	0	0	0	N	N	N	N	N	N	N	N	N	N	N	N	0.0000	0.0000	0.0000	0.0000	0.0000	0.0000	0.0000	0.0000	0.0000	0.0000	0.0000	0.0000	0.0000	9.7808	0.0000	38.2280	0.0000	0.0000	0.0000	16.6058	0.0000	42.2917	inf	0.0000	0.0000	0.0006	0.0000	3.0000	0.0001	0.0000	0.0000	0.0000	0.0000	0.0000	0.0000	0.0000	0.0000	0.0000	0.0000	0.0000	0.0000	0.0000	0.0000	0.0000	0.0000	0.0000	0.0000	0.0000	0.0000	0.0000	0.0000	0.0000	0.0000	0.0000	0.0000	0.0000	0.0000	0.0000	0.0000	0.0000	0.0000	0.0000	0.0000	0.0000	0.0000	0.0000	0.0000	0.0000	0.0000	0.0000	0.0000	0.0000	0.0000	0.0000	9.7808	0.0000	37.4418	0.0000	0.0000	0.0000	16.6058	0.0000	37.6955						
32	114	0.6057	5	0	2	0	0	0	0	0	0	N	Y	N	N	N	N	N	N	N	N	N	N	0.0000	0.0000	0.0000	0.0000	0.0000	0.0000	0.0000	0.0000	0.0000	0.0000	0.0000	0.0000	0.0000	0.0000	0.0000	0.0000	0.0000	0.0000	0.0000	0.0000	0.0006	4.3361	3.0000	4.6323	0.0000	0.0000	0.0000	0.0000	0.0000	0.0000	0.0000	0.0000	0.0000	0.0000	0.0000	0.0000	0.0000	0.0000	0.0000	0.0000	0.0000	0.0000	0.0002	0.0002	0.0000	0.0001	0.0001	0.0000	0.0001	0.0001	0.0000	0.0360	0.0220	0.0140	0.0185	0.0160	0.0025	0.0176	0.0060	0.0116	0.0000	0.0000	0.0000	0.0000	0.0000	0.0000	0.0000	0.0000	0.0000	0.0000	0.0000	0.0000	0.0000	0.0000	0.0000	0.0000	0.0000	0.0000											
32	115	0.5730	4	0	1	0	0	0	0	0	0	N	N	N	N	N	N	N	N	N	N	N	N	0.0000	0.0000	0.0000	0.0000	0.0000	0.0000	0.0000	0.0000	0.0000	0.0000	0.0000	0.0000	0.0000	0.0000	0.0000	0.0000	0.0000	0.0000	0.0000	0.0000	0.0006	1.9840	3.0000	0.2610	0.0000	0.0000	0.0000	0.0000	0.0000	0.0000	0.0000	0.0000	0.0000	0.0000	0.0000	0.0000	0.0000	0.0000	0.0000	0.0000	0.0000	0.0000	0.0001	0.0001	0.0000	0.0000	0.0000	0.0000	0.0000	0.0000	0.0000	0.0068	0.0033	0.0034	0.0021	0.0018	0.0003	0.0046	0.0015	0.0031	0.0000	0.0000	0.0000	0.0000	0.0000	0.0000	0.0000	0.0000	0.0000	0.0000	0.0000	0.0000	0.0000	0.0000	0.0000	0.0000	0.0000	0.0000											
32	117	0.5730	4	0	2	0	1	0	0	0	0	N	Y	N	N	N	N	N	N	N	N	N	N	0.0000	0.0000	0.0000	0.0000	0.0000	0.0000	0.0000	0.0000	0.0000	0.0000	0.0000	0.0000	0.0000	0.0000	0.0000	0.0000	0.0000	0.0000	0.0000	0.0000	0.0006	0.0000	3.0000	1.0000	0.0000	0.0000	0.0000	0.0000	0.0000	0.0000	0.0000	0.0000	0.0000	0.0000	0.0000	0.0000	0.0000	0.0000	0.0000	0.0000	0.0000	0.0000	0.0000	0.0000	0.0000	0.0000	0.0000	0.0000	0.0000	0.0000	0.0000	0.0042	0.0021	0.0022	0.0013	0.0011	0.0002	0.0029	0.0009	0.0020	0.0000	0.0000	0.0000	0.0000	0.0000	0.0000	0.0000	0.0000	0.0000	0.0000	0.0000	0.0000	0.0000	0.0000	0.0000	0.0000	0.0000	0.0000											
32	119	0.5730	4	0	2	0	0	0	0	0	0	N	Y	N	N	N	N	N	N	N	N	N	N	inf	inf	inf	inf	0.3994	0.4359	0.0000	0.6049	0.6361	0.0000	0.0000	0.0000	0.0000	0.0000	0.0000	0.0000	0.0000	0.0000	0.0000	0.0000	0.0000	0.0000	0.0000	-0.0000	0.0000	0.0006	5.0000	3.0000	6.0000	0.0001	0.0001	0.0000	0.0001	0.0001	0.0000	0.0000	0.0000	0.0000	0.0000	0.0000	0.0000	0.0000	0.0000	0.0000	0.0000	0.0000	0.0000	0.0002	0.0002	0.0000	0.0001	0.0001	0.0000	0.0001	0.0001	0.0000	0.0297	0.0147	0.0150	0.0097	0.0082	0.0015	0.0200	0.0065	0.0135	inf	inf	0.0000	inf	inf	0.0000	0.0000	0.0000	0.0000	0.0000	0.0000	0.0000	0.0000	0.0000	0.0000	0.0000	0.0000	0.0000						
32	120	0.6011	5	0	2	0	0	0	0	0	0	N	Y	N	N	N	N	N	N	N	N	N	N	0.0000	0.0000	0.0000	0.0000	0.0000	0.0000	0.0000	0.0000	0.0000	0.0000	0.0000	0.0000	0.0000	0.0000	0.0000	0.0000	0.0000	0.0000	0.0000	0.0000	0.0006	0.9998	3.0000	0.9486	0.0000	0.0000	0.0000	0.0000	0.0000	0.0000	0.0000	0.0000	0.0000	0.0000	0.0000	0.0000	0.0000	0.0000	0.0000	0.0000	0.0000	0.0000	0.0000	0.0000	0.0000	0.0000	0.0000	0.0000	0.0000	0.0000	0.0000	0.0098	0.0052	0.0046	0.0043	0.0038	0.0005	0.0055	0.0015	0.0041	0.0000	0.0000	0.0000	0.0000	0.0000	0.0000	0.0000	0.0000	0.0000	0.0000	0.0000	0.0000	0.0000	0.0000	0.0000	0.0000	0.0000	0.0000											
32	121	0.5730	4	0	2	0	0	0	0	0	0	N	Y	N	N	N	N	N	N	N	N	N	N	0.0000	0.0000	0.0000	0.0000	0.0000	0.0000	0.0000	0.0000	0.0000	0.0000	0.0000	0.0000	0.0000	0.0000	0.0000	0.0000	0.0000	0.0000	0.0000	0.0000	0.0006	3.0005	3.0000	1.1085	0.0000	0.0000	0.0000	0.0000	0.0000	0.0000	0.0000	0.0000	0.0000	0.0000	0.0000	0.0000	0.0000	0.0000	0.0000	0.0000	0.0000	0.0000	0.0002	0.0002	0.0000	0.0001	0.0001	0.0000	0.0001	0.0001	0.0000	0.0213	0.0105	0.0108	0.0069	0.0058	0.0010	0.0145	0.0047	0.0098	0.0000	0.0000	0.0000	0.0000	0.0000	0.0000	0.0000	0.0000	0.0000	0.0000	0.0000	0.0000	0.0000	0.0000	0.0000	0.0000	0.0000	0.0000											
32	122	0.0582	2	0	2	0	0	0	0	0	0	N	Y	N	N	N	N	N	N	N	N	N	N	0.0000	0.0000	0.0000	0.0000	0.0000	0.0000	0.0000	0.0000	0.0000	0.0000	0.0000	0.0000	0.0000	0.0000	0.0000	0.0000	0.0000	0.0000	0.0000	0.0000	0.0006	2.0001	3.0000	3.0000	0.0000	0.0000	0.0000	0.0000	0.0000	0.0000	0.0000	0.0000	0.0000	0.0000	0.0000	0.0000	0.0000	0.0000	0.0000	0.0000	0.0000	0.0000	0.0001	0.0001	0.0000	0.0001	0.0001	0.0000	0.0000	0.0000	0.0000	0.0276	0.0114	0.0162	0.0002	0.0002	0.0000	0.0273	0.0111	0.0162	0.0000	0.0000	0.0000	0.0000	0.0000	0.0000	0.0000	0.0000	0.0000	0.0000	0.0000	0.0000	0.0000	0.0000	0.0000	0.0000	0.0000	0.0000											
32	124	0.6066	5	0	2	0	0	0	0	0	0	N	Y	N	N	N	N	N	N	N	N	N	N	inf	inf	inf	inf	inf	inf	0.2076	0.2328	0.0000	0.1255	0.1390	0.0000	0.3590	0.4116	0.0000	0.0000	0.0000	0.0000	0.0000	0.0000	0.0000	0.0000	0.0000	0.0000	0.0000	-0.0000	0.0000	0.0006	3.9006	3.0000	3.1543	0.0001	0.0001	0.0000	0.0000	0.0000	0.0000	0.0000	0.0000	0.0000	0.0000	0.0000	0.0000	0.0000	0.0000	0.0000	0.0000	0.0000	0.0000	0.0003	0.0003	0.0000	0.0002	0.0002	0.0000	0.0001	0.0001	0.0000	0.0419	0.0256	0.0163	0.0207	0.0188	0.0019	0.0212	0.0068	0.0144	inf	inf	0.0000	inf	inf	0.0000	inf	inf	0.0000	0.0000	0.0000	0.0000	0.0000	0.0000	0.0000	0.0000	0.0000	0.0000				
32	125	0.5730	4	0	2	0	0	0	0	0	0	N	Y	N	N	N	N	N	N	N	N	N	N	inf	inf	inf	inf	inf	inf	0.4013	0.4385	0.0007	0.6021	0.6340	0.0016	0.0000	0.0000	0.0000	0.0000	0.0000	0.0000	0.0000	0.0000	0.0000	0.0000	0.0000	0.0000	0.0001	-0.0000	0.0000	0.0006	1.6924	3.0000	1.9110	0.0000	0.0000	0.0000	0.0000	0.0000	0.0000	0.0000	0.0000	0.0000	0.0000	0.0000	0.0000	0.0000	0.0000	0.0000	0.0000	0.0000	0.0000	0.0001	0.0001	0.0000	0.0001	0.0001	0.0000	0.0000	0.0000	0.0000	0.0189	0.0093	0.0096	0.0061	0.0052	0.0009	0.0128	0.0042	0.0087	inf	inf	inf	inf	inf	inf	0.0000	0.0000	0.0000	0.0000	0.0000	0.0000	0.0000	0.0000	0.0000	0.0000	0.0000	0.0000				
32	127	0.1443	3	0	1	0	0	0	0	0	0	N	N	N	N	N	N	N	N	N	N	N	N	0.0000	0.0000	0.0000	0.0000	0.0000	0.0000	0.0000	0.0000	0.0000	0.0000	0.0000	0.0000	0.0000	0.0036	0.0059	0.0000	0.0155	0.0145	0.0000	0.0000	0.0000	0.0000	0.0000	0.0000	-0.0001	0.0006	3.6536	3.0000	12.3970	0.0000	0.0000	0.0000	0.0000	0.0000	0.0000	0.0000	0.0000	0.0000	0.0001	0.0001	0.0000	0.0001	0.0001	0.0000	0.0000	0.0000	0.0000	0.0002	0.0002	0.0000	0.0001	0.0001	0.0000	0.0002	0.0001	0.0000	0.1507	0.0885	0.0623	0.0256	0.0237	0.0019	0.1251	0.0647	0.0604	0.0000	0.0000	0.0000	0.0000	0.0000	0.0000	0.0000	0.0000	0.0000	0.0007	0.0011	0.0000	0.0039	0.0042	0.0000	0.0000	0.0000	0.0000						
32	128	0.3227	3	0	1	0	0	0	0	0	0	N	N	N	N	N	N	N	N	N	N	N	N	0.0486	0.0314	inf	0.0582	0.0449	inf	inf	inf	0.0641	0.0595	0.0888	0.1357	0.1113	0.6375	0.0002	0.0000	0.0007	1.3205	1.8940	0.0000	2.3323	2.4757	0.0000	0.0000	0.0000	0.0000	0.2809	0.0000	-0.0000	-0.0127	0.0006	5.3495	3.0000	12.4099	0.0000	0.0000	0.0000	0.0000	0.0000	0.0000	0.0000	0.0000	0.0000	0.0243	0.0243	0.0000	0.0243	0.0243	0.0000	0.0000	0.0000	0.0000	0.0004	0.0003	0.0001	0.0002	0.0002	0.0000	0.0002	0.0001	0.0000	0.1967	0.1263	0.0704	0.0913	0.0780	0.0134	0.1054	0.0483	0.0570	0.5197	0.3095	inf	0.5105	0.3572	inf	inf	0.0000	inf	0.1234	0.1923	0.0000	0.2658	0.3114	0.0000	0.0000	0.0000	0.0000	
32	129	0.1284	7	0	2	0	1	0	0	0	0	N	Y	N	N	N	N	N	N	N	N	N	N	0.0000	0.0000	0.0000	0.0000	0.0000	0.0000	0.0000	0.0000	0.0000	0.0000	0.0000	0.0000	0.0000	0.0000	0.0000	0.0000	0.0000	0.0000	0.0000	0.0000	0.0006	0.0000	3.0000	0.0000	0.0000	0.0000	0.0000	0.0000	0.0000	0.0000	0.0000	0.0000	0.0000	0.0000	0.0000	0.0000	0.0000	0.0000	0.0000	0.0000	0.0000	0.0000	0.0000	0.0000	0.0000	0.0000	0.0000	0.0000	0.0000	0.0000	0.0000	0.0000	0.0000	0.0000	0.0000	0.0000	0.0000	0.0000	0.0000	0.0000	0.0000	0.0000	0.0000	0.0000	0.0000	0.0000	0.0000	0.0000	0.0000	0.0000	0.0000	0.0000	0.0000	0.0000	0.0000	0.0000	0.0000	0.0000											
32	130	0.1121	6	0	2	0	1	0	0	0	0	N	Y	N	N	N	N	N	N	N	N	N	N	0.0000	0.0000	0.0000	0.0000	0.0000	0.0000	0.0000	0.0000	0.0000	0.0000	0.0000	0.0000	0.0000	0.0000	0.0000	0.0000	0.0000	0.0000	0.0000	0.0000	0.0006	0.0000	3.0000	3.0001	0.0000	0.0000	0.0000	0.0000	0.0000	0.0000	0.0000	0.0000	0.0000	0.0000	0.0000	0.0000	0.0000	0.0000	0.0000	0.0000	0.0000	0.0000	0.0000	0.0000	0.0000	0.0000	0.0000	0.0000	0.0000	0.0000	0.0000	0.0139	0.0054	0.0086	0.0003	0.0003	0.0000	0.0136	0.0051	0.0086	0.0000	0.0000	0.0000	0.0000	0.0000	0.0000	0.0000	0.0000	0.0000	0.0000	0.0000	0.0000	0.0000	0.0000	0.0000	0.0000	0.0000	0.0000											
32	131	0.1024	5	0	2	0	0	0	0	0	0	N	Y	N	N	N	N	N	N	N	N	N	N	0.0000	0.0000	0.0000	0.0000	0.0000	0.0000	0.0000	0.0000	0.0000	0.0000	0.0000	0.0000	0.0000	0.0000	0.0000	0.0000	0.0000	0.0000	0.0000	0.0000	0.0006	0.0000	3.0000	0.0000	0.0000	0.0000	0.0000	0.0000	0.0000	0.0000	0.0000	0.0000	0.0000	0.0000	0.0000	0.0000	0.0000	0.0000	0.0000	0.0000	0.0000	0.0000	0.0000	0.0000	0.0000	0.0000	0.0000	0.0000	0.0000	0.0000	0.0000	0.0000	0.0000	0.0000	0.0000	0.0000	0.0000	0.0000	0.0000	0.0000	0.0000	0.0000	0.0000	0.0000	0.0000	0.0000	0.0000	0.0000	0.0000	0.0000	0.0000	0.0000	0.0000	0.0000	0.0000	0.0000	0.0000	0.0000											
32	132	0.1121	6	0	1	1	1	0	0	0	0	N	N	N	N	N	N	N	N	N	N	N	N	0.0000	0.0000	0.0000	0.0000	0.0000	0.0000	0.0000	0.0000	0.0000	0.0000	0.0000	0.0000	0.0000	0.0000	0.0000	0.0000	0.0000	0.0000	0.0000	0.0000	0.0006	0.0000	3.0000	1.9999	0.0000	0.0000	0.0000	0.0000	0.0000	0.0000	0.0000	0.0000	0.0000	0.0000	0.0000	0.0000	0.0000	0.0000	0.0000	0.0000	0.0000	0.0000	0.0000	0.0000	0.0000	0.0000	0.0000	0.0000	0.0000	0.0000	0.0000	0.0094	0.0036	0.0058	0.0002	0.0002	0.0000	0.0092	0.0034	0.0058	0.0000	0.0000	0.0000	0.0000	0.0000	0.0000	0.0000	0.0000	0.0000	0.0000	0.0000	0.0000	0.0000	0.0000	0.0000	0.0000	0.0000	0.0000											
32	133	0.1231	7	0	1	1	1	0	0	0	0	N	N	N	N	N	N	N	N	N	N	N	N	0.0000	0.0000	0.0000	0.0000	0.0000	0.0000	0.0000	0.0000	0.0000	0.0000	0.0000	0.0000	0.0000	0.0000	0.0000	0.0000	0.0000	0.0000	0.0000	0.0000	0.0006	1.0000	3.0000	0.0000	0.0000	0.0000	0.0000	0.0000	0.0000	0.0000	0.0000	0.0000	0.0000	0.0000	0.0000	0.0000	0.0000	0.0000	0.0000	0.0000	0.0000	0.0000	0.0000	0.0000	0.0000	0.0000	0.0000	0.0000	0.0000	0.0000	0.0000	0.0045	0.0017	0.0028	0.0001	0.0001	0.0000	0.0044	0.0016	0.0028	0.0000	0.0000	0.0000	0.0000	0.0000	0.0000	0.0000	0.0000	0.0000	0.0000	0.0000	0.0000	0.0000	0.0000	0.0000	0.0000	0.0000	0.0000											
32	134	0.1231	7	0	1	1	1	0	0	0	0	N	N	N	N	N	N	N	N	N	N	N	N	0.0000	0.0000	0.0000	0.0000	0.0000	0.0000	0.0000	0.0000	0.0000	0.0000	0.0000	0.0000	0.0000	0.0000	0.0000	0.0000	0.0000	0.0000	0.0000	0.0000	0.0006	0.0000	3.0000	0.0000	0.0000	0.0000	0.0000	0.0000	0.0000	0.0000	0.0000	0.0000	0.0000	0.0000	0.0000	0.0000	0.0000	0.0000	0.0000	0.0000	0.0000	0.0000	0.0000	0.0000	0.0000	0.0000	0.0000	0.0000	0.0000	0.0000	0.0000	0.0000	0.0000	0.0000	0.0000	0.0000	0.0000	0.0000	0.0000	0.0000	0.0000	0.0000	0.0000	0.0000	0.0000	0.0000	0.0000	0.0000	0.0000	0.0000	0.0000	0.0000	0.0000	0.0000	0.0000	0.0000	0.0000	0.0000											
32	135	0.1121	6	0	1	1	1	0	0	0	0	N	N	N	N	N	N	N	N	N	N	N	N	0.0000	0.0000	0.0000	0.0000	0.0000	0.0000	0.0000	0.0000	0.0000	0.0000	0.0000	0.0000	0.0000	0.0000	0.0000	0.0000	0.0000	0.0000	0.0000	0.0000	0.0006	2.0025	3.0000	0.9943	0.0000	0.0000	0.0000	0.0000	0.0000	0.0000	0.0000	0.0000	0.0000	0.0000	0.0000	0.0000	0.0000	0.0000	0.0000	0.0000	0.0000	0.0000	0.0001	0.0001	0.0000	0.0001	0.0001	0.0000	0.0000	0.0000	0.0000	0.0139	0.0054	0.0086	0.0003	0.0003	0.0000	0.0136	0.0051	0.0085	0.0000	0.0000	0.0000	0.0000	0.0000	0.0000	0.0000	0.0000	0.0000	0.0000	0.0000	0.0000	0.0000	0.0000	0.0000	0.0000	0.0000	0.0000											
32	136	0.1121	5	0	1	0	1	0	0	0	0	N	N	N	N	N	N	N	N	N	N	N	N	0.0000	0.0000	0.0000	0.0000	0.0000	0.0000	0.0000	0.0000	0.0000	0.0000	0.0000	0.0000	0.0000	0.0000	0.0000	0.0000	0.0000	0.0000	0.0000	0.0000	0.0006	0.0050	3.0000	0.0173	0.0000	0.0000	0.0000	0.0000	0.0000	0.0000	0.0000	0.0000	0.0000	0.0000	0.0000	0.0000	0.0000	0.0000	0.0000	0.0000	0.0000	0.0000	0.0000	0.0000	0.0000	0.0000	0.0000	0.0000	0.0000	0.0000	0.0000	0.0001	0.0000	0.0001	0.0000	0.0000	0.0000	0.0001	0.0000	0.0001	0.0000	0.0000	0.0000	0.0000	0.0000	0.0000	0.0000	0.0000	0.0000	0.0000	0.0000	0.0000	0.0000	0.0000	0.0000	0.0000	0.0000	0.0000											
32	137	0.1024	4	0	1	0	1	0	0	0	0	N	N	N	N	N	N	N	N	N	N	N	N	0.0000	0.0000	0.0000	0.0000	0.0000	0.0000	0.0000	0.0000	0.0000	0.0000	0.0000	0.0000	0.0000	0.0000	0.0000	0.0000	0.0000	0.0000	0.0000	0.0000	0.0006	1.9972	3.0000	1.0076	0.0000	0.0000	0.0000	0.0000	0.0000	0.0000	0.0000	0.0000	0.0000	0.0000	0.0000	0.0000	0.0000	0.0000	0.0000	0.0000	0.0000	0.0000	0.0001	0.0001	0.0000	0.0001	0.0001	0.0000	0.0000	0.0000	0.0000	0.0132	0.0050	0.0082	0.0003	0.0003	0.0000	0.0129	0.0048	0.0082	0.0000	0.0000	0.0000	0.0000	0.0000	0.0000	0.0000	0.0000	0.0000	0.0000	0.0000	0.0000	0.0000	0.0000	0.0000	0.0000	0.0000	0.0000											
32	138	0.0852	3	1	2	0	0	0	0	0	0	N	Y	N	N	N	N	N	N	N	N	N	N	0.0000	0.0000	0.0000	0.0000	0.0000	0.0000	0.0000	0.0000	0.0000	0.0000	0.0000	0.0000	0.0000	0.2664	0.5391	0.0000	0.5892	0.5836	0.0000	0.0000	0.0000	0.0000	0.0000	0.0000	-0.0001	0.0006	0.0002	3.0000	2.3255	0.0000	0.0000	0.0000	0.0000	0.0000	0.0000	0.0000	0.0000	0.0000	0.0001	0.0001	0.0000	0.0001	0.0001	0.0000	0.0000	0.0000	0.0000	0.0000	0.0000	0.0000	0.0000	0.0000	0.0000	0.0000	0.0000	0.0000	0.0165	0.0086	0.0079	0.0027	0.0026	0.0001	0.0138	0.0060	0.0078	0.0000	0.0000	0.0000	0.0000	0.0000	0.0000	0.0000	0.0000	0.0000	0.0060	0.0116	0.0000	0.0368	0.0383	0.0000	0.0000	0.0000	0.0000						
32	139	0.0673	2	1	2	0	0	0	0	0	0	N	Y	N	N	N	N	N	N	N	N	N	N	0.2945	0.7621	0.0000	inf	inf	0.0000	0.0000	0.0000	0.0095	0.0105	0.0000	0.0215	0.0221	0.0000	0.0000	0.0000	0.0000	0.0323	0.0137	0.0030	0.0000	0.0000	0.0000	0.0206	0.0830	0.0031	0.0000	1.5000	-0.0000	0.0000	0.0006	2.0138	3.0000	2.7349	0.0000	0.0000	0.0000	0.0000	0.0000	0.0000	0.0000	0.0000	0.0000	0.0001	0.0000	0.0001	0.0000	0.0000	0.0000	0.0001	0.0000	0.0001	0.0001	0.0001	0.0000	0.0000	0.0000	0.0000	0.0001	0.0000	0.0000	0.0408	0.0209	0.0199	0.0080	0.0077	0.0004	0.0328	0.0133	0.0195	3.8859	5.4833	0.0000	inf	inf	0.0000	0.0000	0.0000	0.0000	0.0024	0.0019	0.0030	0.0000	0.0000	0.0000	0.0030	0.0030	0.0031	
32	140	0.0838	3	0	2	0	0	0	0	0	0	N	Y	N	N	N	N	N	N	N	N	N	N	inf	inf	inf	inf	0.0006	0.0006	0.0000	0.0012	0.0012	0.0000	0.0000	0.0000	0.0000	0.0000	0.0000	0.0000	0.0000	0.0000	0.0000	0.0000	0.0000	0.0000	0.0000	-0.0000	0.0000	0.0006	1.9232	3.0000	1.1116	0.0000	0.0000	0.0000	0.0000	0.0000	0.0000	0.0000	0.0000	0.0000	0.0000	0.0000	0.0000	0.0000	0.0000	0.0000	0.0000	0.0000	0.0000	0.0001	0.0001	0.0000	0.0000	0.0000	0.0000	0.0000	0.0000	0.0000	0.0167	0.0074	0.0094	0.0015	0.0014	0.0001	0.0153	0.0060	0.0093	inf	inf	0.0000	inf	inf	0.0000	0.0000	0.0000	0.0000	0.0000	0.0000	0.0000	0.0000	0.0000	0.0000	0.0000	0.0000	0.0000						
32	141	0.5923	5	0	2	0	0	0	0	0	0	N	Y	N	N	N	N	N	N	N	N	N	N	inf	inf	inf	inf	0.3288	0.3581	0.0000	0.4749	0.5005	0.0000	0.0000	0.0000	0.0000	0.0000	0.0000	0.0000	0.0000	0.0000	0.0000	0.0000	0.0000	0.0000	0.0000	-0.0000	0.0000	0.0006	3.0000	3.0000	1.0000	0.0001	0.0001	0.0000	0.0001	0.0001	0.0000	0.0000	0.0000	0.0000	0.0000	0.0000	0.0000	0.0000	0.0000	0.0000	0.0000	0.0000	0.0000	0.0002	0.0002	0.0000	0.0001	0.0001	0.0000	0.0001	0.0001	0.0000	0.0208	0.0103	0.0105	0.0067	0.0057	0.0010	0.0141	0.0046	0.0095	inf	inf	0.0000	inf	inf	0.0000	0.0000	0.0000	0.0000	0.0000	0.0000	0.0000	0.0000	0.0000	0.0000	0.0000	0.0000	0.0000						
32	142	0.5730	4	0	1	0	0	0	0	0	0	N	N	N	N	N	N	N	N	N	N	N	N	0.0000	0.0000	0.0000	0.0000	0.0000	0.0000	0.0000	0.0000	0.0000	0.0000	0.0000	0.0000	0.0000	0.0000	0.0000	0.0000	0.0000	0.0000	0.0000	0.0000	0.0006	1.0000	3.0000	1.0000	0.0000	0.0000	0.0000	0.0000	0.0000	0.0000	0.0000	0.0000	0.0000	0.0000	0.0000	0.0000	0.0000	0.0000	0.0000	0.0000	0.0000	0.0000	0.0001	0.0001	0.0000	0.0000	0.0000	0.0000	0.0000	0.0000	0.0000	0.0109	0.0053	0.0055	0.0035	0.0029	0.0005	0.0074	0.0024	0.0050	0.0000	0.0000	0.0000	0.0000	0.0000	0.0000	0.0000	0.0000	0.0000	0.0000	0.0000	0.0000	0.0000	0.0000	0.0000	0.0000	0.0000	0.0000											
32	143	0.3227	3	0	1	0	0	0	0	0	0	N	N	N	N	N	N	N	N	N	N	N	N	36.6230	32.8031	96.4613	99.8045	inf	inf	0.2105	0.2460	0.0000	0.4601	0.4797	0.0000	0.0001	0.0002	0.0000	0.0057	0.0075	0.0000	0.0048	0.0048	0.0000	0.0000	0.0000	0.0000	0.0000	0.0000	-0.0000	-0.0001	0.0006	7.1211	3.0000	10.9474	0.0001	0.0001	0.0000	0.0001	0.0001	0.0000	0.0000	0.0000	0.0000	0.0002	0.0002	0.0000	0.0002	0.0002	0.0000	0.0000	0.0000	0.0000	0.0004	0.0003	0.0001	0.0002	0.0002	0.0000	0.0002	0.0002	0.0001	0.1974	0.1266	0.0708	0.0914	0.0780	0.0134	0.1060	0.0486	0.0574	244.5083	183.1742	0.0000	247.4788	220.1884	0.0000	inf	inf	0.0000	0.0009	0.0013	0.0000	0.0019	0.0022	0.0000	0.0000	0.0000	0.0000			
32	144	0.1279	2	0	1	0	0	0	0	0	0	N	N	N	N	N	N	N	N	N	N	N	N	0.8072	2.4097	0.0000	2202.2717	2595.7736	inf	0.0000	0.0000	0.0000	1.0510	1.1446	0.0000	3.0434	3.0604	0.0015	0.0000	0.0000	0.0000	1.3020	0.4750	0.8810	0.0014	0.0012	0.0000	1.1836	0.9739	0.4254	0.0000	18.6006	-0.0001	0.0104	0.0006	8.5175	3.0000	23.1696	0.0005	0.0005	0.0000	0.0005	0.0005	0.0000	0.0000	0.0000	0.0000	0.0243	0.0012	0.0231	0.0000	0.0000	0.0000	0.0243	0.0012	0.0231	0.0005	0.0004	0.0000	0.0002	0.0002	0.0000	0.0003	0.0003	0.0000	0.2201	0.1202	0.0999	0.0338	0.0305	0.0033	0.1863	0.0897	0.0966	9.5213	110.9948	0.0002	5206.5566	4724.7663	inf	0.0000	0.0000	0.0000	0.1104	0.0103	0.2308	0.0006	0.0006	0.0000	0.1303	0.0136	0.2387
32	145	0.1024	5	1	2	0	0	0	0	0	0	N	Y	N	N	N	N	N	N	N	N	N	N	0.0000	0.0000	0.0000	0.0000	0.0000	0.0000	0.0000	0.0000	0.0000	0.0000	0.0000	0.0000	0.0000	0.0000	0.0000	0.0000	0.0000	0.0000	0.0000	0.0000	0.0006	1.0000	3.0000	1.0000	0.0000	0.0000	0.0000	0.0000	0.0000	0.0000	0.0000	0.0000	0.0000	0.0000	0.0000	0.0000	0.0000	0.0000	0.0000	0.0000	0.0000	0.0000	0.0000	0.0000	0.0000	0.0000	0.0000	0.0000	0.0000	0.0000	0.0000	0.0089	0.0034	0.0055	0.0002	0.0002	0.0000	0.0087	0.0032	0.0055	0.0000	0.0000	0.0000	0.0000	0.0000	0.0000	0.0000	0.0000	0.0000	0.0000	0.0000	0.0000	0.0000	0.0000	0.0000	0.0000	0.0000	0.0000											
32	146	0.1024	4	0	2	0	0	0	0	0	0	N	Y	N	N	N	N	N	N	N	N	N	N	0.0000	0.0000	0.0000	0.0000	0.0000	0.0000	0.0000	0.0000	0.0000	0.0000	0.0000	0.0000	0.0000	0.0000	0.0000	0.0000	0.0000	0.0000	0.0000	0.0000	0.0006	0.0003	3.0000	0.0000	0.0000	0.0000	0.0000	0.0000	0.0000	0.0000	0.0000	0.0000	0.0000	0.0000	0.0000	0.0000	0.0000	0.0000	0.0000	0.0000	0.0000	0.0000	0.0000	0.0000	0.0000	0.0000	0.0000	0.0000	0.0000	0.0000	0.0000	0.0000	0.0000	0.0000	0.0000	0.0000	0.0000	0.0000	0.0000	0.0000	0.0000	0.0000	0.0000	0.0000	0.0000	0.0000	0.0000	0.0000	0.0000	0.0000	0.0000	0.0000	0.0000	0.0000	0.0000	0.0000	0.0000	0.0000											
32	147	0.0838	3	0	1	0	0	0	0	0	0	N	N	N	N	N	N	N	N	N	N	N	N	inf	inf	inf	inf	inf	inf	0.3722	0.4071	0.0000	0.0001	0.0001	0.0000	0.7191	0.8316	0.0000	0.0000	0.0000	0.0000	0.0000	0.0000	0.0000	0.0000	0.0000	0.0000	0.0000	-0.0000	0.0000	0.0006	4.9449	3.0000	1.0063	0.0001	0.0001	0.0000	0.0000	0.0000	0.0000	0.0001	0.0001	0.0000	0.0000	0.0000	0.0000	0.0000	0.0000	0.0000	0.0000	0.0000	0.0000	0.0002	0.0002	0.0000	0.0001	0.0001	0.0000	0.0001	0.0001	0.0000	0.0299	0.0127	0.0172	0.0017	0.0016	0.0001	0.0282	0.0111	0.0171	inf	inf	0.0000	inf	inf	0.0000	inf	inf	0.0000	0.0000	0.0000	0.0000	0.0000	0.0000	0.0000	0.0000	0.0000	0.0000				
32	148	0.0673	2	0	1	0	0	0	0	0	0	N	N	N	N	N	N	N	N	N	N	N	N	inf	inf	inf	inf	inf	inf	inf	inf	0.0068	0.0074	0.0007	0.0149	0.0153	0.0000	0.0006	0.0006	0.0008	0.0000	0.0000	0.0000	0.0000	0.0000	0.0000	0.0000	0.0000	0.0000	0.0092	-0.0000	0.0000	0.0006	3.4778	3.0000	1.2917	0.0000	0.0000	0.0000	0.0000	0.0000	0.0000	0.0000	0.0000	0.0000	0.0000	0.0000	0.0000	0.0000	0.0000	0.0000	0.0000	0.0000	0.0000	0.0001	0.0001	0.0000	0.0001	0.0001	0.0000	0.0001	0.0001	0.0000	0.0410	0.0210	0.0200	0.0080	0.0077	0.0004	0.0329	0.0133	0.0196	inf	inf	inf	inf	inf	0.0000	inf	inf	inf	0.0000	0.0000	0.0000	0.0000	0.0000	0.0000	0.0000	0.0000	0.0000		
32	150	0.1443	3	0	1	0	0	0	0	0	0	N	N	N	N	N	N	N	N	N	N	N	N	0.0000	0.0000	0.0000	0.0000	0.0000	0.0000	0.0000	0.0000	0.0000	0.0000	0.0000	0.0000	0.0000	0.0032	0.0053	0.0000	0.0141	0.0142	0.0000	0.0000	0.0000	0.0000	0.0000	0.0000	-0.0001	0.0006	3.7255	3.0000	14.1767	0.0000	0.0000	0.0000	0.0000	0.0000	0.0000	0.0000	0.0000	0.0000	0.0001	0.0001	0.0000	0.0001	0.0001	0.0000	0.0000	0.0000	0.0000	0.0002	0.0002	0.0000	0.0001	0.0001	0.0000	0.0002	0.0001	0.0000	0.1596	0.0933	0.0663	0.0265	0.0244	0.0020	0.1331	0.0688	0.0643	0.0000	0.0000	0.0000	0.0000	0.0000	0.0000	0.0000	0.0000	0.0000	0.0006	0.0011	0.0000	0.0038	0.0041	0.0000	0.0000	0.0000	0.0000						
32	151	0.1279	2	0	1	0	0	0	0	0	0	N	N	N	N	N	N	N	N	N	N	N	N	0.0013	0.0000	0.0935	0.0199	0.0000	inf	0.0000	0.0000	0.0000	0.0000	0.0000	0.0001	0.0000	0.0000	0.0080	0.0000	0.0000	0.0000	0.0104	0.0051	0.0016	0.0019	0.0015	0.0000	0.0049	0.0224	0.0016	inf	1.0000	0.0000	-0.0000	0.0006	1.4205	3.0000	4.0377	0.0000	0.0000	0.0000	0.0000	0.0000	0.0000	0.0000	0.0000	0.0000	0.0001	0.0001	0.0001	0.0000	0.0000	0.0000	0.0001	0.0000	0.0001	0.0001	0.0001	0.0000	0.0000	0.0000	0.0000	0.0001	0.0001	0.0000	0.0949	0.0574	0.0374	0.0252	0.0242	0.0010	0.0697	0.0332	0.0364	0.0105	0.0000	0.0935	0.0468	0.0000	inf	0.0000	0.0000	0.0000	0.0013	0.0010	0.0016	0.0008	0.0008	0.0000	0.0014	0.0012	0.0016
33	34	0.0933	2	1	2	0	0	0	0	0	0	N	Y	N	N	N	N	N	N	N	N	N	N	inf	inf	inf	inf	1.8025	2.0049	0.0000	3.8966	4.1561	0.0000	0.0000	0.0000	0.0000	0.0000	0.0000	0.0000	0.0000	0.0000	0.0000	0.0000	0.0000	0.0000	0.0000	-0.2602	0.0000	2.0006	10.0001	8.0000	4.0001	1.0001	1.0001	0.0000	1.0001	1.0001	0.0000	0.0000	0.0000	0.0000	0.0000	0.0000	0.0000	0.0000	0.0000	0.0000	0.0000	0.0000	0.0000	0.5548	0.4988	0.0560	0.2567	0.2406	0.0160	0.2982	0.2582	0.0400	0.2182	0.0921	0.1261	0.0019	0.0018	0.0001	0.2164	0.0903	0.1261	inf	inf	0.0000	inf	inf	0.0000	0.0000	0.0000	0.0000	0.0000	0.0000	0.0000	0.0000	0.0000	0.0000	0.0000	0.0000	0.0000						
33	36	0.6082	4	0	2	0	0	0	0	0	0	N	Y	N	N	N	N	N	N	N	N	N	N	inf	inf	inf	inf	6.9846	7.7468	0.0000	11.1197	11.9743	0.0000	0.0000	0.0000	0.0000	0.0000	0.0000	0.0000	0.0000	0.0000	0.0000	0.0000	0.0000	0.0000	0.0000	-0.2602	0.0000	2.0006	3.0000	8.0000	3.0000	1.0001	1.0001	0.0000	1.0001	1.0001	0.0000	0.0000	0.0000	0.0000	0.0000	0.0000	0.0000	0.0000	0.0000	0.0000	0.0000	0.0000	0.0000	0.1432	0.1291	0.0141	0.0899	0.0835	0.0064	0.0532	0.0456	0.0077	0.0528	0.0262	0.0265	0.0174	0.0147	0.0026	0.0354	0.0115	0.0239	inf	inf	0.0000	inf	inf	0.0000	0.0000	0.0000	0.0000	0.0000	0.0000	0.0000	0.0000	0.0000	0.0000	0.0000	0.0000	0.0000						
33	37	0.0822	2	1	2	0	0	0	0	0	0	N	Y	N	N	N	N	N	N	N	N	N	N	0.0000	0.0000	0.0000	0.0000	0.0000	0.0000	0.0000	0.0000	0.0000	0.0000	0.0000	0.0000	0.0000	0.0000	0.0000	0.0000	0.0000	0.0000	0.0000	0.0000	2.0006	4.2779	8.0000	3.9542	0.0000	0.0000	0.0000	0.0000	0.0000	0.0000	0.0000	0.0000	0.0000	0.0000	0.0000	0.0000	0.0000	0.0000	0.0000	0.0000	0.0000	0.0000	0.3432	0.3035	0.0397	0.0294	0.0284	0.0010	0.3138	0.2751	0.0387	0.2295	0.1222	0.1073	0.0067	0.0067	0.0001	0.2227	0.1155	0.1072	0.0000	0.0000	0.0000	0.0000	0.0000	0.0000	0.0000	0.0000	0.0000	0.0000	0.0000	0.0000	0.0000	0.0000	0.0000	0.0000	0.0000	0.0000											
33	38	0.6748	8	1	2	0	0	0	0	0	0	N	Y	N	N	N	N	N	N	N	N	N	N	0.1526	inf	0.0000	inf	inf	0.0000	0.0000	0.0004	0.0004	0.0000	0.0007	0.0007	0.0000	0.0000	0.0000	0.0000	0.0025	0.0000	0.0013	0.0000	0.0000	0.0000	0.0022	0.0000	0.0015	0.0000	inf	-0.0000	0.0000	2.0006	2.8243	8.0000	1.0201	0.0001	0.0001	0.0000	0.0001	0.0001	0.0000	0.0000	0.0000	0.0000	0.0000	0.0000	0.0000	0.0000	0.0000	0.0000	0.0000	0.0000	0.0000	0.1847	0.1651	0.0197	0.1024	0.0953	0.0071	0.0824	0.0698	0.0126	0.0555	0.0327	0.0228	0.0243	0.0214	0.0029	0.0312	0.0114	0.0199	0.7009	inf	0.0000	inf	inf	0.0000	0.0000	0.0000	0.0000	0.0005	0.0000	0.0013	0.0000	0.0000	0.0000	0.0010	0.0000	0.0015		
33	39	0.0933	2	0	2	0	0	0	0	0	0	N	Y	N	N	N	N	N	N	N	N	N	N	inf	inf	inf	inf	3.1651	3.5135	0.0000	6.3874	6.8069	0.0000	0.0000	0.0000	0.0000	0.0000	0.0000	0.0000	0.0000	0.0000	0.0000	0.0000	0.0000	0.0000	0.0000	-0.2602	0.0000	2.0006	5.0001	8.0000	5.0000	1.0000	1.0000	0.0000	1.0000	1.0000	0.0000	0.0000	0.0000	0.0000	0.0000	0.0000	0.0000	0.0000	0.0000	0.0000	0.0000	0.0000	0.0000	0.3159	0.2846	0.0313	0.1566	0.1469	0.0096	0.1594	0.1377	0.0217	0.1622	0.0681	0.0941	0.0014	0.0013	0.0001	0.1609	0.0668	0.0941	inf	inf	0.0000	inf	inf	0.0000	0.0000	0.0000	0.0000	0.0000	0.0000	0.0000	0.0000	0.0000	0.0000	0.0000	0.0000	0.0000						
33	40	0.6306	5	0	2	0	0	0	0	0	0	N	Y	N	N	N	N	N	N	N	N	N	N	0.0000	0.0000	0.0000	0.0000	0.0000	0.0000	0.0000	0.0000	0.0000	0.0000	0.0000	0.0000	0.0000	0.0000	0.0000	0.0000	0.0000	0.0000	0.0000	0.0000	2.0006	0.0000	8.0000	2.0000	0.0000	0.0000	0.0000	0.0000	0.0000	0.0000	0.0000	0.0000	0.0000	0.0000	0.0000	0.0000	0.0000	0.0000	0.0000	0.0000	0.0000	0.0000	0.0000	0.0000	0.0000	0.0000	0.0000	0.0000	0.0000	0.0000	0.0000	0.0320	0.0182	0.0138	0.0145	0.0124	0.0021	0.0175	0.0058	0.0118	0.0000	0.0000	0.0000	0.0000	0.0000	0.0000	0.0000	0.0000	0.0000	0.0000	0.0000	0.0000	0.0000	0.0000	0.0000	0.0000	0.0000	0.0000											
33	41	0.0933	2	0	2	0	0	0	0	0	0	N	Y	N	N	N	N	N	N	N	N	N	N	0.4001	inf	0.0000	inf	inf	0.0000	0.0000	2.7126	3.0127	0.0000	5.5546	5.9207	0.0000	0.0000	0.0000	0.0000	6.7797	0.0000	19.4511	0.0000	0.0000	0.0000	6.8378	0.0000	20.7414	0.0000	inf	-0.2602	0.4781	2.0006	5.9998	8.0000	3.0000	1.0001	1.0001	0.0000	1.0001	1.0001	0.0000	0.0000	0.0000	0.0000	1.0000	0.0000	1.0000	0.0000	0.0000	0.0000	1.0000	0.0000	1.0000	0.3687	0.3320	0.0367	0.1800	0.1689	0.0111	0.1886	0.1630	0.0256	0.1475	0.0618	0.0857	0.0013	0.0012	0.0001	0.1462	0.0606	0.0856	0.4001	inf	0.0000	inf	inf	0.0000	0.0000	0.0000	0.0000	6.7797	0.0000	11.6719	0.0000	0.0000	0.0000	6.8378	0.0000	11.6803		
33	42	0.6967	9	0	2	1	1	0	0	0	0	N	Y	N	N	N	N	N	N	N	N	N	N	0.0000	0.0000	0.0000	0.0000	0.0000	0.0000	0.0000	0.0000	0.0000	0.0000	0.0000	0.0000	0.0000	0.0000	0.0000	0.0000	0.0000	0.0000	0.0000	0.0000	2.0006	0.0011	8.0000	1.0134	0.0000	0.0000	0.0000	0.0000	0.0000	0.0000	0.0000	0.0000	0.0000	0.0000	0.0000	0.0000	0.0000	0.0000	0.0000	0.0000	0.0000	0.0000	0.0002	0.0002	0.0000	0.0002	0.0002	0.0000	0.0001	0.0000	0.0000	0.0163	0.0098	0.0065	0.0068	0.0062	0.0006	0.0095	0.0036	0.0059	0.0000	0.0000	0.0000	0.0000	0.0000	0.0000	0.0000	0.0000	0.0000	0.0000	0.0000	0.0000	0.0000	0.0000	0.0000	0.0000	0.0000	0.0000											
33	43	0.6748	8	0	1	0	1	0	0	0	0	N	N	N	N	N	N	N	N	N	N	N	N	0.0000	inf	0.0000	inf	inf	0.0000	0.0000	0.0000	0.0000	0.0000	0.0000	0.0000	0.0000	0.0000	0.0000	0.0000	0.0042	0.0000	0.0017	0.0000	0.0000	0.0000	0.0036	0.0000	0.0020	0.0000	inf	-0.0000	0.0000	2.0006	2.8187	8.0000	0.0347	0.0000	0.0000	0.0000	0.0000	0.0000	0.0000	0.0000	0.0000	0.0000	0.0000	0.0000	0.0000	0.0000	0.0000	0.0000	0.0000	0.0000	0.0000	0.1844	0.1648	0.0196	0.1022	0.0951	0.0071	0.0822	0.0696	0.0126	0.0422	0.0250	0.0172	0.0184	0.0163	0.0022	0.0237	0.0087	0.0150	0.0000	inf	0.0000	inf	inf	0.0000	0.0000	0.0000	0.0000	0.0007	0.0000	0.0017	0.0000	0.0000	0.0000	0.0013	0.0000	0.0020		
33	44	0.6621	7	0	1	0	0	0	0	0	0	N	N	N	N	N	N	N	N	N	N	N	N	0.0000	0.0000	0.0000	0.0000	0.0000	0.0000	0.0000	0.0000	0.0000	0.0000	0.0000	0.0000	0.0000	0.0000	0.0000	0.0000	0.0131	0.0117	0.0009	0.0061	0.0061	0.0000	0.0011	0.0000	0.0011	0.0000	0.3333	-0.0000	-0.0000	2.0006	0.9605	8.0000	1.0076	0.0000	0.0000	0.0000	0.0000	0.0000	0.0000	0.0000	0.0000	0.0000	0.0000	0.0000	0.0000	0.0000	0.0000	0.0000	0.0000	0.0000	0.0000	0.1085	0.0993	0.0092	0.0602	0.0576	0.0026	0.0483	0.0417	0.0067	0.0275	0.0170	0.0105	0.0140	0.0122	0.0018	0.0135	0.0048	0.0087	0.0000	0.0000	0.0000	0.0000	0.0000	0.0000	0.0000	0.0000	0.0000	0.0015	0.0018	0.0009	0.0021	0.0025	0.0000	0.0007	0.0000	0.0011		
33	45	0.1052	4	0	2	1	1	0	0	0	0	N	Y	N	N	N	N	N	N	N	N	N	N	0.0000	0.0000	0.0000	0.0000	0.0000	0.0000	0.0000	0.0000	0.0000	0.0000	0.0000	0.0000	0.0000	0.0000	0.0000	0.0000	0.0000	0.0000	0.0000	0.0000	2.0006	1.0000	8.0000	1.0000	0.0000	0.0000	0.0000	0.0000	0.0000	0.0000	0.0000	0.0000	0.0000	0.0000	0.0000	0.0000	0.0000	0.0000	0.0000	0.0000	0.0000	0.0000	0.0795	0.0696	0.0099	0.0031	0.0029	0.0002	0.0764	0.0667	0.0097	0.0616	0.0331	0.0285	0.0011	0.0011	0.0000	0.0604	0.0320	0.0285	0.0000	0.0000	0.0000	0.0000	0.0000	0.0000	0.0000	0.0000	0.0000	0.0000	0.0000	0.0000	0.0000	0.0000	0.0000	0.0000	0.0000	0.0000											
33	46	0.6082	4	0	2	0	0	0	0	0	0	N	Y	N	N	N	N	N	N	N	N	N	N	0.0000	0.0000	0.0000	0.0000	0.0000	0.0000	0.0000	0.0000	0.0000	0.0000	0.0000	0.0000	0.0000	0.0000	0.0000	0.0000	0.0000	0.0000	0.0000	0.0000	2.0006	0.0000	8.0000	0.0000	0.0000	0.0000	0.0000	0.0000	0.0000	0.0000	0.0000	0.0000	0.0000	0.0000	0.0000	0.0000	0.0000	0.0000	0.0000	0.0000	0.0000	0.0000	0.0000	0.0000	0.0000	0.0000	0.0000	0.0000	0.0000	0.0000	0.0000	0.0000	0.0000	0.0000	0.0000	0.0000	0.0000	0.0000	0.0000	0.0000	0.0000	0.0000	0.0000	0.0000	0.0000	0.0000	0.0000	0.0000	0.0000	0.0000	0.0000	0.0000	0.0000	0.0000	0.0000	0.0000	0.0000	0.0000											
33	47	0.6621	7	0	2	0	1	0	0	0	0	N	Y	N	N	N	N	N	N	N	N	N	N	0.0000	0.0000	0.0000	0.0000	0.0000	0.0000	0.0000	0.0000	0.0000	0.0000	0.0000	0.0000	0.0000	0.0000	0.0000	0.0000	0.0000	0.0000	0.0000	0.0000	2.0006	0.0000	8.0000	1.0000	0.0000	0.0000	0.0000	0.0000	0.0000	0.0000	0.0000	0.0000	0.0000	0.0000	0.0000	0.0000	0.0000	0.0000	0.0000	0.0000	0.0000	0.0000	0.0520	0.0489	0.0031	0.0260	0.0260	0.0000	0.0260	0.0229	0.0031	0.0148	0.0093	0.0055	0.0076	0.0066	0.0009	0.0073	0.0027	0.0046	0.0000	0.0000	0.0000	0.0000	0.0000	0.0000	0.0000	0.0000	0.0000	0.0000	0.0000	0.0000	0.0000	0.0000	0.0000	0.0000	0.0000	0.0000											
33	48	0.6082	4	1	2	0	0	0	0	0	0	N	Y	N	N	N	N	N	N	N	N	N	N	0.0000	0.0000	0.0000	0.0000	0.0000	0.0000	0.0000	0.0000	0.0000	0.0000	0.0000	0.0000	0.0000	0.0000	0.0000	0.0000	0.0000	0.0000	0.0000	0.0000	2.0006	0.0000	8.0000	4.0000	0.0000	0.0000	0.0000	0.0000	0.0000	0.0000	0.0000	0.0000	0.0000	0.0000	0.0000	0.0000	0.0000	0.0000	0.0000	0.0000	0.0000	0.0000	0.0000	0.0000	0.0000	0.0000	0.0000	0.0000	0.0000	0.0000	0.0000	0.0360	0.0179	0.0182	0.0118	0.0100	0.0018	0.0243	0.0079	0.0164	0.0000	0.0000	0.0000	0.0000	0.0000	0.0000	0.0000	0.0000	0.0000	0.0000	0.0000	0.0000	0.0000	0.0000	0.0000	0.0000	0.0000	0.0000											
33	49	0.6829	8	0	1	1	0	0	0	0	0	N	N	N	N	N	N	N	N	N	N	N	N	0.0000	0.0000	0.0000	0.0000	0.0000	0.0000	0.0000	0.0000	0.0000	0.0000	0.0000	0.0000	0.0000	0.0000	0.0000	0.0000	0.0000	0.0000	0.0000	0.0000	2.0006	0.0000	8.0000	0.0000	0.0000	0.0000	0.0000	0.0000	0.0000	0.0000	0.0000	0.0000	0.0000	0.0000	0.0000	0.0000	0.0000	0.0000	0.0000	0.0000	0.0000	0.0000	0.0000	0.0000	0.0000	0.0000	0.0000	0.0000	0.0000	0.0000	0.0000	0.0000	0.0000	0.0000	0.0000	0.0000	0.0000	0.0000	0.0000	0.0000	0.0000	0.0000	0.0000	0.0000	0.0000	0.0000	0.0000	0.0000	0.0000	0.0000	0.0000	0.0000	0.0000	0.0000	0.0000	0.0000	0.0000	0.0000											
33	50	0.1143	3	0	1	1	0	0	0	0	0	N	N	N	N	N	N	N	N	N	N	N	N	0.0000	0.0000	0.0000	0.0000	0.0000	0.0000	0.0000	0.0000	0.0000	0.0000	0.0000	0.0000	0.0000	0.0000	0.0000	0.0000	0.0000	0.0000	0.0000	0.0000	2.0006	1.0000	8.0000	1.0000	0.0000	0.0000	0.0000	0.0000	0.0000	0.0000	0.0000	0.0000	0.0000	0.0000	0.0000	0.0000	0.0000	0.0000	0.0000	0.0000	0.0000	0.0000	0.0655	0.0576	0.0080	0.0132	0.0120	0.0011	0.0524	0.0455	0.0068	0.0495	0.0247	0.0247	0.0024	0.0021	0.0003	0.0471	0.0226	0.0245	0.0000	0.0000	0.0000	0.0000	0.0000	0.0000	0.0000	0.0000	0.0000	0.0000	0.0000	0.0000	0.0000	0.0000	0.0000	0.0000	0.0000	0.0000											
33	51	0.1188	3	0	2	0	0	0	0	0	0	N	Y	N	N	N	N	N	N	N	N	N	N	0.0000	0.0000	0.0000	0.0000	0.0000	0.0000	0.0000	0.0000	0.0000	0.0000	0.0000	0.0000	0.0000	0.0000	0.0000	0.0000	0.0000	0.0000	0.0000	0.0000	2.0006	0.0003	8.0000	0.9690	0.0000	0.0000	0.0000	0.0000	0.0000	0.0000	0.0000	0.0000	0.0000	0.0000	0.0000	0.0000	0.0000	0.0000	0.0000	0.0000	0.0000	0.0000	0.0001	0.0001	0.0000	0.0000	0.0000	0.0000	0.0001	0.0001	0.0000	0.0492	0.0350	0.0143	0.0190	0.0164	0.0026	0.0302	0.0186	0.0116	0.0000	0.0000	0.0000	0.0000	0.0000	0.0000	0.0000	0.0000	0.0000	0.0000	0.0000	0.0000	0.0000	0.0000	0.0000	0.0000	0.0000	0.0000											
33	52	0.6862	8	0	2	0	0	0	0	0	0	N	Y	N	N	N	N	N	N	N	N	N	N	0.0000	0.0000	0.0000	0.0000	0.0000	0.0000	0.0000	0.0000	0.0000	0.0000	0.0000	0.0000	0.0000	0.0000	0.0000	0.0000	0.0000	0.0000	4.8493	6.4579	4.3089	5.8656	5.9830	0.0071	6.2459	12.1506	1.9349	0.0387	0.0000	-0.0775	2.0006	0.9211	8.0000	0.1671	0.0000	0.0000	0.0000	0.0000	0.0000	0.0000	0.0000	0.0000	0.0000	0.1598	0.1539	0.0060	0.0773	0.0773	0.0000	0.0825	0.0766	0.0059	0.0932	0.0853	0.0079	0.0670	0.0631	0.0039	0.0262	0.0223	0.0040	0.0330	0.0238	0.0091	0.0197	0.0175	0.0022	0.0132	0.0063	0.0069	0.0000	0.0000	0.0000	0.0000	0.0000	0.0000	0.0000	0.0000	0.0000	4.8493	6.4579	0.6517	3.9145	4.4098	0.0045	6.2459	12.1506	0.8596	
33	53	0.1052	4	0	2	0	0	0	0	0	0	N	Y	N	N	N	N	N	N	N	N	N	N	0.0000	0.0000	0.0000	0.0000	0.0000	0.0000	0.0000	0.0000	0.0000	0.0000	0.0000	0.0000	0.0000	0.0000	0.0000	0.0000	0.0000	0.0000	0.0000	0.0000	2.0006	1.0000	8.0000	5.0000	0.0000	0.0000	0.0000	0.0000	0.0000	0.0000	0.0000	0.0000	0.0000	0.0000	0.0000	0.0000	0.0000	0.0000	0.0000	0.0000	0.0000	0.0000	0.0795	0.0696	0.0099	0.0031	0.0029	0.0002	0.0764	0.0667	0.0097	0.1696	0.0905	0.0791	0.0031	0.0031	0.0000	0.1665	0.0874	0.0791	0.0000	0.0000	0.0000	0.0000	0.0000	0.0000	0.0000	0.0000	0.0000	0.0000	0.0000	0.0000	0.0000	0.0000	0.0000	0.0000	0.0000	0.0000											
33	54	0.0900	3	0	1	0	0	0	0	0	0	N	N	N	N	N	N	N	N	N	N	N	N	0.0000	0.0000	0.0000	0.0000	0.0000	0.0000	0.0000	0.0000	0.0000	0.0000	0.0000	0.0000	0.0000	0.0000	0.0000	0.0000	0.0000	0.0000	0.0000	0.0000	2.0006	0.0000	8.0000	2.9157	0.0000	0.0000	0.0000	0.0000	0.0000	0.0000	0.0000	0.0000	0.0000	0.0000	0.0000	0.0000	0.0000	0.0000	0.0000	0.0000	0.0000	0.0000	0.0000	0.0000	0.0000	0.0000	0.0000	0.0000	0.0000	0.0000	0.0000	0.1026	0.0546	0.0480	0.0088	0.0088	0.0000	0.0938	0.0458	0.0480	0.0000	0.0000	0.0000	0.0000	0.0000	0.0000	0.0000	0.0000	0.0000	0.0000	0.0000	0.0000	0.0000	0.0000	0.0000	0.0000	0.0000	0.0000											
33	55	0.6621	7	0	2	0	0	0	0	0	0	N	Y	N	N	N	N	N	N	N	N	N	N	0.0000	0.0000	0.0000	0.0000	0.0000	0.0000	0.0000	0.0000	0.0000	0.0000	0.0000	0.0000	0.0000	0.0000	0.0000	0.0000	0.0000	0.0000	0.0000	0.0000	2.0006	2.0000	8.0000	3.0000	0.0000	0.0000	0.0000	0.0000	0.0000	0.0000	0.0000	0.0000	0.0000	0.0000	0.0000	0.0000	0.0000	0.0000	0.0000	0.0000	0.0000	0.0000	0.1666	0.1511	0.0155	0.0947	0.0895	0.0052	0.0719	0.0615	0.0104	0.0657	0.0401	0.0256	0.0336	0.0291	0.0045	0.0321	0.0110	0.0211	0.0000	0.0000	0.0000	0.0000	0.0000	0.0000	0.0000	0.0000	0.0000	0.0000	0.0000	0.0000	0.0000	0.0000	0.0000	0.0000	0.0000	0.0000											
33	56	0.0822	2	0	2	0	1	0	0	0	0	N	Y	N	N	N	N	N	N	N	N	N	N	0.0000	0.0000	0.0000	0.0000	0.0000	0.0000	0.0000	0.0000	0.0000	0.0000	0.0000	0.0000	0.0000	4.1767	0.0000	17.4448	0.0000	0.0000	0.0000	4.3003	0.0000	19.0125	inf	0.0000	0.4781	2.0006	1.7218	8.0000	6.9557	0.0000	0.0000	0.0000	0.0000	0.0000	0.0000	0.0000	0.0000	0.0000	1.0000	0.0000	1.0000	0.0000	0.0000	0.0000	1.0000	0.0000	1.0000	0.1748	0.1556	0.0192	0.0247	0.0243	0.0004	0.1501	0.1313	0.0188	0.2394	0.1273	0.1121	0.0069	0.0068	0.0001	0.2325	0.1205	0.1120	0.0000	0.0000	0.0000	0.0000	0.0000	0.0000	0.0000	0.0000	0.0000	4.1767	0.0000	8.9223	0.0000	0.0000	0.0000	4.3003	0.0000	8.9267						
33	57	0.0933	2	1	1	1	0	0	0	0	0	N	N	N	N	N	N	N	N	N	N	N	N	0.0000	0.0000	0.0000	0.0000	0.0000	0.0000	0.0000	0.0000	0.0000	0.0000	0.0000	0.0000	0.0000	13.7464	0.0000	30.7710	0.0000	0.0000	0.0000	13.8658	0.0000	34.8521	inf	0.0000	1.4343	2.0006	8.9999	8.0000	5.0001	0.0000	0.0000	0.0000	0.0000	0.0000	0.0000	0.0000	0.0000	0.0000	3.0000	0.0000	3.0000	0.0000	0.0000	0.0000	3.0000	0.0000	3.0000	0.5116	0.4601	0.0515	0.2397	0.2248	0.0149	0.2718	0.2353	0.0366	0.2182	0.0921	0.1261	0.0019	0.0018	0.0001	0.2164	0.0903	0.1261	0.0000	0.0000	0.0000	0.0000	0.0000	0.0000	0.0000	0.0000	0.0000	13.7464	0.0000	23.7820	0.0000	0.0000	0.0000	13.8658	0.0000	23.7998						
33	58	0.6082	4	1	1	1	0	0	0	0	0	N	N	N	N	N	N	N	N	N	N	N	N	0.0000	0.0000	0.0000	0.0000	0.0000	0.0000	0.0000	0.0000	0.0000	0.0000	0.0000	0.0000	0.0000	0.0000	0.0000	0.0000	0.0000	0.0000	0.0000	0.0000	2.0006	0.0000	8.0000	1.0000	0.0000	0.0000	0.0000	0.0000	0.0000	0.0000	0.0000	0.0000	0.0000	0.0000	0.0000	0.0000	0.0000	0.0000	0.0000	0.0000	0.0000	0.0000	0.0000	0.0000	0.0000	0.0000	0.0000	0.0000	0.0000	0.0000	0.0000	0.0093	0.0046	0.0047	0.0030	0.0026	0.0005	0.0063	0.0021	0.0043	0.0000	0.0000	0.0000	0.0000	0.0000	0.0000	0.0000	0.0000	0.0000	0.0000	0.0000	0.0000	0.0000	0.0000	0.0000	0.0000	0.0000	0.0000											
33	59	0.1188	3	0	1	1	0	0	0	0	0	N	N	N	N	N	N	N	N	N	N	N	N	0.0000	0.0000	0.0000	0.0000	0.0000	0.0000	0.0000	0.0000	0.0000	0.0000	0.0000	0.0000	0.0000	0.0000	0.6347	0.8810	0.0000	0.6633	0.7049	0.0000	0.0000	0.0000	0.0000	0.0000	0.0000	-0.0005	2.0006	0.0006	8.0000	1.1867	0.0000	0.0000	0.0000	0.0000	0.0000	0.0000	0.0000	0.0000	0.0000	0.0009	0.0009	0.0000	0.0009	0.0009	0.0000	0.0000	0.0000	0.0000	0.0001	0.0001	0.0000	0.0000	0.0000	0.0000	0.0001	0.0001	0.0000	0.0562	0.0389	0.0172	0.0212	0.0180	0.0032	0.0350	0.0209	0.0141	0.0000	0.0000	0.0000	0.0000	0.0000	0.0000	0.0000	0.0000	0.0000	0.0162	0.0234	0.0000	0.0430	0.0505	0.0000	0.0000	0.0000	0.0000					
33	60	0.0822	2	0	1	0	0	0	0	0	0	N	N	N	N	N	N	N	N	N	N	N	N	0.0000	0.0000	0.0000	0.0000	0.0000	0.0000	0.0000	0.0000	0.0000	0.0000	0.0000	0.0000	0.0000	0.0000	0.0000	0.1591	0.0123	0.0141	0.0000	0.0000	0.0000	0.0340	0.0436	0.0075	3.5500	0.0000	0.0002	2.0006	2.2785	8.0000	4.8627	0.0000	0.0000	0.0000	0.0000	0.0000	0.0000	0.0000	0.0000	0.0000	0.0009	0.0002	0.0007	0.0000	0.0000	0.0000	0.0009	0.0002	0.0007	0.2140	0.1900	0.0240	0.0257	0.0252	0.0005	0.1883	0.1648	0.0235	0.2043	0.1092	0.0952	0.0064	0.0063	0.0000	0.1980	0.1028	0.0951	0.0000	0.0000	0.0000	0.0000	0.0000	0.0000	0.0000	0.0000	0.0000	0.0045	0.0018	0.0075	0.0000	0.0000	0.0000	0.0046	0.0019	0.0075				
33	61	0.6862	8	0	1	1	0	0	0	0	0	N	N	N	N	N	N	N	N	N	N	N	N	0.0000	0.0000	0.0000	0.0000	0.0000	0.0000	0.0000	0.0000	0.0000	0.0000	0.0000	0.0000	0.0000	0.0000	0.0000	0.0000	28.6617	46.5211	0.0002	57.7860	66.6196	0.0000	0.0002	0.0000	0.0002	0.0000	0.0000	-2.0446	2.0006	1.0901	8.0000	7.9319	0.0000	0.0000	0.0000	0.0000	0.0000	0.0000	0.0000	0.0000	0.0000	3.9175	3.9175	0.0000	3.9175	3.9175	0.0000	0.0000	0.0000	0.0000	0.1034	0.0944	0.0090	0.0725	0.0682	0.0043	0.0309	0.0262	0.0047	0.1367	0.0842	0.0525	0.0678	0.0588	0.0090	0.0689	0.0254	0.0435	0.0000	0.0000	0.0000	0.0000	0.0000	0.0000	0.0000	0.0000	0.0000	28.6617	46.5211	0.0002	57.7860	66.6196	0.0000	0.0001	0.0000	0.0002			
33	62	0.6561	7	0	1	0	0	0	0	0	0	N	N	N	N	N	N	N	N	N	N	N	N	0.0000	0.0000	0.0000	0.0000	0.0000	0.0000	0.0000	0.0000	0.0000	0.0000	0.0000	0.0000	0.0000	0.0000	0.0000	0.0000	0.0000	0.0000	14.8153	24.1645	0.0009	29.6896	34.1571	0.0035	0.0008	0.0139	0.0005	0.0000	0.0000	-0.4852	2.0006	1.6797	8.0000	2.9843	0.0000	0.0000	0.0000	0.0000	0.0000	0.0000	0.0000	0.0000	0.0000	0.9298	0.9298	0.0000	0.9298	0.9298	0.0000	0.0000	0.0000	0.0000	0.1490	0.1354	0.0136	0.0847	0.0803	0.0044	0.0643	0.0551	0.0092	0.0628	0.0385	0.0243	0.0313	0.0272	0.0041	0.0314	0.0113	0.0202	0.0000	0.0000	0.0000	0.0000	0.0000	0.0000	0.0000	0.0000	0.0000	14.8153	24.1645	0.0009	29.6896	34.1571	0.0026	0.0006	0.0008	0.0005	
33	63	0.6459	6	0	1	0	0	0	0	0	0	N	N	N	N	N	N	N	N	N	N	N	N	0.0004	0.0000	1.7198	0.0018	0.0000	inf	0.0000	0.0000	0.0001	0.0000	0.0016	0.0002	0.0000	0.0072	0.0000	0.0000	0.0000	0.2775	0.4475	0.0009	0.1246	0.1340	0.0000	0.0011	0.0000	0.0011	inf	0.0625	0.0000	-0.0001	2.0006	0.4935	8.0000	1.5835	0.0000	0.0000	0.0000	0.0000	0.0000	0.0000	0.0000	0.0000	0.0000	0.0002	0.0002	0.0000	0.0002	0.0002	0.0000	0.0000	0.0000	0.0000	0.0818	0.0755	0.0063	0.0443	0.0429	0.0014	0.0375	0.0325	0.0049	0.0279	0.0170	0.0109	0.0143	0.0124	0.0019	0.0136	0.0046	0.0090	0.0201	0.0000	1.7198	0.0202	0.0000	inf	0.0000	0.0000	0.0000	0.0061	0.0094	0.0009	0.0112	0.0129	0.0000	0.0007	0.0000	0.0011	
33	64	0.6829	8	0	2	0	0	0	0	0	0	N	Y	N	N	N	N	N	N	N	N	N	N	0.0000	0.0000	0.0000	0.0000	0.0000	0.0000	0.0000	0.0000	0.0000	0.0000	0.0000	0.0000	0.0000	0.0000	0.0000	0.0000	0.0000	0.0000	0.0000	0.0000	2.0006	0.2944	8.0000	1.0083	0.0000	0.0000	0.0000	0.0000	0.0000	0.0000	0.0000	0.0000	0.0000	0.0000	0.0000	0.0000	0.0000	0.0000	0.0000	0.0000	0.0000	0.0000	0.0316	0.0273	0.0043	0.0250	0.0217	0.0033	0.0066	0.0056	0.0011	0.0172	0.0105	0.0067	0.0090	0.0078	0.0013	0.0082	0.0028	0.0054	0.0000	0.0000	0.0000	0.0000	0.0000	0.0000	0.0000	0.0000	0.0000	0.0000	0.0000	0.0000	0.0000	0.0000	0.0000	0.0000	0.0000	0.0000											
33	65	0.6621	7	0	1	0	0	0	0	0	0	N	N	N	N	N	N	N	N	N	N	N	N	0.0000	0.0000	0.0000	0.0000	0.0000	0.0000	0.0000	0.0000	0.0000	0.0000	0.0000	0.0000	0.0000	0.0006	0.0000	0.0006	0.0000	0.0000	0.0000	0.0005	0.0000	0.0007	inf	0.0000	0.0000	2.0006	1.1351	8.0000	2.0429	0.0000	0.0000	0.0000	0.0000	0.0000	0.0000	0.0000	0.0000	0.0000	0.0000	0.0000	0.0000	0.0000	0.0000	0.0000	0.0000	0.0000	0.0000	0.1185	0.1082	0.0103	0.0662	0.0631	0.0030	0.0523	0.0450	0.0073	0.0430	0.0264	0.0167	0.0220	0.0191	0.0029	0.0211	0.0073	0.0138	0.0000	0.0000	0.0000	0.0000	0.0000	0.0000	0.0000	0.0000	0.0000	0.0002	0.0000	0.0006	0.0000	0.0000	0.0000	0.0005	0.0000	0.0007						
33	66	0.6459	6	0	1	0	0	0	0	0	0	N	N	N	N	N	N	N	N	N	N	N	N	0.0553	0.0000	2.3960	0.1900	0.0000	inf	0.0000	0.0000	0.0001	0.0000	0.0016	0.0002	0.0000	0.0073	0.0000	0.0000	0.0000	0.0022	0.0011	0.0007	0.0012	0.0010	0.0000	0.0006	0.0000	0.0008	inf	1.0000	0.0000	-0.0000	2.0006	0.4912	8.0000	2.4266	0.0000	0.0000	0.0000	0.0000	0.0000	0.0000	0.0000	0.0000	0.0000	0.0000	0.0000	0.0000	0.0000	0.0000	0.0000	0.0000	0.0000	0.0000	0.0816	0.0753	0.0063	0.0442	0.0428	0.0014	0.0374	0.0325	0.0049	0.0387	0.0236	0.0151	0.0199	0.0172	0.0027	0.0188	0.0064	0.0124	0.2373	0.0000	2.3960	0.4500	0.0000	inf	0.0000	0.0000	0.0000	0.0005	0.0004	0.0007	0.0005	0.0006	0.0000	0.0005	0.0000	0.0008	
33	67	0.6408	5	0	1	0	0	0	0	0	0	N	N	N	N	N	N	N	N	N	N	N	N	0.0069	0.0454	0.2657	5.3301	0.0964	inf	0.0000	0.0000	0.0059	0.0001	0.0788	0.0096	0.0002	0.2452	0.0000	0.0000	0.0000	0.8646	0.0021	0.2966	0.0018	0.0016	0.0000	0.8094	0.0000	0.1671	65.0423	89.0740	0.0005	0.0004	2.0006	0.6141	8.0000	1.2701	0.0007	0.0000	0.0006	0.0007	0.0000	0.0006	0.0000	0.0000	0.0000	0.0009	0.0000	0.0009	0.0000	0.0000	0.0000	0.0009	0.0000	0.0009	0.1114	0.1032	0.0082	0.0689	0.0662	0.0027	0.0425	0.0369	0.0056	0.0264	0.0163	0.0101	0.0136	0.0118	0.0017	0.0129	0.0045	0.0084	0.1739	0.1578	0.8981	13.0001	0.1784	inf	0.0000	0.0000	0.0000	0.0341	0.0006	0.0877	0.0007	0.0008	0.0000	0.0692	0.0000	0.1060	
33	68	0.6082	4	1	2	1	0	0	0	0	0	N	Y	N	N	N	N	N	N	N	N	N	N	0.0000	0.0000	0.0000	0.0000	0.0000	0.0000	0.0000	0.0000	0.0000	0.0000	0.0000	0.0000	0.0000	0.0000	0.0000	0.0000	0.0000	0.0000	0.0000	0.0000	2.0006	0.0000	8.0000	0.0000	0.0000	0.0000	0.0000	0.0000	0.0000	0.0000	0.0000	0.0000	0.0000	0.0000	0.0000	0.0000	0.0000	0.0000	0.0000	0.0000	0.0000	0.0000	0.0000	0.0000	0.0000	0.0000	0.0000	0.0000	0.0000	0.0000	0.0000	0.0000	0.0000	0.0000	0.0000	0.0000	0.0000	0.0000	0.0000	0.0000	0.0000	0.0000	0.0000	0.0000	0.0000	0.0000	0.0000	0.0000	0.0000	0.0000	0.0000	0.0000	0.0000	0.0000	0.0000	0.0000	0.0000	0.0000											
33	69	0.1386	4	1	2	1	0	0	0	0	0	N	Y	N	N	N	N	N	N	N	N	N	N	0.0000	0.0000	0.0000	0.0000	0.0000	0.0000	0.0000	0.0000	0.0000	0.0000	0.0000	0.0000	0.0000	0.0000	0.0000	0.0000	0.0000	0.0000	0.0000	0.0000	2.0006	1.0000	8.0000	0.0000	0.0000	0.0000	0.0000	0.0000	0.0000	0.0000	0.0000	0.0000	0.0000	0.0000	0.0000	0.0000	0.0000	0.0000	0.0000	0.0000	0.0000	0.0000	0.0972	0.0894	0.0078	0.0711	0.0668	0.0043	0.0261	0.0226	0.0035	0.0169	0.0064	0.0104	0.0004	0.0004	0.0000	0.0165	0.0061	0.0104	0.0000	0.0000	0.0000	0.0000	0.0000	0.0000	0.0000	0.0000	0.0000	0.0000	0.0000	0.0000	0.0000	0.0000	0.0000	0.0000	0.0000	0.0000											
33	70	0.1386	4	1	2	1	0	0	0	0	0	N	Y	N	N	N	N	N	N	N	N	N	N	0.0000	0.0000	0.0000	0.0000	0.0000	0.0000	0.0000	0.0000	0.0000	0.0000	0.0000	0.0000	0.0000	0.0000	0.0000	0.0000	0.0000	0.0000	0.0000	0.0000	2.0006	0.0000	8.0000	0.0000	0.0000	0.0000	0.0000	0.0000	0.0000	0.0000	0.0000	0.0000	0.0000	0.0000	0.0000	0.0000	0.0000	0.0000	0.0000	0.0000	0.0000	0.0000	0.0000	0.0000	0.0000	0.0000	0.0000	0.0000	0.0000	0.0000	0.0000	0.0000	0.0000	0.0000	0.0000	0.0000	0.0000	0.0000	0.0000	0.0000	0.0000	0.0000	0.0000	0.0000	0.0000	0.0000	0.0000	0.0000	0.0000	0.0000	0.0000	0.0000	0.0000	0.0000	0.0000	0.0000	0.0000	0.0000											
33	71	0.1162	3	1	2	1	0	0	0	0	0	N	Y	N	N	N	N	N	N	N	N	N	N	0.0000	0.0000	0.0000	0.0000	0.0000	0.0000	0.0000	0.0000	0.0000	0.0000	0.0000	0.0000	0.0000	0.0000	0.0000	0.0000	0.0000	0.0000	0.0000	0.0000	2.0006	2.0000	8.0000	1.0000	0.0000	0.0000	0.0000	0.0000	0.0000	0.0000	0.0000	0.0000	0.0000	0.0000	0.0000	0.0000	0.0000	0.0000	0.0000	0.0000	0.0000	0.0000	0.1814	0.1663	0.0151	0.1240	0.1164	0.0077	0.0574	0.0500	0.0074	0.0530	0.0208	0.0323	0.0011	0.0010	0.0001	0.0519	0.0198	0.0322	0.0000	0.0000	0.0000	0.0000	0.0000	0.0000	0.0000	0.0000	0.0000	0.0000	0.0000	0.0000	0.0000	0.0000	0.0000	0.0000	0.0000	0.0000											
33	72	0.0933	2	1	1	1	0	0	0	0	0	N	N	N	N	N	N	N	N	N	N	N	N	0.0000	0.0000	0.0000	0.0000	0.0000	0.0000	0.0000	0.0000	0.0000	0.0000	0.0000	0.0000	0.0000	0.0000	0.0000	0.0000	0.0000	0.0000	0.0000	0.0000	2.0006	1.0017	8.0000	2.0007	0.0000	0.0000	0.0000	0.0000	0.0000	0.0000	0.0000	0.0000	0.0000	0.0000	0.0000	0.0000	0.0000	0.0000	0.0000	0.0000	0.0000	0.0000	0.0720	0.0650	0.0070	0.0380	0.0357	0.0023	0.0340	0.0293	0.0047	0.0524	0.0218	0.0306	0.0004	0.0004	0.0000	0.0519	0.0213	0.0306	0.0000	0.0000	0.0000	0.0000	0.0000	0.0000	0.0000	0.0000	0.0000	0.0000	0.0000	0.0000	0.0000	0.0000	0.0000	0.0000	0.0000	0.0000											
33	73	0.6274	5	1	2	0	0	0	0	0	0	N	Y	N	N	N	N	N	N	N	N	N	N	0.0000	0.0000	0.0000	0.0000	0.0000	0.0000	0.0000	0.0000	0.0000	0.0000	0.0000	0.0000	0.0000	0.0000	0.0000	0.0000	0.0000	0.0000	0.0000	0.0000	2.0006	0.0000	8.0000	0.0000	0.0000	0.0000	0.0000	0.0000	0.0000	0.0000	0.0000	0.0000	0.0000	0.0000	0.0000	0.0000	0.0000	0.0000	0.0000	0.0000	0.0000	0.0000	0.0000	0.0000	0.0000	0.0000	0.0000	0.0000	0.0000	0.0000	0.0000	0.0000	0.0000	0.0000	0.0000	0.0000	0.0000	0.0000	0.0000	0.0000	0.0000	0.0000	0.0000	0.0000	0.0000	0.0000	0.0000	0.0000	0.0000	0.0000	0.0000	0.0000	0.0000	0.0000	0.0000	0.0000	0.0000	0.0000											
33	74	0.1203	3	1	2	0	0	0	0	0	0	N	Y	N	N	N	N	N	N	N	N	N	N	0.0000	0.0000	0.0000	0.0000	0.0000	0.0000	0.0000	0.0000	0.0000	0.0000	0.0000	0.0000	0.0000	0.0000	0.0000	0.0000	0.0000	0.0000	0.0000	0.0000	2.0006	0.0000	8.0000	0.0010	0.0000	0.0000	0.0000	0.0000	0.0000	0.0000	0.0000	0.0000	0.0000	0.0000	0.0000	0.0000	0.0000	0.0000	0.0000	0.0000	0.0000	0.0000	0.0000	0.0000	0.0000	0.0000	0.0000	0.0000	0.0000	0.0000	0.0000	0.0078	0.0062	0.0015	0.0039	0.0039	0.0000	0.0039	0.0023	0.0015	0.0000	0.0000	0.0000	0.0000	0.0000	0.0000	0.0000	0.0000	0.0000	0.0000	0.0000	0.0000	0.0000	0.0000	0.0000	0.0000	0.0000	0.0000											
33	75	0.1094	5	0	2	0	1	0	0	0	0	N	Y	N	N	N	N	N	N	N	N	N	N	0.0000	0.0000	0.0000	0.0000	0.0000	0.0000	0.0000	0.0000	0.0000	0.0000	0.0000	0.0000	0.0000	0.0000	0.0000	0.0000	0.0000	0.0000	0.0000	0.0000	2.0006	0.0000	8.0000	0.0000	0.0000	0.0000	0.0000	0.0000	0.0000	0.0000	0.0000	0.0000	0.0000	0.0000	0.0000	0.0000	0.0000	0.0000	0.0000	0.0000	0.0000	0.0000	0.0000	0.0000	0.0000	0.0000	0.0000	0.0000	0.0000	0.0000	0.0000	0.0000	0.0000	0.0000	0.0000	0.0000	0.0000	0.0000	0.0000	0.0000	0.0000	0.0000	0.0000	0.0000	0.0000	0.0000	0.0000	0.0000	0.0000	0.0000	0.0000	0.0000	0.0000	0.0000	0.0000	0.0000	0.0000	0.0000											
33	76	0.1094	5	0	1	0	1	0	0	0	0	N	N	N	N	N	N	N	N	N	N	N	N	0.0000	0.0000	0.0000	0.0000	0.0000	0.0000	0.0000	0.0000	0.0000	0.0000	0.0000	0.0000	0.0000	0.0000	0.0000	0.0000	0.0000	0.0000	0.0000	0.0000	2.0006	0.0000	8.0000	0.0000	0.0000	0.0000	0.0000	0.0000	0.0000	0.0000	0.0000	0.0000	0.0000	0.0000	0.0000	0.0000	0.0000	0.0000	0.0000	0.0000	0.0000	0.0000	0.0000	0.0000	0.0000	0.0000	0.0000	0.0000	0.0000	0.0000	0.0000	0.0000	0.0000	0.0000	0.0000	0.0000	0.0000	0.0000	0.0000	0.0000	0.0000	0.0000	0.0000	0.0000	0.0000	0.0000	0.0000	0.0000	0.0000	0.0000	0.0000	0.0000	0.0000	0.0000	0.0000	0.0000	0.0000	0.0000											
33	77	0.0941	4	0	1	0	1	0	0	0	0	N	N	N	N	N	N	N	N	N	N	N	N	0.0000	0.0000	0.0000	0.0000	0.0000	0.0000	0.0000	0.0000	0.0000	0.0000	0.0000	0.0000	0.0000	0.0146	0.0209	0.0000	0.0161	0.0168	0.0000	0.0000	0.0000	0.0000	0.0000	0.0000	-0.0001	2.0006	0.0002	8.0000	2.9297	0.0000	0.0000	0.0000	0.0000	0.0000	0.0000	0.0000	0.0000	0.0000	0.0002	0.0002	0.0000	0.0002	0.0002	0.0000	0.0000	0.0000	0.0000	0.0000	0.0000	0.0000	0.0000	0.0000	0.0000	0.0000	0.0000	0.0000	0.1569	0.1004	0.0565	0.0577	0.0510	0.0066	0.0992	0.0493	0.0499	0.0000	0.0000	0.0000	0.0000	0.0000	0.0000	0.0000	0.0000	0.0000	0.0015	0.0024	0.0000	0.0042	0.0047	0.0000	0.0000	0.0000	0.0000						
33	78	0.0900	3	0	1	0	1	0	0	0	0	N	N	N	N	N	N	N	N	N	N	N	N	0.0000	0.0000	0.0000	0.0000	0.0000	0.0000	0.0000	0.0000	0.0000	0.0000	0.0000	0.0000	0.0000	0.0000	0.0000	0.0498	0.0042	0.0064	0.0000	0.0000	0.0000	0.0213	0.0212	0.0052	5.0000	0.0000	0.0001	2.0006	0.0003	8.0000	2.1916	0.0000	0.0000	0.0000	0.0000	0.0000	0.0000	0.0000	0.0000	0.0000	0.0002	0.0000	0.0002	0.0000	0.0000	0.0000	0.0002	0.0000	0.0002	0.0000	0.0000	0.0000	0.0000	0.0000	0.0000	0.0000	0.0000	0.0000	0.0819	0.0435	0.0384	0.0085	0.0085	0.0000	0.0734	0.0351	0.0384	0.0000	0.0000	0.0000	0.0000	0.0000	0.0000	0.0000	0.0000	0.0000	0.0029	0.0009	0.0052	0.0000	0.0000	0.0000	0.0033	0.0011	0.0052				
33	79	0.0822	2	0	1	0	0	0	0	0	0	N	N	N	N	N	N	N	N	N	N	N	N	0.0000	0.0000	0.0000	0.0000	0.0000	0.0000	0.0000	0.0000	0.0000	0.0000	0.0000	0.0000	0.0000	0.0000	0.0000	0.0000	0.0000	0.0000	0.0000	0.0000	2.0006	0.2782	8.0000	1.3600	0.0000	0.0000	0.0000	0.0000	0.0000	0.0000	0.0000	0.0000	0.0000	0.0000	0.0000	0.0000	0.0000	0.0000	0.0000	0.0000	0.0000	0.0000	0.0652	0.0598	0.0054	0.0219	0.0218	0.0001	0.0433	0.0380	0.0053	0.0581	0.0321	0.0260	0.0043	0.0043	0.0000	0.0537	0.0278	0.0260	0.0000	0.0000	0.0000	0.0000	0.0000	0.0000	0.0000	0.0000	0.0000	0.0000	0.0000	0.0000	0.0000	0.0000	0.0000	0.0000	0.0000	0.0000											
33	80	0.1258	4	0	2	1	0	0	0	0	0	N	Y	N	N	N	N	N	N	N	N	N	N	0.0000	0.0000	0.0000	0.0000	0.0000	0.0000	0.0000	0.0000	0.0000	0.0000	0.0000	0.0000	0.0000	1.5767	0.0000	1.6681	0.0000	0.0000	0.0000	1.5317	0.0000	0.7114	inf	0.0000	0.0037	2.0006	0.0029	8.0000	2.0135	0.0000	0.0000	0.0000	0.0000	0.0000	0.0000	0.0000	0.0000	0.0000	0.0078	0.0000	0.0078	0.0000	0.0000	0.0000	0.0078	0.0000	0.0078	0.0004	0.0004	0.0000	0.0003	0.0003	0.0000	0.0001	0.0001	0.0000	0.0356	0.0156	0.0200	0.0016	0.0014	0.0001	0.0340	0.0142	0.0199	0.0000	0.0000	0.0000	0.0000	0.0000	0.0000	0.0000	0.0000	0.0000	0.2194	0.0000	0.3909	0.0000	0.0000	0.0000	0.2294	0.0000	0.3933						
33	81	0.1193	3	0	2	0	0	0	0	0	0	N	Y	N	N	N	N	N	N	N	N	N	N	0.0910	2.3646	0.0000	2.0749	2.1367	0.0000	0.0114	0.0000	2.6312	2.8684	0.0000	4.2465	4.3903	0.0000	0.0003	0.0004	0.0000	28.9069	1.2130	51.8843	2.0466	2.0547	0.0000	31.9656	0.0358	54.4015	0.0000	1476.0859	-0.0527	0.4393	2.0006	0.6188	8.0000	0.9475	0.2026	0.2026	0.0000	0.2026	0.2026	0.0000	0.0000	0.0000	0.0000	0.9201	0.0006	0.9195	0.0006	0.0006	0.0000	0.9195	0.0000	0.9195	0.0770	0.0706	0.0064	0.0477	0.0461	0.0016	0.0293	0.0245	0.0048	0.0318	0.0141	0.0177	0.0031	0.0030	0.0001	0.0288	0.0111	0.0176	0.0910	64.9640	0.0000	21.5843	21.6375	0.0000	0.0000	0.2274	0.0000	28.9069	0.0442	51.8843	0.1967	0.2029	0.0000	31.9656	0.0018	52.1582	
33	82	0.6306	5	0	2	1	0	0	0	0	0	N	Y	N	N	N	N	N	N	N	N	N	N	0.0000	0.0000	0.0000	0.0000	0.0000	0.0000	0.0000	0.0000	0.0000	0.0000	0.0000	0.0000	0.0000	0.0000	0.0000	0.0000	0.0000	0.0000	0.0000	0.0000	2.0006	0.0000	8.0000	1.0000	0.0000	0.0000	0.0000	0.0000	0.0000	0.0000	0.0000	0.0000	0.0000	0.0000	0.0000	0.0000	0.0000	0.0000	0.0000	0.0000	0.0000	0.0000	0.0000	0.0000	0.0000	0.0000	0.0000	0.0000	0.0000	0.0000	0.0000	0.0162	0.0092	0.0070	0.0073	0.0063	0.0010	0.0089	0.0029	0.0060	0.0000	0.0000	0.0000	0.0000	0.0000	0.0000	0.0000	0.0000	0.0000	0.0000	0.0000	0.0000	0.0000	0.0000	0.0000	0.0000	0.0000	0.0000											
33	83	0.0933	2	1	1	1	0	0	0	0	0	N	N	N	N	N	N	N	N	N	N	N	N	0.0000	0.0000	0.0000	0.0000	0.0000	0.0000	0.0000	0.0000	0.0000	0.0000	0.0000	0.0000	0.0000	0.0000	0.0000	0.0000	0.0000	0.0000	0.0000	0.0000	2.0006	9.0001	8.0000	3.0001	0.0000	0.0000	0.0000	0.0000	0.0000	0.0000	0.0000	0.0000	0.0000	0.0000	0.0000	0.0000	0.0000	0.0000	0.0000	0.0000	0.0000	0.0000	0.5116	0.4601	0.0515	0.2397	0.2248	0.0149	0.2719	0.2353	0.0366	0.1908	0.0803	0.1105	0.0016	0.0016	0.0001	0.1892	0.0788	0.1104	0.0000	0.0000	0.0000	0.0000	0.0000	0.0000	0.0000	0.0000	0.0000	0.0000	0.0000	0.0000	0.0000	0.0000	0.0000	0.0000	0.0000	0.0000											
33	84	0.6082	4	1	1	1	0	0	0	0	0	N	N	N	N	N	N	N	N	N	N	N	N	0.0000	0.0000	0.0000	0.0000	0.0000	0.0000	0.0000	0.0000	0.0000	0.0000	0.0000	0.0000	0.0000	0.0000	0.0000	0.0000	0.0000	0.0000	0.0000	0.0000	2.0006	4.0000	8.0000	0.0000	0.0000	0.0000	0.0000	0.0000	0.0000	0.0000	0.0000	0.0000	0.0000	0.0000	0.0000	0.0000	0.0000	0.0000	0.0000	0.0000	0.0000	0.0000	0.1856	0.1674	0.0182	0.1158	0.1076	0.0082	0.0698	0.0598	0.0100	0.0360	0.0179	0.0182	0.0118	0.0100	0.0018	0.0243	0.0079	0.0164	0.0000	0.0000	0.0000	0.0000	0.0000	0.0000	0.0000	0.0000	0.0000	0.0000	0.0000	0.0000	0.0000	0.0000	0.0000	0.0000	0.0000	0.0000											
33	85	0.6543	5	1	2	0	0	0	0	0	0	N	Y	N	N	N	N	N	N	N	N	N	N	0.0000	inf	0.0000	0.0000	inf	0.0000	0.0000	0.0000	0.0000	0.0000	0.0000	0.0000	0.0000	0.0000	0.0000	0.0000	0.0000	2.1128	0.0000	9.9698	0.0673	0.0000	0.2390	2.8122	0.0000	9.1531	0.0000	inf	-0.0000	0.0204	2.0006	1.0086	8.0000	1.7435	0.0000	0.0000	0.0000	0.0000	0.0000	0.0000	0.0000	0.0000	0.0000	0.0426	0.0000	0.0426	0.0002	0.0000	0.0002	0.0424	0.0000	0.0424	0.0650	0.0583	0.0067	0.0324	0.0305	0.0019	0.0326	0.0278	0.0048	0.0558	0.0351	0.0207	0.0277	0.0248	0.0029	0.0281	0.0103	0.0178	0.0000	inf	0.0000	0.0001	inf	0.0000	0.0000	0.0000	0.0000	0.7626	0.0000	2.0552	0.0083	0.0000	0.0784	1.5068	0.0000	2.3814	
33	86	0.6082	4	1	2	0	0	0	0	0	0	N	Y	N	N	N	N	N	N	N	N	N	N	0.3918	0.2059	0.3993	0.4191	0.0014	0.0015	0.0000	0.0021	0.0023	0.0000	0.0000	0.0000	0.0000	0.0035	0.0073	0.0000	0.0053	0.0055	0.0000	0.0000	0.0000	0.0000	0.0000	0.0000	-0.0000	-0.0000	2.0006	1.0165	8.0000	4.1395	0.0001	0.0001	0.0000	0.0001	0.0001	0.0000	0.0000	0.0000	0.0000	0.0000	0.0000	0.0000	0.0000	0.0000	0.0000	0.0000	0.0000	0.0000	0.0514	0.0463	0.0051	0.0328	0.0304	0.0024	0.0187	0.0159	0.0027	0.0458	0.0228	0.0230	0.0150	0.0128	0.0023	0.0308	0.0100	0.0208	2.0774	1.1450	0.0000	1.0698	0.9786	0.0000	0.0000	0.0000	0.0000	0.0007	0.0013	0.0000	0.0020	0.0024	0.0000	0.0000	0.0000	0.0000					
33	88	0.6306	5	0	2	0	0	0	0	0	0	N	Y	N	N	N	N	N	N	N	N	N	N	0.0000	0.0000	0.0000	0.0000	0.0000	0.0000	0.0000	0.0000	0.0000	0.0000	0.0000	0.0000	0.0000	0.0000	0.0000	0.0000	0.0000	0.0000	0.0000	0.0000	2.0006	0.0000	8.0000	0.0000	0.0000	0.0000	0.0000	0.0000	0.0000	0.0000	0.0000	0.0000	0.0000	0.0000	0.0000	0.0000	0.0000	0.0000	0.0000	0.0000	0.0000	0.0000	0.0000	0.0000	0.0000	0.0000	0.0000	0.0000	0.0000	0.0000	0.0000	0.0000	0.0000	0.0000	0.0000	0.0000	0.0000	0.0000	0.0000	0.0000	0.0000	0.0000	0.0000	0.0000	0.0000	0.0000	0.0000	0.0000	0.0000	0.0000	0.0000	0.0000	0.0000	0.0000	0.0000	0.0000	0.0000	0.0000											
33	89	0.1193	3	0	2	0	0	0	0	0	0	N	Y	N	N	N	N	N	N	N	N	N	N	0.0000	0.0000	0.0000	0.0000	0.0000	0.0000	0.0000	0.0000	0.0000	0.0000	0.0000	0.0000	0.0000	2.4211	3.4803	0.0000	19.7050	20.7225	0.0000	0.0000	0.0000	0.0000	0.0000	0.0000	-0.0383	2.0006	1.9953	8.0000	1.0817	0.0000	0.0000	0.0000	0.0000	0.0000	0.0000	0.0000	0.0000	0.0000	0.0734	0.0734	0.0000	0.0734	0.0734	0.0000	0.0000	0.0000	0.0000	0.1527	0.1387	0.0140	0.0794	0.0761	0.0033	0.0733	0.0626	0.0106	0.0574	0.0251	0.0323	0.0037	0.0035	0.0002	0.0537	0.0216	0.0321	0.0000	0.0000	0.0000	0.0000	0.0000	0.0000	0.0000	0.0000	0.0000	1.2790	2.9212	0.0000	19.7050	20.7225	0.0000	0.0000	0.0000	0.0000						
33	90	0.0933	2	0	2	0	0	0	0	0	0	N	Y	N	N	N	N	N	N	N	N	N	N	2.3954	inf	0.0005	inf	inf	inf	0.0000	0.0000	4.8675	5.3945	0.0037	9.4384	10.0502	0.0116	0.0000	0.0000	0.0000	2.0320	0.0000	7.0991	0.0000	0.0000	0.0000	2.2385	0.0000	2.8638	0.0001	inf	-0.2077	0.0351	2.0006	2.3999	8.0000	4.0713	0.7985	0.7984	0.0001	0.7985	0.7984	0.0001	0.0000	0.0000	0.0000	0.0734	0.0000	0.0734	0.0000	0.0000	0.0000	0.0734	0.0000	0.0734	0.1640	0.1480	0.0160	0.0846	0.0794	0.0052	0.0794	0.0686	0.0109	0.1088	0.0455	0.0634	0.0009	0.0009	0.0000	0.1079	0.0446	0.0633	7.2185	inf	0.0032	inf	inf	inf	0.0000	0.0000	0.0000	0.6743	0.0000	1.1579	0.0000	0.0000	0.0000	0.6801	0.0000	1.1587	
33	91	0.1143	3	0	1	1	0	0	0	0	0	N	N	N	N	N	N	N	N	N	N	N	N	0.0000	0.0000	0.0000	0.0000	0.0000	0.0000	0.0000	0.0000	0.0000	0.0000	0.0000	0.0000	0.0000	0.0000	0.0000	0.0000	0.0000	0.0000	0.0000	0.0000	2.0006	0.0000	8.0000	0.0000	0.0000	0.0000	0.0000	0.0000	0.0000	0.0000	0.0000	0.0000	0.0000	0.0000	0.0000	0.0000	0.0000	0.0000	0.0000	0.0000	0.0000	0.0000	0.0000	0.0000	0.0000	0.0000	0.0000	0.0000	0.0000	0.0000	0.0000	0.0000	0.0000	0.0000	0.0000	0.0000	0.0000	0.0000	0.0000	0.0000	0.0000	0.0000	0.0000	0.0000	0.0000	0.0000	0.0000	0.0000	0.0000	0.0000	0.0000	0.0000	0.0000	0.0000	0.0000	0.0000	0.0000	0.0000											
33	92	0.0822	2	0	1	1	0	0	0	0	0	N	N	N	N	N	N	N	N	N	N	N	N	0.0000	0.0000	0.0000	0.0000	0.0000	0.0000	0.0000	0.0000	0.0000	0.0000	0.0000	0.0000	0.0000	0.0000	0.0000	0.0000	0.0000	0.0000	0.0000	0.0000	2.0006	3.7221	8.0000	2.9993	0.0000	0.0000	0.0000	0.0000	0.0000	0.0000	0.0000	0.0000	0.0000	0.0000	0.0000	0.0000	0.0000	0.0000	0.0000	0.0000	0.0000	0.0000	0.3090	0.2734	0.0356	0.0284	0.0275	0.0009	0.2806	0.2459	0.0348	0.1943	0.1040	0.0904	0.0062	0.0062	0.0000	0.1881	0.0978	0.0904	0.0000	0.0000	0.0000	0.0000	0.0000	0.0000	0.0000	0.0000	0.0000	0.0000	0.0000	0.0000	0.0000	0.0000	0.0000	0.0000	0.0000	0.0000											
33	94	0.1095	3	1	2	0	0	0	0	0	0	N	Y	N	N	N	N	N	N	N	N	N	N	13000.3909	6758.3160	869.6334	1094.9646	2.6204	2.8843	0.0000	5.0567	5.3386	0.0000	0.0000	0.0000	0.0000	0.0002	0.0004	0.0000	0.0058	0.0049	0.0000	0.0000	0.0000	0.0000	0.0000	0.0000	-0.2531	-0.0000	2.0006	5.9980	8.0000	4.9575	0.9727	0.9727	0.0000	0.9727	0.9727	0.0000	0.0000	0.0000	0.0000	0.0000	0.0000	0.0000	0.0000	0.0000	0.0000	0.0000	0.0000	0.0000	0.3712	0.3372	0.0340	0.1924	0.1822	0.0102	0.1788	0.1550	0.0238	0.1662	0.0736	0.0926	0.0048	0.0045	0.0002	0.1615	0.0691	0.0924	43555.7497	21229.2877	0.0000	2403.2881	2413.4745	0.0000	0.0000	0.0000	0.0000	0.0001	0.0001	0.0000	0.0021	0.0022	0.0000	0.0000	0.0000	0.0000					
33	95	0.6306	5	1	2	0	0	0	0	0	0	N	Y	N	N	N	N	N	N	N	N	N	N	0.0000	0.0000	0.0000	0.0000	0.0000	0.0000	0.0000	0.0000	0.0000	0.0000	0.0000	0.0000	0.0000	0.0000	0.0000	0.0000	0.0000	0.0000	0.0000	0.0000	2.0006	0.0000	8.0000	2.0000	0.0000	0.0000	0.0000	0.0000	0.0000	0.0000	0.0000	0.0000	0.0000	0.0000	0.0000	0.0000	0.0000	0.0000	0.0000	0.0000	0.0000	0.0000	0.0000	0.0000	0.0000	0.0000	0.0000	0.0000	0.0000	0.0000	0.0000	0.0320	0.0182	0.0138	0.0145	0.0124	0.0021	0.0175	0.0058	0.0118	0.0000	0.0000	0.0000	0.0000	0.0000	0.0000	0.0000	0.0000	0.0000	0.0000	0.0000	0.0000	0.0000	0.0000	0.0000	0.0000	0.0000	0.0000											
33	96	0.6082	4	0	2	0	0	0	0	0	0	N	Y	N	N	N	N	N	N	N	N	N	N	0.0000	0.0000	0.0000	0.0000	0.0000	0.0000	0.0000	0.0000	0.0000	0.0000	0.0000	0.0000	0.0000	0.0000	0.0000	0.0000	0.0000	0.0000	0.0000	0.0000	2.0006	4.0000	8.0000	0.0000	0.0000	0.0000	0.0000	0.0000	0.0000	0.0000	0.0000	0.0000	0.0000	0.0000	0.0000	0.0000	0.0000	0.0000	0.0000	0.0000	0.0000	0.0000	0.1856	0.1674	0.0182	0.1158	0.1076	0.0082	0.0698	0.0598	0.0100	0.0360	0.0179	0.0182	0.0118	0.0100	0.0018	0.0243	0.0079	0.0164	0.0000	0.0000	0.0000	0.0000	0.0000	0.0000	0.0000	0.0000	0.0000	0.0000	0.0000	0.0000	0.0000	0.0000	0.0000	0.0000	0.0000	0.0000											
33	98	0.6082	4	0	1	0	0	0	0	0	0	N	N	N	N	N	N	N	N	N	N	N	N	inf	inf	inf	inf	10.9873	12.1894	0.0000	17.3483	18.6928	0.0000	0.0000	0.0000	0.0000	0.0000	0.0000	0.0000	0.0000	0.0000	0.0000	0.0000	0.0000	0.0000	0.0000	-0.2602	0.0000	2.0006	1.0000	8.0000	0.0000	1.0000	1.0000	0.0000	1.0000	1.0000	0.0000	0.0000	0.0000	0.0000	0.0000	0.0000	0.0000	0.0000	0.0000	0.0000	0.0000	0.0000	0.0000	0.0910	0.0820	0.0090	0.0576	0.0535	0.0041	0.0334	0.0285	0.0048	0.0171	0.0084	0.0086	0.0055	0.0047	0.0008	0.0115	0.0037	0.0078	inf	inf	0.0000	inf	inf	0.0000	0.0000	0.0000	0.0000	0.0000	0.0000	0.0000	0.0000	0.0000	0.0000	0.0000	0.0000	0.0000						
33	99	0.1630	2	0	1	0	0	0	0	0	0	N	N	N	N	N	N	N	N	N	N	N	N	0.0051	0.0103	0.0002	0.0054	0.0054	inf	0.0042	inf	0.0002	0.0136	0.0152	0.0023	0.0115	0.0117	0.0000	0.0142	0.0162	0.0023	2.6819	1.4754	12.9650	2.1147	2.1854	0.0000	3.3657	0.0000	11.8006	0.0202	45.8365	-0.0006	0.3925	2.0006	1.5982	8.0000	11.1970	0.0025	0.0025	0.0001	0.0004	0.0004	0.0000	0.0021	0.0021	0.0001	0.8595	0.0184	0.8411	0.0184	0.0184	0.0000	0.8411	0.0000	0.8411	0.1856	0.1635	0.0221	0.0374	0.0367	0.0007	0.1482	0.1268	0.0214	0.4242	0.2421	0.1822	0.0853	0.0798	0.0055	0.3389	0.1623	0.1766	0.0067	0.2001	0.0005	0.0535	0.0509	inf	0.0057	inf	0.0005	2.0259	0.0758	4.6176	0.2151	0.2299	0.0000	2.4818	0.0000	4.7616
33	100	0.1110	4	1	2	1	0	0	0	0	0	N	Y	N	N	N	N	N	N	N	N	N	N	0.0000	0.0000	0.0000	0.0000	0.0000	0.0000	0.0000	0.0000	0.0000	0.0000	0.0000	0.0000	0.0000	0.0000	0.0000	0.0000	0.0000	0.0000	0.0000	0.0000	2.0006	0.0000	8.0000	0.9982	0.0000	0.0000	0.0000	0.0000	0.0000	0.0000	0.0000	0.0000	0.0000	0.0000	0.0000	0.0000	0.0000	0.0000	0.0000	0.0000	0.0000	0.0000	0.0076	0.0071	0.0005	0.0063	0.0061	0.0002	0.0012	0.0009	0.0003	0.0169	0.0074	0.0095	0.0005	0.0005	0.0000	0.0164	0.0069	0.0095	0.0000	0.0000	0.0000	0.0000	0.0000	0.0000	0.0000	0.0000	0.0000	0.0000	0.0000	0.0000	0.0000	0.0000	0.0000	0.0000	0.0000	0.0000											
33	101	0.6429	7	1	2	1	0	0	0	0	0	N	Y	N	N	N	N	N	N	N	N	N	N	0.0000	0.0000	0.0000	0.0000	0.0000	0.0000	0.0000	0.0000	0.0000	0.0000	0.0000	0.0000	0.0000	0.0000	0.0000	0.0000	0.0000	0.0000	0.0000	0.0000	2.0006	0.0000	8.0000	0.0000	0.0000	0.0000	0.0000	0.0000	0.0000	0.0000	0.0000	0.0000	0.0000	0.0000	0.0000	0.0000	0.0000	0.0000	0.0000	0.0000	0.0000	0.0000	0.0000	0.0000	0.0000	0.0000	0.0000	0.0000	0.0000	0.0000	0.0000	0.0000	0.0000	0.0000	0.0000	0.0000	0.0000	0.0000	0.0000	0.0000	0.0000	0.0000	0.0000	0.0000	0.0000	0.0000	0.0000	0.0000	0.0000	0.0000	0.0000	0.0000	0.0000	0.0000	0.0000	0.0000	0.0000	0.0000											
33	102	0.6429	6	1	1	1	0	0	0	0	0	N	N	N	N	N	N	N	N	N	N	N	N	0.0000	0.0000	0.0000	0.0000	0.0000	0.0000	0.0000	0.0000	0.0000	0.0000	0.0000	0.0000	0.0000	0.0000	0.0000	0.0000	0.0000	0.0000	0.0000	0.0000	2.0006	0.0000	8.0000	0.0000	0.0000	0.0000	0.0000	0.0000	0.0000	0.0000	0.0000	0.0000	0.0000	0.0000	0.0000	0.0000	0.0000	0.0000	0.0000	0.0000	0.0000	0.0000	0.0000	0.0000	0.0000	0.0000	0.0000	0.0000	0.0000	0.0000	0.0000	0.0000	0.0000	0.0000	0.0000	0.0000	0.0000	0.0000	0.0000	0.0000	0.0000	0.0000	0.0000	0.0000	0.0000	0.0000	0.0000	0.0000	0.0000	0.0000	0.0000	0.0000	0.0000	0.0000	0.0000	0.0000	0.0000	0.0000											
33	103	0.6368	5	1	1	1	0	0	0	0	0	N	N	N	N	N	N	N	N	N	N	N	N	0.0000	0.0000	0.0000	0.0000	0.0000	0.0000	0.0000	0.0000	0.0000	0.0000	0.0000	0.0000	0.0000	0.0000	0.0000	0.0000	0.0000	0.0000	0.0000	0.0000	2.0006	0.0000	8.0000	1.0091	0.0000	0.0000	0.0000	0.0000	0.0000	0.0000	0.0000	0.0000	0.0000	0.0000	0.0000	0.0000	0.0000	0.0000	0.0000	0.0000	0.0000	0.0000	0.0000	0.0000	0.0000	0.0000	0.0000	0.0000	0.0000	0.0000	0.0000	0.0150	0.0089	0.0061	0.0074	0.0064	0.0010	0.0076	0.0025	0.0050	0.0000	0.0000	0.0000	0.0000	0.0000	0.0000	0.0000	0.0000	0.0000	0.0000	0.0000	0.0000	0.0000	0.0000	0.0000	0.0000	0.0000	0.0000											
33	105	0.1145	5	1	1	1	0	0	0	0	0	N	N	N	N	N	N	N	N	N	N	N	N	0.0000	0.0000	0.0000	0.0000	0.0000	0.0000	0.0000	0.0000	0.0000	0.0000	0.0000	0.0000	0.0000	0.0818	0.3586	0.0000	1.5995	1.6068	0.0000	0.0000	0.0000	0.0000	0.0000	0.0000	-0.0001	2.0006	1.0000	8.0000	1.0005	0.0000	0.0000	0.0000	0.0000	0.0000	0.0000	0.0000	0.0000	0.0000	0.0001	0.0001	0.0000	0.0001	0.0001	0.0000	0.0000	0.0000	0.0000	0.0702	0.0640	0.0063	0.0383	0.0364	0.0020	0.0319	0.0276	0.0043	0.0332	0.0145	0.0187	0.0009	0.0008	0.0000	0.0323	0.0136	0.0186	0.0000	0.0000	0.0000	0.0000	0.0000	0.0000	0.0000	0.0000	0.0000	0.0033	0.0076	0.0000	0.1247	0.1313	0.0000	0.0000	0.0000	0.0000						
33	106	0.1110	4	1	1	1	0	0	0	0	0	N	N	N	N	N	N	N	N	N	N	N	N	1.5990	59.4917	0.0000	inf	inf	0.0000	0.0000	0.0000	0.6335	0.6934	0.0000	1.0874	1.1414	0.0000	0.0000	0.0000	0.0000	0.3962	0.0117	0.0420	0.0000	0.0000	0.0000	0.0993	0.0412	0.0141	0.0000	9.9998	-0.0097	0.0000	2.0006	0.7249	8.0000	0.0368	0.0371	0.0371	0.0000	0.0371	0.0371	0.0000	0.0000	0.0000	0.0000	0.0001	0.0000	0.0001	0.0000	0.0000	0.0000	0.0001	0.0000	0.0001	0.0586	0.0535	0.0051	0.0341	0.0325	0.0016	0.0245	0.0210	0.0034	0.0130	0.0057	0.0073	0.0004	0.0004	0.0000	0.0125	0.0053	0.0073	74.6930	394.5277	0.0000	inf	inf	0.0000	0.0000	0.0000	0.0000	0.0085	0.0018	0.0137	0.0000	0.0000	0.0000	0.0088	0.0019	0.0138	
33	107	0.1095	3	1	1	1	0	0	0	0	0	N	N	N	N	N	N	N	N	N	N	N	N	15.8230	5.7546	3.9684	4.6894	2.3458	2.5473	0.0000	3.7043	3.8844	0.0000	0.0000	0.0000	0.0000	0.1482	0.4426	0.0000	0.9334	0.8283	0.0000	0.0000	0.0000	0.0000	0.0000	0.0000	-0.0227	-0.0000	2.0006	0.4159	8.0000	0.0887	0.0871	0.0871	0.0000	0.0871	0.0871	0.0000	0.0000	0.0000	0.0000	0.0000	0.0000	0.0000	0.0000	0.0000	0.0000	0.0000	0.0000	0.0000	0.0372	0.0342	0.0029	0.0235	0.0224	0.0011	0.0136	0.0118	0.0018	0.0094	0.0043	0.0051	0.0007	0.0007	0.0000	0.0087	0.0036	0.0051	549.9872	272.8213	0.0000	61.6714	63.5356	0.0000	0.0000	0.0000	0.0000	0.0043	0.0093	0.0000	0.0601	0.0611	0.0000	0.0000	0.0000	0.0000					
33	108	0.0933	2	1	1	0	0	0	0	0	0	N	N	N	N	N	N	N	N	N	N	N	N	2070.1359	inf	0.0000	inf	inf	0.0000	0.0000	3.7499	4.1604	0.0000	7.4541	7.9416	0.0000	0.0000	0.0000	0.0000	0.0018	0.0000	0.0008	0.0000	0.0000	0.0000	0.0005	0.0000	0.0008	0.0000	inf	-0.2536	0.0000	2.0006	3.9943	8.0000	0.9974	0.9745	0.9745	0.0000	0.9745	0.9745	0.0000	0.0000	0.0000	0.0000	0.0000	0.0000	0.0000	0.0000	0.0000	0.0000	0.0000	0.0000	0.0000	0.2599	0.2342	0.0256	0.1307	0.1227	0.0080	0.1291	0.1115	0.0176	0.0852	0.0355	0.0497	0.0007	0.0007	0.0000	0.0845	0.0348	0.0497	7991.6513	inf	0.0000	inf	inf	0.0000	0.0000	0.0000	0.0000	0.0005	0.0000	0.0008	0.0000	0.0000	0.0000	0.0005	0.0000	0.0008		
33	109	0.6368	5	1	1	1	0	0	0	0	0	N	N	N	N	N	N	N	N	N	N	N	N	0.0000	0.0000	0.0000	0.0000	0.0000	0.0000	0.0000	0.0000	0.0000	0.0000	0.0000	0.0000	0.0000	0.0000	0.0000	0.0000	0.0000	0.0000	0.0000	0.0000	2.0006	0.0000	8.0000	0.9909	0.0000	0.0000	0.0000	0.0000	0.0000	0.0000	0.0000	0.0000	0.0000	0.0000	0.0000	0.0000	0.0000	0.0000	0.0000	0.0000	0.0000	0.0000	0.0000	0.0000	0.0000	0.0000	0.0000	0.0000	0.0000	0.0000	0.0000	0.0147	0.0087	0.0060	0.0073	0.0063	0.0010	0.0074	0.0025	0.0050	0.0000	0.0000	0.0000	0.0000	0.0000	0.0000	0.0000	0.0000	0.0000	0.0000	0.0000	0.0000	0.0000	0.0000	0.0000	0.0000	0.0000	0.0000											
33	110	0.6082	4	1	1	1	0	0	0	0	0	N	N	N	N	N	N	N	N	N	N	N	N	0.0000	0.0000	0.0000	0.0000	0.0000	0.0000	0.0000	0.0000	0.0000	0.0000	0.0000	0.0000	0.0000	0.0000	0.0000	0.0000	0.0000	0.0000	0.0000	0.0000	2.0006	4.0000	8.0000	0.0000	0.0000	0.0000	0.0000	0.0000	0.0000	0.0000	0.0000	0.0000	0.0000	0.0000	0.0000	0.0000	0.0000	0.0000	0.0000	0.0000	0.0000	0.0000	0.1856	0.1674	0.0182	0.1158	0.1076	0.0082	0.0698	0.0598	0.0100	0.0360	0.0179	0.0182	0.0118	0.0100	0.0018	0.0243	0.0079	0.0164	0.0000	0.0000	0.0000	0.0000	0.0000	0.0000	0.0000	0.0000	0.0000	0.0000	0.0000	0.0000	0.0000	0.0000	0.0000	0.0000	0.0000	0.0000											
33	112	0.0979	2	0	1	1	0	0	0	0	0	N	N	N	N	N	N	N	N	N	N	N	N	0.0000	0.0000	0.0000	0.0000	0.0000	0.0000	0.0000	0.0000	0.0000	0.0000	0.0000	0.0000	0.0000	0.0000	0.0000	0.0000	0.0000	0.0000	0.0000	-0.0000	2.0006	0.0000	8.0000	0.0001	0.0000	0.0000	0.0000	0.0000	0.0000	0.0000	0.0000	0.0000	0.0000	0.0000	0.0000	0.0000	0.0000	0.0000	0.0000	0.0000	0.0000	0.0000	0.0000	0.0000	0.0000	0.0000	0.0000	0.0000	0.0000	0.0000	0.0000	0.0000	0.0000	0.0000	0.0000	0.0000	0.0000	0.0000	0.0000	0.0000	0.0000	0.0000	0.0000	0.0000	0.0000	0.0000	0.0000	0.0000	0.0000	0.0000	0.0000	0.0000	0.0000	0.0000	0.0000	0.0000	0.0000	0.0000											
33	114	0.6408	5	0	2	0	0	0	0	0	0	N	Y	N	N	N	N	N	N	N	N	N	N	0.3671	0.2483	0.0000	0.3192	0.2943	0.0000	0.0000	3.2472	3.5940	0.0000	5.4695	5.8261	0.0000	0.0000	0.0000	0.0000	8.8463	14.4762	0.0011	17.1359	19.7961	0.0000	0.0020	0.0000	0.0014	0.0000	0.0001	-0.2600	-0.5214	2.0006	4.3361	8.0000	4.6323	0.9993	0.9993	0.0000	0.9993	0.9993	0.0000	0.0000	0.0000	0.0000	0.9992	0.9992	0.0001	0.9992	0.9992	0.0000	0.0001	0.0000	0.0001	0.3078	0.2781	0.0297	0.1827	0.1715	0.0112	0.1250	0.1065	0.0185	0.1130	0.0690	0.0439	0.0583	0.0505	0.0078	0.0546	0.0185	0.0361	0.3671	0.2483	0.0000	0.3192	0.2943	0.0000	0.0000	0.0000	0.0000	8.8463	14.4762	0.0011	17.1359	19.7961	0.0000	0.0009	0.0000	0.0014		
33	115	0.6082	4	0	1	0	0	0	0	0	0	N	N	N	N	N	N	N	N	N	N	N	N	0.0000	0.0000	0.0000	0.0000	0.0000	0.0000	0.0000	0.0000	0.0000	0.0000	0.0000	0.0000	0.0000	0.0019	0.0046	0.0000	0.0039	0.0039	0.0000	0.0000	0.0000	0.0000	0.0000	0.0000	-0.0000	2.0006	1.9840	8.0000	0.2610	0.0000	0.0000	0.0000	0.0000	0.0000	0.0000	0.0000	0.0000	0.0000	0.0000	0.0000	0.0000	0.0000	0.0000	0.0000	0.0000	0.0000	0.0000	0.0975	0.0879	0.0096	0.0617	0.0573	0.0044	0.0358	0.0306	0.0052	0.0207	0.0102	0.0104	0.0067	0.0057	0.0010	0.0139	0.0045	0.0094	0.0000	0.0000	0.0000	0.0000	0.0000	0.0000	0.0000	0.0000	0.0000	0.0005	0.0010	0.0000	0.0015	0.0018	0.0000	0.0000	0.0000	0.0000						
33	117	0.6082	4	0	2	0	1	0	0	0	0	N	Y	N	N	N	N	N	N	N	N	N	N	0.0000	0.0000	0.0000	0.0000	0.0000	0.0000	0.0000	0.0000	0.0000	0.0000	0.0000	0.0000	0.0000	0.0000	0.0000	0.0000	0.0000	0.0000	0.0000	0.0000	2.0006	0.0000	8.0000	1.0000	0.0000	0.0000	0.0000	0.0000	0.0000	0.0000	0.0000	0.0000	0.0000	0.0000	0.0000	0.0000	0.0000	0.0000	0.0000	0.0000	0.0000	0.0000	0.0000	0.0000	0.0000	0.0000	0.0000	0.0000	0.0000	0.0000	0.0000	0.0130	0.0064	0.0066	0.0042	0.0036	0.0006	0.0088	0.0028	0.0059	0.0000	0.0000	0.0000	0.0000	0.0000	0.0000	0.0000	0.0000	0.0000	0.0000	0.0000	0.0000	0.0000	0.0000	0.0000	0.0000	0.0000	0.0000											
33	119	0.6082	4	0	2	0	0	0	0	0	0	N	Y	N	N	N	N	N	N	N	N	N	N	inf	inf	inf	inf	0.0003	0.0003	0.0000	0.0005	0.0005	0.0000	0.0000	0.0000	0.0000	0.0000	0.0000	0.0000	0.0000	0.0000	0.0000	0.0000	0.0000	0.0000	0.0000	-0.0000	0.0000	2.0006	5.0000	8.0000	6.0000	0.0001	0.0001	0.0000	0.0001	0.0001	0.0000	0.0000	0.0000	0.0000	0.0000	0.0000	0.0000	0.0000	0.0000	0.0000	0.0000	0.0000	0.0000	0.2258	0.2036	0.0221	0.1399	0.1300	0.0099	0.0859	0.0736	0.0123	0.0912	0.0456	0.0455	0.0305	0.0259	0.0046	0.0607	0.0198	0.0409	inf	inf	0.0000	inf	inf	0.0000	0.0000	0.0000	0.0000	0.0000	0.0000	0.0000	0.0000	0.0000	0.0000	0.0000	0.0000	0.0000						
33	120	0.6362	5	0	2	0	0	0	0	0	0	N	Y	N	N	N	N	N	N	N	N	N	N	0.0000	0.0000	0.0000	0.0000	0.0000	0.0000	0.0000	0.0000	0.0000	0.0000	0.0000	0.0000	0.0000	0.0009	0.0000	0.0007	0.0000	0.0000	0.0000	0.0008	0.0000	0.0008	inf	0.0000	0.0000	2.0006	0.9998	8.0000	0.9486	0.0000	0.0000	0.0000	0.0000	0.0000	0.0000	0.0000	0.0000	0.0000	0.0000	0.0000	0.0000	0.0000	0.0000	0.0000	0.0000	0.0000	0.0000	0.0505	0.0454	0.0051	0.0310	0.0287	0.0023	0.0194	0.0167	0.0027	0.0299	0.0160	0.0139	0.0132	0.0115	0.0017	0.0167	0.0045	0.0122	0.0000	0.0000	0.0000	0.0000	0.0000	0.0000	0.0000	0.0000	0.0000	0.0003	0.0000	0.0007	0.0000	0.0000	0.0000	0.0006	0.0000	0.0008						
33	121	0.6082	4	0	2	0	0	0	0	0	0	N	Y	N	N	N	N	N	N	N	N	N	N	0.0000	0.0000	0.0000	0.0000	0.0000	0.0000	0.0000	0.0000	0.0000	0.0000	0.0000	0.0000	0.0000	0.0003	0.0008	0.0000	0.0011	0.0010	0.0000	0.0000	0.0000	0.0000	0.0000	0.0000	-0.0000	2.0006	3.0005	8.0000	1.1085	0.0000	0.0000	0.0000	0.0000	0.0000	0.0000	0.0000	0.0000	0.0000	0.0000	0.0000	0.0000	0.0000	0.0000	0.0000	0.0000	0.0000	0.0000	0.2463	0.2222	0.0241	0.1521	0.1414	0.0107	0.0942	0.0808	0.0134	0.0654	0.0326	0.0328	0.0216	0.0184	0.0033	0.0438	0.0142	0.0295	0.0000	0.0000	0.0000	0.0000	0.0000	0.0000	0.0000	0.0000	0.0000	0.0002	0.0003	0.0000	0.0005	0.0005	0.0000	0.0000	0.0000	0.0000						
33	122	0.0933	2	0	2	0	0	0	0	0	0	N	Y	N	N	N	N	N	N	N	N	N	N	0.0000	0.0000	0.0000	0.0000	0.0000	0.0000	0.0000	0.0000	0.0000	0.0000	0.0000	0.0000	0.0000	0.0000	0.0000	0.0000	0.0000	0.0000	0.0000	0.0000	2.0006	2.0001	8.0000	3.0000	0.0000	0.0000	0.0000	0.0000	0.0000	0.0000	0.0000	0.0000	0.0000	0.0000	0.0000	0.0000	0.0000	0.0000	0.0000	0.0000	0.0000	0.0000	0.1385	0.1250	0.0135	0.0719	0.0675	0.0044	0.0666	0.0575	0.0091	0.0854	0.0356	0.0498	0.0007	0.0007	0.0000	0.0847	0.0349	0.0498	0.0000	0.0000	0.0000	0.0000	0.0000	0.0000	0.0000	0.0000	0.0000	0.0000	0.0000	0.0000	0.0000	0.0000	0.0000	0.0000	0.0000	0.0000											
33	124	0.6417	5	0	2	0	0	0	0	0	0	N	Y	N	N	N	N	N	N	N	N	N	N	0.0950	inf	0.0000	inf	inf	0.1562	inf	0.0000	0.0002	0.0002	0.0000	0.0001	0.0001	0.0000	0.0003	0.0004	0.0000	0.0018	0.0000	0.0012	0.0000	0.0000	0.0000	0.0020	0.0000	0.0014	0.0000	inf	-0.0000	0.0000	2.0006	3.9006	8.0000	3.1543	0.0001	0.0001	0.0000	0.0000	0.0000	0.0000	0.0000	0.0000	0.0000	0.0001	0.0000	0.0001	0.0000	0.0000	0.0000	0.0001	0.0000	0.0001	0.3581	0.3257	0.0325	0.2388	0.2233	0.0155	0.1194	0.1024	0.0170	0.1272	0.0774	0.0498	0.0625	0.0565	0.0060	0.0647	0.0209	0.0438	0.3689	inf	0.0000	inf	inf	0.0000	0.3425	inf	0.0000	0.0005	0.0000	0.0012	0.0000	0.0000	0.0000	0.0009	0.0000	0.0014	
33	125	0.6082	4	0	2	0	0	0	0	0	0	N	Y	N	N	N	N	N	N	N	N	N	N	0.0412	0.0215	inf	0.0427	0.0435	inf	0.0003	0.0003	0.0000	0.0005	0.0005	0.0000	0.0000	0.0000	0.0000	0.0075	0.0159	0.0000	0.0115	0.0121	0.0000	0.0000	0.0000	0.0000	0.0001	0.0000	-0.0000	-0.0000	2.0006	1.6924	8.0000	1.9110	0.0000	0.0000	0.0000	0.0000	0.0000	0.0000	0.0000	0.0000	0.0000	0.0001	0.0001	0.0000	0.0001	0.0001	0.0000	0.0000	0.0000	0.0000	0.1484	0.1338	0.0146	0.0932	0.0865	0.0066	0.0553	0.0473	0.0080	0.0580	0.0289	0.0291	0.0191	0.0162	0.0029	0.0389	0.0126	0.0262	0.2977	0.1643	inf	0.1564	0.1429	inf	0.0000	0.0000	0.0000	0.0010	0.0021	0.0000	0.0031	0.0037	0.0000	0.0000	0.0000	0.0000			
33	127	0.1794	3	0	1	0	0	0	0	0	0	N	N	N	N	N	N	N	N	N	N	N	N	0.0000	0.0000	inf	0.0000	0.0000	inf	inf	0.0000	0.0000	0.0003	0.0000	0.0000	0.0000	0.0000	0.0000	0.0003	2.8092	4.0942	0.0000	13.3658	14.4343	0.0000	0.0000	0.0000	0.0000	inf	0.0000	0.0000	-0.5517	2.0006	3.6536	8.0000	12.3970	0.0000	0.0000	0.0000	0.0000	0.0000	0.0000	0.0000	0.0000	0.0000	1.0570	1.0570	0.0000	1.0570	1.0570	0.0000	0.0000	0.0000	0.0000	0.3367	0.2970	0.0396	0.0548	0.0530	0.0018	0.2819	0.2441	0.0378	0.4424	0.2582	0.1842	0.0791	0.0732	0.0059	0.3633	0.1849	0.1783	0.0000	0.0000	inf	0.0000	0.0000	0.0000	inf	0.0000	inf	2.3894	4.0942	0.0000	13.3658	14.4343	0.0000	0.0000	0.0000	0.0000		
33	128	0.3578	3	0	1	0	0	0	0	0	0	N	N	N	N	N	N	N	N	N	N	N	N	0.0852	0.0815	0.0009	0.1404	0.1412	0.2958	0.0011	inf	0.0003	0.1679	0.1876	0.0045	0.4207	0.4490	0.0173	0.0021	0.0024	0.0005	1.9713	2.3014	4.8975	2.9954	3.1795	0.0584	1.9449	0.0000	1.8654	0.0029	0.9259	-0.0226	-0.0127	2.0006	5.3495	8.0000	12.4099	0.0879	0.0876	0.0003	0.0872	0.0870	0.0002	0.0007	0.0007	0.0000	0.3097	0.1608	0.1489	0.1619	0.1608	0.0011	0.1478	0.0000	0.1478	0.5237	0.4673	0.0564	0.2073	0.1937	0.0136	0.3163	0.2736	0.0428	0.5912	0.3783	0.2128	0.2771	0.2364	0.0406	0.3141	0.1419	0.1722	0.3204	0.4413	0.0065	0.7200	0.6603	0.6437	0.0045	inf	0.0005	0.5238	0.4250	0.6995	0.5843	0.6800	0.0268	0.4705	0.0000	0.8582
33	129	0.1635	7	0	2	0	1	0	0	0	0	N	Y	N	N	N	N	N	N	N	N	N	N	0.0000	0.0000	0.0000	0.0000	0.0000	0.0000	0.0000	0.0000	0.0000	0.0000	0.0000	0.0000	0.0000	0.0000	0.0000	0.0000	0.0000	0.0000	0.0000	0.0000	2.0006	0.0000	8.0000	0.0000	0.0000	0.0000	0.0000	0.0000	0.0000	0.0000	0.0000	0.0000	0.0000	0.0000	0.0000	0.0000	0.0000	0.0000	0.0000	0.0000	0.0000	0.0000	0.0000	0.0000	0.0000	0.0000	0.0000	0.0000	0.0000	0.0000	0.0000	0.0000	0.0000	0.0000	0.0000	0.0000	0.0000	0.0000	0.0000	0.0000	0.0000	0.0000	0.0000	0.0000	0.0000	0.0000	0.0000	0.0000	0.0000	0.0000	0.0000	0.0000	0.0000	0.0000	0.0000	0.0000	0.0000	0.0000											
33	130	0.1472	6	0	2	0	1	0	0	0	0	N	Y	N	N	N	N	N	N	N	N	N	N	0.0000	0.0000	0.0000	0.0000	0.0000	0.0000	0.0000	0.0000	0.0000	0.0000	0.0000	0.0000	0.0000	0.0000	0.0000	0.0000	0.0000	0.0000	0.0000	0.0000	2.0006	0.0000	8.0000	3.0001	0.0000	0.0000	0.0000	0.0000	0.0000	0.0000	0.0000	0.0000	0.0000	0.0000	0.0000	0.0000	0.0000	0.0000	0.0000	0.0000	0.0000	0.0000	0.0000	0.0000	0.0000	0.0000	0.0000	0.0000	0.0000	0.0000	0.0000	0.0432	0.0170	0.0263	0.0010	0.0009	0.0000	0.0423	0.0160	0.0262	0.0000	0.0000	0.0000	0.0000	0.0000	0.0000	0.0000	0.0000	0.0000	0.0000	0.0000	0.0000	0.0000	0.0000	0.0000	0.0000	0.0000	0.0000											
33	131	0.1375	5	0	2	0	0	0	0	0	0	N	Y	N	N	N	N	N	N	N	N	N	N	0.0000	0.0000	0.0000	0.0000	0.0000	0.0000	0.0000	0.0000	0.0000	0.0000	0.0000	0.0000	0.0000	0.0000	0.0000	0.0000	0.0000	0.0000	0.0000	0.0000	2.0006	0.0000	8.0000	0.0000	0.0000	0.0000	0.0000	0.0000	0.0000	0.0000	0.0000	0.0000	0.0000	0.0000	0.0000	0.0000	0.0000	0.0000	0.0000	0.0000	0.0000	0.0000	0.0000	0.0000	0.0000	0.0000	0.0000	0.0000	0.0000	0.0000	0.0000	0.0000	0.0000	0.0000	0.0000	0.0000	0.0000	0.0000	0.0000	0.0000	0.0000	0.0000	0.0000	0.0000	0.0000	0.0000	0.0000	0.0000	0.0000	0.0000	0.0000	0.0000	0.0000	0.0000	0.0000	0.0000	0.0000	0.0000											
33	132	0.1472	6	0	1	1	1	0	0	0	0	N	N	N	N	N	N	N	N	N	N	N	N	0.0000	0.0000	0.0000	0.0000	0.0000	0.0000	0.0000	0.0000	0.0000	0.0000	0.0000	0.0000	0.0000	0.0000	0.0000	0.0000	0.0000	0.0000	0.0000	0.0000	2.0006	0.0000	8.0000	1.9999	0.0000	0.0000	0.0000	0.0000	0.0000	0.0000	0.0000	0.0000	0.0000	0.0000	0.0000	0.0000	0.0000	0.0000	0.0000	0.0000	0.0000	0.0000	0.0000	0.0000	0.0000	0.0000	0.0000	0.0000	0.0000	0.0000	0.0000	0.0291	0.0114	0.0177	0.0007	0.0006	0.0000	0.0285	0.0108	0.0177	0.0000	0.0000	0.0000	0.0000	0.0000	0.0000	0.0000	0.0000	0.0000	0.0000	0.0000	0.0000	0.0000	0.0000	0.0000	0.0000	0.0000	0.0000											
33	133	0.1582	7	0	1	1	1	0	0	0	0	N	N	N	N	N	N	N	N	N	N	N	N	0.0000	0.0000	0.0000	0.0000	0.0000	0.0000	0.0000	0.0000	0.0000	0.0000	0.0000	0.0000	0.0000	0.0000	0.0000	0.0000	0.0000	0.0000	0.0000	0.0000	2.0006	1.0000	8.0000	0.0000	0.0000	0.0000	0.0000	0.0000	0.0000	0.0000	0.0000	0.0000	0.0000	0.0000	0.0000	0.0000	0.0000	0.0000	0.0000	0.0000	0.0000	0.0000	0.0677	0.0604	0.0073	0.0382	0.0351	0.0031	0.0295	0.0253	0.0042	0.0139	0.0053	0.0086	0.0003	0.0003	0.0000	0.0136	0.0050	0.0086	0.0000	0.0000	0.0000	0.0000	0.0000	0.0000	0.0000	0.0000	0.0000	0.0000	0.0000	0.0000	0.0000	0.0000	0.0000	0.0000	0.0000	0.0000											
33	134	0.1582	7	0	1	1	1	0	0	0	0	N	N	N	N	N	N	N	N	N	N	N	N	0.0000	0.0000	0.0000	0.0000	0.0000	0.0000	0.0000	0.0000	0.0000	0.0000	0.0000	0.0000	0.0000	0.0000	0.0000	0.0000	0.0000	0.0000	0.0000	0.0000	2.0006	0.0000	8.0000	0.0000	0.0000	0.0000	0.0000	0.0000	0.0000	0.0000	0.0000	0.0000	0.0000	0.0000	0.0000	0.0000	0.0000	0.0000	0.0000	0.0000	0.0000	0.0000	0.0000	0.0000	0.0000	0.0000	0.0000	0.0000	0.0000	0.0000	0.0000	0.0000	0.0000	0.0000	0.0000	0.0000	0.0000	0.0000	0.0000	0.0000	0.0000	0.0000	0.0000	0.0000	0.0000	0.0000	0.0000	0.0000	0.0000	0.0000	0.0000	0.0000	0.0000	0.0000	0.0000	0.0000	0.0000	0.0000											
33	135	0.1472	6	0	1	1	1	0	0	0	0	N	N	N	N	N	N	N	N	N	N	N	N	0.0000	0.0000	0.0000	0.0000	0.0000	0.0000	0.0000	0.0000	0.0000	0.0000	0.0000	0.0000	0.0000	0.0000	0.0000	0.0000	0.0000	0.0000	0.0000	0.0000	2.0006	2.0025	8.0000	0.9943	0.0000	0.0000	0.0000	0.0000	0.0000	0.0000	0.0000	0.0000	0.0000	0.0000	0.0000	0.0000	0.0000	0.0000	0.0000	0.0000	0.0000	0.0000	0.1335	0.1192	0.0143	0.0731	0.0673	0.0059	0.0604	0.0519	0.0085	0.0432	0.0170	0.0262	0.0010	0.0009	0.0000	0.0422	0.0160	0.0262	0.0000	0.0000	0.0000	0.0000	0.0000	0.0000	0.0000	0.0000	0.0000	0.0000	0.0000	0.0000	0.0000	0.0000	0.0000	0.0000	0.0000	0.0000											
33	136	0.1472	5	0	1	0	1	0	0	0	0	N	N	N	N	N	N	N	N	N	N	N	N	0.0000	0.0000	0.0000	0.0000	0.0000	0.0000	0.0000	0.0000	0.0000	0.0000	0.0000	0.0000	0.0000	0.0000	0.0000	0.0000	0.0000	0.0000	0.0000	0.0000	2.0006	0.0050	8.0000	0.0173	0.0000	0.0000	0.0000	0.0000	0.0000	0.0000	0.0000	0.0000	0.0000	0.0000	0.0000	0.0000	0.0000	0.0000	0.0000	0.0000	0.0000	0.0000	0.0007	0.0007	0.0001	0.0006	0.0005	0.0000	0.0002	0.0001	0.0000	0.0003	0.0001	0.0002	0.0000	0.0000	0.0000	0.0003	0.0001	0.0002	0.0000	0.0000	0.0000	0.0000	0.0000	0.0000	0.0000	0.0000	0.0000	0.0000	0.0000	0.0000	0.0000	0.0000	0.0000	0.0000	0.0000	0.0000											
33	137	0.1375	4	0	1	0	1	0	0	0	0	N	N	N	N	N	N	N	N	N	N	N	N	0.0000	0.0000	0.0000	0.0000	0.0000	0.0000	0.0000	0.0000	0.0000	0.0000	0.0000	0.0000	0.0000	0.0000	0.0000	0.0000	0.0000	0.0000	0.0000	0.0000	2.0006	1.9972	8.0000	1.0076	0.0000	0.0000	0.0000	0.0000	0.0000	0.0000	0.0000	0.0000	0.0000	0.0000	0.0000	0.0000	0.0000	0.0000	0.0000	0.0000	0.0000	0.0000	0.1248	0.1113	0.0135	0.0659	0.0607	0.0052	0.0589	0.0506	0.0083	0.0410	0.0159	0.0251	0.0009	0.0009	0.0000	0.0401	0.0150	0.0251	0.0000	0.0000	0.0000	0.0000	0.0000	0.0000	0.0000	0.0000	0.0000	0.0000	0.0000	0.0000	0.0000	0.0000	0.0000	0.0000	0.0000	0.0000											
33	138	0.1203	3	1	2	0	0	0	0	0	0	N	Y	N	N	N	N	N	N	N	N	N	N	0.0000	0.0000	0.0000	0.0000	0.0000	0.0000	0.0000	0.0000	0.0000	0.0000	0.0000	0.0000	0.0000	0.5339	0.8804	0.0000	1.1172	1.0526	0.0000	0.0000	0.0000	0.0000	0.0000	0.0000	-0.0003	2.0006	0.0002	8.0000	2.3255	0.0000	0.0000	0.0000	0.0000	0.0000	0.0000	0.0000	0.0000	0.0000	0.0006	0.0006	0.0000	0.0006	0.0006	0.0000	0.0000	0.0000	0.0000	0.0000	0.0000	0.0000	0.0000	0.0000	0.0000	0.0000	0.0000	0.0000	0.0514	0.0271	0.0244	0.0085	0.0081	0.0003	0.0430	0.0189	0.0241	0.0000	0.0000	0.0000	0.0000	0.0000	0.0000	0.0000	0.0000	0.0000	0.0121	0.0229	0.0000	0.0732	0.0761	0.0000	0.0000	0.0000	0.0000						
33	139	0.1024	2	1	2	0	0	0	0	0	0	N	Y	N	N	N	N	N	N	N	N	N	N	20.2601	112.4717	0.0000	0.0005	0.0005	167.4490	144.8384	0.0000	5.3516	5.8268	0.0000	0.0000	0.0000	0.0000	8.7194	9.7254	0.0000	0.2641	0.0518	0.0202	0.0271	0.0262	0.0000	0.0521	0.0671	0.0086	0.0000	2.1251	-0.2602	0.0001	2.0006	2.0138	8.0000	2.7349	0.9999	0.9999	0.0000	0.0000	0.0000	0.0000	0.9999	0.9999	0.0000	0.0007	0.0002	0.0005	0.0001	0.0001	0.0000	0.0006	0.0001	0.0005	0.1868	0.1716	0.0152	0.0722	0.0688	0.0034	0.1147	0.1028	0.0119	0.1243	0.0638	0.0606	0.0239	0.0229	0.0011	0.1004	0.0409	0.0595	887.1880	1547.9338	0.0000	0.0024	0.0024	0.0000	1411.9862	3614.6756	0.0000	0.0060	0.0038	0.0084	0.0054	0.0057	0.0000	0.0062	0.0027	0.0086	
33	140	0.1189	3	0	2	0	0	0	0	0	0	N	Y	N	N	N	N	N	N	N	N	N	N	0.0002	0.0001	0.0000	0.0000	0.0000	0.0000	0.0000	0.0000	0.0000	0.0000	0.0000	0.0000	0.0000	0.0012	0.0037	0.0000	0.0186	0.0183	0.0000	0.0000	0.0000	0.0000	0.0000	0.0000	-0.0000	-0.0000	2.0006	1.9232	8.0000	1.1116	0.0000	0.0000	0.0000	0.0000	0.0000	0.0000	0.0000	0.0000	0.0000	0.0000	0.0000	0.0000	0.0000	0.0000	0.0000	0.0000	0.0000	0.0000	0.1784	0.1632	0.0153	0.0872	0.0828	0.0044	0.0912	0.0804	0.0109	0.0516	0.0229	0.0286	0.0044	0.0041	0.0003	0.0472	0.0188	0.0284	0.0008	0.0004	0.0000	0.0001	0.0001	0.0000	0.0000	0.0000	0.0000	0.0004	0.0009	0.0000	0.0045	0.0048	0.0000	0.0000	0.0000	0.0000					
33	141	0.6274	5	0	2	0	0	0	0	0	0	N	Y	N	N	N	N	N	N	N	N	N	N	inf	inf	inf	inf	0.0002	0.0002	0.0000	0.0003	0.0003	0.0000	0.0000	0.0000	0.0000	0.0000	0.0000	0.0000	0.0000	0.0000	0.0000	0.0000	0.0000	0.0000	0.0000	-0.0000	0.0000	2.0006	3.0000	8.0000	1.0000	0.0001	0.0001	0.0000	0.0001	0.0001	0.0000	0.0000	0.0000	0.0000	0.0000	0.0000	0.0000	0.0000	0.0000	0.0000	0.0000	0.0000	0.0000	0.3122	0.2835	0.0287	0.2180	0.2028	0.0152	0.0942	0.0808	0.0134	0.0638	0.0319	0.0320	0.0212	0.0180	0.0032	0.0427	0.0139	0.0288	inf	inf	0.0000	inf	inf	0.0000	0.0000	0.0000	0.0000	0.0000	0.0000	0.0000	0.0000	0.0000	0.0000	0.0000	0.0000	0.0000						
33	142	0.6082	4	0	1	0	0	0	0	0	0	N	N	N	N	N	N	N	N	N	N	N	N	0.0000	0.0000	0.0000	0.0000	0.0000	0.0000	0.0000	0.0000	0.0000	0.0000	0.0000	0.0000	0.0000	0.0000	0.0000	0.0000	0.0000	0.0000	0.0000	0.0000	2.0006	1.0000	8.0000	1.0000	0.0000	0.0000	0.0000	0.0000	0.0000	0.0000	0.0000	0.0000	0.0000	0.0000	0.0000	0.0000	0.0000	0.0000	0.0000	0.0000	0.0000	0.0000	0.0910	0.0820	0.0090	0.0576	0.0535	0.0041	0.0334	0.0285	0.0048	0.0333	0.0165	0.0168	0.0109	0.0092	0.0016	0.0225	0.0073	0.0152	0.0000	0.0000	0.0000	0.0000	0.0000	0.0000	0.0000	0.0000	0.0000	0.0000	0.0000	0.0000	0.0000	0.0000	0.0000	0.0000	0.0000	0.0000											
33	143	0.3578	3	0	1	0	0	0	0	0	0	N	N	N	N	N	N	N	N	N	N	N	N	1.1285	inf	0.0000	inf	inf	0.0011	inf	0.0000	1.5693	1.7592	0.0000	4.2754	4.5774	0.0000	0.0017	0.0020	0.0000	1.3906	0.0000	1.5436	0.0000	0.0000	0.0000	1.5802	0.0000	0.9046	0.0000	inf	-0.2457	0.0391	2.0006	7.1211	8.0000	10.9474	0.9444	0.9444	0.0000	0.9437	0.9437	0.0000	0.0007	0.0007	0.0000	0.0818	0.0000	0.0818	0.0000	0.0000	0.0000	0.0818	0.0000	0.0818	0.6018	0.5368	0.0650	0.2207	0.2062	0.0146	0.3811	0.3307	0.0504	0.5935	0.3794	0.2142	0.2774	0.2367	0.0407	0.3161	0.1427	0.1734	11.3907	inf	0.0000	inf	inf	0.0000	0.0066	inf	0.0000	0.1378	0.0000	0.3818	0.0000	0.0000	0.0000	0.2587	0.0000	0.4715	
33	144	0.1630	2	0	1	0	0	0	0	0	0	N	N	N	N	N	N	N	N	N	N	N	N	0.0344	0.1079	0.0004	0.6192	0.6186	14.0226	0.0008	0.0020	0.0000	0.1514	0.1703	0.0079	1.3496	1.4063	0.1662	0.0039	0.0044	0.0008	4.4025	1.5781	18.3833	2.1795	2.2733	0.0119	5.1908	2.1422	19.8752	0.0061	79.6059	-0.0230	1.3422	2.0006	8.5175	8.0000	23.1696	0.0907	0.0901	0.0005	0.0886	0.0881	0.0005	0.0021	0.0020	0.0001	2.8822	0.0358	2.8465	0.0234	0.0233	0.0001	2.8589	0.0125	2.8464	0.5988	0.5292	0.0697	0.0656	0.0626	0.0030	0.5332	0.4665	0.0667	0.6547	0.3549	0.2998	0.1039	0.0938	0.0101	0.5508	0.2610	0.2897	0.0344	1.6899	0.0008	6.0042	5.6654	23.1875	0.0008	0.0919	0.0001	4.4025	0.1008	9.4935	0.2248	0.2482	0.0072	5.1908	0.0478	9.8246
33	145	0.1375	5	1	2	0	0	0	0	0	0	N	Y	N	N	N	N	N	N	N	N	N	N	0.0000	0.0000	0.0000	0.0000	0.0000	0.0000	0.0000	0.0000	0.0000	0.0000	0.0000	0.0000	0.0000	0.0000	0.0000	0.0000	0.0000	0.0000	0.0000	0.0000	2.0006	1.0000	8.0000	1.0000	0.0000	0.0000	0.0000	0.0000	0.0000	0.0000	0.0000	0.0000	0.0000	0.0000	0.0000	0.0000	0.0000	0.0000	0.0000	0.0000	0.0000	0.0000	0.0641	0.0571	0.0069	0.0342	0.0314	0.0027	0.0299	0.0257	0.0042	0.0276	0.0107	0.0169	0.0006	0.0006	0.0000	0.0270	0.0101	0.0169	0.0000	0.0000	0.0000	0.0000	0.0000	0.0000	0.0000	0.0000	0.0000	0.0000	0.0000	0.0000	0.0000	0.0000	0.0000	0.0000	0.0000	0.0000											
33	146	0.1375	4	0	2	0	0	0	0	0	0	N	Y	N	N	N	N	N	N	N	N	N	N	0.0000	0.0000	0.0000	0.0000	0.0000	0.0000	0.0000	0.0000	0.0000	0.0000	0.0000	0.0000	0.0000	0.0000	0.0000	0.0000	0.0000	0.0000	0.0000	0.0000	2.0006	0.0003	8.0000	0.0000	0.0000	0.0000	0.0000	0.0000	0.0000	0.0000	0.0000	0.0000	0.0000	0.0000	0.0000	0.0000	0.0000	0.0000	0.0000	0.0000	0.0000	0.0000	0.0001	0.0001	0.0000	0.0000	0.0000	0.0000	0.0000	0.0000	0.0000	0.0000	0.0000	0.0000	0.0000	0.0000	0.0000	0.0000	0.0000	0.0000	0.0000	0.0000	0.0000	0.0000	0.0000	0.0000	0.0000	0.0000	0.0000	0.0000	0.0000	0.0000	0.0000	0.0000	0.0000	0.0000	0.0000	0.0000											
33	147	0.1189	3	0	1	0	0	0	0	0	0	N	N	N	N	N	N	N	N	N	N	N	N	0.4406	0.1565	0.0000	0.0000	inf	inf	0.0002	0.0002	0.0000	0.0000	0.0000	0.0000	0.0004	0.0005	0.0000	0.0005	0.0015	0.0000	0.0141	0.0137	0.0000	0.0000	0.0000	0.0000	0.0000	0.0000	-0.0000	-0.0000	2.0006	4.9449	8.0000	1.0063	0.0001	0.0001	0.0000	0.0000	0.0000	0.0000	0.0001	0.0001	0.0000	0.0000	0.0000	0.0000	0.0000	0.0000	0.0000	0.0000	0.0000	0.0000	0.3259	0.2933	0.0326	0.1482	0.1387	0.0096	0.1777	0.1546	0.0231	0.0925	0.0397	0.0528	0.0053	0.0050	0.0003	0.0872	0.0347	0.0525	0.9929	0.4735	0.0000	0.0000	0.0000	0.0000	inf	inf	0.0000	0.0002	0.0005	0.0000	0.0038	0.0040	0.0000	0.0000	0.0000	0.0000			
33	148	0.1024	2	0	1	0	0	0	0	0	0	N	N	N	N	N	N	N	N	N	N	N	N	0.0288	0.0195	0.0011	0.0286	0.0315	0.0013	inf	0.0014	0.0003	0.0003	0.0000	0.0008	0.0008	0.0000	0.0000	0.0000	0.0000	0.0095	0.0155	0.0003	0.0270	0.0260	0.0000	0.0002	0.0000	0.0003	0.0001	0.1538	-0.0000	-0.0001	2.0006	3.4778	8.0000	1.2917	0.0001	0.0001	0.0000	0.0001	0.0001	0.0000	0.0000	0.0000	0.0000	0.0001	0.0001	0.0000	0.0001	0.0001	0.0000	0.0000	0.0000	0.0000	0.2588	0.2344	0.0244	0.0918	0.0865	0.0053	0.1670	0.1479	0.0191	0.1247	0.0639	0.0608	0.0239	0.0229	0.0011	0.1007	0.0410	0.0597	0.2280	0.1489	0.0011	0.1424	0.1444	0.0000	0.0016	inf	0.0014	0.0012	0.0020	0.0003	0.0054	0.0057	0.0000	0.0002	0.0000	0.0003	
33	150	0.1794	3	0	1	0	0	0	0	0	0	N	N	N	N	N	N	N	N	N	N	N	N	0.0000	0.0000	0.0000	0.0000	0.0000	0.0000	0.0000	0.0000	0.0000	0.0000	0.0000	0.0002	0.0000	0.0000	0.0000	0.0000	0.0000	0.0003	4.4447	3.9109	13.4021	3.7547	3.7051	0.0991	5.1987	6.5548	13.2787	inf	0.9566	0.0000	-0.0688	2.0006	3.7255	8.0000	14.1767	0.0000	0.0000	0.0000	0.0000	0.0000	0.0000	0.0000	0.0000	0.0000	2.0852	1.0657	1.0195	0.0713	0.0711	0.0003	2.0138	0.9946	1.0192	0.3413	0.3012	0.0402	0.0552	0.0533	0.0018	0.2862	0.2478	0.0383	0.4691	0.2725	0.1966	0.0818	0.0754	0.0063	0.3874	0.1971	0.1903	0.0000	0.0000	0.0000	0.0000	0.0000	0.0000	0.0000	0.0000	0.0000	4.4447	3.9109	5.1845	0.8726	0.9426	0.0394	5.1987	5.0469	5.3560
33	151	0.1630	2	0	1	0	0	0	0	0	0	N	N	N	N	N	N	N	N	N	N	N	N	0.0061	0.0055	0.0004	0.0022	0.0022	0.0048	0.0074	0.0081	0.0011	0.0147	0.0164	0.0024	0.0120	0.0122	0.0000	0.0155	0.0177	0.0025	2.4038	2.9801	6.0992	5.3527	5.5237	0.0005	2.0977	2.1729	2.2219	0.0201	0.4456	-0.0006	-0.0732	2.0006	1.4205	8.0000	4.0377	0.0025	0.0025	0.0001	0.0004	0.0004	0.0000	0.0021	0.0021	0.0000	0.3426	0.2370	0.1056	0.2314	0.2314	0.0000	0.1112	0.0056	0.1056	0.1723	0.1518	0.0205	0.0366	0.0360	0.0006	0.1357	0.1158	0.0199	0.2772	0.1668	0.1104	0.0757	0.0728	0.0030	0.2015	0.0940	0.1075	0.0119	0.0115	0.0026	0.0039	0.0038	0.0051	0.0280	0.2980	0.0026	1.2357	1.4209	0.9561	3.0559	3.1806	0.0005	0.5517	0.0594	0.9825
34	35	0.1046	2	1	2	0	0	0	0	0	0	N	Y	N	N	N	N	N	N	N	N	N	N	inf	inf	inf	inf	1.2341	0.0000	12.1650	2.7090	0.0000	43.1154	0.0000	0.0000	0.0000	0.0000	0.0000	0.0000	0.0000	0.0000	0.0000	0.0000	0.0000	0.0000	inf	0.7398	0.0000	10.0001	3.0004	4.0001	2.0000	0.9999	0.0000	0.9999	0.9999	0.0000	0.9999	0.0000	0.0000	0.0000	0.0000	0.0000	0.0000	0.0000	0.0000	0.0000	0.0000	0.0000	0.0000	0.8103	0.7281	0.0822	0.3691	0.3459	0.0232	0.4411	0.3821	0.0590	0.1148	0.0481	0.0667	0.0010	0.0009	0.0000	0.1138	0.0472	0.0666	inf	0.0000	inf	inf	0.0000	inf	0.0000	0.0000	0.0000	0.0000	0.0000	0.0000	0.0000	0.0000	0.0000	0.0000	0.0000	0.0000						
34	36	0.6608	5	1	2	0	0	0	0	0	0	N	Y	N	N	N	N	N	N	N	N	N	N	inf	inf	inf	inf	inf	inf	3.6391	1.9837	21.9883	4.9816	2.6543	40.4338	0.0000	0.0000	0.0000	0.0000	0.0000	0.0000	0.0000	0.0000	0.0000	0.0000	0.0000	0.0000	1.0000	0.4796	0.0000	10.0001	3.0000	4.0001	3.0000	2.0000	1.0000	1.0000	2.0000	1.0000	1.0000	0.0000	0.0000	0.0000	0.0000	0.0000	0.0000	0.0000	0.0000	0.0000	0.0000	0.0000	0.0000	0.5496	0.5041	0.0455	0.4015	0.3767	0.0247	0.1481	0.1274	0.0207	0.0497	0.0278	0.0219	0.0247	0.0210	0.0036	0.0250	0.0068	0.0182	inf	inf	inf	inf	inf	inf	0.0000	0.0000	0.0000	0.0000	0.0000	0.0000	0.0000	0.0000	0.0000	0.0000	0.0000	0.0000				
34	37	0.1348	3	2	2	0	0	0	0	0	0	Y	Y	N	N	N	N	N	N	N	N	N	N	inf	inf	inf	inf	0.8750	0.0000	8.5027	0.0000	0.0000	0.0000	1.6055	0.0000	12.0831	0.0000	0.0000	0.0000	0.0000	0.0000	0.0000	0.0000	0.0000	0.0000	inf	0.7398	0.0000	10.0001	4.2779	4.0001	3.9542	1.0000	0.0000	1.0000	0.0000	0.0000	0.0000	1.0000	0.0000	1.0000	0.0000	0.0000	0.0000	0.0000	0.0000	0.0000	0.0000	0.0000	0.0000	1.1428	1.0252	0.1176	0.5200	0.4851	0.0348	0.6228	0.5401	0.0828	0.1844	0.0877	0.0967	0.0105	0.0103	0.0002	0.1740	0.0774	0.0966	inf	0.0000	inf	0.0000	0.0000	0.0000	inf	0.0000	inf	0.0000	0.0000	0.0000	0.0000	0.0000	0.0000	0.0000	0.0000	0.0000						
34	38	0.7274	9	2	2	0	0	0	0	0	0	Y	Y	N	N	N	N	N	N	N	N	N	N	58.5898	20.7002	17026.0904	17307.6843	21321.2831	0.0000	57.4607	0.0000	21380.3684	2.6043	1.4453	13.1597	2.4251	2.5804	0.0000	2.8122	0.0000	19.5425	0.0445	0.0698	0.0008	0.0001	0.0001	0.0000	0.0489	1.0954	0.0009	0.9999	0.1111	0.4795	-0.0001	10.0001	2.8243	4.0001	1.0201	1.9999	1.0000	0.9999	1.0000	1.0000	0.0000	0.9999	0.0000	0.9999	0.0002	0.0002	0.0000	0.0000	0.0000	0.0000	0.0002	0.0002	0.0000	0.7679	0.6919	0.0760	0.4124	0.3875	0.0248	0.3556	0.3044	0.0512	0.0706	0.0447	0.0259	0.0370	0.0330	0.0040	0.0336	0.0117	0.0219	919.2298	359.0855	17026.0904	981909.4683	957130.1057	0.0000	472.1247	0.0021	21380.3684	0.0028	0.0040	0.0008	0.0000	0.0000	0.0000	0.0060	0.0154	0.0009
34	40	0.6832	6	1	2	0	0	0	0	0	0	N	Y	N	N	N	N	N	N	N	N	N	N	0.0000	0.0000	0.0000	0.0000	0.0000	0.0000	0.0000	0.0000	0.0000	0.0000	0.0000	0.0000	0.0000	0.0000	0.0000	0.0000	0.0000	0.0000	0.0000	0.0000	10.0001	0.0000	4.0001	2.0000	0.0000	0.0000	0.0000	0.0000	0.0000	0.0000	0.0000	0.0000	0.0000	0.0000	0.0000	0.0000	0.0000	0.0000	0.0000	0.0000	0.0000	0.0000	0.0000	0.0000	0.0000	0.0000	0.0000	0.0000	0.0000	0.0000	0.0000	0.0354	0.0219	0.0135	0.0201	0.0172	0.0028	0.0154	0.0047	0.0107	0.0000	0.0000	0.0000	0.0000	0.0000	0.0000	0.0000	0.0000	0.0000	0.0000	0.0000	0.0000	0.0000	0.0000	0.0000	0.0000	0.0000	0.0000											
34	42	0.7493	10	1	2	1	1	0	0	0	0	N	Y	N	N	N	N	N	N	N	N	N	N	0.0000	0.0000	0.0000	0.0000	0.0000	0.0000	0.0000	0.0000	0.0000	0.0000	0.0000	0.0000	0.0000	0.0000	0.0000	2.0319	2.8685	0.0000	0.0050	0.0046	0.0000	2.6627	5.3621	0.0000	0.0000	0.0000	-0.0073	10.0001	0.0011	4.0001	1.0134	0.0000	0.0000	0.0000	0.0000	0.0000	0.0000	0.0000	0.0000	0.0000	0.0140	0.0140	0.0000	0.0000	0.0000	0.0000	0.0139	0.0139	0.0000	0.0007	0.0006	0.0001	0.0004	0.0004	0.0000	0.0002	0.0002	0.0000	0.0208	0.0133	0.0075	0.0104	0.0095	0.0009	0.0104	0.0038	0.0066	0.0000	0.0000	0.0000	0.0000	0.0000	0.0000	0.0000	0.0000	0.0000	0.6715	1.0473	0.0000	0.0019	0.0021	0.0000	1.3386	3.6586	0.0000				
34	43	0.7274	9	1	1	0	1	0	0	0	0	N	N	N	N	N	N	N	N	N	N	N	N	0.0001	0.0001	0.0000	0.0001	0.0001	0.0000	0.0022	0.0002	0.0000	0.0002	0.0002	0.0000	0.0002	0.0003	0.0000	0.0002	0.0002	0.0000	1.6224	2.2766	0.0010	2.9400	2.9990	0.0000	0.0768	1.3074	0.0012	0.0000	0.0014	-0.0000	-0.0074	10.0001	2.8187	4.0001	0.0347	0.0002	0.0002	0.0000	0.0001	0.0001	0.0000	0.0001	0.0001	0.0000	0.0142	0.0141	0.0000	0.0140	0.0140	0.0000	0.0002	0.0002	0.0000	0.7666	0.6908	0.0759	0.4117	0.3869	0.0248	0.3549	0.3039	0.0511	0.0537	0.0341	0.0196	0.0281	0.0251	0.0030	0.0255	0.0090	0.0166	0.0008	0.0006	0.0000	0.0005	0.0005	0.0000	0.0219	0.0100	0.0000	0.2638	0.4145	0.0010	0.4966	0.5557	0.0000	0.0077	0.0198	0.0012
34	44	0.7147	8	1	1	0	0	0	0	0	0	N	N	N	N	N	N	N	N	N	N	N	N	0.0023	0.0009	419.0547	0.0066	0.0071	0.5037	0.0000	443.6200	0.0006	0.0004	0.0031	0.0007	0.0007	0.0000	0.0005	0.0000	0.0042	0.2631	0.4406	0.0000	0.0997	0.0964	0.0000	0.0011	0.0541	0.0000	0.6875	0.0004	0.0000	-0.0001	10.0001	0.9605	4.0001	1.0076	0.0003	0.0002	0.0001	0.0002	0.0002	0.0000	0.0001	0.0000	0.0001	0.0002	0.0002	0.0000	0.0002	0.0002	0.0000	0.0000	0.0000	0.0000	0.4425	0.4071	0.0355	0.2422	0.2331	0.0091	0.2004	0.1740	0.0264	0.0350	0.0232	0.0118	0.0212	0.0187	0.0025	0.0138	0.0045	0.0093	0.1014	0.0433	419.0547	0.0698	0.0639	0.0000	0.7519	0.0000	443.6200	0.0060	0.0091	0.0000	0.0095	0.0107	0.0000	0.0007	0.0022	0.0000	
34	45	0.1578	5	1	2	1	1	0	0	0	0	N	Y	N	N	N	N	N	N	N	N	N	N	0.0000	0.0000	0.0000	0.0000	0.0000	0.0000	0.0000	0.0000	0.0000	0.0000	0.0000	0.0000	0.0000	21.9761	0.0000	41.5197	0.0000	0.0000	0.0000	22.9176	0.0000	47.2958	inf	0.0000	0.4781	10.0001	1.0000	4.0001	1.0000	0.0000	0.0000	0.0000	0.0000	0.0000	0.0000	0.0000	0.0000	0.0000	1.0000	0.0000	1.0000	0.0000	0.0000	0.0000	1.0000	0.0000	1.0000	0.2782	0.2500	0.0282	0.1260	0.1182	0.0078	0.1522	0.1318	0.0204	0.0455	0.0213	0.0242	0.0019	0.0018	0.0000	0.0436	0.0195	0.0242	0.0000	0.0000	0.0000	0.0000	0.0000	0.0000	0.0000	0.0000	0.0000	21.9761	0.0000	41.3200	0.0000	0.0000	0.0000	22.9176	0.0000	41.3897						
34	46	0.6608	5	1	2	0	0	0	0	0	0	N	Y	N	N	N	N	N	N	N	N	N	N	0.0000	0.0000	0.0000	0.0000	0.0000	0.0000	0.0000	0.0000	0.0000	0.0000	0.0000	0.0000	0.0000	0.0000	0.0000	0.0000	0.0000	0.0000	0.0000	0.0000	10.0001	0.0000	4.0001	0.0000	0.0000	0.0000	0.0000	0.0000	0.0000	0.0000	0.0000	0.0000	0.0000	0.0000	0.0000	0.0000	0.0000	0.0000	0.0000	0.0000	0.0000	0.0000	0.0000	0.0000	0.0000	0.0000	0.0000	0.0000	0.0000	0.0000	0.0000	0.0000	0.0000	0.0000	0.0000	0.0000	0.0000	0.0000	0.0000	0.0000	0.0000	0.0000	0.0000	0.0000	0.0000	0.0000	0.0000	0.0000	0.0000	0.0000	0.0000	0.0000	0.0000	0.0000	0.0000	0.0000	0.0000	0.0000											
34	47	0.7147	8	1	2	0	1	0	0	0	0	N	Y	N	N	N	N	N	N	N	N	N	N	0.0000	0.0000	0.0000	0.0000	0.0000	0.0000	0.0000	0.0000	0.0000	0.0000	0.0000	0.0000	0.0000	0.0000	0.0000	0.0000	0.0000	0.0000	0.0000	0.0000	10.0001	0.0000	4.0001	1.0000	0.0000	0.0000	0.0000	0.0000	0.0000	0.0000	0.0000	0.0000	0.0000	0.0000	0.0000	0.0000	0.0000	0.0000	0.0000	0.0000	0.0000	0.0000	0.2067	0.1946	0.0122	0.1034	0.1034	0.0000	0.1033	0.0912	0.0122	0.0189	0.0127	0.0062	0.0114	0.0101	0.0013	0.0076	0.0026	0.0049	0.0000	0.0000	0.0000	0.0000	0.0000	0.0000	0.0000	0.0000	0.0000	0.0000	0.0000	0.0000	0.0000	0.0000	0.0000	0.0000	0.0000	0.0000											
34	48	0.6608	5	2	2	0	0	0	0	0	0	Y	Y	N	N	N	N	N	N	N	N	N	N	0.0000	0.0000	0.0000	0.0000	0.0000	0.0000	0.0000	0.0000	0.0000	0.0000	0.0000	0.0000	0.0000	0.0000	0.0000	0.0000	0.0000	0.0000	0.0000	0.0000	10.0001	0.0000	4.0001	4.0000	0.0000	0.0000	0.0000	0.0000	0.0000	0.0000	0.0000	0.0000	0.0000	0.0000	0.0000	0.0000	0.0000	0.0000	0.0000	0.0000	0.0000	0.0000	0.0000	0.0000	0.0000	0.0000	0.0000	0.0000	0.0000	0.0000	0.0000	0.0337	0.0189	0.0148	0.0167	0.0143	0.0025	0.0170	0.0046	0.0124	0.0000	0.0000	0.0000	0.0000	0.0000	0.0000	0.0000	0.0000	0.0000	0.0000	0.0000	0.0000	0.0000	0.0000	0.0000	0.0000	0.0000	0.0000											
34	49	0.7355	9	1	1	1	0	0	0	0	0	N	N	N	N	N	N	N	N	N	N	N	N	0.0000	0.0000	0.0000	0.0000	0.0000	0.0000	0.0000	0.0000	0.0000	0.0000	0.0000	0.0000	0.0000	0.0000	0.0000	0.0000	0.0000	0.0000	0.0000	0.0000	10.0001	0.0000	4.0001	0.0000	0.0000	0.0000	0.0000	0.0000	0.0000	0.0000	0.0000	0.0000	0.0000	0.0000	0.0000	0.0000	0.0000	0.0000	0.0000	0.0000	0.0000	0.0000	0.0000	0.0000	0.0000	0.0000	0.0000	0.0000	0.0000	0.0000	0.0000	0.0000	0.0000	0.0000	0.0000	0.0000	0.0000	0.0000	0.0000	0.0000	0.0000	0.0000	0.0000	0.0000	0.0000	0.0000	0.0000	0.0000	0.0000	0.0000	0.0000	0.0000	0.0000	0.0000	0.0000	0.0000	0.0000	0.0000											
34	50	0.1669	4	1	1	1	0	0	0	0	0	N	N	N	N	N	N	N	N	N	N	N	N	0.0000	0.0000	0.0000	0.0000	0.0000	0.0000	0.0000	0.0000	0.0000	0.0000	0.0000	0.0000	0.0000	0.0000	0.0000	0.0000	0.0000	0.0000	0.0000	0.0000	10.0001	1.0000	4.0001	1.0000	0.0000	0.0000	0.0000	0.0000	0.0000	0.0000	0.0000	0.0000	0.0000	0.0000	0.0000	0.0000	0.0000	0.0000	0.0000	0.0000	0.0000	0.0000	0.2594	0.2324	0.0270	0.1036	0.0972	0.0064	0.1558	0.1352	0.0206	0.0461	0.0220	0.0241	0.0036	0.0032	0.0004	0.0425	0.0188	0.0237	0.0000	0.0000	0.0000	0.0000	0.0000	0.0000	0.0000	0.0000	0.0000	0.0000	0.0000	0.0000	0.0000	0.0000	0.0000	0.0000	0.0000	0.0000											
34	51	0.1714	4	1	2	0	0	0	0	0	0	N	Y	N	N	N	N	N	N	N	N	N	N	inf	inf	inf	inf	0.0319	0.0354	0.0000	0.0546	0.0573	0.0000	0.0000	0.0000	0.0000	0.0000	0.0000	0.0000	0.0000	0.0000	0.0000	0.0000	0.0000	0.0000	0.0000	-0.0000	0.0000	10.0001	0.0003	4.0001	0.9690	0.0000	0.0000	0.0000	0.0000	0.0000	0.0000	0.0000	0.0000	0.0000	0.0000	0.0000	0.0000	0.0000	0.0000	0.0000	0.0000	0.0000	0.0000	0.0003	0.0003	0.0000	0.0002	0.0002	0.0000	0.0001	0.0001	0.0000	0.0458	0.0332	0.0125	0.0142	0.0138	0.0004	0.0316	0.0195	0.0121	inf	inf	0.0000	inf	inf	0.0000	0.0000	0.0000	0.0000	0.0000	0.0000	0.0000	0.0000	0.0000	0.0000	0.0000	0.0000	0.0000						
34	52	0.7388	9	1	2	0	0	0	0	0	0	N	Y	N	N	N	N	N	N	N	N	N	N	0.0195	inf	0.0000	1.0663	inf	0.0000	0.0000	0.0001	0.0000	0.0000	0.0000	0.0001	0.0001	0.0000	0.0000	0.0000	0.0000	0.0018	0.0000	0.0018	0.0001	0.0000	0.0000	0.0039	0.0000	0.0025	0.0002	inf	-0.0000	0.0000	10.0001	0.9211	4.0001	0.1671	0.0000	0.0000	0.0000	0.0000	0.0000	0.0000	0.0000	0.0000	0.0000	0.0000	0.0000	0.0000	0.0000	0.0000	0.0000	0.0000	0.0000	0.0000	0.2929	0.2658	0.0271	0.1807	0.1694	0.0113	0.1122	0.0964	0.0158	0.0434	0.0325	0.0109	0.0280	0.0250	0.0030	0.0153	0.0075	0.0079	0.0740	inf	0.0000	469.9349	inf	0.0000	0.0000	0.0000	0.0001	0.0005	0.0000	0.0018	0.0000	0.0000	0.0000	0.0013	0.0000	0.0025	
34	53	0.1578	5	1	2	0	0	0	0	0	0	N	Y	N	N	N	N	N	N	N	N	N	N	0.0000	0.0000	0.0000	0.0000	0.0000	0.0000	0.0000	0.0000	0.0000	0.0000	0.0000	0.0000	0.0000	7.6209	0.0000	22.6794	0.0000	0.0000	0.0000	7.9437	0.0000	26.5370	inf	0.0000	0.4781	10.0001	1.0000	4.0001	5.0000	0.0000	0.0000	0.0000	0.0000	0.0000	0.0000	0.0000	0.0000	0.0000	1.0000	0.0000	1.0000	0.0000	0.0000	0.0000	1.0000	0.0000	1.0000	0.2782	0.2500	0.0282	0.1260	0.1182	0.0078	0.1522	0.1318	0.0204	0.1312	0.0616	0.0696	0.0053	0.0052	0.0001	0.1259	0.0564	0.0695	0.0000	0.0000	0.0000	0.0000	0.0000	0.0000	0.0000	0.0000	0.0000	7.6209	0.0000	14.3611	0.0000	0.0000	0.0000	7.9437	0.0000	14.3861						
34	54	0.1426	4	1	1	0	0	0	0	0	0	N	N	N	N	N	N	N	N	N	N	N	N	0.0000	0.0000	0.0000	0.0000	0.0000	0.0000	0.0000	0.0000	0.0000	0.0000	0.0000	0.0000	0.0000	0.0010	0.0000	0.0007	0.0000	0.0000	0.0000	0.0005	0.0000	0.0007	inf	0.0000	0.0000	10.0001	0.0000	4.0001	2.9157	0.0000	0.0000	0.0000	0.0000	0.0000	0.0000	0.0000	0.0000	0.0000	0.0000	0.0000	0.0000	0.0000	0.0000	0.0000	0.0000	0.0000	0.0000	0.0000	0.0000	0.0000	0.0000	0.0000	0.0000	0.0000	0.0000	0.0000	0.0858	0.0409	0.0449	0.0125	0.0125	0.0001	0.0732	0.0284	0.0448	0.0000	0.0000	0.0000	0.0000	0.0000	0.0000	0.0000	0.0000	0.0000	0.0003	0.0000	0.0007	0.0000	0.0000	0.0000	0.0004	0.0000	0.0007						
34	55	0.7147	8	1	2	0	0	0	0	0	0	N	Y	N	N	N	N	N	N	N	N	N	N	0.0000	0.0000	0.0000	0.0000	0.0000	0.0000	0.0000	0.0000	0.0000	0.0000	0.0000	0.0000	0.0000	0.0000	0.0000	0.0000	0.0000	0.0000	0.0000	0.0000	10.0001	2.0000	4.0001	3.0000	0.0000	0.0000	0.0000	0.0000	0.0000	0.0000	0.0000	0.0000	0.0000	0.0000	0.0000	0.0000	0.0000	0.0000	0.0000	0.0000	0.0000	0.0000	0.6849	0.6253	0.0596	0.3817	0.3635	0.0182	0.3033	0.2618	0.0414	0.0837	0.0550	0.0287	0.0509	0.0447	0.0062	0.0328	0.0103	0.0225	0.0000	0.0000	0.0000	0.0000	0.0000	0.0000	0.0000	0.0000	0.0000	0.0000	0.0000	0.0000	0.0000	0.0000	0.0000	0.0000	0.0000	0.0000											
34	56	0.1348	3	1	2	0	1	0	0	0	0	N	Y	N	N	N	N	N	N	N	N	N	N	0.0000	0.0000	0.0000	0.0000	0.0000	0.0000	0.0000	0.0000	0.0000	0.0000	0.0000	0.0000	0.0000	0.0000	0.0000	0.0000	0.0000	0.0000	0.0000	0.0000	10.0001	1.7218	4.0001	6.9557	0.0000	0.0000	0.0000	0.0000	0.0000	0.0000	0.0000	0.0000	0.0000	0.0000	0.0000	0.0000	0.0000	0.0000	0.0000	0.0000	0.0000	0.0000	0.5228	0.4695	0.0532	0.2633	0.2447	0.0185	0.2595	0.2248	0.0347	0.1931	0.0918	0.1013	0.0108	0.0106	0.0002	0.1823	0.0812	0.1012	0.0000	0.0000	0.0000	0.0000	0.0000	0.0000	0.0000	0.0000	0.0000	0.0000	0.0000	0.0000	0.0000	0.0000	0.0000	0.0000	0.0000	0.0000											
34	58	0.6608	5	2	1	1	0	0	0	0	0	Y	N	N	N	N	N	N	N	N	N	N	N	0.0000	0.0000	0.0000	0.0000	0.0000	0.0000	0.0000	0.0000	0.0000	0.0000	0.0000	0.0000	0.0000	0.0000	0.0000	0.0000	0.0000	0.0000	0.0000	0.0000	10.0001	0.0000	4.0001	1.0000	0.0000	0.0000	0.0000	0.0000	0.0000	0.0000	0.0000	0.0000	0.0000	0.0000	0.0000	0.0000	0.0000	0.0000	0.0000	0.0000	0.0000	0.0000	0.0000	0.0000	0.0000	0.0000	0.0000	0.0000	0.0000	0.0000	0.0000	0.0086	0.0048	0.0038	0.0043	0.0037	0.0006	0.0044	0.0012	0.0032	0.0000	0.0000	0.0000	0.0000	0.0000	0.0000	0.0000	0.0000	0.0000	0.0000	0.0000	0.0000	0.0000	0.0000	0.0000	0.0000	0.0000	0.0000											
34	59	0.1714	4	1	1	1	0	0	0	0	0	N	N	N	N	N	N	N	N	N	N	N	N	2.2017	1.4589	2.9288	3.1526	0.3679	0.4084	0.0000	0.6610	0.6961	0.0000	0.0000	0.0000	0.0000	0.1671	0.2800	0.0000	0.2257	0.2208	0.0000	0.0000	0.0000	0.0000	0.0000	0.0000	-0.0000	-0.0001	10.0001	0.0006	4.0001	1.1867	0.0001	0.0001	0.0000	0.0001	0.0001	0.0000	0.0000	0.0000	0.0000	0.0002	0.0002	0.0000	0.0002	0.0002	0.0000	0.0000	0.0000	0.0000	0.0004	0.0004	0.0000	0.0002	0.0002	0.0000	0.0002	0.0002	0.0000	0.0507	0.0356	0.0151	0.0147	0.0142	0.0005	0.0360	0.0214	0.0146	81.0842	63.2057	0.0000	42.1876	42.9878	0.0000	0.0000	0.0000	0.0000	0.0045	0.0065	0.0000	0.0157	0.0162	0.0000	0.0000	0.0000	0.0000					
34	60	0.1348	3	1	1	0	0	0	0	0	0	N	N	N	N	N	N	N	N	N	N	N	N	0.0180	0.0156	0.5580	0.0777	0.0081	0.8308	0.0002	0.0002	0.0006	0.0000	0.0000	0.0000	0.0004	0.0004	0.0009	0.0125	0.0118	0.0011	0.0000	0.0000	0.0000	0.0057	0.0461	0.0011	0.3636	0.6429	0.0000	-0.0000	10.0001	2.2785	4.0001	4.8627	0.0001	0.0001	0.0000	0.0000	0.0000	0.0000	0.0001	0.0001	0.0000	0.0002	0.0001	0.0001	0.0000	0.0000	0.0000	0.0002	0.0001	0.0001	0.6649	0.5970	0.0679	0.3241	0.3018	0.0223	0.3408	0.2952	0.0455	0.1629	0.0777	0.0852	0.0098	0.0097	0.0001	0.1531	0.0680	0.0851	0.1598	0.1022	0.5580	0.0000	0.0000	0.0000	0.2929	0.1809	0.8308	0.0014	0.0018	0.0011	0.0000	0.0000	0.0000	0.0015	0.0021	0.0011			
34	61	0.7388	9	1	1	1	0	0	0	0	0	N	N	N	N	N	N	N	N	N	N	N	N	0.1030	inf	0.0002	1.0683	inf	0.0000	0.0001	0.0003	0.0000	0.0000	0.0000	0.0000	0.0001	0.0000	0.0000	0.0000	0.0000	0.0003	0.0000	0.0003	0.0000	0.0000	0.0000	0.0003	0.0000	0.0004	0.0002	inf	-0.0000	0.0000	10.0001	1.0901	4.0001	7.9319	0.0000	0.0000	0.0000	0.0000	0.0000	0.0000	0.0000	0.0000	0.0000	0.0000	0.0000	0.0000	0.0000	0.0000	0.0000	0.0000	0.0000	0.0000	0.3358	0.3044	0.0314	0.2035	0.1908	0.0127	0.1323	0.1136	0.0186	0.1754	0.1151	0.0604	0.1010	0.0886	0.0123	0.0745	0.0265	0.0480	0.2612	inf	0.0002	1503.2442	inf	0.0000	0.0001	0.0000	0.0003	0.0001	0.0000	0.0003	0.0000	0.0000	0.0000	0.0003	0.0000	0.0004	
34	62	0.7087	8	1	1	0	0	0	0	0	0	N	N	N	N	N	N	N	N	N	N	N	N	9.3668	6.4544	0.0050	10.1154	11.8453	0.0000	0.0012	0.0057	0.0057	0.0062	0.0000	0.0102	0.0107	0.0000	0.0000	0.0000	0.0000	0.0006	0.0010	0.0000	0.0010	0.0009	0.0000	0.0000	0.0000	0.0000	0.0000	0.0115	-0.0009	-0.0000	10.0001	1.6797	4.0001	2.9843	0.0035	0.0035	0.0000	0.0035	0.0035	0.0000	0.0000	0.0000	0.0000	0.0000	0.0000	0.0000	0.0000	0.0000	0.0000	0.0000	0.0000	0.0000	0.6113	0.5591	0.0523	0.3410	0.3254	0.0156	0.2704	0.2337	0.0367	0.0800	0.0527	0.0273	0.0474	0.0418	0.0056	0.0325	0.0109	0.0216	22.5566	16.4420	0.0050	24.2650	22.4045	0.0000	0.0012	0.0000	0.0057	0.0003	0.0004	0.0000	0.0004	0.0005	0.0000	0.0000	0.0000	0.0000	
34	63	0.6985	7	1	1	0	0	0	0	0	0	N	N	N	N	N	N	N	N	N	N	N	N	6.2777	83.4133	25.8661	118.2947	130.9939	1.5597	25.1771	0.0134	0.0114	0.0378	0.0198	0.0204	0.0000	0.0060	0.0000	0.0471	0.0021	0.0001	0.0015	0.0002	0.0002	0.0000	0.0038	0.0000	0.0019	0.2636	187.8568	-0.0002	0.0000	10.0001	0.4935	4.0001	1.5835	0.0044	0.0035	0.0009	0.0035	0.0035	0.0000	0.0009	0.0000	0.0009	0.0000	0.0000	0.0000	0.0000	0.0000	0.0000	0.0000	0.0000	0.0000	0.3295	0.3052	0.0243	0.1761	0.1713	0.0048	0.1534	0.1339	0.0195	0.0355	0.0233	0.0121	0.0217	0.0191	0.0026	0.0137	0.0042	0.0095	26.5963	2823.5280	25.8661	4528.6952	4115.7668	0.0000	4.6400	0.0000	25.1771	0.0005	0.0000	0.0015	0.0000	0.0000	0.0000	0.0013	0.0000	0.0019		
34	64	0.7355	9	1	2	0	0	0	0	0	0	N	Y	N	N	N	N	N	N	N	N	N	N	24.7866	inf	729.4702	10.0066	inf	0.0866	3426.3687	16050.1666	0.0012	0.0011	0.0023	0.0012	0.0014	0.0000	0.0014	0.0000	0.0092	0.0000	0.0000	0.0000	0.0001	0.0000	0.0000	0.0000	0.0000	0.0000	0.3080	inf	-0.0000	0.0000	10.0001	0.2944	4.0001	1.0083	0.0002	0.0001	0.0000	0.0001	0.0001	0.0000	0.0000	0.0000	0.0000	0.0000	0.0000	0.0000	0.0000	0.0000	0.0000	0.0000	0.0000	0.0000	0.1376	0.1203	0.0173	0.1087	0.0957	0.0130	0.0290	0.0246	0.0043	0.0219	0.0144	0.0075	0.0137	0.0120	0.0017	0.0082	0.0024	0.0057	1142.3281	inf	729.4702	805.3587	inf	0.0866	3426.3687	0.0000	16050.1666	0.0000	0.0000	0.0000	0.0000	0.0000	0.0000	0.0000	0.0000	0.0000	
34	65	0.7147	8	1	1	0	0	0	0	0	0	N	N	N	N	N	N	N	N	N	N	N	N	0.8680	0.5187	inf	2.2995	2.5653	0.0891	0.0000	inf	0.0004	0.0004	0.0003	0.0006	0.0007	0.0000	0.0000	0.0000	0.0003	0.0004	0.0007	0.0000	0.0003	0.0003	0.0000	0.0005	0.0272	0.0000	0.0588	0.0000	-0.0000	-0.0000	10.0001	1.1351	4.0001	2.0429	0.0002	0.0002	0.0000	0.0002	0.0002	0.0000	0.0000	0.0000	0.0000	0.0000	0.0000	0.0000	0.0000	0.0000	0.0000	0.0000	0.0000	0.0000	0.4842	0.4445	0.0396	0.2663	0.2557	0.0107	0.2178	0.1889	0.0290	0.0547	0.0361	0.0186	0.0332	0.0292	0.0040	0.0215	0.0069	0.0146	1.9109	1.2966	inf	32.6351	29.9056	0.0000	0.0987	0.0000	inf	0.0002	0.0003	0.0000	0.0000	0.0000	0.0000	0.0005	0.0015	0.0000	
34	66	0.6985	7	1	1	0	0	0	0	0	0	N	N	N	N	N	N	N	N	N	N	N	N	1.7044	0.0270	1708.5190	0.0647	0.0778	150.2682	1662.9576	0.0029	0.0001	0.0379	0.0001	0.0001	0.0000	0.0060	0.0000	0.0471	0.0017	0.0024	0.0000	0.0018	0.0015	0.0000	0.0000	0.0000	0.0000	46.0179	0.0172	0.0007	-0.0000	10.0001	0.4912	4.0001	2.4266	0.0009	0.0000	0.0009	0.0000	0.0000	0.0000	0.0009	0.0000	0.0009	0.0000	0.0000	0.0000	0.0000	0.0000	0.0000	0.0000	0.0000	0.0000	0.3290	0.3047	0.0243	0.1758	0.1710	0.0047	0.1532	0.1337	0.0195	0.0493	0.0324	0.0169	0.0302	0.0265	0.0037	0.0191	0.0059	0.0132	6.3395	0.0973	1708.5190	0.1573	0.1420	0.0000	306.1315	0.0000	1662.9576	0.0005	0.0007	0.0000	0.0007	0.0008	0.0000	0.0000	0.0000	0.0000		
34	67	0.6934	6	1	1	0	0	0	0	0	0	N	N	N	N	N	N	N	N	N	N	N	N	3.1413	3.2301	116.6069	4.9683	5.4961	1082.0239	4.2553	116.8700	0.0231	0.0026	0.2738	0.0045	0.0046	0.0016	0.0449	0.0000	0.3457	0.0073	0.0008	0.0023	0.0009	0.0008	0.0000	0.0105	0.0000	0.0030	8.6561	3.9725	0.0057	0.0000	10.0001	0.6141	4.0001	1.2701	0.0090	0.0009	0.0081	0.0009	0.0009	0.0000	0.0081	0.0000	0.0081	0.0000	0.0000	0.0000	0.0000	0.0000	0.0000	0.0000	0.0000	0.0000	0.3901	0.3606	0.0295	0.2104	0.2042	0.0062	0.1797	0.1564	0.0233	0.0336	0.0219	0.0116	0.0202	0.0178	0.0024	0.0133	0.0041	0.0092	22.6301	8.2320	116.6069	13.1693	11.8374	1082.0239	21.8417	0.0000	116.8700	0.0010	0.0003	0.0023	0.0003	0.0004	0.0000	0.0021	0.0000	0.0030	
34	68	0.6608	5	2	2	1	0	0	0	0	0	Y	Y	N	N	N	N	N	N	N	N	N	N	0.0000	0.0000	0.0000	0.0000	0.0000	0.0000	0.0000	0.0000	0.0000	0.0000	0.0000	0.0000	0.0000	0.0000	0.0000	0.0000	0.0000	0.0000	0.0000	0.0000	10.0001	0.0000	4.0001	0.0000	0.0000	0.0000	0.0000	0.0000	0.0000	0.0000	0.0000	0.0000	0.0000	0.0000	0.0000	0.0000	0.0000	0.0000	0.0000	0.0000	0.0000	0.0000	0.0000	0.0000	0.0000	0.0000	0.0000	0.0000	0.0000	0.0000	0.0000	0.0000	0.0000	0.0000	0.0000	0.0000	0.0000	0.0000	0.0000	0.0000	0.0000	0.0000	0.0000	0.0000	0.0000	0.0000	0.0000	0.0000	0.0000	0.0000	0.0000	0.0000	0.0000	0.0000	0.0000	0.0000	0.0000	0.0000											
34	69	0.1087	3	2	2	1	0	0	0	0	0	Y	Y	N	N	N	N	N	N	N	N	N	N	0.0000	0.0000	0.0000	0.0000	0.0000	0.0000	0.0000	0.0000	0.0000	0.0000	0.0000	0.0000	0.0000	0.0000	0.0000	0.0000	0.0000	0.0000	0.0000	0.0000	10.0001	1.0000	4.0001	0.0000	0.0000	0.0000	0.0000	0.0000	0.0000	0.0000	0.0000	0.0000	0.0000	0.0000	0.0000	0.0000	0.0000	0.0000	0.0000	0.0000	0.0000	0.0000	0.4467	0.3860	0.0607	0.0207	0.0197	0.0011	0.4260	0.3663	0.0596	0.0436	0.0206	0.0230	0.0002	0.0002	0.0000	0.0434	0.0205	0.0229	0.0000	0.0000	0.0000	0.0000	0.0000	0.0000	0.0000	0.0000	0.0000	0.0000	0.0000	0.0000	0.0000	0.0000	0.0000	0.0000	0.0000	0.0000											
34	70	0.1087	3	2	2	1	0	0	0	0	0	Y	Y	N	N	N	N	N	N	N	N	N	N	0.0000	0.0000	0.0000	0.0000	0.0000	0.0000	0.0000	0.0000	0.0000	0.0000	0.0000	0.0000	0.0000	0.0000	0.0000	0.0000	0.0000	0.0000	0.0000	0.0000	10.0001	0.0000	4.0001	0.0000	0.0000	0.0000	0.0000	0.0000	0.0000	0.0000	0.0000	0.0000	0.0000	0.0000	0.0000	0.0000	0.0000	0.0000	0.0000	0.0000	0.0000	0.0000	0.0000	0.0000	0.0000	0.0000	0.0000	0.0000	0.0000	0.0000	0.0000	0.0000	0.0000	0.0000	0.0000	0.0000	0.0000	0.0000	0.0000	0.0000	0.0000	0.0000	0.0000	0.0000	0.0000	0.0000	0.0000	0.0000	0.0000	0.0000	0.0000	0.0000	0.0000	0.0000	0.0000	0.0000	0.0000	0.0000											
34	71	0.0863	2	2	2	1	0	0	0	0	0	Y	Y	N	N	N	N	N	N	N	N	N	N	inf	inf	inf	inf	1.2113	1.4015	0.0000	0.0000	0.0000	0.0000	1.2247	1.4180	0.0000	0.0000	0.0000	0.0000	0.0000	0.0000	0.0000	0.0000	0.0000	0.0000	0.0000	-0.2602	0.0000	10.0001	2.0000	4.0001	1.0000	1.0000	1.0000	0.0000	0.0000	0.0000	0.0000	1.0000	1.0000	0.0000	0.0000	0.0000	0.0000	0.0000	0.0000	0.0000	0.0000	0.0000	0.0000	0.8256	0.7135	0.1120	0.0090	0.0083	0.0007	0.8165	0.7052	0.1113	0.1281	0.0603	0.0677	0.0004	0.0004	0.0001	0.1276	0.0600	0.0676	inf	inf	0.0000	0.0000	0.0000	0.0000	inf	inf	0.0000	0.0000	0.0000	0.0000	0.0000	0.0000	0.0000	0.0000	0.0000	0.0000						
34	73	0.6800	6	2	2	0	0	0	0	0	0	Y	Y	N	N	N	N	N	N	N	N	N	N	0.0000	0.0000	0.0000	0.0000	0.0000	0.0000	0.0000	0.0000	0.0000	0.0000	0.0000	0.0000	0.0000	0.0000	0.0000	0.0000	0.0000	0.0000	0.0000	0.0000	10.0001	0.0000	4.0001	0.0000	0.0000	0.0000	0.0000	0.0000	0.0000	0.0000	0.0000	0.0000	0.0000	0.0000	0.0000	0.0000	0.0000	0.0000	0.0000	0.0000	0.0000	0.0000	0.0000	0.0000	0.0000	0.0000	0.0000	0.0000	0.0000	0.0000	0.0000	0.0000	0.0000	0.0000	0.0000	0.0000	0.0000	0.0000	0.0000	0.0000	0.0000	0.0000	0.0000	0.0000	0.0000	0.0000	0.0000	0.0000	0.0000	0.0000	0.0000	0.0000	0.0000	0.0000	0.0000	0.0000	0.0000	0.0000											
34	74	0.1729	4	2	2	0	0	0	0	0	0	Y	Y	N	N	N	N	N	N	N	N	N	N	0.0000	0.0000	0.0000	0.0000	0.0000	0.0000	0.0000	0.0000	0.0000	0.0000	0.0000	0.0000	0.0000	0.0000	0.0000	0.0000	0.0000	0.0000	0.0000	0.0000	10.0001	0.0000	4.0001	0.0010	0.0000	0.0000	0.0000	0.0000	0.0000	0.0000	0.0000	0.0000	0.0000	0.0000	0.0000	0.0000	0.0000	0.0000	0.0000	0.0000	0.0000	0.0000	0.0000	0.0000	0.0000	0.0000	0.0000	0.0000	0.0000	0.0000	0.0000	0.0107	0.0086	0.0021	0.0054	0.0054	0.0000	0.0054	0.0033	0.0021	0.0000	0.0000	0.0000	0.0000	0.0000	0.0000	0.0000	0.0000	0.0000	0.0000	0.0000	0.0000	0.0000	0.0000	0.0000	0.0000	0.0000	0.0000											
34	75	0.1620	6	1	2	0	1	0	0	0	0	N	Y	N	N	N	N	N	N	N	N	N	N	0.0000	0.0000	0.0000	0.0000	0.0000	0.0000	0.0000	0.0000	0.0000	0.0000	0.0000	0.0000	0.0000	0.0000	0.0000	0.0000	0.0000	0.0000	0.0000	0.0000	10.0001	0.0000	4.0001	0.0000	0.0000	0.0000	0.0000	0.0000	0.0000	0.0000	0.0000	0.0000	0.0000	0.0000	0.0000	0.0000	0.0000	0.0000	0.0000	0.0000	0.0000	0.0000	0.0000	0.0000	0.0000	0.0000	0.0000	0.0000	0.0000	0.0000	0.0000	0.0000	0.0000	0.0000	0.0000	0.0000	0.0000	0.0000	0.0000	0.0000	0.0000	0.0000	0.0000	0.0000	0.0000	0.0000	0.0000	0.0000	0.0000	0.0000	0.0000	0.0000	0.0000	0.0000	0.0000	0.0000	0.0000	0.0000											
34	76	0.1620	6	1	1	0	1	0	0	0	0	N	N	N	N	N	N	N	N	N	N	N	N	0.0000	0.0000	0.0000	0.0000	0.0000	0.0000	0.0000	0.0000	0.0000	0.0000	0.0000	0.0000	0.0000	0.0000	0.0000	0.0000	0.0000	0.0000	0.0000	0.0000	10.0001	0.0000	4.0001	0.0000	0.0000	0.0000	0.0000	0.0000	0.0000	0.0000	0.0000	0.0000	0.0000	0.0000	0.0000	0.0000	0.0000	0.0000	0.0000	0.0000	0.0000	0.0000	0.0000	0.0000	0.0000	0.0000	0.0000	0.0000	0.0000	0.0000	0.0000	0.0000	0.0000	0.0000	0.0000	0.0000	0.0000	0.0000	0.0000	0.0000	0.0000	0.0000	0.0000	0.0000	0.0000	0.0000	0.0000	0.0000	0.0000	0.0000	0.0000	0.0000	0.0000	0.0000	0.0000	0.0000	0.0000	0.0000											
34	77	0.1467	5	1	1	0	1	0	0	0	0	N	N	N	N	N	N	N	N	N	N	N	N	175.3335	128.5948	166.3670	207.9117	0.3133	0.3544	0.0000	0.6542	0.6757	0.0000	0.0000	0.0000	0.0000	0.0018	0.0028	0.0000	0.0039	0.0033	0.0000	0.0000	0.0000	0.0000	0.0000	0.0000	-0.0000	-0.0000	10.0001	0.0002	4.0001	2.9297	0.0000	0.0000	0.0000	0.0000	0.0000	0.0000	0.0000	0.0000	0.0000	0.0001	0.0001	0.0000	0.0001	0.0001	0.0000	0.0000	0.0000	0.0000	0.0001	0.0001	0.0000	0.0001	0.0001	0.0000	0.0001	0.0001	0.0000	0.1508	0.0950	0.0558	0.0459	0.0455	0.0004	0.1050	0.0495	0.0555	675.1187	480.9393	0.0000	428.5209	438.8925	0.0000	0.0000	0.0000	0.0000	0.0005	0.0007	0.0000	0.0015	0.0015	0.0000	0.0000	0.0000	0.0000					
34	78	0.1426	4	1	1	0	1	0	0	0	0	N	N	N	N	N	N	N	N	N	N	N	N	66.1069	61.0364	1407.2716	318.4711	20.2094	2168.7545	0.4681	0.3906	1.1579	0.0000	0.0000	0.0000	0.9600	0.8317	1.7866	0.0071	0.0064	0.0008	0.0000	0.0000	0.0000	0.0030	0.0412	0.0008	0.3333	0.7500	-0.0000	-0.0000	10.0001	0.0003	4.0001	2.1916	0.0000	0.0000	0.0000	0.0000	0.0000	0.0000	0.0000	0.0000	0.0000	0.0001	0.0000	0.0000	0.0000	0.0000	0.0000	0.0001	0.0000	0.0000	0.0001	0.0001	0.0000	0.0000	0.0000	0.0000	0.0000	0.0000	0.0000	0.0699	0.0335	0.0365	0.0120	0.0120	0.0000	0.0579	0.0215	0.0364	467.7131	326.8760	1407.2716	0.0000	0.0000	0.0000	794.5482	447.4448	2168.7545	0.0010	0.0012	0.0008	0.0000	0.0000	0.0000	0.0012	0.0019	0.0008			
34	79	0.1348	3	1	1	0	0	0	0	0	0	N	N	N	N	N	N	N	N	N	N	N	N	0.0000	0.0000	0.0000	0.0000	0.0000	0.0000	0.0000	0.0000	0.0000	0.0000	0.0000	0.0000	0.0000	0.0000	0.0000	0.0000	0.0000	0.0000	0.0000	0.0000	10.0001	0.2782	4.0001	1.3600	0.0000	0.0000	0.0000	0.0000	0.0000	0.0000	0.0000	0.0000	0.0000	0.0000	0.0000	0.0000	0.0000	0.0000	0.0000	0.0000	0.0000	0.0000	0.1335	0.1199	0.0136	0.0907	0.0828	0.0079	0.0428	0.0371	0.0057	0.0468	0.0238	0.0230	0.0061	0.0061	0.0000	0.0407	0.0178	0.0230	0.0000	0.0000	0.0000	0.0000	0.0000	0.0000	0.0000	0.0000	0.0000	0.0000	0.0000	0.0000	0.0000	0.0000	0.0000	0.0000	0.0000	0.0000											
34	80	0.0959	3	1	2	1	0	0	0	0	0	N	Y	N	N	N	N	N	N	N	N	N	N	inf	inf	inf	inf	inf	inf	0.0067	0.0075	0.0000	0.0209	0.0215	0.0000	0.0000	0.0000	0.0000	0.0000	0.0000	0.0000	0.0000	0.0000	0.0000	0.0000	0.0000	0.0000	0.0000	-0.0000	0.0000	10.0001	0.0029	4.0001	2.0135	0.0000	0.0000	0.0000	0.0000	0.0000	0.0000	0.0000	0.0000	0.0000	0.0000	0.0000	0.0000	0.0000	0.0000	0.0000	0.0000	0.0000	0.0000	0.0015	0.0014	0.0002	0.0005	0.0005	0.0000	0.0010	0.0009	0.0002	0.0643	0.0300	0.0343	0.0017	0.0016	0.0001	0.0626	0.0285	0.0342	inf	inf	0.0000	inf	inf	0.0000	inf	inf	0.0000	0.0000	0.0000	0.0000	0.0000	0.0000	0.0000	0.0000	0.0000	0.0000				
34	81	0.0893	2	1	2	0	0	0	0	0	0	N	Y	N	N	N	N	N	N	N	N	N	N	12.7020	3.4935	1.8863	0.0535	0.0566	inf	983.8366	44.7770	2.0571	0.4446	0.4774	0.0006	0.0242	0.0246	0.0001	0.6745	0.7466	0.0007	0.0350	0.1367	0.0003	0.4523	0.4356	0.0000	0.0007	0.0167	0.0003	0.0001	0.0769	-0.0535	-0.0001	10.0001	0.6188	4.0001	0.9475	0.2055	0.2055	0.0000	0.0040	0.0040	0.0000	0.2016	0.2015	0.0000	0.0001	0.0001	0.0000	0.0001	0.0001	0.0000	0.0000	0.0000	0.0000	0.4623	0.4304	0.0319	0.1635	0.1605	0.0030	0.2988	0.2699	0.0289	0.0562	0.0263	0.0299	0.0040	0.0039	0.0001	0.0522	0.0225	0.0297	178.4366	96.7105	1.8863	0.8752	0.8664	inf	1173.9560	838.6465	2.0571	0.0025	0.0049	0.0003	0.0276	0.0284	0.0000	0.0006	0.0009	0.0003
34	82	0.6832	6	1	2	1	0	0	0	0	0	N	Y	N	N	N	N	N	N	N	N	N	N	0.0000	0.0000	0.0000	0.0000	0.0000	0.0000	0.0000	0.0000	0.0000	0.0000	0.0000	0.0000	0.0000	0.0000	0.0000	0.0000	0.0000	0.0000	0.0000	0.0000	10.0001	0.0000	4.0001	1.0000	0.0000	0.0000	0.0000	0.0000	0.0000	0.0000	0.0000	0.0000	0.0000	0.0000	0.0000	0.0000	0.0000	0.0000	0.0000	0.0000	0.0000	0.0000	0.0000	0.0000	0.0000	0.0000	0.0000	0.0000	0.0000	0.0000	0.0000	0.0179	0.0111	0.0068	0.0101	0.0087	0.0014	0.0078	0.0024	0.0054	0.0000	0.0000	0.0000	0.0000	0.0000	0.0000	0.0000	0.0000	0.0000	0.0000	0.0000	0.0000	0.0000	0.0000	0.0000	0.0000	0.0000	0.0000											
34	84	0.6608	5	2	1	1	0	0	0	0	0	Y	N	N	N	N	N	N	N	N	N	N	N	inf	inf	inf	inf	1.4037	1.5307	0.0000	1.9355	2.0624	0.0000	0.0000	0.0000	0.0000	0.0000	0.0000	0.0000	0.0000	0.0000	0.0000	0.0000	0.0000	0.0000	0.0000	-0.2602	0.0000	10.0001	4.0000	4.0001	0.0000	1.0000	1.0000	0.0000	1.0000	1.0000	0.0000	0.0000	0.0000	0.0000	0.0000	0.0000	0.0000	0.0000	0.0000	0.0000	0.0000	0.0000	0.0000	0.7124	0.6533	0.0591	0.5167	0.4849	0.0318	0.1957	0.1684	0.0273	0.0337	0.0189	0.0148	0.0167	0.0143	0.0025	0.0170	0.0046	0.0124	inf	inf	0.0000	inf	inf	0.0000	0.0000	0.0000	0.0000	0.0000	0.0000	0.0000	0.0000	0.0000	0.0000	0.0000	0.0000	0.0000						
34	85	0.7069	6	2	2	0	0	0	0	0	0	Y	Y	N	N	N	N	N	N	N	N	N	N	0.1072	0.9211	0.0001	2.3111	2.5816	0.0955	0.0000	0.0000	0.0001	0.0011	0.0012	0.0000	0.0018	0.0019	0.0000	0.0000	0.0000	0.0000	0.0100	0.0013	0.0028	0.0008	0.0007	0.0000	0.0160	0.0191	0.0035	0.0000	3.0006	-0.0001	0.0000	10.0001	1.0086	4.0001	1.7435	0.0003	0.0003	0.0000	0.0003	0.0003	0.0000	0.0000	0.0000	0.0000	0.0001	0.0000	0.0001	0.0000	0.0000	0.0000	0.0001	0.0000	0.0001	0.2795	0.2535	0.0261	0.1654	0.1560	0.0094	0.1141	0.0974	0.0167	0.0648	0.0437	0.0211	0.0380	0.0340	0.0040	0.0268	0.0097	0.0171	0.8692	2.5847	0.0001	6.8894	6.5349	0.0955	0.0000	0.0000	0.0001	0.0012	0.0005	0.0028	0.0003	0.0003	0.0000	0.0026	0.0010	0.0035
34	86	0.6608	5	2	2	0	0	0	0	0	0	Y	Y	N	N	N	N	N	N	N	N	N	N	427.9604	244.7299	703.5347	712.4290	inf	inf	5.0630	5.5169	0.0000	6.8303	7.2796	0.0000	0.0002	0.0002	0.0000	0.0118	0.0225	0.0000	0.0097	0.0102	0.0000	0.0000	0.0000	0.0000	0.0000	0.0000	-0.2601	-0.0000	10.0001	1.0165	4.0001	4.1395	0.9998	0.9998	0.0000	0.9997	0.9997	0.0000	0.0000	0.0000	0.0000	0.0001	0.0001	0.0000	0.0001	0.0001	0.0000	0.0000	0.0000	0.0000	0.1975	0.1812	0.0162	0.1464	0.1373	0.0090	0.0511	0.0439	0.0072	0.0430	0.0241	0.0189	0.0214	0.0182	0.0031	0.0217	0.0059	0.0158	3629.1198	2214.7182	0.0000	2430.4767	2209.5013	0.0000	inf	inf	0.0000	0.0014	0.0025	0.0000	0.0028	0.0033	0.0000	0.0000	0.0000	0.0000			
34	87	0.1046	2	2	2	0	0	0	0	0	0	Y	Y	N	N	N	N	N	N	N	N	N	N	inf	inf	inf	inf	inf	inf	1.4248	1.5896	0.0000	2.2687	2.4257	0.0000	0.8169	0.9409	0.0000	0.0000	0.0000	0.0000	0.0000	0.0000	0.0000	0.0000	0.0000	0.0000	0.0000	-0.7806	0.0000	10.0001	9.0005	4.0001	5.0000	3.0002	3.0002	0.0000	2.0002	2.0002	0.0000	1.0000	1.0000	0.0000	0.0000	0.0000	0.0000	0.0000	0.0000	0.0000	0.0000	0.0000	0.0000	2.1057	1.8874	0.2184	0.8817	0.8246	0.0571	1.2241	1.0628	0.1613	0.2937	0.1246	0.1691	0.0026	0.0024	0.0001	0.2912	0.1222	0.1690	inf	inf	0.0000	inf	inf	0.0000	inf	inf	0.0000	0.0000	0.0000	0.0000	0.0000	0.0000	0.0000	0.0000	0.0000	0.0000				
34	88	0.6832	6	1	2	0	0	0	0	0	0	N	Y	N	N	N	N	N	N	N	N	N	N	0.0000	0.0000	0.0000	0.0000	0.0000	0.0000	0.0000	0.0000	0.0000	0.0000	0.0000	0.0000	0.0000	0.0000	0.0000	0.0000	0.0000	0.0000	0.0000	0.0000	10.0001	0.0000	4.0001	0.0000	0.0000	0.0000	0.0000	0.0000	0.0000	0.0000	0.0000	0.0000	0.0000	0.0000	0.0000	0.0000	0.0000	0.0000	0.0000	0.0000	0.0000	0.0000	0.0000	0.0000	0.0000	0.0000	0.0000	0.0000	0.0000	0.0000	0.0000	0.0000	0.0000	0.0000	0.0000	0.0000	0.0000	0.0000	0.0000	0.0000	0.0000	0.0000	0.0000	0.0000	0.0000	0.0000	0.0000	0.0000	0.0000	0.0000	0.0000	0.0000	0.0000	0.0000	0.0000	0.0000	0.0000	0.0000											
34	89	0.0893	2	1	2	0	0	0	0	0	0	N	Y	N	N	N	N	N	N	N	N	N	N	0.1267	0.0000	inf	0.0000	0.0000	0.1585	0.0000	inf	1.2400	0.0000	13.1264	0.0000	0.0000	0.0000	1.6241	0.0000	14.7488	9.7881	21.0569	0.0000	0.0182	0.0162	0.0000	10.2471	23.1843	0.0000	inf	0.0000	0.7378	-0.5219	10.0001	1.9953	4.0001	1.0817	0.9972	0.0000	0.9972	0.0000	0.0000	0.0000	0.9972	0.0000	0.9972	0.9999	0.9999	0.0000	0.0000	0.0000	0.0000	0.9999	0.9999	0.0000	0.8042	0.7282	0.0760	0.1902	0.1818	0.0084	0.6140	0.5464	0.0676	0.1022	0.0475	0.0547	0.0046	0.0044	0.0002	0.0976	0.0431	0.0545	0.1267	0.0000	inf	0.0000	0.0000	0.0000	0.1585	0.0000	inf	9.7881	21.0569	0.0000	0.0044	0.0046	0.0000	10.2471	23.1843	0.0000	
34	91	0.1669	4	1	1	1	0	0	0	0	0	N	N	N	N	N	N	N	N	N	N	N	N	0.0000	0.0000	0.0000	0.0000	0.0000	0.0000	0.0000	0.0000	0.0000	0.0000	0.0000	0.0000	0.0000	0.0000	0.0000	0.0000	0.0000	0.0000	0.0000	0.0000	10.0001	0.0000	4.0001	0.0000	0.0000	0.0000	0.0000	0.0000	0.0000	0.0000	0.0000	0.0000	0.0000	0.0000	0.0000	0.0000	0.0000	0.0000	0.0000	0.0000	0.0000	0.0000	0.0000	0.0000	0.0000	0.0000	0.0000	0.0000	0.0000	0.0000	0.0000	0.0000	0.0000	0.0000	0.0000	0.0000	0.0000	0.0000	0.0000	0.0000	0.0000	0.0000	0.0000	0.0000	0.0000	0.0000	0.0000	0.0000	0.0000	0.0000	0.0000	0.0000	0.0000	0.0000	0.0000	0.0000	0.0000	0.0000											
34	92	0.1348	3	1	1	1	0	0	0	0	0	N	N	N	N	N	N	N	N	N	N	N	N	inf	inf	inf	inf	inf	inf	1.9709	2.1964	0.0000	2.1330	2.2869	0.0000	1.8317	2.1129	0.0000	0.0000	0.0000	0.0000	0.0000	0.0000	0.0000	0.0000	0.0000	0.0000	0.0000	-0.5204	0.0000	10.0001	3.7221	4.0001	2.9993	2.0000	2.0000	0.0000	1.0000	1.0000	0.0000	1.0000	1.0000	0.0000	0.0000	0.0000	0.0000	0.0000	0.0000	0.0000	0.0000	0.0000	0.0000	1.0148	0.9106	0.1042	0.4688	0.4373	0.0316	0.5459	0.4733	0.0726	0.1545	0.0738	0.0807	0.0096	0.0094	0.0001	0.1449	0.0643	0.0806	inf	inf	0.0000	inf	inf	0.0000	inf	inf	0.0000	0.0000	0.0000	0.0000	0.0000	0.0000	0.0000	0.0000	0.0000	0.0000				
34	93	0.1046	2	1	1	0	0	0	0	0	0	N	N	N	N	N	N	N	N	N	N	N	N	inf	inf	inf	inf	0.0001	0.0001	0.0000	0.0002	0.0002	0.0000	0.0000	0.0000	0.0000	0.0000	0.0000	0.0000	0.0000	0.0000	0.0000	0.0000	0.0000	0.0000	0.0000	-0.0000	0.0000	10.0001	2.7217	4.0001	3.0458	0.0001	0.0001	0.0000	0.0001	0.0001	0.0000	0.0000	0.0000	0.0000	0.0000	0.0000	0.0000	0.0000	0.0000	0.0000	0.0000	0.0000	0.0000	0.7404	0.6654	0.0750	0.3387	0.3175	0.0212	0.4017	0.3479	0.0538	0.1313	0.0551	0.0762	0.0011	0.0011	0.0001	0.1302	0.0540	0.0762	inf	inf	0.0000	inf	inf	0.0000	0.0000	0.0000	0.0000	0.0000	0.0000	0.0000	0.0000	0.0000	0.0000	0.0000	0.0000	0.0000						
34	94	0.0796	2	2	2	0	0	0	0	0	0	Y	Y	N	N	N	N	N	N	N	N	N	N	inf	inf	inf	inf	inf	inf	0.5951	0.6627	0.0000	2.7721	2.8939	0.0000	0.0197	0.0224	0.0000	0.0000	0.0000	0.0000	0.0000	0.0000	0.0000	0.0000	0.0000	0.0000	0.0000	-0.2531	0.0000	10.0001	5.9980	4.0001	4.9575	0.9727	0.9727	0.0000	0.9472	0.9472	0.0000	0.0255	0.0255	0.0000	0.0000	0.0000	0.0000	0.0000	0.0000	0.0000	0.0000	0.0000	0.0000	1.6345	1.4678	0.1668	0.3417	0.3273	0.0144	1.2928	1.1404	0.1524	0.3048	0.1433	0.1615	0.0045	0.0043	0.0002	0.3003	0.1390	0.1613	inf	inf	0.0000	inf	inf	0.0000	inf	inf	0.0000	0.0000	0.0000	0.0000	0.0000	0.0000	0.0000	0.0000	0.0000	0.0000				
34	95	0.6832	6	2	2	0	0	0	0	0	0	Y	Y	N	N	N	N	N	N	N	N	N	N	0.0000	0.0000	0.0000	0.0000	0.0000	0.0000	0.0000	0.0000	0.0000	0.0000	0.0000	0.0000	0.0000	0.0000	0.0000	0.0000	0.0000	0.0000	0.0000	0.0000	10.0001	0.0000	4.0001	2.0000	0.0000	0.0000	0.0000	0.0000	0.0000	0.0000	0.0000	0.0000	0.0000	0.0000	0.0000	0.0000	0.0000	0.0000	0.0000	0.0000	0.0000	0.0000	0.0000	0.0000	0.0000	0.0000	0.0000	0.0000	0.0000	0.0000	0.0000	0.0354	0.0219	0.0135	0.0201	0.0172	0.0028	0.0154	0.0047	0.0107	0.0000	0.0000	0.0000	0.0000	0.0000	0.0000	0.0000	0.0000	0.0000	0.0000	0.0000	0.0000	0.0000	0.0000	0.0000	0.0000	0.0000	0.0000											
34	96	0.6608	5	1	2	0	0	0	0	0	0	N	Y	N	N	N	N	N	N	N	N	N	N	inf	inf	inf	inf	1.4037	1.5307	0.0000	1.9355	2.0624	0.0000	0.0000	0.0000	0.0000	0.0000	0.0000	0.0000	0.0000	0.0000	0.0000	0.0000	0.0000	0.0000	0.0000	-0.2602	0.0000	10.0001	4.0000	4.0001	0.0000	1.0000	1.0000	0.0000	1.0000	1.0000	0.0000	0.0000	0.0000	0.0000	0.0000	0.0000	0.0000	0.0000	0.0000	0.0000	0.0000	0.0000	0.0000	0.7124	0.6533	0.0591	0.5167	0.4849	0.0318	0.1957	0.1684	0.0273	0.0337	0.0189	0.0148	0.0167	0.0143	0.0025	0.0170	0.0046	0.0124	inf	inf	0.0000	inf	inf	0.0000	0.0000	0.0000	0.0000	0.0000	0.0000	0.0000	0.0000	0.0000	0.0000	0.0000	0.0000	0.0000						
34	97	0.1046	2	1	1	0	0	0	0	0	0	N	N	N	N	N	N	N	N	N	N	N	N	0.1692	0.0000	inf	inf	inf	inf	0.0000	0.0000	0.9502	0.0002	9.3220	2.1171	0.0005	33.4919	0.0000	0.0000	0.0000	5.6146	13.3406	0.0000	0.0000	0.0000	0.0000	5.6631	13.6037	0.0000	4545.1364	0.0000	0.7397	-0.5219	10.0001	3.9994	4.0001	4.0000	1.0002	0.0002	0.9999	1.0002	0.0002	0.9999	0.0000	0.0000	0.0000	1.0000	1.0000	0.0000	0.0000	0.0000	0.0000	1.0000	1.0000	0.0000	1.0526	0.9453	0.1073	0.4724	0.4426	0.0299	0.5802	0.5028	0.0774	0.1781	0.0750	0.1031	0.0015	0.0014	0.0001	0.1766	0.0735	0.1031	0.1692	0.0000	inf	inf	inf	inf	0.0000	0.0000	0.0000	5.6146	13.3406	0.0000	0.0000	0.0000	0.0000	5.6631	13.6037	0.0000	
34	98	0.6608	5	1	1	0	0	0	0	0	0	N	N	N	N	N	N	N	N	N	N	N	N	inf	inf	inf	inf	2.8620	3.1193	0.0000	3.8848	4.1402	0.0000	0.0000	0.0000	0.0000	0.0000	0.0000	0.0000	0.0000	0.0000	0.0000	0.0000	0.0000	0.0000	0.0000	-0.2602	0.0000	10.0001	1.0000	4.0001	0.0000	1.0000	1.0000	0.0000	1.0000	1.0000	0.0000	0.0000	0.0000	0.0000	0.0000	0.0000	0.0000	0.0000	0.0000	0.0000	0.0000	0.0000	0.0000	0.3494	0.3206	0.0288	0.2574	0.2415	0.0159	0.0920	0.0790	0.0129	0.0158	0.0089	0.0070	0.0079	0.0067	0.0012	0.0080	0.0022	0.0058	inf	inf	0.0000	inf	inf	0.0000	0.0000	0.0000	0.0000	0.0000	0.0000	0.0000	0.0000	0.0000	0.0000	0.0000	0.0000	0.0000						
34	99	0.2156	3	1	1	0	0	0	0	0	0	N	N	N	N	N	N	N	N	N	N	N	N	0.0506	0.0088	0.1002	0.1421	0.3855	0.0133	0.0736	0.0004	0.1347	0.1449	0.0042	1.3847	0.0069	0.0072	0.0017	0.2937	0.0004	1.8474	2.8632	0.4732	13.8137	0.0489	0.0187	0.1313	3.9893	1.0854	13.7163	37.7500	490.0687	0.0697	0.4769	10.0001	1.5982	4.0001	11.1970	0.0977	0.0025	0.0951	0.0024	0.0024	0.0000	0.0952	0.0001	0.0951	1.0018	0.0020	0.9997	0.0008	0.0005	0.0003	1.0010	0.0016	0.9995	0.6741	0.6054	0.0687	0.3499	0.3327	0.0172	0.3242	0.2727	0.0515	0.3761	0.2016	0.1745	0.1052	0.0985	0.0067	0.2709	0.1031	0.1678	0.0544	0.4113	0.2417	0.9484	1.4798	0.0402	0.0795	0.0291	0.3102	2.6637	0.0101	5.7289	0.0073	0.0049	0.0433	3.6950	0.0151	5.9560
34	100	0.0811	3	2	2	1	0	0	0	0	0	Y	Y	N	N	N	N	N	N	N	N	N	N	0.0000	0.0000	0.0000	0.0000	0.0000	0.0000	0.0000	0.0000	0.0000	0.0000	0.0000	0.0000	0.0000	0.0000	0.0000	0.0000	0.0000	0.0000	0.0000	0.0000	10.0001	0.0000	4.0001	0.9982	0.0000	0.0000	0.0000	0.0000	0.0000	0.0000	0.0000	0.0000	0.0000	0.0000	0.0000	0.0000	0.0000	0.0000	0.0000	0.0000	0.0000	0.0000	0.0607	0.0585	0.0022	0.0429	0.0425	0.0004	0.0178	0.0160	0.0018	0.0324	0.0153	0.0171	0.0005	0.0005	0.0000	0.0319	0.0148	0.0171	0.0000	0.0000	0.0000	0.0000	0.0000	0.0000	0.0000	0.0000	0.0000	0.0000	0.0000	0.0000	0.0000	0.0000	0.0000	0.0000	0.0000	0.0000											
34	101	0.6955	8	2	2	1	0	0	0	0	0	Y	Y	N	N	N	N	N	N	N	N	N	N	0.0000	0.0000	0.0000	0.0000	0.0000	0.0000	0.0000	0.0000	0.0000	0.0000	0.0000	0.0000	0.0000	0.0000	0.0000	0.0000	0.0000	0.0000	0.0000	0.0000	10.0001	0.0000	4.0001	0.0000	0.0000	0.0000	0.0000	0.0000	0.0000	0.0000	0.0000	0.0000	0.0000	0.0000	0.0000	0.0000	0.0000	0.0000	0.0000	0.0000	0.0000	0.0000	0.0000	0.0000	0.0000	0.0000	0.0000	0.0000	0.0000	0.0000	0.0000	0.0000	0.0000	0.0000	0.0000	0.0000	0.0000	0.0000	0.0000	0.0000	0.0000	0.0000	0.0000	0.0000	0.0000	0.0000	0.0000	0.0000	0.0000	0.0000	0.0000	0.0000	0.0000	0.0000	0.0000	0.0000	0.0000	0.0000											
34	102	0.6955	7	2	1	1	0	0	0	0	0	Y	N	N	N	N	N	N	N	N	N	N	N	0.0000	0.0000	0.0000	0.0000	0.0000	0.0000	0.0000	0.0000	0.0000	0.0000	0.0000	0.0000	0.0000	0.0000	0.0000	0.0000	0.0000	0.0000	0.0000	0.0000	10.0001	0.0000	4.0001	0.0000	0.0000	0.0000	0.0000	0.0000	0.0000	0.0000	0.0000	0.0000	0.0000	0.0000	0.0000	0.0000	0.0000	0.0000	0.0000	0.0000	0.0000	0.0000	0.0000	0.0000	0.0000	0.0000	0.0000	0.0000	0.0000	0.0000	0.0000	0.0000	0.0000	0.0000	0.0000	0.0000	0.0000	0.0000	0.0000	0.0000	0.0000	0.0000	0.0000	0.0000	0.0000	0.0000	0.0000	0.0000	0.0000	0.0000	0.0000	0.0000	0.0000	0.0000	0.0000	0.0000	0.0000	0.0000											
34	103	0.6894	6	2	1	1	0	0	0	0	0	Y	N	N	N	N	N	N	N	N	N	N	N	inf	inf	inf	inf	1.1520	1.2780	0.0000	1.3443	1.4793	0.0000	0.0000	0.0000	0.0000	0.0000	0.0000	0.0000	0.0000	0.0000	0.0000	0.0000	0.0000	0.0000	0.0000	-0.0000	0.0000	10.0001	0.0000	4.0001	1.0091	0.0000	0.0000	0.0000	0.0000	0.0000	0.0000	0.0000	0.0000	0.0000	0.0000	0.0000	0.0000	0.0000	0.0000	0.0000	0.0000	0.0000	0.0000	0.0000	0.0000	0.0000	0.0000	0.0000	0.0000	0.0000	0.0000	0.0000	0.0181	0.0113	0.0069	0.0103	0.0089	0.0014	0.0078	0.0024	0.0054	inf	inf	0.0000	inf	inf	0.0000	0.0000	0.0000	0.0000	0.0000	0.0000	0.0000	0.0000	0.0000	0.0000	0.0000	0.0000	0.0000						
34	104	0.1046	2	1	2	0	0	0	0	0	0	N	Y	N	N	N	N	N	N	N	N	N	N	inf	inf	inf	inf	inf	inf	1.5678	1.1658	5.0536	3.6953	2.6334	19.1103	0.0000	0.0000	0.0000	0.0000	0.0000	0.0000	0.0000	0.0000	0.0000	0.0000	0.0000	0.0000	0.4999	0.2193	0.0000	10.0001	7.9994	4.0001	4.0001	3.0002	2.0002	0.9999	3.0002	2.0002	0.9999	0.0000	0.0000	0.0000	0.0000	0.0000	0.0000	0.0000	0.0000	0.0000	0.0000	0.0000	0.0000	1.9136	1.7158	0.1979	0.8119	0.7596	0.0523	1.1017	0.9562	0.1455	0.2567	0.1086	0.1481	0.0022	0.0021	0.0001	0.2545	0.1065	0.1480	inf	inf	inf	inf	inf	inf	0.0000	0.0000	0.0000	0.0000	0.0000	0.0000	0.0000	0.0000	0.0000	0.0000	0.0000	0.0000				
34	105	0.0846	4	2	1	1	0	0	0	0	0	Y	N	N	N	N	N	N	N	N	N	N	N	0.0173	0.0074	0.0003	0.0003	0.0000	0.0000	0.0000	0.0002	0.0002	0.0000	0.0000	0.0000	0.0000	0.0019	0.0049	0.0000	0.5984	0.5900	0.0000	0.0000	0.0000	0.0000	0.0000	0.0000	-0.0000	-0.0000	10.0001	1.0000	4.0001	1.0005	0.0000	0.0000	0.0000	0.0000	0.0000	0.0000	0.0000	0.0000	0.0000	0.0000	0.0000	0.0000	0.0000	0.0000	0.0000	0.0000	0.0000	0.0000	0.3078	0.2760	0.0318	0.0625	0.0601	0.0024	0.2453	0.2159	0.0294	0.0634	0.0299	0.0335	0.0008	0.0008	0.0000	0.0626	0.0291	0.0335	0.0687	0.0361	0.0000	0.0043	0.0043	0.0000	0.0000	0.0000	0.0000	0.0005	0.0010	0.0000	0.0369	0.0390	0.0000	0.0000	0.0000	0.0000					
34	106	0.0811	3	2	1	1	0	0	0	0	0	Y	N	N	N	N	N	N	N	N	N	N	N	13.7048	13.2470	0.0000	inf	inf	28.3694	2.9042	0.0000	0.1312	0.1442	0.0000	0.2244	0.2306	0.0000	0.0906	0.1028	0.0000	0.0096	0.0109	0.0008	0.0000	0.0000	0.0000	0.0032	0.0354	0.0008	0.0000	0.5000	-0.0097	-0.0000	10.0001	0.7249	4.0001	0.0368	0.0371	0.0371	0.0000	0.0193	0.0193	0.0000	0.0179	0.0179	0.0000	0.0000	0.0000	0.0000	0.0000	0.0000	0.0000	0.0000	0.0000	0.0000	0.2830	0.2574	0.0256	0.0858	0.0835	0.0023	0.1972	0.1739	0.0233	0.0249	0.0118	0.0131	0.0005	0.0004	0.0000	0.0245	0.0114	0.0131	108.9376	85.1101	0.0000	inf	inf	0.0000	73.8936	58.4025	0.0000	0.0012	0.0017	0.0008	0.0000	0.0000	0.0000	0.0012	0.0018	0.0008	
34	107	0.0796	2	2	1	1	0	0	0	0	0	Y	N	N	N	N	N	N	N	N	N	N	N	50.1243	23.0403	inf	1.9882	2.1338	inf	inf	inf	0.4379	0.4732	0.0000	0.8040	0.8223	0.0001	0.2056	0.2304	0.0000	0.0087	0.0205	0.0000	0.4044	0.3854	0.0000	0.0000	0.0000	0.0000	0.0000	0.0000	-0.0227	-0.0000	10.0001	0.4159	4.0001	0.0887	0.0871	0.0871	0.0000	0.0621	0.0621	0.0000	0.0250	0.0250	0.0000	0.0000	0.0000	0.0000	0.0000	0.0000	0.0000	0.0000	0.0000	0.0000	0.1990	0.1842	0.0148	0.0773	0.0755	0.0017	0.1217	0.1086	0.0131	0.0176	0.0086	0.0091	0.0008	0.0008	0.0000	0.0168	0.0077	0.0091	385.9178	202.2962	inf	33.1914	33.4752	inf	inf	inf	0.0000	0.0011	0.0023	0.0000	0.0242	0.0246	0.0000	0.0000	0.0000	0.0000	
34	109	0.6894	6	2	1	1	0	0	0	0	0	Y	N	N	N	N	N	N	N	N	N	N	N	inf	inf	inf	inf	1.1520	1.2780	0.0000	1.3443	1.4793	0.0000	0.0000	0.0000	0.0000	0.0000	0.0000	0.0000	0.0000	0.0000	0.0000	0.0000	0.0000	0.0000	0.0000	-0.0000	0.0000	10.0001	0.0000	4.0001	0.9909	0.0000	0.0000	0.0000	0.0000	0.0000	0.0000	0.0000	0.0000	0.0000	0.0000	0.0000	0.0000	0.0000	0.0000	0.0000	0.0000	0.0000	0.0000	0.0000	0.0000	0.0000	0.0000	0.0000	0.0000	0.0000	0.0000	0.0000	0.0178	0.0111	0.0068	0.0101	0.0087	0.0014	0.0077	0.0023	0.0053	inf	inf	0.0000	inf	inf	0.0000	0.0000	0.0000	0.0000	0.0000	0.0000	0.0000	0.0000	0.0000	0.0000	0.0000	0.0000	0.0000						
34	110	0.6608	5	2	1	1	0	0	0	0	0	Y	N	N	N	N	N	N	N	N	N	N	N	inf	inf	inf	inf	1.4037	1.5307	0.0000	1.9355	2.0624	0.0000	0.0000	0.0000	0.0000	0.0000	0.0000	0.0000	0.0000	0.0000	0.0000	0.0000	0.0000	0.0000	0.0000	-0.2602	0.0000	10.0001	4.0000	4.0001	0.0000	1.0000	1.0000	0.0000	1.0000	1.0000	0.0000	0.0000	0.0000	0.0000	0.0000	0.0000	0.0000	0.0000	0.0000	0.0000	0.0000	0.0000	0.0000	0.7124	0.6533	0.0591	0.5167	0.4849	0.0318	0.1957	0.1684	0.0273	0.0337	0.0189	0.0148	0.0167	0.0143	0.0025	0.0170	0.0046	0.0124	inf	inf	0.0000	inf	inf	0.0000	0.0000	0.0000	0.0000	0.0000	0.0000	0.0000	0.0000	0.0000	0.0000	0.0000	0.0000	0.0000						
34	112	0.1505	3	1	1	1	0	0	0	0	0	N	N	N	N	N	N	N	N	N	N	N	N	0.0000	0.0000	0.0000	0.0000	0.0000	0.0000	0.0000	0.0000	0.0000	0.0000	0.0000	0.0000	0.0000	0.0000	0.0000	0.0000	0.0000	0.0000	0.0000	0.0000	10.0001	0.0000	4.0001	0.0001	0.0000	0.0000	0.0000	0.0000	0.0000	0.0000	0.0000	0.0000	0.0000	0.0000	0.0000	0.0000	0.0000	0.0000	0.0000	0.0000	0.0000	0.0000	0.0000	0.0000	0.0000	0.0000	0.0000	0.0000	0.0000	0.0000	0.0000	0.0000	0.0000	0.0000	0.0000	0.0000	0.0000	0.0000	0.0000	0.0000	0.0000	0.0000	0.0000	0.0000	0.0000	0.0000	0.0000	0.0000	0.0000	0.0000	0.0000	0.0000	0.0000	0.0000	0.0000	0.0000	0.0000	0.0000											
34	113	0.1046	2	1	1	1	0	0	0	0	0	N	N	N	N	N	N	N	N	N	N	N	N	inf	inf	inf	inf	inf	inf	1.8995	1.0576	9.3199	4.2325	2.2591	33.4848	0.0000	0.0000	0.0000	0.0000	0.0000	0.0000	0.0000	0.0000	0.0000	0.0000	0.0000	0.0000	0.9999	0.4796	0.0000	10.0001	4.0004	4.0001	4.9999	1.9999	1.0000	0.9999	1.9999	1.0000	0.9999	0.0000	0.0000	0.0000	0.0000	0.0000	0.0000	0.0000	0.0000	0.0000	0.0000	0.0000	0.0000	1.0528	0.9456	0.1073	0.4725	0.4427	0.0299	0.5803	0.5029	0.0774	0.1984	0.0836	0.1148	0.0017	0.0016	0.0001	0.1967	0.0820	0.1147	inf	inf	inf	inf	inf	inf	0.0000	0.0000	0.0000	0.0000	0.0000	0.0000	0.0000	0.0000	0.0000	0.0000	0.0000	0.0000				
34	114	0.6934	6	1	2	0	0	0	0	0	0	N	Y	N	N	N	N	N	N	N	N	N	N	13.0322	0.0222	178.9193	0.0521	0.0280	817.5577	37.6228	207.8856	0.0067	0.0000	0.0721	0.0000	0.0000	0.0003	0.0150	0.0000	0.1070	0.0005	0.0004	0.0004	0.0006	0.0006	0.0000	0.0004	0.0000	0.0005	807.8953	1.7341	0.0060	0.0000	10.0001	4.3361	4.0001	4.6323	0.0081	0.0000	0.0081	0.0000	0.0000	0.0000	0.0081	0.0000	0.0081	0.0000	0.0000	0.0000	0.0000	0.0000	0.0000	0.0000	0.0000	0.0000	1.2150	1.1029	0.1120	0.6769	0.6402	0.0366	0.5381	0.4627	0.0754	0.1427	0.0931	0.0496	0.0866	0.0758	0.0108	0.0561	0.0172	0.0388	30.1236	0.0732	178.9193	0.2218	0.1027	817.5577	42.0521	0.0000	207.8856	0.0002	0.0001	0.0004	0.0001	0.0002	0.0000	0.0004	0.0000	0.0005	
34	115	0.6608	5	1	1	0	0	0	0	0	0	N	N	N	N	N	N	N	N	N	N	N	N	0.0070	0.0046	0.0125	0.0126	0.0001	0.0001	0.0000	0.0001	0.0001	0.0000	0.0000	0.0000	0.0000	0.0076	0.0126	0.0000	0.0058	0.0061	0.0000	0.0000	0.0000	0.0000	0.0000	0.0000	-0.0000	-0.0000	10.0001	1.9840	4.0001	0.2610	0.0000	0.0000	0.0000	0.0000	0.0000	0.0000	0.0000	0.0000	0.0000	0.0000	0.0000	0.0000	0.0000	0.0000	0.0000	0.0000	0.0000	0.0000	0.3744	0.3435	0.0309	0.2755	0.2585	0.0170	0.0988	0.0849	0.0139	0.0192	0.0108	0.0085	0.0095	0.0081	0.0014	0.0097	0.0026	0.0071	0.0513	0.0313	0.0000	0.0346	0.0315	0.0000	0.0000	0.0000	0.0000	0.0010	0.0019	0.0000	0.0021	0.0025	0.0000	0.0000	0.0000	0.0000					
34	116	0.1046	2	1	2	0	1	0	0	0	0	N	Y	N	N	N	N	N	N	N	N	N	N	inf	inf	inf	inf	1.5583	1.7359	0.0000	3.5232	3.7622	0.0000	0.0000	0.0000	0.0000	0.0000	0.0000	0.0000	0.0000	0.0000	0.0000	0.0000	0.0000	0.0000	0.0000	-0.5205	0.0000	10.0001	5.0006	4.0001	2.0000	2.0003	2.0003	0.0000	2.0003	2.0003	0.0000	0.0000	0.0000	0.0000	0.0000	0.0000	0.0000	0.0000	0.0000	0.0000	0.0000	0.0000	0.0000	1.2836	1.1523	0.1314	0.5678	0.5317	0.0361	0.7159	0.6206	0.0953	0.1574	0.0662	0.0913	0.0013	0.0013	0.0001	0.1561	0.0649	0.0912	inf	inf	0.0000	inf	inf	0.0000	0.0000	0.0000	0.0000	0.0000	0.0000	0.0000	0.0000	0.0000	0.0000	0.0000	0.0000	0.0000						
34	117	0.6608	5	1	2	0	1	0	0	0	0	N	Y	N	N	N	N	N	N	N	N	N	N	0.0000	0.0000	0.0000	0.0000	0.0000	0.0000	0.0000	0.0000	0.0000	0.0000	0.0000	0.0000	0.0000	0.0000	0.0000	0.0000	0.0000	0.0000	0.0000	0.0000	10.0001	0.0000	4.0001	1.0000	0.0000	0.0000	0.0000	0.0000	0.0000	0.0000	0.0000	0.0000	0.0000	0.0000	0.0000	0.0000	0.0000	0.0000	0.0000	0.0000	0.0000	0.0000	0.0000	0.0000	0.0000	0.0000	0.0000	0.0000	0.0000	0.0000	0.0000	0.0120	0.0067	0.0053	0.0060	0.0051	0.0009	0.0061	0.0016	0.0044	0.0000	0.0000	0.0000	0.0000	0.0000	0.0000	0.0000	0.0000	0.0000	0.0000	0.0000	0.0000	0.0000	0.0000	0.0000	0.0000	0.0000	0.0000											
34	118	0.1046	2	1	2	0	0	0	0	0	0	N	Y	N	N	N	N	N	N	N	N	N	N	0.3185	inf	0.4725	inf	inf	0.2915	inf	0.3271	0.8838	0.3293	5.5978	0.7733	0.0000	11.6783	0.9517	0.5466	3.6810	2.7747	0.0000	11.8463	0.0000	0.0000	0.0000	3.2645	0.0000	11.2532	1.9998	inf	1.2193	0.4781	10.0001	16.9994	4.0001	6.0000	2.9998	1.0000	1.9998	0.9999	0.0000	0.9999	1.9999	1.0000	0.9999	1.0000	0.0000	1.0000	0.0000	0.0000	0.0000	1.0000	0.0000	1.0000	3.3943	3.0371	0.3573	1.2931	1.2074	0.0856	2.1013	1.8297	0.2716	0.4429	0.1898	0.2531	0.0039	0.0037	0.0002	0.4390	0.1861	0.2529	0.3914	inf	1.4169	inf	0.0000	inf	0.4178	inf	0.9310	2.2577	0.0000	3.9506	0.0000	0.0000	0.0000	2.2779	0.0000	3.9539	
34	119	0.6608	5	1	2	0	0	0	0	0	0	N	Y	N	N	N	N	N	N	N	N	N	N	1215.2957	0.0000	inf	959.5340	0.0000	inf	1.1541	0.0000	13.8765	1.6027	0.0000	26.0754	0.0000	0.0000	0.0000	0.0009	0.0021	0.0000	0.0017	0.0015	0.0000	0.0000	0.0000	0.0000	inf	0.0000	0.7398	-0.0000	10.0001	5.0000	4.0001	6.0000	1.0000	0.0000	1.0000	1.0000	0.0000	1.0000	0.0000	0.0000	0.0000	0.0000	0.0000	0.0000	0.0000	0.0000	0.0000	0.0000	0.0000	0.0000	0.8665	0.7944	0.0721	0.6240	0.5856	0.0384	0.2425	0.2088	0.0337	0.0873	0.0489	0.0384	0.0433	0.0370	0.0064	0.0440	0.0120	0.0320	3360.3998	0.0000	inf	2315.4688	0.0000	inf	0.0000	0.0000	0.0000	0.0003	0.0006	0.0000	0.0007	0.0008	0.0000	0.0000	0.0000	0.0000			
34	120	0.6888	6	1	2	0	0	0	0	0	0	N	Y	N	N	N	N	N	N	N	N	N	N	2.3261	4.1647	0.0003	10.8137	11.7838	inf	0.0000	0.0000	0.0004	0.0313	0.0342	0.0000	0.0428	0.0457	0.0000	0.0000	0.0000	0.0000	0.0135	0.0082	0.0015	0.0040	0.0039	0.0000	0.0046	0.0003	0.0018	0.0000	0.7264	-0.0015	-0.0000	10.0001	0.9998	4.0001	0.9486	0.0058	0.0058	0.0000	0.0058	0.0058	0.0000	0.0000	0.0000	0.0000	0.0000	0.0000	0.0000	0.0000	0.0000	0.0000	0.0000	0.0000	0.0000	0.1854	0.1697	0.0157	0.1359	0.1272	0.0087	0.0495	0.0425	0.0070	0.0324	0.0187	0.0137	0.0180	0.0157	0.0023	0.0144	0.0030	0.0114	21.3694	23.2336	0.0003	27.9714	26.0541	inf	0.0001	0.0000	0.0004	0.0015	0.0015	0.0015	0.0015	0.0018	0.0000	0.0014	0.0000	0.0018
34	121	0.6608	5	1	2	0	0	0	0	0	0	N	Y	N	N	N	N	N	N	N	N	N	N	1006.8478	493.8169	827.2517	981.2369	1.0518	1.1474	0.0000	1.4661	1.5620	0.0000	0.0000	0.0000	0.0000	0.0010	0.0023	0.0000	0.0018	0.0016	0.0000	0.0000	0.0000	0.0000	0.0000	0.0000	-0.2587	-0.0000	10.0001	3.0005	4.0001	1.1085	0.9942	0.9942	0.0000	0.9942	0.9942	0.0000	0.0000	0.0000	0.0000	0.0000	0.0000	0.0000	0.0000	0.0000	0.0000	0.0000	0.0000	0.0000	0.9453	0.8665	0.0787	0.6782	0.6365	0.0417	0.2671	0.2300	0.0371	0.0619	0.0347	0.0272	0.0307	0.0262	0.0045	0.0312	0.0085	0.0227	2898.6488	1771.2957	0.0000	2005.4142	1822.4176	0.0000	0.0000	0.0000	0.0000	0.0004	0.0006	0.0000	0.0007	0.0009	0.0000	0.0000	0.0000	0.0000					
34	124	0.6943	6	1	2	0	0	0	0	0	0	N	Y	N	N	N	N	N	N	N	N	N	N	67.4975	inf	0.0288	inf	inf	0.2354	inf	0.0580	0.6485	0.7076	0.0001	0.8557	0.9161	0.0000	0.0037	0.0043	0.0002	0.0096	0.0000	0.0029	0.0000	0.0000	0.0000	0.0157	0.0000	0.0036	0.0000	inf	-0.2380	0.0001	10.0001	3.9006	4.0001	3.1543	0.9148	0.9148	0.0000	0.9136	0.9136	0.0000	0.0013	0.0013	0.0000	0.0001	0.0000	0.0001	0.0000	0.0000	0.0000	0.0001	0.0000	0.0001	1.4108	1.2928	0.1180	1.0676	0.9972	0.0703	0.3432	0.2956	0.0476	0.1075	0.0634	0.0441	0.0564	0.0482	0.0082	0.0511	0.0151	0.0359	536.2394	inf	0.0288	inf	inf	0.0000	1.4536	inf	0.0580	0.0012	0.0000	0.0029	0.0000	0.0000	0.0000	0.0025	0.0000	0.0036	
34	125	0.6608	5	1	2	0	0	0	0	0	0	N	Y	N	N	N	N	N	N	N	N	N	N	38.2366	3.0712	inf	75.6062	13.8100	inf	1.1894	0.2606	11.4804	1.6296	0.3491	21.1391	0.0000	0.0000	0.0000	0.0311	0.0849	0.0000	0.0216	0.0253	0.0000	0.0000	0.0000	0.0000	3.9751	0.0000	0.3651	-0.0001	10.0001	1.6924	4.0001	1.9110	0.6777	0.1362	0.5415	0.6777	0.1362	0.5415	0.0000	0.0000	0.0000	0.0001	0.0001	0.0000	0.0001	0.0001	0.0000	0.0000	0.0000	0.0000	0.5698	0.5226	0.0472	0.4159	0.3902	0.0256	0.1539	0.1324	0.0215	0.0547	0.0307	0.0241	0.0272	0.0232	0.0040	0.0276	0.0075	0.0201	500.6937	61.4599	inf	340.5264	62.2128	inf	0.0000	0.0000	0.0000	0.0024	0.0042	0.0000	0.0048	0.0056	0.0000	0.0000	0.0000	0.0000			
34	126	0.1046	2	1	2	0	0	0	0	0	0	N	Y	N	N	N	N	N	N	N	N	N	N	0.0000	inf	0.0000	inf	inf	0.0000	0.0000	0.0002	0.0003	0.0000	0.0005	0.0006	0.0000	0.0000	0.0000	0.0000	5.0408	0.0000	17.3861	0.0000	0.0000	0.0000	5.0845	0.0000	18.7982	0.0000	inf	-0.0000	0.4781	10.0001	0.9996	4.0001	8.0005	0.0001	0.0001	0.0000	0.0001	0.0001	0.0000	0.0000	0.0000	0.0000	1.0000	0.0000	1.0000	0.0000	0.0000	0.0000	1.0000	0.0000	1.0000	0.2850	0.2564	0.0286	0.1340	0.1256	0.0083	0.1511	0.1308	0.0203	0.1984	0.0836	0.1148	0.0017	0.0016	0.0001	0.1967	0.0820	0.1147	0.0000	inf	0.0000	inf	inf	0.0000	0.0000	0.0000	0.0000	5.0408	0.0000	8.7125	0.0000	0.0000	0.0000	5.0845	0.0000	8.7190		
34	127	0.2320	4	1	1	0	0	0	0	0	0	N	N	N	N	N	N	N	N	N	N	N	N	0.1222	0.0005	150378.1909	0.0059	0.0052	86.4761	1.9326	0.0000	1337928.1103	0.0104	0.0001	0.1013	0.0003	0.0002	0.0011	0.0215	0.0000	0.1456	0.0851	0.2307	0.0000	0.0428	0.0389	0.0000	0.0111	0.2806	0.0000	104.2595	0.0001	0.0092	-0.0007	10.0001	3.6536	4.0001	12.3970	0.0126	0.0001	0.0125	0.0002	0.0001	0.0000	0.0125	0.0000	0.0125	0.0013	0.0013	0.0000	0.0007	0.0007	0.0000	0.0006	0.0006	0.0000	1.2148	1.0913	0.1235	0.6358	0.5980	0.0379	0.5790	0.4933	0.0857	0.3882	0.2176	0.1706	0.1051	0.0971	0.0080	0.2832	0.1205	0.1627	3.0577	0.0181	150378.1909	0.0372	0.0274	86.4761	9.9980	0.0000	1337928.1103	0.0034	0.0061	0.0000	0.0068	0.0073	0.0000	0.0022	0.0051	0.0000
34	128	0.4104	4	1	1	0	0	0	0	0	0	N	N	N	N	N	N	N	N	N	N	N	N	0.0645	0.0517	651.3674	0.0630	0.0642	10.7856	0.0303	0.0117	6642.5695	0.1026	0.1144	0.0035	0.1530	0.1667	0.0002	0.0385	0.0436	0.0061	1.5905	2.2132	0.0000	2.4300	2.5963	0.0000	1.2688	3.7285	0.0000	0.0037	0.0000	-0.0485	-0.0750	10.0001	5.3495	4.0001	12.4099	0.1890	0.1883	0.0007	0.1579	0.1578	0.0000	0.0312	0.0305	0.0007	0.1438	0.1438	0.0000	0.0995	0.0995	0.0000	0.0443	0.0443	0.0000	1.8414	1.6460	0.1955	1.0318	0.9471	0.0847	0.8097	0.6989	0.1108	0.6127	0.3922	0.2204	0.3181	0.2717	0.0465	0.2946	0.1206	0.1740	0.4374	0.3122	651.3674	0.4892	0.4551	10.7856	0.2561	0.1188	6642.5695	0.2347	0.3665	0.0000	0.3127	0.3662	0.0000	0.1503	0.3672	0.0000
34	129	0.2161	8	1	2	0	1	0	0	0	0	N	Y	N	N	N	N	N	N	N	N	N	N	0.0000	0.0000	0.0000	0.0000	0.0000	0.0000	0.0000	0.0000	0.0000	0.0000	0.0000	0.0000	0.0000	0.0000	0.0000	0.0000	0.0000	0.0000	0.0000	0.0000	10.0001	0.0000	4.0001	0.0000	0.0000	0.0000	0.0000	0.0000	0.0000	0.0000	0.0000	0.0000	0.0000	0.0000	0.0000	0.0000	0.0000	0.0000	0.0000	0.0000	0.0000	0.0000	0.0000	0.0000	0.0000	0.0000	0.0000	0.0000	0.0000	0.0000	0.0000	0.0000	0.0000	0.0000	0.0000	0.0000	0.0000	0.0000	0.0000	0.0000	0.0000	0.0000	0.0000	0.0000	0.0000	0.0000	0.0000	0.0000	0.0000	0.0000	0.0000	0.0000	0.0000	0.0000	0.0000	0.0000	0.0000	0.0000											
34	130	0.1998	7	1	2	0	1	0	0	0	0	N	Y	N	N	N	N	N	N	N	N	N	N	0.0000	0.0000	0.0000	0.0000	0.0000	0.0000	0.0000	0.0000	0.0000	0.0000	0.0000	0.0000	0.0000	15.8501	0.0000	31.7159	0.0000	0.0000	0.0000	16.2790	0.0000	35.7252	inf	0.0000	0.4781	10.0001	0.0000	4.0001	3.0001	0.0000	0.0000	0.0000	0.0000	0.0000	0.0000	0.0000	0.0000	0.0000	1.0000	0.0000	1.0000	0.0000	0.0000	0.0000	1.0000	0.0000	1.0000	0.0000	0.0000	0.0000	0.0000	0.0000	0.0000	0.0000	0.0000	0.0000	0.0631	0.0266	0.0364	0.0017	0.0016	0.0000	0.0614	0.0250	0.0364	0.0000	0.0000	0.0000	0.0000	0.0000	0.0000	0.0000	0.0000	0.0000	15.8501	0.0000	27.4360	0.0000	0.0000	0.0000	16.2790	0.0000	27.4644						
34	131	0.1901	6	1	2	0	0	0	0	0	0	N	Y	N	N	N	N	N	N	N	N	N	N	0.0000	0.0000	0.0000	0.0000	0.0000	0.0000	0.0000	0.0000	0.0000	0.0000	0.0000	0.0000	0.0000	0.0000	0.0000	0.0000	0.0000	0.0000	0.0000	0.0000	10.0001	0.0000	4.0001	0.0000	0.0000	0.0000	0.0000	0.0000	0.0000	0.0000	0.0000	0.0000	0.0000	0.0000	0.0000	0.0000	0.0000	0.0000	0.0000	0.0000	0.0000	0.0000	0.0000	0.0000	0.0000	0.0000	0.0000	0.0000	0.0000	0.0000	0.0000	0.0000	0.0000	0.0000	0.0000	0.0000	0.0000	0.0000	0.0000	0.0000	0.0000	0.0000	0.0000	0.0000	0.0000	0.0000	0.0000	0.0000	0.0000	0.0000	0.0000	0.0000	0.0000	0.0000	0.0000	0.0000	0.0000	0.0000											
34	132	0.1998	7	1	1	1	1	0	0	0	0	N	N	N	N	N	N	N	N	N	N	N	N	0.0000	0.0000	0.0000	0.0000	0.0000	0.0000	0.0000	0.0000	0.0000	0.0000	0.0000	0.0000	0.0000	0.0000	0.0000	0.0000	0.0000	0.0000	0.0000	0.0000	10.0001	0.0000	4.0001	1.9999	0.0000	0.0000	0.0000	0.0000	0.0000	0.0000	0.0000	0.0000	0.0000	0.0000	0.0000	0.0000	0.0000	0.0000	0.0000	0.0000	0.0000	0.0000	0.0000	0.0000	0.0000	0.0000	0.0000	0.0000	0.0000	0.0000	0.0000	0.0431	0.0185	0.0246	0.0014	0.0014	0.0000	0.0417	0.0171	0.0246	0.0000	0.0000	0.0000	0.0000	0.0000	0.0000	0.0000	0.0000	0.0000	0.0000	0.0000	0.0000	0.0000	0.0000	0.0000	0.0000	0.0000	0.0000											
34	133	0.2108	8	1	1	1	1	0	0	0	0	N	N	N	N	N	N	N	N	N	N	N	N	0.0000	0.0000	0.0000	0.0000	0.0000	0.0000	0.0000	0.0000	0.0000	0.0000	0.0000	0.0000	0.0000	0.0000	0.0000	0.0000	0.0000	0.0000	0.0000	0.0000	10.0001	1.0000	4.0001	0.0000	0.0000	0.0000	0.0000	0.0000	0.0000	0.0000	0.0000	0.0000	0.0000	0.0000	0.0000	0.0000	0.0000	0.0000	0.0000	0.0000	0.0000	0.0000	0.2820	0.2527	0.0293	0.1484	0.1374	0.0110	0.1336	0.1153	0.0183	0.0209	0.0086	0.0123	0.0026	0.0017	0.0010	0.0183	0.0069	0.0113	0.0000	0.0000	0.0000	0.0000	0.0000	0.0000	0.0000	0.0000	0.0000	0.0000	0.0000	0.0000	0.0000	0.0000	0.0000	0.0000	0.0000	0.0000											
34	134	0.2108	8	1	1	1	1	0	0	0	0	N	N	N	N	N	N	N	N	N	N	N	N	0.0000	0.0000	0.0000	0.0000	0.0000	0.0000	0.0000	0.0000	0.0000	0.0000	0.0000	0.0000	0.0000	0.0000	0.0000	0.0000	0.0000	0.0000	0.0000	0.0000	10.0001	0.0000	4.0001	0.0000	0.0000	0.0000	0.0000	0.0000	0.0000	0.0000	0.0000	0.0000	0.0000	0.0000	0.0000	0.0000	0.0000	0.0000	0.0000	0.0000	0.0000	0.0000	0.0000	0.0000	0.0000	0.0000	0.0000	0.0000	0.0000	0.0000	0.0000	0.0000	0.0000	0.0000	0.0000	0.0000	0.0000	0.0000	0.0000	0.0000	0.0000	0.0000	0.0000	0.0000	0.0000	0.0000	0.0000	0.0000	0.0000	0.0000	0.0000	0.0000	0.0000	0.0000	0.0000	0.0000	0.0000	0.0000											
34	135	0.1998	7	1	1	1	1	0	0	0	0	N	N	N	N	N	N	N	N	N	N	N	N	inf	inf	inf	inf	0.0045	0.0051	0.0000	0.0089	0.0097	0.0000	0.0000	0.0000	0.0000	0.0000	0.0000	0.0000	0.0000	0.0000	0.0000	0.0000	0.0000	0.0000	0.0000	-0.0007	0.0000	10.0001	2.0025	4.0001	0.9943	0.0025	0.0025	0.0000	0.0025	0.0025	0.0000	0.0000	0.0000	0.0000	0.0000	0.0000	0.0000	0.0000	0.0000	0.0000	0.0000	0.0000	0.0000	0.5567	0.4984	0.0582	0.2828	0.2617	0.0210	0.2739	0.2367	0.0372	0.0630	0.0266	0.0364	0.0017	0.0016	0.0000	0.0614	0.0250	0.0364	inf	inf	0.0000	inf	inf	0.0000	0.0000	0.0000	0.0000	0.0000	0.0000	0.0000	0.0000	0.0000	0.0000	0.0000	0.0000	0.0000						
34	136	0.1998	6	1	1	0	1	0	0	0	0	N	N	N	N	N	N	N	N	N	N	N	N	46531.2178	inf	19153.3122	inf	1.6650	1.8052	0.0000	2.1740	2.3119	0.0000	0.0000	0.0000	0.0000	0.0000	0.0000	0.0000	0.0001	0.0000	0.0000	0.0000	0.0000	0.0000	0.0000	-0.0013	-0.0000	10.0001	0.0050	4.0001	0.0173	0.0050	0.0050	0.0000	0.0050	0.0050	0.0000	0.0000	0.0000	0.0000	0.0000	0.0000	0.0000	0.0000	0.0000	0.0000	0.0000	0.0000	0.0000	0.0030	0.0028	0.0002	0.0023	0.0022	0.0001	0.0007	0.0006	0.0001	0.0023	0.0019	0.0004	0.0009	0.0009	0.0000	0.0014	0.0009	0.0004	3190283.7249	inf	0.0000	1675041.1812	inf	0.0000	0.0000	0.0000	0.0000	0.0000	0.0000	0.0000	0.0000	0.0000	0.0000	0.0000	0.0000	0.0000						
34	137	0.1901	5	1	1	0	1	0	0	0	0	N	N	N	N	N	N	N	N	N	N	N	N	inf	inf	inf	inf	1.9211	2.1481	0.0000	3.9578	4.2709	0.0000	0.0000	0.0000	0.0000	0.0000	0.0000	0.0000	0.0000	0.0000	0.0000	0.0000	0.0000	0.0000	0.0000	-0.2595	-0.0000	10.0001	1.9972	4.0001	1.0076	0.9973	0.9973	0.0000	0.9973	0.9973	0.0000	0.0000	0.0000	0.0000	0.0000	0.0000	0.0000	0.0000	0.0000	0.0000	0.0000	0.0000	0.0000	0.5191	0.4643	0.0549	0.2520	0.2335	0.0185	0.2671	0.2308	0.0364	0.0584	0.0237	0.0347	0.0007	0.0007	0.0000	0.0577	0.0230	0.0347	inf	inf	0.0000	inf	inf	0.0000	0.0000	0.0000	0.0000	0.0000	0.0000	0.0000	0.0000	0.0000	0.0000	0.0000	0.0000	0.0000						
34	138	0.1729	4	2	2	0	0	0	0	0	0	Y	Y	N	N	N	N	N	N	N	N	N	N	32.7525	11.7873	12.1271	13.5202	0.9514	1.0735	0.0000	2.6696	2.7044	0.0000	0.0000	0.0000	0.0000	0.0290	0.0911	0.0000	0.2201	0.2000	0.0000	0.0000	0.0000	0.0000	0.0000	0.0000	-0.0000	-0.0001	10.0001	0.0002	4.0001	2.3255	0.0001	0.0001	0.0000	0.0001	0.0001	0.0000	0.0000	0.0000	0.0000	0.0002	0.0002	0.0000	0.0002	0.0002	0.0000	0.0000	0.0000	0.0000	0.0001	0.0001	0.0000	0.0001	0.0001	0.0000	0.0001	0.0001	0.0000	0.0696	0.0371	0.0324	0.0110	0.0106	0.0004	0.0586	0.0266	0.0320	413.6544	249.0543	0.0000	182.9349	178.3805	0.0000	0.0000	0.0000	0.0000	0.0023	0.0043	0.0000	0.0146	0.0152	0.0000	0.0000	0.0000	0.0000					
34	139	0.1550	3	2	2	0	0	0	0	0	0	Y	Y	N	N	N	N	N	N	N	N	N	N	127.6235	112.8963	124.8707	610.7081	786.1587	inf	0.5682	0.0066	17.8495	1.8048	1.9969	0.0982	5.1741	5.4449	0.4626	0.0021	0.0003	0.0143	0.0141	0.0177	0.0008	0.0085	0.0069	0.0000	0.0036	0.0424	0.0008	0.0055	0.3386	-0.2581	-0.0001	10.0001	2.0138	4.0001	2.7349	1.0133	1.0077	0.0056	1.0126	1.0077	0.0049	0.0007	0.0001	0.0007	0.0002	0.0002	0.0001	0.0001	0.0001	0.0000	0.0002	0.0001	0.0001	0.5615	0.5047	0.0568	0.1957	0.1851	0.0106	0.3658	0.3196	0.0462	0.1574	0.0811	0.0763	0.0303	0.0290	0.0014	0.1270	0.0521	0.0749	1197.2998	913.5817	124.8707	2033.6755	2044.8402	inf	1.6278	0.1466	17.8495	0.0015	0.0022	0.0008	0.0025	0.0027	0.0000	0.0013	0.0019	0.0008
34	140	0.1715	4	1	2	0	0	0	0	0	0	N	Y	N	N	N	N	N	N	N	N	N	N	3869.2465	779.3618	3109039.1508	277.6602	261.0179	12040.2036	inf	inf	inf	1.2962	0.6103	6.6166	1.3824	1.1618	3.1173	1.2029	0.0109	10.3138	0.0003	0.0008	0.0000	0.0050	0.0045	0.0003	0.0000	0.0000	0.0000	1.3978	0.0083	0.2975	-0.0000	10.0001	1.9232	4.0001	1.1116	0.9216	0.3844	0.5373	0.5111	0.3811	0.1300	0.4105	0.0033	0.4072	0.0000	0.0000	0.0000	0.0000	0.0000	0.0000	0.0000	0.0000	0.0000	0.7110	0.6298	0.0812	0.3697	0.3280	0.0417	0.3413	0.3018	0.0395	0.0716	0.0326	0.0390	0.0052	0.0049	0.0003	0.0664	0.0276	0.0387	9205.3806	1987.0247	3109039.1508	718.2093	571.5417	12040.2036	inf	inf	inf	0.0001	0.0003	0.0000	0.0019	0.0020	0.0003	0.0000	0.0000	0.0000
34	141	0.6800	6	1	2	0	0	0	0	0	0	N	Y	N	N	N	N	N	N	N	N	N	N	inf	inf	inf	inf	0.9640	1.0535	0.0000	1.2982	1.3904	0.0000	0.0000	0.0000	0.0000	0.0000	0.0000	0.0000	0.0000	0.0000	0.0000	0.0000	0.0000	0.0000	0.0000	-0.2602	0.0000	10.0001	3.0000	4.0001	1.0000	1.0000	1.0000	0.0000	1.0000	1.0000	0.0000	0.0000	0.0000	0.0000	0.0000	0.0000	0.0000	0.0000	0.0000	0.0000	0.0000	0.0000	0.0000	1.0373	0.9492	0.0881	0.7703	0.7192	0.0511	0.2670	0.2300	0.0371	0.0605	0.0339	0.0265	0.0301	0.0257	0.0044	0.0304	0.0083	0.0221	inf	inf	0.0000	inf	inf	0.0000	0.0000	0.0000	0.0000	0.0000	0.0000	0.0000	0.0000	0.0000	0.0000	0.0000	0.0000	0.0000						
34	142	0.6608	5	1	1	0	0	0	0	0	0	N	N	N	N	N	N	N	N	N	N	N	N	0.0000	0.0000	0.0000	0.0000	0.0000	0.0000	0.0000	0.0000	0.0000	0.0000	0.0000	0.0000	0.0000	0.0000	0.0000	0.0000	0.0000	0.0000	0.0000	0.0000	10.0001	1.0000	4.0001	1.0000	0.0000	0.0000	0.0000	0.0000	0.0000	0.0000	0.0000	0.0000	0.0000	0.0000	0.0000	0.0000	0.0000	0.0000	0.0000	0.0000	0.0000	0.0000	0.3494	0.3206	0.0288	0.2574	0.2415	0.0159	0.0920	0.0791	0.0129	0.0312	0.0174	0.0137	0.0155	0.0132	0.0023	0.0157	0.0043	0.0114	0.0000	0.0000	0.0000	0.0000	0.0000	0.0000	0.0000	0.0000	0.0000	0.0000	0.0000	0.0000	0.0000	0.0000	0.0000	0.0000	0.0000	0.0000											
34	143	0.4104	4	1	1	0	0	0	0	0	0	N	N	N	N	N	N	N	N	N	N	N	N	0.7166	1.2739	0.0002	264.8765	610.3360	0.0203	0.5498	0.6506	0.0004	1.8163	2.0321	0.0030	1.6506	1.7959	0.0002	2.0068	2.3209	0.0049	2.5347	1.5952	12.3139	0.0062	0.0029	0.0107	3.6498	3.5670	13.1061	0.0002	21.2905	-1.0224	0.4093	10.0001	7.1211	4.0001	10.9474	3.9322	3.9315	0.0007	1.9112	1.9111	0.0000	2.0211	2.0204	0.0007	0.9447	0.0424	0.9023	0.0007	0.0004	0.0003	0.9440	0.0420	0.9020	2.1650	1.9347	0.2303	1.1579	1.0642	0.0937	1.0071	0.8705	0.1366	0.6159	0.3939	0.2219	0.3191	0.2725	0.0466	0.2968	0.1215	0.1753	1.1842	18.8896	0.0007	762.1710	1254.7323	0.0338	0.6310	6.7135	0.0010	1.5338	0.1076	4.0653	0.0022	0.0014	0.0065	3.1805	0.3457	5.1444
34	144	0.2156	3	1	1	0	0	0	0	0	0	N	N	N	N	N	N	N	N	N	N	N	N	0.1885	0.1523	0.0087	2.0964	2.3111	1.3358	0.0042	0.0021	0.0246	0.4887	0.5445	0.0127	0.9989	1.0716	0.0097	0.0135	0.0134	0.0140	2.5926	3.5759	1.4497	0.4765	0.4637	0.0073	3.1797	6.4686	0.5693	0.0027	0.1019	-0.2751	-0.4556	10.0001	8.5175	4.0001	23.1696	1.0684	1.0655	0.0029	1.0532	1.0525	0.0007	0.0152	0.0130	0.0022	1.0610	0.9629	0.0981	0.0039	0.0039	0.0001	1.0571	0.9590	0.0981	2.1861	1.9567	0.2294	1.0543	0.9821	0.0721	1.1318	0.9745	0.1573	0.6244	0.3168	0.3075	0.1350	0.1220	0.0129	0.4894	0.1948	0.2946	0.2876	0.1792	0.0397	34.1766	33.6597	2.0921	0.0062	0.0027	0.0421	1.6994	3.0390	0.3192	0.0292	0.0318	0.0046	2.1601	4.9227	0.3330
34	145	0.1901	6	2	2	0	0	0	0	0	0	Y	Y	N	N	N	N	N	N	N	N	N	N	inf	inf	inf	inf	3.7499	0.0000	35.5859	0.0000	0.0000	0.0000	7.3737	0.0000	54.0188	0.0000	0.0000	0.0000	0.0000	0.0000	0.0000	0.0000	0.0000	0.0000	inf	0.7397	0.0000	10.0001	1.0000	4.0001	1.0000	0.9999	0.0000	0.9999	0.0000	0.0000	0.0000	0.9999	0.0000	0.9999	0.0000	0.0000	0.0000	0.0000	0.0000	0.0000	0.0000	0.0000	0.0000	0.2666	0.2385	0.0281	0.1310	0.1215	0.0096	0.1356	0.1171	0.0185	0.0393	0.0159	0.0234	0.0005	0.0005	0.0000	0.0388	0.0154	0.0234	inf	0.0000	inf	0.0000	0.0000	0.0000	inf	0.0000	inf	0.0000	0.0000	0.0000	0.0000	0.0000	0.0000	0.0000	0.0000	0.0000						
34	146	0.1901	5	1	2	0	0	0	0	0	0	N	Y	N	N	N	N	N	N	N	N	N	N	inf	inf	inf	inf	0.8385	0.9005	0.0000	1.1079	1.1671	0.0000	0.0000	0.0000	0.0000	0.0000	0.0000	0.0000	0.0000	0.0000	0.0000	0.0000	0.0000	0.0000	0.0000	-0.0001	0.0000	10.0001	0.0003	4.0001	0.0000	0.0002	0.0002	0.0000	0.0002	0.0002	0.0000	0.0000	0.0000	0.0000	0.0000	0.0000	0.0000	0.0000	0.0000	0.0000	0.0000	0.0000	0.0000	0.0003	0.0002	0.0000	0.0002	0.0002	0.0000	0.0001	0.0001	0.0000	0.0000	0.0000	0.0000	0.0000	0.0000	0.0000	0.0000	0.0000	0.0000	inf	inf	0.0000	inf	inf	0.0000	0.0000	0.0000	0.0000	0.0000	0.0000	0.0000	0.0000	0.0000	0.0000	0.0000	0.0000	0.0000						
34	147	0.1715	4	1	1	0	0	0	0	0	0	N	N	N	N	N	N	N	N	N	N	N	N	9668.7327	4898.2746	31.2652	1000.5609	1166.8648	0.1018	inf	inf	inf	2.2367	2.5224	0.0000	4.3360	4.8012	0.0000	0.5610	0.6422	0.0000	0.0002	0.0005	0.0000	0.0043	0.0041	0.0002	0.0000	0.0000	0.0000	0.0000	0.0083	-0.7657	-0.0000	10.0001	4.9449	4.0001	1.0063	2.9430	2.9430	0.0000	2.5325	2.5325	0.0000	0.4105	0.4105	0.0000	0.0000	0.0000	0.0000	0.0000	0.0000	0.0000	0.0000	0.0000	0.0000	1.3158	1.1667	0.1491	0.5841	0.5275	0.0566	0.7317	0.6393	0.0925	0.1288	0.0567	0.0722	0.0059	0.0055	0.0004	0.1230	0.0512	0.0718	28580.1866	14299.9650	31.2652	2524.7472	2642.3009	0.1018	inf	inf	inf	0.0001	0.0002	0.0000	0.0017	0.0018	0.0002	0.0000	0.0000	0.0000
34	148	0.1550	3	1	1	0	0	0	0	0	0	N	N	N	N	N	N	N	N	N	N	N	N	2037.7062	1058.3600	30568.9881	512.6081	633.7873	66.9282	23710.0860	inf	47075.1480	2.5895	2.2938	5.1025	2.2852	2.4222	0.1666	2.7396	2.2257	6.2643	0.0013	0.0022	0.0002	0.0045	0.0038	0.0025	0.0001	0.0000	0.0001	0.2617	0.2551	-0.1181	-0.0000	10.0001	3.4778	4.0001	1.2917	2.2387	1.7743	0.4644	0.6527	0.6498	0.0029	1.5860	1.1245	0.4615	0.0001	0.0001	0.0000	0.0001	0.0001	0.0000	0.0000	0.0000	0.0000	0.8645	0.7735	0.0910	0.2856	0.2683	0.0173	0.5789	0.5052	0.0737	0.1578	0.0813	0.0765	0.0304	0.0290	0.0014	0.1274	0.0523	0.0752	6501.7618	3722.5750	30568.9881	1312.8549	1403.0585	81.3975	34896.6369	inf	47075.1480	0.0004	0.0006	0.0002	0.0017	0.0017	0.0020	0.0001	0.0000	0.0001
34	149	0.1046	2	1	1	0	0	0	0	0	0	N	N	N	N	N	N	N	N	N	N	N	N	2267.0245	12.9068	37732.4828	390.7794	2.3112	inf	3899.7869	1.5644	25704.9449	1.0725	0.0052	10.3335	1.2585	0.0064	19.4511	0.9348	0.0043	7.0450	0.0005	0.0004	0.0003	0.0032	0.0028	0.0000	0.0002	0.0027	0.0003	228.5972	3.1288	1.4792	0.0000	10.0001	7.8050	4.0001	4.0035	2.0113	0.0088	2.0025	1.0040	0.0048	0.9992	1.0073	0.0040	1.0034	0.0001	0.0000	0.0000	0.0000	0.0000	0.0000	0.0001	0.0000	0.0000	1.8753	1.6815	0.1938	0.7977	0.7463	0.0514	1.0776	0.9352	0.1424	0.2531	0.1071	0.1461	0.0022	0.0021	0.0001	0.2509	0.1050	0.1459	5142.9835	43.6259	37732.4828	989.7085	4.7809	inf	4691.2671	44.6783	25704.9449	0.0002	0.0001	0.0003	0.0013	0.0013	0.0000	0.0002	0.0001	0.0003
34	150	0.2320	4	1	1	0	0	0	0	0	0	N	N	N	N	N	N	N	N	N	N	N	N	0.1538	0.0006	159422.1676	0.0063	0.0052	92.1946	2.1913	0.0000	1419650.2009	0.0103	0.0001	0.0999	0.0002	0.0002	0.0010	0.0212	0.0000	0.1437	0.0667	0.1951	0.0000	0.0391	0.0378	0.0000	0.0097	0.2332	0.0000	104.2595	0.0001	0.0092	-0.0007	10.0001	3.7255	4.0001	14.1767	0.0126	0.0001	0.0125	0.0002	0.0001	0.0000	0.0125	0.0000	0.0125	0.0013	0.0013	0.0000	0.0007	0.0007	0.0000	0.0006	0.0006	0.0000	1.2317	1.1064	0.1253	0.6443	0.6058	0.0385	0.5874	0.5006	0.0868	0.4139	0.2305	0.1835	0.1089	0.1002	0.0086	0.3051	0.1302	0.1748	3.2152	0.0189	159422.1676	0.0381	0.0280	92.1946	10.6163	0.0000	1419650.2009	0.0032	0.0057	0.0000	0.0065	0.0071	0.0000	0.0020	0.0047	0.0000
34	151	0.2156	3	1	1	0	0	0	0	0	0	N	N	N	N	N	N	N	N	N	N	N	N	0.2803	0.0284	173.9571	0.1372	0.1547	87.2160	1.4565	0.0006	310.3052	0.1718	0.0247	1.4701	0.0422	0.0442	0.0019	0.3120	0.0008	1.9375	0.6131	0.8692	0.0085	0.3072	0.2854	0.0000	0.2142	1.4801	0.0062	6.7431	0.1995	0.0659	-0.0014	10.0001	1.4205	4.0001	4.0377	0.1079	0.0139	0.0940	0.0138	0.0137	0.0000	0.0942	0.0002	0.0939	0.0039	0.0033	0.0006	0.0017	0.0017	0.0000	0.0022	0.0016	0.0006	0.6279	0.5640	0.0639	0.3262	0.3108	0.0154	0.3017	0.2533	0.0485	0.2531	0.1455	0.1076	0.0895	0.0859	0.0035	0.1636	0.0596	0.1041	11.1299	1.1036	243.3724	2.2464	2.2606	87.2160	22.9088	0.0318	310.3052	0.0154	0.0224	0.0060	0.0188	0.0195	0.0000	0.0136	0.0265	0.0062
34	152	0.1046	2	1	1	0	0	0	0	0	0	N	N	N	N	N	N	N	N	N	N	N	N	0.4146	0.1122	1700.3076	4494.7715	5387.4212	0.2913	0.0000	2325.7555	1.1869	0.6939	5.4856	1.4370	1.5353	0.0000	0.9958	0.0001	7.5095	2.8628	6.1873	0.0032	0.0003	0.0003	0.0000	3.4189	7.4798	0.0032	0.9066	0.0007	0.4097	-0.5209	10.0001	6.4701	4.0001	12.4371	1.9029	0.9981	0.9049	0.9980	0.9980	0.0000	0.9049	0.0000	0.9049	0.9994	0.9987	0.0007	0.0000	0.0000	0.0000	0.9994	0.9987	0.0007	1.6032	1.4383	0.1650	0.6945	0.6501	0.0445	0.9087	0.7882	0.1205	0.3784	0.1614	0.2170	0.0033	0.0032	0.0002	0.3751	0.1583	0.2168	0.4494	0.1122	1700.3076	53859.5397	54525.3324	0.0000	0.3737	0.0000	2325.7555	2.6413	6.1873	0.0032	0.0000	0.0000	0.0000	2.6647	6.3106	0.0032	
35	36	0.5786	4	0	2	0	0	0	0	0	0	N	Y	N	N	N	N	N	N	N	N	N	N	inf	inf	inf	inf	4.7929	0.0000	48.8166	7.6855	0.0000	108.4411	0.0000	0.0000	0.0000	0.0000	0.0000	0.0000	0.0000	0.0000	0.0000	0.0000	0.0000	0.0000	inf	0.7398	0.0000	3.0004	3.0000	2.0000	3.0000	0.9999	0.0000	0.9999	0.9999	0.0000	0.9999	0.0000	0.0000	0.0000	0.0000	0.0000	0.0000	0.0000	0.0000	0.0000	0.0000	0.0000	0.0000	0.2086	0.1881	0.0205	0.1301	0.1209	0.0092	0.0785	0.0673	0.0113	0.0280	0.0138	0.0142	0.0091	0.0077	0.0014	0.0190	0.0061	0.0128	inf	0.0000	inf	inf	0.0000	inf	0.0000	0.0000	0.0000	0.0000	0.0000	0.0000	0.0000	0.0000	0.0000	0.0000	0.0000	0.0000						
35	37	0.0526	2	1	2	0	0	0	0	0	0	N	Y	N	N	N	N	N	N	N	N	N	N	0.0000	0.0000	0.0000	0.0000	0.0000	0.0000	0.0000	0.0000	0.0000	0.0000	0.0000	0.0000	0.0000	0.0000	0.0000	0.0000	0.0000	0.0000	0.0000	0.0000	3.0004	4.2779	2.0000	3.9542	0.0000	0.0000	0.0000	0.0000	0.0000	0.0000	0.0000	0.0000	0.0000	0.0000	0.0000	0.0000	0.0000	0.0000	0.0000	0.0000	0.0000	0.0000	0.4977	0.4404	0.0573	0.0429	0.0414	0.0014	0.4549	0.3990	0.0559	0.1270	0.0682	0.0588	0.0036	0.0036	0.0000	0.1234	0.0646	0.0588	0.0000	0.0000	0.0000	0.0000	0.0000	0.0000	0.0000	0.0000	0.0000	0.0000	0.0000	0.0000	0.0000	0.0000	0.0000	0.0000	0.0000	0.0000											
35	38	0.6452	8	1	2	0	0	0	0	0	0	N	Y	N	N	N	N	N	N	N	N	N	N	3921.8388	2173.9767	3651.5204	4389.5150	inf	inf	3.7219	4.1655	0.0000	6.7753	7.2746	0.0000	0.0007	0.0008	0.0000	0.0009	0.0019	0.0000	0.0019	0.0017	0.0000	0.0000	0.0000	0.0000	0.0000	0.0000	-0.2617	-0.0000	3.0004	2.8243	2.0000	1.0201	1.0058	1.0058	0.0000	1.0058	1.0058	0.0000	0.0001	0.0001	0.0000	0.0000	0.0000	0.0000	0.0000	0.0000	0.0000	0.0000	0.0000	0.0000	0.2702	0.2415	0.0288	0.1484	0.1383	0.0102	0.1218	0.1032	0.0186	0.0292	0.0171	0.0121	0.0126	0.0111	0.0015	0.0166	0.0060	0.0106	10857.4960	7131.7340	0.0000	8537.9317	8083.6227	0.0000	inf	inf	0.0000	0.0003	0.0006	0.0000	0.0008	0.0009	0.0000	0.0000	0.0000	0.0000			
35	39	0.0637	2	0	2	0	0	0	0	0	0	N	Y	N	N	N	N	N	N	N	N	N	N	0.0000	0.0000	0.0000	0.0000	0.0000	0.0000	0.0000	0.0000	0.0000	0.0000	0.0000	0.0000	0.0000	0.0000	0.0000	0.0000	0.0000	0.0000	0.0000	0.0000	3.0004	5.0001	2.0000	5.0000	0.0000	0.0000	0.0000	0.0000	0.0000	0.0000	0.0000	0.0000	0.0000	0.0000	0.0000	0.0000	0.0000	0.0000	0.0000	0.0000	0.0000	0.0000	0.4610	0.4150	0.0460	0.2252	0.2113	0.0140	0.2357	0.2038	0.0320	0.0854	0.0356	0.0498	0.0007	0.0007	0.0000	0.0847	0.0349	0.0498	0.0000	0.0000	0.0000	0.0000	0.0000	0.0000	0.0000	0.0000	0.0000	0.0000	0.0000	0.0000	0.0000	0.0000	0.0000	0.0000	0.0000	0.0000											
35	40	0.6010	5	0	2	0	0	0	0	0	0	N	Y	N	N	N	N	N	N	N	N	N	N	0.0000	0.0000	0.0000	0.0000	0.0000	0.0000	0.0000	0.0000	0.0000	0.0000	0.0000	0.0000	0.0000	0.0000	0.0000	0.0000	0.0000	0.0000	0.0000	0.0000	3.0004	0.0000	2.0000	2.0000	0.0000	0.0000	0.0000	0.0000	0.0000	0.0000	0.0000	0.0000	0.0000	0.0000	0.0000	0.0000	0.0000	0.0000	0.0000	0.0000	0.0000	0.0000	0.0000	0.0000	0.0000	0.0000	0.0000	0.0000	0.0000	0.0000	0.0000	0.0169	0.0096	0.0074	0.0075	0.0065	0.0011	0.0094	0.0031	0.0063	0.0000	0.0000	0.0000	0.0000	0.0000	0.0000	0.0000	0.0000	0.0000	0.0000	0.0000	0.0000	0.0000	0.0000	0.0000	0.0000	0.0000	0.0000											
35	41	0.0637	2	0	2	0	0	0	0	0	0	N	Y	N	N	N	N	N	N	N	N	N	N	inf	inf	inf	inf	1.8586	2.0654	0.0000	3.8607	4.1170	0.0000	0.0000	0.0000	0.0000	0.0000	0.0000	0.0000	0.0000	0.0000	0.0000	0.0000	0.0000	0.0000	0.0000	-0.2602	0.0000	3.0004	5.9998	2.0000	3.0000	0.9999	0.9999	0.0000	0.9999	0.9999	0.0000	0.0000	0.0000	0.0000	0.0000	0.0000	0.0000	0.0000	0.0000	0.0000	0.0000	0.0000	0.0000	0.5380	0.4841	0.0539	0.2590	0.2429	0.0161	0.2790	0.2413	0.0377	0.0776	0.0323	0.0453	0.0007	0.0006	0.0000	0.0770	0.0317	0.0453	inf	inf	0.0000	inf	inf	0.0000	0.0000	0.0000	0.0000	0.0000	0.0000	0.0000	0.0000	0.0000	0.0000	0.0000	0.0000	0.0000						
35	42	0.6670	9	0	2	1	1	0	0	0	0	N	Y	N	N	N	N	N	N	N	N	N	N	inf	inf	inf	inf	0.8121	0.8934	0.0000	1.0650	1.1473	0.0000	0.0000	0.0000	0.0000	0.0000	0.0000	0.0000	0.0000	0.0000	0.0000	0.0000	0.0000	0.0000	0.0000	-0.0001	0.0000	3.0004	0.0011	2.0000	1.0134	0.0003	0.0003	0.0000	0.0003	0.0003	0.0000	0.0000	0.0000	0.0000	0.0000	0.0000	0.0000	0.0000	0.0000	0.0000	0.0000	0.0000	0.0000	0.0003	0.0003	0.0000	0.0003	0.0002	0.0000	0.0001	0.0001	0.0000	0.0086	0.0051	0.0035	0.0035	0.0032	0.0003	0.0050	0.0019	0.0031	inf	inf	0.0000	inf	inf	0.0000	0.0000	0.0000	0.0000	0.0000	0.0000	0.0000	0.0000	0.0000	0.0000	0.0000	0.0000	0.0000						
35	43	0.6452	8	0	1	0	1	0	0	0	0	N	N	N	N	N	N	N	N	N	N	N	N	2182.9931	1467.8800	2557.9111	2958.7081	inf	inf	3.6870	4.1264	0.0000	6.7112	7.2058	0.0000	0.0007	0.0008	0.0000	0.0017	0.0028	0.0000	0.0026	0.0024	0.0000	0.0000	0.0000	0.0000	0.0000	0.0000	-0.2588	-0.0000	3.0004	2.8187	2.0000	0.0347	0.9947	0.9947	0.0000	0.9946	0.9946	0.0000	0.0001	0.0001	0.0000	0.0000	0.0000	0.0000	0.0000	0.0000	0.0000	0.0000	0.0000	0.0000	0.2698	0.2411	0.0287	0.1482	0.1380	0.0102	0.1216	0.1030	0.0186	0.0222	0.0131	0.0091	0.0096	0.0085	0.0011	0.0126	0.0046	0.0080	8170.1302	5386.6721	0.0000	6423.7998	6094.2933	0.0000	inf	inf	0.0000	0.0005	0.0008	0.0000	0.0010	0.0012	0.0000	0.0000	0.0000	0.0000			
35	44	0.6325	7	0	1	0	0	0	0	0	0	N	N	N	N	N	N	N	N	N	N	N	N	9.5635	7.0330	inf	inf	0.0000	0.0000	0.0381	0.0416	0.0000	0.0690	0.0720	0.0000	0.0000	0.0000	0.0000	0.0040	0.0059	0.0000	0.0000	0.0000	0.0000	0.0047	0.1450	0.0000	0.0000	0.0000	-0.0016	-0.0000	3.0004	0.9605	2.0000	1.0076	0.0060	0.0060	0.0000	0.0060	0.0060	0.0000	0.0000	0.0000	0.0000	0.0000	0.0000	0.0000	0.0000	0.0000	0.0000	0.0000	0.0000	0.0000	0.1584	0.1449	0.0135	0.0874	0.0837	0.0037	0.0709	0.0612	0.0097	0.0144	0.0089	0.0055	0.0073	0.0064	0.0009	0.0071	0.0025	0.0046	54.7327	36.8485	0.0000	inf	inf	0.0000	0.0000	0.0000	0.0000	0.0007	0.0011	0.0000	0.0000	0.0000	0.0000	0.0014	0.0040	0.0000			
35	45	0.0756	4	0	2	1	1	0	0	0	0	N	Y	N	N	N	N	N	N	N	N	N	N	0.0000	0.0000	0.0000	0.0000	0.0000	0.0000	0.0000	0.0000	0.0000	0.0000	0.0000	0.0000	0.0000	0.0000	0.0000	0.0000	0.0000	0.0000	0.0000	0.0000	3.0004	1.0000	2.0000	1.0000	0.0000	0.0000	0.0000	0.0000	0.0000	0.0000	0.0000	0.0000	0.0000	0.0000	0.0000	0.0000	0.0000	0.0000	0.0000	0.0000	0.0000	0.0000	0.1151	0.1009	0.0142	0.0045	0.0042	0.0003	0.1106	0.0966	0.0139	0.0343	0.0186	0.0157	0.0006	0.0006	0.0000	0.0337	0.0180	0.0157	0.0000	0.0000	0.0000	0.0000	0.0000	0.0000	0.0000	0.0000	0.0000	0.0000	0.0000	0.0000	0.0000	0.0000	0.0000	0.0000	0.0000	0.0000											
35	46	0.5786	4	0	2	0	0	0	0	0	0	N	Y	N	N	N	N	N	N	N	N	N	N	0.0000	0.0000	0.0000	0.0000	0.0000	0.0000	0.0000	0.0000	0.0000	0.0000	0.0000	0.0000	0.0000	0.0000	0.0000	0.0000	0.0000	0.0000	0.0000	0.0000	3.0004	0.0000	2.0000	0.0000	0.0000	0.0000	0.0000	0.0000	0.0000	0.0000	0.0000	0.0000	0.0000	0.0000	0.0000	0.0000	0.0000	0.0000	0.0000	0.0000	0.0000	0.0000	0.0000	0.0000	0.0000	0.0000	0.0000	0.0000	0.0000	0.0000	0.0000	0.0000	0.0000	0.0000	0.0000	0.0000	0.0000	0.0000	0.0000	0.0000	0.0000	0.0000	0.0000	0.0000	0.0000	0.0000	0.0000	0.0000	0.0000	0.0000	0.0000	0.0000	0.0000	0.0000	0.0000	0.0000	0.0000	0.0000											
35	47	0.6325	7	0	2	0	1	0	0	0	0	N	Y	N	N	N	N	N	N	N	N	N	N	0.0000	0.0000	0.0000	0.0000	0.0000	0.0000	0.0000	0.0000	0.0000	0.0000	0.0000	0.0000	0.0000	0.0000	0.0000	0.0000	0.0000	0.0000	0.0000	0.0000	3.0004	0.0000	2.0000	1.0000	0.0000	0.0000	0.0000	0.0000	0.0000	0.0000	0.0000	0.0000	0.0000	0.0000	0.0000	0.0000	0.0000	0.0000	0.0000	0.0000	0.0000	0.0000	0.0757	0.0712	0.0045	0.0379	0.0379	0.0000	0.0379	0.0334	0.0045	0.0078	0.0048	0.0029	0.0039	0.0034	0.0005	0.0038	0.0014	0.0024	0.0000	0.0000	0.0000	0.0000	0.0000	0.0000	0.0000	0.0000	0.0000	0.0000	0.0000	0.0000	0.0000	0.0000	0.0000	0.0000	0.0000	0.0000											
35	48	0.5786	4	1	2	0	0	0	0	0	0	N	Y	N	N	N	N	N	N	N	N	N	N	0.0000	0.0000	0.0000	0.0000	0.0000	0.0000	0.0000	0.0000	0.0000	0.0000	0.0000	0.0000	0.0000	0.0000	0.0000	0.0000	0.0000	0.0000	0.0000	0.0000	3.0004	0.0000	2.0000	4.0000	0.0000	0.0000	0.0000	0.0000	0.0000	0.0000	0.0000	0.0000	0.0000	0.0000	0.0000	0.0000	0.0000	0.0000	0.0000	0.0000	0.0000	0.0000	0.0000	0.0000	0.0000	0.0000	0.0000	0.0000	0.0000	0.0000	0.0000	0.0191	0.0094	0.0097	0.0061	0.0052	0.0009	0.0130	0.0042	0.0088	0.0000	0.0000	0.0000	0.0000	0.0000	0.0000	0.0000	0.0000	0.0000	0.0000	0.0000	0.0000	0.0000	0.0000	0.0000	0.0000	0.0000	0.0000											
35	49	0.6533	8	0	1	1	0	0	0	0	0	N	N	N	N	N	N	N	N	N	N	N	N	0.0000	0.0000	0.0000	0.0000	0.0000	0.0000	0.0000	0.0000	0.0000	0.0000	0.0000	0.0000	0.0000	0.0000	0.0000	0.0000	0.0000	0.0000	0.0000	0.0000	3.0004	0.0000	2.0000	0.0000	0.0000	0.0000	0.0000	0.0000	0.0000	0.0000	0.0000	0.0000	0.0000	0.0000	0.0000	0.0000	0.0000	0.0000	0.0000	0.0000	0.0000	0.0000	0.0000	0.0000	0.0000	0.0000	0.0000	0.0000	0.0000	0.0000	0.0000	0.0000	0.0000	0.0000	0.0000	0.0000	0.0000	0.0000	0.0000	0.0000	0.0000	0.0000	0.0000	0.0000	0.0000	0.0000	0.0000	0.0000	0.0000	0.0000	0.0000	0.0000	0.0000	0.0000	0.0000	0.0000	0.0000	0.0000											
35	50	0.0847	3	0	1	1	0	0	0	0	0	N	N	N	N	N	N	N	N	N	N	N	N	0.0000	0.0000	0.0000	0.0000	0.0000	0.0000	0.0000	0.0000	0.0000	0.0000	0.0000	0.0000	0.0000	0.0000	0.0000	0.0000	0.0000	0.0000	0.0000	0.0000	3.0004	1.0000	2.0000	1.0000	0.0000	0.0000	0.0000	0.0000	0.0000	0.0000	0.0000	0.0000	0.0000	0.0000	0.0000	0.0000	0.0000	0.0000	0.0000	0.0000	0.0000	0.0000	0.0956	0.0840	0.0116	0.0189	0.0173	0.0016	0.0767	0.0668	0.0099	0.0273	0.0138	0.0135	0.0012	0.0011	0.0001	0.0261	0.0127	0.0134	0.0000	0.0000	0.0000	0.0000	0.0000	0.0000	0.0000	0.0000	0.0000	0.0000	0.0000	0.0000	0.0000	0.0000	0.0000	0.0000	0.0000	0.0000											
35	51	0.0892	3	0	2	0	0	0	0	0	0	N	Y	N	N	N	N	N	N	N	N	N	N	0.0000	0.0000	0.0000	0.0000	0.0000	0.0000	0.0000	0.0000	0.0000	0.0000	0.0000	0.0000	0.0000	0.0000	0.0000	0.0000	0.0000	0.0000	0.0000	0.0000	3.0004	0.0003	2.0000	0.9690	0.0000	0.0000	0.0000	0.0000	0.0000	0.0000	0.0000	0.0000	0.0000	0.0000	0.0000	0.0000	0.0000	0.0000	0.0000	0.0000	0.0000	0.0000	0.0002	0.0001	0.0000	0.0001	0.0001	0.0000	0.0001	0.0001	0.0000	0.0269	0.0190	0.0078	0.0107	0.0092	0.0015	0.0162	0.0099	0.0063	0.0000	0.0000	0.0000	0.0000	0.0000	0.0000	0.0000	0.0000	0.0000	0.0000	0.0000	0.0000	0.0000	0.0000	0.0000	0.0000	0.0000	0.0000											
35	52	0.6566	8	0	2	0	0	0	0	0	0	N	Y	N	N	N	N	N	N	N	N	N	N	2520.0763	2382.0525	3983.3664	4718.7243	inf	inf	6.8268	7.4646	0.0000	9.5948	10.1965	0.0000	0.0044	0.0052	0.0000	0.0027	0.0031	0.0000	0.0024	0.0022	0.0000	0.0000	0.0000	0.0000	0.0000	0.0000	-0.2386	-0.0000	3.0004	0.9211	2.0000	0.1671	0.9172	0.9172	0.0000	0.9170	0.9170	0.0000	0.0002	0.0002	0.0000	0.0000	0.0000	0.0000	0.0000	0.0000	0.0000	0.0000	0.0000	0.0000	0.1344	0.1229	0.0115	0.0956	0.0899	0.0056	0.0388	0.0329	0.0058	0.0172	0.0124	0.0048	0.0103	0.0091	0.0012	0.0070	0.0033	0.0037	11757.8847	9259.3089	0.0000	9841.6998	9283.7102	0.0000	inf	inf	0.0000	0.0006	0.0008	0.0000	0.0010	0.0011	0.0000	0.0000	0.0000	0.0000			
35	53	0.0756	4	0	2	0	0	0	0	0	0	N	Y	N	N	N	N	N	N	N	N	N	N	0.0000	0.0000	0.0000	0.0000	0.0000	0.0000	0.0000	0.0000	0.0000	0.0000	0.0000	0.0000	0.0000	0.0000	0.0000	0.0000	0.0000	0.0000	0.0000	0.0000	3.0004	1.0000	2.0000	5.0000	0.0000	0.0000	0.0000	0.0000	0.0000	0.0000	0.0000	0.0000	0.0000	0.0000	0.0000	0.0000	0.0000	0.0000	0.0000	0.0000	0.0000	0.0000	0.1151	0.1009	0.0142	0.0045	0.0042	0.0003	0.1106	0.0966	0.0139	0.0942	0.0507	0.0435	0.0017	0.0017	0.0000	0.0925	0.0491	0.0435	0.0000	0.0000	0.0000	0.0000	0.0000	0.0000	0.0000	0.0000	0.0000	0.0000	0.0000	0.0000	0.0000	0.0000	0.0000	0.0000	0.0000	0.0000											
35	54	0.0604	3	0	1	0	0	0	0	0	0	N	N	N	N	N	N	N	N	N	N	N	N	0.0000	0.0000	0.0000	0.0000	0.0000	0.0000	0.0000	0.0000	0.0000	0.0000	0.0000	0.0000	0.0000	0.0000	0.0000	0.0000	0.0000	0.0000	0.0000	0.0000	3.0004	0.0000	2.0000	2.9157	0.0000	0.0000	0.0000	0.0000	0.0000	0.0000	0.0000	0.0000	0.0000	0.0000	0.0000	0.0000	0.0000	0.0000	0.0000	0.0000	0.0000	0.0000	0.0000	0.0000	0.0000	0.0000	0.0000	0.0000	0.0000	0.0000	0.0000	0.0565	0.0303	0.0262	0.0046	0.0045	0.0000	0.0520	0.0258	0.0262	0.0000	0.0000	0.0000	0.0000	0.0000	0.0000	0.0000	0.0000	0.0000	0.0000	0.0000	0.0000	0.0000	0.0000	0.0000	0.0000	0.0000	0.0000											
35	55	0.6325	7	0	2	0	0	0	0	0	0	N	Y	N	N	N	N	N	N	N	N	N	N	0.0000	0.0000	0.0000	0.0000	0.0000	0.0000	0.0000	0.0000	0.0000	0.0000	0.0000	0.0000	0.0000	0.0000	0.0000	0.0000	0.0000	0.0000	0.0000	0.0000	3.0004	2.0000	2.0000	3.0000	0.0000	0.0000	0.0000	0.0000	0.0000	0.0000	0.0000	0.0000	0.0000	0.0000	0.0000	0.0000	0.0000	0.0000	0.0000	0.0000	0.0000	0.0000	0.2433	0.2206	0.0227	0.1374	0.1300	0.0074	0.1059	0.0907	0.0152	0.0344	0.0210	0.0134	0.0175	0.0152	0.0023	0.0169	0.0058	0.0111	0.0000	0.0000	0.0000	0.0000	0.0000	0.0000	0.0000	0.0000	0.0000	0.0000	0.0000	0.0000	0.0000	0.0000	0.0000	0.0000	0.0000	0.0000											
35	56	0.0526	2	0	2	0	1	0	0	0	0	N	Y	N	N	N	N	N	N	N	N	N	N	0.0000	0.0000	0.0000	0.0000	0.0000	0.0000	0.0000	0.0000	0.0000	0.0000	0.0000	0.0000	0.0000	0.0000	0.0000	0.0000	0.0000	0.0000	0.0000	0.0000	3.0004	1.7218	2.0000	6.9557	0.0000	0.0000	0.0000	0.0000	0.0000	0.0000	0.0000	0.0000	0.0000	0.0000	0.0000	0.0000	0.0000	0.0000	0.0000	0.0000	0.0000	0.0000	0.2533	0.2257	0.0276	0.0359	0.0353	0.0006	0.2174	0.1904	0.0270	0.1325	0.0711	0.0614	0.0037	0.0037	0.0000	0.1288	0.0674	0.0614	0.0000	0.0000	0.0000	0.0000	0.0000	0.0000	0.0000	0.0000	0.0000	0.0000	0.0000	0.0000	0.0000	0.0000	0.0000	0.0000	0.0000	0.0000											
35	57	0.0637	2	1	1	1	0	0	0	0	0	N	N	N	N	N	N	N	N	N	N	N	N	0.0000	0.0000	0.0000	0.0000	0.0000	0.0000	0.0000	0.0000	0.0000	0.0000	0.0000	0.0000	0.0000	0.0000	0.0000	0.0000	0.0000	0.0000	0.0000	0.0000	3.0004	8.9999	2.0000	5.0001	0.0000	0.0000	0.0000	0.0000	0.0000	0.0000	0.0000	0.0000	0.0000	0.0000	0.0000	0.0000	0.0000	0.0000	0.0000	0.0000	0.0000	0.0000	0.7470	0.6714	0.0756	0.3448	0.3232	0.0216	0.4022	0.3482	0.0539	0.1148	0.0481	0.0667	0.0010	0.0009	0.0000	0.1138	0.0472	0.0666	0.0000	0.0000	0.0000	0.0000	0.0000	0.0000	0.0000	0.0000	0.0000	0.0000	0.0000	0.0000	0.0000	0.0000	0.0000	0.0000	0.0000	0.0000											
35	58	0.5786	4	1	1	1	0	0	0	0	0	N	N	N	N	N	N	N	N	N	N	N	N	0.0000	0.0000	0.0000	0.0000	0.0000	0.0000	0.0000	0.0000	0.0000	0.0000	0.0000	0.0000	0.0000	0.0000	0.0000	0.0000	0.0000	0.0000	0.0000	0.0000	3.0004	0.0000	2.0000	1.0000	0.0000	0.0000	0.0000	0.0000	0.0000	0.0000	0.0000	0.0000	0.0000	0.0000	0.0000	0.0000	0.0000	0.0000	0.0000	0.0000	0.0000	0.0000	0.0000	0.0000	0.0000	0.0000	0.0000	0.0000	0.0000	0.0000	0.0000	0.0050	0.0024	0.0025	0.0016	0.0013	0.0002	0.0034	0.0011	0.0023	0.0000	0.0000	0.0000	0.0000	0.0000	0.0000	0.0000	0.0000	0.0000	0.0000	0.0000	0.0000	0.0000	0.0000	0.0000	0.0000	0.0000	0.0000											
35	59	0.0892	3	0	1	1	0	0	0	0	0	N	N	N	N	N	N	N	N	N	N	N	N	0.0000	0.0000	0.0000	0.0000	0.0000	0.0000	0.0000	0.0000	0.0000	0.0000	0.0000	0.0000	0.0000	0.0718	0.1146	0.0000	0.0678	0.0785	0.0000	0.0000	0.0000	0.0000	0.0000	0.0000	-0.0001	3.0004	0.0006	2.0000	1.1867	0.0000	0.0000	0.0000	0.0000	0.0000	0.0000	0.0000	0.0000	0.0000	0.0001	0.0001	0.0000	0.0001	0.0001	0.0000	0.0000	0.0000	0.0000	0.0002	0.0002	0.0000	0.0001	0.0001	0.0000	0.0001	0.0001	0.0000	0.0308	0.0213	0.0094	0.0120	0.0101	0.0019	0.0188	0.0112	0.0076	0.0000	0.0000	0.0000	0.0000	0.0000	0.0000	0.0000	0.0000	0.0000	0.0033	0.0047	0.0000	0.0083	0.0099	0.0000	0.0000	0.0000	0.0000						
35	60	0.0526	2	0	1	0	0	0	0	0	0	N	N	N	N	N	N	N	N	N	N	N	N	0.0000	0.0000	0.0000	0.0000	0.0000	0.0000	0.0000	0.0000	0.0000	0.0000	0.0000	0.0000	0.0000	0.0000	0.0000	0.0059	0.0048	0.0008	0.0000	0.0000	0.0000	0.0020	0.0192	0.0008	0.6667	0.0000	-0.0000	3.0004	2.2785	2.0000	4.8627	0.0000	0.0000	0.0000	0.0000	0.0000	0.0000	0.0000	0.0000	0.0000	0.0001	0.0001	0.0000	0.0000	0.0000	0.0000	0.0001	0.0001	0.0000	0.3102	0.2756	0.0346	0.0375	0.0367	0.0008	0.2727	0.2389	0.0338	0.1132	0.0610	0.0522	0.0034	0.0034	0.0000	0.1098	0.0576	0.0522	0.0000	0.0000	0.0000	0.0000	0.0000	0.0000	0.0000	0.0000	0.0000	0.0009	0.0010	0.0008	0.0000	0.0000	0.0000	0.0009	0.0010	0.0008				
35	61	0.6566	8	0	1	1	0	0	0	0	0	N	N	N	N	N	N	N	N	N	N	N	N	1781.4571	1099.1340	1028.0078	1157.1995	inf	inf	0.5863	0.6426	0.0000	0.8432	0.8970	0.0000	0.0037	0.0044	0.0000	0.0003	0.0006	0.0000	0.0008	0.0008	0.0000	0.0000	0.0000	0.0000	0.0000	0.0000	-0.0228	-0.0000	3.0004	1.0901	2.0000	7.9319	0.0875	0.0875	0.0000	0.0873	0.0873	0.0000	0.0002	0.0002	0.0000	0.0000	0.0000	0.0000	0.0000	0.0000	0.0000	0.0000	0.0000	0.0000	0.1492	0.1361	0.0131	0.1036	0.0973	0.0062	0.0457	0.0388	0.0069	0.0717	0.0440	0.0277	0.0352	0.0306	0.0046	0.0365	0.0134	0.0231	4202.8794	2826.0482	0.0000	2970.3204	2743.2294	0.0000	inf	inf	0.0000	0.0001	0.0002	0.0000	0.0003	0.0003	0.0000	0.0000	0.0000	0.0000			
35	62	0.6265	7	0	1	0	0	0	0	0	0	N	N	N	N	N	N	N	N	N	N	N	N	135.8093	91.7453	inf	491.8153	593.8949	inf	0.0000	0.0000	0.4034	0.4439	0.0005	0.7142	0.7532	0.0016	0.0000	0.0000	0.0000	0.0030	0.0048	0.0000	0.0015	0.0013	0.0000	0.0008	0.0344	0.0000	0.0001	0.0000	-0.0228	-0.0000	3.0004	1.6797	2.0000	2.9843	0.0878	0.0878	0.0000	0.0878	0.0878	0.0000	0.0000	0.0000	0.0000	0.0000	0.0000	0.0000	0.0000	0.0000	0.0000	0.0000	0.0000	0.0000	0.2176	0.1977	0.0199	0.1229	0.1165	0.0064	0.0947	0.0812	0.0135	0.0328	0.0201	0.0127	0.0163	0.0142	0.0021	0.0165	0.0059	0.0106	661.2793	445.7493	inf	1162.5924	1067.1149	inf	0.0000	0.0000	0.0000	0.0006	0.0010	0.0000	0.0006	0.0007	0.0000	0.0006	0.0017	0.0000	
35	63	0.6163	6	0	1	0	0	0	0	0	0	N	N	N	N	N	N	N	N	N	N	N	N	0.0186	0.0104	0.0821	0.0790	0.0000	0.0000	0.0042	0.0045	0.0000	0.0078	0.0080	0.0000	0.0000	0.0000	0.0000	0.2252	0.4361	0.0000	0.0946	0.1014	0.0000	0.0047	0.1527	0.0000	0.0000	0.0000	-0.0001	-0.0000	3.0004	0.4935	2.0000	1.5835	0.0005	0.0005	0.0000	0.0005	0.0005	0.0000	0.0000	0.0000	0.0000	0.0001	0.0001	0.0000	0.0001	0.0001	0.0000	0.0000	0.0000	0.0000	0.1192	0.1100	0.0092	0.0644	0.0624	0.0020	0.0549	0.0476	0.0072	0.0146	0.0089	0.0057	0.0074	0.0065	0.0010	0.0071	0.0024	0.0047	0.7644	0.5051	0.0000	0.8262	0.7395	0.0000	0.0000	0.0000	0.0000	0.0055	0.0090	0.0000	0.0094	0.0108	0.0000	0.0014	0.0041	0.0000			
35	64	0.6533	8	0	2	0	0	0	0	0	0	N	Y	N	N	N	N	N	N	N	N	N	N	0.0098	0.0075	0.0102	0.0113	inf	inf	0.0084	0.0097	0.0000	0.0101	0.0116	0.0000	0.0020	0.0024	0.0000	0.8596	1.3022	0.0000	0.9850	1.0232	0.0000	0.0000	0.0000	0.0000	0.0000	0.0000	-0.0001	-0.0002	3.0004	0.2944	2.0000	1.0083	0.0004	0.0004	0.0000	0.0004	0.0004	0.0000	0.0000	0.0000	0.0000	0.0003	0.0003	0.0000	0.0003	0.0003	0.0000	0.0000	0.0000	0.0000	0.0465	0.0402	0.0063	0.0367	0.0319	0.0047	0.0099	0.0083	0.0016	0.0090	0.0055	0.0035	0.0047	0.0041	0.0006	0.0043	0.0015	0.0028	0.2517	0.1781	0.0000	0.1582	0.1566	0.0000	inf	inf	0.0000	0.0333	0.0545	0.0000	0.0638	0.0740	0.0000	0.0000	0.0000	0.0000			
35	65	0.6325	7	0	1	0	0	0	0	0	0	N	N	N	N	N	N	N	N	N	N	N	N	0.0040	0.0029	inf	inf	0.0000	0.0000	0.0023	0.0025	0.0000	0.0041	0.0043	0.0000	0.0000	0.0000	0.0000	0.5650	0.8615	0.0000	0.0000	0.0000	0.0000	0.3739	2.3508	0.0000	0.0000	0.0000	-0.0001	-0.0002	3.0004	1.1351	2.0000	2.0429	0.0004	0.0004	0.0000	0.0004	0.0004	0.0000	0.0000	0.0000	0.0000	0.0003	0.0003	0.0000	0.0000	0.0000	0.0000	0.0003	0.0003	0.0000	0.1729	0.1579	0.0151	0.0961	0.0917	0.0044	0.0769	0.0662	0.0107	0.0225	0.0138	0.0087	0.0114	0.0099	0.0015	0.0111	0.0038	0.0072	0.1690	0.1133	0.0000	inf	inf	0.0000	0.0000	0.0000	0.0000	0.0133	0.0218	0.0000	0.0000	0.0000	0.0000	0.0271	0.0780	0.0000			
35	66	0.6163	6	0	1	0	0	0	0	0	0	N	N	N	N	N	N	N	N	N	N	N	N	0.0162	0.0086	0.0655	0.0633	0.0015	0.0016	0.0000	0.0028	0.0029	0.0000	0.0000	0.0000	0.0000	0.0935	0.1895	0.0000	0.0428	0.0457	0.0000	0.0000	0.0000	0.0000	0.0000	0.0000	-0.0000	-0.0000	3.0004	0.4912	2.0000	2.4266	0.0002	0.0002	0.0000	0.0002	0.0002	0.0000	0.0000	0.0000	0.0000	0.0001	0.0001	0.0000	0.0001	0.0001	0.0000	0.0000	0.0000	0.0000	0.1190	0.1098	0.0092	0.0643	0.0623	0.0020	0.0548	0.0476	0.0072	0.0202	0.0123	0.0079	0.0103	0.0090	0.0014	0.0099	0.0034	0.0065	0.4374	0.2888	0.0000	0.4140	0.3703	0.0000	0.0000	0.0000	0.0000	0.0035	0.0057	0.0000	0.0068	0.0078	0.0000	0.0000	0.0000	0.0000					
35	67	0.6112	5	0	1	0	0	0	0	0	0	N	N	N	N	N	N	N	N	N	N	N	N	0.0141	0.0111	0.0135	0.0136	0.0012	0.0001	0.0212	0.0229	0.0000	0.0344	0.0357	0.0000	0.0002	0.0002	0.0000	1.5058	2.0685	0.0000	2.5507	2.6341	0.0000	0.1350	1.6253	0.0000	0.0000	0.0000	-0.0009	-0.0013	3.0004	0.6141	2.0000	1.2701	0.0034	0.0034	0.0000	0.0034	0.0034	0.0000	0.0000	0.0000	0.0000	0.0025	0.0025	0.0000	0.0024	0.0024	0.0000	0.0001	0.0001	0.0000	0.1623	0.1503	0.0120	0.1001	0.0962	0.0038	0.0623	0.0541	0.0082	0.0138	0.0085	0.0053	0.0071	0.0062	0.0009	0.0068	0.0023	0.0044	0.1193	0.0793	0.0000	0.1014	0.0920	0.0000	0.0155	0.0062	0.0000	0.1780	0.2893	0.0000	0.3388	0.3883	0.0000	0.0103	0.0298	0.0000			
35	68	0.5786	4	1	2	1	0	0	0	0	0	N	Y	N	N	N	N	N	N	N	N	N	N	0.0000	0.0000	0.0000	0.0000	0.0000	0.0000	0.0000	0.0000	0.0000	0.0000	0.0000	0.0000	0.0000	0.0000	0.0000	0.0000	0.0000	0.0000	0.0000	0.0000	3.0004	0.0000	2.0000	0.0000	0.0000	0.0000	0.0000	0.0000	0.0000	0.0000	0.0000	0.0000	0.0000	0.0000	0.0000	0.0000	0.0000	0.0000	0.0000	0.0000	0.0000	0.0000	0.0000	0.0000	0.0000	0.0000	0.0000	0.0000	0.0000	0.0000	0.0000	0.0000	0.0000	0.0000	0.0000	0.0000	0.0000	0.0000	0.0000	0.0000	0.0000	0.0000	0.0000	0.0000	0.0000	0.0000	0.0000	0.0000	0.0000	0.0000	0.0000	0.0000	0.0000	0.0000	0.0000	0.0000	0.0000	0.0000											
35	69	0.1090	4	1	2	1	0	0	0	0	0	N	Y	N	N	N	N	N	N	N	N	N	N	0.0000	0.0000	0.0000	0.0000	0.0000	0.0000	0.0000	0.0000	0.0000	0.0000	0.0000	0.0000	0.0000	0.0000	0.0000	0.0000	0.0000	0.0000	0.0000	0.0000	3.0004	1.0000	2.0000	0.0000	0.0000	0.0000	0.0000	0.0000	0.0000	0.0000	0.0000	0.0000	0.0000	0.0000	0.0000	0.0000	0.0000	0.0000	0.0000	0.0000	0.0000	0.0000	0.1412	0.1298	0.0114	0.1025	0.0963	0.0062	0.0387	0.0335	0.0052	0.0089	0.0034	0.0055	0.0002	0.0002	0.0000	0.0087	0.0032	0.0055	0.0000	0.0000	0.0000	0.0000	0.0000	0.0000	0.0000	0.0000	0.0000	0.0000	0.0000	0.0000	0.0000	0.0000	0.0000	0.0000	0.0000	0.0000											
35	70	0.1090	4	1	2	1	0	0	0	0	0	N	Y	N	N	N	N	N	N	N	N	N	N	0.0000	0.0000	0.0000	0.0000	0.0000	0.0000	0.0000	0.0000	0.0000	0.0000	0.0000	0.0000	0.0000	0.0000	0.0000	0.0000	0.0000	0.0000	0.0000	0.0000	3.0004	0.0000	2.0000	0.0000	0.0000	0.0000	0.0000	0.0000	0.0000	0.0000	0.0000	0.0000	0.0000	0.0000	0.0000	0.0000	0.0000	0.0000	0.0000	0.0000	0.0000	0.0000	0.0000	0.0000	0.0000	0.0000	0.0000	0.0000	0.0000	0.0000	0.0000	0.0000	0.0000	0.0000	0.0000	0.0000	0.0000	0.0000	0.0000	0.0000	0.0000	0.0000	0.0000	0.0000	0.0000	0.0000	0.0000	0.0000	0.0000	0.0000	0.0000	0.0000	0.0000	0.0000	0.0000	0.0000	0.0000	0.0000											
35	71	0.0866	3	1	2	1	0	0	0	0	0	N	Y	N	N	N	N	N	N	N	N	N	N	0.0000	0.0000	0.0000	0.0000	0.0000	0.0000	0.0000	0.0000	0.0000	0.0000	0.0000	0.0000	0.0000	0.0000	0.0000	0.0000	0.0000	0.0000	0.0000	0.0000	3.0004	2.0000	2.0000	1.0000	0.0000	0.0000	0.0000	0.0000	0.0000	0.0000	0.0000	0.0000	0.0000	0.0000	0.0000	0.0000	0.0000	0.0000	0.0000	0.0000	0.0000	0.0000	0.2636	0.2415	0.0221	0.1785	0.1674	0.0111	0.0851	0.0741	0.0110	0.0280	0.0109	0.0171	0.0006	0.0005	0.0001	0.0274	0.0104	0.0171	0.0000	0.0000	0.0000	0.0000	0.0000	0.0000	0.0000	0.0000	0.0000	0.0000	0.0000	0.0000	0.0000	0.0000	0.0000	0.0000	0.0000	0.0000											
35	72	0.0637	2	1	1	1	0	0	0	0	0	N	N	N	N	N	N	N	N	N	N	N	N	inf	inf	inf	inf	inf	inf	0.0139	0.0000	0.1433	0.0046	0.0000	0.0753	0.0241	0.0000	0.1762	0.0000	0.0000	0.0000	0.0000	0.0000	0.0000	0.0000	0.0000	0.0000	inf	0.0011	0.0000	3.0004	1.0017	2.0000	2.0007	0.0015	0.0000	0.0015	0.0003	0.0000	0.0003	0.0012	0.0000	0.0012	0.0000	0.0000	0.0000	0.0000	0.0000	0.0000	0.0000	0.0000	0.0000	0.1049	0.0947	0.0102	0.0546	0.0513	0.0033	0.0502	0.0434	0.0069	0.0276	0.0114	0.0162	0.0002	0.0002	0.0000	0.0274	0.0112	0.0162	inf	0.0000	inf	inf	0.0000	inf	inf	0.0000	inf	0.0000	0.0000	0.0000	0.0000	0.0000	0.0000	0.0000	0.0000	0.0000				
35	73	0.5978	5	1	2	0	0	0	0	0	0	N	Y	N	N	N	N	N	N	N	N	N	N	0.0000	0.0000	0.0000	0.0000	0.0000	0.0000	0.0000	0.0000	0.0000	0.0000	0.0000	0.0000	0.0000	0.0000	0.0000	0.0000	0.0000	0.0000	0.0000	0.0000	3.0004	0.0000	2.0000	0.0000	0.0000	0.0000	0.0000	0.0000	0.0000	0.0000	0.0000	0.0000	0.0000	0.0000	0.0000	0.0000	0.0000	0.0000	0.0000	0.0000	0.0000	0.0000	0.0000	0.0000	0.0000	0.0000	0.0000	0.0000	0.0000	0.0000	0.0000	0.0000	0.0000	0.0000	0.0000	0.0000	0.0000	0.0000	0.0000	0.0000	0.0000	0.0000	0.0000	0.0000	0.0000	0.0000	0.0000	0.0000	0.0000	0.0000	0.0000	0.0000	0.0000	0.0000	0.0000	0.0000	0.0000	0.0000											
35	74	0.0907	3	1	2	0	0	0	0	0	0	N	Y	N	N	N	N	N	N	N	N	N	N	0.0000	0.0000	0.0000	0.0000	0.0000	0.0000	0.0000	0.0000	0.0000	0.0000	0.0000	0.0000	0.0000	0.0000	0.0000	0.0000	0.0000	0.0000	0.0000	0.0000	3.0004	0.0000	2.0000	0.0010	0.0000	0.0000	0.0000	0.0000	0.0000	0.0000	0.0000	0.0000	0.0000	0.0000	0.0000	0.0000	0.0000	0.0000	0.0000	0.0000	0.0000	0.0000	0.0000	0.0000	0.0000	0.0000	0.0000	0.0000	0.0000	0.0000	0.0000	0.0039	0.0031	0.0008	0.0020	0.0020	0.0000	0.0020	0.0012	0.0008	0.0000	0.0000	0.0000	0.0000	0.0000	0.0000	0.0000	0.0000	0.0000	0.0000	0.0000	0.0000	0.0000	0.0000	0.0000	0.0000	0.0000	0.0000											
35	75	0.0798	5	0	2	0	1	0	0	0	0	N	Y	N	N	N	N	N	N	N	N	N	N	0.0000	0.0000	0.0000	0.0000	0.0000	0.0000	0.0000	0.0000	0.0000	0.0000	0.0000	0.0000	0.0000	0.0000	0.0000	0.0000	0.0000	0.0000	0.0000	0.0000	3.0004	0.0000	2.0000	0.0000	0.0000	0.0000	0.0000	0.0000	0.0000	0.0000	0.0000	0.0000	0.0000	0.0000	0.0000	0.0000	0.0000	0.0000	0.0000	0.0000	0.0000	0.0000	0.0000	0.0000	0.0000	0.0000	0.0000	0.0000	0.0000	0.0000	0.0000	0.0000	0.0000	0.0000	0.0000	0.0000	0.0000	0.0000	0.0000	0.0000	0.0000	0.0000	0.0000	0.0000	0.0000	0.0000	0.0000	0.0000	0.0000	0.0000	0.0000	0.0000	0.0000	0.0000	0.0000	0.0000	0.0000	0.0000											
35	76	0.0798	5	0	1	0	1	0	0	0	0	N	N	N	N	N	N	N	N	N	N	N	N	0.0000	0.0000	0.0000	0.0000	0.0000	0.0000	0.0000	0.0000	0.0000	0.0000	0.0000	0.0000	0.0000	0.0000	0.0000	0.0000	0.0000	0.0000	0.0000	0.0000	3.0004	0.0000	2.0000	0.0000	0.0000	0.0000	0.0000	0.0000	0.0000	0.0000	0.0000	0.0000	0.0000	0.0000	0.0000	0.0000	0.0000	0.0000	0.0000	0.0000	0.0000	0.0000	0.0000	0.0000	0.0000	0.0000	0.0000	0.0000	0.0000	0.0000	0.0000	0.0000	0.0000	0.0000	0.0000	0.0000	0.0000	0.0000	0.0000	0.0000	0.0000	0.0000	0.0000	0.0000	0.0000	0.0000	0.0000	0.0000	0.0000	0.0000	0.0000	0.0000	0.0000	0.0000	0.0000	0.0000	0.0000	0.0000											
35	77	0.0645	4	0	1	0	1	0	0	0	0	N	N	N	N	N	N	N	N	N	N	N	N	0.0000	0.0000	0.0000	0.0000	0.0000	0.0000	0.0000	0.0000	0.0000	0.0000	0.0000	0.0000	0.0000	0.0010	0.0018	0.0000	0.0022	0.0021	0.0000	0.0000	0.0000	0.0000	0.0000	0.0000	-0.0000	3.0004	0.0002	2.0000	2.9297	0.0000	0.0000	0.0000	0.0000	0.0000	0.0000	0.0000	0.0000	0.0000	0.0000	0.0000	0.0000	0.0000	0.0000	0.0000	0.0000	0.0000	0.0000	0.0000	0.0000	0.0000	0.0000	0.0000	0.0000	0.0000	0.0000	0.0000	0.0852	0.0547	0.0305	0.0322	0.0283	0.0039	0.0530	0.0264	0.0266	0.0000	0.0000	0.0000	0.0000	0.0000	0.0000	0.0000	0.0000	0.0000	0.0004	0.0005	0.0000	0.0009	0.0011	0.0000	0.0000	0.0000	0.0000						
35	78	0.0604	3	0	1	0	1	0	0	0	0	N	N	N	N	N	N	N	N	N	N	N	N	0.0000	0.0000	0.0000	0.0000	0.0000	0.0000	0.0000	0.0000	0.0000	0.0000	0.0000	0.0000	0.0000	0.0000	0.0000	0.0037	0.0033	0.0005	0.0000	0.0000	0.0000	0.0011	0.0191	0.0005	0.5000	0.0000	-0.0000	3.0004	0.0003	2.0000	2.1916	0.0000	0.0000	0.0000	0.0000	0.0000	0.0000	0.0000	0.0000	0.0000	0.0000	0.0000	0.0000	0.0000	0.0000	0.0000	0.0000	0.0000	0.0000	0.0000	0.0000	0.0000	0.0000	0.0000	0.0000	0.0000	0.0000	0.0000	0.0450	0.0241	0.0209	0.0044	0.0044	0.0000	0.0406	0.0197	0.0209	0.0000	0.0000	0.0000	0.0000	0.0000	0.0000	0.0000	0.0000	0.0000	0.0007	0.0008	0.0005	0.0000	0.0000	0.0000	0.0007	0.0010	0.0005				
35	79	0.0526	2	0	1	0	0	0	0	0	0	N	N	N	N	N	N	N	N	N	N	N	N	0.0000	0.0000	0.0000	0.0000	0.0000	0.0000	0.0000	0.0000	0.0000	0.0000	0.0000	0.0000	0.0000	0.0000	0.0000	0.0000	0.0000	0.0000	0.0000	0.0000	3.0004	0.2782	2.0000	1.3600	0.0000	0.0000	0.0000	0.0000	0.0000	0.0000	0.0000	0.0000	0.0000	0.0000	0.0000	0.0000	0.0000	0.0000	0.0000	0.0000	0.0000	0.0000	0.0948	0.0869	0.0078	0.0319	0.0318	0.0001	0.0629	0.0551	0.0077	0.0322	0.0179	0.0143	0.0023	0.0023	0.0000	0.0299	0.0156	0.0143	0.0000	0.0000	0.0000	0.0000	0.0000	0.0000	0.0000	0.0000	0.0000	0.0000	0.0000	0.0000	0.0000	0.0000	0.0000	0.0000	0.0000	0.0000											
35	80	0.0962	4	0	2	1	0	0	0	0	0	N	Y	N	N	N	N	N	N	N	N	N	N	inf	inf	inf	inf	0.4933	0.5418	0.0000	0.7495	0.7860	0.0000	0.0000	0.0000	0.0000	0.0000	0.0000	0.0000	0.0000	0.0000	0.0000	0.0000	0.0000	0.0000	0.0000	-0.0001	0.0000	3.0004	0.0029	2.0000	2.0135	0.0003	0.0003	0.0000	0.0003	0.0003	0.0000	0.0000	0.0000	0.0000	0.0000	0.0000	0.0000	0.0000	0.0000	0.0000	0.0000	0.0000	0.0000	0.0006	0.0006	0.0001	0.0004	0.0004	0.0000	0.0002	0.0002	0.0000	0.0187	0.0082	0.0106	0.0008	0.0007	0.0001	0.0179	0.0074	0.0105	inf	inf	0.0000	inf	inf	0.0000	0.0000	0.0000	0.0000	0.0000	0.0000	0.0000	0.0000	0.0000	0.0000	0.0000	0.0000	0.0000						
35	81	0.0896	3	0	2	0	0	0	0	0	0	N	Y	N	N	N	N	N	N	N	N	N	N	0.0000	0.0000	0.0000	0.0000	0.0000	0.0000	0.0000	0.0000	0.0000	0.0000	0.0000	0.0000	0.0000	0.0029	0.0000	0.0011	0.0000	0.0000	0.0000	0.0009	0.0000	0.0011	inf	0.0000	0.0000	3.0004	0.6188	2.0000	0.9475	0.0000	0.0000	0.0000	0.0000	0.0000	0.0000	0.0000	0.0000	0.0000	0.0000	0.0000	0.0000	0.0000	0.0000	0.0000	0.0000	0.0000	0.0000	0.1132	0.1039	0.0093	0.0699	0.0676	0.0023	0.0433	0.0363	0.0071	0.0167	0.0074	0.0094	0.0016	0.0015	0.0000	0.0151	0.0058	0.0093	0.0000	0.0000	0.0000	0.0000	0.0000	0.0000	0.0000	0.0000	0.0000	0.0006	0.0000	0.0011	0.0000	0.0000	0.0000	0.0007	0.0000	0.0011						
35	82	0.6010	5	0	2	1	0	0	0	0	0	N	Y	N	N	N	N	N	N	N	N	N	N	0.0000	0.0000	0.0000	0.0000	0.0000	0.0000	0.0000	0.0000	0.0000	0.0000	0.0000	0.0000	0.0000	0.0000	0.0000	0.0000	0.0000	0.0000	0.0000	0.0000	3.0004	0.0000	2.0000	1.0000	0.0000	0.0000	0.0000	0.0000	0.0000	0.0000	0.0000	0.0000	0.0000	0.0000	0.0000	0.0000	0.0000	0.0000	0.0000	0.0000	0.0000	0.0000	0.0000	0.0000	0.0000	0.0000	0.0000	0.0000	0.0000	0.0000	0.0000	0.0086	0.0048	0.0037	0.0038	0.0033	0.0005	0.0048	0.0016	0.0032	0.0000	0.0000	0.0000	0.0000	0.0000	0.0000	0.0000	0.0000	0.0000	0.0000	0.0000	0.0000	0.0000	0.0000	0.0000	0.0000	0.0000	0.0000											
35	83	0.0637	2	1	1	1	0	0	0	0	0	N	N	N	N	N	N	N	N	N	N	N	N	0.0000	0.0000	0.0000	0.0000	0.0000	0.0000	0.0000	0.0000	0.0000	0.0000	0.0000	0.0000	0.0000	0.0000	0.0000	0.0000	0.0000	0.0000	0.0000	0.0000	3.0004	9.0001	2.0000	3.0001	0.0000	0.0000	0.0000	0.0000	0.0000	0.0000	0.0000	0.0000	0.0000	0.0000	0.0000	0.0000	0.0000	0.0000	0.0000	0.0000	0.0000	0.0000	0.7470	0.6714	0.0756	0.3448	0.3232	0.0216	0.4022	0.3482	0.0539	0.1004	0.0420	0.0584	0.0008	0.0008	0.0000	0.0995	0.0412	0.0584	0.0000	0.0000	0.0000	0.0000	0.0000	0.0000	0.0000	0.0000	0.0000	0.0000	0.0000	0.0000	0.0000	0.0000	0.0000	0.0000	0.0000	0.0000											
35	84	0.5786	4	1	1	1	0	0	0	0	0	N	N	N	N	N	N	N	N	N	N	N	N	0.0000	0.0000	0.0000	0.0000	0.0000	0.0000	0.0000	0.0000	0.0000	0.0000	0.0000	0.0000	0.0000	0.0000	0.0000	0.0000	0.0000	0.0000	0.0000	0.0000	3.0004	4.0000	2.0000	0.0000	0.0000	0.0000	0.0000	0.0000	0.0000	0.0000	0.0000	0.0000	0.0000	0.0000	0.0000	0.0000	0.0000	0.0000	0.0000	0.0000	0.0000	0.0000	0.2705	0.2440	0.0265	0.1675	0.1557	0.0118	0.1030	0.0883	0.0147	0.0191	0.0094	0.0097	0.0061	0.0052	0.0009	0.0130	0.0042	0.0088	0.0000	0.0000	0.0000	0.0000	0.0000	0.0000	0.0000	0.0000	0.0000	0.0000	0.0000	0.0000	0.0000	0.0000	0.0000	0.0000	0.0000	0.0000											
35	85	0.6247	5	1	2	0	0	0	0	0	0	N	Y	N	N	N	N	N	N	N	N	N	N	0.1227	0.0885	0.3557	0.3665	0.0028	0.0032	0.0000	0.0057	0.0061	0.0000	0.0000	0.0000	0.0000	0.0231	0.0357	0.0000	0.0161	0.0166	0.0000	0.0000	0.0000	0.0000	0.0000	0.0000	-0.0001	-0.0000	3.0004	1.0086	2.0000	1.7435	0.0003	0.0003	0.0000	0.0003	0.0003	0.0000	0.0000	0.0000	0.0000	0.0001	0.0001	0.0000	0.0001	0.0001	0.0000	0.0000	0.0000	0.0000	0.0954	0.0855	0.0099	0.0472	0.0445	0.0028	0.0482	0.0411	0.0071	0.0293	0.0184	0.0109	0.0144	0.0129	0.0015	0.0149	0.0054	0.0094	1.3816	0.9658	0.0000	1.3754	1.3075	0.0000	0.0000	0.0000	0.0000	0.0020	0.0033	0.0000	0.0042	0.0046	0.0000	0.0000	0.0000	0.0000					
35	86	0.5786	4	1	2	0	0	0	0	0	0	N	Y	N	N	N	N	N	N	N	N	N	N	577.8484	182.5238	inf	inf	0.0000	0.0000	13.3417	14.7999	0.0000	21.0821	22.7125	0.0000	0.0000	0.0000	0.0000	0.0231	0.0811	0.0000	0.0000	0.0000	0.0000	0.0199	0.7008	0.0000	0.0000	0.0000	-0.2601	-0.0000	3.0004	1.0165	2.0000	4.1395	0.9997	0.9997	0.0000	0.9997	0.9997	0.0000	0.0000	0.0000	0.0000	0.0001	0.0001	0.0000	0.0000	0.0000	0.0000	0.0001	0.0001	0.0000	0.0749	0.0675	0.0074	0.0474	0.0440	0.0034	0.0275	0.0235	0.0040	0.0243	0.0120	0.0123	0.0078	0.0067	0.0012	0.0165	0.0053	0.0111	6489.3851	3550.8582	0.0000	inf	inf	0.0000	0.0000	0.0000	0.0000	0.0021	0.0042	0.0000	0.0000	0.0000	0.0000	0.0030	0.0094	0.0000			
35	88	0.6010	5	0	2	0	0	0	0	0	0	N	Y	N	N	N	N	N	N	N	N	N	N	0.0000	0.0000	0.0000	0.0000	0.0000	0.0000	0.0000	0.0000	0.0000	0.0000	0.0000	0.0000	0.0000	0.0000	0.0000	0.0000	0.0000	0.0000	0.0000	0.0000	3.0004	0.0000	2.0000	0.0000	0.0000	0.0000	0.0000	0.0000	0.0000	0.0000	0.0000	0.0000	0.0000	0.0000	0.0000	0.0000	0.0000	0.0000	0.0000	0.0000	0.0000	0.0000	0.0000	0.0000	0.0000	0.0000	0.0000	0.0000	0.0000	0.0000	0.0000	0.0000	0.0000	0.0000	0.0000	0.0000	0.0000	0.0000	0.0000	0.0000	0.0000	0.0000	0.0000	0.0000	0.0000	0.0000	0.0000	0.0000	0.0000	0.0000	0.0000	0.0000	0.0000	0.0000	0.0000	0.0000	0.0000	0.0000											
35	89	0.0896	3	0	2	0	0	0	0	0	0	N	Y	N	N	N	N	N	N	N	N	N	N	0.0000	0.0000	0.0000	0.0000	0.0000	0.0000	0.0000	0.0000	0.0000	0.0000	0.0000	0.0000	0.0000	0.0000	0.0000	0.0000	0.0000	0.0000	0.0000	0.0000	3.0004	1.9953	2.0000	1.0817	0.0000	0.0000	0.0000	0.0000	0.0000	0.0000	0.0000	0.0000	0.0000	0.0000	0.0000	0.0000	0.0000	0.0000	0.0000	0.0000	0.0000	0.0000	0.2241	0.2035	0.0206	0.1157	0.1108	0.0049	0.1084	0.0927	0.0157	0.0302	0.0131	0.0171	0.0019	0.0018	0.0001	0.0282	0.0113	0.0170	0.0000	0.0000	0.0000	0.0000	0.0000	0.0000	0.0000	0.0000	0.0000	0.0000	0.0000	0.0000	0.0000	0.0000	0.0000	0.0000	0.0000	0.0000											
35	90	0.0637	2	0	2	0	0	0	0	0	0	N	Y	N	N	N	N	N	N	N	N	N	N	0.0000	0.0000	0.0000	0.0000	0.0000	0.0000	0.0000	0.0000	0.0000	0.0000	0.0000	0.0000	0.0000	0.0000	0.0000	0.0000	0.0000	0.0000	0.0000	0.0000	3.0004	2.3999	2.0000	4.0713	0.0000	0.0000	0.0000	0.0000	0.0000	0.0000	0.0000	0.0000	0.0000	0.0000	0.0000	0.0000	0.0000	0.0000	0.0000	0.0000	0.0000	0.0000	0.2392	0.2157	0.0235	0.1217	0.1143	0.0075	0.1175	0.1014	0.0160	0.0573	0.0238	0.0336	0.0005	0.0005	0.0000	0.0568	0.0233	0.0335	0.0000	0.0000	0.0000	0.0000	0.0000	0.0000	0.0000	0.0000	0.0000	0.0000	0.0000	0.0000	0.0000	0.0000	0.0000	0.0000	0.0000	0.0000											
35	91	0.0847	3	0	1	1	0	0	0	0	0	N	N	N	N	N	N	N	N	N	N	N	N	0.0000	0.0000	0.0000	0.0000	0.0000	0.0000	0.0000	0.0000	0.0000	0.0000	0.0000	0.0000	0.0000	0.0000	0.0000	0.0000	0.0000	0.0000	0.0000	0.0000	3.0004	0.0000	2.0000	0.0000	0.0000	0.0000	0.0000	0.0000	0.0000	0.0000	0.0000	0.0000	0.0000	0.0000	0.0000	0.0000	0.0000	0.0000	0.0000	0.0000	0.0000	0.0000	0.0000	0.0000	0.0000	0.0000	0.0000	0.0000	0.0000	0.0000	0.0000	0.0000	0.0000	0.0000	0.0000	0.0000	0.0000	0.0000	0.0000	0.0000	0.0000	0.0000	0.0000	0.0000	0.0000	0.0000	0.0000	0.0000	0.0000	0.0000	0.0000	0.0000	0.0000	0.0000	0.0000	0.0000	0.0000	0.0000											
35	92	0.0526	2	0	1	1	0	0	0	0	0	N	N	N	N	N	N	N	N	N	N	N	N	inf	inf	inf	inf	2.2319	0.0000	19.4789	0.0000	0.0000	0.0000	2.4590	0.0000	19.9642	0.0000	0.0000	0.0000	0.0000	0.0000	0.0000	0.0000	0.0000	0.0000	inf	0.7398	0.0000	3.0004	3.7221	2.0000	2.9993	1.0000	0.0000	1.0000	0.0000	0.0000	0.0000	1.0000	0.0000	1.0000	0.0000	0.0000	0.0000	0.0000	0.0000	0.0000	0.0000	0.0000	0.0000	0.4480	0.3967	0.0513	0.0414	0.0401	0.0012	0.4067	0.3566	0.0501	0.1077	0.0581	0.0496	0.0033	0.0033	0.0000	0.1044	0.0548	0.0496	inf	0.0000	inf	0.0000	0.0000	0.0000	inf	0.0000	inf	0.0000	0.0000	0.0000	0.0000	0.0000	0.0000	0.0000	0.0000	0.0000						
35	94	0.0799	3	1	2	0	0	0	0	0	0	N	Y	N	N	N	N	N	N	N	N	N	N	0.0000	0.0000	0.0000	0.0000	0.0000	0.0000	0.0000	0.0000	0.0000	0.0000	0.0000	0.0000	0.0000	0.0000	0.0000	0.0000	0.0000	0.0000	0.0000	0.0000	3.0004	5.9980	2.0000	4.9575	0.0000	0.0000	0.0000	0.0000	0.0000	0.0000	0.0000	0.0000	0.0000	0.0000	0.0000	0.0000	0.0000	0.0000	0.0000	0.0000	0.0000	0.0000	0.5418	0.4920	0.0498	0.2773	0.2626	0.0147	0.2645	0.2294	0.0351	0.0874	0.0384	0.0490	0.0025	0.0023	0.0001	0.0849	0.0361	0.0489	0.0000	0.0000	0.0000	0.0000	0.0000	0.0000	0.0000	0.0000	0.0000	0.0000	0.0000	0.0000	0.0000	0.0000	0.0000	0.0000	0.0000	0.0000											
35	95	0.6010	5	1	2	0	0	0	0	0	0	N	Y	N	N	N	N	N	N	N	N	N	N	0.0000	0.0000	0.0000	0.0000	0.0000	0.0000	0.0000	0.0000	0.0000	0.0000	0.0000	0.0000	0.0000	0.0000	0.0000	0.0000	0.0000	0.0000	0.0000	0.0000	3.0004	0.0000	2.0000	2.0000	0.0000	0.0000	0.0000	0.0000	0.0000	0.0000	0.0000	0.0000	0.0000	0.0000	0.0000	0.0000	0.0000	0.0000	0.0000	0.0000	0.0000	0.0000	0.0000	0.0000	0.0000	0.0000	0.0000	0.0000	0.0000	0.0000	0.0000	0.0169	0.0096	0.0074	0.0075	0.0065	0.0011	0.0094	0.0031	0.0063	0.0000	0.0000	0.0000	0.0000	0.0000	0.0000	0.0000	0.0000	0.0000	0.0000	0.0000	0.0000	0.0000	0.0000	0.0000	0.0000	0.0000	0.0000											
35	96	0.5786	4	0	2	0	0	0	0	0	0	N	Y	N	N	N	N	N	N	N	N	N	N	0.0000	0.0000	0.0000	0.0000	0.0000	0.0000	0.0000	0.0000	0.0000	0.0000	0.0000	0.0000	0.0000	0.0000	0.0000	0.0000	0.0000	0.0000	0.0000	0.0000	3.0004	4.0000	2.0000	0.0000	0.0000	0.0000	0.0000	0.0000	0.0000	0.0000	0.0000	0.0000	0.0000	0.0000	0.0000	0.0000	0.0000	0.0000	0.0000	0.0000	0.0000	0.0000	0.2705	0.2440	0.0265	0.1675	0.1557	0.0118	0.1030	0.0883	0.0147	0.0191	0.0094	0.0097	0.0061	0.0052	0.0009	0.0130	0.0042	0.0088	0.0000	0.0000	0.0000	0.0000	0.0000	0.0000	0.0000	0.0000	0.0000	0.0000	0.0000	0.0000	0.0000	0.0000	0.0000	0.0000	0.0000	0.0000											
35	98	0.5786	4	0	1	0	0	0	0	0	0	N	N	N	N	N	N	N	N	N	N	N	N	0.0000	0.0000	0.0000	0.0000	0.0000	0.0000	0.0000	0.0000	0.0000	0.0000	0.0000	0.0000	0.0000	0.0000	0.0000	0.0000	0.0000	0.0000	0.0000	0.0000	3.0004	1.0000	2.0000	0.0000	0.0000	0.0000	0.0000	0.0000	0.0000	0.0000	0.0000	0.0000	0.0000	0.0000	0.0000	0.0000	0.0000	0.0000	0.0000	0.0000	0.0000	0.0000	0.1326	0.1196	0.0130	0.0834	0.0774	0.0060	0.0492	0.0421	0.0071	0.0091	0.0044	0.0046	0.0029	0.0025	0.0004	0.0062	0.0020	0.0042	0.0000	0.0000	0.0000	0.0000	0.0000	0.0000	0.0000	0.0000	0.0000	0.0000	0.0000	0.0000	0.0000	0.0000	0.0000	0.0000	0.0000	0.0000											
35	99	0.1334	2	0	1	0	0	0	0	0	0	N	N	N	N	N	N	N	N	N	N	N	N	0.0922	0.0514	0.1051	0.1191	0.0001	0.0001	0.0000	0.0005	0.0006	0.0000	0.0000	0.0000	0.0000	0.0012	0.0025	0.0000	0.0052	0.0047	0.0000	0.0000	0.0000	0.0000	0.0000	0.0000	-0.0000	-0.0000	3.0004	1.5982	2.0000	11.1970	0.0000	0.0000	0.0000	0.0000	0.0000	0.0000	0.0000	0.0000	0.0000	0.0001	0.0001	0.0000	0.0001	0.0001	0.0000	0.0000	0.0000	0.0000	0.2694	0.2376	0.0318	0.0547	0.0537	0.0010	0.2148	0.1839	0.0308	0.2325	0.1333	0.0991	0.0456	0.0427	0.0030	0.1869	0.0907	0.0962	0.2876	0.1870	0.0000	0.2781	0.2648	0.0000	0.0000	0.0000	0.0000	0.0004	0.0007	0.0000	0.0020	0.0021	0.0000	0.0000	0.0000	0.0000					
35	100	0.0814	4	1	2	1	0	0	0	0	0	N	Y	N	N	N	N	N	N	N	N	N	N	0.0000	0.0000	0.0000	0.0000	0.0000	0.0000	0.0000	0.0000	0.0000	0.0000	0.0000	0.0000	0.0000	0.0000	0.0000	0.0000	0.0000	0.0000	0.0000	0.0000	3.0004	0.0000	2.0000	0.9982	0.0000	0.0000	0.0000	0.0000	0.0000	0.0000	0.0000	0.0000	0.0000	0.0000	0.0000	0.0000	0.0000	0.0000	0.0000	0.0000	0.0000	0.0000	0.0112	0.0104	0.0007	0.0093	0.0091	0.0003	0.0018	0.0014	0.0005	0.0089	0.0039	0.0050	0.0003	0.0003	0.0000	0.0086	0.0036	0.0050	0.0000	0.0000	0.0000	0.0000	0.0000	0.0000	0.0000	0.0000	0.0000	0.0000	0.0000	0.0000	0.0000	0.0000	0.0000	0.0000	0.0000	0.0000											
35	101	0.6133	7	1	2	1	0	0	0	0	0	N	Y	N	N	N	N	N	N	N	N	N	N	0.0000	0.0000	0.0000	0.0000	0.0000	0.0000	0.0000	0.0000	0.0000	0.0000	0.0000	0.0000	0.0000	0.0000	0.0000	0.0000	0.0000	0.0000	0.0000	0.0000	3.0004	0.0000	2.0000	0.0000	0.0000	0.0000	0.0000	0.0000	0.0000	0.0000	0.0000	0.0000	0.0000	0.0000	0.0000	0.0000	0.0000	0.0000	0.0000	0.0000	0.0000	0.0000	0.0000	0.0000	0.0000	0.0000	0.0000	0.0000	0.0000	0.0000	0.0000	0.0000	0.0000	0.0000	0.0000	0.0000	0.0000	0.0000	0.0000	0.0000	0.0000	0.0000	0.0000	0.0000	0.0000	0.0000	0.0000	0.0000	0.0000	0.0000	0.0000	0.0000	0.0000	0.0000	0.0000	0.0000	0.0000	0.0000											
35	102	0.6133	6	1	1	1	0	0	0	0	0	N	N	N	N	N	N	N	N	N	N	N	N	0.0000	0.0000	0.0000	0.0000	0.0000	0.0000	0.0000	0.0000	0.0000	0.0000	0.0000	0.0000	0.0000	0.0000	0.0000	0.0000	0.0000	0.0000	0.0000	0.0000	3.0004	0.0000	2.0000	0.0000	0.0000	0.0000	0.0000	0.0000	0.0000	0.0000	0.0000	0.0000	0.0000	0.0000	0.0000	0.0000	0.0000	0.0000	0.0000	0.0000	0.0000	0.0000	0.0000	0.0000	0.0000	0.0000	0.0000	0.0000	0.0000	0.0000	0.0000	0.0000	0.0000	0.0000	0.0000	0.0000	0.0000	0.0000	0.0000	0.0000	0.0000	0.0000	0.0000	0.0000	0.0000	0.0000	0.0000	0.0000	0.0000	0.0000	0.0000	0.0000	0.0000	0.0000	0.0000	0.0000	0.0000	0.0000											
35	103	0.6072	5	1	1	1	0	0	0	0	0	N	N	N	N	N	N	N	N	N	N	N	N	0.0000	0.0000	0.0000	0.0000	0.0000	0.0000	0.0000	0.0000	0.0000	0.0000	0.0000	0.0000	0.0000	0.0000	0.0000	0.0000	0.0000	0.0000	0.0000	0.0000	3.0004	0.0000	2.0000	1.0091	0.0000	0.0000	0.0000	0.0000	0.0000	0.0000	0.0000	0.0000	0.0000	0.0000	0.0000	0.0000	0.0000	0.0000	0.0000	0.0000	0.0000	0.0000	0.0000	0.0000	0.0000	0.0000	0.0000	0.0000	0.0000	0.0000	0.0000	0.0079	0.0047	0.0032	0.0039	0.0033	0.0005	0.0040	0.0013	0.0027	0.0000	0.0000	0.0000	0.0000	0.0000	0.0000	0.0000	0.0000	0.0000	0.0000	0.0000	0.0000	0.0000	0.0000	0.0000	0.0000	0.0000	0.0000											
35	105	0.0849	5	1	1	1	0	0	0	0	0	N	N	N	N	N	N	N	N	N	N	N	N	0.0000	0.0000	0.0000	0.0000	0.0000	0.0000	0.0000	0.0000	0.0000	0.0000	0.0000	0.0000	0.0000	0.0088	0.0247	0.0000	0.6726	0.6410	0.0000	0.0000	0.0000	0.0000	0.0000	0.0000	-0.0000	3.0004	1.0000	2.0000	1.0005	0.0000	0.0000	0.0000	0.0000	0.0000	0.0000	0.0000	0.0000	0.0000	0.0000	0.0000	0.0000	0.0000	0.0000	0.0000	0.0000	0.0000	0.0000	0.1024	0.0932	0.0092	0.0552	0.0524	0.0028	0.0472	0.0408	0.0063	0.0175	0.0076	0.0099	0.0005	0.0004	0.0000	0.0170	0.0071	0.0099	0.0000	0.0000	0.0000	0.0000	0.0000	0.0000	0.0000	0.0000	0.0000	0.0011	0.0026	0.0000	0.0437	0.0459	0.0000	0.0000	0.0000	0.0000						
35	106	0.0814	4	1	1	1	0	0	0	0	0	N	N	N	N	N	N	N	N	N	N	N	N	0.0000	0.0000	0.0000	0.0000	0.0000	0.0000	0.0000	0.0000	0.0000	0.0000	0.0000	0.0000	0.0000	0.0000	0.0000	0.0496	0.0391	0.0026	0.0000	0.0000	0.0000	0.0197	0.1197	0.0026	1.0000	0.0000	-0.0000	3.0004	0.7249	2.0000	0.0368	0.0000	0.0000	0.0000	0.0000	0.0000	0.0000	0.0000	0.0000	0.0000	0.0000	0.0000	0.0000	0.0000	0.0000	0.0000	0.0000	0.0000	0.0000	0.0856	0.0781	0.0074	0.0494	0.0470	0.0023	0.0362	0.0311	0.0051	0.0068	0.0030	0.0039	0.0002	0.0002	0.0000	0.0066	0.0028	0.0039	0.0000	0.0000	0.0000	0.0000	0.0000	0.0000	0.0000	0.0000	0.0000	0.0029	0.0034	0.0026	0.0000	0.0000	0.0000	0.0030	0.0036	0.0026				
35	107	0.0799	3	1	1	1	0	0	0	0	0	N	N	N	N	N	N	N	N	N	N	N	N	0.0000	0.0000	0.0000	0.0000	0.0000	0.0000	0.0000	0.0000	0.0000	0.0000	0.0000	0.0000	0.0000	0.2711	0.6327	0.0000	1.2273	1.1778	0.0000	0.0000	0.0000	0.0000	0.0000	0.0000	-0.0000	3.0004	0.4159	2.0000	0.0887	0.0000	0.0000	0.0000	0.0000	0.0000	0.0000	0.0000	0.0000	0.0000	0.0000	0.0000	0.0000	0.0000	0.0000	0.0000	0.0000	0.0000	0.0000	0.0543	0.0500	0.0043	0.0341	0.0325	0.0016	0.0201	0.0174	0.0027	0.0049	0.0022	0.0027	0.0003	0.0003	0.0000	0.0046	0.0019	0.0027	0.0000	0.0000	0.0000	0.0000	0.0000	0.0000	0.0000	0.0000	0.0000	0.0061	0.0134	0.0000	0.0867	0.0883	0.0000	0.0000	0.0000	0.0000						
35	108	0.0637	2	1	1	0	0	0	0	0	0	N	N	N	N	N	N	N	N	N	N	N	N	1.0359	0.0000	inf	inf	inf	6.5861	0.0000	inf	0.0039	0.0000	0.0388	0.0013	0.0000	0.0215	0.0063	0.0000	0.0466	0.0037	0.0096	0.0000	0.0000	0.0000	0.0000	0.0010	0.0321	0.0000	inf	0.0000	0.0011	-0.0000	3.0004	3.9943	2.0000	0.9974	0.0015	0.0000	0.0015	0.0002	0.0000	0.0002	0.0012	0.0000	0.0012	0.0000	0.0000	0.0000	0.0000	0.0000	0.0000	0.0000	0.0000	0.0000	0.3791	0.3415	0.0376	0.1881	0.1765	0.0116	0.1910	0.1650	0.0260	0.0449	0.0186	0.0263	0.0004	0.0004	0.0000	0.0445	0.0182	0.0263	5.7651	0.0000	inf	inf	0.0000	inf	9.4051	0.0000	inf	0.0007	0.0016	0.0000	0.0000	0.0000	0.0000	0.0007	0.0016	0.0000	
35	109	0.6072	5	1	1	1	0	0	0	0	0	N	N	N	N	N	N	N	N	N	N	N	N	0.0000	0.0000	0.0000	0.0000	0.0000	0.0000	0.0000	0.0000	0.0000	0.0000	0.0000	0.0000	0.0000	0.0000	0.0000	0.0000	0.0000	0.0000	0.0000	0.0000	3.0004	0.0000	2.0000	0.9909	0.0000	0.0000	0.0000	0.0000	0.0000	0.0000	0.0000	0.0000	0.0000	0.0000	0.0000	0.0000	0.0000	0.0000	0.0000	0.0000	0.0000	0.0000	0.0000	0.0000	0.0000	0.0000	0.0000	0.0000	0.0000	0.0000	0.0000	0.0077	0.0046	0.0032	0.0038	0.0033	0.0005	0.0039	0.0013	0.0026	0.0000	0.0000	0.0000	0.0000	0.0000	0.0000	0.0000	0.0000	0.0000	0.0000	0.0000	0.0000	0.0000	0.0000	0.0000	0.0000	0.0000	0.0000											
35	110	0.5786	4	1	1	1	0	0	0	0	0	N	N	N	N	N	N	N	N	N	N	N	N	0.0000	0.0000	0.0000	0.0000	0.0000	0.0000	0.0000	0.0000	0.0000	0.0000	0.0000	0.0000	0.0000	0.0000	0.0000	0.0000	0.0000	0.0000	0.0000	0.0000	3.0004	4.0000	2.0000	0.0000	0.0000	0.0000	0.0000	0.0000	0.0000	0.0000	0.0000	0.0000	0.0000	0.0000	0.0000	0.0000	0.0000	0.0000	0.0000	0.0000	0.0000	0.0000	0.2705	0.2440	0.0265	0.1675	0.1557	0.0118	0.1030	0.0883	0.0147	0.0191	0.0094	0.0097	0.0061	0.0052	0.0009	0.0130	0.0042	0.0088	0.0000	0.0000	0.0000	0.0000	0.0000	0.0000	0.0000	0.0000	0.0000	0.0000	0.0000	0.0000	0.0000	0.0000	0.0000	0.0000	0.0000	0.0000											
35	112	0.0683	2	0	1	1	0	0	0	0	0	N	N	N	N	N	N	N	N	N	N	N	N	0.0000	0.0000	0.0000	0.0000	0.0000	0.0000	0.0000	0.0000	0.0000	0.0000	0.0000	0.0000	0.0000	5.9708	0.0000	30.6353	0.0000	0.0000	0.0000	10.1487	0.0000	34.3159	inf	0.0000	0.0000	3.0004	0.0000	2.0000	0.0001	0.0000	0.0000	0.0000	0.0000	0.0000	0.0000	0.0000	0.0000	0.0000	0.0000	0.0000	0.0000	0.0000	0.0000	0.0000	0.0000	0.0000	0.0000	0.0000	0.0000	0.0000	0.0000	0.0000	0.0000	0.0000	0.0000	0.0000	0.0000	0.0000	0.0000	0.0000	0.0000	0.0000	0.0000	0.0000	0.0000	0.0000	0.0000	0.0000	0.0000	0.0000	0.0000	0.0000	0.0000	0.0000	5.9708	0.0000	22.9603	0.0000	0.0000	0.0000	10.1487	0.0000	23.1171						
35	114	0.6112	5	0	2	0	0	0	0	0	0	N	Y	N	N	N	N	N	N	N	N	N	N	0.1311	0.0886	1095.0770	1246.3012	0.0000	0.0000	2.2176	2.4545	0.0000	3.7631	4.0071	0.0000	0.0001	0.0001	0.0000	16.9094	27.6966	0.0000	0.0034	0.0032	0.0000	34.7717	102.3252	0.0000	0.0000	0.0000	-0.2594	-0.5207	3.0004	4.3361	2.0000	4.6323	0.9970	0.9970	0.0000	0.9970	0.9970	0.0000	0.0000	0.0000	0.0000	0.9976	0.9976	0.0000	0.0000	0.0000	0.0000	0.9976	0.9976	0.0000	0.4496	0.4062	0.0434	0.2649	0.2488	0.0161	0.1847	0.1574	0.0273	0.0590	0.0360	0.0230	0.0303	0.0263	0.0040	0.0287	0.0097	0.0189	0.1311	0.0886	0.0000	2851.4367	2631.7454	0.0000	0.0000	0.0000	0.0000	16.9094	27.6966	0.0000	0.0013	0.0015	0.0000	34.7717	102.3252	0.0000			
35	115	0.5786	4	0	1	0	0	0	0	0	0	N	N	N	N	N	N	N	N	N	N	N	N	0.0146	0.0110	inf	inf	0.0000	0.0000	0.0230	0.0255	0.0000	0.0366	0.0394	0.0000	0.0000	0.0000	0.0000	1.5763	2.3162	0.0000	0.0000	0.0000	0.0000	1.7792	4.1957	0.0000	0.0000	0.0000	-0.0009	-0.0012	3.0004	1.9840	2.0000	0.2610	0.0033	0.0033	0.0000	0.0033	0.0033	0.0000	0.0000	0.0000	0.0000	0.0024	0.0024	0.0000	0.0000	0.0000	0.0000	0.0024	0.0024	0.0000	0.1421	0.1281	0.0140	0.0893	0.0829	0.0064	0.0528	0.0452	0.0076	0.0110	0.0054	0.0056	0.0035	0.0030	0.0005	0.0075	0.0024	0.0051	0.1057	0.0576	0.0000	inf	inf	0.0000	0.0000	0.0000	0.0000	0.2177	0.4433	0.0000	0.0000	0.0000	0.0000	0.3196	0.9879	0.0000			
35	117	0.5786	4	0	2	0	1	0	0	0	0	N	Y	N	N	N	N	N	N	N	N	N	N	0.0000	0.0000	0.0000	0.0000	0.0000	0.0000	0.0000	0.0000	0.0000	0.0000	0.0000	0.0000	0.0000	0.0000	0.0000	0.0000	0.0000	0.0000	0.0000	0.0000	3.0004	0.0000	2.0000	1.0000	0.0000	0.0000	0.0000	0.0000	0.0000	0.0000	0.0000	0.0000	0.0000	0.0000	0.0000	0.0000	0.0000	0.0000	0.0000	0.0000	0.0000	0.0000	0.0000	0.0000	0.0000	0.0000	0.0000	0.0000	0.0000	0.0000	0.0000	0.0069	0.0034	0.0035	0.0022	0.0019	0.0003	0.0047	0.0015	0.0032	0.0000	0.0000	0.0000	0.0000	0.0000	0.0000	0.0000	0.0000	0.0000	0.0000	0.0000	0.0000	0.0000	0.0000	0.0000	0.0000	0.0000	0.0000											
35	119	0.5786	4	0	2	0	0	0	0	0	0	N	Y	N	N	N	N	N	N	N	N	N	N	inf	inf	inf	inf	3.0396	0.0000	31.0680	4.9425	0.0000	70.5709	0.0000	0.0000	0.0000	0.0000	0.0000	0.0000	0.0000	0.0000	0.0000	0.0000	0.0000	0.0000	inf	0.7398	0.0000	3.0004	5.0000	2.0000	6.0000	0.9999	0.0000	0.9999	0.9999	0.0000	0.9999	0.0000	0.0000	0.0000	0.0000	0.0000	0.0000	0.0000	0.0000	0.0000	0.0000	0.0000	0.0000	0.3290	0.2968	0.0322	0.2023	0.1881	0.0142	0.1267	0.1086	0.0180	0.0483	0.0240	0.0243	0.0159	0.0135	0.0024	0.0325	0.0105	0.0219	inf	0.0000	inf	inf	0.0000	inf	0.0000	0.0000	0.0000	0.0000	0.0000	0.0000	0.0000	0.0000	0.0000	0.0000	0.0000	0.0000						
35	120	0.6066	5	0	2	0	0	0	0	0	0	N	Y	N	N	N	N	N	N	N	N	N	N	0.0867	0.0490	0.1199	0.1371	0.0003	0.0003	0.0000	0.0004	0.0005	0.0000	0.0000	0.0000	0.0000	0.0031	0.0062	0.0000	0.0037	0.0035	0.0000	0.0000	0.0000	0.0000	0.0000	0.0000	-0.0000	-0.0000	3.0004	0.9998	2.0000	0.9486	0.0000	0.0000	0.0000	0.0000	0.0000	0.0000	0.0000	0.0000	0.0000	0.0000	0.0000	0.0000	0.0000	0.0000	0.0000	0.0000	0.0000	0.0000	0.0735	0.0662	0.0073	0.0448	0.0415	0.0033	0.0286	0.0246	0.0040	0.0160	0.0085	0.0075	0.0070	0.0061	0.0009	0.0090	0.0024	0.0066	0.4349	0.2576	0.0000	0.3123	0.2949	0.0000	0.0000	0.0000	0.0000	0.0006	0.0012	0.0000	0.0014	0.0016	0.0000	0.0000	0.0000	0.0000					
35	121	0.5786	4	0	2	0	0	0	0	0	0	N	Y	N	N	N	N	N	N	N	N	N	N	0.0748	0.0327	inf	inf	0.0000	0.0000	0.0001	0.0001	0.0000	0.0001	0.0001	0.0000	0.0000	0.0000	0.0000	0.0007	0.0019	0.0000	0.0000	0.0000	0.0000	0.0005	0.0240	0.0000	0.0000	0.0000	-0.0000	-0.0000	3.0004	3.0005	2.0000	1.1085	0.0000	0.0000	0.0000	0.0000	0.0000	0.0000	0.0000	0.0000	0.0000	0.0000	0.0000	0.0000	0.0000	0.0000	0.0000	0.0000	0.0000	0.0000	0.3589	0.3238	0.0351	0.2199	0.2046	0.0154	0.1390	0.1192	0.0197	0.0347	0.0172	0.0175	0.0113	0.0096	0.0017	0.0234	0.0076	0.0158	0.1934	0.1061	0.0000	inf	inf	0.0000	0.0000	0.0000	0.0000	0.0003	0.0006	0.0000	0.0000	0.0000	0.0000	0.0004	0.0013	0.0000			
35	122	0.0637	2	0	2	0	0	0	0	0	0	N	Y	N	N	N	N	N	N	N	N	N	N	0.0000	0.0000	0.0000	0.0000	0.0000	0.0000	0.0000	0.0000	0.0000	0.0000	0.0000	0.0000	0.0000	0.0000	0.0000	0.0000	0.0000	0.0000	0.0000	0.0000	3.0004	2.0001	2.0000	3.0000	0.0000	0.0000	0.0000	0.0000	0.0000	0.0000	0.0000	0.0000	0.0000	0.0000	0.0000	0.0000	0.0000	0.0000	0.0000	0.0000	0.0000	0.0000	0.2020	0.1822	0.0198	0.1035	0.0971	0.0063	0.0985	0.0850	0.0135	0.0450	0.0186	0.0264	0.0004	0.0004	0.0000	0.0446	0.0182	0.0264	0.0000	0.0000	0.0000	0.0000	0.0000	0.0000	0.0000	0.0000	0.0000	0.0000	0.0000	0.0000	0.0000	0.0000	0.0000	0.0000	0.0000	0.0000											
35	124	0.6121	5	0	2	0	0	0	0	0	0	N	Y	N	N	N	N	N	N	N	N	N	N	125.1483	89.2122	242.7246	274.0830	inf	inf	1.7090	1.8799	0.0000	2.5816	2.7609	0.0000	0.0005	0.0006	0.0000	0.0137	0.0211	0.0000	0.0106	0.0101	0.0000	0.0000	0.0000	0.0000	0.0000	0.0000	-0.2316	-0.0001	3.0004	3.9006	2.0000	3.1543	0.8903	0.8903	0.0000	0.8902	0.8902	0.0000	0.0001	0.0001	0.0000	0.0001	0.0001	0.0000	0.0001	0.0001	0.0000	0.0000	0.0000	0.0000	0.5209	0.4736	0.0474	0.3448	0.3224	0.0224	0.1761	0.1512	0.0250	0.0680	0.0415	0.0265	0.0335	0.0304	0.0031	0.0345	0.0111	0.0234	1161.8307	780.0659	0.0000	865.5509	839.4401	0.0000	inf	inf	0.0000	0.0015	0.0024	0.0000	0.0030	0.0033	0.0000	0.0000	0.0000	0.0000			
35	125	0.5786	4	0	2	0	0	0	0	0	0	N	Y	N	N	N	N	N	N	N	N	N	N	42.9156	1.9962	inf	inf	inf	inf	0.0000	0.0000	3.0208	0.5739	25.5011	4.8481	0.8940	56.7275	0.0000	0.0000	0.0000	0.0704	0.2875	0.0000	0.0000	0.0000	0.0000	0.0368	1.0574	0.0000	4.8362	0.0000	0.3714	-0.0001	3.0004	1.6924	2.0000	1.9110	0.6534	0.1120	0.5414	0.6534	0.1120	0.5414	0.0000	0.0000	0.0000	0.0001	0.0001	0.0000	0.0000	0.0000	0.0000	0.0001	0.0001	0.0000	0.2163	0.1951	0.0212	0.1348	0.1252	0.0095	0.0815	0.0698	0.0117	0.0308	0.0152	0.0156	0.0100	0.0085	0.0015	0.0208	0.0067	0.0141	929.7016	87.3173	inf	inf	inf	inf	0.0000	0.0000	0.0000	0.0032	0.0066	0.0000	0.0000	0.0000	0.0000	0.0048	0.0148	0.0000	
35	127	0.1498	3	0	1	0	0	0	0	0	0	N	N	N	N	N	N	N	N	N	N	N	N	0.0016	0.0011	0.0018	0.0019	0.0000	0.0000	0.0000	0.0001	0.0001	0.0000	0.0000	0.0000	0.0000	0.0131	0.0220	0.0000	0.0684	0.0661	0.0000	0.0000	0.0000	0.0000	0.0000	0.0000	-0.0000	-0.0002	3.0004	3.6536	2.0000	12.3970	0.0000	0.0000	0.0000	0.0000	0.0000	0.0000	0.0000	0.0000	0.0000	0.0003	0.0003	0.0000	0.0003	0.0003	0.0000	0.0000	0.0000	0.0000	0.4888	0.4317	0.0571	0.0803	0.0777	0.0027	0.4085	0.3541	0.0545	0.2419	0.1418	0.1002	0.0418	0.0387	0.0031	0.2001	0.1031	0.0971	0.0141	0.0094	0.0000	0.0149	0.0142	0.0000	0.0000	0.0000	0.0000	0.0014	0.0025	0.0000	0.0084	0.0090	0.0000	0.0000	0.0000	0.0000					
35	128	0.3282	3	0	1	0	0	0	0	0	0	N	N	N	N	N	N	N	N	N	N	N	N	0.7744	0.5663	0.7417	0.7619	inf	inf	0.6876	0.7701	0.0000	0.8706	0.9312	0.0000	0.5697	0.6579	0.0000	0.8879	1.3598	0.0000	1.1738	1.2221	0.0000	0.0000	0.0000	0.0000	0.0000	0.0000	-0.1356	-0.0062	3.0004	5.3495	2.0000	12.4099	0.5213	0.5213	0.0000	0.2587	0.2587	0.0000	0.2626	0.2626	0.0000	0.0118	0.0118	0.0000	0.0118	0.0118	0.0000	0.0000	0.0000	0.0000	0.7582	0.6770	0.0812	0.2972	0.2778	0.0193	0.4610	0.3992	0.0618	0.3179	0.2039	0.1140	0.1480	0.1263	0.0217	0.1699	0.0775	0.0923	18.5255	13.3052	0.0000	10.9222	9.9700	0.0000	inf	inf	0.0000	0.0371	0.0579	0.0000	0.0797	0.0934	0.0000	0.0000	0.0000	0.0000			
35	129	0.1339	7	0	2	0	1	0	0	0	0	N	Y	N	N	N	N	N	N	N	N	N	N	0.0000	0.0000	0.0000	0.0000	0.0000	0.0000	0.0000	0.0000	0.0000	0.0000	0.0000	0.0000	0.0000	0.0000	0.0000	0.0000	0.0000	0.0000	0.0000	0.0000	3.0004	0.0000	2.0000	0.0000	0.0000	0.0000	0.0000	0.0000	0.0000	0.0000	0.0000	0.0000	0.0000	0.0000	0.0000	0.0000	0.0000	0.0000	0.0000	0.0000	0.0000	0.0000	0.0000	0.0000	0.0000	0.0000	0.0000	0.0000	0.0000	0.0000	0.0000	0.0000	0.0000	0.0000	0.0000	0.0000	0.0000	0.0000	0.0000	0.0000	0.0000	0.0000	0.0000	0.0000	0.0000	0.0000	0.0000	0.0000	0.0000	0.0000	0.0000	0.0000	0.0000	0.0000	0.0000	0.0000	0.0000	0.0000											
35	130	0.1176	6	0	2	0	1	0	0	0	0	N	Y	N	N	N	N	N	N	N	N	N	N	0.0000	0.0000	0.0000	0.0000	0.0000	0.0000	0.0000	0.0000	0.0000	0.0000	0.0000	0.0000	0.0000	0.0000	0.0000	0.0000	0.0000	0.0000	0.0000	0.0000	3.0004	0.0000	2.0000	3.0001	0.0000	0.0000	0.0000	0.0000	0.0000	0.0000	0.0000	0.0000	0.0000	0.0000	0.0000	0.0000	0.0000	0.0000	0.0000	0.0000	0.0000	0.0000	0.0000	0.0000	0.0000	0.0000	0.0000	0.0000	0.0000	0.0000	0.0000	0.0228	0.0088	0.0139	0.0005	0.0005	0.0000	0.0222	0.0083	0.0139	0.0000	0.0000	0.0000	0.0000	0.0000	0.0000	0.0000	0.0000	0.0000	0.0000	0.0000	0.0000	0.0000	0.0000	0.0000	0.0000	0.0000	0.0000											
35	131	0.1079	5	0	2	0	0	0	0	0	0	N	Y	N	N	N	N	N	N	N	N	N	N	0.0000	0.0000	0.0000	0.0000	0.0000	0.0000	0.0000	0.0000	0.0000	0.0000	0.0000	0.0000	0.0000	0.0000	0.0000	0.0000	0.0000	0.0000	0.0000	0.0000	3.0004	0.0000	2.0000	0.0000	0.0000	0.0000	0.0000	0.0000	0.0000	0.0000	0.0000	0.0000	0.0000	0.0000	0.0000	0.0000	0.0000	0.0000	0.0000	0.0000	0.0000	0.0000	0.0000	0.0000	0.0000	0.0000	0.0000	0.0000	0.0000	0.0000	0.0000	0.0000	0.0000	0.0000	0.0000	0.0000	0.0000	0.0000	0.0000	0.0000	0.0000	0.0000	0.0000	0.0000	0.0000	0.0000	0.0000	0.0000	0.0000	0.0000	0.0000	0.0000	0.0000	0.0000	0.0000	0.0000	0.0000	0.0000											
35	132	0.1176	6	0	1	1	1	0	0	0	0	N	N	N	N	N	N	N	N	N	N	N	N	0.0000	0.0000	0.0000	0.0000	0.0000	0.0000	0.0000	0.0000	0.0000	0.0000	0.0000	0.0000	0.0000	0.0000	0.0000	0.0000	0.0000	0.0000	0.0000	0.0000	3.0004	0.0000	2.0000	1.9999	0.0000	0.0000	0.0000	0.0000	0.0000	0.0000	0.0000	0.0000	0.0000	0.0000	0.0000	0.0000	0.0000	0.0000	0.0000	0.0000	0.0000	0.0000	0.0000	0.0000	0.0000	0.0000	0.0000	0.0000	0.0000	0.0000	0.0000	0.0153	0.0059	0.0094	0.0003	0.0003	0.0000	0.0150	0.0056	0.0094	0.0000	0.0000	0.0000	0.0000	0.0000	0.0000	0.0000	0.0000	0.0000	0.0000	0.0000	0.0000	0.0000	0.0000	0.0000	0.0000	0.0000	0.0000											
35	133	0.1286	7	0	1	1	1	0	0	0	0	N	N	N	N	N	N	N	N	N	N	N	N	0.0000	0.0000	0.0000	0.0000	0.0000	0.0000	0.0000	0.0000	0.0000	0.0000	0.0000	0.0000	0.0000	0.0000	0.0000	0.0000	0.0000	0.0000	0.0000	0.0000	3.0004	1.0000	2.0000	0.0000	0.0000	0.0000	0.0000	0.0000	0.0000	0.0000	0.0000	0.0000	0.0000	0.0000	0.0000	0.0000	0.0000	0.0000	0.0000	0.0000	0.0000	0.0000	0.0987	0.0881	0.0106	0.0551	0.0506	0.0044	0.0436	0.0374	0.0062	0.0073	0.0028	0.0046	0.0002	0.0002	0.0000	0.0072	0.0026	0.0045	0.0000	0.0000	0.0000	0.0000	0.0000	0.0000	0.0000	0.0000	0.0000	0.0000	0.0000	0.0000	0.0000	0.0000	0.0000	0.0000	0.0000	0.0000											
35	134	0.1286	7	0	1	1	1	0	0	0	0	N	N	N	N	N	N	N	N	N	N	N	N	0.0000	0.0000	0.0000	0.0000	0.0000	0.0000	0.0000	0.0000	0.0000	0.0000	0.0000	0.0000	0.0000	0.0000	0.0000	0.0000	0.0000	0.0000	0.0000	0.0000	3.0004	0.0000	2.0000	0.0000	0.0000	0.0000	0.0000	0.0000	0.0000	0.0000	0.0000	0.0000	0.0000	0.0000	0.0000	0.0000	0.0000	0.0000	0.0000	0.0000	0.0000	0.0000	0.0000	0.0000	0.0000	0.0000	0.0000	0.0000	0.0000	0.0000	0.0000	0.0000	0.0000	0.0000	0.0000	0.0000	0.0000	0.0000	0.0000	0.0000	0.0000	0.0000	0.0000	0.0000	0.0000	0.0000	0.0000	0.0000	0.0000	0.0000	0.0000	0.0000	0.0000	0.0000	0.0000	0.0000	0.0000	0.0000											
35	135	0.1176	6	0	1	1	1	0	0	0	0	N	N	N	N	N	N	N	N	N	N	N	N	0.0000	0.0000	0.0000	0.0000	0.0000	0.0000	0.0000	0.0000	0.0000	0.0000	0.0000	0.0000	0.0000	0.0000	0.0000	0.0000	0.0000	0.0000	0.0000	0.0000	3.0004	2.0025	2.0000	0.9943	0.0000	0.0000	0.0000	0.0000	0.0000	0.0000	0.0000	0.0000	0.0000	0.0000	0.0000	0.0000	0.0000	0.0000	0.0000	0.0000	0.0000	0.0000	0.1947	0.1738	0.0209	0.1054	0.0970	0.0084	0.0893	0.0768	0.0125	0.0227	0.0088	0.0139	0.0005	0.0005	0.0000	0.0222	0.0083	0.0139	0.0000	0.0000	0.0000	0.0000	0.0000	0.0000	0.0000	0.0000	0.0000	0.0000	0.0000	0.0000	0.0000	0.0000	0.0000	0.0000	0.0000	0.0000											
35	136	0.1176	5	0	1	0	1	0	0	0	0	N	N	N	N	N	N	N	N	N	N	N	N	0.0000	0.0000	0.0000	0.0000	0.0000	0.0000	0.0000	0.0000	0.0000	0.0000	0.0000	0.0000	0.0000	0.0000	0.0000	0.0000	0.0000	0.0000	0.0000	0.0000	3.0004	0.0050	2.0000	0.0173	0.0000	0.0000	0.0000	0.0000	0.0000	0.0000	0.0000	0.0000	0.0000	0.0000	0.0000	0.0000	0.0000	0.0000	0.0000	0.0000	0.0000	0.0000	0.0010	0.0010	0.0001	0.0008	0.0008	0.0001	0.0002	0.0002	0.0000	0.0002	0.0001	0.0001	0.0000	0.0000	0.0000	0.0002	0.0001	0.0001	0.0000	0.0000	0.0000	0.0000	0.0000	0.0000	0.0000	0.0000	0.0000	0.0000	0.0000	0.0000	0.0000	0.0000	0.0000	0.0000	0.0000	0.0000											
35	137	0.1079	4	0	1	0	1	0	0	0	0	N	N	N	N	N	N	N	N	N	N	N	N	0.0000	0.0000	0.0000	0.0000	0.0000	0.0000	0.0000	0.0000	0.0000	0.0000	0.0000	0.0000	0.0000	0.0000	0.0000	0.0000	0.0000	0.0000	0.0000	0.0000	3.0004	1.9972	2.0000	1.0076	0.0000	0.0000	0.0000	0.0000	0.0000	0.0000	0.0000	0.0000	0.0000	0.0000	0.0000	0.0000	0.0000	0.0000	0.0000	0.0000	0.0000	0.0000	0.1819	0.1623	0.0197	0.0948	0.0874	0.0075	0.0871	0.0749	0.0122	0.0216	0.0083	0.0133	0.0005	0.0005	0.0000	0.0211	0.0078	0.0133	0.0000	0.0000	0.0000	0.0000	0.0000	0.0000	0.0000	0.0000	0.0000	0.0000	0.0000	0.0000	0.0000	0.0000	0.0000	0.0000	0.0000	0.0000											
35	138	0.0907	3	1	2	0	0	0	0	0	0	N	Y	N	N	N	N	N	N	N	N	N	N	0.0000	0.0000	0.0000	0.0000	0.0000	0.0000	0.0000	0.0000	0.0000	0.0000	0.0000	0.0000	0.0000	0.0365	0.1393	0.0000	0.2266	0.2257	0.0000	0.0000	0.0000	0.0000	0.0000	0.0000	-0.0000	3.0004	0.0002	2.0000	2.3255	0.0000	0.0000	0.0000	0.0000	0.0000	0.0000	0.0000	0.0000	0.0000	0.0001	0.0001	0.0000	0.0001	0.0001	0.0000	0.0000	0.0000	0.0000	0.0000	0.0000	0.0000	0.0000	0.0000	0.0000	0.0000	0.0000	0.0000	0.0270	0.0141	0.0129	0.0044	0.0043	0.0002	0.0226	0.0099	0.0127	0.0000	0.0000	0.0000	0.0000	0.0000	0.0000	0.0000	0.0000	0.0000	0.0026	0.0050	0.0000	0.0157	0.0164	0.0000	0.0000	0.0000	0.0000						
35	139	0.0728	2	1	2	0	0	0	0	0	0	N	Y	N	N	N	N	N	N	N	N	N	N	0.0239	0.0000	36.4824	0.0188	0.0000	inf	0.5306	0.0000	21.9162	0.0028	0.0000	0.0339	0.0038	0.0000	0.0818	0.0022	0.0000	0.0207	0.1167	0.2813	0.0009	0.2032	0.1863	0.0000	0.0041	0.0406	0.0009	840.9369	0.1364	0.0006	-0.0001	3.0004	2.0138	2.0000	2.7349	0.0008	0.0000	0.0007	0.0004	0.0000	0.0004	0.0004	0.0000	0.0004	0.0002	0.0002	0.0000	0.0002	0.0002	0.0000	0.0001	0.0000	0.0000	0.2691	0.2470	0.0221	0.1024	0.0977	0.0048	0.1667	0.1493	0.0174	0.0663	0.0340	0.0323	0.0130	0.0124	0.0006	0.0533	0.0216	0.0317	0.7399	0.0006	36.4824	0.2749	0.0006	inf	1.6455	0.0000	21.9162	0.0038	0.0065	0.0009	0.0139	0.0145	0.0000	0.0013	0.0019	0.0009
35	140	0.0893	3	0	2	0	0	0	0	0	0	N	Y	N	N	N	N	N	N	N	N	N	N	inf	inf	inf	inf	inf	inf	inf	inf	0.0036	0.0000	0.0425	0.0050	0.0000	0.0991	0.0024	0.0000	0.0200	0.0000	0.0000	0.0000	0.0000	0.0000	0.0000	0.0000	0.0000	0.0000	193867.6939	0.0007	0.0000	3.0004	1.9232	2.0000	1.1116	0.0009	0.0000	0.0009	0.0006	0.0000	0.0006	0.0003	0.0000	0.0003	0.0000	0.0000	0.0000	0.0000	0.0000	0.0000	0.0000	0.0000	0.0000	0.2616	0.2393	0.0223	0.1269	0.1206	0.0064	0.1347	0.1187	0.0160	0.0273	0.0121	0.0152	0.0024	0.0022	0.0001	0.0249	0.0098	0.0151	inf	inf	inf	inf	inf	inf	inf	0.0000	inf	0.0000	0.0000	0.0000	0.0000	0.0000	0.0000	0.0000	0.0000	0.0000		
35	141	0.5978	5	0	2	0	0	0	0	0	0	N	Y	N	N	N	N	N	N	N	N	N	N	inf	inf	inf	inf	4.4290	4.8785	0.0000	6.3975	6.8792	0.0000	0.0000	0.0000	0.0000	0.0000	0.0000	0.0000	0.0000	0.0000	0.0000	0.0000	0.0000	0.0000	0.0000	-0.5204	0.0000	3.0004	3.0000	2.0000	1.0000	1.9999	1.9999	0.0000	1.9999	1.9999	0.0000	0.0000	0.0000	0.0000	0.0000	0.0000	0.0000	0.0000	0.0000	0.0000	0.0000	0.0000	0.0000	0.4516	0.4099	0.0416	0.3126	0.2907	0.0219	0.1389	0.1192	0.0197	0.0339	0.0168	0.0171	0.0110	0.0094	0.0017	0.0229	0.0074	0.0154	inf	inf	0.0000	inf	inf	0.0000	0.0000	0.0000	0.0000	0.0000	0.0000	0.0000	0.0000	0.0000	0.0000	0.0000	0.0000	0.0000						
35	142	0.5786	4	0	1	0	0	0	0	0	0	N	N	N	N	N	N	N	N	N	N	N	N	inf	inf	inf	inf	7.5409	8.3638	0.0000	11.9903	12.9121	0.0000	0.0000	0.0000	0.0000	0.0000	0.0000	0.0000	0.0000	0.0000	0.0000	0.0000	0.0000	0.0000	0.0000	-0.2602	0.0000	3.0004	1.0000	2.0000	1.0000	1.0000	1.0000	0.0000	1.0000	1.0000	0.0000	0.0000	0.0000	0.0000	0.0000	0.0000	0.0000	0.0000	0.0000	0.0000	0.0000	0.0000	0.0000	0.1326	0.1196	0.0130	0.0834	0.0774	0.0060	0.0492	0.0421	0.0071	0.0177	0.0087	0.0090	0.0057	0.0048	0.0009	0.0120	0.0039	0.0081	inf	inf	0.0000	inf	inf	0.0000	0.0000	0.0000	0.0000	0.0000	0.0000	0.0000	0.0000	0.0000	0.0000	0.0000	0.0000	0.0000						
35	143	0.3282	3	0	1	0	0	0	0	0	0	N	N	N	N	N	N	N	N	N	N	N	N	2.5567	1.9426	2.0907	2.1368	inf	inf	2.1355	2.3928	0.0000	2.1238	2.2728	0.0000	2.1422	2.4664	0.0000	0.8353	1.2317	0.0000	1.0158	1.0636	0.0000	0.0000	0.0000	0.0000	0.0000	0.0000	-0.4849	-0.0051	3.0004	7.1211	2.0000	10.9474	1.8637	1.8637	0.0000	0.6724	0.6724	0.0000	1.1913	1.1913	0.0000	0.0098	0.0098	0.0000	0.0098	0.0098	0.0000	0.0000	0.0000	0.0000	0.8727	0.7789	0.0938	0.3166	0.2959	0.0208	0.5561	0.4830	0.0731	0.3191	0.2044	0.1147	0.1482	0.1265	0.0218	0.1709	0.0779	0.0930	69.7525	50.0621	0.0000	32.2178	29.4181	0.0000	inf	inf	0.0000	0.0306	0.0478	0.0000	0.0659	0.0773	0.0000	0.0000	0.0000	0.0000			
35	144	0.1334	2	0	1	0	0	0	0	0	0	N	N	N	N	N	N	N	N	N	N	N	N	1.0775	0.7799	2.8554	1.2431	1.3497	4.0367	2.1305	0.5179	4.0210	0.9307	1.0496	0.0239	0.0052	0.0054	0.0000	1.0458	1.1910	0.0250	0.8638	1.3458	0.0084	0.0042	0.0040	0.0000	0.4909	2.2998	0.0062	0.0030	0.0888	-0.2084	-0.0052	3.0004	8.5175	2.0000	23.1696	0.8101	0.8077	0.0024	0.0005	0.0005	0.0000	0.8096	0.8072	0.0024	0.0119	0.0109	0.0010	0.0001	0.0001	0.0000	0.0118	0.0108	0.0010	0.8704	0.7695	0.1009	0.0962	0.0918	0.0044	0.7742	0.6777	0.0964	0.3547	0.1933	0.1614	0.0550	0.0497	0.0054	0.2997	0.1436	0.1561	27.7713	18.5809	3.9766	3.1795	3.0082	4.0367	26.5617	15.7947	4.0210	0.0335	0.0565	0.0060	0.0016	0.0018	0.0000	0.0394	0.0754	0.0062
35	145	0.1079	5	1	2	0	0	0	0	0	0	N	Y	N	N	N	N	N	N	N	N	N	N	0.0000	0.0000	0.0000	0.0000	0.0000	0.0000	0.0000	0.0000	0.0000	0.0000	0.0000	0.0000	0.0000	0.0000	0.0000	0.0000	0.0000	0.0000	0.0000	0.0000	3.0004	1.0000	2.0000	1.0000	0.0000	0.0000	0.0000	0.0000	0.0000	0.0000	0.0000	0.0000	0.0000	0.0000	0.0000	0.0000	0.0000	0.0000	0.0000	0.0000	0.0000	0.0000	0.0934	0.0832	0.0101	0.0491	0.0452	0.0039	0.0442	0.0380	0.0062	0.0145	0.0055	0.0090	0.0003	0.0003	0.0000	0.0142	0.0052	0.0090	0.0000	0.0000	0.0000	0.0000	0.0000	0.0000	0.0000	0.0000	0.0000	0.0000	0.0000	0.0000	0.0000	0.0000	0.0000	0.0000	0.0000	0.0000											
35	146	0.1079	4	0	2	0	0	0	0	0	0	N	Y	N	N	N	N	N	N	N	N	N	N	0.0000	0.0000	0.0000	0.0000	0.0000	0.0000	0.0000	0.0000	0.0000	0.0000	0.0000	0.0000	0.0000	0.0000	0.0000	0.0000	0.0000	0.0000	0.0000	0.0000	3.0004	0.0003	2.0000	0.0000	0.0000	0.0000	0.0000	0.0000	0.0000	0.0000	0.0000	0.0000	0.0000	0.0000	0.0000	0.0000	0.0000	0.0000	0.0000	0.0000	0.0000	0.0000	0.0001	0.0001	0.0000	0.0001	0.0001	0.0000	0.0000	0.0000	0.0000	0.0000	0.0000	0.0000	0.0000	0.0000	0.0000	0.0000	0.0000	0.0000	0.0000	0.0000	0.0000	0.0000	0.0000	0.0000	0.0000	0.0000	0.0000	0.0000	0.0000	0.0000	0.0000	0.0000	0.0000	0.0000	0.0000	0.0000											
35	147	0.0893	3	0	1	0	0	0	0	0	0	N	N	N	N	N	N	N	N	N	N	N	N	inf	inf	inf	inf	inf	inf	inf	inf	2.0941	2.3263	0.0054	4.6518	4.9707	0.0000	0.0012	0.0003	0.0077	0.0000	0.0000	0.0000	0.0000	0.0000	0.0000	0.0000	0.0000	0.0000	0.0003	-0.2598	0.0000	3.0004	4.9449	2.0000	1.0063	0.9996	0.9993	0.0003	0.9993	0.9993	0.0000	0.0003	0.0001	0.0003	0.0000	0.0000	0.0000	0.0000	0.0000	0.0000	0.0000	0.0000	0.0000	0.4774	0.4296	0.0478	0.2148	0.2010	0.0138	0.2625	0.2285	0.0340	0.0488	0.0208	0.0280	0.0028	0.0027	0.0002	0.0460	0.0181	0.0278	inf	inf	inf	inf	inf	0.0000	inf	inf	inf	0.0000	0.0000	0.0000	0.0000	0.0000	0.0000	0.0000	0.0000	0.0000		
35	148	0.0728	2	0	1	0	0	0	0	0	0	N	N	N	N	N	N	N	N	N	N	N	N	1.7338	0.0040	inf	5.5864	0.3534	inf	9.5720	0.0000	inf	0.6073	0.0026	6.3760	0.1210	0.0073	1.9844	0.8676	0.0000	7.5528	0.3503	0.6678	0.0000	0.0217	0.0206	0.0000	0.0906	1.3149	0.0000	253.0074	0.0000	0.1674	-0.0003	3.0004	3.4778	2.0000	1.2917	0.2275	0.0009	0.2266	0.0158	0.0009	0.0149	0.2117	0.0000	0.2117	0.0005	0.0005	0.0000	0.0001	0.0001	0.0000	0.0004	0.0004	0.0000	0.3746	0.3391	0.0355	0.1306	0.1231	0.0075	0.2440	0.2160	0.0280	0.0665	0.0341	0.0324	0.0130	0.0124	0.0006	0.0535	0.0217	0.0318	80.5709	0.1796	inf	24.8745	1.4290	inf	105.9848	0.0001	inf	0.0075	0.0147	0.0000	0.0049	0.0051	0.0000	0.0082	0.0202	0.0000
35	150	0.1498	3	0	1	0	0	0	0	0	0	N	N	N	N	N	N	N	N	N	N	N	N	0.0017	0.0011	0.0020	0.0021	0.0000	0.0000	0.0000	0.0001	0.0001	0.0000	0.0000	0.0000	0.0000	0.0116	0.0206	0.0000	0.0628	0.0622	0.0000	0.0000	0.0000	0.0000	0.0000	0.0000	-0.0000	-0.0002	3.0004	3.7255	2.0000	14.1767	0.0000	0.0000	0.0000	0.0000	0.0000	0.0000	0.0000	0.0000	0.0000	0.0003	0.0003	0.0000	0.0003	0.0003	0.0000	0.0000	0.0000	0.0000	0.4956	0.4377	0.0579	0.0809	0.0782	0.0027	0.4147	0.3595	0.0552	0.2563	0.1495	0.1068	0.0432	0.0398	0.0033	0.2131	0.1097	0.1035	0.0148	0.0098	0.0000	0.0152	0.0146	0.0000	0.0000	0.0000	0.0000	0.0014	0.0023	0.0000	0.0081	0.0088	0.0000	0.0000	0.0000	0.0000					
35	151	0.1334	2	0	1	0	0	0	0	0	0	N	N	N	N	N	N	N	N	N	N	N	N	0.0033	0.0018	0.0000	0.0857	0.1065	0.0024	0.0002	0.0000	0.0002	0.0002	0.0000	0.0006	0.0006	0.0000	0.0001	0.0001	0.0000	0.0483	0.1033	0.0005	0.0066	0.0054	0.0000	0.0211	0.3679	0.0005	0.0000	0.0732	-0.0000	-0.0002	3.0004	1.4205	2.0000	4.0377	0.0000	0.0000	0.0000	0.0000	0.0000	0.0000	0.0000	0.0000	0.0000	0.0004	0.0004	0.0000	0.0001	0.0001	0.0000	0.0003	0.0003	0.0000	0.2501	0.2206	0.0295	0.0534	0.0526	0.0009	0.1967	0.1681	0.0286	0.1521	0.0919	0.0602	0.0407	0.0391	0.0016	0.1113	0.0528	0.0586	0.0553	0.0406	0.0000	0.2541	0.2482	0.0000	0.0162	0.0098	0.0000	0.0029	0.0045	0.0005	0.0022	0.0023	0.0000	0.0031	0.0061	0.0005	
36	37	0.6500	5	1	2	0	0	0	0	0	0	N	Y	N	N	N	N	N	N	N	N	N	N	0.0000	0.0000	0.0000	0.0000	0.0000	0.0000	0.0000	0.0000	0.0000	0.0000	0.0000	0.0000	0.0000	0.0000	0.0000	0.0000	0.0000	0.0000	0.0000	0.0000	3.0000	4.2779	3.0000	3.9542	0.0000	0.0000	0.0000	0.0000	0.0000	0.0000	0.0000	0.0000	0.0000	0.0000	0.0000	0.0000	0.0000	0.0000	0.0000	0.0000	0.0000	0.0000	0.3216	0.2923	0.0293	0.2104	0.1971	0.0133	0.1112	0.0952	0.0160	0.0395	0.0202	0.0194	0.0143	0.0121	0.0022	0.0252	0.0081	0.0171	0.0000	0.0000	0.0000	0.0000	0.0000	0.0000	0.0000	0.0000	0.0000	0.0000	0.0000	0.0000	0.0000	0.0000	0.0000	0.0000	0.0000	0.0000											
36	38	0.1303	5	1	2	0	0	0	0	0	0	N	Y	N	N	N	N	N	N	N	N	N	N	3281.3886	1226.9153	0.0000	0.0000	inf	inf	4.1525	4.6870	0.0000	0.0000	0.0000	0.0000	4.4586	5.0573	0.0000	0.0013	0.0038	0.0000	0.0043	0.0044	0.0000	0.0000	0.0000	0.0000	0.0000	0.0000	-0.2602	-0.0000	3.0000	2.8243	3.0000	1.0201	0.9999	0.9999	0.0000	0.0000	0.0000	0.0000	0.9999	0.9999	0.0000	0.0000	0.0000	0.0000	0.0000	0.0000	0.0000	0.0000	0.0000	0.0000	0.2408	0.2133	0.0275	0.0165	0.0156	0.0009	0.2243	0.1977	0.0265	0.0503	0.0227	0.0276	0.0117	0.0100	0.0017	0.0386	0.0127	0.0259	10433.5934	5308.4151	0.0000	0.0000	0.0000	0.0000	inf	inf	0.0000	0.0004	0.0009	0.0000	0.0017	0.0020	0.0000	0.0000	0.0000	0.0000			
36	39	0.6610	5	0	2	0	0	0	0	0	0	N	Y	N	N	N	N	N	N	N	N	N	N	inf	inf	inf	inf	3.1655	3.4452	0.0000	4.1929	4.4659	0.0000	0.0000	0.0000	0.0000	0.0000	0.0000	0.0000	0.0000	0.0000	0.0000	0.0000	0.0000	0.0000	0.0000	-0.2602	0.0000	3.0000	5.0001	3.0000	5.0000	1.0000	1.0000	0.0000	1.0000	1.0000	0.0000	0.0000	0.0000	0.0000	0.0000	0.0000	0.0000	0.0000	0.0000	0.0000	0.0000	0.0000	0.0000	0.3159	0.2903	0.0256	0.2385	0.2239	0.0146	0.0774	0.0663	0.0111	0.0367	0.0206	0.0162	0.0182	0.0155	0.0027	0.0185	0.0050	0.0135	inf	inf	0.0000	inf	inf	0.0000	0.0000	0.0000	0.0000	0.0000	0.0000	0.0000	0.0000	0.0000	0.0000	0.0000	0.0000	0.0000						
36	40	0.0861	2	0	2	0	0	0	0	0	0	N	Y	N	N	N	N	N	N	N	N	N	N	0.0000	0.0000	0.0000	0.0000	0.0000	0.0000	0.0000	0.0000	0.0000	0.0000	0.0000	0.0000	0.0000	0.0000	0.0000	0.0000	0.0000	0.0000	0.0000	0.0000	3.0000	0.0000	3.0000	2.0000	0.0000	0.0000	0.0000	0.0000	0.0000	0.0000	0.0000	0.0000	0.0000	0.0000	0.0000	0.0000	0.0000	0.0000	0.0000	0.0000	0.0000	0.0000	0.0000	0.0000	0.0000	0.0000	0.0000	0.0000	0.0000	0.0000	0.0000	0.0210	0.0070	0.0140	0.0000	0.0000	0.0000	0.0210	0.0070	0.0140	0.0000	0.0000	0.0000	0.0000	0.0000	0.0000	0.0000	0.0000	0.0000	0.0000	0.0000	0.0000	0.0000	0.0000	0.0000	0.0000	0.0000	0.0000											
36	41	0.6610	5	0	2	0	0	0	0	0	0	N	Y	N	N	N	N	N	N	N	N	N	N	inf	inf	inf	inf	5.4366	5.9192	0.0000	7.2509	7.7239	0.0000	0.0000	0.0000	0.0000	0.0000	0.0000	0.0000	0.0000	0.0000	0.0000	0.0000	0.0000	0.0000	0.0000	-0.5204	0.0000	3.0000	5.9998	3.0000	3.0000	2.0000	2.0000	0.0000	2.0000	2.0000	0.0000	0.0000	0.0000	0.0000	0.0000	0.0000	0.0000	0.0000	0.0000	0.0000	0.0000	0.0000	0.0000	0.3679	0.3379	0.0300	0.2758	0.2589	0.0169	0.0920	0.0789	0.0131	0.0333	0.0186	0.0147	0.0165	0.0141	0.0024	0.0168	0.0045	0.0122	inf	inf	0.0000	inf	inf	0.0000	0.0000	0.0000	0.0000	0.0000	0.0000	0.0000	0.0000	0.0000	0.0000	0.0000	0.0000	0.0000						
36	42	0.1522	6	0	2	1	1	0	0	0	0	N	Y	N	N	N	N	N	N	N	N	N	N	0.0000	0.0000	0.0000	0.0000	0.0000	0.0000	0.0000	0.0000	0.0000	0.0000	0.0000	0.0000	0.0000	0.0000	0.0000	0.0000	0.0000	0.0000	0.0000	0.0000	3.0000	0.0011	3.0000	1.0134	0.0000	0.0000	0.0000	0.0000	0.0000	0.0000	0.0000	0.0000	0.0000	0.0000	0.0000	0.0000	0.0000	0.0000	0.0000	0.0000	0.0000	0.0000	0.0002	0.0002	0.0000	0.0001	0.0001	0.0000	0.0001	0.0001	0.0000	0.0094	0.0033	0.0061	0.0000	0.0000	0.0000	0.0094	0.0033	0.0061	0.0000	0.0000	0.0000	0.0000	0.0000	0.0000	0.0000	0.0000	0.0000	0.0000	0.0000	0.0000	0.0000	0.0000	0.0000	0.0000	0.0000	0.0000											
36	43	0.1303	5	0	1	0	1	0	0	0	0	N	N	N	N	N	N	N	N	N	N	N	N	0.1101	0.0465	0.5508	0.5955	0.0002	0.0003	0.0000	0.0036	0.0038	0.0000	0.0000	0.0000	0.0000	0.0023	0.0061	0.0000	0.0066	0.0065	0.0000	0.0000	0.0000	0.0000	0.0000	0.0000	-0.0000	-0.0000	3.0000	2.8187	3.0000	0.0347	0.0001	0.0001	0.0000	0.0001	0.0001	0.0000	0.0000	0.0000	0.0000	0.0000	0.0000	0.0000	0.0000	0.0000	0.0000	0.0000	0.0000	0.0000	0.2404	0.2130	0.0274	0.0165	0.0156	0.0009	0.2239	0.1974	0.0265	0.0382	0.0173	0.0209	0.0090	0.0077	0.0013	0.0292	0.0096	0.0196	0.4771	0.2437	0.0000	1.6416	1.4856	0.0000	0.0000	0.0000	0.0000	0.0005	0.0012	0.0000	0.0022	0.0026	0.0000	0.0000	0.0000	0.0000					
36	44	0.1176	4	0	1	0	0	0	0	0	0	N	N	N	N	N	N	N	N	N	N	N	N	0.1607	inf	0.0000	0.3348	inf	0.0000	0.0007	0.0008	0.0000	0.0000	0.0000	0.0000	0.0008	0.0009	0.0000	0.0045	0.0000	0.0014	0.0000	0.0000	0.0000	0.0022	0.0000	0.0015	0.0000	inf	-0.0000	0.0000	3.0000	0.9605	3.0000	1.0076	0.0001	0.0001	0.0000	0.0000	0.0000	0.0000	0.0001	0.0001	0.0000	0.0000	0.0000	0.0000	0.0000	0.0000	0.0000	0.0000	0.0000	0.0000	0.0823	0.0727	0.0095	0.0024	0.0023	0.0002	0.0798	0.0704	0.0094	0.0267	0.0120	0.0147	0.0062	0.0053	0.0009	0.0205	0.0067	0.0138	0.9737	inf	0.0000	0.0000	0.0000	0.0000	0.7691	inf	0.0000	0.0007	0.0000	0.0014	0.0000	0.0000	0.0000	0.0010	0.0000	0.0015			
36	45	0.6730	7	0	2	1	1	0	0	0	0	N	Y	N	N	N	N	N	N	N	N	N	N	0.0000	0.0000	0.0000	0.0000	0.0000	0.0000	0.0000	0.0000	0.0000	0.0000	0.0000	0.0000	0.0000	0.0000	0.0000	0.0000	0.0000	0.0000	0.0000	0.0000	3.0000	1.0000	3.0000	1.0000	0.0000	0.0000	0.0000	0.0000	0.0000	0.0000	0.0000	0.0000	0.0000	0.0000	0.0000	0.0000	0.0000	0.0000	0.0000	0.0000	0.0000	0.0000	0.0677	0.0612	0.0065	0.0487	0.0452	0.0035	0.0189	0.0159	0.0030	0.0101	0.0052	0.0049	0.0037	0.0032	0.0006	0.0064	0.0021	0.0043	0.0000	0.0000	0.0000	0.0000	0.0000	0.0000	0.0000	0.0000	0.0000	0.0000	0.0000	0.0000	0.0000	0.0000	0.0000	0.0000	0.0000	0.0000											
36	47	0.1176	4	0	2	0	1	0	0	0	0	N	Y	N	N	N	N	N	N	N	N	N	N	0.0000	0.0000	0.0000	0.0000	0.0000	0.0000	0.0000	0.0000	0.0000	0.0000	0.0000	0.0000	0.0000	0.0000	0.0000	0.0000	0.0000	0.0000	0.0000	0.0000	3.0000	0.0000	3.0000	1.0000	0.0000	0.0000	0.0000	0.0000	0.0000	0.0000	0.0000	0.0000	0.0000	0.0000	0.0000	0.0000	0.0000	0.0000	0.0000	0.0000	0.0000	0.0000	0.0000	0.0000	0.0000	0.0000	0.0000	0.0000	0.0000	0.0000	0.0000	0.0139	0.0063	0.0076	0.0033	0.0028	0.0005	0.0106	0.0035	0.0071	0.0000	0.0000	0.0000	0.0000	0.0000	0.0000	0.0000	0.0000	0.0000	0.0000	0.0000	0.0000	0.0000	0.0000	0.0000	0.0000	0.0000	0.0000											
36	49	0.1384	5	0	1	1	0	0	0	0	0	N	N	N	N	N	N	N	N	N	N	N	N	0.0000	0.0000	0.0000	0.0000	0.0000	0.0000	0.0000	0.0000	0.0000	0.0000	0.0000	0.0000	0.0000	0.0000	0.0000	0.0000	0.0000	0.0000	0.0000	0.0000	3.0000	0.0000	3.0000	0.0000	0.0000	0.0000	0.0000	0.0000	0.0000	0.0000	0.0000	0.0000	0.0000	0.0000	0.0000	0.0000	0.0000	0.0000	0.0000	0.0000	0.0000	0.0000	0.0000	0.0000	0.0000	0.0000	0.0000	0.0000	0.0000	0.0000	0.0000	0.0000	0.0000	0.0000	0.0000	0.0000	0.0000	0.0000	0.0000	0.0000	0.0000	0.0000	0.0000	0.0000	0.0000	0.0000	0.0000	0.0000	0.0000	0.0000	0.0000	0.0000	0.0000	0.0000	0.0000	0.0000	0.0000	0.0000											
36	50	0.6820	6	0	1	1	0	0	0	0	0	N	N	N	N	N	N	N	N	N	N	N	N	0.0000	0.0000	0.0000	0.0000	0.0000	0.0000	0.0000	0.0000	0.0000	0.0000	0.0000	0.0000	0.0000	0.0000	0.0000	0.0000	0.0000	0.0000	0.0000	0.0000	3.0000	1.0000	3.0000	1.0000	0.0000	0.0000	0.0000	0.0000	0.0000	0.0000	0.0000	0.0000	0.0000	0.0000	0.0000	0.0000	0.0000	0.0000	0.0000	0.0000	0.0000	0.0000	0.0656	0.0591	0.0065	0.0414	0.0381	0.0033	0.0243	0.0210	0.0033	0.0099	0.0047	0.0052	0.0037	0.0031	0.0006	0.0063	0.0016	0.0046	0.0000	0.0000	0.0000	0.0000	0.0000	0.0000	0.0000	0.0000	0.0000	0.0000	0.0000	0.0000	0.0000	0.0000	0.0000	0.0000	0.0000	0.0000											
36	51	0.6866	6	0	2	0	0	0	0	0	0	N	Y	N	N	N	N	N	N	N	N	N	N	0.0000	0.0000	0.0000	0.0000	0.0000	0.0000	0.0000	0.0000	0.0000	0.0000	0.0000	0.0000	0.0000	0.0000	0.0000	2.3360	0.0000	10.9558	5.1824	0.0000	129.5434	0.0126	0.0000	0.0040	inf	0.0000	0.0035	3.0000	0.0003	3.0000	0.9690	0.0000	0.0000	0.0000	0.0000	0.0000	0.0000	0.0000	0.0000	0.0000	0.0073	0.0000	0.0073	0.0073	0.0000	0.0073	0.0000	0.0000	0.0000	0.0001	0.0001	0.0000	0.0001	0.0000	0.0000	0.0000	0.0000	0.0000	0.0070	0.0042	0.0028	0.0028	0.0025	0.0003	0.0042	0.0018	0.0025	0.0000	0.0000	0.0000	0.0000	0.0000	0.0000	0.0000	0.0000	0.0000	1.0465	0.0000	2.6269	2.6381	0.0000	23.2104	0.0024	0.0000	0.0040				
36	52	0.1417	5	0	2	0	0	0	0	0	0	N	Y	N	N	N	N	N	N	N	N	N	N	0.0000	0.0000	0.0000	0.0000	0.0000	0.0000	0.0000	0.0000	0.0000	0.0000	0.0000	0.0000	0.0000	0.0184	0.0594	0.0000	0.0412	0.0415	0.0000	0.0000	0.0000	0.0000	0.0000	0.0000	-0.0000	3.0000	0.9211	3.0000	0.1671	0.0000	0.0000	0.0000	0.0000	0.0000	0.0000	0.0000	0.0000	0.0000	0.0000	0.0000	0.0000	0.0000	0.0000	0.0000	0.0000	0.0000	0.0000	0.0937	0.0844	0.0094	0.0100	0.0098	0.0002	0.0837	0.0745	0.0092	0.0167	0.0077	0.0090	0.0045	0.0040	0.0005	0.0121	0.0037	0.0085	0.0000	0.0000	0.0000	0.0000	0.0000	0.0000	0.0000	0.0000	0.0000	0.0018	0.0039	0.0000	0.0066	0.0075	0.0000	0.0000	0.0000	0.0000						
36	53	0.6730	7	0	2	0	0	0	0	0	0	N	Y	N	N	N	N	N	N	N	N	N	N	0.0000	0.0000	0.0000	0.0000	0.0000	0.0000	0.0000	0.0000	0.0000	0.0000	0.0000	0.0000	0.0000	0.0000	0.0000	0.0000	0.0000	0.0000	0.0000	0.0000	3.0000	1.0000	3.0000	5.0000	0.0000	0.0000	0.0000	0.0000	0.0000	0.0000	0.0000	0.0000	0.0000	0.0000	0.0000	0.0000	0.0000	0.0000	0.0000	0.0000	0.0000	0.0000	0.0677	0.0612	0.0065	0.0487	0.0452	0.0035	0.0189	0.0159	0.0030	0.0291	0.0151	0.0141	0.0109	0.0092	0.0017	0.0183	0.0059	0.0124	0.0000	0.0000	0.0000	0.0000	0.0000	0.0000	0.0000	0.0000	0.0000	0.0000	0.0000	0.0000	0.0000	0.0000	0.0000	0.0000	0.0000	0.0000											
36	54	0.6578	6	0	1	0	0	0	0	0	0	N	N	N	N	N	N	N	N	N	N	N	N	0.0000	0.0000	0.0000	0.0000	0.0000	0.0000	0.0000	0.0000	0.0000	0.0000	0.0000	0.0000	0.0000	0.1384	0.3973	0.0000	0.1260	0.1434	0.0000	0.0000	0.0000	0.0000	0.0000	0.0000	-0.0000	3.0000	0.0000	3.0000	2.9157	0.0000	0.0000	0.0000	0.0000	0.0000	0.0000	0.0000	0.0000	0.0000	0.0001	0.0001	0.0000	0.0001	0.0001	0.0000	0.0000	0.0000	0.0000	0.0000	0.0000	0.0000	0.0000	0.0000	0.0000	0.0000	0.0000	0.0000	0.0146	0.0075	0.0071	0.0053	0.0045	0.0008	0.0092	0.0030	0.0063	0.0000	0.0000	0.0000	0.0000	0.0000	0.0000	0.0000	0.0000	0.0000	0.0041	0.0080	0.0000	0.0112	0.0133	0.0000	0.0000	0.0000	0.0000						
36	55	0.1176	4	0	2	0	0	0	0	0	0	N	Y	N	N	N	N	N	N	N	N	N	N	0.0000	0.0000	0.0000	0.0000	0.0000	0.0000	0.0000	0.0000	0.0000	0.0000	0.0000	0.0000	0.0000	0.0000	0.0000	0.0000	0.0000	0.0000	0.0000	0.0000	3.0000	2.0000	3.0000	3.0000	0.0000	0.0000	0.0000	0.0000	0.0000	0.0000	0.0000	0.0000	0.0000	0.0000	0.0000	0.0000	0.0000	0.0000	0.0000	0.0000	0.0000	0.0000	0.1642	0.1453	0.0189	0.0050	0.0047	0.0003	0.1592	0.1406	0.0186	0.0634	0.0283	0.0351	0.0143	0.0122	0.0022	0.0490	0.0161	0.0329	0.0000	0.0000	0.0000	0.0000	0.0000	0.0000	0.0000	0.0000	0.0000	0.0000	0.0000	0.0000	0.0000	0.0000	0.0000	0.0000	0.0000	0.0000											
36	56	0.6500	5	0	2	0	1	0	0	0	0	N	Y	N	N	N	N	N	N	N	N	N	N	0.0000	0.0000	0.0000	0.0000	0.0000	0.0000	0.0000	0.0000	0.0000	0.0000	0.0000	0.0000	0.0000	0.0000	0.0000	0.0000	0.0000	0.0000	0.0000	0.0000	3.0000	1.7218	3.0000	6.9557	0.0000	0.0000	0.0000	0.0000	0.0000	0.0000	0.0000	0.0000	0.0000	0.0000	0.0000	0.0000	0.0000	0.0000	0.0000	0.0000	0.0000	0.0000	0.1743	0.1595	0.0148	0.1100	0.1040	0.0060	0.0643	0.0554	0.0088	0.0415	0.0212	0.0203	0.0150	0.0127	0.0023	0.0264	0.0085	0.0180	0.0000	0.0000	0.0000	0.0000	0.0000	0.0000	0.0000	0.0000	0.0000	0.0000	0.0000	0.0000	0.0000	0.0000	0.0000	0.0000	0.0000	0.0000											
36	57	0.6610	5	1	1	1	0	0	0	0	0	N	N	N	N	N	N	N	N	N	N	N	N	0.0000	0.0000	0.0000	0.0000	0.0000	0.0000	0.0000	0.0000	0.0000	0.0000	0.0000	0.0000	0.0000	0.0000	0.0000	0.0000	0.0000	0.0000	0.0000	0.0000	3.0000	8.9999	3.0000	5.0001	0.0000	0.0000	0.0000	0.0000	0.0000	0.0000	0.0000	0.0000	0.0000	0.0000	0.0000	0.0000	0.0000	0.0000	0.0000	0.0000	0.0000	0.0000	0.5076	0.4657	0.0419	0.3731	0.3502	0.0230	0.1345	0.1156	0.0189	0.0497	0.0278	0.0219	0.0247	0.0210	0.0036	0.0250	0.0068	0.0182	0.0000	0.0000	0.0000	0.0000	0.0000	0.0000	0.0000	0.0000	0.0000	0.0000	0.0000	0.0000	0.0000	0.0000	0.0000	0.0000	0.0000	0.0000											
36	59	0.6866	6	0	1	1	0	0	0	0	0	N	N	N	N	N	N	N	N	N	N	N	N	0.0000	0.0000	0.0000	0.0000	0.0000	0.0000	0.0000	0.0000	0.0000	0.0000	0.0000	0.0000	0.0000	0.0000	0.0000	122.0800	208.7020	0.0000	314.3895	357.0503	0.0000	0.0097	0.2796	0.0000	0.0000	0.0000	-0.5181	3.0000	0.0006	3.0000	1.1867	0.0000	0.0000	0.0000	0.0000	0.0000	0.0000	0.0000	0.0000	0.0000	0.9927	0.9927	0.0000	0.9927	0.9927	0.0000	0.0000	0.0000	0.0000	0.0001	0.0001	0.0000	0.0001	0.0001	0.0000	0.0000	0.0000	0.0000	0.0081	0.0048	0.0034	0.0032	0.0028	0.0004	0.0050	0.0020	0.0030	0.0000	0.0000	0.0000	0.0000	0.0000	0.0000	0.0000	0.0000	0.0000	122.0800	208.7020	0.0000	314.3895	357.0503	0.0000	0.0020	0.0051	0.0000				
36	60	0.6500	5	0	1	0	0	0	0	0	0	N	N	N	N	N	N	N	N	N	N	N	N	0.0000	0.0000	0.0000	0.0000	0.0000	0.0000	0.0000	0.0000	0.0000	0.0000	0.0000	0.0000	0.0000	1.5679	2.2873	0.0000	3.0128	3.2176	0.0000	0.0000	0.0000	0.0000	0.0000	0.0000	-0.0038	3.0000	2.2785	3.0000	4.8627	0.0000	0.0000	0.0000	0.0000	0.0000	0.0000	0.0000	0.0000	0.0000	0.0073	0.0073	0.0000	0.0073	0.0073	0.0000	0.0000	0.0000	0.0000	0.2081	0.1900	0.0181	0.1334	0.1257	0.0077	0.0747	0.0643	0.0104	0.0347	0.0177	0.0170	0.0125	0.0106	0.0019	0.0221	0.0071	0.0151	0.0000	0.0000	0.0000	0.0000	0.0000	0.0000	0.0000	0.0000	0.0000	0.2115	0.4146	0.0000	0.5851	0.6920	0.0000	0.0000	0.0000	0.0000						
36	61	0.1417	5	0	1	1	0	0	0	0	0	N	N	N	N	N	N	N	N	N	N	N	N	0.0000	0.0000	0.0000	0.0000	0.0000	0.0000	0.0000	0.0000	0.0000	0.0000	0.0000	0.0000	0.0000	0.0007	0.0023	0.0000	0.0032	0.0030	0.0000	0.0000	0.0000	0.0000	0.0000	0.0000	-0.0000	3.0000	1.0901	3.0000	7.9319	0.0000	0.0000	0.0000	0.0000	0.0000	0.0000	0.0000	0.0000	0.0000	0.0000	0.0000	0.0000	0.0000	0.0000	0.0000	0.0000	0.0000	0.0000	0.1075	0.0965	0.0109	0.0104	0.0102	0.0002	0.0970	0.0863	0.0107	0.1057	0.0471	0.0586	0.0243	0.0206	0.0037	0.0815	0.0266	0.0549	0.0000	0.0000	0.0000	0.0000	0.0000	0.0000	0.0000	0.0000	0.0000	0.0003	0.0006	0.0000	0.0012	0.0015	0.0000	0.0000	0.0000	0.0000						
36	62	0.1116	4	0	1	0	0	0	0	0	0	N	N	N	N	N	N	N	N	N	N	N	N	0.0000	0.0000	0.0000	0.0000	0.0000	0.0000	0.0000	0.0000	0.0000	0.0000	0.0000	0.0000	0.0000	0.0000	0.0000	0.0000	0.0034	0.0009	0.0009	0.0017	0.0015	0.0000	0.0009	0.0000	0.0009	3.0001	0.0000	0.0000	3.0000	1.6797	3.0000	2.9843	0.0000	0.0000	0.0000	0.0000	0.0000	0.0000	0.0000	0.0000	0.0000	0.0000	0.0000	0.0000	0.0000	0.0000	0.0000	0.0000	0.0000	0.0000	0.1401	0.1240	0.0161	0.0045	0.0042	0.0003	0.1356	0.1198	0.0159	0.0617	0.0279	0.0338	0.0148	0.0127	0.0021	0.0469	0.0152	0.0317	0.0000	0.0000	0.0000	0.0000	0.0000	0.0000	0.0000	0.0000	0.0000	0.0006	0.0004	0.0009	0.0007	0.0008	0.0000	0.0006	0.0000	0.0009			
36	63	0.1014	3	0	1	0	0	0	0	0	0	N	N	N	N	N	N	N	N	N	N	N	N	0.0000	0.0000	0.0000	0.0000	0.0000	0.0000	0.0000	0.0000	0.0000	0.0000	0.0000	0.0000	0.0000	0.0000	0.0000	0.0000	0.4783	0.8433	0.0006	0.6357	0.6465	0.0000	0.0005	0.0000	0.0007	0.0312	0.0000	-0.0002	3.0000	0.4935	3.0000	1.5835	0.0000	0.0000	0.0000	0.0000	0.0000	0.0000	0.0000	0.0000	0.0000	0.0003	0.0003	0.0000	0.0003	0.0003	0.0000	0.0000	0.0000	0.0000	0.0437	0.0387	0.0050	0.0019	0.0017	0.0001	0.0419	0.0369	0.0049	0.0310	0.0151	0.0159	0.0078	0.0069	0.0010	0.0232	0.0082	0.0150	0.0000	0.0000	0.0000	0.0000	0.0000	0.0000	0.0000	0.0000	0.0000	0.0106	0.0212	0.0006	0.0409	0.0467	0.0000	0.0004	0.0000	0.0007			
36	64	0.1384	5	0	2	0	0	0	0	0	0	N	Y	N	N	N	N	N	N	N	N	N	N	0.0000	0.0000	0.0000	0.0000	0.0000	0.0000	0.0000	0.0000	0.0000	0.0000	0.0000	0.0000	0.0000	0.1660	0.4512	0.0000	0.2652	0.2894	0.0000	0.0000	0.0000	0.0000	0.0000	0.0000	-0.0000	3.0000	0.2944	3.0000	1.0083	0.0000	0.0000	0.0000	0.0000	0.0000	0.0000	0.0000	0.0000	0.0000	0.0001	0.0001	0.0000	0.0001	0.0001	0.0000	0.0000	0.0000	0.0000	0.0885	0.0818	0.0067	0.0337	0.0335	0.0002	0.0548	0.0483	0.0065	0.0177	0.0083	0.0094	0.0047	0.0041	0.0006	0.0130	0.0042	0.0088	0.0000	0.0000	0.0000	0.0000	0.0000	0.0000	0.0000	0.0000	0.0000	0.0045	0.0097	0.0000	0.0170	0.0197	0.0000	0.0000	0.0000	0.0000						
36	65	0.1176	4	0	1	0	0	0	0	0	0	N	N	N	N	N	N	N	N	N	N	N	N	0.0000	0.0000	0.0000	0.0000	0.0000	0.0000	0.0000	0.0000	0.0000	0.0000	0.0000	0.0000	0.0000	0.0000	0.0000	23.8401	53.1227	0.0009	0.0000	0.0000	0.0000	30.9850	94.5165	0.0009	0.0000	0.0000	-0.5219	3.0000	1.1351	3.0000	2.0429	0.0000	0.0000	0.0000	0.0000	0.0000	0.0000	0.0000	0.0000	0.0000	1.0001	1.0001	0.0000	0.0000	0.0000	0.0000	1.0001	1.0001	0.0000	0.0965	0.0853	0.0112	0.0029	0.0027	0.0002	0.0936	0.0827	0.0110	0.0419	0.0188	0.0231	0.0097	0.0082	0.0014	0.0323	0.0106	0.0217	0.0000	0.0000	0.0000	0.0000	0.0000	0.0000	0.0000	0.0000	0.0000	23.8401	53.1227	0.0009	0.0000	0.0000	0.0000	30.9850	94.5165	0.0009				
36	66	0.1014	3	0	1	0	0	0	0	0	0	N	N	N	N	N	N	N	N	N	N	N	N	0.0000	0.0000	0.0000	0.0000	0.0000	0.0000	0.0000	0.0000	0.0000	0.0000	0.0000	0.0000	0.0000	0.3646	0.7116	0.0000	0.4942	0.5184	0.0000	0.0000	0.0000	0.0000	0.0000	0.0000	-0.0002	3.0000	0.4912	3.0000	2.4266	0.0000	0.0000	0.0000	0.0000	0.0000	0.0000	0.0000	0.0000	0.0000	0.0003	0.0003	0.0000	0.0003	0.0003	0.0000	0.0000	0.0000	0.0000	0.0435	0.0385	0.0050	0.0019	0.0017	0.0001	0.0417	0.0368	0.0049	0.0416	0.0197	0.0219	0.0101	0.0088	0.0013	0.0315	0.0109	0.0206	0.0000	0.0000	0.0000	0.0000	0.0000	0.0000	0.0000	0.0000	0.0000	0.0077	0.0162	0.0000	0.0316	0.0364	0.0000	0.0000	0.0000	0.0000						
36	67	0.0963	2	0	1	0	0	0	0	0	0	N	N	N	N	N	N	N	N	N	N	N	N	0.0000	0.0000	0.0000	0.0000	0.0000	0.0000	0.0000	0.0000	0.0000	0.0000	0.0000	0.0000	0.0000	0.0000	0.0000	0.0000	1.1597	1.5462	0.0598	2.0522	2.0624	0.0000	0.0569	0.0000	0.0231	0.0638	0.0000	-0.0025	3.0000	0.6141	3.0000	1.2701	0.0000	0.0000	0.0000	0.0000	0.0000	0.0000	0.0000	0.0000	0.0000	0.0053	0.0050	0.0003	0.0050	0.0050	0.0000	0.0003	0.0000	0.0003	0.0846	0.0769	0.0077	0.0297	0.0283	0.0014	0.0550	0.0486	0.0064	0.0729	0.0556	0.0172	0.0251	0.0246	0.0005	0.0478	0.0311	0.0167	0.0000	0.0000	0.0000	0.0000	0.0000	0.0000	0.0000	0.0000	0.0000	0.0728	0.0897	0.0185	0.1991	0.2032	0.0000	0.0067	0.0000	0.0190			
36	69	0.7064	7	1	2	1	0	0	0	0	0	N	Y	N	N	N	N	N	N	N	N	N	N	0.0000	0.0000	0.0000	0.0000	0.0000	0.0000	0.0000	0.0000	0.0000	0.0000	0.0000	0.0000	0.0000	0.0000	0.0000	0.0000	0.0000	0.0000	0.0000	0.0000	3.0000	1.0000	3.0000	0.0000	0.0000	0.0000	0.0000	0.0000	0.0000	0.0000	0.0000	0.0000	0.0000	0.0000	0.0000	0.0000	0.0000	0.0000	0.0000	0.0000	0.0000	0.0000	0.1289	0.1188	0.0101	0.1016	0.0954	0.0061	0.0273	0.0233	0.0040	0.0063	0.0037	0.0026	0.0037	0.0031	0.0005	0.0026	0.0005	0.0021	0.0000	0.0000	0.0000	0.0000	0.0000	0.0000	0.0000	0.0000	0.0000	0.0000	0.0000	0.0000	0.0000	0.0000	0.0000	0.0000	0.0000	0.0000											
36	70	0.7064	7	1	2	1	0	0	0	0	0	N	Y	N	N	N	N	N	N	N	N	N	N	0.0000	0.0000	0.0000	0.0000	0.0000	0.0000	0.0000	0.0000	0.0000	0.0000	0.0000	0.0000	0.0000	0.0000	0.0000	0.0000	0.0000	0.0000	0.0000	0.0000	3.0000	0.0000	3.0000	0.0000	0.0000	0.0000	0.0000	0.0000	0.0000	0.0000	0.0000	0.0000	0.0000	0.0000	0.0000	0.0000	0.0000	0.0000	0.0000	0.0000	0.0000	0.0000	0.0000	0.0000	0.0000	0.0000	0.0000	0.0000	0.0000	0.0000	0.0000	0.0000	0.0000	0.0000	0.0000	0.0000	0.0000	0.0000	0.0000	0.0000	0.0000	0.0000	0.0000	0.0000	0.0000	0.0000	0.0000	0.0000	0.0000	0.0000	0.0000	0.0000	0.0000	0.0000	0.0000	0.0000	0.0000	0.0000											
36	71	0.6840	6	1	2	1	0	0	0	0	0	N	Y	N	N	N	N	N	N	N	N	N	N	0.0000	0.0000	0.0000	0.0000	0.0000	0.0000	0.0000	0.0000	0.0000	0.0000	0.0000	0.0000	0.0000	0.0000	0.0000	0.0000	0.0000	0.0000	0.0000	0.0000	3.0000	2.0000	3.0000	1.0000	0.0000	0.0000	0.0000	0.0000	0.0000	0.0000	0.0000	0.0000	0.0000	0.0000	0.0000	0.0000	0.0000	0.0000	0.0000	0.0000	0.0000	0.0000	0.2418	0.2225	0.0194	0.1876	0.1761	0.0115	0.0542	0.0463	0.0078	0.0185	0.0106	0.0078	0.0106	0.0091	0.0016	0.0078	0.0016	0.0062	0.0000	0.0000	0.0000	0.0000	0.0000	0.0000	0.0000	0.0000	0.0000	0.0000	0.0000	0.0000	0.0000	0.0000	0.0000	0.0000	0.0000	0.0000											
36	72	0.6610	5	1	1	1	0	0	0	0	0	N	N	N	N	N	N	N	N	N	N	N	N	0.0000	0.0000	0.0000	0.0000	0.0000	0.0000	0.0000	0.0000	0.0000	0.0000	0.0000	0.0000	0.0000	0.0000	0.0000	0.0000	0.0000	0.0000	0.0000	0.0000	3.0000	1.0017	3.0000	2.0007	0.0000	0.0000	0.0000	0.0000	0.0000	0.0000	0.0000	0.0000	0.0000	0.0000	0.0000	0.0000	0.0000	0.0000	0.0000	0.0000	0.0000	0.0000	0.0724	0.0666	0.0058	0.0563	0.0529	0.0034	0.0161	0.0138	0.0023	0.0117	0.0065	0.0052	0.0058	0.0050	0.0008	0.0059	0.0016	0.0043	0.0000	0.0000	0.0000	0.0000	0.0000	0.0000	0.0000	0.0000	0.0000	0.0000	0.0000	0.0000	0.0000	0.0000	0.0000	0.0000	0.0000	0.0000											
36	73	0.0829	2	1	2	0	0	0	0	0	0	N	Y	N	N	N	N	N	N	N	N	N	N	0.0000	0.0000	0.0000	0.0000	0.0000	0.0000	0.0000	0.0000	0.0000	0.0000	0.0000	0.0000	0.0000	0.0000	0.0000	0.0000	0.0000	0.0000	0.0000	0.0000	3.0000	0.0000	3.0000	0.0000	0.0000	0.0000	0.0000	0.0000	0.0000	0.0000	0.0000	0.0000	0.0000	0.0000	0.0000	0.0000	0.0000	0.0000	0.0000	0.0000	0.0000	0.0000	0.0000	0.0000	0.0000	0.0000	0.0000	0.0000	0.0000	0.0000	0.0000	0.0000	0.0000	0.0000	0.0000	0.0000	0.0000	0.0000	0.0000	0.0000	0.0000	0.0000	0.0000	0.0000	0.0000	0.0000	0.0000	0.0000	0.0000	0.0000	0.0000	0.0000	0.0000	0.0000	0.0000	0.0000	0.0000	0.0000											
36	74	0.6880	6	1	2	0	0	0	0	0	0	N	Y	N	N	N	N	N	N	N	N	N	N	0.0000	0.0000	0.0000	0.0000	0.0000	0.0000	0.0000	0.0000	0.0000	0.0000	0.0000	0.0000	0.0000	0.0000	0.0000	0.0000	0.0000	0.0000	0.0000	0.0000	3.0000	0.0000	3.0000	0.0010	0.0000	0.0000	0.0000	0.0000	0.0000	0.0000	0.0000	0.0000	0.0000	0.0000	0.0000	0.0000	0.0000	0.0000	0.0000	0.0000	0.0000	0.0000	0.0000	0.0000	0.0000	0.0000	0.0000	0.0000	0.0000	0.0000	0.0000	0.0000	0.0000	0.0000	0.0000	0.0000	0.0000	0.0000	0.0000	0.0000	0.0000	0.0000	0.0000	0.0000	0.0000	0.0000	0.0000	0.0000	0.0000	0.0000	0.0000	0.0000	0.0000	0.0000	0.0000	0.0000	0.0000	0.0000											
36	75	0.6772	8	0	2	0	1	0	0	0	0	N	Y	N	N	N	N	N	N	N	N	N	N	0.0000	0.0000	0.0000	0.0000	0.0000	0.0000	0.0000	0.0000	0.0000	0.0000	0.0000	0.0000	0.0000	0.0000	0.0000	0.0000	0.0000	0.0000	0.0000	0.0000	3.0000	0.0000	3.0000	0.0000	0.0000	0.0000	0.0000	0.0000	0.0000	0.0000	0.0000	0.0000	0.0000	0.0000	0.0000	0.0000	0.0000	0.0000	0.0000	0.0000	0.0000	0.0000	0.0000	0.0000	0.0000	0.0000	0.0000	0.0000	0.0000	0.0000	0.0000	0.0000	0.0000	0.0000	0.0000	0.0000	0.0000	0.0000	0.0000	0.0000	0.0000	0.0000	0.0000	0.0000	0.0000	0.0000	0.0000	0.0000	0.0000	0.0000	0.0000	0.0000	0.0000	0.0000	0.0000	0.0000	0.0000	0.0000											
36	76	0.6772	8	0	1	0	1	0	0	0	0	N	N	N	N	N	N	N	N	N	N	N	N	0.0000	0.0000	0.0000	0.0000	0.0000	0.0000	0.0000	0.0000	0.0000	0.0000	0.0000	0.0000	0.0000	0.0000	0.0000	0.0000	0.0000	0.0000	0.0000	0.0000	3.0000	0.0000	3.0000	0.0000	0.0000	0.0000	0.0000	0.0000	0.0000	0.0000	0.0000	0.0000	0.0000	0.0000	0.0000	0.0000	0.0000	0.0000	0.0000	0.0000	0.0000	0.0000	0.0000	0.0000	0.0000	0.0000	0.0000	0.0000	0.0000	0.0000	0.0000	0.0000	0.0000	0.0000	0.0000	0.0000	0.0000	0.0000	0.0000	0.0000	0.0000	0.0000	0.0000	0.0000	0.0000	0.0000	0.0000	0.0000	0.0000	0.0000	0.0000	0.0000	0.0000	0.0000	0.0000	0.0000	0.0000	0.0000											
36	77	0.6618	7	0	1	0	1	0	0	0	0	N	N	N	N	N	N	N	N	N	N	N	N	0.0000	0.0000	0.0000	0.0000	0.0000	0.0000	0.0000	0.0000	0.0000	0.0000	0.0000	0.0000	0.0000	0.0038	0.0073	0.0000	0.0047	0.0048	0.0000	0.0000	0.0000	0.0000	0.0000	0.0000	-0.0000	3.0000	0.0002	3.0000	2.9297	0.0000	0.0000	0.0000	0.0000	0.0000	0.0000	0.0000	0.0000	0.0000	0.0000	0.0000	0.0000	0.0000	0.0000	0.0000	0.0000	0.0000	0.0000	0.0000	0.0000	0.0000	0.0000	0.0000	0.0000	0.0000	0.0000	0.0000	0.0148	0.0076	0.0072	0.0055	0.0046	0.0008	0.0094	0.0030	0.0064	0.0000	0.0000	0.0000	0.0000	0.0000	0.0000	0.0000	0.0000	0.0000	0.0007	0.0013	0.0000	0.0018	0.0022	0.0000	0.0000	0.0000	0.0000						
36	78	0.6578	6	0	1	0	1	0	0	0	0	N	N	N	N	N	N	N	N	N	N	N	N	0.0000	0.0000	0.0000	0.0000	0.0000	0.0000	0.0000	0.0000	0.0000	0.0000	0.0000	0.0000	0.0000	0.0000	0.0000	0.0000	0.2962	0.4922	0.0019	0.2233	0.2359	0.0000	0.0048	0.0000	0.0021	0.1667	0.0000	-0.0000	3.0000	0.0003	3.0000	2.1916	0.0000	0.0000	0.0000	0.0000	0.0000	0.0000	0.0000	0.0000	0.0000	0.0001	0.0001	0.0000	0.0001	0.0001	0.0000	0.0000	0.0000	0.0000	0.0000	0.0000	0.0000	0.0000	0.0000	0.0000	0.0000	0.0000	0.0000	0.0110	0.0057	0.0054	0.0040	0.0034	0.0006	0.0070	0.0022	0.0047	0.0000	0.0000	0.0000	0.0000	0.0000	0.0000	0.0000	0.0000	0.0000	0.0064	0.0106	0.0019	0.0149	0.0176	0.0000	0.0014	0.0000	0.0021			
36	79	0.6500	5	0	1	0	0	0	0	0	0	N	N	N	N	N	N	N	N	N	N	N	N	0.0000	0.0000	0.0000	0.0000	0.0000	0.0000	0.0000	0.0000	0.0000	0.0000	0.0000	0.0000	0.0000	0.3335	0.0000	0.0465	0.0000	0.0000	0.0000	0.1570	0.0000	0.0174	inf	0.0000	0.0000	3.0000	0.2782	3.0000	1.3600	0.0000	0.0000	0.0000	0.0000	0.0000	0.0000	0.0000	0.0000	0.0000	0.0001	0.0000	0.0001	0.0000	0.0000	0.0000	0.0001	0.0000	0.0001	0.0811	0.0755	0.0056	0.0445	0.0435	0.0010	0.0365	0.0320	0.0046	0.0084	0.0043	0.0041	0.0030	0.0025	0.0005	0.0054	0.0017	0.0037	0.0000	0.0000	0.0000	0.0000	0.0000	0.0000	0.0000	0.0000	0.0000	0.0071	0.0000	0.0145	0.0000	0.0000	0.0000	0.0111	0.0000	0.0164						
36	80	0.6936	7	0	2	1	0	0	0	0	0	N	Y	N	N	N	N	N	N	N	N	N	N	0.0000	0.0000	0.0000	0.0000	0.0000	0.0000	0.0000	0.0000	0.0000	0.0000	0.0000	0.0000	0.0000	0.0000	0.0000	0.0000	0.0000	0.0000	0.0000	0.0000	3.0000	0.0029	3.0000	2.0135	0.0000	0.0000	0.0000	0.0000	0.0000	0.0000	0.0000	0.0000	0.0000	0.0000	0.0000	0.0000	0.0000	0.0000	0.0000	0.0000	0.0000	0.0000	0.0004	0.0004	0.0000	0.0003	0.0002	0.0000	0.0002	0.0001	0.0000	0.0129	0.0089	0.0039	0.0087	0.0080	0.0006	0.0042	0.0009	0.0033	0.0000	0.0000	0.0000	0.0000	0.0000	0.0000	0.0000	0.0000	0.0000	0.0000	0.0000	0.0000	0.0000	0.0000	0.0000	0.0000	0.0000	0.0000											
36	81	0.6870	6	0	2	0	0	0	0	0	0	N	Y	N	N	N	N	N	N	N	N	N	N	9.2376	163.3278	0.0000	77.4256	574.0265	0.0000	0.2669	inf	0.0000	2.1128	2.3232	0.0000	2.7518	2.9281	0.0000	0.0098	0.0122	0.0000	0.2287	0.0142	0.0263	0.0355	0.0051	0.1115	0.0369	0.0000	0.0059	0.0000	4.0000	-0.0527	0.0000	3.0000	0.6188	3.0000	0.9475	0.2026	0.2026	0.0000	0.2024	0.2024	0.0000	0.0002	0.0002	0.0000	0.0001	0.0000	0.0000	0.0000	0.0000	0.0000	0.0000	0.0000	0.0000	0.0959	0.0872	0.0087	0.0736	0.0691	0.0044	0.0223	0.0181	0.0043	0.0091	0.0052	0.0039	0.0049	0.0044	0.0005	0.0041	0.0007	0.0034	383.5171	1200.5867	0.0000	451.9220	1298.2356	0.0000	2.0422	inf	0.0000	0.0055	0.0019	0.0102	0.0061	0.0023	0.0406	0.0048	0.0000	0.0059
36	82	0.0861	2	0	2	1	0	0	0	0	0	N	Y	N	N	N	N	N	N	N	N	N	N	0.0000	0.0000	0.0000	0.0000	0.0000	0.0000	0.0000	0.0000	0.0000	0.0000	0.0000	0.0000	0.0000	0.0000	0.0000	0.0000	0.0000	0.0000	0.0000	0.0000	3.0000	0.0000	3.0000	1.0000	0.0000	0.0000	0.0000	0.0000	0.0000	0.0000	0.0000	0.0000	0.0000	0.0000	0.0000	0.0000	0.0000	0.0000	0.0000	0.0000	0.0000	0.0000	0.0000	0.0000	0.0000	0.0000	0.0000	0.0000	0.0000	0.0000	0.0000	0.0107	0.0035	0.0072	0.0000	0.0000	0.0000	0.0107	0.0035	0.0072	0.0000	0.0000	0.0000	0.0000	0.0000	0.0000	0.0000	0.0000	0.0000	0.0000	0.0000	0.0000	0.0000	0.0000	0.0000	0.0000	0.0000	0.0000											
36	83	0.6610	5	1	1	1	0	0	0	0	0	N	N	N	N	N	N	N	N	N	N	N	N	0.0000	0.0000	0.0000	0.0000	0.0000	0.0000	0.0000	0.0000	0.0000	0.0000	0.0000	0.0000	0.0000	23.0880	41.2275	0.0000	46.5155	54.5198	0.0000	0.0000	0.0000	0.0000	0.0000	0.0000	-0.5219	3.0000	9.0001	3.0000	3.0001	0.0000	0.0000	0.0000	0.0000	0.0000	0.0000	0.0000	0.0000	0.0000	1.0000	1.0000	0.0000	1.0000	1.0000	0.0000	0.0000	0.0000	0.0000	0.5076	0.4658	0.0419	0.3732	0.3502	0.0230	0.1345	0.1156	0.0189	0.0433	0.0243	0.0191	0.0215	0.0183	0.0032	0.0218	0.0059	0.0159	0.0000	0.0000	0.0000	0.0000	0.0000	0.0000	0.0000	0.0000	0.0000	23.0880	41.2275	0.0000	46.5155	54.5198	0.0000	0.0000	0.0000	0.0000						
36	85	0.1098	2	1	2	0	0	0	0	0	0	N	Y	N	N	N	N	N	N	N	N	N	N	0.0013	0.0010	0.0000	0.0000	inf	inf	0.0029	0.0032	0.0000	0.0000	0.0000	0.0000	0.0034	0.0039	0.0000	2.1824	3.1634	0.0000	7.6278	7.9915	0.0000	0.0000	0.0000	0.0000	0.0000	0.0000	-0.0001	-0.0175	3.0000	1.0086	3.0000	1.7435	0.0003	0.0003	0.0000	0.0000	0.0000	0.0000	0.0003	0.0003	0.0000	0.0336	0.0336	0.0000	0.0336	0.0336	0.0000	0.0000	0.0000	0.0000	0.0935	0.0832	0.0102	0.0139	0.0133	0.0005	0.0796	0.0699	0.0097	0.0403	0.0188	0.0215	0.0044	0.0042	0.0002	0.0359	0.0146	0.0213	0.0035	0.0018	0.0000	0.0000	0.0000	0.0000	inf	inf	0.0000	0.8333	1.7867	0.0000	7.6278	7.9915	0.0000	0.0000	0.0000	0.0000			
36	87	0.6198	4	1	2	0	0	0	0	0	0	N	Y	N	N	N	N	N	N	N	N	N	N	inf	inf	inf	inf	1.8679	2.0685	0.0000	3.1125	3.3410	0.0000	0.0000	0.0000	0.0000	0.0000	0.0000	0.0000	0.0000	0.0000	0.0000	0.0000	0.0000	0.0000	0.0000	-0.2602	0.0000	3.0000	9.0005	3.0000	5.0000	1.0000	1.0000	0.0000	1.0000	1.0000	0.0000	0.0000	0.0000	0.0000	0.0000	0.0000	0.0000	0.0000	0.0000	0.0000	0.0000	0.0000	0.0000	0.5354	0.4834	0.0519	0.3213	0.2993	0.0220	0.2141	0.1841	0.0299	0.0705	0.0352	0.0353	0.0235	0.0199	0.0036	0.0470	0.0153	0.0317	inf	inf	0.0000	inf	inf	0.0000	0.0000	0.0000	0.0000	0.0000	0.0000	0.0000	0.0000	0.0000	0.0000	0.0000	0.0000	0.0000						
36	88	0.0861	2	0	2	0	0	0	0	0	0	N	Y	N	N	N	N	N	N	N	N	N	N	0.0000	0.0000	0.0000	0.0000	0.0000	0.0000	0.0000	0.0000	0.0000	0.0000	0.0000	0.0000	0.0000	0.0000	0.0000	0.0000	0.0000	0.0000	0.0000	0.0000	3.0000	0.0000	3.0000	0.0000	0.0000	0.0000	0.0000	0.0000	0.0000	0.0000	0.0000	0.0000	0.0000	0.0000	0.0000	0.0000	0.0000	0.0000	0.0000	0.0000	0.0000	0.0000	0.0000	0.0000	0.0000	0.0000	0.0000	0.0000	0.0000	0.0000	0.0000	0.0000	0.0000	0.0000	0.0000	0.0000	0.0000	0.0000	0.0000	0.0000	0.0000	0.0000	0.0000	0.0000	0.0000	0.0000	0.0000	0.0000	0.0000	0.0000	0.0000	0.0000	0.0000	0.0000	0.0000	0.0000	0.0000	0.0000											
36	89	0.6870	6	0	2	0	0	0	0	0	0	N	Y	N	N	N	N	N	N	N	N	N	N	0.0000	0.0000	0.0000	0.0000	0.0000	0.0000	0.0000	0.0000	0.0000	0.0000	0.0000	0.0000	0.0000	0.0039	0.0062	0.0000	0.0032	0.0029	0.0000	0.0000	0.0000	0.0000	0.0000	0.0000	-0.0000	3.0000	1.9953	3.0000	1.0817	0.0000	0.0000	0.0000	0.0000	0.0000	0.0000	0.0000	0.0000	0.0000	0.0000	0.0000	0.0000	0.0000	0.0000	0.0000	0.0000	0.0000	0.0000	0.1758	0.1608	0.0150	0.1339	0.1257	0.0082	0.0419	0.0351	0.0068	0.0146	0.0085	0.0061	0.0080	0.0071	0.0010	0.0065	0.0014	0.0051	0.0000	0.0000	0.0000	0.0000	0.0000	0.0000	0.0000	0.0000	0.0000	0.0007	0.0012	0.0000	0.0012	0.0014	0.0000	0.0000	0.0000	0.0000						
36	90	0.6610	5	0	2	0	0	0	0	0	0	N	Y	N	N	N	N	N	N	N	N	N	N	210.3677	167.8923	3.2626	516.3476	519.7872	inf	0.0000	0.0000	4.8430	5.2645	0.0030	6.2960	6.7032	0.0052	0.0000	0.0000	0.0000	0.0230	0.0314	0.0009	0.0122	0.0129	0.0000	0.0013	0.0000	0.0011	0.0001	0.2500	-0.2077	-0.0000	3.0000	2.3999	3.0000	4.0713	0.7985	0.7984	0.0000	0.7985	0.7984	0.0000	0.0000	0.0000	0.0000	0.0001	0.0000	0.0000	0.0000	0.0000	0.0000	0.0000	0.0000	0.0000	0.1649	0.1517	0.0132	0.1268	0.1191	0.0077	0.0381	0.0326	0.0055	0.0245	0.0137	0.0108	0.0121	0.0104	0.0018	0.0123	0.0033	0.0090	2370.0280	1802.5297	3.2626	1910.6688	1736.9053	inf	0.0000	0.0000	0.0000	0.0020	0.0029	0.0009	0.0033	0.0039	0.0000	0.0008	0.0000	0.0011	
36	91	0.6820	6	0	1	1	0	0	0	0	0	N	N	N	N	N	N	N	N	N	N	N	N	0.0000	0.0000	0.0000	0.0000	0.0000	0.0000	0.0000	0.0000	0.0000	0.0000	0.0000	0.0000	0.0000	0.0000	0.0000	0.0000	0.0000	0.0000	0.0000	0.0000	3.0000	0.0000	3.0000	0.0000	0.0000	0.0000	0.0000	0.0000	0.0000	0.0000	0.0000	0.0000	0.0000	0.0000	0.0000	0.0000	0.0000	0.0000	0.0000	0.0000	0.0000	0.0000	0.0000	0.0000	0.0000	0.0000	0.0000	0.0000	0.0000	0.0000	0.0000	0.0000	0.0000	0.0000	0.0000	0.0000	0.0000	0.0000	0.0000	0.0000	0.0000	0.0000	0.0000	0.0000	0.0000	0.0000	0.0000	0.0000	0.0000	0.0000	0.0000	0.0000	0.0000	0.0000	0.0000	0.0000	0.0000	0.0000											
36	92	0.6500	5	0	1	1	0	0	0	0	0	N	N	N	N	N	N	N	N	N	N	N	N	0.0000	0.0000	0.0000	0.0000	0.0000	0.0000	0.0000	0.0000	0.0000	0.0000	0.0000	0.0000	0.0000	0.0000	0.0000	0.0000	0.0000	0.0000	0.0000	0.0000	3.0000	3.7221	3.0000	2.9993	0.0000	0.0000	0.0000	0.0000	0.0000	0.0000	0.0000	0.0000	0.0000	0.0000	0.0000	0.0000	0.0000	0.0000	0.0000	0.0000	0.0000	0.0000	0.2912	0.2649	0.0263	0.1901	0.1782	0.0118	0.1012	0.0867	0.0145	0.0328	0.0167	0.0161	0.0118	0.0100	0.0018	0.0209	0.0067	0.0142	0.0000	0.0000	0.0000	0.0000	0.0000	0.0000	0.0000	0.0000	0.0000	0.0000	0.0000	0.0000	0.0000	0.0000	0.0000	0.0000	0.0000	0.0000											
36	93	0.6198	4	0	1	0	0	0	0	0	0	N	N	N	N	N	N	N	N	N	N	N	N	inf	inf	inf	inf	0.0004	0.0004	0.0000	0.0006	0.0006	0.0000	0.0000	0.0000	0.0000	0.0000	0.0000	0.0000	0.0000	0.0000	0.0000	0.0000	0.0000	0.0000	0.0000	-0.0000	0.0000	3.0000	2.7217	3.0000	3.0458	0.0001	0.0001	0.0000	0.0001	0.0001	0.0000	0.0000	0.0000	0.0000	0.0000	0.0000	0.0000	0.0000	0.0000	0.0000	0.0000	0.0000	0.0000	0.1908	0.1720	0.0187	0.1192	0.1107	0.0085	0.0716	0.0613	0.0103	0.0320	0.0158	0.0162	0.0104	0.0088	0.0016	0.0216	0.0070	0.0146	inf	inf	0.0000	inf	inf	0.0000	0.0000	0.0000	0.0000	0.0000	0.0000	0.0000	0.0000	0.0000	0.0000	0.0000	0.0000	0.0000						
36	94	0.6773	6	1	2	0	0	0	0	0	0	N	Y	N	N	N	N	N	N	N	N	N	N	inf	inf	inf	inf	2.6085	2.8179	0.0000	3.2984	3.5028	0.0000	0.0000	0.0000	0.0000	0.0000	0.0000	0.0000	0.0000	0.0000	0.0000	0.0000	0.0000	0.0000	0.0000	-0.2531	0.0000	3.0000	5.9980	3.0000	4.9575	0.9727	0.9727	0.0000	0.9727	0.9727	0.0000	0.0000	0.0000	0.0000	0.0000	0.0000	0.0000	0.0000	0.0000	0.0000	0.0000	0.0000	0.0000	0.3729	0.3452	0.0277	0.2949	0.2777	0.0172	0.0780	0.0675	0.0105	0.0335	0.0204	0.0132	0.0178	0.0150	0.0028	0.0157	0.0054	0.0103	inf	inf	0.0000	inf	inf	0.0000	0.0000	0.0000	0.0000	0.0000	0.0000	0.0000	0.0000	0.0000	0.0000	0.0000	0.0000	0.0000						
36	95	0.0861	2	1	2	0	0	0	0	0	0	N	Y	N	N	N	N	N	N	N	N	N	N	0.0000	0.0000	0.0000	0.0000	0.0000	0.0000	0.0000	0.0000	0.0000	0.0000	0.0000	0.0000	0.0000	0.0000	0.0000	0.0000	0.0000	0.0000	0.0000	0.0000	3.0000	0.0000	3.0000	2.0000	0.0000	0.0000	0.0000	0.0000	0.0000	0.0000	0.0000	0.0000	0.0000	0.0000	0.0000	0.0000	0.0000	0.0000	0.0000	0.0000	0.0000	0.0000	0.0000	0.0000	0.0000	0.0000	0.0000	0.0000	0.0000	0.0000	0.0000	0.0210	0.0070	0.0140	0.0000	0.0000	0.0000	0.0210	0.0070	0.0140	0.0000	0.0000	0.0000	0.0000	0.0000	0.0000	0.0000	0.0000	0.0000	0.0000	0.0000	0.0000	0.0000	0.0000	0.0000	0.0000	0.0000	0.0000											
36	97	0.6198	4	0	1	0	0	0	0	0	0	N	N	N	N	N	N	N	N	N	N	N	N	inf	inf	inf	inf	3.6976	0.0000	37.7384	5.9705	0.0000	84.8017	0.0000	0.0000	0.0000	0.0000	0.0000	0.0000	0.0000	0.0000	0.0000	0.0000	0.0000	0.0000	inf	0.7398	0.0000	3.0000	3.9994	3.0000	4.0000	0.9999	0.0000	0.9999	0.9999	0.0000	0.9999	0.0000	0.0000	0.0000	0.0000	0.0000	0.0000	0.0000	0.0000	0.0000	0.0000	0.0000	0.0000	0.2704	0.2439	0.0265	0.1675	0.1557	0.0118	0.1030	0.0882	0.0147	0.0432	0.0214	0.0218	0.0141	0.0120	0.0021	0.0291	0.0094	0.0196	inf	0.0000	inf	inf	0.0000	inf	0.0000	0.0000	0.0000	0.0000	0.0000	0.0000	0.0000	0.0000	0.0000	0.0000	0.0000	0.0000						
36	99	0.5088	3	0	1	0	0	0	0	0	0	N	N	N	N	N	N	N	N	N	N	N	N	0.0032	0.0019	0.0000	0.0018	0.0017	0.2723	inf	0.0000	0.0200	0.0222	0.0000	0.0297	0.0320	0.0000	0.0029	0.0034	0.0000	6.3199	11.4862	0.0028	16.8507	18.8078	0.0000	0.0105	0.0000	0.0031	0.0000	0.0002	-0.0007	-0.3094	3.0000	1.5982	3.0000	11.1970	0.0025	0.0025	0.0000	0.0024	0.0024	0.0000	0.0001	0.0001	0.0000	0.5931	0.5930	0.0001	0.5930	0.5930	0.0000	0.0001	0.0000	0.0001	0.1252	0.1126	0.0125	0.0798	0.0741	0.0057	0.0453	0.0385	0.0068	0.0938	0.0516	0.0422	0.0352	0.0315	0.0037	0.0587	0.0201	0.0386	0.0032	0.0019	0.0000	0.0018	0.0017	0.0000	1.4016	inf	0.0000	6.3199	11.4862	0.0028	16.8507	18.8078	0.0000	0.0020	0.0000	0.0031	
36	100	0.6788	7	1	2	1	0	0	0	0	0	N	Y	N	N	N	N	N	N	N	N	N	N	0.0000	0.0000	0.0000	0.0000	0.0000	0.0000	0.0000	0.0000	0.0000	0.0000	0.0000	0.0000	0.0000	0.0000	0.0000	0.0000	0.0000	0.0000	0.0000	0.0000	3.0000	0.0000	3.0000	0.9982	0.0000	0.0000	0.0000	0.0000	0.0000	0.0000	0.0000	0.0000	0.0000	0.0000	0.0000	0.0000	0.0000	0.0000	0.0000	0.0000	0.0000	0.0000	0.0106	0.0098	0.0008	0.0088	0.0084	0.0003	0.0018	0.0014	0.0005	0.0034	0.0021	0.0013	0.0018	0.0015	0.0003	0.0016	0.0005	0.0010	0.0000	0.0000	0.0000	0.0000	0.0000	0.0000	0.0000	0.0000	0.0000	0.0000	0.0000	0.0000	0.0000	0.0000	0.0000	0.0000	0.0000	0.0000											
36	101	0.0984	4	1	2	1	0	0	0	0	0	N	Y	N	N	N	N	N	N	N	N	N	N	0.0000	0.0000	0.0000	0.0000	0.0000	0.0000	0.0000	0.0000	0.0000	0.0000	0.0000	0.0000	0.0000	0.0000	0.0000	0.0000	0.0000	0.0000	0.0000	0.0000	3.0000	0.0000	3.0000	0.0000	0.0000	0.0000	0.0000	0.0000	0.0000	0.0000	0.0000	0.0000	0.0000	0.0000	0.0000	0.0000	0.0000	0.0000	0.0000	0.0000	0.0000	0.0000	0.0000	0.0000	0.0000	0.0000	0.0000	0.0000	0.0000	0.0000	0.0000	0.0000	0.0000	0.0000	0.0000	0.0000	0.0000	0.0000	0.0000	0.0000	0.0000	0.0000	0.0000	0.0000	0.0000	0.0000	0.0000	0.0000	0.0000	0.0000	0.0000	0.0000	0.0000	0.0000	0.0000	0.0000	0.0000	0.0000											
36	102	0.0984	3	1	1	1	0	0	0	0	0	N	N	N	N	N	N	N	N	N	N	N	N	0.0000	0.0000	0.0000	0.0000	0.0000	0.0000	0.0000	0.0000	0.0000	0.0000	0.0000	0.0000	0.0000	0.0000	0.0000	0.0000	0.0000	0.0000	0.0000	0.0000	3.0000	0.0000	3.0000	0.0000	0.0000	0.0000	0.0000	0.0000	0.0000	0.0000	0.0000	0.0000	0.0000	0.0000	0.0000	0.0000	0.0000	0.0000	0.0000	0.0000	0.0000	0.0000	0.0000	0.0000	0.0000	0.0000	0.0000	0.0000	0.0000	0.0000	0.0000	0.0000	0.0000	0.0000	0.0000	0.0000	0.0000	0.0000	0.0000	0.0000	0.0000	0.0000	0.0000	0.0000	0.0000	0.0000	0.0000	0.0000	0.0000	0.0000	0.0000	0.0000	0.0000	0.0000	0.0000	0.0000	0.0000	0.0000											
36	103	0.0923	2	1	1	1	0	0	0	0	0	N	N	N	N	N	N	N	N	N	N	N	N	0.0000	0.0000	0.0000	0.0000	0.0000	0.0000	0.0000	0.0000	0.0000	0.0000	0.0000	0.0000	0.0000	0.0000	0.0000	0.0000	0.0000	0.0000	0.0000	0.0000	3.0000	0.0000	3.0000	1.0091	0.0000	0.0000	0.0000	0.0000	0.0000	0.0000	0.0000	0.0000	0.0000	0.0000	0.0000	0.0000	0.0000	0.0000	0.0000	0.0000	0.0000	0.0000	0.0000	0.0000	0.0000	0.0000	0.0000	0.0000	0.0000	0.0000	0.0000	0.0100	0.0033	0.0067	0.0000	0.0000	0.0000	0.0100	0.0033	0.0067	0.0000	0.0000	0.0000	0.0000	0.0000	0.0000	0.0000	0.0000	0.0000	0.0000	0.0000	0.0000	0.0000	0.0000	0.0000	0.0000	0.0000	0.0000											
36	104	0.6198	4	0	2	0	0	0	0	0	0	N	Y	N	N	N	N	N	N	N	N	N	N	inf	inf	inf	inf	inf	inf	4.1024	2.2721	21.1049	6.7958	3.6489	49.4128	0.0000	0.0000	0.0000	0.0000	0.0000	0.0000	0.0000	0.0000	0.0000	0.0000	0.0000	0.0000	0.9999	0.4796	0.0000	3.0000	7.9994	3.0000	4.0001	1.9999	1.0000	0.9999	1.9999	1.0000	0.9999	0.0000	0.0000	0.0000	0.0000	0.0000	0.0000	0.0000	0.0000	0.0000	0.0000	0.0000	0.0000	0.4875	0.4401	0.0474	0.2943	0.2741	0.0202	0.1932	0.1661	0.0271	0.0618	0.0308	0.0310	0.0205	0.0174	0.0031	0.0413	0.0134	0.0279	inf	inf	inf	inf	inf	inf	0.0000	0.0000	0.0000	0.0000	0.0000	0.0000	0.0000	0.0000	0.0000	0.0000	0.0000	0.0000				
36	105	0.6823	8	1	1	1	0	0	0	0	0	N	N	N	N	N	N	N	N	N	N	N	N	0.0000	0.0000	0.0000	0.0000	0.0000	0.0000	0.0000	0.0000	0.0000	0.0000	0.0000	0.0000	0.0000	153.9899	0.0000	393.2103	0.0000	0.0000	0.0000	331.0332	0.0000	501.5711	inf	0.0000	0.4781	3.0000	1.0000	3.0000	1.0005	0.0000	0.0000	0.0000	0.0000	0.0000	0.0000	0.0000	0.0000	0.0000	1.0000	0.0000	1.0000	0.0000	0.0000	0.0000	1.0000	0.0000	1.0000	0.0709	0.0657	0.0052	0.0574	0.0540	0.0034	0.0135	0.0116	0.0018	0.0065	0.0040	0.0025	0.0035	0.0029	0.0005	0.0030	0.0010	0.0020	0.0000	0.0000	0.0000	0.0000	0.0000	0.0000	0.0000	0.0000	0.0000	153.9899	0.0000	393.2103	0.0000	0.0000	0.0000	331.0332	0.0000	501.5711						
36	106	0.6788	7	1	1	1	0	0	0	0	0	N	N	N	N	N	N	N	N	N	N	N	N	inf	inf	inf	inf	0.5984	0.6459	0.0000	0.7368	0.7794	0.0000	0.0000	0.0000	0.0000	0.0000	0.0000	0.0000	0.0000	0.0000	0.0000	0.0000	0.0000	0.0000	0.0000	-0.0097	0.0000	3.0000	0.7249	3.0000	0.0368	0.0371	0.0371	0.0000	0.0371	0.0371	0.0000	0.0000	0.0000	0.0000	0.0000	0.0000	0.0000	0.0000	0.0000	0.0000	0.0000	0.0000	0.0000	0.0620	0.0575	0.0046	0.0504	0.0476	0.0028	0.0116	0.0098	0.0018	0.0026	0.0016	0.0010	0.0014	0.0012	0.0002	0.0012	0.0004	0.0008	inf	inf	0.0000	inf	inf	0.0000	0.0000	0.0000	0.0000	0.0000	0.0000	0.0000	0.0000	0.0000	0.0000	0.0000	0.0000	0.0000						
36	107	0.6773	6	1	1	1	0	0	0	0	0	N	N	N	N	N	N	N	N	N	N	N	N	inf	inf	inf	inf	2.1693	2.3254	0.0000	2.5505	2.6979	0.0000	0.0000	0.0000	0.0000	0.0000	0.0000	0.0000	0.0000	0.0000	0.0000	0.0000	0.0000	0.0000	0.0000	-0.0227	0.0000	3.0000	0.4159	3.0000	0.0887	0.0871	0.0871	0.0000	0.0871	0.0871	0.0000	0.0000	0.0000	0.0000	0.0000	0.0000	0.0000	0.0000	0.0000	0.0000	0.0000	0.0000	0.0000	0.0402	0.0375	0.0027	0.0342	0.0323	0.0019	0.0060	0.0052	0.0008	0.0020	0.0013	0.0007	0.0011	0.0009	0.0002	0.0009	0.0004	0.0006	inf	inf	0.0000	inf	inf	0.0000	0.0000	0.0000	0.0000	0.0000	0.0000	0.0000	0.0000	0.0000	0.0000	0.0000	0.0000	0.0000						
36	108	0.6610	5	1	1	0	0	0	0	0	0	N	N	N	N	N	N	N	N	N	N	N	N	inf	inf	inf	inf	3.7426	4.0715	0.0000	4.9222	5.2420	0.0000	0.0000	0.0000	0.0000	0.0000	0.0000	0.0000	0.0000	0.0000	0.0000	0.0000	0.0000	0.0000	0.0000	-0.2536	0.0000	3.0000	3.9943	3.0000	0.9974	0.9745	0.9745	0.0000	0.9745	0.9745	0.0000	0.0000	0.0000	0.0000	0.0000	0.0000	0.0000	0.0000	0.0000	0.0000	0.0000	0.0000	0.0000	0.2604	0.2393	0.0210	0.1980	0.1859	0.0121	0.0624	0.0534	0.0090	0.0191	0.0107	0.0084	0.0095	0.0081	0.0014	0.0096	0.0026	0.0070	inf	inf	0.0000	inf	inf	0.0000	0.0000	0.0000	0.0000	0.0000	0.0000	0.0000	0.0000	0.0000	0.0000	0.0000	0.0000	0.0000						
36	109	0.0923	2	1	1	1	0	0	0	0	0	N	N	N	N	N	N	N	N	N	N	N	N	0.0000	0.0000	0.0000	0.0000	0.0000	0.0000	0.0000	0.0000	0.0000	0.0000	0.0000	0.0000	0.0000	0.0000	0.0000	0.0000	0.0000	0.0000	0.0000	0.0000	3.0000	0.0000	3.0000	0.9909	0.0000	0.0000	0.0000	0.0000	0.0000	0.0000	0.0000	0.0000	0.0000	0.0000	0.0000	0.0000	0.0000	0.0000	0.0000	0.0000	0.0000	0.0000	0.0000	0.0000	0.0000	0.0000	0.0000	0.0000	0.0000	0.0000	0.0000	0.0098	0.0032	0.0066	0.0000	0.0000	0.0000	0.0098	0.0032	0.0066	0.0000	0.0000	0.0000	0.0000	0.0000	0.0000	0.0000	0.0000	0.0000	0.0000	0.0000	0.0000	0.0000	0.0000	0.0000	0.0000	0.0000	0.0000											
36	112	0.6656	5	0	1	1	0	0	0	0	0	N	N	N	N	N	N	N	N	N	N	N	N	0.0000	0.0000	0.0000	0.0000	0.0000	0.0000	0.0000	0.0000	0.0000	0.0000	0.0000	0.0000	0.0000	0.0000	0.0000	0.0000	0.0000	0.0000	0.0000	0.0000	3.0000	0.0000	3.0000	0.0001	0.0000	0.0000	0.0000	0.0000	0.0000	0.0000	0.0000	0.0000	0.0000	0.0000	0.0000	0.0000	0.0000	0.0000	0.0000	0.0000	0.0000	0.0000	0.0000	0.0000	0.0000	0.0000	0.0000	0.0000	0.0000	0.0000	0.0000	0.0000	0.0000	0.0000	0.0000	0.0000	0.0000	0.0000	0.0000	0.0000	0.0000	0.0000	0.0000	0.0000	0.0000	0.0000	0.0000	0.0000	0.0000	0.0000	0.0000	0.0000	0.0000	0.0000	0.0000	0.0000	0.0000	0.0000											
36	113	0.6198	4	0	1	1	0	0	0	0	0	N	N	N	N	N	N	N	N	N	N	N	N	inf	inf	inf	inf	3.6967	0.0000	37.7302	5.9692	0.0000	84.7843	0.0000	0.0000	0.0000	0.0000	0.0000	0.0000	0.0000	0.0000	0.0000	0.0000	0.0000	0.0000	inf	0.7398	0.0000	3.0000	4.0004	3.0000	4.9999	0.9999	0.0000	0.9999	0.9999	0.0000	0.9999	0.0000	0.0000	0.0000	0.0000	0.0000	0.0000	0.0000	0.0000	0.0000	0.0000	0.0000	0.0000	0.2705	0.2440	0.0265	0.1675	0.1557	0.0118	0.1030	0.0883	0.0147	0.0480	0.0239	0.0242	0.0158	0.0134	0.0024	0.0323	0.0105	0.0218	inf	0.0000	inf	inf	0.0000	inf	0.0000	0.0000	0.0000	0.0000	0.0000	0.0000	0.0000	0.0000	0.0000	0.0000	0.0000	0.0000						
36	114	0.0963	2	0	2	0	0	0	0	0	0	N	Y	N	N	N	N	N	N	N	N	N	N	0.0000	0.0000	0.0000	0.0000	0.0000	0.0000	0.0000	0.0000	0.0000	0.0000	0.0000	0.0000	0.0000	7.1017	0.0000	24.0888	0.0000	0.0000	0.0000	8.4741	0.0000	28.5128	inf	0.0000	0.4757	3.0000	4.3361	3.0000	4.6323	0.0000	0.0000	0.0000	0.0000	0.0000	0.0000	0.0000	0.0000	0.0000	0.9950	0.0000	0.9950	0.0000	0.0000	0.0000	0.9950	0.0000	0.9950	0.3544	0.3159	0.0384	0.0362	0.0342	0.0020	0.3181	0.2817	0.0364	0.1401	0.0763	0.0638	0.0227	0.0210	0.0016	0.1174	0.0552	0.0622	0.0000	0.0000	0.0000	0.0000	0.0000	0.0000	0.0000	0.0000	0.0000	7.1017	0.0000	15.5879	0.0000	0.0000	0.0000	8.4741	0.0000	16.0014						
36	116	0.6198	4	0	2	0	1	0	0	0	0	N	Y	N	N	N	N	N	N	N	N	N	N	inf	inf	inf	inf	3.0391	3.3685	0.0000	4.9404	5.3121	0.0000	0.0000	0.0000	0.0000	0.0000	0.0000	0.0000	0.0000	0.0000	0.0000	0.0000	0.0000	0.0000	0.0000	-0.2602	0.0000	3.0000	5.0006	3.0000	2.0000	1.0001	1.0001	0.0000	1.0001	1.0001	0.0000	0.0000	0.0000	0.0000	0.0000	0.0000	0.0000	0.0000	0.0000	0.0000	0.0000	0.0000	0.0000	0.3291	0.2969	0.0322	0.2024	0.1883	0.0142	0.1266	0.1086	0.0180	0.0383	0.0190	0.0193	0.0125	0.0106	0.0019	0.0258	0.0084	0.0174	inf	inf	0.0000	inf	inf	0.0000	0.0000	0.0000	0.0000	0.0000	0.0000	0.0000	0.0000	0.0000	0.0000	0.0000	0.0000	0.0000						
36	118	0.6198	4	0	2	0	0	0	0	0	0	N	Y	N	N	N	N	N	N	N	N	N	N	inf	inf	inf	inf	1.1759	0.0000	12.3139	2.0408	0.0000	30.8501	0.0000	0.0000	0.0000	0.0000	0.0000	0.0000	0.0000	0.0000	0.0000	0.0000	0.0000	0.0000	inf	0.7398	0.0000	3.0000	16.9994	3.0000	6.0000	0.9999	0.0000	0.9999	0.9999	0.0000	0.9999	0.0000	0.0000	0.0000	0.0000	0.0000	0.0000	0.0000	0.0000	0.0000	0.0000	0.0000	0.0000	0.8503	0.7691	0.0812	0.4900	0.4575	0.0324	0.3604	0.3116	0.0488	0.1046	0.0528	0.0518	0.0359	0.0304	0.0055	0.0688	0.0225	0.0463	inf	0.0000	inf	inf	0.0000	inf	0.0000	0.0000	0.0000	0.0000	0.0000	0.0000	0.0000	0.0000	0.0000	0.0000	0.0000	0.0000						
36	120	0.0917	2	0	2	0	0	0	0	0	0	N	Y	N	N	N	N	N	N	N	N	N	N	0.0000	0.0000	0.0000	0.0000	0.0000	0.0000	0.0000	0.0000	0.0000	0.0000	0.0000	0.0000	0.0000	0.0040	0.0113	0.0000	0.0177	0.0152	0.0000	0.0000	0.0000	0.0000	0.0000	0.0000	-0.0000	3.0000	0.9998	3.0000	0.9486	0.0000	0.0000	0.0000	0.0000	0.0000	0.0000	0.0000	0.0000	0.0000	0.0000	0.0000	0.0000	0.0000	0.0000	0.0000	0.0000	0.0000	0.0000	0.0836	0.0758	0.0078	0.0324	0.0310	0.0014	0.0512	0.0448	0.0064	0.0288	0.0117	0.0171	0.0047	0.0045	0.0001	0.0241	0.0072	0.0169	0.0000	0.0000	0.0000	0.0000	0.0000	0.0000	0.0000	0.0000	0.0000	0.0007	0.0017	0.0000	0.0043	0.0044	0.0000	0.0000	0.0000	0.0000						
36	122	0.6610	5	0	2	0	0	0	0	0	0	N	Y	N	N	N	N	N	N	N	N	N	N	0.0000	0.0000	0.0000	0.0000	0.0000	0.0000	0.0000	0.0000	0.0000	0.0000	0.0000	0.0000	0.0000	0.0000	0.0000	0.0000	0.0000	0.0000	0.0000	0.0000	3.0000	2.0001	3.0000	3.0000	0.0000	0.0000	0.0000	0.0000	0.0000	0.0000	0.0000	0.0000	0.0000	0.0000	0.0000	0.0000	0.0000	0.0000	0.0000	0.0000	0.0000	0.0000	0.1393	0.1282	0.0111	0.1075	0.1010	0.0065	0.0318	0.0272	0.0046	0.0191	0.0107	0.0084	0.0095	0.0081	0.0014	0.0096	0.0026	0.0070	0.0000	0.0000	0.0000	0.0000	0.0000	0.0000	0.0000	0.0000	0.0000	0.0000	0.0000	0.0000	0.0000	0.0000	0.0000	0.0000	0.0000	0.0000											
36	123	0.6198	4	0	1	0	0	0	0	0	0	N	N	N	N	N	N	N	N	N	N	N	N	inf	inf	inf	inf	4.5739	5.0673	0.0000	7.5309	8.0903	0.0000	0.0000	0.0000	0.0000	0.0000	0.0000	0.0000	0.0000	0.0000	0.0000	0.0000	0.0000	0.0000	0.0000	-0.5204	0.0000	3.0000	6.9986	3.0000	2.0000	2.0000	2.0000	0.0000	2.0000	2.0000	0.0000	0.0000	0.0000	0.0000	0.0000	0.0000	0.0000	0.0000	0.0000	0.0000	0.0000	0.0000	0.0000	0.4373	0.3947	0.0426	0.2656	0.2472	0.0184	0.1717	0.1475	0.0242	0.0480	0.0239	0.0242	0.0158	0.0134	0.0024	0.0323	0.0105	0.0218	inf	inf	0.0000	inf	inf	0.0000	0.0000	0.0000	0.0000	0.0000	0.0000	0.0000	0.0000	0.0000	0.0000	0.0000	0.0000	0.0000						
36	124	0.0972	2	0	2	0	0	0	0	0	0	N	Y	N	N	N	N	N	N	N	N	N	N	148.1672	61.6594	61.5021	73.9110	inf	inf	1.5114	1.6821	0.0000	6.9410	7.2429	0.0000	0.6790	0.7635	0.0000	0.0102	0.0273	0.0000	0.1129	0.0980	0.0000	0.0000	0.0000	0.0000	0.0000	0.0000	-0.2316	-0.0001	3.0000	3.9006	3.0000	3.1543	0.8902	0.8902	0.0000	0.5434	0.5434	0.0000	0.3467	0.3467	0.0000	0.0002	0.0002	0.0000	0.0002	0.0002	0.0000	0.0000	0.0000	0.0000	0.5890	0.5292	0.0598	0.0783	0.0750	0.0033	0.5107	0.4542	0.0565	0.1521	0.0689	0.0832	0.0180	0.0176	0.0004	0.1342	0.0513	0.0828	1210.1997	610.0400	0.0000	656.0450	669.5810	0.0000	inf	inf	0.0000	0.0012	0.0028	0.0000	0.0106	0.0108	0.0000	0.0000	0.0000	0.0000			
36	126	0.6198	4	0	2	0	0	0	0	0	0	N	Y	N	N	N	N	N	N	N	N	N	N	0.0000	0.0000	0.0000	0.0000	0.0009	0.0011	0.0000	0.0015	0.0016	0.0000	0.0000	0.0000	0.0000	20.8137	41.9097	0.0000	63.4719	74.7878	0.0000	0.0000	0.0000	0.0000	0.0000	0.0000	-0.0000	-0.5219	3.0000	0.9996	3.0000	8.0005	0.0001	0.0001	0.0000	0.0001	0.0001	0.0000	0.0000	0.0000	0.0000	1.0000	1.0000	0.0000	1.0000	1.0000	0.0000	0.0000	0.0000	0.0000	0.0737	0.0665	0.0073	0.0467	0.0433	0.0034	0.0271	0.0232	0.0039	0.0480	0.0239	0.0242	0.0158	0.0134	0.0024	0.0323	0.0105	0.0218	0.0000	0.0000	0.0000	0.0000	0.0000	0.0000	0.0000	0.0000	0.0000	20.8137	41.9097	0.0000	63.4719	74.7878	0.0000	0.0000	0.0000	0.0000					
36	127	0.5252	4	0	1	0	0	0	0	0	0	N	N	N	N	N	N	N	N	N	N	N	N	0.0000	0.0000	0.0000	0.0000	0.0000	0.0000	0.0000	0.0000	0.0000	0.0000	0.0000	0.0000	0.0000	2.3935	0.0000	10.7727	0.0000	0.0000	0.0000	2.9969	0.0000	10.0809	inf	0.0000	0.0564	3.0000	3.6536	3.0000	12.3970	0.0000	0.0000	0.0000	0.0000	0.0000	0.0000	0.0000	0.0000	0.0000	0.1180	0.0000	0.1180	0.0000	0.0000	0.0000	0.1180	0.0000	0.1180	0.2680	0.2412	0.0268	0.1731	0.1599	0.0132	0.0949	0.0813	0.0136	0.1012	0.0553	0.0459	0.0378	0.0333	0.0045	0.0634	0.0221	0.0413	0.0000	0.0000	0.0000	0.0000	0.0000	0.0000	0.0000	0.0000	0.0000	1.1659	0.0000	2.5721	0.0000	0.0000	0.0000	1.8615	0.0000	2.8551						
36	128	0.3140	2	0	1	0	0	0	0	0	0	N	N	N	N	N	N	N	N	N	N	N	N	0.1290	0.1632	0.0000	0.0878	0.0948	0.0000	0.1080	inf	0.0000	0.3500	0.3876	0.0000	0.3255	0.3486	0.0000	0.3778	0.4352	0.0000	2.7140	2.3744	11.6993	3.7055	3.6790	1.0978	3.4991	0.0000	11.6271	0.0000	6.1523	-0.0413	0.1319	3.0000	5.3495	3.0000	12.4099	0.1589	0.1589	0.0000	0.0786	0.0786	0.0000	0.0803	0.0803	0.0000	0.3898	0.0545	0.3353	0.0566	0.0545	0.0021	0.3332	0.0000	0.3332	0.4541	0.4100	0.0440	0.2416	0.2256	0.0160	0.2125	0.1844	0.0280	0.1871	0.0996	0.0875	0.0652	0.0585	0.0067	0.1219	0.0411	0.0808	0.1680	0.7085	0.0000	0.3747	0.3743	0.0000	0.1383	inf	0.0000	2.0828	0.5470	3.8312	0.8685	0.9313	0.3204	2.7325	0.0000	4.1227
36	129	0.7313	10	0	2	0	1	0	0	0	0	N	Y	N	N	N	N	N	N	N	N	N	N	0.0000	0.0000	0.0000	0.0000	0.0000	0.0000	0.0000	0.0000	0.0000	0.0000	0.0000	0.0000	0.0000	0.0000	0.0000	0.0000	0.0000	0.0000	0.0000	0.0000	3.0000	0.0000	3.0000	0.0000	0.0000	0.0000	0.0000	0.0000	0.0000	0.0000	0.0000	0.0000	0.0000	0.0000	0.0000	0.0000	0.0000	0.0000	0.0000	0.0000	0.0000	0.0000	0.0000	0.0000	0.0000	0.0000	0.0000	0.0000	0.0000	0.0000	0.0000	0.0000	0.0000	0.0000	0.0000	0.0000	0.0000	0.0000	0.0000	0.0000	0.0000	0.0000	0.0000	0.0000	0.0000	0.0000	0.0000	0.0000	0.0000	0.0000	0.0000	0.0000	0.0000	0.0000	0.0000	0.0000	0.0000	0.0000											
36	130	0.7150	9	0	2	0	1	0	0	0	0	N	Y	N	N	N	N	N	N	N	N	N	N	0.0000	0.0000	0.0000	0.0000	0.0000	0.0000	0.0000	0.0000	0.0000	0.0000	0.0000	0.0000	0.0000	93.7355	153.5624	0.0000	169.0437	196.8312	0.0000	0.0000	0.0000	0.0000	0.0000	0.0000	-0.5219	3.0000	0.0000	3.0000	3.0001	0.0000	0.0000	0.0000	0.0000	0.0000	0.0000	0.0000	0.0000	0.0000	1.0000	1.0000	0.0000	1.0000	1.0000	0.0000	0.0000	0.0000	0.0000	0.0000	0.0000	0.0000	0.0000	0.0000	0.0000	0.0000	0.0000	0.0000	0.0107	0.0065	0.0042	0.0059	0.0051	0.0008	0.0048	0.0014	0.0033	0.0000	0.0000	0.0000	0.0000	0.0000	0.0000	0.0000	0.0000	0.0000	93.7355	153.5624	0.0000	169.0437	196.8312	0.0000	0.0000	0.0000	0.0000						
36	131	0.7053	8	0	2	0	0	0	0	0	0	N	Y	N	N	N	N	N	N	N	N	N	N	0.0000	0.0000	0.0000	0.0000	0.0000	0.0000	0.0000	0.0000	0.0000	0.0000	0.0000	0.0000	0.0000	0.0000	0.0000	0.0000	0.0000	0.0000	0.0000	0.0000	3.0000	0.0000	3.0000	0.0000	0.0000	0.0000	0.0000	0.0000	0.0000	0.0000	0.0000	0.0000	0.0000	0.0000	0.0000	0.0000	0.0000	0.0000	0.0000	0.0000	0.0000	0.0000	0.0000	0.0000	0.0000	0.0000	0.0000	0.0000	0.0000	0.0000	0.0000	0.0000	0.0000	0.0000	0.0000	0.0000	0.0000	0.0000	0.0000	0.0000	0.0000	0.0000	0.0000	0.0000	0.0000	0.0000	0.0000	0.0000	0.0000	0.0000	0.0000	0.0000	0.0000	0.0000	0.0000	0.0000	0.0000	0.0000											
36	132	0.7150	9	0	1	1	1	0	0	0	0	N	N	N	N	N	N	N	N	N	N	N	N	0.0000	0.0000	0.0000	0.0000	0.0000	0.0000	0.0000	0.0000	0.0000	0.0000	0.0000	0.0000	0.0000	0.0000	0.0000	0.0000	0.0000	0.0000	0.0000	0.0000	3.0000	0.0000	3.0000	1.9999	0.0000	0.0000	0.0000	0.0000	0.0000	0.0000	0.0000	0.0000	0.0000	0.0000	0.0000	0.0000	0.0000	0.0000	0.0000	0.0000	0.0000	0.0000	0.0000	0.0000	0.0000	0.0000	0.0000	0.0000	0.0000	0.0000	0.0000	0.0072	0.0044	0.0028	0.0040	0.0034	0.0006	0.0032	0.0010	0.0022	0.0000	0.0000	0.0000	0.0000	0.0000	0.0000	0.0000	0.0000	0.0000	0.0000	0.0000	0.0000	0.0000	0.0000	0.0000	0.0000	0.0000	0.0000											
36	133	0.7260	10	0	1	1	1	0	0	0	0	N	N	N	N	N	N	N	N	N	N	N	N	0.0000	0.0000	0.0000	0.0000	0.0000	0.0000	0.0000	0.0000	0.0000	0.0000	0.0000	0.0000	0.0000	0.0000	0.0000	0.0000	0.0000	0.0000	0.0000	0.0000	3.0000	1.0000	3.0000	0.0000	0.0000	0.0000	0.0000	0.0000	0.0000	0.0000	0.0000	0.0000	0.0000	0.0000	0.0000	0.0000	0.0000	0.0000	0.0000	0.0000	0.0000	0.0000	0.0765	0.0707	0.0058	0.0628	0.0590	0.0038	0.0137	0.0117	0.0020	0.0032	0.0019	0.0013	0.0016	0.0014	0.0002	0.0016	0.0005	0.0011	0.0000	0.0000	0.0000	0.0000	0.0000	0.0000	0.0000	0.0000	0.0000	0.0000	0.0000	0.0000	0.0000	0.0000	0.0000	0.0000	0.0000	0.0000											
36	134	0.7260	10	0	1	1	1	0	0	0	0	N	N	N	N	N	N	N	N	N	N	N	N	0.0000	0.0000	0.0000	0.0000	0.0000	0.0000	0.0000	0.0000	0.0000	0.0000	0.0000	0.0000	0.0000	0.0000	0.0000	0.0000	0.0000	0.0000	0.0000	0.0000	3.0000	0.0000	3.0000	0.0000	0.0000	0.0000	0.0000	0.0000	0.0000	0.0000	0.0000	0.0000	0.0000	0.0000	0.0000	0.0000	0.0000	0.0000	0.0000	0.0000	0.0000	0.0000	0.0000	0.0000	0.0000	0.0000	0.0000	0.0000	0.0000	0.0000	0.0000	0.0000	0.0000	0.0000	0.0000	0.0000	0.0000	0.0000	0.0000	0.0000	0.0000	0.0000	0.0000	0.0000	0.0000	0.0000	0.0000	0.0000	0.0000	0.0000	0.0000	0.0000	0.0000	0.0000	0.0000	0.0000	0.0000	0.0000											
36	135	0.7150	9	0	1	1	1	0	0	0	0	N	N	N	N	N	N	N	N	N	N	N	N	0.0000	0.0000	0.0000	0.0000	0.0000	0.0000	0.0000	0.0000	0.0000	0.0000	0.0000	0.0000	0.0000	0.0000	0.0000	0.0000	0.0000	0.0000	0.0000	0.0000	3.0000	2.0025	3.0000	0.9943	0.0000	0.0000	0.0000	0.0000	0.0000	0.0000	0.0000	0.0000	0.0000	0.0000	0.0000	0.0000	0.0000	0.0000	0.0000	0.0000	0.0000	0.0000	0.1512	0.1395	0.0117	0.1221	0.1146	0.0075	0.0292	0.0250	0.0042	0.0107	0.0065	0.0042	0.0059	0.0051	0.0008	0.0047	0.0014	0.0033	0.0000	0.0000	0.0000	0.0000	0.0000	0.0000	0.0000	0.0000	0.0000	0.0000	0.0000	0.0000	0.0000	0.0000	0.0000	0.0000	0.0000	0.0000											
36	136	0.7150	8	0	1	0	1	0	0	0	0	N	N	N	N	N	N	N	N	N	N	N	N	0.0000	0.0000	0.0000	0.0000	0.0000	0.0000	0.0000	0.0000	0.0000	0.0000	0.0000	0.0000	0.0000	0.0000	0.0000	0.0000	0.0000	0.0000	0.0000	0.0000	3.0000	0.0050	3.0000	0.0173	0.0000	0.0000	0.0000	0.0000	0.0000	0.0000	0.0000	0.0000	0.0000	0.0000	0.0000	0.0000	0.0000	0.0000	0.0000	0.0000	0.0000	0.0000	0.0020	0.0018	0.0002	0.0019	0.0017	0.0002	0.0001	0.0001	0.0000	0.0001	0.0001	0.0000	0.0000	0.0000	0.0000	0.0000	0.0000	0.0000	0.0000	0.0000	0.0000	0.0000	0.0000	0.0000	0.0000	0.0000	0.0000	0.0000	0.0000	0.0000	0.0000	0.0000	0.0000	0.0000	0.0000	0.0000											
36	137	0.7053	7	0	1	0	1	0	0	0	0	N	N	N	N	N	N	N	N	N	N	N	N	0.0000	0.0000	0.0000	0.0000	0.0000	0.0000	0.0000	0.0000	0.0000	0.0000	0.0000	0.0000	0.0000	0.0000	0.0000	0.0000	0.0000	0.0000	0.0000	0.0000	3.0000	1.9972	3.0000	1.0076	0.0000	0.0000	0.0000	0.0000	0.0000	0.0000	0.0000	0.0000	0.0000	0.0000	0.0000	0.0000	0.0000	0.0000	0.0000	0.0000	0.0000	0.0000	0.1151	0.1052	0.0099	0.0880	0.0820	0.0060	0.0271	0.0232	0.0040	0.0093	0.0059	0.0034	0.0059	0.0051	0.0008	0.0033	0.0008	0.0025	0.0000	0.0000	0.0000	0.0000	0.0000	0.0000	0.0000	0.0000	0.0000	0.0000	0.0000	0.0000	0.0000	0.0000	0.0000	0.0000	0.0000	0.0000											
36	138	0.6880	6	1	2	0	0	0	0	0	0	N	Y	N	N	N	N	N	N	N	N	N	N	0.0000	0.0000	0.0000	0.0000	0.0000	0.0000	0.0000	0.0000	0.0000	0.0000	0.0000	0.0000	0.0000	0.0000	0.0000	0.0000	0.0000	0.0000	0.0000	0.0000	3.0000	0.0002	3.0000	2.3255	0.0000	0.0000	0.0000	0.0000	0.0000	0.0000	0.0000	0.0000	0.0000	0.0000	0.0000	0.0000	0.0000	0.0000	0.0000	0.0000	0.0000	0.0000	0.0000	0.0000	0.0000	0.0000	0.0000	0.0000	0.0000	0.0000	0.0000	0.0111	0.0068	0.0044	0.0053	0.0047	0.0007	0.0058	0.0021	0.0037	0.0000	0.0000	0.0000	0.0000	0.0000	0.0000	0.0000	0.0000	0.0000	0.0000	0.0000	0.0000	0.0000	0.0000	0.0000	0.0000	0.0000	0.0000											
36	139	0.6702	5	1	2	0	0	0	0	0	0	N	Y	N	N	N	N	N	N	N	N	N	N	5.3561	inf	0.0588	inf	inf	inf	0.0002	0.0035	7.0024	7.6710	0.0597	9.4561	10.0969	0.1090	0.0003	0.0000	0.0017	1.3074	0.0000	1.0169	0.0000	0.0000	0.0000	1.4698	0.0000	0.4928	0.0008	inf	-0.2596	0.0017	3.0000	2.0138	3.0000	2.7349	1.0007	0.9999	0.0008	1.0007	0.9999	0.0007	0.0000	0.0000	0.0000	0.0035	0.0000	0.0035	0.0000	0.0000	0.0000	0.0035	0.0000	0.0035	0.1429	0.1304	0.0126	0.1058	0.0990	0.0068	0.0371	0.0313	0.0058	0.0316	0.0181	0.0135	0.0146	0.0133	0.0013	0.0170	0.0048	0.0122	62.7197	inf	0.2281	inf	inf	inf	0.0013	0.0000	0.0060	0.1116	0.0000	0.2619	0.0000	0.0000	0.0000	0.2079	0.0000	0.2901	
36	140	0.6867	6	0	2	0	0	0	0	0	0	N	Y	N	N	N	N	N	N	N	N	N	N	0.0399	2.1442	inf	inf	0.0000	0.0000	0.0021	0.0000	0.0369	0.0024	0.0000	0.0566	0.0000	0.0000	0.0000	0.0522	0.0000	0.0172	0.0000	0.0000	0.0000	0.0766	0.0000	0.0103	inf	inf	0.0005	0.0000	3.0000	1.9232	3.0000	1.1116	0.0007	0.0000	0.0007	0.0007	0.0000	0.0007	0.0000	0.0000	0.0000	0.0000	0.0000	0.0000	0.0000	0.0000	0.0000	0.0000	0.0000	0.0000	0.3309	0.3122	0.0187	0.2816	0.2695	0.0122	0.0493	0.0428	0.0065	0.0101	0.0063	0.0037	0.0062	0.0053	0.0008	0.0039	0.0010	0.0029	0.6990	0.0000	4.6080	inf	0.0000	inf	0.0000	0.0000	0.0000	0.0030	0.0000	0.0080	0.0000	0.0000	0.0000	0.0077	0.0000	0.0103			
36	141	0.0829	2	0	2	0	0	0	0	0	0	N	Y	N	N	N	N	N	N	N	N	N	N	inf	inf	inf	inf	2.1831	2.4485	0.0000	0.0000	0.0000	0.0000	2.4134	2.7264	0.0000	0.0000	0.0000	0.0000	0.0000	0.0000	0.0000	0.0000	0.0000	0.0000	0.0000	-0.2602	0.0000	3.0000	3.0000	3.0000	1.0000	1.0000	1.0000	0.0000	0.0000	0.0000	0.0000	1.0000	1.0000	0.0000	0.0000	0.0000	0.0000	0.0000	0.0000	0.0000	0.0000	0.0000	0.0000	0.4581	0.4084	0.0497	0.0437	0.0416	0.0021	0.4143	0.3668	0.0476	0.0934	0.0403	0.0530	0.0000	0.0000	0.0000	0.0933	0.0403	0.0530	inf	inf	0.0000	0.0000	0.0000	0.0000	inf	inf	0.0000	0.0000	0.0000	0.0000	0.0000	0.0000	0.0000	0.0000	0.0000	0.0000						
36	145	0.7053	8	1	2	0	0	0	0	0	0	N	Y	N	N	N	N	N	N	N	N	N	N	0.0000	0.0000	0.0000	0.0000	0.0000	0.0000	0.0000	0.0000	0.0000	0.0000	0.0000	0.0000	0.0000	0.0000	0.0000	0.0000	0.0000	0.0000	0.0000	0.0000	3.0000	1.0000	3.0000	1.0000	0.0000	0.0000	0.0000	0.0000	0.0000	0.0000	0.0000	0.0000	0.0000	0.0000	0.0000	0.0000	0.0000	0.0000	0.0000	0.0000	0.0000	0.0000	0.0591	0.0540	0.0051	0.0454	0.0423	0.0031	0.0137	0.0117	0.0020	0.0062	0.0039	0.0023	0.0040	0.0034	0.0006	0.0022	0.0005	0.0017	0.0000	0.0000	0.0000	0.0000	0.0000	0.0000	0.0000	0.0000	0.0000	0.0000	0.0000	0.0000	0.0000	0.0000	0.0000	0.0000	0.0000	0.0000											
36	146	0.7053	7	0	2	0	0	0	0	0	0	N	Y	N	N	N	N	N	N	N	N	N	N	0.0000	0.0000	0.0000	0.0000	0.0000	0.0000	0.0000	0.0000	0.0000	0.0000	0.0000	0.0000	0.0000	0.0000	0.0000	0.0000	0.0000	0.0000	0.0000	0.0000	3.0000	0.0003	3.0000	0.0000	0.0000	0.0000	0.0000	0.0000	0.0000	0.0000	0.0000	0.0000	0.0000	0.0000	0.0000	0.0000	0.0000	0.0000	0.0000	0.0000	0.0000	0.0000	0.0002	0.0002	0.0000	0.0002	0.0001	0.0000	0.0000	0.0000	0.0000	0.0000	0.0000	0.0000	0.0000	0.0000	0.0000	0.0000	0.0000	0.0000	0.0000	0.0000	0.0000	0.0000	0.0000	0.0000	0.0000	0.0000	0.0000	0.0000	0.0000	0.0000	0.0000	0.0000	0.0000	0.0000	0.0000	0.0000											
36	147	0.6867	6	0	1	0	0	0	0	0	0	N	N	N	N	N	N	N	N	N	N	N	N	143.5445	inf	0.0000	inf	inf	0.0000	0.0000	2.1632	2.3278	0.0000	2.6815	2.8358	0.0000	0.0000	0.0000	0.0000	0.0151	0.0000	0.0045	0.0000	0.0000	0.0000	0.0299	0.0000	0.0055	0.0000	inf	-0.2600	0.0000	3.0000	4.9449	3.0000	1.0063	0.9994	0.9994	0.0000	0.9994	0.9994	0.0000	0.0000	0.0000	0.0000	0.0000	0.0000	0.0000	0.0000	0.0000	0.0000	0.0000	0.0000	0.0000	0.4620	0.4293	0.0327	0.3727	0.3524	0.0203	0.0893	0.0769	0.0124	0.0189	0.0119	0.0070	0.0116	0.0100	0.0016	0.0073	0.0019	0.0054	1363.9676	inf	0.0000	inf	inf	0.0000	0.0000	0.0000	0.0000	0.0016	0.0000	0.0043	0.0000	0.0000	0.0000	0.0041	0.0000	0.0055		
36	148	0.6702	5	0	1	0	0	0	0	0	0	N	N	N	N	N	N	N	N	N	N	N	N	0.0054	0.3881	0.0379	1.7932	1.0684	inf	0.0001	inf	0.0021	0.0071	0.0039	0.0383	0.0099	0.0054	0.0741	0.0002	0.0000	0.0010	1.3113	0.0101	1.0110	0.0055	0.0050	0.0000	1.4593	0.0000	0.4905	0.9865	118.0800	0.0004	0.0017	3.0000	3.4778	3.0000	1.2917	0.0015	0.0008	0.0007	0.0015	0.0008	0.0007	0.0000	0.0000	0.0000	0.0036	0.0000	0.0035	0.0000	0.0000	0.0000	0.0035	0.0000	0.0035	0.2137	0.1941	0.0196	0.1518	0.1418	0.0100	0.0619	0.0523	0.0096	0.0317	0.0182	0.0135	0.0147	0.0134	0.0013	0.0170	0.0048	0.0122	0.0629	2.3810	0.1467	4.8490	2.3946	inf	0.0008	inf	0.0036	0.1123	0.0016	0.2612	0.0020	0.0022	0.0000	0.2074	0.0000	0.2894
36	149	0.6198	4	0	1	0	0	0	0	0	0	N	N	N	N	N	N	N	N	N	N	N	N	0.1280	inf	0.6191	inf	inf	inf	0.0000	0.0000	2.0916	0.0011	21.5027	3.4607	0.0017	50.2525	0.0000	0.0000	0.0000	16.3396	0.0000	34.7300	0.0000	0.0000	0.0000	24.4280	0.0000	41.4042	2171.9898	inf	0.7391	0.4764	3.0000	7.8050	3.0000	4.0035	0.9996	0.0005	0.9992	0.9996	0.0005	0.9992	0.0000	0.0000	0.0000	0.9965	0.0000	0.9965	0.0000	0.0000	0.0000	0.9965	0.0000	0.9965	0.4779	0.4315	0.0465	0.2888	0.2690	0.0199	0.1891	0.1625	0.0266	0.0610	0.0304	0.0306	0.0202	0.0171	0.0031	0.0408	0.0133	0.0275	0.1280	inf	0.6600	inf	inf	inf	0.0000	0.0000	0.0000	16.3396	0.0000	32.5793	0.0000	0.0000	0.0000	24.4280	0.0000	36.2032	
36	150	0.5252	4	0	1	0	0	0	0	0	0	N	N	N	N	N	N	N	N	N	N	N	N	0.0000	0.0000	0.0000	0.0000	0.0000	0.0000	0.0000	0.0000	0.0000	0.0000	0.0000	0.0000	0.0000	2.3725	0.0000	10.5577	0.0000	0.0000	0.0000	2.8991	0.0000	9.8941	inf	0.0000	0.0564	3.0000	3.7255	3.0000	14.1767	0.0000	0.0000	0.0000	0.0000	0.0000	0.0000	0.0000	0.0000	0.0000	0.1180	0.0000	0.1180	0.0000	0.0000	0.0000	0.1180	0.0000	0.1180	0.2725	0.2453	0.0272	0.1759	0.1625	0.0134	0.0966	0.0828	0.0138	0.1080	0.0587	0.0493	0.0401	0.0352	0.0049	0.0679	0.0235	0.0444	0.0000	0.0000	0.0000	0.0000	0.0000	0.0000	0.0000	0.0000	0.0000	1.0925	0.0000	2.3936	0.0000	0.0000	0.0000	1.7381	0.0000	2.6597						
36	151	0.5088	3	0	1	0	0	0	0	0	0	N	N	N	N	N	N	N	N	N	N	N	N	0.0032	0.0077	0.0000	0.0063	0.0066	0.0003	inf	0.0000	0.0222	0.0247	0.0000	0.0329	0.0355	0.0000	0.0032	0.0038	0.0000	6.9330	3.1822	22.0227	5.2499	5.3525	0.0000	9.8831	0.0000	27.8408	0.0000	5.1293	-0.0007	0.1352	3.0000	1.4205	3.0000	4.0377	0.0025	0.0025	0.0000	0.0024	0.0024	0.0000	0.0001	0.0001	0.0000	0.4291	0.0700	0.3591	0.0700	0.0700	0.0000	0.3591	0.0000	0.3591	0.1127	0.1014	0.0113	0.0720	0.0668	0.0052	0.0407	0.0346	0.0062	0.0619	0.0365	0.0253	0.0256	0.0237	0.0019	0.0363	0.0129	0.0234	0.0032	0.0129	0.0000	0.0120	0.0120	0.0000	0.0003	inf	0.0000	6.9330	1.9157	14.1667	2.7392	2.9600	0.0000	9.8831	0.0000	15.3193	
37	38	0.6971	9	2	2	0	0	0	0	0	0	Y	Y	N	N	N	N	N	N	N	N	N	N	inf	inf	inf	inf	0.0290	0.0324	0.0000	0.0527	0.0568	0.0000	0.0000	0.0000	0.0000	0.0000	0.0000	0.0000	0.0000	0.0000	0.0000	0.0000	0.0000	0.0000	0.0000	-0.0029	0.0000	4.2779	2.8243	3.9542	1.0201	0.0110	0.0110	0.0000	0.0110	0.0110	0.0000	0.0000	0.0000	0.0000	0.0000	0.0000	0.0000	0.0000	0.0000	0.0000	0.0000	0.0000	0.0000	0.3812	0.3404	0.0409	0.2093	0.1944	0.0148	0.1720	0.1459	0.0260	0.0473	0.0275	0.0198	0.0202	0.0178	0.0024	0.0271	0.0097	0.0174	inf	inf	0.0000	inf	inf	0.0000	0.0000	0.0000	0.0000	0.0000	0.0000	0.0000	0.0000	0.0000	0.0000	0.0000	0.0000	0.0000						
37	39	0.1156	3	1	2	0	0	0	0	0	0	N	Y	N	N	N	N	N	N	N	N	N	N	0.0000	0.0000	0.0000	0.0000	0.0000	0.0000	0.0000	0.0000	0.0000	0.0000	0.0000	0.0000	0.0000	0.0000	0.0000	0.0000	0.0000	0.0000	0.0000	0.0000	4.2779	5.0001	3.9542	5.0000	0.0000	0.0000	0.0000	0.0000	0.0000	0.0000	0.0000	0.0000	0.0000	0.0000	0.0000	0.0000	0.0000	0.0000	0.0000	0.0000	0.0000	0.0000	0.6484	0.5827	0.0656	0.3157	0.2949	0.0208	0.3326	0.2878	0.0448	0.1370	0.0650	0.0720	0.0079	0.0078	0.0001	0.1291	0.0572	0.0719	0.0000	0.0000	0.0000	0.0000	0.0000	0.0000	0.0000	0.0000	0.0000	0.0000	0.0000	0.0000	0.0000	0.0000	0.0000	0.0000	0.0000	0.0000											
37	40	0.6528	6	1	2	0	0	0	0	0	0	N	Y	N	N	N	N	N	N	N	N	N	N	0.0000	0.0000	0.0000	0.0000	0.0000	0.0000	0.0000	0.0000	0.0000	0.0000	0.0000	0.0000	0.0000	0.0000	0.0000	0.0000	0.0000	0.0000	0.0000	0.0000	4.2779	0.0000	3.9542	2.0000	0.0000	0.0000	0.0000	0.0000	0.0000	0.0000	0.0000	0.0000	0.0000	0.0000	0.0000	0.0000	0.0000	0.0000	0.0000	0.0000	0.0000	0.0000	0.0000	0.0000	0.0000	0.0000	0.0000	0.0000	0.0000	0.0000	0.0000	0.0252	0.0147	0.0105	0.0121	0.0104	0.0017	0.0131	0.0043	0.0088	0.0000	0.0000	0.0000	0.0000	0.0000	0.0000	0.0000	0.0000	0.0000	0.0000	0.0000	0.0000	0.0000	0.0000	0.0000	0.0000	0.0000	0.0000											
37	41	0.1156	3	1	2	0	0	0	0	0	0	N	Y	N	N	N	N	N	N	N	N	N	N	0.0000	0.0000	0.0000	0.0000	0.0000	0.0000	0.0000	0.0000	0.0000	0.0000	0.0000	0.0000	0.0000	0.0000	0.0000	0.0000	0.0000	0.0000	0.0000	0.0000	4.2779	5.9998	3.9542	3.0000	0.0000	0.0000	0.0000	0.0000	0.0000	0.0000	0.0000	0.0000	0.0000	0.0000	0.0000	0.0000	0.0000	0.0000	0.0000	0.0000	0.0000	0.0000	0.7572	0.6802	0.0770	0.3634	0.3394	0.0241	0.3938	0.3409	0.0529	0.1245	0.0591	0.0654	0.0072	0.0071	0.0001	0.1173	0.0520	0.0653	0.0000	0.0000	0.0000	0.0000	0.0000	0.0000	0.0000	0.0000	0.0000	0.0000	0.0000	0.0000	0.0000	0.0000	0.0000	0.0000	0.0000	0.0000											
37	42	0.7189	10	1	2	1	1	0	0	0	0	N	Y	N	N	N	N	N	N	N	N	N	N	inf	inf	inf	inf	0.0221	0.0243	0.0000	0.0293	0.0315	0.0000	0.0000	0.0000	0.0000	0.0000	0.0000	0.0000	0.0000	0.0000	0.0000	0.0000	0.0000	0.0000	0.0000	-0.0000	0.0000	4.2779	0.0011	3.9542	1.0134	0.0000	0.0000	0.0000	0.0000	0.0000	0.0000	0.0000	0.0000	0.0000	0.0000	0.0000	0.0000	0.0000	0.0000	0.0000	0.0000	0.0000	0.0000	0.0005	0.0004	0.0000	0.0003	0.0003	0.0000	0.0001	0.0001	0.0000	0.0139	0.0082	0.0057	0.0057	0.0051	0.0005	0.0082	0.0030	0.0052	inf	inf	0.0000	inf	inf	0.0000	0.0000	0.0000	0.0000	0.0000	0.0000	0.0000	0.0000	0.0000	0.0000	0.0000	0.0000	0.0000						
37	43	0.6971	9	1	1	0	1	0	0	0	0	N	N	N	N	N	N	N	N	N	N	N	N	inf	inf	inf	inf	inf	inf	0.0290	0.0325	0.0000	0.0528	0.0569	0.0000	0.0001	0.0001	0.0000	0.0000	0.0000	0.0000	0.0000	0.0000	0.0000	0.0000	0.0000	0.0000	0.0000	-0.0029	0.0000	4.2779	2.8187	3.9542	0.0347	0.0110	0.0110	0.0000	0.0110	0.0110	0.0000	0.0000	0.0000	0.0000	0.0000	0.0000	0.0000	0.0000	0.0000	0.0000	0.0000	0.0000	0.0000	0.3806	0.3398	0.0408	0.2089	0.1941	0.0148	0.1717	0.1457	0.0260	0.0359	0.0210	0.0149	0.0153	0.0135	0.0018	0.0206	0.0074	0.0131	inf	inf	0.0000	inf	inf	0.0000	inf	inf	0.0000	0.0000	0.0000	0.0000	0.0000	0.0000	0.0000	0.0000	0.0000	0.0000				
37	44	0.6844	8	1	1	0	0	0	0	0	0	N	N	N	N	N	N	N	N	N	N	N	N	inf	inf	inf	inf	inf	inf	inf	inf	inf	2.5925	2.8360	0.0011	4.6582	4.8752	0.0029	0.0475	0.0550	0.0003	0.0000	0.0000	0.0000	0.0000	0.0000	0.0000	0.0000	0.0000	0.0000	0.0000	-0.1490	0.0000	4.2779	0.9605	3.9542	1.0076	0.5726	0.5726	0.0000	0.5679	0.5679	0.0000	0.0047	0.0047	0.0000	0.0000	0.0000	0.0000	0.0000	0.0000	0.0000	0.0000	0.0000	0.0000	0.2209	0.2019	0.0190	0.1219	0.1165	0.0054	0.0990	0.0854	0.0135	0.0234	0.0142	0.0092	0.0117	0.0102	0.0015	0.0117	0.0041	0.0077	inf	inf	inf	inf	inf	inf	inf	inf	inf	0.0000	0.0000	0.0000	0.0000	0.0000	0.0000	0.0000	0.0000	0.0000	
37	45	0.0672	3	1	2	1	1	0	0	0	0	N	Y	N	N	N	N	N	N	N	N	N	N	0.0000	0.0000	0.0000	0.0000	0.0000	0.0000	0.0000	0.0000	0.0000	0.0000	0.0000	0.0000	0.0000	0.0000	0.0000	0.0000	0.0000	0.0000	0.0000	0.0000	4.2779	1.0000	3.9542	1.0000	0.0000	0.0000	0.0000	0.0000	0.0000	0.0000	0.0000	0.0000	0.0000	0.0000	0.0000	0.0000	0.0000	0.0000	0.0000	0.0000	0.0000	0.0000	0.1609	0.1409	0.0200	0.0042	0.0042	0.0000	0.1567	0.1367	0.0199	0.0541	0.0287	0.0254	0.0009	0.0009	0.0000	0.0532	0.0278	0.0254	0.0000	0.0000	0.0000	0.0000	0.0000	0.0000	0.0000	0.0000	0.0000	0.0000	0.0000	0.0000	0.0000	0.0000	0.0000	0.0000	0.0000	0.0000											
37	46	0.6304	5	1	2	0	0	0	0	0	0	N	Y	N	N	N	N	N	N	N	N	N	N	0.0000	0.0000	0.0000	0.0000	0.0000	0.0000	0.0000	0.0000	0.0000	0.0000	0.0000	0.0000	0.0000	0.0000	0.0000	0.0000	0.0000	0.0000	0.0000	0.0000	4.2779	0.0000	3.9542	0.0000	0.0000	0.0000	0.0000	0.0000	0.0000	0.0000	0.0000	0.0000	0.0000	0.0000	0.0000	0.0000	0.0000	0.0000	0.0000	0.0000	0.0000	0.0000	0.0000	0.0000	0.0000	0.0000	0.0000	0.0000	0.0000	0.0000	0.0000	0.0000	0.0000	0.0000	0.0000	0.0000	0.0000	0.0000	0.0000	0.0000	0.0000	0.0000	0.0000	0.0000	0.0000	0.0000	0.0000	0.0000	0.0000	0.0000	0.0000	0.0000	0.0000	0.0000	0.0000	0.0000	0.0000	0.0000											
37	47	0.6844	8	1	2	0	1	0	0	0	0	N	Y	N	N	N	N	N	N	N	N	N	N	inf	inf	inf	inf	0.0001	0.0000	0.0016	0.0002	0.0000	0.4514	0.0000	0.0000	0.0000	0.0000	0.0000	0.0000	0.0000	0.0000	0.0000	0.0000	0.0000	0.0000	inf	0.0000	0.0000	4.2779	0.0000	3.9542	1.0000	0.0000	0.0000	0.0000	0.0000	0.0000	0.0000	0.0000	0.0000	0.0000	0.0000	0.0000	0.0000	0.0000	0.0000	0.0000	0.0000	0.0000	0.0000	0.1041	0.0979	0.0062	0.0521	0.0520	0.0000	0.0520	0.0458	0.0062	0.0126	0.0078	0.0048	0.0063	0.0055	0.0008	0.0063	0.0023	0.0040	inf	0.0000	inf	inf	0.0000	inf	0.0000	0.0000	0.0000	0.0000	0.0000	0.0000	0.0000	0.0000	0.0000	0.0000	0.0000	0.0000						
37	48	0.6304	5	2	2	0	0	0	0	0	0	Y	Y	N	N	N	N	N	N	N	N	N	N	0.0000	0.0000	0.0000	0.0000	0.0000	0.0000	0.0000	0.0000	0.0000	0.0000	0.0000	0.0000	0.0000	0.0000	0.0000	0.0000	0.0000	0.0000	0.0000	0.0000	4.2779	0.0000	3.9542	4.0000	0.0000	0.0000	0.0000	0.0000	0.0000	0.0000	0.0000	0.0000	0.0000	0.0000	0.0000	0.0000	0.0000	0.0000	0.0000	0.0000	0.0000	0.0000	0.0000	0.0000	0.0000	0.0000	0.0000	0.0000	0.0000	0.0000	0.0000	0.0269	0.0137	0.0132	0.0097	0.0082	0.0015	0.0172	0.0055	0.0117	0.0000	0.0000	0.0000	0.0000	0.0000	0.0000	0.0000	0.0000	0.0000	0.0000	0.0000	0.0000	0.0000	0.0000	0.0000	0.0000	0.0000	0.0000											
37	49	0.7051	9	1	1	1	0	0	0	0	0	N	N	N	N	N	N	N	N	N	N	N	N	0.0000	0.0000	0.0000	0.0000	0.0000	0.0000	0.0000	0.0000	0.0000	0.0000	0.0000	0.0000	0.0000	0.0000	0.0000	0.0000	0.0000	0.0000	0.0000	0.0000	4.2779	0.0000	3.9542	0.0000	0.0000	0.0000	0.0000	0.0000	0.0000	0.0000	0.0000	0.0000	0.0000	0.0000	0.0000	0.0000	0.0000	0.0000	0.0000	0.0000	0.0000	0.0000	0.0000	0.0000	0.0000	0.0000	0.0000	0.0000	0.0000	0.0000	0.0000	0.0000	0.0000	0.0000	0.0000	0.0000	0.0000	0.0000	0.0000	0.0000	0.0000	0.0000	0.0000	0.0000	0.0000	0.0000	0.0000	0.0000	0.0000	0.0000	0.0000	0.0000	0.0000	0.0000	0.0000	0.0000	0.0000	0.0000											
37	50	0.0762	2	1	1	1	0	0	0	0	0	N	N	N	N	N	N	N	N	N	N	N	N	0.0000	0.0000	0.0000	0.0000	0.0000	0.0000	0.0000	0.0000	0.0000	0.0000	0.0000	0.0000	0.0000	0.0000	0.0000	0.0000	0.0000	0.0000	0.0000	0.0000	4.2779	1.0000	3.9542	1.0000	0.0000	0.0000	0.0000	0.0000	0.0000	0.0000	0.0000	0.0000	0.0000	0.0000	0.0000	0.0000	0.0000	0.0000	0.0000	0.0000	0.0000	0.0000	0.1440	0.1277	0.0163	0.0365	0.0341	0.0024	0.1075	0.0937	0.0139	0.0400	0.0198	0.0201	0.0012	0.0010	0.0002	0.0388	0.0189	0.0199	0.0000	0.0000	0.0000	0.0000	0.0000	0.0000	0.0000	0.0000	0.0000	0.0000	0.0000	0.0000	0.0000	0.0000	0.0000	0.0000	0.0000	0.0000											
37	51	0.0807	2	1	2	0	0	0	0	0	0	N	Y	N	N	N	N	N	N	N	N	N	N	0.3007	inf	1.2617	0.7684	inf	0.0000	0.5931	inf	2.5064	0.2773	0.1268	0.6638	0.0715	0.0715	0.0000	0.4298	0.2068	0.6640	0.9221	0.0000	0.5261	0.0930	0.0000	0.1921	0.7247	0.0000	0.2649	2.0390	inf	0.0000	0.0008	4.2779	0.0003	3.9542	0.9690	0.0001	0.0000	0.0001	0.0000	0.0000	0.0000	0.0001	0.0000	0.0001	0.0017	0.0000	0.0017	0.0002	0.0000	0.0002	0.0016	0.0000	0.0016	0.0003	0.0002	0.0001	0.0001	0.0001	0.0000	0.0002	0.0001	0.0001	0.0428	0.0302	0.0127	0.0164	0.0141	0.0023	0.0264	0.0161	0.0104	6.8709	inf	4.8589	7.6687	inf	0.0000	7.2100	inf	4.3626	0.0404	0.0000	0.1366	0.0093	0.0000	0.0665	0.0596	0.0000	0.1522
37	52	0.7084	9	1	2	0	0	0	0	0	0	N	Y	N	N	N	N	N	N	N	N	N	N	inf	inf	inf	inf	0.0157	0.0172	0.0000	0.0223	0.0238	0.0000	0.0000	0.0000	0.0000	0.0000	0.0000	0.0000	0.0000	0.0000	0.0000	0.0000	0.0000	0.0000	0.0000	-0.0008	0.0000	4.2779	0.9211	3.9542	0.1671	0.0029	0.0029	0.0000	0.0029	0.0029	0.0000	0.0000	0.0000	0.0000	0.0000	0.0000	0.0000	0.0000	0.0000	0.0000	0.0000	0.0000	0.0000	0.1850	0.1688	0.0162	0.1302	0.1222	0.0080	0.0547	0.0465	0.0082	0.0277	0.0199	0.0079	0.0164	0.0145	0.0019	0.0113	0.0053	0.0060	inf	inf	0.0000	inf	inf	0.0000	0.0000	0.0000	0.0000	0.0000	0.0000	0.0000	0.0000	0.0000	0.0000	0.0000	0.0000	0.0000						
37	53	0.0672	3	1	2	0	0	0	0	0	0	N	Y	N	N	N	N	N	N	N	N	N	N	inf	inf	inf	inf	1.7282	1.9732	0.0000	65.8959	66.6638	0.0000	0.0000	0.0000	0.0000	0.0000	0.0000	0.0000	0.0000	0.0000	0.0000	0.0000	0.0000	0.0000	0.0000	-0.0723	0.0000	4.2779	1.0000	3.9542	5.0000	0.2780	0.2780	0.0000	0.2780	0.2780	0.0000	0.0000	0.0000	0.0000	0.0000	0.0000	0.0000	0.0000	0.0000	0.0000	0.0000	0.0000	0.0000	0.1609	0.1409	0.0200	0.0042	0.0042	0.0000	0.1567	0.1367	0.0199	0.1490	0.0785	0.0705	0.0025	0.0025	0.0000	0.1465	0.0760	0.0705	inf	inf	0.0000	inf	inf	0.0000	0.0000	0.0000	0.0000	0.0000	0.0000	0.0000	0.0000	0.0000	0.0000	0.0000	0.0000	0.0000						
37	54	0.0519	2	1	1	0	0	0	0	0	0	N	N	N	N	N	N	N	N	N	N	N	N	0.0233	0.0242	0.0372	0.0214	0.2600	0.0000	0.7405	0.0000	0.0000	0.0000	0.4530	0.0000	0.7406	11.1792	0.0000	30.6482	0.0000	0.0000	0.0000	12.1636	0.0000	34.5816	inf	inf	0.0000	0.4781	4.2779	0.0000	3.9542	2.9157	0.0000	0.0000	0.0000	0.0000	0.0000	0.0000	0.0000	0.0000	0.0000	1.0000	0.0000	1.0000	0.0000	0.0000	0.0000	1.0000	0.0000	1.0000	0.0000	0.0000	0.0000	0.0000	0.0000	0.0000	0.0000	0.0000	0.0000	0.0894	0.0470	0.0424	0.0072	0.0072	0.0000	0.0822	0.0398	0.0424	0.0233	0.0000	0.0314	0.0000	0.0000	0.0000	0.0372	0.0000	0.0314	11.1792	0.0000	23.5776	0.0000	0.0000	0.0000	12.1636	0.0000	23.5863					
37	55	0.6844	8	1	2	0	0	0	0	0	0	N	Y	N	N	N	N	N	N	N	N	N	N	inf	inf	inf	inf	2.9318	3.2365	0.0000	5.1956	5.5058	0.0000	0.0000	0.0000	0.0000	0.0000	0.0000	0.0000	0.0000	0.0000	0.0000	0.0000	0.0000	0.0000	0.0000	-0.2602	0.0000	4.2779	2.0000	3.9542	3.0000	1.0000	1.0000	0.0000	1.0000	1.0000	0.0000	0.0000	0.0000	0.0000	0.0000	0.0000	0.0000	0.0000	0.0000	0.0000	0.0000	0.0000	0.0000	0.3411	0.3090	0.0321	0.1925	0.1816	0.0108	0.1486	0.1273	0.0213	0.0560	0.0337	0.0223	0.0280	0.0242	0.0038	0.0280	0.0095	0.0185	inf	inf	0.0000	inf	inf	0.0000	0.0000	0.0000	0.0000	0.0000	0.0000	0.0000	0.0000	0.0000	0.0000	0.0000	0.0000	0.0000						
37	57	0.1156	3	2	1	1	0	0	0	0	0	Y	N	N	N	N	N	N	N	N	N	N	N	inf	inf	inf	inf	0.2640	0.0000	2.5723	0.5730	0.0000	8.5715	0.0000	0.0000	0.0000	0.0000	0.0000	0.0000	0.0000	0.0000	0.0000	0.0000	0.0000	0.0000	inf	0.2057	0.0000	4.2779	8.9999	3.9542	5.0001	0.2780	0.0000	0.2780	0.2780	0.0000	0.2780	0.0000	0.0000	0.0000	0.0000	0.0000	0.0000	0.0000	0.0000	0.0000	0.0000	0.0000	0.0000	1.0530	0.9449	0.1081	0.4853	0.4528	0.0324	0.5678	0.4921	0.0757	0.1844	0.0877	0.0967	0.0105	0.0103	0.0002	0.1739	0.0774	0.0966	inf	0.0000	inf	inf	0.0000	inf	0.0000	0.0000	0.0000	0.0000	0.0000	0.0000	0.0000	0.0000	0.0000	0.0000	0.0000	0.0000						
37	58	0.6304	5	2	1	1	0	0	0	0	0	Y	N	N	N	N	N	N	N	N	N	N	N	0.0000	0.0000	0.0000	0.0000	0.0000	0.0000	0.0000	0.0000	0.0000	0.0000	0.0000	0.0000	0.0000	0.0000	0.0000	0.0000	0.0000	0.0000	0.0000	0.0000	4.2779	0.0000	3.9542	1.0000	0.0000	0.0000	0.0000	0.0000	0.0000	0.0000	0.0000	0.0000	0.0000	0.0000	0.0000	0.0000	0.0000	0.0000	0.0000	0.0000	0.0000	0.0000	0.0000	0.0000	0.0000	0.0000	0.0000	0.0000	0.0000	0.0000	0.0000	0.0069	0.0035	0.0034	0.0025	0.0021	0.0004	0.0044	0.0014	0.0030	0.0000	0.0000	0.0000	0.0000	0.0000	0.0000	0.0000	0.0000	0.0000	0.0000	0.0000	0.0000	0.0000	0.0000	0.0000	0.0000	0.0000	0.0000											
37	59	0.0807	2	1	1	1	0	0	0	0	0	N	N	N	N	N	N	N	N	N	N	N	N	0.5515	3.1619	1.4559	2.8664	7.5020	0.0000	0.5268	inf	2.7621	0.4980	0.4564	0.6177	0.7776	0.7779	0.0000	0.3348	0.1394	0.6180	0.9030	0.1443	0.4243	0.2713	0.1037	0.1629	0.6356	0.0000	0.2237	0.4706	10.1739	0.0000	0.0007	4.2779	0.0006	3.9542	1.1867	0.0002	0.0001	0.0001	0.0001	0.0001	0.0000	0.0001	0.0000	0.0001	0.0019	0.0002	0.0017	0.0003	0.0002	0.0002	0.0016	0.0000	0.0016	0.0004	0.0003	0.0001	0.0001	0.0001	0.0000	0.0002	0.0001	0.0001	0.0490	0.0337	0.0153	0.0183	0.0155	0.0028	0.0307	0.0182	0.0125	12.8433	90.5230	5.4536	44.1128	71.0971	0.0000	6.5139	inf	4.8956	0.0388	0.0050	0.1133	0.0176	0.0109	0.0550	0.0514	0.0000	0.1262
37	61	0.7084	9	1	1	1	0	0	0	0	0	N	N	N	N	N	N	N	N	N	N	N	N	inf	inf	inf	inf	0.0141	0.0155	0.0000	0.0206	0.0219	0.0000	0.0000	0.0000	0.0000	0.0000	0.0000	0.0000	0.0000	0.0000	0.0000	0.0000	0.0000	0.0000	0.0000	-0.0008	0.0000	4.2779	1.0901	3.9542	7.9319	0.0029	0.0029	0.0000	0.0029	0.0029	0.0000	0.0000	0.0000	0.0000	0.0000	0.0000	0.0000	0.0000	0.0000	0.0000	0.0000	0.0000	0.0000	0.2060	0.1875	0.0185	0.1415	0.1327	0.0088	0.0645	0.0548	0.0096	0.1159	0.0702	0.0457	0.0560	0.0485	0.0075	0.0599	0.0217	0.0382	inf	inf	0.0000	inf	inf	0.0000	0.0000	0.0000	0.0000	0.0000	0.0000	0.0000	0.0000	0.0000	0.0000	0.0000	0.0000	0.0000						
37	62	0.6783	8	1	1	0	0	0	0	0	0	N	N	N	N	N	N	N	N	N	N	N	N	inf	inf	inf	inf	inf	inf	1.9305	2.1266	0.0000	3.4130	3.6077	0.0000	0.0090	0.0105	0.0000	0.0000	0.0000	0.0000	0.0000	0.0000	0.0000	0.0000	0.0000	0.0000	0.0000	-0.1531	0.0000	4.2779	1.6797	3.9542	2.9843	0.5882	0.5882	0.0000	0.5871	0.5871	0.0000	0.0012	0.0012	0.0000	0.0000	0.0000	0.0000	0.0000	0.0000	0.0000	0.0000	0.0000	0.0000	0.3047	0.2766	0.0281	0.1720	0.1627	0.0093	0.1327	0.1139	0.0188	0.0532	0.0321	0.0212	0.0258	0.0224	0.0034	0.0274	0.0097	0.0178	inf	inf	0.0000	inf	inf	0.0000	inf	inf	0.0000	0.0000	0.0000	0.0000	0.0000	0.0000	0.0000	0.0000	0.0000	0.0000				
37	63	0.6682	7	1	1	0	0	0	0	0	0	N	N	N	N	N	N	N	N	N	N	N	N	inf	inf	inf	inf	inf	inf	2.9223	3.1675	0.0000	2.6458	2.7336	0.0000	3.2502	3.7407	0.0000	0.0000	0.0000	0.0000	0.0000	0.0000	0.0000	0.0000	0.0000	0.0000	0.0000	-0.1265	0.0000	4.2779	0.4935	3.9542	1.5835	0.4863	0.4863	0.0000	0.2389	0.2389	0.0000	0.2474	0.2474	0.0000	0.0000	0.0000	0.0000	0.0000	0.0000	0.0000	0.0000	0.0000	0.0000	0.1664	0.1535	0.0129	0.0903	0.0874	0.0029	0.0761	0.0661	0.0100	0.0237	0.0142	0.0095	0.0118	0.0102	0.0016	0.0119	0.0040	0.0079	inf	inf	0.0000	inf	inf	0.0000	inf	inf	0.0000	0.0000	0.0000	0.0000	0.0000	0.0000	0.0000	0.0000	0.0000	0.0000				
37	64	0.7051	9	1	2	0	0	0	0	0	0	N	Y	N	N	N	N	N	N	N	N	N	N	inf	inf	inf	inf	inf	inf	4.4720	5.1720	0.0000	5.6791	6.5179	0.0000	0.0221	0.0263	0.0000	0.0000	0.0000	0.0000	0.0000	0.0000	0.0000	0.0000	0.0000	0.0000	0.0000	-0.0764	0.0000	4.2779	0.2944	3.9542	1.0083	0.2935	0.2935	0.0000	0.2932	0.2932	0.0000	0.0003	0.0003	0.0000	0.0000	0.0000	0.0000	0.0000	0.0000	0.0000	0.0000	0.0000	0.0000	0.0656	0.0567	0.0089	0.0516	0.0450	0.0066	0.0140	0.0118	0.0022	0.0147	0.0089	0.0058	0.0075	0.0065	0.0011	0.0072	0.0024	0.0048	inf	inf	0.0000	inf	inf	0.0000	inf	inf	0.0000	0.0000	0.0000	0.0000	0.0000	0.0000	0.0000	0.0000	0.0000	0.0000				
37	65	0.6844	8	1	1	0	0	0	0	0	0	N	N	N	N	N	N	N	N	N	N	N	N	inf	inf	inf	inf	inf	inf	inf	inf	4.6960	5.1485	0.0001	5.2824	5.5459	0.0005	3.9635	4.5999	0.0000	0.0000	0.0000	0.0000	0.0000	0.0000	0.0000	0.0000	0.0000	0.0000	0.0000	-0.2951	0.0000	4.2779	1.1351	3.9542	2.0429	1.1341	1.1341	0.0000	0.7085	0.7085	0.0000	0.4256	0.4256	0.0000	0.0000	0.0000	0.0000	0.0000	0.0000	0.0000	0.0000	0.0000	0.0000	0.2415	0.2203	0.0212	0.1341	0.1278	0.0064	0.1074	0.0925	0.0149	0.0366	0.0221	0.0145	0.0183	0.0158	0.0024	0.0184	0.0063	0.0121	inf	inf	inf	inf	inf	inf	inf	inf	0.0000	0.0000	0.0000	0.0000	0.0000	0.0000	0.0000	0.0000	0.0000	0.0000		
37	66	0.6682	7	1	1	0	0	0	0	0	0	N	N	N	N	N	N	N	N	N	N	N	N	inf	inf	inf	inf	inf	inf	2.9409	3.1875	0.0000	2.7435	2.8344	0.0000	3.1749	3.6539	0.0000	0.0000	0.0000	0.0000	0.0000	0.0000	0.0000	0.0000	0.0000	0.0000	0.0000	-0.1271	0.0000	4.2779	0.4912	3.9542	2.4266	0.4886	0.4886	0.0000	0.2473	0.2473	0.0000	0.2414	0.2414	0.0000	0.0000	0.0000	0.0000	0.0000	0.0000	0.0000	0.0000	0.0000	0.0000	0.1661	0.1533	0.0129	0.0901	0.0872	0.0029	0.0760	0.0661	0.0100	0.0329	0.0197	0.0132	0.0164	0.0142	0.0022	0.0165	0.0055	0.0110	inf	inf	0.0000	inf	inf	0.0000	inf	inf	0.0000	0.0000	0.0000	0.0000	0.0000	0.0000	0.0000	0.0000	0.0000	0.0000				
37	67	0.6631	6	1	1	0	0	0	0	0	0	N	N	N	N	N	N	N	N	N	N	N	N	inf	inf	inf	inf	inf	inf	1.9059	2.0516	0.0000	1.4484	1.5155	0.0000	2.8855	3.3107	0.0000	0.0000	0.0000	0.0000	0.0000	0.0000	0.0000	0.0000	0.0000	0.0000	0.0000	-0.1350	0.0000	4.2779	0.6141	3.9542	1.2701	0.5187	0.5187	0.0000	0.2687	0.2687	0.0000	0.2500	0.2500	0.0000	0.0000	0.0000	0.0000	0.0000	0.0000	0.0000	0.0000	0.0000	0.0000	0.2722	0.2528	0.0193	0.1855	0.1773	0.0082	0.0866	0.0755	0.0111	0.0224	0.0136	0.0088	0.0112	0.0097	0.0015	0.0112	0.0038	0.0074	inf	inf	0.0000	inf	inf	0.0000	inf	inf	0.0000	0.0000	0.0000	0.0000	0.0000	0.0000	0.0000	0.0000	0.0000	0.0000				
37	68	0.6304	5	2	2	1	0	0	0	0	0	Y	Y	N	N	N	N	N	N	N	N	N	N	0.0000	0.0000	0.0000	0.0000	0.0000	0.0000	0.0000	0.0000	0.0000	0.0000	0.0000	0.0000	0.0000	0.0000	0.0000	0.0000	0.0000	0.0000	0.0000	0.0000	4.2779	0.0000	3.9542	0.0000	0.0000	0.0000	0.0000	0.0000	0.0000	0.0000	0.0000	0.0000	0.0000	0.0000	0.0000	0.0000	0.0000	0.0000	0.0000	0.0000	0.0000	0.0000	0.0000	0.0000	0.0000	0.0000	0.0000	0.0000	0.0000	0.0000	0.0000	0.0000	0.0000	0.0000	0.0000	0.0000	0.0000	0.0000	0.0000	0.0000	0.0000	0.0000	0.0000	0.0000	0.0000	0.0000	0.0000	0.0000	0.0000	0.0000	0.0000	0.0000	0.0000	0.0000	0.0000	0.0000	0.0000	0.0000											
37	69	0.1609	5	2	2	1	0	0	0	0	0	Y	Y	N	N	N	N	N	N	N	N	N	N	0.0000	0.0000	0.0000	0.0000	0.0000	0.0000	0.0000	0.0000	0.0000	0.0000	0.0000	0.0000	0.0000	0.0000	0.0000	0.0000	0.0000	0.0000	0.0000	0.0000	4.2779	1.0000	3.9542	0.0000	0.0000	0.0000	0.0000	0.0000	0.0000	0.0000	0.0000	0.0000	0.0000	0.0000	0.0000	0.0000	0.0000	0.0000	0.0000	0.0000	0.0000	0.0000	0.1985	0.1820	0.0165	0.1432	0.1340	0.0092	0.0553	0.0480	0.0073	0.0130	0.0061	0.0069	0.0010	0.0010	0.0000	0.0120	0.0051	0.0069	0.0000	0.0000	0.0000	0.0000	0.0000	0.0000	0.0000	0.0000	0.0000	0.0000	0.0000	0.0000	0.0000	0.0000	0.0000	0.0000	0.0000	0.0000											
37	70	0.1609	5	2	2	1	0	0	0	0	0	Y	Y	N	N	N	N	N	N	N	N	N	N	0.0000	0.0000	0.0000	0.0000	0.0000	0.0000	0.0000	0.0000	0.0000	0.0000	0.0000	0.0000	0.0000	0.0000	0.0000	0.0000	0.0000	0.0000	0.0000	0.0000	4.2779	0.0000	3.9542	0.0000	0.0000	0.0000	0.0000	0.0000	0.0000	0.0000	0.0000	0.0000	0.0000	0.0000	0.0000	0.0000	0.0000	0.0000	0.0000	0.0000	0.0000	0.0000	0.0000	0.0000	0.0000	0.0000	0.0000	0.0000	0.0000	0.0000	0.0000	0.0000	0.0000	0.0000	0.0000	0.0000	0.0000	0.0000	0.0000	0.0000	0.0000	0.0000	0.0000	0.0000	0.0000	0.0000	0.0000	0.0000	0.0000	0.0000	0.0000	0.0000	0.0000	0.0000	0.0000	0.0000	0.0000	0.0000											
37	71	0.1385	4	2	2	1	0	0	0	0	0	Y	Y	N	N	N	N	N	N	N	N	N	N	0.0000	0.0000	0.0000	0.0000	0.0000	0.0000	0.0000	0.0000	0.0000	0.0000	0.0000	0.0000	0.0000	0.0000	0.0000	0.0000	0.0000	0.0000	0.0000	0.0000	4.2779	2.0000	3.9542	1.0000	0.0000	0.0000	0.0000	0.0000	0.0000	0.0000	0.0000	0.0000	0.0000	0.0000	0.0000	0.0000	0.0000	0.0000	0.0000	0.0000	0.0000	0.0000	0.3713	0.3394	0.0319	0.2499	0.2335	0.0165	0.1213	0.1059	0.0155	0.0450	0.0220	0.0230	0.0047	0.0046	0.0001	0.0403	0.0174	0.0229	0.0000	0.0000	0.0000	0.0000	0.0000	0.0000	0.0000	0.0000	0.0000	0.0000	0.0000	0.0000	0.0000	0.0000	0.0000	0.0000	0.0000	0.0000											
37	72	0.1156	3	2	1	1	0	0	0	0	0	Y	N	N	N	N	N	N	N	N	N	N	N	0.0000	0.0000	0.0000	0.0000	0.0000	0.0000	0.0000	0.0000	0.0000	0.0000	0.0000	0.0000	0.0000	0.0000	0.0000	0.0000	0.0000	0.0000	0.0000	0.0000	4.2779	1.0017	3.9542	2.0007	0.0000	0.0000	0.0000	0.0000	0.0000	0.0000	0.0000	0.0000	0.0000	0.0000	0.0000	0.0000	0.0000	0.0000	0.0000	0.0000	0.0000	0.0000	0.1471	0.1325	0.0145	0.0762	0.0713	0.0049	0.0708	0.0612	0.0096	0.0441	0.0209	0.0233	0.0026	0.0026	0.0000	0.0415	0.0183	0.0232	0.0000	0.0000	0.0000	0.0000	0.0000	0.0000	0.0000	0.0000	0.0000	0.0000	0.0000	0.0000	0.0000	0.0000	0.0000	0.0000	0.0000	0.0000											
37	73	0.6496	6	2	2	0	0	0	0	0	0	Y	Y	N	N	N	N	N	N	N	N	N	N	inf	inf	inf	inf	0.2358	0.3473	0.0000	0.4238	0.4328	0.0000	0.0000	0.0000	0.0000	0.0000	0.0000	0.0000	0.0000	0.0000	0.0000	0.0000	0.0000	0.0000	0.0000	-0.0000	0.0000	4.2779	0.0000	3.9542	0.0000	0.0000	0.0000	0.0000	0.0000	0.0000	0.0000	0.0000	0.0000	0.0000	0.0000	0.0000	0.0000	0.0000	0.0000	0.0000	0.0000	0.0000	0.0000	0.0000	0.0000	0.0000	0.0000	0.0000	0.0000	0.0000	0.0000	0.0000	0.0000	0.0000	0.0000	0.0000	0.0000	0.0000	0.0000	0.0000	0.0000	inf	inf	0.0000	inf	inf	0.0000	0.0000	0.0000	0.0000	0.0000	0.0000	0.0000	0.0000	0.0000	0.0000	0.0000	0.0000	0.0000						
37	74	0.1425	4	2	2	0	0	0	0	0	0	Y	Y	N	N	N	N	N	N	N	N	N	N	0.0000	0.0000	0.0000	0.0000	0.0000	0.0000	0.0000	0.0000	0.0000	0.0000	0.0000	0.0000	0.0000	0.0000	0.0000	0.0000	0.0000	0.0000	0.0000	0.0000	4.2779	0.0000	3.9542	0.0010	0.0000	0.0000	0.0000	0.0000	0.0000	0.0000	0.0000	0.0000	0.0000	0.0000	0.0000	0.0000	0.0000	0.0000	0.0000	0.0000	0.0000	0.0000	0.0000	0.0000	0.0000	0.0000	0.0000	0.0000	0.0000	0.0000	0.0000	0.0064	0.0051	0.0013	0.0032	0.0032	0.0000	0.0032	0.0019	0.0013	0.0000	0.0000	0.0000	0.0000	0.0000	0.0000	0.0000	0.0000	0.0000	0.0000	0.0000	0.0000	0.0000	0.0000	0.0000	0.0000	0.0000	0.0000											
37	75	0.0713	4	1	2	0	1	0	0	0	0	N	Y	N	N	N	N	N	N	N	N	N	N	0.0000	0.0000	0.0000	0.0000	0.0000	0.0000	0.0000	0.0000	0.0000	0.0000	0.0000	0.0000	0.0000	0.0000	0.0000	0.0000	0.0000	0.0000	0.0000	0.0000	4.2779	0.0000	3.9542	0.0000	0.0000	0.0000	0.0000	0.0000	0.0000	0.0000	0.0000	0.0000	0.0000	0.0000	0.0000	0.0000	0.0000	0.0000	0.0000	0.0000	0.0000	0.0000	0.0000	0.0000	0.0000	0.0000	0.0000	0.0000	0.0000	0.0000	0.0000	0.0000	0.0000	0.0000	0.0000	0.0000	0.0000	0.0000	0.0000	0.0000	0.0000	0.0000	0.0000	0.0000	0.0000	0.0000	0.0000	0.0000	0.0000	0.0000	0.0000	0.0000	0.0000	0.0000	0.0000	0.0000	0.0000	0.0000											
37	76	0.0713	4	1	1	0	1	0	0	0	0	N	N	N	N	N	N	N	N	N	N	N	N	0.0000	0.0000	0.0000	0.0000	0.0000	0.0000	0.0000	0.0000	0.0000	0.0000	0.0000	0.0000	0.0000	0.0000	0.0000	0.0000	0.0000	0.0000	0.0000	0.0000	4.2779	0.0000	3.9542	0.0000	0.0000	0.0000	0.0000	0.0000	0.0000	0.0000	0.0000	0.0000	0.0000	0.0000	0.0000	0.0000	0.0000	0.0000	0.0000	0.0000	0.0000	0.0000	0.0000	0.0000	0.0000	0.0000	0.0000	0.0000	0.0000	0.0000	0.0000	0.0000	0.0000	0.0000	0.0000	0.0000	0.0000	0.0000	0.0000	0.0000	0.0000	0.0000	0.0000	0.0000	0.0000	0.0000	0.0000	0.0000	0.0000	0.0000	0.0000	0.0000	0.0000	0.0000	0.0000	0.0000	0.0000	0.0000											
37	77	0.0560	3	1	1	0	1	0	0	0	0	N	N	N	N	N	N	N	N	N	N	N	N	283.6459	189.0038	485.3235	557.0114	0.1494	0.1716	0.0000	0.6905	0.6912	0.0000	0.0000	0.0000	0.0000	0.0005	0.0009	0.0000	0.0014	0.0012	0.0000	0.0000	0.0000	0.0000	0.0000	0.0000	-0.0000	-0.0000	4.2779	0.0002	3.9542	2.9297	0.0000	0.0000	0.0000	0.0000	0.0000	0.0000	0.0000	0.0000	0.0000	0.0000	0.0000	0.0000	0.0000	0.0000	0.0000	0.0000	0.0000	0.0000	0.0001	0.0001	0.0000	0.0000	0.0000	0.0000	0.0001	0.0000	0.0000	0.1349	0.0856	0.0494	0.0492	0.0434	0.0058	0.0858	0.0421	0.0436	672.3331	489.5601	0.0000	1132.6188	1000.3726	0.0000	0.0000	0.0000	0.0000	0.0002	0.0004	0.0000	0.0006	0.0007	0.0000	0.0000	0.0000	0.0000					
37	78	0.0519	2	1	1	0	1	0	0	0	0	N	N	N	N	N	N	N	N	N	N	N	N	62.0996	106.5511	577.8239	0.0000	0.0000	615.7636	inf	578.0924	0.2544	0.1791	0.5128	0.0000	0.0000	0.0000	0.3196	0.2430	0.5132	0.0041	0.0017	0.0009	0.0100	0.0080	0.0000	0.0005	0.0000	0.0009	0.8342	1.4996	0.0000	0.0000	4.2779	0.0003	3.9542	2.1916	0.0000	0.0000	0.0000	0.0000	0.0000	0.0000	0.0000	0.0000	0.0000	0.0000	0.0000	0.0000	0.0000	0.0000	0.0000	0.0000	0.0000	0.0000	0.0001	0.0001	0.0000	0.0000	0.0000	0.0000	0.0001	0.0000	0.0000	0.0713	0.0375	0.0338	0.0070	0.0070	0.0000	0.0643	0.0305	0.0338	362.7185	335.6555	577.8239	0.0000	0.0000	0.0000	684.7332	inf	578.0924	0.0007	0.0005	0.0009	0.0029	0.0029	0.0000	0.0005	0.0000	0.0009	
37	80	0.1481	5	1	2	1	0	0	0	0	0	N	Y	N	N	N	N	N	N	N	N	N	N	0.0000	0.0000	0.0000	0.0000	0.0000	0.0000	0.0000	0.0000	0.0000	0.0000	0.0000	0.0000	0.0000	0.0000	0.0000	0.0000	0.0000	0.0000	0.0000	0.0000	4.2779	0.0029	3.9542	2.0135	0.0000	0.0000	0.0000	0.0000	0.0000	0.0000	0.0000	0.0000	0.0000	0.0000	0.0000	0.0000	0.0000	0.0000	0.0000	0.0000	0.0000	0.0000	0.0009	0.0008	0.0001	0.0006	0.0006	0.0000	0.0003	0.0003	0.0001	0.0300	0.0149	0.0151	0.0028	0.0027	0.0001	0.0272	0.0122	0.0150	0.0000	0.0000	0.0000	0.0000	0.0000	0.0000	0.0000	0.0000	0.0000	0.0000	0.0000	0.0000	0.0000	0.0000	0.0000	0.0000	0.0000	0.0000											
37	81	0.1415	4	1	2	0	0	0	0	0	0	N	Y	N	N	N	N	N	N	N	N	N	N	0.0040	0.0016	0.0000	0.0011	0.0012	0.3451	inf	0.0000	0.0003	0.0003	0.0000	0.0004	0.0004	0.0000	0.0002	0.0002	0.0000	0.0702	0.1954	0.0007	0.3380	0.3102	0.0000	0.0005	0.0000	0.0007	0.0000	0.1308	-0.0000	-0.0000	4.2779	0.6188	3.9542	0.9475	0.0000	0.0000	0.0000	0.0000	0.0000	0.0000	0.0000	0.0000	0.0000	0.0001	0.0001	0.0000	0.0001	0.0001	0.0000	0.0000	0.0000	0.0000	0.1591	0.1459	0.0132	0.0981	0.0948	0.0033	0.0610	0.0511	0.0098	0.0268	0.0132	0.0136	0.0037	0.0037	0.0001	0.0230	0.0096	0.0135	0.0877	0.0534	0.0000	0.0175	0.0177	0.0000	0.3778	inf	0.0000	0.0032	0.0058	0.0007	0.0204	0.0209	0.0000	0.0004	0.0000	0.0007	
37	82	0.6528	6	1	2	1	0	0	0	0	0	N	Y	N	N	N	N	N	N	N	N	N	N	0.0000	0.0000	0.0000	0.0000	0.0000	0.0000	0.0000	0.0000	0.0000	0.0000	0.0000	0.0000	0.0000	0.0000	0.0000	0.0000	0.0000	0.0000	0.0000	0.0000	4.2779	0.0000	3.9542	1.0000	0.0000	0.0000	0.0000	0.0000	0.0000	0.0000	0.0000	0.0000	0.0000	0.0000	0.0000	0.0000	0.0000	0.0000	0.0000	0.0000	0.0000	0.0000	0.0000	0.0000	0.0000	0.0000	0.0000	0.0000	0.0000	0.0000	0.0000	0.0127	0.0074	0.0053	0.0061	0.0052	0.0009	0.0066	0.0022	0.0045	0.0000	0.0000	0.0000	0.0000	0.0000	0.0000	0.0000	0.0000	0.0000	0.0000	0.0000	0.0000	0.0000	0.0000	0.0000	0.0000	0.0000	0.0000											
37	83	0.1156	3	2	1	1	0	0	0	0	0	Y	N	N	N	N	N	N	N	N	N	N	N	0.0000	0.0000	0.0000	0.0000	0.0000	0.0000	0.0000	0.0000	0.0000	0.0000	0.0000	0.0000	0.0000	0.0000	0.0000	0.0000	0.0000	0.0000	0.0000	0.0000	4.2779	9.0001	3.9542	3.0001	0.0000	0.0000	0.0000	0.0000	0.0000	0.0000	0.0000	0.0000	0.0000	0.0000	0.0000	0.0000	0.0000	0.0000	0.0000	0.0000	0.0000	0.0000	1.0530	0.9450	0.1081	0.4853	0.4528	0.0324	0.5678	0.4921	0.0757	0.1612	0.0766	0.0846	0.0092	0.0091	0.0001	0.1520	0.0675	0.0845	0.0000	0.0000	0.0000	0.0000	0.0000	0.0000	0.0000	0.0000	0.0000	0.0000	0.0000	0.0000	0.0000	0.0000	0.0000	0.0000	0.0000	0.0000											
37	84	0.6304	5	2	1	1	0	0	0	0	0	Y	N	N	N	N	N	N	N	N	N	N	N	inf	inf	inf	inf	2.3995	2.6396	0.0000	3.6909	3.9387	0.0000	0.0000	0.0000	0.0000	0.0000	0.0000	0.0000	0.0000	0.0000	0.0000	0.0000	0.0000	0.0000	0.0000	-0.2602	0.0000	4.2779	4.0000	3.9542	0.0000	1.0000	1.0000	0.0000	1.0000	1.0000	0.0000	0.0000	0.0000	0.0000	0.0000	0.0000	0.0000	0.0000	0.0000	0.0000	0.0000	0.0000	0.0000	0.4167	0.3788	0.0379	0.2709	0.2539	0.0170	0.1458	0.1250	0.0209	0.0269	0.0137	0.0132	0.0097	0.0082	0.0015	0.0172	0.0055	0.0117	inf	inf	0.0000	inf	inf	0.0000	0.0000	0.0000	0.0000	0.0000	0.0000	0.0000	0.0000	0.0000	0.0000	0.0000	0.0000	0.0000						
37	85	0.6765	6	2	2	0	0	0	0	0	0	Y	Y	N	N	N	N	N	N	N	N	N	N	318.7812	207.4650	1.4949	1.8511	inf	inf	0.1710	0.1895	0.0000	0.0016	0.0017	0.0000	0.3628	0.4256	0.0000	0.0005	0.0009	0.0000	0.0011	0.0009	0.0000	0.0000	0.0000	0.0000	0.0000	0.0000	-0.0064	-0.0000	4.2779	1.0086	3.9542	1.7435	0.0248	0.0248	0.0000	0.0001	0.0001	0.0000	0.0246	0.0246	0.0000	0.0000	0.0000	0.0000	0.0000	0.0000	0.0000	0.0000	0.0000	0.0000	0.1448	0.1307	0.0141	0.0769	0.0728	0.0041	0.0679	0.0579	0.0100	0.0441	0.0283	0.0158	0.0229	0.0204	0.0025	0.0213	0.0079	0.0134	755.3037	536.4910	0.0000	3.6545	3.4478	0.0000	inf	inf	0.0000	0.0002	0.0004	0.0000	0.0004	0.0005	0.0000	0.0000	0.0000	0.0000			
37	86	0.6304	5	2	2	0	0	0	0	0	0	Y	Y	N	N	N	N	N	N	N	N	N	N	inf	inf	inf	inf	inf	inf	0.0001	0.0001	0.0003	0.0000	0.0000	0.0000	0.0003	0.0003	0.0005	0.0000	0.0000	0.0000	0.0000	0.0000	0.0000	0.0000	0.0000	0.0000	0.2780	-0.0000	0.0000	4.2779	1.0165	3.9542	4.1395	0.0000	0.0000	0.0000	0.0000	0.0000	0.0000	0.0000	0.0000	0.0000	0.0000	0.0000	0.0000	0.0000	0.0000	0.0000	0.0000	0.0000	0.0000	0.1155	0.1050	0.0105	0.0766	0.0717	0.0049	0.0389	0.0333	0.0056	0.0343	0.0175	0.0168	0.0124	0.0105	0.0019	0.0219	0.0070	0.0149	inf	inf	inf	0.0000	0.0000	0.0000	inf	inf	inf	0.0000	0.0000	0.0000	0.0000	0.0000	0.0000	0.0000	0.0000	0.0000				
37	87	0.0743	2	2	2	0	0	0	0	0	0	Y	Y	N	N	N	N	N	N	N	N	N	N	inf	inf	inf	inf	0.8019	0.9028	0.0000	0.0000	0.0000	0.0000	0.8791	0.9984	0.0000	0.0000	0.0000	0.0000	0.0000	0.0000	0.0000	0.0000	0.0000	0.0000	0.0000	-0.2602	0.0000	4.2779	9.0005	3.9542	5.0000	1.0000	1.0000	0.0000	0.0000	0.0000	0.0000	1.0000	1.0000	0.0000	0.0000	0.0000	0.0000	0.0000	0.0000	0.0000	0.0000	0.0000	0.0000	1.2471	1.1076	0.1395	0.1096	0.1060	0.0036	1.1375	1.0016	0.1359	0.2976	0.1574	0.1402	0.0089	0.0089	0.0001	0.2886	0.1485	0.1401	inf	inf	0.0000	0.0000	0.0000	0.0000	inf	inf	0.0000	0.0000	0.0000	0.0000	0.0000	0.0000	0.0000	0.0000	0.0000	0.0000						
37	88	0.6528	6	1	2	0	0	0	0	0	0	N	Y	N	N	N	N	N	N	N	N	N	N	0.0000	0.0000	0.0000	0.0000	0.0000	0.0000	0.0000	0.0000	0.0000	0.0000	0.0000	0.0000	0.0000	0.0000	0.0000	0.0000	0.0000	0.0000	0.0000	0.0000	4.2779	0.0000	3.9542	0.0000	0.0000	0.0000	0.0000	0.0000	0.0000	0.0000	0.0000	0.0000	0.0000	0.0000	0.0000	0.0000	0.0000	0.0000	0.0000	0.0000	0.0000	0.0000	0.0000	0.0000	0.0000	0.0000	0.0000	0.0000	0.0000	0.0000	0.0000	0.0000	0.0000	0.0000	0.0000	0.0000	0.0000	0.0000	0.0000	0.0000	0.0000	0.0000	0.0000	0.0000	0.0000	0.0000	0.0000	0.0000	0.0000	0.0000	0.0000	0.0000	0.0000	0.0000	0.0000	0.0000	0.0000	0.0000											
37	89	0.1415	4	1	2	0	0	0	0	0	0	N	Y	N	N	N	N	N	N	N	N	N	N	0.0000	0.0000	0.0000	0.0000	0.0000	0.0000	0.0000	0.0000	0.0000	0.0000	0.0000	0.0000	0.0000	0.0000	0.0000	0.0000	0.0000	0.0000	0.0000	0.0000	4.2779	1.9953	3.9542	1.0817	0.0000	0.0000	0.0000	0.0000	0.0000	0.0000	0.0000	0.0000	0.0000	0.0000	0.0000	0.0000	0.0000	0.0000	0.0000	0.0000	0.0000	0.0000	0.3163	0.2869	0.0294	0.1635	0.1561	0.0075	0.1528	0.1309	0.0219	0.0483	0.0237	0.0246	0.0054	0.0052	0.0002	0.0429	0.0185	0.0244	0.0000	0.0000	0.0000	0.0000	0.0000	0.0000	0.0000	0.0000	0.0000	0.0000	0.0000	0.0000	0.0000	0.0000	0.0000	0.0000	0.0000	0.0000											
37	90	0.1156	3	1	2	0	0	0	0	0	0	N	Y	N	N	N	N	N	N	N	N	N	N	0.0186	0.0310	0.3855	inf	inf	inf	0.0356	0.0000	0.4497	0.0001	0.0001	0.0004	0.0001	0.0001	0.0003	0.0001	0.0000	0.0004	0.0056	0.0024	0.0010	0.0000	0.0000	0.0000	0.0017	0.0138	0.0010	0.5746	1.6667	0.0000	0.0000	4.2779	2.3999	3.9542	4.0713	0.0000	0.0000	0.0000	0.0000	0.0000	0.0000	0.0000	0.0000	0.0000	0.0001	0.0000	0.0000	0.0000	0.0000	0.0000	0.0001	0.0000	0.0000	0.3359	0.3023	0.0336	0.1702	0.1591	0.0111	0.1657	0.1432	0.0225	0.0918	0.0435	0.0483	0.0053	0.0053	0.0001	0.0865	0.0382	0.0482	0.1253	0.1117	0.3855	inf	inf	inf	0.0683	0.0000	0.4497	0.0008	0.0007	0.0010	0.0000	0.0000	0.0000	0.0009	0.0007	0.0010
37	91	0.0762	2	1	1	1	0	0	0	0	0	N	N	N	N	N	N	N	N	N	N	N	N	0.0000	0.0000	0.0000	0.0000	0.0000	0.0000	0.0000	0.0000	0.0000	0.0000	0.0000	0.0000	0.0000	0.0000	0.0000	0.0000	0.0000	0.0000	0.0000	0.0000	4.2779	0.0000	3.9542	0.0000	0.0000	0.0000	0.0000	0.0000	0.0000	0.0000	0.0000	0.0000	0.0000	0.0000	0.0000	0.0000	0.0000	0.0000	0.0000	0.0000	0.0000	0.0000	0.0000	0.0000	0.0000	0.0000	0.0000	0.0000	0.0000	0.0000	0.0000	0.0000	0.0000	0.0000	0.0000	0.0000	0.0000	0.0000	0.0000	0.0000	0.0000	0.0000	0.0000	0.0000	0.0000	0.0000	0.0000	0.0000	0.0000	0.0000	0.0000	0.0000	0.0000	0.0000	0.0000	0.0000	0.0000	0.0000											
37	94	0.1318	4	2	2	0	0	0	0	0	0	Y	Y	N	N	N	N	N	N	N	N	N	N	inf	inf	inf	inf	inf	inf	2.6220	1.4468	13.9727	0.0000	0.0000	0.0000	5.2983	3.0520	20.0745	0.0000	0.0000	0.0000	0.0000	0.0000	0.0000	0.0000	0.0000	0.0000	0.9999	0.4795	0.0000	4.2779	5.9980	3.9542	4.9575	1.9997	0.9999	0.9998	0.0000	0.0000	0.0000	1.9997	0.9999	0.9998	0.0000	0.0000	0.0000	0.0000	0.0000	0.0000	0.0000	0.0000	0.0000	0.7627	0.6911	0.0716	0.3852	0.3635	0.0218	0.3774	0.3276	0.0498	0.1406	0.0703	0.0703	0.0112	0.0110	0.0002	0.1293	0.0593	0.0701	inf	inf	inf	0.0000	0.0000	0.0000	inf	inf	inf	0.0000	0.0000	0.0000	0.0000	0.0000	0.0000	0.0000	0.0000	0.0000				
37	95	0.6528	6	2	2	0	0	0	0	0	0	Y	Y	N	N	N	N	N	N	N	N	N	N	0.0000	0.0000	0.0000	0.0000	0.0000	0.0000	0.0000	0.0000	0.0000	0.0000	0.0000	0.0000	0.0000	0.0000	0.0000	0.0000	0.0000	0.0000	0.0000	0.0000	4.2779	0.0000	3.9542	2.0000	0.0000	0.0000	0.0000	0.0000	0.0000	0.0000	0.0000	0.0000	0.0000	0.0000	0.0000	0.0000	0.0000	0.0000	0.0000	0.0000	0.0000	0.0000	0.0000	0.0000	0.0000	0.0000	0.0000	0.0000	0.0000	0.0000	0.0000	0.0252	0.0147	0.0105	0.0121	0.0104	0.0017	0.0131	0.0043	0.0088	0.0000	0.0000	0.0000	0.0000	0.0000	0.0000	0.0000	0.0000	0.0000	0.0000	0.0000	0.0000	0.0000	0.0000	0.0000	0.0000	0.0000	0.0000											
37	96	0.6304	5	1	2	0	0	0	0	0	0	N	Y	N	N	N	N	N	N	N	N	N	N	inf	inf	inf	inf	2.3995	2.6396	0.0000	3.6909	3.9387	0.0000	0.0000	0.0000	0.0000	0.0000	0.0000	0.0000	0.0000	0.0000	0.0000	0.0000	0.0000	0.0000	0.0000	-0.2602	0.0000	4.2779	4.0000	3.9542	0.0000	1.0000	1.0000	0.0000	1.0000	1.0000	0.0000	0.0000	0.0000	0.0000	0.0000	0.0000	0.0000	0.0000	0.0000	0.0000	0.0000	0.0000	0.0000	0.4167	0.3788	0.0379	0.2709	0.2539	0.0170	0.1458	0.1250	0.0209	0.0269	0.0137	0.0132	0.0097	0.0082	0.0015	0.0172	0.0055	0.0117	inf	inf	0.0000	inf	inf	0.0000	0.0000	0.0000	0.0000	0.0000	0.0000	0.0000	0.0000	0.0000	0.0000	0.0000	0.0000	0.0000						
37	97	0.0743	2	1	1	0	0	0	0	0	0	N	N	N	N	N	N	N	N	N	N	N	N	0.0000	0.0000	0.0000	0.0000	0.0000	0.0000	0.0000	0.0000	0.0000	0.0000	0.0000	0.0000	0.0000	0.0000	0.0000	0.0000	0.0000	0.0000	0.0000	0.0000	4.2779	3.9994	3.9542	4.0000	0.0000	0.0000	0.0000	0.0000	0.0000	0.0000	0.0000	0.0000	0.0000	0.0000	0.0000	0.0000	0.0000	0.0000	0.0000	0.0000	0.0000	0.0000	0.6423	0.5687	0.0735	0.0556	0.0537	0.0018	0.5867	0.5150	0.0717	0.1910	0.1021	0.0890	0.0055	0.0055	0.0000	0.1855	0.0966	0.0889	0.0000	0.0000	0.0000	0.0000	0.0000	0.0000	0.0000	0.0000	0.0000	0.0000	0.0000	0.0000	0.0000	0.0000	0.0000	0.0000	0.0000	0.0000											
37	98	0.6304	5	1	1	0	0	0	0	0	0	N	N	N	N	N	N	N	N	N	N	N	N	0.0000	0.0000	0.0000	0.0000	0.0000	0.0000	0.0000	0.0000	0.0000	0.0000	0.0000	0.0000	0.0000	0.0000	0.0000	0.0000	0.0000	0.0000	0.0000	0.0000	4.2779	1.0000	3.9542	0.0000	0.0000	0.0000	0.0000	0.0000	0.0000	0.0000	0.0000	0.0000	0.0000	0.0000	0.0000	0.0000	0.0000	0.0000	0.0000	0.0000	0.0000	0.0000	0.2044	0.1858	0.0186	0.1348	0.1262	0.0086	0.0696	0.0596	0.0100	0.0127	0.0065	0.0062	0.0046	0.0039	0.0007	0.0081	0.0026	0.0055	0.0000	0.0000	0.0000	0.0000	0.0000	0.0000	0.0000	0.0000	0.0000	0.0000	0.0000	0.0000	0.0000	0.0000	0.0000	0.0000	0.0000	0.0000											
37	99	0.1853	3	1	1	0	0	0	0	0	0	N	N	N	N	N	N	N	N	N	N	N	N	2799.0651	0.0901	inf	3.2046	0.1560	inf	inf	inf	1.2054	0.0001	10.7604	0.0065	0.0003	0.2867	1.6184	0.0000	11.3100	0.0004	0.0008	0.0000	0.0020	0.0017	0.0000	0.0000	0.0000	0.0000	18256.0274	0.0000	0.3452	-0.0000	4.2779	1.5982	3.9542	11.1970	0.4667	0.0000	0.4666	0.0006	0.0000	0.0006	0.4660	0.0000	0.4660	0.0001	0.0001	0.0000	0.0001	0.0001	0.0000	0.0000	0.0000	0.0000	0.3871	0.3438	0.0434	0.0992	0.0970	0.0022	0.2880	0.2468	0.0412	0.3454	0.2083	0.1371	0.0784	0.0737	0.0047	0.2670	0.1346	0.1324	6146.3677	0.2287	inf	7.5338	0.2867	inf	inf	0.0000	inf	0.0002	0.0003	0.0000	0.0009	0.0009	0.0000	0.0000	0.0000	0.0000	
37	100	0.1333	5	2	2	1	0	0	0	0	0	Y	Y	N	N	N	N	N	N	N	N	N	N	0.0000	0.0000	0.0000	0.0000	0.0000	0.0000	0.0000	0.0000	0.0000	0.0000	0.0000	0.0000	0.0000	0.0000	0.0000	0.0000	0.0000	0.0000	0.0000	0.0000	4.2779	0.0000	3.9542	0.9982	0.0000	0.0000	0.0000	0.0000	0.0000	0.0000	0.0000	0.0000	0.0000	0.0000	0.0000	0.0000	0.0000	0.0000	0.0000	0.0000	0.0000	0.0000	0.0157	0.0147	0.0010	0.0131	0.0127	0.0004	0.0026	0.0020	0.0007	0.0142	0.0071	0.0071	0.0012	0.0012	0.0000	0.0130	0.0059	0.0071	0.0000	0.0000	0.0000	0.0000	0.0000	0.0000	0.0000	0.0000	0.0000	0.0000	0.0000	0.0000	0.0000	0.0000	0.0000	0.0000	0.0000	0.0000											
37	101	0.6652	8	2	2	1	0	0	0	0	0	Y	Y	N	N	N	N	N	N	N	N	N	N	0.0000	0.0000	0.0000	0.0000	0.0000	0.0000	0.0000	0.0000	0.0000	0.0000	0.0000	0.0000	0.0000	0.0000	0.0000	0.0000	0.0000	0.0000	0.0000	0.0000	4.2779	0.0000	3.9542	0.0000	0.0000	0.0000	0.0000	0.0000	0.0000	0.0000	0.0000	0.0000	0.0000	0.0000	0.0000	0.0000	0.0000	0.0000	0.0000	0.0000	0.0000	0.0000	0.0000	0.0000	0.0000	0.0000	0.0000	0.0000	0.0000	0.0000	0.0000	0.0000	0.0000	0.0000	0.0000	0.0000	0.0000	0.0000	0.0000	0.0000	0.0000	0.0000	0.0000	0.0000	0.0000	0.0000	0.0000	0.0000	0.0000	0.0000	0.0000	0.0000	0.0000	0.0000	0.0000	0.0000	0.0000	0.0000											
37	102	0.6652	7	2	1	1	0	0	0	0	0	Y	N	N	N	N	N	N	N	N	N	N	N	0.0000	0.0000	0.0000	0.0000	0.0000	0.0000	0.0000	0.0000	0.0000	0.0000	0.0000	0.0000	0.0000	0.0000	0.0000	0.0000	0.0000	0.0000	0.0000	0.0000	4.2779	0.0000	3.9542	0.0000	0.0000	0.0000	0.0000	0.0000	0.0000	0.0000	0.0000	0.0000	0.0000	0.0000	0.0000	0.0000	0.0000	0.0000	0.0000	0.0000	0.0000	0.0000	0.0000	0.0000	0.0000	0.0000	0.0000	0.0000	0.0000	0.0000	0.0000	0.0000	0.0000	0.0000	0.0000	0.0000	0.0000	0.0000	0.0000	0.0000	0.0000	0.0000	0.0000	0.0000	0.0000	0.0000	0.0000	0.0000	0.0000	0.0000	0.0000	0.0000	0.0000	0.0000	0.0000	0.0000	0.0000	0.0000											
37	103	0.6591	6	2	1	1	0	0	0	0	0	Y	N	N	N	N	N	N	N	N	N	N	N	0.0000	0.0000	0.0000	0.0000	0.0000	0.0000	0.0000	0.0000	0.0000	0.0000	0.0000	0.0000	0.0000	0.0000	0.0000	0.0000	0.0000	0.0000	0.0000	0.0000	4.2779	0.0000	3.9542	1.0091	0.0000	0.0000	0.0000	0.0000	0.0000	0.0000	0.0000	0.0000	0.0000	0.0000	0.0000	0.0000	0.0000	0.0000	0.0000	0.0000	0.0000	0.0000	0.0000	0.0000	0.0000	0.0000	0.0000	0.0000	0.0000	0.0000	0.0000	0.0128	0.0074	0.0054	0.0061	0.0053	0.0009	0.0067	0.0022	0.0045	0.0000	0.0000	0.0000	0.0000	0.0000	0.0000	0.0000	0.0000	0.0000	0.0000	0.0000	0.0000	0.0000	0.0000	0.0000	0.0000	0.0000	0.0000											
37	104	0.0743	2	1	2	0	0	0	0	0	0	N	Y	N	N	N	N	N	N	N	N	N	N	inf	inf	inf	inf	0.2440	0.2749	0.0000	0.0000	0.0000	0.0000	0.2674	0.3039	0.0000	0.0000	0.0000	0.0000	0.0000	0.0000	0.0000	0.0000	0.0000	0.0000	0.0000	-0.0723	0.0000	4.2779	7.9994	3.9542	4.0001	0.2780	0.2780	0.0000	0.0000	0.0000	0.0000	0.2780	0.2780	0.0000	0.0000	0.0000	0.0000	0.0000	0.0000	0.0000	0.0000	0.0000	0.0000	1.1395	1.0116	0.1280	0.1000	0.0967	0.0033	1.0396	0.9149	0.1247	0.2649	0.1406	0.1243	0.0079	0.0078	0.0001	0.2570	0.1328	0.1242	inf	inf	0.0000	0.0000	0.0000	0.0000	inf	inf	0.0000	0.0000	0.0000	0.0000	0.0000	0.0000	0.0000	0.0000	0.0000	0.0000						
37	105	0.1368	6	2	1	1	0	0	0	0	0	Y	N	N	N	N	N	N	N	N	N	N	N	0.0683	0.0288	0.0071	0.0086	0.0001	0.0001	0.0000	0.0001	0.0001	0.0000	0.0000	0.0000	0.0000	0.0010	0.0027	0.0000	0.0184	0.0161	0.0000	0.0000	0.0000	0.0000	0.0000	0.0000	-0.0000	-0.0000	4.2779	1.0000	3.9542	1.0005	0.0000	0.0000	0.0000	0.0000	0.0000	0.0000	0.0000	0.0000	0.0000	0.0000	0.0000	0.0000	0.0000	0.0000	0.0000	0.0000	0.0000	0.0000	0.1437	0.1305	0.0132	0.0764	0.0723	0.0042	0.0673	0.0583	0.0090	0.0280	0.0139	0.0141	0.0022	0.0022	0.0000	0.0257	0.0117	0.0140	0.1948	0.1066	0.0000	0.0294	0.0304	0.0000	0.0000	0.0000	0.0000	0.0004	0.0007	0.0000	0.0045	0.0045	0.0000	0.0000	0.0000	0.0000					
37	106	0.1333	5	2	1	1	0	0	0	0	0	Y	N	N	N	N	N	N	N	N	N	N	N	0.1711	inf	0.0000	inf	inf	0.0830	inf	0.0000	0.0011	0.0012	0.0000	0.0018	0.0018	0.0000	0.0002	0.0002	0.0000	0.0063	0.0000	0.0018	0.0000	0.0000	0.0000	0.0023	0.0000	0.0018	0.0000	inf	-0.0000	0.0000	4.2779	0.7249	3.9542	0.0368	0.0001	0.0001	0.0000	0.0001	0.0001	0.0000	0.0000	0.0000	0.0000	0.0000	0.0000	0.0000	0.0000	0.0000	0.0000	0.0000	0.0000	0.0000	0.1201	0.1094	0.0106	0.0685	0.0651	0.0034	0.0516	0.0444	0.0072	0.0109	0.0055	0.0055	0.0009	0.0009	0.0000	0.0100	0.0045	0.0055	1.1852	inf	0.0000	inf	inf	0.0000	0.1939	inf	0.0000	0.0009	0.0000	0.0018	0.0000	0.0000	0.0000	0.0010	0.0000	0.0018	
37	107	0.1318	4	2	1	1	0	0	0	0	0	Y	N	N	N	N	N	N	N	N	N	N	N	inf	inf	inf	inf	inf	inf	inf	0.0055	0.0043	0.0195	0.0063	0.0067	0.0000	0.0042	0.0000	0.0311	0.0000	0.0000	0.0000	0.0000	0.0000	0.0000	0.0000	0.0000	0.0000	0.4000	0.0000	0.0000	4.2779	0.4159	3.9542	0.0887	0.0004	0.0003	0.0001	0.0003	0.0003	0.0000	0.0001	0.0000	0.0001	0.0000	0.0000	0.0000	0.0000	0.0000	0.0000	0.0000	0.0000	0.0000	0.0760	0.0699	0.0061	0.0473	0.0450	0.0023	0.0287	0.0248	0.0039	0.0079	0.0040	0.0039	0.0009	0.0009	0.0000	0.0070	0.0031	0.0038	inf	inf	inf	inf	inf	0.0000	inf	0.0000	inf	0.0000	0.0000	0.0000	0.0000	0.0000	0.0000	0.0000	0.0000	0.0000			
37	108	0.1156	3	2	1	0	0	0	0	0	0	Y	N	N	N	N	N	N	N	N	N	N	N	inf	inf	inf	inf	inf	inf	0.0006	0.0003	0.0034	0.0000	0.0000	0.0000	0.0011	0.0005	0.0049	0.0000	0.0000	0.0000	0.0000	0.0000	0.0000	0.0000	0.0000	0.0000	1.5000	0.0001	0.0000	4.2779	3.9943	3.9542	0.9974	0.0003	0.0001	0.0002	0.0000	0.0000	0.0000	0.0003	0.0001	0.0002	0.0000	0.0000	0.0000	0.0000	0.0000	0.0000	0.0000	0.0000	0.0000	0.5329	0.4792	0.0537	0.2634	0.2461	0.0173	0.2695	0.2331	0.0364	0.0719	0.0340	0.0379	0.0042	0.0042	0.0001	0.0677	0.0299	0.0378	inf	inf	inf	0.0000	0.0000	0.0000	inf	inf	inf	0.0000	0.0000	0.0000	0.0000	0.0000	0.0000	0.0000	0.0000	0.0000				
37	109	0.6591	6	2	1	1	0	0	0	0	0	Y	N	N	N	N	N	N	N	N	N	N	N	0.0000	0.0000	0.0000	0.0000	0.0000	0.0000	0.0000	0.0000	0.0000	0.0000	0.0000	0.0000	0.0000	0.0000	0.0000	0.0000	0.0000	0.0000	0.0000	0.0000	4.2779	0.0000	3.9542	0.9909	0.0000	0.0000	0.0000	0.0000	0.0000	0.0000	0.0000	0.0000	0.0000	0.0000	0.0000	0.0000	0.0000	0.0000	0.0000	0.0000	0.0000	0.0000	0.0000	0.0000	0.0000	0.0000	0.0000	0.0000	0.0000	0.0000	0.0000	0.0126	0.0073	0.0053	0.0060	0.0052	0.0009	0.0065	0.0021	0.0044	0.0000	0.0000	0.0000	0.0000	0.0000	0.0000	0.0000	0.0000	0.0000	0.0000	0.0000	0.0000	0.0000	0.0000	0.0000	0.0000	0.0000	0.0000											
37	110	0.6304	5	2	1	1	0	0	0	0	0	Y	N	N	N	N	N	N	N	N	N	N	N	inf	inf	inf	inf	inf	inf	inf	3.0667	2.6396	7.3358	3.6909	3.9387	0.0000	1.9068	0.0000	13.3305	0.0000	0.0000	0.0000	0.0000	0.0000	0.0000	0.0000	0.0000	0.0000	0.2780	-0.0545	0.0000	4.2779	4.0000	3.9542	0.0000	1.2780	1.0000	0.2780	1.0000	1.0000	0.0000	0.2780	0.0000	0.2780	0.0000	0.0000	0.0000	0.0000	0.0000	0.0000	0.0000	0.0000	0.0000	0.4167	0.3788	0.0379	0.2709	0.2539	0.0170	0.1458	0.1250	0.0209	0.0269	0.0137	0.0132	0.0097	0.0082	0.0015	0.0172	0.0055	0.0117	inf	inf	inf	inf	inf	0.0000	inf	0.0000	inf	0.0000	0.0000	0.0000	0.0000	0.0000	0.0000	0.0000	0.0000	0.0000			
37	112	0.1201	3	1	1	1	0	0	0	0	0	N	N	N	N	N	N	N	N	N	N	N	N	0.0000	0.0000	0.0000	0.0000	0.0000	0.0000	0.0000	0.0000	0.0000	0.0000	0.0000	0.0000	0.0000	0.0000	0.0000	0.0000	0.0000	0.0000	0.0000	0.0000	4.2779	0.0000	3.9542	0.0001	0.0000	0.0000	0.0000	0.0000	0.0000	0.0000	0.0000	0.0000	0.0000	0.0000	0.0000	0.0000	0.0000	0.0000	0.0000	0.0000	0.0000	0.0000	0.0000	0.0000	0.0000	0.0000	0.0000	0.0000	0.0000	0.0000	0.0000	0.0000	0.0000	0.0000	0.0000	0.0000	0.0000	0.0000	0.0000	0.0000	0.0000	0.0000	0.0000	0.0000	0.0000	0.0000	0.0000	0.0000	0.0000	0.0000	0.0000	0.0000	0.0000	0.0000	0.0000	0.0000	0.0000	0.0000											
37	113	0.0743	2	1	1	1	0	0	0	0	0	N	N	N	N	N	N	N	N	N	N	N	N	0.0000	0.0000	0.0000	0.0000	0.0000	0.0000	0.0000	0.0000	0.0000	0.0000	0.0000	0.0000	0.0000	0.0000	0.0000	0.0000	0.0000	0.0000	0.0000	0.0000	4.2779	4.0004	3.9542	4.9999	0.0000	0.0000	0.0000	0.0000	0.0000	0.0000	0.0000	0.0000	0.0000	0.0000	0.0000	0.0000	0.0000	0.0000	0.0000	0.0000	0.0000	0.0000	0.6424	0.5689	0.0735	0.0556	0.0538	0.0018	0.5868	0.5151	0.0717	0.2107	0.1124	0.0983	0.0062	0.0061	0.0000	0.2045	0.1063	0.0982	0.0000	0.0000	0.0000	0.0000	0.0000	0.0000	0.0000	0.0000	0.0000	0.0000	0.0000	0.0000	0.0000	0.0000	0.0000	0.0000	0.0000	0.0000											
37	114	0.6631	6	1	2	0	0	0	0	0	0	N	Y	N	N	N	N	N	N	N	N	N	N	inf	inf	inf	inf	inf	inf	0.9997	1.1039	0.0000	0.5967	0.6362	0.0000	1.6415	1.9217	0.0000	0.0000	0.0000	0.0000	0.0000	0.0000	0.0000	0.0000	0.0000	0.0000	0.0000	-0.1756	0.0000	4.2779	4.3361	3.9542	4.6323	0.6749	0.6749	0.0000	0.2475	0.2475	0.0000	0.4274	0.4274	0.0000	0.0000	0.0000	0.0000	0.0000	0.0000	0.0000	0.0000	0.0000	0.0000	0.6752	0.6114	0.0637	0.4148	0.3890	0.0258	0.2604	0.2224	0.0380	0.0958	0.0575	0.0384	0.0481	0.0415	0.0065	0.0478	0.0160	0.0318	inf	inf	0.0000	inf	inf	0.0000	inf	inf	0.0000	0.0000	0.0000	0.0000	0.0000	0.0000	0.0000	0.0000	0.0000	0.0000				
37	115	0.6304	5	1	1	0	0	0	0	0	0	N	N	N	N	N	N	N	N	N	N	N	N	inf	inf	inf	inf	inf	inf	1.2455	1.3699	0.0050	0.0000	0.0000	0.0000	3.6495	4.2620	0.0093	0.0000	0.0000	0.0000	0.0000	0.0000	0.0000	0.0000	0.0000	0.0000	0.0004	-0.0709	0.0000	4.2779	1.9840	3.9542	0.2610	0.2728	0.2727	0.0001	0.0000	0.0000	0.0000	0.2728	0.2727	0.0001	0.0000	0.0000	0.0000	0.0000	0.0000	0.0000	0.0000	0.0000	0.0000	0.2190	0.1991	0.0200	0.1443	0.1351	0.0092	0.0748	0.0640	0.0108	0.0154	0.0078	0.0075	0.0055	0.0047	0.0009	0.0098	0.0032	0.0067	inf	inf	inf	0.0000	0.0000	0.0000	inf	inf	inf	0.0000	0.0000	0.0000	0.0000	0.0000	0.0000	0.0000	0.0000	0.0000				
37	116	0.0743	2	1	2	0	1	0	0	0	0	N	Y	N	N	N	N	N	N	N	N	N	N	inf	inf	inf	inf	1.2851	1.4503	0.0000	0.0000	0.0000	0.0000	1.4074	1.6022	0.0000	0.0000	0.0000	0.0000	0.0000	0.0000	0.0000	0.0000	0.0000	0.0000	0.0000	-0.2602	0.0000	4.2779	5.0006	3.9542	2.0000	1.0000	1.0000	0.0000	0.0000	0.0000	0.0000	1.0000	1.0000	0.0000	0.0000	0.0000	0.0000	0.0000	0.0000	0.0000	0.0000	0.0000	0.0000	0.7782	0.6895	0.0886	0.0676	0.0654	0.0022	0.7105	0.6241	0.0864	0.1706	0.0913	0.0793	0.0049	0.0049	0.0000	0.1657	0.0864	0.0793	inf	inf	0.0000	0.0000	0.0000	0.0000	inf	inf	0.0000	0.0000	0.0000	0.0000	0.0000	0.0000	0.0000	0.0000	0.0000	0.0000						
37	117	0.6304	5	1	2	0	1	0	0	0	0	N	Y	N	N	N	N	N	N	N	N	N	N	0.0000	0.0000	0.0000	0.0000	0.0000	0.0000	0.0000	0.0000	0.0000	0.0000	0.0000	0.0000	0.0000	0.0000	0.0000	0.0000	0.0000	0.0000	0.0000	0.0000	4.2779	0.0000	3.9542	1.0000	0.0000	0.0000	0.0000	0.0000	0.0000	0.0000	0.0000	0.0000	0.0000	0.0000	0.0000	0.0000	0.0000	0.0000	0.0000	0.0000	0.0000	0.0000	0.0000	0.0000	0.0000	0.0000	0.0000	0.0000	0.0000	0.0000	0.0000	0.0096	0.0049	0.0047	0.0035	0.0029	0.0005	0.0062	0.0020	0.0042	0.0000	0.0000	0.0000	0.0000	0.0000	0.0000	0.0000	0.0000	0.0000	0.0000	0.0000	0.0000	0.0000	0.0000	0.0000	0.0000	0.0000	0.0000											
37	118	0.0743	2	1	2	0	0	0	0	0	0	N	Y	N	N	N	N	N	N	N	N	N	N	inf	inf	inf	inf	0.6593	0.7398	0.0000	0.0000	0.0000	0.0000	0.7229	0.8179	0.0000	0.0000	0.0000	0.0000	0.0000	0.0000	0.0000	0.0000	0.0000	0.0000	0.0000	-0.3325	0.0000	4.2779	16.9994	3.9542	6.0000	1.2780	1.2780	0.0000	0.0000	0.0000	0.0000	1.2780	1.2780	0.0000	0.0000	0.0000	0.0000	0.0000	0.0000	0.0000	0.0000	0.0000	0.0000	1.9383	1.7275	0.2109	0.1704	0.1649	0.0056	1.7679	1.5626	0.2053	0.4172	0.2175	0.1996	0.0130	0.0129	0.0001	0.4042	0.2047	0.1995	inf	inf	0.0000	0.0000	0.0000	0.0000	inf	inf	0.0000	0.0000	0.0000	0.0000	0.0000	0.0000	0.0000	0.0000	0.0000	0.0000						
37	119	0.6304	5	1	2	0	0	0	0	0	0	N	Y	N	N	N	N	N	N	N	N	N	N	inf	inf	inf	inf	0.5487	0.6035	0.0000	0.0000	0.0000	0.0000	1.5501	1.8079	0.0000	0.0000	0.0000	0.0000	0.0000	0.0000	0.0000	0.0000	0.0000	0.0000	0.0000	-0.0723	0.0000	4.2779	5.0000	3.9542	6.0000	0.2780	0.2780	0.0000	0.0000	0.0000	0.0000	0.2780	0.2780	0.0000	0.0000	0.0000	0.0000	0.0000	0.0000	0.0000	0.0000	0.0000	0.0000	0.5067	0.4607	0.0460	0.3274	0.3069	0.0205	0.1794	0.1538	0.0256	0.0689	0.0352	0.0337	0.0251	0.0212	0.0039	0.0438	0.0140	0.0298	inf	inf	0.0000	0.0000	0.0000	0.0000	inf	inf	0.0000	0.0000	0.0000	0.0000	0.0000	0.0000	0.0000	0.0000	0.0000	0.0000						
37	120	0.6585	6	1	2	0	0	0	0	0	0	N	Y	N	N	N	N	N	N	N	N	N	N	inf	inf	inf	inf	inf	inf	2.3495	2.6231	0.0000	0.0729	0.0799	0.0000	6.7750	7.8445	0.0000	0.0000	0.0000	0.0000	0.0000	0.0000	0.0000	0.0000	0.0000	0.0000	0.0000	-0.0729	0.0000	4.2779	0.9998	3.9542	0.9486	0.2800	0.2800	0.0000	0.0057	0.0057	0.0000	0.2743	0.2743	0.0000	0.0000	0.0000	0.0000	0.0000	0.0000	0.0000	0.0000	0.0000	0.0000	0.1192	0.1068	0.0124	0.0787	0.0718	0.0069	0.0405	0.0350	0.0055	0.0234	0.0128	0.0106	0.0110	0.0096	0.0014	0.0124	0.0032	0.0092	inf	inf	0.0000	inf	inf	0.0000	inf	inf	0.0000	0.0000	0.0000	0.0000	0.0000	0.0000	0.0000	0.0000	0.0000	0.0000				
37	121	0.6304	5	1	2	0	0	0	0	0	0	N	Y	N	N	N	N	N	N	N	N	N	N	inf	inf	inf	inf	inf	inf	inf	inf	1.8057	1.9860	0.0007	2.7937	2.9795	0.0000	0.0190	0.0220	0.0012	0.0000	0.0000	0.0000	0.0000	0.0000	0.0000	0.0000	0.0000	0.0000	0.0000	-0.2596	0.0000	4.2779	3.0005	3.9542	1.1085	0.9980	0.9980	0.0000	0.9943	0.9943	0.0000	0.0037	0.0037	0.0000	0.0000	0.0000	0.0000	0.0000	0.0000	0.0000	0.0000	0.0000	0.0000	0.5527	0.5025	0.0502	0.3559	0.3337	0.0222	0.1968	0.1688	0.0280	0.0491	0.0251	0.0240	0.0178	0.0151	0.0028	0.0313	0.0100	0.0213	inf	inf	inf	inf	inf	0.0000	inf	inf	inf	0.0000	0.0000	0.0000	0.0000	0.0000	0.0000	0.0000	0.0000	0.0000		
37	122	0.1156	3	1	2	0	0	0	0	0	0	N	Y	N	N	N	N	N	N	N	N	N	N	0.0000	0.0000	0.0000	0.0000	0.0000	0.0000	0.0000	0.0000	0.0000	0.0000	0.0000	0.0000	0.0000	0.0000	0.0000	0.0000	0.0000	0.0000	0.0000	0.0000	4.2779	2.0001	3.9542	3.0000	0.0000	0.0000	0.0000	0.0000	0.0000	0.0000	0.0000	0.0000	0.0000	0.0000	0.0000	0.0000	0.0000	0.0000	0.0000	0.0000	0.0000	0.0000	0.2835	0.2553	0.0282	0.1446	0.1352	0.0094	0.1389	0.1201	0.0189	0.0720	0.0341	0.0379	0.0042	0.0042	0.0001	0.0678	0.0299	0.0379	0.0000	0.0000	0.0000	0.0000	0.0000	0.0000	0.0000	0.0000	0.0000	0.0000	0.0000	0.0000	0.0000	0.0000	0.0000	0.0000	0.0000	0.0000											
37	123	0.0743	2	1	1	0	0	0	0	0	0	N	N	N	N	N	N	N	N	N	N	N	N	inf	inf	inf	inf	0.2710	0.3055	0.0000	0.0000	0.0000	0.0000	0.2970	0.3377	0.0000	0.0000	0.0000	0.0000	0.0000	0.0000	0.0000	0.0000	0.0000	0.0000	0.0000	-0.0723	0.0000	4.2779	6.9986	3.9542	2.0000	0.2780	0.2780	0.0000	0.0000	0.0000	0.0000	0.2780	0.2780	0.0000	0.0000	0.0000	0.0000	0.0000	0.0000	0.0000	0.0000	0.0000	0.0000	1.0259	0.9101	0.1157	0.0898	0.0868	0.0030	0.9361	0.8233	0.1128	0.2106	0.1124	0.0983	0.0062	0.0061	0.0000	0.2045	0.1063	0.0982	inf	inf	0.0000	0.0000	0.0000	0.0000	inf	inf	0.0000	0.0000	0.0000	0.0000	0.0000	0.0000	0.0000	0.0000	0.0000	0.0000						
37	124	0.6639	6	1	2	0	0	0	0	0	0	N	Y	N	N	N	N	N	N	N	N	N	N	inf	inf	inf	inf	inf	inf	1.2615	1.3800	0.0000	1.8458	1.9632	0.0000	0.0000	0.0000	0.0000	0.0000	0.0000	0.0000	0.0000	0.0000	0.0000	0.0000	0.0000	0.0000	0.0000	-0.2586	0.0000	4.2779	3.9006	3.9542	3.1543	0.9940	0.9940	0.0000	0.9940	0.9940	0.0000	0.0000	0.0000	0.0000	0.0000	0.0000	0.0000	0.0000	0.0000	0.0000	0.0000	0.0000	0.0000	0.7880	0.7203	0.0677	0.5385	0.5063	0.0322	0.2495	0.2140	0.0355	0.0848	0.0463	0.0385	0.0346	0.0296	0.0050	0.0502	0.0166	0.0335	inf	inf	0.0000	inf	inf	0.0000	inf	inf	0.0000	0.0000	0.0000	0.0000	0.0000	0.0000	0.0000	0.0000	0.0000	0.0000				
37	125	0.6304	5	1	2	0	0	0	0	0	0	N	Y	N	N	N	N	N	N	N	N	N	N	inf	inf	inf	inf	inf	inf	inf	inf	0.0183	0.0201	0.0002	0.0280	0.0299	0.0000	0.0001	0.0000	0.0003	0.0000	0.0000	0.0000	0.0000	0.0000	0.0000	0.0000	0.0000	0.0000	0.0009	-0.0016	0.0000	4.2779	1.6924	3.9542	1.9110	0.0061	0.0061	0.0000	0.0061	0.0061	0.0000	0.0000	0.0000	0.0000	0.0000	0.0000	0.0000	0.0000	0.0000	0.0000	0.0000	0.0000	0.0000	0.3334	0.3030	0.0303	0.2179	0.2042	0.0138	0.1154	0.0988	0.0166	0.0435	0.0222	0.0213	0.0158	0.0133	0.0024	0.0277	0.0089	0.0189	inf	inf	inf	inf	inf	0.0000	inf	inf	inf	0.0000	0.0000	0.0000	0.0000	0.0000	0.0000	0.0000	0.0000	0.0000		
37	126	0.0743	2	1	2	0	0	0	0	0	0	N	Y	N	N	N	N	N	N	N	N	N	N	0.0000	0.0000	0.0000	0.0000	0.0000	0.0000	0.0000	0.0000	0.0000	0.0000	0.0000	0.0000	0.0000	0.0000	0.0000	0.0000	0.0000	0.0000	0.0000	0.0000	4.2779	0.9996	3.9542	8.0005	0.0000	0.0000	0.0000	0.0000	0.0000	0.0000	0.0000	0.0000	0.0000	0.0000	0.0000	0.0000	0.0000	0.0000	0.0000	0.0000	0.0000	0.0000	0.1776	0.1569	0.0207	0.0151	0.0146	0.0005	0.1625	0.1423	0.0202	0.2107	0.1124	0.0983	0.0062	0.0061	0.0000	0.2045	0.1063	0.0982	0.0000	0.0000	0.0000	0.0000	0.0000	0.0000	0.0000	0.0000	0.0000	0.0000	0.0000	0.0000	0.0000	0.0000	0.0000	0.0000	0.0000	0.0000											
37	127	0.2017	4	1	1	0	0	0	0	0	0	N	N	N	N	N	N	N	N	N	N	N	N	0.2293	0.1726	0.4077	0.1223	0.2670	0.4660	0.2318	0.4322	0.6551	0.0001	5.9412	0.0033	0.0004	0.0869	0.8490	0.0000	6.3768	2.8573	0.0006	14.5732	0.0272	0.0017	0.1864	3.6626	0.0000	14.7560	6575.9422	15865.6345	0.3434	0.4548	4.2779	3.6536	3.9542	12.3970	0.4642	0.0001	0.4642	0.0005	0.0001	0.0005	0.4637	0.0000	0.4637	0.9514	0.0001	0.9514	0.0004	0.0001	0.0003	0.9510	0.0000	0.9510	0.7087	0.6306	0.0781	0.1625	0.1571	0.0054	0.5461	0.4734	0.0727	0.3678	0.2188	0.1491	0.0707	0.0657	0.0050	0.2971	0.1531	0.1440	0.2533	0.4084	0.9309	0.6107	0.4921	1.3412	0.2653	0.0000	0.9658	2.5865	0.0003	6.3824	0.0054	0.0009	0.0648	3.2007	0.0000	6.6025	
37	128	0.3801	4	1	1	0	0	0	0	0	0	N	N	N	N	N	N	N	N	N	N	N	N	1.1605	0.8140	inf	0.5265	0.4925	inf	24642270.6792	7755.3397	inf	0.6666	0.6818	0.5340	0.2432	0.2405	0.2859	0.9696	1.0247	0.6138	0.5744	0.8377	0.0000	0.4620	0.4884	0.0000	0.0000	0.0001	0.0000	0.0902	0.0000	-0.1290	-0.0035	4.2779	5.3495	3.9542	12.4099	0.7270	0.6668	0.0602	0.1107	0.1028	0.0078	0.6163	0.5640	0.0523	0.0066	0.0066	0.0000	0.0066	0.0066	0.0000	0.0000	0.0000	0.0000	1.0907	0.9780	0.1127	0.4550	0.4276	0.0274	0.6356	0.5504	0.0852	0.4930	0.3178	0.1753	0.2338	0.1995	0.0343	0.2592	0.1182	0.1410	49.6266	32.7166	inf	8.5880	7.2461	inf	24642270.6792	11878089.6152	inf	0.0134	0.0208	0.0000	0.0283	0.0332	0.0000	0.0000	0.0000	0.0000
37	129	0.1858	8	1	2	0	1	0	0	0	0	N	Y	N	N	N	N	N	N	N	N	N	N	0.0000	0.0000	0.0000	0.0000	0.0000	0.0000	0.0000	0.0000	0.0000	0.0000	0.0000	0.0000	0.0000	0.0000	0.0000	0.0000	0.0000	0.0000	0.0000	0.0000	4.2779	0.0000	3.9542	0.0000	0.0000	0.0000	0.0000	0.0000	0.0000	0.0000	0.0000	0.0000	0.0000	0.0000	0.0000	0.0000	0.0000	0.0000	0.0000	0.0000	0.0000	0.0000	0.0000	0.0000	0.0000	0.0000	0.0000	0.0000	0.0000	0.0000	0.0000	0.0000	0.0000	0.0000	0.0000	0.0000	0.0000	0.0000	0.0000	0.0000	0.0000	0.0000	0.0000	0.0000	0.0000	0.0000	0.0000	0.0000	0.0000	0.0000	0.0000	0.0000	0.0000	0.0000	0.0000	0.0000	0.0000	0.0000											
37	130	0.1695	7	1	2	0	1	0	0	0	0	N	Y	N	N	N	N	N	N	N	N	N	N	0.0000	0.0000	0.0000	0.0000	0.0000	0.0000	0.0000	0.0000	0.0000	0.0000	0.0000	0.0000	0.0000	0.0000	0.0000	0.0000	0.0000	0.0000	0.0000	0.0000	4.2779	0.0000	3.9542	3.0001	0.0000	0.0000	0.0000	0.0000	0.0000	0.0000	0.0000	0.0000	0.0000	0.0000	0.0000	0.0000	0.0000	0.0000	0.0000	0.0000	0.0000	0.0000	0.0000	0.0000	0.0000	0.0000	0.0000	0.0000	0.0000	0.0000	0.0000	0.0346	0.0154	0.0192	0.0020	0.0019	0.0000	0.0326	0.0135	0.0191	0.0000	0.0000	0.0000	0.0000	0.0000	0.0000	0.0000	0.0000	0.0000	0.0000	0.0000	0.0000	0.0000	0.0000	0.0000	0.0000	0.0000	0.0000											
37	131	0.1598	6	1	2	0	0	0	0	0	0	N	Y	N	N	N	N	N	N	N	N	N	N	0.0000	0.0000	0.0000	0.0000	0.0000	0.0000	0.0000	0.0000	0.0000	0.0000	0.0000	0.0000	0.0000	0.0000	0.0000	0.0000	0.0000	0.0000	0.0000	0.0000	4.2779	0.0000	3.9542	0.0000	0.0000	0.0000	0.0000	0.0000	0.0000	0.0000	0.0000	0.0000	0.0000	0.0000	0.0000	0.0000	0.0000	0.0000	0.0000	0.0000	0.0000	0.0000	0.0000	0.0000	0.0000	0.0000	0.0000	0.0000	0.0000	0.0000	0.0000	0.0000	0.0000	0.0000	0.0000	0.0000	0.0000	0.0000	0.0000	0.0000	0.0000	0.0000	0.0000	0.0000	0.0000	0.0000	0.0000	0.0000	0.0000	0.0000	0.0000	0.0000	0.0000	0.0000	0.0000	0.0000	0.0000	0.0000											
37	132	0.1695	7	1	1	1	1	0	0	0	0	N	N	N	N	N	N	N	N	N	N	N	N	0.0000	0.0000	0.0000	0.0000	0.0000	0.0000	0.0000	0.0000	0.0000	0.0000	0.0000	0.0000	0.0000	0.0000	0.0000	0.0000	0.0000	0.0000	0.0000	0.0000	4.2779	0.0000	3.9542	1.9999	0.0000	0.0000	0.0000	0.0000	0.0000	0.0000	0.0000	0.0000	0.0000	0.0000	0.0000	0.0000	0.0000	0.0000	0.0000	0.0000	0.0000	0.0000	0.0000	0.0000	0.0000	0.0000	0.0000	0.0000	0.0000	0.0000	0.0000	0.0233	0.0104	0.0129	0.0013	0.0013	0.0000	0.0219	0.0091	0.0129	0.0000	0.0000	0.0000	0.0000	0.0000	0.0000	0.0000	0.0000	0.0000	0.0000	0.0000	0.0000	0.0000	0.0000	0.0000	0.0000	0.0000	0.0000											
37	133	0.1805	8	1	1	1	1	0	0	0	0	N	N	N	N	N	N	N	N	N	N	N	N	0.0000	0.0000	0.0000	0.0000	0.0000	0.0000	0.0000	0.0000	0.0000	0.0000	0.0000	0.0000	0.0000	0.0000	0.0000	0.0000	0.0000	0.0000	0.0000	0.0000	4.2779	1.0000	3.9542	0.0000	0.0000	0.0000	0.0000	0.0000	0.0000	0.0000	0.0000	0.0000	0.0000	0.0000	0.0000	0.0000	0.0000	0.0000	0.0000	0.0000	0.0000	0.0000	0.1397	0.1244	0.0153	0.0735	0.0678	0.0057	0.0663	0.0566	0.0096	0.0111	0.0049	0.0062	0.0007	0.0007	0.0000	0.0104	0.0042	0.0062	0.0000	0.0000	0.0000	0.0000	0.0000	0.0000	0.0000	0.0000	0.0000	0.0000	0.0000	0.0000	0.0000	0.0000	0.0000	0.0000	0.0000	0.0000											
37	134	0.1805	8	1	1	1	1	0	0	0	0	N	N	N	N	N	N	N	N	N	N	N	N	0.0000	0.0000	0.0000	0.0000	0.0000	0.0000	0.0000	0.0000	0.0000	0.0000	0.0000	0.0000	0.0000	0.0000	0.0000	0.0000	0.0000	0.0000	0.0000	0.0000	4.2779	0.0000	3.9542	0.0000	0.0000	0.0000	0.0000	0.0000	0.0000	0.0000	0.0000	0.0000	0.0000	0.0000	0.0000	0.0000	0.0000	0.0000	0.0000	0.0000	0.0000	0.0000	0.0000	0.0000	0.0000	0.0000	0.0000	0.0000	0.0000	0.0000	0.0000	0.0000	0.0000	0.0000	0.0000	0.0000	0.0000	0.0000	0.0000	0.0000	0.0000	0.0000	0.0000	0.0000	0.0000	0.0000	0.0000	0.0000	0.0000	0.0000	0.0000	0.0000	0.0000	0.0000	0.0000	0.0000	0.0000	0.0000											
37	135	0.1695	7	1	1	1	1	0	0	0	0	N	N	N	N	N	N	N	N	N	N	N	N	0.0000	0.0000	0.0000	0.0000	0.0000	0.0000	0.0000	0.0000	0.0000	0.0000	0.0000	0.0000	0.0000	0.0000	0.0000	0.0000	0.0000	0.0000	0.0000	0.0000	4.2779	2.0025	3.9542	0.9943	0.0000	0.0000	0.0000	0.0000	0.0000	0.0000	0.0000	0.0000	0.0000	0.0000	0.0000	0.0000	0.0000	0.0000	0.0000	0.0000	0.0000	0.0000	0.2759	0.2456	0.0303	0.1405	0.1297	0.0108	0.1354	0.1159	0.0195	0.0346	0.0154	0.0192	0.0020	0.0019	0.0000	0.0326	0.0135	0.0191	0.0000	0.0000	0.0000	0.0000	0.0000	0.0000	0.0000	0.0000	0.0000	0.0000	0.0000	0.0000	0.0000	0.0000	0.0000	0.0000	0.0000	0.0000											
37	136	0.1695	6	1	1	0	1	0	0	0	0	N	N	N	N	N	N	N	N	N	N	N	N	0.0000	0.0000	0.0000	0.0000	0.0000	0.0000	0.0000	0.0000	0.0000	0.0000	0.0000	0.0000	0.0000	0.0000	0.0000	0.0000	0.0000	0.0000	0.0000	0.0000	4.2779	0.0050	3.9542	0.0173	0.0000	0.0000	0.0000	0.0000	0.0000	0.0000	0.0000	0.0000	0.0000	0.0000	0.0000	0.0000	0.0000	0.0000	0.0000	0.0000	0.0000	0.0000	0.0015	0.0013	0.0001	0.0011	0.0010	0.0001	0.0004	0.0003	0.0001	0.0003	0.0001	0.0001	0.0000	0.0000	0.0000	0.0003	0.0001	0.0001	0.0000	0.0000	0.0000	0.0000	0.0000	0.0000	0.0000	0.0000	0.0000	0.0000	0.0000	0.0000	0.0000	0.0000	0.0000	0.0000	0.0000	0.0000											
37	137	0.1598	5	1	1	0	1	0	0	0	0	N	N	N	N	N	N	N	N	N	N	N	N	0.0000	0.0000	0.0000	0.0000	0.0000	0.0000	0.0000	0.0000	0.0000	0.0000	0.0000	0.0000	0.0000	0.0000	0.0000	0.0000	0.0000	0.0000	0.0000	0.0000	4.2779	1.9972	3.9542	1.0076	0.0000	0.0000	0.0000	0.0000	0.0000	0.0000	0.0000	0.0000	0.0000	0.0000	0.0000	0.0000	0.0000	0.0000	0.0000	0.0000	0.0000	0.0000	0.2581	0.2295	0.0286	0.1258	0.1163	0.0095	0.1323	0.1132	0.0191	0.0327	0.0145	0.0182	0.0020	0.0019	0.0000	0.0308	0.0126	0.0181	0.0000	0.0000	0.0000	0.0000	0.0000	0.0000	0.0000	0.0000	0.0000	0.0000	0.0000	0.0000	0.0000	0.0000	0.0000	0.0000	0.0000	0.0000											
37	138	0.1425	4	2	2	0	0	0	0	0	0	Y	Y	N	N	N	N	N	N	N	N	N	N	116.0440	86.7993	95.8436	108.5579	0.7498	0.8376	0.0000	1.7759	1.8141	0.0000	0.0000	0.0000	0.0000	0.0065	0.0096	0.0000	0.0185	0.0167	0.0000	0.0000	0.0000	0.0000	0.0000	0.0000	-0.0000	-0.0000	4.2779	0.0002	3.9542	2.3255	0.0000	0.0000	0.0000	0.0000	0.0000	0.0000	0.0000	0.0000	0.0000	0.0000	0.0000	0.0000	0.0000	0.0000	0.0000	0.0000	0.0000	0.0000	0.0001	0.0001	0.0000	0.0000	0.0000	0.0000	0.0000	0.0000	0.0000	0.0434	0.0247	0.0187	0.0088	0.0086	0.0003	0.0346	0.0162	0.0184	814.4005	517.7039	0.0000	393.0472	388.3420	0.0000	0.0000	0.0000	0.0000	0.0009	0.0016	0.0000	0.0045	0.0047	0.0000	0.0000	0.0000	0.0000					
37	139	0.1247	3	2	2	0	0	0	0	0	0	Y	Y	N	N	N	N	N	N	N	N	N	N	0.5391	0.0190	52.0763	0.0475	0.0000	inf	11.0983	inf	59.1882	0.0039	0.0001	0.0438	0.0005	0.0000	0.0109	0.0059	0.0002	0.0508	0.0073	0.0062	0.0008	0.0098	0.0087	0.0000	0.0005	0.0000	0.0009	35.9434	0.5941	0.0011	-0.0000	4.2779	2.0138	3.9542	2.7349	0.0015	0.0000	0.0014	0.0001	0.0000	0.0001	0.0014	0.0000	0.0014	0.0001	0.0001	0.0000	0.0001	0.0001	0.0000	0.0000	0.0000	0.0000	0.3741	0.3413	0.0328	0.1345	0.1287	0.0057	0.2397	0.2126	0.0271	0.1053	0.0578	0.0475	0.0237	0.0228	0.0009	0.0816	0.0350	0.0466	3.8778	0.1007	52.0763	0.1646	0.0000	inf	12.0489	inf	59.1882	0.0010	0.0012	0.0008	0.0028	0.0030	0.0000	0.0005	0.0000	0.0009
37	140	0.1412	4	1	2	0	0	0	0	0	0	N	Y	N	N	N	N	N	N	N	N	N	N	inf	inf	inf	inf	inf	inf	inf	0.0008	0.0008	0.0003	0.0016	0.0016	0.0000	0.0000	0.0000	0.0003	0.0000	0.0000	0.0000	0.0000	0.0000	0.0000	0.0000	0.0000	0.0000	0.0309	-0.0001	0.0000	4.2779	1.9232	3.9542	1.1116	0.0003	0.0003	0.0000	0.0003	0.0003	0.0000	0.0000	0.0000	0.0000	0.0000	0.0000	0.0000	0.0000	0.0000	0.0000	0.0000	0.0000	0.0000	0.3700	0.3377	0.0323	0.1720	0.1639	0.0081	0.1981	0.1739	0.0242	0.0416	0.0205	0.0212	0.0049	0.0047	0.0002	0.0367	0.0158	0.0209	inf	inf	inf	inf	inf	0.0000	inf	0.0000	inf	0.0000	0.0000	0.0000	0.0000	0.0000	0.0000	0.0000	0.0000	0.0000			
37	141	0.6496	6	1	2	0	0	0	0	0	0	N	Y	N	N	N	N	N	N	N	N	N	N	inf	inf	inf	inf	0.4121	0.0000	4.7117	0.0000	0.0000	0.0000	1.4129	0.0000	9.9284	0.0000	0.0000	0.0000	0.0000	0.0000	0.0000	0.0000	0.0000	0.0000	inf	0.2057	0.0000	4.2779	3.0000	3.9542	1.0000	0.2780	0.0000	0.2780	0.0000	0.0000	0.0000	0.2780	0.0000	0.2780	0.0000	0.0000	0.0000	0.0000	0.0000	0.0000	0.0000	0.0000	0.0000	0.6747	0.6157	0.0590	0.4779	0.4469	0.0310	0.1968	0.1688	0.0280	0.0480	0.0245	0.0234	0.0174	0.0148	0.0027	0.0305	0.0098	0.0208	inf	0.0000	inf	0.0000	0.0000	0.0000	inf	0.0000	inf	0.0000	0.0000	0.0000	0.0000	0.0000	0.0000	0.0000	0.0000	0.0000						
37	142	0.6304	5	1	1	0	0	0	0	0	0	N	N	N	N	N	N	N	N	N	N	N	N	inf	inf	inf	inf	0.0000	0.0000	0.0001	0.0000	0.0000	0.0000	0.0000	0.0000	0.0003	0.0000	0.0000	0.0000	0.0000	0.0000	0.0000	0.0000	0.0000	0.0000	inf	0.0000	0.0000	4.2779	1.0000	3.9542	1.0000	0.0000	0.0000	0.0000	0.0000	0.0000	0.0000	0.0000	0.0000	0.0000	0.0000	0.0000	0.0000	0.0000	0.0000	0.0000	0.0000	0.0000	0.0000	0.2044	0.1858	0.0186	0.1348	0.1262	0.0086	0.0696	0.0596	0.0100	0.0249	0.0127	0.0122	0.0090	0.0076	0.0014	0.0159	0.0051	0.0108	inf	0.0000	inf	0.0000	0.0000	0.0000	inf	0.0000	inf	0.0000	0.0000	0.0000	0.0000	0.0000	0.0000	0.0000	0.0000	0.0000						
37	143	0.3801	4	1	1	0	0	0	0	0	0	N	N	N	N	N	N	N	N	N	N	N	N	166.4643	4.2530	inf	27.1385	7.3886	inf	inf	inf	0.0496	0.0023	0.4597	0.0210	0.0055	0.2638	0.0681	0.0000	0.5173	0.0003	0.0005	0.0000	0.0008	0.0007	0.0000	0.0000	0.0000	0.0000	23.3319	0.0000	0.0438	-0.0000	4.2779	7.1211	3.9542	10.9474	0.0627	0.0026	0.0602	0.0104	0.0026	0.0078	0.0523	0.0000	0.0523	0.0001	0.0001	0.0000	0.0001	0.0001	0.0000	0.0000	0.0000	0.0000	1.2644	1.1336	0.1309	0.4959	0.4662	0.0297	0.7685	0.6674	0.1011	0.4951	0.3187	0.1764	0.2342	0.1998	0.0344	0.2609	0.1189	0.1420	409.4543	12.0822	inf	82.0106	18.4216	inf	inf	0.0000	inf	0.0001	0.0002	0.0000	0.0003	0.0003	0.0000	0.0000	0.0000	0.0000	
37	144	0.1853	3	1	1	0	0	0	0	0	0	N	N	N	N	N	N	N	N	N	N	N	N	2.3185	1.3715	120.0826	1241.4260	1548.5088	894.1620	4.6193	0.2064	340.1109	1.2861	0.5741	7.0985	2.0249	2.1101	0.0062	1.1157	0.1858	7.6282	0.5547	0.4185	0.0591	0.0016	0.0014	0.0000	0.2415	0.9001	0.0224	1.5147	1.5751	0.5597	0.0006	4.2779	8.5175	3.9542	23.1696	1.6359	0.6505	0.9854	0.4825	0.4824	0.0001	1.1534	0.1681	0.9853	0.0067	0.0026	0.0041	0.0001	0.0001	0.0000	0.0066	0.0025	0.0041	1.2720	1.1332	0.1388	0.2383	0.2286	0.0096	1.0337	0.9046	0.1292	0.5307	0.3061	0.2246	0.1003	0.0917	0.0086	0.4304	0.2144	0.2160	102.0228	67.6330	389.6726	3011.5232	2870.2831	894.1620	72.5132	15.7440	402.6407	0.0126	0.0085	0.0182	0.0007	0.0007	0.0000	0.0154	0.0118	0.0189
37	145	0.1598	6	2	2	0	0	0	0	0	0	Y	Y	N	N	N	N	N	N	N	N	N	N	0.0000	0.0000	0.0000	0.0000	0.0000	0.0000	0.0000	0.0000	0.0000	0.0000	0.0000	0.0000	0.0000	0.0000	0.0000	0.0000	0.0000	0.0000	0.0000	0.0000	4.2779	1.0000	3.9542	1.0000	0.0000	0.0000	0.0000	0.0000	0.0000	0.0000	0.0000	0.0000	0.0000	0.0000	0.0000	0.0000	0.0000	0.0000	0.0000	0.0000	0.0000	0.0000	0.1324	0.1177	0.0147	0.0652	0.0602	0.0050	0.0672	0.0574	0.0097	0.0220	0.0098	0.0122	0.0013	0.0013	0.0000	0.0207	0.0085	0.0122	0.0000	0.0000	0.0000	0.0000	0.0000	0.0000	0.0000	0.0000	0.0000	0.0000	0.0000	0.0000	0.0000	0.0000	0.0000	0.0000	0.0000	0.0000											
37	146	0.1598	5	1	2	0	0	0	0	0	0	N	Y	N	N	N	N	N	N	N	N	N	N	0.0000	0.0000	0.0000	0.0000	0.0000	0.0000	0.0000	0.0000	0.0000	0.0000	0.0000	0.0000	0.0000	0.0000	0.0000	0.0000	0.0000	0.0000	0.0000	0.0000	4.2779	0.0003	3.9542	0.0000	0.0000	0.0000	0.0000	0.0000	0.0000	0.0000	0.0000	0.0000	0.0000	0.0000	0.0000	0.0000	0.0000	0.0000	0.0000	0.0000	0.0000	0.0000	0.0001	0.0001	0.0000	0.0001	0.0001	0.0000	0.0000	0.0000	0.0000	0.0000	0.0000	0.0000	0.0000	0.0000	0.0000	0.0000	0.0000	0.0000	0.0000	0.0000	0.0000	0.0000	0.0000	0.0000	0.0000	0.0000	0.0000	0.0000	0.0000	0.0000	0.0000	0.0000	0.0000	0.0000	0.0000	0.0000											
37	147	0.1412	4	1	1	0	0	0	0	0	0	N	N	N	N	N	N	N	N	N	N	N	N	inf	inf	inf	inf	inf	inf	1.4718	1.6389	0.0001	0.0000	0.0000	0.0000	2.5507	2.9404	0.0002	0.0000	0.0000	0.0000	0.0000	0.0000	0.0000	0.0000	0.0000	0.0000	0.0000	-0.2601	0.0000	4.2779	4.9449	3.9542	1.0063	0.9997	0.9997	0.0000	0.0000	0.0000	0.0000	0.9997	0.9997	0.0000	0.0000	0.0000	0.0000	0.0000	0.0000	0.0000	0.0000	0.0000	0.0000	0.6792	0.6100	0.0693	0.2873	0.2700	0.0173	0.3919	0.3400	0.0519	0.0745	0.0356	0.0389	0.0067	0.0064	0.0003	0.0679	0.0292	0.0387	inf	inf	inf	0.0000	0.0000	0.0000	inf	inf	inf	0.0000	0.0000	0.0000	0.0000	0.0000	0.0000	0.0000	0.0000	0.0000				
37	148	0.1247	3	1	1	0	0	0	0	0	0	N	N	N	N	N	N	N	N	N	N	N	N	12.5188	1.1651	inf	0.4078	0.0591	inf	inf	inf	inf	0.0032	0.0006	0.0274	0.0004	0.0001	0.0070	0.0046	0.0009	0.0316	0.0003	0.0005	0.0000	0.0010	0.0009	0.0000	0.0000	0.0000	0.0000	5.1293	0.0000	0.0010	-0.0000	4.2779	3.4778	3.9542	1.2917	0.0017	0.0003	0.0014	0.0001	0.0000	0.0001	0.0016	0.0003	0.0014	0.0000	0.0000	0.0000	0.0000	0.0000	0.0000	0.0000	0.0000	0.0000	0.5257	0.4735	0.0521	0.1707	0.1617	0.0090	0.3550	0.3119	0.0432	0.1056	0.0579	0.0477	0.0237	0.0228	0.0009	0.0819	0.0351	0.0467	33.9452	3.3731	inf	0.9797	0.1162	inf	inf	inf	inf	0.0001	0.0002	0.0000	0.0004	0.0004	0.0000	0.0000	0.0000	0.0000
37	149	0.0743	2	1	1	0	0	0	0	0	0	N	N	N	N	N	N	N	N	N	N	N	N	1853.1508	0.1461	25867.3499	4124.5643	0.0203	26536.7849	1.1420	0.0001	10.1580	0.0000	0.0000	0.0000	1.2517	0.0001	10.4261	0.0006	0.0004	0.0004	0.0000	0.0000	0.0000	0.0003	0.0034	0.0004	20334.4811	2.5232	0.9444	0.0000	4.2779	7.8050	3.9542	4.0035	1.2767	0.0001	1.2766	0.0000	0.0000	0.0000	1.2767	0.0001	1.2766	0.0001	0.0000	0.0000	0.0000	0.0000	0.0000	0.0001	0.0000	0.0000	1.1180	0.9923	0.1257	0.0980	0.0948	0.0032	1.0199	0.8975	0.1224	0.2616	0.1389	0.1227	0.0078	0.0077	0.0001	0.2538	0.1312	0.1227	4439.7155	0.4601	25867.3499	0.0000	0.0000	0.0000	4722.0402	0.4805	26536.7849	0.0003	0.0001	0.0004	0.0000	0.0000	0.0000	0.0003	0.0001	0.0004			
37	150	0.2017	4	1	1	0	0	0	0	0	0	N	N	N	N	N	N	N	N	N	N	N	N	1.6770	1.1339	3.8693	4.2323	0.0000	0.0000	0.7462	0.8386	0.0000	3.2643	3.3775	0.0000	0.0000	0.0000	0.0000	0.4449	0.7395	0.0000	0.8436	0.7980	0.0000	0.0000	0.0001	0.0000	0.0000	0.0000	-0.1395	-0.0021	4.2779	3.7255	3.9542	14.1767	0.5362	0.5362	0.0000	0.5362	0.5362	0.0000	0.0000	0.0000	0.0000	0.0039	0.0039	0.0000	0.0039	0.0039	0.0000	0.0000	0.0000	0.0000	0.7187	0.6395	0.0792	0.1643	0.1588	0.0055	0.5544	0.4807	0.0737	0.3901	0.2309	0.1591	0.0734	0.0680	0.0054	0.3167	0.1630	0.1537	73.7487	49.0694	0.0000	60.7065	58.1597	0.0000	0.0000	0.0000	0.0000	0.0101	0.0171	0.0000	0.0538	0.0581	0.0000	0.0000	0.0000	0.0000			
37	151	0.1853	3	1	1	0	0	0	0	0	0	N	N	N	N	N	N	N	N	N	N	N	N	2.0878	30.4850	45.5400	1032.9230	1314.9610	5953.8622	2.8186	0.0081	122.1416	1.3882	0.7787	6.2206	2.6134	2.6642	0.1717	0.9473	0.0012	6.5265	0.6649	0.0255	0.1366	0.0025	0.0020	0.0000	0.3361	0.1482	0.0534	1.0077	9.4895	0.1204	0.0015	4.2779	1.4205	3.9542	4.0377	0.4981	0.2481	0.2500	0.2482	0.2478	0.0003	0.2500	0.0003	0.2497	0.0040	0.0004	0.0036	0.0001	0.0001	0.0000	0.0039	0.0003	0.0036	0.3588	0.3187	0.0402	0.0950	0.0930	0.0019	0.2639	0.2256	0.0383	0.2272	0.1425	0.0846	0.0666	0.0641	0.0025	0.1606	0.0785	0.0821	78.5723	290.0485	145.0093	2574.0361	2526.8947	5953.8622	38.5456	0.2982	147.5854	0.0177	0.0027	0.0429	0.0010	0.0011	0.0000	0.0246	0.0040	0.0442
37	152	0.0743	2	1	1	0	0	0	0	0	0	N	N	N	N	N	N	N	N	N	N	N	N	1346.9477	2.5185	14700.8881	2620.6295	0.3891	15077.2517	0.5543	0.0007	4.8955	0.0000	0.0000	0.0000	0.6074	0.0008	5.0236	0.0004	0.0003	0.0003	0.0000	0.0000	0.0000	0.0002	0.0021	0.0003	846.5312	6.0935	0.3943	0.0000	4.2779	6.4701	3.9542	12.4371	0.5339	0.0006	0.5333	0.0000	0.0000	0.0000	0.5339	0.0006	0.5333	0.0001	0.0000	0.0001	0.0000	0.0000	0.0000	0.0001	0.0000	0.0001	0.9632	0.8542	0.1089	0.0841	0.0814	0.0028	0.8790	0.7729	0.1062	0.3677	0.1930	0.1747	0.0113	0.0112	0.0001	0.3565	0.1818	0.1746	3009.0582	14.9025	14700.8881	0.0000	0.0000	0.0000	3196.0440	15.5177	15077.2517	0.0002	0.0000	0.0003	0.0000	0.0000	0.0000	0.0002	0.0001	0.0003			
38	39	0.6922	9	1	2	0	0	0	0	0	0	N	Y	N	N	N	N	N	N	N	N	N	N	15.4112	inf	0.0000	inf	inf	39.4955	inf	0.0000	1.8654	2.0668	0.0000	0.7675	0.8164	0.0000	3.2710	3.8286	0.0000	0.1210	0.0000	0.0274	0.0000	0.0000	0.0000	0.0828	0.0000	0.0122	0.0000	inf	-0.2097	0.0001	2.8243	5.0001	1.0201	5.0000	0.8060	0.8060	0.0000	0.1862	0.1862	0.0000	0.6198	0.6198	0.0000	0.0002	0.0000	0.0002	0.0000	0.0000	0.0000	0.0002	0.0000	0.0002	0.4321	0.3900	0.0421	0.2426	0.2281	0.0145	0.1895	0.1619	0.0276	0.0524	0.0331	0.0193	0.0274	0.0244	0.0029	0.0250	0.0087	0.0163	488.5343	inf	0.0000	inf	inf	0.0000	409.0086	inf	0.0000	0.0038	0.0000	0.0104	0.0000	0.0000	0.0000	0.0080	0.0000	0.0122	
38	40	0.1172	6	1	2	0	0	0	0	0	0	N	Y	N	N	N	N	N	N	N	N	N	N	0.0000	0.0000	0.0000	0.0000	0.0000	0.0000	0.0000	0.0000	0.0000	0.0000	0.0000	0.0000	0.0000	0.0000	0.0000	0.0000	0.0000	0.0000	0.0000	0.0000	2.8243	0.0000	1.0201	2.0000	0.0000	0.0000	0.0000	0.0000	0.0000	0.0000	0.0000	0.0000	0.0000	0.0000	0.0000	0.0000	0.0000	0.0000	0.0000	0.0000	0.0000	0.0000	0.0000	0.0000	0.0000	0.0000	0.0000	0.0000	0.0000	0.0000	0.0000	0.0198	0.0074	0.0124	0.0010	0.0008	0.0002	0.0188	0.0066	0.0122	0.0000	0.0000	0.0000	0.0000	0.0000	0.0000	0.0000	0.0000	0.0000	0.0000	0.0000	0.0000	0.0000	0.0000	0.0000	0.0000	0.0000	0.0000											
38	41	0.6922	9	1	2	0	0	0	0	0	0	N	Y	N	N	N	N	N	N	N	N	N	N	1117.0993	inf	9517.2604	inf	inf	inf	660.4928	9426.3593	3.5723	2.1924	16.2982	4.2190	3.7835	11.0485	2.7620	0.0000	19.0121	0.0032	0.0000	0.0017	0.0000	0.0000	0.0000	0.0042	0.0000	0.0020	0.8060	inf	0.3361	0.0000	2.8243	5.9998	1.0201	3.0000	1.8059	0.9999	0.8060	1.1861	0.9999	0.1862	0.6198	0.0000	0.6198	0.0000	0.0000	0.0000	0.0000	0.0000	0.0000	0.0000	0.0000	0.0000	0.5055	0.4561	0.0495	0.2811	0.2643	0.0169	0.2244	0.1918	0.0326	0.0476	0.0301	0.0175	0.0248	0.0222	0.0026	0.0227	0.0079	0.0149	5666.9845	inf	9517.2604	inf	inf	inf	2094.2985	0.0000	9426.3593	0.0006	0.0000	0.0017	0.0000	0.0000	0.0000	0.0013	0.0000	0.0020	
38	42	0.0500	2	1	2	1	1	0	0	0	0	N	Y	N	N	N	N	N	N	N	N	N	N	940.1856	inf	1.2675	1698.9914	inf	0.0000	2796.1885	inf	2.2146	0.5647	0.7828	0.0005	0.3650	0.4596	0.0000	0.8385	1.3487	0.0009	0.0006	0.0000	0.0004	0.0002	0.0000	0.0091	0.0003	0.0000	0.0004	0.0002	inf	-0.0001	0.0000	2.8243	0.0011	1.0201	1.0134	0.0004	0.0004	0.0000	0.0002	0.0002	0.0000	0.0003	0.0003	0.0000	0.0000	0.0000	0.0000	0.0000	0.0000	0.0000	0.0000	0.0000	0.0000	0.0008	0.0006	0.0002	0.0005	0.0004	0.0001	0.0003	0.0002	0.0001	0.0113	0.0043	0.0071	0.0005	0.0005	0.0000	0.0108	0.0038	0.0071	2291.6519	inf	1.2675	32452.2438	inf	0.0000	3249.2108	inf	2.2146	0.0002	0.0000	0.0004	0.0000	0.0000	0.0060	0.0003	0.0000	0.0004
38	45	0.7041	11	1	2	1	1	0	0	0	0	N	Y	N	N	N	N	N	N	N	N	N	N	0.0000	0.0000	0.0000	0.0000	0.0000	0.0000	0.0000	0.0000	0.0000	0.0000	0.0000	0.0000	0.0000	0.0157	0.0000	0.0040	0.0000	0.0000	0.0000	0.0187	0.0000	0.0045	inf	0.0000	0.0000	2.8243	1.0000	1.0201	1.0000	0.0000	0.0000	0.0000	0.0000	0.0000	0.0000	0.0000	0.0000	0.0000	0.0000	0.0000	0.0000	0.0000	0.0000	0.0000	0.0000	0.0000	0.0000	0.0927	0.0827	0.0100	0.0506	0.0470	0.0035	0.0421	0.0357	0.0064	0.0122	0.0071	0.0051	0.0052	0.0046	0.0006	0.0070	0.0025	0.0045	0.0000	0.0000	0.0000	0.0000	0.0000	0.0000	0.0000	0.0000	0.0000	0.0016	0.0000	0.0039	0.0000	0.0000	0.0000	0.0028	0.0000	0.0045						
38	46	0.0948	5	1	2	0	0	0	0	0	0	N	Y	N	N	N	N	N	N	N	N	N	N	0.0000	0.0000	0.0000	0.0000	0.0000	0.0000	0.0000	0.0000	0.0000	0.0000	0.0000	0.0000	0.0000	0.0000	0.0000	0.0000	0.0000	0.0000	0.0000	0.0000	2.8243	0.0000	1.0201	0.0000	0.0000	0.0000	0.0000	0.0000	0.0000	0.0000	0.0000	0.0000	0.0000	0.0000	0.0000	0.0000	0.0000	0.0000	0.0000	0.0000	0.0000	0.0000	0.0000	0.0000	0.0000	0.0000	0.0000	0.0000	0.0000	0.0000	0.0000	0.0000	0.0000	0.0000	0.0000	0.0000	0.0000	0.0000	0.0000	0.0000	0.0000	0.0000	0.0000	0.0000	0.0000	0.0000	0.0000	0.0000	0.0000	0.0000	0.0000	0.0000	0.0000	0.0000	0.0000	0.0000	0.0000	0.0000											
38	47	0.0408	2	1	2	0	1	0	0	0	0	N	Y	N	N	N	N	N	N	N	N	N	N	0.0000	0.0000	0.0000	0.0000	0.0000	0.0000	0.0000	0.0000	0.0000	0.0000	0.0000	0.0000	0.0000	0.0000	0.0000	0.0000	0.0000	0.0000	0.0000	0.0000	0.0000	0.0000	inf	0.0000	0.0000	2.8243	0.0000	1.0201	1.0000	0.0000	0.0000	0.0000	0.0000	0.0000	0.0000	0.0000	0.0000	0.0000	0.0000	0.0000	0.0000	0.0000	0.0000	0.0000	0.0000	0.0000	0.0000	0.0806	0.0716	0.0090	0.0403	0.0403	0.0000	0.0403	0.0313	0.0090	0.0149	0.0064	0.0084	0.0014	0.0013	0.0001	0.0134	0.0051	0.0084	0.0000	0.0000	0.0000	0.0000	0.0000	0.0000	0.0000	0.0000	0.0000	0.0000	0.0000	0.0000	0.0000	0.0000	0.0000	0.0000	0.0000	0.0000						
38	48	0.0948	5	2	2	0	0	0	0	0	0	Y	Y	N	N	N	N	N	N	N	N	N	N	0.0000	0.0000	0.0000	0.0000	0.0000	0.0000	0.0000	0.0000	0.0000	0.0000	0.0000	0.0000	0.0000	0.0000	0.0000	0.7830	1.2787	0.0000	1.2867	1.3873	0.0000	0.0267	0.8280	0.0000	0.0000	0.0000	-0.0004	2.8243	0.0000	1.0201	4.0000	0.0000	0.0000	0.0000	0.0000	0.0000	0.0000	0.0000	0.0000	0.0000	0.0009	0.0009	0.0000	0.0008	0.0008	0.0000	0.0001	0.0001	0.0000	0.0000	0.0000	0.0000	0.0000	0.0000	0.0000	0.0000	0.0000	0.0000	0.0350	0.0159	0.0192	0.0083	0.0071	0.0012	0.0267	0.0087	0.0180	0.0000	0.0000	0.0000	0.0000	0.0000	0.0000	0.0000	0.0000	0.0000	0.0243	0.0536	0.0000	0.0900	0.1054	0.0000	0.0037	0.0114	0.0000				
38	49	0.0616	3	1	1	1	0	0	0	0	0	N	N	N	N	N	N	N	N	N	N	N	N	0.0000	0.0000	0.0000	0.0000	0.0000	0.0000	0.0000	0.0000	0.0000	0.0000	0.0000	0.0000	0.0000	0.0000	0.0000	0.0000	0.0000	0.0000	0.0000	0.0000	2.8243	0.0000	1.0201	0.0000	0.0000	0.0000	0.0000	0.0000	0.0000	0.0000	0.0000	0.0000	0.0000	0.0000	0.0000	0.0000	0.0000	0.0000	0.0000	0.0000	0.0000	0.0000	0.0000	0.0000	0.0000	0.0000	0.0000	0.0000	0.0000	0.0000	0.0000	0.0000	0.0000	0.0000	0.0000	0.0000	0.0000	0.0000	0.0000	0.0000	0.0000	0.0000	0.0000	0.0000	0.0000	0.0000	0.0000	0.0000	0.0000	0.0000	0.0000	0.0000	0.0000	0.0000	0.0000	0.0000	0.0000	0.0000											
38	50	0.7132	10	1	1	1	0	0	0	0	0	N	N	N	N	N	N	N	N	N	N	N	N	0.0000	0.0000	0.0000	0.0000	0.0000	0.0000	0.0000	0.0000	0.0000	0.0000	0.0000	0.0000	0.0000	0.0063	0.0089	0.0000	0.0000	0.0000	0.0000	0.0092	0.4708	0.0000	0.0000	0.0000	-0.0000	2.8243	1.0000	1.0201	1.0000	0.0000	0.0000	0.0000	0.0000	0.0000	0.0000	0.0000	0.0000	0.0000	0.0000	0.0000	0.0000	0.0000	0.0000	0.0000	0.0000	0.0000	0.0000	0.0862	0.0769	0.0093	0.0471	0.0435	0.0035	0.0391	0.0333	0.0058	0.0110	0.0065	0.0045	0.0059	0.0051	0.0008	0.0051	0.0014	0.0036	0.0000	0.0000	0.0000	0.0000	0.0000	0.0000	0.0000	0.0000	0.0000	0.0009	0.0015	0.0000	0.0000	0.0000	0.0000	0.0020	0.0070	0.0000						
38	51	0.7177	10	1	2	0	0	0	0	0	0	N	Y	N	N	N	N	N	N	N	N	N	N	0.0000	0.0000	0.0000	0.0000	0.0000	0.0000	0.0000	0.0000	0.0000	0.0000	0.0000	0.0000	0.0000	0.0000	0.0000	0.0000	0.0051	0.0053	0.0000	0.0032	0.0028	0.0000	0.0000	0.0000	0.0000	0.0003	0.0000	-0.0000	2.8243	0.0003	1.0201	0.9690	0.0000	0.0000	0.0000	0.0000	0.0000	0.0000	0.0000	0.0000	0.0000	0.0000	0.0000	0.0000	0.0000	0.0000	0.0000	0.0000	0.0000	0.0000	0.0001	0.0001	0.0000	0.0001	0.0001	0.0000	0.0000	0.0000	0.0000	0.0122	0.0090	0.0032	0.0079	0.0072	0.0007	0.0043	0.0018	0.0025	0.0000	0.0000	0.0000	0.0000	0.0000	0.0000	0.0000	0.0000	0.0000	0.0008	0.0011	0.0000	0.0012	0.0013	0.0000	0.0000	0.0000	0.0000			
38	52	0.0973	5	1	2	0	0	0	0	0	0	N	Y	N	N	N	N	N	N	N	N	N	N	7.8815	5.5487	84.4169	37.2633	40.7377	0.9524	9.3981	0.0431	92.6389	0.0463	0.0517	0.0024	0.4378	0.4596	0.0000	0.0003	0.0000	0.0025	0.0059	0.0093	0.0000	0.0117	0.0113	0.0001	0.0000	0.0003	0.0000	0.0059	0.0150	-0.0014	-0.0000	2.8243	0.9211	1.0201	0.1671	0.0055	0.0055	0.0000	0.0055	0.0055	0.0000	0.0000	0.0000	0.0000	0.0000	0.0000	0.0000	0.0000	0.0000	0.0000	0.0000	0.0000	0.0000	0.1191	0.1059	0.0132	0.0125	0.0119	0.0006	0.1066	0.0939	0.0126	0.0218	0.0119	0.0099	0.0059	0.0054	0.0006	0.0159	0.0066	0.0093	52.5987	32.6460	84.4169	136.5442	130.1229	0.9524	18.8276	10.2406	92.6389	0.0009	0.0016	0.0000	0.0032	0.0035	0.0001	0.0000	0.0000	0.0000
38	53	0.7041	11	1	2	0	0	0	0	0	0	N	Y	N	N	N	N	N	N	N	N	N	N	0.0000	0.0000	0.0000	0.0000	0.0000	0.0000	0.0000	0.0000	0.0000	0.0000	0.0000	0.0000	0.0000	0.0026	0.0000	0.0014	0.0000	0.0000	0.0000	0.0023	0.0000	0.0016	inf	0.0000	0.0000	2.8243	1.0000	1.0201	5.0000	0.0000	0.0000	0.0000	0.0000	0.0000	0.0000	0.0000	0.0000	0.0000	0.0000	0.0000	0.0000	0.0000	0.0000	0.0000	0.0000	0.0000	0.0000	0.0927	0.0827	0.0100	0.0506	0.0470	0.0035	0.0421	0.0357	0.0064	0.0352	0.0206	0.0146	0.0152	0.0134	0.0018	0.0201	0.0073	0.0128	0.0000	0.0000	0.0000	0.0000	0.0000	0.0000	0.0000	0.0000	0.0000	0.0006	0.0000	0.0014	0.0000	0.0000	0.0000	0.0010	0.0000	0.0016						
38	54	0.6889	10	1	1	0	0	0	0	0	0	N	N	N	N	N	N	N	N	N	N	N	N	0.0000	0.0000	0.0000	0.0000	0.0000	0.0000	0.0000	0.0000	0.0000	0.0000	0.0000	0.0000	0.0000	0.0000	0.0000	0.0000	0.0002	0.0004	0.0000	0.0005	0.0005	0.0000	0.0000	0.0000	0.0000	0.0018	0.0000	-0.0000	2.8243	0.0000	1.0201	2.9157	0.0000	0.0000	0.0000	0.0000	0.0000	0.0000	0.0000	0.0000	0.0000	0.0000	0.0000	0.0000	0.0000	0.0000	0.0000	0.0000	0.0000	0.0000	0.0000	0.0000	0.0000	0.0000	0.0000	0.0000	0.0000	0.0000	0.0000	0.0227	0.0129	0.0098	0.0099	0.0091	0.0009	0.0127	0.0038	0.0089	0.0000	0.0000	0.0000	0.0000	0.0000	0.0000	0.0000	0.0000	0.0000	0.0001	0.0001	0.0000	0.0001	0.0001	0.0000	0.0000	0.0000	0.0000			
38	55	0.0408	2	1	2	0	0	0	0	0	0	N	Y	N	N	N	N	N	N	N	N	N	N	13.3738	5.3690	0.0000	2.2150	2.3023	0.0000	0.0000	0.0049	0.0055	0.0000	0.0283	0.0288	0.0000	0.0000	0.0000	0.0000	0.0004	0.0010	0.0000	0.0128	0.0125	0.0000	0.0000	0.0000	0.0000	0.0000	0.0007	-0.0004	-0.0000	2.8243	2.0000	1.0201	3.0000	0.0014	0.0014	0.0000	0.0014	0.0014	0.0000	0.0000	0.0000	0.0000	0.0000	0.0000	0.0000	0.0000	0.0000	0.0000	0.0000	0.0000	0.0000	0.2823	0.2487	0.0337	0.0484	0.0476	0.0008	0.2340	0.2011	0.0329	0.0617	0.0254	0.0362	0.0030	0.0026	0.0003	0.0587	0.0228	0.0359	29.9028	14.0042	0.0000	8.3896	7.5966	0.0000	0.0000	0.0000	0.0000	0.0002	0.0004	0.0000	0.0034	0.0038	0.0000	0.0000	0.0000	0.0000		
38	56	0.6811	9	1	2	0	1	0	0	0	0	N	Y	N	N	N	N	N	N	N	N	N	N	0.0379	0.0305	0.0000	0.0325	0.0342	0.0000	0.0000	0.0639	0.0716	0.0000	0.1093	0.1181	0.0000	0.0000	0.0000	0.0000	1.6877	2.3486	0.0005	3.3667	3.4591	0.0000	0.0004	0.0000	0.0005	0.0000	0.0007	-0.0029	-0.0076	2.8243	1.7218	1.0201	6.9557	0.0110	0.0110	0.0000	0.0110	0.0110	0.0000	0.0000	0.0000	0.0000	0.0147	0.0147	0.0000	0.0147	0.0147	0.0000	0.0000	0.0000	0.0000	0.1728	0.1542	0.0185	0.1010	0.0934	0.0076	0.0718	0.0608	0.0109	0.0496	0.0289	0.0208	0.0212	0.0187	0.0025	0.0284	0.0102	0.0182	0.2161	0.1409	0.0000	0.1580	0.1503	0.0000	0.0000	0.0000	0.0000	0.2956	0.5078	0.0005	0.6916	0.7859	0.0000	0.0004	0.0000	0.0005		
38	57	0.6922	9	2	1	1	0	0	0	0	0	Y	N	N	N	N	N	N	N	N	N	N	N	1541.0886	inf	0.0000	inf	inf	2411.0810	inf	0.0000	1.1408	1.2657	0.0000	0.4867	0.5179	0.0000	1.9130	2.2355	0.0000	0.0007	0.0000	0.0008	0.0000	0.0000	0.0000	0.0008	0.0000	0.0009	0.0000	inf	-0.2097	0.0000	2.8243	8.9999	1.0201	5.0001	0.8060	0.8060	0.0000	0.1862	0.1862	0.0000	0.6198	0.6198	0.0000	0.0000	0.0000	0.0000	0.0000	0.0000	0.0000	0.0000	0.0000	0.0000	0.7065	0.6368	0.0697	0.3825	0.3595	0.0230	0.3240	0.2773	0.0467	0.0706	0.0447	0.0259	0.0370	0.0330	0.0040	0.0336	0.0117	0.0219	3969.3473	inf	0.0000	inf	inf	0.0000	3164.6317	inf	0.0000	0.0003	0.0000	0.0008	0.0000	0.0000	0.0000	0.0006	0.0000	0.0009	
38	58	0.0948	5	2	1	1	0	0	0	0	0	Y	N	N	N	N	N	N	N	N	N	N	N	0.0000	0.0000	0.0000	0.0000	0.0000	0.0000	0.0000	0.0000	0.0000	0.0000	0.0000	0.0000	0.0000	0.0000	0.0000	0.0000	0.0000	0.0000	0.0000	0.0000	2.8243	0.0000	1.0201	1.0000	0.0000	0.0000	0.0000	0.0000	0.0000	0.0000	0.0000	0.0000	0.0000	0.0000	0.0000	0.0000	0.0000	0.0000	0.0000	0.0000	0.0000	0.0000	0.0000	0.0000	0.0000	0.0000	0.0000	0.0000	0.0000	0.0000	0.0000	0.0094	0.0043	0.0051	0.0023	0.0020	0.0003	0.0071	0.0023	0.0048	0.0000	0.0000	0.0000	0.0000	0.0000	0.0000	0.0000	0.0000	0.0000	0.0000	0.0000	0.0000	0.0000	0.0000	0.0000	0.0000	0.0000	0.0000											
38	59	0.7177	10	1	1	1	0	0	0	0	0	N	N	N	N	N	N	N	N	N	N	N	N	20.9519	0.0000	113.7996	10.1033	0.0000	40.6696	47.0507	178.2242	0.0082	0.0000	0.0701	0.0066	0.0000	0.0900	0.0109	0.0000	0.0574	0.0004	0.0002	0.0006	0.0007	0.0002	0.0022	0.0002	0.0000	0.0003	inf	47.4879	0.0000	0.0000	2.8243	0.0006	1.0201	1.1867	0.0000	0.0000	0.0000	0.0000	0.0000	0.0000	0.0000	0.0000	0.0000	0.0000	0.0000	0.0000	0.0000	0.0000	0.0000	0.0000	0.0000	0.0000	0.0001	0.0001	0.0000	0.0001	0.0001	0.0000	0.0001	0.0000	0.0000	0.0136	0.0097	0.0038	0.0084	0.0077	0.0008	0.0051	0.0020	0.0031	46.3648	0.0000	113.7996	39.2128	0.0000	50.2359	56.7336	0.0000	178.2242	0.0002	0.0000	0.0006	0.0002	0.0000	0.0018	0.0002	0.0000	0.0003	
38	60	0.6811	9	1	1	0	0	0	0	0	0	N	N	N	N	N	N	N	N	N	N	N	N	0.0533	0.0147	25.7162	0.0321	0.0170	250.3147	0.0058	0.0000	0.0348	0.0000	0.0000	0.0001	0.0000	0.0000	0.0001	0.0000	0.0000	0.0000	0.0002	0.0004	0.0000	0.0006	0.0006	0.0000	0.0000	0.0004	0.0000	1.0999	0.0146	0.0000	-0.0000	2.8243	2.2785	1.0201	4.8627	0.0000	0.0000	0.0000	0.0000	0.0000	0.0000	0.0000	0.0000	0.0000	0.0000	0.0000	0.0000	0.0000	0.0000	0.0000	0.0000	0.0000	0.0000	0.2204	0.1968	0.0237	0.1262	0.1169	0.0093	0.0942	0.0799	0.0143	0.0415	0.0241	0.0174	0.0177	0.0155	0.0021	0.0238	0.0085	0.0153	0.1814	0.0570	25.7162	0.1375	0.0623	250.3147	0.0058	0.0000	0.0348	0.0001	0.0001	0.0000	0.0001	0.0002	0.0000	0.0000	0.0000	0.0000
38	61	0.0973	5	1	1	1	0	0	0	0	0	N	N	N	N	N	N	N	N	N	N	N	N	0.0030	0.0000	0.0394	0.1959	0.0000	2.4097	0.0002	0.0052	0.0040	0.0000	0.0359	0.0397	0.0000	0.8401	0.0003	0.0000	0.0023	1.3480	0.0011	0.9131	0.2025	0.0042	0.3486	1.2647	0.0000	0.4346	inf	719.2588	0.0004	0.0070	2.8243	1.0901	1.0201	7.9319	0.0006	0.0000	0.0006	0.0005	0.0000	0.0005	0.0000	0.0000	0.0000	0.0147	0.0000	0.0147	0.0002	0.0000	0.0001	0.0145	0.0000	0.0145	0.1371	0.1217	0.0154	0.0131	0.0125	0.0006	0.1240	0.1092	0.0148	0.1114	0.0496	0.0618	0.0118	0.0105	0.0012	0.0996	0.0390	0.0606	0.0307	0.0000	0.1516	2.8846	0.0000	7.3298	0.0018	0.0000	0.0094	0.1318	0.0004	0.2371	0.0138	0.0019	0.1146	0.1457	0.0000	0.2396	
38	62	0.0672	4	1	1	0	0	0	0	0	0	N	N	N	N	N	N	N	N	N	N	N	N	1.5803	0.0627	387.4393	0.0347	0.0337	8.9076	74.5794	0.0000	399.4846	0.0279	0.0024	0.2169	0.0116	0.0116	0.0114	0.0317	0.0000	0.2215	0.0177	0.0386	0.0006	0.3331	0.3434	0.0013	0.0004	0.0023	0.0006	12.1082	0.2247	0.0047	-0.0000	2.8243	1.6797	1.0201	2.9843	0.0070	0.0005	0.0065	0.0005	0.0005	0.0000	0.0065	0.0000	0.0065	0.0001	0.0001	0.0000	0.0001	0.0001	0.0000	0.0000	0.0000	0.0000	0.2513	0.2214	0.0299	0.0470	0.0463	0.0007	0.2044	0.1752	0.0292	0.0584	0.0249	0.0334	0.0041	0.0037	0.0004	0.0543	0.0212	0.0331	15.9788	0.7239	387.4393	0.5715	0.5241	10.9262	86.9052	0.0003	399.4846	0.0017	0.0033	0.0006	0.0202	0.0221	0.0010	0.0004	0.0001	0.0006
38	63	0.0570	3	1	1	0	0	0	0	0	0	N	N	N	N	N	N	N	N	N	N	N	N	0.0403	0.0146	193.5161	0.0275	0.0269	0.1247	3.0902	0.0000	328.4505	0.0404	0.0233	0.1706	0.0647	0.0649	0.0170	0.0290	0.0000	0.1726	1.0009	1.5950	0.0009	2.3532	2.4151	0.1362	0.0094	0.2431	0.0005	0.9631	0.0098	0.0012	-0.0009	2.8243	0.4935	1.0201	1.5835	0.0054	0.0027	0.0026	0.0027	0.0027	0.0000	0.0026	0.0000	0.0026	0.0018	0.0018	0.0000	0.0018	0.0018	0.0000	0.0001	0.0000	0.0000	0.1330	0.1176	0.0154	0.0423	0.0421	0.0002	0.0907	0.0754	0.0152	0.0369	0.0168	0.0201	0.0064	0.0063	0.0002	0.0305	0.0106	0.0199	0.8155	0.2163	193.5161	0.2353	0.2314	0.3590	14.6351	0.0000	328.4505	0.0495	0.1075	0.0009	0.2749	0.2804	0.0473	0.0020	0.0047	0.0005
38	64	0.0616	3	1	2	0	0	0	0	0	0	N	Y	N	N	N	N	N	N	N	N	N	N	0.0131	0.0031	1.1681	0.0014	0.0012	3.5334	0.1770	0.2073	0.0781	0.0003	0.0003	0.0003	0.0007	0.0007	0.0098	0.0000	0.0000	0.0000	0.0222	0.0939	0.0003	0.5388	0.5567	0.0028	0.0002	0.0002	0.0003	0.0965	0.0862	-0.0000	-0.0000	2.8243	0.2944	1.0201	1.0083	0.0000	0.0000	0.0000	0.0000	0.0000	0.0000	0.0000	0.0000	0.0000	0.0000	0.0000	0.0000	0.0000	0.0000	0.0000	0.0000	0.0000	0.0000	0.0910	0.0837	0.0074	0.0330	0.0328	0.0002	0.0580	0.0509	0.0072	0.0164	0.0069	0.0095	0.0009	0.0008	0.0001	0.0155	0.0061	0.0095	0.1470	0.0664	1.1681	0.0221	0.0182	4.3330	0.2248	105.5500	0.0781	0.0020	0.0044	0.0003	0.0337	0.0374	0.0023	0.0002	0.0000	0.0003
38	65	0.0408	2	1	1	0	0	0	0	0	0	N	N	N	N	N	N	N	N	N	N	N	N	0.0777	0.0464	0.2664	0.0903	0.0906	inf	0.0095	0.0011	0.2070	0.0238	0.0269	0.0007	0.1048	0.1058	0.0082	0.0001	0.0000	0.0005	0.3066	0.5800	0.0026	1.1605	1.1674	0.0000	0.0127	0.0437	0.0026	0.0034	0.3012	-0.0012	-0.0001	2.8243	1.1351	1.0201	2.0429	0.0047	0.0047	0.0000	0.0047	0.0047	0.0000	0.0000	0.0000	0.0000	0.0003	0.0002	0.0001	0.0002	0.0002	0.0000	0.0001	0.0000	0.0001	0.1985	0.1750	0.0235	0.0449	0.0445	0.0005	0.1536	0.1306	0.0230	0.0412	0.0171	0.0241	0.0023	0.0021	0.0002	0.0389	0.0150	0.0239	3.6538	2.2309	0.2664	1.3535	1.2390	inf	0.0512	0.0238	0.2070	0.0065	0.0121	0.0026	0.0774	0.0854	0.0000	0.0024	0.0020	0.0026
38	68	0.0948	5	2	2	1	0	0	0	0	0	Y	Y	N	N	N	N	N	N	N	N	N	N	0.0000	0.0000	0.0000	0.0000	0.0000	0.0000	0.0000	0.0000	0.0000	0.0000	0.0000	0.0000	0.0000	0.0000	0.0000	0.0000	0.0000	0.0000	0.0000	0.0000	2.8243	0.0000	1.0201	0.0000	0.0000	0.0000	0.0000	0.0000	0.0000	0.0000	0.0000	0.0000	0.0000	0.0000	0.0000	0.0000	0.0000	0.0000	0.0000	0.0000	0.0000	0.0000	0.0000	0.0000	0.0000	0.0000	0.0000	0.0000	0.0000	0.0000	0.0000	0.0000	0.0000	0.0000	0.0000	0.0000	0.0000	0.0000	0.0000	0.0000	0.0000	0.0000	0.0000	0.0000	0.0000	0.0000	0.0000	0.0000	0.0000	0.0000	0.0000	0.0000	0.0000	0.0000	0.0000	0.0000	0.0000	0.0000											
38	69	0.7375	11	2	2	1	0	0	0	0	0	Y	Y	N	N	N	N	N	N	N	N	N	N	0.0000	0.0000	0.0000	0.0000	0.0000	0.0000	0.0000	0.0000	0.0000	0.0000	0.0000	0.0000	0.0000	0.0000	0.0000	0.0000	0.0000	0.0000	0.0000	0.0000	2.8243	1.0000	1.0201	0.0000	0.0000	0.0000	0.0000	0.0000	0.0000	0.0000	0.0000	0.0000	0.0000	0.0000	0.0000	0.0000	0.0000	0.0000	0.0000	0.0000	0.0000	0.0000	0.1282	0.1179	0.0104	0.0988	0.0929	0.0059	0.0294	0.0250	0.0045	0.0044	0.0027	0.0017	0.0027	0.0024	0.0003	0.0017	0.0003	0.0014	0.0000	0.0000	0.0000	0.0000	0.0000	0.0000	0.0000	0.0000	0.0000	0.0000	0.0000	0.0000	0.0000	0.0000	0.0000	0.0000	0.0000	0.0000											
38	70	0.7375	11	2	2	1	0	0	0	0	0	Y	Y	N	N	N	N	N	N	N	N	N	N	0.0000	0.0000	0.0000	0.0000	0.0000	0.0000	0.0000	0.0000	0.0000	0.0000	0.0000	0.0000	0.0000	0.0000	0.0000	0.0000	0.0000	0.0000	0.0000	0.0000	2.8243	0.0000	1.0201	0.0000	0.0000	0.0000	0.0000	0.0000	0.0000	0.0000	0.0000	0.0000	0.0000	0.0000	0.0000	0.0000	0.0000	0.0000	0.0000	0.0000	0.0000	0.0000	0.0000	0.0000	0.0000	0.0000	0.0000	0.0000	0.0000	0.0000	0.0000	0.0000	0.0000	0.0000	0.0000	0.0000	0.0000	0.0000	0.0000	0.0000	0.0000	0.0000	0.0000	0.0000	0.0000	0.0000	0.0000	0.0000	0.0000	0.0000	0.0000	0.0000	0.0000	0.0000	0.0000	0.0000	0.0000	0.0000											
38	71	0.7151	10	2	2	1	0	0	0	0	0	Y	Y	N	N	N	N	N	N	N	N	N	N	0.0000	0.0000	0.0000	0.0000	0.0000	0.0000	0.0000	0.0000	0.0000	0.0000	0.0000	0.0000	0.0000	0.0000	0.0000	0.0000	0.0000	0.0000	0.0000	0.0000	2.8243	2.0000	1.0201	1.0000	0.0000	0.0000	0.0000	0.0000	0.0000	0.0000	0.0000	0.0000	0.0000	0.0000	0.0000	0.0000	0.0000	0.0000	0.0000	0.0000	0.0000	0.0000	0.2413	0.2214	0.0199	0.1829	0.1718	0.0111	0.0584	0.0496	0.0088	0.0129	0.0079	0.0050	0.0078	0.0069	0.0009	0.0051	0.0010	0.0041	0.0000	0.0000	0.0000	0.0000	0.0000	0.0000	0.0000	0.0000	0.0000	0.0000	0.0000	0.0000	0.0000	0.0000	0.0000	0.0000	0.0000	0.0000											
38	72	0.6922	9	2	1	1	0	0	0	0	0	Y	N	N	N	N	N	N	N	N	N	N	N	5.4537	inf	0.4932	2.1454	inf	0.0000	inf	inf	inf	0.0001	0.0001	0.0000	0.0002	0.0002	0.0000	0.0000	0.0000	0.0000	0.0000	0.0000	0.0000	0.0001	0.0000	0.0000	0.0000	0.0000	0.0000	0.0003	inf	-0.0000	0.0000	2.8243	1.0017	1.0201	2.0007	0.0000	0.0000	0.0000	0.0000	0.0000	0.0000	0.0000	0.0000	0.0000	0.0000	0.0000	0.0000	0.0000	0.0000	0.0000	0.0000	0.0000	0.0000	0.0969	0.0876	0.0093	0.0568	0.0534	0.0034	0.0401	0.0342	0.0059	0.0168	0.0106	0.0062	0.0087	0.0078	0.0009	0.0081	0.0028	0.0053	504.9068	inf	0.4932	551.2452	inf	0.0000	inf	inf	inf	0.0000	0.0000	0.0000	0.0000	0.0000	0.0000	0.0000	0.0000	0.0000
38	73	0.1140	6	2	2	0	0	0	0	0	0	Y	Y	N	N	N	N	N	N	N	N	N	N	0.0000	0.0000	0.0000	0.0000	0.0000	0.0000	0.0000	0.0000	0.0000	0.0000	0.0000	0.0000	0.0000	0.0000	0.0000	0.0000	0.0000	0.0000	0.0000	0.0000	2.8243	0.0000	1.0201	0.0000	0.0000	0.0000	0.0000	0.0000	0.0000	0.0000	0.0000	0.0000	0.0000	0.0000	0.0000	0.0000	0.0000	0.0000	0.0000	0.0000	0.0000	0.0000	0.0000	0.0000	0.0000	0.0000	0.0000	0.0000	0.0000	0.0000	0.0000	0.0000	0.0000	0.0000	0.0000	0.0000	0.0000	0.0000	0.0000	0.0000	0.0000	0.0000	0.0000	0.0000	0.0000	0.0000	0.0000	0.0000	0.0000	0.0000	0.0000	0.0000	0.0000	0.0000	0.0000	0.0000	0.0000	0.0000											
38	74	0.7192	10	2	2	0	0	0	0	0	0	Y	Y	N	N	N	N	N	N	N	N	N	N	0.0000	0.0000	0.0000	0.0000	0.0000	0.0000	0.0000	0.0000	0.0000	0.0000	0.0000	0.0000	0.0000	0.0000	0.0000	0.0000	0.0000	0.0000	0.0000	0.0000	2.8243	0.0000	1.0201	0.0010	0.0000	0.0000	0.0000	0.0000	0.0000	0.0000	0.0000	0.0000	0.0000	0.0000	0.0000	0.0000	0.0000	0.0000	0.0000	0.0000	0.0000	0.0000	0.0000	0.0000	0.0000	0.0000	0.0000	0.0000	0.0000	0.0000	0.0000	0.0030	0.0024	0.0006	0.0015	0.0015	0.0000	0.0015	0.0009	0.0006	0.0000	0.0000	0.0000	0.0000	0.0000	0.0000	0.0000	0.0000	0.0000	0.0000	0.0000	0.0000	0.0000	0.0000	0.0000	0.0000	0.0000	0.0000											
38	75	0.7083	12	1	2	0	1	0	0	0	0	N	Y	N	N	N	N	N	N	N	N	N	N	0.0000	0.0000	0.0000	0.0000	0.0000	0.0000	0.0000	0.0000	0.0000	0.0000	0.0000	0.0000	0.0000	0.0000	0.0000	0.0000	0.0000	0.0000	0.0000	0.0000	2.8243	0.0000	1.0201	0.0000	0.0000	0.0000	0.0000	0.0000	0.0000	0.0000	0.0000	0.0000	0.0000	0.0000	0.0000	0.0000	0.0000	0.0000	0.0000	0.0000	0.0000	0.0000	0.0000	0.0000	0.0000	0.0000	0.0000	0.0000	0.0000	0.0000	0.0000	0.0000	0.0000	0.0000	0.0000	0.0000	0.0000	0.0000	0.0000	0.0000	0.0000	0.0000	0.0000	0.0000	0.0000	0.0000	0.0000	0.0000	0.0000	0.0000	0.0000	0.0000	0.0000	0.0000	0.0000	0.0000	0.0000	0.0000											
38	76	0.7083	12	1	1	0	1	0	0	0	0	N	N	N	N	N	N	N	N	N	N	N	N	0.0000	0.0000	0.0000	0.0000	0.0000	0.0000	0.0000	0.0000	0.0000	0.0000	0.0000	0.0000	0.0000	0.0000	0.0000	0.0000	0.0000	0.0000	0.0000	0.0000	2.8243	0.0000	1.0201	0.0000	0.0000	0.0000	0.0000	0.0000	0.0000	0.0000	0.0000	0.0000	0.0000	0.0000	0.0000	0.0000	0.0000	0.0000	0.0000	0.0000	0.0000	0.0000	0.0000	0.0000	0.0000	0.0000	0.0000	0.0000	0.0000	0.0000	0.0000	0.0000	0.0000	0.0000	0.0000	0.0000	0.0000	0.0000	0.0000	0.0000	0.0000	0.0000	0.0000	0.0000	0.0000	0.0000	0.0000	0.0000	0.0000	0.0000	0.0000	0.0000	0.0000	0.0000	0.0000	0.0000	0.0000	0.0000											
38	77	0.6930	11	1	1	0	1	0	0	0	0	N	N	N	N	N	N	N	N	N	N	N	N	2.7286	0.0000	46.3274	0.0000	0.0000	0.0000	11.6802	41.7785	0.0027	0.0000	0.0209	0.0000	0.0000	0.0000	0.0061	0.0000	0.0276	0.0010	0.0007	0.0005	0.0008	0.0008	0.0001	0.0005	0.0000	0.0007	inf	0.9473	0.0000	-0.0000	2.8243	0.0002	1.0201	2.9297	0.0000	0.0000	0.0000	0.0000	0.0000	0.0000	0.0000	0.0000	0.0000	0.0000	0.0000	0.0000	0.0000	0.0000	0.0000	0.0000	0.0000	0.0000	0.0000	0.0000	0.0000	0.0000	0.0000	0.0000	0.0000	0.0000	0.0000	0.0444	0.0276	0.0168	0.0292	0.0234	0.0058	0.0152	0.0042	0.0110	7.7458	0.0000	46.3274	0.0000	0.0000	0.0000	12.8187	0.0000	41.7785	0.0004	0.0003	0.0005	0.0003	0.0003	0.0001	0.0005	0.0000	0.0007	
38	78	0.6889	10	1	1	0	1	0	0	0	0	N	N	N	N	N	N	N	N	N	N	N	N	4.1885	5.2591	0.0000	6.3226	8.0864	0.0000	0.0000	0.0000	0.0000	0.0039	0.0044	0.0000	0.0066	0.0072	0.0000	0.0000	0.0000	0.0000	0.0009	0.0008	0.0003	0.0010	0.0009	0.0001	0.0003	0.0004	0.0004	0.0000	0.8034	-0.0000	-0.0000	2.8243	0.0003	1.0201	2.1916	0.0000	0.0000	0.0000	0.0000	0.0000	0.0000	0.0000	0.0000	0.0000	0.0000	0.0000	0.0000	0.0000	0.0000	0.0000	0.0000	0.0000	0.0000	0.0000	0.0000	0.0000	0.0000	0.0000	0.0000	0.0000	0.0000	0.0000	0.0184	0.0104	0.0080	0.0081	0.0075	0.0007	0.0103	0.0029	0.0073	11.6114	13.2734	0.0000	15.2825	15.6068	0.0000	0.0000	0.0000	0.0000	0.0003	0.0003	0.0003	0.0004	0.0005	0.0001	0.0003	0.0000	0.0004
38	79	0.6811	9	1	1	0	0	0	0	0	0	N	N	N	N	N	N	N	N	N	N	N	N	0.0973	0.0000	0.9813	0.5059	0.0000	inf	0.0004	0.0020	0.0000	0.0000	0.0003	0.0000	0.0000	0.0004	0.0000	0.0000	0.0000	0.0003	0.0001	0.0003	0.0001	0.0001	0.0000	0.0002	0.0000	0.0003	inf	717.3750	0.0000	0.0000	2.8243	0.2782	1.0201	1.3600	0.0000	0.0000	0.0000	0.0000	0.0000	0.0000	0.0000	0.0000	0.0000	0.0000	0.0000	0.0000	0.0000	0.0000	0.0000	0.0000	0.0000	0.0000	0.0428	0.0383	0.0046	0.0310	0.0282	0.0028	0.0119	0.0100	0.0018	0.0101	0.0058	0.0043	0.0042	0.0037	0.0005	0.0058	0.0021	0.0038	0.2482	0.0000	0.9813	97.3522	0.0000	inf	0.0005	0.0000	0.0020	0.0001	0.0000	0.0003	0.0000	0.0000	0.0000	0.0002	0.0000	0.0003	
38	80	0.7247	11	1	2	1	0	0	0	0	0	N	Y	N	N	N	N	N	N	N	N	N	N	2.8417	0.0108	2333.2987	4.5956	0.0299	inf	2.9581	22.4307	0.0039	0.0000	0.0396	0.0073	0.0000	0.1633	0.0001	0.0000	0.0004	0.0014	0.0020	0.0000	0.0016	0.0013	0.0000	0.0000	0.0000	0.0000	201.0947	0.0129	0.0000	-0.0000	2.8243	0.0029	1.0201	2.0135	0.0000	0.0000	0.0000	0.0000	0.0000	0.0000	0.0000	0.0000	0.0000	0.0000	0.0000	0.0000	0.0000	0.0000	0.0000	0.0000	0.0000	0.0000	0.0005	0.0004	0.0000	0.0003	0.0002	0.0000	0.0002	0.0002	0.0000	0.0149	0.0103	0.0046	0.0092	0.0086	0.0007	0.0057	0.0018	0.0039	9.5963	0.0369	2333.2987	11.1899	0.0543	inf	5.2598	0.0000	22.4307	0.0004	0.0006	0.0000	0.0007	0.0007	0.0000	0.0000	0.0000	0.0000	
38	81	0.7181	10	1	2	0	0	0	0	0	0	N	Y	N	N	N	N	N	N	N	N	N	N	0.0022	0.0026	0.0003	0.0138	0.0142	0.2350	0.0065	0.1069	0.0000	0.0002	0.0003	0.0000	0.0003	0.0004	0.0000	0.0001	0.0001	0.0000	0.1133	0.1051	0.0022	0.0248	0.0256	0.0000	0.0079	0.0006	0.0026	0.0003	0.3036	-0.0000	-0.0000	2.8243	0.6188	1.0201	0.9475	0.0000	0.0000	0.0000	0.0000	0.0000	0.0000	0.0000	0.0000	0.0000	0.0000	0.0000	0.0000	0.0000	0.0000	0.0000	0.0000	0.0000	0.0000	0.1081	0.0975	0.0106	0.0715	0.0672	0.0043	0.0366	0.0303	0.0063	0.0109	0.0068	0.0041	0.0059	0.0054	0.0005	0.0050	0.0014	0.0036	0.0670	0.0602	0.0003	0.0665	0.0645	0.2350	0.0277	13.6864	0.0000	0.0036	0.0045	0.0022	0.0051	0.0056	0.0000	0.0018	0.0000	0.0026
38	82	0.1172	6	1	2	1	0	0	0	0	0	N	Y	N	N	N	N	N	N	N	N	N	N	0.0000	0.0000	0.0000	0.0000	0.0000	0.0000	0.0000	0.0000	0.0000	0.0000	0.0000	0.0000	0.0000	0.0000	0.0000	0.0000	0.0000	0.0000	0.0000	0.0000	2.8243	0.0000	1.0201	1.0000	0.0000	0.0000	0.0000	0.0000	0.0000	0.0000	0.0000	0.0000	0.0000	0.0000	0.0000	0.0000	0.0000	0.0000	0.0000	0.0000	0.0000	0.0000	0.0000	0.0000	0.0000	0.0000	0.0000	0.0000	0.0000	0.0000	0.0000	0.0101	0.0038	0.0063	0.0005	0.0004	0.0001	0.0096	0.0033	0.0062	0.0000	0.0000	0.0000	0.0000	0.0000	0.0000	0.0000	0.0000	0.0000	0.0000	0.0000	0.0000	0.0000	0.0000	0.0000	0.0000	0.0000	0.0000											
38	83	0.6922	9	2	1	1	0	0	0	0	0	Y	N	N	N	N	N	N	N	N	N	N	N	13796.0669	inf	0.0024	9688.8916	inf	0.0000	188878.8158	inf	0.0030	1.1408	1.2657	0.0000	0.4867	0.5179	0.0000	1.9130	2.2354	0.0000	0.0001	0.0000	0.0000	0.0001	0.0000	0.0000	0.0000	0.0000	0.0000	0.0000	inf	-0.2097	0.0000	2.8243	9.0001	1.0201	3.0001	0.8060	0.8060	0.0000	0.1862	0.1862	0.0000	0.6198	0.6198	0.0000	0.0000	0.0000	0.0000	0.0000	0.0000	0.0000	0.0000	0.0000	0.0000	0.7066	0.6368	0.0697	0.3826	0.3596	0.0230	0.3240	0.2773	0.0467	0.0617	0.0390	0.0226	0.0323	0.0288	0.0035	0.0294	0.0102	0.0192	234530.5824	inf	0.0024	6549383.3247	inf	0.0000	188878.8158	inf	0.0030	0.0000	0.0000	0.0000	0.0000	0.0000	0.0000	0.0000	0.0000	0.0000
38	84	0.0948	5	2	1	1	0	0	0	0	0	Y	N	N	N	N	N	N	N	N	N	N	N	inf	inf	inf	inf	0.0003	0.0004	0.0000	0.0046	0.0049	0.0000	0.0000	0.0000	0.0000	0.0000	0.0000	0.0000	0.0000	0.0000	0.0000	0.0000	0.0000	0.0000	0.0000	-0.0000	0.0000	2.8243	4.0000	1.0201	0.0000	0.0001	0.0001	0.0000	0.0001	0.0001	0.0000	0.0000	0.0000	0.0000	0.0000	0.0000	0.0000	0.0000	0.0000	0.0000	0.0000	0.0000	0.0000	0.3097	0.2746	0.0351	0.0217	0.0205	0.0012	0.2880	0.2541	0.0339	0.0350	0.0159	0.0192	0.0083	0.0071	0.0012	0.0267	0.0087	0.0180	inf	inf	0.0000	inf	inf	0.0000	0.0000	0.0000	0.0000	0.0000	0.0000	0.0000	0.0000	0.0000	0.0000	0.0000	0.0000	0.0000						
38	85	0.1409	6	2	2	0	0	0	0	0	0	Y	Y	N	N	N	N	N	N	N	N	N	N	25.1251	21.0323	0.0000	27.7991	31.4426	0.0000	31.5735	7.3047	0.0000	0.0047	0.0053	0.0000	0.0104	0.0109	0.0000	0.0030	0.0035	0.0000	0.0002	0.0003	0.0001	0.0004	0.0003	0.0000	0.0001	0.0005	0.0001	0.0000	3.0117	-0.0001	0.0000	2.8243	1.0086	1.0201	1.7435	0.0005	0.0005	0.0000	0.0003	0.0003	0.0000	0.0003	0.0003	0.0000	0.0000	0.0000	0.0000	0.0000	0.0000	0.0000	0.0000	0.0000	0.0000	0.1161	0.1029	0.0132	0.0262	0.0252	0.0011	0.0898	0.0777	0.0121	0.0346	0.0178	0.0168	0.0111	0.0099	0.0012	0.0235	0.0079	0.0156	87.1867	203.1473	0.0000	253.2385	245.2475	0.0000	50.4126	1112.3675	0.0000	0.0001	0.0000	0.0001	0.0000	0.0000	0.0000	0.0001	0.0000	0.0001
38	86	0.0948	5	2	2	0	0	0	0	0	0	Y	Y	N	N	N	N	N	N	N	N	N	N	18704.7341	7230.3980	0.0000	0.0000	0.0000	0.0000	24079955.0933	41582.1709	0.0000	11.3590	12.8423	0.0000	0.0000	0.0000	0.0000	12.1578	13.8112	0.0000	0.0006	0.0018	0.0000	0.0027	0.0026	0.0000	0.0000	0.0003	0.0000	0.0000	0.0008	-0.2601	-0.0000	2.8243	1.0165	1.0201	4.1395	0.9997	0.9997	0.0000	0.0000	0.0000	0.0000	0.9997	0.9997	0.0000	0.0000	0.0000	0.0000	0.0000	0.0000	0.0000	0.0000	0.0000	0.0000	0.0880	0.0778	0.0102	0.0058	0.0055	0.0003	0.0822	0.0724	0.0098	0.0440	0.0199	0.0241	0.0103	0.0088	0.0015	0.0337	0.0110	0.0226	45419.2388	23201.6194	0.0000	0.0000	0.0000	0.0000	24079955.0933	9536820.5206	0.0000	0.0003	0.0006	0.0000	0.0011	0.0012	0.0000	0.0000	0.0000	0.0000
38	87	0.6509	8	2	2	0	0	0	0	0	0	Y	Y	N	N	N	N	N	N	N	N	N	N	4405.2691	16.2608	inf	3174.6391	21.3226	inf	inf	inf	1.4196	0.0094	13.2958	2.7058	0.0170	40.5393	0.0002	0.0003	0.0000	0.0003	0.0006	0.0000	0.0009	0.0008	0.0000	0.0000	0.0000	0.0000	167.2124	0.0000	0.7382	-0.0000	2.8243	9.0005	1.0201	5.0000	1.0059	0.0060	0.9999	1.0058	0.0059	0.9999	0.0001	0.0001	0.0000	0.0000	0.0000	0.0000	0.0000	0.0000	0.0000	0.0000	0.0000	0.0000	0.7086	0.6334	0.0752	0.3717	0.3471	0.0247	0.3369	0.2863	0.0505	0.0747	0.0442	0.0305	0.0329	0.0290	0.0040	0.0418	0.0152	0.0265	10608.4166	41.7508	inf	8912.1258	49.2575	inf	inf	inf	0.0000	0.0001	0.0002	0.0000	0.0003	0.0003	0.0000	0.0000	0.0000	0.0000	
38	88	0.1172	6	1	2	0	0	0	0	0	0	N	Y	N	N	N	N	N	N	N	N	N	N	0.0000	0.0000	0.0000	0.0000	0.0000	0.0000	0.0000	0.0000	0.0000	0.0000	0.0000	0.0000	0.0000	0.0000	0.0000	0.0000	0.0000	0.0000	0.0000	0.0000	2.8243	0.0000	1.0201	0.0000	0.0000	0.0000	0.0000	0.0000	0.0000	0.0000	0.0000	0.0000	0.0000	0.0000	0.0000	0.0000	0.0000	0.0000	0.0000	0.0000	0.0000	0.0000	0.0000	0.0000	0.0000	0.0000	0.0000	0.0000	0.0000	0.0000	0.0000	0.0000	0.0000	0.0000	0.0000	0.0000	0.0000	0.0000	0.0000	0.0000	0.0000	0.0000	0.0000	0.0000	0.0000	0.0000	0.0000	0.0000	0.0000	0.0000	0.0000	0.0000	0.0000	0.0000	0.0000	0.0000	0.0000	0.0000											
38	89	0.7181	10	1	2	0	0	0	0	0	0	N	Y	N	N	N	N	N	N	N	N	N	N	0.0000	0.0000	0.0000	0.0000	0.0000	0.0000	0.0000	0.0000	0.0000	0.0000	0.0000	0.0000	0.0000	0.0000	0.0000	0.0000	0.0000	0.0002	0.0003	0.0000	0.0004	0.0004	0.0000	0.0000	0.0000	0.0000	0.0488	0.0000	-0.0000	2.8243	1.9953	1.0201	1.0817	0.0000	0.0000	0.0000	0.0000	0.0000	0.0000	0.0000	0.0000	0.0000	0.0000	0.0000	0.0000	0.0000	0.0000	0.0000	0.0000	0.0000	0.0000	0.2214	0.1998	0.0217	0.1329	0.1249	0.0080	0.0886	0.0749	0.0137	0.0191	0.0121	0.0070	0.0104	0.0094	0.0010	0.0086	0.0027	0.0060	0.0000	0.0000	0.0000	0.0000	0.0000	0.0000	0.0000	0.0000	0.0000	0.0000	0.0001	0.0000	0.0001	0.0001	0.0000	0.0000	0.0000	0.0000		
38	90	0.6922	9	1	2	0	0	0	0	0	0	N	Y	N	N	N	N	N	N	N	N	N	N	0.0159	0.0067	12.2695	0.0810	0.0725	209.6775	0.0257	0.0003	12.5511	0.0001	0.0001	0.0008	0.0001	0.0001	0.0005	0.0002	0.0001	0.0009	0.0091	0.0119	0.0001	0.0013	0.0011	0.0000	0.0077	0.2881	0.0001	1.0038	0.0197	0.0000	-0.0000	2.8243	2.3999	1.0201	4.0713	0.0000	0.0000	0.0000	0.0000	0.0000	0.0000	0.0000	0.0000	0.0000	0.0000	0.0000	0.0000	0.0000	0.0000	0.0000	0.0000	0.0000	0.0000	0.2225	0.2011	0.0215	0.1283	0.1207	0.0077	0.0942	0.0804	0.0138	0.0351	0.0221	0.0129	0.0183	0.0163	0.0019	0.0168	0.0058	0.0110	0.1238	0.0440	12.2695	0.1897	0.1310	209.6775	0.1079	0.0149	12.5511	0.0012	0.0018	0.0001	0.0006	0.0006	0.0000	0.0018	0.0052	0.0001
38	91	0.7132	10	1	1	1	0	0	0	0	0	N	N	N	N	N	N	N	N	N	N	N	N	0.0000	0.0000	0.0000	0.0000	0.0000	0.0000	0.0000	0.0000	0.0000	0.0000	0.0000	0.0000	0.0000	0.0000	0.0000	0.0000	0.0000	0.0000	0.0000	0.0000	2.8243	0.0000	1.0201	0.0000	0.0000	0.0000	0.0000	0.0000	0.0000	0.0000	0.0000	0.0000	0.0000	0.0000	0.0000	0.0000	0.0000	0.0000	0.0000	0.0000	0.0000	0.0000	0.0000	0.0000	0.0000	0.0000	0.0000	0.0000	0.0000	0.0000	0.0000	0.0000	0.0000	0.0000	0.0000	0.0000	0.0000	0.0000	0.0000	0.0000	0.0000	0.0000	0.0000	0.0000	0.0000	0.0000	0.0000	0.0000	0.0000	0.0000	0.0000	0.0000	0.0000	0.0000	0.0000	0.0000	0.0000	0.0000											
38	92	0.6811	9	1	1	1	0	0	0	0	0	N	N	N	N	N	N	N	N	N	N	N	N	0.0097	0.0078	inf	0.0084	0.0089	inf	inf	inf	inf	0.0177	0.0198	0.0000	0.0315	0.0339	0.0001	0.0005	0.0006	0.0000	1.8169	2.5229	0.0000	3.7652	3.8101	0.0000	0.0000	0.0000	0.0000	0.0002	0.0000	-0.0016	-0.0077	2.8243	3.7221	1.0201	2.9993	0.0060	0.0060	0.0000	0.0059	0.0059	0.0000	0.0001	0.0001	0.0000	0.0147	0.0147	0.0000	0.0147	0.0147	0.0000	0.0000	0.0000	0.0000	0.3380	0.3018	0.0363	0.1873	0.1739	0.0134	0.1508	0.1279	0.0229	0.0392	0.0228	0.0164	0.0167	0.0147	0.0020	0.0225	0.0081	0.0144	0.0472	0.0307	inf	0.0358	0.0339	inf	inf	inf	inf	0.3740	0.6442	0.0000	0.8795	0.9989	0.0000	0.0000	0.0000	0.0000
38	93	0.6509	8	1	1	0	0	0	0	0	0	N	N	N	N	N	N	N	N	N	N	N	N	inf	inf	inf	inf	0.0003	0.0003	0.0000	0.0005	0.0006	0.0000	0.0000	0.0000	0.0000	0.0000	0.0000	0.0000	0.0000	0.0000	0.0000	0.0000	0.0000	0.0000	0.0000	-0.0000	0.0000	2.8243	2.7217	1.0201	3.0458	0.0001	0.0001	0.0000	0.0001	0.0001	0.0000	0.0000	0.0000	0.0000	0.0000	0.0000	0.0000	0.0000	0.0000	0.0000	0.0000	0.0000	0.0000	0.2468	0.2205	0.0263	0.1359	0.1266	0.0093	0.1109	0.0940	0.0169	0.0334	0.0196	0.0138	0.0144	0.0127	0.0017	0.0189	0.0069	0.0121	inf	inf	0.0000	inf	inf	0.0000	0.0000	0.0000	0.0000	0.0000	0.0000	0.0000	0.0000	0.0000	0.0000	0.0000	0.0000	0.0000						
38	94	0.7084	10	2	2	0	0	0	0	0	0	Y	Y	N	N	N	N	N	N	N	N	N	N	0.0017	0.0009	0.0000	0.0013	0.0015	0.0000	0.0000	0.0000	0.0000	0.0000	0.0000	0.0000	0.0000	0.0000	0.0000	0.0000	0.0000	0.0001	0.0000	0.0001	0.0001	0.0000	0.0000	0.0000	0.0000	0.0000	1.6897	-0.0000	0.0000	2.8243	5.9980	1.0201	4.9575	0.0000	0.0000	0.0000	0.0000	0.0000	0.0000	0.0000	0.0000	0.0000	0.0000	0.0000	0.0000	0.0000	0.0000	0.0000	0.0000	0.0000	0.0000	0.5102	0.4629	0.0473	0.2991	0.2819	0.0171	0.2111	0.1810	0.0301	0.0529	0.0350	0.0179	0.0287	0.0256	0.0031	0.0242	0.0094	0.0148	0.1601	0.3138	0.0000	0.3957	0.3772	0.0000	0.0000	0.0000	0.0000	0.0000	0.0000	0.0000	0.0000	0.0000	0.0000	0.0000	0.0000	0.0000		
38	95	0.1172	6	2	2	0	0	0	0	0	0	Y	Y	N	N	N	N	N	N	N	N	N	N	0.0000	0.0000	0.0000	0.0000	0.0000	0.0000	0.0000	0.0000	0.0000	0.0000	0.0000	0.0000	0.0000	0.0000	0.0000	0.0000	0.0000	0.0000	0.0000	0.0000	2.8243	0.0000	1.0201	2.0000	0.0000	0.0000	0.0000	0.0000	0.0000	0.0000	0.0000	0.0000	0.0000	0.0000	0.0000	0.0000	0.0000	0.0000	0.0000	0.0000	0.0000	0.0000	0.0000	0.0000	0.0000	0.0000	0.0000	0.0000	0.0000	0.0000	0.0000	0.0198	0.0074	0.0124	0.0010	0.0008	0.0002	0.0188	0.0066	0.0122	0.0000	0.0000	0.0000	0.0000	0.0000	0.0000	0.0000	0.0000	0.0000	0.0000	0.0000	0.0000	0.0000	0.0000	0.0000	0.0000	0.0000	0.0000											
38	96	0.0948	5	1	2	0	0	0	0	0	0	N	Y	N	N	N	N	N	N	N	N	N	N	inf	inf	inf	inf	0.0003	0.0004	0.0000	0.0046	0.0049	0.0000	0.0000	0.0000	0.0000	0.0000	0.0000	0.0000	0.0000	0.0000	0.0000	0.0000	0.0000	0.0000	0.0000	-0.0000	0.0000	2.8243	4.0000	1.0201	0.0000	0.0001	0.0001	0.0000	0.0001	0.0001	0.0000	0.0000	0.0000	0.0000	0.0000	0.0000	0.0000	0.0000	0.0000	0.0000	0.0000	0.0000	0.0000	0.3097	0.2746	0.0351	0.0217	0.0205	0.0012	0.2880	0.2541	0.0339	0.0350	0.0159	0.0192	0.0083	0.0071	0.0012	0.0267	0.0087	0.0180	inf	inf	0.0000	inf	inf	0.0000	0.0000	0.0000	0.0000	0.0000	0.0000	0.0000	0.0000	0.0000	0.0000	0.0000	0.0000	0.0000						
38	97	0.6509	8	1	1	0	0	0	0	0	0	N	N	N	N	N	N	N	N	N	N	N	N	21.2822	10.9582	inf	inf	0.0000	0.0000	2.8434	3.1821	0.0000	5.2199	5.6020	0.0000	0.0000	0.0000	0.0000	0.1336	0.2904	0.0000	0.0000	0.0000	0.0000	0.0674	1.2953	0.0000	0.0000	0.0000	-0.2602	-0.0001	2.8243	3.9994	1.0201	4.0000	0.9999	0.9999	0.0000	0.9999	0.9999	0.0000	0.0000	0.0000	0.0000	0.0002	0.0002	0.0000	0.0000	0.0000	0.0000	0.0002	0.0002	0.0000	0.3516	0.3142	0.0374	0.1915	0.1785	0.0131	0.1601	0.1357	0.0244	0.0453	0.0267	0.0186	0.0197	0.0174	0.0023	0.0256	0.0093	0.0163	715.3069	471.2070	0.0000	inf	inf	0.0000	0.0000	0.0000	0.0000	0.0040	0.0068	0.0000	0.0000	0.0000	0.0000	0.0070	0.0194	0.0000			
38	98	0.0948	5	1	1	0	0	0	0	0	0	N	N	N	N	N	N	N	N	N	N	N	N	0.0000	0.0000	0.0000	0.0000	0.0000	0.0000	0.0000	0.0000	0.0000	0.0000	0.0000	0.0000	0.0000	0.0000	0.0000	0.0000	0.0000	0.0000	0.0000	0.0000	2.8243	1.0000	1.0201	0.0000	0.0000	0.0000	0.0000	0.0000	0.0000	0.0000	0.0000	0.0000	0.0000	0.0000	0.0000	0.0000	0.0000	0.0000	0.0000	0.0000	0.0000	0.0000	0.1546	0.1368	0.0178	0.0104	0.0098	0.0006	0.1442	0.1271	0.0172	0.0170	0.0077	0.0093	0.0041	0.0035	0.0006	0.0128	0.0042	0.0087	0.0000	0.0000	0.0000	0.0000	0.0000	0.0000	0.0000	0.0000	0.0000	0.0000	0.0000	0.0000	0.0000	0.0000	0.0000	0.0000	0.0000	0.0000											
38	99	0.5399	7	1	1	0	0	0	0	0	0	N	N	N	N	N	N	N	N	N	N	N	N	1.0610	2.7586	0.0002	2.8458	8.2308	0.0001	0.0941	0.1857	0.0000	0.0222	0.0251	0.0000	0.0387	0.0415	0.0000	0.0001	0.0001	0.0000	0.0210	0.0091	0.0024	0.0136	0.0050	0.0295	0.0007	0.0005	0.0009	0.0000	1.0847	-0.0013	-0.0000	2.8243	1.5982	1.0201	11.1970	0.0052	0.0052	0.0000	0.0052	0.0052	0.0000	0.0000	0.0000	0.0000	0.0002	0.0001	0.0001	0.0002	0.0001	0.0001	0.0000	0.0000	0.0000	0.2326	0.2064	0.0262	0.1334	0.1246	0.0088	0.0993	0.0818	0.0174	0.0954	0.0565	0.0389	0.0435	0.0389	0.0047	0.0518	0.0176	0.0342	11.6623	16.2247	0.0002	11.1087	18.4824	0.0001	0.1189	29.3265	0.0000	0.0019	0.0015	0.0024	0.0035	0.0022	0.0139	0.0006	0.0000	0.0009
38	100	0.7099	11	2	2	1	0	0	0	0	0	Y	Y	N	N	N	N	N	N	N	N	N	N	0.0000	0.0000	0.0000	0.0000	0.0000	0.0000	0.0000	0.0000	0.0000	0.0000	0.0000	0.0000	0.0000	0.0000	0.0000	0.0000	0.0194	0.0299	0.0000	0.0135	0.0130	0.0000	0.0000	0.0000	0.0000	0.0008	0.0000	-0.0000	2.8243	0.0000	1.0201	0.9982	0.0000	0.0000	0.0000	0.0000	0.0000	0.0000	0.0000	0.0000	0.0000	0.0000	0.0000	0.0000	0.0000	0.0000	0.0000	0.0000	0.0000	0.0000	0.0100	0.0093	0.0007	0.0083	0.0080	0.0003	0.0017	0.0013	0.0004	0.0054	0.0035	0.0018	0.0029	0.0026	0.0003	0.0025	0.0009	0.0015	0.0000	0.0000	0.0000	0.0000	0.0000	0.0000	0.0000	0.0000	0.0000	0.0019	0.0028	0.0000	0.0035	0.0039	0.0000	0.0000	0.0000	0.0000			
38	101	0.1295	8	2	2	1	0	0	0	0	0	Y	Y	N	N	N	N	N	N	N	N	N	N	0.0000	0.0000	0.0000	0.0000	0.0000	0.0000	0.0000	0.0000	0.0000	0.0000	0.0000	0.0000	0.0000	0.0000	0.0000	0.0000	0.0000	0.0000	0.0000	0.0000	2.8243	0.0000	1.0201	0.0000	0.0000	0.0000	0.0000	0.0000	0.0000	0.0000	0.0000	0.0000	0.0000	0.0000	0.0000	0.0000	0.0000	0.0000	0.0000	0.0000	0.0000	0.0000	0.0000	0.0000	0.0000	0.0000	0.0000	0.0000	0.0000	0.0000	0.0000	0.0000	0.0000	0.0000	0.0000	0.0000	0.0000	0.0000	0.0000	0.0000	0.0000	0.0000	0.0000	0.0000	0.0000	0.0000	0.0000	0.0000	0.0000	0.0000	0.0000	0.0000	0.0000	0.0000	0.0000	0.0000	0.0000	0.0000											
38	102	0.1295	7	2	1	1	0	0	0	0	0	Y	N	N	N	N	N	N	N	N	N	N	N	0.0000	0.0000	0.0000	0.0000	0.0000	0.0000	0.0000	0.0000	0.0000	0.0000	0.0000	0.0000	0.0000	0.0000	0.0000	0.0000	0.0000	0.0000	0.0000	0.0000	2.8243	0.0000	1.0201	0.0000	0.0000	0.0000	0.0000	0.0000	0.0000	0.0000	0.0000	0.0000	0.0000	0.0000	0.0000	0.0000	0.0000	0.0000	0.0000	0.0000	0.0000	0.0000	0.0000	0.0000	0.0000	0.0000	0.0000	0.0000	0.0000	0.0000	0.0000	0.0000	0.0000	0.0000	0.0000	0.0000	0.0000	0.0000	0.0000	0.0000	0.0000	0.0000	0.0000	0.0000	0.0000	0.0000	0.0000	0.0000	0.0000	0.0000	0.0000	0.0000	0.0000	0.0000	0.0000	0.0000	0.0000	0.0000											
38	103	0.1234	6	2	1	1	0	0	0	0	0	Y	N	N	N	N	N	N	N	N	N	N	N	inf	inf	inf	inf	0.0001	0.0002	0.0000	0.0003	0.0003	0.0000	0.0000	0.0000	0.0000	0.0000	0.0000	0.0000	0.0000	0.0000	0.0000	0.0000	0.0000	0.0000	0.0000	-0.0000	0.0000	2.8243	0.0000	1.0201	1.0091	0.0000	0.0000	0.0000	0.0000	0.0000	0.0000	0.0000	0.0000	0.0000	0.0000	0.0000	0.0000	0.0000	0.0000	0.0000	0.0000	0.0000	0.0000	0.0000	0.0000	0.0000	0.0000	0.0000	0.0000	0.0000	0.0000	0.0000	0.0102	0.0038	0.0064	0.0005	0.0004	0.0001	0.0096	0.0034	0.0063	inf	inf	0.0000	inf	inf	0.0000	0.0000	0.0000	0.0000	0.0000	0.0000	0.0000	0.0000	0.0000	0.0000	0.0000	0.0000	0.0000						
38	104	0.6509	8	1	2	0	0	0	0	0	0	N	Y	N	N	N	N	N	N	N	N	N	N	inf	inf	inf	inf	inf	inf	1.5641	1.7499	0.0000	2.9605	3.1720	0.0000	0.0003	0.0003	0.0000	0.0000	0.0000	0.0000	0.0000	0.0000	0.0000	0.0000	0.0000	0.0000	0.0000	-0.2617	0.0000	2.8243	7.9994	1.0201	4.0001	1.0058	1.0058	0.0000	1.0058	1.0058	0.0000	0.0001	0.0001	0.0000	0.0000	0.0000	0.0000	0.0000	0.0000	0.0000	0.0000	0.0000	0.0000	0.6431	0.5748	0.0683	0.3397	0.3171	0.0227	0.3034	0.2577	0.0456	0.0653	0.0386	0.0267	0.0287	0.0252	0.0034	0.0366	0.0134	0.0233	inf	inf	0.0000	inf	inf	0.0000	inf	inf	0.0000	0.0000	0.0000	0.0000	0.0000	0.0000	0.0000	0.0000	0.0000	0.0000				
38	105	0.7134	12	2	1	1	0	0	0	0	0	Y	N	N	N	N	N	N	N	N	N	N	N	0.0001	0.0000	0.2056	0.0000	0.0000	0.0000	0.1378	0.9546	0.0000	0.0000	0.0000	0.0000	0.0000	0.0000	0.0000	0.0000	0.0000	0.0211	0.0307	0.0001	0.0137	0.0133	0.0003	0.0000	0.0000	0.0000	inf	0.0110	0.0000	-0.0000	2.8243	1.0000	1.0201	1.0005	0.0000	0.0000	0.0000	0.0000	0.0000	0.0000	0.0000	0.0000	0.0000	0.0000	0.0000	0.0000	0.0000	0.0000	0.0000	0.0000	0.0000	0.0000	0.0954	0.0866	0.0087	0.0578	0.0545	0.0033	0.0376	0.0322	0.0054	0.0105	0.0069	0.0036	0.0057	0.0051	0.0006	0.0048	0.0018	0.0030	0.0006	0.0000	0.2056	0.0000	0.0000	0.0000	0.2225	0.0000	0.9546	0.0019	0.0029	0.0001	0.0036	0.0040	0.0003	0.0000	0.0000	0.0000	
38	106	0.7099	11	2	1	1	0	0	0	0	0	Y	N	N	N	N	N	N	N	N	N	N	N	0.0077	0.0048	0.0000	0.0049	0.0054	0.0000	0.0000	0.0000	0.0000	0.0000	0.0000	0.0000	0.0000	0.0000	0.0000	0.0000	0.0000	0.0002	0.0004	0.0000	0.0005	0.0005	0.0000	0.0000	0.0004	0.0000	0.0000	0.1415	-0.0000	-0.0000	2.8243	0.7249	1.0201	0.0368	0.0000	0.0000	0.0000	0.0000	0.0000	0.0000	0.0000	0.0000	0.0000	0.0000	0.0000	0.0000	0.0000	0.0000	0.0000	0.0000	0.0000	0.0000	0.0793	0.0722	0.0071	0.0502	0.0475	0.0027	0.0291	0.0247	0.0044	0.0041	0.0027	0.0014	0.0022	0.0020	0.0002	0.0019	0.0007	0.0012	0.0253	0.0208	0.0000	0.0247	0.0235	0.0000	0.0000	0.0000	0.0000	0.0001	0.0001	0.0000	0.0001	0.0001	0.0000	0.0000	0.0000	0.0000	
38	107	0.7084	10	2	1	1	0	0	0	0	0	Y	N	N	N	N	N	N	N	N	N	N	N	0.0189	0.0031	0.3864	0.0037	0.0035	0.1037	0.0858	0.5995	0.0000	0.0000	0.0000	0.0000	0.0000	0.0000	0.0000	0.0000	0.0000	0.0002	0.0002	0.0001	0.0003	0.0003	0.0001	0.0001	0.0000	0.0001	4.0152	2.0363	0.0000	0.0000	2.8243	0.4159	1.0201	0.0887	0.0000	0.0000	0.0000	0.0000	0.0000	0.0000	0.0000	0.0000	0.0000	0.0000	0.0000	0.0000	0.0000	0.0000	0.0000	0.0000	0.0000	0.0000	0.0499	0.0457	0.0042	0.0338	0.0320	0.0018	0.0161	0.0138	0.0023	0.0029	0.0020	0.0010	0.0016	0.0014	0.0002	0.0014	0.0005	0.0008	0.0811	0.0358	0.3864	0.0421	0.0371	0.1037	0.1444	0.0000	0.5995	0.0000	0.0000	0.0001	0.0000	0.0000	0.0001	0.0000	0.0000	0.0001	
38	108	0.6922	9	2	1	0	0	0	0	0	0	Y	N	N	N	N	N	N	N	N	N	N	N	0.7598	0.4238	0.0000	0.5446	0.6304	0.9799	0.0046	0.0000	0.0001	0.0001	0.0000	0.0001	0.0001	0.0000	0.0000	0.0000	0.0000	0.0001	0.0001	0.0000	0.0002	0.0002	0.0000	0.0000	0.0002	0.0000	0.0000	0.1082	-0.0000	-0.0000	2.8243	3.9943	1.0201	0.9974	0.0000	0.0000	0.0000	0.0000	0.0000	0.0000	0.0000	0.0000	0.0000	0.0000	0.0000	0.0000	0.0000	0.0000	0.0000	0.0000	0.0000	0.0000	0.3544	0.3200	0.0344	0.2010	0.1890	0.0120	0.1534	0.1310	0.0224	0.0274	0.0173	0.0101	0.0143	0.0128	0.0015	0.0132	0.0045	0.0086	18.2290	14.1039	0.0000	18.8748	17.9639	0.0000	0.9799	2.1065	0.0000	0.0000	0.0000	0.0000	0.0000	0.0000	0.0000	0.0000	0.0000	0.0000	
38	109	0.1234	6	2	1	1	0	0	0	0	0	Y	N	N	N	N	N	N	N	N	N	N	N	inf	inf	inf	inf	0.0001	0.0002	0.0000	0.0003	0.0003	0.0000	0.0000	0.0000	0.0000	0.0000	0.0000	0.0000	0.0000	0.0000	0.0000	0.0000	0.0000	0.0000	0.0000	-0.0000	0.0000	2.8243	0.0000	1.0201	0.9909	0.0000	0.0000	0.0000	0.0000	0.0000	0.0000	0.0000	0.0000	0.0000	0.0000	0.0000	0.0000	0.0000	0.0000	0.0000	0.0000	0.0000	0.0000	0.0000	0.0000	0.0000	0.0000	0.0000	0.0000	0.0000	0.0000	0.0000	0.0100	0.0037	0.0062	0.0005	0.0004	0.0001	0.0095	0.0033	0.0062	inf	inf	0.0000	inf	inf	0.0000	0.0000	0.0000	0.0000	0.0000	0.0000	0.0000	0.0000	0.0000	0.0000	0.0000	0.0000	0.0000						
38	110	0.0948	5	2	1	1	0	0	0	0	0	Y	N	N	N	N	N	N	N	N	N	N	N	inf	inf	inf	inf	0.0003	0.0004	0.0000	0.0046	0.0049	0.0000	0.0000	0.0000	0.0000	0.0000	0.0000	0.0000	0.0000	0.0000	0.0000	0.0000	0.0000	0.0000	0.0000	-0.0000	0.0000	2.8243	4.0000	1.0201	0.0000	0.0001	0.0001	0.0000	0.0001	0.0001	0.0000	0.0000	0.0000	0.0000	0.0000	0.0000	0.0000	0.0000	0.0000	0.0000	0.0000	0.0000	0.0000	0.3097	0.2746	0.0351	0.0217	0.0205	0.0012	0.2880	0.2541	0.0339	0.0350	0.0159	0.0192	0.0083	0.0071	0.0012	0.0267	0.0087	0.0180	inf	inf	0.0000	inf	inf	0.0000	0.0000	0.0000	0.0000	0.0000	0.0000	0.0000	0.0000	0.0000	0.0000	0.0000	0.0000	0.0000						
38	112	0.6968	9	1	1	1	0	0	0	0	0	N	N	N	N	N	N	N	N	N	N	N	N	0.0000	0.0000	0.0000	0.0000	0.0000	0.0000	0.0000	0.0000	0.0000	0.0000	0.0000	0.0000	0.0000	1.2060	1.6822	0.0000	1.7644	1.8196	0.0000	0.0000	0.0000	0.0000	0.0000	0.0000	-0.0000	2.8243	0.0000	1.0201	0.0001	0.0000	0.0000	0.0000	0.0000	0.0000	0.0000	0.0000	0.0000	0.0000	0.0000	0.0000	0.0000	0.0000	0.0000	0.0000	0.0000	0.0000	0.0000	0.0000	0.0000	0.0000	0.0000	0.0000	0.0000	0.0000	0.0000	0.0000	0.0000	0.0000	0.0000	0.0000	0.0000	0.0000	0.0000	0.0000	0.0000	0.0000	0.0000	0.0000	0.0000	0.0000	0.0000	0.0000	0.0000	0.0000	0.0812	0.1184	0.0000	0.1456	0.1594	0.0000	0.0000	0.0000	0.0000						
38	113	0.6509	8	1	1	1	0	0	0	0	0	N	N	N	N	N	N	N	N	N	N	N	N	1.7156	1.3697	1.6064	1.6884	inf	inf	2.8597	3.2003	0.0000	5.2495	5.6337	0.0000	0.0005	0.0006	0.0000	1.6669	2.3364	0.0000	3.2678	3.3367	0.0000	0.0000	0.0000	0.0000	0.0000	0.0000	-0.2617	-0.0077	2.8243	4.0004	1.0201	4.9999	1.0058	1.0058	0.0000	1.0058	1.0058	0.0000	0.0001	0.0001	0.0000	0.0147	0.0147	0.0000	0.0147	0.0147	0.0000	0.0000	0.0000	0.0000	0.3517	0.3143	0.0374	0.1916	0.1785	0.0131	0.1601	0.1358	0.0244	0.0504	0.0297	0.0207	0.0220	0.0194	0.0026	0.0284	0.0103	0.0181	9.8403	6.4883	0.0000	7.8762	7.4458	0.0000	inf	inf	0.0000	0.2906	0.4932	0.0000	0.6665	0.7566	0.0000	0.0000	0.0000	0.0000			
38	114	0.0622	4	1	2	0	0	0	0	0	0	N	Y	N	N	N	N	N	N	N	N	N	N	0.0447	0.5719	0.0000	3.0829	3.2824	0.0000	0.0000	0.0001	0.0000	0.0214	0.0243	0.0000	0.1701	0.1748	0.0000	0.0000	0.0000	0.0000	0.4793	0.0425	0.0584	0.0552	0.0532	0.0000	0.1715	0.0014	0.0230	0.0000	4.8971	-0.0028	0.0004	2.8243	4.3361	1.0201	4.6323	0.0106	0.0106	0.0000	0.0106	0.0106	0.0000	0.0000	0.0000	0.0000	0.0014	0.0002	0.0011	0.0002	0.0002	0.0000	0.0011	0.0000	0.0011	0.4952	0.4364	0.0588	0.0624	0.0607	0.0017	0.4328	0.3756	0.0571	0.1293	0.0665	0.0628	0.0303	0.0276	0.0027	0.0990	0.0389	0.0601	2.0150	6.9390	0.0000	22.2034	20.8150	0.0000	0.0000	0.0061	0.0000	0.0106	0.0035	0.0182	0.0077	0.0084	0.0000	0.0115	0.0000	0.0190
38	116	0.6509	8	1	2	0	1	0	0	0	0	N	Y	N	N	N	N	N	N	N	N	N	N	0.3073	inf	0.0000	inf	inf	0.0000	0.0000	0.0002	0.0002	0.0000	0.0003	0.0004	0.0000	0.0000	0.0000	0.0000	0.0006	0.0000	0.0006	0.0000	0.0000	0.0000	0.0005	0.0000	0.0007	0.0000	inf	-0.0000	0.0000	2.8243	5.0006	1.0201	2.0000	0.0001	0.0001	0.0000	0.0001	0.0001	0.0000	0.0000	0.0000	0.0000	0.0000	0.0000	0.0000	0.0000	0.0000	0.0000	0.0000	0.0000	0.0000	0.4295	0.3838	0.0457	0.2321	0.2163	0.0157	0.1974	0.1675	0.0300	0.0400	0.0235	0.0165	0.0174	0.0153	0.0021	0.0227	0.0082	0.0144	0.7455	inf	0.0000	inf	inf	0.0000	0.0000	0.0000	0.0000	0.0002	0.0000	0.0006	0.0000	0.0000	0.0000	0.0004	0.0000	0.0007		
38	117	0.0948	5	1	2	0	1	0	0	0	0	N	Y	N	N	N	N	N	N	N	N	N	N	0.0000	0.0000	0.0000	0.0000	0.0000	0.0000	0.0000	0.0000	0.0000	0.0000	0.0000	0.0000	0.0000	0.0000	0.0000	0.0000	0.0000	0.0000	0.0000	0.0000	2.8243	0.0000	1.0201	1.0000	0.0000	0.0000	0.0000	0.0000	0.0000	0.0000	0.0000	0.0000	0.0000	0.0000	0.0000	0.0000	0.0000	0.0000	0.0000	0.0000	0.0000	0.0000	0.0000	0.0000	0.0000	0.0000	0.0000	0.0000	0.0000	0.0000	0.0000	0.0130	0.0059	0.0071	0.0032	0.0027	0.0005	0.0098	0.0032	0.0066	0.0000	0.0000	0.0000	0.0000	0.0000	0.0000	0.0000	0.0000	0.0000	0.0000	0.0000	0.0000	0.0000	0.0000	0.0000	0.0000	0.0000	0.0000											
38	118	0.6509	8	1	2	0	0	0	0	0	0	N	Y	N	N	N	N	N	N	N	N	N	N	6393.4208	2150.1580	inf	2953.6050	3016.2747	inf	inf	inf	inf	1.5716	0.9753	6.6292	2.0678	1.8646	5.0288	1.0754	0.0002	7.3300	0.0002	0.0005	0.0000	0.0007	0.0006	0.0000	0.0000	0.0000	0.0000	0.8013	0.0000	0.3346	-0.0000	2.8243	16.9994	1.0201	6.0000	1.8118	1.0058	0.8060	1.1920	1.0058	0.1862	0.6199	0.0001	0.6198	0.0000	0.0000	0.0000	0.0000	0.0000	0.0000	0.0000	0.0000	0.0000	1.1528	1.0313	0.1216	0.5764	0.5394	0.0370	0.5764	0.4919	0.0846	0.1128	0.0672	0.0456	0.0506	0.0444	0.0062	0.0622	0.0228	0.0394	17730.4332	6554.4379	inf	10458.8878	8277.6556	inf	inf	inf	inf	0.0001	0.0001	0.0000	0.0002	0.0002	0.0000	0.0000	0.0000	0.0000
38	119	0.0948	5	1	2	0	0	0	0	0	0	N	Y	N	N	N	N	N	N	N	N	N	N	65.2429	11.8262	0.0000	0.0000	inf	inf	2.6750	3.0147	0.0000	0.0000	0.0000	0.0000	2.8809	3.2631	0.0000	0.0410	0.2549	0.0000	0.1674	0.1975	0.0000	0.0000	0.0000	0.0000	0.0000	0.0000	-0.2602	-0.0001	2.8243	5.0000	1.0201	6.0000	0.9999	0.9999	0.0000	0.0000	0.0000	0.0000	0.9999	0.9999	0.0000	0.0002	0.0002	0.0000	0.0002	0.0002	0.0000	0.0000	0.0000	0.0000	0.3738	0.3317	0.0421	0.0267	0.0253	0.0015	0.3471	0.3064	0.0407	0.0826	0.0369	0.0457	0.0182	0.0155	0.0027	0.0644	0.0214	0.0430	960.9335	483.5023	0.0000	0.0000	0.0000	0.0000	inf	inf	0.0000	0.0028	0.0062	0.0000	0.0127	0.0149	0.0000	0.0000	0.0000	0.0000			
38	120	0.1229	6	1	2	0	0	0	0	0	0	N	Y	N	N	N	N	N	N	N	N	N	N	0.0000	0.0000	0.0835	0.0000	0.0000	0.0207	0.0009	0.0000	0.0056	0.0000	0.0000	0.0000	0.0000	0.0000	0.0001	0.0000	0.0000	0.0000	0.2079	0.5848	0.0002	0.4757	0.4577	0.0033	0.0002	0.0002	0.0002	0.2060	0.0231	-0.0000	-0.0000	2.8243	0.9998	1.0201	0.9486	0.0000	0.0000	0.0000	0.0000	0.0000	0.0000	0.0000	0.0000	0.0000	0.0001	0.0001	0.0000	0.0001	0.0001	0.0000	0.0000	0.0000	0.0000	0.0758	0.0688	0.0070	0.0356	0.0339	0.0017	0.0402	0.0349	0.0054	0.0177	0.0074	0.0104	0.0032	0.0031	0.0001	0.0146	0.0043	0.0103	0.0017	0.0007	0.0835	0.0007	0.0006	0.0274	0.0011	0.0000	0.0056	0.0053	0.0124	0.0002	0.0292	0.0298	0.0025	0.0001	0.0000	0.0002
38	121	0.0948	5	1	2	0	0	0	0	0	0	N	Y	N	N	N	N	N	N	N	N	N	N	0.2630	0.0994	0.9051	0.9627	0.0000	0.0000	0.0002	0.0003	0.0000	0.0034	0.0036	0.0000	0.0000	0.0000	0.0000	0.0009	0.0028	0.0000	0.0037	0.0037	0.0000	0.0000	0.0003	0.0000	0.0000	0.0000	-0.0000	-0.0000	2.8243	3.0005	1.0201	1.1085	0.0001	0.0001	0.0000	0.0001	0.0001	0.0000	0.0000	0.0000	0.0000	0.0000	0.0000	0.0000	0.0000	0.0000	0.0000	0.0000	0.0000	0.0000	0.4062	0.3606	0.0456	0.0293	0.0277	0.0016	0.3769	0.3329	0.0440	0.0613	0.0275	0.0337	0.0140	0.0119	0.0021	0.0473	0.0156	0.0317	0.7330	0.3711	0.0000	2.3234	2.0948	0.0000	0.0000	0.0000	0.0000	0.0003	0.0007	0.0000	0.0015	0.0017	0.0000	0.0000	0.0000	0.0000			
38	122	0.6922	9	1	2	0	0	0	0	0	0	N	Y	N	N	N	N	N	N	N	N	N	N	inf	inf	inf	inf	inf	inf	0.0001	0.0001	0.0000	0.0001	0.0001	0.0000	0.0000	0.0000	0.0000	0.0000	0.0000	0.0000	0.0000	0.0000	0.0000	0.0000	0.0000	0.0000	0.0000	-0.0000	0.0000	2.8243	2.0001	1.0201	3.0000	0.0000	0.0000	0.0000	0.0000	0.0000	0.0000	0.0000	0.0000	0.0000	0.0000	0.0000	0.0000	0.0000	0.0000	0.0000	0.0000	0.0000	0.0000	0.1876	0.1696	0.0181	0.1087	0.1022	0.0065	0.0789	0.0674	0.0116	0.0275	0.0173	0.0102	0.0143	0.0128	0.0015	0.0132	0.0045	0.0087	inf	inf	0.0000	inf	inf	0.0000	inf	inf	0.0000	0.0000	0.0000	0.0000	0.0000	0.0000	0.0000	0.0000	0.0000	0.0000				
38	123	0.6509	8	1	1	0	0	0	0	0	0	N	N	N	N	N	N	N	N	N	N	N	N	401340.8978	214.0659	inf	59057.6070	387.9756	inf	inf	inf	inf	1.7499	0.0116	16.3698	3.2882	0.0206	48.7654	0.0003	0.0003	0.0000	0.0000	0.0001	0.0000	0.0001	0.0001	0.0000	0.0000	0.0000	0.0000	167.7291	0.0000	0.7382	-0.0000	2.8243	6.9986	1.0201	2.0000	1.0059	0.0060	0.9999	1.0058	0.0059	0.9999	0.0001	0.0001	0.0000	0.0000	0.0000	0.0000	0.0000	0.0000	0.0000	0.0000	0.0000	0.0000	0.5748	0.5137	0.0611	0.3059	0.2854	0.0205	0.2689	0.2284	0.0406	0.0504	0.0297	0.0207	0.0220	0.0194	0.0026	0.0284	0.0103	0.0181	29419151.0512	114943.3010	inf	24104075.1531	133083.3499	inf	inf	inf	inf	0.0000	0.0000	0.0000	0.0000	0.0000	0.0000	0.0000	0.0000	0.0000
38	124	0.1283	6	1	2	0	0	0	0	0	0	N	Y	N	N	N	N	N	N	N	N	N	N	8724.0678	10191.7353	0.2612	19919.5947	22679.8370	274.4040	8033.9603	2109.8185	0.0122	1.5957	1.7731	0.0000	4.8782	5.1137	0.0002	0.7766	0.8761	0.0000	0.0002	0.0002	0.0001	0.0002	0.0002	0.0000	0.0001	0.0004	0.0001	0.0000	10.1702	-0.2316	0.0000	2.8243	3.9006	1.0201	3.1543	0.8901	0.8901	0.0000	0.5434	0.5434	0.0000	0.3467	0.3467	0.0000	0.0000	0.0000	0.0000	0.0000	0.0000	0.0000	0.0000	0.0000	0.0000	0.5578	0.5020	0.0558	0.1114	0.1063	0.0051	0.4464	0.3957	0.0507	0.0837	0.0362	0.0476	0.0218	0.0186	0.0033	0.0619	0.0176	0.0443	32876.8959	176250.8227	0.2612	328124.2247	294968.0325	274.4040	12858.8892	367053.8403	0.0122	0.0000	0.0000	0.0001	0.0000	0.0000	0.0000	0.0001	0.0000	0.0001
38	125	0.0948	5	1	2	0	0	0	0	0	0	N	Y	N	N	N	N	N	N	N	N	N	N	4103.1759	1586.8048	157915.7295	0.0244	0.0286	0.0000	3389959.1877	7508.7513	1287240.2830	2.6190	2.9502	0.0440	0.0001	0.0001	0.0000	2.8126	3.1839	0.0455	0.0006	0.0019	0.0000	0.0030	0.0027	0.0000	0.0000	0.0004	0.0000	0.0019	0.0006	-0.1687	-0.0000	2.8243	1.6924	1.0201	1.9110	0.6532	0.6519	0.0012	0.0000	0.0000	0.0000	0.6532	0.6519	0.0012	0.0000	0.0000	0.0000	0.0000	0.0000	0.0000	0.0000	0.0000	0.0000	0.2494	0.2210	0.0284	0.0172	0.0162	0.0009	0.2322	0.2048	0.0275	0.0549	0.0247	0.0302	0.0127	0.0108	0.0019	0.0422	0.0139	0.0283	10050.0955	5099.7318	157915.7295	0.0649	0.0586	0.0000	3389959.1877	1300724.8080	1287240.2830	0.0003	0.0006	0.0000	0.0011	0.0013	0.0000	0.0000	0.0000	0.0000
38	126	0.6509	8	1	2	0	0	0	0	0	0	N	Y	N	N	N	N	N	N	N	N	N	N	0.2664	9.4654	0.0000	1.2030	14.5057	0.0000	0.0000	0.0000	0.0007	0.0008	0.0000	0.0013	0.0014	0.0000	0.0000	0.0000	0.0000	0.0028	0.0001	0.0014	0.0011	0.0001	0.0053	0.0010	0.0000	0.0011	0.0000	1530.6122	-0.0000	0.0000	2.8243	0.9996	1.0201	8.0005	0.0001	0.0001	0.0000	0.0001	0.0001	0.0000	0.0000	0.0000	0.0000	0.0000	0.0000	0.0000	0.0000	0.0000	0.0000	0.0000	0.0000	0.0000	0.0947	0.0846	0.0101	0.0530	0.0493	0.0037	0.0418	0.0354	0.0064	0.0504	0.0297	0.0207	0.0220	0.0194	0.0026	0.0284	0.0103	0.0181	1.2415	1253.9964	0.0000	2.9008	1403.9110	0.0000	0.0000	0.0000	0.0000	0.0006	0.0000	0.0014	0.0005	0.0000	0.0038	0.0007	0.0000	0.0011	
38	127	0.5563	8	1	1	0	0	0	0	0	0	N	N	N	N	N	N	N	N	N	N	N	N	0.0173	0.0128	0.0011	0.0220	0.0226	0.0000	0.5516	0.0421	0.0014	0.0160	0.0179	0.0000	0.0273	0.0294	0.0000	0.0000	0.0000	0.0000	0.9221	1.4051	0.0001	1.2389	1.2978	0.0000	0.0001	0.0012	0.0001	0.0000	0.0005	-0.0017	-0.0022	2.8243	3.6536	1.0201	12.3970	0.0065	0.0065	0.0000	0.0065	0.0065	0.0000	0.0000	0.0000	0.0000	0.0042	0.0042	0.0000	0.0042	0.0042	0.0000	0.0000	0.0000	0.0000	0.4076	0.3629	0.0448	0.2383	0.2214	0.0169	0.1693	0.1414	0.0279	0.1039	0.0615	0.0425	0.0474	0.0417	0.0057	0.0565	0.0198	0.0368	0.3970	0.2639	0.0011	0.3096	0.2931	0.0000	0.9282	2.4969	0.0014	0.0402	0.0680	0.0001	0.0881	0.1002	0.0000	0.0000	0.0000	0.0001
38	128	0.3452	6	1	1	0	0	0	0	0	0	N	N	N	N	N	N	N	N	N	N	N	N	3.6482	1.8646	0.0304	6.2446	6.2928	0.0583	464.1954	51.1233	0.0088	0.1299	0.1455	0.0000	0.1774	0.1898	0.0000	0.0803	0.0945	0.0000	0.0356	0.0780	0.0002	0.0284	0.0302	0.0003	0.0002	0.0018	0.0002	0.0000	0.0347	-0.0212	-0.0002	2.8243	5.3495	1.0201	12.4099	0.0816	0.0816	0.0000	0.0570	0.0570	0.0000	0.0246	0.0246	0.0000	0.0005	0.0005	0.0000	0.0005	0.0005	0.0000	0.0000	0.0000	0.0000	0.6280	0.5609	0.0672	0.3211	0.3002	0.0209	0.3069	0.2607	0.0462	0.2019	0.1183	0.0836	0.0880	0.0769	0.0111	0.1139	0.0414	0.0725	52.0727	35.3508	0.0304	31.9883	30.0924	0.0602	583.7510	2289.6104	0.0088	0.0025	0.0041	0.0002	0.0055	0.0063	0.0003	0.0001	0.0000	0.0002
38	129	0.7624	14	1	2	0	1	0	0	0	0	N	Y	N	N	N	N	N	N	N	N	N	N	0.0000	0.0000	0.0000	0.0000	0.0000	0.0000	0.0000	0.0000	0.0000	0.0000	0.0000	0.0000	0.0000	0.0000	0.0000	0.0000	0.0000	0.0000	0.0000	0.0000	2.8243	0.0000	1.0201	0.0000	0.0000	0.0000	0.0000	0.0000	0.0000	0.0000	0.0000	0.0000	0.0000	0.0000	0.0000	0.0000	0.0000	0.0000	0.0000	0.0000	0.0000	0.0000	0.0000	0.0000	0.0000	0.0000	0.0000	0.0000	0.0000	0.0000	0.0000	0.0000	0.0000	0.0000	0.0000	0.0000	0.0000	0.0000	0.0000	0.0000	0.0000	0.0000	0.0000	0.0000	0.0000	0.0000	0.0000	0.0000	0.0000	0.0000	0.0000	0.0000	0.0000	0.0000	0.0000	0.0000	0.0000	0.0000											
38	130	0.7461	13	1	2	0	1	0	0	0	0	N	Y	N	N	N	N	N	N	N	N	N	N	0.0000	0.0000	0.0000	0.0000	0.0000	0.0000	0.0000	0.0000	0.0000	0.0000	0.0000	0.0000	0.0000	0.0369	0.0000	0.0126	0.0000	0.0000	0.0000	0.0415	0.0000	0.0085	inf	0.0000	0.0000	2.8243	0.0000	1.0201	3.0001	0.0000	0.0000	0.0000	0.0000	0.0000	0.0000	0.0000	0.0000	0.0000	0.0000	0.0000	0.0000	0.0000	0.0000	0.0000	0.0000	0.0000	0.0000	0.0000	0.0000	0.0000	0.0000	0.0000	0.0000	0.0000	0.0000	0.0000	0.0153	0.0097	0.0056	0.0079	0.0070	0.0009	0.0074	0.0027	0.0047	0.0000	0.0000	0.0000	0.0000	0.0000	0.0000	0.0000	0.0000	0.0000	0.0026	0.0000	0.0071	0.0000	0.0000	0.0000	0.0054	0.0000	0.0085						
38	131	0.7364	12	1	2	0	0	0	0	0	0	N	Y	N	N	N	N	N	N	N	N	N	N	0.0000	0.0000	0.0000	0.0000	0.0000	0.0000	0.0000	0.0000	0.0000	0.0000	0.0000	0.0000	0.0000	0.0000	0.0000	0.0000	0.0000	0.0000	0.0000	0.0000	2.8243	0.0000	1.0201	0.0000	0.0000	0.0000	0.0000	0.0000	0.0000	0.0000	0.0000	0.0000	0.0000	0.0000	0.0000	0.0000	0.0000	0.0000	0.0000	0.0000	0.0000	0.0000	0.0000	0.0000	0.0000	0.0000	0.0000	0.0000	0.0000	0.0000	0.0000	0.0000	0.0000	0.0000	0.0000	0.0000	0.0000	0.0000	0.0000	0.0000	0.0000	0.0000	0.0000	0.0000	0.0000	0.0000	0.0000	0.0000	0.0000	0.0000	0.0000	0.0000	0.0000	0.0000	0.0000	0.0000	0.0000	0.0000											
38	132	0.7461	13	1	1	1	1	0	0	0	0	N	N	N	N	N	N	N	N	N	N	N	N	0.0000	0.0000	0.0000	0.0000	0.0000	0.0000	0.0000	0.0000	0.0000	0.0000	0.0000	0.0000	0.0000	0.0000	0.0000	0.0000	0.0000	0.0000	0.0000	0.0000	2.8243	0.0000	1.0201	1.9999	0.0000	0.0000	0.0000	0.0000	0.0000	0.0000	0.0000	0.0000	0.0000	0.0000	0.0000	0.0000	0.0000	0.0000	0.0000	0.0000	0.0000	0.0000	0.0000	0.0000	0.0000	0.0000	0.0000	0.0000	0.0000	0.0000	0.0000	0.0103	0.0065	0.0038	0.0053	0.0047	0.0006	0.0050	0.0018	0.0032	0.0000	0.0000	0.0000	0.0000	0.0000	0.0000	0.0000	0.0000	0.0000	0.0000	0.0000	0.0000	0.0000	0.0000	0.0000	0.0000	0.0000	0.0000											
38	133	0.7571	14	1	1	1	1	0	0	0	0	N	N	N	N	N	N	N	N	N	N	N	N	0.0000	0.0000	0.0000	0.0000	0.0000	0.0000	0.0000	0.0000	0.0000	0.0000	0.0000	0.0000	0.0000	0.0000	0.0000	0.0000	0.0000	0.0000	0.0000	0.0000	2.8243	1.0000	1.0201	0.0000	0.0000	0.0000	0.0000	0.0000	0.0000	0.0000	0.0000	0.0000	0.0000	0.0000	0.0000	0.0000	0.0000	0.0000	0.0000	0.0000	0.0000	0.0000	0.1003	0.0910	0.0093	0.0631	0.0593	0.0038	0.0371	0.0316	0.0055	0.0049	0.0031	0.0018	0.0024	0.0022	0.0002	0.0025	0.0009	0.0016	0.0000	0.0000	0.0000	0.0000	0.0000	0.0000	0.0000	0.0000	0.0000	0.0000	0.0000	0.0000	0.0000	0.0000	0.0000	0.0000	0.0000	0.0000											
38	134	0.7571	14	1	1	1	1	0	0	0	0	N	N	N	N	N	N	N	N	N	N	N	N	0.0000	0.0000	0.0000	0.0000	0.0000	0.0000	0.0000	0.0000	0.0000	0.0000	0.0000	0.0000	0.0000	0.0000	0.0000	0.0000	0.0000	0.0000	0.0000	0.0000	2.8243	0.0000	1.0201	0.0000	0.0000	0.0000	0.0000	0.0000	0.0000	0.0000	0.0000	0.0000	0.0000	0.0000	0.0000	0.0000	0.0000	0.0000	0.0000	0.0000	0.0000	0.0000	0.0000	0.0000	0.0000	0.0000	0.0000	0.0000	0.0000	0.0000	0.0000	0.0000	0.0000	0.0000	0.0000	0.0000	0.0000	0.0000	0.0000	0.0000	0.0000	0.0000	0.0000	0.0000	0.0000	0.0000	0.0000	0.0000	0.0000	0.0000	0.0000	0.0000	0.0000	0.0000	0.0000	0.0000	0.0000	0.0000											
38	135	0.7461	13	1	1	1	1	0	0	0	0	N	N	N	N	N	N	N	N	N	N	N	N	543.0745	inf	0.0000	inf	inf	0.0000	0.0000	0.0069	0.0076	0.0000	0.0112	0.0119	0.0000	0.0000	0.0000	0.0000	0.0000	0.0000	0.0000	0.0000	0.0000	0.0000	0.0000	0.0000	0.0000	0.0000	inf	-0.0004	0.0000	2.8243	2.0025	1.0201	0.9943	0.0014	0.0014	0.0000	0.0014	0.0014	0.0000	0.0000	0.0000	0.0000	0.0000	0.0000	0.0000	0.0000	0.0000	0.0000	0.0000	0.0000	0.0000	0.1981	0.1796	0.0185	0.1229	0.1154	0.0074	0.0752	0.0642	0.0111	0.0153	0.0097	0.0056	0.0079	0.0070	0.0009	0.0074	0.0027	0.0047	52842.0467	inf	0.0000	inf	inf	0.0000	0.0000	0.0000	0.0000	0.0000	0.0000	0.0000	0.0000	0.0000	0.0000	0.0000	0.0000	0.0000		
38	136	0.7461	12	1	1	0	1	0	0	0	0	N	N	N	N	N	N	N	N	N	N	N	N	1.6278	1.1019	0.2069	0.6090	0.7769	inf	8.5714	inf	0.0000	0.0002	0.0003	0.0000	0.0002	0.0002	0.0000	0.0005	0.0006	0.0000	0.0002	0.0003	0.0000	0.0004	0.0003	0.0000	0.0001	0.0000	0.0000	0.0040	0.9999	-0.0000	-0.0000	2.8243	0.0050	1.0201	0.0173	0.0000	0.0000	0.0000	0.0000	0.0000	0.0000	0.0000	0.0000	0.0000	0.0000	0.0000	0.0000	0.0000	0.0000	0.0000	0.0000	0.0000	0.0000	0.0020	0.0018	0.0002	0.0018	0.0016	0.0002	0.0002	0.0002	0.0000	0.0001	0.0001	0.0000	0.0001	0.0001	0.0000	0.0001	0.0000	0.0000	7.4693	10.4821	0.2069	5.6925	6.7301	inf	18.2008	inf	0.0000	0.0000	0.0000	0.0000	0.0000	0.0000	0.0000	0.0000	0.0000	0.0000
38	137	0.7364	11	1	1	0	1	0	0	0	0	N	N	N	N	N	N	N	N	N	N	N	N	45.4546	11.2814	inf	16.0120	19.1723	inf	0.0006	0.0007	0.0000	0.0011	0.0012	0.0000	0.0000	0.0000	0.0000	0.0000	0.0001	0.0000	0.0001	0.0001	0.0000	0.0000	0.0000	0.0000	0.0000	0.0000	-0.0000	-0.0000	2.8243	1.9972	1.0201	1.0076	0.0001	0.0001	0.0000	0.0001	0.0001	0.0000	0.0000	0.0000	0.0000	0.0000	0.0000	0.0000	0.0000	0.0000	0.0000	0.0000	0.0000	0.0000	0.1636	0.1468	0.0168	0.0904	0.0844	0.0060	0.0732	0.0624	0.0108	0.0144	0.0093	0.0051	0.0079	0.0070	0.0009	0.0064	0.0023	0.0042	4382.8409	3158.1150	inf	4384.8664	4158.1556	inf	0.0000	0.0000	0.0000	0.0000	0.0000	0.0000	0.0000	0.0000	0.0000	0.0000	0.0000	0.0000			
38	138	0.7192	10	2	2	0	0	0	0	0	0	Y	Y	N	N	N	N	N	N	N	N	N	N	6.7181	0.0000	444.8014	4.1912	0.0000	129.5798	142.7281	671.3136	0.0117	0.0000	0.0972	0.0085	0.0000	0.1386	0.0157	0.0000	0.0811	0.0017	0.0019	0.0002	0.0020	0.0016	0.0011	0.0001	0.0000	0.0001	inf	0.1911	0.0000	-0.0000	2.8243	0.0002	1.0201	2.3255	0.0000	0.0000	0.0000	0.0000	0.0000	0.0000	0.0000	0.0000	0.0000	0.0000	0.0000	0.0000	0.0000	0.0000	0.0000	0.0000	0.0000	0.0000	0.0000	0.0000	0.0000	0.0000	0.0000	0.0000	0.0000	0.0000	0.0000	0.0168	0.0111	0.0057	0.0082	0.0075	0.0007	0.0086	0.0036	0.0050	25.4982	0.0000	444.8014	9.8171	0.0000	156.2640	225.1897	0.0000	671.3136	0.0005	0.0006	0.0002	0.0009	0.0009	0.0009	0.0001	0.0000	0.0001	
38	139	0.7013	9	2	2	0	0	0	0	0	0	Y	Y	N	N	N	N	N	N	N	N	N	N	0.0607	0.0277	0.0000	0.1673	0.1841	0.0000	8.7180	0.3250	0.0000	0.0039	0.0043	0.0000	0.0067	0.0071	0.0000	0.0001	0.0001	0.0000	0.0641	0.1561	0.0000	0.0400	0.0388	0.0000	0.0000	0.0004	0.0000	0.0000	0.0020	-0.0002	-0.0001	2.8243	2.0138	1.0201	2.7349	0.0008	0.0008	0.0000	0.0007	0.0007	0.0000	0.0000	0.0000	0.0000	0.0001	0.0001	0.0000	0.0001	0.0001	0.0000	0.0000	0.0000	0.0000	0.1932	0.1738	0.0194	0.1107	0.1038	0.0068	0.0825	0.0700	0.0125	0.0338	0.0205	0.0133	0.0160	0.0146	0.0014	0.0178	0.0059	0.0119	1.2437	0.8395	0.0000	1.0171	0.9880	0.0000	10.5440	56.5367	0.0000	0.0031	0.0051	0.0000	0.0066	0.0072	0.0000	0.0000	0.0000	0.0000
38	140	0.7178	10	1	2	0	0	0	0	0	0	N	Y	N	N	N	N	N	N	N	N	N	N	45.0025	113.9463	0.0000	40.3754	152.9575	0.0000	0.7535	inf	0.0000	0.0058	0.0062	0.0000	0.0077	0.0080	0.0000	0.0001	0.0001	0.0000	0.0001	0.0001	0.0001	0.0002	0.0001	0.0001	0.0001	0.0000	0.0001	0.0000	302.2000	-0.0006	0.0000	2.8243	1.9232	1.0201	1.1116	0.0021	0.0021	0.0000	0.0021	0.0021	0.0000	0.0000	0.0000	0.0000	0.0000	0.0000	0.0000	0.0000	0.0000	0.0000	0.0000	0.0000	0.0000	0.3669	0.3420	0.0249	0.2745	0.2626	0.0119	0.0924	0.0794	0.0130	0.0152	0.0098	0.0054	0.0083	0.0074	0.0009	0.0069	0.0024	0.0044	288.1301	60443.9763	0.0000	1064.3453	59128.6484	0.0000	1.4597	inf	0.0000	0.0000	0.0000	0.0001	0.0000	0.0000	0.0001	0.0000	0.0000	0.0001
38	141	0.1140	6	1	2	0	0	0	0	0	0	N	Y	N	N	N	N	N	N	N	N	N	N	inf	inf	inf	inf	inf	inf	inf	inf	2.3072	2.5728	0.1261	0.0755	0.0000	1.2051	2.7669	3.1360	0.0082	0.0000	0.0000	0.0000	0.0000	0.0000	0.0000	0.0000	0.0000	0.0000	0.0060	-0.2558	0.0000	2.8243	3.0000	1.0201	1.0000	1.0059	0.9999	0.0060	0.0056	0.0000	0.0056	1.0003	0.9999	0.0003	0.0000	0.0000	0.0000	0.0000	0.0000	0.0000	0.0000	0.0000	0.0000	0.4360	0.3887	0.0473	0.0745	0.0698	0.0047	0.3615	0.3189	0.0427	0.0562	0.0269	0.0293	0.0137	0.0117	0.0020	0.0425	0.0152	0.0273	inf	inf	inf	inf	0.0000	inf	inf	inf	inf	0.0000	0.0000	0.0000	0.0000	0.0000	0.0000	0.0000	0.0000	0.0000		
38	142	0.0948	5	1	1	0	0	0	0	0	0	N	N	N	N	N	N	N	N	N	N	N	N	inf	inf	inf	inf	0.0386	0.0436	0.0000	0.5768	0.6106	0.0000	0.0000	0.0000	0.0000	0.0000	0.0000	0.0000	0.0000	0.0000	0.0000	0.0000	0.0000	0.0000	0.0000	-0.0016	0.0000	2.8243	1.0000	1.0201	1.0000	0.0060	0.0060	0.0000	0.0060	0.0060	0.0000	0.0000	0.0000	0.0000	0.0000	0.0000	0.0000	0.0000	0.0000	0.0000	0.0000	0.0000	0.0000	0.1546	0.1368	0.0178	0.0104	0.0098	0.0006	0.1442	0.1271	0.0172	0.0325	0.0147	0.0178	0.0078	0.0066	0.0011	0.0248	0.0081	0.0167	inf	inf	0.0000	inf	inf	0.0000	0.0000	0.0000	0.0000	0.0000	0.0000	0.0000	0.0000	0.0000	0.0000	0.0000	0.0000	0.0000						
38	145	0.7364	12	2	2	0	0	0	0	0	0	Y	Y	N	N	N	N	N	N	N	N	N	N	0.0000	0.0000	0.0000	0.0000	0.0000	0.0000	0.0000	0.0000	0.0000	0.0000	0.0000	0.0000	0.0000	0.0000	0.0000	0.0000	0.0000	0.0000	0.0000	0.0000	2.8243	1.0000	1.0201	1.0000	0.0000	0.0000	0.0000	0.0000	0.0000	0.0000	0.0000	0.0000	0.0000	0.0000	0.0000	0.0000	0.0000	0.0000	0.0000	0.0000	0.0000	0.0000	0.0837	0.0751	0.0086	0.0465	0.0435	0.0031	0.0372	0.0317	0.0055	0.0097	0.0062	0.0034	0.0053	0.0047	0.0006	0.0043	0.0015	0.0028	0.0000	0.0000	0.0000	0.0000	0.0000	0.0000	0.0000	0.0000	0.0000	0.0000	0.0000	0.0000	0.0000	0.0000	0.0000	0.0000	0.0000	0.0000											
38	146	0.7364	11	1	2	0	0	0	0	0	0	N	Y	N	N	N	N	N	N	N	N	N	N	inf	inf	inf	inf	inf	inf	0.0001	0.0001	0.0000	0.0001	0.0001	0.0000	0.0005	0.0005	0.0000	0.0000	0.0000	0.0000	0.0000	0.0000	0.0000	0.0000	0.0000	0.0000	0.0000	-0.0000	0.0000	2.8243	0.0003	1.0201	0.0000	0.0000	0.0000	0.0000	0.0000	0.0000	0.0000	0.0000	0.0000	0.0000	0.0000	0.0000	0.0000	0.0000	0.0000	0.0000	0.0000	0.0000	0.0000	0.0002	0.0002	0.0000	0.0002	0.0001	0.0000	0.0000	0.0000	0.0000	0.0000	0.0000	0.0000	0.0000	0.0000	0.0000	0.0000	0.0000	0.0000	inf	inf	0.0000	inf	inf	0.0000	inf	inf	0.0000	0.0000	0.0000	0.0000	0.0000	0.0000	0.0000	0.0000	0.0000	0.0000				
38	147	0.7178	10	1	1	0	0	0	0	0	0	N	N	N	N	N	N	N	N	N	N	N	N	16318.4004	25134.9764	0.8510	16217.4436	33919.2424	1.8785	0.6423	inf	0.0000	1.7611	1.9253	0.0000	2.6944	2.8481	0.0001	0.0000	0.0000	0.0000	0.0001	0.0001	0.0000	0.0002	0.0001	0.0000	0.0000	0.0000	0.0000	0.0000	33.2088	-0.2600	0.0000	2.8243	4.9449	1.0201	1.0063	0.9994	0.9994	0.0000	0.9994	0.9994	0.0000	0.0000	0.0000	0.0000	0.0000	0.0000	0.0000	0.0000	0.0000	0.0000	0.0000	0.0000	0.0000	0.5675	0.5191	0.0484	0.3709	0.3509	0.0200	0.1966	0.1682	0.0284	0.0285	0.0185	0.0101	0.0157	0.0139	0.0018	0.0129	0.0046	0.0083	161473.2840	3903587.6525	0.8510	626886.7464	4337575.6860	1.8785	1.2862	inf	0.0000	0.0000	0.0000	0.0000	0.0000	0.0000	0.0000	0.0000	0.0000	0.0000
38	148	0.7013	9	1	1	0	0	0	0	0	0	N	N	N	N	N	N	N	N	N	N	N	N	12.7966	50.9630	0.0111	30.7474	69.1576	0.0137	0.6419	inf	0.0019	0.0096	0.0107	0.0000	0.0176	0.0188	0.0000	0.0003	0.0004	0.0000	0.0007	0.0002	0.0007	0.0006	0.0003	0.0016	0.0005	0.0000	0.0006	0.0001	26.4176	-0.0007	0.0000	2.8243	3.4778	1.0201	1.2917	0.0028	0.0028	0.0000	0.0028	0.0028	0.0000	0.0000	0.0000	0.0000	0.0000	0.0000	0.0000	0.0000	0.0000	0.0000	0.0000	0.0000	0.0000	0.2979	0.2668	0.0311	0.1591	0.1490	0.0101	0.1388	0.1178	0.0210	0.0339	0.0206	0.0134	0.0161	0.0147	0.0014	0.0179	0.0059	0.0119	32.8633	609.8514	0.0111	126.4488	766.2751	0.0167	0.7026	inf	0.0019	0.0003	0.0000	0.0007	0.0001	0.0000	0.0013	0.0004	0.0000	0.0006
38	149	0.6509	8	1	1	0	0	0	0	0	0	N	N	N	N	N	N	N	N	N	N	N	N	918.7244	622.9130	1466.1070	1152.8439	1312.9328	inf	1601.8431	inf	11.8699	1.5939	1.7832	0.0003	3.0127	3.2281	0.0008	0.0002	0.0003	0.0000	0.0017	0.0029	0.0000	0.0026	0.0025	0.0000	0.0000	0.0000	0.0000	0.0000	0.0002	-0.2613	-0.0000	2.8243	7.8050	1.0201	4.0035	1.0042	1.0042	0.0000	1.0041	1.0041	0.0000	0.0001	0.0001	0.0000	0.0000	0.0000	0.0000	0.0000	0.0000	0.0000	0.0000	0.0000	0.0000	0.6300	0.5631	0.0669	0.3333	0.3111	0.0222	0.2967	0.2521	0.0447	0.0644	0.0380	0.0264	0.0282	0.0249	0.0034	0.0361	0.0132	0.0230	3483.6169	2302.5257	1466.1070	2889.3216	2725.1187	inf	1601.8431	inf	11.8699	0.0005	0.0008	0.0000	0.0010	0.0012	0.0000	0.0000	0.0000	0.0000
38	150	0.5563	8	1	1	0	0	0	0	0	0	N	N	N	N	N	N	N	N	N	N	N	N	0.0016	0.0000	1935.2183	1.6746	0.0043	4806.3281	0.0000	0.0000	5.5354	0.0144	0.0000	0.1307	0.0245	0.0001	0.3461	0.0001	0.0000	0.0004	8.9110	15.1090	0.0001	0.0147	0.0149	0.0001	16.3504	46.7912	0.0001	366.1198	0.0000	0.0044	-0.5195	2.8243	3.7255	1.0201	14.1767	0.0059	0.0000	0.0059	0.0059	0.0000	0.0059	0.0000	0.0000	0.0000	0.9954	0.9954	0.0000	0.0002	0.0002	0.0000	0.9952	0.9952	0.0000	0.4132	0.3679	0.0453	0.2415	0.2244	0.0171	0.1718	0.1435	0.0282	0.1117	0.0659	0.0458	0.0508	0.0446	0.0062	0.0609	0.0213	0.0396	0.0016	0.0000	1935.2183	6.4369	0.0147	4806.3281	0.0000	0.0000	5.5354	8.9110	15.1090	0.0001	0.0038	0.0043	0.0001	16.3504	46.7912	0.0001
38	151	0.5399	7	1	1	0	0	0	0	0	0	N	N	N	N	N	N	N	N	N	N	N	N	0.0221	0.0087	85.1607	2.4210	1.5785	54.5606	0.0002	0.0000	0.7292	0.0255	0.0145	0.1114	0.0443	0.0240	0.3355	0.0002	0.0001	0.0007	1.1520	1.6754	0.0013	0.0183	0.0152	0.0061	1.1906	3.7340	0.0010	0.9800	0.0072	0.0013	-0.0022	2.8243	1.4205	1.0201	4.0377	0.0055	0.0028	0.0027	0.0055	0.0028	0.0027	0.0000	0.0000	0.0000	0.0043	0.0043	0.0000	0.0001	0.0001	0.0000	0.0042	0.0042	0.0000	0.2173	0.1927	0.0246	0.1244	0.1163	0.0081	0.0929	0.0764	0.0165	0.0606	0.0370	0.0236	0.0286	0.0263	0.0023	0.0320	0.0107	0.0213	0.3593	0.1258	85.1607	10.1044	5.4481	78.7769	0.0018	0.0003	0.7292	0.0709	0.1154	0.0013	0.0044	0.0044	0.0043	0.1305	0.3884	0.0010
39	40	0.6698	6	0	2	0	0	0	0	0	0	N	Y	N	N	N	N	N	N	N	N	N	N	0.0000	0.0000	0.0000	0.0000	0.0000	0.0000	0.0000	0.0000	0.0000	0.0000	0.0000	0.0000	0.0000	0.0000	0.0000	0.0000	0.0000	0.0000	0.0000	0.0000	5.0001	0.0000	5.0000	2.0000	0.0000	0.0000	0.0000	0.0000	0.0000	0.0000	0.0000	0.0000	0.0000	0.0000	0.0000	0.0000	0.0000	0.0000	0.0000	0.0000	0.0000	0.0000	0.0000	0.0000	0.0000	0.0000	0.0000	0.0000	0.0000	0.0000	0.0000	0.0262	0.0162	0.0100	0.0148	0.0127	0.0021	0.0115	0.0035	0.0080	0.0000	0.0000	0.0000	0.0000	0.0000	0.0000	0.0000	0.0000	0.0000	0.0000	0.0000	0.0000	0.0000	0.0000	0.0000	0.0000	0.0000	0.0000											
39	42	0.7359	10	0	2	1	1	0	0	0	0	N	Y	N	N	N	N	N	N	N	N	N	N	0.6894	inf	0.0000	49.0712	inf	0.0000	1.2112	inf	0.0000	1.5373	1.6931	0.0000	0.4293	0.4577	0.0000	3.6040	4.2303	0.0000	2.2299	0.0000	10.6456	0.0087	0.0000	0.0777	2.9755	0.0000	9.9938	0.0000	inf	-0.0001	0.0067	5.0001	0.0011	5.0000	1.0134	0.0006	0.0006	0.0000	0.0001	0.0001	0.0000	0.0004	0.0004	0.0000	0.0140	0.0000	0.0140	0.0000	0.0000	0.0000	0.0139	0.0000	0.0139	0.0004	0.0003	0.0000	0.0002	0.0002	0.0000	0.0001	0.0001	0.0000	0.0154	0.0099	0.0056	0.0077	0.0070	0.0006	0.0078	0.0028	0.0049	1.6975	inf	0.0000	164.4736	inf	0.0000	2.0046	inf	0.0000	0.9056	0.0000	2.5124	0.0026	0.0000	0.0321	1.7979	0.0000	2.8259
39	43	0.7140	9	0	1	0	1	0	0	0	0	N	N	N	N	N	N	N	N	N	N	N	N	1.0503	0.8779	0.0000	0.2441	0.2633	23.8648	19367.1082	0.0000	1.8884	2.0923	0.0000	0.8053	0.8566	0.0000	3.2753	3.8336	0.0000	1.7979	2.3833	0.0412	3.2986	3.2538	0.0000	0.1372	0.0002	0.0164	0.0000	0.0141	-0.2119	-0.0072	5.0001	2.8187	5.0000	0.0347	0.8146	0.8146	0.0000	0.1951	0.1951	0.0000	0.6195	0.6195	0.0000	0.0142	0.0140	0.0002	0.0140	0.0140	0.0000	0.0002	0.0000	0.0002	0.4314	0.3893	0.0420	0.2422	0.2277	0.0145	0.1891	0.1616	0.0275	0.0398	0.0252	0.0146	0.0208	0.0186	0.0022	0.0190	0.0067	0.0124	5.3098	3.7842	0.0000	1.1984	1.1406	0.0000	315.6286	7091768.4713	0.0000	0.3556	0.5529	0.0136	0.6720	0.7510	0.0000	0.0104	0.0000	0.0160	
39	44	0.7014	8	0	1	0	0	0	0	0	0	N	N	N	N	N	N	N	N	N	N	N	N	3.9261	3.0025	24.2854	0.0000	0.0000	1517.7842	inf	26.1661	1.5057	1.6332	0.0279	0.0000	0.0000	0.0000	3.4392	3.9602	0.0381	0.3835	0.5439	0.0012	0.1771	0.1826	0.0000	0.0023	0.0000	0.0015	0.0015	0.0500	-0.0984	-0.0001	5.0001	0.9605	5.0000	1.0076	0.3802	0.3797	0.0006	0.0000	0.0000	0.0000	0.3802	0.3796	0.0006	0.0002	0.0002	0.0000	0.0002	0.0002	0.0000	0.0000	0.0000	0.0000	0.2525	0.2325	0.0200	0.1420	0.1366	0.0054	0.1106	0.0959	0.0147	0.0258	0.0172	0.0087	0.0157	0.0138	0.0018	0.0102	0.0033	0.0069	185.3502	140.1035	24.2854	0.0000	0.0000	0.0000	3504.3068	inf	26.1661	0.0081	0.0117	0.0012	0.0128	0.0145	0.0000	0.0010	0.0000	0.0015	
39	45	0.1445	5	0	2	1	1	0	0	0	0	N	Y	N	N	N	N	N	N	N	N	N	N	0.0000	0.0000	0.0000	0.0000	0.0000	0.0000	0.0000	0.0000	0.0000	0.0000	0.0000	0.0000	0.0000	29.5786	0.0000	55.4751	0.0000	0.0000	0.0000	30.8591	0.0000	59.0735	inf	0.0000	0.4781	5.0001	1.0000	5.0000	1.0000	0.0000	0.0000	0.0000	0.0000	0.0000	0.0000	0.0000	0.0000	0.0000	1.0000	0.0000	1.0000	0.0000	0.0000	0.0000	1.0000	0.0000	1.0000	0.1589	0.1431	0.0158	0.0775	0.0728	0.0047	0.0814	0.0703	0.0111	0.0338	0.0158	0.0180	0.0014	0.0014	0.0000	0.0324	0.0144	0.0180	0.0000	0.0000	0.0000	0.0000	0.0000	0.0000	0.0000	0.0000	0.0000	29.5786	0.0000	55.4751	0.0000	0.0000	0.0000	30.8591	0.0000	55.5655						
39	46	0.6474	5	0	2	0	0	0	0	0	0	N	Y	N	N	N	N	N	N	N	N	N	N	0.0000	0.0000	0.0000	0.0000	0.0000	0.0000	0.0000	0.0000	0.0000	0.0000	0.0000	0.0000	0.0000	0.0000	0.0000	0.0000	0.0000	0.0000	0.0000	0.0000	5.0001	0.0000	5.0000	0.0000	0.0000	0.0000	0.0000	0.0000	0.0000	0.0000	0.0000	0.0000	0.0000	0.0000	0.0000	0.0000	0.0000	0.0000	0.0000	0.0000	0.0000	0.0000	0.0000	0.0000	0.0000	0.0000	0.0000	0.0000	0.0000	0.0000	0.0000	0.0000	0.0000	0.0000	0.0000	0.0000	0.0000	0.0000	0.0000	0.0000	0.0000	0.0000	0.0000	0.0000	0.0000	0.0000	0.0000	0.0000	0.0000	0.0000	0.0000	0.0000	0.0000	0.0000	0.0000	0.0000	0.0000	0.0000											
39	47	0.7014	8	0	2	0	1	0	0	0	0	N	Y	N	N	N	N	N	N	N	N	N	N	0.0000	0.0000	0.0000	0.0000	0.0000	0.0000	0.0000	0.0000	0.0000	0.0000	0.0000	0.0000	0.0000	0.0000	0.0000	0.0000	0.0000	0.0000	0.0000	0.0000	5.0001	0.0000	5.0000	1.0000	0.0000	0.0000	0.0000	0.0000	0.0000	0.0000	0.0000	0.0000	0.0000	0.0000	0.0000	0.0000	0.0000	0.0000	0.0000	0.0000	0.0000	0.0000	0.1190	0.1120	0.0071	0.0595	0.0595	0.0000	0.0595	0.0524	0.0071	0.0140	0.0094	0.0046	0.0084	0.0075	0.0009	0.0056	0.0019	0.0037	0.0000	0.0000	0.0000	0.0000	0.0000	0.0000	0.0000	0.0000	0.0000	0.0000	0.0000	0.0000	0.0000	0.0000	0.0000	0.0000	0.0000	0.0000											
39	48	0.6474	5	1	2	0	0	0	0	0	0	N	Y	N	N	N	N	N	N	N	N	N	N	0.0000	0.0000	0.0000	0.0000	0.0000	0.0000	0.0000	0.0000	0.0000	0.0000	0.0000	0.0000	0.0000	0.0000	0.0000	0.0000	0.0000	0.0000	0.0000	0.0000	5.0001	0.0000	5.0000	4.0000	0.0000	0.0000	0.0000	0.0000	0.0000	0.0000	0.0000	0.0000	0.0000	0.0000	0.0000	0.0000	0.0000	0.0000	0.0000	0.0000	0.0000	0.0000	0.0000	0.0000	0.0000	0.0000	0.0000	0.0000	0.0000	0.0000	0.0000	0.0249	0.0139	0.0110	0.0124	0.0105	0.0018	0.0125	0.0034	0.0091	0.0000	0.0000	0.0000	0.0000	0.0000	0.0000	0.0000	0.0000	0.0000	0.0000	0.0000	0.0000	0.0000	0.0000	0.0000	0.0000	0.0000	0.0000											
39	49	0.7221	9	0	1	1	0	0	0	0	0	N	N	N	N	N	N	N	N	N	N	N	N	0.0000	0.0000	0.0000	0.0000	0.0000	0.0000	0.0000	0.0000	0.0000	0.0000	0.0000	0.0000	0.0000	0.0000	0.0000	0.0000	0.0000	0.0000	0.0000	0.0000	5.0001	0.0000	5.0000	0.0000	0.0000	0.0000	0.0000	0.0000	0.0000	0.0000	0.0000	0.0000	0.0000	0.0000	0.0000	0.0000	0.0000	0.0000	0.0000	0.0000	0.0000	0.0000	0.0000	0.0000	0.0000	0.0000	0.0000	0.0000	0.0000	0.0000	0.0000	0.0000	0.0000	0.0000	0.0000	0.0000	0.0000	0.0000	0.0000	0.0000	0.0000	0.0000	0.0000	0.0000	0.0000	0.0000	0.0000	0.0000	0.0000	0.0000	0.0000	0.0000	0.0000	0.0000	0.0000	0.0000	0.0000	0.0000											
39	50	0.1535	4	0	1	1	0	0	0	0	0	N	N	N	N	N	N	N	N	N	N	N	N	0.0000	0.0000	0.0000	0.0000	0.0000	0.0000	0.0000	0.0000	0.0000	0.0000	0.0000	0.0000	0.0000	0.0000	0.0000	0.0000	0.0000	0.0000	0.0000	0.0000	5.0001	1.0000	5.0000	1.0000	0.0000	0.0000	0.0000	0.0000	0.0000	0.0000	0.0000	0.0000	0.0000	0.0000	0.0000	0.0000	0.0000	0.0000	0.0000	0.0000	0.0000	0.0000	0.1484	0.1332	0.0152	0.0650	0.0610	0.0040	0.0834	0.0722	0.0112	0.0343	0.0163	0.0180	0.0027	0.0024	0.0003	0.0316	0.0139	0.0177	0.0000	0.0000	0.0000	0.0000	0.0000	0.0000	0.0000	0.0000	0.0000	0.0000	0.0000	0.0000	0.0000	0.0000	0.0000	0.0000	0.0000	0.0000											
39	51	0.1580	4	0	2	0	0	0	0	0	0	N	Y	N	N	N	N	N	N	N	N	N	N	0.0000	0.0000	0.0000	0.0000	0.0000	0.0000	0.0000	0.0000	0.0000	0.0000	0.0000	0.0000	0.0000	0.0008	0.0011	0.0000	0.0023	0.0018	0.0000	0.0000	0.0000	0.0000	0.0000	0.0000	-0.0000	5.0001	0.0003	5.0000	0.9690	0.0000	0.0000	0.0000	0.0000	0.0000	0.0000	0.0000	0.0000	0.0000	0.0000	0.0000	0.0000	0.0000	0.0000	0.0000	0.0000	0.0000	0.0000	0.0002	0.0002	0.0000	0.0001	0.0001	0.0000	0.0001	0.0001	0.0000	0.0338	0.0244	0.0093	0.0104	0.0101	0.0003	0.0233	0.0143	0.0090	0.0000	0.0000	0.0000	0.0000	0.0000	0.0000	0.0000	0.0000	0.0000	0.0003	0.0004	0.0000	0.0010	0.0010	0.0000	0.0000	0.0000	0.0000						
39	52	0.7254	9	0	2	0	0	0	0	0	0	N	Y	N	N	N	N	N	N	N	N	N	N	0.0195	inf	0.0000	inf	inf	0.0000	inf	0.0000	0.0001	0.0001	0.0000	0.0001	0.0001	0.0000	0.0000	0.0000	0.0000	0.0031	0.0000	0.0025	0.0000	0.0000	0.0000	0.0073	0.0000	0.0034	0.0000	inf	-0.0000	0.0000	5.0001	0.9211	5.0000	0.1671	0.0000	0.0000	0.0000	0.0000	0.0000	0.0000	0.0000	0.0000	0.0000	0.0000	0.0000	0.0000	0.0000	0.0000	0.0000	0.0000	0.0000	0.0000	0.1653	0.1503	0.0150	0.1053	0.0989	0.0064	0.0600	0.0514	0.0086	0.0320	0.0239	0.0081	0.0207	0.0184	0.0022	0.0114	0.0055	0.0059	0.0969	inf	0.0000	inf	inf	0.0000	0.0000	inf	0.0000	0.0006	0.0000	0.0025	0.0000	0.0000	0.0000	0.0018	0.0000	0.0034	
39	53	0.1445	5	0	2	0	0	0	0	0	0	N	Y	N	N	N	N	N	N	N	N	N	N	0.0000	0.0000	0.0000	0.0000	0.0000	0.0000	0.0000	0.0000	0.0000	0.0000	0.0000	0.0000	0.0000	10.2629	0.0000	26.6627	0.0000	0.0000	0.0000	10.7021	0.0000	30.1682	inf	0.0000	0.4781	5.0001	1.0000	5.0000	5.0000	0.0000	0.0000	0.0000	0.0000	0.0000	0.0000	0.0000	0.0000	0.0000	1.0000	0.0000	1.0000	0.0000	0.0000	0.0000	1.0000	0.0000	1.0000	0.1589	0.1431	0.0158	0.0775	0.0728	0.0047	0.0814	0.0703	0.0111	0.0974	0.0456	0.0518	0.0040	0.0039	0.0001	0.0934	0.0417	0.0517	0.0000	0.0000	0.0000	0.0000	0.0000	0.0000	0.0000	0.0000	0.0000	10.2629	0.0000	19.2955	0.0000	0.0000	0.0000	10.7021	0.0000	19.3280						
39	54	0.1292	4	0	1	0	0	0	0	0	0	N	N	N	N	N	N	N	N	N	N	N	N	0.0000	0.0000	0.0000	0.0000	0.0000	0.0000	0.0000	0.0000	0.0000	0.0000	0.0000	0.0000	0.0000	0.0019	0.0000	0.0009	0.0000	0.0000	0.0000	0.0006	0.0000	0.0009	inf	0.0000	0.0000	5.0001	0.0000	5.0000	2.9157	0.0000	0.0000	0.0000	0.0000	0.0000	0.0000	0.0000	0.0000	0.0000	0.0000	0.0000	0.0000	0.0000	0.0000	0.0000	0.0000	0.0000	0.0000	0.0000	0.0000	0.0000	0.0000	0.0000	0.0000	0.0000	0.0000	0.0000	0.0635	0.0302	0.0333	0.0092	0.0092	0.0000	0.0542	0.0210	0.0333	0.0000	0.0000	0.0000	0.0000	0.0000	0.0000	0.0000	0.0000	0.0000	0.0005	0.0000	0.0009	0.0000	0.0000	0.0000	0.0006	0.0000	0.0009						
39	55	0.7014	8	0	2	0	0	0	0	0	0	N	Y	N	N	N	N	N	N	N	N	N	N	0.0000	0.0000	0.0000	0.0000	0.0000	0.0000	0.0000	0.0000	0.0000	0.0000	0.0000	0.0000	0.0000	0.0000	0.0000	0.0000	0.0000	0.0000	0.0000	0.0000	5.0001	2.0000	5.0000	3.0000	0.0000	0.0000	0.0000	0.0000	0.0000	0.0000	0.0000	0.0000	0.0000	0.0000	0.0000	0.0000	0.0000	0.0000	0.0000	0.0000	0.0000	0.0000	0.3895	0.3560	0.0335	0.2249	0.2141	0.0107	0.1646	0.1419	0.0227	0.0617	0.0406	0.0211	0.0376	0.0331	0.0045	0.0242	0.0076	0.0166	0.0000	0.0000	0.0000	0.0000	0.0000	0.0000	0.0000	0.0000	0.0000	0.0000	0.0000	0.0000	0.0000	0.0000	0.0000	0.0000	0.0000	0.0000											
39	56	0.1214	3	0	2	0	1	0	0	0	0	N	Y	N	N	N	N	N	N	N	N	N	N	0.0000	0.0000	0.0000	0.0000	0.0000	0.0000	0.0000	0.0000	0.0000	0.0000	0.0000	0.0000	0.0000	0.0000	0.0000	0.0000	0.0000	0.0000	0.0000	0.0000	5.0001	1.7218	5.0000	6.9557	0.0000	0.0000	0.0000	0.0000	0.0000	0.0000	0.0000	0.0000	0.0000	0.0000	0.0000	0.0000	0.0000	0.0000	0.0000	0.0000	0.0000	0.0000	0.2960	0.2663	0.0297	0.1572	0.1464	0.0108	0.1387	0.1199	0.0188	0.1434	0.0680	0.0754	0.0081	0.0080	0.0001	0.1353	0.0600	0.0753	0.0000	0.0000	0.0000	0.0000	0.0000	0.0000	0.0000	0.0000	0.0000	0.0000	0.0000	0.0000	0.0000	0.0000	0.0000	0.0000	0.0000	0.0000											
39	58	0.6474	5	1	1	1	0	0	0	0	0	N	N	N	N	N	N	N	N	N	N	N	N	0.0000	0.0000	0.0000	0.0000	0.0000	0.0000	0.0000	0.0000	0.0000	0.0000	0.0000	0.0000	0.0000	0.0000	0.0000	0.0000	0.0000	0.0000	0.0000	0.0000	5.0001	0.0000	5.0000	1.0000	0.0000	0.0000	0.0000	0.0000	0.0000	0.0000	0.0000	0.0000	0.0000	0.0000	0.0000	0.0000	0.0000	0.0000	0.0000	0.0000	0.0000	0.0000	0.0000	0.0000	0.0000	0.0000	0.0000	0.0000	0.0000	0.0000	0.0000	0.0064	0.0036	0.0028	0.0032	0.0027	0.0005	0.0032	0.0009	0.0023	0.0000	0.0000	0.0000	0.0000	0.0000	0.0000	0.0000	0.0000	0.0000	0.0000	0.0000	0.0000	0.0000	0.0000	0.0000	0.0000	0.0000	0.0000											
39	59	0.1580	4	0	1	1	0	0	0	0	0	N	N	N	N	N	N	N	N	N	N	N	N	0.0003	0.0000	inf	0.0003	0.0000	inf	inf	inf	0.0001	0.0000	0.0008	0.0001	0.0000	0.0020	0.0001	0.0000	0.0003	0.2601	0.4096	0.0000	0.3352	0.3115	0.0000	0.0000	0.0000	0.0000	inf	0.0000	0.0000	-0.0001	5.0001	0.0006	5.0000	1.1867	0.0000	0.0000	0.0000	0.0000	0.0000	0.0000	0.0000	0.0000	0.0000	0.0002	0.0002	0.0000	0.0002	0.0002	0.0000	0.0000	0.0000	0.0000	0.0002	0.0002	0.0000	0.0001	0.0001	0.0000	0.0001	0.0001	0.0000	0.0374	0.0262	0.0112	0.0108	0.0105	0.0003	0.0266	0.0157	0.0109	0.0136	0.0000	inf	0.0050	0.0000	inf	inf	0.0000	inf	0.0059	0.0084	0.0000	0.0204	0.0210	0.0000	0.0000	0.0000	0.0000	
39	60	0.1214	3	0	1	0	0	0	0	0	0	N	N	N	N	N	N	N	N	N	N	N	N	0.0000	0.0000	0.0000	inf	inf	0.0000	0.0000	0.0000	0.0000	0.0000	0.0000	0.0000	0.0000	0.0000	0.0000	0.0000	0.0000	0.0187	0.0078	0.0022	0.0000	0.0000	0.0000	0.0088	0.0308	0.0022	0.0000	1.7500	-0.0000	0.0000	5.0001	2.2785	5.0000	4.8627	0.0000	0.0000	0.0000	0.0000	0.0000	0.0000	0.0000	0.0000	0.0000	0.0002	0.0001	0.0001	0.0000	0.0000	0.0000	0.0002	0.0001	0.0001	0.3769	0.3390	0.0379	0.1948	0.1816	0.0132	0.1821	0.1574	0.0247	0.1210	0.0576	0.0634	0.0074	0.0073	0.0001	0.1136	0.0503	0.0633	0.0000	0.0000	0.0000	inf	inf	0.0000	0.0000	0.0000	0.0000	0.0018	0.0014	0.0022	0.0000	0.0000	0.0000	0.0019	0.0016	0.0022	
39	61	0.7254	9	0	1	1	0	0	0	0	0	N	N	N	N	N	N	N	N	N	N	N	N	0.1507	inf	0.0000	inf	inf	0.0001	inf	0.0000	0.0001	0.0001	0.0000	0.0001	0.0001	0.0000	0.0000	0.0000	0.0000	0.0004	0.0000	0.0004	0.0000	0.0000	0.0000	0.0004	0.0000	0.0006	0.0000	inf	-0.0000	0.0000	5.0001	1.0901	5.0000	7.9319	0.0000	0.0000	0.0000	0.0000	0.0000	0.0000	0.0000	0.0000	0.0000	0.0000	0.0000	0.0000	0.0000	0.0000	0.0000	0.0000	0.0000	0.0000	0.1896	0.1722	0.0174	0.1189	0.1116	0.0073	0.0707	0.0606	0.0101	0.1299	0.0851	0.0448	0.0746	0.0655	0.0091	0.0554	0.0196	0.0358	0.3427	inf	0.0000	inf	inf	0.0000	0.0001	inf	0.0000	0.0002	0.0000	0.0004	0.0000	0.0000	0.0000	0.0004	0.0000	0.0006	
39	62	0.6953	8	0	1	0	0	0	0	0	0	N	N	N	N	N	N	N	N	N	N	N	N	0.0613	0.0390	0.0376	0.0448	inf	inf	0.0001	0.0001	0.0000	0.0000	0.0001	0.0000	0.0001	0.0001	0.0000	0.0009	0.0016	0.0000	0.0013	0.0012	0.0000	0.0000	0.0000	0.0000	0.0000	0.0000	-0.0000	-0.0000	5.0001	1.6797	5.0000	2.9843	0.0000	0.0000	0.0000	0.0000	0.0000	0.0000	0.0000	0.0000	0.0000	0.0000	0.0000	0.0000	0.0000	0.0000	0.0000	0.0000	0.0000	0.0000	0.3479	0.3185	0.0294	0.2006	0.1914	0.0092	0.1473	0.1271	0.0202	0.0590	0.0389	0.0201	0.0351	0.0309	0.0041	0.0240	0.0080	0.0160	0.1697	0.1223	0.0000	0.0874	0.0808	0.0000	inf	inf	0.0000	0.0003	0.0005	0.0000	0.0006	0.0006	0.0000	0.0000	0.0000	0.0000			
39	63	0.6852	7	0	1	0	0	0	0	0	0	N	N	N	N	N	N	N	N	N	N	N	N	inf	inf	inf	inf	inf	inf	0.0001	0.0001	0.0000	0.0000	0.0000	0.0000	0.0001	0.0001	0.0000	0.0000	0.0000	0.0000	0.0000	0.0000	0.0000	0.0000	0.0000	0.0000	0.0000	-0.0000	0.0000	5.0001	0.4935	5.0000	1.5835	0.0000	0.0000	0.0000	0.0000	0.0000	0.0000	0.0000	0.0000	0.0000	0.0000	0.0000	0.0000	0.0000	0.0000	0.0000	0.0000	0.0000	0.0000	0.1885	0.1747	0.0138	0.1027	0.0999	0.0028	0.0858	0.0748	0.0110	0.0262	0.0173	0.0089	0.0161	0.0141	0.0019	0.0101	0.0031	0.0070	inf	inf	0.0000	inf	inf	0.0000	inf	inf	0.0000	0.0000	0.0000	0.0000	0.0000	0.0000	0.0000	0.0000	0.0000	0.0000				
39	64	0.7221	9	0	2	0	0	0	0	0	0	N	Y	N	N	N	N	N	N	N	N	N	N	inf	inf	inf	inf	inf	inf	0.0032	0.0037	0.0000	0.0040	0.0045	0.0000	0.0000	0.0000	0.0000	0.0000	0.0000	0.0000	0.0000	0.0000	0.0000	0.0000	0.0000	0.0000	0.0000	-0.0001	0.0000	5.0001	0.2944	5.0000	1.0083	0.0002	0.0002	0.0000	0.0002	0.0002	0.0000	0.0000	0.0000	0.0000	0.0000	0.0000	0.0000	0.0000	0.0000	0.0000	0.0000	0.0000	0.0000	0.0753	0.0656	0.0097	0.0601	0.0527	0.0074	0.0152	0.0129	0.0023	0.0162	0.0107	0.0055	0.0101	0.0089	0.0013	0.0060	0.0018	0.0042	inf	inf	0.0000	inf	inf	0.0000	inf	inf	0.0000	0.0000	0.0000	0.0000	0.0000	0.0000	0.0000	0.0000	0.0000	0.0000				
39	65	0.7014	8	0	1	0	0	0	0	0	0	N	N	N	N	N	N	N	N	N	N	N	N	1.4452	inf	0.0000	inf	inf	2.2612	inf	0.0000	0.0009	0.0009	0.0000	0.0000	0.0000	0.0000	0.0020	0.0023	0.0000	0.0006	0.0000	0.0007	0.0000	0.0000	0.0000	0.0009	0.0000	0.0009	0.0000	inf	-0.0001	0.0000	5.0001	1.1351	5.0000	2.0429	0.0002	0.0002	0.0000	0.0000	0.0000	0.0000	0.0002	0.0002	0.0000	0.0000	0.0000	0.0000	0.0000	0.0000	0.0000	0.0000	0.0000	0.0000	0.2760	0.2537	0.0223	0.1563	0.1500	0.0063	0.1197	0.1037	0.0160	0.0404	0.0267	0.0137	0.0246	0.0216	0.0029	0.0158	0.0050	0.0108	3.5127	inf	0.0000	inf	inf	0.0000	3.1761	inf	0.0000	0.0002	0.0000	0.0007	0.0000	0.0000	0.0000	0.0006	0.0000	0.0009	
39	66	0.6852	7	0	1	0	0	0	0	0	0	N	N	N	N	N	N	N	N	N	N	N	N	0.0009	0.0006	inf	0.0011	0.0013	inf	inf	0.0000	0.0000	0.0000	0.0000	0.0000	0.0000	0.0000	0.0000	0.0000	0.0007	0.0011	0.0000	0.0011	0.0009	0.0000	0.0000	0.0000	0.0000	0.0109	0.0000	-0.0000	-0.0000	5.0001	0.4912	5.0000	2.4266	0.0000	0.0000	0.0000	0.0000	0.0000	0.0000	0.0000	0.0000	0.0000	0.0000	0.0000	0.0000	0.0000	0.0000	0.0000	0.0000	0.0000	0.0000	0.1882	0.1744	0.0138	0.1025	0.0997	0.0028	0.0857	0.0747	0.0110	0.0364	0.0239	0.0124	0.0223	0.0196	0.0027	0.0141	0.0043	0.0097	0.0023	0.0016	inf	0.0026	0.0024	0.0000	inf	0.0000	inf	0.0003	0.0004	0.0000	0.0004	0.0005	0.0000	0.0000	0.0000	0.0000		
39	67	0.6800	6	0	1	0	0	0	0	0	0	N	N	N	N	N	N	N	N	N	N	N	N	0.0094	inf	0.0030	inf	inf	0.0001	inf	0.0031	0.0001	0.0001	0.0000	0.0001	0.0001	0.0000	0.0000	0.0000	0.0000	0.0054	0.0000	0.0023	0.0000	0.0000	0.0000	0.0105	0.0000	0.0029	0.0107	inf	-0.0000	0.0000	5.0001	0.6141	5.0000	1.2701	0.0000	0.0000	0.0000	0.0000	0.0000	0.0000	0.0000	0.0000	0.0000	0.0000	0.0000	0.0000	0.0000	0.0000	0.0000	0.0000	0.0000	0.0000	0.2216	0.2049	0.0167	0.1219	0.1183	0.0036	0.0997	0.0866	0.0131	0.0248	0.0162	0.0086	0.0150	0.0132	0.0018	0.0098	0.0030	0.0068	0.0624	inf	0.0030	inf	inf	0.0000	0.0006	inf	0.0031	0.0008	0.0000	0.0023	0.0000	0.0000	0.0000	0.0020	0.0000	0.0029	
39	68	0.6474	5	1	2	1	0	0	0	0	0	N	Y	N	N	N	N	N	N	N	N	N	N	0.0000	0.0000	0.0000	0.0000	0.0000	0.0000	0.0000	0.0000	0.0000	0.0000	0.0000	0.0000	0.0000	0.0000	0.0000	0.0000	0.0000	0.0000	0.0000	0.0000	5.0001	0.0000	5.0000	0.0000	0.0000	0.0000	0.0000	0.0000	0.0000	0.0000	0.0000	0.0000	0.0000	0.0000	0.0000	0.0000	0.0000	0.0000	0.0000	0.0000	0.0000	0.0000	0.0000	0.0000	0.0000	0.0000	0.0000	0.0000	0.0000	0.0000	0.0000	0.0000	0.0000	0.0000	0.0000	0.0000	0.0000	0.0000	0.0000	0.0000	0.0000	0.0000	0.0000	0.0000	0.0000	0.0000	0.0000	0.0000	0.0000	0.0000	0.0000	0.0000	0.0000	0.0000	0.0000	0.0000	0.0000	0.0000											
39	69	0.0953	3	1	2	1	0	0	0	0	0	N	Y	N	N	N	N	N	N	N	N	N	N	0.0000	0.0000	0.0000	0.0000	0.0000	0.0000	0.0000	0.0000	0.0000	0.0000	0.0000	0.0000	0.0000	0.0000	0.0000	0.0000	0.0000	0.0000	0.0000	0.0000	5.0001	1.0000	5.0000	0.0000	0.0000	0.0000	0.0000	0.0000	0.0000	0.0000	0.0000	0.0000	0.0000	0.0000	0.0000	0.0000	0.0000	0.0000	0.0000	0.0000	0.0000	0.0000	0.2700	0.2313	0.0388	0.0112	0.0106	0.0006	0.2589	0.2207	0.0382	0.0336	0.0160	0.0176	0.0001	0.0001	0.0000	0.0334	0.0158	0.0176	0.0000	0.0000	0.0000	0.0000	0.0000	0.0000	0.0000	0.0000	0.0000	0.0000	0.0000	0.0000	0.0000	0.0000	0.0000	0.0000	0.0000	0.0000											
39	70	0.0953	3	1	2	1	0	0	0	0	0	N	Y	N	N	N	N	N	N	N	N	N	N	0.0000	0.0000	0.0000	0.0000	0.0000	0.0000	0.0000	0.0000	0.0000	0.0000	0.0000	0.0000	0.0000	0.0000	0.0000	0.0000	0.0000	0.0000	0.0000	0.0000	5.0001	0.0000	5.0000	0.0000	0.0000	0.0000	0.0000	0.0000	0.0000	0.0000	0.0000	0.0000	0.0000	0.0000	0.0000	0.0000	0.0000	0.0000	0.0000	0.0000	0.0000	0.0000	0.0000	0.0000	0.0000	0.0000	0.0000	0.0000	0.0000	0.0000	0.0000	0.0000	0.0000	0.0000	0.0000	0.0000	0.0000	0.0000	0.0000	0.0000	0.0000	0.0000	0.0000	0.0000	0.0000	0.0000	0.0000	0.0000	0.0000	0.0000	0.0000	0.0000	0.0000	0.0000	0.0000	0.0000	0.0000	0.0000											
39	71	0.0730	2	1	2	1	0	0	0	0	0	N	Y	N	N	N	N	N	N	N	N	N	N	0.0000	0.0000	0.0000	0.0000	0.0000	0.0000	0.0000	0.0000	0.0000	0.0000	0.0000	0.0000	0.0000	0.0000	0.0000	0.0000	0.0000	0.0000	0.0000	0.0000	5.0001	2.0000	5.0000	1.0000	0.0000	0.0000	0.0000	0.0000	0.0000	0.0000	0.0000	0.0000	0.0000	0.0000	0.0000	0.0000	0.0000	0.0000	0.0000	0.0000	0.0000	0.0000	0.4970	0.4261	0.0710	0.0049	0.0045	0.0004	0.4922	0.4216	0.0706	0.0983	0.0466	0.0517	0.0003	0.0003	0.0001	0.0979	0.0463	0.0516	0.0000	0.0000	0.0000	0.0000	0.0000	0.0000	0.0000	0.0000	0.0000	0.0000	0.0000	0.0000	0.0000	0.0000	0.0000	0.0000	0.0000	0.0000											
39	73	0.6666	6	1	2	0	0	0	0	0	0	N	Y	N	N	N	N	N	N	N	N	N	N	0.0000	0.0000	0.0000	0.0000	0.0000	0.0000	0.0000	0.0000	0.0000	0.0000	0.0000	0.0000	0.0000	0.0000	0.0000	0.0000	0.0000	0.0000	0.0000	0.0000	5.0001	0.0000	5.0000	0.0000	0.0000	0.0000	0.0000	0.0000	0.0000	0.0000	0.0000	0.0000	0.0000	0.0000	0.0000	0.0000	0.0000	0.0000	0.0000	0.0000	0.0000	0.0000	0.0000	0.0000	0.0000	0.0000	0.0000	0.0000	0.0000	0.0000	0.0000	0.0000	0.0000	0.0000	0.0000	0.0000	0.0000	0.0000	0.0000	0.0000	0.0000	0.0000	0.0000	0.0000	0.0000	0.0000	0.0000	0.0000	0.0000	0.0000	0.0000	0.0000	0.0000	0.0000	0.0000	0.0000	0.0000	0.0000											
39	74	0.1595	4	1	2	0	0	0	0	0	0	N	Y	N	N	N	N	N	N	N	N	N	N	0.0000	0.0000	0.0000	0.0000	0.0000	0.0000	0.0000	0.0000	0.0000	0.0000	0.0000	0.0000	0.0000	1.3688	1.8199	0.0000	0.0000	0.0000	0.0000	1.6012	3.7940	0.0000	0.0000	0.0000	-0.0005	5.0001	0.0000	5.0000	0.0010	0.0000	0.0000	0.0000	0.0000	0.0000	0.0000	0.0000	0.0000	0.0000	0.0010	0.0010	0.0000	0.0000	0.0000	0.0000	0.0010	0.0010	0.0000	0.0000	0.0000	0.0000	0.0000	0.0000	0.0000	0.0000	0.0000	0.0000	0.0078	0.0062	0.0015	0.0039	0.0039	0.0000	0.0039	0.0023	0.0015	0.0000	0.0000	0.0000	0.0000	0.0000	0.0000	0.0000	0.0000	0.0000	0.1341	0.1673	0.0000	0.0000	0.0000	0.0000	0.2684	0.4434	0.0000						
39	75	0.1486	6	0	2	0	1	0	0	0	0	N	Y	N	N	N	N	N	N	N	N	N	N	0.0000	0.0000	0.0000	0.0000	0.0000	0.0000	0.0000	0.0000	0.0000	0.0000	0.0000	0.0000	0.0000	0.0000	0.0000	0.0000	0.0000	0.0000	0.0000	0.0000	5.0001	0.0000	5.0000	0.0000	0.0000	0.0000	0.0000	0.0000	0.0000	0.0000	0.0000	0.0000	0.0000	0.0000	0.0000	0.0000	0.0000	0.0000	0.0000	0.0000	0.0000	0.0000	0.0000	0.0000	0.0000	0.0000	0.0000	0.0000	0.0000	0.0000	0.0000	0.0000	0.0000	0.0000	0.0000	0.0000	0.0000	0.0000	0.0000	0.0000	0.0000	0.0000	0.0000	0.0000	0.0000	0.0000	0.0000	0.0000	0.0000	0.0000	0.0000	0.0000	0.0000	0.0000	0.0000	0.0000	0.0000	0.0000											
39	76	0.1486	6	0	1	0	1	0	0	0	0	N	N	N	N	N	N	N	N	N	N	N	N	0.0000	0.0000	0.0000	0.0000	0.0000	0.0000	0.0000	0.0000	0.0000	0.0000	0.0000	0.0000	0.0000	0.0000	0.0000	0.0000	0.0000	0.0000	0.0000	0.0000	5.0001	0.0000	5.0000	0.0000	0.0000	0.0000	0.0000	0.0000	0.0000	0.0000	0.0000	0.0000	0.0000	0.0000	0.0000	0.0000	0.0000	0.0000	0.0000	0.0000	0.0000	0.0000	0.0000	0.0000	0.0000	0.0000	0.0000	0.0000	0.0000	0.0000	0.0000	0.0000	0.0000	0.0000	0.0000	0.0000	0.0000	0.0000	0.0000	0.0000	0.0000	0.0000	0.0000	0.0000	0.0000	0.0000	0.0000	0.0000	0.0000	0.0000	0.0000	0.0000	0.0000	0.0000	0.0000	0.0000	0.0000	0.0000											
39	77	0.1333	5	0	1	0	1	0	0	0	0	N	N	N	N	N	N	N	N	N	N	N	N	0.0299	0.0000	inf	0.0243	0.0000	inf	inf	inf	0.0001	0.0000	0.0006	0.0001	0.0000	0.0033	0.0000	0.0000	0.0002	0.0025	0.0035	0.0000	0.0046	0.0041	0.0000	0.0000	0.0000	0.0000	inf	0.0000	0.0000	-0.0000	5.0001	0.0002	5.0000	2.9297	0.0000	0.0000	0.0000	0.0000	0.0000	0.0000	0.0000	0.0000	0.0000	0.0001	0.0001	0.0000	0.0001	0.0001	0.0000	0.0000	0.0000	0.0000	0.0001	0.0001	0.0000	0.0000	0.0000	0.0000	0.0000	0.0000	0.0000	0.1111	0.0698	0.0413	0.0336	0.0333	0.0003	0.0775	0.0365	0.0410	0.1367	0.0000	inf	0.0623	0.0000	inf	inf	0.0000	inf	0.0005	0.0009	0.0000	0.0018	0.0018	0.0000	0.0000	0.0000	0.0000	
39	78	0.1292	4	0	1	0	1	0	0	0	0	N	N	N	N	N	N	N	N	N	N	N	N	0.0119	0.0183	0.0000	inf	inf	0.0000	0.0000	0.0000	0.0001	0.0001	0.0000	0.0002	0.0002	0.0000	0.0000	0.0000	0.0000	0.0090	0.0065	0.0011	0.0000	0.0000	0.0000	0.0047	0.0412	0.0011	0.0000	1.0000	-0.0000	-0.0000	5.0001	0.0003	5.0000	2.1916	0.0000	0.0000	0.0000	0.0000	0.0000	0.0000	0.0000	0.0000	0.0000	0.0001	0.0000	0.0000	0.0000	0.0000	0.0000	0.0001	0.0000	0.0000	0.0000	0.0000	0.0000	0.0000	0.0000	0.0000	0.0000	0.0000	0.0000	0.0517	0.0247	0.0270	0.0088	0.0088	0.0000	0.0429	0.0159	0.0270	0.0925	0.0981	0.0000	inf	inf	0.0000	0.0000	0.0000	0.0000	0.0012	0.0012	0.0011	0.0000	0.0000	0.0000	0.0014	0.0019	0.0011	
39	79	0.1214	3	0	1	0	0	0	0	0	0	N	N	N	N	N	N	N	N	N	N	N	N	0.0000	0.0000	0.0000	0.0000	0.0000	0.0000	0.0000	0.0000	0.0000	0.0000	0.0000	0.0000	0.0000	0.0000	0.0000	0.0000	0.0000	0.0000	0.0000	0.0000	5.0001	0.2782	5.0000	1.3600	0.0000	0.0000	0.0000	0.0000	0.0000	0.0000	0.0000	0.0000	0.0000	0.0000	0.0000	0.0000	0.0000	0.0000	0.0000	0.0000	0.0000	0.0000	0.0738	0.0663	0.0075	0.0509	0.0465	0.0044	0.0229	0.0198	0.0031	0.0349	0.0177	0.0172	0.0046	0.0046	0.0000	0.0303	0.0131	0.0171	0.0000	0.0000	0.0000	0.0000	0.0000	0.0000	0.0000	0.0000	0.0000	0.0000	0.0000	0.0000	0.0000	0.0000	0.0000	0.0000	0.0000	0.0000											
39	80	0.0826	3	0	2	1	0	0	0	0	0	N	Y	N	N	N	N	N	N	N	N	N	N	2410.6927	1024.1750	0.6162	0.6815	inf	inf	1.1053	1.2449	0.0000	0.0375	0.0388	0.0000	1.6010	1.8798	0.0000	0.0005	0.0012	0.0000	0.0608	0.0569	0.0000	0.0000	0.0000	0.0000	0.0000	0.0000	-0.0002	-0.0000	5.0001	0.0029	5.0000	2.0135	0.0009	0.0009	0.0000	0.0000	0.0000	0.0000	0.0009	0.0009	0.0000	0.0000	0.0000	0.0000	0.0000	0.0000	0.0000	0.0000	0.0000	0.0000	0.0009	0.0008	0.0001	0.0003	0.0003	0.0000	0.0006	0.0005	0.0001	0.0488	0.0228	0.0260	0.0013	0.0012	0.0001	0.0475	0.0216	0.0259	5394.2695	2839.0604	0.0000	4.7582	4.5176	0.0000	inf	inf	0.0000	0.0002	0.0004	0.0000	0.0079	0.0086	0.0000	0.0000	0.0000	0.0000			
39	81	0.0760	2	0	2	0	0	0	0	0	0	N	Y	N	N	N	N	N	N	N	N	N	N	2.6701	1.7513	0.0000	0.0250	0.0249	0.0000	947.7815	236.7043	0.0000	1.4587	1.5645	0.0000	0.0465	0.0475	0.0000	2.2529	2.4883	0.0000	0.5463	0.8934	0.0013	1.8593	1.9083	0.0000	0.0024	0.0105	0.0013	0.0000	0.0612	-0.1056	-0.0002	5.0001	0.6188	5.0000	0.9475	0.4059	0.4059	0.0000	0.0047	0.0047	0.0000	0.4012	0.4012	0.0000	0.0005	0.0005	0.0000	0.0005	0.0005	0.0000	0.0000	0.0000	0.0000	0.2783	0.2594	0.0188	0.1002	0.0982	0.0020	0.1781	0.1613	0.0169	0.0425	0.0199	0.0226	0.0029	0.0028	0.0001	0.0396	0.0171	0.0225	119.1959	63.6347	0.0000	0.2831	0.2807	0.0000	2228.8427	4252.9028	0.0000	0.0122	0.0246	0.0013	0.1644	0.1691	0.0000	0.0010	0.0006	0.0013
39	82	0.6698	6	0	2	1	0	0	0	0	0	N	Y	N	N	N	N	N	N	N	N	N	N	0.0000	0.0000	0.0000	0.0000	0.0000	0.0000	0.0000	0.0000	0.0000	0.0000	0.0000	0.0000	0.0000	0.0000	0.0000	0.0000	0.0000	0.0000	0.0000	0.0000	5.0001	0.0000	5.0000	1.0000	0.0000	0.0000	0.0000	0.0000	0.0000	0.0000	0.0000	0.0000	0.0000	0.0000	0.0000	0.0000	0.0000	0.0000	0.0000	0.0000	0.0000	0.0000	0.0000	0.0000	0.0000	0.0000	0.0000	0.0000	0.0000	0.0000	0.0000	0.0132	0.0082	0.0051	0.0074	0.0064	0.0010	0.0058	0.0018	0.0040	0.0000	0.0000	0.0000	0.0000	0.0000	0.0000	0.0000	0.0000	0.0000	0.0000	0.0000	0.0000	0.0000	0.0000	0.0000	0.0000	0.0000	0.0000											
39	84	0.6474	5	1	1	1	0	0	0	0	0	N	N	N	N	N	N	N	N	N	N	N	N	0.0000	0.0000	0.0000	0.0000	0.0000	0.0000	0.0000	0.0000	0.0000	0.0000	0.0000	0.0000	0.0000	0.0000	0.0000	0.0000	0.0000	0.0000	0.0000	0.0000	5.0001	4.0000	5.0000	0.0000	0.0000	0.0000	0.0000	0.0000	0.0000	0.0000	0.0000	0.0000	0.0000	0.0000	0.0000	0.0000	0.0000	0.0000	0.0000	0.0000	0.0000	0.0000	0.4093	0.3760	0.0333	0.3070	0.2883	0.0187	0.1023	0.0877	0.0146	0.0249	0.0139	0.0110	0.0124	0.0105	0.0018	0.0125	0.0034	0.0091	0.0000	0.0000	0.0000	0.0000	0.0000	0.0000	0.0000	0.0000	0.0000	0.0000	0.0000	0.0000	0.0000	0.0000	0.0000	0.0000	0.0000	0.0000											
39	85	0.6935	6	1	2	0	0	0	0	0	0	N	Y	N	N	N	N	N	N	N	N	N	N	0.0157	inf	0.0000	0.4452	inf	0.0000	0.0000	inf	0.0000	0.0003	0.0003	0.0000	0.0004	0.0004	0.0000	0.0000	0.0000	0.0000	0.0161	0.0000	0.0062	0.0009	0.0000	0.0047	0.0243	0.0000	0.0056	0.0000	inf	-0.0000	0.0000	5.0001	1.0086	5.0000	1.7435	0.0000	0.0000	0.0000	0.0000	0.0000	0.0000	0.0000	0.0000	0.0000	0.0001	0.0000	0.0001	0.0000	0.0000	0.0000	0.0001	0.0000	0.0001	0.1586	0.1441	0.0145	0.0983	0.0927	0.0056	0.0603	0.0514	0.0089	0.0477	0.0322	0.0155	0.0280	0.0251	0.0030	0.0197	0.0071	0.0126	0.1504	inf	0.0000	1.1399	inf	0.0001	0.0000	inf	0.0000	0.0017	0.0000	0.0052	0.0004	0.0000	0.0034	0.0036	0.0000	0.0056
39	86	0.6474	5	1	2	0	0	0	0	0	0	N	Y	N	N	N	N	N	N	N	N	N	N	0.0176	0.0097	0.0000	0.0000	inf	inf	0.0004	0.0004	0.0000	0.0000	0.0000	0.0000	0.0015	0.0017	0.0000	0.0200	0.0396	0.0000	0.0144	0.0159	0.0000	0.0000	0.0000	0.0000	0.0000	0.0000	-0.0000	-0.0000	5.0001	1.0165	5.0000	4.1395	0.0000	0.0000	0.0000	0.0000	0.0000	0.0000	0.0000	0.0000	0.0000	0.0001	0.0001	0.0000	0.0001	0.0001	0.0000	0.0000	0.0000	0.0000	0.1136	0.1044	0.0092	0.0869	0.0816	0.0053	0.0267	0.0229	0.0038	0.0318	0.0178	0.0140	0.0158	0.0135	0.0023	0.0160	0.0043	0.0117	0.1864	0.1135	0.0000	0.0000	0.0000	0.0000	inf	inf	0.0000	0.0019	0.0034	0.0000	0.0038	0.0045	0.0000	0.0000	0.0000	0.0000			
39	87	0.0913	2	1	2	0	0	0	0	0	0	N	Y	N	N	N	N	N	N	N	N	N	N	inf	inf	inf	inf	inf	inf	0.8392	0.9346	0.0000	0.0004	0.0004	0.0000	1.5315	1.7673	0.0000	0.0000	0.0000	0.0000	0.0000	0.0000	0.0000	0.0000	0.0000	0.0000	0.0000	-0.2602	0.0000	5.0001	9.0005	5.0000	5.0000	1.0000	1.0000	0.0000	0.0002	0.0002	0.0000	0.9998	0.9998	0.0000	0.0000	0.0000	0.0000	0.0000	0.0000	0.0000	0.0000	0.0000	0.0000	1.1916	1.0699	0.1216	0.5388	0.5042	0.0345	0.6528	0.5657	0.0871	0.2182	0.0921	0.1261	0.0019	0.0018	0.0001	0.2164	0.0903	0.1261	inf	inf	0.0000	inf	inf	0.0000	inf	inf	0.0000	0.0000	0.0000	0.0000	0.0000	0.0000	0.0000	0.0000	0.0000	0.0000				
39	88	0.6698	6	0	2	0	0	0	0	0	0	N	Y	N	N	N	N	N	N	N	N	N	N	0.0000	0.0000	0.0000	0.0000	0.0000	0.0000	0.0000	0.0000	0.0000	0.0000	0.0000	0.0000	0.0000	0.0000	0.0000	0.0000	0.0000	0.0000	0.0000	0.0000	5.0001	0.0000	5.0000	0.0000	0.0000	0.0000	0.0000	0.0000	0.0000	0.0000	0.0000	0.0000	0.0000	0.0000	0.0000	0.0000	0.0000	0.0000	0.0000	0.0000	0.0000	0.0000	0.0000	0.0000	0.0000	0.0000	0.0000	0.0000	0.0000	0.0000	0.0000	0.0000	0.0000	0.0000	0.0000	0.0000	0.0000	0.0000	0.0000	0.0000	0.0000	0.0000	0.0000	0.0000	0.0000	0.0000	0.0000	0.0000	0.0000	0.0000	0.0000	0.0000	0.0000	0.0000	0.0000	0.0000	0.0000	0.0000											
39	89	0.0760	2	0	2	0	0	0	0	0	0	N	Y	N	N	N	N	N	N	N	N	N	N	0.0000	0.0000	0.0000	0.0000	0.0000	0.0000	0.0000	0.0000	0.0000	0.0000	0.0000	0.0000	0.0000	0.0003	0.0007	0.0000	0.0105	0.0095	0.0000	0.0000	0.0000	0.0000	0.0000	0.0000	-0.0000	5.0001	1.9953	5.0000	1.0817	0.0000	0.0000	0.0000	0.0000	0.0000	0.0000	0.0000	0.0000	0.0000	0.0000	0.0000	0.0000	0.0000	0.0000	0.0000	0.0000	0.0000	0.0000	0.4765	0.4314	0.0451	0.1167	0.1112	0.0055	0.3598	0.3202	0.0396	0.0773	0.0360	0.0413	0.0034	0.0032	0.0002	0.0740	0.0328	0.0412	0.0000	0.0000	0.0000	0.0000	0.0000	0.0000	0.0000	0.0000	0.0000	0.0001	0.0003	0.0000	0.0030	0.0031	0.0000	0.0000	0.0000	0.0000						
39	91	0.1535	4	0	1	1	0	0	0	0	0	N	N	N	N	N	N	N	N	N	N	N	N	0.0000	0.0000	0.0000	0.0000	0.0000	0.0000	0.0000	0.0000	0.0000	0.0000	0.0000	0.0000	0.0000	0.0000	0.0000	0.0000	0.0000	0.0000	0.0000	0.0000	5.0001	0.0000	5.0000	0.0000	0.0000	0.0000	0.0000	0.0000	0.0000	0.0000	0.0000	0.0000	0.0000	0.0000	0.0000	0.0000	0.0000	0.0000	0.0000	0.0000	0.0000	0.0000	0.0000	0.0000	0.0000	0.0000	0.0000	0.0000	0.0000	0.0000	0.0000	0.0000	0.0000	0.0000	0.0000	0.0000	0.0000	0.0000	0.0000	0.0000	0.0000	0.0000	0.0000	0.0000	0.0000	0.0000	0.0000	0.0000	0.0000	0.0000	0.0000	0.0000	0.0000	0.0000	0.0000	0.0000	0.0000	0.0000											
39	92	0.1214	3	0	1	1	0	0	0	0	0	N	N	N	N	N	N	N	N	N	N	N	N	0.0000	0.0000	0.0000	0.0000	0.0000	0.0000	0.0000	0.0000	0.0000	0.0000	0.0000	0.0000	0.0000	0.0000	0.0000	0.0000	0.0000	0.0000	0.0000	0.0000	5.0001	3.7221	5.0000	2.9993	0.0000	0.0000	0.0000	0.0000	0.0000	0.0000	0.0000	0.0000	0.0000	0.0000	0.0000	0.0000	0.0000	0.0000	0.0000	0.0000	0.0000	0.0000	0.5757	0.5176	0.0582	0.2841	0.2653	0.0188	0.2916	0.2523	0.0394	0.1148	0.0547	0.0601	0.0072	0.0071	0.0001	0.1076	0.0476	0.0600	0.0000	0.0000	0.0000	0.0000	0.0000	0.0000	0.0000	0.0000	0.0000	0.0000	0.0000	0.0000	0.0000	0.0000	0.0000	0.0000	0.0000	0.0000											
39	93	0.0913	2	0	1	0	0	0	0	0	0	N	N	N	N	N	N	N	N	N	N	N	N	inf	inf	inf	inf	2.3735	0.0000	23.8418	0.0000	0.0000	0.0000	4.6586	0.0000	34.3139	0.0000	0.0000	0.0000	0.0000	0.0000	0.0000	0.0000	0.0000	0.0000	inf	0.7398	0.0000	5.0001	2.7217	5.0000	3.0458	1.0000	0.0000	1.0000	0.0000	0.0000	0.0000	1.0000	0.0000	1.0000	0.0000	0.0000	0.0000	0.0000	0.0000	0.0000	0.0000	0.0000	0.0000	0.4213	0.3794	0.0419	0.2067	0.1939	0.0128	0.2147	0.1855	0.0291	0.0977	0.0408	0.0569	0.0008	0.0008	0.0000	0.0969	0.0400	0.0569	inf	0.0000	inf	0.0000	0.0000	0.0000	inf	0.0000	inf	0.0000	0.0000	0.0000	0.0000	0.0000	0.0000	0.0000	0.0000	0.0000						
39	94	0.0663	2	1	2	0	0	0	0	0	0	N	Y	N	N	N	N	N	N	N	N	N	N	11819.2834	6184.7732	inf	417.2798	485.3090	inf	inf	inf	2.0821	2.3161	0.0186	4.4983	4.6909	0.0000	1.3927	1.5784	0.0204	0.0002	0.0004	0.0000	0.0108	0.0097	0.0000	0.0000	0.0000	0.0000	0.0009	0.0000	-0.5125	-0.0000	5.0001	5.9980	5.0000	4.9575	1.9768	1.9750	0.0018	0.9481	0.9481	0.0000	1.0287	1.0269	0.0018	0.0000	0.0000	0.0000	0.0000	0.0000	0.0000	0.0000	0.0000	0.0000	0.9494	0.8527	0.0967	0.2108	0.2021	0.0087	0.7387	0.6506	0.0880	0.2306	0.1086	0.1220	0.0033	0.0032	0.0002	0.2273	0.1054	0.1219	48022.5573	25156.0716	inf	1494.6684	1484.1879	0.0000	inf	inf	inf	0.0000	0.0001	0.0000	0.0030	0.0032	0.0000	0.0000	0.0000	0.0000	
39	95	0.6698	6	1	2	0	0	0	0	0	0	N	Y	N	N	N	N	N	N	N	N	N	N	0.0000	0.0000	0.0000	0.0000	0.0000	0.0000	0.0000	0.0000	0.0000	0.0000	0.0000	0.0000	0.0000	0.0000	0.0000	0.0000	0.0000	0.0000	0.0000	0.0000	5.0001	0.0000	5.0000	2.0000	0.0000	0.0000	0.0000	0.0000	0.0000	0.0000	0.0000	0.0000	0.0000	0.0000	0.0000	0.0000	0.0000	0.0000	0.0000	0.0000	0.0000	0.0000	0.0000	0.0000	0.0000	0.0000	0.0000	0.0000	0.0000	0.0000	0.0000	0.0262	0.0162	0.0100	0.0148	0.0127	0.0021	0.0115	0.0035	0.0080	0.0000	0.0000	0.0000	0.0000	0.0000	0.0000	0.0000	0.0000	0.0000	0.0000	0.0000	0.0000	0.0000	0.0000	0.0000	0.0000	0.0000	0.0000											
39	96	0.6474	5	0	2	0	0	0	0	0	0	N	Y	N	N	N	N	N	N	N	N	N	N	inf	inf	inf	inf	2.4432	0.0000	30.0335	0.0000	0.0000	0.0000	9.7773	0.0000	68.6897	0.0000	0.0000	0.0000	0.0000	0.0000	0.0000	0.0000	0.0000	0.0000	inf	0.7398	0.0000	5.0001	4.0000	5.0000	0.0000	1.0000	0.0000	1.0000	0.0000	0.0000	0.0000	1.0000	0.0000	1.0000	0.0000	0.0000	0.0000	0.0000	0.0000	0.0000	0.0000	0.0000	0.0000	0.4093	0.3760	0.0333	0.3070	0.2883	0.0187	0.1023	0.0877	0.0146	0.0249	0.0139	0.0110	0.0124	0.0105	0.0018	0.0125	0.0034	0.0091	inf	0.0000	inf	0.0000	0.0000	0.0000	inf	0.0000	inf	0.0000	0.0000	0.0000	0.0000	0.0000	0.0000	0.0000	0.0000	0.0000						
39	97	0.0913	2	0	1	0	0	0	0	0	0	N	N	N	N	N	N	N	N	N	N	N	N	0.2214	0.0515	inf	inf	inf	0.4237	0.1014	inf	3.3429	1.8575	16.6851	0.0008	0.0008	0.0000	6.4524	3.7305	23.8522	15.1010	36.0792	0.0000	0.0000	0.0000	0.0000	15.2301	36.7880	0.0000	1.0000	0.0000	0.4796	-1.0438	5.0001	3.9994	5.0000	4.0000	2.0000	1.0000	1.0000	0.0002	0.0002	0.0000	1.9998	0.9998	1.0000	2.0000	2.0000	0.0000	0.0000	0.0000	0.0000	2.0000	2.0000	0.0000	0.5983	0.5384	0.0599	0.2884	0.2704	0.0180	0.3099	0.2680	0.0419	0.1324	0.0554	0.0770	0.0011	0.0011	0.0001	0.1313	0.0544	0.0770	0.2214	0.0515	inf	inf	inf	0.0000	0.4237	0.1014	inf	15.1010	36.0792	0.0000	0.0000	0.0000	0.0000	15.2301	36.7880	0.0000	
39	98	0.6474	5	0	1	0	0	0	0	0	0	N	N	N	N	N	N	N	N	N	N	N	N	inf	inf	inf	inf	4.9766	5.4149	0.0000	6.5420	6.9686	0.0000	0.0000	0.0000	0.0000	0.0000	0.0000	0.0000	0.0000	0.0000	0.0000	0.0000	0.0000	0.0000	0.0000	-0.2602	0.0000	5.0001	1.0000	5.0000	0.0000	1.0000	1.0000	0.0000	1.0000	1.0000	0.0000	0.0000	0.0000	0.0000	0.0000	0.0000	0.0000	0.0000	0.0000	0.0000	0.0000	0.0000	0.0000	0.2009	0.1847	0.0163	0.1529	0.1435	0.0094	0.0481	0.0412	0.0069	0.0117	0.0065	0.0051	0.0058	0.0050	0.0009	0.0059	0.0016	0.0043	inf	inf	0.0000	inf	inf	0.0000	0.0000	0.0000	0.0000	0.0000	0.0000	0.0000	0.0000	0.0000	0.0000	0.0000	0.0000	0.0000						
39	99	0.2023	3	0	1	0	0	0	0	0	0	N	N	N	N	N	N	N	N	N	N	N	N	0.0029	0.0024	0.0000	0.0070	0.0071	0.0000	0.0002	0.0001	0.0000	0.0067	0.0075	0.0000	0.0120	0.0126	0.0000	0.0006	0.0007	0.0000	2.2857	3.1705	0.0370	1.6997	1.7727	0.0143	2.6764	5.2361	0.0125	0.0000	0.0057	-0.0007	-0.1468	5.0001	1.5982	5.0000	11.1970	0.0026	0.0026	0.0000	0.0025	0.0025	0.0000	0.0001	0.0001	0.0000	0.2843	0.2827	0.0016	0.0107	0.0107	0.0000	0.2735	0.2720	0.0016	0.3844	0.3445	0.0398	0.2081	0.1976	0.0105	0.1763	0.1470	0.0293	0.2792	0.1496	0.1296	0.0783	0.0733	0.0050	0.2009	0.0763	0.1246	0.0066	0.0040	0.0000	0.0872	0.0863	0.0000	0.0004	0.0002	0.0000	1.0181	1.8893	0.0123	0.1372	0.1460	0.0080	1.3615	3.5656	0.0125
39	100	0.0677	3	1	2	1	0	0	0	0	0	N	Y	N	N	N	N	N	N	N	N	N	N	inf	inf	inf	inf	0.0003	0.0000	0.0081	0.0000	0.0000	0.0000	0.0009	0.0000	0.0103	0.0000	0.0000	0.0000	0.0000	0.0000	0.0000	0.0000	0.0000	0.0000	inf	0.0000	0.0000	5.0001	0.0000	5.0000	0.9982	0.0000	0.0000	0.0000	0.0000	0.0000	0.0000	0.0000	0.0000	0.0000	0.0000	0.0000	0.0000	0.0000	0.0000	0.0000	0.0000	0.0000	0.0000	0.0373	0.0361	0.0012	0.0267	0.0264	0.0003	0.0106	0.0096	0.0010	0.0246	0.0117	0.0130	0.0004	0.0004	0.0000	0.0242	0.0113	0.0130	inf	0.0000	inf	0.0000	0.0000	0.0000	inf	0.0000	inf	0.0000	0.0000	0.0000	0.0000	0.0000	0.0000	0.0000	0.0000	0.0000						
39	101	0.6821	8	1	2	1	0	0	0	0	0	N	Y	N	N	N	N	N	N	N	N	N	N	0.0000	0.0000	0.0000	0.0000	0.0000	0.0000	0.0000	0.0000	0.0000	0.0000	0.0000	0.0000	0.0000	0.0000	0.0000	0.0000	0.0000	0.0000	0.0000	0.0000	5.0001	0.0000	5.0000	0.0000	0.0000	0.0000	0.0000	0.0000	0.0000	0.0000	0.0000	0.0000	0.0000	0.0000	0.0000	0.0000	0.0000	0.0000	0.0000	0.0000	0.0000	0.0000	0.0000	0.0000	0.0000	0.0000	0.0000	0.0000	0.0000	0.0000	0.0000	0.0000	0.0000	0.0000	0.0000	0.0000	0.0000	0.0000	0.0000	0.0000	0.0000	0.0000	0.0000	0.0000	0.0000	0.0000	0.0000	0.0000	0.0000	0.0000	0.0000	0.0000	0.0000	0.0000	0.0000	0.0000	0.0000	0.0000											
39	102	0.6821	7	1	1	1	0	0	0	0	0	N	N	N	N	N	N	N	N	N	N	N	N	0.0000	0.0000	0.0000	0.0000	0.0000	0.0000	0.0000	0.0000	0.0000	0.0000	0.0000	0.0000	0.0000	0.0000	0.0000	0.0000	0.0000	0.0000	0.0000	0.0000	5.0001	0.0000	5.0000	0.0000	0.0000	0.0000	0.0000	0.0000	0.0000	0.0000	0.0000	0.0000	0.0000	0.0000	0.0000	0.0000	0.0000	0.0000	0.0000	0.0000	0.0000	0.0000	0.0000	0.0000	0.0000	0.0000	0.0000	0.0000	0.0000	0.0000	0.0000	0.0000	0.0000	0.0000	0.0000	0.0000	0.0000	0.0000	0.0000	0.0000	0.0000	0.0000	0.0000	0.0000	0.0000	0.0000	0.0000	0.0000	0.0000	0.0000	0.0000	0.0000	0.0000	0.0000	0.0000	0.0000	0.0000	0.0000											
39	103	0.6760	6	1	1	1	0	0	0	0	0	N	N	N	N	N	N	N	N	N	N	N	N	0.0000	0.0000	0.0000	0.0000	0.0000	0.0000	0.0000	0.0000	0.0000	0.0000	0.0000	0.0000	0.0000	0.0000	0.0000	0.0000	0.0000	0.0000	0.0000	0.0000	5.0001	0.0000	5.0000	1.0091	0.0000	0.0000	0.0000	0.0000	0.0000	0.0000	0.0000	0.0000	0.0000	0.0000	0.0000	0.0000	0.0000	0.0000	0.0000	0.0000	0.0000	0.0000	0.0000	0.0000	0.0000	0.0000	0.0000	0.0000	0.0000	0.0000	0.0000	0.0134	0.0083	0.0051	0.0076	0.0065	0.0011	0.0058	0.0018	0.0041	0.0000	0.0000	0.0000	0.0000	0.0000	0.0000	0.0000	0.0000	0.0000	0.0000	0.0000	0.0000	0.0000	0.0000	0.0000	0.0000	0.0000	0.0000											
39	104	0.0913	2	0	2	0	0	0	0	0	0	N	Y	N	N	N	N	N	N	N	N	N	N	inf	inf	inf	inf	inf	inf	1.8454	2.0545	0.0000	2.0164	2.1539	0.0000	1.7011	1.9638	0.0000	0.0000	0.0000	0.0000	0.0000	0.0000	0.0000	0.0000	0.0000	0.0000	0.0000	-0.5204	0.0000	5.0001	7.9994	5.0000	4.0001	2.0000	2.0000	0.0000	1.0002	1.0002	0.0000	0.9998	0.9998	0.0000	0.0000	0.0000	0.0000	0.0000	0.0000	0.0000	0.0000	0.0000	0.0000	1.0838	0.9735	0.1103	0.4960	0.4644	0.0317	0.5877	0.5091	0.0786	0.1908	0.0803	0.1105	0.0016	0.0016	0.0001	0.1892	0.0787	0.1104	inf	inf	0.0000	inf	inf	0.0000	inf	inf	0.0000	0.0000	0.0000	0.0000	0.0000	0.0000	0.0000	0.0000	0.0000	0.0000				
39	105	0.0712	4	1	1	1	0	0	0	0	0	N	N	N	N	N	N	N	N	N	N	N	N	0.0000	0.0000	inf	0.0000	0.0000	inf	0.0000	0.0000	0.0000	0.0000	0.0000	0.0000	0.0000	0.0000	0.0000	0.0031	0.0073	0.0000	0.8144	0.7330	0.0000	0.0000	0.0000	0.0000	inf	0.0000	0.0000	-0.0000	5.0001	1.0000	5.0000	1.0005	0.0000	0.0000	0.0000	0.0000	0.0000	0.0000	0.0000	0.0000	0.0000	0.0000	0.0000	0.0000	0.0000	0.0000	0.0000	0.0000	0.0000	0.0000	0.1803	0.1615	0.0188	0.0385	0.0371	0.0014	0.1417	0.1244	0.0173	0.0482	0.0228	0.0254	0.0006	0.0006	0.0000	0.0476	0.0222	0.0254	0.0000	0.0000	inf	0.0000	0.0000	inf	0.0000	0.0000	0.0000	0.0006	0.0013	0.0000	0.0499	0.0526	0.0000	0.0000	0.0000	0.0000			
39	106	0.0677	3	1	1	1	0	0	0	0	0	N	N	N	N	N	N	N	N	N	N	N	N	3.5184	2.4844	0.3305	0.2946	0.3153	25.6335	8.7262	0.3637	0.2321	0.2550	0.0007	0.3752	0.3853	0.0000	0.1657	0.1881	0.0007	0.0660	0.1026	0.0020	1.2736	1.2221	0.0000	0.0065	0.0216	0.0020	0.0003	0.5000	-0.0101	-0.0000	5.0001	0.7249	5.0000	0.0368	0.0389	0.0388	0.0000	0.0199	0.0199	0.0000	0.0189	0.0189	0.0000	0.0001	0.0000	0.0000	0.0000	0.0000	0.0000	0.0000	0.0000	0.0000	0.1674	0.1524	0.0151	0.0531	0.0517	0.0014	0.1143	0.1007	0.0137	0.0189	0.0090	0.0100	0.0003	0.0003	0.0000	0.0186	0.0087	0.0099	73.2511	57.2472	0.3305	4.1892	4.1509	0.0000	102.7119	162.8069	0.3637	0.0032	0.0045	0.0020	0.0896	0.0928	0.0000	0.0016	0.0012	0.0020	
39	107	0.0663	2	1	1	1	0	0	0	0	0	N	N	N	N	N	N	N	N	N	N	N	N	4.8655	3.3421	70.3736	1.6944	1.9579	31.6305	12.1376	79.7461	0.7753	0.8204	0.2045	1.3279	1.3569	0.0000	0.3980	0.4182	0.2320	0.1593	0.2455	0.0029	0.7837	0.6931	0.0000	0.0126	0.0345	0.0029	0.0197	0.5000	-0.0224	-0.0000	5.0001	0.4159	5.0000	0.0887	0.0932	0.0914	0.0018	0.0648	0.0648	0.0000	0.0284	0.0266	0.0018	0.0001	0.0000	0.0000	0.0000	0.0000	0.0000	0.0000	0.0000	0.0000	0.1202	0.1114	0.0088	0.0488	0.0477	0.0010	0.0714	0.0637	0.0078	0.0134	0.0065	0.0069	0.0006	0.0006	0.0000	0.0128	0.0059	0.0069	172.7674	133.0742	70.3736	26.9522	27.1675	0.0000	169.3148	246.2542	79.7461	0.0045	0.0062	0.0029	0.0493	0.0499	0.0000	0.0024	0.0017	0.0029	
39	109	0.6760	6	1	1	1	0	0	0	0	0	N	N	N	N	N	N	N	N	N	N	N	N	0.0000	0.0000	0.0000	0.0000	0.0000	0.0000	0.0000	0.0000	0.0000	0.0000	0.0000	0.0000	0.0000	0.0000	0.0000	0.0000	0.0000	0.0000	0.0000	0.0000	5.0001	0.0000	5.0000	0.9909	0.0000	0.0000	0.0000	0.0000	0.0000	0.0000	0.0000	0.0000	0.0000	0.0000	0.0000	0.0000	0.0000	0.0000	0.0000	0.0000	0.0000	0.0000	0.0000	0.0000	0.0000	0.0000	0.0000	0.0000	0.0000	0.0000	0.0000	0.0132	0.0082	0.0050	0.0075	0.0064	0.0010	0.0057	0.0017	0.0040	0.0000	0.0000	0.0000	0.0000	0.0000	0.0000	0.0000	0.0000	0.0000	0.0000	0.0000	0.0000	0.0000	0.0000	0.0000	0.0000	0.0000	0.0000											
39	110	0.6474	5	1	1	1	0	0	0	0	0	N	N	N	N	N	N	N	N	N	N	N	N	0.0000	0.0000	0.0000	0.0000	0.0000	0.0000	0.0000	0.0000	0.0000	0.0000	0.0000	0.0000	0.0000	0.0000	0.0000	0.0000	0.0000	0.0000	0.0000	0.0000	5.0001	4.0000	5.0000	0.0000	0.0000	0.0000	0.0000	0.0000	0.0000	0.0000	0.0000	0.0000	0.0000	0.0000	0.0000	0.0000	0.0000	0.0000	0.0000	0.0000	0.0000	0.0000	0.4093	0.3760	0.0333	0.3070	0.2883	0.0187	0.1023	0.0877	0.0146	0.0249	0.0139	0.0110	0.0124	0.0105	0.0018	0.0125	0.0034	0.0091	0.0000	0.0000	0.0000	0.0000	0.0000	0.0000	0.0000	0.0000	0.0000	0.0000	0.0000	0.0000	0.0000	0.0000	0.0000	0.0000	0.0000	0.0000											
39	112	0.1371	3	0	1	1	0	0	0	0	0	N	N	N	N	N	N	N	N	N	N	N	N	0.0000	0.0000	0.0000	0.0000	0.0000	0.0000	0.0000	0.0000	0.0000	0.0000	0.0000	0.0000	0.0000	0.0000	0.0000	0.0000	0.0000	0.0000	0.0000	0.0000	5.0001	0.0000	5.0000	0.0001	0.0000	0.0000	0.0000	0.0000	0.0000	0.0000	0.0000	0.0000	0.0000	0.0000	0.0000	0.0000	0.0000	0.0000	0.0000	0.0000	0.0000	0.0000	0.0000	0.0000	0.0000	0.0000	0.0000	0.0000	0.0000	0.0000	0.0000	0.0000	0.0000	0.0000	0.0000	0.0000	0.0000	0.0000	0.0000	0.0000	0.0000	0.0000	0.0000	0.0000	0.0000	0.0000	0.0000	0.0000	0.0000	0.0000	0.0000	0.0000	0.0000	0.0000	0.0000	0.0000	0.0000	0.0000											
39	113	0.0913	2	0	1	1	0	0	0	0	0	N	N	N	N	N	N	N	N	N	N	N	N	0.0000	0.0000	0.0000	0.0000	0.0000	0.0000	0.0000	0.0000	0.0000	0.0000	0.0000	0.0000	0.0000	0.0000	0.0000	0.0000	0.0000	0.0000	0.0000	0.0000	5.0001	4.0004	5.0000	4.9999	0.0000	0.0000	0.0000	0.0000	0.0000	0.0000	0.0000	0.0000	0.0000	0.0000	0.0000	0.0000	0.0000	0.0000	0.0000	0.0000	0.0000	0.0000	0.5984	0.5385	0.0599	0.2884	0.2704	0.0180	0.3100	0.2681	0.0419	0.1475	0.0618	0.0857	0.0013	0.0012	0.0001	0.1462	0.0606	0.0856	0.0000	0.0000	0.0000	0.0000	0.0000	0.0000	0.0000	0.0000	0.0000	0.0000	0.0000	0.0000	0.0000	0.0000	0.0000	0.0000	0.0000	0.0000											
39	114	0.6800	6	0	2	0	0	0	0	0	0	N	Y	N	N	N	N	N	N	N	N	N	N	0.0379	inf	0.0000	inf	inf	0.0000	inf	0.0000	0.0000	0.0000	0.0000	0.0000	0.0000	0.0000	0.0000	0.0000	0.0000	0.0004	0.0000	0.0005	0.0000	0.0000	0.0000	0.0005	0.0000	0.0007	0.0000	inf	-0.0000	0.0000	5.0001	4.3361	5.0000	4.6323	0.0000	0.0000	0.0000	0.0000	0.0000	0.0000	0.0000	0.0000	0.0000	0.0000	0.0000	0.0000	0.0000	0.0000	0.0000	0.0000	0.0000	0.0000	0.6873	0.6248	0.0625	0.3993	0.3777	0.0216	0.2880	0.2472	0.0409	0.1053	0.0687	0.0365	0.0640	0.0561	0.0079	0.0413	0.0127	0.0287	0.0846	inf	0.0000	inf	inf	0.0000	0.0000	inf	0.0000	0.0002	0.0000	0.0005	0.0000	0.0000	0.0000	0.0005	0.0000	0.0007	
39	115	0.6474	5	0	1	0	0	0	0	0	0	N	N	N	N	N	N	N	N	N	N	N	N	0.0037	0.0022	0.0000	0.0000	inf	inf	0.0000	0.0001	0.0000	0.0000	0.0000	0.0000	0.0002	0.0002	0.0000	0.0124	0.0229	0.0000	0.0099	0.0104	0.0000	0.0000	0.0000	0.0000	0.0000	0.0000	-0.0000	-0.0000	5.0001	1.9840	5.0000	0.2610	0.0000	0.0000	0.0000	0.0000	0.0000	0.0000	0.0000	0.0000	0.0000	0.0000	0.0000	0.0000	0.0000	0.0000	0.0000	0.0000	0.0000	0.0000	0.2153	0.1978	0.0174	0.1636	0.1536	0.0100	0.0517	0.0442	0.0074	0.0142	0.0079	0.0062	0.0070	0.0060	0.0010	0.0071	0.0019	0.0052	0.0329	0.0201	0.0000	0.0000	0.0000	0.0000	inf	inf	0.0000	0.0014	0.0025	0.0000	0.0028	0.0033	0.0000	0.0000	0.0000	0.0000			
39	116	0.0913	2	0	2	0	1	0	0	0	0	N	Y	N	N	N	N	N	N	N	N	N	N	inf	inf	inf	inf	inf	inf	2.7438	3.0508	0.0000	2.8854	3.0789	0.0000	2.6153	3.0231	0.0000	0.0000	0.0000	0.0000	0.0000	0.0000	0.0000	0.0000	0.0000	0.0000	0.0000	-0.5204	0.0000	5.0001	5.0006	5.0000	2.0000	2.0000	2.0000	0.0000	1.0002	1.0002	0.0000	0.9998	0.9998	0.0000	0.0000	0.0000	0.0000	0.0000	0.0000	0.0000	0.0000	0.0000	0.0000	0.7289	0.6556	0.0733	0.3466	0.3249	0.0218	0.3823	0.3307	0.0516	0.1171	0.0489	0.0682	0.0010	0.0009	0.0000	0.1161	0.0480	0.0681	inf	inf	0.0000	inf	inf	0.0000	inf	inf	0.0000	0.0000	0.0000	0.0000	0.0000	0.0000	0.0000	0.0000	0.0000	0.0000				
39	117	0.6474	5	0	2	0	1	0	0	0	0	N	Y	N	N	N	N	N	N	N	N	N	N	0.0000	0.0000	0.0000	0.0000	0.0000	0.0000	0.0000	0.0000	0.0000	0.0000	0.0000	0.0000	0.0000	0.0000	0.0000	0.0000	0.0000	0.0000	0.0000	0.0000	5.0001	0.0000	5.0000	1.0000	0.0000	0.0000	0.0000	0.0000	0.0000	0.0000	0.0000	0.0000	0.0000	0.0000	0.0000	0.0000	0.0000	0.0000	0.0000	0.0000	0.0000	0.0000	0.0000	0.0000	0.0000	0.0000	0.0000	0.0000	0.0000	0.0000	0.0000	0.0089	0.0050	0.0039	0.0044	0.0038	0.0006	0.0045	0.0012	0.0033	0.0000	0.0000	0.0000	0.0000	0.0000	0.0000	0.0000	0.0000	0.0000	0.0000	0.0000	0.0000	0.0000	0.0000	0.0000	0.0000	0.0000	0.0000											
39	118	0.0913	2	0	2	0	0	0	0	0	0	N	Y	N	N	N	N	N	N	N	N	N	N	0.1722	0.0820	inf	inf	0.2476	0.1311	0.5240	0.5846	0.0000	0.0002	0.0002	0.0000	0.8945	1.0288	0.0000	3.0422	7.1306	0.0000	0.0000	0.0000	0.0000	3.6130	7.8450	0.0000	0.0000	0.0000	-0.2602	-0.5219	5.0001	16.9994	5.0000	6.0000	1.0001	1.0001	0.0000	0.0001	0.0001	0.0000	1.0000	1.0000	0.0000	1.0000	1.0000	0.0000	0.0000	0.0000	0.0000	1.0000	1.0000	0.0000	1.9088	1.7108	0.1980	0.7908	0.7389	0.0520	1.1180	0.9720	0.1460	0.3287	0.1402	0.1885	0.0029	0.0027	0.0002	0.3258	0.1375	0.1883	0.1722	0.0820	0.0000	inf	inf	0.0000	0.2914	0.1415	0.0000	3.0422	7.1306	0.0000	0.0000	0.0000	0.0000	3.0692	7.2727	0.0000			
39	119	0.6474	5	0	2	0	0	0	0	0	0	N	Y	N	N	N	N	N	N	N	N	N	N	0.0000	0.0000	0.0000	0.0000	0.0000	0.0000	0.0000	0.0000	0.0000	0.0000	0.0000	0.0000	0.0000	0.0000	0.0000	0.0000	0.0000	0.0000	0.0000	0.0000	5.0001	5.0000	5.0000	6.0000	0.0000	0.0000	0.0000	0.0000	0.0000	0.0000	0.0000	0.0000	0.0000	0.0000	0.0000	0.0000	0.0000	0.0000	0.0000	0.0000	0.0000	0.0000	0.4976	0.4570	0.0406	0.3709	0.3483	0.0226	0.1267	0.1087	0.0180	0.0645	0.0361	0.0284	0.0320	0.0273	0.0047	0.0325	0.0088	0.0237	0.0000	0.0000	0.0000	0.0000	0.0000	0.0000	0.0000	0.0000	0.0000	0.0000	0.0000	0.0000	0.0000	0.0000	0.0000	0.0000	0.0000	0.0000											
39	120	0.6755	6	0	2	0	0	0	0	0	0	N	Y	N	N	N	N	N	N	N	N	N	N	0.0506	inf	0.0000	inf	inf	0.0000	inf	0.0000	0.0003	0.0003	0.0000	0.0004	0.0004	0.0000	0.0000	0.0000	0.0000	0.0055	0.0000	0.0019	0.0000	0.0000	0.0000	0.0080	0.0000	0.0023	0.0000	inf	-0.0000	0.0000	5.0001	0.9998	5.0000	0.9486	0.0000	0.0000	0.0000	0.0000	0.0000	0.0000	0.0000	0.0000	0.0000	0.0000	0.0000	0.0000	0.0000	0.0000	0.0000	0.0000	0.0000	0.0000	0.1069	0.0980	0.0090	0.0810	0.0758	0.0052	0.0259	0.0221	0.0037	0.0242	0.0140	0.0103	0.0135	0.0118	0.0017	0.0108	0.0022	0.0086	0.3400	inf	0.0000	inf	inf	0.0000	0.0001	inf	0.0000	0.0008	0.0000	0.0019	0.0000	0.0000	0.0000	0.0019	0.0000	0.0023	
39	121	0.6474	5	0	2	0	0	0	0	0	0	N	Y	N	N	N	N	N	N	N	N	N	N	0.0344	0.0203	0.0000	0.0000	inf	inf	0.0001	0.0001	0.0000	0.0000	0.0000	0.0000	0.0002	0.0003	0.0000	0.0016	0.0030	0.0000	0.0020	0.0019	0.0000	0.0000	0.0000	0.0000	0.0000	0.0000	-0.0000	-0.0000	5.0001	3.0005	5.0000	1.1085	0.0000	0.0000	0.0000	0.0000	0.0000	0.0000	0.0000	0.0000	0.0000	0.0000	0.0000	0.0000	0.0000	0.0000	0.0000	0.0000	0.0000	0.0000	0.5427	0.4984	0.0443	0.4031	0.3786	0.0245	0.1396	0.1198	0.0197	0.0457	0.0256	0.0201	0.0227	0.0194	0.0033	0.0230	0.0062	0.0168	0.1264	0.0771	0.0000	0.0000	0.0000	0.0000	inf	inf	0.0000	0.0004	0.0008	0.0000	0.0009	0.0010	0.0000	0.0000	0.0000	0.0000			
39	124	0.6809	6	0	2	0	0	0	0	0	0	N	Y	N	N	N	N	N	N	N	N	N	N	75.3119	inf	0.0000	inf	inf	242.7565	inf	0.0000	1.1939	1.3020	0.0000	0.0005	0.0005	0.0000	5.5040	6.4114	0.0000	0.0159	0.0000	0.0042	0.0000	0.0000	0.0000	0.0227	0.0000	0.0049	0.0000	inf	-0.2571	0.0001	5.0001	3.9006	5.0000	3.1543	0.9881	0.9881	0.0000	0.0003	0.0003	0.0000	0.9878	0.9878	0.0000	0.0001	0.0000	0.0001	0.0000	0.0000	0.0000	0.0001	0.0000	0.0001	0.8276	0.7589	0.0687	0.6481	0.6048	0.0433	0.1795	0.1541	0.0254	0.0793	0.0468	0.0326	0.0416	0.0356	0.0060	0.0377	0.0111	0.0265	728.6884	inf	0.0000	inf	inf	0.0000	1595.8545	inf	0.0000	0.0016	0.0000	0.0040	0.0000	0.0000	0.0000	0.0034	0.0000	0.0049	
39	125	0.6474	5	0	2	0	0	0	0	0	0	N	Y	N	N	N	N	N	N	N	N	N	N	0.5227	0.2039	0.0003	0.0003	inf	inf	0.0366	0.0398	0.0000	0.0000	0.0000	0.0000	0.1489	0.1737	0.0000	0.0700	0.1953	0.0000	0.0391	0.0438	0.0000	0.0000	0.0000	0.0000	0.0000	0.0000	-0.0031	-0.0001	5.0001	1.6924	5.0000	1.9110	0.0120	0.0120	0.0000	0.0000	0.0000	0.0000	0.0120	0.0120	0.0000	0.0001	0.0001	0.0000	0.0001	0.0001	0.0000	0.0000	0.0000	0.0000	0.3275	0.3009	0.0266	0.2470	0.2319	0.0151	0.0804	0.0689	0.0115	0.0404	0.0226	0.0178	0.0201	0.0171	0.0029	0.0204	0.0055	0.0148	11.3751	6.9324	0.0000	0.0016	0.0015	0.0000	inf	inf	0.0000	0.0032	0.0057	0.0000	0.0065	0.0076	0.0000	0.0000	0.0000	0.0000			
39	126	0.0913	2	0	2	0	0	0	0	0	0	N	Y	N	N	N	N	N	N	N	N	N	N	0.0000	0.0000	0.0000	0.0000	0.0000	0.0000	0.0000	0.0000	0.0000	0.0000	0.0000	0.0000	0.0000	0.0000	0.0000	13.5596	16.1753	19.4815	0.0000	0.0000	0.0000	13.6758	16.4934	21.3688	1.0000	0.0000	-0.0438	5.0001	0.9996	5.0000	8.0005	0.0000	0.0000	0.0000	0.0000	0.0000	0.0000	0.0000	0.0000	0.0000	2.0000	1.0000	1.0000	0.0000	0.0000	0.0000	2.0000	1.0000	1.0000	0.1625	0.1464	0.0160	0.0817	0.0767	0.0050	0.0808	0.0698	0.0110	0.1475	0.0618	0.0857	0.0013	0.0012	0.0001	0.1462	0.0606	0.0856	0.0000	0.0000	0.0000	0.0000	0.0000	0.0000	0.0000	0.0000	0.0000	13.5596	16.1753	11.6720	0.0000	0.0000	0.0000	13.6758	16.4934	11.6804				
39	127	0.2186	4	0	1	0	0	0	0	0	0	N	N	N	N	N	N	N	N	N	N	N	N	0.0012	0.0009	0.0000	0.0007	0.0007	0.0000	0.0000	inf	0.0000	0.0034	0.0038	0.0000	0.0062	0.0066	0.0000	0.0000	0.0000	0.0000	2.8524	4.4557	0.0061	9.1907	9.9414	0.0114	0.0193	0.0000	0.0051	0.0000	0.0009	-0.0006	-0.3751	5.0001	3.6536	5.0000	12.3970	0.0024	0.0024	0.0000	0.0024	0.0024	0.0000	0.0000	0.0000	0.0000	0.7199	0.7192	0.0006	0.7193	0.7192	0.0000	0.0006	0.0000	0.0006	0.6898	0.6192	0.0706	0.3787	0.3558	0.0230	0.3111	0.2634	0.0477	0.2877	0.1614	0.1262	0.0783	0.0723	0.0059	0.2094	0.0891	0.1203	0.0014	0.0009	0.0000	0.0007	0.0007	0.0000	0.0001	inf	0.0000	2.5025	4.4557	0.0051	9.1907	9.9414	0.0068	0.0029	0.0000	0.0051
39	128	0.3970	4	0	1	0	0	0	0	0	0	N	N	N	N	N	N	N	N	N	N	N	N	0.0370	0.0315	0.0000	0.0390	0.0416	0.0001	0.0036	0.0019	0.0001	0.0975	0.1093	0.0000	0.1573	0.1721	0.0000	0.0124	0.0144	0.0000	2.6330	3.4713	0.0671	4.0351	4.1405	0.0639	3.4393	7.7653	0.0200	0.0000	0.0038	-0.0267	-0.4383	5.0001	5.3495	5.0000	12.4099	0.1028	0.1028	0.0000	0.0974	0.0974	0.0000	0.0054	0.0054	0.0000	0.8461	0.8428	0.0032	0.2633	0.2623	0.0009	0.5828	0.5805	0.0023	1.0547	0.9407	0.1140	0.6190	0.5658	0.0532	0.4357	0.3749	0.0607	0.4517	0.2890	0.1627	0.2346	0.2003	0.0343	0.2171	0.0887	0.1284	0.0520	0.0375	0.0001	0.1402	0.1314	0.0001	0.0046	0.0022	0.0001	1.8732	2.9165	0.0199	1.1224	1.3096	0.0277	2.6844	6.5463	0.0178
39	129	0.2027	8	0	2	0	1	0	0	0	0	N	Y	N	N	N	N	N	N	N	N	N	N	0.0000	0.0000	0.0000	0.0000	0.0000	0.0000	0.0000	0.0000	0.0000	0.0000	0.0000	0.0000	0.0000	0.0000	0.0000	0.0000	0.0000	0.0000	0.0000	0.0000	5.0001	0.0000	5.0000	0.0000	0.0000	0.0000	0.0000	0.0000	0.0000	0.0000	0.0000	0.0000	0.0000	0.0000	0.0000	0.0000	0.0000	0.0000	0.0000	0.0000	0.0000	0.0000	0.0000	0.0000	0.0000	0.0000	0.0000	0.0000	0.0000	0.0000	0.0000	0.0000	0.0000	0.0000	0.0000	0.0000	0.0000	0.0000	0.0000	0.0000	0.0000	0.0000	0.0000	0.0000	0.0000	0.0000	0.0000	0.0000	0.0000	0.0000	0.0000	0.0000	0.0000	0.0000	0.0000	0.0000	0.0000	0.0000											
39	130	0.1864	7	0	2	0	1	0	0	0	0	N	Y	N	N	N	N	N	N	N	N	N	N	0.0000	0.0000	0.0000	0.0000	0.0000	0.0000	0.0000	0.0000	0.0000	0.0000	0.0000	0.0000	0.0000	0.0000	0.0000	0.0000	21.2945	0.0732	37.7409	0.9718	0.8930	0.0000	21.8775	0.0000	41.5215	12500.0000	0.0000	0.4781	5.0001	0.0000	5.0000	3.0001	0.0000	0.0000	0.0000	0.0000	0.0000	0.0000	0.0000	0.0000	0.0000	1.0001	0.0001	1.0000	0.0001	0.0001	0.0000	1.0000	0.0000	1.0000	0.0000	0.0000	0.0000	0.0000	0.0000	0.0000	0.0000	0.0000	0.0000	0.0470	0.0197	0.0272	0.0013	0.0012	0.0000	0.0457	0.0185	0.0272	0.0000	0.0000	0.0000	0.0000	0.0000	0.0000	0.0000	0.0000	0.0000	21.2945	0.0041	36.7240	0.0637	0.0652	0.0000	21.8775	0.0000	36.7630			
39	131	0.1768	6	0	2	0	0	0	0	0	0	N	Y	N	N	N	N	N	N	N	N	N	N	0.0000	0.0000	0.0000	0.0000	0.0000	0.0000	0.0000	0.0000	0.0000	0.0000	0.0000	0.0000	0.0000	0.0000	0.0000	0.0000	0.0000	0.0000	0.0000	0.0000	5.0001	0.0000	5.0000	0.0000	0.0000	0.0000	0.0000	0.0000	0.0000	0.0000	0.0000	0.0000	0.0000	0.0000	0.0000	0.0000	0.0000	0.0000	0.0000	0.0000	0.0000	0.0000	0.0000	0.0000	0.0000	0.0000	0.0000	0.0000	0.0000	0.0000	0.0000	0.0000	0.0000	0.0000	0.0000	0.0000	0.0000	0.0000	0.0000	0.0000	0.0000	0.0000	0.0000	0.0000	0.0000	0.0000	0.0000	0.0000	0.0000	0.0000	0.0000	0.0000	0.0000	0.0000	0.0000	0.0000	0.0000	0.0000											
39	132	0.1864	7	0	1	1	1	0	0	0	0	N	N	N	N	N	N	N	N	N	N	N	N	0.0000	0.0000	0.0000	0.0000	0.0000	0.0000	0.0000	0.0000	0.0000	0.0000	0.0000	0.0000	0.0000	31.1540	0.0000	54.3408	0.0000	0.0000	0.0000	32.2358	0.0000	57.7375	inf	0.0000	0.4781	5.0001	0.0000	5.0000	1.9999	0.0000	0.0000	0.0000	0.0000	0.0000	0.0000	0.0000	0.0000	0.0000	0.9999	0.0000	0.9999	0.0000	0.0000	0.0000	0.9999	0.0000	0.9999	0.0000	0.0000	0.0000	0.0000	0.0000	0.0000	0.0000	0.0000	0.0000	0.0321	0.0137	0.0184	0.0011	0.0011	0.0000	0.0310	0.0126	0.0184	0.0000	0.0000	0.0000	0.0000	0.0000	0.0000	0.0000	0.0000	0.0000	31.1540	0.0000	54.3408	0.0000	0.0000	0.0000	32.2358	0.0000	54.4024						
39	133	0.1975	8	0	1	1	1	0	0	0	0	N	N	N	N	N	N	N	N	N	N	N	N	0.0000	0.0000	0.0000	0.0000	0.0000	0.0000	0.0000	0.0000	0.0000	0.0000	0.0000	0.0000	0.0000	0.0000	0.0000	0.0000	0.0000	0.0000	0.0000	0.0000	5.0001	1.0000	5.0000	0.0000	0.0000	0.0000	0.0000	0.0000	0.0000	0.0000	0.0000	0.0000	0.0000	0.0000	0.0000	0.0000	0.0000	0.0000	0.0000	0.0000	0.0000	0.0000	0.1631	0.1465	0.0167	0.0917	0.0849	0.0067	0.0715	0.0615	0.0099	0.0156	0.0064	0.0092	0.0020	0.0013	0.0008	0.0136	0.0051	0.0085	0.0000	0.0000	0.0000	0.0000	0.0000	0.0000	0.0000	0.0000	0.0000	0.0000	0.0000	0.0000	0.0000	0.0000	0.0000	0.0000	0.0000	0.0000											
39	134	0.1975	8	0	1	1	1	0	0	0	0	N	N	N	N	N	N	N	N	N	N	N	N	0.0000	0.0000	0.0000	0.0000	0.0000	0.0000	0.0000	0.0000	0.0000	0.0000	0.0000	0.0000	0.0000	0.0000	0.0000	0.0000	0.0000	0.0000	0.0000	0.0000	5.0001	0.0000	5.0000	0.0000	0.0000	0.0000	0.0000	0.0000	0.0000	0.0000	0.0000	0.0000	0.0000	0.0000	0.0000	0.0000	0.0000	0.0000	0.0000	0.0000	0.0000	0.0000	0.0000	0.0000	0.0000	0.0000	0.0000	0.0000	0.0000	0.0000	0.0000	0.0000	0.0000	0.0000	0.0000	0.0000	0.0000	0.0000	0.0000	0.0000	0.0000	0.0000	0.0000	0.0000	0.0000	0.0000	0.0000	0.0000	0.0000	0.0000	0.0000	0.0000	0.0000	0.0000	0.0000	0.0000	0.0000	0.0000											
39	135	0.1864	7	0	1	1	1	0	0	0	0	N	N	N	N	N	N	N	N	N	N	N	N	186.8337	47.0833	0.0000	0.0000	inf	inf	3.1143	3.4711	0.0000	0.0000	0.0000	0.0000	6.8310	7.9230	0.0000	0.0167	0.0737	0.0000	0.9848	0.8942	0.0000	0.0000	0.0000	0.0000	0.0000	0.0000	-0.2602	-0.0000	5.0001	2.0025	5.0000	0.9943	1.0000	1.0000	0.0000	0.0000	0.0000	0.0000	1.0000	1.0000	0.0000	0.0001	0.0001	0.0000	0.0001	0.0001	0.0000	0.0000	0.0000	0.0000	0.3211	0.2881	0.0330	0.1747	0.1619	0.0128	0.1464	0.1262	0.0202	0.0469	0.0197	0.0272	0.0013	0.0012	0.0000	0.0457	0.0185	0.0272	1826.4152	855.4010	0.0000	0.0000	0.0000	0.0000	inf	inf	0.0000	0.0017	0.0041	0.0000	0.0638	0.0653	0.0000	0.0000	0.0000	0.0000			
39	136	0.1864	6	0	1	0	1	0	0	0	0	N	N	N	N	N	N	N	N	N	N	N	N	0.0000	0.0000	0.0000	0.0000	0.0000	0.0000	0.0000	0.0000	0.0000	0.0000	0.0000	0.0000	0.0000	0.0000	0.0000	0.0000	1.2404	1.3394	0.9367	1.5091	1.4843	0.0000	0.8428	0.0000	0.4438	1.0000	0.0000	-0.0000	5.0001	0.0050	5.0000	0.0173	0.0000	0.0000	0.0000	0.0000	0.0000	0.0000	0.0000	0.0000	0.0000	0.0002	0.0001	0.0001	0.0001	0.0001	0.0000	0.0001	0.0000	0.0001	0.0017	0.0016	0.0001	0.0013	0.0012	0.0001	0.0004	0.0003	0.0001	0.0018	0.0014	0.0003	0.0007	0.0007	0.0000	0.0010	0.0007	0.0003	0.0000	0.0000	0.0000	0.0000	0.0000	0.0000	0.0000	0.0000	0.0000	0.0913	0.0561	0.2455	0.1127	0.1134	0.0000	0.0767	0.0000	0.2490			
39	137	0.1768	5	0	1	0	1	0	0	0	0	N	N	N	N	N	N	N	N	N	N	N	N	0.0000	0.0000	0.0000	0.0000	0.0000	0.0000	0.0000	0.0000	0.0000	0.0000	0.0000	0.0000	0.0000	0.0189	0.0000	0.0031	0.0000	0.0000	0.0000	0.0080	0.0000	0.0031	inf	0.0000	0.0000	5.0001	1.9972	5.0000	1.0076	0.0000	0.0000	0.0000	0.0000	0.0000	0.0000	0.0000	0.0000	0.0000	0.0001	0.0000	0.0001	0.0000	0.0000	0.0000	0.0001	0.0000	0.0001	0.3005	0.2695	0.0311	0.1577	0.1464	0.0113	0.1428	0.1231	0.0197	0.0434	0.0175	0.0259	0.0005	0.0005	0.0000	0.0429	0.0170	0.0259	0.0000	0.0000	0.0000	0.0000	0.0000	0.0000	0.0000	0.0000	0.0000	0.0018	0.0000	0.0031	0.0000	0.0000	0.0000	0.0019	0.0000	0.0031						
39	138	0.1595	4	1	2	0	0	0	0	0	0	N	Y	N	N	N	N	N	N	N	N	N	N	0.0000	0.0000	inf	0.0000	0.0000	inf	inf	inf	0.0001	0.0000	0.0012	0.0003	0.0000	0.0185	0.0001	0.0000	0.0004	19.3111	36.3483	0.0000	122.8674	127.7752	0.0000	0.0000	0.0000	0.0000	inf	0.0000	0.0000	-0.5214	5.0001	0.0002	5.0000	2.3255	0.0000	0.0000	0.0000	0.0000	0.0000	0.0000	0.0000	0.0000	0.0000	0.9991	0.9991	0.0000	0.9991	0.9991	0.0000	0.0000	0.0000	0.0000	0.0001	0.0001	0.0000	0.0000	0.0000	0.0000	0.0001	0.0000	0.0000	0.0517	0.0275	0.0243	0.0081	0.0078	0.0003	0.0436	0.0197	0.0239	0.0000	0.0000	inf	0.0000	0.0000	inf	inf	0.0000	inf	19.3111	36.3483	0.0000	122.8674	127.7752	0.0000	0.0000	0.0000	0.0000	
39	139	0.1417	3	1	2	0	0	0	0	0	0	N	Y	N	N	N	N	N	N	N	N	N	N	2.5764	1.0390	19462.9050	2.8997	3.0432	inf	1.7538	0.0000	24109.1086	6.3497	3.5559	30.6352	8.5479	9.0674	0.0045	5.0415	0.0000	38.6462	2.4646	3.4223	0.0016	2.9478	2.9796	0.0000	2.8746	5.5058	0.0016	0.9911	0.0005	0.4730	-0.0868	5.0001	2.0138	5.0000	2.7349	1.9911	1.0000	0.9911	1.0000	1.0000	0.0000	0.9911	0.0000	0.9911	0.1665	0.1665	0.0001	0.0121	0.0121	0.0000	0.1545	0.1544	0.0001	0.3136	0.2812	0.0324	0.1170	0.1103	0.0067	0.1966	0.1709	0.0256	0.1180	0.0608	0.0572	0.0231	0.0221	0.0010	0.0949	0.0387	0.0561	4.4995	1.2997	19462.9050	16.3992	16.6195	inf	3.0966	0.0000	24109.1086	1.4112	2.7360	0.0016	0.5212	0.5456	0.0000	1.6281	3.9848	0.0016
39	140	0.1582	4	0	2	0	0	0	0	0	0	N	Y	N	N	N	N	N	N	N	N	N	N	0.1832	0.0789	0.0176	0.0232	inf	inf	0.0001	0.0001	0.0000	0.0001	0.0002	0.0000	0.0000	0.0000	0.0000	0.0004	0.0011	0.0000	0.0081	0.0069	0.0000	0.0000	0.0000	0.0000	0.0000	0.0000	-0.0000	-0.0000	5.0001	1.9232	5.0000	1.1116	0.0000	0.0000	0.0000	0.0000	0.0000	0.0000	0.0000	0.0000	0.0000	0.0000	0.0000	0.0000	0.0000	0.0000	0.0000	0.0000	0.0000	0.0000	0.3941	0.3485	0.0457	0.2108	0.1866	0.0242	0.1834	0.1619	0.0215	0.0534	0.0242	0.0292	0.0040	0.0037	0.0002	0.0494	0.0205	0.0290	0.4066	0.2085	0.0000	0.0567	0.0601	0.0000	inf	inf	0.0000	0.0002	0.0004	0.0000	0.0025	0.0027	0.0000	0.0000	0.0000	0.0000			
39	141	0.6666	6	0	2	0	0	0	0	0	0	N	Y	N	N	N	N	N	N	N	N	N	N	0.0000	0.0000	0.0000	0.0000	0.0000	0.0000	0.0000	0.0000	0.0000	0.0000	0.0000	0.0000	0.0000	0.0000	0.0000	0.0000	0.0000	0.0000	0.0000	0.0000	5.0001	3.0000	5.0000	1.0000	0.0000	0.0000	0.0000	0.0000	0.0000	0.0000	0.0000	0.0000	0.0000	0.0000	0.0000	0.0000	0.0000	0.0000	0.0000	0.0000	0.0000	0.0000	0.5935	0.5441	0.0493	0.4540	0.4244	0.0296	0.1395	0.1198	0.0197	0.0446	0.0250	0.0196	0.0222	0.0190	0.0032	0.0224	0.0061	0.0164	0.0000	0.0000	0.0000	0.0000	0.0000	0.0000	0.0000	0.0000	0.0000	0.0000	0.0000	0.0000	0.0000	0.0000	0.0000	0.0000	0.0000	0.0000											
39	142	0.6474	5	0	1	0	0	0	0	0	0	N	N	N	N	N	N	N	N	N	N	N	N	0.0000	0.0000	0.0000	0.0000	0.0000	0.0000	0.0000	0.0000	0.0000	0.0000	0.0000	0.0000	0.0000	0.0000	0.0000	0.0000	0.0000	0.0000	0.0000	0.0000	5.0001	1.0000	5.0000	1.0000	0.0000	0.0000	0.0000	0.0000	0.0000	0.0000	0.0000	0.0000	0.0000	0.0000	0.0000	0.0000	0.0000	0.0000	0.0000	0.0000	0.0000	0.0000	0.2009	0.1847	0.0163	0.1529	0.1435	0.0094	0.0481	0.0412	0.0069	0.0230	0.0129	0.0101	0.0114	0.0097	0.0017	0.0116	0.0031	0.0085	0.0000	0.0000	0.0000	0.0000	0.0000	0.0000	0.0000	0.0000	0.0000	0.0000	0.0000	0.0000	0.0000	0.0000	0.0000	0.0000	0.0000	0.0000											
39	143	0.3970	4	0	1	0	0	0	0	0	0	N	N	N	N	N	N	N	N	N	N	N	N	0.3936	inf	0.0000	0.2752	inf	0.0000	0.3079	inf	0.0000	1.5730	1.7628	0.0000	1.3601	1.4851	0.0000	1.8475	2.1430	0.0000	3.9962	0.0000	19.1282	4.9428	0.0000	108.4570	6.0000	0.0000	20.0761	0.0000	inf	-0.5059	0.8675	5.0001	7.1211	5.0000	10.9474	1.9442	1.9442	0.0000	0.9465	0.9465	0.0000	0.9976	0.9976	0.0000	1.8144	0.0000	1.8144	0.5019	0.0000	0.5019	1.3125	0.0000	1.3125	1.2359	1.1029	0.1330	0.6960	0.6374	0.0586	0.5400	0.4655	0.0745	0.4540	0.2902	0.1638	0.2353	0.2009	0.0344	0.2187	0.0893	0.1294	0.3936	inf	0.0000	0.6375	inf	0.0000	0.3079	inf	0.0000	3.9962	0.0000	11.0777	2.1333	0.0000	14.6070	6.0000	0.0000	10.1407
39	144	0.2023	3	0	1	0	0	0	0	0	0	N	N	N	N	N	N	N	N	N	N	N	N	0.0305	0.0252	0.0006	0.0290	0.0331	0.0002	0.0075	0.0045	0.0012	0.0849	0.0944	0.0035	0.1414	0.1515	0.0057	0.0253	0.0291	0.0023	2.7864	3.7511	6.2121	4.8783	4.5774	32.8787	3.3707	6.5110	1.9534	0.0043	0.2491	-0.0269	-0.3541	5.0001	8.5175	5.0000	23.1696	0.1051	0.1047	0.0004	0.0899	0.0896	0.0002	0.0153	0.0151	0.0002	1.0980	0.8790	0.2189	0.1849	0.1618	0.0231	0.9130	0.7173	0.1958	1.2388	1.1091	0.1297	0.6359	0.5918	0.0441	0.6028	0.5173	0.0856	0.4622	0.2343	0.2279	0.1003	0.0907	0.0096	0.3619	0.1436	0.2183	0.0357	0.0252	0.0036	0.0767	0.0849	0.0023	0.0100	0.0058	0.0026	2.3753	3.7511	0.9606	1.8435	1.7833	2.4121	2.5227	4.9938	0.8968
39	145	0.1768	6	1	2	0	0	0	0	0	0	N	Y	N	N	N	N	N	N	N	N	N	N	inf	inf	inf	inf	0.0008	0.0009	0.0000	0.0016	0.0017	0.0000	0.0000	0.0000	0.0000	0.0000	0.0000	0.0000	0.0000	0.0000	0.0000	0.0000	0.0000	0.0000	0.0000	-0.0000	0.0000	5.0001	1.0000	5.0000	1.0000	0.0001	0.0001	0.0000	0.0001	0.0001	0.0000	0.0000	0.0000	0.0000	0.0000	0.0000	0.0000	0.0000	0.0000	0.0000	0.0000	0.0000	0.0000	0.1547	0.1387	0.0159	0.0821	0.0763	0.0059	0.0725	0.0625	0.0100	0.0292	0.0117	0.0175	0.0004	0.0003	0.0000	0.0289	0.0114	0.0175	inf	inf	0.0000	inf	inf	0.0000	0.0000	0.0000	0.0000	0.0000	0.0000	0.0000	0.0000	0.0000	0.0000	0.0000	0.0000	0.0000						
39	146	0.1768	5	0	2	0	0	0	0	0	0	N	Y	N	N	N	N	N	N	N	N	N	N	0.0000	0.0000	0.0000	0.0000	0.0000	0.0000	0.0000	0.0000	0.0000	0.0000	0.0000	0.0000	0.0000	0.0000	0.0000	0.0000	0.0000	0.0000	0.0000	0.0000	5.0001	0.0003	5.0000	0.0000	0.0000	0.0000	0.0000	0.0000	0.0000	0.0000	0.0000	0.0000	0.0000	0.0000	0.0000	0.0000	0.0000	0.0000	0.0000	0.0000	0.0000	0.0000	0.0001	0.0001	0.0000	0.0001	0.0001	0.0000	0.0000	0.0000	0.0000	0.0000	0.0000	0.0000	0.0000	0.0000	0.0000	0.0000	0.0000	0.0000	0.0000	0.0000	0.0000	0.0000	0.0000	0.0000	0.0000	0.0000	0.0000	0.0000	0.0000	0.0000	0.0000	0.0000	0.0000	0.0000	0.0000	0.0000											
39	147	0.1582	4	0	1	0	0	0	0	0	0	N	N	N	N	N	N	N	N	N	N	N	N	0.1481	0.0781	0.0133	0.0174	inf	inf	0.0000	0.0000	0.0000	0.0001	0.0001	0.0000	0.0000	0.0000	0.0000	0.0003	0.0006	0.0000	0.0066	0.0056	0.0000	0.0000	0.0000	0.0000	0.0000	0.0000	-0.0000	-0.0000	5.0001	4.9449	5.0000	1.0063	0.0000	0.0000	0.0000	0.0000	0.0000	0.0000	0.0000	0.0000	0.0000	0.0000	0.0000	0.0000	0.0000	0.0000	0.0000	0.0000	0.0000	0.0000	0.7327	0.6492	0.0835	0.3409	0.3075	0.0334	0.3918	0.3417	0.0501	0.0960	0.0421	0.0539	0.0045	0.0042	0.0003	0.0915	0.0379	0.0536	0.3929	0.1944	0.0000	0.0392	0.0408	0.0000	inf	inf	0.0000	0.0001	0.0002	0.0000	0.0022	0.0024	0.0000	0.0000	0.0000	0.0000			
39	148	0.1417	3	0	1	0	0	0	0	0	0	N	N	N	N	N	N	N	N	N	N	N	N	0.0080	0.0064	0.0077	0.0096	0.0100	0.0000	0.0002	0.0001	0.1891	0.0188	0.0210	0.0004	0.0521	0.0556	0.0000	0.0003	0.0003	0.0005	2.3447	3.2714	0.0500	5.4420	5.5812	4.3916	2.0688	4.3892	0.0026	0.0022	0.0070	-0.0023	-0.0652	5.0001	3.4778	5.0000	1.2917	0.0091	0.0091	0.0000	0.0090	0.0090	0.0000	0.0001	0.0001	0.0000	0.1266	0.1257	0.0009	0.0752	0.0745	0.0007	0.0514	0.0512	0.0001	0.4832	0.4318	0.0514	0.1727	0.1618	0.0109	0.3105	0.2700	0.0405	0.1183	0.0610	0.0574	0.0231	0.0221	0.0010	0.0952	0.0389	0.0563	0.0176	0.0102	0.0251	0.0160	0.0165	0.0000	0.0006	0.0002	0.1891	1.0698	2.0617	0.0154	3.2525	3.3713	0.7121	0.5395	1.3174	0.0026
39	149	0.0913	2	0	1	0	0	0	0	0	0	N	N	N	N	N	N	N	N	N	N	N	N	0.0019	0.0000	0.7215	inf	inf	0.0035	0.0000	2.9629	0.0085	0.0002	0.0825	0.0001	0.0002	0.0000	0.0157	0.0002	0.1158	4.4667	10.5695	0.1143	0.0000	0.0000	0.0000	4.5053	10.7779	0.0391	55.6873	0.0044	0.0066	-0.4349	5.0001	7.8050	5.0000	4.0035	0.0091	0.0002	0.0089	0.0001	0.0001	0.0000	0.0090	0.0001	0.0089	0.8403	0.8366	0.0037	0.0000	0.0000	0.0000	0.8403	0.8366	0.0037	1.0623	0.9542	0.1080	0.4874	0.4563	0.0311	0.5749	0.4979	0.0769	0.1881	0.0792	0.1090	0.0016	0.0015	0.0001	0.1865	0.0776	0.1089	0.0019	0.0000	2.4558	inf	inf	0.0000	0.0035	0.0000	3.4449	4.4667	10.5695	0.0336	0.0000	0.0000	0.0000	4.5053	10.7779	0.0336	
39	150	0.2186	4	0	1	0	0	0	0	0	0	N	N	N	N	N	N	N	N	N	N	N	N	0.6284	0.5097	0.0000	0.0005	0.0005	0.0000	1.2330	0.7572	0.0000	1.4274	1.5902	0.0000	0.0008	0.0009	0.0000	3.1628	3.7340	0.0000	2.2713	3.1199	0.0056	1.8458	1.9507	0.0100	2.5652	4.9313	0.0047	0.0000	0.0022	-0.2597	-0.1532	5.0001	3.7255	5.0000	14.1767	0.9982	0.9982	0.0000	0.0003	0.0003	0.0000	0.9979	0.9979	0.0000	0.2948	0.2942	0.0006	0.0128	0.0127	0.0000	0.2820	0.2814	0.0006	0.6993	0.6277	0.0716	0.3838	0.3605	0.0234	0.3155	0.2673	0.0483	0.3066	0.1709	0.1357	0.0811	0.0746	0.0064	0.2255	0.0962	0.1293	1.4842	0.9236	0.0000	0.0053	0.0052	0.0000	2.5288	1.2766	0.0000	0.9617	1.7217	0.0048	0.1577	0.1707	0.0062	1.2507	2.9249	0.0047
39	151	0.2023	3	0	1	0	0	0	0	0	0	N	N	N	N	N	N	N	N	N	N	N	N	0.0050	0.0040	0.0014	0.0023	0.0024	0.0000	0.0052	0.0030	0.0120	0.0138	0.0154	0.0005	0.0129	0.0135	0.0000	0.0150	0.0178	0.0007	2.7485	3.7982	0.3726	5.5859	5.6024	24.7448	2.8586	5.9817	0.0602	0.0041	0.0198	-0.0013	-0.2109	5.0001	1.4205	5.0000	4.0377	0.0049	0.0049	0.0000	0.0025	0.0025	0.0000	0.0025	0.0024	0.0000	0.4197	0.4115	0.0082	0.2220	0.2177	0.0043	0.1977	0.1938	0.0038	0.3581	0.3209	0.0371	0.1936	0.1842	0.0094	0.1644	0.1367	0.0277	0.1883	0.1083	0.0799	0.0667	0.0641	0.0026	0.1216	0.0443	0.0773	0.0062	0.0040	0.0053	0.0039	0.0040	0.0000	0.0092	0.0041	0.0146	2.2290	3.7982	0.1021	3.3287	3.3969	1.6579	1.6257	4.3792	0.0494
39	152	0.0913	2	0	1	0	0	0	0	0	0	N	N	N	N	N	N	N	N	N	N	N	N	0.1786	0.2015	0.0000	inf	inf	0.0000	0.0000	0.0000	1.0977	1.2213	0.0000	2.3525	2.5116	0.0000	0.0002	0.0003	0.0000	6.1468	6.0601	14.5216	0.0000	0.0000	0.0000	6.2008	7.4586	14.3071	0.0000	1.3889	-0.2597	0.1027	5.0001	6.4701	5.0000	12.4371	0.9981	0.9981	0.0000	0.9979	0.9979	0.0000	0.0001	0.0001	0.0000	1.7270	0.7229	1.0041	0.0000	0.0000	0.0000	1.7270	0.7229	1.0041	0.9092	0.8172	0.0920	0.4242	0.3973	0.0269	0.4850	0.4198	0.0652	0.2810	0.1193	0.1617	0.0024	0.0023	0.0001	0.2785	0.1170	0.1615	0.1786	0.2015	0.0000	inf	inf	0.0000	0.0000	0.0000	0.0000	6.1468	6.0601	6.2107	0.0000	0.0000	0.0000	6.2008	6.1804	6.2156	
40	41	0.6423	6	0	2	0	0	0	0	0	0	N	Y	N	N	N	N	N	N	N	N	N	N	0.0000	0.0000	0.0000	0.0000	0.0000	0.0000	0.0000	0.0000	0.0000	0.0000	0.0000	0.0000	0.0000	0.0000	0.0000	0.0000	0.0000	0.0000	0.0000	0.0000	0.0000	5.9998	2.0000	3.0000	0.0000	0.0000	0.0000	0.0000	0.0000	0.0000	0.0000	0.0000	0.0000	0.0000	0.0000	0.0000	0.0000	0.0000	0.0000	0.0000	0.0000	0.0000	0.0000	0.0000	0.0000	0.0000	0.0000	0.0000	0.0000	0.0000	0.0000	0.0238	0.0147	0.0091	0.0134	0.0115	0.0019	0.0104	0.0032	0.0073	0.0000	0.0000	0.0000	0.0000	0.0000	0.0000	0.0000	0.0000	0.0000	0.0000	0.0000	0.0000	0.0000	0.0000	0.0000	0.0000	0.0000	0.0000											
40	42	0.1334	7	0	2	1	1	0	0	0	0	N	Y	N	N	N	N	N	N	N	N	N	N	0.0000	0.0000	0.0000	0.0000	0.0000	0.0000	0.0000	0.0000	0.0000	0.0000	0.0000	0.0000	0.0000	0.0000	0.0000	0.0000	0.0000	0.0000	0.0000	0.0000	0.0000	0.0011	2.0000	1.0134	0.0000	0.0000	0.0000	0.0000	0.0000	0.0000	0.0000	0.0000	0.0000	0.0000	0.0000	0.0000	0.0000	0.0000	0.0000	0.0000	0.0000	0.0000	0.0000	0.0000	0.0000	0.0000	0.0000	0.0000	0.0000	0.0000	0.0000	0.0052	0.0021	0.0031	0.0004	0.0004	0.0000	0.0048	0.0018	0.0031	0.0000	0.0000	0.0000	0.0000	0.0000	0.0000	0.0000	0.0000	0.0000	0.0000	0.0000	0.0000	0.0000	0.0000	0.0000	0.0000	0.0000	0.0000											
40	43	0.1115	6	0	1	0	1	0	0	0	0	N	N	N	N	N	N	N	N	N	N	N	N	0.0000	0.0000	0.0000	0.0000	0.0000	0.0000	0.0000	0.0000	0.0000	0.0000	0.0000	0.0000	0.0000	0.0000	0.0000	0.0000	0.0000	0.0000	0.0000	0.0000	0.0000	2.8187	2.0000	0.0347	0.0000	0.0000	0.0000	0.0000	0.0000	0.0000	0.0000	0.0000	0.0000	0.0000	0.0000	0.0000	0.0000	0.0000	0.0000	0.0000	0.0000	0.0000	0.0000	0.0000	0.0000	0.0000	0.0000	0.0000	0.0000	0.0000	0.0000	0.0151	0.0057	0.0094	0.0008	0.0007	0.0001	0.0143	0.0050	0.0093	0.0000	0.0000	0.0000	0.0000	0.0000	0.0000	0.0000	0.0000	0.0000	0.0000	0.0000	0.0000	0.0000	0.0000	0.0000	0.0000	0.0000	0.0000											
40	44	0.0988	5	0	1	0	0	0	0	0	0	N	N	N	N	N	N	N	N	N	N	N	N	0.0000	0.0000	0.0000	0.0000	0.0000	0.0000	0.0000	0.0000	0.0000	0.0000	0.0000	0.0000	0.0000	0.0000	0.0000	0.0000	0.0000	0.0000	0.0000	0.0000	0.0000	0.9605	2.0000	1.0076	0.0000	0.0000	0.0000	0.0000	0.0000	0.0000	0.0000	0.0000	0.0000	0.0000	0.0000	0.0000	0.0000	0.0000	0.0000	0.0000	0.0000	0.0000	0.0000	0.0000	0.0000	0.0000	0.0000	0.0000	0.0000	0.0000	0.0000	0.0101	0.0038	0.0063	0.0003	0.0003	0.0000	0.0098	0.0035	0.0063	0.0000	0.0000	0.0000	0.0000	0.0000	0.0000	0.0000	0.0000	0.0000	0.0000	0.0000	0.0000	0.0000	0.0000	0.0000	0.0000	0.0000	0.0000											
40	45	0.6542	8	0	2	1	1	0	0	0	0	N	Y	N	N	N	N	N	N	N	N	N	N	0.0000	0.0000	0.0000	0.0000	0.0000	0.0000	0.0000	0.0000	0.0000	0.0000	0.0000	0.0000	0.0000	0.0000	0.0000	0.0000	0.0000	0.0000	0.0000	0.0000	0.0000	1.0000	2.0000	1.0000	0.0000	0.0000	0.0000	0.0000	0.0000	0.0000	0.0000	0.0000	0.0000	0.0000	0.0000	0.0000	0.0000	0.0000	0.0000	0.0000	0.0000	0.0000	0.0000	0.0000	0.0000	0.0000	0.0000	0.0000	0.0000	0.0000	0.0000	0.0065	0.0038	0.0027	0.0031	0.0027	0.0004	0.0034	0.0011	0.0023	0.0000	0.0000	0.0000	0.0000	0.0000	0.0000	0.0000	0.0000	0.0000	0.0000	0.0000	0.0000	0.0000	0.0000	0.0000	0.0000	0.0000	0.0000											
40	46	0.0449	2	0	2	0	0	0	0	0	0	N	Y	N	N	N	N	N	N	N	N	N	N	0.0000	0.0000	0.0000	0.0000	0.0000	0.0000	0.0000	0.0000	0.0000	0.0000	0.0000	0.0000	0.0000	0.0000	0.0000	0.0000	0.0000	0.0000	0.0000	0.0000	0.0000	0.0000	2.0000	0.0000	0.0000	0.0000	0.0000	0.0000	0.0000	0.0000	0.0000	0.0000	0.0000	0.0000	0.0000	0.0000	0.0000	0.0000	0.0000	0.0000	0.0000	0.0000	0.0000	0.0000	0.0000	0.0000	0.0000	0.0000	0.0000	0.0000	0.0000	0.0000	0.0000	0.0000	0.0000	0.0000	0.0000	0.0000	0.0000	0.0000	0.0000	0.0000	0.0000	0.0000	0.0000	0.0000	0.0000	0.0000	0.0000	0.0000	0.0000	0.0000	0.0000	0.0000	0.0000	0.0000	0.0000	0.0000											
40	47	0.0988	5	0	2	0	1	0	0	0	0	N	Y	N	N	N	N	N	N	N	N	N	N	0.0000	0.0000	0.0000	0.0000	0.0000	0.0000	0.0000	0.0000	0.0000	0.0000	0.0000	0.0000	0.0000	0.0000	0.0000	0.0000	0.0000	0.0000	0.0000	0.0000	0.0000	0.0000	2.0000	1.0000	0.0000	0.0000	0.0000	0.0000	0.0000	0.0000	0.0000	0.0000	0.0000	0.0000	0.0000	0.0000	0.0000	0.0000	0.0000	0.0000	0.0000	0.0000	0.0000	0.0000	0.0000	0.0000	0.0000	0.0000	0.0000	0.0000	0.0000	0.0054	0.0021	0.0033	0.0002	0.0002	0.0000	0.0052	0.0019	0.0033	0.0000	0.0000	0.0000	0.0000	0.0000	0.0000	0.0000	0.0000	0.0000	0.0000	0.0000	0.0000	0.0000	0.0000	0.0000	0.0000	0.0000	0.0000											
40	48	0.0449	2	1	2	0	0	0	0	0	0	N	Y	N	N	N	N	N	N	N	N	N	N	0.0000	0.0000	0.0000	0.0000	0.0000	0.0000	0.0000	0.0000	0.0000	0.0000	0.0000	0.0000	0.0000	0.0000	0.0000	0.0000	0.0000	0.0000	0.0000	0.0000	0.0000	0.0000	2.0000	4.0000	0.0000	0.0000	0.0000	0.0000	0.0000	0.0000	0.0000	0.0000	0.0000	0.0000	0.0000	0.0000	0.0000	0.0000	0.0000	0.0000	0.0000	0.0000	0.0000	0.0000	0.0000	0.0000	0.0000	0.0000	0.0000	0.0000	0.0000	0.0145	0.0048	0.0097	0.0000	0.0000	0.0000	0.0145	0.0048	0.0097	0.0000	0.0000	0.0000	0.0000	0.0000	0.0000	0.0000	0.0000	0.0000	0.0000	0.0000	0.0000	0.0000	0.0000	0.0000	0.0000	0.0000	0.0000											
40	49	0.1196	6	0	1	1	0	0	0	0	0	N	N	N	N	N	N	N	N	N	N	N	N	0.0000	0.0000	0.0000	0.0000	0.0000	0.0000	0.0000	0.0000	0.0000	0.0000	0.0000	0.0000	0.0000	0.0000	0.0000	0.0000	0.0000	0.0000	0.0000	0.0000	0.0000	0.0000	2.0000	0.0000	0.0000	0.0000	0.0000	0.0000	0.0000	0.0000	0.0000	0.0000	0.0000	0.0000	0.0000	0.0000	0.0000	0.0000	0.0000	0.0000	0.0000	0.0000	0.0000	0.0000	0.0000	0.0000	0.0000	0.0000	0.0000	0.0000	0.0000	0.0000	0.0000	0.0000	0.0000	0.0000	0.0000	0.0000	0.0000	0.0000	0.0000	0.0000	0.0000	0.0000	0.0000	0.0000	0.0000	0.0000	0.0000	0.0000	0.0000	0.0000	0.0000	0.0000	0.0000	0.0000	0.0000	0.0000											
40	50	0.6633	7	0	1	1	0	0	0	0	0	N	N	N	N	N	N	N	N	N	N	N	N	0.0000	0.0000	0.0000	0.0000	0.0000	0.0000	0.0000	0.0000	0.0000	0.0000	0.0000	0.0000	0.0000	0.0000	0.0000	0.0000	0.0000	0.0000	0.0000	0.0000	0.0000	1.0000	2.0000	1.0000	0.0000	0.0000	0.0000	0.0000	0.0000	0.0000	0.0000	0.0000	0.0000	0.0000	0.0000	0.0000	0.0000	0.0000	0.0000	0.0000	0.0000	0.0000	0.0000	0.0000	0.0000	0.0000	0.0000	0.0000	0.0000	0.0000	0.0000	0.0065	0.0036	0.0029	0.0030	0.0025	0.0004	0.0035	0.0010	0.0025	0.0000	0.0000	0.0000	0.0000	0.0000	0.0000	0.0000	0.0000	0.0000	0.0000	0.0000	0.0000	0.0000	0.0000	0.0000	0.0000	0.0000	0.0000											
40	51	0.6678	7	0	2	0	0	0	0	0	0	N	Y	N	N	N	N	N	N	N	N	N	N	0.0000	0.0000	0.0000	0.0000	0.0000	0.0000	0.0000	0.0000	0.0000	0.0000	0.0000	0.0000	0.0000	0.0000	0.0000	0.0000	0.0000	0.0000	0.0000	0.0000	0.0000	0.0003	2.0000	0.9690	0.0000	0.0000	0.0000	0.0000	0.0000	0.0000	0.0000	0.0000	0.0000	0.0000	0.0000	0.0000	0.0000	0.0000	0.0000	0.0000	0.0000	0.0000	0.0000	0.0000	0.0000	0.0000	0.0000	0.0000	0.0000	0.0000	0.0000	0.0065	0.0048	0.0017	0.0044	0.0039	0.0004	0.0021	0.0008	0.0013	0.0000	0.0000	0.0000	0.0000	0.0000	0.0000	0.0000	0.0000	0.0000	0.0000	0.0000	0.0000	0.0000	0.0000	0.0000	0.0000	0.0000	0.0000											
40	52	0.1229	6	0	2	0	0	0	0	0	0	N	Y	N	N	N	N	N	N	N	N	N	N	0.0000	0.0000	0.0000	0.0000	0.0000	0.0000	0.0000	0.0000	0.0000	0.0000	0.0000	0.0000	0.0000	0.0000	0.0000	0.0000	0.0000	0.0000	0.0000	0.0000	0.0000	0.9211	2.0000	0.1671	0.0000	0.0000	0.0000	0.0000	0.0000	0.0000	0.0000	0.0000	0.0000	0.0000	0.0000	0.0000	0.0000	0.0000	0.0000	0.0000	0.0000	0.0000	0.0000	0.0000	0.0000	0.0000	0.0000	0.0000	0.0000	0.0000	0.0000	0.0094	0.0051	0.0044	0.0028	0.0025	0.0003	0.0067	0.0026	0.0041	0.0000	0.0000	0.0000	0.0000	0.0000	0.0000	0.0000	0.0000	0.0000	0.0000	0.0000	0.0000	0.0000	0.0000	0.0000	0.0000	0.0000	0.0000											
40	53	0.6542	8	0	2	0	0	0	0	0	0	N	Y	N	N	N	N	N	N	N	N	N	N	0.0000	0.0000	0.0000	0.0000	0.0000	0.0000	0.0000	0.0000	0.0000	0.0000	0.0000	0.0000	0.0000	0.0000	0.0000	0.0000	0.0000	0.0000	0.0000	0.0000	0.0000	1.0000	2.0000	5.0000	0.0000	0.0000	0.0000	0.0000	0.0000	0.0000	0.0000	0.0000	0.0000	0.0000	0.0000	0.0000	0.0000	0.0000	0.0000	0.0000	0.0000	0.0000	0.0000	0.0000	0.0000	0.0000	0.0000	0.0000	0.0000	0.0000	0.0000	0.0187	0.0110	0.0077	0.0091	0.0078	0.0013	0.0096	0.0032	0.0064	0.0000	0.0000	0.0000	0.0000	0.0000	0.0000	0.0000	0.0000	0.0000	0.0000	0.0000	0.0000	0.0000	0.0000	0.0000	0.0000	0.0000	0.0000											
40	54	0.6390	7	0	1	0	0	0	0	0	0	N	N	N	N	N	N	N	N	N	N	N	N	0.0000	0.0000	0.0000	0.0000	0.0000	0.0000	0.0000	0.0000	0.0000	0.0000	0.0000	0.0000	0.0000	0.0000	0.0000	0.0000	0.0000	0.0000	0.0000	0.0000	0.0000	0.0000	2.0000	2.9157	0.0000	0.0000	0.0000	0.0000	0.0000	0.0000	0.0000	0.0000	0.0000	0.0000	0.0000	0.0000	0.0000	0.0000	0.0000	0.0000	0.0000	0.0000	0.0000	0.0000	0.0000	0.0000	0.0000	0.0000	0.0000	0.0000	0.0000	0.0120	0.0068	0.0051	0.0058	0.0051	0.0006	0.0062	0.0017	0.0045	0.0000	0.0000	0.0000	0.0000	0.0000	0.0000	0.0000	0.0000	0.0000	0.0000	0.0000	0.0000	0.0000	0.0000	0.0000	0.0000	0.0000	0.0000											
40	55	0.0988	5	0	2	0	0	0	0	0	0	N	Y	N	N	N	N	N	N	N	N	N	N	0.0000	0.0000	0.0000	0.0000	0.0000	0.0000	0.0000	0.0000	0.0000	0.0000	0.0000	0.0000	0.0000	0.0000	0.0000	0.0000	0.0000	0.0000	0.0000	0.0000	0.0000	2.0000	2.0000	3.0000	0.0000	0.0000	0.0000	0.0000	0.0000	0.0000	0.0000	0.0000	0.0000	0.0000	0.0000	0.0000	0.0000	0.0000	0.0000	0.0000	0.0000	0.0000	0.0000	0.0000	0.0000	0.0000	0.0000	0.0000	0.0000	0.0000	0.0000	0.0239	0.0087	0.0152	0.0004	0.0004	0.0000	0.0234	0.0083	0.0151	0.0000	0.0000	0.0000	0.0000	0.0000	0.0000	0.0000	0.0000	0.0000	0.0000	0.0000	0.0000	0.0000	0.0000	0.0000	0.0000	0.0000	0.0000											
40	56	0.6312	6	0	2	0	1	0	0	0	0	N	Y	N	N	N	N	N	N	N	N	N	N	0.0000	0.0000	0.0000	0.0000	0.0000	0.0000	0.0000	0.0000	0.0000	0.0000	0.0000	0.0000	0.0000	0.0000	0.0000	0.0000	0.0000	0.0000	0.0000	0.0000	0.0000	1.7218	2.0000	6.9557	0.0000	0.0000	0.0000	0.0000	0.0000	0.0000	0.0000	0.0000	0.0000	0.0000	0.0000	0.0000	0.0000	0.0000	0.0000	0.0000	0.0000	0.0000	0.0000	0.0000	0.0000	0.0000	0.0000	0.0000	0.0000	0.0000	0.0000	0.0265	0.0154	0.0111	0.0127	0.0109	0.0018	0.0138	0.0045	0.0093	0.0000	0.0000	0.0000	0.0000	0.0000	0.0000	0.0000	0.0000	0.0000	0.0000	0.0000	0.0000	0.0000	0.0000	0.0000	0.0000	0.0000	0.0000											
40	57	0.6423	6	1	1	1	0	0	0	0	0	N	N	N	N	N	N	N	N	N	N	N	N	0.0000	0.0000	0.0000	0.0000	0.0000	0.0000	0.0000	0.0000	0.0000	0.0000	0.0000	0.0000	0.0000	0.0000	0.0000	0.0000	0.0000	0.0000	0.0000	0.0000	0.0000	8.9999	2.0000	5.0001	0.0000	0.0000	0.0000	0.0000	0.0000	0.0000	0.0000	0.0000	0.0000	0.0000	0.0000	0.0000	0.0000	0.0000	0.0000	0.0000	0.0000	0.0000	0.0000	0.0000	0.0000	0.0000	0.0000	0.0000	0.0000	0.0000	0.0000	0.0354	0.0219	0.0135	0.0201	0.0172	0.0028	0.0154	0.0047	0.0107	0.0000	0.0000	0.0000	0.0000	0.0000	0.0000	0.0000	0.0000	0.0000	0.0000	0.0000	0.0000	0.0000	0.0000	0.0000	0.0000	0.0000	0.0000											
40	58	0.0449	2	1	1	1	0	0	0	0	0	N	N	N	N	N	N	N	N	N	N	N	N	0.0000	0.0000	0.0000	0.0000	0.0000	0.0000	0.0000	0.0000	0.0000	0.0000	0.0000	0.0000	0.0000	0.0000	0.0000	0.0000	0.0000	0.0000	0.0000	0.0000	0.0000	0.0000	2.0000	1.0000	0.0000	0.0000	0.0000	0.0000	0.0000	0.0000	0.0000	0.0000	0.0000	0.0000	0.0000	0.0000	0.0000	0.0000	0.0000	0.0000	0.0000	0.0000	0.0000	0.0000	0.0000	0.0000	0.0000	0.0000	0.0000	0.0000	0.0000	0.0039	0.0013	0.0026	0.0000	0.0000	0.0000	0.0039	0.0013	0.0026	0.0000	0.0000	0.0000	0.0000	0.0000	0.0000	0.0000	0.0000	0.0000	0.0000	0.0000	0.0000	0.0000	0.0000	0.0000	0.0000	0.0000	0.0000											
40	59	0.6678	7	0	1	1	0	0	0	0	0	N	N	N	N	N	N	N	N	N	N	N	N	0.0000	0.0000	0.0000	0.0000	0.0000	0.0000	0.0000	0.0000	0.0000	0.0000	0.0000	0.0000	0.0000	0.1443	0.1990	0.0000	0.0388	0.0382	0.0000	0.0000	0.0000	0.0000	0.0000	0.0000	-0.0000	0.0000	0.0006	2.0000	1.1867	0.0000	0.0000	0.0000	0.0000	0.0000	0.0000	0.0000	0.0000	0.0000	0.0000	0.0000	0.0000	0.0000	0.0000	0.0000	0.0000	0.0000	0.0000	0.0000	0.0000	0.0000	0.0000	0.0000	0.0000	0.0000	0.0000	0.0000	0.0072	0.0051	0.0020	0.0047	0.0042	0.0005	0.0025	0.0009	0.0015	0.0000	0.0000	0.0000	0.0000	0.0000	0.0000	0.0000	0.0000	0.0000	0.0042	0.0058	0.0000	0.0064	0.0071	0.0000	0.0000	0.0000	0.0000						
40	60	0.6312	6	0	1	0	0	0	0	0	0	N	N	N	N	N	N	N	N	N	N	N	N	0.0000	0.0000	0.0000	0.0000	0.0000	0.0000	0.0000	0.0000	0.0000	0.0000	0.0000	0.0000	0.0000	0.0112	0.0201	0.0000	0.0000	0.0000	0.0000	0.0158	0.5410	0.0000	0.0000	0.0000	-0.0000	0.0000	2.2785	2.0000	4.8627	0.0000	0.0000	0.0000	0.0000	0.0000	0.0000	0.0000	0.0000	0.0000	0.0000	0.0000	0.0000	0.0000	0.0000	0.0000	0.0000	0.0000	0.0000	0.0000	0.0000	0.0000	0.0000	0.0000	0.0000	0.0000	0.0000	0.0000	0.0221	0.0129	0.0093	0.0106	0.0091	0.0015	0.0115	0.0038	0.0078	0.0000	0.0000	0.0000	0.0000	0.0000	0.0000	0.0000	0.0000	0.0000	0.0014	0.0023	0.0000	0.0000	0.0000	0.0000	0.0026	0.0079	0.0000						
40	61	0.1229	6	0	1	1	0	0	0	0	0	N	N	N	N	N	N	N	N	N	N	N	N	0.0000	0.0000	0.0000	0.0000	0.0000	0.0000	0.0000	0.0000	0.0000	0.0000	0.0000	0.0000	0.0000	0.0000	0.0000	0.0000	0.0000	0.0000	0.0000	0.0000	0.0000	1.0901	2.0000	7.9319	0.0000	0.0000	0.0000	0.0000	0.0000	0.0000	0.0000	0.0000	0.0000	0.0000	0.0000	0.0000	0.0000	0.0000	0.0000	0.0000	0.0000	0.0000	0.0000	0.0000	0.0000	0.0000	0.0000	0.0000	0.0000	0.0000	0.0000	0.0449	0.0179	0.0269	0.0037	0.0033	0.0004	0.0411	0.0146	0.0265	0.0000	0.0000	0.0000	0.0000	0.0000	0.0000	0.0000	0.0000	0.0000	0.0000	0.0000	0.0000	0.0000	0.0000	0.0000	0.0000	0.0000	0.0000											
40	62	0.0928	5	0	1	0	0	0	0	0	0	N	N	N	N	N	N	N	N	N	N	N	N	0.0000	0.0000	0.0000	0.0000	0.0000	0.0000	0.0000	0.0000	0.0000	0.0000	0.0000	0.0000	0.0000	0.0000	0.0000	0.0000	0.0000	0.0000	0.0000	0.0000	0.0000	1.6797	2.0000	2.9843	0.0000	0.0000	0.0000	0.0000	0.0000	0.0000	0.0000	0.0000	0.0000	0.0000	0.0000	0.0000	0.0000	0.0000	0.0000	0.0000	0.0000	0.0000	0.0000	0.0000	0.0000	0.0000	0.0000	0.0000	0.0000	0.0000	0.0000	0.0226	0.0083	0.0143	0.0007	0.0007	0.0001	0.0219	0.0077	0.0142	0.0000	0.0000	0.0000	0.0000	0.0000	0.0000	0.0000	0.0000	0.0000	0.0000	0.0000	0.0000	0.0000	0.0000	0.0000	0.0000	0.0000	0.0000											
40	63	0.0826	4	0	1	0	0	0	0	0	0	N	N	N	N	N	N	N	N	N	N	N	N	0.0000	0.0000	0.0000	0.0000	0.0000	0.0000	0.0000	0.0000	0.0000	0.0000	0.0000	0.0000	0.0000	0.0000	0.0000	0.0000	0.0000	0.0000	0.0000	0.0000	0.0000	0.4935	2.0000	1.5835	0.0000	0.0000	0.0000	0.0000	0.0000	0.0000	0.0000	0.0000	0.0000	0.0000	0.0000	0.0000	0.0000	0.0000	0.0000	0.0000	0.0000	0.0000	0.0000	0.0000	0.0000	0.0000	0.0000	0.0000	0.0000	0.0000	0.0000	0.0103	0.0037	0.0066	0.0001	0.0001	0.0000	0.0102	0.0035	0.0066	0.0000	0.0000	0.0000	0.0000	0.0000	0.0000	0.0000	0.0000	0.0000	0.0000	0.0000	0.0000	0.0000	0.0000	0.0000	0.0000	0.0000	0.0000											
40	64	0.1196	6	0	2	0	0	0	0	0	0	N	Y	N	N	N	N	N	N	N	N	N	N	0.0000	0.0000	0.0000	0.0000	0.0000	0.0000	0.0000	0.0000	0.0000	0.0000	0.0000	0.0000	0.0000	0.0000	0.0000	0.0000	0.0000	0.0000	0.0000	0.0000	0.0000	0.2944	2.0000	1.0083	0.0000	0.0000	0.0000	0.0000	0.0000	0.0000	0.0000	0.0000	0.0000	0.0000	0.0000	0.0000	0.0000	0.0000	0.0000	0.0000	0.0000	0.0000	0.0000	0.0000	0.0000	0.0000	0.0000	0.0000	0.0000	0.0000	0.0000	0.0067	0.0024	0.0043	0.0002	0.0002	0.0000	0.0065	0.0022	0.0042	0.0000	0.0000	0.0000	0.0000	0.0000	0.0000	0.0000	0.0000	0.0000	0.0000	0.0000	0.0000	0.0000	0.0000	0.0000	0.0000	0.0000	0.0000											
40	65	0.0988	5	0	1	0	0	0	0	0	0	N	N	N	N	N	N	N	N	N	N	N	N	0.0000	0.0000	0.0000	0.0000	0.0000	0.0000	0.0000	0.0000	0.0000	0.0000	0.0000	0.0000	0.0000	0.0000	0.0000	0.0000	0.0000	0.0000	0.0000	0.0000	0.0000	1.1351	2.0000	2.0429	0.0000	0.0000	0.0000	0.0000	0.0000	0.0000	0.0000	0.0000	0.0000	0.0000	0.0000	0.0000	0.0000	0.0000	0.0000	0.0000	0.0000	0.0000	0.0000	0.0000	0.0000	0.0000	0.0000	0.0000	0.0000	0.0000	0.0000	0.0157	0.0058	0.0100	0.0003	0.0003	0.0000	0.0154	0.0055	0.0099	0.0000	0.0000	0.0000	0.0000	0.0000	0.0000	0.0000	0.0000	0.0000	0.0000	0.0000	0.0000	0.0000	0.0000	0.0000	0.0000	0.0000	0.0000											
40	66	0.0826	4	0	1	0	0	0	0	0	0	N	N	N	N	N	N	N	N	N	N	N	N	0.0000	0.0000	0.0000	0.0000	0.0000	0.0000	0.0000	0.0000	0.0000	0.0000	0.0000	0.0000	0.0000	0.0000	0.0000	0.0000	0.0000	0.0000	0.0000	0.0000	0.0000	0.4912	2.0000	2.4266	0.0000	0.0000	0.0000	0.0000	0.0000	0.0000	0.0000	0.0000	0.0000	0.0000	0.0000	0.0000	0.0000	0.0000	0.0000	0.0000	0.0000	0.0000	0.0000	0.0000	0.0000	0.0000	0.0000	0.0000	0.0000	0.0000	0.0000	0.0143	0.0051	0.0092	0.0002	0.0002	0.0000	0.0141	0.0049	0.0092	0.0000	0.0000	0.0000	0.0000	0.0000	0.0000	0.0000	0.0000	0.0000	0.0000	0.0000	0.0000	0.0000	0.0000	0.0000	0.0000	0.0000	0.0000											
40	67	0.0775	3	0	1	0	0	0	0	0	0	N	N	N	N	N	N	N	N	N	N	N	N	0.0000	0.0000	0.0000	0.0000	0.0000	0.0000	0.0000	0.0000	0.0000	0.0000	0.0000	0.0000	0.0000	0.0000	0.0000	0.0000	0.0000	0.0000	0.0000	0.0000	0.0000	0.6141	2.0000	1.2701	0.0000	0.0000	0.0000	0.0000	0.0000	0.0000	0.0000	0.0000	0.0000	0.0000	0.0000	0.0000	0.0000	0.0000	0.0000	0.0000	0.0000	0.0000	0.0000	0.0000	0.0000	0.0000	0.0000	0.0000	0.0000	0.0000	0.0000	0.0097	0.0036	0.0062	0.0003	0.0003	0.0000	0.0094	0.0033	0.0062	0.0000	0.0000	0.0000	0.0000	0.0000	0.0000	0.0000	0.0000	0.0000	0.0000	0.0000	0.0000	0.0000	0.0000	0.0000	0.0000	0.0000	0.0000											
40	68	0.0449	2	1	2	1	0	0	0	0	0	N	Y	N	N	N	N	N	N	N	N	N	N	0.0000	0.0000	0.0000	0.0000	0.0000	0.0000	0.0000	0.0000	0.0000	0.0000	0.0000	0.0000	0.0000	0.0000	0.0000	0.0000	0.0000	0.0000	0.0000	0.0000	0.0000	0.0000	2.0000	0.0000	0.0000	0.0000	0.0000	0.0000	0.0000	0.0000	0.0000	0.0000	0.0000	0.0000	0.0000	0.0000	0.0000	0.0000	0.0000	0.0000	0.0000	0.0000	0.0000	0.0000	0.0000	0.0000	0.0000	0.0000	0.0000	0.0000	0.0000	0.0000	0.0000	0.0000	0.0000	0.0000	0.0000	0.0000	0.0000	0.0000	0.0000	0.0000	0.0000	0.0000	0.0000	0.0000	0.0000	0.0000	0.0000	0.0000	0.0000	0.0000	0.0000	0.0000	0.0000	0.0000	0.0000	0.0000											
40	69	0.6876	8	1	2	1	0	0	0	0	0	N	Y	N	N	N	N	N	N	N	N	N	N	0.0000	0.0000	0.0000	0.0000	0.0000	0.0000	0.0000	0.0000	0.0000	0.0000	0.0000	0.0000	0.0000	0.0000	0.0000	0.0000	0.0000	0.0000	0.0000	0.0000	0.0000	1.0000	2.0000	0.0000	0.0000	0.0000	0.0000	0.0000	0.0000	0.0000	0.0000	0.0000	0.0000	0.0000	0.0000	0.0000	0.0000	0.0000	0.0000	0.0000	0.0000	0.0000	0.0000	0.0000	0.0000	0.0000	0.0000	0.0000	0.0000	0.0000	0.0000	0.0021	0.0012	0.0009	0.0012	0.0011	0.0002	0.0009	0.0002	0.0007	0.0000	0.0000	0.0000	0.0000	0.0000	0.0000	0.0000	0.0000	0.0000	0.0000	0.0000	0.0000	0.0000	0.0000	0.0000	0.0000	0.0000	0.0000											
40	70	0.6876	8	1	2	1	0	0	0	0	0	N	Y	N	N	N	N	N	N	N	N	N	N	0.0000	0.0000	0.0000	0.0000	0.0000	0.0000	0.0000	0.0000	0.0000	0.0000	0.0000	0.0000	0.0000	0.0000	0.0000	0.0000	0.0000	0.0000	0.0000	0.0000	0.0000	0.0000	2.0000	0.0000	0.0000	0.0000	0.0000	0.0000	0.0000	0.0000	0.0000	0.0000	0.0000	0.0000	0.0000	0.0000	0.0000	0.0000	0.0000	0.0000	0.0000	0.0000	0.0000	0.0000	0.0000	0.0000	0.0000	0.0000	0.0000	0.0000	0.0000	0.0000	0.0000	0.0000	0.0000	0.0000	0.0000	0.0000	0.0000	0.0000	0.0000	0.0000	0.0000	0.0000	0.0000	0.0000	0.0000	0.0000	0.0000	0.0000	0.0000	0.0000	0.0000	0.0000	0.0000	0.0000	0.0000	0.0000											
40	71	0.6652	7	1	2	1	0	0	0	0	0	N	Y	N	N	N	N	N	N	N	N	N	N	0.0000	0.0000	0.0000	0.0000	0.0000	0.0000	0.0000	0.0000	0.0000	0.0000	0.0000	0.0000	0.0000	0.0000	0.0000	0.0000	0.0000	0.0000	0.0000	0.0000	0.0000	2.0000	2.0000	1.0000	0.0000	0.0000	0.0000	0.0000	0.0000	0.0000	0.0000	0.0000	0.0000	0.0000	0.0000	0.0000	0.0000	0.0000	0.0000	0.0000	0.0000	0.0000	0.0000	0.0000	0.0000	0.0000	0.0000	0.0000	0.0000	0.0000	0.0000	0.0063	0.0036	0.0027	0.0036	0.0031	0.0005	0.0027	0.0005	0.0021	0.0000	0.0000	0.0000	0.0000	0.0000	0.0000	0.0000	0.0000	0.0000	0.0000	0.0000	0.0000	0.0000	0.0000	0.0000	0.0000	0.0000	0.0000											
40	72	0.6423	6	1	1	1	0	0	0	0	0	N	N	N	N	N	N	N	N	N	N	N	N	0.0000	0.0000	0.0000	0.0000	0.0000	0.0000	0.0000	0.0000	0.0000	0.0000	0.0000	0.0000	0.0000	0.0000	0.0000	0.0000	0.0000	0.0000	0.0000	0.0000	0.0000	1.0017	2.0000	2.0007	0.0000	0.0000	0.0000	0.0000	0.0000	0.0000	0.0000	0.0000	0.0000	0.0000	0.0000	0.0000	0.0000	0.0000	0.0000	0.0000	0.0000	0.0000	0.0000	0.0000	0.0000	0.0000	0.0000	0.0000	0.0000	0.0000	0.0000	0.0084	0.0052	0.0033	0.0047	0.0040	0.0006	0.0037	0.0011	0.0026	0.0000	0.0000	0.0000	0.0000	0.0000	0.0000	0.0000	0.0000	0.0000	0.0000	0.0000	0.0000	0.0000	0.0000	0.0000	0.0000	0.0000	0.0000											
40	73	0.0641	3	1	2	0	0	0	0	0	0	N	Y	N	N	N	N	N	N	N	N	N	N	0.0000	0.0000	0.0000	0.0000	0.0000	0.0000	0.0000	0.0000	0.0000	0.0000	0.0000	0.0000	0.0000	0.0000	0.0000	0.0000	0.0000	0.0000	0.0000	0.0000	0.0000	0.0000	2.0000	0.0000	0.0000	0.0000	0.0000	0.0000	0.0000	0.0000	0.0000	0.0000	0.0000	0.0000	0.0000	0.0000	0.0000	0.0000	0.0000	0.0000	0.0000	0.0000	0.0000	0.0000	0.0000	0.0000	0.0000	0.0000	0.0000	0.0000	0.0000	0.0000	0.0000	0.0000	0.0000	0.0000	0.0000	0.0000	0.0000	0.0000	0.0000	0.0000	0.0000	0.0000	0.0000	0.0000	0.0000	0.0000	0.0000	0.0000	0.0000	0.0000	0.0000	0.0000	0.0000	0.0000	0.0000	0.0000											
40	74	0.6692	7	1	2	0	0	0	0	0	0	N	Y	N	N	N	N	N	N	N	N	N	N	0.0000	0.0000	0.0000	0.0000	0.0000	0.0000	0.0000	0.0000	0.0000	0.0000	0.0000	0.0000	0.0000	0.0000	0.0000	0.0000	0.0000	0.0000	0.0000	0.0000	0.0000	0.0000	2.0000	0.0010	0.0000	0.0000	0.0000	0.0000	0.0000	0.0000	0.0000	0.0000	0.0000	0.0000	0.0000	0.0000	0.0000	0.0000	0.0000	0.0000	0.0000	0.0000	0.0000	0.0000	0.0000	0.0000	0.0000	0.0000	0.0000	0.0000	0.0000	0.0015	0.0012	0.0003	0.0008	0.0008	0.0000	0.0008	0.0005	0.0003	0.0000	0.0000	0.0000	0.0000	0.0000	0.0000	0.0000	0.0000	0.0000	0.0000	0.0000	0.0000	0.0000	0.0000	0.0000	0.0000	0.0000	0.0000											
40	75	0.6584	9	0	2	0	1	0	0	0	0	N	Y	N	N	N	N	N	N	N	N	N	N	0.0000	0.0000	0.0000	0.0000	0.0000	0.0000	0.0000	0.0000	0.0000	0.0000	0.0000	0.0000	0.0000	0.0000	0.0000	0.0000	0.0000	0.0000	0.0000	0.0000	0.0000	0.0000	2.0000	0.0000	0.0000	0.0000	0.0000	0.0000	0.0000	0.0000	0.0000	0.0000	0.0000	0.0000	0.0000	0.0000	0.0000	0.0000	0.0000	0.0000	0.0000	0.0000	0.0000	0.0000	0.0000	0.0000	0.0000	0.0000	0.0000	0.0000	0.0000	0.0000	0.0000	0.0000	0.0000	0.0000	0.0000	0.0000	0.0000	0.0000	0.0000	0.0000	0.0000	0.0000	0.0000	0.0000	0.0000	0.0000	0.0000	0.0000	0.0000	0.0000	0.0000	0.0000	0.0000	0.0000	0.0000	0.0000											
40	76	0.6584	9	0	1	0	1	0	0	0	0	N	N	N	N	N	N	N	N	N	N	N	N	0.0000	0.0000	0.0000	0.0000	0.0000	0.0000	0.0000	0.0000	0.0000	0.0000	0.0000	0.0000	0.0000	0.0000	0.0000	0.0000	0.0000	0.0000	0.0000	0.0000	0.0000	0.0000	2.0000	0.0000	0.0000	0.0000	0.0000	0.0000	0.0000	0.0000	0.0000	0.0000	0.0000	0.0000	0.0000	0.0000	0.0000	0.0000	0.0000	0.0000	0.0000	0.0000	0.0000	0.0000	0.0000	0.0000	0.0000	0.0000	0.0000	0.0000	0.0000	0.0000	0.0000	0.0000	0.0000	0.0000	0.0000	0.0000	0.0000	0.0000	0.0000	0.0000	0.0000	0.0000	0.0000	0.0000	0.0000	0.0000	0.0000	0.0000	0.0000	0.0000	0.0000	0.0000	0.0000	0.0000	0.0000	0.0000											
40	77	0.6430	8	0	1	0	1	0	0	0	0	N	N	N	N	N	N	N	N	N	N	N	N	0.0000	0.0000	0.0000	0.0000	0.0000	0.0000	0.0000	0.0000	0.0000	0.0000	0.0000	0.0000	0.0000	0.0000	0.0000	0.0000	0.0000	0.0000	0.0000	0.0000	0.0000	0.0002	2.0000	2.9297	0.0000	0.0000	0.0000	0.0000	0.0000	0.0000	0.0000	0.0000	0.0000	0.0000	0.0000	0.0000	0.0000	0.0000	0.0000	0.0000	0.0000	0.0000	0.0000	0.0000	0.0000	0.0000	0.0000	0.0000	0.0000	0.0000	0.0000	0.0235	0.0146	0.0088	0.0160	0.0127	0.0032	0.0075	0.0019	0.0056	0.0000	0.0000	0.0000	0.0000	0.0000	0.0000	0.0000	0.0000	0.0000	0.0000	0.0000	0.0000	0.0000	0.0000	0.0000	0.0000	0.0000	0.0000											
40	78	0.6390	7	0	1	0	1	0	0	0	0	N	N	N	N	N	N	N	N	N	N	N	N	0.0000	0.0000	0.0000	0.0000	0.0000	0.0000	0.0000	0.0000	0.0000	0.0000	0.0000	0.0000	0.0000	0.0000	0.0000	0.0000	0.0000	0.0000	0.0000	0.0000	0.0000	0.0003	2.0000	2.1916	0.0000	0.0000	0.0000	0.0000	0.0000	0.0000	0.0000	0.0000	0.0000	0.0000	0.0000	0.0000	0.0000	0.0000	0.0000	0.0000	0.0000	0.0000	0.0000	0.0000	0.0000	0.0000	0.0000	0.0000	0.0000	0.0000	0.0000	0.0097	0.0055	0.0042	0.0047	0.0042	0.0005	0.0050	0.0013	0.0037	0.0000	0.0000	0.0000	0.0000	0.0000	0.0000	0.0000	0.0000	0.0000	0.0000	0.0000	0.0000	0.0000	0.0000	0.0000	0.0000	0.0000	0.0000											
40	79	0.6312	6	0	1	0	0	0	0	0	0	N	N	N	N	N	N	N	N	N	N	N	N	0.0000	0.0000	0.0000	0.0000	0.0000	0.0000	0.0000	0.0000	0.0000	0.0000	0.0000	0.0000	0.0000	0.0000	0.0000	0.0000	0.0000	0.0000	0.0000	0.0000	0.0000	0.2782	2.0000	1.3600	0.0000	0.0000	0.0000	0.0000	0.0000	0.0000	0.0000	0.0000	0.0000	0.0000	0.0000	0.0000	0.0000	0.0000	0.0000	0.0000	0.0000	0.0000	0.0000	0.0000	0.0000	0.0000	0.0000	0.0000	0.0000	0.0000	0.0000	0.0054	0.0031	0.0023	0.0025	0.0022	0.0004	0.0028	0.0009	0.0019	0.0000	0.0000	0.0000	0.0000	0.0000	0.0000	0.0000	0.0000	0.0000	0.0000	0.0000	0.0000	0.0000	0.0000	0.0000	0.0000	0.0000	0.0000											
40	80	0.6748	8	0	2	1	0	0	0	0	0	N	Y	N	N	N	N	N	N	N	N	N	N	0.0000	0.0000	0.0000	0.0000	0.0000	0.0000	0.0000	0.0000	0.0000	0.0000	0.0000	0.0000	0.0000	0.0000	0.0000	0.0000	0.0000	0.0000	0.0000	0.0000	0.0000	0.0029	2.0000	2.0135	0.0000	0.0000	0.0000	0.0000	0.0000	0.0000	0.0000	0.0000	0.0000	0.0000	0.0000	0.0000	0.0000	0.0000	0.0000	0.0000	0.0000	0.0000	0.0000	0.0000	0.0000	0.0000	0.0000	0.0000	0.0000	0.0000	0.0000	0.0076	0.0052	0.0024	0.0050	0.0045	0.0005	0.0026	0.0007	0.0019	0.0000	0.0000	0.0000	0.0000	0.0000	0.0000	0.0000	0.0000	0.0000	0.0000	0.0000	0.0000	0.0000	0.0000	0.0000	0.0000	0.0000	0.0000											
40	81	0.6682	7	0	2	0	0	0	0	0	0	N	Y	N	N	N	N	N	N	N	N	N	N	0.0000	0.0000	0.0000	0.0000	0.0000	0.0000	0.0000	0.0000	0.0000	0.0000	0.0000	0.0000	0.0000	0.0000	0.0000	0.0000	0.0000	0.0000	0.0000	0.0000	0.0000	0.6188	2.0000	0.9475	0.0000	0.0000	0.0000	0.0000	0.0000	0.0000	0.0000	0.0000	0.0000	0.0000	0.0000	0.0000	0.0000	0.0000	0.0000	0.0000	0.0000	0.0000	0.0000	0.0000	0.0000	0.0000	0.0000	0.0000	0.0000	0.0000	0.0000	0.0055	0.0033	0.0021	0.0031	0.0028	0.0004	0.0023	0.0005	0.0018	0.0000	0.0000	0.0000	0.0000	0.0000	0.0000	0.0000	0.0000	0.0000	0.0000	0.0000	0.0000	0.0000	0.0000	0.0000	0.0000	0.0000	0.0000											
40	83	0.6423	6	1	1	1	0	0	0	0	0	N	N	N	N	N	N	N	N	N	N	N	N	0.0000	0.0000	0.0000	0.0000	0.0000	0.0000	0.0000	0.0000	0.0000	0.0000	0.0000	0.0000	0.0000	0.0000	0.0000	0.0000	0.0000	0.0000	0.0000	0.0000	0.0000	9.0001	2.0000	3.0001	0.0000	0.0000	0.0000	0.0000	0.0000	0.0000	0.0000	0.0000	0.0000	0.0000	0.0000	0.0000	0.0000	0.0000	0.0000	0.0000	0.0000	0.0000	0.0000	0.0000	0.0000	0.0000	0.0000	0.0000	0.0000	0.0000	0.0000	0.0309	0.0191	0.0118	0.0175	0.0150	0.0025	0.0134	0.0041	0.0094	0.0000	0.0000	0.0000	0.0000	0.0000	0.0000	0.0000	0.0000	0.0000	0.0000	0.0000	0.0000	0.0000	0.0000	0.0000	0.0000	0.0000	0.0000											
40	84	0.0449	2	1	1	1	0	0	0	0	0	N	N	N	N	N	N	N	N	N	N	N	N	0.0000	0.0000	0.0000	0.0000	0.0000	0.0000	0.0000	0.0000	0.0000	0.0000	0.0000	0.0000	0.0000	0.0000	0.0000	0.0000	0.0000	0.0000	0.0000	0.0000	0.0000	4.0000	2.0000	0.0000	0.0000	0.0000	0.0000	0.0000	0.0000	0.0000	0.0000	0.0000	0.0000	0.0000	0.0000	0.0000	0.0000	0.0000	0.0000	0.0000	0.0000	0.0000	0.0000	0.0000	0.0000	0.0000	0.0000	0.0000	0.0000	0.0000	0.0000	0.0145	0.0048	0.0097	0.0000	0.0000	0.0000	0.0145	0.0048	0.0097	0.0000	0.0000	0.0000	0.0000	0.0000	0.0000	0.0000	0.0000	0.0000	0.0000	0.0000	0.0000	0.0000	0.0000	0.0000	0.0000	0.0000	0.0000											
40	85	0.0910	3	1	2	0	0	0	0	0	0	N	Y	N	N	N	N	N	N	N	N	N	N	0.0000	0.0000	0.0000	0.0000	0.0000	0.0000	0.0000	0.0000	0.0000	0.0000	0.0000	0.0000	0.0000	0.0000	0.0000	65.5677	0.0000	114.5401	2.4471	0.0000	68.3999	77.3057	0.0000	115.6513	inf	0.0000	0.4748	0.0000	1.0086	2.0000	1.7435	0.0000	0.0000	0.0000	0.0000	0.0000	0.0000	0.0000	0.0000	0.0000	0.9932	0.0000	0.9932	0.0008	0.0000	0.0008	0.9925	0.0000	0.9925	0.0000	0.0000	0.0000	0.0000	0.0000	0.0000	0.0000	0.0000	0.0000	0.0151	0.0065	0.0087	0.0023	0.0022	0.0001	0.0128	0.0043	0.0086	0.0000	0.0000	0.0000	0.0000	0.0000	0.0000	0.0000	0.0000	0.0000	65.5677	0.0000	114.5401	0.3247	0.0000	8.3518	77.3057	0.0000	115.6513				
40	86	0.0449	2	1	2	0	0	0	0	0	0	N	Y	N	N	N	N	N	N	N	N	N	N	0.0000	0.0000	0.0000	0.0000	0.0000	0.0000	0.0000	0.0000	0.0000	0.0000	0.0000	0.0000	0.0000	0.0000	0.0000	0.0000	0.0000	0.0000	0.0000	0.0000	0.0000	1.0165	2.0000	4.1395	0.0000	0.0000	0.0000	0.0000	0.0000	0.0000	0.0000	0.0000	0.0000	0.0000	0.0000	0.0000	0.0000	0.0000	0.0000	0.0000	0.0000	0.0000	0.0000	0.0000	0.0000	0.0000	0.0000	0.0000	0.0000	0.0000	0.0000	0.0183	0.0061	0.0123	0.0000	0.0000	0.0000	0.0183	0.0061	0.0123	0.0000	0.0000	0.0000	0.0000	0.0000	0.0000	0.0000	0.0000	0.0000	0.0000	0.0000	0.0000	0.0000	0.0000	0.0000	0.0000	0.0000	0.0000											
40	87	0.6010	5	1	2	0	0	0	0	0	0	N	Y	N	N	N	N	N	N	N	N	N	N	0.0000	0.0000	0.0000	0.0000	0.0000	0.0000	0.0000	0.0000	0.0000	0.0000	0.0000	0.0000	0.0000	0.0000	0.0000	0.0000	0.0000	0.0000	0.0000	0.0000	0.0000	9.0005	2.0000	5.0000	0.0000	0.0000	0.0000	0.0000	0.0000	0.0000	0.0000	0.0000	0.0000	0.0000	0.0000	0.0000	0.0000	0.0000	0.0000	0.0000	0.0000	0.0000	0.0000	0.0000	0.0000	0.0000	0.0000	0.0000	0.0000	0.0000	0.0000	0.0429	0.0246	0.0183	0.0197	0.0169	0.0028	0.0233	0.0077	0.0155	0.0000	0.0000	0.0000	0.0000	0.0000	0.0000	0.0000	0.0000	0.0000	0.0000	0.0000	0.0000	0.0000	0.0000	0.0000	0.0000	0.0000	0.0000											
40	89	0.6682	7	0	2	0	0	0	0	0	0	N	Y	N	N	N	N	N	N	N	N	N	N	0.0000	0.0000	0.0000	0.0000	0.0000	0.0000	0.0000	0.0000	0.0000	0.0000	0.0000	0.0000	0.0000	0.0000	0.0000	0.0000	0.0000	0.0000	0.0000	0.0000	0.0000	1.9953	2.0000	1.0817	0.0000	0.0000	0.0000	0.0000	0.0000	0.0000	0.0000	0.0000	0.0000	0.0000	0.0000	0.0000	0.0000	0.0000	0.0000	0.0000	0.0000	0.0000	0.0000	0.0000	0.0000	0.0000	0.0000	0.0000	0.0000	0.0000	0.0000	0.0095	0.0059	0.0036	0.0056	0.0049	0.0007	0.0040	0.0011	0.0029	0.0000	0.0000	0.0000	0.0000	0.0000	0.0000	0.0000	0.0000	0.0000	0.0000	0.0000	0.0000	0.0000	0.0000	0.0000	0.0000	0.0000	0.0000											
40	90	0.6423	6	0	2	0	0	0	0	0	0	N	Y	N	N	N	N	N	N	N	N	N	N	0.0000	0.0000	0.0000	0.0000	0.0000	0.0000	0.0000	0.0000	0.0000	0.0000	0.0000	0.0000	0.0000	0.0000	0.0000	0.0000	0.0000	0.0000	0.0000	0.0000	0.0000	2.3999	2.0000	4.0713	0.0000	0.0000	0.0000	0.0000	0.0000	0.0000	0.0000	0.0000	0.0000	0.0000	0.0000	0.0000	0.0000	0.0000	0.0000	0.0000	0.0000	0.0000	0.0000	0.0000	0.0000	0.0000	0.0000	0.0000	0.0000	0.0000	0.0000	0.0175	0.0108	0.0068	0.0098	0.0085	0.0014	0.0077	0.0023	0.0054	0.0000	0.0000	0.0000	0.0000	0.0000	0.0000	0.0000	0.0000	0.0000	0.0000	0.0000	0.0000	0.0000	0.0000	0.0000	0.0000	0.0000	0.0000											
40	91	0.6633	7	0	1	1	0	0	0	0	0	N	N	N	N	N	N	N	N	N	N	N	N	0.0000	0.0000	0.0000	0.0000	0.0000	0.0000	0.0000	0.0000	0.0000	0.0000	0.0000	0.0000	0.0000	0.0000	0.0000	0.0000	0.0000	0.0000	0.0000	0.0000	0.0000	0.0000	2.0000	0.0000	0.0000	0.0000	0.0000	0.0000	0.0000	0.0000	0.0000	0.0000	0.0000	0.0000	0.0000	0.0000	0.0000	0.0000	0.0000	0.0000	0.0000	0.0000	0.0000	0.0000	0.0000	0.0000	0.0000	0.0000	0.0000	0.0000	0.0000	0.0000	0.0000	0.0000	0.0000	0.0000	0.0000	0.0000	0.0000	0.0000	0.0000	0.0000	0.0000	0.0000	0.0000	0.0000	0.0000	0.0000	0.0000	0.0000	0.0000	0.0000	0.0000	0.0000	0.0000	0.0000	0.0000	0.0000											
40	92	0.6312	6	0	1	1	0	0	0	0	0	N	N	N	N	N	N	N	N	N	N	N	N	0.0000	0.0000	0.0000	0.0000	0.0000	0.0000	0.0000	0.0000	0.0000	0.0000	0.0000	0.0000	0.0000	0.0000	0.0000	0.0000	0.0000	0.0000	0.0000	0.0000	0.0000	3.7221	2.0000	2.9993	0.0000	0.0000	0.0000	0.0000	0.0000	0.0000	0.0000	0.0000	0.0000	0.0000	0.0000	0.0000	0.0000	0.0000	0.0000	0.0000	0.0000	0.0000	0.0000	0.0000	0.0000	0.0000	0.0000	0.0000	0.0000	0.0000	0.0000	0.0209	0.0122	0.0088	0.0100	0.0086	0.0014	0.0109	0.0036	0.0073	0.0000	0.0000	0.0000	0.0000	0.0000	0.0000	0.0000	0.0000	0.0000	0.0000	0.0000	0.0000	0.0000	0.0000	0.0000	0.0000	0.0000	0.0000											
40	93	0.6010	5	0	1	0	0	0	0	0	0	N	N	N	N	N	N	N	N	N	N	N	N	0.0000	0.0000	0.0000	0.0000	0.0000	0.0000	0.0000	0.0000	0.0000	0.0000	0.0000	0.0000	0.0000	0.0000	0.0000	0.0000	0.0000	0.0000	0.0000	0.0000	0.0000	2.7217	2.0000	3.0458	0.0000	0.0000	0.0000	0.0000	0.0000	0.0000	0.0000	0.0000	0.0000	0.0000	0.0000	0.0000	0.0000	0.0000	0.0000	0.0000	0.0000	0.0000	0.0000	0.0000	0.0000	0.0000	0.0000	0.0000	0.0000	0.0000	0.0000	0.0194	0.0109	0.0084	0.0086	0.0074	0.0012	0.0107	0.0035	0.0072	0.0000	0.0000	0.0000	0.0000	0.0000	0.0000	0.0000	0.0000	0.0000	0.0000	0.0000	0.0000	0.0000	0.0000	0.0000	0.0000	0.0000	0.0000											
40	94	0.6585	7	1	2	0	0	0	0	0	0	N	Y	N	N	N	N	N	N	N	N	N	N	0.0000	0.0000	0.0000	0.0000	0.0000	0.0000	0.0000	0.0000	0.0000	0.0000	0.0000	0.0000	0.0000	0.0000	0.0000	0.0000	0.0000	0.0000	0.0000	0.0000	0.0000	5.9980	2.0000	4.9575	0.0000	0.0000	0.0000	0.0000	0.0000	0.0000	0.0000	0.0000	0.0000	0.0000	0.0000	0.0000	0.0000	0.0000	0.0000	0.0000	0.0000	0.0000	0.0000	0.0000	0.0000	0.0000	0.0000	0.0000	0.0000	0.0000	0.0000	0.0265	0.0171	0.0094	0.0156	0.0134	0.0022	0.0109	0.0037	0.0071	0.0000	0.0000	0.0000	0.0000	0.0000	0.0000	0.0000	0.0000	0.0000	0.0000	0.0000	0.0000	0.0000	0.0000	0.0000	0.0000	0.0000	0.0000											
40	97	0.6010	5	0	1	0	0	0	0	0	0	N	N	N	N	N	N	N	N	N	N	N	N	0.0000	0.0000	0.0000	0.0000	0.0000	0.0000	0.0000	0.0000	0.0000	0.0000	0.0000	0.0000	0.0000	0.0000	0.0000	0.0000	0.0000	0.0000	0.0000	0.0000	0.0000	3.9994	2.0000	4.0000	0.0000	0.0000	0.0000	0.0000	0.0000	0.0000	0.0000	0.0000	0.0000	0.0000	0.0000	0.0000	0.0000	0.0000	0.0000	0.0000	0.0000	0.0000	0.0000	0.0000	0.0000	0.0000	0.0000	0.0000	0.0000	0.0000	0.0000	0.0262	0.0149	0.0113	0.0118	0.0101	0.0017	0.0144	0.0048	0.0097	0.0000	0.0000	0.0000	0.0000	0.0000	0.0000	0.0000	0.0000	0.0000	0.0000	0.0000	0.0000	0.0000	0.0000	0.0000	0.0000	0.0000	0.0000											
40	98	0.0449	2	0	1	0	0	0	0	0	0	N	N	N	N	N	N	N	N	N	N	N	N	0.0000	0.0000	0.0000	0.0000	0.0000	0.0000	0.0000	0.0000	0.0000	0.0000	0.0000	0.0000	0.0000	0.0000	0.0000	0.0000	0.0000	0.0000	0.0000	0.0000	0.0000	1.0000	2.0000	0.0000	0.0000	0.0000	0.0000	0.0000	0.0000	0.0000	0.0000	0.0000	0.0000	0.0000	0.0000	0.0000	0.0000	0.0000	0.0000	0.0000	0.0000	0.0000	0.0000	0.0000	0.0000	0.0000	0.0000	0.0000	0.0000	0.0000	0.0000	0.0070	0.0023	0.0047	0.0000	0.0000	0.0000	0.0070	0.0023	0.0047	0.0000	0.0000	0.0000	0.0000	0.0000	0.0000	0.0000	0.0000	0.0000	0.0000	0.0000	0.0000	0.0000	0.0000	0.0000	0.0000	0.0000	0.0000											
40	99	0.4900	4	0	1	0	0	0	0	0	0	N	N	N	N	N	N	N	N	N	N	N	N	0.0000	0.0000	0.0000	0.0000	0.0000	0.0000	0.0000	0.0000	0.0000	0.0000	0.0000	0.0000	0.0000	0.0000	0.0000	0.0000	0.0000	0.0000	0.0000	0.0000	0.0000	1.5982	2.0000	11.1970	0.0000	0.0000	0.0000	0.0000	0.0000	0.0000	0.0000	0.0000	0.0000	0.0000	0.0000	0.0000	0.0000	0.0000	0.0000	0.0000	0.0000	0.0000	0.0000	0.0000	0.0000	0.0000	0.0000	0.0000	0.0000	0.0000	0.0000	0.0538	0.0300	0.0238	0.0210	0.0189	0.0022	0.0327	0.0111	0.0216	0.0000	0.0000	0.0000	0.0000	0.0000	0.0000	0.0000	0.0000	0.0000	0.0000	0.0000	0.0000	0.0000	0.0000	0.0000	0.0000	0.0000	0.0000											
40	100	0.6600	8	1	2	1	0	0	0	0	0	N	Y	N	N	N	N	N	N	N	N	N	N	0.0000	0.0000	0.0000	0.0000	0.0000	0.0000	0.0000	0.0000	0.0000	0.0000	0.0000	0.0000	0.0000	0.0000	0.0000	0.0000	0.0000	0.0000	0.0000	0.0000	0.0000	0.0000	2.0000	0.9982	0.0000	0.0000	0.0000	0.0000	0.0000	0.0000	0.0000	0.0000	0.0000	0.0000	0.0000	0.0000	0.0000	0.0000	0.0000	0.0000	0.0000	0.0000	0.0000	0.0000	0.0000	0.0000	0.0000	0.0000	0.0000	0.0000	0.0000	0.0027	0.0017	0.0010	0.0016	0.0013	0.0002	0.0011	0.0004	0.0007	0.0000	0.0000	0.0000	0.0000	0.0000	0.0000	0.0000	0.0000	0.0000	0.0000	0.0000	0.0000	0.0000	0.0000	0.0000	0.0000	0.0000	0.0000											
40	101	0.0796	5	1	2	1	0	0	0	0	0	N	Y	N	N	N	N	N	N	N	N	N	N	0.0000	0.0000	0.0000	0.0000	0.0000	0.0000	0.0000	0.0000	0.0000	0.0000	0.0000	0.0000	0.0000	0.0000	0.0000	0.0000	0.0000	0.0000	0.0000	0.0000	0.0000	0.0000	2.0000	0.0000	0.0000	0.0000	0.0000	0.0000	0.0000	0.0000	0.0000	0.0000	0.0000	0.0000	0.0000	0.0000	0.0000	0.0000	0.0000	0.0000	0.0000	0.0000	0.0000	0.0000	0.0000	0.0000	0.0000	0.0000	0.0000	0.0000	0.0000	0.0000	0.0000	0.0000	0.0000	0.0000	0.0000	0.0000	0.0000	0.0000	0.0000	0.0000	0.0000	0.0000	0.0000	0.0000	0.0000	0.0000	0.0000	0.0000	0.0000	0.0000	0.0000	0.0000	0.0000	0.0000	0.0000	0.0000											
40	102	0.0796	4	1	1	1	0	0	0	0	0	N	N	N	N	N	N	N	N	N	N	N	N	0.0000	0.0000	0.0000	0.0000	0.0000	0.0000	0.0000	0.0000	0.0000	0.0000	0.0000	0.0000	0.0000	0.0000	0.0000	0.0000	0.0000	0.0000	0.0000	0.0000	0.0000	0.0000	2.0000	0.0000	0.0000	0.0000	0.0000	0.0000	0.0000	0.0000	0.0000	0.0000	0.0000	0.0000	0.0000	0.0000	0.0000	0.0000	0.0000	0.0000	0.0000	0.0000	0.0000	0.0000	0.0000	0.0000	0.0000	0.0000	0.0000	0.0000	0.0000	0.0000	0.0000	0.0000	0.0000	0.0000	0.0000	0.0000	0.0000	0.0000	0.0000	0.0000	0.0000	0.0000	0.0000	0.0000	0.0000	0.0000	0.0000	0.0000	0.0000	0.0000	0.0000	0.0000	0.0000	0.0000	0.0000	0.0000											
40	103	0.0735	3	1	1	1	0	0	0	0	0	N	N	N	N	N	N	N	N	N	N	N	N	0.0000	0.0000	0.0000	0.0000	0.0000	0.0000	0.0000	0.0000	0.0000	0.0000	0.0000	0.0000	0.0000	0.0000	0.0000	0.0000	0.0000	0.0000	0.0000	0.0000	0.0000	0.0000	2.0000	1.0091	0.0000	0.0000	0.0000	0.0000	0.0000	0.0000	0.0000	0.0000	0.0000	0.0000	0.0000	0.0000	0.0000	0.0000	0.0000	0.0000	0.0000	0.0000	0.0000	0.0000	0.0000	0.0000	0.0000	0.0000	0.0000	0.0000	0.0000	0.0085	0.0041	0.0044	0.0005	0.0005	0.0000	0.0080	0.0035	0.0044	0.0000	0.0000	0.0000	0.0000	0.0000	0.0000	0.0000	0.0000	0.0000	0.0000	0.0000	0.0000	0.0000	0.0000	0.0000	0.0000	0.0000	0.0000											
40	104	0.6010	5	0	2	0	0	0	0	0	0	N	Y	N	N	N	N	N	N	N	N	N	N	0.0000	0.0000	0.0000	0.0000	0.0000	0.0000	0.0000	0.0000	0.0000	0.0000	0.0000	0.0000	0.0000	0.0000	0.0000	0.0000	0.0000	0.0000	0.0000	0.0000	0.0000	7.9994	2.0000	4.0001	0.0000	0.0000	0.0000	0.0000	0.0000	0.0000	0.0000	0.0000	0.0000	0.0000	0.0000	0.0000	0.0000	0.0000	0.0000	0.0000	0.0000	0.0000	0.0000	0.0000	0.0000	0.0000	0.0000	0.0000	0.0000	0.0000	0.0000	0.0376	0.0215	0.0161	0.0171	0.0147	0.0024	0.0205	0.0068	0.0137	0.0000	0.0000	0.0000	0.0000	0.0000	0.0000	0.0000	0.0000	0.0000	0.0000	0.0000	0.0000	0.0000	0.0000	0.0000	0.0000	0.0000	0.0000											
40	105	0.6635	9	1	1	1	0	0	0	0	0	N	N	N	N	N	N	N	N	N	N	N	N	0.0000	0.0000	0.0000	0.0000	0.0000	0.0000	0.0000	0.0000	0.0000	0.0000	0.0000	0.0000	0.0000	0.0000	0.0000	0.0000	0.0000	0.0000	0.0000	0.0000	0.0000	1.0000	2.0000	1.0005	0.0000	0.0000	0.0000	0.0000	0.0000	0.0000	0.0000	0.0000	0.0000	0.0000	0.0000	0.0000	0.0000	0.0000	0.0000	0.0000	0.0000	0.0000	0.0000	0.0000	0.0000	0.0000	0.0000	0.0000	0.0000	0.0000	0.0000	0.0052	0.0034	0.0019	0.0030	0.0026	0.0004	0.0022	0.0007	0.0014	0.0000	0.0000	0.0000	0.0000	0.0000	0.0000	0.0000	0.0000	0.0000	0.0000	0.0000	0.0000	0.0000	0.0000	0.0000	0.0000	0.0000	0.0000											
40	106	0.6600	8	1	1	1	0	0	0	0	0	N	N	N	N	N	N	N	N	N	N	N	N	0.0000	0.0000	0.0000	0.0000	0.0000	0.0000	0.0000	0.0000	0.0000	0.0000	0.0000	0.0000	0.0000	0.0000	0.0000	0.0000	0.0000	0.0000	0.0000	0.0000	0.0000	0.7249	2.0000	0.0368	0.0000	0.0000	0.0000	0.0000	0.0000	0.0000	0.0000	0.0000	0.0000	0.0000	0.0000	0.0000	0.0000	0.0000	0.0000	0.0000	0.0000	0.0000	0.0000	0.0000	0.0000	0.0000	0.0000	0.0000	0.0000	0.0000	0.0000	0.0020	0.0013	0.0007	0.0012	0.0010	0.0002	0.0009	0.0003	0.0006	0.0000	0.0000	0.0000	0.0000	0.0000	0.0000	0.0000	0.0000	0.0000	0.0000	0.0000	0.0000	0.0000	0.0000	0.0000	0.0000	0.0000	0.0000											
40	107	0.6585	7	1	1	1	0	0	0	0	0	N	N	N	N	N	N	N	N	N	N	N	N	0.0000	0.0000	0.0000	0.0000	0.0000	0.0000	0.0000	0.0000	0.0000	0.0000	0.0000	0.0000	0.0000	0.0000	0.0000	0.0000	0.0000	0.0000	0.0000	0.0000	0.0000	0.4159	2.0000	0.0887	0.0000	0.0000	0.0000	0.0000	0.0000	0.0000	0.0000	0.0000	0.0000	0.0000	0.0000	0.0000	0.0000	0.0000	0.0000	0.0000	0.0000	0.0000	0.0000	0.0000	0.0000	0.0000	0.0000	0.0000	0.0000	0.0000	0.0000	0.0015	0.0010	0.0005	0.0009	0.0007	0.0001	0.0006	0.0002	0.0004	0.0000	0.0000	0.0000	0.0000	0.0000	0.0000	0.0000	0.0000	0.0000	0.0000	0.0000	0.0000	0.0000	0.0000	0.0000	0.0000	0.0000	0.0000											
40	108	0.6423	6	1	1	0	0	0	0	0	0	N	N	N	N	N	N	N	N	N	N	N	N	0.0000	0.0000	0.0000	0.0000	0.0000	0.0000	0.0000	0.0000	0.0000	0.0000	0.0000	0.0000	0.0000	0.0000	0.0000	0.0000	0.0000	0.0000	0.0000	0.0000	0.0000	3.9943	2.0000	0.9974	0.0000	0.0000	0.0000	0.0000	0.0000	0.0000	0.0000	0.0000	0.0000	0.0000	0.0000	0.0000	0.0000	0.0000	0.0000	0.0000	0.0000	0.0000	0.0000	0.0000	0.0000	0.0000	0.0000	0.0000	0.0000	0.0000	0.0000	0.0137	0.0084	0.0053	0.0077	0.0066	0.0011	0.0061	0.0018	0.0042	0.0000	0.0000	0.0000	0.0000	0.0000	0.0000	0.0000	0.0000	0.0000	0.0000	0.0000	0.0000	0.0000	0.0000	0.0000	0.0000	0.0000	0.0000											
40	109	0.0735	3	1	1	1	0	0	0	0	0	N	N	N	N	N	N	N	N	N	N	N	N	0.0000	0.0000	0.0000	0.0000	0.0000	0.0000	0.0000	0.0000	0.0000	0.0000	0.0000	0.0000	0.0000	0.0000	0.0000	0.0000	0.0000	0.0000	0.0000	0.0000	0.0000	0.0000	2.0000	0.9909	0.0000	0.0000	0.0000	0.0000	0.0000	0.0000	0.0000	0.0000	0.0000	0.0000	0.0000	0.0000	0.0000	0.0000	0.0000	0.0000	0.0000	0.0000	0.0000	0.0000	0.0000	0.0000	0.0000	0.0000	0.0000	0.0000	0.0000	0.0084	0.0040	0.0043	0.0005	0.0005	0.0000	0.0078	0.0035	0.0043	0.0000	0.0000	0.0000	0.0000	0.0000	0.0000	0.0000	0.0000	0.0000	0.0000	0.0000	0.0000	0.0000	0.0000	0.0000	0.0000	0.0000	0.0000											
40	110	0.0449	2	1	1	1	0	0	0	0	0	N	N	N	N	N	N	N	N	N	N	N	N	0.0000	0.0000	0.0000	0.0000	0.0000	0.0000	0.0000	0.0000	0.0000	0.0000	0.0000	0.0000	0.0000	0.0000	0.0000	0.0000	0.0000	0.0000	0.0000	0.0000	0.0000	4.0000	2.0000	0.0000	0.0000	0.0000	0.0000	0.0000	0.0000	0.0000	0.0000	0.0000	0.0000	0.0000	0.0000	0.0000	0.0000	0.0000	0.0000	0.0000	0.0000	0.0000	0.0000	0.0000	0.0000	0.0000	0.0000	0.0000	0.0000	0.0000	0.0000	0.0145	0.0048	0.0097	0.0000	0.0000	0.0000	0.0145	0.0048	0.0097	0.0000	0.0000	0.0000	0.0000	0.0000	0.0000	0.0000	0.0000	0.0000	0.0000	0.0000	0.0000	0.0000	0.0000	0.0000	0.0000	0.0000	0.0000											
40	112	0.6468	6	0	1	1	0	0	0	0	0	N	N	N	N	N	N	N	N	N	N	N	N	0.0000	0.0000	0.0000	0.0000	0.0000	0.0000	0.0000	0.0000	0.0000	0.0000	0.0000	0.0000	0.0000	0.0000	0.0000	0.0000	0.0000	0.0000	0.0000	0.0000	0.0000	0.0000	2.0000	0.0001	0.0000	0.0000	0.0000	0.0000	0.0000	0.0000	0.0000	0.0000	0.0000	0.0000	0.0000	0.0000	0.0000	0.0000	0.0000	0.0000	0.0000	0.0000	0.0000	0.0000	0.0000	0.0000	0.0000	0.0000	0.0000	0.0000	0.0000	0.0000	0.0000	0.0000	0.0000	0.0000	0.0000	0.0000	0.0000	0.0000	0.0000	0.0000	0.0000	0.0000	0.0000	0.0000	0.0000	0.0000	0.0000	0.0000	0.0000	0.0000	0.0000	0.0000	0.0000	0.0000	0.0000	0.0000											
40	113	0.6010	5	0	1	1	0	0	0	0	0	N	N	N	N	N	N	N	N	N	N	N	N	0.0000	0.0000	0.0000	0.0000	0.0000	0.0000	0.0000	0.0000	0.0000	0.0000	0.0000	0.0000	0.0000	0.0000	0.0000	0.0000	0.0000	0.0000	0.0000	0.0000	0.0000	4.0004	2.0000	4.9999	0.0000	0.0000	0.0000	0.0000	0.0000	0.0000	0.0000	0.0000	0.0000	0.0000	0.0000	0.0000	0.0000	0.0000	0.0000	0.0000	0.0000	0.0000	0.0000	0.0000	0.0000	0.0000	0.0000	0.0000	0.0000	0.0000	0.0000	0.0291	0.0166	0.0126	0.0131	0.0113	0.0019	0.0160	0.0053	0.0107	0.0000	0.0000	0.0000	0.0000	0.0000	0.0000	0.0000	0.0000	0.0000	0.0000	0.0000	0.0000	0.0000	0.0000	0.0000	0.0000	0.0000	0.0000											
40	114	0.0775	3	0	2	0	0	0	0	0	0	N	Y	N	N	N	N	N	N	N	N	N	N	0.0000	0.0000	0.0000	0.0000	0.0000	0.0000	0.0000	0.0000	0.0000	0.0000	0.0000	0.0000	0.0000	0.0000	0.0000	0.0000	0.0000	0.0000	0.0000	0.0000	0.0000	4.3361	2.0000	4.6323	0.0000	0.0000	0.0000	0.0000	0.0000	0.0000	0.0000	0.0000	0.0000	0.0000	0.0000	0.0000	0.0000	0.0000	0.0000	0.0000	0.0000	0.0000	0.0000	0.0000	0.0000	0.0000	0.0000	0.0000	0.0000	0.0000	0.0000	0.0401	0.0145	0.0256	0.0006	0.0005	0.0001	0.0395	0.0140	0.0255	0.0000	0.0000	0.0000	0.0000	0.0000	0.0000	0.0000	0.0000	0.0000	0.0000	0.0000	0.0000	0.0000	0.0000	0.0000	0.0000	0.0000	0.0000											
40	115	0.0449	2	0	1	0	0	0	0	0	0	N	N	N	N	N	N	N	N	N	N	N	N	0.0000	0.0000	0.0000	0.0000	0.0000	0.0000	0.0000	0.0000	0.0000	0.0000	0.0000	0.0000	0.0000	0.0000	0.0000	0.0000	0.0000	0.0000	0.0000	0.0000	0.0000	1.9840	2.0000	0.2610	0.0000	0.0000	0.0000	0.0000	0.0000	0.0000	0.0000	0.0000	0.0000	0.0000	0.0000	0.0000	0.0000	0.0000	0.0000	0.0000	0.0000	0.0000	0.0000	0.0000	0.0000	0.0000	0.0000	0.0000	0.0000	0.0000	0.0000	0.0084	0.0028	0.0057	0.0000	0.0000	0.0000	0.0084	0.0028	0.0057	0.0000	0.0000	0.0000	0.0000	0.0000	0.0000	0.0000	0.0000	0.0000	0.0000	0.0000	0.0000	0.0000	0.0000	0.0000	0.0000	0.0000	0.0000											
40	116	0.6010	5	0	2	0	1	0	0	0	0	N	Y	N	N	N	N	N	N	N	N	N	N	0.0000	0.0000	0.0000	0.0000	0.0000	0.0000	0.0000	0.0000	0.0000	0.0000	0.0000	0.0000	0.0000	0.0000	0.0000	0.0000	0.0000	0.0000	0.0000	0.0000	0.0000	5.0006	2.0000	2.0000	0.0000	0.0000	0.0000	0.0000	0.0000	0.0000	0.0000	0.0000	0.0000	0.0000	0.0000	0.0000	0.0000	0.0000	0.0000	0.0000	0.0000	0.0000	0.0000	0.0000	0.0000	0.0000	0.0000	0.0000	0.0000	0.0000	0.0000	0.0232	0.0131	0.0101	0.0104	0.0089	0.0015	0.0128	0.0042	0.0086	0.0000	0.0000	0.0000	0.0000	0.0000	0.0000	0.0000	0.0000	0.0000	0.0000	0.0000	0.0000	0.0000	0.0000	0.0000	0.0000	0.0000	0.0000											
40	117	0.0449	2	0	2	0	1	0	0	0	0	N	Y	N	N	N	N	N	N	N	N	N	N	0.0000	0.0000	0.0000	0.0000	0.0000	0.0000	0.0000	0.0000	0.0000	0.0000	0.0000	0.0000	0.0000	0.0000	0.0000	0.0000	0.0000	0.0000	0.0000	0.0000	0.0000	0.0000	2.0000	1.0000	0.0000	0.0000	0.0000	0.0000	0.0000	0.0000	0.0000	0.0000	0.0000	0.0000	0.0000	0.0000	0.0000	0.0000	0.0000	0.0000	0.0000	0.0000	0.0000	0.0000	0.0000	0.0000	0.0000	0.0000	0.0000	0.0000	0.0000	0.0053	0.0017	0.0036	0.0000	0.0000	0.0000	0.0053	0.0017	0.0036	0.0000	0.0000	0.0000	0.0000	0.0000	0.0000	0.0000	0.0000	0.0000	0.0000	0.0000	0.0000	0.0000	0.0000	0.0000	0.0000	0.0000	0.0000											
40	118	0.6010	5	0	2	0	0	0	0	0	0	N	Y	N	N	N	N	N	N	N	N	N	N	0.0000	0.0000	0.0000	0.0000	0.0000	0.0000	0.0000	0.0000	0.0000	0.0000	0.0000	0.0000	0.0000	0.0000	0.0000	0.0000	0.0000	0.0000	0.0000	0.0000	0.0000	16.9994	2.0000	6.0000	0.0000	0.0000	0.0000	0.0000	0.0000	0.0000	0.0000	0.0000	0.0000	0.0000	0.0000	0.0000	0.0000	0.0000	0.0000	0.0000	0.0000	0.0000	0.0000	0.0000	0.0000	0.0000	0.0000	0.0000	0.0000	0.0000	0.0000	0.0642	0.0372	0.0270	0.0302	0.0258	0.0044	0.0340	0.0114	0.0226	0.0000	0.0000	0.0000	0.0000	0.0000	0.0000	0.0000	0.0000	0.0000	0.0000	0.0000	0.0000	0.0000	0.0000	0.0000	0.0000	0.0000	0.0000											
40	119	0.0449	2	0	2	0	0	0	0	0	0	N	Y	N	N	N	N	N	N	N	N	N	N	0.0000	0.0000	0.0000	0.0000	0.0000	0.0000	0.0000	0.0000	0.0000	0.0000	0.0000	0.0000	0.0000	0.0000	0.0000	0.0000	0.0000	0.0000	0.0000	0.0000	0.0000	5.0000	2.0000	6.0000	0.0000	0.0000	0.0000	0.0000	0.0000	0.0000	0.0000	0.0000	0.0000	0.0000	0.0000	0.0000	0.0000	0.0000	0.0000	0.0000	0.0000	0.0000	0.0000	0.0000	0.0000	0.0000	0.0000	0.0000	0.0000	0.0000	0.0000	0.0350	0.0118	0.0233	0.0000	0.0000	0.0000	0.0350	0.0118	0.0233	0.0000	0.0000	0.0000	0.0000	0.0000	0.0000	0.0000	0.0000	0.0000	0.0000	0.0000	0.0000	0.0000	0.0000	0.0000	0.0000	0.0000	0.0000											
40	120	0.0729	3	0	2	0	0	0	0	0	0	N	Y	N	N	N	N	N	N	N	N	N	N	0.0000	0.0000	0.0000	0.0000	0.0000	0.0000	0.0000	0.0000	0.0000	0.0000	0.0000	0.0000	0.0000	0.0000	0.0000	0.0000	0.0000	0.0000	0.0000	0.0000	0.0000	0.9998	2.0000	0.9486	0.0000	0.0000	0.0000	0.0000	0.0000	0.0000	0.0000	0.0000	0.0000	0.0000	0.0000	0.0000	0.0000	0.0000	0.0000	0.0000	0.0000	0.0000	0.0000	0.0000	0.0000	0.0000	0.0000	0.0000	0.0000	0.0000	0.0000	0.0141	0.0067	0.0074	0.0017	0.0017	0.0000	0.0124	0.0050	0.0074	0.0000	0.0000	0.0000	0.0000	0.0000	0.0000	0.0000	0.0000	0.0000	0.0000	0.0000	0.0000	0.0000	0.0000	0.0000	0.0000	0.0000	0.0000											
40	121	0.0449	2	0	2	0	0	0	0	0	0	N	Y	N	N	N	N	N	N	N	N	N	N	0.0000	0.0000	0.0000	0.0000	0.0000	0.0000	0.0000	0.0000	0.0000	0.0000	0.0000	0.0000	0.0000	0.0000	0.0000	0.0000	0.0000	0.0000	0.0000	0.0000	0.0000	3.0005	2.0000	1.1085	0.0000	0.0000	0.0000	0.0000	0.0000	0.0000	0.0000	0.0000	0.0000	0.0000	0.0000	0.0000	0.0000	0.0000	0.0000	0.0000	0.0000	0.0000	0.0000	0.0000	0.0000	0.0000	0.0000	0.0000	0.0000	0.0000	0.0000	0.0257	0.0086	0.0172	0.0000	0.0000	0.0000	0.0257	0.0086	0.0172	0.0000	0.0000	0.0000	0.0000	0.0000	0.0000	0.0000	0.0000	0.0000	0.0000	0.0000	0.0000	0.0000	0.0000	0.0000	0.0000	0.0000	0.0000											
40	122	0.6423	6	0	2	0	0	0	0	0	0	N	Y	N	N	N	N	N	N	N	N	N	N	0.0000	0.0000	0.0000	0.0000	0.0000	0.0000	0.0000	0.0000	0.0000	0.0000	0.0000	0.0000	0.0000	0.0000	0.0000	0.0000	0.0000	0.0000	0.0000	0.0000	0.0000	2.0001	2.0000	3.0000	0.0000	0.0000	0.0000	0.0000	0.0000	0.0000	0.0000	0.0000	0.0000	0.0000	0.0000	0.0000	0.0000	0.0000	0.0000	0.0000	0.0000	0.0000	0.0000	0.0000	0.0000	0.0000	0.0000	0.0000	0.0000	0.0000	0.0000	0.0137	0.0084	0.0053	0.0077	0.0066	0.0011	0.0061	0.0018	0.0042	0.0000	0.0000	0.0000	0.0000	0.0000	0.0000	0.0000	0.0000	0.0000	0.0000	0.0000	0.0000	0.0000	0.0000	0.0000	0.0000	0.0000	0.0000											
40	123	0.6010	5	0	1	0	0	0	0	0	0	N	N	N	N	N	N	N	N	N	N	N	N	0.0000	0.0000	0.0000	0.0000	0.0000	0.0000	0.0000	0.0000	0.0000	0.0000	0.0000	0.0000	0.0000	0.0000	0.0000	0.0000	0.0000	0.0000	0.0000	0.0000	0.0000	6.9986	2.0000	2.0000	0.0000	0.0000	0.0000	0.0000	0.0000	0.0000	0.0000	0.0000	0.0000	0.0000	0.0000	0.0000	0.0000	0.0000	0.0000	0.0000	0.0000	0.0000	0.0000	0.0000	0.0000	0.0000	0.0000	0.0000	0.0000	0.0000	0.0000	0.0291	0.0166	0.0126	0.0131	0.0113	0.0019	0.0160	0.0053	0.0107	0.0000	0.0000	0.0000	0.0000	0.0000	0.0000	0.0000	0.0000	0.0000	0.0000	0.0000	0.0000	0.0000	0.0000	0.0000	0.0000	0.0000	0.0000											
40	124	0.0784	3	0	2	0	0	0	0	0	0	N	Y	N	N	N	N	N	N	N	N	N	N	0.0000	0.0000	0.0000	0.0000	0.0000	0.0000	0.0000	0.0000	0.0000	0.0000	0.0000	0.0000	0.0000	0.0000	0.0000	0.0000	0.0000	0.0000	0.0000	0.0000	0.0000	3.9006	2.0000	3.1543	0.0000	0.0000	0.0000	0.0000	0.0000	0.0000	0.0000	0.0000	0.0000	0.0000	0.0000	0.0000	0.0000	0.0000	0.0000	0.0000	0.0000	0.0000	0.0000	0.0000	0.0000	0.0000	0.0000	0.0000	0.0000	0.0000	0.0000	0.0391	0.0155	0.0236	0.0065	0.0064	0.0001	0.0326	0.0091	0.0234	0.0000	0.0000	0.0000	0.0000	0.0000	0.0000	0.0000	0.0000	0.0000	0.0000	0.0000	0.0000	0.0000	0.0000	0.0000	0.0000	0.0000	0.0000											
40	125	0.0449	2	0	2	0	0	0	0	0	0	N	Y	N	N	N	N	N	N	N	N	N	N	0.0000	0.0000	0.0000	0.0000	0.0000	0.0000	0.0000	0.0000	0.0000	0.0000	0.0000	0.0000	0.0000	0.0000	0.0000	0.0000	0.0000	0.0000	0.0000	0.0000	0.0000	1.6924	2.0000	1.9110	0.0000	0.0000	0.0000	0.0000	0.0000	0.0000	0.0000	0.0000	0.0000	0.0000	0.0000	0.0000	0.0000	0.0000	0.0000	0.0000	0.0000	0.0000	0.0000	0.0000	0.0000	0.0000	0.0000	0.0000	0.0000	0.0000	0.0000	0.0229	0.0076	0.0153	0.0000	0.0000	0.0000	0.0229	0.0076	0.0153	0.0000	0.0000	0.0000	0.0000	0.0000	0.0000	0.0000	0.0000	0.0000	0.0000	0.0000	0.0000	0.0000	0.0000	0.0000	0.0000	0.0000	0.0000											
40	126	0.6010	5	0	2	0	0	0	0	0	0	N	Y	N	N	N	N	N	N	N	N	N	N	0.0000	0.0000	0.0000	0.0000	0.0000	0.0000	0.0000	0.0000	0.0000	0.0000	0.0000	0.0000	0.0000	0.0000	0.0000	0.0000	0.0000	0.0000	0.0000	0.0000	0.0000	0.9996	2.0000	8.0005	0.0000	0.0000	0.0000	0.0000	0.0000	0.0000	0.0000	0.0000	0.0000	0.0000	0.0000	0.0000	0.0000	0.0000	0.0000	0.0000	0.0000	0.0000	0.0000	0.0000	0.0000	0.0000	0.0000	0.0000	0.0000	0.0000	0.0000	0.0291	0.0166	0.0126	0.0131	0.0113	0.0019	0.0160	0.0053	0.0107	0.0000	0.0000	0.0000	0.0000	0.0000	0.0000	0.0000	0.0000	0.0000	0.0000	0.0000	0.0000	0.0000	0.0000	0.0000	0.0000	0.0000	0.0000											
40	127	0.5064	5	0	1	0	0	0	0	0	0	N	N	N	N	N	N	N	N	N	N	N	N	0.0000	0.0000	0.0000	0.0000	0.0000	0.0000	0.0000	0.0000	0.0000	0.0000	0.0000	0.0000	0.0000	0.0004	0.0008	0.0000	0.0011	0.0009	0.0000	0.0000	0.0000	0.0000	0.0000	0.0000	-0.0000	0.0000	3.6536	2.0000	12.3970	0.0000	0.0000	0.0000	0.0000	0.0000	0.0000	0.0000	0.0000	0.0000	0.0000	0.0000	0.0000	0.0000	0.0000	0.0000	0.0000	0.0000	0.0000	0.0000	0.0000	0.0000	0.0000	0.0000	0.0000	0.0000	0.0000	0.0000	0.0588	0.0326	0.0262	0.0226	0.0200	0.0026	0.0362	0.0126	0.0236	0.0000	0.0000	0.0000	0.0000	0.0000	0.0000	0.0000	0.0000	0.0000	0.0002	0.0003	0.0000	0.0004	0.0005	0.0000	0.0000	0.0000	0.0000						
40	128	0.2952	3	0	1	0	0	0	0	0	0	N	N	N	N	N	N	N	N	N	N	N	N	0.0000	0.0000	0.0000	0.0000	0.0000	0.0000	0.0000	0.0000	0.0000	0.0000	0.0000	0.0000	0.0000	0.0322	0.0831	0.0000	0.0344	0.0365	0.0000	0.0000	0.0000	0.0000	0.0000	0.0000	-0.0001	0.0000	5.3495	2.0000	12.4099	0.0000	0.0000	0.0000	0.0000	0.0000	0.0000	0.0000	0.0000	0.0000	0.0003	0.0003	0.0000	0.0003	0.0003	0.0000	0.0000	0.0000	0.0000	0.0000	0.0000	0.0000	0.0000	0.0000	0.0000	0.0000	0.0000	0.0000	0.1074	0.0615	0.0459	0.0431	0.0380	0.0052	0.0643	0.0236	0.0407	0.0000	0.0000	0.0000	0.0000	0.0000	0.0000	0.0000	0.0000	0.0000	0.0024	0.0042	0.0000	0.0060	0.0068	0.0000	0.0000	0.0000	0.0000						
40	129	0.7125	11	0	2	0	1	0	0	0	0	N	Y	N	N	N	N	N	N	N	N	N	N	0.0000	0.0000	0.0000	0.0000	0.0000	0.0000	0.0000	0.0000	0.0000	0.0000	0.0000	0.0000	0.0000	0.0000	0.0000	0.0000	0.0000	0.0000	0.0000	0.0000	0.0000	0.0000	2.0000	0.0000	0.0000	0.0000	0.0000	0.0000	0.0000	0.0000	0.0000	0.0000	0.0000	0.0000	0.0000	0.0000	0.0000	0.0000	0.0000	0.0000	0.0000	0.0000	0.0000	0.0000	0.0000	0.0000	0.0000	0.0000	0.0000	0.0000	0.0000	0.0000	0.0000	0.0000	0.0000	0.0000	0.0000	0.0000	0.0000	0.0000	0.0000	0.0000	0.0000	0.0000	0.0000	0.0000	0.0000	0.0000	0.0000	0.0000	0.0000	0.0000	0.0000	0.0000	0.0000	0.0000	0.0000	0.0000											
40	130	0.6962	10	0	2	0	1	0	0	0	0	N	Y	N	N	N	N	N	N	N	N	N	N	0.0000	0.0000	0.0000	0.0000	0.0000	0.0000	0.0000	0.0000	0.0000	0.0000	0.0000	0.0000	0.0000	0.0000	0.0000	0.0000	0.0000	0.0000	0.0000	0.0000	0.0000	0.0000	2.0000	3.0001	0.0000	0.0000	0.0000	0.0000	0.0000	0.0000	0.0000	0.0000	0.0000	0.0000	0.0000	0.0000	0.0000	0.0000	0.0000	0.0000	0.0000	0.0000	0.0000	0.0000	0.0000	0.0000	0.0000	0.0000	0.0000	0.0000	0.0000	0.0136	0.0088	0.0048	0.0048	0.0041	0.0006	0.0088	0.0047	0.0041	0.0000	0.0000	0.0000	0.0000	0.0000	0.0000	0.0000	0.0000	0.0000	0.0000	0.0000	0.0000	0.0000	0.0000	0.0000	0.0000	0.0000	0.0000											
40	131	0.6865	9	0	2	0	0	0	0	0	0	N	Y	N	N	N	N	N	N	N	N	N	N	0.0000	0.0000	0.0000	0.0000	0.0000	0.0000	0.0000	0.0000	0.0000	0.0000	0.0000	0.0000	0.0000	0.0000	0.0000	0.0000	0.0000	0.0000	0.0000	0.0000	0.0000	0.0000	2.0000	0.0000	0.0000	0.0000	0.0000	0.0000	0.0000	0.0000	0.0000	0.0000	0.0000	0.0000	0.0000	0.0000	0.0000	0.0000	0.0000	0.0000	0.0000	0.0000	0.0000	0.0000	0.0000	0.0000	0.0000	0.0000	0.0000	0.0000	0.0000	0.0000	0.0000	0.0000	0.0000	0.0000	0.0000	0.0000	0.0000	0.0000	0.0000	0.0000	0.0000	0.0000	0.0000	0.0000	0.0000	0.0000	0.0000	0.0000	0.0000	0.0000	0.0000	0.0000	0.0000	0.0000	0.0000	0.0000											
40	132	0.6962	10	0	1	1	1	0	0	0	0	N	N	N	N	N	N	N	N	N	N	N	N	0.0000	0.0000	0.0000	0.0000	0.0000	0.0000	0.0000	0.0000	0.0000	0.0000	0.0000	0.0000	0.0000	0.0000	0.0000	0.0000	0.0000	0.0000	0.0000	0.0000	0.0000	0.0000	2.0000	1.9999	0.0000	0.0000	0.0000	0.0000	0.0000	0.0000	0.0000	0.0000	0.0000	0.0000	0.0000	0.0000	0.0000	0.0000	0.0000	0.0000	0.0000	0.0000	0.0000	0.0000	0.0000	0.0000	0.0000	0.0000	0.0000	0.0000	0.0000	0.0093	0.0061	0.0033	0.0032	0.0028	0.0004	0.0061	0.0033	0.0028	0.0000	0.0000	0.0000	0.0000	0.0000	0.0000	0.0000	0.0000	0.0000	0.0000	0.0000	0.0000	0.0000	0.0000	0.0000	0.0000	0.0000	0.0000											
40	133	0.7072	11	0	1	1	1	0	0	0	0	N	N	N	N	N	N	N	N	N	N	N	N	0.0000	0.0000	0.0000	0.0000	0.0000	0.0000	0.0000	0.0000	0.0000	0.0000	0.0000	0.0000	0.0000	0.0000	0.0000	0.0000	0.0000	0.0000	0.0000	0.0000	0.0000	1.0000	2.0000	0.0000	0.0000	0.0000	0.0000	0.0000	0.0000	0.0000	0.0000	0.0000	0.0000	0.0000	0.0000	0.0000	0.0000	0.0000	0.0000	0.0000	0.0000	0.0000	0.0000	0.0000	0.0000	0.0000	0.0000	0.0000	0.0000	0.0000	0.0000	0.0046	0.0030	0.0016	0.0015	0.0013	0.0002	0.0031	0.0017	0.0014	0.0000	0.0000	0.0000	0.0000	0.0000	0.0000	0.0000	0.0000	0.0000	0.0000	0.0000	0.0000	0.0000	0.0000	0.0000	0.0000	0.0000	0.0000											
40	134	0.7072	11	0	1	1	1	0	0	0	0	N	N	N	N	N	N	N	N	N	N	N	N	0.0000	0.0000	0.0000	0.0000	0.0000	0.0000	0.0000	0.0000	0.0000	0.0000	0.0000	0.0000	0.0000	0.0000	0.0000	0.0000	0.0000	0.0000	0.0000	0.0000	0.0000	0.0000	2.0000	0.0000	0.0000	0.0000	0.0000	0.0000	0.0000	0.0000	0.0000	0.0000	0.0000	0.0000	0.0000	0.0000	0.0000	0.0000	0.0000	0.0000	0.0000	0.0000	0.0000	0.0000	0.0000	0.0000	0.0000	0.0000	0.0000	0.0000	0.0000	0.0000	0.0000	0.0000	0.0000	0.0000	0.0000	0.0000	0.0000	0.0000	0.0000	0.0000	0.0000	0.0000	0.0000	0.0000	0.0000	0.0000	0.0000	0.0000	0.0000	0.0000	0.0000	0.0000	0.0000	0.0000	0.0000	0.0000											
40	135	0.6962	10	0	1	1	1	0	0	0	0	N	N	N	N	N	N	N	N	N	N	N	N	0.0000	0.0000	0.0000	0.0000	0.0000	0.0000	0.0000	0.0000	0.0000	0.0000	0.0000	0.0000	0.0000	0.0000	0.0000	0.0000	0.0000	0.0000	0.0000	0.0000	0.0000	2.0025	2.0000	0.9943	0.0000	0.0000	0.0000	0.0000	0.0000	0.0000	0.0000	0.0000	0.0000	0.0000	0.0000	0.0000	0.0000	0.0000	0.0000	0.0000	0.0000	0.0000	0.0000	0.0000	0.0000	0.0000	0.0000	0.0000	0.0000	0.0000	0.0000	0.0136	0.0088	0.0048	0.0048	0.0041	0.0006	0.0088	0.0047	0.0041	0.0000	0.0000	0.0000	0.0000	0.0000	0.0000	0.0000	0.0000	0.0000	0.0000	0.0000	0.0000	0.0000	0.0000	0.0000	0.0000	0.0000	0.0000											
40	136	0.6962	9	0	1	0	1	0	0	0	0	N	N	N	N	N	N	N	N	N	N	N	N	0.0000	0.0000	0.0000	0.0000	0.0000	0.0000	0.0000	0.0000	0.0000	0.0000	0.0000	0.0000	0.0000	0.0000	0.0000	0.0000	0.0000	0.0000	0.0000	0.0000	0.0000	0.0050	2.0000	0.0173	0.0000	0.0000	0.0000	0.0000	0.0000	0.0000	0.0000	0.0000	0.0000	0.0000	0.0000	0.0000	0.0000	0.0000	0.0000	0.0000	0.0000	0.0000	0.0000	0.0000	0.0000	0.0000	0.0000	0.0000	0.0000	0.0000	0.0000	0.0002	0.0002	0.0001	0.0001	0.0001	0.0000	0.0001	0.0001	0.0001	0.0000	0.0000	0.0000	0.0000	0.0000	0.0000	0.0000	0.0000	0.0000	0.0000	0.0000	0.0000	0.0000	0.0000	0.0000	0.0000	0.0000	0.0000											
40	137	0.6865	8	0	1	0	1	0	0	0	0	N	N	N	N	N	N	N	N	N	N	N	N	0.0000	0.0000	0.0000	0.0000	0.0000	0.0000	0.0000	0.0000	0.0000	0.0000	0.0000	0.0000	0.0000	0.0000	0.0000	0.0000	0.0000	0.0000	0.0000	0.0000	0.0000	1.9972	2.0000	1.0076	0.0000	0.0000	0.0000	0.0000	0.0000	0.0000	0.0000	0.0000	0.0000	0.0000	0.0000	0.0000	0.0000	0.0000	0.0000	0.0000	0.0000	0.0000	0.0000	0.0000	0.0000	0.0000	0.0000	0.0000	0.0000	0.0000	0.0000	0.0076	0.0049	0.0026	0.0047	0.0041	0.0006	0.0028	0.0008	0.0020	0.0000	0.0000	0.0000	0.0000	0.0000	0.0000	0.0000	0.0000	0.0000	0.0000	0.0000	0.0000	0.0000	0.0000	0.0000	0.0000	0.0000	0.0000											
40	138	0.6692	7	1	2	0	0	0	0	0	0	N	Y	N	N	N	N	N	N	N	N	N	N	0.0000	0.0000	0.0000	0.0000	0.0000	0.0000	0.0000	0.0000	0.0000	0.0000	0.0000	0.0000	0.0000	0.0086	0.0111	0.0000	0.0058	0.0054	0.0000	0.0000	0.0000	0.0000	0.0000	0.0000	-0.0000	0.0000	0.0002	2.0000	2.3255	0.0000	0.0000	0.0000	0.0000	0.0000	0.0000	0.0000	0.0000	0.0000	0.0000	0.0000	0.0000	0.0000	0.0000	0.0000	0.0000	0.0000	0.0000	0.0000	0.0000	0.0000	0.0000	0.0000	0.0000	0.0000	0.0000	0.0000	0.0089	0.0059	0.0030	0.0048	0.0043	0.0005	0.0041	0.0016	0.0025	0.0000	0.0000	0.0000	0.0000	0.0000	0.0000	0.0000	0.0000	0.0000	0.0011	0.0017	0.0000	0.0021	0.0023	0.0000	0.0000	0.0000	0.0000						
40	139	0.6514	6	1	2	0	0	0	0	0	0	N	Y	N	N	N	N	N	N	N	N	N	N	0.0000	0.0000	0.0000	0.0000	0.0000	0.0000	0.0000	0.0000	0.0000	0.0000	0.0000	0.0000	0.0000	0.0026	0.0042	0.0000	0.0000	0.0000	0.0000	0.0029	0.1395	0.0000	0.0000	0.0000	-0.0000	0.0000	2.0138	2.0000	2.7349	0.0000	0.0000	0.0000	0.0000	0.0000	0.0000	0.0000	0.0000	0.0000	0.0000	0.0000	0.0000	0.0000	0.0000	0.0000	0.0000	0.0000	0.0000	0.0000	0.0000	0.0000	0.0000	0.0000	0.0000	0.0000	0.0000	0.0000	0.0179	0.0109	0.0070	0.0093	0.0083	0.0010	0.0086	0.0026	0.0060	0.0000	0.0000	0.0000	0.0000	0.0000	0.0000	0.0000	0.0000	0.0000	0.0006	0.0009	0.0000	0.0000	0.0000	0.0000	0.0012	0.0039	0.0000						
40	140	0.6679	7	0	2	0	0	0	0	0	0	N	Y	N	N	N	N	N	N	N	N	N	N	0.0000	0.0000	0.0000	0.0000	0.0000	0.0000	0.0000	0.0000	0.0000	0.0000	0.0000	0.0000	0.0000	0.0000	0.0000	0.0000	0.0000	0.0000	0.0000	0.0000	0.0000	1.9232	2.0000	1.1116	0.0000	0.0000	0.0000	0.0000	0.0000	0.0000	0.0000	0.0000	0.0000	0.0000	0.0000	0.0000	0.0000	0.0000	0.0000	0.0000	0.0000	0.0000	0.0000	0.0000	0.0000	0.0000	0.0000	0.0000	0.0000	0.0000	0.0000	0.0080	0.0052	0.0028	0.0049	0.0043	0.0007	0.0031	0.0009	0.0021	0.0000	0.0000	0.0000	0.0000	0.0000	0.0000	0.0000	0.0000	0.0000	0.0000	0.0000	0.0000	0.0000	0.0000	0.0000	0.0000	0.0000	0.0000											
40	141	0.0641	3	0	2	0	0	0	0	0	0	N	Y	N	N	N	N	N	N	N	N	N	N	0.0000	0.0000	0.0000	0.0000	0.0000	0.0000	0.0000	0.0000	0.0000	0.0000	0.0000	0.0000	0.0000	0.0000	0.0000	0.0000	0.0000	0.0000	0.0000	0.0000	0.0000	3.0000	2.0000	1.0000	0.0000	0.0000	0.0000	0.0000	0.0000	0.0000	0.0000	0.0000	0.0000	0.0000	0.0000	0.0000	0.0000	0.0000	0.0000	0.0000	0.0000	0.0000	0.0000	0.0000	0.0000	0.0000	0.0000	0.0000	0.0000	0.0000	0.0000	0.0231	0.0084	0.0147	0.0000	0.0000	0.0000	0.0231	0.0084	0.0147	0.0000	0.0000	0.0000	0.0000	0.0000	0.0000	0.0000	0.0000	0.0000	0.0000	0.0000	0.0000	0.0000	0.0000	0.0000	0.0000	0.0000	0.0000											
40	142	0.0449	2	0	1	0	0	0	0	0	0	N	N	N	N	N	N	N	N	N	N	N	N	0.0000	0.0000	0.0000	0.0000	0.0000	0.0000	0.0000	0.0000	0.0000	0.0000	0.0000	0.0000	0.0000	0.0000	0.0000	0.0000	0.0000	0.0000	0.0000	0.0000	0.0000	1.0000	2.0000	1.0000	0.0000	0.0000	0.0000	0.0000	0.0000	0.0000	0.0000	0.0000	0.0000	0.0000	0.0000	0.0000	0.0000	0.0000	0.0000	0.0000	0.0000	0.0000	0.0000	0.0000	0.0000	0.0000	0.0000	0.0000	0.0000	0.0000	0.0000	0.0135	0.0044	0.0090	0.0000	0.0000	0.0000	0.0135	0.0044	0.0090	0.0000	0.0000	0.0000	0.0000	0.0000	0.0000	0.0000	0.0000	0.0000	0.0000	0.0000	0.0000	0.0000	0.0000	0.0000	0.0000	0.0000	0.0000											
40	145	0.6865	9	1	2	0	0	0	0	0	0	N	Y	N	N	N	N	N	N	N	N	N	N	0.0000	0.0000	0.0000	0.0000	0.0000	0.0000	0.0000	0.0000	0.0000	0.0000	0.0000	0.0000	0.0000	0.0000	0.0000	0.0000	0.0000	0.0000	0.0000	0.0000	0.0000	1.0000	2.0000	1.0000	0.0000	0.0000	0.0000	0.0000	0.0000	0.0000	0.0000	0.0000	0.0000	0.0000	0.0000	0.0000	0.0000	0.0000	0.0000	0.0000	0.0000	0.0000	0.0000	0.0000	0.0000	0.0000	0.0000	0.0000	0.0000	0.0000	0.0000	0.0051	0.0033	0.0018	0.0032	0.0027	0.0004	0.0019	0.0006	0.0013	0.0000	0.0000	0.0000	0.0000	0.0000	0.0000	0.0000	0.0000	0.0000	0.0000	0.0000	0.0000	0.0000	0.0000	0.0000	0.0000	0.0000	0.0000											
40	146	0.6865	8	0	2	0	0	0	0	0	0	N	Y	N	N	N	N	N	N	N	N	N	N	0.0000	0.0000	0.0000	0.0000	0.0000	0.0000	0.0000	0.0000	0.0000	0.0000	0.0000	0.0000	0.0000	0.0000	0.0000	0.0000	0.0000	0.0000	0.0000	0.0000	0.0000	0.0003	2.0000	0.0000	0.0000	0.0000	0.0000	0.0000	0.0000	0.0000	0.0000	0.0000	0.0000	0.0000	0.0000	0.0000	0.0000	0.0000	0.0000	0.0000	0.0000	0.0000	0.0000	0.0000	0.0000	0.0000	0.0000	0.0000	0.0000	0.0000	0.0000	0.0000	0.0000	0.0000	0.0000	0.0000	0.0000	0.0000	0.0000	0.0000	0.0000	0.0000	0.0000	0.0000	0.0000	0.0000	0.0000	0.0000	0.0000	0.0000	0.0000	0.0000	0.0000	0.0000	0.0000	0.0000	0.0000	0.0000											
40	147	0.6679	7	0	1	0	0	0	0	0	0	N	N	N	N	N	N	N	N	N	N	N	N	0.0000	0.0000	0.0000	0.0000	0.0000	0.0000	0.0000	0.0000	0.0000	0.0000	0.0000	0.0000	0.0000	0.0000	0.0000	0.0000	0.0000	0.0000	0.0000	0.0000	0.0000	4.9449	2.0000	1.0063	0.0000	0.0000	0.0000	0.0000	0.0000	0.0000	0.0000	0.0000	0.0000	0.0000	0.0000	0.0000	0.0000	0.0000	0.0000	0.0000	0.0000	0.0000	0.0000	0.0000	0.0000	0.0000	0.0000	0.0000	0.0000	0.0000	0.0000	0.0150	0.0098	0.0053	0.0093	0.0080	0.0013	0.0057	0.0017	0.0040	0.0000	0.0000	0.0000	0.0000	0.0000	0.0000	0.0000	0.0000	0.0000	0.0000	0.0000	0.0000	0.0000	0.0000	0.0000	0.0000	0.0000	0.0000											
40	148	0.6514	6	0	1	0	0	0	0	0	0	N	N	N	N	N	N	N	N	N	N	N	N	0.0000	0.0000	0.0000	0.0000	0.0000	0.0000	0.0000	0.0000	0.0000	0.0000	0.0000	0.0000	0.0000	0.0000	0.0000	0.0000	0.0000	0.0000	0.0000	0.0000	0.0000	3.4778	2.0000	1.2917	0.0000	0.0000	0.0000	0.0000	0.0000	0.0000	0.0000	0.0000	0.0000	0.0000	0.0000	0.0000	0.0000	0.0000	0.0000	0.0000	0.0000	0.0000	0.0000	0.0000	0.0000	0.0000	0.0000	0.0000	0.0000	0.0000	0.0000	0.0179	0.0109	0.0070	0.0093	0.0083	0.0010	0.0086	0.0026	0.0060	0.0000	0.0000	0.0000	0.0000	0.0000	0.0000	0.0000	0.0000	0.0000	0.0000	0.0000	0.0000	0.0000	0.0000	0.0000	0.0000	0.0000	0.0000											
40	149	0.6010	5	0	1	0	0	0	0	0	0	N	N	N	N	N	N	N	N	N	N	N	N	0.0000	0.0000	0.0000	0.0000	0.0000	0.0000	0.0000	0.0000	0.0000	0.0000	0.0000	0.0000	0.0000	0.0000	0.0000	0.0000	0.0000	0.0000	0.0000	0.0000	0.0000	7.8050	2.0000	4.0035	0.0000	0.0000	0.0000	0.0000	0.0000	0.0000	0.0000	0.0000	0.0000	0.0000	0.0000	0.0000	0.0000	0.0000	0.0000	0.0000	0.0000	0.0000	0.0000	0.0000	0.0000	0.0000	0.0000	0.0000	0.0000	0.0000	0.0000	0.0371	0.0212	0.0159	0.0169	0.0145	0.0024	0.0202	0.0067	0.0135	0.0000	0.0000	0.0000	0.0000	0.0000	0.0000	0.0000	0.0000	0.0000	0.0000	0.0000	0.0000	0.0000	0.0000	0.0000	0.0000	0.0000	0.0000											
40	150	0.5064	5	0	1	0	0	0	0	0	0	N	N	N	N	N	N	N	N	N	N	N	N	0.0000	0.0000	0.0000	0.0000	0.0000	0.0000	0.0000	0.0000	0.0000	0.0000	0.0000	0.0000	0.0000	0.0004	0.0007	0.0000	0.0010	0.0009	0.0000	0.0000	0.0000	0.0000	0.0000	0.0000	-0.0000	0.0000	3.7255	2.0000	14.1767	0.0000	0.0000	0.0000	0.0000	0.0000	0.0000	0.0000	0.0000	0.0000	0.0000	0.0000	0.0000	0.0000	0.0000	0.0000	0.0000	0.0000	0.0000	0.0000	0.0000	0.0000	0.0000	0.0000	0.0000	0.0000	0.0000	0.0000	0.0631	0.0349	0.0282	0.0242	0.0213	0.0029	0.0389	0.0136	0.0253	0.0000	0.0000	0.0000	0.0000	0.0000	0.0000	0.0000	0.0000	0.0000	0.0002	0.0003	0.0000	0.0004	0.0005	0.0000	0.0000	0.0000	0.0000						
40	151	0.4900	4	0	1	0	0	0	0	0	0	N	N	N	N	N	N	N	N	N	N	N	N	0.0000	0.0000	0.0000	0.0000	0.0000	0.0000	0.0000	0.0000	0.0000	0.0000	0.0000	0.0000	0.0000	0.0008	0.0015	0.0000	0.0000	0.0000	0.0000	0.0006	0.0299	0.0000	0.0000	0.0000	-0.0000	0.0000	1.4205	2.0000	4.0377	0.0000	0.0000	0.0000	0.0000	0.0000	0.0000	0.0000	0.0000	0.0000	0.0000	0.0000	0.0000	0.0000	0.0000	0.0000	0.0000	0.0000	0.0000	0.0000	0.0000	0.0000	0.0000	0.0000	0.0000	0.0000	0.0000	0.0000	0.0340	0.0198	0.0142	0.0144	0.0133	0.0011	0.0196	0.0065	0.0131	0.0000	0.0000	0.0000	0.0000	0.0000	0.0000	0.0000	0.0000	0.0000	0.0003	0.0005	0.0000	0.0000	0.0000	0.0000	0.0005	0.0015	0.0000						
41	42	0.7537	10	0	2	1	1	0	0	0	0	N	Y	N	N	N	N	N	N	N	N	N	N	inf	inf	inf	inf	inf	inf	1.3073	1.4405	0.0000	0.3667	0.3911	0.0000	3.0394	3.5673	0.0000	0.0000	0.0000	0.0000	0.0000	0.0000	0.0000	0.0000	0.0000	0.0000	0.0000	-0.0001	0.0000	5.9998	0.0011	3.0000	1.0134	0.0006	0.0006	0.0000	0.0001	0.0001	0.0000	0.0004	0.0004	0.0000	0.0000	0.0000	0.0000	0.0000	0.0000	0.0000	0.0000	0.0000	0.0000	0.0004	0.0004	0.0000	0.0003	0.0003	0.0000	0.0001	0.0001	0.0000	0.0140	0.0090	0.0051	0.0070	0.0064	0.0006	0.0071	0.0026	0.0045	inf	inf	0.0000	inf	inf	0.0000	inf	inf	0.0000	0.0000	0.0000	0.0000	0.0000	0.0000	0.0000	0.0000	0.0000	0.0000				
41	43	0.7318	9	0	1	0	1	0	0	0	0	N	N	N	N	N	N	N	N	N	N	N	N	288.6298	inf	0.7205	inf	inf	inf	390.2317	inf	0.7150	1.6141	1.7890	0.0016	0.6950	0.7392	0.0011	2.7658	3.2356	0.0019	0.0056	0.0000	0.0023	0.0000	0.0000	0.0000	0.0071	0.0000	0.0027	0.0001	inf	-0.2119	0.0000	5.9998	2.8187	3.0000	0.0347	0.8146	0.8146	0.0001	0.1951	0.1950	0.0000	0.6196	0.6195	0.0001	0.0000	0.0000	0.0000	0.0000	0.0000	0.0000	0.0000	0.0000	0.0000	0.5047	0.4553	0.0494	0.2807	0.2639	0.0168	0.2240	0.1915	0.0325	0.0362	0.0229	0.0132	0.0189	0.0169	0.0020	0.0173	0.0060	0.0113	1945.7911	inf	0.7205	inf	inf	inf	1596.1086	inf	0.7150	0.0008	0.0000	0.0023	0.0000	0.0000	0.0000	0.0017	0.0000	0.0027
41	44	0.7191	8	0	1	0	0	0	0	0	0	N	N	N	N	N	N	N	N	N	N	N	N	124.0201	48.3863	inf	0.0618	0.0677	inf	inf	inf	1.2903	0.6866	8.2717	0.0004	0.0004	0.0000	2.9248	1.6514	11.2522	0.0104	0.0142	0.0000	0.0059	0.0056	0.0000	0.0000	0.0000	0.0000	1.0416	0.0000	0.0951	-0.0000	5.9998	0.9605	3.0000	1.0076	0.3803	0.1863	0.1940	0.0001	0.0001	0.0000	0.3802	0.1862	0.1940	0.0000	0.0000	0.0000	0.0000	0.0000	0.0000	0.0000	0.0000	0.0000	0.2947	0.2713	0.0235	0.1647	0.1585	0.0062	0.1300	0.1128	0.0172	0.0235	0.0156	0.0079	0.0142	0.0126	0.0017	0.0092	0.0030	0.0062	1008.9805	356.4636	inf	0.1726	0.1584	0.0000	inf	inf	inf	0.0013	0.0019	0.0000	0.0021	0.0024	0.0000	0.0000	0.0000	0.0000	
41	45	0.1622	5	0	2	1	1	0	0	0	0	N	Y	N	N	N	N	N	N	N	N	N	N	0.0000	0.0000	0.0000	0.0000	0.0000	0.0000	0.0000	0.0000	0.0000	0.0000	0.0000	0.0000	0.0000	32.5399	0.0000	60.9887	0.0000	0.0000	0.0000	33.9522	0.0000	61.0873	inf	0.0000	0.4781	5.9998	1.0000	3.0000	1.0000	0.0000	0.0000	0.0000	0.0000	0.0000	0.0000	0.0000	0.0000	0.0000	1.0000	0.0000	1.0000	0.0000	0.0000	0.0000	1.0000	0.0000	1.0000	0.1853	0.1668	0.0185	0.0890	0.0835	0.0055	0.0963	0.0832	0.0131	0.0307	0.0143	0.0164	0.0013	0.0013	0.0000	0.0295	0.0131	0.0164	0.0000	0.0000	0.0000	0.0000	0.0000	0.0000	0.0000	0.0000	0.0000	32.5399	0.0000	60.9887	0.0000	0.0000	0.0000	33.9522	0.0000	61.0873						
41	46	0.6652	5	0	2	0	0	0	0	0	0	N	Y	N	N	N	N	N	N	N	N	N	N	0.0000	0.0000	0.0000	0.0000	0.0000	0.0000	0.0000	0.0000	0.0000	0.0000	0.0000	0.0000	0.0000	0.0000	0.0000	0.0000	0.0000	0.0000	0.0000	0.0000	5.9998	0.0000	3.0000	0.0000	0.0000	0.0000	0.0000	0.0000	0.0000	0.0000	0.0000	0.0000	0.0000	0.0000	0.0000	0.0000	0.0000	0.0000	0.0000	0.0000	0.0000	0.0000	0.0000	0.0000	0.0000	0.0000	0.0000	0.0000	0.0000	0.0000	0.0000	0.0000	0.0000	0.0000	0.0000	0.0000	0.0000	0.0000	0.0000	0.0000	0.0000	0.0000	0.0000	0.0000	0.0000	0.0000	0.0000	0.0000	0.0000	0.0000	0.0000	0.0000	0.0000	0.0000	0.0000	0.0000	0.0000	0.0000											
41	47	0.7191	8	0	2	0	1	0	0	0	0	N	Y	N	N	N	N	N	N	N	N	N	N	0.0000	0.0000	0.0000	0.0000	0.0000	0.0000	0.0000	0.0000	0.0000	0.0000	0.0000	0.0000	0.0000	0.0000	0.0000	0.0000	0.0000	0.0000	0.0000	0.0000	5.9998	0.0000	3.0000	1.0000	0.0000	0.0000	0.0000	0.0000	0.0000	0.0000	0.0000	0.0000	0.0000	0.0000	0.0000	0.0000	0.0000	0.0000	0.0000	0.0000	0.0000	0.0000	0.1388	0.1305	0.0082	0.0694	0.0694	0.0000	0.0694	0.0612	0.0082	0.0127	0.0085	0.0042	0.0076	0.0068	0.0009	0.0051	0.0017	0.0033	0.0000	0.0000	0.0000	0.0000	0.0000	0.0000	0.0000	0.0000	0.0000	0.0000	0.0000	0.0000	0.0000	0.0000	0.0000	0.0000	0.0000	0.0000											
41	48	0.6652	5	1	2	0	0	0	0	0	0	N	Y	N	N	N	N	N	N	N	N	N	N	0.0000	0.0000	0.0000	0.0000	0.0000	0.0000	0.0000	0.0000	0.0000	0.0000	0.0000	0.0000	0.0000	0.0000	0.0000	0.0000	0.0000	0.0000	0.0000	0.0000	5.9998	0.0000	3.0000	4.0000	0.0000	0.0000	0.0000	0.0000	0.0000	0.0000	0.0000	0.0000	0.0000	0.0000	0.0000	0.0000	0.0000	0.0000	0.0000	0.0000	0.0000	0.0000	0.0000	0.0000	0.0000	0.0000	0.0000	0.0000	0.0000	0.0000	0.0000	0.0226	0.0126	0.0099	0.0112	0.0096	0.0016	0.0114	0.0031	0.0083	0.0000	0.0000	0.0000	0.0000	0.0000	0.0000	0.0000	0.0000	0.0000	0.0000	0.0000	0.0000	0.0000	0.0000	0.0000	0.0000	0.0000	0.0000											
41	49	0.7399	9	0	1	1	0	0	0	0	0	N	N	N	N	N	N	N	N	N	N	N	N	0.0000	0.0000	0.0000	0.0000	0.0000	0.0000	0.0000	0.0000	0.0000	0.0000	0.0000	0.0000	0.0000	0.0000	0.0000	0.0000	0.0000	0.0000	0.0000	0.0000	5.9998	0.0000	3.0000	0.0000	0.0000	0.0000	0.0000	0.0000	0.0000	0.0000	0.0000	0.0000	0.0000	0.0000	0.0000	0.0000	0.0000	0.0000	0.0000	0.0000	0.0000	0.0000	0.0000	0.0000	0.0000	0.0000	0.0000	0.0000	0.0000	0.0000	0.0000	0.0000	0.0000	0.0000	0.0000	0.0000	0.0000	0.0000	0.0000	0.0000	0.0000	0.0000	0.0000	0.0000	0.0000	0.0000	0.0000	0.0000	0.0000	0.0000	0.0000	0.0000	0.0000	0.0000	0.0000	0.0000	0.0000	0.0000											
41	50	0.1713	4	0	1	1	0	0	0	0	0	N	N	N	N	N	N	N	N	N	N	N	N	0.0000	0.0000	0.0000	0.0000	0.0000	0.0000	0.0000	0.0000	0.0000	0.0000	0.0000	0.0000	0.0000	0.0000	0.0000	0.0000	0.0000	0.0000	0.0000	0.0000	5.9998	1.0000	3.0000	1.0000	0.0000	0.0000	0.0000	0.0000	0.0000	0.0000	0.0000	0.0000	0.0000	0.0000	0.0000	0.0000	0.0000	0.0000	0.0000	0.0000	0.0000	0.0000	0.1730	0.1552	0.0177	0.0743	0.0698	0.0045	0.0987	0.0855	0.0132	0.0312	0.0148	0.0164	0.0024	0.0022	0.0003	0.0288	0.0127	0.0161	0.0000	0.0000	0.0000	0.0000	0.0000	0.0000	0.0000	0.0000	0.0000	0.0000	0.0000	0.0000	0.0000	0.0000	0.0000	0.0000	0.0000	0.0000											
41	51	0.1758	4	0	2	0	0	0	0	0	0	N	Y	N	N	N	N	N	N	N	N	N	N	0.0000	0.0000	0.0000	0.0000	0.0000	0.0000	0.0000	0.0000	0.0000	0.0000	0.0000	0.0000	0.0000	0.0009	0.0013	0.0000	0.0027	0.0021	0.0000	0.0000	0.0000	0.0000	0.0000	0.0000	-0.0000	5.9998	0.0003	3.0000	0.9690	0.0000	0.0000	0.0000	0.0000	0.0000	0.0000	0.0000	0.0000	0.0000	0.0000	0.0000	0.0000	0.0000	0.0000	0.0000	0.0000	0.0000	0.0000	0.0002	0.0002	0.0000	0.0001	0.0001	0.0000	0.0001	0.0001	0.0000	0.0306	0.0222	0.0085	0.0095	0.0092	0.0003	0.0212	0.0130	0.0082	0.0000	0.0000	0.0000	0.0000	0.0000	0.0000	0.0000	0.0000	0.0000	0.0003	0.0005	0.0000	0.0011	0.0011	0.0000	0.0000	0.0000	0.0000						
41	52	0.7432	9	0	2	0	0	0	0	0	0	N	Y	N	N	N	N	N	N	N	N	N	N	0.0070	inf	0.0000	inf	inf	0.0000	0.0000	0.0001	0.0001	0.0000	0.0001	0.0001	0.0000	0.0000	0.0000	0.0000	0.0074	0.0000	0.0043	0.0000	0.0000	0.0000	0.0189	0.0000	0.0056	0.0000	inf	-0.0000	0.0000	5.9998	0.9211	3.0000	0.1671	0.0000	0.0000	0.0000	0.0000	0.0000	0.0000	0.0000	0.0000	0.0000	0.0000	0.0000	0.0000	0.0000	0.0000	0.0000	0.0000	0.0000	0.0000	0.1933	0.1756	0.0176	0.1223	0.1148	0.0075	0.0710	0.0609	0.0101	0.0291	0.0217	0.0074	0.0187	0.0167	0.0020	0.0103	0.0050	0.0053	0.0502	inf	0.0000	inf	inf	0.0000	0.0000	0.0000	0.0000	0.0010	0.0000	0.0041	0.0000	0.0000	0.0000	0.0029	0.0000	0.0056		
41	53	0.1622	5	0	2	0	0	0	0	0	0	N	Y	N	N	N	N	N	N	N	N	N	N	0.0000	0.0000	0.0000	0.0000	0.0000	0.0000	0.0000	0.0000	0.0000	0.0000	0.0000	0.0000	0.0000	11.2919	0.0000	29.0799	0.0000	0.0000	0.0000	11.7765	0.0000	30.7968	inf	0.0000	0.4781	5.9998	1.0000	3.0000	5.0000	0.0000	0.0000	0.0000	0.0000	0.0000	0.0000	0.0000	0.0000	0.0000	1.0000	0.0000	1.0000	0.0000	0.0000	0.0000	1.0000	0.0000	1.0000	0.1853	0.1668	0.0185	0.0890	0.0835	0.0055	0.0963	0.0832	0.0131	0.0886	0.0414	0.0471	0.0036	0.0036	0.0001	0.0849	0.0379	0.0471	0.0000	0.0000	0.0000	0.0000	0.0000	0.0000	0.0000	0.0000	0.0000	11.2919	0.0000	21.2174	0.0000	0.0000	0.0000	11.7765	0.0000	21.2529						
41	54	0.1470	4	0	1	0	0	0	0	0	0	N	N	N	N	N	N	N	N	N	N	N	N	0.0000	0.0000	0.0000	0.0000	0.0000	0.0000	0.0000	0.0000	0.0000	0.0000	0.0000	0.0000	0.0000	0.0023	0.0000	0.0010	0.0000	0.0000	0.0000	0.0008	0.0000	0.0010	inf	0.0000	0.0000	5.9998	0.0000	3.0000	2.9157	0.0000	0.0000	0.0000	0.0000	0.0000	0.0000	0.0000	0.0000	0.0000	0.0000	0.0000	0.0000	0.0000	0.0000	0.0000	0.0000	0.0000	0.0000	0.0000	0.0000	0.0000	0.0000	0.0000	0.0000	0.0000	0.0000	0.0000	0.0576	0.0274	0.0303	0.0084	0.0083	0.0000	0.0493	0.0191	0.0302	0.0000	0.0000	0.0000	0.0000	0.0000	0.0000	0.0000	0.0000	0.0000	0.0005	0.0000	0.0010	0.0000	0.0000	0.0000	0.0006	0.0000	0.0010						
41	55	0.7191	8	0	2	0	0	0	0	0	0	N	Y	N	N	N	N	N	N	N	N	N	N	0.0000	0.0000	0.0000	0.0000	0.0000	0.0000	0.0000	0.0000	0.0000	0.0000	0.0000	0.0000	0.0000	0.0000	0.0000	0.0000	0.0000	0.0000	0.0000	0.0000	5.9998	2.0000	3.0000	3.0000	0.0000	0.0000	0.0000	0.0000	0.0000	0.0000	0.0000	0.0000	0.0000	0.0000	0.0000	0.0000	0.0000	0.0000	0.0000	0.0000	0.0000	0.0000	0.4548	0.4156	0.0392	0.2606	0.2482	0.0124	0.1942	0.1675	0.0267	0.0560	0.0369	0.0191	0.0341	0.0300	0.0041	0.0219	0.0069	0.0150	0.0000	0.0000	0.0000	0.0000	0.0000	0.0000	0.0000	0.0000	0.0000	0.0000	0.0000	0.0000	0.0000	0.0000	0.0000	0.0000	0.0000	0.0000											
41	56	0.1392	3	0	2	0	1	0	0	0	0	N	Y	N	N	N	N	N	N	N	N	N	N	0.0000	0.0000	0.0000	0.0000	0.0000	0.0000	0.0000	0.0000	0.0000	0.0000	0.0000	0.0000	0.0000	7.6723	0.0000	22.8072	0.0000	0.0000	0.0000	8.1328	0.0000	27.1406	inf	0.0000	0.4781	5.9998	1.7218	3.0000	6.9557	0.0000	0.0000	0.0000	0.0000	0.0000	0.0000	0.0000	0.0000	0.0000	1.0000	0.0000	1.0000	0.0000	0.0000	0.0000	1.0000	0.0000	1.0000	0.3458	0.3110	0.0348	0.1816	0.1690	0.0126	0.1642	0.1419	0.0222	0.1303	0.0618	0.0686	0.0074	0.0073	0.0001	0.1230	0.0545	0.0685	0.0000	0.0000	0.0000	0.0000	0.0000	0.0000	0.0000	0.0000	0.0000	7.6723	0.0000	14.5850	0.0000	0.0000	0.0000	8.1328	0.0000	14.6072						
41	58	0.6652	5	1	1	1	0	0	0	0	0	N	N	N	N	N	N	N	N	N	N	N	N	0.0000	0.0000	0.0000	0.0000	0.0000	0.0000	0.0000	0.0000	0.0000	0.0000	0.0000	0.0000	0.0000	0.0000	0.0000	0.0000	0.0000	0.0000	0.0000	0.0000	5.9998	0.0000	3.0000	1.0000	0.0000	0.0000	0.0000	0.0000	0.0000	0.0000	0.0000	0.0000	0.0000	0.0000	0.0000	0.0000	0.0000	0.0000	0.0000	0.0000	0.0000	0.0000	0.0000	0.0000	0.0000	0.0000	0.0000	0.0000	0.0000	0.0000	0.0000	0.0058	0.0032	0.0026	0.0029	0.0025	0.0004	0.0029	0.0008	0.0021	0.0000	0.0000	0.0000	0.0000	0.0000	0.0000	0.0000	0.0000	0.0000	0.0000	0.0000	0.0000	0.0000	0.0000	0.0000	0.0000	0.0000	0.0000											
41	59	0.1758	4	0	1	1	0	0	0	0	0	N	N	N	N	N	N	N	N	N	N	N	N	0.0000	0.0000	0.0000	0.0000	0.0000	0.0000	0.0000	0.0000	0.0000	0.0000	0.0000	0.0000	0.0000	0.0008	0.0011	0.0000	0.0026	0.0020	0.0000	0.0000	0.0000	0.0000	0.0000	0.0000	-0.0000	5.9998	0.0006	3.0000	1.1867	0.0000	0.0000	0.0000	0.0000	0.0000	0.0000	0.0000	0.0000	0.0000	0.0000	0.0000	0.0000	0.0000	0.0000	0.0000	0.0000	0.0000	0.0000	0.0003	0.0002	0.0000	0.0002	0.0001	0.0000	0.0001	0.0001	0.0000	0.0340	0.0237	0.0102	0.0098	0.0095	0.0003	0.0242	0.0143	0.0099	0.0000	0.0000	0.0000	0.0000	0.0000	0.0000	0.0000	0.0000	0.0000	0.0003	0.0004	0.0000	0.0010	0.0011	0.0000	0.0000	0.0000	0.0000						
41	60	0.1392	3	0	1	0	0	0	0	0	0	N	N	N	N	N	N	N	N	N	N	N	N	0.0000	0.0000	0.0000	0.0000	0.0000	0.0000	0.0000	0.0000	0.0000	0.0000	0.0000	0.0000	0.0000	0.0003	0.0000	0.0002	0.0000	0.0000	0.0000	0.0001	0.0000	0.0002	inf	0.0000	0.0000	5.9998	2.2785	3.0000	4.8627	0.0000	0.0000	0.0000	0.0000	0.0000	0.0000	0.0000	0.0000	0.0000	0.0000	0.0000	0.0000	0.0000	0.0000	0.0000	0.0000	0.0000	0.0000	0.4402	0.3958	0.0444	0.2247	0.2094	0.0153	0.2155	0.1864	0.0291	0.1100	0.0523	0.0577	0.0067	0.0066	0.0001	0.1033	0.0457	0.0576	0.0000	0.0000	0.0000	0.0000	0.0000	0.0000	0.0000	0.0000	0.0000	0.0001	0.0000	0.0002	0.0000	0.0000	0.0000	0.0001	0.0000	0.0002						
41	61	0.7432	9	0	1	1	0	0	0	0	0	N	N	N	N	N	N	N	N	N	N	N	N	0.0738	inf	0.0000	inf	inf	0.0000	0.0000	0.0000	0.0000	0.0000	0.0001	0.0001	0.0000	0.0000	0.0000	0.0000	0.0006	0.0000	0.0007	0.0000	0.0000	0.0000	0.0008	0.0000	0.0009	0.0000	inf	-0.0000	0.0000	5.9998	1.0901	3.0000	7.9319	0.0000	0.0000	0.0000	0.0000	0.0000	0.0000	0.0000	0.0000	0.0000	0.0000	0.0000	0.0000	0.0000	0.0000	0.0000	0.0000	0.0000	0.0000	0.2216	0.2012	0.0204	0.1380	0.1295	0.0085	0.0837	0.0717	0.0119	0.1180	0.0772	0.0408	0.0677	0.0595	0.0082	0.0503	0.0178	0.0326	0.1774	inf	0.0000	inf	inf	0.0000	0.0000	0.0000	0.0000	0.0003	0.0000	0.0007	0.0000	0.0000	0.0000	0.0006	0.0000	0.0009		
41	62	0.7131	8	0	1	0	0	0	0	0	0	N	N	N	N	N	N	N	N	N	N	N	N	0.0191	0.0079	inf	0.0192	0.0217	inf	inf	0.0000	0.0000	0.0003	0.0000	0.0000	0.0000	0.0001	0.0000	0.0004	0.0026	0.0034	0.0000	0.0022	0.0021	0.0000	0.0000	0.0000	0.0000	1.0000	0.0000	0.0000	-0.0000	5.9998	1.6797	3.0000	2.9843	0.0000	0.0000	0.0000	0.0000	0.0000	0.0000	0.0000	0.0000	0.0000	0.0000	0.0000	0.0000	0.0000	0.0000	0.0000	0.0000	0.0000	0.0000	0.4062	0.3718	0.0344	0.2325	0.2219	0.0106	0.1736	0.1499	0.0237	0.0536	0.0353	0.0182	0.0318	0.0281	0.0037	0.0217	0.0073	0.0145	0.0879	0.0317	inf	0.0456	0.0422	0.0000	inf	0.0000	inf	0.0006	0.0008	0.0000	0.0009	0.0011	0.0000	0.0000	0.0000	0.0000		
41	63	0.7029	7	0	1	0	0	0	0	0	0	N	N	N	N	N	N	N	N	N	N	N	N	inf	inf	inf	inf	0.0000	0.0000	0.0006	0.0000	0.0000	0.0000	0.0001	0.0000	0.0008	0.0000	0.0000	0.0000	0.0000	0.0000	0.0000	0.0000	0.0000	0.0000	inf	0.0000	0.0000	5.9998	0.4935	3.0000	1.5835	0.0000	0.0000	0.0000	0.0000	0.0000	0.0000	0.0000	0.0000	0.0000	0.0000	0.0000	0.0000	0.0000	0.0000	0.0000	0.0000	0.0000	0.0000	0.2200	0.2038	0.0162	0.1193	0.1161	0.0033	0.1006	0.0877	0.0129	0.0238	0.0157	0.0081	0.0146	0.0128	0.0017	0.0092	0.0028	0.0064	inf	0.0000	inf	0.0000	0.0000	0.0000	inf	0.0000	inf	0.0000	0.0000	0.0000	0.0000	0.0000	0.0000	0.0000	0.0000	0.0000						
41	64	0.7399	9	0	2	0	0	0	0	0	0	N	Y	N	N	N	N	N	N	N	N	N	N	inf	inf	inf	inf	0.0027	0.0031	0.0000	0.0034	0.0039	0.0000	0.0000	0.0000	0.0000	0.0000	0.0000	0.0000	0.0000	0.0000	0.0000	0.0000	0.0000	0.0000	0.0000	-0.0001	0.0000	5.9998	0.2944	3.0000	1.0083	0.0002	0.0002	0.0000	0.0002	0.0002	0.0000	0.0000	0.0000	0.0000	0.0000	0.0000	0.0000	0.0000	0.0000	0.0000	0.0000	0.0000	0.0000	0.0886	0.0773	0.0113	0.0706	0.0620	0.0086	0.0180	0.0153	0.0027	0.0147	0.0097	0.0050	0.0092	0.0081	0.0011	0.0055	0.0016	0.0038	inf	inf	0.0000	inf	inf	0.0000	0.0000	0.0000	0.0000	0.0000	0.0000	0.0000	0.0000	0.0000	0.0000	0.0000	0.0000	0.0000						
41	65	0.7191	8	0	1	0	0	0	0	0	0	N	N	N	N	N	N	N	N	N	N	N	N	inf	inf	inf	inf	inf	inf	0.0007	0.0002	0.0065	0.0000	0.0000	0.0000	0.0017	0.0006	0.0090	0.0000	0.0000	0.0000	0.0000	0.0000	0.0000	0.0000	0.0000	0.0000	2.4286	0.0001	0.0000	5.9998	1.1351	3.0000	2.0429	0.0002	0.0001	0.0002	0.0000	0.0000	0.0000	0.0002	0.0001	0.0002	0.0000	0.0000	0.0000	0.0000	0.0000	0.0000	0.0000	0.0000	0.0000	0.3222	0.2961	0.0261	0.1813	0.1740	0.0073	0.1409	0.1220	0.0189	0.0367	0.0242	0.0124	0.0223	0.0196	0.0026	0.0144	0.0046	0.0098	inf	inf	inf	0.0000	0.0000	0.0000	inf	inf	inf	0.0000	0.0000	0.0000	0.0000	0.0000	0.0000	0.0000	0.0000	0.0000				
41	66	0.7029	7	0	1	0	0	0	0	0	0	N	N	N	N	N	N	N	N	N	N	N	N	0.0000	0.0000	0.0000	0.0000	0.0000	0.0000	0.0000	0.0000	0.0000	0.0000	0.0000	0.0000	0.0000	0.0000	0.0000	0.0000	0.0000	0.0000	0.0000	0.0000	5.9998	0.4912	3.0000	2.4266	0.0000	0.0000	0.0000	0.0000	0.0000	0.0000	0.0000	0.0000	0.0000	0.0000	0.0000	0.0000	0.0000	0.0000	0.0000	0.0000	0.0000	0.0000	0.2196	0.2035	0.0161	0.1191	0.1159	0.0032	0.1005	0.0876	0.0129	0.0330	0.0217	0.0113	0.0203	0.0178	0.0024	0.0127	0.0039	0.0088	0.0000	0.0000	0.0000	0.0000	0.0000	0.0000	0.0000	0.0000	0.0000	0.0000	0.0000	0.0000	0.0000	0.0000	0.0000	0.0000	0.0000	0.0000											
41	67	0.6978	6	0	1	0	0	0	0	0	0	N	N	N	N	N	N	N	N	N	N	N	N	0.0035	inf	0.0000	inf	inf	0.0000	0.0000	0.0000	0.0000	0.0000	0.0001	0.0001	0.0000	0.0000	0.0000	0.0000	0.0110	0.0000	0.0038	0.0000	0.0000	0.0000	0.0214	0.0000	0.0048	0.0000	inf	-0.0000	0.0000	5.9998	0.6141	3.0000	1.2701	0.0000	0.0000	0.0000	0.0000	0.0000	0.0000	0.0000	0.0000	0.0000	0.0000	0.0000	0.0000	0.0000	0.0000	0.0000	0.0000	0.0000	0.0000	0.2589	0.2394	0.0196	0.1419	0.1377	0.0042	0.1171	0.1017	0.0154	0.0225	0.0147	0.0078	0.0136	0.0120	0.0016	0.0089	0.0027	0.0062	0.0290	inf	0.0000	inf	inf	0.0000	0.0000	0.0000	0.0000	0.0013	0.0000	0.0038	0.0000	0.0000	0.0000	0.0034	0.0000	0.0048		
41	68	0.6652	5	1	2	1	0	0	0	0	0	N	Y	N	N	N	N	N	N	N	N	N	N	0.0000	0.0000	0.0000	0.0000	0.0000	0.0000	0.0000	0.0000	0.0000	0.0000	0.0000	0.0000	0.0000	0.0000	0.0000	0.0000	0.0000	0.0000	0.0000	0.0000	5.9998	0.0000	3.0000	0.0000	0.0000	0.0000	0.0000	0.0000	0.0000	0.0000	0.0000	0.0000	0.0000	0.0000	0.0000	0.0000	0.0000	0.0000	0.0000	0.0000	0.0000	0.0000	0.0000	0.0000	0.0000	0.0000	0.0000	0.0000	0.0000	0.0000	0.0000	0.0000	0.0000	0.0000	0.0000	0.0000	0.0000	0.0000	0.0000	0.0000	0.0000	0.0000	0.0000	0.0000	0.0000	0.0000	0.0000	0.0000	0.0000	0.0000	0.0000	0.0000	0.0000	0.0000	0.0000	0.0000	0.0000	0.0000											
41	69	0.1131	3	1	2	1	0	0	0	0	0	N	Y	N	N	N	N	N	N	N	N	N	N	0.0000	0.0000	0.0000	0.0000	0.0000	0.0000	0.0000	0.0000	0.0000	0.0000	0.0000	0.0000	0.0000	0.0000	0.0000	0.0000	0.0000	0.0000	0.0000	0.0000	5.9998	1.0000	3.0000	0.0000	0.0000	0.0000	0.0000	0.0000	0.0000	0.0000	0.0000	0.0000	0.0000	0.0000	0.0000	0.0000	0.0000	0.0000	0.0000	0.0000	0.0000	0.0000	0.3111	0.2669	0.0442	0.0132	0.0125	0.0007	0.2979	0.2544	0.0435	0.0308	0.0147	0.0161	0.0001	0.0001	0.0000	0.0306	0.0145	0.0161	0.0000	0.0000	0.0000	0.0000	0.0000	0.0000	0.0000	0.0000	0.0000	0.0000	0.0000	0.0000	0.0000	0.0000	0.0000	0.0000	0.0000	0.0000											
41	70	0.1131	3	1	2	1	0	0	0	0	0	N	Y	N	N	N	N	N	N	N	N	N	N	0.0000	0.0000	0.0000	0.0000	0.0000	0.0000	0.0000	0.0000	0.0000	0.0000	0.0000	0.0000	0.0000	0.0000	0.0000	0.0000	0.0000	0.0000	0.0000	0.0000	5.9998	0.0000	3.0000	0.0000	0.0000	0.0000	0.0000	0.0000	0.0000	0.0000	0.0000	0.0000	0.0000	0.0000	0.0000	0.0000	0.0000	0.0000	0.0000	0.0000	0.0000	0.0000	0.0000	0.0000	0.0000	0.0000	0.0000	0.0000	0.0000	0.0000	0.0000	0.0000	0.0000	0.0000	0.0000	0.0000	0.0000	0.0000	0.0000	0.0000	0.0000	0.0000	0.0000	0.0000	0.0000	0.0000	0.0000	0.0000	0.0000	0.0000	0.0000	0.0000	0.0000	0.0000	0.0000	0.0000	0.0000	0.0000											
41	71	0.0907	2	1	2	1	0	0	0	0	0	N	Y	N	N	N	N	N	N	N	N	N	N	0.0000	0.0000	0.0000	0.0000	0.0000	0.0000	0.0000	0.0000	0.0000	0.0000	0.0000	0.0000	0.0000	0.0000	0.0000	0.0000	0.0000	0.0000	0.0000	0.0000	5.9998	2.0000	3.0000	1.0000	0.0000	0.0000	0.0000	0.0000	0.0000	0.0000	0.0000	0.0000	0.0000	0.0000	0.0000	0.0000	0.0000	0.0000	0.0000	0.0000	0.0000	0.0000	0.5732	0.4921	0.0810	0.0057	0.0053	0.0005	0.5674	0.4869	0.0806	0.0901	0.0427	0.0473	0.0003	0.0002	0.0001	0.0898	0.0425	0.0473	0.0000	0.0000	0.0000	0.0000	0.0000	0.0000	0.0000	0.0000	0.0000	0.0000	0.0000	0.0000	0.0000	0.0000	0.0000	0.0000	0.0000	0.0000											
41	73	0.6844	6	1	2	0	0	0	0	0	0	N	Y	N	N	N	N	N	N	N	N	N	N	0.0000	0.0000	0.0000	0.0000	0.0000	0.0000	0.0000	0.0000	0.0000	0.0000	0.0000	0.0000	0.0000	0.0000	0.0000	0.0000	0.0000	0.0000	0.0000	0.0000	5.9998	0.0000	3.0000	0.0000	0.0000	0.0000	0.0000	0.0000	0.0000	0.0000	0.0000	0.0000	0.0000	0.0000	0.0000	0.0000	0.0000	0.0000	0.0000	0.0000	0.0000	0.0000	0.0000	0.0000	0.0000	0.0000	0.0000	0.0000	0.0000	0.0000	0.0000	0.0000	0.0000	0.0000	0.0000	0.0000	0.0000	0.0000	0.0000	0.0000	0.0000	0.0000	0.0000	0.0000	0.0000	0.0000	0.0000	0.0000	0.0000	0.0000	0.0000	0.0000	0.0000	0.0000	0.0000	0.0000	0.0000	0.0000											
41	74	0.1773	4	1	2	0	0	0	0	0	0	N	Y	N	N	N	N	N	N	N	N	N	N	0.0000	0.0000	0.0000	0.0000	0.0000	0.0000	0.0000	0.0000	0.0000	0.0000	0.0000	0.0000	0.0000	1.4213	1.8658	0.0000	0.0000	0.0000	0.0000	1.6697	3.8336	0.0000	0.0000	0.0000	-0.0005	5.9998	0.0000	3.0000	0.0010	0.0000	0.0000	0.0000	0.0000	0.0000	0.0000	0.0000	0.0000	0.0000	0.0010	0.0010	0.0000	0.0000	0.0000	0.0000	0.0010	0.0010	0.0000	0.0000	0.0000	0.0000	0.0000	0.0000	0.0000	0.0000	0.0000	0.0000	0.0070	0.0056	0.0014	0.0035	0.0035	0.0000	0.0035	0.0021	0.0014	0.0000	0.0000	0.0000	0.0000	0.0000	0.0000	0.0000	0.0000	0.0000	0.1486	0.1854	0.0000	0.0000	0.0000	0.0000	0.2974	0.4917	0.0000						
41	75	0.1664	6	0	2	0	1	0	0	0	0	N	Y	N	N	N	N	N	N	N	N	N	N	0.0000	0.0000	0.0000	0.0000	0.0000	0.0000	0.0000	0.0000	0.0000	0.0000	0.0000	0.0000	0.0000	0.0000	0.0000	0.0000	0.0000	0.0000	0.0000	0.0000	5.9998	0.0000	3.0000	0.0000	0.0000	0.0000	0.0000	0.0000	0.0000	0.0000	0.0000	0.0000	0.0000	0.0000	0.0000	0.0000	0.0000	0.0000	0.0000	0.0000	0.0000	0.0000	0.0000	0.0000	0.0000	0.0000	0.0000	0.0000	0.0000	0.0000	0.0000	0.0000	0.0000	0.0000	0.0000	0.0000	0.0000	0.0000	0.0000	0.0000	0.0000	0.0000	0.0000	0.0000	0.0000	0.0000	0.0000	0.0000	0.0000	0.0000	0.0000	0.0000	0.0000	0.0000	0.0000	0.0000	0.0000	0.0000											
41	76	0.1664	6	0	1	0	1	0	0	0	0	N	N	N	N	N	N	N	N	N	N	N	N	0.0000	0.0000	0.0000	0.0000	0.0000	0.0000	0.0000	0.0000	0.0000	0.0000	0.0000	0.0000	0.0000	0.0000	0.0000	0.0000	0.0000	0.0000	0.0000	0.0000	5.9998	0.0000	3.0000	0.0000	0.0000	0.0000	0.0000	0.0000	0.0000	0.0000	0.0000	0.0000	0.0000	0.0000	0.0000	0.0000	0.0000	0.0000	0.0000	0.0000	0.0000	0.0000	0.0000	0.0000	0.0000	0.0000	0.0000	0.0000	0.0000	0.0000	0.0000	0.0000	0.0000	0.0000	0.0000	0.0000	0.0000	0.0000	0.0000	0.0000	0.0000	0.0000	0.0000	0.0000	0.0000	0.0000	0.0000	0.0000	0.0000	0.0000	0.0000	0.0000	0.0000	0.0000	0.0000	0.0000	0.0000	0.0000											
41	77	0.1511	5	0	1	0	1	0	0	0	0	N	N	N	N	N	N	N	N	N	N	N	N	0.0000	0.0000	0.0000	0.0000	0.0000	0.0000	0.0000	0.0000	0.0000	0.0000	0.0000	0.0000	0.0000	0.0000	0.0000	0.0000	0.0000	0.0000	0.0000	0.0000	5.9998	0.0002	3.0000	2.9297	0.0000	0.0000	0.0000	0.0000	0.0000	0.0000	0.0000	0.0000	0.0000	0.0000	0.0000	0.0000	0.0000	0.0000	0.0000	0.0000	0.0000	0.0000	0.0001	0.0001	0.0000	0.0000	0.0000	0.0000	0.0000	0.0000	0.0000	0.1008	0.0633	0.0375	0.0304	0.0302	0.0003	0.0703	0.0331	0.0372	0.0000	0.0000	0.0000	0.0000	0.0000	0.0000	0.0000	0.0000	0.0000	0.0000	0.0000	0.0000	0.0000	0.0000	0.0000	0.0000	0.0000	0.0000											
41	78	0.1470	4	0	1	0	1	0	0	0	0	N	N	N	N	N	N	N	N	N	N	N	N	0.0000	0.0000	0.0000	0.0000	0.0000	0.0000	0.0000	0.0000	0.0000	0.0000	0.0000	0.0000	0.0000	0.0000	0.0000	0.0000	0.0000	0.0000	0.0000	0.0000	5.9998	0.0003	3.0000	2.1916	0.0000	0.0000	0.0000	0.0000	0.0000	0.0000	0.0000	0.0000	0.0000	0.0000	0.0000	0.0000	0.0000	0.0000	0.0000	0.0000	0.0000	0.0000	0.0001	0.0001	0.0000	0.0000	0.0000	0.0000	0.0000	0.0000	0.0000	0.0469	0.0224	0.0245	0.0080	0.0080	0.0000	0.0390	0.0145	0.0245	0.0000	0.0000	0.0000	0.0000	0.0000	0.0000	0.0000	0.0000	0.0000	0.0000	0.0000	0.0000	0.0000	0.0000	0.0000	0.0000	0.0000	0.0000											
41	79	0.1392	3	0	1	0	0	0	0	0	0	N	N	N	N	N	N	N	N	N	N	N	N	0.0000	0.0000	0.0000	0.0000	0.0000	0.0000	0.0000	0.0000	0.0000	0.0000	0.0000	0.0000	0.0000	0.0000	0.0000	0.0000	0.0000	0.0000	0.0000	0.0000	5.9998	0.2782	3.0000	1.3600	0.0000	0.0000	0.0000	0.0000	0.0000	0.0000	0.0000	0.0000	0.0000	0.0000	0.0000	0.0000	0.0000	0.0000	0.0000	0.0000	0.0000	0.0000	0.0867	0.0779	0.0088	0.0596	0.0545	0.0051	0.0271	0.0234	0.0037	0.0317	0.0161	0.0156	0.0042	0.0042	0.0000	0.0275	0.0119	0.0156	0.0000	0.0000	0.0000	0.0000	0.0000	0.0000	0.0000	0.0000	0.0000	0.0000	0.0000	0.0000	0.0000	0.0000	0.0000	0.0000	0.0000	0.0000											
41	80	0.1003	3	0	2	1	0	0	0	0	0	N	Y	N	N	N	N	N	N	N	N	N	N	0.6347	743.7690	0.0000	0.8144	0.9196	0.9845	inf	0.0000	0.9551	1.0750	0.0000	0.0626	0.0648	0.0000	1.3711	1.6091	0.0000	1.5048	0.0014	1.4705	0.0769	0.0704	0.0000	1.3927	0.0000	0.5362	0.0000	781.0000	-0.0002	0.0037	5.9998	0.0029	3.0000	2.0135	0.0010	0.0010	0.0000	0.0000	0.0000	0.0000	0.0009	0.0009	0.0000	0.0078	0.0000	0.0078	0.0000	0.0000	0.0000	0.0078	0.0000	0.0078	0.0010	0.0009	0.0001	0.0003	0.0003	0.0000	0.0007	0.0006	0.0001	0.0446	0.0208	0.0238	0.0012	0.0011	0.0001	0.0435	0.0198	0.0237	5.4475	2240.9679	0.0000	7.2064	6.8364	0.0000	7.6281	inf	0.0000	0.1753	0.0005	0.3288	0.0087	0.0095	0.0000	0.1797	0.0000	0.3301	
41	81	0.0937	2	0	2	0	0	0	0	0	0	N	Y	N	N	N	N	N	N	N	N	N	N	0.0537	1.0047	0.0000	0.0240	0.0243	140.9043	0.0767	inf	0.0000	1.2731	1.3658	0.0009	0.0640	0.0652	0.0036	1.9493	2.1540	0.0006	23.7224	1.3594	44.6366	2.6633	2.6779	0.0000	25.4296	0.0000	53.7956	0.0000	873.1890	-0.1063	0.4390	5.9998	0.6188	3.0000	0.9475	0.4086	0.4086	0.0000	0.0074	0.0074	0.0000	0.4013	0.4012	0.0000	0.9205	0.0011	0.9194	0.0011	0.0011	0.0000	0.9194	0.0000	0.9194	0.3210	0.2992	0.0218	0.1151	0.1129	0.0022	0.2058	0.1863	0.0196	0.0388	0.0182	0.0206	0.0026	0.0026	0.0001	0.0362	0.0156	0.0205	0.0537	23.6118	0.0000	0.1608	0.1592	140.9043	0.0767	inf	0.0000	23.7224	0.0578	44.6366	0.3979	0.4094	0.0000	25.4296	0.0000	44.7990
41	82	0.6876	6	0	2	1	0	0	0	0	0	N	Y	N	N	N	N	N	N	N	N	N	N	0.0000	0.0000	0.0000	0.0000	0.0000	0.0000	0.0000	0.0000	0.0000	0.0000	0.0000	0.0000	0.0000	0.0000	0.0000	0.0000	0.0000	0.0000	0.0000	0.0000	5.9998	0.0000	3.0000	1.0000	0.0000	0.0000	0.0000	0.0000	0.0000	0.0000	0.0000	0.0000	0.0000	0.0000	0.0000	0.0000	0.0000	0.0000	0.0000	0.0000	0.0000	0.0000	0.0000	0.0000	0.0000	0.0000	0.0000	0.0000	0.0000	0.0000	0.0000	0.0120	0.0074	0.0046	0.0068	0.0058	0.0009	0.0053	0.0016	0.0037	0.0000	0.0000	0.0000	0.0000	0.0000	0.0000	0.0000	0.0000	0.0000	0.0000	0.0000	0.0000	0.0000	0.0000	0.0000	0.0000	0.0000	0.0000											
41	84	0.6652	5	1	1	1	0	0	0	0	0	N	N	N	N	N	N	N	N	N	N	N	N	0.0000	0.0000	0.0000	0.0000	0.0000	0.0000	0.0000	0.0000	0.0000	0.0000	0.0000	0.0000	0.0000	0.0000	0.0000	0.0000	0.0000	0.0000	0.0000	0.0000	5.9998	4.0000	3.0000	0.0000	0.0000	0.0000	0.0000	0.0000	0.0000	0.0000	0.0000	0.0000	0.0000	0.0000	0.0000	0.0000	0.0000	0.0000	0.0000	0.0000	0.0000	0.0000	0.4767	0.4377	0.0390	0.3551	0.3333	0.0217	0.1216	0.1044	0.0172	0.0226	0.0126	0.0099	0.0112	0.0096	0.0016	0.0114	0.0031	0.0083	0.0000	0.0000	0.0000	0.0000	0.0000	0.0000	0.0000	0.0000	0.0000	0.0000	0.0000	0.0000	0.0000	0.0000	0.0000	0.0000	0.0000	0.0000											
41	85	0.7113	6	1	2	0	0	0	0	0	0	N	Y	N	N	N	N	N	N	N	N	N	N	0.0723	inf	0.0000	inf	inf	0.0000	0.0000	0.0017	0.0018	0.0000	0.0027	0.0029	0.0000	0.0000	0.0000	0.0000	0.0231	0.0000	0.0101	0.0000	0.0000	0.0000	0.0385	0.0000	0.0079	0.0000	inf	-0.0001	0.0000	5.9998	1.0086	3.0000	1.7435	0.0003	0.0003	0.0000	0.0003	0.0003	0.0000	0.0000	0.0000	0.0000	0.0001	0.0000	0.0001	0.0000	0.0000	0.0000	0.0001	0.0000	0.0001	0.1853	0.1682	0.0170	0.1137	0.1073	0.0065	0.0716	0.0610	0.0106	0.0433	0.0292	0.0141	0.0254	0.0227	0.0027	0.0179	0.0065	0.0114	0.8047	inf	0.0000	inf	inf	0.0000	0.0000	0.0000	0.0000	0.0021	0.0000	0.0064	0.0000	0.0000	0.0000	0.0050	0.0000	0.0079		
41	86	0.6652	5	1	2	0	0	0	0	0	0	N	Y	N	N	N	N	N	N	N	N	N	N	118.0650	45.8693	inf	265.2555	267.1813	inf	inf	inf	7.5588	8.2257	0.0028	9.9466	10.5973	0.0000	0.0013	0.0004	0.0066	0.0640	0.1793	0.0000	0.0375	0.0397	0.0000	0.0000	0.0000	0.0000	0.0000	0.0000	-0.2601	-0.0000	5.9998	1.0165	3.0000	4.1395	0.9998	0.9997	0.0000	0.9997	0.9997	0.0000	0.0000	0.0000	0.0000	0.0001	0.0001	0.0000	0.0001	0.0001	0.0000	0.0000	0.0000	0.0000	0.1323	0.1215	0.0107	0.1005	0.0943	0.0062	0.0318	0.0272	0.0046	0.0288	0.0161	0.0127	0.0143	0.0122	0.0021	0.0145	0.0039	0.0106	2421.5490	1475.2100	inf	1581.2970	1438.0028	0.0000	inf	inf	inf	0.0031	0.0056	0.0000	0.0063	0.0074	0.0000	0.0000	0.0000	0.0000	
41	87	0.1090	2	1	2	0	0	0	0	0	0	N	Y	N	N	N	N	N	N	N	N	N	N	inf	inf	inf	inf	inf	inf	1.4363	1.6002	0.0000	1.6146	1.7254	0.0000	1.2934	1.4920	0.0000	0.0000	0.0000	0.0000	0.0000	0.0000	0.0000	0.0000	0.0000	0.0000	0.0000	-0.5203	0.0000	5.9998	9.0005	3.0000	5.0000	1.9998	1.9998	0.0000	1.0000	1.0000	0.0000	0.9998	0.9998	0.0000	0.0000	0.0000	0.0000	0.0000	0.0000	0.0000	0.0000	0.0000	0.0000	1.3923	1.2497	0.1427	0.6194	0.5796	0.0398	0.7730	0.6701	0.1029	0.1984	0.0836	0.1148	0.0017	0.0016	0.0001	0.1967	0.0820	0.1147	inf	inf	0.0000	inf	inf	0.0000	inf	inf	0.0000	0.0000	0.0000	0.0000	0.0000	0.0000	0.0000	0.0000	0.0000	0.0000				
41	88	0.6876	6	0	2	0	0	0	0	0	0	N	Y	N	N	N	N	N	N	N	N	N	N	0.0000	0.0000	0.0000	0.0000	0.0000	0.0000	0.0000	0.0000	0.0000	0.0000	0.0000	0.0000	0.0000	0.0000	0.0000	0.0000	0.0000	0.0000	0.0000	0.0000	5.9998	0.0000	3.0000	0.0000	0.0000	0.0000	0.0000	0.0000	0.0000	0.0000	0.0000	0.0000	0.0000	0.0000	0.0000	0.0000	0.0000	0.0000	0.0000	0.0000	0.0000	0.0000	0.0000	0.0000	0.0000	0.0000	0.0000	0.0000	0.0000	0.0000	0.0000	0.0000	0.0000	0.0000	0.0000	0.0000	0.0000	0.0000	0.0000	0.0000	0.0000	0.0000	0.0000	0.0000	0.0000	0.0000	0.0000	0.0000	0.0000	0.0000	0.0000	0.0000	0.0000	0.0000	0.0000	0.0000	0.0000	0.0000											
41	89	0.0937	2	0	2	0	0	0	0	0	0	N	Y	N	N	N	N	N	N	N	N	N	N	0.7753	0.0000	inf	0.0000	0.0000	inf	inf	1.8087	0.0000	19.1116	0.0000	0.0000	0.0000	2.3898	0.0000	21.6985	2.3328	3.3061	0.0000	24.0993	25.3185	0.0000	0.0000	0.0000	0.0000	inf	0.0000	0.7378	-0.0383	5.9998	1.9953	3.0000	1.0817	0.9972	0.0000	0.9972	0.0000	0.0000	0.0000	0.9972	0.0000	0.9972	0.0734	0.0734	0.0000	0.0734	0.0734	0.0000	0.0000	0.0000	0.0000	0.5514	0.4992	0.0522	0.1341	0.1279	0.0062	0.4173	0.3713	0.0460	0.0706	0.0329	0.0378	0.0030	0.0029	0.0001	0.0676	0.0300	0.0376	1.7414	0.0000	inf	0.0000	0.0000	0.0000	inf	0.0000	inf	1.0386	2.2309	0.0000	24.0993	25.3185	0.0000	0.0000	0.0000	0.0000		
41	91	0.1713	4	0	1	1	0	0	0	0	0	N	N	N	N	N	N	N	N	N	N	N	N	0.0000	0.0000	0.0000	0.0000	0.0000	0.0000	0.0000	0.0000	0.0000	0.0000	0.0000	0.0000	0.0000	0.0000	0.0000	0.0000	0.0000	0.0000	0.0000	0.0000	5.9998	0.0000	3.0000	0.0000	0.0000	0.0000	0.0000	0.0000	0.0000	0.0000	0.0000	0.0000	0.0000	0.0000	0.0000	0.0000	0.0000	0.0000	0.0000	0.0000	0.0000	0.0000	0.0000	0.0000	0.0000	0.0000	0.0000	0.0000	0.0000	0.0000	0.0000	0.0000	0.0000	0.0000	0.0000	0.0000	0.0000	0.0000	0.0000	0.0000	0.0000	0.0000	0.0000	0.0000	0.0000	0.0000	0.0000	0.0000	0.0000	0.0000	0.0000	0.0000	0.0000	0.0000	0.0000	0.0000	0.0000	0.0000											
41	92	0.1392	3	0	1	1	0	0	0	0	0	N	N	N	N	N	N	N	N	N	N	N	N	0.0000	0.0000	0.0000	0.0000	0.0000	0.0000	0.0000	0.0000	0.0000	0.0000	0.0000	0.0000	0.0000	0.0000	0.0000	0.0000	0.0000	0.0000	0.0000	0.0000	5.9998	3.7221	3.0000	2.9993	0.0000	0.0000	0.0000	0.0000	0.0000	0.0000	0.0000	0.0000	0.0000	0.0000	0.0000	0.0000	0.0000	0.0000	0.0000	0.0000	0.0000	0.0000	0.6724	0.6042	0.0682	0.3272	0.3054	0.0217	0.3452	0.2987	0.0465	0.1043	0.0497	0.0546	0.0066	0.0065	0.0001	0.0978	0.0432	0.0546	0.0000	0.0000	0.0000	0.0000	0.0000	0.0000	0.0000	0.0000	0.0000	0.0000	0.0000	0.0000	0.0000	0.0000	0.0000	0.0000	0.0000	0.0000											
41	93	0.1090	2	0	1	0	0	0	0	0	0	N	N	N	N	N	N	N	N	N	N	N	N	inf	inf	inf	inf	0.0001	0.0002	0.0000	0.0003	0.0003	0.0000	0.0000	0.0000	0.0000	0.0000	0.0000	0.0000	0.0000	0.0000	0.0000	0.0000	0.0000	0.0000	0.0000	-0.0000	0.0000	5.9998	2.7217	3.0000	3.0458	0.0001	0.0001	0.0000	0.0001	0.0001	0.0000	0.0000	0.0000	0.0000	0.0000	0.0000	0.0000	0.0000	0.0000	0.0000	0.0000	0.0000	0.0000	0.4917	0.4426	0.0492	0.2377	0.2229	0.0148	0.2541	0.2197	0.0344	0.0888	0.0370	0.0518	0.0007	0.0007	0.0000	0.0881	0.0363	0.0518	inf	inf	0.0000	inf	inf	0.0000	0.0000	0.0000	0.0000	0.0000	0.0000	0.0000	0.0000	0.0000	0.0000	0.0000	0.0000	0.0000						
41	94	0.0840	2	1	2	0	0	0	0	0	0	N	Y	N	N	N	N	N	N	N	N	N	N	4861.4009	2569.1405	inf	319.0868	371.7014	inf	inf	inf	0.8841	0.9842	0.0018	3.9189	4.0876	0.0000	0.0316	0.0356	0.0020	0.0002	0.0004	0.0000	0.0123	0.0110	0.0000	0.0000	0.0000	0.0000	0.0002	0.0000	-0.2536	-0.0000	5.9998	5.9980	3.0000	4.9575	0.9753	0.9751	0.0002	0.9481	0.9481	0.0000	0.0272	0.0270	0.0002	0.0000	0.0000	0.0000	0.0000	0.0000	0.0000	0.0000	0.0000	0.0000	1.1032	0.9908	0.1124	0.2419	0.2319	0.0100	0.8613	0.7588	0.1024	0.2107	0.0993	0.1114	0.0030	0.0029	0.0001	0.2077	0.0964	0.1113	18625.0909	9768.4181	inf	1182.5839	1174.9632	0.0000	inf	inf	inf	0.0000	0.0001	0.0000	0.0033	0.0035	0.0000	0.0000	0.0000	0.0000	
41	95	0.6876	6	1	2	0	0	0	0	0	0	N	Y	N	N	N	N	N	N	N	N	N	N	0.0000	0.0000	0.0000	0.0000	0.0000	0.0000	0.0000	0.0000	0.0000	0.0000	0.0000	0.0000	0.0000	0.0000	0.0000	0.0000	0.0000	0.0000	0.0000	0.0000	5.9998	0.0000	3.0000	2.0000	0.0000	0.0000	0.0000	0.0000	0.0000	0.0000	0.0000	0.0000	0.0000	0.0000	0.0000	0.0000	0.0000	0.0000	0.0000	0.0000	0.0000	0.0000	0.0000	0.0000	0.0000	0.0000	0.0000	0.0000	0.0000	0.0000	0.0000	0.0238	0.0147	0.0091	0.0134	0.0115	0.0019	0.0104	0.0032	0.0073	0.0000	0.0000	0.0000	0.0000	0.0000	0.0000	0.0000	0.0000	0.0000	0.0000	0.0000	0.0000	0.0000	0.0000	0.0000	0.0000	0.0000	0.0000											
41	96	0.6652	5	0	2	0	0	0	0	0	0	N	Y	N	N	N	N	N	N	N	N	N	N	0.0000	0.0000	0.0000	0.0000	0.0000	0.0000	0.0000	0.0000	0.0000	0.0000	0.0000	0.0000	0.0000	0.0000	0.0000	0.0000	0.0000	0.0000	0.0000	0.0000	5.9998	4.0000	3.0000	0.0000	0.0000	0.0000	0.0000	0.0000	0.0000	0.0000	0.0000	0.0000	0.0000	0.0000	0.0000	0.0000	0.0000	0.0000	0.0000	0.0000	0.0000	0.0000	0.4767	0.4377	0.0390	0.3551	0.3333	0.0217	0.1216	0.1044	0.0172	0.0226	0.0126	0.0099	0.0112	0.0096	0.0016	0.0114	0.0031	0.0083	0.0000	0.0000	0.0000	0.0000	0.0000	0.0000	0.0000	0.0000	0.0000	0.0000	0.0000	0.0000	0.0000	0.0000	0.0000	0.0000	0.0000	0.0000											
41	97	0.1090	2	0	1	0	0	0	0	0	0	N	N	N	N	N	N	N	N	N	N	N	N	0.3448	0.0801	inf	inf	inf	0.3254	0.0000	inf	2.8632	1.5918	14.2295	3.0157	3.2173	0.0000	2.7253	0.0000	20.2015	8.3046	19.8697	0.0000	0.0000	0.0000	0.0000	8.3754	20.2596	0.0000	0.9998	0.0000	0.4795	-0.5219	5.9998	3.9994	3.0000	4.0000	1.9997	0.9999	0.9998	0.9999	0.9999	0.0000	0.9998	0.0000	0.9998	1.0000	1.0000	0.0000	0.0000	0.0000	0.0000	1.0000	1.0000	0.0000	0.6984	0.6282	0.0703	0.3316	0.3108	0.0208	0.3669	0.3174	0.0495	0.1204	0.0503	0.0701	0.0010	0.0010	0.0000	0.1194	0.0494	0.0700	0.3448	0.0801	inf	inf	inf	0.0000	0.3254	0.0000	inf	8.3046	19.8697	0.0000	0.0000	0.0000	0.0000	8.3754	20.2596	0.0000	
41	98	0.6652	5	0	1	0	0	0	0	0	0	N	N	N	N	N	N	N	N	N	N	N	N	inf	inf	inf	inf	4.2740	4.6521	0.0000	5.6561	6.0257	0.0000	0.0000	0.0000	0.0000	0.0000	0.0000	0.0000	0.0000	0.0000	0.0000	0.0000	0.0000	0.0000	0.0000	-0.2602	0.0000	5.9998	1.0000	3.0000	0.0000	1.0000	1.0000	0.0000	1.0000	1.0000	0.0000	0.0000	0.0000	0.0000	0.0000	0.0000	0.0000	0.0000	0.0000	0.0000	0.0000	0.0000	0.0000	0.2340	0.2150	0.0190	0.1768	0.1660	0.0108	0.0572	0.0490	0.0082	0.0106	0.0059	0.0047	0.0053	0.0045	0.0008	0.0053	0.0014	0.0039	inf	inf	0.0000	inf	inf	0.0000	0.0000	0.0000	0.0000	0.0000	0.0000	0.0000	0.0000	0.0000	0.0000	0.0000	0.0000	0.0000						
41	99	0.2200	3	0	1	0	0	0	0	0	0	N	N	N	N	N	N	N	N	N	N	N	N	0.0506	0.0020	0.1330	0.0058	0.0059	inf	0.0772	0.0001	0.1690	0.2179	0.0065	2.0526	0.0104	0.0109	0.0025	0.4580	0.0007	2.7764	4.3092	3.2856	15.4356	1.7842	1.8377	0.0000	5.9326	5.4987	16.4261	36.5888	2.8693	0.0697	0.2402	5.9998	1.5982	3.0000	11.1970	0.0977	0.0026	0.0951	0.0025	0.0025	0.0000	0.0952	0.0001	0.0951	1.0935	0.2826	0.8109	0.0106	0.0106	0.0000	1.0829	0.2720	0.8109	0.4486	0.4022	0.0463	0.2407	0.2286	0.0121	0.2079	0.1737	0.0343	0.2538	0.1360	0.1178	0.0712	0.0667	0.0045	0.1825	0.0693	0.1133	0.0506	0.0031	0.2982	0.0698	0.0680	inf	0.0772	0.0002	0.3878	4.3092	2.0786	6.8837	0.1495	0.1597	0.0000	5.9326	3.9269	7.1590
41	100	0.0855	3	1	2	1	0	0	0	0	0	N	Y	N	N	N	N	N	N	N	N	N	N	0.0000	0.0000	0.0000	0.0000	0.0000	0.0000	0.0000	0.0000	0.0000	0.0000	0.0000	0.0000	0.0000	0.0000	0.0000	0.0000	0.0000	0.0000	0.0000	0.0000	5.9998	0.0000	3.0000	0.9982	0.0000	0.0000	0.0000	0.0000	0.0000	0.0000	0.0000	0.0000	0.0000	0.0000	0.0000	0.0000	0.0000	0.0000	0.0000	0.0000	0.0000	0.0000	0.0428	0.0414	0.0014	0.0306	0.0303	0.0003	0.0122	0.0111	0.0011	0.0225	0.0107	0.0119	0.0004	0.0004	0.0000	0.0222	0.0103	0.0118	0.0000	0.0000	0.0000	0.0000	0.0000	0.0000	0.0000	0.0000	0.0000	0.0000	0.0000	0.0000	0.0000	0.0000	0.0000	0.0000	0.0000	0.0000											
41	101	0.6999	8	1	2	1	0	0	0	0	0	N	Y	N	N	N	N	N	N	N	N	N	N	0.0000	0.0000	0.0000	0.0000	0.0000	0.0000	0.0000	0.0000	0.0000	0.0000	0.0000	0.0000	0.0000	0.0000	0.0000	0.0000	0.0000	0.0000	0.0000	0.0000	5.9998	0.0000	3.0000	0.0000	0.0000	0.0000	0.0000	0.0000	0.0000	0.0000	0.0000	0.0000	0.0000	0.0000	0.0000	0.0000	0.0000	0.0000	0.0000	0.0000	0.0000	0.0000	0.0000	0.0000	0.0000	0.0000	0.0000	0.0000	0.0000	0.0000	0.0000	0.0000	0.0000	0.0000	0.0000	0.0000	0.0000	0.0000	0.0000	0.0000	0.0000	0.0000	0.0000	0.0000	0.0000	0.0000	0.0000	0.0000	0.0000	0.0000	0.0000	0.0000	0.0000	0.0000	0.0000	0.0000	0.0000	0.0000											
41	102	0.6999	7	1	1	1	0	0	0	0	0	N	N	N	N	N	N	N	N	N	N	N	N	0.0000	0.0000	0.0000	0.0000	0.0000	0.0000	0.0000	0.0000	0.0000	0.0000	0.0000	0.0000	0.0000	0.0000	0.0000	0.0000	0.0000	0.0000	0.0000	0.0000	5.9998	0.0000	3.0000	0.0000	0.0000	0.0000	0.0000	0.0000	0.0000	0.0000	0.0000	0.0000	0.0000	0.0000	0.0000	0.0000	0.0000	0.0000	0.0000	0.0000	0.0000	0.0000	0.0000	0.0000	0.0000	0.0000	0.0000	0.0000	0.0000	0.0000	0.0000	0.0000	0.0000	0.0000	0.0000	0.0000	0.0000	0.0000	0.0000	0.0000	0.0000	0.0000	0.0000	0.0000	0.0000	0.0000	0.0000	0.0000	0.0000	0.0000	0.0000	0.0000	0.0000	0.0000	0.0000	0.0000	0.0000	0.0000											
41	103	0.6938	6	1	1	1	0	0	0	0	0	N	N	N	N	N	N	N	N	N	N	N	N	0.0000	0.0000	0.0000	0.0000	0.0000	0.0000	0.0000	0.0000	0.0000	0.0000	0.0000	0.0000	0.0000	0.0000	0.0000	0.0000	0.0000	0.0000	0.0000	0.0000	5.9998	0.0000	3.0000	1.0091	0.0000	0.0000	0.0000	0.0000	0.0000	0.0000	0.0000	0.0000	0.0000	0.0000	0.0000	0.0000	0.0000	0.0000	0.0000	0.0000	0.0000	0.0000	0.0000	0.0000	0.0000	0.0000	0.0000	0.0000	0.0000	0.0000	0.0000	0.0122	0.0075	0.0047	0.0069	0.0059	0.0010	0.0053	0.0016	0.0037	0.0000	0.0000	0.0000	0.0000	0.0000	0.0000	0.0000	0.0000	0.0000	0.0000	0.0000	0.0000	0.0000	0.0000	0.0000	0.0000	0.0000	0.0000											
41	104	0.1090	2	0	2	0	0	0	0	0	0	N	Y	N	N	N	N	N	N	N	N	N	N	inf	inf	inf	inf	inf	inf	inf	2.3692	1.7593	7.7295	3.5071	3.7468	0.0000	1.4367	0.0000	10.7662	0.0000	0.0000	0.0000	0.0000	0.0000	0.0000	0.0000	0.0000	0.0000	0.4999	0.2193	0.0000	5.9998	7.9994	3.0000	4.0001	2.9997	1.9999	0.9998	1.9999	1.9999	0.0000	0.9998	0.0000	0.9998	0.0000	0.0000	0.0000	0.0000	0.0000	0.0000	0.0000	0.0000	0.0000	1.2661	1.1368	0.1293	0.5703	0.5338	0.0365	0.6959	0.6030	0.0929	0.1735	0.0729	0.1005	0.0015	0.0014	0.0001	0.1720	0.0715	0.1005	inf	inf	inf	inf	inf	0.0000	inf	0.0000	inf	0.0000	0.0000	0.0000	0.0000	0.0000	0.0000	0.0000	0.0000	0.0000			
41	105	0.0890	4	1	1	1	0	0	0	0	0	N	N	N	N	N	N	N	N	N	N	N	N	0.0000	0.0000	0.0000	0.0000	0.0000	0.0000	0.0000	0.0000	0.0000	0.0000	0.0000	0.0000	0.0000	0.0000	0.0000	0.0000	0.0000	0.0000	0.0000	0.0000	5.9998	1.0000	3.0000	1.0005	0.0000	0.0000	0.0000	0.0000	0.0000	0.0000	0.0000	0.0000	0.0000	0.0000	0.0000	0.0000	0.0000	0.0000	0.0000	0.0000	0.0000	0.0000	0.2091	0.1873	0.0217	0.0442	0.0426	0.0017	0.1648	0.1448	0.0201	0.0441	0.0208	0.0233	0.0005	0.0005	0.0000	0.0435	0.0203	0.0232	0.0000	0.0000	0.0000	0.0000	0.0000	0.0000	0.0000	0.0000	0.0000	0.0000	0.0000	0.0000	0.0000	0.0000	0.0000	0.0000	0.0000	0.0000											
41	106	0.0855	3	1	1	1	0	0	0	0	0	N	N	N	N	N	N	N	N	N	N	N	N	11.4733	4.5670	0.2343	0.2485	inf	inf	0.2002	0.2200	0.0000	0.3261	0.3349	0.0000	0.1425	0.1618	0.0000	0.0174	0.0482	0.0000	1.3916	1.3477	0.0000	0.0000	0.0000	0.0000	0.0000	0.0000	-0.0101	-0.0000	5.9998	0.7249	3.0000	0.0368	0.0388	0.0388	0.0000	0.0199	0.0199	0.0000	0.0189	0.0189	0.0000	0.0000	0.0000	0.0000	0.0000	0.0000	0.0000	0.0000	0.0000	0.0000	0.1938	0.1763	0.0175	0.0609	0.0593	0.0016	0.1329	0.1170	0.0158	0.0173	0.0082	0.0091	0.0003	0.0003	0.0000	0.0170	0.0079	0.0091	115.5293	60.2319	0.0000	3.3080	3.2791	0.0000	inf	inf	0.0000	0.0017	0.0037	0.0000	0.0986	0.1021	0.0000	0.0000	0.0000	0.0000			
41	107	0.0840	2	1	1	1	0	0	0	0	0	N	N	N	N	N	N	N	N	N	N	N	N	8.8393	17.9577	6.4902	4.0262	4.7128	inf	20.5030	8.8204	7.0010	0.6599	0.7106	0.0206	1.1603	1.1857	0.0083	0.3232	0.3598	0.0223	0.0747	0.0396	0.0032	0.2882	0.2516	0.0000	0.0158	0.0408	0.0032	0.0023	1.0000	-0.0236	-0.0000	5.9998	0.4159	3.0000	0.0887	0.0914	0.0912	0.0002	0.0647	0.0646	0.0000	0.0268	0.0266	0.0002	0.0000	0.0000	0.0000	0.0000	0.0000	0.0000	0.0000	0.0000	0.0000	0.1385	0.1284	0.0102	0.0557	0.0545	0.0012	0.0828	0.0738	0.0090	0.0122	0.0059	0.0063	0.0006	0.0005	0.0000	0.0117	0.0054	0.0063	201.6224	210.7168	6.4902	64.1150	64.6330	inf	125.7267	193.7862	7.0010	0.0033	0.0034	0.0032	0.0181	0.0183	0.0000	0.0026	0.0019	0.0032
41	109	0.6938	6	1	1	1	0	0	0	0	0	N	N	N	N	N	N	N	N	N	N	N	N	0.0000	0.0000	0.0000	0.0000	0.0000	0.0000	0.0000	0.0000	0.0000	0.0000	0.0000	0.0000	0.0000	0.0000	0.0000	0.0000	0.0000	0.0000	0.0000	0.0000	5.9998	0.0000	3.0000	0.9909	0.0000	0.0000	0.0000	0.0000	0.0000	0.0000	0.0000	0.0000	0.0000	0.0000	0.0000	0.0000	0.0000	0.0000	0.0000	0.0000	0.0000	0.0000	0.0000	0.0000	0.0000	0.0000	0.0000	0.0000	0.0000	0.0000	0.0000	0.0120	0.0074	0.0046	0.0068	0.0058	0.0009	0.0052	0.0016	0.0036	0.0000	0.0000	0.0000	0.0000	0.0000	0.0000	0.0000	0.0000	0.0000	0.0000	0.0000	0.0000	0.0000	0.0000	0.0000	0.0000	0.0000	0.0000											
41	110	0.6652	5	1	1	1	0	0	0	0	0	N	N	N	N	N	N	N	N	N	N	N	N	0.0000	0.0000	0.0000	0.0000	0.0000	0.0000	0.0000	0.0000	0.0000	0.0000	0.0000	0.0000	0.0000	0.0000	0.0000	0.0000	0.0000	0.0000	0.0000	0.0000	5.9998	4.0000	3.0000	0.0000	0.0000	0.0000	0.0000	0.0000	0.0000	0.0000	0.0000	0.0000	0.0000	0.0000	0.0000	0.0000	0.0000	0.0000	0.0000	0.0000	0.0000	0.0000	0.4767	0.4377	0.0390	0.3550	0.3333	0.0217	0.1216	0.1044	0.0172	0.0226	0.0126	0.0099	0.0112	0.0096	0.0016	0.0114	0.0031	0.0083	0.0000	0.0000	0.0000	0.0000	0.0000	0.0000	0.0000	0.0000	0.0000	0.0000	0.0000	0.0000	0.0000	0.0000	0.0000	0.0000	0.0000	0.0000											
41	112	0.1549	3	0	1	1	0	0	0	0	0	N	N	N	N	N	N	N	N	N	N	N	N	0.0000	0.0000	0.0000	0.0000	0.0000	0.0000	0.0000	0.0000	0.0000	0.0000	0.0000	0.0000	0.0000	0.0000	0.0000	0.0000	0.0000	0.0000	0.0000	0.0000	5.9998	0.0000	3.0000	0.0001	0.0000	0.0000	0.0000	0.0000	0.0000	0.0000	0.0000	0.0000	0.0000	0.0000	0.0000	0.0000	0.0000	0.0000	0.0000	0.0000	0.0000	0.0000	0.0000	0.0000	0.0000	0.0000	0.0000	0.0000	0.0000	0.0000	0.0000	0.0000	0.0000	0.0000	0.0000	0.0000	0.0000	0.0000	0.0000	0.0000	0.0000	0.0000	0.0000	0.0000	0.0000	0.0000	0.0000	0.0000	0.0000	0.0000	0.0000	0.0000	0.0000	0.0000	0.0000	0.0000	0.0000	0.0000											
41	113	0.1090	2	0	1	1	0	0	0	0	0	N	N	N	N	N	N	N	N	N	N	N	N	inf	inf	inf	inf	1.4314	1.5915	0.0000	3.0151	3.2166	0.0000	0.0000	0.0000	0.0000	0.0000	0.0000	0.0000	0.0000	0.0000	0.0000	0.0000	0.0000	0.0000	0.0000	-0.2602	0.0000	5.9998	4.0004	3.0000	4.9999	0.9999	0.9999	0.0000	0.9999	0.9999	0.0000	0.0000	0.0000	0.0000	0.0000	0.0000	0.0000	0.0000	0.0000	0.0000	0.0000	0.0000	0.0000	0.6986	0.6283	0.0703	0.3316	0.3109	0.0208	0.3669	0.3174	0.0495	0.1341	0.0561	0.0780	0.0011	0.0011	0.0001	0.1330	0.0550	0.0779	inf	inf	0.0000	inf	inf	0.0000	0.0000	0.0000	0.0000	0.0000	0.0000	0.0000	0.0000	0.0000	0.0000	0.0000	0.0000	0.0000						
41	114	0.6978	6	0	2	0	0	0	0	0	0	N	Y	N	N	N	N	N	N	N	N	N	N	0.0145	inf	0.0000	inf	inf	0.0000	0.0000	0.0000	0.0000	0.0000	0.0000	0.0000	0.0000	0.0000	0.0000	0.0000	0.0009	0.0000	0.0009	0.0000	0.0000	0.0000	0.0013	0.0000	0.0012	0.0000	inf	-0.0000	0.0000	5.9998	4.3361	3.0000	4.6323	0.0000	0.0000	0.0000	0.0000	0.0000	0.0000	0.0000	0.0000	0.0000	0.0000	0.0000	0.0000	0.0000	0.0000	0.0000	0.0000	0.0000	0.0000	0.8033	0.7301	0.0733	0.4625	0.4375	0.0250	0.3408	0.2926	0.0482	0.0955	0.0624	0.0331	0.0580	0.0509	0.0071	0.0375	0.0115	0.0260	0.0396	inf	0.0000	inf	inf	0.0000	0.0000	0.0000	0.0000	0.0003	0.0000	0.0009	0.0000	0.0000	0.0000	0.0008	0.0000	0.0012		
41	115	0.6652	5	0	1	0	0	0	0	0	0	N	N	N	N	N	N	N	N	N	N	N	N	0.0013	0.0000	inf	0.0000	0.0000	inf	inf	0.0000	0.0000	0.0005	0.0000	0.0000	0.0000	0.0002	0.0000	0.0011	0.0305	0.0806	0.0000	0.0201	0.0241	0.0000	0.0000	0.0000	0.0000	inf	0.0000	0.0000	-0.0000	5.9998	1.9840	3.0000	0.2610	0.0000	0.0000	0.0000	0.0000	0.0000	0.0000	0.0000	0.0000	0.0000	0.0000	0.0000	0.0000	0.0000	0.0000	0.0000	0.0000	0.0000	0.0000	0.2507	0.2303	0.0204	0.1892	0.1776	0.0116	0.0614	0.0527	0.0088	0.0129	0.0072	0.0057	0.0064	0.0055	0.0009	0.0065	0.0018	0.0047	0.0171	0.0000	inf	0.0000	0.0000	0.0000	inf	0.0000	inf	0.0023	0.0042	0.0000	0.0047	0.0055	0.0000	0.0000	0.0000	0.0000		
41	116	0.1090	2	0	2	0	1	0	0	0	0	N	Y	N	N	N	N	N	N	N	N	N	N	0.3753	inf	0.4559	inf	inf	0.4665	inf	0.5727	3.5247	2.6138	11.6287	2.5092	2.6779	0.0000	4.4192	2.5528	16.4259	9.3926	0.0000	25.5055	0.0000	0.0000	0.0000	9.4725	0.0000	28.6838	0.5000	inf	0.2195	0.4781	5.9998	5.0006	3.0000	2.0000	2.9998	1.9998	1.0000	1.0001	1.0001	0.0000	1.9998	0.9998	1.0000	1.0000	0.0000	1.0000	0.0000	0.0000	0.0000	1.0000	0.0000	1.0000	0.8511	0.7651	0.0860	0.3986	0.3735	0.0251	0.4525	0.3916	0.0609	0.1065	0.0444	0.0620	0.0009	0.0009	0.0000	0.1056	0.0436	0.0620	0.3753	inf	0.7214	inf	inf	0.0000	0.4665	inf	1.0182	9.3926	0.0000	16.1204	0.0000	0.0000	0.0000	9.4725	0.0000	16.1316	
41	117	0.6652	5	0	2	0	1	0	0	0	0	N	Y	N	N	N	N	N	N	N	N	N	N	0.0000	0.0000	0.0000	0.0000	0.0000	0.0000	0.0000	0.0000	0.0000	0.0000	0.0000	0.0000	0.0000	0.0000	0.0000	0.0000	0.0000	0.0000	0.0000	0.0000	5.9998	0.0000	3.0000	1.0000	0.0000	0.0000	0.0000	0.0000	0.0000	0.0000	0.0000	0.0000	0.0000	0.0000	0.0000	0.0000	0.0000	0.0000	0.0000	0.0000	0.0000	0.0000	0.0000	0.0000	0.0000	0.0000	0.0000	0.0000	0.0000	0.0000	0.0000	0.0081	0.0045	0.0036	0.0040	0.0034	0.0006	0.0041	0.0011	0.0030	0.0000	0.0000	0.0000	0.0000	0.0000	0.0000	0.0000	0.0000	0.0000	0.0000	0.0000	0.0000	0.0000	0.0000	0.0000	0.0000	0.0000	0.0000											
41	118	0.1090	2	0	2	0	0	0	0	0	0	N	Y	N	N	N	N	N	N	N	N	N	N	0.2675	0.0636	inf	inf	inf	0.1981	0.0000	inf	0.8954	0.4997	4.3012	1.1000	1.1776	0.0000	0.7550	0.0000	5.7928	3.3477	7.8558	0.0000	0.0000	0.0000	0.0000	3.8121	8.1267	0.0000	1.0001	0.0000	0.4796	-0.5219	5.9998	16.9994	3.0000	6.0000	1.9999	0.9999	1.0000	0.9999	0.9999	0.0000	1.0000	0.0000	1.0000	1.0000	1.0000	0.0000	0.0000	0.0000	0.0000	1.0000	1.0000	0.0000	2.2335	2.0010	0.2325	0.9090	0.8491	0.0599	1.3245	1.1518	0.1726	0.2987	0.1273	0.1714	0.0026	0.0025	0.0001	0.2961	0.1248	0.1713	0.2675	0.0636	inf	inf	inf	0.0000	0.2236	0.0000	inf	3.3477	7.8558	0.0000	0.0000	0.0000	0.0000	3.3773	8.0121	0.0000	
41	119	0.6652	5	0	2	0	0	0	0	0	0	N	Y	N	N	N	N	N	N	N	N	N	N	inf	inf	inf	inf	1.7255	1.8794	0.0000	2.3318	2.4834	0.0000	0.0000	0.0000	0.0000	0.0000	0.0000	0.0000	0.0000	0.0000	0.0000	0.0000	0.0000	0.0000	0.0000	-0.2602	0.0000	5.9998	5.0000	3.0000	6.0000	1.0000	1.0000	0.0000	1.0000	1.0000	0.0000	0.0000	0.0000	0.0000	0.0000	0.0000	0.0000	0.0000	0.0000	0.0000	0.0000	0.0000	0.0000	0.5795	0.5321	0.0475	0.4289	0.4027	0.0262	0.1507	0.1294	0.0213	0.0585	0.0328	0.0257	0.0290	0.0248	0.0043	0.0295	0.0080	0.0215	inf	inf	0.0000	inf	inf	0.0000	0.0000	0.0000	0.0000	0.0000	0.0000	0.0000	0.0000	0.0000	0.0000	0.0000	0.0000	0.0000						
41	120	0.6932	6	0	2	0	0	0	0	0	0	N	Y	N	N	N	N	N	N	N	N	N	N	0.0213	inf	0.0000	inf	inf	0.0000	0.0000	0.0002	0.0003	0.0000	0.0003	0.0003	0.0000	0.0000	0.0000	0.0000	0.0113	0.0000	0.0032	0.0000	0.0000	0.0000	0.0207	0.0000	0.0038	0.0000	inf	-0.0000	0.0000	5.9998	0.9998	3.0000	0.9486	0.0000	0.0000	0.0000	0.0000	0.0000	0.0000	0.0000	0.0000	0.0000	0.0000	0.0000	0.0000	0.0000	0.0000	0.0000	0.0000	0.0000	0.0000	0.1244	0.1140	0.0104	0.0936	0.0876	0.0060	0.0308	0.0264	0.0044	0.0221	0.0127	0.0093	0.0123	0.0107	0.0015	0.0098	0.0020	0.0078	0.1773	inf	0.0000	inf	inf	0.0000	0.0000	0.0000	0.0000	0.0014	0.0000	0.0032	0.0000	0.0000	0.0000	0.0031	0.0000	0.0038		
41	121	0.6652	5	0	2	0	0	0	0	0	0	N	Y	N	N	N	N	N	N	N	N	N	N	0.0110	0.0025	inf	0.0000	0.0000	inf	inf	inf	0.0000	0.0000	0.0004	0.0000	0.0000	0.0000	0.0002	0.0001	0.0009	0.0043	0.0070	0.0000	0.0037	0.0037	0.0000	0.0000	0.0000	0.0000	2.0000	0.0000	0.0000	-0.0000	5.9998	3.0005	3.0000	1.1085	0.0000	0.0000	0.0000	0.0000	0.0000	0.0000	0.0000	0.0000	0.0000	0.0000	0.0000	0.0000	0.0000	0.0000	0.0000	0.0000	0.0000	0.0000	0.6321	0.5803	0.0518	0.4662	0.4377	0.0284	0.1660	0.1426	0.0234	0.0415	0.0232	0.0183	0.0206	0.0176	0.0030	0.0209	0.0057	0.0152	0.0656	0.0133	inf	0.0000	0.0000	0.0000	inf	inf	inf	0.0007	0.0013	0.0000	0.0015	0.0017	0.0000	0.0000	0.0000	0.0000	
41	124	0.6987	6	0	2	0	0	0	0	0	0	N	Y	N	N	N	N	N	N	N	N	N	N	51.4223	inf	1198.2467	inf	inf	inf	103.7970	inf	4164.4012	1.9574	1.0119	12.3816	1.1916	1.2765	0.0020	4.6348	0.0068	32.8349	0.0381	0.0000	0.0103	0.0000	0.0000	0.0000	0.0447	0.0000	0.0079	1.1098	inf	0.4992	0.0001	5.9998	3.9006	3.0000	3.1543	1.8781	0.8902	0.9879	0.8890	0.8889	0.0001	0.9890	0.0012	0.9878	0.0002	0.0000	0.0002	0.0000	0.0000	0.0000	0.0002	0.0000	0.0002	0.9595	0.8797	0.0798	0.7461	0.6964	0.0497	0.2134	0.1833	0.0301	0.0720	0.0424	0.0296	0.0378	0.0323	0.0055	0.0342	0.0101	0.0241	741.7058	inf	1927.1554	inf	inf	inf	834.3690	inf	4164.4012	0.0026	0.0000	0.0064	0.0000	0.0000	0.0000	0.0056	0.0000	0.0079
41	125	0.6652	5	0	2	0	0	0	0	0	0	N	Y	N	N	N	N	N	N	N	N	N	N	8.5961	4.2167	inf	20.5223	19.1201	inf	inf	inf	inf	1.7443	1.8652	0.3822	2.2863	2.4354	0.0006	0.1252	0.0012	0.8728	0.2029	0.4423	0.0000	0.1114	0.1274	0.0000	0.0000	0.0000	0.0000	0.0182	0.0000	-0.1612	-0.0001	5.9998	1.6924	3.0000	1.9110	0.6652	0.6533	0.0119	0.6532	0.6532	0.0000	0.0120	0.0001	0.0119	0.0002	0.0002	0.0000	0.0002	0.0002	0.0000	0.0000	0.0000	0.0000	0.3814	0.3503	0.0311	0.2857	0.2682	0.0175	0.0957	0.0820	0.0136	0.0367	0.0205	0.0161	0.0182	0.0155	0.0027	0.0185	0.0050	0.0135	336.7946	201.6485	inf	219.0573	199.1611	inf	inf	inf	inf	0.0052	0.0092	0.0000	0.0104	0.0122	0.0000	0.0000	0.0000	0.0000
41	126	0.1090	2	0	2	0	0	0	0	0	0	N	Y	N	N	N	N	N	N	N	N	N	N	0.0000	0.0000	0.0000	inf	inf	0.0000	0.0000	0.0000	0.0004	0.0004	0.0000	0.0007	0.0008	0.0000	0.0000	0.0000	0.0000	14.9143	17.8166	21.1066	0.0000	0.0000	0.0000	15.0418	18.1666	23.8802	0.0000	1.0000	-0.0000	-0.0438	5.9998	0.9996	3.0000	8.0005	0.0001	0.0001	0.0000	0.0001	0.0001	0.0000	0.0000	0.0000	0.0000	2.0000	1.0000	1.0000	0.0000	0.0000	0.0000	2.0000	1.0000	1.0000	0.1895	0.1708	0.0188	0.0939	0.0882	0.0058	0.0956	0.0826	0.0130	0.1341	0.0561	0.0780	0.0011	0.0011	0.0001	0.1330	0.0550	0.0779	0.0000	0.0000	0.0000	inf	inf	0.0000	0.0000	0.0000	0.0000	14.9143	17.8166	12.8251	0.0000	0.0000	0.0000	15.0418	18.1666	12.8343	
41	127	0.2364	4	0	1	0	0	0	0	0	0	N	N	N	N	N	N	N	N	N	N	N	N	0.0053	0.0001	inf	0.0001	0.0001	inf	inf	inf	0.0159	0.0004	0.1515	0.0008	0.0007	0.0015	0.0339	0.0000	0.2225	3.0185	5.3778	0.0000	11.0806	11.9858	0.0000	0.0000	0.0000	0.0000	43.0782	0.0000	0.0092	-0.4116	5.9998	3.6536	3.0000	12.3970	0.0128	0.0003	0.0125	0.0003	0.0003	0.0000	0.0125	0.0000	0.0125	0.7887	0.7887	0.0000	0.7887	0.7887	0.0000	0.0000	0.0000	0.0000	0.8056	0.7232	0.0824	0.4378	0.4113	0.0265	0.3678	0.3118	0.0560	0.2613	0.1467	0.1146	0.0712	0.0658	0.0054	0.1901	0.0809	0.1093	0.0053	0.0001	inf	0.0001	0.0001	inf	inf	0.0000	inf	3.0185	5.3778	0.0000	11.0806	11.9858	0.0000	0.0000	0.0000	0.0000	
41	128	0.4148	4	0	1	0	0	0	0	0	0	N	N	N	N	N	N	N	N	N	N	N	N	0.0645	0.0560	0.0000	0.0605	0.0634	0.0226	0.0146	0.0000	0.1481	0.1660	0.0000	0.2122	0.2319	0.0000	0.0592	0.0688	0.0000	2.2968	2.9641	2.8701	3.5092	3.6594	0.0000	2.6157	4.7126	1.5136	0.0000	0.2429	-0.0474	-0.1366	5.9998	5.3495	3.0000	12.4099	0.1821	0.1821	0.0000	0.1516	0.1516	0.0000	0.0305	0.0305	0.0000	0.4184	0.3366	0.0818	0.1666	0.1666	0.0000	0.2518	0.1700	0.0818	1.2293	1.0970	0.1324	0.7145	0.6536	0.0609	0.5149	0.4434	0.0715	0.4097	0.2621	0.1476	0.2128	0.1817	0.0311	0.1969	0.0804	0.1165	0.1451	0.1293	0.0000	0.2710	0.2530	0.0000	0.0463	0.0325	0.0000	1.0211	1.2841	0.5539	0.7828	0.9167	0.0000	1.2784	2.1146	0.7016	
41	129	0.2205	8	0	2	0	1	0	0	0	0	N	Y	N	N	N	N	N	N	N	N	N	N	0.0000	0.0000	0.0000	0.0000	0.0000	0.0000	0.0000	0.0000	0.0000	0.0000	0.0000	0.0000	0.0000	0.0000	0.0000	0.0000	0.0000	0.0000	0.0000	0.0000	5.9998	0.0000	3.0000	0.0000	0.0000	0.0000	0.0000	0.0000	0.0000	0.0000	0.0000	0.0000	0.0000	0.0000	0.0000	0.0000	0.0000	0.0000	0.0000	0.0000	0.0000	0.0000	0.0000	0.0000	0.0000	0.0000	0.0000	0.0000	0.0000	0.0000	0.0000	0.0000	0.0000	0.0000	0.0000	0.0000	0.0000	0.0000	0.0000	0.0000	0.0000	0.0000	0.0000	0.0000	0.0000	0.0000	0.0000	0.0000	0.0000	0.0000	0.0000	0.0000	0.0000	0.0000	0.0000	0.0000	0.0000	0.0000											
41	130	0.2042	7	0	2	0	1	0	0	0	0	N	Y	N	N	N	N	N	N	N	N	N	N	0.0000	0.0000	0.0000	0.0000	0.0000	0.0000	0.0000	0.0000	0.0000	0.0000	0.0000	0.0000	0.0000	23.4117	0.0000	40.3422	0.0000	0.0000	0.0000	24.0577	0.0000	47.0855	inf	0.0000	0.4781	5.9998	0.0000	3.0000	3.0001	0.0000	0.0000	0.0000	0.0000	0.0000	0.0000	0.0000	0.0000	0.0000	1.0000	0.0000	1.0000	0.0000	0.0000	0.0000	1.0000	0.0000	1.0000	0.0000	0.0000	0.0000	0.0000	0.0000	0.0000	0.0000	0.0000	0.0000	0.0427	0.0179	0.0248	0.0011	0.0011	0.0000	0.0416	0.0168	0.0248	0.0000	0.0000	0.0000	0.0000	0.0000	0.0000	0.0000	0.0000	0.0000	23.4117	0.0000	40.3422	0.0000	0.0000	0.0000	24.0577	0.0000	40.3855						
41	131	0.1945	6	0	2	0	0	0	0	0	0	N	Y	N	N	N	N	N	N	N	N	N	N	0.0000	0.0000	0.0000	0.0000	0.0000	0.0000	0.0000	0.0000	0.0000	0.0000	0.0000	0.0000	0.0000	0.0000	0.0000	0.0000	0.0000	0.0000	0.0000	0.0000	5.9998	0.0000	3.0000	0.0000	0.0000	0.0000	0.0000	0.0000	0.0000	0.0000	0.0000	0.0000	0.0000	0.0000	0.0000	0.0000	0.0000	0.0000	0.0000	0.0000	0.0000	0.0000	0.0000	0.0000	0.0000	0.0000	0.0000	0.0000	0.0000	0.0000	0.0000	0.0000	0.0000	0.0000	0.0000	0.0000	0.0000	0.0000	0.0000	0.0000	0.0000	0.0000	0.0000	0.0000	0.0000	0.0000	0.0000	0.0000	0.0000	0.0000	0.0000	0.0000	0.0000	0.0000	0.0000	0.0000	0.0000	0.0000											
41	132	0.2042	7	0	1	1	1	0	0	0	0	N	N	N	N	N	N	N	N	N	N	N	N	0.0000	0.0000	0.0000	0.0000	0.0000	0.0000	0.0000	0.0000	0.0000	0.0000	0.0000	0.0000	0.0000	0.0000	0.0000	0.0000	0.0000	0.0000	0.0000	0.0000	5.9998	0.0000	3.0000	1.9999	0.0000	0.0000	0.0000	0.0000	0.0000	0.0000	0.0000	0.0000	0.0000	0.0000	0.0000	0.0000	0.0000	0.0000	0.0000	0.0000	0.0000	0.0000	0.0000	0.0000	0.0000	0.0000	0.0000	0.0000	0.0000	0.0000	0.0000	0.0292	0.0124	0.0168	0.0010	0.0010	0.0000	0.0282	0.0115	0.0167	0.0000	0.0000	0.0000	0.0000	0.0000	0.0000	0.0000	0.0000	0.0000	0.0000	0.0000	0.0000	0.0000	0.0000	0.0000	0.0000	0.0000	0.0000											
41	133	0.2152	8	0	1	1	1	0	0	0	0	N	N	N	N	N	N	N	N	N	N	N	N	0.0000	0.0000	0.0000	0.0000	0.0000	0.0000	0.0000	0.0000	0.0000	0.0000	0.0000	0.0000	0.0000	0.0000	0.0000	0.0000	0.0000	0.0000	0.0000	0.0000	5.9998	1.0000	3.0000	0.0000	0.0000	0.0000	0.0000	0.0000	0.0000	0.0000	0.0000	0.0000	0.0000	0.0000	0.0000	0.0000	0.0000	0.0000	0.0000	0.0000	0.0000	0.0000	0.1897	0.1703	0.0195	0.1051	0.0974	0.0077	0.0846	0.0729	0.0117	0.0142	0.0058	0.0084	0.0019	0.0012	0.0007	0.0123	0.0046	0.0077	0.0000	0.0000	0.0000	0.0000	0.0000	0.0000	0.0000	0.0000	0.0000	0.0000	0.0000	0.0000	0.0000	0.0000	0.0000	0.0000	0.0000	0.0000											
41	134	0.2152	8	0	1	1	1	0	0	0	0	N	N	N	N	N	N	N	N	N	N	N	N	0.0000	0.0000	0.0000	0.0000	0.0000	0.0000	0.0000	0.0000	0.0000	0.0000	0.0000	0.0000	0.0000	0.0000	0.0000	0.0000	0.0000	0.0000	0.0000	0.0000	5.9998	0.0000	3.0000	0.0000	0.0000	0.0000	0.0000	0.0000	0.0000	0.0000	0.0000	0.0000	0.0000	0.0000	0.0000	0.0000	0.0000	0.0000	0.0000	0.0000	0.0000	0.0000	0.0000	0.0000	0.0000	0.0000	0.0000	0.0000	0.0000	0.0000	0.0000	0.0000	0.0000	0.0000	0.0000	0.0000	0.0000	0.0000	0.0000	0.0000	0.0000	0.0000	0.0000	0.0000	0.0000	0.0000	0.0000	0.0000	0.0000	0.0000	0.0000	0.0000	0.0000	0.0000	0.0000	0.0000	0.0000	0.0000											
41	135	0.2042	7	0	1	1	1	0	0	0	0	N	N	N	N	N	N	N	N	N	N	N	N	0.0000	0.0000	0.0000	0.0000	0.0000	0.0000	0.0000	0.0000	0.0000	0.0000	0.0000	0.0000	0.0000	0.0000	0.0000	0.0000	0.0000	0.0000	0.0000	0.0000	5.9998	2.0025	3.0000	0.9943	0.0000	0.0000	0.0000	0.0000	0.0000	0.0000	0.0000	0.0000	0.0000	0.0000	0.0000	0.0000	0.0000	0.0000	0.0000	0.0000	0.0000	0.0000	0.3736	0.3351	0.0386	0.2004	0.1856	0.0148	0.1733	0.1495	0.0238	0.0427	0.0179	0.0248	0.0011	0.0011	0.0000	0.0415	0.0168	0.0247	0.0000	0.0000	0.0000	0.0000	0.0000	0.0000	0.0000	0.0000	0.0000	0.0000	0.0000	0.0000	0.0000	0.0000	0.0000	0.0000	0.0000	0.0000											
41	136	0.2042	6	0	1	0	1	0	0	0	0	N	N	N	N	N	N	N	N	N	N	N	N	0.0000	0.0000	0.0000	0.0000	0.0000	0.0000	0.0000	0.0000	0.0000	0.0000	0.0000	0.0000	0.0000	0.0000	0.0000	0.0000	0.0000	0.0000	0.0000	0.0000	5.9998	0.0050	3.0000	0.0173	0.0000	0.0000	0.0000	0.0000	0.0000	0.0000	0.0000	0.0000	0.0000	0.0000	0.0000	0.0000	0.0000	0.0000	0.0000	0.0000	0.0000	0.0000	0.0020	0.0018	0.0002	0.0015	0.0015	0.0001	0.0004	0.0004	0.0001	0.0016	0.0013	0.0003	0.0007	0.0006	0.0000	0.0010	0.0007	0.0003	0.0000	0.0000	0.0000	0.0000	0.0000	0.0000	0.0000	0.0000	0.0000	0.0000	0.0000	0.0000	0.0000	0.0000	0.0000	0.0000	0.0000	0.0000											
41	137	0.1945	5	0	1	0	1	0	0	0	0	N	N	N	N	N	N	N	N	N	N	N	N	0.0000	0.0000	0.0000	0.0000	0.0000	0.0000	0.0000	0.0000	0.0000	0.0000	0.0000	0.0000	0.0000	0.0000	0.0000	0.0000	0.0000	0.0000	0.0000	0.0000	5.9998	1.9972	3.0000	1.0076	0.0000	0.0000	0.0000	0.0000	0.0000	0.0000	0.0000	0.0000	0.0000	0.0000	0.0000	0.0000	0.0000	0.0000	0.0000	0.0000	0.0000	0.0000	0.3494	0.3131	0.0363	0.1804	0.1674	0.0130	0.1690	0.1458	0.0233	0.0395	0.0159	0.0236	0.0005	0.0005	0.0000	0.0390	0.0154	0.0236	0.0000	0.0000	0.0000	0.0000	0.0000	0.0000	0.0000	0.0000	0.0000	0.0000	0.0000	0.0000	0.0000	0.0000	0.0000	0.0000	0.0000	0.0000											
41	138	0.1773	4	1	2	0	0	0	0	0	0	N	Y	N	N	N	N	N	N	N	N	N	N	0.0000	0.0000	0.0000	0.0000	0.0000	0.0000	0.0000	0.0000	0.0000	0.0000	0.0000	0.0000	0.0000	21.2347	40.0144	0.0000	135.2014	140.6377	0.0000	0.0000	0.0000	0.0000	0.0000	0.0000	-0.5214	5.9998	0.0002	3.0000	2.3255	0.0000	0.0000	0.0000	0.0000	0.0000	0.0000	0.0000	0.0000	0.0000	0.9990	0.9990	0.0000	0.9990	0.9990	0.0000	0.0000	0.0000	0.0000	0.0001	0.0001	0.0000	0.0000	0.0000	0.0000	0.0001	0.0001	0.0000	0.0470	0.0250	0.0221	0.0074	0.0071	0.0003	0.0397	0.0179	0.0218	0.0000	0.0000	0.0000	0.0000	0.0000	0.0000	0.0000	0.0000	0.0000	21.2347	40.0144	0.0000	135.2014	140.6377	0.0000	0.0000	0.0000	0.0000						
41	139	0.1594	3	1	2	0	0	0	0	0	0	N	Y	N	N	N	N	N	N	N	N	N	N	1.0646	0.8620	2.4816	2.5551	0.0006	0.0003	2.7242	3.0361	0.0000	7.4074	7.8525	0.0000	0.0017	0.0019	0.0000	2.5590	3.5220	0.0000	2.9849	3.0733	0.0000	2.9541	6.0659	0.0000	0.0000	0.0000	-0.2605	-0.0868	5.9998	2.0138	3.0000	2.7349	1.0011	1.0011	0.0000	1.0007	1.0007	0.0000	0.0004	0.0004	0.0000	0.1664	0.1664	0.0000	0.0121	0.0121	0.0000	0.1543	0.1543	0.0000	0.3675	0.3297	0.0377	0.1351	0.1274	0.0077	0.2324	0.2023	0.0301	0.1075	0.0554	0.0521	0.0212	0.0202	0.0009	0.0864	0.0352	0.0511	1.7604	1.0115	0.0000	12.9888	13.1542	0.0000	0.0009	0.0004	0.0000	1.5475	3.0015	0.0000	0.5703	0.5970	0.0000	1.7868	4.3806	0.0000			
41	140	0.1759	4	0	2	0	0	0	0	0	0	N	Y	N	N	N	N	N	N	N	N	N	N	3.2550	1.3325	0.3018	0.3842	0.0015	0.0017	0.0000	0.0028	0.0032	0.0000	0.0000	0.0000	0.0000	0.0005	0.0013	0.0000	0.0094	0.0084	0.0000	0.0000	0.0000	0.0000	0.0000	0.0000	-0.0002	-0.0000	5.9998	1.9232	3.0000	1.1116	0.0007	0.0007	0.0000	0.0007	0.0007	0.0000	0.0000	0.0000	0.0000	0.0000	0.0000	0.0000	0.0000	0.0000	0.0000	0.0000	0.0000	0.0000	0.4628	0.4093	0.0535	0.2460	0.2178	0.0281	0.2168	0.1915	0.0253	0.0486	0.0220	0.0266	0.0036	0.0034	0.0002	0.0450	0.0186	0.0264	7.3526	3.7657	0.0000	1.0360	1.0987	0.0000	0.0000	0.0000	0.0000	0.0002	0.0005	0.0000	0.0027	0.0029	0.0000	0.0000	0.0000	0.0000					
41	141	0.6844	6	0	2	0	0	0	0	0	0	N	Y	N	N	N	N	N	N	N	N	N	N	inf	inf	inf	inf	1.4455	1.5773	0.0000	1.9015	2.0347	0.0000	0.0000	0.0000	0.0000	0.0000	0.0000	0.0000	0.0000	0.0000	0.0000	0.0000	0.0000	0.0000	0.0000	-0.2602	0.0000	5.9998	3.0000	3.0000	1.0000	1.0000	1.0000	0.0000	1.0000	1.0000	0.0000	0.0000	0.0000	0.0000	0.0000	0.0000	0.0000	0.0000	0.0000	0.0000	0.0000	0.0000	0.0000	0.6918	0.6340	0.0578	0.5259	0.4915	0.0344	0.1659	0.1425	0.0234	0.0405	0.0227	0.0178	0.0201	0.0172	0.0029	0.0204	0.0055	0.0148	inf	inf	0.0000	inf	inf	0.0000	0.0000	0.0000	0.0000	0.0000	0.0000	0.0000	0.0000	0.0000	0.0000	0.0000	0.0000	0.0000						
41	142	0.6652	5	0	1	0	0	0	0	0	0	N	N	N	N	N	N	N	N	N	N	N	N	0.0000	0.0000	0.0000	0.0000	0.0000	0.0000	0.0000	0.0000	0.0000	0.0000	0.0000	0.0000	0.0000	0.0000	0.0000	0.0000	0.0000	0.0000	0.0000	0.0000	5.9998	1.0000	3.0000	1.0000	0.0000	0.0000	0.0000	0.0000	0.0000	0.0000	0.0000	0.0000	0.0000	0.0000	0.0000	0.0000	0.0000	0.0000	0.0000	0.0000	0.0000	0.0000	0.2340	0.2150	0.0190	0.1768	0.1660	0.0108	0.0572	0.0490	0.0082	0.0209	0.0117	0.0092	0.0104	0.0088	0.0015	0.0105	0.0028	0.0077	0.0000	0.0000	0.0000	0.0000	0.0000	0.0000	0.0000	0.0000	0.0000	0.0000	0.0000	0.0000	0.0000	0.0000	0.0000	0.0000	0.0000	0.0000											
41	143	0.4148	4	0	1	0	0	0	0	0	0	N	N	N	N	N	N	N	N	N	N	N	N	0.4809	inf	0.0000	656.6886	inf	0.0000	0.0096	inf	0.0000	1.3478	1.5099	0.0000	2.3818	2.5988	0.0000	0.0478	0.0554	0.0000	2.8027	0.0000	14.8572	0.0036	0.0000	0.0167	4.9576	0.0000	17.7888	0.0000	inf	-0.5055	0.4705	5.9998	7.1211	3.0000	10.9474	1.9429	1.9429	0.0000	1.9124	1.9124	0.0000	0.0305	0.0305	0.0000	0.9841	0.0000	0.9841	0.0003	0.0000	0.0003	0.9838	0.0000	0.9838	1.4416	1.2867	0.1548	0.8029	0.7359	0.0671	0.6386	0.5509	0.0878	0.4119	0.2633	0.1486	0.2134	0.1823	0.0312	0.1984	0.0810	0.1175	0.5641	inf	0.0000	1694.6083	inf	0.0000	0.0096	inf	0.0000	2.3892	0.0000	6.6211	0.0014	0.0000	0.0096	4.9576	0.0000	8.3756
41	144	0.2200	3	0	1	0	0	0	0	0	0	N	N	N	N	N	N	N	N	N	N	N	N	0.2437	0.2570	0.0038	0.2894	0.3139	0.0003	0.0034	0.0008	0.0056	0.7336	0.8139	0.0472	1.4357	1.5418	0.0091	0.0126	0.0038	0.0663	3.0097	3.1675	12.4043	4.9607	4.9112	33.4849	3.7273	4.5997	11.8006	0.0068	2.2425	-0.2691	0.2144	5.9998	8.5175	3.0000	23.1696	1.0616	1.0544	0.0072	1.0526	1.0521	0.0005	0.0090	0.0023	0.0067	1.2635	0.3897	0.8738	0.1971	0.1740	0.0231	1.0664	0.2157	0.8507	1.4471	1.2955	0.1517	0.7331	0.6824	0.0507	0.7140	0.6131	0.1009	0.4198	0.2128	0.2070	0.0912	0.0825	0.0087	0.3286	0.1303	0.1983	0.2437	0.4444	0.0112	0.6643	0.7308	0.0034	0.0039	0.0023	0.0155	3.0097	1.8314	4.2207	2.1614	2.1097	2.6499	3.2451	1.6553	4.2898
41	145	0.1945	6	1	2	0	0	0	0	0	0	N	Y	N	N	N	N	N	N	N	N	N	N	0.0000	0.0000	0.0000	0.0000	0.0000	0.0000	0.0000	0.0000	0.0000	0.0000	0.0000	0.0000	0.0000	0.0000	0.0000	0.0000	0.0000	0.0000	0.0000	0.0000	5.9998	1.0000	3.0000	1.0000	0.0000	0.0000	0.0000	0.0000	0.0000	0.0000	0.0000	0.0000	0.0000	0.0000	0.0000	0.0000	0.0000	0.0000	0.0000	0.0000	0.0000	0.0000	0.1798	0.1611	0.0186	0.0939	0.0872	0.0068	0.0858	0.0740	0.0118	0.0266	0.0107	0.0159	0.0003	0.0003	0.0000	0.0262	0.0103	0.0159	0.0000	0.0000	0.0000	0.0000	0.0000	0.0000	0.0000	0.0000	0.0000	0.0000	0.0000	0.0000	0.0000	0.0000	0.0000	0.0000	0.0000	0.0000											
41	146	0.1945	5	0	2	0	0	0	0	0	0	N	Y	N	N	N	N	N	N	N	N	N	N	0.0000	0.0000	0.0000	0.0000	0.0000	0.0000	0.0000	0.0000	0.0000	0.0000	0.0000	0.0000	0.0000	0.0000	0.0000	0.0000	0.0000	0.0000	0.0000	0.0000	5.9998	0.0003	3.0000	0.0000	0.0000	0.0000	0.0000	0.0000	0.0000	0.0000	0.0000	0.0000	0.0000	0.0000	0.0000	0.0000	0.0000	0.0000	0.0000	0.0000	0.0000	0.0000	0.0002	0.0002	0.0000	0.0001	0.0001	0.0000	0.0000	0.0000	0.0000	0.0000	0.0000	0.0000	0.0000	0.0000	0.0000	0.0000	0.0000	0.0000	0.0000	0.0000	0.0000	0.0000	0.0000	0.0000	0.0000	0.0000	0.0000	0.0000	0.0000	0.0000	0.0000	0.0000	0.0000	0.0000	0.0000	0.0000											
41	147	0.1759	4	0	1	0	0	0	0	0	0	N	N	N	N	N	N	N	N	N	N	N	N	3985.1390	2066.5645	325.6701	425.1932	1.1630	1.3125	0.0000	2.5249	2.7987	0.0000	0.0000	0.0000	0.0000	0.0003	0.0006	0.0000	0.0078	0.0066	0.0000	0.0000	0.0000	0.0000	0.0000	0.0000	-0.2600	-0.0000	5.9998	4.9449	3.0000	1.0063	0.9994	0.9994	0.0000	0.9994	0.9994	0.0000	0.0000	0.0000	0.0000	0.0000	0.0000	0.0000	0.0000	0.0000	0.0000	0.0000	0.0000	0.0000	0.8594	0.7615	0.0979	0.3958	0.3571	0.0387	0.4635	0.4044	0.0591	0.0873	0.0382	0.0491	0.0041	0.0038	0.0003	0.0832	0.0344	0.0488	10152.3856	5015.8220	0.0000	1029.1787	1069.3254	0.0000	0.0000	0.0000	0.0000	0.0001	0.0003	0.0000	0.0025	0.0026	0.0000	0.0000	0.0000	0.0000					
41	148	0.1594	3	0	1	0	0	0	0	0	0	N	N	N	N	N	N	N	N	N	N	N	N	0.0014	0.0012	0.0031	0.0013	0.0014	0.0000	0.0006	0.0003	0.0738	0.0035	0.0039	0.0002	0.0075	0.0080	0.0000	0.0013	0.0014	0.0002	2.3992	3.3382	0.0538	5.6692	5.7123	8.4850	2.1003	4.4424	0.0028	0.0051	0.0070	-0.0005	-0.0652	5.9998	3.4778	3.0000	1.2917	0.0020	0.0020	0.0000	0.0015	0.0015	0.0000	0.0005	0.0005	0.0000	0.1266	0.1257	0.0009	0.0752	0.0745	0.0007	0.0514	0.0512	0.0001	0.5662	0.5061	0.0601	0.1990	0.1865	0.0125	0.3672	0.3196	0.0476	0.1078	0.0556	0.0523	0.0212	0.0202	0.0009	0.0867	0.0354	0.0513	0.0030	0.0017	0.0099	0.0021	0.0022	0.0000	0.0022	0.0010	0.0738	1.1742	2.2626	0.0169	3.5561	3.6861	0.7779	0.5927	1.4488	0.0028
41	149	0.1090	2	0	1	0	0	0	0	0	0	N	N	N	N	N	N	N	N	N	N	N	N	0.3279	0.1541	0.0038	inf	inf	0.2963	0.1428	0.0146	1.6111	1.7942	0.0005	1.7841	1.9060	0.0000	1.4686	1.6948	0.0007	4.9135	11.6424	0.1239	0.0000	0.0000	0.0000	4.9558	11.8718	0.0451	0.0000	0.0044	-0.5201	-0.4349	5.9998	7.8050	3.0000	4.0035	1.9993	1.9992	0.0001	0.9996	0.9996	0.0000	0.9997	0.9996	0.0001	0.8403	0.8366	0.0037	0.0000	0.0000	0.0000	0.8403	0.8366	0.0037	1.2410	1.1143	0.1267	0.5603	0.5245	0.0358	0.6807	0.5898	0.0909	0.1710	0.0719	0.0992	0.0015	0.0014	0.0001	0.1696	0.0705	0.0991	0.3279	0.1541	0.0128	inf	inf	0.0000	0.2963	0.1428	0.0178	4.9135	11.6424	0.0370	0.0000	0.0000	0.0000	4.9558	11.8718	0.0370	
41	150	0.2364	4	0	1	0	0	0	0	0	0	N	N	N	N	N	N	N	N	N	N	N	N	0.0064	0.0001	inf	0.0002	0.0002	inf	0.0122	0.0000	inf	0.0156	0.0004	0.1495	0.0007	0.0007	0.0015	0.0334	0.0000	0.2198	2.4504	3.3435	0.0000	4.0328	4.1062	0.0000	2.7255	5.0579	0.0000	43.0782	0.0000	0.0092	-0.1898	5.9998	3.7255	3.0000	14.1767	0.0128	0.0003	0.0125	0.0003	0.0003	0.0000	0.0125	0.0000	0.0125	0.3636	0.3636	0.0000	0.0822	0.0822	0.0000	0.2814	0.2814	0.0000	0.8167	0.7332	0.0836	0.4437	0.4168	0.0269	0.3730	0.3164	0.0567	0.2784	0.1552	0.1232	0.0737	0.0679	0.0058	0.2047	0.0873	0.1174	0.0120	0.0002	inf	0.0007	0.0006	inf	0.0243	0.0000	inf	1.3061	2.3428	0.0000	1.1153	1.2110	0.0000	1.3747	3.2224	0.0000
41	151	0.2200	3	0	1	0	0	0	0	0	0	N	N	N	N	N	N	N	N	N	N	N	N	0.0682	0.0063	0.3847	0.0090	0.0093	0.0001	0.1488	0.0002	1.6266	0.2588	0.0373	2.1799	0.0616	0.0646	0.0027	0.4866	0.0011	2.9089	3.7948	5.9549	5.6671	6.8823	6.9615	26.0764	3.2711	6.4119	1.7883	6.7430	0.1072	0.0660	-0.2762	5.9998	1.4205	3.0000	4.0377	0.1081	0.0140	0.0942	0.0138	0.0138	0.0000	0.0943	0.0002	0.0941	0.6497	0.5867	0.0629	0.3972	0.3929	0.0043	0.2524	0.1938	0.0586	0.4179	0.3747	0.0432	0.2240	0.2132	0.0108	0.1938	0.1615	0.0324	0.1712	0.0985	0.0727	0.0607	0.0583	0.0024	0.1105	0.0402	0.0703	0.0682	0.0063	2.5180	0.0094	0.0096	0.0015	0.2130	0.0002	3.4885	3.7948	5.9549	0.8657	6.5464	6.7401	1.8055	2.2840	4.8171	0.8339
41	152	0.1090	2	0	1	0	0	0	0	0	0	N	N	N	N	N	N	N	N	N	N	N	N	0.4987	0.1567	1.0505	inf	inf	0.3976	0.0000	3.4049	1.7921	1.0462	8.3859	2.0464	2.1852	0.0000	1.5761	0.0001	11.7619	3.5935	6.6750	7.9831	0.0000	0.0000	0.0000	3.9638	7.8349	3.4544	0.9067	0.2695	0.4098	-0.2841	5.9998	6.4701	3.0000	12.4371	1.9030	0.9981	0.9049	0.9980	0.9980	0.0000	0.9050	0.0000	0.9049	0.9176	0.7228	0.1948	0.0000	0.0000	0.0000	0.9176	0.7228	0.1948	1.0619	0.9540	0.1079	0.4877	0.4567	0.0310	0.5742	0.4972	0.0769	0.2553	0.1083	0.1471	0.0022	0.0021	0.0001	0.2531	0.1062	0.1469	0.4987	0.1567	6.3319	inf	inf	0.0000	0.4348	0.0000	8.8741	3.5935	6.6750	1.3244	0.0000	0.0000	0.0000	3.6250	6.8074	1.3254	
42	45	0.7048	12	0	2	2	2	0	0	0	0	N	Y	Y	Y	N	N	N	N	N	N	N	N	0.0000	0.0000	0.0000	0.0000	0.0000	0.0000	0.0000	0.0000	0.0000	0.0000	0.0000	0.0000	0.0000	0.0000	0.0000	0.0000	0.0000	0.0000	0.0000	0.0000	0.0011	1.0000	1.0134	1.0000	0.0000	0.0000	0.0000	0.0000	0.0000	0.0000	0.0000	0.0000	0.0000	0.0000	0.0000	0.0000	0.0000	0.0000	0.0000	0.0000	0.0000	0.0000	0.0001	0.0001	0.0000	0.0001	0.0001	0.0000	0.0000	0.0000	0.0000	0.0036	0.0021	0.0015	0.0015	0.0013	0.0001	0.0021	0.0008	0.0013	0.0000	0.0000	0.0000	0.0000	0.0000	0.0000	0.0000	0.0000	0.0000	0.0000	0.0000	0.0000	0.0000	0.0000	0.0000	0.0000	0.0000	0.0000											
42	46	0.0955	6	0	2	1	1	0	0	0	0	N	Y	N	N	N	N	N	N	N	N	N	N	0.0000	0.0000	0.0000	0.0000	0.0000	0.0000	0.0000	0.0000	0.0000	0.0000	0.0000	0.0000	0.0000	0.0000	0.0000	0.0000	0.0000	0.0000	0.0000	0.0000	0.0011	0.0000	1.0134	0.0000	0.0000	0.0000	0.0000	0.0000	0.0000	0.0000	0.0000	0.0000	0.0000	0.0000	0.0000	0.0000	0.0000	0.0000	0.0000	0.0000	0.0000	0.0000	0.0000	0.0000	0.0000	0.0000	0.0000	0.0000	0.0000	0.0000	0.0000	0.0000	0.0000	0.0000	0.0000	0.0000	0.0000	0.0000	0.0000	0.0000	0.0000	0.0000	0.0000	0.0000	0.0000	0.0000	0.0000	0.0000	0.0000	0.0000	0.0000	0.0000	0.0000	0.0000	0.0000	0.0000	0.0000	0.0000											
42	47	0.0415	3	0	2	1	2	0	0	0	0	N	Y	N	Y	N	N	N	N	N	N	N	N	0.0000	0.0000	0.0000	0.0000	0.0000	0.0000	0.0000	0.0000	0.0000	0.0000	0.0000	0.0000	0.0000	0.0000	0.0000	0.0000	0.0000	0.0000	0.0000	0.0000	0.0011	0.0000	1.0134	1.0000	0.0000	0.0000	0.0000	0.0000	0.0000	0.0000	0.0000	0.0000	0.0000	0.0000	0.0000	0.0000	0.0000	0.0000	0.0000	0.0000	0.0000	0.0000	0.0000	0.0000	0.0000	0.0000	0.0000	0.0000	0.0000	0.0000	0.0000	0.0032	0.0013	0.0019	0.0003	0.0003	0.0000	0.0029	0.0010	0.0019	0.0000	0.0000	0.0000	0.0000	0.0000	0.0000	0.0000	0.0000	0.0000	0.0000	0.0000	0.0000	0.0000	0.0000	0.0000	0.0000	0.0000	0.0000											
42	48	0.0955	6	1	2	1	1	0	0	0	0	N	Y	N	N	N	N	N	N	N	N	N	N	0.0000	0.0000	0.0000	0.0000	0.0000	0.0000	0.0000	0.0000	0.0000	0.0000	0.0000	0.0000	0.0000	0.0000	0.0000	0.0000	0.0000	0.0000	0.0000	0.0000	0.0011	0.0000	1.0134	4.0000	0.0000	0.0000	0.0000	0.0000	0.0000	0.0000	0.0000	0.0000	0.0000	0.0000	0.0000	0.0000	0.0000	0.0000	0.0000	0.0000	0.0000	0.0000	0.0000	0.0000	0.0000	0.0000	0.0000	0.0000	0.0000	0.0000	0.0000	0.0065	0.0023	0.0042	0.0000	0.0000	0.0000	0.0065	0.0023	0.0042	0.0000	0.0000	0.0000	0.0000	0.0000	0.0000	0.0000	0.0000	0.0000	0.0000	0.0000	0.0000	0.0000	0.0000	0.0000	0.0000	0.0000	0.0000											
42	49	0.0623	4	0	1	2	1	0	0	0	0	N	N	Y	N	N	N	N	N	N	N	N	N	0.0000	0.0000	0.0000	0.0000	0.0000	0.0000	0.0000	0.0000	0.0000	0.0000	0.0000	0.0000	0.0000	0.0000	0.0000	0.0000	0.0000	0.0000	0.0000	0.0000	0.0011	0.0000	1.0134	0.0000	0.0000	0.0000	0.0000	0.0000	0.0000	0.0000	0.0000	0.0000	0.0000	0.0000	0.0000	0.0000	0.0000	0.0000	0.0000	0.0000	0.0000	0.0000	0.0000	0.0000	0.0000	0.0000	0.0000	0.0000	0.0000	0.0000	0.0000	0.0000	0.0000	0.0000	0.0000	0.0000	0.0000	0.0000	0.0000	0.0000	0.0000	0.0000	0.0000	0.0000	0.0000	0.0000	0.0000	0.0000	0.0000	0.0000	0.0000	0.0000	0.0000	0.0000	0.0000	0.0000	0.0000	0.0000											
42	50	0.7138	11	0	1	2	1	0	0	0	0	N	N	Y	N	N	N	N	N	N	N	N	N	0.0000	0.0000	0.0000	0.0000	0.0000	0.0000	0.0000	0.0000	0.0000	0.0000	0.0000	0.0000	0.0000	0.0000	0.0000	0.0000	0.0000	0.0000	0.0000	0.0000	0.0011	1.0000	1.0134	1.0000	0.0000	0.0000	0.0000	0.0000	0.0000	0.0000	0.0000	0.0000	0.0000	0.0000	0.0000	0.0000	0.0000	0.0000	0.0000	0.0000	0.0000	0.0000	0.0001	0.0001	0.0000	0.0000	0.0000	0.0000	0.0000	0.0000	0.0000	0.0032	0.0020	0.0013	0.0016	0.0014	0.0002	0.0016	0.0005	0.0011	0.0000	0.0000	0.0000	0.0000	0.0000	0.0000	0.0000	0.0000	0.0000	0.0000	0.0000	0.0000	0.0000	0.0000	0.0000	0.0000	0.0000	0.0000											
42	51	0.7184	11	0	2	1	1	0	0	0	0	N	Y	N	N	N	N	N	N	N	N	N	N	0.0000	0.0000	0.0000	0.0000	0.0000	0.0000	0.0000	0.0000	0.0000	0.0000	0.0000	0.0000	0.0000	0.0000	0.0000	0.0000	0.0000	0.0000	0.0000	0.0000	0.0011	0.0003	1.0134	0.9690	0.0000	0.0000	0.0000	0.0000	0.0000	0.0000	0.0000	0.0000	0.0000	0.0000	0.0000	0.0000	0.0000	0.0000	0.0000	0.0000	0.0000	0.0000	0.0000	0.0000	0.0000	0.0000	0.0000	0.0000	0.0000	0.0000	0.0000	0.0035	0.0025	0.0009	0.0022	0.0020	0.0002	0.0013	0.0005	0.0007	0.0000	0.0000	0.0000	0.0000	0.0000	0.0000	0.0000	0.0000	0.0000	0.0000	0.0000	0.0000	0.0000	0.0000	0.0000	0.0000	0.0000	0.0000											
42	52	0.0980	6	0	2	1	1	0	0	0	0	N	Y	N	N	N	N	N	N	N	N	N	N	17166.4151	11834.0789	147.9411	499.7043	681.7850	802037.6490	inf	711.5092	1.5763	1.8940	0.0011	0.1112	0.1434	0.0000	3.7272	4.0706	0.0054	0.0001	0.0002	0.0000	0.0002	0.0002	0.0000	0.0000	0.0000	0.0000	0.0001	0.9086	-0.0001	-0.0000	0.0011	0.9211	1.0134	0.1671	0.0002	0.0002	0.0000	0.0000	0.0000	0.0000	0.0002	0.0002	0.0000	0.0000	0.0000	0.0000	0.0000	0.0000	0.0000	0.0000	0.0000	0.0000	0.0002	0.0001	0.0000	0.0001	0.0001	0.0000	0.0001	0.0001	0.0000	0.0050	0.0027	0.0023	0.0015	0.0013	0.0001	0.0035	0.0013	0.0021	220304.0010	274505.7735	147.9411	8579.8342	10392.8474	0.0000	802037.6490	inf	711.5092	0.0000	0.0000	0.0000	0.0000	0.0000	0.0000	0.0000	0.0000	0.0000	
42	53	0.7048	12	0	2	1	1	0	0	0	0	N	Y	N	N	N	N	N	N	N	N	N	N	0.0000	0.0000	0.0000	0.0000	0.0000	0.0000	0.0000	0.0000	0.0000	0.0000	0.0000	0.0000	0.0000	0.0000	0.0000	0.0000	0.0000	0.0000	0.0000	0.0000	0.0011	1.0000	1.0134	5.0000	0.0000	0.0000	0.0000	0.0000	0.0000	0.0000	0.0000	0.0000	0.0000	0.0000	0.0000	0.0000	0.0000	0.0000	0.0000	0.0000	0.0000	0.0000	0.0001	0.0001	0.0000	0.0001	0.0001	0.0000	0.0000	0.0000	0.0000	0.0103	0.0061	0.0042	0.0042	0.0039	0.0004	0.0061	0.0023	0.0038	0.0000	0.0000	0.0000	0.0000	0.0000	0.0000	0.0000	0.0000	0.0000	0.0000	0.0000	0.0000	0.0000	0.0000	0.0000	0.0000	0.0000	0.0000											
42	54	0.6896	11	0	1	1	1	0	0	0	0	N	N	N	N	N	N	N	N	N	N	N	N	0.0000	0.0000	0.0000	0.0000	0.0000	0.0000	0.0000	0.0000	0.0000	0.0000	0.0000	0.0000	0.0000	0.0000	0.0000	0.0000	0.0000	0.0000	0.0000	0.0000	0.0011	0.0000	1.0134	2.9157	0.0000	0.0000	0.0000	0.0000	0.0000	0.0000	0.0000	0.0000	0.0000	0.0000	0.0000	0.0000	0.0000	0.0000	0.0000	0.0000	0.0000	0.0000	0.0000	0.0000	0.0000	0.0000	0.0000	0.0000	0.0000	0.0000	0.0000	0.0065	0.0038	0.0028	0.0028	0.0026	0.0002	0.0038	0.0012	0.0026	0.0000	0.0000	0.0000	0.0000	0.0000	0.0000	0.0000	0.0000	0.0000	0.0000	0.0000	0.0000	0.0000	0.0000	0.0000	0.0000	0.0000	0.0000											
42	55	0.0415	3	0	2	1	1	0	0	0	0	N	Y	N	N	N	N	N	N	N	N	N	N	inf	inf	inf	inf	1.8239	0.0000	17.3861	0.0000	0.0000	0.0000	2.9645	0.0000	18.7978	0.0000	0.0000	0.0000	0.0000	0.0000	0.0000	0.0000	0.0000	0.0000	inf	0.0002	0.0000	0.0011	2.0000	1.0134	3.0000	0.0003	0.0000	0.0003	0.0000	0.0000	0.0000	0.0003	0.0000	0.0003	0.0000	0.0000	0.0000	0.0000	0.0000	0.0000	0.0000	0.0000	0.0000	0.0002	0.0002	0.0000	0.0001	0.0001	0.0000	0.0001	0.0001	0.0000	0.0139	0.0053	0.0086	0.0010	0.0009	0.0001	0.0129	0.0044	0.0085	inf	0.0000	inf	0.0000	0.0000	0.0000	inf	0.0000	inf	0.0000	0.0000	0.0000	0.0000	0.0000	0.0000	0.0000	0.0000	0.0000						
42	56	0.6818	10	0	2	1	2	0	0	0	0	N	Y	N	Y	N	N	N	N	N	N	N	N	12.3122	8.7075	14.7039	16.1842	0.0483	0.0532	0.0000	0.0623	0.0672	0.0000	0.0000	0.0000	0.0000	0.0039	0.0061	0.0000	0.0042	0.0041	0.0000	0.0000	0.0000	0.0000	0.0000	0.0000	-0.0000	-0.0000	0.0011	1.7218	1.0134	6.9557	0.0000	0.0000	0.0000	0.0000	0.0000	0.0000	0.0000	0.0000	0.0000	0.0000	0.0000	0.0000	0.0000	0.0000	0.0000	0.0000	0.0000	0.0000	0.0002	0.0002	0.0000	0.0002	0.0001	0.0000	0.0000	0.0000	0.0000	0.0145	0.0086	0.0059	0.0059	0.0054	0.0005	0.0086	0.0032	0.0054	70.2673	45.6947	0.0000	36.9898	36.2631	0.0000	0.0000	0.0000	0.0000	0.0007	0.0012	0.0000	0.0017	0.0019	0.0000	0.0000	0.0000	0.0000					
42	57	0.6929	10	1	1	2	1	0	0	0	0	N	N	Y	N	N	N	N	N	N	N	N	N	53112.8544	18383222.8515	inf	inf	5461274.0336	23442903.1101	0.9221	0.0000	9.8587	0.2618	0.0000	4.1495	2.0977	0.0000	14.2004	0.0000	0.0000	0.0000	0.0000	0.0000	0.0000	0.0000	0.0000	0.0000	inf	inf	0.0004	0.0000	0.0011	8.9999	1.0134	5.0001	0.0006	0.0000	0.0006	0.0001	0.0000	0.0001	0.0004	0.0000	0.0004	0.0000	0.0000	0.0000	0.0000	0.0000	0.0000	0.0000	0.0000	0.0000	0.0006	0.0005	0.0001	0.0004	0.0004	0.0000	0.0002	0.0002	0.0000	0.0208	0.0133	0.0075	0.0104	0.0095	0.0009	0.0104	0.0038	0.0066	4792273.3756	0.0000	18383222.8515	inf	0.0000	inf	5461274.0336	0.0000	23442903.1101	0.0000	0.0000	0.0000	0.0000	0.0000	0.0000	0.0000	0.0000	0.0000			
42	58	0.0955	6	1	1	2	1	0	0	0	0	N	N	Y	N	N	N	N	N	N	N	N	N	0.0000	0.0000	0.0000	0.0000	0.0000	0.0000	0.0000	0.0000	0.0000	0.0000	0.0000	0.0000	0.0000	0.0000	0.0000	0.0000	0.0000	0.0000	0.0000	0.0000	0.0011	0.0000	1.0134	1.0000	0.0000	0.0000	0.0000	0.0000	0.0000	0.0000	0.0000	0.0000	0.0000	0.0000	0.0000	0.0000	0.0000	0.0000	0.0000	0.0000	0.0000	0.0000	0.0000	0.0000	0.0000	0.0000	0.0000	0.0000	0.0000	0.0000	0.0000	0.0017	0.0006	0.0011	0.0000	0.0000	0.0000	0.0017	0.0006	0.0011	0.0000	0.0000	0.0000	0.0000	0.0000	0.0000	0.0000	0.0000	0.0000	0.0000	0.0000	0.0000	0.0000	0.0000	0.0000	0.0000	0.0000	0.0000											
42	59	0.7184	11	0	1	2	1	0	0	0	0	N	N	Y	N	N	N	N	N	N	N	N	N	2.0043	0.0000	3524.3426	0.0000	0.0000	0.0000	0.0000	0.0000	0.0087	0.0000	0.0832	0.0000	0.0000	0.0000	0.0000	0.0000	0.0000	0.0044	0.0050	0.0000	0.0032	0.0027	0.0000	0.0000	0.0000	0.0000	inf	0.0092	0.0000	-0.0000	0.0011	0.0006	1.0134	1.1867	0.0000	0.0000	0.0000	0.0000	0.0000	0.0000	0.0000	0.0000	0.0000	0.0000	0.0000	0.0000	0.0000	0.0000	0.0000	0.0000	0.0000	0.0000	0.0000	0.0000	0.0000	0.0000	0.0000	0.0000	0.0000	0.0000	0.0000	0.0038	0.0028	0.0011	0.0023	0.0021	0.0002	0.0015	0.0006	0.0009	11.9116	0.0000	3524.3426	0.0000	0.0000	0.0000	0.0000	0.0000	0.0000	0.0007	0.0010	0.0000	0.0012	0.0013	0.0000	0.0000	0.0000	0.0000	
42	60	0.6818	10	0	1	1	1	0	0	0	0	N	N	N	N	N	N	N	N	N	N	N	N	0.0142	0.0000	0.1354	0.0573	0.0000	13.8439	0.0000	0.0000	0.0000	0.0000	0.0000	0.0000	0.0000	0.0000	0.0001	0.0000	0.0000	0.0000	0.0006	0.0005	0.0003	0.0002	0.0002	0.0000	0.0004	0.0075	0.0004	inf	1.4663	0.0000	0.0000	0.0011	2.2785	1.0134	4.8627	0.0000	0.0000	0.0000	0.0000	0.0000	0.0000	0.0000	0.0000	0.0000	0.0000	0.0000	0.0000	0.0000	0.0000	0.0000	0.0000	0.0000	0.0000	0.0003	0.0002	0.0000	0.0002	0.0002	0.0000	0.0001	0.0001	0.0000	0.0121	0.0072	0.0050	0.0049	0.0045	0.0004	0.0072	0.0027	0.0045	0.0341	0.0000	0.1354	1.7116	0.0000	13.8439	0.0000	0.0000	0.0000	0.0002	0.0002	0.0003	0.0000	0.0000	0.0000	0.0004	0.0004	0.0004
42	61	0.0980	6	0	1	2	1	0	0	0	0	N	N	Y	N	N	N	N	N	N	N	N	N	118.5328	2118.1346	1.6046	1843.1673	2682.1335	0.0000	0.9640	inf	6.7766	0.1404	0.1674	0.0011	0.2432	0.3102	0.0000	0.0005	0.0001	0.0046	0.0012	0.0001	0.0007	0.0001	0.0001	0.0000	0.0005	0.0000	0.0007	0.0012	1667.5667	-0.0000	0.0000	0.0011	1.0901	1.0134	7.9319	0.0000	0.0000	0.0000	0.0000	0.0000	0.0000	0.0000	0.0000	0.0000	0.0000	0.0000	0.0000	0.0000	0.0000	0.0000	0.0000	0.0000	0.0000	0.0002	0.0001	0.0000	0.0001	0.0001	0.0000	0.0001	0.0001	0.0000	0.0260	0.0110	0.0151	0.0035	0.0032	0.0003	0.0225	0.0078	0.0147	365.0888	305892.1716	1.6046	110276.8923	165752.7603	0.0000	1.0656	inf	6.7766	0.0004	0.0000	0.0007	0.0000	0.0000	0.0000	0.0004	0.0000	0.0007
42	62	0.0679	5	0	1	1	1	0	0	0	0	N	N	N	N	N	N	N	N	N	N	N	N	1319.6094	547.3253	73727.5024	21.2739	23.5333	93434.7143	1837.1328	79586.8791	0.1913	0.1717	0.3542	0.0161	0.0164	0.0000	0.3035	0.2881	0.3829	0.0001	0.0003	0.0000	0.0008	0.0007	0.0000	0.0000	0.0002	0.0000	0.2483	0.1198	-0.0000	-0.0000	0.0011	1.6797	1.0134	2.9843	0.0000	0.0000	0.0000	0.0000	0.0000	0.0000	0.0000	0.0000	0.0000	0.0000	0.0000	0.0000	0.0000	0.0000	0.0000	0.0000	0.0000	0.0000	0.0002	0.0001	0.0000	0.0001	0.0001	0.0000	0.0001	0.0001	0.0000	0.0132	0.0053	0.0079	0.0013	0.0012	0.0001	0.0119	0.0041	0.0078	7112.0462	2866.1731	73727.5024	67.0846	63.6498	0.0000	93434.7143	1172789.1592	79586.8791	0.0000	0.0001	0.0000	0.0002	0.0003	0.0000	0.0000	0.0000	0.0000	
42	63	0.0577	4	0	1	1	1	0	0	0	0	N	N	N	N	N	N	N	N	N	N	N	N	1.0650	0.1138	8546.4409	0.2764	0.3174	1359.4725	inf	8841.8042	0.0660	0.0396	0.2441	0.0771	0.0780	0.0000	0.0575	0.0025	0.2543	0.0619	0.3476	0.0000	0.2788	0.2458	0.0000	0.0000	0.0000	0.0000	0.9135	0.0055	0.0000	-0.0000	0.0011	0.4935	1.0134	1.5835	0.0000	0.0000	0.0000	0.0000	0.0000	0.0000	0.0000	0.0000	0.0000	0.0000	0.0000	0.0000	0.0000	0.0000	0.0000	0.0000	0.0000	0.0000	0.0001	0.0001	0.0000	0.0000	0.0000	0.0000	0.0000	0.0000	0.0000	0.0078	0.0032	0.0046	0.0013	0.0013	0.0000	0.0064	0.0019	0.0045	21.4532	5.3230	8546.4409	4.3549	4.2870	0.0000	2829.3302	inf	8841.8042	0.0031	0.0074	0.0000	0.0177	0.0182	0.0000	0.0000	0.0000	0.0000	
42	64	0.0623	4	0	2	1	1	0	0	0	0	N	Y	N	N	N	N	N	N	N	N	N	N	25.8617	inf	0.0000	34.1217	inf	0.0000	12.0481	inf	0.0000	0.0026	0.0028	0.0000	0.0055	0.0056	0.0000	0.0001	0.0001	0.0000	0.0001	0.0000	0.0000	0.0002	0.0000	0.0000	0.0000	0.0000	0.0000	0.0000	inf	-0.0000	0.0000	0.0011	0.2944	1.0134	1.0083	0.0000	0.0000	0.0000	0.0000	0.0000	0.0000	0.0000	0.0000	0.0000	0.0000	0.0000	0.0000	0.0000	0.0000	0.0000	0.0000	0.0000	0.0000	0.0000	0.0000	0.0000	0.0000	0.0000	0.0000	0.0000	0.0000	0.0000	0.0036	0.0014	0.0022	0.0003	0.0002	0.0000	0.0033	0.0011	0.0022	287.5373	inf	0.0000	1371.3398	inf	0.0000	12.0481	inf	0.0000	0.0000	0.0000	0.0000	0.0000	0.0000	0.0000	0.0000	0.0000	0.0000
42	65	0.0415	3	0	1	1	1	0	0	0	0	N	N	N	N	N	N	N	N	N	N	N	N	117.7196	137.0911	3.5254	113.8081	122.1990	inf	9.9769	inf	3.2122	0.0369	0.0415	0.0006	0.0894	0.0909	0.0014	0.0016	0.0018	0.0006	0.0003	0.0003	0.0002	0.0008	0.0007	0.0000	0.0002	0.0000	0.0002	0.0019	5.1631	-0.0000	0.0000	0.0011	1.1351	1.0134	2.0429	0.0000	0.0000	0.0000	0.0000	0.0000	0.0000	0.0000	0.0000	0.0000	0.0000	0.0000	0.0000	0.0000	0.0000	0.0000	0.0000	0.0000	0.0000	0.0001	0.0001	0.0000	0.0000	0.0000	0.0000	0.0001	0.0001	0.0000	0.0092	0.0035	0.0056	0.0007	0.0007	0.0001	0.0085	0.0029	0.0056	290.9405	776.5515	3.5254	334.6046	313.7626	inf	14.0597	inf	3.2122	0.0001	0.0001	0.0002	0.0003	0.0003	0.0000	0.0001	0.0000	0.0002
42	68	0.0955	6	1	2	2	1	0	0	0	0	N	Y	Y	N	N	N	N	N	N	N	N	N	0.0000	0.0000	0.0000	0.0000	0.0000	0.0000	0.0000	0.0000	0.0000	0.0000	0.0000	0.0000	0.0000	0.0000	0.0000	0.0000	0.0000	0.0000	0.0000	0.0000	0.0011	0.0000	1.0134	0.0000	0.0000	0.0000	0.0000	0.0000	0.0000	0.0000	0.0000	0.0000	0.0000	0.0000	0.0000	0.0000	0.0000	0.0000	0.0000	0.0000	0.0000	0.0000	0.0000	0.0000	0.0000	0.0000	0.0000	0.0000	0.0000	0.0000	0.0000	0.0000	0.0000	0.0000	0.0000	0.0000	0.0000	0.0000	0.0000	0.0000	0.0000	0.0000	0.0000	0.0000	0.0000	0.0000	0.0000	0.0000	0.0000	0.0000	0.0000	0.0000	0.0000	0.0000	0.0000	0.0000	0.0000	0.0000											
42	69	0.7382	12	1	2	2	1	0	0	0	0	N	Y	Y	N	N	N	N	N	N	N	N	N	0.0000	0.0000	0.0000	0.0000	0.0000	0.0000	0.0000	0.0000	0.0000	0.0000	0.0000	0.0000	0.0000	0.0000	0.0000	0.0000	0.0000	0.0000	0.0000	0.0000	0.0011	1.0000	1.0134	0.0000	0.0000	0.0000	0.0000	0.0000	0.0000	0.0000	0.0000	0.0000	0.0000	0.0000	0.0000	0.0000	0.0000	0.0000	0.0000	0.0000	0.0000	0.0000	0.0001	0.0001	0.0000	0.0001	0.0001	0.0000	0.0000	0.0000	0.0000	0.0011	0.0007	0.0004	0.0006	0.0006	0.0000	0.0005	0.0001	0.0004	0.0000	0.0000	0.0000	0.0000	0.0000	0.0000	0.0000	0.0000	0.0000	0.0000	0.0000	0.0000	0.0000	0.0000	0.0000	0.0000	0.0000	0.0000											
42	70	0.7382	12	1	2	2	1	0	0	0	0	N	Y	Y	N	N	N	N	N	N	N	N	N	0.0000	0.0000	0.0000	0.0000	0.0000	0.0000	0.0000	0.0000	0.0000	0.0000	0.0000	0.0000	0.0000	0.0000	0.0000	0.0000	0.0000	0.0000	0.0000	0.0000	0.0011	0.0000	1.0134	0.0000	0.0000	0.0000	0.0000	0.0000	0.0000	0.0000	0.0000	0.0000	0.0000	0.0000	0.0000	0.0000	0.0000	0.0000	0.0000	0.0000	0.0000	0.0000	0.0000	0.0000	0.0000	0.0000	0.0000	0.0000	0.0000	0.0000	0.0000	0.0000	0.0000	0.0000	0.0000	0.0000	0.0000	0.0000	0.0000	0.0000	0.0000	0.0000	0.0000	0.0000	0.0000	0.0000	0.0000	0.0000	0.0000	0.0000	0.0000	0.0000	0.0000	0.0000	0.0000	0.0000	0.0000	0.0000											
42	71	0.7158	11	1	2	2	1	0	0	0	0	N	Y	Y	N	N	N	N	N	N	N	N	N	0.0000	0.0000	0.0000	0.0000	0.0000	0.0000	0.0000	0.0000	0.0000	0.0000	0.0000	0.0000	0.0000	0.0000	0.0000	0.0000	0.0000	0.0000	0.0000	0.0000	0.0011	2.0000	1.0134	1.0000	0.0000	0.0000	0.0000	0.0000	0.0000	0.0000	0.0000	0.0000	0.0000	0.0000	0.0000	0.0000	0.0000	0.0000	0.0000	0.0000	0.0000	0.0000	0.0002	0.0002	0.0000	0.0002	0.0002	0.0000	0.0001	0.0000	0.0000	0.0031	0.0019	0.0012	0.0017	0.0016	0.0001	0.0014	0.0003	0.0011	0.0000	0.0000	0.0000	0.0000	0.0000	0.0000	0.0000	0.0000	0.0000	0.0000	0.0000	0.0000	0.0000	0.0000	0.0000	0.0000	0.0000	0.0000											
42	72	0.6929	10	1	1	2	1	0	0	0	0	N	N	Y	N	N	N	N	N	N	N	N	N	inf	inf	inf	inf	inf	inf	0.0050	0.0055	0.0000	0.0066	0.0070	0.0000	0.0018	0.0021	0.0000	0.0000	0.0000	0.0000	0.0000	0.0000	0.0000	0.0000	0.0000	0.0000	0.0000	-0.0000	0.0000	0.0011	1.0017	1.0134	2.0007	0.0000	0.0000	0.0000	0.0000	0.0000	0.0000	0.0000	0.0000	0.0000	0.0000	0.0000	0.0000	0.0000	0.0000	0.0000	0.0000	0.0000	0.0000	0.0001	0.0001	0.0000	0.0001	0.0000	0.0000	0.0000	0.0000	0.0000	0.0050	0.0032	0.0018	0.0024	0.0022	0.0002	0.0025	0.0009	0.0016	inf	inf	0.0000	inf	inf	0.0000	inf	inf	0.0000	0.0000	0.0000	0.0000	0.0000	0.0000	0.0000	0.0000	0.0000	0.0000				
42	73	0.1147	7	1	2	1	1	0	0	0	0	N	Y	N	N	N	N	N	N	N	N	N	N	0.0000	0.0000	0.0000	0.0000	0.0000	0.0000	0.0000	0.0000	0.0000	0.0000	0.0000	0.0000	0.0000	0.0000	0.0000	0.0000	0.0000	0.0000	0.0000	0.0000	0.0011	0.0000	1.0134	0.0000	0.0000	0.0000	0.0000	0.0000	0.0000	0.0000	0.0000	0.0000	0.0000	0.0000	0.0000	0.0000	0.0000	0.0000	0.0000	0.0000	0.0000	0.0000	0.0000	0.0000	0.0000	0.0000	0.0000	0.0000	0.0000	0.0000	0.0000	0.0000	0.0000	0.0000	0.0000	0.0000	0.0000	0.0000	0.0000	0.0000	0.0000	0.0000	0.0000	0.0000	0.0000	0.0000	0.0000	0.0000	0.0000	0.0000	0.0000	0.0000	0.0000	0.0000	0.0000	0.0000	0.0000	0.0000											
42	74	0.7198	11	1	2	1	1	0	0	0	0	N	Y	N	N	N	N	N	N	N	N	N	N	0.0000	0.0000	0.0000	0.0000	0.0000	0.0000	0.0000	0.0000	0.0000	0.0000	0.0000	0.0000	0.0000	0.0000	0.0000	0.0000	0.0000	0.0000	0.0000	0.0000	0.0011	0.0000	1.0134	0.0010	0.0000	0.0000	0.0000	0.0000	0.0000	0.0000	0.0000	0.0000	0.0000	0.0000	0.0000	0.0000	0.0000	0.0000	0.0000	0.0000	0.0000	0.0000	0.0000	0.0000	0.0000	0.0000	0.0000	0.0000	0.0000	0.0000	0.0000	0.0008	0.0006	0.0002	0.0004	0.0004	0.0000	0.0004	0.0002	0.0002	0.0000	0.0000	0.0000	0.0000	0.0000	0.0000	0.0000	0.0000	0.0000	0.0000	0.0000	0.0000	0.0000	0.0000	0.0000	0.0000	0.0000	0.0000											
42	75	0.7090	13	0	2	1	2	0	0	0	0	N	Y	N	Y	N	N	N	N	N	N	N	N	0.0000	0.0000	0.0000	0.0000	0.0000	0.0000	0.0000	0.0000	0.0000	0.0000	0.0000	0.0000	0.0000	0.0000	0.0000	0.0000	0.0000	0.0000	0.0000	0.0000	0.0011	0.0000	1.0134	0.0000	0.0000	0.0000	0.0000	0.0000	0.0000	0.0000	0.0000	0.0000	0.0000	0.0000	0.0000	0.0000	0.0000	0.0000	0.0000	0.0000	0.0000	0.0000	0.0000	0.0000	0.0000	0.0000	0.0000	0.0000	0.0000	0.0000	0.0000	0.0000	0.0000	0.0000	0.0000	0.0000	0.0000	0.0000	0.0000	0.0000	0.0000	0.0000	0.0000	0.0000	0.0000	0.0000	0.0000	0.0000	0.0000	0.0000	0.0000	0.0000	0.0000	0.0000	0.0000	0.0000	0.0000	0.0000											
42	76	0.7090	13	0	1	1	2	0	0	0	0	N	N	N	Y	N	N	N	N	N	N	N	N	0.0000	0.0000	0.0000	0.0000	0.0000	0.0000	0.0000	0.0000	0.0000	0.0000	0.0000	0.0000	0.0000	0.0000	0.0000	0.0000	0.0000	0.0000	0.0000	0.0000	0.0011	0.0000	1.0134	0.0000	0.0000	0.0000	0.0000	0.0000	0.0000	0.0000	0.0000	0.0000	0.0000	0.0000	0.0000	0.0000	0.0000	0.0000	0.0000	0.0000	0.0000	0.0000	0.0000	0.0000	0.0000	0.0000	0.0000	0.0000	0.0000	0.0000	0.0000	0.0000	0.0000	0.0000	0.0000	0.0000	0.0000	0.0000	0.0000	0.0000	0.0000	0.0000	0.0000	0.0000	0.0000	0.0000	0.0000	0.0000	0.0000	0.0000	0.0000	0.0000	0.0000	0.0000	0.0000	0.0000	0.0000	0.0000											
42	77	0.6936	12	0	1	1	2	0	0	0	0	N	N	N	Y	N	N	N	N	N	N	N	N	0.0000	0.0000	0.0000	0.0000	0.0000	0.0000	0.0000	0.0000	0.0000	0.0000	0.0000	0.0000	0.0000	0.0000	0.0000	0.0000	0.0002	0.0004	0.0000	0.0005	0.0005	0.0000	0.0000	0.0000	0.0000	0.0086	0.0000	-0.0000	0.0011	0.0002	1.0134	2.9297	0.0000	0.0000	0.0000	0.0000	0.0000	0.0000	0.0000	0.0000	0.0000	0.0000	0.0000	0.0000	0.0000	0.0000	0.0000	0.0000	0.0000	0.0000	0.0000	0.0000	0.0000	0.0000	0.0000	0.0000	0.0000	0.0000	0.0000	0.0124	0.0078	0.0047	0.0080	0.0065	0.0015	0.0044	0.0013	0.0031	0.0000	0.0000	0.0000	0.0000	0.0000	0.0000	0.0000	0.0000	0.0000	0.0001	0.0001	0.0000	0.0001	0.0001	0.0000	0.0000	0.0000	0.0000			
42	78	0.6896	11	0	1	1	2	0	0	0	0	N	N	N	Y	N	N	N	N	N	N	N	N	0.0000	0.0000	0.0000	0.0000	0.0000	0.0000	0.0000	0.0000	0.0000	0.0000	0.0000	0.0000	0.0000	0.0000	0.0000	0.0000	0.0000	0.0004	0.0004	0.0002	0.0002	0.0001	0.0000	0.0003	0.0082	0.0002	0.9831	-0.0000	-0.0000	0.0011	0.0003	1.0134	2.1916	0.0000	0.0000	0.0000	0.0000	0.0000	0.0000	0.0000	0.0000	0.0000	0.0000	0.0000	0.0000	0.0000	0.0000	0.0000	0.0000	0.0000	0.0000	0.0000	0.0000	0.0000	0.0000	0.0000	0.0000	0.0000	0.0000	0.0000	0.0053	0.0030	0.0022	0.0023	0.0021	0.0001	0.0030	0.0009	0.0021	0.0000	0.0000	0.0000	0.0000	0.0000	0.0000	0.0000	0.0000	0.0000	0.0002	0.0001	0.0002	0.0000	0.0000	0.0000	0.0003	0.0005	0.0002		
42	79	0.6818	10	0	1	1	1	0	0	0	0	N	N	N	N	N	N	N	N	N	N	N	N	inf	inf	inf	inf	0.0000	0.0000	0.0003	0.0000	0.0000	0.0004	0.0000	0.0000	0.0000	0.0000	0.0000	0.0000	0.0000	0.0000	0.0000	0.0000	0.0000	0.0000	inf	0.0000	0.0000	0.0011	0.2782	1.0134	1.3600	0.0000	0.0000	0.0000	0.0000	0.0000	0.0000	0.0000	0.0000	0.0000	0.0000	0.0000	0.0000	0.0000	0.0000	0.0000	0.0000	0.0000	0.0000	0.0000	0.0000	0.0000	0.0000	0.0000	0.0000	0.0000	0.0000	0.0000	0.0029	0.0017	0.0012	0.0012	0.0011	0.0001	0.0018	0.0007	0.0011	inf	0.0000	inf	inf	0.0000	inf	0.0000	0.0000	0.0000	0.0000	0.0000	0.0000	0.0000	0.0000	0.0000	0.0000	0.0000	0.0000						
42	80	0.7254	12	0	2	2	1	0	0	0	0	N	Y	Y	N	N	N	N	N	N	N	N	N	inf	inf	inf	inf	0.1314	0.1577	0.0000	0.1959	0.2457	0.0000	0.0000	0.0000	0.0000	0.0000	0.0000	0.0000	0.0000	0.0000	0.0000	0.0000	0.0000	0.0000	0.0000	-0.0000	-0.0000	0.0011	0.0029	1.0134	2.0135	0.0000	0.0000	0.0000	0.0000	0.0000	0.0000	0.0000	0.0000	0.0000	0.0000	0.0000	0.0000	0.0000	0.0000	0.0000	0.0000	0.0000	0.0000	0.0000	0.0000	0.0000	0.0000	0.0000	0.0000	0.0000	0.0000	0.0000	0.0034	0.0022	0.0012	0.0018	0.0016	0.0001	0.0016	0.0006	0.0011	inf	inf	0.0000	inf	inf	0.0000	0.0000	0.0000	0.0000	0.0000	0.0000	0.0000	0.0000	0.0000	0.0000	0.0000	0.0000	0.0000						
42	81	0.7188	11	0	2	1	1	0	0	0	0	N	Y	N	N	N	N	N	N	N	N	N	N	0.9042	0.9245	0.0000	2.0361	2.3966	0.2844	0.0211	0.0000	0.0003	0.0003	0.0000	0.0004	0.0004	0.0000	0.0001	0.0001	0.0000	0.0003	0.0004	0.0002	0.0002	0.0002	0.0000	0.0003	0.0054	0.0003	0.0000	1.8576	-0.0000	0.0000	0.0011	0.6188	1.0134	0.9475	0.0000	0.0000	0.0000	0.0000	0.0000	0.0000	0.0000	0.0000	0.0000	0.0000	0.0000	0.0000	0.0000	0.0000	0.0000	0.0000	0.0000	0.0000	0.0001	0.0001	0.0000	0.0000	0.0000	0.0000	0.0000	0.0000	0.0000	0.0032	0.0020	0.0012	0.0016	0.0015	0.0001	0.0015	0.0005	0.0011	2.1319	4.2437	0.0000	53.5109	54.6181	0.0000	0.3394	0.3693	0.0000	0.0001	0.0001	0.0002	0.0000	0.0000	0.0000	0.0003	0.0003	0.0003	
42	82	0.1179	7	0	2	2	1	0	0	0	0	N	Y	Y	N	N	N	N	N	N	N	N	N	0.0000	0.0000	0.0000	0.0000	0.0000	0.0000	0.0000	0.0000	0.0000	0.0000	0.0000	0.0000	0.0000	0.0000	0.0000	0.0000	0.0000	0.0000	0.0000	0.0000	0.0011	0.0000	1.0134	1.0000	0.0000	0.0000	0.0000	0.0000	0.0000	0.0000	0.0000	0.0000	0.0000	0.0000	0.0000	0.0000	0.0000	0.0000	0.0000	0.0000	0.0000	0.0000	0.0000	0.0000	0.0000	0.0000	0.0000	0.0000	0.0000	0.0000	0.0000	0.0027	0.0011	0.0016	0.0002	0.0002	0.0000	0.0025	0.0009	0.0016	0.0000	0.0000	0.0000	0.0000	0.0000	0.0000	0.0000	0.0000	0.0000	0.0000	0.0000	0.0000	0.0000	0.0000	0.0000	0.0000	0.0000	0.0000											
42	83	0.6929	10	1	1	2	1	0	0	0	0	N	N	Y	N	N	N	N	N	N	N	N	N	41445.0716	inf	0.0000	inf	inf	4778493.5036	inf	0.0000	0.9221	1.0173	0.0000	0.2618	0.2795	0.0000	2.0977	2.4613	0.0000	0.0000	0.0000	0.0000	0.0000	0.0000	0.0000	0.0000	0.0000	0.0000	0.0000	inf	-0.0001	0.0000	0.0011	9.0001	1.0134	3.0001	0.0006	0.0006	0.0000	0.0001	0.0001	0.0000	0.0004	0.0004	0.0000	0.0000	0.0000	0.0000	0.0000	0.0000	0.0000	0.0000	0.0000	0.0000	0.0006	0.0005	0.0001	0.0004	0.0004	0.0000	0.0002	0.0002	0.0000	0.0182	0.0116	0.0065	0.0090	0.0083	0.0007	0.0091	0.0033	0.0058	3892874.0926	inf	0.0000	inf	inf	0.0000	4778493.5036	inf	0.0000	0.0000	0.0000	0.0000	0.0000	0.0000	0.0000	0.0000	0.0000	0.0000	
42	84	0.0955	6	1	1	2	1	0	0	0	0	N	N	Y	N	N	N	N	N	N	N	N	N	0.0000	0.0000	0.0000	0.0000	0.0000	0.0000	0.0000	0.0000	0.0000	0.0000	0.0000	0.0000	0.0000	0.0000	0.0000	0.0000	0.0000	0.0000	0.0000	0.0000	0.0011	4.0000	1.0134	0.0000	0.0000	0.0000	0.0000	0.0000	0.0000	0.0000	0.0000	0.0000	0.0000	0.0000	0.0000	0.0000	0.0000	0.0000	0.0000	0.0000	0.0000	0.0000	0.0002	0.0002	0.0000	0.0001	0.0001	0.0000	0.0001	0.0001	0.0000	0.0065	0.0023	0.0042	0.0000	0.0000	0.0000	0.0065	0.0023	0.0042	0.0000	0.0000	0.0000	0.0000	0.0000	0.0000	0.0000	0.0000	0.0000	0.0000	0.0000	0.0000	0.0000	0.0000	0.0000	0.0000	0.0000	0.0000											
42	85	0.1416	7	1	2	1	1	0	0	0	0	N	Y	N	N	N	N	N	N	N	N	N	N	27.4607	inf	0.0000	21.5982	inf	0.0000	0.0000	0.0000	0.0044	0.0050	0.0000	0.0106	0.0109	0.0000	0.0000	0.0000	0.0000	0.0002	0.0000	0.0001	0.0005	0.0000	0.0020	0.0001	0.0000	0.0000	0.0000	inf	-0.0000	0.0000	0.0011	1.0086	1.0134	1.7435	0.0000	0.0000	0.0000	0.0000	0.0000	0.0000	0.0000	0.0000	0.0000	0.0000	0.0000	0.0000	0.0000	0.0000	0.0000	0.0000	0.0000	0.0000	0.0001	0.0001	0.0000	0.0000	0.0000	0.0000	0.0000	0.0000	0.0000	0.0080	0.0036	0.0044	0.0016	0.0015	0.0001	0.0064	0.0021	0.0043	114.9421	inf	0.0000	119.6185	inf	0.0000	0.0000	0.0000	0.0000	0.0000	0.0000	0.0001	0.0001	0.0000	0.0017	0.0000	0.0000	0.0000	
42	86	0.0955	6	1	2	1	1	0	0	0	0	N	Y	N	N	N	N	N	N	N	N	N	N	0.0000	0.0000	0.0000	0.0000	0.0000	0.0000	0.0000	0.0000	0.0000	0.0000	0.0000	0.0000	0.0000	0.0001	0.0002	0.0000	0.0018	0.0014	0.0000	0.0000	0.0000	0.0000	0.0000	0.0000	-0.0000	0.0011	1.0165	1.0134	4.1395	0.0000	0.0000	0.0000	0.0000	0.0000	0.0000	0.0000	0.0000	0.0000	0.0000	0.0000	0.0000	0.0000	0.0000	0.0000	0.0000	0.0000	0.0000	0.0001	0.0001	0.0000	0.0000	0.0000	0.0000	0.0000	0.0000	0.0000	0.0082	0.0029	0.0053	0.0000	0.0000	0.0000	0.0082	0.0029	0.0053	0.0000	0.0000	0.0000	0.0000	0.0000	0.0000	0.0000	0.0000	0.0000	0.0000	0.0000	0.0000	0.0007	0.0007	0.0000	0.0000	0.0000	0.0000						
42	87	0.6516	9	1	2	1	1	0	0	0	0	N	Y	N	N	N	N	N	N	N	N	N	N	inf	inf	inf	inf	0.3386	0.3739	0.0000	0.4677	0.5044	0.0000	0.0000	0.0000	0.0000	0.0000	0.0000	0.0000	0.0000	0.0000	0.0000	0.0000	0.0000	0.0000	0.0000	-0.0001	0.0000	0.0011	9.0005	1.0134	5.0000	0.0003	0.0003	0.0000	0.0003	0.0003	0.0000	0.0000	0.0000	0.0000	0.0000	0.0000	0.0000	0.0000	0.0000	0.0000	0.0000	0.0000	0.0000	0.0008	0.0007	0.0001	0.0006	0.0005	0.0000	0.0002	0.0002	0.0000	0.0219	0.0132	0.0087	0.0092	0.0084	0.0008	0.0127	0.0048	0.0079	inf	inf	0.0000	inf	inf	0.0000	0.0000	0.0000	0.0000	0.0000	0.0000	0.0000	0.0000	0.0000	0.0000	0.0000	0.0000	0.0000						
42	88	0.1179	7	0	2	1	1	0	0	0	0	N	Y	N	N	N	N	N	N	N	N	N	N	0.0000	0.0000	0.0000	0.0000	0.0000	0.0000	0.0000	0.0000	0.0000	0.0000	0.0000	0.0000	0.0000	0.0000	0.0000	0.0000	0.0000	0.0000	0.0000	0.0000	0.0011	0.0000	1.0134	0.0000	0.0000	0.0000	0.0000	0.0000	0.0000	0.0000	0.0000	0.0000	0.0000	0.0000	0.0000	0.0000	0.0000	0.0000	0.0000	0.0000	0.0000	0.0000	0.0000	0.0000	0.0000	0.0000	0.0000	0.0000	0.0000	0.0000	0.0000	0.0000	0.0000	0.0000	0.0000	0.0000	0.0000	0.0000	0.0000	0.0000	0.0000	0.0000	0.0000	0.0000	0.0000	0.0000	0.0000	0.0000	0.0000	0.0000	0.0000	0.0000	0.0000	0.0000	0.0000	0.0000	0.0000	0.0000											
42	89	0.7188	11	0	2	1	1	0	0	0	0	N	Y	N	N	N	N	N	N	N	N	N	N	0.0000	0.0000	0.0000	0.0000	0.0000	0.0000	0.0000	0.0000	0.0000	0.0000	0.0000	0.0000	0.0000	0.0000	0.0000	0.0000	0.0000	0.0000	0.0000	0.0000	0.0000	0.0000	inf	0.0000	0.0000	0.0011	1.9953	1.0134	1.0817	0.0000	0.0000	0.0000	0.0000	0.0000	0.0000	0.0000	0.0000	0.0000	0.0000	0.0000	0.0000	0.0000	0.0000	0.0000	0.0000	0.0000	0.0000	0.0001	0.0001	0.0000	0.0001	0.0001	0.0000	0.0001	0.0000	0.0000	0.0056	0.0036	0.0020	0.0029	0.0027	0.0002	0.0027	0.0009	0.0018	0.0000	0.0000	0.0000	0.0000	0.0000	0.0000	0.0000	0.0000	0.0000	0.0000	0.0000	0.0000	0.0000	0.0000	0.0000	0.0000	0.0000	0.0000						
42	90	0.6929	10	0	2	1	1	0	0	0	0	N	Y	N	N	N	N	N	N	N	N	N	N	1.4952	0.5674	162.5659	0.1700	0.1301	149.5902	inf	214.6960	0.0001	0.0001	0.0003	0.0000	0.0000	0.0000	0.0002	0.0002	0.0005	0.0001	0.0001	0.0000	0.0001	0.0001	0.0000	0.0000	0.0000	0.0000	0.5000	0.4788	0.0000	-0.0000	0.0011	2.3999	1.0134	4.0713	0.0000	0.0000	0.0000	0.0000	0.0000	0.0000	0.0000	0.0000	0.0000	0.0000	0.0000	0.0000	0.0000	0.0000	0.0000	0.0000	0.0000	0.0000	0.0002	0.0002	0.0000	0.0001	0.0001	0.0000	0.0001	0.0001	0.0000	0.0103	0.0066	0.0037	0.0051	0.0047	0.0004	0.0052	0.0019	0.0033	39.5437	27.3494	162.5659	7.9447	5.2064	0.0000	149.5902	inf	214.6960	0.0000	0.0000	0.0000	0.0000	0.0000	0.0000	0.0000	0.0000	0.0000	
42	91	0.7138	11	0	1	2	1	0	0	0	0	N	N	Y	N	N	N	N	N	N	N	N	N	0.0000	0.0000	0.0000	0.0000	0.0000	0.0000	0.0000	0.0000	0.0000	0.0000	0.0000	0.0000	0.0000	0.0000	0.0000	0.0000	0.0000	0.0000	0.0000	0.0000	0.0011	0.0000	1.0134	0.0000	0.0000	0.0000	0.0000	0.0000	0.0000	0.0000	0.0000	0.0000	0.0000	0.0000	0.0000	0.0000	0.0000	0.0000	0.0000	0.0000	0.0000	0.0000	0.0000	0.0000	0.0000	0.0000	0.0000	0.0000	0.0000	0.0000	0.0000	0.0000	0.0000	0.0000	0.0000	0.0000	0.0000	0.0000	0.0000	0.0000	0.0000	0.0000	0.0000	0.0000	0.0000	0.0000	0.0000	0.0000	0.0000	0.0000	0.0000	0.0000	0.0000	0.0000	0.0000	0.0000	0.0000	0.0000											
42	92	0.6818	10	0	1	2	1	0	0	0	0	N	N	Y	N	N	N	N	N	N	N	N	N	115.7052	89.4743	inf	143.7364	171.8442	inf	0.6683	0.7360	0.0000	0.8811	0.9503	0.0000	0.0000	0.0000	0.0000	0.0058	0.0082	0.0000	0.0061	0.0055	0.0000	0.0000	0.0000	0.0000	0.0000	0.0000	-0.0001	-0.0000	0.0011	3.7221	1.0134	2.9993	0.0003	0.0003	0.0000	0.0003	0.0003	0.0000	0.0000	0.0000	0.0000	0.0000	0.0000	0.0000	0.0000	0.0000	0.0000	0.0000	0.0000	0.0000	0.0004	0.0004	0.0000	0.0003	0.0003	0.0000	0.0001	0.0001	0.0000	0.0115	0.0068	0.0047	0.0047	0.0042	0.0004	0.0068	0.0025	0.0043	767.4019	498.6377	inf	411.5490	403.5528	inf	0.0000	0.0000	0.0000	0.0009	0.0015	0.0000	0.0021	0.0024	0.0000	0.0000	0.0000	0.0000			
42	93	0.6516	9	0	1	1	1	0	0	0	0	N	N	N	N	N	N	N	N	N	N	N	N	inf	inf	inf	inf	0.0000	0.0000	0.0000	0.0000	0.0000	0.0000	0.0000	0.0000	0.0000	0.0000	0.0000	0.0000	0.0000	0.0000	0.0000	0.0000	0.0000	0.0000	0.0000	-0.0000	0.0000	0.0011	2.7217	1.0134	3.0458	0.0000	0.0000	0.0000	0.0000	0.0000	0.0000	0.0000	0.0000	0.0000	0.0000	0.0000	0.0000	0.0000	0.0000	0.0000	0.0000	0.0000	0.0000	0.0003	0.0003	0.0000	0.0002	0.0002	0.0000	0.0001	0.0001	0.0000	0.0098	0.0058	0.0040	0.0040	0.0037	0.0004	0.0057	0.0022	0.0036	inf	inf	0.0000	inf	inf	0.0000	0.0000	0.0000	0.0000	0.0000	0.0000	0.0000	0.0000	0.0000	0.0000	0.0000	0.0000	0.0000						
42	94	0.7091	11	1	2	1	1	0	0	0	0	N	Y	N	N	N	N	N	N	N	N	N	N	0.0000	0.0000	0.0000	0.0000	0.0000	0.0000	0.0000	0.0000	0.0000	0.0000	0.0000	0.0000	0.0000	0.0000	0.0000	0.0000	0.0000	0.0000	0.0000	-0.0000	0.0011	5.9980	1.0134	4.9575	0.0000	0.0000	0.0000	0.0000	0.0000	0.0000	0.0000	0.0000	0.0000	0.0000	0.0000	0.0000	0.0000	0.0000	0.0000	0.0000	0.0000	0.0000	0.0004	0.0004	0.0000	0.0003	0.0003	0.0000	0.0001	0.0001	0.0000	0.0156	0.0104	0.0052	0.0081	0.0074	0.0007	0.0076	0.0030	0.0045	0.0000	0.0000	0.0000	0.0000	0.0000	0.0000	0.0000	0.0000	0.0000	0.0000	0.0000	0.0000	0.0000	0.0000	0.0000	0.0000	0.0000	0.0000											
42	95	0.1179	7	1	2	1	1	0	0	0	0	N	Y	N	N	N	N	N	N	N	N	N	N	0.0000	0.0000	0.0000	0.0000	0.0000	0.0000	0.0000	0.0000	0.0000	0.0000	0.0000	0.0000	0.0000	0.0000	0.0000	0.0000	0.0000	0.0000	0.0000	0.0000	0.0011	0.0000	1.0134	2.0000	0.0000	0.0000	0.0000	0.0000	0.0000	0.0000	0.0000	0.0000	0.0000	0.0000	0.0000	0.0000	0.0000	0.0000	0.0000	0.0000	0.0000	0.0000	0.0000	0.0000	0.0000	0.0000	0.0000	0.0000	0.0000	0.0000	0.0000	0.0052	0.0021	0.0031	0.0004	0.0004	0.0000	0.0048	0.0018	0.0031	0.0000	0.0000	0.0000	0.0000	0.0000	0.0000	0.0000	0.0000	0.0000	0.0000	0.0000	0.0000	0.0000	0.0000	0.0000	0.0000	0.0000	0.0000											
42	96	0.0955	6	0	2	1	1	0	0	0	0	N	Y	N	N	N	N	N	N	N	N	N	N	0.0000	0.0000	0.0000	0.0000	0.0000	0.0000	0.0000	0.0000	0.0000	0.0000	0.0000	0.0000	0.0000	0.0000	0.0000	0.0000	0.0000	0.0000	0.0000	0.0000	0.0011	4.0000	1.0134	0.0000	0.0000	0.0000	0.0000	0.0000	0.0000	0.0000	0.0000	0.0000	0.0000	0.0000	0.0000	0.0000	0.0000	0.0000	0.0000	0.0000	0.0000	0.0000	0.0002	0.0002	0.0000	0.0001	0.0001	0.0000	0.0001	0.0001	0.0000	0.0065	0.0023	0.0042	0.0000	0.0000	0.0000	0.0065	0.0023	0.0042	0.0000	0.0000	0.0000	0.0000	0.0000	0.0000	0.0000	0.0000	0.0000	0.0000	0.0000	0.0000	0.0000	0.0000	0.0000	0.0000	0.0000	0.0000											
42	97	0.6516	9	0	1	1	1	0	0	0	0	N	N	N	N	N	N	N	N	N	N	N	N	0.0000	0.0000	0.0000	0.0000	0.0000	0.0000	0.0000	0.0000	0.0000	0.0000	0.0000	0.0000	0.0000	0.0000	0.0000	2.3439	3.1489	0.0000	0.0138	0.0135	0.0000	2.9648	6.3042	0.0000	0.0000	0.0000	-0.0073	0.0011	3.9994	1.0134	4.0000	0.0000	0.0000	0.0000	0.0000	0.0000	0.0000	0.0000	0.0000	0.0000	0.0140	0.0140	0.0000	0.0000	0.0000	0.0000	0.0139	0.0139	0.0000	0.0004	0.0004	0.0000	0.0003	0.0003	0.0000	0.0001	0.0001	0.0000	0.0133	0.0079	0.0053	0.0055	0.0050	0.0005	0.0078	0.0029	0.0048	0.0000	0.0000	0.0000	0.0000	0.0000	0.0000	0.0000	0.0000	0.0000	1.0510	1.7582	0.0000	0.0036	0.0040	0.0000	1.7960	4.7777	0.0000				
42	98	0.0955	6	0	1	1	1	0	0	0	0	N	N	N	N	N	N	N	N	N	N	N	N	0.0000	0.0000	0.0000	0.0000	0.0000	0.0000	0.0000	0.0000	0.0000	0.0000	0.0000	0.0000	0.0000	0.0000	0.0000	0.0000	0.0000	0.0000	0.0000	0.0000	0.0011	1.0000	1.0134	0.0000	0.0000	0.0000	0.0000	0.0000	0.0000	0.0000	0.0000	0.0000	0.0000	0.0000	0.0000	0.0000	0.0000	0.0000	0.0000	0.0000	0.0000	0.0000	0.0001	0.0001	0.0000	0.0000	0.0000	0.0000	0.0001	0.0001	0.0000	0.0031	0.0011	0.0020	0.0000	0.0000	0.0000	0.0031	0.0011	0.0020	0.0000	0.0000	0.0000	0.0000	0.0000	0.0000	0.0000	0.0000	0.0000	0.0000	0.0000	0.0000	0.0000	0.0000	0.0000	0.0000	0.0000	0.0000											
42	99	0.5406	8	0	1	1	1	0	0	0	0	N	N	N	N	N	N	N	N	N	N	N	N	3.1571	267.0920	0.0000	66.7893	319.4152	0.0000	0.0165	inf	0.0000	0.0203	0.0225	0.0000	0.0272	0.0294	0.0000	0.0001	0.0001	0.0000	0.0064	0.0001	0.0021	0.0004	0.0001	0.0007	0.0064	0.0000	0.0023	0.0000	2694.6506	-0.0000	0.0000	0.0011	1.5982	1.0134	11.1970	0.0000	0.0000	0.0000	0.0000	0.0000	0.0000	0.0000	0.0000	0.0000	0.0000	0.0000	0.0000	0.0000	0.0000	0.0000	0.0000	0.0000	0.0000	0.0002	0.0002	0.0000	0.0002	0.0002	0.0000	0.0001	0.0000	0.0000	0.0243	0.0137	0.0106	0.0107	0.0097	0.0010	0.0136	0.0040	0.0096	22.0593	37280.5351	0.0000	483.6867	34385.9542	0.0000	0.0662	inf	0.0000	0.0009	0.0000	0.0021	0.0001	0.0000	0.0006	0.0016	0.0000	0.0023
42	100	0.7106	12	1	2	2	1	0	0	0	0	N	Y	Y	N	N	N	N	N	N	N	N	N	0.0000	0.0000	0.0000	0.0000	0.0000	0.0000	0.0000	0.0000	0.0000	0.0000	0.0000	0.0000	0.0000	0.0000	0.0000	0.0000	0.0000	0.0000	0.0000	0.0000	0.0011	0.0000	1.0134	0.9982	0.0000	0.0000	0.0000	0.0000	0.0000	0.0000	0.0000	0.0000	0.0000	0.0000	0.0000	0.0000	0.0000	0.0000	0.0000	0.0000	0.0000	0.0000	0.0000	0.0000	0.0000	0.0000	0.0000	0.0000	0.0000	0.0000	0.0000	0.0016	0.0010	0.0005	0.0008	0.0007	0.0001	0.0008	0.0003	0.0005	0.0000	0.0000	0.0000	0.0000	0.0000	0.0000	0.0000	0.0000	0.0000	0.0000	0.0000	0.0000	0.0000	0.0000	0.0000	0.0000	0.0000	0.0000											
42	101	0.1302	9	1	2	2	1	0	0	0	0	N	Y	Y	N	N	N	N	N	N	N	N	N	0.0000	0.0000	0.0000	0.0000	0.0000	0.0000	0.0000	0.0000	0.0000	0.0000	0.0000	0.0000	0.0000	0.0000	0.0000	0.0000	0.0000	0.0000	0.0000	0.0000	0.0011	0.0000	1.0134	0.0000	0.0000	0.0000	0.0000	0.0000	0.0000	0.0000	0.0000	0.0000	0.0000	0.0000	0.0000	0.0000	0.0000	0.0000	0.0000	0.0000	0.0000	0.0000	0.0000	0.0000	0.0000	0.0000	0.0000	0.0000	0.0000	0.0000	0.0000	0.0000	0.0000	0.0000	0.0000	0.0000	0.0000	0.0000	0.0000	0.0000	0.0000	0.0000	0.0000	0.0000	0.0000	0.0000	0.0000	0.0000	0.0000	0.0000	0.0000	0.0000	0.0000	0.0000	0.0000	0.0000	0.0000	0.0000											
42	102	0.1302	8	1	1	2	1	0	0	0	0	N	N	Y	N	N	N	N	N	N	N	N	N	0.0000	0.0000	0.0000	0.0000	0.0000	0.0000	0.0000	0.0000	0.0000	0.0000	0.0000	0.0000	0.0000	0.0000	0.0000	0.0000	0.0000	0.0000	0.0000	0.0000	0.0011	0.0000	1.0134	0.0000	0.0000	0.0000	0.0000	0.0000	0.0000	0.0000	0.0000	0.0000	0.0000	0.0000	0.0000	0.0000	0.0000	0.0000	0.0000	0.0000	0.0000	0.0000	0.0000	0.0000	0.0000	0.0000	0.0000	0.0000	0.0000	0.0000	0.0000	0.0000	0.0000	0.0000	0.0000	0.0000	0.0000	0.0000	0.0000	0.0000	0.0000	0.0000	0.0000	0.0000	0.0000	0.0000	0.0000	0.0000	0.0000	0.0000	0.0000	0.0000	0.0000	0.0000	0.0000	0.0000	0.0000	0.0000											
42	103	0.1241	7	1	1	2	1	0	0	0	0	N	N	Y	N	N	N	N	N	N	N	N	N	0.0000	0.0000	0.0000	0.0000	0.0000	0.0000	0.0000	0.0000	0.0000	0.0000	0.0000	0.0000	0.0000	0.0000	0.0000	0.0000	0.0000	0.0000	0.0000	0.0000	0.0011	0.0000	1.0134	1.0091	0.0000	0.0000	0.0000	0.0000	0.0000	0.0000	0.0000	0.0000	0.0000	0.0000	0.0000	0.0000	0.0000	0.0000	0.0000	0.0000	0.0000	0.0000	0.0000	0.0000	0.0000	0.0000	0.0000	0.0000	0.0000	0.0000	0.0000	0.0027	0.0011	0.0016	0.0002	0.0002	0.0000	0.0025	0.0009	0.0016	0.0000	0.0000	0.0000	0.0000	0.0000	0.0000	0.0000	0.0000	0.0000	0.0000	0.0000	0.0000	0.0000	0.0000	0.0000	0.0000	0.0000	0.0000											
42	104	0.6516	9	0	2	1	1	0	0	0	0	N	Y	N	N	N	N	N	N	N	N	N	N	inf	inf	inf	inf	0.3683	0.4065	0.0000	0.5045	0.5441	0.0000	0.0000	0.0000	0.0000	0.0000	0.0000	0.0000	0.0000	0.0000	0.0000	0.0000	0.0000	0.0000	0.0000	-0.0001	0.0000	0.0011	7.9994	1.0134	4.0001	0.0003	0.0003	0.0000	0.0003	0.0003	0.0000	0.0000	0.0000	0.0000	0.0000	0.0000	0.0000	0.0000	0.0000	0.0000	0.0000	0.0000	0.0000	0.0007	0.0007	0.0001	0.0005	0.0005	0.0000	0.0002	0.0002	0.0000	0.0192	0.0115	0.0077	0.0080	0.0073	0.0007	0.0111	0.0042	0.0069	inf	inf	0.0000	inf	inf	0.0000	0.0000	0.0000	0.0000	0.0000	0.0000	0.0000	0.0000	0.0000	0.0000	0.0000	0.0000	0.0000						
42	105	0.7141	13	1	1	2	1	0	0	0	0	N	N	Y	N	N	N	N	N	N	N	N	N	0.0000	0.0000	0.0000	0.0000	0.0000	0.0000	0.0000	0.0000	0.0000	0.0000	0.0000	0.0000	0.0000	0.0000	0.0000	0.0000	0.0003	0.0006	0.0000	0.0008	0.0007	0.0000	0.0000	0.0000	0.0000	0.0093	0.0000	-0.0000	0.0011	1.0000	1.0134	1.0005	0.0000	0.0000	0.0000	0.0000	0.0000	0.0000	0.0000	0.0000	0.0000	0.0000	0.0000	0.0000	0.0000	0.0000	0.0000	0.0000	0.0000	0.0000	0.0001	0.0001	0.0000	0.0001	0.0000	0.0000	0.0000	0.0000	0.0000	0.0031	0.0021	0.0010	0.0016	0.0015	0.0001	0.0015	0.0006	0.0009	0.0000	0.0000	0.0000	0.0000	0.0000	0.0000	0.0000	0.0000	0.0000	0.0001	0.0002	0.0000	0.0003	0.0003	0.0000	0.0000	0.0000	0.0000			
42	106	0.7106	12	1	1	2	1	0	0	0	0	N	N	Y	N	N	N	N	N	N	N	N	N	0.0000	0.0000	0.0000	0.0000	0.0000	0.0000	0.0000	0.0000	0.0000	0.0000	0.0000	0.0000	0.0000	0.0000	0.0000	0.0000	0.0000	0.0010	0.0005	0.0007	0.0002	0.0002	0.0000	0.0010	0.0109	0.0008	1.9376	-0.0000	0.0000	0.0011	0.7249	1.0134	0.0368	0.0000	0.0000	0.0000	0.0000	0.0000	0.0000	0.0000	0.0000	0.0000	0.0000	0.0000	0.0000	0.0000	0.0000	0.0000	0.0000	0.0000	0.0000	0.0001	0.0001	0.0000	0.0000	0.0000	0.0000	0.0000	0.0000	0.0000	0.0012	0.0008	0.0004	0.0006	0.0006	0.0001	0.0006	0.0002	0.0004	0.0000	0.0000	0.0000	0.0000	0.0000	0.0000	0.0000	0.0000	0.0000	0.0003	0.0002	0.0007	0.0000	0.0000	0.0000	0.0007	0.0006	0.0008		
42	107	0.7091	11	1	1	2	1	0	0	0	0	N	N	Y	N	N	N	N	N	N	N	N	N	0.0000	0.0000	0.0000	0.0000	0.0000	0.0000	0.0000	0.0000	0.0000	0.0000	0.0000	0.0000	0.0000	0.0000	0.0000	0.0000	0.0009	0.0015	0.0000	0.0016	0.0012	0.0000	0.0000	0.0000	0.0000	0.0139	0.0000	-0.0000	0.0011	0.4159	1.0134	0.0887	0.0000	0.0000	0.0000	0.0000	0.0000	0.0000	0.0000	0.0000	0.0000	0.0000	0.0000	0.0000	0.0000	0.0000	0.0000	0.0000	0.0000	0.0000	0.0000	0.0000	0.0000	0.0000	0.0000	0.0000	0.0000	0.0000	0.0000	0.0009	0.0006	0.0003	0.0004	0.0004	0.0000	0.0004	0.0002	0.0003	0.0000	0.0000	0.0000	0.0000	0.0000	0.0000	0.0000	0.0000	0.0000	0.0003	0.0005	0.0000	0.0006	0.0007	0.0000	0.0000	0.0000	0.0000			
42	108	0.6929	10	1	1	1	1	0	0	0	0	N	N	N	N	N	N	N	N	N	N	N	N	8.5994	5.6466	0.0000	17.0738	19.9321	4.3077	0.2033	0.0000	0.0014	0.0015	0.0000	0.0018	0.0019	0.0000	0.0005	0.0005	0.0000	0.0002	0.0003	0.0000	0.0001	0.0001	0.0000	0.0001	0.0027	0.0001	0.0000	0.9825	-0.0000	-0.0000	0.0011	3.9943	1.0134	0.9974	0.0000	0.0000	0.0000	0.0000	0.0000	0.0000	0.0000	0.0000	0.0000	0.0000	0.0000	0.0000	0.0000	0.0000	0.0000	0.0000	0.0000	0.0000	0.0003	0.0003	0.0000	0.0002	0.0002	0.0000	0.0001	0.0001	0.0000	0.0081	0.0051	0.0029	0.0040	0.0037	0.0003	0.0041	0.0015	0.0026	38.4928	53.5265	0.0000	1960.7311	2032.4628	0.0000	6.8003	5.7792	0.0000	0.0000	0.0000	0.0000	0.0000	0.0000	0.0000	0.0001	0.0001	0.0001	
42	109	0.1241	7	1	1	2	1	0	0	0	0	N	N	Y	N	N	N	N	N	N	N	N	N	0.0000	0.0000	0.0000	0.0000	0.0000	0.0000	0.0000	0.0000	0.0000	0.0000	0.0000	0.0000	0.0000	0.0000	0.0000	0.0000	0.0000	0.0000	0.0000	0.0000	0.0011	0.0000	1.0134	0.9909	0.0000	0.0000	0.0000	0.0000	0.0000	0.0000	0.0000	0.0000	0.0000	0.0000	0.0000	0.0000	0.0000	0.0000	0.0000	0.0000	0.0000	0.0000	0.0000	0.0000	0.0000	0.0000	0.0000	0.0000	0.0000	0.0000	0.0000	0.0026	0.0011	0.0016	0.0002	0.0002	0.0000	0.0024	0.0009	0.0015	0.0000	0.0000	0.0000	0.0000	0.0000	0.0000	0.0000	0.0000	0.0000	0.0000	0.0000	0.0000	0.0000	0.0000	0.0000	0.0000	0.0000	0.0000											
42	110	0.0955	6	1	1	2	1	0	0	0	0	N	N	Y	N	N	N	N	N	N	N	N	N	0.0000	0.0000	0.0000	0.0000	0.0000	0.0000	0.0000	0.0000	0.0000	0.0000	0.0000	0.0000	0.0000	0.0000	0.0000	0.0000	0.0000	0.0000	0.0000	0.0000	0.0011	4.0000	1.0134	0.0000	0.0000	0.0000	0.0000	0.0000	0.0000	0.0000	0.0000	0.0000	0.0000	0.0000	0.0000	0.0000	0.0000	0.0000	0.0000	0.0000	0.0000	0.0000	0.0002	0.0002	0.0000	0.0001	0.0001	0.0000	0.0001	0.0001	0.0000	0.0065	0.0023	0.0042	0.0000	0.0000	0.0000	0.0065	0.0023	0.0042	0.0000	0.0000	0.0000	0.0000	0.0000	0.0000	0.0000	0.0000	0.0000	0.0000	0.0000	0.0000	0.0000	0.0000	0.0000	0.0000	0.0000	0.0000											
42	112	0.6974	10	0	1	2	1	0	0	0	0	N	N	Y	N	N	N	N	N	N	N	N	N	0.0000	0.0000	0.0000	0.0000	0.0000	0.0000	0.0000	0.0000	0.0000	0.0000	0.0000	0.0000	0.0000	0.0000	0.0000	0.0000	0.0000	0.0000	0.0000	-0.0000	0.0011	0.0000	1.0134	0.0001	0.0000	0.0000	0.0000	0.0000	0.0000	0.0000	0.0000	0.0000	0.0000	0.0000	0.0000	0.0000	0.0000	0.0000	0.0000	0.0000	0.0000	0.0000	0.0000	0.0000	0.0000	0.0000	0.0000	0.0000	0.0000	0.0000	0.0000	0.0000	0.0000	0.0000	0.0000	0.0000	0.0000	0.0000	0.0000	0.0000	0.0000	0.0000	0.0000	0.0000	0.0000	0.0000	0.0000	0.0000	0.0000	0.0000	0.0000	0.0000	0.0000	0.0000	0.0000	0.0000	0.0000	0.0000											
42	113	0.6516	9	0	1	2	1	0	0	0	0	N	N	Y	N	N	N	N	N	N	N	N	N	167.4318	119.7507	202.9290	226.8349	0.6346	0.6986	0.0000	0.8397	0.9049	0.0000	0.0000	0.0000	0.0000	0.0038	0.0058	0.0000	0.0041	0.0040	0.0000	0.0000	0.0000	0.0000	0.0000	0.0000	-0.0001	-0.0000	0.0011	4.0004	1.0134	4.9999	0.0003	0.0003	0.0000	0.0003	0.0003	0.0000	0.0000	0.0000	0.0000	0.0000	0.0000	0.0000	0.0000	0.0000	0.0000	0.0000	0.0000	0.0000	0.0004	0.0004	0.0000	0.0003	0.0003	0.0000	0.0001	0.0001	0.0000	0.0148	0.0089	0.0059	0.0062	0.0056	0.0006	0.0086	0.0032	0.0054	939.0096	618.6235	0.0000	517.6350	507.3494	0.0000	0.0000	0.0000	0.0000	0.0007	0.0011	0.0000	0.0016	0.0018	0.0000	0.0000	0.0000	0.0000					
42	114	0.0628	5	0	2	1	1	0	0	0	0	N	Y	N	N	N	N	N	N	N	N	N	N	267.3900	inf	0.0000	inf	inf	1289.6323	inf	0.0000	0.8349	0.9256	0.0000	0.1158	0.1194	0.0000	1.2685	1.4733	0.0000	0.0031	0.0000	0.0010	0.0000	0.0000	0.0000	0.0010	0.0000	0.0011	0.0000	inf	-0.0001	0.0000	0.0011	4.3361	1.0134	4.6323	0.0003	0.0003	0.0000	0.0000	0.0000	0.0000	0.0003	0.0003	0.0000	0.0000	0.0000	0.0000	0.0000	0.0000	0.0000	0.0000	0.0000	0.0000	0.0003	0.0003	0.0000	0.0001	0.0001	0.0000	0.0002	0.0002	0.0000	0.0246	0.0099	0.0148	0.0026	0.0024	0.0001	0.0220	0.0074	0.0146	1336.1400	inf	0.0000	inf	inf	0.0000	1816.2646	inf	0.0000	0.0006	0.0000	0.0010	0.0000	0.0000	0.0000	0.0007	0.0000	0.0011	
42	116	0.6516	9	0	2	1	2	0	0	0	0	N	Y	N	Y	N	N	N	N	N	N	N	N	0.0000	0.0000	0.0000	0.0000	0.0000	0.0000	0.0000	0.0000	0.0000	0.0000	0.0000	0.0000	0.0000	0.0000	0.0000	0.0000	0.0000	0.0000	0.0000	0.0000	0.0011	5.0006	1.0134	2.0000	0.0000	0.0000	0.0000	0.0000	0.0000	0.0000	0.0000	0.0000	0.0000	0.0000	0.0000	0.0000	0.0000	0.0000	0.0000	0.0000	0.0000	0.0000	0.0005	0.0005	0.0000	0.0004	0.0004	0.0000	0.0001	0.0001	0.0000	0.0117	0.0070	0.0047	0.0049	0.0044	0.0004	0.0069	0.0026	0.0043	0.0000	0.0000	0.0000	0.0000	0.0000	0.0000	0.0000	0.0000	0.0000	0.0000	0.0000	0.0000	0.0000	0.0000	0.0000	0.0000	0.0000	0.0000											
42	117	0.0955	6	0	2	1	2	0	0	0	0	N	Y	N	Y	N	N	N	N	N	N	N	N	0.0000	0.0000	0.0000	0.0000	0.0000	0.0000	0.0000	0.0000	0.0000	0.0000	0.0000	0.0000	0.0000	0.0000	0.0000	0.0000	0.0000	0.0000	0.0000	0.0000	0.0011	0.0000	1.0134	1.0000	0.0000	0.0000	0.0000	0.0000	0.0000	0.0000	0.0000	0.0000	0.0000	0.0000	0.0000	0.0000	0.0000	0.0000	0.0000	0.0000	0.0000	0.0000	0.0000	0.0000	0.0000	0.0000	0.0000	0.0000	0.0000	0.0000	0.0000	0.0024	0.0008	0.0015	0.0000	0.0000	0.0000	0.0024	0.0008	0.0015	0.0000	0.0000	0.0000	0.0000	0.0000	0.0000	0.0000	0.0000	0.0000	0.0000	0.0000	0.0000	0.0000	0.0000	0.0000	0.0000	0.0000	0.0000											
42	118	0.6516	9	0	2	1	1	0	0	0	0	N	Y	N	N	N	N	N	N	N	N	N	N	inf	inf	inf	inf	inf	inf	0.6845	0.7584	0.0000	0.4525	0.4880	0.0000	1.1832	1.3926	0.0000	0.0000	0.0000	0.0000	0.0000	0.0000	0.0000	0.0000	0.0000	0.0000	0.0000	-0.0002	0.0000	0.0011	16.9994	1.0134	6.0000	0.0008	0.0008	0.0000	0.0004	0.0004	0.0000	0.0004	0.0004	0.0000	0.0000	0.0000	0.0000	0.0000	0.0000	0.0000	0.0000	0.0000	0.0000	0.0012	0.0011	0.0001	0.0008	0.0008	0.0001	0.0004	0.0003	0.0001	0.0331	0.0201	0.0130	0.0142	0.0129	0.0013	0.0189	0.0072	0.0117	inf	inf	0.0000	inf	inf	0.0000	inf	inf	0.0000	0.0000	0.0000	0.0000	0.0000	0.0000	0.0000	0.0000	0.0000	0.0000				
42	119	0.0955	6	0	2	1	1	0	0	0	0	N	Y	N	N	N	N	N	N	N	N	N	N	0.0000	0.0000	0.0000	0.0000	0.0000	0.0000	0.0000	0.0000	0.0000	0.0000	0.0000	0.0000	0.0000	0.0203	0.1674	0.0000	2.6492	2.6546	0.0000	0.0000	0.0000	0.0000	0.0000	0.0000	-0.0000	0.0011	5.0000	1.0134	6.0000	0.0000	0.0000	0.0000	0.0000	0.0000	0.0000	0.0000	0.0000	0.0000	0.0000	0.0000	0.0000	0.0000	0.0000	0.0000	0.0000	0.0000	0.0000	0.0003	0.0003	0.0000	0.0001	0.0001	0.0000	0.0002	0.0001	0.0000	0.0158	0.0056	0.0102	0.0001	0.0001	0.0000	0.0157	0.0056	0.0102	0.0000	0.0000	0.0000	0.0000	0.0000	0.0000	0.0000	0.0000	0.0000	0.0019	0.0053	0.0000	0.3921	0.3921	0.0000	0.0000	0.0000	0.0000						
42	120	0.1235	7	0	2	1	1	0	0	0	0	N	Y	N	N	N	N	N	N	N	N	N	N	0.0033	0.0006	0.0000	0.0011	0.0014	0.0000	0.0000	0.0001	0.0001	0.0000	0.0002	0.0002	0.0000	0.0000	0.0000	0.0000	0.0280	0.1577	0.0000	0.1899	0.1512	0.0000	0.0000	0.0000	0.0000	0.0000	0.0003	-0.0000	-0.0000	0.0011	0.9998	1.0134	0.9486	0.0000	0.0000	0.0000	0.0000	0.0000	0.0000	0.0000	0.0000	0.0000	0.0000	0.0000	0.0000	0.0000	0.0000	0.0000	0.0000	0.0000	0.0000	0.0001	0.0001	0.0000	0.0000	0.0000	0.0000	0.0000	0.0000	0.0000	0.0041	0.0017	0.0023	0.0007	0.0007	0.0000	0.0034	0.0011	0.0023	0.0406	0.0188	0.0000	0.0154	0.0154	0.0000	0.0000	0.0000	0.0000	0.0022	0.0053	0.0000	0.0133	0.0136	0.0000	0.0000	0.0000	0.0000		
42	121	0.0955	6	0	2	1	1	0	0	0	0	N	Y	N	N	N	N	N	N	N	N	N	N	0.0778	0.0344	0.0000	0.0000	inf	inf	0.0000	0.0000	0.0000	0.0000	0.0000	0.0000	0.0000	0.0000	0.0000	0.0002	0.0006	0.0000	0.2246	0.2049	0.0000	0.0000	0.0000	0.0000	0.0000	0.0000	-0.0000	-0.0000	0.0011	3.0005	1.0134	1.1085	0.0000	0.0000	0.0000	0.0000	0.0000	0.0000	0.0000	0.0000	0.0000	0.0000	0.0000	0.0000	0.0000	0.0000	0.0000	0.0000	0.0000	0.0000	0.0003	0.0003	0.0000	0.0001	0.0001	0.0000	0.0002	0.0002	0.0000	0.0116	0.0041	0.0075	0.0001	0.0001	0.0000	0.0115	0.0041	0.0075	0.2442	0.0943	0.0000	0.0000	0.0000	0.0000	inf	inf	0.0000	0.0001	0.0002	0.0000	0.0152	0.0152	0.0000	0.0000	0.0000	0.0000			
42	122	0.6929	10	0	2	1	1	0	0	0	0	N	Y	N	N	N	N	N	N	N	N	N	N	0.0000	0.0000	0.0000	0.0000	0.0000	0.0000	0.0000	0.0000	0.0000	0.0000	0.0000	0.0000	0.0000	0.0000	0.0000	0.0000	0.0000	0.0000	0.0000	0.0000	0.0011	2.0001	1.0134	3.0000	0.0000	0.0000	0.0000	0.0000	0.0000	0.0000	0.0000	0.0000	0.0000	0.0000	0.0000	0.0000	0.0000	0.0000	0.0000	0.0000	0.0000	0.0000	0.0002	0.0001	0.0000	0.0001	0.0001	0.0000	0.0001	0.0000	0.0000	0.0081	0.0052	0.0029	0.0040	0.0037	0.0003	0.0041	0.0015	0.0026	0.0000	0.0000	0.0000	0.0000	0.0000	0.0000	0.0000	0.0000	0.0000	0.0000	0.0000	0.0000	0.0000	0.0000	0.0000	0.0000	0.0000	0.0000											
42	123	0.6516	9	0	1	1	1	0	0	0	0	N	N	N	N	N	N	N	N	N	N	N	N	inf	inf	inf	inf	0.4059	0.4478	0.0000	0.5514	0.5946	0.0000	0.0000	0.0000	0.0000	0.0000	0.0000	0.0000	0.0000	0.0000	0.0000	0.0000	0.0000	0.0000	0.0000	-0.0001	-0.0000	0.0011	6.9986	1.0134	2.0000	0.0003	0.0003	0.0000	0.0003	0.0003	0.0000	0.0000	0.0000	0.0000	0.0000	0.0000	0.0000	0.0000	0.0000	0.0000	0.0000	0.0000	0.0000	0.0007	0.0006	0.0001	0.0005	0.0005	0.0000	0.0002	0.0001	0.0000	0.0148	0.0089	0.0059	0.0062	0.0056	0.0006	0.0086	0.0032	0.0054	inf	inf	0.0000	inf	inf	0.0000	0.0000	0.0000	0.0000	0.0000	0.0000	0.0000	0.0000	0.0000	0.0000	0.0000	0.0000	0.0000						
42	124	0.1290	7	0	2	1	1	0	0	0	0	N	Y	N	N	N	N	N	N	N	N	N	N	1.6493	inf	0.0000	inf	inf	0.0000	0.0000	0.0001	0.0001	0.0000	0.0003	0.0003	0.0000	0.0000	0.0000	0.0000	0.0001	0.0000	0.0000	0.0000	0.0000	0.0000	0.0000	0.0000	0.0000	0.0000	inf	-0.0000	0.0000	0.0011	3.9006	1.0134	3.1543	0.0000	0.0000	0.0000	0.0000	0.0000	0.0000	0.0000	0.0000	0.0000	0.0000	0.0000	0.0000	0.0000	0.0000	0.0000	0.0000	0.0000	0.0000	0.0004	0.0004	0.0000	0.0002	0.0002	0.0000	0.0002	0.0002	0.0000	0.0151	0.0048	0.0103	0.0005	0.0004	0.0001	0.0146	0.0044	0.0103	36.8791	inf	0.0000	inf	inf	0.0000	0.0000	0.0000	0.0000	0.0000	0.0000	0.0000	0.0000	0.0000	0.0000	0.0000	0.0000	0.0000		
42	125	0.0955	6	0	2	1	1	0	0	0	0	N	Y	N	N	N	N	N	N	N	N	N	N	2.8047	1.2409	0.0050	0.0062	inf	inf	0.0003	0.0003	0.0000	0.0000	0.0000	0.0000	0.0005	0.0005	0.0000	0.0001	0.0002	0.0000	0.0052	0.0043	0.0000	0.0000	0.0000	0.0000	0.0000	0.0000	-0.0000	-0.0000	0.0011	1.6924	1.0134	1.9110	0.0000	0.0000	0.0000	0.0000	0.0000	0.0000	0.0000	0.0000	0.0000	0.0000	0.0000	0.0000	0.0000	0.0000	0.0000	0.0000	0.0000	0.0000	0.0002	0.0002	0.0000	0.0001	0.0001	0.0000	0.0001	0.0001	0.0000	0.0103	0.0037	0.0066	0.0000	0.0000	0.0000	0.0103	0.0036	0.0066	30.8344	11.8935	0.0000	0.0132	0.0135	0.0000	inf	inf	0.0000	0.0000	0.0000	0.0000	0.0020	0.0020	0.0000	0.0000	0.0000	0.0000			
42	126	0.6516	9	0	2	1	1	0	0	0	0	N	Y	N	N	N	N	N	N	N	N	N	N	0.0000	0.0000	0.0000	0.0000	0.0000	0.0000	0.0000	0.0000	0.0000	0.0000	0.0000	0.0000	0.0000	0.0000	0.0001	0.0000	0.0001	0.0001	0.0000	0.0000	0.0000	0.0000	0.0000	0.0000	-0.0000	0.0011	0.9996	1.0134	8.0005	0.0000	0.0000	0.0000	0.0000	0.0000	0.0000	0.0000	0.0000	0.0000	0.0000	0.0000	0.0000	0.0000	0.0000	0.0000	0.0000	0.0000	0.0000	0.0001	0.0001	0.0000	0.0001	0.0001	0.0000	0.0000	0.0000	0.0000	0.0148	0.0089	0.0059	0.0062	0.0056	0.0006	0.0086	0.0032	0.0054	0.0000	0.0000	0.0000	0.0000	0.0000	0.0000	0.0000	0.0000	0.0000	0.0000	0.0000	0.0000	0.0000	0.0000	0.0000	0.0000	0.0000	0.0000						
42	127	0.5570	9	0	1	1	1	0	0	0	0	N	N	N	N	N	N	N	N	N	N	N	N	794.5575	12971.6023	0.0000	36.0035	231.1944	0.0000	4553.0264	inf	0.0000	0.7384	0.8181	0.0000	0.0141	0.0152	0.0000	2.9965	3.5670	0.0000	0.0009	0.0001	0.0008	0.0004	0.0001	0.0005	0.0007	0.0000	0.0008	0.0000	2397.9737	-0.0001	0.0000	0.0011	3.6536	1.0134	12.3970	0.0003	0.0003	0.0000	0.0000	0.0000	0.0000	0.0003	0.0003	0.0000	0.0000	0.0000	0.0000	0.0000	0.0000	0.0000	0.0000	0.0000	0.0000	0.0004	0.0004	0.0000	0.0003	0.0003	0.0000	0.0001	0.0001	0.0000	0.0273	0.0156	0.0117	0.0120	0.0108	0.0012	0.0153	0.0049	0.0104	2211.6614	3361970.5952	0.0000	291.2894	43144.9880	0.0000	5370.9400	inf	0.0000	0.0003	0.0000	0.0008	0.0000	0.0000	0.0005	0.0006	0.0000	0.0008
42	128	0.3458	7	0	1	1	1	0	0	0	0	N	N	N	N	N	N	N	N	N	N	N	N	16.2091	78.1310	0.0000	45.0323	101.5219	0.0000	53.6283	inf	0.0000	0.1706	0.1896	0.0000	0.1805	0.1970	0.0000	0.1437	0.1680	0.0000	0.0105	0.0024	0.0021	0.0040	0.0019	0.0089	0.0027	0.0000	0.0017	0.0000	2.3424	-0.0000	0.0000	0.0011	5.3495	1.0134	12.4099	0.0001	0.0001	0.0000	0.0001	0.0001	0.0000	0.0000	0.0000	0.0000	0.0001	0.0000	0.0000	0.0000	0.0000	0.0000	0.0000	0.0000	0.0000	0.0008	0.0007	0.0001	0.0005	0.0005	0.0000	0.0002	0.0002	0.0000	0.0517	0.0299	0.0218	0.0217	0.0192	0.0024	0.0301	0.0107	0.0194	131.8753	283.2151	0.0000	116.7782	189.3096	0.0000	129.2821	inf	0.0000	0.0013	0.0007	0.0021	0.0015	0.0010	0.0055	0.0011	0.0000	0.0017
42	129	0.7631	15	0	2	1	2	0	0	0	0	N	Y	N	Y	N	N	N	N	N	N	N	N	0.0000	0.0000	0.0000	0.0000	0.0000	0.0000	0.0000	0.0000	0.0000	0.0000	0.0000	0.0000	0.0000	0.0000	0.0000	0.0000	0.0000	0.0000	0.0000	0.0000	0.0011	0.0000	1.0134	0.0000	0.0000	0.0000	0.0000	0.0000	0.0000	0.0000	0.0000	0.0000	0.0000	0.0000	0.0000	0.0000	0.0000	0.0000	0.0000	0.0000	0.0000	0.0000	0.0000	0.0000	0.0000	0.0000	0.0000	0.0000	0.0000	0.0000	0.0000	0.0000	0.0000	0.0000	0.0000	0.0000	0.0000	0.0000	0.0000	0.0000	0.0000	0.0000	0.0000	0.0000	0.0000	0.0000	0.0000	0.0000	0.0000	0.0000	0.0000	0.0000	0.0000	0.0000	0.0000	0.0000	0.0000	0.0000											
42	130	0.7468	14	0	2	1	2	0	0	0	0	N	Y	N	Y	N	N	N	N	N	N	N	N	0.0000	0.0000	0.0000	0.0000	0.0000	0.0000	0.0000	0.0000	0.0000	0.0000	0.0000	0.0000	0.0000	0.0000	0.0000	0.0000	0.0000	0.0000	0.0000	0.0000	0.0011	0.0000	1.0134	3.0001	0.0000	0.0000	0.0000	0.0000	0.0000	0.0000	0.0000	0.0000	0.0000	0.0000	0.0000	0.0000	0.0000	0.0000	0.0000	0.0000	0.0000	0.0000	0.0000	0.0000	0.0000	0.0000	0.0000	0.0000	0.0000	0.0000	0.0000	0.0045	0.0029	0.0016	0.0022	0.0020	0.0002	0.0023	0.0009	0.0014	0.0000	0.0000	0.0000	0.0000	0.0000	0.0000	0.0000	0.0000	0.0000	0.0000	0.0000	0.0000	0.0000	0.0000	0.0000	0.0000	0.0000	0.0000											
42	131	0.7371	13	0	2	1	1	0	0	0	0	N	Y	N	N	N	N	N	N	N	N	N	N	0.0000	0.0000	0.0000	0.0000	0.0000	0.0000	0.0000	0.0000	0.0000	0.0000	0.0000	0.0000	0.0000	0.0000	0.0000	0.0000	0.0000	0.0000	0.0000	0.0000	0.0011	0.0000	1.0134	0.0000	0.0000	0.0000	0.0000	0.0000	0.0000	0.0000	0.0000	0.0000	0.0000	0.0000	0.0000	0.0000	0.0000	0.0000	0.0000	0.0000	0.0000	0.0000	0.0000	0.0000	0.0000	0.0000	0.0000	0.0000	0.0000	0.0000	0.0000	0.0000	0.0000	0.0000	0.0000	0.0000	0.0000	0.0000	0.0000	0.0000	0.0000	0.0000	0.0000	0.0000	0.0000	0.0000	0.0000	0.0000	0.0000	0.0000	0.0000	0.0000	0.0000	0.0000	0.0000	0.0000	0.0000	0.0000											
42	132	0.7468	14	0	1	2	2	0	0	0	0	N	N	Y	Y	N	N	N	N	N	N	N	N	0.0000	0.0000	0.0000	0.0000	0.0000	0.0000	0.0000	0.0000	0.0000	0.0000	0.0000	0.0000	0.0000	0.0000	0.0000	0.0000	0.0000	0.0000	0.0000	0.0000	0.0011	0.0000	1.0134	1.9999	0.0000	0.0000	0.0000	0.0000	0.0000	0.0000	0.0000	0.0000	0.0000	0.0000	0.0000	0.0000	0.0000	0.0000	0.0000	0.0000	0.0000	0.0000	0.0000	0.0000	0.0000	0.0000	0.0000	0.0000	0.0000	0.0000	0.0000	0.0030	0.0019	0.0011	0.0015	0.0014	0.0001	0.0016	0.0006	0.0010	0.0000	0.0000	0.0000	0.0000	0.0000	0.0000	0.0000	0.0000	0.0000	0.0000	0.0000	0.0000	0.0000	0.0000	0.0000	0.0000	0.0000	0.0000											
42	133	0.7578	15	0	1	2	2	0	0	0	0	N	N	Y	Y	N	N	N	N	N	N	N	N	0.0000	0.0000	0.0000	0.0000	0.0000	0.0000	0.0000	0.0000	0.0000	0.0000	0.0000	0.0000	0.0000	0.0000	0.0000	0.0000	0.0000	0.0000	0.0000	0.0000	0.0011	1.0000	1.0134	0.0000	0.0000	0.0000	0.0000	0.0000	0.0000	0.0000	0.0000	0.0000	0.0000	0.0000	0.0000	0.0000	0.0000	0.0000	0.0000	0.0000	0.0000	0.0000	0.0001	0.0001	0.0000	0.0000	0.0000	0.0000	0.0000	0.0000	0.0000	0.0015	0.0010	0.0006	0.0008	0.0007	0.0001	0.0008	0.0003	0.0005	0.0000	0.0000	0.0000	0.0000	0.0000	0.0000	0.0000	0.0000	0.0000	0.0000	0.0000	0.0000	0.0000	0.0000	0.0000	0.0000	0.0000	0.0000											
42	134	0.7578	15	0	1	2	2	0	0	0	0	N	N	Y	Y	N	N	N	N	N	N	N	N	0.0000	0.0000	0.0000	0.0000	0.0000	0.0000	0.0000	0.0000	0.0000	0.0000	0.0000	0.0000	0.0000	0.0000	0.0000	0.0000	0.0000	0.0000	0.0000	0.0000	0.0011	0.0000	1.0134	0.0000	0.0000	0.0000	0.0000	0.0000	0.0000	0.0000	0.0000	0.0000	0.0000	0.0000	0.0000	0.0000	0.0000	0.0000	0.0000	0.0000	0.0000	0.0000	0.0000	0.0000	0.0000	0.0000	0.0000	0.0000	0.0000	0.0000	0.0000	0.0000	0.0000	0.0000	0.0000	0.0000	0.0000	0.0000	0.0000	0.0000	0.0000	0.0000	0.0000	0.0000	0.0000	0.0000	0.0000	0.0000	0.0000	0.0000	0.0000	0.0000	0.0000	0.0000	0.0000	0.0000	0.0000	0.0000											
42	135	0.7468	14	0	1	2	2	0	0	0	0	N	N	Y	Y	N	N	N	N	N	N	N	N	inf	inf	inf	inf	2.2007	2.4298	0.0000	0.0000	0.0000	0.0000	6.3665	7.4798	0.0000	0.0000	0.0000	0.0000	0.0000	0.0000	0.0000	0.0000	0.0000	0.0000	0.0000	-0.0001	0.0000	0.0011	2.0025	1.0134	0.9943	0.0003	0.0003	0.0000	0.0000	0.0000	0.0000	0.0003	0.0003	0.0000	0.0000	0.0000	0.0000	0.0000	0.0000	0.0000	0.0000	0.0000	0.0000	0.0001	0.0001	0.0000	0.0001	0.0001	0.0000	0.0001	0.0000	0.0000	0.0045	0.0029	0.0016	0.0022	0.0020	0.0002	0.0023	0.0009	0.0014	inf	inf	0.0000	0.0000	0.0000	0.0000	inf	inf	0.0000	0.0000	0.0000	0.0000	0.0000	0.0000	0.0000	0.0000	0.0000	0.0000						
42	136	0.7468	13	0	1	1	2	0	0	0	0	N	N	N	Y	N	N	N	N	N	N	N	N	0.0000	0.0000	0.0000	0.0000	0.0000	0.0000	0.0000	0.0000	0.0000	0.0000	0.0000	0.0000	0.0000	0.0000	0.0000	0.0000	0.0000	0.0000	0.0000	-0.0000	0.0011	0.0050	1.0134	0.0173	0.0000	0.0000	0.0000	0.0000	0.0000	0.0000	0.0000	0.0000	0.0000	0.0000	0.0000	0.0000	0.0000	0.0000	0.0000	0.0000	0.0000	0.0000	0.0000	0.0000	0.0000	0.0000	0.0000	0.0000	0.0000	0.0000	0.0000	0.0000	0.0000	0.0000	0.0000	0.0000	0.0000	0.0000	0.0000	0.0000	0.0000	0.0000	0.0000	0.0000	0.0000	0.0000	0.0000	0.0000	0.0000	0.0000	0.0000	0.0000	0.0000	0.0000	0.0000	0.0000	0.0000	0.0000											
42	137	0.7371	12	0	1	1	2	0	0	0	0	N	N	N	Y	N	N	N	N	N	N	N	N	0.0000	0.0000	0.0000	0.0000	0.0000	0.0000	0.0000	0.0000	0.0000	0.0000	0.0000	0.0000	0.0000	0.0000	0.0000	0.0000	0.0000	0.0000	0.0000	-0.0000	0.0011	1.9972	1.0134	1.0076	0.0000	0.0000	0.0000	0.0000	0.0000	0.0000	0.0000	0.0000	0.0000	0.0000	0.0000	0.0000	0.0000	0.0000	0.0000	0.0000	0.0000	0.0000	0.0001	0.0001	0.0000	0.0001	0.0001	0.0000	0.0000	0.0000	0.0000	0.0043	0.0028	0.0015	0.0022	0.0020	0.0002	0.0021	0.0008	0.0013	0.0000	0.0000	0.0000	0.0000	0.0000	0.0000	0.0000	0.0000	0.0000	0.0000	0.0000	0.0000	0.0000	0.0000	0.0000	0.0000	0.0000	0.0000											
42	138	0.7198	11	1	2	1	1	0	0	0	0	N	Y	N	N	N	N	N	N	N	N	N	N	0.0000	0.0000	0.0000	0.0000	0.0000	0.0000	0.0000	0.0000	0.0000	0.0000	0.0000	0.0000	0.0000	0.0000	0.0000	0.0000	0.0000	0.0014	0.0021	0.0000	0.0020	0.0017	0.0000	0.0000	0.0000	0.0000	0.0098	0.0000	-0.0000	0.0011	0.0002	1.0134	2.3255	0.0000	0.0000	0.0000	0.0000	0.0000	0.0000	0.0000	0.0000	0.0000	0.0000	0.0000	0.0000	0.0000	0.0000	0.0000	0.0000	0.0000	0.0000	0.0000	0.0000	0.0000	0.0000	0.0000	0.0000	0.0000	0.0000	0.0000	0.0049	0.0032	0.0016	0.0023	0.0021	0.0002	0.0026	0.0011	0.0015	0.0000	0.0000	0.0000	0.0000	0.0000	0.0000	0.0000	0.0000	0.0000	0.0004	0.0006	0.0000	0.0009	0.0009	0.0000	0.0000	0.0000	0.0000		
42	139	0.7020	10	1	2	1	1	0	0	0	0	N	Y	N	N	N	N	N	N	N	N	N	N	0.0000	0.0000	0.0000	0.0000	0.0000	0.0000	0.0000	0.0000	0.0000	0.0000	0.0000	0.0000	0.0000	0.0000	0.0000	0.0000	0.0000	0.0000	0.0087	0.0104	0.0003	0.0056	0.0049	0.0000	0.0004	0.0081	0.0003	0.1119	-0.0000	-0.0000	0.0011	2.0138	1.0134	2.7349	0.0000	0.0000	0.0000	0.0000	0.0000	0.0000	0.0000	0.0000	0.0000	0.0000	0.0000	0.0000	0.0000	0.0000	0.0000	0.0000	0.0000	0.0000	0.0003	0.0003	0.0000	0.0003	0.0003	0.0000	0.0001	0.0000	0.0000	0.0098	0.0060	0.0038	0.0045	0.0042	0.0003	0.0053	0.0018	0.0035	0.0000	0.0000	0.0000	0.0000	0.0000	0.0000	0.0000	0.0000	0.0000	0.0011	0.0017	0.0003	0.0021	0.0022	0.0000	0.0004	0.0005	0.0003	
42	140	0.7185	11	0	2	1	1	0	0	0	0	N	Y	N	N	N	N	N	N	N	N	N	N	23312.8789	inf	0.0000	inf	inf	254562.4202	inf	0.0000	2.1176	2.3363	0.0000	0.0007	0.0008	0.0000	5.6126	6.5544	0.0000	0.0001	0.0000	0.0000	0.0000	0.0000	0.0000	0.0000	0.0000	0.0000	0.0000	inf	-0.0001	0.0000	0.0011	1.9232	1.0134	1.1116	0.0003	0.0003	0.0000	0.0000	0.0000	0.0000	0.0003	0.0003	0.0000	0.0000	0.0000	0.0000	0.0000	0.0000	0.0000	0.0000	0.0000	0.0000	0.0002	0.0001	0.0000	0.0001	0.0001	0.0000	0.0001	0.0000	0.0000	0.0045	0.0029	0.0016	0.0023	0.0021	0.0002	0.0022	0.0008	0.0014	326039.6912	inf	0.0000	inf	inf	0.0000	420610.6691	inf	0.0000	0.0000	0.0000	0.0000	0.0000	0.0000	0.0000	0.0000	0.0000	0.0000	
42	141	0.1147	7	0	2	1	1	0	0	0	0	N	Y	N	N	N	N	N	N	N	N	N	N	inf	inf	inf	inf	0.5587	0.6674	0.0000	0.7885	0.9540	0.0000	0.0000	0.0000	0.0000	0.0000	0.0000	0.0000	0.0000	0.0000	0.0000	0.0000	0.0000	0.0000	0.0000	-0.0001	0.0000	0.0011	3.0000	1.0134	1.0000	0.0003	0.0003	0.0000	0.0003	0.0003	0.0000	0.0000	0.0000	0.0000	0.0000	0.0000	0.0000	0.0000	0.0000	0.0000	0.0000	0.0000	0.0000	0.0005	0.0004	0.0001	0.0003	0.0003	0.0001	0.0001	0.0001	0.0000	0.0113	0.0040	0.0073	0.0001	0.0001	0.0000	0.0112	0.0040	0.0073	inf	inf	0.0000	inf	inf	0.0000	0.0000	0.0000	0.0000	0.0000	0.0000	0.0000	0.0000	0.0000	0.0000	0.0000	0.0000	0.0000						
42	142	0.0955	6	0	1	1	1	0	0	0	0	N	N	N	N	N	N	N	N	N	N	N	N	inf	inf	inf	inf	inf	inf	2.4643	2.6764	0.0000	0.2265	0.2328	0.0000	3.9746	4.4881	0.0000	0.0000	0.0000	0.0000	0.0000	0.0000	0.0000	0.0000	0.0000	0.0000	0.0000	-0.0001	0.0000	0.0011	1.0000	1.0134	1.0000	0.0003	0.0003	0.0000	0.0000	0.0000	0.0000	0.0003	0.0003	0.0000	0.0000	0.0000	0.0000	0.0000	0.0000	0.0000	0.0000	0.0000	0.0000	0.0001	0.0001	0.0000	0.0000	0.0000	0.0000	0.0001	0.0001	0.0000	0.0060	0.0021	0.0039	0.0000	0.0000	0.0000	0.0060	0.0021	0.0039	inf	inf	0.0000	inf	inf	0.0000	inf	inf	0.0000	0.0000	0.0000	0.0000	0.0000	0.0000	0.0000	0.0000	0.0000	0.0000				
42	145	0.7371	13	1	2	1	1	0	0	0	0	N	Y	N	N	N	N	N	N	N	N	N	N	0.0000	0.0000	0.0000	0.0000	0.0000	0.0000	0.0000	0.0000	0.0000	0.0000	0.0000	0.0000	0.0000	0.0000	0.0000	0.0000	0.0000	0.0000	0.0000	0.0000	0.0011	1.0000	1.0134	1.0000	0.0000	0.0000	0.0000	0.0000	0.0000	0.0000	0.0000	0.0000	0.0000	0.0000	0.0000	0.0000	0.0000	0.0000	0.0000	0.0000	0.0000	0.0000	0.0001	0.0001	0.0000	0.0000	0.0000	0.0000	0.0000	0.0000	0.0000	0.0029	0.0019	0.0010	0.0015	0.0014	0.0001	0.0014	0.0005	0.0009	0.0000	0.0000	0.0000	0.0000	0.0000	0.0000	0.0000	0.0000	0.0000	0.0000	0.0000	0.0000	0.0000	0.0000	0.0000	0.0000	0.0000	0.0000											
42	146	0.7371	12	0	2	1	1	0	0	0	0	N	Y	N	N	N	N	N	N	N	N	N	N	0.0000	0.0000	0.0000	0.0000	0.0000	0.0000	0.0000	0.0000	0.0000	0.0000	0.0000	0.0000	0.0000	0.0000	0.0000	0.0000	0.0000	0.0000	0.0000	0.0000	0.0011	0.0003	1.0134	0.0000	0.0000	0.0000	0.0000	0.0000	0.0000	0.0000	0.0000	0.0000	0.0000	0.0000	0.0000	0.0000	0.0000	0.0000	0.0000	0.0000	0.0000	0.0000	0.0000	0.0000	0.0000	0.0000	0.0000	0.0000	0.0000	0.0000	0.0000	0.0000	0.0000	0.0000	0.0000	0.0000	0.0000	0.0000	0.0000	0.0000	0.0000	0.0000	0.0000	0.0000	0.0000	0.0000	0.0000	0.0000	0.0000	0.0000	0.0000	0.0000	0.0000	0.0000	0.0000	0.0000	0.0000	0.0000											
42	147	0.7185	11	0	1	1	1	0	0	0	0	N	N	N	N	N	N	N	N	N	N	N	N	13.7158	inf	0.0000	inf	inf	0.0000	0.0000	0.0010	0.0012	0.0000	0.0017	0.0018	0.0000	0.0000	0.0000	0.0000	0.0001	0.0000	0.0000	0.0000	0.0000	0.0000	0.0000	0.0000	0.0000	0.0000	inf	-0.0000	0.0000	0.0011	4.9449	1.0134	1.0063	0.0000	0.0000	0.0000	0.0000	0.0000	0.0000	0.0000	0.0000	0.0000	0.0000	0.0000	0.0000	0.0000	0.0000	0.0000	0.0000	0.0000	0.0000	0.0003	0.0003	0.0000	0.0002	0.0002	0.0000	0.0001	0.0001	0.0000	0.0085	0.0055	0.0029	0.0044	0.0040	0.0004	0.0041	0.0015	0.0026	304.3669	inf	0.0000	inf	inf	0.0000	0.0000	0.0000	0.0000	0.0000	0.0000	0.0000	0.0000	0.0000	0.0000	0.0000	0.0000	0.0000		
42	148	0.7020	10	0	1	1	1	0	0	0	0	N	N	N	N	N	N	N	N	N	N	N	N	515.5045	597.8572	0.0000	518.8163	584.9849	0.0000	34.4347	inf	0.0000	0.1461	0.1563	0.0000	0.1846	0.1925	0.0000	0.0074	0.0087	0.0000	0.0003	0.0003	0.0002	0.0004	0.0003	0.0000	0.0002	0.0000	0.0003	0.0000	5.6308	-0.0000	0.0000	0.0011	3.4778	1.0134	1.2917	0.0001	0.0001	0.0000	0.0001	0.0001	0.0000	0.0000	0.0000	0.0000	0.0000	0.0000	0.0000	0.0000	0.0000	0.0000	0.0000	0.0000	0.0000	0.0004	0.0004	0.0000	0.0003	0.0003	0.0000	0.0001	0.0001	0.0000	0.0098	0.0060	0.0038	0.0045	0.0042	0.0003	0.0054	0.0018	0.0035	1304.5663	5666.4448	0.0000	4912.0652	4839.7255	0.0000	42.4962	inf	0.0000	0.0001	0.0000	0.0002	0.0000	0.0000	0.0000	0.0002	0.0000	0.0003
42	149	0.6516	9	0	1	1	1	0	0	0	0	N	N	N	N	N	N	N	N	N	N	N	N	1517.6953	902.0605	326.0564	743.9239	805.1234	inf	0.0000	0.0000	0.2957	0.3257	0.0060	0.4044	0.4352	0.0107	0.0000	0.0000	0.0000	0.0002	0.0004	0.0000	0.0005	0.0005	0.0000	0.0000	0.0000	0.0000	0.0019	0.1493	-0.0001	-0.0000	0.0011	7.8050	1.0134	4.0035	0.0002	0.0002	0.0000	0.0002	0.0002	0.0000	0.0000	0.0000	0.0000	0.0000	0.0000	0.0000	0.0000	0.0000	0.0000	0.0000	0.0000	0.0000	0.0007	0.0007	0.0001	0.0005	0.0005	0.0000	0.0002	0.0002	0.0000	0.0189	0.0113	0.0076	0.0079	0.0072	0.0007	0.0110	0.0041	0.0068	5196.6870	3948.3682	326.0564	3423.9528	3350.2998	inf	0.0000	0.0000	0.0000	0.0001	0.0001	0.0000	0.0001	0.0001	0.0000	0.0000	0.0000	0.0000	
42	150	0.5570	9	0	1	1	1	0	0	0	0	N	N	N	N	N	N	N	N	N	N	N	N	16.4763	35.8942	170.9348	48.4259	43.9493	469.3425	0.0905	0.3503	0.0140	0.0022	0.1238	0.0185	0.0028	0.2059	0.0001	0.0000	0.0003	0.0009	0.0001	0.0007	0.0004	0.0001	0.0004	0.0006	0.0000	0.0008	6.0653	2409.6053	0.0000	0.0000	0.0011	3.7255	1.0134	14.1767	0.0000	0.0000	0.0000	0.0000	0.0000	0.0000	0.0000	0.0000	0.0000	0.0000	0.0000	0.0000	0.0000	0.0000	0.0000	0.0000	0.0000	0.0000	0.0004	0.0004	0.0000	0.0003	0.0003	0.0000	0.0001	0.0001	0.0000	0.0296	0.0169	0.0126	0.0130	0.0116	0.0014	0.0166	0.0053	0.0113	45.3218	9807.9727	170.9348	404.8935	8696.8625	475.9762	0.1003	0.0000	0.3503	0.0003	0.0000	0.0007	0.0000	0.0000	0.0004	0.0005	0.0000	0.0008	
42	151	0.5406	8	0	1	1	1	0	0	0	0	N	N	N	N	N	N	N	N	N	N	N	N	1.0240	2.9292	32.5609	8.1735	5.3434	132.1487	0.8887	60.3576	0.3011	0.0278	0.0178	0.1168	0.0318	0.0174	0.2063	0.0163	0.0194	0.0011	0.0272	0.0061	0.0036	0.0039	0.0032	0.0016	0.0183	0.0003	0.0038	0.7337	2.4500	0.0000	0.0000	0.0011	1.4205	1.0134	4.0377	0.0000	0.0000	0.0000	0.0000	0.0000	0.0000	0.0000	0.0000	0.0000	0.0000	0.0000	0.0000	0.0000	0.0000	0.0000	0.0000	0.0000	0.0000	0.0002	0.0002	0.0000	0.0002	0.0001	0.0000	0.0001	0.0000	0.0000	0.0141	0.0079	0.0062	0.0064	0.0059	0.0005	0.0077	0.0020	0.0057	12.4704	15.4143	32.5609	21.0027	11.2871	166.8966	5.7625	13531.3337	0.3011	0.0022	0.0012	0.0036	0.0015	0.0015	0.0012	0.0028	0.0000	0.0038
43	45	0.6978	11	0	1	1	2	0	0	0	0	N	N	N	Y	N	N	N	N	N	N	N	N	0.0000	0.0000	0.0000	0.0000	0.0000	0.0000	0.0000	0.0000	0.0000	0.0000	0.0000	0.0000	0.0000	0.0255	0.0000	0.0063	0.0000	0.0000	0.0000	0.0268	0.0000	0.0059	inf	0.0000	0.0000	2.8187	1.0000	0.0347	1.0000	0.0000	0.0000	0.0000	0.0000	0.0000	0.0000	0.0000	0.0000	0.0000	0.0000	0.0000	0.0000	0.0000	0.0000	0.0000	0.0000	0.0000	0.0000	0.0925	0.0826	0.0100	0.0505	0.0470	0.0035	0.0420	0.0356	0.0064	0.0093	0.0054	0.0039	0.0040	0.0035	0.0005	0.0053	0.0019	0.0034	0.0000	0.0000	0.0000	0.0000	0.0000	0.0000	0.0000	0.0000	0.0000	0.0022	0.0000	0.0052	0.0000	0.0000	0.0000	0.0037	0.0000	0.0059						
43	46	0.0885	5	0	1	0	1	0	0	0	0	N	N	N	N	N	N	N	N	N	N	N	N	0.0000	0.0000	0.0000	0.0000	0.0000	0.0000	0.0000	0.0000	0.0000	0.0000	0.0000	0.0000	0.0000	0.0000	0.0000	0.0000	0.0000	0.0000	0.0000	0.0000	2.8187	0.0000	0.0347	0.0000	0.0000	0.0000	0.0000	0.0000	0.0000	0.0000	0.0000	0.0000	0.0000	0.0000	0.0000	0.0000	0.0000	0.0000	0.0000	0.0000	0.0000	0.0000	0.0000	0.0000	0.0000	0.0000	0.0000	0.0000	0.0000	0.0000	0.0000	0.0000	0.0000	0.0000	0.0000	0.0000	0.0000	0.0000	0.0000	0.0000	0.0000	0.0000	0.0000	0.0000	0.0000	0.0000	0.0000	0.0000	0.0000	0.0000	0.0000	0.0000	0.0000	0.0000	0.0000	0.0000	0.0000	0.0000											
43	47	0.0345	2	0	1	0	2	0	0	0	0	N	N	N	Y	N	N	N	N	N	N	N	N	0.0000	0.0000	0.0000	0.0000	0.0000	0.0000	0.0000	0.0000	0.0000	0.0000	0.0000	0.0000	0.0000	0.0000	0.0000	0.0000	0.0000	0.0000	0.0000	0.0000	2.8187	0.0000	0.0347	1.0000	0.0000	0.0000	0.0000	0.0000	0.0000	0.0000	0.0000	0.0000	0.0000	0.0000	0.0000	0.0000	0.0000	0.0000	0.0000	0.0000	0.0000	0.0000	0.0805	0.0715	0.0090	0.0402	0.0402	0.0000	0.0402	0.0313	0.0090	0.0115	0.0050	0.0065	0.0012	0.0012	0.0001	0.0103	0.0039	0.0064	0.0000	0.0000	0.0000	0.0000	0.0000	0.0000	0.0000	0.0000	0.0000	0.0000	0.0000	0.0000	0.0000	0.0000	0.0000	0.0000	0.0000	0.0000											
43	48	0.0885	5	1	1	0	1	0	0	0	0	N	N	N	N	N	N	N	N	N	N	N	N	0.0000	0.0000	0.0000	0.0000	0.0000	0.0000	0.0000	0.0000	0.0000	0.0000	0.0000	0.0000	0.0000	0.0011	0.0033	0.0000	0.0040	0.0041	0.0000	0.0000	0.0000	0.0000	0.0000	0.0000	-0.0000	2.8187	0.0000	0.0347	4.0000	0.0000	0.0000	0.0000	0.0000	0.0000	0.0000	0.0000	0.0000	0.0000	0.0000	0.0000	0.0000	0.0000	0.0000	0.0000	0.0000	0.0000	0.0000	0.0000	0.0000	0.0000	0.0000	0.0000	0.0000	0.0000	0.0000	0.0000	0.0267	0.0121	0.0146	0.0064	0.0055	0.0009	0.0202	0.0066	0.0136	0.0000	0.0000	0.0000	0.0000	0.0000	0.0000	0.0000	0.0000	0.0000	0.0004	0.0008	0.0000	0.0016	0.0018	0.0000	0.0000	0.0000	0.0000						
43	49	0.0553	3	0	0	1	1	0	0	0	0	N	N	N	N	N	N	N	N	N	N	N	N	0.0000	0.0000	0.0000	0.0000	0.0000	0.0000	0.0000	0.0000	0.0000	0.0000	0.0000	0.0000	0.0000	0.0000	0.0000	0.0000	0.0000	0.0000	0.0000	0.0000	2.8187	0.0000	0.0347	0.0000	0.0000	0.0000	0.0000	0.0000	0.0000	0.0000	0.0000	0.0000	0.0000	0.0000	0.0000	0.0000	0.0000	0.0000	0.0000	0.0000	0.0000	0.0000	0.0000	0.0000	0.0000	0.0000	0.0000	0.0000	0.0000	0.0000	0.0000	0.0000	0.0000	0.0000	0.0000	0.0000	0.0000	0.0000	0.0000	0.0000	0.0000	0.0000	0.0000	0.0000	0.0000	0.0000	0.0000	0.0000	0.0000	0.0000	0.0000	0.0000	0.0000	0.0000	0.0000	0.0000	0.0000	0.0000											
43	50	0.7069	10	0	0	1	1	0	0	0	0	N	N	N	N	N	N	N	N	N	N	N	N	0.0000	0.0000	0.0000	0.0000	0.0000	0.0000	0.0000	0.0000	0.0000	0.0000	0.0000	0.0000	0.0000	0.0094	0.0154	0.0000	0.0000	0.0000	0.0000	0.0163	0.6970	0.0000	0.0000	0.0000	-0.0000	2.8187	1.0000	0.0347	1.0000	0.0000	0.0000	0.0000	0.0000	0.0000	0.0000	0.0000	0.0000	0.0000	0.0000	0.0000	0.0000	0.0000	0.0000	0.0000	0.0000	0.0000	0.0000	0.0861	0.0767	0.0093	0.0470	0.0435	0.0035	0.0390	0.0333	0.0058	0.0083	0.0049	0.0034	0.0045	0.0039	0.0007	0.0038	0.0011	0.0027	0.0000	0.0000	0.0000	0.0000	0.0000	0.0000	0.0000	0.0000	0.0000	0.0012	0.0020	0.0000	0.0000	0.0000	0.0000	0.0026	0.0093	0.0000						
43	51	0.7114	10	0	1	0	1	0	0	0	0	N	N	N	N	N	N	N	N	N	N	N	N	0.0000	0.0000	0.0000	0.0000	0.0000	0.0000	0.0000	0.0000	0.0000	0.0000	0.0000	0.0000	0.0000	0.0000	0.0000	0.0000	0.0076	0.0080	0.0000	0.0041	0.0039	0.0000	0.0000	0.0000	0.0000	0.0003	0.0000	-0.0000	2.8187	0.0003	0.0347	0.9690	0.0000	0.0000	0.0000	0.0000	0.0000	0.0000	0.0000	0.0000	0.0000	0.0000	0.0000	0.0000	0.0000	0.0000	0.0000	0.0000	0.0000	0.0000	0.0001	0.0001	0.0000	0.0001	0.0001	0.0000	0.0000	0.0000	0.0000	0.0092	0.0068	0.0024	0.0059	0.0054	0.0005	0.0033	0.0013	0.0019	0.0000	0.0000	0.0000	0.0000	0.0000	0.0000	0.0000	0.0000	0.0000	0.0010	0.0014	0.0000	0.0016	0.0018	0.0000	0.0000	0.0000	0.0000			
43	52	0.0910	5	0	1	0	1	0	0	0	0	N	N	N	N	N	N	N	N	N	N	N	N	855.8365	542.0804	62.5001	27.0252	28.0476	0.7648	179424.9874	26176.4329	67.9483	7.6738	8.6328	0.0024	0.4416	0.4636	0.0000	8.5227	9.6692	0.0025	0.0090	0.0159	0.0000	0.0163	0.0165	0.0001	0.0000	0.0004	0.0000	0.0000	0.0155	-0.2373	-0.0000	2.8187	0.9211	0.0347	0.1671	0.9123	0.9123	0.0000	0.0055	0.0055	0.0000	0.9068	0.9068	0.0000	0.0000	0.0000	0.0000	0.0000	0.0000	0.0000	0.0000	0.0000	0.0000	0.1189	0.1057	0.0132	0.0125	0.0119	0.0006	0.1064	0.0938	0.0126	0.0166	0.0091	0.0075	0.0045	0.0041	0.0004	0.0121	0.0050	0.0071	6634.4312	4146.7354	62.5001	104.9422	100.1844	0.7648	375707.4831	5627042.3237	67.9483	0.0012	0.0021	0.0000	0.0042	0.0046	0.0001	0.0000	0.0000	0.0000
43	53	0.6978	11	0	1	0	1	0	0	0	0	N	N	N	N	N	N	N	N	N	N	N	N	0.0000	0.0000	0.0000	0.0000	0.0000	0.0000	0.0000	0.0000	0.0000	0.0000	0.0000	0.0000	0.0000	0.0045	0.0000	0.0018	0.0000	0.0000	0.0000	0.0040	0.0000	0.0021	inf	0.0000	0.0000	2.8187	1.0000	0.0347	5.0000	0.0000	0.0000	0.0000	0.0000	0.0000	0.0000	0.0000	0.0000	0.0000	0.0000	0.0000	0.0000	0.0000	0.0000	0.0000	0.0000	0.0000	0.0000	0.0925	0.0826	0.0100	0.0505	0.0470	0.0035	0.0420	0.0356	0.0064	0.0268	0.0157	0.0110	0.0115	0.0102	0.0013	0.0152	0.0056	0.0097	0.0000	0.0000	0.0000	0.0000	0.0000	0.0000	0.0000	0.0000	0.0000	0.0007	0.0000	0.0018	0.0000	0.0000	0.0000	0.0013	0.0000	0.0021						
43	54	0.6826	10	0	0	0	1	0	0	0	0	N	N	N	N	N	N	N	N	N	N	N	N	0.0000	0.0000	0.0000	0.0000	0.0000	0.0000	0.0000	0.0000	0.0000	0.0000	0.0000	0.0000	0.0000	0.0000	0.0000	0.0000	0.0002	0.0004	0.0000	0.0006	0.0006	0.0000	0.0000	0.0000	0.0000	0.0018	0.0000	-0.0000	2.8187	0.0000	0.0347	2.9157	0.0000	0.0000	0.0000	0.0000	0.0000	0.0000	0.0000	0.0000	0.0000	0.0000	0.0000	0.0000	0.0000	0.0000	0.0000	0.0000	0.0000	0.0000	0.0000	0.0000	0.0000	0.0000	0.0000	0.0000	0.0000	0.0000	0.0000	0.0171	0.0098	0.0074	0.0075	0.0069	0.0007	0.0096	0.0029	0.0067	0.0000	0.0000	0.0000	0.0000	0.0000	0.0000	0.0000	0.0000	0.0000	0.0001	0.0001	0.0000	0.0002	0.0002	0.0000	0.0000	0.0000	0.0000			
43	55	0.0345	2	0	1	0	1	0	0	0	0	N	N	N	N	N	N	N	N	N	N	N	N	7418.2841	0.0011	inf	0.0006	0.0006	inf	inf	3.5418	0.0000	29.6901	0.0000	0.0000	0.0000	4.2741	0.0000	30.3943	0.0005	0.0016	0.0000	0.0156	0.0151	0.0000	0.0000	0.0000	0.0000	2277167.9710	0.0000	0.7386	-0.0000	2.8187	2.0000	0.0347	3.0000	0.9983	0.0000	0.9983	0.0000	0.0000	0.0000	0.9983	0.0000	0.9983	0.0000	0.0000	0.0000	0.0000	0.0000	0.0000	0.0000	0.0000	0.0000	0.2819	0.2482	0.0336	0.0483	0.0475	0.0008	0.2336	0.2007	0.0328	0.0472	0.0197	0.0276	0.0025	0.0023	0.0002	0.0447	0.0174	0.0273	16727.3656	0.0035	inf	0.0023	0.0021	0.0000	inf	0.0000	inf	0.0002	0.0005	0.0000	0.0039	0.0044	0.0000	0.0000	0.0000	0.0000		
43	56	0.6748	9	0	1	0	2	0	0	0	0	N	N	N	Y	N	N	N	N	N	N	N	N	0.0349	0.0279	0.0000	0.0286	0.0307	0.0689	0.0071	0.0000	0.0641	0.0717	0.0000	0.1094	0.1183	0.0000	0.0001	0.0002	0.0000	1.8370	2.5730	0.0006	3.8322	3.8544	0.0000	0.0020	0.0230	0.0007	0.0000	0.0007	-0.0029	-0.0077	2.8187	1.7218	0.0347	6.9557	0.0110	0.0110	0.0000	0.0110	0.0110	0.0000	0.0000	0.0000	0.0000	0.0147	0.0147	0.0000	0.0147	0.0147	0.0000	0.0000	0.0000	0.0000	0.1725	0.1540	0.0185	0.1009	0.0933	0.0076	0.0716	0.0607	0.0109	0.0377	0.0220	0.0157	0.0161	0.0142	0.0019	0.0216	0.0078	0.0138	0.1644	0.1076	0.0000	0.1202	0.1146	0.0000	0.1501	0.1291	0.0000	0.3895	0.6666	0.0006	0.9105	1.0326	0.0000	0.0009	0.0013	0.0007	
43	57	0.6859	9	1	0	1	1	0	0	0	0	N	N	N	N	N	N	N	N	N	N	N	N	1005.4311	7.1588	11267.8576	8971.0927	9.7933	inf	1538.4864	inf	10834.3745	1.1548	0.0004	11.6967	0.5107	0.0005	8.4848	1.9155	0.0002	13.2778	0.0011	0.0001	0.0010	0.0001	0.0001	0.0000	0.0012	0.0000	0.0012	3235.3837	5089.4135	0.6024	0.0000	2.8187	8.9999	0.0347	5.0001	0.8146	0.0003	0.8143	0.1951	0.0002	0.1949	0.6195	0.0001	0.6195	0.0000	0.0000	0.0000	0.0000	0.0000	0.0000	0.0000	0.0000	0.0000	0.7053	0.6357	0.0696	0.3819	0.3590	0.0230	0.3234	0.2768	0.0467	0.0537	0.0341	0.0196	0.0281	0.0251	0.0030	0.0255	0.0090	0.0166	3052.2270	3385.4274	11267.8576	3599392.3872	3328.4592	inf	2411.0052	inf	10834.3745	0.0004	0.0000	0.0010	0.0000	0.0000	0.0000	0.0008	0.0000	0.0012
43	58	0.0885	5	1	0	1	1	0	0	0	0	N	N	N	N	N	N	N	N	N	N	N	N	0.0000	0.0000	0.0000	0.0000	0.0000	0.0000	0.0000	0.0000	0.0000	0.0000	0.0000	0.0000	0.0000	0.0000	0.0000	0.0000	0.0000	0.0000	0.0000	0.0000	2.8187	0.0000	0.0347	1.0000	0.0000	0.0000	0.0000	0.0000	0.0000	0.0000	0.0000	0.0000	0.0000	0.0000	0.0000	0.0000	0.0000	0.0000	0.0000	0.0000	0.0000	0.0000	0.0000	0.0000	0.0000	0.0000	0.0000	0.0000	0.0000	0.0000	0.0000	0.0071	0.0033	0.0039	0.0018	0.0015	0.0003	0.0054	0.0017	0.0036	0.0000	0.0000	0.0000	0.0000	0.0000	0.0000	0.0000	0.0000	0.0000	0.0000	0.0000	0.0000	0.0000	0.0000	0.0000	0.0000	0.0000	0.0000											
43	59	0.7114	10	0	0	1	1	0	0	0	0	N	N	N	N	N	N	N	N	N	N	N	N	3.7940	0.0000	39.3819	6.8582	0.0000	13.9513	11.2226	0.0000	50.0320	0.0082	0.0000	0.0702	0.0066	0.0000	0.0901	0.0110	0.0000	0.0575	0.0022	0.0002	0.0018	0.0010	0.0002	0.0065	0.0010	0.0004	0.0011	inf	65.5100	0.0000	0.0000	2.8187	0.0006	0.0347	1.1867	0.0000	0.0000	0.0000	0.0000	0.0000	0.0000	0.0000	0.0000	0.0000	0.0000	0.0000	0.0000	0.0000	0.0000	0.0000	0.0000	0.0000	0.0000	0.0001	0.0001	0.0000	0.0001	0.0001	0.0000	0.0001	0.0000	0.0000	0.0102	0.0073	0.0029	0.0064	0.0058	0.0006	0.0039	0.0016	0.0023	16.1515	0.0000	39.3819	16.4062	0.0000	20.7463	15.9542	0.0000	50.0320	0.0005	0.0000	0.0018	0.0004	0.0000	0.0043	0.0007	0.0000	0.0011
43	60	0.6748	9	0	0	0	1	0	0	0	0	N	N	N	N	N	N	N	N	N	N	N	N	0.0288	0.0084	11.6781	0.0194	0.0109	137.4641	0.0055	0.0000	0.0228	0.0000	0.0000	0.0001	0.0000	0.0000	0.0001	0.0000	0.0000	0.0000	0.0004	0.0007	0.0000	0.0009	0.0009	0.0000	0.0000	0.0004	0.0000	1.0988	0.0112	0.0000	-0.0000	2.8187	2.2785	0.0347	4.8627	0.0000	0.0000	0.0000	0.0000	0.0000	0.0000	0.0000	0.0000	0.0000	0.0000	0.0000	0.0000	0.0000	0.0000	0.0000	0.0000	0.0000	0.0000	0.2200	0.1964	0.0236	0.1260	0.1167	0.0093	0.0940	0.0797	0.0143	0.0315	0.0184	0.0131	0.0134	0.0118	0.0016	0.0181	0.0065	0.0115	0.0636	0.0200	11.6781	0.0479	0.0218	137.4641	0.0055	0.0000	0.0228	0.0002	0.0003	0.0000	0.0004	0.0004	0.0000	0.0000	0.0000	0.0000
43	61	0.0910	5	0	0	1	1	0	0	0	0	N	N	N	N	N	N	N	N	N	N	N	N	0.4297	232.1661	0.0015	21.8570	587.0867	0.0005	0.0002	inf	0.0042	0.6360	0.7164	0.0021	6.6324	6.9615	0.0003	0.0003	0.0000	0.0022	1.4801	0.0031	1.3851	0.3034	0.0119	0.5555	1.4134	0.0000	0.5134	0.0004	484.3614	-0.0226	0.0070	2.8187	1.0901	0.0347	7.9319	0.0871	0.0870	0.0000	0.0870	0.0870	0.0000	0.0000	0.0000	0.0000	0.0147	0.0000	0.0146	0.0002	0.0000	0.0001	0.0145	0.0000	0.0145	0.1369	0.1215	0.0154	0.0131	0.0125	0.0006	0.1238	0.1090	0.0148	0.0850	0.0381	0.0469	0.0093	0.0083	0.0009	0.0757	0.0298	0.0460	3.6834	902.6203	0.0067	358.0364	1919.5246	0.0017	0.0014	inf	0.0069	0.1727	0.0008	0.3123	0.0185	0.0036	0.1529	0.1915	0.0000	0.3155
43	62	0.0609	4	0	0	0	1	0	0	0	0	N	N	N	N	N	N	N	N	N	N	N	N	55.6914	56.9772	309.3583	0.1965	0.2109	9.4037	892.7529	198.6260	316.3698	0.3738	0.3947	0.2188	0.0087	0.0087	0.0090	0.4577	0.4968	0.2236	0.0067	0.0069	0.0007	0.0445	0.0415	0.0010	0.0005	0.0025	0.0007	0.0748	0.7415	-0.0179	-0.0000	2.8187	1.6797	0.0347	2.9843	0.0938	0.0873	0.0065	0.0004	0.0004	0.0000	0.0934	0.0869	0.0065	0.0000	0.0000	0.0000	0.0000	0.0000	0.0000	0.0000	0.0000	0.0000	0.2509	0.2211	0.0299	0.0469	0.0462	0.0007	0.2040	0.1748	0.0292	0.0446	0.0192	0.0254	0.0033	0.0030	0.0003	0.0413	0.0162	0.0251	395.3492	313.2028	309.3583	1.2550	1.1635	11.6996	984.5203	5537.9565	316.3698	0.0009	0.0013	0.0007	0.0070	0.0075	0.0008	0.0005	0.0001	0.0007
43	63	0.0507	3	0	0	0	1	0	0	0	0	N	N	N	N	N	N	N	N	N	N	N	N	0.0391	0.0158	81.1901	0.0275	0.0269	905.1488	7.0132	inf	81.5764	0.0442	0.0275	0.1709	0.0690	0.0693	0.0119	0.0326	0.0042	0.1730	1.1301	1.7450	0.0021	2.5097	2.5774	0.0000	0.0046	0.0000	0.0021	0.8152	0.0186	0.0011	-0.0009	2.8187	0.4935	0.0347	1.5835	0.0059	0.0032	0.0026	0.0029	0.0029	0.0000	0.0029	0.0003	0.0026	0.0018	0.0018	0.0000	0.0018	0.0018	0.0000	0.0000	0.0000	0.0000	0.1328	0.1174	0.0154	0.0423	0.0421	0.0002	0.0905	0.0753	0.0152	0.0288	0.0132	0.0156	0.0053	0.0052	0.0001	0.0235	0.0081	0.0154	0.7100	0.2071	81.1901	0.2076	0.2038	905.1488	23.3819	inf	81.5764	0.0622	0.1329	0.0021	0.3324	0.3399	0.0000	0.0014	0.0000	0.0021
43	64	0.0553	3	0	1	0	1	0	0	0	0	N	N	N	N	N	N	N	N	N	N	N	N	33.1978	31.8524	0.0295	24.4133	35.1961	0.0242	1.8656	inf	0.0189	0.0045	0.0049	0.0000	0.0124	0.0125	0.0000	0.0001	0.0001	0.0000	0.0001	0.0002	0.0000	0.0005	0.0004	0.0007	0.0000	0.0000	0.0000	0.0000	8.1770	-0.0001	0.0000	2.8187	0.2944	0.0347	1.0083	0.0004	0.0004	0.0000	0.0004	0.0004	0.0000	0.0000	0.0000	0.0000	0.0000	0.0000	0.0000	0.0000	0.0000	0.0000	0.0000	0.0000	0.0000	0.0909	0.0835	0.0074	0.0329	0.0327	0.0002	0.0579	0.0508	0.0071	0.0126	0.0053	0.0072	0.0007	0.0007	0.0001	0.0118	0.0046	0.0072	194.5613	821.9727	0.0295	123.5655	260.5486	0.0281	3.6988	inf	0.0189	0.0000	0.0000	0.0000	0.0001	0.0000	0.0006	0.0000	0.0000	0.0000
43	65	0.0345	2	0	0	0	1	0	0	0	0	N	N	N	N	N	N	N	N	N	N	N	N	0.0755	0.0471	0.2805	0.0820	0.0841	411.9540	0.2484	6.9653	0.2586	0.0258	0.0292	0.0010	0.1049	0.1060	0.0043	0.0027	0.0030	0.0009	0.3417	0.6186	0.0034	1.2789	1.2599	0.0000	0.0108	0.0004	0.0034	0.0044	0.3560	-0.0013	-0.0001	2.8187	1.1351	0.0347	2.0429	0.0051	0.0051	0.0000	0.0047	0.0047	0.0000	0.0004	0.0004	0.0000	0.0002	0.0002	0.0001	0.0002	0.0002	0.0000	0.0001	0.0000	0.0001	0.1982	0.1747	0.0234	0.0448	0.0444	0.0005	0.1533	0.1303	0.0230	0.0316	0.0133	0.0184	0.0020	0.0018	0.0002	0.0297	0.0115	0.0182	3.4397	2.2081	0.2805	1.1699	1.0843	411.9540	1.2740	1208.9859	0.2586	0.0075	0.0132	0.0034	0.0897	0.0977	0.0000	0.0021	0.0000	0.0034
43	68	0.0885	5	1	1	1	1	0	0	0	0	N	N	N	N	N	N	N	N	N	N	N	N	0.0000	0.0000	0.0000	0.0000	0.0000	0.0000	0.0000	0.0000	0.0000	0.0000	0.0000	0.0000	0.0000	0.0000	0.0000	0.0000	0.0000	0.0000	0.0000	0.0000	2.8187	0.0000	0.0347	0.0000	0.0000	0.0000	0.0000	0.0000	0.0000	0.0000	0.0000	0.0000	0.0000	0.0000	0.0000	0.0000	0.0000	0.0000	0.0000	0.0000	0.0000	0.0000	0.0000	0.0000	0.0000	0.0000	0.0000	0.0000	0.0000	0.0000	0.0000	0.0000	0.0000	0.0000	0.0000	0.0000	0.0000	0.0000	0.0000	0.0000	0.0000	0.0000	0.0000	0.0000	0.0000	0.0000	0.0000	0.0000	0.0000	0.0000	0.0000	0.0000	0.0000	0.0000	0.0000	0.0000	0.0000	0.0000											
43	69	0.7312	11	1	1	1	1	0	0	0	0	N	N	N	N	N	N	N	N	N	N	N	N	0.0000	0.0000	0.0000	0.0000	0.0000	0.0000	0.0000	0.0000	0.0000	0.0000	0.0000	0.0000	0.0000	0.0000	0.0000	0.0000	0.0000	0.0000	0.0000	0.0000	2.8187	1.0000	0.0347	0.0000	0.0000	0.0000	0.0000	0.0000	0.0000	0.0000	0.0000	0.0000	0.0000	0.0000	0.0000	0.0000	0.0000	0.0000	0.0000	0.0000	0.0000	0.0000	0.1280	0.1177	0.0104	0.0987	0.0928	0.0059	0.0294	0.0249	0.0045	0.0033	0.0021	0.0013	0.0020	0.0018	0.0002	0.0013	0.0003	0.0010	0.0000	0.0000	0.0000	0.0000	0.0000	0.0000	0.0000	0.0000	0.0000	0.0000	0.0000	0.0000	0.0000	0.0000	0.0000	0.0000	0.0000	0.0000											
43	70	0.7312	11	1	1	1	1	0	0	0	0	N	N	N	N	N	N	N	N	N	N	N	N	0.0000	0.0000	0.0000	0.0000	0.0000	0.0000	0.0000	0.0000	0.0000	0.0000	0.0000	0.0000	0.0000	0.0000	0.0000	0.0000	0.0000	0.0000	0.0000	0.0000	2.8187	0.0000	0.0347	0.0000	0.0000	0.0000	0.0000	0.0000	0.0000	0.0000	0.0000	0.0000	0.0000	0.0000	0.0000	0.0000	0.0000	0.0000	0.0000	0.0000	0.0000	0.0000	0.0000	0.0000	0.0000	0.0000	0.0000	0.0000	0.0000	0.0000	0.0000	0.0000	0.0000	0.0000	0.0000	0.0000	0.0000	0.0000	0.0000	0.0000	0.0000	0.0000	0.0000	0.0000	0.0000	0.0000	0.0000	0.0000	0.0000	0.0000	0.0000	0.0000	0.0000	0.0000	0.0000	0.0000	0.0000	0.0000											
43	71	0.7088	10	1	1	1	1	0	0	0	0	N	N	N	N	N	N	N	N	N	N	N	N	0.0000	0.0000	0.0000	0.0000	0.0000	0.0000	0.0000	0.0000	0.0000	0.0000	0.0000	0.0000	0.0000	0.0000	0.0000	0.0000	0.0000	0.0000	0.0000	0.0000	2.8187	2.0000	0.0347	1.0000	0.0000	0.0000	0.0000	0.0000	0.0000	0.0000	0.0000	0.0000	0.0000	0.0000	0.0000	0.0000	0.0000	0.0000	0.0000	0.0000	0.0000	0.0000	0.2409	0.2211	0.0199	0.1826	0.1715	0.0111	0.0583	0.0495	0.0088	0.0097	0.0059	0.0037	0.0058	0.0052	0.0007	0.0038	0.0008	0.0031	0.0000	0.0000	0.0000	0.0000	0.0000	0.0000	0.0000	0.0000	0.0000	0.0000	0.0000	0.0000	0.0000	0.0000	0.0000	0.0000	0.0000	0.0000											
43	72	0.6859	9	1	0	1	1	0	0	0	0	N	N	N	N	N	N	N	N	N	N	N	N	601.9395	inf	0.3736	289.7149	inf	0.0000	inf	inf	inf	0.0150	0.0166	0.0000	0.0225	0.0239	0.0000	0.0045	0.0052	0.0000	0.0000	0.0000	0.0000	0.0001	0.0000	0.0000	0.0000	0.0000	0.0000	0.0000	inf	-0.0004	0.0000	2.8187	1.0017	0.0347	2.0007	0.0015	0.0015	0.0000	0.0013	0.0013	0.0000	0.0002	0.0002	0.0000	0.0000	0.0000	0.0000	0.0000	0.0000	0.0000	0.0000	0.0000	0.0000	0.0967	0.0875	0.0093	0.0567	0.0533	0.0034	0.0400	0.0341	0.0059	0.0128	0.0081	0.0047	0.0066	0.0059	0.0007	0.0062	0.0021	0.0040	58211.5793	inf	0.3736	55092.8645	inf	0.0000	inf	inf	inf	0.0000	0.0000	0.0000	0.0000	0.0000	0.0000	0.0000	0.0000	0.0000
43	73	0.1077	6	1	1	0	1	0	0	0	0	N	N	N	N	N	N	N	N	N	N	N	N	0.0000	0.0000	0.0000	0.0000	0.0000	0.0000	0.0000	0.0000	0.0000	0.0000	0.0000	0.0000	0.0000	0.0000	0.0000	0.0000	0.0000	0.0000	0.0000	0.0000	2.8187	0.0000	0.0347	0.0000	0.0000	0.0000	0.0000	0.0000	0.0000	0.0000	0.0000	0.0000	0.0000	0.0000	0.0000	0.0000	0.0000	0.0000	0.0000	0.0000	0.0000	0.0000	0.0000	0.0000	0.0000	0.0000	0.0000	0.0000	0.0000	0.0000	0.0000	0.0000	0.0000	0.0000	0.0000	0.0000	0.0000	0.0000	0.0000	0.0000	0.0000	0.0000	0.0000	0.0000	0.0000	0.0000	0.0000	0.0000	0.0000	0.0000	0.0000	0.0000	0.0000	0.0000	0.0000	0.0000	0.0000	0.0000											
43	74	0.7129	10	1	1	0	1	0	0	0	0	N	N	N	N	N	N	N	N	N	N	N	N	0.0000	0.0000	0.0000	0.0000	0.0000	0.0000	0.0000	0.0000	0.0000	0.0000	0.0000	0.0000	0.0000	0.0000	0.0000	0.0000	0.0000	0.0000	0.0000	0.0000	2.8187	0.0000	0.0347	0.0010	0.0000	0.0000	0.0000	0.0000	0.0000	0.0000	0.0000	0.0000	0.0000	0.0000	0.0000	0.0000	0.0000	0.0000	0.0000	0.0000	0.0000	0.0000	0.0000	0.0000	0.0000	0.0000	0.0000	0.0000	0.0000	0.0000	0.0000	0.0022	0.0018	0.0004	0.0011	0.0011	0.0000	0.0011	0.0007	0.0004	0.0000	0.0000	0.0000	0.0000	0.0000	0.0000	0.0000	0.0000	0.0000	0.0000	0.0000	0.0000	0.0000	0.0000	0.0000	0.0000	0.0000	0.0000											
43	75	0.7020	12	0	1	0	2	0	0	0	0	N	N	N	Y	N	N	N	N	N	N	N	N	0.0000	0.0000	0.0000	0.0000	0.0000	0.0000	0.0000	0.0000	0.0000	0.0000	0.0000	0.0000	0.0000	0.0000	0.0000	0.0000	0.0000	0.0000	0.0000	0.0000	2.8187	0.0000	0.0347	0.0000	0.0000	0.0000	0.0000	0.0000	0.0000	0.0000	0.0000	0.0000	0.0000	0.0000	0.0000	0.0000	0.0000	0.0000	0.0000	0.0000	0.0000	0.0000	0.0000	0.0000	0.0000	0.0000	0.0000	0.0000	0.0000	0.0000	0.0000	0.0000	0.0000	0.0000	0.0000	0.0000	0.0000	0.0000	0.0000	0.0000	0.0000	0.0000	0.0000	0.0000	0.0000	0.0000	0.0000	0.0000	0.0000	0.0000	0.0000	0.0000	0.0000	0.0000	0.0000	0.0000	0.0000	0.0000											
43	76	0.7020	12	0	0	0	2	0	0	0	0	N	N	N	Y	N	N	N	N	N	N	N	N	0.0000	0.0000	0.0000	0.0000	0.0000	0.0000	0.0000	0.0000	0.0000	0.0000	0.0000	0.0000	0.0000	0.0000	0.0000	0.0000	0.0000	0.0000	0.0000	0.0000	2.8187	0.0000	0.0347	0.0000	0.0000	0.0000	0.0000	0.0000	0.0000	0.0000	0.0000	0.0000	0.0000	0.0000	0.0000	0.0000	0.0000	0.0000	0.0000	0.0000	0.0000	0.0000	0.0000	0.0000	0.0000	0.0000	0.0000	0.0000	0.0000	0.0000	0.0000	0.0000	0.0000	0.0000	0.0000	0.0000	0.0000	0.0000	0.0000	0.0000	0.0000	0.0000	0.0000	0.0000	0.0000	0.0000	0.0000	0.0000	0.0000	0.0000	0.0000	0.0000	0.0000	0.0000	0.0000	0.0000	0.0000	0.0000											
43	77	0.6867	11	0	0	0	2	0	0	0	0	N	N	N	Y	N	N	N	N	N	N	N	N	1.3688	0.0000	31.3972	0.0000	0.0000	0.0000	6.4841	29.7830	0.0027	0.0000	0.0209	0.0000	0.0000	0.0000	0.0061	0.0000	0.0277	0.0020	0.0010	0.0007	0.0010	0.0009	0.0002	0.0009	0.0000	0.0009	inf	1.0509	0.0000	-0.0000	2.8187	0.0002	0.0347	2.9297	0.0000	0.0000	0.0000	0.0000	0.0000	0.0000	0.0000	0.0000	0.0000	0.0000	0.0000	0.0000	0.0000	0.0000	0.0000	0.0000	0.0000	0.0000	0.0000	0.0000	0.0000	0.0000	0.0000	0.0000	0.0000	0.0000	0.0000	0.0334	0.0208	0.0126	0.0219	0.0176	0.0044	0.0115	0.0032	0.0083	5.5435	0.0000	31.3972	0.0000	0.0000	0.0000	9.1720	0.0000	29.7830	0.0005	0.0004	0.0007	0.0004	0.0005	0.0002	0.0007	0.0000	0.0009	
43	78	0.6826	10	0	0	0	2	0	0	0	0	N	N	N	Y	N	N	N	N	N	N	N	N	1.8167	2.5627	0.0000	3.9279	5.0862	0.0000	0.0000	0.0000	0.0000	0.0039	0.0044	0.0000	0.0066	0.0072	0.0000	0.0000	0.0000	0.0000	0.0022	0.0017	0.0005	0.0017	0.0014	0.0002	0.0004	0.0005	0.0005	0.0009	0.6477	-0.0000	-0.0000	2.8187	0.0003	0.0347	2.1916	0.0000	0.0000	0.0000	0.0000	0.0000	0.0000	0.0000	0.0000	0.0000	0.0000	0.0000	0.0000	0.0000	0.0000	0.0000	0.0000	0.0000	0.0000	0.0000	0.0000	0.0000	0.0000	0.0000	0.0000	0.0000	0.0000	0.0000	0.0139	0.0079	0.0060	0.0062	0.0057	0.0005	0.0078	0.0022	0.0055	7.7472	8.1104	0.0000	9.3514	9.5070	0.0000	0.0000	0.0000	0.0000	0.0005	0.0005	0.0005	0.0007	0.0008	0.0002	0.0003	0.0000	0.0005
43	79	0.6748	9	0	0	0	1	0	0	0	0	N	N	N	N	N	N	N	N	N	N	N	N	0.0819	0.0004	0.7427	0.4590	0.0005	inf	0.0003	0.0015	0.0000	0.0000	0.0003	0.0000	0.0000	0.0004	0.0000	0.0000	0.0000	0.0003	0.0001	0.0004	0.0001	0.0001	0.0000	0.0003	0.0000	0.0004	1116.3131	717.3750	0.0000	0.0000	2.8187	0.2782	0.0347	1.3600	0.0000	0.0000	0.0000	0.0000	0.0000	0.0000	0.0000	0.0000	0.0000	0.0000	0.0000	0.0000	0.0000	0.0000	0.0000	0.0000	0.0000	0.0000	0.0428	0.0382	0.0046	0.0309	0.0282	0.0028	0.0118	0.0100	0.0018	0.0076	0.0044	0.0032	0.0032	0.0028	0.0004	0.0044	0.0016	0.0028	0.1890	0.0789	0.7427	74.1580	0.0685	inf	0.0004	0.0000	0.0015	0.0002	0.0000	0.0004	0.0000	0.0000	0.0000	0.0003	0.0000	0.0004	
43	80	0.7184	11	0	1	1	1	0	0	0	0	N	N	N	N	N	N	N	N	N	N	N	N	7127.9025	8857.4260	0.0000	13722.1048	15267.0491	1.9854	inf	0.0000	0.6551	0.7272	0.0000	1.2302	1.2878	0.0000	0.0001	0.0001	0.0000	0.0001	0.0001	0.0000	0.0001	0.0001	0.0000	0.0000	0.0000	0.0000	0.0000	17.9439	-0.0001	0.0000	2.8187	0.0029	0.0347	2.0135	0.0003	0.0003	0.0000	0.0003	0.0003	0.0000	0.0000	0.0000	0.0000	0.0000	0.0000	0.0000	0.0000	0.0000	0.0000	0.0000	0.0000	0.0000	0.0005	0.0004	0.0000	0.0003	0.0002	0.0000	0.0002	0.0002	0.0000	0.0114	0.0079	0.0035	0.0070	0.0066	0.0005	0.0044	0.0014	0.0030	90133.3986	1314266.5315	0.0000	1981977.4954	1928730.4898	0.0000	4.0047	inf	0.0000	0.0000	0.0000	0.0000	0.0000	0.0000	0.0000	0.0000	0.0000	0.0000	
43	81	0.7118	10	0	1	0	1	0	0	0	0	N	N	N	N	N	N	N	N	N	N	N	N	0.0250	0.5584	0.0004	0.4563	0.5597	0.0416	0.0072	0.3399	0.0001	0.0002	0.0003	0.0000	0.0003	0.0003	0.0000	0.0001	0.0001	0.0000	0.0099	0.0005	0.0030	0.0007	0.0006	0.0001	0.0149	0.0004	0.0034	0.0005	10.7336	-0.0000	0.0000	2.8187	0.6188	0.0347	0.9475	0.0000	0.0000	0.0000	0.0000	0.0000	0.0000	0.0000	0.0000	0.0000	0.0000	0.0000	0.0000	0.0000	0.0000	0.0000	0.0000	0.0000	0.0000	0.1079	0.0973	0.0106	0.0713	0.0671	0.0043	0.0365	0.0302	0.0063	0.0083	0.0052	0.0031	0.0045	0.0041	0.0004	0.0038	0.0011	0.0027	0.2011	1.6306	0.0004	1.6089	1.6026	0.0416	0.0439	66.7449	0.0001	0.0012	0.0002	0.0030	0.0002	0.0002	0.0001	0.0024	0.0000	0.0034
43	82	0.1109	6	0	1	1	1	0	0	0	0	N	N	N	N	N	N	N	N	N	N	N	N	0.0000	0.0000	0.0000	0.0000	0.0000	0.0000	0.0000	0.0000	0.0000	0.0000	0.0000	0.0000	0.0000	0.0000	0.0000	0.0000	0.0000	0.0000	0.0000	0.0000	2.8187	0.0000	0.0347	1.0000	0.0000	0.0000	0.0000	0.0000	0.0000	0.0000	0.0000	0.0000	0.0000	0.0000	0.0000	0.0000	0.0000	0.0000	0.0000	0.0000	0.0000	0.0000	0.0000	0.0000	0.0000	0.0000	0.0000	0.0000	0.0000	0.0000	0.0000	0.0077	0.0029	0.0048	0.0004	0.0003	0.0001	0.0073	0.0025	0.0047	0.0000	0.0000	0.0000	0.0000	0.0000	0.0000	0.0000	0.0000	0.0000	0.0000	0.0000	0.0000	0.0000	0.0000	0.0000	0.0000	0.0000	0.0000											
43	83	0.6859	9	1	0	1	1	0	0	0	0	N	N	N	N	N	N	N	N	N	N	N	N	12727.2060	22375.9499	0.0018	7231.5250	9845.5844	0.0000	89458.1075	inf	0.0023	1.1548	1.2813	0.0000	0.5107	0.5434	0.0000	1.9155	2.2384	0.0000	0.0001	0.0001	0.0000	0.0001	0.0001	0.0000	0.0000	0.0000	0.0000	0.0000	69.9590	-0.2119	0.0000	2.8187	9.0001	0.0347	3.0001	0.8146	0.8146	0.0000	0.1951	0.1951	0.0000	0.6195	0.6195	0.0000	0.0000	0.0000	0.0000	0.0000	0.0000	0.0000	0.0000	0.0000	0.0000	0.7054	0.6357	0.0696	0.3819	0.3590	0.0230	0.3234	0.2768	0.0467	0.0469	0.0298	0.0171	0.0245	0.0219	0.0026	0.0224	0.0078	0.0145	177857.4011	8890866.9379	0.0018	1871040.8560	2776384.5173	0.0000	143919.1276	inf	0.0023	0.0000	0.0000	0.0000	0.0000	0.0000	0.0000	0.0000	0.0000	0.0000
43	84	0.0885	5	1	0	1	1	0	0	0	0	N	N	N	N	N	N	N	N	N	N	N	N	0.0000	0.0000	0.0000	0.0000	0.0000	0.0000	0.0000	0.0000	0.0000	0.0000	0.0000	0.0000	0.0000	0.0000	0.0000	0.0000	0.0000	0.0000	0.0000	0.0000	2.8187	4.0000	0.0347	0.0000	0.0000	0.0000	0.0000	0.0000	0.0000	0.0000	0.0000	0.0000	0.0000	0.0000	0.0000	0.0000	0.0000	0.0000	0.0000	0.0000	0.0000	0.0000	0.3092	0.2741	0.0350	0.0217	0.0205	0.0012	0.2875	0.2536	0.0338	0.0267	0.0121	0.0146	0.0064	0.0055	0.0009	0.0202	0.0066	0.0136	0.0000	0.0000	0.0000	0.0000	0.0000	0.0000	0.0000	0.0000	0.0000	0.0000	0.0000	0.0000	0.0000	0.0000	0.0000	0.0000	0.0000	0.0000											
43	85	0.1346	6	1	1	0	1	0	0	0	0	N	N	N	N	N	N	N	N	N	N	N	N	10.2727	9.3428	0.1694	22.6577	24.8844	0.0598	0.0237	0.0000	0.1723	0.0024	0.0027	0.0000	0.0104	0.0109	0.0000	0.0000	0.0000	0.0000	0.0002	0.0003	0.0001	0.0005	0.0004	0.0000	0.0001	0.0002	0.0001	0.0009	2.2173	-0.0001	0.0000	2.8187	1.0086	0.0347	1.7435	0.0003	0.0003	0.0000	0.0003	0.0003	0.0000	0.0000	0.0000	0.0000	0.0000	0.0000	0.0000	0.0000	0.0000	0.0000	0.0000	0.0000	0.0000	0.1159	0.1027	0.0132	0.0262	0.0251	0.0011	0.0897	0.0775	0.0121	0.0263	0.0136	0.0127	0.0085	0.0076	0.0009	0.0178	0.0060	0.0118	30.7792	57.8715	0.1694	138.8396	132.8923	0.0598	0.0352	0.0000	0.1723	0.0001	0.0000	0.0001	0.0001	0.0001	0.0000	0.0001	0.0000	0.0001
43	86	0.0885	5	1	1	0	1	0	0	0	0	N	N	N	N	N	N	N	N	N	N	N	N	0.7617	0.2918	0.0000	2.9679	3.2766	0.0000	0.0000	0.0007	0.0008	0.0000	0.0104	0.0110	0.0000	0.0000	0.0000	0.0000	0.0009	0.0026	0.0000	0.0035	0.0034	0.0000	0.0000	0.0000	0.0000	0.0000	0.0024	-0.0000	-0.0000	2.8187	1.0165	0.0347	4.1395	0.0001	0.0001	0.0000	0.0001	0.0001	0.0000	0.0000	0.0000	0.0000	0.0000	0.0000	0.0000	0.0000	0.0000	0.0000	0.0000	0.0000	0.0000	0.0879	0.0777	0.0101	0.0058	0.0055	0.0003	0.0821	0.0723	0.0098	0.0335	0.0152	0.0183	0.0080	0.0068	0.0012	0.0255	0.0083	0.0172	2.1000	1.0789	0.0000	7.6396	6.9188	0.0000	0.0000	0.0000	0.0000	0.0003	0.0007	0.0000	0.0014	0.0016	0.0000	0.0000	0.0000	0.0000		
43	87	0.6446	8	1	1	0	1	0	0	0	0	N	N	N	N	N	N	N	N	N	N	N	N	3646.4418	2097.1673	2786.2934	3265.2434	inf	inf	1.4061	1.5731	0.0000	2.6800	2.8705	0.0000	0.0002	0.0003	0.0000	0.0004	0.0008	0.0000	0.0010	0.0009	0.0000	0.0000	0.0000	0.0000	0.0000	0.0000	-0.2588	-0.0000	2.8187	9.0005	0.0347	5.0000	0.9947	0.9947	0.0000	0.9946	0.9946	0.0000	0.0001	0.0001	0.0000	0.0000	0.0000	0.0000	0.0000	0.0000	0.0000	0.0000	0.0000	0.0000	0.7074	0.6323	0.0751	0.3711	0.3465	0.0246	0.3363	0.2858	0.0505	0.0567	0.0337	0.0230	0.0250	0.0220	0.0030	0.0317	0.0117	0.0201	7979.5057	5302.8259	0.0000	6702.3465	6327.9989	0.0000	inf	inf	0.0000	0.0002	0.0003	0.0000	0.0004	0.0005	0.0000	0.0000	0.0000	0.0000			
43	88	0.1109	6	0	1	0	1	0	0	0	0	N	N	N	N	N	N	N	N	N	N	N	N	0.0000	0.0000	0.0000	0.0000	0.0000	0.0000	0.0000	0.0000	0.0000	0.0000	0.0000	0.0000	0.0000	0.0000	0.0000	0.0000	0.0000	0.0000	0.0000	0.0000	2.8187	0.0000	0.0347	0.0000	0.0000	0.0000	0.0000	0.0000	0.0000	0.0000	0.0000	0.0000	0.0000	0.0000	0.0000	0.0000	0.0000	0.0000	0.0000	0.0000	0.0000	0.0000	0.0000	0.0000	0.0000	0.0000	0.0000	0.0000	0.0000	0.0000	0.0000	0.0000	0.0000	0.0000	0.0000	0.0000	0.0000	0.0000	0.0000	0.0000	0.0000	0.0000	0.0000	0.0000	0.0000	0.0000	0.0000	0.0000	0.0000	0.0000	0.0000	0.0000	0.0000	0.0000	0.0000	0.0000	0.0000	0.0000											
43	89	0.7118	10	0	1	0	1	0	0	0	0	N	N	N	N	N	N	N	N	N	N	N	N	0.0000	0.0000	0.0000	0.0000	0.0000	0.0000	0.0000	0.0000	0.0000	0.0000	0.0000	0.0000	0.0000	0.0000	0.0000	0.0000	0.0000	0.0002	0.0004	0.0000	0.0005	0.0005	0.0000	0.0000	0.0000	0.0000	0.0486	0.0000	-0.0000	2.8187	1.9953	0.0347	1.0817	0.0000	0.0000	0.0000	0.0000	0.0000	0.0000	0.0000	0.0000	0.0000	0.0000	0.0000	0.0000	0.0000	0.0000	0.0000	0.0000	0.0000	0.0000	0.2210	0.1994	0.0216	0.1326	0.1247	0.0080	0.0884	0.0747	0.0137	0.0145	0.0092	0.0053	0.0079	0.0071	0.0008	0.0066	0.0021	0.0045	0.0000	0.0000	0.0000	0.0000	0.0000	0.0000	0.0000	0.0000	0.0000	0.0001	0.0001	0.0000	0.0001	0.0001	0.0000	0.0000	0.0000	0.0000		
43	90	0.6859	9	0	1	0	1	0	0	0	0	N	N	N	N	N	N	N	N	N	N	N	N	0.1047	0.0579	4.6505	0.0603	0.0658	inf	1.9068	0.5632	4.6909	0.0001	0.0001	0.0004	0.0001	0.0001	0.0003	0.0002	0.0002	0.0004	0.0014	0.0021	0.0001	0.0018	0.0015	0.0000	0.0001	0.0003	0.0001	0.3353	0.0784	-0.0000	-0.0000	2.8187	2.3999	0.0347	4.0713	0.0000	0.0000	0.0000	0.0000	0.0000	0.0000	0.0000	0.0000	0.0000	0.0000	0.0000	0.0000	0.0000	0.0000	0.0000	0.0000	0.0000	0.0000	0.2222	0.2007	0.0214	0.1281	0.1205	0.0076	0.0940	0.0802	0.0138	0.0266	0.0169	0.0098	0.0139	0.0124	0.0014	0.0128	0.0045	0.0083	0.3536	0.2000	4.6505	0.1468	0.1202	inf	3.1482	172.0407	4.6909	0.0004	0.0006	0.0001	0.0007	0.0008	0.0000	0.0001	0.0000	0.0001
43	91	0.7069	10	0	0	1	1	0	0	0	0	N	N	N	N	N	N	N	N	N	N	N	N	0.0000	0.0000	0.0000	0.0000	0.0000	0.0000	0.0000	0.0000	0.0000	0.0000	0.0000	0.0000	0.0000	0.0000	0.0000	0.0000	0.0000	0.0000	0.0000	0.0000	2.8187	0.0000	0.0347	0.0000	0.0000	0.0000	0.0000	0.0000	0.0000	0.0000	0.0000	0.0000	0.0000	0.0000	0.0000	0.0000	0.0000	0.0000	0.0000	0.0000	0.0000	0.0000	0.0000	0.0000	0.0000	0.0000	0.0000	0.0000	0.0000	0.0000	0.0000	0.0000	0.0000	0.0000	0.0000	0.0000	0.0000	0.0000	0.0000	0.0000	0.0000	0.0000	0.0000	0.0000	0.0000	0.0000	0.0000	0.0000	0.0000	0.0000	0.0000	0.0000	0.0000	0.0000	0.0000	0.0000	0.0000	0.0000											
43	92	0.6748	9	0	0	1	1	0	0	0	0	N	N	N	N	N	N	N	N	N	N	N	N	1.5187	1.2213	inf	1.2858	1.3782	inf	0.7527	0.0200	inf	2.9474	3.3015	0.0000	5.3198	5.7296	0.0001	0.0005	0.0006	0.0000	1.9408	2.7032	0.0000	4.1375	4.1573	0.0000	0.0007	0.0313	0.0000	0.0000	0.0000	-0.2588	-0.0077	2.8187	3.7221	0.0347	2.9993	0.9947	0.9947	0.0000	0.9946	0.9946	0.0000	0.0001	0.0001	0.0000	0.0147	0.0147	0.0000	0.0147	0.0147	0.0000	0.0000	0.0000	0.0000	0.3375	0.3013	0.0362	0.1870	0.1736	0.0134	0.1505	0.1277	0.0228	0.0298	0.0174	0.0124	0.0127	0.0112	0.0015	0.0171	0.0062	0.0109	5.9805	3.9050	inf	4.5945	4.3658	inf	0.9227	0.3930	inf	0.4928	0.8455	0.0000	1.1579	1.3124	0.0000	0.0006	0.0016	0.0000
43	93	0.6446	8	0	0	0	1	0	0	0	0	N	N	N	N	N	N	N	N	N	N	N	N	inf	inf	inf	inf	inf	inf	0.0000	0.0000	0.0000	0.0000	0.0000	0.0000	0.0000	0.0000	0.0000	0.0000	0.0000	0.0000	0.0000	0.0000	0.0000	0.0000	0.0000	0.0000	0.0000	-0.0000	0.0000	2.8187	2.7217	0.0347	3.0458	0.0000	0.0000	0.0000	0.0000	0.0000	0.0000	0.0000	0.0000	0.0000	0.0000	0.0000	0.0000	0.0000	0.0000	0.0000	0.0000	0.0000	0.0000	0.2464	0.2202	0.0262	0.1357	0.1264	0.0093	0.1107	0.0938	0.0169	0.0254	0.0150	0.0104	0.0110	0.0097	0.0013	0.0144	0.0053	0.0091	inf	inf	0.0000	inf	inf	0.0000	inf	inf	0.0000	0.0000	0.0000	0.0000	0.0000	0.0000	0.0000	0.0000	0.0000	0.0000				
43	94	0.7021	10	1	1	0	1	0	0	0	0	N	N	N	N	N	N	N	N	N	N	N	N	0.0015	0.0009	0.0000	0.0012	0.0014	0.0000	0.0000	0.0000	0.0000	0.0000	0.0000	0.0000	0.0000	0.0000	0.0000	0.0000	0.0000	0.0001	0.0000	0.0001	0.0001	0.0000	0.0000	0.0000	0.0000	0.0000	1.7967	-0.0000	0.0000	2.8187	5.9980	0.0347	4.9575	0.0000	0.0000	0.0000	0.0000	0.0000	0.0000	0.0000	0.0000	0.0000	0.0000	0.0000	0.0000	0.0000	0.0000	0.0000	0.0000	0.0000	0.0000	0.5093	0.4621	0.0472	0.2986	0.2815	0.0171	0.2107	0.1806	0.0301	0.0402	0.0267	0.0136	0.0218	0.0195	0.0023	0.0184	0.0072	0.0112	0.1153	0.2356	0.0000	0.2958	0.2824	0.0000	0.0000	0.0000	0.0000	0.0000	0.0000	0.0000	0.0000	0.0000	0.0000	0.0000	0.0000	0.0000		
43	95	0.1109	6	1	1	0	1	0	0	0	0	N	N	N	N	N	N	N	N	N	N	N	N	0.0000	0.0000	0.0000	0.0000	0.0000	0.0000	0.0000	0.0000	0.0000	0.0000	0.0000	0.0000	0.0000	0.0000	0.0000	0.0000	0.0000	0.0000	0.0000	0.0000	2.8187	0.0000	0.0347	2.0000	0.0000	0.0000	0.0000	0.0000	0.0000	0.0000	0.0000	0.0000	0.0000	0.0000	0.0000	0.0000	0.0000	0.0000	0.0000	0.0000	0.0000	0.0000	0.0000	0.0000	0.0000	0.0000	0.0000	0.0000	0.0000	0.0000	0.0000	0.0151	0.0057	0.0094	0.0008	0.0007	0.0001	0.0143	0.0050	0.0093	0.0000	0.0000	0.0000	0.0000	0.0000	0.0000	0.0000	0.0000	0.0000	0.0000	0.0000	0.0000	0.0000	0.0000	0.0000	0.0000	0.0000	0.0000											
43	96	0.0885	5	0	1	0	1	0	0	0	0	N	N	N	N	N	N	N	N	N	N	N	N	0.0000	0.0000	0.0000	0.0000	0.0000	0.0000	0.0000	0.0000	0.0000	0.0000	0.0000	0.0000	0.0000	0.0000	0.0000	0.0000	0.0000	0.0000	0.0000	0.0000	2.8187	4.0000	0.0347	0.0000	0.0000	0.0000	0.0000	0.0000	0.0000	0.0000	0.0000	0.0000	0.0000	0.0000	0.0000	0.0000	0.0000	0.0000	0.0000	0.0000	0.0000	0.0000	0.3092	0.2741	0.0350	0.0217	0.0205	0.0012	0.2875	0.2536	0.0338	0.0267	0.0121	0.0146	0.0064	0.0055	0.0009	0.0202	0.0066	0.0136	0.0000	0.0000	0.0000	0.0000	0.0000	0.0000	0.0000	0.0000	0.0000	0.0000	0.0000	0.0000	0.0000	0.0000	0.0000	0.0000	0.0000	0.0000											
43	97	0.6446	8	0	0	0	1	0	0	0	0	N	N	N	N	N	N	N	N	N	N	N	N	0.0001	0.0001	0.0000	0.0001	0.0001	0.0000	0.0000	0.0000	0.0000	0.0002	0.0002	0.0000	0.0004	0.0004	0.0000	0.0000	0.0000	0.0000	1.8519	2.6251	0.0014	3.8386	3.9402	0.0229	0.1090	1.4547	0.0000	0.0000	0.0014	-0.0000	-0.0074	2.8187	3.9994	0.0347	4.0000	0.0001	0.0001	0.0000	0.0001	0.0001	0.0000	0.0000	0.0000	0.0000	0.0141	0.0141	0.0000	0.0140	0.0139	0.0000	0.0002	0.0002	0.0000	0.3511	0.3137	0.0374	0.1912	0.1782	0.0130	0.1598	0.1355	0.0243	0.0344	0.0203	0.0141	0.0150	0.0132	0.0018	0.0194	0.0071	0.0123	0.0005	0.0003	0.0000	0.0004	0.0004	0.0000	0.0000	0.0000	0.0000	0.4110	0.6946	0.0014	0.9329	1.0551	0.0114	0.0091	0.0250	0.0000
43	98	0.0885	5	0	0	0	1	0	0	0	0	N	N	N	N	N	N	N	N	N	N	N	N	0.0000	0.0000	0.0000	0.0000	0.0000	0.0000	0.0000	0.0000	0.0000	0.0000	0.0000	0.0000	0.0000	0.0000	0.0000	0.0000	0.0000	0.0000	0.0000	0.0000	2.8187	1.0000	0.0347	0.0000	0.0000	0.0000	0.0000	0.0000	0.0000	0.0000	0.0000	0.0000	0.0000	0.0000	0.0000	0.0000	0.0000	0.0000	0.0000	0.0000	0.0000	0.0000	0.1543	0.1366	0.0177	0.0103	0.0098	0.0006	0.1440	0.1268	0.0172	0.0129	0.0059	0.0070	0.0032	0.0027	0.0005	0.0097	0.0032	0.0066	0.0000	0.0000	0.0000	0.0000	0.0000	0.0000	0.0000	0.0000	0.0000	0.0000	0.0000	0.0000	0.0000	0.0000	0.0000	0.0000	0.0000	0.0000											
43	99	0.5336	7	0	0	0	1	0	0	0	0	N	N	N	N	N	N	N	N	N	N	N	N	3.9202	5.9396	0.0001	12.3276	14.9182	0.0000	0.1818	0.2794	0.0000	0.0223	0.0251	0.0000	0.0388	0.0415	0.0000	0.0001	0.0001	0.0000	0.0057	0.0042	0.0007	0.0031	0.0028	0.0000	0.0006	0.0005	0.0008	0.0000	0.5446	-0.0013	-0.0000	2.8187	1.5982	0.0347	11.1970	0.0052	0.0052	0.0000	0.0052	0.0052	0.0000	0.0000	0.0000	0.0000	0.0001	0.0000	0.0000	0.0000	0.0000	0.0000	0.0000	0.0000	0.0000	0.2322	0.2061	0.0262	0.1331	0.1244	0.0087	0.0991	0.0817	0.0174	0.0722	0.0430	0.0292	0.0330	0.0295	0.0035	0.0392	0.0135	0.0257	26.3117	27.2630	0.0001	32.2138	30.9479	0.0000	0.2113	43.1088	0.0000	0.0008	0.0009	0.0007	0.0012	0.0013	0.0000	0.0005	0.0000	0.0008
43	100	0.7036	11	1	1	1	1	0	0	0	0	N	N	N	N	N	N	N	N	N	N	N	N	0.0000	0.0000	0.0000	0.0000	0.0000	0.0000	0.0000	0.0000	0.0000	0.0000	0.0000	0.0000	0.0000	0.0000	0.0000	0.0000	0.0326	0.0505	0.0000	0.0189	0.0205	0.0000	0.0000	0.0000	0.0000	0.0008	0.0000	-0.0000	2.8187	0.0000	0.0347	0.9982	0.0000	0.0000	0.0000	0.0000	0.0000	0.0000	0.0000	0.0000	0.0000	0.0000	0.0000	0.0000	0.0000	0.0000	0.0000	0.0000	0.0000	0.0000	0.0100	0.0092	0.0007	0.0082	0.0079	0.0003	0.0017	0.0013	0.0004	0.0041	0.0027	0.0014	0.0022	0.0020	0.0002	0.0019	0.0007	0.0012	0.0000	0.0000	0.0000	0.0000	0.0000	0.0000	0.0000	0.0000	0.0000	0.0025	0.0037	0.0000	0.0046	0.0051	0.0000	0.0000	0.0000	0.0000			
43	101	0.1232	8	1	1	1	1	0	0	0	0	N	N	N	N	N	N	N	N	N	N	N	N	0.0000	0.0000	0.0000	0.0000	0.0000	0.0000	0.0000	0.0000	0.0000	0.0000	0.0000	0.0000	0.0000	0.0000	0.0000	0.0000	0.0000	0.0000	0.0000	0.0000	2.8187	0.0000	0.0347	0.0000	0.0000	0.0000	0.0000	0.0000	0.0000	0.0000	0.0000	0.0000	0.0000	0.0000	0.0000	0.0000	0.0000	0.0000	0.0000	0.0000	0.0000	0.0000	0.0000	0.0000	0.0000	0.0000	0.0000	0.0000	0.0000	0.0000	0.0000	0.0000	0.0000	0.0000	0.0000	0.0000	0.0000	0.0000	0.0000	0.0000	0.0000	0.0000	0.0000	0.0000	0.0000	0.0000	0.0000	0.0000	0.0000	0.0000	0.0000	0.0000	0.0000	0.0000	0.0000	0.0000	0.0000	0.0000											
43	102	0.1232	7	1	0	1	1	0	0	0	0	N	N	N	N	N	N	N	N	N	N	N	N	0.0000	0.0000	0.0000	0.0000	0.0000	0.0000	0.0000	0.0000	0.0000	0.0000	0.0000	0.0000	0.0000	0.0000	0.0000	0.0000	0.0000	0.0000	0.0000	0.0000	2.8187	0.0000	0.0347	0.0000	0.0000	0.0000	0.0000	0.0000	0.0000	0.0000	0.0000	0.0000	0.0000	0.0000	0.0000	0.0000	0.0000	0.0000	0.0000	0.0000	0.0000	0.0000	0.0000	0.0000	0.0000	0.0000	0.0000	0.0000	0.0000	0.0000	0.0000	0.0000	0.0000	0.0000	0.0000	0.0000	0.0000	0.0000	0.0000	0.0000	0.0000	0.0000	0.0000	0.0000	0.0000	0.0000	0.0000	0.0000	0.0000	0.0000	0.0000	0.0000	0.0000	0.0000	0.0000	0.0000	0.0000	0.0000											
43	103	0.1171	6	1	0	1	1	0	0	0	0	N	N	N	N	N	N	N	N	N	N	N	N	0.0000	0.0000	0.0000	0.0000	0.0000	0.0000	0.0000	0.0000	0.0000	0.0000	0.0000	0.0000	0.0000	0.0000	0.0000	0.0000	0.0000	0.0000	0.0000	0.0000	2.8187	0.0000	0.0347	1.0091	0.0000	0.0000	0.0000	0.0000	0.0000	0.0000	0.0000	0.0000	0.0000	0.0000	0.0000	0.0000	0.0000	0.0000	0.0000	0.0000	0.0000	0.0000	0.0000	0.0000	0.0000	0.0000	0.0000	0.0000	0.0000	0.0000	0.0000	0.0078	0.0029	0.0048	0.0004	0.0004	0.0001	0.0073	0.0026	0.0048	0.0000	0.0000	0.0000	0.0000	0.0000	0.0000	0.0000	0.0000	0.0000	0.0000	0.0000	0.0000	0.0000	0.0000	0.0000	0.0000	0.0000	0.0000											
43	104	0.6446	8	0	1	0	1	0	0	0	0	N	N	N	N	N	N	N	N	N	N	N	N	inf	inf	inf	inf	inf	inf	1.5494	1.7335	0.0000	2.9325	3.1420	0.0000	0.0003	0.0003	0.0000	0.0000	0.0000	0.0000	0.0000	0.0000	0.0000	0.0000	0.0000	0.0000	0.0000	-0.2588	0.0000	2.8187	7.9994	0.0347	4.0001	0.9947	0.9947	0.0000	0.9946	0.9946	0.0000	0.0001	0.0001	0.0000	0.0000	0.0000	0.0000	0.0000	0.0000	0.0000	0.0000	0.0000	0.0000	0.6420	0.5738	0.0682	0.3392	0.3166	0.0226	0.3028	0.2573	0.0456	0.0496	0.0294	0.0202	0.0218	0.0192	0.0026	0.0278	0.0102	0.0176	inf	inf	0.0000	inf	inf	0.0000	inf	inf	0.0000	0.0000	0.0000	0.0000	0.0000	0.0000	0.0000	0.0000	0.0000	0.0000				
43	105	0.7071	12	1	0	1	1	0	0	0	0	N	N	N	N	N	N	N	N	N	N	N	N	0.0000	0.0000	0.0539	0.0000	0.0000	0.0000	0.0224	0.1351	0.0000	0.0000	0.0000	0.0000	0.0000	0.0000	0.0000	0.0000	0.0000	0.0364	0.0527	0.0002	0.0209	0.0214	0.0008	0.0001	0.0000	0.0002	inf	0.0319	0.0000	-0.0000	2.8187	1.0000	0.0347	1.0005	0.0000	0.0000	0.0000	0.0000	0.0000	0.0000	0.0000	0.0000	0.0000	0.0000	0.0000	0.0000	0.0000	0.0000	0.0000	0.0000	0.0000	0.0000	0.0952	0.0865	0.0087	0.0577	0.0544	0.0033	0.0375	0.0321	0.0054	0.0080	0.0053	0.0027	0.0043	0.0038	0.0004	0.0037	0.0014	0.0023	0.0004	0.0000	0.0539	0.0000	0.0000	0.0000	0.0316	0.0000	0.1351	0.0026	0.0038	0.0002	0.0047	0.0052	0.0007	0.0001	0.0000	0.0002	
43	106	0.7036	11	1	0	1	1	0	0	0	0	N	N	N	N	N	N	N	N	N	N	N	N	0.0032	0.0022	0.0000	0.0027	0.0031	0.0000	0.0000	0.0000	0.0000	0.0000	0.0000	0.0000	0.0000	0.0000	0.0000	0.0000	0.0000	0.0005	0.0008	0.0000	0.0009	0.0009	0.0000	0.0001	0.0006	0.0000	0.0008	0.0565	-0.0000	-0.0000	2.8187	0.7249	0.0347	0.0368	0.0000	0.0000	0.0000	0.0000	0.0000	0.0000	0.0000	0.0000	0.0000	0.0000	0.0000	0.0000	0.0000	0.0000	0.0000	0.0000	0.0000	0.0000	0.0791	0.0720	0.0071	0.0501	0.0474	0.0027	0.0290	0.0247	0.0044	0.0031	0.0021	0.0011	0.0017	0.0015	0.0002	0.0014	0.0005	0.0009	0.0074	0.0056	0.0000	0.0066	0.0063	0.0000	0.0000	0.0000	0.0000	0.0002	0.0003	0.0000	0.0004	0.0004	0.0000	0.0000	0.0000	0.0000	
43	107	0.7021	10	1	0	1	1	0	0	0	0	N	N	N	N	N	N	N	N	N	N	N	N	0.0079	0.0026	0.0611	0.0020	0.0030	0.0038	0.0287	0.1435	0.0000	0.0000	0.0000	0.0000	0.0000	0.0000	0.0000	0.0000	0.0000	0.0004	0.0003	0.0005	0.0006	0.0003	0.0015	0.0002	0.0000	0.0003	4.0021	8.7367	0.0000	0.0000	2.8187	0.4159	0.0347	0.0887	0.0000	0.0000	0.0000	0.0000	0.0000	0.0000	0.0000	0.0000	0.0000	0.0000	0.0000	0.0000	0.0000	0.0000	0.0000	0.0000	0.0000	0.0000	0.0498	0.0456	0.0042	0.0337	0.0319	0.0018	0.0161	0.0138	0.0023	0.0022	0.0015	0.0007	0.0012	0.0011	0.0001	0.0010	0.0004	0.0006	0.0173	0.0245	0.0611	0.0077	0.0254	0.0048	0.0347	0.0000	0.1435	0.0002	0.0000	0.0005	0.0002	0.0000	0.0012	0.0002	0.0000	0.0003	
43	108	0.6859	9	1	0	0	1	0	0	0	0	N	N	N	N	N	N	N	N	N	N	N	N	33.6248	18.0472	0.0000	18.9429	21.6457	914.9495	6.0508	0.0000	0.0041	0.0046	0.0000	0.0064	0.0068	0.0000	0.0012	0.0014	0.0000	0.0001	0.0003	0.0000	0.0003	0.0003	0.0000	0.0000	0.0002	0.0000	0.0000	0.0302	-0.0004	-0.0000	2.8187	3.9943	0.0347	0.9974	0.0015	0.0015	0.0000	0.0013	0.0013	0.0000	0.0002	0.0002	0.0000	0.0000	0.0000	0.0000	0.0000	0.0000	0.0000	0.0000	0.0000	0.0000	0.3538	0.3194	0.0343	0.2007	0.1887	0.0120	0.1531	0.1308	0.0224	0.0209	0.0132	0.0077	0.0108	0.0097	0.0011	0.0100	0.0035	0.0065	237.4217	171.2861	0.0000	197.6222	188.3937	0.0000	914.9495	2196.1156	0.0000	0.0000	0.0000	0.0000	0.0000	0.0000	0.0000	0.0000	0.0000	0.0000	
43	109	0.1171	6	1	0	1	1	0	0	0	0	N	N	N	N	N	N	N	N	N	N	N	N	0.0000	0.0000	0.0000	0.0000	0.0000	0.0000	0.0000	0.0000	0.0000	0.0000	0.0000	0.0000	0.0000	0.0000	0.0000	0.0000	0.0000	0.0000	0.0000	0.0000	2.8187	0.0000	0.0347	0.9909	0.0000	0.0000	0.0000	0.0000	0.0000	0.0000	0.0000	0.0000	0.0000	0.0000	0.0000	0.0000	0.0000	0.0000	0.0000	0.0000	0.0000	0.0000	0.0000	0.0000	0.0000	0.0000	0.0000	0.0000	0.0000	0.0000	0.0000	0.0076	0.0029	0.0047	0.0004	0.0004	0.0001	0.0072	0.0025	0.0047	0.0000	0.0000	0.0000	0.0000	0.0000	0.0000	0.0000	0.0000	0.0000	0.0000	0.0000	0.0000	0.0000	0.0000	0.0000	0.0000	0.0000	0.0000											
43	110	0.0885	5	1	0	1	1	0	0	0	0	N	N	N	N	N	N	N	N	N	N	N	N	0.0000	0.0000	0.0000	0.0000	0.0000	0.0000	0.0000	0.0000	0.0000	0.0000	0.0000	0.0000	0.0000	0.0000	0.0000	0.0000	0.0000	0.0000	0.0000	0.0000	2.8187	4.0000	0.0347	0.0000	0.0000	0.0000	0.0000	0.0000	0.0000	0.0000	0.0000	0.0000	0.0000	0.0000	0.0000	0.0000	0.0000	0.0000	0.0000	0.0000	0.0000	0.0000	0.3092	0.2741	0.0350	0.0217	0.0205	0.0012	0.2875	0.2536	0.0338	0.0267	0.0121	0.0146	0.0064	0.0055	0.0009	0.0202	0.0066	0.0136	0.0000	0.0000	0.0000	0.0000	0.0000	0.0000	0.0000	0.0000	0.0000	0.0000	0.0000	0.0000	0.0000	0.0000	0.0000	0.0000	0.0000	0.0000											
43	112	0.6905	9	0	0	1	1	0	0	0	0	N	N	N	N	N	N	N	N	N	N	N	N	0.0000	0.0000	0.0000	0.0000	0.0000	0.0000	0.0000	0.0000	0.0000	0.0000	0.0000	0.0000	0.0000	1.2731	1.7592	0.0000	1.9355	1.9865	0.0000	0.0000	0.0000	0.0000	0.0007	0.0000	-0.0000	2.8187	0.0000	0.0347	0.0001	0.0000	0.0000	0.0000	0.0000	0.0000	0.0000	0.0000	0.0000	0.0000	0.0000	0.0000	0.0000	0.0000	0.0000	0.0000	0.0000	0.0000	0.0000	0.0000	0.0000	0.0000	0.0000	0.0000	0.0000	0.0000	0.0000	0.0000	0.0000	0.0000	0.0000	0.0000	0.0000	0.0000	0.0000	0.0000	0.0000	0.0000	0.0000	0.0000	0.0000	0.0000	0.0000	0.0000	0.0000	0.0000	0.0979	0.1464	0.0000	0.1772	0.1925	0.0000	0.0000	0.0000	0.0000						
43	113	0.6446	8	0	0	1	1	0	0	0	0	N	N	N	N	N	N	N	N	N	N	N	N	1.5532	1.2487	0.0000	1.3818	1.4747	0.0000	0.9846	inf	0.0000	2.8329	3.1703	0.0000	5.1999	5.5804	0.0000	0.0005	0.0006	0.0000	1.8239	2.5389	0.0006	3.7632	3.7841	0.0000	0.0005	0.0000	0.0007	0.0000	0.0007	-0.2588	-0.0076	2.8187	4.0004	0.0347	4.9999	0.9947	0.9947	0.0000	0.9946	0.9946	0.0000	0.0001	0.0001	0.0000	0.0147	0.0147	0.0000	0.0147	0.0147	0.0000	0.0000	0.0000	0.0000	0.3511	0.3138	0.0374	0.1913	0.1782	0.0130	0.1599	0.1355	0.0243	0.0383	0.0227	0.0157	0.0167	0.0147	0.0020	0.0216	0.0079	0.0137	7.3987	4.9002	0.0000	5.9250	5.6125	0.0000	1.0975	inf	0.0000	0.3829	0.6470	0.0006	0.8776	0.9943	0.0000	0.0005	0.0000	0.0007
43	114	0.0559	4	0	1	0	1	0	0	0	0	N	N	N	N	N	N	N	N	N	N	N	N	3.8459	604.4924	0.0009	19.0132	20.9323	0.0000	9.6934	inf	0.0023	2.0154	2.2870	0.0001	0.0937	0.0963	0.0000	2.2927	2.6414	0.0001	0.5240	0.0038	0.0790	0.0049	0.0046	0.0000	0.2365	0.0000	0.0323	0.0000	25.1517	-0.2592	0.0005	2.8187	4.3361	0.0347	4.6323	0.9963	0.9963	0.0000	0.0058	0.0058	0.0000	0.9905	0.9905	0.0000	0.0012	0.0000	0.0011	0.0000	0.0000	0.0000	0.0011	0.0000	0.0011	0.4944	0.4356	0.0587	0.0623	0.0607	0.0017	0.4320	0.3750	0.0570	0.0993	0.0515	0.0478	0.0239	0.0218	0.0020	0.0755	0.0297	0.0458	168.5941	2593.5340	0.0030	49.2290	46.2508	0.0000	151.5061	inf	0.0029	0.0120	0.0009	0.0239	0.0019	0.0021	0.0000	0.0151	0.0000	0.0249
43	116	0.6446	8	0	1	0	2	0	0	0	0	N	N	N	Y	N	N	N	N	N	N	N	N	0.0252	inf	0.0000	inf	inf	0.0000	0.0000	0.0000	0.0000	0.0000	0.0000	0.0000	0.0000	0.0000	0.0000	0.0000	0.0009	0.0000	0.0008	0.0000	0.0000	0.0000	0.0007	0.0000	0.0009	0.0000	inf	-0.0000	0.0000	2.8187	5.0006	0.0347	2.0000	0.0000	0.0000	0.0000	0.0000	0.0000	0.0000	0.0000	0.0000	0.0000	0.0000	0.0000	0.0000	0.0000	0.0000	0.0000	0.0000	0.0000	0.0000	0.4288	0.3832	0.0456	0.2317	0.2160	0.0157	0.1971	0.1672	0.0299	0.0304	0.0179	0.0125	0.0132	0.0117	0.0015	0.0172	0.0063	0.0109	0.0709	inf	0.0000	inf	inf	0.0000	0.0000	0.0000	0.0000	0.0003	0.0000	0.0008	0.0000	0.0000	0.0000	0.0006	0.0000	0.0009		
43	117	0.0885	5	0	1	0	2	0	0	0	0	N	N	N	Y	N	N	N	N	N	N	N	N	0.0000	0.0000	0.0000	0.0000	0.0000	0.0000	0.0000	0.0000	0.0000	0.0000	0.0000	0.0000	0.0000	0.0000	0.0000	0.0000	0.0000	0.0000	0.0000	0.0000	2.8187	0.0000	0.0347	1.0000	0.0000	0.0000	0.0000	0.0000	0.0000	0.0000	0.0000	0.0000	0.0000	0.0000	0.0000	0.0000	0.0000	0.0000	0.0000	0.0000	0.0000	0.0000	0.0000	0.0000	0.0000	0.0000	0.0000	0.0000	0.0000	0.0000	0.0000	0.0099	0.0045	0.0054	0.0025	0.0021	0.0003	0.0074	0.0024	0.0050	0.0000	0.0000	0.0000	0.0000	0.0000	0.0000	0.0000	0.0000	0.0000	0.0000	0.0000	0.0000	0.0000	0.0000	0.0000	0.0000	0.0000	0.0000											
43	118	0.6446	8	0	1	0	1	0	0	0	0	N	N	N	N	N	N	N	N	N	N	N	N	5361.4702	3227.0664	inf	2644.5870	2961.7463	inf	inf	inf	inf	1.5720	1.7573	0.0007	2.0672	2.2091	0.0005	1.0768	1.2618	0.0007	0.0003	0.0005	0.0000	0.0008	0.0007	0.0000	0.0000	0.0000	0.0000	0.0000	0.0000	-0.4707	-0.0000	2.8187	16.9994	0.0347	6.0000	1.8093	1.8092	0.0001	1.1897	1.1897	0.0000	0.6196	0.6195	0.0001	0.0000	0.0000	0.0000	0.0000	0.0000	0.0000	0.0000	0.0000	0.0000	1.1509	1.0295	0.1214	0.5755	0.5385	0.0370	0.5754	0.4910	0.0844	0.0856	0.0512	0.0344	0.0384	0.0338	0.0046	0.0473	0.0174	0.0298	13463.0103	8999.5511	inf	7936.0115	7458.6217	inf	inf	inf	inf	0.0001	0.0002	0.0000	0.0003	0.0003	0.0000	0.0000	0.0000	0.0000
43	119	0.0885	5	0	1	0	1	0	0	0	0	N	N	N	N	N	N	N	N	N	N	N	N	0.0012	0.0004	0.0000	0.0089	0.0085	0.0000	0.0000	0.0002	0.0002	0.0000	0.0022	0.0024	0.0000	0.0000	0.0000	0.0000	0.1393	0.4065	0.0009	0.2516	0.2797	0.0000	0.0008	0.0000	0.0009	0.0000	0.1304	-0.0000	-0.0001	2.8187	5.0000	0.0347	6.0000	0.0001	0.0001	0.0000	0.0001	0.0001	0.0000	0.0000	0.0000	0.0000	0.0003	0.0002	0.0000	0.0002	0.0002	0.0000	0.0000	0.0000	0.0000	0.3732	0.3311	0.0421	0.0267	0.0252	0.0015	0.3465	0.3059	0.0406	0.0628	0.0282	0.0347	0.0141	0.0120	0.0021	0.0488	0.0162	0.0326	0.0388	0.0222	0.0000	0.1373	0.1239	0.0000	0.0000	0.0000	0.0000	0.0041	0.0082	0.0009	0.0164	0.0192	0.0000	0.0006	0.0000	0.0009		
43	120	0.1166	6	0	1	0	1	0	0	0	0	N	N	N	N	N	N	N	N	N	N	N	N	0.0008	0.0004	0.0000	0.0009	0.0010	0.0000	0.0001	0.0006	0.0000	0.0003	0.0003	0.0000	0.0006	0.0006	0.0000	0.0000	0.0000	0.0000	0.3489	0.7166	0.0012	0.6102	0.5946	0.0000	0.0015	0.0003	0.0012	0.0000	0.1002	-0.0000	-0.0000	2.8187	0.9998	0.0347	0.9486	0.0000	0.0000	0.0000	0.0000	0.0000	0.0000	0.0000	0.0000	0.0000	0.0001	0.0001	0.0000	0.0001	0.0001	0.0000	0.0000	0.0000	0.0000	0.0757	0.0686	0.0070	0.0355	0.0338	0.0017	0.0401	0.0348	0.0053	0.0134	0.0056	0.0079	0.0024	0.0023	0.0001	0.0110	0.0032	0.0078	0.0350	0.0176	0.0000	0.0145	0.0149	0.0000	0.0002	0.1677	0.0000	0.0075	0.0165	0.0012	0.0385	0.0394	0.0000	0.0008	0.0000	0.0012
43	121	0.0885	5	0	1	0	1	0	0	0	0	N	N	N	N	N	N	N	N	N	N	N	N	0.0359	0.0151	0.0000	0.0001	0.0002	1.0947	0.4443	0.0000	0.0000	0.0001	0.0000	0.0000	0.0000	0.0000	0.0001	0.0001	0.0000	0.0014	0.0036	0.0000	0.0043	0.0043	0.0000	0.0000	0.0001	0.0000	0.0000	0.0453	-0.0000	-0.0000	2.8187	3.0005	0.0347	1.1085	0.0000	0.0000	0.0000	0.0000	0.0000	0.0000	0.0000	0.0000	0.0000	0.0000	0.0000	0.0000	0.0000	0.0000	0.0000	0.0000	0.0000	0.0000	0.4056	0.3600	0.0456	0.0293	0.0277	0.0016	0.3763	0.3323	0.0440	0.0466	0.0210	0.0256	0.0108	0.0093	0.0016	0.0358	0.0118	0.0240	0.1199	0.0637	0.0000	0.0004	0.0003	0.0000	2.2856	503.2034	0.0000	0.0004	0.0009	0.0000	0.0017	0.0020	0.0000	0.0000	0.0000	0.0000	
43	122	0.6859	9	0	1	0	1	0	0	0	0	N	N	N	N	N	N	N	N	N	N	N	N	inf	inf	inf	inf	inf	inf	0.0001	0.0001	0.0000	0.0001	0.0001	0.0000	0.0000	0.0000	0.0000	0.0000	0.0000	0.0000	0.0000	0.0000	0.0000	0.0000	0.0000	0.0000	0.0000	-0.0000	0.0000	2.8187	2.0001	0.0347	3.0000	0.0000	0.0000	0.0000	0.0000	0.0000	0.0000	0.0000	0.0000	0.0000	0.0000	0.0000	0.0000	0.0000	0.0000	0.0000	0.0000	0.0000	0.0000	0.1873	0.1693	0.0180	0.1085	0.1020	0.0065	0.0788	0.0672	0.0116	0.0209	0.0132	0.0077	0.0108	0.0097	0.0011	0.0100	0.0035	0.0066	inf	inf	0.0000	inf	inf	0.0000	inf	inf	0.0000	0.0000	0.0000	0.0000	0.0000	0.0000	0.0000	0.0000	0.0000	0.0000				
43	123	0.6446	8	0	0	0	1	0	0	0	0	N	N	N	N	N	N	N	N	N	N	N	N	269205.0249	33715.3906	52997.3057	62854.4760	inf	inf	1.7312	1.9371	0.0000	3.2529	3.4866	0.0000	0.0003	0.0004	0.0000	0.0000	0.0001	0.0000	0.0001	0.0001	0.0000	0.0000	0.0000	0.0000	0.0000	0.0000	-0.2585	-0.0000	2.8187	6.9986	0.0347	2.0000	0.9935	0.9935	0.0000	0.9934	0.9934	0.0000	0.0001	0.0001	0.0000	0.0000	0.0000	0.0000	0.0000	0.0000	0.0000	0.0000	0.0000	0.0000	0.5739	0.5129	0.0610	0.3054	0.2849	0.0205	0.2685	0.2280	0.0405	0.0383	0.0227	0.0157	0.0167	0.0147	0.0020	0.0216	0.0079	0.0137	20096435.8693	13298543.1203	0.0000	18109109.6964	15575184.9113	0.0000	inf	inf	0.0000	0.0000	0.0000	0.0000	0.0000	0.0000	0.0000	0.0000	0.0000	0.0000			
43	124	0.1220	6	0	1	0	1	0	0	0	0	N	N	N	N	N	N	N	N	N	N	N	N	4.9648	3.5204	0.0000	12.0668	12.7970	0.0424	inf	0.0000	0.0005	0.0005	0.0000	0.0023	0.0024	0.0000	0.0000	0.0000	0.0000	0.0001	0.0001	0.0000	0.0002	0.0002	0.0000	0.0000	0.0000	0.0000	0.0000	2.6144	-0.0001	0.0000	2.8187	3.9006	0.0347	3.1543	0.0003	0.0003	0.0000	0.0003	0.0003	0.0000	0.0000	0.0000	0.0000	0.0000	0.0000	0.0000	0.0000	0.0000	0.0000	0.0000	0.0000	0.0000	0.5569	0.5012	0.0557	0.1112	0.1061	0.0051	0.4457	0.3951	0.0506	0.0636	0.0276	0.0360	0.0168	0.0143	0.0025	0.0468	0.0132	0.0335	66.3572	115.5748	0.0000	316.2156	283.8684	0.0000	0.0424	inf	0.0000	0.0000	0.0000	0.0000	0.0000	0.0000	0.0000	0.0000	0.0000	0.0000	
43	125	0.0885	5	0	1	0	1	0	0	0	0	N	N	N	N	N	N	N	N	N	N	N	N	1.4910	0.5809	0.0000	0.8077	0.9337	275.2589	4.7072	0.0000	0.0009	0.0010	0.0000	0.0023	0.0024	0.0000	0.0008	0.0009	0.0000	0.0006	0.0018	0.0000	0.0028	0.0026	0.0000	0.0000	0.0002	0.0000	0.0000	0.0084	-0.0001	-0.0000	2.8187	1.6924	0.0347	1.9110	0.0002	0.0002	0.0000	0.0000	0.0000	0.0000	0.0002	0.0002	0.0000	0.0000	0.0000	0.0000	0.0000	0.0000	0.0000	0.0000	0.0000	0.0000	0.2490	0.2206	0.0284	0.0172	0.0162	0.0009	0.2318	0.2044	0.0274	0.0417	0.0189	0.0229	0.0098	0.0084	0.0014	0.0319	0.0105	0.0214	3.5722	1.8377	0.0000	2.1245	1.9219	0.0000	275.2589	1863.5233	0.0000	0.0003	0.0006	0.0000	0.0011	0.0013	0.0000	0.0000	0.0000	0.0000	
43	126	0.6446	8	0	1	0	1	0	0	0	0	N	N	N	N	N	N	N	N	N	N	N	N	0.0000	0.0005	0.0000	0.0001	0.0008	0.0000	0.0000	0.0000	0.0000	0.0000	0.0000	0.0000	0.0000	0.0000	0.0000	0.0000	0.0000	0.0000	0.0051	0.0001	0.0019	0.0014	0.0001	0.0080	0.0020	0.0002	0.0015	0.0000	1224.5118	-0.0000	0.0000	2.8187	0.9996	0.0347	8.0005	0.0000	0.0000	0.0000	0.0000	0.0000	0.0000	0.0000	0.0000	0.0000	0.0000	0.0000	0.0000	0.0000	0.0000	0.0000	0.0000	0.0000	0.0000	0.0946	0.0845	0.0101	0.0529	0.0492	0.0037	0.0417	0.0353	0.0064	0.0383	0.0227	0.0157	0.0167	0.0147	0.0020	0.0216	0.0079	0.0137	0.0001	0.0460	0.0000	0.0001	0.0642	0.0000	0.0000	0.0000	0.0000	0.0008	0.0000	0.0019	0.0006	0.0000	0.0051	0.0009	0.0000	0.0015
43	127	0.5500	8	0	0	0	1	0	0	0	0	N	N	N	N	N	N	N	N	N	N	N	N	1535.5024	1247.3953	0.0009	10.6789	13.8789	0.0002	63284.2081	23770.3896	0.0016	2.4594	2.7628	0.0000	0.0219	0.0235	0.0000	5.8906	7.0517	0.0000	0.0016	0.0022	0.0002	0.0020	0.0017	0.0007	0.0001	0.0003	0.0001	0.0000	0.1709	-0.2604	-0.0000	2.8187	3.6536	0.0347	12.3970	1.0008	1.0008	0.0000	0.0052	0.0052	0.0000	0.9956	0.9956	0.0000	0.0000	0.0000	0.0000	0.0000	0.0000	0.0000	0.0000	0.0000	0.0000	0.4069	0.3622	0.0447	0.2379	0.2211	0.0169	0.1690	0.1412	0.0278	0.0788	0.0469	0.0319	0.0360	0.0317	0.0043	0.0428	0.0152	0.0277	5632.5473	4406.4719	0.0009	24.6620	25.4102	0.0002	100763.9437	6184687.6428	0.0016	0.0004	0.0006	0.0002	0.0009	0.0009	0.0006	0.0001	0.0000	0.0001
43	128	0.3389	6	0	0	0	1	0	0	0	0	N	N	N	N	N	N	N	N	N	N	N	N	107.9399	100.4907	0.3661	207.5625	235.5095	0.1283	1719.9558	475.3793	0.4778	0.7251	0.8119	0.0001	1.0715	1.1462	0.0001	0.3624	0.4267	0.0001	0.0067	0.0081	0.0003	0.0052	0.0049	0.0004	0.0002	0.0009	0.0003	0.0000	0.1347	-0.1183	-0.0001	2.8187	5.3495	0.0347	12.4099	0.4546	0.4546	0.0000	0.3436	0.3436	0.0000	0.1110	0.1110	0.0000	0.0001	0.0001	0.0000	0.0001	0.0001	0.0000	0.0000	0.0000	0.0000	0.6270	0.5599	0.0671	0.3206	0.2997	0.0209	0.3064	0.2602	0.0462	0.1523	0.0895	0.0628	0.0664	0.0581	0.0083	0.0859	0.0314	0.0545	763.7569	570.2032	0.3661	546.3610	524.2928	0.1312	2173.6196	39266.2331	0.4778	0.0009	0.0014	0.0003	0.0020	0.0022	0.0004	0.0002	0.0000	0.0003
43	129	0.7561	14	0	1	0	2	0	0	0	0	N	N	N	Y	N	N	N	N	N	N	N	N	0.0000	0.0000	0.0000	0.0000	0.0000	0.0000	0.0000	0.0000	0.0000	0.0000	0.0000	0.0000	0.0000	0.0000	0.0000	0.0000	0.0000	0.0000	0.0000	0.0000	2.8187	0.0000	0.0347	0.0000	0.0000	0.0000	0.0000	0.0000	0.0000	0.0000	0.0000	0.0000	0.0000	0.0000	0.0000	0.0000	0.0000	0.0000	0.0000	0.0000	0.0000	0.0000	0.0000	0.0000	0.0000	0.0000	0.0000	0.0000	0.0000	0.0000	0.0000	0.0000	0.0000	0.0000	0.0000	0.0000	0.0000	0.0000	0.0000	0.0000	0.0000	0.0000	0.0000	0.0000	0.0000	0.0000	0.0000	0.0000	0.0000	0.0000	0.0000	0.0000	0.0000	0.0000	0.0000	0.0000	0.0000	0.0000											
43	130	0.7398	13	0	1	0	2	0	0	0	0	N	N	N	Y	N	N	N	N	N	N	N	N	0.0000	0.0000	0.0000	0.0000	0.0000	0.0000	0.0000	0.0000	0.0000	0.0000	0.0000	0.0000	0.0000	0.0916	0.0000	0.0238	0.0000	0.0000	0.0000	0.0681	0.0000	0.0112	inf	0.0000	0.0000	2.8187	0.0000	0.0347	3.0001	0.0000	0.0000	0.0000	0.0000	0.0000	0.0000	0.0000	0.0000	0.0000	0.0000	0.0000	0.0000	0.0000	0.0000	0.0000	0.0000	0.0000	0.0000	0.0000	0.0000	0.0000	0.0000	0.0000	0.0000	0.0000	0.0000	0.0000	0.0116	0.0074	0.0042	0.0060	0.0053	0.0007	0.0056	0.0021	0.0036	0.0000	0.0000	0.0000	0.0000	0.0000	0.0000	0.0000	0.0000	0.0000	0.0034	0.0000	0.0094	0.0000	0.0000	0.0000	0.0071	0.0000	0.0112						
43	131	0.7301	12	0	1	0	1	0	0	0	0	N	N	N	N	N	N	N	N	N	N	N	N	0.0000	0.0000	0.0000	0.0000	0.0000	0.0000	0.0000	0.0000	0.0000	0.0000	0.0000	0.0000	0.0000	0.0000	0.0000	0.0000	0.0000	0.0000	0.0000	0.0000	2.8187	0.0000	0.0347	0.0000	0.0000	0.0000	0.0000	0.0000	0.0000	0.0000	0.0000	0.0000	0.0000	0.0000	0.0000	0.0000	0.0000	0.0000	0.0000	0.0000	0.0000	0.0000	0.0000	0.0000	0.0000	0.0000	0.0000	0.0000	0.0000	0.0000	0.0000	0.0000	0.0000	0.0000	0.0000	0.0000	0.0000	0.0000	0.0000	0.0000	0.0000	0.0000	0.0000	0.0000	0.0000	0.0000	0.0000	0.0000	0.0000	0.0000	0.0000	0.0000	0.0000	0.0000	0.0000	0.0000	0.0000	0.0000											
43	132	0.7398	13	0	0	1	2	0	0	0	0	N	N	N	Y	N	N	N	N	N	N	N	N	0.0000	0.0000	0.0000	0.0000	0.0000	0.0000	0.0000	0.0000	0.0000	0.0000	0.0000	0.0000	0.0000	0.0000	0.0000	0.0000	0.0000	0.0000	0.0000	0.0000	2.8187	0.0000	0.0347	1.9999	0.0000	0.0000	0.0000	0.0000	0.0000	0.0000	0.0000	0.0000	0.0000	0.0000	0.0000	0.0000	0.0000	0.0000	0.0000	0.0000	0.0000	0.0000	0.0000	0.0000	0.0000	0.0000	0.0000	0.0000	0.0000	0.0000	0.0000	0.0078	0.0050	0.0029	0.0040	0.0036	0.0005	0.0038	0.0014	0.0024	0.0000	0.0000	0.0000	0.0000	0.0000	0.0000	0.0000	0.0000	0.0000	0.0000	0.0000	0.0000	0.0000	0.0000	0.0000	0.0000	0.0000	0.0000											
43	133	0.7508	14	0	0	1	2	0	0	0	0	N	N	N	Y	N	N	N	N	N	N	N	N	0.0000	0.0000	0.0000	0.0000	0.0000	0.0000	0.0000	0.0000	0.0000	0.0000	0.0000	0.0000	0.0000	0.0000	0.0000	0.0000	0.0000	0.0000	0.0000	0.0000	2.8187	1.0000	0.0347	0.0000	0.0000	0.0000	0.0000	0.0000	0.0000	0.0000	0.0000	0.0000	0.0000	0.0000	0.0000	0.0000	0.0000	0.0000	0.0000	0.0000	0.0000	0.0000	0.1001	0.0908	0.0093	0.0630	0.0592	0.0038	0.0371	0.0316	0.0055	0.0038	0.0024	0.0014	0.0018	0.0017	0.0002	0.0019	0.0007	0.0012	0.0000	0.0000	0.0000	0.0000	0.0000	0.0000	0.0000	0.0000	0.0000	0.0000	0.0000	0.0000	0.0000	0.0000	0.0000	0.0000	0.0000	0.0000											
43	134	0.7508	14	0	0	1	2	0	0	0	0	N	N	N	Y	N	N	N	N	N	N	N	N	0.0000	0.0000	0.0000	0.0000	0.0000	0.0000	0.0000	0.0000	0.0000	0.0000	0.0000	0.0000	0.0000	0.0000	0.0000	0.0000	0.0000	0.0000	0.0000	0.0000	2.8187	0.0000	0.0347	0.0000	0.0000	0.0000	0.0000	0.0000	0.0000	0.0000	0.0000	0.0000	0.0000	0.0000	0.0000	0.0000	0.0000	0.0000	0.0000	0.0000	0.0000	0.0000	0.0000	0.0000	0.0000	0.0000	0.0000	0.0000	0.0000	0.0000	0.0000	0.0000	0.0000	0.0000	0.0000	0.0000	0.0000	0.0000	0.0000	0.0000	0.0000	0.0000	0.0000	0.0000	0.0000	0.0000	0.0000	0.0000	0.0000	0.0000	0.0000	0.0000	0.0000	0.0000	0.0000	0.0000	0.0000	0.0000											
43	135	0.7398	13	0	0	1	2	0	0	0	0	N	N	N	Y	N	N	N	N	N	N	N	N	300731.6575	inf	0.0000	inf	inf	46665458.0726	inf	0.0000	5.0480	5.5693	0.0000	0.0000	0.0000	0.0000	13.2907	15.5893	0.0000	0.0000	0.0000	0.0000	0.0000	0.0000	0.0000	0.0000	0.0000	0.0000	0.0000	inf	-0.2598	0.0000	2.8187	2.0025	0.0347	0.9943	0.9983	0.9983	0.0000	0.0000	0.0000	0.0000	0.9983	0.9983	0.0000	0.0000	0.0000	0.0000	0.0000	0.0000	0.0000	0.0000	0.0000	0.0000	0.1978	0.1793	0.0185	0.1227	0.1152	0.0074	0.0751	0.0640	0.0111	0.0116	0.0074	0.0042	0.0060	0.0053	0.0007	0.0056	0.0021	0.0036	26672978.3078	inf	0.0000	inf	inf	0.0000	46665458.0726	inf	0.0000	0.0000	0.0000	0.0000	0.0000	0.0000	0.0000	0.0000	0.0000	0.0000	
43	136	0.7398	12	0	0	0	2	0	0	0	0	N	N	N	Y	N	N	N	N	N	N	N	N	0.0000	0.0000	0.0000	0.0000	0.0000	0.0000	0.0000	0.0000	0.0000	0.0000	0.0000	0.0000	0.0000	0.0000	0.0000	0.0000	0.0002	0.0003	0.0001	0.0004	0.0004	0.0000	0.0001	0.0000	0.0001	1.0000	0.0000	-0.0000	2.8187	0.0050	0.0347	0.0173	0.0000	0.0000	0.0000	0.0000	0.0000	0.0000	0.0000	0.0000	0.0000	0.0000	0.0000	0.0000	0.0000	0.0000	0.0000	0.0000	0.0000	0.0000	0.0020	0.0018	0.0002	0.0018	0.0016	0.0002	0.0002	0.0002	0.0000	0.0001	0.0001	0.0000	0.0000	0.0000	0.0000	0.0000	0.0000	0.0000	0.0000	0.0000	0.0000	0.0000	0.0000	0.0000	0.0000	0.0000	0.0000	0.0000	0.0000	0.0001	0.0001	0.0001	0.0000	0.0000	0.0000	0.0001			
43	137	0.7301	11	0	0	0	2	0	0	0	0	N	N	N	Y	N	N	N	N	N	N	N	N	0.0000	0.0000	0.0000	0.0000	0.0000	0.0000	0.0000	0.0000	0.0000	0.0000	0.0000	0.0000	0.0000	0.0000	0.0001	0.0000	0.0001	0.0001	0.0000	0.0000	0.0000	0.0000	0.1000	0.0000	-0.0000	2.8187	1.9972	0.0347	1.0076	0.0000	0.0000	0.0000	0.0000	0.0000	0.0000	0.0000	0.0000	0.0000	0.0000	0.0000	0.0000	0.0000	0.0000	0.0000	0.0000	0.0000	0.0000	0.1633	0.1465	0.0168	0.0902	0.0843	0.0059	0.0731	0.0623	0.0108	0.0109	0.0071	0.0038	0.0060	0.0054	0.0007	0.0049	0.0017	0.0032	0.0000	0.0000	0.0000	0.0000	0.0000	0.0000	0.0000	0.0000	0.0000	0.0000	0.0000	0.0000	0.0000	0.0000	0.0000	0.0000	0.0000	0.0000						
43	138	0.7129	10	1	1	0	1	0	0	0	0	N	N	N	N	N	N	N	N	N	N	N	N	2.5061	0.0000	130.9454	2.5554	0.0000	37.9258	52.1567	0.0000	177.7336	0.0118	0.0000	0.0974	0.0085	0.0000	0.1388	0.0157	0.0000	0.0812	0.0047	0.0028	0.0007	0.0033	0.0023	0.0037	0.0003	0.0002	0.0005	inf	0.4896	0.0000	-0.0000	2.8187	0.0002	0.0347	2.3255	0.0000	0.0000	0.0000	0.0000	0.0000	0.0000	0.0000	0.0000	0.0000	0.0000	0.0000	0.0000	0.0000	0.0000	0.0000	0.0000	0.0000	0.0000	0.0000	0.0000	0.0000	0.0000	0.0000	0.0000	0.0000	0.0000	0.0000	0.0127	0.0084	0.0043	0.0062	0.0057	0.0005	0.0065	0.0028	0.0038	15.4331	0.0000	130.9454	6.6598	0.0000	50.9438	59.7063	0.0000	177.7336	0.0008	0.0008	0.0007	0.0013	0.0011	0.0027	0.0003	0.0000	0.0005
43	139	0.6950	9	1	1	0	1	0	0	0	0	N	N	N	N	N	N	N	N	N	N	N	N	0.0000	0.0000	0.0000	0.0001	0.0001	0.0000	0.0000	0.0000	0.0000	0.0000	0.0000	0.0000	0.0000	0.0000	0.0000	0.0000	0.0000	0.0000	0.1696	0.3008	0.0009	0.0803	0.0761	0.0000	0.0010	0.0005	0.0010	0.0015	0.0878	-0.0000	-0.0001	2.8187	2.0138	0.0347	2.7349	0.0000	0.0000	0.0000	0.0000	0.0000	0.0000	0.0000	0.0000	0.0000	0.0001	0.0001	0.0000	0.0001	0.0001	0.0000	0.0000	0.0000	0.0000	0.1928	0.1735	0.0193	0.1105	0.1037	0.0068	0.0824	0.0698	0.0125	0.0257	0.0156	0.0101	0.0122	0.0111	0.0011	0.0135	0.0045	0.0090	0.0007	0.0005	0.0000	0.0006	0.0006	0.0000	0.0000	0.0000	0.0000	0.0046	0.0069	0.0009	0.0088	0.0097	0.0000	0.0007	0.0000	0.0010
43	140	0.7115	10	0	1	0	1	0	0	0	0	N	N	N	N	N	N	N	N	N	N	N	N	18332.2308	21408.1611	0.0000	4.0573	6.3339	0.0000	139159.6418	inf	0.0000	2.7237	2.9219	0.0000	0.0009	0.0010	0.0000	10.8109	12.5784	0.0000	0.0001	0.0001	0.0001	0.0002	0.0002	0.0001	0.0001	0.0000	0.0001	0.0000	10.0119	-0.2596	0.0000	2.8187	1.9232	0.0347	1.1116	0.9977	0.9977	0.0000	0.0003	0.0003	0.0000	0.9974	0.9974	0.0000	0.0000	0.0000	0.0000	0.0000	0.0000	0.0000	0.0000	0.0000	0.0000	0.3663	0.3414	0.0248	0.2740	0.2622	0.0119	0.0923	0.0793	0.0130	0.0115	0.0075	0.0041	0.0063	0.0056	0.0007	0.0052	0.0019	0.0034	94570.3107	722509.5847	0.0000	66.8660	183.2653	0.0000	232624.7597	inf	0.0000	0.0000	0.0000	0.0001	0.0000	0.0000	0.0001	0.0000	0.0000	0.0001
43	141	0.1077	6	0	1	0	1	0	0	0	0	N	N	N	N	N	N	N	N	N	N	N	N	inf	inf	inf	inf	inf	inf	inf	inf	inf	2.2852	2.5635	0.0000	13.3705	14.2640	0.0003	0.0010	0.0011	0.0000	0.0000	0.0000	0.0000	0.0000	0.0000	0.0000	0.0000	0.0000	0.0000	0.0000	-0.2588	0.0000	2.8187	3.0000	0.0347	1.0000	0.9947	0.9947	0.0000	0.9944	0.9944	0.0000	0.0003	0.0003	0.0000	0.0000	0.0000	0.0000	0.0000	0.0000	0.0000	0.0000	0.0000	0.0000	0.4353	0.3880	0.0473	0.0744	0.0697	0.0047	0.3609	0.3183	0.0426	0.0427	0.0205	0.0222	0.0106	0.0090	0.0015	0.0321	0.0115	0.0206	inf	inf	inf	inf	inf	inf	inf	inf	inf	0.0000	0.0000	0.0000	0.0000	0.0000	0.0000	0.0000	0.0000	0.0000	
43	142	0.0885	5	0	0	0	1	0	0	0	0	N	N	N	N	N	N	N	N	N	N	N	N	inf	inf	inf	inf	inf	inf	6.4447	7.2812	0.0000	0.0881	0.0933	0.0000	6.9012	7.8348	0.0000	0.0000	0.0000	0.0000	0.0000	0.0000	0.0000	0.0000	0.0000	0.0000	0.0000	-0.2588	0.0000	2.8187	1.0000	0.0347	1.0000	0.9947	0.9947	0.0000	0.0009	0.0009	0.0000	0.9937	0.9937	0.0000	0.0000	0.0000	0.0000	0.0000	0.0000	0.0000	0.0000	0.0000	0.0000	0.1543	0.1366	0.0177	0.0103	0.0098	0.0006	0.1440	0.1268	0.0172	0.0248	0.0113	0.0135	0.0060	0.0051	0.0009	0.0188	0.0061	0.0126	inf	inf	0.0000	inf	inf	0.0000	inf	inf	0.0000	0.0000	0.0000	0.0000	0.0000	0.0000	0.0000	0.0000	0.0000	0.0000				
43	145	0.7301	12	1	1	0	1	0	0	0	0	N	N	N	N	N	N	N	N	N	N	N	N	0.0000	0.0000	0.0000	0.0000	0.0000	0.0000	0.0000	0.0000	0.0000	0.0000	0.0000	0.0000	0.0000	0.0000	0.0000	0.0000	0.0000	0.0000	0.0000	0.0000	2.8187	1.0000	0.0347	1.0000	0.0000	0.0000	0.0000	0.0000	0.0000	0.0000	0.0000	0.0000	0.0000	0.0000	0.0000	0.0000	0.0000	0.0000	0.0000	0.0000	0.0000	0.0000	0.0836	0.0750	0.0086	0.0465	0.0434	0.0031	0.0371	0.0316	0.0055	0.0074	0.0048	0.0026	0.0040	0.0036	0.0005	0.0033	0.0012	0.0021	0.0000	0.0000	0.0000	0.0000	0.0000	0.0000	0.0000	0.0000	0.0000	0.0000	0.0000	0.0000	0.0000	0.0000	0.0000	0.0000	0.0000	0.0000											
43	146	0.7301	11	0	1	0	1	0	0	0	0	N	N	N	N	N	N	N	N	N	N	N	N	0.0000	0.0000	0.0000	0.0000	0.0000	0.0000	0.0000	0.0000	0.0000	0.0000	0.0000	0.0000	0.0000	0.0000	0.0000	0.0000	0.0000	0.0000	0.0000	0.0000	2.8187	0.0003	0.0347	0.0000	0.0000	0.0000	0.0000	0.0000	0.0000	0.0000	0.0000	0.0000	0.0000	0.0000	0.0000	0.0000	0.0000	0.0000	0.0000	0.0000	0.0000	0.0000	0.0002	0.0002	0.0000	0.0002	0.0001	0.0000	0.0000	0.0000	0.0000	0.0000	0.0000	0.0000	0.0000	0.0000	0.0000	0.0000	0.0000	0.0000	0.0000	0.0000	0.0000	0.0000	0.0000	0.0000	0.0000	0.0000	0.0000	0.0000	0.0000	0.0000	0.0000	0.0000	0.0000	0.0000	0.0000	0.0000											
43	147	0.7115	10	0	0	0	1	0	0	0	0	N	N	N	N	N	N	N	N	N	N	N	N	17.9435	21.3582	0.0000	16.6721	27.9499	0.0000	0.0020	inf	0.0000	0.0021	0.0023	0.0000	0.0033	0.0035	0.0000	0.0000	0.0000	0.0000	0.0001	0.0001	0.0000	0.0002	0.0001	0.0000	0.0001	0.0000	0.0000	0.0000	10.0110	-0.0003	0.0000	2.8187	4.9449	0.0347	1.0063	0.0012	0.0012	0.0000	0.0012	0.0012	0.0000	0.0000	0.0000	0.0000	0.0000	0.0000	0.0000	0.0000	0.0000	0.0000	0.0000	0.0000	0.0000	0.5666	0.5183	0.0483	0.3703	0.3503	0.0200	0.1962	0.1679	0.0283	0.0217	0.0141	0.0076	0.0119	0.0105	0.0013	0.0098	0.0035	0.0063	140.4065	1095.6519	0.0000	437.9592	1212.8686	0.0000	0.0043	inf	0.0000	0.0000	0.0000	0.0000	0.0000	0.0000	0.0000	0.0000	0.0000	0.0000
43	148	0.6950	9	0	0	0	1	0	0	0	0	N	N	N	N	N	N	N	N	N	N	N	N	501.8892	2331.4356	0.0000	1803.8241	3002.1728	0.0000	23.9842	inf	0.0000	0.7590	0.8475	0.0000	1.4065	1.5019	0.0000	0.0165	0.0195	0.0000	0.0015	0.0004	0.0010	0.0008	0.0005	0.0021	0.0007	0.0000	0.0009	0.0000	7.4847	-0.0587	0.0000	2.8187	3.4778	0.0347	1.2917	0.2258	0.2258	0.0000	0.2235	0.2235	0.0000	0.0023	0.0023	0.0000	0.0000	0.0000	0.0000	0.0000	0.0000	0.0000	0.0000	0.0000	0.0000	0.2974	0.2664	0.0311	0.1589	0.1488	0.0101	0.1386	0.1176	0.0210	0.0257	0.0156	0.0101	0.0122	0.0111	0.0011	0.0136	0.0045	0.0090	1781.2910	10256.4151	0.0000	5403.6876	12915.4793	0.0000	28.7083	inf	0.0000	0.0004	0.0001	0.0010	0.0003	0.0001	0.0018	0.0006	0.0000	0.0009
43	149	0.6446	8	0	0	0	1	0	0	0	0	N	N	N	N	N	N	N	N	N	N	N	N	400.7477	280.6955	477.2983	655.6649	764.3932	inf	3.1311	1.6343	0.0502	1.2471	1.3927	0.0225	2.3571	2.5208	0.0676	0.0002	0.0003	0.0000	0.0031	0.0050	0.0000	0.0036	0.0033	0.0000	0.0001	0.0002	0.0001	0.0019	0.0317	-0.2026	-0.0000	2.8187	7.8050	0.0347	4.0035	0.7844	0.7829	0.0015	0.7844	0.7829	0.0015	0.0001	0.0001	0.0000	0.0000	0.0000	0.0000	0.0000	0.0000	0.0000	0.0000	0.0000	0.0000	0.6290	0.5622	0.0668	0.3328	0.3106	0.0222	0.2962	0.2516	0.0446	0.0489	0.0290	0.0199	0.0214	0.0189	0.0025	0.0274	0.0101	0.0174	1997.2033	1364.2580	477.2983	1708.4769	1611.5762	inf	6.2208	1146.9403	0.0502	0.0006	0.0010	0.0000	0.0014	0.0016	0.0000	0.0000	0.0000	0.0001
43	150	0.5500	8	0	0	0	1	0	0	0	0	N	N	N	N	N	N	N	N	N	N	N	N	0.0544	0.0115	1455.6972	0.1281	0.0406	3590.2239	0.7560	0.0192	4.1667	0.0210	0.0075	0.1308	0.0359	0.0123	0.3463	0.0001	0.0000	0.0004	0.3861	0.6490	0.0001	0.2802	0.3021	0.0001	0.0001	0.0007	0.0001	2.1551	0.0045	0.0037	-0.0004	2.8187	3.7255	0.0347	14.1767	0.0087	0.0027	0.0059	0.0087	0.0027	0.0059	0.0000	0.0000	0.0000	0.0007	0.0007	0.0000	0.0007	0.0007	0.0000	0.0000	0.0000	0.0000	0.4125	0.3673	0.0453	0.2411	0.2240	0.0171	0.1715	0.1433	0.0282	0.0847	0.0503	0.0345	0.0386	0.0339	0.0047	0.0461	0.0163	0.0298	2.5793	0.5472	1455.6972	2.0157	0.6052	3590.2239	1.2083	2.0294	4.1667	0.0081	0.0137	0.0001	0.0178	0.0202	0.0001	0.0001	0.0000	0.0001
43	151	0.5336	7	0	0	0	1	0	0	0	0	N	N	N	N	N	N	N	N	N	N	N	N	2.3149	1.7434	107.0547	5.1735	3.0597	1948.9480	16.4534	4.7547	1.1629	0.0381	0.0287	0.1120	0.0445	0.0241	0.3359	0.0295	0.0356	0.0013	0.0165	0.0164	0.0010	0.0086	0.0079	0.0002	0.0018	0.0075	0.0011	0.4990	0.3139	0.0006	-0.0000	2.8187	1.4205	0.0347	4.0377	0.0083	0.0055	0.0028	0.0055	0.0028	0.0027	0.0027	0.0027	0.0000	0.0001	0.0001	0.0000	0.0001	0.0001	0.0000	0.0000	0.0000	0.0000	0.2170	0.1924	0.0246	0.1242	0.1161	0.0081	0.0927	0.0763	0.0164	0.0458	0.0280	0.0177	0.0216	0.0199	0.0017	0.0241	0.0082	0.0160	22.4470	13.5878	107.0547	17.1594	8.5871	1948.9480	32.9701	85.8226	1.1629	0.0017	0.0021	0.0010	0.0026	0.0028	0.0002	0.0009	0.0004	0.0011
44	45	0.6760	10	0	1	1	1	0	0	0	0	N	N	N	N	N	N	N	N	N	N	N	N	0.0000	0.0000	0.0000	0.0000	0.0000	0.0000	0.0000	0.0000	0.0000	0.0000	0.0000	0.0000	0.0000	0.0826	0.1704	0.0000	0.0414	0.0439	0.0000	0.0000	0.0000	0.0000	0.0000	0.0000	-0.0000	0.9605	1.0000	1.0076	1.0000	0.0000	0.0000	0.0000	0.0000	0.0000	0.0000	0.0000	0.0000	0.0000	0.0000	0.0000	0.0000	0.0000	0.0000	0.0000	0.0000	0.0000	0.0000	0.0551	0.0504	0.0047	0.0303	0.0290	0.0013	0.0248	0.0214	0.0034	0.0060	0.0037	0.0023	0.0030	0.0026	0.0004	0.0030	0.0011	0.0019	0.0000	0.0000	0.0000	0.0000	0.0000	0.0000	0.0000	0.0000	0.0000	0.0033	0.0054	0.0000	0.0066	0.0076	0.0000	0.0000	0.0000	0.0000						
44	46	0.0666	4	0	1	0	0	0	0	0	0	N	N	N	N	N	N	N	N	N	N	N	N	0.0000	0.0000	0.0000	0.0000	0.0000	0.0000	0.0000	0.0000	0.0000	0.0000	0.0000	0.0000	0.0000	0.0000	0.0000	0.0000	0.0000	0.0000	0.0000	0.0000	0.9605	0.0000	1.0076	0.0000	0.0000	0.0000	0.0000	0.0000	0.0000	0.0000	0.0000	0.0000	0.0000	0.0000	0.0000	0.0000	0.0000	0.0000	0.0000	0.0000	0.0000	0.0000	0.0000	0.0000	0.0000	0.0000	0.0000	0.0000	0.0000	0.0000	0.0000	0.0000	0.0000	0.0000	0.0000	0.0000	0.0000	0.0000	0.0000	0.0000	0.0000	0.0000	0.0000	0.0000	0.0000	0.0000	0.0000	0.0000	0.0000	0.0000	0.0000	0.0000	0.0000	0.0000	0.0000	0.0000	0.0000	0.0000											
44	48	0.0666	4	1	1	0	0	0	0	0	0	N	N	N	N	N	N	N	N	N	N	N	N	0.0000	0.0000	0.0000	0.0000	0.0000	0.0000	0.0000	0.0000	0.0000	0.0000	0.0000	0.0000	0.0000	0.0000	0.0000	0.0000	0.0000	0.9647	1.0586	0.1664	1.9872	0.9747	10.6769	0.0010	0.0513	0.0000	2.0357	0.0000	0.0001	0.9605	0.0000	1.0076	4.0000	0.0000	0.0000	0.0000	0.0000	0.0000	0.0000	0.0000	0.0000	0.0000	0.0009	0.0003	0.0006	0.0008	0.0003	0.0006	0.0000	0.0000	0.0000	0.0000	0.0000	0.0000	0.0000	0.0000	0.0000	0.0000	0.0000	0.0000	0.0186	0.0084	0.0102	0.0044	0.0038	0.0006	0.0142	0.0046	0.0096	0.0000	0.0000	0.0000	0.0000	0.0000	0.0000	0.0000	0.0000	0.0000	0.0456	0.0333	0.0558	0.1890	0.0710	0.8867	0.0007	0.0022	0.0000		
44	49	0.0334	2	0	0	1	0	0	0	0	0	N	N	N	N	N	N	N	N	N	N	N	N	0.0000	0.0000	0.0000	0.0000	0.0000	0.0000	0.0000	0.0000	0.0000	0.0000	0.0000	0.0000	0.0000	0.0000	0.0000	0.0000	0.0000	0.0000	0.0000	0.0000	0.9605	0.0000	1.0076	0.0000	0.0000	0.0000	0.0000	0.0000	0.0000	0.0000	0.0000	0.0000	0.0000	0.0000	0.0000	0.0000	0.0000	0.0000	0.0000	0.0000	0.0000	0.0000	0.0000	0.0000	0.0000	0.0000	0.0000	0.0000	0.0000	0.0000	0.0000	0.0000	0.0000	0.0000	0.0000	0.0000	0.0000	0.0000	0.0000	0.0000	0.0000	0.0000	0.0000	0.0000	0.0000	0.0000	0.0000	0.0000	0.0000	0.0000	0.0000	0.0000	0.0000	0.0000	0.0000	0.0000	0.0000	0.0000											
44	50	0.6850	9	0	0	1	0	0	0	0	0	N	N	N	N	N	N	N	N	N	N	N	N	0.0000	0.0000	0.0000	0.0000	0.0000	0.0000	0.0000	0.0000	0.0000	0.0000	0.0000	0.0000	0.0000	0.0195	0.0324	0.0000	0.0115	0.0122	0.0000	0.0000	0.0000	0.0000	0.0000	0.0000	-0.0000	0.9605	1.0000	1.0076	1.0000	0.0000	0.0000	0.0000	0.0000	0.0000	0.0000	0.0000	0.0000	0.0000	0.0000	0.0000	0.0000	0.0000	0.0000	0.0000	0.0000	0.0000	0.0000	0.0531	0.0486	0.0045	0.0293	0.0280	0.0013	0.0237	0.0206	0.0032	0.0053	0.0033	0.0021	0.0032	0.0027	0.0005	0.0021	0.0006	0.0015	0.0000	0.0000	0.0000	0.0000	0.0000	0.0000	0.0000	0.0000	0.0000	0.0019	0.0031	0.0000	0.0031	0.0037	0.0000	0.0000	0.0000	0.0000						
44	51	0.6895	9	0	1	0	0	0	0	0	0	N	N	N	N	N	N	N	N	N	N	N	N	0.0000	0.0000	0.0000	0.0000	0.0000	0.0000	0.0000	0.0000	0.0000	0.0000	0.0000	0.0000	0.0000	0.0000	0.0000	0.0149	0.0159	0.0000	0.0001	0.0001	0.0000	0.0394	0.9127	0.0000	0.0000	0.0000	-0.0000	0.9605	0.0003	1.0076	0.9690	0.0000	0.0000	0.0000	0.0000	0.0000	0.0000	0.0000	0.0000	0.0000	0.0000	0.0000	0.0000	0.0000	0.0000	0.0000	0.0000	0.0000	0.0000	0.0001	0.0001	0.0000	0.0001	0.0001	0.0000	0.0000	0.0000	0.0000	0.0061	0.0046	0.0015	0.0042	0.0038	0.0004	0.0019	0.0008	0.0011	0.0000	0.0000	0.0000	0.0000	0.0000	0.0000	0.0000	0.0000	0.0000	0.0016	0.0021	0.0000	0.0000	0.0000	0.0000	0.0051	0.0122	0.0000				
44	52	0.0691	4	0	1	0	0	0	0	0	0	N	N	N	N	N	N	N	N	N	N	N	N	0.0853	0.0497	1807.9863	0.0010	0.0009	0.0000	1224.3439	222.7122	1808.8562	0.1089	0.0938	0.2339	0.0025	0.0025	0.0000	0.1449	0.1296	0.2371	1.2778	1.8889	0.0001	2.6298	2.7034	0.0001	0.0001	0.0006	0.0001	0.3011	0.0006	-0.0002	-0.0006	0.9605	0.9211	1.0076	0.1671	0.0071	0.0055	0.0017	0.0000	0.0000	0.0000	0.0071	0.0054	0.0017	0.0012	0.0012	0.0000	0.0012	0.0012	0.0000	0.0000	0.0000	0.0000	0.0656	0.0585	0.0071	0.0166	0.0165	0.0001	0.0490	0.0420	0.0070	0.0119	0.0065	0.0054	0.0032	0.0030	0.0002	0.0086	0.0035	0.0051	1.0482	0.4927	1807.9863	0.0066	0.0061	0.0000	1813.9452	28397.8463	1808.8562	0.1039	0.1904	0.0001	0.3824	0.4145	0.0001	0.0001	0.0000	0.0001
44	53	0.6760	10	0	1	0	0	0	0	0	0	N	N	N	N	N	N	N	N	N	N	N	N	0.0000	0.0000	0.0000	0.0000	0.0000	0.0000	0.0000	0.0000	0.0000	0.0000	0.0000	0.0000	0.0000	0.0089	0.0128	0.0000	0.0068	0.0066	0.0000	0.0000	0.0000	0.0000	0.0000	0.0000	-0.0000	0.9605	1.0000	1.0076	5.0000	0.0000	0.0000	0.0000	0.0000	0.0000	0.0000	0.0000	0.0000	0.0000	0.0000	0.0000	0.0000	0.0000	0.0000	0.0000	0.0000	0.0000	0.0000	0.0551	0.0504	0.0047	0.0303	0.0290	0.0013	0.0248	0.0214	0.0034	0.0174	0.0107	0.0067	0.0088	0.0076	0.0011	0.0086	0.0030	0.0056	0.0000	0.0000	0.0000	0.0000	0.0000	0.0000	0.0000	0.0000	0.0000	0.0011	0.0019	0.0000	0.0023	0.0026	0.0000	0.0000	0.0000	0.0000						
44	54	0.6607	9	0	0	0	0	0	0	0	0	N	N	N	N	N	N	N	N	N	N	N	N	0.0000	0.0000	0.0000	0.0000	0.0000	0.0000	0.0000	0.0000	0.0000	0.0000	0.0000	0.0000	0.0000	0.0000	0.0000	0.0000	0.0003	0.0001	0.0002	0.0001	0.0001	0.0000	0.0002	0.0000	0.0003	499.0004	0.0000	0.0000	0.9605	0.0000	1.0076	2.9157	0.0000	0.0000	0.0000	0.0000	0.0000	0.0000	0.0000	0.0000	0.0000	0.0000	0.0000	0.0000	0.0000	0.0000	0.0000	0.0000	0.0000	0.0000	0.0000	0.0000	0.0000	0.0000	0.0000	0.0000	0.0000	0.0000	0.0000	0.0113	0.0067	0.0046	0.0056	0.0050	0.0006	0.0057	0.0016	0.0041	0.0000	0.0000	0.0000	0.0000	0.0000	0.0000	0.0000	0.0000	0.0000	0.0001	0.0000	0.0002	0.0000	0.0000	0.0000	0.0002	0.0000	0.0003			
44	56	0.6529	8	0	1	0	1	0	0	0	0	N	N	N	N	N	N	N	N	N	N	N	N	0.1463	0.0974	0.0510	0.1262	0.1154	0.0126	0.5962	0.0716	6.3826	5.8061	6.3578	0.0012	10.0393	10.5590	0.0021	0.1117	0.1294	0.0007	39.6937	65.2511	0.0229	79.5503	91.4597	0.1637	0.1874	1.8059	0.0001	0.0000	0.0001	-0.1490	-0.5090	0.9605	1.7218	1.0076	6.9557	0.5726	0.5726	0.0000	0.5679	0.5679	0.0000	0.0047	0.0047	0.0000	0.9755	0.9754	0.0001	0.9753	0.9752	0.0001	0.0002	0.0002	0.0000	0.0986	0.0901	0.0086	0.0566	0.0538	0.0028	0.0421	0.0363	0.0058	0.0246	0.0149	0.0096	0.0123	0.0107	0.0016	0.0123	0.0043	0.0080	0.1463	0.0974	0.1250	0.1262	0.1154	0.0370	9.1117	3.6948	6.3826	39.6937	65.2511	0.0093	79.5503	91.4597	0.0557	0.0123	0.0350	0.0001
44	57	0.6640	8	1	0	1	0	0	0	0	0	N	N	N	N	N	N	N	N	N	N	N	N	142.8920	139.4058	5530.6518	0.0000	0.0000	1243.1236	inf	5870.8760	0.9309	0.5189	5.6644	0.0000	0.0000	0.0000	2.0684	1.2220	7.6333	0.0065	0.0037	0.0010	0.0023	0.0021	0.0000	0.0017	0.0000	0.0013	0.9501	0.5954	0.0863	-0.0000	0.9605	8.9999	1.0076	5.0001	0.3802	0.1950	0.1852	0.0000	0.0000	0.0000	0.3802	0.1950	0.1852	0.0000	0.0000	0.0000	0.0000	0.0000	0.0000	0.0000	0.0000	0.0000	0.4084	0.3757	0.0327	0.2246	0.2162	0.0084	0.1838	0.1596	0.0243	0.0350	0.0232	0.0118	0.0212	0.0187	0.0025	0.0138	0.0045	0.0093	1006.6483	593.5768	5530.6518	0.0000	0.0000	0.0000	2365.1572	inf	5870.8760	0.0009	0.0009	0.0010	0.0010	0.0011	0.0000	0.0009	0.0000	0.0013	
44	58	0.0666	4	1	0	1	0	0	0	0	0	N	N	N	N	N	N	N	N	N	N	N	N	0.0000	0.0000	0.0000	0.0000	0.0000	0.0000	0.0000	0.0000	0.0000	0.0000	0.0000	0.0000	0.0000	0.0000	0.0000	0.0000	0.0000	0.0000	0.0000	0.0000	0.9605	0.0000	1.0076	1.0000	0.0000	0.0000	0.0000	0.0000	0.0000	0.0000	0.0000	0.0000	0.0000	0.0000	0.0000	0.0000	0.0000	0.0000	0.0000	0.0000	0.0000	0.0000	0.0000	0.0000	0.0000	0.0000	0.0000	0.0000	0.0000	0.0000	0.0000	0.0050	0.0023	0.0027	0.0012	0.0011	0.0002	0.0038	0.0012	0.0025	0.0000	0.0000	0.0000	0.0000	0.0000	0.0000	0.0000	0.0000	0.0000	0.0000	0.0000	0.0000	0.0000	0.0000	0.0000	0.0000	0.0000	0.0000											
44	59	0.6895	9	0	0	1	0	0	0	0	0	N	N	N	N	N	N	N	N	N	N	N	N	0.6411	9.1605	8.3982	1.6439	10.1004	4.4386	1.8976	0.0000	29.9444	0.3802	0.0043	1.3970	0.3065	0.0059	2.0533	0.5033	0.0000	1.0586	0.5930	0.0005	0.1663	0.1864	0.0006	0.4626	0.2652	0.0008	0.0354	120.3652	125.8182	0.0000	0.0000	0.9605	0.0006	1.0076	1.1867	0.0001	0.0000	0.0001	0.0000	0.0000	0.0000	0.0000	0.0000	0.0000	0.0001	0.0000	0.0001	0.0001	0.0000	0.0001	0.0000	0.0000	0.0000	0.0002	0.0001	0.0000	0.0001	0.0001	0.0000	0.0001	0.0000	0.0000	0.0068	0.0050	0.0018	0.0045	0.0041	0.0004	0.0022	0.0009	0.0013	26.1855	27.6748	25.3671	23.4750	31.3175	15.3322	28.7742	0.0000	36.1465	0.0145	0.0002	0.0551	0.0131	0.0002	0.1339	0.0175	0.0000	0.0293
44	60	0.6529	8	0	0	0	0	0	0	0	0	N	N	N	N	N	N	N	N	N	N	N	N	0.0054	0.0013	147.7070	0.0164	0.0079	6131.9397	0.0759	0.0015	0.6805	0.0009	0.0005	0.0057	0.0017	0.0008	0.0183	0.0000	0.0000	0.0000	0.1773	0.3851	0.0000	0.1018	0.1058	0.0000	0.0001	0.0032	0.0000	1.0896	0.0032	0.0000	-0.0001	0.9605	2.2785	1.0076	4.8627	0.0001	0.0001	0.0001	0.0001	0.0001	0.0001	0.0000	0.0000	0.0000	0.0001	0.0001	0.0000	0.0001	0.0001	0.0000	0.0000	0.0000	0.0000	0.1267	0.1158	0.0110	0.0718	0.0683	0.0034	0.0550	0.0474	0.0075	0.0205	0.0125	0.0080	0.0102	0.0089	0.0013	0.0103	0.0036	0.0067	0.1975	0.0631	147.7070	0.1744	0.0762	6131.9397	0.1159	0.0393	0.6805	0.0048	0.0079	0.0000	0.0096	0.0110	0.0000	0.0001	0.0001	0.0000
44	61	0.0691	4	0	0	1	0	0	0	0	0	N	N	N	N	N	N	N	N	N	N	N	N	0.0018	0.0151	0.0062	0.0302	0.0719	0.0000	0.0016	0.0000	0.0058	0.0289	0.0079	0.2053	0.0285	0.0287	0.0000	0.0290	0.0000	0.2082	15.8662	0.5258	33.1965	0.9449	0.3991	5.0312	17.9252	0.4270	36.1679	3.0837	3101.4309	0.0011	0.4655	0.9605	1.0901	1.0076	7.9319	0.0022	0.0005	0.0017	0.0005	0.0005	0.0000	0.0017	0.0000	0.0017	0.9744	0.0003	0.9741	0.0004	0.0002	0.0003	0.9740	0.0001	0.9738	0.0757	0.0677	0.0081	0.0188	0.0187	0.0001	0.0569	0.0490	0.0079	0.0614	0.0275	0.0339	0.0071	0.0067	0.0004	0.0543	0.0208	0.0335	0.0018	0.6947	0.0071	0.4585	1.0975	0.0000	0.0016	0.0001	0.0072	15.8662	0.0114	28.7647	0.0622	0.0262	0.7357	17.9252	0.0066	29.0658
44	62	0.0390	3	0	0	0	0	0	0	0	0	N	N	N	N	N	N	N	N	N	N	N	N	1.1624	0.0268	16.1859	0.0311	0.0348	0.0000	3.4312	0.0128	37.5117	1.0821	0.0203	2.8681	0.0271	0.0271	0.0000	1.8083	0.0077	2.8699	0.9309	0.7561	0.1772	0.8705	0.7780	0.0095	0.5270	0.6002	0.0765	84.1128	4.5232	0.2457	0.0004	0.9605	1.6797	1.0076	2.9843	0.3374	0.0040	0.3335	0.0034	0.0034	0.0000	0.3340	0.0005	0.3335	0.0014	0.0003	0.0012	0.0002	0.0002	0.0000	0.0013	0.0001	0.0012	0.3118	0.1956	0.1163	0.1271	0.1270	0.0001	0.1847	0.0685	0.1162	0.0337	0.0145	0.0192	0.0029	0.0029	0.0000	0.0308	0.0116	0.0192	25.5955	1.1373	47.2670	0.4872	0.4827	0.0000	44.0669	0.9091	47.2267	0.0423	0.0178	0.0607	0.0555	0.0561	0.0062	0.0410	0.0084	0.0608
44	63	0.0289	2	0	0	0	0	0	0	0	0	N	N	N	N	N	N	N	N	N	N	N	N	0.5738	0.3600	3.8170	0.2897	0.2900	1.1861	0.0953	8.0870	1.0470	0.9461	1.1771	1.1422	1.1424	0.0000	0.9636	0.0002	1.1773	1.8246	2.6280	0.3084	3.9421	3.9387	0.0000	0.8124	0.0017	0.1456	0.9639	0.1444	0.0642	-0.0056	0.9605	0.4935	1.0076	1.5835	0.2782	0.1417	0.1366	0.1417	0.1417	0.0000	0.1366	0.0000	0.1366	0.0142	0.0124	0.0018	0.0124	0.0124	0.0000	0.0018	0.0000	0.0018	0.2658	0.1497	0.1160	0.1240	0.1240	0.0000	0.1417	0.0257	0.1160	0.0369	0.0175	0.0193	0.0118	0.0118	0.0000	0.0251	0.0058	0.0193	2.7269	1.3407	12.7452	1.0869	1.0865	0.0000	13.5375	4.1583	12.7432	0.3839	0.7057	0.0924	1.0509	1.0515	0.0000	0.0712	0.0000	0.0924	
44	64	0.0334	2	0	1	0	0	0	0	0	0	N	N	N	N	N	N	N	N	N	N	N	N	0.6288	0.2068	0.0000	0.0348	0.0419	0.0000	0.0000	0.0005	0.0005	0.0000	0.0013	0.0013	0.0000	0.0000	0.0000	0.0000	0.0008	0.0025	0.0000	0.0378	0.0315	0.0000	0.0000	0.0000	0.0000	0.0000	0.0111	-0.0000	-0.0000	0.9605	0.2944	1.0076	1.0083	0.0000	0.0000	0.0000	0.0000	0.0000	0.0000	0.0000	0.0000	0.0000	0.0000	0.0000	0.0000	0.0000	0.0000	0.0000	0.0000	0.0000	0.0000	0.0349	0.0319	0.0030	0.0127	0.0126	0.0000	0.0222	0.0193	0.0029	0.0090	0.0038	0.0052	0.0004	0.0004	0.0000	0.0086	0.0033	0.0052	1.6263	0.7503	0.0000	0.2087	0.2072	0.0000	0.0000	0.0000	0.0000	0.0003	0.0007	0.0000	0.0063	0.0064	0.0000	0.0000	0.0000	0.0000		
44	68	0.0666	4	1	1	1	0	0	0	0	0	N	N	N	N	N	N	N	N	N	N	N	N	0.0000	0.0000	0.0000	0.0000	0.0000	0.0000	0.0000	0.0000	0.0000	0.0000	0.0000	0.0000	0.0000	0.0000	0.0000	0.0000	0.0000	0.0000	0.0000	0.0000	0.9605	0.0000	1.0076	0.0000	0.0000	0.0000	0.0000	0.0000	0.0000	0.0000	0.0000	0.0000	0.0000	0.0000	0.0000	0.0000	0.0000	0.0000	0.0000	0.0000	0.0000	0.0000	0.0000	0.0000	0.0000	0.0000	0.0000	0.0000	0.0000	0.0000	0.0000	0.0000	0.0000	0.0000	0.0000	0.0000	0.0000	0.0000	0.0000	0.0000	0.0000	0.0000	0.0000	0.0000	0.0000	0.0000	0.0000	0.0000	0.0000	0.0000	0.0000	0.0000	0.0000	0.0000	0.0000	0.0000	0.0000	0.0000											
44	69	0.7093	10	1	1	1	0	0	0	0	0	N	N	N	N	N	N	N	N	N	N	N	N	0.0000	0.0000	0.0000	0.0000	0.0000	0.0000	0.0000	0.0000	0.0000	0.0000	0.0000	0.0000	0.0000	0.0000	0.0000	0.0000	0.0000	0.0000	0.0000	0.0000	0.9605	1.0000	1.0076	0.0000	0.0000	0.0000	0.0000	0.0000	0.0000	0.0000	0.0000	0.0000	0.0000	0.0000	0.0000	0.0000	0.0000	0.0000	0.0000	0.0000	0.0000	0.0000	0.0425	0.0392	0.0033	0.0337	0.0316	0.0020	0.0088	0.0076	0.0013	0.0023	0.0014	0.0009	0.0014	0.0012	0.0002	0.0009	0.0002	0.0007	0.0000	0.0000	0.0000	0.0000	0.0000	0.0000	0.0000	0.0000	0.0000	0.0000	0.0000	0.0000	0.0000	0.0000	0.0000	0.0000	0.0000	0.0000											
44	70	0.7093	10	1	1	1	0	0	0	0	0	N	N	N	N	N	N	N	N	N	N	N	N	0.0000	0.0000	0.0000	0.0000	0.0000	0.0000	0.0000	0.0000	0.0000	0.0000	0.0000	0.0000	0.0000	0.0000	0.0000	0.0000	0.0000	0.0000	0.0000	0.0000	0.9605	0.0000	1.0076	0.0000	0.0000	0.0000	0.0000	0.0000	0.0000	0.0000	0.0000	0.0000	0.0000	0.0000	0.0000	0.0000	0.0000	0.0000	0.0000	0.0000	0.0000	0.0000	0.0000	0.0000	0.0000	0.0000	0.0000	0.0000	0.0000	0.0000	0.0000	0.0000	0.0000	0.0000	0.0000	0.0000	0.0000	0.0000	0.0000	0.0000	0.0000	0.0000	0.0000	0.0000	0.0000	0.0000	0.0000	0.0000	0.0000	0.0000	0.0000	0.0000	0.0000	0.0000	0.0000	0.0000	0.0000	0.0000											
44	71	0.6870	9	1	1	1	0	0	0	0	0	N	N	N	N	N	N	N	N	N	N	N	N	0.0000	0.0000	0.0000	0.0000	0.0000	0.0000	0.0000	0.0000	0.0000	0.0000	0.0000	0.0000	0.0000	0.0000	0.0000	0.0000	0.0000	0.0000	0.0000	0.0000	0.9605	2.0000	1.0076	1.0000	0.0000	0.0000	0.0000	0.0000	0.0000	0.0000	0.0000	0.0000	0.0000	0.0000	0.0000	0.0000	0.0000	0.0000	0.0000	0.0000	0.0000	0.0000	0.0796	0.0733	0.0063	0.0621	0.0583	0.0038	0.0175	0.0150	0.0025	0.0067	0.0041	0.0026	0.0040	0.0036	0.0005	0.0027	0.0005	0.0021	0.0000	0.0000	0.0000	0.0000	0.0000	0.0000	0.0000	0.0000	0.0000	0.0000	0.0000	0.0000	0.0000	0.0000	0.0000	0.0000	0.0000	0.0000											
44	72	0.6640	8	1	0	1	0	0	0	0	0	N	N	N	N	N	N	N	N	N	N	N	N	5.0794	2.0496	2.6399	2.8503	inf	inf	0.0002	0.0002	0.0000	0.0002	0.0002	0.0000	0.0000	0.0001	0.0000	0.0000	0.0001	0.0000	0.0001	0.0001	0.0000	0.0000	0.0000	0.0000	0.0000	0.0000	-0.0000	-0.0000	0.9605	1.0017	1.0076	2.0007	0.0000	0.0000	0.0000	0.0000	0.0000	0.0000	0.0000	0.0000	0.0000	0.0000	0.0000	0.0000	0.0000	0.0000	0.0000	0.0000	0.0000	0.0000	0.0570	0.0525	0.0045	0.0329	0.0316	0.0013	0.0241	0.0209	0.0032	0.0082	0.0055	0.0028	0.0050	0.0044	0.0006	0.0032	0.0011	0.0022	420.1222	303.0978	0.0000	387.2574	356.3699	0.0000	inf	inf	0.0000	0.0000	0.0000	0.0000	0.0000	0.0000	0.0000	0.0000	0.0000	0.0000			
44	73	0.0859	5	1	1	0	0	0	0	0	0	N	N	N	N	N	N	N	N	N	N	N	N	0.0000	0.0000	0.0000	0.0000	0.0000	0.0000	0.0000	0.0000	0.0000	0.0000	0.0000	0.0000	0.0000	0.0000	0.0000	0.0000	0.0000	0.0000	0.0000	0.0000	0.9605	0.0000	1.0076	0.0000	0.0000	0.0000	0.0000	0.0000	0.0000	0.0000	0.0000	0.0000	0.0000	0.0000	0.0000	0.0000	0.0000	0.0000	0.0000	0.0000	0.0000	0.0000	0.0000	0.0000	0.0000	0.0000	0.0000	0.0000	0.0000	0.0000	0.0000	0.0000	0.0000	0.0000	0.0000	0.0000	0.0000	0.0000	0.0000	0.0000	0.0000	0.0000	0.0000	0.0000	0.0000	0.0000	0.0000	0.0000	0.0000	0.0000	0.0000	0.0000	0.0000	0.0000	0.0000	0.0000	0.0000	0.0000											
44	74	0.6910	9	1	1	0	0	0	0	0	0	N	N	N	N	N	N	N	N	N	N	N	N	0.0000	0.0000	0.0000	0.0000	0.0000	0.0000	0.0000	0.0000	0.0000	0.0000	0.0000	0.0000	0.0000	0.0000	0.0000	0.0000	0.0000	0.0000	0.0000	0.0000	0.9605	0.0000	1.0076	0.0010	0.0000	0.0000	0.0000	0.0000	0.0000	0.0000	0.0000	0.0000	0.0000	0.0000	0.0000	0.0000	0.0000	0.0000	0.0000	0.0000	0.0000	0.0000	0.0000	0.0000	0.0000	0.0000	0.0000	0.0000	0.0000	0.0000	0.0000	0.0029	0.0019	0.0010	0.0015	0.0015	0.0000	0.0015	0.0005	0.0010	0.0000	0.0000	0.0000	0.0000	0.0000	0.0000	0.0000	0.0000	0.0000	0.0000	0.0000	0.0000	0.0000	0.0000	0.0000	0.0000	0.0000	0.0000											
44	75	0.6801	11	0	1	0	1	0	0	0	0	N	N	N	N	N	N	N	N	N	N	N	N	0.0000	0.0000	0.0000	0.0000	0.0000	0.0000	0.0000	0.0000	0.0000	0.0000	0.0000	0.0000	0.0000	0.0000	0.0000	0.0000	0.0000	0.0000	0.0000	0.0000	0.9605	0.0000	1.0076	0.0000	0.0000	0.0000	0.0000	0.0000	0.0000	0.0000	0.0000	0.0000	0.0000	0.0000	0.0000	0.0000	0.0000	0.0000	0.0000	0.0000	0.0000	0.0000	0.0000	0.0000	0.0000	0.0000	0.0000	0.0000	0.0000	0.0000	0.0000	0.0000	0.0000	0.0000	0.0000	0.0000	0.0000	0.0000	0.0000	0.0000	0.0000	0.0000	0.0000	0.0000	0.0000	0.0000	0.0000	0.0000	0.0000	0.0000	0.0000	0.0000	0.0000	0.0000	0.0000	0.0000	0.0000	0.0000											
44	76	0.6801	11	0	0	0	1	0	0	0	0	N	N	N	N	N	N	N	N	N	N	N	N	0.0000	0.0000	0.0000	0.0000	0.0000	0.0000	0.0000	0.0000	0.0000	0.0000	0.0000	0.0000	0.0000	0.0000	0.0000	0.0000	0.0000	0.0000	0.0000	0.0000	0.9605	0.0000	1.0076	0.0000	0.0000	0.0000	0.0000	0.0000	0.0000	0.0000	0.0000	0.0000	0.0000	0.0000	0.0000	0.0000	0.0000	0.0000	0.0000	0.0000	0.0000	0.0000	0.0000	0.0000	0.0000	0.0000	0.0000	0.0000	0.0000	0.0000	0.0000	0.0000	0.0000	0.0000	0.0000	0.0000	0.0000	0.0000	0.0000	0.0000	0.0000	0.0000	0.0000	0.0000	0.0000	0.0000	0.0000	0.0000	0.0000	0.0000	0.0000	0.0000	0.0000	0.0000	0.0000	0.0000	0.0000	0.0000											
44	77	0.6648	10	0	0	0	1	0	0	0	0	N	N	N	N	N	N	N	N	N	N	N	N	9.0503	1.4536	167.1284	0.4676	3.0886	0.0000	90.4782	0.0000	467.5120	0.1998	0.0022	0.8398	0.0031	0.0032	0.0000	0.4297	0.0000	0.9024	0.0221	0.0015	0.0050	0.0066	0.0010	0.0156	0.0047	0.0003	0.0019	119.7056	5.2551	0.0000	0.0000	0.9605	0.0002	1.0076	2.9297	0.0000	0.0000	0.0000	0.0000	0.0000	0.0000	0.0000	0.0000	0.0000	0.0000	0.0000	0.0000	0.0000	0.0000	0.0000	0.0000	0.0000	0.0000	0.0000	0.0000	0.0000	0.0000	0.0000	0.0000	0.0000	0.0000	0.0000	0.0226	0.0143	0.0083	0.0156	0.0125	0.0031	0.0069	0.0018	0.0051	101.5449	4.3681	185.8411	1.3883	5.5736	0.0000	301.8213	0.0000	467.5120	0.0020	0.0005	0.0045	0.0022	0.0006	0.0088	0.0014	0.0000	0.0019
44	78	0.6607	9	0	0	0	1	0	0	0	0	N	N	N	N	N	N	N	N	N	N	N	N	2.9084	1.7632	43.7367	11.4896	14.1340	0.0000	29.2944	0.0000	190.0527	0.3543	0.3847	0.0335	0.6092	0.6409	0.0000	0.0069	0.0000	0.0499	0.1218	0.2182	0.0008	0.0530	0.0453	0.0078	0.0002	0.0009	0.0003	0.0083	0.0906	-0.0000	-0.0000	0.9605	0.0003	1.0076	2.1916	0.0000	0.0000	0.0000	0.0000	0.0000	0.0000	0.0000	0.0000	0.0000	0.0000	0.0000	0.0000	0.0000	0.0000	0.0000	0.0000	0.0000	0.0000	0.0000	0.0000	0.0000	0.0000	0.0000	0.0000	0.0000	0.0000	0.0000	0.0092	0.0054	0.0038	0.0046	0.0041	0.0004	0.0046	0.0012	0.0034	92.7661	64.4252	43.7367	81.3630	82.5714	0.0000	35.5878	0.0000	190.0527	0.0038	0.0060	0.0008	0.0075	0.0078	0.0048	0.0002	0.0000	0.0003
44	79	0.6529	8	0	0	0	0	0	0	0	0	N	N	N	N	N	N	N	N	N	N	N	N	5.2276	0.0269	38378.8052	3.8684	0.0391	inf	0.0000	0.0000	0.0029	0.0000	0.0316	0.0044	0.0000	0.0618	0.0000	0.0000	0.0000	0.0006	0.0010	0.0000	0.0011	0.0010	0.0000	0.0000	0.0000	0.0000	120.7233	0.0014	0.0000	-0.0000	0.9605	0.2782	1.0076	1.3600	0.0001	0.0000	0.0001	0.0001	0.0000	0.0001	0.0000	0.0000	0.0000	0.0000	0.0000	0.0000	0.0000	0.0000	0.0000	0.0000	0.0000	0.0000	0.0215	0.0195	0.0020	0.0144	0.0134	0.0010	0.0070	0.0061	0.0010	0.0049	0.0030	0.0019	0.0024	0.0021	0.0003	0.0025	0.0009	0.0016	12.6115	0.0694	38378.8052	9.2954	0.0716	inf	0.0000	0.0000	0.0000	0.0002	0.0004	0.0000	0.0005	0.0005	0.0000	0.0000	0.0000	0.0000	
44	80	0.6966	10	0	1	1	0	0	0	0	0	N	N	N	N	N	N	N	N	N	N	N	N	1.3821	32.4561	0.0000	42.6720	47.5653	0.0050	inf	0.0000	0.0078	0.0086	0.0000	0.0144	0.0148	0.0000	0.0001	0.0001	0.0000	0.0056	0.0003	0.0030	0.0003	0.0003	0.0000	0.0165	0.0000	0.0037	0.0000	36.0906	-0.0000	0.0000	0.9605	0.0029	1.0076	2.0135	0.0000	0.0000	0.0000	0.0000	0.0000	0.0000	0.0000	0.0000	0.0000	0.0000	0.0000	0.0000	0.0000	0.0000	0.0000	0.0000	0.0000	0.0000	0.0002	0.0002	0.0000	0.0001	0.0001	0.0000	0.0001	0.0001	0.0000	0.0075	0.0054	0.0020	0.0052	0.0048	0.0004	0.0023	0.0006	0.0016	9.3365	279.4578	0.0000	444.9411	421.4074	0.0000	0.0310	inf	0.0000	0.0008	0.0000	0.0030	0.0000	0.0000	0.0000	0.0027	0.0000	0.0037	
44	81	0.6900	9	0	1	0	0	0	0	0	0	N	N	N	N	N	N	N	N	N	N	N	N	0.0017	0.0010	0.1446	0.0067	0.0075	0.0000	0.9543	0.0854	0.1886	0.0004	0.0004	0.0000	0.0005	0.0005	0.0000	0.0001	0.0001	0.0000	0.2167	0.4066	0.0001	0.0769	0.0721	0.0000	0.0001	0.0015	0.0001	0.0025	0.0047	-0.0000	-0.0000	0.9605	0.6188	1.0076	0.9475	0.0000	0.0000	0.0000	0.0000	0.0000	0.0000	0.0000	0.0000	0.0000	0.0000	0.0000	0.0000	0.0000	0.0000	0.0000	0.0000	0.0000	0.0000	0.0524	0.0478	0.0046	0.0333	0.0317	0.0016	0.0191	0.0161	0.0029	0.0054	0.0035	0.0019	0.0033	0.0030	0.0003	0.0021	0.0005	0.0016	0.0681	0.0486	0.1446	0.0591	0.0561	0.0000	1.4932	3.8194	0.1886	0.0054	0.0082	0.0001	0.0087	0.0096	0.0000	0.0001	0.0000	0.0001
44	82	0.0890	5	0	1	1	0	0	0	0	0	N	N	N	N	N	N	N	N	N	N	N	N	0.0000	0.0000	0.0000	0.0000	0.0000	0.0000	0.0000	0.0000	0.0000	0.0000	0.0000	0.0000	0.0000	0.0000	0.0000	0.0000	0.0000	0.0000	0.0000	0.0000	0.9605	0.0000	1.0076	1.0000	0.0000	0.0000	0.0000	0.0000	0.0000	0.0000	0.0000	0.0000	0.0000	0.0000	0.0000	0.0000	0.0000	0.0000	0.0000	0.0000	0.0000	0.0000	0.0000	0.0000	0.0000	0.0000	0.0000	0.0000	0.0000	0.0000	0.0000	0.0051	0.0019	0.0032	0.0001	0.0001	0.0000	0.0050	0.0018	0.0032	0.0000	0.0000	0.0000	0.0000	0.0000	0.0000	0.0000	0.0000	0.0000	0.0000	0.0000	0.0000	0.0000	0.0000	0.0000	0.0000	0.0000	0.0000											
44	83	0.6640	8	1	0	1	0	0	0	0	0	N	N	N	N	N	N	N	N	N	N	N	N	4036.6747	5121.1968	4.5250	0.0000	0.0000	9705.6519	inf	4.8078	0.9309	1.0118	0.0009	0.0000	0.0000	0.0000	2.0683	2.3827	0.0012	0.0002	0.0002	0.0002	0.0003	0.0002	0.0000	0.0002	0.0000	0.0003	0.0001	7.0858	-0.0989	0.0000	0.9605	9.0001	1.0076	3.0001	0.3802	0.3802	0.0000	0.0000	0.0000	0.0000	0.3802	0.3802	0.0000	0.0000	0.0000	0.0000	0.0000	0.0000	0.0000	0.0000	0.0000	0.0000	0.4085	0.3757	0.0327	0.2246	0.2162	0.0084	0.1838	0.1596	0.0243	0.0305	0.0202	0.0103	0.0185	0.0163	0.0022	0.0120	0.0039	0.0081	11954.0122	69696.0764	4.5250	0.0006	0.0006	0.0000	11952.9677	inf	4.8078	0.0001	0.0000	0.0002	0.0000	0.0000	0.0000	0.0002	0.0000	0.0003	
44	84	0.0666	4	1	0	1	0	0	0	0	0	N	N	N	N	N	N	N	N	N	N	N	N	inf	inf	inf	inf	inf	inf	inf	inf	0.0010	0.0008	0.0033	0.0032	0.0034	0.0000	0.0010	0.0007	0.0034	0.0000	0.0000	0.0000	0.0000	0.0000	0.0000	0.0000	0.0000	0.0000	0.5714	0.0000	0.0000	0.9605	4.0000	1.0076	0.0000	0.0001	0.0001	0.0000	0.0000	0.0000	0.0000	0.0001	0.0001	0.0000	0.0000	0.0000	0.0000	0.0000	0.0000	0.0000	0.0000	0.0000	0.0000	0.1055	0.0933	0.0121	0.0032	0.0030	0.0002	0.1023	0.0904	0.0119	0.0186	0.0084	0.0102	0.0044	0.0038	0.0006	0.0142	0.0046	0.0096	inf	inf	inf	inf	inf	0.0000	inf	inf	inf	0.0000	0.0000	0.0000	0.0000	0.0000	0.0000	0.0000	0.0000	0.0000		
44	85	0.1128	5	1	1	0	0	0	0	0	0	N	N	N	N	N	N	N	N	N	N	N	N	24.0952	15.3662	246.8919	45.0394	48.6979	48.5427	53.7541	0.0050	254.0548	0.2027	0.2627	0.0071	0.6181	0.6262	0.0017	0.0025	0.0000	0.0072	0.0084	0.0171	0.0000	0.0137	0.0129	0.0000	0.0000	0.0008	0.0000	0.0083	0.0127	-0.0036	-0.0000	0.9605	1.0086	1.0076	1.7435	0.0142	0.0141	0.0001	0.0141	0.0141	0.0000	0.0001	0.0000	0.0001	0.0000	0.0000	0.0000	0.0000	0.0000	0.0000	0.0000	0.0000	0.0000	0.0700	0.0535	0.0164	0.0228	0.0225	0.0003	0.0472	0.0311	0.0161	0.0195	0.0100	0.0095	0.0061	0.0056	0.0005	0.0133	0.0044	0.0090	181.5638	121.8796	246.8919	176.3646	163.2201	48.5427	113.2770	0.4790	254.0548	0.0011	0.0022	0.0000	0.0035	0.0038	0.0000	0.0000	0.0000	0.0000
44	86	0.0666	4	1	1	0	0	0	0	0	0	N	N	N	N	N	N	N	N	N	N	N	N	1.0836	0.5031	0.0000	0.0000	0.0000	0.0000	2.5388	0.0670	0.0000	0.0020	0.0022	0.0000	0.0000	0.0000	0.0000	0.0020	0.0023	0.0000	0.0018	0.0045	0.0001	0.0003	0.0003	0.0000	0.0008	0.0346	0.0001	0.0000	0.0888	-0.0000	-0.0000	0.9605	1.0165	1.0076	4.1395	0.0001	0.0001	0.0000	0.0000	0.0000	0.0000	0.0001	0.0001	0.0000	0.0000	0.0000	0.0000	0.0000	0.0000	0.0000	0.0000	0.0000	0.0000	0.0303	0.0267	0.0036	0.0009	0.0008	0.0001	0.0294	0.0259	0.0035	0.0234	0.0105	0.0128	0.0055	0.0047	0.0008	0.0179	0.0058	0.0120	4.2113	2.3427	0.0000	0.0000	0.0000	0.0000	3.3581	1.3526	0.0000	0.0005	0.0010	0.0001	0.0000	0.0000	0.0000	0.0006	0.0017	0.0001
44	87	0.6228	7	1	1	0	0	0	0	0	0	N	N	N	N	N	N	N	N	N	N	N	N	22.3058	inf	2.4697	22.7957	inf	1.1644	inf	inf	0.0148	0.0161	0.0017	0.0276	0.0285	0.0067	0.0001	0.0001	0.0000	0.0007	0.0000	0.0007	0.0012	0.0000	0.0058	0.0000	0.0000	0.0000	0.0100	inf	-0.0015	0.0000	0.9605	9.0005	1.0076	5.0000	0.0060	0.0060	0.0001	0.0060	0.0060	0.0001	0.0000	0.0000	0.0000	0.0000	0.0000	0.0000	0.0000	0.0000	0.0000	0.0000	0.0000	0.0000	0.4074	0.3728	0.0346	0.2190	0.2100	0.0090	0.1884	0.1628	0.0256	0.0372	0.0229	0.0142	0.0190	0.0165	0.0025	0.0181	0.0064	0.0118	55.2079	inf	2.4697	52.4847	inf	1.6655	inf	inf	0.0000	0.0003	0.0000	0.0007	0.0005	0.0000	0.0040	0.0000	0.0000	0.0000	
44	88	0.0890	5	0	1	0	0	0	0	0	0	N	N	N	N	N	N	N	N	N	N	N	N	0.0000	0.0000	0.0000	0.0000	0.0000	0.0000	0.0000	0.0000	0.0000	0.0000	0.0000	0.0000	0.0000	0.0000	0.0000	0.0000	0.0000	0.0000	0.0000	0.0000	0.9605	0.0000	1.0076	0.0000	0.0000	0.0000	0.0000	0.0000	0.0000	0.0000	0.0000	0.0000	0.0000	0.0000	0.0000	0.0000	0.0000	0.0000	0.0000	0.0000	0.0000	0.0000	0.0000	0.0000	0.0000	0.0000	0.0000	0.0000	0.0000	0.0000	0.0000	0.0000	0.0000	0.0000	0.0000	0.0000	0.0000	0.0000	0.0000	0.0000	0.0000	0.0000	0.0000	0.0000	0.0000	0.0000	0.0000	0.0000	0.0000	0.0000	0.0000	0.0000	0.0000	0.0000	0.0000	0.0000	0.0000	0.0000											
44	89	0.6900	9	0	1	0	0	0	0	0	0	N	N	N	N	N	N	N	N	N	N	N	N	0.0000	0.0000	0.0000	0.0000	0.0000	0.0000	0.0000	0.0000	0.0000	0.0000	0.0000	0.0000	0.0000	0.0000	0.0000	0.0000	0.0000	0.0002	0.0001	0.0002	0.0001	0.0001	0.0000	0.0003	0.0007	0.0003	33.4570	0.0000	0.0000	0.9605	1.9953	1.0076	1.0817	0.0000	0.0000	0.0000	0.0000	0.0000	0.0000	0.0000	0.0000	0.0000	0.0000	0.0000	0.0000	0.0000	0.0000	0.0000	0.0000	0.0000	0.0000	0.1225	0.1124	0.0100	0.0720	0.0690	0.0030	0.0505	0.0435	0.0070	0.0094	0.0063	0.0031	0.0059	0.0053	0.0006	0.0035	0.0010	0.0025	0.0000	0.0000	0.0000	0.0000	0.0000	0.0000	0.0000	0.0000	0.0000	0.0001	0.0000	0.0002	0.0000	0.0000	0.0000	0.0002	0.0000	0.0003		
44	90	0.6640	8	0	1	0	0	0	0	0	0	N	N	N	N	N	N	N	N	N	N	N	N	0.0457	0.0262	26.3906	0.0001	0.0001	0.0000	0.0629	0.0013	29.3675	0.0001	0.0001	0.0006	0.0000	0.0000	0.0000	0.0003	0.0003	0.0008	0.0033	0.0043	0.0000	0.0005	0.0004	0.0000	0.0055	0.2093	0.0000	0.4214	0.0113	0.0000	-0.0000	0.9605	2.3999	1.0076	4.0713	0.0000	0.0000	0.0000	0.0000	0.0000	0.0000	0.0000	0.0000	0.0000	0.0000	0.0000	0.0000	0.0000	0.0000	0.0000	0.0000	0.0000	0.0000	0.1307	0.1204	0.0103	0.0747	0.0718	0.0028	0.0560	0.0486	0.0075	0.0172	0.0114	0.0058	0.0104	0.0092	0.0012	0.0068	0.0022	0.0046	0.2327	0.1194	26.3906	0.0006	0.0006	0.0000	0.2307	0.0617	29.3675	0.0006	0.0009	0.0000	0.0001	0.0001	0.0000	0.0015	0.0046	0.0000
44	91	0.6850	9	0	0	1	0	0	0	0	0	N	N	N	N	N	N	N	N	N	N	N	N	0.0000	0.0000	0.0000	0.0000	0.0000	0.0000	0.0000	0.0000	0.0000	0.0000	0.0000	0.0000	0.0000	0.0000	0.0000	0.0000	0.0000	0.0000	0.0000	0.0000	0.9605	0.0000	1.0076	0.0000	0.0000	0.0000	0.0000	0.0000	0.0000	0.0000	0.0000	0.0000	0.0000	0.0000	0.0000	0.0000	0.0000	0.0000	0.0000	0.0000	0.0000	0.0000	0.0000	0.0000	0.0000	0.0000	0.0000	0.0000	0.0000	0.0000	0.0000	0.0000	0.0000	0.0000	0.0000	0.0000	0.0000	0.0000	0.0000	0.0000	0.0000	0.0000	0.0000	0.0000	0.0000	0.0000	0.0000	0.0000	0.0000	0.0000	0.0000	0.0000	0.0000	0.0000	0.0000	0.0000	0.0000	0.0000											
44	92	0.6529	8	0	0	1	0	0	0	0	0	N	N	N	N	N	N	N	N	N	N	N	N	0.0006	0.0004	0.3496	0.0005	0.0005	0.1258	0.0000	0.0000	0.0000	0.0308	0.0334	0.0037	0.0555	0.0576	0.0127	0.0000	0.0000	0.0000	50.3623	82.8278	0.0106	101.1369	116.2217	0.1013	0.2437	1.9844	0.0001	0.0105	0.0001	-0.0015	-0.5091	0.9605	3.7221	1.0076	2.9993	0.0060	0.0060	0.0001	0.0060	0.0060	0.0001	0.0000	0.0000	0.0000	0.9755	0.9754	0.0000	0.9753	0.9753	0.0000	0.0002	0.0002	0.0000	0.1957	0.1789	0.0168	0.1086	0.1037	0.0049	0.0871	0.0752	0.0119	0.0194	0.0118	0.0076	0.0096	0.0084	0.0013	0.0097	0.0034	0.0063	0.0006	0.0004	0.5637	0.0005	0.0005	0.3224	0.0000	0.0000	0.0000	50.3623	82.8278	0.0066	101.1369	116.2217	0.0395	0.0155	0.0445	0.0001
44	93	0.6228	7	0	0	0	0	0	0	0	0	N	N	N	N	N	N	N	N	N	N	N	N	inf	inf	inf	inf	inf	inf	inf	0.0004	0.0005	0.0000	0.0008	0.0008	0.0000	0.0000	0.0000	0.0000	0.0000	0.0000	0.0000	0.0000	0.0000	0.0000	0.0000	0.0000	0.0000	0.0000	-0.0000	0.0000	0.9605	2.7217	1.0076	3.0458	0.0001	0.0001	0.0000	0.0001	0.0001	0.0000	0.0000	0.0000	0.0000	0.0000	0.0000	0.0000	0.0000	0.0000	0.0000	0.0000	0.0000	0.0000	0.1447	0.1324	0.0123	0.0800	0.0766	0.0034	0.0647	0.0558	0.0089	0.0165	0.0101	0.0063	0.0084	0.0073	0.0011	0.0081	0.0029	0.0052	inf	inf	inf	inf	inf	0.0000	inf	inf	0.0000	0.0000	0.0000	0.0000	0.0000	0.0000	0.0000	0.0000	0.0000	0.0000			
44	94	0.6803	9	1	1	0	0	0	0	0	0	N	N	N	N	N	N	N	N	N	N	N	N	0.8691	0.0010	599.8987	0.6415	0.0006	inf	0.2015	inf	0.0000	0.0000	0.0000	0.0004	0.0001	0.0000	0.0016	0.0000	0.0000	0.0000	0.0000	0.0001	0.0000	0.0001	0.0001	0.0000	0.0000	0.0000	0.0000	414.8589	0.5273	0.0000	-0.0000	0.9605	5.9980	1.0076	4.9575	0.0000	0.0000	0.0000	0.0000	0.0000	0.0000	0.0000	0.0000	0.0000	0.0000	0.0000	0.0000	0.0000	0.0000	0.0000	0.0000	0.0000	0.0000	0.2963	0.2736	0.0227	0.1709	0.1646	0.0063	0.1253	0.1090	0.0164	0.0260	0.0181	0.0079	0.0165	0.0145	0.0020	0.0095	0.0036	0.0059	52.3585	0.1450	599.8987	87.7549	0.0698	inf	0.2015	inf	0.0000	0.0000	0.0000	0.0000	0.0000	0.0000	0.0000	0.0000	0.0000	0.0000
44	95	0.0890	5	1	1	0	0	0	0	0	0	N	N	N	N	N	N	N	N	N	N	N	N	0.0000	0.0000	0.0000	0.0000	0.0000	0.0000	0.0000	0.0000	0.0000	0.0000	0.0000	0.0000	0.0000	0.0000	0.0000	0.0000	0.0000	0.0000	0.0000	0.0000	0.9605	0.0000	1.0076	2.0000	0.0000	0.0000	0.0000	0.0000	0.0000	0.0000	0.0000	0.0000	0.0000	0.0000	0.0000	0.0000	0.0000	0.0000	0.0000	0.0000	0.0000	0.0000	0.0000	0.0000	0.0000	0.0000	0.0000	0.0000	0.0000	0.0000	0.0000	0.0101	0.0038	0.0063	0.0003	0.0003	0.0000	0.0098	0.0035	0.0063	0.0000	0.0000	0.0000	0.0000	0.0000	0.0000	0.0000	0.0000	0.0000	0.0000	0.0000	0.0000	0.0000	0.0000	0.0000	0.0000	0.0000	0.0000											
44	96	0.0666	4	0	1	0	0	0	0	0	0	N	N	N	N	N	N	N	N	N	N	N	N	inf	inf	inf	inf	inf	inf	inf	inf	0.0010	0.0008	0.0033	0.0032	0.0034	0.0000	0.0010	0.0007	0.0034	0.0000	0.0000	0.0000	0.0000	0.0000	0.0000	0.0000	0.0000	0.0000	0.5714	0.0000	0.0000	0.9605	4.0000	1.0076	0.0000	0.0001	0.0001	0.0000	0.0000	0.0000	0.0000	0.0001	0.0001	0.0000	0.0000	0.0000	0.0000	0.0000	0.0000	0.0000	0.0000	0.0000	0.0000	0.1055	0.0933	0.0121	0.0032	0.0030	0.0002	0.1023	0.0904	0.0119	0.0186	0.0084	0.0102	0.0044	0.0038	0.0006	0.0142	0.0046	0.0096	inf	inf	inf	inf	inf	0.0000	inf	inf	inf	0.0000	0.0000	0.0000	0.0000	0.0000	0.0000	0.0000	0.0000	0.0000		
44	97	0.6228	7	0	0	0	0	0	0	0	0	N	N	N	N	N	N	N	N	N	N	N	N	0.0009	0.0005	inf	0.0023	0.0023	0.0563	0.0000	inf	0.0003	0.0003	0.0006	0.0005	0.0006	0.0000	0.0001	0.0000	0.0008	0.3986	0.6583	0.0000	0.2287	0.2457	0.0000	0.0019	0.0630	0.0000	0.1667	0.0000	-0.0000	-0.0001	0.9605	3.9994	1.0076	4.0000	0.0001	0.0001	0.0000	0.0001	0.0001	0.0000	0.0000	0.0000	0.0000	0.0002	0.0002	0.0000	0.0002	0.0002	0.0000	0.0000	0.0000	0.0000	0.2055	0.1880	0.0175	0.1129	0.1081	0.0048	0.0926	0.0799	0.0127	0.0224	0.0138	0.0086	0.0114	0.0099	0.0015	0.0110	0.0039	0.0071	0.0401	0.0232	inf	0.0336	0.0306	0.0000	0.1188	0.0000	inf	0.0085	0.0138	0.0000	0.0158	0.0181	0.0000	0.0009	0.0026	0.0000	
44	98	0.0666	4	0	0	0	0	0	0	0	0	N	N	N	N	N	N	N	N	N	N	N	N	0.0000	0.0000	0.0000	0.0000	0.0000	0.0000	0.0000	0.0000	0.0000	0.0000	0.0000	0.0000	0.0000	0.0000	0.0000	0.0000	0.0000	0.0000	0.0000	0.0000	0.9605	1.0000	1.0076	0.0000	0.0000	0.0000	0.0000	0.0000	0.0000	0.0000	0.0000	0.0000	0.0000	0.0000	0.0000	0.0000	0.0000	0.0000	0.0000	0.0000	0.0000	0.0000	0.0530	0.0468	0.0062	0.0016	0.0014	0.0001	0.0515	0.0454	0.0061	0.0090	0.0041	0.0049	0.0022	0.0019	0.0003	0.0068	0.0022	0.0046	0.0000	0.0000	0.0000	0.0000	0.0000	0.0000	0.0000	0.0000	0.0000	0.0000	0.0000	0.0000	0.0000	0.0000	0.0000	0.0000	0.0000	0.0000											
44	99	0.5118	6	0	0	0	0	0	0	0	0	N	N	N	N	N	N	N	N	N	N	N	N	1.2778	1.0609	0.2939	1.7779	2.4413	2.9987	135.5675	58.5042	1.5180	0.8574	1.0734	0.0001	1.1724	1.5782	0.0000	0.0296	0.0313	0.0004	0.6709	1.0118	0.0003	0.6594	0.6465	0.0000	0.0002	0.0005	0.0003	0.0000	0.0058	-0.0695	-0.0005	0.9605	1.5982	1.0076	11.1970	0.2673	0.2673	0.0000	0.2647	0.2647	0.0000	0.0025	0.0025	0.0000	0.0009	0.0009	0.0000	0.0009	0.0009	0.0000	0.0000	0.0000	0.0000	0.3117	0.2490	0.0628	0.2258	0.1677	0.0581	0.0859	0.0813	0.0047	0.0501	0.0295	0.0206	0.0215	0.0194	0.0020	0.0286	0.0100	0.0186	47.1708	34.9735	0.2939	27.8209	33.9025	2.9987	162.2324	8901.0836	1.5180	0.0182	0.0307	0.0003	0.0421	0.0466	0.0000	0.0002	0.0000	0.0003
44	100	0.6818	10	1	1	1	0	0	0	0	0	N	N	N	N	N	N	N	N	N	N	N	N	0.0000	0.0000	0.0000	0.0000	0.0000	0.0000	0.0000	0.0000	0.0000	0.0000	0.0000	0.0000	0.0000	0.0000	0.0000	0.0000	0.1220	0.0001	0.0380	0.0001	0.0001	0.0000	0.1383	0.0000	0.0192	3007.6168	0.0000	0.0000	0.9605	0.0000	1.0076	0.9982	0.0000	0.0000	0.0000	0.0000	0.0000	0.0000	0.0000	0.0000	0.0000	0.0000	0.0000	0.0000	0.0000	0.0000	0.0000	0.0000	0.0000	0.0000	0.0035	0.0032	0.0003	0.0029	0.0028	0.0001	0.0006	0.0004	0.0002	0.0026	0.0018	0.0008	0.0017	0.0015	0.0002	0.0009	0.0003	0.0006	0.0000	0.0000	0.0000	0.0000	0.0000	0.0000	0.0000	0.0000	0.0000	0.0038	0.0000	0.0127	0.0000	0.0000	0.0000	0.0106	0.0000	0.0168			
44	101	0.1014	7	1	1	1	0	0	0	0	0	N	N	N	N	N	N	N	N	N	N	N	N	0.0000	0.0000	0.0000	0.0000	0.0000	0.0000	0.0000	0.0000	0.0000	0.0000	0.0000	0.0000	0.0000	0.0000	0.0000	0.0000	0.0000	0.0000	0.0000	0.0000	0.9605	0.0000	1.0076	0.0000	0.0000	0.0000	0.0000	0.0000	0.0000	0.0000	0.0000	0.0000	0.0000	0.0000	0.0000	0.0000	0.0000	0.0000	0.0000	0.0000	0.0000	0.0000	0.0000	0.0000	0.0000	0.0000	0.0000	0.0000	0.0000	0.0000	0.0000	0.0000	0.0000	0.0000	0.0000	0.0000	0.0000	0.0000	0.0000	0.0000	0.0000	0.0000	0.0000	0.0000	0.0000	0.0000	0.0000	0.0000	0.0000	0.0000	0.0000	0.0000	0.0000	0.0000	0.0000	0.0000	0.0000	0.0000											
44	102	0.1014	6	1	0	1	0	0	0	0	0	N	N	N	N	N	N	N	N	N	N	N	N	0.0000	0.0000	0.0000	0.0000	0.0000	0.0000	0.0000	0.0000	0.0000	0.0000	0.0000	0.0000	0.0000	0.0000	0.0000	0.0000	0.0000	0.0000	0.0000	0.0000	0.9605	0.0000	1.0076	0.0000	0.0000	0.0000	0.0000	0.0000	0.0000	0.0000	0.0000	0.0000	0.0000	0.0000	0.0000	0.0000	0.0000	0.0000	0.0000	0.0000	0.0000	0.0000	0.0000	0.0000	0.0000	0.0000	0.0000	0.0000	0.0000	0.0000	0.0000	0.0000	0.0000	0.0000	0.0000	0.0000	0.0000	0.0000	0.0000	0.0000	0.0000	0.0000	0.0000	0.0000	0.0000	0.0000	0.0000	0.0000	0.0000	0.0000	0.0000	0.0000	0.0000	0.0000	0.0000	0.0000	0.0000	0.0000											
44	103	0.0953	5	1	0	1	0	0	0	0	0	N	N	N	N	N	N	N	N	N	N	N	N	inf	inf	0.0004	0.0000	0.0000	0.0000	0.0000	0.0000	0.0007	0.0000	0.0000	0.0000	0.0000	0.0000	0.0000	0.0000	0.0000	0.0000	0.0000	0.0000	0.0000	0.0000	0.9605	0.0000	1.0076	1.0091	0.0000	0.0000	0.0000	0.0000	0.0000	0.0000	0.0000	0.0000	0.0000	0.0000	0.0000	0.0000	0.0000	0.0000	0.0000	0.0000	0.0000	0.0000	0.0000	0.0000	0.0000	0.0000	0.0000	0.0000	0.0000	0.0000	0.0000	0.0052	0.0019	0.0032	0.0002	0.0002	0.0000	0.0050	0.0018	0.0032	inf	0.0000	0.0000	0.0000	0.0000	0.0000	inf	0.0000	0.0000	0.0000	0.0000	0.0000	0.0000	0.0000	0.0000	0.0000	0.0000	0.0000									
44	104	0.6228	7	0	1	0	0	0	0	0	0	N	N	N	N	N	N	N	N	N	N	N	N	inf	inf	inf	inf	inf	inf	inf	inf	0.0163	0.0167	0.0114	0.0301	0.0296	0.0425	0.0001	0.0000	0.0004	0.0000	0.0000	0.0000	0.0000	0.0000	0.0000	0.0000	0.0000	0.0000	0.0634	-0.0012	0.0000	0.9605	7.9994	1.0076	4.0001	0.0060	0.0057	0.0004	0.0060	0.0057	0.0003	0.0000	0.0000	0.0000	0.0000	0.0000	0.0000	0.0000	0.0000	0.0000	0.0000	0.0000	0.0000	0.3710	0.3395	0.0315	0.2003	0.1920	0.0082	0.1708	0.1475	0.0233	0.0324	0.0200	0.0124	0.0166	0.0144	0.0022	0.0159	0.0056	0.0103	inf	inf	inf	inf	inf	inf	inf	0.0000	inf	0.0000	0.0000	0.0000	0.0000	0.0000	0.0000	0.0000	0.0000	0.0000		
44	105	0.6852	11	1	0	1	0	0	0	0	0	N	N	N	N	N	N	N	N	N	N	N	N	0.0004	0.0042	0.0212	0.0001	0.0055	0.0000	0.0017	0.0940	0.0001	0.0000	0.0013	0.0000	0.0000	0.0000	0.0002	0.0000	0.0019	0.2589	0.0002	0.0626	0.0110	0.0003	0.0581	0.1449	0.0000	0.0198	120.4673	448.1367	0.0000	0.0000	0.9605	1.0000	1.0076	1.0005	0.0000	0.0000	0.0000	0.0000	0.0000	0.0000	0.0000	0.0000	0.0000	0.0000	0.0000	0.0000	0.0000	0.0000	0.0000	0.0000	0.0000	0.0000	0.0564	0.0521	0.0043	0.0332	0.0320	0.0012	0.0232	0.0202	0.0031	0.0051	0.0036	0.0015	0.0032	0.0029	0.0004	0.0018	0.0007	0.0012	0.0173	0.0485	0.0682	0.0005	0.0636	0.0000	0.0226	0.0000	0.1072	0.0059	0.0000	0.0194	0.0030	0.0000	0.0257	0.0109	0.0000	0.0174	
44	106	0.6818	10	1	0	1	0	0	0	0	0	N	N	N	N	N	N	N	N	N	N	N	N	0.0007	0.0004	0.1256	0.0037	0.0037	0.0226	0.0006	0.1365	0.0001	0.0001	0.0000	0.0002	0.0002	0.0000	0.0000	0.0000	0.0000	0.1902	0.3140	0.0001	0.0564	0.0588	0.0000	0.0001	0.0012	0.0001	0.0082	0.0068	-0.0000	-0.0000	0.9605	0.7249	1.0076	0.0368	0.0000	0.0000	0.0000	0.0000	0.0000	0.0000	0.0000	0.0000	0.0000	0.0000	0.0000	0.0000	0.0000	0.0000	0.0000	0.0000	0.0000	0.0000	0.0446	0.0412	0.0034	0.0271	0.0261	0.0010	0.0175	0.0151	0.0024	0.0020	0.0014	0.0006	0.0013	0.0011	0.0001	0.0007	0.0003	0.0005	0.0261	0.0196	0.1256	0.0273	0.0250	0.0000	0.0330	0.0309	0.1365	0.0049	0.0070	0.0001	0.0077	0.0087	0.0000	0.0001	0.0000	0.0001	
44	107	0.6803	9	1	0	1	0	0	0	0	0	N	N	N	N	N	N	N	N	N	N	N	N	1.0051	0.0126	24.5701	0.0108	0.0119	0.0464	4.6638	inf	30.9886	0.0002	0.0000	0.0029	0.0000	0.0000	0.0000	0.0006	0.0000	0.0043	0.0002	0.0003	0.0001	0.0004	0.0004	0.0000	0.0001	0.0000	0.0001	63.4147	1.1058	0.0000	0.0000	0.9605	0.4159	1.0076	0.0887	0.0000	0.0000	0.0000	0.0000	0.0000	0.0000	0.0000	0.0000	0.0000	0.0000	0.0000	0.0000	0.0000	0.0000	0.0000	0.0000	0.0000	0.0000	0.0273	0.0253	0.0020	0.0174	0.0167	0.0007	0.0099	0.0086	0.0013	0.0014	0.0010	0.0004	0.0009	0.0008	0.0001	0.0005	0.0002	0.0003	3.2590	0.0812	24.5701	0.0816	0.0805	0.0464	6.7868	inf	30.9886	0.0001	0.0000	0.0001	0.0001	0.0001	0.0000	0.0001	0.0000	0.0001
44	108	0.6640	8	1	0	0	0	0	0	0	0	N	N	N	N	N	N	N	N	N	N	N	N	1.4401	0.9971	0.4141	0.7713	0.8555	inf	17.1278	0.2798	0.4325	0.0001	0.0001	0.0000	0.0001	0.0001	0.0000	0.0001	0.0001	0.0000	0.0001	0.0001	0.0000	0.0001	0.0001	0.0000	0.0000	0.0005	0.0000	0.0020	1.0301	-0.0000	-0.0000	0.9605	3.9943	1.0076	0.9974	0.0000	0.0000	0.0000	0.0000	0.0000	0.0000	0.0000	0.0000	0.0000	0.0000	0.0000	0.0000	0.0000	0.0000	0.0000	0.0000	0.0000	0.0000	0.2076	0.1911	0.0164	0.1174	0.1129	0.0044	0.0902	0.0782	0.0120	0.0135	0.0089	0.0045	0.0082	0.0072	0.0009	0.0053	0.0017	0.0036	24.7537	36.1923	0.4141	35.7584	32.8696	inf	17.1278	43.4436	0.4325	0.0000	0.0000	0.0000	0.0000	0.0000	0.0000	0.0000	0.0000	0.0000
44	109	0.0953	5	1	0	1	0	0	0	0	0	N	N	N	N	N	N	N	N	N	N	N	N	inf	inf	0.0004	0.0000	0.0000	0.0000	0.0000	0.0000	0.0007	0.0000	0.0000	0.0000	0.0000	0.0000	0.0000	0.0000	0.0000	0.0000	0.0000	0.0000	0.0000	0.0000	0.9605	0.0000	1.0076	0.9909	0.0000	0.0000	0.0000	0.0000	0.0000	0.0000	0.0000	0.0000	0.0000	0.0000	0.0000	0.0000	0.0000	0.0000	0.0000	0.0000	0.0000	0.0000	0.0000	0.0000	0.0000	0.0000	0.0000	0.0000	0.0000	0.0000	0.0000	0.0051	0.0019	0.0032	0.0002	0.0002	0.0000	0.0049	0.0018	0.0032	inf	0.0000	0.0000	0.0000	0.0000	0.0000	inf	0.0000	0.0000	0.0000	0.0000	0.0000	0.0000	0.0000	0.0000	0.0000	0.0000	0.0000									
44	110	0.0666	4	1	0	1	0	0	0	0	0	N	N	N	N	N	N	N	N	N	N	N	N	inf	inf	inf	inf	inf	inf	inf	inf	0.0010	0.0008	0.0033	0.0032	0.0034	0.0000	0.0010	0.0007	0.0034	0.0000	0.0000	0.0000	0.0000	0.0000	0.0000	0.0000	0.0000	0.0000	0.5714	0.0000	0.0000	0.9605	4.0000	1.0076	0.0000	0.0001	0.0001	0.0000	0.0000	0.0000	0.0000	0.0001	0.0001	0.0000	0.0000	0.0000	0.0000	0.0000	0.0000	0.0000	0.0000	0.0000	0.0000	0.1055	0.0933	0.0121	0.0032	0.0030	0.0002	0.1023	0.0904	0.0119	0.0186	0.0084	0.0102	0.0044	0.0038	0.0006	0.0142	0.0046	0.0096	inf	inf	inf	inf	inf	0.0000	inf	inf	inf	0.0000	0.0000	0.0000	0.0000	0.0000	0.0000	0.0000	0.0000	0.0000		
44	112	0.6686	8	0	0	1	0	0	0	0	0	N	N	N	N	N	N	N	N	N	N	N	N	0.0000	0.0000	0.0000	0.0000	0.0000	0.0000	0.0000	0.0000	0.0000	0.0000	0.0000	0.0000	0.0000	0.0000	0.0000	0.0000	8.7118	12.4639	0.0050	15.8784	17.1365	0.0000	0.0195	0.0000	0.0051	0.0002	0.0000	-0.0000	0.9605	0.0000	1.0076	0.0001	0.0000	0.0000	0.0000	0.0000	0.0000	0.0000	0.0000	0.0000	0.0000	0.0000	0.0000	0.0000	0.0000	0.0000	0.0000	0.0000	0.0000	0.0000	0.0000	0.0000	0.0000	0.0000	0.0000	0.0000	0.0000	0.0000	0.0000	0.0000	0.0000	0.0000	0.0000	0.0000	0.0000	0.0000	0.0000	0.0000	0.0000	0.0000	0.0000	0.0000	0.0000	0.0000	0.0000	0.0000	0.0000	8.7118	12.4639	0.0045	15.8784	17.1365	0.0000	0.0030	0.0000	0.0051			
44	113	0.6228	7	0	0	1	0	0	0	0	0	N	N	N	N	N	N	N	N	N	N	N	N	0.0008	0.0005	0.0000	0.0007	0.0006	0.0000	0.0000	0.0000	0.0000	0.0293	0.0321	0.0000	0.0534	0.0558	0.0000	0.0000	0.0000	0.0000	39.0687	63.3627	0.0503	76.6883	88.0957	0.0018	0.1880	0.0056	0.0224	0.0000	0.0002	-0.0016	-0.5089	0.9605	4.0004	1.0076	4.9999	0.0060	0.0060	0.0000	0.0060	0.0060	0.0000	0.0000	0.0000	0.0000	0.9755	0.9753	0.0002	0.9753	0.9753	0.0000	0.0002	0.0000	0.0001	0.2055	0.1880	0.0175	0.1129	0.1081	0.0048	0.0926	0.0799	0.0127	0.0250	0.0154	0.0096	0.0127	0.0111	0.0016	0.0122	0.0043	0.0079	0.0008	0.0005	0.0000	0.0007	0.0006	0.0000	0.0000	0.0000	0.0000	39.0687	63.3627	0.0159	76.6883	88.0957	0.0015	0.0123	0.0003	0.0189
44	114	0.0340	3	0	1	0	0	0	0	0	0	N	N	N	N	N	N	N	N	N	N	N	N	0.4622	0.8374	0.0245	2.2222	2.4677	0.4395	0.0241	0.0664	0.0479	0.6030	0.8401	0.0183	1.7393	1.7418	0.0003	0.0291	0.0373	0.0183	1.3047	1.0031	0.7487	0.7827	0.7058	0.0006	1.2067	0.5612	0.3831	0.0088	6.1548	-0.0623	0.0032	0.9605	4.3361	1.0076	4.6323	0.2478	0.2456	0.0022	0.2399	0.2399	0.0000	0.0079	0.0058	0.0022	0.0094	0.0013	0.0081	0.0011	0.0011	0.0000	0.0082	0.0002	0.0081	0.4109	0.2924	0.1186	0.1379	0.1377	0.0002	0.2730	0.1547	0.1184	0.0847	0.0433	0.0414	0.0231	0.0220	0.0011	0.0616	0.0213	0.0403	5.4502	27.7750	0.0941	35.4315	33.8249	0.4925	0.2173	4.5327	0.0918	0.1106	0.0302	0.1947	0.0491	0.0515	0.0005	0.1338	0.0082	0.2000
44	116	0.6228	7	0	1	0	1	0	0	0	0	N	N	N	N	N	N	N	N	N	N	N	N	0.0372	0.0268	0.0297	0.0334	inf	inf	0.0001	0.0001	0.0000	0.0001	0.0001	0.0000	0.0001	0.0001	0.0000	0.0021	0.0033	0.0000	0.0025	0.0023	0.0000	0.0000	0.0000	0.0000	0.0000	0.0000	-0.0000	-0.0000	0.9605	5.0006	1.0076	2.0000	0.0000	0.0000	0.0000	0.0000	0.0000	0.0000	0.0000	0.0000	0.0000	0.0000	0.0000	0.0000	0.0000	0.0000	0.0000	0.0000	0.0000	0.0000	0.2502	0.2290	0.0213	0.1368	0.1311	0.0057	0.1134	0.0979	0.0155	0.0198	0.0122	0.0076	0.0100	0.0088	0.0013	0.0097	0.0034	0.0063	0.1580	0.1064	0.0000	0.0735	0.0668	0.0000	inf	inf	0.0000	0.0005	0.0008	0.0000	0.0010	0.0011	0.0000	0.0000	0.0000	0.0000			
44	117	0.0666	4	0	1	0	1	0	0	0	0	N	N	N	N	N	N	N	N	N	N	N	N	0.0000	0.0000	0.0000	0.0000	0.0000	0.0000	0.0000	0.0000	0.0000	0.0000	0.0000	0.0000	0.0000	0.0000	0.0000	0.0000	0.0000	0.0000	0.0000	0.0000	0.9605	0.0000	1.0076	1.0000	0.0000	0.0000	0.0000	0.0000	0.0000	0.0000	0.0000	0.0000	0.0000	0.0000	0.0000	0.0000	0.0000	0.0000	0.0000	0.0000	0.0000	0.0000	0.0000	0.0000	0.0000	0.0000	0.0000	0.0000	0.0000	0.0000	0.0000	0.0069	0.0031	0.0038	0.0017	0.0015	0.0002	0.0052	0.0017	0.0035	0.0000	0.0000	0.0000	0.0000	0.0000	0.0000	0.0000	0.0000	0.0000	0.0000	0.0000	0.0000	0.0000	0.0000	0.0000	0.0000	0.0000	0.0000											
44	118	0.6228	7	0	1	0	0	0	0	0	0	N	N	N	N	N	N	N	N	N	N	N	N	1552.6705	inf	7707.8250	19.7617	inf	0.0000	inf	inf	inf	0.6004	0.3264	3.5642	0.0180	0.0187	0.0000	1.2364	0.6991	4.7130	0.0004	0.0000	0.0005	0.0009	0.0000	0.0034	0.0000	0.0000	0.0000	1.0093	inf	0.0935	0.0000	0.9605	16.9994	1.0076	6.0000	0.3862	0.1922	0.1940	0.0060	0.0060	0.0000	0.3802	0.1862	0.1940	0.0000	0.0000	0.0000	0.0000	0.0000	0.0000	0.0000	0.0000	0.0000	0.6433	0.5889	0.0544	0.3358	0.3225	0.0133	0.3075	0.2663	0.0412	0.0566	0.0350	0.0216	0.0292	0.0253	0.0039	0.0274	0.0096	0.0178	3397.0537	inf	7707.8250	52.3933	inf	0.0000	inf	inf	inf	0.0002	0.0000	0.0005	0.0003	0.0000	0.0026	0.0000	0.0000	0.0000
44	119	0.0666	4	0	1	0	0	0	0	0	0	N	N	N	N	N	N	N	N	N	N	N	N	0.0023	0.0604	0.0000	0.0083	0.0084	0.0000	0.0005	0.0005	0.0000	0.0000	0.0000	0.0000	0.0005	0.0006	0.0000	0.2069	0.0088	0.0183	0.0000	0.0000	0.0000	0.0586	0.0660	0.0087	0.0000	6.6667	-0.0000	0.0001	0.9605	5.0000	1.0076	6.0000	0.0001	0.0001	0.0000	0.0000	0.0000	0.0000	0.0001	0.0001	0.0000	0.0002	0.0000	0.0002	0.0000	0.0000	0.0000	0.0002	0.0000	0.0002	0.1269	0.1124	0.0145	0.0039	0.0036	0.0003	0.1231	0.1088	0.0142	0.0439	0.0196	0.0243	0.0097	0.0083	0.0014	0.0342	0.0113	0.0229	0.0901	0.3479	0.0000	0.0000	0.0000	0.0000	0.0724	0.2076	0.0000	0.0052	0.0015	0.0082	0.0000	0.0000	0.0000	0.0067	0.0027	0.0087			
44	120	0.0947	5	0	1	0	0	0	0	0	0	N	N	N	N	N	N	N	N	N	N	N	N	0.0001	0.0001	0.0024	0.0043	0.0056	0.0093	0.0002	0.0001	0.0097	0.0000	0.0000	0.0001	0.0000	0.0000	0.0000	0.0000	0.0000	0.0001	0.4408	0.1595	0.0410	0.0034	0.0027	0.0003	0.1806	0.5526	0.0135	0.4424	3.5834	0.0000	0.0000	0.9605	0.9998	1.0076	0.9486	0.0000	0.0000	0.0000	0.0000	0.0000	0.0000	0.0000	0.0000	0.0000	0.0001	0.0000	0.0001	0.0000	0.0000	0.0000	0.0001	0.0000	0.0001	0.0257	0.0233	0.0023	0.0122	0.0116	0.0006	0.0135	0.0117	0.0018	0.0094	0.0039	0.0055	0.0016	0.0016	0.0000	0.0077	0.0023	0.0055	0.0029	0.0043	0.0075	0.0114	0.0116	0.0093	0.0036	0.0037	0.0097	0.0100	0.0053	0.0133	0.0013	0.0013	0.0003	0.0119	0.0081	0.0134
44	121	0.0666	4	0	1	0	0	0	0	0	0	N	N	N	N	N	N	N	N	N	N	N	N	0.2505	0.1760	5.3404	8.1791	9.3627	0.0000	0.5822	0.0192	5.1090	0.0008	0.0006	0.0025	0.0024	0.0025	0.0000	0.0007	0.0005	0.0026	0.0032	0.0032	0.0005	0.0003	0.0003	0.0000	0.0013	0.0263	0.0005	0.5705	0.7123	0.0000	-0.0000	0.9605	3.0005	1.0076	1.1085	0.0001	0.0001	0.0000	0.0000	0.0000	0.0000	0.0001	0.0001	0.0000	0.0000	0.0000	0.0000	0.0000	0.0000	0.0000	0.0000	0.0000	0.0000	0.1377	0.1220	0.0157	0.0042	0.0039	0.0003	0.1335	0.1181	0.0154	0.0326	0.0146	0.0179	0.0075	0.0064	0.0011	0.0251	0.0082	0.0168	1.2627	0.6971	5.3404	111.2550	104.9311	0.0000	0.9194	0.3524	5.1090	0.0006	0.0008	0.0005	0.0000	0.0000	0.0000	0.0008	0.0014	0.0005
44	122	0.6640	8	0	1	0	0	0	0	0	0	N	N	N	N	N	N	N	N	N	N	N	N	inf	inf	inf	inf	inf	inf	0.0001	0.0001	0.0000	0.0000	0.0000	0.0000	0.0002	0.0002	0.0000	0.0000	0.0000	0.0000	0.0000	0.0000	0.0000	0.0000	0.0000	0.0000	0.0000	-0.0000	0.0000	0.9605	2.0001	1.0076	3.0000	0.0000	0.0000	0.0000	0.0000	0.0000	0.0000	0.0000	0.0000	0.0000	0.0000	0.0000	0.0000	0.0000	0.0000	0.0000	0.0000	0.0000	0.0000	0.1103	0.1016	0.0087	0.0632	0.0608	0.0024	0.0471	0.0408	0.0063	0.0135	0.0090	0.0045	0.0082	0.0072	0.0009	0.0053	0.0017	0.0036	inf	inf	0.0000	inf	inf	0.0000	inf	inf	0.0000	0.0000	0.0000	0.0000	0.0000	0.0000	0.0000	0.0000	0.0000	0.0000				
44	123	0.6228	7	0	0	0	0	0	0	0	0	N	N	N	N	N	N	N	N	N	N	N	N	1589.7684	339.3433	inf	inf	inf	inf	0.0938	0.0000	inf	0.0181	0.0196	0.0021	0.0334	0.0345	0.0080	0.0000	0.0000	0.0000	0.0000	0.0001	0.0000	0.0000	0.0000	0.0000	0.0000	0.0002	0.0000	0.0101	0.2500	-0.0015	-0.0000	0.9605	6.9986	1.0076	2.0000	0.0060	0.0060	0.0001	0.0060	0.0060	0.0001	0.0000	0.0000	0.0000	0.0000	0.0000	0.0000	0.0000	0.0000	0.0000	0.0000	0.0000	0.0000	0.3328	0.3045	0.0283	0.1804	0.1729	0.0075	0.1524	0.1316	0.0208	0.0250	0.0154	0.0096	0.0127	0.0111	0.0016	0.0122	0.0043	0.0079	150596.5869	125563.6111	inf	inf	inf	inf	0.0938	0.0000	inf	0.0000	0.0000	0.0000	0.0000	0.0000	0.0000	0.0000	0.0000	0.0000
44	124	0.1002	5	0	1	0	0	0	0	0	0	N	N	N	N	N	N	N	N	N	N	N	N	1.5334	0.6592	154.2451	1.4956	1.6938	0.0000	49.8506	0.1913	259.5225	0.0004	0.0004	0.0005	0.0014	0.0014	0.0000	0.0002	0.0001	0.0006	0.0003	0.0006	0.0000	0.0009	0.0008	0.0000	0.0000	0.0008	0.0000	0.1532	0.0211	-0.0000	-0.0000	0.9605	3.9006	1.0076	3.1543	0.0001	0.0001	0.0000	0.0000	0.0000	0.0000	0.0000	0.0000	0.0000	0.0000	0.0000	0.0000	0.0000	0.0000	0.0000	0.0000	0.0000	0.0000	0.1896	0.1706	0.0190	0.0321	0.0306	0.0015	0.1575	0.1399	0.0175	0.0443	0.0191	0.0252	0.0116	0.0099	0.0017	0.0327	0.0092	0.0235	4.2191	1.7877	154.2451	3.9542	3.5608	0.0000	49.8506	17.7974	259.5225	0.0001	0.0002	0.0000	0.0003	0.0004	0.0000	0.0000	0.0000	0.0000
44	125	0.0666	4	0	1	0	0	0	0	0	0	N	N	N	N	N	N	N	N	N	N	N	N	0.2333	0.1781	0.0983	0.0602	0.0703	0.0000	0.5615	0.0223	0.0948	0.0005	0.0005	0.0000	0.0000	0.0000	0.0000	0.0005	0.0006	0.0000	0.0020	0.0030	0.0003	0.0004	0.0004	0.0000	0.0009	0.0247	0.0003	0.0061	0.3948	-0.0000	-0.0000	0.9605	1.6924	1.0076	1.9110	0.0000	0.0000	0.0000	0.0000	0.0000	0.0000	0.0000	0.0000	0.0000	0.0000	0.0000	0.0000	0.0000	0.0000	0.0000	0.0000	0.0000	0.0000	0.0852	0.0753	0.0099	0.0025	0.0024	0.0002	0.0826	0.0729	0.0097	0.0291	0.0131	0.0160	0.0068	0.0058	0.0010	0.0224	0.0073	0.0151	0.9657	0.6807	0.0983	0.4730	0.4928	0.0000	0.7821	0.4043	0.0948	0.0005	0.0008	0.0003	0.0001	0.0001	0.0000	0.0006	0.0014	0.0003
44	126	0.6228	7	0	1	0	0	0	0	0	0	N	N	N	N	N	N	N	N	N	N	N	N	0.0000	0.0000	0.0000	0.0000	0.0000	0.0000	0.0000	0.0000	0.0000	0.0000	0.0000	0.0000	0.0000	0.0000	0.0000	0.0095	0.0144	0.0000	0.0073	0.0070	0.0000	0.0000	0.0006	0.0000	0.0000	0.0000	-0.0000	-0.0000	0.9605	0.9996	1.0076	8.0005	0.0000	0.0000	0.0000	0.0000	0.0000	0.0000	0.0000	0.0000	0.0000	0.0000	0.0000	0.0000	0.0000	0.0000	0.0000	0.0000	0.0000	0.0000	0.0558	0.0510	0.0048	0.0311	0.0298	0.0014	0.0247	0.0213	0.0034	0.0250	0.0154	0.0096	0.0127	0.0111	0.0016	0.0122	0.0043	0.0079	0.0001	0.0000	0.0000	0.0001	0.0001	0.0000	0.0000	0.0000	0.0000	0.0012	0.0020	0.0000	0.0024	0.0027	0.0000	0.0000	0.0000	0.0000			
44	127	0.5282	7	0	0	0	0	0	0	0	0	N	N	N	N	N	N	N	N	N	N	N	N	2.0850	1.4685	0.1070	3.7091	4.9960	0.0082	173.5744	72.7770	0.9187	0.6972	0.8428	0.0001	0.9711	1.2313	0.0000	0.0340	0.0369	0.0002	0.3344	0.5739	0.0007	0.2618	0.2464	0.0057	0.0002	0.0005	0.0002	0.0000	0.0391	-0.0695	-0.0002	0.9605	3.6536	1.0076	12.3970	0.2672	0.2672	0.0000	0.2634	0.2634	0.0000	0.0038	0.0038	0.0000	0.0004	0.0004	0.0000	0.0004	0.0004	0.0000	0.0000	0.0000	0.0000	0.3833	0.3171	0.0662	0.2712	0.2139	0.0573	0.1120	0.1031	0.0089	0.0547	0.0321	0.0226	0.0233	0.0208	0.0025	0.0314	0.0114	0.0201	96.9945	71.5536	0.1070	58.1834	67.5975	0.0117	218.8179	11101.3761	0.9187	0.0072	0.0118	0.0007	0.0167	0.0182	0.0040	0.0002	0.0000	0.0002
44	128	0.3170	5	0	0	0	0	0	0	0	0	N	N	N	N	N	N	N	N	N	N	N	N	0.8337	0.6927	20.4003	1.0130	1.0694	5.4093	11.7504	1.2454	25.3631	0.7754	1.0003	0.0274	1.4008	1.5368	0.0197	0.0149	0.0050	0.0295	0.9301	1.4442	0.0013	1.3829	1.4371	0.0036	0.0013	0.0040	0.0012	0.0082	0.0136	-0.0966	-0.0022	0.9605	5.3495	1.0076	12.4099	0.3833	0.3802	0.0031	0.3800	0.3795	0.0005	0.0033	0.0007	0.0027	0.0044	0.0043	0.0001	0.0043	0.0043	0.0000	0.0000	0.0000	0.0000	0.4944	0.3801	0.1143	0.2713	0.2470	0.0243	0.2231	0.1331	0.0900	0.1051	0.0613	0.0438	0.0439	0.0387	0.0052	0.0611	0.0226	0.0386	18.6580	14.2301	20.4003	14.2558	13.8311	7.3399	18.5065	26.1213	25.3631	0.0416	0.0703	0.0013	0.0983	0.1111	0.0027	0.0008	0.0002	0.0012
44	129	0.7342	13	0	1	0	1	0	0	0	0	N	N	N	N	N	N	N	N	N	N	N	N	0.0000	0.0000	0.0000	0.0000	0.0000	0.0000	0.0000	0.0000	0.0000	0.0000	0.0000	0.0000	0.0000	0.0000	0.0000	0.0000	0.0000	0.0000	0.0000	0.0000	0.9605	0.0000	1.0076	0.0000	0.0000	0.0000	0.0000	0.0000	0.0000	0.0000	0.0000	0.0000	0.0000	0.0000	0.0000	0.0000	0.0000	0.0000	0.0000	0.0000	0.0000	0.0000	0.0000	0.0000	0.0000	0.0000	0.0000	0.0000	0.0000	0.0000	0.0000	0.0000	0.0000	0.0000	0.0000	0.0000	0.0000	0.0000	0.0000	0.0000	0.0000	0.0000	0.0000	0.0000	0.0000	0.0000	0.0000	0.0000	0.0000	0.0000	0.0000	0.0000	0.0000	0.0000	0.0000	0.0000	0.0000	0.0000											
44	130	0.7179	12	0	1	0	1	0	0	0	0	N	N	N	N	N	N	N	N	N	N	N	N	0.0000	0.0000	0.0000	0.0000	0.0000	0.0000	0.0000	0.0000	0.0000	0.0000	0.0000	0.0000	0.0000	0.2173	0.3929	0.0000	0.0788	0.0792	0.0000	0.0000	0.0000	0.0000	0.0000	0.0000	-0.0000	0.9605	0.0000	1.0076	3.0001	0.0000	0.0000	0.0000	0.0000	0.0000	0.0000	0.0000	0.0000	0.0000	0.0000	0.0000	0.0000	0.0000	0.0000	0.0000	0.0000	0.0000	0.0000	0.0000	0.0000	0.0000	0.0000	0.0000	0.0000	0.0000	0.0000	0.0000	0.0074	0.0050	0.0024	0.0046	0.0040	0.0006	0.0029	0.0010	0.0019	0.0000	0.0000	0.0000	0.0000	0.0000	0.0000	0.0000	0.0000	0.0000	0.0054	0.0080	0.0000	0.0088	0.0100	0.0000	0.0000	0.0000	0.0000						
44	131	0.7083	11	0	1	0	0	0	0	0	0	N	N	N	N	N	N	N	N	N	N	N	N	0.0000	0.0000	0.0000	0.0000	0.0000	0.0000	0.0000	0.0000	0.0000	0.0000	0.0000	0.0000	0.0000	0.0000	0.0000	0.0000	0.0000	0.0000	0.0000	0.0000	0.9605	0.0000	1.0076	0.0000	0.0000	0.0000	0.0000	0.0000	0.0000	0.0000	0.0000	0.0000	0.0000	0.0000	0.0000	0.0000	0.0000	0.0000	0.0000	0.0000	0.0000	0.0000	0.0000	0.0000	0.0000	0.0000	0.0000	0.0000	0.0000	0.0000	0.0000	0.0000	0.0000	0.0000	0.0000	0.0000	0.0000	0.0000	0.0000	0.0000	0.0000	0.0000	0.0000	0.0000	0.0000	0.0000	0.0000	0.0000	0.0000	0.0000	0.0000	0.0000	0.0000	0.0000	0.0000	0.0000	0.0000	0.0000											
44	132	0.7179	12	0	0	1	1	0	0	0	0	N	N	N	N	N	N	N	N	N	N	N	N	0.0000	0.0000	0.0000	0.0000	0.0000	0.0000	0.0000	0.0000	0.0000	0.0000	0.0000	0.0000	0.0000	0.0000	0.0000	0.0000	0.0000	0.0000	0.0000	0.0000	0.9605	0.0000	1.0076	1.9999	0.0000	0.0000	0.0000	0.0000	0.0000	0.0000	0.0000	0.0000	0.0000	0.0000	0.0000	0.0000	0.0000	0.0000	0.0000	0.0000	0.0000	0.0000	0.0000	0.0000	0.0000	0.0000	0.0000	0.0000	0.0000	0.0000	0.0000	0.0050	0.0034	0.0016	0.0031	0.0027	0.0004	0.0019	0.0007	0.0013	0.0000	0.0000	0.0000	0.0000	0.0000	0.0000	0.0000	0.0000	0.0000	0.0000	0.0000	0.0000	0.0000	0.0000	0.0000	0.0000	0.0000	0.0000											
44	133	0.7290	13	0	0	1	1	0	0	0	0	N	N	N	N	N	N	N	N	N	N	N	N	0.0000	0.0000	0.0000	0.0000	0.0000	0.0000	0.0000	0.0000	0.0000	0.0000	0.0000	0.0000	0.0000	0.0000	0.0000	0.0000	0.0000	0.0000	0.0000	0.0000	0.9605	1.0000	1.0076	0.0000	0.0000	0.0000	0.0000	0.0000	0.0000	0.0000	0.0000	0.0000	0.0000	0.0000	0.0000	0.0000	0.0000	0.0000	0.0000	0.0000	0.0000	0.0000	0.0585	0.0540	0.0045	0.0354	0.0340	0.0014	0.0231	0.0200	0.0031	0.0024	0.0016	0.0008	0.0014	0.0013	0.0002	0.0010	0.0003	0.0006	0.0000	0.0000	0.0000	0.0000	0.0000	0.0000	0.0000	0.0000	0.0000	0.0000	0.0000	0.0000	0.0000	0.0000	0.0000	0.0000	0.0000	0.0000											
44	134	0.7290	13	0	0	1	1	0	0	0	0	N	N	N	N	N	N	N	N	N	N	N	N	0.0000	0.0000	0.0000	0.0000	0.0000	0.0000	0.0000	0.0000	0.0000	0.0000	0.0000	0.0000	0.0000	0.0000	0.0000	0.0000	0.0000	0.0000	0.0000	0.0000	0.9605	0.0000	1.0076	0.0000	0.0000	0.0000	0.0000	0.0000	0.0000	0.0000	0.0000	0.0000	0.0000	0.0000	0.0000	0.0000	0.0000	0.0000	0.0000	0.0000	0.0000	0.0000	0.0000	0.0000	0.0000	0.0000	0.0000	0.0000	0.0000	0.0000	0.0000	0.0000	0.0000	0.0000	0.0000	0.0000	0.0000	0.0000	0.0000	0.0000	0.0000	0.0000	0.0000	0.0000	0.0000	0.0000	0.0000	0.0000	0.0000	0.0000	0.0000	0.0000	0.0000	0.0000	0.0000	0.0000	0.0000	0.0000											
44	135	0.7179	12	0	0	1	1	0	0	0	0	N	N	N	N	N	N	N	N	N	N	N	N	450.5384	180.2450	inf	0.0457	0.0297	inf	inf	inf	0.0119	0.0129	0.0000	0.0000	0.0000	0.0000	0.0299	0.0345	0.0000	0.0000	0.0001	0.0000	0.0001	0.0001	0.0000	0.0000	0.0000	0.0000	0.0001	0.0000	-0.0004	-0.0000	0.9605	2.0025	1.0076	0.9943	0.0014	0.0014	0.0000	0.0000	0.0000	0.0000	0.0014	0.0014	0.0000	0.0000	0.0000	0.0000	0.0000	0.0000	0.0000	0.0000	0.0000	0.0000	0.1147	0.1059	0.0089	0.0689	0.0661	0.0028	0.0458	0.0397	0.0061	0.0074	0.0050	0.0024	0.0046	0.0040	0.0006	0.0029	0.0010	0.0019	44327.0786	32317.2467	inf	8.3159	4.5486	inf	inf	inf	0.0000	0.0000	0.0000	0.0000	0.0000	0.0000	0.0000	0.0000	0.0000	0.0000	
44	136	0.7179	11	0	0	0	1	0	0	0	0	N	N	N	N	N	N	N	N	N	N	N	N	2.6520	1.5818	13.3745	1.6283	1.3657	inf	0.1290	inf	0.0000	0.0006	0.0005	0.0011	0.0007	0.0006	0.0014	0.0000	0.0000	0.0000	0.0002	0.0003	0.0001	0.0004	0.0004	0.0000	0.0001	0.0000	0.0001	0.2500	0.6666	-0.0000	-0.0000	0.9605	0.0050	1.0076	0.0173	0.0000	0.0000	0.0000	0.0000	0.0000	0.0000	0.0000	0.0000	0.0000	0.0000	0.0000	0.0000	0.0000	0.0000	0.0000	0.0000	0.0000	0.0000	0.0009	0.0008	0.0001	0.0008	0.0007	0.0001	0.0001	0.0001	0.0000	0.0001	0.0000	0.0000	0.0000	0.0000	0.0000	0.0000	0.0000	0.0000	8.3013	8.2623	13.3745	11.7719	7.6380	inf	0.1824	inf	0.0000	0.0001	0.0001	0.0001	0.0001	0.0001	0.0000	0.0001	0.0000	0.0001
44	137	0.7083	10	0	0	0	1	0	0	0	0	N	N	N	N	N	N	N	N	N	N	N	N	35.3322	inf	6556.2290	inf	inf	inf	0.0000	0.0000	0.0010	0.0006	0.0049	0.0018	0.0011	0.0182	0.0000	0.0000	0.0000	0.0000	0.0000	0.0000	0.0000	0.0000	0.0000	0.0000	0.0000	0.0000	0.6666	inf	0.0000	0.0000	0.9605	1.9972	1.0076	1.0076	0.0001	0.0001	0.0000	0.0001	0.0001	0.0000	0.0000	0.0000	0.0000	0.0000	0.0000	0.0000	0.0000	0.0000	0.0000	0.0000	0.0000	0.0000	0.1014	0.0932	0.0082	0.0563	0.0541	0.0022	0.0451	0.0391	0.0060	0.0069	0.0048	0.0022	0.0046	0.0040	0.0006	0.0024	0.0008	0.0016	3418.4227	inf	6556.2290	inf	inf	inf	0.0000	0.0000	0.0000	0.0000	0.0000	0.0000	0.0000	0.0000	0.0000	0.0000	0.0000	0.0000	
44	138	0.6910	9	1	1	0	0	0	0	0	0	N	N	N	N	N	N	N	N	N	N	N	N	0.3816	0.0034	21.4549	0.2008	0.0047	8.3745	13.0590	0.0000	119.5118	0.4318	0.0052	1.3753	0.2954	0.0069	2.1757	0.6296	0.0000	1.1044	1.1316	1.5275	0.0641	1.4713	1.4793	0.2598	0.0482	0.0008	0.0092	120.2632	0.1198	0.0000	-0.0003	0.9605	0.0002	1.0076	2.3255	0.0000	0.0000	0.0000	0.0000	0.0000	0.0000	0.0000	0.0000	0.0000	0.0006	0.0005	0.0001	0.0006	0.0005	0.0000	0.0000	0.0000	0.0000	0.0001	0.0000	0.0000	0.0000	0.0000	0.0000	0.0000	0.0000	0.0000	0.0097	0.0065	0.0033	0.0053	0.0049	0.0005	0.0044	0.0016	0.0028	6.9071	0.0614	69.2396	2.7094	0.0624	25.5731	106.1092	0.0000	119.5118	0.0625	0.0842	0.0199	0.1090	0.1113	0.0851	0.0059	0.0000	0.0092
44	139	0.6732	8	1	1	0	0	0	0	0	0	N	N	N	N	N	N	N	N	N	N	N	N	0.0002	0.0002	0.0005	0.0003	0.0003	0.3601	0.0000	0.0000	0.0011	0.0003	0.0003	0.0000	0.0005	0.0005	0.0000	0.0000	0.0000	0.0000	1.1828	1.6535	0.0445	1.6153	1.7706	0.0001	0.2161	0.4971	0.0187	0.0067	0.0738	-0.0000	-0.0006	0.9605	2.0138	1.0076	2.7349	0.0000	0.0000	0.0000	0.0000	0.0000	0.0000	0.0000	0.0000	0.0000	0.0013	0.0012	0.0001	0.0012	0.0012	0.0000	0.0001	0.0000	0.0001	0.1111	0.1019	0.0092	0.0626	0.0601	0.0025	0.0485	0.0418	0.0066	0.0169	0.0106	0.0062	0.0091	0.0082	0.0009	0.0078	0.0025	0.0053	0.0034	0.0025	0.0015	0.0035	0.0033	0.3601	0.0004	0.0003	0.0013	0.0770	0.1137	0.0143	0.1315	0.1459	0.0001	0.0137	0.0074	0.0167
44	140	0.6897	9	0	1	0	0	0	0	0	0	N	N	N	N	N	N	N	N	N	N	N	N	45.1986	27.7253	0.0000	1.0474	1.0900	898.1488	inf	0.0000	0.0080	0.0086	0.0000	0.0004	0.0005	0.0000	0.0267	0.0308	0.0000	0.0002	0.0003	0.0000	0.0004	0.0004	0.0000	0.0000	0.0000	0.0000	0.0000	0.1424	-0.0004	-0.0000	0.9605	1.9232	1.0076	1.1116	0.0014	0.0014	0.0000	0.0001	0.0001	0.0000	0.0014	0.0014	0.0000	0.0000	0.0000	0.0000	0.0000	0.0000	0.0000	0.0000	0.0000	0.0000	0.1772	0.1660	0.0112	0.1259	0.1215	0.0045	0.0512	0.0445	0.0067	0.0074	0.0050	0.0023	0.0048	0.0042	0.0006	0.0026	0.0009	0.0017	179.1428	149.7911	0.0000	7.2034	6.5585	0.0000	1708.1524	inf	0.0000	0.0000	0.0001	0.0000	0.0001	0.0001	0.0000	0.0000	0.0000	0.0000	
44	141	0.0859	5	0	1	0	0	0	0	0	0	N	N	N	N	N	N	N	N	N	N	N	N	inf	inf	inf	inf	inf	inf	0.0410	0.0459	0.0000	0.3163	0.3337	0.0000	0.0005	0.0005	0.0000	0.0000	0.0000	0.0000	0.0000	0.0000	0.0000	0.0000	0.0000	0.0000	0.0000	-0.0016	0.0000	0.9605	3.0000	1.0076	1.0000	0.0060	0.0060	0.0000	0.0060	0.0060	0.0000	0.0001	0.0001	0.0000	0.0000	0.0000	0.0000	0.0000	0.0000	0.0000	0.0000	0.0000	0.0000	0.1471	0.1312	0.0159	0.0189	0.0179	0.0010	0.1283	0.1134	0.0149	0.0298	0.0143	0.0155	0.0073	0.0063	0.0011	0.0225	0.0080	0.0145	inf	inf	0.0000	inf	inf	0.0000	inf	inf	0.0000	0.0000	0.0000	0.0000	0.0000	0.0000	0.0000	0.0000	0.0000	0.0000				
44	142	0.0666	4	0	0	0	0	0	0	0	0	N	N	N	N	N	N	N	N	N	N	N	N	inf	inf	inf	inf	inf	inf	0.1126	0.1201	0.0564	0.0000	0.0000	0.0000	0.1160	0.1239	0.0574	0.0000	0.0000	0.0000	0.0000	0.0000	0.0000	0.0000	0.0000	0.0000	0.0623	-0.0012	0.0000	0.9605	1.0000	1.0076	1.0000	0.0060	0.0056	0.0003	0.0000	0.0000	0.0000	0.0060	0.0056	0.0003	0.0000	0.0000	0.0000	0.0000	0.0000	0.0000	0.0000	0.0000	0.0000	0.0530	0.0468	0.0062	0.0016	0.0014	0.0001	0.0515	0.0454	0.0061	0.0173	0.0078	0.0095	0.0041	0.0035	0.0006	0.0132	0.0043	0.0089	inf	inf	inf	0.0000	0.0000	0.0000	inf	inf	inf	0.0000	0.0000	0.0000	0.0000	0.0000	0.0000	0.0000	0.0000	0.0000				
44	145	0.7083	11	1	1	0	0	0	0	0	0	N	N	N	N	N	N	N	N	N	N	N	N	inf	inf	inf	inf	0.0002	0.0000	0.0024	0.0000	0.0000	0.0000	0.0004	0.0000	0.0032	0.0000	0.0000	0.0000	0.0000	0.0000	0.0000	0.0000	0.0000	0.0000	inf	0.0000	0.0000	0.9605	1.0000	1.0076	1.0000	0.0000	0.0000	0.0000	0.0000	0.0000	0.0000	0.0000	0.0000	0.0000	0.0000	0.0000	0.0000	0.0000	0.0000	0.0000	0.0000	0.0000	0.0000	0.0521	0.0479	0.0042	0.0290	0.0279	0.0011	0.0231	0.0200	0.0031	0.0047	0.0032	0.0014	0.0031	0.0027	0.0004	0.0016	0.0005	0.0011	inf	0.0000	inf	0.0000	0.0000	0.0000	inf	0.0000	inf	0.0000	0.0000	0.0000	0.0000	0.0000	0.0000	0.0000	0.0000	0.0000						
44	146	0.7083	10	0	1	0	0	0	0	0	0	N	N	N	N	N	N	N	N	N	N	N	N	inf	inf	inf	inf	0.0003	0.0003	0.0000	0.0004	0.0004	0.0000	0.0000	0.0000	0.0000	0.0000	0.0000	0.0000	0.0000	0.0000	0.0000	0.0000	0.0000	0.0000	0.0000	-0.0000	0.0000	0.9605	0.0003	1.0076	0.0000	0.0000	0.0000	0.0000	0.0000	0.0000	0.0000	0.0000	0.0000	0.0000	0.0000	0.0000	0.0000	0.0000	0.0000	0.0000	0.0000	0.0000	0.0000	0.0001	0.0001	0.0000	0.0001	0.0001	0.0000	0.0000	0.0000	0.0000	0.0000	0.0000	0.0000	0.0000	0.0000	0.0000	0.0000	0.0000	0.0000	inf	inf	0.0000	inf	inf	0.0000	0.0000	0.0000	0.0000	0.0000	0.0000	0.0000	0.0000	0.0000	0.0000	0.0000	0.0000	0.0000						
44	147	0.6897	9	0	0	0	0	0	0	0	0	N	N	N	N	N	N	N	N	N	N	N	N	3.9344	2.2540	0.0387	2.5868	2.9071	1.0546	0.2375	0.0060	0.0000	0.0006	0.0006	0.0000	0.0009	0.0009	0.0000	0.0000	0.0000	0.0000	0.0001	0.0003	0.0000	0.0003	0.0003	0.0000	0.0000	0.0004	0.0000	0.0000	0.1419	-0.0000	-0.0000	0.9605	4.9449	1.0076	1.0063	0.0002	0.0002	0.0000	0.0002	0.0002	0.0000	0.0000	0.0000	0.0000	0.0000	0.0000	0.0000	0.0000	0.0000	0.0000	0.0000	0.0000	0.0000	0.3040	0.2816	0.0224	0.1912	0.1837	0.0075	0.1128	0.0978	0.0149	0.0139	0.0095	0.0044	0.0090	0.0079	0.0011	0.0049	0.0016	0.0032	22.9457	19.3961	0.0387	27.2439	24.9016	1.0546	0.2375	1.0321	0.0000	0.0000	0.0000	0.0000	0.0000	0.0000	0.0000	0.0000	0.0000	0.0000
44	148	0.6732	8	0	0	0	0	0	0	0	0	N	N	N	N	N	N	N	N	N	N	N	N	0.9610	2.2160	0.0337	5.4674	6.5548	1.9386	0.0409	0.1147	0.0000	0.0080	0.0087	0.0000	0.0146	0.0152	0.0002	0.0001	0.0001	0.0000	0.0083	0.0039	0.0015	0.0027	0.0023	0.0001	0.0029	0.0012	0.0017	0.0005	0.9595	-0.0004	-0.0000	0.9605	3.4778	1.0076	1.2917	0.0014	0.0014	0.0000	0.0014	0.0014	0.0000	0.0000	0.0000	0.0000	0.0000	0.0000	0.0000	0.0000	0.0000	0.0000	0.0000	0.0000	0.0000	0.1766	0.1618	0.0148	0.0957	0.0920	0.0037	0.0809	0.0699	0.0111	0.0169	0.0107	0.0063	0.0091	0.0082	0.0009	0.0078	0.0025	0.0054	7.2068	9.7128	0.0337	13.8453	13.0993	1.9386	0.1004	6.4122	0.0000	0.0011	0.0009	0.0015	0.0011	0.0012	0.0001	0.0012	0.0000	0.0017
44	149	0.6228	7	0	0	0	0	0	0	0	0	N	N	N	N	N	N	N	N	N	N	N	N	1.3914	8.1944	0.1279	19.0898	22.2535	inf	0.0000	0.0000	0.0000	0.0131	0.0143	0.0003	0.0243	0.0253	0.0011	0.0000	0.0000	0.0000	0.0094	0.0017	0.0022	0.0013	0.0011	0.0000	0.0083	0.0059	0.0027	0.0019	2.5562	-0.0012	0.0000	0.9605	7.8050	1.0076	4.0035	0.0048	0.0048	0.0000	0.0048	0.0048	0.0000	0.0000	0.0000	0.0000	0.0000	0.0000	0.0000	0.0000	0.0000	0.0000	0.0000	0.0000	0.0000	0.3638	0.3329	0.0309	0.1965	0.1884	0.0081	0.1673	0.1445	0.0228	0.0320	0.0197	0.0122	0.0163	0.0142	0.0021	0.0156	0.0055	0.0101	10.9373	26.1696	0.1279	44.5362	40.3297	inf	0.0000	0.0000	0.0000	0.0012	0.0005	0.0022	0.0005	0.0006	0.0000	0.0019	0.0003	0.0027
44	150	0.5282	7	0	0	0	0	0	0	0	0	N	N	N	N	N	N	N	N	N	N	N	N	1.1628	0.0082	240.6307	5.0242	0.0505	75530.7575	0.0071	0.0000	3.0633	0.7965	0.0079	4.5918	1.1254	0.0118	5.3147	0.0023	0.0000	0.0288	0.6849	0.9719	0.0191	0.2240	0.2328	0.0001	0.3272	2.1431	0.0094	120.1806	0.2114	0.2247	-0.0004	0.9605	3.7255	1.0076	14.1767	0.3071	0.0025	0.3046	0.3068	0.0025	0.3043	0.0003	0.0000	0.0003	0.0012	0.0010	0.0002	0.0004	0.0004	0.0000	0.0008	0.0006	0.0002	0.3856	0.3193	0.0663	0.2727	0.2154	0.0573	0.1129	0.1039	0.0091	0.0588	0.0344	0.0244	0.0249	0.0222	0.0027	0.0339	0.0122	0.0216	40.1159	0.2836	549.1806	74.9330	0.6982	75530.7575	0.0988	0.0000	3.0633	0.0199	0.0280	0.0084	0.0150	0.0169	0.0001	0.0234	0.0482	0.0094
44	151	0.5118	6	0	0	0	0	0	0	0	0	N	N	N	N	N	N	N	N	N	N	N	N	1.0225	0.4658	43.6878	1.4513	1.0319	3142.6451	0.0561	0.0097	1.8279	0.9340	0.5953	2.2516	1.2788	0.8751	2.4147	0.0184	0.0173	0.0394	0.9135	1.2780	0.0515	0.8811	0.8481	0.0008	0.3282	1.7712	0.0216	0.9724	0.2026	0.0664	-0.0004	0.9605	1.4205	1.0076	4.0377	0.2853	0.1446	0.1406	0.2837	0.1433	0.1405	0.0015	0.0014	0.0002	0.0012	0.0010	0.0002	0.0008	0.0008	0.0000	0.0004	0.0002	0.0002	0.3054	0.2430	0.0625	0.2219	0.1637	0.0582	0.0835	0.0793	0.0043	0.0317	0.0193	0.0124	0.0143	0.0133	0.0010	0.0174	0.0060	0.0114	23.9091	11.1427	134.0812	22.0847	14.0447	3758.5320	0.7825	0.5138	2.1617	0.0391	0.0534	0.0168	0.0579	0.0623	0.0006	0.0235	0.0336	0.0182
45	46	0.6285	7	0	2	1	1	0	0	0	0	N	Y	N	N	N	N	N	N	N	N	N	N	0.0000	0.0000	0.0000	0.0000	0.0000	0.0000	0.0000	0.0000	0.0000	0.0000	0.0000	0.0000	0.0000	0.0000	0.0000	0.0000	0.0000	0.0000	0.0000	0.0000	1.0000	0.0000	1.0000	0.0000	0.0000	0.0000	0.0000	0.0000	0.0000	0.0000	0.0000	0.0000	0.0000	0.0000	0.0000	0.0000	0.0000	0.0000	0.0000	0.0000	0.0000	0.0000	0.0000	0.0000	0.0000	0.0000	0.0000	0.0000	0.0000	0.0000	0.0000	0.0000	0.0000	0.0000	0.0000	0.0000	0.0000	0.0000	0.0000	0.0000	0.0000	0.0000	0.0000	0.0000	0.0000	0.0000	0.0000	0.0000	0.0000	0.0000	0.0000	0.0000	0.0000	0.0000	0.0000	0.0000	0.0000	0.0000											
45	47	0.6825	10	0	2	1	2	0	0	0	0	N	Y	N	Y	N	N	N	N	N	N	N	N	0.0000	0.0000	0.0000	0.0000	0.0000	0.0000	0.0000	0.0000	0.0000	0.0000	0.0000	0.0000	0.0000	0.0000	0.0000	0.0000	0.0000	0.0000	0.0000	0.0000	1.0000	0.0000	1.0000	1.0000	0.0000	0.0000	0.0000	0.0000	0.0000	0.0000	0.0000	0.0000	0.0000	0.0000	0.0000	0.0000	0.0000	0.0000	0.0000	0.0000	0.0000	0.0000	0.0268	0.0252	0.0016	0.0134	0.0134	0.0000	0.0134	0.0118	0.0016	0.0032	0.0020	0.0012	0.0016	0.0014	0.0002	0.0016	0.0006	0.0010	0.0000	0.0000	0.0000	0.0000	0.0000	0.0000	0.0000	0.0000	0.0000	0.0000	0.0000	0.0000	0.0000	0.0000	0.0000	0.0000	0.0000	0.0000											
45	48	0.6285	7	1	2	1	1	0	0	0	0	N	Y	N	N	N	N	N	N	N	N	N	N	0.0000	0.0000	0.0000	0.0000	0.0000	0.0000	0.0000	0.0000	0.0000	0.0000	0.0000	0.0000	0.0000	0.0000	0.0000	0.0000	0.0000	0.0000	0.0000	0.0000	1.0000	0.0000	1.0000	4.0000	0.0000	0.0000	0.0000	0.0000	0.0000	0.0000	0.0000	0.0000	0.0000	0.0000	0.0000	0.0000	0.0000	0.0000	0.0000	0.0000	0.0000	0.0000	0.0000	0.0000	0.0000	0.0000	0.0000	0.0000	0.0000	0.0000	0.0000	0.0069	0.0036	0.0033	0.0025	0.0022	0.0004	0.0043	0.0014	0.0029	0.0000	0.0000	0.0000	0.0000	0.0000	0.0000	0.0000	0.0000	0.0000	0.0000	0.0000	0.0000	0.0000	0.0000	0.0000	0.0000	0.0000	0.0000											
45	49	0.7032	11	0	1	2	1	0	0	0	0	N	N	Y	N	N	N	N	N	N	N	N	N	0.0000	0.0000	0.0000	0.0000	0.0000	0.0000	0.0000	0.0000	0.0000	0.0000	0.0000	0.0000	0.0000	0.0000	0.0000	0.0000	0.0000	0.0000	0.0000	0.0000	1.0000	0.0000	1.0000	0.0000	0.0000	0.0000	0.0000	0.0000	0.0000	0.0000	0.0000	0.0000	0.0000	0.0000	0.0000	0.0000	0.0000	0.0000	0.0000	0.0000	0.0000	0.0000	0.0000	0.0000	0.0000	0.0000	0.0000	0.0000	0.0000	0.0000	0.0000	0.0000	0.0000	0.0000	0.0000	0.0000	0.0000	0.0000	0.0000	0.0000	0.0000	0.0000	0.0000	0.0000	0.0000	0.0000	0.0000	0.0000	0.0000	0.0000	0.0000	0.0000	0.0000	0.0000	0.0000	0.0000	0.0000	0.0000											
45	50	0.0743	4	0	1	2	1	0	0	0	0	N	N	Y	N	N	N	N	N	N	N	N	N	0.0000	0.0000	0.0000	0.0000	0.0000	0.0000	0.0000	0.0000	0.0000	0.0000	0.0000	0.0000	0.0000	0.0000	0.0000	0.0000	0.0000	0.0000	0.0000	0.0000	1.0000	1.0000	1.0000	1.0000	0.0000	0.0000	0.0000	0.0000	0.0000	0.0000	0.0000	0.0000	0.0000	0.0000	0.0000	0.0000	0.0000	0.0000	0.0000	0.0000	0.0000	0.0000	0.0316	0.0277	0.0038	0.0075	0.0069	0.0006	0.0241	0.0209	0.0032	0.0110	0.0056	0.0054	0.0003	0.0003	0.0001	0.0106	0.0053	0.0053	0.0000	0.0000	0.0000	0.0000	0.0000	0.0000	0.0000	0.0000	0.0000	0.0000	0.0000	0.0000	0.0000	0.0000	0.0000	0.0000	0.0000	0.0000											
45	51	0.0788	4	0	2	1	1	0	0	0	0	N	Y	N	N	N	N	N	N	N	N	N	N	0.0000	0.0000	0.0000	0.0000	0.0000	0.0000	0.0000	0.0000	0.0000	0.0000	0.0000	0.0000	0.0000	0.0000	0.0000	0.0000	0.0000	0.0000	0.0000	0.0000	1.0000	0.0003	1.0000	0.9690	0.0000	0.0000	0.0000	0.0000	0.0000	0.0000	0.0000	0.0000	0.0000	0.0000	0.0000	0.0000	0.0000	0.0000	0.0000	0.0000	0.0000	0.0000	0.0000	0.0000	0.0000	0.0000	0.0000	0.0000	0.0000	0.0000	0.0000	0.0114	0.0080	0.0034	0.0045	0.0038	0.0007	0.0069	0.0041	0.0027	0.0000	0.0000	0.0000	0.0000	0.0000	0.0000	0.0000	0.0000	0.0000	0.0000	0.0000	0.0000	0.0000	0.0000	0.0000	0.0000	0.0000	0.0000											
45	52	0.7065	11	0	2	1	1	0	0	0	0	N	Y	N	N	N	N	N	N	N	N	N	N	0.0000	0.0000	0.0000	0.0000	0.0000	0.0000	0.0000	0.0000	0.0000	0.0000	0.0000	0.0000	0.0000	0.0425	0.0000	0.0251	0.0000	0.0000	0.0000	0.0596	0.0000	0.0128	inf	0.0000	0.0000	1.0000	0.9211	1.0000	0.1671	0.0000	0.0000	0.0000	0.0000	0.0000	0.0000	0.0000	0.0000	0.0000	0.0000	0.0000	0.0000	0.0000	0.0000	0.0000	0.0000	0.0000	0.0000	0.0479	0.0439	0.0040	0.0345	0.0325	0.0020	0.0134	0.0114	0.0020	0.0071	0.0051	0.0020	0.0042	0.0037	0.0005	0.0029	0.0014	0.0016	0.0000	0.0000	0.0000	0.0000	0.0000	0.0000	0.0000	0.0000	0.0000	0.0028	0.0000	0.0098	0.0000	0.0000	0.0000	0.0068	0.0000	0.0128						
45	55	0.6825	10	0	2	1	1	0	0	0	0	N	Y	N	N	N	N	N	N	N	N	N	N	0.0000	0.0000	0.0000	0.0000	0.0000	0.0000	0.0000	0.0000	0.0000	0.0000	0.0000	0.0000	0.0000	0.0000	0.0000	0.0000	0.0000	0.0000	0.0000	0.0000	1.0000	2.0000	1.0000	3.0000	0.0000	0.0000	0.0000	0.0000	0.0000	0.0000	0.0000	0.0000	0.0000	0.0000	0.0000	0.0000	0.0000	0.0000	0.0000	0.0000	0.0000	0.0000	0.0841	0.0762	0.0079	0.0473	0.0447	0.0026	0.0368	0.0315	0.0053	0.0144	0.0087	0.0057	0.0072	0.0063	0.0010	0.0072	0.0025	0.0047	0.0000	0.0000	0.0000	0.0000	0.0000	0.0000	0.0000	0.0000	0.0000	0.0000	0.0000	0.0000	0.0000	0.0000	0.0000	0.0000	0.0000	0.0000											
45	56	0.0422	3	0	2	1	2	0	0	0	0	N	Y	N	Y	N	N	N	N	N	N	N	N	0.0000	0.0000	0.0000	0.0000	0.0000	0.0000	0.0000	0.0000	0.0000	0.0000	0.0000	0.0000	0.0000	0.0000	0.0000	0.0000	0.0000	0.0000	0.0000	0.0000	1.0000	1.7218	1.0000	6.9557	0.0000	0.0000	0.0000	0.0000	0.0000	0.0000	0.0000	0.0000	0.0000	0.0000	0.0000	0.0000	0.0000	0.0000	0.0000	0.0000	0.0000	0.0000	0.0753	0.0658	0.0095	0.0041	0.0041	0.0000	0.0712	0.0617	0.0095	0.0564	0.0299	0.0265	0.0009	0.0009	0.0000	0.0555	0.0290	0.0265	0.0000	0.0000	0.0000	0.0000	0.0000	0.0000	0.0000	0.0000	0.0000	0.0000	0.0000	0.0000	0.0000	0.0000	0.0000	0.0000	0.0000	0.0000											
45	57	0.1136	5	1	1	2	1	0	0	0	0	N	N	Y	N	N	N	N	N	N	N	N	N	0.0000	0.0000	0.0000	0.0000	0.0000	0.0000	0.0000	0.0000	0.0000	0.0000	0.0000	0.0000	0.0000	0.0000	0.0000	0.0000	0.0000	0.0000	0.0000	0.0000	1.0000	8.9999	1.0000	5.0001	0.0000	0.0000	0.0000	0.0000	0.0000	0.0000	0.0000	0.0000	0.0000	0.0000	0.0000	0.0000	0.0000	0.0000	0.0000	0.0000	0.0000	0.0000	0.2567	0.2307	0.0259	0.1179	0.1106	0.0073	0.1388	0.1201	0.0186	0.0455	0.0213	0.0242	0.0019	0.0018	0.0000	0.0436	0.0195	0.0242	0.0000	0.0000	0.0000	0.0000	0.0000	0.0000	0.0000	0.0000	0.0000	0.0000	0.0000	0.0000	0.0000	0.0000	0.0000	0.0000	0.0000	0.0000											
45	58	0.6285	7	1	1	2	1	0	0	0	0	N	N	Y	N	N	N	N	N	N	N	N	N	0.0000	0.0000	0.0000	0.0000	0.0000	0.0000	0.0000	0.0000	0.0000	0.0000	0.0000	0.0000	0.0000	0.0000	0.0000	0.0000	0.0000	0.0000	0.0000	0.0000	1.0000	0.0000	1.0000	1.0000	0.0000	0.0000	0.0000	0.0000	0.0000	0.0000	0.0000	0.0000	0.0000	0.0000	0.0000	0.0000	0.0000	0.0000	0.0000	0.0000	0.0000	0.0000	0.0000	0.0000	0.0000	0.0000	0.0000	0.0000	0.0000	0.0000	0.0000	0.0018	0.0009	0.0009	0.0007	0.0006	0.0001	0.0011	0.0004	0.0008	0.0000	0.0000	0.0000	0.0000	0.0000	0.0000	0.0000	0.0000	0.0000	0.0000	0.0000	0.0000	0.0000	0.0000	0.0000	0.0000	0.0000	0.0000											
45	59	0.0788	4	0	1	2	1	0	0	0	0	N	N	Y	N	N	N	N	N	N	N	N	N	0.0000	0.0000	0.0000	0.0000	0.0000	0.0000	0.0000	0.0000	0.0000	0.0000	0.0000	0.0000	0.0000	0.0000	0.0000	0.0000	0.0000	0.0000	0.0000	0.0000	1.0000	0.0006	1.0000	1.1867	0.0000	0.0000	0.0000	0.0000	0.0000	0.0000	0.0000	0.0000	0.0000	0.0000	0.0000	0.0000	0.0000	0.0000	0.0000	0.0000	0.0000	0.0000	0.0001	0.0000	0.0000	0.0000	0.0000	0.0000	0.0000	0.0000	0.0000	0.0131	0.0089	0.0041	0.0051	0.0043	0.0008	0.0080	0.0047	0.0033	0.0000	0.0000	0.0000	0.0000	0.0000	0.0000	0.0000	0.0000	0.0000	0.0000	0.0000	0.0000	0.0000	0.0000	0.0000	0.0000	0.0000	0.0000											
45	60	0.0422	3	0	1	1	1	0	0	0	0	N	N	N	N	N	N	N	N	N	N	N	N	0.0000	0.0000	0.0000	0.0000	0.0000	0.0000	0.0000	0.0000	0.0000	0.0000	0.0000	0.0000	0.0000	0.0000	0.0000	0.0000	0.0000	0.0000	0.0000	0.0000	1.0000	2.2785	1.0000	4.8627	0.0000	0.0000	0.0000	0.0000	0.0000	0.0000	0.0000	0.0000	0.0000	0.0000	0.0000	0.0000	0.0000	0.0000	0.0000	0.0000	0.0000	0.0000	0.0953	0.0833	0.0120	0.0041	0.0041	0.0000	0.0912	0.0792	0.0120	0.0482	0.0257	0.0226	0.0009	0.0009	0.0000	0.0474	0.0248	0.0226	0.0000	0.0000	0.0000	0.0000	0.0000	0.0000	0.0000	0.0000	0.0000	0.0000	0.0000	0.0000	0.0000	0.0000	0.0000	0.0000	0.0000	0.0000											
45	61	0.7065	11	0	1	2	1	0	0	0	0	N	N	Y	N	N	N	N	N	N	N	N	N	0.0000	0.0000	0.0000	0.0000	0.0000	0.0000	0.0000	0.0000	0.0000	0.0000	0.0000	0.0000	0.0000	0.0037	0.0000	0.0017	0.0000	0.0000	0.0000	0.0039	0.0000	0.0020	inf	0.0000	0.0000	1.0000	1.0901	1.0000	7.9319	0.0000	0.0000	0.0000	0.0000	0.0000	0.0000	0.0000	0.0000	0.0000	0.0000	0.0000	0.0000	0.0000	0.0000	0.0000	0.0000	0.0000	0.0000	0.0530	0.0484	0.0046	0.0372	0.0350	0.0022	0.0158	0.0134	0.0024	0.0299	0.0182	0.0117	0.0144	0.0125	0.0019	0.0155	0.0056	0.0098	0.0000	0.0000	0.0000	0.0000	0.0000	0.0000	0.0000	0.0000	0.0000	0.0007	0.0000	0.0017	0.0000	0.0000	0.0000	0.0013	0.0000	0.0020						
45	62	0.6764	10	0	1	1	1	0	0	0	0	N	N	N	N	N	N	N	N	N	N	N	N	0.0000	0.0000	0.0000	0.0000	0.0000	0.0000	0.0000	0.0000	0.0000	0.0000	0.0000	0.0000	0.0000	0.0134	0.0212	0.0000	0.0107	0.0109	0.0000	0.0000	0.0000	0.0000	0.0000	0.0000	-0.0000	1.0000	1.6797	1.0000	2.9843	0.0000	0.0000	0.0000	0.0000	0.0000	0.0000	0.0000	0.0000	0.0000	0.0000	0.0000	0.0000	0.0000	0.0000	0.0000	0.0000	0.0000	0.0000	0.0753	0.0684	0.0069	0.0424	0.0401	0.0022	0.0330	0.0283	0.0047	0.0137	0.0083	0.0054	0.0067	0.0058	0.0009	0.0070	0.0025	0.0045	0.0000	0.0000	0.0000	0.0000	0.0000	0.0000	0.0000	0.0000	0.0000	0.0015	0.0024	0.0000	0.0030	0.0034	0.0000	0.0000	0.0000	0.0000						
45	63	0.6663	9	0	1	1	1	0	0	0	0	N	N	N	N	N	N	N	N	N	N	N	N	0.0000	0.0000	0.0000	0.0000	0.0000	0.0000	0.0000	0.0000	0.0000	0.0000	0.0000	0.0000	0.0000	0.0000	0.0000	0.0000	0.0000	0.0000	0.0000	0.0000	1.0000	0.4935	1.0000	1.5835	0.0000	0.0000	0.0000	0.0000	0.0000	0.0000	0.0000	0.0000	0.0000	0.0000	0.0000	0.0000	0.0000	0.0000	0.0000	0.0000	0.0000	0.0000	0.0416	0.0383	0.0032	0.0223	0.0216	0.0007	0.0193	0.0167	0.0025	0.0061	0.0037	0.0024	0.0030	0.0026	0.0004	0.0030	0.0010	0.0020	0.0000	0.0000	0.0000	0.0000	0.0000	0.0000	0.0000	0.0000	0.0000	0.0000	0.0000	0.0000	0.0000	0.0000	0.0000	0.0000	0.0000	0.0000											
45	64	0.7032	11	0	2	1	1	0	0	0	0	N	Y	N	N	N	N	N	N	N	N	N	N	0.0000	0.0000	0.0000	0.0000	0.0000	0.0000	0.0000	0.0000	0.0000	0.0000	0.0000	0.0000	0.0000	0.0000	0.0000	0.0000	0.0000	0.0000	0.0000	0.0000	1.0000	0.2944	1.0000	1.0083	0.0000	0.0000	0.0000	0.0000	0.0000	0.0000	0.0000	0.0000	0.0000	0.0000	0.0000	0.0000	0.0000	0.0000	0.0000	0.0000	0.0000	0.0000	0.0159	0.0137	0.0022	0.0125	0.0108	0.0017	0.0034	0.0028	0.0005	0.0038	0.0023	0.0015	0.0019	0.0017	0.0003	0.0018	0.0006	0.0012	0.0000	0.0000	0.0000	0.0000	0.0000	0.0000	0.0000	0.0000	0.0000	0.0000	0.0000	0.0000	0.0000	0.0000	0.0000	0.0000	0.0000	0.0000											
45	65	0.6825	10	0	1	1	1	0	0	0	0	N	N	N	N	N	N	N	N	N	N	N	N	0.0000	0.0000	0.0000	0.0000	0.0000	0.0000	0.0000	0.0000	0.0000	0.0000	0.0000	0.0000	0.0000	0.0000	0.0000	0.0000	0.0000	0.0000	0.0000	0.0000	1.0000	1.1351	1.0000	2.0429	0.0000	0.0000	0.0000	0.0000	0.0000	0.0000	0.0000	0.0000	0.0000	0.0000	0.0000	0.0000	0.0000	0.0000	0.0000	0.0000	0.0000	0.0000	0.0601	0.0548	0.0053	0.0332	0.0317	0.0015	0.0268	0.0231	0.0037	0.0094	0.0057	0.0037	0.0047	0.0041	0.0006	0.0047	0.0016	0.0031	0.0000	0.0000	0.0000	0.0000	0.0000	0.0000	0.0000	0.0000	0.0000	0.0000	0.0000	0.0000	0.0000	0.0000	0.0000	0.0000	0.0000	0.0000											
45	66	0.6663	9	0	1	1	1	0	0	0	0	N	N	N	N	N	N	N	N	N	N	N	N	0.0000	0.0000	0.0000	0.0000	0.0000	0.0000	0.0000	0.0000	0.0000	0.0000	0.0000	0.0000	0.0000	0.0000	0.0000	0.0000	0.0000	0.0000	0.0000	0.0000	1.0000	0.4912	1.0000	2.4266	0.0000	0.0000	0.0000	0.0000	0.0000	0.0000	0.0000	0.0000	0.0000	0.0000	0.0000	0.0000	0.0000	0.0000	0.0000	0.0000	0.0000	0.0000	0.0415	0.0383	0.0032	0.0223	0.0216	0.0007	0.0192	0.0167	0.0025	0.0084	0.0051	0.0033	0.0042	0.0037	0.0006	0.0042	0.0014	0.0028	0.0000	0.0000	0.0000	0.0000	0.0000	0.0000	0.0000	0.0000	0.0000	0.0000	0.0000	0.0000	0.0000	0.0000	0.0000	0.0000	0.0000	0.0000											
45	67	0.6611	8	0	1	1	1	0	0	0	0	N	N	N	N	N	N	N	N	N	N	N	N	0.0000	0.0000	0.0000	0.0000	0.0000	0.0000	0.0000	0.0000	0.0000	0.0000	0.0000	0.0000	0.0000	0.0958	0.0000	0.0214	0.0000	0.0000	0.0000	0.0636	0.0000	0.0106	inf	0.0000	0.0000	1.0000	0.6141	1.0000	1.2701	0.0000	0.0000	0.0000	0.0000	0.0000	0.0000	0.0000	0.0000	0.0000	0.0000	0.0000	0.0000	0.0000	0.0000	0.0000	0.0000	0.0000	0.0000	0.0500	0.0459	0.0041	0.0291	0.0278	0.0013	0.0208	0.0180	0.0028	0.0058	0.0035	0.0023	0.0029	0.0025	0.0004	0.0029	0.0010	0.0019	0.0000	0.0000	0.0000	0.0000	0.0000	0.0000	0.0000	0.0000	0.0000	0.0035	0.0000	0.0089	0.0000	0.0000	0.0000	0.0070	0.0000	0.0106						
45	68	0.6285	7	1	2	2	1	0	0	0	0	N	Y	Y	N	N	N	N	N	N	N	N	N	0.0000	0.0000	0.0000	0.0000	0.0000	0.0000	0.0000	0.0000	0.0000	0.0000	0.0000	0.0000	0.0000	0.0000	0.0000	0.0000	0.0000	0.0000	0.0000	0.0000	1.0000	0.0000	1.0000	0.0000	0.0000	0.0000	0.0000	0.0000	0.0000	0.0000	0.0000	0.0000	0.0000	0.0000	0.0000	0.0000	0.0000	0.0000	0.0000	0.0000	0.0000	0.0000	0.0000	0.0000	0.0000	0.0000	0.0000	0.0000	0.0000	0.0000	0.0000	0.0000	0.0000	0.0000	0.0000	0.0000	0.0000	0.0000	0.0000	0.0000	0.0000	0.0000	0.0000	0.0000	0.0000	0.0000	0.0000	0.0000	0.0000	0.0000	0.0000	0.0000	0.0000	0.0000	0.0000	0.0000	0.0000	0.0000											
45	69	0.1589	7	1	2	2	1	0	0	0	0	N	Y	Y	N	N	N	N	N	N	N	N	N	0.0000	0.0000	0.0000	0.0000	0.0000	0.0000	0.0000	0.0000	0.0000	0.0000	0.0000	0.0000	0.0000	0.0000	0.0000	0.0000	0.0000	0.0000	0.0000	0.0000	1.0000	1.0000	1.0000	0.0000	0.0000	0.0000	0.0000	0.0000	0.0000	0.0000	0.0000	0.0000	0.0000	0.0000	0.0000	0.0000	0.0000	0.0000	0.0000	0.0000	0.0000	0.0000	0.0488	0.0449	0.0039	0.0354	0.0333	0.0021	0.0134	0.0116	0.0018	0.0034	0.0016	0.0018	0.0003	0.0003	0.0000	0.0031	0.0013	0.0018	0.0000	0.0000	0.0000	0.0000	0.0000	0.0000	0.0000	0.0000	0.0000	0.0000	0.0000	0.0000	0.0000	0.0000	0.0000	0.0000	0.0000	0.0000											
45	70	0.1589	7	1	2	2	1	0	0	0	0	N	Y	Y	N	N	N	N	N	N	N	N	N	0.0000	0.0000	0.0000	0.0000	0.0000	0.0000	0.0000	0.0000	0.0000	0.0000	0.0000	0.0000	0.0000	0.0000	0.0000	0.0000	0.0000	0.0000	0.0000	0.0000	1.0000	0.0000	1.0000	0.0000	0.0000	0.0000	0.0000	0.0000	0.0000	0.0000	0.0000	0.0000	0.0000	0.0000	0.0000	0.0000	0.0000	0.0000	0.0000	0.0000	0.0000	0.0000	0.0000	0.0000	0.0000	0.0000	0.0000	0.0000	0.0000	0.0000	0.0000	0.0000	0.0000	0.0000	0.0000	0.0000	0.0000	0.0000	0.0000	0.0000	0.0000	0.0000	0.0000	0.0000	0.0000	0.0000	0.0000	0.0000	0.0000	0.0000	0.0000	0.0000	0.0000	0.0000	0.0000	0.0000	0.0000	0.0000											
45	71	0.1366	6	1	2	2	1	0	0	0	0	N	Y	Y	N	N	N	N	N	N	N	N	N	0.0000	0.0000	0.0000	0.0000	0.0000	0.0000	0.0000	0.0000	0.0000	0.0000	0.0000	0.0000	0.0000	0.0000	0.0000	0.0000	0.0000	0.0000	0.0000	0.0000	1.0000	2.0000	1.0000	1.0000	0.0000	0.0000	0.0000	0.0000	0.0000	0.0000	0.0000	0.0000	0.0000	0.0000	0.0000	0.0000	0.0000	0.0000	0.0000	0.0000	0.0000	0.0000	0.0910	0.0834	0.0076	0.0616	0.0578	0.0038	0.0294	0.0256	0.0038	0.0108	0.0051	0.0056	0.0008	0.0008	0.0000	0.0099	0.0043	0.0056	0.0000	0.0000	0.0000	0.0000	0.0000	0.0000	0.0000	0.0000	0.0000	0.0000	0.0000	0.0000	0.0000	0.0000	0.0000	0.0000	0.0000	0.0000											
45	72	0.1136	5	1	1	2	1	0	0	0	0	N	N	Y	N	N	N	N	N	N	N	N	N	0.0000	0.0000	0.0000	0.0000	0.0000	0.0000	0.0000	0.0000	0.0000	0.0000	0.0000	0.0000	0.0000	0.0000	0.0000	0.0000	0.0000	0.0000	0.0000	0.0000	1.0000	1.0017	1.0000	2.0007	0.0000	0.0000	0.0000	0.0000	0.0000	0.0000	0.0000	0.0000	0.0000	0.0000	0.0000	0.0000	0.0000	0.0000	0.0000	0.0000	0.0000	0.0000	0.0363	0.0328	0.0035	0.0189	0.0178	0.0011	0.0174	0.0150	0.0024	0.0109	0.0051	0.0058	0.0005	0.0005	0.0000	0.0104	0.0046	0.0058	0.0000	0.0000	0.0000	0.0000	0.0000	0.0000	0.0000	0.0000	0.0000	0.0000	0.0000	0.0000	0.0000	0.0000	0.0000	0.0000	0.0000	0.0000											
45	73	0.6477	8	1	2	1	1	0	0	0	0	N	Y	N	N	N	N	N	N	N	N	N	N	0.0000	0.0000	0.0000	0.0000	0.0000	0.0000	0.0000	0.0000	0.0000	0.0000	0.0000	0.0000	0.0000	0.0000	0.0000	0.0000	0.0000	0.0000	0.0000	0.0000	1.0000	0.0000	1.0000	0.0000	0.0000	0.0000	0.0000	0.0000	0.0000	0.0000	0.0000	0.0000	0.0000	0.0000	0.0000	0.0000	0.0000	0.0000	0.0000	0.0000	0.0000	0.0000	0.0000	0.0000	0.0000	0.0000	0.0000	0.0000	0.0000	0.0000	0.0000	0.0000	0.0000	0.0000	0.0000	0.0000	0.0000	0.0000	0.0000	0.0000	0.0000	0.0000	0.0000	0.0000	0.0000	0.0000	0.0000	0.0000	0.0000	0.0000	0.0000	0.0000	0.0000	0.0000	0.0000	0.0000	0.0000	0.0000											
45	74	0.1406	6	1	2	1	1	0	0	0	0	N	Y	N	N	N	N	N	N	N	N	N	N	0.0000	0.0000	0.0000	0.0000	0.0000	0.0000	0.0000	0.0000	0.0000	0.0000	0.0000	0.0000	0.0000	0.0000	0.0000	0.0000	0.0000	0.0000	0.0000	0.0000	1.0000	0.0000	1.0000	0.0010	0.0000	0.0000	0.0000	0.0000	0.0000	0.0000	0.0000	0.0000	0.0000	0.0000	0.0000	0.0000	0.0000	0.0000	0.0000	0.0000	0.0000	0.0000	0.0000	0.0000	0.0000	0.0000	0.0000	0.0000	0.0000	0.0000	0.0000	0.0016	0.0013	0.0003	0.0008	0.0008	0.0000	0.0008	0.0005	0.0003	0.0000	0.0000	0.0000	0.0000	0.0000	0.0000	0.0000	0.0000	0.0000	0.0000	0.0000	0.0000	0.0000	0.0000	0.0000	0.0000	0.0000	0.0000											
45	75	0.0538	4	0	2	1	2	0	0	0	0	N	Y	N	Y	N	N	N	N	N	N	N	N	0.0000	0.0000	0.0000	0.0000	0.0000	0.0000	0.0000	0.0000	0.0000	0.0000	0.0000	0.0000	0.0000	0.0000	0.0000	0.0000	0.0000	0.0000	0.0000	0.0000	1.0000	0.0000	1.0000	0.0000	0.0000	0.0000	0.0000	0.0000	0.0000	0.0000	0.0000	0.0000	0.0000	0.0000	0.0000	0.0000	0.0000	0.0000	0.0000	0.0000	0.0000	0.0000	0.0000	0.0000	0.0000	0.0000	0.0000	0.0000	0.0000	0.0000	0.0000	0.0000	0.0000	0.0000	0.0000	0.0000	0.0000	0.0000	0.0000	0.0000	0.0000	0.0000	0.0000	0.0000	0.0000	0.0000	0.0000	0.0000	0.0000	0.0000	0.0000	0.0000	0.0000	0.0000	0.0000	0.0000	0.0000	0.0000											
45	76	0.0538	4	0	1	1	2	0	0	0	0	N	N	N	Y	N	N	N	N	N	N	N	N	0.0000	0.0000	0.0000	0.0000	0.0000	0.0000	0.0000	0.0000	0.0000	0.0000	0.0000	0.0000	0.0000	0.0000	0.0000	0.0000	0.0000	0.0000	0.0000	0.0000	1.0000	0.0000	1.0000	0.0000	0.0000	0.0000	0.0000	0.0000	0.0000	0.0000	0.0000	0.0000	0.0000	0.0000	0.0000	0.0000	0.0000	0.0000	0.0000	0.0000	0.0000	0.0000	0.0000	0.0000	0.0000	0.0000	0.0000	0.0000	0.0000	0.0000	0.0000	0.0000	0.0000	0.0000	0.0000	0.0000	0.0000	0.0000	0.0000	0.0000	0.0000	0.0000	0.0000	0.0000	0.0000	0.0000	0.0000	0.0000	0.0000	0.0000	0.0000	0.0000	0.0000	0.0000	0.0000	0.0000	0.0000	0.0000											
45	77	0.0385	3	0	1	1	2	0	0	0	0	N	N	N	Y	N	N	N	N	N	N	N	N	0.0000	0.0000	0.0000	0.0000	0.0000	0.0000	0.0000	0.0000	0.0000	0.0000	0.0000	0.0000	0.0000	0.0000	0.0000	0.0000	0.0000	0.0000	0.0000	0.0000	1.0000	0.0002	1.0000	2.9297	0.0000	0.0000	0.0000	0.0000	0.0000	0.0000	0.0000	0.0000	0.0000	0.0000	0.0000	0.0000	0.0000	0.0000	0.0000	0.0000	0.0000	0.0000	0.0000	0.0000	0.0000	0.0000	0.0000	0.0000	0.0000	0.0000	0.0000	0.0348	0.0223	0.0125	0.0129	0.0112	0.0017	0.0218	0.0111	0.0107	0.0000	0.0000	0.0000	0.0000	0.0000	0.0000	0.0000	0.0000	0.0000	0.0000	0.0000	0.0000	0.0000	0.0000	0.0000	0.0000	0.0000	0.0000											
45	78	0.0344	2	0	1	1	2	0	0	0	0	N	N	N	Y	N	N	N	N	N	N	N	N	0.0000	0.0000	0.0000	0.0000	0.0000	0.0000	0.0000	0.0000	0.0000	0.0000	0.0000	0.0000	0.0000	0.0000	0.0000	0.0000	0.0000	0.0000	0.0000	-0.0000	1.0000	0.0003	1.0000	2.1916	0.0000	0.0000	0.0000	0.0000	0.0000	0.0000	0.0000	0.0000	0.0000	0.0000	0.0000	0.0000	0.0000	0.0000	0.0000	0.0000	0.0000	0.0000	0.0000	0.0000	0.0000	0.0000	0.0000	0.0000	0.0000	0.0000	0.0000	0.0184	0.0097	0.0086	0.0012	0.0012	0.0000	0.0172	0.0085	0.0086	0.0000	0.0000	0.0000	0.0000	0.0000	0.0000	0.0000	0.0000	0.0000	0.0000	0.0000	0.0000	0.0000	0.0000	0.0000	0.0000	0.0000	0.0000											
45	80	0.1462	7	0	2	2	1	0	0	0	0	N	Y	Y	N	N	N	N	N	N	N	N	N	0.0000	0.0000	0.0000	0.0000	0.0000	0.0000	0.0000	0.0000	0.0000	0.0000	0.0000	0.0000	0.0000	0.0000	0.0000	0.0000	0.0000	0.0000	0.0000	0.0000	1.0000	0.0029	1.0000	2.0135	0.0000	0.0000	0.0000	0.0000	0.0000	0.0000	0.0000	0.0000	0.0000	0.0000	0.0000	0.0000	0.0000	0.0000	0.0000	0.0000	0.0000	0.0000	0.0002	0.0002	0.0000	0.0002	0.0001	0.0000	0.0001	0.0001	0.0000	0.0074	0.0036	0.0038	0.0006	0.0006	0.0000	0.0068	0.0031	0.0038	0.0000	0.0000	0.0000	0.0000	0.0000	0.0000	0.0000	0.0000	0.0000	0.0000	0.0000	0.0000	0.0000	0.0000	0.0000	0.0000	0.0000	0.0000											
45	81	0.1396	6	0	2	1	1	0	0	0	0	N	Y	N	N	N	N	N	N	N	N	N	N	0.0000	0.0000	0.0000	0.0000	0.0000	0.0000	0.0000	0.0000	0.0000	0.0000	0.0000	0.0000	0.0000	0.0143	0.0335	0.0000	0.1529	0.1222	0.0000	0.0000	0.0000	0.0000	0.0000	0.0000	-0.0000	1.0000	0.6188	1.0000	0.9475	0.0000	0.0000	0.0000	0.0000	0.0000	0.0000	0.0000	0.0000	0.0000	0.0000	0.0000	0.0000	0.0000	0.0000	0.0000	0.0000	0.0000	0.0000	0.0388	0.0356	0.0032	0.0239	0.0231	0.0008	0.0149	0.0125	0.0025	0.0066	0.0032	0.0034	0.0008	0.0008	0.0000	0.0058	0.0024	0.0034	0.0000	0.0000	0.0000	0.0000	0.0000	0.0000	0.0000	0.0000	0.0000	0.0015	0.0031	0.0000	0.0119	0.0122	0.0000	0.0000	0.0000	0.0000						
45	82	0.6509	8	0	2	2	1	0	0	0	0	N	Y	Y	N	N	N	N	N	N	N	N	N	0.0000	0.0000	0.0000	0.0000	0.0000	0.0000	0.0000	0.0000	0.0000	0.0000	0.0000	0.0000	0.0000	0.0000	0.0000	0.0000	0.0000	0.0000	0.0000	0.0000	1.0000	0.0000	1.0000	1.0000	0.0000	0.0000	0.0000	0.0000	0.0000	0.0000	0.0000	0.0000	0.0000	0.0000	0.0000	0.0000	0.0000	0.0000	0.0000	0.0000	0.0000	0.0000	0.0000	0.0000	0.0000	0.0000	0.0000	0.0000	0.0000	0.0000	0.0000	0.0033	0.0019	0.0014	0.0016	0.0014	0.0002	0.0017	0.0006	0.0011	0.0000	0.0000	0.0000	0.0000	0.0000	0.0000	0.0000	0.0000	0.0000	0.0000	0.0000	0.0000	0.0000	0.0000	0.0000	0.0000	0.0000	0.0000											
45	83	0.1136	5	1	1	2	1	0	0	0	0	N	N	Y	N	N	N	N	N	N	N	N	N	0.0000	0.0000	0.0000	0.0000	0.0000	0.0000	0.0000	0.0000	0.0000	0.0000	0.0000	0.0000	0.0000	0.0000	0.0000	0.0000	0.0000	0.0000	0.0000	0.0000	1.0000	9.0001	1.0000	3.0001	0.0000	0.0000	0.0000	0.0000	0.0000	0.0000	0.0000	0.0000	0.0000	0.0000	0.0000	0.0000	0.0000	0.0000	0.0000	0.0000	0.0000	0.0000	0.2567	0.2307	0.0259	0.1179	0.1106	0.0073	0.1388	0.1201	0.0186	0.0398	0.0186	0.0212	0.0016	0.0016	0.0000	0.0381	0.0170	0.0211	0.0000	0.0000	0.0000	0.0000	0.0000	0.0000	0.0000	0.0000	0.0000	0.0000	0.0000	0.0000	0.0000	0.0000	0.0000	0.0000	0.0000	0.0000											
45	84	0.6285	7	1	1	2	1	0	0	0	0	N	N	Y	N	N	N	N	N	N	N	N	N	0.0000	0.0000	0.0000	0.0000	0.0000	0.0000	0.0000	0.0000	0.0000	0.0000	0.0000	0.0000	0.0000	0.0000	0.0000	0.0000	0.0000	0.0000	0.0000	0.0000	1.0000	4.0000	1.0000	0.0000	0.0000	0.0000	0.0000	0.0000	0.0000	0.0000	0.0000	0.0000	0.0000	0.0000	0.0000	0.0000	0.0000	0.0000	0.0000	0.0000	0.0000	0.0000	0.0877	0.0793	0.0084	0.0627	0.0583	0.0045	0.0250	0.0210	0.0039	0.0069	0.0036	0.0033	0.0025	0.0022	0.0004	0.0043	0.0014	0.0029	0.0000	0.0000	0.0000	0.0000	0.0000	0.0000	0.0000	0.0000	0.0000	0.0000	0.0000	0.0000	0.0000	0.0000	0.0000	0.0000	0.0000	0.0000											
45	85	0.6746	8	1	2	1	1	0	0	0	0	N	Y	N	N	N	N	N	N	N	N	N	N	0.0000	0.0000	0.0000	0.0000	0.0000	0.0000	0.0000	0.0000	0.0000	0.0000	0.0000	0.0000	0.0000	0.2153	0.0000	0.0485	0.0000	0.0000	0.0000	0.1642	0.0000	0.0203	inf	0.0000	0.0000	1.0000	1.0086	1.0000	1.7435	0.0000	0.0000	0.0000	0.0000	0.0000	0.0000	0.0000	0.0000	0.0000	0.0001	0.0000	0.0001	0.0000	0.0000	0.0000	0.0001	0.0000	0.0001	0.0311	0.0279	0.0031	0.0174	0.0164	0.0010	0.0136	0.0115	0.0021	0.0112	0.0073	0.0040	0.0059	0.0053	0.0006	0.0053	0.0020	0.0033	0.0000	0.0000	0.0000	0.0000	0.0000	0.0000	0.0000	0.0000	0.0000	0.0053	0.0000	0.0151	0.0000	0.0000	0.0000	0.0112	0.0000	0.0179						
45	86	0.6285	7	1	2	1	1	0	0	0	0	N	Y	N	N	N	N	N	N	N	N	N	N	0.0000	0.0000	0.0000	0.0000	0.0000	0.0000	0.0000	0.0000	0.0000	0.0000	0.0000	0.0000	0.0000	0.3209	0.6186	0.0000	0.2992	0.3372	0.0000	0.0000	0.0000	0.0000	0.0000	0.0000	-0.0000	1.0000	1.0165	1.0000	4.1395	0.0000	0.0000	0.0000	0.0000	0.0000	0.0000	0.0000	0.0000	0.0000	0.0001	0.0001	0.0000	0.0001	0.0001	0.0000	0.0000	0.0000	0.0000	0.0243	0.0220	0.0023	0.0178	0.0165	0.0013	0.0066	0.0055	0.0010	0.0088	0.0045	0.0042	0.0032	0.0027	0.0005	0.0055	0.0018	0.0037	0.0000	0.0000	0.0000	0.0000	0.0000	0.0000	0.0000	0.0000	0.0000	0.0068	0.0132	0.0000	0.0185	0.0218	0.0000	0.0000	0.0000	0.0000						
45	87	0.0724	4	1	2	1	1	0	0	0	0	N	Y	N	N	N	N	N	N	N	N	N	N	0.0000	0.0000	0.0000	0.0000	0.0000	0.0000	0.0000	0.0000	0.0000	0.0000	0.0000	0.0000	0.0000	0.0000	0.0000	0.0000	0.0000	0.0000	0.0000	0.0000	1.0000	9.0005	1.0000	5.0000	0.0000	0.0000	0.0000	0.0000	0.0000	0.0000	0.0000	0.0000	0.0000	0.0000	0.0000	0.0000	0.0000	0.0000	0.0000	0.0000	0.0000	0.0000	0.2853	0.2515	0.0339	0.0117	0.0109	0.0007	0.2737	0.2405	0.0331	0.0794	0.0424	0.0370	0.0015	0.0014	0.0000	0.0779	0.0409	0.0370	0.0000	0.0000	0.0000	0.0000	0.0000	0.0000	0.0000	0.0000	0.0000	0.0000	0.0000	0.0000	0.0000	0.0000	0.0000	0.0000	0.0000	0.0000											
45	88	0.6509	8	0	2	1	1	0	0	0	0	N	Y	N	N	N	N	N	N	N	N	N	N	0.0000	0.0000	0.0000	0.0000	0.0000	0.0000	0.0000	0.0000	0.0000	0.0000	0.0000	0.0000	0.0000	0.0000	0.0000	0.0000	0.0000	0.0000	0.0000	0.0000	1.0000	0.0000	1.0000	0.0000	0.0000	0.0000	0.0000	0.0000	0.0000	0.0000	0.0000	0.0000	0.0000	0.0000	0.0000	0.0000	0.0000	0.0000	0.0000	0.0000	0.0000	0.0000	0.0000	0.0000	0.0000	0.0000	0.0000	0.0000	0.0000	0.0000	0.0000	0.0000	0.0000	0.0000	0.0000	0.0000	0.0000	0.0000	0.0000	0.0000	0.0000	0.0000	0.0000	0.0000	0.0000	0.0000	0.0000	0.0000	0.0000	0.0000	0.0000	0.0000	0.0000	0.0000	0.0000	0.0000	0.0000	0.0000											
45	89	0.1396	6	0	2	1	1	0	0	0	0	N	Y	N	N	N	N	N	N	N	N	N	N	0.0000	0.0000	0.0000	0.0000	0.0000	0.0000	0.0000	0.0000	0.0000	0.0000	0.0000	0.0000	0.0000	0.0056	0.0114	0.0000	0.0752	0.0626	0.0000	0.0000	0.0000	0.0000	0.0000	0.0000	-0.0000	1.0000	1.9953	1.0000	1.0817	0.0000	0.0000	0.0000	0.0000	0.0000	0.0000	0.0000	0.0000	0.0000	0.0000	0.0000	0.0000	0.0000	0.0000	0.0000	0.0000	0.0000	0.0000	0.0766	0.0695	0.0070	0.0392	0.0376	0.0016	0.0374	0.0319	0.0054	0.0119	0.0058	0.0062	0.0012	0.0011	0.0000	0.0108	0.0047	0.0061	0.0000	0.0000	0.0000	0.0000	0.0000	0.0000	0.0000	0.0000	0.0000	0.0008	0.0017	0.0000	0.0086	0.0089	0.0000	0.0000	0.0000	0.0000						
45	90	0.1136	5	0	2	1	1	0	0	0	0	N	Y	N	N	N	N	N	N	N	N	N	N	0.0000	0.0000	0.0000	0.0000	0.0000	0.0000	0.0000	0.0000	0.0000	0.0000	0.0000	0.0000	0.0000	0.0016	0.0000	0.0008	0.0000	0.0000	0.0000	0.0005	0.0000	0.0008	inf	0.0000	0.0000	1.0000	2.3999	1.0000	4.0713	0.0000	0.0000	0.0000	0.0000	0.0000	0.0000	0.0000	0.0000	0.0000	0.0000	0.0000	0.0000	0.0000	0.0000	0.0000	0.0000	0.0000	0.0000	0.0826	0.0746	0.0081	0.0421	0.0395	0.0025	0.0406	0.0350	0.0056	0.0227	0.0106	0.0121	0.0009	0.0009	0.0000	0.0217	0.0096	0.0121	0.0000	0.0000	0.0000	0.0000	0.0000	0.0000	0.0000	0.0000	0.0000	0.0004	0.0000	0.0008	0.0000	0.0000	0.0000	0.0005	0.0000	0.0008						
45	91	0.0743	4	0	1	2	1	0	0	0	0	N	N	Y	N	N	N	N	N	N	N	N	N	0.0000	0.0000	0.0000	0.0000	0.0000	0.0000	0.0000	0.0000	0.0000	0.0000	0.0000	0.0000	0.0000	0.0000	0.0000	0.0000	0.0000	0.0000	0.0000	0.0000	1.0000	0.0000	1.0000	0.0000	0.0000	0.0000	0.0000	0.0000	0.0000	0.0000	0.0000	0.0000	0.0000	0.0000	0.0000	0.0000	0.0000	0.0000	0.0000	0.0000	0.0000	0.0000	0.0000	0.0000	0.0000	0.0000	0.0000	0.0000	0.0000	0.0000	0.0000	0.0000	0.0000	0.0000	0.0000	0.0000	0.0000	0.0000	0.0000	0.0000	0.0000	0.0000	0.0000	0.0000	0.0000	0.0000	0.0000	0.0000	0.0000	0.0000	0.0000	0.0000	0.0000	0.0000	0.0000	0.0000	0.0000	0.0000											
45	92	0.0422	3	0	1	2	1	0	0	0	0	N	N	Y	N	N	N	N	N	N	N	N	N	0.0000	0.0000	0.0000	0.0000	0.0000	0.0000	0.0000	0.0000	0.0000	0.0000	0.0000	0.0000	0.0000	0.0000	0.0000	0.0000	0.0000	0.0000	0.0000	0.0000	1.0000	3.7221	1.0000	2.9993	0.0000	0.0000	0.0000	0.0000	0.0000	0.0000	0.0000	0.0000	0.0000	0.0000	0.0000	0.0000	0.0000	0.0000	0.0000	0.0000	0.0000	0.0000	0.1436	0.1257	0.0179	0.0042	0.0041	0.0000	0.1394	0.1215	0.0179	0.0459	0.0244	0.0214	0.0009	0.0008	0.0000	0.0450	0.0236	0.0214	0.0000	0.0000	0.0000	0.0000	0.0000	0.0000	0.0000	0.0000	0.0000	0.0000	0.0000	0.0000	0.0000	0.0000	0.0000	0.0000	0.0000	0.0000											
45	94	0.1299	6	1	2	1	1	0	0	0	0	N	Y	N	N	N	N	N	N	N	N	N	N	0.0000	0.0000	0.0000	0.0000	0.0000	0.0000	0.0000	0.0000	0.0000	0.0000	0.0000	0.0000	0.0000	0.0000	0.0000	0.0000	0.0000	0.0000	0.0000	0.0000	1.0000	5.9980	1.0000	4.9575	0.0000	0.0000	0.0000	0.0000	0.0000	0.0000	0.0000	0.0000	0.0000	0.0000	0.0000	0.0000	0.0000	0.0000	0.0000	0.0000	0.0000	0.0000	0.1866	0.1694	0.0172	0.0943	0.0894	0.0049	0.0923	0.0800	0.0123	0.0346	0.0170	0.0175	0.0022	0.0021	0.0001	0.0324	0.0149	0.0175	0.0000	0.0000	0.0000	0.0000	0.0000	0.0000	0.0000	0.0000	0.0000	0.0000	0.0000	0.0000	0.0000	0.0000	0.0000	0.0000	0.0000	0.0000											
45	95	0.6509	8	1	2	1	1	0	0	0	0	N	Y	N	N	N	N	N	N	N	N	N	N	0.0000	0.0000	0.0000	0.0000	0.0000	0.0000	0.0000	0.0000	0.0000	0.0000	0.0000	0.0000	0.0000	0.0000	0.0000	0.0000	0.0000	0.0000	0.0000	0.0000	1.0000	0.0000	1.0000	2.0000	0.0000	0.0000	0.0000	0.0000	0.0000	0.0000	0.0000	0.0000	0.0000	0.0000	0.0000	0.0000	0.0000	0.0000	0.0000	0.0000	0.0000	0.0000	0.0000	0.0000	0.0000	0.0000	0.0000	0.0000	0.0000	0.0000	0.0000	0.0065	0.0038	0.0027	0.0031	0.0027	0.0004	0.0034	0.0011	0.0023	0.0000	0.0000	0.0000	0.0000	0.0000	0.0000	0.0000	0.0000	0.0000	0.0000	0.0000	0.0000	0.0000	0.0000	0.0000	0.0000	0.0000	0.0000											
45	96	0.6285	7	0	2	1	1	0	0	0	0	N	Y	N	N	N	N	N	N	N	N	N	N	0.0000	0.0000	0.0000	0.0000	0.0000	0.0000	0.0000	0.0000	0.0000	0.0000	0.0000	0.0000	0.0000	0.0000	0.0000	0.0000	0.0000	0.0000	0.0000	0.0000	1.0000	4.0000	1.0000	0.0000	0.0000	0.0000	0.0000	0.0000	0.0000	0.0000	0.0000	0.0000	0.0000	0.0000	0.0000	0.0000	0.0000	0.0000	0.0000	0.0000	0.0000	0.0000	0.0877	0.0793	0.0084	0.0627	0.0583	0.0045	0.0250	0.0210	0.0039	0.0069	0.0036	0.0033	0.0025	0.0022	0.0004	0.0043	0.0014	0.0029	0.0000	0.0000	0.0000	0.0000	0.0000	0.0000	0.0000	0.0000	0.0000	0.0000	0.0000	0.0000	0.0000	0.0000	0.0000	0.0000	0.0000	0.0000											
45	97	0.0724	4	0	1	1	1	0	0	0	0	N	N	N	N	N	N	N	N	N	N	N	N	0.0000	0.0000	0.0000	0.0000	0.0000	0.0000	0.0000	0.0000	0.0000	0.0000	0.0000	0.0000	0.0000	0.0000	0.0000	0.0000	0.0000	0.0000	0.0000	0.0000	1.0000	3.9994	1.0000	4.0000	0.0000	0.0000	0.0000	0.0000	0.0000	0.0000	0.0000	0.0000	0.0000	0.0000	0.0000	0.0000	0.0000	0.0000	0.0000	0.0000	0.0000	0.0000	0.1482	0.1300	0.0181	0.0058	0.0055	0.0004	0.1423	0.1245	0.0178	0.0514	0.0277	0.0237	0.0009	0.0009	0.0000	0.0505	0.0268	0.0237	0.0000	0.0000	0.0000	0.0000	0.0000	0.0000	0.0000	0.0000	0.0000	0.0000	0.0000	0.0000	0.0000	0.0000	0.0000	0.0000	0.0000	0.0000											
45	98	0.6285	7	0	1	1	1	0	0	0	0	N	N	N	N	N	N	N	N	N	N	N	N	0.0000	0.0000	0.0000	0.0000	0.0000	0.0000	0.0000	0.0000	0.0000	0.0000	0.0000	0.0000	0.0000	0.0000	0.0000	0.0000	0.0000	0.0000	0.0000	0.0000	1.0000	1.0000	1.0000	0.0000	0.0000	0.0000	0.0000	0.0000	0.0000	0.0000	0.0000	0.0000	0.0000	0.0000	0.0000	0.0000	0.0000	0.0000	0.0000	0.0000	0.0000	0.0000	0.0430	0.0389	0.0041	0.0312	0.0290	0.0023	0.0118	0.0099	0.0019	0.0032	0.0017	0.0016	0.0012	0.0010	0.0002	0.0020	0.0007	0.0014	0.0000	0.0000	0.0000	0.0000	0.0000	0.0000	0.0000	0.0000	0.0000	0.0000	0.0000	0.0000	0.0000	0.0000	0.0000	0.0000	0.0000	0.0000											
45	99	0.1834	5	0	1	1	1	0	0	0	0	N	N	N	N	N	N	N	N	N	N	N	N	0.0000	0.0000	0.0000	0.0000	0.0000	0.0000	0.0000	0.0000	0.0000	0.0000	0.0000	0.0000	0.0000	0.1750	0.3839	0.0000	0.3651	0.3557	0.0000	0.0000	0.0000	0.0000	0.0000	0.0000	-0.0002	1.0000	1.5982	1.0000	11.1970	0.0000	0.0000	0.0000	0.0000	0.0000	0.0000	0.0000	0.0000	0.0000	0.0004	0.0004	0.0000	0.0004	0.0004	0.0000	0.0000	0.0000	0.0000	0.0923	0.0813	0.0110	0.0216	0.0211	0.0005	0.0707	0.0602	0.0105	0.0920	0.0559	0.0360	0.0199	0.0186	0.0013	0.0721	0.0373	0.0348	0.0000	0.0000	0.0000	0.0000	0.0000	0.0000	0.0000	0.0000	0.0000	0.0048	0.0079	0.0000	0.0221	0.0236	0.0000	0.0000	0.0000	0.0000						
45	100	0.1314	7	1	2	2	1	0	0	0	0	N	Y	Y	N	N	N	N	N	N	N	N	N	0.0000	0.0000	0.0000	0.0000	0.0000	0.0000	0.0000	0.0000	0.0000	0.0000	0.0000	0.0000	0.0000	0.0000	0.0000	0.0000	0.0000	0.0000	0.0000	0.0000	1.0000	0.0000	1.0000	0.9982	0.0000	0.0000	0.0000	0.0000	0.0000	0.0000	0.0000	0.0000	0.0000	0.0000	0.0000	0.0000	0.0000	0.0000	0.0000	0.0000	0.0000	0.0000	0.0038	0.0036	0.0003	0.0032	0.0031	0.0001	0.0006	0.0005	0.0002	0.0035	0.0017	0.0018	0.0002	0.0002	0.0000	0.0033	0.0015	0.0018	0.0000	0.0000	0.0000	0.0000	0.0000	0.0000	0.0000	0.0000	0.0000	0.0000	0.0000	0.0000	0.0000	0.0000	0.0000	0.0000	0.0000	0.0000											
45	101	0.6632	10	1	2	2	1	0	0	0	0	N	Y	Y	N	N	N	N	N	N	N	N	N	0.0000	0.0000	0.0000	0.0000	0.0000	0.0000	0.0000	0.0000	0.0000	0.0000	0.0000	0.0000	0.0000	0.0000	0.0000	0.0000	0.0000	0.0000	0.0000	0.0000	1.0000	0.0000	1.0000	0.0000	0.0000	0.0000	0.0000	0.0000	0.0000	0.0000	0.0000	0.0000	0.0000	0.0000	0.0000	0.0000	0.0000	0.0000	0.0000	0.0000	0.0000	0.0000	0.0000	0.0000	0.0000	0.0000	0.0000	0.0000	0.0000	0.0000	0.0000	0.0000	0.0000	0.0000	0.0000	0.0000	0.0000	0.0000	0.0000	0.0000	0.0000	0.0000	0.0000	0.0000	0.0000	0.0000	0.0000	0.0000	0.0000	0.0000	0.0000	0.0000	0.0000	0.0000	0.0000	0.0000	0.0000	0.0000											
45	102	0.6632	9	1	1	2	1	0	0	0	0	N	N	Y	N	N	N	N	N	N	N	N	N	0.0000	0.0000	0.0000	0.0000	0.0000	0.0000	0.0000	0.0000	0.0000	0.0000	0.0000	0.0000	0.0000	0.0000	0.0000	0.0000	0.0000	0.0000	0.0000	0.0000	1.0000	0.0000	1.0000	0.0000	0.0000	0.0000	0.0000	0.0000	0.0000	0.0000	0.0000	0.0000	0.0000	0.0000	0.0000	0.0000	0.0000	0.0000	0.0000	0.0000	0.0000	0.0000	0.0000	0.0000	0.0000	0.0000	0.0000	0.0000	0.0000	0.0000	0.0000	0.0000	0.0000	0.0000	0.0000	0.0000	0.0000	0.0000	0.0000	0.0000	0.0000	0.0000	0.0000	0.0000	0.0000	0.0000	0.0000	0.0000	0.0000	0.0000	0.0000	0.0000	0.0000	0.0000	0.0000	0.0000	0.0000	0.0000											
45	103	0.6571	8	1	1	2	1	0	0	0	0	N	N	Y	N	N	N	N	N	N	N	N	N	0.0000	0.0000	0.0000	0.0000	0.0000	0.0000	0.0000	0.0000	0.0000	0.0000	0.0000	0.0000	0.0000	0.0000	0.0000	0.0000	0.0000	0.0000	0.0000	0.0000	1.0000	0.0000	1.0000	1.0091	0.0000	0.0000	0.0000	0.0000	0.0000	0.0000	0.0000	0.0000	0.0000	0.0000	0.0000	0.0000	0.0000	0.0000	0.0000	0.0000	0.0000	0.0000	0.0000	0.0000	0.0000	0.0000	0.0000	0.0000	0.0000	0.0000	0.0000	0.0033	0.0019	0.0014	0.0016	0.0014	0.0002	0.0017	0.0006	0.0012	0.0000	0.0000	0.0000	0.0000	0.0000	0.0000	0.0000	0.0000	0.0000	0.0000	0.0000	0.0000	0.0000	0.0000	0.0000	0.0000	0.0000	0.0000											
45	104	0.0724	4	0	2	1	1	0	0	0	0	N	Y	N	N	N	N	N	N	N	N	N	N	0.0000	0.0000	0.0000	0.0000	0.0000	0.0000	0.0000	0.0000	0.0000	0.0000	0.0000	0.0000	0.0000	0.0000	0.0000	0.0000	0.0000	0.0000	0.0000	0.0000	1.0000	7.9994	1.0000	4.0001	0.0000	0.0000	0.0000	0.0000	0.0000	0.0000	0.0000	0.0000	0.0000	0.0000	0.0000	0.0000	0.0000	0.0000	0.0000	0.0000	0.0000	0.0000	0.2611	0.2299	0.0312	0.0106	0.0100	0.0007	0.2505	0.2200	0.0305	0.0708	0.0379	0.0329	0.0013	0.0013	0.0000	0.0695	0.0367	0.0329	0.0000	0.0000	0.0000	0.0000	0.0000	0.0000	0.0000	0.0000	0.0000	0.0000	0.0000	0.0000	0.0000	0.0000	0.0000	0.0000	0.0000	0.0000											
45	105	0.1348	8	1	1	2	1	0	0	0	0	N	N	Y	N	N	N	N	N	N	N	N	N	0.0000	0.0000	0.0000	0.0000	0.0000	0.0000	0.0000	0.0000	0.0000	0.0000	0.0000	0.0000	0.0000	0.0000	0.0000	0.0000	0.0000	0.0000	0.0000	0.0000	1.0000	1.0000	1.0000	1.0005	0.0000	0.0000	0.0000	0.0000	0.0000	0.0000	0.0000	0.0000	0.0000	0.0000	0.0000	0.0000	0.0000	0.0000	0.0000	0.0000	0.0000	0.0000	0.0354	0.0322	0.0032	0.0189	0.0180	0.0010	0.0165	0.0142	0.0022	0.0069	0.0034	0.0035	0.0004	0.0004	0.0000	0.0064	0.0029	0.0035	0.0000	0.0000	0.0000	0.0000	0.0000	0.0000	0.0000	0.0000	0.0000	0.0000	0.0000	0.0000	0.0000	0.0000	0.0000	0.0000	0.0000	0.0000											
45	106	0.1314	7	1	1	2	1	0	0	0	0	N	N	Y	N	N	N	N	N	N	N	N	N	0.0000	0.0000	0.0000	0.0000	0.0000	0.0000	0.0000	0.0000	0.0000	0.0000	0.0000	0.0000	0.0000	0.0000	0.0000	0.0000	0.0000	0.0000	0.0000	0.0000	1.0000	0.7249	1.0000	0.0368	0.0000	0.0000	0.0000	0.0000	0.0000	0.0000	0.0000	0.0000	0.0000	0.0000	0.0000	0.0000	0.0000	0.0000	0.0000	0.0000	0.0000	0.0000	0.0296	0.0270	0.0026	0.0170	0.0162	0.0008	0.0126	0.0108	0.0018	0.0027	0.0013	0.0014	0.0002	0.0002	0.0000	0.0025	0.0011	0.0014	0.0000	0.0000	0.0000	0.0000	0.0000	0.0000	0.0000	0.0000	0.0000	0.0000	0.0000	0.0000	0.0000	0.0000	0.0000	0.0000	0.0000	0.0000											
45	107	0.1299	6	1	1	2	1	0	0	0	0	N	N	Y	N	N	N	N	N	N	N	N	N	0.0000	0.0000	0.0000	0.0000	0.0000	0.0000	0.0000	0.0000	0.0000	0.0000	0.0000	0.0000	0.0000	0.0000	0.0000	0.0000	0.0000	0.0000	0.0000	0.0000	1.0000	0.4159	1.0000	0.0887	0.0000	0.0000	0.0000	0.0000	0.0000	0.0000	0.0000	0.0000	0.0000	0.0000	0.0000	0.0000	0.0000	0.0000	0.0000	0.0000	0.0000	0.0000	0.0188	0.0173	0.0015	0.0117	0.0112	0.0005	0.0070	0.0061	0.0010	0.0020	0.0010	0.0010	0.0002	0.0002	0.0000	0.0017	0.0008	0.0010	0.0000	0.0000	0.0000	0.0000	0.0000	0.0000	0.0000	0.0000	0.0000	0.0000	0.0000	0.0000	0.0000	0.0000	0.0000	0.0000	0.0000	0.0000											
45	108	0.1136	5	1	1	1	1	0	0	0	0	N	N	N	N	N	N	N	N	N	N	N	N	0.0000	0.0000	0.0000	0.0000	0.0000	0.0000	0.0000	0.0000	0.0000	0.0000	0.0000	0.0000	0.0000	0.0000	0.0000	0.0000	0.0000	0.0000	0.0000	0.0000	1.0000	3.9943	1.0000	0.9974	0.0000	0.0000	0.0000	0.0000	0.0000	0.0000	0.0000	0.0000	0.0000	0.0000	0.0000	0.0000	0.0000	0.0000	0.0000	0.0000	0.0000	0.0000	0.1308	0.1178	0.0129	0.0649	0.0609	0.0040	0.0659	0.0569	0.0090	0.0178	0.0083	0.0095	0.0007	0.0007	0.0000	0.0170	0.0075	0.0095	0.0000	0.0000	0.0000	0.0000	0.0000	0.0000	0.0000	0.0000	0.0000	0.0000	0.0000	0.0000	0.0000	0.0000	0.0000	0.0000	0.0000	0.0000											
45	109	0.6571	8	1	1	2	1	0	0	0	0	N	N	Y	N	N	N	N	N	N	N	N	N	0.0000	0.0000	0.0000	0.0000	0.0000	0.0000	0.0000	0.0000	0.0000	0.0000	0.0000	0.0000	0.0000	0.0000	0.0000	0.0000	0.0000	0.0000	0.0000	0.0000	1.0000	0.0000	1.0000	0.9909	0.0000	0.0000	0.0000	0.0000	0.0000	0.0000	0.0000	0.0000	0.0000	0.0000	0.0000	0.0000	0.0000	0.0000	0.0000	0.0000	0.0000	0.0000	0.0000	0.0000	0.0000	0.0000	0.0000	0.0000	0.0000	0.0000	0.0000	0.0033	0.0019	0.0014	0.0016	0.0013	0.0002	0.0017	0.0006	0.0012	0.0000	0.0000	0.0000	0.0000	0.0000	0.0000	0.0000	0.0000	0.0000	0.0000	0.0000	0.0000	0.0000	0.0000	0.0000	0.0000	0.0000	0.0000											
45	110	0.6285	7	1	1	2	1	0	0	0	0	N	N	Y	N	N	N	N	N	N	N	N	N	0.0000	0.0000	0.0000	0.0000	0.0000	0.0000	0.0000	0.0000	0.0000	0.0000	0.0000	0.0000	0.0000	0.0000	0.0000	0.0000	0.0000	0.0000	0.0000	0.0000	1.0000	4.0000	1.0000	0.0000	0.0000	0.0000	0.0000	0.0000	0.0000	0.0000	0.0000	0.0000	0.0000	0.0000	0.0000	0.0000	0.0000	0.0000	0.0000	0.0000	0.0000	0.0000	0.0877	0.0793	0.0084	0.0627	0.0583	0.0045	0.0250	0.0210	0.0039	0.0069	0.0036	0.0033	0.0025	0.0022	0.0004	0.0043	0.0014	0.0029	0.0000	0.0000	0.0000	0.0000	0.0000	0.0000	0.0000	0.0000	0.0000	0.0000	0.0000	0.0000	0.0000	0.0000	0.0000	0.0000	0.0000	0.0000											
45	112	0.1182	5	0	1	2	1	0	0	0	0	N	N	Y	N	N	N	N	N	N	N	N	N	0.0000	0.0000	0.0000	0.0000	0.0000	0.0000	0.0000	0.0000	0.0000	0.0000	0.0000	0.0000	0.0000	0.0000	0.0000	0.0000	0.0000	0.0000	0.0000	0.0000	1.0000	0.0000	1.0000	0.0001	0.0000	0.0000	0.0000	0.0000	0.0000	0.0000	0.0000	0.0000	0.0000	0.0000	0.0000	0.0000	0.0000	0.0000	0.0000	0.0000	0.0000	0.0000	0.0000	0.0000	0.0000	0.0000	0.0000	0.0000	0.0000	0.0000	0.0000	0.0000	0.0000	0.0000	0.0000	0.0000	0.0000	0.0000	0.0000	0.0000	0.0000	0.0000	0.0000	0.0000	0.0000	0.0000	0.0000	0.0000	0.0000	0.0000	0.0000	0.0000	0.0000	0.0000	0.0000	0.0000	0.0000	0.0000											
45	113	0.0724	4	0	1	2	1	0	0	0	0	N	N	Y	N	N	N	N	N	N	N	N	N	0.0000	0.0000	0.0000	0.0000	0.0000	0.0000	0.0000	0.0000	0.0000	0.0000	0.0000	0.0000	0.0000	0.0000	0.0000	0.0000	0.0000	0.0000	0.0000	0.0000	1.0000	4.0004	1.0000	4.9999	0.0000	0.0000	0.0000	0.0000	0.0000	0.0000	0.0000	0.0000	0.0000	0.0000	0.0000	0.0000	0.0000	0.0000	0.0000	0.0000	0.0000	0.0000	0.1482	0.1300	0.0182	0.0058	0.0055	0.0004	0.1424	0.1246	0.0178	0.0566	0.0305	0.0261	0.0010	0.0010	0.0000	0.0556	0.0295	0.0261	0.0000	0.0000	0.0000	0.0000	0.0000	0.0000	0.0000	0.0000	0.0000	0.0000	0.0000	0.0000	0.0000	0.0000	0.0000	0.0000	0.0000	0.0000											
45	114	0.6611	8	0	2	1	1	0	0	0	0	N	Y	N	N	N	N	N	N	N	N	N	N	0.0000	0.0000	0.0000	0.0000	0.0000	0.0000	0.0000	0.0000	0.0000	0.0000	0.0000	0.0000	0.0000	0.0054	0.0000	0.0021	0.0000	0.0000	0.0000	0.0066	0.0000	0.0025	inf	0.0000	0.0000	1.0000	4.3361	1.0000	4.6323	0.0000	0.0000	0.0000	0.0000	0.0000	0.0000	0.0000	0.0000	0.0000	0.0000	0.0000	0.0000	0.0000	0.0000	0.0000	0.0000	0.0000	0.0000	0.1486	0.1337	0.0149	0.0856	0.0801	0.0055	0.0630	0.0536	0.0094	0.0246	0.0149	0.0097	0.0124	0.0108	0.0017	0.0122	0.0041	0.0081	0.0000	0.0000	0.0000	0.0000	0.0000	0.0000	0.0000	0.0000	0.0000	0.0008	0.0000	0.0021	0.0000	0.0000	0.0000	0.0016	0.0000	0.0025						
45	115	0.6285	7	0	1	1	1	0	0	0	0	N	N	N	N	N	N	N	N	N	N	N	N	0.0000	0.0000	0.0000	0.0000	0.0000	0.0000	0.0000	0.0000	0.0000	0.0000	0.0000	0.0000	0.0000	0.1927	0.4628	0.0000	0.2030	0.2211	0.0000	0.0000	0.0000	0.0000	0.0000	0.0000	-0.0000	1.0000	1.9840	1.0000	0.2610	0.0000	0.0000	0.0000	0.0000	0.0000	0.0000	0.0000	0.0000	0.0000	0.0000	0.0000	0.0000	0.0000	0.0000	0.0000	0.0000	0.0000	0.0000	0.0461	0.0417	0.0044	0.0334	0.0310	0.0024	0.0127	0.0106	0.0020	0.0039	0.0020	0.0019	0.0014	0.0012	0.0002	0.0025	0.0008	0.0017	0.0000	0.0000	0.0000	0.0000	0.0000	0.0000	0.0000	0.0000	0.0000	0.0051	0.0098	0.0000	0.0138	0.0163	0.0000	0.0000	0.0000	0.0000						
45	116	0.0724	4	0	2	1	2	0	0	0	0	N	Y	N	Y	N	N	N	N	N	N	N	N	0.0000	0.0000	0.0000	0.0000	0.0000	0.0000	0.0000	0.0000	0.0000	0.0000	0.0000	0.0000	0.0000	0.0000	0.0000	0.0000	0.0000	0.0000	0.0000	0.0000	1.0000	5.0006	1.0000	2.0000	0.0000	0.0000	0.0000	0.0000	0.0000	0.0000	0.0000	0.0000	0.0000	0.0000	0.0000	0.0000	0.0000	0.0000	0.0000	0.0000	0.0000	0.0000	0.1792	0.1574	0.0218	0.0071	0.0067	0.0004	0.1720	0.1507	0.0214	0.0460	0.0248	0.0211	0.0008	0.0008	0.0000	0.0452	0.0240	0.0211	0.0000	0.0000	0.0000	0.0000	0.0000	0.0000	0.0000	0.0000	0.0000	0.0000	0.0000	0.0000	0.0000	0.0000	0.0000	0.0000	0.0000	0.0000											
45	117	0.6285	7	0	2	1	2	0	0	0	0	N	Y	N	Y	N	N	N	N	N	N	N	N	0.0000	0.0000	0.0000	0.0000	0.0000	0.0000	0.0000	0.0000	0.0000	0.0000	0.0000	0.0000	0.0000	0.0000	0.0000	0.0000	0.0000	0.0000	0.0000	0.0000	1.0000	0.0000	1.0000	1.0000	0.0000	0.0000	0.0000	0.0000	0.0000	0.0000	0.0000	0.0000	0.0000	0.0000	0.0000	0.0000	0.0000	0.0000	0.0000	0.0000	0.0000	0.0000	0.0000	0.0000	0.0000	0.0000	0.0000	0.0000	0.0000	0.0000	0.0000	0.0025	0.0013	0.0012	0.0009	0.0008	0.0001	0.0016	0.0005	0.0011	0.0000	0.0000	0.0000	0.0000	0.0000	0.0000	0.0000	0.0000	0.0000	0.0000	0.0000	0.0000	0.0000	0.0000	0.0000	0.0000	0.0000	0.0000											
45	118	0.0724	4	0	2	1	1	0	0	0	0	N	Y	N	N	N	N	N	N	N	N	N	N	0.0000	0.0000	0.0000	0.0000	0.0000	0.0000	0.0000	0.0000	0.0000	0.0000	0.0000	0.0000	0.0000	0.0000	0.0000	0.0000	0.0000	0.0000	0.0000	0.0000	1.0000	16.9994	1.0000	6.0000	0.0000	0.0000	0.0000	0.0000	0.0000	0.0000	0.0000	0.0000	0.0000	0.0000	0.0000	0.0000	0.0000	0.0000	0.0000	0.0000	0.0000	0.0000	0.4403	0.3900	0.0503	0.0185	0.0174	0.0011	0.4217	0.3726	0.0491	0.1100	0.0578	0.0521	0.0021	0.0021	0.0000	0.1078	0.0557	0.0521	0.0000	0.0000	0.0000	0.0000	0.0000	0.0000	0.0000	0.0000	0.0000	0.0000	0.0000	0.0000	0.0000	0.0000	0.0000	0.0000	0.0000	0.0000											
45	119	0.6285	7	0	2	1	1	0	0	0	0	N	Y	N	N	N	N	N	N	N	N	N	N	0.0000	0.0000	0.0000	0.0000	0.0000	0.0000	0.0000	0.0000	0.0000	0.0000	0.0000	0.0000	0.0000	0.0000	0.0000	0.0000	0.0000	0.0000	0.0000	0.0000	1.0000	5.0000	1.0000	6.0000	0.0000	0.0000	0.0000	0.0000	0.0000	0.0000	0.0000	0.0000	0.0000	0.0000	0.0000	0.0000	0.0000	0.0000	0.0000	0.0000	0.0000	0.0000	0.1066	0.0965	0.0102	0.0758	0.0704	0.0054	0.0309	0.0261	0.0048	0.0176	0.0091	0.0085	0.0066	0.0056	0.0010	0.0111	0.0035	0.0075	0.0000	0.0000	0.0000	0.0000	0.0000	0.0000	0.0000	0.0000	0.0000	0.0000	0.0000	0.0000	0.0000	0.0000	0.0000	0.0000	0.0000	0.0000											
45	120	0.6566	8	0	2	1	1	0	0	0	0	N	Y	N	N	N	N	N	N	N	N	N	N	0.0000	0.0000	0.0000	0.0000	0.0000	0.0000	0.0000	0.0000	0.0000	0.0000	0.0000	0.0000	0.0000	0.0748	0.0000	0.0132	0.0000	0.0000	0.0000	0.0528	0.0000	0.0084	inf	0.0000	0.0000	1.0000	0.9998	1.0000	0.9486	0.0000	0.0000	0.0000	0.0000	0.0000	0.0000	0.0000	0.0000	0.0000	0.0000	0.0000	0.0000	0.0000	0.0000	0.0000	0.0000	0.0000	0.0000	0.0230	0.0206	0.0024	0.0166	0.0153	0.0013	0.0064	0.0054	0.0010	0.0061	0.0034	0.0027	0.0029	0.0025	0.0004	0.0032	0.0008	0.0024	0.0000	0.0000	0.0000	0.0000	0.0000	0.0000	0.0000	0.0000	0.0000	0.0033	0.0000	0.0073	0.0000	0.0000	0.0000	0.0062	0.0000	0.0084						
45	121	0.6285	7	0	2	1	1	0	0	0	0	N	Y	N	N	N	N	N	N	N	N	N	N	0.0000	0.0000	0.0000	0.0000	0.0000	0.0000	0.0000	0.0000	0.0000	0.0000	0.0000	0.0000	0.0000	0.0151	0.0333	0.0000	0.0173	0.0204	0.0000	0.0000	0.0000	0.0000	0.0000	0.0000	-0.0000	1.0000	3.0005	1.0000	1.1085	0.0000	0.0000	0.0000	0.0000	0.0000	0.0000	0.0000	0.0000	0.0000	0.0000	0.0000	0.0000	0.0000	0.0000	0.0000	0.0000	0.0000	0.0000	0.1163	0.1052	0.0111	0.0824	0.0766	0.0058	0.0340	0.0287	0.0053	0.0126	0.0065	0.0061	0.0047	0.0040	0.0007	0.0079	0.0025	0.0054	0.0000	0.0000	0.0000	0.0000	0.0000	0.0000	0.0000	0.0000	0.0000	0.0016	0.0031	0.0000	0.0043	0.0051	0.0000	0.0000	0.0000	0.0000						
45	122	0.1136	5	0	2	1	1	0	0	0	0	N	Y	N	N	N	N	N	N	N	N	N	N	0.0000	0.0000	0.0000	0.0000	0.0000	0.0000	0.0000	0.0000	0.0000	0.0000	0.0000	0.0000	0.0000	0.0000	0.0000	0.0000	0.0000	0.0000	0.0000	0.0000	1.0000	2.0001	1.0000	3.0000	0.0000	0.0000	0.0000	0.0000	0.0000	0.0000	0.0000	0.0000	0.0000	0.0000	0.0000	0.0000	0.0000	0.0000	0.0000	0.0000	0.0000	0.0000	0.0698	0.0630	0.0068	0.0358	0.0336	0.0022	0.0340	0.0294	0.0047	0.0178	0.0083	0.0095	0.0007	0.0007	0.0000	0.0170	0.0075	0.0095	0.0000	0.0000	0.0000	0.0000	0.0000	0.0000	0.0000	0.0000	0.0000	0.0000	0.0000	0.0000	0.0000	0.0000	0.0000	0.0000	0.0000	0.0000											
45	123	0.0724	4	0	1	1	1	0	0	0	0	N	N	N	N	N	N	N	N	N	N	N	N	0.0000	0.0000	0.0000	0.0000	0.0000	0.0000	0.0000	0.0000	0.0000	0.0000	0.0000	0.0000	0.0000	0.0000	0.0000	0.0000	0.0000	0.0000	0.0000	0.0000	1.0000	6.9986	1.0000	2.0000	0.0000	0.0000	0.0000	0.0000	0.0000	0.0000	0.0000	0.0000	0.0000	0.0000	0.0000	0.0000	0.0000	0.0000	0.0000	0.0000	0.0000	0.0000	0.2354	0.2071	0.0283	0.0095	0.0089	0.0006	0.2259	0.1982	0.0277	0.0566	0.0305	0.0261	0.0010	0.0010	0.0000	0.0556	0.0295	0.0261	0.0000	0.0000	0.0000	0.0000	0.0000	0.0000	0.0000	0.0000	0.0000	0.0000	0.0000	0.0000	0.0000	0.0000	0.0000	0.0000	0.0000	0.0000											
45	124	0.6620	8	0	2	1	1	0	0	0	0	N	Y	N	N	N	N	N	N	N	N	N	N	0.0000	0.0000	0.0000	0.0000	0.0000	0.0000	0.0000	0.0000	0.0000	0.0000	0.0000	0.0000	0.0000	0.2759	0.0000	0.0410	0.0000	0.0000	0.0000	0.1302	0.0000	0.0162	inf	0.0000	0.0001	1.0000	3.9006	1.0000	3.1543	0.0000	0.0000	0.0000	0.0000	0.0000	0.0000	0.0000	0.0000	0.0000	0.0001	0.0000	0.0001	0.0000	0.0000	0.0000	0.0001	0.0000	0.0001	0.1717	0.1566	0.0151	0.1283	0.1200	0.0083	0.0434	0.0367	0.0067	0.0214	0.0116	0.0098	0.0086	0.0073	0.0013	0.0128	0.0043	0.0085	0.0000	0.0000	0.0000	0.0000	0.0000	0.0000	0.0000	0.0000	0.0000	0.0061	0.0000	0.0133	0.0000	0.0000	0.0000	0.0102	0.0000	0.0153						
45	125	0.6285	7	0	2	1	1	0	0	0	0	N	Y	N	N	N	N	N	N	N	N	N	N	0.0000	0.0000	0.0000	0.0000	0.0000	0.0000	0.0000	0.0000	0.0000	0.0000	0.0000	0.0000	0.0000	0.5135	0.8735	0.0000	0.4925	0.5442	0.0000	0.0000	0.0000	0.0000	0.0000	0.0000	-0.0001	1.0000	1.6924	1.0000	1.9110	0.0000	0.0000	0.0000	0.0000	0.0000	0.0000	0.0000	0.0000	0.0000	0.0001	0.0001	0.0000	0.0001	0.0001	0.0000	0.0000	0.0000	0.0000	0.0701	0.0634	0.0067	0.0505	0.0469	0.0036	0.0197	0.0166	0.0031	0.0111	0.0058	0.0054	0.0041	0.0035	0.0006	0.0070	0.0023	0.0047	0.0000	0.0000	0.0000	0.0000	0.0000	0.0000	0.0000	0.0000	0.0000	0.0117	0.0226	0.0000	0.0315	0.0372	0.0000	0.0000	0.0000	0.0000						
45	126	0.0724	4	0	2	1	1	0	0	0	0	N	Y	N	N	N	N	N	N	N	N	N	N	0.0000	0.0000	0.0000	0.0000	0.0000	0.0000	0.0000	0.0000	0.0000	0.0000	0.0000	0.0000	0.0000	17.6717	0.0000	38.2805	0.0000	0.0000	0.0000	17.9936	0.0000	42.3001	inf	0.0000	0.4781	1.0000	0.9996	1.0000	8.0005	0.0000	0.0000	0.0000	0.0000	0.0000	0.0000	0.0000	0.0000	0.0000	1.0000	0.0000	1.0000	0.0000	0.0000	0.0000	1.0000	0.0000	1.0000	0.0412	0.0361	0.0052	0.0016	0.0015	0.0001	0.0397	0.0346	0.0051	0.0566	0.0305	0.0261	0.0010	0.0010	0.0000	0.0556	0.0295	0.0261	0.0000	0.0000	0.0000	0.0000	0.0000	0.0000	0.0000	0.0000	0.0000	17.6717	0.0000	38.2805	0.0000	0.0000	0.0000	17.9936	0.0000	38.3009						
45	127	0.1997	6	0	1	1	1	0	0	0	0	N	N	N	N	N	N	N	N	N	N	N	N	0.0000	0.0000	0.0000	0.0000	0.0000	0.0000	0.0000	0.0000	0.0000	0.0000	0.0000	0.0000	0.0000	0.3119	0.5171	0.0000	0.5968	0.5947	0.0000	0.0000	0.0000	0.0000	0.0000	0.0000	-0.0003	1.0000	3.6536	1.0000	12.3970	0.0000	0.0000	0.0000	0.0000	0.0000	0.0000	0.0000	0.0000	0.0000	0.0006	0.0006	0.0000	0.0006	0.0006	0.0000	0.0000	0.0000	0.0000	0.1661	0.1466	0.0195	0.0333	0.0321	0.0012	0.1328	0.1146	0.0182	0.0972	0.0583	0.0390	0.0173	0.0160	0.0013	0.0799	0.0422	0.0377	0.0000	0.0000	0.0000	0.0000	0.0000	0.0000	0.0000	0.0000	0.0000	0.0066	0.0110	0.0000	0.0369	0.0399	0.0000	0.0000	0.0000	0.0000						
45	128	0.3781	6	0	1	1	1	0	0	0	0	N	N	N	N	N	N	N	N	N	N	N	N	0.0000	0.0000	0.0000	0.0000	0.0000	0.0000	0.0000	0.0000	0.0000	0.0000	0.0000	0.0000	0.0000	2.1178	2.8859	0.0000	4.5119	4.6916	0.0000	0.0000	0.0000	0.0000	0.0000	0.0000	-0.0510	1.0000	5.3495	1.0000	12.4099	0.0000	0.0000	0.0000	0.0000	0.0000	0.0000	0.0000	0.0000	0.0000	0.0978	0.0978	0.0000	0.0978	0.0978	0.0000	0.0000	0.0000	0.0000	0.2602	0.2322	0.0280	0.1115	0.1041	0.0074	0.1487	0.1282	0.0206	0.1279	0.0830	0.0449	0.0605	0.0515	0.0091	0.0674	0.0316	0.0359	0.0000	0.0000	0.0000	0.0000	0.0000	0.0000	0.0000	0.0000	0.0000	0.7645	1.1782	0.0000	1.6164	1.9007	0.0000	0.0000	0.0000	0.0000						
45	129	0.1838	10	0	2	1	2	0	0	0	0	N	Y	N	Y	N	N	N	N	N	N	N	N	0.0000	0.0000	0.0000	0.0000	0.0000	0.0000	0.0000	0.0000	0.0000	0.0000	0.0000	0.0000	0.0000	0.0000	0.0000	0.0000	0.0000	0.0000	0.0000	0.0000	1.0000	0.0000	1.0000	0.0000	0.0000	0.0000	0.0000	0.0000	0.0000	0.0000	0.0000	0.0000	0.0000	0.0000	0.0000	0.0000	0.0000	0.0000	0.0000	0.0000	0.0000	0.0000	0.0000	0.0000	0.0000	0.0000	0.0000	0.0000	0.0000	0.0000	0.0000	0.0000	0.0000	0.0000	0.0000	0.0000	0.0000	0.0000	0.0000	0.0000	0.0000	0.0000	0.0000	0.0000	0.0000	0.0000	0.0000	0.0000	0.0000	0.0000	0.0000	0.0000	0.0000	0.0000	0.0000	0.0000	0.0000	0.0000											
45	130	0.1675	9	0	2	1	2	0	0	0	0	N	Y	N	Y	N	N	N	N	N	N	N	N	0.0000	0.0000	0.0000	0.0000	0.0000	0.0000	0.0000	0.0000	0.0000	0.0000	0.0000	0.0000	0.0000	111.4633	0.0000	201.0764	0.0000	0.0000	0.0000	119.0950	0.0000	201.5695	inf	0.0000	0.4781	1.0000	0.0000	1.0000	3.0001	0.0000	0.0000	0.0000	0.0000	0.0000	0.0000	0.0000	0.0000	0.0000	1.0000	0.0000	1.0000	0.0000	0.0000	0.0000	1.0000	0.0000	1.0000	0.0000	0.0000	0.0000	0.0000	0.0000	0.0000	0.0000	0.0000	0.0000	0.0090	0.0040	0.0050	0.0006	0.0006	0.0000	0.0084	0.0034	0.0050	0.0000	0.0000	0.0000	0.0000	0.0000	0.0000	0.0000	0.0000	0.0000	111.4633	0.0000	201.0764	0.0000	0.0000	0.0000	119.0950	0.0000	201.5695						
45	131	0.1579	8	0	2	1	1	0	0	0	0	N	Y	N	N	N	N	N	N	N	N	N	N	0.0000	0.0000	0.0000	0.0000	0.0000	0.0000	0.0000	0.0000	0.0000	0.0000	0.0000	0.0000	0.0000	0.0000	0.0000	0.0000	0.0000	0.0000	0.0000	0.0000	1.0000	0.0000	1.0000	0.0000	0.0000	0.0000	0.0000	0.0000	0.0000	0.0000	0.0000	0.0000	0.0000	0.0000	0.0000	0.0000	0.0000	0.0000	0.0000	0.0000	0.0000	0.0000	0.0000	0.0000	0.0000	0.0000	0.0000	0.0000	0.0000	0.0000	0.0000	0.0000	0.0000	0.0000	0.0000	0.0000	0.0000	0.0000	0.0000	0.0000	0.0000	0.0000	0.0000	0.0000	0.0000	0.0000	0.0000	0.0000	0.0000	0.0000	0.0000	0.0000	0.0000	0.0000	0.0000	0.0000	0.0000	0.0000											
45	132	0.1675	9	0	1	2	2	0	0	0	0	N	N	Y	Y	N	N	N	N	N	N	N	N	0.0000	0.0000	0.0000	0.0000	0.0000	0.0000	0.0000	0.0000	0.0000	0.0000	0.0000	0.0000	0.0000	0.0000	0.0000	0.0000	0.0000	0.0000	0.0000	0.0000	1.0000	0.0000	1.0000	1.9999	0.0000	0.0000	0.0000	0.0000	0.0000	0.0000	0.0000	0.0000	0.0000	0.0000	0.0000	0.0000	0.0000	0.0000	0.0000	0.0000	0.0000	0.0000	0.0000	0.0000	0.0000	0.0000	0.0000	0.0000	0.0000	0.0000	0.0000	0.0060	0.0027	0.0034	0.0004	0.0004	0.0000	0.0057	0.0023	0.0033	0.0000	0.0000	0.0000	0.0000	0.0000	0.0000	0.0000	0.0000	0.0000	0.0000	0.0000	0.0000	0.0000	0.0000	0.0000	0.0000	0.0000	0.0000											
45	133	0.1786	10	0	1	2	2	0	0	0	0	N	N	Y	Y	N	N	N	N	N	N	N	N	0.0000	0.0000	0.0000	0.0000	0.0000	0.0000	0.0000	0.0000	0.0000	0.0000	0.0000	0.0000	0.0000	0.0000	0.0000	0.0000	0.0000	0.0000	0.0000	0.0000	1.0000	1.0000	1.0000	0.0000	0.0000	0.0000	0.0000	0.0000	0.0000	0.0000	0.0000	0.0000	0.0000	0.0000	0.0000	0.0000	0.0000	0.0000	0.0000	0.0000	0.0000	0.0000	0.0339	0.0302	0.0037	0.0185	0.0169	0.0015	0.0155	0.0133	0.0022	0.0029	0.0013	0.0016	0.0002	0.0002	0.0000	0.0027	0.0011	0.0016	0.0000	0.0000	0.0000	0.0000	0.0000	0.0000	0.0000	0.0000	0.0000	0.0000	0.0000	0.0000	0.0000	0.0000	0.0000	0.0000	0.0000	0.0000											
45	134	0.1786	10	0	1	2	2	0	0	0	0	N	N	Y	Y	N	N	N	N	N	N	N	N	0.0000	0.0000	0.0000	0.0000	0.0000	0.0000	0.0000	0.0000	0.0000	0.0000	0.0000	0.0000	0.0000	0.0000	0.0000	0.0000	0.0000	0.0000	0.0000	0.0000	1.0000	0.0000	1.0000	0.0000	0.0000	0.0000	0.0000	0.0000	0.0000	0.0000	0.0000	0.0000	0.0000	0.0000	0.0000	0.0000	0.0000	0.0000	0.0000	0.0000	0.0000	0.0000	0.0000	0.0000	0.0000	0.0000	0.0000	0.0000	0.0000	0.0000	0.0000	0.0000	0.0000	0.0000	0.0000	0.0000	0.0000	0.0000	0.0000	0.0000	0.0000	0.0000	0.0000	0.0000	0.0000	0.0000	0.0000	0.0000	0.0000	0.0000	0.0000	0.0000	0.0000	0.0000	0.0000	0.0000	0.0000	0.0000											
45	135	0.1675	9	0	1	2	2	0	0	0	0	N	N	Y	Y	N	N	N	N	N	N	N	N	0.0000	0.0000	0.0000	0.0000	0.0000	0.0000	0.0000	0.0000	0.0000	0.0000	0.0000	0.0000	0.0000	0.0000	0.0000	0.0000	0.0000	0.0000	0.0000	0.0000	1.0000	2.0025	1.0000	0.9943	0.0000	0.0000	0.0000	0.0000	0.0000	0.0000	0.0000	0.0000	0.0000	0.0000	0.0000	0.0000	0.0000	0.0000	0.0000	0.0000	0.0000	0.0000	0.0669	0.0595	0.0073	0.0353	0.0324	0.0029	0.0316	0.0272	0.0045	0.0090	0.0040	0.0050	0.0006	0.0006	0.0000	0.0084	0.0034	0.0050	0.0000	0.0000	0.0000	0.0000	0.0000	0.0000	0.0000	0.0000	0.0000	0.0000	0.0000	0.0000	0.0000	0.0000	0.0000	0.0000	0.0000	0.0000											
45	136	0.1675	8	0	1	1	2	0	0	0	0	N	N	N	Y	N	N	N	N	N	N	N	N	0.0000	0.0000	0.0000	0.0000	0.0000	0.0000	0.0000	0.0000	0.0000	0.0000	0.0000	0.0000	0.0000	0.0000	0.0000	0.0000	0.0000	0.0000	0.0000	0.0000	1.0000	0.0050	1.0000	0.0173	0.0000	0.0000	0.0000	0.0000	0.0000	0.0000	0.0000	0.0000	0.0000	0.0000	0.0000	0.0000	0.0000	0.0000	0.0000	0.0000	0.0000	0.0000	0.0004	0.0003	0.0000	0.0003	0.0003	0.0000	0.0001	0.0001	0.0000	0.0001	0.0000	0.0000	0.0000	0.0000	0.0000	0.0001	0.0000	0.0000	0.0000	0.0000	0.0000	0.0000	0.0000	0.0000	0.0000	0.0000	0.0000	0.0000	0.0000	0.0000	0.0000	0.0000	0.0000	0.0000	0.0000	0.0000											
45	137	0.1579	7	0	1	1	2	0	0	0	0	N	N	N	Y	N	N	N	N	N	N	N	N	0.0000	0.0000	0.0000	0.0000	0.0000	0.0000	0.0000	0.0000	0.0000	0.0000	0.0000	0.0000	0.0000	0.0000	0.0000	0.0000	0.0000	0.0000	0.0000	0.0000	1.0000	1.9972	1.0000	1.0076	0.0000	0.0000	0.0000	0.0000	0.0000	0.0000	0.0000	0.0000	0.0000	0.0000	0.0000	0.0000	0.0000	0.0000	0.0000	0.0000	0.0000	0.0000	0.0625	0.0556	0.0069	0.0316	0.0290	0.0026	0.0309	0.0265	0.0044	0.0085	0.0038	0.0047	0.0006	0.0006	0.0000	0.0079	0.0032	0.0047	0.0000	0.0000	0.0000	0.0000	0.0000	0.0000	0.0000	0.0000	0.0000	0.0000	0.0000	0.0000	0.0000	0.0000	0.0000	0.0000	0.0000	0.0000											
45	138	0.1406	6	1	2	1	1	0	0	0	0	N	Y	N	N	N	N	N	N	N	N	N	N	0.0000	0.0000	0.0000	0.0000	0.0000	0.0000	0.0000	0.0000	0.0000	0.0000	0.0000	0.0000	0.0000	0.0000	0.0000	0.0000	0.0000	0.0000	0.0000	0.0000	1.0000	0.0002	1.0000	2.3255	0.0000	0.0000	0.0000	0.0000	0.0000	0.0000	0.0000	0.0000	0.0000	0.0000	0.0000	0.0000	0.0000	0.0000	0.0000	0.0000	0.0000	0.0000	0.0000	0.0000	0.0000	0.0000	0.0000	0.0000	0.0000	0.0000	0.0000	0.0108	0.0061	0.0047	0.0021	0.0020	0.0001	0.0087	0.0041	0.0046	0.0000	0.0000	0.0000	0.0000	0.0000	0.0000	0.0000	0.0000	0.0000	0.0000	0.0000	0.0000	0.0000	0.0000	0.0000	0.0000	0.0000	0.0000											
45	139	0.1228	5	1	2	1	1	0	0	0	0	N	Y	N	N	N	N	N	N	N	N	N	N	0.0000	0.0000	0.0000	0.0000	0.0000	0.0000	0.0000	0.0000	0.0000	0.0000	0.0000	0.0000	0.0000	0.0139	0.0269	0.0000	0.0422	0.0371	0.0000	0.0000	0.0000	0.0000	0.0000	0.0000	-0.0000	1.0000	2.0138	1.0000	2.7349	0.0000	0.0000	0.0000	0.0000	0.0000	0.0000	0.0000	0.0000	0.0000	0.0000	0.0000	0.0000	0.0000	0.0000	0.0000	0.0000	0.0000	0.0000	0.0953	0.0875	0.0078	0.0352	0.0336	0.0016	0.0601	0.0539	0.0062	0.0270	0.0147	0.0122	0.0060	0.0058	0.0002	0.0209	0.0090	0.0120	0.0000	0.0000	0.0000	0.0000	0.0000	0.0000	0.0000	0.0000	0.0000	0.0015	0.0027	0.0000	0.0066	0.0069	0.0000	0.0000	0.0000	0.0000						
45	140	0.1393	6	0	2	1	1	0	0	0	0	N	Y	N	N	N	N	N	N	N	N	N	N	0.0000	0.0000	0.0000	0.0000	0.0000	0.0000	0.0000	0.0000	0.0000	0.0000	0.0000	0.0000	0.0000	0.0064	0.0127	0.0000	0.0497	0.0446	0.0000	0.0000	0.0000	0.0000	0.0000	0.0000	-0.0000	1.0000	1.9232	1.0000	1.1116	0.0000	0.0000	0.0000	0.0000	0.0000	0.0000	0.0000	0.0000	0.0000	0.0000	0.0000	0.0000	0.0000	0.0000	0.0000	0.0000	0.0000	0.0000	0.0896	0.0818	0.0078	0.0422	0.0401	0.0021	0.0473	0.0416	0.0057	0.0109	0.0054	0.0055	0.0014	0.0013	0.0001	0.0095	0.0041	0.0054	0.0000	0.0000	0.0000	0.0000	0.0000	0.0000	0.0000	0.0000	0.0000	0.0009	0.0019	0.0000	0.0073	0.0077	0.0000	0.0000	0.0000	0.0000						
45	141	0.6477	8	0	2	1	1	0	0	0	0	N	Y	N	N	N	N	N	N	N	N	N	N	0.0000	0.0000	0.0000	0.0000	0.0000	0.0000	0.0000	0.0000	0.0000	0.0000	0.0000	0.0000	0.0000	0.0000	0.0000	0.0000	0.0000	0.0000	0.0000	0.0000	1.0000	3.0000	1.0000	1.0000	0.0000	0.0000	0.0000	0.0000	0.0000	0.0000	0.0000	0.0000	0.0000	0.0000	0.0000	0.0000	0.0000	0.0000	0.0000	0.0000	0.0000	0.0000	0.1515	0.1381	0.0135	0.1176	0.1094	0.0082	0.0340	0.0287	0.0053	0.0123	0.0064	0.0059	0.0046	0.0039	0.0007	0.0077	0.0025	0.0052	0.0000	0.0000	0.0000	0.0000	0.0000	0.0000	0.0000	0.0000	0.0000	0.0000	0.0000	0.0000	0.0000	0.0000	0.0000	0.0000	0.0000	0.0000											
45	142	0.6285	7	0	1	1	1	0	0	0	0	N	N	N	N	N	N	N	N	N	N	N	N	0.0000	0.0000	0.0000	0.0000	0.0000	0.0000	0.0000	0.0000	0.0000	0.0000	0.0000	0.0000	0.0000	0.0000	0.0000	0.0000	0.0000	0.0000	0.0000	0.0000	1.0000	1.0000	1.0000	1.0000	0.0000	0.0000	0.0000	0.0000	0.0000	0.0000	0.0000	0.0000	0.0000	0.0000	0.0000	0.0000	0.0000	0.0000	0.0000	0.0000	0.0000	0.0000	0.0430	0.0389	0.0041	0.0312	0.0290	0.0023	0.0118	0.0099	0.0019	0.0064	0.0033	0.0031	0.0023	0.0020	0.0004	0.0040	0.0013	0.0027	0.0000	0.0000	0.0000	0.0000	0.0000	0.0000	0.0000	0.0000	0.0000	0.0000	0.0000	0.0000	0.0000	0.0000	0.0000	0.0000	0.0000	0.0000											
45	143	0.3781	6	0	1	1	1	0	0	0	0	N	N	N	N	N	N	N	N	N	N	N	N	0.0000	0.0000	0.0000	0.0000	0.0000	0.0000	0.0000	0.0000	0.0000	0.0000	0.0000	0.0000	0.0000	0.0000	0.0000	0.0000	0.0000	7.0263	0.0001	27.2242	0.0233	0.0001	0.0811	13.2974	0.0000	34.8773	161118380.0352	0.0000	0.4314	1.0000	7.1211	1.0000	10.9474	0.0000	0.0000	0.0000	0.0000	0.0000	0.0000	0.0000	0.0000	0.0000	0.9023	0.0000	0.9023	0.0003	0.0000	0.0003	0.9020	0.0000	0.9020	0.2975	0.2655	0.0320	0.1193	0.1113	0.0079	0.1782	0.1541	0.0241	0.1284	0.0832	0.0452	0.0606	0.0515	0.0091	0.0678	0.0317	0.0361	0.0000	0.0000	0.0000	0.0000	0.0000	0.0000	0.0000	0.0000	0.0000	7.0263	0.0000	19.9644	0.0050	0.0000	0.0331	13.2974	0.0000	24.9723		
45	144	0.1834	5	0	1	1	1	0	0	0	0	N	N	N	N	N	N	N	N	N	N	N	N	0.0000	0.0000	0.0000	0.0000	0.0000	0.0000	0.0000	0.0000	0.0000	0.0000	0.0000	0.0000	0.0000	0.0000	0.0000	0.0000	0.0000	2.0689	0.4215	9.1507	0.2430	0.2391	0.0000	2.2976	0.2866	6.5882	139.8622	0.0000	0.0462	1.0000	8.5175	1.0000	23.1696	0.0000	0.0000	0.0000	0.0000	0.0000	0.0000	0.0000	0.0000	0.0000	0.0982	0.0007	0.0975	0.0004	0.0004	0.0000	0.0978	0.0003	0.0975	0.2930	0.2592	0.0338	0.0446	0.0424	0.0022	0.2484	0.2168	0.0316	0.1382	0.0805	0.0578	0.0247	0.0224	0.0023	0.1135	0.0580	0.0555	0.0000	0.0000	0.0000	0.0000	0.0000	0.0000	0.0000	0.0000	0.0000	0.7101	0.0087	1.6866	0.0161	0.0177	0.0000	0.8611	0.0052	1.7556		
45	145	0.1579	8	1	2	1	1	0	0	0	0	N	Y	N	N	N	N	N	N	N	N	N	N	0.0000	0.0000	0.0000	0.0000	0.0000	0.0000	0.0000	0.0000	0.0000	0.0000	0.0000	0.0000	0.0000	0.0000	0.0000	0.0000	0.0000	0.0000	0.0000	0.0000	1.0000	1.0000	1.0000	1.0000	0.0000	0.0000	0.0000	0.0000	0.0000	0.0000	0.0000	0.0000	0.0000	0.0000	0.0000	0.0000	0.0000	0.0000	0.0000	0.0000	0.0000	0.0000	0.0321	0.0285	0.0036	0.0164	0.0151	0.0013	0.0157	0.0135	0.0022	0.0057	0.0025	0.0032	0.0004	0.0004	0.0000	0.0053	0.0022	0.0032	0.0000	0.0000	0.0000	0.0000	0.0000	0.0000	0.0000	0.0000	0.0000	0.0000	0.0000	0.0000	0.0000	0.0000	0.0000	0.0000	0.0000	0.0000											
45	146	0.1579	7	0	2	1	1	0	0	0	0	N	Y	N	N	N	N	N	N	N	N	N	N	0.0000	0.0000	0.0000	0.0000	0.0000	0.0000	0.0000	0.0000	0.0000	0.0000	0.0000	0.0000	0.0000	0.0000	0.0000	0.0000	0.0000	0.0000	0.0000	0.0000	1.0000	0.0003	1.0000	0.0000	0.0000	0.0000	0.0000	0.0000	0.0000	0.0000	0.0000	0.0000	0.0000	0.0000	0.0000	0.0000	0.0000	0.0000	0.0000	0.0000	0.0000	0.0000	0.0000	0.0000	0.0000	0.0000	0.0000	0.0000	0.0000	0.0000	0.0000	0.0000	0.0000	0.0000	0.0000	0.0000	0.0000	0.0000	0.0000	0.0000	0.0000	0.0000	0.0000	0.0000	0.0000	0.0000	0.0000	0.0000	0.0000	0.0000	0.0000	0.0000	0.0000	0.0000	0.0000	0.0000	0.0000	0.0000											
45	147	0.1393	6	0	1	1	1	0	0	0	0	N	N	N	N	N	N	N	N	N	N	N	N	0.0000	0.0000	0.0000	0.0000	0.0000	0.0000	0.0000	0.0000	0.0000	0.0000	0.0000	0.0000	0.0000	0.0022	0.0055	0.0000	0.0258	0.0248	0.0000	0.0000	0.0000	0.0000	0.0000	0.0000	-0.0000	1.0000	4.9449	1.0000	1.0063	0.0000	0.0000	0.0000	0.0000	0.0000	0.0000	0.0000	0.0000	0.0000	0.0000	0.0000	0.0000	0.0000	0.0000	0.0000	0.0000	0.0000	0.0000	0.1626	0.1460	0.0166	0.0701	0.0655	0.0046	0.0926	0.0805	0.0120	0.0194	0.0093	0.0101	0.0019	0.0018	0.0001	0.0175	0.0075	0.0100	0.0000	0.0000	0.0000	0.0000	0.0000	0.0000	0.0000	0.0000	0.0000	0.0005	0.0011	0.0000	0.0053	0.0056	0.0000	0.0000	0.0000	0.0000						
45	148	0.1228	5	0	1	1	1	0	0	0	0	N	N	N	N	N	N	N	N	N	N	N	N	0.0000	0.0000	0.0000	0.0000	0.0000	0.0000	0.0000	0.0000	0.0000	0.0000	0.0000	0.0000	0.0000	0.0000	0.0000	0.0000	0.0193	0.0266	0.0008	0.0415	0.0366	0.0000	0.0005	0.0000	0.0008	0.2500	0.0000	-0.0000	1.0000	3.4778	1.0000	1.2917	0.0000	0.0000	0.0000	0.0000	0.0000	0.0000	0.0000	0.0000	0.0000	0.0000	0.0000	0.0000	0.0000	0.0000	0.0000	0.0000	0.0000	0.0000	0.1309	0.1184	0.0125	0.0435	0.0410	0.0025	0.0874	0.0774	0.0100	0.0270	0.0148	0.0123	0.0060	0.0058	0.0003	0.0210	0.0090	0.0120	0.0000	0.0000	0.0000	0.0000	0.0000	0.0000	0.0000	0.0000	0.0000	0.0018	0.0027	0.0008	0.0066	0.0069	0.0000	0.0005	0.0000	0.0008			
45	149	0.0724	4	0	1	1	1	0	0	0	0	N	N	N	N	N	N	N	N	N	N	N	N	0.0000	0.0000	0.0000	0.0000	0.0000	0.0000	0.0000	0.0000	0.0000	0.0000	0.0000	0.0000	0.0000	0.0026	0.0000	0.0012	0.0000	0.0000	0.0000	0.0008	0.0000	0.0012	inf	0.0000	0.0000	1.0000	7.8050	1.0000	4.0035	0.0000	0.0000	0.0000	0.0000	0.0000	0.0000	0.0000	0.0000	0.0000	0.0000	0.0000	0.0000	0.0000	0.0000	0.0000	0.0000	0.0000	0.0000	0.2562	0.2256	0.0306	0.0104	0.0098	0.0006	0.2458	0.2158	0.0300	0.0700	0.0375	0.0325	0.0013	0.0013	0.0000	0.0687	0.0362	0.0325	0.0000	0.0000	0.0000	0.0000	0.0000	0.0000	0.0000	0.0000	0.0000	0.0006	0.0000	0.0012	0.0000	0.0000	0.0000	0.0006	0.0000	0.0012						
45	150	0.1997	6	0	1	1	1	0	0	0	0	N	N	N	N	N	N	N	N	N	N	N	N	0.0000	0.0000	0.0000	0.0000	0.0000	0.0000	0.0000	0.0000	0.0000	0.0000	0.0000	0.0000	0.0000	0.2872	0.4775	0.0000	0.5773	0.5895	0.0000	0.0000	0.0000	0.0000	0.0000	0.0000	-0.0003	1.0000	3.7255	1.0000	14.1767	0.0000	0.0000	0.0000	0.0000	0.0000	0.0000	0.0000	0.0000	0.0000	0.0006	0.0006	0.0000	0.0006	0.0006	0.0000	0.0000	0.0000	0.0000	0.1684	0.1486	0.0197	0.0336	0.0324	0.0013	0.1348	0.1163	0.0185	0.1029	0.0614	0.0415	0.0179	0.0165	0.0014	0.0850	0.0449	0.0401	0.0000	0.0000	0.0000	0.0000	0.0000	0.0000	0.0000	0.0000	0.0000	0.0062	0.0104	0.0000	0.0357	0.0387	0.0000	0.0000	0.0000	0.0000						
45	151	0.1834	5	0	1	1	1	0	0	0	0	N	N	N	N	N	N	N	N	N	N	N	N	0.0000	0.0000	0.0000	0.0000	0.0000	0.0000	0.0000	0.0000	0.0000	0.0000	0.0000	0.0000	0.0000	0.0000	0.0000	0.0000	0.0000	0.6651	0.5420	0.0972	0.4275	0.4017	0.0000	0.2286	0.0081	0.0350	1.4003	0.0000	0.0001	1.0000	1.4205	1.0000	4.0377	0.0000	0.0000	0.0000	0.0000	0.0000	0.0000	0.0000	0.0000	0.0000	0.0011	0.0004	0.0006	0.0004	0.0004	0.0000	0.0006	0.0000	0.0006	0.0858	0.0756	0.0102	0.0210	0.0205	0.0004	0.0649	0.0551	0.0098	0.0610	0.0386	0.0224	0.0173	0.0167	0.0007	0.0437	0.0219	0.0217	0.0000	0.0000	0.0000	0.0000	0.0000	0.0000	0.0000	0.0000	0.0000	0.0177	0.0117	0.0281	0.0254	0.0264	0.0000	0.0147	0.0005	0.0290		
45	152	0.0724	4	0	1	1	1	0	0	0	0	N	N	N	N	N	N	N	N	N	N	N	N	0.0000	0.0000	0.0000	0.0000	0.0000	0.0000	0.0000	0.0000	0.0000	0.0000	0.0000	0.0000	0.0000	0.1637	0.0000	0.0243	0.0000	0.0000	0.0000	0.0345	0.0000	0.0096	inf	0.0000	0.0002	1.0000	6.4701	1.0000	12.4371	0.0000	0.0000	0.0000	0.0000	0.0000	0.0000	0.0000	0.0000	0.0000	0.0004	0.0000	0.0004	0.0000	0.0000	0.0000	0.0004	0.0000	0.0004	0.2212	0.1946	0.0266	0.0089	0.0083	0.0005	0.2123	0.1862	0.0261	0.0974	0.0516	0.0458	0.0019	0.0018	0.0000	0.0956	0.0498	0.0458	0.0000	0.0000	0.0000	0.0000	0.0000	0.0000	0.0000	0.0000	0.0000	0.0045	0.0000	0.0096	0.0000	0.0000	0.0000	0.0046	0.0000	0.0096						
46	47	0.0669	4	0	2	0	1	0	0	0	0	N	Y	N	N	N	N	N	N	N	N	N	N	0.0000	0.0000	0.0000	0.0000	0.0000	0.0000	0.0000	0.0000	0.0000	0.0000	0.0000	0.0000	0.0000	0.0000	0.0000	0.0000	0.0000	0.0000	0.0000	0.0000	0.0000	0.0000	0.0000	1.0000	0.0000	0.0000	0.0000	0.0000	0.0000	0.0000	0.0000	0.0000	0.0000	0.0000	0.0000	0.0000	0.0000	0.0000	0.0000	0.0000	0.0000	0.0000	0.0000	0.0000	0.0000	0.0000	0.0000	0.0000	0.0000	0.0000	0.0000	0.0000	0.0000	0.0000	0.0000	0.0000	0.0000	0.0000	0.0000	0.0000	0.0000	0.0000	0.0000	0.0000	0.0000	0.0000	0.0000	0.0000	0.0000	0.0000	0.0000	0.0000	0.0000	0.0000	0.0000	0.0000	0.0000	0.0000											
46	49	0.0877	5	0	1	1	0	0	0	0	0	N	N	N	N	N	N	N	N	N	N	N	N	0.0000	0.0000	0.0000	0.0000	0.0000	0.0000	0.0000	0.0000	0.0000	0.0000	0.0000	0.0000	0.0000	0.0000	0.0000	0.0000	0.0000	0.0000	0.0000	0.0000	0.0000	0.0000	0.0000	0.0000	0.0000	0.0000	0.0000	0.0000	0.0000	0.0000	0.0000	0.0000	0.0000	0.0000	0.0000	0.0000	0.0000	0.0000	0.0000	0.0000	0.0000	0.0000	0.0000	0.0000	0.0000	0.0000	0.0000	0.0000	0.0000	0.0000	0.0000	0.0000	0.0000	0.0000	0.0000	0.0000	0.0000	0.0000	0.0000	0.0000	0.0000	0.0000	0.0000	0.0000	0.0000	0.0000	0.0000	0.0000	0.0000	0.0000	0.0000	0.0000	0.0000	0.0000	0.0000	0.0000	0.0000	0.0000											
46	50	0.6313	6	0	1	1	0	0	0	0	0	N	N	N	N	N	N	N	N	N	N	N	N	0.0000	0.0000	0.0000	0.0000	0.0000	0.0000	0.0000	0.0000	0.0000	0.0000	0.0000	0.0000	0.0000	0.0000	0.0000	0.0000	0.0000	0.0000	0.0000	0.0000	0.0000	1.0000	0.0000	1.0000	0.0000	0.0000	0.0000	0.0000	0.0000	0.0000	0.0000	0.0000	0.0000	0.0000	0.0000	0.0000	0.0000	0.0000	0.0000	0.0000	0.0000	0.0000	0.0000	0.0000	0.0000	0.0000	0.0000	0.0000	0.0000	0.0000	0.0000	0.0000	0.0000	0.0000	0.0000	0.0000	0.0000	0.0000	0.0000	0.0000	0.0000	0.0000	0.0000	0.0000	0.0000	0.0000	0.0000	0.0000	0.0000	0.0000	0.0000	0.0000	0.0000	0.0000	0.0000	0.0000	0.0000	0.0000											
46	51	0.6359	6	0	2	0	0	0	0	0	0	N	Y	N	N	N	N	N	N	N	N	N	N	0.0000	0.0000	0.0000	0.0000	0.0000	0.0000	0.0000	0.0000	0.0000	0.0000	0.0000	0.0000	0.0000	0.0000	0.0000	0.0000	0.0000	0.0000	0.0000	0.0000	0.0000	0.0003	0.0000	0.9690	0.0000	0.0000	0.0000	0.0000	0.0000	0.0000	0.0000	0.0000	0.0000	0.0000	0.0000	0.0000	0.0000	0.0000	0.0000	0.0000	0.0000	0.0000	0.0000	0.0000	0.0000	0.0000	0.0000	0.0000	0.0000	0.0000	0.0000	0.0000	0.0000	0.0000	0.0000	0.0000	0.0000	0.0000	0.0000	0.0000	0.0000	0.0000	0.0000	0.0000	0.0000	0.0000	0.0000	0.0000	0.0000	0.0000	0.0000	0.0000	0.0000	0.0000	0.0000	0.0000	0.0000	0.0000											
46	52	0.0910	5	0	2	0	0	0	0	0	0	N	Y	N	N	N	N	N	N	N	N	N	N	0.0000	0.0000	0.0000	0.0000	0.0000	0.0000	0.0000	0.0000	0.0000	0.0000	0.0000	0.0000	0.0000	0.0000	0.0000	0.0000	0.0000	0.0000	0.0000	0.0000	0.0000	0.9211	0.0000	0.1671	0.0000	0.0000	0.0000	0.0000	0.0000	0.0000	0.0000	0.0000	0.0000	0.0000	0.0000	0.0000	0.0000	0.0000	0.0000	0.0000	0.0000	0.0000	0.0000	0.0000	0.0000	0.0000	0.0000	0.0000	0.0000	0.0000	0.0000	0.0000	0.0000	0.0000	0.0000	0.0000	0.0000	0.0000	0.0000	0.0000	0.0000	0.0000	0.0000	0.0000	0.0000	0.0000	0.0000	0.0000	0.0000	0.0000	0.0000	0.0000	0.0000	0.0000	0.0000	0.0000	0.0000	0.0000											
46	53	0.6223	7	0	2	0	0	0	0	0	0	N	Y	N	N	N	N	N	N	N	N	N	N	0.0000	0.0000	0.0000	0.0000	0.0000	0.0000	0.0000	0.0000	0.0000	0.0000	0.0000	0.0000	0.0000	0.0000	0.0000	0.0000	0.0000	0.0000	0.0000	0.0000	0.0000	1.0000	0.0000	5.0000	0.0000	0.0000	0.0000	0.0000	0.0000	0.0000	0.0000	0.0000	0.0000	0.0000	0.0000	0.0000	0.0000	0.0000	0.0000	0.0000	0.0000	0.0000	0.0000	0.0000	0.0000	0.0000	0.0000	0.0000	0.0000	0.0000	0.0000	0.0000	0.0000	0.0000	0.0000	0.0000	0.0000	0.0000	0.0000	0.0000	0.0000	0.0000	0.0000	0.0000	0.0000	0.0000	0.0000	0.0000	0.0000	0.0000	0.0000	0.0000	0.0000	0.0000	0.0000	0.0000	0.0000	0.0000											
46	54	0.6071	6	0	1	0	0	0	0	0	0	N	N	N	N	N	N	N	N	N	N	N	N	0.0000	0.0000	0.0000	0.0000	0.0000	0.0000	0.0000	0.0000	0.0000	0.0000	0.0000	0.0000	0.0000	0.0000	0.0000	0.0000	0.0000	0.0000	0.0000	0.0000	0.0000	0.0000	0.0000	2.9157	0.0000	0.0000	0.0000	0.0000	0.0000	0.0000	0.0000	0.0000	0.0000	0.0000	0.0000	0.0000	0.0000	0.0000	0.0000	0.0000	0.0000	0.0000	0.0000	0.0000	0.0000	0.0000	0.0000	0.0000	0.0000	0.0000	0.0000	0.0000	0.0000	0.0000	0.0000	0.0000	0.0000	0.0000	0.0000	0.0000	0.0000	0.0000	0.0000	0.0000	0.0000	0.0000	0.0000	0.0000	0.0000	0.0000	0.0000	0.0000	0.0000	0.0000	0.0000	0.0000	0.0000	0.0000											
46	55	0.0669	4	0	2	0	0	0	0	0	0	N	Y	N	N	N	N	N	N	N	N	N	N	0.0000	0.0000	0.0000	0.0000	0.0000	0.0000	0.0000	0.0000	0.0000	0.0000	0.0000	0.0000	0.0000	0.0000	0.0000	0.0000	0.0000	0.0000	0.0000	0.0000	0.0000	2.0000	0.0000	3.0000	0.0000	0.0000	0.0000	0.0000	0.0000	0.0000	0.0000	0.0000	0.0000	0.0000	0.0000	0.0000	0.0000	0.0000	0.0000	0.0000	0.0000	0.0000	0.0000	0.0000	0.0000	0.0000	0.0000	0.0000	0.0000	0.0000	0.0000	0.0000	0.0000	0.0000	0.0000	0.0000	0.0000	0.0000	0.0000	0.0000	0.0000	0.0000	0.0000	0.0000	0.0000	0.0000	0.0000	0.0000	0.0000	0.0000	0.0000	0.0000	0.0000	0.0000	0.0000	0.0000	0.0000	0.0000											
46	56	0.5993	5	0	2	0	1	0	0	0	0	N	Y	N	N	N	N	N	N	N	N	N	N	0.0000	0.0000	0.0000	0.0000	0.0000	0.0000	0.0000	0.0000	0.0000	0.0000	0.0000	0.0000	0.0000	0.0000	0.0000	0.0000	0.0000	0.0000	0.0000	0.0000	0.0000	1.7218	0.0000	6.9557	0.0000	0.0000	0.0000	0.0000	0.0000	0.0000	0.0000	0.0000	0.0000	0.0000	0.0000	0.0000	0.0000	0.0000	0.0000	0.0000	0.0000	0.0000	0.0000	0.0000	0.0000	0.0000	0.0000	0.0000	0.0000	0.0000	0.0000	0.0000	0.0000	0.0000	0.0000	0.0000	0.0000	0.0000	0.0000	0.0000	0.0000	0.0000	0.0000	0.0000	0.0000	0.0000	0.0000	0.0000	0.0000	0.0000	0.0000	0.0000	0.0000	0.0000	0.0000	0.0000	0.0000	0.0000											
46	57	0.6103	5	1	1	1	0	0	0	0	0	N	N	N	N	N	N	N	N	N	N	N	N	0.0000	0.0000	0.0000	0.0000	0.0000	0.0000	0.0000	0.0000	0.0000	0.0000	0.0000	0.0000	0.0000	0.0000	0.0000	0.0000	0.0000	0.0000	0.0000	0.0000	0.0000	8.9999	0.0000	5.0001	0.0000	0.0000	0.0000	0.0000	0.0000	0.0000	0.0000	0.0000	0.0000	0.0000	0.0000	0.0000	0.0000	0.0000	0.0000	0.0000	0.0000	0.0000	0.0000	0.0000	0.0000	0.0000	0.0000	0.0000	0.0000	0.0000	0.0000	0.0000	0.0000	0.0000	0.0000	0.0000	0.0000	0.0000	0.0000	0.0000	0.0000	0.0000	0.0000	0.0000	0.0000	0.0000	0.0000	0.0000	0.0000	0.0000	0.0000	0.0000	0.0000	0.0000	0.0000	0.0000	0.0000	0.0000											
46	59	0.6359	6	0	1	1	0	0	0	0	0	N	N	N	N	N	N	N	N	N	N	N	N	0.0000	0.0000	0.0000	0.0000	0.0000	0.0000	0.0000	0.0000	0.0000	0.0000	0.0000	0.0000	0.0000	0.0000	0.0000	0.0000	0.0000	0.0000	0.0000	0.0000	0.0000	0.0006	0.0000	1.1867	0.0000	0.0000	0.0000	0.0000	0.0000	0.0000	0.0000	0.0000	0.0000	0.0000	0.0000	0.0000	0.0000	0.0000	0.0000	0.0000	0.0000	0.0000	0.0000	0.0000	0.0000	0.0000	0.0000	0.0000	0.0000	0.0000	0.0000	0.0000	0.0000	0.0000	0.0000	0.0000	0.0000	0.0000	0.0000	0.0000	0.0000	0.0000	0.0000	0.0000	0.0000	0.0000	0.0000	0.0000	0.0000	0.0000	0.0000	0.0000	0.0000	0.0000	0.0000	0.0000	0.0000	0.0000											
46	60	0.5993	5	0	1	0	0	0	0	0	0	N	N	N	N	N	N	N	N	N	N	N	N	0.0000	0.0000	0.0000	0.0000	0.0000	0.0000	0.0000	0.0000	0.0000	0.0000	0.0000	0.0000	0.0000	0.0000	0.0000	0.0000	0.0000	0.0000	0.0000	0.0000	0.0000	2.2785	0.0000	4.8627	0.0000	0.0000	0.0000	0.0000	0.0000	0.0000	0.0000	0.0000	0.0000	0.0000	0.0000	0.0000	0.0000	0.0000	0.0000	0.0000	0.0000	0.0000	0.0000	0.0000	0.0000	0.0000	0.0000	0.0000	0.0000	0.0000	0.0000	0.0000	0.0000	0.0000	0.0000	0.0000	0.0000	0.0000	0.0000	0.0000	0.0000	0.0000	0.0000	0.0000	0.0000	0.0000	0.0000	0.0000	0.0000	0.0000	0.0000	0.0000	0.0000	0.0000	0.0000	0.0000	0.0000	0.0000											
46	61	0.0910	5	0	1	1	0	0	0	0	0	N	N	N	N	N	N	N	N	N	N	N	N	0.0000	0.0000	0.0000	0.0000	0.0000	0.0000	0.0000	0.0000	0.0000	0.0000	0.0000	0.0000	0.0000	0.0000	0.0000	0.0000	0.0000	0.0000	0.0000	0.0000	0.0000	1.0901	0.0000	7.9319	0.0000	0.0000	0.0000	0.0000	0.0000	0.0000	0.0000	0.0000	0.0000	0.0000	0.0000	0.0000	0.0000	0.0000	0.0000	0.0000	0.0000	0.0000	0.0000	0.0000	0.0000	0.0000	0.0000	0.0000	0.0000	0.0000	0.0000	0.0000	0.0000	0.0000	0.0000	0.0000	0.0000	0.0000	0.0000	0.0000	0.0000	0.0000	0.0000	0.0000	0.0000	0.0000	0.0000	0.0000	0.0000	0.0000	0.0000	0.0000	0.0000	0.0000	0.0000	0.0000	0.0000	0.0000											
46	62	0.0609	4	0	1	0	0	0	0	0	0	N	N	N	N	N	N	N	N	N	N	N	N	0.0000	0.0000	0.0000	0.0000	0.0000	0.0000	0.0000	0.0000	0.0000	0.0000	0.0000	0.0000	0.0000	0.0000	0.0000	0.0000	0.0000	0.0000	0.0000	0.0000	0.0000	1.6797	0.0000	2.9843	0.0000	0.0000	0.0000	0.0000	0.0000	0.0000	0.0000	0.0000	0.0000	0.0000	0.0000	0.0000	0.0000	0.0000	0.0000	0.0000	0.0000	0.0000	0.0000	0.0000	0.0000	0.0000	0.0000	0.0000	0.0000	0.0000	0.0000	0.0000	0.0000	0.0000	0.0000	0.0000	0.0000	0.0000	0.0000	0.0000	0.0000	0.0000	0.0000	0.0000	0.0000	0.0000	0.0000	0.0000	0.0000	0.0000	0.0000	0.0000	0.0000	0.0000	0.0000	0.0000	0.0000	0.0000											
46	63	0.0507	3	0	1	0	0	0	0	0	0	N	N	N	N	N	N	N	N	N	N	N	N	0.0000	0.0000	0.0000	0.0000	0.0000	0.0000	0.0000	0.0000	0.0000	0.0000	0.0000	0.0000	0.0000	0.0000	0.0000	0.0000	0.0000	0.0000	0.0000	0.0000	0.0000	0.4935	0.0000	1.5835	0.0000	0.0000	0.0000	0.0000	0.0000	0.0000	0.0000	0.0000	0.0000	0.0000	0.0000	0.0000	0.0000	0.0000	0.0000	0.0000	0.0000	0.0000	0.0000	0.0000	0.0000	0.0000	0.0000	0.0000	0.0000	0.0000	0.0000	0.0000	0.0000	0.0000	0.0000	0.0000	0.0000	0.0000	0.0000	0.0000	0.0000	0.0000	0.0000	0.0000	0.0000	0.0000	0.0000	0.0000	0.0000	0.0000	0.0000	0.0000	0.0000	0.0000	0.0000	0.0000	0.0000	0.0000											
46	64	0.0877	5	0	2	0	0	0	0	0	0	N	Y	N	N	N	N	N	N	N	N	N	N	0.0000	0.0000	0.0000	0.0000	0.0000	0.0000	0.0000	0.0000	0.0000	0.0000	0.0000	0.0000	0.0000	0.0000	0.0000	0.0000	0.0000	0.0000	0.0000	0.0000	0.0000	0.2944	0.0000	1.0083	0.0000	0.0000	0.0000	0.0000	0.0000	0.0000	0.0000	0.0000	0.0000	0.0000	0.0000	0.0000	0.0000	0.0000	0.0000	0.0000	0.0000	0.0000	0.0000	0.0000	0.0000	0.0000	0.0000	0.0000	0.0000	0.0000	0.0000	0.0000	0.0000	0.0000	0.0000	0.0000	0.0000	0.0000	0.0000	0.0000	0.0000	0.0000	0.0000	0.0000	0.0000	0.0000	0.0000	0.0000	0.0000	0.0000	0.0000	0.0000	0.0000	0.0000	0.0000	0.0000	0.0000	0.0000											
46	65	0.0669	4	0	1	0	0	0	0	0	0	N	N	N	N	N	N	N	N	N	N	N	N	0.0000	0.0000	0.0000	0.0000	0.0000	0.0000	0.0000	0.0000	0.0000	0.0000	0.0000	0.0000	0.0000	0.0000	0.0000	0.0000	0.0000	0.0000	0.0000	0.0000	0.0000	1.1351	0.0000	2.0429	0.0000	0.0000	0.0000	0.0000	0.0000	0.0000	0.0000	0.0000	0.0000	0.0000	0.0000	0.0000	0.0000	0.0000	0.0000	0.0000	0.0000	0.0000	0.0000	0.0000	0.0000	0.0000	0.0000	0.0000	0.0000	0.0000	0.0000	0.0000	0.0000	0.0000	0.0000	0.0000	0.0000	0.0000	0.0000	0.0000	0.0000	0.0000	0.0000	0.0000	0.0000	0.0000	0.0000	0.0000	0.0000	0.0000	0.0000	0.0000	0.0000	0.0000	0.0000	0.0000	0.0000	0.0000											
46	66	0.0507	3	0	1	0	0	0	0	0	0	N	N	N	N	N	N	N	N	N	N	N	N	0.0000	0.0000	0.0000	0.0000	0.0000	0.0000	0.0000	0.0000	0.0000	0.0000	0.0000	0.0000	0.0000	0.0000	0.0000	0.0000	0.0000	0.0000	0.0000	0.0000	0.0000	0.4912	0.0000	2.4266	0.0000	0.0000	0.0000	0.0000	0.0000	0.0000	0.0000	0.0000	0.0000	0.0000	0.0000	0.0000	0.0000	0.0000	0.0000	0.0000	0.0000	0.0000	0.0000	0.0000	0.0000	0.0000	0.0000	0.0000	0.0000	0.0000	0.0000	0.0000	0.0000	0.0000	0.0000	0.0000	0.0000	0.0000	0.0000	0.0000	0.0000	0.0000	0.0000	0.0000	0.0000	0.0000	0.0000	0.0000	0.0000	0.0000	0.0000	0.0000	0.0000	0.0000	0.0000	0.0000	0.0000	0.0000											
46	67	0.0456	2	0	1	0	0	0	0	0	0	N	N	N	N	N	N	N	N	N	N	N	N	0.0000	0.0000	0.0000	0.0000	0.0000	0.0000	0.0000	0.0000	0.0000	0.0000	0.0000	0.0000	0.0000	0.0000	0.0000	0.0000	0.0000	0.0000	0.0000	0.0000	0.0000	0.6141	0.0000	1.2701	0.0000	0.0000	0.0000	0.0000	0.0000	0.0000	0.0000	0.0000	0.0000	0.0000	0.0000	0.0000	0.0000	0.0000	0.0000	0.0000	0.0000	0.0000	0.0000	0.0000	0.0000	0.0000	0.0000	0.0000	0.0000	0.0000	0.0000	0.0000	0.0000	0.0000	0.0000	0.0000	0.0000	0.0000	0.0000	0.0000	0.0000	0.0000	0.0000	0.0000	0.0000	0.0000	0.0000	0.0000	0.0000	0.0000	0.0000	0.0000	0.0000	0.0000	0.0000	0.0000	0.0000	0.0000											
46	69	0.6557	7	1	2	1	0	0	0	0	0	N	Y	N	N	N	N	N	N	N	N	N	N	0.0000	0.0000	0.0000	0.0000	0.0000	0.0000	0.0000	0.0000	0.0000	0.0000	0.0000	0.0000	0.0000	0.0000	0.0000	0.0000	0.0000	0.0000	0.0000	0.0000	0.0000	1.0000	0.0000	0.0000	0.0000	0.0000	0.0000	0.0000	0.0000	0.0000	0.0000	0.0000	0.0000	0.0000	0.0000	0.0000	0.0000	0.0000	0.0000	0.0000	0.0000	0.0000	0.0000	0.0000	0.0000	0.0000	0.0000	0.0000	0.0000	0.0000	0.0000	0.0000	0.0000	0.0000	0.0000	0.0000	0.0000	0.0000	0.0000	0.0000	0.0000	0.0000	0.0000	0.0000	0.0000	0.0000	0.0000	0.0000	0.0000	0.0000	0.0000	0.0000	0.0000	0.0000	0.0000	0.0000	0.0000	0.0000											
46	70	0.6557	7	1	2	1	0	0	0	0	0	N	Y	N	N	N	N	N	N	N	N	N	N	0.0000	0.0000	0.0000	0.0000	0.0000	0.0000	0.0000	0.0000	0.0000	0.0000	0.0000	0.0000	0.0000	0.0000	0.0000	0.0000	0.0000	0.0000	0.0000	0.0000	0.0000	0.0000	0.0000	0.0000	0.0000	0.0000	0.0000	0.0000	0.0000	0.0000	0.0000	0.0000	0.0000	0.0000	0.0000	0.0000	0.0000	0.0000	0.0000	0.0000	0.0000	0.0000	0.0000	0.0000	0.0000	0.0000	0.0000	0.0000	0.0000	0.0000	0.0000	0.0000	0.0000	0.0000	0.0000	0.0000	0.0000	0.0000	0.0000	0.0000	0.0000	0.0000	0.0000	0.0000	0.0000	0.0000	0.0000	0.0000	0.0000	0.0000	0.0000	0.0000	0.0000	0.0000	0.0000	0.0000	0.0000	0.0000											
46	71	0.6333	6	1	2	1	0	0	0	0	0	N	Y	N	N	N	N	N	N	N	N	N	N	0.0000	0.0000	0.0000	0.0000	0.0000	0.0000	0.0000	0.0000	0.0000	0.0000	0.0000	0.0000	0.0000	0.0000	0.0000	0.0000	0.0000	0.0000	0.0000	0.0000	0.0000	2.0000	0.0000	1.0000	0.0000	0.0000	0.0000	0.0000	0.0000	0.0000	0.0000	0.0000	0.0000	0.0000	0.0000	0.0000	0.0000	0.0000	0.0000	0.0000	0.0000	0.0000	0.0000	0.0000	0.0000	0.0000	0.0000	0.0000	0.0000	0.0000	0.0000	0.0000	0.0000	0.0000	0.0000	0.0000	0.0000	0.0000	0.0000	0.0000	0.0000	0.0000	0.0000	0.0000	0.0000	0.0000	0.0000	0.0000	0.0000	0.0000	0.0000	0.0000	0.0000	0.0000	0.0000	0.0000	0.0000	0.0000											
46	72	0.6103	5	1	1	1	0	0	0	0	0	N	N	N	N	N	N	N	N	N	N	N	N	0.0000	0.0000	0.0000	0.0000	0.0000	0.0000	0.0000	0.0000	0.0000	0.0000	0.0000	0.0000	0.0000	0.0000	0.0000	0.0000	0.0000	0.0000	0.0000	0.0000	0.0000	1.0017	0.0000	2.0007	0.0000	0.0000	0.0000	0.0000	0.0000	0.0000	0.0000	0.0000	0.0000	0.0000	0.0000	0.0000	0.0000	0.0000	0.0000	0.0000	0.0000	0.0000	0.0000	0.0000	0.0000	0.0000	0.0000	0.0000	0.0000	0.0000	0.0000	0.0000	0.0000	0.0000	0.0000	0.0000	0.0000	0.0000	0.0000	0.0000	0.0000	0.0000	0.0000	0.0000	0.0000	0.0000	0.0000	0.0000	0.0000	0.0000	0.0000	0.0000	0.0000	0.0000	0.0000	0.0000	0.0000	0.0000											
46	73	0.0322	2	1	2	0	0	0	0	0	0	N	Y	N	N	N	N	N	N	N	N	N	N	0.0000	0.0000	0.0000	0.0000	0.0000	0.0000	0.0000	0.0000	0.0000	0.0000	0.0000	0.0000	0.0000	0.0000	0.0000	0.0000	0.0000	0.0000	0.0000	0.0000	0.0000	0.0000	0.0000	0.0000	0.0000	0.0000	0.0000	0.0000	0.0000	0.0000	0.0000	0.0000	0.0000	0.0000	0.0000	0.0000	0.0000	0.0000	0.0000	0.0000	0.0000	0.0000	0.0000	0.0000	0.0000	0.0000	0.0000	0.0000	0.0000	0.0000	0.0000	0.0000	0.0000	0.0000	0.0000	0.0000	0.0000	0.0000	0.0000	0.0000	0.0000	0.0000	0.0000	0.0000	0.0000	0.0000	0.0000	0.0000	0.0000	0.0000	0.0000	0.0000	0.0000	0.0000	0.0000	0.0000	0.0000	0.0000											
46	74	0.6373	6	1	2	0	0	0	0	0	0	N	Y	N	N	N	N	N	N	N	N	N	N	0.0000	0.0000	0.0000	0.0000	0.0000	0.0000	0.0000	0.0000	0.0000	0.0000	0.0000	0.0000	0.0000	0.0000	0.0000	0.0000	0.0000	0.0000	0.0000	0.0000	0.0000	0.0000	0.0000	0.0010	0.0000	0.0000	0.0000	0.0000	0.0000	0.0000	0.0000	0.0000	0.0000	0.0000	0.0000	0.0000	0.0000	0.0000	0.0000	0.0000	0.0000	0.0000	0.0000	0.0000	0.0000	0.0000	0.0000	0.0000	0.0000	0.0000	0.0000	0.0000	0.0000	0.0000	0.0000	0.0000	0.0000	0.0000	0.0000	0.0000	0.0000	0.0000	0.0000	0.0000	0.0000	0.0000	0.0000	0.0000	0.0000	0.0000	0.0000	0.0000	0.0000	0.0000	0.0000	0.0000	0.0000	0.0000											
46	75	0.6265	8	0	2	0	1	0	0	0	0	N	Y	N	N	N	N	N	N	N	N	N	N	0.0000	0.0000	0.0000	0.0000	0.0000	0.0000	0.0000	0.0000	0.0000	0.0000	0.0000	0.0000	0.0000	0.0000	0.0000	0.0000	0.0000	0.0000	0.0000	0.0000	0.0000	0.0000	0.0000	0.0000	0.0000	0.0000	0.0000	0.0000	0.0000	0.0000	0.0000	0.0000	0.0000	0.0000	0.0000	0.0000	0.0000	0.0000	0.0000	0.0000	0.0000	0.0000	0.0000	0.0000	0.0000	0.0000	0.0000	0.0000	0.0000	0.0000	0.0000	0.0000	0.0000	0.0000	0.0000	0.0000	0.0000	0.0000	0.0000	0.0000	0.0000	0.0000	0.0000	0.0000	0.0000	0.0000	0.0000	0.0000	0.0000	0.0000	0.0000	0.0000	0.0000	0.0000	0.0000	0.0000	0.0000	0.0000											
46	76	0.6265	8	0	1	0	1	0	0	0	0	N	N	N	N	N	N	N	N	N	N	N	N	0.0000	0.0000	0.0000	0.0000	0.0000	0.0000	0.0000	0.0000	0.0000	0.0000	0.0000	0.0000	0.0000	0.0000	0.0000	0.0000	0.0000	0.0000	0.0000	0.0000	0.0000	0.0000	0.0000	0.0000	0.0000	0.0000	0.0000	0.0000	0.0000	0.0000	0.0000	0.0000	0.0000	0.0000	0.0000	0.0000	0.0000	0.0000	0.0000	0.0000	0.0000	0.0000	0.0000	0.0000	0.0000	0.0000	0.0000	0.0000	0.0000	0.0000	0.0000	0.0000	0.0000	0.0000	0.0000	0.0000	0.0000	0.0000	0.0000	0.0000	0.0000	0.0000	0.0000	0.0000	0.0000	0.0000	0.0000	0.0000	0.0000	0.0000	0.0000	0.0000	0.0000	0.0000	0.0000	0.0000	0.0000	0.0000											
46	77	0.6111	7	0	1	0	1	0	0	0	0	N	N	N	N	N	N	N	N	N	N	N	N	0.0000	0.0000	0.0000	0.0000	0.0000	0.0000	0.0000	0.0000	0.0000	0.0000	0.0000	0.0000	0.0000	0.0000	0.0000	0.0000	0.0000	0.0000	0.0000	0.0000	0.0000	0.0002	0.0000	2.9297	0.0000	0.0000	0.0000	0.0000	0.0000	0.0000	0.0000	0.0000	0.0000	0.0000	0.0000	0.0000	0.0000	0.0000	0.0000	0.0000	0.0000	0.0000	0.0000	0.0000	0.0000	0.0000	0.0000	0.0000	0.0000	0.0000	0.0000	0.0000	0.0000	0.0000	0.0000	0.0000	0.0000	0.0000	0.0000	0.0000	0.0000	0.0000	0.0000	0.0000	0.0000	0.0000	0.0000	0.0000	0.0000	0.0000	0.0000	0.0000	0.0000	0.0000	0.0000	0.0000	0.0000	0.0000											
46	78	0.6071	6	0	1	0	1	0	0	0	0	N	N	N	N	N	N	N	N	N	N	N	N	0.0000	0.0000	0.0000	0.0000	0.0000	0.0000	0.0000	0.0000	0.0000	0.0000	0.0000	0.0000	0.0000	0.0000	0.0000	0.0000	0.0000	0.0000	0.0000	0.0000	0.0000	0.0003	0.0000	2.1916	0.0000	0.0000	0.0000	0.0000	0.0000	0.0000	0.0000	0.0000	0.0000	0.0000	0.0000	0.0000	0.0000	0.0000	0.0000	0.0000	0.0000	0.0000	0.0000	0.0000	0.0000	0.0000	0.0000	0.0000	0.0000	0.0000	0.0000	0.0000	0.0000	0.0000	0.0000	0.0000	0.0000	0.0000	0.0000	0.0000	0.0000	0.0000	0.0000	0.0000	0.0000	0.0000	0.0000	0.0000	0.0000	0.0000	0.0000	0.0000	0.0000	0.0000	0.0000	0.0000	0.0000	0.0000											
46	79	0.5993	5	0	1	0	0	0	0	0	0	N	N	N	N	N	N	N	N	N	N	N	N	0.0000	0.0000	0.0000	0.0000	0.0000	0.0000	0.0000	0.0000	0.0000	0.0000	0.0000	0.0000	0.0000	0.0000	0.0000	0.0000	0.0000	0.0000	0.0000	0.0000	0.0000	0.2782	0.0000	1.3600	0.0000	0.0000	0.0000	0.0000	0.0000	0.0000	0.0000	0.0000	0.0000	0.0000	0.0000	0.0000	0.0000	0.0000	0.0000	0.0000	0.0000	0.0000	0.0000	0.0000	0.0000	0.0000	0.0000	0.0000	0.0000	0.0000	0.0000	0.0000	0.0000	0.0000	0.0000	0.0000	0.0000	0.0000	0.0000	0.0000	0.0000	0.0000	0.0000	0.0000	0.0000	0.0000	0.0000	0.0000	0.0000	0.0000	0.0000	0.0000	0.0000	0.0000	0.0000	0.0000	0.0000	0.0000											
46	80	0.6429	7	0	2	1	0	0	0	0	0	N	Y	N	N	N	N	N	N	N	N	N	N	0.0000	0.0000	0.0000	0.0000	0.0000	0.0000	0.0000	0.0000	0.0000	0.0000	0.0000	0.0000	0.0000	0.0000	0.0000	0.0000	0.0000	0.0000	0.0000	0.0000	0.0000	0.0029	0.0000	2.0135	0.0000	0.0000	0.0000	0.0000	0.0000	0.0000	0.0000	0.0000	0.0000	0.0000	0.0000	0.0000	0.0000	0.0000	0.0000	0.0000	0.0000	0.0000	0.0000	0.0000	0.0000	0.0000	0.0000	0.0000	0.0000	0.0000	0.0000	0.0000	0.0000	0.0000	0.0000	0.0000	0.0000	0.0000	0.0000	0.0000	0.0000	0.0000	0.0000	0.0000	0.0000	0.0000	0.0000	0.0000	0.0000	0.0000	0.0000	0.0000	0.0000	0.0000	0.0000	0.0000	0.0000	0.0000											
46	81	0.6363	6	0	2	0	0	0	0	0	0	N	Y	N	N	N	N	N	N	N	N	N	N	0.0000	0.0000	0.0000	0.0000	0.0000	0.0000	0.0000	0.0000	0.0000	0.0000	0.0000	0.0000	0.0000	0.0000	0.0000	0.0000	0.0000	0.0000	0.0000	0.0000	0.0000	0.6188	0.0000	0.9475	0.0000	0.0000	0.0000	0.0000	0.0000	0.0000	0.0000	0.0000	0.0000	0.0000	0.0000	0.0000	0.0000	0.0000	0.0000	0.0000	0.0000	0.0000	0.0000	0.0000	0.0000	0.0000	0.0000	0.0000	0.0000	0.0000	0.0000	0.0000	0.0000	0.0000	0.0000	0.0000	0.0000	0.0000	0.0000	0.0000	0.0000	0.0000	0.0000	0.0000	0.0000	0.0000	0.0000	0.0000	0.0000	0.0000	0.0000	0.0000	0.0000	0.0000	0.0000	0.0000	0.0000	0.0000											
46	82	0.0354	2	0	2	1	0	0	0	0	0	N	Y	N	N	N	N	N	N	N	N	N	N	0.0000	0.0000	0.0000	0.0000	0.0000	0.0000	0.0000	0.0000	0.0000	0.0000	0.0000	0.0000	0.0000	0.0000	0.0000	0.0000	0.0000	0.0000	0.0000	0.0000	0.0000	0.0000	0.0000	1.0000	0.0000	0.0000	0.0000	0.0000	0.0000	0.0000	0.0000	0.0000	0.0000	0.0000	0.0000	0.0000	0.0000	0.0000	0.0000	0.0000	0.0000	0.0000	0.0000	0.0000	0.0000	0.0000	0.0000	0.0000	0.0000	0.0000	0.0000	0.0000	0.0000	0.0000	0.0000	0.0000	0.0000	0.0000	0.0000	0.0000	0.0000	0.0000	0.0000	0.0000	0.0000	0.0000	0.0000	0.0000	0.0000	0.0000	0.0000	0.0000	0.0000	0.0000	0.0000	0.0000	0.0000	0.0000											
46	83	0.6103	5	1	1	1	0	0	0	0	0	N	N	N	N	N	N	N	N	N	N	N	N	0.0000	0.0000	0.0000	0.0000	0.0000	0.0000	0.0000	0.0000	0.0000	0.0000	0.0000	0.0000	0.0000	0.0000	0.0000	0.0000	0.0000	0.0000	0.0000	0.0000	0.0000	9.0001	0.0000	3.0001	0.0000	0.0000	0.0000	0.0000	0.0000	0.0000	0.0000	0.0000	0.0000	0.0000	0.0000	0.0000	0.0000	0.0000	0.0000	0.0000	0.0000	0.0000	0.0000	0.0000	0.0000	0.0000	0.0000	0.0000	0.0000	0.0000	0.0000	0.0000	0.0000	0.0000	0.0000	0.0000	0.0000	0.0000	0.0000	0.0000	0.0000	0.0000	0.0000	0.0000	0.0000	0.0000	0.0000	0.0000	0.0000	0.0000	0.0000	0.0000	0.0000	0.0000	0.0000	0.0000	0.0000	0.0000											
46	85	0.0591	2	1	2	0	0	0	0	0	0	N	Y	N	N	N	N	N	N	N	N	N	N	0.0000	0.0000	0.0000	0.0000	0.0000	0.0000	0.0000	0.0000	0.0000	0.0000	0.0000	0.0000	0.0000	0.0000	0.0000	0.0000	0.0000	0.0000	0.0000	0.0000	0.0000	1.0086	0.0000	1.7435	0.0000	0.0000	0.0000	0.0000	0.0000	0.0000	0.0000	0.0000	0.0000	0.0000	0.0000	0.0000	0.0000	0.0000	0.0000	0.0000	0.0000	0.0000	0.0000	0.0000	0.0000	0.0000	0.0000	0.0000	0.0000	0.0000	0.0000	0.0000	0.0000	0.0000	0.0000	0.0000	0.0000	0.0000	0.0000	0.0000	0.0000	0.0000	0.0000	0.0000	0.0000	0.0000	0.0000	0.0000	0.0000	0.0000	0.0000	0.0000	0.0000	0.0000	0.0000	0.0000	0.0000	0.0000											
46	87	0.5691	4	1	2	0	0	0	0	0	0	N	Y	N	N	N	N	N	N	N	N	N	N	0.0000	0.0000	0.0000	0.0000	0.0000	0.0000	0.0000	0.0000	0.0000	0.0000	0.0000	0.0000	0.0000	0.0000	0.0000	0.0000	0.0000	0.0000	0.0000	0.0000	0.0000	9.0005	0.0000	5.0000	0.0000	0.0000	0.0000	0.0000	0.0000	0.0000	0.0000	0.0000	0.0000	0.0000	0.0000	0.0000	0.0000	0.0000	0.0000	0.0000	0.0000	0.0000	0.0000	0.0000	0.0000	0.0000	0.0000	0.0000	0.0000	0.0000	0.0000	0.0000	0.0000	0.0000	0.0000	0.0000	0.0000	0.0000	0.0000	0.0000	0.0000	0.0000	0.0000	0.0000	0.0000	0.0000	0.0000	0.0000	0.0000	0.0000	0.0000	0.0000	0.0000	0.0000	0.0000	0.0000	0.0000	0.0000											
46	88	0.0354	2	0	2	0	0	0	0	0	0	N	Y	N	N	N	N	N	N	N	N	N	N	0.0000	0.0000	0.0000	0.0000	0.0000	0.0000	0.0000	0.0000	0.0000	0.0000	0.0000	0.0000	0.0000	0.0000	0.0000	0.0000	0.0000	0.0000	0.0000	0.0000	0.0000	0.0000	0.0000	0.0000	0.0000	0.0000	0.0000	0.0000	0.0000	0.0000	0.0000	0.0000	0.0000	0.0000	0.0000	0.0000	0.0000	0.0000	0.0000	0.0000	0.0000	0.0000	0.0000	0.0000	0.0000	0.0000	0.0000	0.0000	0.0000	0.0000	0.0000	0.0000	0.0000	0.0000	0.0000	0.0000	0.0000	0.0000	0.0000	0.0000	0.0000	0.0000	0.0000	0.0000	0.0000	0.0000	0.0000	0.0000	0.0000	0.0000	0.0000	0.0000	0.0000	0.0000	0.0000	0.0000	0.0000	0.0000											
46	89	0.6363	6	0	2	0	0	0	0	0	0	N	Y	N	N	N	N	N	N	N	N	N	N	0.0000	0.0000	0.0000	0.0000	0.0000	0.0000	0.0000	0.0000	0.0000	0.0000	0.0000	0.0000	0.0000	0.0000	0.0000	0.0000	0.0000	0.0000	0.0000	0.0000	0.0000	1.9953	0.0000	1.0817	0.0000	0.0000	0.0000	0.0000	0.0000	0.0000	0.0000	0.0000	0.0000	0.0000	0.0000	0.0000	0.0000	0.0000	0.0000	0.0000	0.0000	0.0000	0.0000	0.0000	0.0000	0.0000	0.0000	0.0000	0.0000	0.0000	0.0000	0.0000	0.0000	0.0000	0.0000	0.0000	0.0000	0.0000	0.0000	0.0000	0.0000	0.0000	0.0000	0.0000	0.0000	0.0000	0.0000	0.0000	0.0000	0.0000	0.0000	0.0000	0.0000	0.0000	0.0000	0.0000	0.0000	0.0000											
46	90	0.6103	5	0	2	0	0	0	0	0	0	N	Y	N	N	N	N	N	N	N	N	N	N	0.0000	0.0000	0.0000	0.0000	0.0000	0.0000	0.0000	0.0000	0.0000	0.0000	0.0000	0.0000	0.0000	0.0000	0.0000	0.0000	0.0000	0.0000	0.0000	0.0000	0.0000	2.3999	0.0000	4.0713	0.0000	0.0000	0.0000	0.0000	0.0000	0.0000	0.0000	0.0000	0.0000	0.0000	0.0000	0.0000	0.0000	0.0000	0.0000	0.0000	0.0000	0.0000	0.0000	0.0000	0.0000	0.0000	0.0000	0.0000	0.0000	0.0000	0.0000	0.0000	0.0000	0.0000	0.0000	0.0000	0.0000	0.0000	0.0000	0.0000	0.0000	0.0000	0.0000	0.0000	0.0000	0.0000	0.0000	0.0000	0.0000	0.0000	0.0000	0.0000	0.0000	0.0000	0.0000	0.0000	0.0000	0.0000											
46	91	0.6313	6	0	1	1	0	0	0	0	0	N	N	N	N	N	N	N	N	N	N	N	N	0.0000	0.0000	0.0000	0.0000	0.0000	0.0000	0.0000	0.0000	0.0000	0.0000	0.0000	0.0000	0.0000	0.0000	0.0000	0.0000	0.0000	0.0000	0.0000	0.0000	0.0000	0.0000	0.0000	0.0000	0.0000	0.0000	0.0000	0.0000	0.0000	0.0000	0.0000	0.0000	0.0000	0.0000	0.0000	0.0000	0.0000	0.0000	0.0000	0.0000	0.0000	0.0000	0.0000	0.0000	0.0000	0.0000	0.0000	0.0000	0.0000	0.0000	0.0000	0.0000	0.0000	0.0000	0.0000	0.0000	0.0000	0.0000	0.0000	0.0000	0.0000	0.0000	0.0000	0.0000	0.0000	0.0000	0.0000	0.0000	0.0000	0.0000	0.0000	0.0000	0.0000	0.0000	0.0000	0.0000	0.0000	0.0000											
46	92	0.5993	5	0	1	1	0	0	0	0	0	N	N	N	N	N	N	N	N	N	N	N	N	0.0000	0.0000	0.0000	0.0000	0.0000	0.0000	0.0000	0.0000	0.0000	0.0000	0.0000	0.0000	0.0000	0.0000	0.0000	0.0000	0.0000	0.0000	0.0000	0.0000	0.0000	3.7221	0.0000	2.9993	0.0000	0.0000	0.0000	0.0000	0.0000	0.0000	0.0000	0.0000	0.0000	0.0000	0.0000	0.0000	0.0000	0.0000	0.0000	0.0000	0.0000	0.0000	0.0000	0.0000	0.0000	0.0000	0.0000	0.0000	0.0000	0.0000	0.0000	0.0000	0.0000	0.0000	0.0000	0.0000	0.0000	0.0000	0.0000	0.0000	0.0000	0.0000	0.0000	0.0000	0.0000	0.0000	0.0000	0.0000	0.0000	0.0000	0.0000	0.0000	0.0000	0.0000	0.0000	0.0000	0.0000	0.0000											
46	93	0.5691	4	0	1	0	0	0	0	0	0	N	N	N	N	N	N	N	N	N	N	N	N	0.0000	0.0000	0.0000	0.0000	0.0000	0.0000	0.0000	0.0000	0.0000	0.0000	0.0000	0.0000	0.0000	0.0000	0.0000	0.0000	0.0000	0.0000	0.0000	0.0000	0.0000	2.7217	0.0000	3.0458	0.0000	0.0000	0.0000	0.0000	0.0000	0.0000	0.0000	0.0000	0.0000	0.0000	0.0000	0.0000	0.0000	0.0000	0.0000	0.0000	0.0000	0.0000	0.0000	0.0000	0.0000	0.0000	0.0000	0.0000	0.0000	0.0000	0.0000	0.0000	0.0000	0.0000	0.0000	0.0000	0.0000	0.0000	0.0000	0.0000	0.0000	0.0000	0.0000	0.0000	0.0000	0.0000	0.0000	0.0000	0.0000	0.0000	0.0000	0.0000	0.0000	0.0000	0.0000	0.0000	0.0000	0.0000											
46	94	0.6266	6	1	2	0	0	0	0	0	0	N	Y	N	N	N	N	N	N	N	N	N	N	0.0000	0.0000	0.0000	0.0000	0.0000	0.0000	0.0000	0.0000	0.0000	0.0000	0.0000	0.0000	0.0000	0.0000	0.0000	0.0000	0.0000	0.0000	0.0000	0.0000	0.0000	5.9980	0.0000	4.9575	0.0000	0.0000	0.0000	0.0000	0.0000	0.0000	0.0000	0.0000	0.0000	0.0000	0.0000	0.0000	0.0000	0.0000	0.0000	0.0000	0.0000	0.0000	0.0000	0.0000	0.0000	0.0000	0.0000	0.0000	0.0000	0.0000	0.0000	0.0000	0.0000	0.0000	0.0000	0.0000	0.0000	0.0000	0.0000	0.0000	0.0000	0.0000	0.0000	0.0000	0.0000	0.0000	0.0000	0.0000	0.0000	0.0000	0.0000	0.0000	0.0000	0.0000	0.0000	0.0000	0.0000	0.0000											
46	95	0.0354	2	1	2	0	0	0	0	0	0	N	Y	N	N	N	N	N	N	N	N	N	N	0.0000	0.0000	0.0000	0.0000	0.0000	0.0000	0.0000	0.0000	0.0000	0.0000	0.0000	0.0000	0.0000	0.0000	0.0000	0.0000	0.0000	0.0000	0.0000	0.0000	0.0000	0.0000	0.0000	2.0000	0.0000	0.0000	0.0000	0.0000	0.0000	0.0000	0.0000	0.0000	0.0000	0.0000	0.0000	0.0000	0.0000	0.0000	0.0000	0.0000	0.0000	0.0000	0.0000	0.0000	0.0000	0.0000	0.0000	0.0000	0.0000	0.0000	0.0000	0.0000	0.0000	0.0000	0.0000	0.0000	0.0000	0.0000	0.0000	0.0000	0.0000	0.0000	0.0000	0.0000	0.0000	0.0000	0.0000	0.0000	0.0000	0.0000	0.0000	0.0000	0.0000	0.0000	0.0000	0.0000	0.0000	0.0000											
46	97	0.5691	4	0	1	0	0	0	0	0	0	N	N	N	N	N	N	N	N	N	N	N	N	0.0000	0.0000	0.0000	0.0000	0.0000	0.0000	0.0000	0.0000	0.0000	0.0000	0.0000	0.0000	0.0000	0.0000	0.0000	0.0000	0.0000	0.0000	0.0000	0.0000	0.0000	3.9994	0.0000	4.0000	0.0000	0.0000	0.0000	0.0000	0.0000	0.0000	0.0000	0.0000	0.0000	0.0000	0.0000	0.0000	0.0000	0.0000	0.0000	0.0000	0.0000	0.0000	0.0000	0.0000	0.0000	0.0000	0.0000	0.0000	0.0000	0.0000	0.0000	0.0000	0.0000	0.0000	0.0000	0.0000	0.0000	0.0000	0.0000	0.0000	0.0000	0.0000	0.0000	0.0000	0.0000	0.0000	0.0000	0.0000	0.0000	0.0000	0.0000	0.0000	0.0000	0.0000	0.0000	0.0000	0.0000	0.0000											
46	99	0.4581	3	0	1	0	0	0	0	0	0	N	N	N	N	N	N	N	N	N	N	N	N	0.0000	0.0000	0.0000	0.0000	0.0000	0.0000	0.0000	0.0000	0.0000	0.0000	0.0000	0.0000	0.0000	0.0000	0.0000	0.0000	0.0000	0.0000	0.0000	0.0000	0.0000	1.5982	0.0000	11.1970	0.0000	0.0000	0.0000	0.0000	0.0000	0.0000	0.0000	0.0000	0.0000	0.0000	0.0000	0.0000	0.0000	0.0000	0.0000	0.0000	0.0000	0.0000	0.0000	0.0000	0.0000	0.0000	0.0000	0.0000	0.0000	0.0000	0.0000	0.0000	0.0000	0.0000	0.0000	0.0000	0.0000	0.0000	0.0000	0.0000	0.0000	0.0000	0.0000	0.0000	0.0000	0.0000	0.0000	0.0000	0.0000	0.0000	0.0000	0.0000	0.0000	0.0000	0.0000	0.0000	0.0000	0.0000											
46	100	0.6281	7	1	2	1	0	0	0	0	0	N	Y	N	N	N	N	N	N	N	N	N	N	0.0000	0.0000	0.0000	0.0000	0.0000	0.0000	0.0000	0.0000	0.0000	0.0000	0.0000	0.0000	0.0000	0.0000	0.0000	0.0000	0.0000	0.0000	0.0000	0.0000	0.0000	0.0000	0.0000	0.9982	0.0000	0.0000	0.0000	0.0000	0.0000	0.0000	0.0000	0.0000	0.0000	0.0000	0.0000	0.0000	0.0000	0.0000	0.0000	0.0000	0.0000	0.0000	0.0000	0.0000	0.0000	0.0000	0.0000	0.0000	0.0000	0.0000	0.0000	0.0000	0.0000	0.0000	0.0000	0.0000	0.0000	0.0000	0.0000	0.0000	0.0000	0.0000	0.0000	0.0000	0.0000	0.0000	0.0000	0.0000	0.0000	0.0000	0.0000	0.0000	0.0000	0.0000	0.0000	0.0000	0.0000	0.0000											
46	101	0.0477	4	1	2	1	0	0	0	0	0	N	Y	N	N	N	N	N	N	N	N	N	N	0.0000	0.0000	0.0000	0.0000	0.0000	0.0000	0.0000	0.0000	0.0000	0.0000	0.0000	0.0000	0.0000	0.0000	0.0000	0.0000	0.0000	0.0000	0.0000	0.0000	0.0000	0.0000	0.0000	0.0000	0.0000	0.0000	0.0000	0.0000	0.0000	0.0000	0.0000	0.0000	0.0000	0.0000	0.0000	0.0000	0.0000	0.0000	0.0000	0.0000	0.0000	0.0000	0.0000	0.0000	0.0000	0.0000	0.0000	0.0000	0.0000	0.0000	0.0000	0.0000	0.0000	0.0000	0.0000	0.0000	0.0000	0.0000	0.0000	0.0000	0.0000	0.0000	0.0000	0.0000	0.0000	0.0000	0.0000	0.0000	0.0000	0.0000	0.0000	0.0000	0.0000	0.0000	0.0000	0.0000	0.0000	0.0000											
46	102	0.0477	3	1	1	1	0	0	0	0	0	N	N	N	N	N	N	N	N	N	N	N	N	0.0000	0.0000	0.0000	0.0000	0.0000	0.0000	0.0000	0.0000	0.0000	0.0000	0.0000	0.0000	0.0000	0.0000	0.0000	0.0000	0.0000	0.0000	0.0000	0.0000	0.0000	0.0000	0.0000	0.0000	0.0000	0.0000	0.0000	0.0000	0.0000	0.0000	0.0000	0.0000	0.0000	0.0000	0.0000	0.0000	0.0000	0.0000	0.0000	0.0000	0.0000	0.0000	0.0000	0.0000	0.0000	0.0000	0.0000	0.0000	0.0000	0.0000	0.0000	0.0000	0.0000	0.0000	0.0000	0.0000	0.0000	0.0000	0.0000	0.0000	0.0000	0.0000	0.0000	0.0000	0.0000	0.0000	0.0000	0.0000	0.0000	0.0000	0.0000	0.0000	0.0000	0.0000	0.0000	0.0000	0.0000	0.0000											
46	103	0.0416	2	1	1	1	0	0	0	0	0	N	N	N	N	N	N	N	N	N	N	N	N	0.0000	0.0000	0.0000	0.0000	0.0000	0.0000	0.0000	0.0000	0.0000	0.0000	0.0000	0.0000	0.0000	0.0000	0.0000	0.0000	0.0000	0.0000	0.0000	0.0000	0.0000	0.0000	0.0000	1.0091	0.0000	0.0000	0.0000	0.0000	0.0000	0.0000	0.0000	0.0000	0.0000	0.0000	0.0000	0.0000	0.0000	0.0000	0.0000	0.0000	0.0000	0.0000	0.0000	0.0000	0.0000	0.0000	0.0000	0.0000	0.0000	0.0000	0.0000	0.0000	0.0000	0.0000	0.0000	0.0000	0.0000	0.0000	0.0000	0.0000	0.0000	0.0000	0.0000	0.0000	0.0000	0.0000	0.0000	0.0000	0.0000	0.0000	0.0000	0.0000	0.0000	0.0000	0.0000	0.0000	0.0000	0.0000											
46	104	0.5691	4	0	2	0	0	0	0	0	0	N	Y	N	N	N	N	N	N	N	N	N	N	0.0000	0.0000	0.0000	0.0000	0.0000	0.0000	0.0000	0.0000	0.0000	0.0000	0.0000	0.0000	0.0000	0.0000	0.0000	0.0000	0.0000	0.0000	0.0000	0.0000	0.0000	7.9994	0.0000	4.0001	0.0000	0.0000	0.0000	0.0000	0.0000	0.0000	0.0000	0.0000	0.0000	0.0000	0.0000	0.0000	0.0000	0.0000	0.0000	0.0000	0.0000	0.0000	0.0000	0.0000	0.0000	0.0000	0.0000	0.0000	0.0000	0.0000	0.0000	0.0000	0.0000	0.0000	0.0000	0.0000	0.0000	0.0000	0.0000	0.0000	0.0000	0.0000	0.0000	0.0000	0.0000	0.0000	0.0000	0.0000	0.0000	0.0000	0.0000	0.0000	0.0000	0.0000	0.0000	0.0000	0.0000	0.0000											
46	105	0.6316	8	1	1	1	0	0	0	0	0	N	N	N	N	N	N	N	N	N	N	N	N	0.0000	0.0000	0.0000	0.0000	0.0000	0.0000	0.0000	0.0000	0.0000	0.0000	0.0000	0.0000	0.0000	0.0000	0.0000	0.0000	0.0000	0.0000	0.0000	0.0000	0.0000	1.0000	0.0000	1.0005	0.0000	0.0000	0.0000	0.0000	0.0000	0.0000	0.0000	0.0000	0.0000	0.0000	0.0000	0.0000	0.0000	0.0000	0.0000	0.0000	0.0000	0.0000	0.0000	0.0000	0.0000	0.0000	0.0000	0.0000	0.0000	0.0000	0.0000	0.0000	0.0000	0.0000	0.0000	0.0000	0.0000	0.0000	0.0000	0.0000	0.0000	0.0000	0.0000	0.0000	0.0000	0.0000	0.0000	0.0000	0.0000	0.0000	0.0000	0.0000	0.0000	0.0000	0.0000	0.0000	0.0000	0.0000											
46	106	0.6281	7	1	1	1	0	0	0	0	0	N	N	N	N	N	N	N	N	N	N	N	N	0.0000	0.0000	0.0000	0.0000	0.0000	0.0000	0.0000	0.0000	0.0000	0.0000	0.0000	0.0000	0.0000	0.0000	0.0000	0.0000	0.0000	0.0000	0.0000	0.0000	0.0000	0.7249	0.0000	0.0368	0.0000	0.0000	0.0000	0.0000	0.0000	0.0000	0.0000	0.0000	0.0000	0.0000	0.0000	0.0000	0.0000	0.0000	0.0000	0.0000	0.0000	0.0000	0.0000	0.0000	0.0000	0.0000	0.0000	0.0000	0.0000	0.0000	0.0000	0.0000	0.0000	0.0000	0.0000	0.0000	0.0000	0.0000	0.0000	0.0000	0.0000	0.0000	0.0000	0.0000	0.0000	0.0000	0.0000	0.0000	0.0000	0.0000	0.0000	0.0000	0.0000	0.0000	0.0000	0.0000	0.0000	0.0000											
46	107	0.6266	6	1	1	1	0	0	0	0	0	N	N	N	N	N	N	N	N	N	N	N	N	0.0000	0.0000	0.0000	0.0000	0.0000	0.0000	0.0000	0.0000	0.0000	0.0000	0.0000	0.0000	0.0000	0.0000	0.0000	0.0000	0.0000	0.0000	0.0000	0.0000	0.0000	0.4159	0.0000	0.0887	0.0000	0.0000	0.0000	0.0000	0.0000	0.0000	0.0000	0.0000	0.0000	0.0000	0.0000	0.0000	0.0000	0.0000	0.0000	0.0000	0.0000	0.0000	0.0000	0.0000	0.0000	0.0000	0.0000	0.0000	0.0000	0.0000	0.0000	0.0000	0.0000	0.0000	0.0000	0.0000	0.0000	0.0000	0.0000	0.0000	0.0000	0.0000	0.0000	0.0000	0.0000	0.0000	0.0000	0.0000	0.0000	0.0000	0.0000	0.0000	0.0000	0.0000	0.0000	0.0000	0.0000	0.0000											
46	108	0.6103	5	1	1	0	0	0	0	0	0	N	N	N	N	N	N	N	N	N	N	N	N	0.0000	0.0000	0.0000	0.0000	0.0000	0.0000	0.0000	0.0000	0.0000	0.0000	0.0000	0.0000	0.0000	0.0000	0.0000	0.0000	0.0000	0.0000	0.0000	0.0000	0.0000	3.9943	0.0000	0.9974	0.0000	0.0000	0.0000	0.0000	0.0000	0.0000	0.0000	0.0000	0.0000	0.0000	0.0000	0.0000	0.0000	0.0000	0.0000	0.0000	0.0000	0.0000	0.0000	0.0000	0.0000	0.0000	0.0000	0.0000	0.0000	0.0000	0.0000	0.0000	0.0000	0.0000	0.0000	0.0000	0.0000	0.0000	0.0000	0.0000	0.0000	0.0000	0.0000	0.0000	0.0000	0.0000	0.0000	0.0000	0.0000	0.0000	0.0000	0.0000	0.0000	0.0000	0.0000	0.0000	0.0000	0.0000											
46	109	0.0416	2	1	1	1	0	0	0	0	0	N	N	N	N	N	N	N	N	N	N	N	N	0.0000	0.0000	0.0000	0.0000	0.0000	0.0000	0.0000	0.0000	0.0000	0.0000	0.0000	0.0000	0.0000	0.0000	0.0000	0.0000	0.0000	0.0000	0.0000	0.0000	0.0000	0.0000	0.0000	0.9909	0.0000	0.0000	0.0000	0.0000	0.0000	0.0000	0.0000	0.0000	0.0000	0.0000	0.0000	0.0000	0.0000	0.0000	0.0000	0.0000	0.0000	0.0000	0.0000	0.0000	0.0000	0.0000	0.0000	0.0000	0.0000	0.0000	0.0000	0.0000	0.0000	0.0000	0.0000	0.0000	0.0000	0.0000	0.0000	0.0000	0.0000	0.0000	0.0000	0.0000	0.0000	0.0000	0.0000	0.0000	0.0000	0.0000	0.0000	0.0000	0.0000	0.0000	0.0000	0.0000	0.0000	0.0000											
46	112	0.6149	5	0	1	1	0	0	0	0	0	N	N	N	N	N	N	N	N	N	N	N	N	0.0000	0.0000	0.0000	0.0000	0.0000	0.0000	0.0000	0.0000	0.0000	0.0000	0.0000	0.0000	0.0000	0.0000	0.0000	0.0000	0.0000	0.0000	0.0000	0.0000	0.0000	0.0000	0.0000	0.0001	0.0000	0.0000	0.0000	0.0000	0.0000	0.0000	0.0000	0.0000	0.0000	0.0000	0.0000	0.0000	0.0000	0.0000	0.0000	0.0000	0.0000	0.0000	0.0000	0.0000	0.0000	0.0000	0.0000	0.0000	0.0000	0.0000	0.0000	0.0000	0.0000	0.0000	0.0000	0.0000	0.0000	0.0000	0.0000	0.0000	0.0000	0.0000	0.0000	0.0000	0.0000	0.0000	0.0000	0.0000	0.0000	0.0000	0.0000	0.0000	0.0000	0.0000	0.0000	0.0000	0.0000	0.0000											
46	113	0.5691	4	0	1	1	0	0	0	0	0	N	N	N	N	N	N	N	N	N	N	N	N	0.0000	0.0000	0.0000	0.0000	0.0000	0.0000	0.0000	0.0000	0.0000	0.0000	0.0000	0.0000	0.0000	0.0000	0.0000	0.0000	0.0000	0.0000	0.0000	0.0000	0.0000	4.0004	0.0000	4.9999	0.0000	0.0000	0.0000	0.0000	0.0000	0.0000	0.0000	0.0000	0.0000	0.0000	0.0000	0.0000	0.0000	0.0000	0.0000	0.0000	0.0000	0.0000	0.0000	0.0000	0.0000	0.0000	0.0000	0.0000	0.0000	0.0000	0.0000	0.0000	0.0000	0.0000	0.0000	0.0000	0.0000	0.0000	0.0000	0.0000	0.0000	0.0000	0.0000	0.0000	0.0000	0.0000	0.0000	0.0000	0.0000	0.0000	0.0000	0.0000	0.0000	0.0000	0.0000	0.0000	0.0000	0.0000											
46	114	0.0456	2	0	2	0	0	0	0	0	0	N	Y	N	N	N	N	N	N	N	N	N	N	0.0000	0.0000	0.0000	0.0000	0.0000	0.0000	0.0000	0.0000	0.0000	0.0000	0.0000	0.0000	0.0000	0.0000	0.0000	0.0000	0.0000	0.0000	0.0000	0.0000	0.0000	4.3361	0.0000	4.6323	0.0000	0.0000	0.0000	0.0000	0.0000	0.0000	0.0000	0.0000	0.0000	0.0000	0.0000	0.0000	0.0000	0.0000	0.0000	0.0000	0.0000	0.0000	0.0000	0.0000	0.0000	0.0000	0.0000	0.0000	0.0000	0.0000	0.0000	0.0000	0.0000	0.0000	0.0000	0.0000	0.0000	0.0000	0.0000	0.0000	0.0000	0.0000	0.0000	0.0000	0.0000	0.0000	0.0000	0.0000	0.0000	0.0000	0.0000	0.0000	0.0000	0.0000	0.0000	0.0000	0.0000	0.0000											
46	116	0.5691	4	0	2	0	1	0	0	0	0	N	Y	N	N	N	N	N	N	N	N	N	N	0.0000	0.0000	0.0000	0.0000	0.0000	0.0000	0.0000	0.0000	0.0000	0.0000	0.0000	0.0000	0.0000	0.0000	0.0000	0.0000	0.0000	0.0000	0.0000	0.0000	0.0000	5.0006	0.0000	2.0000	0.0000	0.0000	0.0000	0.0000	0.0000	0.0000	0.0000	0.0000	0.0000	0.0000	0.0000	0.0000	0.0000	0.0000	0.0000	0.0000	0.0000	0.0000	0.0000	0.0000	0.0000	0.0000	0.0000	0.0000	0.0000	0.0000	0.0000	0.0000	0.0000	0.0000	0.0000	0.0000	0.0000	0.0000	0.0000	0.0000	0.0000	0.0000	0.0000	0.0000	0.0000	0.0000	0.0000	0.0000	0.0000	0.0000	0.0000	0.0000	0.0000	0.0000	0.0000	0.0000	0.0000	0.0000											
46	118	0.5691	4	0	2	0	0	0	0	0	0	N	Y	N	N	N	N	N	N	N	N	N	N	0.0000	0.0000	0.0000	0.0000	0.0000	0.0000	0.0000	0.0000	0.0000	0.0000	0.0000	0.0000	0.0000	0.0000	0.0000	0.0000	0.0000	0.0000	0.0000	0.0000	0.0000	16.9994	0.0000	6.0000	0.0000	0.0000	0.0000	0.0000	0.0000	0.0000	0.0000	0.0000	0.0000	0.0000	0.0000	0.0000	0.0000	0.0000	0.0000	0.0000	0.0000	0.0000	0.0000	0.0000	0.0000	0.0000	0.0000	0.0000	0.0000	0.0000	0.0000	0.0000	0.0000	0.0000	0.0000	0.0000	0.0000	0.0000	0.0000	0.0000	0.0000	0.0000	0.0000	0.0000	0.0000	0.0000	0.0000	0.0000	0.0000	0.0000	0.0000	0.0000	0.0000	0.0000	0.0000	0.0000	0.0000	0.0000											
46	120	0.0410	2	0	2	0	0	0	0	0	0	N	Y	N	N	N	N	N	N	N	N	N	N	0.0000	0.0000	0.0000	0.0000	0.0000	0.0000	0.0000	0.0000	0.0000	0.0000	0.0000	0.0000	0.0000	0.0000	0.0000	0.0000	0.0000	0.0000	0.0000	0.0000	0.0000	0.9998	0.0000	0.9486	0.0000	0.0000	0.0000	0.0000	0.0000	0.0000	0.0000	0.0000	0.0000	0.0000	0.0000	0.0000	0.0000	0.0000	0.0000	0.0000	0.0000	0.0000	0.0000	0.0000	0.0000	0.0000	0.0000	0.0000	0.0000	0.0000	0.0000	0.0000	0.0000	0.0000	0.0000	0.0000	0.0000	0.0000	0.0000	0.0000	0.0000	0.0000	0.0000	0.0000	0.0000	0.0000	0.0000	0.0000	0.0000	0.0000	0.0000	0.0000	0.0000	0.0000	0.0000	0.0000	0.0000	0.0000											
46	122	0.6103	5	0	2	0	0	0	0	0	0	N	Y	N	N	N	N	N	N	N	N	N	N	0.0000	0.0000	0.0000	0.0000	0.0000	0.0000	0.0000	0.0000	0.0000	0.0000	0.0000	0.0000	0.0000	0.0000	0.0000	0.0000	0.0000	0.0000	0.0000	0.0000	0.0000	2.0001	0.0000	3.0000	0.0000	0.0000	0.0000	0.0000	0.0000	0.0000	0.0000	0.0000	0.0000	0.0000	0.0000	0.0000	0.0000	0.0000	0.0000	0.0000	0.0000	0.0000	0.0000	0.0000	0.0000	0.0000	0.0000	0.0000	0.0000	0.0000	0.0000	0.0000	0.0000	0.0000	0.0000	0.0000	0.0000	0.0000	0.0000	0.0000	0.0000	0.0000	0.0000	0.0000	0.0000	0.0000	0.0000	0.0000	0.0000	0.0000	0.0000	0.0000	0.0000	0.0000	0.0000	0.0000	0.0000	0.0000											
46	123	0.5691	4	0	1	0	0	0	0	0	0	N	N	N	N	N	N	N	N	N	N	N	N	0.0000	0.0000	0.0000	0.0000	0.0000	0.0000	0.0000	0.0000	0.0000	0.0000	0.0000	0.0000	0.0000	0.0000	0.0000	0.0000	0.0000	0.0000	0.0000	0.0000	0.0000	6.9986	0.0000	2.0000	0.0000	0.0000	0.0000	0.0000	0.0000	0.0000	0.0000	0.0000	0.0000	0.0000	0.0000	0.0000	0.0000	0.0000	0.0000	0.0000	0.0000	0.0000	0.0000	0.0000	0.0000	0.0000	0.0000	0.0000	0.0000	0.0000	0.0000	0.0000	0.0000	0.0000	0.0000	0.0000	0.0000	0.0000	0.0000	0.0000	0.0000	0.0000	0.0000	0.0000	0.0000	0.0000	0.0000	0.0000	0.0000	0.0000	0.0000	0.0000	0.0000	0.0000	0.0000	0.0000	0.0000	0.0000											
46	124	0.0465	2	0	2	0	0	0	0	0	0	N	Y	N	N	N	N	N	N	N	N	N	N	0.0000	0.0000	0.0000	0.0000	0.0000	0.0000	0.0000	0.0000	0.0000	0.0000	0.0000	0.0000	0.0000	0.0000	0.0000	0.0000	0.0000	0.0000	0.0000	0.0000	0.0000	3.9006	0.0000	3.1543	0.0000	0.0000	0.0000	0.0000	0.0000	0.0000	0.0000	0.0000	0.0000	0.0000	0.0000	0.0000	0.0000	0.0000	0.0000	0.0000	0.0000	0.0000	0.0000	0.0000	0.0000	0.0000	0.0000	0.0000	0.0000	0.0000	0.0000	0.0000	0.0000	0.0000	0.0000	0.0000	0.0000	0.0000	0.0000	0.0000	0.0000	0.0000	0.0000	0.0000	0.0000	0.0000	0.0000	0.0000	0.0000	0.0000	0.0000	0.0000	0.0000	0.0000	0.0000	0.0000	0.0000	0.0000											
46	126	0.5691	4	0	2	0	0	0	0	0	0	N	Y	N	N	N	N	N	N	N	N	N	N	0.0000	0.0000	0.0000	0.0000	0.0000	0.0000	0.0000	0.0000	0.0000	0.0000	0.0000	0.0000	0.0000	0.0000	0.0000	0.0000	0.0000	0.0000	0.0000	0.0000	0.0000	0.9996	0.0000	8.0005	0.0000	0.0000	0.0000	0.0000	0.0000	0.0000	0.0000	0.0000	0.0000	0.0000	0.0000	0.0000	0.0000	0.0000	0.0000	0.0000	0.0000	0.0000	0.0000	0.0000	0.0000	0.0000	0.0000	0.0000	0.0000	0.0000	0.0000	0.0000	0.0000	0.0000	0.0000	0.0000	0.0000	0.0000	0.0000	0.0000	0.0000	0.0000	0.0000	0.0000	0.0000	0.0000	0.0000	0.0000	0.0000	0.0000	0.0000	0.0000	0.0000	0.0000	0.0000	0.0000	0.0000	0.0000											
46	127	0.4745	4	0	1	0	0	0	0	0	0	N	N	N	N	N	N	N	N	N	N	N	N	0.0000	0.0000	0.0000	0.0000	0.0000	0.0000	0.0000	0.0000	0.0000	0.0000	0.0000	0.0000	0.0000	0.0000	0.0000	0.0000	0.0000	0.0000	0.0000	0.0000	0.0000	3.6536	0.0000	12.3970	0.0000	0.0000	0.0000	0.0000	0.0000	0.0000	0.0000	0.0000	0.0000	0.0000	0.0000	0.0000	0.0000	0.0000	0.0000	0.0000	0.0000	0.0000	0.0000	0.0000	0.0000	0.0000	0.0000	0.0000	0.0000	0.0000	0.0000	0.0000	0.0000	0.0000	0.0000	0.0000	0.0000	0.0000	0.0000	0.0000	0.0000	0.0000	0.0000	0.0000	0.0000	0.0000	0.0000	0.0000	0.0000	0.0000	0.0000	0.0000	0.0000	0.0000	0.0000	0.0000	0.0000	0.0000											
46	128	0.2633	2	0	1	0	0	0	0	0	0	N	N	N	N	N	N	N	N	N	N	N	N	0.0000	0.0000	0.0000	0.0000	0.0000	0.0000	0.0000	0.0000	0.0000	0.0000	0.0000	0.0000	0.0000	0.0000	0.0000	0.0000	0.0000	0.0000	0.0000	0.0000	0.0000	5.3495	0.0000	12.4099	0.0000	0.0000	0.0000	0.0000	0.0000	0.0000	0.0000	0.0000	0.0000	0.0000	0.0000	0.0000	0.0000	0.0000	0.0000	0.0000	0.0000	0.0000	0.0000	0.0000	0.0000	0.0000	0.0000	0.0000	0.0000	0.0000	0.0000	0.0000	0.0000	0.0000	0.0000	0.0000	0.0000	0.0000	0.0000	0.0000	0.0000	0.0000	0.0000	0.0000	0.0000	0.0000	0.0000	0.0000	0.0000	0.0000	0.0000	0.0000	0.0000	0.0000	0.0000	0.0000	0.0000	0.0000											
46	129	0.6806	10	0	2	0	1	0	0	0	0	N	Y	N	N	N	N	N	N	N	N	N	N	0.0000	0.0000	0.0000	0.0000	0.0000	0.0000	0.0000	0.0000	0.0000	0.0000	0.0000	0.0000	0.0000	0.0000	0.0000	0.0000	0.0000	0.0000	0.0000	0.0000	0.0000	0.0000	0.0000	0.0000	0.0000	0.0000	0.0000	0.0000	0.0000	0.0000	0.0000	0.0000	0.0000	0.0000	0.0000	0.0000	0.0000	0.0000	0.0000	0.0000	0.0000	0.0000	0.0000	0.0000	0.0000	0.0000	0.0000	0.0000	0.0000	0.0000	0.0000	0.0000	0.0000	0.0000	0.0000	0.0000	0.0000	0.0000	0.0000	0.0000	0.0000	0.0000	0.0000	0.0000	0.0000	0.0000	0.0000	0.0000	0.0000	0.0000	0.0000	0.0000	0.0000	0.0000	0.0000	0.0000	0.0000	0.0000											
46	130	0.6643	9	0	2	0	1	0	0	0	0	N	Y	N	N	N	N	N	N	N	N	N	N	0.0000	0.0000	0.0000	0.0000	0.0000	0.0000	0.0000	0.0000	0.0000	0.0000	0.0000	0.0000	0.0000	0.0000	0.0000	0.0000	0.0000	0.0000	0.0000	0.0000	0.0000	0.0000	0.0000	3.0001	0.0000	0.0000	0.0000	0.0000	0.0000	0.0000	0.0000	0.0000	0.0000	0.0000	0.0000	0.0000	0.0000	0.0000	0.0000	0.0000	0.0000	0.0000	0.0000	0.0000	0.0000	0.0000	0.0000	0.0000	0.0000	0.0000	0.0000	0.0000	0.0000	0.0000	0.0000	0.0000	0.0000	0.0000	0.0000	0.0000	0.0000	0.0000	0.0000	0.0000	0.0000	0.0000	0.0000	0.0000	0.0000	0.0000	0.0000	0.0000	0.0000	0.0000	0.0000	0.0000	0.0000	0.0000											
46	131	0.6546	8	0	2	0	0	0	0	0	0	N	Y	N	N	N	N	N	N	N	N	N	N	0.0000	0.0000	0.0000	0.0000	0.0000	0.0000	0.0000	0.0000	0.0000	0.0000	0.0000	0.0000	0.0000	0.0000	0.0000	0.0000	0.0000	0.0000	0.0000	0.0000	0.0000	0.0000	0.0000	0.0000	0.0000	0.0000	0.0000	0.0000	0.0000	0.0000	0.0000	0.0000	0.0000	0.0000	0.0000	0.0000	0.0000	0.0000	0.0000	0.0000	0.0000	0.0000	0.0000	0.0000	0.0000	0.0000	0.0000	0.0000	0.0000	0.0000	0.0000	0.0000	0.0000	0.0000	0.0000	0.0000	0.0000	0.0000	0.0000	0.0000	0.0000	0.0000	0.0000	0.0000	0.0000	0.0000	0.0000	0.0000	0.0000	0.0000	0.0000	0.0000	0.0000	0.0000	0.0000	0.0000	0.0000	0.0000											
46	132	0.6643	9	0	1	1	1	0	0	0	0	N	N	N	N	N	N	N	N	N	N	N	N	0.0000	0.0000	0.0000	0.0000	0.0000	0.0000	0.0000	0.0000	0.0000	0.0000	0.0000	0.0000	0.0000	0.0000	0.0000	0.0000	0.0000	0.0000	0.0000	0.0000	0.0000	0.0000	0.0000	1.9999	0.0000	0.0000	0.0000	0.0000	0.0000	0.0000	0.0000	0.0000	0.0000	0.0000	0.0000	0.0000	0.0000	0.0000	0.0000	0.0000	0.0000	0.0000	0.0000	0.0000	0.0000	0.0000	0.0000	0.0000	0.0000	0.0000	0.0000	0.0000	0.0000	0.0000	0.0000	0.0000	0.0000	0.0000	0.0000	0.0000	0.0000	0.0000	0.0000	0.0000	0.0000	0.0000	0.0000	0.0000	0.0000	0.0000	0.0000	0.0000	0.0000	0.0000	0.0000	0.0000	0.0000	0.0000											
46	133	0.6753	10	0	1	1	1	0	0	0	0	N	N	N	N	N	N	N	N	N	N	N	N	0.0000	0.0000	0.0000	0.0000	0.0000	0.0000	0.0000	0.0000	0.0000	0.0000	0.0000	0.0000	0.0000	0.0000	0.0000	0.0000	0.0000	0.0000	0.0000	0.0000	0.0000	1.0000	0.0000	0.0000	0.0000	0.0000	0.0000	0.0000	0.0000	0.0000	0.0000	0.0000	0.0000	0.0000	0.0000	0.0000	0.0000	0.0000	0.0000	0.0000	0.0000	0.0000	0.0000	0.0000	0.0000	0.0000	0.0000	0.0000	0.0000	0.0000	0.0000	0.0000	0.0000	0.0000	0.0000	0.0000	0.0000	0.0000	0.0000	0.0000	0.0000	0.0000	0.0000	0.0000	0.0000	0.0000	0.0000	0.0000	0.0000	0.0000	0.0000	0.0000	0.0000	0.0000	0.0000	0.0000	0.0000	0.0000											
46	134	0.6753	10	0	1	1	1	0	0	0	0	N	N	N	N	N	N	N	N	N	N	N	N	0.0000	0.0000	0.0000	0.0000	0.0000	0.0000	0.0000	0.0000	0.0000	0.0000	0.0000	0.0000	0.0000	0.0000	0.0000	0.0000	0.0000	0.0000	0.0000	0.0000	0.0000	0.0000	0.0000	0.0000	0.0000	0.0000	0.0000	0.0000	0.0000	0.0000	0.0000	0.0000	0.0000	0.0000	0.0000	0.0000	0.0000	0.0000	0.0000	0.0000	0.0000	0.0000	0.0000	0.0000	0.0000	0.0000	0.0000	0.0000	0.0000	0.0000	0.0000	0.0000	0.0000	0.0000	0.0000	0.0000	0.0000	0.0000	0.0000	0.0000	0.0000	0.0000	0.0000	0.0000	0.0000	0.0000	0.0000	0.0000	0.0000	0.0000	0.0000	0.0000	0.0000	0.0000	0.0000	0.0000	0.0000	0.0000											
46	135	0.6643	9	0	1	1	1	0	0	0	0	N	N	N	N	N	N	N	N	N	N	N	N	0.0000	0.0000	0.0000	0.0000	0.0000	0.0000	0.0000	0.0000	0.0000	0.0000	0.0000	0.0000	0.0000	0.0000	0.0000	0.0000	0.0000	0.0000	0.0000	0.0000	0.0000	2.0025	0.0000	0.9943	0.0000	0.0000	0.0000	0.0000	0.0000	0.0000	0.0000	0.0000	0.0000	0.0000	0.0000	0.0000	0.0000	0.0000	0.0000	0.0000	0.0000	0.0000	0.0000	0.0000	0.0000	0.0000	0.0000	0.0000	0.0000	0.0000	0.0000	0.0000	0.0000	0.0000	0.0000	0.0000	0.0000	0.0000	0.0000	0.0000	0.0000	0.0000	0.0000	0.0000	0.0000	0.0000	0.0000	0.0000	0.0000	0.0000	0.0000	0.0000	0.0000	0.0000	0.0000	0.0000	0.0000	0.0000											
46	136	0.6643	8	0	1	0	1	0	0	0	0	N	N	N	N	N	N	N	N	N	N	N	N	0.0000	0.0000	0.0000	0.0000	0.0000	0.0000	0.0000	0.0000	0.0000	0.0000	0.0000	0.0000	0.0000	0.0000	0.0000	0.0000	0.0000	0.0000	0.0000	0.0000	0.0000	0.0050	0.0000	0.0173	0.0000	0.0000	0.0000	0.0000	0.0000	0.0000	0.0000	0.0000	0.0000	0.0000	0.0000	0.0000	0.0000	0.0000	0.0000	0.0000	0.0000	0.0000	0.0000	0.0000	0.0000	0.0000	0.0000	0.0000	0.0000	0.0000	0.0000	0.0000	0.0000	0.0000	0.0000	0.0000	0.0000	0.0000	0.0000	0.0000	0.0000	0.0000	0.0000	0.0000	0.0000	0.0000	0.0000	0.0000	0.0000	0.0000	0.0000	0.0000	0.0000	0.0000	0.0000	0.0000	0.0000	0.0000											
46	137	0.6546	7	0	1	0	1	0	0	0	0	N	N	N	N	N	N	N	N	N	N	N	N	0.0000	0.0000	0.0000	0.0000	0.0000	0.0000	0.0000	0.0000	0.0000	0.0000	0.0000	0.0000	0.0000	0.0000	0.0000	0.0000	0.0000	0.0000	0.0000	0.0000	0.0000	1.9972	0.0000	1.0076	0.0000	0.0000	0.0000	0.0000	0.0000	0.0000	0.0000	0.0000	0.0000	0.0000	0.0000	0.0000	0.0000	0.0000	0.0000	0.0000	0.0000	0.0000	0.0000	0.0000	0.0000	0.0000	0.0000	0.0000	0.0000	0.0000	0.0000	0.0000	0.0000	0.0000	0.0000	0.0000	0.0000	0.0000	0.0000	0.0000	0.0000	0.0000	0.0000	0.0000	0.0000	0.0000	0.0000	0.0000	0.0000	0.0000	0.0000	0.0000	0.0000	0.0000	0.0000	0.0000	0.0000	0.0000											
46	138	0.6373	6	1	2	0	0	0	0	0	0	N	Y	N	N	N	N	N	N	N	N	N	N	0.0000	0.0000	0.0000	0.0000	0.0000	0.0000	0.0000	0.0000	0.0000	0.0000	0.0000	0.0000	0.0000	0.0000	0.0000	0.0000	0.0000	0.0000	0.0000	0.0000	0.0000	0.0002	0.0000	2.3255	0.0000	0.0000	0.0000	0.0000	0.0000	0.0000	0.0000	0.0000	0.0000	0.0000	0.0000	0.0000	0.0000	0.0000	0.0000	0.0000	0.0000	0.0000	0.0000	0.0000	0.0000	0.0000	0.0000	0.0000	0.0000	0.0000	0.0000	0.0000	0.0000	0.0000	0.0000	0.0000	0.0000	0.0000	0.0000	0.0000	0.0000	0.0000	0.0000	0.0000	0.0000	0.0000	0.0000	0.0000	0.0000	0.0000	0.0000	0.0000	0.0000	0.0000	0.0000	0.0000	0.0000	0.0000											
46	139	0.6195	5	1	2	0	0	0	0	0	0	N	Y	N	N	N	N	N	N	N	N	N	N	0.0000	0.0000	0.0000	0.0000	0.0000	0.0000	0.0000	0.0000	0.0000	0.0000	0.0000	0.0000	0.0000	0.0000	0.0000	0.0000	0.0000	0.0000	0.0000	0.0000	0.0000	2.0138	0.0000	2.7349	0.0000	0.0000	0.0000	0.0000	0.0000	0.0000	0.0000	0.0000	0.0000	0.0000	0.0000	0.0000	0.0000	0.0000	0.0000	0.0000	0.0000	0.0000	0.0000	0.0000	0.0000	0.0000	0.0000	0.0000	0.0000	0.0000	0.0000	0.0000	0.0000	0.0000	0.0000	0.0000	0.0000	0.0000	0.0000	0.0000	0.0000	0.0000	0.0000	0.0000	0.0000	0.0000	0.0000	0.0000	0.0000	0.0000	0.0000	0.0000	0.0000	0.0000	0.0000	0.0000	0.0000	0.0000											
46	140	0.6360	6	0	2	0	0	0	0	0	0	N	Y	N	N	N	N	N	N	N	N	N	N	0.0000	0.0000	0.0000	0.0000	0.0000	0.0000	0.0000	0.0000	0.0000	0.0000	0.0000	0.0000	0.0000	0.0000	0.0000	0.0000	0.0000	0.0000	0.0000	0.0000	0.0000	1.9232	0.0000	1.1116	0.0000	0.0000	0.0000	0.0000	0.0000	0.0000	0.0000	0.0000	0.0000	0.0000	0.0000	0.0000	0.0000	0.0000	0.0000	0.0000	0.0000	0.0000	0.0000	0.0000	0.0000	0.0000	0.0000	0.0000	0.0000	0.0000	0.0000	0.0000	0.0000	0.0000	0.0000	0.0000	0.0000	0.0000	0.0000	0.0000	0.0000	0.0000	0.0000	0.0000	0.0000	0.0000	0.0000	0.0000	0.0000	0.0000	0.0000	0.0000	0.0000	0.0000	0.0000	0.0000	0.0000	0.0000											
46	141	0.0322	2	0	2	0	0	0	0	0	0	N	Y	N	N	N	N	N	N	N	N	N	N	0.0000	0.0000	0.0000	0.0000	0.0000	0.0000	0.0000	0.0000	0.0000	0.0000	0.0000	0.0000	0.0000	0.0000	0.0000	0.0000	0.0000	0.0000	0.0000	0.0000	0.0000	3.0000	0.0000	1.0000	0.0000	0.0000	0.0000	0.0000	0.0000	0.0000	0.0000	0.0000	0.0000	0.0000	0.0000	0.0000	0.0000	0.0000	0.0000	0.0000	0.0000	0.0000	0.0000	0.0000	0.0000	0.0000	0.0000	0.0000	0.0000	0.0000	0.0000	0.0000	0.0000	0.0000	0.0000	0.0000	0.0000	0.0000	0.0000	0.0000	0.0000	0.0000	0.0000	0.0000	0.0000	0.0000	0.0000	0.0000	0.0000	0.0000	0.0000	0.0000	0.0000	0.0000	0.0000	0.0000	0.0000	0.0000											
46	145	0.6546	8	1	2	0	0	0	0	0	0	N	Y	N	N	N	N	N	N	N	N	N	N	0.0000	0.0000	0.0000	0.0000	0.0000	0.0000	0.0000	0.0000	0.0000	0.0000	0.0000	0.0000	0.0000	0.0000	0.0000	0.0000	0.0000	0.0000	0.0000	0.0000	0.0000	1.0000	0.0000	1.0000	0.0000	0.0000	0.0000	0.0000	0.0000	0.0000	0.0000	0.0000	0.0000	0.0000	0.0000	0.0000	0.0000	0.0000	0.0000	0.0000	0.0000	0.0000	0.0000	0.0000	0.0000	0.0000	0.0000	0.0000	0.0000	0.0000	0.0000	0.0000	0.0000	0.0000	0.0000	0.0000	0.0000	0.0000	0.0000	0.0000	0.0000	0.0000	0.0000	0.0000	0.0000	0.0000	0.0000	0.0000	0.0000	0.0000	0.0000	0.0000	0.0000	0.0000	0.0000	0.0000	0.0000	0.0000											
46	146	0.6546	7	0	2	0	0	0	0	0	0	N	Y	N	N	N	N	N	N	N	N	N	N	0.0000	0.0000	0.0000	0.0000	0.0000	0.0000	0.0000	0.0000	0.0000	0.0000	0.0000	0.0000	0.0000	0.0000	0.0000	0.0000	0.0000	0.0000	0.0000	0.0000	0.0000	0.0003	0.0000	0.0000	0.0000	0.0000	0.0000	0.0000	0.0000	0.0000	0.0000	0.0000	0.0000	0.0000	0.0000	0.0000	0.0000	0.0000	0.0000	0.0000	0.0000	0.0000	0.0000	0.0000	0.0000	0.0000	0.0000	0.0000	0.0000	0.0000	0.0000	0.0000	0.0000	0.0000	0.0000	0.0000	0.0000	0.0000	0.0000	0.0000	0.0000	0.0000	0.0000	0.0000	0.0000	0.0000	0.0000	0.0000	0.0000	0.0000	0.0000	0.0000	0.0000	0.0000	0.0000	0.0000	0.0000	0.0000											
46	147	0.6360	6	0	1	0	0	0	0	0	0	N	N	N	N	N	N	N	N	N	N	N	N	0.0000	0.0000	0.0000	0.0000	0.0000	0.0000	0.0000	0.0000	0.0000	0.0000	0.0000	0.0000	0.0000	0.0000	0.0000	0.0000	0.0000	0.0000	0.0000	0.0000	0.0000	4.9449	0.0000	1.0063	0.0000	0.0000	0.0000	0.0000	0.0000	0.0000	0.0000	0.0000	0.0000	0.0000	0.0000	0.0000	0.0000	0.0000	0.0000	0.0000	0.0000	0.0000	0.0000	0.0000	0.0000	0.0000	0.0000	0.0000	0.0000	0.0000	0.0000	0.0000	0.0000	0.0000	0.0000	0.0000	0.0000	0.0000	0.0000	0.0000	0.0000	0.0000	0.0000	0.0000	0.0000	0.0000	0.0000	0.0000	0.0000	0.0000	0.0000	0.0000	0.0000	0.0000	0.0000	0.0000	0.0000	0.0000											
46	148	0.6195	5	0	1	0	0	0	0	0	0	N	N	N	N	N	N	N	N	N	N	N	N	0.0000	0.0000	0.0000	0.0000	0.0000	0.0000	0.0000	0.0000	0.0000	0.0000	0.0000	0.0000	0.0000	0.0000	0.0000	0.0000	0.0000	0.0000	0.0000	0.0000	0.0000	3.4778	0.0000	1.2917	0.0000	0.0000	0.0000	0.0000	0.0000	0.0000	0.0000	0.0000	0.0000	0.0000	0.0000	0.0000	0.0000	0.0000	0.0000	0.0000	0.0000	0.0000	0.0000	0.0000	0.0000	0.0000	0.0000	0.0000	0.0000	0.0000	0.0000	0.0000	0.0000	0.0000	0.0000	0.0000	0.0000	0.0000	0.0000	0.0000	0.0000	0.0000	0.0000	0.0000	0.0000	0.0000	0.0000	0.0000	0.0000	0.0000	0.0000	0.0000	0.0000	0.0000	0.0000	0.0000	0.0000	0.0000											
46	149	0.5691	4	0	1	0	0	0	0	0	0	N	N	N	N	N	N	N	N	N	N	N	N	0.0000	0.0000	0.0000	0.0000	0.0000	0.0000	0.0000	0.0000	0.0000	0.0000	0.0000	0.0000	0.0000	0.0000	0.0000	0.0000	0.0000	0.0000	0.0000	0.0000	0.0000	7.8050	0.0000	4.0035	0.0000	0.0000	0.0000	0.0000	0.0000	0.0000	0.0000	0.0000	0.0000	0.0000	0.0000	0.0000	0.0000	0.0000	0.0000	0.0000	0.0000	0.0000	0.0000	0.0000	0.0000	0.0000	0.0000	0.0000	0.0000	0.0000	0.0000	0.0000	0.0000	0.0000	0.0000	0.0000	0.0000	0.0000	0.0000	0.0000	0.0000	0.0000	0.0000	0.0000	0.0000	0.0000	0.0000	0.0000	0.0000	0.0000	0.0000	0.0000	0.0000	0.0000	0.0000	0.0000	0.0000	0.0000											
46	150	0.4745	4	0	1	0	0	0	0	0	0	N	N	N	N	N	N	N	N	N	N	N	N	0.0000	0.0000	0.0000	0.0000	0.0000	0.0000	0.0000	0.0000	0.0000	0.0000	0.0000	0.0000	0.0000	0.0000	0.0000	0.0000	0.0000	0.0000	0.0000	0.0000	0.0000	3.7255	0.0000	14.1767	0.0000	0.0000	0.0000	0.0000	0.0000	0.0000	0.0000	0.0000	0.0000	0.0000	0.0000	0.0000	0.0000	0.0000	0.0000	0.0000	0.0000	0.0000	0.0000	0.0000	0.0000	0.0000	0.0000	0.0000	0.0000	0.0000	0.0000	0.0000	0.0000	0.0000	0.0000	0.0000	0.0000	0.0000	0.0000	0.0000	0.0000	0.0000	0.0000	0.0000	0.0000	0.0000	0.0000	0.0000	0.0000	0.0000	0.0000	0.0000	0.0000	0.0000	0.0000	0.0000	0.0000	0.0000											
46	151	0.4581	3	0	1	0	0	0	0	0	0	N	N	N	N	N	N	N	N	N	N	N	N	0.0000	0.0000	0.0000	0.0000	0.0000	0.0000	0.0000	0.0000	0.0000	0.0000	0.0000	0.0000	0.0000	0.0000	0.0000	0.0000	0.0000	0.0000	0.0000	0.0000	0.0000	1.4205	0.0000	4.0377	0.0000	0.0000	0.0000	0.0000	0.0000	0.0000	0.0000	0.0000	0.0000	0.0000	0.0000	0.0000	0.0000	0.0000	0.0000	0.0000	0.0000	0.0000	0.0000	0.0000	0.0000	0.0000	0.0000	0.0000	0.0000	0.0000	0.0000	0.0000	0.0000	0.0000	0.0000	0.0000	0.0000	0.0000	0.0000	0.0000	0.0000	0.0000	0.0000	0.0000	0.0000	0.0000	0.0000	0.0000	0.0000	0.0000	0.0000	0.0000	0.0000	0.0000	0.0000	0.0000	0.0000	0.0000											
47	48	0.0651	4	1	2	0	1	0	0	0	0	N	Y	N	N	N	N	N	N	N	N	N	N	0.0000	0.0000	0.0000	0.0000	0.0000	0.0000	0.0000	0.0000	0.0000	0.0000	0.0000	0.0000	0.0000	0.0000	0.0000	0.0000	0.0000	0.0000	0.0000	0.0000	0.0000	0.0000	1.0000	4.0000	0.0000	0.0000	0.0000	0.0000	0.0000	0.0000	0.0000	0.0000	0.0000	0.0000	0.0000	0.0000	0.0000	0.0000	0.0000	0.0000	0.0000	0.0000	0.0000	0.0000	0.0000	0.0000	0.0000	0.0000	0.0000	0.0000	0.0000	0.0097	0.0044	0.0053	0.0023	0.0020	0.0003	0.0073	0.0024	0.0050	0.0000	0.0000	0.0000	0.0000	0.0000	0.0000	0.0000	0.0000	0.0000	0.0000	0.0000	0.0000	0.0000	0.0000	0.0000	0.0000	0.0000	0.0000											
47	49	0.0319	2	0	1	1	1	0	0	0	0	N	N	N	N	N	N	N	N	N	N	N	N	0.0000	0.0000	0.0000	0.0000	0.0000	0.0000	0.0000	0.0000	0.0000	0.0000	0.0000	0.0000	0.0000	0.0000	0.0000	0.0000	0.0000	0.0000	0.0000	0.0000	0.0000	0.0000	1.0000	0.0000	0.0000	0.0000	0.0000	0.0000	0.0000	0.0000	0.0000	0.0000	0.0000	0.0000	0.0000	0.0000	0.0000	0.0000	0.0000	0.0000	0.0000	0.0000	0.0000	0.0000	0.0000	0.0000	0.0000	0.0000	0.0000	0.0000	0.0000	0.0000	0.0000	0.0000	0.0000	0.0000	0.0000	0.0000	0.0000	0.0000	0.0000	0.0000	0.0000	0.0000	0.0000	0.0000	0.0000	0.0000	0.0000	0.0000	0.0000	0.0000	0.0000	0.0000	0.0000	0.0000	0.0000	0.0000											
47	50	0.6835	9	0	1	1	1	0	0	0	0	N	N	N	N	N	N	N	N	N	N	N	N	0.0000	0.0000	0.0000	0.0000	0.0000	0.0000	0.0000	0.0000	0.0000	0.0000	0.0000	0.0000	0.0000	0.0000	0.0000	0.0000	0.0000	0.0000	0.0000	0.0000	0.0000	1.0000	1.0000	1.0000	0.0000	0.0000	0.0000	0.0000	0.0000	0.0000	0.0000	0.0000	0.0000	0.0000	0.0000	0.0000	0.0000	0.0000	0.0000	0.0000	0.0000	0.0000	0.0268	0.0252	0.0016	0.0134	0.0134	0.0000	0.0134	0.0118	0.0016	0.0029	0.0018	0.0011	0.0018	0.0015	0.0003	0.0011	0.0003	0.0008	0.0000	0.0000	0.0000	0.0000	0.0000	0.0000	0.0000	0.0000	0.0000	0.0000	0.0000	0.0000	0.0000	0.0000	0.0000	0.0000	0.0000	0.0000											
47	51	0.6880	9	0	2	0	1	0	0	0	0	N	Y	N	N	N	N	N	N	N	N	N	N	0.0000	0.0000	0.0000	0.0000	0.0000	0.0000	0.0000	0.0000	0.0000	0.0000	0.0000	0.0000	0.0000	0.0000	0.0000	0.0000	0.0000	0.0000	0.0000	0.0000	0.0000	0.0003	1.0000	0.9690	0.0000	0.0000	0.0000	0.0000	0.0000	0.0000	0.0000	0.0000	0.0000	0.0000	0.0000	0.0000	0.0000	0.0000	0.0000	0.0000	0.0000	0.0000	0.0001	0.0001	0.0000	0.0001	0.0001	0.0000	0.0000	0.0000	0.0000	0.0032	0.0024	0.0008	0.0022	0.0020	0.0002	0.0010	0.0004	0.0006	0.0000	0.0000	0.0000	0.0000	0.0000	0.0000	0.0000	0.0000	0.0000	0.0000	0.0000	0.0000	0.0000	0.0000	0.0000	0.0000	0.0000	0.0000											
47	52	0.0676	4	0	2	0	1	0	0	0	0	N	Y	N	N	N	N	N	N	N	N	N	N	0.0000	0.0000	0.0000	0.0000	0.0000	0.0000	0.0000	0.0000	0.0000	0.0000	0.0000	0.0000	0.0000	0.0000	0.0000	0.0000	0.0000	0.0000	0.0000	0.0000	0.0000	0.9211	1.0000	0.1671	0.0000	0.0000	0.0000	0.0000	0.0000	0.0000	0.0000	0.0000	0.0000	0.0000	0.0000	0.0000	0.0000	0.0000	0.0000	0.0000	0.0000	0.0000	0.0274	0.0246	0.0028	0.0137	0.0137	0.0000	0.0137	0.0109	0.0028	0.0065	0.0036	0.0030	0.0019	0.0017	0.0001	0.0047	0.0018	0.0028	0.0000	0.0000	0.0000	0.0000	0.0000	0.0000	0.0000	0.0000	0.0000	0.0000	0.0000	0.0000	0.0000	0.0000	0.0000	0.0000	0.0000	0.0000											
47	53	0.6744	10	0	2	0	1	0	0	0	0	N	Y	N	N	N	N	N	N	N	N	N	N	0.0000	0.0000	0.0000	0.0000	0.0000	0.0000	0.0000	0.0000	0.0000	0.0000	0.0000	0.0000	0.0000	0.0000	0.0000	0.0000	0.0000	0.0000	0.0000	0.0000	0.0000	1.0000	1.0000	5.0000	0.0000	0.0000	0.0000	0.0000	0.0000	0.0000	0.0000	0.0000	0.0000	0.0000	0.0000	0.0000	0.0000	0.0000	0.0000	0.0000	0.0000	0.0000	0.0268	0.0252	0.0016	0.0134	0.0134	0.0000	0.0134	0.0118	0.0016	0.0094	0.0058	0.0035	0.0047	0.0041	0.0006	0.0047	0.0017	0.0030	0.0000	0.0000	0.0000	0.0000	0.0000	0.0000	0.0000	0.0000	0.0000	0.0000	0.0000	0.0000	0.0000	0.0000	0.0000	0.0000	0.0000	0.0000											
47	54	0.6592	9	0	1	0	1	0	0	0	0	N	N	N	N	N	N	N	N	N	N	N	N	0.0000	0.0000	0.0000	0.0000	0.0000	0.0000	0.0000	0.0000	0.0000	0.0000	0.0000	0.0000	0.0000	0.0000	0.0000	0.0000	0.0000	0.0000	0.0000	0.0000	0.0000	0.0000	1.0000	2.9157	0.0000	0.0000	0.0000	0.0000	0.0000	0.0000	0.0000	0.0000	0.0000	0.0000	0.0000	0.0000	0.0000	0.0000	0.0000	0.0000	0.0000	0.0000	0.0000	0.0000	0.0000	0.0000	0.0000	0.0000	0.0000	0.0000	0.0000	0.0060	0.0036	0.0024	0.0030	0.0027	0.0003	0.0030	0.0009	0.0021	0.0000	0.0000	0.0000	0.0000	0.0000	0.0000	0.0000	0.0000	0.0000	0.0000	0.0000	0.0000	0.0000	0.0000	0.0000	0.0000	0.0000	0.0000											
47	56	0.6514	8	0	2	0	2	0	0	0	0	N	Y	N	Y	N	N	N	N	N	N	N	N	0.0000	0.0000	0.0000	0.0000	0.0000	0.0000	0.0000	0.0000	0.0000	0.0000	0.0000	0.0000	0.0000	0.0000	0.0000	0.0000	0.0000	0.0000	0.0000	0.0000	0.0000	1.7218	1.0000	6.9557	0.0000	0.0000	0.0000	0.0000	0.0000	0.0000	0.0000	0.0000	0.0000	0.0000	0.0000	0.0000	0.0000	0.0000	0.0000	0.0000	0.0000	0.0000	0.0453	0.0425	0.0027	0.0227	0.0226	0.0000	0.0226	0.0199	0.0027	0.0132	0.0082	0.0051	0.0066	0.0058	0.0008	0.0066	0.0024	0.0042	0.0000	0.0000	0.0000	0.0000	0.0000	0.0000	0.0000	0.0000	0.0000	0.0000	0.0000	0.0000	0.0000	0.0000	0.0000	0.0000	0.0000	0.0000											
47	57	0.6625	8	1	1	1	1	0	0	0	0	N	N	N	N	N	N	N	N	N	N	N	N	0.0000	0.0000	0.0000	0.0000	0.0000	0.0000	0.0000	0.0000	0.0000	0.0000	0.0000	0.0000	0.0000	0.0000	0.0000	0.0000	0.0000	0.0000	0.0000	0.0000	0.0000	8.9999	1.0000	5.0001	0.0000	0.0000	0.0000	0.0000	0.0000	0.0000	0.0000	0.0000	0.0000	0.0000	0.0000	0.0000	0.0000	0.0000	0.0000	0.0000	0.0000	0.0000	0.1912	0.1800	0.0113	0.0956	0.0956	0.0000	0.0956	0.0843	0.0113	0.0189	0.0127	0.0062	0.0114	0.0101	0.0013	0.0076	0.0026	0.0049	0.0000	0.0000	0.0000	0.0000	0.0000	0.0000	0.0000	0.0000	0.0000	0.0000	0.0000	0.0000	0.0000	0.0000	0.0000	0.0000	0.0000	0.0000											
47	58	0.0651	4	1	1	1	1	0	0	0	0	N	N	N	N	N	N	N	N	N	N	N	N	0.0000	0.0000	0.0000	0.0000	0.0000	0.0000	0.0000	0.0000	0.0000	0.0000	0.0000	0.0000	0.0000	0.0000	0.0000	0.0000	0.0000	0.0000	0.0000	0.0000	0.0000	0.0000	1.0000	1.0000	0.0000	0.0000	0.0000	0.0000	0.0000	0.0000	0.0000	0.0000	0.0000	0.0000	0.0000	0.0000	0.0000	0.0000	0.0000	0.0000	0.0000	0.0000	0.0000	0.0000	0.0000	0.0000	0.0000	0.0000	0.0000	0.0000	0.0000	0.0026	0.0012	0.0014	0.0006	0.0006	0.0001	0.0019	0.0006	0.0013	0.0000	0.0000	0.0000	0.0000	0.0000	0.0000	0.0000	0.0000	0.0000	0.0000	0.0000	0.0000	0.0000	0.0000	0.0000	0.0000	0.0000	0.0000											
47	59	0.6880	9	0	1	1	1	0	0	0	0	N	N	N	N	N	N	N	N	N	N	N	N	0.0000	0.0000	0.0000	0.0000	0.0000	0.0000	0.0000	0.0000	0.0000	0.0000	0.0000	0.0000	0.0000	0.0000	0.0000	0.0000	0.0000	0.0000	0.0000	0.0000	0.0000	0.0006	1.0000	1.1867	0.0000	0.0000	0.0000	0.0000	0.0000	0.0000	0.0000	0.0000	0.0000	0.0000	0.0000	0.0000	0.0000	0.0000	0.0000	0.0000	0.0000	0.0000	0.0001	0.0001	0.0000	0.0001	0.0001	0.0000	0.0000	0.0000	0.0000	0.0036	0.0026	0.0009	0.0024	0.0022	0.0002	0.0012	0.0005	0.0007	0.0000	0.0000	0.0000	0.0000	0.0000	0.0000	0.0000	0.0000	0.0000	0.0000	0.0000	0.0000	0.0000	0.0000	0.0000	0.0000	0.0000	0.0000											
47	60	0.6514	8	0	1	0	1	0	0	0	0	N	N	N	N	N	N	N	N	N	N	N	N	0.0000	0.0000	0.0000	0.0000	0.0000	0.0000	0.0000	0.0000	0.0000	0.0000	0.0000	0.0000	0.0000	0.0000	0.0000	0.0000	0.0000	0.0000	0.0000	0.0000	0.0000	2.2785	1.0000	4.8627	0.0000	0.0000	0.0000	0.0000	0.0000	0.0000	0.0000	0.0000	0.0000	0.0000	0.0000	0.0000	0.0000	0.0000	0.0000	0.0000	0.0000	0.0000	0.0589	0.0553	0.0035	0.0295	0.0294	0.0000	0.0294	0.0259	0.0035	0.0111	0.0068	0.0042	0.0055	0.0048	0.0007	0.0055	0.0020	0.0035	0.0000	0.0000	0.0000	0.0000	0.0000	0.0000	0.0000	0.0000	0.0000	0.0000	0.0000	0.0000	0.0000	0.0000	0.0000	0.0000	0.0000	0.0000											
47	61	0.0676	4	0	1	1	1	0	0	0	0	N	N	N	N	N	N	N	N	N	N	N	N	0.0000	0.0000	0.0000	0.0000	0.0000	0.0000	0.0000	0.0000	0.0000	0.0000	0.0000	0.0000	0.0000	0.0001	0.0000	0.0000	0.0000	0.0000	0.0000	0.0000	0.0000	0.0000	inf	0.0000	0.0000	0.0000	1.0901	1.0000	7.9319	0.0000	0.0000	0.0000	0.0000	0.0000	0.0000	0.0000	0.0000	0.0000	0.0000	0.0000	0.0000	0.0000	0.0000	0.0000	0.0000	0.0000	0.0000	0.0318	0.0287	0.0031	0.0159	0.0159	0.0000	0.0159	0.0128	0.0031	0.0347	0.0160	0.0187	0.0051	0.0049	0.0002	0.0296	0.0111	0.0185	0.0000	0.0000	0.0000	0.0000	0.0000	0.0000	0.0000	0.0000	0.0000	0.0000	0.0000	0.0000	0.0000	0.0000	0.0000	0.0000	0.0000	0.0000						
47	62	0.0375	3	0	1	0	1	0	0	0	0	N	N	N	N	N	N	N	N	N	N	N	N	0.0000	0.0000	0.0000	0.0000	0.0000	0.0000	0.0000	0.0000	0.0000	0.0000	0.0000	0.0000	0.0000	0.0000	0.0000	0.0000	0.0001	0.0002	0.0000	0.0004	0.0004	0.0000	0.0000	0.0000	0.0000	0.0954	0.0000	-0.0000	0.0000	1.6797	1.0000	2.9843	0.0000	0.0000	0.0000	0.0000	0.0000	0.0000	0.0000	0.0000	0.0000	0.0000	0.0000	0.0000	0.0000	0.0000	0.0000	0.0000	0.0000	0.0000	0.2475	0.1353	0.1122	0.1238	0.1238	0.0000	0.1238	0.0115	0.1122	0.0193	0.0086	0.0107	0.0024	0.0024	0.0000	0.0169	0.0062	0.0107	0.0000	0.0000	0.0000	0.0000	0.0000	0.0000	0.0000	0.0000	0.0000	0.0000	0.0000	0.0000	0.0001	0.0001	0.0000	0.0000	0.0000	0.0000			
47	63	0.0273	2	0	1	0	1	0	0	0	0	N	N	N	N	N	N	N	N	N	N	N	N	0.0000	0.0000	0.0000	0.0000	0.0000	0.0000	0.0000	0.0000	0.0000	0.0000	0.0000	0.0000	0.0000	0.0000	0.0000	0.0000	0.0000	0.0001	0.0000	0.0001	0.0001	0.0000	0.0000	0.0000	0.0000	0.2893	0.0000	-0.0000	0.0000	0.4935	1.0000	1.5835	0.0000	0.0000	0.0000	0.0000	0.0000	0.0000	0.0000	0.0000	0.0000	0.0000	0.0000	0.0000	0.0000	0.0000	0.0000	0.0000	0.0000	0.0000	0.2415	0.1243	0.1173	0.1208	0.1208	0.0000	0.1208	0.0035	0.1173	0.0286	0.0139	0.0147	0.0109	0.0109	0.0000	0.0178	0.0031	0.0147	0.0000	0.0000	0.0000	0.0000	0.0000	0.0000	0.0000	0.0000	0.0000	0.0000	0.0000	0.0000	0.0000	0.0000	0.0000	0.0000	0.0000	0.0000			
47	64	0.0319	2	0	2	0	1	0	0	0	0	N	Y	N	N	N	N	N	N	N	N	N	N	11.4550	inf	0.0000	inf	inf	0.0000	0.0000	0.0010	0.0012	0.0000	0.0020	0.0020	0.0000	0.0000	0.0000	0.0000	0.0001	0.0000	0.0000	0.0000	0.0000	0.0000	0.0000	0.0000	0.0000	0.0000	inf	-0.0000	0.0000	0.0000	0.2944	1.0000	1.0083	0.0000	0.0000	0.0000	0.0000	0.0000	0.0000	0.0000	0.0000	0.0000	0.0000	0.0000	0.0000	0.0000	0.0000	0.0000	0.0000	0.0000	0.0000	0.0029	0.0025	0.0004	0.0014	0.0014	0.0000	0.0014	0.0011	0.0004	0.0049	0.0021	0.0028	0.0003	0.0003	0.0000	0.0046	0.0018	0.0028	170.8641	inf	0.0000	inf	inf	0.0000	0.0000	0.0000	0.0000	0.0000	0.0000	0.0000	0.0000	0.0000	0.0000	0.0000	0.0000	0.0000		
47	68	0.0651	4	1	2	1	1	0	0	0	0	N	Y	N	N	N	N	N	N	N	N	N	N	0.0000	0.0000	0.0000	0.0000	0.0000	0.0000	0.0000	0.0000	0.0000	0.0000	0.0000	0.0000	0.0000	0.0000	0.0000	0.0000	0.0000	0.0000	0.0000	0.0000	0.0000	0.0000	1.0000	0.0000	0.0000	0.0000	0.0000	0.0000	0.0000	0.0000	0.0000	0.0000	0.0000	0.0000	0.0000	0.0000	0.0000	0.0000	0.0000	0.0000	0.0000	0.0000	0.0000	0.0000	0.0000	0.0000	0.0000	0.0000	0.0000	0.0000	0.0000	0.0000	0.0000	0.0000	0.0000	0.0000	0.0000	0.0000	0.0000	0.0000	0.0000	0.0000	0.0000	0.0000	0.0000	0.0000	0.0000	0.0000	0.0000	0.0000	0.0000	0.0000	0.0000	0.0000	0.0000	0.0000	0.0000	0.0000											
47	69	0.7078	10	1	2	1	1	0	0	0	0	N	Y	N	N	N	N	N	N	N	N	N	N	0.0000	0.0000	0.0000	0.0000	0.0000	0.0000	0.0000	0.0000	0.0000	0.0000	0.0000	0.0000	0.0000	0.0000	0.0000	0.0000	0.0000	0.0000	0.0000	0.0000	0.0000	1.0000	1.0000	0.0000	0.0000	0.0000	0.0000	0.0000	0.0000	0.0000	0.0000	0.0000	0.0000	0.0000	0.0000	0.0000	0.0000	0.0000	0.0000	0.0000	0.0000	0.0000	0.0000	0.0000	0.0000	0.0000	0.0000	0.0000	0.0000	0.0000	0.0000	0.0012	0.0007	0.0004	0.0007	0.0006	0.0001	0.0005	0.0001	0.0004	0.0000	0.0000	0.0000	0.0000	0.0000	0.0000	0.0000	0.0000	0.0000	0.0000	0.0000	0.0000	0.0000	0.0000	0.0000	0.0000	0.0000	0.0000											
47	70	0.7078	10	1	2	1	1	0	0	0	0	N	Y	N	N	N	N	N	N	N	N	N	N	0.0000	0.0000	0.0000	0.0000	0.0000	0.0000	0.0000	0.0000	0.0000	0.0000	0.0000	0.0000	0.0000	0.0000	0.0000	0.0000	0.0000	0.0000	0.0000	0.0000	0.0000	0.0000	1.0000	0.0000	0.0000	0.0000	0.0000	0.0000	0.0000	0.0000	0.0000	0.0000	0.0000	0.0000	0.0000	0.0000	0.0000	0.0000	0.0000	0.0000	0.0000	0.0000	0.0000	0.0000	0.0000	0.0000	0.0000	0.0000	0.0000	0.0000	0.0000	0.0000	0.0000	0.0000	0.0000	0.0000	0.0000	0.0000	0.0000	0.0000	0.0000	0.0000	0.0000	0.0000	0.0000	0.0000	0.0000	0.0000	0.0000	0.0000	0.0000	0.0000	0.0000	0.0000	0.0000	0.0000	0.0000	0.0000											
47	71	0.6854	9	1	2	1	1	0	0	0	0	N	Y	N	N	N	N	N	N	N	N	N	N	0.0000	0.0000	0.0000	0.0000	0.0000	0.0000	0.0000	0.0000	0.0000	0.0000	0.0000	0.0000	0.0000	0.0000	0.0000	0.0000	0.0000	0.0000	0.0000	0.0000	0.0000	2.0000	1.0000	1.0000	0.0000	0.0000	0.0000	0.0000	0.0000	0.0000	0.0000	0.0000	0.0000	0.0000	0.0000	0.0000	0.0000	0.0000	0.0000	0.0000	0.0000	0.0000	0.0000	0.0000	0.0000	0.0000	0.0000	0.0000	0.0000	0.0000	0.0000	0.0034	0.0021	0.0013	0.0021	0.0018	0.0002	0.0014	0.0003	0.0011	0.0000	0.0000	0.0000	0.0000	0.0000	0.0000	0.0000	0.0000	0.0000	0.0000	0.0000	0.0000	0.0000	0.0000	0.0000	0.0000	0.0000	0.0000											
47	72	0.6625	8	1	1	1	1	0	0	0	0	N	N	N	N	N	N	N	N	N	N	N	N	0.0000	0.0000	0.0000	0.0000	0.0000	0.0000	0.0000	0.0000	0.0000	0.0000	0.0000	0.0000	0.0000	0.0000	0.0000	0.0000	0.0000	0.0000	0.0000	0.0000	0.0000	1.0017	1.0000	2.0007	0.0000	0.0000	0.0000	0.0000	0.0000	0.0000	0.0000	0.0000	0.0000	0.0000	0.0000	0.0000	0.0000	0.0000	0.0000	0.0000	0.0000	0.0000	0.0269	0.0252	0.0016	0.0134	0.0134	0.0000	0.0134	0.0118	0.0016	0.0045	0.0030	0.0015	0.0027	0.0024	0.0003	0.0018	0.0006	0.0012	0.0000	0.0000	0.0000	0.0000	0.0000	0.0000	0.0000	0.0000	0.0000	0.0000	0.0000	0.0000	0.0000	0.0000	0.0000	0.0000	0.0000	0.0000											
47	73	0.0843	5	1	2	0	1	0	0	0	0	N	Y	N	N	N	N	N	N	N	N	N	N	0.0000	0.0000	0.0000	0.0000	0.0000	0.0000	0.0000	0.0000	0.0000	0.0000	0.0000	0.0000	0.0000	0.0000	0.0000	0.0000	0.0000	0.0000	0.0000	0.0000	0.0000	0.0000	1.0000	0.0000	0.0000	0.0000	0.0000	0.0000	0.0000	0.0000	0.0000	0.0000	0.0000	0.0000	0.0000	0.0000	0.0000	0.0000	0.0000	0.0000	0.0000	0.0000	0.0000	0.0000	0.0000	0.0000	0.0000	0.0000	0.0000	0.0000	0.0000	0.0000	0.0000	0.0000	0.0000	0.0000	0.0000	0.0000	0.0000	0.0000	0.0000	0.0000	0.0000	0.0000	0.0000	0.0000	0.0000	0.0000	0.0000	0.0000	0.0000	0.0000	0.0000	0.0000	0.0000	0.0000	0.0000	0.0000											
47	74	0.6894	9	1	2	0	1	0	0	0	0	N	Y	N	N	N	N	N	N	N	N	N	N	0.0000	0.0000	0.0000	0.0000	0.0000	0.0000	0.0000	0.0000	0.0000	0.0000	0.0000	0.0000	0.0000	0.0000	0.0000	0.0000	0.0000	0.0000	0.0000	0.0000	0.0000	0.0000	1.0000	0.0010	0.0000	0.0000	0.0000	0.0000	0.0000	0.0000	0.0000	0.0000	0.0000	0.0000	0.0000	0.0000	0.0000	0.0000	0.0000	0.0000	0.0000	0.0000	0.0000	0.0000	0.0000	0.0000	0.0000	0.0000	0.0000	0.0000	0.0000	0.0022	0.0013	0.0009	0.0011	0.0011	0.0000	0.0011	0.0002	0.0009	0.0000	0.0000	0.0000	0.0000	0.0000	0.0000	0.0000	0.0000	0.0000	0.0000	0.0000	0.0000	0.0000	0.0000	0.0000	0.0000	0.0000	0.0000											
47	75	0.6786	11	0	2	0	2	0	0	0	0	N	Y	N	Y	N	N	N	N	N	N	N	N	0.0000	0.0000	0.0000	0.0000	0.0000	0.0000	0.0000	0.0000	0.0000	0.0000	0.0000	0.0000	0.0000	0.0000	0.0000	0.0000	0.0000	0.0000	0.0000	0.0000	0.0000	0.0000	1.0000	0.0000	0.0000	0.0000	0.0000	0.0000	0.0000	0.0000	0.0000	0.0000	0.0000	0.0000	0.0000	0.0000	0.0000	0.0000	0.0000	0.0000	0.0000	0.0000	0.0000	0.0000	0.0000	0.0000	0.0000	0.0000	0.0000	0.0000	0.0000	0.0000	0.0000	0.0000	0.0000	0.0000	0.0000	0.0000	0.0000	0.0000	0.0000	0.0000	0.0000	0.0000	0.0000	0.0000	0.0000	0.0000	0.0000	0.0000	0.0000	0.0000	0.0000	0.0000	0.0000	0.0000	0.0000	0.0000											
47	76	0.6786	11	0	1	0	2	0	0	0	0	N	N	N	Y	N	N	N	N	N	N	N	N	0.0000	0.0000	0.0000	0.0000	0.0000	0.0000	0.0000	0.0000	0.0000	0.0000	0.0000	0.0000	0.0000	0.0000	0.0000	0.0000	0.0000	0.0000	0.0000	0.0000	0.0000	0.0000	1.0000	0.0000	0.0000	0.0000	0.0000	0.0000	0.0000	0.0000	0.0000	0.0000	0.0000	0.0000	0.0000	0.0000	0.0000	0.0000	0.0000	0.0000	0.0000	0.0000	0.0000	0.0000	0.0000	0.0000	0.0000	0.0000	0.0000	0.0000	0.0000	0.0000	0.0000	0.0000	0.0000	0.0000	0.0000	0.0000	0.0000	0.0000	0.0000	0.0000	0.0000	0.0000	0.0000	0.0000	0.0000	0.0000	0.0000	0.0000	0.0000	0.0000	0.0000	0.0000	0.0000	0.0000	0.0000	0.0000											
47	77	0.6632	10	0	1	0	2	0	0	0	0	N	N	N	Y	N	N	N	N	N	N	N	N	0.0000	0.0000	0.0000	0.0000	0.0000	0.0000	0.0000	0.0000	0.0000	0.0000	0.0000	0.0000	0.0000	0.0000	0.0000	0.0000	0.0000	0.0000	0.0000	0.0000	0.0000	0.0002	1.0000	2.9297	0.0000	0.0000	0.0000	0.0000	0.0000	0.0000	0.0000	0.0000	0.0000	0.0000	0.0000	0.0000	0.0000	0.0000	0.0000	0.0000	0.0000	0.0000	0.0000	0.0000	0.0000	0.0000	0.0000	0.0000	0.0000	0.0000	0.0000	0.0118	0.0075	0.0043	0.0081	0.0065	0.0016	0.0037	0.0010	0.0027	0.0000	0.0000	0.0000	0.0000	0.0000	0.0000	0.0000	0.0000	0.0000	0.0000	0.0000	0.0000	0.0000	0.0000	0.0000	0.0000	0.0000	0.0000											
47	78	0.6592	9	0	1	0	2	0	0	0	0	N	N	N	Y	N	N	N	N	N	N	N	N	0.0000	0.0000	0.0000	0.0000	0.0000	0.0000	0.0000	0.0000	0.0000	0.0000	0.0000	0.0000	0.0000	0.0000	0.0000	0.0000	0.0000	0.0000	0.0000	0.0000	0.0000	0.0003	1.0000	2.1916	0.0000	0.0000	0.0000	0.0000	0.0000	0.0000	0.0000	0.0000	0.0000	0.0000	0.0000	0.0000	0.0000	0.0000	0.0000	0.0000	0.0000	0.0000	0.0000	0.0000	0.0000	0.0000	0.0000	0.0000	0.0000	0.0000	0.0000	0.0049	0.0029	0.0020	0.0024	0.0022	0.0002	0.0024	0.0007	0.0018	0.0000	0.0000	0.0000	0.0000	0.0000	0.0000	0.0000	0.0000	0.0000	0.0000	0.0000	0.0000	0.0000	0.0000	0.0000	0.0000	0.0000	0.0000											
47	79	0.6514	8	0	1	0	1	0	0	0	0	N	N	N	N	N	N	N	N	N	N	N	N	0.0000	0.0000	0.0000	0.0000	0.0000	0.0000	0.0000	0.0000	0.0000	0.0000	0.0000	0.0000	0.0000	0.0000	0.0000	0.0000	0.0000	0.0000	0.0000	0.0000	0.0000	0.2782	1.0000	1.3600	0.0000	0.0000	0.0000	0.0000	0.0000	0.0000	0.0000	0.0000	0.0000	0.0000	0.0000	0.0000	0.0000	0.0000	0.0000	0.0000	0.0000	0.0000	0.0077	0.0072	0.0005	0.0039	0.0039	0.0000	0.0038	0.0034	0.0005	0.0027	0.0016	0.0010	0.0013	0.0012	0.0002	0.0013	0.0005	0.0009	0.0000	0.0000	0.0000	0.0000	0.0000	0.0000	0.0000	0.0000	0.0000	0.0000	0.0000	0.0000	0.0000	0.0000	0.0000	0.0000	0.0000	0.0000											
47	80	0.6950	10	0	2	1	1	0	0	0	0	N	Y	N	N	N	N	N	N	N	N	N	N	0.0000	0.0000	0.0000	0.0000	0.0000	0.0000	0.0000	0.0000	0.0000	0.0000	0.0000	0.0000	0.0000	0.0001	0.0003	0.0000	0.0003	0.0003	0.0000	0.0000	0.0000	0.0000	0.0000	0.0000	-0.0000	0.0000	0.0029	1.0000	2.0135	0.0000	0.0000	0.0000	0.0000	0.0000	0.0000	0.0000	0.0000	0.0000	0.0000	0.0000	0.0000	0.0000	0.0000	0.0000	0.0000	0.0000	0.0000	0.0001	0.0001	0.0000	0.0000	0.0000	0.0000	0.0000	0.0000	0.0000	0.0040	0.0029	0.0011	0.0028	0.0026	0.0002	0.0013	0.0004	0.0009	0.0000	0.0000	0.0000	0.0000	0.0000	0.0000	0.0000	0.0000	0.0000	0.0000	0.0000	0.0000	0.0000	0.0000	0.0000	0.0000	0.0000	0.0000						
47	81	0.6884	9	0	2	0	1	0	0	0	0	N	Y	N	N	N	N	N	N	N	N	N	N	0.0000	0.0000	0.0000	0.0000	0.0000	0.0000	0.0000	0.0000	0.0000	0.0000	0.0000	0.0000	0.0000	0.0000	0.0000	0.0000	0.0000	0.0000	-0.0000	0.0000	0.0000	0.6188	1.0000	0.9475	0.0000	0.0000	0.0000	0.0000	0.0000	0.0000	0.0000	0.0000	0.0000	0.0000	0.0000	0.0000	0.0000	0.0000	0.0000	0.0000	0.0000	0.0000	0.0168	0.0158	0.0010	0.0084	0.0084	0.0000	0.0084	0.0074	0.0010	0.0029	0.0019	0.0010	0.0018	0.0016	0.0002	0.0011	0.0003	0.0008	0.0000	0.0000	0.0000	0.0000	0.0000	0.0000	0.0000	0.0000	0.0000	0.0000	0.0000	0.0000	0.0000	0.0000	0.0000	0.0000	0.0000	0.0000											
47	82	0.0875	5	0	2	1	1	0	0	0	0	N	Y	N	N	N	N	N	N	N	N	N	N	0.0000	0.0000	0.0000	0.0000	0.0000	0.0000	0.0000	0.0000	0.0000	0.0000	0.0000	0.0000	0.0000	0.0000	0.0000	0.0000	0.0000	0.0000	0.0000	0.0000	0.0000	0.0000	1.0000	1.0000	0.0000	0.0000	0.0000	0.0000	0.0000	0.0000	0.0000	0.0000	0.0000	0.0000	0.0000	0.0000	0.0000	0.0000	0.0000	0.0000	0.0000	0.0000	0.0000	0.0000	0.0000	0.0000	0.0000	0.0000	0.0000	0.0000	0.0000	0.0027	0.0011	0.0017	0.0001	0.0001	0.0000	0.0026	0.0009	0.0017	0.0000	0.0000	0.0000	0.0000	0.0000	0.0000	0.0000	0.0000	0.0000	0.0000	0.0000	0.0000	0.0000	0.0000	0.0000	0.0000	0.0000	0.0000											
47	83	0.6625	8	1	1	1	1	0	0	0	0	N	N	N	N	N	N	N	N	N	N	N	N	0.0000	0.0000	0.0000	0.0000	0.0000	0.0000	0.0000	0.0000	0.0000	0.0000	0.0000	0.0000	0.0000	0.0000	0.0000	0.0000	0.0000	0.0000	0.0000	0.0000	0.0000	9.0001	1.0000	3.0001	0.0000	0.0000	0.0000	0.0000	0.0000	0.0000	0.0000	0.0000	0.0000	0.0000	0.0000	0.0000	0.0000	0.0000	0.0000	0.0000	0.0000	0.0000	0.1912	0.1800	0.0113	0.0956	0.0956	0.0000	0.0956	0.0844	0.0113	0.0165	0.0111	0.0054	0.0099	0.0088	0.0011	0.0066	0.0023	0.0043	0.0000	0.0000	0.0000	0.0000	0.0000	0.0000	0.0000	0.0000	0.0000	0.0000	0.0000	0.0000	0.0000	0.0000	0.0000	0.0000	0.0000	0.0000											
47	84	0.0651	4	1	1	1	1	0	0	0	0	N	N	N	N	N	N	N	N	N	N	N	N	inf	inf	inf	inf	1.9408	2.0913	0.0000	4.9058	4.9112	0.0000	0.0000	0.0000	0.0000	0.0000	0.0000	0.0000	0.0000	0.0000	0.0000	0.0000	0.0000	0.0000	0.0000	-0.0000	0.0000	0.0000	4.0000	1.0000	0.0000	0.0000	0.0000	0.0000	0.0000	0.0000	0.0000	0.0000	0.0000	0.0000	0.0000	0.0000	0.0000	0.0000	0.0000	0.0000	0.0000	0.0000	0.0000	0.0000	0.0000	0.0000	0.0000	0.0000	0.0000	0.0000	0.0000	0.0000	0.0097	0.0044	0.0053	0.0023	0.0020	0.0003	0.0073	0.0024	0.0050	inf	inf	0.0000	inf	inf	0.0000	0.0000	0.0000	0.0000	0.0000	0.0000	0.0000	0.0000	0.0000	0.0000	0.0000	0.0000	0.0000						
47	85	0.1112	5	1	2	0	1	0	0	0	0	N	Y	N	N	N	N	N	N	N	N	N	N	0.0000	0.0000	0.0000	0.0000	0.0000	0.0000	0.0000	0.0000	0.0000	0.0000	0.0000	0.0000	0.0000	0.0000	0.0000	0.0000	0.0000	0.0000	0.0000	0.0000	0.0000	1.0086	1.0000	1.7435	0.0000	0.0000	0.0000	0.0000	0.0000	0.0000	0.0000	0.0000	0.0000	0.0000	0.0000	0.0000	0.0000	0.0000	0.0000	0.0000	0.0000	0.0000	0.0328	0.0203	0.0125	0.0164	0.0164	0.0000	0.0164	0.0039	0.0125	0.0103	0.0054	0.0049	0.0033	0.0030	0.0003	0.0070	0.0023	0.0047	0.0000	0.0000	0.0000	0.0000	0.0000	0.0000	0.0000	0.0000	0.0000	0.0000	0.0000	0.0000	0.0000	0.0000	0.0000	0.0000	0.0000	0.0000											
47	86	0.0651	4	1	2	0	1	0	0	0	0	N	Y	N	N	N	N	N	N	N	N	N	N	0.0000	0.0000	0.0000	0.0000	0.0000	0.0000	0.0000	0.0000	0.0000	0.0000	0.0000	0.0000	0.0000	0.0000	0.0000	0.0000	0.0000	0.0000	0.0000	0.0000	0.0000	1.0165	1.0000	4.1395	0.0000	0.0000	0.0000	0.0000	0.0000	0.0000	0.0000	0.0000	0.0000	0.0000	0.0000	0.0000	0.0000	0.0000	0.0000	0.0000	0.0000	0.0000	0.0000	0.0000	0.0000	0.0000	0.0000	0.0000	0.0000	0.0000	0.0000	0.0121	0.0055	0.0067	0.0029	0.0025	0.0004	0.0093	0.0030	0.0062	0.0000	0.0000	0.0000	0.0000	0.0000	0.0000	0.0000	0.0000	0.0000	0.0000	0.0000	0.0000	0.0000	0.0000	0.0000	0.0000	0.0000	0.0000											
47	87	0.6212	7	1	2	0	1	0	0	0	0	N	Y	N	N	N	N	N	N	N	N	N	N	inf	inf	inf	inf	0.0001	0.0001	0.0000	0.0001	0.0001	0.0000	0.0000	0.0000	0.0000	0.0000	0.0000	0.0000	0.0000	0.0000	0.0000	0.0000	0.0000	0.0000	0.0000	-0.0000	0.0000	0.0000	9.0005	1.0000	5.0000	0.0000	0.0000	0.0000	0.0000	0.0000	0.0000	0.0000	0.0000	0.0000	0.0000	0.0000	0.0000	0.0000	0.0000	0.0000	0.0000	0.0000	0.0000	0.1912	0.1800	0.0113	0.0956	0.0956	0.0000	0.0956	0.0844	0.0113	0.0201	0.0126	0.0075	0.0103	0.0090	0.0013	0.0098	0.0036	0.0062	inf	inf	0.0000	inf	inf	0.0000	0.0000	0.0000	0.0000	0.0000	0.0000	0.0000	0.0000	0.0000	0.0000	0.0000	0.0000	0.0000						
47	88	0.0875	5	0	2	0	1	0	0	0	0	N	Y	N	N	N	N	N	N	N	N	N	N	0.0000	0.0000	0.0000	0.0000	0.0000	0.0000	0.0000	0.0000	0.0000	0.0000	0.0000	0.0000	0.0000	0.0000	0.0000	0.0000	0.0000	0.0000	0.0000	0.0000	0.0000	0.0000	1.0000	0.0000	0.0000	0.0000	0.0000	0.0000	0.0000	0.0000	0.0000	0.0000	0.0000	0.0000	0.0000	0.0000	0.0000	0.0000	0.0000	0.0000	0.0000	0.0000	0.0000	0.0000	0.0000	0.0000	0.0000	0.0000	0.0000	0.0000	0.0000	0.0000	0.0000	0.0000	0.0000	0.0000	0.0000	0.0000	0.0000	0.0000	0.0000	0.0000	0.0000	0.0000	0.0000	0.0000	0.0000	0.0000	0.0000	0.0000	0.0000	0.0000	0.0000	0.0000	0.0000	0.0000	0.0000	0.0000											
47	89	0.6884	9	0	2	0	1	0	0	0	0	N	Y	N	N	N	N	N	N	N	N	N	N	0.0000	0.0000	0.0000	0.0000	0.0000	0.0000	0.0000	0.0000	0.0000	0.0000	0.0000	0.0000	0.0000	0.0000	0.0000	0.0000	0.0000	0.0000	0.0000	0.0000	0.0000	1.9953	1.0000	1.0817	0.0000	0.0000	0.0000	0.0000	0.0000	0.0000	0.0000	0.0000	0.0000	0.0000	0.0000	0.0000	0.0000	0.0000	0.0000	0.0000	0.0000	0.0000	0.0522	0.0490	0.0031	0.0261	0.0261	0.0000	0.0261	0.0230	0.0031	0.0050	0.0034	0.0016	0.0031	0.0028	0.0003	0.0019	0.0006	0.0013	0.0000	0.0000	0.0000	0.0000	0.0000	0.0000	0.0000	0.0000	0.0000	0.0000	0.0000	0.0000	0.0000	0.0000	0.0000	0.0000	0.0000	0.0000											
47	90	0.6625	8	0	2	0	1	0	0	0	0	N	Y	N	N	N	N	N	N	N	N	N	N	0.0000	0.0000	0.0000	0.0000	0.0000	0.0000	0.0000	0.0000	0.0000	0.0000	0.0000	0.0000	0.0000	0.0000	0.0000	0.0000	0.0000	0.0000	0.0000	0.0000	0.0000	2.3999	1.0000	4.0713	0.0000	0.0000	0.0000	0.0000	0.0000	0.0000	0.0000	0.0000	0.0000	0.0000	0.0000	0.0000	0.0000	0.0000	0.0000	0.0000	0.0000	0.0000	0.0617	0.0580	0.0037	0.0308	0.0308	0.0000	0.0308	0.0272	0.0037	0.0093	0.0063	0.0031	0.0056	0.0050	0.0006	0.0037	0.0013	0.0024	0.0000	0.0000	0.0000	0.0000	0.0000	0.0000	0.0000	0.0000	0.0000	0.0000	0.0000	0.0000	0.0000	0.0000	0.0000	0.0000	0.0000	0.0000											
47	91	0.6835	9	0	1	1	1	0	0	0	0	N	N	N	N	N	N	N	N	N	N	N	N	0.0000	0.0000	0.0000	0.0000	0.0000	0.0000	0.0000	0.0000	0.0000	0.0000	0.0000	0.0000	0.0000	0.0000	0.0000	0.0000	0.0000	0.0000	0.0000	0.0000	0.0000	0.0000	1.0000	0.0000	0.0000	0.0000	0.0000	0.0000	0.0000	0.0000	0.0000	0.0000	0.0000	0.0000	0.0000	0.0000	0.0000	0.0000	0.0000	0.0000	0.0000	0.0000	0.0000	0.0000	0.0000	0.0000	0.0000	0.0000	0.0000	0.0000	0.0000	0.0000	0.0000	0.0000	0.0000	0.0000	0.0000	0.0000	0.0000	0.0000	0.0000	0.0000	0.0000	0.0000	0.0000	0.0000	0.0000	0.0000	0.0000	0.0000	0.0000	0.0000	0.0000	0.0000	0.0000	0.0000	0.0000	0.0000											
47	92	0.6514	8	0	1	1	1	0	0	0	0	N	N	N	N	N	N	N	N	N	N	N	N	0.0000	0.0000	0.0000	0.0000	0.0000	0.0000	0.0000	0.0000	0.0000	0.0000	0.0000	0.0000	0.0000	0.0000	0.0000	0.0000	0.0000	0.0000	0.0000	0.0000	0.0000	3.7221	1.0000	2.9993	0.0000	0.0000	0.0000	0.0000	0.0000	0.0000	0.0000	0.0000	0.0000	0.0000	0.0000	0.0000	0.0000	0.0000	0.0000	0.0000	0.0000	0.0000	0.0921	0.0866	0.0055	0.0461	0.0460	0.0000	0.0460	0.0405	0.0055	0.0104	0.0064	0.0040	0.0052	0.0046	0.0006	0.0052	0.0019	0.0033	0.0000	0.0000	0.0000	0.0000	0.0000	0.0000	0.0000	0.0000	0.0000	0.0000	0.0000	0.0000	0.0000	0.0000	0.0000	0.0000	0.0000	0.0000											
47	93	0.6212	7	0	1	0	1	0	0	0	0	N	N	N	N	N	N	N	N	N	N	N	N	0.0000	0.0000	0.0000	0.0000	0.0000	0.0000	0.0000	0.0000	0.0000	0.0000	0.0000	0.0000	0.0000	0.0000	0.0000	0.0000	0.0000	0.0000	0.0000	0.0000	0.0000	2.7217	1.0000	3.0458	0.0000	0.0000	0.0000	0.0000	0.0000	0.0000	0.0000	0.0000	0.0000	0.0000	0.0000	0.0000	0.0000	0.0000	0.0000	0.0000	0.0000	0.0000	0.0693	0.0652	0.0041	0.0346	0.0346	0.0000	0.0346	0.0305	0.0041	0.0089	0.0056	0.0033	0.0045	0.0040	0.0006	0.0044	0.0016	0.0028	0.0000	0.0000	0.0000	0.0000	0.0000	0.0000	0.0000	0.0000	0.0000	0.0000	0.0000	0.0000	0.0000	0.0000	0.0000	0.0000	0.0000	0.0000											
47	94	0.6787	9	1	2	0	1	0	0	0	0	N	Y	N	N	N	N	N	N	N	N	N	N	inf	inf	inf	inf	0.0001	0.0000	0.0012	0.0001	0.0000	25.1313	0.0000	0.0000	0.0000	0.0000	0.0000	0.0000	0.0000	0.0000	0.0000	0.0000	0.0000	0.0000	inf	0.0000	0.0000	0.0000	5.9980	1.0000	4.9575	0.0000	0.0000	0.0000	0.0000	0.0000	0.0000	0.0000	0.0000	0.0000	0.0000	0.0000	0.0000	0.0000	0.0000	0.0000	0.0000	0.0000	0.0000	0.1387	0.1305	0.0082	0.0694	0.0694	0.0000	0.0694	0.0611	0.0082	0.0141	0.0099	0.0042	0.0089	0.0078	0.0010	0.0053	0.0021	0.0032	inf	0.0000	inf	inf	0.0000	inf	0.0000	0.0000	0.0000	0.0000	0.0000	0.0000	0.0000	0.0000	0.0000	0.0000	0.0000	0.0000						
47	95	0.0875	5	1	2	0	1	0	0	0	0	N	Y	N	N	N	N	N	N	N	N	N	N	0.0000	0.0000	0.0000	0.0000	0.0000	0.0000	0.0000	0.0000	0.0000	0.0000	0.0000	0.0000	0.0000	0.0000	0.0000	0.0000	0.0000	0.0000	0.0000	0.0000	0.0000	0.0000	1.0000	2.0000	0.0000	0.0000	0.0000	0.0000	0.0000	0.0000	0.0000	0.0000	0.0000	0.0000	0.0000	0.0000	0.0000	0.0000	0.0000	0.0000	0.0000	0.0000	0.0000	0.0000	0.0000	0.0000	0.0000	0.0000	0.0000	0.0000	0.0000	0.0054	0.0021	0.0033	0.0002	0.0002	0.0000	0.0052	0.0019	0.0033	0.0000	0.0000	0.0000	0.0000	0.0000	0.0000	0.0000	0.0000	0.0000	0.0000	0.0000	0.0000	0.0000	0.0000	0.0000	0.0000	0.0000	0.0000											
47	96	0.0651	4	0	2	0	1	0	0	0	0	N	Y	N	N	N	N	N	N	N	N	N	N	inf	inf	inf	inf	1.9408	2.0913	0.0000	4.9058	4.9112	0.0000	0.0000	0.0000	0.0000	0.0000	0.0000	0.0000	0.0000	0.0000	0.0000	0.0000	0.0000	0.0000	0.0000	-0.0000	0.0000	0.0000	4.0000	1.0000	0.0000	0.0000	0.0000	0.0000	0.0000	0.0000	0.0000	0.0000	0.0000	0.0000	0.0000	0.0000	0.0000	0.0000	0.0000	0.0000	0.0000	0.0000	0.0000	0.0000	0.0000	0.0000	0.0000	0.0000	0.0000	0.0000	0.0000	0.0000	0.0097	0.0044	0.0053	0.0023	0.0020	0.0003	0.0073	0.0024	0.0050	inf	inf	0.0000	inf	inf	0.0000	0.0000	0.0000	0.0000	0.0000	0.0000	0.0000	0.0000	0.0000	0.0000	0.0000	0.0000	0.0000						
47	97	0.6212	7	0	1	0	1	0	0	0	0	N	N	N	N	N	N	N	N	N	N	N	N	0.0000	0.0000	0.0000	0.0000	0.0000	0.0000	0.0000	0.0000	0.0000	0.0000	0.0000	0.0000	0.0000	0.0000	0.0000	0.0000	0.0000	0.0000	0.0000	0.0000	0.0000	3.9994	1.0000	4.0000	0.0000	0.0000	0.0000	0.0000	0.0000	0.0000	0.0000	0.0000	0.0000	0.0000	0.0000	0.0000	0.0000	0.0000	0.0000	0.0000	0.0000	0.0000	0.0980	0.0922	0.0058	0.0490	0.0490	0.0000	0.0490	0.0432	0.0058	0.0121	0.0076	0.0045	0.0061	0.0054	0.0008	0.0059	0.0022	0.0038	0.0000	0.0000	0.0000	0.0000	0.0000	0.0000	0.0000	0.0000	0.0000	0.0000	0.0000	0.0000	0.0000	0.0000	0.0000	0.0000	0.0000	0.0000											
47	98	0.0651	4	0	1	0	1	0	0	0	0	N	N	N	N	N	N	N	N	N	N	N	N	0.0000	0.0000	0.0000	0.0000	0.0000	0.0000	0.0000	0.0000	0.0000	0.0000	0.0000	0.0000	0.0000	0.0000	0.0000	0.0000	0.0000	0.0000	0.0000	0.0000	0.0000	1.0000	1.0000	0.0000	0.0000	0.0000	0.0000	0.0000	0.0000	0.0000	0.0000	0.0000	0.0000	0.0000	0.0000	0.0000	0.0000	0.0000	0.0000	0.0000	0.0000	0.0000	0.0000	0.0000	0.0000	0.0000	0.0000	0.0000	0.0000	0.0000	0.0000	0.0047	0.0021	0.0026	0.0012	0.0010	0.0002	0.0035	0.0011	0.0024	0.0000	0.0000	0.0000	0.0000	0.0000	0.0000	0.0000	0.0000	0.0000	0.0000	0.0000	0.0000	0.0000	0.0000	0.0000	0.0000	0.0000	0.0000											
47	99	0.5102	6	0	1	0	1	0	0	0	0	N	N	N	N	N	N	N	N	N	N	N	N	0.0000	0.0000	0.0000	0.0000	0.0000	0.0000	0.0000	0.0000	0.0000	0.0000	0.0000	0.0000	0.0000	0.0000	0.0000	0.0000	0.0000	0.0000	-0.0000	0.0000	0.0000	1.5982	1.0000	11.1970	0.0000	0.0000	0.0000	0.0000	0.0000	0.0000	0.0000	0.0000	0.0000	0.0000	0.0000	0.0000	0.0000	0.0000	0.0000	0.0000	0.0000	0.0000	0.2565	0.1979	0.0586	0.1919	0.1343	0.0577	0.0646	0.0636	0.0009	0.0268	0.0161	0.0107	0.0116	0.0105	0.0010	0.0152	0.0056	0.0097	0.0000	0.0000	0.0000	0.0000	0.0000	0.0000	0.0000	0.0000	0.0000	0.0000	0.0000	0.0000	0.0000	0.0000	0.0000	0.0000	0.0000	0.0000											
47	100	0.6802	10	1	2	1	1	0	0	0	0	N	Y	N	N	N	N	N	N	N	N	N	N	0.0000	0.0000	0.0000	0.0000	0.0000	0.0000	0.0000	0.0000	0.0000	0.0000	0.0000	0.0000	0.0000	0.0000	0.0000	0.0000	0.0000	0.0000	0.0000	0.0000	0.0000	0.0000	1.0000	0.9982	0.0000	0.0000	0.0000	0.0000	0.0000	0.0000	0.0000	0.0000	0.0000	0.0000	0.0000	0.0000	0.0000	0.0000	0.0000	0.0000	0.0000	0.0000	0.0000	0.0000	0.0000	0.0000	0.0000	0.0000	0.0000	0.0000	0.0000	0.0014	0.0010	0.0004	0.0009	0.0008	0.0001	0.0005	0.0002	0.0003	0.0000	0.0000	0.0000	0.0000	0.0000	0.0000	0.0000	0.0000	0.0000	0.0000	0.0000	0.0000	0.0000	0.0000	0.0000	0.0000	0.0000	0.0000											
47	101	0.0998	7	1	2	1	1	0	0	0	0	N	Y	N	N	N	N	N	N	N	N	N	N	0.0000	0.0000	0.0000	0.0000	0.0000	0.0000	0.0000	0.0000	0.0000	0.0000	0.0000	0.0000	0.0000	0.0000	0.0000	0.0000	0.0000	0.0000	0.0000	0.0000	0.0000	0.0000	1.0000	0.0000	0.0000	0.0000	0.0000	0.0000	0.0000	0.0000	0.0000	0.0000	0.0000	0.0000	0.0000	0.0000	0.0000	0.0000	0.0000	0.0000	0.0000	0.0000	0.0000	0.0000	0.0000	0.0000	0.0000	0.0000	0.0000	0.0000	0.0000	0.0000	0.0000	0.0000	0.0000	0.0000	0.0000	0.0000	0.0000	0.0000	0.0000	0.0000	0.0000	0.0000	0.0000	0.0000	0.0000	0.0000	0.0000	0.0000	0.0000	0.0000	0.0000	0.0000	0.0000	0.0000	0.0000	0.0000											
47	102	0.0998	6	1	1	1	1	0	0	0	0	N	N	N	N	N	N	N	N	N	N	N	N	0.0000	0.0000	0.0000	0.0000	0.0000	0.0000	0.0000	0.0000	0.0000	0.0000	0.0000	0.0000	0.0000	0.0000	0.0000	0.0000	0.0000	0.0000	0.0000	0.0000	0.0000	0.0000	1.0000	0.0000	0.0000	0.0000	0.0000	0.0000	0.0000	0.0000	0.0000	0.0000	0.0000	0.0000	0.0000	0.0000	0.0000	0.0000	0.0000	0.0000	0.0000	0.0000	0.0000	0.0000	0.0000	0.0000	0.0000	0.0000	0.0000	0.0000	0.0000	0.0000	0.0000	0.0000	0.0000	0.0000	0.0000	0.0000	0.0000	0.0000	0.0000	0.0000	0.0000	0.0000	0.0000	0.0000	0.0000	0.0000	0.0000	0.0000	0.0000	0.0000	0.0000	0.0000	0.0000	0.0000	0.0000	0.0000											
47	103	0.0937	5	1	1	1	1	0	0	0	0	N	N	N	N	N	N	N	N	N	N	N	N	0.0000	0.0000	0.0000	0.0000	0.0000	0.0000	0.0000	0.0000	0.0000	0.0000	0.0000	0.0000	0.0000	0.0000	0.0000	0.0000	0.0000	0.0000	0.0000	0.0000	0.0000	0.0000	1.0000	1.0091	0.0000	0.0000	0.0000	0.0000	0.0000	0.0000	0.0000	0.0000	0.0000	0.0000	0.0000	0.0000	0.0000	0.0000	0.0000	0.0000	0.0000	0.0000	0.0000	0.0000	0.0000	0.0000	0.0000	0.0000	0.0000	0.0000	0.0000	0.0028	0.0011	0.0017	0.0001	0.0001	0.0000	0.0026	0.0010	0.0017	0.0000	0.0000	0.0000	0.0000	0.0000	0.0000	0.0000	0.0000	0.0000	0.0000	0.0000	0.0000	0.0000	0.0000	0.0000	0.0000	0.0000	0.0000											
47	104	0.6212	7	0	2	0	1	0	0	0	0	N	Y	N	N	N	N	N	N	N	N	N	N	0.0000	0.0000	0.0000	0.0000	0.0000	0.0000	0.0000	0.0000	0.0000	0.0000	0.0000	0.0000	0.0000	0.0000	0.0000	0.0000	0.0000	0.0000	0.0000	0.0000	0.0000	7.9994	1.0000	4.0001	0.0000	0.0000	0.0000	0.0000	0.0000	0.0000	0.0000	0.0000	0.0000	0.0000	0.0000	0.0000	0.0000	0.0000	0.0000	0.0000	0.0000	0.0000	0.1748	0.1645	0.0103	0.0874	0.0874	0.0000	0.0874	0.0771	0.0103	0.0175	0.0109	0.0065	0.0089	0.0078	0.0011	0.0086	0.0031	0.0054	0.0000	0.0000	0.0000	0.0000	0.0000	0.0000	0.0000	0.0000	0.0000	0.0000	0.0000	0.0000	0.0000	0.0000	0.0000	0.0000	0.0000	0.0000											
47	105	0.6837	11	1	1	1	1	0	0	0	0	N	N	N	N	N	N	N	N	N	N	N	N	0.0000	0.0000	0.0000	0.0000	0.0000	0.0000	0.0000	0.0000	0.0000	0.0000	0.0000	0.0000	0.0000	0.0000	0.0000	0.0000	0.0000	0.0000	0.0000	0.0000	0.0000	1.0000	1.0000	1.0005	0.0000	0.0000	0.0000	0.0000	0.0000	0.0000	0.0000	0.0000	0.0000	0.0000	0.0000	0.0000	0.0000	0.0000	0.0000	0.0000	0.0000	0.0000	0.0268	0.0252	0.0016	0.0134	0.0134	0.0000	0.0134	0.0118	0.0016	0.0028	0.0020	0.0008	0.0017	0.0016	0.0002	0.0010	0.0004	0.0006	0.0000	0.0000	0.0000	0.0000	0.0000	0.0000	0.0000	0.0000	0.0000	0.0000	0.0000	0.0000	0.0000	0.0000	0.0000	0.0000	0.0000	0.0000											
47	106	0.6802	10	1	1	1	1	0	0	0	0	N	N	N	N	N	N	N	N	N	N	N	N	inf	inf	inf	inf	0.0000	0.0000	0.0000	0.0000	0.0000	0.0000	0.0000	0.0000	0.0000	0.0000	0.0000	0.0000	0.0000	0.0000	0.0000	0.0000	0.0000	0.0000	0.0000	-0.0000	0.0000	0.0000	0.7249	1.0000	0.0368	0.0000	0.0000	0.0000	0.0000	0.0000	0.0000	0.0000	0.0000	0.0000	0.0000	0.0000	0.0000	0.0000	0.0000	0.0000	0.0000	0.0000	0.0000	0.0196	0.0184	0.0012	0.0098	0.0098	0.0000	0.0098	0.0086	0.0012	0.0011	0.0008	0.0003	0.0007	0.0006	0.0001	0.0004	0.0002	0.0002	inf	inf	0.0000	inf	inf	0.0000	0.0000	0.0000	0.0000	0.0000	0.0000	0.0000	0.0000	0.0000	0.0000	0.0000	0.0000	0.0000						
47	107	0.6787	9	1	1	1	1	0	0	0	0	N	N	N	N	N	N	N	N	N	N	N	N	inf	inf	inf	inf	inf	inf	0.0000	0.0000	0.0000	0.0000	0.0000	0.0341	0.0000	0.0000	0.0000	0.0000	0.0000	0.0000	0.0000	0.0000	0.0000	0.0000	0.0000	0.0000	0.6666	0.0000	0.0000	0.0000	0.4159	1.0000	0.0887	0.0000	0.0000	0.0000	0.0000	0.0000	0.0000	0.0000	0.0000	0.0000	0.0000	0.0000	0.0000	0.0000	0.0000	0.0000	0.0000	0.0000	0.0000	0.0114	0.0107	0.0007	0.0057	0.0057	0.0000	0.0057	0.0050	0.0007	0.0008	0.0006	0.0002	0.0005	0.0004	0.0001	0.0003	0.0001	0.0002	inf	inf	inf	inf	inf	inf	0.0000	0.0000	0.0000	0.0000	0.0000	0.0000	0.0000	0.0000	0.0000	0.0000	0.0000	0.0000				
47	108	0.6625	8	1	1	0	1	0	0	0	0	N	N	N	N	N	N	N	N	N	N	N	N	inf	inf	inf	inf	0.0000	0.0000	0.0000	0.0000	0.0000	0.0065	0.0000	0.0000	0.0000	0.0000	0.0000	0.0000	0.0000	0.0000	0.0000	0.0000	0.0000	0.0000	inf	0.0000	0.0000	0.0000	3.9943	1.0000	0.9974	0.0000	0.0000	0.0000	0.0000	0.0000	0.0000	0.0000	0.0000	0.0000	0.0000	0.0000	0.0000	0.0000	0.0000	0.0000	0.0000	0.0000	0.0000	0.0979	0.0921	0.0058	0.0490	0.0490	0.0000	0.0490	0.0431	0.0058	0.0073	0.0049	0.0024	0.0044	0.0039	0.0005	0.0029	0.0010	0.0019	inf	0.0000	inf	inf	0.0000	inf	0.0000	0.0000	0.0000	0.0000	0.0000	0.0000	0.0000	0.0000	0.0000	0.0000	0.0000	0.0000						
47	109	0.0937	5	1	1	1	1	0	0	0	0	N	N	N	N	N	N	N	N	N	N	N	N	0.0000	0.0000	0.0000	0.0000	0.0000	0.0000	0.0000	0.0000	0.0000	0.0000	0.0000	0.0000	0.0000	0.0000	0.0000	0.0000	0.0000	0.0000	0.0000	0.0000	0.0000	0.0000	1.0000	0.9909	0.0000	0.0000	0.0000	0.0000	0.0000	0.0000	0.0000	0.0000	0.0000	0.0000	0.0000	0.0000	0.0000	0.0000	0.0000	0.0000	0.0000	0.0000	0.0000	0.0000	0.0000	0.0000	0.0000	0.0000	0.0000	0.0000	0.0000	0.0027	0.0011	0.0017	0.0001	0.0001	0.0000	0.0026	0.0009	0.0017	0.0000	0.0000	0.0000	0.0000	0.0000	0.0000	0.0000	0.0000	0.0000	0.0000	0.0000	0.0000	0.0000	0.0000	0.0000	0.0000	0.0000	0.0000											
47	110	0.0651	4	1	1	1	1	0	0	0	0	N	N	N	N	N	N	N	N	N	N	N	N	inf	inf	inf	inf	1.9408	2.0913	0.0000	4.9059	4.9112	0.0000	0.0000	0.0000	0.0000	0.0000	0.0000	0.0000	0.0000	0.0000	0.0000	0.0000	0.0000	0.0000	0.0000	-0.0000	0.0000	0.0000	4.0000	1.0000	0.0000	0.0000	0.0000	0.0000	0.0000	0.0000	0.0000	0.0000	0.0000	0.0000	0.0000	0.0000	0.0000	0.0000	0.0000	0.0000	0.0000	0.0000	0.0000	0.0000	0.0000	0.0000	0.0000	0.0000	0.0000	0.0000	0.0000	0.0000	0.0097	0.0044	0.0053	0.0023	0.0020	0.0003	0.0073	0.0024	0.0050	inf	inf	0.0000	inf	inf	0.0000	0.0000	0.0000	0.0000	0.0000	0.0000	0.0000	0.0000	0.0000	0.0000	0.0000	0.0000	0.0000						
47	112	0.6670	8	0	1	1	1	0	0	0	0	N	N	N	N	N	N	N	N	N	N	N	N	0.0000	0.0000	0.0000	0.0000	0.0000	0.0000	0.0000	0.0000	0.0000	0.0000	0.0000	0.0000	0.0000	0.0000	0.0000	0.0000	0.0000	0.0000	0.0000	0.0000	0.0000	0.0000	1.0000	0.0001	0.0000	0.0000	0.0000	0.0000	0.0000	0.0000	0.0000	0.0000	0.0000	0.0000	0.0000	0.0000	0.0000	0.0000	0.0000	0.0000	0.0000	0.0000	0.0000	0.0000	0.0000	0.0000	0.0000	0.0000	0.0000	0.0000	0.0000	0.0000	0.0000	0.0000	0.0000	0.0000	0.0000	0.0000	0.0000	0.0000	0.0000	0.0000	0.0000	0.0000	0.0000	0.0000	0.0000	0.0000	0.0000	0.0000	0.0000	0.0000	0.0000	0.0000	0.0000	0.0000	0.0000	0.0000											
47	113	0.6212	7	0	1	1	1	0	0	0	0	N	N	N	N	N	N	N	N	N	N	N	N	0.0000	0.0000	0.0000	0.0000	0.0000	0.0000	0.0000	0.0000	0.0000	0.0000	0.0000	0.0000	0.0000	0.0000	0.0000	0.0000	0.0000	0.0000	0.0000	0.0000	0.0000	4.0004	1.0000	4.9999	0.0000	0.0000	0.0000	0.0000	0.0000	0.0000	0.0000	0.0000	0.0000	0.0000	0.0000	0.0000	0.0000	0.0000	0.0000	0.0000	0.0000	0.0000	0.0981	0.0922	0.0058	0.0490	0.0490	0.0000	0.0490	0.0432	0.0058	0.0135	0.0084	0.0050	0.0069	0.0060	0.0008	0.0066	0.0024	0.0042	0.0000	0.0000	0.0000	0.0000	0.0000	0.0000	0.0000	0.0000	0.0000	0.0000	0.0000	0.0000	0.0000	0.0000	0.0000	0.0000	0.0000	0.0000											
47	114	0.0324	3	0	2	0	1	0	0	0	0	N	Y	N	N	N	N	N	N	N	N	N	N	0.0000	0.0000	0.0000	0.0000	0.0000	0.0000	0.0000	0.0000	0.0000	0.0000	0.0000	0.0000	0.0000	0.0000	0.0000	0.0000	0.0000	0.0000	0.0000	0.0000	0.0000	4.3361	1.0000	4.6323	0.0000	0.0000	0.0000	0.0000	0.0000	0.0000	0.0000	0.0000	0.0000	0.0000	0.0000	0.0000	0.0000	0.0000	0.0000	0.0000	0.0000	0.0000	0.2654	0.1611	0.1043	0.1327	0.1327	0.0000	0.1327	0.0284	0.1043	0.0533	0.0275	0.0258	0.0167	0.0162	0.0006	0.0365	0.0113	0.0252	0.0000	0.0000	0.0000	0.0000	0.0000	0.0000	0.0000	0.0000	0.0000	0.0000	0.0000	0.0000	0.0000	0.0000	0.0000	0.0000	0.0000	0.0000											
47	116	0.6212	7	0	2	0	2	0	0	0	0	N	Y	N	Y	N	N	N	N	N	N	N	N	inf	inf	inf	inf	0.0001	0.0001	0.0000	0.0002	0.0002	0.0000	0.0000	0.0000	0.0000	0.0000	0.0000	0.0000	0.0000	0.0000	0.0000	0.0000	0.0000	0.0000	0.0000	-0.0000	0.0000	0.0000	5.0006	1.0000	2.0000	0.0000	0.0000	0.0000	0.0000	0.0000	0.0000	0.0000	0.0000	0.0000	0.0000	0.0000	0.0000	0.0000	0.0000	0.0000	0.0000	0.0000	0.0000	0.1190	0.1120	0.0071	0.0595	0.0595	0.0000	0.0595	0.0524	0.0071	0.0107	0.0067	0.0040	0.0054	0.0047	0.0007	0.0052	0.0019	0.0033	inf	inf	0.0000	inf	inf	0.0000	0.0000	0.0000	0.0000	0.0000	0.0000	0.0000	0.0000	0.0000	0.0000	0.0000	0.0000	0.0000						
47	117	0.0651	4	0	2	0	2	0	0	0	0	N	Y	N	Y	N	N	N	N	N	N	N	N	0.0000	0.0000	0.0000	0.0000	0.0000	0.0000	0.0000	0.0000	0.0000	0.0000	0.0000	0.0000	0.0000	0.0000	0.0000	0.0000	0.0000	0.0000	0.0000	0.0000	0.0000	0.0000	1.0000	1.0000	0.0000	0.0000	0.0000	0.0000	0.0000	0.0000	0.0000	0.0000	0.0000	0.0000	0.0000	0.0000	0.0000	0.0000	0.0000	0.0000	0.0000	0.0000	0.0000	0.0000	0.0000	0.0000	0.0000	0.0000	0.0000	0.0000	0.0000	0.0036	0.0016	0.0020	0.0009	0.0008	0.0001	0.0027	0.0009	0.0018	0.0000	0.0000	0.0000	0.0000	0.0000	0.0000	0.0000	0.0000	0.0000	0.0000	0.0000	0.0000	0.0000	0.0000	0.0000	0.0000	0.0000	0.0000											
47	118	0.6212	7	0	2	0	1	0	0	0	0	N	Y	N	N	N	N	N	N	N	N	N	N	0.0000	0.0000	0.0000	0.0000	0.0000	0.0000	0.0000	0.0000	0.0000	0.0000	0.0000	0.0000	0.0000	0.0000	0.0000	0.0000	0.0000	0.0000	0.0000	0.0000	0.0000	16.9994	1.0000	6.0000	0.0000	0.0000	0.0000	0.0000	0.0000	0.0000	0.0000	0.0000	0.0000	0.0000	0.0000	0.0000	0.0000	0.0000	0.0000	0.0000	0.0000	0.0000	0.2923	0.2754	0.0169	0.1462	0.1462	0.0000	0.1462	0.1293	0.0169	0.0305	0.0191	0.0114	0.0157	0.0137	0.0020	0.0148	0.0054	0.0094	0.0000	0.0000	0.0000	0.0000	0.0000	0.0000	0.0000	0.0000	0.0000	0.0000	0.0000	0.0000	0.0000	0.0000	0.0000	0.0000	0.0000	0.0000											
47	119	0.0651	4	0	2	0	1	0	0	0	0	N	Y	N	N	N	N	N	N	N	N	N	N	0.0000	0.0000	0.0000	0.0000	0.0000	0.0000	0.0000	0.0000	0.0000	0.0000	0.0000	0.0000	0.0000	0.0000	0.0000	0.0000	0.0000	0.0000	0.0000	0.0000	0.0000	5.0000	1.0000	6.0000	0.0000	0.0000	0.0000	0.0000	0.0000	0.0000	0.0000	0.0000	0.0000	0.0000	0.0000	0.0000	0.0000	0.0000	0.0000	0.0000	0.0000	0.0000	0.0000	0.0000	0.0000	0.0000	0.0000	0.0000	0.0000	0.0000	0.0000	0.0228	0.0102	0.0126	0.0051	0.0043	0.0007	0.0177	0.0058	0.0118	0.0000	0.0000	0.0000	0.0000	0.0000	0.0000	0.0000	0.0000	0.0000	0.0000	0.0000	0.0000	0.0000	0.0000	0.0000	0.0000	0.0000	0.0000											
47	120	0.0931	5	0	2	0	1	0	0	0	0	N	Y	N	N	N	N	N	N	N	N	N	N	1111.4969	inf	0.0000	inf	inf	0.0000	0.0000	0.0638	0.0804	0.0000	0.1288	0.1307	0.0000	0.0000	0.0000	0.0000	0.0001	0.0000	0.0000	0.0000	0.0000	0.0000	0.0000	0.0000	0.0000	0.0000	inf	-0.0000	0.0000	0.0000	0.9998	1.0000	0.9486	0.0000	0.0000	0.0000	0.0000	0.0000	0.0000	0.0000	0.0000	0.0000	0.0000	0.0000	0.0000	0.0000	0.0000	0.0000	0.0000	0.0000	0.0000	0.0000	0.0000	0.0000	0.0000	0.0000	0.0000	0.0000	0.0000	0.0000	0.0048	0.0020	0.0029	0.0008	0.0008	0.0000	0.0040	0.0012	0.0028	40150.2240	inf	0.0000	inf	inf	0.0000	0.0000	0.0000	0.0000	0.0000	0.0000	0.0000	0.0000	0.0000	0.0000	0.0000	0.0000	0.0000		
47	121	0.0651	4	0	2	0	1	0	0	0	0	N	Y	N	N	N	N	N	N	N	N	N	N	42877.3729	16760.9229	28433.4861	30689.5645	1.4632	1.5758	0.0000	3.6873	3.6914	0.0000	0.0000	0.0000	0.0000	0.0000	0.0001	0.0000	0.0001	0.0001	0.0000	0.0000	0.0000	0.0000	0.0000	0.0000	-0.0000	-0.0000	0.0000	3.0005	1.0000	1.1085	0.0000	0.0000	0.0000	0.0000	0.0000	0.0000	0.0000	0.0000	0.0000	0.0000	0.0000	0.0000	0.0000	0.0000	0.0000	0.0000	0.0000	0.0000	0.0000	0.0000	0.0000	0.0000	0.0000	0.0000	0.0000	0.0000	0.0000	0.0169	0.0076	0.0093	0.0039	0.0034	0.0006	0.0130	0.0042	0.0087	3212504.9257	1555945.4354	0.0000	1878224.2834	1607739.4828	0.0000	0.0000	0.0000	0.0000	0.0000	0.0000	0.0000	0.0000	0.0000	0.0000	0.0000	0.0000	0.0000					
47	122	0.6625	8	0	2	0	1	0	0	0	0	N	Y	N	N	N	N	N	N	N	N	N	N	0.0000	0.0000	0.0000	0.0000	0.0000	0.0000	0.0000	0.0000	0.0000	0.0000	0.0000	0.0000	0.0000	0.0000	0.0000	0.0000	0.0000	0.0000	0.0000	0.0000	0.0000	2.0001	1.0000	3.0000	0.0000	0.0000	0.0000	0.0000	0.0000	0.0000	0.0000	0.0000	0.0000	0.0000	0.0000	0.0000	0.0000	0.0000	0.0000	0.0000	0.0000	0.0000	0.0520	0.0489	0.0031	0.0260	0.0260	0.0000	0.0260	0.0229	0.0031	0.0073	0.0049	0.0024	0.0044	0.0039	0.0005	0.0029	0.0010	0.0019	0.0000	0.0000	0.0000	0.0000	0.0000	0.0000	0.0000	0.0000	0.0000	0.0000	0.0000	0.0000	0.0000	0.0000	0.0000	0.0000	0.0000	0.0000											
47	123	0.6212	7	0	1	0	1	0	0	0	0	N	N	N	N	N	N	N	N	N	N	N	N	0.0000	0.0000	0.0000	0.0000	0.0000	0.0000	0.0000	0.0000	0.0000	0.0000	0.0000	0.0000	0.0000	0.0000	0.0000	0.0000	0.0000	0.0000	0.0000	0.0000	0.0000	6.9986	1.0000	2.0000	0.0000	0.0000	0.0000	0.0000	0.0000	0.0000	0.0000	0.0000	0.0000	0.0000	0.0000	0.0000	0.0000	0.0000	0.0000	0.0000	0.0000	0.0000	0.1573	0.1480	0.0093	0.0787	0.0787	0.0000	0.0786	0.0693	0.0093	0.0135	0.0084	0.0050	0.0069	0.0060	0.0008	0.0066	0.0024	0.0042	0.0000	0.0000	0.0000	0.0000	0.0000	0.0000	0.0000	0.0000	0.0000	0.0000	0.0000	0.0000	0.0000	0.0000	0.0000	0.0000	0.0000	0.0000											
47	124	0.0986	5	0	2	0	1	0	0	0	0	N	Y	N	N	N	N	N	N	N	N	N	N	18775.7387	inf	0.0000	inf	inf	0.0000	0.0000	1.1321	1.2276	0.0000	2.6789	2.6907	0.0000	0.0000	0.0000	0.0000	0.0001	0.0000	0.0000	0.0000	0.0000	0.0000	0.0000	0.0000	0.0000	0.0000	inf	-0.0000	0.0000	0.0000	3.9006	1.0000	3.1543	0.0000	0.0000	0.0000	0.0000	0.0000	0.0000	0.0000	0.0000	0.0000	0.0000	0.0000	0.0000	0.0000	0.0000	0.0000	0.0000	0.0000	0.0000	0.0000	0.0000	0.0000	0.0000	0.0000	0.0000	0.0000	0.0000	0.0000	0.0230	0.0099	0.0131	0.0061	0.0052	0.0009	0.0169	0.0047	0.0122	516251.7097	inf	0.0000	inf	inf	0.0000	0.0000	0.0000	0.0000	0.0000	0.0000	0.0000	0.0000	0.0000	0.0000	0.0000	0.0000	0.0000		
47	125	0.0651	4	0	2	0	1	0	0	0	0	N	Y	N	N	N	N	N	N	N	N	N	N	199.8149	97.2078	158.9241	168.8484	0.0148	0.0159	0.0000	0.0374	0.0374	0.0000	0.0000	0.0000	0.0000	0.0001	0.0002	0.0000	0.0002	0.0002	0.0000	0.0000	0.0000	0.0000	0.0000	0.0000	-0.0000	-0.0000	0.0000	1.6924	1.0000	1.9110	0.0000	0.0000	0.0000	0.0000	0.0000	0.0000	0.0000	0.0000	0.0000	0.0000	0.0000	0.0000	0.0000	0.0000	0.0000	0.0000	0.0000	0.0000	0.0000	0.0000	0.0000	0.0000	0.0000	0.0000	0.0000	0.0000	0.0000	0.0151	0.0068	0.0083	0.0035	0.0030	0.0005	0.0116	0.0038	0.0078	4431.7961	2152.3605	0.0000	2630.7558	2253.1997	0.0000	0.0000	0.0000	0.0000	0.0000	0.0000	0.0000	0.0000	0.0000	0.0000	0.0000	0.0000	0.0000					
47	126	0.6212	7	0	2	0	1	0	0	0	0	N	Y	N	N	N	N	N	N	N	N	N	N	0.0000	0.0000	0.0000	0.0000	0.0000	0.0000	0.0000	0.0000	0.0000	0.0000	0.0000	0.0000	0.0000	0.0000	0.0000	0.0000	0.0000	0.0000	0.0000	0.0000	0.0000	0.9996	1.0000	8.0005	0.0000	0.0000	0.0000	0.0000	0.0000	0.0000	0.0000	0.0000	0.0000	0.0000	0.0000	0.0000	0.0000	0.0000	0.0000	0.0000	0.0000	0.0000	0.0268	0.0252	0.0016	0.0134	0.0134	0.0000	0.0134	0.0118	0.0016	0.0135	0.0084	0.0050	0.0069	0.0060	0.0008	0.0066	0.0024	0.0042	0.0000	0.0000	0.0000	0.0000	0.0000	0.0000	0.0000	0.0000	0.0000	0.0000	0.0000	0.0000	0.0000	0.0000	0.0000	0.0000	0.0000	0.0000											
47	127	0.5266	7	0	1	0	1	0	0	0	0	N	N	N	N	N	N	N	N	N	N	N	N	0.0000	0.0000	0.0000	0.0000	0.0000	0.0000	0.0000	0.0000	0.0000	0.0000	0.0000	0.0000	0.0000	0.0000	0.0000	0.0000	0.0000	0.0000	0.0000	0.0000	0.0000	3.6536	1.0000	12.3970	0.0000	0.0000	0.0000	0.0000	0.0000	0.0000	0.0000	0.0000	0.0000	0.0000	0.0000	0.0000	0.0000	0.0000	0.0000	0.0000	0.0000	0.0000	0.2716	0.2158	0.0558	0.2030	0.1491	0.0540	0.0686	0.0667	0.0018	0.0294	0.0176	0.0117	0.0126	0.0113	0.0013	0.0168	0.0063	0.0105	0.0000	0.0000	0.0000	0.0000	0.0000	0.0000	0.0000	0.0000	0.0000	0.0000	0.0000	0.0000	0.0000	0.0000	0.0000	0.0000	0.0000	0.0000											
47	128	0.3154	5	0	1	0	1	0	0	0	0	N	N	N	N	N	N	N	N	N	N	N	N	0.0001	0.0000	inf	0.0001	0.0000	inf	inf	inf	0.0000	0.0000	0.0000	0.0000	0.0000	0.0000	0.0000	0.0000	0.0000	0.0222	0.0393	0.0000	0.0206	0.0226	0.0000	0.0000	0.0000	0.0000	inf	0.0000	0.0000	-0.0001	0.0000	5.3495	1.0000	12.4099	0.0000	0.0000	0.0000	0.0000	0.0000	0.0000	0.0000	0.0000	0.0000	0.0001	0.0001	0.0000	0.0001	0.0001	0.0000	0.0000	0.0000	0.0000	0.3121	0.2141	0.0980	0.1779	0.1595	0.0184	0.1342	0.0546	0.0796	0.0554	0.0327	0.0227	0.0233	0.0206	0.0027	0.0321	0.0121	0.0200	0.0010	0.0000	inf	0.0006	0.0000	inf	inf	0.0000	inf	0.0020	0.0034	0.0000	0.0047	0.0053	0.0000	0.0000	0.0000	0.0000	
47	129	0.7327	13	0	2	0	2	0	0	0	0	N	Y	N	Y	N	N	N	N	N	N	N	N	0.0000	0.0000	0.0000	0.0000	0.0000	0.0000	0.0000	0.0000	0.0000	0.0000	0.0000	0.0000	0.0000	0.0000	0.0000	0.0000	0.0000	0.0000	0.0000	0.0000	0.0000	0.0000	1.0000	0.0000	0.0000	0.0000	0.0000	0.0000	0.0000	0.0000	0.0000	0.0000	0.0000	0.0000	0.0000	0.0000	0.0000	0.0000	0.0000	0.0000	0.0000	0.0000	0.0000	0.0000	0.0000	0.0000	0.0000	0.0000	0.0000	0.0000	0.0000	0.0000	0.0000	0.0000	0.0000	0.0000	0.0000	0.0000	0.0000	0.0000	0.0000	0.0000	0.0000	0.0000	0.0000	0.0000	0.0000	0.0000	0.0000	0.0000	0.0000	0.0000	0.0000	0.0000	0.0000	0.0000	0.0000	0.0000											
47	130	0.7164	12	0	2	0	2	0	0	0	0	N	Y	N	Y	N	N	N	N	N	N	N	N	0.0000	0.0000	0.0000	0.0000	0.0000	0.0000	0.0000	0.0000	0.0000	0.0000	0.0000	0.0000	0.0000	0.0000	0.0000	0.0000	0.0000	0.0000	0.0000	0.0000	0.0000	0.0000	1.0000	3.0001	0.0000	0.0000	0.0000	0.0000	0.0000	0.0000	0.0000	0.0000	0.0000	0.0000	0.0000	0.0000	0.0000	0.0000	0.0000	0.0000	0.0000	0.0000	0.0000	0.0000	0.0000	0.0000	0.0000	0.0000	0.0000	0.0000	0.0000	0.0040	0.0028	0.0013	0.0025	0.0022	0.0003	0.0016	0.0006	0.0010	0.0000	0.0000	0.0000	0.0000	0.0000	0.0000	0.0000	0.0000	0.0000	0.0000	0.0000	0.0000	0.0000	0.0000	0.0000	0.0000	0.0000	0.0000											
47	131	0.7067	11	0	2	0	1	0	0	0	0	N	Y	N	N	N	N	N	N	N	N	N	N	0.0000	0.0000	0.0000	0.0000	0.0000	0.0000	0.0000	0.0000	0.0000	0.0000	0.0000	0.0000	0.0000	0.0000	0.0000	0.0000	0.0000	0.0000	0.0000	0.0000	0.0000	0.0000	1.0000	0.0000	0.0000	0.0000	0.0000	0.0000	0.0000	0.0000	0.0000	0.0000	0.0000	0.0000	0.0000	0.0000	0.0000	0.0000	0.0000	0.0000	0.0000	0.0000	0.0000	0.0000	0.0000	0.0000	0.0000	0.0000	0.0000	0.0000	0.0000	0.0000	0.0000	0.0000	0.0000	0.0000	0.0000	0.0000	0.0000	0.0000	0.0000	0.0000	0.0000	0.0000	0.0000	0.0000	0.0000	0.0000	0.0000	0.0000	0.0000	0.0000	0.0000	0.0000	0.0000	0.0000	0.0000	0.0000											
47	132	0.7164	12	0	1	1	2	0	0	0	0	N	N	N	Y	N	N	N	N	N	N	N	N	0.0000	0.0000	0.0000	0.0000	0.0000	0.0000	0.0000	0.0000	0.0000	0.0000	0.0000	0.0000	0.0000	0.0000	0.0000	0.0000	0.0000	0.0000	0.0000	0.0000	0.0000	0.0000	1.0000	1.9999	0.0000	0.0000	0.0000	0.0000	0.0000	0.0000	0.0000	0.0000	0.0000	0.0000	0.0000	0.0000	0.0000	0.0000	0.0000	0.0000	0.0000	0.0000	0.0000	0.0000	0.0000	0.0000	0.0000	0.0000	0.0000	0.0000	0.0000	0.0027	0.0018	0.0009	0.0017	0.0015	0.0002	0.0011	0.0004	0.0007	0.0000	0.0000	0.0000	0.0000	0.0000	0.0000	0.0000	0.0000	0.0000	0.0000	0.0000	0.0000	0.0000	0.0000	0.0000	0.0000	0.0000	0.0000											
47	133	0.7274	13	0	1	1	2	0	0	0	0	N	N	N	Y	N	N	N	N	N	N	N	N	0.0000	0.0000	0.0000	0.0000	0.0000	0.0000	0.0000	0.0000	0.0000	0.0000	0.0000	0.0000	0.0000	0.0000	0.0000	0.0000	0.0000	0.0000	0.0000	0.0000	0.0000	1.0000	1.0000	0.0000	0.0000	0.0000	0.0000	0.0000	0.0000	0.0000	0.0000	0.0000	0.0000	0.0000	0.0000	0.0000	0.0000	0.0000	0.0000	0.0000	0.0000	0.0000	0.0268	0.0252	0.0016	0.0134	0.0134	0.0000	0.0134	0.0118	0.0016	0.0013	0.0009	0.0004	0.0008	0.0007	0.0001	0.0005	0.0002	0.0003	0.0000	0.0000	0.0000	0.0000	0.0000	0.0000	0.0000	0.0000	0.0000	0.0000	0.0000	0.0000	0.0000	0.0000	0.0000	0.0000	0.0000	0.0000											
47	134	0.7274	13	0	1	1	2	0	0	0	0	N	N	N	Y	N	N	N	N	N	N	N	N	0.0000	0.0000	0.0000	0.0000	0.0000	0.0000	0.0000	0.0000	0.0000	0.0000	0.0000	0.0000	0.0000	0.0000	0.0000	0.0000	0.0000	0.0000	0.0000	0.0000	0.0000	0.0000	1.0000	0.0000	0.0000	0.0000	0.0000	0.0000	0.0000	0.0000	0.0000	0.0000	0.0000	0.0000	0.0000	0.0000	0.0000	0.0000	0.0000	0.0000	0.0000	0.0000	0.0000	0.0000	0.0000	0.0000	0.0000	0.0000	0.0000	0.0000	0.0000	0.0000	0.0000	0.0000	0.0000	0.0000	0.0000	0.0000	0.0000	0.0000	0.0000	0.0000	0.0000	0.0000	0.0000	0.0000	0.0000	0.0000	0.0000	0.0000	0.0000	0.0000	0.0000	0.0000	0.0000	0.0000	0.0000	0.0000											
47	135	0.7164	12	0	1	1	2	0	0	0	0	N	N	N	Y	N	N	N	N	N	N	N	N	0.0000	0.0000	0.0000	0.0000	0.0000	0.0000	0.0000	0.0000	0.0000	0.0000	0.0000	0.0000	0.0000	0.0000	0.0000	0.0000	0.0000	0.0000	0.0000	0.0000	0.0000	2.0025	1.0000	0.9943	0.0000	0.0000	0.0000	0.0000	0.0000	0.0000	0.0000	0.0000	0.0000	0.0000	0.0000	0.0000	0.0000	0.0000	0.0000	0.0000	0.0000	0.0000	0.0521	0.0490	0.0031	0.0260	0.0260	0.0000	0.0260	0.0229	0.0031	0.0040	0.0027	0.0013	0.0025	0.0022	0.0003	0.0016	0.0006	0.0010	0.0000	0.0000	0.0000	0.0000	0.0000	0.0000	0.0000	0.0000	0.0000	0.0000	0.0000	0.0000	0.0000	0.0000	0.0000	0.0000	0.0000	0.0000											
47	136	0.7164	11	0	1	0	2	0	0	0	0	N	N	N	Y	N	N	N	N	N	N	N	N	0.0000	0.0000	0.0000	0.0000	0.0000	0.0000	0.0000	0.0000	0.0000	0.0000	0.0000	0.0000	0.0000	0.0000	0.0000	0.0000	0.0000	0.0000	0.0000	0.0000	0.0000	0.0050	1.0000	0.0173	0.0000	0.0000	0.0000	0.0000	0.0000	0.0000	0.0000	0.0000	0.0000	0.0000	0.0000	0.0000	0.0000	0.0000	0.0000	0.0000	0.0000	0.0000	0.0001	0.0001	0.0000	0.0001	0.0001	0.0000	0.0001	0.0001	0.0000	0.0000	0.0000	0.0000	0.0000	0.0000	0.0000	0.0000	0.0000	0.0000	0.0000	0.0000	0.0000	0.0000	0.0000	0.0000	0.0000	0.0000	0.0000	0.0000	0.0000	0.0000	0.0000	0.0000	0.0000	0.0000	0.0000	0.0000											
47	137	0.7067	10	0	1	0	2	0	0	0	0	N	N	N	Y	N	N	N	N	N	N	N	N	0.0000	0.0000	0.0000	0.0000	0.0000	0.0000	0.0000	0.0000	0.0000	0.0000	0.0000	0.0000	0.0000	0.0000	0.0000	0.0000	0.0000	0.0000	0.0000	0.0000	0.0000	1.9972	1.0000	1.0076	0.0000	0.0000	0.0000	0.0000	0.0000	0.0000	0.0000	0.0000	0.0000	0.0000	0.0000	0.0000	0.0000	0.0000	0.0000	0.0000	0.0000	0.0000	0.0520	0.0489	0.0031	0.0260	0.0260	0.0000	0.0260	0.0229	0.0031	0.0038	0.0026	0.0012	0.0025	0.0022	0.0003	0.0013	0.0005	0.0009	0.0000	0.0000	0.0000	0.0000	0.0000	0.0000	0.0000	0.0000	0.0000	0.0000	0.0000	0.0000	0.0000	0.0000	0.0000	0.0000	0.0000	0.0000											
47	138	0.6894	9	1	2	0	1	0	0	0	0	N	Y	N	N	N	N	N	N	N	N	N	N	0.0000	0.0000	0.0000	0.0000	0.0000	0.0000	0.0000	0.0000	0.0000	0.0000	0.0000	0.0000	0.0000	0.0000	0.0000	0.0000	0.0000	0.0000	0.0000	0.0000	0.0000	0.0002	1.0000	2.3255	0.0000	0.0000	0.0000	0.0000	0.0000	0.0000	0.0000	0.0000	0.0000	0.0000	0.0000	0.0000	0.0000	0.0000	0.0000	0.0000	0.0000	0.0000	0.0001	0.0000	0.0000	0.0000	0.0000	0.0000	0.0000	0.0000	0.0000	0.0059	0.0038	0.0021	0.0032	0.0029	0.0002	0.0027	0.0009	0.0018	0.0000	0.0000	0.0000	0.0000	0.0000	0.0000	0.0000	0.0000	0.0000	0.0000	0.0000	0.0000	0.0000	0.0000	0.0000	0.0000	0.0000	0.0000											
47	139	0.6716	8	1	2	0	1	0	0	0	0	N	Y	N	N	N	N	N	N	N	N	N	N	0.0000	0.0000	0.0000	0.0000	0.0000	0.0000	0.0000	0.0000	0.0000	0.0000	0.0000	0.0000	0.0000	0.0000	0.0000	0.0000	0.0000	0.0000	0.0000	0.0000	0.0000	2.0138	1.0000	2.7349	0.0000	0.0000	0.0000	0.0000	0.0000	0.0000	0.0000	0.0000	0.0000	0.0000	0.0000	0.0000	0.0000	0.0000	0.0000	0.0000	0.0000	0.0000	0.0524	0.0492	0.0031	0.0262	0.0262	0.0000	0.0262	0.0231	0.0031	0.0090	0.0058	0.0033	0.0048	0.0044	0.0005	0.0042	0.0014	0.0028	0.0000	0.0000	0.0000	0.0000	0.0000	0.0000	0.0000	0.0000	0.0000	0.0000	0.0000	0.0000	0.0000	0.0000	0.0000	0.0000	0.0000	0.0000											
47	140	0.6881	9	0	2	0	1	0	0	0	0	N	Y	N	N	N	N	N	N	N	N	N	N	inf	inf	inf	inf	0.0000	0.0000	0.0000	0.0000	0.0000	0.0000	0.0000	0.0000	0.0000	0.0000	0.0000	0.0000	0.0000	0.0000	0.0000	0.0000	0.0000	0.0000	0.0000	-0.0000	0.0000	0.0000	1.9232	1.0000	1.1116	0.0000	0.0000	0.0000	0.0000	0.0000	0.0000	0.0000	0.0000	0.0000	0.0000	0.0000	0.0000	0.0000	0.0000	0.0000	0.0000	0.0000	0.0000	0.0501	0.0471	0.0030	0.0251	0.0251	0.0000	0.0251	0.0221	0.0030	0.0040	0.0028	0.0012	0.0026	0.0023	0.0003	0.0014	0.0005	0.0009	inf	inf	0.0000	inf	inf	0.0000	0.0000	0.0000	0.0000	0.0000	0.0000	0.0000	0.0000	0.0000	0.0000	0.0000	0.0000	0.0000						
47	141	0.0843	5	0	2	0	1	0	0	0	0	N	Y	N	N	N	N	N	N	N	N	N	N	0.0000	0.0000	0.0000	0.0000	0.0000	0.0000	0.0000	0.0000	0.0000	0.0000	0.0000	0.0000	0.0000	0.0000	0.0000	0.0000	0.0000	0.0000	0.0000	0.0000	0.0000	3.0000	1.0000	1.0000	0.0000	0.0000	0.0000	0.0000	0.0000	0.0000	0.0000	0.0000	0.0000	0.0000	0.0000	0.0000	0.0000	0.0000	0.0000	0.0000	0.0000	0.0000	0.0000	0.0000	0.0000	0.0000	0.0000	0.0000	0.0000	0.0000	0.0000	0.0155	0.0074	0.0080	0.0038	0.0033	0.0006	0.0116	0.0042	0.0075	0.0000	0.0000	0.0000	0.0000	0.0000	0.0000	0.0000	0.0000	0.0000	0.0000	0.0000	0.0000	0.0000	0.0000	0.0000	0.0000	0.0000	0.0000											
47	142	0.0651	4	0	1	0	1	0	0	0	0	N	N	N	N	N	N	N	N	N	N	N	N	0.0000	0.0000	0.0000	0.0000	0.0000	0.0000	0.0000	0.0000	0.0000	0.0000	0.0000	0.0000	0.0000	0.0000	0.0000	0.0000	0.0000	0.0000	0.0000	0.0000	0.0000	1.0000	1.0000	1.0000	0.0000	0.0000	0.0000	0.0000	0.0000	0.0000	0.0000	0.0000	0.0000	0.0000	0.0000	0.0000	0.0000	0.0000	0.0000	0.0000	0.0000	0.0000	0.0000	0.0000	0.0000	0.0000	0.0000	0.0000	0.0000	0.0000	0.0000	0.0090	0.0041	0.0049	0.0022	0.0019	0.0003	0.0068	0.0022	0.0046	0.0000	0.0000	0.0000	0.0000	0.0000	0.0000	0.0000	0.0000	0.0000	0.0000	0.0000	0.0000	0.0000	0.0000	0.0000	0.0000	0.0000	0.0000											
47	145	0.7067	11	1	2	0	1	0	0	0	0	N	Y	N	N	N	N	N	N	N	N	N	N	0.0000	0.0000	0.0000	0.0000	0.0000	0.0000	0.0000	0.0000	0.0000	0.0000	0.0000	0.0000	0.0000	0.0000	0.0000	0.0000	0.0000	0.0000	0.0000	0.0000	0.0000	1.0000	1.0000	1.0000	0.0000	0.0000	0.0000	0.0000	0.0000	0.0000	0.0000	0.0000	0.0000	0.0000	0.0000	0.0000	0.0000	0.0000	0.0000	0.0000	0.0000	0.0000	0.0268	0.0252	0.0016	0.0134	0.0134	0.0000	0.0134	0.0118	0.0016	0.0025	0.0018	0.0008	0.0017	0.0015	0.0002	0.0009	0.0003	0.0006	0.0000	0.0000	0.0000	0.0000	0.0000	0.0000	0.0000	0.0000	0.0000	0.0000	0.0000	0.0000	0.0000	0.0000	0.0000	0.0000	0.0000	0.0000											
47	146	0.7067	10	0	2	0	1	0	0	0	0	N	Y	N	N	N	N	N	N	N	N	N	N	0.0000	0.0000	0.0000	0.0000	0.0000	0.0000	0.0000	0.0000	0.0000	0.0000	0.0000	0.0000	0.0000	0.0000	0.0000	0.0000	0.0000	0.0000	0.0000	0.0000	0.0000	0.0003	1.0000	0.0000	0.0000	0.0000	0.0000	0.0000	0.0000	0.0000	0.0000	0.0000	0.0000	0.0000	0.0000	0.0000	0.0000	0.0000	0.0000	0.0000	0.0000	0.0000	0.0000	0.0000	0.0000	0.0000	0.0000	0.0000	0.0000	0.0000	0.0000	0.0000	0.0000	0.0000	0.0000	0.0000	0.0000	0.0000	0.0000	0.0000	0.0000	0.0000	0.0000	0.0000	0.0000	0.0000	0.0000	0.0000	0.0000	0.0000	0.0000	0.0000	0.0000	0.0000	0.0000	0.0000	0.0000	0.0000											
47	147	0.6881	9	0	1	0	1	0	0	0	0	N	N	N	N	N	N	N	N	N	N	N	N	inf	inf	inf	inf	0.0001	0.0001	0.0000	0.0002	0.0002	0.0000	0.0000	0.0000	0.0000	0.0000	0.0000	0.0000	0.0000	0.0000	0.0000	0.0000	0.0000	0.0000	0.0000	-0.0000	0.0000	0.0000	4.9449	1.0000	1.0063	0.0000	0.0000	0.0000	0.0000	0.0000	0.0000	0.0000	0.0000	0.0000	0.0000	0.0000	0.0000	0.0000	0.0000	0.0000	0.0000	0.0000	0.0000	0.1179	0.1109	0.0070	0.0589	0.0589	0.0000	0.0589	0.0519	0.0070	0.0076	0.0052	0.0023	0.0048	0.0043	0.0006	0.0027	0.0010	0.0017	inf	inf	0.0000	inf	inf	0.0000	0.0000	0.0000	0.0000	0.0000	0.0000	0.0000	0.0000	0.0000	0.0000	0.0000	0.0000	0.0000						
47	148	0.6716	8	0	1	0	1	0	0	0	0	N	N	N	N	N	N	N	N	N	N	N	N	inf	inf	inf	inf	0.0000	0.0000	0.0000	0.0000	0.0000	0.0000	0.0000	0.0000	0.0000	0.0000	0.0000	0.0000	0.0000	0.0000	0.0000	0.0000	0.0000	0.0000	0.0000	-0.0000	0.0000	0.0000	3.4778	1.0000	1.2917	0.0000	0.0000	0.0000	0.0000	0.0000	0.0000	0.0000	0.0000	0.0000	0.0000	0.0000	0.0000	0.0000	0.0000	0.0000	0.0000	0.0000	0.0000	0.0866	0.0814	0.0052	0.0433	0.0433	0.0000	0.0433	0.0381	0.0052	0.0091	0.0058	0.0033	0.0049	0.0044	0.0005	0.0042	0.0014	0.0028	inf	inf	0.0000	inf	inf	0.0000	0.0000	0.0000	0.0000	0.0000	0.0000	0.0000	0.0000	0.0000	0.0000	0.0000	0.0000	0.0000						
47	149	0.6212	7	0	1	0	1	0	0	0	0	N	N	N	N	N	N	N	N	N	N	N	N	0.0000	0.0000	0.0000	0.0000	0.0000	0.0000	0.0000	0.0000	0.0000	0.0000	0.0000	0.0000	0.0000	0.0000	0.0000	0.0000	0.0000	0.0000	0.0000	0.0000	0.0000	7.8050	1.0000	4.0035	0.0000	0.0000	0.0000	0.0000	0.0000	0.0000	0.0000	0.0000	0.0000	0.0000	0.0000	0.0000	0.0000	0.0000	0.0000	0.0000	0.0000	0.0000	0.1715	0.1613	0.0101	0.0857	0.0857	0.0000	0.0857	0.0756	0.0101	0.0172	0.0108	0.0064	0.0088	0.0077	0.0011	0.0084	0.0031	0.0054	0.0000	0.0000	0.0000	0.0000	0.0000	0.0000	0.0000	0.0000	0.0000	0.0000	0.0000	0.0000	0.0000	0.0000	0.0000	0.0000	0.0000	0.0000											
47	150	0.5266	7	0	1	0	1	0	0	0	0	N	N	N	N	N	N	N	N	N	N	N	N	0.0000	0.0000	0.0000	0.0000	0.0000	0.0000	0.0000	0.0000	0.0000	0.0000	0.0000	0.0000	0.0000	0.0000	0.0000	0.0000	0.0000	0.0000	0.0000	0.0000	0.0000	3.7255	1.0000	14.1767	0.0000	0.0000	0.0000	0.0000	0.0000	0.0000	0.0000	0.0000	0.0000	0.0000	0.0000	0.0000	0.0000	0.0000	0.0000	0.0000	0.0000	0.0000	0.2721	0.2164	0.0557	0.2034	0.1496	0.0538	0.0687	0.0668	0.0019	0.0316	0.0189	0.0127	0.0135	0.0121	0.0014	0.0181	0.0068	0.0113	0.0000	0.0000	0.0000	0.0000	0.0000	0.0000	0.0000	0.0000	0.0000	0.0000	0.0000	0.0000	0.0000	0.0000	0.0000	0.0000	0.0000	0.0000											
47	151	0.5102	6	0	1	0	1	0	0	0	0	N	N	N	N	N	N	N	N	N	N	N	N	0.0000	0.0000	0.0000	0.0000	0.0000	0.0000	0.0000	0.0000	0.0000	0.0000	0.0000	0.0000	0.0000	0.0000	0.0000	0.0000	0.0000	0.0000	-0.0000	0.0000	0.0000	1.4205	1.0000	4.0377	0.0000	0.0000	0.0000	0.0000	0.0000	0.0000	0.0000	0.0000	0.0000	0.0000	0.0000	0.0000	0.0000	0.0000	0.0000	0.0000	0.0000	0.0000	0.2551	0.1963	0.0589	0.1909	0.1329	0.0580	0.0642	0.0633	0.0009	0.0168	0.0103	0.0064	0.0076	0.0071	0.0005	0.0092	0.0033	0.0059	0.0000	0.0000	0.0000	0.0000	0.0000	0.0000	0.0000	0.0000	0.0000	0.0000	0.0000	0.0000	0.0000	0.0000	0.0000	0.0000	0.0000	0.0000											
48	49	0.1138	5	1	1	1	0	0	0	0	0	N	N	N	N	N	N	N	N	N	N	N	N	0.0000	0.0000	0.0000	0.0000	0.0000	0.0000	0.0000	0.0000	0.0000	0.0000	0.0000	0.0000	0.0000	0.0000	0.0000	0.0000	0.0000	0.0000	0.0000	0.0000	0.0000	0.0000	4.0000	0.0000	0.0000	0.0000	0.0000	0.0000	0.0000	0.0000	0.0000	0.0000	0.0000	0.0000	0.0000	0.0000	0.0000	0.0000	0.0000	0.0000	0.0000	0.0000	0.0000	0.0000	0.0000	0.0000	0.0000	0.0000	0.0000	0.0000	0.0000	0.0000	0.0000	0.0000	0.0000	0.0000	0.0000	0.0000	0.0000	0.0000	0.0000	0.0000	0.0000	0.0000	0.0000	0.0000	0.0000	0.0000	0.0000	0.0000	0.0000	0.0000	0.0000	0.0000	0.0000	0.0000	0.0000	0.0000											
48	50	0.6574	6	1	1	1	0	0	0	0	0	N	N	N	N	N	N	N	N	N	N	N	N	0.0000	0.0000	0.0000	0.0000	0.0000	0.0000	0.0000	0.0000	0.0000	0.0000	0.0000	0.0000	0.0000	0.0000	0.0000	0.0000	0.0000	0.0000	0.0000	0.0000	0.0000	1.0000	4.0000	1.0000	0.0000	0.0000	0.0000	0.0000	0.0000	0.0000	0.0000	0.0000	0.0000	0.0000	0.0000	0.0000	0.0000	0.0000	0.0000	0.0000	0.0000	0.0000	0.0000	0.0000	0.0000	0.0000	0.0000	0.0000	0.0000	0.0000	0.0000	0.0068	0.0032	0.0036	0.0025	0.0021	0.0004	0.0043	0.0011	0.0032	0.0000	0.0000	0.0000	0.0000	0.0000	0.0000	0.0000	0.0000	0.0000	0.0000	0.0000	0.0000	0.0000	0.0000	0.0000	0.0000	0.0000	0.0000											
48	51	0.6619	6	1	2	0	0	0	0	0	0	N	Y	N	N	N	N	N	N	N	N	N	N	0.0000	0.0000	0.0000	0.0000	0.0000	0.0000	0.0000	0.0000	0.0000	0.0000	0.0000	0.0000	0.0000	0.0000	0.0000	201.5078	0.0000	505.1228	0.7578	0.0000	1.9852	333.0796	0.0000	665.3695	inf	0.0000	0.4585	0.0000	0.0003	4.0000	0.9690	0.0000	0.0000	0.0000	0.0000	0.0000	0.0000	0.0000	0.0000	0.0000	0.9590	0.0000	0.9590	0.0001	0.0000	0.0001	0.9589	0.0000	0.9589	0.0000	0.0000	0.0000	0.0000	0.0000	0.0000	0.0000	0.0000	0.0000	0.0048	0.0029	0.0019	0.0019	0.0017	0.0002	0.0029	0.0012	0.0017	0.0000	0.0000	0.0000	0.0000	0.0000	0.0000	0.0000	0.0000	0.0000	201.5078	0.0000	505.1228	0.0479	0.0000	0.4215	333.0796	0.0000	569.0803				
48	52	0.1171	5	1	2	0	0	0	0	0	0	N	Y	N	N	N	N	N	N	N	N	N	N	0.0000	0.0000	0.0000	0.0000	0.0000	0.0000	0.0000	0.0000	0.0000	0.0000	0.0000	0.0000	0.0000	0.0913	0.3456	0.0000	0.1611	0.1672	0.0000	0.0000	0.0000	0.0000	0.0000	0.0000	-0.0000	0.0000	0.9211	4.0000	0.1671	0.0000	0.0000	0.0000	0.0000	0.0000	0.0000	0.0000	0.0000	0.0000	0.0000	0.0000	0.0000	0.0000	0.0000	0.0000	0.0000	0.0000	0.0000	0.0000	0.0000	0.0000	0.0000	0.0000	0.0000	0.0000	0.0000	0.0000	0.0117	0.0054	0.0063	0.0032	0.0028	0.0004	0.0084	0.0025	0.0059	0.0000	0.0000	0.0000	0.0000	0.0000	0.0000	0.0000	0.0000	0.0000	0.0034	0.0074	0.0000	0.0124	0.0141	0.0000	0.0000	0.0000	0.0000						
48	53	0.6484	7	1	2	0	0	0	0	0	0	N	Y	N	N	N	N	N	N	N	N	N	N	0.0000	0.0000	0.0000	0.0000	0.0000	0.0000	0.0000	0.0000	0.0000	0.0000	0.0000	0.0000	0.0000	0.0000	0.0000	0.0000	0.0000	0.0000	0.0000	0.0000	0.0000	1.0000	4.0000	5.0000	0.0000	0.0000	0.0000	0.0000	0.0000	0.0000	0.0000	0.0000	0.0000	0.0000	0.0000	0.0000	0.0000	0.0000	0.0000	0.0000	0.0000	0.0000	0.0000	0.0000	0.0000	0.0000	0.0000	0.0000	0.0000	0.0000	0.0000	0.0198	0.0103	0.0096	0.0074	0.0062	0.0011	0.0125	0.0040	0.0084	0.0000	0.0000	0.0000	0.0000	0.0000	0.0000	0.0000	0.0000	0.0000	0.0000	0.0000	0.0000	0.0000	0.0000	0.0000	0.0000	0.0000	0.0000											
48	54	0.6331	6	1	1	0	0	0	0	0	0	N	N	N	N	N	N	N	N	N	N	N	N	0.0000	0.0000	0.0000	0.0000	0.0000	0.0000	0.0000	0.0000	0.0000	0.0000	0.0000	0.0000	0.0000	0.0000	0.0000	0.0000	0.0000	0.0000	0.0000	0.0000	0.0000	0.0000	4.0000	2.9157	0.0000	0.0000	0.0000	0.0000	0.0000	0.0000	0.0000	0.0000	0.0000	0.0000	0.0000	0.0000	0.0000	0.0000	0.0000	0.0000	0.0000	0.0000	0.0000	0.0000	0.0000	0.0000	0.0000	0.0000	0.0000	0.0000	0.0000	0.0099	0.0051	0.0048	0.0036	0.0031	0.0006	0.0063	0.0020	0.0043	0.0000	0.0000	0.0000	0.0000	0.0000	0.0000	0.0000	0.0000	0.0000	0.0000	0.0000	0.0000	0.0000	0.0000	0.0000	0.0000	0.0000	0.0000											
48	55	0.0930	4	1	2	0	0	0	0	0	0	N	Y	N	N	N	N	N	N	N	N	N	N	0.0000	0.0000	0.0000	0.0000	0.0000	0.0000	0.0000	0.0000	0.0000	0.0000	0.0000	0.0000	0.0000	22.6351	0.0000	41.2402	0.0000	0.0000	0.0000	29.4420	0.0000	52.2678	inf	0.0000	0.4781	0.0000	2.0000	4.0000	3.0000	0.0000	0.0000	0.0000	0.0000	0.0000	0.0000	0.0000	0.0000	0.0000	1.0000	0.0000	1.0000	0.0000	0.0000	0.0000	1.0000	0.0000	1.0000	0.0000	0.0000	0.0000	0.0000	0.0000	0.0000	0.0000	0.0000	0.0000	0.0442	0.0198	0.0244	0.0102	0.0087	0.0015	0.0340	0.0111	0.0228	0.0000	0.0000	0.0000	0.0000	0.0000	0.0000	0.0000	0.0000	0.0000	22.6351	0.0000	41.0465	0.0000	0.0000	0.0000	29.4420	0.0000	43.7921						
48	56	0.6253	5	1	2	0	1	0	0	0	0	N	Y	N	N	N	N	N	N	N	N	N	N	0.0000	0.0000	0.0000	0.0000	0.0000	0.0000	0.0000	0.0000	0.0000	0.0000	0.0000	0.0000	0.0000	0.0000	0.0000	0.0000	0.0000	0.0000	0.0000	0.0000	0.0000	1.7218	4.0000	6.9557	0.0000	0.0000	0.0000	0.0000	0.0000	0.0000	0.0000	0.0000	0.0000	0.0000	0.0000	0.0000	0.0000	0.0000	0.0000	0.0000	0.0000	0.0000	0.0000	0.0000	0.0000	0.0000	0.0000	0.0000	0.0000	0.0000	0.0000	0.0282	0.0144	0.0138	0.0102	0.0086	0.0016	0.0180	0.0058	0.0123	0.0000	0.0000	0.0000	0.0000	0.0000	0.0000	0.0000	0.0000	0.0000	0.0000	0.0000	0.0000	0.0000	0.0000	0.0000	0.0000	0.0000	0.0000											
48	57	0.6364	5	2	1	1	0	0	0	0	0	Y	N	N	N	N	N	N	N	N	N	N	N	0.0000	0.0000	0.0000	0.0000	0.0000	0.0000	0.0000	0.0000	0.0000	0.0000	0.0000	0.0000	0.0000	0.0000	0.0000	0.0000	0.0000	0.0000	0.0000	0.0000	0.0000	8.9999	4.0000	5.0001	0.0000	0.0000	0.0000	0.0000	0.0000	0.0000	0.0000	0.0000	0.0000	0.0000	0.0000	0.0000	0.0000	0.0000	0.0000	0.0000	0.0000	0.0000	0.0000	0.0000	0.0000	0.0000	0.0000	0.0000	0.0000	0.0000	0.0000	0.0337	0.0189	0.0148	0.0167	0.0143	0.0025	0.0170	0.0046	0.0124	0.0000	0.0000	0.0000	0.0000	0.0000	0.0000	0.0000	0.0000	0.0000	0.0000	0.0000	0.0000	0.0000	0.0000	0.0000	0.0000	0.0000	0.0000											
48	59	0.6619	6	1	1	1	0	0	0	0	0	N	N	N	N	N	N	N	N	N	N	N	N	0.0000	0.0000	0.0000	0.0000	0.0000	0.0000	0.0000	0.0000	0.0000	0.0000	0.0000	0.0000	0.0000	7.4339	12.7198	0.0000	19.1974	21.8003	0.0000	0.0000	0.0000	0.0000	0.0000	0.0000	-0.0214	0.0000	0.0006	4.0000	1.1867	0.0000	0.0000	0.0000	0.0000	0.0000	0.0000	0.0000	0.0000	0.0000	0.0411	0.0411	0.0000	0.0411	0.0411	0.0000	0.0000	0.0000	0.0000	0.0000	0.0000	0.0000	0.0000	0.0000	0.0000	0.0000	0.0000	0.0000	0.0055	0.0032	0.0023	0.0021	0.0019	0.0003	0.0034	0.0013	0.0020	0.0000	0.0000	0.0000	0.0000	0.0000	0.0000	0.0000	0.0000	0.0000	7.4339	12.7198	0.0000	19.1974	21.8003	0.0000	0.0000	0.0000	0.0000						
48	60	0.6253	5	1	1	0	0	0	0	0	0	N	N	N	N	N	N	N	N	N	N	N	N	0.0000	0.0000	0.0000	0.0000	0.0000	0.0000	0.0000	0.0000	0.0000	0.0000	0.0000	0.0000	0.0000	0.0000	0.0000	2.6046	0.3531	11.5309	0.0000	0.0000	0.0000	3.4769	1.2947	11.3132	455.4444	0.0000	0.0196	0.0000	2.2785	4.0000	4.8627	0.0000	0.0000	0.0000	0.0000	0.0000	0.0000	0.0000	0.0000	0.0000	0.0411	0.0001	0.0410	0.0000	0.0000	0.0000	0.0411	0.0001	0.0410	0.0000	0.0000	0.0000	0.0000	0.0000	0.0000	0.0000	0.0000	0.0000	0.0236	0.0120	0.0116	0.0085	0.0072	0.0013	0.0151	0.0048	0.0103	0.0000	0.0000	0.0000	0.0000	0.0000	0.0000	0.0000	0.0000	0.0000	1.7414	0.0075	3.5436	0.0000	0.0000	0.0000	2.7219	0.0186	3.9971				
48	61	0.1171	5	1	1	1	0	0	0	0	0	N	N	N	N	N	N	N	N	N	N	N	N	0.0000	0.0000	0.0000	0.0000	0.0000	0.0000	0.0000	0.0000	0.0000	0.0000	0.0000	0.0000	0.0000	0.0025	0.0065	0.0000	0.0071	0.0072	0.0000	0.0000	0.0000	0.0000	0.0000	0.0000	-0.0000	0.0000	1.0901	4.0000	7.9319	0.0000	0.0000	0.0000	0.0000	0.0000	0.0000	0.0000	0.0000	0.0000	0.0000	0.0000	0.0000	0.0000	0.0000	0.0000	0.0000	0.0000	0.0000	0.0000	0.0000	0.0000	0.0000	0.0000	0.0000	0.0000	0.0000	0.0000	0.0736	0.0329	0.0407	0.0173	0.0146	0.0026	0.0564	0.0183	0.0380	0.0000	0.0000	0.0000	0.0000	0.0000	0.0000	0.0000	0.0000	0.0000	0.0005	0.0012	0.0000	0.0023	0.0027	0.0000	0.0000	0.0000	0.0000						
48	62	0.0870	4	1	1	0	0	0	0	0	0	N	N	N	N	N	N	N	N	N	N	N	N	0.0000	0.0000	0.0000	0.0000	0.0000	0.0000	0.0000	0.0000	0.0000	0.0000	0.0000	0.0000	0.0000	0.0000	0.0000	0.0000	0.0000	0.0000	0.3628	0.7033	0.0009	0.0212	0.0154	0.0111	0.0912	1.4752	0.0005	0.0645	0.0000	-0.0002	0.0000	1.6797	4.0000	2.9843	0.0000	0.0000	0.0000	0.0000	0.0000	0.0000	0.0000	0.0000	0.0000	0.0003	0.0003	0.0000	0.0000	0.0000	0.0000	0.0003	0.0003	0.0000	0.0000	0.0000	0.0000	0.0000	0.0000	0.0000	0.0000	0.0000	0.0000	0.0430	0.0195	0.0235	0.0105	0.0090	0.0015	0.0325	0.0105	0.0220	0.0000	0.0000	0.0000	0.0000	0.0000	0.0000	0.0000	0.0000	0.0000	0.0077	0.0159	0.0009	0.0047	0.0044	0.0067	0.0086	0.0258	0.0005	
48	63	0.0768	3	1	1	0	0	0	0	0	0	N	N	N	N	N	N	N	N	N	N	N	N	0.0000	0.0000	0.0000	0.0000	0.0000	0.0000	0.0000	0.0000	0.0000	0.0000	0.0000	0.0000	0.0000	0.0000	0.0000	0.0000	0.0000	0.0000	1.9213	2.7842	0.0018	1.4272	1.5229	0.0677	2.1132	4.6003	0.0000	0.0020	0.0000	-0.0053	0.0000	0.4935	4.0000	1.5835	0.0000	0.0000	0.0000	0.0000	0.0000	0.0000	0.0000	0.0000	0.0000	0.0102	0.0102	0.0000	0.0006	0.0006	0.0000	0.0096	0.0096	0.0000	0.0000	0.0000	0.0000	0.0000	0.0000	0.0000	0.0000	0.0000	0.0000	0.0217	0.0106	0.0111	0.0056	0.0049	0.0007	0.0161	0.0057	0.0104	0.0000	0.0000	0.0000	0.0000	0.0000	0.0000	0.0000	0.0000	0.0000	0.4693	0.9588	0.0018	0.1053	0.1160	0.0288	0.5954	1.6818	0.0000	
48	64	0.1138	5	1	2	0	0	0	0	0	0	N	Y	N	N	N	N	N	N	N	N	N	N	0.0000	0.0000	0.0000	0.0000	0.0000	0.0000	0.0000	0.0000	0.0000	0.0000	0.0000	0.0000	0.0000	0.0000	0.0000	0.9221	1.5307	0.0000	1.6301	1.7964	0.0000	0.0449	1.2122	0.0000	0.0000	0.0000	-0.0003	0.0000	0.2944	4.0000	1.0083	0.0000	0.0000	0.0000	0.0000	0.0000	0.0000	0.0000	0.0000	0.0000	0.0005	0.0005	0.0000	0.0004	0.0004	0.0000	0.0001	0.0001	0.0000	0.0000	0.0000	0.0000	0.0000	0.0000	0.0000	0.0000	0.0000	0.0000	0.0123	0.0058	0.0065	0.0033	0.0029	0.0004	0.0090	0.0029	0.0061	0.0000	0.0000	0.0000	0.0000	0.0000	0.0000	0.0000	0.0000	0.0000	0.0397	0.0846	0.0000	0.1316	0.1516	0.0000	0.0056	0.0173	0.0000				
48	65	0.0930	4	1	1	0	0	0	0	0	0	N	N	N	N	N	N	N	N	N	N	N	N	0.0000	0.0000	0.0000	0.0000	0.0000	0.0000	0.0000	0.0000	0.0000	0.0000	0.0000	0.0000	0.0000	0.0000	0.0000	0.0000	0.0000	0.6551	0.4998	0.0779	0.9463	0.3648	0.9973	0.0165	0.0000	0.0040	2.5000	0.0000	0.0001	0.0000	1.1351	4.0000	2.0429	0.0000	0.0000	0.0000	0.0000	0.0000	0.0000	0.0000	0.0000	0.0000	0.0005	0.0001	0.0003	0.0004	0.0001	0.0003	0.0001	0.0000	0.0001	0.0000	0.0000	0.0000	0.0000	0.0000	0.0000	0.0000	0.0000	0.0000	0.0293	0.0132	0.0161	0.0069	0.0059	0.0010	0.0224	0.0073	0.0151	0.0000	0.0000	0.0000	0.0000	0.0000	0.0000	0.0000	0.0000	0.0000	0.0167	0.0106	0.0218	0.0624	0.0238	0.2869	0.0027	0.0000	0.0040		
48	66	0.0768	3	1	1	0	0	0	0	0	0	N	N	N	N	N	N	N	N	N	N	N	N	0.0000	0.0000	0.0000	0.0000	0.0000	0.0000	0.0000	0.0000	0.0000	0.0000	0.0000	0.0000	0.0000	0.0000	0.0000	1.7614	2.6396	0.0000	0.6610	0.6757	0.0000	1.9069	4.3055	0.0000	0.0000	0.0000	-0.0052	0.0000	0.4912	4.0000	2.4266	0.0000	0.0000	0.0000	0.0000	0.0000	0.0000	0.0000	0.0000	0.0000	0.0099	0.0099	0.0000	0.0003	0.0003	0.0000	0.0096	0.0096	0.0000	0.0000	0.0000	0.0000	0.0000	0.0000	0.0000	0.0000	0.0000	0.0000	0.0291	0.0138	0.0153	0.0072	0.0063	0.0009	0.0219	0.0076	0.0143	0.0000	0.0000	0.0000	0.0000	0.0000	0.0000	0.0000	0.0000	0.0000	0.3402	0.7155	0.0000	0.0430	0.0494	0.0000	0.4383	1.2687	0.0000				
48	67	0.0717	2	1	1	0	0	0	0	0	0	N	N	N	N	N	N	N	N	N	N	N	N	0.0000	0.0000	0.0000	0.0000	0.0000	0.0000	0.0000	0.0000	0.0000	0.0000	0.0000	0.0000	0.0000	0.0000	0.0000	0.0000	0.0000	0.0000	14.7224	19.2158	0.0426	2.9006	2.8344	0.3464	22.2867	34.1433	0.0110	0.0002	0.0000	-0.3959	0.0000	0.6141	4.0000	1.2701	0.0000	0.0000	0.0000	0.0000	0.0000	0.0000	0.0000	0.0000	0.0000	0.7590	0.7588	0.0002	0.0081	0.0081	0.0000	0.7509	0.7507	0.0001	0.0000	0.0000	0.0000	0.0000	0.0000	0.0000	0.0000	0.0000	0.0000	0.0516	0.0395	0.0121	0.0179	0.0175	0.0004	0.0337	0.0220	0.0117	0.0000	0.0000	0.0000	0.0000	0.0000	0.0000	0.0000	0.0000	0.0000	14.7224	19.2158	0.0141	0.4532	0.4602	0.1136	22.2867	34.1433	0.0110	
48	69	0.6817	7	2	2	1	0	0	0	0	0	Y	Y	N	N	N	N	N	N	N	N	N	N	0.0000	0.0000	0.0000	0.0000	0.0000	0.0000	0.0000	0.0000	0.0000	0.0000	0.0000	0.0000	0.0000	0.0000	0.0000	0.0000	0.0000	0.0000	0.0000	0.0000	0.0000	1.0000	4.0000	0.0000	0.0000	0.0000	0.0000	0.0000	0.0000	0.0000	0.0000	0.0000	0.0000	0.0000	0.0000	0.0000	0.0000	0.0000	0.0000	0.0000	0.0000	0.0000	0.0000	0.0000	0.0000	0.0000	0.0000	0.0000	0.0000	0.0000	0.0000	0.0043	0.0025	0.0018	0.0025	0.0021	0.0004	0.0018	0.0004	0.0014	0.0000	0.0000	0.0000	0.0000	0.0000	0.0000	0.0000	0.0000	0.0000	0.0000	0.0000	0.0000	0.0000	0.0000	0.0000	0.0000	0.0000	0.0000											
48	70	0.6817	7	2	2	1	0	0	0	0	0	Y	Y	N	N	N	N	N	N	N	N	N	N	0.0000	0.0000	0.0000	0.0000	0.0000	0.0000	0.0000	0.0000	0.0000	0.0000	0.0000	0.0000	0.0000	0.0000	0.0000	0.0000	0.0000	0.0000	0.0000	0.0000	0.0000	0.0000	4.0000	0.0000	0.0000	0.0000	0.0000	0.0000	0.0000	0.0000	0.0000	0.0000	0.0000	0.0000	0.0000	0.0000	0.0000	0.0000	0.0000	0.0000	0.0000	0.0000	0.0000	0.0000	0.0000	0.0000	0.0000	0.0000	0.0000	0.0000	0.0000	0.0000	0.0000	0.0000	0.0000	0.0000	0.0000	0.0000	0.0000	0.0000	0.0000	0.0000	0.0000	0.0000	0.0000	0.0000	0.0000	0.0000	0.0000	0.0000	0.0000	0.0000	0.0000	0.0000	0.0000	0.0000	0.0000	0.0000											
48	71	0.6594	6	2	2	1	0	0	0	0	0	Y	Y	N	N	N	N	N	N	N	N	N	N	0.0000	0.0000	0.0000	0.0000	0.0000	0.0000	0.0000	0.0000	0.0000	0.0000	0.0000	0.0000	0.0000	0.0000	0.0000	0.0000	0.0000	0.0000	0.0000	0.0000	0.0000	2.0000	4.0000	1.0000	0.0000	0.0000	0.0000	0.0000	0.0000	0.0000	0.0000	0.0000	0.0000	0.0000	0.0000	0.0000	0.0000	0.0000	0.0000	0.0000	0.0000	0.0000	0.0000	0.0000	0.0000	0.0000	0.0000	0.0000	0.0000	0.0000	0.0000	0.0125	0.0072	0.0053	0.0072	0.0062	0.0011	0.0053	0.0011	0.0042	0.0000	0.0000	0.0000	0.0000	0.0000	0.0000	0.0000	0.0000	0.0000	0.0000	0.0000	0.0000	0.0000	0.0000	0.0000	0.0000	0.0000	0.0000											
48	72	0.6364	5	2	1	1	0	0	0	0	0	Y	N	N	N	N	N	N	N	N	N	N	N	0.0000	0.0000	0.0000	0.0000	0.0000	0.0000	0.0000	0.0000	0.0000	0.0000	0.0000	0.0000	0.0000	0.0000	0.0000	0.0000	0.0000	0.0000	0.0000	0.0000	0.0000	1.0017	4.0000	2.0007	0.0000	0.0000	0.0000	0.0000	0.0000	0.0000	0.0000	0.0000	0.0000	0.0000	0.0000	0.0000	0.0000	0.0000	0.0000	0.0000	0.0000	0.0000	0.0000	0.0000	0.0000	0.0000	0.0000	0.0000	0.0000	0.0000	0.0000	0.0079	0.0044	0.0035	0.0039	0.0034	0.0006	0.0040	0.0011	0.0029	0.0000	0.0000	0.0000	0.0000	0.0000	0.0000	0.0000	0.0000	0.0000	0.0000	0.0000	0.0000	0.0000	0.0000	0.0000	0.0000	0.0000	0.0000											
48	73	0.0583	2	2	2	0	0	0	0	0	0	Y	Y	N	N	N	N	N	N	N	N	N	N	0.0000	0.0000	0.0000	0.0000	0.0000	0.0000	0.0000	0.0000	0.0000	0.0000	0.0000	0.0000	0.0000	0.0000	0.0000	0.0000	0.0000	0.0000	0.0000	0.0000	0.0000	0.0000	4.0000	0.0000	0.0000	0.0000	0.0000	0.0000	0.0000	0.0000	0.0000	0.0000	0.0000	0.0000	0.0000	0.0000	0.0000	0.0000	0.0000	0.0000	0.0000	0.0000	0.0000	0.0000	0.0000	0.0000	0.0000	0.0000	0.0000	0.0000	0.0000	0.0000	0.0000	0.0000	0.0000	0.0000	0.0000	0.0000	0.0000	0.0000	0.0000	0.0000	0.0000	0.0000	0.0000	0.0000	0.0000	0.0000	0.0000	0.0000	0.0000	0.0000	0.0000	0.0000	0.0000	0.0000	0.0000	0.0000											
48	74	0.6634	6	2	2	0	0	0	0	0	0	Y	Y	N	N	N	N	N	N	N	N	N	N	0.0000	0.0000	0.0000	0.0000	0.0000	0.0000	0.0000	0.0000	0.0000	0.0000	0.0000	0.0000	0.0000	0.0000	0.0000	0.0000	0.0000	0.0000	0.0000	0.0000	0.0000	0.0000	4.0000	0.0010	0.0000	0.0000	0.0000	0.0000	0.0000	0.0000	0.0000	0.0000	0.0000	0.0000	0.0000	0.0000	0.0000	0.0000	0.0000	0.0000	0.0000	0.0000	0.0000	0.0000	0.0000	0.0000	0.0000	0.0000	0.0000	0.0000	0.0000	0.0000	0.0000	0.0000	0.0000	0.0000	0.0000	0.0000	0.0000	0.0000	0.0000	0.0000	0.0000	0.0000	0.0000	0.0000	0.0000	0.0000	0.0000	0.0000	0.0000	0.0000	0.0000	0.0000	0.0000	0.0000	0.0000	0.0000											
48	75	0.6526	8	1	2	0	1	0	0	0	0	N	Y	N	N	N	N	N	N	N	N	N	N	0.0000	0.0000	0.0000	0.0000	0.0000	0.0000	0.0000	0.0000	0.0000	0.0000	0.0000	0.0000	0.0000	0.0000	0.0000	0.0000	0.0000	0.0000	0.0000	0.0000	0.0000	0.0000	4.0000	0.0000	0.0000	0.0000	0.0000	0.0000	0.0000	0.0000	0.0000	0.0000	0.0000	0.0000	0.0000	0.0000	0.0000	0.0000	0.0000	0.0000	0.0000	0.0000	0.0000	0.0000	0.0000	0.0000	0.0000	0.0000	0.0000	0.0000	0.0000	0.0000	0.0000	0.0000	0.0000	0.0000	0.0000	0.0000	0.0000	0.0000	0.0000	0.0000	0.0000	0.0000	0.0000	0.0000	0.0000	0.0000	0.0000	0.0000	0.0000	0.0000	0.0000	0.0000	0.0000	0.0000	0.0000	0.0000											
48	76	0.6526	8	1	1	0	1	0	0	0	0	N	N	N	N	N	N	N	N	N	N	N	N	0.0000	0.0000	0.0000	0.0000	0.0000	0.0000	0.0000	0.0000	0.0000	0.0000	0.0000	0.0000	0.0000	0.0000	0.0000	0.0000	0.0000	0.0000	0.0000	0.0000	0.0000	0.0000	4.0000	0.0000	0.0000	0.0000	0.0000	0.0000	0.0000	0.0000	0.0000	0.0000	0.0000	0.0000	0.0000	0.0000	0.0000	0.0000	0.0000	0.0000	0.0000	0.0000	0.0000	0.0000	0.0000	0.0000	0.0000	0.0000	0.0000	0.0000	0.0000	0.0000	0.0000	0.0000	0.0000	0.0000	0.0000	0.0000	0.0000	0.0000	0.0000	0.0000	0.0000	0.0000	0.0000	0.0000	0.0000	0.0000	0.0000	0.0000	0.0000	0.0000	0.0000	0.0000	0.0000	0.0000	0.0000	0.0000											
48	77	0.6372	7	1	1	0	1	0	0	0	0	N	N	N	N	N	N	N	N	N	N	N	N	0.0000	0.0000	0.0000	0.0000	0.0000	0.0000	0.0000	0.0000	0.0000	0.0000	0.0000	0.0000	0.0000	0.0000	0.0000	0.0000	0.0000	0.0000	0.0000	0.0000	0.0000	0.0002	4.0000	2.9297	0.0000	0.0000	0.0000	0.0000	0.0000	0.0000	0.0000	0.0000	0.0000	0.0000	0.0000	0.0000	0.0000	0.0000	0.0000	0.0000	0.0000	0.0000	0.0000	0.0000	0.0000	0.0000	0.0000	0.0000	0.0000	0.0000	0.0000	0.0101	0.0052	0.0049	0.0037	0.0031	0.0006	0.0064	0.0020	0.0044	0.0000	0.0000	0.0000	0.0000	0.0000	0.0000	0.0000	0.0000	0.0000	0.0000	0.0000	0.0000	0.0000	0.0000	0.0000	0.0000	0.0000	0.0000											
48	78	0.6331	6	1	1	0	1	0	0	0	0	N	N	N	N	N	N	N	N	N	N	N	N	0.0000	0.0000	0.0000	0.0000	0.0000	0.0000	0.0000	0.0000	0.0000	0.0000	0.0000	0.0000	0.0000	0.0000	0.0000	0.0000	0.0000	0.0000	0.0000	0.0000	0.0000	0.0003	4.0000	2.1916	0.0000	0.0000	0.0000	0.0000	0.0000	0.0000	0.0000	0.0000	0.0000	0.0000	0.0000	0.0000	0.0000	0.0000	0.0000	0.0000	0.0000	0.0000	0.0000	0.0000	0.0000	0.0000	0.0000	0.0000	0.0000	0.0000	0.0000	0.0075	0.0038	0.0037	0.0027	0.0023	0.0004	0.0048	0.0015	0.0032	0.0000	0.0000	0.0000	0.0000	0.0000	0.0000	0.0000	0.0000	0.0000	0.0000	0.0000	0.0000	0.0000	0.0000	0.0000	0.0000	0.0000	0.0000											
48	79	0.6253	5	1	1	0	0	0	0	0	0	N	N	N	N	N	N	N	N	N	N	N	N	0.0000	0.0000	0.0000	0.0000	0.0000	0.0000	0.0000	0.0000	0.0000	0.0000	0.0000	0.0000	0.0000	0.0000	0.0000	0.0000	0.0000	0.0000	0.0000	0.0000	0.0000	0.2782	4.0000	1.3600	0.0000	0.0000	0.0000	0.0000	0.0000	0.0000	0.0000	0.0000	0.0000	0.0000	0.0000	0.0000	0.0000	0.0000	0.0000	0.0000	0.0000	0.0000	0.0000	0.0000	0.0000	0.0000	0.0000	0.0000	0.0000	0.0000	0.0000	0.0057	0.0029	0.0028	0.0020	0.0017	0.0003	0.0037	0.0012	0.0025	0.0000	0.0000	0.0000	0.0000	0.0000	0.0000	0.0000	0.0000	0.0000	0.0000	0.0000	0.0000	0.0000	0.0000	0.0000	0.0000	0.0000	0.0000											
48	80	0.6690	7	1	2	1	0	0	0	0	0	N	Y	N	N	N	N	N	N	N	N	N	N	0.0000	0.0000	0.0000	0.0000	0.0000	0.0000	0.0000	0.0000	0.0000	0.0000	0.0000	0.0000	0.0000	0.0000	0.0000	0.0000	0.0000	0.0000	0.0000	0.0000	0.0000	0.0029	4.0000	2.0135	0.0000	0.0000	0.0000	0.0000	0.0000	0.0000	0.0000	0.0000	0.0000	0.0000	0.0000	0.0000	0.0000	0.0000	0.0000	0.0000	0.0000	0.0000	0.0000	0.0000	0.0000	0.0000	0.0000	0.0000	0.0000	0.0000	0.0000	0.0089	0.0062	0.0027	0.0060	0.0056	0.0004	0.0029	0.0006	0.0023	0.0000	0.0000	0.0000	0.0000	0.0000	0.0000	0.0000	0.0000	0.0000	0.0000	0.0000	0.0000	0.0000	0.0000	0.0000	0.0000	0.0000	0.0000											
48	81	0.6624	6	1	2	0	0	0	0	0	0	N	Y	N	N	N	N	N	N	N	N	N	N	0.0000	0.0000	0.0000	0.0000	0.0000	0.0000	0.0000	0.0000	0.0000	0.0000	0.0000	0.0000	0.0000	0.0000	0.0000	0.0000	1.3001	0.7399	0.9055	0.2825	0.2991	0.0000	1.5126	0.0000	0.4516	10.1667	0.0000	0.0003	0.0000	0.6188	4.0000	0.9475	0.0000	0.0000	0.0000	0.0000	0.0000	0.0000	0.0000	0.0000	0.0000	0.0007	0.0001	0.0006	0.0001	0.0001	0.0000	0.0006	0.0000	0.0006	0.0000	0.0000	0.0000	0.0000	0.0000	0.0000	0.0000	0.0000	0.0000	0.0061	0.0035	0.0026	0.0033	0.0030	0.0003	0.0028	0.0005	0.0023	0.0000	0.0000	0.0000	0.0000	0.0000	0.0000	0.0000	0.0000	0.0000	0.1091	0.0172	0.2308	0.0180	0.0200	0.0000	0.2175	0.0000	0.2643			
48	82	0.0615	2	1	2	1	0	0	0	0	0	N	Y	N	N	N	N	N	N	N	N	N	N	0.0000	0.0000	0.0000	0.0000	0.0000	0.0000	0.0000	0.0000	0.0000	0.0000	0.0000	0.0000	0.0000	134.9703	0.0000	201.0897	0.0000	0.0000	0.0000	134.9703	0.0000	201.0897	inf	0.0000	0.4781	0.0000	0.0000	4.0000	1.0000	0.0000	0.0000	0.0000	0.0000	0.0000	0.0000	0.0000	0.0000	0.0000	1.0000	0.0000	1.0000	0.0000	0.0000	0.0000	1.0000	0.0000	1.0000	0.0000	0.0000	0.0000	0.0000	0.0000	0.0000	0.0000	0.0000	0.0000	0.0074	0.0024	0.0050	0.0000	0.0000	0.0000	0.0074	0.0024	0.0050	0.0000	0.0000	0.0000	0.0000	0.0000	0.0000	0.0000	0.0000	0.0000	134.9703	0.0000	201.0897	0.0000	0.0000	0.0000	134.9703	0.0000	201.0897						
48	83	0.6364	5	2	1	1	0	0	0	0	0	Y	N	N	N	N	N	N	N	N	N	N	N	0.0000	0.0000	0.0000	0.0000	0.0000	0.0000	0.0000	0.0000	0.0000	0.0000	0.0000	0.0000	0.0000	0.0000	0.0000	0.0000	0.0000	0.0000	0.0000	0.0000	0.0000	9.0001	4.0000	3.0001	0.0000	0.0000	0.0000	0.0000	0.0000	0.0000	0.0000	0.0000	0.0000	0.0000	0.0000	0.0000	0.0000	0.0000	0.0000	0.0000	0.0000	0.0000	0.0000	0.0000	0.0000	0.0000	0.0000	0.0000	0.0000	0.0000	0.0000	0.0294	0.0164	0.0129	0.0146	0.0124	0.0021	0.0148	0.0040	0.0108	0.0000	0.0000	0.0000	0.0000	0.0000	0.0000	0.0000	0.0000	0.0000	0.0000	0.0000	0.0000	0.0000	0.0000	0.0000	0.0000	0.0000	0.0000											
48	85	0.0852	2	2	2	0	0	0	0	0	0	Y	Y	N	N	N	N	N	N	N	N	N	N	0.0000	0.0000	0.0000	0.0000	0.0000	0.0000	0.0000	0.0000	0.0000	0.0000	0.0000	0.0000	0.0000	0.4053	0.8116	0.0000	1.2064	1.1778	0.0000	0.0000	0.0000	0.0000	0.0000	0.0000	-0.0001	0.0000	1.0086	4.0000	1.7435	0.0000	0.0000	0.0000	0.0000	0.0000	0.0000	0.0000	0.0000	0.0000	0.0003	0.0003	0.0000	0.0003	0.0003	0.0000	0.0000	0.0000	0.0000	0.0000	0.0000	0.0000	0.0000	0.0000	0.0000	0.0000	0.0000	0.0000	0.0279	0.0130	0.0149	0.0030	0.0029	0.0001	0.0249	0.0101	0.0148	0.0000	0.0000	0.0000	0.0000	0.0000	0.0000	0.0000	0.0000	0.0000	0.0090	0.0193	0.0000	0.0837	0.0877	0.0000	0.0000	0.0000	0.0000						
48	87	0.5952	4	2	2	0	0	0	0	0	0	Y	Y	N	N	N	N	N	N	N	N	N	N	0.0000	0.0000	0.0000	0.0000	0.0000	0.0000	0.0000	0.0000	0.0000	0.0000	0.0000	0.0000	0.0000	0.0000	0.0000	0.0000	0.0000	0.0000	0.0000	0.0000	0.0000	9.0005	4.0000	5.0000	0.0000	0.0000	0.0000	0.0000	0.0000	0.0000	0.0000	0.0000	0.0000	0.0000	0.0000	0.0000	0.0000	0.0000	0.0000	0.0000	0.0000	0.0000	0.0000	0.0000	0.0000	0.0000	0.0000	0.0000	0.0000	0.0000	0.0000	0.0481	0.0240	0.0241	0.0159	0.0135	0.0024	0.0322	0.0105	0.0217	0.0000	0.0000	0.0000	0.0000	0.0000	0.0000	0.0000	0.0000	0.0000	0.0000	0.0000	0.0000	0.0000	0.0000	0.0000	0.0000	0.0000	0.0000											
48	88	0.0615	2	1	2	0	0	0	0	0	0	N	Y	N	N	N	N	N	N	N	N	N	N	0.0000	0.0000	0.0000	0.0000	0.0000	0.0000	0.0000	0.0000	0.0000	0.0000	0.0000	0.0000	0.0000	0.0000	0.0000	0.0000	0.0000	0.0000	0.0000	0.0000	0.0000	0.0000	4.0000	0.0000	0.0000	0.0000	0.0000	0.0000	0.0000	0.0000	0.0000	0.0000	0.0000	0.0000	0.0000	0.0000	0.0000	0.0000	0.0000	0.0000	0.0000	0.0000	0.0000	0.0000	0.0000	0.0000	0.0000	0.0000	0.0000	0.0000	0.0000	0.0000	0.0000	0.0000	0.0000	0.0000	0.0000	0.0000	0.0000	0.0000	0.0000	0.0000	0.0000	0.0000	0.0000	0.0000	0.0000	0.0000	0.0000	0.0000	0.0000	0.0000	0.0000	0.0000	0.0000	0.0000	0.0000	0.0000											
48	89	0.6624	6	1	2	0	0	0	0	0	0	N	Y	N	N	N	N	N	N	N	N	N	N	0.0000	0.0000	0.0000	0.0000	0.0000	0.0000	0.0000	0.0000	0.0000	0.0000	0.0000	0.0000	0.0000	1.1294	0.0000	0.5866	0.0000	0.0000	0.0000	1.2366	0.0000	0.3423	inf	0.0000	0.0003	0.0000	1.9953	4.0000	1.0817	0.0000	0.0000	0.0000	0.0000	0.0000	0.0000	0.0000	0.0000	0.0000	0.0006	0.0000	0.0006	0.0000	0.0000	0.0000	0.0006	0.0000	0.0006	0.0000	0.0000	0.0000	0.0000	0.0000	0.0000	0.0000	0.0000	0.0000	0.0099	0.0057	0.0041	0.0054	0.0048	0.0006	0.0044	0.0010	0.0035	0.0000	0.0000	0.0000	0.0000	0.0000	0.0000	0.0000	0.0000	0.0000	0.0618	0.0000	0.1483	0.0000	0.0000	0.0000	0.1380	0.0000	0.1761						
48	90	0.6364	5	1	2	0	0	0	0	0	0	N	Y	N	N	N	N	N	N	N	N	N	N	0.0000	0.0000	0.0000	0.0000	0.0000	0.0000	0.0000	0.0000	0.0000	0.0000	0.0000	0.0000	0.0000	60.2181	0.0000	136.7309	0.0000	0.0000	0.0000	119.5082	0.0000	163.6724	inf	0.0000	0.4778	0.0000	2.3999	4.0000	4.0713	0.0000	0.0000	0.0000	0.0000	0.0000	0.0000	0.0000	0.0000	0.0000	0.9994	0.0000	0.9994	0.0000	0.0000	0.0000	0.9994	0.0000	0.9994	0.0000	0.0000	0.0000	0.0000	0.0000	0.0000	0.0000	0.0000	0.0000	0.0166	0.0093	0.0073	0.0082	0.0070	0.0012	0.0084	0.0023	0.0061	0.0000	0.0000	0.0000	0.0000	0.0000	0.0000	0.0000	0.0000	0.0000	60.2181	0.0000	136.7309	0.0000	0.0000	0.0000	119.5082	0.0000	163.6724						
48	91	0.6574	6	1	1	1	0	0	0	0	0	N	N	N	N	N	N	N	N	N	N	N	N	0.0000	0.0000	0.0000	0.0000	0.0000	0.0000	0.0000	0.0000	0.0000	0.0000	0.0000	0.0000	0.0000	0.0000	0.0000	0.0000	0.0000	0.0000	0.0000	0.0000	0.0000	0.0000	4.0000	0.0000	0.0000	0.0000	0.0000	0.0000	0.0000	0.0000	0.0000	0.0000	0.0000	0.0000	0.0000	0.0000	0.0000	0.0000	0.0000	0.0000	0.0000	0.0000	0.0000	0.0000	0.0000	0.0000	0.0000	0.0000	0.0000	0.0000	0.0000	0.0000	0.0000	0.0000	0.0000	0.0000	0.0000	0.0000	0.0000	0.0000	0.0000	0.0000	0.0000	0.0000	0.0000	0.0000	0.0000	0.0000	0.0000	0.0000	0.0000	0.0000	0.0000	0.0000	0.0000	0.0000	0.0000	0.0000											
48	92	0.6253	5	1	1	1	0	0	0	0	0	N	N	N	N	N	N	N	N	N	N	N	N	0.0000	0.0000	0.0000	0.0000	0.0000	0.0000	0.0000	0.0000	0.0000	0.0000	0.0000	0.0000	0.0000	0.0000	0.0000	0.0000	0.0000	0.0000	0.0000	0.0000	0.0000	3.7221	4.0000	2.9993	0.0000	0.0000	0.0000	0.0000	0.0000	0.0000	0.0000	0.0000	0.0000	0.0000	0.0000	0.0000	0.0000	0.0000	0.0000	0.0000	0.0000	0.0000	0.0000	0.0000	0.0000	0.0000	0.0000	0.0000	0.0000	0.0000	0.0000	0.0223	0.0114	0.0109	0.0080	0.0068	0.0012	0.0143	0.0046	0.0097	0.0000	0.0000	0.0000	0.0000	0.0000	0.0000	0.0000	0.0000	0.0000	0.0000	0.0000	0.0000	0.0000	0.0000	0.0000	0.0000	0.0000	0.0000											
48	93	0.5952	4	1	1	0	0	0	0	0	0	N	N	N	N	N	N	N	N	N	N	N	N	0.0000	0.0000	0.0000	0.0000	0.0000	0.0000	0.0000	0.0000	0.0000	0.0000	0.0000	0.0000	0.0000	0.0000	0.0000	0.0000	0.0000	0.0000	0.0000	0.0000	0.0000	2.7217	4.0000	3.0458	0.0000	0.0000	0.0000	0.0000	0.0000	0.0000	0.0000	0.0000	0.0000	0.0000	0.0000	0.0000	0.0000	0.0000	0.0000	0.0000	0.0000	0.0000	0.0000	0.0000	0.0000	0.0000	0.0000	0.0000	0.0000	0.0000	0.0000	0.0219	0.0108	0.0111	0.0070	0.0060	0.0011	0.0148	0.0048	0.0100	0.0000	0.0000	0.0000	0.0000	0.0000	0.0000	0.0000	0.0000	0.0000	0.0000	0.0000	0.0000	0.0000	0.0000	0.0000	0.0000	0.0000	0.0000											
48	94	0.6527	6	2	2	0	0	0	0	0	0	Y	Y	N	N	N	N	N	N	N	N	N	N	0.0000	0.0000	0.0000	0.0000	0.0000	0.0000	0.0000	0.0000	0.0000	0.0000	0.0000	0.0000	0.0000	0.9225	1.3920	0.0000	1.1426	1.1869	0.0000	0.0000	0.0000	0.0000	0.0000	0.0000	-0.0005	0.0000	5.9980	4.0000	4.9575	0.0000	0.0000	0.0000	0.0000	0.0000	0.0000	0.0000	0.0000	0.0000	0.0009	0.0009	0.0000	0.0009	0.0009	0.0000	0.0000	0.0000	0.0000	0.0000	0.0000	0.0000	0.0000	0.0000	0.0000	0.0000	0.0000	0.0000	0.0227	0.0138	0.0089	0.0121	0.0102	0.0019	0.0106	0.0036	0.0070	0.0000	0.0000	0.0000	0.0000	0.0000	0.0000	0.0000	0.0000	0.0000	0.0405	0.0666	0.0000	0.0761	0.0904	0.0000	0.0000	0.0000	0.0000						
48	95	0.0615	2	2	2	0	0	0	0	0	0	Y	Y	N	N	N	N	N	N	N	N	N	N	0.0000	0.0000	0.0000	0.0000	0.0000	0.0000	0.0000	0.0000	0.0000	0.0000	0.0000	0.0000	0.0000	0.0000	0.0000	0.0000	0.0000	0.0000	0.0000	0.0000	0.0000	0.0000	4.0000	2.0000	0.0000	0.0000	0.0000	0.0000	0.0000	0.0000	0.0000	0.0000	0.0000	0.0000	0.0000	0.0000	0.0000	0.0000	0.0000	0.0000	0.0000	0.0000	0.0000	0.0000	0.0000	0.0000	0.0000	0.0000	0.0000	0.0000	0.0000	0.0145	0.0048	0.0097	0.0000	0.0000	0.0000	0.0145	0.0048	0.0097	0.0000	0.0000	0.0000	0.0000	0.0000	0.0000	0.0000	0.0000	0.0000	0.0000	0.0000	0.0000	0.0000	0.0000	0.0000	0.0000	0.0000	0.0000											
48	97	0.5952	4	1	1	0	0	0	0	0	0	N	N	N	N	N	N	N	N	N	N	N	N	0.0000	0.0000	0.0000	0.0000	0.0000	0.0000	0.0000	0.0000	0.0000	0.0000	0.0000	0.0000	0.0000	0.0000	0.0000	0.0000	0.0000	0.0000	0.0000	0.0000	0.0000	3.9994	4.0000	4.0000	0.0000	0.0000	0.0000	0.0000	0.0000	0.0000	0.0000	0.0000	0.0000	0.0000	0.0000	0.0000	0.0000	0.0000	0.0000	0.0000	0.0000	0.0000	0.0000	0.0000	0.0000	0.0000	0.0000	0.0000	0.0000	0.0000	0.0000	0.0295	0.0146	0.0149	0.0096	0.0081	0.0014	0.0199	0.0065	0.0135	0.0000	0.0000	0.0000	0.0000	0.0000	0.0000	0.0000	0.0000	0.0000	0.0000	0.0000	0.0000	0.0000	0.0000	0.0000	0.0000	0.0000	0.0000											
48	99	0.4842	3	1	1	0	0	0	0	0	0	N	N	N	N	N	N	N	N	N	N	N	N	0.0000	0.0000	0.0000	0.0000	0.0000	0.0000	0.0000	0.0000	0.0000	0.0000	0.0000	0.0000	0.0000	0.0000	0.0000	0.0000	15.4687	0.2597	36.9619	0.0896	0.0839	0.0000	24.6806	0.0000	42.2917	4497.8182	0.0000	0.4730	0.0000	1.5982	4.0000	11.1970	0.0000	0.0000	0.0000	0.0000	0.0000	0.0000	0.0000	0.0000	0.0000	0.9897	0.0002	0.9895	0.0002	0.0002	0.0000	0.9895	0.0000	0.9895	0.0000	0.0000	0.0000	0.0000	0.0000	0.0000	0.0000	0.0000	0.0000	0.0640	0.0351	0.0288	0.0239	0.0214	0.0025	0.0401	0.0137	0.0264	0.0000	0.0000	0.0000	0.0000	0.0000	0.0000	0.0000	0.0000	0.0000	15.4687	0.0063	34.3111	0.0092	0.0103	0.0000	24.6806	0.0000	37.5457			
48	100	0.6542	7	2	2	1	0	0	0	0	0	Y	Y	N	N	N	N	N	N	N	N	N	N	0.0000	0.0000	0.0000	0.0000	0.0000	0.0000	0.0000	0.0000	0.0000	0.0000	0.0000	0.0000	0.0000	436.3559	717.7500	0.0000	0.0000	0.0000	0.0000	945.2918	2825.5995	0.0000	0.0000	0.0000	-0.5209	0.0000	0.0000	4.0000	0.9982	0.0000	0.0000	0.0000	0.0000	0.0000	0.0000	0.0000	0.0000	0.0000	0.9981	0.9981	0.0000	0.0000	0.0000	0.0000	0.9981	0.9981	0.0000	0.0000	0.0000	0.0000	0.0000	0.0000	0.0000	0.0000	0.0000	0.0000	0.0023	0.0014	0.0009	0.0012	0.0010	0.0002	0.0011	0.0004	0.0007	0.0000	0.0000	0.0000	0.0000	0.0000	0.0000	0.0000	0.0000	0.0000	436.3559	717.7500	0.0000	0.0000	0.0000	0.0000	945.2918	2825.5995	0.0000						
48	101	0.0738	4	2	2	1	0	0	0	0	0	Y	Y	N	N	N	N	N	N	N	N	N	N	0.0000	0.0000	0.0000	0.0000	0.0000	0.0000	0.0000	0.0000	0.0000	0.0000	0.0000	0.0000	0.0000	0.0000	0.0000	0.0000	0.0000	0.0000	0.0000	0.0000	0.0000	0.0000	4.0000	0.0000	0.0000	0.0000	0.0000	0.0000	0.0000	0.0000	0.0000	0.0000	0.0000	0.0000	0.0000	0.0000	0.0000	0.0000	0.0000	0.0000	0.0000	0.0000	0.0000	0.0000	0.0000	0.0000	0.0000	0.0000	0.0000	0.0000	0.0000	0.0000	0.0000	0.0000	0.0000	0.0000	0.0000	0.0000	0.0000	0.0000	0.0000	0.0000	0.0000	0.0000	0.0000	0.0000	0.0000	0.0000	0.0000	0.0000	0.0000	0.0000	0.0000	0.0000	0.0000	0.0000	0.0000	0.0000											
48	102	0.0738	3	2	1	1	0	0	0	0	0	Y	N	N	N	N	N	N	N	N	N	N	N	0.0000	0.0000	0.0000	0.0000	0.0000	0.0000	0.0000	0.0000	0.0000	0.0000	0.0000	0.0000	0.0000	0.0000	0.0000	0.0000	0.0000	0.0000	0.0000	0.0000	0.0000	0.0000	4.0000	0.0000	0.0000	0.0000	0.0000	0.0000	0.0000	0.0000	0.0000	0.0000	0.0000	0.0000	0.0000	0.0000	0.0000	0.0000	0.0000	0.0000	0.0000	0.0000	0.0000	0.0000	0.0000	0.0000	0.0000	0.0000	0.0000	0.0000	0.0000	0.0000	0.0000	0.0000	0.0000	0.0000	0.0000	0.0000	0.0000	0.0000	0.0000	0.0000	0.0000	0.0000	0.0000	0.0000	0.0000	0.0000	0.0000	0.0000	0.0000	0.0000	0.0000	0.0000	0.0000	0.0000	0.0000	0.0000											
48	103	0.0677	2	2	1	1	0	0	0	0	0	Y	N	N	N	N	N	N	N	N	N	N	N	0.0000	0.0000	0.0000	0.0000	0.0000	0.0000	0.0000	0.0000	0.0000	0.0000	0.0000	0.0000	0.0000	0.0000	0.0000	0.0000	0.0000	0.0000	0.0000	0.0000	0.0000	0.0000	4.0000	1.0091	0.0000	0.0000	0.0000	0.0000	0.0000	0.0000	0.0000	0.0000	0.0000	0.0000	0.0000	0.0000	0.0000	0.0000	0.0000	0.0000	0.0000	0.0000	0.0000	0.0000	0.0000	0.0000	0.0000	0.0000	0.0000	0.0000	0.0000	0.0069	0.0023	0.0047	0.0000	0.0000	0.0000	0.0069	0.0023	0.0047	0.0000	0.0000	0.0000	0.0000	0.0000	0.0000	0.0000	0.0000	0.0000	0.0000	0.0000	0.0000	0.0000	0.0000	0.0000	0.0000	0.0000	0.0000											
48	104	0.5952	4	1	2	0	0	0	0	0	0	N	Y	N	N	N	N	N	N	N	N	N	N	0.0000	0.0000	0.0000	0.0000	0.0000	0.0000	0.0000	0.0000	0.0000	0.0000	0.0000	0.0000	0.0000	0.0000	0.0000	0.0000	0.0000	0.0000	0.0000	0.0000	0.0000	7.9994	4.0000	4.0001	0.0000	0.0000	0.0000	0.0000	0.0000	0.0000	0.0000	0.0000	0.0000	0.0000	0.0000	0.0000	0.0000	0.0000	0.0000	0.0000	0.0000	0.0000	0.0000	0.0000	0.0000	0.0000	0.0000	0.0000	0.0000	0.0000	0.0000	0.0422	0.0210	0.0212	0.0139	0.0118	0.0021	0.0283	0.0092	0.0191	0.0000	0.0000	0.0000	0.0000	0.0000	0.0000	0.0000	0.0000	0.0000	0.0000	0.0000	0.0000	0.0000	0.0000	0.0000	0.0000	0.0000	0.0000											
48	105	0.6576	8	2	1	1	0	0	0	0	0	Y	N	N	N	N	N	N	N	N	N	N	N	0.0000	0.0000	0.0000	0.0000	0.0000	0.0000	0.0000	0.0000	0.0000	0.0000	0.0000	0.0000	0.0000	0.0000	0.0000	0.0000	0.0000	0.0000	0.0000	0.0000	0.0000	1.0000	4.0000	1.0005	0.0000	0.0000	0.0000	0.0000	0.0000	0.0000	0.0000	0.0000	0.0000	0.0000	0.0000	0.0000	0.0000	0.0000	0.0000	0.0000	0.0000	0.0000	0.0000	0.0000	0.0000	0.0000	0.0000	0.0000	0.0000	0.0000	0.0000	0.0044	0.0027	0.0017	0.0024	0.0020	0.0004	0.0020	0.0007	0.0013	0.0000	0.0000	0.0000	0.0000	0.0000	0.0000	0.0000	0.0000	0.0000	0.0000	0.0000	0.0000	0.0000	0.0000	0.0000	0.0000	0.0000	0.0000											
48	106	0.6542	7	2	1	1	0	0	0	0	0	Y	N	N	N	N	N	N	N	N	N	N	N	0.0000	0.0000	0.0000	0.0000	0.0000	0.0000	0.0000	0.0000	0.0000	0.0000	0.0000	0.0000	0.0000	2.3439	3.1467	0.0000	4.9061	4.9708	0.0000	0.0000	0.0000	0.0000	0.0000	0.0000	-0.0010	0.0000	0.7249	4.0000	0.0368	0.0000	0.0000	0.0000	0.0000	0.0000	0.0000	0.0000	0.0000	0.0000	0.0019	0.0019	0.0000	0.0019	0.0019	0.0000	0.0000	0.0000	0.0000	0.0000	0.0000	0.0000	0.0000	0.0000	0.0000	0.0000	0.0000	0.0000	0.0018	0.0011	0.0007	0.0010	0.0008	0.0002	0.0008	0.0003	0.0005	0.0000	0.0000	0.0000	0.0000	0.0000	0.0000	0.0000	0.0000	0.0000	1.0587	1.7422	0.0000	1.9636	2.3307	0.0000	0.0000	0.0000	0.0000						
48	107	0.6527	6	2	1	1	0	0	0	0	0	Y	N	N	N	N	N	N	N	N	N	N	N	0.0000	0.0000	0.0000	0.0000	0.0000	0.0000	0.0000	0.0000	0.0000	0.0000	0.0000	0.0000	0.0000	0.0000	0.0000	2.6801	3.5829	0.0000	4.2193	4.3079	0.0000	3.5923	7.9231	0.0000	0.0000	0.0000	-0.0015	0.0000	0.4159	4.0000	0.0887	0.0000	0.0000	0.0000	0.0000	0.0000	0.0000	0.0000	0.0000	0.0000	0.0028	0.0028	0.0000	0.0009	0.0009	0.0000	0.0019	0.0019	0.0000	0.0000	0.0000	0.0000	0.0000	0.0000	0.0000	0.0000	0.0000	0.0000	0.0014	0.0009	0.0005	0.0007	0.0006	0.0001	0.0006	0.0002	0.0004	0.0000	0.0000	0.0000	0.0000	0.0000	0.0000	0.0000	0.0000	0.0000	2.0251	3.1539	0.0000	1.2411	1.4453	0.0000	2.9370	7.5283	0.0000				
48	108	0.6364	5	2	1	0	0	0	0	0	0	Y	N	N	N	N	N	N	N	N	N	N	N	0.0000	0.0000	0.0000	0.0000	0.0000	0.0000	0.0000	0.0000	0.0000	0.0000	0.0000	0.0000	0.0000	1.1520	1.7244	0.0000	0.0000	0.0000	0.0000	1.2475	3.8357	0.0000	0.0000	0.0000	-0.0005	0.0000	3.9943	4.0000	0.9974	0.0000	0.0000	0.0000	0.0000	0.0000	0.0000	0.0000	0.0000	0.0000	0.0009	0.0009	0.0000	0.0000	0.0000	0.0000	0.0009	0.0009	0.0000	0.0000	0.0000	0.0000	0.0000	0.0000	0.0000	0.0000	0.0000	0.0000	0.0130	0.0073	0.0057	0.0064	0.0055	0.0009	0.0065	0.0018	0.0048	0.0000	0.0000	0.0000	0.0000	0.0000	0.0000	0.0000	0.0000	0.0000	0.0710	0.1268	0.0000	0.0000	0.0000	0.0000	0.1408	0.5222	0.0000						
48	109	0.0677	2	2	1	1	0	0	0	0	0	Y	N	N	N	N	N	N	N	N	N	N	N	0.0000	0.0000	0.0000	0.0000	0.0000	0.0000	0.0000	0.0000	0.0000	0.0000	0.0000	0.0000	0.0000	0.0000	0.0000	0.0000	0.0000	0.0000	0.0000	0.0000	0.0000	0.0000	4.0000	0.9909	0.0000	0.0000	0.0000	0.0000	0.0000	0.0000	0.0000	0.0000	0.0000	0.0000	0.0000	0.0000	0.0000	0.0000	0.0000	0.0000	0.0000	0.0000	0.0000	0.0000	0.0000	0.0000	0.0000	0.0000	0.0000	0.0000	0.0000	0.0068	0.0022	0.0046	0.0000	0.0000	0.0000	0.0068	0.0022	0.0046	0.0000	0.0000	0.0000	0.0000	0.0000	0.0000	0.0000	0.0000	0.0000	0.0000	0.0000	0.0000	0.0000	0.0000	0.0000	0.0000	0.0000	0.0000											
48	112	0.6410	5	1	1	1	0	0	0	0	0	N	N	N	N	N	N	N	N	N	N	N	N	0.0000	0.0000	0.0000	0.0000	0.0000	0.0000	0.0000	0.0000	0.0000	0.0000	0.0000	0.0000	0.0000	0.0000	0.0000	0.0000	0.0000	0.0000	0.0000	0.0000	0.0000	0.0000	4.0000	0.0001	0.0000	0.0000	0.0000	0.0000	0.0000	0.0000	0.0000	0.0000	0.0000	0.0000	0.0000	0.0000	0.0000	0.0000	0.0000	0.0000	0.0000	0.0000	0.0000	0.0000	0.0000	0.0000	0.0000	0.0000	0.0000	0.0000	0.0000	0.0000	0.0000	0.0000	0.0000	0.0000	0.0000	0.0000	0.0000	0.0000	0.0000	0.0000	0.0000	0.0000	0.0000	0.0000	0.0000	0.0000	0.0000	0.0000	0.0000	0.0000	0.0000	0.0000	0.0000	0.0000	0.0000	0.0000											
48	113	0.5952	4	1	1	1	0	0	0	0	0	N	N	N	N	N	N	N	N	N	N	N	N	0.0000	0.0000	0.0000	0.0000	0.0000	0.0000	0.0000	0.0000	0.0000	0.0000	0.0000	0.0000	0.0000	0.0000	0.0000	0.0000	0.0000	0.0000	0.0000	0.0000	0.0000	4.0004	4.0000	4.9999	0.0000	0.0000	0.0000	0.0000	0.0000	0.0000	0.0000	0.0000	0.0000	0.0000	0.0000	0.0000	0.0000	0.0000	0.0000	0.0000	0.0000	0.0000	0.0000	0.0000	0.0000	0.0000	0.0000	0.0000	0.0000	0.0000	0.0000	0.0328	0.0163	0.0166	0.0107	0.0091	0.0016	0.0221	0.0072	0.0149	0.0000	0.0000	0.0000	0.0000	0.0000	0.0000	0.0000	0.0000	0.0000	0.0000	0.0000	0.0000	0.0000	0.0000	0.0000	0.0000	0.0000	0.0000											
48	114	0.0717	2	1	2	0	0	0	0	0	0	N	Y	N	N	N	N	N	N	N	N	N	N	0.0000	0.0000	0.0000	0.0000	0.0000	0.0000	0.0000	0.0000	0.0000	0.0000	0.0000	0.0000	0.0000	2.8212	4.5053	0.0000	14.9516	16.1347	0.0000	0.0000	0.0000	0.0000	0.0000	0.0000	-0.1262	0.0000	4.3361	4.0000	4.6323	0.0000	0.0000	0.0000	0.0000	0.0000	0.0000	0.0000	0.0000	0.0000	0.2419	0.2419	0.0000	0.2419	0.2419	0.0000	0.0000	0.0000	0.0000	0.0000	0.0000	0.0000	0.0000	0.0000	0.0000	0.0000	0.0000	0.0000	0.0981	0.0537	0.0444	0.0162	0.0150	0.0012	0.0820	0.0387	0.0433	0.0000	0.0000	0.0000	0.0000	0.0000	0.0000	0.0000	0.0000	0.0000	2.4650	4.5053	0.0000	14.9516	16.1347	0.0000	0.0000	0.0000	0.0000						
48	116	0.5952	4	1	2	0	1	0	0	0	0	N	Y	N	N	N	N	N	N	N	N	N	N	0.0000	0.0000	0.0000	0.0000	0.0000	0.0000	0.0000	0.0000	0.0000	0.0000	0.0000	0.0000	0.0000	0.0000	0.0000	0.0000	0.0000	0.0000	0.0000	0.0000	0.0000	5.0006	4.0000	2.0000	0.0000	0.0000	0.0000	0.0000	0.0000	0.0000	0.0000	0.0000	0.0000	0.0000	0.0000	0.0000	0.0000	0.0000	0.0000	0.0000	0.0000	0.0000	0.0000	0.0000	0.0000	0.0000	0.0000	0.0000	0.0000	0.0000	0.0000	0.0261	0.0129	0.0132	0.0085	0.0072	0.0013	0.0177	0.0057	0.0120	0.0000	0.0000	0.0000	0.0000	0.0000	0.0000	0.0000	0.0000	0.0000	0.0000	0.0000	0.0000	0.0000	0.0000	0.0000	0.0000	0.0000	0.0000											
48	118	0.5952	4	1	2	0	0	0	0	0	0	N	Y	N	N	N	N	N	N	N	N	N	N	0.0000	0.0000	0.0000	0.0000	0.0000	0.0000	0.0000	0.0000	0.0000	0.0000	0.0000	0.0000	0.0000	0.0000	0.0000	0.0000	0.0000	0.0000	0.0000	0.0000	0.0000	16.9994	4.0000	6.0000	0.0000	0.0000	0.0000	0.0000	0.0000	0.0000	0.0000	0.0000	0.0000	0.0000	0.0000	0.0000	0.0000	0.0000	0.0000	0.0000	0.0000	0.0000	0.0000	0.0000	0.0000	0.0000	0.0000	0.0000	0.0000	0.0000	0.0000	0.0714	0.0360	0.0354	0.0243	0.0206	0.0037	0.0471	0.0154	0.0317	0.0000	0.0000	0.0000	0.0000	0.0000	0.0000	0.0000	0.0000	0.0000	0.0000	0.0000	0.0000	0.0000	0.0000	0.0000	0.0000	0.0000	0.0000											
48	120	0.0671	2	1	2	0	0	0	0	0	0	N	Y	N	N	N	N	N	N	N	N	N	N	0.0000	0.0000	0.0000	0.0000	0.0000	0.0000	0.0000	0.0000	0.0000	0.0000	0.0000	0.0000	0.0000	0.0072	0.0222	0.0000	0.0374	0.0320	0.0000	0.0000	0.0000	0.0000	0.0000	0.0000	-0.0000	0.0000	0.9998	4.0000	0.9486	0.0000	0.0000	0.0000	0.0000	0.0000	0.0000	0.0000	0.0000	0.0000	0.0000	0.0000	0.0000	0.0000	0.0000	0.0000	0.0000	0.0000	0.0000	0.0000	0.0000	0.0000	0.0000	0.0000	0.0000	0.0000	0.0000	0.0000	0.0199	0.0081	0.0118	0.0032	0.0031	0.0001	0.0167	0.0049	0.0117	0.0000	0.0000	0.0000	0.0000	0.0000	0.0000	0.0000	0.0000	0.0000	0.0010	0.0025	0.0000	0.0063	0.0064	0.0000	0.0000	0.0000	0.0000						
48	122	0.6364	5	1	2	0	0	0	0	0	0	N	Y	N	N	N	N	N	N	N	N	N	N	0.0000	0.0000	0.0000	0.0000	0.0000	0.0000	0.0000	0.0000	0.0000	0.0000	0.0000	0.0000	0.0000	0.0000	0.0000	0.0000	0.0000	0.0000	0.0000	0.0000	0.0000	2.0001	4.0000	3.0000	0.0000	0.0000	0.0000	0.0000	0.0000	0.0000	0.0000	0.0000	0.0000	0.0000	0.0000	0.0000	0.0000	0.0000	0.0000	0.0000	0.0000	0.0000	0.0000	0.0000	0.0000	0.0000	0.0000	0.0000	0.0000	0.0000	0.0000	0.0130	0.0073	0.0057	0.0064	0.0055	0.0009	0.0065	0.0018	0.0048	0.0000	0.0000	0.0000	0.0000	0.0000	0.0000	0.0000	0.0000	0.0000	0.0000	0.0000	0.0000	0.0000	0.0000	0.0000	0.0000	0.0000	0.0000											
48	123	0.5952	4	1	1	0	0	0	0	0	0	N	N	N	N	N	N	N	N	N	N	N	N	0.0000	0.0000	0.0000	0.0000	0.0000	0.0000	0.0000	0.0000	0.0000	0.0000	0.0000	0.0000	0.0000	0.0000	0.0000	0.0000	0.0000	0.0000	0.0000	0.0000	0.0000	6.9986	4.0000	2.0000	0.0000	0.0000	0.0000	0.0000	0.0000	0.0000	0.0000	0.0000	0.0000	0.0000	0.0000	0.0000	0.0000	0.0000	0.0000	0.0000	0.0000	0.0000	0.0000	0.0000	0.0000	0.0000	0.0000	0.0000	0.0000	0.0000	0.0000	0.0328	0.0163	0.0166	0.0107	0.0091	0.0016	0.0221	0.0072	0.0149	0.0000	0.0000	0.0000	0.0000	0.0000	0.0000	0.0000	0.0000	0.0000	0.0000	0.0000	0.0000	0.0000	0.0000	0.0000	0.0000	0.0000	0.0000											
48	124	0.0726	2	1	2	0	0	0	0	0	0	N	Y	N	N	N	N	N	N	N	N	N	N	0.0000	0.0000	0.0000	0.0000	0.0000	0.0000	0.0000	0.0000	0.0000	0.0000	0.0000	0.0000	0.0000	0.0000	0.0000	0.0000	0.0000	1.1493	0.4039	0.4463	0.5349	0.4654	0.3461	0.8385	0.0000	0.2103	17.8718	0.0000	0.0031	0.0000	3.9006	4.0000	3.1543	0.0000	0.0000	0.0000	0.0000	0.0000	0.0000	0.0000	0.0000	0.0000	0.0074	0.0004	0.0070	0.0004	0.0004	0.0000	0.0069	0.0000	0.0069	0.0000	0.0000	0.0000	0.0000	0.0000	0.0000	0.0000	0.0000	0.0000	0.1058	0.0479	0.0579	0.0125	0.0122	0.0003	0.0933	0.0357	0.0576	0.0000	0.0000	0.0000	0.0000	0.0000	0.0000	0.0000	0.0000	0.0000	0.0696	0.0081	0.1204	0.0336	0.0318	0.1127	0.0744	0.0000	0.1205		
48	126	0.5952	4	1	2	0	0	0	0	0	0	N	Y	N	N	N	N	N	N	N	N	N	N	0.0000	0.0000	0.0000	0.0000	0.0000	0.0000	0.0000	0.0000	0.0000	0.0000	0.0000	0.0000	0.0000	0.0000	0.0000	0.0000	0.0000	0.0000	0.0000	0.0000	0.0000	0.9996	4.0000	8.0005	0.0000	0.0000	0.0000	0.0000	0.0000	0.0000	0.0000	0.0000	0.0000	0.0000	0.0000	0.0000	0.0000	0.0000	0.0000	0.0000	0.0000	0.0000	0.0000	0.0000	0.0000	0.0000	0.0000	0.0000	0.0000	0.0000	0.0000	0.0328	0.0163	0.0166	0.0107	0.0091	0.0016	0.0221	0.0072	0.0149	0.0000	0.0000	0.0000	0.0000	0.0000	0.0000	0.0000	0.0000	0.0000	0.0000	0.0000	0.0000	0.0000	0.0000	0.0000	0.0000	0.0000	0.0000											
48	127	0.5006	4	1	1	0	0	0	0	0	0	N	N	N	N	N	N	N	N	N	N	N	N	0.0000	0.0000	0.0000	0.0000	0.0000	0.0000	0.0000	0.0000	0.0000	0.0000	0.0000	0.0000	0.0000	1.1542	1.7390	0.0000	2.0249	2.1360	0.0000	0.0000	0.0000	0.0000	0.0000	0.0000	-0.0026	0.0000	3.6536	4.0000	12.3970	0.0000	0.0000	0.0000	0.0000	0.0000	0.0000	0.0000	0.0000	0.0000	0.0049	0.0049	0.0000	0.0049	0.0049	0.0000	0.0000	0.0000	0.0000	0.0000	0.0000	0.0000	0.0000	0.0000	0.0000	0.0000	0.0000	0.0000	0.0690	0.0377	0.0314	0.0257	0.0226	0.0031	0.0434	0.0151	0.0283	0.0000	0.0000	0.0000	0.0000	0.0000	0.0000	0.0000	0.0000	0.0000	0.0716	0.1311	0.0000	0.1924	0.2187	0.0000	0.0000	0.0000	0.0000						
48	128	0.2894	2	1	1	0	0	0	0	0	0	N	N	N	N	N	N	N	N	N	N	N	N	0.0000	0.0000	0.0000	0.0000	0.0000	0.0000	0.0000	0.0000	0.0000	0.0000	0.0000	0.0000	0.0000	1.1871	1.7682	0.0000	2.2417	2.3260	0.0000	0.0000	0.0000	0.0000	0.0000	0.0000	-0.0053	0.0000	5.3495	4.0000	12.4099	0.0000	0.0000	0.0000	0.0000	0.0000	0.0000	0.0000	0.0000	0.0000	0.0101	0.0101	0.0000	0.0101	0.0101	0.0000	0.0000	0.0000	0.0000	0.0000	0.0000	0.0000	0.0000	0.0000	0.0000	0.0000	0.0000	0.0000	0.1277	0.0678	0.0599	0.0444	0.0398	0.0045	0.0833	0.0280	0.0553	0.0000	0.0000	0.0000	0.0000	0.0000	0.0000	0.0000	0.0000	0.0000	0.0790	0.1487	0.0000	0.2274	0.2534	0.0000	0.0000	0.0000	0.0000						
48	129	0.7066	10	1	2	0	1	0	0	0	0	N	Y	N	N	N	N	N	N	N	N	N	N	0.0000	0.0000	0.0000	0.0000	0.0000	0.0000	0.0000	0.0000	0.0000	0.0000	0.0000	0.0000	0.0000	0.0000	0.0000	0.0000	0.0000	0.0000	0.0000	0.0000	0.0000	0.0000	4.0000	0.0000	0.0000	0.0000	0.0000	0.0000	0.0000	0.0000	0.0000	0.0000	0.0000	0.0000	0.0000	0.0000	0.0000	0.0000	0.0000	0.0000	0.0000	0.0000	0.0000	0.0000	0.0000	0.0000	0.0000	0.0000	0.0000	0.0000	0.0000	0.0000	0.0000	0.0000	0.0000	0.0000	0.0000	0.0000	0.0000	0.0000	0.0000	0.0000	0.0000	0.0000	0.0000	0.0000	0.0000	0.0000	0.0000	0.0000	0.0000	0.0000	0.0000	0.0000	0.0000	0.0000	0.0000	0.0000											
48	130	0.6903	9	1	2	0	1	0	0	0	0	N	Y	N	N	N	N	N	N	N	N	N	N	0.0000	0.0000	0.0000	0.0000	0.0000	0.0000	0.0000	0.0000	0.0000	0.0000	0.0000	0.0000	0.0000	0.0000	0.0000	0.0000	0.0000	0.0000	0.0000	0.0000	0.0000	0.0000	4.0000	3.0001	0.0000	0.0000	0.0000	0.0000	0.0000	0.0000	0.0000	0.0000	0.0000	0.0000	0.0000	0.0000	0.0000	0.0000	0.0000	0.0000	0.0000	0.0000	0.0000	0.0000	0.0000	0.0000	0.0000	0.0000	0.0000	0.0000	0.0000	0.0072	0.0044	0.0028	0.0040	0.0034	0.0006	0.0032	0.0010	0.0023	0.0000	0.0000	0.0000	0.0000	0.0000	0.0000	0.0000	0.0000	0.0000	0.0000	0.0000	0.0000	0.0000	0.0000	0.0000	0.0000	0.0000	0.0000											
48	131	0.6807	8	1	2	0	0	0	0	0	0	N	Y	N	N	N	N	N	N	N	N	N	N	0.0000	0.0000	0.0000	0.0000	0.0000	0.0000	0.0000	0.0000	0.0000	0.0000	0.0000	0.0000	0.0000	0.0000	0.0000	0.0000	0.0000	0.0000	0.0000	0.0000	0.0000	0.0000	4.0000	0.0000	0.0000	0.0000	0.0000	0.0000	0.0000	0.0000	0.0000	0.0000	0.0000	0.0000	0.0000	0.0000	0.0000	0.0000	0.0000	0.0000	0.0000	0.0000	0.0000	0.0000	0.0000	0.0000	0.0000	0.0000	0.0000	0.0000	0.0000	0.0000	0.0000	0.0000	0.0000	0.0000	0.0000	0.0000	0.0000	0.0000	0.0000	0.0000	0.0000	0.0000	0.0000	0.0000	0.0000	0.0000	0.0000	0.0000	0.0000	0.0000	0.0000	0.0000	0.0000	0.0000	0.0000	0.0000											
48	132	0.6903	9	1	1	1	1	0	0	0	0	N	N	N	N	N	N	N	N	N	N	N	N	0.0000	0.0000	0.0000	0.0000	0.0000	0.0000	0.0000	0.0000	0.0000	0.0000	0.0000	0.0000	0.0000	0.0000	0.0000	0.0000	0.0000	0.0000	0.0000	0.0000	0.0000	0.0000	4.0000	1.9999	0.0000	0.0000	0.0000	0.0000	0.0000	0.0000	0.0000	0.0000	0.0000	0.0000	0.0000	0.0000	0.0000	0.0000	0.0000	0.0000	0.0000	0.0000	0.0000	0.0000	0.0000	0.0000	0.0000	0.0000	0.0000	0.0000	0.0000	0.0049	0.0030	0.0019	0.0027	0.0023	0.0004	0.0022	0.0007	0.0015	0.0000	0.0000	0.0000	0.0000	0.0000	0.0000	0.0000	0.0000	0.0000	0.0000	0.0000	0.0000	0.0000	0.0000	0.0000	0.0000	0.0000	0.0000											
48	133	0.7014	10	1	1	1	1	0	0	0	0	N	N	N	N	N	N	N	N	N	N	N	N	0.0000	0.0000	0.0000	0.0000	0.0000	0.0000	0.0000	0.0000	0.0000	0.0000	0.0000	0.0000	0.0000	0.0000	0.0000	0.0000	0.0000	0.0000	0.0000	0.0000	0.0000	1.0000	4.0000	0.0000	0.0000	0.0000	0.0000	0.0000	0.0000	0.0000	0.0000	0.0000	0.0000	0.0000	0.0000	0.0000	0.0000	0.0000	0.0000	0.0000	0.0000	0.0000	0.0000	0.0000	0.0000	0.0000	0.0000	0.0000	0.0000	0.0000	0.0000	0.0022	0.0013	0.0009	0.0011	0.0010	0.0001	0.0011	0.0003	0.0008	0.0000	0.0000	0.0000	0.0000	0.0000	0.0000	0.0000	0.0000	0.0000	0.0000	0.0000	0.0000	0.0000	0.0000	0.0000	0.0000	0.0000	0.0000											
48	134	0.7014	10	1	1	1	1	0	0	0	0	N	N	N	N	N	N	N	N	N	N	N	N	0.0000	0.0000	0.0000	0.0000	0.0000	0.0000	0.0000	0.0000	0.0000	0.0000	0.0000	0.0000	0.0000	0.0000	0.0000	0.0000	0.0000	0.0000	0.0000	0.0000	0.0000	0.0000	4.0000	0.0000	0.0000	0.0000	0.0000	0.0000	0.0000	0.0000	0.0000	0.0000	0.0000	0.0000	0.0000	0.0000	0.0000	0.0000	0.0000	0.0000	0.0000	0.0000	0.0000	0.0000	0.0000	0.0000	0.0000	0.0000	0.0000	0.0000	0.0000	0.0000	0.0000	0.0000	0.0000	0.0000	0.0000	0.0000	0.0000	0.0000	0.0000	0.0000	0.0000	0.0000	0.0000	0.0000	0.0000	0.0000	0.0000	0.0000	0.0000	0.0000	0.0000	0.0000	0.0000	0.0000	0.0000	0.0000											
48	135	0.6903	9	1	1	1	1	0	0	0	0	N	N	N	N	N	N	N	N	N	N	N	N	0.0000	0.0000	0.0000	0.0000	0.0000	0.0000	0.0000	0.0000	0.0000	0.0000	0.0000	0.0000	0.0000	0.0000	0.0000	0.0000	0.0000	0.0000	0.0000	0.0000	0.0000	2.0025	4.0000	0.9943	0.0000	0.0000	0.0000	0.0000	0.0000	0.0000	0.0000	0.0000	0.0000	0.0000	0.0000	0.0000	0.0000	0.0000	0.0000	0.0000	0.0000	0.0000	0.0000	0.0000	0.0000	0.0000	0.0000	0.0000	0.0000	0.0000	0.0000	0.0072	0.0044	0.0028	0.0040	0.0034	0.0006	0.0032	0.0010	0.0023	0.0000	0.0000	0.0000	0.0000	0.0000	0.0000	0.0000	0.0000	0.0000	0.0000	0.0000	0.0000	0.0000	0.0000	0.0000	0.0000	0.0000	0.0000											
48	136	0.6903	8	1	1	0	1	0	0	0	0	N	N	N	N	N	N	N	N	N	N	N	N	0.0000	0.0000	0.0000	0.0000	0.0000	0.0000	0.0000	0.0000	0.0000	0.0000	0.0000	0.0000	0.0000	0.0000	0.0000	0.0000	0.0000	0.0000	0.0000	-0.0000	0.0000	0.0050	4.0000	0.0173	0.0000	0.0000	0.0000	0.0000	0.0000	0.0000	0.0000	0.0000	0.0000	0.0000	0.0000	0.0000	0.0000	0.0000	0.0000	0.0000	0.0000	0.0000	0.0000	0.0000	0.0000	0.0000	0.0000	0.0000	0.0000	0.0000	0.0000	0.0001	0.0000	0.0000	0.0000	0.0000	0.0000	0.0000	0.0000	0.0000	0.0000	0.0000	0.0000	0.0000	0.0000	0.0000	0.0000	0.0000	0.0000	0.0000	0.0000	0.0000	0.0000	0.0000	0.0000	0.0000	0.0000	0.0000											
48	137	0.6807	7	1	1	0	1	0	0	0	0	N	N	N	N	N	N	N	N	N	N	N	N	0.0000	0.0000	0.0000	0.0000	0.0000	0.0000	0.0000	0.0000	0.0000	0.0000	0.0000	0.0000	0.0000	0.0000	0.0000	0.0000	0.0000	0.0000	0.0000	0.0000	0.0000	1.9972	4.0000	1.0076	0.0000	0.0000	0.0000	0.0000	0.0000	0.0000	0.0000	0.0000	0.0000	0.0000	0.0000	0.0000	0.0000	0.0000	0.0000	0.0000	0.0000	0.0000	0.0000	0.0000	0.0000	0.0000	0.0000	0.0000	0.0000	0.0000	0.0000	0.0063	0.0040	0.0023	0.0040	0.0035	0.0006	0.0023	0.0005	0.0017	0.0000	0.0000	0.0000	0.0000	0.0000	0.0000	0.0000	0.0000	0.0000	0.0000	0.0000	0.0000	0.0000	0.0000	0.0000	0.0000	0.0000	0.0000											
48	138	0.6634	6	2	2	0	0	0	0	0	0	Y	Y	N	N	N	N	N	N	N	N	N	N	0.0000	0.0000	0.0000	0.0000	0.0000	0.0000	0.0000	0.0000	0.0000	0.0000	0.0000	0.0000	0.0000	0.0000	0.0000	0.0000	0.0000	0.0000	0.0000	0.0000	0.0000	0.0002	4.0000	2.3255	0.0000	0.0000	0.0000	0.0000	0.0000	0.0000	0.0000	0.0000	0.0000	0.0000	0.0000	0.0000	0.0000	0.0000	0.0000	0.0000	0.0000	0.0000	0.0000	0.0000	0.0000	0.0000	0.0000	0.0000	0.0000	0.0000	0.0000	0.0076	0.0046	0.0030	0.0036	0.0032	0.0004	0.0040	0.0014	0.0025	0.0000	0.0000	0.0000	0.0000	0.0000	0.0000	0.0000	0.0000	0.0000	0.0000	0.0000	0.0000	0.0000	0.0000	0.0000	0.0000	0.0000	0.0000											
48	139	0.6456	5	2	2	0	0	0	0	0	0	Y	Y	N	N	N	N	N	N	N	N	N	N	0.0000	0.0000	0.0000	0.0000	0.0000	0.0000	0.0000	0.0000	0.0000	0.0000	0.0000	0.0000	0.0000	0.0018	0.0032	0.0000	0.0025	0.0022	0.0000	0.0000	0.0000	0.0000	0.0000	0.0000	-0.0000	0.0000	2.0138	4.0000	2.7349	0.0000	0.0000	0.0000	0.0000	0.0000	0.0000	0.0000	0.0000	0.0000	0.0000	0.0000	0.0000	0.0000	0.0000	0.0000	0.0000	0.0000	0.0000	0.0000	0.0000	0.0000	0.0000	0.0000	0.0000	0.0000	0.0000	0.0000	0.0216	0.0124	0.0092	0.0100	0.0091	0.0009	0.0116	0.0033	0.0083	0.0000	0.0000	0.0000	0.0000	0.0000	0.0000	0.0000	0.0000	0.0000	0.0005	0.0008	0.0000	0.0010	0.0011	0.0000	0.0000	0.0000	0.0000						
48	140	0.6621	6	1	2	0	0	0	0	0	0	N	Y	N	N	N	N	N	N	N	N	N	N	0.0000	0.0000	0.0000	0.0000	0.0000	0.0000	0.0000	0.0000	0.0000	0.0000	0.0000	0.0000	0.0000	0.0000	0.0000	0.0000	0.0000	0.0000	0.0000	0.0000	0.0000	1.9232	4.0000	1.1116	0.0000	0.0000	0.0000	0.0000	0.0000	0.0000	0.0000	0.0000	0.0000	0.0000	0.0000	0.0000	0.0000	0.0000	0.0000	0.0000	0.0000	0.0000	0.0000	0.0000	0.0000	0.0000	0.0000	0.0000	0.0000	0.0000	0.0000	0.0068	0.0043	0.0025	0.0042	0.0036	0.0006	0.0026	0.0007	0.0020	0.0000	0.0000	0.0000	0.0000	0.0000	0.0000	0.0000	0.0000	0.0000	0.0000	0.0000	0.0000	0.0000	0.0000	0.0000	0.0000	0.0000	0.0000											
48	141	0.0583	2	1	2	0	0	0	0	0	0	N	Y	N	N	N	N	N	N	N	N	N	N	0.0000	0.0000	0.0000	0.0000	0.0000	0.0000	0.0000	0.0000	0.0000	0.0000	0.0000	0.0000	0.0000	0.0000	0.0000	0.0000	0.0000	0.0000	0.0000	0.0000	0.0000	3.0000	4.0000	1.0000	0.0000	0.0000	0.0000	0.0000	0.0000	0.0000	0.0000	0.0000	0.0000	0.0000	0.0000	0.0000	0.0000	0.0000	0.0000	0.0000	0.0000	0.0000	0.0000	0.0000	0.0000	0.0000	0.0000	0.0000	0.0000	0.0000	0.0000	0.0649	0.0281	0.0368	0.0000	0.0000	0.0000	0.0649	0.0281	0.0368	0.0000	0.0000	0.0000	0.0000	0.0000	0.0000	0.0000	0.0000	0.0000	0.0000	0.0000	0.0000	0.0000	0.0000	0.0000	0.0000	0.0000	0.0000											
48	145	0.6807	8	2	2	0	0	0	0	0	0	Y	Y	N	N	N	N	N	N	N	N	N	N	0.0000	0.0000	0.0000	0.0000	0.0000	0.0000	0.0000	0.0000	0.0000	0.0000	0.0000	0.0000	0.0000	0.0000	0.0000	0.0000	0.0000	0.0000	0.0000	0.0000	0.0000	1.0000	4.0000	1.0000	0.0000	0.0000	0.0000	0.0000	0.0000	0.0000	0.0000	0.0000	0.0000	0.0000	0.0000	0.0000	0.0000	0.0000	0.0000	0.0000	0.0000	0.0000	0.0000	0.0000	0.0000	0.0000	0.0000	0.0000	0.0000	0.0000	0.0000	0.0042	0.0027	0.0015	0.0027	0.0023	0.0004	0.0015	0.0004	0.0012	0.0000	0.0000	0.0000	0.0000	0.0000	0.0000	0.0000	0.0000	0.0000	0.0000	0.0000	0.0000	0.0000	0.0000	0.0000	0.0000	0.0000	0.0000											
48	146	0.6807	7	1	2	0	0	0	0	0	0	N	Y	N	N	N	N	N	N	N	N	N	N	0.0000	0.0000	0.0000	0.0000	0.0000	0.0000	0.0000	0.0000	0.0000	0.0000	0.0000	0.0000	0.0000	0.0000	0.0000	0.0000	0.0000	0.0000	0.0000	0.0000	0.0000	0.0003	4.0000	0.0000	0.0000	0.0000	0.0000	0.0000	0.0000	0.0000	0.0000	0.0000	0.0000	0.0000	0.0000	0.0000	0.0000	0.0000	0.0000	0.0000	0.0000	0.0000	0.0000	0.0000	0.0000	0.0000	0.0000	0.0000	0.0000	0.0000	0.0000	0.0000	0.0000	0.0000	0.0000	0.0000	0.0000	0.0000	0.0000	0.0000	0.0000	0.0000	0.0000	0.0000	0.0000	0.0000	0.0000	0.0000	0.0000	0.0000	0.0000	0.0000	0.0000	0.0000	0.0000	0.0000	0.0000	0.0000											
48	147	0.6621	6	1	1	0	0	0	0	0	0	N	N	N	N	N	N	N	N	N	N	N	N	0.0000	0.0000	0.0000	0.0000	0.0000	0.0000	0.0000	0.0000	0.0000	0.0000	0.0000	0.0000	0.0000	0.0000	0.0000	0.0000	0.0000	0.0000	0.0000	0.0000	0.0000	4.9449	4.0000	1.0063	0.0000	0.0000	0.0000	0.0000	0.0000	0.0000	0.0000	0.0000	0.0000	0.0000	0.0000	0.0000	0.0000	0.0000	0.0000	0.0000	0.0000	0.0000	0.0000	0.0000	0.0000	0.0000	0.0000	0.0000	0.0000	0.0000	0.0000	0.0128	0.0081	0.0048	0.0079	0.0068	0.0011	0.0050	0.0013	0.0037	0.0000	0.0000	0.0000	0.0000	0.0000	0.0000	0.0000	0.0000	0.0000	0.0000	0.0000	0.0000	0.0000	0.0000	0.0000	0.0000	0.0000	0.0000											
48	148	0.6456	5	1	1	0	0	0	0	0	0	N	N	N	N	N	N	N	N	N	N	N	N	0.0000	0.0000	0.0000	0.0000	0.0000	0.0000	0.0000	0.0000	0.0000	0.0000	0.0000	0.0000	0.0000	0.0000	0.0000	0.0018	0.0032	0.0000	0.0025	0.0022	0.0000	0.0000	0.0008	0.0000	0.0000	0.0000	-0.0000	0.0000	3.4778	4.0000	1.2917	0.0000	0.0000	0.0000	0.0000	0.0000	0.0000	0.0000	0.0000	0.0000	0.0000	0.0000	0.0000	0.0000	0.0000	0.0000	0.0000	0.0000	0.0000	0.0000	0.0000	0.0000	0.0000	0.0000	0.0000	0.0000	0.0000	0.0000	0.0216	0.0124	0.0092	0.0100	0.0091	0.0009	0.0116	0.0033	0.0083	0.0000	0.0000	0.0000	0.0000	0.0000	0.0000	0.0000	0.0000	0.0000	0.0005	0.0008	0.0000	0.0010	0.0011	0.0000	0.0000	0.0000	0.0000				
48	149	0.5952	4	1	1	0	0	0	0	0	0	N	N	N	N	N	N	N	N	N	N	N	N	0.0000	0.0000	0.0000	0.0000	0.0000	0.0000	0.0000	0.0000	0.0000	0.0000	0.0000	0.0000	0.0000	0.0006	0.0000	0.0005	0.0000	0.0000	0.0000	0.0004	0.0000	0.0005	inf	0.0000	0.0000	0.0000	7.8050	4.0000	4.0035	0.0000	0.0000	0.0000	0.0000	0.0000	0.0000	0.0000	0.0000	0.0000	0.0000	0.0000	0.0000	0.0000	0.0000	0.0000	0.0000	0.0000	0.0000	0.0000	0.0000	0.0000	0.0000	0.0000	0.0000	0.0000	0.0000	0.0000	0.0416	0.0207	0.0209	0.0137	0.0116	0.0021	0.0279	0.0091	0.0189	0.0000	0.0000	0.0000	0.0000	0.0000	0.0000	0.0000	0.0000	0.0000	0.0002	0.0000	0.0005	0.0000	0.0000	0.0000	0.0004	0.0000	0.0005						
48	150	0.5006	4	1	1	0	0	0	0	0	0	N	N	N	N	N	N	N	N	N	N	N	N	0.0000	0.0000	0.0000	0.0000	0.0000	0.0000	0.0000	0.0000	0.0000	0.0000	0.0000	0.0000	0.0000	1.1477	1.7196	0.0000	1.9458	2.0676	0.0000	0.0000	0.0000	0.0000	0.0000	0.0000	-0.0026	0.0000	3.7255	4.0000	14.1767	0.0000	0.0000	0.0000	0.0000	0.0000	0.0000	0.0000	0.0000	0.0000	0.0049	0.0049	0.0000	0.0049	0.0049	0.0000	0.0000	0.0000	0.0000	0.0000	0.0000	0.0000	0.0000	0.0000	0.0000	0.0000	0.0000	0.0000	0.0737	0.0400	0.0337	0.0272	0.0239	0.0033	0.0464	0.0161	0.0304	0.0000	0.0000	0.0000	0.0000	0.0000	0.0000	0.0000	0.0000	0.0000	0.0671	0.1236	0.0000	0.1814	0.2068	0.0000	0.0000	0.0000	0.0000						
48	151	0.4842	3	1	1	0	0	0	0	0	0	N	N	N	N	N	N	N	N	N	N	N	N	0.0000	0.0000	0.0000	0.0000	0.0000	0.0000	0.0000	0.0000	0.0000	0.0000	0.0000	0.0000	0.0000	0.0000	0.0000	0.0000	0.0000	0.0000	1.8152	2.3134	1.0095	3.1125	3.1496	0.0000	1.4237	1.9785	0.4645	0.4085	0.0000	-0.0036	0.0000	1.4205	4.0000	4.0377	0.0000	0.0000	0.0000	0.0000	0.0000	0.0000	0.0000	0.0000	0.0000	0.0155	0.0110	0.0045	0.0106	0.0106	0.0000	0.0049	0.0004	0.0045	0.0000	0.0000	0.0000	0.0000	0.0000	0.0000	0.0000	0.0000	0.0000	0.0422	0.0249	0.0173	0.0174	0.0161	0.0013	0.0248	0.0088	0.0160	0.0000	0.0000	0.0000	0.0000	0.0000	0.0000	0.0000	0.0000	0.0000	0.3681	0.4431	0.2603	0.6124	0.6618	0.0000	0.1972	0.0443	0.2813	
49	50	0.6931	10	0	0	2	0	0	0	0	0	N	N	Y	N	N	N	N	N	N	N	N	N	0.0000	0.0000	0.0000	0.0000	0.0000	0.0000	0.0000	0.0000	0.0000	0.0000	0.0000	0.0000	0.0000	0.0000	0.0000	0.0000	0.0000	0.0000	0.0000	0.0000	0.0000	1.0000	0.0000	1.0000	0.0000	0.0000	0.0000	0.0000	0.0000	0.0000	0.0000	0.0000	0.0000	0.0000	0.0000	0.0000	0.0000	0.0000	0.0000	0.0000	0.0000	0.0000	0.0000	0.0000	0.0000	0.0000	0.0000	0.0000	0.0000	0.0000	0.0000	0.0000	0.0000	0.0000	0.0000	0.0000	0.0000	0.0000	0.0000	0.0000	0.0000	0.0000	0.0000	0.0000	0.0000	0.0000	0.0000	0.0000	0.0000	0.0000	0.0000	0.0000	0.0000	0.0000	0.0000	0.0000	0.0000	0.0000											
49	51	0.6976	10	0	1	1	0	0	0	0	0	N	N	N	N	N	N	N	N	N	N	N	N	0.0000	0.0000	0.0000	0.0000	0.0000	0.0000	0.0000	0.0000	0.0000	0.0000	0.0000	0.0000	0.0000	0.0000	0.0000	0.0000	0.0000	0.0000	0.0000	0.0000	0.0000	0.0003	0.0000	0.9690	0.0000	0.0000	0.0000	0.0000	0.0000	0.0000	0.0000	0.0000	0.0000	0.0000	0.0000	0.0000	0.0000	0.0000	0.0000	0.0000	0.0000	0.0000	0.0000	0.0000	0.0000	0.0000	0.0000	0.0000	0.0000	0.0000	0.0000	0.0000	0.0000	0.0000	0.0000	0.0000	0.0000	0.0000	0.0000	0.0000	0.0000	0.0000	0.0000	0.0000	0.0000	0.0000	0.0000	0.0000	0.0000	0.0000	0.0000	0.0000	0.0000	0.0000	0.0000	0.0000	0.0000	0.0000											
49	52	0.0772	5	0	1	1	0	0	0	0	0	N	N	N	N	N	N	N	N	N	N	N	N	0.0000	0.0000	0.0000	0.0000	0.0000	0.0000	0.0000	0.0000	0.0000	0.0000	0.0000	0.0000	0.0000	0.0000	0.0000	0.0000	0.0000	0.0000	0.0000	0.0000	0.0000	0.9211	0.0000	0.1671	0.0000	0.0000	0.0000	0.0000	0.0000	0.0000	0.0000	0.0000	0.0000	0.0000	0.0000	0.0000	0.0000	0.0000	0.0000	0.0000	0.0000	0.0000	0.0000	0.0000	0.0000	0.0000	0.0000	0.0000	0.0000	0.0000	0.0000	0.0000	0.0000	0.0000	0.0000	0.0000	0.0000	0.0000	0.0000	0.0000	0.0000	0.0000	0.0000	0.0000	0.0000	0.0000	0.0000	0.0000	0.0000	0.0000	0.0000	0.0000	0.0000	0.0000	0.0000	0.0000	0.0000	0.0000											
49	53	0.6840	11	0	1	1	0	0	0	0	0	N	N	N	N	N	N	N	N	N	N	N	N	0.0000	0.0000	0.0000	0.0000	0.0000	0.0000	0.0000	0.0000	0.0000	0.0000	0.0000	0.0000	0.0000	0.0000	0.0000	0.0000	0.0000	0.0000	0.0000	0.0000	0.0000	1.0000	0.0000	5.0000	0.0000	0.0000	0.0000	0.0000	0.0000	0.0000	0.0000	0.0000	0.0000	0.0000	0.0000	0.0000	0.0000	0.0000	0.0000	0.0000	0.0000	0.0000	0.0000	0.0000	0.0000	0.0000	0.0000	0.0000	0.0000	0.0000	0.0000	0.0000	0.0000	0.0000	0.0000	0.0000	0.0000	0.0000	0.0000	0.0000	0.0000	0.0000	0.0000	0.0000	0.0000	0.0000	0.0000	0.0000	0.0000	0.0000	0.0000	0.0000	0.0000	0.0000	0.0000	0.0000	0.0000	0.0000											
49	54	0.6688	10	0	0	1	0	0	0	0	0	N	N	N	N	N	N	N	N	N	N	N	N	0.0000	0.0000	0.0000	0.0000	0.0000	0.0000	0.0000	0.0000	0.0000	0.0000	0.0000	0.0000	0.0000	0.0000	0.0000	0.0000	0.0000	0.0000	0.0000	0.0000	0.0000	0.0000	0.0000	2.9157	0.0000	0.0000	0.0000	0.0000	0.0000	0.0000	0.0000	0.0000	0.0000	0.0000	0.0000	0.0000	0.0000	0.0000	0.0000	0.0000	0.0000	0.0000	0.0000	0.0000	0.0000	0.0000	0.0000	0.0000	0.0000	0.0000	0.0000	0.0000	0.0000	0.0000	0.0000	0.0000	0.0000	0.0000	0.0000	0.0000	0.0000	0.0000	0.0000	0.0000	0.0000	0.0000	0.0000	0.0000	0.0000	0.0000	0.0000	0.0000	0.0000	0.0000	0.0000	0.0000	0.0000	0.0000											
49	55	0.0208	2	0	1	1	0	0	0	0	0	N	N	N	N	N	N	N	N	N	N	N	N	0.0000	0.0000	0.0000	0.0000	0.0000	0.0000	0.0000	0.0000	0.0000	0.0000	0.0000	0.0000	0.0000	0.0000	0.0000	0.0000	0.0000	0.0000	0.0000	0.0000	0.0000	2.0000	0.0000	3.0000	0.0000	0.0000	0.0000	0.0000	0.0000	0.0000	0.0000	0.0000	0.0000	0.0000	0.0000	0.0000	0.0000	0.0000	0.0000	0.0000	0.0000	0.0000	0.0000	0.0000	0.0000	0.0000	0.0000	0.0000	0.0000	0.0000	0.0000	0.0000	0.0000	0.0000	0.0000	0.0000	0.0000	0.0000	0.0000	0.0000	0.0000	0.0000	0.0000	0.0000	0.0000	0.0000	0.0000	0.0000	0.0000	0.0000	0.0000	0.0000	0.0000	0.0000	0.0000	0.0000	0.0000	0.0000											
49	56	0.6610	9	0	1	1	1	0	0	0	0	N	N	N	N	N	N	N	N	N	N	N	N	0.0000	0.0000	0.0000	0.0000	0.0000	0.0000	0.0000	0.0000	0.0000	0.0000	0.0000	0.0000	0.0000	0.0000	0.0000	0.0000	0.0000	0.0000	0.0000	0.0000	0.0000	1.7218	0.0000	6.9557	0.0000	0.0000	0.0000	0.0000	0.0000	0.0000	0.0000	0.0000	0.0000	0.0000	0.0000	0.0000	0.0000	0.0000	0.0000	0.0000	0.0000	0.0000	0.0000	0.0000	0.0000	0.0000	0.0000	0.0000	0.0000	0.0000	0.0000	0.0000	0.0000	0.0000	0.0000	0.0000	0.0000	0.0000	0.0000	0.0000	0.0000	0.0000	0.0000	0.0000	0.0000	0.0000	0.0000	0.0000	0.0000	0.0000	0.0000	0.0000	0.0000	0.0000	0.0000	0.0000	0.0000	0.0000											
49	57	0.6721	9	1	0	2	0	0	0	0	0	N	N	Y	N	N	N	N	N	N	N	N	N	0.0000	0.0000	0.0000	0.0000	0.0000	0.0000	0.0000	0.0000	0.0000	0.0000	0.0000	0.0000	0.0000	0.0000	0.0000	0.0000	0.0000	0.0000	0.0000	0.0000	0.0000	8.9999	0.0000	5.0001	0.0000	0.0000	0.0000	0.0000	0.0000	0.0000	0.0000	0.0000	0.0000	0.0000	0.0000	0.0000	0.0000	0.0000	0.0000	0.0000	0.0000	0.0000	0.0000	0.0000	0.0000	0.0000	0.0000	0.0000	0.0000	0.0000	0.0000	0.0000	0.0000	0.0000	0.0000	0.0000	0.0000	0.0000	0.0000	0.0000	0.0000	0.0000	0.0000	0.0000	0.0000	0.0000	0.0000	0.0000	0.0000	0.0000	0.0000	0.0000	0.0000	0.0000	0.0000	0.0000	0.0000	0.0000											
49	58	0.0747	5	1	0	2	0	0	0	0	0	N	N	Y	N	N	N	N	N	N	N	N	N	0.0000	0.0000	0.0000	0.0000	0.0000	0.0000	0.0000	0.0000	0.0000	0.0000	0.0000	0.0000	0.0000	0.0000	0.0000	0.0000	0.0000	0.0000	0.0000	0.0000	0.0000	0.0000	0.0000	1.0000	0.0000	0.0000	0.0000	0.0000	0.0000	0.0000	0.0000	0.0000	0.0000	0.0000	0.0000	0.0000	0.0000	0.0000	0.0000	0.0000	0.0000	0.0000	0.0000	0.0000	0.0000	0.0000	0.0000	0.0000	0.0000	0.0000	0.0000	0.0000	0.0000	0.0000	0.0000	0.0000	0.0000	0.0000	0.0000	0.0000	0.0000	0.0000	0.0000	0.0000	0.0000	0.0000	0.0000	0.0000	0.0000	0.0000	0.0000	0.0000	0.0000	0.0000	0.0000	0.0000	0.0000	0.0000											
49	59	0.6976	10	0	0	2	0	0	0	0	0	N	N	Y	N	N	N	N	N	N	N	N	N	0.0000	0.0000	0.0000	0.0000	0.0000	0.0000	0.0000	0.0000	0.0000	0.0000	0.0000	0.0000	0.0000	0.0000	0.0000	0.0000	0.0000	0.0000	0.0000	0.0000	0.0000	0.0006	0.0000	1.1867	0.0000	0.0000	0.0000	0.0000	0.0000	0.0000	0.0000	0.0000	0.0000	0.0000	0.0000	0.0000	0.0000	0.0000	0.0000	0.0000	0.0000	0.0000	0.0000	0.0000	0.0000	0.0000	0.0000	0.0000	0.0000	0.0000	0.0000	0.0000	0.0000	0.0000	0.0000	0.0000	0.0000	0.0000	0.0000	0.0000	0.0000	0.0000	0.0000	0.0000	0.0000	0.0000	0.0000	0.0000	0.0000	0.0000	0.0000	0.0000	0.0000	0.0000	0.0000	0.0000	0.0000	0.0000											
49	60	0.6610	9	0	0	1	0	0	0	0	0	N	N	N	N	N	N	N	N	N	N	N	N	0.0000	0.0000	0.0000	0.0000	0.0000	0.0000	0.0000	0.0000	0.0000	0.0000	0.0000	0.0000	0.0000	0.0000	0.0000	0.0000	0.0000	0.0000	0.0000	0.0000	0.0000	2.2785	0.0000	4.8627	0.0000	0.0000	0.0000	0.0000	0.0000	0.0000	0.0000	0.0000	0.0000	0.0000	0.0000	0.0000	0.0000	0.0000	0.0000	0.0000	0.0000	0.0000	0.0000	0.0000	0.0000	0.0000	0.0000	0.0000	0.0000	0.0000	0.0000	0.0000	0.0000	0.0000	0.0000	0.0000	0.0000	0.0000	0.0000	0.0000	0.0000	0.0000	0.0000	0.0000	0.0000	0.0000	0.0000	0.0000	0.0000	0.0000	0.0000	0.0000	0.0000	0.0000	0.0000	0.0000	0.0000	0.0000											
49	61	0.0772	5	0	0	2	0	0	0	0	0	N	N	Y	N	N	N	N	N	N	N	N	N	0.0000	0.0000	0.0000	0.0000	0.0000	0.0000	0.0000	0.0000	0.0000	0.0000	0.0000	0.0000	0.0000	0.0000	0.0000	0.0000	0.0000	0.0000	0.0000	0.0000	0.0000	1.0901	0.0000	7.9319	0.0000	0.0000	0.0000	0.0000	0.0000	0.0000	0.0000	0.0000	0.0000	0.0000	0.0000	0.0000	0.0000	0.0000	0.0000	0.0000	0.0000	0.0000	0.0000	0.0000	0.0000	0.0000	0.0000	0.0000	0.0000	0.0000	0.0000	0.0000	0.0000	0.0000	0.0000	0.0000	0.0000	0.0000	0.0000	0.0000	0.0000	0.0000	0.0000	0.0000	0.0000	0.0000	0.0000	0.0000	0.0000	0.0000	0.0000	0.0000	0.0000	0.0000	0.0000	0.0000	0.0000	0.0000											
49	62	0.0471	4	0	0	1	0	0	0	0	0	N	N	N	N	N	N	N	N	N	N	N	N	0.0000	0.0000	0.0000	0.0000	0.0000	0.0000	0.0000	0.0000	0.0000	0.0000	0.0000	0.0000	0.0000	0.0000	0.0000	0.0000	0.0000	0.0000	0.0000	0.0000	0.0000	1.6797	0.0000	2.9843	0.0000	0.0000	0.0000	0.0000	0.0000	0.0000	0.0000	0.0000	0.0000	0.0000	0.0000	0.0000	0.0000	0.0000	0.0000	0.0000	0.0000	0.0000	0.0000	0.0000	0.0000	0.0000	0.0000	0.0000	0.0000	0.0000	0.0000	0.0000	0.0000	0.0000	0.0000	0.0000	0.0000	0.0000	0.0000	0.0000	0.0000	0.0000	0.0000	0.0000	0.0000	0.0000	0.0000	0.0000	0.0000	0.0000	0.0000	0.0000	0.0000	0.0000	0.0000	0.0000	0.0000	0.0000											
49	63	0.0369	3	0	0	1	0	0	0	0	0	N	N	N	N	N	N	N	N	N	N	N	N	0.0000	0.0000	0.0000	0.0000	0.0000	0.0000	0.0000	0.0000	0.0000	0.0000	0.0000	0.0000	0.0000	0.0000	0.0000	0.0000	0.0000	0.0000	0.0000	0.0000	0.0000	0.4935	0.0000	1.5835	0.0000	0.0000	0.0000	0.0000	0.0000	0.0000	0.0000	0.0000	0.0000	0.0000	0.0000	0.0000	0.0000	0.0000	0.0000	0.0000	0.0000	0.0000	0.0000	0.0000	0.0000	0.0000	0.0000	0.0000	0.0000	0.0000	0.0000	0.0000	0.0000	0.0000	0.0000	0.0000	0.0000	0.0000	0.0000	0.0000	0.0000	0.0000	0.0000	0.0000	0.0000	0.0000	0.0000	0.0000	0.0000	0.0000	0.0000	0.0000	0.0000	0.0000	0.0000	0.0000	0.0000	0.0000											
49	68	0.0747	5	1	1	2	0	0	0	0	0	N	N	Y	N	N	N	N	N	N	N	N	N	0.0000	0.0000	0.0000	0.0000	0.0000	0.0000	0.0000	0.0000	0.0000	0.0000	0.0000	0.0000	0.0000	0.0000	0.0000	0.0000	0.0000	0.0000	0.0000	0.0000	0.0000	0.0000	0.0000	0.0000	0.0000	0.0000	0.0000	0.0000	0.0000	0.0000	0.0000	0.0000	0.0000	0.0000	0.0000	0.0000	0.0000	0.0000	0.0000	0.0000	0.0000	0.0000	0.0000	0.0000	0.0000	0.0000	0.0000	0.0000	0.0000	0.0000	0.0000	0.0000	0.0000	0.0000	0.0000	0.0000	0.0000	0.0000	0.0000	0.0000	0.0000	0.0000	0.0000	0.0000	0.0000	0.0000	0.0000	0.0000	0.0000	0.0000	0.0000	0.0000	0.0000	0.0000	0.0000	0.0000	0.0000	0.0000											
49	69	0.7174	11	1	1	2	0	0	0	0	0	N	N	Y	N	N	N	N	N	N	N	N	N	0.0000	0.0000	0.0000	0.0000	0.0000	0.0000	0.0000	0.0000	0.0000	0.0000	0.0000	0.0000	0.0000	0.0000	0.0000	0.0000	0.0000	0.0000	0.0000	0.0000	0.0000	1.0000	0.0000	0.0000	0.0000	0.0000	0.0000	0.0000	0.0000	0.0000	0.0000	0.0000	0.0000	0.0000	0.0000	0.0000	0.0000	0.0000	0.0000	0.0000	0.0000	0.0000	0.0000	0.0000	0.0000	0.0000	0.0000	0.0000	0.0000	0.0000	0.0000	0.0000	0.0000	0.0000	0.0000	0.0000	0.0000	0.0000	0.0000	0.0000	0.0000	0.0000	0.0000	0.0000	0.0000	0.0000	0.0000	0.0000	0.0000	0.0000	0.0000	0.0000	0.0000	0.0000	0.0000	0.0000	0.0000	0.0000											
49	70	0.7174	11	1	1	2	0	0	0	0	0	N	N	Y	N	N	N	N	N	N	N	N	N	0.0000	0.0000	0.0000	0.0000	0.0000	0.0000	0.0000	0.0000	0.0000	0.0000	0.0000	0.0000	0.0000	0.0000	0.0000	0.0000	0.0000	0.0000	0.0000	0.0000	0.0000	0.0000	0.0000	0.0000	0.0000	0.0000	0.0000	0.0000	0.0000	0.0000	0.0000	0.0000	0.0000	0.0000	0.0000	0.0000	0.0000	0.0000	0.0000	0.0000	0.0000	0.0000	0.0000	0.0000	0.0000	0.0000	0.0000	0.0000	0.0000	0.0000	0.0000	0.0000	0.0000	0.0000	0.0000	0.0000	0.0000	0.0000	0.0000	0.0000	0.0000	0.0000	0.0000	0.0000	0.0000	0.0000	0.0000	0.0000	0.0000	0.0000	0.0000	0.0000	0.0000	0.0000	0.0000	0.0000	0.0000	0.0000											
49	71	0.6950	10	1	1	2	0	0	0	0	0	N	N	Y	N	N	N	N	N	N	N	N	N	0.0000	0.0000	0.0000	0.0000	0.0000	0.0000	0.0000	0.0000	0.0000	0.0000	0.0000	0.0000	0.0000	0.0000	0.0000	0.0000	0.0000	0.0000	0.0000	0.0000	0.0000	2.0000	0.0000	1.0000	0.0000	0.0000	0.0000	0.0000	0.0000	0.0000	0.0000	0.0000	0.0000	0.0000	0.0000	0.0000	0.0000	0.0000	0.0000	0.0000	0.0000	0.0000	0.0000	0.0000	0.0000	0.0000	0.0000	0.0000	0.0000	0.0000	0.0000	0.0000	0.0000	0.0000	0.0000	0.0000	0.0000	0.0000	0.0000	0.0000	0.0000	0.0000	0.0000	0.0000	0.0000	0.0000	0.0000	0.0000	0.0000	0.0000	0.0000	0.0000	0.0000	0.0000	0.0000	0.0000	0.0000	0.0000											
49	72	0.6721	9	1	0	2	0	0	0	0	0	N	N	Y	N	N	N	N	N	N	N	N	N	0.0000	0.0000	0.0000	0.0000	0.0000	0.0000	0.0000	0.0000	0.0000	0.0000	0.0000	0.0000	0.0000	0.0000	0.0000	0.0000	0.0000	0.0000	0.0000	0.0000	0.0000	1.0017	0.0000	2.0007	0.0000	0.0000	0.0000	0.0000	0.0000	0.0000	0.0000	0.0000	0.0000	0.0000	0.0000	0.0000	0.0000	0.0000	0.0000	0.0000	0.0000	0.0000	0.0000	0.0000	0.0000	0.0000	0.0000	0.0000	0.0000	0.0000	0.0000	0.0000	0.0000	0.0000	0.0000	0.0000	0.0000	0.0000	0.0000	0.0000	0.0000	0.0000	0.0000	0.0000	0.0000	0.0000	0.0000	0.0000	0.0000	0.0000	0.0000	0.0000	0.0000	0.0000	0.0000	0.0000	0.0000	0.0000											
49	73	0.0939	6	1	1	1	0	0	0	0	0	N	N	N	N	N	N	N	N	N	N	N	N	0.0000	0.0000	0.0000	0.0000	0.0000	0.0000	0.0000	0.0000	0.0000	0.0000	0.0000	0.0000	0.0000	0.0000	0.0000	0.0000	0.0000	0.0000	0.0000	0.0000	0.0000	0.0000	0.0000	0.0000	0.0000	0.0000	0.0000	0.0000	0.0000	0.0000	0.0000	0.0000	0.0000	0.0000	0.0000	0.0000	0.0000	0.0000	0.0000	0.0000	0.0000	0.0000	0.0000	0.0000	0.0000	0.0000	0.0000	0.0000	0.0000	0.0000	0.0000	0.0000	0.0000	0.0000	0.0000	0.0000	0.0000	0.0000	0.0000	0.0000	0.0000	0.0000	0.0000	0.0000	0.0000	0.0000	0.0000	0.0000	0.0000	0.0000	0.0000	0.0000	0.0000	0.0000	0.0000	0.0000	0.0000	0.0000											
49	74	0.6991	10	1	1	1	0	0	0	0	0	N	N	N	N	N	N	N	N	N	N	N	N	0.0000	0.0000	0.0000	0.0000	0.0000	0.0000	0.0000	0.0000	0.0000	0.0000	0.0000	0.0000	0.0000	0.0000	0.0000	0.0000	0.0000	0.0000	0.0000	0.0000	0.0000	0.0000	0.0000	0.0010	0.0000	0.0000	0.0000	0.0000	0.0000	0.0000	0.0000	0.0000	0.0000	0.0000	0.0000	0.0000	0.0000	0.0000	0.0000	0.0000	0.0000	0.0000	0.0000	0.0000	0.0000	0.0000	0.0000	0.0000	0.0000	0.0000	0.0000	0.0000	0.0000	0.0000	0.0000	0.0000	0.0000	0.0000	0.0000	0.0000	0.0000	0.0000	0.0000	0.0000	0.0000	0.0000	0.0000	0.0000	0.0000	0.0000	0.0000	0.0000	0.0000	0.0000	0.0000	0.0000	0.0000	0.0000											
49	75	0.6882	12	0	1	1	1	0	0	0	0	N	N	N	N	N	N	N	N	N	N	N	N	0.0000	0.0000	0.0000	0.0000	0.0000	0.0000	0.0000	0.0000	0.0000	0.0000	0.0000	0.0000	0.0000	0.0000	0.0000	0.0000	0.0000	0.0000	0.0000	0.0000	0.0000	0.0000	0.0000	0.0000	0.0000	0.0000	0.0000	0.0000	0.0000	0.0000	0.0000	0.0000	0.0000	0.0000	0.0000	0.0000	0.0000	0.0000	0.0000	0.0000	0.0000	0.0000	0.0000	0.0000	0.0000	0.0000	0.0000	0.0000	0.0000	0.0000	0.0000	0.0000	0.0000	0.0000	0.0000	0.0000	0.0000	0.0000	0.0000	0.0000	0.0000	0.0000	0.0000	0.0000	0.0000	0.0000	0.0000	0.0000	0.0000	0.0000	0.0000	0.0000	0.0000	0.0000	0.0000	0.0000	0.0000	0.0000											
49	76	0.6882	12	0	0	1	1	0	0	0	0	N	N	N	N	N	N	N	N	N	N	N	N	0.0000	0.0000	0.0000	0.0000	0.0000	0.0000	0.0000	0.0000	0.0000	0.0000	0.0000	0.0000	0.0000	0.0000	0.0000	0.0000	0.0000	0.0000	0.0000	0.0000	0.0000	0.0000	0.0000	0.0000	0.0000	0.0000	0.0000	0.0000	0.0000	0.0000	0.0000	0.0000	0.0000	0.0000	0.0000	0.0000	0.0000	0.0000	0.0000	0.0000	0.0000	0.0000	0.0000	0.0000	0.0000	0.0000	0.0000	0.0000	0.0000	0.0000	0.0000	0.0000	0.0000	0.0000	0.0000	0.0000	0.0000	0.0000	0.0000	0.0000	0.0000	0.0000	0.0000	0.0000	0.0000	0.0000	0.0000	0.0000	0.0000	0.0000	0.0000	0.0000	0.0000	0.0000	0.0000	0.0000	0.0000	0.0000											
49	77	0.6729	11	0	0	1	1	0	0	0	0	N	N	N	N	N	N	N	N	N	N	N	N	0.0000	0.0000	0.0000	0.0000	0.0000	0.0000	0.0000	0.0000	0.0000	0.0000	0.0000	0.0000	0.0000	0.0000	0.0000	0.0000	0.0000	0.0000	0.0000	0.0000	0.0000	0.0002	0.0000	2.9297	0.0000	0.0000	0.0000	0.0000	0.0000	0.0000	0.0000	0.0000	0.0000	0.0000	0.0000	0.0000	0.0000	0.0000	0.0000	0.0000	0.0000	0.0000	0.0000	0.0000	0.0000	0.0000	0.0000	0.0000	0.0000	0.0000	0.0000	0.0000	0.0000	0.0000	0.0000	0.0000	0.0000	0.0000	0.0000	0.0000	0.0000	0.0000	0.0000	0.0000	0.0000	0.0000	0.0000	0.0000	0.0000	0.0000	0.0000	0.0000	0.0000	0.0000	0.0000	0.0000	0.0000	0.0000											
49	78	0.6688	10	0	0	1	1	0	0	0	0	N	N	N	N	N	N	N	N	N	N	N	N	0.0000	0.0000	0.0000	0.0000	0.0000	0.0000	0.0000	0.0000	0.0000	0.0000	0.0000	0.0000	0.0000	0.0000	0.0000	0.0000	0.0000	0.0000	0.0000	0.0000	0.0000	0.0003	0.0000	2.1916	0.0000	0.0000	0.0000	0.0000	0.0000	0.0000	0.0000	0.0000	0.0000	0.0000	0.0000	0.0000	0.0000	0.0000	0.0000	0.0000	0.0000	0.0000	0.0000	0.0000	0.0000	0.0000	0.0000	0.0000	0.0000	0.0000	0.0000	0.0000	0.0000	0.0000	0.0000	0.0000	0.0000	0.0000	0.0000	0.0000	0.0000	0.0000	0.0000	0.0000	0.0000	0.0000	0.0000	0.0000	0.0000	0.0000	0.0000	0.0000	0.0000	0.0000	0.0000	0.0000	0.0000	0.0000											
49	79	0.6610	9	0	0	1	0	0	0	0	0	N	N	N	N	N	N	N	N	N	N	N	N	0.0000	0.0000	0.0000	0.0000	0.0000	0.0000	0.0000	0.0000	0.0000	0.0000	0.0000	0.0000	0.0000	0.0000	0.0000	0.0000	0.0000	0.0000	0.0000	0.0000	0.0000	0.2782	0.0000	1.3600	0.0000	0.0000	0.0000	0.0000	0.0000	0.0000	0.0000	0.0000	0.0000	0.0000	0.0000	0.0000	0.0000	0.0000	0.0000	0.0000	0.0000	0.0000	0.0000	0.0000	0.0000	0.0000	0.0000	0.0000	0.0000	0.0000	0.0000	0.0000	0.0000	0.0000	0.0000	0.0000	0.0000	0.0000	0.0000	0.0000	0.0000	0.0000	0.0000	0.0000	0.0000	0.0000	0.0000	0.0000	0.0000	0.0000	0.0000	0.0000	0.0000	0.0000	0.0000	0.0000	0.0000	0.0000											
49	80	0.7046	11	0	1	2	0	0	0	0	0	N	N	Y	N	N	N	N	N	N	N	N	N	0.0000	0.0000	0.0000	0.0000	0.0000	0.0000	0.0000	0.0000	0.0000	0.0000	0.0000	0.0000	0.0000	0.0000	0.0000	0.0000	0.0000	0.0000	0.0000	0.0000	0.0000	0.0029	0.0000	2.0135	0.0000	0.0000	0.0000	0.0000	0.0000	0.0000	0.0000	0.0000	0.0000	0.0000	0.0000	0.0000	0.0000	0.0000	0.0000	0.0000	0.0000	0.0000	0.0000	0.0000	0.0000	0.0000	0.0000	0.0000	0.0000	0.0000	0.0000	0.0000	0.0000	0.0000	0.0000	0.0000	0.0000	0.0000	0.0000	0.0000	0.0000	0.0000	0.0000	0.0000	0.0000	0.0000	0.0000	0.0000	0.0000	0.0000	0.0000	0.0000	0.0000	0.0000	0.0000	0.0000	0.0000	0.0000											
49	81	0.6981	10	0	1	1	0	0	0	0	0	N	N	N	N	N	N	N	N	N	N	N	N	0.0000	0.0000	0.0000	0.0000	0.0000	0.0000	0.0000	0.0000	0.0000	0.0000	0.0000	0.0000	0.0000	0.0000	0.0000	0.0000	0.0000	0.0000	0.0000	0.0000	0.0000	0.6188	0.0000	0.9475	0.0000	0.0000	0.0000	0.0000	0.0000	0.0000	0.0000	0.0000	0.0000	0.0000	0.0000	0.0000	0.0000	0.0000	0.0000	0.0000	0.0000	0.0000	0.0000	0.0000	0.0000	0.0000	0.0000	0.0000	0.0000	0.0000	0.0000	0.0000	0.0000	0.0000	0.0000	0.0000	0.0000	0.0000	0.0000	0.0000	0.0000	0.0000	0.0000	0.0000	0.0000	0.0000	0.0000	0.0000	0.0000	0.0000	0.0000	0.0000	0.0000	0.0000	0.0000	0.0000	0.0000	0.0000											
49	82	0.0971	6	0	1	2	0	0	0	0	0	N	N	Y	N	N	N	N	N	N	N	N	N	0.0000	0.0000	0.0000	0.0000	0.0000	0.0000	0.0000	0.0000	0.0000	0.0000	0.0000	0.0000	0.0000	0.0000	0.0000	0.0000	0.0000	0.0000	0.0000	0.0000	0.0000	0.0000	0.0000	1.0000	0.0000	0.0000	0.0000	0.0000	0.0000	0.0000	0.0000	0.0000	0.0000	0.0000	0.0000	0.0000	0.0000	0.0000	0.0000	0.0000	0.0000	0.0000	0.0000	0.0000	0.0000	0.0000	0.0000	0.0000	0.0000	0.0000	0.0000	0.0000	0.0000	0.0000	0.0000	0.0000	0.0000	0.0000	0.0000	0.0000	0.0000	0.0000	0.0000	0.0000	0.0000	0.0000	0.0000	0.0000	0.0000	0.0000	0.0000	0.0000	0.0000	0.0000	0.0000	0.0000	0.0000	0.0000											
49	83	0.6721	9	1	0	2	0	0	0	0	0	N	N	Y	N	N	N	N	N	N	N	N	N	0.0000	0.0000	0.0000	0.0000	0.0000	0.0000	0.0000	0.0000	0.0000	0.0000	0.0000	0.0000	0.0000	0.0000	0.0000	0.0000	0.0000	0.0000	0.0000	0.0000	0.0000	9.0001	0.0000	3.0001	0.0000	0.0000	0.0000	0.0000	0.0000	0.0000	0.0000	0.0000	0.0000	0.0000	0.0000	0.0000	0.0000	0.0000	0.0000	0.0000	0.0000	0.0000	0.0000	0.0000	0.0000	0.0000	0.0000	0.0000	0.0000	0.0000	0.0000	0.0000	0.0000	0.0000	0.0000	0.0000	0.0000	0.0000	0.0000	0.0000	0.0000	0.0000	0.0000	0.0000	0.0000	0.0000	0.0000	0.0000	0.0000	0.0000	0.0000	0.0000	0.0000	0.0000	0.0000	0.0000	0.0000	0.0000											
49	84	0.0747	5	1	0	2	0	0	0	0	0	N	N	Y	N	N	N	N	N	N	N	N	N	0.0000	0.0000	0.0000	0.0000	0.0000	0.0000	0.0000	0.0000	0.0000	0.0000	0.0000	0.0000	0.0000	0.0000	0.0000	0.0000	0.0000	0.0000	0.0000	0.0000	0.0000	4.0000	0.0000	0.0000	0.0000	0.0000	0.0000	0.0000	0.0000	0.0000	0.0000	0.0000	0.0000	0.0000	0.0000	0.0000	0.0000	0.0000	0.0000	0.0000	0.0000	0.0000	0.0000	0.0000	0.0000	0.0000	0.0000	0.0000	0.0000	0.0000	0.0000	0.0000	0.0000	0.0000	0.0000	0.0000	0.0000	0.0000	0.0000	0.0000	0.0000	0.0000	0.0000	0.0000	0.0000	0.0000	0.0000	0.0000	0.0000	0.0000	0.0000	0.0000	0.0000	0.0000	0.0000	0.0000	0.0000	0.0000											
49	85	0.1208	6	1	1	1	0	0	0	0	0	N	N	N	N	N	N	N	N	N	N	N	N	0.0000	0.0000	0.0000	0.0000	0.0000	0.0000	0.0000	0.0000	0.0000	0.0000	0.0000	0.0000	0.0000	0.0000	0.0000	0.0000	0.0000	0.0000	0.0000	0.0000	0.0000	1.0086	0.0000	1.7435	0.0000	0.0000	0.0000	0.0000	0.0000	0.0000	0.0000	0.0000	0.0000	0.0000	0.0000	0.0000	0.0000	0.0000	0.0000	0.0000	0.0000	0.0000	0.0000	0.0000	0.0000	0.0000	0.0000	0.0000	0.0000	0.0000	0.0000	0.0000	0.0000	0.0000	0.0000	0.0000	0.0000	0.0000	0.0000	0.0000	0.0000	0.0000	0.0000	0.0000	0.0000	0.0000	0.0000	0.0000	0.0000	0.0000	0.0000	0.0000	0.0000	0.0000	0.0000	0.0000	0.0000	0.0000											
49	86	0.0747	5	1	1	1	0	0	0	0	0	N	N	N	N	N	N	N	N	N	N	N	N	0.0000	0.0000	0.0000	0.0000	0.0000	0.0000	0.0000	0.0000	0.0000	0.0000	0.0000	0.0000	0.0000	0.0000	0.0000	0.0000	0.0000	0.0000	0.0000	0.0000	0.0000	1.0165	0.0000	4.1395	0.0000	0.0000	0.0000	0.0000	0.0000	0.0000	0.0000	0.0000	0.0000	0.0000	0.0000	0.0000	0.0000	0.0000	0.0000	0.0000	0.0000	0.0000	0.0000	0.0000	0.0000	0.0000	0.0000	0.0000	0.0000	0.0000	0.0000	0.0000	0.0000	0.0000	0.0000	0.0000	0.0000	0.0000	0.0000	0.0000	0.0000	0.0000	0.0000	0.0000	0.0000	0.0000	0.0000	0.0000	0.0000	0.0000	0.0000	0.0000	0.0000	0.0000	0.0000	0.0000	0.0000	0.0000											
49	87	0.6308	8	1	1	1	0	0	0	0	0	N	N	N	N	N	N	N	N	N	N	N	N	0.0000	0.0000	0.0000	0.0000	0.0000	0.0000	0.0000	0.0000	0.0000	0.0000	0.0000	0.0000	0.0000	0.0000	0.0000	0.0000	0.0000	0.0000	0.0000	0.0000	0.0000	9.0005	0.0000	5.0000	0.0000	0.0000	0.0000	0.0000	0.0000	0.0000	0.0000	0.0000	0.0000	0.0000	0.0000	0.0000	0.0000	0.0000	0.0000	0.0000	0.0000	0.0000	0.0000	0.0000	0.0000	0.0000	0.0000	0.0000	0.0000	0.0000	0.0000	0.0000	0.0000	0.0000	0.0000	0.0000	0.0000	0.0000	0.0000	0.0000	0.0000	0.0000	0.0000	0.0000	0.0000	0.0000	0.0000	0.0000	0.0000	0.0000	0.0000	0.0000	0.0000	0.0000	0.0000	0.0000	0.0000	0.0000											
49	88	0.0971	6	0	1	1	0	0	0	0	0	N	N	N	N	N	N	N	N	N	N	N	N	0.0000	0.0000	0.0000	0.0000	0.0000	0.0000	0.0000	0.0000	0.0000	0.0000	0.0000	0.0000	0.0000	0.0000	0.0000	0.0000	0.0000	0.0000	0.0000	0.0000	0.0000	0.0000	0.0000	0.0000	0.0000	0.0000	0.0000	0.0000	0.0000	0.0000	0.0000	0.0000	0.0000	0.0000	0.0000	0.0000	0.0000	0.0000	0.0000	0.0000	0.0000	0.0000	0.0000	0.0000	0.0000	0.0000	0.0000	0.0000	0.0000	0.0000	0.0000	0.0000	0.0000	0.0000	0.0000	0.0000	0.0000	0.0000	0.0000	0.0000	0.0000	0.0000	0.0000	0.0000	0.0000	0.0000	0.0000	0.0000	0.0000	0.0000	0.0000	0.0000	0.0000	0.0000	0.0000	0.0000	0.0000	0.0000											
49	89	0.6981	10	0	1	1	0	0	0	0	0	N	N	N	N	N	N	N	N	N	N	N	N	0.0000	0.0000	0.0000	0.0000	0.0000	0.0000	0.0000	0.0000	0.0000	0.0000	0.0000	0.0000	0.0000	0.0000	0.0000	0.0000	0.0000	0.0000	0.0000	0.0000	0.0000	1.9953	0.0000	1.0817	0.0000	0.0000	0.0000	0.0000	0.0000	0.0000	0.0000	0.0000	0.0000	0.0000	0.0000	0.0000	0.0000	0.0000	0.0000	0.0000	0.0000	0.0000	0.0000	0.0000	0.0000	0.0000	0.0000	0.0000	0.0000	0.0000	0.0000	0.0000	0.0000	0.0000	0.0000	0.0000	0.0000	0.0000	0.0000	0.0000	0.0000	0.0000	0.0000	0.0000	0.0000	0.0000	0.0000	0.0000	0.0000	0.0000	0.0000	0.0000	0.0000	0.0000	0.0000	0.0000	0.0000	0.0000											
49	90	0.6721	9	0	1	1	0	0	0	0	0	N	N	N	N	N	N	N	N	N	N	N	N	0.0000	0.0000	0.0000	0.0000	0.0000	0.0000	0.0000	0.0000	0.0000	0.0000	0.0000	0.0000	0.0000	0.0000	0.0000	0.0000	0.0000	0.0000	0.0000	0.0000	0.0000	2.3999	0.0000	4.0713	0.0000	0.0000	0.0000	0.0000	0.0000	0.0000	0.0000	0.0000	0.0000	0.0000	0.0000	0.0000	0.0000	0.0000	0.0000	0.0000	0.0000	0.0000	0.0000	0.0000	0.0000	0.0000	0.0000	0.0000	0.0000	0.0000	0.0000	0.0000	0.0000	0.0000	0.0000	0.0000	0.0000	0.0000	0.0000	0.0000	0.0000	0.0000	0.0000	0.0000	0.0000	0.0000	0.0000	0.0000	0.0000	0.0000	0.0000	0.0000	0.0000	0.0000	0.0000	0.0000	0.0000	0.0000											
49	91	0.6931	10	0	0	2	0	0	0	0	0	N	N	Y	N	N	N	N	N	N	N	N	N	0.0000	0.0000	0.0000	0.0000	0.0000	0.0000	0.0000	0.0000	0.0000	0.0000	0.0000	0.0000	0.0000	0.0000	0.0000	0.0000	0.0000	0.0000	0.0000	0.0000	0.0000	0.0000	0.0000	0.0000	0.0000	0.0000	0.0000	0.0000	0.0000	0.0000	0.0000	0.0000	0.0000	0.0000	0.0000	0.0000	0.0000	0.0000	0.0000	0.0000	0.0000	0.0000	0.0000	0.0000	0.0000	0.0000	0.0000	0.0000	0.0000	0.0000	0.0000	0.0000	0.0000	0.0000	0.0000	0.0000	0.0000	0.0000	0.0000	0.0000	0.0000	0.0000	0.0000	0.0000	0.0000	0.0000	0.0000	0.0000	0.0000	0.0000	0.0000	0.0000	0.0000	0.0000	0.0000	0.0000	0.0000	0.0000											
49	92	0.6610	9	0	0	2	0	0	0	0	0	N	N	Y	N	N	N	N	N	N	N	N	N	0.0000	0.0000	0.0000	0.0000	0.0000	0.0000	0.0000	0.0000	0.0000	0.0000	0.0000	0.0000	0.0000	0.0000	0.0000	0.0000	0.0000	0.0000	0.0000	0.0000	0.0000	3.7221	0.0000	2.9993	0.0000	0.0000	0.0000	0.0000	0.0000	0.0000	0.0000	0.0000	0.0000	0.0000	0.0000	0.0000	0.0000	0.0000	0.0000	0.0000	0.0000	0.0000	0.0000	0.0000	0.0000	0.0000	0.0000	0.0000	0.0000	0.0000	0.0000	0.0000	0.0000	0.0000	0.0000	0.0000	0.0000	0.0000	0.0000	0.0000	0.0000	0.0000	0.0000	0.0000	0.0000	0.0000	0.0000	0.0000	0.0000	0.0000	0.0000	0.0000	0.0000	0.0000	0.0000	0.0000	0.0000	0.0000											
49	93	0.6308	8	0	0	1	0	0	0	0	0	N	N	N	N	N	N	N	N	N	N	N	N	0.0000	0.0000	0.0000	0.0000	0.0000	0.0000	0.0000	0.0000	0.0000	0.0000	0.0000	0.0000	0.0000	0.0000	0.0000	0.0000	0.0000	0.0000	0.0000	0.0000	0.0000	2.7217	0.0000	3.0458	0.0000	0.0000	0.0000	0.0000	0.0000	0.0000	0.0000	0.0000	0.0000	0.0000	0.0000	0.0000	0.0000	0.0000	0.0000	0.0000	0.0000	0.0000	0.0000	0.0000	0.0000	0.0000	0.0000	0.0000	0.0000	0.0000	0.0000	0.0000	0.0000	0.0000	0.0000	0.0000	0.0000	0.0000	0.0000	0.0000	0.0000	0.0000	0.0000	0.0000	0.0000	0.0000	0.0000	0.0000	0.0000	0.0000	0.0000	0.0000	0.0000	0.0000	0.0000	0.0000	0.0000	0.0000											
49	94	0.6883	10	1	1	1	0	0	0	0	0	N	N	N	N	N	N	N	N	N	N	N	N	0.0000	0.0000	0.0000	0.0000	0.0000	0.0000	0.0000	0.0000	0.0000	0.0000	0.0000	0.0000	0.0000	0.0000	0.0000	0.0000	0.0000	0.0000	0.0000	0.0000	0.0000	5.9980	0.0000	4.9575	0.0000	0.0000	0.0000	0.0000	0.0000	0.0000	0.0000	0.0000	0.0000	0.0000	0.0000	0.0000	0.0000	0.0000	0.0000	0.0000	0.0000	0.0000	0.0000	0.0000	0.0000	0.0000	0.0000	0.0000	0.0000	0.0000	0.0000	0.0000	0.0000	0.0000	0.0000	0.0000	0.0000	0.0000	0.0000	0.0000	0.0000	0.0000	0.0000	0.0000	0.0000	0.0000	0.0000	0.0000	0.0000	0.0000	0.0000	0.0000	0.0000	0.0000	0.0000	0.0000	0.0000	0.0000											
49	95	0.0971	6	1	1	1	0	0	0	0	0	N	N	N	N	N	N	N	N	N	N	N	N	0.0000	0.0000	0.0000	0.0000	0.0000	0.0000	0.0000	0.0000	0.0000	0.0000	0.0000	0.0000	0.0000	0.0000	0.0000	0.0000	0.0000	0.0000	0.0000	0.0000	0.0000	0.0000	0.0000	2.0000	0.0000	0.0000	0.0000	0.0000	0.0000	0.0000	0.0000	0.0000	0.0000	0.0000	0.0000	0.0000	0.0000	0.0000	0.0000	0.0000	0.0000	0.0000	0.0000	0.0000	0.0000	0.0000	0.0000	0.0000	0.0000	0.0000	0.0000	0.0000	0.0000	0.0000	0.0000	0.0000	0.0000	0.0000	0.0000	0.0000	0.0000	0.0000	0.0000	0.0000	0.0000	0.0000	0.0000	0.0000	0.0000	0.0000	0.0000	0.0000	0.0000	0.0000	0.0000	0.0000	0.0000	0.0000											
49	96	0.0747	5	0	1	1	0	0	0	0	0	N	N	N	N	N	N	N	N	N	N	N	N	0.0000	0.0000	0.0000	0.0000	0.0000	0.0000	0.0000	0.0000	0.0000	0.0000	0.0000	0.0000	0.0000	0.0000	0.0000	0.0000	0.0000	0.0000	0.0000	0.0000	0.0000	4.0000	0.0000	0.0000	0.0000	0.0000	0.0000	0.0000	0.0000	0.0000	0.0000	0.0000	0.0000	0.0000	0.0000	0.0000	0.0000	0.0000	0.0000	0.0000	0.0000	0.0000	0.0000	0.0000	0.0000	0.0000	0.0000	0.0000	0.0000	0.0000	0.0000	0.0000	0.0000	0.0000	0.0000	0.0000	0.0000	0.0000	0.0000	0.0000	0.0000	0.0000	0.0000	0.0000	0.0000	0.0000	0.0000	0.0000	0.0000	0.0000	0.0000	0.0000	0.0000	0.0000	0.0000	0.0000	0.0000	0.0000											
49	97	0.6308	8	0	0	1	0	0	0	0	0	N	N	N	N	N	N	N	N	N	N	N	N	0.0000	0.0000	0.0000	0.0000	0.0000	0.0000	0.0000	0.0000	0.0000	0.0000	0.0000	0.0000	0.0000	0.0000	0.0000	0.0000	0.0000	0.0000	0.0000	0.0000	0.0000	3.9994	0.0000	4.0000	0.0000	0.0000	0.0000	0.0000	0.0000	0.0000	0.0000	0.0000	0.0000	0.0000	0.0000	0.0000	0.0000	0.0000	0.0000	0.0000	0.0000	0.0000	0.0000	0.0000	0.0000	0.0000	0.0000	0.0000	0.0000	0.0000	0.0000	0.0000	0.0000	0.0000	0.0000	0.0000	0.0000	0.0000	0.0000	0.0000	0.0000	0.0000	0.0000	0.0000	0.0000	0.0000	0.0000	0.0000	0.0000	0.0000	0.0000	0.0000	0.0000	0.0000	0.0000	0.0000	0.0000	0.0000											
49	98	0.0747	5	0	0	1	0	0	0	0	0	N	N	N	N	N	N	N	N	N	N	N	N	0.0000	0.0000	0.0000	0.0000	0.0000	0.0000	0.0000	0.0000	0.0000	0.0000	0.0000	0.0000	0.0000	0.0000	0.0000	0.0000	0.0000	0.0000	0.0000	0.0000	0.0000	1.0000	0.0000	0.0000	0.0000	0.0000	0.0000	0.0000	0.0000	0.0000	0.0000	0.0000	0.0000	0.0000	0.0000	0.0000	0.0000	0.0000	0.0000	0.0000	0.0000	0.0000	0.0000	0.0000	0.0000	0.0000	0.0000	0.0000	0.0000	0.0000	0.0000	0.0000	0.0000	0.0000	0.0000	0.0000	0.0000	0.0000	0.0000	0.0000	0.0000	0.0000	0.0000	0.0000	0.0000	0.0000	0.0000	0.0000	0.0000	0.0000	0.0000	0.0000	0.0000	0.0000	0.0000	0.0000	0.0000	0.0000											
49	99	0.5199	7	0	0	1	0	0	0	0	0	N	N	N	N	N	N	N	N	N	N	N	N	0.0000	0.0000	0.0000	0.0000	0.0000	0.0000	0.0000	0.0000	0.0000	0.0000	0.0000	0.0000	0.0000	0.0000	0.0000	0.0000	0.0000	0.0000	0.0000	0.0000	0.0000	1.5982	0.0000	11.1970	0.0000	0.0000	0.0000	0.0000	0.0000	0.0000	0.0000	0.0000	0.0000	0.0000	0.0000	0.0000	0.0000	0.0000	0.0000	0.0000	0.0000	0.0000	0.0000	0.0000	0.0000	0.0000	0.0000	0.0000	0.0000	0.0000	0.0000	0.0000	0.0000	0.0000	0.0000	0.0000	0.0000	0.0000	0.0000	0.0000	0.0000	0.0000	0.0000	0.0000	0.0000	0.0000	0.0000	0.0000	0.0000	0.0000	0.0000	0.0000	0.0000	0.0000	0.0000	0.0000	0.0000	0.0000											
49	100	0.6898	11	1	1	2	0	0	0	0	0	N	N	Y	N	N	N	N	N	N	N	N	N	0.0000	0.0000	0.0000	0.0000	0.0000	0.0000	0.0000	0.0000	0.0000	0.0000	0.0000	0.0000	0.0000	0.0000	0.0000	0.0000	0.0000	0.0000	0.0000	0.0000	0.0000	0.0000	0.0000	0.9982	0.0000	0.0000	0.0000	0.0000	0.0000	0.0000	0.0000	0.0000	0.0000	0.0000	0.0000	0.0000	0.0000	0.0000	0.0000	0.0000	0.0000	0.0000	0.0000	0.0000	0.0000	0.0000	0.0000	0.0000	0.0000	0.0000	0.0000	0.0000	0.0000	0.0000	0.0000	0.0000	0.0000	0.0000	0.0000	0.0000	0.0000	0.0000	0.0000	0.0000	0.0000	0.0000	0.0000	0.0000	0.0000	0.0000	0.0000	0.0000	0.0000	0.0000	0.0000	0.0000	0.0000	0.0000											
49	101	0.1094	8	1	1	2	0	0	0	0	0	N	N	Y	N	N	N	N	N	N	N	N	N	0.0000	0.0000	0.0000	0.0000	0.0000	0.0000	0.0000	0.0000	0.0000	0.0000	0.0000	0.0000	0.0000	0.0000	0.0000	0.0000	0.0000	0.0000	0.0000	0.0000	0.0000	0.0000	0.0000	0.0000	0.0000	0.0000	0.0000	0.0000	0.0000	0.0000	0.0000	0.0000	0.0000	0.0000	0.0000	0.0000	0.0000	0.0000	0.0000	0.0000	0.0000	0.0000	0.0000	0.0000	0.0000	0.0000	0.0000	0.0000	0.0000	0.0000	0.0000	0.0000	0.0000	0.0000	0.0000	0.0000	0.0000	0.0000	0.0000	0.0000	0.0000	0.0000	0.0000	0.0000	0.0000	0.0000	0.0000	0.0000	0.0000	0.0000	0.0000	0.0000	0.0000	0.0000	0.0000	0.0000	0.0000	0.0000											
49	102	0.1094	7	1	0	2	0	0	0	0	0	N	N	Y	N	N	N	N	N	N	N	N	N	0.0000	0.0000	0.0000	0.0000	0.0000	0.0000	0.0000	0.0000	0.0000	0.0000	0.0000	0.0000	0.0000	0.0000	0.0000	0.0000	0.0000	0.0000	0.0000	0.0000	0.0000	0.0000	0.0000	0.0000	0.0000	0.0000	0.0000	0.0000	0.0000	0.0000	0.0000	0.0000	0.0000	0.0000	0.0000	0.0000	0.0000	0.0000	0.0000	0.0000	0.0000	0.0000	0.0000	0.0000	0.0000	0.0000	0.0000	0.0000	0.0000	0.0000	0.0000	0.0000	0.0000	0.0000	0.0000	0.0000	0.0000	0.0000	0.0000	0.0000	0.0000	0.0000	0.0000	0.0000	0.0000	0.0000	0.0000	0.0000	0.0000	0.0000	0.0000	0.0000	0.0000	0.0000	0.0000	0.0000	0.0000	0.0000											
49	103	0.1033	6	1	0	2	0	0	0	0	0	N	N	Y	N	N	N	N	N	N	N	N	N	0.0000	0.0000	0.0000	0.0000	0.0000	0.0000	0.0000	0.0000	0.0000	0.0000	0.0000	0.0000	0.0000	0.0000	0.0000	0.0000	0.0000	0.0000	0.0000	0.0000	0.0000	0.0000	0.0000	1.0091	0.0000	0.0000	0.0000	0.0000	0.0000	0.0000	0.0000	0.0000	0.0000	0.0000	0.0000	0.0000	0.0000	0.0000	0.0000	0.0000	0.0000	0.0000	0.0000	0.0000	0.0000	0.0000	0.0000	0.0000	0.0000	0.0000	0.0000	0.0000	0.0000	0.0000	0.0000	0.0000	0.0000	0.0000	0.0000	0.0000	0.0000	0.0000	0.0000	0.0000	0.0000	0.0000	0.0000	0.0000	0.0000	0.0000	0.0000	0.0000	0.0000	0.0000	0.0000	0.0000	0.0000	0.0000											
49	104	0.6308	8	0	1	1	0	0	0	0	0	N	N	N	N	N	N	N	N	N	N	N	N	0.0000	0.0000	0.0000	0.0000	0.0000	0.0000	0.0000	0.0000	0.0000	0.0000	0.0000	0.0000	0.0000	0.0000	0.0000	0.0000	0.0000	0.0000	0.0000	0.0000	0.0000	7.9994	0.0000	4.0001	0.0000	0.0000	0.0000	0.0000	0.0000	0.0000	0.0000	0.0000	0.0000	0.0000	0.0000	0.0000	0.0000	0.0000	0.0000	0.0000	0.0000	0.0000	0.0000	0.0000	0.0000	0.0000	0.0000	0.0000	0.0000	0.0000	0.0000	0.0000	0.0000	0.0000	0.0000	0.0000	0.0000	0.0000	0.0000	0.0000	0.0000	0.0000	0.0000	0.0000	0.0000	0.0000	0.0000	0.0000	0.0000	0.0000	0.0000	0.0000	0.0000	0.0000	0.0000	0.0000	0.0000	0.0000											
49	105	0.6933	12	1	0	2	0	0	0	0	0	N	N	Y	N	N	N	N	N	N	N	N	N	0.0000	0.0000	0.0000	0.0000	0.0000	0.0000	0.0000	0.0000	0.0000	0.0000	0.0000	0.0000	0.0000	0.0000	0.0000	0.0000	0.0000	0.0000	0.0000	0.0000	0.0000	1.0000	0.0000	1.0005	0.0000	0.0000	0.0000	0.0000	0.0000	0.0000	0.0000	0.0000	0.0000	0.0000	0.0000	0.0000	0.0000	0.0000	0.0000	0.0000	0.0000	0.0000	0.0000	0.0000	0.0000	0.0000	0.0000	0.0000	0.0000	0.0000	0.0000	0.0000	0.0000	0.0000	0.0000	0.0000	0.0000	0.0000	0.0000	0.0000	0.0000	0.0000	0.0000	0.0000	0.0000	0.0000	0.0000	0.0000	0.0000	0.0000	0.0000	0.0000	0.0000	0.0000	0.0000	0.0000	0.0000	0.0000											
49	106	0.6898	11	1	0	2	0	0	0	0	0	N	N	Y	N	N	N	N	N	N	N	N	N	0.0000	0.0000	0.0000	0.0000	0.0000	0.0000	0.0000	0.0000	0.0000	0.0000	0.0000	0.0000	0.0000	0.0000	0.0000	0.0000	0.0000	0.0000	0.0000	0.0000	0.0000	0.7249	0.0000	0.0368	0.0000	0.0000	0.0000	0.0000	0.0000	0.0000	0.0000	0.0000	0.0000	0.0000	0.0000	0.0000	0.0000	0.0000	0.0000	0.0000	0.0000	0.0000	0.0000	0.0000	0.0000	0.0000	0.0000	0.0000	0.0000	0.0000	0.0000	0.0000	0.0000	0.0000	0.0000	0.0000	0.0000	0.0000	0.0000	0.0000	0.0000	0.0000	0.0000	0.0000	0.0000	0.0000	0.0000	0.0000	0.0000	0.0000	0.0000	0.0000	0.0000	0.0000	0.0000	0.0000	0.0000	0.0000											
49	107	0.6883	10	1	0	2	0	0	0	0	0	N	N	Y	N	N	N	N	N	N	N	N	N	0.0000	0.0000	0.0000	0.0000	0.0000	0.0000	0.0000	0.0000	0.0000	0.0000	0.0000	0.0000	0.0000	0.0000	0.0000	0.0000	0.0000	0.0000	0.0000	0.0000	0.0000	0.4159	0.0000	0.0887	0.0000	0.0000	0.0000	0.0000	0.0000	0.0000	0.0000	0.0000	0.0000	0.0000	0.0000	0.0000	0.0000	0.0000	0.0000	0.0000	0.0000	0.0000	0.0000	0.0000	0.0000	0.0000	0.0000	0.0000	0.0000	0.0000	0.0000	0.0000	0.0000	0.0000	0.0000	0.0000	0.0000	0.0000	0.0000	0.0000	0.0000	0.0000	0.0000	0.0000	0.0000	0.0000	0.0000	0.0000	0.0000	0.0000	0.0000	0.0000	0.0000	0.0000	0.0000	0.0000	0.0000	0.0000											
49	108	0.6721	9	1	0	1	0	0	0	0	0	N	N	N	N	N	N	N	N	N	N	N	N	0.0000	0.0000	0.0000	0.0000	0.0000	0.0000	0.0000	0.0000	0.0000	0.0000	0.0000	0.0000	0.0000	0.0000	0.0000	0.0000	0.0000	0.0000	0.0000	0.0000	0.0000	3.9943	0.0000	0.9974	0.0000	0.0000	0.0000	0.0000	0.0000	0.0000	0.0000	0.0000	0.0000	0.0000	0.0000	0.0000	0.0000	0.0000	0.0000	0.0000	0.0000	0.0000	0.0000	0.0000	0.0000	0.0000	0.0000	0.0000	0.0000	0.0000	0.0000	0.0000	0.0000	0.0000	0.0000	0.0000	0.0000	0.0000	0.0000	0.0000	0.0000	0.0000	0.0000	0.0000	0.0000	0.0000	0.0000	0.0000	0.0000	0.0000	0.0000	0.0000	0.0000	0.0000	0.0000	0.0000	0.0000	0.0000											
49	109	0.1033	6	1	0	2	0	0	0	0	0	N	N	Y	N	N	N	N	N	N	N	N	N	0.0000	0.0000	0.0000	0.0000	0.0000	0.0000	0.0000	0.0000	0.0000	0.0000	0.0000	0.0000	0.0000	0.0000	0.0000	0.0000	0.0000	0.0000	0.0000	0.0000	0.0000	0.0000	0.0000	0.9909	0.0000	0.0000	0.0000	0.0000	0.0000	0.0000	0.0000	0.0000	0.0000	0.0000	0.0000	0.0000	0.0000	0.0000	0.0000	0.0000	0.0000	0.0000	0.0000	0.0000	0.0000	0.0000	0.0000	0.0000	0.0000	0.0000	0.0000	0.0000	0.0000	0.0000	0.0000	0.0000	0.0000	0.0000	0.0000	0.0000	0.0000	0.0000	0.0000	0.0000	0.0000	0.0000	0.0000	0.0000	0.0000	0.0000	0.0000	0.0000	0.0000	0.0000	0.0000	0.0000	0.0000	0.0000											
49	110	0.0747	5	1	0	2	0	0	0	0	0	N	N	Y	N	N	N	N	N	N	N	N	N	0.0000	0.0000	0.0000	0.0000	0.0000	0.0000	0.0000	0.0000	0.0000	0.0000	0.0000	0.0000	0.0000	0.0000	0.0000	0.0000	0.0000	0.0000	0.0000	0.0000	0.0000	4.0000	0.0000	0.0000	0.0000	0.0000	0.0000	0.0000	0.0000	0.0000	0.0000	0.0000	0.0000	0.0000	0.0000	0.0000	0.0000	0.0000	0.0000	0.0000	0.0000	0.0000	0.0000	0.0000	0.0000	0.0000	0.0000	0.0000	0.0000	0.0000	0.0000	0.0000	0.0000	0.0000	0.0000	0.0000	0.0000	0.0000	0.0000	0.0000	0.0000	0.0000	0.0000	0.0000	0.0000	0.0000	0.0000	0.0000	0.0000	0.0000	0.0000	0.0000	0.0000	0.0000	0.0000	0.0000	0.0000	0.0000											
49	112	0.6767	9	0	0	2	0	0	0	0	0	N	N	Y	N	N	N	N	N	N	N	N	N	0.0000	0.0000	0.0000	0.0000	0.0000	0.0000	0.0000	0.0000	0.0000	0.0000	0.0000	0.0000	0.0000	0.0000	0.0000	0.0000	0.0000	0.0000	0.0000	0.0000	0.0000	0.0000	0.0000	0.0001	0.0000	0.0000	0.0000	0.0000	0.0000	0.0000	0.0000	0.0000	0.0000	0.0000	0.0000	0.0000	0.0000	0.0000	0.0000	0.0000	0.0000	0.0000	0.0000	0.0000	0.0000	0.0000	0.0000	0.0000	0.0000	0.0000	0.0000	0.0000	0.0000	0.0000	0.0000	0.0000	0.0000	0.0000	0.0000	0.0000	0.0000	0.0000	0.0000	0.0000	0.0000	0.0000	0.0000	0.0000	0.0000	0.0000	0.0000	0.0000	0.0000	0.0000	0.0000	0.0000	0.0000	0.0000											
49	113	0.6308	8	0	0	2	0	0	0	0	0	N	N	Y	N	N	N	N	N	N	N	N	N	0.0000	0.0000	0.0000	0.0000	0.0000	0.0000	0.0000	0.0000	0.0000	0.0000	0.0000	0.0000	0.0000	0.0000	0.0000	0.0000	0.0000	0.0000	0.0000	0.0000	0.0000	4.0004	0.0000	4.9999	0.0000	0.0000	0.0000	0.0000	0.0000	0.0000	0.0000	0.0000	0.0000	0.0000	0.0000	0.0000	0.0000	0.0000	0.0000	0.0000	0.0000	0.0000	0.0000	0.0000	0.0000	0.0000	0.0000	0.0000	0.0000	0.0000	0.0000	0.0000	0.0000	0.0000	0.0000	0.0000	0.0000	0.0000	0.0000	0.0000	0.0000	0.0000	0.0000	0.0000	0.0000	0.0000	0.0000	0.0000	0.0000	0.0000	0.0000	0.0000	0.0000	0.0000	0.0000	0.0000	0.0000	0.0000											
49	114	0.0421	4	0	1	1	0	0	0	0	0	N	N	N	N	N	N	N	N	N	N	N	N	0.0000	0.0000	0.0000	0.0000	0.0000	0.0000	0.0000	0.0000	0.0000	0.0000	0.0000	0.0000	0.0000	0.0000	0.0000	0.0000	0.0000	0.0000	0.0000	0.0000	0.0000	4.3361	0.0000	4.6323	0.0000	0.0000	0.0000	0.0000	0.0000	0.0000	0.0000	0.0000	0.0000	0.0000	0.0000	0.0000	0.0000	0.0000	0.0000	0.0000	0.0000	0.0000	0.0000	0.0000	0.0000	0.0000	0.0000	0.0000	0.0000	0.0000	0.0000	0.0000	0.0000	0.0000	0.0000	0.0000	0.0000	0.0000	0.0000	0.0000	0.0000	0.0000	0.0000	0.0000	0.0000	0.0000	0.0000	0.0000	0.0000	0.0000	0.0000	0.0000	0.0000	0.0000	0.0000	0.0000	0.0000	0.0000											
49	116	0.6308	8	0	1	1	1	0	0	0	0	N	N	N	N	N	N	N	N	N	N	N	N	0.0000	0.0000	0.0000	0.0000	0.0000	0.0000	0.0000	0.0000	0.0000	0.0000	0.0000	0.0000	0.0000	0.0000	0.0000	0.0000	0.0000	0.0000	0.0000	0.0000	0.0000	5.0006	0.0000	2.0000	0.0000	0.0000	0.0000	0.0000	0.0000	0.0000	0.0000	0.0000	0.0000	0.0000	0.0000	0.0000	0.0000	0.0000	0.0000	0.0000	0.0000	0.0000	0.0000	0.0000	0.0000	0.0000	0.0000	0.0000	0.0000	0.0000	0.0000	0.0000	0.0000	0.0000	0.0000	0.0000	0.0000	0.0000	0.0000	0.0000	0.0000	0.0000	0.0000	0.0000	0.0000	0.0000	0.0000	0.0000	0.0000	0.0000	0.0000	0.0000	0.0000	0.0000	0.0000	0.0000	0.0000	0.0000											
49	117	0.0747	5	0	1	1	1	0	0	0	0	N	N	N	N	N	N	N	N	N	N	N	N	0.0000	0.0000	0.0000	0.0000	0.0000	0.0000	0.0000	0.0000	0.0000	0.0000	0.0000	0.0000	0.0000	0.0000	0.0000	0.0000	0.0000	0.0000	0.0000	0.0000	0.0000	0.0000	0.0000	1.0000	0.0000	0.0000	0.0000	0.0000	0.0000	0.0000	0.0000	0.0000	0.0000	0.0000	0.0000	0.0000	0.0000	0.0000	0.0000	0.0000	0.0000	0.0000	0.0000	0.0000	0.0000	0.0000	0.0000	0.0000	0.0000	0.0000	0.0000	0.0000	0.0000	0.0000	0.0000	0.0000	0.0000	0.0000	0.0000	0.0000	0.0000	0.0000	0.0000	0.0000	0.0000	0.0000	0.0000	0.0000	0.0000	0.0000	0.0000	0.0000	0.0000	0.0000	0.0000	0.0000	0.0000	0.0000											
49	118	0.6308	8	0	1	1	0	0	0	0	0	N	N	N	N	N	N	N	N	N	N	N	N	0.0000	0.0000	0.0000	0.0000	0.0000	0.0000	0.0000	0.0000	0.0000	0.0000	0.0000	0.0000	0.0000	0.0000	0.0000	0.0000	0.0000	0.0000	0.0000	0.0000	0.0000	16.9994	0.0000	6.0000	0.0000	0.0000	0.0000	0.0000	0.0000	0.0000	0.0000	0.0000	0.0000	0.0000	0.0000	0.0000	0.0000	0.0000	0.0000	0.0000	0.0000	0.0000	0.0000	0.0000	0.0000	0.0000	0.0000	0.0000	0.0000	0.0000	0.0000	0.0000	0.0000	0.0000	0.0000	0.0000	0.0000	0.0000	0.0000	0.0000	0.0000	0.0000	0.0000	0.0000	0.0000	0.0000	0.0000	0.0000	0.0000	0.0000	0.0000	0.0000	0.0000	0.0000	0.0000	0.0000	0.0000	0.0000											
49	119	0.0747	5	0	1	1	0	0	0	0	0	N	N	N	N	N	N	N	N	N	N	N	N	0.0000	0.0000	0.0000	0.0000	0.0000	0.0000	0.0000	0.0000	0.0000	0.0000	0.0000	0.0000	0.0000	0.0000	0.0000	0.0000	0.0000	0.0000	0.0000	0.0000	0.0000	5.0000	0.0000	6.0000	0.0000	0.0000	0.0000	0.0000	0.0000	0.0000	0.0000	0.0000	0.0000	0.0000	0.0000	0.0000	0.0000	0.0000	0.0000	0.0000	0.0000	0.0000	0.0000	0.0000	0.0000	0.0000	0.0000	0.0000	0.0000	0.0000	0.0000	0.0000	0.0000	0.0000	0.0000	0.0000	0.0000	0.0000	0.0000	0.0000	0.0000	0.0000	0.0000	0.0000	0.0000	0.0000	0.0000	0.0000	0.0000	0.0000	0.0000	0.0000	0.0000	0.0000	0.0000	0.0000	0.0000	0.0000											
49	120	0.1028	6	0	1	1	0	0	0	0	0	N	N	N	N	N	N	N	N	N	N	N	N	0.0000	0.0000	0.0000	0.0000	0.0000	0.0000	0.0000	0.0000	0.0000	0.0000	0.0000	0.0000	0.0000	0.0000	0.0000	0.0000	0.0000	0.0000	0.0000	0.0000	0.0000	0.9998	0.0000	0.9486	0.0000	0.0000	0.0000	0.0000	0.0000	0.0000	0.0000	0.0000	0.0000	0.0000	0.0000	0.0000	0.0000	0.0000	0.0000	0.0000	0.0000	0.0000	0.0000	0.0000	0.0000	0.0000	0.0000	0.0000	0.0000	0.0000	0.0000	0.0000	0.0000	0.0000	0.0000	0.0000	0.0000	0.0000	0.0000	0.0000	0.0000	0.0000	0.0000	0.0000	0.0000	0.0000	0.0000	0.0000	0.0000	0.0000	0.0000	0.0000	0.0000	0.0000	0.0000	0.0000	0.0000	0.0000											
49	121	0.0747	5	0	1	1	0	0	0	0	0	N	N	N	N	N	N	N	N	N	N	N	N	0.0000	0.0000	0.0000	0.0000	0.0000	0.0000	0.0000	0.0000	0.0000	0.0000	0.0000	0.0000	0.0000	0.0000	0.0000	0.0000	0.0000	0.0000	0.0000	0.0000	0.0000	3.0005	0.0000	1.1085	0.0000	0.0000	0.0000	0.0000	0.0000	0.0000	0.0000	0.0000	0.0000	0.0000	0.0000	0.0000	0.0000	0.0000	0.0000	0.0000	0.0000	0.0000	0.0000	0.0000	0.0000	0.0000	0.0000	0.0000	0.0000	0.0000	0.0000	0.0000	0.0000	0.0000	0.0000	0.0000	0.0000	0.0000	0.0000	0.0000	0.0000	0.0000	0.0000	0.0000	0.0000	0.0000	0.0000	0.0000	0.0000	0.0000	0.0000	0.0000	0.0000	0.0000	0.0000	0.0000	0.0000	0.0000											
49	122	0.6721	9	0	1	1	0	0	0	0	0	N	N	N	N	N	N	N	N	N	N	N	N	0.0000	0.0000	0.0000	0.0000	0.0000	0.0000	0.0000	0.0000	0.0000	0.0000	0.0000	0.0000	0.0000	0.0000	0.0000	0.0000	0.0000	0.0000	0.0000	0.0000	0.0000	2.0001	0.0000	3.0000	0.0000	0.0000	0.0000	0.0000	0.0000	0.0000	0.0000	0.0000	0.0000	0.0000	0.0000	0.0000	0.0000	0.0000	0.0000	0.0000	0.0000	0.0000	0.0000	0.0000	0.0000	0.0000	0.0000	0.0000	0.0000	0.0000	0.0000	0.0000	0.0000	0.0000	0.0000	0.0000	0.0000	0.0000	0.0000	0.0000	0.0000	0.0000	0.0000	0.0000	0.0000	0.0000	0.0000	0.0000	0.0000	0.0000	0.0000	0.0000	0.0000	0.0000	0.0000	0.0000	0.0000	0.0000											
49	123	0.6308	8	0	0	1	0	0	0	0	0	N	N	N	N	N	N	N	N	N	N	N	N	0.0000	0.0000	0.0000	0.0000	0.0000	0.0000	0.0000	0.0000	0.0000	0.0000	0.0000	0.0000	0.0000	0.0000	0.0000	0.0000	0.0000	0.0000	0.0000	0.0000	0.0000	6.9986	0.0000	2.0000	0.0000	0.0000	0.0000	0.0000	0.0000	0.0000	0.0000	0.0000	0.0000	0.0000	0.0000	0.0000	0.0000	0.0000	0.0000	0.0000	0.0000	0.0000	0.0000	0.0000	0.0000	0.0000	0.0000	0.0000	0.0000	0.0000	0.0000	0.0000	0.0000	0.0000	0.0000	0.0000	0.0000	0.0000	0.0000	0.0000	0.0000	0.0000	0.0000	0.0000	0.0000	0.0000	0.0000	0.0000	0.0000	0.0000	0.0000	0.0000	0.0000	0.0000	0.0000	0.0000	0.0000	0.0000											
49	124	0.1082	6	0	1	1	0	0	0	0	0	N	N	N	N	N	N	N	N	N	N	N	N	0.0000	0.0000	0.0000	0.0000	0.0000	0.0000	0.0000	0.0000	0.0000	0.0000	0.0000	0.0000	0.0000	0.0000	0.0000	0.0000	0.0000	0.0000	0.0000	0.0000	0.0000	3.9006	0.0000	3.1543	0.0000	0.0000	0.0000	0.0000	0.0000	0.0000	0.0000	0.0000	0.0000	0.0000	0.0000	0.0000	0.0000	0.0000	0.0000	0.0000	0.0000	0.0000	0.0000	0.0000	0.0000	0.0000	0.0000	0.0000	0.0000	0.0000	0.0000	0.0000	0.0000	0.0000	0.0000	0.0000	0.0000	0.0000	0.0000	0.0000	0.0000	0.0000	0.0000	0.0000	0.0000	0.0000	0.0000	0.0000	0.0000	0.0000	0.0000	0.0000	0.0000	0.0000	0.0000	0.0000	0.0000	0.0000											
49	125	0.0747	5	0	1	1	0	0	0	0	0	N	N	N	N	N	N	N	N	N	N	N	N	0.0000	0.0000	0.0000	0.0000	0.0000	0.0000	0.0000	0.0000	0.0000	0.0000	0.0000	0.0000	0.0000	0.0000	0.0000	0.0000	0.0000	0.0000	0.0000	0.0000	0.0000	1.6924	0.0000	1.9110	0.0000	0.0000	0.0000	0.0000	0.0000	0.0000	0.0000	0.0000	0.0000	0.0000	0.0000	0.0000	0.0000	0.0000	0.0000	0.0000	0.0000	0.0000	0.0000	0.0000	0.0000	0.0000	0.0000	0.0000	0.0000	0.0000	0.0000	0.0000	0.0000	0.0000	0.0000	0.0000	0.0000	0.0000	0.0000	0.0000	0.0000	0.0000	0.0000	0.0000	0.0000	0.0000	0.0000	0.0000	0.0000	0.0000	0.0000	0.0000	0.0000	0.0000	0.0000	0.0000	0.0000	0.0000											
49	126	0.6308	8	0	1	1	0	0	0	0	0	N	N	N	N	N	N	N	N	N	N	N	N	0.0000	0.0000	0.0000	0.0000	0.0000	0.0000	0.0000	0.0000	0.0000	0.0000	0.0000	0.0000	0.0000	0.0000	0.0000	0.0000	0.0000	0.0000	0.0000	0.0000	0.0000	0.9996	0.0000	8.0005	0.0000	0.0000	0.0000	0.0000	0.0000	0.0000	0.0000	0.0000	0.0000	0.0000	0.0000	0.0000	0.0000	0.0000	0.0000	0.0000	0.0000	0.0000	0.0000	0.0000	0.0000	0.0000	0.0000	0.0000	0.0000	0.0000	0.0000	0.0000	0.0000	0.0000	0.0000	0.0000	0.0000	0.0000	0.0000	0.0000	0.0000	0.0000	0.0000	0.0000	0.0000	0.0000	0.0000	0.0000	0.0000	0.0000	0.0000	0.0000	0.0000	0.0000	0.0000	0.0000	0.0000	0.0000											
49	127	0.5362	8	0	0	1	0	0	0	0	0	N	N	N	N	N	N	N	N	N	N	N	N	0.0000	0.0000	0.0000	0.0000	0.0000	0.0000	0.0000	0.0000	0.0000	0.0000	0.0000	0.0000	0.0000	0.0000	0.0000	0.0000	0.0000	0.0000	0.0000	0.0000	0.0000	3.6536	0.0000	12.3970	0.0000	0.0000	0.0000	0.0000	0.0000	0.0000	0.0000	0.0000	0.0000	0.0000	0.0000	0.0000	0.0000	0.0000	0.0000	0.0000	0.0000	0.0000	0.0000	0.0000	0.0000	0.0000	0.0000	0.0000	0.0000	0.0000	0.0000	0.0000	0.0000	0.0000	0.0000	0.0000	0.0000	0.0000	0.0000	0.0000	0.0000	0.0000	0.0000	0.0000	0.0000	0.0000	0.0000	0.0000	0.0000	0.0000	0.0000	0.0000	0.0000	0.0000	0.0000	0.0000	0.0000	0.0000											
49	128	0.3251	6	0	0	1	0	0	0	0	0	N	N	N	N	N	N	N	N	N	N	N	N	0.0000	0.0000	0.0000	0.0000	0.0000	0.0000	0.0000	0.0000	0.0000	0.0000	0.0000	0.0000	0.0000	0.0000	0.0000	0.0000	0.0000	0.0000	0.0000	0.0000	0.0000	5.3495	0.0000	12.4099	0.0000	0.0000	0.0000	0.0000	0.0000	0.0000	0.0000	0.0000	0.0000	0.0000	0.0000	0.0000	0.0000	0.0000	0.0000	0.0000	0.0000	0.0000	0.0000	0.0000	0.0000	0.0000	0.0000	0.0000	0.0000	0.0000	0.0000	0.0000	0.0000	0.0000	0.0000	0.0000	0.0000	0.0000	0.0000	0.0000	0.0000	0.0000	0.0000	0.0000	0.0000	0.0000	0.0000	0.0000	0.0000	0.0000	0.0000	0.0000	0.0000	0.0000	0.0000	0.0000	0.0000	0.0000											
49	129	0.7423	14	0	1	1	1	0	0	0	0	N	N	N	N	N	N	N	N	N	N	N	N	0.0000	0.0000	0.0000	0.0000	0.0000	0.0000	0.0000	0.0000	0.0000	0.0000	0.0000	0.0000	0.0000	0.0000	0.0000	0.0000	0.0000	0.0000	0.0000	0.0000	0.0000	0.0000	0.0000	0.0000	0.0000	0.0000	0.0000	0.0000	0.0000	0.0000	0.0000	0.0000	0.0000	0.0000	0.0000	0.0000	0.0000	0.0000	0.0000	0.0000	0.0000	0.0000	0.0000	0.0000	0.0000	0.0000	0.0000	0.0000	0.0000	0.0000	0.0000	0.0000	0.0000	0.0000	0.0000	0.0000	0.0000	0.0000	0.0000	0.0000	0.0000	0.0000	0.0000	0.0000	0.0000	0.0000	0.0000	0.0000	0.0000	0.0000	0.0000	0.0000	0.0000	0.0000	0.0000	0.0000	0.0000	0.0000											
49	130	0.7260	13	0	1	1	1	0	0	0	0	N	N	N	N	N	N	N	N	N	N	N	N	0.0000	0.0000	0.0000	0.0000	0.0000	0.0000	0.0000	0.0000	0.0000	0.0000	0.0000	0.0000	0.0000	0.0000	0.0000	0.0000	0.0000	0.0000	0.0000	0.0000	0.0000	0.0000	0.0000	3.0001	0.0000	0.0000	0.0000	0.0000	0.0000	0.0000	0.0000	0.0000	0.0000	0.0000	0.0000	0.0000	0.0000	0.0000	0.0000	0.0000	0.0000	0.0000	0.0000	0.0000	0.0000	0.0000	0.0000	0.0000	0.0000	0.0000	0.0000	0.0000	0.0000	0.0000	0.0000	0.0000	0.0000	0.0000	0.0000	0.0000	0.0000	0.0000	0.0000	0.0000	0.0000	0.0000	0.0000	0.0000	0.0000	0.0000	0.0000	0.0000	0.0000	0.0000	0.0000	0.0000	0.0000	0.0000											
49	131	0.7163	12	0	1	1	0	0	0	0	0	N	N	N	N	N	N	N	N	N	N	N	N	0.0000	0.0000	0.0000	0.0000	0.0000	0.0000	0.0000	0.0000	0.0000	0.0000	0.0000	0.0000	0.0000	0.0000	0.0000	0.0000	0.0000	0.0000	0.0000	0.0000	0.0000	0.0000	0.0000	0.0000	0.0000	0.0000	0.0000	0.0000	0.0000	0.0000	0.0000	0.0000	0.0000	0.0000	0.0000	0.0000	0.0000	0.0000	0.0000	0.0000	0.0000	0.0000	0.0000	0.0000	0.0000	0.0000	0.0000	0.0000	0.0000	0.0000	0.0000	0.0000	0.0000	0.0000	0.0000	0.0000	0.0000	0.0000	0.0000	0.0000	0.0000	0.0000	0.0000	0.0000	0.0000	0.0000	0.0000	0.0000	0.0000	0.0000	0.0000	0.0000	0.0000	0.0000	0.0000	0.0000	0.0000	0.0000											
49	132	0.7260	13	0	0	2	1	0	0	0	0	N	N	Y	N	N	N	N	N	N	N	N	N	0.0000	0.0000	0.0000	0.0000	0.0000	0.0000	0.0000	0.0000	0.0000	0.0000	0.0000	0.0000	0.0000	0.0000	0.0000	0.0000	0.0000	0.0000	0.0000	0.0000	0.0000	0.0000	0.0000	1.9999	0.0000	0.0000	0.0000	0.0000	0.0000	0.0000	0.0000	0.0000	0.0000	0.0000	0.0000	0.0000	0.0000	0.0000	0.0000	0.0000	0.0000	0.0000	0.0000	0.0000	0.0000	0.0000	0.0000	0.0000	0.0000	0.0000	0.0000	0.0000	0.0000	0.0000	0.0000	0.0000	0.0000	0.0000	0.0000	0.0000	0.0000	0.0000	0.0000	0.0000	0.0000	0.0000	0.0000	0.0000	0.0000	0.0000	0.0000	0.0000	0.0000	0.0000	0.0000	0.0000	0.0000	0.0000											
49	133	0.7370	14	0	0	2	1	0	0	0	0	N	N	Y	N	N	N	N	N	N	N	N	N	0.0000	0.0000	0.0000	0.0000	0.0000	0.0000	0.0000	0.0000	0.0000	0.0000	0.0000	0.0000	0.0000	0.0000	0.0000	0.0000	0.0000	0.0000	0.0000	0.0000	0.0000	1.0000	0.0000	0.0000	0.0000	0.0000	0.0000	0.0000	0.0000	0.0000	0.0000	0.0000	0.0000	0.0000	0.0000	0.0000	0.0000	0.0000	0.0000	0.0000	0.0000	0.0000	0.0000	0.0000	0.0000	0.0000	0.0000	0.0000	0.0000	0.0000	0.0000	0.0000	0.0000	0.0000	0.0000	0.0000	0.0000	0.0000	0.0000	0.0000	0.0000	0.0000	0.0000	0.0000	0.0000	0.0000	0.0000	0.0000	0.0000	0.0000	0.0000	0.0000	0.0000	0.0000	0.0000	0.0000	0.0000	0.0000											
49	134	0.7370	14	0	0	2	1	0	0	0	0	N	N	Y	N	N	N	N	N	N	N	N	N	0.0000	0.0000	0.0000	0.0000	0.0000	0.0000	0.0000	0.0000	0.0000	0.0000	0.0000	0.0000	0.0000	0.0000	0.0000	0.0000	0.0000	0.0000	0.0000	0.0000	0.0000	0.0000	0.0000	0.0000	0.0000	0.0000	0.0000	0.0000	0.0000	0.0000	0.0000	0.0000	0.0000	0.0000	0.0000	0.0000	0.0000	0.0000	0.0000	0.0000	0.0000	0.0000	0.0000	0.0000	0.0000	0.0000	0.0000	0.0000	0.0000	0.0000	0.0000	0.0000	0.0000	0.0000	0.0000	0.0000	0.0000	0.0000	0.0000	0.0000	0.0000	0.0000	0.0000	0.0000	0.0000	0.0000	0.0000	0.0000	0.0000	0.0000	0.0000	0.0000	0.0000	0.0000	0.0000	0.0000	0.0000	0.0000											
49	135	0.7260	13	0	0	2	1	0	0	0	0	N	N	Y	N	N	N	N	N	N	N	N	N	0.0000	0.0000	0.0000	0.0000	0.0000	0.0000	0.0000	0.0000	0.0000	0.0000	0.0000	0.0000	0.0000	0.0000	0.0000	0.0000	0.0000	0.0000	0.0000	0.0000	0.0000	2.0025	0.0000	0.9943	0.0000	0.0000	0.0000	0.0000	0.0000	0.0000	0.0000	0.0000	0.0000	0.0000	0.0000	0.0000	0.0000	0.0000	0.0000	0.0000	0.0000	0.0000	0.0000	0.0000	0.0000	0.0000	0.0000	0.0000	0.0000	0.0000	0.0000	0.0000	0.0000	0.0000	0.0000	0.0000	0.0000	0.0000	0.0000	0.0000	0.0000	0.0000	0.0000	0.0000	0.0000	0.0000	0.0000	0.0000	0.0000	0.0000	0.0000	0.0000	0.0000	0.0000	0.0000	0.0000	0.0000	0.0000											
49	136	0.7260	12	0	0	1	1	0	0	0	0	N	N	N	N	N	N	N	N	N	N	N	N	0.0000	0.0000	0.0000	0.0000	0.0000	0.0000	0.0000	0.0000	0.0000	0.0000	0.0000	0.0000	0.0000	0.0000	0.0000	0.0000	0.0000	0.0000	0.0000	0.0000	0.0000	0.0050	0.0000	0.0173	0.0000	0.0000	0.0000	0.0000	0.0000	0.0000	0.0000	0.0000	0.0000	0.0000	0.0000	0.0000	0.0000	0.0000	0.0000	0.0000	0.0000	0.0000	0.0000	0.0000	0.0000	0.0000	0.0000	0.0000	0.0000	0.0000	0.0000	0.0000	0.0000	0.0000	0.0000	0.0000	0.0000	0.0000	0.0000	0.0000	0.0000	0.0000	0.0000	0.0000	0.0000	0.0000	0.0000	0.0000	0.0000	0.0000	0.0000	0.0000	0.0000	0.0000	0.0000	0.0000	0.0000	0.0000											
49	137	0.7163	11	0	0	1	1	0	0	0	0	N	N	N	N	N	N	N	N	N	N	N	N	0.0000	0.0000	0.0000	0.0000	0.0000	0.0000	0.0000	0.0000	0.0000	0.0000	0.0000	0.0000	0.0000	0.0000	0.0000	0.0000	0.0000	0.0000	0.0000	0.0000	0.0000	1.9972	0.0000	1.0076	0.0000	0.0000	0.0000	0.0000	0.0000	0.0000	0.0000	0.0000	0.0000	0.0000	0.0000	0.0000	0.0000	0.0000	0.0000	0.0000	0.0000	0.0000	0.0000	0.0000	0.0000	0.0000	0.0000	0.0000	0.0000	0.0000	0.0000	0.0000	0.0000	0.0000	0.0000	0.0000	0.0000	0.0000	0.0000	0.0000	0.0000	0.0000	0.0000	0.0000	0.0000	0.0000	0.0000	0.0000	0.0000	0.0000	0.0000	0.0000	0.0000	0.0000	0.0000	0.0000	0.0000	0.0000											
49	138	0.6991	10	1	1	1	0	0	0	0	0	N	N	N	N	N	N	N	N	N	N	N	N	0.0000	0.0000	0.0000	0.0000	0.0000	0.0000	0.0000	0.0000	0.0000	0.0000	0.0000	0.0000	0.0000	0.0000	0.0000	0.0000	0.0000	0.0000	0.0000	0.0000	0.0000	0.0002	0.0000	2.3255	0.0000	0.0000	0.0000	0.0000	0.0000	0.0000	0.0000	0.0000	0.0000	0.0000	0.0000	0.0000	0.0000	0.0000	0.0000	0.0000	0.0000	0.0000	0.0000	0.0000	0.0000	0.0000	0.0000	0.0000	0.0000	0.0000	0.0000	0.0000	0.0000	0.0000	0.0000	0.0000	0.0000	0.0000	0.0000	0.0000	0.0000	0.0000	0.0000	0.0000	0.0000	0.0000	0.0000	0.0000	0.0000	0.0000	0.0000	0.0000	0.0000	0.0000	0.0000	0.0000	0.0000	0.0000											
49	139	0.6812	9	1	1	1	0	0	0	0	0	N	N	N	N	N	N	N	N	N	N	N	N	0.0000	0.0000	0.0000	0.0000	0.0000	0.0000	0.0000	0.0000	0.0000	0.0000	0.0000	0.0000	0.0000	0.0000	0.0000	0.0000	0.0000	0.0000	0.0000	0.0000	0.0000	2.0138	0.0000	2.7349	0.0000	0.0000	0.0000	0.0000	0.0000	0.0000	0.0000	0.0000	0.0000	0.0000	0.0000	0.0000	0.0000	0.0000	0.0000	0.0000	0.0000	0.0000	0.0000	0.0000	0.0000	0.0000	0.0000	0.0000	0.0000	0.0000	0.0000	0.0000	0.0000	0.0000	0.0000	0.0000	0.0000	0.0000	0.0000	0.0000	0.0000	0.0000	0.0000	0.0000	0.0000	0.0000	0.0000	0.0000	0.0000	0.0000	0.0000	0.0000	0.0000	0.0000	0.0000	0.0000	0.0000	0.0000											
49	140	0.6977	10	0	1	1	0	0	0	0	0	N	N	N	N	N	N	N	N	N	N	N	N	0.0000	0.0000	0.0000	0.0000	0.0000	0.0000	0.0000	0.0000	0.0000	0.0000	0.0000	0.0000	0.0000	0.0000	0.0000	0.0000	0.0000	0.0000	0.0000	0.0000	0.0000	1.9232	0.0000	1.1116	0.0000	0.0000	0.0000	0.0000	0.0000	0.0000	0.0000	0.0000	0.0000	0.0000	0.0000	0.0000	0.0000	0.0000	0.0000	0.0000	0.0000	0.0000	0.0000	0.0000	0.0000	0.0000	0.0000	0.0000	0.0000	0.0000	0.0000	0.0000	0.0000	0.0000	0.0000	0.0000	0.0000	0.0000	0.0000	0.0000	0.0000	0.0000	0.0000	0.0000	0.0000	0.0000	0.0000	0.0000	0.0000	0.0000	0.0000	0.0000	0.0000	0.0000	0.0000	0.0000	0.0000	0.0000											
49	141	0.0939	6	0	1	1	0	0	0	0	0	N	N	N	N	N	N	N	N	N	N	N	N	0.0000	0.0000	0.0000	0.0000	0.0000	0.0000	0.0000	0.0000	0.0000	0.0000	0.0000	0.0000	0.0000	0.0000	0.0000	0.0000	0.0000	0.0000	0.0000	0.0000	0.0000	3.0000	0.0000	1.0000	0.0000	0.0000	0.0000	0.0000	0.0000	0.0000	0.0000	0.0000	0.0000	0.0000	0.0000	0.0000	0.0000	0.0000	0.0000	0.0000	0.0000	0.0000	0.0000	0.0000	0.0000	0.0000	0.0000	0.0000	0.0000	0.0000	0.0000	0.0000	0.0000	0.0000	0.0000	0.0000	0.0000	0.0000	0.0000	0.0000	0.0000	0.0000	0.0000	0.0000	0.0000	0.0000	0.0000	0.0000	0.0000	0.0000	0.0000	0.0000	0.0000	0.0000	0.0000	0.0000	0.0000	0.0000											
49	142	0.0747	5	0	0	1	0	0	0	0	0	N	N	N	N	N	N	N	N	N	N	N	N	0.0000	0.0000	0.0000	0.0000	0.0000	0.0000	0.0000	0.0000	0.0000	0.0000	0.0000	0.0000	0.0000	0.0000	0.0000	0.0000	0.0000	0.0000	0.0000	0.0000	0.0000	1.0000	0.0000	1.0000	0.0000	0.0000	0.0000	0.0000	0.0000	0.0000	0.0000	0.0000	0.0000	0.0000	0.0000	0.0000	0.0000	0.0000	0.0000	0.0000	0.0000	0.0000	0.0000	0.0000	0.0000	0.0000	0.0000	0.0000	0.0000	0.0000	0.0000	0.0000	0.0000	0.0000	0.0000	0.0000	0.0000	0.0000	0.0000	0.0000	0.0000	0.0000	0.0000	0.0000	0.0000	0.0000	0.0000	0.0000	0.0000	0.0000	0.0000	0.0000	0.0000	0.0000	0.0000	0.0000	0.0000	0.0000											
49	145	0.7163	12	1	1	1	0	0	0	0	0	N	N	N	N	N	N	N	N	N	N	N	N	0.0000	0.0000	0.0000	0.0000	0.0000	0.0000	0.0000	0.0000	0.0000	0.0000	0.0000	0.0000	0.0000	0.0000	0.0000	0.0000	0.0000	0.0000	0.0000	0.0000	0.0000	1.0000	0.0000	1.0000	0.0000	0.0000	0.0000	0.0000	0.0000	0.0000	0.0000	0.0000	0.0000	0.0000	0.0000	0.0000	0.0000	0.0000	0.0000	0.0000	0.0000	0.0000	0.0000	0.0000	0.0000	0.0000	0.0000	0.0000	0.0000	0.0000	0.0000	0.0000	0.0000	0.0000	0.0000	0.0000	0.0000	0.0000	0.0000	0.0000	0.0000	0.0000	0.0000	0.0000	0.0000	0.0000	0.0000	0.0000	0.0000	0.0000	0.0000	0.0000	0.0000	0.0000	0.0000	0.0000	0.0000	0.0000											
49	146	0.7163	11	0	1	1	0	0	0	0	0	N	N	N	N	N	N	N	N	N	N	N	N	0.0000	0.0000	0.0000	0.0000	0.0000	0.0000	0.0000	0.0000	0.0000	0.0000	0.0000	0.0000	0.0000	0.0000	0.0000	0.0000	0.0000	0.0000	0.0000	0.0000	0.0000	0.0003	0.0000	0.0000	0.0000	0.0000	0.0000	0.0000	0.0000	0.0000	0.0000	0.0000	0.0000	0.0000	0.0000	0.0000	0.0000	0.0000	0.0000	0.0000	0.0000	0.0000	0.0000	0.0000	0.0000	0.0000	0.0000	0.0000	0.0000	0.0000	0.0000	0.0000	0.0000	0.0000	0.0000	0.0000	0.0000	0.0000	0.0000	0.0000	0.0000	0.0000	0.0000	0.0000	0.0000	0.0000	0.0000	0.0000	0.0000	0.0000	0.0000	0.0000	0.0000	0.0000	0.0000	0.0000	0.0000	0.0000											
49	147	0.6977	10	0	0	1	0	0	0	0	0	N	N	N	N	N	N	N	N	N	N	N	N	0.0000	0.0000	0.0000	0.0000	0.0000	0.0000	0.0000	0.0000	0.0000	0.0000	0.0000	0.0000	0.0000	0.0000	0.0000	0.0000	0.0000	0.0000	0.0000	0.0000	0.0000	4.9449	0.0000	1.0063	0.0000	0.0000	0.0000	0.0000	0.0000	0.0000	0.0000	0.0000	0.0000	0.0000	0.0000	0.0000	0.0000	0.0000	0.0000	0.0000	0.0000	0.0000	0.0000	0.0000	0.0000	0.0000	0.0000	0.0000	0.0000	0.0000	0.0000	0.0000	0.0000	0.0000	0.0000	0.0000	0.0000	0.0000	0.0000	0.0000	0.0000	0.0000	0.0000	0.0000	0.0000	0.0000	0.0000	0.0000	0.0000	0.0000	0.0000	0.0000	0.0000	0.0000	0.0000	0.0000	0.0000	0.0000											
49	148	0.6812	9	0	0	1	0	0	0	0	0	N	N	N	N	N	N	N	N	N	N	N	N	0.0000	0.0000	0.0000	0.0000	0.0000	0.0000	0.0000	0.0000	0.0000	0.0000	0.0000	0.0000	0.0000	0.0000	0.0000	0.0000	0.0000	0.0000	0.0000	0.0000	0.0000	3.4778	0.0000	1.2917	0.0000	0.0000	0.0000	0.0000	0.0000	0.0000	0.0000	0.0000	0.0000	0.0000	0.0000	0.0000	0.0000	0.0000	0.0000	0.0000	0.0000	0.0000	0.0000	0.0000	0.0000	0.0000	0.0000	0.0000	0.0000	0.0000	0.0000	0.0000	0.0000	0.0000	0.0000	0.0000	0.0000	0.0000	0.0000	0.0000	0.0000	0.0000	0.0000	0.0000	0.0000	0.0000	0.0000	0.0000	0.0000	0.0000	0.0000	0.0000	0.0000	0.0000	0.0000	0.0000	0.0000	0.0000											
49	149	0.6308	8	0	0	1	0	0	0	0	0	N	N	N	N	N	N	N	N	N	N	N	N	0.0000	0.0000	0.0000	0.0000	0.0000	0.0000	0.0000	0.0000	0.0000	0.0000	0.0000	0.0000	0.0000	0.0000	0.0000	0.0000	0.0000	0.0000	0.0000	0.0000	0.0000	7.8050	0.0000	4.0035	0.0000	0.0000	0.0000	0.0000	0.0000	0.0000	0.0000	0.0000	0.0000	0.0000	0.0000	0.0000	0.0000	0.0000	0.0000	0.0000	0.0000	0.0000	0.0000	0.0000	0.0000	0.0000	0.0000	0.0000	0.0000	0.0000	0.0000	0.0000	0.0000	0.0000	0.0000	0.0000	0.0000	0.0000	0.0000	0.0000	0.0000	0.0000	0.0000	0.0000	0.0000	0.0000	0.0000	0.0000	0.0000	0.0000	0.0000	0.0000	0.0000	0.0000	0.0000	0.0000	0.0000	0.0000											
49	150	0.5362	8	0	0	1	0	0	0	0	0	N	N	N	N	N	N	N	N	N	N	N	N	0.0000	0.0000	0.0000	0.0000	0.0000	0.0000	0.0000	0.0000	0.0000	0.0000	0.0000	0.0000	0.0000	0.0000	0.0000	0.0000	0.0000	0.0000	0.0000	0.0000	0.0000	3.7255	0.0000	14.1767	0.0000	0.0000	0.0000	0.0000	0.0000	0.0000	0.0000	0.0000	0.0000	0.0000	0.0000	0.0000	0.0000	0.0000	0.0000	0.0000	0.0000	0.0000	0.0000	0.0000	0.0000	0.0000	0.0000	0.0000	0.0000	0.0000	0.0000	0.0000	0.0000	0.0000	0.0000	0.0000	0.0000	0.0000	0.0000	0.0000	0.0000	0.0000	0.0000	0.0000	0.0000	0.0000	0.0000	0.0000	0.0000	0.0000	0.0000	0.0000	0.0000	0.0000	0.0000	0.0000	0.0000	0.0000											
49	151	0.5199	7	0	0	1	0	0	0	0	0	N	N	N	N	N	N	N	N	N	N	N	N	0.0000	0.0000	0.0000	0.0000	0.0000	0.0000	0.0000	0.0000	0.0000	0.0000	0.0000	0.0000	0.0000	0.0000	0.0000	0.0000	0.0000	0.0000	0.0000	0.0000	0.0000	1.4205	0.0000	4.0377	0.0000	0.0000	0.0000	0.0000	0.0000	0.0000	0.0000	0.0000	0.0000	0.0000	0.0000	0.0000	0.0000	0.0000	0.0000	0.0000	0.0000	0.0000	0.0000	0.0000	0.0000	0.0000	0.0000	0.0000	0.0000	0.0000	0.0000	0.0000	0.0000	0.0000	0.0000	0.0000	0.0000	0.0000	0.0000	0.0000	0.0000	0.0000	0.0000	0.0000	0.0000	0.0000	0.0000	0.0000	0.0000	0.0000	0.0000	0.0000	0.0000	0.0000	0.0000	0.0000	0.0000	0.0000											
50	51	0.0791	3	0	1	1	0	0	0	0	0	N	N	N	N	N	N	N	N	N	N	N	N	0.0000	0.0000	0.0000	0.0000	0.0000	0.0000	0.0000	0.0000	0.0000	0.0000	0.0000	0.0000	0.0000	0.0000	0.0000	0.0000	0.0000	0.0000	0.0000	0.0000	1.0000	0.0003	1.0000	0.9690	0.0000	0.0000	0.0000	0.0000	0.0000	0.0000	0.0000	0.0000	0.0000	0.0000	0.0000	0.0000	0.0000	0.0000	0.0000	0.0000	0.0000	0.0000	0.0001	0.0000	0.0000	0.0000	0.0000	0.0000	0.0000	0.0000	0.0000	0.0094	0.0067	0.0027	0.0044	0.0038	0.0007	0.0050	0.0030	0.0020	0.0000	0.0000	0.0000	0.0000	0.0000	0.0000	0.0000	0.0000	0.0000	0.0000	0.0000	0.0000	0.0000	0.0000	0.0000	0.0000	0.0000	0.0000											
50	52	0.7068	10	0	1	1	0	0	0	0	0	N	N	N	N	N	N	N	N	N	N	N	N	0.0000	0.0000	0.0000	0.0000	0.0000	0.0000	0.0000	0.0000	0.0000	0.0000	0.0000	0.0000	0.0000	0.0139	0.0156	0.0000	0.0000	0.0000	0.0000	0.0290	0.6426	0.0000	0.0000	0.0000	-0.0000	1.0000	0.9211	1.0000	0.1671	0.0000	0.0000	0.0000	0.0000	0.0000	0.0000	0.0000	0.0000	0.0000	0.0000	0.0000	0.0000	0.0000	0.0000	0.0000	0.0000	0.0000	0.0000	0.0332	0.0299	0.0033	0.0208	0.0193	0.0015	0.0124	0.0106	0.0018	0.0068	0.0049	0.0019	0.0042	0.0037	0.0005	0.0025	0.0012	0.0014	0.0000	0.0000	0.0000	0.0000	0.0000	0.0000	0.0000	0.0000	0.0000	0.0015	0.0020	0.0000	0.0000	0.0000	0.0000	0.0040	0.0087	0.0000						
50	53	0.0655	4	0	1	1	0	0	0	0	0	N	N	N	N	N	N	N	N	N	N	N	N	0.0000	0.0000	0.0000	0.0000	0.0000	0.0000	0.0000	0.0000	0.0000	0.0000	0.0000	0.0000	0.0000	0.0000	0.0000	0.0000	0.0000	0.0000	0.0000	0.0000	1.0000	1.0000	1.0000	5.0000	0.0000	0.0000	0.0000	0.0000	0.0000	0.0000	0.0000	0.0000	0.0000	0.0000	0.0000	0.0000	0.0000	0.0000	0.0000	0.0000	0.0000	0.0000	0.0316	0.0277	0.0038	0.0075	0.0069	0.0006	0.0241	0.0209	0.0032	0.0303	0.0152	0.0151	0.0010	0.0008	0.0002	0.0293	0.0144	0.0149	0.0000	0.0000	0.0000	0.0000	0.0000	0.0000	0.0000	0.0000	0.0000	0.0000	0.0000	0.0000	0.0000	0.0000	0.0000	0.0000	0.0000	0.0000											
50	54	0.0503	3	0	0	1	0	0	0	0	0	N	N	N	N	N	N	N	N	N	N	N	N	0.0000	0.0000	0.0000	0.0000	0.0000	0.0000	0.0000	0.0000	0.0000	0.0000	0.0000	0.0000	0.0000	6.1179	12.0892	0.0000	57.3502	59.7824	0.0000	0.0000	0.0000	0.0000	0.0000	0.0000	-0.0599	1.0000	0.0000	1.0000	2.9157	0.0000	0.0000	0.0000	0.0000	0.0000	0.0000	0.0000	0.0000	0.0000	0.1148	0.1148	0.0000	0.1148	0.1148	0.0000	0.0000	0.0000	0.0000	0.0000	0.0000	0.0000	0.0000	0.0000	0.0000	0.0000	0.0000	0.0000	0.0188	0.0095	0.0093	0.0020	0.0019	0.0001	0.0168	0.0076	0.0092	0.0000	0.0000	0.0000	0.0000	0.0000	0.0000	0.0000	0.0000	0.0000	6.1179	12.0892	0.0000	57.3502	59.7824	0.0000	0.0000	0.0000	0.0000						
50	55	0.6828	9	0	1	1	0	0	0	0	0	N	N	N	N	N	N	N	N	N	N	N	N	0.0000	0.0000	0.0000	0.0000	0.0000	0.0000	0.0000	0.0000	0.0000	0.0000	0.0000	0.0000	0.0000	0.0000	0.0000	0.0000	0.0000	0.0000	0.0000	0.0000	1.0000	2.0000	1.0000	3.0000	0.0000	0.0000	0.0000	0.0000	0.0000	0.0000	0.0000	0.0000	0.0000	0.0000	0.0000	0.0000	0.0000	0.0000	0.0000	0.0000	0.0000	0.0000	0.0801	0.0726	0.0075	0.0454	0.0427	0.0026	0.0347	0.0299	0.0048	0.0128	0.0078	0.0050	0.0075	0.0063	0.0011	0.0053	0.0015	0.0038	0.0000	0.0000	0.0000	0.0000	0.0000	0.0000	0.0000	0.0000	0.0000	0.0000	0.0000	0.0000	0.0000	0.0000	0.0000	0.0000	0.0000	0.0000											
50	56	0.0425	2	0	1	1	1	0	0	0	0	N	N	N	N	N	N	N	N	N	N	N	N	0.0000	0.0000	0.0000	0.0000	0.0000	0.0000	0.0000	0.0000	0.0000	0.0000	0.0000	0.0000	0.0000	0.0000	0.0000	0.0000	0.0000	0.0000	0.0000	0.0000	1.0000	1.7218	1.0000	6.9557	0.0000	0.0000	0.0000	0.0000	0.0000	0.0000	0.0000	0.0000	0.0000	0.0000	0.0000	0.0000	0.0000	0.0000	0.0000	0.0000	0.0000	0.0000	0.0746	0.0667	0.0078	0.0225	0.0214	0.0011	0.0521	0.0453	0.0068	0.0418	0.0207	0.0211	0.0012	0.0010	0.0002	0.0405	0.0197	0.0209	0.0000	0.0000	0.0000	0.0000	0.0000	0.0000	0.0000	0.0000	0.0000	0.0000	0.0000	0.0000	0.0000	0.0000	0.0000	0.0000	0.0000	0.0000											
50	57	0.1139	4	1	0	2	0	0	0	0	0	N	N	Y	N	N	N	N	N	N	N	N	N	0.0000	0.0000	0.0000	0.0000	0.0000	0.0000	0.0000	0.0000	0.0000	0.0000	0.0000	0.0000	0.0000	0.0000	0.0000	0.0000	0.0000	0.0000	0.0000	0.0000	1.0000	8.9999	1.0000	5.0001	0.0000	0.0000	0.0000	0.0000	0.0000	0.0000	0.0000	0.0000	0.0000	0.0000	0.0000	0.0000	0.0000	0.0000	0.0000	0.0000	0.0000	0.0000	0.2394	0.2145	0.0248	0.0973	0.0913	0.0060	0.1421	0.1233	0.0189	0.0461	0.0220	0.0241	0.0036	0.0032	0.0004	0.0425	0.0188	0.0237	0.0000	0.0000	0.0000	0.0000	0.0000	0.0000	0.0000	0.0000	0.0000	0.0000	0.0000	0.0000	0.0000	0.0000	0.0000	0.0000	0.0000	0.0000											
50	58	0.6288	6	1	0	2	0	0	0	0	0	N	N	Y	N	N	N	N	N	N	N	N	N	0.0000	0.0000	0.0000	0.0000	0.0000	0.0000	0.0000	0.0000	0.0000	0.0000	0.0000	0.0000	0.0000	0.0000	0.0000	0.0000	0.0000	0.0000	0.0000	0.0000	1.0000	0.0000	1.0000	1.0000	0.0000	0.0000	0.0000	0.0000	0.0000	0.0000	0.0000	0.0000	0.0000	0.0000	0.0000	0.0000	0.0000	0.0000	0.0000	0.0000	0.0000	0.0000	0.0000	0.0000	0.0000	0.0000	0.0000	0.0000	0.0000	0.0000	0.0000	0.0018	0.0008	0.0009	0.0006	0.0005	0.0001	0.0011	0.0003	0.0008	0.0000	0.0000	0.0000	0.0000	0.0000	0.0000	0.0000	0.0000	0.0000	0.0000	0.0000	0.0000	0.0000	0.0000	0.0000	0.0000	0.0000	0.0000											
50	59	0.0791	3	0	0	2	0	0	0	0	0	N	N	Y	N	N	N	N	N	N	N	N	N	0.0000	0.0000	0.0000	0.0000	0.0000	0.0000	0.0000	0.0000	0.0000	0.0000	0.0000	0.0000	0.0000	0.5647	0.7881	0.0000	0.4602	0.4947	0.0000	0.0000	0.0000	0.0000	0.0000	0.0000	-0.0001	1.0000	0.0006	1.0000	1.1867	0.0000	0.0000	0.0000	0.0000	0.0000	0.0000	0.0000	0.0000	0.0000	0.0001	0.0001	0.0000	0.0001	0.0001	0.0000	0.0000	0.0000	0.0000	0.0001	0.0001	0.0000	0.0000	0.0000	0.0000	0.0000	0.0000	0.0000	0.0107	0.0074	0.0032	0.0050	0.0042	0.0008	0.0057	0.0032	0.0024	0.0000	0.0000	0.0000	0.0000	0.0000	0.0000	0.0000	0.0000	0.0000	0.0131	0.0189	0.0000	0.0281	0.0335	0.0000	0.0000	0.0000	0.0000						
50	60	0.0425	2	0	0	1	0	0	0	0	0	N	N	N	N	N	N	N	N	N	N	N	N	0.0000	0.0000	0.0000	0.0000	0.0000	0.0000	0.0000	0.0000	0.0000	0.0000	0.0000	0.0000	0.0000	0.1314	0.3865	0.0000	0.0000	0.0000	0.0000	0.0295	0.5850	0.0000	0.0000	0.0000	-0.0001	1.0000	2.2785	1.0000	4.8627	0.0000	0.0000	0.0000	0.0000	0.0000	0.0000	0.0000	0.0000	0.0000	0.0001	0.0001	0.0000	0.0000	0.0000	0.0000	0.0001	0.0001	0.0000	0.0905	0.0807	0.0098	0.0258	0.0244	0.0014	0.0647	0.0563	0.0084	0.0354	0.0176	0.0178	0.0010	0.0009	0.0002	0.0344	0.0168	0.0176	0.0000	0.0000	0.0000	0.0000	0.0000	0.0000	0.0000	0.0000	0.0000	0.0040	0.0079	0.0000	0.0000	0.0000	0.0000	0.0041	0.0083	0.0000						
50	61	0.7068	10	0	0	2	0	0	0	0	0	N	N	Y	N	N	N	N	N	N	N	N	N	0.0000	0.0000	0.0000	0.0000	0.0000	0.0000	0.0000	0.0000	0.0000	0.0000	0.0000	0.0000	0.0000	0.0011	0.0020	0.0000	0.0000	0.0000	0.0000	0.0013	0.0599	0.0000	0.0000	0.0000	-0.0000	1.0000	1.0901	1.0000	7.9319	0.0000	0.0000	0.0000	0.0000	0.0000	0.0000	0.0000	0.0000	0.0000	0.0000	0.0000	0.0000	0.0000	0.0000	0.0000	0.0000	0.0000	0.0000	0.0381	0.0342	0.0039	0.0235	0.0217	0.0017	0.0146	0.0125	0.0021	0.0272	0.0167	0.0105	0.0147	0.0126	0.0021	0.0125	0.0041	0.0084	0.0000	0.0000	0.0000	0.0000	0.0000	0.0000	0.0000	0.0000	0.0000	0.0004	0.0006	0.0000	0.0000	0.0000	0.0000	0.0008	0.0024	0.0000						
50	62	0.6767	9	0	0	1	0	0	0	0	0	N	N	N	N	N	N	N	N	N	N	N	N	0.0000	0.0000	0.0000	0.0000	0.0000	0.0000	0.0000	0.0000	0.0000	0.0000	0.0000	0.0000	0.0000	0.0055	0.0075	0.0000	0.0038	0.0038	0.0000	0.0000	0.0000	0.0000	0.0000	0.0000	-0.0000	1.0000	1.6797	1.0000	2.9843	0.0000	0.0000	0.0000	0.0000	0.0000	0.0000	0.0000	0.0000	0.0000	0.0000	0.0000	0.0000	0.0000	0.0000	0.0000	0.0000	0.0000	0.0000	0.0719	0.0653	0.0066	0.0407	0.0385	0.0023	0.0312	0.0269	0.0043	0.0122	0.0075	0.0047	0.0068	0.0058	0.0010	0.0054	0.0016	0.0037	0.0000	0.0000	0.0000	0.0000	0.0000	0.0000	0.0000	0.0000	0.0000	0.0008	0.0013	0.0000	0.0015	0.0017	0.0000	0.0000	0.0000	0.0000						
50	63	0.6666	8	0	0	1	0	0	0	0	0	N	N	N	N	N	N	N	N	N	N	N	N	0.0000	0.0000	0.0000	0.0000	0.0000	0.0000	0.0000	0.0000	0.0000	0.0000	0.0000	0.0000	0.0000	0.0000	0.0000	0.0000	0.0000	0.0000	0.0000	0.0000	1.0000	0.4935	1.0000	1.5835	0.0000	0.0000	0.0000	0.0000	0.0000	0.0000	0.0000	0.0000	0.0000	0.0000	0.0000	0.0000	0.0000	0.0000	0.0000	0.0000	0.0000	0.0000	0.0406	0.0375	0.0031	0.0219	0.0212	0.0007	0.0187	0.0163	0.0024	0.0054	0.0033	0.0021	0.0031	0.0026	0.0004	0.0023	0.0006	0.0016	0.0000	0.0000	0.0000	0.0000	0.0000	0.0000	0.0000	0.0000	0.0000	0.0000	0.0000	0.0000	0.0000	0.0000	0.0000	0.0000	0.0000	0.0000											
50	64	0.7035	10	0	1	1	0	0	0	0	0	N	N	N	N	N	N	N	N	N	N	N	N	0.0000	0.0000	0.0000	0.0000	0.0000	0.0000	0.0000	0.0000	0.0000	0.0000	0.0000	0.0000	0.0000	0.0000	0.0000	0.0000	0.0000	0.0000	0.0000	0.0000	1.0000	0.2944	1.0000	1.0083	0.0000	0.0000	0.0000	0.0000	0.0000	0.0000	0.0000	0.0000	0.0000	0.0000	0.0000	0.0000	0.0000	0.0000	0.0000	0.0000	0.0000	0.0000	0.0152	0.0131	0.0021	0.0121	0.0105	0.0017	0.0031	0.0026	0.0005	0.0033	0.0020	0.0013	0.0020	0.0017	0.0003	0.0013	0.0004	0.0010	0.0000	0.0000	0.0000	0.0000	0.0000	0.0000	0.0000	0.0000	0.0000	0.0000	0.0000	0.0000	0.0000	0.0000	0.0000	0.0000	0.0000	0.0000											
50	65	0.6828	9	0	0	1	0	0	0	0	0	N	N	N	N	N	N	N	N	N	N	N	N	0.0000	0.0000	0.0000	0.0000	0.0000	0.0000	0.0000	0.0000	0.0000	0.0000	0.0000	0.0000	0.0000	0.0000	0.0000	0.0000	0.0000	0.0000	0.0000	0.0000	1.0000	1.1351	1.0000	2.0429	0.0000	0.0000	0.0000	0.0000	0.0000	0.0000	0.0000	0.0000	0.0000	0.0000	0.0000	0.0000	0.0000	0.0000	0.0000	0.0000	0.0000	0.0000	0.0577	0.0527	0.0050	0.0321	0.0306	0.0016	0.0256	0.0221	0.0035	0.0083	0.0051	0.0032	0.0049	0.0042	0.0008	0.0034	0.0009	0.0025	0.0000	0.0000	0.0000	0.0000	0.0000	0.0000	0.0000	0.0000	0.0000	0.0000	0.0000	0.0000	0.0000	0.0000	0.0000	0.0000	0.0000	0.0000											
50	66	0.6666	8	0	0	1	0	0	0	0	0	N	N	N	N	N	N	N	N	N	N	N	N	0.0000	0.0000	0.0000	0.0000	0.0000	0.0000	0.0000	0.0000	0.0000	0.0000	0.0000	0.0000	0.0000	0.0000	0.0000	0.0000	0.0000	0.0000	0.0000	0.0000	1.0000	0.4912	1.0000	2.4266	0.0000	0.0000	0.0000	0.0000	0.0000	0.0000	0.0000	0.0000	0.0000	0.0000	0.0000	0.0000	0.0000	0.0000	0.0000	0.0000	0.0000	0.0000	0.0406	0.0375	0.0031	0.0219	0.0212	0.0007	0.0187	0.0163	0.0024	0.0075	0.0046	0.0029	0.0043	0.0037	0.0006	0.0032	0.0009	0.0023	0.0000	0.0000	0.0000	0.0000	0.0000	0.0000	0.0000	0.0000	0.0000	0.0000	0.0000	0.0000	0.0000	0.0000	0.0000	0.0000	0.0000	0.0000											
50	67	0.6614	7	0	0	1	0	0	0	0	0	N	N	N	N	N	N	N	N	N	N	N	N	0.0000	0.0000	0.0000	0.0000	0.0000	0.0000	0.0000	0.0000	0.0000	0.0000	0.0000	0.0000	0.0000	0.0221	0.0354	0.0000	0.0000	0.0000	0.0000	0.0353	1.1705	0.0000	0.0000	0.0000	-0.0000	1.0000	0.6141	1.0000	1.2701	0.0000	0.0000	0.0000	0.0000	0.0000	0.0000	0.0000	0.0000	0.0000	0.0000	0.0000	0.0000	0.0000	0.0000	0.0000	0.0000	0.0000	0.0000	0.0551	0.0510	0.0041	0.0339	0.0326	0.0013	0.0212	0.0184	0.0027	0.0051	0.0031	0.0020	0.0029	0.0025	0.0004	0.0022	0.0006	0.0016	0.0000	0.0000	0.0000	0.0000	0.0000	0.0000	0.0000	0.0000	0.0000	0.0020	0.0032	0.0000	0.0000	0.0000	0.0000	0.0046	0.0167	0.0000						
50	68	0.6288	6	1	1	2	0	0	0	0	0	N	N	Y	N	N	N	N	N	N	N	N	N	0.0000	0.0000	0.0000	0.0000	0.0000	0.0000	0.0000	0.0000	0.0000	0.0000	0.0000	0.0000	0.0000	0.0000	0.0000	0.0000	0.0000	0.0000	0.0000	0.0000	1.0000	0.0000	1.0000	0.0000	0.0000	0.0000	0.0000	0.0000	0.0000	0.0000	0.0000	0.0000	0.0000	0.0000	0.0000	0.0000	0.0000	0.0000	0.0000	0.0000	0.0000	0.0000	0.0000	0.0000	0.0000	0.0000	0.0000	0.0000	0.0000	0.0000	0.0000	0.0000	0.0000	0.0000	0.0000	0.0000	0.0000	0.0000	0.0000	0.0000	0.0000	0.0000	0.0000	0.0000	0.0000	0.0000	0.0000	0.0000	0.0000	0.0000	0.0000	0.0000	0.0000	0.0000	0.0000	0.0000	0.0000	0.0000											
50	69	0.1592	6	1	1	2	0	0	0	0	0	N	N	Y	N	N	N	N	N	N	N	N	N	0.0000	0.0000	0.0000	0.0000	0.0000	0.0000	0.0000	0.0000	0.0000	0.0000	0.0000	0.0000	0.0000	0.0000	0.0000	0.0000	0.0000	0.0000	0.0000	0.0000	1.0000	1.0000	1.0000	0.0000	0.0000	0.0000	0.0000	0.0000	0.0000	0.0000	0.0000	0.0000	0.0000	0.0000	0.0000	0.0000	0.0000	0.0000	0.0000	0.0000	0.0000	0.0000	0.0448	0.0411	0.0037	0.0290	0.0273	0.0017	0.0158	0.0138	0.0020	0.0038	0.0018	0.0020	0.0003	0.0003	0.0000	0.0035	0.0016	0.0019	0.0000	0.0000	0.0000	0.0000	0.0000	0.0000	0.0000	0.0000	0.0000	0.0000	0.0000	0.0000	0.0000	0.0000	0.0000	0.0000	0.0000	0.0000											
50	70	0.1592	6	1	1	2	0	0	0	0	0	N	N	Y	N	N	N	N	N	N	N	N	N	0.0000	0.0000	0.0000	0.0000	0.0000	0.0000	0.0000	0.0000	0.0000	0.0000	0.0000	0.0000	0.0000	0.0000	0.0000	0.0000	0.0000	0.0000	0.0000	0.0000	1.0000	0.0000	1.0000	0.0000	0.0000	0.0000	0.0000	0.0000	0.0000	0.0000	0.0000	0.0000	0.0000	0.0000	0.0000	0.0000	0.0000	0.0000	0.0000	0.0000	0.0000	0.0000	0.0000	0.0000	0.0000	0.0000	0.0000	0.0000	0.0000	0.0000	0.0000	0.0000	0.0000	0.0000	0.0000	0.0000	0.0000	0.0000	0.0000	0.0000	0.0000	0.0000	0.0000	0.0000	0.0000	0.0000	0.0000	0.0000	0.0000	0.0000	0.0000	0.0000	0.0000	0.0000	0.0000	0.0000	0.0000	0.0000											
50	71	0.1369	5	1	1	2	0	0	0	0	0	N	N	Y	N	N	N	N	N	N	N	N	N	0.0000	0.0000	0.0000	0.0000	0.0000	0.0000	0.0000	0.0000	0.0000	0.0000	0.0000	0.0000	0.0000	0.0000	0.0000	0.0000	0.0000	0.0000	0.0000	0.0000	1.0000	2.0000	1.0000	1.0000	0.0000	0.0000	0.0000	0.0000	0.0000	0.0000	0.0000	0.0000	0.0000	0.0000	0.0000	0.0000	0.0000	0.0000	0.0000	0.0000	0.0000	0.0000	0.0832	0.0761	0.0071	0.0521	0.0489	0.0032	0.0310	0.0271	0.0039	0.0109	0.0052	0.0057	0.0007	0.0007	0.0000	0.0102	0.0045	0.0057	0.0000	0.0000	0.0000	0.0000	0.0000	0.0000	0.0000	0.0000	0.0000	0.0000	0.0000	0.0000	0.0000	0.0000	0.0000	0.0000	0.0000	0.0000											
50	72	0.1139	4	1	0	2	0	0	0	0	0	N	N	Y	N	N	N	N	N	N	N	N	N	0.0000	0.0000	0.0000	0.0000	0.0000	0.0000	0.0000	0.0000	0.0000	0.0000	0.0000	0.0000	0.0000	0.0000	0.0000	0.0000	0.0000	0.0000	0.0000	0.0000	1.0000	1.0017	1.0000	2.0007	0.0000	0.0000	0.0000	0.0000	0.0000	0.0000	0.0000	0.0000	0.0000	0.0000	0.0000	0.0000	0.0000	0.0000	0.0000	0.0000	0.0000	0.0000	0.0338	0.0304	0.0034	0.0161	0.0151	0.0010	0.0177	0.0153	0.0024	0.0111	0.0053	0.0058	0.0009	0.0008	0.0001	0.0102	0.0045	0.0057	0.0000	0.0000	0.0000	0.0000	0.0000	0.0000	0.0000	0.0000	0.0000	0.0000	0.0000	0.0000	0.0000	0.0000	0.0000	0.0000	0.0000	0.0000											
50	73	0.6480	7	1	1	1	0	0	0	0	0	N	N	N	N	N	N	N	N	N	N	N	N	0.0000	0.0000	0.0000	0.0000	0.0000	0.0000	0.0000	0.0000	0.0000	0.0000	0.0000	0.0000	0.0000	0.0000	0.0000	0.0000	0.0000	0.0000	0.0000	0.0000	1.0000	0.0000	1.0000	0.0000	0.0000	0.0000	0.0000	0.0000	0.0000	0.0000	0.0000	0.0000	0.0000	0.0000	0.0000	0.0000	0.0000	0.0000	0.0000	0.0000	0.0000	0.0000	0.0000	0.0000	0.0000	0.0000	0.0000	0.0000	0.0000	0.0000	0.0000	0.0000	0.0000	0.0000	0.0000	0.0000	0.0000	0.0000	0.0000	0.0000	0.0000	0.0000	0.0000	0.0000	0.0000	0.0000	0.0000	0.0000	0.0000	0.0000	0.0000	0.0000	0.0000	0.0000	0.0000	0.0000	0.0000	0.0000											
50	74	0.1409	5	1	1	1	0	0	0	0	0	N	N	N	N	N	N	N	N	N	N	N	N	0.0000	0.0000	0.0000	0.0000	0.0000	0.0000	0.0000	0.0000	0.0000	0.0000	0.0000	0.0000	0.0000	0.0000	0.0000	0.0000	0.0000	0.0000	0.0000	0.0000	1.0000	0.0000	1.0000	0.0010	0.0000	0.0000	0.0000	0.0000	0.0000	0.0000	0.0000	0.0000	0.0000	0.0000	0.0000	0.0000	0.0000	0.0000	0.0000	0.0000	0.0000	0.0000	0.0000	0.0000	0.0000	0.0000	0.0000	0.0000	0.0000	0.0000	0.0000	0.0016	0.0013	0.0003	0.0008	0.0008	0.0000	0.0008	0.0005	0.0003	0.0000	0.0000	0.0000	0.0000	0.0000	0.0000	0.0000	0.0000	0.0000	0.0000	0.0000	0.0000	0.0000	0.0000	0.0000	0.0000	0.0000	0.0000											
50	75	0.0697	5	0	1	1	1	0	0	0	0	N	N	N	N	N	N	N	N	N	N	N	N	0.0000	0.0000	0.0000	0.0000	0.0000	0.0000	0.0000	0.0000	0.0000	0.0000	0.0000	0.0000	0.0000	0.0000	0.0000	0.0000	0.0000	0.0000	0.0000	0.0000	1.0000	0.0000	1.0000	0.0000	0.0000	0.0000	0.0000	0.0000	0.0000	0.0000	0.0000	0.0000	0.0000	0.0000	0.0000	0.0000	0.0000	0.0000	0.0000	0.0000	0.0000	0.0000	0.0000	0.0000	0.0000	0.0000	0.0000	0.0000	0.0000	0.0000	0.0000	0.0000	0.0000	0.0000	0.0000	0.0000	0.0000	0.0000	0.0000	0.0000	0.0000	0.0000	0.0000	0.0000	0.0000	0.0000	0.0000	0.0000	0.0000	0.0000	0.0000	0.0000	0.0000	0.0000	0.0000	0.0000	0.0000	0.0000											
50	76	0.0697	5	0	0	1	1	0	0	0	0	N	N	N	N	N	N	N	N	N	N	N	N	0.0000	0.0000	0.0000	0.0000	0.0000	0.0000	0.0000	0.0000	0.0000	0.0000	0.0000	0.0000	0.0000	0.0000	0.0000	0.0000	0.0000	0.0000	0.0000	0.0000	1.0000	0.0000	1.0000	0.0000	0.0000	0.0000	0.0000	0.0000	0.0000	0.0000	0.0000	0.0000	0.0000	0.0000	0.0000	0.0000	0.0000	0.0000	0.0000	0.0000	0.0000	0.0000	0.0000	0.0000	0.0000	0.0000	0.0000	0.0000	0.0000	0.0000	0.0000	0.0000	0.0000	0.0000	0.0000	0.0000	0.0000	0.0000	0.0000	0.0000	0.0000	0.0000	0.0000	0.0000	0.0000	0.0000	0.0000	0.0000	0.0000	0.0000	0.0000	0.0000	0.0000	0.0000	0.0000	0.0000	0.0000	0.0000											
50	77	0.0544	4	0	0	1	1	0	0	0	0	N	N	N	N	N	N	N	N	N	N	N	N	0.0000	0.0000	0.0000	0.0000	0.0000	0.0000	0.0000	0.0000	0.0000	0.0000	0.0000	0.0000	0.0000	0.0000	0.0000	22.8784	35.6511	0.0000	0.0477	0.0507	0.0000	42.0744	93.4775	0.0000	0.0000	0.0000	-0.3651	1.0000	0.0002	1.0000	2.9297	0.0000	0.0000	0.0000	0.0000	0.0000	0.0000	0.0000	0.0000	0.0000	0.6996	0.6996	0.0000	0.0001	0.0001	0.0000	0.6995	0.6995	0.0000	0.0000	0.0000	0.0000	0.0000	0.0000	0.0000	0.0000	0.0000	0.0000	0.0306	0.0196	0.0110	0.0140	0.0121	0.0018	0.0166	0.0075	0.0091	0.0000	0.0000	0.0000	0.0000	0.0000	0.0000	0.0000	0.0000	0.0000	22.8784	35.6511	0.0000	0.0072	0.0082	0.0000	42.0744	93.4775	0.0000				
50	78	0.0503	3	0	0	1	1	0	0	0	0	N	N	N	N	N	N	N	N	N	N	N	N	0.0000	0.0000	0.0000	0.0000	0.0000	0.0000	0.0000	0.0000	0.0000	0.0000	0.0000	0.0000	0.0000	0.0000	0.0000	0.0000	0.0000	0.0000	22.9757	45.2980	0.0411	42.3021	43.7136	0.6544	20.1908	45.7993	0.0120	0.0003	0.0000	-0.1806	1.0000	0.0003	1.0000	2.1916	0.0000	0.0000	0.0000	0.0000	0.0000	0.0000	0.0000	0.0000	0.0000	0.3462	0.3461	0.0001	0.0803	0.0803	0.0000	0.2659	0.2659	0.0001	0.0000	0.0000	0.0000	0.0000	0.0000	0.0000	0.0000	0.0000	0.0000	0.0151	0.0076	0.0074	0.0019	0.0018	0.0001	0.0132	0.0058	0.0074	0.0000	0.0000	0.0000	0.0000	0.0000	0.0000	0.0000	0.0000	0.0000	22.9757	45.2980	0.0135	42.3021	43.7136	0.1865	20.1908	45.7993	0.0120	
50	79	0.0425	2	0	0	1	0	0	0	0	0	N	N	N	N	N	N	N	N	N	N	N	N	0.0000	0.0000	0.0000	0.0000	0.0000	0.0000	0.0000	0.0000	0.0000	0.0000	0.0000	0.0000	0.0000	12.5904	24.9521	0.0000	0.0000	0.0000	0.0000	12.9494	26.1327	0.0000	0.0000	0.0000	-0.0599	1.0000	0.2782	1.0000	1.3600	0.0000	0.0000	0.0000	0.0000	0.0000	0.0000	0.0000	0.0000	0.0000	0.1148	0.1148	0.0000	0.0000	0.0000	0.0000	0.1148	0.1148	0.0000	0.0309	0.0284	0.0024	0.0130	0.0128	0.0002	0.0179	0.0156	0.0022	0.0091	0.0046	0.0045	0.0003	0.0002	0.0000	0.0089	0.0044	0.0045	0.0000	0.0000	0.0000	0.0000	0.0000	0.0000	0.0000	0.0000	0.0000	12.5904	24.9521	0.0000	0.0000	0.0000	0.0000	12.9494	26.1327	0.0000						
50	80	0.1465	6	0	1	2	0	0	0	0	0	N	N	Y	N	N	N	N	N	N	N	N	N	0.0000	0.0000	0.0000	0.0000	0.0000	0.0000	0.0000	0.0000	0.0000	0.0000	0.0000	0.0000	0.0000	0.0000	0.0000	0.0000	0.0000	0.0000	0.0000	0.0000	1.0000	0.0029	1.0000	2.0135	0.0000	0.0000	0.0000	0.0000	0.0000	0.0000	0.0000	0.0000	0.0000	0.0000	0.0000	0.0000	0.0000	0.0000	0.0000	0.0000	0.0000	0.0000	0.0002	0.0002	0.0000	0.0001	0.0001	0.0000	0.0001	0.0001	0.0000	0.0071	0.0035	0.0036	0.0009	0.0008	0.0001	0.0062	0.0027	0.0035	0.0000	0.0000	0.0000	0.0000	0.0000	0.0000	0.0000	0.0000	0.0000	0.0000	0.0000	0.0000	0.0000	0.0000	0.0000	0.0000	0.0000	0.0000											
50	81	0.1399	5	0	1	1	0	0	0	0	0	N	N	N	N	N	N	N	N	N	N	N	N	0.0000	0.0000	0.0000	0.0000	0.0000	0.0000	0.0000	0.0000	0.0000	0.0000	0.0000	0.0000	0.0000	0.0643	0.2740	0.0000	0.0000	0.0000	0.0000	0.0276	0.7468	0.0000	0.0000	0.0000	-0.0000	1.0000	0.6188	1.0000	0.9475	0.0000	0.0000	0.0000	0.0000	0.0000	0.0000	0.0000	0.0000	0.0000	0.0000	0.0000	0.0000	0.0000	0.0000	0.0000	0.0000	0.0000	0.0000	0.0393	0.0360	0.0033	0.0249	0.0240	0.0009	0.0144	0.0120	0.0024	0.0064	0.0031	0.0032	0.0011	0.0010	0.0001	0.0053	0.0021	0.0032	0.0000	0.0000	0.0000	0.0000	0.0000	0.0000	0.0000	0.0000	0.0000	0.0031	0.0064	0.0000	0.0000	0.0000	0.0000	0.0038	0.0094	0.0000						
50	82	0.6512	7	0	1	2	0	0	0	0	0	N	N	Y	N	N	N	N	N	N	N	N	N	0.0000	0.0000	0.0000	0.0000	0.0000	0.0000	0.0000	0.0000	0.0000	0.0000	0.0000	0.0000	0.0000	0.0000	0.0000	0.0000	0.0000	0.0000	0.0000	0.0000	1.0000	0.0000	1.0000	1.0000	0.0000	0.0000	0.0000	0.0000	0.0000	0.0000	0.0000	0.0000	0.0000	0.0000	0.0000	0.0000	0.0000	0.0000	0.0000	0.0000	0.0000	0.0000	0.0000	0.0000	0.0000	0.0000	0.0000	0.0000	0.0000	0.0000	0.0000	0.0033	0.0018	0.0015	0.0015	0.0013	0.0002	0.0018	0.0005	0.0012	0.0000	0.0000	0.0000	0.0000	0.0000	0.0000	0.0000	0.0000	0.0000	0.0000	0.0000	0.0000	0.0000	0.0000	0.0000	0.0000	0.0000	0.0000											
50	83	0.1139	4	1	0	2	0	0	0	0	0	N	N	Y	N	N	N	N	N	N	N	N	N	0.0000	0.0000	0.0000	0.0000	0.0000	0.0000	0.0000	0.0000	0.0000	0.0000	0.0000	0.0000	0.0000	0.0000	0.0000	0.0000	0.0000	0.0000	0.0000	0.0000	1.0000	9.0001	1.0000	3.0001	0.0000	0.0000	0.0000	0.0000	0.0000	0.0000	0.0000	0.0000	0.0000	0.0000	0.0000	0.0000	0.0000	0.0000	0.0000	0.0000	0.0000	0.0000	0.2394	0.2146	0.0248	0.0973	0.0913	0.0060	0.1421	0.1233	0.0189	0.0403	0.0192	0.0211	0.0031	0.0028	0.0003	0.0372	0.0164	0.0208	0.0000	0.0000	0.0000	0.0000	0.0000	0.0000	0.0000	0.0000	0.0000	0.0000	0.0000	0.0000	0.0000	0.0000	0.0000	0.0000	0.0000	0.0000											
50	84	0.6288	6	1	0	2	0	0	0	0	0	N	N	Y	N	N	N	N	N	N	N	N	N	0.0000	0.0000	0.0000	0.0000	0.0000	0.0000	0.0000	0.0000	0.0000	0.0000	0.0000	0.0000	0.0000	0.0000	0.0000	0.0000	0.0000	0.0000	0.0000	0.0000	1.0000	4.0000	1.0000	0.0000	0.0000	0.0000	0.0000	0.0000	0.0000	0.0000	0.0000	0.0000	0.0000	0.0000	0.0000	0.0000	0.0000	0.0000	0.0000	0.0000	0.0000	0.0000	0.0850	0.0766	0.0084	0.0532	0.0490	0.0042	0.0318	0.0276	0.0043	0.0068	0.0032	0.0036	0.0025	0.0021	0.0004	0.0043	0.0011	0.0032	0.0000	0.0000	0.0000	0.0000	0.0000	0.0000	0.0000	0.0000	0.0000	0.0000	0.0000	0.0000	0.0000	0.0000	0.0000	0.0000	0.0000	0.0000											
50	85	0.6749	7	1	1	1	0	0	0	0	0	N	N	N	N	N	N	N	N	N	N	N	N	0.0000	0.0000	0.0000	0.0000	0.0000	0.0000	0.0000	0.0000	0.0000	0.0000	0.0000	0.0000	0.0000	0.0178	0.0292	0.0000	0.0000	0.0000	0.0000	0.0268	0.8316	0.0000	0.0000	0.0000	-0.0000	1.0000	1.0086	1.0000	1.7435	0.0000	0.0000	0.0000	0.0000	0.0000	0.0000	0.0000	0.0000	0.0000	0.0000	0.0000	0.0000	0.0000	0.0000	0.0000	0.0000	0.0000	0.0000	0.0331	0.0298	0.0033	0.0175	0.0164	0.0011	0.0156	0.0134	0.0022	0.0114	0.0071	0.0043	0.0060	0.0053	0.0007	0.0053	0.0017	0.0036	0.0000	0.0000	0.0000	0.0000	0.0000	0.0000	0.0000	0.0000	0.0000	0.0018	0.0028	0.0000	0.0000	0.0000	0.0000	0.0038	0.0115	0.0000						
50	86	0.6288	6	1	1	1	0	0	0	0	0	N	N	N	N	N	N	N	N	N	N	N	N	0.0000	0.0000	0.0000	0.0000	0.0000	0.0000	0.0000	0.0000	0.0000	0.0000	0.0000	0.0000	0.0000	0.0000	0.0000	0.0000	0.0000	0.0000	0.0000	0.0000	1.0000	1.0165	1.0000	4.1395	0.0000	0.0000	0.0000	0.0000	0.0000	0.0000	0.0000	0.0000	0.0000	0.0000	0.0000	0.0000	0.0000	0.0000	0.0000	0.0000	0.0000	0.0000	0.0236	0.0212	0.0024	0.0151	0.0139	0.0012	0.0085	0.0073	0.0011	0.0086	0.0041	0.0045	0.0032	0.0027	0.0005	0.0054	0.0014	0.0040	0.0000	0.0000	0.0000	0.0000	0.0000	0.0000	0.0000	0.0000	0.0000	0.0000	0.0000	0.0000	0.0000	0.0000	0.0000	0.0000	0.0000	0.0000											
50	87	0.0727	3	1	1	1	0	0	0	0	0	N	N	N	N	N	N	N	N	N	N	N	N	0.0000	0.0000	0.0000	0.0000	0.0000	0.0000	0.0000	0.0000	0.0000	0.0000	0.0000	0.0000	0.0000	0.0000	0.0000	0.0000	0.0000	0.0000	0.0000	0.0000	1.0000	9.0005	1.0000	5.0000	0.0000	0.0000	0.0000	0.0000	0.0000	0.0000	0.0000	0.0000	0.0000	0.0000	0.0000	0.0000	0.0000	0.0000	0.0000	0.0000	0.0000	0.0000	0.2470	0.2179	0.0291	0.0444	0.0406	0.0038	0.2026	0.1773	0.0253	0.0642	0.0319	0.0323	0.0031	0.0028	0.0004	0.0611	0.0291	0.0320	0.0000	0.0000	0.0000	0.0000	0.0000	0.0000	0.0000	0.0000	0.0000	0.0000	0.0000	0.0000	0.0000	0.0000	0.0000	0.0000	0.0000	0.0000											
50	88	0.6512	7	0	1	1	0	0	0	0	0	N	N	N	N	N	N	N	N	N	N	N	N	0.0000	0.0000	0.0000	0.0000	0.0000	0.0000	0.0000	0.0000	0.0000	0.0000	0.0000	0.0000	0.0000	0.0000	0.0000	0.0000	0.0000	0.0000	0.0000	0.0000	1.0000	0.0000	1.0000	0.0000	0.0000	0.0000	0.0000	0.0000	0.0000	0.0000	0.0000	0.0000	0.0000	0.0000	0.0000	0.0000	0.0000	0.0000	0.0000	0.0000	0.0000	0.0000	0.0000	0.0000	0.0000	0.0000	0.0000	0.0000	0.0000	0.0000	0.0000	0.0000	0.0000	0.0000	0.0000	0.0000	0.0000	0.0000	0.0000	0.0000	0.0000	0.0000	0.0000	0.0000	0.0000	0.0000	0.0000	0.0000	0.0000	0.0000	0.0000	0.0000	0.0000	0.0000	0.0000	0.0000	0.0000	0.0000											
50	89	0.1399	5	0	1	1	0	0	0	0	0	N	N	N	N	N	N	N	N	N	N	N	N	0.0000	0.0000	0.0000	0.0000	0.0000	0.0000	0.0000	0.0000	0.0000	0.0000	0.0000	0.0000	0.0000	0.0000	0.0000	0.0000	0.0000	0.0000	0.0000	0.0000	1.0000	1.9953	1.0000	1.0817	0.0000	0.0000	0.0000	0.0000	0.0000	0.0000	0.0000	0.0000	0.0000	0.0000	0.0000	0.0000	0.0000	0.0000	0.0000	0.0000	0.0000	0.0000	0.0780	0.0708	0.0072	0.0423	0.0404	0.0019	0.0357	0.0304	0.0053	0.0114	0.0056	0.0059	0.0016	0.0014	0.0001	0.0099	0.0041	0.0057	0.0000	0.0000	0.0000	0.0000	0.0000	0.0000	0.0000	0.0000	0.0000	0.0000	0.0000	0.0000	0.0000	0.0000	0.0000	0.0000	0.0000	0.0000											
50	90	0.1139	4	0	1	1	0	0	0	0	0	N	N	N	N	N	N	N	N	N	N	N	N	0.0000	0.0000	0.0000	0.0000	0.0000	0.0000	0.0000	0.0000	0.0000	0.0000	0.0000	0.0000	0.0000	0.0000	0.0000	0.0000	0.0000	0.0000	0.0000	0.0000	1.0000	2.3999	1.0000	4.0713	0.0000	0.0000	0.0000	0.0000	0.0000	0.0000	0.0000	0.0000	0.0000	0.0000	0.0000	0.0000	0.0000	0.0000	0.0000	0.0000	0.0000	0.0000	0.0772	0.0694	0.0078	0.0357	0.0335	0.0022	0.0415	0.0359	0.0056	0.0230	0.0109	0.0121	0.0018	0.0016	0.0002	0.0212	0.0093	0.0119	0.0000	0.0000	0.0000	0.0000	0.0000	0.0000	0.0000	0.0000	0.0000	0.0000	0.0000	0.0000	0.0000	0.0000	0.0000	0.0000	0.0000	0.0000											
50	94	0.1302	5	1	1	1	0	0	0	0	0	N	N	N	N	N	N	N	N	N	N	N	N	0.0000	0.0000	0.0000	0.0000	0.0000	0.0000	0.0000	0.0000	0.0000	0.0000	0.0000	0.0000	0.0000	0.0000	0.0000	0.0000	0.0000	0.0000	0.0000	0.0000	1.0000	5.9980	1.0000	4.9575	0.0000	0.0000	0.0000	0.0000	0.0000	0.0000	0.0000	0.0000	0.0000	0.0000	0.0000	0.0000	0.0000	0.0000	0.0000	0.0000	0.0000	0.0000	0.1744	0.1580	0.0164	0.0797	0.0757	0.0040	0.0947	0.0823	0.0124	0.0351	0.0176	0.0175	0.0036	0.0032	0.0003	0.0315	0.0144	0.0171	0.0000	0.0000	0.0000	0.0000	0.0000	0.0000	0.0000	0.0000	0.0000	0.0000	0.0000	0.0000	0.0000	0.0000	0.0000	0.0000	0.0000	0.0000											
50	95	0.6512	7	1	1	1	0	0	0	0	0	N	N	N	N	N	N	N	N	N	N	N	N	0.0000	0.0000	0.0000	0.0000	0.0000	0.0000	0.0000	0.0000	0.0000	0.0000	0.0000	0.0000	0.0000	0.0000	0.0000	0.0000	0.0000	0.0000	0.0000	0.0000	1.0000	0.0000	1.0000	2.0000	0.0000	0.0000	0.0000	0.0000	0.0000	0.0000	0.0000	0.0000	0.0000	0.0000	0.0000	0.0000	0.0000	0.0000	0.0000	0.0000	0.0000	0.0000	0.0000	0.0000	0.0000	0.0000	0.0000	0.0000	0.0000	0.0000	0.0000	0.0065	0.0036	0.0029	0.0030	0.0025	0.0004	0.0035	0.0010	0.0025	0.0000	0.0000	0.0000	0.0000	0.0000	0.0000	0.0000	0.0000	0.0000	0.0000	0.0000	0.0000	0.0000	0.0000	0.0000	0.0000	0.0000	0.0000											
50	96	0.6288	6	0	1	1	0	0	0	0	0	N	N	N	N	N	N	N	N	N	N	N	N	0.0000	0.0000	0.0000	0.0000	0.0000	0.0000	0.0000	0.0000	0.0000	0.0000	0.0000	0.0000	0.0000	0.0000	0.0000	0.0000	0.0000	0.0000	0.0000	0.0000	1.0000	4.0000	1.0000	0.0000	0.0000	0.0000	0.0000	0.0000	0.0000	0.0000	0.0000	0.0000	0.0000	0.0000	0.0000	0.0000	0.0000	0.0000	0.0000	0.0000	0.0000	0.0000	0.0850	0.0766	0.0084	0.0532	0.0490	0.0042	0.0318	0.0276	0.0043	0.0068	0.0032	0.0036	0.0025	0.0021	0.0004	0.0043	0.0011	0.0032	0.0000	0.0000	0.0000	0.0000	0.0000	0.0000	0.0000	0.0000	0.0000	0.0000	0.0000	0.0000	0.0000	0.0000	0.0000	0.0000	0.0000	0.0000											
50	97	0.0727	3	0	0	1	0	0	0	0	0	N	N	N	N	N	N	N	N	N	N	N	N	0.0000	0.0000	0.0000	0.0000	0.0000	0.0000	0.0000	0.0000	0.0000	0.0000	0.0000	0.0000	0.0000	0.0000	0.0000	0.0000	0.0000	0.0000	0.0000	0.0000	1.0000	3.9994	1.0000	4.0000	0.0000	0.0000	0.0000	0.0000	0.0000	0.0000	0.0000	0.0000	0.0000	0.0000	0.0000	0.0000	0.0000	0.0000	0.0000	0.0000	0.0000	0.0000	0.1241	0.1091	0.0149	0.0241	0.0220	0.0021	0.1000	0.0871	0.0129	0.0411	0.0206	0.0205	0.0019	0.0017	0.0002	0.0392	0.0189	0.0203	0.0000	0.0000	0.0000	0.0000	0.0000	0.0000	0.0000	0.0000	0.0000	0.0000	0.0000	0.0000	0.0000	0.0000	0.0000	0.0000	0.0000	0.0000											
50	98	0.6288	6	0	0	1	0	0	0	0	0	N	N	N	N	N	N	N	N	N	N	N	N	0.0000	0.0000	0.0000	0.0000	0.0000	0.0000	0.0000	0.0000	0.0000	0.0000	0.0000	0.0000	0.0000	0.0000	0.0000	0.0000	0.0000	0.0000	0.0000	0.0000	1.0000	1.0000	1.0000	0.0000	0.0000	0.0000	0.0000	0.0000	0.0000	0.0000	0.0000	0.0000	0.0000	0.0000	0.0000	0.0000	0.0000	0.0000	0.0000	0.0000	0.0000	0.0000	0.0418	0.0376	0.0042	0.0266	0.0244	0.0021	0.0152	0.0132	0.0020	0.0032	0.0015	0.0017	0.0012	0.0010	0.0002	0.0020	0.0005	0.0015	0.0000	0.0000	0.0000	0.0000	0.0000	0.0000	0.0000	0.0000	0.0000	0.0000	0.0000	0.0000	0.0000	0.0000	0.0000	0.0000	0.0000	0.0000											
50	99	0.1837	4	0	0	1	0	0	0	0	0	N	N	N	N	N	N	N	N	N	N	N	N	0.0000	0.0000	0.0000	0.0000	0.0000	0.0000	0.0000	0.0000	0.0000	0.0000	0.0000	0.0000	0.0000	6.4659	11.0744	0.0000	26.2168	28.1483	0.0000	0.0000	0.0000	0.0000	0.0000	0.0000	-0.2631	1.0000	1.5982	1.0000	11.1970	0.0000	0.0000	0.0000	0.0000	0.0000	0.0000	0.0000	0.0000	0.0000	0.5040	0.5040	0.0000	0.5040	0.5040	0.0000	0.0000	0.0000	0.0000	0.0808	0.0714	0.0094	0.0299	0.0286	0.0013	0.0509	0.0428	0.0081	0.0780	0.0455	0.0324	0.0192	0.0179	0.0013	0.0587	0.0276	0.0311	0.0000	0.0000	0.0000	0.0000	0.0000	0.0000	0.0000	0.0000	0.0000	6.4659	11.0744	0.0000	26.2168	28.1483	0.0000	0.0000	0.0000	0.0000						
50	100	0.1317	6	1	1	2	0	0	0	0	0	N	N	Y	N	N	N	N	N	N	N	N	N	0.0000	0.0000	0.0000	0.0000	0.0000	0.0000	0.0000	0.0000	0.0000	0.0000	0.0000	0.0000	0.0000	0.0000	0.0000	0.0000	0.0000	0.0000	0.0000	0.0000	1.0000	0.0000	1.0000	0.9982	0.0000	0.0000	0.0000	0.0000	0.0000	0.0000	0.0000	0.0000	0.0000	0.0000	0.0000	0.0000	0.0000	0.0000	0.0000	0.0000	0.0000	0.0000	0.0038	0.0036	0.0003	0.0032	0.0031	0.0001	0.0006	0.0005	0.0002	0.0036	0.0018	0.0018	0.0004	0.0003	0.0000	0.0032	0.0014	0.0018	0.0000	0.0000	0.0000	0.0000	0.0000	0.0000	0.0000	0.0000	0.0000	0.0000	0.0000	0.0000	0.0000	0.0000	0.0000	0.0000	0.0000	0.0000											
50	101	0.6635	9	1	1	2	0	0	0	0	0	N	N	Y	N	N	N	N	N	N	N	N	N	0.0000	0.0000	0.0000	0.0000	0.0000	0.0000	0.0000	0.0000	0.0000	0.0000	0.0000	0.0000	0.0000	0.0000	0.0000	0.0000	0.0000	0.0000	0.0000	0.0000	1.0000	0.0000	1.0000	0.0000	0.0000	0.0000	0.0000	0.0000	0.0000	0.0000	0.0000	0.0000	0.0000	0.0000	0.0000	0.0000	0.0000	0.0000	0.0000	0.0000	0.0000	0.0000	0.0000	0.0000	0.0000	0.0000	0.0000	0.0000	0.0000	0.0000	0.0000	0.0000	0.0000	0.0000	0.0000	0.0000	0.0000	0.0000	0.0000	0.0000	0.0000	0.0000	0.0000	0.0000	0.0000	0.0000	0.0000	0.0000	0.0000	0.0000	0.0000	0.0000	0.0000	0.0000	0.0000	0.0000	0.0000	0.0000											
50	102	0.6635	8	1	0	2	0	0	0	0	0	N	N	Y	N	N	N	N	N	N	N	N	N	0.0000	0.0000	0.0000	0.0000	0.0000	0.0000	0.0000	0.0000	0.0000	0.0000	0.0000	0.0000	0.0000	0.0000	0.0000	0.0000	0.0000	0.0000	0.0000	0.0000	1.0000	0.0000	1.0000	0.0000	0.0000	0.0000	0.0000	0.0000	0.0000	0.0000	0.0000	0.0000	0.0000	0.0000	0.0000	0.0000	0.0000	0.0000	0.0000	0.0000	0.0000	0.0000	0.0000	0.0000	0.0000	0.0000	0.0000	0.0000	0.0000	0.0000	0.0000	0.0000	0.0000	0.0000	0.0000	0.0000	0.0000	0.0000	0.0000	0.0000	0.0000	0.0000	0.0000	0.0000	0.0000	0.0000	0.0000	0.0000	0.0000	0.0000	0.0000	0.0000	0.0000	0.0000	0.0000	0.0000	0.0000	0.0000											
50	103	0.6574	7	1	0	2	0	0	0	0	0	N	N	Y	N	N	N	N	N	N	N	N	N	0.0000	0.0000	0.0000	0.0000	0.0000	0.0000	0.0000	0.0000	0.0000	0.0000	0.0000	0.0000	0.0000	0.0000	0.0000	0.0000	0.0000	0.0000	0.0000	0.0000	1.0000	0.0000	1.0000	1.0091	0.0000	0.0000	0.0000	0.0000	0.0000	0.0000	0.0000	0.0000	0.0000	0.0000	0.0000	0.0000	0.0000	0.0000	0.0000	0.0000	0.0000	0.0000	0.0000	0.0000	0.0000	0.0000	0.0000	0.0000	0.0000	0.0000	0.0000	0.0030	0.0017	0.0012	0.0015	0.0013	0.0002	0.0014	0.0004	0.0010	0.0000	0.0000	0.0000	0.0000	0.0000	0.0000	0.0000	0.0000	0.0000	0.0000	0.0000	0.0000	0.0000	0.0000	0.0000	0.0000	0.0000	0.0000											
50	104	0.0727	3	0	1	1	0	0	0	0	0	N	N	N	N	N	N	N	N	N	N	N	N	0.0000	0.0000	0.0000	0.0000	0.0000	0.0000	0.0000	0.0000	0.0000	0.0000	0.0000	0.0000	0.0000	0.0000	0.0000	0.0000	0.0000	0.0000	0.0000	0.0000	1.0000	7.9994	1.0000	4.0001	0.0000	0.0000	0.0000	0.0000	0.0000	0.0000	0.0000	0.0000	0.0000	0.0000	0.0000	0.0000	0.0000	0.0000	0.0000	0.0000	0.0000	0.0000	0.2247	0.1981	0.0265	0.0409	0.0375	0.0035	0.1837	0.1606	0.0231	0.0571	0.0285	0.0287	0.0028	0.0024	0.0003	0.0544	0.0260	0.0284	0.0000	0.0000	0.0000	0.0000	0.0000	0.0000	0.0000	0.0000	0.0000	0.0000	0.0000	0.0000	0.0000	0.0000	0.0000	0.0000	0.0000	0.0000											
50	105	0.1351	7	1	0	2	0	0	0	0	0	N	N	Y	N	N	N	N	N	N	N	N	N	0.0000	0.0000	0.0000	0.0000	0.0000	0.0000	0.0000	0.0000	0.0000	0.0000	0.0000	0.0000	0.0000	0.0465	0.1929	0.0000	0.4635	0.4604	0.0000	0.0000	0.0000	0.0000	0.0000	0.0000	-0.0000	1.0000	1.0000	1.0000	1.0005	0.0000	0.0000	0.0000	0.0000	0.0000	0.0000	0.0000	0.0000	0.0000	0.0000	0.0000	0.0000	0.0000	0.0000	0.0000	0.0000	0.0000	0.0000	0.0332	0.0301	0.0030	0.0162	0.0154	0.0008	0.0169	0.0147	0.0022	0.0070	0.0035	0.0035	0.0007	0.0006	0.0001	0.0063	0.0029	0.0034	0.0000	0.0000	0.0000	0.0000	0.0000	0.0000	0.0000	0.0000	0.0000	0.0029	0.0057	0.0000	0.0284	0.0313	0.0000	0.0000	0.0000	0.0000						
50	106	0.1317	6	1	0	2	0	0	0	0	0	N	N	Y	N	N	N	N	N	N	N	N	N	0.0000	0.0000	0.0000	0.0000	0.0000	0.0000	0.0000	0.0000	0.0000	0.0000	0.0000	0.0000	0.0000	0.3361	0.6674	0.0000	0.0000	0.0000	0.0000	0.0872	1.2945	0.0000	0.0000	0.0000	-0.0000	1.0000	0.7249	1.0000	0.0368	0.0000	0.0000	0.0000	0.0000	0.0000	0.0000	0.0000	0.0000	0.0000	0.0000	0.0000	0.0000	0.0000	0.0000	0.0000	0.0000	0.0000	0.0000	0.0279	0.0255	0.0025	0.0150	0.0143	0.0007	0.0129	0.0111	0.0018	0.0027	0.0014	0.0014	0.0003	0.0003	0.0000	0.0025	0.0011	0.0013	0.0000	0.0000	0.0000	0.0000	0.0000	0.0000	0.0000	0.0000	0.0000	0.0073	0.0146	0.0000	0.0000	0.0000	0.0000	0.0082	0.0181	0.0000						
50	107	0.1302	5	1	0	2	0	0	0	0	0	N	N	Y	N	N	N	N	N	N	N	N	N	0.0000	0.0000	0.0000	0.0000	0.0000	0.0000	0.0000	0.0000	0.0000	0.0000	0.0000	0.0000	0.0000	0.4414	0.8196	0.0000	1.1084	1.0883	0.0000	0.0000	0.0000	0.0000	0.0000	0.0000	-0.0000	1.0000	0.4159	1.0000	0.0887	0.0000	0.0000	0.0000	0.0000	0.0000	0.0000	0.0000	0.0000	0.0000	0.0000	0.0000	0.0000	0.0000	0.0000	0.0000	0.0000	0.0000	0.0000	0.0178	0.0164	0.0014	0.0106	0.0101	0.0005	0.0072	0.0063	0.0010	0.0020	0.0010	0.0010	0.0003	0.0003	0.0000	0.0017	0.0008	0.0009	0.0000	0.0000	0.0000	0.0000	0.0000	0.0000	0.0000	0.0000	0.0000	0.0101	0.0196	0.0000	0.0728	0.0775	0.0000	0.0000	0.0000	0.0000						
50	108	0.1139	4	1	0	1	0	0	0	0	0	N	N	N	N	N	N	N	N	N	N	N	N	0.0000	0.0000	0.0000	0.0000	0.0000	0.0000	0.0000	0.0000	0.0000	0.0000	0.0000	0.0000	0.0000	0.0084	0.0203	0.0000	0.0000	0.0000	0.0000	0.0030	0.0679	0.0000	0.0000	0.0000	-0.0000	1.0000	3.9943	1.0000	0.9974	0.0000	0.0000	0.0000	0.0000	0.0000	0.0000	0.0000	0.0000	0.0000	0.0000	0.0000	0.0000	0.0000	0.0000	0.0000	0.0000	0.0000	0.0000	0.1222	0.1097	0.0124	0.0546	0.0513	0.0033	0.0676	0.0585	0.0091	0.0180	0.0086	0.0095	0.0014	0.0013	0.0001	0.0166	0.0073	0.0093	0.0000	0.0000	0.0000	0.0000	0.0000	0.0000	0.0000	0.0000	0.0000	0.0011	0.0023	0.0000	0.0000	0.0000	0.0000	0.0012	0.0027	0.0000						
50	109	0.6574	7	1	0	2	0	0	0	0	0	N	N	Y	N	N	N	N	N	N	N	N	N	0.0000	0.0000	0.0000	0.0000	0.0000	0.0000	0.0000	0.0000	0.0000	0.0000	0.0000	0.0000	0.0000	0.0000	0.0000	0.0000	0.0000	0.0000	0.0000	0.0000	1.0000	0.0000	1.0000	0.9909	0.0000	0.0000	0.0000	0.0000	0.0000	0.0000	0.0000	0.0000	0.0000	0.0000	0.0000	0.0000	0.0000	0.0000	0.0000	0.0000	0.0000	0.0000	0.0000	0.0000	0.0000	0.0000	0.0000	0.0000	0.0000	0.0000	0.0000	0.0029	0.0017	0.0012	0.0015	0.0013	0.0002	0.0014	0.0004	0.0010	0.0000	0.0000	0.0000	0.0000	0.0000	0.0000	0.0000	0.0000	0.0000	0.0000	0.0000	0.0000	0.0000	0.0000	0.0000	0.0000	0.0000	0.0000											
50	110	0.6288	6	1	0	2	0	0	0	0	0	N	N	Y	N	N	N	N	N	N	N	N	N	0.0000	0.0000	0.0000	0.0000	0.0000	0.0000	0.0000	0.0000	0.0000	0.0000	0.0000	0.0000	0.0000	0.0000	0.0000	0.0000	0.0000	0.0000	0.0000	0.0000	1.0000	4.0000	1.0000	0.0000	0.0000	0.0000	0.0000	0.0000	0.0000	0.0000	0.0000	0.0000	0.0000	0.0000	0.0000	0.0000	0.0000	0.0000	0.0000	0.0000	0.0000	0.0000	0.0850	0.0766	0.0084	0.0532	0.0490	0.0042	0.0318	0.0276	0.0043	0.0068	0.0032	0.0036	0.0025	0.0021	0.0004	0.0043	0.0011	0.0032	0.0000	0.0000	0.0000	0.0000	0.0000	0.0000	0.0000	0.0000	0.0000	0.0000	0.0000	0.0000	0.0000	0.0000	0.0000	0.0000	0.0000	0.0000											
50	112	0.1185	4	0	0	2	0	0	0	0	0	N	N	Y	N	N	N	N	N	N	N	N	N	0.0000	0.0000	0.0000	0.0000	0.0000	0.0000	0.0000	0.0000	0.0000	0.0000	0.0000	0.0000	0.0000	0.0000	0.0000	0.0000	0.0000	0.0000	0.0000	0.0000	1.0000	0.0000	1.0000	0.0001	0.0000	0.0000	0.0000	0.0000	0.0000	0.0000	0.0000	0.0000	0.0000	0.0000	0.0000	0.0000	0.0000	0.0000	0.0000	0.0000	0.0000	0.0000	0.0000	0.0000	0.0000	0.0000	0.0000	0.0000	0.0000	0.0000	0.0000	0.0000	0.0000	0.0000	0.0000	0.0000	0.0000	0.0000	0.0000	0.0000	0.0000	0.0000	0.0000	0.0000	0.0000	0.0000	0.0000	0.0000	0.0000	0.0000	0.0000	0.0000	0.0000	0.0000	0.0000	0.0000	0.0000	0.0000											
50	113	0.0727	3	0	0	2	0	0	0	0	0	N	N	Y	N	N	N	N	N	N	N	N	N	0.0000	0.0000	0.0000	0.0000	0.0000	0.0000	0.0000	0.0000	0.0000	0.0000	0.0000	0.0000	0.0000	0.0000	0.0000	0.0000	0.0000	0.0000	0.0000	0.0000	1.0000	4.0004	1.0000	4.9999	0.0000	0.0000	0.0000	0.0000	0.0000	0.0000	0.0000	0.0000	0.0000	0.0000	0.0000	0.0000	0.0000	0.0000	0.0000	0.0000	0.0000	0.0000	0.1241	0.1092	0.0149	0.0241	0.0220	0.0021	0.1000	0.0872	0.0129	0.0454	0.0227	0.0227	0.0021	0.0019	0.0002	0.0432	0.0208	0.0224	0.0000	0.0000	0.0000	0.0000	0.0000	0.0000	0.0000	0.0000	0.0000	0.0000	0.0000	0.0000	0.0000	0.0000	0.0000	0.0000	0.0000	0.0000											
50	114	0.6614	7	0	1	1	0	0	0	0	0	N	N	N	N	N	N	N	N	N	N	N	N	0.0000	0.0000	0.0000	0.0000	0.0000	0.0000	0.0000	0.0000	0.0000	0.0000	0.0000	0.0000	0.0000	0.0017	0.0028	0.0000	0.0000	0.0000	0.0000	0.0025	0.1400	0.0000	0.0000	0.0000	-0.0000	1.0000	4.3361	1.0000	4.6323	0.0000	0.0000	0.0000	0.0000	0.0000	0.0000	0.0000	0.0000	0.0000	0.0000	0.0000	0.0000	0.0000	0.0000	0.0000	0.0000	0.0000	0.0000	0.1462	0.1320	0.0142	0.0867	0.0810	0.0057	0.0595	0.0510	0.0085	0.0219	0.0133	0.0085	0.0126	0.0108	0.0018	0.0093	0.0026	0.0067	0.0000	0.0000	0.0000	0.0000	0.0000	0.0000	0.0000	0.0000	0.0000	0.0005	0.0007	0.0000	0.0000	0.0000	0.0000	0.0011	0.0039	0.0000						
50	115	0.6288	6	0	0	1	0	0	0	0	0	N	N	N	N	N	N	N	N	N	N	N	N	0.0000	0.0000	0.0000	0.0000	0.0000	0.0000	0.0000	0.0000	0.0000	0.0000	0.0000	0.0000	0.0000	0.0000	0.0000	0.0000	0.0000	0.0000	0.0000	0.0000	1.0000	1.9840	1.0000	0.2610	0.0000	0.0000	0.0000	0.0000	0.0000	0.0000	0.0000	0.0000	0.0000	0.0000	0.0000	0.0000	0.0000	0.0000	0.0000	0.0000	0.0000	0.0000	0.0447	0.0403	0.0045	0.0284	0.0261	0.0023	0.0163	0.0141	0.0022	0.0039	0.0018	0.0020	0.0014	0.0012	0.0002	0.0025	0.0006	0.0018	0.0000	0.0000	0.0000	0.0000	0.0000	0.0000	0.0000	0.0000	0.0000	0.0000	0.0000	0.0000	0.0000	0.0000	0.0000	0.0000	0.0000	0.0000											
50	116	0.0727	3	0	1	1	1	0	0	0	0	N	N	N	N	N	N	N	N	N	N	N	N	0.0000	0.0000	0.0000	0.0000	0.0000	0.0000	0.0000	0.0000	0.0000	0.0000	0.0000	0.0000	0.0000	0.0000	0.0000	0.0000	0.0000	0.0000	0.0000	0.0000	1.0000	5.0006	1.0000	2.0000	0.0000	0.0000	0.0000	0.0000	0.0000	0.0000	0.0000	0.0000	0.0000	0.0000	0.0000	0.0000	0.0000	0.0000	0.0000	0.0000	0.0000	0.0000	0.1512	0.1331	0.0181	0.0288	0.0264	0.0025	0.1223	0.1067	0.0156	0.0367	0.0185	0.0183	0.0017	0.0015	0.0002	0.0350	0.0170	0.0181	0.0000	0.0000	0.0000	0.0000	0.0000	0.0000	0.0000	0.0000	0.0000	0.0000	0.0000	0.0000	0.0000	0.0000	0.0000	0.0000	0.0000	0.0000											
50	117	0.6288	6	0	1	1	1	0	0	0	0	N	N	N	N	N	N	N	N	N	N	N	N	0.0000	0.0000	0.0000	0.0000	0.0000	0.0000	0.0000	0.0000	0.0000	0.0000	0.0000	0.0000	0.0000	0.0000	0.0000	0.0000	0.0000	0.0000	0.0000	0.0000	1.0000	0.0000	1.0000	1.0000	0.0000	0.0000	0.0000	0.0000	0.0000	0.0000	0.0000	0.0000	0.0000	0.0000	0.0000	0.0000	0.0000	0.0000	0.0000	0.0000	0.0000	0.0000	0.0000	0.0000	0.0000	0.0000	0.0000	0.0000	0.0000	0.0000	0.0000	0.0024	0.0012	0.0013	0.0009	0.0008	0.0001	0.0016	0.0004	0.0011	0.0000	0.0000	0.0000	0.0000	0.0000	0.0000	0.0000	0.0000	0.0000	0.0000	0.0000	0.0000	0.0000	0.0000	0.0000	0.0000	0.0000	0.0000											
50	118	0.0727	3	0	1	1	0	0	0	0	0	N	N	N	N	N	N	N	N	N	N	N	N	0.0000	0.0000	0.0000	0.0000	0.0000	0.0000	0.0000	0.0000	0.0000	0.0000	0.0000	0.0000	0.0000	0.0000	0.0000	0.0000	0.0000	0.0000	0.0000	0.0000	1.0000	16.9994	1.0000	6.0000	0.0000	0.0000	0.0000	0.0000	0.0000	0.0000	0.0000	0.0000	0.0000	0.0000	0.0000	0.0000	0.0000	0.0000	0.0000	0.0000	0.0000	0.0000	0.3951	0.3498	0.0452	0.0648	0.0594	0.0054	0.3303	0.2904	0.0399	0.0905	0.0444	0.0461	0.0047	0.0041	0.0006	0.0858	0.0402	0.0456	0.0000	0.0000	0.0000	0.0000	0.0000	0.0000	0.0000	0.0000	0.0000	0.0000	0.0000	0.0000	0.0000	0.0000	0.0000	0.0000	0.0000	0.0000											
50	119	0.6288	6	0	1	1	0	0	0	0	0	N	N	N	N	N	N	N	N	N	N	N	N	0.0000	0.0000	0.0000	0.0000	0.0000	0.0000	0.0000	0.0000	0.0000	0.0000	0.0000	0.0000	0.0000	0.0000	0.0000	0.0000	0.0000	0.0000	0.0000	0.0000	1.0000	5.0000	1.0000	6.0000	0.0000	0.0000	0.0000	0.0000	0.0000	0.0000	0.0000	0.0000	0.0000	0.0000	0.0000	0.0000	0.0000	0.0000	0.0000	0.0000	0.0000	0.0000	0.1033	0.0931	0.0102	0.0641	0.0591	0.0050	0.0392	0.0339	0.0052	0.0172	0.0083	0.0089	0.0064	0.0054	0.0010	0.0108	0.0028	0.0079	0.0000	0.0000	0.0000	0.0000	0.0000	0.0000	0.0000	0.0000	0.0000	0.0000	0.0000	0.0000	0.0000	0.0000	0.0000	0.0000	0.0000	0.0000											
50	120	0.6569	7	0	1	1	0	0	0	0	0	N	N	N	N	N	N	N	N	N	N	N	N	0.0000	0.0000	0.0000	0.0000	0.0000	0.0000	0.0000	0.0000	0.0000	0.0000	0.0000	0.0000	0.0000	0.0000	0.0000	0.0000	0.0000	0.0000	0.0000	0.0000	1.0000	0.9998	1.0000	0.9486	0.0000	0.0000	0.0000	0.0000	0.0000	0.0000	0.0000	0.0000	0.0000	0.0000	0.0000	0.0000	0.0000	0.0000	0.0000	0.0000	0.0000	0.0000	0.0232	0.0208	0.0024	0.0143	0.0131	0.0012	0.0089	0.0078	0.0012	0.0061	0.0032	0.0029	0.0029	0.0025	0.0004	0.0032	0.0007	0.0025	0.0000	0.0000	0.0000	0.0000	0.0000	0.0000	0.0000	0.0000	0.0000	0.0000	0.0000	0.0000	0.0000	0.0000	0.0000	0.0000	0.0000	0.0000											
50	121	0.6288	6	0	1	1	0	0	0	0	0	N	N	N	N	N	N	N	N	N	N	N	N	0.0000	0.0000	0.0000	0.0000	0.0000	0.0000	0.0000	0.0000	0.0000	0.0000	0.0000	0.0000	0.0000	0.0000	0.0000	0.0000	0.0000	0.0000	0.0000	0.0000	1.0000	3.0005	1.0000	1.1085	0.0000	0.0000	0.0000	0.0000	0.0000	0.0000	0.0000	0.0000	0.0000	0.0000	0.0000	0.0000	0.0000	0.0000	0.0000	0.0000	0.0000	0.0000	0.1126	0.1015	0.0111	0.0697	0.0642	0.0054	0.0430	0.0373	0.0057	0.0123	0.0059	0.0064	0.0046	0.0039	0.0007	0.0078	0.0020	0.0057	0.0000	0.0000	0.0000	0.0000	0.0000	0.0000	0.0000	0.0000	0.0000	0.0000	0.0000	0.0000	0.0000	0.0000	0.0000	0.0000	0.0000	0.0000											
50	122	0.1139	4	0	1	1	0	0	0	0	0	N	N	N	N	N	N	N	N	N	N	N	N	0.0000	0.0000	0.0000	0.0000	0.0000	0.0000	0.0000	0.0000	0.0000	0.0000	0.0000	0.0000	0.0000	0.0000	0.0000	0.0000	0.0000	0.0000	0.0000	0.0000	1.0000	2.0001	1.0000	3.0000	0.0000	0.0000	0.0000	0.0000	0.0000	0.0000	0.0000	0.0000	0.0000	0.0000	0.0000	0.0000	0.0000	0.0000	0.0000	0.0000	0.0000	0.0000	0.0652	0.0587	0.0066	0.0304	0.0285	0.0018	0.0348	0.0301	0.0047	0.0181	0.0086	0.0095	0.0014	0.0013	0.0001	0.0167	0.0073	0.0094	0.0000	0.0000	0.0000	0.0000	0.0000	0.0000	0.0000	0.0000	0.0000	0.0000	0.0000	0.0000	0.0000	0.0000	0.0000	0.0000	0.0000	0.0000											
50	123	0.0727	3	0	0	1	0	0	0	0	0	N	N	N	N	N	N	N	N	N	N	N	N	0.0000	0.0000	0.0000	0.0000	0.0000	0.0000	0.0000	0.0000	0.0000	0.0000	0.0000	0.0000	0.0000	0.0000	0.0000	0.0000	0.0000	0.0000	0.0000	0.0000	1.0000	6.9986	1.0000	2.0000	0.0000	0.0000	0.0000	0.0000	0.0000	0.0000	0.0000	0.0000	0.0000	0.0000	0.0000	0.0000	0.0000	0.0000	0.0000	0.0000	0.0000	0.0000	0.2013	0.1774	0.0239	0.0372	0.0341	0.0032	0.1641	0.1434	0.0207	0.0454	0.0227	0.0227	0.0021	0.0019	0.0002	0.0432	0.0208	0.0224	0.0000	0.0000	0.0000	0.0000	0.0000	0.0000	0.0000	0.0000	0.0000	0.0000	0.0000	0.0000	0.0000	0.0000	0.0000	0.0000	0.0000	0.0000											
50	124	0.6623	7	0	1	1	0	0	0	0	0	N	N	N	N	N	N	N	N	N	N	N	N	0.0000	0.0000	0.0000	0.0000	0.0000	0.0000	0.0000	0.0000	0.0000	0.0000	0.0000	0.0000	0.0000	0.0000	0.0000	0.0000	0.0000	0.0000	0.0000	0.0000	1.0000	3.9006	1.0000	3.1543	0.0000	0.0000	0.0000	0.0000	0.0000	0.0000	0.0000	0.0000	0.0000	0.0000	0.0000	0.0000	0.0000	0.0000	0.0000	0.0000	0.0000	0.0000	0.1672	0.1521	0.0151	0.1119	0.1042	0.0077	0.0553	0.0480	0.0073	0.0251	0.0154	0.0096	0.0139	0.0126	0.0013	0.0112	0.0028	0.0084	0.0000	0.0000	0.0000	0.0000	0.0000	0.0000	0.0000	0.0000	0.0000	0.0000	0.0000	0.0000	0.0000	0.0000	0.0000	0.0000	0.0000	0.0000											
50	125	0.6288	6	0	1	1	0	0	0	0	0	N	N	N	N	N	N	N	N	N	N	N	N	0.0000	0.0000	0.0000	0.0000	0.0000	0.0000	0.0000	0.0000	0.0000	0.0000	0.0000	0.0000	0.0000	0.0000	0.0000	0.0000	0.0000	0.0000	0.0000	0.0000	1.0000	1.6924	1.0000	1.9110	0.0000	0.0000	0.0000	0.0000	0.0000	0.0000	0.0000	0.0000	0.0000	0.0000	0.0000	0.0000	0.0000	0.0000	0.0000	0.0000	0.0000	0.0000	0.0680	0.0613	0.0068	0.0428	0.0394	0.0034	0.0252	0.0218	0.0034	0.0109	0.0052	0.0057	0.0040	0.0034	0.0006	0.0069	0.0018	0.0051	0.0000	0.0000	0.0000	0.0000	0.0000	0.0000	0.0000	0.0000	0.0000	0.0000	0.0000	0.0000	0.0000	0.0000	0.0000	0.0000	0.0000	0.0000											
50	126	0.0727	3	0	1	1	0	0	0	0	0	N	N	N	N	N	N	N	N	N	N	N	N	0.0000	0.0000	0.0000	0.0000	0.0000	0.0000	0.0000	0.0000	0.0000	0.0000	0.0000	0.0000	0.0000	0.0000	0.0000	0.0000	0.0000	0.0000	0.0000	0.0000	1.0000	0.9996	1.0000	8.0005	0.0000	0.0000	0.0000	0.0000	0.0000	0.0000	0.0000	0.0000	0.0000	0.0000	0.0000	0.0000	0.0000	0.0000	0.0000	0.0000	0.0000	0.0000	0.0337	0.0296	0.0041	0.0069	0.0063	0.0006	0.0268	0.0233	0.0035	0.0454	0.0227	0.0227	0.0021	0.0019	0.0002	0.0432	0.0208	0.0224	0.0000	0.0000	0.0000	0.0000	0.0000	0.0000	0.0000	0.0000	0.0000	0.0000	0.0000	0.0000	0.0000	0.0000	0.0000	0.0000	0.0000	0.0000											
50	127	0.2000	5	0	0	1	0	0	0	0	0	N	N	N	N	N	N	N	N	N	N	N	N	0.0000	0.0000	0.0000	0.0000	0.0000	0.0000	0.0000	0.0000	0.0000	0.0000	0.0000	0.0000	0.0000	0.0000	0.0000	2.7233	3.6720	0.0000	0.1112	0.1095	0.0000	3.3911	7.0522	0.0000	0.0000	0.0000	-0.0885	1.0000	3.6536	1.0000	12.3970	0.0000	0.0000	0.0000	0.0000	0.0000	0.0000	0.0000	0.0000	0.0000	0.1696	0.1696	0.0000	0.0002	0.0002	0.0000	0.1694	0.1694	0.0000	0.1436	0.1271	0.0165	0.0503	0.0474	0.0028	0.0933	0.0797	0.0136	0.0811	0.0462	0.0349	0.0164	0.0151	0.0014	0.0646	0.0311	0.0335	0.0000	0.0000	0.0000	0.0000	0.0000	0.0000	0.0000	0.0000	0.0000	2.0919	3.6720	0.0000	0.0103	0.0113	0.0000	2.6214	5.4432	0.0000				
50	128	0.3784	5	0	0	1	0	0	0	0	0	N	N	N	N	N	N	N	N	N	N	N	N	0.0000	0.0000	0.0000	0.0000	0.0000	0.0000	0.0000	0.0000	0.0000	0.0000	0.0000	0.0000	0.0000	0.0000	0.0000	1.8683	2.5976	0.0000	0.2179	0.2336	0.0000	2.2716	4.6360	0.0000	0.0000	0.0000	-0.0282	1.0000	5.3495	1.0000	12.4099	0.0000	0.0000	0.0000	0.0000	0.0000	0.0000	0.0000	0.0000	0.0000	0.0540	0.0540	0.0000	0.0008	0.0008	0.0000	0.0532	0.0532	0.0000	0.2114	0.1881	0.0233	0.0834	0.0771	0.0063	0.1280	0.1110	0.0170	0.1241	0.0793	0.0448	0.0589	0.0500	0.0088	0.0652	0.0292	0.0360	0.0000	0.0000	0.0000	0.0000	0.0000	0.0000	0.0000	0.0000	0.0000	0.4354	0.6815	0.0000	0.0144	0.0170	0.0000	0.8155	1.8191	0.0000				
50	129	0.1842	9	0	1	1	1	0	0	0	0	N	N	N	N	N	N	N	N	N	N	N	N	0.0000	0.0000	0.0000	0.0000	0.0000	0.0000	0.0000	0.0000	0.0000	0.0000	0.0000	0.0000	0.0000	0.0000	0.0000	0.0000	0.0000	0.0000	0.0000	0.0000	1.0000	0.0000	1.0000	0.0000	0.0000	0.0000	0.0000	0.0000	0.0000	0.0000	0.0000	0.0000	0.0000	0.0000	0.0000	0.0000	0.0000	0.0000	0.0000	0.0000	0.0000	0.0000	0.0000	0.0000	0.0000	0.0000	0.0000	0.0000	0.0000	0.0000	0.0000	0.0000	0.0000	0.0000	0.0000	0.0000	0.0000	0.0000	0.0000	0.0000	0.0000	0.0000	0.0000	0.0000	0.0000	0.0000	0.0000	0.0000	0.0000	0.0000	0.0000	0.0000	0.0000	0.0000	0.0000	0.0000	0.0000	0.0000											
50	130	0.1679	8	0	1	1	1	0	0	0	0	N	N	N	N	N	N	N	N	N	N	N	N	0.0000	0.0000	0.0000	0.0000	0.0000	0.0000	0.0000	0.0000	0.0000	0.0000	0.0000	0.0000	0.0000	0.0000	0.0000	0.0000	0.0000	0.0000	0.0000	0.0000	1.0000	0.0000	1.0000	3.0001	0.0000	0.0000	0.0000	0.0000	0.0000	0.0000	0.0000	0.0000	0.0000	0.0000	0.0000	0.0000	0.0000	0.0000	0.0000	0.0000	0.0000	0.0000	0.0000	0.0000	0.0000	0.0000	0.0000	0.0000	0.0000	0.0000	0.0000	0.0111	0.0055	0.0056	0.0011	0.0010	0.0001	0.0100	0.0045	0.0055	0.0000	0.0000	0.0000	0.0000	0.0000	0.0000	0.0000	0.0000	0.0000	0.0000	0.0000	0.0000	0.0000	0.0000	0.0000	0.0000	0.0000	0.0000											
50	131	0.1582	7	0	1	1	0	0	0	0	0	N	N	N	N	N	N	N	N	N	N	N	N	0.0000	0.0000	0.0000	0.0000	0.0000	0.0000	0.0000	0.0000	0.0000	0.0000	0.0000	0.0000	0.0000	0.0000	0.0000	0.0000	0.0000	0.0000	0.0000	0.0000	1.0000	0.0000	1.0000	0.0000	0.0000	0.0000	0.0000	0.0000	0.0000	0.0000	0.0000	0.0000	0.0000	0.0000	0.0000	0.0000	0.0000	0.0000	0.0000	0.0000	0.0000	0.0000	0.0000	0.0000	0.0000	0.0000	0.0000	0.0000	0.0000	0.0000	0.0000	0.0000	0.0000	0.0000	0.0000	0.0000	0.0000	0.0000	0.0000	0.0000	0.0000	0.0000	0.0000	0.0000	0.0000	0.0000	0.0000	0.0000	0.0000	0.0000	0.0000	0.0000	0.0000	0.0000	0.0000	0.0000	0.0000	0.0000											
50	132	0.1679	8	0	0	2	1	0	0	0	0	N	N	Y	N	N	N	N	N	N	N	N	N	0.0000	0.0000	0.0000	0.0000	0.0000	0.0000	0.0000	0.0000	0.0000	0.0000	0.0000	0.0000	0.0000	0.0000	0.0000	0.0000	0.0000	0.0000	0.0000	0.0000	1.0000	0.0000	1.0000	1.9999	0.0000	0.0000	0.0000	0.0000	0.0000	0.0000	0.0000	0.0000	0.0000	0.0000	0.0000	0.0000	0.0000	0.0000	0.0000	0.0000	0.0000	0.0000	0.0000	0.0000	0.0000	0.0000	0.0000	0.0000	0.0000	0.0000	0.0000	0.0076	0.0038	0.0038	0.0008	0.0008	0.0001	0.0068	0.0031	0.0037	0.0000	0.0000	0.0000	0.0000	0.0000	0.0000	0.0000	0.0000	0.0000	0.0000	0.0000	0.0000	0.0000	0.0000	0.0000	0.0000	0.0000	0.0000											
50	133	0.1789	9	0	0	2	1	0	0	0	0	N	N	Y	N	N	N	N	N	N	N	N	N	0.0000	0.0000	0.0000	0.0000	0.0000	0.0000	0.0000	0.0000	0.0000	0.0000	0.0000	0.0000	0.0000	0.0000	0.0000	0.0000	0.0000	0.0000	0.0000	0.0000	1.0000	1.0000	1.0000	0.0000	0.0000	0.0000	0.0000	0.0000	0.0000	0.0000	0.0000	0.0000	0.0000	0.0000	0.0000	0.0000	0.0000	0.0000	0.0000	0.0000	0.0000	0.0000	0.0319	0.0283	0.0036	0.0142	0.0130	0.0012	0.0177	0.0153	0.0024	0.0037	0.0018	0.0019	0.0007	0.0005	0.0002	0.0030	0.0013	0.0017	0.0000	0.0000	0.0000	0.0000	0.0000	0.0000	0.0000	0.0000	0.0000	0.0000	0.0000	0.0000	0.0000	0.0000	0.0000	0.0000	0.0000	0.0000											
50	134	0.1789	9	0	0	2	1	0	0	0	0	N	N	Y	N	N	N	N	N	N	N	N	N	0.0000	0.0000	0.0000	0.0000	0.0000	0.0000	0.0000	0.0000	0.0000	0.0000	0.0000	0.0000	0.0000	0.0000	0.0000	0.0000	0.0000	0.0000	0.0000	0.0000	1.0000	0.0000	1.0000	0.0000	0.0000	0.0000	0.0000	0.0000	0.0000	0.0000	0.0000	0.0000	0.0000	0.0000	0.0000	0.0000	0.0000	0.0000	0.0000	0.0000	0.0000	0.0000	0.0000	0.0000	0.0000	0.0000	0.0000	0.0000	0.0000	0.0000	0.0000	0.0000	0.0000	0.0000	0.0000	0.0000	0.0000	0.0000	0.0000	0.0000	0.0000	0.0000	0.0000	0.0000	0.0000	0.0000	0.0000	0.0000	0.0000	0.0000	0.0000	0.0000	0.0000	0.0000	0.0000	0.0000	0.0000	0.0000											
50	135	0.1679	8	0	0	2	1	0	0	0	0	N	N	Y	N	N	N	N	N	N	N	N	N	0.0000	0.0000	0.0000	0.0000	0.0000	0.0000	0.0000	0.0000	0.0000	0.0000	0.0000	0.0000	0.0000	0.0000	0.0000	0.0000	0.0000	0.0000	0.0000	0.0000	1.0000	2.0025	1.0000	0.9943	0.0000	0.0000	0.0000	0.0000	0.0000	0.0000	0.0000	0.0000	0.0000	0.0000	0.0000	0.0000	0.0000	0.0000	0.0000	0.0000	0.0000	0.0000	0.0629	0.0558	0.0071	0.0269	0.0247	0.0022	0.0360	0.0312	0.0049	0.0111	0.0055	0.0056	0.0011	0.0010	0.0001	0.0100	0.0045	0.0055	0.0000	0.0000	0.0000	0.0000	0.0000	0.0000	0.0000	0.0000	0.0000	0.0000	0.0000	0.0000	0.0000	0.0000	0.0000	0.0000	0.0000	0.0000											
50	136	0.1679	7	0	0	1	1	0	0	0	0	N	N	N	N	N	N	N	N	N	N	N	N	0.0000	0.0000	0.0000	0.0000	0.0000	0.0000	0.0000	0.0000	0.0000	0.0000	0.0000	0.0000	0.0000	0.0000	0.0000	0.0000	0.0000	0.0000	0.0000	0.0000	1.0000	0.0050	1.0000	0.0173	0.0000	0.0000	0.0000	0.0000	0.0000	0.0000	0.0000	0.0000	0.0000	0.0000	0.0000	0.0000	0.0000	0.0000	0.0000	0.0000	0.0000	0.0000	0.0004	0.0003	0.0000	0.0003	0.0002	0.0000	0.0001	0.0001	0.0000	0.0004	0.0003	0.0001	0.0002	0.0002	0.0000	0.0002	0.0002	0.0001	0.0000	0.0000	0.0000	0.0000	0.0000	0.0000	0.0000	0.0000	0.0000	0.0000	0.0000	0.0000	0.0000	0.0000	0.0000	0.0000	0.0000	0.0000											
50	137	0.1582	6	0	0	1	1	0	0	0	0	N	N	N	N	N	N	N	N	N	N	N	N	0.0000	0.0000	0.0000	0.0000	0.0000	0.0000	0.0000	0.0000	0.0000	0.0000	0.0000	0.0000	0.0000	0.0000	0.0000	0.0000	0.0000	0.0000	0.0000	0.0000	1.0000	1.9972	1.0000	1.0076	0.0000	0.0000	0.0000	0.0000	0.0000	0.0000	0.0000	0.0000	0.0000	0.0000	0.0000	0.0000	0.0000	0.0000	0.0000	0.0000	0.0000	0.0000	0.0585	0.0519	0.0067	0.0232	0.0213	0.0019	0.0353	0.0305	0.0048	0.0103	0.0050	0.0053	0.0010	0.0009	0.0001	0.0094	0.0042	0.0052	0.0000	0.0000	0.0000	0.0000	0.0000	0.0000	0.0000	0.0000	0.0000	0.0000	0.0000	0.0000	0.0000	0.0000	0.0000	0.0000	0.0000	0.0000											
50	138	0.1409	5	1	1	1	0	0	0	0	0	N	N	N	N	N	N	N	N	N	N	N	N	0.0000	0.0000	0.0000	0.0000	0.0000	0.0000	0.0000	0.0000	0.0000	0.0000	0.0000	0.0000	0.0000	0.4672	0.7592	0.0000	0.6373	0.6151	0.0000	0.0000	0.0000	0.0000	0.0000	0.0000	-0.0001	1.0000	0.0002	1.0000	2.3255	0.0000	0.0000	0.0000	0.0000	0.0000	0.0000	0.0000	0.0000	0.0000	0.0001	0.0001	0.0000	0.0001	0.0001	0.0000	0.0000	0.0000	0.0000	0.0000	0.0000	0.0000	0.0000	0.0000	0.0000	0.0000	0.0000	0.0000	0.0096	0.0055	0.0040	0.0024	0.0023	0.0001	0.0071	0.0032	0.0039	0.0000	0.0000	0.0000	0.0000	0.0000	0.0000	0.0000	0.0000	0.0000	0.0104	0.0181	0.0000	0.0411	0.0436	0.0000	0.0000	0.0000	0.0000						
50	139	0.1231	4	1	1	1	0	0	0	0	0	N	N	N	N	N	N	N	N	N	N	N	N	0.0000	0.0000	0.0000	0.0000	0.0000	0.0000	0.0000	0.0000	0.0000	0.0000	0.0000	0.0000	0.0000	0.0000	0.0000	0.1575	0.3866	0.0000	0.0039	0.0034	0.0000	0.0419	0.9654	0.0000	0.0000	0.0000	-0.0001	1.0000	2.0138	1.0000	2.7349	0.0000	0.0000	0.0000	0.0000	0.0000	0.0000	0.0000	0.0000	0.0000	0.0001	0.0001	0.0000	0.0000	0.0000	0.0000	0.0001	0.0001	0.0000	0.0641	0.0571	0.0070	0.0213	0.0200	0.0013	0.0428	0.0372	0.0057	0.0249	0.0138	0.0111	0.0067	0.0063	0.0004	0.0182	0.0076	0.0107	0.0000	0.0000	0.0000	0.0000	0.0000	0.0000	0.0000	0.0000	0.0000	0.0044	0.0079	0.0000	0.0015	0.0016	0.0000	0.0055	0.0132	0.0000				
50	140	0.1396	5	0	1	1	0	0	0	0	0	N	N	N	N	N	N	N	N	N	N	N	N	0.0000	0.0000	0.0000	0.0000	0.0000	0.0000	0.0000	0.0000	0.0000	0.0000	0.0000	0.0000	0.0000	0.0000	0.0000	0.0000	0.0000	0.0000	0.0000	0.0000	1.0000	1.9232	1.0000	1.1116	0.0000	0.0000	0.0000	0.0000	0.0000	0.0000	0.0000	0.0000	0.0000	0.0000	0.0000	0.0000	0.0000	0.0000	0.0000	0.0000	0.0000	0.0000	0.0854	0.0777	0.0077	0.0332	0.0319	0.0014	0.0522	0.0458	0.0063	0.0130	0.0068	0.0062	0.0018	0.0016	0.0001	0.0112	0.0051	0.0061	0.0000	0.0000	0.0000	0.0000	0.0000	0.0000	0.0000	0.0000	0.0000	0.0000	0.0000	0.0000	0.0000	0.0000	0.0000	0.0000	0.0000	0.0000											
50	141	0.6480	7	0	1	1	0	0	0	0	0	N	N	N	N	N	N	N	N	N	N	N	N	0.0000	0.0000	0.0000	0.0000	0.0000	0.0000	0.0000	0.0000	0.0000	0.0000	0.0000	0.0000	0.0000	0.0000	0.0000	0.0000	0.0000	0.0000	0.0000	0.0000	1.0000	3.0000	1.0000	1.0000	0.0000	0.0000	0.0000	0.0000	0.0000	0.0000	0.0000	0.0000	0.0000	0.0000	0.0000	0.0000	0.0000	0.0000	0.0000	0.0000	0.0000	0.0000	0.1234	0.1112	0.0122	0.0805	0.0740	0.0065	0.0430	0.0373	0.0057	0.0120	0.0058	0.0063	0.0045	0.0038	0.0007	0.0076	0.0020	0.0056	0.0000	0.0000	0.0000	0.0000	0.0000	0.0000	0.0000	0.0000	0.0000	0.0000	0.0000	0.0000	0.0000	0.0000	0.0000	0.0000	0.0000	0.0000											
50	142	0.6288	6	0	0	1	0	0	0	0	0	N	N	N	N	N	N	N	N	N	N	N	N	0.0000	0.0000	0.0000	0.0000	0.0000	0.0000	0.0000	0.0000	0.0000	0.0000	0.0000	0.0000	0.0000	0.0000	0.0000	0.0000	0.0000	0.0000	0.0000	0.0000	1.0000	1.0000	1.0000	1.0000	0.0000	0.0000	0.0000	0.0000	0.0000	0.0000	0.0000	0.0000	0.0000	0.0000	0.0000	0.0000	0.0000	0.0000	0.0000	0.0000	0.0000	0.0000	0.0418	0.0376	0.0042	0.0266	0.0244	0.0021	0.0152	0.0132	0.0020	0.0063	0.0030	0.0033	0.0023	0.0019	0.0004	0.0040	0.0010	0.0029	0.0000	0.0000	0.0000	0.0000	0.0000	0.0000	0.0000	0.0000	0.0000	0.0000	0.0000	0.0000	0.0000	0.0000	0.0000	0.0000	0.0000	0.0000											
50	143	0.3784	5	0	0	1	0	0	0	0	0	N	N	N	N	N	N	N	N	N	N	N	N	0.0000	0.0000	0.0000	0.0000	0.0000	0.0000	0.0000	0.0000	0.0000	0.0000	0.0000	0.0000	0.0000	0.0000	0.0000	0.0000	0.0000	0.0000	0.0000	0.0000	1.0000	7.1211	1.0000	10.9474	0.0000	0.0000	0.0000	0.0000	0.0000	0.0000	0.0000	0.0000	0.0000	0.0000	0.0000	0.0000	0.0000	0.0000	0.0000	0.0000	0.0000	0.0000	0.2490	0.2215	0.0276	0.0912	0.0843	0.0069	0.1578	0.1372	0.0206	0.1245	0.0794	0.0451	0.0589	0.0501	0.0089	0.0656	0.0294	0.0362	0.0000	0.0000	0.0000	0.0000	0.0000	0.0000	0.0000	0.0000	0.0000	0.0000	0.0000	0.0000	0.0000	0.0000	0.0000	0.0000	0.0000	0.0000											
50	144	0.1837	4	0	0	1	0	0	0	0	0	N	N	N	N	N	N	N	N	N	N	N	N	0.0000	0.0000	0.0000	0.0000	0.0000	0.0000	0.0000	0.0000	0.0000	0.0000	0.0000	0.0000	0.0000	0.0000	0.0000	0.0000	0.0000	0.0000	4.2434	7.7022	0.0512	4.1483	4.1258	0.6393	4.9944	10.7344	0.0084	0.0017	0.0000	-0.2583	1.0000	8.5175	1.0000	23.1696	0.0000	0.0000	0.0000	0.0000	0.0000	0.0000	0.0000	0.0000	0.0000	0.4966	0.4957	0.0008	0.0273	0.0269	0.0004	0.4693	0.4689	0.0004	0.2555	0.2264	0.0291	0.0762	0.0711	0.0051	0.1793	0.1554	0.0240	0.1170	0.0644	0.0527	0.0231	0.0207	0.0024	0.0940	0.0437	0.0503	0.0000	0.0000	0.0000	0.0000	0.0000	0.0000	0.0000	0.0000	0.0000	4.2434	7.7022	0.0161	1.1837	1.2991	0.1801	4.9944	10.7344	0.0084	
50	145	0.1582	7	1	1	1	0	0	0	0	0	N	N	N	N	N	N	N	N	N	N	N	N	0.0000	0.0000	0.0000	0.0000	0.0000	0.0000	0.0000	0.0000	0.0000	0.0000	0.0000	0.0000	0.0000	0.0000	0.0000	0.0000	0.0000	0.0000	0.0000	0.0000	1.0000	1.0000	1.0000	1.0000	0.0000	0.0000	0.0000	0.0000	0.0000	0.0000	0.0000	0.0000	0.0000	0.0000	0.0000	0.0000	0.0000	0.0000	0.0000	0.0000	0.0000	0.0000	0.0301	0.0266	0.0034	0.0121	0.0111	0.0010	0.0179	0.0155	0.0024	0.0070	0.0034	0.0036	0.0006	0.0006	0.0001	0.0063	0.0028	0.0035	0.0000	0.0000	0.0000	0.0000	0.0000	0.0000	0.0000	0.0000	0.0000	0.0000	0.0000	0.0000	0.0000	0.0000	0.0000	0.0000	0.0000	0.0000											
50	146	0.1582	6	0	1	1	0	0	0	0	0	N	N	N	N	N	N	N	N	N	N	N	N	0.0000	0.0000	0.0000	0.0000	0.0000	0.0000	0.0000	0.0000	0.0000	0.0000	0.0000	0.0000	0.0000	0.0000	0.0000	0.0000	0.0000	0.0000	0.0000	0.0000	1.0000	0.0003	1.0000	0.0000	0.0000	0.0000	0.0000	0.0000	0.0000	0.0000	0.0000	0.0000	0.0000	0.0000	0.0000	0.0000	0.0000	0.0000	0.0000	0.0000	0.0000	0.0000	0.0000	0.0000	0.0000	0.0000	0.0000	0.0000	0.0000	0.0000	0.0000	0.0000	0.0000	0.0000	0.0000	0.0000	0.0000	0.0000	0.0000	0.0000	0.0000	0.0000	0.0000	0.0000	0.0000	0.0000	0.0000	0.0000	0.0000	0.0000	0.0000	0.0000	0.0000	0.0000	0.0000	0.0000	0.0000	0.0000											
50	147	0.1396	5	0	0	1	0	0	0	0	0	N	N	N	N	N	N	N	N	N	N	N	N	0.0000	0.0000	0.0000	0.0000	0.0000	0.0000	0.0000	0.0000	0.0000	0.0000	0.0000	0.0000	0.0000	0.0000	0.0000	0.0000	0.0000	0.0000	0.0000	0.0000	1.0000	4.9449	1.0000	1.0063	0.0000	0.0000	0.0000	0.0000	0.0000	0.0000	0.0000	0.0000	0.0000	0.0000	0.0000	0.0000	0.0000	0.0000	0.0000	0.0000	0.0000	0.0000	0.1531	0.1370	0.0161	0.0490	0.0462	0.0028	0.1042	0.0908	0.0133	0.0233	0.0119	0.0115	0.0027	0.0024	0.0002	0.0207	0.0095	0.0112	0.0000	0.0000	0.0000	0.0000	0.0000	0.0000	0.0000	0.0000	0.0000	0.0000	0.0000	0.0000	0.0000	0.0000	0.0000	0.0000	0.0000	0.0000											
50	148	0.1231	4	0	0	1	0	0	0	0	0	N	N	N	N	N	N	N	N	N	N	N	N	0.0000	0.0000	0.0000	0.0000	0.0000	0.0000	0.0000	0.0000	0.0000	0.0000	0.0000	0.0000	0.0000	0.0013	0.0027	0.0000	0.0039	0.0034	0.0000	0.0000	0.0000	0.0000	0.0000	0.0000	-0.0000	1.0000	3.4778	1.0000	1.2917	0.0000	0.0000	0.0000	0.0000	0.0000	0.0000	0.0000	0.0000	0.0000	0.0000	0.0000	0.0000	0.0000	0.0000	0.0000	0.0000	0.0000	0.0000	0.0982	0.0871	0.0110	0.0307	0.0286	0.0022	0.0675	0.0586	0.0089	0.0250	0.0139	0.0111	0.0067	0.0063	0.0004	0.0183	0.0076	0.0107	0.0000	0.0000	0.0000	0.0000	0.0000	0.0000	0.0000	0.0000	0.0000	0.0004	0.0007	0.0000	0.0015	0.0016	0.0000	0.0000	0.0000	0.0000						
50	149	0.0727	3	0	0	1	0	0	0	0	0	N	N	N	N	N	N	N	N	N	N	N	N	0.0000	0.0000	0.0000	0.0000	0.0000	0.0000	0.0000	0.0000	0.0000	0.0000	0.0000	0.0000	0.0000	0.0004	0.0009	0.0000	0.0000	0.0000	0.0000	0.0002	0.0071	0.0000	0.0000	0.0000	-0.0000	1.0000	7.8050	1.0000	4.0035	0.0000	0.0000	0.0000	0.0000	0.0000	0.0000	0.0000	0.0000	0.0000	0.0000	0.0000	0.0000	0.0000	0.0000	0.0000	0.0000	0.0000	0.0000	0.2202	0.1942	0.0260	0.0402	0.0368	0.0034	0.1800	0.1573	0.0226	0.0564	0.0281	0.0283	0.0027	0.0024	0.0003	0.0537	0.0257	0.0280	0.0000	0.0000	0.0000	0.0000	0.0000	0.0000	0.0000	0.0000	0.0000	0.0002	0.0004	0.0000	0.0000	0.0000	0.0000	0.0002	0.0004	0.0000						
50	150	0.2000	5	0	0	1	0	0	0	0	0	N	N	N	N	N	N	N	N	N	N	N	N	0.0000	0.0000	0.0000	0.0000	0.0000	0.0000	0.0000	0.0000	0.0000	0.0000	0.0000	0.0000	0.0000	0.0000	0.0000	2.6644	3.6597	0.0000	0.1095	0.1060	0.0000	3.3391	6.6097	0.0000	0.0000	0.0000	-0.0885	1.0000	3.7255	1.0000	14.1767	0.0000	0.0000	0.0000	0.0000	0.0000	0.0000	0.0000	0.0000	0.0000	0.1696	0.1696	0.0000	0.0002	0.0002	0.0000	0.1694	0.1694	0.0000	0.1455	0.1288	0.0167	0.0508	0.0480	0.0029	0.0947	0.0809	0.0138	0.0857	0.0485	0.0372	0.0169	0.0154	0.0015	0.0688	0.0331	0.0357	0.0000	0.0000	0.0000	0.0000	0.0000	0.0000	0.0000	0.0000	0.0000	1.9776	3.4932	0.0000	0.0100	0.0110	0.0000	2.4619	5.1187	0.0000				
50	151	0.1837	4	0	0	1	0	0	0	0	0	N	N	N	N	N	N	N	N	N	N	N	N	0.0000	0.0000	0.0000	0.0000	0.0000	0.0000	0.0000	0.0000	0.0000	0.0000	0.0000	0.0000	0.0000	0.0000	0.0000	0.0000	0.0000	0.0000	9.2492	14.9567	0.0183	6.3875	6.3021	0.4072	11.2408	24.4772	0.0043	0.0003	0.0000	-0.2594	1.0000	1.4205	1.0000	4.0377	0.0000	0.0000	0.0000	0.0000	0.0000	0.0000	0.0000	0.0000	0.0000	0.4974	0.4973	0.0002	0.0855	0.0854	0.0001	0.4119	0.4118	0.0001	0.0754	0.0667	0.0088	0.0283	0.0272	0.0011	0.0471	0.0394	0.0077	0.0538	0.0332	0.0205	0.0171	0.0164	0.0007	0.0366	0.0168	0.0198	0.0000	0.0000	0.0000	0.0000	0.0000	0.0000	0.0000	0.0000	0.0000	9.2492	14.9567	0.0083	4.9905	5.2027	0.1198	11.2408	24.4772	0.0043	
50	152	0.0727	3	0	0	1	0	0	0	0	0	N	N	N	N	N	N	N	N	N	N	N	N	0.0000	0.0000	0.0000	0.0000	0.0000	0.0000	0.0000	0.0000	0.0000	0.0000	0.0000	0.0000	0.0000	0.0000	0.0000	6.3334	12.8511	0.0017	0.0000	0.0000	0.0000	6.6707	14.1329	0.0018	0.0001	0.0000	-0.2630	1.0000	6.4701	1.0000	12.4371	0.0000	0.0000	0.0000	0.0000	0.0000	0.0000	0.0000	0.0000	0.0000	0.5040	0.5040	0.0001	0.0000	0.0000	0.0000	0.5040	0.5040	0.0001	0.1885	0.1661	0.0224	0.0351	0.0321	0.0030	0.1534	0.1339	0.0194	0.0796	0.0392	0.0404	0.0040	0.0036	0.0005	0.0756	0.0357	0.0399	0.0000	0.0000	0.0000	0.0000	0.0000	0.0000	0.0000	0.0000	0.0000	6.3334	12.8511	0.0017	0.0000	0.0000	0.0000	6.6707	14.1329	0.0018				
51	52	0.7086	10	0	2	0	0	0	0	0	0	N	Y	N	N	N	N	N	N	N	N	N	N	0.0000	0.0000	0.0000	0.0000	0.0000	0.0000	0.0000	0.0000	0.0000	0.0000	0.0000	0.0000	0.0000	0.0000	0.0000	0.0000	0.0000	0.1111	0.1098	0.0000	0.0250	0.0270	0.0000	0.0000	0.0004	0.0000	0.0002	0.0000	-0.0000	0.0003	0.9211	0.9690	0.1671	0.0000	0.0000	0.0000	0.0000	0.0000	0.0000	0.0000	0.0000	0.0000	0.0000	0.0000	0.0000	0.0000	0.0000	0.0000	0.0000	0.0000	0.0000	0.0000	0.0000	0.0000	0.0000	0.0000	0.0000	0.0000	0.0000	0.0000	0.0054	0.0041	0.0012	0.0037	0.0033	0.0004	0.0017	0.0008	0.0009	0.0000	0.0000	0.0000	0.0000	0.0000	0.0000	0.0000	0.0000	0.0000	0.0036	0.0046	0.0000	0.0052	0.0058	0.0000	0.0000	0.0000	0.0000		
51	53	0.0673	4	0	2	0	0	0	0	0	0	N	Y	N	N	N	N	N	N	N	N	N	N	inf	inf	inf	inf	5.3214	6.0119	0.0000	15.5067	15.5078	0.0000	0.0000	0.0000	0.0000	0.0000	0.0000	0.0000	0.0000	0.0000	0.0000	0.0000	0.0000	0.0000	0.0000	-0.0001	0.0000	0.0003	1.0000	0.9690	5.0000	0.0002	0.0002	0.0000	0.0002	0.0002	0.0000	0.0000	0.0000	0.0000	0.0000	0.0000	0.0000	0.0000	0.0000	0.0000	0.0000	0.0000	0.0000	0.0000	0.0000	0.0000	0.0000	0.0000	0.0000	0.0000	0.0000	0.0000	0.0317	0.0223	0.0095	0.0123	0.0105	0.0018	0.0194	0.0118	0.0077	inf	inf	0.0000	inf	inf	0.0000	0.0000	0.0000	0.0000	0.0000	0.0000	0.0000	0.0000	0.0000	0.0000	0.0000	0.0000	0.0000						
51	54	0.0521	3	0	1	0	0	0	0	0	0	N	N	N	N	N	N	N	N	N	N	N	N	24168.1617	0.0000	inf	0.0000	0.0000	inf	inf	0.2354	0.0000	0.4928	0.0000	0.0000	0.0000	0.4641	0.0000	0.4928	0.0000	0.0001	0.0000	0.0001	0.0001	0.0000	0.0000	0.0000	0.0000	inf	0.0000	0.0000	-0.0000	0.0003	0.0000	0.9690	2.9157	0.0000	0.0000	0.0000	0.0000	0.0000	0.0000	0.0000	0.0000	0.0000	0.0000	0.0000	0.0000	0.0000	0.0000	0.0000	0.0000	0.0000	0.0000	0.0000	0.0000	0.0000	0.0000	0.0000	0.0000	0.0000	0.0000	0.0000	0.0179	0.0122	0.0057	0.0072	0.0063	0.0010	0.0107	0.0060	0.0047	2102560.5110	0.0000	inf	0.0000	0.0000	0.0000	inf	0.0000	inf	0.0000	0.0000	0.0000	0.0000	0.0000	0.0000	0.0000	0.0000	0.0000		
51	55	0.6846	9	0	2	0	0	0	0	0	0	N	Y	N	N	N	N	N	N	N	N	N	N	0.0000	0.0000	0.0000	0.0000	0.0000	0.0000	0.0000	0.0000	0.0000	0.0000	0.0000	0.0000	0.0000	0.0000	0.0000	64.1668	0.0000	261.7819	0.0760	0.0000	0.2703	210.6386	0.0000	357.9245	inf	0.0000	0.4585	0.0003	2.0000	0.9690	3.0000	0.0000	0.0000	0.0000	0.0000	0.0000	0.0000	0.0000	0.0000	0.0000	0.9590	0.0000	0.9590	0.0001	0.0000	0.0001	0.9589	0.0000	0.9589	0.0002	0.0001	0.0000	0.0001	0.0001	0.0000	0.0001	0.0000	0.0000	0.0149	0.0113	0.0037	0.0104	0.0094	0.0010	0.0046	0.0019	0.0027	0.0000	0.0000	0.0000	0.0000	0.0000	0.0000	0.0000	0.0000	0.0000	64.1668	0.0000	261.7819	0.0087	0.0000	0.0914	210.6386	0.0000	357.9245				
51	56	0.0443	2	0	2	0	1	0	0	0	0	N	Y	N	N	N	N	N	N	N	N	N	N	0.7045	inf	0.0000	17.2155	inf	0.0000	0.0000	0.0000	0.6528	1.0381	0.0000	1.4326	1.4328	0.0000	0.0000	0.0000	0.0000	0.9267	0.0000	0.5490	0.0832	0.0000	0.1810	0.7394	0.0000	0.2663	0.0000	inf	-0.0000	0.0009	0.0003	1.7218	0.9690	6.9557	0.0002	0.0002	0.0000	0.0002	0.0002	0.0000	0.0000	0.0000	0.0000	0.0018	0.0000	0.0018	0.0002	0.0000	0.0002	0.0017	0.0000	0.0017	0.0002	0.0002	0.0001	0.0001	0.0001	0.0000	0.0001	0.0000	0.0001	0.0447	0.0315	0.0132	0.0171	0.0147	0.0024	0.0277	0.0168	0.0108	15.8896	inf	0.0000	160.1398	inf	0.0000	0.0000	0.0000	0.0000	0.0411	0.0000	0.1391	0.0089	0.0000	0.0639	0.0609	0.0000	0.1556	
51	57	0.1157	4	1	1	1	0	0	0	0	0	N	N	N	N	N	N	N	N	N	N	N	N	1.6705	62.1266	inf	inf	0.0000	0.0000	0.7662	0.0000	7.7497	1.3075	0.0000	27.3889	0.0000	0.0000	0.0000	0.4587	0.0000	0.1247	0.0000	0.0000	0.0000	0.2315	0.0000	0.0467	inf	inf	0.0002	0.0002	0.0003	8.9999	0.9690	5.0001	0.0002	0.0000	0.0002	0.0002	0.0000	0.0002	0.0000	0.0000	0.0000	0.0005	0.0000	0.0005	0.0000	0.0000	0.0000	0.0005	0.0000	0.0005	0.0003	0.0003	0.0000	0.0002	0.0002	0.0000	0.0001	0.0001	0.0000	0.0458	0.0332	0.0125	0.0142	0.0138	0.0004	0.0316	0.0195	0.0121	74.6010	0.0000	206.5896	inf	0.0000	inf	0.0000	0.0000	0.0000	0.0103	0.0000	0.0375	0.0000	0.0000	0.0000	0.0149	0.0000	0.0388			
51	58	0.6306	6	1	1	1	0	0	0	0	0	N	N	N	N	N	N	N	N	N	N	N	N	0.0000	0.0000	0.0000	0.0000	0.0000	0.0000	0.0000	0.0000	0.0000	0.0000	0.0000	0.0000	0.0000	0.0000	0.0000	0.0000	0.0000	0.0000	0.0000	0.0000	0.0003	0.0000	0.9690	1.0000	0.0000	0.0000	0.0000	0.0000	0.0000	0.0000	0.0000	0.0000	0.0000	0.0000	0.0000	0.0000	0.0000	0.0000	0.0000	0.0000	0.0000	0.0000	0.0000	0.0000	0.0000	0.0000	0.0000	0.0000	0.0000	0.0000	0.0000	0.0012	0.0007	0.0005	0.0005	0.0004	0.0001	0.0007	0.0003	0.0004	0.0000	0.0000	0.0000	0.0000	0.0000	0.0000	0.0000	0.0000	0.0000	0.0000	0.0000	0.0000	0.0000	0.0000	0.0000	0.0000	0.0000	0.0000											
51	61	0.7086	10	0	1	1	0	0	0	0	0	N	N	N	N	N	N	N	N	N	N	N	N	0.0000	0.0000	0.0000	0.0000	0.0000	0.0000	0.0000	0.0000	0.0000	0.0000	0.0000	0.0000	0.0000	0.0000	0.0000	0.0000	0.0000	0.0037	0.0040	0.0000	0.0025	0.0022	0.0000	0.0000	0.0002	0.0000	0.0002	0.0000	-0.0000	0.0003	1.0901	0.9690	7.9319	0.0000	0.0000	0.0000	0.0000	0.0000	0.0000	0.0000	0.0000	0.0000	0.0000	0.0000	0.0000	0.0000	0.0000	0.0000	0.0000	0.0000	0.0000	0.0000	0.0000	0.0000	0.0000	0.0000	0.0000	0.0000	0.0000	0.0000	0.0288	0.0213	0.0074	0.0192	0.0174	0.0019	0.0095	0.0040	0.0056	0.0000	0.0000	0.0000	0.0000	0.0000	0.0000	0.0000	0.0000	0.0000	0.0007	0.0009	0.0000	0.0010	0.0011	0.0000	0.0000	0.0000	0.0000		
51	62	0.6785	9	0	1	0	0	0	0	0	0	N	N	N	N	N	N	N	N	N	N	N	N	0.0058	0.0068	0.0000	0.0835	0.1126	0.0000	0.0000	0.0000	0.0001	0.0002	0.0000	0.0002	0.0002	0.0000	0.0000	0.0000	0.0000	0.0230	0.0268	0.0000	0.0025	0.0021	0.0000	0.0321	0.8148	0.0000	0.0000	0.0001	-0.0000	-0.0000	0.0003	1.6797	0.9690	2.9843	0.0000	0.0000	0.0000	0.0000	0.0000	0.0000	0.0000	0.0000	0.0000	0.0000	0.0000	0.0000	0.0000	0.0000	0.0000	0.0000	0.0000	0.0000	0.0001	0.0001	0.0000	0.0001	0.0001	0.0000	0.0001	0.0000	0.0000	0.0141	0.0106	0.0035	0.0097	0.0088	0.0009	0.0044	0.0018	0.0026	0.0648	0.0667	0.0000	0.2063	0.2189	0.0000	0.0000	0.0000	0.0000	0.0020	0.0027	0.0000	0.0010	0.0011	0.0000	0.0044	0.0104	0.0000	
51	63	0.6684	8	0	1	0	0	0	0	0	0	N	N	N	N	N	N	N	N	N	N	N	N	0.2542	0.3535	59.6802	77.2580	0.0065	0.0006	0.0037	0.0053	0.0000	0.0056	0.0068	0.0000	0.0002	0.0006	0.0000	0.0144	0.0151	0.0000	0.0001	0.0001	0.0000	0.0382	0.9126	0.0000	0.0000	0.0001	-0.0000	-0.0000	0.0003	0.4935	0.9690	1.5835	0.0000	0.0000	0.0000	0.0000	0.0000	0.0000	0.0000	0.0000	0.0000	0.0000	0.0000	0.0000	0.0000	0.0000	0.0000	0.0000	0.0000	0.0000	0.0001	0.0001	0.0000	0.0001	0.0001	0.0000	0.0000	0.0000	0.0000	0.0063	0.0048	0.0016	0.0044	0.0040	0.0004	0.0019	0.0008	0.0011	2.4139	2.6550	0.0000	7757.7410	9000.3899	0.0000	0.0496	0.0468	0.0000	0.0015	0.0020	0.0000	0.0000	0.0000	0.0000	0.0050	0.0121	0.0000			
51	64	0.7053	10	0	2	0	0	0	0	0	0	N	Y	N	N	N	N	N	N	N	N	N	N	2.9943	2.2180	0.0000	1.8301	2.3303	0.0000	0.0000	0.0000	0.0000	0.0010	0.0012	0.0000	0.0013	0.0015	0.0000	0.0000	0.0000	0.0000	0.0003	0.0005	0.0000	0.0007	0.0006	0.0000	0.0000	0.0004	0.0000	0.0000	0.0269	-0.0000	-0.0000	0.0003	0.2944	0.9690	1.0083	0.0000	0.0000	0.0000	0.0000	0.0000	0.0000	0.0000	0.0000	0.0000	0.0000	0.0000	0.0000	0.0000	0.0000	0.0000	0.0000	0.0000	0.0000	0.0000	0.0000	0.0000	0.0000	0.0000	0.0000	0.0000	0.0000	0.0000	0.0040	0.0030	0.0010	0.0028	0.0025	0.0003	0.0012	0.0005	0.0007	6.8511	6.1977	0.0000	6.1895	6.3585	0.0000	0.0000	0.0000	0.0000	0.0002	0.0002	0.0000	0.0002	0.0002	0.0000	0.0000	0.0000	0.0000
51	65	0.6846	9	0	1	0	0	0	0	0	0	N	N	N	N	N	N	N	N	N	N	N	N	0.3902	0.3494	0.0000	0.2580	0.3479	0.0000	0.0001	0.0001	0.0000	0.0001	0.0001	0.0000	0.0000	0.0000	0.0000	0.0002	0.0003	0.0001	0.0005	0.0004	0.0002	0.0000	0.0000	0.0000	0.0000	0.3218	-0.0000	-0.0000	0.0003	1.1351	0.9690	2.0429	0.0000	0.0000	0.0000	0.0000	0.0000	0.0000	0.0000	0.0000	0.0000	0.0000	0.0000	0.0000	0.0000	0.0000	0.0000	0.0000	0.0000	0.0000	0.0001	0.0001	0.0000	0.0001	0.0001	0.0000	0.0000	0.0000	0.0000	0.0097	0.0073	0.0024	0.0067	0.0061	0.0006	0.0030	0.0012	0.0017	1.2982	1.8206	0.0000	1.4120	2.0001	0.0000	0.0000	0.0000	0.0000	0.0001	0.0001	0.0001	0.0001	0.0001	0.0002	0.0000	0.0000	0.0000			
51	66	0.6684	8	0	1	0	0	0	0	0	0	N	N	N	N	N	N	N	N	N	N	N	N	inf	inf	inf	inf	inf	inf	0.0035	0.0051	0.0000	0.0054	0.0065	0.0000	0.0002	0.0006	0.0000	0.0000	0.0000	0.0000	0.0000	0.0000	0.0000	0.0000	0.0000	0.0000	0.0000	-0.0000	0.0000	0.0003	0.4912	0.9690	2.4266	0.0000	0.0000	0.0000	0.0000	0.0000	0.0000	0.0000	0.0000	0.0000	0.0000	0.0000	0.0000	0.0000	0.0000	0.0000	0.0000	0.0000	0.0000	0.0001	0.0001	0.0000	0.0001	0.0001	0.0000	0.0000	0.0000	0.0000	0.0088	0.0066	0.0022	0.0061	0.0055	0.0006	0.0027	0.0011	0.0016	inf	inf	0.0000	inf	inf	0.0000	inf	inf	0.0000	0.0000	0.0000	0.0000	0.0000	0.0000	0.0000	0.0000	0.0000	0.0000				
51	67	0.6632	7	0	1	0	0	0	0	0	0	N	N	N	N	N	N	N	N	N	N	N	N	1.5502	1.5361	0.0000	6.0863	6.5072	30535.8563	393.8662	0.0000	0.1146	0.1440	0.0000	0.1251	0.1404	0.0000	0.0808	0.1648	0.0000	0.0740	0.0937	0.0000	0.0206	0.0216	0.0000	0.0000	0.0004	0.0000	0.0000	0.0002	-0.0000	-0.0000	0.0003	0.6141	0.9690	1.2701	0.0000	0.0000	0.0000	0.0000	0.0000	0.0000	0.0000	0.0000	0.0000	0.0000	0.0000	0.0000	0.0000	0.0000	0.0000	0.0000	0.0000	0.0000	0.0002	0.0002	0.0000	0.0002	0.0001	0.0000	0.0001	0.0000	0.0000	0.0059	0.0044	0.0014	0.0041	0.0037	0.0004	0.0018	0.0007	0.0011	35.1004	33.2235	0.0000	26.4924	26.9421	0.0000	30535.8563	68318.9636	0.0000	0.0033	0.0043	0.0000	0.0047	0.0052	0.0000	0.0000	0.0000	0.0000	
51	68	0.6306	6	1	2	1	0	0	0	0	0	N	Y	N	N	N	N	N	N	N	N	N	N	0.0000	0.0000	0.0000	0.0000	0.0000	0.0000	0.0000	0.0000	0.0000	0.0000	0.0000	0.0000	0.0000	0.0000	0.0000	0.0000	0.0000	0.0000	0.0000	0.0000	0.0003	0.0000	0.9690	0.0000	0.0000	0.0000	0.0000	0.0000	0.0000	0.0000	0.0000	0.0000	0.0000	0.0000	0.0000	0.0000	0.0000	0.0000	0.0000	0.0000	0.0000	0.0000	0.0000	0.0000	0.0000	0.0000	0.0000	0.0000	0.0000	0.0000	0.0000	0.0000	0.0000	0.0000	0.0000	0.0000	0.0000	0.0000	0.0000	0.0000	0.0000	0.0000	0.0000	0.0000	0.0000	0.0000	0.0000	0.0000	0.0000	0.0000	0.0000	0.0000	0.0000	0.0000	0.0000	0.0000	0.0000	0.0000											
51	69	0.1610	6	1	2	1	0	0	0	0	0	N	Y	N	N	N	N	N	N	N	N	N	N	0.0000	0.0000	0.0000	0.0000	0.0000	0.0000	0.0000	0.0000	0.0000	0.0000	0.0000	0.0000	0.0000	0.0000	0.0000	0.0000	0.0000	0.0000	0.0000	0.0000	0.0003	1.0000	0.9690	0.0000	0.0000	0.0000	0.0000	0.0000	0.0000	0.0000	0.0000	0.0000	0.0000	0.0000	0.0000	0.0000	0.0000	0.0000	0.0000	0.0000	0.0000	0.0000	0.0000	0.0000	0.0000	0.0000	0.0000	0.0000	0.0000	0.0000	0.0000	0.0023	0.0014	0.0009	0.0005	0.0005	0.0000	0.0018	0.0009	0.0009	0.0000	0.0000	0.0000	0.0000	0.0000	0.0000	0.0000	0.0000	0.0000	0.0000	0.0000	0.0000	0.0000	0.0000	0.0000	0.0000	0.0000	0.0000											
51	70	0.1610	6	1	2	1	0	0	0	0	0	N	Y	N	N	N	N	N	N	N	N	N	N	0.0000	0.0000	0.0000	0.0000	0.0000	0.0000	0.0000	0.0000	0.0000	0.0000	0.0000	0.0000	0.0000	0.0000	0.0000	0.0000	0.0000	0.0000	0.0000	0.0000	0.0003	0.0000	0.9690	0.0000	0.0000	0.0000	0.0000	0.0000	0.0000	0.0000	0.0000	0.0000	0.0000	0.0000	0.0000	0.0000	0.0000	0.0000	0.0000	0.0000	0.0000	0.0000	0.0000	0.0000	0.0000	0.0000	0.0000	0.0000	0.0000	0.0000	0.0000	0.0000	0.0000	0.0000	0.0000	0.0000	0.0000	0.0000	0.0000	0.0000	0.0000	0.0000	0.0000	0.0000	0.0000	0.0000	0.0000	0.0000	0.0000	0.0000	0.0000	0.0000	0.0000	0.0000	0.0000	0.0000	0.0000	0.0000											
51	71	0.1387	5	1	2	1	0	0	0	0	0	N	Y	N	N	N	N	N	N	N	N	N	N	0.0000	0.0000	0.0000	0.0000	0.0000	0.0000	0.0000	0.0000	0.0000	0.0000	0.0000	0.0000	0.0000	0.0000	0.0000	0.0000	0.0000	0.0000	0.0000	0.0000	0.0003	2.0000	0.9690	1.0000	0.0000	0.0000	0.0000	0.0000	0.0000	0.0000	0.0000	0.0000	0.0000	0.0000	0.0000	0.0000	0.0000	0.0000	0.0000	0.0000	0.0000	0.0000	0.0001	0.0001	0.0000	0.0000	0.0000	0.0000	0.0000	0.0000	0.0000	0.0073	0.0045	0.0028	0.0019	0.0018	0.0001	0.0054	0.0027	0.0027	0.0000	0.0000	0.0000	0.0000	0.0000	0.0000	0.0000	0.0000	0.0000	0.0000	0.0000	0.0000	0.0000	0.0000	0.0000	0.0000	0.0000	0.0000											
51	72	0.1157	4	1	1	1	0	0	0	0	0	N	N	N	N	N	N	N	N	N	N	N	N	0.0000	0.0000	0.0000	0.0000	0.0000	0.0000	0.0000	0.0000	0.0000	0.0000	0.0000	0.0000	0.0000	0.0000	0.0000	0.0000	0.0000	0.0000	0.0000	0.0000	0.0003	1.0017	0.9690	2.0007	0.0000	0.0000	0.0000	0.0000	0.0000	0.0000	0.0000	0.0000	0.0000	0.0000	0.0000	0.0000	0.0000	0.0000	0.0000	0.0000	0.0000	0.0000	0.0000	0.0000	0.0000	0.0000	0.0000	0.0000	0.0000	0.0000	0.0000	0.0107	0.0077	0.0030	0.0033	0.0032	0.0001	0.0074	0.0045	0.0029	0.0000	0.0000	0.0000	0.0000	0.0000	0.0000	0.0000	0.0000	0.0000	0.0000	0.0000	0.0000	0.0000	0.0000	0.0000	0.0000	0.0000	0.0000											
51	73	0.6498	7	1	2	0	0	0	0	0	0	N	Y	N	N	N	N	N	N	N	N	N	N	inf	inf	inf	inf	0.2292	0.4282	0.0000	0.4523	0.4282	0.0000	0.0000	0.0000	0.0000	0.0000	0.0000	0.0000	0.0000	0.0000	0.0000	0.0000	0.0000	0.0000	0.0000	-0.0000	0.0000	0.0003	0.0000	0.9690	0.0000	0.0000	0.0000	0.0000	0.0000	0.0000	0.0000	0.0000	0.0000	0.0000	0.0000	0.0000	0.0000	0.0000	0.0000	0.0000	0.0000	0.0000	0.0000	0.0000	0.0000	0.0000	0.0000	0.0000	0.0000	0.0000	0.0000	0.0000	0.0000	0.0000	0.0000	0.0000	0.0000	0.0000	0.0000	0.0000	0.0000	inf	inf	0.0000	inf	inf	0.0000	0.0000	0.0000	0.0000	0.0000	0.0000	0.0000	0.0000	0.0000	0.0000	0.0000	0.0000	0.0000						
51	74	0.1427	5	1	2	0	0	0	0	0	0	N	Y	N	N	N	N	N	N	N	N	N	N	0.0000	0.0000	0.0000	0.0000	0.0000	0.0000	0.0000	0.0000	0.0000	0.0000	0.0000	0.0000	0.0000	0.0001	0.0002	0.0000	0.0003	0.0003	0.0000	0.0000	0.0000	0.0000	0.0000	0.0000	-0.0000	0.0003	0.0000	0.9690	0.0010	0.0000	0.0000	0.0000	0.0000	0.0000	0.0000	0.0000	0.0000	0.0000	0.0000	0.0000	0.0000	0.0000	0.0000	0.0000	0.0000	0.0000	0.0000	0.0000	0.0000	0.0000	0.0000	0.0000	0.0000	0.0000	0.0000	0.0000	0.0008	0.0006	0.0002	0.0004	0.0004	0.0000	0.0004	0.0002	0.0002	0.0000	0.0000	0.0000	0.0000	0.0000	0.0000	0.0000	0.0000	0.0000	0.0000	0.0000	0.0000	0.0000	0.0000	0.0000	0.0000	0.0000	0.0000						
51	75	0.0715	5	0	2	0	1	0	0	0	0	N	Y	N	N	N	N	N	N	N	N	N	N	0.0000	0.0000	0.0000	0.0000	0.0000	0.0000	0.0000	0.0000	0.0000	0.0000	0.0000	0.0000	0.0000	0.0000	0.0000	0.0000	0.0000	0.0000	0.0000	0.0000	0.0003	0.0000	0.9690	0.0000	0.0000	0.0000	0.0000	0.0000	0.0000	0.0000	0.0000	0.0000	0.0000	0.0000	0.0000	0.0000	0.0000	0.0000	0.0000	0.0000	0.0000	0.0000	0.0000	0.0000	0.0000	0.0000	0.0000	0.0000	0.0000	0.0000	0.0000	0.0000	0.0000	0.0000	0.0000	0.0000	0.0000	0.0000	0.0000	0.0000	0.0000	0.0000	0.0000	0.0000	0.0000	0.0000	0.0000	0.0000	0.0000	0.0000	0.0000	0.0000	0.0000	0.0000	0.0000	0.0000	0.0000	0.0000											
51	76	0.0715	5	0	1	0	1	0	0	0	0	N	N	N	N	N	N	N	N	N	N	N	N	0.0000	0.0000	0.0000	0.0000	0.0000	0.0000	0.0000	0.0000	0.0000	0.0000	0.0000	0.0000	0.0000	0.0000	0.0000	0.0000	0.0000	0.0000	0.0000	0.0000	0.0003	0.0000	0.9690	0.0000	0.0000	0.0000	0.0000	0.0000	0.0000	0.0000	0.0000	0.0000	0.0000	0.0000	0.0000	0.0000	0.0000	0.0000	0.0000	0.0000	0.0000	0.0000	0.0000	0.0000	0.0000	0.0000	0.0000	0.0000	0.0000	0.0000	0.0000	0.0000	0.0000	0.0000	0.0000	0.0000	0.0000	0.0000	0.0000	0.0000	0.0000	0.0000	0.0000	0.0000	0.0000	0.0000	0.0000	0.0000	0.0000	0.0000	0.0000	0.0000	0.0000	0.0000	0.0000	0.0000	0.0000	0.0000											
51	77	0.0562	4	0	1	0	1	0	0	0	0	N	N	N	N	N	N	N	N	N	N	N	N	0.0000	0.0000	0.0000	0.0000	0.0000	0.0000	0.0000	0.0000	0.0000	0.0000	0.0000	0.0000	0.0000	0.0000	0.0000	0.0001	0.0000	0.0000	0.0000	0.0000	0.0000	0.0000	0.0000	0.0000	inf	0.0000	0.0000	0.0003	0.0002	0.9690	2.9297	0.0000	0.0000	0.0000	0.0000	0.0000	0.0000	0.0000	0.0000	0.0000	0.0000	0.0000	0.0000	0.0000	0.0000	0.0000	0.0000	0.0000	0.0000	0.0000	0.0000	0.0000	0.0000	0.0000	0.0000	0.0000	0.0000	0.0000	0.1034	0.0556	0.0478	0.0467	0.0462	0.0005	0.0567	0.0094	0.0473	0.0000	0.0000	0.0000	0.0000	0.0000	0.0000	0.0000	0.0000	0.0000	0.0000	0.0000	0.0000	0.0000	0.0000	0.0000	0.0000	0.0000	0.0000				
51	78	0.0521	3	0	1	0	1	0	0	0	0	N	N	N	N	N	N	N	N	N	N	N	N	0.2933	0.0000	3.1891	0.9524	0.0000	6.8754	0.1727	0.0000	0.4529	0.0000	0.0000	0.0000	0.3154	0.0000	0.4529	0.5890	0.0001	0.1420	0.0000	0.0000	0.0000	0.3312	0.0002	0.0659	inf	82528.0662	0.0000	0.0001	0.0003	0.0003	0.9690	2.1916	0.0000	0.0000	0.0000	0.0000	0.0000	0.0000	0.0000	0.0000	0.0000	0.0002	0.0000	0.0002	0.0000	0.0000	0.0000	0.0002	0.0000	0.0002	0.0000	0.0000	0.0000	0.0000	0.0000	0.0000	0.0000	0.0000	0.0000	0.0140	0.0095	0.0045	0.0057	0.0050	0.0007	0.0083	0.0045	0.0038	12.1507	0.0000	10.2311	0.0000	0.0000	0.0000	13.1358	0.0000	8.5530	0.0142	0.0000	0.0443	0.0000	0.0000	0.0000	0.0240	0.0000	0.0529			
51	79	0.0443	2	0	1	0	0	0	0	0	0	N	N	N	N	N	N	N	N	N	N	N	N	0.8754	0.0001	980273.8112	0.0002	0.0002	1094385.4174	0.0000	793600.1898	0.3221	0.0000	0.6877	0.0001	0.0001	0.0000	0.6320	0.0000	0.6878	0.3680	0.5095	0.0000	0.3091	0.3338	0.0000	0.0000	0.0002	0.0000	12836.8912	0.0000	0.0000	-0.0000	0.0003	0.2782	0.9690	1.3600	0.0001	0.0000	0.0001	0.0000	0.0000	0.0000	0.0001	0.0000	0.0001	0.0001	0.0001	0.0000	0.0001	0.0001	0.0000	0.0000	0.0000	0.0000	0.0002	0.0001	0.0001	0.0001	0.0001	0.0000	0.0001	0.0000	0.0001	0.0106	0.0076	0.0030	0.0043	0.0037	0.0006	0.0062	0.0038	0.0024	41.6582	0.0044	980273.8112	0.0027	0.0023	0.0000	1094385.4174	0.0000	793600.1898	0.0077	0.0108	0.0000	0.0189	0.0218	0.0000	0.0000	0.0000	0.0000	
51	80	0.1483	6	0	2	1	0	0	0	0	0	N	Y	N	N	N	N	N	N	N	N	N	N	0.0200	inf	0.0000	0.0705	inf	0.0000	0.0221	0.0253	0.0000	0.0000	0.0000	0.0000	0.0677	0.0856	0.0000	1.1058	0.0000	0.7541	0.0000	0.0000	0.0000	0.9602	0.0000	0.3888	0.0000	inf	-0.0000	0.0002	0.0003	0.0029	0.9690	2.0135	0.0000	0.0000	0.0000	0.0000	0.0000	0.0000	0.0000	0.0000	0.0000	0.0005	0.0000	0.0005	0.0000	0.0000	0.0000	0.0005	0.0000	0.0005	0.0000	0.0000	0.0000	0.0000	0.0000	0.0000	0.0000	0.0000	0.0000	0.0078	0.0054	0.0024	0.0026	0.0026	0.0001	0.0052	0.0029	0.0023	0.3695	inf	0.0000	0.0000	0.0000	0.0000	0.7505	inf	0.0000	0.0598	0.0000	0.1963	0.0000	0.0000	0.0000	0.0901	0.0000	0.2025			
51	81	0.1417	5	0	2	0	0	0	0	0	0	N	Y	N	N	N	N	N	N	N	N	N	N	0.1453	692.7117	0.0000	4.8339	8.8737	0.0000	0.4908	2684.9463	0.0000	0.1793	0.2187	0.0000	0.0036	0.0046	0.0000	0.6062	0.6719	0.0000	1.2341	0.0003	1.2603	0.0007	0.0005	0.0079	1.2351	0.0003	0.4720	0.0000	2161.1309	-0.0000	0.0003	0.0003	0.6188	0.9690	0.9475	0.0000	0.0000	0.0000	0.0000	0.0000	0.0000	0.0000	0.0000	0.0000	0.0006	0.0000	0.0006	0.0000	0.0000	0.0000	0.0006	0.0000	0.0006	0.0001	0.0001	0.0000	0.0000	0.0000	0.0000	0.0000	0.0000	0.0000	0.0066	0.0045	0.0021	0.0023	0.0022	0.0001	0.0043	0.0023	0.0021	2.0169	3612.3666	0.0000	15.1359	38.0267	0.0000	4.4628	891804.1685	0.0000	0.0889	0.0001	0.2770	0.0002	0.0001	0.0049	0.1358	0.0000	0.2846
51	82	0.6530	7	0	2	1	0	0	0	0	0	N	Y	N	N	N	N	N	N	N	N	N	N	0.0000	0.0000	0.0000	0.0000	0.0000	0.0000	0.0000	0.0000	0.0000	0.0000	0.0000	0.0000	0.0000	0.0000	0.0000	0.0000	0.0000	0.0000	0.0000	0.0000	0.0003	0.0000	0.9690	1.0000	0.0000	0.0000	0.0000	0.0000	0.0000	0.0000	0.0000	0.0000	0.0000	0.0000	0.0000	0.0000	0.0000	0.0000	0.0000	0.0000	0.0000	0.0000	0.0000	0.0000	0.0000	0.0000	0.0000	0.0000	0.0000	0.0000	0.0000	0.0033	0.0024	0.0009	0.0022	0.0020	0.0002	0.0011	0.0004	0.0006	0.0000	0.0000	0.0000	0.0000	0.0000	0.0000	0.0000	0.0000	0.0000	0.0000	0.0000	0.0000	0.0000	0.0000	0.0000	0.0000	0.0000	0.0000											
51	83	0.1157	4	1	1	1	0	0	0	0	0	N	N	N	N	N	N	N	N	N	N	N	N	0.0000	0.0000	0.0000	0.0000	0.0000	0.0000	0.0000	0.0000	0.0000	0.0000	0.0000	0.0000	0.0000	0.0000	0.0000	0.0000	1.5373	1.9756	0.1352	3.0151	3.1032	0.0000	0.2643	0.0000	0.0538	0.0641	0.0000	-0.0036	0.0003	9.0001	0.9690	3.0001	0.0000	0.0000	0.0000	0.0000	0.0000	0.0000	0.0000	0.0000	0.0000	0.0078	0.0073	0.0005	0.0073	0.0073	0.0000	0.0005	0.0000	0.0005	0.0003	0.0003	0.0000	0.0002	0.0002	0.0000	0.0001	0.0001	0.0000	0.0399	0.0289	0.0110	0.0123	0.0120	0.0003	0.0275	0.0169	0.0106	0.0000	0.0000	0.0000	0.0000	0.0000	0.0000	0.0000	0.0000	0.0000	0.1957	0.2536	0.0429	0.5943	0.6116	0.0000	0.0171	0.0000	0.0443			
51	84	0.6306	6	1	1	1	0	0	0	0	0	N	N	N	N	N	N	N	N	N	N	N	N	0.0000	0.0000	0.0000	0.0000	0.0000	0.0000	0.0000	0.0000	0.0000	0.0000	0.0000	0.0000	0.0000	0.0000	0.0000	0.0000	0.0000	0.0000	0.0000	0.0000	0.0003	4.0000	0.9690	0.0000	0.0000	0.0000	0.0000	0.0000	0.0000	0.0000	0.0000	0.0000	0.0000	0.0000	0.0000	0.0000	0.0000	0.0000	0.0000	0.0000	0.0000	0.0000	0.0001	0.0001	0.0000	0.0001	0.0001	0.0000	0.0001	0.0000	0.0000	0.0048	0.0029	0.0019	0.0019	0.0017	0.0002	0.0029	0.0012	0.0017	0.0000	0.0000	0.0000	0.0000	0.0000	0.0000	0.0000	0.0000	0.0000	0.0000	0.0000	0.0000	0.0000	0.0000	0.0000	0.0000	0.0000	0.0000											
51	85	0.6767	7	1	2	0	0	0	0	0	0	N	Y	N	N	N	N	N	N	N	N	N	N	0.0001	0.0001	0.0000	0.0007	0.0007	0.0000	0.0000	0.0000	0.0000	0.0000	0.0000	0.0000	0.0001	0.0001	0.0000	0.0000	0.0000	0.0000	0.3180	0.4318	0.0000	0.1083	0.1021	0.0000	0.0000	0.0006	0.0000	0.0455	0.0002	-0.0000	-0.0000	0.0003	1.0086	0.9690	1.7435	0.0000	0.0000	0.0000	0.0000	0.0000	0.0000	0.0000	0.0000	0.0000	0.0001	0.0001	0.0000	0.0001	0.0001	0.0000	0.0000	0.0000	0.0000	0.0001	0.0000	0.0000	0.0000	0.0000	0.0000	0.0000	0.0000	0.0000	0.0100	0.0075	0.0025	0.0068	0.0062	0.0006	0.0032	0.0014	0.0019	0.0060	0.0050	0.0000	0.0071	0.0069	0.0000	0.0000	0.0000	0.0000	0.0067	0.0089	0.0000	0.0099	0.0109	0.0000	0.0000	0.0000	0.0000
51	86	0.6306	6	1	2	0	0	0	0	0	0	N	Y	N	N	N	N	N	N	N	N	N	N	0.0001	0.0000	0.2312	0.0000	0.0000	0.0006	0.0000	0.2639	0.0001	0.0000	0.0010	0.0000	0.0000	0.0000	0.0001	0.0000	0.0012	0.4994	0.6967	0.0042	0.0004	0.0003	0.0000	0.2679	1.8867	0.0045	inf	0.1664	0.0000	-0.0000	0.0003	1.0165	0.9690	4.1395	0.0000	0.0000	0.0000	0.0000	0.0000	0.0000	0.0000	0.0000	0.0000	0.0001	0.0001	0.0000	0.0000	0.0000	0.0000	0.0001	0.0001	0.0000	0.0000	0.0000	0.0000	0.0000	0.0000	0.0000	0.0000	0.0000	0.0000	0.0061	0.0036	0.0024	0.0024	0.0021	0.0003	0.0037	0.0015	0.0021	0.0063	0.0000	0.2429	0.0000	0.0000	0.0000	0.0081	0.0000	0.2639	0.0111	0.0158	0.0040	0.0000	0.0000	0.0000	0.0183	0.0378	0.0045	
51	87	0.0745	3	1	2	0	0	0	0	0	0	N	Y	N	N	N	N	N	N	N	N	N	N	0.0000	0.0000	0.0000	0.0000	0.0000	0.0000	0.0000	0.0000	0.0000	0.0000	0.0000	0.0000	0.0000	0.0000	0.0000	0.0000	0.0000	0.0000	0.0000	0.0000	0.0003	9.0005	0.9690	5.0000	0.0000	0.0000	0.0000	0.0000	0.0000	0.0000	0.0000	0.0000	0.0000	0.0000	0.0000	0.0000	0.0000	0.0000	0.0000	0.0000	0.0000	0.0000	0.0004	0.0004	0.0000	0.0002	0.0002	0.0000	0.0002	0.0002	0.0000	0.0646	0.0459	0.0186	0.0244	0.0211	0.0032	0.0402	0.0248	0.0154	0.0000	0.0000	0.0000	0.0000	0.0000	0.0000	0.0000	0.0000	0.0000	0.0000	0.0000	0.0000	0.0000	0.0000	0.0000	0.0000	0.0000	0.0000											
51	88	0.6530	7	0	2	0	0	0	0	0	0	N	Y	N	N	N	N	N	N	N	N	N	N	0.0000	0.0000	0.0000	0.0000	0.0000	0.0000	0.0000	0.0000	0.0000	0.0000	0.0000	0.0000	0.0000	0.0000	0.0000	0.0000	0.0000	0.0000	0.0000	0.0000	0.0003	0.0000	0.9690	0.0000	0.0000	0.0000	0.0000	0.0000	0.0000	0.0000	0.0000	0.0000	0.0000	0.0000	0.0000	0.0000	0.0000	0.0000	0.0000	0.0000	0.0000	0.0000	0.0000	0.0000	0.0000	0.0000	0.0000	0.0000	0.0000	0.0000	0.0000	0.0000	0.0000	0.0000	0.0000	0.0000	0.0000	0.0000	0.0000	0.0000	0.0000	0.0000	0.0000	0.0000	0.0000	0.0000	0.0000	0.0000	0.0000	0.0000	0.0000	0.0000	0.0000	0.0000	0.0000	0.0000	0.0000	0.0000											
51	89	0.1417	5	0	2	0	0	0	0	0	0	N	Y	N	N	N	N	N	N	N	N	N	N	0.0000	0.0000	0.0000	0.0000	0.0000	0.0000	0.0000	0.0000	0.0000	0.0000	0.0000	0.0000	0.0000	0.0000	0.0000	0.0000	0.0000	0.9855	0.0002	0.6070	0.0004	0.0003	0.0006	0.8170	0.0000	0.2802	4609.8038	0.0000	0.0003	0.0003	1.9953	0.9690	1.0817	0.0000	0.0000	0.0000	0.0000	0.0000	0.0000	0.0000	0.0000	0.0000	0.0006	0.0000	0.0006	0.0000	0.0000	0.0000	0.0006	0.0000	0.0006	0.0001	0.0001	0.0000	0.0001	0.0001	0.0000	0.0000	0.0000	0.0000	0.0123	0.0085	0.0038	0.0042	0.0041	0.0001	0.0081	0.0044	0.0037	0.0000	0.0000	0.0000	0.0000	0.0000	0.0000	0.0000	0.0000	0.0000	0.0475	0.0000	0.1520	0.0000	0.0000	0.0005	0.0719	0.0000	0.1565		
51	90	0.1157	4	0	2	0	0	0	0	0	0	N	Y	N	N	N	N	N	N	N	N	N	N	0.0128	2602.8816	0.0000	0.0020	0.9851	0.0004	0.0218	2643.1757	0.0000	0.5444	0.6043	0.0025	0.0004	0.0004	0.0009	1.3402	1.6251	0.0032	42.6020	0.0002	153.0336	0.1863	0.0004	2.1655	61.5539	0.0006	157.9067	0.0005	2519511.2102	-0.0000	0.4582	0.0003	2.3999	0.9690	4.0713	0.0000	0.0000	0.0000	0.0000	0.0000	0.0000	0.0000	0.0000	0.0000	0.9584	0.0000	0.9584	0.0001	0.0000	0.0001	0.9583	0.0000	0.9583	0.0001	0.0001	0.0000	0.0001	0.0000	0.0000	0.0000	0.0000	0.0000	0.0225	0.0162	0.0063	0.0069	0.0067	0.0002	0.0156	0.0095	0.0061	0.0128	25789.1651	0.0000	0.0291	7.2109	0.0019	0.0218	311886.1657	0.0000	42.6020	0.0000	153.0336	0.0130	0.0000	0.4641	61.5539	0.0000	157.9067
51	91	0.0764	3	0	1	1	0	0	0	0	0	N	N	N	N	N	N	N	N	N	N	N	N	0.0000	0.0000	0.0000	0.0000	0.0000	0.0000	0.0000	0.0000	0.0000	0.0000	0.0000	0.0000	0.0000	0.0000	0.0000	0.0000	0.0000	0.0000	0.0000	0.0000	0.0003	0.0000	0.9690	0.0000	0.0000	0.0000	0.0000	0.0000	0.0000	0.0000	0.0000	0.0000	0.0000	0.0000	0.0000	0.0000	0.0000	0.0000	0.0000	0.0000	0.0000	0.0000	0.0000	0.0000	0.0000	0.0000	0.0000	0.0000	0.0000	0.0000	0.0000	0.0000	0.0000	0.0000	0.0000	0.0000	0.0000	0.0000	0.0000	0.0000	0.0000	0.0000	0.0000	0.0000	0.0000	0.0000	0.0000	0.0000	0.0000	0.0000	0.0000	0.0000	0.0000	0.0000	0.0000	0.0000	0.0000	0.0000											
51	92	0.0443	2	0	1	1	0	0	0	0	0	N	N	N	N	N	N	N	N	N	N	N	N	inf	inf	inf	inf	0.5105	0.7243	0.0000	1.1865	1.1867	0.0000	0.0000	0.0000	0.0000	0.0000	0.0000	0.0000	0.0000	0.0000	0.0000	0.0000	0.0000	0.0000	0.0000	-0.0000	0.0000	0.0003	3.7221	0.9690	2.9993	0.0002	0.0002	0.0000	0.0002	0.0002	0.0000	0.0000	0.0000	0.0000	0.0000	0.0000	0.0000	0.0000	0.0000	0.0000	0.0000	0.0000	0.0000	0.0003	0.0002	0.0001	0.0001	0.0001	0.0000	0.0002	0.0001	0.0001	0.0361	0.0255	0.0106	0.0140	0.0120	0.0020	0.0221	0.0134	0.0087	inf	inf	0.0000	inf	inf	0.0000	0.0000	0.0000	0.0000	0.0000	0.0000	0.0000	0.0000	0.0000	0.0000	0.0000	0.0000	0.0000						
51	94	0.1320	5	1	2	0	0	0	0	0	0	N	Y	N	N	N	N	N	N	N	N	N	N	0.1249	0.0000	inf	0.0000	0.0000	70424.5722	0.0000	inf	0.0983	0.0000	1.0146	0.0000	0.0000	0.0000	0.2434	0.0000	1.4084	0.7873	1.0536	0.0000	1.1259	1.0665	0.0000	0.0000	0.0006	0.0000	inf	0.0000	0.0000	-0.0005	0.0003	5.9980	0.9690	4.9575	0.0000	0.0000	0.0000	0.0000	0.0000	0.0000	0.0000	0.0000	0.0000	0.0009	0.0009	0.0000	0.0009	0.0009	0.0000	0.0000	0.0000	0.0000	0.0002	0.0002	0.0000	0.0001	0.0001	0.0000	0.0001	0.0001	0.0000	0.0358	0.0266	0.0092	0.0118	0.0114	0.0004	0.0240	0.0152	0.0088	3.9884	0.0000	inf	0.0000	0.0000	0.0000	70424.5722	0.0000	inf	0.0247	0.0331	0.0000	0.0749	0.0773	0.0000	0.0000	0.0000	0.0000	
51	95	0.6530	7	1	2	0	0	0	0	0	0	N	Y	N	N	N	N	N	N	N	N	N	N	0.0000	0.0000	0.0000	0.0000	0.0000	0.0000	0.0000	0.0000	0.0000	0.0000	0.0000	0.0000	0.0000	0.0000	0.0000	0.0000	0.0000	0.0000	0.0000	0.0000	0.0003	0.0000	0.9690	2.0000	0.0000	0.0000	0.0000	0.0000	0.0000	0.0000	0.0000	0.0000	0.0000	0.0000	0.0000	0.0000	0.0000	0.0000	0.0000	0.0000	0.0000	0.0000	0.0000	0.0000	0.0000	0.0000	0.0000	0.0000	0.0000	0.0000	0.0000	0.0065	0.0048	0.0017	0.0044	0.0039	0.0004	0.0021	0.0008	0.0013	0.0000	0.0000	0.0000	0.0000	0.0000	0.0000	0.0000	0.0000	0.0000	0.0000	0.0000	0.0000	0.0000	0.0000	0.0000	0.0000	0.0000	0.0000											
51	96	0.6306	6	0	2	0	0	0	0	0	0	N	Y	N	N	N	N	N	N	N	N	N	N	0.0000	0.0000	0.0000	0.0000	0.0000	0.0000	0.0000	0.0000	0.0000	0.0000	0.0000	0.0000	0.0000	0.0000	0.0000	0.0000	0.0000	0.0000	0.0000	0.0000	0.0003	4.0000	0.9690	0.0000	0.0000	0.0000	0.0000	0.0000	0.0000	0.0000	0.0000	0.0000	0.0000	0.0000	0.0000	0.0000	0.0000	0.0000	0.0000	0.0000	0.0000	0.0000	0.0001	0.0001	0.0000	0.0001	0.0001	0.0000	0.0001	0.0000	0.0000	0.0048	0.0029	0.0019	0.0019	0.0017	0.0002	0.0029	0.0012	0.0017	0.0000	0.0000	0.0000	0.0000	0.0000	0.0000	0.0000	0.0000	0.0000	0.0000	0.0000	0.0000	0.0000	0.0000	0.0000	0.0000	0.0000	0.0000											
51	97	0.0745	3	0	1	0	0	0	0	0	0	N	N	N	N	N	N	N	N	N	N	N	N	0.0000	0.0000	0.0000	0.0000	0.0000	0.0000	0.0000	0.0000	0.0000	0.0000	0.0000	0.0000	0.0000	0.0006	0.0009	0.0000	0.0016	0.0014	0.0000	0.0000	0.0000	0.0000	0.0000	0.0000	-0.0000	0.0003	3.9994	0.9690	4.0000	0.0000	0.0000	0.0000	0.0000	0.0000	0.0000	0.0000	0.0000	0.0000	0.0000	0.0000	0.0000	0.0000	0.0000	0.0000	0.0000	0.0000	0.0000	0.0002	0.0002	0.0000	0.0001	0.0001	0.0000	0.0001	0.0001	0.0000	0.0407	0.0289	0.0118	0.0159	0.0137	0.0022	0.0248	0.0152	0.0096	0.0000	0.0000	0.0000	0.0000	0.0000	0.0000	0.0000	0.0000	0.0000	0.0002	0.0003	0.0000	0.0006	0.0007	0.0000	0.0000	0.0000	0.0000						
51	98	0.6306	6	0	1	0	0	0	0	0	0	N	N	N	N	N	N	N	N	N	N	N	N	0.0000	0.0000	0.0000	0.0000	0.0000	0.0000	0.0000	0.0000	0.0000	0.0000	0.0000	0.0000	0.0000	0.0000	0.0000	0.0000	0.0000	0.0000	0.0000	0.0000	0.0003	1.0000	0.9690	0.0000	0.0000	0.0000	0.0000	0.0000	0.0000	0.0000	0.0000	0.0000	0.0000	0.0000	0.0000	0.0000	0.0000	0.0000	0.0000	0.0000	0.0000	0.0000	0.0001	0.0001	0.0000	0.0000	0.0000	0.0000	0.0000	0.0000	0.0000	0.0022	0.0013	0.0009	0.0009	0.0008	0.0001	0.0014	0.0006	0.0008	0.0000	0.0000	0.0000	0.0000	0.0000	0.0000	0.0000	0.0000	0.0000	0.0000	0.0000	0.0000	0.0000	0.0000	0.0000	0.0000	0.0000	0.0000											
51	99	0.1854	4	0	1	0	0	0	0	0	0	N	N	N	N	N	N	N	N	N	N	N	N	0.0004	0.0003	0.0000	0.0009	0.0010	0.0000	0.0000	0.0000	0.0000	0.0000	0.0000	0.0000	0.0000	0.0001	0.0000	0.0000	0.0000	0.0000	0.0671	0.1018	0.0000	0.0466	0.0488	0.0000	0.0000	0.0005	0.0000	0.0227	0.0013	-0.0000	-0.0001	0.0003	1.5982	0.9690	11.1970	0.0000	0.0000	0.0000	0.0000	0.0000	0.0000	0.0000	0.0000	0.0000	0.0002	0.0002	0.0000	0.0002	0.0002	0.0000	0.0000	0.0000	0.0000	0.0002	0.0001	0.0000	0.0001	0.0001	0.0000	0.0001	0.0001	0.0000	0.0696	0.0505	0.0192	0.0315	0.0277	0.0038	0.0381	0.0227	0.0154	0.0075	0.0068	0.0000	0.0062	0.0063	0.0000	0.0000	0.0000	0.0000	0.0032	0.0044	0.0000	0.0071	0.0080	0.0000	0.0000	0.0000	0.0000
51	100	0.1335	6	1	2	1	0	0	0	0	0	N	Y	N	N	N	N	N	N	N	N	N	N	0.0000	0.0000	0.0000	0.0000	0.0000	0.0000	0.0000	0.0000	0.0000	0.0000	0.0000	0.0000	0.0000	0.0000	0.0000	250.0891	338.5414	0.0000	1.0122	0.9877	0.0000	389.3576	612.3777	0.0000	0.0000	0.0000	-0.4996	0.0003	0.0000	0.9690	0.9982	0.0000	0.0000	0.0000	0.0000	0.0000	0.0000	0.0000	0.0000	0.0000	0.9572	0.9572	0.0000	0.0001	0.0001	0.0000	0.9571	0.9571	0.0000	0.0000	0.0000	0.0000	0.0000	0.0000	0.0000	0.0000	0.0000	0.0000	0.0038	0.0028	0.0010	0.0014	0.0013	0.0001	0.0025	0.0016	0.0009	0.0000	0.0000	0.0000	0.0000	0.0000	0.0000	0.0000	0.0000	0.0000	250.0891	338.5414	0.0000	0.0656	0.0710	0.0000	389.3576	612.3777	0.0000				
51	101	0.6653	9	1	2	1	0	0	0	0	0	N	Y	N	N	N	N	N	N	N	N	N	N	0.0000	0.0000	0.0000	0.0000	0.0000	0.0000	0.0000	0.0000	0.0000	0.0000	0.0000	0.0000	0.0000	0.0000	0.0000	0.0000	0.0000	0.0000	0.0000	0.0000	0.0003	0.0000	0.9690	0.0000	0.0000	0.0000	0.0000	0.0000	0.0000	0.0000	0.0000	0.0000	0.0000	0.0000	0.0000	0.0000	0.0000	0.0000	0.0000	0.0000	0.0000	0.0000	0.0000	0.0000	0.0000	0.0000	0.0000	0.0000	0.0000	0.0000	0.0000	0.0000	0.0000	0.0000	0.0000	0.0000	0.0000	0.0000	0.0000	0.0000	0.0000	0.0000	0.0000	0.0000	0.0000	0.0000	0.0000	0.0000	0.0000	0.0000	0.0000	0.0000	0.0000	0.0000	0.0000	0.0000	0.0000	0.0000											
51	102	0.6653	8	1	1	1	0	0	0	0	0	N	N	N	N	N	N	N	N	N	N	N	N	0.0000	0.0000	0.0000	0.0000	0.0000	0.0000	0.0000	0.0000	0.0000	0.0000	0.0000	0.0000	0.0000	0.0000	0.0000	0.0000	0.0000	0.0000	0.0000	0.0000	0.0003	0.0000	0.9690	0.0000	0.0000	0.0000	0.0000	0.0000	0.0000	0.0000	0.0000	0.0000	0.0000	0.0000	0.0000	0.0000	0.0000	0.0000	0.0000	0.0000	0.0000	0.0000	0.0000	0.0000	0.0000	0.0000	0.0000	0.0000	0.0000	0.0000	0.0000	0.0000	0.0000	0.0000	0.0000	0.0000	0.0000	0.0000	0.0000	0.0000	0.0000	0.0000	0.0000	0.0000	0.0000	0.0000	0.0000	0.0000	0.0000	0.0000	0.0000	0.0000	0.0000	0.0000	0.0000	0.0000	0.0000	0.0000											
51	103	0.6592	7	1	1	1	0	0	0	0	0	N	N	N	N	N	N	N	N	N	N	N	N	0.0000	0.0000	0.0000	0.0000	0.0000	0.0000	0.0000	0.0000	0.0000	0.0000	0.0000	0.0000	0.0000	0.0000	0.0000	0.0000	0.0000	0.0000	0.0000	0.0000	0.0003	0.0000	0.9690	1.0091	0.0000	0.0000	0.0000	0.0000	0.0000	0.0000	0.0000	0.0000	0.0000	0.0000	0.0000	0.0000	0.0000	0.0000	0.0000	0.0000	0.0000	0.0000	0.0000	0.0000	0.0000	0.0000	0.0000	0.0000	0.0000	0.0000	0.0000	0.0033	0.0024	0.0009	0.0022	0.0020	0.0002	0.0011	0.0004	0.0007	0.0000	0.0000	0.0000	0.0000	0.0000	0.0000	0.0000	0.0000	0.0000	0.0000	0.0000	0.0000	0.0000	0.0000	0.0000	0.0000	0.0000	0.0000											
51	104	0.0745	3	0	2	0	0	0	0	0	0	N	Y	N	N	N	N	N	N	N	N	N	N	inf	inf	inf	inf	0.5827	0.6376	0.0000	0.0000	0.0000	0.0000	0.9683	1.1285	0.0000	0.0000	0.0000	0.0000	0.0000	0.0000	0.0000	0.0000	0.0000	0.0000	0.0000	-0.0001	0.0000	0.0003	7.9994	0.9690	4.0001	0.0002	0.0002	0.0000	0.0000	0.0000	0.0000	0.0002	0.0002	0.0000	0.0000	0.0000	0.0000	0.0000	0.0000	0.0000	0.0000	0.0000	0.0000	0.0004	0.0003	0.0000	0.0002	0.0002	0.0000	0.0002	0.0002	0.0000	0.0571	0.0406	0.0165	0.0218	0.0189	0.0030	0.0353	0.0218	0.0136	inf	inf	0.0000	0.0000	0.0000	0.0000	inf	inf	0.0000	0.0000	0.0000	0.0000	0.0000	0.0000	0.0000	0.0000	0.0000	0.0000						
51	105	0.1369	7	1	1	1	0	0	0	0	0	N	N	N	N	N	N	N	N	N	N	N	N	0.0000	0.0000	0.0000	0.0000	0.0000	0.0000	0.0000	0.0000	0.0000	0.0000	0.0000	0.0000	0.0000	0.0000	0.0000	0.0000	0.0000	0.0000	0.0000	0.0000	0.0003	1.0000	0.9690	1.0005	0.0000	0.0000	0.0000	0.0000	0.0000	0.0000	0.0000	0.0000	0.0000	0.0000	0.0000	0.0000	0.0000	0.0000	0.0000	0.0000	0.0000	0.0000	0.0000	0.0000	0.0000	0.0000	0.0000	0.0000	0.0000	0.0000	0.0000	0.0070	0.0052	0.0018	0.0023	0.0022	0.0001	0.0047	0.0030	0.0018	0.0000	0.0000	0.0000	0.0000	0.0000	0.0000	0.0000	0.0000	0.0000	0.0000	0.0000	0.0000	0.0000	0.0000	0.0000	0.0000	0.0000	0.0000											
51	106	0.1335	6	1	1	1	0	0	0	0	0	N	N	N	N	N	N	N	N	N	N	N	N	0.0000	0.0000	0.0000	0.0000	0.0000	0.0000	0.0000	0.0000	0.0000	0.0000	0.0000	0.0000	0.0000	0.0000	0.0000	2.0079	2.6764	0.0000	4.6518	4.5799	0.0000	0.0001	0.0033	0.0000	0.0000	0.0000	-0.0009	0.0003	0.7249	0.9690	0.0368	0.0000	0.0000	0.0000	0.0000	0.0000	0.0000	0.0000	0.0000	0.0000	0.0018	0.0018	0.0000	0.0018	0.0018	0.0000	0.0000	0.0000	0.0000	0.0000	0.0000	0.0000	0.0000	0.0000	0.0000	0.0000	0.0000	0.0000	0.0030	0.0022	0.0008	0.0011	0.0010	0.0001	0.0019	0.0012	0.0007	0.0000	0.0000	0.0000	0.0000	0.0000	0.0000	0.0000	0.0000	0.0000	0.5978	0.8093	0.0000	1.6291	1.7870	0.0000	0.0001	0.0001	0.0000				
51	107	0.1320	5	1	1	1	0	0	0	0	0	N	N	N	N	N	N	N	N	N	N	N	N	0.0001	0.0000	0.0000	0.0001	0.0000	0.0000	0.0001	0.0001	0.0000	0.0002	0.0002	0.0000	0.0000	0.0000	0.0000	2.4612	3.1650	0.0000	4.1774	4.1257	0.0000	2.7345	4.8892	0.0000	0.0000	0.0000	-0.0000	-0.0014	0.0003	0.4159	0.9690	0.0887	0.0000	0.0000	0.0000	0.0000	0.0000	0.0000	0.0000	0.0000	0.0000	0.0027	0.0027	0.0000	0.0009	0.0009	0.0000	0.0018	0.0018	0.0000	0.0000	0.0000	0.0000	0.0000	0.0000	0.0000	0.0000	0.0000	0.0000	0.0020	0.0015	0.0005	0.0007	0.0007	0.0001	0.0013	0.0008	0.0005	0.0001	0.0001	0.0000	0.0002	0.0002	0.0000	0.0000	0.0000	0.0000	1.3212	1.7973	0.0000	1.2003	1.2924	0.0000	1.3900	2.2245	0.0000			
51	108	0.1157	4	1	1	0	0	0	0	0	0	N	N	N	N	N	N	N	N	N	N	N	N	0.0000	0.0000	inf	0.0000	0.0000	0.0000	0.0000	inf	0.0000	0.0000	0.0002	0.0000	0.0000	0.0000	0.0000	0.0000	0.0002	1.0220	1.4405	0.0000	0.0003	0.0002	0.0000	0.8188	2.7418	0.0000	inf	0.0000	0.0000	-0.0005	0.0003	3.9943	0.9690	0.9974	0.0000	0.0000	0.0000	0.0000	0.0000	0.0000	0.0000	0.0000	0.0000	0.0009	0.0009	0.0000	0.0000	0.0000	0.0000	0.0009	0.0009	0.0000	0.0001	0.0001	0.0000	0.0001	0.0001	0.0000	0.0001	0.0000	0.0000	0.0176	0.0127	0.0049	0.0054	0.0053	0.0002	0.0122	0.0074	0.0048	0.0003	0.0000	inf	0.0000	0.0000	0.0000	0.0005	0.0000	inf	0.0502	0.0697	0.0000	0.0000	0.0000	0.0000	0.0725	0.1191	0.0000	
51	109	0.6592	7	1	1	1	0	0	0	0	0	N	N	N	N	N	N	N	N	N	N	N	N	0.0000	0.0000	0.0000	0.0000	0.0000	0.0000	0.0000	0.0000	0.0000	0.0000	0.0000	0.0000	0.0000	0.0000	0.0000	0.0000	0.0000	0.0000	0.0000	0.0000	0.0003	0.0000	0.9690	0.9909	0.0000	0.0000	0.0000	0.0000	0.0000	0.0000	0.0000	0.0000	0.0000	0.0000	0.0000	0.0000	0.0000	0.0000	0.0000	0.0000	0.0000	0.0000	0.0000	0.0000	0.0000	0.0000	0.0000	0.0000	0.0000	0.0000	0.0000	0.0032	0.0024	0.0009	0.0022	0.0020	0.0002	0.0011	0.0004	0.0007	0.0000	0.0000	0.0000	0.0000	0.0000	0.0000	0.0000	0.0000	0.0000	0.0000	0.0000	0.0000	0.0000	0.0000	0.0000	0.0000	0.0000	0.0000											
51	110	0.6306	6	1	1	1	0	0	0	0	0	N	N	N	N	N	N	N	N	N	N	N	N	inf	inf	inf	inf	1.8368	0.0000	26.8256	0.0000	0.0000	0.0000	4.1003	0.0000	32.5867	0.0000	0.0000	0.0000	0.0000	0.0000	0.0000	0.0000	0.0000	0.0000	inf	0.0002	0.0000	0.0003	4.0000	0.9690	0.0000	0.0002	0.0000	0.0002	0.0000	0.0000	0.0000	0.0002	0.0000	0.0002	0.0000	0.0000	0.0000	0.0000	0.0000	0.0000	0.0000	0.0000	0.0000	0.0001	0.0001	0.0000	0.0001	0.0001	0.0000	0.0001	0.0000	0.0000	0.0048	0.0029	0.0019	0.0019	0.0017	0.0002	0.0029	0.0012	0.0017	inf	0.0000	inf	0.0000	0.0000	0.0000	inf	0.0000	inf	0.0000	0.0000	0.0000	0.0000	0.0000	0.0000	0.0000	0.0000	0.0000						
51	112	0.1203	4	0	1	1	0	0	0	0	0	N	N	N	N	N	N	N	N	N	N	N	N	0.0000	0.0000	0.0000	0.0000	0.0000	0.0000	0.0000	0.0000	0.0000	0.0000	0.0000	0.0000	0.0000	0.0000	0.0000	0.0000	0.0000	0.0000	0.0000	0.0000	0.0003	0.0000	0.9690	0.0001	0.0000	0.0000	0.0000	0.0000	0.0000	0.0000	0.0000	0.0000	0.0000	0.0000	0.0000	0.0000	0.0000	0.0000	0.0000	0.0000	0.0000	0.0000	0.0000	0.0000	0.0000	0.0000	0.0000	0.0000	0.0000	0.0000	0.0000	0.0000	0.0000	0.0000	0.0000	0.0000	0.0000	0.0000	0.0000	0.0000	0.0000	0.0000	0.0000	0.0000	0.0000	0.0000	0.0000	0.0000	0.0000	0.0000	0.0000	0.0000	0.0000	0.0000	0.0000	0.0000	0.0000	0.0000											
51	113	0.0745	3	0	1	1	0	0	0	0	0	N	N	N	N	N	N	N	N	N	N	N	N	0.0000	0.0000	0.0000	0.0000	0.0000	0.0000	0.0000	0.0000	0.0000	0.0000	0.0000	0.0000	0.0000	0.0000	0.0000	0.0000	0.0000	0.0000	0.0000	0.0000	0.0003	4.0004	0.9690	4.9999	0.0000	0.0000	0.0000	0.0000	0.0000	0.0000	0.0000	0.0000	0.0000	0.0000	0.0000	0.0000	0.0000	0.0000	0.0000	0.0000	0.0000	0.0000	0.0002	0.0002	0.0000	0.0001	0.0001	0.0000	0.0001	0.0001	0.0000	0.0451	0.0320	0.0131	0.0175	0.0151	0.0024	0.0276	0.0169	0.0106	0.0000	0.0000	0.0000	0.0000	0.0000	0.0000	0.0000	0.0000	0.0000	0.0000	0.0000	0.0000	0.0000	0.0000	0.0000	0.0000	0.0000	0.0000											
51	114	0.6632	7	0	2	0	0	0	0	0	0	N	Y	N	N	N	N	N	N	N	N	N	N	193.8672	218.8840	0.0000	322.8348	400.5925	1347063.0421	6444.2575	0.0000	0.8646	1.0379	0.0000	0.8764	0.9697	0.0000	0.8305	1.3218	0.0000	0.0045	0.0047	0.0000	0.0027	0.0024	0.0000	0.0000	0.0002	0.0000	0.0000	0.0002	-0.0001	-0.0000	0.0003	4.3361	0.9690	4.6323	0.0003	0.0003	0.0000	0.0002	0.0002	0.0000	0.0001	0.0001	0.0000	0.0000	0.0000	0.0000	0.0000	0.0000	0.0000	0.0000	0.0000	0.0000	0.0003	0.0003	0.0001	0.0002	0.0002	0.0000	0.0001	0.0000	0.0000	0.0258	0.0195	0.0063	0.0180	0.0163	0.0017	0.0078	0.0032	0.0046	1163.8708	1055.3556	0.0000	824.2513	825.0506	0.0000	1347063.0421	2339100.1108	0.0000	0.0007	0.0010	0.0000	0.0011	0.0012	0.0000	0.0000	0.0000	0.0000	
51	115	0.6306	6	0	1	0	0	0	0	0	0	N	N	N	N	N	N	N	N	N	N	N	N	10.5738	6.4725	inf	0.0000	0.0000	44.5235	5.6467	inf	3.4293	3.6809	0.0183	0.0000	0.0000	0.0000	7.6945	8.8031	0.0224	0.3243	0.5687	0.0000	0.0002	0.0002	0.0000	0.1728	1.5590	0.0000	0.0004	0.0000	-0.0001	-0.0000	0.0003	1.9840	0.9690	0.2610	0.0002	0.0002	0.0000	0.0000	0.0000	0.0000	0.0002	0.0002	0.0000	0.0000	0.0000	0.0000	0.0000	0.0000	0.0000	0.0000	0.0000	0.0000	0.0001	0.0001	0.0000	0.0000	0.0000	0.0000	0.0000	0.0000	0.0000	0.0027	0.0016	0.0011	0.0011	0.0009	0.0001	0.0016	0.0007	0.0010	485.5491	313.0142	inf	0.0000	0.0000	0.0000	660.2625	313.1789	inf	0.0071	0.0118	0.0000	0.0000	0.0000	0.0000	0.0117	0.0281	0.0000	
51	116	0.0745	3	0	2	0	1	0	0	0	0	N	Y	N	N	N	N	N	N	N	N	N	N	0.0000	0.0000	0.0000	0.0000	0.0000	0.0000	0.0000	0.0000	0.0000	0.0000	0.0000	0.0000	0.0000	0.0000	0.0000	0.0000	0.0000	0.0000	0.0000	0.0000	0.0003	5.0006	0.9690	2.0000	0.0000	0.0000	0.0000	0.0000	0.0000	0.0000	0.0000	0.0000	0.0000	0.0000	0.0000	0.0000	0.0000	0.0000	0.0000	0.0000	0.0000	0.0000	0.0003	0.0002	0.0000	0.0001	0.0001	0.0000	0.0002	0.0001	0.0000	0.0363	0.0257	0.0105	0.0143	0.0122	0.0020	0.0220	0.0135	0.0085	0.0000	0.0000	0.0000	0.0000	0.0000	0.0000	0.0000	0.0000	0.0000	0.0000	0.0000	0.0000	0.0000	0.0000	0.0000	0.0000	0.0000	0.0000											
51	117	0.6306	6	0	2	0	1	0	0	0	0	N	Y	N	N	N	N	N	N	N	N	N	N	0.0000	0.0000	0.0000	0.0000	0.0000	0.0000	0.0000	0.0000	0.0000	0.0000	0.0000	0.0000	0.0000	0.0000	0.0000	0.0000	0.0000	0.0000	0.0000	0.0000	0.0003	0.0000	0.9690	1.0000	0.0000	0.0000	0.0000	0.0000	0.0000	0.0000	0.0000	0.0000	0.0000	0.0000	0.0000	0.0000	0.0000	0.0000	0.0000	0.0000	0.0000	0.0000	0.0000	0.0000	0.0000	0.0000	0.0000	0.0000	0.0000	0.0000	0.0000	0.0017	0.0010	0.0007	0.0007	0.0006	0.0001	0.0010	0.0004	0.0006	0.0000	0.0000	0.0000	0.0000	0.0000	0.0000	0.0000	0.0000	0.0000	0.0000	0.0000	0.0000	0.0000	0.0000	0.0000	0.0000	0.0000	0.0000											
51	118	0.0745	3	0	2	0	0	0	0	0	0	N	Y	N	N	N	N	N	N	N	N	N	N	1266.1001	827.9582	45.9384	48.5989	inf	inf	0.3535	0.3857	0.0000	0.0383	0.0384	0.0000	0.5646	0.6554	0.0000	0.0003	0.0005	0.0000	0.0008	0.0008	0.0000	0.0000	0.0000	0.0000	0.0000	0.0000	-0.0001	-0.0000	0.0003	16.9994	0.9690	6.0000	0.0002	0.0002	0.0000	0.0000	0.0000	0.0000	0.0002	0.0002	0.0000	0.0000	0.0000	0.0000	0.0000	0.0000	0.0000	0.0000	0.0000	0.0000	0.0007	0.0006	0.0001	0.0003	0.0003	0.0000	0.0004	0.0003	0.0001	0.0928	0.0664	0.0264	0.0336	0.0295	0.0041	0.0592	0.0368	0.0224	3279.9823	2559.1305	0.0000	128.6497	113.2797	0.0000	inf	inf	0.0000	0.0001	0.0002	0.0000	0.0003	0.0003	0.0000	0.0000	0.0000	0.0000			
51	119	0.6306	6	0	2	0	0	0	0	0	0	N	Y	N	N	N	N	N	N	N	N	N	N	96.2304	60.8128	0.0000	0.0000	inf	inf	1.5112	1.6221	0.0000	0.0000	0.0000	0.0000	3.3656	3.8491	0.0000	0.0157	0.0267	0.0000	0.0161	0.0164	0.0000	0.0000	0.0000	0.0000	0.0000	0.0000	-0.0001	-0.0000	0.0003	5.0000	0.9690	6.0000	0.0002	0.0002	0.0000	0.0000	0.0000	0.0000	0.0002	0.0002	0.0000	0.0000	0.0000	0.0000	0.0000	0.0000	0.0000	0.0000	0.0000	0.0000	0.0001	0.0001	0.0000	0.0001	0.0001	0.0000	0.0001	0.0001	0.0000	0.0123	0.0074	0.0049	0.0049	0.0043	0.0006	0.0074	0.0031	0.0043	925.7935	599.1414	0.0000	0.0000	0.0000	0.0000	inf	inf	0.0000	0.0016	0.0027	0.0000	0.0041	0.0046	0.0000	0.0000	0.0000	0.0000			
51	120	0.6587	7	0	2	0	0	0	0	0	0	N	Y	N	N	N	N	N	N	N	N	N	N	11.1600	7.6991	0.0033	0.0035	10755061.2123	32156.8652	5.0077	5.6665	0.0000	0.0012	0.0013	0.0000	12.6913	14.2293	0.0000	0.4487	0.7360	0.0000	0.3577	0.3801	0.0000	0.0000	0.0004	0.0000	0.0000	0.0000	-0.0001	-0.0000	0.0003	0.9998	0.9690	0.9486	0.0002	0.0002	0.0000	0.0000	0.0000	0.0000	0.0002	0.0002	0.0000	0.0000	0.0000	0.0000	0.0000	0.0000	0.0000	0.0000	0.0000	0.0000	0.0000	0.0000	0.0000	0.0000	0.0000	0.0000	0.0000	0.0000	0.0000	0.0037	0.0022	0.0015	0.0017	0.0016	0.0002	0.0019	0.0007	0.0013	492.5351	333.3614	0.0000	0.0545	0.0553	0.0000	10755061.2123	5185181.3847	0.0000	0.0102	0.0170	0.0000	0.0215	0.0242	0.0000	0.0000	0.0000	0.0000			
51	121	0.6306	6	0	2	0	0	0	0	0	0	N	Y	N	N	N	N	N	N	N	N	N	N	0.5877	0.3143	inf	0.0000	0.0000	1.6847	0.0717	inf	0.0186	0.0198	0.0024	0.0000	0.0000	0.0000	0.0415	0.0470	0.0029	0.0317	0.0631	0.0000	0.0011	0.0010	0.0000	0.0246	0.6555	0.0000	0.0090	0.0000	-0.0000	-0.0000	0.0003	3.0005	0.9690	1.1085	0.0000	0.0000	0.0000	0.0000	0.0000	0.0000	0.0000	0.0000	0.0000	0.0000	0.0000	0.0000	0.0000	0.0000	0.0000	0.0000	0.0000	0.0000	0.0002	0.0001	0.0000	0.0001	0.0001	0.0000	0.0001	0.0001	0.0000	0.0087	0.0052	0.0035	0.0035	0.0031	0.0004	0.0053	0.0022	0.0031	7.7998	4.9950	inf	0.0000	0.0000	0.0000	11.3620	5.3428	inf	0.0024	0.0040	0.0000	0.0005	0.0005	0.0000	0.0036	0.0088	0.0000	
51	122	0.1157	4	0	2	0	0	0	0	0	0	N	Y	N	N	N	N	N	N	N	N	N	N	0.0000	0.0000	0.0000	0.0000	0.0000	0.0000	0.0000	0.0000	0.0000	0.0000	0.0000	0.0000	0.0000	0.0000	0.0000	0.0000	0.0000	0.0000	0.0000	0.0000	0.0003	2.0001	0.9690	3.0000	0.0000	0.0000	0.0000	0.0000	0.0000	0.0000	0.0000	0.0000	0.0000	0.0000	0.0000	0.0000	0.0000	0.0000	0.0000	0.0000	0.0000	0.0000	0.0001	0.0001	0.0000	0.0000	0.0000	0.0000	0.0000	0.0000	0.0000	0.0176	0.0127	0.0049	0.0054	0.0053	0.0002	0.0122	0.0074	0.0048	0.0000	0.0000	0.0000	0.0000	0.0000	0.0000	0.0000	0.0000	0.0000	0.0000	0.0000	0.0000	0.0000	0.0000	0.0000	0.0000	0.0000	0.0000											
51	123	0.0745	3	0	1	0	0	0	0	0	0	N	N	N	N	N	N	N	N	N	N	N	N	inf	inf	inf	inf	0.6493	0.7106	0.0000	0.0000	0.0000	0.0000	1.0778	1.2568	0.0000	0.0000	0.0000	0.0000	0.0000	0.0000	0.0000	0.0000	0.0000	0.0000	0.0000	-0.0001	-0.0000	0.0003	6.9986	0.9690	2.0000	0.0002	0.0002	0.0000	0.0000	0.0000	0.0000	0.0002	0.0002	0.0000	0.0000	0.0000	0.0000	0.0000	0.0000	0.0000	0.0000	0.0000	0.0000	0.0003	0.0003	0.0000	0.0001	0.0001	0.0000	0.0002	0.0002	0.0000	0.0451	0.0320	0.0131	0.0175	0.0151	0.0024	0.0276	0.0169	0.0106	inf	inf	0.0000	0.0000	0.0000	0.0000	inf	inf	0.0000	0.0000	0.0000	0.0000	0.0000	0.0000	0.0000	0.0000	0.0000	0.0000						
51	124	0.6641	7	0	2	0	0	0	0	0	0	N	Y	N	N	N	N	N	N	N	N	N	N	0.0007	5.6458	0.0000	0.0077	0.3789	0.0000	0.0013	inf	0.0000	0.0012	0.0013	0.0000	0.0001	0.0001	0.0000	0.0028	0.0032	0.0000	1.8026	0.0002	5.5047	0.0139	0.0003	0.1247	2.1355	0.0000	1.9168	0.0000	30396.4011	-0.0000	0.0032	0.0003	3.9006	0.9690	3.1543	0.0000	0.0000	0.0000	0.0000	0.0000	0.0000	0.0000	0.0000	0.0000	0.0067	0.0000	0.0067	0.0000	0.0000	0.0000	0.0067	0.0000	0.0067	0.0002	0.0002	0.0000	0.0001	0.0001	0.0000	0.0001	0.0001	0.0000	0.0187	0.0103	0.0085	0.0082	0.0074	0.0007	0.0106	0.0028	0.0078	0.0033	59.1515	0.0000	0.0294	3.7096	0.0000	0.0044	inf	0.0000	0.3569	0.0000	0.7898	0.0036	0.0000	0.0415	0.6294	0.0000	0.8582
51	125	0.6306	6	0	2	0	0	0	0	0	0	N	Y	N	N	N	N	N	N	N	N	N	N	0.0050	2.6240	0.0000	0.0000	0.0000	0.0000	0.0068	1.5083	0.0000	0.6237	0.6695	0.0007	0.0000	0.0000	0.0000	1.3953	1.5964	0.0008	123.5199	0.2552	310.1775	0.4767	0.0004	0.9589	204.6485	1.0584	349.7390	0.0001	32899.6425	-0.0000	0.4553	0.0003	1.6924	0.9690	1.9110	0.0001	0.0001	0.0000	0.0000	0.0000	0.0000	0.0001	0.0001	0.0000	0.9523	0.0000	0.9523	0.0001	0.0000	0.0001	0.9522	0.0000	0.9522	0.0001	0.0001	0.0000	0.0001	0.0001	0.0000	0.0000	0.0000	0.0000	0.0077	0.0046	0.0031	0.0031	0.0027	0.0003	0.0047	0.0019	0.0027	0.0050	107.3233	0.0000	0.0000	0.0000	0.0000	0.0068	107.1214	0.0000	123.5199	0.0062	310.1775	0.0293	0.0001	0.2574	204.6485	0.0149	349.7390
51	126	0.0745	3	0	2	0	0	0	0	0	0	N	Y	N	N	N	N	N	N	N	N	N	N	0.0000	0.0000	0.0000	0.0000	0.0000	0.0000	0.0000	0.0000	0.0000	0.0000	0.0000	0.0000	0.0000	0.0000	0.0000	0.0000	1.4432	1.9515	0.0198	2.6915	2.8946	0.0000	0.0290	0.0000	0.0103	0.0150	0.0000	-0.0038	0.0003	0.9996	0.9690	8.0005	0.0000	0.0000	0.0000	0.0000	0.0000	0.0000	0.0000	0.0000	0.0000	0.0075	0.0073	0.0001	0.0073	0.0073	0.0000	0.0001	0.0000	0.0001	0.0001	0.0001	0.0000	0.0000	0.0000	0.0000	0.0000	0.0000	0.0000	0.0451	0.0320	0.0131	0.0175	0.0151	0.0024	0.0276	0.0169	0.0106	0.0000	0.0000	0.0000	0.0000	0.0000	0.0000	0.0000	0.0000	0.0000	0.1653	0.2295	0.0084	0.4196	0.4874	0.0000	0.0040	0.0000	0.0103			
51	127	0.2018	5	0	1	0	0	0	0	0	0	N	N	N	N	N	N	N	N	N	N	N	N	0.2621	0.6587	0.0000	0.0007	0.0011	0.0000	0.9135	1828.8293	0.0000	0.2167	0.2600	0.0000	0.0002	0.0002	0.0000	0.4347	0.5688	0.0000	0.8268	0.3947	0.2882	0.2899	0.1989	0.1073	0.4759	0.0003	0.1529	0.0000	4.0139	-0.0000	0.0006	0.0003	3.6536	0.9690	12.3970	0.0001	0.0001	0.0000	0.0000	0.0000	0.0000	0.0001	0.0001	0.0000	0.0023	0.0005	0.0018	0.0006	0.0005	0.0002	0.0016	0.0000	0.0016	0.0003	0.0002	0.0000	0.0001	0.0001	0.0000	0.0001	0.0001	0.0000	0.0771	0.0563	0.0208	0.0340	0.0299	0.0041	0.0431	0.0265	0.0166	7.3861	32.4773	0.0000	0.0113	0.0150	0.0000	11.3979	429163.9028	0.0000	0.0293	0.0080	0.0872	0.0182	0.0151	0.0403	0.0381	0.0000	0.0990
51	128	0.3802	5	0	1	0	0	0	0	0	0	N	N	N	N	N	N	N	N	N	N	N	N	0.0023	0.0020	0.0370	0.0033	0.0033	0.0089	0.2565	0.0000	0.7210	0.0028	0.0032	0.0002	0.0052	0.0056	0.0002	0.0001	0.0000	0.0002	1.2054	1.6103	0.0060	1.5664	1.6939	0.0195	0.0002	0.0022	0.0003	0.0123	0.0175	-0.0000	-0.0048	0.0003	5.3495	0.9690	12.4099	0.0000	0.0000	0.0000	0.0000	0.0000	0.0000	0.0000	0.0000	0.0000	0.0095	0.0094	0.0002	0.0095	0.0094	0.0002	0.0000	0.0000	0.0000	0.0004	0.0003	0.0001	0.0002	0.0002	0.0000	0.0002	0.0001	0.0000	0.1185	0.0864	0.0321	0.0813	0.0659	0.0154	0.0371	0.0204	0.0167	0.0346	0.0299	0.0435	0.0442	0.0396	0.0169	0.3040	0.0000	0.7210	0.0806	0.1086	0.0051	0.1173	0.1423	0.0103	0.0002	0.0001	0.0003
51	129	0.1859	9	0	2	0	1	0	0	0	0	N	Y	N	N	N	N	N	N	N	N	N	N	0.0000	0.0000	0.0000	0.0000	0.0000	0.0000	0.0000	0.0000	0.0000	0.0000	0.0000	0.0000	0.0000	0.0000	0.0000	0.0000	0.0000	0.0000	0.0000	0.0000	0.0003	0.0000	0.9690	0.0000	0.0000	0.0000	0.0000	0.0000	0.0000	0.0000	0.0000	0.0000	0.0000	0.0000	0.0000	0.0000	0.0000	0.0000	0.0000	0.0000	0.0000	0.0000	0.0000	0.0000	0.0000	0.0000	0.0000	0.0000	0.0000	0.0000	0.0000	0.0000	0.0000	0.0000	0.0000	0.0000	0.0000	0.0000	0.0000	0.0000	0.0000	0.0000	0.0000	0.0000	0.0000	0.0000	0.0000	0.0000	0.0000	0.0000	0.0000	0.0000	0.0000	0.0000	0.0000	0.0000	0.0000	0.0000											
51	130	0.1696	8	0	2	0	1	0	0	0	0	N	Y	N	N	N	N	N	N	N	N	N	N	0.0000	0.0000	0.0000	0.0000	0.0000	0.0000	0.0000	0.0000	0.0000	0.0000	0.0000	0.0000	0.0000	0.0000	0.0000	0.0000	0.0000	0.0000	0.0000	0.0000	0.0003	0.0000	0.9690	3.0001	0.0000	0.0000	0.0000	0.0000	0.0000	0.0000	0.0000	0.0000	0.0000	0.0000	0.0000	0.0000	0.0000	0.0000	0.0000	0.0000	0.0000	0.0000	0.0000	0.0000	0.0000	0.0000	0.0000	0.0000	0.0000	0.0000	0.0000	0.0087	0.0063	0.0025	0.0026	0.0026	0.0000	0.0061	0.0037	0.0024	0.0000	0.0000	0.0000	0.0000	0.0000	0.0000	0.0000	0.0000	0.0000	0.0000	0.0000	0.0000	0.0000	0.0000	0.0000	0.0000	0.0000	0.0000											
51	131	0.1600	7	0	2	0	0	0	0	0	0	N	Y	N	N	N	N	N	N	N	N	N	N	0.0000	0.0000	0.0000	0.0000	0.0000	0.0000	0.0000	0.0000	0.0000	0.0000	0.0000	0.0000	0.0000	0.0000	0.0000	0.0000	0.0000	0.0000	0.0000	0.0000	0.0003	0.0000	0.9690	0.0000	0.0000	0.0000	0.0000	0.0000	0.0000	0.0000	0.0000	0.0000	0.0000	0.0000	0.0000	0.0000	0.0000	0.0000	0.0000	0.0000	0.0000	0.0000	0.0000	0.0000	0.0000	0.0000	0.0000	0.0000	0.0000	0.0000	0.0000	0.0000	0.0000	0.0000	0.0000	0.0000	0.0000	0.0000	0.0000	0.0000	0.0000	0.0000	0.0000	0.0000	0.0000	0.0000	0.0000	0.0000	0.0000	0.0000	0.0000	0.0000	0.0000	0.0000	0.0000	0.0000	0.0000	0.0000											
51	132	0.1696	8	0	1	1	1	0	0	0	0	N	N	N	N	N	N	N	N	N	N	N	N	0.0000	0.0000	0.0000	0.0000	0.0000	0.0000	0.0000	0.0000	0.0000	0.0000	0.0000	0.0000	0.0000	0.0000	0.0000	0.0000	0.0000	0.0000	0.0000	0.0000	0.0003	0.0000	0.9690	1.9999	0.0000	0.0000	0.0000	0.0000	0.0000	0.0000	0.0000	0.0000	0.0000	0.0000	0.0000	0.0000	0.0000	0.0000	0.0000	0.0000	0.0000	0.0000	0.0000	0.0000	0.0000	0.0000	0.0000	0.0000	0.0000	0.0000	0.0000	0.0059	0.0042	0.0017	0.0017	0.0017	0.0000	0.0041	0.0025	0.0016	0.0000	0.0000	0.0000	0.0000	0.0000	0.0000	0.0000	0.0000	0.0000	0.0000	0.0000	0.0000	0.0000	0.0000	0.0000	0.0000	0.0000	0.0000											
51	133	0.1807	9	0	1	1	1	0	0	0	0	N	N	N	N	N	N	N	N	N	N	N	N	0.0000	0.0000	0.0000	0.0000	0.0000	0.0000	0.0000	0.0000	0.0000	0.0000	0.0000	0.0000	0.0000	0.0000	0.0000	0.0000	0.0000	0.0000	0.0000	0.0000	0.0003	1.0000	0.9690	0.0000	0.0000	0.0000	0.0000	0.0000	0.0000	0.0000	0.0000	0.0000	0.0000	0.0000	0.0000	0.0000	0.0000	0.0000	0.0000	0.0000	0.0000	0.0000	0.0000	0.0000	0.0000	0.0000	0.0000	0.0000	0.0000	0.0000	0.0000	0.0029	0.0021	0.0008	0.0009	0.0009	0.0000	0.0020	0.0012	0.0008	0.0000	0.0000	0.0000	0.0000	0.0000	0.0000	0.0000	0.0000	0.0000	0.0000	0.0000	0.0000	0.0000	0.0000	0.0000	0.0000	0.0000	0.0000											
51	134	0.1807	9	0	1	1	1	0	0	0	0	N	N	N	N	N	N	N	N	N	N	N	N	0.0000	0.0000	0.0000	0.0000	0.0000	0.0000	0.0000	0.0000	0.0000	0.0000	0.0000	0.0000	0.0000	0.0000	0.0000	0.0000	0.0000	0.0000	0.0000	0.0000	0.0003	0.0000	0.9690	0.0000	0.0000	0.0000	0.0000	0.0000	0.0000	0.0000	0.0000	0.0000	0.0000	0.0000	0.0000	0.0000	0.0000	0.0000	0.0000	0.0000	0.0000	0.0000	0.0000	0.0000	0.0000	0.0000	0.0000	0.0000	0.0000	0.0000	0.0000	0.0000	0.0000	0.0000	0.0000	0.0000	0.0000	0.0000	0.0000	0.0000	0.0000	0.0000	0.0000	0.0000	0.0000	0.0000	0.0000	0.0000	0.0000	0.0000	0.0000	0.0000	0.0000	0.0000	0.0000	0.0000	0.0000	0.0000											
51	135	0.1696	8	0	1	1	1	0	0	0	0	N	N	N	N	N	N	N	N	N	N	N	N	0.0000	0.0000	0.0000	0.0000	0.0000	0.0000	0.0000	0.0000	0.0000	0.0000	0.0000	0.0000	0.0000	0.0000	0.0000	0.0000	0.0000	0.0000	0.0000	0.0000	0.0003	2.0025	0.9690	0.9943	0.0000	0.0000	0.0000	0.0000	0.0000	0.0000	0.0000	0.0000	0.0000	0.0000	0.0000	0.0000	0.0000	0.0000	0.0000	0.0000	0.0000	0.0000	0.0001	0.0001	0.0000	0.0000	0.0000	0.0000	0.0000	0.0000	0.0000	0.0087	0.0062	0.0025	0.0026	0.0026	0.0000	0.0061	0.0037	0.0024	0.0000	0.0000	0.0000	0.0000	0.0000	0.0000	0.0000	0.0000	0.0000	0.0000	0.0000	0.0000	0.0000	0.0000	0.0000	0.0000	0.0000	0.0000											
51	136	0.1696	7	0	1	0	1	0	0	0	0	N	N	N	N	N	N	N	N	N	N	N	N	0.0000	0.0000	0.0000	0.0000	0.0000	0.0000	0.0000	0.0000	0.0000	0.0000	0.0000	0.0000	0.0000	0.0000	0.0000	0.0000	0.0000	0.0000	0.0000	-0.0000	0.0003	0.0050	0.9690	0.0173	0.0000	0.0000	0.0000	0.0000	0.0000	0.0000	0.0000	0.0000	0.0000	0.0000	0.0000	0.0000	0.0000	0.0000	0.0000	0.0000	0.0000	0.0000	0.0000	0.0000	0.0000	0.0000	0.0000	0.0000	0.0000	0.0000	0.0000	0.0001	0.0000	0.0000	0.0000	0.0000	0.0000	0.0000	0.0000	0.0000	0.0000	0.0000	0.0000	0.0000	0.0000	0.0000	0.0000	0.0000	0.0000	0.0000	0.0000	0.0000	0.0000	0.0000	0.0000	0.0000	0.0000	0.0000											
51	137	0.1600	6	0	1	0	1	0	0	0	0	N	N	N	N	N	N	N	N	N	N	N	N	0.0000	0.0000	0.0000	0.0000	0.0000	0.0000	0.0000	0.0000	0.0000	0.0000	0.0000	0.0000	0.0000	0.0000	0.0000	0.0000	0.0000	0.0000	0.0000	-0.0000	0.0003	1.9972	0.9690	1.0076	0.0000	0.0000	0.0000	0.0000	0.0000	0.0000	0.0000	0.0000	0.0000	0.0000	0.0000	0.0000	0.0000	0.0000	0.0000	0.0000	0.0000	0.0000	0.0001	0.0001	0.0000	0.0000	0.0000	0.0000	0.0000	0.0000	0.0000	0.0085	0.0062	0.0023	0.0026	0.0026	0.0000	0.0059	0.0036	0.0023	0.0000	0.0000	0.0000	0.0000	0.0000	0.0000	0.0000	0.0000	0.0000	0.0000	0.0000	0.0000	0.0000	0.0000	0.0000	0.0000	0.0000	0.0000											
51	138	0.1427	5	1	2	0	0	0	0	0	0	N	Y	N	N	N	N	N	N	N	N	N	N	0.0000	0.0000	0.0000	0.0000	0.0000	0.0000	0.0000	0.0000	0.0000	0.0000	0.0000	0.0000	0.0000	0.0085	0.0000	0.0042	0.0120	0.0000	0.2740	0.0000	0.0000	0.0000	inf	0.0000	0.0000	0.0003	0.0002	0.9690	2.3255	0.0000	0.0000	0.0000	0.0000	0.0000	0.0000	0.0000	0.0000	0.0000	0.0000	0.0000	0.0000	0.0000	0.0000	0.0000	0.0000	0.0000	0.0000	0.0000	0.0000	0.0000	0.0000	0.0000	0.0000	0.0000	0.0000	0.0000	0.0089	0.0064	0.0025	0.0031	0.0030	0.0001	0.0059	0.0035	0.0024	0.0000	0.0000	0.0000	0.0000	0.0000	0.0000	0.0000	0.0000	0.0000	0.0011	0.0000	0.0040	0.0033	0.0000	0.0915	0.0000	0.0000	0.0000						
51	139	0.1248	4	1	2	0	0	0	0	0	0	N	Y	N	N	N	N	N	N	N	N	N	N	0.0114	0.0075	0.3770	0.0163	0.0146	108.1435	0.0348	0.0000	0.7017	0.0086	0.0001	0.0774	0.0002	0.0001	0.0036	0.0158	0.0000	0.0822	0.7506	0.0077	0.2054	0.0093	0.0077	0.0000	0.4531	0.0006	0.1172	166.4348	22.4012	0.0000	0.0002	0.0003	2.0138	0.9690	2.7349	0.0000	0.0000	0.0000	0.0000	0.0000	0.0000	0.0000	0.0000	0.0000	0.0005	0.0000	0.0004	0.0000	0.0000	0.0000	0.0004	0.0000	0.0004	0.0001	0.0001	0.0000	0.0000	0.0000	0.0000	0.0000	0.0000	0.0000	0.0207	0.0145	0.0062	0.0074	0.0071	0.0003	0.0133	0.0074	0.0060	0.3802	0.0417	1.0834	0.0562	0.0402	108.1435	0.4714	0.0000	1.1030	0.0225	0.0014	0.0715	0.0027	0.0028	0.0000	0.0334	0.0000	0.0746
51	140	0.1414	5	0	2	0	0	0	0	0	0	N	Y	N	N	N	N	N	N	N	N	N	N	0.4519	0.0000	38.7161	0.0000	0.0000	18.9357	42.0174	0.0001	0.0000	0.0008	0.0000	0.0000	0.0000	0.0002	0.0000	0.0009	0.0002	0.0003	0.0000	0.0006	0.0005	0.0000	0.0000	0.0000	0.0000	inf	0.1503	0.0000	-0.0000	0.0003	1.9232	0.9690	1.1116	0.0000	0.0000	0.0000	0.0000	0.0000	0.0000	0.0000	0.0000	0.0000	0.0000	0.0000	0.0000	0.0000	0.0000	0.0000	0.0000	0.0000	0.0000	0.0001	0.0001	0.0000	0.0000	0.0000	0.0000	0.0000	0.0000	0.0000	0.0097	0.0070	0.0027	0.0030	0.0030	0.0001	0.0067	0.0040	0.0027	1.7988	0.0000	38.7161	0.0000	0.0000	0.0000	18.9357	0.0000	42.0174	0.0000	0.0001	0.0000	0.0001	0.0001	0.0000	0.0000	0.0000	0.0000		
51	141	0.6498	7	0	2	0	0	0	0	0	0	N	Y	N	N	N	N	N	N	N	N	N	N	inf	inf	inf	inf	1.2911	0.0000	18.9373	0.0000	0.0000	0.0000	3.0832	0.0000	24.5621	0.0000	0.0000	0.0000	0.0000	0.0000	0.0000	0.0000	0.0000	0.0000	inf	0.0002	0.0000	0.0003	3.0000	0.9690	1.0000	0.0002	0.0000	0.0002	0.0000	0.0000	0.0000	0.0002	0.0000	0.0002	0.0000	0.0000	0.0000	0.0000	0.0000	0.0000	0.0000	0.0000	0.0000	0.0002	0.0002	0.0000	0.0001	0.0001	0.0000	0.0001	0.0001	0.0000	0.0085	0.0051	0.0034	0.0034	0.0030	0.0004	0.0051	0.0021	0.0030	inf	0.0000	inf	0.0000	0.0000	0.0000	inf	0.0000	inf	0.0000	0.0000	0.0000	0.0000	0.0000	0.0000	0.0000	0.0000	0.0000						
51	142	0.6306	6	0	1	0	0	0	0	0	0	N	N	N	N	N	N	N	N	N	N	N	N	inf	inf	inf	inf	0.0000	0.0000	0.0005	0.0000	0.0000	0.0000	0.0001	0.0000	0.0007	0.0000	0.0000	0.0000	0.0000	0.0000	0.0000	0.0000	0.0000	0.0000	inf	0.0000	0.0000	0.0003	1.0000	0.9690	1.0000	0.0000	0.0000	0.0000	0.0000	0.0000	0.0000	0.0000	0.0000	0.0000	0.0000	0.0000	0.0000	0.0000	0.0000	0.0000	0.0000	0.0000	0.0000	0.0001	0.0001	0.0000	0.0000	0.0000	0.0000	0.0000	0.0000	0.0000	0.0044	0.0026	0.0018	0.0017	0.0015	0.0002	0.0027	0.0011	0.0016	inf	0.0000	inf	0.0000	0.0000	0.0000	inf	0.0000	inf	0.0000	0.0000	0.0000	0.0000	0.0000	0.0000	0.0000	0.0000	0.0000						
51	143	0.3802	5	0	1	0	0	0	0	0	0	N	N	N	N	N	N	N	N	N	N	N	N	0.0017	0.0015	3.8638	0.0022	0.0021	24.7545	0.2276	0.0000	2.2634	0.0024	0.0028	0.0002	0.0046	0.0049	0.0002	0.0000	0.0000	0.0002	1.3915	1.8811	0.0001	2.0672	2.2876	0.0000	0.0002	0.0043	0.0001	0.0123	0.0001	-0.0000	-0.0086	0.0003	7.1211	0.9690	10.9474	0.0000	0.0000	0.0000	0.0000	0.0000	0.0000	0.0000	0.0000	0.0000	0.0165	0.0165	0.0000	0.0165	0.0165	0.0000	0.0000	0.0000	0.0000	0.0004	0.0004	0.0001	0.0002	0.0002	0.0000	0.0002	0.0002	0.0000	0.1190	0.0867	0.0323	0.0817	0.0662	0.0154	0.0374	0.0205	0.0168	0.0173	0.0145	3.8638	0.0227	0.0197	24.7545	0.2859	0.0000	2.2634	0.1386	0.1901	0.0001	0.2020	0.2489	0.0000	0.0002	0.0002	0.0001
51	144	0.1854	4	0	1	0	0	0	0	0	0	N	N	N	N	N	N	N	N	N	N	N	N	0.0019	0.0007	0.0766	0.0013	0.0014	0.0000	0.0035	0.0007	0.2080	0.0023	0.0011	0.0106	0.0001	0.0001	0.0000	0.0043	0.0022	0.0135	1.2097	1.5758	0.1384	0.0607	0.0606	0.0005	1.2252	3.1513	0.0650	1.3172	0.1628	0.0000	-0.0037	0.0003	8.5175	0.9690	23.1696	0.0000	0.0000	0.0000	0.0000	0.0000	0.0000	0.0000	0.0000	0.0000	0.0098	0.0084	0.0014	0.0004	0.0004	0.0000	0.0094	0.0080	0.0014	0.0005	0.0004	0.0001	0.0002	0.0002	0.0000	0.0002	0.0002	0.0000	0.1186	0.0872	0.0314	0.0495	0.0441	0.0054	0.0691	0.0431	0.0260	0.0281	0.0118	0.2433	0.0102	0.0097	0.0000	0.0315	0.0119	0.2575	0.0823	0.0963	0.0436	0.0079	0.0088	0.0004	0.1357	0.1858	0.0525
51	145	0.1600	7	1	2	0	0	0	0	0	0	N	Y	N	N	N	N	N	N	N	N	N	N	0.0000	0.0000	0.0000	0.0000	0.0000	0.0000	0.0000	0.0000	0.0000	0.0000	0.0000	0.0000	0.0000	0.0000	0.0000	0.0000	0.0000	0.0000	0.0000	0.0000	0.0003	1.0000	0.9690	1.0000	0.0000	0.0000	0.0000	0.0000	0.0000	0.0000	0.0000	0.0000	0.0000	0.0000	0.0000	0.0000	0.0000	0.0000	0.0000	0.0000	0.0000	0.0000	0.0000	0.0000	0.0000	0.0000	0.0000	0.0000	0.0000	0.0000	0.0000	0.0057	0.0041	0.0016	0.0017	0.0017	0.0000	0.0039	0.0024	0.0015	0.0000	0.0000	0.0000	0.0000	0.0000	0.0000	0.0000	0.0000	0.0000	0.0000	0.0000	0.0000	0.0000	0.0000	0.0000	0.0000	0.0000	0.0000											
51	146	0.1600	6	0	2	0	0	0	0	0	0	N	Y	N	N	N	N	N	N	N	N	N	N	0.0000	0.0000	0.0000	0.0000	0.0000	0.0000	0.0000	0.0000	0.0000	0.0000	0.0000	0.0000	0.0000	0.0000	0.0000	0.0000	0.0000	0.0000	0.0000	0.0000	0.0003	0.0003	0.9690	0.0000	0.0000	0.0000	0.0000	0.0000	0.0000	0.0000	0.0000	0.0000	0.0000	0.0000	0.0000	0.0000	0.0000	0.0000	0.0000	0.0000	0.0000	0.0000	0.0000	0.0000	0.0000	0.0000	0.0000	0.0000	0.0000	0.0000	0.0000	0.0000	0.0000	0.0000	0.0000	0.0000	0.0000	0.0000	0.0000	0.0000	0.0000	0.0000	0.0000	0.0000	0.0000	0.0000	0.0000	0.0000	0.0000	0.0000	0.0000	0.0000	0.0000	0.0000	0.0000	0.0000	0.0000	0.0000											
51	147	0.1414	5	0	1	0	0	0	0	0	0	N	N	N	N	N	N	N	N	N	N	N	N	0.2556	0.0000	31.0087	0.0000	0.0000	15.6394	33.5895	0.0000	0.0000	0.0004	0.0000	0.0000	0.0000	0.0001	0.0000	0.0004	0.0001	0.0003	0.0000	0.0004	0.0004	0.0000	0.0000	0.0000	0.0000	inf	0.1503	0.0000	-0.0000	0.0003	4.9449	0.9690	1.0063	0.0000	0.0000	0.0000	0.0000	0.0000	0.0000	0.0000	0.0000	0.0000	0.0000	0.0000	0.0000	0.0000	0.0000	0.0000	0.0000	0.0000	0.0000	0.0002	0.0002	0.0000	0.0001	0.0001	0.0000	0.0001	0.0001	0.0000	0.0179	0.0129	0.0050	0.0055	0.0054	0.0001	0.0125	0.0076	0.0049	1.4952	0.0000	31.0087	0.0000	0.0000	0.0000	15.6394	0.0000	33.5895	0.0000	0.0000	0.0000	0.0001	0.0001	0.0000	0.0000	0.0000	0.0000		
51	148	0.1248	4	0	1	0	0	0	0	0	0	N	N	N	N	N	N	N	N	N	N	N	N	0.5098	0.0081	110.5285	0.0153	0.0163	0.7632	47.9481	0.0000	144.6676	0.0056	0.0001	0.0502	0.0002	0.0002	0.0023	0.0101	0.0000	0.0534	0.0109	0.0111	0.0005	0.0132	0.0109	0.0030	0.0002	0.0004	0.0004	68.4960	0.1153	0.0000	-0.0000	0.0003	3.4778	0.9690	1.2917	0.0000	0.0000	0.0000	0.0000	0.0000	0.0000	0.0000	0.0000	0.0000	0.0000	0.0000	0.0000	0.0000	0.0000	0.0000	0.0000	0.0000	0.0000	0.0001	0.0001	0.0000	0.0001	0.0001	0.0000	0.0001	0.0001	0.0000	0.0208	0.0145	0.0063	0.0074	0.0071	0.0003	0.0134	0.0074	0.0060	4.2000	0.0529	110.5285	0.0591	0.0515	0.9588	60.4546	0.0000	144.6676	0.0013	0.0017	0.0005	0.0034	0.0035	0.0024	0.0002	0.0000	0.0004
51	149	0.0745	3	0	1	0	0	0	0	0	0	N	N	N	N	N	N	N	N	N	N	N	N	207.7881	47.1824	4660.4146	59.0328	68.1050	0.0000	1006.4112	0.0320	3850.4586	0.6192	0.0296	6.8785	0.0678	0.0679	0.0000	0.9839	0.0000	6.9236	0.0030	0.0006	0.0015	0.0011	0.0010	0.0000	0.0010	0.0004	0.0018	21.9269	2.3234	0.0002	0.0000	0.0003	7.8050	0.9690	4.0035	0.0002	0.0000	0.0002	0.0000	0.0000	0.0000	0.0002	0.0000	0.0002	0.0000	0.0000	0.0000	0.0000	0.0000	0.0000	0.0000	0.0000	0.0000	0.0004	0.0003	0.0000	0.0001	0.0001	0.0000	0.0002	0.0002	0.0000	0.0564	0.0401	0.0163	0.0216	0.0186	0.0029	0.0349	0.0215	0.0134	1014.2757	114.3543	4660.4146	141.4729	122.5114	0.0000	1422.7672	7.0600	3850.4586	0.0006	0.0003	0.0015	0.0005	0.0006	0.0000	0.0007	0.0000	0.0018
51	150	0.2018	5	0	1	0	0	0	0	0	0	N	N	N	N	N	N	N	N	N	N	N	N	0.0005	0.0006	0.0000	0.0020	0.0021	0.0000	0.0000	0.0000	0.0000	0.0002	0.0002	0.0000	0.0004	0.0004	0.0000	0.0000	0.0000	0.0000	0.3738	0.3724	0.0216	0.1768	0.1828	0.0000	0.0316	0.0006	0.0112	0.0081	0.4336	-0.0000	-0.0001	0.0003	3.7255	0.9690	14.1767	0.0000	0.0000	0.0000	0.0000	0.0000	0.0000	0.0000	0.0000	0.0000	0.0007	0.0005	0.0002	0.0005	0.0005	0.0000	0.0002	0.0000	0.0002	0.0003	0.0002	0.0000	0.0001	0.0001	0.0000	0.0001	0.0001	0.0000	0.0827	0.0605	0.0222	0.0362	0.0318	0.0044	0.0465	0.0287	0.0178	0.0223	0.0278	0.0000	0.0277	0.0269	0.0000	0.0000	0.0000	0.0000	0.0080	0.0076	0.0090	0.0127	0.0145	0.0000	0.0043	0.0000	0.0112
51	151	0.1854	4	0	1	0	0	0	0	0	0	N	N	N	N	N	N	N	N	N	N	N	N	0.0005	0.0003	0.0302	0.0004	0.0004	0.0000	0.0021	0.0004	0.0714	0.0003	0.0003	0.0004	0.0000	0.0001	0.0000	0.0006	0.0006	0.0006	0.6454	0.8250	0.0132	0.1252	0.1323	0.0015	0.2962	1.6523	0.0087	0.4215	0.1444	0.0000	-0.0003	0.0003	1.4205	0.9690	4.0377	0.0000	0.0000	0.0000	0.0000	0.0000	0.0000	0.0000	0.0000	0.0000	0.0007	0.0006	0.0001	0.0002	0.0002	0.0000	0.0005	0.0004	0.0001	0.0002	0.0001	0.0000	0.0001	0.0001	0.0000	0.0001	0.0001	0.0000	0.0417	0.0299	0.0118	0.0201	0.0178	0.0022	0.0216	0.0121	0.0096	0.0186	0.0139	0.0547	0.0044	0.0046	0.0000	0.0290	0.0197	0.0714	0.0164	0.0200	0.0073	0.0112	0.0125	0.0012	0.0212	0.0310	0.0087
51	152	0.0745	3	0	1	0	0	0	0	0	0	N	N	N	N	N	N	N	N	N	N	N	N	0.0000	0.0000	0.0020	0.0000	0.0000	0.0000	0.0001	0.0000	0.0049	0.0000	0.0000	0.0002	0.0000	0.0000	0.0000	0.0000	0.0000	0.0002	0.3987	0.0340	0.0784	0.0008	0.0007	0.0000	0.2084	0.3132	0.0329	inf	2.7946	0.0000	0.0001	0.0003	6.4701	0.9690	12.4371	0.0000	0.0000	0.0000	0.0000	0.0000	0.0000	0.0000	0.0000	0.0000	0.0007	0.0002	0.0005	0.0000	0.0000	0.0000	0.0007	0.0002	0.0005	0.0003	0.0003	0.0000	0.0001	0.0001	0.0000	0.0002	0.0002	0.0000	0.0809	0.0577	0.0232	0.0298	0.0260	0.0038	0.0511	0.0317	0.0194	0.0016	0.0000	0.0072	0.0000	0.0000	0.0000	0.0017	0.0000	0.0061	0.0086	0.0032	0.0221	0.0002	0.0003	0.0000	0.0135	0.0056	0.0264
52	53	0.6932	11	0	2	0	0	0	0	0	0	N	Y	N	N	N	N	N	N	N	N	N	N	0.0000	0.0000	0.0000	0.0000	0.0000	0.0000	0.0000	0.0000	0.0000	0.0000	0.0000	0.0000	0.0000	0.0069	0.0000	0.0034	0.0000	0.0000	0.0000	0.0132	0.0000	0.0045	inf	0.0000	0.0000	0.9211	1.0000	0.1671	5.0000	0.0000	0.0000	0.0000	0.0000	0.0000	0.0000	0.0000	0.0000	0.0000	0.0000	0.0000	0.0000	0.0000	0.0000	0.0000	0.0000	0.0000	0.0000	0.0479	0.0439	0.0040	0.0345	0.0325	0.0020	0.0134	0.0114	0.0020	0.0206	0.0148	0.0058	0.0122	0.0108	0.0014	0.0084	0.0040	0.0044	0.0000	0.0000	0.0000	0.0000	0.0000	0.0000	0.0000	0.0000	0.0000	0.0010	0.0000	0.0034	0.0000	0.0000	0.0000	0.0024	0.0000	0.0045						
52	54	0.6780	10	0	1	0	0	0	0	0	0	N	N	N	N	N	N	N	N	N	N	N	N	0.0000	0.0000	0.0000	0.0000	0.0000	0.0000	0.0000	0.0000	0.0000	0.0000	0.0000	0.0000	0.0000	0.0000	0.0000	0.0000	0.0003	0.0004	0.0000	0.0007	0.0006	0.0000	0.0000	0.0000	0.0000	0.0031	0.0000	-0.0000	0.9211	0.0000	0.1671	2.9157	0.0000	0.0000	0.0000	0.0000	0.0000	0.0000	0.0000	0.0000	0.0000	0.0000	0.0000	0.0000	0.0000	0.0000	0.0000	0.0000	0.0000	0.0000	0.0000	0.0000	0.0000	0.0000	0.0000	0.0000	0.0000	0.0000	0.0000	0.0117	0.0081	0.0036	0.0068	0.0061	0.0007	0.0050	0.0020	0.0029	0.0000	0.0000	0.0000	0.0000	0.0000	0.0000	0.0000	0.0000	0.0000	0.0001	0.0001	0.0000	0.0002	0.0002	0.0000	0.0000	0.0000	0.0000			
52	55	0.0624	4	0	2	0	0	0	0	0	0	N	Y	N	N	N	N	N	N	N	N	N	N	0.0000	0.0000	0.0000	0.0000	0.0000	0.0000	0.0000	0.0000	0.0000	0.0000	0.0000	0.0000	0.0000	0.0043	0.0074	0.0000	0.0095	0.0088	0.0000	0.0000	0.0000	0.0000	0.0000	0.0000	-0.0000	0.9211	2.0000	0.1671	3.0000	0.0000	0.0000	0.0000	0.0000	0.0000	0.0000	0.0000	0.0000	0.0000	0.0000	0.0000	0.0000	0.0000	0.0000	0.0000	0.0000	0.0000	0.0000	0.1040	0.0928	0.0113	0.0195	0.0193	0.0002	0.0845	0.0734	0.0111	0.0274	0.0150	0.0124	0.0073	0.0067	0.0006	0.0201	0.0083	0.0118	0.0000	0.0000	0.0000	0.0000	0.0000	0.0000	0.0000	0.0000	0.0000	0.0007	0.0013	0.0000	0.0027	0.0030	0.0000	0.0000	0.0000	0.0000						
52	56	0.6702	9	0	2	0	1	0	0	0	0	N	Y	N	N	N	N	N	N	N	N	N	N	0.0361	0.0272	0.0000	1.4513	1.4958	0.0000	0.0000	0.0000	0.0341	0.0373	0.0000	0.0466	0.0496	0.0000	0.0000	0.0000	0.0000	0.9436	1.3707	0.0012	0.0321	0.0332	0.0000	1.0028	3.1840	0.0016	0.0000	0.0079	-0.0008	-0.0007	0.9211	1.7218	0.1671	6.9557	0.0029	0.0029	0.0000	0.0029	0.0029	0.0000	0.0000	0.0000	0.0000	0.0013	0.0013	0.0000	0.0001	0.0001	0.0000	0.0012	0.0012	0.0000	0.0854	0.0780	0.0073	0.0625	0.0586	0.0039	0.0229	0.0194	0.0034	0.0291	0.0209	0.0083	0.0172	0.0153	0.0019	0.0119	0.0056	0.0063	0.7819	0.6177	0.0000	8.0207	7.5850	0.0000	0.0000	0.0000	0.0000	0.0436	0.0604	0.0012	0.0058	0.0065	0.0000	0.0983	0.2073	0.0016	
52	57	0.6813	9	1	1	1	0	0	0	0	0	N	N	N	N	N	N	N	N	N	N	N	N	0.0000	0.0000	0.0000	0.0000	0.0000	0.0000	0.0000	0.0000	0.0000	0.0000	0.0000	0.0001	0.0001	0.0000	0.0000	0.0000	0.0000	3.6667	4.7398	2.5241	5.2780	5.5061	0.0000	5.3293	10.2645	1.3176	0.0000	0.0333	-0.0000	-0.0778	0.9211	8.9999	0.1671	5.0001	0.0000	0.0000	0.0000	0.0000	0.0000	0.0000	0.0000	0.0000	0.0000	0.1590	0.1539	0.0051	0.0773	0.0773	0.0000	0.0817	0.0766	0.0051	0.2697	0.2448	0.0249	0.1674	0.1569	0.0104	0.1023	0.0879	0.0145	0.0434	0.0325	0.0109	0.0280	0.0250	0.0030	0.0153	0.0075	0.0079	0.0000	0.0000	0.0000	0.0000	0.0000	0.0000	0.0000	0.0000	0.0000	3.6667	4.7398	0.4699	2.7570	3.0907	0.0000	5.3293	10.2645	0.6505	
52	58	0.0839	5	1	1	1	0	0	0	0	0	N	N	N	N	N	N	N	N	N	N	N	N	0.0000	0.0000	0.0000	0.0000	0.0000	0.0000	0.0000	0.0000	0.0000	0.0000	0.0000	0.0000	0.0000	0.0000	0.0000	0.0000	0.0000	0.0000	0.0000	0.0000	0.9211	0.0000	0.1671	1.0000	0.0000	0.0000	0.0000	0.0000	0.0000	0.0000	0.0000	0.0000	0.0000	0.0000	0.0000	0.0000	0.0000	0.0000	0.0000	0.0000	0.0000	0.0000	0.0000	0.0000	0.0000	0.0000	0.0000	0.0000	0.0000	0.0000	0.0000	0.0031	0.0015	0.0017	0.0009	0.0008	0.0001	0.0022	0.0007	0.0016	0.0000	0.0000	0.0000	0.0000	0.0000	0.0000	0.0000	0.0000	0.0000	0.0000	0.0000	0.0000	0.0000	0.0000	0.0000	0.0000	0.0000	0.0000											
52	59	0.7068	10	0	1	1	0	0	0	0	0	N	N	N	N	N	N	N	N	N	N	N	N	0.0500	0.0000	60.7087	0.1508	0.0000	21.5344	13.1516	0.0000	142.8785	0.0051	0.0000	0.0510	0.0036	0.0000	0.0567	0.0088	0.0000	0.0464	0.1029	0.0946	0.0008	0.0241	0.0224	0.0026	0.0007	0.0146	0.0003	inf	0.0598	0.0000	-0.0000	0.9211	0.0006	0.1671	1.1867	0.0000	0.0000	0.0000	0.0000	0.0000	0.0000	0.0000	0.0000	0.0000	0.0000	0.0000	0.0000	0.0000	0.0000	0.0000	0.0000	0.0000	0.0000	0.0001	0.0001	0.0000	0.0000	0.0000	0.0000	0.0000	0.0000	0.0000	0.0061	0.0047	0.0015	0.0041	0.0037	0.0004	0.0020	0.0010	0.0011	1.4519	0.0000	60.7087	0.7242	0.0000	26.1428	15.6759	0.0000	142.8785	0.0035	0.0044	0.0008	0.0050	0.0053	0.0022	0.0006	0.0008	0.0003
52	60	0.6702	9	0	1	0	0	0	0	0	0	N	N	N	N	N	N	N	N	N	N	N	N	0.0009	0.0012	0.0246	0.0043	0.0041	0.0218	0.0000	0.0000	0.0000	0.0000	0.0000	0.0000	0.0000	0.0000	0.0001	0.0000	0.0000	0.0000	0.0062	0.0025	0.0014	0.0018	0.0010	0.0030	0.0027	0.0216	0.0011	1.0999	0.7908	0.0000	-0.0000	0.9211	2.2785	0.1671	4.8627	0.0000	0.0000	0.0000	0.0000	0.0000	0.0000	0.0000	0.0000	0.0000	0.0000	0.0000	0.0000	0.0000	0.0000	0.0000	0.0000	0.0000	0.0000	0.1088	0.0994	0.0094	0.0788	0.0739	0.0049	0.0300	0.0255	0.0045	0.0243	0.0174	0.0069	0.0143	0.0127	0.0016	0.0100	0.0047	0.0053	0.0063	0.0042	0.0246	0.0106	0.0075	0.0276	0.0000	0.0000	0.0000	0.0009	0.0007	0.0014	0.0007	0.0005	0.0024	0.0011	0.0012	0.0011
52	64	0.0831	5	0	2	0	0	0	0	0	0	N	Y	N	N	N	N	N	N	N	N	N	N	59.4006	80.1630	0.0112	98.9172	155.1580	0.0839	0.2240	inf	0.0064	0.0110	0.0119	0.0000	0.0299	0.0301	0.0000	0.0000	0.0000	0.0000	0.0002	0.0001	0.0001	0.0003	0.0002	0.0002	0.0001	0.0000	0.0001	0.0000	18.3684	-0.0001	0.0000	0.9211	0.2944	0.1671	1.0083	0.0004	0.0004	0.0000	0.0004	0.0004	0.0000	0.0000	0.0000	0.0000	0.0000	0.0000	0.0000	0.0000	0.0000	0.0000	0.0000	0.0000	0.0000	0.0326	0.0301	0.0026	0.0120	0.0119	0.0001	0.0207	0.0182	0.0025	0.0074	0.0041	0.0033	0.0020	0.0019	0.0002	0.0054	0.0022	0.0032	220.5647	2554.3257	0.0112	1244.5444	2950.6259	0.0839	0.3554	inf	0.0064	0.0000	0.0000	0.0001	0.0000	0.0000	0.0002	0.0001	0.0000	0.0001
52	65	0.0624	4	0	1	0	0	0	0	0	0	N	N	N	N	N	N	N	N	N	N	N	N	3.2932	23.5192	0.0000	25.1009	44.0481	0.0000	3.4752	18.4486	0.0000	0.0221	0.0248	0.0000	0.0727	0.0732	0.0000	0.0065	0.0075	0.0000	0.0067	0.0011	0.0016	0.0029	0.0017	0.0043	0.0019	0.0004	0.0015	0.0000	3.2531	-0.0004	0.0000	0.9211	1.1351	0.1671	2.0429	0.0016	0.0016	0.0000	0.0012	0.0012	0.0000	0.0004	0.0004	0.0000	0.0000	0.0000	0.0000	0.0000	0.0000	0.0000	0.0000	0.0000	0.0000	0.0722	0.0644	0.0078	0.0171	0.0170	0.0001	0.0552	0.0475	0.0077	0.0183	0.0100	0.0083	0.0049	0.0045	0.0004	0.0134	0.0055	0.0079	23.3291	60.6544	0.0000	67.0220	80.7360	0.0000	7.1886	3454.1951	0.0000	0.0009	0.0004	0.0016	0.0011	0.0009	0.0031	0.0009	0.0000	0.0015
52	66	0.0462	3	0	1	0	0	0	0	0	0	N	N	N	N	N	N	N	N	N	N	N	N	0.4867	0.0988	748.7470	0.5534	0.7158	0.0000	131.5622	inf	769.9992	0.0335	0.0205	0.1420	0.0569	0.0572	0.0000	0.0224	0.0000	0.1438	0.0689	0.2077	0.0002	0.1029	0.0799	0.0003	0.0002	0.0000	0.0002	0.8278	0.0286	0.0003	-0.0000	0.9211	0.4912	0.1671	2.4266	0.0016	0.0009	0.0007	0.0009	0.0009	0.0000	0.0007	0.0000	0.0007	0.0001	0.0001	0.0000	0.0001	0.0001	0.0000	0.0000	0.0000	0.0000	0.0473	0.0423	0.0051	0.0152	0.0152	0.0001	0.0321	0.0271	0.0050	0.0234	0.0124	0.0110	0.0076	0.0072	0.0004	0.0158	0.0052	0.0106	10.4437	3.4850	748.7470	5.9078	5.6518	0.0000	178.2683	inf	769.9992	0.0032	0.0059	0.0002	0.0096	0.0101	0.0003	0.0001	0.0000	0.0002
52	68	0.0839	5	1	2	1	0	0	0	0	0	N	Y	N	N	N	N	N	N	N	N	N	N	0.0000	0.0000	0.0000	0.0000	0.0000	0.0000	0.0000	0.0000	0.0000	0.0000	0.0000	0.0000	0.0000	0.0000	0.0000	0.0000	0.0000	0.0000	0.0000	0.0000	0.9211	0.0000	0.1671	0.0000	0.0000	0.0000	0.0000	0.0000	0.0000	0.0000	0.0000	0.0000	0.0000	0.0000	0.0000	0.0000	0.0000	0.0000	0.0000	0.0000	0.0000	0.0000	0.0000	0.0000	0.0000	0.0000	0.0000	0.0000	0.0000	0.0000	0.0000	0.0000	0.0000	0.0000	0.0000	0.0000	0.0000	0.0000	0.0000	0.0000	0.0000	0.0000	0.0000	0.0000	0.0000	0.0000	0.0000	0.0000	0.0000	0.0000	0.0000	0.0000	0.0000	0.0000	0.0000	0.0000	0.0000	0.0000											
52	69	0.7266	11	1	2	1	0	0	0	0	0	N	Y	N	N	N	N	N	N	N	N	N	N	0.0000	0.0000	0.0000	0.0000	0.0000	0.0000	0.0000	0.0000	0.0000	0.0000	0.0000	0.0000	0.0000	0.0000	0.0000	0.0000	0.0000	0.0000	0.0000	0.0000	0.9211	1.0000	0.1671	0.0000	0.0000	0.0000	0.0000	0.0000	0.0000	0.0000	0.0000	0.0000	0.0000	0.0000	0.0000	0.0000	0.0000	0.0000	0.0000	0.0000	0.0000	0.0000	0.0511	0.0473	0.0038	0.0426	0.0400	0.0026	0.0085	0.0072	0.0012	0.0013	0.0008	0.0005	0.0008	0.0007	0.0001	0.0006	0.0001	0.0004	0.0000	0.0000	0.0000	0.0000	0.0000	0.0000	0.0000	0.0000	0.0000	0.0000	0.0000	0.0000	0.0000	0.0000	0.0000	0.0000	0.0000	0.0000											
52	70	0.7266	11	1	2	1	0	0	0	0	0	N	Y	N	N	N	N	N	N	N	N	N	N	0.0000	0.0000	0.0000	0.0000	0.0000	0.0000	0.0000	0.0000	0.0000	0.0000	0.0000	0.0000	0.0000	0.0000	0.0000	0.0000	0.0000	0.0000	0.0000	0.0000	0.9211	0.0000	0.1671	0.0000	0.0000	0.0000	0.0000	0.0000	0.0000	0.0000	0.0000	0.0000	0.0000	0.0000	0.0000	0.0000	0.0000	0.0000	0.0000	0.0000	0.0000	0.0000	0.0000	0.0000	0.0000	0.0000	0.0000	0.0000	0.0000	0.0000	0.0000	0.0000	0.0000	0.0000	0.0000	0.0000	0.0000	0.0000	0.0000	0.0000	0.0000	0.0000	0.0000	0.0000	0.0000	0.0000	0.0000	0.0000	0.0000	0.0000	0.0000	0.0000	0.0000	0.0000	0.0000	0.0000	0.0000	0.0000											
52	71	0.7043	10	1	2	1	0	0	0	0	0	N	Y	N	N	N	N	N	N	N	N	N	N	inf	inf	inf	inf	0.0072	0.0078	0.0000	0.0087	0.0093	0.0000	0.0000	0.0000	0.0000	0.0000	0.0000	0.0000	0.0000	0.0000	0.0000	0.0000	0.0000	0.0000	0.0000	-0.0002	0.0000	0.9211	2.0000	0.1671	1.0000	0.0007	0.0007	0.0000	0.0007	0.0007	0.0000	0.0000	0.0000	0.0000	0.0000	0.0000	0.0000	0.0000	0.0000	0.0000	0.0000	0.0000	0.0000	0.0962	0.0889	0.0073	0.0794	0.0745	0.0049	0.0168	0.0144	0.0024	0.0038	0.0023	0.0015	0.0022	0.0019	0.0002	0.0016	0.0004	0.0013	inf	inf	0.0000	inf	inf	0.0000	0.0000	0.0000	0.0000	0.0000	0.0000	0.0000	0.0000	0.0000	0.0000	0.0000	0.0000	0.0000						
52	72	0.6813	9	1	1	1	0	0	0	0	0	N	N	N	N	N	N	N	N	N	N	N	N	1138.3665	inf	0.4462	566.4012	inf	0.0000	inf	inf	inf	0.0358	0.0393	0.0000	0.0476	0.0507	0.0000	0.0129	0.0151	0.0000	0.0000	0.0000	0.0000	0.0001	0.0000	0.0000	0.0000	0.0000	0.0000	0.0000	inf	-0.0003	0.0000	0.9211	1.0017	0.1671	2.0007	0.0013	0.0013	0.0000	0.0012	0.0012	0.0000	0.0002	0.0002	0.0000	0.0000	0.0000	0.0000	0.0000	0.0000	0.0000	0.0000	0.0000	0.0000	0.0374	0.0341	0.0033	0.0247	0.0232	0.0015	0.0127	0.0109	0.0018	0.0102	0.0076	0.0026	0.0066	0.0059	0.0007	0.0037	0.0017	0.0019	93893.6938	inf	0.4462	94786.2220	inf	0.0000	inf	inf	inf	0.0000	0.0000	0.0000	0.0000	0.0000	0.0000	0.0000	0.0000	0.0000
52	73	0.1031	6	1	2	0	0	0	0	0	0	N	Y	N	N	N	N	N	N	N	N	N	N	0.0000	0.0000	0.0000	0.0000	0.0000	0.0000	0.0000	0.0000	0.0000	0.0000	0.0000	0.0000	0.0000	0.0000	0.0000	0.0000	0.0000	0.0000	0.0000	0.0000	0.9211	0.0000	0.1671	0.0000	0.0000	0.0000	0.0000	0.0000	0.0000	0.0000	0.0000	0.0000	0.0000	0.0000	0.0000	0.0000	0.0000	0.0000	0.0000	0.0000	0.0000	0.0000	0.0000	0.0000	0.0000	0.0000	0.0000	0.0000	0.0000	0.0000	0.0000	0.0000	0.0000	0.0000	0.0000	0.0000	0.0000	0.0000	0.0000	0.0000	0.0000	0.0000	0.0000	0.0000	0.0000	0.0000	0.0000	0.0000	0.0000	0.0000	0.0000	0.0000	0.0000	0.0000	0.0000	0.0000	0.0000	0.0000											
52	74	0.7083	10	1	2	0	0	0	0	0	0	N	Y	N	N	N	N	N	N	N	N	N	N	0.0000	0.0000	0.0000	0.0000	0.0000	0.0000	0.0000	0.0000	0.0000	0.0000	0.0000	0.0000	0.0000	0.0000	0.0000	0.0000	0.0000	0.0000	0.0000	0.0000	0.9211	0.0000	0.1671	0.0010	0.0000	0.0000	0.0000	0.0000	0.0000	0.0000	0.0000	0.0000	0.0000	0.0000	0.0000	0.0000	0.0000	0.0000	0.0000	0.0000	0.0000	0.0000	0.0000	0.0000	0.0000	0.0000	0.0000	0.0000	0.0000	0.0000	0.0000	0.0009	0.0007	0.0002	0.0005	0.0005	0.0000	0.0004	0.0003	0.0002	0.0000	0.0000	0.0000	0.0000	0.0000	0.0000	0.0000	0.0000	0.0000	0.0000	0.0000	0.0000	0.0000	0.0000	0.0000	0.0000	0.0000	0.0000											
52	75	0.6974	12	0	2	0	1	0	0	0	0	N	Y	N	N	N	N	N	N	N	N	N	N	0.0000	0.0000	0.0000	0.0000	0.0000	0.0000	0.0000	0.0000	0.0000	0.0000	0.0000	0.0000	0.0000	0.0000	0.0000	0.0000	0.0000	0.0000	0.0000	0.0000	0.9211	0.0000	0.1671	0.0000	0.0000	0.0000	0.0000	0.0000	0.0000	0.0000	0.0000	0.0000	0.0000	0.0000	0.0000	0.0000	0.0000	0.0000	0.0000	0.0000	0.0000	0.0000	0.0000	0.0000	0.0000	0.0000	0.0000	0.0000	0.0000	0.0000	0.0000	0.0000	0.0000	0.0000	0.0000	0.0000	0.0000	0.0000	0.0000	0.0000	0.0000	0.0000	0.0000	0.0000	0.0000	0.0000	0.0000	0.0000	0.0000	0.0000	0.0000	0.0000	0.0000	0.0000	0.0000	0.0000	0.0000	0.0000											
52	76	0.6974	12	0	1	0	1	0	0	0	0	N	N	N	N	N	N	N	N	N	N	N	N	0.0000	0.0000	0.0000	0.0000	0.0000	0.0000	0.0000	0.0000	0.0000	0.0000	0.0000	0.0000	0.0000	0.0000	0.0000	0.0000	0.0000	0.0000	0.0000	0.0000	0.9211	0.0000	0.1671	0.0000	0.0000	0.0000	0.0000	0.0000	0.0000	0.0000	0.0000	0.0000	0.0000	0.0000	0.0000	0.0000	0.0000	0.0000	0.0000	0.0000	0.0000	0.0000	0.0000	0.0000	0.0000	0.0000	0.0000	0.0000	0.0000	0.0000	0.0000	0.0000	0.0000	0.0000	0.0000	0.0000	0.0000	0.0000	0.0000	0.0000	0.0000	0.0000	0.0000	0.0000	0.0000	0.0000	0.0000	0.0000	0.0000	0.0000	0.0000	0.0000	0.0000	0.0000	0.0000	0.0000	0.0000	0.0000											
52	77	0.6821	11	0	1	0	1	0	0	0	0	N	N	N	N	N	N	N	N	N	N	N	N	0.1899	0.0000	12.0090	0.0000	0.0000	0.0000	1.4507	0.0000	11.2023	0.0016	0.0000	0.0151	0.0000	0.0000	0.0000	0.0050	0.0000	0.0224	0.0085	0.0052	0.0013	0.0027	0.0026	0.0000	0.0034	0.0007	0.0020	inf	0.5400	0.0000	-0.0000	0.9211	0.0002	0.1671	2.9297	0.0000	0.0000	0.0000	0.0000	0.0000	0.0000	0.0000	0.0000	0.0000	0.0000	0.0000	0.0000	0.0000	0.0000	0.0000	0.0000	0.0000	0.0000	0.0000	0.0000	0.0000	0.0000	0.0000	0.0000	0.0000	0.0000	0.0000	0.0181	0.0124	0.0057	0.0124	0.0103	0.0021	0.0057	0.0022	0.0035	1.4472	0.0000	12.0090	0.0000	0.0000	0.0000	3.9828	0.0000	11.2023	0.0011	0.0011	0.0013	0.0011	0.0013	0.0000	0.0012	0.0000	0.0020
52	78	0.6780	10	0	1	0	1	0	0	0	0	N	N	N	N	N	N	N	N	N	N	N	N	0.2177	0.4956	0.0000	1.0683	1.6698	0.0000	0.0000	0.0000	0.0000	0.0020	0.0022	0.0000	0.0027	0.0029	0.0000	0.0000	0.0000	0.0000	0.0093	0.0045	0.0017	0.0026	0.0017	0.0020	0.0047	0.0188	0.0017	0.0000	0.7932	-0.0000	-0.0000	0.9211	0.0003	0.1671	2.1916	0.0000	0.0000	0.0000	0.0000	0.0000	0.0000	0.0000	0.0000	0.0000	0.0000	0.0000	0.0000	0.0000	0.0000	0.0000	0.0000	0.0000	0.0000	0.0000	0.0000	0.0000	0.0000	0.0000	0.0000	0.0000	0.0000	0.0000	0.0092	0.0063	0.0029	0.0053	0.0048	0.0005	0.0039	0.0015	0.0024	1.7190	2.3047	0.0000	2.6834	3.0741	0.0000	0.0000	0.0000	0.0000	0.0012	0.0010	0.0017	0.0010	0.0009	0.0017	0.0014	0.0010	0.0017
52	79	0.6702	9	0	1	0	0	0	0	0	0	N	N	N	N	N	N	N	N	N	N	N	N	0.0386	0.0000	0.2717	0.1941	0.0000	inf	0.0000	0.0000	0.0000	0.0000	0.0002	0.0000	0.0000	0.0003	0.0000	0.0000	0.0000	0.0004	0.0001	0.0007	0.0001	0.0001	0.0000	0.0005	0.0000	0.0009	inf	370.2581	0.0000	0.0000	0.9211	0.2782	0.1671	1.3600	0.0000	0.0000	0.0000	0.0000	0.0000	0.0000	0.0000	0.0000	0.0000	0.0000	0.0000	0.0000	0.0000	0.0000	0.0000	0.0000	0.0000	0.0000	0.0192	0.0175	0.0017	0.0155	0.0143	0.0012	0.0038	0.0032	0.0006	0.0059	0.0042	0.0017	0.0034	0.0030	0.0004	0.0024	0.0011	0.0013	0.0847	0.0000	0.2717	22.2141	0.0000	inf	0.0000	0.0000	0.0000	0.0002	0.0000	0.0007	0.0000	0.0000	0.0000	0.0005	0.0000	0.0009	
52	80	0.7139	11	0	2	1	0	0	0	0	0	N	Y	N	N	N	N	N	N	N	N	N	N	10899.7423	15215.7834	0.0000	19314.0984	24194.9561	19.2315	inf	0.0000	1.0771	1.2640	0.0000	1.7520	2.1045	0.0000	0.0010	0.0011	0.0000	0.0001	0.0001	0.0000	0.0001	0.0001	0.0000	0.0001	0.0000	0.0000	0.0000	19.5250	-0.0001	0.0000	0.9211	0.0029	0.1671	2.0135	0.0003	0.0003	0.0000	0.0003	0.0003	0.0000	0.0000	0.0000	0.0000	0.0000	0.0000	0.0000	0.0000	0.0000	0.0000	0.0000	0.0000	0.0000	0.0003	0.0002	0.0000	0.0002	0.0001	0.0000	0.0001	0.0001	0.0000	0.0095	0.0068	0.0027	0.0061	0.0057	0.0005	0.0034	0.0011	0.0022	124687.2131	2148305.1558	0.0000	2690256.9209	2973031.0929	0.0000	42.0495	inf	0.0000	0.0000	0.0000	0.0000	0.0000	0.0000	0.0000	0.0000	0.0000	0.0000	
52	81	0.7073	10	0	2	0	0	0	0	0	0	N	Y	N	N	N	N	N	N	N	N	N	N	0.0028	0.2042	0.0002	0.1072	0.2160	0.0020	0.0000	0.0022	0.0000	0.0001	0.0001	0.0000	0.0001	0.0001	0.0000	0.0000	0.0000	0.0000	0.0206	0.0003	0.0115	0.0008	0.0004	0.0025	0.0375	0.0010	0.0083	0.0037	42.6450	-0.0000	0.0000	0.9211	0.6188	0.1671	0.9475	0.0000	0.0000	0.0000	0.0000	0.0000	0.0000	0.0000	0.0000	0.0000	0.0000	0.0000	0.0000	0.0000	0.0000	0.0000	0.0000	0.0000	0.0000	0.0357	0.0322	0.0035	0.0239	0.0224	0.0015	0.0118	0.0098	0.0020	0.0060	0.0044	0.0016	0.0038	0.0035	0.0004	0.0021	0.0009	0.0012	0.0304	1.0690	0.0003	0.3146	1.2648	0.0024	0.0004	0.1601	0.0000	0.0019	0.0001	0.0069	0.0003	0.0001	0.0021	0.0048	0.0000	0.0083
52	82	0.1063	6	0	2	1	0	0	0	0	0	N	Y	N	N	N	N	N	N	N	N	N	N	0.0000	0.0000	0.0000	0.0000	0.0000	0.0000	0.0000	0.0000	0.0000	0.0000	0.0000	0.0000	0.0000	0.0232	0.0569	0.0000	0.0470	0.0475	0.0000	0.0000	0.0000	0.0000	0.0000	0.0000	-0.0000	0.9211	0.0000	0.1671	1.0000	0.0000	0.0000	0.0000	0.0000	0.0000	0.0000	0.0000	0.0000	0.0000	0.0000	0.0000	0.0000	0.0000	0.0000	0.0000	0.0000	0.0000	0.0000	0.0000	0.0000	0.0000	0.0000	0.0000	0.0000	0.0000	0.0000	0.0000	0.0048	0.0026	0.0022	0.0014	0.0013	0.0001	0.0034	0.0013	0.0021	0.0000	0.0000	0.0000	0.0000	0.0000	0.0000	0.0000	0.0000	0.0000	0.0021	0.0039	0.0000	0.0071	0.0079	0.0000	0.0000	0.0000	0.0000						
52	83	0.6813	9	1	1	1	0	0	0	0	0	N	N	N	N	N	N	N	N	N	N	N	N	1.0583	0.5265	0.2159	0.6234	0.7470	0.0000	inf	inf	0.0000	0.0000	0.0000	0.0001	0.0001	0.0000	0.0000	0.0000	0.0000	0.0000	0.0001	0.0000	0.0001	0.0001	0.0000	0.0000	0.0000	0.0000	0.0002	0.2600	-0.0000	-0.0000	0.9211	9.0001	0.1671	3.0001	0.0000	0.0000	0.0000	0.0000	0.0000	0.0000	0.0000	0.0000	0.0000	0.0000	0.0000	0.0000	0.0000	0.0000	0.0000	0.0000	0.0000	0.0000	0.2697	0.2448	0.0249	0.1674	0.1569	0.0104	0.1023	0.0879	0.0145	0.0378	0.0283	0.0095	0.0244	0.0218	0.0026	0.0134	0.0065	0.0069	74.1777	77.0002	0.2159	79.6896	92.5031	0.0000	inf	0.0000	inf	0.0000	0.0000	0.0000	0.0000	0.0000	0.0000	0.0000	0.0000	0.0000	
52	84	0.0839	5	1	1	1	0	0	0	0	0	N	N	N	N	N	N	N	N	N	N	N	N	0.0000	0.0000	0.0000	0.0000	0.0000	0.0000	0.0000	0.0000	0.0000	0.0000	0.0000	0.0000	0.0000	0.0000	0.0000	0.0000	0.0000	0.0000	0.0000	0.0000	0.9211	4.0000	0.1671	0.0000	0.0000	0.0000	0.0000	0.0000	0.0000	0.0000	0.0000	0.0000	0.0000	0.0000	0.0000	0.0000	0.0000	0.0000	0.0000	0.0000	0.0000	0.0000	0.1204	0.1085	0.0119	0.0130	0.0128	0.0002	0.1074	0.0958	0.0117	0.0117	0.0054	0.0063	0.0032	0.0028	0.0004	0.0084	0.0025	0.0059	0.0000	0.0000	0.0000	0.0000	0.0000	0.0000	0.0000	0.0000	0.0000	0.0000	0.0000	0.0000	0.0000	0.0000	0.0000	0.0000	0.0000	0.0000											
52	85	0.1300	6	1	2	0	0	0	0	0	0	N	Y	N	N	N	N	N	N	N	N	N	N	0.0023	0.0021	0.0000	0.0245	0.0240	0.0000	0.0000	0.0000	0.0000	0.0019	0.0021	0.0000	0.0090	0.0094	0.0000	0.0000	0.0000	0.0000	0.7963	1.0236	0.0595	0.3674	0.3911	0.0002	0.4095	1.9155	0.0277	0.0000	0.3668	-0.0000	-0.0001	0.9211	1.0086	0.1671	1.7435	0.0001	0.0001	0.0000	0.0001	0.0001	0.0000	0.0000	0.0000	0.0000	0.0004	0.0003	0.0001	0.0002	0.0002	0.0000	0.0003	0.0001	0.0001	0.0386	0.0342	0.0044	0.0080	0.0077	0.0003	0.0306	0.0265	0.0041	0.0160	0.0099	0.0061	0.0074	0.0064	0.0009	0.0086	0.0034	0.0052	0.0712	0.0679	0.0000	0.3990	0.3642	0.0000	0.0000	0.0000	0.0000	0.0262	0.0310	0.0184	0.0226	0.0257	0.0002	0.0293	0.0410	0.0216
52	86	0.0839	5	1	2	0	0	0	0	0	0	N	Y	N	N	N	N	N	N	N	N	N	N	0.0000	0.0000	0.0000	0.0000	0.0000	0.0000	0.0000	0.0000	0.0000	0.0000	0.0000	0.0000	0.0000	0.0000	0.0000	0.0000	0.0000	0.0000	0.0286	0.0134	0.0026	0.0129	0.0099	0.0072	0.0078	0.0076	0.0024	1.5881	-0.0000	0.0000	0.9211	1.0165	0.1671	4.1395	0.0000	0.0000	0.0000	0.0000	0.0000	0.0000	0.0000	0.0000	0.0000	0.0000	0.0000	0.0000	0.0000	0.0000	0.0000	0.0000	0.0000	0.0000	0.0343	0.0308	0.0035	0.0036	0.0035	0.0001	0.0307	0.0273	0.0034	0.0146	0.0067	0.0079	0.0040	0.0035	0.0005	0.0106	0.0032	0.0074	0.0000	0.0000	0.0000	0.0000	0.0000	0.0000	0.0000	0.0000	0.0000	0.0023	0.0019	0.0026	0.0034	0.0032	0.0046	0.0018	0.0004	0.0024	
52	87	0.6401	8	1	2	0	0	0	0	0	0	N	Y	N	N	N	N	N	N	N	N	N	N	17.5797	12.4678	79.0420	82.4762	inf	inf	2.8105	3.0891	0.0000	4.1773	4.4546	0.0000	0.0016	0.0019	0.0000	0.1599	0.2478	0.0000	0.0528	0.0540	0.0000	0.0000	0.0000	0.0000	0.0000	0.0000	-0.2387	-0.0001	0.9211	9.0005	0.1671	5.0000	0.9172	0.9172	0.0000	0.9171	0.9171	0.0000	0.0002	0.0002	0.0000	0.0002	0.0002	0.0000	0.0002	0.0002	0.0000	0.0000	0.0000	0.0000	0.3264	0.2969	0.0294	0.2195	0.2059	0.0137	0.1068	0.0911	0.0158	0.0446	0.0323	0.0123	0.0268	0.0238	0.0030	0.0178	0.0085	0.0092	626.0957	498.9023	0.0000	559.8077	529.8060	0.0000	inf	inf	0.0000	0.0045	0.0062	0.0000	0.0075	0.0084	0.0000	0.0000	0.0000	0.0000			
52	88	0.1063	6	0	2	0	0	0	0	0	0	N	Y	N	N	N	N	N	N	N	N	N	N	0.0000	0.0000	0.0000	0.0000	0.0000	0.0000	0.0000	0.0000	0.0000	0.0000	0.0000	0.0000	0.0000	0.0000	0.0000	0.0000	0.0000	0.0000	0.0000	0.0000	0.9211	0.0000	0.1671	0.0000	0.0000	0.0000	0.0000	0.0000	0.0000	0.0000	0.0000	0.0000	0.0000	0.0000	0.0000	0.0000	0.0000	0.0000	0.0000	0.0000	0.0000	0.0000	0.0000	0.0000	0.0000	0.0000	0.0000	0.0000	0.0000	0.0000	0.0000	0.0000	0.0000	0.0000	0.0000	0.0000	0.0000	0.0000	0.0000	0.0000	0.0000	0.0000	0.0000	0.0000	0.0000	0.0000	0.0000	0.0000	0.0000	0.0000	0.0000	0.0000	0.0000	0.0000	0.0000	0.0000	0.0000	0.0000											
52	89	0.7073	10	0	2	0	0	0	0	0	0	N	Y	N	N	N	N	N	N	N	N	N	N	0.0000	0.0000	0.0000	0.0000	0.0000	0.0000	0.0000	0.0000	0.0000	0.0000	0.0000	0.0000	0.0000	0.0000	0.0000	0.0000	0.0000	0.0002	0.0004	0.0000	0.0005	0.0005	0.0000	0.0000	0.0000	0.0000	0.0342	0.0000	-0.0000	0.9211	1.9953	0.1671	1.0817	0.0000	0.0000	0.0000	0.0000	0.0000	0.0000	0.0000	0.0000	0.0000	0.0000	0.0000	0.0000	0.0000	0.0000	0.0000	0.0000	0.0000	0.0000	0.0722	0.0651	0.0071	0.0439	0.0412	0.0027	0.0282	0.0239	0.0043	0.0110	0.0082	0.0028	0.0072	0.0064	0.0007	0.0038	0.0017	0.0021	0.0000	0.0000	0.0000	0.0000	0.0000	0.0000	0.0000	0.0000	0.0000	0.0001	0.0001	0.0000	0.0001	0.0001	0.0000	0.0000	0.0000	0.0000		
52	90	0.6813	9	0	2	0	0	0	0	0	0	N	Y	N	N	N	N	N	N	N	N	N	N	0.0133	0.0149	0.0000	0.0380	0.0432	0.0000	0.0004	inf	0.0000	0.0001	0.0001	0.0000	0.0001	0.0002	0.0000	0.0000	0.0000	0.0000	0.0070	0.0069	0.0002	0.0038	0.0036	0.0000	0.0002	0.0000	0.0002	0.0001	0.0445	-0.0000	-0.0000	0.9211	2.3999	0.1671	4.0713	0.0000	0.0000	0.0000	0.0000	0.0000	0.0000	0.0000	0.0000	0.0000	0.0000	0.0000	0.0000	0.0000	0.0000	0.0000	0.0000	0.0000	0.0000	0.0853	0.0777	0.0076	0.0555	0.0521	0.0033	0.0299	0.0256	0.0043	0.0214	0.0159	0.0054	0.0138	0.0123	0.0015	0.0076	0.0037	0.0040	0.0948	0.0811	0.0000	0.0981	0.0931	0.0000	0.0006	inf	0.0000	0.0010	0.0013	0.0002	0.0015	0.0016	0.0000	0.0001	0.0000	0.0002
52	91	0.7023	10	0	1	1	0	0	0	0	0	N	N	N	N	N	N	N	N	N	N	N	N	0.0000	0.0000	0.0000	0.0000	0.0000	0.0000	0.0000	0.0000	0.0000	0.0000	0.0000	0.0000	0.0000	0.0000	0.0000	0.0000	0.0000	0.0000	0.0000	0.0000	0.9211	0.0000	0.1671	0.0000	0.0000	0.0000	0.0000	0.0000	0.0000	0.0000	0.0000	0.0000	0.0000	0.0000	0.0000	0.0000	0.0000	0.0000	0.0000	0.0000	0.0000	0.0000	0.0000	0.0000	0.0000	0.0000	0.0000	0.0000	0.0000	0.0000	0.0000	0.0000	0.0000	0.0000	0.0000	0.0000	0.0000	0.0000	0.0000	0.0000	0.0000	0.0000	0.0000	0.0000	0.0000	0.0000	0.0000	0.0000	0.0000	0.0000	0.0000	0.0000	0.0000	0.0000	0.0000	0.0000	0.0000	0.0000											
52	92	0.6702	9	0	1	1	0	0	0	0	0	N	N	N	N	N	N	N	N	N	N	N	N	5.3501	4.1072	inf	149.3835	159.7092	inf	0.0031	0.0012	5.5602	6.0904	0.0000	7.8406	8.3531	0.0000	0.0035	0.0042	0.0000	1.0393	1.4828	0.0000	0.0525	0.0523	0.0000	1.1558	3.3910	0.0000	0.0000	0.0000	-0.2387	-0.0007	0.9211	3.7221	0.1671	2.9993	0.9172	0.9172	0.0000	0.9171	0.9170	0.0000	0.0002	0.0002	0.0000	0.0013	0.0013	0.0000	0.0001	0.0001	0.0000	0.0012	0.0012	0.0000	0.1650	0.1506	0.0144	0.1170	0.1098	0.0072	0.0480	0.0408	0.0072	0.0230	0.0164	0.0065	0.0135	0.0120	0.0015	0.0094	0.0044	0.0050	101.3160	79.3917	inf	1062.0371	1003.4911	inf	0.0287	0.0158	0.0000	0.0549	0.0767	0.0000	0.0074	0.0083	0.0000	0.1232	0.2630	0.0000	
52	93	0.6401	8	0	1	0	0	0	0	0	0	N	N	N	N	N	N	N	N	N	N	N	N	inf	inf	inf	inf	0.0000	0.0000	0.0000	0.0000	0.0000	0.0000	0.0000	0.0000	0.0000	0.0000	0.0000	0.0000	0.0000	0.0000	0.0000	0.0000	0.0000	0.0000	0.0000	-0.0000	0.0000	0.9211	2.7217	0.1671	3.0458	0.0000	0.0000	0.0000	0.0000	0.0000	0.0000	0.0000	0.0000	0.0000	0.0000	0.0000	0.0000	0.0000	0.0000	0.0000	0.0000	0.0000	0.0000	0.1232	0.1127	0.0105	0.0879	0.0827	0.0052	0.0353	0.0300	0.0053	0.0197	0.0142	0.0055	0.0118	0.0104	0.0013	0.0080	0.0038	0.0042	inf	inf	0.0000	inf	inf	0.0000	0.0000	0.0000	0.0000	0.0000	0.0000	0.0000	0.0000	0.0000	0.0000	0.0000	0.0000	0.0000						
52	94	0.6976	10	1	2	0	0	0	0	0	0	N	Y	N	N	N	N	N	N	N	N	N	N	0.0001	0.0001	0.0000	0.0007	0.0008	0.0000	0.0000	0.0000	0.0000	0.0000	0.0000	0.0001	0.0001	0.0000	0.0000	0.0000	0.0000	0.2407	0.3403	0.0000	0.0752	0.0726	0.0000	0.0000	0.0003	0.0000	0.0000	0.0001	-0.0000	-0.0001	0.9211	5.9980	0.1671	4.9575	0.0000	0.0000	0.0000	0.0000	0.0000	0.0000	0.0000	0.0000	0.0000	0.0002	0.0002	0.0000	0.0002	0.0002	0.0000	0.0000	0.0000	0.0000	0.1944	0.1775	0.0169	0.1279	0.1203	0.0076	0.0665	0.0572	0.0093	0.0336	0.0256	0.0079	0.0221	0.0197	0.0024	0.0115	0.0060	0.0055	0.0060	0.0050	0.0000	0.0060	0.0057	0.0000	0.0000	0.0000	0.0000	0.0057	0.0074	0.0000	0.0086	0.0097	0.0000	0.0000	0.0000	0.0000	
52	95	0.1063	6	1	2	0	0	0	0	0	0	N	Y	N	N	N	N	N	N	N	N	N	N	0.0000	0.0000	0.0000	0.0000	0.0000	0.0000	0.0000	0.0000	0.0000	0.0000	0.0000	0.0000	0.0000	0.0000	0.0000	0.0000	0.0000	0.0000	0.0000	0.0000	0.9211	0.0000	0.1671	2.0000	0.0000	0.0000	0.0000	0.0000	0.0000	0.0000	0.0000	0.0000	0.0000	0.0000	0.0000	0.0000	0.0000	0.0000	0.0000	0.0000	0.0000	0.0000	0.0000	0.0000	0.0000	0.0000	0.0000	0.0000	0.0000	0.0000	0.0000	0.0094	0.0051	0.0044	0.0028	0.0025	0.0003	0.0067	0.0026	0.0041	0.0000	0.0000	0.0000	0.0000	0.0000	0.0000	0.0000	0.0000	0.0000	0.0000	0.0000	0.0000	0.0000	0.0000	0.0000	0.0000	0.0000	0.0000											
52	96	0.0839	5	0	2	0	0	0	0	0	0	N	Y	N	N	N	N	N	N	N	N	N	N	0.0000	0.0000	0.0000	0.0000	0.0000	0.0000	0.0000	0.0000	0.0000	0.0000	0.0000	0.0000	0.0000	0.0000	0.0000	0.0000	0.0000	0.0000	0.0000	0.0000	0.9211	4.0000	0.1671	0.0000	0.0000	0.0000	0.0000	0.0000	0.0000	0.0000	0.0000	0.0000	0.0000	0.0000	0.0000	0.0000	0.0000	0.0000	0.0000	0.0000	0.0000	0.0000	0.1204	0.1085	0.0119	0.0130	0.0128	0.0002	0.1074	0.0958	0.0117	0.0117	0.0054	0.0063	0.0032	0.0028	0.0004	0.0084	0.0025	0.0059	0.0000	0.0000	0.0000	0.0000	0.0000	0.0000	0.0000	0.0000	0.0000	0.0000	0.0000	0.0000	0.0000	0.0000	0.0000	0.0000	0.0000	0.0000											
52	97	0.6401	8	0	1	0	0	0	0	0	0	N	N	N	N	N	N	N	N	N	N	N	N	inf	inf	inf	inf	0.0001	0.0001	0.0000	0.0001	0.0001	0.0000	0.0000	0.0000	0.0000	0.0000	0.0000	0.0000	0.0000	0.0000	0.0000	0.0000	0.0000	0.0000	0.0000	-0.0000	0.0000	0.9211	3.9994	0.1671	4.0000	0.0000	0.0000	0.0000	0.0000	0.0000	0.0000	0.0000	0.0000	0.0000	0.0000	0.0000	0.0000	0.0000	0.0000	0.0000	0.0000	0.0000	0.0000	0.1724	0.1575	0.0149	0.1214	0.1142	0.0072	0.0509	0.0433	0.0076	0.0268	0.0194	0.0075	0.0160	0.0142	0.0018	0.0108	0.0051	0.0057	inf	inf	0.0000	inf	inf	0.0000	0.0000	0.0000	0.0000	0.0000	0.0000	0.0000	0.0000	0.0000	0.0000	0.0000	0.0000	0.0000						
52	98	0.0839	5	0	1	0	0	0	0	0	0	N	N	N	N	N	N	N	N	N	N	N	N	0.0000	0.0000	0.0000	0.0000	0.0000	0.0000	0.0000	0.0000	0.0000	0.0000	0.0000	0.0000	0.0000	0.0000	0.0000	0.0000	0.0000	0.0000	0.0000	0.0000	0.9211	1.0000	0.1671	0.0000	0.0000	0.0000	0.0000	0.0000	0.0000	0.0000	0.0000	0.0000	0.0000	0.0000	0.0000	0.0000	0.0000	0.0000	0.0000	0.0000	0.0000	0.0000	0.0602	0.0541	0.0061	0.0063	0.0062	0.0001	0.0539	0.0479	0.0060	0.0057	0.0026	0.0030	0.0016	0.0014	0.0002	0.0041	0.0012	0.0029	0.0000	0.0000	0.0000	0.0000	0.0000	0.0000	0.0000	0.0000	0.0000	0.0000	0.0000	0.0000	0.0000	0.0000	0.0000	0.0000	0.0000	0.0000											
52	99	0.5291	7	0	1	0	0	0	0	0	0	N	N	N	N	N	N	N	N	N	N	N	N	0.0172	0.0144	0.0000	0.0308	0.0335	0.0000	0.0025	0.0243	0.0000	0.0131	0.0145	0.0000	0.0191	0.0202	0.0000	0.0001	0.0001	0.0000	0.7638	1.0115	0.0092	0.6184	0.6029	0.0098	0.0223	0.0028	0.0060	0.0000	0.0874	-0.0004	-0.0005	0.9211	1.5982	0.1671	11.1970	0.0014	0.0014	0.0000	0.0014	0.0014	0.0000	0.0000	0.0000	0.0000	0.0011	0.0010	0.0001	0.0011	0.0010	0.0000	0.0001	0.0000	0.0001	0.1040	0.0942	0.0099	0.0716	0.0675	0.0041	0.0324	0.0266	0.0058	0.0491	0.0341	0.0149	0.0271	0.0244	0.0027	0.0220	0.0097	0.0123	0.5718	0.4782	0.0000	0.4909	0.4771	0.0000	0.0163	0.6736	0.0000	0.0230	0.0304	0.0061	0.0388	0.0424	0.0062	0.0034	0.0001	0.0060
52	100	0.6990	11	1	2	1	0	0	0	0	0	N	Y	N	N	N	N	N	N	N	N	N	N	0.0000	0.0000	0.0000	0.0000	0.0000	0.0000	0.0000	0.0000	0.0000	0.0000	0.0000	0.0000	0.0000	0.0000	0.0000	0.0000	0.2625	0.3829	0.0000	0.0894	0.0826	0.0000	0.0000	0.0000	0.0000	0.0003	0.0000	-0.0000	0.9211	0.0000	0.1671	0.9982	0.0000	0.0000	0.0000	0.0000	0.0000	0.0000	0.0000	0.0000	0.0000	0.0000	0.0000	0.0000	0.0000	0.0000	0.0000	0.0000	0.0000	0.0000	0.0033	0.0030	0.0003	0.0032	0.0029	0.0003	0.0001	0.0001	0.0000	0.0033	0.0025	0.0008	0.0022	0.0020	0.0002	0.0012	0.0006	0.0006	0.0000	0.0000	0.0000	0.0000	0.0000	0.0000	0.0000	0.0000	0.0000	0.0060	0.0079	0.0000	0.0091	0.0102	0.0000	0.0000	0.0000	0.0000			
52	101	0.1187	8	1	2	1	0	0	0	0	0	N	Y	N	N	N	N	N	N	N	N	N	N	0.0000	0.0000	0.0000	0.0000	0.0000	0.0000	0.0000	0.0000	0.0000	0.0000	0.0000	0.0000	0.0000	0.0000	0.0000	0.0000	0.0000	0.0000	0.0000	0.0000	0.9211	0.0000	0.1671	0.0000	0.0000	0.0000	0.0000	0.0000	0.0000	0.0000	0.0000	0.0000	0.0000	0.0000	0.0000	0.0000	0.0000	0.0000	0.0000	0.0000	0.0000	0.0000	0.0000	0.0000	0.0000	0.0000	0.0000	0.0000	0.0000	0.0000	0.0000	0.0000	0.0000	0.0000	0.0000	0.0000	0.0000	0.0000	0.0000	0.0000	0.0000	0.0000	0.0000	0.0000	0.0000	0.0000	0.0000	0.0000	0.0000	0.0000	0.0000	0.0000	0.0000	0.0000	0.0000	0.0000	0.0000	0.0000											
52	102	0.1187	7	1	1	1	0	0	0	0	0	N	N	N	N	N	N	N	N	N	N	N	N	0.0000	0.0000	0.0000	0.0000	0.0000	0.0000	0.0000	0.0000	0.0000	0.0000	0.0000	0.0000	0.0000	0.0000	0.0000	0.0000	0.0000	0.0000	0.0000	0.0000	0.9211	0.0000	0.1671	0.0000	0.0000	0.0000	0.0000	0.0000	0.0000	0.0000	0.0000	0.0000	0.0000	0.0000	0.0000	0.0000	0.0000	0.0000	0.0000	0.0000	0.0000	0.0000	0.0000	0.0000	0.0000	0.0000	0.0000	0.0000	0.0000	0.0000	0.0000	0.0000	0.0000	0.0000	0.0000	0.0000	0.0000	0.0000	0.0000	0.0000	0.0000	0.0000	0.0000	0.0000	0.0000	0.0000	0.0000	0.0000	0.0000	0.0000	0.0000	0.0000	0.0000	0.0000	0.0000	0.0000	0.0000	0.0000											
52	103	0.1126	6	1	1	1	0	0	0	0	0	N	N	N	N	N	N	N	N	N	N	N	N	0.0000	0.0000	0.0000	0.0000	0.0000	0.0000	0.0000	0.0000	0.0000	0.0000	0.0000	0.0000	0.0000	0.0000	0.0000	0.0000	0.0000	0.0000	0.0000	0.0000	0.9211	0.0000	0.1671	1.0091	0.0000	0.0000	0.0000	0.0000	0.0000	0.0000	0.0000	0.0000	0.0000	0.0000	0.0000	0.0000	0.0000	0.0000	0.0000	0.0000	0.0000	0.0000	0.0000	0.0000	0.0000	0.0000	0.0000	0.0000	0.0000	0.0000	0.0000	0.0049	0.0026	0.0023	0.0014	0.0013	0.0001	0.0034	0.0013	0.0021	0.0000	0.0000	0.0000	0.0000	0.0000	0.0000	0.0000	0.0000	0.0000	0.0000	0.0000	0.0000	0.0000	0.0000	0.0000	0.0000	0.0000	0.0000											
52	104	0.6401	8	0	2	0	0	0	0	0	0	N	Y	N	N	N	N	N	N	N	N	N	N	inf	inf	inf	inf	inf	inf	3.0620	3.3631	0.0000	4.5110	4.8079	0.0000	0.0018	0.0021	0.0000	0.0000	0.0000	0.0000	0.0000	0.0000	0.0000	0.0000	0.0000	0.0000	0.0000	-0.2387	0.0000	0.9211	7.9994	0.1671	4.0001	0.9172	0.9172	0.0000	0.9170	0.9170	0.0000	0.0002	0.0002	0.0000	0.0000	0.0000	0.0000	0.0000	0.0000	0.0000	0.0000	0.0000	0.0000	0.2995	0.2727	0.0268	0.2033	0.1907	0.0126	0.0963	0.0820	0.0143	0.0389	0.0281	0.0107	0.0233	0.0207	0.0026	0.0155	0.0074	0.0081	inf	inf	0.0000	inf	inf	0.0000	inf	inf	0.0000	0.0000	0.0000	0.0000	0.0000	0.0000	0.0000	0.0000	0.0000	0.0000				
52	105	0.7025	12	1	1	1	0	0	0	0	0	N	N	N	N	N	N	N	N	N	N	N	N	0.0000	0.0000	0.2610	0.0000	0.0000	0.0000	0.0553	0.3971	0.0000	0.0000	0.0000	0.0000	0.0000	0.0000	0.0000	0.0000	0.0000	0.1779	0.2631	0.0000	0.0506	0.0498	0.0000	0.0000	0.0000	0.0000	inf	0.0018	0.0000	-0.0000	0.9211	1.0000	0.1671	1.0005	0.0000	0.0000	0.0000	0.0000	0.0000	0.0000	0.0000	0.0000	0.0000	0.0000	0.0000	0.0000	0.0000	0.0000	0.0000	0.0000	0.0000	0.0000	0.0364	0.0333	0.0031	0.0245	0.0231	0.0014	0.0119	0.0102	0.0017	0.0066	0.0050	0.0016	0.0043	0.0039	0.0005	0.0023	0.0012	0.0011	0.0002	0.0000	0.2610	0.0000	0.0000	0.0000	0.1144	0.0000	0.3971	0.0048	0.0063	0.0000	0.0073	0.0082	0.0000	0.0000	0.0000	0.0000	
52	106	0.6990	11	1	1	1	0	0	0	0	0	N	N	N	N	N	N	N	N	N	N	N	N	1.4173	28.0609	0.0000	0.0023	0.0090	0.0000	7.7567	21.6440	0.0000	0.0071	0.0078	0.0000	0.0000	0.0000	0.0000	0.0243	0.0283	0.0000	0.0050	0.0003	0.0031	0.0013	0.0003	0.0074	0.0031	0.0013	0.0025	0.0000	24.8446	-0.0001	0.0000	0.9211	0.7249	0.1671	0.0368	0.0002	0.0002	0.0000	0.0000	0.0000	0.0000	0.0002	0.0002	0.0000	0.0000	0.0000	0.0000	0.0000	0.0000	0.0000	0.0000	0.0000	0.0000	0.0298	0.0272	0.0026	0.0210	0.0197	0.0014	0.0087	0.0075	0.0012	0.0026	0.0019	0.0006	0.0017	0.0015	0.0002	0.0009	0.0005	0.0004	9.1300	196.0064	0.0000	0.0053	0.0705	0.0000	19.8581	1100.0027	0.0000	0.0008	0.0000	0.0031	0.0005	0.0000	0.0047	0.0012	0.0000	0.0025
52	107	0.6976	10	1	1	1	0	0	0	0	0	N	N	N	N	N	N	N	N	N	N	N	N	10.6953	12.7654	0.0648	0.4143	0.6055	0.0120	116.6654	inf	0.1912	0.0054	0.0058	0.0000	0.0003	0.0004	0.0000	0.0189	0.0219	0.0000	0.0005	0.0005	0.0004	0.0008	0.0006	0.0012	0.0002	0.0000	0.0002	0.0004	0.9362	-0.0000	-0.0000	0.9211	0.4159	0.1671	0.0887	0.0001	0.0001	0.0000	0.0000	0.0000	0.0000	0.0001	0.0001	0.0000	0.0000	0.0000	0.0000	0.0000	0.0000	0.0000	0.0000	0.0000	0.0000	0.0186	0.0172	0.0015	0.0136	0.0128	0.0008	0.0051	0.0043	0.0007	0.0018	0.0013	0.0004	0.0011	0.0010	0.0001	0.0006	0.0003	0.0003	24.3407	38.9664	0.0648	1.2135	1.8158	0.0143	164.0826	inf	0.1912	0.0002	0.0001	0.0004	0.0003	0.0002	0.0010	0.0001	0.0000	0.0002
52	108	0.6813	9	1	1	0	0	0	0	0	0	N	N	N	N	N	N	N	N	N	N	N	N	83.3278	55.5538	0.0000	51.8369	61.5213	200.8755	inf	0.0000	0.0100	0.0110	0.0000	0.0136	0.0145	0.0000	0.0035	0.0041	0.0000	0.0001	0.0002	0.0000	0.0003	0.0002	0.0000	0.0000	0.0000	0.0000	0.0000	0.4032	-0.0004	-0.0000	0.9211	3.9943	0.1671	0.9974	0.0014	0.0014	0.0000	0.0012	0.0012	0.0000	0.0002	0.0002	0.0000	0.0000	0.0000	0.0000	0.0000	0.0000	0.0000	0.0000	0.0000	0.0000	0.1356	0.1234	0.0123	0.0871	0.0818	0.0053	0.0486	0.0416	0.0070	0.0167	0.0124	0.0043	0.0107	0.0096	0.0012	0.0060	0.0029	0.0031	650.8233	748.0945	0.0000	799.4487	759.7393	0.0000	284.9307	inf	0.0000	0.0000	0.0000	0.0000	0.0000	0.0000	0.0000	0.0000	0.0000	0.0000	
52	109	0.1126	6	1	1	1	0	0	0	0	0	N	N	N	N	N	N	N	N	N	N	N	N	0.0000	0.0000	0.0000	0.0000	0.0000	0.0000	0.0000	0.0000	0.0000	0.0000	0.0000	0.0000	0.0000	0.0000	0.0000	0.0000	0.0000	0.0000	0.0000	0.0000	0.9211	0.0000	0.1671	0.9909	0.0000	0.0000	0.0000	0.0000	0.0000	0.0000	0.0000	0.0000	0.0000	0.0000	0.0000	0.0000	0.0000	0.0000	0.0000	0.0000	0.0000	0.0000	0.0000	0.0000	0.0000	0.0000	0.0000	0.0000	0.0000	0.0000	0.0000	0.0048	0.0025	0.0022	0.0014	0.0013	0.0001	0.0034	0.0013	0.0021	0.0000	0.0000	0.0000	0.0000	0.0000	0.0000	0.0000	0.0000	0.0000	0.0000	0.0000	0.0000	0.0000	0.0000	0.0000	0.0000	0.0000	0.0000											
52	110	0.0839	5	1	1	1	0	0	0	0	0	N	N	N	N	N	N	N	N	N	N	N	N	0.0000	0.0000	0.0000	0.0000	0.0000	0.0000	0.0000	0.0000	0.0000	0.0000	0.0000	0.0000	0.0000	0.0000	0.0000	0.0000	0.0000	0.0000	0.0000	0.0000	0.9211	4.0000	0.1671	0.0000	0.0000	0.0000	0.0000	0.0000	0.0000	0.0000	0.0000	0.0000	0.0000	0.0000	0.0000	0.0000	0.0000	0.0000	0.0000	0.0000	0.0000	0.0000	0.1204	0.1085	0.0119	0.0130	0.0128	0.0002	0.1074	0.0958	0.0117	0.0117	0.0054	0.0063	0.0032	0.0028	0.0004	0.0084	0.0025	0.0059	0.0000	0.0000	0.0000	0.0000	0.0000	0.0000	0.0000	0.0000	0.0000	0.0000	0.0000	0.0000	0.0000	0.0000	0.0000	0.0000	0.0000	0.0000											
52	112	0.6859	9	0	1	1	0	0	0	0	0	N	N	N	N	N	N	N	N	N	N	N	N	0.0000	0.0000	0.0000	0.0000	0.0000	0.0000	0.0000	0.0000	0.0000	0.0000	0.0000	0.0000	0.0000	0.0000	0.0000	0.7913	0.0000	0.4214	0.0130	0.0000	0.0898	0.6984	0.0000	0.2337	inf	0.0000	0.0000	0.9211	0.0000	0.1671	0.0001	0.0000	0.0000	0.0000	0.0000	0.0000	0.0000	0.0000	0.0000	0.0000	0.0000	0.0000	0.0000	0.0000	0.0000	0.0000	0.0000	0.0000	0.0000	0.0000	0.0000	0.0000	0.0000	0.0000	0.0000	0.0000	0.0000	0.0000	0.0000	0.0000	0.0000	0.0000	0.0000	0.0000	0.0000	0.0000	0.0000	0.0000	0.0000	0.0000	0.0000	0.0000	0.0000	0.0000	0.0000	0.0000	0.0249	0.0000	0.1128	0.0034	0.0000	0.0345	0.0543	0.0000	0.1404				
52	113	0.6401	8	0	1	1	0	0	0	0	0	N	N	N	N	N	N	N	N	N	N	N	N	4.2412	3.9971	0.0000	5.6233	6.1994	0.0000	0.0034	inf	0.0000	5.3206	5.8235	0.0000	7.5514	8.0299	0.0000	0.0033	0.0039	0.0000	1.2545	1.4569	0.6064	1.3429	1.2953	0.1390	0.9845	0.0000	0.3731	0.0000	0.7924	-0.2386	-0.0002	0.9211	4.0004	0.1671	4.9999	0.9172	0.9172	0.0000	0.9170	0.9170	0.0000	0.0002	0.0002	0.0000	0.0028	0.0016	0.0013	0.0017	0.0016	0.0001	0.0012	0.0000	0.0012	0.1724	0.1575	0.0149	0.1214	0.1142	0.0072	0.0509	0.0433	0.0076	0.0299	0.0216	0.0083	0.0179	0.0159	0.0020	0.0120	0.0057	0.0063	55.8562	79.1643	0.0000	79.9923	80.2471	0.0000	0.0346	inf	0.0000	0.0953	0.0736	0.1517	0.0944	0.1001	0.0497	0.0965	0.0000	0.1843
52	114	0.0513	4	0	2	0	0	0	0	0	0	N	Y	N	N	N	N	N	N	N	N	N	N	281.7615	174.5123	0.0000	10.5277	10.8867	0.0000	863505.2653	25223.7489	0.0000	4.9520	5.5508	0.0000	0.2207	0.2257	0.0000	5.7951	6.6090	0.0000	0.0176	0.0318	0.0000	0.0210	0.0207	0.0000	0.0000	0.0003	0.0000	0.0000	0.0025	-0.2383	-0.0001	0.9211	4.3361	0.1671	4.6323	0.9157	0.9157	0.0000	0.0062	0.0062	0.0000	0.9095	0.9095	0.0000	0.0001	0.0001	0.0000	0.0001	0.0001	0.0000	0.0000	0.0000	0.0000	0.1849	0.1650	0.0199	0.0280	0.0273	0.0006	0.1569	0.1376	0.0193	0.0575	0.0337	0.0238	0.0211	0.0195	0.0017	0.0363	0.0142	0.0221	2839.5612	1869.9951	0.0000	46.6564	43.9191	0.0000	863505.2653	7645629.5974	0.0000	0.0017	0.0030	0.0000	0.0047	0.0051	0.0000	0.0000	0.0000	0.0000
52	116	0.6401	8	0	2	0	1	0	0	0	0	N	Y	N	N	N	N	N	N	N	N	N	N	0.0323	inf	0.0000	inf	inf	0.0000	0.0000	0.0000	0.0001	0.0000	0.0001	0.0001	0.0000	0.0000	0.0000	0.0000	0.0015	0.0000	0.0015	0.0000	0.0000	0.0000	0.0025	0.0000	0.0020	0.0000	inf	-0.0000	0.0000	0.9211	5.0006	0.1671	2.0000	0.0000	0.0000	0.0000	0.0000	0.0000	0.0000	0.0000	0.0000	0.0000	0.0000	0.0000	0.0000	0.0000	0.0000	0.0000	0.0000	0.0000	0.0000	0.2077	0.1895	0.0181	0.1449	0.1362	0.0087	0.0628	0.0534	0.0094	0.0237	0.0171	0.0066	0.0141	0.0126	0.0016	0.0095	0.0045	0.0050	0.1141	inf	0.0000	inf	inf	0.0000	0.0000	0.0000	0.0000	0.0004	0.0000	0.0015	0.0000	0.0000	0.0000	0.0010	0.0000	0.0020		
52	117	0.0839	5	0	2	0	1	0	0	0	0	N	Y	N	N	N	N	N	N	N	N	N	N	0.0000	0.0000	0.0000	0.0000	0.0000	0.0000	0.0000	0.0000	0.0000	0.0000	0.0000	0.0000	0.0000	0.0000	0.0000	0.0000	0.0000	0.0000	0.0000	0.0000	0.9211	0.0000	0.1671	1.0000	0.0000	0.0000	0.0000	0.0000	0.0000	0.0000	0.0000	0.0000	0.0000	0.0000	0.0000	0.0000	0.0000	0.0000	0.0000	0.0000	0.0000	0.0000	0.0000	0.0000	0.0000	0.0000	0.0000	0.0000	0.0000	0.0000	0.0000	0.0043	0.0020	0.0023	0.0012	0.0011	0.0001	0.0031	0.0009	0.0022	0.0000	0.0000	0.0000	0.0000	0.0000	0.0000	0.0000	0.0000	0.0000	0.0000	0.0000	0.0000	0.0000	0.0000	0.0000	0.0000	0.0000	0.0000											
52	118	0.6401	8	0	2	0	0	0	0	0	0	N	Y	N	N	N	N	N	N	N	N	N	N	5437.3730	3693.0256	3850.8072	4396.1182	inf	inf	1.8585	2.0521	0.0000	2.9433	3.1492	0.0000	0.0009	0.0011	0.0000	0.0003	0.0006	0.0000	0.0008	0.0007	0.0000	0.0000	0.0000	0.0000	0.0000	0.0000	-0.2386	-0.0000	0.9211	16.9994	0.1671	6.0000	0.9172	0.9172	0.0000	0.9170	0.9170	0.0000	0.0002	0.0002	0.0000	0.0000	0.0000	0.0000	0.0000	0.0000	0.0000	0.0000	0.0000	0.0000	0.4935	0.4470	0.0466	0.3116	0.2912	0.0204	0.1819	0.1558	0.0262	0.0678	0.0494	0.0184	0.0411	0.0365	0.0046	0.0267	0.0129	0.0137	12600.8830	10142.0585	0.0000	12104.5351	11493.0895	0.0000	inf	inf	0.0000	0.0001	0.0002	0.0000	0.0002	0.0003	0.0000	0.0000	0.0000	0.0000			
52	119	0.0839	5	0	2	0	0	0	0	0	0	N	Y	N	N	N	N	N	N	N	N	N	N	0.0000	0.0000	0.0000	0.0000	0.0000	0.0000	0.0000	0.0000	0.0000	0.0000	0.0000	0.0000	0.0000	0.5376	0.9343	0.0000	0.7496	0.7511	0.0000	0.0000	0.0000	0.0000	0.0000	0.0000	-0.0002	0.9211	5.0000	0.1671	6.0000	0.0000	0.0000	0.0000	0.0000	0.0000	0.0000	0.0000	0.0000	0.0000	0.0003	0.0003	0.0000	0.0003	0.0003	0.0000	0.0000	0.0000	0.0000	0.1453	0.1311	0.0142	0.0159	0.0156	0.0003	0.1294	0.1155	0.0139	0.0272	0.0124	0.0148	0.0070	0.0062	0.0008	0.0202	0.0062	0.0140	0.0000	0.0000	0.0000	0.0000	0.0000	0.0000	0.0000	0.0000	0.0000	0.0121	0.0266	0.0000	0.0469	0.0533	0.0000	0.0000	0.0000	0.0000						
52	120	0.1120	6	0	2	0	0	0	0	0	0	N	Y	N	N	N	N	N	N	N	N	N	N	0.0009	0.0005	0.0000	0.0010	0.0011	0.0000	0.0180	0.0058	0.0000	0.0006	0.0007	0.0000	0.0013	0.0013	0.0000	0.0000	0.0000	0.0000	0.6944	1.2276	0.0001	1.3153	1.2228	0.0000	0.0001	0.0004	0.0001	0.0000	0.0032	-0.0000	-0.0001	0.9211	0.9998	0.1671	0.9486	0.0000	0.0000	0.0000	0.0000	0.0000	0.0000	0.0000	0.0000	0.0000	0.0001	0.0001	0.0000	0.0001	0.0001	0.0000	0.0000	0.0000	0.0000	0.0298	0.0275	0.0023	0.0144	0.0138	0.0006	0.0154	0.0136	0.0018	0.0059	0.0025	0.0034	0.0013	0.0013	0.0000	0.0046	0.0012	0.0034	0.0305	0.0141	0.0000	0.0139	0.0142	0.0000	0.0262	1.0129	0.0000	0.0202	0.0473	0.0001	0.0913	0.0934	0.0000	0.0001	0.0000	0.0001
52	121	0.0839	5	0	2	0	0	0	0	0	0	N	Y	N	N	N	N	N	N	N	N	N	N	0.0153	0.0067	0.0004	0.0004	inf	inf	0.0001	0.0001	0.0000	0.0000	0.0000	0.0000	0.0001	0.0001	0.0000	0.0076	0.0193	0.0000	0.0154	0.0152	0.0000	0.0000	0.0000	0.0000	0.0000	0.0000	-0.0000	-0.0000	0.9211	3.0005	0.1671	1.1085	0.0000	0.0000	0.0000	0.0000	0.0000	0.0000	0.0000	0.0000	0.0000	0.0000	0.0000	0.0000	0.0000	0.0000	0.0000	0.0000	0.0000	0.0000	0.1579	0.1425	0.0154	0.0174	0.0171	0.0003	0.1405	0.1254	0.0151	0.0203	0.0093	0.0110	0.0054	0.0048	0.0006	0.0149	0.0045	0.0103	0.1118	0.0568	0.0000	0.0014	0.0013	0.0000	inf	inf	0.0000	0.0010	0.0023	0.0000	0.0039	0.0044	0.0000	0.0000	0.0000	0.0000			
52	122	0.6813	9	0	2	0	0	0	0	0	0	N	Y	N	N	N	N	N	N	N	N	N	N	inf	inf	inf	inf	inf	inf	0.0003	0.0003	0.0000	0.0004	0.0005	0.0000	0.0000	0.0000	0.0000	0.0000	0.0000	0.0000	0.0000	0.0000	0.0000	0.0000	0.0000	0.0000	0.0000	-0.0000	0.0000	0.9211	2.0001	0.1671	3.0000	0.0000	0.0000	0.0000	0.0000	0.0000	0.0000	0.0000	0.0000	0.0000	0.0000	0.0000	0.0000	0.0000	0.0000	0.0000	0.0000	0.0000	0.0000	0.0720	0.0656	0.0064	0.0470	0.0442	0.0028	0.0250	0.0214	0.0036	0.0167	0.0125	0.0043	0.0108	0.0096	0.0012	0.0060	0.0029	0.0031	inf	inf	0.0000	inf	inf	0.0000	inf	inf	0.0000	0.0000	0.0000	0.0000	0.0000	0.0000	0.0000	0.0000	0.0000	0.0000				
52	123	0.6401	8	0	1	0	0	0	0	0	0	N	N	N	N	N	N	N	N	N	N	N	N	270351.8982	63096.5456	76304.1961	91592.0805	inf	inf	3.3810	3.7105	0.0000	4.9361	5.2581	0.0000	0.0020	0.0023	0.0000	0.0000	0.0001	0.0000	0.0001	0.0001	0.0000	0.0000	0.0000	0.0000	0.0000	0.0000	-0.2384	-0.0000	0.9211	6.9986	0.1671	2.0000	0.9161	0.9161	0.0000	0.9159	0.9159	0.0000	0.0002	0.0002	0.0000	0.0000	0.0000	0.0000	0.0000	0.0000	0.0000	0.0000	0.0000	0.0000	0.2709	0.2469	0.0241	0.1856	0.1742	0.0114	0.0854	0.0727	0.0127	0.0299	0.0216	0.0083	0.0179	0.0159	0.0020	0.0120	0.0057	0.0063	25933300.0404	20560502.8843	0.0000	22654414.1384	21419320.8183	0.0000	inf	inf	0.0000	0.0000	0.0000	0.0000	0.0000	0.0000	0.0000	0.0000	0.0000	0.0000			
52	124	0.1174	6	0	2	0	0	0	0	0	0	N	Y	N	N	N	N	N	N	N	N	N	N	6.4781	4.9727	0.4336	14.5883	16.6148	138.3524	0.0299	inf	0.0000	0.0009	0.0009	0.0000	0.0039	0.0040	0.0002	0.0000	0.0000	0.0000	0.0001	0.0002	0.0000	0.0003	0.0002	0.0000	0.0001	0.0000	0.0000	0.0013	3.1480	-0.0000	0.0000	0.9211	3.9006	0.1671	3.1543	0.0002	0.0002	0.0000	0.0002	0.0002	0.0000	0.0000	0.0000	0.0000	0.0000	0.0000	0.0000	0.0000	0.0000	0.0000	0.0000	0.0000	0.0000	0.2143	0.1956	0.0187	0.0476	0.0461	0.0015	0.1666	0.1494	0.0172	0.0278	0.0123	0.0155	0.0083	0.0073	0.0010	0.0195	0.0050	0.0145	38.8644	77.9785	0.4336	216.3909	196.6269	138.3524	0.0644	inf	0.0000	0.0000	0.0000	0.0000	0.0000	0.0000	0.0000	0.0000	0.0000	0.0000
52	125	0.0839	5	0	2	0	0	0	0	0	0	N	Y	N	N	N	N	N	N	N	N	N	N	0.2034	0.0886	0.0000	0.0073	0.0068	5207.6927	8.5773	0.0000	0.0018	0.0020	0.0000	0.0001	0.0001	0.0000	0.0020	0.0022	0.0000	0.0088	0.0226	0.0000	0.0167	0.0181	0.0000	0.0000	0.0003	0.0000	0.0000	0.0001	-0.0000	-0.0000	0.9211	1.6924	0.1671	1.9110	0.0002	0.0002	0.0000	0.0000	0.0000	0.0000	0.0002	0.0002	0.0000	0.0000	0.0000	0.0000	0.0000	0.0000	0.0000	0.0000	0.0000	0.0000	0.0970	0.0874	0.0097	0.0104	0.0102	0.0002	0.0867	0.0772	0.0095	0.0182	0.0083	0.0098	0.0049	0.0043	0.0006	0.0133	0.0040	0.0093	1.5696	0.8007	0.0000	0.0286	0.0257	0.0000	5207.6927	2659.3849	0.0000	0.0011	0.0025	0.0000	0.0043	0.0048	0.0000	0.0000	0.0000	0.0000	
52	126	0.6401	8	0	2	0	0	0	0	0	0	N	Y	N	N	N	N	N	N	N	N	N	N	0.0000	0.0000	0.0000	0.0000	0.0000	0.0000	0.0000	0.0000	0.0000	0.0000	0.0000	0.0000	0.0000	0.0000	0.0000	0.0000	0.0000	0.0072	0.0001	0.0036	0.0013	0.0001	0.0080	0.0068	0.0000	0.0032	1020.4082	0.0000	0.0000	0.9211	0.9996	0.1671	8.0005	0.0000	0.0000	0.0000	0.0000	0.0000	0.0000	0.0000	0.0000	0.0000	0.0000	0.0000	0.0000	0.0000	0.0000	0.0000	0.0000	0.0000	0.0000	0.0486	0.0445	0.0041	0.0352	0.0332	0.0020	0.0133	0.0113	0.0020	0.0299	0.0216	0.0083	0.0179	0.0159	0.0020	0.0120	0.0057	0.0063	0.0000	0.0000	0.0000	0.0000	0.0000	0.0000	0.0000	0.0000	0.0000	0.0010	0.0000	0.0036	0.0006	0.0000	0.0050	0.0017	0.0000	0.0032		
52	127	0.5454	8	0	1	0	0	0	0	0	0	N	N	N	N	N	N	N	N	N	N	N	N	0.0070	0.0062	0.0000	0.0100	0.0105	0.0000	0.0001	0.0018	0.0000	0.0072	0.0080	0.0000	0.0102	0.0109	0.0000	0.0000	0.0000	0.0000	1.0304	1.2817	0.1422	1.0203	1.0308	0.0040	0.4119	0.0162	0.0685	0.0000	0.3417	-0.0004	-0.0008	0.9211	3.6536	0.1671	12.3970	0.0014	0.0014	0.0000	0.0014	0.0014	0.0000	0.0000	0.0000	0.0000	0.0030	0.0022	0.0008	0.0022	0.0022	0.0000	0.0008	0.0000	0.0008	0.1878	0.1706	0.0172	0.1334	0.1252	0.0082	0.0544	0.0454	0.0090	0.0586	0.0415	0.0171	0.0335	0.0299	0.0036	0.0252	0.0116	0.0135	0.1420	0.1486	0.0000	0.1529	0.1463	0.0000	0.0008	0.0333	0.0000	0.0510	0.0536	0.0446	0.0666	0.0741	0.0030	0.0303	0.0009	0.0556
52	128	0.3343	6	0	1	0	0	0	0	0	0	N	N	N	N	N	N	N	N	N	N	N	N	1.3661	1.0475	0.0028	1.6272	1.7689	0.0019	2.3367	0.5027	0.0034	1.3137	1.4590	0.0000	1.4996	1.6288	0.0000	0.9525	1.1064	0.0000	0.9616	1.3929	0.0014	0.9216	0.9208	0.0017	0.4076	2.2010	0.0014	0.0000	0.0103	-0.1077	-0.0023	0.9211	5.3495	0.1671	12.4099	0.4138	0.4138	0.0000	0.3119	0.3119	0.0000	0.1020	0.1020	0.0000	0.0045	0.0045	0.0000	0.0032	0.0032	0.0000	0.0013	0.0013	0.0000	0.3150	0.2836	0.0314	0.2080	0.1915	0.0165	0.1071	0.0922	0.0149	0.1000	0.0670	0.0330	0.0538	0.0466	0.0072	0.0462	0.0204	0.0258	29.0765	21.8517	0.0028	25.3221	23.9052	0.0023	33.0407	17.3842	0.0034	0.0452	0.0668	0.0014	0.0592	0.0681	0.0014	0.0288	0.0636	0.0014
52	129	0.7515	14	0	2	0	1	0	0	0	0	N	Y	N	N	N	N	N	N	N	N	N	N	0.0000	0.0000	0.0000	0.0000	0.0000	0.0000	0.0000	0.0000	0.0000	0.0000	0.0000	0.0000	0.0000	0.0000	0.0000	0.0000	0.0000	0.0000	0.0000	0.0000	0.9211	0.0000	0.1671	0.0000	0.0000	0.0000	0.0000	0.0000	0.0000	0.0000	0.0000	0.0000	0.0000	0.0000	0.0000	0.0000	0.0000	0.0000	0.0000	0.0000	0.0000	0.0000	0.0000	0.0000	0.0000	0.0000	0.0000	0.0000	0.0000	0.0000	0.0000	0.0000	0.0000	0.0000	0.0000	0.0000	0.0000	0.0000	0.0000	0.0000	0.0000	0.0000	0.0000	0.0000	0.0000	0.0000	0.0000	0.0000	0.0000	0.0000	0.0000	0.0000	0.0000	0.0000	0.0000	0.0000	0.0000	0.0000											
52	130	0.7352	13	0	2	0	1	0	0	0	0	N	Y	N	N	N	N	N	N	N	N	N	N	0.0000	0.0000	0.0000	0.0000	0.0000	0.0000	0.0000	0.0000	0.0000	0.0000	0.0000	0.0000	0.0000	0.1998	0.0000	0.0705	0.0000	0.0000	0.0000	0.2269	0.0000	0.0348	inf	0.0000	0.0000	0.9211	0.0000	0.1671	3.0001	0.0000	0.0000	0.0000	0.0000	0.0000	0.0000	0.0000	0.0000	0.0000	0.0001	0.0000	0.0001	0.0000	0.0000	0.0000	0.0001	0.0000	0.0001	0.0000	0.0000	0.0000	0.0000	0.0000	0.0000	0.0000	0.0000	0.0000	0.0098	0.0073	0.0024	0.0063	0.0056	0.0007	0.0034	0.0017	0.0017	0.0000	0.0000	0.0000	0.0000	0.0000	0.0000	0.0000	0.0000	0.0000	0.0051	0.0000	0.0206	0.0000	0.0000	0.0000	0.0145	0.0000	0.0290						
52	131	0.7256	12	0	2	0	0	0	0	0	0	N	Y	N	N	N	N	N	N	N	N	N	N	0.0000	0.0000	0.0000	0.0000	0.0000	0.0000	0.0000	0.0000	0.0000	0.0000	0.0000	0.0000	0.0000	0.0000	0.0000	0.0000	0.0000	0.0000	0.0000	0.0000	0.9211	0.0000	0.1671	0.0000	0.0000	0.0000	0.0000	0.0000	0.0000	0.0000	0.0000	0.0000	0.0000	0.0000	0.0000	0.0000	0.0000	0.0000	0.0000	0.0000	0.0000	0.0000	0.0000	0.0000	0.0000	0.0000	0.0000	0.0000	0.0000	0.0000	0.0000	0.0000	0.0000	0.0000	0.0000	0.0000	0.0000	0.0000	0.0000	0.0000	0.0000	0.0000	0.0000	0.0000	0.0000	0.0000	0.0000	0.0000	0.0000	0.0000	0.0000	0.0000	0.0000	0.0000	0.0000	0.0000	0.0000	0.0000											
52	132	0.7352	13	0	1	1	1	0	0	0	0	N	N	N	N	N	N	N	N	N	N	N	N	0.0000	0.0000	0.0000	0.0000	0.0000	0.0000	0.0000	0.0000	0.0000	0.0000	0.0000	0.0000	0.0000	0.0000	0.0000	0.0000	0.0000	0.0000	0.0000	0.0000	0.9211	0.0000	0.1671	1.9999	0.0000	0.0000	0.0000	0.0000	0.0000	0.0000	0.0000	0.0000	0.0000	0.0000	0.0000	0.0000	0.0000	0.0000	0.0000	0.0000	0.0000	0.0000	0.0000	0.0000	0.0000	0.0000	0.0000	0.0000	0.0000	0.0000	0.0000	0.0066	0.0049	0.0016	0.0042	0.0038	0.0005	0.0023	0.0012	0.0012	0.0000	0.0000	0.0000	0.0000	0.0000	0.0000	0.0000	0.0000	0.0000	0.0000	0.0000	0.0000	0.0000	0.0000	0.0000	0.0000	0.0000	0.0000											
52	133	0.7462	14	0	1	1	1	0	0	0	0	N	N	N	N	N	N	N	N	N	N	N	N	0.0000	0.0000	0.0000	0.0000	0.0000	0.0000	0.0000	0.0000	0.0000	0.0000	0.0000	0.0000	0.0000	0.0000	0.0000	0.0000	0.0000	0.0000	0.0000	0.0000	0.9211	1.0000	0.1671	0.0000	0.0000	0.0000	0.0000	0.0000	0.0000	0.0000	0.0000	0.0000	0.0000	0.0000	0.0000	0.0000	0.0000	0.0000	0.0000	0.0000	0.0000	0.0000	0.0385	0.0352	0.0033	0.0267	0.0251	0.0016	0.0118	0.0100	0.0017	0.0032	0.0024	0.0008	0.0021	0.0018	0.0002	0.0012	0.0006	0.0006	0.0000	0.0000	0.0000	0.0000	0.0000	0.0000	0.0000	0.0000	0.0000	0.0000	0.0000	0.0000	0.0000	0.0000	0.0000	0.0000	0.0000	0.0000											
52	134	0.7462	14	0	1	1	1	0	0	0	0	N	N	N	N	N	N	N	N	N	N	N	N	0.0000	0.0000	0.0000	0.0000	0.0000	0.0000	0.0000	0.0000	0.0000	0.0000	0.0000	0.0000	0.0000	0.0000	0.0000	0.0000	0.0000	0.0000	0.0000	0.0000	0.9211	0.0000	0.1671	0.0000	0.0000	0.0000	0.0000	0.0000	0.0000	0.0000	0.0000	0.0000	0.0000	0.0000	0.0000	0.0000	0.0000	0.0000	0.0000	0.0000	0.0000	0.0000	0.0000	0.0000	0.0000	0.0000	0.0000	0.0000	0.0000	0.0000	0.0000	0.0000	0.0000	0.0000	0.0000	0.0000	0.0000	0.0000	0.0000	0.0000	0.0000	0.0000	0.0000	0.0000	0.0000	0.0000	0.0000	0.0000	0.0000	0.0000	0.0000	0.0000	0.0000	0.0000	0.0000	0.0000	0.0000	0.0000											
52	135	0.7352	13	0	1	1	1	0	0	0	0	N	N	N	N	N	N	N	N	N	N	N	N	0.0000	0.0000	0.0000	0.0000	0.0000	0.0000	0.0000	0.0000	0.0000	0.0000	0.0000	0.0000	0.0000	0.0000	0.0000	0.0000	0.0000	0.0000	0.0000	0.0000	0.0000	0.0000	inf	0.0000	0.0000	0.9211	2.0025	0.1671	0.9943	0.0000	0.0000	0.0000	0.0000	0.0000	0.0000	0.0000	0.0000	0.0000	0.0000	0.0000	0.0000	0.0000	0.0000	0.0000	0.0000	0.0000	0.0000	0.0759	0.0693	0.0066	0.0521	0.0489	0.0031	0.0238	0.0204	0.0034	0.0098	0.0073	0.0024	0.0063	0.0056	0.0007	0.0034	0.0017	0.0017	0.0000	0.0000	0.0000	0.0000	0.0000	0.0000	0.0000	0.0000	0.0000	0.0000	0.0000	0.0000	0.0000	0.0000	0.0000	0.0000	0.0000	0.0000						
52	136	0.7352	12	0	1	0	1	0	0	0	0	N	N	N	N	N	N	N	N	N	N	N	N	0.0000	0.0000	0.0000	0.0000	0.0000	0.0000	0.0000	0.0000	0.0000	0.0000	0.0000	0.0000	0.0000	0.0000	0.0000	0.0000	0.0002	0.0003	0.0001	0.0004	0.0004	0.0000	0.0001	0.0000	0.0002	1.0000	0.0000	-0.0000	0.9211	0.0050	0.1671	0.0173	0.0000	0.0000	0.0000	0.0000	0.0000	0.0000	0.0000	0.0000	0.0000	0.0000	0.0000	0.0000	0.0000	0.0000	0.0000	0.0000	0.0000	0.0000	0.0008	0.0007	0.0001	0.0007	0.0006	0.0001	0.0001	0.0001	0.0000	0.0001	0.0001	0.0000	0.0000	0.0000	0.0000	0.0000	0.0000	0.0000	0.0000	0.0000	0.0000	0.0000	0.0000	0.0000	0.0000	0.0000	0.0000	0.0001	0.0000	0.0001	0.0001	0.0001	0.0000	0.0001	0.0000	0.0002			
52	137	0.7255	11	0	1	0	1	0	0	0	0	N	N	N	N	N	N	N	N	N	N	N	N	0.0000	0.0000	0.0000	0.0000	0.0000	0.0000	0.0000	0.0000	0.0000	0.0000	0.0000	0.0000	0.0000	0.0000	0.0001	0.0000	0.0001	0.0001	0.0000	0.0000	0.0000	0.0000	0.0000	0.0000	-0.0000	0.9211	1.9972	0.1671	1.0076	0.0000	0.0000	0.0000	0.0000	0.0000	0.0000	0.0000	0.0000	0.0000	0.0000	0.0000	0.0000	0.0000	0.0000	0.0000	0.0000	0.0000	0.0000	0.0631	0.0572	0.0060	0.0400	0.0374	0.0026	0.0231	0.0198	0.0034	0.0095	0.0072	0.0023	0.0063	0.0056	0.0007	0.0032	0.0016	0.0016	0.0000	0.0000	0.0000	0.0000	0.0000	0.0000	0.0000	0.0000	0.0000	0.0000	0.0000	0.0000	0.0000	0.0000	0.0000	0.0000	0.0000	0.0000						
52	138	0.7083	10	1	2	0	0	0	0	0	0	N	Y	N	N	N	N	N	N	N	N	N	N	0.2704	0.0000	594.3937	0.4324	0.0000	1296.3338	107.2257	0.0000	446.4271	0.0094	0.0000	0.0787	0.0068	0.0000	0.1115	0.0126	0.0000	0.0658	0.0347	0.0367	0.0001	0.0157	0.0159	0.0001	0.0001	0.0010	0.0001	inf	0.0137	0.0000	-0.0000	0.9211	0.0002	0.1671	2.3255	0.0000	0.0000	0.0000	0.0000	0.0000	0.0000	0.0000	0.0000	0.0000	0.0000	0.0000	0.0000	0.0000	0.0000	0.0000	0.0000	0.0000	0.0000	0.0000	0.0000	0.0000	0.0000	0.0000	0.0000	0.0000	0.0000	0.0000	0.0091	0.0068	0.0023	0.0055	0.0050	0.0006	0.0035	0.0018	0.0017	3.7764	0.0000	594.3937	1.6925	0.0000	1296.3338	157.8887	0.0000	446.4271	0.0025	0.0033	0.0001	0.0040	0.0045	0.0001	0.0001	0.0000	0.0001
52	139	0.6904	9	1	2	0	0	0	0	0	0	N	Y	N	N	N	N	N	N	N	N	N	N	0.0000	0.0000	0.0000	0.0000	0.0000	0.0000	0.0000	0.0000	0.0000	0.0000	0.0000	0.0000	0.0000	0.0000	0.0000	0.0000	0.0000	0.0000	0.3347	0.4482	0.0012	0.1342	0.1301	0.0026	0.0022	0.0184	0.0009	0.0035	0.0489	-0.0000	-0.0001	0.9211	2.0138	0.1671	2.7349	0.0000	0.0000	0.0000	0.0000	0.0000	0.0000	0.0000	0.0000	0.0000	0.0001	0.0001	0.0000	0.0001	0.0001	0.0000	0.0000	0.0000	0.0000	0.1241	0.1169	0.0072	0.0977	0.0945	0.0032	0.0264	0.0225	0.0039	0.0182	0.0131	0.0052	0.0110	0.0099	0.0011	0.0072	0.0032	0.0041	0.0002	0.0002	0.0000	0.0002	0.0001	0.0000	0.0000	0.0000	0.0000	0.0072	0.0096	0.0012	0.0113	0.0123	0.0021	0.0010	0.0010	0.0009
52	140	0.7070	10	0	2	0	0	0	0	0	0	N	Y	N	N	N	N	N	N	N	N	N	N	9.8553	11.5870	0.0000	8.4127	12.1346	0.0000	0.0103	inf	0.0000	0.0017	0.0019	0.0000	0.0022	0.0023	0.0000	0.0000	0.0000	0.0000	0.0002	0.0002	0.0002	0.0003	0.0002	0.0001	0.0001	0.0000	0.0002	0.0000	7.2677	-0.0001	0.0000	0.9211	1.9232	0.1671	1.1116	0.0002	0.0002	0.0000	0.0002	0.0002	0.0000	0.0000	0.0000	0.0000	0.0000	0.0000	0.0000	0.0000	0.0000	0.0000	0.0000	0.0000	0.0000	0.1372	0.1283	0.0089	0.1075	0.1027	0.0048	0.0297	0.0256	0.0041	0.0098	0.0074	0.0024	0.0065	0.0058	0.0007	0.0033	0.0017	0.0017	39.3441	263.4454	0.0000	129.1367	255.6637	0.0000	0.0154	inf	0.0000	0.0000	0.0000	0.0002	0.0000	0.0000	0.0001	0.0001	0.0000	0.0002
52	141	0.1031	6	0	2	0	0	0	0	0	0	N	Y	N	N	N	N	N	N	N	N	N	N	inf	inf	inf	inf	inf	inf	4.3014	5.0253	0.0000	10.2473	12.5071	0.0000	0.0120	0.0136	0.0000	0.0000	0.0000	0.0000	0.0000	0.0000	0.0000	0.0000	0.0000	0.0000	0.0000	-0.2386	0.0000	0.9211	3.0000	0.1671	1.0000	0.9172	0.9172	0.0000	0.9157	0.9157	0.0000	0.0015	0.0015	0.0000	0.0000	0.0000	0.0000	0.0000	0.0000	0.0000	0.0000	0.0000	0.0000	0.2132	0.1825	0.0307	0.0894	0.0732	0.0161	0.1239	0.1093	0.0146	0.0171	0.0082	0.0089	0.0044	0.0038	0.0006	0.0127	0.0044	0.0083	inf	inf	0.0000	inf	inf	0.0000	inf	inf	0.0000	0.0000	0.0000	0.0000	0.0000	0.0000	0.0000	0.0000	0.0000	0.0000				
52	142	0.0839	5	0	1	0	0	0	0	0	0	N	N	N	N	N	N	N	N	N	N	N	N	inf	inf	inf	inf	inf	inf	15.2404	16.9508	0.0000	0.7456	0.7599	0.0000	16.9402	19.0453	0.0000	0.0000	0.0000	0.0000	0.0000	0.0000	0.0000	0.0000	0.0000	0.0000	0.0000	-0.2386	0.0000	0.9211	1.0000	0.1671	1.0000	0.9172	0.9172	0.0000	0.0047	0.0047	0.0000	0.9125	0.9125	0.0000	0.0000	0.0000	0.0000	0.0000	0.0000	0.0000	0.0000	0.0000	0.0000	0.0602	0.0541	0.0061	0.0063	0.0062	0.0001	0.0539	0.0479	0.0060	0.0108	0.0050	0.0058	0.0030	0.0027	0.0004	0.0078	0.0024	0.0055	inf	inf	0.0000	inf	inf	0.0000	inf	inf	0.0000	0.0000	0.0000	0.0000	0.0000	0.0000	0.0000	0.0000	0.0000	0.0000				
52	145	0.7256	12	1	2	0	0	0	0	0	0	N	Y	N	N	N	N	N	N	N	N	N	N	0.0000	0.0000	0.0000	0.0000	0.0000	0.0000	0.0000	0.0000	0.0000	0.0000	0.0000	0.0000	0.0000	0.0000	0.0000	0.0000	0.0000	0.0000	0.0000	0.0000	0.9211	1.0000	0.1671	1.0000	0.0000	0.0000	0.0000	0.0000	0.0000	0.0000	0.0000	0.0000	0.0000	0.0000	0.0000	0.0000	0.0000	0.0000	0.0000	0.0000	0.0000	0.0000	0.0323	0.0293	0.0030	0.0206	0.0192	0.0013	0.0118	0.0100	0.0017	0.0064	0.0048	0.0015	0.0042	0.0038	0.0005	0.0021	0.0011	0.0011	0.0000	0.0000	0.0000	0.0000	0.0000	0.0000	0.0000	0.0000	0.0000	0.0000	0.0000	0.0000	0.0000	0.0000	0.0000	0.0000	0.0000	0.0000											
52	146	0.7255	11	0	2	0	0	0	0	0	0	N	Y	N	N	N	N	N	N	N	N	N	N	0.0000	0.0000	0.0000	0.0000	0.0000	0.0000	0.0000	0.0000	0.0000	0.0000	0.0000	0.0000	0.0000	0.0000	0.0000	0.0000	0.0000	0.0000	0.0000	0.0000	0.9211	0.0003	0.1671	0.0000	0.0000	0.0000	0.0000	0.0000	0.0000	0.0000	0.0000	0.0000	0.0000	0.0000	0.0000	0.0000	0.0000	0.0000	0.0000	0.0000	0.0000	0.0000	0.0001	0.0001	0.0000	0.0001	0.0001	0.0000	0.0000	0.0000	0.0000	0.0000	0.0000	0.0000	0.0000	0.0000	0.0000	0.0000	0.0000	0.0000	0.0000	0.0000	0.0000	0.0000	0.0000	0.0000	0.0000	0.0000	0.0000	0.0000	0.0000	0.0000	0.0000	0.0000	0.0000	0.0000	0.0000	0.0000											
52	147	0.7070	10	0	1	0	0	0	0	0	0	N	N	N	N	N	N	N	N	N	N	N	N	8.0674	9.0971	0.0000	7.5730	10.7016	0.0000	0.0084	inf	0.0000	0.0011	0.0012	0.0000	0.0016	0.0017	0.0000	0.0000	0.0000	0.0000	0.0001	0.0001	0.0001	0.0002	0.0002	0.0000	0.0001	0.0000	0.0001	0.0000	7.0259	-0.0001	0.0000	0.9211	4.9449	0.1671	1.0063	0.0002	0.0002	0.0000	0.0002	0.0002	0.0000	0.0000	0.0000	0.0000	0.0000	0.0000	0.0000	0.0000	0.0000	0.0000	0.0000	0.0000	0.0000	0.2152	0.1979	0.0173	0.1526	0.1442	0.0084	0.0625	0.0537	0.0089	0.0186	0.0141	0.0045	0.0123	0.0110	0.0014	0.0063	0.0032	0.0031	47.5066	314.8365	0.0000	170.7920	335.3016	0.0000	0.0138	inf	0.0000	0.0000	0.0000	0.0001	0.0000	0.0000	0.0000	0.0001	0.0000	0.0001
52	148	0.6904	9	0	1	0	0	0	0	0	0	N	N	N	N	N	N	N	N	N	N	N	N	303.0657	4394.2534	0.0000	2290.7152	4227.3028	0.0000	6.2057	inf	0.0000	1.2766	1.3737	0.0000	1.7437	1.8188	0.0000	0.0294	0.0346	0.0000	0.0042	0.0003	0.0024	0.0008	0.0004	0.0020	0.0047	0.0000	0.0025	0.0000	16.0624	-0.0540	0.0000	0.9211	3.4778	0.1671	1.2917	0.2074	0.2074	0.0000	0.2061	0.2061	0.0000	0.0013	0.0013	0.0000	0.0000	0.0000	0.0000	0.0000	0.0000	0.0000	0.0000	0.0000	0.0000	0.1624	0.1509	0.0115	0.1182	0.1133	0.0049	0.0443	0.0377	0.0066	0.0183	0.0131	0.0052	0.0110	0.0099	0.0011	0.0073	0.0032	0.0041	1798.1207	23676.0962	0.0000	7254.9168	23678.3264	0.0000	20.7031	inf	0.0000	0.0007	0.0001	0.0024	0.0002	0.0001	0.0017	0.0014	0.0000	0.0025
52	149	0.6401	8	0	1	0	0	0	0	0	0	N	N	N	N	N	N	N	N	N	N	N	N	297.8047	314.3407	146.4007	780.9342	844.2546	inf	35.3493	inf	0.0386	2.4590	2.7000	0.0042	3.6164	3.8534	0.0089	0.0014	0.0017	0.0000	0.0083	0.0086	0.0000	0.0046	0.0046	0.0000	0.0000	0.0000	0.0000	0.0002	0.0072	-0.1881	-0.0000	0.9211	7.8050	0.1671	4.0035	0.7233	0.7232	0.0001	0.7232	0.7230	0.0001	0.0001	0.0001	0.0000	0.0000	0.0000	0.0000	0.0000	0.0000	0.0000	0.0000	0.0000	0.0000	0.2941	0.2678	0.0263	0.2000	0.1876	0.0123	0.0942	0.0802	0.0140	0.0383	0.0277	0.0106	0.0230	0.0204	0.0026	0.0153	0.0073	0.0080	2222.7653	1779.3882	146.4007	1976.0964	1868.8119	inf	72.1086	inf	0.0386	0.0011	0.0015	0.0000	0.0018	0.0021	0.0000	0.0000	0.0000	0.0000
52	150	0.5454	8	0	1	0	0	0	0	0	0	N	N	N	N	N	N	N	N	N	N	N	N	0.0029	0.0000	27.9300	0.0023	0.0000	1098.7997	0.0000	0.0000	0.0371	0.0082	0.0001	0.0894	0.0116	0.0001	0.1872	0.0000	0.0000	0.0001	2.8169	3.6240	0.0032	4.9401	4.9744	0.0002	3.5381	7.2948	0.0040	170.1296	0.0004	0.0012	-0.0799	0.9211	3.7255	0.1671	14.1767	0.0016	0.0000	0.0016	0.0016	0.0000	0.0016	0.0000	0.0000	0.0000	0.1531	0.1531	0.0001	0.0769	0.0769	0.0000	0.0762	0.0762	0.0001	0.1905	0.1730	0.0174	0.1353	0.1270	0.0083	0.0552	0.0461	0.0091	0.0634	0.0449	0.0184	0.0362	0.0323	0.0039	0.0272	0.0126	0.0146	0.0034	0.0000	27.9300	0.0055	0.0000	1098.7997	0.0000	0.0000	0.0371	2.4161	3.4062	0.0032	2.1260	2.3798	0.0002	2.8017	6.0331	0.0040
52	151	0.5291	7	0	1	0	0	0	0	0	0	N	N	N	N	N	N	N	N	N	N	N	N	0.0171	0.0068	3.0821	0.0369	0.0203	7.3541	0.0001	0.0000	0.0159	0.0152	0.0086	0.0779	0.0222	0.0120	0.1921	0.0001	0.0000	0.0002	0.8897	1.2597	0.0253	0.6023	0.5911	0.0261	0.4723	2.3187	0.0096	0.9641	0.0916	0.0003	-0.0004	0.9211	1.4205	0.1671	4.0377	0.0015	0.0007	0.0007	0.0015	0.0007	0.0007	0.0000	0.0000	0.0000	0.0010	0.0009	0.0001	0.0006	0.0005	0.0000	0.0005	0.0004	0.0001	0.0964	0.0871	0.0093	0.0659	0.0622	0.0037	0.0304	0.0249	0.0055	0.0274	0.0188	0.0086	0.0149	0.0137	0.0013	0.0125	0.0052	0.0073	0.4075	0.1722	7.7647	0.5993	0.3048	15.1807	0.0016	0.0005	0.0159	0.0374	0.0498	0.0100	0.0371	0.0394	0.0127	0.0377	0.0773	0.0096
53	55	0.6940	10	0	2	0	0	0	0	0	0	N	Y	N	N	N	N	N	N	N	N	N	N	0.0000	0.0000	0.0000	0.0000	0.0000	0.0000	0.0000	0.0000	0.0000	0.0000	0.0000	0.0000	0.0000	0.0000	0.0000	0.0000	0.0000	0.0000	0.0000	0.0000	1.0000	2.0000	5.0000	3.0000	0.0000	0.0000	0.0000	0.0000	0.0000	0.0000	0.0000	0.0000	0.0000	0.0000	0.0000	0.0000	0.0000	0.0000	0.0000	0.0000	0.0000	0.0000	0.0841	0.0762	0.0079	0.0473	0.0447	0.0026	0.0368	0.0315	0.0053	0.0416	0.0253	0.0163	0.0210	0.0182	0.0028	0.0206	0.0071	0.0135	0.0000	0.0000	0.0000	0.0000	0.0000	0.0000	0.0000	0.0000	0.0000	0.0000	0.0000	0.0000	0.0000	0.0000	0.0000	0.0000	0.0000	0.0000											
53	56	0.0537	3	0	2	0	1	0	0	0	0	N	Y	N	N	N	N	N	N	N	N	N	N	inf	inf	inf	inf	9.5875	0.0000	75.7063	0.0000	0.0000	0.0000	10.1366	0.0000	75.8695	0.0000	0.0000	0.0000	0.0000	0.0000	0.0000	0.0000	0.0000	0.0000	inf	0.5341	0.0000	1.0000	1.7218	5.0000	6.9557	0.7220	0.0000	0.7220	0.0000	0.0000	0.0000	0.7220	0.0000	0.7220	0.0000	0.0000	0.0000	0.0000	0.0000	0.0000	0.0000	0.0000	0.0000	0.0753	0.0658	0.0095	0.0041	0.0041	0.0000	0.0712	0.0617	0.0095	0.1554	0.0817	0.0737	0.0025	0.0025	0.0000	0.1529	0.0793	0.0737	inf	0.0000	inf	0.0000	0.0000	0.0000	inf	0.0000	inf	0.0000	0.0000	0.0000	0.0000	0.0000	0.0000	0.0000	0.0000	0.0000						
53	57	0.1251	5	1	1	1	0	0	0	0	0	N	N	N	N	N	N	N	N	N	N	N	N	inf	inf	inf	inf	3.8959	4.3340	0.0000	8.4797	9.0393	0.0000	0.0000	0.0000	0.0000	0.0000	0.0000	0.0000	0.0000	0.0000	0.0000	0.0000	0.0000	0.0000	0.0000	-0.2602	0.0000	1.0000	8.9999	5.0000	5.0001	1.0000	1.0000	0.0000	1.0000	1.0000	0.0000	0.0000	0.0000	0.0000	0.0000	0.0000	0.0000	0.0000	0.0000	0.0000	0.0000	0.0000	0.0000	0.2567	0.2307	0.0259	0.1179	0.1106	0.0073	0.1388	0.1201	0.0186	0.1312	0.0616	0.0696	0.0053	0.0052	0.0001	0.1259	0.0564	0.0695	inf	inf	0.0000	inf	inf	0.0000	0.0000	0.0000	0.0000	0.0000	0.0000	0.0000	0.0000	0.0000	0.0000	0.0000	0.0000	0.0000						
53	58	0.6400	7	1	1	1	0	0	0	0	0	N	N	N	N	N	N	N	N	N	N	N	N	0.0000	0.0000	0.0000	0.0000	0.0000	0.0000	0.0000	0.0000	0.0000	0.0000	0.0000	0.0000	0.0000	0.0000	0.0000	0.0000	0.0000	0.0000	0.0000	0.0000	1.0000	0.0000	5.0000	1.0000	0.0000	0.0000	0.0000	0.0000	0.0000	0.0000	0.0000	0.0000	0.0000	0.0000	0.0000	0.0000	0.0000	0.0000	0.0000	0.0000	0.0000	0.0000	0.0000	0.0000	0.0000	0.0000	0.0000	0.0000	0.0000	0.0000	0.0000	0.0051	0.0026	0.0025	0.0019	0.0016	0.0003	0.0032	0.0010	0.0022	0.0000	0.0000	0.0000	0.0000	0.0000	0.0000	0.0000	0.0000	0.0000	0.0000	0.0000	0.0000	0.0000	0.0000	0.0000	0.0000	0.0000	0.0000											
53	59	0.0903	4	0	1	1	0	0	0	0	0	N	N	N	N	N	N	N	N	N	N	N	N	716.9576	703.6840	2422.8102	2383.3665	3.9865	4.5218	0.0000	15.4850	15.4871	0.0000	0.0000	0.0000	0.0000	0.0056	0.0064	0.0000	0.0064	0.0065	0.0000	0.0000	0.0000	0.0000	0.0000	0.0000	-0.0001	-0.0000	1.0000	0.0006	5.0000	1.1867	0.0002	0.0002	0.0000	0.0002	0.0002	0.0000	0.0000	0.0000	0.0000	0.0000	0.0000	0.0000	0.0000	0.0000	0.0000	0.0000	0.0000	0.0000	0.0001	0.0000	0.0000	0.0000	0.0000	0.0000	0.0000	0.0000	0.0000	0.0363	0.0249	0.0114	0.0137	0.0116	0.0022	0.0226	0.0133	0.0093	4823.4850	3747.8549	0.0000	7091.6401	5977.9469	0.0000	0.0000	0.0000	0.0000	0.0008	0.0012	0.0000	0.0022	0.0026	0.0000	0.0000	0.0000	0.0000					
53	60	0.0537	3	0	1	0	0	0	0	0	0	N	N	N	N	N	N	N	N	N	N	N	N	5448.6682	4981.2542	82.8221	inf	inf	6.5118	0.0000	82.9709	2.9190	3.3381	0.0132	67.6029	68.0473	0.0000	0.0017	0.0000	0.0133	0.0005	0.0007	0.0002	0.0000	0.0000	0.0000	0.0003	0.0052	0.0002	0.0006	0.5000	-0.0722	-0.0000	1.0000	2.2785	5.0000	4.8627	0.2781	0.2780	0.0002	0.2780	0.2780	0.0000	0.0002	0.0000	0.0002	0.0000	0.0000	0.0000	0.0000	0.0000	0.0000	0.0000	0.0000	0.0000	0.0953	0.0833	0.0120	0.0041	0.0041	0.0000	0.0912	0.0792	0.0120	0.1328	0.0701	0.0626	0.0025	0.0024	0.0000	0.1303	0.0677	0.0626	12918.1659	11705.5399	82.8221	inf	inf	0.0000	7.5664	0.0000	82.9709	0.0002	0.0003	0.0002	0.0000	0.0000	0.0000	0.0002	0.0003	0.0002	
53	61	0.7180	11	0	1	1	0	0	0	0	0	N	N	N	N	N	N	N	N	N	N	N	N	0.0000	0.0000	0.0000	0.0000	0.0000	0.0000	0.0000	0.0000	0.0000	0.0000	0.0000	0.0000	0.0000	0.0006	0.0000	0.0006	0.0000	0.0000	0.0000	0.0005	0.0000	0.0007	inf	0.0000	0.0000	1.0000	1.0901	5.0000	7.9319	0.0000	0.0000	0.0000	0.0000	0.0000	0.0000	0.0000	0.0000	0.0000	0.0000	0.0000	0.0000	0.0000	0.0000	0.0000	0.0000	0.0000	0.0000	0.0530	0.0484	0.0046	0.0372	0.0350	0.0022	0.0158	0.0134	0.0024	0.0863	0.0526	0.0337	0.0420	0.0364	0.0056	0.0443	0.0162	0.0281	0.0000	0.0000	0.0000	0.0000	0.0000	0.0000	0.0000	0.0000	0.0000	0.0002	0.0000	0.0006	0.0000	0.0000	0.0000	0.0005	0.0000	0.0007						
53	62	0.6879	10	0	1	0	0	0	0	0	0	N	N	N	N	N	N	N	N	N	N	N	N	0.5579	0.3950	0.8197	0.9079	0.0012	0.0013	0.0000	0.0021	0.0022	0.0000	0.0000	0.0000	0.0000	0.0021	0.0033	0.0000	0.0026	0.0025	0.0000	0.0000	0.0000	0.0000	0.0000	0.0000	-0.0000	-0.0000	1.0000	1.6797	5.0000	2.9843	0.0001	0.0001	0.0000	0.0001	0.0001	0.0000	0.0000	0.0000	0.0000	0.0000	0.0000	0.0000	0.0000	0.0000	0.0000	0.0000	0.0000	0.0000	0.0753	0.0684	0.0069	0.0424	0.0401	0.0022	0.0330	0.0283	0.0047	0.0396	0.0240	0.0155	0.0194	0.0169	0.0025	0.0202	0.0072	0.0130	2.3643	1.5816	0.0000	2.0606	1.8901	0.0000	0.0000	0.0000	0.0000	0.0005	0.0008	0.0000	0.0010	0.0012	0.0000	0.0000	0.0000	0.0000					
53	63	0.6778	9	0	1	0	0	0	0	0	0	N	N	N	N	N	N	N	N	N	N	N	N	inf	inf	inf	inf	0.0486	0.0527	0.0000	0.0905	0.0934	0.0000	0.0000	0.0000	0.0000	0.0000	0.0000	0.0000	0.0000	0.0000	0.0000	0.0000	0.0000	0.0000	0.0000	-0.0005	0.0000	1.0000	0.4935	5.0000	1.5835	0.0020	0.0020	0.0000	0.0020	0.0020	0.0000	0.0000	0.0000	0.0000	0.0000	0.0000	0.0000	0.0000	0.0000	0.0000	0.0000	0.0000	0.0000	0.0416	0.0383	0.0032	0.0223	0.0216	0.0007	0.0193	0.0167	0.0025	0.0176	0.0106	0.0070	0.0089	0.0077	0.0012	0.0087	0.0030	0.0058	inf	inf	0.0000	inf	inf	0.0000	0.0000	0.0000	0.0000	0.0000	0.0000	0.0000	0.0000	0.0000	0.0000	0.0000	0.0000	0.0000						
53	64	0.7147	11	0	2	0	0	0	0	0	0	N	Y	N	N	N	N	N	N	N	N	N	N	inf	inf	inf	inf	0.0031	0.0037	0.0000	0.0040	0.0046	0.0000	0.0000	0.0000	0.0000	0.0000	0.0000	0.0000	0.0000	0.0000	0.0000	0.0000	0.0000	0.0000	0.0000	-0.0000	0.0000	1.0000	0.2944	5.0000	1.0083	0.0001	0.0001	0.0000	0.0001	0.0001	0.0000	0.0000	0.0000	0.0000	0.0000	0.0000	0.0000	0.0000	0.0000	0.0000	0.0000	0.0000	0.0000	0.0159	0.0137	0.0022	0.0125	0.0108	0.0017	0.0034	0.0028	0.0005	0.0109	0.0066	0.0043	0.0057	0.0049	0.0008	0.0053	0.0018	0.0035	inf	inf	0.0000	inf	inf	0.0000	0.0000	0.0000	0.0000	0.0000	0.0000	0.0000	0.0000	0.0000	0.0000	0.0000	0.0000	0.0000						
53	65	0.6940	10	0	1	0	0	0	0	0	0	N	N	N	N	N	N	N	N	N	N	N	N	inf	inf	inf	inf	0.0008	0.0009	0.0000	0.0015	0.0016	0.0000	0.0000	0.0000	0.0000	0.0000	0.0000	0.0000	0.0000	0.0000	0.0000	0.0000	0.0000	0.0000	0.0000	-0.0000	0.0000	1.0000	1.1351	5.0000	2.0429	0.0001	0.0001	0.0000	0.0001	0.0001	0.0000	0.0000	0.0000	0.0000	0.0000	0.0000	0.0000	0.0000	0.0000	0.0000	0.0000	0.0000	0.0000	0.0601	0.0548	0.0053	0.0332	0.0317	0.0015	0.0268	0.0231	0.0037	0.0272	0.0166	0.0106	0.0137	0.0119	0.0018	0.0135	0.0047	0.0088	inf	inf	0.0000	inf	inf	0.0000	0.0000	0.0000	0.0000	0.0000	0.0000	0.0000	0.0000	0.0000	0.0000	0.0000	0.0000	0.0000						
53	66	0.6778	9	0	1	0	0	0	0	0	0	N	N	N	N	N	N	N	N	N	N	N	N	inf	inf	inf	inf	0.0465	0.0504	0.0000	0.0866	0.0894	0.0000	0.0000	0.0000	0.0000	0.0000	0.0000	0.0000	0.0000	0.0000	0.0000	0.0000	0.0000	0.0000	0.0000	-0.0005	0.0000	1.0000	0.4912	5.0000	2.4266	0.0019	0.0019	0.0000	0.0019	0.0019	0.0000	0.0000	0.0000	0.0000	0.0000	0.0000	0.0000	0.0000	0.0000	0.0000	0.0000	0.0000	0.0000	0.0415	0.0383	0.0032	0.0223	0.0216	0.0007	0.0192	0.0167	0.0025	0.0244	0.0148	0.0097	0.0123	0.0107	0.0017	0.0121	0.0041	0.0080	inf	inf	0.0000	inf	inf	0.0000	0.0000	0.0000	0.0000	0.0000	0.0000	0.0000	0.0000	0.0000	0.0000	0.0000	0.0000	0.0000						
53	67	0.6726	8	0	1	0	0	0	0	0	0	N	N	N	N	N	N	N	N	N	N	N	N	237.2785	inf	3.8991	inf	inf	inf	1.1622	inf	0.0017	2.2465	2.4455	0.0120	3.8420	4.0176	0.0382	0.0173	0.0200	0.0000	0.0095	0.0000	0.0031	0.0000	0.0000	0.0000	0.0149	0.0000	0.0037	0.0004	inf	-0.0291	0.0000	1.0000	0.6141	5.0000	1.2701	0.1122	0.1122	0.0000	0.1119	0.1118	0.0000	0.0004	0.0004	0.0000	0.0000	0.0000	0.0000	0.0000	0.0000	0.0000	0.0000	0.0000	0.0000	0.0500	0.0459	0.0041	0.0291	0.0278	0.0013	0.0208	0.0180	0.0028	0.0167	0.0102	0.0065	0.0084	0.0073	0.0011	0.0083	0.0028	0.0054	1871.0014	inf	3.8991	inf	inf	inf	7.1371	inf	0.0017	0.0012	0.0000	0.0031	0.0000	0.0000	0.0000	0.0024	0.0000	0.0037
53	68	0.6400	7	1	2	1	0	0	0	0	0	N	Y	N	N	N	N	N	N	N	N	N	N	0.0000	0.0000	0.0000	0.0000	0.0000	0.0000	0.0000	0.0000	0.0000	0.0000	0.0000	0.0000	0.0000	0.0000	0.0000	0.0000	0.0000	0.0000	0.0000	0.0000	1.0000	0.0000	5.0000	0.0000	0.0000	0.0000	0.0000	0.0000	0.0000	0.0000	0.0000	0.0000	0.0000	0.0000	0.0000	0.0000	0.0000	0.0000	0.0000	0.0000	0.0000	0.0000	0.0000	0.0000	0.0000	0.0000	0.0000	0.0000	0.0000	0.0000	0.0000	0.0000	0.0000	0.0000	0.0000	0.0000	0.0000	0.0000	0.0000	0.0000	0.0000	0.0000	0.0000	0.0000	0.0000	0.0000	0.0000	0.0000	0.0000	0.0000	0.0000	0.0000	0.0000	0.0000	0.0000	0.0000	0.0000	0.0000											
53	69	0.1704	7	1	2	1	0	0	0	0	0	N	Y	N	N	N	N	N	N	N	N	N	N	0.0000	0.0000	0.0000	0.0000	0.0000	0.0000	0.0000	0.0000	0.0000	0.0000	0.0000	0.0000	0.0000	0.0000	0.0000	0.0000	0.0000	0.0000	0.0000	0.0000	1.0000	1.0000	5.0000	0.0000	0.0000	0.0000	0.0000	0.0000	0.0000	0.0000	0.0000	0.0000	0.0000	0.0000	0.0000	0.0000	0.0000	0.0000	0.0000	0.0000	0.0000	0.0000	0.0488	0.0449	0.0039	0.0354	0.0333	0.0021	0.0134	0.0116	0.0018	0.0097	0.0046	0.0051	0.0008	0.0008	0.0000	0.0089	0.0038	0.0051	0.0000	0.0000	0.0000	0.0000	0.0000	0.0000	0.0000	0.0000	0.0000	0.0000	0.0000	0.0000	0.0000	0.0000	0.0000	0.0000	0.0000	0.0000											
53	70	0.1704	7	1	2	1	0	0	0	0	0	N	Y	N	N	N	N	N	N	N	N	N	N	0.0000	0.0000	0.0000	0.0000	0.0000	0.0000	0.0000	0.0000	0.0000	0.0000	0.0000	0.0000	0.0000	0.0000	0.0000	0.0000	0.0000	0.0000	0.0000	0.0000	1.0000	0.0000	5.0000	0.0000	0.0000	0.0000	0.0000	0.0000	0.0000	0.0000	0.0000	0.0000	0.0000	0.0000	0.0000	0.0000	0.0000	0.0000	0.0000	0.0000	0.0000	0.0000	0.0000	0.0000	0.0000	0.0000	0.0000	0.0000	0.0000	0.0000	0.0000	0.0000	0.0000	0.0000	0.0000	0.0000	0.0000	0.0000	0.0000	0.0000	0.0000	0.0000	0.0000	0.0000	0.0000	0.0000	0.0000	0.0000	0.0000	0.0000	0.0000	0.0000	0.0000	0.0000	0.0000	0.0000	0.0000	0.0000											
53	71	0.1481	6	1	2	1	0	0	0	0	0	N	Y	N	N	N	N	N	N	N	N	N	N	0.0000	0.0000	0.0000	0.0000	0.0000	0.0000	0.0000	0.0000	0.0000	0.0000	0.0000	0.0000	0.0000	0.0000	0.0000	0.0000	0.0000	0.0000	0.0000	0.0000	1.0000	2.0000	5.0000	1.0000	0.0000	0.0000	0.0000	0.0000	0.0000	0.0000	0.0000	0.0000	0.0000	0.0000	0.0000	0.0000	0.0000	0.0000	0.0000	0.0000	0.0000	0.0000	0.0910	0.0834	0.0076	0.0616	0.0578	0.0038	0.0294	0.0256	0.0038	0.0310	0.0147	0.0163	0.0023	0.0022	0.0001	0.0287	0.0125	0.0162	0.0000	0.0000	0.0000	0.0000	0.0000	0.0000	0.0000	0.0000	0.0000	0.0000	0.0000	0.0000	0.0000	0.0000	0.0000	0.0000	0.0000	0.0000											
53	72	0.1251	5	1	1	1	0	0	0	0	0	N	N	N	N	N	N	N	N	N	N	N	N	0.0000	0.0000	0.0000	0.0000	0.0000	0.0000	0.0000	0.0000	0.0000	0.0000	0.0000	0.0000	0.0000	0.0000	0.0000	0.0000	0.0000	0.0000	0.0000	0.0000	1.0000	1.0017	5.0000	2.0007	0.0000	0.0000	0.0000	0.0000	0.0000	0.0000	0.0000	0.0000	0.0000	0.0000	0.0000	0.0000	0.0000	0.0000	0.0000	0.0000	0.0000	0.0000	0.0363	0.0328	0.0035	0.0189	0.0178	0.0011	0.0174	0.0150	0.0024	0.0314	0.0146	0.0168	0.0013	0.0013	0.0000	0.0301	0.0133	0.0167	0.0000	0.0000	0.0000	0.0000	0.0000	0.0000	0.0000	0.0000	0.0000	0.0000	0.0000	0.0000	0.0000	0.0000	0.0000	0.0000	0.0000	0.0000											
53	73	0.6592	8	1	2	0	0	0	0	0	0	N	Y	N	N	N	N	N	N	N	N	N	N	inf	inf	inf	inf	9.7616	0.0000	93.8254	0.0000	0.0000	0.0000	31.4614	0.0000	141.4659	0.0000	0.0000	0.0000	0.0000	0.0000	0.0000	0.0000	0.0000	0.0000	inf	0.0000	0.0000	1.0000	0.0000	5.0000	0.0000	0.0000	0.0000	0.0000	0.0000	0.0000	0.0000	0.0000	0.0000	0.0000	0.0000	0.0000	0.0000	0.0000	0.0000	0.0000	0.0000	0.0000	0.0000	0.0000	0.0000	0.0000	0.0000	0.0000	0.0000	0.0000	0.0000	0.0000	0.0000	0.0000	0.0000	0.0000	0.0000	0.0000	0.0000	0.0000	0.0000	inf	0.0000	inf	0.0000	0.0000	0.0000	inf	0.0000	inf	0.0000	0.0000	0.0000	0.0000	0.0000	0.0000	0.0000	0.0000	0.0000						
53	74	0.1521	6	1	2	0	0	0	0	0	0	N	Y	N	N	N	N	N	N	N	N	N	N	0.0000	0.0000	0.0000	0.0000	0.0000	0.0000	0.0000	0.0000	0.0000	0.0000	0.0000	0.0000	0.0000	0.0000	0.0000	0.0000	0.0000	0.0000	0.0000	0.0000	1.0000	0.0000	5.0000	0.0010	0.0000	0.0000	0.0000	0.0000	0.0000	0.0000	0.0000	0.0000	0.0000	0.0000	0.0000	0.0000	0.0000	0.0000	0.0000	0.0000	0.0000	0.0000	0.0000	0.0000	0.0000	0.0000	0.0000	0.0000	0.0000	0.0000	0.0000	0.0047	0.0038	0.0009	0.0024	0.0023	0.0000	0.0024	0.0014	0.0009	0.0000	0.0000	0.0000	0.0000	0.0000	0.0000	0.0000	0.0000	0.0000	0.0000	0.0000	0.0000	0.0000	0.0000	0.0000	0.0000	0.0000	0.0000											
53	75	0.0653	4	0	2	0	1	0	0	0	0	N	Y	N	N	N	N	N	N	N	N	N	N	0.0000	0.0000	0.0000	0.0000	0.0000	0.0000	0.0000	0.0000	0.0000	0.0000	0.0000	0.0000	0.0000	0.0000	0.0000	0.0000	0.0000	0.0000	0.0000	0.0000	1.0000	0.0000	5.0000	0.0000	0.0000	0.0000	0.0000	0.0000	0.0000	0.0000	0.0000	0.0000	0.0000	0.0000	0.0000	0.0000	0.0000	0.0000	0.0000	0.0000	0.0000	0.0000	0.0000	0.0000	0.0000	0.0000	0.0000	0.0000	0.0000	0.0000	0.0000	0.0000	0.0000	0.0000	0.0000	0.0000	0.0000	0.0000	0.0000	0.0000	0.0000	0.0000	0.0000	0.0000	0.0000	0.0000	0.0000	0.0000	0.0000	0.0000	0.0000	0.0000	0.0000	0.0000	0.0000	0.0000	0.0000	0.0000											
53	76	0.0653	4	0	1	0	1	0	0	0	0	N	N	N	N	N	N	N	N	N	N	N	N	0.0000	0.0000	0.0000	0.0000	0.0000	0.0000	0.0000	0.0000	0.0000	0.0000	0.0000	0.0000	0.0000	0.0000	0.0000	0.0000	0.0000	0.0000	0.0000	0.0000	1.0000	0.0000	5.0000	0.0000	0.0000	0.0000	0.0000	0.0000	0.0000	0.0000	0.0000	0.0000	0.0000	0.0000	0.0000	0.0000	0.0000	0.0000	0.0000	0.0000	0.0000	0.0000	0.0000	0.0000	0.0000	0.0000	0.0000	0.0000	0.0000	0.0000	0.0000	0.0000	0.0000	0.0000	0.0000	0.0000	0.0000	0.0000	0.0000	0.0000	0.0000	0.0000	0.0000	0.0000	0.0000	0.0000	0.0000	0.0000	0.0000	0.0000	0.0000	0.0000	0.0000	0.0000	0.0000	0.0000	0.0000	0.0000											
53	77	0.0500	3	0	1	0	1	0	0	0	0	N	N	N	N	N	N	N	N	N	N	N	N	0.0000	0.0000	0.0000	0.0000	0.0000	0.0000	0.0000	0.0000	0.0000	0.0000	0.0000	0.0000	0.0000	0.0003	0.0005	0.0000	0.0008	0.0008	0.0000	0.0000	0.0000	0.0000	0.0000	0.0000	-0.0000	1.0000	0.0002	5.0000	2.9297	0.0000	0.0000	0.0000	0.0000	0.0000	0.0000	0.0000	0.0000	0.0000	0.0000	0.0000	0.0000	0.0000	0.0000	0.0000	0.0000	0.0000	0.0000	0.0000	0.0000	0.0000	0.0000	0.0000	0.0000	0.0000	0.0000	0.0000	0.0971	0.0621	0.0350	0.0352	0.0306	0.0045	0.0619	0.0314	0.0305	0.0000	0.0000	0.0000	0.0000	0.0000	0.0000	0.0000	0.0000	0.0000	0.0001	0.0002	0.0000	0.0003	0.0003	0.0000	0.0000	0.0000	0.0000						
53	78	0.0459	2	0	1	0	1	0	0	0	0	N	N	N	N	N	N	N	N	N	N	N	N	466.7714	2862.0442	0.0000	inf	inf	0.0000	0.0000	0.0000	2.3992	2.7549	0.0000	50.6031	50.6031	0.0000	0.0000	0.0000	0.0000	0.0051	0.0010	0.0012	0.0000	0.0000	0.0000	0.0015	0.0077	0.0012	0.0000	3.0000	-0.0000	0.0000	1.0000	0.0003	5.0000	2.1916	0.0000	0.0000	0.0000	0.0000	0.0000	0.0000	0.0000	0.0000	0.0000	0.0000	0.0000	0.0000	0.0000	0.0000	0.0000	0.0000	0.0000	0.0000	0.0000	0.0000	0.0000	0.0000	0.0000	0.0000	0.0000	0.0000	0.0000	0.0507	0.0267	0.0240	0.0034	0.0034	0.0000	0.0473	0.0232	0.0240	3039.3498	7342.8597	0.0000	inf	inf	0.0000	0.0000	0.0000	0.0000	0.0008	0.0004	0.0012	0.0000	0.0000	0.0000	0.0008	0.0004	0.0012	
53	80	0.1577	7	0	2	1	0	0	0	0	0	N	Y	N	N	N	N	N	N	N	N	N	N	0.0000	0.0000	0.0000	0.0000	0.0000	0.0000	0.0000	0.0000	0.0000	0.0000	0.0000	0.0000	0.0000	0.0000	0.0000	0.0000	0.0000	0.0000	0.0000	0.0000	1.0000	0.0029	5.0000	2.0135	0.0000	0.0000	0.0000	0.0000	0.0000	0.0000	0.0000	0.0000	0.0000	0.0000	0.0000	0.0000	0.0000	0.0000	0.0000	0.0000	0.0000	0.0000	0.0002	0.0002	0.0000	0.0002	0.0001	0.0000	0.0001	0.0001	0.0000	0.0213	0.0104	0.0109	0.0017	0.0016	0.0001	0.0196	0.0089	0.0108	0.0000	0.0000	0.0000	0.0000	0.0000	0.0000	0.0000	0.0000	0.0000	0.0000	0.0000	0.0000	0.0000	0.0000	0.0000	0.0000	0.0000	0.0000											
53	81	0.1511	6	0	2	0	0	0	0	0	0	N	Y	N	N	N	N	N	N	N	N	N	N	1.0258	0.4755	0.2083	0.2382	inf	inf	0.0023	0.0025	0.0000	0.0033	0.0035	0.0000	0.0007	0.0008	0.0000	0.0023	0.0053	0.0000	0.0161	0.0145	0.0000	0.0000	0.0000	0.0000	0.0000	0.0000	-0.0000	-0.0000	1.0000	0.6188	5.0000	0.9475	0.0001	0.0001	0.0000	0.0001	0.0001	0.0000	0.0000	0.0000	0.0000	0.0000	0.0000	0.0000	0.0000	0.0000	0.0000	0.0000	0.0000	0.0000	0.0388	0.0356	0.0032	0.0239	0.0231	0.0008	0.0149	0.0125	0.0025	0.0191	0.0093	0.0098	0.0024	0.0024	0.0001	0.0167	0.0070	0.0097	4.4332	2.3606	0.0000	0.8177	0.8227	0.0000	inf	inf	0.0000	0.0005	0.0011	0.0000	0.0041	0.0042	0.0000	0.0000	0.0000	0.0000			
53	82	0.6624	8	0	2	1	0	0	0	0	0	N	Y	N	N	N	N	N	N	N	N	N	N	0.0000	0.0000	0.0000	0.0000	0.0000	0.0000	0.0000	0.0000	0.0000	0.0000	0.0000	0.0000	0.0000	0.0000	0.0000	0.0000	0.0000	0.0000	0.0000	0.0000	1.0000	0.0000	5.0000	1.0000	0.0000	0.0000	0.0000	0.0000	0.0000	0.0000	0.0000	0.0000	0.0000	0.0000	0.0000	0.0000	0.0000	0.0000	0.0000	0.0000	0.0000	0.0000	0.0000	0.0000	0.0000	0.0000	0.0000	0.0000	0.0000	0.0000	0.0000	0.0094	0.0055	0.0039	0.0046	0.0039	0.0006	0.0048	0.0016	0.0032	0.0000	0.0000	0.0000	0.0000	0.0000	0.0000	0.0000	0.0000	0.0000	0.0000	0.0000	0.0000	0.0000	0.0000	0.0000	0.0000	0.0000	0.0000											
53	83	0.1251	5	1	1	1	0	0	0	0	0	N	N	N	N	N	N	N	N	N	N	N	N	0.0000	0.0000	0.0000	0.0000	0.0000	0.0000	0.0000	0.0000	0.0000	0.0000	0.0000	0.0000	0.0000	0.0000	0.0000	0.0000	0.0000	0.0000	0.0000	0.0000	1.0000	9.0001	5.0000	3.0001	0.0000	0.0000	0.0000	0.0000	0.0000	0.0000	0.0000	0.0000	0.0000	0.0000	0.0000	0.0000	0.0000	0.0000	0.0000	0.0000	0.0000	0.0000	0.2567	0.2307	0.0259	0.1179	0.1106	0.0073	0.1388	0.1201	0.0186	0.1147	0.0537	0.0609	0.0047	0.0046	0.0001	0.1100	0.0492	0.0608	0.0000	0.0000	0.0000	0.0000	0.0000	0.0000	0.0000	0.0000	0.0000	0.0000	0.0000	0.0000	0.0000	0.0000	0.0000	0.0000	0.0000	0.0000											
53	84	0.6400	7	1	1	1	0	0	0	0	0	N	N	N	N	N	N	N	N	N	N	N	N	0.0000	0.0000	0.0000	0.0000	0.0000	0.0000	0.0000	0.0000	0.0000	0.0000	0.0000	0.0000	0.0000	0.0000	0.0000	0.0000	0.0000	0.0000	0.0000	0.0000	1.0000	4.0000	5.0000	0.0000	0.0000	0.0000	0.0000	0.0000	0.0000	0.0000	0.0000	0.0000	0.0000	0.0000	0.0000	0.0000	0.0000	0.0000	0.0000	0.0000	0.0000	0.0000	0.0877	0.0793	0.0084	0.0627	0.0583	0.0045	0.0250	0.0210	0.0039	0.0198	0.0103	0.0096	0.0074	0.0062	0.0011	0.0125	0.0040	0.0084	0.0000	0.0000	0.0000	0.0000	0.0000	0.0000	0.0000	0.0000	0.0000	0.0000	0.0000	0.0000	0.0000	0.0000	0.0000	0.0000	0.0000	0.0000											
53	85	0.6861	8	1	2	0	0	0	0	0	0	N	Y	N	N	N	N	N	N	N	N	N	N	0.0127	0.0000	0.4895	0.0000	0.0000	0.0257	0.7592	0.0003	0.0000	0.0032	0.0000	0.0000	0.0000	0.0007	0.0000	0.0047	0.0254	0.0014	0.0065	0.0014	0.0012	0.0000	0.0285	0.0000	0.0062	inf	5.9998	0.0000	0.0000	1.0000	1.0086	5.0000	1.7435	0.0000	0.0000	0.0000	0.0000	0.0000	0.0000	0.0000	0.0000	0.0000	0.0001	0.0000	0.0001	0.0000	0.0000	0.0000	0.0001	0.0000	0.0001	0.0311	0.0279	0.0031	0.0174	0.0164	0.0010	0.0136	0.0115	0.0021	0.0326	0.0211	0.0115	0.0171	0.0153	0.0018	0.0154	0.0058	0.0097	0.1498	0.0000	0.6110	0.0000	0.0000	0.0000	0.1886	0.0000	0.7592	0.0021	0.0005	0.0052	0.0006	0.0007	0.0000	0.0039	0.0000	0.0062		
53	86	0.6400	7	1	2	0	0	0	0	0	0	N	Y	N	N	N	N	N	N	N	N	N	N	0.0101	0.0041	0.0000	0.0145	0.0146	0.0000	0.0000	0.0004	0.0005	0.0000	0.0006	0.0006	0.0000	0.0000	0.0000	0.0000	0.0405	0.1097	0.0008	0.0387	0.0417	0.0000	0.0009	0.0000	0.0009	0.0000	0.1667	-0.0000	-0.0000	1.0000	1.0165	5.0000	4.1395	0.0000	0.0000	0.0000	0.0000	0.0000	0.0000	0.0000	0.0000	0.0000	0.0001	0.0001	0.0000	0.0001	0.0001	0.0000	0.0000	0.0000	0.0000	0.0243	0.0220	0.0023	0.0178	0.0165	0.0013	0.0066	0.0055	0.0010	0.0253	0.0131	0.0122	0.0094	0.0080	0.0014	0.0158	0.0051	0.0108	0.1484	0.0991	0.0000	0.0883	0.0807	0.0000	0.0000	0.0000	0.0000	0.0028	0.0046	0.0008	0.0064	0.0075	0.0000	0.0006	0.0000	0.0009		
53	87	0.0839	4	1	2	0	0	0	0	0	0	N	Y	N	N	N	N	N	N	N	N	N	N	0.0000	0.0000	0.0000	0.0000	0.0000	0.0000	0.0000	0.0000	0.0000	0.0000	0.0000	0.0000	0.0000	0.0000	0.0000	0.0000	0.0000	0.0000	0.0000	0.0000	1.0000	9.0005	5.0000	5.0000	0.0000	0.0000	0.0000	0.0000	0.0000	0.0000	0.0000	0.0000	0.0000	0.0000	0.0000	0.0000	0.0000	0.0000	0.0000	0.0000	0.0000	0.0000	0.2853	0.2515	0.0339	0.0117	0.0109	0.0007	0.2737	0.2405	0.0331	0.2194	0.1163	0.1032	0.0042	0.0041	0.0001	0.2152	0.1122	0.1031	0.0000	0.0000	0.0000	0.0000	0.0000	0.0000	0.0000	0.0000	0.0000	0.0000	0.0000	0.0000	0.0000	0.0000	0.0000	0.0000	0.0000	0.0000											
53	88	0.6624	8	0	2	0	0	0	0	0	0	N	Y	N	N	N	N	N	N	N	N	N	N	0.0000	0.0000	0.0000	0.0000	0.0000	0.0000	0.0000	0.0000	0.0000	0.0000	0.0000	0.0000	0.0000	0.0000	0.0000	0.0000	0.0000	0.0000	0.0000	0.0000	1.0000	0.0000	5.0000	0.0000	0.0000	0.0000	0.0000	0.0000	0.0000	0.0000	0.0000	0.0000	0.0000	0.0000	0.0000	0.0000	0.0000	0.0000	0.0000	0.0000	0.0000	0.0000	0.0000	0.0000	0.0000	0.0000	0.0000	0.0000	0.0000	0.0000	0.0000	0.0000	0.0000	0.0000	0.0000	0.0000	0.0000	0.0000	0.0000	0.0000	0.0000	0.0000	0.0000	0.0000	0.0000	0.0000	0.0000	0.0000	0.0000	0.0000	0.0000	0.0000	0.0000	0.0000	0.0000	0.0000	0.0000	0.0000											
53	89	0.1511	6	0	2	0	0	0	0	0	0	N	Y	N	N	N	N	N	N	N	N	N	N	0.0000	0.0000	0.0000	0.0000	0.0000	0.0000	0.0000	0.0000	0.0000	0.0000	0.0000	0.0000	0.0000	0.0007	0.0020	0.0000	0.0105	0.0095	0.0000	0.0000	0.0000	0.0000	0.0000	0.0000	-0.0000	1.0000	1.9953	5.0000	1.0817	0.0000	0.0000	0.0000	0.0000	0.0000	0.0000	0.0000	0.0000	0.0000	0.0000	0.0000	0.0000	0.0000	0.0000	0.0000	0.0000	0.0000	0.0000	0.0766	0.0695	0.0070	0.0392	0.0376	0.0016	0.0374	0.0319	0.0054	0.0344	0.0167	0.0177	0.0034	0.0032	0.0001	0.0311	0.0135	0.0176	0.0000	0.0000	0.0000	0.0000	0.0000	0.0000	0.0000	0.0000	0.0000	0.0003	0.0006	0.0000	0.0030	0.0031	0.0000	0.0000	0.0000	0.0000						
53	90	0.1251	5	0	2	0	0	0	0	0	0	N	Y	N	N	N	N	N	N	N	N	N	N	3.1104	inf	0.0000	inf	inf	0.0000	0.0000	0.0011	0.0012	0.0000	0.0021	0.0023	0.0000	0.0000	0.0000	0.0000	0.0004	0.0000	0.0003	0.0000	0.0000	0.0000	0.0002	0.0000	0.0003	0.0000	inf	-0.0000	0.0000	1.0000	2.3999	5.0000	4.0713	0.0001	0.0001	0.0000	0.0001	0.0001	0.0000	0.0000	0.0000	0.0000	0.0000	0.0000	0.0000	0.0000	0.0000	0.0000	0.0000	0.0000	0.0000	0.0826	0.0746	0.0081	0.0421	0.0395	0.0025	0.0406	0.0350	0.0056	0.0653	0.0305	0.0348	0.0027	0.0026	0.0001	0.0626	0.0278	0.0347	7.1105	inf	0.0000	inf	inf	0.0000	0.0000	0.0000	0.0000	0.0002	0.0000	0.0003	0.0000	0.0000	0.0000	0.0002	0.0000	0.0003		
53	91	0.0858	4	0	1	1	0	0	0	0	0	N	N	N	N	N	N	N	N	N	N	N	N	0.0000	0.0000	0.0000	0.0000	0.0000	0.0000	0.0000	0.0000	0.0000	0.0000	0.0000	0.0000	0.0000	0.0000	0.0000	0.0000	0.0000	0.0000	0.0000	0.0000	1.0000	0.0000	5.0000	0.0000	0.0000	0.0000	0.0000	0.0000	0.0000	0.0000	0.0000	0.0000	0.0000	0.0000	0.0000	0.0000	0.0000	0.0000	0.0000	0.0000	0.0000	0.0000	0.0000	0.0000	0.0000	0.0000	0.0000	0.0000	0.0000	0.0000	0.0000	0.0000	0.0000	0.0000	0.0000	0.0000	0.0000	0.0000	0.0000	0.0000	0.0000	0.0000	0.0000	0.0000	0.0000	0.0000	0.0000	0.0000	0.0000	0.0000	0.0000	0.0000	0.0000	0.0000	0.0000	0.0000	0.0000	0.0000											
53	92	0.0537	3	0	1	1	0	0	0	0	0	N	N	N	N	N	N	N	N	N	N	N	N	inf	inf	inf	inf	5.0293	0.0000	40.3398	0.0000	0.0000	0.0000	5.1805	0.0000	40.4363	0.0000	0.0000	0.0000	0.0000	0.0000	0.0000	0.0000	0.0000	0.0000	inf	0.5341	0.0000	1.0000	3.7221	5.0000	2.9993	0.7220	0.0000	0.7220	0.0000	0.0000	0.0000	0.7220	0.0000	0.7220	0.0000	0.0000	0.0000	0.0000	0.0000	0.0000	0.0000	0.0000	0.0000	0.1436	0.1257	0.0179	0.0042	0.0041	0.0000	0.1394	0.1215	0.0179	0.1263	0.0668	0.0595	0.0025	0.0024	0.0000	0.1238	0.0644	0.0595	inf	0.0000	inf	0.0000	0.0000	0.0000	inf	0.0000	inf	0.0000	0.0000	0.0000	0.0000	0.0000	0.0000	0.0000	0.0000	0.0000						
53	94	0.1414	6	1	2	0	0	0	0	0	0	N	Y	N	N	N	N	N	N	N	N	N	N	0.0000	0.0000	0.0000	0.0000	0.0000	0.0000	0.0000	0.0000	0.0000	0.0000	0.0000	0.0000	0.0000	0.0000	0.0000	0.0000	0.0000	0.0000	0.0000	0.0000	1.0000	5.9980	5.0000	4.9575	0.0000	0.0000	0.0000	0.0000	0.0000	0.0000	0.0000	0.0000	0.0000	0.0000	0.0000	0.0000	0.0000	0.0000	0.0000	0.0000	0.0000	0.0000	0.1866	0.1694	0.0172	0.0943	0.0894	0.0049	0.0923	0.0800	0.0123	0.0997	0.0493	0.0504	0.0063	0.0061	0.0002	0.0934	0.0431	0.0502	0.0000	0.0000	0.0000	0.0000	0.0000	0.0000	0.0000	0.0000	0.0000	0.0000	0.0000	0.0000	0.0000	0.0000	0.0000	0.0000	0.0000	0.0000											
53	95	0.6624	8	1	2	0	0	0	0	0	0	N	Y	N	N	N	N	N	N	N	N	N	N	0.0000	0.0000	0.0000	0.0000	0.0000	0.0000	0.0000	0.0000	0.0000	0.0000	0.0000	0.0000	0.0000	0.0000	0.0000	0.0000	0.0000	0.0000	0.0000	0.0000	1.0000	0.0000	5.0000	2.0000	0.0000	0.0000	0.0000	0.0000	0.0000	0.0000	0.0000	0.0000	0.0000	0.0000	0.0000	0.0000	0.0000	0.0000	0.0000	0.0000	0.0000	0.0000	0.0000	0.0000	0.0000	0.0000	0.0000	0.0000	0.0000	0.0000	0.0000	0.0187	0.0110	0.0077	0.0091	0.0078	0.0013	0.0096	0.0032	0.0064	0.0000	0.0000	0.0000	0.0000	0.0000	0.0000	0.0000	0.0000	0.0000	0.0000	0.0000	0.0000	0.0000	0.0000	0.0000	0.0000	0.0000	0.0000											
53	96	0.6400	7	0	2	0	0	0	0	0	0	N	Y	N	N	N	N	N	N	N	N	N	N	0.0000	0.0000	0.0000	0.0000	0.0000	0.0000	0.0000	0.0000	0.0000	0.0000	0.0000	0.0000	0.0000	0.0000	0.0000	0.0000	0.0000	0.0000	0.0000	0.0000	1.0000	4.0000	5.0000	0.0000	0.0000	0.0000	0.0000	0.0000	0.0000	0.0000	0.0000	0.0000	0.0000	0.0000	0.0000	0.0000	0.0000	0.0000	0.0000	0.0000	0.0000	0.0000	0.0877	0.0793	0.0084	0.0627	0.0583	0.0045	0.0250	0.0210	0.0039	0.0198	0.0103	0.0096	0.0074	0.0062	0.0011	0.0125	0.0040	0.0084	0.0000	0.0000	0.0000	0.0000	0.0000	0.0000	0.0000	0.0000	0.0000	0.0000	0.0000	0.0000	0.0000	0.0000	0.0000	0.0000	0.0000	0.0000											
53	97	0.0839	4	0	1	0	0	0	0	0	0	N	N	N	N	N	N	N	N	N	N	N	N	0.0000	0.0000	0.0000	0.0000	0.0000	0.0000	0.0000	0.0000	0.0000	0.0000	0.0000	0.0000	0.0000	0.0000	0.0000	0.0000	0.0000	0.0000	0.0000	0.0000	1.0000	3.9994	5.0000	4.0000	0.0000	0.0000	0.0000	0.0000	0.0000	0.0000	0.0000	0.0000	0.0000	0.0000	0.0000	0.0000	0.0000	0.0000	0.0000	0.0000	0.0000	0.0000	0.1482	0.1300	0.0181	0.0058	0.0055	0.0004	0.1423	0.1245	0.0178	0.1414	0.0757	0.0657	0.0026	0.0025	0.0000	0.1388	0.0732	0.0657	0.0000	0.0000	0.0000	0.0000	0.0000	0.0000	0.0000	0.0000	0.0000	0.0000	0.0000	0.0000	0.0000	0.0000	0.0000	0.0000	0.0000	0.0000											
53	98	0.6400	7	0	1	0	0	0	0	0	0	N	N	N	N	N	N	N	N	N	N	N	N	0.0000	0.0000	0.0000	0.0000	0.0000	0.0000	0.0000	0.0000	0.0000	0.0000	0.0000	0.0000	0.0000	0.0000	0.0000	0.0000	0.0000	0.0000	0.0000	0.0000	1.0000	1.0000	5.0000	0.0000	0.0000	0.0000	0.0000	0.0000	0.0000	0.0000	0.0000	0.0000	0.0000	0.0000	0.0000	0.0000	0.0000	0.0000	0.0000	0.0000	0.0000	0.0000	0.0430	0.0389	0.0041	0.0312	0.0290	0.0023	0.0118	0.0099	0.0019	0.0093	0.0048	0.0045	0.0035	0.0029	0.0005	0.0059	0.0019	0.0040	0.0000	0.0000	0.0000	0.0000	0.0000	0.0000	0.0000	0.0000	0.0000	0.0000	0.0000	0.0000	0.0000	0.0000	0.0000	0.0000	0.0000	0.0000											
53	99	0.1948	5	0	1	0	0	0	0	0	0	N	N	N	N	N	N	N	N	N	N	N	N	0.0047	0.0000	0.7333	0.0000	0.0000	0.0803	0.7407	0.0002	0.0000	0.0018	0.0000	0.0000	0.0000	0.0003	0.0000	0.0019	0.0463	0.0335	0.0025	0.0716	0.0664	0.0000	0.0035	0.0000	0.0026	inf	0.5208	0.0000	-0.0001	1.0000	1.5982	5.0000	11.1970	0.0000	0.0000	0.0000	0.0000	0.0000	0.0000	0.0000	0.0000	0.0000	0.0007	0.0005	0.0002	0.0005	0.0005	0.0000	0.0002	0.0000	0.0002	0.0923	0.0813	0.0110	0.0216	0.0211	0.0005	0.0707	0.0602	0.0105	0.2556	0.1548	0.1008	0.0565	0.0529	0.0035	0.1991	0.1018	0.0973	0.0758	0.0000	0.7333	0.0000	0.0000	0.0000	0.2253	0.0000	0.7407	0.0029	0.0031	0.0025	0.0085	0.0091	0.0000	0.0013	0.0000	0.0026		
53	100	0.1429	7	1	2	1	0	0	0	0	0	N	Y	N	N	N	N	N	N	N	N	N	N	0.0000	0.0000	0.0000	0.0000	0.0000	0.0000	0.0000	0.0000	0.0000	0.0000	0.0000	0.0000	0.0000	0.0000	0.0000	0.0000	0.0000	0.0000	0.0000	0.0000	1.0000	0.0000	5.0000	0.9982	0.0000	0.0000	0.0000	0.0000	0.0000	0.0000	0.0000	0.0000	0.0000	0.0000	0.0000	0.0000	0.0000	0.0000	0.0000	0.0000	0.0000	0.0000	0.0038	0.0036	0.0003	0.0032	0.0031	0.0001	0.0006	0.0005	0.0002	0.0101	0.0050	0.0051	0.0007	0.0007	0.0000	0.0094	0.0043	0.0051	0.0000	0.0000	0.0000	0.0000	0.0000	0.0000	0.0000	0.0000	0.0000	0.0000	0.0000	0.0000	0.0000	0.0000	0.0000	0.0000	0.0000	0.0000											
53	101	0.6747	10	1	2	1	0	0	0	0	0	N	Y	N	N	N	N	N	N	N	N	N	N	0.0000	0.0000	0.0000	0.0000	0.0000	0.0000	0.0000	0.0000	0.0000	0.0000	0.0000	0.0000	0.0000	0.0000	0.0000	0.0000	0.0000	0.0000	0.0000	0.0000	1.0000	0.0000	5.0000	0.0000	0.0000	0.0000	0.0000	0.0000	0.0000	0.0000	0.0000	0.0000	0.0000	0.0000	0.0000	0.0000	0.0000	0.0000	0.0000	0.0000	0.0000	0.0000	0.0000	0.0000	0.0000	0.0000	0.0000	0.0000	0.0000	0.0000	0.0000	0.0000	0.0000	0.0000	0.0000	0.0000	0.0000	0.0000	0.0000	0.0000	0.0000	0.0000	0.0000	0.0000	0.0000	0.0000	0.0000	0.0000	0.0000	0.0000	0.0000	0.0000	0.0000	0.0000	0.0000	0.0000	0.0000	0.0000											
53	102	0.6747	9	1	1	1	0	0	0	0	0	N	N	N	N	N	N	N	N	N	N	N	N	0.0000	0.0000	0.0000	0.0000	0.0000	0.0000	0.0000	0.0000	0.0000	0.0000	0.0000	0.0000	0.0000	0.0000	0.0000	0.0000	0.0000	0.0000	0.0000	0.0000	1.0000	0.0000	5.0000	0.0000	0.0000	0.0000	0.0000	0.0000	0.0000	0.0000	0.0000	0.0000	0.0000	0.0000	0.0000	0.0000	0.0000	0.0000	0.0000	0.0000	0.0000	0.0000	0.0000	0.0000	0.0000	0.0000	0.0000	0.0000	0.0000	0.0000	0.0000	0.0000	0.0000	0.0000	0.0000	0.0000	0.0000	0.0000	0.0000	0.0000	0.0000	0.0000	0.0000	0.0000	0.0000	0.0000	0.0000	0.0000	0.0000	0.0000	0.0000	0.0000	0.0000	0.0000	0.0000	0.0000	0.0000	0.0000											
53	103	0.6686	8	1	1	1	0	0	0	0	0	N	N	N	N	N	N	N	N	N	N	N	N	0.0000	0.0000	0.0000	0.0000	0.0000	0.0000	0.0000	0.0000	0.0000	0.0000	0.0000	0.0000	0.0000	0.0000	0.0000	0.0000	0.0000	0.0000	0.0000	0.0000	1.0000	0.0000	5.0000	1.0091	0.0000	0.0000	0.0000	0.0000	0.0000	0.0000	0.0000	0.0000	0.0000	0.0000	0.0000	0.0000	0.0000	0.0000	0.0000	0.0000	0.0000	0.0000	0.0000	0.0000	0.0000	0.0000	0.0000	0.0000	0.0000	0.0000	0.0000	0.0096	0.0056	0.0040	0.0046	0.0040	0.0006	0.0050	0.0016	0.0034	0.0000	0.0000	0.0000	0.0000	0.0000	0.0000	0.0000	0.0000	0.0000	0.0000	0.0000	0.0000	0.0000	0.0000	0.0000	0.0000	0.0000	0.0000											
53	104	0.0839	4	0	2	0	0	0	0	0	0	N	Y	N	N	N	N	N	N	N	N	N	N	0.7490	inf	0.0000	inf	inf	0.0000	0.0000	3.8301	4.3491	0.0000	94.2381	100.4373	0.0000	0.0000	0.0000	0.0000	5.1137	0.0000	19.1261	0.0000	0.0000	0.0000	5.2116	0.0000	20.4958	0.0000	inf	-0.2602	0.4781	1.0000	7.9994	5.0000	4.0001	1.0000	1.0000	0.0000	1.0000	1.0000	0.0000	0.0000	0.0000	0.0000	1.0000	0.0000	1.0000	0.0000	0.0000	0.0000	1.0000	0.0000	1.0000	0.2611	0.2299	0.0312	0.0106	0.0100	0.0007	0.2505	0.2200	0.0305	0.1956	0.1040	0.0916	0.0037	0.0036	0.0001	0.1919	0.1004	0.0915	0.7490	inf	0.0000	inf	inf	0.0000	0.0000	0.0000	0.0000	5.1137	0.0000	10.9202	0.0000	0.0000	0.0000	5.2116	0.0000	10.9267		
53	105	0.1463	8	1	1	1	0	0	0	0	0	N	N	N	N	N	N	N	N	N	N	N	N	0.0000	0.0000	0.0000	0.0000	0.0000	0.0000	0.0000	0.0000	0.0000	0.0000	0.0000	0.0000	0.0000	0.0000	0.0000	0.0000	0.0000	0.0000	0.0000	0.0000	1.0000	1.0000	5.0000	1.0005	0.0000	0.0000	0.0000	0.0000	0.0000	0.0000	0.0000	0.0000	0.0000	0.0000	0.0000	0.0000	0.0000	0.0000	0.0000	0.0000	0.0000	0.0000	0.0354	0.0322	0.0032	0.0189	0.0180	0.0010	0.0165	0.0142	0.0022	0.0198	0.0097	0.0101	0.0012	0.0012	0.0000	0.0186	0.0085	0.0101	0.0000	0.0000	0.0000	0.0000	0.0000	0.0000	0.0000	0.0000	0.0000	0.0000	0.0000	0.0000	0.0000	0.0000	0.0000	0.0000	0.0000	0.0000											
53	106	0.1429	7	1	1	1	0	0	0	0	0	N	N	N	N	N	N	N	N	N	N	N	N	0.0000	0.0000	0.0000	0.0000	0.0000	0.0000	0.0000	0.0000	0.0000	0.0000	0.0000	0.0000	0.0000	0.0000	0.0000	0.0000	0.0000	0.0000	0.0000	0.0000	1.0000	0.7249	5.0000	0.0368	0.0000	0.0000	0.0000	0.0000	0.0000	0.0000	0.0000	0.0000	0.0000	0.0000	0.0000	0.0000	0.0000	0.0000	0.0000	0.0000	0.0000	0.0000	0.0296	0.0270	0.0026	0.0170	0.0162	0.0008	0.0126	0.0108	0.0018	0.0078	0.0038	0.0039	0.0005	0.0005	0.0000	0.0072	0.0033	0.0039	0.0000	0.0000	0.0000	0.0000	0.0000	0.0000	0.0000	0.0000	0.0000	0.0000	0.0000	0.0000	0.0000	0.0000	0.0000	0.0000	0.0000	0.0000											
53	107	0.1414	6	1	1	1	0	0	0	0	0	N	N	N	N	N	N	N	N	N	N	N	N	0.0000	0.0000	0.0000	0.0000	0.0000	0.0000	0.0000	0.0000	0.0000	0.0000	0.0000	0.0000	0.0000	0.0000	0.0000	0.0000	0.0000	0.0000	0.0000	0.0000	1.0000	0.4159	5.0000	0.0887	0.0000	0.0000	0.0000	0.0000	0.0000	0.0000	0.0000	0.0000	0.0000	0.0000	0.0000	0.0000	0.0000	0.0000	0.0000	0.0000	0.0000	0.0000	0.0188	0.0173	0.0015	0.0117	0.0112	0.0005	0.0070	0.0061	0.0010	0.0056	0.0029	0.0028	0.0006	0.0006	0.0000	0.0050	0.0023	0.0028	0.0000	0.0000	0.0000	0.0000	0.0000	0.0000	0.0000	0.0000	0.0000	0.0000	0.0000	0.0000	0.0000	0.0000	0.0000	0.0000	0.0000	0.0000											
53	108	0.1251	5	1	1	0	0	0	0	0	0	N	N	N	N	N	N	N	N	N	N	N	N	0.0000	0.0000	0.0000	0.0000	0.0000	0.0000	0.0000	0.0000	0.0000	0.0000	0.0000	0.0000	0.0000	0.0000	0.0000	0.0000	0.0000	0.0000	0.0000	0.0000	1.0000	3.9943	5.0000	0.9974	0.0000	0.0000	0.0000	0.0000	0.0000	0.0000	0.0000	0.0000	0.0000	0.0000	0.0000	0.0000	0.0000	0.0000	0.0000	0.0000	0.0000	0.0000	0.1308	0.1178	0.0129	0.0649	0.0609	0.0040	0.0659	0.0569	0.0090	0.0511	0.0238	0.0273	0.0021	0.0021	0.0000	0.0490	0.0218	0.0272	0.0000	0.0000	0.0000	0.0000	0.0000	0.0000	0.0000	0.0000	0.0000	0.0000	0.0000	0.0000	0.0000	0.0000	0.0000	0.0000	0.0000	0.0000											
53	109	0.6686	8	1	1	1	0	0	0	0	0	N	N	N	N	N	N	N	N	N	N	N	N	0.0000	0.0000	0.0000	0.0000	0.0000	0.0000	0.0000	0.0000	0.0000	0.0000	0.0000	0.0000	0.0000	0.0000	0.0000	0.0000	0.0000	0.0000	0.0000	0.0000	1.0000	0.0000	5.0000	0.9909	0.0000	0.0000	0.0000	0.0000	0.0000	0.0000	0.0000	0.0000	0.0000	0.0000	0.0000	0.0000	0.0000	0.0000	0.0000	0.0000	0.0000	0.0000	0.0000	0.0000	0.0000	0.0000	0.0000	0.0000	0.0000	0.0000	0.0000	0.0094	0.0055	0.0039	0.0045	0.0039	0.0006	0.0049	0.0016	0.0033	0.0000	0.0000	0.0000	0.0000	0.0000	0.0000	0.0000	0.0000	0.0000	0.0000	0.0000	0.0000	0.0000	0.0000	0.0000	0.0000	0.0000	0.0000											
53	110	0.6400	7	1	1	1	0	0	0	0	0	N	N	N	N	N	N	N	N	N	N	N	N	inf	inf	inf	inf	11.4035	12.6084	0.0000	15.9407	17.1624	0.0000	0.0000	0.0000	0.0000	0.0000	0.0000	0.0000	0.0000	0.0000	0.0000	0.0000	0.0000	0.0000	0.0000	-0.2602	0.0000	1.0000	4.0000	5.0000	0.0000	1.0000	1.0000	0.0000	1.0000	1.0000	0.0000	0.0000	0.0000	0.0000	0.0000	0.0000	0.0000	0.0000	0.0000	0.0000	0.0000	0.0000	0.0000	0.0877	0.0793	0.0084	0.0627	0.0583	0.0045	0.0250	0.0210	0.0039	0.0198	0.0103	0.0096	0.0074	0.0062	0.0011	0.0125	0.0040	0.0084	inf	inf	0.0000	inf	inf	0.0000	0.0000	0.0000	0.0000	0.0000	0.0000	0.0000	0.0000	0.0000	0.0000	0.0000	0.0000	0.0000						
53	112	0.1297	5	0	1	1	0	0	0	0	0	N	N	N	N	N	N	N	N	N	N	N	N	0.0000	0.0000	0.0000	0.0000	0.0000	0.0000	0.0000	0.0000	0.0000	0.0000	0.0000	0.0000	0.0000	0.0000	0.0000	0.0000	0.0000	0.0000	0.0000	0.0000	1.0000	0.0000	5.0000	0.0001	0.0000	0.0000	0.0000	0.0000	0.0000	0.0000	0.0000	0.0000	0.0000	0.0000	0.0000	0.0000	0.0000	0.0000	0.0000	0.0000	0.0000	0.0000	0.0000	0.0000	0.0000	0.0000	0.0000	0.0000	0.0000	0.0000	0.0000	0.0000	0.0000	0.0000	0.0000	0.0000	0.0000	0.0000	0.0000	0.0000	0.0000	0.0000	0.0000	0.0000	0.0000	0.0000	0.0000	0.0000	0.0000	0.0000	0.0000	0.0000	0.0000	0.0000	0.0000	0.0000	0.0000	0.0000											
53	113	0.0839	4	0	1	1	0	0	0	0	0	N	N	N	N	N	N	N	N	N	N	N	N	0.0000	0.0000	0.0000	0.0000	0.0000	0.0000	0.0000	0.0000	0.0000	0.0000	0.0000	0.0000	0.0000	0.0000	0.0000	0.0000	0.0000	0.0000	0.0000	0.0000	1.0000	4.0004	5.0000	4.9999	0.0000	0.0000	0.0000	0.0000	0.0000	0.0000	0.0000	0.0000	0.0000	0.0000	0.0000	0.0000	0.0000	0.0000	0.0000	0.0000	0.0000	0.0000	0.1482	0.1300	0.0182	0.0058	0.0055	0.0004	0.1424	0.1246	0.0178	0.1558	0.0833	0.0725	0.0029	0.0028	0.0000	0.1530	0.0805	0.0725	0.0000	0.0000	0.0000	0.0000	0.0000	0.0000	0.0000	0.0000	0.0000	0.0000	0.0000	0.0000	0.0000	0.0000	0.0000	0.0000	0.0000	0.0000											
53	114	0.6726	8	0	2	0	0	0	0	0	0	N	Y	N	N	N	N	N	N	N	N	N	N	8662.5019	inf	0.0000	inf	inf	8.3759	inf	0.0000	6.1166	6.7991	0.0000	10.6128	11.3458	0.0000	0.0057	0.0067	0.0000	0.0007	0.0000	0.0007	0.0000	0.0000	0.0000	0.0007	0.0000	0.0009	0.0000	inf	-0.2365	0.0000	1.0000	4.3361	5.0000	4.6323	0.9088	0.9088	0.0000	0.9085	0.9085	0.0000	0.0004	0.0004	0.0000	0.0000	0.0000	0.0000	0.0000	0.0000	0.0000	0.0000	0.0000	0.0000	0.1486	0.1337	0.0149	0.0856	0.0801	0.0055	0.0630	0.0536	0.0094	0.0712	0.0431	0.0281	0.0361	0.0313	0.0049	0.0351	0.0119	0.0233	21784.2027	inf	0.0000	inf	inf	0.0000	10.0365	inf	0.0000	0.0003	0.0000	0.0007	0.0000	0.0000	0.0000	0.0006	0.0000	0.0009	
53	115	0.6400	7	0	1	0	0	0	0	0	0	N	N	N	N	N	N	N	N	N	N	N	N	1194.6849	583.1609	1375.2041	1246.5102	21.2910	23.5487	0.0000	29.3499	31.6319	0.0000	0.0000	0.0000	0.0000	0.0178	0.0404	0.0000	0.0213	0.0254	0.0000	0.0000	0.0000	0.0000	0.0000	0.0000	-0.2553	-0.0000	1.0000	1.9840	5.0000	0.2610	0.9812	0.9812	0.0000	0.9812	0.9812	0.0000	0.0000	0.0000	0.0000	0.0000	0.0000	0.0000	0.0000	0.0000	0.0000	0.0000	0.0000	0.0000	0.0461	0.0417	0.0044	0.0334	0.0310	0.0024	0.0127	0.0106	0.0020	0.0113	0.0059	0.0055	0.0042	0.0036	0.0006	0.0071	0.0023	0.0048	12055.5073	6894.8228	0.0000	6160.9498	5629.5778	0.0000	0.0000	0.0000	0.0000	0.0018	0.0034	0.0000	0.0048	0.0056	0.0000	0.0000	0.0000	0.0000					
53	116	0.0839	4	0	2	0	1	0	0	0	0	N	Y	N	N	N	N	N	N	N	N	N	N	0.0000	0.0000	0.0000	0.0000	0.0000	0.0000	0.0000	0.0000	0.0000	0.0000	0.0000	0.0000	0.0000	0.0000	0.0000	0.0000	0.0000	0.0000	0.0000	0.0000	1.0000	5.0006	5.0000	2.0000	0.0000	0.0000	0.0000	0.0000	0.0000	0.0000	0.0000	0.0000	0.0000	0.0000	0.0000	0.0000	0.0000	0.0000	0.0000	0.0000	0.0000	0.0000	0.1792	0.1574	0.0218	0.0071	0.0067	0.0004	0.1720	0.1507	0.0214	0.1264	0.0678	0.0586	0.0023	0.0023	0.0000	0.1241	0.0655	0.0586	0.0000	0.0000	0.0000	0.0000	0.0000	0.0000	0.0000	0.0000	0.0000	0.0000	0.0000	0.0000	0.0000	0.0000	0.0000	0.0000	0.0000	0.0000											
53	117	0.6400	7	0	2	0	1	0	0	0	0	N	Y	N	N	N	N	N	N	N	N	N	N	0.0000	0.0000	0.0000	0.0000	0.0000	0.0000	0.0000	0.0000	0.0000	0.0000	0.0000	0.0000	0.0000	0.0000	0.0000	0.0000	0.0000	0.0000	0.0000	0.0000	1.0000	0.0000	5.0000	1.0000	0.0000	0.0000	0.0000	0.0000	0.0000	0.0000	0.0000	0.0000	0.0000	0.0000	0.0000	0.0000	0.0000	0.0000	0.0000	0.0000	0.0000	0.0000	0.0000	0.0000	0.0000	0.0000	0.0000	0.0000	0.0000	0.0000	0.0000	0.0071	0.0037	0.0034	0.0026	0.0022	0.0004	0.0045	0.0014	0.0030	0.0000	0.0000	0.0000	0.0000	0.0000	0.0000	0.0000	0.0000	0.0000	0.0000	0.0000	0.0000	0.0000	0.0000	0.0000	0.0000	0.0000	0.0000											
53	118	0.0839	4	0	2	0	0	0	0	0	0	N	Y	N	N	N	N	N	N	N	N	N	N	inf	inf	inf	inf	2.2713	2.5642	0.0000	53.9673	57.5216	0.0000	0.0000	0.0000	0.0000	0.0000	0.0000	0.0000	0.0000	0.0000	0.0000	0.0000	0.0000	0.0000	0.0000	-0.2602	0.0000	1.0000	16.9994	5.0000	6.0000	1.0000	1.0000	0.0000	1.0000	1.0000	0.0000	0.0000	0.0000	0.0000	0.0000	0.0000	0.0000	0.0000	0.0000	0.0000	0.0000	0.0000	0.0000	0.4403	0.3900	0.0503	0.0185	0.0174	0.0011	0.4217	0.3726	0.0491	0.3061	0.1598	0.1463	0.0061	0.0060	0.0001	0.3000	0.1538	0.1462	inf	inf	0.0000	inf	inf	0.0000	0.0000	0.0000	0.0000	0.0000	0.0000	0.0000	0.0000	0.0000	0.0000	0.0000	0.0000	0.0000						
53	119	0.6400	7	0	2	0	0	0	0	0	0	N	Y	N	N	N	N	N	N	N	N	N	N	inf	inf	inf	inf	9.3766	10.3658	0.0000	13.1960	14.2006	0.0000	0.0000	0.0000	0.0000	0.0000	0.0000	0.0000	0.0000	0.0000	0.0000	0.0000	0.0000	0.0000	0.0000	-0.2602	0.0000	1.0000	5.0000	5.0000	6.0000	1.0000	1.0000	0.0000	1.0000	1.0000	0.0000	0.0000	0.0000	0.0000	0.0000	0.0000	0.0000	0.0000	0.0000	0.0000	0.0000	0.0000	0.0000	0.1066	0.0965	0.0102	0.0758	0.0704	0.0054	0.0309	0.0261	0.0048	0.0508	0.0263	0.0245	0.0191	0.0162	0.0029	0.0317	0.0102	0.0216	inf	inf	0.0000	inf	inf	0.0000	0.0000	0.0000	0.0000	0.0000	0.0000	0.0000	0.0000	0.0000	0.0000	0.0000	0.0000	0.0000						
53	120	0.6681	8	0	2	0	0	0	0	0	0	N	Y	N	N	N	N	N	N	N	N	N	N	4839.2863	inf	0.0000	inf	inf	1.5893	inf	0.0000	42.9083	47.8077	0.0000	59.3304	64.5357	0.0000	0.0188	0.0224	0.0000	0.0089	0.0000	0.0026	0.0000	0.0000	0.0000	0.0119	0.0000	0.0029	0.0000	inf	-0.2567	0.0000	1.0000	0.9998	5.0000	0.9486	0.9867	0.9867	0.0000	0.9866	0.9866	0.0000	0.0001	0.0001	0.0000	0.0000	0.0000	0.0000	0.0000	0.0000	0.0000	0.0000	0.0000	0.0000	0.0230	0.0206	0.0024	0.0166	0.0153	0.0013	0.0064	0.0054	0.0010	0.0174	0.0096	0.0078	0.0083	0.0072	0.0011	0.0091	0.0023	0.0068	37393.2772	inf	0.0000	inf	inf	0.0000	8.6012	inf	0.0000	0.0011	0.0000	0.0026	0.0000	0.0000	0.0000	0.0022	0.0000	0.0029	
53	121	0.6400	7	0	2	0	0	0	0	0	0	N	Y	N	N	N	N	N	N	N	N	N	N	45.2206	24.3605	42.4340	45.6617	0.1156	0.1278	0.0000	0.1633	0.1757	0.0000	0.0000	0.0000	0.0000	0.0026	0.0052	0.0000	0.0038	0.0038	0.0000	0.0000	0.0000	0.0000	0.0000	0.0000	-0.0035	-0.0000	1.0000	3.0005	5.0000	1.1085	0.0135	0.0135	0.0000	0.0135	0.0135	0.0000	0.0000	0.0000	0.0000	0.0000	0.0000	0.0000	0.0000	0.0000	0.0000	0.0000	0.0000	0.0000	0.1163	0.1052	0.0111	0.0824	0.0766	0.0058	0.0340	0.0287	0.0053	0.0362	0.0188	0.0175	0.0135	0.0115	0.0021	0.0227	0.0073	0.0154	209.3560	119.8484	0.0000	110.4951	100.7799	0.0000	0.0000	0.0000	0.0000	0.0006	0.0011	0.0000	0.0015	0.0017	0.0000	0.0000	0.0000	0.0000					
53	122	0.1251	5	0	2	0	0	0	0	0	0	N	Y	N	N	N	N	N	N	N	N	N	N	0.0000	0.0000	0.0000	0.0000	0.0000	0.0000	0.0000	0.0000	0.0000	0.0000	0.0000	0.0000	0.0000	0.0000	0.0000	0.0000	0.0000	0.0000	0.0000	0.0000	1.0000	2.0001	5.0000	3.0000	0.0000	0.0000	0.0000	0.0000	0.0000	0.0000	0.0000	0.0000	0.0000	0.0000	0.0000	0.0000	0.0000	0.0000	0.0000	0.0000	0.0000	0.0000	0.0698	0.0630	0.0068	0.0358	0.0336	0.0022	0.0340	0.0294	0.0047	0.0512	0.0239	0.0273	0.0021	0.0021	0.0000	0.0491	0.0218	0.0273	0.0000	0.0000	0.0000	0.0000	0.0000	0.0000	0.0000	0.0000	0.0000	0.0000	0.0000	0.0000	0.0000	0.0000	0.0000	0.0000	0.0000	0.0000											
53	123	0.0839	4	0	1	0	0	0	0	0	0	N	N	N	N	N	N	N	N	N	N	N	N	inf	inf	inf	inf	4.2482	4.8278	0.0000	105.2268	112.1480	0.0000	0.0000	0.0000	0.0000	0.0000	0.0000	0.0000	0.0000	0.0000	0.0000	0.0000	0.0000	0.0000	0.0000	-0.2602	0.0000	1.0000	6.9986	5.0000	2.0000	1.0000	1.0000	0.0000	1.0000	1.0000	0.0000	0.0000	0.0000	0.0000	0.0000	0.0000	0.0000	0.0000	0.0000	0.0000	0.0000	0.0000	0.0000	0.2354	0.2071	0.0283	0.0095	0.0089	0.0006	0.2259	0.1982	0.0277	0.1558	0.0833	0.0725	0.0029	0.0028	0.0000	0.1529	0.0805	0.0725	inf	inf	0.0000	inf	inf	0.0000	0.0000	0.0000	0.0000	0.0000	0.0000	0.0000	0.0000	0.0000	0.0000	0.0000	0.0000	0.0000						
53	124	0.6735	8	0	2	0	0	0	0	0	0	N	Y	N	N	N	N	N	N	N	N	N	N	0.0043	0.0000	0.3478	0.0248	0.0000	inf	0.0165	0.5165	0.0002	0.0000	0.0020	0.0001	0.0000	0.0012	0.0005	0.0000	0.0030	0.0404	0.0039	0.0057	0.0031	0.0029	0.0000	0.0279	0.0000	0.0057	inf	4.6665	0.0000	0.0001	1.0000	3.9006	5.0000	3.1543	0.0000	0.0000	0.0000	0.0000	0.0000	0.0000	0.0000	0.0000	0.0000	0.0002	0.0000	0.0001	0.0000	0.0000	0.0000	0.0001	0.0000	0.0001	0.1717	0.1566	0.0151	0.1283	0.1200	0.0083	0.0434	0.0367	0.0067	0.0616	0.0335	0.0281	0.0250	0.0212	0.0037	0.0367	0.0123	0.0244	0.0633	0.0000	0.4000	0.0648	0.0000	inf	0.1206	0.0000	0.5165	0.0028	0.0009	0.0050	0.0012	0.0014	0.0000	0.0038	0.0000	0.0057	
53	125	0.6400	7	0	2	0	0	0	0	0	0	N	Y	N	N	N	N	N	N	N	N	N	N	0.0020	0.0011	0.0000	0.0042	0.0041	0.0000	0.0000	0.0004	0.0005	0.0000	0.0006	0.0006	0.0000	0.0000	0.0000	0.0000	0.2099	0.4151	0.0019	0.1416	0.1580	0.0000	0.0053	0.0000	0.0022	0.0000	0.2143	-0.0000	-0.0001	1.0000	1.6924	5.0000	1.9110	0.0000	0.0000	0.0000	0.0000	0.0000	0.0000	0.0000	0.0000	0.0000	0.0002	0.0001	0.0000	0.0001	0.0001	0.0000	0.0000	0.0000	0.0000	0.0701	0.0634	0.0067	0.0505	0.0469	0.0036	0.0197	0.0166	0.0031	0.0321	0.0166	0.0155	0.0120	0.0101	0.0018	0.0201	0.0065	0.0136	0.0807	0.0561	0.0000	0.0508	0.0464	0.0000	0.0000	0.0000	0.0000	0.0053	0.0084	0.0019	0.0117	0.0138	0.0000	0.0015	0.0000	0.0022		
53	126	0.0839	4	0	2	0	0	0	0	0	0	N	Y	N	N	N	N	N	N	N	N	N	N	0.0000	0.0000	0.0000	0.0000	0.0000	0.0000	0.0000	0.0000	0.0000	0.0000	0.0000	0.0000	0.0000	6.4173	0.0000	21.9887	0.0000	0.0000	0.0000	6.5376	0.0000	25.5410	inf	0.0000	0.4781	1.0000	0.9996	5.0000	8.0005	0.0000	0.0000	0.0000	0.0000	0.0000	0.0000	0.0000	0.0000	0.0000	1.0000	0.0000	1.0000	0.0000	0.0000	0.0000	1.0000	0.0000	1.0000	0.0412	0.0361	0.0052	0.0016	0.0015	0.0001	0.0397	0.0346	0.0051	0.1558	0.0833	0.0725	0.0029	0.0028	0.0000	0.1530	0.0805	0.0725	0.0000	0.0000	0.0000	0.0000	0.0000	0.0000	0.0000	0.0000	0.0000	6.4173	0.0000	13.7856	0.0000	0.0000	0.0000	6.5376	0.0000	13.7935						
53	127	0.2112	6	0	1	0	0	0	0	0	0	N	N	N	N	N	N	N	N	N	N	N	N	0.0086	0.0000	7.7009	0.0049	0.0000	inf	1.2834	5.0541	0.0007	0.0000	0.0056	0.0012	0.0000	0.0322	0.0005	0.0000	0.0038	0.0772	0.1435	0.0007	0.2475	0.2365	0.0000	0.0004	0.0000	0.0008	inf	0.0988	0.0001	-0.0004	1.0000	3.6536	5.0000	12.3970	0.0001	0.0000	0.0001	0.0000	0.0000	0.0000	0.0001	0.0000	0.0001	0.0009	0.0008	0.0001	0.0008	0.0008	0.0000	0.0001	0.0000	0.0001	0.1661	0.1466	0.0195	0.0333	0.0321	0.0012	0.1328	0.1146	0.0182	0.2707	0.1616	0.1091	0.0498	0.0460	0.0037	0.2209	0.1155	0.1054	0.2014	0.0000	7.7009	0.0738	0.0000	inf	1.4556	0.0000	5.0541	0.0033	0.0050	0.0007	0.0163	0.0176	0.0000	0.0004	0.0000	0.0008	
53	128	0.3896	6	0	1	0	0	0	0	0	0	N	N	N	N	N	N	N	N	N	N	N	N	0.0104	0.0000	20.3093	0.0054	0.0000	179.4236	0.6901	18.8385	0.0179	0.0000	0.1669	0.0177	0.0000	0.2662	0.0182	0.0000	0.1312	1.7252	2.3267	0.0082	3.2644	3.4059	0.0015	0.0263	0.0000	0.0070	inf	0.0065	0.0035	-0.0587	1.0000	5.3495	5.0000	12.4099	0.0047	0.0000	0.0047	0.0020	0.0000	0.0020	0.0027	0.0000	0.0027	0.1138	0.1131	0.0007	0.1131	0.1131	0.0000	0.0007	0.0000	0.0007	0.2602	0.2322	0.0280	0.1115	0.1041	0.0074	0.1487	0.1282	0.0206	0.3616	0.2340	0.1276	0.1718	0.1462	0.0257	0.1897	0.0878	0.1019	0.0570	0.0000	28.7879	0.0268	0.0000	227.9559	4.8511	0.0000	18.8385	0.3149	0.4834	0.0058	0.6584	0.7739	0.0012	0.0037	0.0000	0.0070	
53	129	0.1953	10	0	2	0	1	0	0	0	0	N	Y	N	N	N	N	N	N	N	N	N	N	0.0000	0.0000	0.0000	0.0000	0.0000	0.0000	0.0000	0.0000	0.0000	0.0000	0.0000	0.0000	0.0000	0.0000	0.0000	0.0000	0.0000	0.0000	0.0000	0.0000	1.0000	0.0000	5.0000	0.0000	0.0000	0.0000	0.0000	0.0000	0.0000	0.0000	0.0000	0.0000	0.0000	0.0000	0.0000	0.0000	0.0000	0.0000	0.0000	0.0000	0.0000	0.0000	0.0000	0.0000	0.0000	0.0000	0.0000	0.0000	0.0000	0.0000	0.0000	0.0000	0.0000	0.0000	0.0000	0.0000	0.0000	0.0000	0.0000	0.0000	0.0000	0.0000	0.0000	0.0000	0.0000	0.0000	0.0000	0.0000	0.0000	0.0000	0.0000	0.0000	0.0000	0.0000	0.0000	0.0000	0.0000	0.0000											
53	130	0.1790	9	0	2	0	1	0	0	0	0	N	Y	N	N	N	N	N	N	N	N	N	N	0.0000	0.0000	0.0000	0.0000	0.0000	0.0000	0.0000	0.0000	0.0000	0.0000	0.0000	0.0000	0.0000	38.6606	0.0000	70.0684	0.0000	0.0000	0.0000	41.2879	0.0000	70.2468	inf	0.0000	0.4781	1.0000	0.0000	5.0000	3.0001	0.0000	0.0000	0.0000	0.0000	0.0000	0.0000	0.0000	0.0000	0.0000	1.0000	0.0000	1.0000	0.0000	0.0000	0.0000	1.0000	0.0000	1.0000	0.0000	0.0000	0.0000	0.0000	0.0000	0.0000	0.0000	0.0000	0.0000	0.0259	0.0116	0.0143	0.0016	0.0016	0.0000	0.0242	0.0100	0.0142	0.0000	0.0000	0.0000	0.0000	0.0000	0.0000	0.0000	0.0000	0.0000	38.6606	0.0000	70.0684	0.0000	0.0000	0.0000	41.2879	0.0000	70.2468						
53	131	0.1694	8	0	2	0	0	0	0	0	0	N	Y	N	N	N	N	N	N	N	N	N	N	0.0000	0.0000	0.0000	0.0000	0.0000	0.0000	0.0000	0.0000	0.0000	0.0000	0.0000	0.0000	0.0000	0.0000	0.0000	0.0000	0.0000	0.0000	0.0000	0.0000	1.0000	0.0000	5.0000	0.0000	0.0000	0.0000	0.0000	0.0000	0.0000	0.0000	0.0000	0.0000	0.0000	0.0000	0.0000	0.0000	0.0000	0.0000	0.0000	0.0000	0.0000	0.0000	0.0000	0.0000	0.0000	0.0000	0.0000	0.0000	0.0000	0.0000	0.0000	0.0000	0.0000	0.0000	0.0000	0.0000	0.0000	0.0000	0.0000	0.0000	0.0000	0.0000	0.0000	0.0000	0.0000	0.0000	0.0000	0.0000	0.0000	0.0000	0.0000	0.0000	0.0000	0.0000	0.0000	0.0000	0.0000	0.0000											
53	132	0.1790	9	0	1	1	1	0	0	0	0	N	N	N	N	N	N	N	N	N	N	N	N	0.0000	0.0000	0.0000	0.0000	0.0000	0.0000	0.0000	0.0000	0.0000	0.0000	0.0000	0.0000	0.0000	0.0000	0.0000	0.0000	0.0000	0.0000	0.0000	0.0000	1.0000	0.0000	5.0000	1.9999	0.0000	0.0000	0.0000	0.0000	0.0000	0.0000	0.0000	0.0000	0.0000	0.0000	0.0000	0.0000	0.0000	0.0000	0.0000	0.0000	0.0000	0.0000	0.0000	0.0000	0.0000	0.0000	0.0000	0.0000	0.0000	0.0000	0.0000	0.0174	0.0078	0.0096	0.0011	0.0011	0.0000	0.0163	0.0067	0.0096	0.0000	0.0000	0.0000	0.0000	0.0000	0.0000	0.0000	0.0000	0.0000	0.0000	0.0000	0.0000	0.0000	0.0000	0.0000	0.0000	0.0000	0.0000											
53	133	0.1901	10	0	1	1	1	0	0	0	0	N	N	N	N	N	N	N	N	N	N	N	N	0.0000	0.0000	0.0000	0.0000	0.0000	0.0000	0.0000	0.0000	0.0000	0.0000	0.0000	0.0000	0.0000	0.0000	0.0000	0.0000	0.0000	0.0000	0.0000	0.0000	1.0000	1.0000	5.0000	0.0000	0.0000	0.0000	0.0000	0.0000	0.0000	0.0000	0.0000	0.0000	0.0000	0.0000	0.0000	0.0000	0.0000	0.0000	0.0000	0.0000	0.0000	0.0000	0.0339	0.0302	0.0037	0.0185	0.0169	0.0015	0.0155	0.0133	0.0022	0.0083	0.0037	0.0046	0.0006	0.0005	0.0000	0.0077	0.0031	0.0046	0.0000	0.0000	0.0000	0.0000	0.0000	0.0000	0.0000	0.0000	0.0000	0.0000	0.0000	0.0000	0.0000	0.0000	0.0000	0.0000	0.0000	0.0000											
53	134	0.1901	10	0	1	1	1	0	0	0	0	N	N	N	N	N	N	N	N	N	N	N	N	0.0000	0.0000	0.0000	0.0000	0.0000	0.0000	0.0000	0.0000	0.0000	0.0000	0.0000	0.0000	0.0000	0.0000	0.0000	0.0000	0.0000	0.0000	0.0000	0.0000	1.0000	0.0000	5.0000	0.0000	0.0000	0.0000	0.0000	0.0000	0.0000	0.0000	0.0000	0.0000	0.0000	0.0000	0.0000	0.0000	0.0000	0.0000	0.0000	0.0000	0.0000	0.0000	0.0000	0.0000	0.0000	0.0000	0.0000	0.0000	0.0000	0.0000	0.0000	0.0000	0.0000	0.0000	0.0000	0.0000	0.0000	0.0000	0.0000	0.0000	0.0000	0.0000	0.0000	0.0000	0.0000	0.0000	0.0000	0.0000	0.0000	0.0000	0.0000	0.0000	0.0000	0.0000	0.0000	0.0000	0.0000	0.0000											
53	135	0.1790	9	0	1	1	1	0	0	0	0	N	N	N	N	N	N	N	N	N	N	N	N	0.0000	0.0000	0.0000	0.0000	0.0000	0.0000	0.0000	0.0000	0.0000	0.0000	0.0000	0.0000	0.0000	0.0000	0.0000	0.0000	0.0000	0.0000	0.0000	0.0000	1.0000	2.0025	5.0000	0.9943	0.0000	0.0000	0.0000	0.0000	0.0000	0.0000	0.0000	0.0000	0.0000	0.0000	0.0000	0.0000	0.0000	0.0000	0.0000	0.0000	0.0000	0.0000	0.0669	0.0595	0.0073	0.0353	0.0324	0.0029	0.0316	0.0272	0.0045	0.0258	0.0116	0.0143	0.0016	0.0016	0.0000	0.0242	0.0100	0.0142	0.0000	0.0000	0.0000	0.0000	0.0000	0.0000	0.0000	0.0000	0.0000	0.0000	0.0000	0.0000	0.0000	0.0000	0.0000	0.0000	0.0000	0.0000											
53	136	0.1790	8	0	1	0	1	0	0	0	0	N	N	N	N	N	N	N	N	N	N	N	N	0.0000	0.0000	0.0000	0.0000	0.0000	0.0000	0.0000	0.0000	0.0000	0.0000	0.0000	0.0000	0.0000	0.0000	0.0000	0.0000	0.0000	0.0000	0.0000	0.0000	1.0000	0.0050	5.0000	0.0173	0.0000	0.0000	0.0000	0.0000	0.0000	0.0000	0.0000	0.0000	0.0000	0.0000	0.0000	0.0000	0.0000	0.0000	0.0000	0.0000	0.0000	0.0000	0.0004	0.0003	0.0000	0.0003	0.0003	0.0000	0.0001	0.0001	0.0000	0.0002	0.0001	0.0001	0.0000	0.0000	0.0000	0.0002	0.0001	0.0001	0.0000	0.0000	0.0000	0.0000	0.0000	0.0000	0.0000	0.0000	0.0000	0.0000	0.0000	0.0000	0.0000	0.0000	0.0000	0.0000	0.0000	0.0000											
53	137	0.1694	7	0	1	0	1	0	0	0	0	N	N	N	N	N	N	N	N	N	N	N	N	0.0000	0.0000	0.0000	0.0000	0.0000	0.0000	0.0000	0.0000	0.0000	0.0000	0.0000	0.0000	0.0000	0.0000	0.0000	0.0000	0.0000	0.0000	0.0000	0.0000	1.0000	1.9972	5.0000	1.0076	0.0000	0.0000	0.0000	0.0000	0.0000	0.0000	0.0000	0.0000	0.0000	0.0000	0.0000	0.0000	0.0000	0.0000	0.0000	0.0000	0.0000	0.0000	0.0625	0.0556	0.0069	0.0316	0.0290	0.0026	0.0309	0.0265	0.0044	0.0245	0.0109	0.0135	0.0016	0.0016	0.0000	0.0228	0.0094	0.0135	0.0000	0.0000	0.0000	0.0000	0.0000	0.0000	0.0000	0.0000	0.0000	0.0000	0.0000	0.0000	0.0000	0.0000	0.0000	0.0000	0.0000	0.0000											
53	138	0.1521	6	1	2	0	0	0	0	0	0	N	Y	N	N	N	N	N	N	N	N	N	N	0.0000	0.0000	0.0000	0.0000	0.0000	0.0000	0.0000	0.0000	0.0000	0.0000	0.0000	0.0000	0.0000	0.0069	0.0111	0.0000	0.0228	0.0206	0.0000	0.0000	0.0000	0.0000	0.0000	0.0000	-0.0000	1.0000	0.0002	5.0000	2.3255	0.0000	0.0000	0.0000	0.0000	0.0000	0.0000	0.0000	0.0000	0.0000	0.0000	0.0000	0.0000	0.0000	0.0000	0.0000	0.0000	0.0000	0.0000	0.0000	0.0000	0.0000	0.0000	0.0000	0.0000	0.0000	0.0000	0.0000	0.0312	0.0177	0.0136	0.0061	0.0059	0.0002	0.0251	0.0118	0.0133	0.0000	0.0000	0.0000	0.0000	0.0000	0.0000	0.0000	0.0000	0.0000	0.0010	0.0017	0.0000	0.0049	0.0051	0.0000	0.0000	0.0000	0.0000						
53	139	0.1342	5	1	2	0	0	0	0	0	0	N	Y	N	N	N	N	N	N	N	N	N	N	4.8001	3.8422	0.0000	9.4406	10.9437	0.0000	0.0000	0.0000	0.0365	0.0398	0.0000	0.0988	0.1036	0.0000	0.0000	0.0000	0.0000	0.0076	0.0104	0.0003	0.0105	0.0095	0.0000	0.0006	0.0143	0.0003	0.0000	0.1429	-0.0009	-0.0000	1.0000	2.0138	5.0000	2.7349	0.0035	0.0035	0.0000	0.0035	0.0035	0.0000	0.0000	0.0000	0.0000	0.0001	0.0001	0.0000	0.0000	0.0000	0.0000	0.0000	0.0000	0.0000	0.0953	0.0875	0.0078	0.0352	0.0336	0.0016	0.0601	0.0539	0.0062	0.0768	0.0420	0.0348	0.0169	0.0162	0.0007	0.0599	0.0257	0.0341	35.0515	23.8476	0.0000	33.4502	33.6118	0.0000	0.0000	0.0000	0.0000	0.0010	0.0017	0.0003	0.0030	0.0031	0.0000	0.0005	0.0008	0.0003	
53	140	0.1508	6	0	2	0	0	0	0	0	0	N	Y	N	N	N	N	N	N	N	N	N	N	0.3768	0.1572	0.0821	0.1062	0.0003	0.0004	0.0000	0.0007	0.0007	0.0000	0.0000	0.0000	0.0000	0.0009	0.0023	0.0000	0.0086	0.0070	0.0000	0.0000	0.0000	0.0000	0.0000	0.0000	-0.0000	-0.0000	1.0000	1.9232	5.0000	1.1116	0.0000	0.0000	0.0000	0.0000	0.0000	0.0000	0.0000	0.0000	0.0000	0.0000	0.0000	0.0000	0.0000	0.0000	0.0000	0.0000	0.0000	0.0000	0.0896	0.0818	0.0078	0.0422	0.0401	0.0021	0.0473	0.0416	0.0057	0.0312	0.0154	0.0158	0.0039	0.0037	0.0002	0.0273	0.0117	0.0156	1.0448	0.5659	0.0000	0.2739	0.2750	0.0000	0.0000	0.0000	0.0000	0.0003	0.0006	0.0000	0.0026	0.0027	0.0000	0.0000	0.0000	0.0000					
53	141	0.6592	8	0	2	0	0	0	0	0	0	N	Y	N	N	N	N	N	N	N	N	N	N	inf	inf	inf	inf	6.5987	7.2428	0.0000	8.5045	9.1415	0.0000	0.0000	0.0000	0.0000	0.0000	0.0000	0.0000	0.0000	0.0000	0.0000	0.0000	0.0000	0.0000	0.0000	-0.2602	0.0000	1.0000	3.0000	5.0000	1.0000	1.0000	1.0000	0.0000	1.0000	1.0000	0.0000	0.0000	0.0000	0.0000	0.0000	0.0000	0.0000	0.0000	0.0000	0.0000	0.0000	0.0000	0.0000	0.1515	0.1381	0.0135	0.1176	0.1094	0.0082	0.0340	0.0287	0.0053	0.0354	0.0183	0.0170	0.0132	0.0112	0.0020	0.0221	0.0071	0.0150	inf	inf	0.0000	inf	inf	0.0000	0.0000	0.0000	0.0000	0.0000	0.0000	0.0000	0.0000	0.0000	0.0000	0.0000	0.0000	0.0000						
53	142	0.6400	7	0	1	0	0	0	0	0	0	N	N	N	N	N	N	N	N	N	N	N	N	inf	inf	inf	inf	0.0002	0.0003	0.0000	0.0003	0.0003	0.0000	0.0000	0.0000	0.0000	0.0000	0.0000	0.0000	0.0000	0.0000	0.0000	0.0000	0.0000	0.0000	0.0000	-0.0000	0.0000	1.0000	1.0000	5.0000	1.0000	0.0000	0.0000	0.0000	0.0000	0.0000	0.0000	0.0000	0.0000	0.0000	0.0000	0.0000	0.0000	0.0000	0.0000	0.0000	0.0000	0.0000	0.0000	0.0430	0.0389	0.0041	0.0312	0.0290	0.0023	0.0118	0.0099	0.0019	0.0183	0.0095	0.0088	0.0068	0.0058	0.0010	0.0115	0.0037	0.0078	inf	inf	0.0000	inf	inf	0.0000	0.0000	0.0000	0.0000	0.0000	0.0000	0.0000	0.0000	0.0000	0.0000	0.0000	0.0000	0.0000						
53	143	0.3896	6	0	1	0	0	0	0	0	0	N	N	N	N	N	N	N	N	N	N	N	N	0.0055	0.0000	0.0091	0.0481	0.0000	9.0084	0.0032	0.0060	0.0157	0.0000	0.1459	0.0165	0.0000	0.2481	0.0152	0.0000	0.1121	2.8436	0.6452	16.0946	0.3438	0.3350	0.0275	4.7280	0.0000	18.8351	inf	283.0730	0.0035	0.4301	1.0000	7.1211	5.0000	10.9474	0.0047	0.0000	0.0047	0.0020	0.0000	0.0020	0.0027	0.0000	0.0027	0.9062	0.0032	0.9030	0.0035	0.0032	0.0003	0.9027	0.0000	0.9027	0.2975	0.2655	0.0320	0.1193	0.1113	0.0079	0.1782	0.1541	0.0241	0.3630	0.2346	0.1284	0.1721	0.1463	0.0258	0.1909	0.0883	0.1027	0.0063	0.0000	0.0207	0.8075	0.0000	19.3673	0.0032	0.0000	0.0128	2.4964	0.0136	7.0320	0.0205	0.0218	0.0128	4.7280	0.0000	8.7931	
53	144	0.1948	5	0	1	0	0	0	0	0	0	N	N	N	N	N	N	N	N	N	N	N	N	0.0094	0.0214	0.0001	0.4094	0.4396	0.0000	0.0000	0.0000	0.0004	0.0160	0.0180	0.0006	0.1047	0.1101	0.0000	0.0001	0.0000	0.0006	1.6941	0.8403	4.6617	0.2557	0.2505	0.0000	1.8332	1.3926	1.5690	0.0043	23.8519	-0.0012	0.0515	1.0000	8.5175	5.0000	23.1696	0.0047	0.0047	0.0000	0.0047	0.0047	0.0000	0.0000	0.0000	0.0000	0.1177	0.0047	0.1129	0.0012	0.0012	0.0000	0.1165	0.0036	0.1129	0.2930	0.2592	0.0338	0.0446	0.0424	0.0022	0.2484	0.2168	0.0316	0.3880	0.2246	0.1634	0.0706	0.0641	0.0065	0.3174	0.1605	0.1569	0.0528	0.8546	0.0009	6.2884	6.0088	0.0000	0.0002	0.0000	0.0009	0.3033	0.0211	0.6910	0.0166	0.0183	0.0000	0.3670	0.0222	0.7196
53	145	0.1694	8	1	2	0	0	0	0	0	0	N	Y	N	N	N	N	N	N	N	N	N	N	0.0000	0.0000	0.0000	0.0000	0.0000	0.0000	0.0000	0.0000	0.0000	0.0000	0.0000	0.0000	0.0000	0.0000	0.0000	0.0000	0.0000	0.0000	0.0000	0.0000	1.0000	1.0000	5.0000	1.0000	0.0000	0.0000	0.0000	0.0000	0.0000	0.0000	0.0000	0.0000	0.0000	0.0000	0.0000	0.0000	0.0000	0.0000	0.0000	0.0000	0.0000	0.0000	0.0321	0.0285	0.0036	0.0164	0.0151	0.0013	0.0157	0.0135	0.0022	0.0164	0.0073	0.0091	0.0011	0.0011	0.0000	0.0154	0.0063	0.0091	0.0000	0.0000	0.0000	0.0000	0.0000	0.0000	0.0000	0.0000	0.0000	0.0000	0.0000	0.0000	0.0000	0.0000	0.0000	0.0000	0.0000	0.0000											
53	146	0.1694	7	0	2	0	0	0	0	0	0	N	Y	N	N	N	N	N	N	N	N	N	N	0.0000	0.0000	0.0000	0.0000	0.0000	0.0000	0.0000	0.0000	0.0000	0.0000	0.0000	0.0000	0.0000	0.0000	0.0000	0.0000	0.0000	0.0000	0.0000	0.0000	1.0000	0.0003	5.0000	0.0000	0.0000	0.0000	0.0000	0.0000	0.0000	0.0000	0.0000	0.0000	0.0000	0.0000	0.0000	0.0000	0.0000	0.0000	0.0000	0.0000	0.0000	0.0000	0.0000	0.0000	0.0000	0.0000	0.0000	0.0000	0.0000	0.0000	0.0000	0.0000	0.0000	0.0000	0.0000	0.0000	0.0000	0.0000	0.0000	0.0000	0.0000	0.0000	0.0000	0.0000	0.0000	0.0000	0.0000	0.0000	0.0000	0.0000	0.0000	0.0000	0.0000	0.0000	0.0000	0.0000	0.0000	0.0000											
53	147	0.1508	6	0	1	0	0	0	0	0	0	N	N	N	N	N	N	N	N	N	N	N	N	0.4649	0.2149	0.0893	0.1081	0.0002	0.0002	0.0000	0.0004	0.0005	0.0000	0.0000	0.0000	0.0000	0.0004	0.0010	0.0000	0.0048	0.0042	0.0000	0.0000	0.0000	0.0000	0.0000	0.0000	-0.0000	-0.0000	1.0000	4.9449	5.0000	1.0063	0.0000	0.0000	0.0000	0.0000	0.0000	0.0000	0.0000	0.0000	0.0000	0.0000	0.0000	0.0000	0.0000	0.0000	0.0000	0.0000	0.0000	0.0000	0.1626	0.1460	0.0166	0.0701	0.0655	0.0046	0.0926	0.0805	0.0120	0.0558	0.0268	0.0290	0.0053	0.0051	0.0002	0.0504	0.0217	0.0288	1.0286	0.5501	0.0000	0.2280	0.2334	0.0000	0.0000	0.0000	0.0000	0.0002	0.0004	0.0000	0.0019	0.0020	0.0000	0.0000	0.0000	0.0000					
53	148	0.1342	5	0	1	0	0	0	0	0	0	N	N	N	N	N	N	N	N	N	N	N	N	5.3748	4.6113	8.3466	7.6670	9.1188	1.6276	10.2506	0.0268	0.0294	0.0024	0.0800	0.0849	0.0000	0.0003	0.0000	0.0030	0.0050	0.0064	0.0003	0.0104	0.0093	0.0000	0.0002	0.0000	0.0003	0.0086	0.2000	-0.0009	-0.0000	1.0000	3.4778	5.0000	1.2917	0.0035	0.0035	0.0000	0.0035	0.0035	0.0000	0.0000	0.0000	0.0000	0.0001	0.0000	0.0000	0.0000	0.0000	0.0000	0.0000	0.0000	0.0000	0.1309	0.1184	0.0125	0.0435	0.0410	0.0025	0.0874	0.0774	0.0100	0.0770	0.0421	0.0349	0.0169	0.0162	0.0007	0.0601	0.0258	0.0342	34.4131	24.7303	8.3466	27.0963	27.5730	0.0000	2.0550	0.0000	10.2506	0.0008	0.0012	0.0003	0.0030	0.0031	0.0000	0.0002	0.0000	0.0003		
53	149	0.0839	4	0	1	0	0	0	0	0	0	N	N	N	N	N	N	N	N	N	N	N	N	6190.1545	inf	0.0000	inf	inf	0.0000	0.0000	3.8894	4.4171	0.0000	95.8152	102.1180	0.0000	0.0000	0.0000	0.0000	0.0006	0.0000	0.0006	0.0000	0.0000	0.0000	0.0003	0.0000	0.0006	0.0000	inf	-0.2593	0.0000	1.0000	7.8050	5.0000	4.0035	0.9965	0.9965	0.0000	0.9965	0.9965	0.0000	0.0000	0.0000	0.0000	0.0000	0.0000	0.0000	0.0000	0.0000	0.0000	0.0000	0.0000	0.0000	0.2562	0.2256	0.0306	0.0104	0.0098	0.0006	0.2458	0.2158	0.0300	0.1932	0.1027	0.0904	0.0036	0.0036	0.0001	0.1895	0.0992	0.0904	15026.4281	inf	0.0000	inf	inf	0.0000	0.0000	0.0000	0.0000	0.0003	0.0000	0.0006	0.0000	0.0000	0.0000	0.0003	0.0000	0.0006		
53	150	0.2112	6	0	1	0	0	0	0	0	0	N	N	N	N	N	N	N	N	N	N	N	N	0.0159	0.0000	8.1055	0.0058	0.0000	inf	1.3703	5.3183	0.0007	0.0000	0.0056	0.0012	0.0000	0.0317	0.0005	0.0000	0.0038	0.0411	0.0834	0.0007	0.2054	0.2010	0.0000	0.0004	0.0000	0.0007	inf	0.1111	0.0001	-0.0003	1.0000	3.7255	5.0000	14.1767	0.0001	0.0000	0.0001	0.0000	0.0000	0.0000	0.0001	0.0000	0.0001	0.0008	0.0007	0.0001	0.0007	0.0007	0.0000	0.0001	0.0000	0.0001	0.1684	0.1486	0.0197	0.0336	0.0324	0.0013	0.1348	0.1163	0.0185	0.2867	0.1704	0.1164	0.0515	0.0475	0.0041	0.2352	0.1229	0.1123	0.2341	0.0000	8.1055	0.0852	0.0000	inf	1.5270	0.0000	5.3183	0.0028	0.0042	0.0007	0.0140	0.0152	0.0000	0.0003	0.0000	0.0007	
53	151	0.1948	5	0	1	0	0	0	0	0	0	N	N	N	N	N	N	N	N	N	N	N	N	0.0035	0.0069	0.0390	0.0387	0.0449	0.0030	0.0000	0.1215	0.0015	0.0015	0.0020	0.0052	0.0054	0.0000	0.0003	0.0000	0.0020	0.4352	0.2103	0.0502	0.1355	0.1194	0.0000	0.1019	0.0217	0.0168	0.1818	1.5717	-0.0000	0.0001	1.0000	1.4205	5.0000	4.0377	0.0001	0.0001	0.0000	0.0001	0.0001	0.0000	0.0000	0.0000	0.0000	0.0016	0.0006	0.0010	0.0006	0.0006	0.0000	0.0011	0.0001	0.0010	0.0858	0.0756	0.0102	0.0210	0.0205	0.0004	0.0649	0.0551	0.0098	0.1694	0.1067	0.0627	0.0490	0.0471	0.0019	0.1204	0.0596	0.0608	0.1584	0.2466	0.1240	0.4594	0.4510	0.0000	0.0350	0.0000	0.1256	0.0096	0.0059	0.0158	0.0114	0.0119	0.0000	0.0088	0.0012	0.0163	
53	152	0.0839	4	0	1	0	0	0	0	0	0	N	N	N	N	N	N	N	N	N	N	N	N	0.0000	0.2324	0.0000	0.4599	0.5710	0.0000	0.0000	0.0000	0.0001	0.0001	0.0000	0.0022	0.0024	0.0000	0.0000	0.0000	0.0000	3.6990	0.0004	16.6610	0.0049	0.0042	0.0000	4.0037	0.0023	17.6004	0.0000	50011.7494	-0.0000	0.4782	1.0000	6.4701	5.0000	12.4371	0.0000	0.0000	0.0000	0.0000	0.0000	0.0000	0.0000	0.0000	0.0000	1.0002	0.0000	1.0002	0.0000	0.0000	0.0000	1.0002	0.0000	1.0002	0.2212	0.1946	0.0266	0.0089	0.0083	0.0005	0.2123	0.1862	0.0261	0.2704	0.1421	0.1283	0.0053	0.0052	0.0001	0.2651	0.1369	0.1282	0.0000	0.7305	0.0000	1.1874	1.2450	0.0000	0.0000	0.0000	0.0000	3.6990	0.0001	7.7960	0.0019	0.0019	0.0000	3.7726	0.0001	7.8012	
54	55	0.6633	9	0	1	0	0	0	0	0	0	N	N	N	N	N	N	N	N	N	N	N	N	0.0000	0.0000	0.0000	0.0000	0.0000	0.0000	0.0000	0.0000	0.0000	0.0000	0.0000	0.0000	0.0000	0.0000	0.0000	0.0000	0.0000	0.0000	0.0000	0.0000	0.0000	2.0000	2.9157	3.0000	0.0000	0.0000	0.0000	0.0000	0.0000	0.0000	0.0000	0.0000	0.0000	0.0000	0.0000	0.0000	0.0000	0.0000	0.0000	0.0000	0.0000	0.0000	0.0000	0.0000	0.0000	0.0000	0.0000	0.0000	0.0000	0.0000	0.0000	0.0272	0.0159	0.0113	0.0136	0.0122	0.0014	0.0137	0.0038	0.0099	0.0000	0.0000	0.0000	0.0000	0.0000	0.0000	0.0000	0.0000	0.0000	0.0000	0.0000	0.0000	0.0000	0.0000	0.0000	0.0000	0.0000	0.0000											
54	56	0.0230	2	0	1	0	1	0	0	0	0	N	N	N	N	N	N	N	N	N	N	N	N	inf	inf	inf	inf	0.7826	1.3596	0.0000	1.6933	1.6934	0.0000	0.0000	0.0000	0.0000	0.0000	0.0000	0.0000	0.0000	0.0000	0.0000	0.0000	0.0000	0.0000	0.0000	-0.0000	0.0000	0.0000	1.7218	2.9157	6.9557	0.0000	0.0000	0.0000	0.0000	0.0000	0.0000	0.0000	0.0000	0.0000	0.0000	0.0000	0.0000	0.0000	0.0000	0.0000	0.0000	0.0000	0.0000	0.0000	0.0000	0.0000	0.0000	0.0000	0.0000	0.0000	0.0000	0.0000	0.0934	0.0491	0.0443	0.0076	0.0075	0.0000	0.0858	0.0415	0.0443	inf	inf	0.0000	inf	inf	0.0000	0.0000	0.0000	0.0000	0.0000	0.0000	0.0000	0.0000	0.0000	0.0000	0.0000	0.0000	0.0000						
54	57	0.0944	4	1	0	1	0	0	0	0	0	N	N	N	N	N	N	N	N	N	N	N	N	inf	inf	inf	inf	1.9540	0.0000	19.1267	2.6949	0.0000	30.0075	0.0000	0.0000	0.0000	0.0000	0.0000	0.0000	0.0000	0.0000	0.0000	0.0000	0.0000	0.0000	inf	0.0000	0.0000	0.0000	8.9999	2.9157	5.0001	0.0000	0.0000	0.0000	0.0000	0.0000	0.0000	0.0000	0.0000	0.0000	0.0000	0.0000	0.0000	0.0000	0.0000	0.0000	0.0000	0.0000	0.0000	0.0000	0.0000	0.0000	0.0000	0.0000	0.0000	0.0000	0.0000	0.0000	0.0858	0.0409	0.0449	0.0125	0.0125	0.0001	0.0732	0.0284	0.0448	inf	0.0000	inf	inf	0.0000	inf	0.0000	0.0000	0.0000	0.0000	0.0000	0.0000	0.0000	0.0000	0.0000	0.0000	0.0000	0.0000						
54	58	0.6093	6	1	0	1	0	0	0	0	0	N	N	N	N	N	N	N	N	N	N	N	N	0.0000	0.0000	0.0000	0.0000	0.0000	0.0000	0.0000	0.0000	0.0000	0.0000	0.0000	0.0000	0.0000	0.0000	0.0000	0.0000	0.0000	0.0000	0.0000	0.0000	0.0000	0.0000	2.9157	1.0000	0.0000	0.0000	0.0000	0.0000	0.0000	0.0000	0.0000	0.0000	0.0000	0.0000	0.0000	0.0000	0.0000	0.0000	0.0000	0.0000	0.0000	0.0000	0.0000	0.0000	0.0000	0.0000	0.0000	0.0000	0.0000	0.0000	0.0000	0.0026	0.0013	0.0012	0.0009	0.0008	0.0001	0.0016	0.0005	0.0011	0.0000	0.0000	0.0000	0.0000	0.0000	0.0000	0.0000	0.0000	0.0000	0.0000	0.0000	0.0000	0.0000	0.0000	0.0000	0.0000	0.0000	0.0000											
54	59	0.0596	3	0	0	1	0	0	0	0	0	N	N	N	N	N	N	N	N	N	N	N	N	9.2180	0.0000	207.7785	0.0000	0.0000	0.0000	114.3665	172.5695	0.2287	0.0000	0.4888	0.0000	0.0000	0.0000	0.4445	0.0000	0.4888	0.0248	0.0155	0.0024	0.0133	0.0135	0.0000	0.0039	0.0000	0.0028	inf	0.5738	0.0000	-0.0000	0.0000	0.0006	2.9157	1.1867	0.0000	0.0000	0.0000	0.0000	0.0000	0.0000	0.0000	0.0000	0.0000	0.0000	0.0000	0.0000	0.0000	0.0000	0.0000	0.0000	0.0000	0.0000	0.0000	0.0000	0.0000	0.0000	0.0000	0.0000	0.0000	0.0000	0.0000	0.0206	0.0138	0.0068	0.0082	0.0070	0.0012	0.0124	0.0067	0.0057	106.8083	0.0000	207.7785	0.0000	0.0000	0.0000	343.4597	0.0000	172.5695	0.0021	0.0020	0.0024	0.0034	0.0040	0.0000	0.0013	0.0000	0.0028	
54	60	0.0230	2	0	0	0	0	0	0	0	0	N	N	N	N	N	N	N	N	N	N	N	N	75.5141	0.1270	961.6167	0.0229	0.0266	1233.9029	961.3347	0.2909	0.0003	0.7166	0.0004	0.0004	0.0000	0.5312	0.0000	0.7166	0.0039	0.0022	0.0007	0.0161	0.0138	0.0000	0.0004	0.0000	0.0007	1750.1526	1.0743	0.0000	-0.0000	0.0000	2.2785	2.9157	4.8627	0.0000	0.0000	0.0000	0.0000	0.0000	0.0000	0.0000	0.0000	0.0000	0.0001	0.0000	0.0000	0.0000	0.0000	0.0000	0.0000	0.0000	0.0000	0.0000	0.0000	0.0000	0.0000	0.0000	0.0000	0.0000	0.0000	0.0000	0.0795	0.0419	0.0376	0.0065	0.0065	0.0000	0.0731	0.0355	0.0376	427.7164	0.4496	961.6167	0.0910	0.0908	0.0000	1385.4745	0.0000	961.3347	0.0007	0.0006	0.0007	0.0040	0.0040	0.0000	0.0004	0.0000	0.0007		
54	61	0.6873	10	0	0	1	0	0	0	0	0	N	N	N	N	N	N	N	N	N	N	N	N	0.0000	0.0000	0.0000	0.0000	0.0000	0.0000	0.0000	0.0000	0.0000	0.0000	0.0000	0.0000	0.0000	0.0000	0.0000	0.0000	0.0001	0.0003	0.0000	0.0004	0.0004	0.0000	0.0000	0.0000	0.0000	0.0021	0.0000	-0.0000	0.0000	1.0901	2.9157	7.9319	0.0000	0.0000	0.0000	0.0000	0.0000	0.0000	0.0000	0.0000	0.0000	0.0000	0.0000	0.0000	0.0000	0.0000	0.0000	0.0000	0.0000	0.0000	0.0000	0.0000	0.0000	0.0000	0.0000	0.0000	0.0000	0.0000	0.0000	0.0546	0.0321	0.0225	0.0264	0.0236	0.0028	0.0282	0.0085	0.0197	0.0000	0.0000	0.0000	0.0000	0.0000	0.0000	0.0000	0.0000	0.0000	0.0000	0.0000	0.0000	0.0000	0.0000	0.0000	0.0000	0.0000	0.0000			
54	62	0.6572	9	0	0	0	0	0	0	0	0	N	N	N	N	N	N	N	N	N	N	N	N	3.9715	12.3601	0.0000	13.3863	15.9794	0.0000	0.0000	0.0007	0.0008	0.0000	0.0010	0.0010	0.0000	0.0000	0.0000	0.0000	0.0002	0.0001	0.0001	0.0001	0.0001	0.0000	0.0001	0.0000	0.0001	0.0000	302.1856	-0.0000	0.0000	0.0000	1.6797	2.9157	2.9843	0.0000	0.0000	0.0000	0.0000	0.0000	0.0000	0.0000	0.0000	0.0000	0.0000	0.0000	0.0000	0.0000	0.0000	0.0000	0.0000	0.0000	0.0000	0.0000	0.0000	0.0000	0.0000	0.0000	0.0000	0.0000	0.0000	0.0000	0.0258	0.0151	0.0107	0.0125	0.0113	0.0013	0.0132	0.0038	0.0094	15.7786	3102.9930	0.0000	3245.6358	3094.7642	0.0000	0.0000	0.0000	0.0000	0.0000	0.0000	0.0001	0.0000	0.0000	0.0000	0.0001	0.0000	0.0001		
54	63	0.6471	8	0	0	0	0	0	0	0	0	N	N	N	N	N	N	N	N	N	N	N	N	535.9887	inf	0.0000	inf	inf	761.6426	inf	0.0000	0.0310	0.0335	0.0000	0.0433	0.0457	0.0000	0.0025	0.0029	0.0000	0.0001	0.0000	0.0000	0.0000	0.0000	0.0000	0.0000	0.0000	0.0000	0.0000	inf	-0.0000	0.0000	0.0000	0.4935	2.9157	1.5835	0.0000	0.0000	0.0000	0.0000	0.0000	0.0000	0.0000	0.0000	0.0000	0.0000	0.0000	0.0000	0.0000	0.0000	0.0000	0.0000	0.0000	0.0000	0.0000	0.0000	0.0000	0.0000	0.0000	0.0000	0.0000	0.0000	0.0000	0.0115	0.0067	0.0048	0.0057	0.0051	0.0006	0.0058	0.0016	0.0042	17990.4647	inf	0.0000	inf	inf	0.0000	761.6426	inf	0.0000	0.0000	0.0000	0.0000	0.0000	0.0000	0.0000	0.0000	0.0000	0.0000	
54	64	0.6840	10	0	1	0	0	0	0	0	0	N	N	N	N	N	N	N	N	N	N	N	N	inf	inf	inf	inf	0.0020	0.0023	0.0000	0.0023	0.0026	0.0000	0.0000	0.0000	0.0000	0.0000	0.0000	0.0000	0.0000	0.0000	0.0000	0.0000	0.0000	0.0000	0.0000	-0.0000	0.0000	0.0000	0.2944	2.9157	1.0083	0.0000	0.0000	0.0000	0.0000	0.0000	0.0000	0.0000	0.0000	0.0000	0.0000	0.0000	0.0000	0.0000	0.0000	0.0000	0.0000	0.0000	0.0000	0.0000	0.0000	0.0000	0.0000	0.0000	0.0000	0.0000	0.0000	0.0000	0.0072	0.0042	0.0030	0.0036	0.0033	0.0004	0.0035	0.0009	0.0026	inf	inf	0.0000	inf	inf	0.0000	0.0000	0.0000	0.0000	0.0000	0.0000	0.0000	0.0000	0.0000	0.0000	0.0000	0.0000	0.0000						
54	65	0.6633	9	0	0	0	0	0	0	0	0	N	N	N	N	N	N	N	N	N	N	N	N	inf	inf	inf	inf	0.0005	0.0006	0.0000	0.0007	0.0008	0.0000	0.0000	0.0000	0.0000	0.0000	0.0000	0.0000	0.0000	0.0000	0.0000	0.0000	0.0000	0.0000	0.0000	-0.0000	0.0000	0.0000	1.1351	2.9157	2.0429	0.0000	0.0000	0.0000	0.0000	0.0000	0.0000	0.0000	0.0000	0.0000	0.0000	0.0000	0.0000	0.0000	0.0000	0.0000	0.0000	0.0000	0.0000	0.0000	0.0000	0.0000	0.0000	0.0000	0.0000	0.0000	0.0000	0.0000	0.0177	0.0104	0.0073	0.0088	0.0079	0.0009	0.0089	0.0025	0.0064	inf	inf	0.0000	inf	inf	0.0000	0.0000	0.0000	0.0000	0.0000	0.0000	0.0000	0.0000	0.0000	0.0000	0.0000	0.0000	0.0000						
54	66	0.6471	8	0	0	0	0	0	0	0	0	N	N	N	N	N	N	N	N	N	N	N	N	568.5814	inf	0.0000	inf	inf	1060.3770	inf	0.0000	0.0297	0.0321	0.0000	0.0415	0.0437	0.0000	0.0025	0.0029	0.0000	0.0001	0.0000	0.0000	0.0000	0.0000	0.0000	0.0000	0.0000	0.0000	0.0000	inf	-0.0000	0.0000	0.0000	0.4912	2.9157	2.4266	0.0000	0.0000	0.0000	0.0000	0.0000	0.0000	0.0000	0.0000	0.0000	0.0000	0.0000	0.0000	0.0000	0.0000	0.0000	0.0000	0.0000	0.0000	0.0000	0.0000	0.0000	0.0000	0.0000	0.0000	0.0000	0.0000	0.0000	0.0160	0.0093	0.0067	0.0080	0.0071	0.0008	0.0080	0.0022	0.0059	24712.9285	inf	0.0000	inf	inf	0.0000	1060.3770	inf	0.0000	0.0000	0.0000	0.0000	0.0000	0.0000	0.0000	0.0000	0.0000	0.0000	
54	67	0.6420	7	0	0	0	0	0	0	0	0	N	N	N	N	N	N	N	N	N	N	N	N	747.7018	478.4929	0.0000	303.4807	349.8666	5260.3621	inf	0.0000	0.2415	0.2549	0.0000	0.2201	0.2319	0.0000	0.4678	0.5044	0.0000	0.0003	0.0005	0.0001	0.0007	0.0007	0.0000	0.0001	0.0000	0.0001	0.0000	0.2572	-0.0000	-0.0000	0.0000	0.6141	2.9157	1.2701	0.0000	0.0000	0.0000	0.0000	0.0000	0.0000	0.0000	0.0000	0.0000	0.0000	0.0000	0.0000	0.0000	0.0000	0.0000	0.0000	0.0000	0.0000	0.0000	0.0000	0.0000	0.0000	0.0000	0.0000	0.0000	0.0000	0.0000	0.0108	0.0063	0.0044	0.0054	0.0048	0.0005	0.0054	0.0015	0.0039	1776.6803	1386.2980	0.0000	1012.6265	960.5201	0.0000	8454.1278	inf	0.0000	0.0001	0.0002	0.0001	0.0002	0.0002	0.0000	0.0001	0.0000	0.0001	
54	68	0.6093	6	1	1	1	0	0	0	0	0	N	N	N	N	N	N	N	N	N	N	N	N	0.0000	0.0000	0.0000	0.0000	0.0000	0.0000	0.0000	0.0000	0.0000	0.0000	0.0000	0.0000	0.0000	0.0000	0.0000	0.0000	0.0000	0.0000	0.0000	0.0000	0.0000	0.0000	2.9157	0.0000	0.0000	0.0000	0.0000	0.0000	0.0000	0.0000	0.0000	0.0000	0.0000	0.0000	0.0000	0.0000	0.0000	0.0000	0.0000	0.0000	0.0000	0.0000	0.0000	0.0000	0.0000	0.0000	0.0000	0.0000	0.0000	0.0000	0.0000	0.0000	0.0000	0.0000	0.0000	0.0000	0.0000	0.0000	0.0000	0.0000	0.0000	0.0000	0.0000	0.0000	0.0000	0.0000	0.0000	0.0000	0.0000	0.0000	0.0000	0.0000	0.0000	0.0000	0.0000	0.0000	0.0000	0.0000											
54	69	0.1398	6	1	1	1	0	0	0	0	0	N	N	N	N	N	N	N	N	N	N	N	N	0.0000	0.0000	0.0000	0.0000	0.0000	0.0000	0.0000	0.0000	0.0000	0.0000	0.0000	0.0000	0.0000	0.0000	0.0000	0.0000	0.0000	0.0000	0.0000	0.0000	0.0000	1.0000	2.9157	0.0000	0.0000	0.0000	0.0000	0.0000	0.0000	0.0000	0.0000	0.0000	0.0000	0.0000	0.0000	0.0000	0.0000	0.0000	0.0000	0.0000	0.0000	0.0000	0.0000	0.0000	0.0000	0.0000	0.0000	0.0000	0.0000	0.0000	0.0000	0.0049	0.0023	0.0026	0.0004	0.0004	0.0000	0.0045	0.0019	0.0026	0.0000	0.0000	0.0000	0.0000	0.0000	0.0000	0.0000	0.0000	0.0000	0.0000	0.0000	0.0000	0.0000	0.0000	0.0000	0.0000	0.0000	0.0000											
54	70	0.1398	6	1	1	1	0	0	0	0	0	N	N	N	N	N	N	N	N	N	N	N	N	0.0000	0.0000	0.0000	0.0000	0.0000	0.0000	0.0000	0.0000	0.0000	0.0000	0.0000	0.0000	0.0000	0.0000	0.0000	0.0000	0.0000	0.0000	0.0000	0.0000	0.0000	0.0000	2.9157	0.0000	0.0000	0.0000	0.0000	0.0000	0.0000	0.0000	0.0000	0.0000	0.0000	0.0000	0.0000	0.0000	0.0000	0.0000	0.0000	0.0000	0.0000	0.0000	0.0000	0.0000	0.0000	0.0000	0.0000	0.0000	0.0000	0.0000	0.0000	0.0000	0.0000	0.0000	0.0000	0.0000	0.0000	0.0000	0.0000	0.0000	0.0000	0.0000	0.0000	0.0000	0.0000	0.0000	0.0000	0.0000	0.0000	0.0000	0.0000	0.0000	0.0000	0.0000	0.0000	0.0000	0.0000	0.0000											
54	71	0.1174	5	1	1	1	0	0	0	0	0	N	N	N	N	N	N	N	N	N	N	N	N	0.0000	0.0000	0.0000	0.0000	0.0000	0.0000	0.0000	0.0000	0.0000	0.0000	0.0000	0.0000	0.0000	0.0000	0.0000	0.0000	0.0000	0.0000	0.0000	0.0000	0.0000	2.0000	2.9157	1.0000	0.0000	0.0000	0.0000	0.0000	0.0000	0.0000	0.0000	0.0000	0.0000	0.0000	0.0000	0.0000	0.0000	0.0000	0.0000	0.0000	0.0000	0.0000	0.0000	0.0000	0.0000	0.0000	0.0000	0.0000	0.0000	0.0000	0.0000	0.0155	0.0073	0.0082	0.0011	0.0010	0.0000	0.0144	0.0063	0.0081	0.0000	0.0000	0.0000	0.0000	0.0000	0.0000	0.0000	0.0000	0.0000	0.0000	0.0000	0.0000	0.0000	0.0000	0.0000	0.0000	0.0000	0.0000											
54	72	0.0944	4	1	0	1	0	0	0	0	0	N	N	N	N	N	N	N	N	N	N	N	N	0.0000	0.0000	0.0000	0.0000	0.0000	0.0000	0.0000	0.0000	0.0000	0.0000	0.0000	0.0000	0.0000	0.0000	0.0000	0.0000	0.0000	0.0000	0.0000	0.0000	0.0000	1.0017	2.9157	2.0007	0.0000	0.0000	0.0000	0.0000	0.0000	0.0000	0.0000	0.0000	0.0000	0.0000	0.0000	0.0000	0.0000	0.0000	0.0000	0.0000	0.0000	0.0000	0.0000	0.0000	0.0000	0.0000	0.0000	0.0000	0.0000	0.0000	0.0000	0.0203	0.0096	0.0107	0.0029	0.0029	0.0000	0.0174	0.0067	0.0107	0.0000	0.0000	0.0000	0.0000	0.0000	0.0000	0.0000	0.0000	0.0000	0.0000	0.0000	0.0000	0.0000	0.0000	0.0000	0.0000	0.0000	0.0000											
54	73	0.6285	7	1	1	0	0	0	0	0	0	N	N	N	N	N	N	N	N	N	N	N	N	0.0000	0.0000	0.0000	0.0000	0.0000	0.0000	0.0000	0.0000	0.0000	0.0000	0.0000	0.0000	0.0000	0.0000	0.0000	0.0000	0.0000	0.0000	-0.0000	0.0000	0.0000	0.0000	2.9157	0.0000	0.0000	0.0000	0.0000	0.0000	0.0000	0.0000	0.0000	0.0000	0.0000	0.0000	0.0000	0.0000	0.0000	0.0000	0.0000	0.0000	0.0000	0.0000	0.0000	0.0000	0.0000	0.0000	0.0000	0.0000	0.0000	0.0000	0.0000	0.0000	0.0000	0.0000	0.0000	0.0000	0.0000	0.0000	0.0000	0.0000	0.0000	0.0000	0.0000	0.0000	0.0000	0.0000	0.0000	0.0000	0.0000	0.0000	0.0000	0.0000	0.0000	0.0000	0.0000	0.0000	0.0000	0.0000											
54	74	0.1214	5	1	1	0	0	0	0	0	0	N	N	N	N	N	N	N	N	N	N	N	N	0.0000	0.0000	0.0000	0.0000	0.0000	0.0000	0.0000	0.0000	0.0000	0.0000	0.0000	0.0000	0.0000	0.0000	0.0000	0.0000	0.0000	0.0000	0.0000	0.0000	0.0000	0.0000	2.9157	0.0010	0.0000	0.0000	0.0000	0.0000	0.0000	0.0000	0.0000	0.0000	0.0000	0.0000	0.0000	0.0000	0.0000	0.0000	0.0000	0.0000	0.0000	0.0000	0.0000	0.0000	0.0000	0.0000	0.0000	0.0000	0.0000	0.0000	0.0000	0.0024	0.0019	0.0005	0.0012	0.0012	0.0000	0.0012	0.0007	0.0005	0.0000	0.0000	0.0000	0.0000	0.0000	0.0000	0.0000	0.0000	0.0000	0.0000	0.0000	0.0000	0.0000	0.0000	0.0000	0.0000	0.0000	0.0000											
54	75	0.0346	3	0	1	0	1	0	0	0	0	N	N	N	N	N	N	N	N	N	N	N	N	0.0000	0.0000	0.0000	0.0000	0.0000	0.0000	0.0000	0.0000	0.0000	0.0000	0.0000	0.0000	0.0000	0.0000	0.0000	0.0000	0.0000	0.0000	0.0000	0.0000	0.0000	0.0000	2.9157	0.0000	0.0000	0.0000	0.0000	0.0000	0.0000	0.0000	0.0000	0.0000	0.0000	0.0000	0.0000	0.0000	0.0000	0.0000	0.0000	0.0000	0.0000	0.0000	0.0000	0.0000	0.0000	0.0000	0.0000	0.0000	0.0000	0.0000	0.0000	0.0000	0.0000	0.0000	0.0000	0.0000	0.0000	0.0000	0.0000	0.0000	0.0000	0.0000	0.0000	0.0000	0.0000	0.0000	0.0000	0.0000	0.0000	0.0000	0.0000	0.0000	0.0000	0.0000	0.0000	0.0000	0.0000	0.0000											
54	76	0.0346	3	0	0	0	1	0	0	0	0	N	N	N	N	N	N	N	N	N	N	N	N	0.0000	0.0000	0.0000	0.0000	0.0000	0.0000	0.0000	0.0000	0.0000	0.0000	0.0000	0.0000	0.0000	0.0000	0.0000	0.0000	0.0000	0.0000	0.0000	0.0000	0.0000	0.0000	2.9157	0.0000	0.0000	0.0000	0.0000	0.0000	0.0000	0.0000	0.0000	0.0000	0.0000	0.0000	0.0000	0.0000	0.0000	0.0000	0.0000	0.0000	0.0000	0.0000	0.0000	0.0000	0.0000	0.0000	0.0000	0.0000	0.0000	0.0000	0.0000	0.0000	0.0000	0.0000	0.0000	0.0000	0.0000	0.0000	0.0000	0.0000	0.0000	0.0000	0.0000	0.0000	0.0000	0.0000	0.0000	0.0000	0.0000	0.0000	0.0000	0.0000	0.0000	0.0000	0.0000	0.0000	0.0000	0.0000											
54	77	0.0193	2	0	0	0	1	0	0	0	0	N	N	N	N	N	N	N	N	N	N	N	N	0.0000	0.0000	0.0000	0.0000	0.0000	0.0000	0.0000	0.0000	0.0000	0.0000	0.0000	0.0000	0.0000	0.0000	0.0000	0.0000	0.0000	2.7237	2.3705	11.6461	3.0162	3.1052	0.0000	3.8209	0.0007	11.1736	6.3048	0.0000	0.2002	0.0000	0.0002	2.9157	2.9297	0.0000	0.0000	0.0000	0.0000	0.0000	0.0000	0.0000	0.0000	0.0000	0.5867	0.0803	0.5064	0.0803	0.0803	0.0000	0.5064	0.0000	0.5064	0.0000	0.0000	0.0000	0.0000	0.0000	0.0000	0.0000	0.0000	0.0000	0.2798	0.1470	0.1328	0.1334	0.1309	0.0025	0.1464	0.0160	0.1304	0.0000	0.0000	0.0000	0.0000	0.0000	0.0000	0.0000	0.0000	0.0000	2.0969	0.5465	3.8122	0.6022	0.6135	0.0000	3.4584	0.0000	3.8841		
54	80	0.1270	6	0	1	1	0	0	0	0	0	N	N	N	N	N	N	N	N	N	N	N	N	0.0000	0.0000	0.0000	0.0000	0.0000	0.0000	0.0000	0.0000	0.0000	0.0000	0.0000	0.0000	0.0000	0.0000	0.0000	0.0000	0.0000	0.0000	0.0000	0.0000	0.0000	0.0029	2.9157	2.0135	0.0000	0.0000	0.0000	0.0000	0.0000	0.0000	0.0000	0.0000	0.0000	0.0000	0.0000	0.0000	0.0000	0.0000	0.0000	0.0000	0.0000	0.0000	0.0000	0.0000	0.0000	0.0000	0.0000	0.0000	0.0000	0.0000	0.0000	0.0138	0.0068	0.0070	0.0024	0.0023	0.0000	0.0114	0.0045	0.0070	0.0000	0.0000	0.0000	0.0000	0.0000	0.0000	0.0000	0.0000	0.0000	0.0000	0.0000	0.0000	0.0000	0.0000	0.0000	0.0000	0.0000	0.0000											
54	81	0.1204	5	0	1	0	0	0	0	0	0	N	N	N	N	N	N	N	N	N	N	N	N	3.6028	1.6822	0.9146	1.2448	0.0015	0.0017	0.0000	0.0021	0.0022	0.0000	0.0000	0.0000	0.0000	0.0004	0.0010	0.0000	0.0023	0.0018	0.0000	0.0000	0.0000	0.0000	0.0000	0.0003	-0.0000	-0.0000	0.0000	0.6188	2.9157	0.9475	0.0000	0.0000	0.0000	0.0000	0.0000	0.0000	0.0000	0.0000	0.0000	0.0000	0.0000	0.0000	0.0000	0.0000	0.0000	0.0000	0.0000	0.0000	0.0000	0.0000	0.0000	0.0000	0.0000	0.0000	0.0000	0.0000	0.0000	0.0120	0.0059	0.0061	0.0024	0.0024	0.0000	0.0096	0.0035	0.0061	8.0146	4.3210	0.0000	2.1691	2.2873	0.0000	0.0000	0.0000	0.0000	0.0002	0.0004	0.0000	0.0010	0.0010	0.0000	0.0000	0.0000	0.0000					
54	82	0.6317	7	0	1	1	0	0	0	0	0	N	N	N	N	N	N	N	N	N	N	N	N	0.0000	0.0000	0.0000	0.0000	0.0000	0.0000	0.0000	0.0000	0.0000	0.0000	0.0000	0.0000	0.0000	0.0000	0.0000	0.0000	0.0000	0.0000	0.0000	0.0000	0.0000	0.0000	2.9157	1.0000	0.0000	0.0000	0.0000	0.0000	0.0000	0.0000	0.0000	0.0000	0.0000	0.0000	0.0000	0.0000	0.0000	0.0000	0.0000	0.0000	0.0000	0.0000	0.0000	0.0000	0.0000	0.0000	0.0000	0.0000	0.0000	0.0000	0.0000	0.0060	0.0034	0.0026	0.0029	0.0026	0.0003	0.0031	0.0009	0.0023	0.0000	0.0000	0.0000	0.0000	0.0000	0.0000	0.0000	0.0000	0.0000	0.0000	0.0000	0.0000	0.0000	0.0000	0.0000	0.0000	0.0000	0.0000											
54	83	0.0944	4	1	0	1	0	0	0	0	0	N	N	N	N	N	N	N	N	N	N	N	N	0.0000	0.0000	0.0000	0.0000	0.0000	0.0000	0.0000	0.0000	0.0000	0.0000	0.0000	0.0000	0.0000	0.0000	0.0000	0.0000	0.0000	0.0000	0.0000	0.0000	0.0000	9.0001	2.9157	3.0001	0.0000	0.0000	0.0000	0.0000	0.0000	0.0000	0.0000	0.0000	0.0000	0.0000	0.0000	0.0000	0.0000	0.0000	0.0000	0.0000	0.0000	0.0000	0.0000	0.0000	0.0000	0.0000	0.0000	0.0000	0.0000	0.0000	0.0000	0.0748	0.0356	0.0392	0.0109	0.0109	0.0001	0.0639	0.0247	0.0392	0.0000	0.0000	0.0000	0.0000	0.0000	0.0000	0.0000	0.0000	0.0000	0.0000	0.0000	0.0000	0.0000	0.0000	0.0000	0.0000	0.0000	0.0000											
54	84	0.6093	6	1	0	1	0	0	0	0	0	N	N	N	N	N	N	N	N	N	N	N	N	0.0000	0.0000	0.0000	0.0000	0.0000	0.0000	0.0000	0.0000	0.0000	0.0000	0.0000	0.0000	0.0000	0.0000	0.0000	0.0000	0.0000	0.0000	0.0000	0.0000	0.0000	4.0000	2.9157	0.0000	0.0000	0.0000	0.0000	0.0000	0.0000	0.0000	0.0000	0.0000	0.0000	0.0000	0.0000	0.0000	0.0000	0.0000	0.0000	0.0000	0.0000	0.0000	0.0000	0.0000	0.0000	0.0000	0.0000	0.0000	0.0000	0.0000	0.0000	0.0099	0.0051	0.0048	0.0036	0.0031	0.0006	0.0063	0.0020	0.0043	0.0000	0.0000	0.0000	0.0000	0.0000	0.0000	0.0000	0.0000	0.0000	0.0000	0.0000	0.0000	0.0000	0.0000	0.0000	0.0000	0.0000	0.0000											
54	85	0.6554	7	1	1	0	0	0	0	0	0	N	N	N	N	N	N	N	N	N	N	N	N	0.0000	0.0000	0.0000	0.0000	0.0000	0.0000	0.0000	0.0000	0.0000	0.0000	0.0000	0.0000	0.0000	0.0000	0.0000	0.0000	0.0005	0.0005	0.0003	0.0007	0.0007	0.0000	0.0002	0.0000	0.0003	0.8784	-0.0000	-0.0000	0.0000	1.0086	2.9157	1.7435	0.0000	0.0000	0.0000	0.0000	0.0000	0.0000	0.0000	0.0000	0.0000	0.0000	0.0000	0.0000	0.0000	0.0000	0.0000	0.0000	0.0000	0.0000	0.0000	0.0000	0.0000	0.0000	0.0000	0.0000	0.0000	0.0000	0.0000	0.0199	0.0124	0.0075	0.0103	0.0094	0.0009	0.0096	0.0030	0.0066	0.0000	0.0000	0.0000	0.0000	0.0000	0.0000	0.0000	0.0000	0.0000	0.0002	0.0002	0.0003	0.0002	0.0002	0.0000	0.0002	0.0000	0.0003			
54	86	0.6093	6	1	1	0	0	0	0	0	0	N	N	N	N	N	N	N	N	N	N	N	N	0.0000	0.0000	0.0000	0.0000	0.0000	0.0000	0.0000	0.0000	0.0000	0.0000	0.0000	0.0000	0.0000	0.0004	0.0008	0.0000	0.0011	0.0010	0.0000	0.0000	0.0000	0.0000	0.0000	0.0000	-0.0000	0.0000	1.0165	2.9157	4.1395	0.0000	0.0000	0.0000	0.0000	0.0000	0.0000	0.0000	0.0000	0.0000	0.0000	0.0000	0.0000	0.0000	0.0000	0.0000	0.0000	0.0000	0.0000	0.0000	0.0000	0.0000	0.0000	0.0000	0.0000	0.0000	0.0000	0.0000	0.0126	0.0065	0.0061	0.0046	0.0039	0.0007	0.0080	0.0026	0.0054	0.0000	0.0000	0.0000	0.0000	0.0000	0.0000	0.0000	0.0000	0.0000	0.0002	0.0003	0.0000	0.0004	0.0005	0.0000	0.0000	0.0000	0.0000						
54	87	0.0532	3	1	1	0	0	0	0	0	0	N	N	N	N	N	N	N	N	N	N	N	N	0.0000	0.0000	0.0000	0.0000	0.0000	0.0000	0.0000	0.0000	0.0000	0.0000	0.0000	0.0000	0.0000	0.0011	0.0026	0.0000	0.0161	0.0145	0.0000	0.0000	0.0000	0.0000	0.0000	0.0000	-0.0000	0.0000	9.0005	2.9157	5.0000	0.0000	0.0000	0.0000	0.0000	0.0000	0.0000	0.0000	0.0000	0.0000	0.0001	0.0001	0.0000	0.0001	0.0001	0.0000	0.0000	0.0000	0.0000	0.0000	0.0000	0.0000	0.0000	0.0000	0.0000	0.0000	0.0000	0.0000	0.1335	0.0706	0.0630	0.0120	0.0119	0.0000	0.1216	0.0586	0.0629	0.0000	0.0000	0.0000	0.0000	0.0000	0.0000	0.0000	0.0000	0.0000	0.0004	0.0007	0.0000	0.0042	0.0042	0.0000	0.0000	0.0000	0.0000						
54	88	0.6317	7	0	1	0	0	0	0	0	0	N	N	N	N	N	N	N	N	N	N	N	N	0.0000	0.0000	0.0000	0.0000	0.0000	0.0000	0.0000	0.0000	0.0000	0.0000	0.0000	0.0000	0.0000	0.0000	0.0000	0.0000	0.0000	0.0000	0.0000	0.0000	0.0000	0.0000	2.9157	0.0000	0.0000	0.0000	0.0000	0.0000	0.0000	0.0000	0.0000	0.0000	0.0000	0.0000	0.0000	0.0000	0.0000	0.0000	0.0000	0.0000	0.0000	0.0000	0.0000	0.0000	0.0000	0.0000	0.0000	0.0000	0.0000	0.0000	0.0000	0.0000	0.0000	0.0000	0.0000	0.0000	0.0000	0.0000	0.0000	0.0000	0.0000	0.0000	0.0000	0.0000	0.0000	0.0000	0.0000	0.0000	0.0000	0.0000	0.0000	0.0000	0.0000	0.0000	0.0000	0.0000	0.0000	0.0000											
54	89	0.1204	5	0	1	0	0	0	0	0	0	N	N	N	N	N	N	N	N	N	N	N	N	0.0000	0.0000	0.0000	0.0000	0.0000	0.0000	0.0000	0.0000	0.0000	0.0000	0.0000	0.0000	0.0000	0.0000	0.0000	0.0000	0.0000	0.0000	0.0000	0.0000	0.0000	1.9953	2.9157	1.0817	0.0000	0.0000	0.0000	0.0000	0.0000	0.0000	0.0000	0.0000	0.0000	0.0000	0.0000	0.0000	0.0000	0.0000	0.0000	0.0000	0.0000	0.0000	0.0000	0.0000	0.0000	0.0000	0.0000	0.0000	0.0000	0.0000	0.0000	0.0219	0.0107	0.0112	0.0040	0.0039	0.0001	0.0179	0.0068	0.0112	0.0000	0.0000	0.0000	0.0000	0.0000	0.0000	0.0000	0.0000	0.0000	0.0000	0.0000	0.0000	0.0000	0.0000	0.0000	0.0000	0.0000	0.0000											
54	90	0.0944	4	0	1	0	0	0	0	0	0	N	N	N	N	N	N	N	N	N	N	N	N	inf	inf	inf	inf	0.0006	0.0006	0.0000	0.0008	0.0008	0.0000	0.0000	0.0000	0.0000	0.0000	0.0000	0.0000	0.0000	0.0000	0.0000	0.0000	0.0000	0.0000	0.1250	-0.0000	-0.0000	0.0000	2.3999	2.9157	4.0713	0.0000	0.0000	0.0000	0.0000	0.0000	0.0000	0.0000	0.0000	0.0000	0.0000	0.0000	0.0000	0.0000	0.0000	0.0000	0.0000	0.0000	0.0000	0.0000	0.0000	0.0000	0.0000	0.0000	0.0000	0.0000	0.0000	0.0000	0.0424	0.0201	0.0223	0.0061	0.0061	0.0000	0.0363	0.0140	0.0223	inf	inf	0.0000	inf	inf	0.0000	0.0000	0.0000	0.0000	0.0000	0.0000	0.0000	0.0000	0.0000	0.0000	0.0000	0.0000	0.0000						
54	91	0.0551	3	0	0	1	0	0	0	0	0	N	N	N	N	N	N	N	N	N	N	N	N	0.0000	0.0000	0.0000	0.0000	0.0000	0.0000	0.0000	0.0000	0.0000	0.0000	0.0000	0.0000	0.0000	0.0000	0.0000	0.0000	0.0000	0.0000	0.0000	0.0000	0.0000	0.0000	2.9157	0.0000	0.0000	0.0000	0.0000	0.0000	0.0000	0.0000	0.0000	0.0000	0.0000	0.0000	0.0000	0.0000	0.0000	0.0000	0.0000	0.0000	0.0000	0.0000	0.0000	0.0000	0.0000	0.0000	0.0000	0.0000	0.0000	0.0000	0.0000	0.0000	0.0000	0.0000	0.0000	0.0000	0.0000	0.0000	0.0000	0.0000	0.0000	0.0000	0.0000	0.0000	0.0000	0.0000	0.0000	0.0000	0.0000	0.0000	0.0000	0.0000	0.0000	0.0000	0.0000	0.0000	0.0000	0.0000											
54	92	0.0230	2	0	0	1	0	0	0	0	0	N	N	N	N	N	N	N	N	N	N	N	N	inf	inf	inf	inf	0.6948	1.0936	0.0000	1.6065	1.6067	0.0000	0.0000	0.0000	0.0000	0.0000	0.0000	0.0000	0.0000	0.0000	0.0000	0.0000	0.0000	0.0000	0.0000	-0.0000	0.0000	0.0000	3.7221	2.9157	2.9993	0.0000	0.0000	0.0000	0.0000	0.0000	0.0000	0.0000	0.0000	0.0000	0.0000	0.0000	0.0000	0.0000	0.0000	0.0000	0.0000	0.0000	0.0000	0.0000	0.0000	0.0000	0.0000	0.0000	0.0000	0.0000	0.0000	0.0000	0.0756	0.0399	0.0357	0.0062	0.0062	0.0000	0.0694	0.0337	0.0357	inf	inf	0.0000	inf	inf	0.0000	0.0000	0.0000	0.0000	0.0000	0.0000	0.0000	0.0000	0.0000	0.0000	0.0000	0.0000	0.0000						
54	94	0.1107	5	1	1	0	0	0	0	0	0	N	N	N	N	N	N	N	N	N	N	N	N	0.0000	0.0000	0.0000	0.0000	0.0000	0.0000	0.0000	0.0000	0.0000	0.0000	0.0000	0.0000	0.0000	0.0000	0.0000	0.0000	0.0000	0.0000	0.0000	0.0000	0.0000	5.9980	2.9157	4.9575	0.0000	0.0000	0.0000	0.0000	0.0000	0.0000	0.0000	0.0000	0.0000	0.0000	0.0000	0.0000	0.0000	0.0000	0.0000	0.0000	0.0000	0.0000	0.0000	0.0000	0.0000	0.0000	0.0000	0.0000	0.0000	0.0000	0.0000	0.0659	0.0327	0.0332	0.0110	0.0109	0.0001	0.0549	0.0217	0.0331	0.0000	0.0000	0.0000	0.0000	0.0000	0.0000	0.0000	0.0000	0.0000	0.0000	0.0000	0.0000	0.0000	0.0000	0.0000	0.0000	0.0000	0.0000											
54	95	0.6317	7	1	1	0	0	0	0	0	0	N	N	N	N	N	N	N	N	N	N	N	N	0.0000	0.0000	0.0000	0.0000	0.0000	0.0000	0.0000	0.0000	0.0000	0.0000	0.0000	0.0000	0.0000	0.0000	0.0000	0.0000	0.0000	0.0000	0.0000	0.0000	0.0000	0.0000	2.9157	2.0000	0.0000	0.0000	0.0000	0.0000	0.0000	0.0000	0.0000	0.0000	0.0000	0.0000	0.0000	0.0000	0.0000	0.0000	0.0000	0.0000	0.0000	0.0000	0.0000	0.0000	0.0000	0.0000	0.0000	0.0000	0.0000	0.0000	0.0000	0.0120	0.0068	0.0051	0.0058	0.0051	0.0006	0.0062	0.0017	0.0045	0.0000	0.0000	0.0000	0.0000	0.0000	0.0000	0.0000	0.0000	0.0000	0.0000	0.0000	0.0000	0.0000	0.0000	0.0000	0.0000	0.0000	0.0000											
54	96	0.6093	6	0	1	0	0	0	0	0	0	N	N	N	N	N	N	N	N	N	N	N	N	0.0000	0.0000	0.0000	0.0000	0.0000	0.0000	0.0000	0.0000	0.0000	0.0000	0.0000	0.0000	0.0000	0.0000	0.0000	0.0000	0.0000	0.0000	0.0000	0.0000	0.0000	4.0000	2.9157	0.0000	0.0000	0.0000	0.0000	0.0000	0.0000	0.0000	0.0000	0.0000	0.0000	0.0000	0.0000	0.0000	0.0000	0.0000	0.0000	0.0000	0.0000	0.0000	0.0000	0.0000	0.0000	0.0000	0.0000	0.0000	0.0000	0.0000	0.0000	0.0099	0.0051	0.0048	0.0036	0.0031	0.0006	0.0063	0.0020	0.0043	0.0000	0.0000	0.0000	0.0000	0.0000	0.0000	0.0000	0.0000	0.0000	0.0000	0.0000	0.0000	0.0000	0.0000	0.0000	0.0000	0.0000	0.0000											
54	97	0.0532	3	0	0	0	0	0	0	0	0	N	N	N	N	N	N	N	N	N	N	N	N	0.0000	0.0000	0.0000	0.0000	0.0000	0.0000	0.0000	0.0000	0.0000	0.0000	0.0000	0.0000	0.0000	0.0000	0.0000	0.0000	0.0000	0.0000	0.0000	0.0000	0.0000	3.9994	2.9157	4.0000	0.0000	0.0000	0.0000	0.0000	0.0000	0.0000	0.0000	0.0000	0.0000	0.0000	0.0000	0.0000	0.0000	0.0000	0.0000	0.0000	0.0000	0.0000	0.0000	0.0000	0.0000	0.0000	0.0000	0.0000	0.0000	0.0000	0.0000	0.0853	0.0455	0.0398	0.0071	0.0071	0.0000	0.0781	0.0384	0.0398	0.0000	0.0000	0.0000	0.0000	0.0000	0.0000	0.0000	0.0000	0.0000	0.0000	0.0000	0.0000	0.0000	0.0000	0.0000	0.0000	0.0000	0.0000											
54	98	0.6093	6	0	0	0	0	0	0	0	0	N	N	N	N	N	N	N	N	N	N	N	N	0.0000	0.0000	0.0000	0.0000	0.0000	0.0000	0.0000	0.0000	0.0000	0.0000	0.0000	0.0000	0.0000	0.0000	0.0000	0.0000	0.0000	0.0000	0.0000	0.0000	0.0000	1.0000	2.9157	0.0000	0.0000	0.0000	0.0000	0.0000	0.0000	0.0000	0.0000	0.0000	0.0000	0.0000	0.0000	0.0000	0.0000	0.0000	0.0000	0.0000	0.0000	0.0000	0.0000	0.0000	0.0000	0.0000	0.0000	0.0000	0.0000	0.0000	0.0000	0.0047	0.0024	0.0023	0.0017	0.0014	0.0003	0.0030	0.0010	0.0020	0.0000	0.0000	0.0000	0.0000	0.0000	0.0000	0.0000	0.0000	0.0000	0.0000	0.0000	0.0000	0.0000	0.0000	0.0000	0.0000	0.0000	0.0000											
54	99	0.1642	4	0	0	0	0	0	0	0	0	N	N	N	N	N	N	N	N	N	N	N	N	0.0000	0.0000	0.0000	0.0000	0.0000	0.0000	0.0000	0.0000	0.0000	0.0000	0.0000	0.0000	0.0000	0.0000	0.0000	0.0000	0.0000	1.6093	0.0004	3.0838	0.0007	0.0005	0.0072	1.8514	0.0000	1.0926	5781.4652	-0.0000	0.0277	0.0000	1.5982	2.9157	11.1970	0.0000	0.0000	0.0000	0.0000	0.0000	0.0000	0.0000	0.0000	0.0000	0.0579	0.0000	0.0579	0.0000	0.0000	0.0000	0.0579	0.0000	0.0579	0.0000	0.0000	0.0000	0.0000	0.0000	0.0000	0.0000	0.0000	0.0000	0.2322	0.1305	0.1018	0.0787	0.0769	0.0018	0.1535	0.0536	0.1000	0.0000	0.0000	0.0000	0.0000	0.0000	0.0000	0.0000	0.0000	0.0000	0.2493	0.0001	0.5688	0.0002	0.0001	0.0046	0.3770	0.0000	0.5790		
54	100	0.1122	6	1	1	1	0	0	0	0	0	N	N	N	N	N	N	N	N	N	N	N	N	0.0000	0.0000	0.0000	0.0000	0.0000	0.0000	0.0000	0.0000	0.0000	0.0000	0.0000	0.0000	0.0000	0.0000	0.0000	0.0000	0.0000	0.0000	0.0000	0.0000	0.0000	0.0000	2.9157	0.9982	0.0000	0.0000	0.0000	0.0000	0.0000	0.0000	0.0000	0.0000	0.0000	0.0000	0.0000	0.0000	0.0000	0.0000	0.0000	0.0000	0.0000	0.0000	0.0000	0.0000	0.0000	0.0000	0.0000	0.0000	0.0000	0.0000	0.0000	0.0066	0.0033	0.0033	0.0011	0.0011	0.0000	0.0055	0.0022	0.0033	0.0000	0.0000	0.0000	0.0000	0.0000	0.0000	0.0000	0.0000	0.0000	0.0000	0.0000	0.0000	0.0000	0.0000	0.0000	0.0000	0.0000	0.0000											
54	101	0.6440	9	1	1	1	0	0	0	0	0	N	N	N	N	N	N	N	N	N	N	N	N	0.0000	0.0000	0.0000	0.0000	0.0000	0.0000	0.0000	0.0000	0.0000	0.0000	0.0000	0.0000	0.0000	0.0000	0.0000	0.0000	0.0000	0.0000	0.0000	0.0000	0.0000	0.0000	2.9157	0.0000	0.0000	0.0000	0.0000	0.0000	0.0000	0.0000	0.0000	0.0000	0.0000	0.0000	0.0000	0.0000	0.0000	0.0000	0.0000	0.0000	0.0000	0.0000	0.0000	0.0000	0.0000	0.0000	0.0000	0.0000	0.0000	0.0000	0.0000	0.0000	0.0000	0.0000	0.0000	0.0000	0.0000	0.0000	0.0000	0.0000	0.0000	0.0000	0.0000	0.0000	0.0000	0.0000	0.0000	0.0000	0.0000	0.0000	0.0000	0.0000	0.0000	0.0000	0.0000	0.0000	0.0000	0.0000											
54	102	0.6440	8	1	0	1	0	0	0	0	0	N	N	N	N	N	N	N	N	N	N	N	N	0.0000	0.0000	0.0000	0.0000	0.0000	0.0000	0.0000	0.0000	0.0000	0.0000	0.0000	0.0000	0.0000	0.0000	0.0000	0.0000	0.0000	0.0000	0.0000	0.0000	0.0000	0.0000	2.9157	0.0000	0.0000	0.0000	0.0000	0.0000	0.0000	0.0000	0.0000	0.0000	0.0000	0.0000	0.0000	0.0000	0.0000	0.0000	0.0000	0.0000	0.0000	0.0000	0.0000	0.0000	0.0000	0.0000	0.0000	0.0000	0.0000	0.0000	0.0000	0.0000	0.0000	0.0000	0.0000	0.0000	0.0000	0.0000	0.0000	0.0000	0.0000	0.0000	0.0000	0.0000	0.0000	0.0000	0.0000	0.0000	0.0000	0.0000	0.0000	0.0000	0.0000	0.0000	0.0000	0.0000	0.0000	0.0000											
54	103	0.6380	7	1	0	1	0	0	0	0	0	N	N	N	N	N	N	N	N	N	N	N	N	0.0000	0.0000	0.0000	0.0000	0.0000	0.0000	0.0000	0.0000	0.0000	0.0000	0.0000	0.0000	0.0000	0.0000	0.0000	0.0000	0.0000	0.0000	0.0000	0.0000	0.0000	0.0000	2.9157	1.0091	0.0000	0.0000	0.0000	0.0000	0.0000	0.0000	0.0000	0.0000	0.0000	0.0000	0.0000	0.0000	0.0000	0.0000	0.0000	0.0000	0.0000	0.0000	0.0000	0.0000	0.0000	0.0000	0.0000	0.0000	0.0000	0.0000	0.0000	0.0061	0.0035	0.0027	0.0029	0.0026	0.0003	0.0032	0.0009	0.0023	0.0000	0.0000	0.0000	0.0000	0.0000	0.0000	0.0000	0.0000	0.0000	0.0000	0.0000	0.0000	0.0000	0.0000	0.0000	0.0000	0.0000	0.0000											
54	104	0.0532	3	0	1	0	0	0	0	0	0	N	N	N	N	N	N	N	N	N	N	N	N	inf	inf	inf	inf	1.0152	1.0983	0.0000	0.0000	0.0000	0.0000	1.6211	1.8417	0.0000	0.0000	0.0000	0.0000	0.0000	0.0000	0.0000	0.0000	0.0000	0.0000	0.0000	-0.0000	0.0000	0.0000	7.9994	2.9157	4.0001	0.0000	0.0000	0.0000	0.0000	0.0000	0.0000	0.0000	0.0000	0.0000	0.0000	0.0000	0.0000	0.0000	0.0000	0.0000	0.0000	0.0000	0.0000	0.0000	0.0000	0.0000	0.0000	0.0000	0.0000	0.0000	0.0000	0.0000	0.1186	0.0629	0.0558	0.0104	0.0104	0.0000	0.1082	0.0525	0.0557	inf	inf	0.0000	0.0000	0.0000	0.0000	inf	inf	0.0000	0.0000	0.0000	0.0000	0.0000	0.0000	0.0000	0.0000	0.0000	0.0000						
54	105	0.1157	7	1	0	1	0	0	0	0	0	N	N	N	N	N	N	N	N	N	N	N	N	0.0000	0.0000	0.0000	0.0000	0.0000	0.0000	0.0000	0.0000	0.0000	0.0000	0.0000	0.0000	0.0000	0.0000	0.0000	0.0000	0.1752	0.4434	0.0003	0.4551	0.4339	0.0000	0.0003	0.0000	0.0003	0.0383	0.0000	-0.0000	0.0000	1.0000	2.9157	1.0005	0.0000	0.0000	0.0000	0.0000	0.0000	0.0000	0.0000	0.0000	0.0000	0.0001	0.0001	0.0000	0.0001	0.0001	0.0000	0.0000	0.0000	0.0000	0.0000	0.0000	0.0000	0.0000	0.0000	0.0000	0.0000	0.0000	0.0000	0.0130	0.0064	0.0066	0.0021	0.0021	0.0000	0.0109	0.0043	0.0066	0.0000	0.0000	0.0000	0.0000	0.0000	0.0000	0.0000	0.0000	0.0000	0.0048	0.0094	0.0003	0.0280	0.0283	0.0000	0.0002	0.0000	0.0003			
54	106	0.1122	6	1	0	1	0	0	0	0	0	N	N	N	N	N	N	N	N	N	N	N	N	0.0000	0.0000	0.0000	0.0000	0.0000	0.0000	0.0000	0.0000	0.0000	0.0000	0.0000	0.0000	0.0000	0.0017	0.0042	0.0000	0.0094	0.0072	0.0000	0.0000	0.0000	0.0000	0.0000	0.0000	-0.0000	0.0000	0.7249	2.9157	0.0368	0.0000	0.0000	0.0000	0.0000	0.0000	0.0000	0.0000	0.0000	0.0000	0.0000	0.0000	0.0000	0.0000	0.0000	0.0000	0.0000	0.0000	0.0000	0.0000	0.0000	0.0000	0.0000	0.0000	0.0000	0.0000	0.0000	0.0000	0.0051	0.0025	0.0026	0.0008	0.0008	0.0000	0.0042	0.0017	0.0026	0.0000	0.0000	0.0000	0.0000	0.0000	0.0000	0.0000	0.0000	0.0000	0.0005	0.0009	0.0000	0.0027	0.0027	0.0000	0.0000	0.0000	0.0000						
54	107	0.1107	5	1	0	1	0	0	0	0	0	N	N	N	N	N	N	N	N	N	N	N	N	0.0000	0.0000	0.0000	0.0000	0.0000	0.0000	0.0000	0.0000	0.0000	0.0000	0.0000	0.0000	0.0000	0.0032	0.0000	0.0013	0.0000	0.0000	0.0000	0.0012	0.0000	0.0013	inf	0.0000	0.0000	0.0000	0.4159	2.9157	0.0887	0.0000	0.0000	0.0000	0.0000	0.0000	0.0000	0.0000	0.0000	0.0000	0.0000	0.0000	0.0000	0.0000	0.0000	0.0000	0.0000	0.0000	0.0000	0.0000	0.0000	0.0000	0.0000	0.0000	0.0000	0.0000	0.0000	0.0000	0.0036	0.0018	0.0018	0.0007	0.0007	0.0000	0.0029	0.0011	0.0018	0.0000	0.0000	0.0000	0.0000	0.0000	0.0000	0.0000	0.0000	0.0000	0.0006	0.0000	0.0013	0.0000	0.0000	0.0000	0.0008	0.0000	0.0013						
54	108	0.0944	4	1	0	0	0	0	0	0	0	N	N	N	N	N	N	N	N	N	N	N	N	0.0000	0.0000	0.0000	0.0000	0.0000	0.0000	0.0000	0.0000	0.0000	0.0000	0.0000	0.0000	0.0000	0.0002	0.0004	0.0000	0.0012	0.0009	0.0000	0.0000	0.0000	0.0000	0.0000	0.0000	-0.0000	0.0000	3.9943	2.9157	0.9974	0.0000	0.0000	0.0000	0.0000	0.0000	0.0000	0.0000	0.0000	0.0000	0.0000	0.0000	0.0000	0.0000	0.0000	0.0000	0.0000	0.0000	0.0000	0.0000	0.0000	0.0000	0.0000	0.0000	0.0000	0.0000	0.0000	0.0000	0.0331	0.0157	0.0174	0.0048	0.0048	0.0000	0.0284	0.0110	0.0174	0.0000	0.0000	0.0000	0.0000	0.0000	0.0000	0.0000	0.0000	0.0000	0.0001	0.0001	0.0000	0.0005	0.0005	0.0000	0.0000	0.0000	0.0000						
54	109	0.6380	7	1	0	1	0	0	0	0	0	N	N	N	N	N	N	N	N	N	N	N	N	0.0000	0.0000	0.0000	0.0000	0.0000	0.0000	0.0000	0.0000	0.0000	0.0000	0.0000	0.0000	0.0000	0.0000	0.0000	0.0000	0.0000	0.0000	0.0000	0.0000	0.0000	0.0000	2.9157	0.9909	0.0000	0.0000	0.0000	0.0000	0.0000	0.0000	0.0000	0.0000	0.0000	0.0000	0.0000	0.0000	0.0000	0.0000	0.0000	0.0000	0.0000	0.0000	0.0000	0.0000	0.0000	0.0000	0.0000	0.0000	0.0000	0.0000	0.0000	0.0060	0.0034	0.0026	0.0029	0.0026	0.0003	0.0031	0.0008	0.0023	0.0000	0.0000	0.0000	0.0000	0.0000	0.0000	0.0000	0.0000	0.0000	0.0000	0.0000	0.0000	0.0000	0.0000	0.0000	0.0000	0.0000	0.0000											
54	110	0.6093	6	1	0	1	0	0	0	0	0	N	N	N	N	N	N	N	N	N	N	N	N	inf	inf	inf	inf	2.0352	0.0000	30.7695	0.0000	0.0000	0.0000	4.4298	0.0000	35.9270	0.0000	0.0000	0.0000	0.0000	0.0000	0.0000	0.0000	0.0000	0.0000	inf	0.0000	0.0000	0.0000	4.0000	2.9157	0.0000	0.0000	0.0000	0.0000	0.0000	0.0000	0.0000	0.0000	0.0000	0.0000	0.0000	0.0000	0.0000	0.0000	0.0000	0.0000	0.0000	0.0000	0.0000	0.0000	0.0000	0.0000	0.0000	0.0000	0.0000	0.0000	0.0000	0.0000	0.0099	0.0051	0.0048	0.0036	0.0031	0.0006	0.0063	0.0020	0.0043	inf	0.0000	inf	0.0000	0.0000	0.0000	inf	0.0000	inf	0.0000	0.0000	0.0000	0.0000	0.0000	0.0000	0.0000	0.0000	0.0000						
54	112	0.0990	4	0	0	1	0	0	0	0	0	N	N	N	N	N	N	N	N	N	N	N	N	0.0000	0.0000	0.0000	0.0000	0.0000	0.0000	0.0000	0.0000	0.0000	0.0000	0.0000	0.0000	0.0000	0.0000	0.0000	0.0000	0.0000	0.0000	0.0000	0.0000	0.0000	0.0000	2.9157	0.0001	0.0000	0.0000	0.0000	0.0000	0.0000	0.0000	0.0000	0.0000	0.0000	0.0000	0.0000	0.0000	0.0000	0.0000	0.0000	0.0000	0.0000	0.0000	0.0000	0.0000	0.0000	0.0000	0.0000	0.0000	0.0000	0.0000	0.0000	0.0000	0.0000	0.0000	0.0000	0.0000	0.0000	0.0000	0.0000	0.0000	0.0000	0.0000	0.0000	0.0000	0.0000	0.0000	0.0000	0.0000	0.0000	0.0000	0.0000	0.0000	0.0000	0.0000	0.0000	0.0000	0.0000	0.0000											
54	113	0.0532	3	0	0	1	0	0	0	0	0	N	N	N	N	N	N	N	N	N	N	N	N	0.0000	0.0000	0.0000	0.0000	0.0000	0.0000	0.0000	0.0000	0.0000	0.0000	0.0000	0.0000	0.0000	0.0000	0.0000	0.0000	0.0000	0.0000	0.0000	0.0000	0.0000	4.0004	2.9157	4.9999	0.0000	0.0000	0.0000	0.0000	0.0000	0.0000	0.0000	0.0000	0.0000	0.0000	0.0000	0.0000	0.0000	0.0000	0.0000	0.0000	0.0000	0.0000	0.0000	0.0000	0.0000	0.0000	0.0000	0.0000	0.0000	0.0000	0.0000	0.0941	0.0501	0.0440	0.0080	0.0080	0.0000	0.0861	0.0422	0.0440	0.0000	0.0000	0.0000	0.0000	0.0000	0.0000	0.0000	0.0000	0.0000	0.0000	0.0000	0.0000	0.0000	0.0000	0.0000	0.0000	0.0000	0.0000											
54	114	0.6420	7	0	1	0	0	0	0	0	0	N	N	N	N	N	N	N	N	N	N	N	N	133.3872	84.3983	183.7720	210.3576	5324160.4171	inf	1.4209	1.5273	0.0000	1.5982	1.7048	0.0000	0.2269	0.2571	0.0000	0.0107	0.0181	0.0000	0.0087	0.0081	0.0000	0.0000	0.0000	0.0000	0.0000	0.0000	-0.0000	-0.0000	0.0000	4.3361	2.9157	4.6323	0.0000	0.0000	0.0000	0.0000	0.0000	0.0000	0.0000	0.0000	0.0000	0.0001	0.0001	0.0000	0.0001	0.0001	0.0000	0.0000	0.0000	0.0000	0.0000	0.0000	0.0000	0.0000	0.0000	0.0000	0.0000	0.0000	0.0000	0.0469	0.0273	0.0195	0.0234	0.0210	0.0024	0.0235	0.0063	0.0171	1094.4622	685.8900	0.0000	614.7626	588.4130	0.0000	5324160.4171	inf	0.0000	0.0013	0.0022	0.0000	0.0026	0.0029	0.0000	0.0000	0.0000	0.0000			
54	115	0.6093	6	0	0	0	0	0	0	0	0	N	N	N	N	N	N	N	N	N	N	N	N	20465.1930	10485.7523	inf	0.0000	0.0000	inf	inf	inf	3.7933	4.0615	0.0210	0.0000	0.0000	0.0000	8.2881	9.4548	0.0246	0.0002	0.0004	0.0000	0.0006	0.0006	0.0000	0.0000	0.0000	0.0000	0.0004	0.0000	-0.0000	-0.0000	0.0000	1.9840	2.9157	0.2610	0.0000	0.0000	0.0000	0.0000	0.0000	0.0000	0.0000	0.0000	0.0000	0.0000	0.0000	0.0000	0.0000	0.0000	0.0000	0.0000	0.0000	0.0000	0.0000	0.0000	0.0000	0.0000	0.0000	0.0000	0.0000	0.0000	0.0000	0.0057	0.0029	0.0028	0.0021	0.0017	0.0003	0.0036	0.0012	0.0024	71459.1457	39247.3769	inf	0.0000	0.0000	0.0000	inf	inf	inf	0.0001	0.0001	0.0000	0.0001	0.0002	0.0000	0.0000	0.0000	0.0000	
54	116	0.0532	3	0	1	0	1	0	0	0	0	N	N	N	N	N	N	N	N	N	N	N	N	0.0000	0.0000	0.0000	0.0000	0.0000	0.0000	0.0000	0.0000	0.0000	0.0000	0.0000	0.0000	0.0000	0.0000	0.0000	0.0000	0.0000	0.0000	0.0000	0.0000	0.0000	5.0006	2.9157	2.0000	0.0000	0.0000	0.0000	0.0000	0.0000	0.0000	0.0000	0.0000	0.0000	0.0000	0.0000	0.0000	0.0000	0.0000	0.0000	0.0000	0.0000	0.0000	0.0000	0.0000	0.0000	0.0000	0.0000	0.0000	0.0000	0.0000	0.0000	0.0761	0.0406	0.0354	0.0063	0.0063	0.0000	0.0698	0.0344	0.0354	0.0000	0.0000	0.0000	0.0000	0.0000	0.0000	0.0000	0.0000	0.0000	0.0000	0.0000	0.0000	0.0000	0.0000	0.0000	0.0000	0.0000	0.0000											
54	117	0.6093	6	0	1	0	1	0	0	0	0	N	N	N	N	N	N	N	N	N	N	N	N	0.0000	0.0000	0.0000	0.0000	0.0000	0.0000	0.0000	0.0000	0.0000	0.0000	0.0000	0.0000	0.0000	0.0000	0.0000	0.0000	0.0000	0.0000	0.0000	0.0000	0.0000	0.0000	2.9157	1.0000	0.0000	0.0000	0.0000	0.0000	0.0000	0.0000	0.0000	0.0000	0.0000	0.0000	0.0000	0.0000	0.0000	0.0000	0.0000	0.0000	0.0000	0.0000	0.0000	0.0000	0.0000	0.0000	0.0000	0.0000	0.0000	0.0000	0.0000	0.0035	0.0018	0.0017	0.0013	0.0011	0.0002	0.0023	0.0007	0.0015	0.0000	0.0000	0.0000	0.0000	0.0000	0.0000	0.0000	0.0000	0.0000	0.0000	0.0000	0.0000	0.0000	0.0000	0.0000	0.0000	0.0000	0.0000											
54	118	0.0532	3	0	1	0	0	0	0	0	0	N	N	N	N	N	N	N	N	N	N	N	N	inf	inf	inf	inf	0.6062	0.6542	0.0000	0.0000	0.0000	0.0000	0.9680	1.0951	0.0000	0.0000	0.0000	0.0000	0.0000	0.0000	0.0000	0.0000	0.0000	0.0000	0.0000	-0.0000	0.0000	0.0000	16.9994	2.9157	6.0000	0.0000	0.0000	0.0000	0.0000	0.0000	0.0000	0.0000	0.0000	0.0000	0.0000	0.0000	0.0000	0.0000	0.0000	0.0000	0.0000	0.0000	0.0000	0.0000	0.0000	0.0000	0.0000	0.0000	0.0000	0.0000	0.0000	0.0000	0.1888	0.0985	0.0904	0.0185	0.0184	0.0001	0.1704	0.0800	0.0903	inf	inf	0.0000	0.0000	0.0000	0.0000	inf	inf	0.0000	0.0000	0.0000	0.0000	0.0000	0.0000	0.0000	0.0000	0.0000	0.0000						
54	119	0.6093	6	0	1	0	0	0	0	0	0	N	N	N	N	N	N	N	N	N	N	N	N	inf	inf	inf	inf	1.6759	1.7944	0.0000	0.0000	0.0000	0.0000	3.6414	4.1525	0.0000	0.0000	0.0000	0.0000	0.0000	0.0000	0.0000	0.0000	0.0000	0.0000	0.0000	-0.0000	0.0000	0.0000	5.0000	2.9157	6.0000	0.0000	0.0000	0.0000	0.0000	0.0000	0.0000	0.0000	0.0000	0.0000	0.0000	0.0000	0.0000	0.0000	0.0000	0.0000	0.0000	0.0000	0.0000	0.0000	0.0000	0.0000	0.0000	0.0000	0.0000	0.0000	0.0000	0.0000	0.0254	0.0130	0.0123	0.0094	0.0079	0.0014	0.0160	0.0051	0.0109	inf	inf	0.0000	0.0000	0.0000	0.0000	inf	inf	0.0000	0.0000	0.0000	0.0000	0.0000	0.0000	0.0000	0.0000	0.0000	0.0000						
54	120	0.6374	7	0	1	0	0	0	0	0	0	N	N	N	N	N	N	N	N	N	N	N	N	224939.4631	inf	0.0000	inf	inf	29705672.5829	inf	0.0000	5.3838	6.1028	0.0000	0.0013	0.0015	0.0000	13.4914	15.0710	0.0000	0.0000	0.0000	0.0000	0.0000	0.0000	0.0000	0.0000	0.0000	0.0000	0.0000	inf	-0.0000	0.0000	0.0000	0.9998	2.9157	0.9486	0.0000	0.0000	0.0000	0.0000	0.0000	0.0000	0.0000	0.0000	0.0000	0.0000	0.0000	0.0000	0.0000	0.0000	0.0000	0.0000	0.0000	0.0000	0.0000	0.0000	0.0000	0.0000	0.0000	0.0000	0.0000	0.0000	0.0000	0.0088	0.0048	0.0040	0.0042	0.0036	0.0005	0.0046	0.0012	0.0034	22503595.5263	inf	0.0000	inf	inf	0.0000	29705672.5829	inf	0.0000	0.0000	0.0000	0.0000	0.0000	0.0000	0.0000	0.0000	0.0000	0.0000	
54	121	0.6093	6	0	1	0	0	0	0	0	0	N	N	N	N	N	N	N	N	N	N	N	N	1964.8033	355.1394	inf	0.0000	0.0000	inf	inf	inf	0.0207	0.0219	0.0028	0.0000	0.0000	0.0000	0.0449	0.0507	0.0033	0.0000	0.0001	0.0000	0.0001	0.0001	0.0000	0.0000	0.0000	0.0000	0.0090	0.0000	-0.0000	-0.0000	0.0000	3.0005	2.9157	1.1085	0.0000	0.0000	0.0000	0.0000	0.0000	0.0000	0.0000	0.0000	0.0000	0.0000	0.0000	0.0000	0.0000	0.0000	0.0000	0.0000	0.0000	0.0000	0.0000	0.0000	0.0000	0.0000	0.0000	0.0000	0.0000	0.0000	0.0000	0.0181	0.0093	0.0088	0.0066	0.0056	0.0010	0.0114	0.0037	0.0078	178110.4319	97079.7885	inf	0.0000	0.0000	0.0000	inf	inf	inf	0.0000	0.0000	0.0000	0.0000	0.0000	0.0000	0.0000	0.0000	0.0000	
54	122	0.0944	4	0	1	0	0	0	0	0	0	N	N	N	N	N	N	N	N	N	N	N	N	0.0000	0.0000	0.0000	0.0000	0.0000	0.0000	0.0000	0.0000	0.0000	0.0000	0.0000	0.0000	0.0000	0.0000	0.0000	0.0000	0.0000	0.0000	0.0000	0.0000	0.0000	2.0001	2.9157	3.0000	0.0000	0.0000	0.0000	0.0000	0.0000	0.0000	0.0000	0.0000	0.0000	0.0000	0.0000	0.0000	0.0000	0.0000	0.0000	0.0000	0.0000	0.0000	0.0000	0.0000	0.0000	0.0000	0.0000	0.0000	0.0000	0.0000	0.0000	0.0332	0.0157	0.0175	0.0048	0.0048	0.0000	0.0284	0.0110	0.0174	0.0000	0.0000	0.0000	0.0000	0.0000	0.0000	0.0000	0.0000	0.0000	0.0000	0.0000	0.0000	0.0000	0.0000	0.0000	0.0000	0.0000	0.0000											
54	123	0.0532	3	0	0	0	0	0	0	0	0	N	N	N	N	N	N	N	N	N	N	N	N	inf	inf	inf	inf	1.1273	1.2201	0.0000	0.0000	0.0000	0.0000	1.7993	2.0454	0.0000	0.0000	0.0000	0.0000	0.0000	0.0000	0.0000	0.0000	0.0000	0.0000	0.0000	-0.0000	0.0000	0.0000	6.9986	2.9157	2.0000	0.0000	0.0000	0.0000	0.0000	0.0000	0.0000	0.0000	0.0000	0.0000	0.0000	0.0000	0.0000	0.0000	0.0000	0.0000	0.0000	0.0000	0.0000	0.0000	0.0000	0.0000	0.0000	0.0000	0.0000	0.0000	0.0000	0.0000	0.0941	0.0501	0.0440	0.0080	0.0080	0.0000	0.0861	0.0422	0.0440	inf	inf	0.0000	0.0000	0.0000	0.0000	inf	inf	0.0000	0.0000	0.0000	0.0000	0.0000	0.0000	0.0000	0.0000	0.0000	0.0000						
54	124	0.6428	7	0	1	0	0	0	0	0	0	N	N	N	N	N	N	N	N	N	N	N	N	0.0000	0.0000	0.0000	0.0000	0.0000	0.0000	0.0000	0.0000	0.0000	0.0000	0.0000	0.0000	0.0000	0.0000	0.0000	0.0000	0.0009	0.0021	0.0000	0.0020	0.0018	0.0000	0.0000	0.0000	0.0000	0.0015	-0.0000	-0.0000	0.0000	3.9006	2.9157	3.1543	0.0000	0.0000	0.0000	0.0000	0.0000	0.0000	0.0000	0.0000	0.0000	0.0000	0.0000	0.0000	0.0000	0.0000	0.0000	0.0000	0.0000	0.0000	0.0000	0.0000	0.0000	0.0000	0.0000	0.0000	0.0000	0.0000	0.0000	0.0308	0.0166	0.0142	0.0123	0.0104	0.0019	0.0185	0.0062	0.0123	0.0000	0.0000	0.0000	0.0000	0.0000	0.0000	0.0000	0.0000	0.0000	0.0003	0.0006	0.0000	0.0008	0.0010	0.0000	0.0000	0.0000	0.0000			
54	125	0.6093	6	0	1	0	0	0	0	0	0	N	N	N	N	N	N	N	N	N	N	N	N	0.0000	0.0000	0.0000	0.0000	0.0000	0.0000	0.0000	0.0000	0.0000	0.0000	0.0000	0.0000	0.0000	0.0000	0.0000	0.0000	0.0031	0.0001	0.0013	0.0001	0.0001	0.0000	0.0023	0.0000	0.0015	680.2448	0.0000	0.0000	0.0000	1.6924	2.9157	1.9110	0.0000	0.0000	0.0000	0.0000	0.0000	0.0000	0.0000	0.0000	0.0000	0.0000	0.0000	0.0000	0.0000	0.0000	0.0000	0.0000	0.0000	0.0000	0.0000	0.0000	0.0000	0.0000	0.0000	0.0000	0.0000	0.0000	0.0000	0.0160	0.0082	0.0078	0.0059	0.0050	0.0009	0.0101	0.0033	0.0069	0.0000	0.0000	0.0000	0.0000	0.0000	0.0000	0.0000	0.0000	0.0000	0.0006	0.0000	0.0013	0.0000	0.0000	0.0000	0.0010	0.0000	0.0015			
54	126	0.0532	3	0	1	0	0	0	0	0	0	N	N	N	N	N	N	N	N	N	N	N	N	0.0000	0.0000	0.0000	0.0000	0.0000	0.0000	0.0000	0.0000	0.0000	0.0000	0.0000	0.0000	0.0000	0.0009	0.0000	0.0007	0.0000	0.0000	0.0000	0.0004	0.0000	0.0007	inf	0.0000	0.0000	0.0000	0.9996	2.9157	8.0005	0.0000	0.0000	0.0000	0.0000	0.0000	0.0000	0.0000	0.0000	0.0000	0.0000	0.0000	0.0000	0.0000	0.0000	0.0000	0.0000	0.0000	0.0000	0.0000	0.0000	0.0000	0.0000	0.0000	0.0000	0.0000	0.0000	0.0000	0.0941	0.0501	0.0440	0.0080	0.0080	0.0000	0.0861	0.0422	0.0440	0.0000	0.0000	0.0000	0.0000	0.0000	0.0000	0.0000	0.0000	0.0000	0.0003	0.0000	0.0007	0.0000	0.0000	0.0000	0.0003	0.0000	0.0007						
54	127	0.1805	5	0	0	0	0	0	0	0	0	N	N	N	N	N	N	N	N	N	N	N	N	0.0002	0.0001	0.0000	0.0002	0.0002	0.0000	0.0000	0.0000	0.0002	0.0002	0.0000	0.0005	0.0005	0.0000	0.0000	0.0000	0.0000	1.2586	1.8274	0.0000	2.5552	2.5832	0.0000	0.0000	0.0000	0.0000	0.0000	0.0000	-0.0000	-0.0102	0.0000	3.6536	2.9157	12.3970	0.0000	0.0000	0.0000	0.0000	0.0000	0.0000	0.0000	0.0000	0.0000	0.0195	0.0195	0.0000	0.0195	0.0195	0.0000	0.0000	0.0000	0.0000	0.0000	0.0000	0.0000	0.0000	0.0000	0.0000	0.0000	0.0000	0.0000	0.2044	0.1162	0.0882	0.0573	0.0554	0.0019	0.1472	0.0608	0.0863	0.0021	0.0013	0.0000	0.0015	0.0014	0.0000	0.0000	0.0000	0.0000	0.0954	0.1678	0.0000	0.3405	0.3522	0.0000	0.0000	0.0000	0.0000	
54	128	0.3589	5	0	0	0	0	0	0	0	0	N	N	N	N	N	N	N	N	N	N	N	N	0.0069	0.0050	0.0000	0.0120	0.0119	0.0000	0.0000	0.0000	0.0000	0.0058	0.0064	0.0000	0.0122	0.0125	0.0000	0.0000	0.0000	0.0000	0.8488	1.2651	0.0000	1.0197	1.0520	0.0001	0.0001	0.0025	0.0000	0.0000	0.0005	-0.0000	-0.0037	0.0000	5.3495	2.9157	12.4099	0.0000	0.0000	0.0000	0.0000	0.0000	0.0000	0.0000	0.0000	0.0000	0.0070	0.0070	0.0000	0.0070	0.0070	0.0000	0.0000	0.0000	0.0000	0.0000	0.0000	0.0000	0.0000	0.0000	0.0000	0.0000	0.0000	0.0000	0.2216	0.1384	0.0831	0.1056	0.0925	0.0131	0.1160	0.0459	0.0700	0.1848	0.1258	0.0000	0.1838	0.1650	0.0000	0.0000	0.0000	0.0000	0.0316	0.0506	0.0000	0.0663	0.0757	0.0001	0.0000	0.0001	0.0000
54	129	0.1647	9	0	1	0	1	0	0	0	0	N	N	N	N	N	N	N	N	N	N	N	N	0.0000	0.0000	0.0000	0.0000	0.0000	0.0000	0.0000	0.0000	0.0000	0.0000	0.0000	0.0000	0.0000	0.0000	0.0000	0.0000	0.0000	0.0000	0.0000	0.0000	0.0000	0.0000	2.9157	0.0000	0.0000	0.0000	0.0000	0.0000	0.0000	0.0000	0.0000	0.0000	0.0000	0.0000	0.0000	0.0000	0.0000	0.0000	0.0000	0.0000	0.0000	0.0000	0.0000	0.0000	0.0000	0.0000	0.0000	0.0000	0.0000	0.0000	0.0000	0.0000	0.0000	0.0000	0.0000	0.0000	0.0000	0.0000	0.0000	0.0000	0.0000	0.0000	0.0000	0.0000	0.0000	0.0000	0.0000	0.0000	0.0000	0.0000	0.0000	0.0000	0.0000	0.0000	0.0000	0.0000	0.0000	0.0000											
54	130	0.1484	8	0	1	0	1	0	0	0	0	N	N	N	N	N	N	N	N	N	N	N	N	0.0000	0.0000	0.0000	0.0000	0.0000	0.0000	0.0000	0.0000	0.0000	0.0000	0.0000	0.0000	0.0000	0.2002	0.0000	0.0241	0.0000	0.0000	0.0000	0.0524	0.0000	0.0095	inf	0.0000	0.0000	0.0000	0.0000	2.9157	3.0001	0.0000	0.0000	0.0000	0.0000	0.0000	0.0000	0.0000	0.0000	0.0000	0.0001	0.0000	0.0001	0.0000	0.0000	0.0000	0.0001	0.0000	0.0001	0.0000	0.0000	0.0000	0.0000	0.0000	0.0000	0.0000	0.0000	0.0000	0.0175	0.0081	0.0094	0.0031	0.0031	0.0000	0.0144	0.0050	0.0094	0.0000	0.0000	0.0000	0.0000	0.0000	0.0000	0.0000	0.0000	0.0000	0.0051	0.0000	0.0095	0.0000	0.0000	0.0000	0.0062	0.0000	0.0095						
54	131	0.1387	7	0	1	0	0	0	0	0	0	N	N	N	N	N	N	N	N	N	N	N	N	0.0000	0.0000	0.0000	0.0000	0.0000	0.0000	0.0000	0.0000	0.0000	0.0000	0.0000	0.0000	0.0000	0.0000	0.0000	0.0000	0.0000	0.0000	0.0000	0.0000	0.0000	0.0000	2.9157	0.0000	0.0000	0.0000	0.0000	0.0000	0.0000	0.0000	0.0000	0.0000	0.0000	0.0000	0.0000	0.0000	0.0000	0.0000	0.0000	0.0000	0.0000	0.0000	0.0000	0.0000	0.0000	0.0000	0.0000	0.0000	0.0000	0.0000	0.0000	0.0000	0.0000	0.0000	0.0000	0.0000	0.0000	0.0000	0.0000	0.0000	0.0000	0.0000	0.0000	0.0000	0.0000	0.0000	0.0000	0.0000	0.0000	0.0000	0.0000	0.0000	0.0000	0.0000	0.0000	0.0000	0.0000	0.0000											
54	132	0.1484	8	0	0	1	1	0	0	0	0	N	N	N	N	N	N	N	N	N	N	N	N	0.0000	0.0000	0.0000	0.0000	0.0000	0.0000	0.0000	0.0000	0.0000	0.0000	0.0000	0.0000	0.0000	0.0000	0.0000	0.0000	0.0000	0.0000	0.0000	0.0000	0.0000	0.0000	2.9157	1.9999	0.0000	0.0000	0.0000	0.0000	0.0000	0.0000	0.0000	0.0000	0.0000	0.0000	0.0000	0.0000	0.0000	0.0000	0.0000	0.0000	0.0000	0.0000	0.0000	0.0000	0.0000	0.0000	0.0000	0.0000	0.0000	0.0000	0.0000	0.0118	0.0054	0.0064	0.0021	0.0021	0.0000	0.0097	0.0034	0.0063	0.0000	0.0000	0.0000	0.0000	0.0000	0.0000	0.0000	0.0000	0.0000	0.0000	0.0000	0.0000	0.0000	0.0000	0.0000	0.0000	0.0000	0.0000											
54	133	0.1594	9	0	0	1	1	0	0	0	0	N	N	N	N	N	N	N	N	N	N	N	N	0.0000	0.0000	0.0000	0.0000	0.0000	0.0000	0.0000	0.0000	0.0000	0.0000	0.0000	0.0000	0.0000	0.0000	0.0000	0.0000	0.0000	0.0000	0.0000	0.0000	0.0000	1.0000	2.9157	0.0000	0.0000	0.0000	0.0000	0.0000	0.0000	0.0000	0.0000	0.0000	0.0000	0.0000	0.0000	0.0000	0.0000	0.0000	0.0000	0.0000	0.0000	0.0000	0.0000	0.0000	0.0000	0.0000	0.0000	0.0000	0.0000	0.0000	0.0000	0.0057	0.0026	0.0031	0.0010	0.0010	0.0000	0.0047	0.0016	0.0031	0.0000	0.0000	0.0000	0.0000	0.0000	0.0000	0.0000	0.0000	0.0000	0.0000	0.0000	0.0000	0.0000	0.0000	0.0000	0.0000	0.0000	0.0000											
54	134	0.1594	9	0	0	1	1	0	0	0	0	N	N	N	N	N	N	N	N	N	N	N	N	0.0000	0.0000	0.0000	0.0000	0.0000	0.0000	0.0000	0.0000	0.0000	0.0000	0.0000	0.0000	0.0000	0.0000	0.0000	0.0000	0.0000	0.0000	0.0000	0.0000	0.0000	0.0000	2.9157	0.0000	0.0000	0.0000	0.0000	0.0000	0.0000	0.0000	0.0000	0.0000	0.0000	0.0000	0.0000	0.0000	0.0000	0.0000	0.0000	0.0000	0.0000	0.0000	0.0000	0.0000	0.0000	0.0000	0.0000	0.0000	0.0000	0.0000	0.0000	0.0000	0.0000	0.0000	0.0000	0.0000	0.0000	0.0000	0.0000	0.0000	0.0000	0.0000	0.0000	0.0000	0.0000	0.0000	0.0000	0.0000	0.0000	0.0000	0.0000	0.0000	0.0000	0.0000	0.0000	0.0000	0.0000	0.0000											
54	135	0.1484	8	0	0	1	1	0	0	0	0	N	N	N	N	N	N	N	N	N	N	N	N	0.0000	0.0000	0.0000	0.0000	0.0000	0.0000	0.0000	0.0000	0.0000	0.0000	0.0000	0.0000	0.0000	0.0000	0.0000	0.0000	0.0000	0.0000	0.0000	0.0000	0.0000	2.0025	2.9157	0.9943	0.0000	0.0000	0.0000	0.0000	0.0000	0.0000	0.0000	0.0000	0.0000	0.0000	0.0000	0.0000	0.0000	0.0000	0.0000	0.0000	0.0000	0.0000	0.0000	0.0000	0.0000	0.0000	0.0000	0.0000	0.0000	0.0000	0.0000	0.0175	0.0081	0.0094	0.0031	0.0031	0.0000	0.0144	0.0050	0.0094	0.0000	0.0000	0.0000	0.0000	0.0000	0.0000	0.0000	0.0000	0.0000	0.0000	0.0000	0.0000	0.0000	0.0000	0.0000	0.0000	0.0000	0.0000											
54	136	0.1484	7	0	0	0	1	0	0	0	0	N	N	N	N	N	N	N	N	N	N	N	N	0.0000	0.0000	0.0000	0.0000	0.0000	0.0000	0.0000	0.0000	0.0000	0.0000	0.0000	0.0000	0.0000	0.0000	0.0000	0.0000	0.0000	0.0000	0.0000	0.0000	0.0000	0.0050	2.9157	0.0173	0.0000	0.0000	0.0000	0.0000	0.0000	0.0000	0.0000	0.0000	0.0000	0.0000	0.0000	0.0000	0.0000	0.0000	0.0000	0.0000	0.0000	0.0000	0.0000	0.0000	0.0000	0.0000	0.0000	0.0000	0.0000	0.0000	0.0000	0.0001	0.0001	0.0001	0.0000	0.0000	0.0000	0.0001	0.0000	0.0001	0.0000	0.0000	0.0000	0.0000	0.0000	0.0000	0.0000	0.0000	0.0000	0.0000	0.0000	0.0000	0.0000	0.0000	0.0000	0.0000	0.0000	0.0000											
54	137	0.1387	6	0	0	0	1	0	0	0	0	N	N	N	N	N	N	N	N	N	N	N	N	0.0000	0.0000	0.0000	0.0000	0.0000	0.0000	0.0000	0.0000	0.0000	0.0000	0.0000	0.0000	0.0000	0.0000	0.0000	0.0000	0.0000	0.0000	0.0000	0.0000	0.0000	1.9972	2.9157	1.0076	0.0000	0.0000	0.0000	0.0000	0.0000	0.0000	0.0000	0.0000	0.0000	0.0000	0.0000	0.0000	0.0000	0.0000	0.0000	0.0000	0.0000	0.0000	0.0000	0.0000	0.0000	0.0000	0.0000	0.0000	0.0000	0.0000	0.0000	0.0168	0.0078	0.0091	0.0031	0.0031	0.0000	0.0138	0.0047	0.0091	0.0000	0.0000	0.0000	0.0000	0.0000	0.0000	0.0000	0.0000	0.0000	0.0000	0.0000	0.0000	0.0000	0.0000	0.0000	0.0000	0.0000	0.0000											
54	138	0.1214	5	1	1	0	0	0	0	0	0	N	N	N	N	N	N	N	N	N	N	N	N	0.0000	0.0000	0.0000	0.0000	0.0000	0.0000	0.0000	0.0000	0.0000	0.0000	0.0000	0.0000	0.0000	0.0000	0.0000	0.0000	0.0000	0.0146	0.0108	0.0013	0.0140	0.0126	0.0000	0.0013	0.0000	0.0013	0.6375	0.0000	-0.0000	0.0000	0.0002	2.9157	2.3255	0.0000	0.0000	0.0000	0.0000	0.0000	0.0000	0.0000	0.0000	0.0000	0.0000	0.0000	0.0000	0.0000	0.0000	0.0000	0.0000	0.0000	0.0000	0.0000	0.0000	0.0000	0.0000	0.0000	0.0000	0.0000	0.0000	0.0000	0.0193	0.0106	0.0086	0.0048	0.0047	0.0001	0.0144	0.0059	0.0085	0.0000	0.0000	0.0000	0.0000	0.0000	0.0000	0.0000	0.0000	0.0000	0.0015	0.0017	0.0013	0.0037	0.0038	0.0000	0.0008	0.0000	0.0013		
54	139	0.1036	4	1	1	0	0	0	0	0	0	N	N	N	N	N	N	N	N	N	N	N	N	4.8734	0.0000	157.2345	0.0000	0.0000	47.1110	165.9898	0.0182	0.0000	0.1423	0.0000	0.0000	0.0000	0.0321	0.0000	0.1528	0.0037	0.0014	0.0009	0.0023	0.0018	0.0000	0.0007	0.0000	0.0009	inf	1.6383	0.0000	0.0000	0.0000	2.0138	2.9157	2.7349	0.0000	0.0000	0.0000	0.0000	0.0000	0.0000	0.0000	0.0000	0.0000	0.0000	0.0000	0.0000	0.0000	0.0000	0.0000	0.0000	0.0000	0.0000	0.0000	0.0000	0.0000	0.0000	0.0000	0.0000	0.0000	0.0000	0.0000	0.0460	0.0248	0.0212	0.0122	0.0118	0.0004	0.0338	0.0130	0.0208	27.1089	0.0000	157.2345	0.0000	0.0000	0.0000	56.7188	0.0000	165.9898	0.0007	0.0005	0.0009	0.0010	0.0010	0.0000	0.0006	0.0000	0.0009		
54	140	0.1201	5	0	1	0	0	0	0	0	0	N	N	N	N	N	N	N	N	N	N	N	N	0.0000	0.0000	0.0000	0.0000	0.0000	0.0000	0.0000	0.0000	0.0000	0.0000	0.0000	0.0000	0.0000	0.0000	0.0001	0.0000	0.0001	0.0001	0.0000	0.0000	0.0000	0.0000	0.0000	0.0000	-0.0000	0.0000	1.9232	2.9157	1.1116	0.0000	0.0000	0.0000	0.0000	0.0000	0.0000	0.0000	0.0000	0.0000	0.0000	0.0000	0.0000	0.0000	0.0000	0.0000	0.0000	0.0000	0.0000	0.0000	0.0000	0.0000	0.0000	0.0000	0.0000	0.0000	0.0000	0.0000	0.0203	0.0101	0.0102	0.0042	0.0041	0.0001	0.0161	0.0059	0.0101	0.0000	0.0000	0.0000	0.0000	0.0000	0.0000	0.0000	0.0000	0.0000	0.0000	0.0000	0.0000	0.0000	0.0000	0.0000	0.0000	0.0000	0.0000						
54	141	0.6285	7	0	1	0	0	0	0	0	0	N	N	N	N	N	N	N	N	N	N	N	N	inf	inf	inf	inf	1.4536	0.0000	22.0200	0.0000	0.0000	0.0000	3.3384	0.0000	27.1391	0.0000	0.0000	0.0000	0.0000	0.0000	0.0000	0.0000	0.0000	0.0000	inf	0.0000	0.0000	0.0000	3.0000	2.9157	1.0000	0.0000	0.0000	0.0000	0.0000	0.0000	0.0000	0.0000	0.0000	0.0000	0.0000	0.0000	0.0000	0.0000	0.0000	0.0000	0.0000	0.0000	0.0000	0.0000	0.0000	0.0000	0.0000	0.0000	0.0000	0.0000	0.0000	0.0000	0.0177	0.0091	0.0086	0.0065	0.0055	0.0010	0.0112	0.0036	0.0076	inf	0.0000	inf	0.0000	0.0000	0.0000	inf	0.0000	inf	0.0000	0.0000	0.0000	0.0000	0.0000	0.0000	0.0000	0.0000	0.0000						
54	142	0.6093	6	0	0	0	0	0	0	0	0	N	N	N	N	N	N	N	N	N	N	N	N	0.0000	0.0000	0.0000	0.0000	0.0000	0.0000	0.0000	0.0000	0.0000	0.0000	0.0000	0.0000	0.0000	0.0000	0.0000	0.0000	0.0000	0.0000	0.0000	0.0000	0.0000	1.0000	2.9157	1.0000	0.0000	0.0000	0.0000	0.0000	0.0000	0.0000	0.0000	0.0000	0.0000	0.0000	0.0000	0.0000	0.0000	0.0000	0.0000	0.0000	0.0000	0.0000	0.0000	0.0000	0.0000	0.0000	0.0000	0.0000	0.0000	0.0000	0.0000	0.0092	0.0047	0.0045	0.0033	0.0028	0.0005	0.0058	0.0019	0.0039	0.0000	0.0000	0.0000	0.0000	0.0000	0.0000	0.0000	0.0000	0.0000	0.0000	0.0000	0.0000	0.0000	0.0000	0.0000	0.0000	0.0000	0.0000											
54	143	0.3589	5	0	0	0	0	0	0	0	0	N	N	N	N	N	N	N	N	N	N	N	N	0.1106	0.0725	0.0000	0.4011	0.3581	0.0000	0.0000	0.0000	0.0048	0.0052	0.0000	0.0102	0.0104	0.0000	0.0000	0.0000	0.0000	0.0434	0.0719	0.0008	0.0254	0.0290	0.0000	0.0008	0.0000	0.0010	0.0000	0.1226	-0.0000	-0.0003	0.0000	7.1211	2.9157	10.9474	0.0000	0.0000	0.0000	0.0000	0.0000	0.0000	0.0000	0.0000	0.0000	0.0006	0.0006	0.0001	0.0006	0.0006	0.0000	0.0001	0.0000	0.0001	0.0000	0.0000	0.0000	0.0000	0.0000	0.0000	0.0000	0.0000	0.0000	0.2225	0.1389	0.0837	0.1058	0.0927	0.0131	0.1167	0.0462	0.0705	1.6998	1.2933	0.0000	1.9233	1.7211	0.0000	0.0000	0.0000	0.0000	0.0028	0.0040	0.0008	0.0053	0.0060	0.0000	0.0006	0.0000	0.0010	
54	144	0.1642	4	0	0	0	0	0	0	0	0	N	N	N	N	N	N	N	N	N	N	N	N	0.0029	0.0010	0.3462	0.0000	0.0000	0.0000	0.0277	0.3341	0.9840	0.0045	0.0020	0.0340	0.0000	0.0000	0.0000	0.0074	0.0035	0.0350	1.5200	2.1267	0.0982	3.1438	3.1332	0.0002	0.2662	0.0106	0.0356	1.3568	0.0716	0.0000	-0.0263	0.0000	8.5175	2.9157	23.1696	0.0000	0.0000	0.0000	0.0000	0.0000	0.0000	0.0000	0.0000	0.0000	0.0578	0.0540	0.0039	0.0539	0.0539	0.0000	0.0039	0.0000	0.0039	0.0000	0.0000	0.0000	0.0000	0.0000	0.0000	0.0000	0.0000	0.0000	0.3027	0.1677	0.1350	0.0872	0.0840	0.0033	0.2155	0.0838	0.1317	0.0233	0.0064	1.1879	0.0000	0.0000	0.0000	0.4066	6.0354	1.1929	0.1910	0.3217	0.0286	0.6180	0.6421	0.0002	0.0182	0.0006	0.0293
54	145	0.1387	7	1	1	0	0	0	0	0	0	N	N	N	N	N	N	N	N	N	N	N	N	0.0000	0.0000	0.0000	0.0000	0.0000	0.0000	0.0000	0.0000	0.0000	0.0000	0.0000	0.0000	0.0000	0.0000	0.0000	0.0000	0.0000	0.0000	0.0000	0.0000	0.0000	1.0000	2.9157	1.0000	0.0000	0.0000	0.0000	0.0000	0.0000	0.0000	0.0000	0.0000	0.0000	0.0000	0.0000	0.0000	0.0000	0.0000	0.0000	0.0000	0.0000	0.0000	0.0000	0.0000	0.0000	0.0000	0.0000	0.0000	0.0000	0.0000	0.0000	0.0113	0.0052	0.0061	0.0021	0.0020	0.0000	0.0092	0.0032	0.0061	0.0000	0.0000	0.0000	0.0000	0.0000	0.0000	0.0000	0.0000	0.0000	0.0000	0.0000	0.0000	0.0000	0.0000	0.0000	0.0000	0.0000	0.0000											
54	146	0.1387	6	0	1	0	0	0	0	0	0	N	N	N	N	N	N	N	N	N	N	N	N	0.0000	0.0000	0.0000	0.0000	0.0000	0.0000	0.0000	0.0000	0.0000	0.0000	0.0000	0.0000	0.0000	0.0000	0.0000	0.0000	0.0000	0.0000	0.0000	0.0000	0.0000	0.0003	2.9157	0.0000	0.0000	0.0000	0.0000	0.0000	0.0000	0.0000	0.0000	0.0000	0.0000	0.0000	0.0000	0.0000	0.0000	0.0000	0.0000	0.0000	0.0000	0.0000	0.0000	0.0000	0.0000	0.0000	0.0000	0.0000	0.0000	0.0000	0.0000	0.0000	0.0000	0.0000	0.0000	0.0000	0.0000	0.0000	0.0000	0.0000	0.0000	0.0000	0.0000	0.0000	0.0000	0.0000	0.0000	0.0000	0.0000	0.0000	0.0000	0.0000	0.0000	0.0000	0.0000	0.0000	0.0000	0.0000											
54	147	0.1201	5	0	0	0	0	0	0	0	0	N	N	N	N	N	N	N	N	N	N	N	N	0.0000	0.0000	0.0000	0.0000	0.0000	0.0000	0.0000	0.0000	0.0000	0.0000	0.0000	0.0000	0.0000	0.0000	0.0001	0.0000	0.0001	0.0001	0.0000	0.0000	0.0000	0.0000	0.0000	0.0000	-0.0000	0.0000	4.9449	2.9157	1.0063	0.0000	0.0000	0.0000	0.0000	0.0000	0.0000	0.0000	0.0000	0.0000	0.0000	0.0000	0.0000	0.0000	0.0000	0.0000	0.0000	0.0000	0.0000	0.0000	0.0000	0.0000	0.0000	0.0000	0.0000	0.0000	0.0000	0.0000	0.0369	0.0179	0.0190	0.0071	0.0070	0.0001	0.0298	0.0109	0.0189	0.0000	0.0000	0.0000	0.0000	0.0000	0.0000	0.0000	0.0000	0.0000	0.0000	0.0000	0.0000	0.0000	0.0000	0.0000	0.0000	0.0000	0.0000						
54	148	0.1036	4	0	0	0	0	0	0	0	0	N	N	N	N	N	N	N	N	N	N	N	N	83.2110	0.0000	1816.7862	1.2639	0.0000	317.7424	1929.0033	0.0124	0.0000	0.0984	0.0003	0.0000	0.0000	0.0213	0.0000	0.1063	0.0001	0.0002	0.0001	0.0003	0.0002	0.0000	0.0001	0.0000	0.0001	inf	5.4006	0.0000	0.0000	0.0000	3.4778	2.9157	1.2917	0.0000	0.0000	0.0000	0.0000	0.0000	0.0000	0.0000	0.0000	0.0000	0.0000	0.0000	0.0000	0.0000	0.0000	0.0000	0.0000	0.0000	0.0000	0.0000	0.0000	0.0000	0.0000	0.0000	0.0000	0.0000	0.0000	0.0000	0.0461	0.0249	0.0212	0.0122	0.0118	0.0004	0.0339	0.0131	0.0209	420.6895	0.0000	1816.7862	19.1284	0.0000	0.0000	628.1931	0.0000	1929.0033	0.0000	0.0000	0.0001	0.0000	0.0000	0.0000	0.0000	0.0000	0.0001		
54	149	0.0532	3	0	0	0	0	0	0	0	0	N	N	N	N	N	N	N	N	N	N	N	N	460.2872	0.0000	624186000.7825	0.0000	0.0000	146675166.2969	629432833.6596	1.0311	0.0000	13.6075	0.0000	0.0000	0.0000	1.6463	0.0000	13.7284	0.0022	0.0046	0.0000	0.0330	0.0279	0.0000	0.0000	0.0000	0.0000	inf	0.0000	0.0000	-0.0000	0.0000	7.8050	2.9157	4.0035	0.0000	0.0000	0.0000	0.0000	0.0000	0.0000	0.0000	0.0000	0.0000	0.0001	0.0001	0.0000	0.0001	0.0001	0.0000	0.0000	0.0000	0.0000	0.0000	0.0000	0.0000	0.0000	0.0000	0.0000	0.0000	0.0000	0.0000	0.1172	0.0621	0.0550	0.0103	0.0102	0.0000	0.1069	0.0519	0.0550	1982.3963	0.0000	624186000.7825	0.0000	0.0000	0.0000	146675166.2969	0.0000	629432833.6596	0.0005	0.0010	0.0000	0.0059	0.0060	0.0000	0.0000	0.0000	0.0000		
54	150	0.1805	5	0	0	0	0	0	0	0	0	N	N	N	N	N	N	N	N	N	N	N	N	0.0002	0.0001	0.0000	0.0002	0.0002	0.0000	0.0000	0.0000	0.0002	0.0002	0.0000	0.0005	0.0005	0.0000	0.0000	0.0000	0.0000	1.2456	1.7957	0.0000	2.5258	2.5805	0.0000	0.0000	0.0000	0.0000	0.0000	0.0000	-0.0000	-0.0102	0.0000	3.7255	2.9157	14.1767	0.0000	0.0000	0.0000	0.0000	0.0000	0.0000	0.0000	0.0000	0.0000	0.0195	0.0195	0.0000	0.0195	0.0195	0.0000	0.0000	0.0000	0.0000	0.0000	0.0000	0.0000	0.0000	0.0000	0.0000	0.0000	0.0000	0.0000	0.2137	0.1213	0.0924	0.0586	0.0566	0.0021	0.1550	0.0647	0.0904	0.0022	0.0013	0.0000	0.0015	0.0014	0.0000	0.0000	0.0000	0.0000	0.0913	0.1609	0.0000	0.3327	0.3448	0.0000	0.0000	0.0000	0.0000	
54	151	0.1642	4	0	0	0	0	0	0	0	0	N	N	N	N	N	N	N	N	N	N	N	N	0.0003	0.0001	0.0079	0.0000	0.0000	0.0000	0.0008	0.0591	0.0166	0.0005	0.0003	0.0035	0.0000	0.0000	0.0000	0.0008	0.0003	0.0036	1.7064	2.3254	0.4469	3.1801	3.1442	0.0018	0.9588	0.0054	0.2164	1.1667	0.2077	0.0000	-0.0200	0.0000	1.4205	2.9157	4.0377	0.0000	0.0000	0.0000	0.0000	0.0000	0.0000	0.0000	0.0000	0.0000	0.0572	0.0473	0.0098	0.0473	0.0473	0.0000	0.0098	0.0000	0.0098	0.0000	0.0000	0.0000	0.0000	0.0000	0.0000	0.0000	0.0000	0.0000	0.1864	0.1048	0.0816	0.0743	0.0734	0.0010	0.1120	0.0314	0.0806	0.0017	0.0006	0.0292	0.0000	0.0000	0.0000	0.0087	1.0241	0.0295	0.3068	0.4518	0.1206	0.6367	0.6452	0.0016	0.0879	0.0003	0.1220
54	152	0.0532	3	0	0	0	0	0	0	0	0	N	N	N	N	N	N	N	N	N	N	N	N	0.0000	0.0000	0.0000	0.0000	0.0000	0.0000	0.0000	0.0000	0.0000	0.0000	0.0000	0.0000	0.0000	0.0000	0.0000	0.0000	1.7909	2.5645	0.0001	5.8308	5.7291	0.0000	0.0001	0.0000	0.0001	0.0002	0.0000	-0.0302	0.0000	6.4701	2.9157	12.4371	0.0000	0.0000	0.0000	0.0000	0.0000	0.0000	0.0000	0.0000	0.0000	0.0579	0.0579	0.0000	0.0579	0.0579	0.0000	0.0000	0.0000	0.0000	0.0000	0.0000	0.0000	0.0000	0.0000	0.0000	0.0000	0.0000	0.0000	0.1658	0.0870	0.0789	0.0156	0.0156	0.0000	0.1502	0.0714	0.0788	0.0000	0.0000	0.0000	0.0000	0.0000	0.0000	0.0000	0.0000	0.0000	0.3492	0.6657	0.0001	3.7067	3.7166	0.0000	0.0001	0.0000	0.0001			
55	56	0.6977	8	0	2	0	1	0	0	0	0	N	Y	N	N	N	N	N	N	N	N	N	N	0.0000	0.0000	0.0000	0.0000	0.0000	0.0000	0.0000	0.0000	0.0000	0.0000	0.0000	0.0000	0.0000	0.0000	0.0000	0.0000	0.0000	0.0000	0.0000	0.0000	2.0000	1.7218	3.0000	6.9557	0.0000	0.0000	0.0000	0.0000	0.0000	0.0000	0.0000	0.0000	0.0000	0.0000	0.0000	0.0000	0.0000	0.0000	0.0000	0.0000	0.0000	0.0000	0.1536	0.1391	0.0146	0.0910	0.0854	0.0056	0.0626	0.0536	0.0090	0.0588	0.0354	0.0234	0.0294	0.0254	0.0040	0.0294	0.0100	0.0194	0.0000	0.0000	0.0000	0.0000	0.0000	0.0000	0.0000	0.0000	0.0000	0.0000	0.0000	0.0000	0.0000	0.0000	0.0000	0.0000	0.0000	0.0000											
55	57	0.7088	8	1	1	1	0	0	0	0	0	N	N	N	N	N	N	N	N	N	N	N	N	0.0000	0.0000	0.0000	0.0000	0.0000	0.0000	0.0000	0.0000	0.0000	0.0000	0.0000	0.0000	0.0000	0.0000	0.0000	0.0000	0.0000	0.0000	0.0000	0.0000	2.0000	8.9999	3.0000	5.0001	0.0000	0.0000	0.0000	0.0000	0.0000	0.0000	0.0000	0.0000	0.0000	0.0000	0.0000	0.0000	0.0000	0.0000	0.0000	0.0000	0.0000	0.0000	0.6316	0.5767	0.0549	0.3543	0.3374	0.0169	0.2773	0.2393	0.0380	0.0837	0.0550	0.0287	0.0509	0.0447	0.0062	0.0328	0.0103	0.0225	0.0000	0.0000	0.0000	0.0000	0.0000	0.0000	0.0000	0.0000	0.0000	0.0000	0.0000	0.0000	0.0000	0.0000	0.0000	0.0000	0.0000	0.0000											
55	58	0.1114	4	1	1	1	0	0	0	0	0	N	N	N	N	N	N	N	N	N	N	N	N	0.0000	0.0000	0.0000	0.0000	0.0000	0.0000	0.0000	0.0000	0.0000	0.0000	0.0000	0.0000	0.0000	0.0000	0.0000	0.0000	0.0000	0.0000	0.0000	0.0000	2.0000	0.0000	3.0000	1.0000	0.0000	0.0000	0.0000	0.0000	0.0000	0.0000	0.0000	0.0000	0.0000	0.0000	0.0000	0.0000	0.0000	0.0000	0.0000	0.0000	0.0000	0.0000	0.0000	0.0000	0.0000	0.0000	0.0000	0.0000	0.0000	0.0000	0.0000	0.0118	0.0053	0.0065	0.0028	0.0024	0.0004	0.0090	0.0029	0.0061	0.0000	0.0000	0.0000	0.0000	0.0000	0.0000	0.0000	0.0000	0.0000	0.0000	0.0000	0.0000	0.0000	0.0000	0.0000	0.0000	0.0000	0.0000											
55	59	0.7343	9	0	1	1	0	0	0	0	0	N	N	N	N	N	N	N	N	N	N	N	N	0.0000	0.0000	0.0000	0.0000	0.0000	0.0000	0.0000	0.0000	0.0000	0.0000	0.0000	0.0000	0.0000	2.8330	3.6084	0.0000	5.7162	5.9208	0.0000	0.0000	0.0000	0.0000	0.0000	0.0000	-0.0214	2.0000	0.0006	3.0000	1.1867	0.0000	0.0000	0.0000	0.0000	0.0000	0.0000	0.0000	0.0000	0.0000	0.0411	0.0411	0.0000	0.0411	0.0411	0.0000	0.0000	0.0000	0.0000	0.0002	0.0001	0.0000	0.0001	0.0001	0.0000	0.0001	0.0000	0.0000	0.0165	0.0122	0.0043	0.0111	0.0100	0.0011	0.0054	0.0021	0.0032	0.0000	0.0000	0.0000	0.0000	0.0000	0.0000	0.0000	0.0000	0.0000	2.4877	3.3705	0.0000	3.6896	4.0879	0.0000	0.0000	0.0000	0.0000						
55	60	0.6977	8	0	1	0	0	0	0	0	0	N	N	N	N	N	N	N	N	N	N	N	N	0.0000	0.0000	0.0000	0.0000	0.0000	0.0000	0.0000	0.0000	0.0000	0.0000	0.0000	0.0000	0.0000	0.0000	0.0000	2.1859	0.0323	10.0779	0.0000	0.0000	0.0000	2.8811	0.8174	9.5429	455.4444	0.0000	0.0196	2.0000	2.2785	3.0000	4.8627	0.0000	0.0000	0.0000	0.0000	0.0000	0.0000	0.0000	0.0000	0.0000	0.0411	0.0001	0.0410	0.0000	0.0000	0.0000	0.0411	0.0001	0.0410	0.1966	0.1780	0.0186	0.1146	0.1078	0.0068	0.0820	0.0702	0.0118	0.0490	0.0295	0.0195	0.0245	0.0212	0.0033	0.0246	0.0083	0.0162	0.0000	0.0000	0.0000	0.0000	0.0000	0.0000	0.0000	0.0000	0.0000	0.8378	0.0030	2.1000	0.0000	0.0000	0.0000	1.6722	0.0108	2.5244				
55	61	0.1139	4	0	1	1	0	0	0	0	0	N	N	N	N	N	N	N	N	N	N	N	N	0.0000	0.0000	0.0000	0.0000	0.0000	0.0000	0.0000	0.0000	0.0000	0.0000	0.0000	0.0000	0.0000	0.0000	0.0000	0.0000	0.0003	0.0008	0.0000	0.0040	0.0036	0.0000	0.0000	0.0000	0.0000	0.0068	0.0000	-0.0000	2.0000	1.0901	3.0000	7.9319	0.0000	0.0000	0.0000	0.0000	0.0000	0.0000	0.0000	0.0000	0.0000	0.0000	0.0000	0.0000	0.0000	0.0000	0.0000	0.0000	0.0000	0.0000	0.1200	0.1070	0.0130	0.0218	0.0216	0.0002	0.0982	0.0855	0.0128	0.1394	0.0613	0.0782	0.0130	0.0121	0.0009	0.1264	0.0492	0.0773	0.0000	0.0000	0.0000	0.0000	0.0000	0.0000	0.0000	0.0000	0.0000	0.0001	0.0003	0.0000	0.0015	0.0017	0.0000	0.0000	0.0000	0.0000			
55	62	0.0838	3	0	1	0	0	0	0	0	0	N	N	N	N	N	N	N	N	N	N	N	N	0.0000	0.0000	0.0000	0.0000	0.0000	0.0000	0.0000	0.0000	0.0000	0.0000	0.0000	0.0000	0.0000	0.0000	0.0000	0.0000	0.0000	0.0013	0.0044	0.0000	0.0073	0.0057	0.0000	0.0003	0.0133	0.0000	0.0004	0.0000	-0.0000	2.0000	1.6797	3.0000	2.9843	0.0000	0.0000	0.0000	0.0000	0.0000	0.0000	0.0000	0.0000	0.0000	0.0000	0.0000	0.0000	0.0000	0.0000	0.0000	0.0000	0.0000	0.0000	0.3767	0.2565	0.1202	0.1306	0.1305	0.0002	0.2461	0.1261	0.1200	0.0755	0.0316	0.0439	0.0043	0.0042	0.0001	0.0712	0.0274	0.0439	0.0000	0.0000	0.0000	0.0000	0.0000	0.0000	0.0000	0.0000	0.0000	0.0004	0.0010	0.0000	0.0024	0.0024	0.0000	0.0003	0.0007	0.0000		
55	63	0.0736	2	0	1	0	0	0	0	0	0	N	N	N	N	N	N	N	N	N	N	N	N	0.0000	0.0000	0.0000	0.0000	0.0000	0.0000	0.0000	0.0000	0.0000	0.0000	0.0000	0.0000	0.0000	0.0000	0.0000	0.0000	0.0000	0.0004	0.0009	0.0000	0.0001	0.0001	0.0000	0.0003	0.0137	0.0000	0.0004	0.0000	-0.0000	2.0000	0.4935	3.0000	1.5835	0.0000	0.0000	0.0000	0.0000	0.0000	0.0000	0.0000	0.0000	0.0000	0.0000	0.0000	0.0000	0.0000	0.0000	0.0000	0.0000	0.0000	0.0000	0.2903	0.1756	0.1146	0.1274	0.1274	0.0000	0.1629	0.0483	0.1146	0.0608	0.0280	0.0328	0.0144	0.0144	0.0000	0.0464	0.0136	0.0328	0.0000	0.0000	0.0000	0.0000	0.0000	0.0000	0.0000	0.0000	0.0000	0.0002	0.0004	0.0000	0.0000	0.0000	0.0000	0.0002	0.0007	0.0000		
55	64	0.0782	2	0	2	0	0	0	0	0	0	N	Y	N	N	N	N	N	N	N	N	N	N	80210.9055	22364702.4263	inf	inf	4689907.5689	22600028.6726	4.3606	0.0000	52.6547	0.0816	0.0000	19.6882	6.7522	0.0000	53.2574	0.0001	0.0000	0.0000	0.0000	0.0000	0.0000	0.0000	0.0000	0.0000	inf	inf	0.2171	0.0000	2.0000	0.2944	3.0000	1.0083	0.2935	0.0000	0.2935	0.0020	0.0000	0.0020	0.2915	0.0000	0.2915	0.0000	0.0000	0.0000	0.0000	0.0000	0.0000	0.0000	0.0000	0.0000	0.0673	0.0617	0.0056	0.0241	0.0240	0.0001	0.0432	0.0377	0.0055	0.0209	0.0085	0.0124	0.0007	0.0006	0.0000	0.0203	0.0079	0.0124	3127271.5473	0.0000	22364702.4263	inf	0.0000	inf	4689907.5689	0.0000	22600028.6726	0.0000	0.0000	0.0000	0.0000	0.0000	0.0000	0.0000	0.0000	0.0000			
55	68	0.1114	4	1	2	1	0	0	0	0	0	N	Y	N	N	N	N	N	N	N	N	N	N	0.0000	0.0000	0.0000	0.0000	0.0000	0.0000	0.0000	0.0000	0.0000	0.0000	0.0000	0.0000	0.0000	0.0000	0.0000	0.0000	0.0000	0.0000	0.0000	0.0000	2.0000	0.0000	3.0000	0.0000	0.0000	0.0000	0.0000	0.0000	0.0000	0.0000	0.0000	0.0000	0.0000	0.0000	0.0000	0.0000	0.0000	0.0000	0.0000	0.0000	0.0000	0.0000	0.0000	0.0000	0.0000	0.0000	0.0000	0.0000	0.0000	0.0000	0.0000	0.0000	0.0000	0.0000	0.0000	0.0000	0.0000	0.0000	0.0000	0.0000	0.0000	0.0000	0.0000	0.0000	0.0000	0.0000	0.0000	0.0000	0.0000	0.0000	0.0000	0.0000	0.0000	0.0000	0.0000	0.0000	0.0000	0.0000											
55	69	0.7541	10	1	2	1	0	0	0	0	0	N	Y	N	N	N	N	N	N	N	N	N	N	0.0000	0.0000	0.0000	0.0000	0.0000	0.0000	0.0000	0.0000	0.0000	0.0000	0.0000	0.0000	0.0000	0.0000	0.0000	0.0000	0.0000	0.0000	0.0000	0.0000	2.0000	1.0000	3.0000	0.0000	0.0000	0.0000	0.0000	0.0000	0.0000	0.0000	0.0000	0.0000	0.0000	0.0000	0.0000	0.0000	0.0000	0.0000	0.0000	0.0000	0.0000	0.0000	0.0857	0.0790	0.0067	0.0675	0.0634	0.0041	0.0182	0.0156	0.0026	0.0057	0.0035	0.0022	0.0035	0.0031	0.0004	0.0022	0.0004	0.0018	0.0000	0.0000	0.0000	0.0000	0.0000	0.0000	0.0000	0.0000	0.0000	0.0000	0.0000	0.0000	0.0000	0.0000	0.0000	0.0000	0.0000	0.0000											
55	70	0.7541	10	1	2	1	0	0	0	0	0	N	Y	N	N	N	N	N	N	N	N	N	N	0.0000	0.0000	0.0000	0.0000	0.0000	0.0000	0.0000	0.0000	0.0000	0.0000	0.0000	0.0000	0.0000	0.0000	0.0000	0.0000	0.0000	0.0000	0.0000	0.0000	2.0000	0.0000	3.0000	0.0000	0.0000	0.0000	0.0000	0.0000	0.0000	0.0000	0.0000	0.0000	0.0000	0.0000	0.0000	0.0000	0.0000	0.0000	0.0000	0.0000	0.0000	0.0000	0.0000	0.0000	0.0000	0.0000	0.0000	0.0000	0.0000	0.0000	0.0000	0.0000	0.0000	0.0000	0.0000	0.0000	0.0000	0.0000	0.0000	0.0000	0.0000	0.0000	0.0000	0.0000	0.0000	0.0000	0.0000	0.0000	0.0000	0.0000	0.0000	0.0000	0.0000	0.0000	0.0000	0.0000	0.0000	0.0000											
55	71	0.7317	9	1	2	1	0	0	0	0	0	N	Y	N	N	N	N	N	N	N	N	N	N	0.0000	0.0000	0.0000	0.0000	0.0000	0.0000	0.0000	0.0000	0.0000	0.0000	0.0000	0.0000	0.0000	0.0000	0.0000	0.0000	0.0000	0.0000	0.0000	0.0000	2.0000	2.0000	3.0000	1.0000	0.0000	0.0000	0.0000	0.0000	0.0000	0.0000	0.0000	0.0000	0.0000	0.0000	0.0000	0.0000	0.0000	0.0000	0.0000	0.0000	0.0000	0.0000	0.1606	0.1478	0.0128	0.1245	0.1168	0.0076	0.0361	0.0310	0.0052	0.0166	0.0101	0.0064	0.0099	0.0088	0.0011	0.0066	0.0013	0.0053	0.0000	0.0000	0.0000	0.0000	0.0000	0.0000	0.0000	0.0000	0.0000	0.0000	0.0000	0.0000	0.0000	0.0000	0.0000	0.0000	0.0000	0.0000											
55	72	0.7088	8	1	1	1	0	0	0	0	0	N	N	N	N	N	N	N	N	N	N	N	N	0.0000	0.0000	0.0000	0.0000	0.0000	0.0000	0.0000	0.0000	0.0000	0.0000	0.0000	0.0000	0.0000	0.0000	0.0000	0.0000	0.0000	0.0000	0.0000	0.0000	2.0000	1.0017	3.0000	2.0007	0.0000	0.0000	0.0000	0.0000	0.0000	0.0000	0.0000	0.0000	0.0000	0.0000	0.0000	0.0000	0.0000	0.0000	0.0000	0.0000	0.0000	0.0000	0.0878	0.0804	0.0074	0.0524	0.0499	0.0025	0.0354	0.0305	0.0049	0.0197	0.0130	0.0067	0.0120	0.0106	0.0014	0.0077	0.0024	0.0053	0.0000	0.0000	0.0000	0.0000	0.0000	0.0000	0.0000	0.0000	0.0000	0.0000	0.0000	0.0000	0.0000	0.0000	0.0000	0.0000	0.0000	0.0000											
55	73	0.1306	5	1	2	0	0	0	0	0	0	N	Y	N	N	N	N	N	N	N	N	N	N	0.0000	0.0000	0.0000	0.0000	0.0000	0.0000	0.0000	0.0000	0.0000	0.0000	0.0000	0.0000	0.0000	0.0000	0.0000	0.0000	0.0000	0.0000	0.0000	0.0000	2.0000	0.0000	3.0000	0.0000	0.0000	0.0000	0.0000	0.0000	0.0000	0.0000	0.0000	0.0000	0.0000	0.0000	0.0000	0.0000	0.0000	0.0000	0.0000	0.0000	0.0000	0.0000	0.0000	0.0000	0.0000	0.0000	0.0000	0.0000	0.0000	0.0000	0.0000	0.0000	0.0000	0.0000	0.0000	0.0000	0.0000	0.0000	0.0000	0.0000	0.0000	0.0000	0.0000	0.0000	0.0000	0.0000	0.0000	0.0000	0.0000	0.0000	0.0000	0.0000	0.0000	0.0000	0.0000	0.0000	0.0000	0.0000											
55	74	0.7358	9	1	2	0	0	0	0	0	0	N	Y	N	N	N	N	N	N	N	N	N	N	0.0000	0.0000	0.0000	0.0000	0.0000	0.0000	0.0000	0.0000	0.0000	0.0000	0.0000	0.0000	0.0000	0.0000	0.0000	0.0000	0.0000	0.0000	0.0000	0.0000	2.0000	0.0000	3.0000	0.0010	0.0000	0.0000	0.0000	0.0000	0.0000	0.0000	0.0000	0.0000	0.0000	0.0000	0.0000	0.0000	0.0000	0.0000	0.0000	0.0000	0.0000	0.0000	0.0000	0.0000	0.0000	0.0000	0.0000	0.0000	0.0000	0.0000	0.0000	0.0052	0.0037	0.0014	0.0026	0.0026	0.0000	0.0026	0.0011	0.0014	0.0000	0.0000	0.0000	0.0000	0.0000	0.0000	0.0000	0.0000	0.0000	0.0000	0.0000	0.0000	0.0000	0.0000	0.0000	0.0000	0.0000	0.0000											
55	75	0.7249	11	0	2	0	1	0	0	0	0	N	Y	N	N	N	N	N	N	N	N	N	N	0.0000	0.0000	0.0000	0.0000	0.0000	0.0000	0.0000	0.0000	0.0000	0.0000	0.0000	0.0000	0.0000	0.0000	0.0000	0.0000	0.0000	0.0000	0.0000	0.0000	2.0000	0.0000	3.0000	0.0000	0.0000	0.0000	0.0000	0.0000	0.0000	0.0000	0.0000	0.0000	0.0000	0.0000	0.0000	0.0000	0.0000	0.0000	0.0000	0.0000	0.0000	0.0000	0.0000	0.0000	0.0000	0.0000	0.0000	0.0000	0.0000	0.0000	0.0000	0.0000	0.0000	0.0000	0.0000	0.0000	0.0000	0.0000	0.0000	0.0000	0.0000	0.0000	0.0000	0.0000	0.0000	0.0000	0.0000	0.0000	0.0000	0.0000	0.0000	0.0000	0.0000	0.0000	0.0000	0.0000	0.0000	0.0000											
55	76	0.7249	11	0	1	0	1	0	0	0	0	N	N	N	N	N	N	N	N	N	N	N	N	0.0000	0.0000	0.0000	0.0000	0.0000	0.0000	0.0000	0.0000	0.0000	0.0000	0.0000	0.0000	0.0000	0.0000	0.0000	0.0000	0.0000	0.0000	0.0000	0.0000	2.0000	0.0000	3.0000	0.0000	0.0000	0.0000	0.0000	0.0000	0.0000	0.0000	0.0000	0.0000	0.0000	0.0000	0.0000	0.0000	0.0000	0.0000	0.0000	0.0000	0.0000	0.0000	0.0000	0.0000	0.0000	0.0000	0.0000	0.0000	0.0000	0.0000	0.0000	0.0000	0.0000	0.0000	0.0000	0.0000	0.0000	0.0000	0.0000	0.0000	0.0000	0.0000	0.0000	0.0000	0.0000	0.0000	0.0000	0.0000	0.0000	0.0000	0.0000	0.0000	0.0000	0.0000	0.0000	0.0000	0.0000	0.0000											
55	77	0.7096	10	0	1	0	1	0	0	0	0	N	N	N	N	N	N	N	N	N	N	N	N	0.0000	0.0000	0.0000	0.0000	0.0000	0.0000	0.0000	0.0000	0.0000	0.0000	0.0000	0.0000	0.0000	0.0000	0.0000	0.0000	0.0000	0.0000	0.0000	0.0000	2.0000	0.0002	3.0000	2.9297	0.0000	0.0000	0.0000	0.0000	0.0000	0.0000	0.0000	0.0000	0.0000	0.0000	0.0000	0.0000	0.0000	0.0000	0.0000	0.0000	0.0000	0.0000	0.0000	0.0000	0.0000	0.0000	0.0000	0.0000	0.0000	0.0000	0.0000	0.0552	0.0349	0.0203	0.0384	0.0306	0.0077	0.0168	0.0043	0.0126	0.0000	0.0000	0.0000	0.0000	0.0000	0.0000	0.0000	0.0000	0.0000	0.0000	0.0000	0.0000	0.0000	0.0000	0.0000	0.0000	0.0000	0.0000											
55	78	0.7055	9	0	1	0	1	0	0	0	0	N	N	N	N	N	N	N	N	N	N	N	N	0.0000	0.0000	0.0000	0.0000	0.0000	0.0000	0.0000	0.0000	0.0000	0.0000	0.0000	0.0000	0.0000	0.0000	0.0000	0.0000	0.0000	0.0000	0.0000	0.0000	2.0000	0.0003	3.0000	2.1916	0.0000	0.0000	0.0000	0.0000	0.0000	0.0000	0.0000	0.0000	0.0000	0.0000	0.0000	0.0000	0.0000	0.0000	0.0000	0.0000	0.0000	0.0000	0.0000	0.0000	0.0000	0.0000	0.0000	0.0000	0.0000	0.0000	0.0000	0.0222	0.0129	0.0093	0.0111	0.0100	0.0010	0.0112	0.0029	0.0083	0.0000	0.0000	0.0000	0.0000	0.0000	0.0000	0.0000	0.0000	0.0000	0.0000	0.0000	0.0000	0.0000	0.0000	0.0000	0.0000	0.0000	0.0000											
55	79	0.6977	8	0	1	0	0	0	0	0	0	N	N	N	N	N	N	N	N	N	N	N	N	0.0000	0.0000	0.0000	0.0000	0.0000	0.0000	0.0000	0.0000	0.0000	0.0000	0.0000	0.0000	0.0000	0.0000	0.0000	0.0000	0.0000	0.0000	0.0000	0.0000	2.0000	0.2782	3.0000	1.3600	0.0000	0.0000	0.0000	0.0000	0.0000	0.0000	0.0000	0.0000	0.0000	0.0000	0.0000	0.0000	0.0000	0.0000	0.0000	0.0000	0.0000	0.0000	0.0358	0.0323	0.0035	0.0254	0.0234	0.0020	0.0104	0.0089	0.0015	0.0118	0.0071	0.0047	0.0059	0.0051	0.0008	0.0060	0.0020	0.0039	0.0000	0.0000	0.0000	0.0000	0.0000	0.0000	0.0000	0.0000	0.0000	0.0000	0.0000	0.0000	0.0000	0.0000	0.0000	0.0000	0.0000	0.0000											
55	80	0.7413	10	0	2	1	0	0	0	0	0	N	Y	N	N	N	N	N	N	N	N	N	N	0.0000	0.0000	0.0000	0.0000	0.0000	0.0000	0.0000	0.0000	0.0000	0.0000	0.0000	0.0000	0.0000	0.0001	0.0002	0.0000	0.0002	0.0002	0.0000	0.0000	0.0000	0.0000	0.0000	0.0000	-0.0000	2.0000	0.0029	3.0000	2.0135	0.0000	0.0000	0.0000	0.0000	0.0000	0.0000	0.0000	0.0000	0.0000	0.0000	0.0000	0.0000	0.0000	0.0000	0.0000	0.0000	0.0000	0.0000	0.0004	0.0004	0.0000	0.0002	0.0002	0.0000	0.0002	0.0002	0.0000	0.0176	0.0127	0.0049	0.0123	0.0112	0.0010	0.0054	0.0015	0.0039	0.0000	0.0000	0.0000	0.0000	0.0000	0.0000	0.0000	0.0000	0.0000	0.0000	0.0000	0.0000	0.0000	0.0000	0.0000	0.0000	0.0000	0.0000						
55	81	0.7347	9	0	2	0	0	0	0	0	0	N	Y	N	N	N	N	N	N	N	N	N	N	0.0001	inf	0.0000	0.0003	inf	0.0000	0.0001	0.0001	0.0000	0.0000	0.0000	0.0000	0.0003	0.0004	0.0000	0.9831	0.0000	0.4993	0.0000	0.0000	0.0000	1.1520	0.0000	0.2967	0.0000	inf	-0.0000	0.0003	2.0000	0.6188	3.0000	0.9475	0.0000	0.0000	0.0000	0.0000	0.0000	0.0000	0.0000	0.0000	0.0000	0.0006	0.0000	0.0006	0.0000	0.0000	0.0000	0.0006	0.0000	0.0006	0.0892	0.0811	0.0082	0.0588	0.0556	0.0032	0.0304	0.0254	0.0050	0.0130	0.0084	0.0046	0.0080	0.0072	0.0008	0.0050	0.0012	0.0038	0.0024	inf	0.0000	0.0000	0.0000	0.0000	0.0027	inf	0.0000	0.0470	0.0000	0.1326	0.0000	0.0000	0.0000	0.1228	0.0000	0.1603			
55	82	0.1338	5	0	2	1	0	0	0	0	0	N	Y	N	N	N	N	N	N	N	N	N	N	0.0000	0.0000	0.0000	0.0000	0.0000	0.0000	0.0000	0.0000	0.0000	0.0000	0.0000	0.0000	0.0000	0.0000	0.0000	0.0000	0.0000	0.0000	0.0000	0.0000	2.0000	0.0000	3.0000	1.0000	0.0000	0.0000	0.0000	0.0000	0.0000	0.0000	0.0000	0.0000	0.0000	0.0000	0.0000	0.0000	0.0000	0.0000	0.0000	0.0000	0.0000	0.0000	0.0000	0.0000	0.0000	0.0000	0.0000	0.0000	0.0000	0.0000	0.0000	0.0121	0.0044	0.0077	0.0002	0.0002	0.0000	0.0119	0.0042	0.0077	0.0000	0.0000	0.0000	0.0000	0.0000	0.0000	0.0000	0.0000	0.0000	0.0000	0.0000	0.0000	0.0000	0.0000	0.0000	0.0000	0.0000	0.0000											
55	83	0.7088	8	1	1	1	0	0	0	0	0	N	N	N	N	N	N	N	N	N	N	N	N	0.0000	0.0000	0.0000	0.0000	0.0000	0.0000	0.0000	0.0000	0.0000	0.0000	0.0000	0.0000	0.0000	0.0000	0.0000	0.0000	0.0000	0.0000	0.0000	0.0000	2.0000	9.0001	3.0000	3.0001	0.0000	0.0000	0.0000	0.0000	0.0000	0.0000	0.0000	0.0000	0.0000	0.0000	0.0000	0.0000	0.0000	0.0000	0.0000	0.0000	0.0000	0.0000	0.6316	0.5768	0.0549	0.3543	0.3374	0.0169	0.2773	0.2394	0.0380	0.0729	0.0479	0.0249	0.0443	0.0390	0.0054	0.0285	0.0090	0.0196	0.0000	0.0000	0.0000	0.0000	0.0000	0.0000	0.0000	0.0000	0.0000	0.0000	0.0000	0.0000	0.0000	0.0000	0.0000	0.0000	0.0000	0.0000											
55	84	0.1114	4	1	1	1	0	0	0	0	0	N	N	N	N	N	N	N	N	N	N	N	N	inf	inf	inf	inf	4.7472	0.0000	41.5197	0.0000	0.0000	0.0000	4.8990	0.0000	42.2917	0.0000	0.0000	0.0000	0.0000	0.0000	0.0000	0.0000	0.0000	0.0000	inf	0.7398	0.0000	2.0000	4.0000	3.0000	0.0000	1.0000	0.0000	1.0000	0.0000	0.0000	0.0000	1.0000	0.0000	1.0000	0.0000	0.0000	0.0000	0.0000	0.0000	0.0000	0.0000	0.0000	0.0000	0.2107	0.1866	0.0241	0.0065	0.0061	0.0004	0.2041	0.1805	0.0236	0.0442	0.0198	0.0244	0.0102	0.0087	0.0015	0.0340	0.0111	0.0228	inf	0.0000	inf	0.0000	0.0000	0.0000	inf	0.0000	inf	0.0000	0.0000	0.0000	0.0000	0.0000	0.0000	0.0000	0.0000	0.0000						
55	85	0.1575	5	1	2	0	0	0	0	0	0	N	Y	N	N	N	N	N	N	N	N	N	N	0.0000	0.0000	0.0000	0.0000	0.0000	0.0000	0.0000	0.0000	0.0000	0.0000	0.0000	0.0000	0.0000	0.0143	0.0319	0.0000	0.0233	0.0239	0.0000	0.0000	0.0000	0.0000	0.0000	0.0000	-0.0000	2.0000	1.0086	3.0000	1.7435	0.0000	0.0000	0.0000	0.0000	0.0000	0.0000	0.0000	0.0000	0.0000	0.0001	0.0001	0.0000	0.0001	0.0001	0.0000	0.0000	0.0000	0.0000	0.1073	0.0871	0.0203	0.0292	0.0286	0.0006	0.0781	0.0584	0.0197	0.0464	0.0233	0.0230	0.0141	0.0128	0.0013	0.0322	0.0105	0.0217	0.0000	0.0000	0.0000	0.0000	0.0000	0.0000	0.0000	0.0000	0.0000	0.0015	0.0030	0.0000	0.0050	0.0055	0.0000	0.0000	0.0000	0.0000						
55	86	0.1114	4	1	2	0	0	0	0	0	0	N	Y	N	N	N	N	N	N	N	N	N	N	0.0000	0.0000	0.0000	0.0000	0.0000	0.0000	0.0000	0.0000	0.0000	0.0000	0.0000	0.0000	0.0000	0.0000	0.0000	0.0103	0.0213	0.0003	0.0000	0.0000	0.0000	0.0065	0.1682	0.0003	0.1667	0.0000	-0.0000	2.0000	1.0165	3.0000	4.1395	0.0000	0.0000	0.0000	0.0000	0.0000	0.0000	0.0000	0.0000	0.0000	0.0001	0.0001	0.0000	0.0000	0.0000	0.0000	0.0001	0.0001	0.0000	0.0603	0.0533	0.0070	0.0018	0.0017	0.0001	0.0585	0.0516	0.0069	0.0555	0.0248	0.0307	0.0127	0.0108	0.0019	0.0428	0.0141	0.0288	0.0000	0.0000	0.0000	0.0000	0.0000	0.0000	0.0000	0.0000	0.0000	0.0013	0.0024	0.0003	0.0000	0.0000	0.0000	0.0016	0.0043	0.0003				
55	87	0.6675	7	1	2	0	0	0	0	0	0	N	Y	N	N	N	N	N	N	N	N	N	N	inf	inf	inf	inf	1.5874	1.7504	0.0000	2.9129	3.0732	0.0000	0.0000	0.0000	0.0000	0.0000	0.0000	0.0000	0.0000	0.0000	0.0000	0.0000	0.0000	0.0000	0.0000	-0.2602	0.0000	2.0000	9.0005	3.0000	5.0000	1.0000	1.0000	0.0000	1.0000	1.0000	0.0000	0.0000	0.0000	0.0000	0.0000	0.0000	0.0000	0.0000	0.0000	0.0000	0.0000	0.0000	0.0000	0.6299	0.5713	0.0586	0.3433	0.3254	0.0179	0.2866	0.2459	0.0407	0.0889	0.0543	0.0346	0.0456	0.0395	0.0061	0.0433	0.0149	0.0284	inf	inf	0.0000	inf	inf	0.0000	0.0000	0.0000	0.0000	0.0000	0.0000	0.0000	0.0000	0.0000	0.0000	0.0000	0.0000	0.0000						
55	88	0.1338	5	0	2	0	0	0	0	0	0	N	Y	N	N	N	N	N	N	N	N	N	N	0.0000	0.0000	0.0000	0.0000	0.0000	0.0000	0.0000	0.0000	0.0000	0.0000	0.0000	0.0000	0.0000	0.0000	0.0000	0.0000	0.0000	0.0000	0.0000	0.0000	2.0000	0.0000	3.0000	0.0000	0.0000	0.0000	0.0000	0.0000	0.0000	0.0000	0.0000	0.0000	0.0000	0.0000	0.0000	0.0000	0.0000	0.0000	0.0000	0.0000	0.0000	0.0000	0.0000	0.0000	0.0000	0.0000	0.0000	0.0000	0.0000	0.0000	0.0000	0.0000	0.0000	0.0000	0.0000	0.0000	0.0000	0.0000	0.0000	0.0000	0.0000	0.0000	0.0000	0.0000	0.0000	0.0000	0.0000	0.0000	0.0000	0.0000	0.0000	0.0000	0.0000	0.0000	0.0000	0.0000	0.0000	0.0000											
55	89	0.7347	9	0	2	0	0	0	0	0	0	N	Y	N	N	N	N	N	N	N	N	N	N	0.0000	0.0000	0.0000	0.0000	0.0000	0.0000	0.0000	0.0000	0.0000	0.0000	0.0000	0.0000	0.0000	0.8022	0.0000	0.2313	0.0000	0.0000	0.0000	0.8381	0.0000	0.1559	inf	0.0000	0.0003	2.0000	1.9953	3.0000	1.0817	0.0000	0.0000	0.0000	0.0000	0.0000	0.0000	0.0000	0.0000	0.0000	0.0006	0.0000	0.0006	0.0000	0.0000	0.0000	0.0006	0.0000	0.0006	0.1948	0.1777	0.0171	0.1185	0.1125	0.0060	0.0763	0.0652	0.0111	0.0225	0.0149	0.0076	0.0142	0.0127	0.0015	0.0083	0.0022	0.0061	0.0000	0.0000	0.0000	0.0000	0.0000	0.0000	0.0000	0.0000	0.0000	0.0271	0.0000	0.0802	0.0000	0.0000	0.0000	0.0735	0.0000	0.1007						
55	90	0.7088	8	0	2	0	0	0	0	0	0	N	Y	N	N	N	N	N	N	N	N	N	N	0.0000	inf	0.0000	inf	inf	0.0000	0.0000	0.0000	0.0001	0.0000	0.0001	0.0001	0.0000	0.0000	0.0000	0.0000	24.2854	0.0000	71.1655	0.0000	0.0000	0.0000	62.1285	0.0000	90.4647	0.0000	inf	-0.0000	0.4778	2.0000	2.3999	3.0000	4.0713	0.0000	0.0000	0.0000	0.0000	0.0000	0.0000	0.0000	0.0000	0.0000	0.9994	0.0000	0.9994	0.0000	0.0000	0.0000	0.9994	0.0000	0.9994	0.2015	0.1843	0.0171	0.1188	0.1131	0.0057	0.0827	0.0712	0.0115	0.0412	0.0271	0.0140	0.0251	0.0221	0.0030	0.0161	0.0050	0.0110	0.0000	inf	0.0000	inf	inf	0.0000	0.0000	0.0000	0.0000	24.2854	0.0000	71.1655	0.0000	0.0000	0.0000	62.1285	0.0000	90.4647		
55	91	0.7298	9	0	1	1	0	0	0	0	0	N	N	N	N	N	N	N	N	N	N	N	N	0.0000	0.0000	0.0000	0.0000	0.0000	0.0000	0.0000	0.0000	0.0000	0.0000	0.0000	0.0000	0.0000	0.0000	0.0000	0.0000	0.0000	0.0000	0.0000	0.0000	2.0000	0.0000	3.0000	0.0000	0.0000	0.0000	0.0000	0.0000	0.0000	0.0000	0.0000	0.0000	0.0000	0.0000	0.0000	0.0000	0.0000	0.0000	0.0000	0.0000	0.0000	0.0000	0.0000	0.0000	0.0000	0.0000	0.0000	0.0000	0.0000	0.0000	0.0000	0.0000	0.0000	0.0000	0.0000	0.0000	0.0000	0.0000	0.0000	0.0000	0.0000	0.0000	0.0000	0.0000	0.0000	0.0000	0.0000	0.0000	0.0000	0.0000	0.0000	0.0000	0.0000	0.0000	0.0000	0.0000	0.0000	0.0000											
55	92	0.6977	8	0	1	1	0	0	0	0	0	N	N	N	N	N	N	N	N	N	N	N	N	0.0000	0.0000	0.0000	0.0000	0.0000	0.0000	0.0000	0.0000	0.0000	0.0000	0.0000	0.0000	0.0000	0.0000	0.0000	0.0000	0.0000	0.0000	0.0000	0.0000	2.0000	3.7221	3.0000	2.9993	0.0000	0.0000	0.0000	0.0000	0.0000	0.0000	0.0000	0.0000	0.0000	0.0000	0.0000	0.0000	0.0000	0.0000	0.0000	0.0000	0.0000	0.0000	0.3024	0.2739	0.0285	0.1718	0.1621	0.0098	0.1306	0.1119	0.0187	0.0463	0.0279	0.0184	0.0231	0.0200	0.0031	0.0232	0.0079	0.0153	0.0000	0.0000	0.0000	0.0000	0.0000	0.0000	0.0000	0.0000	0.0000	0.0000	0.0000	0.0000	0.0000	0.0000	0.0000	0.0000	0.0000	0.0000											
55	93	0.6675	7	0	1	0	0	0	0	0	0	N	N	N	N	N	N	N	N	N	N	N	N	0.0000	0.0000	0.0000	0.0000	0.0000	0.0000	0.0000	0.0000	0.0000	0.0000	0.0000	0.0000	0.0000	0.0000	0.0000	0.0000	0.0000	0.0000	0.0000	0.0000	2.0000	2.7217	3.0000	3.0458	0.0000	0.0000	0.0000	0.0000	0.0000	0.0000	0.0000	0.0000	0.0000	0.0000	0.0000	0.0000	0.0000	0.0000	0.0000	0.0000	0.0000	0.0000	0.2223	0.2016	0.0207	0.1258	0.1190	0.0068	0.0966	0.0826	0.0139	0.0394	0.0240	0.0153	0.0200	0.0174	0.0027	0.0193	0.0066	0.0127	0.0000	0.0000	0.0000	0.0000	0.0000	0.0000	0.0000	0.0000	0.0000	0.0000	0.0000	0.0000	0.0000	0.0000	0.0000	0.0000	0.0000	0.0000											
55	94	0.7250	9	1	2	0	0	0	0	0	0	N	Y	N	N	N	N	N	N	N	N	N	N	3.6652	2.7852	9.5917	9.3895	2.1824	2.3776	0.0000	3.6566	3.8340	0.0000	0.0000	0.0000	0.0000	0.5954	0.8537	0.0000	0.3812	0.4083	0.0000	0.0000	0.0000	0.0000	0.0000	0.0000	-0.2601	-0.0005	2.0000	5.9980	3.0000	4.9575	0.9998	0.9998	0.0000	0.9998	0.9998	0.0000	0.0000	0.0000	0.0000	0.0009	0.0009	0.0000	0.0009	0.0009	0.0000	0.0000	0.0000	0.0000	0.4581	0.4205	0.0376	0.2734	0.2608	0.0126	0.1847	0.1597	0.0250	0.0620	0.0429	0.0191	0.0395	0.0347	0.0049	0.0225	0.0082	0.0143	147.0872	110.7599	0.0000	157.0910	144.4255	0.0000	0.0000	0.0000	0.0000	0.0148	0.0215	0.0000	0.0233	0.0265	0.0000	0.0000	0.0000	0.0000					
55	95	0.1338	5	1	2	0	0	0	0	0	0	N	Y	N	N	N	N	N	N	N	N	N	N	0.0000	0.0000	0.0000	0.0000	0.0000	0.0000	0.0000	0.0000	0.0000	0.0000	0.0000	0.0000	0.0000	0.0000	0.0000	0.0000	0.0000	0.0000	0.0000	0.0000	2.0000	0.0000	3.0000	2.0000	0.0000	0.0000	0.0000	0.0000	0.0000	0.0000	0.0000	0.0000	0.0000	0.0000	0.0000	0.0000	0.0000	0.0000	0.0000	0.0000	0.0000	0.0000	0.0000	0.0000	0.0000	0.0000	0.0000	0.0000	0.0000	0.0000	0.0000	0.0239	0.0087	0.0152	0.0004	0.0004	0.0000	0.0234	0.0083	0.0151	0.0000	0.0000	0.0000	0.0000	0.0000	0.0000	0.0000	0.0000	0.0000	0.0000	0.0000	0.0000	0.0000	0.0000	0.0000	0.0000	0.0000	0.0000											
55	96	0.1114	4	0	2	0	0	0	0	0	0	N	Y	N	N	N	N	N	N	N	N	N	N	inf	inf	inf	inf	4.7472	0.0000	41.5197	0.0000	0.0000	0.0000	4.8990	0.0000	42.2917	0.0000	0.0000	0.0000	0.0000	0.0000	0.0000	0.0000	0.0000	0.0000	inf	0.7398	0.0000	2.0000	4.0000	3.0000	0.0000	1.0000	0.0000	1.0000	0.0000	0.0000	0.0000	1.0000	0.0000	1.0000	0.0000	0.0000	0.0000	0.0000	0.0000	0.0000	0.0000	0.0000	0.0000	0.2107	0.1866	0.0241	0.0065	0.0061	0.0004	0.2041	0.1805	0.0236	0.0442	0.0198	0.0244	0.0102	0.0087	0.0015	0.0340	0.0111	0.0228	inf	0.0000	inf	0.0000	0.0000	0.0000	inf	0.0000	inf	0.0000	0.0000	0.0000	0.0000	0.0000	0.0000	0.0000	0.0000	0.0000						
55	97	0.6675	7	0	1	0	0	0	0	0	0	N	N	N	N	N	N	N	N	N	N	N	N	0.0000	0.0000	0.0000	0.0000	0.0000	0.0000	0.0000	0.0000	0.0000	0.0000	0.0000	0.0000	0.0000	0.0000	0.0000	0.0000	0.0000	0.0000	0.0000	0.0000	2.0000	3.9994	3.0000	4.0000	0.0000	0.0000	0.0000	0.0000	0.0000	0.0000	0.0000	0.0000	0.0000	0.0000	0.0000	0.0000	0.0000	0.0000	0.0000	0.0000	0.0000	0.0000	0.3160	0.2865	0.0295	0.1773	0.1678	0.0095	0.1387	0.1188	0.0199	0.0535	0.0327	0.0209	0.0273	0.0237	0.0036	0.0262	0.0090	0.0172	0.0000	0.0000	0.0000	0.0000	0.0000	0.0000	0.0000	0.0000	0.0000	0.0000	0.0000	0.0000	0.0000	0.0000	0.0000	0.0000	0.0000	0.0000											
55	98	0.1114	4	0	1	0	0	0	0	0	0	N	N	N	N	N	N	N	N	N	N	N	N	0.0000	0.0000	0.0000	0.0000	0.0000	0.0000	0.0000	0.0000	0.0000	0.0000	0.0000	0.0000	0.0000	0.0000	0.0000	0.0000	0.0000	0.0000	0.0000	0.0000	2.0000	1.0000	3.0000	0.0000	0.0000	0.0000	0.0000	0.0000	0.0000	0.0000	0.0000	0.0000	0.0000	0.0000	0.0000	0.0000	0.0000	0.0000	0.0000	0.0000	0.0000	0.0000	0.1058	0.0935	0.0123	0.0032	0.0030	0.0002	0.1026	0.0905	0.0121	0.0214	0.0096	0.0118	0.0051	0.0043	0.0008	0.0163	0.0053	0.0110	0.0000	0.0000	0.0000	0.0000	0.0000	0.0000	0.0000	0.0000	0.0000	0.0000	0.0000	0.0000	0.0000	0.0000	0.0000	0.0000	0.0000	0.0000											
55	99	0.5565	6	0	1	0	0	0	0	0	0	N	N	N	N	N	N	N	N	N	N	N	N	0.0029	0.0020	0.0023	0.0029	inf	inf	0.0001	0.0001	0.0000	0.0000	0.0000	0.0000	0.0001	0.0001	0.0000	0.0187	0.0336	0.0000	0.0170	0.0173	0.0000	0.0000	0.0000	0.0000	0.0000	0.0000	-0.0000	-0.0001	2.0000	1.5982	3.0000	11.1970	0.0000	0.0000	0.0000	0.0000	0.0000	0.0000	0.0000	0.0000	0.0000	0.0002	0.0002	0.0000	0.0002	0.0002	0.0000	0.0000	0.0000	0.0000	0.3687	0.3017	0.0670	0.2602	0.2018	0.0584	0.1085	0.0999	0.0086	0.1205	0.0700	0.0505	0.0515	0.0465	0.0050	0.0689	0.0235	0.0454	0.0297	0.0211	0.0000	0.0090	0.0105	0.0000	inf	inf	0.0000	0.0018	0.0031	0.0000	0.0043	0.0047	0.0000	0.0000	0.0000	0.0000			
55	100	0.7265	10	1	2	1	0	0	0	0	0	N	Y	N	N	N	N	N	N	N	N	N	N	0.0000	0.0000	0.0000	0.0000	0.0000	0.0000	0.0000	0.0000	0.0000	0.0000	0.0000	0.0000	0.0000	161.1142	232.7065	0.0000	0.0000	0.0000	0.0000	448.6885	1252.2603	0.0000	0.0000	0.0000	-0.5209	2.0000	0.0000	3.0000	0.9982	0.0000	0.0000	0.0000	0.0000	0.0000	0.0000	0.0000	0.0000	0.0000	0.9981	0.9981	0.0000	0.0000	0.0000	0.0000	0.9981	0.9981	0.0000	0.0072	0.0066	0.0005	0.0059	0.0057	0.0002	0.0012	0.0009	0.0003	0.0062	0.0043	0.0019	0.0040	0.0035	0.0005	0.0022	0.0008	0.0014	0.0000	0.0000	0.0000	0.0000	0.0000	0.0000	0.0000	0.0000	0.0000	161.1142	232.7065	0.0000	0.0000	0.0000	0.0000	448.6885	1252.2603	0.0000						
55	101	0.1461	7	1	2	1	0	0	0	0	0	N	Y	N	N	N	N	N	N	N	N	N	N	0.0000	0.0000	0.0000	0.0000	0.0000	0.0000	0.0000	0.0000	0.0000	0.0000	0.0000	0.0000	0.0000	0.0000	0.0000	0.0000	0.0000	0.0000	0.0000	0.0000	2.0000	0.0000	3.0000	0.0000	0.0000	0.0000	0.0000	0.0000	0.0000	0.0000	0.0000	0.0000	0.0000	0.0000	0.0000	0.0000	0.0000	0.0000	0.0000	0.0000	0.0000	0.0000	0.0000	0.0000	0.0000	0.0000	0.0000	0.0000	0.0000	0.0000	0.0000	0.0000	0.0000	0.0000	0.0000	0.0000	0.0000	0.0000	0.0000	0.0000	0.0000	0.0000	0.0000	0.0000	0.0000	0.0000	0.0000	0.0000	0.0000	0.0000	0.0000	0.0000	0.0000	0.0000	0.0000	0.0000	0.0000	0.0000											
55	102	0.1461	6	1	1	1	0	0	0	0	0	N	N	N	N	N	N	N	N	N	N	N	N	0.0000	0.0000	0.0000	0.0000	0.0000	0.0000	0.0000	0.0000	0.0000	0.0000	0.0000	0.0000	0.0000	0.0000	0.0000	0.0000	0.0000	0.0000	0.0000	0.0000	2.0000	0.0000	3.0000	0.0000	0.0000	0.0000	0.0000	0.0000	0.0000	0.0000	0.0000	0.0000	0.0000	0.0000	0.0000	0.0000	0.0000	0.0000	0.0000	0.0000	0.0000	0.0000	0.0000	0.0000	0.0000	0.0000	0.0000	0.0000	0.0000	0.0000	0.0000	0.0000	0.0000	0.0000	0.0000	0.0000	0.0000	0.0000	0.0000	0.0000	0.0000	0.0000	0.0000	0.0000	0.0000	0.0000	0.0000	0.0000	0.0000	0.0000	0.0000	0.0000	0.0000	0.0000	0.0000	0.0000	0.0000	0.0000											
55	103	0.1400	5	1	1	1	0	0	0	0	0	N	N	N	N	N	N	N	N	N	N	N	N	0.0000	0.0000	0.0000	0.0000	0.0000	0.0000	0.0000	0.0000	0.0000	0.0000	0.0000	0.0000	0.0000	0.0000	0.0000	0.0000	0.0000	0.0000	0.0000	0.0000	2.0000	0.0000	3.0000	1.0091	0.0000	0.0000	0.0000	0.0000	0.0000	0.0000	0.0000	0.0000	0.0000	0.0000	0.0000	0.0000	0.0000	0.0000	0.0000	0.0000	0.0000	0.0000	0.0000	0.0000	0.0000	0.0000	0.0000	0.0000	0.0000	0.0000	0.0000	0.0123	0.0045	0.0078	0.0003	0.0002	0.0000	0.0120	0.0042	0.0078	0.0000	0.0000	0.0000	0.0000	0.0000	0.0000	0.0000	0.0000	0.0000	0.0000	0.0000	0.0000	0.0000	0.0000	0.0000	0.0000	0.0000	0.0000											
55	104	0.6675	7	0	2	0	0	0	0	0	0	N	Y	N	N	N	N	N	N	N	N	N	N	0.0000	0.0000	0.0000	0.0000	0.0000	0.0000	0.0000	0.0000	0.0000	0.0000	0.0000	0.0000	0.0000	0.0000	0.0000	0.0000	0.0000	0.0000	0.0000	0.0000	2.0000	7.9994	3.0000	4.0001	0.0000	0.0000	0.0000	0.0000	0.0000	0.0000	0.0000	0.0000	0.0000	0.0000	0.0000	0.0000	0.0000	0.0000	0.0000	0.0000	0.0000	0.0000	0.5730	0.5197	0.0533	0.3140	0.2975	0.0165	0.2590	0.2221	0.0369	0.0775	0.0474	0.0302	0.0397	0.0344	0.0053	0.0378	0.0130	0.0248	0.0000	0.0000	0.0000	0.0000	0.0000	0.0000	0.0000	0.0000	0.0000	0.0000	0.0000	0.0000	0.0000	0.0000	0.0000	0.0000	0.0000	0.0000											
55	105	0.7300	11	1	1	1	0	0	0	0	0	N	N	N	N	N	N	N	N	N	N	N	N	0.0000	0.0000	0.0000	0.0000	0.0000	0.0000	0.0000	0.0000	0.0000	0.0000	0.0000	0.0000	0.0000	0.0000	0.0000	0.0000	0.0000	0.0000	0.0000	0.0000	2.0000	1.0000	3.0000	1.0005	0.0000	0.0000	0.0000	0.0000	0.0000	0.0000	0.0000	0.0000	0.0000	0.0000	0.0000	0.0000	0.0000	0.0000	0.0000	0.0000	0.0000	0.0000	0.0867	0.0797	0.0070	0.0532	0.0507	0.0025	0.0336	0.0290	0.0046	0.0121	0.0084	0.0037	0.0078	0.0068	0.0009	0.0044	0.0016	0.0028	0.0000	0.0000	0.0000	0.0000	0.0000	0.0000	0.0000	0.0000	0.0000	0.0000	0.0000	0.0000	0.0000	0.0000	0.0000	0.0000	0.0000	0.0000											
55	106	0.7265	10	1	1	1	0	0	0	0	0	N	N	N	N	N	N	N	N	N	N	N	N	0.0009	0.0008	0.0000	0.0000	inf	inf	0.0017	0.0019	0.0000	0.0000	0.0000	0.0000	0.0047	0.0054	0.0000	1.8406	2.4083	0.0000	3.1127	3.2420	0.0000	0.0000	0.0000	0.0000	0.0000	0.0000	-0.0000	-0.0010	2.0000	0.7249	3.0000	0.0368	0.0001	0.0001	0.0000	0.0000	0.0000	0.0000	0.0001	0.0001	0.0000	0.0019	0.0019	0.0000	0.0019	0.0019	0.0000	0.0000	0.0000	0.0000	0.0703	0.0646	0.0057	0.0446	0.0425	0.0020	0.0257	0.0221	0.0036	0.0048	0.0033	0.0015	0.0031	0.0027	0.0004	0.0017	0.0006	0.0011	0.0043	0.0033	0.0000	0.0000	0.0000	0.0000	inf	inf	0.0000	0.3928	0.5678	0.0000	0.6130	0.6970	0.0000	0.0000	0.0000	0.0000			
55	107	0.7250	9	1	1	1	0	0	0	0	0	N	N	N	N	N	N	N	N	N	N	N	N	0.0032	0.0026	0.0015	0.0015	0.0045	0.0027	0.0069	0.0074	0.0000	0.0041	0.0043	0.0000	0.0125	0.0145	0.0000	2.1665	2.8843	0.0000	2.6952	2.8723	0.0000	2.7892	5.4389	0.0000	0.0000	0.0000	-0.0001	-0.0015	2.0000	0.4159	3.0000	0.0887	0.0003	0.0003	0.0000	0.0001	0.0001	0.0000	0.0002	0.0002	0.0000	0.0028	0.0028	0.0000	0.0009	0.0009	0.0000	0.0019	0.0019	0.0000	0.0436	0.0403	0.0033	0.0292	0.0279	0.0014	0.0144	0.0124	0.0020	0.0034	0.0024	0.0010	0.0022	0.0019	0.0003	0.0013	0.0005	0.0008	0.0085	0.0064	0.0000	0.0097	0.0090	0.0000	0.0084	0.0038	0.0000	0.8132	1.1576	0.0000	0.4239	0.4793	0.0000	1.4822	3.8023	0.0000			
55	108	0.7088	8	1	1	0	0	0	0	0	0	N	N	N	N	N	N	N	N	N	N	N	N	0.0007	0.0005	inf	inf	0.0000	0.0000	0.0006	0.0006	0.0000	0.0010	0.0010	0.0000	0.0000	0.0000	0.0000	0.8178	1.1954	0.0000	0.0000	0.0000	0.0000	0.8358	3.2361	0.0000	0.0000	0.0000	-0.0000	-0.0005	2.0000	3.9943	3.0000	0.9974	0.0002	0.0002	0.0000	0.0002	0.0002	0.0000	0.0000	0.0000	0.0000	0.0009	0.0009	0.0000	0.0000	0.0000	0.0000	0.0009	0.0009	0.0000	0.3200	0.2926	0.0274	0.1862	0.1773	0.0089	0.1338	0.1153	0.0185	0.0321	0.0212	0.0110	0.0196	0.0173	0.0023	0.0126	0.0039	0.0086	0.0196	0.0142	0.0000	inf	inf	0.0000	0.0000	0.0000	0.0000	0.0286	0.0434	0.0000	0.0000	0.0000	0.0000	0.0733	0.2341	0.0000			
55	109	0.1400	5	1	1	1	0	0	0	0	0	N	N	N	N	N	N	N	N	N	N	N	N	0.0000	0.0000	0.0000	0.0000	0.0000	0.0000	0.0000	0.0000	0.0000	0.0000	0.0000	0.0000	0.0000	0.0000	0.0000	0.0000	0.0000	0.0000	0.0000	0.0000	2.0000	0.0000	3.0000	0.9909	0.0000	0.0000	0.0000	0.0000	0.0000	0.0000	0.0000	0.0000	0.0000	0.0000	0.0000	0.0000	0.0000	0.0000	0.0000	0.0000	0.0000	0.0000	0.0000	0.0000	0.0000	0.0000	0.0000	0.0000	0.0000	0.0000	0.0000	0.0121	0.0044	0.0077	0.0003	0.0002	0.0000	0.0118	0.0042	0.0076	0.0000	0.0000	0.0000	0.0000	0.0000	0.0000	0.0000	0.0000	0.0000	0.0000	0.0000	0.0000	0.0000	0.0000	0.0000	0.0000	0.0000	0.0000											
55	110	0.1114	4	1	1	1	0	0	0	0	0	N	N	N	N	N	N	N	N	N	N	N	N	inf	inf	inf	inf	4.7472	0.0000	41.5198	0.0000	0.0000	0.0000	4.8990	0.0000	42.2918	0.0000	0.0000	0.0000	0.0000	0.0000	0.0000	0.0000	0.0000	0.0000	inf	0.7398	0.0000	2.0000	4.0000	3.0000	0.0000	1.0000	0.0000	1.0000	0.0000	0.0000	0.0000	1.0000	0.0000	1.0000	0.0000	0.0000	0.0000	0.0000	0.0000	0.0000	0.0000	0.0000	0.0000	0.2106	0.1866	0.0241	0.0065	0.0061	0.0004	0.2041	0.1805	0.0236	0.0442	0.0198	0.0244	0.0102	0.0087	0.0015	0.0340	0.0111	0.0228	inf	0.0000	inf	0.0000	0.0000	0.0000	inf	0.0000	inf	0.0000	0.0000	0.0000	0.0000	0.0000	0.0000	0.0000	0.0000	0.0000						
55	112	0.7134	8	0	1	1	0	0	0	0	0	N	N	N	N	N	N	N	N	N	N	N	N	0.0000	0.0000	0.0000	0.0000	0.0000	0.0000	0.0000	0.0000	0.0000	0.0000	0.0000	0.0000	0.0000	0.0000	0.0000	0.0000	0.0000	0.0000	0.0000	0.0000	2.0000	0.0000	3.0000	0.0001	0.0000	0.0000	0.0000	0.0000	0.0000	0.0000	0.0000	0.0000	0.0000	0.0000	0.0000	0.0000	0.0000	0.0000	0.0000	0.0000	0.0000	0.0000	0.0000	0.0000	0.0000	0.0000	0.0000	0.0000	0.0000	0.0000	0.0000	0.0000	0.0000	0.0000	0.0000	0.0000	0.0000	0.0000	0.0000	0.0000	0.0000	0.0000	0.0000	0.0000	0.0000	0.0000	0.0000	0.0000	0.0000	0.0000	0.0000	0.0000	0.0000	0.0000	0.0000	0.0000	0.0000	0.0000											
55	113	0.6675	7	0	1	1	0	0	0	0	0	N	N	N	N	N	N	N	N	N	N	N	N	0.0000	0.0000	0.0000	0.0000	0.0000	0.0000	0.0000	0.0000	0.0000	0.0000	0.0000	0.0000	0.0000	0.0000	0.0000	0.0000	0.0000	0.0000	0.0000	0.0000	2.0000	4.0004	3.0000	4.9999	0.0000	0.0000	0.0000	0.0000	0.0000	0.0000	0.0000	0.0000	0.0000	0.0000	0.0000	0.0000	0.0000	0.0000	0.0000	0.0000	0.0000	0.0000	0.3161	0.2866	0.0295	0.1774	0.1678	0.0095	0.1387	0.1188	0.0199	0.0597	0.0364	0.0232	0.0305	0.0264	0.0041	0.0292	0.0100	0.0192	0.0000	0.0000	0.0000	0.0000	0.0000	0.0000	0.0000	0.0000	0.0000	0.0000	0.0000	0.0000	0.0000	0.0000	0.0000	0.0000	0.0000	0.0000											
55	114	0.0788	3	0	2	0	0	0	0	0	0	N	Y	N	N	N	N	N	N	N	N	N	N	0.0000	0.0000	0.0000	0.0000	0.0000	0.0000	0.0000	0.0000	0.0000	0.0000	0.0000	0.0000	0.0000	0.0003	0.0006	0.0000	0.0012	0.0010	0.0000	0.0000	0.0000	0.0000	0.0000	0.0000	-0.0000	2.0000	4.3361	3.0000	4.6323	0.0000	0.0000	0.0000	0.0000	0.0000	0.0000	0.0000	0.0000	0.0000	0.0000	0.0000	0.0000	0.0000	0.0000	0.0000	0.0000	0.0000	0.0000	0.5581	0.4253	0.1328	0.1434	0.1430	0.0004	0.4147	0.2823	0.1324	0.1752	0.0883	0.0869	0.0407	0.0382	0.0026	0.1344	0.0501	0.0843	0.0000	0.0000	0.0000	0.0000	0.0000	0.0000	0.0000	0.0000	0.0000	0.0001	0.0002	0.0000	0.0005	0.0005	0.0000	0.0000	0.0000	0.0000						
55	116	0.6675	7	0	2	0	1	0	0	0	0	N	Y	N	N	N	N	N	N	N	N	N	N	inf	inf	inf	inf	2.5962	2.8630	0.0000	4.6555	4.9182	0.0000	0.0000	0.0000	0.0000	0.0000	0.0000	0.0000	0.0000	0.0000	0.0000	0.0000	0.0000	0.0000	0.0000	-0.2602	0.0000	2.0000	5.0006	3.0000	2.0000	1.0000	1.0000	0.0000	1.0000	1.0000	0.0000	0.0000	0.0000	0.0000	0.0000	0.0000	0.0000	0.0000	0.0000	0.0000	0.0000	0.0000	0.0000	0.3852	0.3493	0.0359	0.2148	0.2033	0.0115	0.1704	0.1460	0.0244	0.0472	0.0288	0.0184	0.0241	0.0209	0.0032	0.0232	0.0080	0.0152	inf	inf	0.0000	inf	inf	0.0000	0.0000	0.0000	0.0000	0.0000	0.0000	0.0000	0.0000	0.0000	0.0000	0.0000	0.0000	0.0000						
55	117	0.1114	4	0	2	0	1	0	0	0	0	N	Y	N	N	N	N	N	N	N	N	N	N	0.0000	0.0000	0.0000	0.0000	0.0000	0.0000	0.0000	0.0000	0.0000	0.0000	0.0000	0.0000	0.0000	0.0000	0.0000	0.0000	0.0000	0.0000	0.0000	0.0000	2.0000	0.0000	3.0000	1.0000	0.0000	0.0000	0.0000	0.0000	0.0000	0.0000	0.0000	0.0000	0.0000	0.0000	0.0000	0.0000	0.0000	0.0000	0.0000	0.0000	0.0000	0.0000	0.0000	0.0000	0.0000	0.0000	0.0000	0.0000	0.0000	0.0000	0.0000	0.0164	0.0074	0.0090	0.0039	0.0033	0.0006	0.0125	0.0041	0.0084	0.0000	0.0000	0.0000	0.0000	0.0000	0.0000	0.0000	0.0000	0.0000	0.0000	0.0000	0.0000	0.0000	0.0000	0.0000	0.0000	0.0000	0.0000											
55	118	0.6675	7	0	2	0	0	0	0	0	0	N	Y	N	N	N	N	N	N	N	N	N	N	0.0000	0.0000	0.0000	0.0000	0.0000	0.0000	0.0000	0.0000	0.0000	0.0000	0.0000	0.0000	0.0000	0.0000	0.0000	0.0000	0.0000	0.0000	0.0000	0.0000	2.0000	16.9994	3.0000	6.0000	0.0000	0.0000	0.0000	0.0000	0.0000	0.0000	0.0000	0.0000	0.0000	0.0000	0.0000	0.0000	0.0000	0.0000	0.0000	0.0000	0.0000	0.0000	1.0051	0.9118	0.0933	0.5268	0.5002	0.0266	0.4783	0.4116	0.0667	0.1354	0.0828	0.0526	0.0700	0.0604	0.0096	0.0654	0.0224	0.0430	0.0000	0.0000	0.0000	0.0000	0.0000	0.0000	0.0000	0.0000	0.0000	0.0000	0.0000	0.0000	0.0000	0.0000	0.0000	0.0000	0.0000	0.0000											
55	119	0.1114	4	0	2	0	0	0	0	0	0	N	Y	N	N	N	N	N	N	N	N	N	N	0.0000	0.0000	0.0000	0.0000	0.0000	0.0000	0.0000	0.0000	0.0000	0.0000	0.0000	0.0000	0.0000	0.0000	0.0000	0.0000	0.0000	0.0000	0.0000	0.0000	2.0000	5.0000	3.0000	6.0000	0.0000	0.0000	0.0000	0.0000	0.0000	0.0000	0.0000	0.0000	0.0000	0.0000	0.0000	0.0000	0.0000	0.0000	0.0000	0.0000	0.0000	0.0000	0.2536	0.2248	0.0288	0.0079	0.0074	0.0005	0.2457	0.2174	0.0283	0.1043	0.0462	0.0581	0.0223	0.0189	0.0034	0.0820	0.0273	0.0547	0.0000	0.0000	0.0000	0.0000	0.0000	0.0000	0.0000	0.0000	0.0000	0.0000	0.0000	0.0000	0.0000	0.0000	0.0000	0.0000	0.0000	0.0000											
55	120	0.1395	5	0	2	0	0	0	0	0	0	N	Y	N	N	N	N	N	N	N	N	N	N	18.0925	0.0000	2081768.1543	0.0172	0.0000	inf	501294.7543	2713473.1664	0.1110	0.0000	1.2165	0.0004	0.0000	0.0089	0.2080	0.0000	1.5966	0.0061	0.0167	0.0000	0.0243	0.0209	0.0000	0.0000	0.0000	0.0000	inf	0.0004	0.0042	-0.0000	2.0000	0.9998	3.0000	0.9486	0.0057	0.0000	0.0057	0.0000	0.0000	0.0000	0.0057	0.0000	0.0057	0.0000	0.0000	0.0000	0.0000	0.0000	0.0000	0.0000	0.0000	0.0000	0.0513	0.0467	0.0047	0.0240	0.0229	0.0011	0.0274	0.0238	0.0036	0.0225	0.0094	0.0132	0.0040	0.0039	0.0001	0.0186	0.0055	0.0131	125.0786	0.0000	2081768.1543	0.0829	0.0000	inf	501294.7543	0.0000	2713473.1664	0.0009	0.0021	0.0000	0.0050	0.0051	0.0000	0.0000	0.0000	0.0000	
55	121	0.1114	4	0	2	0	0	0	0	0	0	N	Y	N	N	N	N	N	N	N	N	N	N	5793.0725	0.0220	inf	0.0000	0.0000	9954.4536	0.0023	inf	3.6122	0.0000	31.9175	0.0000	0.0000	0.0000	3.7295	0.0000	32.5241	0.0006	0.0019	0.0000	0.0001	0.0001	0.0000	0.0004	0.0188	0.0000	99429.0000	0.0000	0.7356	-0.0000	2.0000	3.0005	3.0000	1.1085	0.9943	0.0000	0.9943	0.0000	0.0000	0.0000	0.9943	0.0000	0.9943	0.0000	0.0000	0.0000	0.0000	0.0000	0.0000	0.0000	0.0000	0.0000	0.2753	0.2441	0.0312	0.0087	0.0081	0.0006	0.2666	0.2360	0.0306	0.0773	0.0344	0.0429	0.0172	0.0146	0.0026	0.0601	0.0199	0.0403	13958.1195	0.0705	inf	0.0000	0.0000	0.0000	11214.9350	0.0421	inf	0.0003	0.0006	0.0000	0.0000	0.0000	0.0000	0.0003	0.0010	0.0000	
55	122	0.7088	8	0	2	0	0	0	0	0	0	N	Y	N	N	N	N	N	N	N	N	N	N	0.0000	0.0000	0.0000	0.0000	0.0000	0.0000	0.0000	0.0000	0.0000	0.0000	0.0000	0.0000	0.0000	0.0000	0.0000	0.0000	0.0000	0.0000	0.0000	0.0000	2.0000	2.0001	3.0000	3.0000	0.0000	0.0000	0.0000	0.0000	0.0000	0.0000	0.0000	0.0000	0.0000	0.0000	0.0000	0.0000	0.0000	0.0000	0.0000	0.0000	0.0000	0.0000	0.1700	0.1555	0.0144	0.1005	0.0957	0.0048	0.0694	0.0598	0.0096	0.0322	0.0212	0.0110	0.0196	0.0173	0.0023	0.0126	0.0039	0.0086	0.0000	0.0000	0.0000	0.0000	0.0000	0.0000	0.0000	0.0000	0.0000	0.0000	0.0000	0.0000	0.0000	0.0000	0.0000	0.0000	0.0000	0.0000											
55	123	0.6675	7	0	1	0	0	0	0	0	0	N	N	N	N	N	N	N	N	N	N	N	N	0.0000	0.0000	0.0000	0.0000	0.0000	0.0000	0.0000	0.0000	0.0000	0.0000	0.0000	0.0000	0.0000	0.0000	0.0000	0.0000	0.0000	0.0000	0.0000	0.0000	2.0000	6.9986	3.0000	2.0000	0.0000	0.0000	0.0000	0.0000	0.0000	0.0000	0.0000	0.0000	0.0000	0.0000	0.0000	0.0000	0.0000	0.0000	0.0000	0.0000	0.0000	0.0000	0.5133	0.4655	0.0478	0.2829	0.2680	0.0149	0.2304	0.1975	0.0329	0.0597	0.0364	0.0232	0.0305	0.0264	0.0041	0.0292	0.0100	0.0192	0.0000	0.0000	0.0000	0.0000	0.0000	0.0000	0.0000	0.0000	0.0000	0.0000	0.0000	0.0000	0.0000	0.0000	0.0000	0.0000	0.0000	0.0000											
55	124	0.1449	5	0	2	0	0	0	0	0	0	N	Y	N	N	N	N	N	N	N	N	N	N	0.2762	1.0099	0.3657	1.9819	0.2487	0.9691	2.6193	0.0000	26.2462	0.0011	0.0000	0.0235	3.1583	0.0000	28.4802	9.4823	0.0000	25.9884	0.0030	0.0000	0.0119	12.7017	0.0000	29.3895	inf	inf	0.7353	0.4794	2.0000	3.9006	3.0000	3.1543	0.9940	0.0000	0.9940	0.0001	0.0000	0.0001	0.9939	0.0000	0.9939	1.0027	0.0000	1.0027	0.0000	0.0000	0.0000	1.0027	0.0000	1.0027	0.3795	0.3416	0.0379	0.0648	0.0618	0.0030	0.3147	0.2798	0.0349	0.1057	0.0453	0.0605	0.0268	0.0227	0.0041	0.0789	0.0225	0.0564	0.2762	0.0000	1.5834	0.9655	0.0000	3.2010	0.2487	0.0000	1.6024	9.4823	0.0000	16.5753	0.0011	0.0000	0.0074	12.7017	0.0000	17.7731			
55	125	0.1114	4	0	2	0	0	0	0	0	0	N	Y	N	N	N	N	N	N	N	N	N	N	0.0025	0.1024	0.0098	0.0000	0.0000	0.0020	0.0140	0.0087	0.0359	0.0005	0.3083	0.0000	0.0000	0.0000	0.0370	0.0005	0.3139	14.4122	0.0045	31.5137	0.0001	0.0001	0.0000	18.5838	0.0345	35.9285	86.1429	33186.5799	0.0044	0.4768	2.0000	1.6924	3.0000	1.9110	0.0061	0.0001	0.0060	0.0000	0.0000	0.0000	0.0061	0.0001	0.0060	0.9973	0.0000	0.9973	0.0000	0.0000	0.0000	0.9973	0.0000	0.9973	0.1700	0.1505	0.0196	0.0052	0.0049	0.0004	0.1648	0.1456	0.0192	0.0692	0.0309	0.0383	0.0155	0.0132	0.0023	0.0537	0.0177	0.0360	0.0025	0.4781	0.0118	0.0000	0.0000	0.0000	0.0020	0.2835	0.0113	14.4122	0.0010	26.0286	0.0000	0.0000	0.0000	18.5838	0.0017	27.7236	
55	126	0.6675	7	0	2	0	0	0	0	0	0	N	Y	N	N	N	N	N	N	N	N	N	N	0.0000	0.0000	0.0000	0.0000	0.0000	0.0000	0.0000	0.0000	0.0000	0.0000	0.0000	0.0000	0.0000	0.0000	0.0000	0.0000	0.0000	0.0000	0.0000	0.0000	2.0000	0.9996	3.0000	8.0005	0.0000	0.0000	0.0000	0.0000	0.0000	0.0000	0.0000	0.0000	0.0000	0.0000	0.0000	0.0000	0.0000	0.0000	0.0000	0.0000	0.0000	0.0000	0.0856	0.0776	0.0080	0.0490	0.0463	0.0027	0.0366	0.0313	0.0053	0.0597	0.0364	0.0232	0.0305	0.0264	0.0041	0.0292	0.0100	0.0192	0.0000	0.0000	0.0000	0.0000	0.0000	0.0000	0.0000	0.0000	0.0000	0.0000	0.0000	0.0000	0.0000	0.0000	0.0000	0.0000	0.0000	0.0000											
55	127	0.5729	7	0	1	0	0	0	0	0	0	N	N	N	N	N	N	N	N	N	N	N	N	17.4339	8.9694	0.0023	0.0028	inf	inf	2.0011	2.3665	0.0000	0.0002	0.0002	0.0000	6.3147	7.0427	0.0000	0.1148	0.2638	0.0000	0.0755	0.0776	0.0000	0.0000	0.0000	0.0000	0.0000	0.0000	-0.2595	-0.0003	2.0000	3.6536	3.0000	12.3970	0.9973	0.9973	0.0000	0.0001	0.0001	0.0000	0.9973	0.9973	0.0000	0.0005	0.0005	0.0000	0.0005	0.0005	0.0000	0.0000	0.0000	0.0000	0.4984	0.4214	0.0770	0.3405	0.2798	0.0606	0.1579	0.1416	0.0163	0.1312	0.0759	0.0553	0.0556	0.0494	0.0062	0.0756	0.0265	0.0491	547.0712	374.3776	0.0000	0.0204	0.0221	0.0000	inf	inf	0.0000	0.0037	0.0063	0.0000	0.0086	0.0097	0.0000	0.0000	0.0000	0.0000			
55	128	0.3618	5	0	1	0	0	0	0	0	0	N	N	N	N	N	N	N	N	N	N	N	N	0.0966	0.0783	0.1244	0.1278	0.0886	0.1097	0.0000	0.1653	0.1802	0.0000	0.0000	0.0000	0.0000	0.9172	1.4016	0.0000	1.3283	1.4095	0.0000	0.0000	0.0000	0.0000	0.0000	0.0000	-0.0157	-0.0052	2.0000	5.3495	3.0000	12.4099	0.0604	0.0604	0.0000	0.0604	0.0604	0.0000	0.0000	0.0000	0.0000	0.0100	0.0100	0.0000	0.0100	0.0100	0.0000	0.0000	0.0000	0.0000	0.6817	0.5507	0.1310	0.3655	0.3353	0.0301	0.3163	0.2154	0.1009	0.2552	0.1478	0.1074	0.1067	0.0937	0.0129	0.1486	0.0541	0.0945	2.2616	1.6216	0.0000	1.7632	1.6888	0.0000	0.0000	0.0000	0.0000	0.0392	0.0676	0.0000	0.0938	0.1067	0.0000	0.0000	0.0000	0.0000					
55	129	0.7790	13	0	2	0	1	0	0	0	0	N	Y	N	N	N	N	N	N	N	N	N	N	0.0000	0.0000	0.0000	0.0000	0.0000	0.0000	0.0000	0.0000	0.0000	0.0000	0.0000	0.0000	0.0000	0.0000	0.0000	0.0000	0.0000	0.0000	0.0000	0.0000	2.0000	0.0000	3.0000	0.0000	0.0000	0.0000	0.0000	0.0000	0.0000	0.0000	0.0000	0.0000	0.0000	0.0000	0.0000	0.0000	0.0000	0.0000	0.0000	0.0000	0.0000	0.0000	0.0000	0.0000	0.0000	0.0000	0.0000	0.0000	0.0000	0.0000	0.0000	0.0000	0.0000	0.0000	0.0000	0.0000	0.0000	0.0000	0.0000	0.0000	0.0000	0.0000	0.0000	0.0000	0.0000	0.0000	0.0000	0.0000	0.0000	0.0000	0.0000	0.0000	0.0000	0.0000	0.0000	0.0000	0.0000	0.0000											
55	130	0.7627	12	0	2	0	1	0	0	0	0	N	Y	N	N	N	N	N	N	N	N	N	N	0.0000	0.0000	0.0000	0.0000	0.0000	0.0000	0.0000	0.0000	0.0000	0.0000	0.0000	0.0000	0.0000	0.0000	0.0000	0.0000	0.0000	0.0000	0.0000	0.0000	2.0000	0.0000	3.0000	3.0001	0.0000	0.0000	0.0000	0.0000	0.0000	0.0000	0.0000	0.0000	0.0000	0.0000	0.0000	0.0000	0.0000	0.0000	0.0000	0.0000	0.0000	0.0000	0.0000	0.0000	0.0000	0.0000	0.0000	0.0000	0.0000	0.0000	0.0000	0.0177	0.0118	0.0059	0.0110	0.0095	0.0014	0.0067	0.0023	0.0045	0.0000	0.0000	0.0000	0.0000	0.0000	0.0000	0.0000	0.0000	0.0000	0.0000	0.0000	0.0000	0.0000	0.0000	0.0000	0.0000	0.0000	0.0000											
55	131	0.7530	11	0	2	0	0	0	0	0	0	N	Y	N	N	N	N	N	N	N	N	N	N	0.0000	0.0000	0.0000	0.0000	0.0000	0.0000	0.0000	0.0000	0.0000	0.0000	0.0000	0.0000	0.0000	0.0000	0.0000	0.0000	0.0000	0.0000	0.0000	0.0000	2.0000	0.0000	3.0000	0.0000	0.0000	0.0000	0.0000	0.0000	0.0000	0.0000	0.0000	0.0000	0.0000	0.0000	0.0000	0.0000	0.0000	0.0000	0.0000	0.0000	0.0000	0.0000	0.0000	0.0000	0.0000	0.0000	0.0000	0.0000	0.0000	0.0000	0.0000	0.0000	0.0000	0.0000	0.0000	0.0000	0.0000	0.0000	0.0000	0.0000	0.0000	0.0000	0.0000	0.0000	0.0000	0.0000	0.0000	0.0000	0.0000	0.0000	0.0000	0.0000	0.0000	0.0000	0.0000	0.0000	0.0000	0.0000											
55	132	0.7627	12	0	1	1	1	0	0	0	0	N	N	N	N	N	N	N	N	N	N	N	N	0.0000	0.0000	0.0000	0.0000	0.0000	0.0000	0.0000	0.0000	0.0000	0.0000	0.0000	0.0000	0.0000	0.0000	0.0000	0.0000	0.0000	0.0000	0.0000	0.0000	2.0000	0.0000	3.0000	1.9999	0.0000	0.0000	0.0000	0.0000	0.0000	0.0000	0.0000	0.0000	0.0000	0.0000	0.0000	0.0000	0.0000	0.0000	0.0000	0.0000	0.0000	0.0000	0.0000	0.0000	0.0000	0.0000	0.0000	0.0000	0.0000	0.0000	0.0000	0.0119	0.0079	0.0040	0.0074	0.0064	0.0009	0.0045	0.0015	0.0030	0.0000	0.0000	0.0000	0.0000	0.0000	0.0000	0.0000	0.0000	0.0000	0.0000	0.0000	0.0000	0.0000	0.0000	0.0000	0.0000	0.0000	0.0000											
55	133	0.7737	13	0	1	1	1	0	0	0	0	N	N	N	N	N	N	N	N	N	N	N	N	0.0000	0.0000	0.0000	0.0000	0.0000	0.0000	0.0000	0.0000	0.0000	0.0000	0.0000	0.0000	0.0000	0.0000	0.0000	0.0000	0.0000	0.0000	0.0000	0.0000	2.0000	1.0000	3.0000	0.0000	0.0000	0.0000	0.0000	0.0000	0.0000	0.0000	0.0000	0.0000	0.0000	0.0000	0.0000	0.0000	0.0000	0.0000	0.0000	0.0000	0.0000	0.0000	0.0906	0.0832	0.0075	0.0573	0.0545	0.0028	0.0333	0.0287	0.0046	0.0057	0.0038	0.0019	0.0034	0.0030	0.0004	0.0023	0.0008	0.0015	0.0000	0.0000	0.0000	0.0000	0.0000	0.0000	0.0000	0.0000	0.0000	0.0000	0.0000	0.0000	0.0000	0.0000	0.0000	0.0000	0.0000	0.0000											
55	134	0.7737	13	0	1	1	1	0	0	0	0	N	N	N	N	N	N	N	N	N	N	N	N	0.0000	0.0000	0.0000	0.0000	0.0000	0.0000	0.0000	0.0000	0.0000	0.0000	0.0000	0.0000	0.0000	0.0000	0.0000	0.0000	0.0000	0.0000	0.0000	0.0000	2.0000	0.0000	3.0000	0.0000	0.0000	0.0000	0.0000	0.0000	0.0000	0.0000	0.0000	0.0000	0.0000	0.0000	0.0000	0.0000	0.0000	0.0000	0.0000	0.0000	0.0000	0.0000	0.0000	0.0000	0.0000	0.0000	0.0000	0.0000	0.0000	0.0000	0.0000	0.0000	0.0000	0.0000	0.0000	0.0000	0.0000	0.0000	0.0000	0.0000	0.0000	0.0000	0.0000	0.0000	0.0000	0.0000	0.0000	0.0000	0.0000	0.0000	0.0000	0.0000	0.0000	0.0000	0.0000	0.0000	0.0000	0.0000											
55	135	0.7627	12	0	1	1	1	0	0	0	0	N	N	N	N	N	N	N	N	N	N	N	N	inf	inf	inf	inf	5.6128	6.1213	0.0000	0.0000	0.0000	0.0000	14.9687	17.3832	0.0000	0.0000	0.0000	0.0000	0.0000	0.0000	0.0000	0.0000	0.0000	0.0000	0.0000	-0.2602	0.0000	2.0000	2.0025	3.0000	0.9943	1.0000	1.0000	0.0000	0.0000	0.0000	0.0000	1.0000	1.0000	0.0000	0.0000	0.0000	0.0000	0.0000	0.0000	0.0000	0.0000	0.0000	0.0000	0.1782	0.1634	0.0148	0.1114	0.1058	0.0055	0.0668	0.0575	0.0093	0.0177	0.0118	0.0059	0.0109	0.0095	0.0014	0.0067	0.0023	0.0045	inf	inf	0.0000	0.0000	0.0000	0.0000	inf	inf	0.0000	0.0000	0.0000	0.0000	0.0000	0.0000	0.0000	0.0000	0.0000	0.0000						
55	136	0.7627	11	0	1	0	1	0	0	0	0	N	N	N	N	N	N	N	N	N	N	N	N	0.0000	0.0000	0.0000	0.0000	0.0000	0.0000	0.0000	0.0000	0.0000	0.0000	0.0000	0.0000	0.0000	0.0000	0.0000	0.0000	0.0000	0.0000	0.0000	0.0000	2.0000	0.0050	3.0000	0.0173	0.0000	0.0000	0.0000	0.0000	0.0000	0.0000	0.0000	0.0000	0.0000	0.0000	0.0000	0.0000	0.0000	0.0000	0.0000	0.0000	0.0000	0.0000	0.0016	0.0014	0.0002	0.0014	0.0013	0.0001	0.0002	0.0002	0.0000	0.0001	0.0001	0.0000	0.0001	0.0001	0.0000	0.0001	0.0000	0.0000	0.0000	0.0000	0.0000	0.0000	0.0000	0.0000	0.0000	0.0000	0.0000	0.0000	0.0000	0.0000	0.0000	0.0000	0.0000	0.0000	0.0000	0.0000											
55	137	0.7530	10	0	1	0	1	0	0	0	0	N	N	N	N	N	N	N	N	N	N	N	N	0.0000	0.0000	0.0000	0.0000	0.0000	0.0000	0.0000	0.0000	0.0000	0.0000	0.0000	0.0000	0.0000	0.0000	0.0000	0.0000	0.0000	0.0000	0.0000	0.0000	2.0000	1.9972	3.0000	1.0076	0.0000	0.0000	0.0000	0.0000	0.0000	0.0000	0.0000	0.0000	0.0000	0.0000	0.0000	0.0000	0.0000	0.0000	0.0000	0.0000	0.0000	0.0000	0.1523	0.1388	0.0135	0.0870	0.0826	0.0044	0.0653	0.0562	0.0091	0.0165	0.0113	0.0052	0.0110	0.0096	0.0014	0.0055	0.0017	0.0038	0.0000	0.0000	0.0000	0.0000	0.0000	0.0000	0.0000	0.0000	0.0000	0.0000	0.0000	0.0000	0.0000	0.0000	0.0000	0.0000	0.0000	0.0000											
55	138	0.7358	9	1	2	0	0	0	0	0	0	N	Y	N	N	N	N	N	N	N	N	N	N	0.0000	0.0000	0.0000	0.0000	0.0000	0.0000	0.0000	0.0000	0.0000	0.0000	0.0000	0.0000	0.0000	0.0000	0.0000	0.0000	0.0000	0.0000	0.0000	0.0000	2.0000	0.0002	3.0000	2.3255	0.0000	0.0000	0.0000	0.0000	0.0000	0.0000	0.0000	0.0000	0.0000	0.0000	0.0000	0.0000	0.0000	0.0000	0.0000	0.0000	0.0000	0.0000	0.0001	0.0001	0.0000	0.0000	0.0000	0.0000	0.0000	0.0000	0.0000	0.0214	0.0145	0.0069	0.0119	0.0107	0.0011	0.0095	0.0037	0.0058	0.0000	0.0000	0.0000	0.0000	0.0000	0.0000	0.0000	0.0000	0.0000	0.0000	0.0000	0.0000	0.0000	0.0000	0.0000	0.0000	0.0000	0.0000											
55	139	0.7179	8	1	2	0	0	0	0	0	0	N	Y	N	N	N	N	N	N	N	N	N	N	0.0000	0.0000	0.0000	0.0000	0.0000	0.0000	0.0000	0.0000	0.0000	0.0000	0.0000	0.0000	0.0000	0.0000	0.0000	0.0000	0.0000	0.0000	0.0000	0.0000	2.0000	2.0138	3.0000	2.7349	0.0000	0.0000	0.0000	0.0000	0.0000	0.0000	0.0000	0.0000	0.0000	0.0000	0.0000	0.0000	0.0000	0.0000	0.0000	0.0000	0.0000	0.0000	0.1715	0.1561	0.0154	0.0994	0.0943	0.0050	0.0721	0.0617	0.0103	0.0404	0.0253	0.0151	0.0218	0.0196	0.0022	0.0186	0.0057	0.0129	0.0000	0.0000	0.0000	0.0000	0.0000	0.0000	0.0000	0.0000	0.0000	0.0000	0.0000	0.0000	0.0000	0.0000	0.0000	0.0000	0.0000	0.0000											
55	140	0.7344	9	0	2	0	0	0	0	0	0	N	Y	N	N	N	N	N	N	N	N	N	N	inf	inf	inf	inf	inf	inf	3.3065	3.5340	0.0000	0.0012	0.0013	0.0000	12.6902	14.6639	0.0000	0.0000	0.0000	0.0000	0.0000	0.0000	0.0000	0.0000	0.0000	0.0000	0.0000	-0.2600	0.0000	2.0000	1.9232	3.0000	1.1116	0.9993	0.9993	0.0000	0.0003	0.0003	0.0000	0.9991	0.9991	0.0000	0.0000	0.0000	0.0000	0.0000	0.0000	0.0000	0.0000	0.0000	0.0000	0.3022	0.2828	0.0195	0.2235	0.2147	0.0089	0.0787	0.0681	0.0106	0.0175	0.0119	0.0056	0.0115	0.0100	0.0015	0.0060	0.0019	0.0041	inf	inf	0.0000	inf	inf	0.0000	inf	inf	0.0000	0.0000	0.0000	0.0000	0.0000	0.0000	0.0000	0.0000	0.0000	0.0000				
55	141	0.1306	5	0	2	0	0	0	0	0	0	N	Y	N	N	N	N	N	N	N	N	N	N	0.0000	0.0000	0.0000	0.0000	0.0000	0.0000	0.0000	0.0000	0.0000	0.0000	0.0000	0.0000	0.0000	0.0000	0.0000	0.0000	0.0000	0.0000	0.0000	0.0000	2.0000	3.0000	3.0000	1.0000	0.0000	0.0000	0.0000	0.0000	0.0000	0.0000	0.0000	0.0000	0.0000	0.0000	0.0000	0.0000	0.0000	0.0000	0.0000	0.0000	0.0000	0.0000	0.2944	0.2629	0.0316	0.0385	0.0365	0.0020	0.2560	0.2264	0.0296	0.0711	0.0337	0.0373	0.0169	0.0143	0.0025	0.0542	0.0194	0.0348	0.0000	0.0000	0.0000	0.0000	0.0000	0.0000	0.0000	0.0000	0.0000	0.0000	0.0000	0.0000	0.0000	0.0000	0.0000	0.0000	0.0000	0.0000											
55	142	0.1114	4	0	1	0	0	0	0	0	0	N	N	N	N	N	N	N	N	N	N	N	N	0.0000	0.0000	0.0000	0.0000	0.0000	0.0000	0.0000	0.0000	0.0000	0.0000	0.0000	0.0000	0.0000	0.0000	0.0000	0.0000	0.0000	0.0000	0.0000	0.0000	2.0000	1.0000	3.0000	1.0000	0.0000	0.0000	0.0000	0.0000	0.0000	0.0000	0.0000	0.0000	0.0000	0.0000	0.0000	0.0000	0.0000	0.0000	0.0000	0.0000	0.0000	0.0000	0.1058	0.0935	0.0123	0.0032	0.0030	0.0002	0.1026	0.0905	0.0121	0.0410	0.0184	0.0226	0.0095	0.0081	0.0014	0.0315	0.0103	0.0212	0.0000	0.0000	0.0000	0.0000	0.0000	0.0000	0.0000	0.0000	0.0000	0.0000	0.0000	0.0000	0.0000	0.0000	0.0000	0.0000	0.0000	0.0000											
55	145	0.7530	11	1	2	0	0	0	0	0	0	N	Y	N	N	N	N	N	N	N	N	N	N	0.0000	0.0000	0.0000	0.0000	0.0000	0.0000	0.0000	0.0000	0.0000	0.0000	0.0000	0.0000	0.0000	0.0000	0.0000	0.0000	0.0000	0.0000	0.0000	0.0000	2.0000	1.0000	3.0000	1.0000	0.0000	0.0000	0.0000	0.0000	0.0000	0.0000	0.0000	0.0000	0.0000	0.0000	0.0000	0.0000	0.0000	0.0000	0.0000	0.0000	0.0000	0.0000	0.0782	0.0713	0.0069	0.0449	0.0426	0.0023	0.0333	0.0287	0.0046	0.0111	0.0076	0.0035	0.0074	0.0064	0.0009	0.0037	0.0012	0.0025	0.0000	0.0000	0.0000	0.0000	0.0000	0.0000	0.0000	0.0000	0.0000	0.0000	0.0000	0.0000	0.0000	0.0000	0.0000	0.0000	0.0000	0.0000											
55	146	0.7530	10	0	2	0	0	0	0	0	0	N	Y	N	N	N	N	N	N	N	N	N	N	0.0000	0.0000	0.0000	0.0000	0.0000	0.0000	0.0000	0.0000	0.0000	0.0000	0.0000	0.0000	0.0000	0.0000	0.0000	0.0000	0.0000	0.0000	0.0000	0.0000	2.0000	0.0003	3.0000	0.0000	0.0000	0.0000	0.0000	0.0000	0.0000	0.0000	0.0000	0.0000	0.0000	0.0000	0.0000	0.0000	0.0000	0.0000	0.0000	0.0000	0.0000	0.0000	0.0001	0.0001	0.0000	0.0001	0.0001	0.0000	0.0000	0.0000	0.0000	0.0000	0.0000	0.0000	0.0000	0.0000	0.0000	0.0000	0.0000	0.0000	0.0000	0.0000	0.0000	0.0000	0.0000	0.0000	0.0000	0.0000	0.0000	0.0000	0.0000	0.0000	0.0000	0.0000	0.0000	0.0000	0.0000	0.0000											
55	147	0.7344	9	0	1	0	0	0	0	0	0	N	N	N	N	N	N	N	N	N	N	N	N	inf	inf	inf	inf	2.0412	2.2131	0.0000	3.1210	3.2724	0.0000	0.0000	0.0000	0.0000	0.0000	0.0000	0.0000	0.0000	0.0000	0.0000	0.0000	0.0000	0.0000	0.0000	-0.2603	0.0000	2.0000	4.9449	3.0000	1.0063	1.0006	1.0006	0.0000	1.0006	1.0006	0.0000	0.0000	0.0000	0.0000	0.0000	0.0000	0.0000	0.0000	0.0000	0.0000	0.0000	0.0000	0.0000	0.4902	0.4521	0.0381	0.3206	0.3058	0.0148	0.1696	0.1464	0.0233	0.0331	0.0225	0.0106	0.0216	0.0188	0.0028	0.0114	0.0037	0.0078	inf	inf	0.0000	inf	inf	0.0000	0.0000	0.0000	0.0000	0.0000	0.0000	0.0000	0.0000	0.0000	0.0000	0.0000	0.0000	0.0000						
55	148	0.7179	8	0	1	0	0	0	0	0	0	N	N	N	N	N	N	N	N	N	N	N	N	inf	inf	inf	inf	inf	inf	0.0043	0.0048	0.0000	0.0018	0.0019	0.0000	0.0075	0.0087	0.0000	0.0000	0.0000	0.0000	0.0000	0.0000	0.0000	0.0000	0.0000	0.0000	0.0000	-0.0003	0.0000	2.0000	3.4778	3.0000	1.2917	0.0012	0.0012	0.0000	0.0003	0.0003	0.0000	0.0009	0.0009	0.0000	0.0000	0.0000	0.0000	0.0000	0.0000	0.0000	0.0000	0.0000	0.0000	0.2693	0.2446	0.0247	0.1486	0.1412	0.0075	0.1207	0.1034	0.0173	0.0405	0.0254	0.0151	0.0219	0.0196	0.0022	0.0187	0.0058	0.0129	inf	inf	0.0000	inf	inf	0.0000	inf	inf	0.0000	0.0000	0.0000	0.0000	0.0000	0.0000	0.0000	0.0000	0.0000	0.0000				
55	149	0.6675	7	0	1	0	0	0	0	0	0	N	N	N	N	N	N	N	N	N	N	N	N	0.0000	0.0000	0.0000	0.0000	0.0000	0.0000	0.0000	0.0000	0.0000	0.0000	0.0000	0.0000	0.0000	0.0000	0.0000	0.0000	0.0000	0.0000	0.0000	0.0000	2.0000	7.8050	3.0000	4.0035	0.0000	0.0000	0.0000	0.0000	0.0000	0.0000	0.0000	0.0000	0.0000	0.0000	0.0000	0.0000	0.0000	0.0000	0.0000	0.0000	0.0000	0.0000	0.5616	0.5093	0.0523	0.3081	0.2919	0.0162	0.2535	0.2174	0.0361	0.0764	0.0467	0.0297	0.0391	0.0339	0.0053	0.0373	0.0128	0.0245	0.0000	0.0000	0.0000	0.0000	0.0000	0.0000	0.0000	0.0000	0.0000	0.0000	0.0000	0.0000	0.0000	0.0000	0.0000	0.0000	0.0000	0.0000											
55	150	0.5729	7	0	1	0	0	0	0	0	0	N	N	N	N	N	N	N	N	N	N	N	N	0.0624	0.0303	0.1267	0.1435	0.0054	0.0064	0.0000	0.0079	0.0096	0.0000	0.0000	0.0000	0.0000	0.0867	0.2108	0.0000	0.0626	0.0672	0.0000	0.0000	0.0000	0.0000	0.0000	0.0000	-0.0007	-0.0003	2.0000	3.7255	3.0000	14.1767	0.0027	0.0027	0.0000	0.0027	0.0027	0.0000	0.0000	0.0000	0.0000	0.0005	0.0005	0.0000	0.0005	0.0005	0.0000	0.0000	0.0000	0.0000	0.5026	0.4253	0.0773	0.3429	0.2822	0.0607	0.1597	0.1431	0.0166	0.1410	0.0813	0.0597	0.0595	0.0528	0.0068	0.0815	0.0285	0.0529	1.5898	1.0835	0.0000	0.9836	1.0595	0.0000	0.0000	0.0000	0.0000	0.0034	0.0059	0.0000	0.0081	0.0091	0.0000	0.0000	0.0000	0.0000					
55	151	0.5565	6	0	1	0	0	0	0	0	0	N	N	N	N	N	N	N	N	N	N	N	N	0.0186	0.0153	0.0512	0.0010	0.0014	0.0000	0.1583	0.0189	0.3954	0.0077	0.0094	0.0002	0.0000	0.0001	0.0000	0.0263	0.0283	0.0013	0.4121	0.6145	0.0029	0.0381	0.0362	0.0000	0.1659	1.4949	0.0032	0.0037	0.1476	-0.0007	-0.0003	2.0000	1.4205	3.0000	4.0377	0.0027	0.0027	0.0000	0.0000	0.0000	0.0000	0.0027	0.0027	0.0000	0.0007	0.0006	0.0001	0.0002	0.0002	0.0000	0.0005	0.0004	0.0001	0.3573	0.2912	0.0662	0.2534	0.1951	0.0583	0.1040	0.0961	0.0079	0.0768	0.0463	0.0305	0.0347	0.0321	0.0025	0.0421	0.0141	0.0280	0.8412	0.7113	0.0512	0.0062	0.0075	0.0000	2.3034	1.0252	0.3954	0.0091	0.0132	0.0029	0.0063	0.0068	0.0000	0.0114	0.0276	0.0032
56	57	0.1173	3	1	1	1	1	0	0	0	0	N	N	N	N	N	N	N	N	N	N	N	N	inf	inf	inf	inf	1.4994	1.6690	0.0000	2.9478	3.1702	0.0000	0.0000	0.0000	0.0000	0.0000	0.0000	0.0000	0.0000	0.0000	0.0000	0.0000	0.0000	0.0000	0.0000	-0.1878	0.0000	1.7218	8.9999	6.9557	5.0001	0.7220	0.7220	0.0000	0.7220	0.7220	0.0000	0.0000	0.0000	0.0000	0.0000	0.0000	0.0000	0.0000	0.0000	0.0000	0.0000	0.0000	0.0000	0.4815	0.4326	0.0489	0.2449	0.2277	0.0172	0.2366	0.2048	0.0317	0.1931	0.0918	0.1013	0.0108	0.0106	0.0002	0.1823	0.0812	0.1012	inf	inf	0.0000	inf	inf	0.0000	0.0000	0.0000	0.0000	0.0000	0.0000	0.0000	0.0000	0.0000	0.0000	0.0000	0.0000	0.0000						
56	58	0.6322	5	1	1	1	1	0	0	0	0	N	N	N	N	N	N	N	N	N	N	N	N	0.0000	0.0000	0.0000	0.0000	0.0000	0.0000	0.0000	0.0000	0.0000	0.0000	0.0000	0.0000	0.0000	0.0000	0.0000	0.0000	0.0000	0.0000	0.0000	0.0000	1.7218	0.0000	6.9557	1.0000	0.0000	0.0000	0.0000	0.0000	0.0000	0.0000	0.0000	0.0000	0.0000	0.0000	0.0000	0.0000	0.0000	0.0000	0.0000	0.0000	0.0000	0.0000	0.0000	0.0000	0.0000	0.0000	0.0000	0.0000	0.0000	0.0000	0.0000	0.0073	0.0037	0.0036	0.0026	0.0022	0.0004	0.0047	0.0015	0.0032	0.0000	0.0000	0.0000	0.0000	0.0000	0.0000	0.0000	0.0000	0.0000	0.0000	0.0000	0.0000	0.0000	0.0000	0.0000	0.0000	0.0000	0.0000											
56	59	0.0825	2	0	1	1	1	0	0	0	0	N	N	N	N	N	N	N	N	N	N	N	N	1.0722	36.6407	0.0000	10.8644	57.1317	0.0000	0.0000	0.0000	0.9619	1.4750	0.0000	2.3055	2.3060	0.0000	0.0000	0.0000	0.0000	0.8972	0.0403	0.4463	0.2122	0.0404	0.1542	0.6718	0.0000	0.2307	0.0000	15.3213	-0.0001	0.0008	1.7218	0.0006	6.9557	1.1867	0.0003	0.0003	0.0000	0.0003	0.0003	0.0000	0.0000	0.0000	0.0000	0.0020	0.0001	0.0018	0.0003	0.0001	0.0002	0.0017	0.0000	0.0017	0.0003	0.0002	0.0001	0.0001	0.0001	0.0000	0.0002	0.0001	0.0001	0.0511	0.0352	0.0159	0.0191	0.0162	0.0029	0.0321	0.0190	0.0131	25.1138	432.4804	0.0000	161.0161	310.6504	0.0000	0.0000	0.0000	0.0000	0.0383	0.0034	0.1153	0.0143	0.0074	0.0529	0.0525	0.0000	0.1291	
56	61	0.7102	9	0	1	1	1	0	0	0	0	N	N	N	N	N	N	N	N	N	N	N	N	0.0037	0.0025	0.0000	0.0025	0.0023	0.0000	0.0000	0.0306	0.0336	0.0000	0.0428	0.0457	0.0000	0.0000	0.0000	0.0000	8.2125	13.5499	0.0002	16.9859	19.6209	0.0000	0.0002	0.0000	0.0002	0.0000	0.0000	-0.0008	-0.5213	1.7218	1.0901	6.9557	7.9319	0.0029	0.0029	0.0000	0.0029	0.0029	0.0000	0.0000	0.0000	0.0000	0.9989	0.9989	0.0000	0.9989	0.9989	0.0000	0.0000	0.0000	0.0000	0.0949	0.0866	0.0084	0.0680	0.0637	0.0043	0.0269	0.0229	0.0041	0.1216	0.0737	0.0479	0.0588	0.0509	0.0079	0.0628	0.0228	0.0400	0.0037	0.0025	0.0000	0.0025	0.0023	0.0000	0.0000	0.0000	0.0000	8.2125	13.5499	0.0002	16.9859	19.6209	0.0000	0.0002	0.0000	0.0002		
56	62	0.6801	8	0	1	0	1	0	0	0	0	N	N	N	N	N	N	N	N	N	N	N	N	5.7087	4.3281	0.0000	9.7195	11.0586	0.0000	inf	inf	4.2938	4.7338	0.0000	7.2495	7.7012	0.0000	0.0214	0.0249	0.0000	0.7521	1.0937	0.0043	0.7459	0.6964	0.0566	0.0000	0.0000	0.0000	0.0000	0.0763	-0.1531	-0.0006	1.7218	1.6797	6.9557	2.9843	0.5883	0.5883	0.0000	0.5871	0.5871	0.0000	0.0012	0.0012	0.0000	0.0013	0.0012	0.0001	0.0013	0.0012	0.0001	0.0000	0.0000	0.0000	0.1370	0.1243	0.0127	0.0810	0.0762	0.0048	0.0560	0.0480	0.0080	0.0559	0.0337	0.0222	0.0271	0.0235	0.0036	0.0288	0.0101	0.0186	189.0326	135.0469	0.0000	154.8169	153.5244	0.0000	inf	inf	0.0000	0.0227	0.0351	0.0040	0.0468	0.0502	0.0250	0.0000	0.0000	0.0000	
56	63	0.6699	7	0	1	0	1	0	0	0	0	N	N	N	N	N	N	N	N	N	N	N	N	1219.4661	942.1990	inf	inf	1176.1304	35.8120	6.5346	7.0838	0.0000	5.7148	5.9257	0.0000	7.5899	8.7391	0.0000	0.0054	0.0075	0.0000	0.0000	0.0000	0.0000	0.0065	0.2440	0.0000	0.0000	0.0000	-0.1268	-0.0000	1.7218	0.4935	6.9557	1.5835	0.4872	0.4872	0.0000	0.2398	0.2398	0.0000	0.2474	0.2474	0.0000	0.0000	0.0000	0.0000	0.0000	0.0000	0.0000	0.0000	0.0000	0.0000	0.0746	0.0688	0.0058	0.0420	0.0405	0.0015	0.0326	0.0283	0.0043	0.0248	0.0149	0.0100	0.0124	0.0107	0.0017	0.0125	0.0042	0.0083	8117.2072	5273.5213	0.0000	inf	inf	0.0000	4724.7692	1825.5621	0.0000	0.0008	0.0013	0.0000	0.0000	0.0000	0.0000	0.0016	0.0048	0.0000			
56	64	0.7069	9	0	2	0	1	0	0	0	0	N	Y	N	N	N	N	N	N	N	N	N	N	inf	inf	inf	inf	0.0013	0.0015	0.0000	0.0016	0.0018	0.0000	0.0000	0.0000	0.0000	0.0000	0.0000	0.0000	0.0000	0.0000	0.0000	0.0000	0.0000	0.0000	0.0000	-0.0000	0.0000	1.7218	0.2944	6.9557	1.0083	0.0000	0.0000	0.0000	0.0000	0.0000	0.0000	0.0000	0.0000	0.0000	0.0000	0.0000	0.0000	0.0000	0.0000	0.0000	0.0000	0.0000	0.0000	0.0287	0.0248	0.0039	0.0229	0.0200	0.0030	0.0058	0.0049	0.0009	0.0154	0.0093	0.0061	0.0079	0.0068	0.0011	0.0075	0.0025	0.0050	inf	inf	0.0000	inf	inf	0.0000	0.0000	0.0000	0.0000	0.0000	0.0000	0.0000	0.0000	0.0000	0.0000	0.0000	0.0000	0.0000						
56	65	0.6861	8	0	1	0	1	0	0	0	0	N	N	N	N	N	N	N	N	N	N	N	N	2.3962	1.8607	0.0071	0.0076	4.5253	2.3662	3.9390	4.3227	0.0000	0.0006	0.0006	0.0000	9.3447	10.8518	0.0000	1.6438	2.3232	0.0000	0.0817	0.0805	0.0000	2.0650	4.5863	0.0000	0.0000	0.0000	-0.1107	-0.0055	1.7218	1.1351	6.9557	2.0429	0.4256	0.4256	0.0000	0.0000	0.0000	0.0000	0.4256	0.4256	0.0000	0.0105	0.0105	0.0000	0.0002	0.0002	0.0000	0.0103	0.0103	0.0000	0.1081	0.0985	0.0096	0.0625	0.0592	0.0033	0.0455	0.0392	0.0063	0.0385	0.0232	0.0152	0.0192	0.0166	0.0026	0.0193	0.0066	0.0127	14.4672	9.5951	0.0000	0.0652	0.0597	0.0000	17.4720	6.9480	0.0000	0.2723	0.4505	0.0000	0.0089	0.0102	0.0000	0.5348	1.5619	0.0000			
56	66	0.6699	7	0	1	0	1	0	0	0	0	N	N	N	N	N	N	N	N	N	N	N	N	3.8648	3.0443	0.0000	1.9315	1.9030	0.0000	2668.6836	87.2452	0.0000	6.5757	7.1280	0.0000	5.9244	6.1425	0.0000	7.4138	8.5360	0.0000	1.7015	2.3414	0.0329	3.0672	3.2278	0.1946	0.0028	0.0978	0.0000	0.0000	0.0155	-0.1274	-0.0053	1.7218	0.4912	6.9557	2.4266	0.4895	0.4895	0.0000	0.2481	0.2481	0.0000	0.2413	0.2413	0.0000	0.0105	0.0103	0.0002	0.0105	0.0103	0.0002	0.0000	0.0000	0.0000	0.0744	0.0687	0.0058	0.0419	0.0404	0.0015	0.0326	0.0283	0.0043	0.0345	0.0207	0.0138	0.0172	0.0149	0.0023	0.0173	0.0058	0.0115	21.6317	14.2582	0.0000	9.7466	8.8637	0.0000	6473.0757	2495.2318	0.0000	0.3040	0.4999	0.0116	0.6078	0.6930	0.0682	0.0011	0.0034	0.0000
56	67	0.6648	6	0	1	0	1	0	0	0	0	N	N	N	N	N	N	N	N	N	N	N	N	208.4818	224.9398	3.0821	302.5125	319.3816	inf	4064.7774	inf	0.0021	3.4517	3.6907	0.0033	2.5766	2.7034	0.0060	6.2578	7.1258	0.0000	0.0166	0.0164	0.0011	0.0085	0.0085	0.0000	0.0015	0.0000	0.0013	0.0001	0.3333	-0.1479	-0.0000	1.7218	0.6141	6.9557	1.2701	0.5686	0.5685	0.0000	0.3235	0.3235	0.0000	0.2450	0.2450	0.0000	0.0000	0.0000	0.0000	0.0000	0.0000	0.0000	0.0000	0.0000	0.0000	0.1647	0.1540	0.0107	0.1256	0.1197	0.0059	0.0392	0.0344	0.0048	0.0235	0.0142	0.0093	0.0117	0.0102	0.0015	0.0118	0.0040	0.0078	2029.7298	1751.0864	3.0821	1008.5125	920.1479	inf	7371.0100	inf	0.0021	0.0017	0.0021	0.0011	0.0026	0.0029	0.0000	0.0008	0.0000	0.0013
56	68	0.6322	5	1	2	1	1	0	0	0	0	N	Y	N	N	N	N	N	N	N	N	N	N	0.0000	0.0000	0.0000	0.0000	0.0000	0.0000	0.0000	0.0000	0.0000	0.0000	0.0000	0.0000	0.0000	0.0000	0.0000	0.0000	0.0000	0.0000	0.0000	0.0000	1.7218	0.0000	6.9557	0.0000	0.0000	0.0000	0.0000	0.0000	0.0000	0.0000	0.0000	0.0000	0.0000	0.0000	0.0000	0.0000	0.0000	0.0000	0.0000	0.0000	0.0000	0.0000	0.0000	0.0000	0.0000	0.0000	0.0000	0.0000	0.0000	0.0000	0.0000	0.0000	0.0000	0.0000	0.0000	0.0000	0.0000	0.0000	0.0000	0.0000	0.0000	0.0000	0.0000	0.0000	0.0000	0.0000	0.0000	0.0000	0.0000	0.0000	0.0000	0.0000	0.0000	0.0000	0.0000	0.0000	0.0000	0.0000											
56	69	0.1626	5	1	2	1	1	0	0	0	0	N	Y	N	N	N	N	N	N	N	N	N	N	0.0000	0.0000	0.0000	0.0000	0.0000	0.0000	0.0000	0.0000	0.0000	0.0000	0.0000	0.0000	0.0000	0.0000	0.0000	0.0000	0.0000	0.0000	0.0000	0.0000	1.7218	1.0000	6.9557	0.0000	0.0000	0.0000	0.0000	0.0000	0.0000	0.0000	0.0000	0.0000	0.0000	0.0000	0.0000	0.0000	0.0000	0.0000	0.0000	0.0000	0.0000	0.0000	0.0927	0.0850	0.0077	0.0698	0.0652	0.0047	0.0229	0.0198	0.0031	0.0137	0.0064	0.0073	0.0010	0.0010	0.0000	0.0126	0.0054	0.0072	0.0000	0.0000	0.0000	0.0000	0.0000	0.0000	0.0000	0.0000	0.0000	0.0000	0.0000	0.0000	0.0000	0.0000	0.0000	0.0000	0.0000	0.0000											
56	70	0.1626	5	1	2	1	1	0	0	0	0	N	Y	N	N	N	N	N	N	N	N	N	N	0.0000	0.0000	0.0000	0.0000	0.0000	0.0000	0.0000	0.0000	0.0000	0.0000	0.0000	0.0000	0.0000	0.0000	0.0000	0.0000	0.0000	0.0000	0.0000	0.0000	1.7218	0.0000	6.9557	0.0000	0.0000	0.0000	0.0000	0.0000	0.0000	0.0000	0.0000	0.0000	0.0000	0.0000	0.0000	0.0000	0.0000	0.0000	0.0000	0.0000	0.0000	0.0000	0.0000	0.0000	0.0000	0.0000	0.0000	0.0000	0.0000	0.0000	0.0000	0.0000	0.0000	0.0000	0.0000	0.0000	0.0000	0.0000	0.0000	0.0000	0.0000	0.0000	0.0000	0.0000	0.0000	0.0000	0.0000	0.0000	0.0000	0.0000	0.0000	0.0000	0.0000	0.0000	0.0000	0.0000	0.0000	0.0000											
56	71	0.1402	4	1	2	1	1	0	0	0	0	N	Y	N	N	N	N	N	N	N	N	N	N	0.0000	0.0000	0.0000	0.0000	0.0000	0.0000	0.0000	0.0000	0.0000	0.0000	0.0000	0.0000	0.0000	0.0000	0.0000	0.0000	0.0000	0.0000	0.0000	0.0000	1.7218	2.0000	6.9557	1.0000	0.0000	0.0000	0.0000	0.0000	0.0000	0.0000	0.0000	0.0000	0.0000	0.0000	0.0000	0.0000	0.0000	0.0000	0.0000	0.0000	0.0000	0.0000	0.1738	0.1589	0.0150	0.1236	0.1151	0.0085	0.0503	0.0438	0.0065	0.0470	0.0229	0.0241	0.0048	0.0047	0.0001	0.0422	0.0182	0.0240	0.0000	0.0000	0.0000	0.0000	0.0000	0.0000	0.0000	0.0000	0.0000	0.0000	0.0000	0.0000	0.0000	0.0000	0.0000	0.0000	0.0000	0.0000											
56	72	0.1173	3	1	1	1	1	0	0	0	0	N	N	N	N	N	N	N	N	N	N	N	N	0.0000	0.0000	0.0000	0.0000	0.0000	0.0000	0.0000	0.0000	0.0000	0.0000	0.0000	0.0000	0.0000	0.0000	0.0000	0.0000	0.0000	0.0000	0.0000	0.0000	1.7218	1.0017	6.9557	2.0007	0.0000	0.0000	0.0000	0.0000	0.0000	0.0000	0.0000	0.0000	0.0000	0.0000	0.0000	0.0000	0.0000	0.0000	0.0000	0.0000	0.0000	0.0000	0.0670	0.0604	0.0066	0.0374	0.0349	0.0025	0.0296	0.0255	0.0040	0.0462	0.0218	0.0244	0.0027	0.0026	0.0000	0.0435	0.0192	0.0243	0.0000	0.0000	0.0000	0.0000	0.0000	0.0000	0.0000	0.0000	0.0000	0.0000	0.0000	0.0000	0.0000	0.0000	0.0000	0.0000	0.0000	0.0000											
56	73	0.6514	6	1	2	0	1	0	0	0	0	N	Y	N	N	N	N	N	N	N	N	N	N	inf	inf	inf	inf	0.7290	0.0000	1.8351	0.0000	0.0000	0.0000	1.5550	0.0000	1.8639	0.0000	0.0000	0.0000	0.0000	0.0000	0.0000	0.0000	0.0000	0.0000	inf	0.0000	0.0000	1.7218	0.0000	6.9557	0.0000	0.0000	0.0000	0.0000	0.0000	0.0000	0.0000	0.0000	0.0000	0.0000	0.0000	0.0000	0.0000	0.0000	0.0000	0.0000	0.0000	0.0000	0.0000	0.0000	0.0000	0.0000	0.0000	0.0000	0.0000	0.0000	0.0000	0.0000	0.0000	0.0000	0.0000	0.0000	0.0000	0.0000	0.0000	0.0000	0.0000	inf	0.0000	inf	0.0000	0.0000	0.0000	inf	0.0000	inf	0.0000	0.0000	0.0000	0.0000	0.0000	0.0000	0.0000	0.0000	0.0000						
56	74	0.1443	4	1	2	0	1	0	0	0	0	N	Y	N	N	N	N	N	N	N	N	N	N	0.0000	0.0000	0.0000	0.0000	0.0000	0.0000	0.0000	0.0000	0.0000	0.0000	0.0000	0.0000	0.0000	0.0000	0.0000	0.0000	0.0000	0.0000	0.0000	0.0000	1.7218	0.0000	6.9557	0.0010	0.0000	0.0000	0.0000	0.0000	0.0000	0.0000	0.0000	0.0000	0.0000	0.0000	0.0000	0.0000	0.0000	0.0000	0.0000	0.0000	0.0000	0.0000	0.0000	0.0000	0.0000	0.0000	0.0000	0.0000	0.0000	0.0000	0.0000	0.0068	0.0054	0.0013	0.0034	0.0034	0.0000	0.0034	0.0020	0.0013	0.0000	0.0000	0.0000	0.0000	0.0000	0.0000	0.0000	0.0000	0.0000	0.0000	0.0000	0.0000	0.0000	0.0000	0.0000	0.0000	0.0000	0.0000											
56	75	0.0731	4	0	2	0	2	0	0	0	0	N	Y	N	Y	N	N	N	N	N	N	N	N	0.0000	0.0000	0.0000	0.0000	0.0000	0.0000	0.0000	0.0000	0.0000	0.0000	0.0000	0.0000	0.0000	0.0000	0.0000	0.0000	0.0000	0.0000	0.0000	0.0000	1.7218	0.0000	6.9557	0.0000	0.0000	0.0000	0.0000	0.0000	0.0000	0.0000	0.0000	0.0000	0.0000	0.0000	0.0000	0.0000	0.0000	0.0000	0.0000	0.0000	0.0000	0.0000	0.0000	0.0000	0.0000	0.0000	0.0000	0.0000	0.0000	0.0000	0.0000	0.0000	0.0000	0.0000	0.0000	0.0000	0.0000	0.0000	0.0000	0.0000	0.0000	0.0000	0.0000	0.0000	0.0000	0.0000	0.0000	0.0000	0.0000	0.0000	0.0000	0.0000	0.0000	0.0000	0.0000	0.0000	0.0000	0.0000											
56	76	0.0731	4	0	1	0	2	0	0	0	0	N	N	N	Y	N	N	N	N	N	N	N	N	0.0000	0.0000	0.0000	0.0000	0.0000	0.0000	0.0000	0.0000	0.0000	0.0000	0.0000	0.0000	0.0000	0.0000	0.0000	0.0000	0.0000	0.0000	0.0000	0.0000	1.7218	0.0000	6.9557	0.0000	0.0000	0.0000	0.0000	0.0000	0.0000	0.0000	0.0000	0.0000	0.0000	0.0000	0.0000	0.0000	0.0000	0.0000	0.0000	0.0000	0.0000	0.0000	0.0000	0.0000	0.0000	0.0000	0.0000	0.0000	0.0000	0.0000	0.0000	0.0000	0.0000	0.0000	0.0000	0.0000	0.0000	0.0000	0.0000	0.0000	0.0000	0.0000	0.0000	0.0000	0.0000	0.0000	0.0000	0.0000	0.0000	0.0000	0.0000	0.0000	0.0000	0.0000	0.0000	0.0000	0.0000	0.0000											
56	77	0.0577	3	0	1	0	2	0	0	0	0	N	N	N	Y	N	N	N	N	N	N	N	N	699.4434	449.0114	0.0000	1097.8929	1268.3043	0.0000	0.0000	0.3345	0.3850	0.0000	1.5209	1.5223	0.0000	0.0000	0.0000	0.0000	0.0005	0.0009	0.0000	0.0014	0.0012	0.0000	0.0000	0.0000	0.0000	0.0000	0.0002	-0.0000	-0.0000	1.7218	0.0002	6.9557	2.9297	0.0000	0.0000	0.0000	0.0000	0.0000	0.0000	0.0000	0.0000	0.0000	0.0000	0.0000	0.0000	0.0000	0.0000	0.0000	0.0000	0.0000	0.0000	0.0000	0.0000	0.0000	0.0000	0.0000	0.0000	0.0000	0.0000	0.0000	0.1411	0.0894	0.0517	0.0513	0.0453	0.0060	0.0898	0.0441	0.0457	1573.2597	1147.8059	0.0000	2600.8546	2298.5703	0.0000	0.0000	0.0000	0.0000	0.0002	0.0003	0.0000	0.0006	0.0007	0.0000	0.0000	0.0000	0.0000		
56	78	0.0537	2	0	1	0	2	0	0	0	0	N	N	N	Y	N	N	N	N	N	N	N	N	524.5755	609.9220	0.0000	14466.1784	16079.3325	618.0869	48.0068	0.0000	0.6823	0.9813	0.0000	1.5716	1.5722	0.0000	0.3066	0.5409	0.0000	0.0013	0.0016	0.0003	0.0001	0.0001	0.0000	0.0005	0.0113	0.0003	0.0000	0.4998	-0.0000	-0.0000	1.7218	0.0003	6.9557	2.1916	0.0000	0.0000	0.0000	0.0000	0.0000	0.0000	0.0000	0.0000	0.0000	0.0000	0.0000	0.0000	0.0000	0.0000	0.0000	0.0000	0.0000	0.0000	0.0000	0.0000	0.0000	0.0000	0.0000	0.0000	0.0000	0.0000	0.0000	0.0744	0.0391	0.0353	0.0073	0.0073	0.0000	0.0671	0.0318	0.0353	1692.2452	1917.3436	0.0000	1575547.4415	1573516.9557	0.0000	685.7247	859.6755	0.0000	0.0004	0.0005	0.0003	0.0000	0.0000	0.0000	0.0004	0.0006	0.0003	
56	80	0.1498	5	0	2	1	1	0	0	0	0	N	Y	N	N	N	N	N	N	N	N	N	N	0.0000	0.0000	0.0000	0.0000	0.0000	0.0000	0.0000	0.0000	0.0000	0.0000	0.0000	0.0000	0.0000	1.6074	0.0000	2.5724	0.0000	0.0000	0.0000	1.6285	0.0000	0.9100	inf	0.0000	0.0037	1.7218	0.0029	6.9557	2.0135	0.0000	0.0000	0.0000	0.0000	0.0000	0.0000	0.0000	0.0000	0.0000	0.0078	0.0000	0.0078	0.0000	0.0000	0.0000	0.0078	0.0000	0.0078	0.0004	0.0004	0.0000	0.0003	0.0003	0.0000	0.0001	0.0001	0.0000	0.0314	0.0156	0.0158	0.0029	0.0028	0.0001	0.0285	0.0128	0.0157	0.0000	0.0000	0.0000	0.0000	0.0000	0.0000	0.0000	0.0000	0.0000	0.2488	0.0000	0.4935	0.0000	0.0000	0.0000	0.2744	0.0000	0.4972						
56	81	0.1432	4	0	2	0	1	0	0	0	0	N	Y	N	N	N	N	N	N	N	N	N	N	0.0000	0.0009	0.0000	0.0007	0.0007	0.0000	0.0181	0.0000	0.0011	0.0012	0.0000	0.0013	0.0014	0.0000	0.0007	0.0008	0.0000	32.8079	1.2510	64.6799	1.8633	1.9467	0.0000	38.0879	0.0447	65.0996	0.0000	1373.5879	-0.0000	0.4392	1.7218	0.6188	6.9557	0.9475	0.0001	0.0001	0.0000	0.0001	0.0001	0.0000	0.0000	0.0000	0.0000	0.9201	0.0007	0.9194	0.0006	0.0006	0.0000	0.9194	0.0000	0.9194	0.0695	0.0637	0.0059	0.0441	0.0424	0.0017	0.0254	0.0213	0.0042	0.0280	0.0138	0.0142	0.0039	0.0038	0.0001	0.0241	0.0100	0.0141	0.0000	0.0243	0.0000	0.0079	0.0080	0.0000	0.0000	0.4053	0.0000	32.8079	0.0484	64.6799	0.1663	0.1703	0.0000	38.0879	0.0020	65.0996	
56	82	0.6546	6	0	2	1	1	0	0	0	0	N	Y	N	N	N	N	N	N	N	N	N	N	0.0000	0.0000	0.0000	0.0000	0.0000	0.0000	0.0000	0.0000	0.0000	0.0000	0.0000	0.0000	0.0000	0.0000	0.0000	0.0000	0.0000	0.0000	0.0000	0.0000	1.7218	0.0000	6.9557	1.0000	0.0000	0.0000	0.0000	0.0000	0.0000	0.0000	0.0000	0.0000	0.0000	0.0000	0.0000	0.0000	0.0000	0.0000	0.0000	0.0000	0.0000	0.0000	0.0000	0.0000	0.0000	0.0000	0.0000	0.0000	0.0000	0.0000	0.0000	0.0134	0.0078	0.0056	0.0064	0.0055	0.0009	0.0070	0.0023	0.0047	0.0000	0.0000	0.0000	0.0000	0.0000	0.0000	0.0000	0.0000	0.0000	0.0000	0.0000	0.0000	0.0000	0.0000	0.0000	0.0000	0.0000	0.0000											
56	83	0.1173	3	1	1	1	1	0	0	0	0	N	N	N	N	N	N	N	N	N	N	N	N	0.0000	0.0000	0.0000	0.0000	0.0000	0.0000	0.0000	0.0000	0.0000	0.0000	0.0000	0.0000	0.0000	0.0000	0.0000	0.0000	0.0000	0.0000	0.0000	0.0000	1.7218	9.0001	6.9557	3.0001	0.0000	0.0000	0.0000	0.0000	0.0000	0.0000	0.0000	0.0000	0.0000	0.0000	0.0000	0.0000	0.0000	0.0000	0.0000	0.0000	0.0000	0.0000	0.4815	0.4326	0.0489	0.2449	0.2277	0.0172	0.2366	0.2048	0.0317	0.1688	0.0801	0.0886	0.0095	0.0093	0.0001	0.1593	0.0708	0.0885	0.0000	0.0000	0.0000	0.0000	0.0000	0.0000	0.0000	0.0000	0.0000	0.0000	0.0000	0.0000	0.0000	0.0000	0.0000	0.0000	0.0000	0.0000											
56	84	0.6322	5	1	1	1	1	0	0	0	0	N	N	N	N	N	N	N	N	N	N	N	N	0.0000	0.0000	0.0000	0.0000	0.0000	0.0000	0.0000	0.0000	0.0000	0.0000	0.0000	0.0000	0.0000	0.0000	0.0000	0.0000	0.0000	0.0000	0.0000	0.0000	1.7218	4.0000	6.9557	0.0000	0.0000	0.0000	0.0000	0.0000	0.0000	0.0000	0.0000	0.0000	0.0000	0.0000	0.0000	0.0000	0.0000	0.0000	0.0000	0.0000	0.0000	0.0000	0.2258	0.2066	0.0192	0.1418	0.1342	0.0076	0.0840	0.0724	0.0115	0.0282	0.0144	0.0138	0.0102	0.0086	0.0016	0.0180	0.0058	0.0123	0.0000	0.0000	0.0000	0.0000	0.0000	0.0000	0.0000	0.0000	0.0000	0.0000	0.0000	0.0000	0.0000	0.0000	0.0000	0.0000	0.0000	0.0000											
56	85	0.6783	6	1	2	0	1	0	0	0	0	N	Y	N	N	N	N	N	N	N	N	N	N	0.3368	74.1068	0.0022	0.6615	1.0136	0.0000	0.7123	inf	0.0053	0.3334	0.3666	0.0011	0.0028	0.0029	0.0000	0.7095	0.8278	0.0015	0.9899	0.0049	0.4930	0.0042	0.0029	0.0053	0.9961	0.0000	0.2762	0.0003	73.3336	-0.0064	0.0010	1.7218	1.0086	6.9557	1.7435	0.0248	0.0248	0.0000	0.0001	0.0001	0.0000	0.0247	0.0246	0.0000	0.0022	0.0000	0.0022	0.0000	0.0000	0.0000	0.0022	0.0000	0.0022	0.0743	0.0675	0.0067	0.0395	0.0378	0.0018	0.0348	0.0298	0.0050	0.0463	0.0297	0.0166	0.0240	0.0215	0.0026	0.0223	0.0083	0.0141	6.9292	362.9798	0.0081	1.6718	2.0830	0.0000	7.2289	inf	0.0093	0.0481	0.0010	0.1322	0.0017	0.0014	0.0039	0.0981	0.0000	0.1557
56	86	0.6322	5	1	2	0	1	0	0	0	0	N	Y	N	N	N	N	N	N	N	N	N	N	0.0000	0.0072	0.0000	0.0259	0.0266	0.0000	0.0000	0.0000	0.0001	0.0001	0.0000	0.0002	0.0002	0.0000	0.0000	0.0000	0.0000	27.7555	0.0176	56.6537	0.0070	0.0072	0.0000	43.4932	0.0245	63.9591	0.0000	24945.7500	-0.0000	0.4770	1.7218	1.0165	6.9557	4.1395	0.0000	0.0000	0.0000	0.0000	0.0000	0.0000	0.0000	0.0000	0.0000	0.9979	0.0000	0.9978	0.0000	0.0000	0.0000	0.9978	0.0000	0.9978	0.0626	0.0573	0.0053	0.0400	0.0378	0.0022	0.0227	0.0195	0.0031	0.0360	0.0183	0.0176	0.0130	0.0110	0.0020	0.0229	0.0073	0.0156	0.0000	0.0578	0.0000	0.0784	0.0701	0.0000	0.0000	0.0000	0.0000	27.7555	0.0022	56.6537	0.0023	0.0027	0.0000	43.4932	0.0014	63.9591	
56	87	0.0760	2	1	2	0	1	0	0	0	0	N	Y	N	N	N	N	N	N	N	N	N	N	0.0000	0.0000	0.0000	0.0000	0.0000	0.0000	0.0000	0.0000	0.0000	0.0000	0.0000	0.0000	0.0000	0.0000	0.0000	0.0000	0.0000	0.0000	0.0000	0.0000	1.7218	9.0005	6.9557	5.0000	0.0000	0.0000	0.0000	0.0000	0.0000	0.0000	0.0000	0.0000	0.0000	0.0000	0.0000	0.0000	0.0000	0.0000	0.0000	0.0000	0.0000	0.0000	0.6319	0.5654	0.0665	0.0913	0.0898	0.0015	0.5406	0.4756	0.0650	0.3105	0.1641	0.1465	0.0091	0.0090	0.0001	0.3014	0.1550	0.1464	0.0000	0.0000	0.0000	0.0000	0.0000	0.0000	0.0000	0.0000	0.0000	0.0000	0.0000	0.0000	0.0000	0.0000	0.0000	0.0000	0.0000	0.0000											
56	88	0.6546	6	0	2	0	1	0	0	0	0	N	Y	N	N	N	N	N	N	N	N	N	N	0.0000	0.0000	0.0000	0.0000	0.0000	0.0000	0.0000	0.0000	0.0000	0.0000	0.0000	0.0000	0.0000	0.0000	0.0000	0.0000	0.0000	0.0000	0.0000	0.0000	1.7218	0.0000	6.9557	0.0000	0.0000	0.0000	0.0000	0.0000	0.0000	0.0000	0.0000	0.0000	0.0000	0.0000	0.0000	0.0000	0.0000	0.0000	0.0000	0.0000	0.0000	0.0000	0.0000	0.0000	0.0000	0.0000	0.0000	0.0000	0.0000	0.0000	0.0000	0.0000	0.0000	0.0000	0.0000	0.0000	0.0000	0.0000	0.0000	0.0000	0.0000	0.0000	0.0000	0.0000	0.0000	0.0000	0.0000	0.0000	0.0000	0.0000	0.0000	0.0000	0.0000	0.0000	0.0000	0.0000	0.0000	0.0000											
56	89	0.1432	4	0	2	0	1	0	0	0	0	N	Y	N	N	N	N	N	N	N	N	N	N	0.0000	0.0000	0.0000	0.0000	0.0000	0.0000	0.0000	0.0000	0.0000	0.0000	0.0000	0.0000	0.0000	2.4810	3.4944	0.0000	13.0668	13.4970	0.0000	0.0000	0.0000	0.0000	0.0000	0.0000	-0.0383	1.7218	1.9953	6.9557	1.0817	0.0000	0.0000	0.0000	0.0000	0.0000	0.0000	0.0000	0.0000	0.0000	0.0734	0.0734	0.0000	0.0734	0.0734	0.0000	0.0000	0.0000	0.0000	0.1414	0.1282	0.0132	0.0776	0.0737	0.0039	0.0637	0.0545	0.0092	0.0506	0.0248	0.0257	0.0056	0.0054	0.0002	0.0450	0.0194	0.0256	0.0000	0.0000	0.0000	0.0000	0.0000	0.0000	0.0000	0.0000	0.0000	1.4500	2.9526	0.0000	13.0668	13.4970	0.0000	0.0000	0.0000	0.0000						
56	90	0.1173	3	0	2	0	1	0	0	0	0	N	Y	N	N	N	N	N	N	N	N	N	N	0.0002	0.2104	0.0000	inf	inf	0.0000	0.0000	0.0000	0.0004	0.0005	0.0000	0.0008	0.0008	0.0000	0.0000	0.0000	0.0000	2.1176	0.0022	8.2843	0.0000	0.0000	0.0000	2.2716	0.0124	3.6831	0.0000	2562.3860	-0.0000	0.0351	1.7218	2.3999	6.9557	4.0713	0.0001	0.0001	0.0000	0.0001	0.0001	0.0000	0.0000	0.0000	0.0000	0.0734	0.0000	0.0734	0.0000	0.0000	0.0000	0.0734	0.0000	0.0734	0.1531	0.1380	0.0152	0.0840	0.0783	0.0057	0.0691	0.0597	0.0094	0.0961	0.0455	0.0506	0.0055	0.0054	0.0001	0.0906	0.0401	0.0505	0.0006	0.7478	0.0000	inf	inf	0.0000	0.0000	0.0000	0.0000	0.7641	0.0006	1.4502	0.0000	0.0000	0.0000	0.8104	0.0007	1.4523	
56	91	0.0779	2	0	1	1	1	0	0	0	0	N	N	N	N	N	N	N	N	N	N	N	N	0.0000	0.0000	0.0000	0.0000	0.0000	0.0000	0.0000	0.0000	0.0000	0.0000	0.0000	0.0000	0.0000	0.0000	0.0000	0.0000	0.0000	0.0000	0.0000	0.0000	1.7218	0.0000	6.9557	0.0000	0.0000	0.0000	0.0000	0.0000	0.0000	0.0000	0.0000	0.0000	0.0000	0.0000	0.0000	0.0000	0.0000	0.0000	0.0000	0.0000	0.0000	0.0000	0.0000	0.0000	0.0000	0.0000	0.0000	0.0000	0.0000	0.0000	0.0000	0.0000	0.0000	0.0000	0.0000	0.0000	0.0000	0.0000	0.0000	0.0000	0.0000	0.0000	0.0000	0.0000	0.0000	0.0000	0.0000	0.0000	0.0000	0.0000	0.0000	0.0000	0.0000	0.0000	0.0000	0.0000	0.0000	0.0000											
56	94	0.1335	4	1	2	0	1	0	0	0	0	N	Y	N	N	N	N	N	N	N	N	N	N	0.0000	0.0000	0.0000	0.0000	0.0000	0.0000	0.0000	0.0000	0.0000	0.0000	0.0000	0.0000	0.0000	0.0000	0.0000	0.0000	0.0000	0.0000	0.0000	0.0000	1.7218	5.9980	6.9557	4.9575	0.0000	0.0000	0.0000	0.0000	0.0000	0.0000	0.0000	0.0000	0.0000	0.0000	0.0000	0.0000	0.0000	0.0000	0.0000	0.0000	0.0000	0.0000	0.3480	0.3154	0.0325	0.1907	0.1790	0.0116	0.1573	0.1364	0.0209	0.1472	0.0735	0.0737	0.0116	0.0113	0.0003	0.1356	0.0622	0.0734	0.0000	0.0000	0.0000	0.0000	0.0000	0.0000	0.0000	0.0000	0.0000	0.0000	0.0000	0.0000	0.0000	0.0000	0.0000	0.0000	0.0000	0.0000											
56	95	0.6546	6	1	2	0	1	0	0	0	0	N	Y	N	N	N	N	N	N	N	N	N	N	0.0000	0.0000	0.0000	0.0000	0.0000	0.0000	0.0000	0.0000	0.0000	0.0000	0.0000	0.0000	0.0000	0.0000	0.0000	0.0000	0.0000	0.0000	0.0000	0.0000	1.7218	0.0000	6.9557	2.0000	0.0000	0.0000	0.0000	0.0000	0.0000	0.0000	0.0000	0.0000	0.0000	0.0000	0.0000	0.0000	0.0000	0.0000	0.0000	0.0000	0.0000	0.0000	0.0000	0.0000	0.0000	0.0000	0.0000	0.0000	0.0000	0.0000	0.0000	0.0265	0.0154	0.0111	0.0127	0.0109	0.0018	0.0138	0.0045	0.0093	0.0000	0.0000	0.0000	0.0000	0.0000	0.0000	0.0000	0.0000	0.0000	0.0000	0.0000	0.0000	0.0000	0.0000	0.0000	0.0000	0.0000	0.0000											
56	96	0.6322	5	0	2	0	1	0	0	0	0	N	Y	N	N	N	N	N	N	N	N	N	N	0.0000	0.0000	0.0000	0.0000	0.0000	0.0000	0.0000	0.0000	0.0000	0.0000	0.0000	0.0000	0.0000	0.0000	0.0000	0.0000	0.0000	0.0000	0.0000	0.0000	1.7218	4.0000	6.9557	0.0000	0.0000	0.0000	0.0000	0.0000	0.0000	0.0000	0.0000	0.0000	0.0000	0.0000	0.0000	0.0000	0.0000	0.0000	0.0000	0.0000	0.0000	0.0000	0.2258	0.2066	0.0192	0.1418	0.1342	0.0076	0.0840	0.0724	0.0115	0.0282	0.0144	0.0138	0.0102	0.0086	0.0016	0.0180	0.0058	0.0123	0.0000	0.0000	0.0000	0.0000	0.0000	0.0000	0.0000	0.0000	0.0000	0.0000	0.0000	0.0000	0.0000	0.0000	0.0000	0.0000	0.0000	0.0000											
56	97	0.0760	2	0	1	0	1	0	0	0	0	N	N	N	N	N	N	N	N	N	N	N	N	0.0000	0.0000	0.0000	0.0000	0.0000	0.0000	0.0000	0.0000	0.0000	0.0000	0.0000	0.0000	0.0000	0.0000	0.0000	0.0000	0.0000	0.0000	0.0000	0.0000	1.7218	3.9994	6.9557	4.0000	0.0000	0.0000	0.0000	0.0000	0.0000	0.0000	0.0000	0.0000	0.0000	0.0000	0.0000	0.0000	0.0000	0.0000	0.0000	0.0000	0.0000	0.0000	0.3267	0.2913	0.0354	0.0466	0.0458	0.0008	0.2801	0.2455	0.0346	0.1993	0.1064	0.0929	0.0057	0.0056	0.0000	0.1936	0.1007	0.0929	0.0000	0.0000	0.0000	0.0000	0.0000	0.0000	0.0000	0.0000	0.0000	0.0000	0.0000	0.0000	0.0000	0.0000	0.0000	0.0000	0.0000	0.0000											
56	98	0.6322	5	0	1	0	1	0	0	0	0	N	N	N	N	N	N	N	N	N	N	N	N	0.0000	0.0000	0.0000	0.0000	0.0000	0.0000	0.0000	0.0000	0.0000	0.0000	0.0000	0.0000	0.0000	0.0000	0.0000	0.0000	0.0000	0.0000	0.0000	0.0000	1.7218	1.0000	6.9557	0.0000	0.0000	0.0000	0.0000	0.0000	0.0000	0.0000	0.0000	0.0000	0.0000	0.0000	0.0000	0.0000	0.0000	0.0000	0.0000	0.0000	0.0000	0.0000	0.1108	0.1014	0.0094	0.0704	0.0665	0.0038	0.0404	0.0349	0.0056	0.0133	0.0068	0.0065	0.0048	0.0040	0.0007	0.0085	0.0027	0.0058	0.0000	0.0000	0.0000	0.0000	0.0000	0.0000	0.0000	0.0000	0.0000	0.0000	0.0000	0.0000	0.0000	0.0000	0.0000	0.0000	0.0000	0.0000											
56	99	0.1870	3	0	1	0	1	0	0	0	0	N	N	N	N	N	N	N	N	N	N	N	N	0.8950	0.0000	1.6613	0.3634	0.0000	inf	0.9554	0.0000	1.7278	2.4731	0.0000	22.6782	0.0118	0.0000	0.6800	3.4184	0.0000	23.6980	2.7633	0.1535	13.6506	0.0326	0.0299	0.0000	3.5779	0.2160	13.7160	inf	725.4641	0.3452	0.3871	1.7218	1.5982	6.9557	11.1970	0.4667	0.0000	0.4667	0.0006	0.0000	0.0006	0.4660	0.0000	0.4660	0.8120	0.0011	0.8109	0.0005	0.0005	0.0000	0.8115	0.0006	0.8109	0.1887	0.1681	0.0206	0.0524	0.0515	0.0009	0.1363	0.1167	0.0197	0.3608	0.2174	0.1433	0.0820	0.0770	0.0049	0.2788	0.1404	0.1384	1.0988	0.0000	4.0085	2.0309	0.0000	inf	1.1745	0.0000	4.0446	2.2507	0.0051	5.6575	0.0058	0.0062	0.0000	2.9106	0.0046	5.8592
56	100	0.1350	5	1	2	1	1	0	0	0	0	N	Y	N	N	N	N	N	N	N	N	N	N	0.0000	0.0000	0.0000	0.0000	0.0000	0.0000	0.0000	0.0000	0.0000	0.0000	0.0000	0.0000	0.0000	0.0000	0.0000	0.0000	0.0000	0.0000	0.0000	0.0000	1.7218	0.0000	6.9557	0.9982	0.0000	0.0000	0.0000	0.0000	0.0000	0.0000	0.0000	0.0000	0.0000	0.0000	0.0000	0.0000	0.0000	0.0000	0.0000	0.0000	0.0000	0.0000	0.0065	0.0061	0.0004	0.0055	0.0053	0.0002	0.0011	0.0008	0.0003	0.0149	0.0074	0.0075	0.0012	0.0012	0.0000	0.0137	0.0062	0.0075	0.0000	0.0000	0.0000	0.0000	0.0000	0.0000	0.0000	0.0000	0.0000	0.0000	0.0000	0.0000	0.0000	0.0000	0.0000	0.0000	0.0000	0.0000											
56	101	0.6669	8	1	2	1	1	0	0	0	0	N	Y	N	N	N	N	N	N	N	N	N	N	0.0000	0.0000	0.0000	0.0000	0.0000	0.0000	0.0000	0.0000	0.0000	0.0000	0.0000	0.0000	0.0000	0.0000	0.0000	0.0000	0.0000	0.0000	0.0000	0.0000	1.7218	0.0000	6.9557	0.0000	0.0000	0.0000	0.0000	0.0000	0.0000	0.0000	0.0000	0.0000	0.0000	0.0000	0.0000	0.0000	0.0000	0.0000	0.0000	0.0000	0.0000	0.0000	0.0000	0.0000	0.0000	0.0000	0.0000	0.0000	0.0000	0.0000	0.0000	0.0000	0.0000	0.0000	0.0000	0.0000	0.0000	0.0000	0.0000	0.0000	0.0000	0.0000	0.0000	0.0000	0.0000	0.0000	0.0000	0.0000	0.0000	0.0000	0.0000	0.0000	0.0000	0.0000	0.0000	0.0000	0.0000	0.0000											
56	102	0.6669	7	1	1	1	1	0	0	0	0	N	N	N	N	N	N	N	N	N	N	N	N	0.0000	0.0000	0.0000	0.0000	0.0000	0.0000	0.0000	0.0000	0.0000	0.0000	0.0000	0.0000	0.0000	0.0000	0.0000	0.0000	0.0000	0.0000	0.0000	0.0000	1.7218	0.0000	6.9557	0.0000	0.0000	0.0000	0.0000	0.0000	0.0000	0.0000	0.0000	0.0000	0.0000	0.0000	0.0000	0.0000	0.0000	0.0000	0.0000	0.0000	0.0000	0.0000	0.0000	0.0000	0.0000	0.0000	0.0000	0.0000	0.0000	0.0000	0.0000	0.0000	0.0000	0.0000	0.0000	0.0000	0.0000	0.0000	0.0000	0.0000	0.0000	0.0000	0.0000	0.0000	0.0000	0.0000	0.0000	0.0000	0.0000	0.0000	0.0000	0.0000	0.0000	0.0000	0.0000	0.0000	0.0000	0.0000											
56	103	0.6608	6	1	1	1	1	0	0	0	0	N	N	N	N	N	N	N	N	N	N	N	N	0.0000	0.0000	0.0000	0.0000	0.0000	0.0000	0.0000	0.0000	0.0000	0.0000	0.0000	0.0000	0.0000	0.0000	0.0000	0.0000	0.0000	0.0000	0.0000	0.0000	1.7218	0.0000	6.9557	1.0091	0.0000	0.0000	0.0000	0.0000	0.0000	0.0000	0.0000	0.0000	0.0000	0.0000	0.0000	0.0000	0.0000	0.0000	0.0000	0.0000	0.0000	0.0000	0.0000	0.0000	0.0000	0.0000	0.0000	0.0000	0.0000	0.0000	0.0000	0.0134	0.0078	0.0056	0.0064	0.0055	0.0009	0.0070	0.0023	0.0047	0.0000	0.0000	0.0000	0.0000	0.0000	0.0000	0.0000	0.0000	0.0000	0.0000	0.0000	0.0000	0.0000	0.0000	0.0000	0.0000	0.0000	0.0000											
56	104	0.0760	2	0	2	0	1	0	0	0	0	N	Y	N	N	N	N	N	N	N	N	N	N	inf	inf	inf	inf	1.2493	1.3970	0.0000	8.6604	8.8075	0.0000	0.0000	0.0000	0.0000	0.0000	0.0000	0.0000	0.0000	0.0000	0.0000	0.0000	0.0000	0.0000	0.0000	-0.1878	0.0000	1.7218	7.9994	6.9557	4.0001	0.7220	0.7220	0.0000	0.7220	0.7220	0.0000	0.0000	0.0000	0.0000	0.0000	0.0000	0.0000	0.0000	0.0000	0.0000	0.0000	0.0000	0.0000	0.5779	0.5168	0.0611	0.0834	0.0820	0.0014	0.4945	0.4348	0.0597	0.2764	0.1465	0.1299	0.0080	0.0080	0.0001	0.2684	0.1385	0.1298	inf	inf	0.0000	inf	inf	0.0000	0.0000	0.0000	0.0000	0.0000	0.0000	0.0000	0.0000	0.0000	0.0000	0.0000	0.0000	0.0000						
56	105	0.1385	6	1	1	1	1	0	0	0	0	N	N	N	N	N	N	N	N	N	N	N	N	0.1613	0.0678	0.0000	0.0149	0.0186	0.0000	0.0000	0.0002	0.0002	0.0000	0.0003	0.0003	0.0000	0.0000	0.0000	0.0000	0.0009	0.0025	0.0000	0.0179	0.0153	0.0000	0.0000	0.0000	0.0000	0.0000	0.0007	-0.0000	-0.0000	1.7218	1.0000	6.9557	1.0005	0.0000	0.0000	0.0000	0.0000	0.0000	0.0000	0.0000	0.0000	0.0000	0.0000	0.0000	0.0000	0.0000	0.0000	0.0000	0.0000	0.0000	0.0000	0.0655	0.0595	0.0060	0.0374	0.0352	0.0022	0.0281	0.0243	0.0038	0.0293	0.0145	0.0147	0.0023	0.0023	0.0000	0.0270	0.0123	0.0147	0.4465	0.2443	0.0000	0.0618	0.0643	0.0000	0.0000	0.0000	0.0000	0.0003	0.0007	0.0000	0.0043	0.0044	0.0000	0.0000	0.0000	0.0000		
56	106	0.1350	5	1	1	1	1	0	0	0	0	N	N	N	N	N	N	N	N	N	N	N	N	0.0316	0.0175	0.0000	0.0000	0.2151	0.0111	0.0002	0.0002	0.0000	0.0000	0.0000	0.0000	0.0005	0.0005	0.0000	0.0058	0.0116	0.0000	0.0002	0.0002	0.0000	0.0022	0.0490	0.0000	0.0000	0.0000	-0.0000	-0.0000	1.7218	0.7249	6.9557	0.0368	0.0000	0.0000	0.0000	0.0000	0.0000	0.0000	0.0000	0.0000	0.0000	0.0000	0.0000	0.0000	0.0000	0.0000	0.0000	0.0000	0.0000	0.0000	0.0541	0.0493	0.0048	0.0326	0.0309	0.0018	0.0215	0.0185	0.0030	0.0114	0.0057	0.0057	0.0010	0.0010	0.0000	0.0105	0.0048	0.0057	0.2113	0.1155	0.0000	0.0000	0.0000	0.0000	0.4875	0.2573	0.0000	0.0009	0.0018	0.0000	0.0000	0.0000	0.0000	0.0010	0.0021	0.0000			
56	107	0.1335	4	1	1	1	1	0	0	0	0	N	N	N	N	N	N	N	N	N	N	N	N	inf	inf	inf	inf	0.0003	0.0003	0.0000	0.0005	0.0005	0.0000	0.0000	0.0000	0.0000	0.0000	0.0000	0.0000	0.0000	0.0000	0.0000	0.0000	0.0000	0.0000	0.0000	-0.0000	0.0000	1.7218	0.4159	6.9557	0.0887	0.0000	0.0000	0.0000	0.0000	0.0000	0.0000	0.0000	0.0000	0.0000	0.0000	0.0000	0.0000	0.0000	0.0000	0.0000	0.0000	0.0000	0.0000	0.0341	0.0313	0.0028	0.0221	0.0210	0.0012	0.0120	0.0104	0.0016	0.0083	0.0042	0.0040	0.0010	0.0010	0.0000	0.0073	0.0033	0.0040	inf	inf	0.0000	inf	inf	0.0000	0.0000	0.0000	0.0000	0.0000	0.0000	0.0000	0.0000	0.0000	0.0000	0.0000	0.0000	0.0000						
56	108	0.1173	3	1	1	0	1	0	0	0	0	N	N	N	N	N	N	N	N	N	N	N	N	inf	inf	inf	inf	0.0000	0.0000	0.0000	0.0000	0.0000	0.0000	0.0001	0.0001	0.0000	0.0000	0.0000	0.0000	0.0000	0.0000	0.0000	0.0000	0.0000	0.0000	0.0000	-0.0000	0.0000	1.7218	3.9943	6.9557	0.9974	0.0000	0.0000	0.0000	0.0000	0.0000	0.0000	0.0000	0.0000	0.0000	0.0000	0.0000	0.0000	0.0000	0.0000	0.0000	0.0000	0.0000	0.0000	0.2431	0.2188	0.0243	0.1307	0.1218	0.0090	0.1124	0.0971	0.0153	0.0752	0.0356	0.0397	0.0043	0.0043	0.0001	0.0709	0.0313	0.0396	inf	inf	0.0000	0.0000	0.0000	0.0000	inf	inf	0.0000	0.0000	0.0000	0.0000	0.0000	0.0000	0.0000	0.0000	0.0000	0.0000						
56	109	0.6608	6	1	1	1	1	0	0	0	0	N	N	N	N	N	N	N	N	N	N	N	N	0.0000	0.0000	0.0000	0.0000	0.0000	0.0000	0.0000	0.0000	0.0000	0.0000	0.0000	0.0000	0.0000	0.0000	0.0000	0.0000	0.0000	0.0000	0.0000	0.0000	1.7218	0.0000	6.9557	0.9909	0.0000	0.0000	0.0000	0.0000	0.0000	0.0000	0.0000	0.0000	0.0000	0.0000	0.0000	0.0000	0.0000	0.0000	0.0000	0.0000	0.0000	0.0000	0.0000	0.0000	0.0000	0.0000	0.0000	0.0000	0.0000	0.0000	0.0000	0.0132	0.0077	0.0055	0.0063	0.0054	0.0009	0.0069	0.0022	0.0046	0.0000	0.0000	0.0000	0.0000	0.0000	0.0000	0.0000	0.0000	0.0000	0.0000	0.0000	0.0000	0.0000	0.0000	0.0000	0.0000	0.0000	0.0000											
56	110	0.6322	5	1	1	1	1	0	0	0	0	N	N	N	N	N	N	N	N	N	N	N	N	inf	inf	inf	inf	3.1977	3.4941	0.0000	5.0913	5.3803	0.0000	0.0000	0.0000	0.0000	0.0000	0.0000	0.0000	0.0000	0.0000	0.0000	0.0000	0.0000	0.0000	0.0000	-0.1878	0.0000	1.7218	4.0000	6.9557	0.0000	0.7220	0.7220	0.0000	0.7220	0.7220	0.0000	0.0000	0.0000	0.0000	0.0000	0.0000	0.0000	0.0000	0.0000	0.0000	0.0000	0.0000	0.0000	0.2258	0.2066	0.0192	0.1418	0.1342	0.0076	0.0840	0.0724	0.0115	0.0282	0.0144	0.0138	0.0102	0.0086	0.0016	0.0180	0.0058	0.0123	inf	inf	0.0000	inf	inf	0.0000	0.0000	0.0000	0.0000	0.0000	0.0000	0.0000	0.0000	0.0000	0.0000	0.0000	0.0000	0.0000						
56	112	0.1219	3	0	1	1	1	0	0	0	0	N	N	N	N	N	N	N	N	N	N	N	N	0.0000	0.0000	0.0000	0.0000	0.0000	0.0000	0.0000	0.0000	0.0000	0.0000	0.0000	0.0000	0.0000	0.0000	0.0000	7.2262	4.7608	23.8433	0.0000	0.0000	0.0000	12.6507	10.8830	27.3462	1.0000	0.0000	-0.0000	1.7218	0.0000	6.9557	0.0001	0.0000	0.0000	0.0000	0.0000	0.0000	0.0000	0.0000	0.0000	0.0000	0.0000	0.0000	0.0000	0.0000	0.0000	0.0000	0.0000	0.0000	0.0000	0.0000	0.0000	0.0000	0.0000	0.0000	0.0000	0.0000	0.0000	0.0000	0.0000	0.0000	0.0000	0.0000	0.0000	0.0000	0.0000	0.0000	0.0000	0.0000	0.0000	0.0000	0.0000	0.0000	0.0000	0.0000	0.0000	0.0000	7.2262	4.7608	14.9870	0.0000	0.0000	0.0000	12.6507	10.8830	15.1039				
56	113	0.0760	2	0	1	1	1	0	0	0	0	N	N	N	N	N	N	N	N	N	N	N	N	0.0000	0.0000	0.0000	0.0000	0.0000	0.0000	0.0000	0.0000	0.0000	0.0000	0.0000	0.0000	0.0000	0.0000	0.0000	9.1000	8.5399	18.5404	0.0000	0.0000	0.0000	9.3677	9.0200	19.5428	1.0000	0.0000	-0.0438	1.7218	4.0004	6.9557	4.9999	0.0000	0.0000	0.0000	0.0000	0.0000	0.0000	0.0000	0.0000	0.0000	2.0000	1.0000	1.0000	0.0000	0.0000	0.0000	2.0000	1.0000	1.0000	0.3267	0.2914	0.0354	0.0466	0.0458	0.0008	0.2802	0.2456	0.0346	0.2198	0.1171	0.1027	0.0063	0.0062	0.0001	0.2135	0.1109	0.1026	0.0000	0.0000	0.0000	0.0000	0.0000	0.0000	0.0000	0.0000	0.0000	9.1000	8.5399	9.7386	0.0000	0.0000	0.0000	9.3677	9.0200	9.7434				
56	114	0.6648	6	0	2	0	1	0	0	0	0	N	Y	N	N	N	N	N	N	N	N	N	N	6930.3070	7079.8884	0.0000	3958.4225	4738.9934	15837.5070	inf	0.0000	3.1190	3.4232	0.0000	2.7955	2.9825	0.0000	3.8021	4.4419	0.0000	0.0005	0.0005	0.0002	0.0007	0.0006	0.0000	0.0002	0.0000	0.0003	0.0000	1.0000	-0.2806	-0.0000	1.7218	4.3361	6.9557	4.6323	1.0784	1.0784	0.0000	0.6559	0.6559	0.0000	0.4225	0.4225	0.0000	0.0000	0.0000	0.0000	0.0000	0.0000	0.0000	0.0000	0.0000	0.0000	0.3457	0.3150	0.0307	0.2346	0.2199	0.0147	0.1111	0.0951	0.0160	0.1006	0.0604	0.0403	0.0505	0.0436	0.0069	0.0502	0.0168	0.0334	15695.2473	20663.0627	0.0000	14114.0375	13005.3895	0.0000	19068.8727	inf	0.0000	0.0002	0.0002	0.0002	0.0002	0.0002	0.0000	0.0002	0.0000	0.0003	
56	115	0.6322	5	0	1	0	1	0	0	0	0	N	N	N	N	N	N	N	N	N	N	N	N	1940.9418	993.1539	2142.4807	2231.8873	5.9662	6.5211	0.0000	9.4014	9.9442	0.0000	0.0000	0.0000	0.0000	0.0031	0.0066	0.0000	0.0044	0.0045	0.0000	0.0000	0.0000	0.0000	0.0000	0.0000	-0.1843	-0.0000	1.7218	1.9840	6.9557	0.2610	0.7084	0.7084	0.0000	0.7084	0.7084	0.0000	0.0000	0.0000	0.0000	0.0000	0.0000	0.0000	0.0000	0.0000	0.0000	0.0000	0.0000	0.0000	0.1187	0.1086	0.0101	0.0753	0.0712	0.0041	0.0434	0.0374	0.0060	0.0161	0.0082	0.0079	0.0058	0.0049	0.0009	0.0103	0.0033	0.0070	9624.0941	5360.5552	0.0000	5461.9164	4884.2161	0.0000	0.0000	0.0000	0.0000	0.0006	0.0012	0.0000	0.0017	0.0020	0.0000	0.0000	0.0000	0.0000					
56	116	0.0760	2	0	2	0	2	0	0	0	0	N	Y	N	Y	N	N	N	N	N	N	N	N	0.0000	0.0000	0.0000	0.0000	0.0000	0.0000	0.0000	0.0000	0.0000	0.0000	0.0000	0.0000	0.0000	5.6189	0.0000	20.4137	0.0000	0.0000	0.0000	5.7822	0.0000	21.8814	inf	0.0000	0.4781	1.7218	5.0006	6.9557	2.0000	0.0000	0.0000	0.0000	0.0000	0.0000	0.0000	0.0000	0.0000	0.0000	1.0000	0.0000	1.0000	0.0000	0.0000	0.0000	1.0000	0.0000	1.0000	0.3955	0.3530	0.0426	0.0566	0.0556	0.0009	0.3389	0.2973	0.0416	0.1780	0.0951	0.0828	0.0050	0.0050	0.0000	0.1729	0.0902	0.0828	0.0000	0.0000	0.0000	0.0000	0.0000	0.0000	0.0000	0.0000	0.0000	5.6189	0.0000	12.0737	0.0000	0.0000	0.0000	5.7822	0.0000	12.0795						
56	117	0.6322	5	0	2	0	2	0	0	0	0	N	Y	N	Y	N	N	N	N	N	N	N	N	0.0000	0.0000	0.0000	0.0000	0.0000	0.0000	0.0000	0.0000	0.0000	0.0000	0.0000	0.0000	0.0000	98.8260	0.0000	201.4608	0.0000	0.0000	0.0000	154.3313	0.0000	227.2079	inf	0.0000	0.4781	1.7218	0.0000	6.9557	1.0000	0.0000	0.0000	0.0000	0.0000	0.0000	0.0000	0.0000	0.0000	0.0000	1.0000	0.0000	1.0000	0.0000	0.0000	0.0000	1.0000	0.0000	1.0000	0.0000	0.0000	0.0000	0.0000	0.0000	0.0000	0.0000	0.0000	0.0000	0.0101	0.0052	0.0050	0.0036	0.0031	0.0006	0.0065	0.0021	0.0044	0.0000	0.0000	0.0000	0.0000	0.0000	0.0000	0.0000	0.0000	0.0000	98.8260	0.0000	201.4608	0.0000	0.0000	0.0000	154.3313	0.0000	227.2079						
56	118	0.0760	2	0	2	0	1	0	0	0	0	N	Y	N	N	N	N	N	N	N	N	N	N	inf	inf	inf	inf	0.7409	0.8249	0.0000	5.1288	5.2159	0.0000	0.0000	0.0000	0.0000	0.0000	0.0000	0.0000	0.0000	0.0000	0.0000	0.0000	0.0000	0.0000	0.0000	-0.1878	0.0000	1.7218	16.9994	6.9557	6.0000	0.7220	0.7220	0.0000	0.7220	0.7220	0.0000	0.0000	0.0000	0.0000	0.0000	0.0000	0.0000	0.0000	0.0000	0.0000	0.0000	0.0000	0.0000	0.9745	0.8752	0.0992	0.1408	0.1384	0.0024	0.8337	0.7368	0.0969	0.4356	0.2269	0.2087	0.0132	0.0131	0.0001	0.4224	0.2138	0.2086	inf	inf	0.0000	inf	inf	0.0000	0.0000	0.0000	0.0000	0.0000	0.0000	0.0000	0.0000	0.0000	0.0000	0.0000	0.0000	0.0000						
56	119	0.6322	5	0	2	0	1	0	0	0	0	N	Y	N	N	N	N	N	N	N	N	N	N	inf	inf	inf	inf	2.6309	2.8744	0.0000	4.2096	4.4467	0.0000	0.0000	0.0000	0.0000	0.0000	0.0000	0.0000	0.0000	0.0000	0.0000	0.0000	0.0000	0.0000	0.0000	-0.1878	0.0000	1.7218	5.0000	6.9557	6.0000	0.7220	0.7220	0.0000	0.7220	0.7220	0.0000	0.0000	0.0000	0.0000	0.0000	0.0000	0.0000	0.0000	0.0000	0.0000	0.0000	0.0000	0.0000	0.2744	0.2512	0.0232	0.1715	0.1624	0.0091	0.1029	0.0888	0.0141	0.0723	0.0369	0.0353	0.0264	0.0223	0.0041	0.0459	0.0146	0.0313	inf	inf	0.0000	inf	inf	0.0000	0.0000	0.0000	0.0000	0.0000	0.0000	0.0000	0.0000	0.0000	0.0000	0.0000	0.0000	0.0000						
56	120	0.6602	6	0	2	0	1	0	0	0	0	N	Y	N	N	N	N	N	N	N	N	N	N	7516.3784	inf	0.0000	inf	inf	3.0331	inf	0.0000	10.2117	11.4612	0.0000	15.7794	17.5329	0.0000	0.0035	0.0040	0.0000	0.0014	0.0000	0.0009	0.0000	0.0000	0.0000	0.0012	0.0000	0.0010	0.0000	inf	-0.1853	0.0000	1.7218	0.9998	6.9557	0.9486	0.7123	0.7123	0.0000	0.7123	0.7123	0.0000	0.0001	0.0001	0.0000	0.0000	0.0000	0.0000	0.0000	0.0000	0.0000	0.0000	0.0000	0.0000	0.0698	0.0622	0.0076	0.0451	0.0406	0.0045	0.0246	0.0215	0.0031	0.0246	0.0134	0.0112	0.0115	0.0101	0.0015	0.0130	0.0034	0.0097	25087.5384	inf	0.0000	inf	inf	0.0000	4.5855	inf	0.0000	0.0004	0.0000	0.0009	0.0000	0.0000	0.0000	0.0008	0.0000	0.0010	
56	121	0.6322	5	0	2	0	1	0	0	0	0	N	Y	N	N	N	N	N	N	N	N	N	N	75.8930	36.5092	42.1514	47.8433	0.0324	0.0355	0.0000	0.0521	0.0550	0.0000	0.0000	0.0000	0.0000	0.0004	0.0010	0.0000	0.0012	0.0011	0.0000	0.0000	0.0000	0.0000	0.0000	0.0000	-0.0025	-0.0000	1.7218	3.0005	6.9557	1.1085	0.0097	0.0097	0.0000	0.0097	0.0097	0.0000	0.0000	0.0000	0.0000	0.0000	0.0000	0.0000	0.0000	0.0000	0.0000	0.0000	0.0000	0.0000	0.2992	0.2739	0.0253	0.1865	0.1766	0.0099	0.1127	0.0973	0.0154	0.0515	0.0263	0.0252	0.0187	0.0158	0.0029	0.0328	0.0105	0.0223	167.2623	93.2836	0.0000	97.4625	87.0095	0.0000	0.0000	0.0000	0.0000	0.0002	0.0004	0.0000	0.0005	0.0006	0.0000	0.0000	0.0000	0.0000					
56	122	0.1173	3	0	2	0	1	0	0	0	0	N	Y	N	N	N	N	N	N	N	N	N	N	0.0000	0.0000	0.0000	0.0000	0.0000	0.0000	0.0000	0.0000	0.0000	0.0000	0.0000	0.0000	0.0000	0.0000	0.0000	0.0000	0.0000	0.0000	0.0000	0.0000	1.7218	2.0001	6.9557	3.0000	0.0000	0.0000	0.0000	0.0000	0.0000	0.0000	0.0000	0.0000	0.0000	0.0000	0.0000	0.0000	0.0000	0.0000	0.0000	0.0000	0.0000	0.0000	0.1292	0.1165	0.0128	0.0712	0.0664	0.0048	0.0580	0.0501	0.0079	0.0754	0.0356	0.0397	0.0043	0.0043	0.0001	0.0710	0.0314	0.0397	0.0000	0.0000	0.0000	0.0000	0.0000	0.0000	0.0000	0.0000	0.0000	0.0000	0.0000	0.0000	0.0000	0.0000	0.0000	0.0000	0.0000	0.0000											
56	123	0.0760	2	0	1	0	1	0	0	0	0	N	N	N	N	N	N	N	N	N	N	N	N	inf	inf	inf	inf	1.3866	1.5515	0.0000	9.6333	9.7970	0.0000	0.0000	0.0000	0.0000	0.0000	0.0000	0.0000	0.0000	0.0000	0.0000	0.0000	0.0000	0.0000	0.0000	-0.1878	0.0000	1.7218	6.9986	6.9557	2.0000	0.7220	0.7220	0.0000	0.7220	0.7220	0.0000	0.0000	0.0000	0.0000	0.0000	0.0000	0.0000	0.0000	0.0000	0.0000	0.0000	0.0000	0.0000	0.5207	0.4653	0.0554	0.0749	0.0737	0.0013	0.4457	0.3916	0.0541	0.2197	0.1171	0.1027	0.0063	0.0062	0.0001	0.2135	0.1108	0.1026	inf	inf	0.0000	inf	inf	0.0000	0.0000	0.0000	0.0000	0.0000	0.0000	0.0000	0.0000	0.0000	0.0000	0.0000	0.0000	0.0000						
56	124	0.6657	6	0	2	0	1	0	0	0	0	N	Y	N	N	N	N	N	N	N	N	N	N	0.0102	0.0000	0.4340	0.0326	0.0000	inf	0.0367	0.4358	0.0001	0.0000	0.0006	0.0000	0.0000	0.0005	0.0001	0.0000	0.0007	0.0051	0.0006	0.0015	0.0008	0.0008	0.0000	0.0028	0.0000	0.0017	inf	6.0000	0.0000	0.0000	1.7218	3.9006	6.9557	3.1543	0.0000	0.0000	0.0000	0.0000	0.0000	0.0000	0.0000	0.0000	0.0000	0.0001	0.0000	0.0001	0.0000	0.0000	0.0000	0.0001	0.0000	0.0001	0.4169	0.3832	0.0336	0.2749	0.2607	0.0142	0.1420	0.1226	0.0194	0.0890	0.0486	0.0404	0.0364	0.0311	0.0053	0.0526	0.0175	0.0352	0.0661	0.0000	0.4340	0.0955	0.0000	inf	0.0892	0.0000	0.4358	0.0008	0.0002	0.0015	0.0003	0.0003	0.0000	0.0011	0.0000	0.0017	
56	125	0.6322	5	0	2	0	1	0	0	0	0	N	Y	N	N	N	N	N	N	N	N	N	N	0.0082	0.0055	0.0000	0.0137	0.0136	0.0000	0.0000	0.0001	0.0001	0.0000	0.0002	0.0002	0.0000	0.0000	0.0000	0.0000	0.0147	0.0240	0.0004	0.0138	0.0148	0.0000	0.0004	0.0000	0.0005	0.0000	0.1667	-0.0000	-0.0000	1.7218	1.6924	6.9557	1.9110	0.0000	0.0000	0.0000	0.0000	0.0000	0.0000	0.0000	0.0000	0.0000	0.0001	0.0001	0.0000	0.0001	0.0001	0.0000	0.0000	0.0000	0.0000	0.1807	0.1653	0.0153	0.1140	0.1078	0.0062	0.0667	0.0575	0.0092	0.0456	0.0233	0.0223	0.0166	0.0140	0.0026	0.0291	0.0093	0.0198	0.0782	0.0509	0.0000	0.0524	0.0469	0.0000	0.0000	0.0000	0.0000	0.0015	0.0026	0.0004	0.0036	0.0043	0.0000	0.0003	0.0000	0.0005		
56	126	0.0760	2	0	2	0	1	0	0	0	0	N	Y	N	N	N	N	N	N	N	N	N	N	0.0000	0.0000	0.0000	0.0000	0.0000	0.0000	0.0000	0.0000	0.0000	0.0000	0.0000	0.0000	0.0000	4.5502	0.0000	18.6360	0.0000	0.0000	0.0000	4.6841	0.0000	19.5676	inf	0.0000	0.4781	1.7218	0.9996	6.9557	8.0005	0.0000	0.0000	0.0000	0.0000	0.0000	0.0000	0.0000	0.0000	0.0000	1.0000	0.0000	1.0000	0.0000	0.0000	0.0000	1.0000	0.0000	1.0000	0.0905	0.0805	0.0100	0.0127	0.0125	0.0002	0.0778	0.0680	0.0098	0.2198	0.1171	0.1027	0.0063	0.0062	0.0001	0.2135	0.1109	0.1026	0.0000	0.0000	0.0000	0.0000	0.0000	0.0000	0.0000	0.0000	0.0000	4.5502	0.0000	9.7391	0.0000	0.0000	0.0000	4.6841	0.0000	9.7439						
56	127	0.2034	4	0	1	0	1	0	0	0	0	N	N	N	N	N	N	N	N	N	N	N	N	0.4611	0.0000	0.8851	0.0014	0.0000	1.2412	0.4926	0.0000	0.9259	1.3215	0.0000	12.4545	0.0055	0.0000	0.2195	1.7773	0.0000	13.2490	2.8658	2.1613	14.0706	3.9080	4.0178	0.1768	3.6082	0.0219	14.3097	inf	12.4801	0.3434	0.4151	1.7218	3.6536	6.9557	12.3970	0.4642	0.0000	0.4642	0.0005	0.0000	0.0005	0.4637	0.0000	0.4637	1.0276	0.0762	0.9514	0.0764	0.0760	0.0003	0.9512	0.0002	0.9510	0.3513	0.3140	0.0373	0.0904	0.0881	0.0023	0.2609	0.2259	0.0350	0.3842	0.2284	0.1558	0.0739	0.0686	0.0053	0.3103	0.1597	0.1506	0.4941	0.0000	2.0401	0.0053	0.0000	3.5557	0.5798	0.0000	2.0976	2.6746	0.3338	6.1048	1.0334	1.1079	0.0617	3.0655	0.0012	6.3161
56	128	0.3818	4	0	1	0	1	0	0	0	0	N	N	N	N	N	N	N	N	N	N	N	N	0.5830	1.3463	0.0062	0.1173	0.6996	0.0020	0.8240	9.0746	0.0151	1.2381	1.3696	0.0621	0.4337	0.4522	0.1115	1.8569	2.1422	0.0470	2.1235	1.0173	10.0784	3.6955	0.6464	55.1480	2.2535	0.2361	3.1093	0.0051	37.6827	-0.1703	0.1797	1.7218	5.3495	6.9557	12.4099	0.6676	0.6643	0.0034	0.1017	0.1003	0.0014	0.5659	0.5640	0.0019	0.3974	0.0103	0.3871	0.2033	0.0097	0.1936	0.1941	0.0006	0.1936	0.5392	0.4850	0.0543	0.2345	0.2217	0.0128	0.3048	0.2633	0.0415	0.5159	0.3324	0.1835	0.2448	0.2088	0.0359	0.2712	0.1236	0.1476	1.6073	44.3141	0.0295	0.5222	9.7418	0.0207	2.5938	456.3767	0.0358	0.7703	0.0309	2.1093	0.8305	0.0464	5.3872	0.7159	0.0047	1.3113
56	129	0.1875	8	0	2	0	2	0	0	0	0	N	Y	N	Y	N	N	N	N	N	N	N	N	0.0000	0.0000	0.0000	0.0000	0.0000	0.0000	0.0000	0.0000	0.0000	0.0000	0.0000	0.0000	0.0000	0.0000	0.0000	0.0000	0.0000	0.0000	0.0000	0.0000	1.7218	0.0000	6.9557	0.0000	0.0000	0.0000	0.0000	0.0000	0.0000	0.0000	0.0000	0.0000	0.0000	0.0000	0.0000	0.0000	0.0000	0.0000	0.0000	0.0000	0.0000	0.0000	0.0000	0.0000	0.0000	0.0000	0.0000	0.0000	0.0000	0.0000	0.0000	0.0000	0.0000	0.0000	0.0000	0.0000	0.0000	0.0000	0.0000	0.0000	0.0000	0.0000	0.0000	0.0000	0.0000	0.0000	0.0000	0.0000	0.0000	0.0000	0.0000	0.0000	0.0000	0.0000	0.0000	0.0000	0.0000	0.0000											
56	130	0.1712	7	0	2	0	2	0	0	0	0	N	Y	N	Y	N	N	N	N	N	N	N	N	0.0000	0.0000	0.0000	0.0000	0.0000	0.0000	0.0000	0.0000	0.0000	0.0000	0.0000	0.0000	0.0000	0.0000	0.0000	0.0000	0.0000	0.0000	0.0000	0.0000	1.7218	0.0000	6.9557	3.0001	0.0000	0.0000	0.0000	0.0000	0.0000	0.0000	0.0000	0.0000	0.0000	0.0000	0.0000	0.0000	0.0000	0.0000	0.0000	0.0000	0.0000	0.0000	0.0000	0.0000	0.0000	0.0000	0.0000	0.0000	0.0000	0.0000	0.0000	0.0363	0.0162	0.0201	0.0021	0.0020	0.0000	0.0342	0.0142	0.0201	0.0000	0.0000	0.0000	0.0000	0.0000	0.0000	0.0000	0.0000	0.0000	0.0000	0.0000	0.0000	0.0000	0.0000	0.0000	0.0000	0.0000	0.0000											
56	131	0.1615	6	0	2	0	1	0	0	0	0	N	Y	N	N	N	N	N	N	N	N	N	N	0.0000	0.0000	0.0000	0.0000	0.0000	0.0000	0.0000	0.0000	0.0000	0.0000	0.0000	0.0000	0.0000	0.0000	0.0000	0.0000	0.0000	0.0000	0.0000	0.0000	1.7218	0.0000	6.9557	0.0000	0.0000	0.0000	0.0000	0.0000	0.0000	0.0000	0.0000	0.0000	0.0000	0.0000	0.0000	0.0000	0.0000	0.0000	0.0000	0.0000	0.0000	0.0000	0.0000	0.0000	0.0000	0.0000	0.0000	0.0000	0.0000	0.0000	0.0000	0.0000	0.0000	0.0000	0.0000	0.0000	0.0000	0.0000	0.0000	0.0000	0.0000	0.0000	0.0000	0.0000	0.0000	0.0000	0.0000	0.0000	0.0000	0.0000	0.0000	0.0000	0.0000	0.0000	0.0000	0.0000	0.0000	0.0000											
56	132	0.1712	7	0	1	1	2	0	0	0	0	N	N	N	Y	N	N	N	N	N	N	N	N	0.0000	0.0000	0.0000	0.0000	0.0000	0.0000	0.0000	0.0000	0.0000	0.0000	0.0000	0.0000	0.0000	0.0000	0.0000	0.0000	0.0000	0.0000	0.0000	0.0000	1.7218	0.0000	6.9557	1.9999	0.0000	0.0000	0.0000	0.0000	0.0000	0.0000	0.0000	0.0000	0.0000	0.0000	0.0000	0.0000	0.0000	0.0000	0.0000	0.0000	0.0000	0.0000	0.0000	0.0000	0.0000	0.0000	0.0000	0.0000	0.0000	0.0000	0.0000	0.0244	0.0109	0.0136	0.0014	0.0014	0.0000	0.0230	0.0095	0.0135	0.0000	0.0000	0.0000	0.0000	0.0000	0.0000	0.0000	0.0000	0.0000	0.0000	0.0000	0.0000	0.0000	0.0000	0.0000	0.0000	0.0000	0.0000											
56	133	0.1822	8	0	1	1	2	0	0	0	0	N	N	N	Y	N	N	N	N	N	N	N	N	0.0000	0.0000	0.0000	0.0000	0.0000	0.0000	0.0000	0.0000	0.0000	0.0000	0.0000	0.0000	0.0000	0.0000	0.0000	0.0000	0.0000	0.0000	0.0000	0.0000	1.7218	1.0000	6.9557	0.0000	0.0000	0.0000	0.0000	0.0000	0.0000	0.0000	0.0000	0.0000	0.0000	0.0000	0.0000	0.0000	0.0000	0.0000	0.0000	0.0000	0.0000	0.0000	0.0649	0.0577	0.0072	0.0349	0.0323	0.0026	0.0300	0.0253	0.0047	0.0117	0.0051	0.0065	0.0007	0.0007	0.0000	0.0109	0.0044	0.0065	0.0000	0.0000	0.0000	0.0000	0.0000	0.0000	0.0000	0.0000	0.0000	0.0000	0.0000	0.0000	0.0000	0.0000	0.0000	0.0000	0.0000	0.0000											
56	134	0.1822	8	0	1	1	2	0	0	0	0	N	N	N	Y	N	N	N	N	N	N	N	N	0.0000	0.0000	0.0000	0.0000	0.0000	0.0000	0.0000	0.0000	0.0000	0.0000	0.0000	0.0000	0.0000	0.0000	0.0000	0.0000	0.0000	0.0000	0.0000	0.0000	1.7218	0.0000	6.9557	0.0000	0.0000	0.0000	0.0000	0.0000	0.0000	0.0000	0.0000	0.0000	0.0000	0.0000	0.0000	0.0000	0.0000	0.0000	0.0000	0.0000	0.0000	0.0000	0.0000	0.0000	0.0000	0.0000	0.0000	0.0000	0.0000	0.0000	0.0000	0.0000	0.0000	0.0000	0.0000	0.0000	0.0000	0.0000	0.0000	0.0000	0.0000	0.0000	0.0000	0.0000	0.0000	0.0000	0.0000	0.0000	0.0000	0.0000	0.0000	0.0000	0.0000	0.0000	0.0000	0.0000	0.0000	0.0000											
56	135	0.1712	7	0	1	1	2	0	0	0	0	N	N	N	Y	N	N	N	N	N	N	N	N	0.0000	0.0000	0.0000	0.0000	0.0000	0.0000	0.0000	0.0000	0.0000	0.0000	0.0000	0.0000	0.0000	0.0000	0.0000	0.0000	0.0000	0.0000	0.0000	0.0000	1.7218	2.0025	6.9557	0.9943	0.0000	0.0000	0.0000	0.0000	0.0000	0.0000	0.0000	0.0000	0.0000	0.0000	0.0000	0.0000	0.0000	0.0000	0.0000	0.0000	0.0000	0.0000	0.1280	0.1138	0.0142	0.0670	0.0621	0.0049	0.0610	0.0517	0.0093	0.0363	0.0162	0.0201	0.0021	0.0020	0.0000	0.0342	0.0141	0.0201	0.0000	0.0000	0.0000	0.0000	0.0000	0.0000	0.0000	0.0000	0.0000	0.0000	0.0000	0.0000	0.0000	0.0000	0.0000	0.0000	0.0000	0.0000											
56	136	0.1712	6	0	1	0	2	0	0	0	0	N	N	N	Y	N	N	N	N	N	N	N	N	0.0000	0.0000	0.0000	0.0000	0.0000	0.0000	0.0000	0.0000	0.0000	0.0000	0.0000	0.0000	0.0000	0.0000	0.0000	0.0000	0.0000	0.0000	0.0000	0.0000	1.7218	0.0050	6.9557	0.0173	0.0000	0.0000	0.0000	0.0000	0.0000	0.0000	0.0000	0.0000	0.0000	0.0000	0.0000	0.0000	0.0000	0.0000	0.0000	0.0000	0.0000	0.0000	0.0006	0.0006	0.0001	0.0005	0.0005	0.0000	0.0002	0.0001	0.0000	0.0003	0.0001	0.0002	0.0000	0.0000	0.0000	0.0003	0.0001	0.0002	0.0000	0.0000	0.0000	0.0000	0.0000	0.0000	0.0000	0.0000	0.0000	0.0000	0.0000	0.0000	0.0000	0.0000	0.0000	0.0000	0.0000	0.0000											
56	137	0.1615	5	0	1	0	2	0	0	0	0	N	N	N	Y	N	N	N	N	N	N	N	N	0.0000	0.0000	0.0000	0.0000	0.0000	0.0000	0.0000	0.0000	0.0000	0.0000	0.0000	0.0000	0.0000	0.0000	0.0000	0.0000	0.0000	0.0000	0.0000	0.0000	1.7218	1.9972	6.9557	1.0076	0.0000	0.0000	0.0000	0.0000	0.0000	0.0000	0.0000	0.0000	0.0000	0.0000	0.0000	0.0000	0.0000	0.0000	0.0000	0.0000	0.0000	0.0000	0.1205	0.1070	0.0135	0.0607	0.0564	0.0043	0.0598	0.0506	0.0092	0.0343	0.0153	0.0191	0.0020	0.0020	0.0000	0.0323	0.0133	0.0190	0.0000	0.0000	0.0000	0.0000	0.0000	0.0000	0.0000	0.0000	0.0000	0.0000	0.0000	0.0000	0.0000	0.0000	0.0000	0.0000	0.0000	0.0000											
56	138	0.1443	4	1	2	0	1	0	0	0	0	N	Y	N	N	N	N	N	N	N	N	N	N	115.7177	71.9928	0.0000	73.7077	88.0787	0.0000	0.0000	1.7078	1.9107	0.0000	3.9927	4.0773	0.0000	0.0000	0.0000	0.0000	0.0148	0.0265	0.0000	0.0542	0.0463	0.0000	0.0000	0.0000	0.0000	0.0000	0.0003	-0.0000	-0.0000	1.7218	0.0002	6.9557	2.3255	0.0000	0.0000	0.0000	0.0000	0.0000	0.0000	0.0000	0.0000	0.0000	0.0001	0.0001	0.0000	0.0001	0.0001	0.0000	0.0000	0.0000	0.0000	0.0000	0.0000	0.0000	0.0000	0.0000	0.0000	0.0000	0.0000	0.0000	0.0455	0.0259	0.0196	0.0092	0.0089	0.0003	0.0362	0.0169	0.0193	1109.2910	706.4748	0.0000	526.9152	520.3942	0.0000	0.0000	0.0000	0.0000	0.0015	0.0027	0.0000	0.0076	0.0078	0.0000	0.0000	0.0000	0.0000		
56	139	0.1264	3	1	2	0	1	0	0	0	0	N	Y	N	N	N	N	N	N	N	N	N	N	1.3113	0.8202	3.0773	3.2690	3.8845	0.3430	0.0130	3.6257	0.0145	0.0159	0.0006	0.0372	0.0388	0.0000	0.0005	0.0004	0.0007	0.0110	0.0193	0.0002	0.0114	0.0100	0.0000	0.0013	0.0320	0.0002	0.0039	0.0729	-0.0007	-0.0001	1.7218	2.0138	6.9557	2.7349	0.0026	0.0026	0.0000	0.0025	0.0025	0.0000	0.0000	0.0000	0.0000	0.0001	0.0001	0.0000	0.0001	0.0001	0.0000	0.0001	0.0001	0.0000	0.1770	0.1608	0.0162	0.0675	0.0648	0.0027	0.1095	0.0961	0.0134	0.1102	0.0605	0.0498	0.0247	0.0238	0.0010	0.0855	0.0367	0.0488	10.8308	6.9870	3.0773	11.9107	11.9225	0.0000	0.5575	0.2546	3.6257	0.0013	0.0023	0.0002	0.0031	0.0033	0.0000	0.0008	0.0016	0.0002	
56	140	0.1429	4	0	2	0	1	0	0	0	0	N	Y	N	N	N	N	N	N	N	N	N	N	inf	inf	inf	inf	0.0001	0.0001	0.0000	0.0003	0.0003	0.0000	0.0000	0.0000	0.0000	0.0000	0.0000	0.0000	0.0000	0.0000	0.0000	0.0000	0.0000	0.0000	0.0000	-0.0000	0.0000	1.7218	1.9232	6.9557	1.1116	0.0000	0.0000	0.0000	0.0000	0.0000	0.0000	0.0000	0.0000	0.0000	0.0000	0.0000	0.0000	0.0000	0.0000	0.0000	0.0000	0.0000	0.0000	0.1663	0.1514	0.0149	0.0789	0.0753	0.0036	0.0874	0.0761	0.0113	0.0437	0.0215	0.0222	0.0051	0.0049	0.0002	0.0386	0.0166	0.0219	inf	inf	0.0000	inf	inf	0.0000	0.0000	0.0000	0.0000	0.0000	0.0000	0.0000	0.0000	0.0000	0.0000	0.0000	0.0000	0.0000						
56	141	0.6514	6	0	2	0	1	0	0	0	0	N	Y	N	N	N	N	N	N	N	N	N	N	inf	inf	inf	inf	2.0222	2.2030	0.0000	2.9549	3.1329	0.0000	0.0000	0.0000	0.0000	0.0000	0.0000	0.0000	0.0000	0.0000	0.0000	0.0000	0.0000	0.0000	0.0000	-0.1878	0.0000	1.7218	3.0000	6.9557	1.0000	0.7220	0.7220	0.0000	0.7220	0.7220	0.0000	0.0000	0.0000	0.0000	0.0000	0.0000	0.0000	0.0000	0.0000	0.0000	0.0000	0.0000	0.0000	0.3570	0.3277	0.0293	0.2443	0.2304	0.0139	0.1127	0.0973	0.0154	0.0503	0.0257	0.0246	0.0183	0.0155	0.0028	0.0320	0.0102	0.0218	inf	inf	0.0000	inf	inf	0.0000	0.0000	0.0000	0.0000	0.0000	0.0000	0.0000	0.0000	0.0000	0.0000	0.0000	0.0000	0.0000						
56	142	0.6322	5	0	1	0	1	0	0	0	0	N	N	N	N	N	N	N	N	N	N	N	N	inf	inf	inf	inf	0.0001	0.0001	0.0000	0.0001	0.0001	0.0000	0.0000	0.0000	0.0000	0.0000	0.0000	0.0000	0.0000	0.0000	0.0000	0.0000	0.0000	0.0000	0.0000	-0.0000	0.0000	1.7218	1.0000	6.9557	1.0000	0.0000	0.0000	0.0000	0.0000	0.0000	0.0000	0.0000	0.0000	0.0000	0.0000	0.0000	0.0000	0.0000	0.0000	0.0000	0.0000	0.0000	0.0000	0.1108	0.1014	0.0094	0.0704	0.0665	0.0038	0.0404	0.0349	0.0056	0.0261	0.0133	0.0128	0.0094	0.0080	0.0015	0.0167	0.0053	0.0113	inf	inf	0.0000	inf	inf	0.0000	0.0000	0.0000	0.0000	0.0000	0.0000	0.0000	0.0000	0.0000	0.0000	0.0000	0.0000	0.0000						
56	143	0.3818	4	0	1	0	1	0	0	0	0	N	N	N	N	N	N	N	N	N	N	N	N	0.0037	0.0000	0.0238	1.1878	0.0000	inf	0.0031	0.0375	0.0054	0.0000	0.0537	0.0055	0.0000	0.1038	0.0053	0.0000	0.0398	1.4399	0.0073	2.2586	0.0046	0.0046	0.0000	1.7011	0.0000	1.0588	inf	185.8409	0.0025	0.0389	1.7218	7.1211	6.9557	10.9474	0.0034	0.0000	0.0034	0.0014	0.0000	0.0014	0.0019	0.0000	0.0019	0.0822	0.0004	0.0818	0.0004	0.0004	0.0000	0.0818	0.0000	0.0818	0.6287	0.5659	0.0627	0.2599	0.2462	0.0137	0.3688	0.3197	0.0490	0.5181	0.3334	0.1847	0.2452	0.2091	0.0360	0.2729	0.1242	0.1487	0.0338	0.0000	0.1214	3.0490	0.0000	inf	0.0176	0.0000	0.0723	0.1587	0.0013	0.4427	0.0018	0.0021	0.0000	0.2996	0.0000	0.5499	
56	144	0.1870	3	0	1	0	1	0	0	0	0	N	N	N	N	N	N	N	N	N	N	N	N	0.3605	0.4357	0.0476	1.6619	1.7650	0.0074	0.1034	0.0875	0.0501	1.0786	1.1248	0.6779	3.3683	3.4653	0.0147	0.4108	0.3663	0.7213	2.9919	2.5817	14.2340	2.0267	1.9634	1.9712	3.9749	4.1866	14.3841	0.0695	6.7793	-0.1345	0.5801	1.7218	8.5175	6.9557	23.1696	0.6890	0.6442	0.0448	0.4858	0.4858	0.0001	0.2032	0.1584	0.0447	1.6596	0.2133	1.4462	0.0203	0.0166	0.0037	1.6392	0.1968	1.4425	0.6388	0.5727	0.0661	0.1442	0.1402	0.0041	0.4946	0.4325	0.0620	0.5547	0.3196	0.2351	0.1047	0.0957	0.0091	0.4499	0.2239	0.2260	0.3605	1.6853	0.1102	17.3624	20.0055	0.0355	0.1128	0.4169	0.1130	2.9919	0.6675	6.1526	0.1940	0.1732	0.4133	3.6433	0.8786	6.3828
56	145	0.1615	6	1	2	0	1	0	0	0	0	N	Y	N	N	N	N	N	N	N	N	N	N	0.0000	0.0000	0.0000	0.0000	0.0000	0.0000	0.0000	0.0000	0.0000	0.0000	0.0000	0.0000	0.0000	0.0000	0.0000	0.0000	0.0000	0.0000	0.0000	0.0000	1.7218	1.0000	6.9557	1.0000	0.0000	0.0000	0.0000	0.0000	0.0000	0.0000	0.0000	0.0000	0.0000	0.0000	0.0000	0.0000	0.0000	0.0000	0.0000	0.0000	0.0000	0.0000	0.0618	0.0548	0.0069	0.0314	0.0292	0.0022	0.0303	0.0257	0.0047	0.0231	0.0103	0.0128	0.0014	0.0014	0.0000	0.0217	0.0089	0.0128	0.0000	0.0000	0.0000	0.0000	0.0000	0.0000	0.0000	0.0000	0.0000	0.0000	0.0000	0.0000	0.0000	0.0000	0.0000	0.0000	0.0000	0.0000											
56	146	0.1615	5	0	2	0	1	0	0	0	0	N	Y	N	N	N	N	N	N	N	N	N	N	0.0000	0.0000	0.0000	0.0000	0.0000	0.0000	0.0000	0.0000	0.0000	0.0000	0.0000	0.0000	0.0000	0.0000	0.0000	0.0000	0.0000	0.0000	0.0000	0.0000	1.7218	0.0003	6.9557	0.0000	0.0000	0.0000	0.0000	0.0000	0.0000	0.0000	0.0000	0.0000	0.0000	0.0000	0.0000	0.0000	0.0000	0.0000	0.0000	0.0000	0.0000	0.0000	0.0001	0.0001	0.0000	0.0000	0.0000	0.0000	0.0000	0.0000	0.0000	0.0000	0.0000	0.0000	0.0000	0.0000	0.0000	0.0000	0.0000	0.0000	0.0000	0.0000	0.0000	0.0000	0.0000	0.0000	0.0000	0.0000	0.0000	0.0000	0.0000	0.0000	0.0000	0.0000	0.0000	0.0000	0.0000	0.0000											
56	147	0.1429	4	0	1	0	1	0	0	0	0	N	N	N	N	N	N	N	N	N	N	N	N	inf	inf	inf	inf	0.0001	0.0001	0.0000	0.0002	0.0002	0.0000	0.0000	0.0000	0.0000	0.0000	0.0000	0.0000	0.0000	0.0000	0.0000	0.0000	0.0000	0.0000	0.0000	-0.0000	0.0000	1.7218	4.9449	6.9557	1.0063	0.0000	0.0000	0.0000	0.0000	0.0000	0.0000	0.0000	0.0000	0.0000	0.0000	0.0000	0.0000	0.0000	0.0000	0.0000	0.0000	0.0000	0.0000	0.3116	0.2794	0.0322	0.1368	0.1291	0.0078	0.1747	0.1503	0.0244	0.0782	0.0373	0.0409	0.0070	0.0067	0.0003	0.0712	0.0307	0.0406	inf	inf	0.0000	inf	inf	0.0000	0.0000	0.0000	0.0000	0.0000	0.0000	0.0000	0.0000	0.0000	0.0000	0.0000	0.0000	0.0000						
56	148	0.1264	3	0	1	0	1	0	0	0	0	N	N	N	N	N	N	N	N	N	N	N	N	25.3708	13.2581	5861.8918	14.9117	19.4894	1575.4709	6908.3904	0.0102	0.0113	0.0009	0.0289	0.0304	0.0000	0.0001	0.0000	0.0010	0.0004	0.0009	0.0000	0.0019	0.0016	0.0000	0.0000	0.0000	0.0000	0.0086	0.0004	-0.0006	-0.0000	1.7218	3.4778	6.9557	1.2917	0.0025	0.0025	0.0000	0.0025	0.0025	0.0000	0.0000	0.0000	0.0000	0.0000	0.0000	0.0000	0.0000	0.0000	0.0000	0.0000	0.0000	0.0000	0.2479	0.2227	0.0252	0.0869	0.0827	0.0042	0.1610	0.1400	0.0209	0.1105	0.0606	0.0499	0.0248	0.0238	0.0010	0.0858	0.0368	0.0489	56.1873	34.0156	5861.8918	35.6128	35.9660	0.0000	1575.4709	0.0000	6908.3904	0.0002	0.0003	0.0000	0.0008	0.0008	0.0000	0.0000	0.0000	0.0000		
56	149	0.0760	2	0	1	0	1	0	0	0	0	N	N	N	N	N	N	N	N	N	N	N	N	1758.0454	3362.0800	0.0000	81075.7466	91681.9784	0.0000	0.0000	0.0000	1.2687	1.4190	0.0000	8.7988	8.9483	0.0000	0.0000	0.0000	0.0000	0.0007	0.0004	0.0005	0.0001	0.0001	0.0000	0.0003	0.0033	0.0005	0.0000	3.0460	-0.1872	0.0000	1.7218	7.8050	6.9557	4.0035	0.7194	0.7194	0.0000	0.7194	0.7194	0.0000	0.0000	0.0000	0.0000	0.0001	0.0000	0.0001	0.0000	0.0000	0.0000	0.0001	0.0000	0.0001	0.5671	0.5070	0.0600	0.0818	0.0804	0.0014	0.4853	0.4266	0.0587	0.2730	0.1448	0.1282	0.0079	0.0079	0.0001	0.2651	0.1369	0.1282	4480.2207	10750.2210	0.0000	8826411.2502	9376777.2688	0.0000	0.0000	0.0000	0.0000	0.0003	0.0001	0.0005	0.0000	0.0000	0.0000	0.0003	0.0001	0.0005	
56	150	0.2034	4	0	1	0	1	0	0	0	0	N	N	N	N	N	N	N	N	N	N	N	N	0.5262	0.8042	0.0001	1.5264	1.5347	inf	0.0001	0.0000	0.0001	1.5047	1.6830	0.0021	5.8620	6.0138	0.0125	0.0002	0.0000	0.0014	2.8598	2.0926	14.0681	3.8404	3.9185	0.0000	3.5971	0.0200	14.2020	0.0001	13.4702	-0.1394	0.4366	1.7218	3.7255	6.9557	14.1767	0.5363	0.5362	0.0001	0.5362	0.5362	0.0000	0.0001	0.0000	0.0001	1.0674	0.0738	0.9937	0.0736	0.0736	0.0000	0.9938	0.0002	0.9937	0.3564	0.3186	0.0378	0.0915	0.0892	0.0023	0.2649	0.2294	0.0355	0.4074	0.2410	0.1664	0.0767	0.0710	0.0057	0.3307	0.1701	0.1607	0.5744	5.4995	0.0004	6.1102	5.8022	inf	0.0001	0.0000	0.0002	2.6198	0.3060	5.9719	0.9594	1.0365	0.0000	3.0049	0.0011	6.1839
56	151	0.1870	3	0	1	0	1	0	0	0	0	N	N	N	N	N	N	N	N	N	N	N	N	1.2418	0.5520	2.5192	0.9720	0.9756	1.9776	1.0625	0.0024	8.4701	2.8593	1.5990	13.1298	5.0118	5.0890	0.4071	2.0043	0.0021	13.6993	2.3026	2.8966	5.2119	5.1560	5.2163	0.2059	1.8864	0.8472	1.6174	1.0077	0.3743	0.1204	-0.0609	1.7218	1.4205	6.9557	4.0377	0.4981	0.2481	0.2500	0.2482	0.2479	0.0003	0.2499	0.0002	0.2497	0.2441	0.1776	0.0665	0.1768	0.1766	0.0002	0.0672	0.0010	0.0663	0.1742	0.1552	0.0190	0.0495	0.0487	0.0008	0.1247	0.1065	0.0182	0.2374	0.1488	0.0885	0.0697	0.0670	0.0027	0.1677	0.0818	0.0859	2.7809	1.3402	17.4856	1.9745	1.9305	5.6916	4.9993	0.1763	17.7474	1.0282	1.1931	0.7509	2.5383	2.6360	0.0715	0.4009	0.0117	0.7719
56	152	0.0760	2	0	1	0	1	0	0	0	0	N	N	N	N	N	N	N	N	N	N	N	N	0.3525	0.0003	1.5415	1.8085	1.9549	0.3483	0.0002	4.2519	1.0916	0.0015	10.2241	0.0002	0.0002	0.0000	1.2749	0.0017	10.4596	3.0966	4.9657	6.6325	0.0001	0.0001	0.0000	3.6607	7.0428	2.4600	840.5828	0.1898	0.3943	-0.4308	1.7218	6.4701	6.9557	12.4371	0.5339	0.0006	0.5332	0.0000	0.0000	0.0000	0.5339	0.0006	0.5332	1.1888	0.9992	0.1896	0.0000	0.0000	0.0000	1.1888	0.9992	0.1896	0.4891	0.4369	0.0522	0.0703	0.0691	0.0012	0.4188	0.3678	0.0510	0.3839	0.2012	0.1827	0.0115	0.0114	0.0001	0.3724	0.1898	0.1826	0.3525	0.0003	9.8497	156.5430	162.0837	0.0000	0.3993	0.0003	10.0710	3.0966	4.9657	1.0380	0.0000	0.0000	0.0000	3.1923	5.2641	1.0386	
57	58	0.6803	5	2	0	2	0	0	0	0	0	Y	N	Y	N	N	N	N	N	N	N	N	N	0.0000	0.0000	0.0000	0.0000	0.0000	0.0000	0.0000	0.0000	0.0000	0.0000	0.0000	0.0000	0.0000	0.0000	0.0000	0.0000	0.0000	0.0000	0.0000	0.0000	8.9999	0.0000	5.0001	1.0000	0.0000	0.0000	0.0000	0.0000	0.0000	0.0000	0.0000	0.0000	0.0000	0.0000	0.0000	0.0000	0.0000	0.0000	0.0000	0.0000	0.0000	0.0000	0.0000	0.0000	0.0000	0.0000	0.0000	0.0000	0.0000	0.0000	0.0000	0.0086	0.0048	0.0038	0.0043	0.0037	0.0006	0.0044	0.0012	0.0032	0.0000	0.0000	0.0000	0.0000	0.0000	0.0000	0.0000	0.0000	0.0000	0.0000	0.0000	0.0000	0.0000	0.0000	0.0000	0.0000	0.0000	0.0000											
57	59	0.1910	4	1	0	2	0	0	0	0	0	N	N	Y	N	N	N	N	N	N	N	N	N	1.2519	0.5017	57.6711	2.2127	0.9991	inf	0.0000	0.0000	0.9616	0.4151	5.9230	1.7213	0.7049	20.8706	0.0000	0.0000	0.0000	0.7681	0.8274	0.1027	0.7779	0.7055	0.0000	0.2028	0.0000	0.0375	1.5716	0.6528	0.0001	-0.0002	8.9999	0.0006	5.0001	1.1867	0.0004	0.0001	0.0002	0.0004	0.0001	0.0002	0.0000	0.0000	0.0000	0.0012	0.0007	0.0005	0.0007	0.0007	0.0000	0.0005	0.0000	0.0005	0.0004	0.0003	0.0000	0.0002	0.0002	0.0000	0.0002	0.0001	0.0000	0.0507	0.0356	0.0151	0.0147	0.0142	0.0005	0.0360	0.0214	0.0146	40.9573	20.5200	190.2187	35.0929	13.9050	inf	0.0000	0.0000	0.0000	0.0235	0.0202	0.0311	0.0491	0.0507	0.0000	0.0131	0.0000	0.0322	
57	60	0.1544	3	1	0	1	0	0	0	0	0	N	N	N	N	N	N	N	N	N	N	N	N	0.0740	0.0589	0.2213	inf	inf	inf	0.0001	0.0118	0.0000	0.4543	0.0005	4.4581	0.9214	0.0006	13.3966	0.0005	0.0004	0.0010	6.1404	0.0080	20.1482	0.0000	0.0000	0.0000	6.5344	0.0316	21.3975	1074.1858	9092.1818	0.2056	0.4781	8.9999	2.2785	5.0001	4.8627	0.2783	0.0003	0.2780	0.2781	0.0002	0.2780	0.0001	0.0001	0.0000	1.0002	0.0001	1.0001	0.0000	0.0000	0.0000	1.0002	0.0001	1.0001	0.6125	0.5502	0.0624	0.3019	0.2811	0.0207	0.3107	0.2691	0.0416	0.1629	0.0777	0.0852	0.0098	0.0097	0.0001	0.1531	0.0680	0.0851	0.0740	0.3322	0.3798	inf	inf	inf	0.0001	0.2297	0.0001	6.1404	0.0014	11.7372	0.0000	0.0000	0.0000	6.5344	0.0016	11.7554
57	61	0.7583	9	1	0	2	0	0	0	0	0	N	N	Y	N	N	N	N	N	N	N	N	N	0.0000	0.0000	0.0000	0.0000	0.0000	0.0000	0.0000	0.0001	0.0001	0.0000	0.0000	0.0000	0.0000	16.6346	25.3588	0.0000	28.9025	32.9299	0.0000	0.0000	0.0000	0.0000	0.0000	0.0000	-0.0000	-1.5231	8.9999	1.0901	5.0001	7.9319	0.0000	0.0000	0.0000	0.0000	0.0000	0.0000	0.0000	0.0000	0.0000	2.9183	2.9183	0.0000	2.9183	2.9183	0.0000	0.0000	0.0000	0.0000	0.3092	0.2804	0.0288	0.1886	0.1768	0.0117	0.1206	0.1035	0.0170	0.1754	0.1151	0.0604	0.1010	0.0886	0.0123	0.0745	0.0265	0.0480	0.0000	0.0000	0.0000	0.0000	0.0000	0.0000	0.0000	0.0000	0.0000	16.6346	25.3588	0.0000	28.9025	32.9299	0.0000	0.0000	0.0000	0.0000					
57	62	0.7282	8	1	0	1	0	0	0	0	0	N	N	N	N	N	N	N	N	N	N	N	N	0.0005	0.0004	0.0000	0.0006	0.0005	0.0000	0.0000	0.0000	0.0000	0.0063	0.0069	0.0000	0.0113	0.0119	0.0000	0.0000	0.0000	0.0000	11.6168	17.6274	0.0008	19.5825	22.2266	0.0024	0.0008	0.0143	0.0005	0.0000	0.0000	-0.0009	-0.4848	8.9999	1.6797	5.0001	2.9843	0.0036	0.0036	0.0000	0.0036	0.0036	0.0000	0.0000	0.0000	0.0000	0.9290	0.9289	0.0000	0.9289	0.9289	0.0000	0.0000	0.0000	0.0000	0.5638	0.5157	0.0481	0.3164	0.3020	0.0145	0.2474	0.2138	0.0336	0.0800	0.0527	0.0273	0.0474	0.0418	0.0056	0.0325	0.0109	0.0216	0.0005	0.0004	0.0000	0.0006	0.0005	0.0000	0.0000	0.0000	0.0000	11.6168	17.6274	0.0008	19.5825	22.2266	0.0019	0.0006	0.0008	0.0005
57	63	0.7181	7	1	0	1	0	0	0	0	0	N	N	N	N	N	N	N	N	N	N	N	N	0.0753	0.0440	1631.5259	0.3004	0.2995	154.7748	inf	1590.4850	0.0211	0.0195	0.0410	0.0332	0.0341	0.0000	0.0072	0.0007	0.0511	0.2804	0.4442	0.0000	0.1105	0.1140	0.0000	0.0000	0.0000	0.0000	0.1670	0.0014	-0.0008	-0.0001	8.9999	0.4935	5.0001	1.5835	0.0064	0.0055	0.0009	0.0054	0.0054	0.0000	0.0010	0.0001	0.0009	0.0002	0.0002	0.0000	0.0002	0.0002	0.0000	0.0000	0.0000	0.0000	0.3043	0.2819	0.0224	0.1632	0.1588	0.0044	0.1411	0.1231	0.0180	0.0355	0.0233	0.0121	0.0217	0.0191	0.0026	0.0137	0.0042	0.0095	3.4152	2.0815	1631.5259	3.2935	2.9744	0.0000	322.2579	inf	1590.4850	0.0062	0.0094	0.0000	0.0101	0.0115	0.0000	0.0000	0.0000	0.0000	
57	64	0.7550	9	1	1	1	0	0	0	0	0	N	N	N	N	N	N	N	N	N	N	N	N	inf	inf	inf	inf	inf	inf	0.0019	0.0022	0.0000	0.0020	0.0023	0.0000	0.0015	0.0018	0.0000	0.0000	0.0000	0.0000	0.0000	0.0000	0.0000	0.0000	0.0000	0.0000	0.0000	-0.0001	0.0000	8.9999	0.2944	5.0001	1.0083	0.0002	0.0002	0.0000	0.0002	0.0002	0.0000	0.0000	0.0000	0.0000	0.0000	0.0000	0.0000	0.0000	0.0000	0.0000	0.0000	0.0000	0.0000	0.1260	0.1101	0.0159	0.0997	0.0877	0.0120	0.0263	0.0224	0.0040	0.0219	0.0144	0.0075	0.0137	0.0120	0.0017	0.0082	0.0024	0.0057	inf	inf	0.0000	inf	inf	0.0000	inf	inf	0.0000	0.0000	0.0000	0.0000	0.0000	0.0000	0.0000	0.0000	0.0000	0.0000				
57	65	0.7343	8	1	0	1	0	0	0	0	0	N	N	N	N	N	N	N	N	N	N	N	N	1.1101	inf	0.8443	inf	inf	0.6722	inf	0.9100	0.0006	0.0006	0.0005	0.0006	0.0007	0.0000	0.0005	0.0004	0.0008	0.0005	0.0000	0.0006	0.0000	0.0000	0.0000	0.0007	0.0000	0.0008	0.0870	inf	-0.0000	0.0000	8.9999	1.1351	5.0001	2.0429	0.0002	0.0002	0.0000	0.0002	0.0002	0.0000	0.0001	0.0001	0.0000	0.0000	0.0000	0.0000	0.0000	0.0000	0.0000	0.0000	0.0000	0.0000	0.4468	0.4103	0.0365	0.2471	0.2372	0.0099	0.1997	0.1731	0.0266	0.0547	0.0361	0.0186	0.0332	0.0292	0.0040	0.0215	0.0069	0.0146	2.5333	inf	0.8443	inf	inf	0.0000	0.8015	inf	0.9100	0.0002	0.0000	0.0006	0.0000	0.0000	0.0000	0.0006	0.0000	0.0008	
57	66	0.7181	7	1	0	1	0	0	0	0	0	N	N	N	N	N	N	N	N	N	N	N	N	1.2773	7.7686	17.5946	12.8686	14.3932	0.6085	17.1244	0.0094	0.0069	0.0411	0.0120	0.0123	0.0000	0.0065	0.0000	0.0512	0.0074	0.0009	0.0023	0.0009	0.0009	0.0000	0.0107	0.0000	0.0030	0.4717	3.5050	0.0002	0.0000	8.9999	0.4912	5.0001	2.4266	0.0029	0.0019	0.0009	0.0019	0.0019	0.0000	0.0009	0.0000	0.0009	0.0001	0.0000	0.0000	0.0000	0.0000	0.0000	0.0000	0.0000	0.0000	0.3038	0.2815	0.0224	0.1629	0.1585	0.0044	0.1409	0.1229	0.0180	0.0493	0.0324	0.0169	0.0302	0.0265	0.0037	0.0191	0.0059	0.0132	9.1840	19.9526	17.5946	32.1361	29.0027	0.0000	3.1575	0.0000	17.1244	0.0010	0.0003	0.0023	0.0004	0.0004	0.0000	0.0021	0.0000	0.0030		
57	67	0.7130	6	1	0	1	0	0	0	0	0	N	N	N	N	N	N	N	N	N	N	N	N	9.2008	59.6031	39.3209	181.3686	208.7516	inf	1.6549	inf	55.0597	0.3369	0.3402	0.2965	0.5722	0.5895	0.0017	0.0593	0.0120	0.3749	0.0366	0.0057	0.0075	0.0032	0.0028	0.0000	0.0358	0.0000	0.0068	0.0712	2.5740	-0.0235	0.0000	8.9999	0.6141	5.0001	1.2701	0.1212	0.1132	0.0081	0.1114	0.1114	0.0000	0.0098	0.0017	0.0081	0.0001	0.0000	0.0001	0.0000	0.0000	0.0000	0.0001	0.0000	0.0001	0.3598	0.3326	0.0272	0.1947	0.1890	0.0057	0.1650	0.1435	0.0215	0.0336	0.0219	0.0116	0.0202	0.0178	0.0024	0.0133	0.0041	0.0092	129.3599	304.8700	54.8531	473.7140	430.1357	inf	12.5306	inf	55.0597	0.0026	0.0011	0.0054	0.0012	0.0014	0.0000	0.0047	0.0000	0.0068
57	68	0.6803	5	2	1	2	0	0	0	0	0	Y	N	Y	N	N	N	N	N	N	N	N	N	0.0000	0.0000	0.0000	0.0000	0.0000	0.0000	0.0000	0.0000	0.0000	0.0000	0.0000	0.0000	0.0000	0.0000	0.0000	0.0000	0.0000	0.0000	0.0000	0.0000	8.9999	0.0000	5.0001	0.0000	0.0000	0.0000	0.0000	0.0000	0.0000	0.0000	0.0000	0.0000	0.0000	0.0000	0.0000	0.0000	0.0000	0.0000	0.0000	0.0000	0.0000	0.0000	0.0000	0.0000	0.0000	0.0000	0.0000	0.0000	0.0000	0.0000	0.0000	0.0000	0.0000	0.0000	0.0000	0.0000	0.0000	0.0000	0.0000	0.0000	0.0000	0.0000	0.0000	0.0000	0.0000	0.0000	0.0000	0.0000	0.0000	0.0000	0.0000	0.0000	0.0000	0.0000	0.0000	0.0000	0.0000	0.0000											
57	69	0.1282	3	2	1	2	0	0	0	0	0	Y	N	Y	N	N	N	N	N	N	N	N	N	inf	inf	inf	inf	2.4010	0.0000	17.4795	0.0000	0.0000	0.0000	2.5153	0.0000	17.7822	0.0000	0.0000	0.0000	0.0000	0.0000	0.0000	0.0000	0.0000	0.0000	inf	0.7398	0.0000	8.9999	1.0000	5.0001	0.0000	1.0000	0.0000	1.0000	0.0000	0.0000	0.0000	1.0000	0.0000	1.0000	0.0000	0.0000	0.0000	0.0000	0.0000	0.0000	0.0000	0.0000	0.0000	0.4165	0.3593	0.0572	0.0189	0.0180	0.0010	0.3976	0.3413	0.0562	0.0436	0.0206	0.0230	0.0002	0.0002	0.0000	0.0434	0.0205	0.0229	inf	0.0000	inf	0.0000	0.0000	0.0000	inf	0.0000	inf	0.0000	0.0000	0.0000	0.0000	0.0000	0.0000	0.0000	0.0000	0.0000						
57	70	0.1282	3	2	1	2	0	0	0	0	0	Y	N	Y	N	N	N	N	N	N	N	N	N	0.0000	0.0000	0.0000	0.0000	0.0000	0.0000	0.0000	0.0000	0.0000	0.0000	0.0000	0.0000	0.0000	0.0000	0.0000	0.0000	0.0000	0.0000	0.0000	0.0000	8.9999	0.0000	5.0001	0.0000	0.0000	0.0000	0.0000	0.0000	0.0000	0.0000	0.0000	0.0000	0.0000	0.0000	0.0000	0.0000	0.0000	0.0000	0.0000	0.0000	0.0000	0.0000	0.0000	0.0000	0.0000	0.0000	0.0000	0.0000	0.0000	0.0000	0.0000	0.0000	0.0000	0.0000	0.0000	0.0000	0.0000	0.0000	0.0000	0.0000	0.0000	0.0000	0.0000	0.0000	0.0000	0.0000	0.0000	0.0000	0.0000	0.0000	0.0000	0.0000	0.0000	0.0000	0.0000	0.0000	0.0000	0.0000											
57	71	0.1059	2	2	1	2	0	0	0	0	0	Y	N	Y	N	N	N	N	N	N	N	N	N	inf	inf	inf	inf	1.3001	0.0000	9.4841	0.0000	0.0000	0.0000	1.3142	0.0000	9.5430	0.0000	0.0000	0.0000	0.0000	0.0000	0.0000	0.0000	0.0000	0.0000	inf	0.7398	0.0000	8.9999	2.0000	5.0001	1.0000	1.0000	0.0000	1.0000	0.0000	0.0000	0.0000	1.0000	0.0000	1.0000	0.0000	0.0000	0.0000	0.0000	0.0000	0.0000	0.0000	0.0000	0.0000	0.7692	0.6637	0.1054	0.0082	0.0076	0.0007	0.7609	0.6562	0.1048	0.1281	0.0603	0.0677	0.0004	0.0004	0.0001	0.1276	0.0600	0.0676	inf	0.0000	inf	0.0000	0.0000	0.0000	inf	0.0000	inf	0.0000	0.0000	0.0000	0.0000	0.0000	0.0000	0.0000	0.0000	0.0000						
57	73	0.6995	6	2	1	1	0	0	0	0	0	Y	N	N	N	N	N	N	N	N	N	N	N	inf	inf	inf	inf	1.5846	1.7448	0.0000	1.8310	1.9988	0.0000	0.0000	0.0000	0.0000	0.0000	0.0000	0.0000	0.0000	0.0000	0.0000	0.0000	0.0000	0.0000	0.0000	-0.0000	0.0000	8.9999	0.0000	5.0001	0.0000	0.0000	0.0000	0.0000	0.0000	0.0000	0.0000	0.0000	0.0000	0.0000	0.0000	0.0000	0.0000	0.0000	0.0000	0.0000	0.0000	0.0000	0.0000	0.0000	0.0000	0.0000	0.0000	0.0000	0.0000	0.0000	0.0000	0.0000	0.0000	0.0000	0.0000	0.0000	0.0000	0.0000	0.0000	0.0000	0.0000	inf	inf	0.0000	inf	inf	0.0000	0.0000	0.0000	0.0000	0.0000	0.0000	0.0000	0.0000	0.0000	0.0000	0.0000	0.0000	0.0000						
57	74	0.1924	4	2	1	1	0	0	0	0	0	Y	N	N	N	N	N	N	N	N	N	N	N	0.0000	0.0000	0.0000	0.0000	0.0000	0.0000	0.0000	0.0000	0.0000	0.0000	0.0000	0.0000	0.0000	0.0000	0.0000	0.0000	0.0000	0.0000	0.0000	0.0000	8.9999	0.0000	5.0001	0.0010	0.0000	0.0000	0.0000	0.0000	0.0000	0.0000	0.0000	0.0000	0.0000	0.0000	0.0000	0.0000	0.0000	0.0000	0.0000	0.0000	0.0000	0.0000	0.0000	0.0000	0.0000	0.0000	0.0000	0.0000	0.0000	0.0000	0.0000	0.0107	0.0086	0.0021	0.0054	0.0054	0.0000	0.0054	0.0033	0.0021	0.0000	0.0000	0.0000	0.0000	0.0000	0.0000	0.0000	0.0000	0.0000	0.0000	0.0000	0.0000	0.0000	0.0000	0.0000	0.0000	0.0000	0.0000											
57	75	0.1816	6	1	1	1	1	0	0	0	0	N	N	N	N	N	N	N	N	N	N	N	N	0.0000	0.0000	0.0000	0.0000	0.0000	0.0000	0.0000	0.0000	0.0000	0.0000	0.0000	0.0000	0.0000	0.0000	0.0000	0.0000	0.0000	0.0000	0.0000	0.0000	8.9999	0.0000	5.0001	0.0000	0.0000	0.0000	0.0000	0.0000	0.0000	0.0000	0.0000	0.0000	0.0000	0.0000	0.0000	0.0000	0.0000	0.0000	0.0000	0.0000	0.0000	0.0000	0.0000	0.0000	0.0000	0.0000	0.0000	0.0000	0.0000	0.0000	0.0000	0.0000	0.0000	0.0000	0.0000	0.0000	0.0000	0.0000	0.0000	0.0000	0.0000	0.0000	0.0000	0.0000	0.0000	0.0000	0.0000	0.0000	0.0000	0.0000	0.0000	0.0000	0.0000	0.0000	0.0000	0.0000	0.0000	0.0000											
57	76	0.1816	6	1	0	1	1	0	0	0	0	N	N	N	N	N	N	N	N	N	N	N	N	0.0000	0.0000	0.0000	0.0000	0.0000	0.0000	0.0000	0.0000	0.0000	0.0000	0.0000	0.0000	0.0000	0.0000	0.0000	0.0000	0.0000	0.0000	0.0000	0.0000	8.9999	0.0000	5.0001	0.0000	0.0000	0.0000	0.0000	0.0000	0.0000	0.0000	0.0000	0.0000	0.0000	0.0000	0.0000	0.0000	0.0000	0.0000	0.0000	0.0000	0.0000	0.0000	0.0000	0.0000	0.0000	0.0000	0.0000	0.0000	0.0000	0.0000	0.0000	0.0000	0.0000	0.0000	0.0000	0.0000	0.0000	0.0000	0.0000	0.0000	0.0000	0.0000	0.0000	0.0000	0.0000	0.0000	0.0000	0.0000	0.0000	0.0000	0.0000	0.0000	0.0000	0.0000	0.0000	0.0000	0.0000	0.0000											
57	77	0.1662	5	1	0	1	1	0	0	0	0	N	N	N	N	N	N	N	N	N	N	N	N	31.2348	23.5907	38.9034	48.3943	0.3417	0.3865	0.0000	0.7086	0.7322	0.0000	0.0000	0.0000	0.0000	0.0109	0.0164	0.0000	0.0182	0.0151	0.0000	0.0000	0.0000	0.0000	0.0000	0.0000	-0.0000	-0.0001	8.9999	0.0002	5.0001	2.9297	0.0000	0.0000	0.0000	0.0000	0.0000	0.0000	0.0000	0.0000	0.0000	0.0002	0.0002	0.0000	0.0002	0.0002	0.0000	0.0000	0.0000	0.0000	0.0001	0.0001	0.0000	0.0001	0.0001	0.0000	0.0001	0.0000	0.0000	0.1508	0.0950	0.0558	0.0459	0.0455	0.0004	0.1050	0.0495	0.0555	257.7297	183.5805	0.0000	162.4662	166.4590	0.0000	0.0000	0.0000	0.0000	0.0013	0.0021	0.0000	0.0044	0.0044	0.0000	0.0000	0.0000	0.0000					
57	78	0.1622	4	1	0	1	1	0	0	0	0	N	N	N	N	N	N	N	N	N	N	N	N	19.1217	108.2865	949.6305	inf	inf	45.7492	34.7071	418.4462	0.8891	0.4238	5.0397	0.7365	0.0000	10.6454	1.0528	0.9126	1.9534	0.0465	0.0039	0.0053	0.0000	0.0000	0.0000	0.0230	0.0263	0.0047	1.3335	5.6667	0.0000	0.0001	8.9999	0.0003	5.0001	2.1916	0.0001	0.0000	0.0000	0.0000	0.0000	0.0000	0.0000	0.0000	0.0000	0.0002	0.0000	0.0002	0.0000	0.0000	0.0000	0.0002	0.0000	0.0002	0.0001	0.0001	0.0000	0.0000	0.0000	0.0000	0.0000	0.0000	0.0000	0.0699	0.0335	0.0365	0.0120	0.0120	0.0000	0.0579	0.0215	0.0364	310.9234	472.8728	1080.8971	inf	0.0000	inf	304.9741	654.5725	418.4462	0.0029	0.0009	0.0047	0.0000	0.0000	0.0000	0.0035	0.0014	0.0047	
57	79	0.1544	3	1	0	1	0	0	0	0	0	N	N	N	N	N	N	N	N	N	N	N	N	inf	inf	inf	inf	inf	inf	2.2714	0.0002	22.2900	3.3344	0.0003	38.5303	0.0000	0.0000	0.0000	0.0000	0.0000	0.0000	0.0000	0.0000	0.0000	0.0000	0.0000	0.0000	12836.8912	0.2057	0.0000	8.9999	0.2782	5.0001	1.3600	0.2781	0.0000	0.2780	0.2781	0.0000	0.2780	0.0000	0.0000	0.0000	0.0000	0.0000	0.0000	0.0000	0.0000	0.0000	0.0000	0.0000	0.0000	0.1224	0.1099	0.0125	0.0834	0.0762	0.0072	0.0390	0.0338	0.0053	0.0468	0.0238	0.0230	0.0061	0.0061	0.0000	0.0407	0.0178	0.0230	inf	inf	inf	inf	inf	inf	0.0000	0.0000	0.0000	0.0000	0.0000	0.0000	0.0000	0.0000	0.0000	0.0000	0.0000	0.0000				
57	80	0.1155	3	1	1	2	0	0	0	0	0	N	N	Y	N	N	N	N	N	N	N	N	N	0.0000	0.0000	0.0000	0.0000	0.0000	0.0000	0.0000	0.0000	0.0000	0.0000	0.0000	0.0000	0.0000	15.4969	0.0000	33.6193	0.0000	0.0000	0.0000	15.9253	0.0000	36.5045	inf	0.0000	0.4767	8.9999	0.0029	5.0001	2.0135	0.0000	0.0000	0.0000	0.0000	0.0000	0.0000	0.0000	0.0000	0.0000	0.9972	0.0000	0.9972	0.0000	0.0000	0.0000	0.9972	0.0000	0.9972	0.0014	0.0012	0.0002	0.0004	0.0004	0.0000	0.0010	0.0008	0.0001	0.0643	0.0300	0.0343	0.0017	0.0016	0.0001	0.0626	0.0284	0.0342	0.0000	0.0000	0.0000	0.0000	0.0000	0.0000	0.0000	0.0000	0.0000	15.4969	0.0000	29.0644	0.0000	0.0000	0.0000	15.9253	0.0000	29.1865						
57	81	0.1089	2	1	1	1	0	0	0	0	0	N	N	N	N	N	N	N	N	N	N	N	N	0.0004	0.0008	0.0010	0.0010	0.0011	0.0001	0.0050	0.0025	0.0005	0.0005	0.0003	0.0012	0.0012	0.0000	0.0001	0.0000	0.0004	1.0671	0.5662	0.3474	1.1349	1.0725	0.0000	0.7104	0.0080	0.1504	0.0526	9.5050	-0.0000	0.0012	8.9999	0.6188	5.0001	0.9475	0.0002	0.0002	0.0000	0.0002	0.0002	0.0000	0.0000	0.0000	0.0000	0.0032	0.0003	0.0029	0.0003	0.0003	0.0000	0.0029	0.0000	0.0029	0.4308	0.4012	0.0296	0.1529	0.1500	0.0028	0.2779	0.2511	0.0268	0.0562	0.0263	0.0299	0.0040	0.0039	0.0001	0.0522	0.0225	0.0297	0.0080	0.0403	0.0034	0.0157	0.0155	0.0000	0.0013	0.0894	0.0038	0.0578	0.0117	0.0984	0.0752	0.0774	0.0000	0.0565	0.0004	0.0988	
57	82	0.7027	6	1	1	2	0	0	0	0	0	N	N	Y	N	N	N	N	N	N	N	N	N	0.0000	0.0000	0.0000	0.0000	0.0000	0.0000	0.0000	0.0000	0.0000	0.0000	0.0000	0.0000	0.0000	0.0000	0.0000	0.0000	0.0000	0.0000	0.0000	0.0000	8.9999	0.0000	5.0001	1.0000	0.0000	0.0000	0.0000	0.0000	0.0000	0.0000	0.0000	0.0000	0.0000	0.0000	0.0000	0.0000	0.0000	0.0000	0.0000	0.0000	0.0000	0.0000	0.0000	0.0000	0.0000	0.0000	0.0000	0.0000	0.0000	0.0000	0.0000	0.0179	0.0111	0.0068	0.0101	0.0087	0.0014	0.0078	0.0024	0.0054	0.0000	0.0000	0.0000	0.0000	0.0000	0.0000	0.0000	0.0000	0.0000	0.0000	0.0000	0.0000	0.0000	0.0000	0.0000	0.0000	0.0000	0.0000											
57	84	0.6803	5	2	0	2	0	0	0	0	0	Y	N	Y	N	N	N	N	N	N	N	N	N	0.0000	0.0000	0.0000	0.0000	0.0000	0.0000	0.0000	0.0000	0.0000	0.0000	0.0000	0.0000	0.0000	0.0000	0.0000	0.0000	0.0000	0.0000	0.0000	0.0000	8.9999	4.0000	5.0001	0.0000	0.0000	0.0000	0.0000	0.0000	0.0000	0.0000	0.0000	0.0000	0.0000	0.0000	0.0000	0.0000	0.0000	0.0000	0.0000	0.0000	0.0000	0.0000	0.6579	0.6035	0.0544	0.4802	0.4507	0.0295	0.1777	0.1528	0.0249	0.0337	0.0189	0.0148	0.0167	0.0143	0.0025	0.0170	0.0046	0.0124	0.0000	0.0000	0.0000	0.0000	0.0000	0.0000	0.0000	0.0000	0.0000	0.0000	0.0000	0.0000	0.0000	0.0000	0.0000	0.0000	0.0000	0.0000											
57	85	0.7264	6	2	1	1	0	0	0	0	0	Y	N	N	N	N	N	N	N	N	N	N	N	0.0001	inf	0.0000	0.0118	inf	0.0000	0.0000	0.0000	0.0001	0.0001	0.0000	0.0002	0.0002	0.0000	0.0000	0.0000	0.0000	1.9962	0.0000	9.4694	0.0165	0.0000	0.1030	2.7069	0.0000	7.8087	0.0000	inf	-0.0000	0.0176	8.9999	1.0086	5.0001	1.7435	0.0000	0.0000	0.0000	0.0000	0.0000	0.0000	0.0000	0.0000	0.0000	0.0369	0.0000	0.0369	0.0002	0.0000	0.0002	0.0367	0.0000	0.0367	0.2576	0.2337	0.0239	0.1538	0.1450	0.0087	0.1038	0.0886	0.0152	0.0648	0.0437	0.0211	0.0380	0.0340	0.0040	0.0268	0.0097	0.0171	0.0002	inf	0.0000	0.0464	inf	0.0000	0.0000	0.0000	0.0000	0.5690	0.0000	1.7454	0.0042	0.0000	0.0396	1.3710	0.0000	2.1486	
57	86	0.6803	5	2	1	1	0	0	0	0	0	Y	N	N	N	N	N	N	N	N	N	N	N	0.1962	0.0547	inf	0.1310	0.0792	inf	0.0001	0.0001	0.0007	0.0001	0.0001	0.0012	0.0000	0.0000	0.0000	0.0006	0.0011	0.0000	0.0011	0.0010	0.0000	0.0000	0.0000	0.0000	1.0000	0.0000	0.0000	-0.0000	8.9999	1.0165	5.0001	4.1395	0.0000	0.0000	0.0000	0.0000	0.0000	0.0000	0.0000	0.0000	0.0000	0.0000	0.0000	0.0000	0.0000	0.0000	0.0000	0.0000	0.0000	0.0000	0.1824	0.1675	0.0150	0.1360	0.1276	0.0084	0.0464	0.0398	0.0066	0.0430	0.0241	0.0189	0.0214	0.0182	0.0031	0.0217	0.0059	0.0158	0.4716	0.1439	inf	0.3140	0.1427	inf	0.0000	0.0000	0.0000	0.0002	0.0004	0.0000	0.0005	0.0005	0.0000	0.0000	0.0000	0.0000			
57	87	0.1242	2	2	1	1	0	0	0	0	0	Y	N	N	N	N	N	N	N	N	N	N	N	inf	inf	inf	inf	inf	inf	inf	1.5469	0.5751	9.9700	1.2139	1.2977	0.0000	1.7928	0.0000	13.5717	0.0000	0.0000	0.0000	0.0000	0.0000	0.0000	0.0000	0.0000	0.0000	2.0000	1.2194	0.0000	8.9999	9.0005	5.0001	5.0000	3.0000	1.0000	2.0000	1.0000	1.0000	0.0000	2.0000	0.0000	2.0000	0.0000	0.0000	0.0000	0.0000	0.0000	0.0000	0.0000	0.0000	0.0000	1.9394	1.7388	0.2006	0.8238	0.7706	0.0532	1.1155	0.9682	0.1474	0.2937	0.1246	0.1691	0.0026	0.0024	0.0001	0.2912	0.1222	0.1690	inf	inf	inf	inf	inf	0.0000	inf	0.0000	inf	0.0000	0.0000	0.0000	0.0000	0.0000	0.0000	0.0000	0.0000	0.0000			
57	88	0.7027	6	1	1	1	0	0	0	0	0	N	N	N	N	N	N	N	N	N	N	N	N	0.0000	0.0000	0.0000	0.0000	0.0000	0.0000	0.0000	0.0000	0.0000	0.0000	0.0000	0.0000	0.0000	0.0000	0.0000	0.0000	0.0000	0.0000	0.0000	0.0000	8.9999	0.0000	5.0001	0.0000	0.0000	0.0000	0.0000	0.0000	0.0000	0.0000	0.0000	0.0000	0.0000	0.0000	0.0000	0.0000	0.0000	0.0000	0.0000	0.0000	0.0000	0.0000	0.0000	0.0000	0.0000	0.0000	0.0000	0.0000	0.0000	0.0000	0.0000	0.0000	0.0000	0.0000	0.0000	0.0000	0.0000	0.0000	0.0000	0.0000	0.0000	0.0000	0.0000	0.0000	0.0000	0.0000	0.0000	0.0000	0.0000	0.0000	0.0000	0.0000	0.0000	0.0000	0.0000	0.0000	0.0000	0.0000											
57	89	0.1089	2	1	1	1	0	0	0	0	0	N	N	N	N	N	N	N	N	N	N	N	N	0.0000	0.0000	0.0000	0.0000	0.0000	0.0000	0.0000	0.0000	0.0000	0.0000	0.0000	0.0000	0.0000	0.0502	0.2627	0.0000	1.0037	0.9503	0.0000	0.0000	0.0000	0.0000	0.0000	0.0000	-0.0002	8.9999	1.9953	5.0001	1.0817	0.0000	0.0000	0.0000	0.0000	0.0000	0.0000	0.0000	0.0000	0.0000	0.0003	0.0003	0.0000	0.0003	0.0003	0.0000	0.0000	0.0000	0.0000	0.7471	0.6765	0.0706	0.1779	0.1700	0.0079	0.5692	0.5065	0.0627	0.1022	0.0475	0.0547	0.0046	0.0044	0.0002	0.0976	0.0431	0.0544	0.0000	0.0000	0.0000	0.0000	0.0000	0.0000	0.0000	0.0000	0.0000	0.0029	0.0063	0.0000	0.0655	0.0688	0.0000	0.0000	0.0000	0.0000						
57	91	0.1864	4	1	0	2	0	0	0	0	0	N	N	Y	N	N	N	N	N	N	N	N	N	0.0000	0.0000	0.0000	0.0000	0.0000	0.0000	0.0000	0.0000	0.0000	0.0000	0.0000	0.0000	0.0000	0.0000	0.0000	0.0000	0.0000	0.0000	0.0000	0.0000	8.9999	0.0000	5.0001	0.0000	0.0000	0.0000	0.0000	0.0000	0.0000	0.0000	0.0000	0.0000	0.0000	0.0000	0.0000	0.0000	0.0000	0.0000	0.0000	0.0000	0.0000	0.0000	0.0000	0.0000	0.0000	0.0000	0.0000	0.0000	0.0000	0.0000	0.0000	0.0000	0.0000	0.0000	0.0000	0.0000	0.0000	0.0000	0.0000	0.0000	0.0000	0.0000	0.0000	0.0000	0.0000	0.0000	0.0000	0.0000	0.0000	0.0000	0.0000	0.0000	0.0000	0.0000	0.0000	0.0000	0.0000	0.0000											
57	92	0.1544	3	1	0	2	0	0	0	0	0	N	N	Y	N	N	N	N	N	N	N	N	N	inf	inf	inf	inf	inf	inf	2.9111	3.2432	0.0000	3.9372	4.2205	0.0000	2.0093	2.3187	0.0000	0.0000	0.0000	0.0000	0.0000	0.0000	0.0000	0.0000	0.0000	0.0000	0.0000	-0.7082	0.0000	8.9999	3.7221	5.0001	2.9993	2.7220	2.7220	0.0000	1.7220	1.7220	0.0000	1.0000	1.0000	0.0000	0.0000	0.0000	0.0000	0.0000	0.0000	0.0000	0.0000	0.0000	0.0000	0.9350	0.8393	0.0958	0.4374	0.4080	0.0294	0.4977	0.4313	0.0664	0.1545	0.0738	0.0807	0.0096	0.0094	0.0001	0.1449	0.0643	0.0806	inf	inf	0.0000	inf	inf	0.0000	inf	inf	0.0000	0.0000	0.0000	0.0000	0.0000	0.0000	0.0000	0.0000	0.0000	0.0000				
57	93	0.1242	2	1	0	1	0	0	0	0	0	N	N	N	N	N	N	N	N	N	N	N	N	inf	inf	inf	inf	1.0577	0.0000	10.4688	2.2818	0.0000	36.4479	0.0000	0.0000	0.0000	0.0000	0.0000	0.0000	0.0000	0.0000	0.0000	0.0000	0.0000	0.0000	inf	0.5341	0.0000	8.9999	2.7217	5.0001	3.0458	0.7220	0.0000	0.7220	0.7220	0.0000	0.7220	0.0000	0.0000	0.0000	0.0000	0.0000	0.0000	0.0000	0.0000	0.0000	0.0000	0.0000	0.0000	0.6826	0.6136	0.0690	0.3164	0.2966	0.0198	0.3662	0.3170	0.0492	0.1313	0.0551	0.0762	0.0011	0.0011	0.0001	0.1302	0.0540	0.0762	inf	0.0000	inf	inf	0.0000	inf	0.0000	0.0000	0.0000	0.0000	0.0000	0.0000	0.0000	0.0000	0.0000	0.0000	0.0000	0.0000						
57	94	0.0992	2	2	1	1	0	0	0	0	0	Y	N	N	N	N	N	N	N	N	N	N	N	4318.6207	2127.9999	inf	0.0000	0.0000	inf	inf	inf	0.6612	0.7361	0.0013	0.0000	0.0000	0.0000	0.8385	0.9507	0.0014	0.0002	0.0003	0.0000	0.0066	0.0054	0.0000	0.0000	0.0000	0.0000	0.0002	0.0000	-0.2600	-0.0000	8.9999	5.9980	5.0001	4.9575	1.0001	0.9999	0.0002	0.0000	0.0000	0.0000	1.0001	0.9999	0.0002	0.0000	0.0000	0.0000	0.0000	0.0000	0.0000	0.0000	0.0000	0.0000	1.5127	1.3584	0.1543	0.3200	0.3066	0.0134	1.1927	1.0518	0.1409	0.3048	0.1433	0.1615	0.0045	0.0043	0.0002	0.3003	0.1390	0.1613	20149.7501	10544.9820	inf	0.0000	0.0000	0.0000	inf	inf	inf	0.0000	0.0001	0.0000	0.0022	0.0023	0.0000	0.0000	0.0000	0.0000	
57	95	0.7027	6	2	1	1	0	0	0	0	0	Y	N	N	N	N	N	N	N	N	N	N	N	0.0000	0.0000	0.0000	0.0000	0.0000	0.0000	0.0000	0.0000	0.0000	0.0000	0.0000	0.0000	0.0000	0.0000	0.0000	0.0000	0.0000	0.0000	0.0000	0.0000	8.9999	0.0000	5.0001	2.0000	0.0000	0.0000	0.0000	0.0000	0.0000	0.0000	0.0000	0.0000	0.0000	0.0000	0.0000	0.0000	0.0000	0.0000	0.0000	0.0000	0.0000	0.0000	0.0000	0.0000	0.0000	0.0000	0.0000	0.0000	0.0000	0.0000	0.0000	0.0354	0.0219	0.0135	0.0201	0.0172	0.0028	0.0154	0.0047	0.0107	0.0000	0.0000	0.0000	0.0000	0.0000	0.0000	0.0000	0.0000	0.0000	0.0000	0.0000	0.0000	0.0000	0.0000	0.0000	0.0000	0.0000	0.0000											
57	96	0.6803	5	1	1	1	0	0	0	0	0	N	N	N	N	N	N	N	N	N	N	N	N	0.0000	0.0000	0.0000	0.0000	0.0000	0.0000	0.0000	0.0000	0.0000	0.0000	0.0000	0.0000	0.0000	0.0000	0.0000	0.0000	0.0000	0.0000	0.0000	0.0000	8.9999	4.0000	5.0001	0.0000	0.0000	0.0000	0.0000	0.0000	0.0000	0.0000	0.0000	0.0000	0.0000	0.0000	0.0000	0.0000	0.0000	0.0000	0.0000	0.0000	0.0000	0.0000	0.6579	0.6035	0.0544	0.4802	0.4507	0.0295	0.1777	0.1528	0.0249	0.0337	0.0189	0.0148	0.0167	0.0143	0.0025	0.0170	0.0046	0.0124	0.0000	0.0000	0.0000	0.0000	0.0000	0.0000	0.0000	0.0000	0.0000	0.0000	0.0000	0.0000	0.0000	0.0000	0.0000	0.0000	0.0000	0.0000											
57	97	0.1242	2	1	0	1	0	0	0	0	0	N	N	N	N	N	N	N	N	N	N	N	N	0.0000	0.0000	0.0000	0.0000	0.0000	0.0000	0.0000	0.0000	0.0000	0.0000	0.0000	0.0000	0.0000	0.0000	0.0000	0.0000	0.0000	0.0000	0.0000	0.0000	8.9999	3.9994	5.0001	4.0000	0.0000	0.0000	0.0000	0.0000	0.0000	0.0000	0.0000	0.0000	0.0000	0.0000	0.0000	0.0000	0.0000	0.0000	0.0000	0.0000	0.0000	0.0000	0.9702	0.8716	0.0986	0.4413	0.4135	0.0278	0.5289	0.4581	0.0708	0.1781	0.0750	0.1031	0.0015	0.0014	0.0001	0.1766	0.0735	0.1031	0.0000	0.0000	0.0000	0.0000	0.0000	0.0000	0.0000	0.0000	0.0000	0.0000	0.0000	0.0000	0.0000	0.0000	0.0000	0.0000	0.0000	0.0000											
57	98	0.6803	5	1	0	1	0	0	0	0	0	N	N	N	N	N	N	N	N	N	N	N	N	0.0000	0.0000	0.0000	0.0000	0.0000	0.0000	0.0000	0.0000	0.0000	0.0000	0.0000	0.0000	0.0000	0.0000	0.0000	0.0000	0.0000	0.0000	0.0000	0.0000	8.9999	1.0000	5.0001	0.0000	0.0000	0.0000	0.0000	0.0000	0.0000	0.0000	0.0000	0.0000	0.0000	0.0000	0.0000	0.0000	0.0000	0.0000	0.0000	0.0000	0.0000	0.0000	0.3227	0.2962	0.0265	0.2392	0.2245	0.0147	0.0835	0.0717	0.0118	0.0158	0.0089	0.0070	0.0079	0.0067	0.0012	0.0080	0.0022	0.0058	0.0000	0.0000	0.0000	0.0000	0.0000	0.0000	0.0000	0.0000	0.0000	0.0000	0.0000	0.0000	0.0000	0.0000	0.0000	0.0000	0.0000	0.0000											
57	99	0.2352	3	1	0	1	0	0	0	0	0	N	N	N	N	N	N	N	N	N	N	N	N	0.0442	0.9521	0.0000	1.8849	2.1766	0.0000	0.0000	0.0538	0.0599	0.0000	0.1027	0.1081	0.0000	0.0000	0.0000	0.0000	1.2154	0.0629	0.6887	0.0545	0.0497	0.0000	1.0780	0.0000	0.3511	0.0000	38.3625	-0.0087	0.0143	8.9999	1.5982	5.0001	11.1970	0.0334	0.0334	0.0000	0.0334	0.0334	0.0000	0.0000	0.0000	0.0000	0.0315	0.0008	0.0307	0.0008	0.0008	0.0000	0.0307	0.0000	0.0307	0.6219	0.5583	0.0636	0.3254	0.3093	0.0161	0.2965	0.2490	0.0475	0.3761	0.2016	0.1745	0.1052	0.0985	0.0067	0.2709	0.1031	0.1678	0.6419	15.0869	0.0000	13.5066	13.3040	0.0000	0.0000	0.0000	0.0000	0.0837	0.0040	0.1759	0.0076	0.0081	0.0000	0.1133	0.0000	0.1829		
57	100	0.1007	3	2	1	2	0	0	0	0	0	Y	N	Y	N	N	N	N	N	N	N	N	N	0.0000	0.0000	0.0000	0.0000	0.0000	0.0000	0.0000	0.0000	0.0000	0.0000	0.0000	0.0000	0.0000	0.0000	0.0000	0.0000	0.0000	0.0000	0.0000	0.0000	8.9999	0.0000	5.0001	0.9982	0.0000	0.0000	0.0000	0.0000	0.0000	0.0000	0.0000	0.0000	0.0000	0.0000	0.0000	0.0000	0.0000	0.0000	0.0000	0.0000	0.0000	0.0000	0.0568	0.0547	0.0020	0.0402	0.0398	0.0004	0.0165	0.0149	0.0016	0.0324	0.0153	0.0171	0.0005	0.0005	0.0000	0.0319	0.0148	0.0171	0.0000	0.0000	0.0000	0.0000	0.0000	0.0000	0.0000	0.0000	0.0000	0.0000	0.0000	0.0000	0.0000	0.0000	0.0000	0.0000	0.0000	0.0000											
57	101	0.7151	8	2	1	2	0	0	0	0	0	Y	N	Y	N	N	N	N	N	N	N	N	N	0.0000	0.0000	0.0000	0.0000	0.0000	0.0000	0.0000	0.0000	0.0000	0.0000	0.0000	0.0000	0.0000	0.0000	0.0000	0.0000	0.0000	0.0000	0.0000	0.0000	8.9999	0.0000	5.0001	0.0000	0.0000	0.0000	0.0000	0.0000	0.0000	0.0000	0.0000	0.0000	0.0000	0.0000	0.0000	0.0000	0.0000	0.0000	0.0000	0.0000	0.0000	0.0000	0.0000	0.0000	0.0000	0.0000	0.0000	0.0000	0.0000	0.0000	0.0000	0.0000	0.0000	0.0000	0.0000	0.0000	0.0000	0.0000	0.0000	0.0000	0.0000	0.0000	0.0000	0.0000	0.0000	0.0000	0.0000	0.0000	0.0000	0.0000	0.0000	0.0000	0.0000	0.0000	0.0000	0.0000	0.0000	0.0000											
57	102	0.7150	7	2	0	2	0	0	0	0	0	Y	N	Y	N	N	N	N	N	N	N	N	N	0.0000	0.0000	0.0000	0.0000	0.0000	0.0000	0.0000	0.0000	0.0000	0.0000	0.0000	0.0000	0.0000	0.0000	0.0000	0.0000	0.0000	0.0000	0.0000	0.0000	8.9999	0.0000	5.0001	0.0000	0.0000	0.0000	0.0000	0.0000	0.0000	0.0000	0.0000	0.0000	0.0000	0.0000	0.0000	0.0000	0.0000	0.0000	0.0000	0.0000	0.0000	0.0000	0.0000	0.0000	0.0000	0.0000	0.0000	0.0000	0.0000	0.0000	0.0000	0.0000	0.0000	0.0000	0.0000	0.0000	0.0000	0.0000	0.0000	0.0000	0.0000	0.0000	0.0000	0.0000	0.0000	0.0000	0.0000	0.0000	0.0000	0.0000	0.0000	0.0000	0.0000	0.0000	0.0000	0.0000	0.0000	0.0000											
57	103	0.7090	6	2	0	2	0	0	0	0	0	Y	N	Y	N	N	N	N	N	N	N	N	N	0.0000	0.0000	0.0000	0.0000	0.0000	0.0000	0.0000	0.0000	0.0000	0.0000	0.0000	0.0000	0.0000	0.0000	0.0000	0.0000	0.0000	0.0000	0.0000	0.0000	8.9999	0.0000	5.0001	1.0091	0.0000	0.0000	0.0000	0.0000	0.0000	0.0000	0.0000	0.0000	0.0000	0.0000	0.0000	0.0000	0.0000	0.0000	0.0000	0.0000	0.0000	0.0000	0.0000	0.0000	0.0000	0.0000	0.0000	0.0000	0.0000	0.0000	0.0000	0.0181	0.0113	0.0069	0.0103	0.0089	0.0014	0.0078	0.0024	0.0054	0.0000	0.0000	0.0000	0.0000	0.0000	0.0000	0.0000	0.0000	0.0000	0.0000	0.0000	0.0000	0.0000	0.0000	0.0000	0.0000	0.0000	0.0000											
57	104	0.1242	2	1	1	1	0	0	0	0	0	N	N	N	N	N	N	N	N	N	N	N	N	inf	inf	inf	inf	1.1346	1.2651	0.0000	2.6365	2.8179	0.0000	0.0000	0.0000	0.0000	0.0000	0.0000	0.0000	0.0000	0.0000	0.0000	0.0000	0.0000	0.0000	0.0000	-0.5204	0.0000	8.9999	7.9994	5.0001	4.0001	2.0000	2.0000	0.0000	2.0000	2.0000	0.0000	0.0000	0.0000	0.0000	0.0000	0.0000	0.0000	0.0000	0.0000	0.0000	0.0000	0.0000	0.0000	1.7627	1.5809	0.1818	0.7586	0.7098	0.0488	1.0041	0.8711	0.1330	0.2567	0.1086	0.1481	0.0022	0.0021	0.0001	0.2545	0.1065	0.1480	inf	inf	0.0000	inf	inf	0.0000	0.0000	0.0000	0.0000	0.0000	0.0000	0.0000	0.0000	0.0000	0.0000	0.0000	0.0000	0.0000						
57	105	0.1041	4	2	0	2	0	0	0	0	0	Y	N	Y	N	N	N	N	N	N	N	N	N	0.0023	0.0010	0.0001	0.0001	0.0000	0.0000	0.0000	0.0002	0.0002	0.0000	0.0000	0.0000	0.0000	0.0149	0.0386	0.0000	1.5937	1.6043	0.0000	0.0000	0.0000	0.0000	0.0000	0.0000	-0.0000	-0.0001	8.9999	1.0000	5.0001	1.0005	0.0000	0.0000	0.0000	0.0000	0.0000	0.0000	0.0000	0.0000	0.0000	0.0001	0.0001	0.0000	0.0001	0.0001	0.0000	0.0000	0.0000	0.0000	0.2853	0.2557	0.0295	0.0585	0.0563	0.0023	0.2268	0.1995	0.0273	0.0634	0.0299	0.0335	0.0008	0.0008	0.0000	0.0626	0.0291	0.0335	0.0222	0.0117	0.0000	0.0014	0.0014	0.0000	0.0000	0.0000	0.0000	0.0016	0.0033	0.0000	0.1231	0.1299	0.0000	0.0000	0.0000	0.0000					
57	106	0.1007	3	2	0	2	0	0	0	0	0	Y	N	Y	N	N	N	N	N	N	N	N	N	0.0020	0.0869	0.0000	inf	inf	0.0018	0.0038	0.0000	0.0003	0.0003	0.0000	0.0007	0.0008	0.0000	0.0001	0.0001	0.0000	0.1357	0.0034	0.0117	0.0000	0.0000	0.0000	0.0298	0.0162	0.0069	0.0000	9.0000	-0.0000	0.0000	8.9999	0.7249	5.0001	0.0368	0.0001	0.0001	0.0000	0.0001	0.0001	0.0000	0.0000	0.0000	0.0000	0.0001	0.0000	0.0001	0.0000	0.0000	0.0000	0.0001	0.0000	0.0001	0.2628	0.2390	0.0238	0.0804	0.0782	0.0022	0.1824	0.1608	0.0216	0.0249	0.0118	0.0131	0.0005	0.0004	0.0000	0.0245	0.0114	0.0131	0.0664	0.3456	0.0000	inf	inf	0.0000	0.0134	0.0707	0.0000	0.0040	0.0008	0.0069	0.0000	0.0000	0.0000	0.0041	0.0009	0.0069	
57	107	0.0992	2	2	0	2	0	0	0	0	0	Y	N	Y	N	N	N	N	N	N	N	N	N	0.1098	0.0192	inf	0.0021	0.0023	83.1154	0.4091	inf	0.0019	0.0009	0.0145	0.0012	0.0013	0.0000	0.0023	0.0006	0.0164	0.0172	0.0454	0.0000	0.5873	0.5441	0.0000	0.0000	0.0015	0.0000	1.3334	0.0000	0.0001	-0.0000	8.9999	0.4159	5.0001	0.0887	0.0003	0.0001	0.0002	0.0001	0.0001	0.0000	0.0003	0.0001	0.0002	0.0000	0.0000	0.0000	0.0000	0.0000	0.0000	0.0000	0.0000	0.0000	0.1856	0.1718	0.0138	0.0727	0.0711	0.0016	0.1129	0.1007	0.0122	0.0176	0.0086	0.0091	0.0008	0.0008	0.0000	0.0168	0.0077	0.0091	1.0923	0.2453	inf	0.0339	0.0342	0.0000	151.8619	18.0879	inf	0.0017	0.0036	0.0000	0.0366	0.0371	0.0000	0.0000	0.0000	0.0000	
57	109	0.7090	6	2	0	2	0	0	0	0	0	Y	N	Y	N	N	N	N	N	N	N	N	N	0.0000	0.0000	0.0000	0.0000	0.0000	0.0000	0.0000	0.0000	0.0000	0.0000	0.0000	0.0000	0.0000	0.0000	0.0000	0.0000	0.0000	0.0000	0.0000	0.0000	8.9999	0.0000	5.0001	0.9909	0.0000	0.0000	0.0000	0.0000	0.0000	0.0000	0.0000	0.0000	0.0000	0.0000	0.0000	0.0000	0.0000	0.0000	0.0000	0.0000	0.0000	0.0000	0.0000	0.0000	0.0000	0.0000	0.0000	0.0000	0.0000	0.0000	0.0000	0.0178	0.0111	0.0068	0.0101	0.0087	0.0014	0.0077	0.0023	0.0053	0.0000	0.0000	0.0000	0.0000	0.0000	0.0000	0.0000	0.0000	0.0000	0.0000	0.0000	0.0000	0.0000	0.0000	0.0000	0.0000	0.0000	0.0000											
57	110	0.6803	5	2	0	2	0	0	0	0	0	Y	N	Y	N	N	N	N	N	N	N	N	N	inf	inf	inf	inf	1.5199	0.0000	18.3812	2.0823	0.0000	33.8858	0.0000	0.0000	0.0000	0.0000	0.0000	0.0000	0.0000	0.0000	0.0000	0.0000	0.0000	0.0000	inf	0.7398	0.0000	8.9999	4.0000	5.0001	0.0000	1.0000	0.0000	1.0000	1.0000	0.0000	1.0000	0.0000	0.0000	0.0000	0.0000	0.0000	0.0000	0.0000	0.0000	0.0000	0.0000	0.0000	0.0000	0.6579	0.6035	0.0544	0.4802	0.4507	0.0295	0.1777	0.1528	0.0249	0.0337	0.0189	0.0148	0.0167	0.0143	0.0025	0.0170	0.0046	0.0124	inf	0.0000	inf	inf	0.0000	inf	0.0000	0.0000	0.0000	0.0000	0.0000	0.0000	0.0000	0.0000	0.0000	0.0000	0.0000	0.0000						
57	112	0.1700	3	1	0	2	0	0	0	0	0	N	N	Y	N	N	N	N	N	N	N	N	N	0.0000	0.0000	0.0000	0.0000	0.0000	0.0000	0.0000	0.0000	0.0000	0.0000	0.0000	0.0000	0.0000	0.0000	0.0000	0.0000	0.0000	0.0000	0.0000	0.0000	8.9999	0.0000	5.0001	0.0001	0.0000	0.0000	0.0000	0.0000	0.0000	0.0000	0.0000	0.0000	0.0000	0.0000	0.0000	0.0000	0.0000	0.0000	0.0000	0.0000	0.0000	0.0000	0.0000	0.0000	0.0000	0.0000	0.0000	0.0000	0.0000	0.0000	0.0000	0.0000	0.0000	0.0000	0.0000	0.0000	0.0000	0.0000	0.0000	0.0000	0.0000	0.0000	0.0000	0.0000	0.0000	0.0000	0.0000	0.0000	0.0000	0.0000	0.0000	0.0000	0.0000	0.0000	0.0000	0.0000	0.0000	0.0000											
57	113	0.1242	2	1	0	2	0	0	0	0	0	N	N	Y	N	N	N	N	N	N	N	N	N	inf	inf	inf	inf	1.0305	1.1470	0.0000	2.2655	2.4180	0.0000	0.0000	0.0000	0.0000	0.0000	0.0000	0.0000	0.0000	0.0000	0.0000	0.0000	0.0000	0.0000	0.0000	-0.2602	0.0000	8.9999	4.0004	5.0001	4.9999	1.0000	1.0000	0.0000	1.0000	1.0000	0.0000	0.0000	0.0000	0.0000	0.0000	0.0000	0.0000	0.0000	0.0000	0.0000	0.0000	0.0000	0.0000	0.9704	0.8718	0.0986	0.4414	0.4136	0.0278	0.5290	0.4583	0.0708	0.1984	0.0836	0.1148	0.0017	0.0016	0.0001	0.1967	0.0820	0.1147	inf	inf	0.0000	inf	inf	0.0000	0.0000	0.0000	0.0000	0.0000	0.0000	0.0000	0.0000	0.0000	0.0000	0.0000	0.0000	0.0000						
57	114	0.7130	6	1	1	1	0	0	0	0	0	N	N	N	N	N	N	N	N	N	N	N	N	321.3636	inf	49.5863	inf	inf	inf	389.1004	inf	57.8928	0.8193	0.8944	0.0784	0.0311	0.0329	0.0003	1.8287	2.1084	0.1169	0.0025	0.0000	0.0016	0.0000	0.0000	0.0000	0.0047	0.0000	0.0020	0.0089	inf	-0.2305	0.0000	8.9999	4.3361	5.0001	4.6323	0.9169	0.9088	0.0081	0.0195	0.0195	0.0000	0.8974	0.8893	0.0081	0.0001	0.0000	0.0001	0.0000	0.0000	0.0000	0.0001	0.0000	0.0001	1.1191	1.0162	0.1029	0.6284	0.5944	0.0340	0.4907	0.4218	0.0689	0.1427	0.0931	0.0496	0.0866	0.0758	0.0108	0.0561	0.0172	0.0388	1490.2944	inf	49.5863	inf	inf	inf	1307.3094	inf	57.8928	0.0005	0.0000	0.0016	0.0000	0.0000	0.0000	0.0014	0.0000	0.0020
57	115	0.6803	5	1	0	1	0	0	0	0	0	N	N	N	N	N	N	N	N	N	N	N	N	inf	inf	inf	inf	inf	inf	2.8376	3.0907	0.0127	3.8320	4.0820	0.0228	0.0000	0.0000	0.0000	0.0000	0.0000	0.0000	0.0000	0.0000	0.0000	0.0000	0.0000	0.0000	0.0004	-0.2549	0.0000	8.9999	1.9840	5.0001	0.2610	0.9812	0.9809	0.0004	0.9812	0.9809	0.0004	0.0000	0.0000	0.0000	0.0000	0.0000	0.0000	0.0000	0.0000	0.0000	0.0000	0.0000	0.0000	0.3458	0.3174	0.0284	0.2561	0.2403	0.0158	0.0897	0.0771	0.0127	0.0192	0.0108	0.0085	0.0095	0.0081	0.0014	0.0097	0.0026	0.0070	inf	inf	inf	inf	inf	inf	0.0000	0.0000	0.0000	0.0000	0.0000	0.0000	0.0000	0.0000	0.0000	0.0000	0.0000	0.0000				
57	116	0.1242	2	1	1	1	1	0	0	0	0	N	N	N	N	N	N	N	N	N	N	N	N	inf	inf	inf	inf	inf	inf	inf	1.6907	0.9414	8.2830	1.8853	2.0130	0.0000	1.5324	0.0000	11.4834	0.0000	0.0000	0.0000	0.0000	0.0000	0.0000	0.0000	0.0000	0.0000	1.0000	0.4796	0.0000	8.9999	5.0006	5.0001	2.0000	2.0000	1.0000	1.0000	1.0000	1.0000	0.0000	1.0000	0.0000	1.0000	0.0000	0.0000	0.0000	0.0000	0.0000	0.0000	0.0000	0.0000	0.0000	1.1830	1.0622	0.1207	0.5304	0.4968	0.0336	0.6526	0.5655	0.0871	0.1574	0.0662	0.0913	0.0013	0.0013	0.0001	0.1561	0.0649	0.0912	inf	inf	inf	inf	inf	0.0000	inf	0.0000	inf	0.0000	0.0000	0.0000	0.0000	0.0000	0.0000	0.0000	0.0000	0.0000			
57	117	0.6803	5	1	1	1	1	0	0	0	0	N	N	N	N	N	N	N	N	N	N	N	N	0.0000	0.0000	0.0000	0.0000	0.0000	0.0000	0.0000	0.0000	0.0000	0.0000	0.0000	0.0000	0.0000	0.0000	0.0000	0.0000	0.0000	0.0000	0.0000	0.0000	8.9999	0.0000	5.0001	1.0000	0.0000	0.0000	0.0000	0.0000	0.0000	0.0000	0.0000	0.0000	0.0000	0.0000	0.0000	0.0000	0.0000	0.0000	0.0000	0.0000	0.0000	0.0000	0.0000	0.0000	0.0000	0.0000	0.0000	0.0000	0.0000	0.0000	0.0000	0.0120	0.0067	0.0053	0.0060	0.0051	0.0009	0.0061	0.0016	0.0044	0.0000	0.0000	0.0000	0.0000	0.0000	0.0000	0.0000	0.0000	0.0000	0.0000	0.0000	0.0000	0.0000	0.0000	0.0000	0.0000	0.0000	0.0000											
57	118	0.1242	2	1	1	1	0	0	0	0	0	N	N	N	N	N	N	N	N	N	N	N	N	inf	inf	inf	inf	inf	inf	inf	inf	1.6012	1.0735	6.0994	1.6550	1.7723	0.0000	1.5672	0.6002	8.0657	0.0000	0.0000	0.0000	0.0000	0.0000	0.0000	0.0000	0.0000	0.0000	0.6666	0.6990	0.0000	8.9999	16.9994	5.0001	6.0000	4.9999	3.0000	1.9999	2.0000	2.0000	0.0000	2.9999	1.0000	1.9999	0.0000	0.0000	0.0000	0.0000	0.0000	0.0000	0.0000	0.0000	0.0000	3.1225	2.7947	0.3279	1.2084	1.1285	0.0799	1.9141	1.6662	0.2479	0.4429	0.1898	0.2531	0.0039	0.0037	0.0002	0.4390	0.1861	0.2529	inf	inf	inf	inf	inf	0.0000	inf	inf	inf	0.0000	0.0000	0.0000	0.0000	0.0000	0.0000	0.0000	0.0000	0.0000		
57	119	0.6803	5	1	1	1	0	0	0	0	0	N	N	N	N	N	N	N	N	N	N	N	N	inf	inf	inf	inf	1.2498	1.3627	0.0000	1.7242	1.8369	0.0000	0.0000	0.0000	0.0000	0.0000	0.0000	0.0000	0.0000	0.0000	0.0000	0.0000	0.0000	0.0000	0.0000	-0.2602	0.0000	8.9999	5.0000	5.0001	6.0000	1.0000	1.0000	0.0000	1.0000	1.0000	0.0000	0.0000	0.0000	0.0000	0.0000	0.0000	0.0000	0.0000	0.0000	0.0000	0.0000	0.0000	0.0000	0.8001	0.7338	0.0663	0.5800	0.5444	0.0356	0.2201	0.1894	0.0307	0.0873	0.0489	0.0384	0.0433	0.0370	0.0064	0.0440	0.0120	0.0320	inf	inf	0.0000	inf	inf	0.0000	0.0000	0.0000	0.0000	0.0000	0.0000	0.0000	0.0000	0.0000	0.0000	0.0000	0.0000	0.0000						
57	120	0.7084	6	1	1	1	0	0	0	0	0	N	N	N	N	N	N	N	N	N	N	N	N	inf	inf	inf	inf	5.7594	6.2906	0.0000	7.8063	8.3414	0.0000	0.0000	0.0000	0.0000	0.0000	0.0000	0.0000	0.0000	0.0000	0.0000	0.0000	0.0000	0.0000	0.0000	-0.2567	0.0000	8.9999	0.9998	5.0001	0.9486	0.9867	0.9867	0.0000	0.9867	0.9867	0.0000	0.0000	0.0000	0.0000	0.0000	0.0000	0.0000	0.0000	0.0000	0.0000	0.0000	0.0000	0.0000	0.1713	0.1569	0.0145	0.1264	0.1183	0.0081	0.0449	0.0386	0.0064	0.0324	0.0187	0.0137	0.0180	0.0157	0.0023	0.0144	0.0030	0.0114	inf	inf	0.0000	inf	inf	0.0000	0.0000	0.0000	0.0000	0.0000	0.0000	0.0000	0.0000	0.0000	0.0000	0.0000	0.0000	0.0000						
57	121	0.6803	5	1	1	1	0	0	0	0	0	N	N	N	N	N	N	N	N	N	N	N	N	inf	inf	inf	inf	inf	inf	0.0154	0.0167	0.0017	0.0213	0.0225	0.0031	0.0000	0.0000	0.0000	0.0000	0.0000	0.0000	0.0000	0.0000	0.0000	0.0000	0.0000	0.0000	0.0090	-0.0034	0.0000	8.9999	3.0005	5.0001	1.1085	0.0135	0.0133	0.0001	0.0135	0.0133	0.0001	0.0000	0.0000	0.0000	0.0000	0.0000	0.0000	0.0000	0.0000	0.0000	0.0000	0.0000	0.0000	0.8729	0.8004	0.0724	0.6304	0.5917	0.0387	0.2425	0.2087	0.0338	0.0619	0.0347	0.0272	0.0307	0.0262	0.0045	0.0312	0.0085	0.0227	inf	inf	inf	inf	inf	inf	0.0000	0.0000	0.0000	0.0000	0.0000	0.0000	0.0000	0.0000	0.0000	0.0000	0.0000	0.0000				
57	124	0.7138	6	1	1	1	0	0	0	0	0	N	N	N	N	N	N	N	N	N	N	N	N	72.7237	inf	0.0000	inf	inf	0.2702	inf	0.0000	0.0187	0.0204	0.0000	0.0245	0.0263	0.0000	0.0001	0.0001	0.0000	0.0003	0.0000	0.0002	0.0000	0.0000	0.0000	0.0002	0.0000	0.0003	0.0000	inf	-0.0064	0.0000	8.9999	3.9006	5.0001	3.1543	0.0245	0.0245	0.0000	0.0244	0.0244	0.0000	0.0000	0.0000	0.0000	0.0000	0.0000	0.0000	0.0000	0.0000	0.0000	0.0000	0.0000	0.0000	1.3079	1.1986	0.1092	0.9962	0.9304	0.0658	0.3116	0.2682	0.0434	0.1075	0.0634	0.0441	0.0564	0.0482	0.0082	0.0511	0.0151	0.0359	201.1369	inf	0.0000	inf	inf	0.0000	0.3278	inf	0.0000	0.0001	0.0000	0.0002	0.0000	0.0000	0.0000	0.0002	0.0000	0.0003	
57	125	0.6803	5	1	1	1	0	0	0	0	0	N	N	N	N	N	N	N	N	N	N	N	N	114.3084	61.1818	inf	68.4733	77.7954	inf	0.0465	0.0506	0.0009	0.0633	0.0673	0.0017	0.0000	0.0000	0.0000	0.0004	0.0008	0.0000	0.0009	0.0009	0.0000	0.0000	0.0000	0.0000	0.0016	0.0000	-0.0063	-0.0000	8.9999	1.6924	5.0001	1.9110	0.0245	0.0244	0.0000	0.0245	0.0244	0.0000	0.0000	0.0000	0.0000	0.0000	0.0000	0.0000	0.0000	0.0000	0.0000	0.0000	0.0000	0.0000	0.5262	0.4828	0.0434	0.3865	0.3627	0.0238	0.1397	0.1201	0.0196	0.0547	0.0307	0.0241	0.0272	0.0232	0.0040	0.0276	0.0075	0.0201	254.5289	155.1383	inf	172.0202	156.0858	inf	0.0000	0.0000	0.0000	0.0002	0.0003	0.0000	0.0004	0.0004	0.0000	0.0000	0.0000	0.0000			
57	126	0.1242	2	1	1	1	0	0	0	0	0	N	N	N	N	N	N	N	N	N	N	N	N	0.0000	0.0000	0.0000	0.0000	0.0000	0.0000	0.0000	0.0000	0.0000	0.0000	0.0000	0.0000	0.0000	0.0000	0.0000	0.0000	0.0000	0.0000	0.0000	0.0000	8.9999	0.9996	5.0001	8.0005	0.0000	0.0000	0.0000	0.0000	0.0000	0.0000	0.0000	0.0000	0.0000	0.0000	0.0000	0.0000	0.0000	0.0000	0.0000	0.0000	0.0000	0.0000	0.2629	0.2365	0.0263	0.1251	0.1174	0.0077	0.1377	0.1192	0.0186	0.1984	0.0836	0.1148	0.0017	0.0016	0.0001	0.1967	0.0820	0.1147	0.0000	0.0000	0.0000	0.0000	0.0000	0.0000	0.0000	0.0000	0.0000	0.0000	0.0000	0.0000	0.0000	0.0000	0.0000	0.0000	0.0000	0.0000											
57	127	0.2515	4	1	0	1	0	0	0	0	0	N	N	N	N	N	N	N	N	N	N	N	N	0.0561	0.0005	1880.8277	0.0007	0.0004	inf	602.5868	inf	2580.6838	0.1593	0.0023	1.5433	0.0060	0.0042	0.0342	0.3309	0.0000	2.2211	2.8377	4.4463	0.0008	9.2084	9.9629	0.0000	0.0005	0.0000	0.0009	74.9110	0.0001	0.1296	-0.5049	8.9999	3.6536	5.0001	12.3970	0.1784	0.0023	0.1760	0.0035	0.0023	0.0012	0.1749	0.0000	0.1748	0.9678	0.9676	0.0001	0.9676	0.9676	0.0000	0.0001	0.0000	0.0001	1.1197	1.0057	0.1141	0.5913	0.5560	0.0354	0.5284	0.4497	0.0787	0.3882	0.2176	0.1706	0.1051	0.0971	0.0080	0.2832	0.1205	0.1627	0.0639	0.0005	1880.8277	0.0007	0.0004	inf	669.3069	inf	2580.6838	2.4926	4.4463	0.0008	9.2084	9.9629	0.0000	0.0005	0.0000	0.0009
57	128	0.4300	4	1	0	1	0	0	0	0	0	N	N	N	N	N	N	N	N	N	N	N	N	0.0209	0.0173	0.0000	0.0082	0.0083	0.1186	inf	0.0000	0.0331	0.0371	0.0000	0.0218	0.0238	0.0000	0.0478	0.0554	0.0000	1.5833	2.1376	0.1281	2.6746	2.8514	0.0000	0.4029	0.0000	0.0575	0.0000	0.0662	-0.0146	-0.0627	8.9999	5.3495	5.0001	12.4099	0.0563	0.0563	0.0000	0.0210	0.0210	0.0000	0.0353	0.0353	0.0000	0.1364	0.1280	0.0085	0.1280	0.1280	0.0000	0.0085	0.0000	0.0085	1.6999	1.5188	0.1811	0.9608	0.8812	0.0796	0.7391	0.6376	0.1015	0.6127	0.3922	0.2204	0.3181	0.2717	0.0465	0.2946	0.1206	0.1740	0.1487	0.1136	0.0000	0.0543	0.0505	0.0000	1.6610	inf	0.0000	0.2227	0.3262	0.0384	0.4022	0.4710	0.0000	0.0288	0.0000	0.0487	
57	129	0.2357	8	1	1	1	1	0	0	0	0	N	N	N	N	N	N	N	N	N	N	N	N	0.0000	0.0000	0.0000	0.0000	0.0000	0.0000	0.0000	0.0000	0.0000	0.0000	0.0000	0.0000	0.0000	0.0000	0.0000	0.0000	0.0000	0.0000	0.0000	0.0000	8.9999	0.0000	5.0001	0.0000	0.0000	0.0000	0.0000	0.0000	0.0000	0.0000	0.0000	0.0000	0.0000	0.0000	0.0000	0.0000	0.0000	0.0000	0.0000	0.0000	0.0000	0.0000	0.0000	0.0000	0.0000	0.0000	0.0000	0.0000	0.0000	0.0000	0.0000	0.0000	0.0000	0.0000	0.0000	0.0000	0.0000	0.0000	0.0000	0.0000	0.0000	0.0000	0.0000	0.0000	0.0000	0.0000	0.0000	0.0000	0.0000	0.0000	0.0000	0.0000	0.0000	0.0000	0.0000	0.0000	0.0000	0.0000											
57	130	0.2194	7	1	1	1	1	0	0	0	0	N	N	N	N	N	N	N	N	N	N	N	N	0.0000	0.0000	0.0000	0.0000	0.0000	0.0000	0.0000	0.0000	0.0000	0.0000	0.0000	0.0000	0.0000	0.0000	0.0000	0.0000	0.0000	0.0000	0.0000	0.0000	8.9999	0.0000	5.0001	3.0001	0.0000	0.0000	0.0000	0.0000	0.0000	0.0000	0.0000	0.0000	0.0000	0.0000	0.0000	0.0000	0.0000	0.0000	0.0000	0.0000	0.0000	0.0000	0.0000	0.0000	0.0000	0.0000	0.0000	0.0000	0.0000	0.0000	0.0000	0.0631	0.0266	0.0364	0.0017	0.0016	0.0000	0.0614	0.0250	0.0364	0.0000	0.0000	0.0000	0.0000	0.0000	0.0000	0.0000	0.0000	0.0000	0.0000	0.0000	0.0000	0.0000	0.0000	0.0000	0.0000	0.0000	0.0000											
57	131	0.2097	6	1	1	1	0	0	0	0	0	N	N	N	N	N	N	N	N	N	N	N	N	0.0000	0.0000	0.0000	0.0000	0.0000	0.0000	0.0000	0.0000	0.0000	0.0000	0.0000	0.0000	0.0000	0.0000	0.0000	0.0000	0.0000	0.0000	0.0000	0.0000	8.9999	0.0000	5.0001	0.0000	0.0000	0.0000	0.0000	0.0000	0.0000	0.0000	0.0000	0.0000	0.0000	0.0000	0.0000	0.0000	0.0000	0.0000	0.0000	0.0000	0.0000	0.0000	0.0000	0.0000	0.0000	0.0000	0.0000	0.0000	0.0000	0.0000	0.0000	0.0000	0.0000	0.0000	0.0000	0.0000	0.0000	0.0000	0.0000	0.0000	0.0000	0.0000	0.0000	0.0000	0.0000	0.0000	0.0000	0.0000	0.0000	0.0000	0.0000	0.0000	0.0000	0.0000	0.0000	0.0000	0.0000	0.0000											
57	132	0.2194	7	1	0	2	1	0	0	0	0	N	N	Y	N	N	N	N	N	N	N	N	N	0.0000	0.0000	0.0000	0.0000	0.0000	0.0000	0.0000	0.0000	0.0000	0.0000	0.0000	0.0000	0.0000	0.0000	0.0000	0.0000	0.0000	0.0000	0.0000	0.0000	8.9999	0.0000	5.0001	1.9999	0.0000	0.0000	0.0000	0.0000	0.0000	0.0000	0.0000	0.0000	0.0000	0.0000	0.0000	0.0000	0.0000	0.0000	0.0000	0.0000	0.0000	0.0000	0.0000	0.0000	0.0000	0.0000	0.0000	0.0000	0.0000	0.0000	0.0000	0.0431	0.0185	0.0246	0.0014	0.0014	0.0000	0.0417	0.0171	0.0246	0.0000	0.0000	0.0000	0.0000	0.0000	0.0000	0.0000	0.0000	0.0000	0.0000	0.0000	0.0000	0.0000	0.0000	0.0000	0.0000	0.0000	0.0000											
57	133	0.2304	8	1	0	2	1	0	0	0	0	N	N	Y	N	N	N	N	N	N	N	N	N	inf	inf	inf	inf	3.8344	0.0000	36.9626	0.0000	0.0000	0.0000	8.2076	0.0000	59.6765	0.0000	0.0000	0.0000	0.0000	0.0000	0.0000	0.0000	0.0000	0.0000	inf	0.7398	0.0000	8.9999	1.0000	5.0001	0.0000	1.0000	0.0000	1.0000	0.0000	0.0000	0.0000	1.0000	0.0000	1.0000	0.0000	0.0000	0.0000	0.0000	0.0000	0.0000	0.0000	0.0000	0.0000	0.2608	0.2337	0.0271	0.1390	0.1287	0.0103	0.1218	0.1051	0.0168	0.0209	0.0086	0.0123	0.0026	0.0017	0.0010	0.0183	0.0069	0.0113	inf	0.0000	inf	0.0000	0.0000	0.0000	inf	0.0000	inf	0.0000	0.0000	0.0000	0.0000	0.0000	0.0000	0.0000	0.0000	0.0000						
57	134	0.2304	8	1	0	2	1	0	0	0	0	N	N	Y	N	N	N	N	N	N	N	N	N	0.0000	0.0000	0.0000	0.0000	0.0000	0.0000	0.0000	0.0000	0.0000	0.0000	0.0000	0.0000	0.0000	0.0000	0.0000	0.0000	0.0000	0.0000	0.0000	0.0000	8.9999	0.0000	5.0001	0.0000	0.0000	0.0000	0.0000	0.0000	0.0000	0.0000	0.0000	0.0000	0.0000	0.0000	0.0000	0.0000	0.0000	0.0000	0.0000	0.0000	0.0000	0.0000	0.0000	0.0000	0.0000	0.0000	0.0000	0.0000	0.0000	0.0000	0.0000	0.0000	0.0000	0.0000	0.0000	0.0000	0.0000	0.0000	0.0000	0.0000	0.0000	0.0000	0.0000	0.0000	0.0000	0.0000	0.0000	0.0000	0.0000	0.0000	0.0000	0.0000	0.0000	0.0000	0.0000	0.0000	0.0000	0.0000											
57	135	0.2194	7	1	0	2	1	0	0	0	0	N	N	Y	N	N	N	N	N	N	N	N	N	inf	inf	inf	inf	1.9437	2.1700	0.0000	0.0000	0.0000	0.0000	4.0044	4.6360	0.0000	0.0000	0.0000	0.0000	0.0000	0.0000	0.0000	0.0000	0.0000	0.0000	0.0000	-0.2602	0.0000	8.9999	2.0025	5.0001	0.9943	1.0000	1.0000	0.0000	0.0000	0.0000	0.0000	1.0000	1.0000	0.0000	0.0000	0.0000	0.0000	0.0000	0.0000	0.0000	0.0000	0.0000	0.0000	0.5145	0.4608	0.0537	0.2648	0.2451	0.0196	0.2497	0.2157	0.0340	0.0630	0.0266	0.0364	0.0017	0.0016	0.0000	0.0614	0.0250	0.0364	inf	inf	0.0000	0.0000	0.0000	0.0000	inf	inf	0.0000	0.0000	0.0000	0.0000	0.0000	0.0000	0.0000	0.0000	0.0000	0.0000						
57	136	0.2194	6	1	0	1	1	0	0	0	0	N	N	N	N	N	N	N	N	N	N	N	N	0.0000	0.0000	0.0000	0.0000	0.0000	0.0000	0.0000	0.0000	0.0000	0.0000	0.0000	0.0000	0.0000	0.0000	0.0000	0.0000	0.0000	0.0000	0.0000	0.0000	8.9999	0.0050	5.0001	0.0173	0.0000	0.0000	0.0000	0.0000	0.0000	0.0000	0.0000	0.0000	0.0000	0.0000	0.0000	0.0000	0.0000	0.0000	0.0000	0.0000	0.0000	0.0000	0.0028	0.0026	0.0002	0.0021	0.0020	0.0001	0.0006	0.0006	0.0001	0.0023	0.0019	0.0004	0.0009	0.0009	0.0000	0.0014	0.0009	0.0004	0.0000	0.0000	0.0000	0.0000	0.0000	0.0000	0.0000	0.0000	0.0000	0.0000	0.0000	0.0000	0.0000	0.0000	0.0000	0.0000	0.0000	0.0000											
57	137	0.2097	5	1	0	1	1	0	0	0	0	N	N	N	N	N	N	N	N	N	N	N	N	0.0000	0.0000	0.0000	0.0000	0.0000	0.0000	0.0000	0.0000	0.0000	0.0000	0.0000	0.0000	0.0000	0.0000	0.0000	0.0000	0.0000	0.0000	0.0000	0.0000	8.9999	1.9972	5.0001	1.0076	0.0000	0.0000	0.0000	0.0000	0.0000	0.0000	0.0000	0.0000	0.0000	0.0000	0.0000	0.0000	0.0000	0.0000	0.0000	0.0000	0.0000	0.0000	0.4801	0.4295	0.0505	0.2365	0.2192	0.0173	0.2436	0.2103	0.0333	0.0584	0.0237	0.0347	0.0007	0.0007	0.0000	0.0577	0.0230	0.0347	0.0000	0.0000	0.0000	0.0000	0.0000	0.0000	0.0000	0.0000	0.0000	0.0000	0.0000	0.0000	0.0000	0.0000	0.0000	0.0000	0.0000	0.0000											
57	138	0.1924	4	2	1	1	0	0	0	0	0	Y	N	N	N	N	N	N	N	N	N	N	N	1.9667	1.1472	2.5292	2.8641	0.6649	0.7508	0.0000	1.8660	1.8908	0.0000	0.0000	0.0000	0.0000	0.3381	0.6545	0.0000	0.7378	0.6602	0.0000	0.0000	0.0000	0.0000	0.0000	0.0000	-0.0000	-0.0003	8.9999	0.0002	5.0001	2.3255	0.0001	0.0001	0.0000	0.0001	0.0001	0.0000	0.0000	0.0000	0.0000	0.0005	0.0005	0.0000	0.0005	0.0005	0.0000	0.0000	0.0000	0.0000	0.0001	0.0001	0.0000	0.0000	0.0000	0.0000	0.0001	0.0001	0.0000	0.0696	0.0371	0.0324	0.0110	0.0106	0.0004	0.0586	0.0266	0.0320	90.6919	54.6503	0.0000	40.1155	39.1268	0.0000	0.0000	0.0000	0.0000	0.0073	0.0137	0.0000	0.0465	0.0483	0.0000	0.0000	0.0000	0.0000					
57	139	0.1746	3	2	1	1	0	0	0	0	0	Y	N	N	N	N	N	N	N	N	N	N	N	0.0035	0.9783	0.0032	4.5926	3.5665	inf	0.0003	0.0901	0.0000	0.0210	0.0157	0.0670	0.0557	0.0387	0.3481	0.0020	0.0022	0.0007	6.0337	0.0161	20.9394	0.0121	0.0109	0.0000	7.4745	0.0244	23.8524	0.4808	5585.3214	0.0007	0.4538	8.9999	2.0138	5.0001	2.7349	0.0108	0.0073	0.0035	0.0101	0.0067	0.0035	0.0007	0.0006	0.0000	0.9495	0.0002	0.9494	0.0001	0.0001	0.0000	0.9494	0.0001	0.9494	0.5159	0.4635	0.0524	0.1821	0.1721	0.0100	0.3338	0.2914	0.0424	0.1574	0.0811	0.0763	0.0303	0.0290	0.0014	0.1270	0.0521	0.0749	0.0035	7.5118	0.0054	16.9040	11.2246	inf	0.0003	1.6337	0.0001	6.0337	0.0021	12.4431	0.0033	0.0034	0.0000	7.4745	0.0013	12.6675
57	140	0.1911	4	1	1	1	0	0	0	0	0	N	N	N	N	N	N	N	N	N	N	N	N	1.1493	0.7360	inf	0.6112	0.6664	inf	inf	inf	0.5890	0.6652	0.0004	1.1173	1.2599	0.0008	0.0105	0.0119	0.0000	0.5125	0.9038	0.0000	1.8280	1.8908	0.0000	0.0000	0.0000	0.0000	0.0001	0.0000	-0.1000	-0.0004	8.9999	1.9232	5.0001	1.1116	0.3844	0.3844	0.0000	0.3811	0.3811	0.0000	0.0033	0.0033	0.0000	0.0008	0.0008	0.0000	0.0008	0.0008	0.0000	0.0000	0.0000	0.0000	0.6526	0.5778	0.0748	0.3411	0.3025	0.0386	0.3115	0.2754	0.0361	0.0716	0.0326	0.0390	0.0052	0.0049	0.0003	0.0664	0.0276	0.0387	51.4361	26.4113	inf	7.1374	7.5588	inf	inf	inf	0.0000	0.0115	0.0252	0.0000	0.1565	0.1667	0.0000	0.0000	0.0000	0.0000	
57	141	0.6995	6	1	1	1	0	0	0	0	0	N	N	N	N	N	N	N	N	N	N	N	N	inf	inf	inf	inf	1.0446	0.0000	12.3428	1.3988	0.0000	21.1625	0.0000	0.0000	0.0000	0.0000	0.0000	0.0000	0.0000	0.0000	0.0000	0.0000	0.0000	0.0000	inf	0.7398	0.0000	8.9999	3.0000	5.0001	1.0000	1.0000	0.0000	1.0000	1.0000	0.0000	1.0000	0.0000	0.0000	0.0000	0.0000	0.0000	0.0000	0.0000	0.0000	0.0000	0.0000	0.0000	0.0000	0.9573	0.8763	0.0810	0.7149	0.6676	0.0473	0.2424	0.2086	0.0338	0.0605	0.0339	0.0265	0.0301	0.0257	0.0044	0.0304	0.0083	0.0221	inf	0.0000	inf	inf	0.0000	inf	0.0000	0.0000	0.0000	0.0000	0.0000	0.0000	0.0000	0.0000	0.0000	0.0000	0.0000	0.0000						
57	142	0.6803	5	1	0	1	0	0	0	0	0	N	N	N	N	N	N	N	N	N	N	N	N	inf	inf	inf	inf	0.0000	0.0000	0.0004	0.0000	0.0000	0.0007	0.0000	0.0000	0.0000	0.0000	0.0000	0.0000	0.0000	0.0000	0.0000	0.0000	0.0000	0.0000	inf	0.0000	0.0000	8.9999	1.0000	5.0001	1.0000	0.0000	0.0000	0.0000	0.0000	0.0000	0.0000	0.0000	0.0000	0.0000	0.0000	0.0000	0.0000	0.0000	0.0000	0.0000	0.0000	0.0000	0.0000	0.3228	0.2962	0.0265	0.2392	0.2245	0.0147	0.0835	0.0717	0.0118	0.0312	0.0174	0.0137	0.0155	0.0132	0.0023	0.0157	0.0043	0.0114	inf	0.0000	inf	inf	0.0000	inf	0.0000	0.0000	0.0000	0.0000	0.0000	0.0000	0.0000	0.0000	0.0000	0.0000	0.0000	0.0000						
57	143	0.4300	4	1	0	1	0	0	0	0	0	N	N	N	N	N	N	N	N	N	N	N	N	35.5389	inf	480.8900	inf	inf	inf	62.4569	inf	1001.2816	1.0178	0.5831	4.6601	0.0088	0.0093	0.0026	2.2025	1.2993	7.9379	0.0286	0.0000	0.0097	0.0000	0.0000	0.0000	0.0353	0.0000	0.0079	0.9538	inf	0.4635	0.0007	8.9999	7.1211	5.0001	10.9474	2.0329	1.0405	0.9924	0.0095	0.0092	0.0002	2.0235	1.0313	0.9922	0.0014	0.0000	0.0014	0.0000	0.0000	0.0000	0.0014	0.0000	0.0014	1.9973	1.7844	0.2130	1.0786	0.9907	0.0880	0.9187	0.7937	0.1250	0.6159	0.3939	0.2219	0.3191	0.2725	0.0466	0.2968	0.1215	0.1753	450.9834	inf	744.0935	inf	inf	inf	470.2883	inf	1001.2816	0.0023	0.0000	0.0063	0.0000	0.0000	0.0000	0.0047	0.0000	0.0079
57	144	0.2352	3	1	0	1	0	0	0	0	0	N	N	N	N	N	N	N	N	N	N	N	N	0.3000	0.3992	0.0229	0.0365	0.0366	158.8194	0.5132	0.5005	0.0728	0.4889	0.5395	0.0581	0.0374	0.0373	0.0401	0.9192	1.0575	0.0665	1.6300	1.3513	2.5360	1.0270	1.0175	0.0003	1.7910	2.1129	0.9140	0.0126	8.1512	-0.2439	0.0617	8.9999	8.5175	5.0001	23.1696	0.9847	0.9725	0.0123	0.0368	0.0341	0.0027	0.9479	0.9384	0.0096	0.1674	0.0183	0.1491	0.0090	0.0090	0.0000	0.1584	0.0093	0.1491	2.0140	1.8026	0.2114	0.9828	0.9153	0.0674	1.0312	0.8873	0.1439	0.6243	0.3168	0.3075	0.1350	0.1220	0.0129	0.4894	0.1948	0.2946	1.8241	9.3462	0.1198	0.5621	0.5057	158.8194	2.8405	22.1567	0.1314	0.2681	0.0577	0.4848	0.0666	0.0737	0.0003	0.3236	0.0477	0.5061
57	145	0.2097	6	2	1	1	0	0	0	0	0	Y	N	N	N	N	N	N	N	N	N	N	N	inf	inf	inf	inf	4.0533	0.0000	38.6124	0.0000	0.0000	0.0000	8.0865	0.0000	59.0747	0.0000	0.0000	0.0000	0.0000	0.0000	0.0000	0.0000	0.0000	0.0000	inf	0.7397	0.0000	8.9999	1.0000	5.0001	1.0000	0.9999	0.0000	0.9999	0.0000	0.0000	0.0000	0.9999	0.0000	0.9999	0.0000	0.0000	0.0000	0.0000	0.0000	0.0000	0.0000	0.0000	0.0000	0.2467	0.2208	0.0259	0.1230	0.1141	0.0090	0.1236	0.1067	0.0169	0.0393	0.0159	0.0234	0.0005	0.0005	0.0000	0.0388	0.0154	0.0234	inf	0.0000	inf	0.0000	0.0000	0.0000	inf	0.0000	inf	0.0000	0.0000	0.0000	0.0000	0.0000	0.0000	0.0000	0.0000	0.0000						
57	146	0.2097	5	1	1	1	0	0	0	0	0	N	N	N	N	N	N	N	N	N	N	N	N	0.0000	0.0000	0.0000	0.0000	0.0000	0.0000	0.0000	0.0000	0.0000	0.0000	0.0000	0.0000	0.0000	0.0000	0.0000	0.0000	0.0000	0.0000	0.0000	0.0000	8.9999	0.0003	5.0001	0.0000	0.0000	0.0000	0.0000	0.0000	0.0000	0.0000	0.0000	0.0000	0.0000	0.0000	0.0000	0.0000	0.0000	0.0000	0.0000	0.0000	0.0000	0.0000	0.0002	0.0002	0.0000	0.0002	0.0002	0.0000	0.0001	0.0001	0.0000	0.0000	0.0000	0.0000	0.0000	0.0000	0.0000	0.0000	0.0000	0.0000	0.0000	0.0000	0.0000	0.0000	0.0000	0.0000	0.0000	0.0000	0.0000	0.0000	0.0000	0.0000	0.0000	0.0000	0.0000	0.0000	0.0000	0.0000											
57	147	0.1911	4	1	0	1	0	0	0	0	0	N	N	N	N	N	N	N	N	N	N	N	N	2.6599	1.3663	inf	1.0419	1.1148	inf	inf	inf	0.8058	0.9089	0.0002	1.7935	1.9864	0.0006	0.0049	0.0056	0.0000	0.3029	0.6652	0.0000	1.7214	1.7819	0.0000	0.0000	0.0000	0.0000	0.0000	0.0000	-0.2533	-0.0004	8.9999	4.9449	5.0001	1.0063	0.9738	0.9737	0.0000	0.9705	0.9705	0.0000	0.0033	0.0033	0.0000	0.0008	0.0008	0.0000	0.0008	0.0008	0.0000	0.0000	0.0000	0.0000	1.2085	1.0714	0.1371	0.5411	0.4886	0.0526	0.6674	0.5828	0.0845	0.1288	0.0567	0.0722	0.0059	0.0055	0.0004	0.1230	0.0512	0.0718	126.6042	62.8337	inf	12.8403	13.3316	inf	inf	inf	0.0000	0.0064	0.0145	0.0000	0.1397	0.1490	0.0000	0.0000	0.0000	0.0000	
57	148	0.1746	3	1	0	1	0	0	0	0	0	N	N	N	N	N	N	N	N	N	N	N	N	1.1999	0.9274	1.6092	0.5188	0.5712	inf	36.2411	inf	0.0143	2.0737	2.3133	0.0420	2.4456	2.5910	0.2153	1.8862	2.1625	0.0001	1.7282	2.4944	0.0261	4.7135	4.5359	0.0000	0.0520	0.0000	0.0104	0.0021	0.0152	-0.4252	-0.0263	8.9999	3.4778	5.0001	1.2917	1.6476	1.6440	0.0035	0.6513	0.6478	0.0035	0.9962	0.9962	0.0000	0.0519	0.0511	0.0008	0.0511	0.0511	0.0000	0.0008	0.0000	0.0008	0.7945	0.7107	0.0838	0.2663	0.2500	0.0163	0.5282	0.4607	0.0675	0.1578	0.0813	0.0765	0.0304	0.0290	0.0014	0.1274	0.0523	0.0752	6.3043	3.6767	4.1265	1.4521	1.4699	inf	308.5365	inf	0.0143	0.3289	0.6292	0.0102	1.6841	1.7627	0.0000	0.0061	0.0000	0.0104
57	149	0.1242	2	1	0	1	0	0	0	0	0	N	N	N	N	N	N	N	N	N	N	N	N	0.7495	inf	3.7652	inf	inf	inf	0.7142	inf	0.0003	1.1595	0.6496	5.5966	1.3428	0.0062	20.7925	1.0204	1.1762	0.0002	1.5469	0.0000	1.4864	0.0000	0.0000	0.0000	1.4287	0.0000	0.6139	0.9901	inf	0.4754	0.0245	8.9999	7.8050	5.0001	4.0035	2.0030	1.0064	0.9965	1.0008	0.0043	0.9965	1.0021	1.0021	0.0000	0.0512	0.0000	0.0512	0.0000	0.0000	0.0000	0.0512	0.0000	0.0512	1.7275	1.5494	0.1781	0.7453	0.6974	0.0479	0.9821	0.8520	0.1301	0.2531	0.1071	0.1461	0.0022	0.0021	0.0001	0.2509	0.1050	0.1459	5.7355	inf	15.9747	inf	inf	inf	5.0037	inf	0.0004	0.2022	0.0000	0.3503	0.0000	0.0000	0.0000	0.2039	0.0000	0.3506
57	150	0.2515	4	1	0	1	0	0	0	0	0	N	N	N	N	N	N	N	N	N	N	N	N	0.3628	0.2266	1.8130	0.0241	0.0058	inf	0.5737	0.2753	5.4795	1.0343	0.9790	1.5218	0.0025	0.0005	0.0336	2.1878	2.1869	2.1932	2.8510	4.3204	0.8394	0.1041	0.0895	0.0000	3.8132	7.9450	0.4003	0.1764	0.0389	-0.1295	-0.5011	8.9999	3.7255	5.0001	14.1767	1.1743	0.9982	0.1760	0.0015	0.0003	0.0012	1.1728	0.9979	0.1748	1.0344	0.9957	0.0387	0.0011	0.0011	0.0000	1.0333	0.9946	0.0387	1.1353	1.0196	0.1157	0.5992	0.5633	0.0360	0.5360	0.4563	0.0797	0.4139	0.2305	0.1834	0.1089	0.1002	0.0086	0.3050	0.1302	0.1748	0.4139	0.2266	7.2099	0.2571	0.0487	inf	0.6459	0.2863	9.9020	2.4991	4.3204	0.2111	0.0097	0.0106	0.0000	3.3874	7.6374	0.2215
57	151	0.2352	3	1	0	1	0	0	0	0	0	N	N	N	N	N	N	N	N	N	N	N	N	0.8320	0.0088	10.5793	0.0100	0.0077	41962.8050	1.9147	0.0058	36.0621	1.3949	0.0183	13.4868	0.0270	0.0216	0.1362	2.8970	0.0143	17.7863	1.6766	2.0913	1.2748	2.7101	2.7990	0.0000	1.5131	2.4613	0.4932	83.8517	0.6960	0.5884	-0.0083	8.9999	1.4205	5.0001	4.0377	0.8082	0.0095	0.7986	0.0082	0.0062	0.0020	0.8000	0.0033	0.7967	0.0741	0.0437	0.0304	0.0384	0.0384	0.0000	0.0357	0.0053	0.0304	0.5794	0.5201	0.0592	0.3032	0.2888	0.0144	0.2761	0.2313	0.0448	0.2531	0.1455	0.1076	0.0895	0.0859	0.0035	0.1636	0.0596	0.1041	4.7652	0.0610	47.7170	0.0630	0.0483	41962.8050	13.2662	0.1594	60.8749	0.2927	0.3002	0.2826	0.4287	0.4463	0.0000	0.2184	0.0895	0.2922
57	152	0.1242	2	1	0	1	0	0	0	0	0	N	N	N	N	N	N	N	N	N	N	N	N	0.1343	122.1339	0.0117	inf	inf	inf	0.0076	0.1471	0.0147	0.6993	0.7560	0.2036	1.5408	1.6459	0.0005	0.0400	0.0032	0.2802	5.2067	0.0062	17.4793	0.0000	0.0000	0.0000	5.2529	0.0220	19.0445	0.0308	10368.0000	-0.2379	0.9417	8.9999	6.4701	5.0001	12.4371	1.0329	1.0021	0.0309	0.9998	0.9998	0.0000	0.0332	0.0023	0.0308	1.9701	0.0002	1.9699	0.0000	0.0000	0.0000	1.9701	0.0002	1.9699	1.4771	1.3256	0.1516	0.6489	0.6074	0.0415	0.8283	0.7181	0.1101	0.3784	0.1614	0.2170	0.0033	0.0032	0.0002	0.3751	0.1583	0.2168	0.1343	642.2335	0.0224	inf	inf	inf	0.0076	2.6909	0.0308	5.2067	0.0012	9.0794	0.0000	0.0000	0.0000	5.2529	0.0012	9.0867
58	59	0.6414	6	1	0	2	0	0	0	0	0	N	N	Y	N	N	N	N	N	N	N	N	N	0.0000	0.0000	0.0000	0.0000	0.0000	0.0000	0.0000	0.0000	0.0000	0.0000	0.0000	0.0000	0.0000	0.0000	0.0000	0.0000	0.0000	0.0000	0.0000	0.0000	0.0000	0.0006	1.0000	1.1867	0.0000	0.0000	0.0000	0.0000	0.0000	0.0000	0.0000	0.0000	0.0000	0.0000	0.0000	0.0000	0.0000	0.0000	0.0000	0.0000	0.0000	0.0000	0.0000	0.0000	0.0000	0.0000	0.0000	0.0000	0.0000	0.0000	0.0000	0.0014	0.0008	0.0006	0.0005	0.0005	0.0001	0.0009	0.0003	0.0005	0.0000	0.0000	0.0000	0.0000	0.0000	0.0000	0.0000	0.0000	0.0000	0.0000	0.0000	0.0000	0.0000	0.0000	0.0000	0.0000	0.0000	0.0000											
58	60	0.6048	5	1	0	1	0	0	0	0	0	N	N	N	N	N	N	N	N	N	N	N	N	0.0000	0.0000	0.0000	0.0000	0.0000	0.0000	0.0000	0.0000	0.0000	0.0000	0.0000	0.0000	0.0000	0.0000	0.0000	0.0000	0.0000	0.0000	0.0000	0.0000	0.0000	2.2785	1.0000	4.8627	0.0000	0.0000	0.0000	0.0000	0.0000	0.0000	0.0000	0.0000	0.0000	0.0000	0.0000	0.0000	0.0000	0.0000	0.0000	0.0000	0.0000	0.0000	0.0000	0.0000	0.0000	0.0000	0.0000	0.0000	0.0000	0.0000	0.0000	0.0061	0.0031	0.0030	0.0022	0.0018	0.0003	0.0039	0.0013	0.0027	0.0000	0.0000	0.0000	0.0000	0.0000	0.0000	0.0000	0.0000	0.0000	0.0000	0.0000	0.0000	0.0000	0.0000	0.0000	0.0000	0.0000	0.0000											
58	61	0.0965	5	1	0	2	0	0	0	0	0	N	N	Y	N	N	N	N	N	N	N	N	N	0.0000	0.0000	0.0000	0.0000	0.0000	0.0000	0.0000	0.0000	0.0000	0.0000	0.0000	0.0000	0.0000	0.0000	0.0000	0.0000	0.0000	0.0000	0.0000	0.0000	0.0000	1.0901	1.0000	7.9319	0.0000	0.0000	0.0000	0.0000	0.0000	0.0000	0.0000	0.0000	0.0000	0.0000	0.0000	0.0000	0.0000	0.0000	0.0000	0.0000	0.0000	0.0000	0.0000	0.0000	0.0000	0.0000	0.0000	0.0000	0.0000	0.0000	0.0000	0.0197	0.0089	0.0108	0.0048	0.0040	0.0007	0.0149	0.0048	0.0101	0.0000	0.0000	0.0000	0.0000	0.0000	0.0000	0.0000	0.0000	0.0000	0.0000	0.0000	0.0000	0.0000	0.0000	0.0000	0.0000	0.0000	0.0000											
58	62	0.0664	4	1	0	1	0	0	0	0	0	N	N	N	N	N	N	N	N	N	N	N	N	0.0000	0.0000	0.0000	0.0000	0.0000	0.0000	0.0000	0.0000	0.0000	0.0000	0.0000	0.0000	0.0000	0.0000	0.0000	0.0000	0.0000	0.0000	0.0000	0.0000	0.0000	1.6797	1.0000	2.9843	0.0000	0.0000	0.0000	0.0000	0.0000	0.0000	0.0000	0.0000	0.0000	0.0000	0.0000	0.0000	0.0000	0.0000	0.0000	0.0000	0.0000	0.0000	0.0000	0.0000	0.0000	0.0000	0.0000	0.0000	0.0000	0.0000	0.0000	0.0115	0.0052	0.0063	0.0029	0.0025	0.0004	0.0086	0.0028	0.0058	0.0000	0.0000	0.0000	0.0000	0.0000	0.0000	0.0000	0.0000	0.0000	0.0000	0.0000	0.0000	0.0000	0.0000	0.0000	0.0000	0.0000	0.0000											
58	63	0.0563	3	1	0	1	0	0	0	0	0	N	N	N	N	N	N	N	N	N	N	N	N	0.0000	0.0000	0.0000	0.0000	0.0000	0.0000	0.0000	0.0000	0.0000	0.0000	0.0000	0.0000	0.0000	0.0000	0.0000	0.0000	0.0000	0.0000	0.0000	0.0000	0.0000	0.4935	1.0000	1.5835	0.0000	0.0000	0.0000	0.0000	0.0000	0.0000	0.0000	0.0000	0.0000	0.0000	0.0000	0.0000	0.0000	0.0000	0.0000	0.0000	0.0000	0.0000	0.0000	0.0000	0.0000	0.0000	0.0000	0.0000	0.0000	0.0000	0.0000	0.0058	0.0029	0.0030	0.0015	0.0014	0.0002	0.0043	0.0015	0.0028	0.0000	0.0000	0.0000	0.0000	0.0000	0.0000	0.0000	0.0000	0.0000	0.0000	0.0000	0.0000	0.0000	0.0000	0.0000	0.0000	0.0000	0.0000											
58	64	0.0932	5	1	1	1	0	0	0	0	0	N	N	N	N	N	N	N	N	N	N	N	N	0.0000	0.0000	0.0000	0.0000	0.0000	0.0000	0.0000	0.0000	0.0000	0.0000	0.0000	0.0000	0.0000	0.0000	0.0000	0.0000	0.0000	0.0000	0.0000	0.0000	0.0000	0.2944	1.0000	1.0083	0.0000	0.0000	0.0000	0.0000	0.0000	0.0000	0.0000	0.0000	0.0000	0.0000	0.0000	0.0000	0.0000	0.0000	0.0000	0.0000	0.0000	0.0000	0.0000	0.0000	0.0000	0.0000	0.0000	0.0000	0.0000	0.0000	0.0000	0.0033	0.0016	0.0017	0.0009	0.0008	0.0001	0.0024	0.0008	0.0016	0.0000	0.0000	0.0000	0.0000	0.0000	0.0000	0.0000	0.0000	0.0000	0.0000	0.0000	0.0000	0.0000	0.0000	0.0000	0.0000	0.0000	0.0000											
58	65	0.0725	4	1	0	1	0	0	0	0	0	N	N	N	N	N	N	N	N	N	N	N	N	0.0000	0.0000	0.0000	0.0000	0.0000	0.0000	0.0000	0.0000	0.0000	0.0000	0.0000	0.0000	0.0000	0.0000	0.0000	0.0000	0.0000	0.0000	0.0000	0.0000	0.0000	1.1351	1.0000	2.0429	0.0000	0.0000	0.0000	0.0000	0.0000	0.0000	0.0000	0.0000	0.0000	0.0000	0.0000	0.0000	0.0000	0.0000	0.0000	0.0000	0.0000	0.0000	0.0000	0.0000	0.0000	0.0000	0.0000	0.0000	0.0000	0.0000	0.0000	0.0078	0.0036	0.0043	0.0019	0.0016	0.0003	0.0059	0.0019	0.0040	0.0000	0.0000	0.0000	0.0000	0.0000	0.0000	0.0000	0.0000	0.0000	0.0000	0.0000	0.0000	0.0000	0.0000	0.0000	0.0000	0.0000	0.0000											
58	66	0.0563	3	1	0	1	0	0	0	0	0	N	N	N	N	N	N	N	N	N	N	N	N	0.0000	0.0000	0.0000	0.0000	0.0000	0.0000	0.0000	0.0000	0.0000	0.0000	0.0000	0.0000	0.0000	0.0000	0.0000	0.0000	0.0000	0.0000	0.0000	0.0000	0.0000	0.4912	1.0000	2.4266	0.0000	0.0000	0.0000	0.0000	0.0000	0.0000	0.0000	0.0000	0.0000	0.0000	0.0000	0.0000	0.0000	0.0000	0.0000	0.0000	0.0000	0.0000	0.0000	0.0000	0.0000	0.0000	0.0000	0.0000	0.0000	0.0000	0.0000	0.0078	0.0037	0.0041	0.0020	0.0017	0.0003	0.0058	0.0020	0.0038	0.0000	0.0000	0.0000	0.0000	0.0000	0.0000	0.0000	0.0000	0.0000	0.0000	0.0000	0.0000	0.0000	0.0000	0.0000	0.0000	0.0000	0.0000											
58	67	0.0512	2	1	0	1	0	0	0	0	0	N	N	N	N	N	N	N	N	N	N	N	N	0.0000	0.0000	0.0000	0.0000	0.0000	0.0000	0.0000	0.0000	0.0000	0.0000	0.0000	0.0000	0.0000	0.0000	0.0000	0.0000	0.0000	0.0000	0.0000	0.0000	0.0000	0.6141	1.0000	1.2701	0.0000	0.0000	0.0000	0.0000	0.0000	0.0000	0.0000	0.0000	0.0000	0.0000	0.0000	0.0000	0.0000	0.0000	0.0000	0.0000	0.0000	0.0000	0.0000	0.0000	0.0000	0.0000	0.0000	0.0000	0.0000	0.0000	0.0000	0.0141	0.0109	0.0032	0.0049	0.0048	0.0001	0.0092	0.0060	0.0031	0.0000	0.0000	0.0000	0.0000	0.0000	0.0000	0.0000	0.0000	0.0000	0.0000	0.0000	0.0000	0.0000	0.0000	0.0000	0.0000	0.0000	0.0000											
58	69	0.6612	7	2	1	2	0	0	0	0	0	Y	N	Y	N	N	N	N	N	N	N	N	N	0.0000	0.0000	0.0000	0.0000	0.0000	0.0000	0.0000	0.0000	0.0000	0.0000	0.0000	0.0000	0.0000	0.0000	0.0000	0.0000	0.0000	0.0000	0.0000	0.0000	0.0000	1.0000	1.0000	0.0000	0.0000	0.0000	0.0000	0.0000	0.0000	0.0000	0.0000	0.0000	0.0000	0.0000	0.0000	0.0000	0.0000	0.0000	0.0000	0.0000	0.0000	0.0000	0.0000	0.0000	0.0000	0.0000	0.0000	0.0000	0.0000	0.0000	0.0000	0.0011	0.0006	0.0005	0.0006	0.0005	0.0001	0.0005	0.0001	0.0004	0.0000	0.0000	0.0000	0.0000	0.0000	0.0000	0.0000	0.0000	0.0000	0.0000	0.0000	0.0000	0.0000	0.0000	0.0000	0.0000	0.0000	0.0000											
58	70	0.6612	7	2	1	2	0	0	0	0	0	Y	N	Y	N	N	N	N	N	N	N	N	N	0.0000	0.0000	0.0000	0.0000	0.0000	0.0000	0.0000	0.0000	0.0000	0.0000	0.0000	0.0000	0.0000	0.0000	0.0000	0.0000	0.0000	0.0000	0.0000	0.0000	0.0000	0.0000	1.0000	0.0000	0.0000	0.0000	0.0000	0.0000	0.0000	0.0000	0.0000	0.0000	0.0000	0.0000	0.0000	0.0000	0.0000	0.0000	0.0000	0.0000	0.0000	0.0000	0.0000	0.0000	0.0000	0.0000	0.0000	0.0000	0.0000	0.0000	0.0000	0.0000	0.0000	0.0000	0.0000	0.0000	0.0000	0.0000	0.0000	0.0000	0.0000	0.0000	0.0000	0.0000	0.0000	0.0000	0.0000	0.0000	0.0000	0.0000	0.0000	0.0000	0.0000	0.0000	0.0000	0.0000	0.0000	0.0000											
58	71	0.6388	6	2	1	2	0	0	0	0	0	Y	N	Y	N	N	N	N	N	N	N	N	N	0.0000	0.0000	0.0000	0.0000	0.0000	0.0000	0.0000	0.0000	0.0000	0.0000	0.0000	0.0000	0.0000	0.0000	0.0000	0.0000	0.0000	0.0000	0.0000	0.0000	0.0000	2.0000	1.0000	1.0000	0.0000	0.0000	0.0000	0.0000	0.0000	0.0000	0.0000	0.0000	0.0000	0.0000	0.0000	0.0000	0.0000	0.0000	0.0000	0.0000	0.0000	0.0000	0.0000	0.0000	0.0000	0.0000	0.0000	0.0000	0.0000	0.0000	0.0000	0.0032	0.0019	0.0014	0.0019	0.0016	0.0003	0.0014	0.0003	0.0011	0.0000	0.0000	0.0000	0.0000	0.0000	0.0000	0.0000	0.0000	0.0000	0.0000	0.0000	0.0000	0.0000	0.0000	0.0000	0.0000	0.0000	0.0000											
58	72	0.6159	5	2	0	2	0	0	0	0	0	Y	N	Y	N	N	N	N	N	N	N	N	N	0.0000	0.0000	0.0000	0.0000	0.0000	0.0000	0.0000	0.0000	0.0000	0.0000	0.0000	0.0000	0.0000	0.0000	0.0000	0.0000	0.0000	0.0000	0.0000	0.0000	0.0000	1.0017	1.0000	2.0007	0.0000	0.0000	0.0000	0.0000	0.0000	0.0000	0.0000	0.0000	0.0000	0.0000	0.0000	0.0000	0.0000	0.0000	0.0000	0.0000	0.0000	0.0000	0.0000	0.0000	0.0000	0.0000	0.0000	0.0000	0.0000	0.0000	0.0000	0.0020	0.0011	0.0009	0.0010	0.0009	0.0001	0.0010	0.0003	0.0008	0.0000	0.0000	0.0000	0.0000	0.0000	0.0000	0.0000	0.0000	0.0000	0.0000	0.0000	0.0000	0.0000	0.0000	0.0000	0.0000	0.0000	0.0000											
58	73	0.0377	2	2	1	1	0	0	0	0	0	Y	N	N	N	N	N	N	N	N	N	N	N	0.0000	0.0000	0.0000	0.0000	0.0000	0.0000	0.0000	0.0000	0.0000	0.0000	0.0000	0.0000	0.0000	0.0000	0.0000	0.0000	0.0000	0.0000	0.0000	0.0000	0.0000	0.0000	1.0000	0.0000	0.0000	0.0000	0.0000	0.0000	0.0000	0.0000	0.0000	0.0000	0.0000	0.0000	0.0000	0.0000	0.0000	0.0000	0.0000	0.0000	0.0000	0.0000	0.0000	0.0000	0.0000	0.0000	0.0000	0.0000	0.0000	0.0000	0.0000	0.0000	0.0000	0.0000	0.0000	0.0000	0.0000	0.0000	0.0000	0.0000	0.0000	0.0000	0.0000	0.0000	0.0000	0.0000	0.0000	0.0000	0.0000	0.0000	0.0000	0.0000	0.0000	0.0000	0.0000	0.0000	0.0000	0.0000											
58	74	0.6429	6	2	1	1	0	0	0	0	0	Y	N	N	N	N	N	N	N	N	N	N	N	0.0000	0.0000	0.0000	0.0000	0.0000	0.0000	0.0000	0.0000	0.0000	0.0000	0.0000	0.0000	0.0000	0.0000	0.0000	0.0000	0.0000	0.0000	0.0000	0.0000	0.0000	0.0000	1.0000	0.0010	0.0000	0.0000	0.0000	0.0000	0.0000	0.0000	0.0000	0.0000	0.0000	0.0000	0.0000	0.0000	0.0000	0.0000	0.0000	0.0000	0.0000	0.0000	0.0000	0.0000	0.0000	0.0000	0.0000	0.0000	0.0000	0.0000	0.0000	0.0000	0.0000	0.0000	0.0000	0.0000	0.0000	0.0000	0.0000	0.0000	0.0000	0.0000	0.0000	0.0000	0.0000	0.0000	0.0000	0.0000	0.0000	0.0000	0.0000	0.0000	0.0000	0.0000	0.0000	0.0000	0.0000	0.0000											
58	75	0.6320	8	1	1	1	1	0	0	0	0	N	N	N	N	N	N	N	N	N	N	N	N	0.0000	0.0000	0.0000	0.0000	0.0000	0.0000	0.0000	0.0000	0.0000	0.0000	0.0000	0.0000	0.0000	0.0000	0.0000	0.0000	0.0000	0.0000	0.0000	0.0000	0.0000	0.0000	1.0000	0.0000	0.0000	0.0000	0.0000	0.0000	0.0000	0.0000	0.0000	0.0000	0.0000	0.0000	0.0000	0.0000	0.0000	0.0000	0.0000	0.0000	0.0000	0.0000	0.0000	0.0000	0.0000	0.0000	0.0000	0.0000	0.0000	0.0000	0.0000	0.0000	0.0000	0.0000	0.0000	0.0000	0.0000	0.0000	0.0000	0.0000	0.0000	0.0000	0.0000	0.0000	0.0000	0.0000	0.0000	0.0000	0.0000	0.0000	0.0000	0.0000	0.0000	0.0000	0.0000	0.0000	0.0000	0.0000											
58	76	0.6320	8	1	0	1	1	0	0	0	0	N	N	N	N	N	N	N	N	N	N	N	N	0.0000	0.0000	0.0000	0.0000	0.0000	0.0000	0.0000	0.0000	0.0000	0.0000	0.0000	0.0000	0.0000	0.0000	0.0000	0.0000	0.0000	0.0000	0.0000	0.0000	0.0000	0.0000	1.0000	0.0000	0.0000	0.0000	0.0000	0.0000	0.0000	0.0000	0.0000	0.0000	0.0000	0.0000	0.0000	0.0000	0.0000	0.0000	0.0000	0.0000	0.0000	0.0000	0.0000	0.0000	0.0000	0.0000	0.0000	0.0000	0.0000	0.0000	0.0000	0.0000	0.0000	0.0000	0.0000	0.0000	0.0000	0.0000	0.0000	0.0000	0.0000	0.0000	0.0000	0.0000	0.0000	0.0000	0.0000	0.0000	0.0000	0.0000	0.0000	0.0000	0.0000	0.0000	0.0000	0.0000	0.0000	0.0000											
58	77	0.6167	7	1	0	1	1	0	0	0	0	N	N	N	N	N	N	N	N	N	N	N	N	0.0000	0.0000	0.0000	0.0000	0.0000	0.0000	0.0000	0.0000	0.0000	0.0000	0.0000	0.0000	0.0000	0.0000	0.0000	0.0000	0.0000	0.0000	0.0000	0.0000	0.0000	0.0002	1.0000	2.9297	0.0000	0.0000	0.0000	0.0000	0.0000	0.0000	0.0000	0.0000	0.0000	0.0000	0.0000	0.0000	0.0000	0.0000	0.0000	0.0000	0.0000	0.0000	0.0000	0.0000	0.0000	0.0000	0.0000	0.0000	0.0000	0.0000	0.0000	0.0026	0.0013	0.0013	0.0010	0.0008	0.0001	0.0016	0.0005	0.0011	0.0000	0.0000	0.0000	0.0000	0.0000	0.0000	0.0000	0.0000	0.0000	0.0000	0.0000	0.0000	0.0000	0.0000	0.0000	0.0000	0.0000	0.0000											
58	78	0.6126	6	1	0	1	1	0	0	0	0	N	N	N	N	N	N	N	N	N	N	N	N	0.0000	0.0000	0.0000	0.0000	0.0000	0.0000	0.0000	0.0000	0.0000	0.0000	0.0000	0.0000	0.0000	0.0000	0.0000	0.0000	0.0000	0.0000	0.0000	0.0000	0.0000	0.0003	1.0000	2.1916	0.0000	0.0000	0.0000	0.0000	0.0000	0.0000	0.0000	0.0000	0.0000	0.0000	0.0000	0.0000	0.0000	0.0000	0.0000	0.0000	0.0000	0.0000	0.0000	0.0000	0.0000	0.0000	0.0000	0.0000	0.0000	0.0000	0.0000	0.0019	0.0010	0.0009	0.0007	0.0006	0.0001	0.0012	0.0004	0.0008	0.0000	0.0000	0.0000	0.0000	0.0000	0.0000	0.0000	0.0000	0.0000	0.0000	0.0000	0.0000	0.0000	0.0000	0.0000	0.0000	0.0000	0.0000											
58	79	0.6048	5	1	0	1	0	0	0	0	0	N	N	N	N	N	N	N	N	N	N	N	N	0.0000	0.0000	0.0000	0.0000	0.0000	0.0000	0.0000	0.0000	0.0000	0.0000	0.0000	0.0000	0.0000	0.0000	0.0000	0.0000	0.0000	0.0000	0.0000	0.0000	0.0000	0.2782	1.0000	1.3600	0.0000	0.0000	0.0000	0.0000	0.0000	0.0000	0.0000	0.0000	0.0000	0.0000	0.0000	0.0000	0.0000	0.0000	0.0000	0.0000	0.0000	0.0000	0.0000	0.0000	0.0000	0.0000	0.0000	0.0000	0.0000	0.0000	0.0000	0.0015	0.0008	0.0007	0.0005	0.0004	0.0001	0.0010	0.0003	0.0006	0.0000	0.0000	0.0000	0.0000	0.0000	0.0000	0.0000	0.0000	0.0000	0.0000	0.0000	0.0000	0.0000	0.0000	0.0000	0.0000	0.0000	0.0000											
58	80	0.6484	7	1	1	2	0	0	0	0	0	N	N	Y	N	N	N	N	N	N	N	N	N	0.0000	0.0000	0.0000	0.0000	0.0000	0.0000	0.0000	0.0000	0.0000	0.0000	0.0000	0.0000	0.0000	0.0000	0.0000	0.0000	0.0000	0.0000	0.0000	0.0000	0.0000	0.0029	1.0000	2.0135	0.0000	0.0000	0.0000	0.0000	0.0000	0.0000	0.0000	0.0000	0.0000	0.0000	0.0000	0.0000	0.0000	0.0000	0.0000	0.0000	0.0000	0.0000	0.0000	0.0000	0.0000	0.0000	0.0000	0.0000	0.0000	0.0000	0.0000	0.0024	0.0017	0.0007	0.0016	0.0015	0.0001	0.0007	0.0002	0.0006	0.0000	0.0000	0.0000	0.0000	0.0000	0.0000	0.0000	0.0000	0.0000	0.0000	0.0000	0.0000	0.0000	0.0000	0.0000	0.0000	0.0000	0.0000											
58	81	0.6419	6	1	1	1	0	0	0	0	0	N	N	N	N	N	N	N	N	N	N	N	N	0.0000	0.0000	0.0000	0.0000	0.0000	0.0000	0.0000	0.0000	0.0000	0.0000	0.0000	0.0000	0.0000	0.0000	0.0000	0.0000	0.0000	0.0000	0.0000	0.0000	0.0000	0.6188	1.0000	0.9475	0.0000	0.0000	0.0000	0.0000	0.0000	0.0000	0.0000	0.0000	0.0000	0.0000	0.0000	0.0000	0.0000	0.0000	0.0000	0.0000	0.0000	0.0000	0.0000	0.0000	0.0000	0.0000	0.0000	0.0000	0.0000	0.0000	0.0000	0.0016	0.0009	0.0007	0.0009	0.0008	0.0001	0.0007	0.0001	0.0006	0.0000	0.0000	0.0000	0.0000	0.0000	0.0000	0.0000	0.0000	0.0000	0.0000	0.0000	0.0000	0.0000	0.0000	0.0000	0.0000	0.0000	0.0000											
58	82	0.0409	2	1	1	2	0	0	0	0	0	N	N	Y	N	N	N	N	N	N	N	N	N	0.0000	0.0000	0.0000	0.0000	0.0000	0.0000	0.0000	0.0000	0.0000	0.0000	0.0000	0.0000	0.0000	0.0000	0.0000	0.0000	0.0000	0.0000	0.0000	0.0000	0.0000	0.0000	1.0000	1.0000	0.0000	0.0000	0.0000	0.0000	0.0000	0.0000	0.0000	0.0000	0.0000	0.0000	0.0000	0.0000	0.0000	0.0000	0.0000	0.0000	0.0000	0.0000	0.0000	0.0000	0.0000	0.0000	0.0000	0.0000	0.0000	0.0000	0.0000	0.0020	0.0006	0.0013	0.0000	0.0000	0.0000	0.0020	0.0006	0.0013	0.0000	0.0000	0.0000	0.0000	0.0000	0.0000	0.0000	0.0000	0.0000	0.0000	0.0000	0.0000	0.0000	0.0000	0.0000	0.0000	0.0000	0.0000											
58	83	0.6159	5	2	0	2	0	0	0	0	0	Y	N	Y	N	N	N	N	N	N	N	N	N	0.0000	0.0000	0.0000	0.0000	0.0000	0.0000	0.0000	0.0000	0.0000	0.0000	0.0000	0.0000	0.0000	0.0000	0.0000	0.0000	0.0000	0.0000	0.0000	0.0000	0.0000	9.0001	1.0000	3.0001	0.0000	0.0000	0.0000	0.0000	0.0000	0.0000	0.0000	0.0000	0.0000	0.0000	0.0000	0.0000	0.0000	0.0000	0.0000	0.0000	0.0000	0.0000	0.0000	0.0000	0.0000	0.0000	0.0000	0.0000	0.0000	0.0000	0.0000	0.0075	0.0042	0.0033	0.0037	0.0032	0.0005	0.0038	0.0010	0.0028	0.0000	0.0000	0.0000	0.0000	0.0000	0.0000	0.0000	0.0000	0.0000	0.0000	0.0000	0.0000	0.0000	0.0000	0.0000	0.0000	0.0000	0.0000											
58	85	0.0646	2	2	1	1	0	0	0	0	0	Y	N	N	N	N	N	N	N	N	N	N	N	0.0000	0.0000	0.0000	0.0000	0.0000	0.0000	0.0000	0.0000	0.0000	0.0000	0.0000	0.0000	0.0000	0.0000	0.0000	0.0000	0.0000	0.0000	0.0000	0.0000	0.0000	1.0086	1.0000	1.7435	0.0000	0.0000	0.0000	0.0000	0.0000	0.0000	0.0000	0.0000	0.0000	0.0000	0.0000	0.0000	0.0000	0.0000	0.0000	0.0000	0.0000	0.0000	0.0000	0.0000	0.0000	0.0000	0.0000	0.0000	0.0000	0.0000	0.0000	0.0074	0.0034	0.0040	0.0008	0.0007	0.0000	0.0066	0.0027	0.0039	0.0000	0.0000	0.0000	0.0000	0.0000	0.0000	0.0000	0.0000	0.0000	0.0000	0.0000	0.0000	0.0000	0.0000	0.0000	0.0000	0.0000	0.0000											
58	87	0.5746	4	2	1	1	0	0	0	0	0	Y	N	N	N	N	N	N	N	N	N	N	N	0.0000	0.0000	0.0000	0.0000	0.0000	0.0000	0.0000	0.0000	0.0000	0.0000	0.0000	0.0000	0.0000	0.0000	0.0000	0.0000	0.0000	0.0000	0.0000	0.0000	0.0000	9.0005	1.0000	5.0000	0.0000	0.0000	0.0000	0.0000	0.0000	0.0000	0.0000	0.0000	0.0000	0.0000	0.0000	0.0000	0.0000	0.0000	0.0000	0.0000	0.0000	0.0000	0.0000	0.0000	0.0000	0.0000	0.0000	0.0000	0.0000	0.0000	0.0000	0.0125	0.0062	0.0063	0.0041	0.0035	0.0006	0.0084	0.0027	0.0057	0.0000	0.0000	0.0000	0.0000	0.0000	0.0000	0.0000	0.0000	0.0000	0.0000	0.0000	0.0000	0.0000	0.0000	0.0000	0.0000	0.0000	0.0000											
58	88	0.0409	2	1	1	1	0	0	0	0	0	N	N	N	N	N	N	N	N	N	N	N	N	0.0000	0.0000	0.0000	0.0000	0.0000	0.0000	0.0000	0.0000	0.0000	0.0000	0.0000	0.0000	0.0000	0.0000	0.0000	0.0000	0.0000	0.0000	0.0000	0.0000	0.0000	0.0000	1.0000	0.0000	0.0000	0.0000	0.0000	0.0000	0.0000	0.0000	0.0000	0.0000	0.0000	0.0000	0.0000	0.0000	0.0000	0.0000	0.0000	0.0000	0.0000	0.0000	0.0000	0.0000	0.0000	0.0000	0.0000	0.0000	0.0000	0.0000	0.0000	0.0000	0.0000	0.0000	0.0000	0.0000	0.0000	0.0000	0.0000	0.0000	0.0000	0.0000	0.0000	0.0000	0.0000	0.0000	0.0000	0.0000	0.0000	0.0000	0.0000	0.0000	0.0000	0.0000	0.0000	0.0000	0.0000	0.0000											
58	89	0.6419	6	1	1	1	0	0	0	0	0	N	N	N	N	N	N	N	N	N	N	N	N	0.0000	0.0000	0.0000	0.0000	0.0000	0.0000	0.0000	0.0000	0.0000	0.0000	0.0000	0.0000	0.0000	0.0000	0.0000	0.0000	0.0000	0.0000	0.0000	0.0000	0.0000	1.9953	1.0000	1.0817	0.0000	0.0000	0.0000	0.0000	0.0000	0.0000	0.0000	0.0000	0.0000	0.0000	0.0000	0.0000	0.0000	0.0000	0.0000	0.0000	0.0000	0.0000	0.0000	0.0000	0.0000	0.0000	0.0000	0.0000	0.0000	0.0000	0.0000	0.0025	0.0015	0.0011	0.0014	0.0012	0.0002	0.0011	0.0002	0.0009	0.0000	0.0000	0.0000	0.0000	0.0000	0.0000	0.0000	0.0000	0.0000	0.0000	0.0000	0.0000	0.0000	0.0000	0.0000	0.0000	0.0000	0.0000											
58	90	0.6159	5	1	1	1	0	0	0	0	0	N	N	N	N	N	N	N	N	N	N	N	N	0.0000	0.0000	0.0000	0.0000	0.0000	0.0000	0.0000	0.0000	0.0000	0.0000	0.0000	0.0000	0.0000	0.0000	0.0000	0.0000	0.0000	0.0000	0.0000	0.0000	0.0000	2.3999	1.0000	4.0713	0.0000	0.0000	0.0000	0.0000	0.0000	0.0000	0.0000	0.0000	0.0000	0.0000	0.0000	0.0000	0.0000	0.0000	0.0000	0.0000	0.0000	0.0000	0.0000	0.0000	0.0000	0.0000	0.0000	0.0000	0.0000	0.0000	0.0000	0.0043	0.0024	0.0019	0.0021	0.0018	0.0003	0.0021	0.0006	0.0016	0.0000	0.0000	0.0000	0.0000	0.0000	0.0000	0.0000	0.0000	0.0000	0.0000	0.0000	0.0000	0.0000	0.0000	0.0000	0.0000	0.0000	0.0000											
58	91	0.6369	6	1	0	2	0	0	0	0	0	N	N	Y	N	N	N	N	N	N	N	N	N	0.0000	0.0000	0.0000	0.0000	0.0000	0.0000	0.0000	0.0000	0.0000	0.0000	0.0000	0.0000	0.0000	0.0000	0.0000	0.0000	0.0000	0.0000	0.0000	0.0000	0.0000	0.0000	1.0000	0.0000	0.0000	0.0000	0.0000	0.0000	0.0000	0.0000	0.0000	0.0000	0.0000	0.0000	0.0000	0.0000	0.0000	0.0000	0.0000	0.0000	0.0000	0.0000	0.0000	0.0000	0.0000	0.0000	0.0000	0.0000	0.0000	0.0000	0.0000	0.0000	0.0000	0.0000	0.0000	0.0000	0.0000	0.0000	0.0000	0.0000	0.0000	0.0000	0.0000	0.0000	0.0000	0.0000	0.0000	0.0000	0.0000	0.0000	0.0000	0.0000	0.0000	0.0000	0.0000	0.0000	0.0000	0.0000											
58	92	0.6048	5	1	0	2	0	0	0	0	0	N	N	Y	N	N	N	N	N	N	N	N	N	0.0000	0.0000	0.0000	0.0000	0.0000	0.0000	0.0000	0.0000	0.0000	0.0000	0.0000	0.0000	0.0000	0.0000	0.0000	0.0000	0.0000	0.0000	0.0000	0.0000	0.0000	3.7221	1.0000	2.9993	0.0000	0.0000	0.0000	0.0000	0.0000	0.0000	0.0000	0.0000	0.0000	0.0000	0.0000	0.0000	0.0000	0.0000	0.0000	0.0000	0.0000	0.0000	0.0000	0.0000	0.0000	0.0000	0.0000	0.0000	0.0000	0.0000	0.0000	0.0058	0.0029	0.0028	0.0021	0.0017	0.0003	0.0037	0.0012	0.0025	0.0000	0.0000	0.0000	0.0000	0.0000	0.0000	0.0000	0.0000	0.0000	0.0000	0.0000	0.0000	0.0000	0.0000	0.0000	0.0000	0.0000	0.0000											
58	93	0.5746	4	1	0	1	0	0	0	0	0	N	N	N	N	N	N	N	N	N	N	N	N	0.0000	0.0000	0.0000	0.0000	0.0000	0.0000	0.0000	0.0000	0.0000	0.0000	0.0000	0.0000	0.0000	0.0000	0.0000	0.0000	0.0000	0.0000	0.0000	0.0000	0.0000	2.7217	1.0000	3.0458	0.0000	0.0000	0.0000	0.0000	0.0000	0.0000	0.0000	0.0000	0.0000	0.0000	0.0000	0.0000	0.0000	0.0000	0.0000	0.0000	0.0000	0.0000	0.0000	0.0000	0.0000	0.0000	0.0000	0.0000	0.0000	0.0000	0.0000	0.0057	0.0028	0.0029	0.0018	0.0015	0.0003	0.0039	0.0013	0.0026	0.0000	0.0000	0.0000	0.0000	0.0000	0.0000	0.0000	0.0000	0.0000	0.0000	0.0000	0.0000	0.0000	0.0000	0.0000	0.0000	0.0000	0.0000											
58	94	0.6321	6	2	1	1	0	0	0	0	0	Y	N	N	N	N	N	N	N	N	N	N	N	0.0000	0.0000	0.0000	0.0000	0.0000	0.0000	0.0000	0.0000	0.0000	0.0000	0.0000	0.0000	0.0000	0.0000	0.0000	0.0000	0.0000	0.0000	0.0000	0.0000	0.0000	5.9980	1.0000	4.9575	0.0000	0.0000	0.0000	0.0000	0.0000	0.0000	0.0000	0.0000	0.0000	0.0000	0.0000	0.0000	0.0000	0.0000	0.0000	0.0000	0.0000	0.0000	0.0000	0.0000	0.0000	0.0000	0.0000	0.0000	0.0000	0.0000	0.0000	0.0058	0.0035	0.0023	0.0031	0.0026	0.0005	0.0027	0.0009	0.0018	0.0000	0.0000	0.0000	0.0000	0.0000	0.0000	0.0000	0.0000	0.0000	0.0000	0.0000	0.0000	0.0000	0.0000	0.0000	0.0000	0.0000	0.0000											
58	95	0.0409	2	2	1	1	0	0	0	0	0	Y	N	N	N	N	N	N	N	N	N	N	N	0.0000	0.0000	0.0000	0.0000	0.0000	0.0000	0.0000	0.0000	0.0000	0.0000	0.0000	0.0000	0.0000	0.0000	0.0000	0.0000	0.0000	0.0000	0.0000	0.0000	0.0000	0.0000	1.0000	2.0000	0.0000	0.0000	0.0000	0.0000	0.0000	0.0000	0.0000	0.0000	0.0000	0.0000	0.0000	0.0000	0.0000	0.0000	0.0000	0.0000	0.0000	0.0000	0.0000	0.0000	0.0000	0.0000	0.0000	0.0000	0.0000	0.0000	0.0000	0.0039	0.0013	0.0026	0.0000	0.0000	0.0000	0.0039	0.0013	0.0026	0.0000	0.0000	0.0000	0.0000	0.0000	0.0000	0.0000	0.0000	0.0000	0.0000	0.0000	0.0000	0.0000	0.0000	0.0000	0.0000	0.0000	0.0000											
58	97	0.5746	4	1	0	1	0	0	0	0	0	N	N	N	N	N	N	N	N	N	N	N	N	0.0000	0.0000	0.0000	0.0000	0.0000	0.0000	0.0000	0.0000	0.0000	0.0000	0.0000	0.0000	0.0000	0.0000	0.0000	0.0000	0.0000	0.0000	0.0000	0.0000	0.0000	3.9994	1.0000	4.0000	0.0000	0.0000	0.0000	0.0000	0.0000	0.0000	0.0000	0.0000	0.0000	0.0000	0.0000	0.0000	0.0000	0.0000	0.0000	0.0000	0.0000	0.0000	0.0000	0.0000	0.0000	0.0000	0.0000	0.0000	0.0000	0.0000	0.0000	0.0077	0.0038	0.0039	0.0025	0.0021	0.0004	0.0052	0.0017	0.0035	0.0000	0.0000	0.0000	0.0000	0.0000	0.0000	0.0000	0.0000	0.0000	0.0000	0.0000	0.0000	0.0000	0.0000	0.0000	0.0000	0.0000	0.0000											
58	99	0.4637	3	1	0	1	0	0	0	0	0	N	N	N	N	N	N	N	N	N	N	N	N	0.0000	0.0000	0.0000	0.0000	0.0000	0.0000	0.0000	0.0000	0.0000	0.0000	0.0000	0.0000	0.0000	0.7999	1.2537	0.0000	1.1055	1.1415	0.0000	0.0000	0.0000	0.0000	0.0000	0.0000	-0.0002	0.0000	1.5982	1.0000	11.1970	0.0000	0.0000	0.0000	0.0000	0.0000	0.0000	0.0000	0.0000	0.0000	0.0004	0.0004	0.0000	0.0004	0.0004	0.0000	0.0000	0.0000	0.0000	0.0000	0.0000	0.0000	0.0000	0.0000	0.0000	0.0000	0.0000	0.0000	0.0166	0.0091	0.0075	0.0061	0.0055	0.0006	0.0104	0.0036	0.0068	0.0000	0.0000	0.0000	0.0000	0.0000	0.0000	0.0000	0.0000	0.0000	0.0266	0.0485	0.0000	0.0717	0.0800	0.0000	0.0000	0.0000	0.0000						
58	100	0.6336	7	2	1	2	0	0	0	0	0	Y	N	Y	N	N	N	N	N	N	N	N	N	0.0000	0.0000	0.0000	0.0000	0.0000	0.0000	0.0000	0.0000	0.0000	0.0000	0.0000	0.0000	0.0000	0.0000	0.0000	0.0000	0.0000	0.0000	0.0000	0.0000	0.0000	0.0000	1.0000	0.9982	0.0000	0.0000	0.0000	0.0000	0.0000	0.0000	0.0000	0.0000	0.0000	0.0000	0.0000	0.0000	0.0000	0.0000	0.0000	0.0000	0.0000	0.0000	0.0000	0.0000	0.0000	0.0000	0.0000	0.0000	0.0000	0.0000	0.0000	0.0006	0.0004	0.0002	0.0003	0.0003	0.0000	0.0003	0.0001	0.0002	0.0000	0.0000	0.0000	0.0000	0.0000	0.0000	0.0000	0.0000	0.0000	0.0000	0.0000	0.0000	0.0000	0.0000	0.0000	0.0000	0.0000	0.0000											
58	101	0.0532	4	2	1	2	0	0	0	0	0	Y	N	Y	N	N	N	N	N	N	N	N	N	0.0000	0.0000	0.0000	0.0000	0.0000	0.0000	0.0000	0.0000	0.0000	0.0000	0.0000	0.0000	0.0000	0.0000	0.0000	0.0000	0.0000	0.0000	0.0000	0.0000	0.0000	0.0000	1.0000	0.0000	0.0000	0.0000	0.0000	0.0000	0.0000	0.0000	0.0000	0.0000	0.0000	0.0000	0.0000	0.0000	0.0000	0.0000	0.0000	0.0000	0.0000	0.0000	0.0000	0.0000	0.0000	0.0000	0.0000	0.0000	0.0000	0.0000	0.0000	0.0000	0.0000	0.0000	0.0000	0.0000	0.0000	0.0000	0.0000	0.0000	0.0000	0.0000	0.0000	0.0000	0.0000	0.0000	0.0000	0.0000	0.0000	0.0000	0.0000	0.0000	0.0000	0.0000	0.0000	0.0000	0.0000	0.0000											
58	102	0.0532	3	2	0	2	0	0	0	0	0	Y	N	Y	N	N	N	N	N	N	N	N	N	0.0000	0.0000	0.0000	0.0000	0.0000	0.0000	0.0000	0.0000	0.0000	0.0000	0.0000	0.0000	0.0000	0.0000	0.0000	0.0000	0.0000	0.0000	0.0000	0.0000	0.0000	0.0000	1.0000	0.0000	0.0000	0.0000	0.0000	0.0000	0.0000	0.0000	0.0000	0.0000	0.0000	0.0000	0.0000	0.0000	0.0000	0.0000	0.0000	0.0000	0.0000	0.0000	0.0000	0.0000	0.0000	0.0000	0.0000	0.0000	0.0000	0.0000	0.0000	0.0000	0.0000	0.0000	0.0000	0.0000	0.0000	0.0000	0.0000	0.0000	0.0000	0.0000	0.0000	0.0000	0.0000	0.0000	0.0000	0.0000	0.0000	0.0000	0.0000	0.0000	0.0000	0.0000	0.0000	0.0000	0.0000	0.0000											
58	103	0.0472	2	2	0	2	0	0	0	0	0	Y	N	Y	N	N	N	N	N	N	N	N	N	0.0000	0.0000	0.0000	0.0000	0.0000	0.0000	0.0000	0.0000	0.0000	0.0000	0.0000	0.0000	0.0000	0.0000	0.0000	0.0000	0.0000	0.0000	0.0000	0.0000	0.0000	0.0000	1.0000	1.0091	0.0000	0.0000	0.0000	0.0000	0.0000	0.0000	0.0000	0.0000	0.0000	0.0000	0.0000	0.0000	0.0000	0.0000	0.0000	0.0000	0.0000	0.0000	0.0000	0.0000	0.0000	0.0000	0.0000	0.0000	0.0000	0.0000	0.0000	0.0018	0.0006	0.0012	0.0000	0.0000	0.0000	0.0018	0.0006	0.0012	0.0000	0.0000	0.0000	0.0000	0.0000	0.0000	0.0000	0.0000	0.0000	0.0000	0.0000	0.0000	0.0000	0.0000	0.0000	0.0000	0.0000	0.0000											
58	104	0.5746	4	1	1	1	0	0	0	0	0	N	N	N	N	N	N	N	N	N	N	N	N	0.0000	0.0000	0.0000	0.0000	0.0000	0.0000	0.0000	0.0000	0.0000	0.0000	0.0000	0.0000	0.0000	0.0000	0.0000	0.0000	0.0000	0.0000	0.0000	0.0000	0.0000	7.9994	1.0000	4.0001	0.0000	0.0000	0.0000	0.0000	0.0000	0.0000	0.0000	0.0000	0.0000	0.0000	0.0000	0.0000	0.0000	0.0000	0.0000	0.0000	0.0000	0.0000	0.0000	0.0000	0.0000	0.0000	0.0000	0.0000	0.0000	0.0000	0.0000	0.0109	0.0054	0.0055	0.0036	0.0030	0.0005	0.0074	0.0024	0.0050	0.0000	0.0000	0.0000	0.0000	0.0000	0.0000	0.0000	0.0000	0.0000	0.0000	0.0000	0.0000	0.0000	0.0000	0.0000	0.0000	0.0000	0.0000											
58	105	0.6371	8	2	0	2	0	0	0	0	0	Y	N	Y	N	N	N	N	N	N	N	N	N	0.0000	0.0000	0.0000	0.0000	0.0000	0.0000	0.0000	0.0000	0.0000	0.0000	0.0000	0.0000	0.0000	0.0000	0.0000	0.0000	0.0000	0.0000	0.0000	0.0000	0.0000	1.0000	1.0000	1.0005	0.0000	0.0000	0.0000	0.0000	0.0000	0.0000	0.0000	0.0000	0.0000	0.0000	0.0000	0.0000	0.0000	0.0000	0.0000	0.0000	0.0000	0.0000	0.0000	0.0000	0.0000	0.0000	0.0000	0.0000	0.0000	0.0000	0.0000	0.0011	0.0007	0.0004	0.0006	0.0005	0.0001	0.0005	0.0002	0.0003	0.0000	0.0000	0.0000	0.0000	0.0000	0.0000	0.0000	0.0000	0.0000	0.0000	0.0000	0.0000	0.0000	0.0000	0.0000	0.0000	0.0000	0.0000											
58	106	0.6336	7	2	0	2	0	0	0	0	0	Y	N	Y	N	N	N	N	N	N	N	N	N	0.0000	0.0000	0.0000	0.0000	0.0000	0.0000	0.0000	0.0000	0.0000	0.0000	0.0000	0.0000	0.0000	0.0000	0.0000	0.0000	0.0000	0.0000	0.0000	0.0000	0.0000	0.7249	1.0000	0.0368	0.0000	0.0000	0.0000	0.0000	0.0000	0.0000	0.0000	0.0000	0.0000	0.0000	0.0000	0.0000	0.0000	0.0000	0.0000	0.0000	0.0000	0.0000	0.0000	0.0000	0.0000	0.0000	0.0000	0.0000	0.0000	0.0000	0.0000	0.0005	0.0003	0.0002	0.0002	0.0002	0.0000	0.0002	0.0001	0.0001	0.0000	0.0000	0.0000	0.0000	0.0000	0.0000	0.0000	0.0000	0.0000	0.0000	0.0000	0.0000	0.0000	0.0000	0.0000	0.0000	0.0000	0.0000											
58	107	0.6321	6	2	0	2	0	0	0	0	0	Y	N	Y	N	N	N	N	N	N	N	N	N	0.0000	0.0000	0.0000	0.0000	0.0000	0.0000	0.0000	0.0000	0.0000	0.0000	0.0000	0.0000	0.0000	0.0000	0.0000	0.0000	0.0000	0.0000	0.0000	0.0000	0.0000	0.4159	1.0000	0.0887	0.0000	0.0000	0.0000	0.0000	0.0000	0.0000	0.0000	0.0000	0.0000	0.0000	0.0000	0.0000	0.0000	0.0000	0.0000	0.0000	0.0000	0.0000	0.0000	0.0000	0.0000	0.0000	0.0000	0.0000	0.0000	0.0000	0.0000	0.0004	0.0002	0.0001	0.0002	0.0002	0.0000	0.0002	0.0001	0.0001	0.0000	0.0000	0.0000	0.0000	0.0000	0.0000	0.0000	0.0000	0.0000	0.0000	0.0000	0.0000	0.0000	0.0000	0.0000	0.0000	0.0000	0.0000											
58	108	0.6159	5	2	0	1	0	0	0	0	0	Y	N	N	N	N	N	N	N	N	N	N	N	0.0000	0.0000	0.0000	0.0000	0.0000	0.0000	0.0000	0.0000	0.0000	0.0000	0.0000	0.0000	0.0000	0.0000	0.0000	0.0000	0.0000	0.0000	0.0000	0.0000	0.0000	3.9943	1.0000	0.9974	0.0000	0.0000	0.0000	0.0000	0.0000	0.0000	0.0000	0.0000	0.0000	0.0000	0.0000	0.0000	0.0000	0.0000	0.0000	0.0000	0.0000	0.0000	0.0000	0.0000	0.0000	0.0000	0.0000	0.0000	0.0000	0.0000	0.0000	0.0033	0.0019	0.0015	0.0017	0.0014	0.0002	0.0017	0.0005	0.0012	0.0000	0.0000	0.0000	0.0000	0.0000	0.0000	0.0000	0.0000	0.0000	0.0000	0.0000	0.0000	0.0000	0.0000	0.0000	0.0000	0.0000	0.0000											
58	109	0.0472	2	2	0	2	0	0	0	0	0	Y	N	Y	N	N	N	N	N	N	N	N	N	0.0000	0.0000	0.0000	0.0000	0.0000	0.0000	0.0000	0.0000	0.0000	0.0000	0.0000	0.0000	0.0000	0.0000	0.0000	0.0000	0.0000	0.0000	0.0000	0.0000	0.0000	0.0000	1.0000	0.9909	0.0000	0.0000	0.0000	0.0000	0.0000	0.0000	0.0000	0.0000	0.0000	0.0000	0.0000	0.0000	0.0000	0.0000	0.0000	0.0000	0.0000	0.0000	0.0000	0.0000	0.0000	0.0000	0.0000	0.0000	0.0000	0.0000	0.0000	0.0018	0.0006	0.0012	0.0000	0.0000	0.0000	0.0018	0.0006	0.0012	0.0000	0.0000	0.0000	0.0000	0.0000	0.0000	0.0000	0.0000	0.0000	0.0000	0.0000	0.0000	0.0000	0.0000	0.0000	0.0000	0.0000	0.0000											
58	112	0.6205	5	1	0	2	0	0	0	0	0	N	N	Y	N	N	N	N	N	N	N	N	N	0.0000	0.0000	0.0000	0.0000	0.0000	0.0000	0.0000	0.0000	0.0000	0.0000	0.0000	0.0000	0.0000	0.0000	0.0000	0.0000	0.0000	0.0000	0.0000	0.0000	0.0000	0.0000	1.0000	0.0001	0.0000	0.0000	0.0000	0.0000	0.0000	0.0000	0.0000	0.0000	0.0000	0.0000	0.0000	0.0000	0.0000	0.0000	0.0000	0.0000	0.0000	0.0000	0.0000	0.0000	0.0000	0.0000	0.0000	0.0000	0.0000	0.0000	0.0000	0.0000	0.0000	0.0000	0.0000	0.0000	0.0000	0.0000	0.0000	0.0000	0.0000	0.0000	0.0000	0.0000	0.0000	0.0000	0.0000	0.0000	0.0000	0.0000	0.0000	0.0000	0.0000	0.0000	0.0000	0.0000	0.0000	0.0000											
58	113	0.5746	4	1	0	2	0	0	0	0	0	N	N	Y	N	N	N	N	N	N	N	N	N	0.0000	0.0000	0.0000	0.0000	0.0000	0.0000	0.0000	0.0000	0.0000	0.0000	0.0000	0.0000	0.0000	0.0000	0.0000	0.0000	0.0000	0.0000	0.0000	0.0000	0.0000	4.0004	1.0000	4.9999	0.0000	0.0000	0.0000	0.0000	0.0000	0.0000	0.0000	0.0000	0.0000	0.0000	0.0000	0.0000	0.0000	0.0000	0.0000	0.0000	0.0000	0.0000	0.0000	0.0000	0.0000	0.0000	0.0000	0.0000	0.0000	0.0000	0.0000	0.0085	0.0042	0.0043	0.0027	0.0023	0.0004	0.0058	0.0019	0.0039	0.0000	0.0000	0.0000	0.0000	0.0000	0.0000	0.0000	0.0000	0.0000	0.0000	0.0000	0.0000	0.0000	0.0000	0.0000	0.0000	0.0000	0.0000											
58	114	0.0512	2	1	1	1	0	0	0	0	0	N	N	N	N	N	N	N	N	N	N	N	N	0.0000	0.0000	0.0000	0.0000	0.0000	0.0000	0.0000	0.0000	0.0000	0.0000	0.0000	0.0000	0.0000	0.0000	0.0000	0.0000	0.0000	0.0000	0.0000	0.0000	0.0000	4.3361	1.0000	4.6323	0.0000	0.0000	0.0000	0.0000	0.0000	0.0000	0.0000	0.0000	0.0000	0.0000	0.0000	0.0000	0.0000	0.0000	0.0000	0.0000	0.0000	0.0000	0.0000	0.0000	0.0000	0.0000	0.0000	0.0000	0.0000	0.0000	0.0000	0.0265	0.0146	0.0119	0.0045	0.0041	0.0003	0.0220	0.0104	0.0115	0.0000	0.0000	0.0000	0.0000	0.0000	0.0000	0.0000	0.0000	0.0000	0.0000	0.0000	0.0000	0.0000	0.0000	0.0000	0.0000	0.0000	0.0000											
58	116	0.5746	4	1	1	1	1	0	0	0	0	N	N	N	N	N	N	N	N	N	N	N	N	0.0000	0.0000	0.0000	0.0000	0.0000	0.0000	0.0000	0.0000	0.0000	0.0000	0.0000	0.0000	0.0000	0.0000	0.0000	0.0000	0.0000	0.0000	0.0000	0.0000	0.0000	5.0006	1.0000	2.0000	0.0000	0.0000	0.0000	0.0000	0.0000	0.0000	0.0000	0.0000	0.0000	0.0000	0.0000	0.0000	0.0000	0.0000	0.0000	0.0000	0.0000	0.0000	0.0000	0.0000	0.0000	0.0000	0.0000	0.0000	0.0000	0.0000	0.0000	0.0068	0.0033	0.0034	0.0022	0.0018	0.0003	0.0046	0.0015	0.0031	0.0000	0.0000	0.0000	0.0000	0.0000	0.0000	0.0000	0.0000	0.0000	0.0000	0.0000	0.0000	0.0000	0.0000	0.0000	0.0000	0.0000	0.0000											
58	118	0.5746	4	1	1	1	0	0	0	0	0	N	N	N	N	N	N	N	N	N	N	N	N	0.0000	0.0000	0.0000	0.0000	0.0000	0.0000	0.0000	0.0000	0.0000	0.0000	0.0000	0.0000	0.0000	0.0000	0.0000	0.0000	0.0000	0.0000	0.0000	0.0000	0.0000	16.9994	1.0000	6.0000	0.0000	0.0000	0.0000	0.0000	0.0000	0.0000	0.0000	0.0000	0.0000	0.0000	0.0000	0.0000	0.0000	0.0000	0.0000	0.0000	0.0000	0.0000	0.0000	0.0000	0.0000	0.0000	0.0000	0.0000	0.0000	0.0000	0.0000	0.0185	0.0093	0.0092	0.0062	0.0053	0.0010	0.0122	0.0040	0.0083	0.0000	0.0000	0.0000	0.0000	0.0000	0.0000	0.0000	0.0000	0.0000	0.0000	0.0000	0.0000	0.0000	0.0000	0.0000	0.0000	0.0000	0.0000											
58	120	0.0466	2	1	1	1	0	0	0	0	0	N	N	N	N	N	N	N	N	N	N	N	N	0.0000	0.0000	0.0000	0.0000	0.0000	0.0000	0.0000	0.0000	0.0000	0.0000	0.0000	0.0000	0.0000	0.0000	0.0000	0.0000	0.0000	0.0000	0.0000	0.0000	0.0000	0.9998	1.0000	0.9486	0.0000	0.0000	0.0000	0.0000	0.0000	0.0000	0.0000	0.0000	0.0000	0.0000	0.0000	0.0000	0.0000	0.0000	0.0000	0.0000	0.0000	0.0000	0.0000	0.0000	0.0000	0.0000	0.0000	0.0000	0.0000	0.0000	0.0000	0.0053	0.0021	0.0031	0.0008	0.0008	0.0000	0.0044	0.0013	0.0031	0.0000	0.0000	0.0000	0.0000	0.0000	0.0000	0.0000	0.0000	0.0000	0.0000	0.0000	0.0000	0.0000	0.0000	0.0000	0.0000	0.0000	0.0000											
58	122	0.6159	5	1	1	1	0	0	0	0	0	N	N	N	N	N	N	N	N	N	N	N	N	0.0000	0.0000	0.0000	0.0000	0.0000	0.0000	0.0000	0.0000	0.0000	0.0000	0.0000	0.0000	0.0000	0.0000	0.0000	0.0000	0.0000	0.0000	0.0000	0.0000	0.0000	2.0001	1.0000	3.0000	0.0000	0.0000	0.0000	0.0000	0.0000	0.0000	0.0000	0.0000	0.0000	0.0000	0.0000	0.0000	0.0000	0.0000	0.0000	0.0000	0.0000	0.0000	0.0000	0.0000	0.0000	0.0000	0.0000	0.0000	0.0000	0.0000	0.0000	0.0033	0.0019	0.0015	0.0017	0.0014	0.0002	0.0017	0.0005	0.0012	0.0000	0.0000	0.0000	0.0000	0.0000	0.0000	0.0000	0.0000	0.0000	0.0000	0.0000	0.0000	0.0000	0.0000	0.0000	0.0000	0.0000	0.0000											
58	123	0.5746	4	1	0	1	0	0	0	0	0	N	N	N	N	N	N	N	N	N	N	N	N	0.0000	0.0000	0.0000	0.0000	0.0000	0.0000	0.0000	0.0000	0.0000	0.0000	0.0000	0.0000	0.0000	0.0000	0.0000	0.0000	0.0000	0.0000	0.0000	0.0000	0.0000	6.9986	1.0000	2.0000	0.0000	0.0000	0.0000	0.0000	0.0000	0.0000	0.0000	0.0000	0.0000	0.0000	0.0000	0.0000	0.0000	0.0000	0.0000	0.0000	0.0000	0.0000	0.0000	0.0000	0.0000	0.0000	0.0000	0.0000	0.0000	0.0000	0.0000	0.0085	0.0042	0.0043	0.0027	0.0023	0.0004	0.0058	0.0019	0.0039	0.0000	0.0000	0.0000	0.0000	0.0000	0.0000	0.0000	0.0000	0.0000	0.0000	0.0000	0.0000	0.0000	0.0000	0.0000	0.0000	0.0000	0.0000											
58	124	0.0520	2	1	1	1	0	0	0	0	0	N	N	N	N	N	N	N	N	N	N	N	N	0.0000	0.0000	0.0000	0.0000	0.0000	0.0000	0.0000	0.0000	0.0000	0.0000	0.0000	0.0000	0.0000	0.0000	0.0000	0.0000	0.0000	0.0000	0.0000	0.0000	0.0000	3.9006	1.0000	3.1543	0.0000	0.0000	0.0000	0.0000	0.0000	0.0000	0.0000	0.0000	0.0000	0.0000	0.0000	0.0000	0.0000	0.0000	0.0000	0.0000	0.0000	0.0000	0.0000	0.0000	0.0000	0.0000	0.0000	0.0000	0.0000	0.0000	0.0000	0.0282	0.0128	0.0154	0.0033	0.0033	0.0001	0.0249	0.0095	0.0154	0.0000	0.0000	0.0000	0.0000	0.0000	0.0000	0.0000	0.0000	0.0000	0.0000	0.0000	0.0000	0.0000	0.0000	0.0000	0.0000	0.0000	0.0000											
58	126	0.5746	4	1	1	1	0	0	0	0	0	N	N	N	N	N	N	N	N	N	N	N	N	0.0000	0.0000	0.0000	0.0000	0.0000	0.0000	0.0000	0.0000	0.0000	0.0000	0.0000	0.0000	0.0000	0.0000	0.0000	0.0000	0.0000	0.0000	0.0000	0.0000	0.0000	0.9996	1.0000	8.0005	0.0000	0.0000	0.0000	0.0000	0.0000	0.0000	0.0000	0.0000	0.0000	0.0000	0.0000	0.0000	0.0000	0.0000	0.0000	0.0000	0.0000	0.0000	0.0000	0.0000	0.0000	0.0000	0.0000	0.0000	0.0000	0.0000	0.0000	0.0085	0.0042	0.0043	0.0027	0.0023	0.0004	0.0058	0.0019	0.0039	0.0000	0.0000	0.0000	0.0000	0.0000	0.0000	0.0000	0.0000	0.0000	0.0000	0.0000	0.0000	0.0000	0.0000	0.0000	0.0000	0.0000	0.0000											
58	127	0.4800	4	1	0	1	0	0	0	0	0	N	N	N	N	N	N	N	N	N	N	N	N	0.0000	0.0000	0.0000	0.0000	0.0000	0.0000	0.0000	0.0000	0.0000	0.0000	0.0000	0.0000	0.0000	55.5119	0.0000	121.7921	0.0000	0.0000	0.0000	88.0062	0.0000	134.9158	inf	0.0000	0.4742	0.0000	3.6536	1.0000	12.3970	0.0000	0.0000	0.0000	0.0000	0.0000	0.0000	0.0000	0.0000	0.0000	0.9918	0.0000	0.9918	0.0000	0.0000	0.0000	0.9918	0.0000	0.9918	0.0000	0.0000	0.0000	0.0000	0.0000	0.0000	0.0000	0.0000	0.0000	0.0179	0.0097	0.0081	0.0066	0.0058	0.0008	0.0113	0.0039	0.0074	0.0000	0.0000	0.0000	0.0000	0.0000	0.0000	0.0000	0.0000	0.0000	55.5119	0.0000	121.7921	0.0000	0.0000	0.0000	88.0062	0.0000	134.9158						
58	128	0.2689	2	1	0	1	0	0	0	0	0	N	N	N	N	N	N	N	N	N	N	N	N	0.0000	0.0000	0.0000	0.0000	0.0000	0.0000	0.0000	0.0000	0.0000	0.0000	0.0000	0.0000	0.0000	0.2007	0.4578	0.0000	0.2209	0.2282	0.0000	0.0000	0.0000	0.0000	0.0000	0.0000	-0.0001	0.0000	5.3495	1.0000	12.4099	0.0000	0.0000	0.0000	0.0000	0.0000	0.0000	0.0000	0.0000	0.0000	0.0002	0.0002	0.0000	0.0002	0.0002	0.0000	0.0000	0.0000	0.0000	0.0000	0.0000	0.0000	0.0000	0.0000	0.0000	0.0000	0.0000	0.0000	0.0331	0.0175	0.0156	0.0114	0.0103	0.0012	0.0216	0.0072	0.0144	0.0000	0.0000	0.0000	0.0000	0.0000	0.0000	0.0000	0.0000	0.0000	0.0051	0.0097	0.0000	0.0149	0.0165	0.0000	0.0000	0.0000	0.0000						
58	129	0.6861	10	1	1	1	1	0	0	0	0	N	N	N	N	N	N	N	N	N	N	N	N	0.0000	0.0000	0.0000	0.0000	0.0000	0.0000	0.0000	0.0000	0.0000	0.0000	0.0000	0.0000	0.0000	0.0000	0.0000	0.0000	0.0000	0.0000	0.0000	0.0000	0.0000	0.0000	1.0000	0.0000	0.0000	0.0000	0.0000	0.0000	0.0000	0.0000	0.0000	0.0000	0.0000	0.0000	0.0000	0.0000	0.0000	0.0000	0.0000	0.0000	0.0000	0.0000	0.0000	0.0000	0.0000	0.0000	0.0000	0.0000	0.0000	0.0000	0.0000	0.0000	0.0000	0.0000	0.0000	0.0000	0.0000	0.0000	0.0000	0.0000	0.0000	0.0000	0.0000	0.0000	0.0000	0.0000	0.0000	0.0000	0.0000	0.0000	0.0000	0.0000	0.0000	0.0000	0.0000	0.0000	0.0000	0.0000											
58	130	0.6698	9	1	1	1	1	0	0	0	0	N	N	N	N	N	N	N	N	N	N	N	N	0.0000	0.0000	0.0000	0.0000	0.0000	0.0000	0.0000	0.0000	0.0000	0.0000	0.0000	0.0000	0.0000	0.0000	0.0000	0.0000	0.0000	0.0000	0.0000	0.0000	0.0000	0.0000	1.0000	3.0001	0.0000	0.0000	0.0000	0.0000	0.0000	0.0000	0.0000	0.0000	0.0000	0.0000	0.0000	0.0000	0.0000	0.0000	0.0000	0.0000	0.0000	0.0000	0.0000	0.0000	0.0000	0.0000	0.0000	0.0000	0.0000	0.0000	0.0000	0.0019	0.0011	0.0007	0.0010	0.0009	0.0001	0.0008	0.0002	0.0006	0.0000	0.0000	0.0000	0.0000	0.0000	0.0000	0.0000	0.0000	0.0000	0.0000	0.0000	0.0000	0.0000	0.0000	0.0000	0.0000	0.0000	0.0000											
58	131	0.6601	8	1	1	1	0	0	0	0	0	N	N	N	N	N	N	N	N	N	N	N	N	0.0000	0.0000	0.0000	0.0000	0.0000	0.0000	0.0000	0.0000	0.0000	0.0000	0.0000	0.0000	0.0000	0.0000	0.0000	0.0000	0.0000	0.0000	0.0000	0.0000	0.0000	0.0000	1.0000	0.0000	0.0000	0.0000	0.0000	0.0000	0.0000	0.0000	0.0000	0.0000	0.0000	0.0000	0.0000	0.0000	0.0000	0.0000	0.0000	0.0000	0.0000	0.0000	0.0000	0.0000	0.0000	0.0000	0.0000	0.0000	0.0000	0.0000	0.0000	0.0000	0.0000	0.0000	0.0000	0.0000	0.0000	0.0000	0.0000	0.0000	0.0000	0.0000	0.0000	0.0000	0.0000	0.0000	0.0000	0.0000	0.0000	0.0000	0.0000	0.0000	0.0000	0.0000	0.0000	0.0000	0.0000	0.0000											
58	132	0.6698	9	1	0	2	1	0	0	0	0	N	N	Y	N	N	N	N	N	N	N	N	N	0.0000	0.0000	0.0000	0.0000	0.0000	0.0000	0.0000	0.0000	0.0000	0.0000	0.0000	0.0000	0.0000	0.0000	0.0000	0.0000	0.0000	0.0000	0.0000	0.0000	0.0000	0.0000	1.0000	1.9999	0.0000	0.0000	0.0000	0.0000	0.0000	0.0000	0.0000	0.0000	0.0000	0.0000	0.0000	0.0000	0.0000	0.0000	0.0000	0.0000	0.0000	0.0000	0.0000	0.0000	0.0000	0.0000	0.0000	0.0000	0.0000	0.0000	0.0000	0.0012	0.0008	0.0005	0.0007	0.0006	0.0001	0.0006	0.0002	0.0004	0.0000	0.0000	0.0000	0.0000	0.0000	0.0000	0.0000	0.0000	0.0000	0.0000	0.0000	0.0000	0.0000	0.0000	0.0000	0.0000	0.0000	0.0000											
58	133	0.6808	10	1	0	2	1	0	0	0	0	N	N	Y	N	N	N	N	N	N	N	N	N	0.0000	0.0000	0.0000	0.0000	0.0000	0.0000	0.0000	0.0000	0.0000	0.0000	0.0000	0.0000	0.0000	0.0000	0.0000	0.0000	0.0000	0.0000	0.0000	0.0000	0.0000	1.0000	1.0000	0.0000	0.0000	0.0000	0.0000	0.0000	0.0000	0.0000	0.0000	0.0000	0.0000	0.0000	0.0000	0.0000	0.0000	0.0000	0.0000	0.0000	0.0000	0.0000	0.0000	0.0000	0.0000	0.0000	0.0000	0.0000	0.0000	0.0000	0.0000	0.0006	0.0003	0.0002	0.0003	0.0002	0.0000	0.0003	0.0001	0.0002	0.0000	0.0000	0.0000	0.0000	0.0000	0.0000	0.0000	0.0000	0.0000	0.0000	0.0000	0.0000	0.0000	0.0000	0.0000	0.0000	0.0000	0.0000											
58	134	0.6808	10	1	0	2	1	0	0	0	0	N	N	Y	N	N	N	N	N	N	N	N	N	0.0000	0.0000	0.0000	0.0000	0.0000	0.0000	0.0000	0.0000	0.0000	0.0000	0.0000	0.0000	0.0000	0.0000	0.0000	0.0000	0.0000	0.0000	0.0000	0.0000	0.0000	0.0000	1.0000	0.0000	0.0000	0.0000	0.0000	0.0000	0.0000	0.0000	0.0000	0.0000	0.0000	0.0000	0.0000	0.0000	0.0000	0.0000	0.0000	0.0000	0.0000	0.0000	0.0000	0.0000	0.0000	0.0000	0.0000	0.0000	0.0000	0.0000	0.0000	0.0000	0.0000	0.0000	0.0000	0.0000	0.0000	0.0000	0.0000	0.0000	0.0000	0.0000	0.0000	0.0000	0.0000	0.0000	0.0000	0.0000	0.0000	0.0000	0.0000	0.0000	0.0000	0.0000	0.0000	0.0000	0.0000	0.0000											
58	135	0.6698	9	1	0	2	1	0	0	0	0	N	N	Y	N	N	N	N	N	N	N	N	N	0.0000	0.0000	0.0000	0.0000	0.0000	0.0000	0.0000	0.0000	0.0000	0.0000	0.0000	0.0000	0.0000	0.0000	0.0000	0.0000	0.0000	0.0000	0.0000	0.0000	0.0000	2.0025	1.0000	0.9943	0.0000	0.0000	0.0000	0.0000	0.0000	0.0000	0.0000	0.0000	0.0000	0.0000	0.0000	0.0000	0.0000	0.0000	0.0000	0.0000	0.0000	0.0000	0.0000	0.0000	0.0000	0.0000	0.0000	0.0000	0.0000	0.0000	0.0000	0.0019	0.0011	0.0007	0.0010	0.0009	0.0001	0.0008	0.0002	0.0006	0.0000	0.0000	0.0000	0.0000	0.0000	0.0000	0.0000	0.0000	0.0000	0.0000	0.0000	0.0000	0.0000	0.0000	0.0000	0.0000	0.0000	0.0000											
58	136	0.6698	8	1	0	1	1	0	0	0	0	N	N	N	N	N	N	N	N	N	N	N	N	0.0000	0.0000	0.0000	0.0000	0.0000	0.0000	0.0000	0.0000	0.0000	0.0000	0.0000	0.0000	0.0000	0.0000	0.0000	0.0000	0.0000	0.0000	0.0000	0.0000	0.0000	0.0050	1.0000	0.0173	0.0000	0.0000	0.0000	0.0000	0.0000	0.0000	0.0000	0.0000	0.0000	0.0000	0.0000	0.0000	0.0000	0.0000	0.0000	0.0000	0.0000	0.0000	0.0000	0.0000	0.0000	0.0000	0.0000	0.0000	0.0000	0.0000	0.0000	0.0000	0.0000	0.0000	0.0000	0.0000	0.0000	0.0000	0.0000	0.0000	0.0000	0.0000	0.0000	0.0000	0.0000	0.0000	0.0000	0.0000	0.0000	0.0000	0.0000	0.0000	0.0000	0.0000	0.0000	0.0000	0.0000	0.0000											
58	137	0.6601	7	1	0	1	1	0	0	0	0	N	N	N	N	N	N	N	N	N	N	N	N	0.0000	0.0000	0.0000	0.0000	0.0000	0.0000	0.0000	0.0000	0.0000	0.0000	0.0000	0.0000	0.0000	0.0000	0.0000	0.0000	0.0000	0.0000	0.0000	0.0000	0.0000	1.9972	1.0000	1.0076	0.0000	0.0000	0.0000	0.0000	0.0000	0.0000	0.0000	0.0000	0.0000	0.0000	0.0000	0.0000	0.0000	0.0000	0.0000	0.0000	0.0000	0.0000	0.0000	0.0000	0.0000	0.0000	0.0000	0.0000	0.0000	0.0000	0.0000	0.0016	0.0010	0.0006	0.0010	0.0009	0.0001	0.0006	0.0001	0.0004	0.0000	0.0000	0.0000	0.0000	0.0000	0.0000	0.0000	0.0000	0.0000	0.0000	0.0000	0.0000	0.0000	0.0000	0.0000	0.0000	0.0000	0.0000											
58	138	0.6429	6	2	1	1	0	0	0	0	0	Y	N	N	N	N	N	N	N	N	N	N	N	0.0000	0.0000	0.0000	0.0000	0.0000	0.0000	0.0000	0.0000	0.0000	0.0000	0.0000	0.0000	0.0000	0.0000	0.0000	0.0000	0.0000	0.0000	0.0000	0.0000	0.0000	0.0002	1.0000	2.3255	0.0000	0.0000	0.0000	0.0000	0.0000	0.0000	0.0000	0.0000	0.0000	0.0000	0.0000	0.0000	0.0000	0.0000	0.0000	0.0000	0.0000	0.0000	0.0000	0.0000	0.0000	0.0000	0.0000	0.0000	0.0000	0.0000	0.0000	0.0020	0.0012	0.0008	0.0009	0.0008	0.0001	0.0010	0.0004	0.0007	0.0000	0.0000	0.0000	0.0000	0.0000	0.0000	0.0000	0.0000	0.0000	0.0000	0.0000	0.0000	0.0000	0.0000	0.0000	0.0000	0.0000	0.0000											
58	139	0.6250	5	2	1	1	0	0	0	0	0	Y	N	N	N	N	N	N	N	N	N	N	N	0.0000	0.0000	0.0000	0.0000	0.0000	0.0000	0.0000	0.0000	0.0000	0.0000	0.0000	0.0000	0.0000	0.0000	0.0000	0.0000	0.0000	0.0000	0.0000	0.0000	0.0000	2.0138	1.0000	2.7349	0.0000	0.0000	0.0000	0.0000	0.0000	0.0000	0.0000	0.0000	0.0000	0.0000	0.0000	0.0000	0.0000	0.0000	0.0000	0.0000	0.0000	0.0000	0.0000	0.0000	0.0000	0.0000	0.0000	0.0000	0.0000	0.0000	0.0000	0.0056	0.0032	0.0024	0.0026	0.0023	0.0002	0.0030	0.0009	0.0022	0.0000	0.0000	0.0000	0.0000	0.0000	0.0000	0.0000	0.0000	0.0000	0.0000	0.0000	0.0000	0.0000	0.0000	0.0000	0.0000	0.0000	0.0000											
58	140	0.6415	6	1	1	1	0	0	0	0	0	N	N	N	N	N	N	N	N	N	N	N	N	0.0000	0.0000	0.0000	0.0000	0.0000	0.0000	0.0000	0.0000	0.0000	0.0000	0.0000	0.0000	0.0000	0.0000	0.0000	0.0000	0.0000	0.0000	0.0000	0.0000	0.0000	1.9232	1.0000	1.1116	0.0000	0.0000	0.0000	0.0000	0.0000	0.0000	0.0000	0.0000	0.0000	0.0000	0.0000	0.0000	0.0000	0.0000	0.0000	0.0000	0.0000	0.0000	0.0000	0.0000	0.0000	0.0000	0.0000	0.0000	0.0000	0.0000	0.0000	0.0018	0.0011	0.0007	0.0011	0.0009	0.0001	0.0007	0.0002	0.0005	0.0000	0.0000	0.0000	0.0000	0.0000	0.0000	0.0000	0.0000	0.0000	0.0000	0.0000	0.0000	0.0000	0.0000	0.0000	0.0000	0.0000	0.0000											
58	141	0.0377	2	1	1	1	0	0	0	0	0	N	N	N	N	N	N	N	N	N	N	N	N	0.0000	0.0000	0.0000	0.0000	0.0000	0.0000	0.0000	0.0000	0.0000	0.0000	0.0000	0.0000	0.0000	0.0000	0.0000	0.0000	0.0000	0.0000	0.0000	0.0000	0.0000	3.0000	1.0000	1.0000	0.0000	0.0000	0.0000	0.0000	0.0000	0.0000	0.0000	0.0000	0.0000	0.0000	0.0000	0.0000	0.0000	0.0000	0.0000	0.0000	0.0000	0.0000	0.0000	0.0000	0.0000	0.0000	0.0000	0.0000	0.0000	0.0000	0.0000	0.0173	0.0075	0.0098	0.0000	0.0000	0.0000	0.0173	0.0075	0.0098	0.0000	0.0000	0.0000	0.0000	0.0000	0.0000	0.0000	0.0000	0.0000	0.0000	0.0000	0.0000	0.0000	0.0000	0.0000	0.0000	0.0000	0.0000											
58	145	0.6601	8	2	1	1	0	0	0	0	0	Y	N	N	N	N	N	N	N	N	N	N	N	0.0000	0.0000	0.0000	0.0000	0.0000	0.0000	0.0000	0.0000	0.0000	0.0000	0.0000	0.0000	0.0000	0.0000	0.0000	0.0000	0.0000	0.0000	0.0000	0.0000	0.0000	1.0000	1.0000	1.0000	0.0000	0.0000	0.0000	0.0000	0.0000	0.0000	0.0000	0.0000	0.0000	0.0000	0.0000	0.0000	0.0000	0.0000	0.0000	0.0000	0.0000	0.0000	0.0000	0.0000	0.0000	0.0000	0.0000	0.0000	0.0000	0.0000	0.0000	0.0011	0.0007	0.0004	0.0007	0.0006	0.0001	0.0004	0.0001	0.0003	0.0000	0.0000	0.0000	0.0000	0.0000	0.0000	0.0000	0.0000	0.0000	0.0000	0.0000	0.0000	0.0000	0.0000	0.0000	0.0000	0.0000	0.0000											
58	146	0.6601	7	1	1	1	0	0	0	0	0	N	N	N	N	N	N	N	N	N	N	N	N	0.0000	0.0000	0.0000	0.0000	0.0000	0.0000	0.0000	0.0000	0.0000	0.0000	0.0000	0.0000	0.0000	0.0000	0.0000	0.0000	0.0000	0.0000	0.0000	0.0000	0.0000	0.0003	1.0000	0.0000	0.0000	0.0000	0.0000	0.0000	0.0000	0.0000	0.0000	0.0000	0.0000	0.0000	0.0000	0.0000	0.0000	0.0000	0.0000	0.0000	0.0000	0.0000	0.0000	0.0000	0.0000	0.0000	0.0000	0.0000	0.0000	0.0000	0.0000	0.0000	0.0000	0.0000	0.0000	0.0000	0.0000	0.0000	0.0000	0.0000	0.0000	0.0000	0.0000	0.0000	0.0000	0.0000	0.0000	0.0000	0.0000	0.0000	0.0000	0.0000	0.0000	0.0000	0.0000	0.0000	0.0000	0.0000											
58	147	0.6415	6	1	0	1	0	0	0	0	0	N	N	N	N	N	N	N	N	N	N	N	N	0.0000	0.0000	0.0000	0.0000	0.0000	0.0000	0.0000	0.0000	0.0000	0.0000	0.0000	0.0000	0.0000	0.0000	0.0000	0.0000	0.0000	0.0000	0.0000	0.0000	0.0000	4.9449	1.0000	1.0063	0.0000	0.0000	0.0000	0.0000	0.0000	0.0000	0.0000	0.0000	0.0000	0.0000	0.0000	0.0000	0.0000	0.0000	0.0000	0.0000	0.0000	0.0000	0.0000	0.0000	0.0000	0.0000	0.0000	0.0000	0.0000	0.0000	0.0000	0.0033	0.0021	0.0012	0.0020	0.0017	0.0003	0.0013	0.0003	0.0009	0.0000	0.0000	0.0000	0.0000	0.0000	0.0000	0.0000	0.0000	0.0000	0.0000	0.0000	0.0000	0.0000	0.0000	0.0000	0.0000	0.0000	0.0000											
58	148	0.6250	5	1	0	1	0	0	0	0	0	N	N	N	N	N	N	N	N	N	N	N	N	0.0000	0.0000	0.0000	0.0000	0.0000	0.0000	0.0000	0.0000	0.0000	0.0000	0.0000	0.0000	0.0000	0.0000	0.0000	0.0000	0.0000	0.0000	0.0000	0.0000	0.0000	3.4778	1.0000	1.2917	0.0000	0.0000	0.0000	0.0000	0.0000	0.0000	0.0000	0.0000	0.0000	0.0000	0.0000	0.0000	0.0000	0.0000	0.0000	0.0000	0.0000	0.0000	0.0000	0.0000	0.0000	0.0000	0.0000	0.0000	0.0000	0.0000	0.0000	0.0056	0.0032	0.0024	0.0026	0.0023	0.0002	0.0030	0.0009	0.0022	0.0000	0.0000	0.0000	0.0000	0.0000	0.0000	0.0000	0.0000	0.0000	0.0000	0.0000	0.0000	0.0000	0.0000	0.0000	0.0000	0.0000	0.0000											
58	149	0.5746	4	1	0	1	0	0	0	0	0	N	N	N	N	N	N	N	N	N	N	N	N	0.0000	0.0000	0.0000	0.0000	0.0000	0.0000	0.0000	0.0000	0.0000	0.0000	0.0000	0.0000	0.0000	0.0000	0.0000	0.0000	0.0000	0.0000	0.0000	0.0000	0.0000	7.8050	1.0000	4.0035	0.0000	0.0000	0.0000	0.0000	0.0000	0.0000	0.0000	0.0000	0.0000	0.0000	0.0000	0.0000	0.0000	0.0000	0.0000	0.0000	0.0000	0.0000	0.0000	0.0000	0.0000	0.0000	0.0000	0.0000	0.0000	0.0000	0.0000	0.0108	0.0053	0.0055	0.0035	0.0030	0.0005	0.0073	0.0024	0.0049	0.0000	0.0000	0.0000	0.0000	0.0000	0.0000	0.0000	0.0000	0.0000	0.0000	0.0000	0.0000	0.0000	0.0000	0.0000	0.0000	0.0000	0.0000											
58	150	0.4800	4	1	0	1	0	0	0	0	0	N	N	N	N	N	N	N	N	N	N	N	N	0.0000	0.0000	0.0000	0.0000	0.0000	0.0000	0.0000	0.0000	0.0000	0.0000	0.0000	0.0000	0.0000	1.8658	2.6635	0.0000	4.1436	4.2709	0.0000	0.0000	0.0000	0.0000	0.0000	0.0000	-0.0043	0.0000	3.7255	1.0000	14.1767	0.0000	0.0000	0.0000	0.0000	0.0000	0.0000	0.0000	0.0000	0.0000	0.0082	0.0082	0.0000	0.0082	0.0082	0.0000	0.0000	0.0000	0.0000	0.0000	0.0000	0.0000	0.0000	0.0000	0.0000	0.0000	0.0000	0.0000	0.0191	0.0103	0.0087	0.0070	0.0061	0.0009	0.0121	0.0042	0.0079	0.0000	0.0000	0.0000	0.0000	0.0000	0.0000	0.0000	0.0000	0.0000	0.4280	0.7910	0.0000	1.1662	1.3295	0.0000	0.0000	0.0000	0.0000						
58	151	0.4637	3	1	0	1	0	0	0	0	0	N	N	N	N	N	N	N	N	N	N	N	N	0.0000	0.0000	0.0000	0.0000	0.0000	0.0000	0.0000	0.0000	0.0000	0.0000	0.0000	0.0000	0.0000	0.0000	0.0000	0.0000	2.1390	1.4129	9.4833	1.3710	1.4065	0.0000	2.6153	0.0000	7.5545	18.6898	0.0000	0.0037	0.0000	1.4205	1.0000	4.0377	0.0000	0.0000	0.0000	0.0000	0.0000	0.0000	0.0000	0.0000	0.0000	0.0086	0.0004	0.0082	0.0004	0.0004	0.0000	0.0082	0.0000	0.0082	0.0000	0.0000	0.0000	0.0000	0.0000	0.0000	0.0000	0.0000	0.0000	0.0109	0.0064	0.0045	0.0045	0.0041	0.0003	0.0064	0.0023	0.0042	0.0000	0.0000	0.0000	0.0000	0.0000	0.0000	0.0000	0.0000	0.0000	0.7882	0.0680	1.8192	0.0977	0.1056	0.0000	1.2673	0.0000	1.9650			
59	61	0.7071	10	0	0	2	0	0	0	0	0	N	N	Y	N	N	N	N	N	N	N	N	N	0.0055	0.0000	0.1257	0.0238	0.0000	0.1936	0.0096	0.0000	0.2412	0.0045	0.0000	0.0445	0.0033	0.0000	0.0503	0.0075	0.0000	0.0399	0.8310	0.0415	0.3542	0.1365	0.0123	0.2597	0.7764	0.0519	0.1655	inf	10.8804	0.0000	0.0004	0.0006	1.0901	1.1867	7.9319	0.0000	0.0000	0.0000	0.0000	0.0000	0.0000	0.0000	0.0000	0.0000	0.0009	0.0001	0.0009	0.0002	0.0001	0.0002	0.0007	0.0000	0.0007	0.0001	0.0001	0.0000	0.0000	0.0000	0.0000	0.0000	0.0000	0.0000	0.0320	0.0232	0.0088	0.0207	0.0187	0.0021	0.0113	0.0046	0.0067	0.1529	0.0000	0.4489	0.2827	0.0000	0.6136	0.1189	0.0000	0.3824	0.0297	0.0034	0.0991	0.0115	0.0037	0.0819	0.0630	0.0022	0.1044
59	62	0.6770	9	0	0	1	0	0	0	0	0	N	N	N	N	N	N	N	N	N	N	N	N	0.8410	0.0021	482.8364	1.7324	0.0118	119.0494	39.6276	0.0000	1187.5782	0.3360	0.0011	1.3832	0.2651	0.0014	1.9710	0.4595	0.0000	1.0655	0.3995	0.5025	0.0029	0.1530	0.1230	0.0166	0.0116	0.1454	0.0009	420.9942	0.0956	0.0000	-0.0001	0.0006	1.6797	1.1867	2.9843	0.0001	0.0000	0.0001	0.0000	0.0000	0.0000	0.0000	0.0000	0.0000	0.0001	0.0001	0.0000	0.0001	0.0001	0.0000	0.0000	0.0000	0.0000	0.0002	0.0001	0.0000	0.0001	0.0001	0.0000	0.0001	0.0000	0.0000	0.0156	0.0115	0.0041	0.0104	0.0094	0.0010	0.0052	0.0021	0.0031	38.9244	0.0983	482.8364	22.2909	0.1186	220.0580	212.8357	0.0000	1187.5782	0.0086	0.0107	0.0029	0.0119	0.0122	0.0090	0.0022	0.0040	0.0009
59	63	0.6669	8	0	0	1	0	0	0	0	0	N	N	N	N	N	N	N	N	N	N	N	N	1404.8166	694.5661	6974.6177	835.9614	705.5705	18136.9403	2388.8796	1.2688	4587.0568	0.3626	0.2630	0.6065	0.4411	0.3551	0.9080	0.2331	0.0004	0.4554	0.0003	0.0004	0.0001	0.0005	0.0005	0.0001	0.0001	0.0003	0.0001	0.9415	0.3223	0.0000	-0.0000	0.0006	0.4935	1.1867	1.5835	0.0000	0.0000	0.0000	0.0000	0.0000	0.0000	0.0000	0.0000	0.0000	0.0000	0.0000	0.0000	0.0000	0.0000	0.0000	0.0000	0.0000	0.0000	0.0001	0.0001	0.0000	0.0001	0.0001	0.0000	0.0001	0.0000	0.0000	0.0070	0.0052	0.0018	0.0047	0.0043	0.0005	0.0023	0.0009	0.0014	3861.5872	2728.9516	6974.6177	4010.3119	3048.5934	18136.9403	3842.7997	283.1826	4587.0568	0.0001	0.0001	0.0001	0.0001	0.0001	0.0001	0.0001	0.0000	0.0001
59	64	0.7038	10	0	1	1	0	0	0	0	0	N	N	N	N	N	N	N	N	N	N	N	N	0.0009	0.0008	0.0000	0.0020	0.0022	0.0000	0.0000	0.0000	0.0000	0.0007	0.0008	0.0000	0.0009	0.0010	0.0000	0.0000	0.0000	0.0000	0.7573	1.0169	0.0000	0.4382	0.4492	0.0000	0.2205	1.8427	0.0000	0.0000	0.0002	-0.0000	-0.0001	0.0006	0.2944	1.1867	1.0083	0.0000	0.0000	0.0000	0.0000	0.0000	0.0000	0.0000	0.0000	0.0000	0.0001	0.0001	0.0000	0.0001	0.0001	0.0000	0.0000	0.0000	0.0000	0.0000	0.0000	0.0000	0.0000	0.0000	0.0000	0.0000	0.0000	0.0000	0.0044	0.0032	0.0011	0.0030	0.0027	0.0003	0.0014	0.0005	0.0008	0.0304	0.0262	0.0000	0.0326	0.0335	0.0000	0.0000	0.0000	0.0000	0.0228	0.0307	0.0000	0.0267	0.0296	0.0000	0.0144	0.0363	0.0000
59	65	0.6831	9	0	0	1	0	0	0	0	0	N	N	N	N	N	N	N	N	N	N	N	N	0.6344	0.6234	2.1101	2.4233	0.0000	0.0000	0.2714	0.3680	0.0000	0.4323	0.5046	0.0000	0.0000	0.0000	0.0000	0.4278	0.5903	0.0000	0.2049	0.2082	0.0000	0.0000	0.0005	0.0000	0.0000	0.0000	-0.0000	-0.0001	0.0006	1.1351	1.1867	2.0429	0.0000	0.0000	0.0000	0.0000	0.0000	0.0000	0.0000	0.0000	0.0000	0.0001	0.0001	0.0000	0.0001	0.0001	0.0000	0.0000	0.0000	0.0000	0.0002	0.0001	0.0000	0.0001	0.0001	0.0000	0.0001	0.0000	0.0000	0.0107	0.0079	0.0028	0.0072	0.0065	0.0007	0.0035	0.0014	0.0021	28.9436	28.9638	0.0000	30.9929	32.6699	0.0000	0.0000	0.0000	0.0000	0.0094	0.0127	0.0000	0.0139	0.0154	0.0000	0.0000	0.0000	0.0000			
59	66	0.6669	8	0	0	1	0	0	0	0	0	N	N	N	N	N	N	N	N	N	N	N	N	2.4868	1.4328	1493.0134	12.0160	9.8811	772.8450	1364.4721	0.7027	2072.3026	0.3644	0.2567	0.6280	0.4389	0.3465	0.9403	0.2415	0.0004	0.4715	0.1465	0.1791	0.0004	0.0365	0.0351	0.0012	0.0002	0.0006	0.0002	0.9995	0.0270	0.0000	-0.0000	0.0006	0.4912	1.1867	2.4266	0.0000	0.0000	0.0000	0.0000	0.0000	0.0000	0.0000	0.0000	0.0000	0.0000	0.0000	0.0000	0.0000	0.0000	0.0000	0.0000	0.0000	0.0000	0.0001	0.0001	0.0000	0.0001	0.0001	0.0000	0.0001	0.0000	0.0000	0.0097	0.0072	0.0026	0.0066	0.0059	0.0006	0.0032	0.0013	0.0019	86.6253	46.1853	1493.0134	71.1520	51.4927	942.9683	1726.4745	81.0017	2072.3026	0.0042	0.0056	0.0004	0.0062	0.0067	0.0010	0.0001	0.0000	0.0002
59	67	0.6617	7	0	0	1	0	0	0	0	0	N	N	N	N	N	N	N	N	N	N	N	N	338.9277	915.9117	463.7228	338.2459	762.5271	126.4104	1274.4216	inf	1469.4389	0.3214	0.2689	0.5385	0.3350	0.2961	0.6662	0.2806	0.1326	0.4515	0.0009	0.0003	0.0012	0.0010	0.0004	0.0053	0.0002	0.0000	0.0003	0.4850	8.2689	0.0000	0.0000	0.0006	0.6141	1.1867	1.2701	0.0001	0.0001	0.0000	0.0001	0.0000	0.0000	0.0000	0.0000	0.0000	0.0000	0.0000	0.0000	0.0000	0.0000	0.0000	0.0000	0.0000	0.0000	0.0002	0.0002	0.0000	0.0002	0.0002	0.0000	0.0001	0.0000	0.0000	0.0065	0.0048	0.0017	0.0044	0.0039	0.0004	0.0021	0.0009	0.0013	938.2521	5359.8214	463.7228	797.5319	4850.4752	175.9504	1515.7436	inf	1469.4389	0.0003	0.0001	0.0012	0.0004	0.0001	0.0038	0.0002	0.0000	0.0003
59	68	0.6291	6	1	1	2	0	0	0	0	0	N	N	Y	N	N	N	N	N	N	N	N	N	0.0000	0.0000	0.0000	0.0000	0.0000	0.0000	0.0000	0.0000	0.0000	0.0000	0.0000	0.0000	0.0000	0.0000	0.0000	0.0000	0.0000	0.0000	0.0000	0.0000	0.0006	0.0000	1.1867	0.0000	0.0000	0.0000	0.0000	0.0000	0.0000	0.0000	0.0000	0.0000	0.0000	0.0000	0.0000	0.0000	0.0000	0.0000	0.0000	0.0000	0.0000	0.0000	0.0000	0.0000	0.0000	0.0000	0.0000	0.0000	0.0000	0.0000	0.0000	0.0000	0.0000	0.0000	0.0000	0.0000	0.0000	0.0000	0.0000	0.0000	0.0000	0.0000	0.0000	0.0000	0.0000	0.0000	0.0000	0.0000	0.0000	0.0000	0.0000	0.0000	0.0000	0.0000	0.0000	0.0000	0.0000	0.0000											
59	69	0.1595	6	1	1	2	0	0	0	0	0	N	N	Y	N	N	N	N	N	N	N	N	N	0.0000	0.0000	0.0000	0.0000	0.0000	0.0000	0.0000	0.0000	0.0000	0.0000	0.0000	0.0000	0.0000	0.0000	0.0000	0.0000	0.0000	0.0000	0.0000	0.0000	0.0006	1.0000	1.1867	0.0000	0.0000	0.0000	0.0000	0.0000	0.0000	0.0000	0.0000	0.0000	0.0000	0.0000	0.0000	0.0000	0.0000	0.0000	0.0000	0.0000	0.0000	0.0000	0.0000	0.0000	0.0000	0.0000	0.0000	0.0000	0.0000	0.0000	0.0000	0.0026	0.0015	0.0011	0.0005	0.0005	0.0000	0.0022	0.0011	0.0011	0.0000	0.0000	0.0000	0.0000	0.0000	0.0000	0.0000	0.0000	0.0000	0.0000	0.0000	0.0000	0.0000	0.0000	0.0000	0.0000	0.0000	0.0000											
59	70	0.1595	6	1	1	2	0	0	0	0	0	N	N	Y	N	N	N	N	N	N	N	N	N	0.0000	0.0000	0.0000	0.0000	0.0000	0.0000	0.0000	0.0000	0.0000	0.0000	0.0000	0.0000	0.0000	0.0000	0.0000	0.0000	0.0000	0.0000	0.0000	0.0000	0.0006	0.0000	1.1867	0.0000	0.0000	0.0000	0.0000	0.0000	0.0000	0.0000	0.0000	0.0000	0.0000	0.0000	0.0000	0.0000	0.0000	0.0000	0.0000	0.0000	0.0000	0.0000	0.0000	0.0000	0.0000	0.0000	0.0000	0.0000	0.0000	0.0000	0.0000	0.0000	0.0000	0.0000	0.0000	0.0000	0.0000	0.0000	0.0000	0.0000	0.0000	0.0000	0.0000	0.0000	0.0000	0.0000	0.0000	0.0000	0.0000	0.0000	0.0000	0.0000	0.0000	0.0000	0.0000	0.0000	0.0000	0.0000											
59	71	0.1372	5	1	1	2	0	0	0	0	0	N	N	Y	N	N	N	N	N	N	N	N	N	0.0000	0.0000	0.0000	0.0000	0.0000	0.0000	0.0000	0.0000	0.0000	0.0000	0.0000	0.0000	0.0000	0.0000	0.0000	0.0000	0.0000	0.0000	0.0000	0.0000	0.0006	2.0000	1.1867	1.0000	0.0000	0.0000	0.0000	0.0000	0.0000	0.0000	0.0000	0.0000	0.0000	0.0000	0.0000	0.0000	0.0000	0.0000	0.0000	0.0000	0.0000	0.0000	0.0001	0.0001	0.0000	0.0001	0.0001	0.0000	0.0000	0.0000	0.0000	0.0085	0.0051	0.0034	0.0021	0.0020	0.0002	0.0063	0.0031	0.0033	0.0000	0.0000	0.0000	0.0000	0.0000	0.0000	0.0000	0.0000	0.0000	0.0000	0.0000	0.0000	0.0000	0.0000	0.0000	0.0000	0.0000	0.0000											
59	72	0.1142	4	1	0	2	0	0	0	0	0	N	N	Y	N	N	N	N	N	N	N	N	N	0.0000	0.0000	0.0000	0.0000	0.0000	0.0000	0.0000	0.0000	0.0000	0.0000	0.0000	0.0000	0.0000	0.0000	0.0000	0.0000	0.0000	0.0000	0.0000	0.0000	0.0006	1.0017	1.1867	2.0007	0.0000	0.0000	0.0000	0.0000	0.0000	0.0000	0.0000	0.0000	0.0000	0.0000	0.0000	0.0000	0.0000	0.0000	0.0000	0.0000	0.0000	0.0000	0.0001	0.0000	0.0000	0.0000	0.0000	0.0000	0.0000	0.0000	0.0000	0.0119	0.0083	0.0036	0.0034	0.0033	0.0001	0.0085	0.0050	0.0035	0.0000	0.0000	0.0000	0.0000	0.0000	0.0000	0.0000	0.0000	0.0000	0.0000	0.0000	0.0000	0.0000	0.0000	0.0000	0.0000	0.0000	0.0000											
59	73	0.6483	7	1	1	1	0	0	0	0	0	N	N	N	N	N	N	N	N	N	N	N	N	inf	inf	inf	inf	0.2211	0.4036	0.0000	0.4308	0.4036	0.0000	0.0000	0.0000	0.0000	0.0000	0.0000	0.0000	0.0000	0.0000	0.0000	0.0000	0.0000	0.0000	0.0000	-0.0000	0.0000	0.0006	0.0000	1.1867	0.0000	0.0000	0.0000	0.0000	0.0000	0.0000	0.0000	0.0000	0.0000	0.0000	0.0000	0.0000	0.0000	0.0000	0.0000	0.0000	0.0000	0.0000	0.0000	0.0000	0.0000	0.0000	0.0000	0.0000	0.0000	0.0000	0.0000	0.0000	0.0000	0.0000	0.0000	0.0000	0.0000	0.0000	0.0000	0.0000	0.0000	inf	inf	0.0000	inf	inf	0.0000	0.0000	0.0000	0.0000	0.0000	0.0000	0.0000	0.0000	0.0000	0.0000	0.0000	0.0000	0.0000						
59	74	0.1412	5	1	1	1	0	0	0	0	0	N	N	N	N	N	N	N	N	N	N	N	N	0.0000	0.0000	0.0000	0.0000	0.0000	0.0000	0.0000	0.0000	0.0000	0.0000	0.0000	0.0000	0.0000	0.0001	0.0002	0.0000	0.0003	0.0002	0.0000	0.0000	0.0000	0.0000	0.0000	0.0000	-0.0000	0.0006	0.0000	1.1867	0.0010	0.0000	0.0000	0.0000	0.0000	0.0000	0.0000	0.0000	0.0000	0.0000	0.0000	0.0000	0.0000	0.0000	0.0000	0.0000	0.0000	0.0000	0.0000	0.0000	0.0000	0.0000	0.0000	0.0000	0.0000	0.0000	0.0000	0.0000	0.0010	0.0008	0.0002	0.0005	0.0005	0.0000	0.0005	0.0003	0.0002	0.0000	0.0000	0.0000	0.0000	0.0000	0.0000	0.0000	0.0000	0.0000	0.0000	0.0000	0.0000	0.0000	0.0000	0.0000	0.0000	0.0000	0.0000						
59	75	0.0700	5	0	1	1	1	0	0	0	0	N	N	N	N	N	N	N	N	N	N	N	N	0.0000	0.0000	0.0000	0.0000	0.0000	0.0000	0.0000	0.0000	0.0000	0.0000	0.0000	0.0000	0.0000	0.0000	0.0000	0.0000	0.0000	0.0000	0.0000	0.0000	0.0006	0.0000	1.1867	0.0000	0.0000	0.0000	0.0000	0.0000	0.0000	0.0000	0.0000	0.0000	0.0000	0.0000	0.0000	0.0000	0.0000	0.0000	0.0000	0.0000	0.0000	0.0000	0.0000	0.0000	0.0000	0.0000	0.0000	0.0000	0.0000	0.0000	0.0000	0.0000	0.0000	0.0000	0.0000	0.0000	0.0000	0.0000	0.0000	0.0000	0.0000	0.0000	0.0000	0.0000	0.0000	0.0000	0.0000	0.0000	0.0000	0.0000	0.0000	0.0000	0.0000	0.0000	0.0000	0.0000	0.0000	0.0000											
59	76	0.0700	5	0	0	1	1	0	0	0	0	N	N	N	N	N	N	N	N	N	N	N	N	0.0000	0.0000	0.0000	0.0000	0.0000	0.0000	0.0000	0.0000	0.0000	0.0000	0.0000	0.0000	0.0000	0.0000	0.0000	0.0000	0.0000	0.0000	0.0000	0.0000	0.0006	0.0000	1.1867	0.0000	0.0000	0.0000	0.0000	0.0000	0.0000	0.0000	0.0000	0.0000	0.0000	0.0000	0.0000	0.0000	0.0000	0.0000	0.0000	0.0000	0.0000	0.0000	0.0000	0.0000	0.0000	0.0000	0.0000	0.0000	0.0000	0.0000	0.0000	0.0000	0.0000	0.0000	0.0000	0.0000	0.0000	0.0000	0.0000	0.0000	0.0000	0.0000	0.0000	0.0000	0.0000	0.0000	0.0000	0.0000	0.0000	0.0000	0.0000	0.0000	0.0000	0.0000	0.0000	0.0000	0.0000	0.0000											
59	77	0.0547	4	0	0	1	1	0	0	0	0	N	N	N	N	N	N	N	N	N	N	N	N	0.0746	0.0000	0.0558	0.2747	0.0000	0.0295	0.0627	0.0000	0.0464	0.1754	0.0000	0.5831	0.1636	0.0000	1.0000	0.1888	0.0000	0.4138	2.3500	0.0668	10.4507	0.5955	0.0191	33.8947	3.0109	0.0030	8.9227	inf	496.2834	0.0000	0.0549	0.0006	0.0002	1.1867	2.9297	0.0000	0.0000	0.0000	0.0000	0.0000	0.0000	0.0000	0.0000	0.0000	0.1153	0.0002	0.1151	0.0017	0.0002	0.0015	0.1136	0.0000	0.1136	0.0000	0.0000	0.0000	0.0000	0.0000	0.0000	0.0000	0.0000	0.0000	0.1072	0.0578	0.0494	0.0474	0.0469	0.0006	0.0598	0.0109	0.0488	0.1631	0.0000	0.2503	4.4402	0.0000	0.3683	0.0994	0.0000	0.1780	1.0758	0.0040	2.3294	0.0368	0.0049	2.7155	1.9003	0.0001	2.3250
59	78	0.0506	3	0	0	1	1	0	0	0	0	N	N	N	N	N	N	N	N	N	N	N	N	0.1517	0.4553	0.0320	0.5695	3.8262	0.0000	0.0725	0.0000	0.0279	0.4024	0.3838	0.4362	0.6004	0.6005	0.0000	0.2640	0.0000	0.4362	2.6521	0.8430	13.6107	1.0544	0.1569	1.8422	3.6416	1.5926	15.6603	0.6286	135.3402	0.0000	0.0145	0.0006	0.0003	1.1867	2.1916	0.0000	0.0000	0.0000	0.0000	0.0000	0.0000	0.0000	0.0000	0.0000	0.0309	0.0002	0.0307	0.0004	0.0001	0.0004	0.0305	0.0001	0.0303	0.0000	0.0000	0.0000	0.0000	0.0000	0.0000	0.0000	0.0000	0.0000	0.0162	0.0107	0.0054	0.0065	0.0056	0.0009	0.0097	0.0051	0.0045	0.2105	18.1680	0.0773	8.8803	43.6706	0.0000	0.0838	0.0000	0.0654	1.9115	0.0211	5.6427	0.0676	0.0137	0.4062	3.1499	0.0292	6.6700
59	79	0.0428	2	0	0	1	0	0	0	0	0	N	N	N	N	N	N	N	N	N	N	N	N	0.7949	0.0001	21898.2012	0.0004	0.0001	inf	20520.3412	0.0000	17697.6176	0.3114	0.0000	0.6813	0.0001	0.0001	0.7133	0.5994	0.0000	0.6813	0.3917	0.5446	0.0000	0.3428	0.3633	0.0000	0.0000	0.0002	0.0000	12839.1997	0.0011	0.0000	-0.0001	0.0006	0.2782	1.1867	1.3600	0.0001	0.0000	0.0001	0.0000	0.0000	0.0000	0.0001	0.0000	0.0001	0.0001	0.0001	0.0000	0.0001	0.0001	0.0000	0.0000	0.0000	0.0000	0.0002	0.0001	0.0001	0.0001	0.0001	0.0000	0.0001	0.0000	0.0001	0.0121	0.0085	0.0036	0.0049	0.0042	0.0007	0.0072	0.0043	0.0029	37.8535	0.0038	21898.2012	0.0059	0.0021	inf	38411.1567	0.0000	17697.6176	0.0082	0.0117	0.0000	0.0204	0.0238	0.0000	0.0000	0.0000	0.0000
59	80	0.1468	6	0	1	2	0	0	0	0	0	N	N	Y	N	N	N	N	N	N	N	N	N	0.0151	inf	0.0000	0.0538	inf	0.0000	0.0156	0.0176	0.0000	0.0000	0.0000	0.0000	0.0480	0.0599	0.0000	1.0336	0.0000	0.6779	0.0000	0.0000	0.0000	0.8923	0.0000	0.3404	0.0000	inf	-0.0000	0.0002	0.0006	0.0029	1.1867	2.0135	0.0000	0.0000	0.0000	0.0000	0.0000	0.0000	0.0000	0.0000	0.0000	0.0005	0.0000	0.0005	0.0000	0.0000	0.0000	0.0005	0.0000	0.0005	0.0000	0.0000	0.0000	0.0000	0.0000	0.0000	0.0000	0.0000	0.0000	0.0086	0.0059	0.0028	0.0028	0.0027	0.0001	0.0059	0.0032	0.0027	0.2873	inf	0.0000	0.0000	0.0000	0.0000	0.6030	inf	0.0000	0.0542	0.0000	0.1681	0.0000	0.0000	0.0000	0.0796	0.0000	0.1734			
59	81	0.1402	5	0	1	1	0	0	0	0	0	N	N	N	N	N	N	N	N	N	N	N	N	0.3627	0.2806	0.0000	0.0070	0.0090	0.0000	1422.0220	2127.1247	0.0000	0.1499	0.1792	0.0000	0.0031	0.0038	0.0000	0.4908	0.5524	0.0000	0.4131	0.6388	0.0006	0.4484	0.4263	0.0002	0.0003	0.0003	0.0006	0.0000	0.0238	-0.0000	-0.0000	0.0006	0.6188	1.1867	0.9475	0.0000	0.0000	0.0000	0.0000	0.0000	0.0000	0.0000	0.0000	0.0000	0.0001	0.0001	0.0000	0.0001	0.0001	0.0000	0.0000	0.0000	0.0000	0.0001	0.0001	0.0000	0.0001	0.0000	0.0000	0.0000	0.0000	0.0000	0.0073	0.0048	0.0025	0.0024	0.0023	0.0001	0.0049	0.0025	0.0024	16.3308	13.2272	0.0000	0.1151	0.1376	0.0000	1556.5223	656089.4478	0.0000	0.0092	0.0135	0.0006	0.0272	0.0280	0.0002	0.0003	0.0000	0.0006
59	82	0.6515	7	0	1	2	0	0	0	0	0	N	N	Y	N	N	N	N	N	N	N	N	N	0.0000	0.0000	0.0000	0.0000	0.0000	0.0000	0.0000	0.0000	0.0000	0.0000	0.0000	0.0000	0.0000	0.0000	0.0000	0.0000	0.0000	0.0000	0.0000	0.0000	0.0006	0.0000	1.1867	1.0000	0.0000	0.0000	0.0000	0.0000	0.0000	0.0000	0.0000	0.0000	0.0000	0.0000	0.0000	0.0000	0.0000	0.0000	0.0000	0.0000	0.0000	0.0000	0.0000	0.0000	0.0000	0.0000	0.0000	0.0000	0.0000	0.0000	0.0000	0.0036	0.0026	0.0010	0.0024	0.0021	0.0002	0.0013	0.0005	0.0008	0.0000	0.0000	0.0000	0.0000	0.0000	0.0000	0.0000	0.0000	0.0000	0.0000	0.0000	0.0000	0.0000	0.0000	0.0000	0.0000	0.0000	0.0000											
59	83	0.1142	4	1	0	2	0	0	0	0	0	N	N	Y	N	N	N	N	N	N	N	N	N	0.0166	0.0129	0.0000	92.7259	118.9564	0.0000	0.0000	0.0000	0.3739	0.4151	0.0000	0.6693	0.7049	0.0000	0.0000	0.0000	0.0000	22.4855	32.0593	0.1210	0.0072	0.0059	0.0000	31.6308	53.3536	0.0443	0.0000	0.0005	-0.0000	-0.5179	0.0006	9.0001	1.1867	3.0001	0.0001	0.0001	0.0000	0.0001	0.0001	0.0000	0.0000	0.0000	0.0000	0.9932	0.9927	0.0005	0.0000	0.0000	0.0000	0.9931	0.9927	0.0005	0.0004	0.0003	0.0000	0.0002	0.0002	0.0000	0.0002	0.0001	0.0000	0.0442	0.0310	0.0132	0.0128	0.0124	0.0004	0.0314	0.0186	0.0128	0.0166	0.0129	0.0000	284.9370	290.3761	0.0000	0.0000	0.0000	0.0000	22.4855	32.0593	0.0356	0.0023	0.0024	0.0000	31.6308	53.3536	0.0367	
59	84	0.6291	6	1	0	2	0	0	0	0	0	N	N	Y	N	N	N	N	N	N	N	N	N	0.0000	0.0000	0.0000	0.0000	0.0000	0.0000	0.0000	0.0000	0.0000	0.0000	0.0000	0.0000	0.0000	0.0000	0.0000	0.0000	0.0000	0.0000	0.0000	0.0000	0.0006	4.0000	1.1867	0.0000	0.0000	0.0000	0.0000	0.0000	0.0000	0.0000	0.0000	0.0000	0.0000	0.0000	0.0000	0.0000	0.0000	0.0000	0.0000	0.0000	0.0000	0.0000	0.0001	0.0001	0.0000	0.0001	0.0001	0.0000	0.0001	0.0001	0.0000	0.0055	0.0032	0.0023	0.0021	0.0019	0.0003	0.0034	0.0013	0.0020	0.0000	0.0000	0.0000	0.0000	0.0000	0.0000	0.0000	0.0000	0.0000	0.0000	0.0000	0.0000	0.0000	0.0000	0.0000	0.0000	0.0000	0.0000											
59	85	0.6752	7	1	1	1	0	0	0	0	0	N	N	N	N	N	N	N	N	N	N	N	N	0.1888	0.1604	0.1127	1.2261	1.5038	0.0000	0.2305	0.0535	0.0000	0.0370	0.0425	0.0002	0.0670	0.0711	0.0000	0.0001	0.0001	0.0000	0.1960	0.2647	0.0015	0.0546	0.0473	0.0087	0.0003	0.0010	0.0004	0.0006	0.0853	-0.0000	-0.0000	0.0006	1.0086	1.1867	1.7435	0.0000	0.0000	0.0000	0.0000	0.0000	0.0000	0.0000	0.0000	0.0000	0.0001	0.0001	0.0000	0.0001	0.0001	0.0000	0.0000	0.0000	0.0000	0.0001	0.0001	0.0000	0.0000	0.0000	0.0000	0.0000	0.0000	0.0000	0.0112	0.0083	0.0029	0.0074	0.0067	0.0007	0.0038	0.0016	0.0023	7.2504	6.6754	0.1127	8.7748	9.0537	0.0000	0.2630	3.9604	0.0000	0.0051	0.0064	0.0015	0.0076	0.0079	0.0054	0.0002	0.0000	0.0004
59	86	0.6291	6	1	1	1	0	0	0	0	0	N	N	N	N	N	N	N	N	N	N	N	N	0.0030	0.0000	inf	0.0000	0.0000	inf	inf	0.0001	0.0000	0.0007	0.0000	0.0000	0.0000	0.0001	0.0000	0.0010	0.0187	0.0335	0.0000	0.0200	0.0221	0.0000	0.0000	0.0000	0.0000	inf	0.0000	0.0000	-0.0000	0.0006	1.0165	1.1867	4.1395	0.0000	0.0000	0.0000	0.0000	0.0000	0.0000	0.0000	0.0000	0.0000	0.0000	0.0000	0.0000	0.0000	0.0000	0.0000	0.0000	0.0000	0.0000	0.0000	0.0000	0.0000	0.0000	0.0000	0.0000	0.0000	0.0000	0.0000	0.0070	0.0041	0.0029	0.0027	0.0024	0.0003	0.0043	0.0017	0.0026	0.0305	0.0000	inf	0.0000	0.0000	0.0000	inf	0.0000	inf	0.0018	0.0031	0.0000	0.0047	0.0053	0.0000	0.0000	0.0000	0.0000		
59	87	0.0730	3	1	1	1	0	0	0	0	0	N	N	N	N	N	N	N	N	N	N	N	N	0.0000	0.0000	0.0000	0.0000	0.0000	0.0000	0.0000	0.0000	0.0000	0.0000	0.0000	0.0000	0.0000	0.0000	0.0296	0.0379	0.0000	0.0377	0.0395	0.0000	0.0000	0.0000	0.0000	0.0000	0.0000	-0.0001	0.0006	9.0005	1.1867	5.0000	0.0000	0.0000	0.0000	0.0000	0.0000	0.0000	0.0000	0.0000	0.0000	0.0002	0.0002	0.0000	0.0002	0.0002	0.0000	0.0000	0.0000	0.0000	0.0005	0.0005	0.0000	0.0002	0.0002	0.0000	0.0003	0.0003	0.0000	0.0735	0.0510	0.0225	0.0270	0.0231	0.0039	0.0465	0.0279	0.0186	0.0000	0.0000	0.0000	0.0000	0.0000	0.0000	0.0000	0.0000	0.0000	0.0023	0.0033	0.0000	0.0063	0.0074	0.0000	0.0000	0.0000	0.0000					
59	88	0.6515	7	0	1	1	0	0	0	0	0	N	N	N	N	N	N	N	N	N	N	N	N	0.0000	0.0000	0.0000	0.0000	0.0000	0.0000	0.0000	0.0000	0.0000	0.0000	0.0000	0.0000	0.0000	0.0000	0.0000	0.0000	0.0000	0.0000	0.0000	0.0000	0.0006	0.0000	1.1867	0.0000	0.0000	0.0000	0.0000	0.0000	0.0000	0.0000	0.0000	0.0000	0.0000	0.0000	0.0000	0.0000	0.0000	0.0000	0.0000	0.0000	0.0000	0.0000	0.0000	0.0000	0.0000	0.0000	0.0000	0.0000	0.0000	0.0000	0.0000	0.0000	0.0000	0.0000	0.0000	0.0000	0.0000	0.0000	0.0000	0.0000	0.0000	0.0000	0.0000	0.0000	0.0000	0.0000	0.0000	0.0000	0.0000	0.0000	0.0000	0.0000	0.0000	0.0000	0.0000	0.0000	0.0000	0.0000											
59	89	0.1402	5	0	1	1	0	0	0	0	0	N	N	N	N	N	N	N	N	N	N	N	N	0.0000	0.0000	0.0000	0.0000	0.0000	0.0000	0.0000	0.0000	0.0000	0.0000	0.0000	0.0000	0.0000	0.0000	0.0000	0.0000	0.0000	0.0196	0.0286	0.0000	0.0322	0.0284	0.0001	0.0000	0.0000	0.0000	0.0049	0.0000	-0.0000	0.0006	1.9953	1.1867	1.0817	0.0000	0.0000	0.0000	0.0000	0.0000	0.0000	0.0000	0.0000	0.0000	0.0000	0.0000	0.0000	0.0000	0.0000	0.0000	0.0000	0.0000	0.0000	0.0001	0.0001	0.0000	0.0001	0.0001	0.0000	0.0001	0.0000	0.0000	0.0136	0.0091	0.0045	0.0044	0.0042	0.0001	0.0092	0.0049	0.0044	0.0000	0.0000	0.0000	0.0000	0.0000	0.0000	0.0000	0.0000	0.0000	0.0019	0.0028	0.0000	0.0058	0.0060	0.0001	0.0000	0.0000	0.0000		
59	90	0.1142	4	0	1	1	0	0	0	0	0	N	N	N	N	N	N	N	N	N	N	N	N	0.1599	0.1362	2.6043	0.0001	0.0000	123.5524	77.9761	16.7230	2.2205	0.4125	0.4574	0.0035	0.0005	0.0003	0.0045	0.9710	1.1624	0.0031	2.5790	3.3574	0.0013	6.6001	6.3104	0.0000	0.0125	0.0695	0.0014	0.0008	0.0002	-0.0000	-0.0215	0.0006	2.3999	1.1867	4.0713	0.0000	0.0000	0.0000	0.0000	0.0000	0.0000	0.0000	0.0000	0.0000	0.0412	0.0412	0.0000	0.0411	0.0411	0.0000	0.0000	0.0000	0.0000	0.0001	0.0001	0.0000	0.0001	0.0001	0.0000	0.0000	0.0000	0.0000	0.0250	0.0174	0.0075	0.0072	0.0070	0.0002	0.0178	0.0105	0.0073	0.2499	0.1934	2.6043	0.0001	0.0000	123.5524	431.7411	407.4359	2.2205	1.6503	2.3649	0.0013	5.7288	5.9180	0.0000	0.0022	0.0029	0.0014
59	91	0.0749	3	0	0	2	0	0	0	0	0	N	N	Y	N	N	N	N	N	N	N	N	N	0.0000	0.0000	0.0000	0.0000	0.0000	0.0000	0.0000	0.0000	0.0000	0.0000	0.0000	0.0000	0.0000	0.0000	0.0000	0.0000	0.0000	0.0000	0.0000	0.0000	0.0006	0.0000	1.1867	0.0000	0.0000	0.0000	0.0000	0.0000	0.0000	0.0000	0.0000	0.0000	0.0000	0.0000	0.0000	0.0000	0.0000	0.0000	0.0000	0.0000	0.0000	0.0000	0.0000	0.0000	0.0000	0.0000	0.0000	0.0000	0.0000	0.0000	0.0000	0.0000	0.0000	0.0000	0.0000	0.0000	0.0000	0.0000	0.0000	0.0000	0.0000	0.0000	0.0000	0.0000	0.0000	0.0000	0.0000	0.0000	0.0000	0.0000	0.0000	0.0000	0.0000	0.0000	0.0000	0.0000	0.0000	0.0000											
59	92	0.0428	2	0	0	2	0	0	0	0	0	N	N	Y	N	N	N	N	N	N	N	N	N	1.0206	0.9321	inf	2.7681	2.6614	inf	inf	inf	0.4410	0.6056	0.0001	1.1736	1.1739	0.1636	0.0000	0.0000	0.0000	0.4320	0.6498	0.0000	0.4240	0.4411	0.0000	0.0000	0.0000	0.0000	0.0001	0.0000	-0.0000	-0.0002	0.0006	3.7221	1.1867	2.9993	0.0002	0.0002	0.0000	0.0002	0.0002	0.0000	0.0000	0.0000	0.0000	0.0004	0.0004	0.0000	0.0004	0.0004	0.0000	0.0000	0.0000	0.0000	0.0004	0.0003	0.0001	0.0001	0.0001	0.0000	0.0002	0.0001	0.0001	0.0413	0.0285	0.0128	0.0156	0.0133	0.0024	0.0257	0.0152	0.0105	46.7211	44.2237	inf	47.0736	39.9171	inf	inf	0.0000	inf	0.0094	0.0137	0.0000	0.0249	0.0294	0.0000	0.0000	0.0000	0.0000	
59	94	0.1305	5	1	1	1	0	0	0	0	0	N	N	N	N	N	N	N	N	N	N	N	N	8.4000	16.3130	228.2408	3.1873	18.3496	0.0000	55299.0312	132254.8080	0.1124	0.0414	0.7841	0.0650	0.0682	0.0000	0.1770	0.0000	1.0922	0.0134	0.0025	0.0034	0.0204	0.0037	0.2671	0.0000	0.0000	0.0000	1.9998	1.8900	0.0000	0.0000	0.0006	5.9980	1.1867	4.9575	0.0000	0.0000	0.0000	0.0000	0.0000	0.0000	0.0000	0.0000	0.0000	0.0001	0.0000	0.0000	0.0001	0.0000	0.0000	0.0000	0.0000	0.0000	0.0003	0.0002	0.0000	0.0002	0.0001	0.0000	0.0001	0.0001	0.0000	0.0395	0.0285	0.0110	0.0123	0.0118	0.0004	0.0273	0.0167	0.0106	76.8941	59.1104	228.2408	13.8054	40.3221	0.0000	55299.0312	0.0000	132254.8080	0.0015	0.0007	0.0034	0.0047	0.0017	0.0875	0.0000	0.0000	0.0000	
59	95	0.6515	7	1	1	1	0	0	0	0	0	N	N	N	N	N	N	N	N	N	N	N	N	0.0000	0.0000	0.0000	0.0000	0.0000	0.0000	0.0000	0.0000	0.0000	0.0000	0.0000	0.0000	0.0000	0.0000	0.0000	0.1443	0.1990	0.0000	0.0060	0.0055	0.0000	0.0838	1.3464	0.0000	0.0000	0.0000	-0.0000	0.0006	0.0000	1.1867	2.0000	0.0000	0.0000	0.0000	0.0000	0.0000	0.0000	0.0000	0.0000	0.0000	0.0000	0.0000	0.0000	0.0000	0.0000	0.0000	0.0000	0.0000	0.0000	0.0000	0.0000	0.0000	0.0000	0.0000	0.0000	0.0000	0.0000	0.0000	0.0072	0.0051	0.0020	0.0047	0.0042	0.0005	0.0025	0.0009	0.0015	0.0000	0.0000	0.0000	0.0000	0.0000	0.0000	0.0000	0.0000	0.0000	0.0042	0.0058	0.0000	0.0021	0.0024	0.0000	0.0080	0.0212	0.0000				
59	96	0.6291	6	0	1	1	0	0	0	0	0	N	N	N	N	N	N	N	N	N	N	N	N	0.0000	0.0000	0.0000	0.0000	0.0000	0.0000	0.0000	0.0000	0.0000	0.0000	0.0000	0.0000	0.0000	0.0000	0.0000	0.0000	0.0000	0.0000	0.0000	0.0000	0.0006	4.0000	1.1867	0.0000	0.0000	0.0000	0.0000	0.0000	0.0000	0.0000	0.0000	0.0000	0.0000	0.0000	0.0000	0.0000	0.0000	0.0000	0.0000	0.0000	0.0000	0.0000	0.0001	0.0001	0.0000	0.0001	0.0001	0.0000	0.0001	0.0001	0.0000	0.0055	0.0032	0.0023	0.0021	0.0019	0.0003	0.0034	0.0013	0.0020	0.0000	0.0000	0.0000	0.0000	0.0000	0.0000	0.0000	0.0000	0.0000	0.0000	0.0000	0.0000	0.0000	0.0000	0.0000	0.0000	0.0000	0.0000											
59	97	0.0730	3	0	0	1	0	0	0	0	0	N	N	N	N	N	N	N	N	N	N	N	N	0.0000	0.0000	0.0000	0.0000	0.0000	0.0000	0.0000	0.0000	0.0000	0.0000	0.0000	0.0000	0.0000	0.0000	0.1624	0.2858	0.0000	0.1524	0.1631	0.0000	0.0000	0.0000	0.0000	0.0000	0.0000	-0.0001	0.0006	3.9994	1.1867	4.0000	0.0000	0.0000	0.0000	0.0000	0.0000	0.0000	0.0000	0.0000	0.0000	0.0002	0.0002	0.0000	0.0002	0.0002	0.0000	0.0000	0.0000	0.0000	0.0003	0.0002	0.0000	0.0001	0.0001	0.0000	0.0002	0.0002	0.0000	0.0466	0.0323	0.0143	0.0178	0.0151	0.0027	0.0288	0.0172	0.0116	0.0000	0.0000	0.0000	0.0000	0.0000	0.0000	0.0000	0.0000	0.0000	0.0045	0.0065	0.0000	0.0118	0.0139	0.0000	0.0000	0.0000	0.0000					
59	98	0.6291	6	0	0	1	0	0	0	0	0	N	N	N	N	N	N	N	N	N	N	N	N	0.0000	0.0000	0.0000	0.0000	0.0000	0.0000	0.0000	0.0000	0.0000	0.0000	0.0000	0.0000	0.0000	0.0000	0.0000	0.0000	0.0000	0.0000	0.0000	0.0000	0.0006	1.0000	1.1867	0.0000	0.0000	0.0000	0.0000	0.0000	0.0000	0.0000	0.0000	0.0000	0.0000	0.0000	0.0000	0.0000	0.0000	0.0000	0.0000	0.0000	0.0000	0.0000	0.0001	0.0001	0.0000	0.0000	0.0000	0.0000	0.0000	0.0000	0.0000	0.0026	0.0015	0.0011	0.0010	0.0009	0.0001	0.0016	0.0006	0.0010	0.0000	0.0000	0.0000	0.0000	0.0000	0.0000	0.0000	0.0000	0.0000	0.0000	0.0000	0.0000	0.0000	0.0000	0.0000	0.0000	0.0000	0.0000											
59	99	0.1839	4	0	0	1	0	0	0	0	0	N	N	N	N	N	N	N	N	N	N	N	N	6.1574	16.9614	0.0096	31.5521	40.0278	0.0000	0.0425	0.8387	0.0000	0.2143	0.2694	0.0000	0.4311	0.4977	0.0000	0.0003	0.0004	0.0000	0.0348	0.0159	0.0035	0.0137	0.0124	0.0021	0.0068	0.0005	0.0039	0.0000	0.6871	-0.0000	-0.0000	0.0006	1.5982	1.1867	11.1970	0.0000	0.0000	0.0000	0.0000	0.0000	0.0000	0.0000	0.0000	0.0000	0.0002	0.0001	0.0001	0.0001	0.0001	0.0000	0.0001	0.0000	0.0001	0.0002	0.0002	0.0000	0.0001	0.0001	0.0000	0.0001	0.0001	0.0000	0.0801	0.0569	0.0232	0.0359	0.0314	0.0046	0.0442	0.0255	0.0186	86.2827	130.0082	0.0096	123.1736	132.4788	0.0000	0.1746	127.7949	0.0000	0.0025	0.0021	0.0035	0.0035	0.0038	0.0017	0.0017	0.0000	0.0039
59	100	0.1320	6	1	1	2	0	0	0	0	0	N	N	Y	N	N	N	N	N	N	N	N	N	0.0000	0.0000	0.0000	0.0000	0.0000	0.0000	0.0000	0.0000	0.0000	0.0000	0.0000	0.0000	0.0000	0.0000	0.0000	0.0000	0.0000	9.7476	13.5837	0.0000	28.8889	31.3326	0.0000	0.0000	0.0000	0.0000	0.0000	0.0000	-0.0214	0.0006	0.0000	1.1867	0.9982	0.0000	0.0000	0.0000	0.0000	0.0000	0.0000	0.0000	0.0000	0.0000	0.0410	0.0410	0.0000	0.0410	0.0410	0.0000	0.0000	0.0000	0.0000	0.0000	0.0000	0.0000	0.0000	0.0000	0.0000	0.0000	0.0000	0.0000	0.0042	0.0030	0.0012	0.0014	0.0013	0.0001	0.0028	0.0017	0.0011	0.0000	0.0000	0.0000	0.0000	0.0000	0.0000	0.0000	0.0000	0.0000	9.7476	13.5837	0.0000	28.8889	31.3326	0.0000	0.0000	0.0000	0.0000		
59	101	0.6638	9	1	1	2	0	0	0	0	0	N	N	Y	N	N	N	N	N	N	N	N	N	0.0000	0.0000	0.0000	0.0000	0.0000	0.0000	0.0000	0.0000	0.0000	0.0000	0.0000	0.0000	0.0000	0.0000	0.0000	0.0000	0.0000	0.0000	0.0000	0.0000	0.0006	0.0000	1.1867	0.0000	0.0000	0.0000	0.0000	0.0000	0.0000	0.0000	0.0000	0.0000	0.0000	0.0000	0.0000	0.0000	0.0000	0.0000	0.0000	0.0000	0.0000	0.0000	0.0000	0.0000	0.0000	0.0000	0.0000	0.0000	0.0000	0.0000	0.0000	0.0000	0.0000	0.0000	0.0000	0.0000	0.0000	0.0000	0.0000	0.0000	0.0000	0.0000	0.0000	0.0000	0.0000	0.0000	0.0000	0.0000	0.0000	0.0000	0.0000	0.0000	0.0000	0.0000	0.0000	0.0000	0.0000	0.0000											
59	102	0.6638	8	1	0	2	0	0	0	0	0	N	N	Y	N	N	N	N	N	N	N	N	N	0.0000	0.0000	0.0000	0.0000	0.0000	0.0000	0.0000	0.0000	0.0000	0.0000	0.0000	0.0000	0.0000	0.0000	0.0000	0.0000	0.0000	0.0000	0.0000	0.0000	0.0006	0.0000	1.1867	0.0000	0.0000	0.0000	0.0000	0.0000	0.0000	0.0000	0.0000	0.0000	0.0000	0.0000	0.0000	0.0000	0.0000	0.0000	0.0000	0.0000	0.0000	0.0000	0.0000	0.0000	0.0000	0.0000	0.0000	0.0000	0.0000	0.0000	0.0000	0.0000	0.0000	0.0000	0.0000	0.0000	0.0000	0.0000	0.0000	0.0000	0.0000	0.0000	0.0000	0.0000	0.0000	0.0000	0.0000	0.0000	0.0000	0.0000	0.0000	0.0000	0.0000	0.0000	0.0000	0.0000	0.0000	0.0000											
59	103	0.6577	7	1	0	2	0	0	0	0	0	N	N	Y	N	N	N	N	N	N	N	N	N	0.0000	0.0000	0.0000	0.0000	0.0000	0.0000	0.0000	0.0000	0.0000	0.0000	0.0000	0.0000	0.0000	0.0000	0.0000	0.0000	0.0000	0.0000	0.0000	0.0000	0.0006	0.0000	1.1867	1.0091	0.0000	0.0000	0.0000	0.0000	0.0000	0.0000	0.0000	0.0000	0.0000	0.0000	0.0000	0.0000	0.0000	0.0000	0.0000	0.0000	0.0000	0.0000	0.0000	0.0000	0.0000	0.0000	0.0000	0.0000	0.0000	0.0000	0.0000	0.0037	0.0026	0.0010	0.0024	0.0021	0.0002	0.0013	0.0005	0.0008	0.0000	0.0000	0.0000	0.0000	0.0000	0.0000	0.0000	0.0000	0.0000	0.0000	0.0000	0.0000	0.0000	0.0000	0.0000	0.0000	0.0000	0.0000											
59	104	0.0730	3	0	1	1	0	0	0	0	0	N	N	N	N	N	N	N	N	N	N	N	N	inf	inf	inf	inf	0.4713	0.5194	0.0000	0.0000	0.0000	0.0000	0.7034	0.8148	0.0000	0.0000	0.0000	0.0000	0.0000	0.0000	0.0000	0.0000	0.0000	0.0000	0.0000	-0.0001	0.0000	0.0006	7.9994	1.1867	4.0001	0.0002	0.0002	0.0000	0.0000	0.0000	0.0000	0.0002	0.0002	0.0000	0.0000	0.0000	0.0000	0.0000	0.0000	0.0000	0.0000	0.0000	0.0000	0.0005	0.0004	0.0000	0.0002	0.0002	0.0000	0.0003	0.0003	0.0000	0.0651	0.0452	0.0200	0.0242	0.0207	0.0036	0.0409	0.0245	0.0164	inf	inf	0.0000	0.0000	0.0000	0.0000	inf	inf	0.0000	0.0000	0.0000	0.0000	0.0000	0.0000	0.0000	0.0000	0.0000	0.0000						
59	105	0.1354	7	1	0	2	0	0	0	0	0	N	N	Y	N	N	N	N	N	N	N	N	N	0.3018	3.8499	0.1774	1.7591	0.6743	2.7232	0.0000	0.0000	0.0005	0.0000	0.0000	0.0010	0.0001	0.0000	0.0003	0.0002	0.0000	0.0001	0.0003	0.0000	0.0006	0.0001	0.0000	0.0001	inf	inf	0.0000	0.0000	0.0006	1.0000	1.1867	1.0005	0.0000	0.0000	0.0000	0.0000	0.0000	0.0000	0.0000	0.0000	0.0000	0.0000	0.0000	0.0000	0.0000	0.0000	0.0000	0.0000	0.0000	0.0000	0.0000	0.0000	0.0000	0.0000	0.0000	0.0000	0.0000	0.0000	0.0000	0.0077	0.0055	0.0022	0.0024	0.0023	0.0001	0.0054	0.0033	0.0021	1.2928	0.0000	3.8499	2.8640	0.0000	2.0067	1.1402	0.0000	2.7232	0.0000	0.0000	0.0001	0.0000	0.0000	0.0005	0.0000	0.0000	0.0001			
59	106	0.1320	6	1	0	2	0	0	0	0	0	N	N	Y	N	N	N	N	N	N	N	N	N	0.0001	0.1693	0.0000	0.0001	0.1496	0.0000	0.0000	0.0000	0.0001	0.0001	0.0000	0.0001	0.0001	0.0000	0.0000	0.0000	0.0000	0.7669	0.0004	0.2520	1.0439	0.0007	5.3090	0.0001	0.0000	0.0002	0.0000	265.0757	-0.0000	0.0000	0.0006	0.7249	1.1867	0.0368	0.0000	0.0000	0.0000	0.0000	0.0000	0.0000	0.0000	0.0000	0.0000	0.0001	0.0000	0.0001	0.0001	0.0000	0.0001	0.0000	0.0000	0.0000	0.0000	0.0000	0.0000	0.0000	0.0000	0.0000	0.0000	0.0000	0.0000	0.0033	0.0024	0.0009	0.0011	0.0010	0.0001	0.0022	0.0013	0.0008	0.0027	0.5595	0.0000	0.0015	0.3869	0.0000	0.0000	0.0000	0.0000	0.0234	0.0001	0.0828	0.0675	0.0003	0.7530	0.0001	0.0000	0.0002	
59	107	0.1305	5	1	0	2	0	0	0	0	0	N	N	Y	N	N	N	N	N	N	N	N	N	0.0001	0.0001	0.0027	0.0001	0.0001	0.0000	0.0000	0.0000	0.0001	0.0001	0.0005	0.0002	0.0002	0.0000	0.0000	0.0000	0.0000	1.0305	1.2474	0.1770	1.7761	1.4160	4.1495	0.0002	0.0000	0.0004	0.4545	0.4940	0.0000	-0.0000	0.0006	0.4159	1.1867	0.0887	0.0000	0.0000	0.0000	0.0000	0.0000	0.0000	0.0000	0.0000	0.0000	0.0001	0.0001	0.0000	0.0001	0.0001	0.0000	0.0000	0.0000	0.0000	0.0000	0.0000	0.0000	0.0000	0.0000	0.0000	0.0000	0.0000	0.0000	0.0022	0.0016	0.0006	0.0008	0.0007	0.0001	0.0015	0.0009	0.0006	0.0027	0.0021	0.0080	0.0012	0.0015	0.0000	0.0000	0.0000	0.0000	0.0514	0.0481	0.0595	0.1489	0.1077	0.6814	0.0002	0.0000	0.0004	
59	108	0.1142	4	1	0	1	0	0	0	0	0	N	N	N	N	N	N	N	N	N	N	N	N	0.0052	0.0000	inf	0.0031	0.0000	inf	inf	inf	0.0001	0.0000	0.0011	0.0001	0.0000	0.0024	0.0001	0.0000	0.0006	0.0221	0.0289	0.0000	0.0428	0.0372	0.0000	0.0000	0.0000	0.0000	inf	0.0000	0.0000	-0.0000	0.0006	3.9943	1.1867	0.9974	0.0000	0.0000	0.0000	0.0000	0.0000	0.0000	0.0000	0.0000	0.0000	0.0000	0.0000	0.0000	0.0000	0.0000	0.0000	0.0000	0.0000	0.0000	0.0002	0.0002	0.0000	0.0001	0.0001	0.0000	0.0001	0.0001	0.0000	0.0195	0.0136	0.0059	0.0056	0.0054	0.0002	0.0139	0.0082	0.0057	0.0592	0.0000	inf	0.0195	0.0000	inf	inf	0.0000	inf	0.0019	0.0028	0.0000	0.0068	0.0070	0.0000	0.0000	0.0000	0.0000	
59	109	0.6577	7	1	0	2	0	0	0	0	0	N	N	Y	N	N	N	N	N	N	N	N	N	0.0000	0.0000	0.0000	0.0000	0.0000	0.0000	0.0000	0.0000	0.0000	0.0000	0.0000	0.0000	0.0000	0.0000	0.0000	0.0000	0.0000	0.0000	0.0000	0.0000	0.0006	0.0000	1.1867	0.9909	0.0000	0.0000	0.0000	0.0000	0.0000	0.0000	0.0000	0.0000	0.0000	0.0000	0.0000	0.0000	0.0000	0.0000	0.0000	0.0000	0.0000	0.0000	0.0000	0.0000	0.0000	0.0000	0.0000	0.0000	0.0000	0.0000	0.0000	0.0036	0.0026	0.0010	0.0023	0.0021	0.0002	0.0013	0.0005	0.0008	0.0000	0.0000	0.0000	0.0000	0.0000	0.0000	0.0000	0.0000	0.0000	0.0000	0.0000	0.0000	0.0000	0.0000	0.0000	0.0000	0.0000	0.0000											
59	110	0.6291	6	1	0	2	0	0	0	0	0	N	N	Y	N	N	N	N	N	N	N	N	N	inf	inf	inf	inf	1.4703	0.0000	19.9032	0.0000	0.0000	0.0000	3.5514	0.0000	27.2944	0.0000	0.0000	0.0000	0.0000	0.0000	0.0000	0.0000	0.0000	0.0000	inf	0.0002	0.0000	0.0006	4.0000	1.1867	0.0000	0.0002	0.0000	0.0002	0.0000	0.0000	0.0000	0.0002	0.0000	0.0002	0.0000	0.0000	0.0000	0.0000	0.0000	0.0000	0.0000	0.0000	0.0000	0.0001	0.0001	0.0000	0.0001	0.0001	0.0000	0.0001	0.0001	0.0000	0.0055	0.0032	0.0023	0.0021	0.0019	0.0003	0.0034	0.0013	0.0020	inf	0.0000	inf	0.0000	0.0000	0.0000	inf	0.0000	inf	0.0000	0.0000	0.0000	0.0000	0.0000	0.0000	0.0000	0.0000	0.0000						
59	112	0.1188	4	0	0	2	0	0	0	0	0	N	N	Y	N	N	N	N	N	N	N	N	N	0.0000	0.0000	0.0000	0.0000	0.0000	0.0000	0.0000	0.0000	0.0000	0.0000	0.0000	0.0000	0.0000	0.1749	0.2332	0.0000	0.1127	0.0921	0.0000	0.0000	0.0000	0.0000	0.0000	0.0000	-0.0000	0.0006	0.0000	1.1867	0.0001	0.0000	0.0000	0.0000	0.0000	0.0000	0.0000	0.0000	0.0000	0.0000	0.0000	0.0000	0.0000	0.0000	0.0000	0.0000	0.0000	0.0000	0.0000	0.0000	0.0000	0.0000	0.0000	0.0000	0.0000	0.0000	0.0000	0.0000	0.0000	0.0000	0.0000	0.0000	0.0000	0.0000	0.0000	0.0000	0.0000	0.0000	0.0000	0.0000	0.0000	0.0000	0.0000	0.0000	0.0000	0.0000	0.0048	0.0061	0.0000	0.0105	0.0107	0.0000	0.0000	0.0000	0.0000						
59	113	0.0730	3	0	0	2	0	0	0	0	0	N	N	Y	N	N	N	N	N	N	N	N	N	0.0000	0.0000	0.0000	0.0000	0.0000	0.0000	0.0000	0.0000	0.0000	0.0000	0.0000	0.0000	0.0000	0.1495	0.2461	0.0000	0.1292	0.1434	0.0000	0.0000	0.0000	0.0000	0.0000	0.0000	-0.0001	0.0006	4.0004	1.1867	4.9999	0.0000	0.0000	0.0000	0.0000	0.0000	0.0000	0.0000	0.0000	0.0000	0.0002	0.0002	0.0000	0.0002	0.0002	0.0000	0.0000	0.0000	0.0000	0.0003	0.0002	0.0000	0.0001	0.0001	0.0000	0.0002	0.0002	0.0000	0.0515	0.0357	0.0158	0.0195	0.0166	0.0029	0.0319	0.0191	0.0128	0.0000	0.0000	0.0000	0.0000	0.0000	0.0000	0.0000	0.0000	0.0000	0.0043	0.0062	0.0000	0.0113	0.0133	0.0000	0.0000	0.0000	0.0000						
59	114	0.6617	7	0	1	1	0	0	0	0	0	N	N	N	N	N	N	N	N	N	N	N	N	18.5615	11182.7173	0.0000	2016.1720	10502.5785	0.0000	6.6447	inf	0.0000	0.8640	1.0253	0.0000	0.9462	1.0427	0.0000	0.6524	0.9651	0.0000	0.0465	0.0001	0.0315	0.0005	0.0001	0.0010	0.0982	0.0000	0.0153	0.0000	4400.8495	-0.0001	0.0000	0.0006	4.3361	1.1867	4.6323	0.0003	0.0003	0.0000	0.0002	0.0002	0.0000	0.0001	0.0001	0.0000	0.0001	0.0000	0.0001	0.0000	0.0000	0.0000	0.0001	0.0000	0.0001	0.0004	0.0003	0.0001	0.0003	0.0002	0.0000	0.0001	0.0001	0.0000	0.0285	0.0210	0.0075	0.0193	0.0174	0.0019	0.0092	0.0036	0.0056	300.8036	1160161.0958	0.0000	11429.9034	976285.7780	0.0000	74.7408	inf	0.0000	0.0029	0.0000	0.0110	0.0001	0.0000	0.0008	0.0087	0.0000	0.0144
59	115	0.6291	6	0	0	1	0	0	0	0	0	N	N	N	N	N	N	N	N	N	N	N	N	4221.3617	2334.0566	inf	0.0000	0.0000	inf	inf	inf	2.7451	2.9638	0.0136	0.0000	0.0000	0.0000	6.6917	7.6940	0.0188	0.0007	0.0013	0.0000	0.0017	0.0014	0.0000	0.0000	0.0000	0.0000	0.0004	0.0000	-0.0001	-0.0000	0.0006	1.9840	1.1867	0.2610	0.0002	0.0002	0.0000	0.0000	0.0000	0.0000	0.0002	0.0002	0.0000	0.0000	0.0000	0.0000	0.0000	0.0000	0.0000	0.0000	0.0000	0.0000	0.0001	0.0001	0.0000	0.0000	0.0000	0.0000	0.0000	0.0000	0.0000	0.0032	0.0018	0.0013	0.0012	0.0011	0.0001	0.0019	0.0008	0.0012	10495.9009	6617.7731	inf	0.0000	0.0000	0.0000	inf	inf	inf	0.0003	0.0004	0.0000	0.0007	0.0008	0.0000	0.0000	0.0000	0.0000	
59	116	0.0730	3	0	1	1	1	0	0	0	0	N	N	N	N	N	N	N	N	N	N	N	N	0.0000	0.0000	0.0000	0.0000	0.0000	0.0000	0.0000	0.0000	0.0000	0.0000	0.0000	0.0000	0.0000	0.0000	0.0000	0.0000	0.0000	0.0000	0.0000	0.0000	0.0006	5.0006	1.1867	2.0000	0.0000	0.0000	0.0000	0.0000	0.0000	0.0000	0.0000	0.0000	0.0000	0.0000	0.0000	0.0000	0.0000	0.0000	0.0000	0.0000	0.0000	0.0000	0.0003	0.0003	0.0000	0.0001	0.0001	0.0000	0.0002	0.0002	0.0000	0.0415	0.0288	0.0127	0.0160	0.0135	0.0024	0.0255	0.0152	0.0103	0.0000	0.0000	0.0000	0.0000	0.0000	0.0000	0.0000	0.0000	0.0000	0.0000	0.0000	0.0000	0.0000	0.0000	0.0000	0.0000	0.0000	0.0000											
59	117	0.6291	6	0	1	1	1	0	0	0	0	N	N	N	N	N	N	N	N	N	N	N	N	0.0000	0.0000	0.0000	0.0000	0.0000	0.0000	0.0000	0.0000	0.0000	0.0000	0.0000	0.0000	0.0000	0.0000	0.0000	0.0000	0.0000	0.0000	0.0000	0.0000	0.0006	0.0000	1.1867	1.0000	0.0000	0.0000	0.0000	0.0000	0.0000	0.0000	0.0000	0.0000	0.0000	0.0000	0.0000	0.0000	0.0000	0.0000	0.0000	0.0000	0.0000	0.0000	0.0000	0.0000	0.0000	0.0000	0.0000	0.0000	0.0000	0.0000	0.0000	0.0020	0.0012	0.0008	0.0008	0.0007	0.0001	0.0012	0.0005	0.0007	0.0000	0.0000	0.0000	0.0000	0.0000	0.0000	0.0000	0.0000	0.0000	0.0000	0.0000	0.0000	0.0000	0.0000	0.0000	0.0000	0.0000	0.0000											
59	118	0.0730	3	0	1	1	0	0	0	0	0	N	N	N	N	N	N	N	N	N	N	N	N	52.7987	50.5390	0.0000	46.7586	45.0539	inf	inf	0.4621	0.5074	0.0000	0.5607	0.5623	0.0000	0.4127	0.4757	0.0000	0.0088	0.0100	0.0000	0.0120	0.0125	0.0000	0.0000	0.0000	0.0000	0.0000	0.0000	-0.0001	-0.0001	0.0006	16.9994	1.1867	6.0000	0.0004	0.0004	0.0000	0.0001	0.0001	0.0000	0.0002	0.0002	0.0000	0.0001	0.0001	0.0000	0.0001	0.0001	0.0000	0.0000	0.0000	0.0000	0.0008	0.0007	0.0001	0.0003	0.0003	0.0000	0.0005	0.0005	0.0001	0.1051	0.0731	0.0319	0.0368	0.0319	0.0049	0.0683	0.0412	0.0270	404.6084	309.2767	0.0000	171.8870	149.4468	0.0000	inf	inf	0.0000	0.0011	0.0016	0.0000	0.0033	0.0038	0.0000	0.0000	0.0000	0.0000		
59	119	0.6291	6	0	1	1	0	0	0	0	0	N	N	N	N	N	N	N	N	N	N	N	N	98.6591	62.0960	0.0000	0.0000	inf	inf	1.2096	1.3059	0.0000	0.0000	0.0000	0.0000	2.9092	3.3434	0.0000	0.0123	0.0210	0.0000	0.0137	0.0141	0.0000	0.0000	0.0000	0.0000	0.0000	0.0000	-0.0001	-0.0000	0.0006	5.0000	1.1867	6.0000	0.0002	0.0002	0.0000	0.0000	0.0000	0.0000	0.0002	0.0002	0.0000	0.0000	0.0000	0.0000	0.0000	0.0000	0.0000	0.0000	0.0000	0.0000	0.0002	0.0002	0.0000	0.0001	0.0001	0.0000	0.0001	0.0001	0.0000	0.0142	0.0083	0.0059	0.0056	0.0049	0.0007	0.0087	0.0034	0.0052	859.8510	544.1623	0.0000	0.0000	0.0000	0.0000	inf	inf	0.0000	0.0014	0.0024	0.0000	0.0036	0.0041	0.0000	0.0000	0.0000	0.0000			
59	120	0.6572	7	0	1	1	0	0	0	0	0	N	N	N	N	N	N	N	N	N	N	N	N	27.0029	14.6884	0.0000	0.0103	0.0137	0.0000	11367042.2229	inf	0.0000	4.2413	4.7881	0.0000	0.0010	0.0011	0.0000	11.2941	12.7452	0.0000	0.1571	0.3260	0.0005	0.0936	0.0795	0.0051	0.0000	0.0000	0.0000	0.0000	0.0448	-0.0001	-0.0000	0.0006	0.9998	1.1867	0.9486	0.0002	0.0002	0.0000	0.0000	0.0000	0.0000	0.0002	0.0002	0.0000	0.0000	0.0000	0.0000	0.0000	0.0000	0.0000	0.0000	0.0000	0.0000	0.0001	0.0000	0.0000	0.0000	0.0000	0.0000	0.0000	0.0000	0.0000	0.0044	0.0026	0.0018	0.0020	0.0018	0.0002	0.0023	0.0007	0.0016	965.3072	669.0452	0.0000	0.1030	0.1079	0.0000	11367042.2229	inf	0.0000	0.0044	0.0072	0.0005	0.0094	0.0101	0.0036	0.0000	0.0000	0.0000
59	121	0.6291	6	0	1	1	0	0	0	0	0	N	N	N	N	N	N	N	N	N	N	N	N	25.2810	14.4380	inf	0.0000	0.0000	inf	inf	inf	0.0149	0.0160	0.0018	0.0000	0.0000	0.0000	0.0358	0.0408	0.0025	0.0006	0.0011	0.0000	0.0015	0.0013	0.0000	0.0000	0.0000	0.0000	0.0090	0.0000	-0.0000	-0.0000	0.0006	3.0005	1.1867	1.1085	0.0000	0.0000	0.0000	0.0000	0.0000	0.0000	0.0000	0.0000	0.0000	0.0000	0.0000	0.0000	0.0000	0.0000	0.0000	0.0000	0.0000	0.0000	0.0002	0.0002	0.0000	0.0001	0.0001	0.0000	0.0001	0.0001	0.0000	0.0101	0.0059	0.0042	0.0039	0.0035	0.0005	0.0062	0.0025	0.0037	61.1105	38.2715	inf	0.0000	0.0000	0.0000	inf	inf	inf	0.0002	0.0004	0.0000	0.0006	0.0007	0.0000	0.0000	0.0000	0.0000	
59	122	0.1142	4	0	1	1	0	0	0	0	0	N	N	N	N	N	N	N	N	N	N	N	N	0.0000	0.0000	0.0001	0.0001	0.0000	0.0001	0.0000	0.0000	0.0002	0.0000	0.0019	0.0002	0.0000	0.0046	0.0001	0.0000	0.0008	7.4556	0.0027	31.0503	2.4251	0.0041	84.7843	10.3374	0.0000	35.3564	inf	14554.0000	0.0000	0.0696	0.0006	2.0001	1.1867	3.0000	0.0000	0.0000	0.0000	0.0000	0.0000	0.0000	0.0000	0.0000	0.0000	0.1456	0.0000	0.1455	0.0017	0.0000	0.0017	0.1438	0.0000	0.1438	0.0001	0.0001	0.0000	0.0001	0.0001	0.0000	0.0000	0.0000	0.0000	0.0195	0.0136	0.0059	0.0056	0.0054	0.0002	0.0139	0.0082	0.0057	0.0000	0.0000	0.0001	0.0007	0.0000	0.0005	0.0000	0.0000	0.0000	7.4556	0.0007	24.5780	0.3101	0.0018	9.6756	10.3374	0.0000	25.0419	
59	123	0.0730	3	0	0	1	0	0	0	0	0	N	N	N	N	N	N	N	N	N	N	N	N	166408.4581	inf	0.0000	2.6663	inf	inf	inf	0.5247	0.5784	0.0000	0.0001	0.0001	0.0000	0.7821	0.9064	0.0000	0.0000	0.0000	0.0000	0.0000	0.0000	0.0000	0.0000	0.0000	0.0000	0.0000	inf	-0.0001	0.0000	0.0006	6.9986	1.1867	2.0000	0.0002	0.0002	0.0000	0.0000	0.0000	0.0000	0.0002	0.0002	0.0000	0.0000	0.0000	0.0000	0.0000	0.0000	0.0000	0.0000	0.0000	0.0000	0.0004	0.0004	0.0000	0.0001	0.0001	0.0000	0.0003	0.0002	0.0000	0.0514	0.0357	0.0158	0.0195	0.0166	0.0029	0.0319	0.0191	0.0128	16870434.7630	inf	0.0000	2145.3861	inf	0.0000	inf	inf	0.0000	0.0000	0.0000	0.0000	0.0000	0.0000	0.0000	0.0000	0.0000	0.0000		
59	124	0.6626	7	0	1	1	0	0	0	0	0	N	N	N	N	N	N	N	N	N	N	N	N	0.0015	0.0011	0.0000	0.0001	0.0001	1.7472	0.0326	0.0000	0.0009	0.0010	0.0000	0.0001	0.0001	0.0000	0.0024	0.0027	0.0000	0.6033	0.9464	0.0000	0.5500	0.5591	0.0000	0.0014	0.0842	0.0000	0.0000	0.0000	-0.0000	-0.0002	0.0006	3.9006	1.1867	3.1543	0.0000	0.0000	0.0000	0.0000	0.0000	0.0000	0.0000	0.0000	0.0000	0.0003	0.0003	0.0000	0.0003	0.0003	0.0000	0.0000	0.0000	0.0000	0.0003	0.0003	0.0000	0.0002	0.0002	0.0000	0.0001	0.0001	0.0000	0.0211	0.0115	0.0096	0.0090	0.0082	0.0008	0.0121	0.0033	0.0088	0.0621	0.0363	0.0000	0.0023	0.0022	0.0000	2.8936	0.9075	0.0000	0.0150	0.0276	0.0000	0.0339	0.0374	0.0000	0.0008	0.0030	0.0000	
59	125	0.6291	6	0	1	1	0	0	0	0	0	N	N	N	N	N	N	N	N	N	N	N	N	0.1095	0.0692	inf	0.0000	0.0000	inf	inf	inf	0.4993	0.5391	0.0005	0.0000	0.0000	0.0000	1.2106	1.3920	0.0007	4.5613	7.7956	0.0000	11.7363	13.3293	0.0000	0.0000	0.0000	0.0000	0.0001	0.0000	-0.0000	-0.0213	0.0006	1.6924	1.1867	1.9110	0.0001	0.0001	0.0000	0.0000	0.0000	0.0000	0.0001	0.0001	0.0000	0.0408	0.0408	0.0000	0.0408	0.0408	0.0000	0.0000	0.0000	0.0000	0.0001	0.0001	0.0000	0.0001	0.0001	0.0000	0.0000	0.0000	0.0000	0.0090	0.0052	0.0037	0.0035	0.0031	0.0004	0.0055	0.0022	0.0033	0.1095	0.0692	inf	0.0000	0.0000	0.0000	inf	inf	inf	4.5613	7.7956	0.0000	11.7363	13.3293	0.0000	0.0000	0.0000	0.0000	
59	126	0.0730	3	0	1	1	0	0	0	0	0	N	N	N	N	N	N	N	N	N	N	N	N	0.0000	0.0000	0.0000	0.0000	0.0000	0.0000	0.0000	0.0000	0.0000	0.0000	0.0000	0.0000	0.0000	0.0000	0.0000	0.0000	0.0000	19.2958	27.8328	0.0121	0.0055	0.0057	0.0000	31.0970	52.0168	0.0086	0.0001	0.0000	-0.5180	0.0006	0.9996	1.1867	8.0005	0.0000	0.0000	0.0000	0.0000	0.0000	0.0000	0.0000	0.0000	0.0000	0.9928	0.9927	0.0001	0.0000	0.0000	0.0000	0.9928	0.9927	0.0001	0.0001	0.0001	0.0000	0.0000	0.0000	0.0000	0.0000	0.0000	0.0000	0.0515	0.0357	0.0158	0.0195	0.0166	0.0029	0.0319	0.0191	0.0128	0.0000	0.0000	0.0000	0.0000	0.0000	0.0000	0.0000	0.0000	0.0000	19.2958	27.8328	0.0070	0.0020	0.0024	0.0000	31.0970	52.0168	0.0086		
59	127	0.2003	5	0	0	1	0	0	0	0	0	N	N	N	N	N	N	N	N	N	N	N	N	0.4080	22.1289	0.0011	4.5710	24.3717	0.0060	0.7016	355.6958	0.0009	0.3189	0.3790	0.0002	0.3090	0.3409	0.0006	0.3271	0.4148	0.0001	0.7818	0.0171	0.2225	0.0676	0.0140	0.0924	0.4662	0.0012	0.1447	0.0001	14.6531	-0.0000	0.0009	0.0006	3.6536	1.1867	12.3970	0.0001	0.0001	0.0000	0.0000	0.0000	0.0000	0.0001	0.0001	0.0000	0.0021	0.0001	0.0020	0.0003	0.0001	0.0002	0.0018	0.0000	0.0018	0.0003	0.0003	0.0001	0.0002	0.0001	0.0000	0.0002	0.0001	0.0000	0.0881	0.0631	0.0251	0.0384	0.0334	0.0050	0.0497	0.0296	0.0201	13.1868	175.4824	0.0031	37.1392	84.0106	0.0151	8.9718	21259.1689	0.0015	0.0242	0.0022	0.0796	0.0083	0.0041	0.0367	0.0365	0.0000	0.0903
59	128	0.3787	5	0	0	1	0	0	0	0	0	N	N	N	N	N	N	N	N	N	N	N	N	0.0919	0.0799	0.1414	0.1172	0.1168	0.2468	0.0125	0.0059	0.4953	0.1465	0.1701	0.0054	0.2688	0.2907	0.0122	0.0176	0.0216	0.0027	1.5940	2.1294	0.0378	2.2935	2.4887	0.0495	1.4142	3.6491	0.0054	0.0053	0.0148	-0.0000	-0.0160	0.0006	5.3495	1.1867	12.4099	0.0001	0.0001	0.0000	0.0001	0.0001	0.0000	0.0000	0.0000	0.0000	0.0316	0.0311	0.0005	0.0232	0.0228	0.0004	0.0084	0.0083	0.0001	0.0005	0.0004	0.0001	0.0002	0.0002	0.0000	0.0002	0.0002	0.0000	0.1329	0.0957	0.0372	0.0898	0.0728	0.0170	0.0431	0.0229	0.0202	0.6161	0.5225	0.4310	1.0415	0.9270	0.5879	0.0902	0.0595	0.4953	0.2378	0.3255	0.0124	0.2581	0.3136	0.0208	0.1954	0.3633	0.0054
59	129	0.1844	9	0	1	1	1	0	0	0	0	N	N	N	N	N	N	N	N	N	N	N	N	0.0000	0.0000	0.0000	0.0000	0.0000	0.0000	0.0000	0.0000	0.0000	0.0000	0.0000	0.0000	0.0000	0.0000	0.0000	0.0000	0.0000	0.0000	0.0000	0.0000	0.0006	0.0000	1.1867	0.0000	0.0000	0.0000	0.0000	0.0000	0.0000	0.0000	0.0000	0.0000	0.0000	0.0000	0.0000	0.0000	0.0000	0.0000	0.0000	0.0000	0.0000	0.0000	0.0000	0.0000	0.0000	0.0000	0.0000	0.0000	0.0000	0.0000	0.0000	0.0000	0.0000	0.0000	0.0000	0.0000	0.0000	0.0000	0.0000	0.0000	0.0000	0.0000	0.0000	0.0000	0.0000	0.0000	0.0000	0.0000	0.0000	0.0000	0.0000	0.0000	0.0000	0.0000	0.0000	0.0000	0.0000	0.0000											
59	130	0.1681	8	0	1	1	1	0	0	0	0	N	N	N	N	N	N	N	N	N	N	N	N	0.0000	0.0000	0.0000	0.0000	0.0000	0.0000	0.0000	0.0000	0.0000	0.0000	0.0000	0.0000	0.0000	0.0000	0.0000	0.0000	0.0000	0.0000	0.0000	0.0000	0.0000	0.0006	0.0000	1.1867	3.0001	0.0000	0.0000	0.0000	0.0000	0.0000	0.0000	0.0000	0.0000	0.0000	0.0000	0.0000	0.0000	0.0000	0.0000	0.0000	0.0000	0.0000	0.0000	0.0000	0.0000	0.0000	0.0000	0.0000	0.0000	0.0000	0.0000	0.0000	0.0097	0.0067	0.0030	0.0027	0.0027	0.0000	0.0070	0.0040	0.0029	0.0000	0.0000	0.0000	0.0000	0.0000	0.0000	0.0000	0.0000	0.0000	0.0000	0.0000	0.0000	0.0000	0.0000	0.0000	0.0000	0.0000	0.0000										
59	131	0.1585	7	0	1	1	0	0	0	0	0	N	N	N	N	N	N	N	N	N	N	N	N	0.0000	0.0000	0.0000	0.0000	0.0000	0.0000	0.0000	0.0000	0.0000	0.0000	0.0000	0.0000	0.0000	0.0000	0.0000	0.0000	0.0000	0.0000	0.0000	0.0000	0.0006	0.0000	1.1867	0.0000	0.0000	0.0000	0.0000	0.0000	0.0000	0.0000	0.0000	0.0000	0.0000	0.0000	0.0000	0.0000	0.0000	0.0000	0.0000	0.0000	0.0000	0.0000	0.0000	0.0000	0.0000	0.0000	0.0000	0.0000	0.0000	0.0000	0.0000	0.0000	0.0000	0.0000	0.0000	0.0000	0.0000	0.0000	0.0000	0.0000	0.0000	0.0000	0.0000	0.0000	0.0000	0.0000	0.0000	0.0000	0.0000	0.0000	0.0000	0.0000	0.0000	0.0000	0.0000	0.0000	0.0000	0.0000											
59	132	0.1681	8	0	0	2	1	0	0	0	0	N	N	Y	N	N	N	N	N	N	N	N	N	0.0000	0.0000	0.0000	0.0000	0.0000	0.0000	0.0000	0.0000	0.0000	0.0000	0.0000	0.0000	0.0000	0.0148	0.0180	0.0000	0.0285	0.0254	0.0000	0.0000	0.0000	0.0000	0.0000	0.0000	-0.0000	0.0006	0.0000	1.1867	1.9999	0.0000	0.0000	0.0000	0.0000	0.0000	0.0000	0.0000	0.0000	0.0000	0.0000	0.0000	0.0000	0.0000	0.0000	0.0000	0.0000	0.0000	0.0000	0.0000	0.0000	0.0000	0.0000	0.0000	0.0000	0.0000	0.0000	0.0000	0.0065	0.0045	0.0020	0.0018	0.0018	0.0000	0.0047	0.0027	0.0020	0.0000	0.0000	0.0000	0.0000	0.0000	0.0000	0.0000	0.0000	0.0000	0.0015	0.0022	0.0000	0.0055	0.0056	0.0000	0.0000	0.0000	0.0000						
59	133	0.1792	9	0	0	2	1	0	0	0	0	N	N	Y	N	N	N	N	N	N	N	N	N	0.0000	0.0000	0.0000	0.0000	0.0000	0.0000	0.0000	0.0000	0.0000	0.0000	0.0000	0.0000	0.0000	0.0000	0.0000	0.0000	0.0000	0.0000	0.0000	0.0000	0.0006	1.0000	1.1867	0.0000	0.0000	0.0000	0.0000	0.0000	0.0000	0.0000	0.0000	0.0000	0.0000	0.0000	0.0000	0.0000	0.0000	0.0000	0.0000	0.0000	0.0000	0.0000	0.0001	0.0000	0.0000	0.0000	0.0000	0.0000	0.0000	0.0000	0.0000	0.0032	0.0022	0.0010	0.0009	0.0009	0.0000	0.0023	0.0013	0.0009	0.0000	0.0000	0.0000	0.0000	0.0000	0.0000	0.0000	0.0000	0.0000	0.0000	0.0000	0.0000	0.0000	0.0000	0.0000	0.0000	0.0000	0.0000											
59	134	0.1792	9	0	0	2	1	0	0	0	0	N	N	Y	N	N	N	N	N	N	N	N	N	0.0000	0.0000	0.0000	0.0000	0.0000	0.0000	0.0000	0.0000	0.0000	0.0000	0.0000	0.0000	0.0000	0.0000	0.0000	0.0000	0.0000	0.0000	0.0000	0.0000	0.0006	0.0000	1.1867	0.0000	0.0000	0.0000	0.0000	0.0000	0.0000	0.0000	0.0000	0.0000	0.0000	0.0000	0.0000	0.0000	0.0000	0.0000	0.0000	0.0000	0.0000	0.0000	0.0000	0.0000	0.0000	0.0000	0.0000	0.0000	0.0000	0.0000	0.0000	0.0000	0.0000	0.0000	0.0000	0.0000	0.0000	0.0000	0.0000	0.0000	0.0000	0.0000	0.0000	0.0000	0.0000	0.0000	0.0000	0.0000	0.0000	0.0000	0.0000	0.0000	0.0000	0.0000	0.0000	0.0000	0.0000	0.0000											
59	135	0.1681	8	0	0	2	1	0	0	0	0	N	N	Y	N	N	N	N	N	N	N	N	N	0.0000	0.0000	0.0000	0.0000	0.0000	0.0000	0.0000	0.0000	0.0000	0.0000	0.0000	0.0000	0.0000	0.0000	0.0000	0.0000	0.0000	0.0000	0.0000	0.0000	0.0000	0.0000	inf	0.0000	0.0000	0.0006	2.0025	1.1867	0.9943	0.0000	0.0000	0.0000	0.0000	0.0000	0.0000	0.0000	0.0000	0.0000	0.0000	0.0000	0.0000	0.0000	0.0000	0.0000	0.0000	0.0000	0.0000	0.0001	0.0001	0.0000	0.0001	0.0000	0.0000	0.0000	0.0000	0.0000	0.0096	0.0067	0.0030	0.0027	0.0026	0.0000	0.0070	0.0040	0.0029	0.0000	0.0000	0.0000	0.0000	0.0000	0.0000	0.0000	0.0000	0.0000	0.0000	0.0000	0.0000	0.0000	0.0000	0.0000	0.0000	0.0000	0.0000						
59	136	0.1681	7	0	0	1	1	0	0	0	0	N	N	N	N	N	N	N	N	N	N	N	N	0.0000	0.0000	0.0000	0.0000	0.0000	0.0000	0.0000	0.0000	0.0000	0.0000	0.0000	0.0000	0.0000	0.0000	0.0000	0.0000	0.0002	0.0003	0.0001	0.0006	0.0006	0.0000	0.0001	0.0000	0.0001	0.4375	0.0000	-0.0000	0.0006	0.0050	1.1867	0.0173	0.0000	0.0000	0.0000	0.0000	0.0000	0.0000	0.0000	0.0000	0.0000	0.0000	0.0000	0.0000	0.0000	0.0000	0.0000	0.0000	0.0000	0.0000	0.0000	0.0000	0.0000	0.0000	0.0000	0.0000	0.0000	0.0000	0.0000	0.0001	0.0001	0.0000	0.0000	0.0000	0.0000	0.0001	0.0000	0.0000	0.0000	0.0000	0.0000	0.0000	0.0000	0.0000	0.0000	0.0000	0.0000	0.0001	0.0001	0.0001	0.0002	0.0002	0.0000	0.0000	0.0000	0.0001			
59	137	0.1585	6	0	0	1	1	0	0	0	0	N	N	N	N	N	N	N	N	N	N	N	N	0.0000	0.0000	0.0000	0.0000	0.0000	0.0000	0.0000	0.0000	0.0000	0.0000	0.0000	0.0000	0.0000	0.0239	0.0322	0.0000	0.0527	0.0424	0.0000	0.0000	0.0000	0.0000	0.0000	0.0000	-0.0000	0.0006	1.9972	1.1867	1.0076	0.0000	0.0000	0.0000	0.0000	0.0000	0.0000	0.0000	0.0000	0.0000	0.0000	0.0000	0.0000	0.0000	0.0000	0.0000	0.0000	0.0000	0.0000	0.0001	0.0001	0.0000	0.0000	0.0000	0.0000	0.0000	0.0000	0.0000	0.0094	0.0066	0.0028	0.0027	0.0026	0.0000	0.0067	0.0039	0.0028	0.0000	0.0000	0.0000	0.0000	0.0000	0.0000	0.0000	0.0000	0.0000	0.0021	0.0030	0.0000	0.0075	0.0075	0.0000	0.0000	0.0000	0.0000						
59	138	0.1412	5	1	1	1	0	0	0	0	0	N	N	N	N	N	N	N	N	N	N	N	N	9.6120	0.0000	179.8080	7.7444	0.0000	4.1469	855.7955	0.0000	1031.8560	0.2021	0.0000	0.6783	0.2048	0.0000	0.9910	0.1977	0.0000	0.4437	0.0210	0.0058	0.0038	0.0264	0.0061	0.2390	0.0002	0.0006	0.0004	inf	1.4442	0.0000	0.0000	0.0006	0.0002	1.1867	2.3255	0.0000	0.0000	0.0000	0.0000	0.0000	0.0000	0.0000	0.0000	0.0000	0.0000	0.0000	0.0000	0.0000	0.0000	0.0000	0.0000	0.0000	0.0000	0.0000	0.0000	0.0000	0.0000	0.0000	0.0000	0.0000	0.0000	0.0000	0.0101	0.0071	0.0030	0.0033	0.0032	0.0001	0.0068	0.0039	0.0029	105.5926	0.0000	179.8080	37.8565	0.0000	12.6248	1054.5448	0.0000	1031.8560	0.0019	0.0011	0.0038	0.0054	0.0025	0.0785	0.0002	0.0000	0.0004
59	139	0.1233	4	1	1	1	0	0	0	0	0	N	N	N	N	N	N	N	N	N	N	N	N	0.0092	0.0112	0.3544	0.0278	0.0283	11.3251	0.0272	0.0000	0.8283	0.0064	0.0002	0.0611	0.0005	0.0004	0.0025	0.0111	0.0000	0.0672	0.6951	0.0185	0.1723	0.0168	0.0152	0.0002	0.4082	0.0039	0.0811	33.6404	12.3010	0.0000	0.0002	0.0006	2.0138	1.1867	2.7349	0.0000	0.0000	0.0000	0.0000	0.0000	0.0000	0.0000	0.0000	0.0000	0.0005	0.0000	0.0004	0.0000	0.0000	0.0000	0.0004	0.0000	0.0004	0.0001	0.0001	0.0000	0.0001	0.0001	0.0000	0.0001	0.0001	0.0000	0.0237	0.0162	0.0075	0.0082	0.0079	0.0003	0.0155	0.0083	0.0072	0.3154	0.0919	1.0326	0.1101	0.0978	11.3251	0.3839	0.0000	1.0888	0.0204	0.0022	0.0592	0.0043	0.0044	0.0002	0.0289	0.0002	0.0617
59	140	0.1399	5	0	1	1	0	0	0	0	0	N	N	N	N	N	N	N	N	N	N	N	N	0.0029	0.0000	14.5378	0.0000	0.0000	0.0000	3.2862	17.2610	0.0001	0.0000	0.0006	0.0000	0.0000	0.0000	0.0001	0.0000	0.0007	0.0199	0.0253	0.0000	0.0384	0.0325	0.0001	0.0000	0.0000	0.0000	inf	0.0068	0.0000	-0.0000	0.0006	1.9232	1.1867	1.1116	0.0000	0.0000	0.0000	0.0000	0.0000	0.0000	0.0000	0.0000	0.0000	0.0000	0.0000	0.0000	0.0000	0.0000	0.0000	0.0000	0.0000	0.0000	0.0001	0.0001	0.0000	0.0001	0.0001	0.0000	0.0001	0.0000	0.0000	0.0109	0.0076	0.0033	0.0032	0.0031	0.0001	0.0077	0.0044	0.0032	0.0311	0.0000	14.5378	0.0000	0.0000	0.0000	6.6942	0.0000	17.2610	0.0019	0.0027	0.0000	0.0064	0.0065	0.0001	0.0000	0.0000	0.0000	
59	141	0.6483	7	0	1	1	0	0	0	0	0	N	N	N	N	N	N	N	N	N	N	N	N	inf	inf	inf	inf	0.9890	0.0000	13.5674	0.0000	0.0000	0.0000	2.6623	0.0000	20.5166	0.0000	0.0000	0.0000	0.0000	0.0000	0.0000	0.0000	0.0000	0.0000	inf	0.0002	0.0000	0.0006	3.0000	1.1867	1.0000	0.0002	0.0000	0.0002	0.0000	0.0000	0.0000	0.0002	0.0000	0.0002	0.0000	0.0000	0.0000	0.0000	0.0000	0.0000	0.0000	0.0000	0.0000	0.0002	0.0002	0.0000	0.0001	0.0001	0.0000	0.0001	0.0001	0.0000	0.0099	0.0058	0.0041	0.0038	0.0034	0.0005	0.0060	0.0024	0.0036	inf	0.0000	inf	0.0000	0.0000	0.0000	inf	0.0000	inf	0.0000	0.0000	0.0000	0.0000	0.0000	0.0000	0.0000	0.0000	0.0000						
59	142	0.6291	6	0	0	1	0	0	0	0	0	N	N	N	N	N	N	N	N	N	N	N	N	inf	inf	inf	inf	0.0000	0.0000	0.0004	0.0000	0.0000	0.0000	0.0001	0.0000	0.0006	0.0000	0.0000	0.0000	0.0000	0.0000	0.0000	0.0000	0.0000	0.0000	inf	0.0000	0.0000	0.0006	1.0000	1.1867	1.0000	0.0000	0.0000	0.0000	0.0000	0.0000	0.0000	0.0000	0.0000	0.0000	0.0000	0.0000	0.0000	0.0000	0.0000	0.0000	0.0000	0.0000	0.0000	0.0001	0.0001	0.0000	0.0000	0.0000	0.0000	0.0000	0.0000	0.0000	0.0051	0.0030	0.0021	0.0020	0.0017	0.0002	0.0031	0.0012	0.0019	inf	0.0000	inf	0.0000	0.0000	0.0000	inf	0.0000	inf	0.0000	0.0000	0.0000	0.0000	0.0000	0.0000	0.0000	0.0000	0.0000						
59	143	0.3787	5	0	0	1	0	0	0	0	0	N	N	N	N	N	N	N	N	N	N	N	N	0.0003	0.0002	0.0060	0.0085	0.0093	0.0032	0.0000	0.0000	0.0638	0.0019	0.0022	0.0002	0.0039	0.0041	0.0002	0.0000	0.0000	0.0002	7.2896	10.1239	0.0296	0.4525	0.4447	0.0487	22.4005	42.2498	0.0029	0.0123	0.0004	-0.0000	-0.5075	0.0006	7.1211	1.1867	10.9474	0.0000	0.0000	0.0000	0.0000	0.0000	0.0000	0.0000	0.0000	0.0000	0.9732	0.9728	0.0004	0.0025	0.0022	0.0003	0.9707	0.9706	0.0001	0.0005	0.0005	0.0001	0.0003	0.0002	0.0000	0.0003	0.0002	0.0001	0.1335	0.0961	0.0374	0.0902	0.0731	0.0171	0.0433	0.0230	0.0204	0.0003	0.0002	0.0167	0.1392	0.1399	0.0077	0.0000	0.0000	0.0638	7.2896	10.1239	0.0107	0.0278	0.0296	0.0200	22.4005	42.2498	0.0029
59	144	0.1839	4	0	0	1	0	0	0	0	0	N	N	N	N	N	N	N	N	N	N	N	N	0.0528	0.0262	9.6077	0.3036	0.2052	452.9001	0.0206	0.0056	11.7789	0.1267	0.0810	0.4539	0.2188	0.1475	1.4067	0.0625	0.0284	0.2307	2.3996	3.0908	0.0472	0.7205	0.7185	0.0031	3.0394	5.1196	0.0196	0.7825	0.0035	0.0000	-0.0830	0.0006	8.5175	1.1867	23.1696	0.0001	0.0000	0.0000	0.0000	0.0000	0.0000	0.0000	0.0000	0.0000	0.1602	0.1596	0.0006	0.0025	0.0025	0.0000	0.1577	0.1571	0.0005	0.0006	0.0005	0.0001	0.0002	0.0002	0.0000	0.0003	0.0003	0.0001	0.1341	0.0963	0.0379	0.0550	0.0485	0.0065	0.0792	0.0478	0.0314	0.1061	0.0489	30.7800	4.7650	2.8500	579.2078	0.0314	0.0086	13.3334	1.1942	1.6582	0.0147	0.0459	0.0517	0.0024	1.9919	3.2880	0.0173
59	145	0.1585	7	1	1	1	0	0	0	0	0	N	N	N	N	N	N	N	N	N	N	N	N	186.7545	161.8193	192.8224	224.4498	2.8195	3.1633	0.0000	5.5035	5.7121	0.0000	0.0000	0.0000	0.0000	0.0151	0.0195	0.0000	0.0285	0.0254	0.0000	0.0000	0.0000	0.0000	0.0000	0.0000	-0.0000	-0.0000	0.0006	1.0000	1.1867	1.0000	0.0001	0.0001	0.0000	0.0001	0.0001	0.0000	0.0000	0.0000	0.0000	0.0000	0.0000	0.0000	0.0000	0.0000	0.0000	0.0000	0.0000	0.0000	0.0000	0.0000	0.0000	0.0000	0.0000	0.0000	0.0000	0.0000	0.0000	0.0063	0.0044	0.0019	0.0018	0.0018	0.0000	0.0045	0.0026	0.0019	1773.2999	1391.1662	0.0000	990.2018	1014.4664	0.0000	0.0000	0.0000	0.0000	0.0016	0.0023	0.0000	0.0056	0.0056	0.0000	0.0000	0.0000	0.0000					
59	146	0.1585	6	0	1	1	0	0	0	0	0	N	N	N	N	N	N	N	N	N	N	N	N	0.0000	0.0000	0.0000	0.0000	0.0000	0.0000	0.0000	0.0000	0.0000	0.0000	0.0000	0.0000	0.0000	0.0000	0.0000	0.0000	0.0000	0.0000	0.0000	0.0000	0.0006	0.0003	1.1867	0.0000	0.0000	0.0000	0.0000	0.0000	0.0000	0.0000	0.0000	0.0000	0.0000	0.0000	0.0000	0.0000	0.0000	0.0000	0.0000	0.0000	0.0000	0.0000	0.0000	0.0000	0.0000	0.0000	0.0000	0.0000	0.0000	0.0000	0.0000	0.0000	0.0000	0.0000	0.0000	0.0000	0.0000	0.0000	0.0000	0.0000	0.0000	0.0000	0.0000	0.0000	0.0000	0.0000	0.0000	0.0000	0.0000	0.0000	0.0000	0.0000	0.0000	0.0000	0.0000	0.0000	0.0000	0.0000											
59	147	0.1399	5	0	0	1	0	0	0	0	0	N	N	N	N	N	N	N	N	N	N	N	N	0.1863	0.0000	7.6174	0.0000	0.0000	0.0000	3.3761	10.8673	0.0000	0.0000	0.0003	0.0000	0.0000	0.0000	0.0001	0.0000	0.0003	0.0001	0.0003	0.0000	0.0005	0.0004	0.0004	0.0000	0.0000	0.0000	inf	0.5694	0.0000	-0.0000	0.0006	4.9449	1.1867	1.0063	0.0000	0.0000	0.0000	0.0000	0.0000	0.0000	0.0000	0.0000	0.0000	0.0000	0.0000	0.0000	0.0000	0.0000	0.0000	0.0000	0.0000	0.0000	0.0002	0.0002	0.0000	0.0001	0.0001	0.0000	0.0001	0.0001	0.0000	0.0200	0.0139	0.0061	0.0057	0.0056	0.0001	0.0143	0.0083	0.0059	0.9389	0.0000	7.6174	0.0000	0.0000	0.0000	4.4489	0.0000	10.8673	0.0000	0.0000	0.0000	0.0001	0.0001	0.0004	0.0000	0.0000	0.0000	
59	148	0.1233	4	0	0	1	0	0	0	0	0	N	N	N	N	N	N	N	N	N	N	N	N	0.4499	0.0077	87.0193	0.0153	0.0150	0.5505	33.8493	0.0000	116.5261	0.0042	0.0001	0.0393	0.0002	0.0001	0.0016	0.0072	0.0000	0.0433	0.0094	0.0088	0.0005	0.0113	0.0096	0.0030	0.0002	0.0003	0.0004	68.6212	0.1378	0.0000	-0.0000	0.0006	3.4778	1.1867	1.2917	0.0000	0.0000	0.0000	0.0000	0.0000	0.0000	0.0000	0.0000	0.0000	0.0000	0.0000	0.0000	0.0000	0.0000	0.0000	0.0000	0.0000	0.0000	0.0002	0.0002	0.0000	0.0001	0.0001	0.0000	0.0001	0.0001	0.0000	0.0238	0.0162	0.0076	0.0082	0.0079	0.0003	0.0156	0.0083	0.0073	3.5479	0.0442	87.0193	0.0557	0.0461	0.6983	41.6188	0.0000	116.5261	0.0012	0.0015	0.0005	0.0031	0.0031	0.0023	0.0002	0.0000	0.0004
59	149	0.0730	3	0	0	1	0	0	0	0	0	N	N	N	N	N	N	N	N	N	N	N	N	198.6643	39.1737	4233.3910	60.9329	68.2623	0.0000	917.6184	0.0253	3509.9709	0.5008	0.0241	5.1742	0.0662	0.0664	0.0000	0.7146	0.0000	5.2270	0.0025	0.0006	0.0012	0.0011	0.0010	0.0000	0.0008	0.0003	0.0015	21.9239	2.2010	0.0002	0.0000	0.0006	7.8050	1.1867	4.0035	0.0002	0.0000	0.0002	0.0000	0.0000	0.0000	0.0002	0.0000	0.0002	0.0000	0.0000	0.0000	0.0000	0.0000	0.0000	0.0000	0.0000	0.0000	0.0005	0.0004	0.0000	0.0002	0.0002	0.0000	0.0003	0.0003	0.0000	0.0643	0.0446	0.0197	0.0240	0.0204	0.0035	0.0403	0.0242	0.0162	919.4728	98.1358	4233.3910	145.4159	124.3893	0.0000	1195.7223	5.7364	3509.9709	0.0005	0.0002	0.0012	0.0005	0.0005	0.0000	0.0006	0.0000	0.0015
59	150	0.2003	5	0	0	1	0	0	0	0	0	N	N	N	N	N	N	N	N	N	N	N	N	0.9252	0.0047	54.1252	6.4882	0.0120	495.5060	4.0590	0.0000	57.2277	0.1591	0.0002	1.0094	0.2126	0.0004	2.2899	0.1155	0.0000	0.5490	0.1720	0.0373	0.0186	0.0328	0.0300	0.0046	0.0284	0.0005	0.0096	1085.7470	1.0084	0.0000	-0.0000	0.0006	3.7255	1.1867	14.1767	0.0001	0.0000	0.0001	0.0000	0.0000	0.0000	0.0000	0.0000	0.0000	0.0004	0.0002	0.0002	0.0002	0.0002	0.0000	0.0002	0.0000	0.0002	0.0003	0.0003	0.0001	0.0002	0.0001	0.0000	0.0002	0.0001	0.0000	0.0944	0.0676	0.0268	0.0408	0.0355	0.0053	0.0536	0.0321	0.0215	33.7109	0.0530	120.9092	36.2440	0.0575	692.6492	30.0110	0.0000	57.2277	0.0047	0.0033	0.0083	0.0059	0.0062	0.0033	0.0038	0.0000	0.0096
59	151	0.1839	4	0	0	1	0	0	0	0	0	N	N	N	N	N	N	N	N	N	N	N	N	2.5462	3.0427	198.7773	13.6054	10.6144	166.6859	15.8811	0.0578	134.4083	0.2406	0.1534	0.5665	0.3813	0.2780	1.0221	0.0972	0.0008	0.3397	0.0945	0.0504	0.0028	0.0280	0.0262	0.0061	0.0061	0.0141	0.0025	0.9871	0.3176	0.0000	-0.0000	0.0006	1.4205	1.1867	4.0377	0.0000	0.0000	0.0000	0.0000	0.0000	0.0000	0.0000	0.0000	0.0000	0.0002	0.0001	0.0000	0.0001	0.0001	0.0000	0.0000	0.0000	0.0000	0.0002	0.0002	0.0000	0.0001	0.0001	0.0000	0.0001	0.0001	0.0000	0.0486	0.0344	0.0143	0.0233	0.0206	0.0027	0.0253	0.0138	0.0116	69.4203	41.2385	198.7773	69.0612	48.8661	241.0835	61.8082	1.0627	134.4083	0.0035	0.0037	0.0028	0.0055	0.0057	0.0042	0.0016	0.0008	0.0025
59	152	0.0730	3	0	0	1	0	0	0	0	0	N	N	N	N	N	N	N	N	N	N	N	N	0.2339	0.2775	0.0021	1.1268	1.0409	0.0000	0.0002	0.0000	0.0045	0.1358	0.1497	0.0001	0.4131	0.4143	0.0000	0.0000	0.0000	0.0001	0.5806	0.5396	0.0570	0.3666	0.3980	0.0000	0.0973	0.0035	0.0267	0.0001	0.6814	-0.0000	-0.0001	0.0006	6.4701	1.1867	12.4371	0.0001	0.0001	0.0000	0.0001	0.0001	0.0000	0.0000	0.0000	0.0000	0.0012	0.0007	0.0005	0.0007	0.0007	0.0000	0.0005	0.0000	0.0005	0.0004	0.0004	0.0000	0.0001	0.0001	0.0000	0.0003	0.0002	0.0000	0.0918	0.0638	0.0280	0.0328	0.0283	0.0045	0.0590	0.0355	0.0234	10.0034	12.8916	0.0067	18.4241	15.9159	0.0000	0.0019	0.0000	0.0056	0.0136	0.0116	0.0180	0.0224	0.0260	0.0000	0.0087	0.0001	0.0215
60	61	0.7009	9	0	0	1	0	0	0	0	0	N	N	N	N	N	N	N	N	N	N	N	N	0.0000	0.0000	0.0400	0.0000	0.0000	354.9776	0.0000	0.0000	0.0000	0.0000	0.0000	0.0000	0.0000	0.0000	0.0001	0.0000	0.0000	0.0000	0.4249	0.6768	0.0007	0.3065	0.3132	0.0000	0.0011	0.0092	0.0009	1.0999	0.0326	0.0000	-0.0005	2.2785	1.0901	4.8627	7.9319	0.0000	0.0000	0.0000	0.0000	0.0000	0.0000	0.0000	0.0000	0.0000	0.0009	0.0009	0.0000	0.0009	0.0009	0.0000	0.0000	0.0000	0.0000	0.1210	0.1103	0.0107	0.0856	0.0803	0.0054	0.0354	0.0300	0.0053	0.1016	0.0615	0.0401	0.0490	0.0424	0.0066	0.0526	0.0191	0.0335	0.0005	0.0002	0.0400	0.0004	0.0002	354.9776	0.0000	0.0000	0.0000	0.0094	0.0150	0.0007	0.0186	0.0215	0.0000	0.0008	0.0005	0.0009
60	62	0.6708	8	0	0	0	0	0	0	0	0	N	N	N	N	N	N	N	N	N	N	N	N	0.0179	0.0146	1.7355	0.0601	0.0731	0.3631	0.0010	0.0000	0.5405	0.0008	0.0005	0.0040	0.0015	0.0009	0.0111	0.0000	0.0000	0.0000	0.0474	0.0361	0.0023	0.0242	0.0119	0.0306	0.0016	0.0603	0.0000	0.7701	0.4624	0.0000	-0.0000	2.2785	1.6797	4.8627	2.9843	0.0001	0.0001	0.0001	0.0001	0.0001	0.0001	0.0000	0.0000	0.0000	0.0001	0.0001	0.0000	0.0001	0.0001	0.0000	0.0000	0.0000	0.0000	0.1755	0.1592	0.0163	0.1021	0.0963	0.0058	0.0734	0.0629	0.0104	0.0466	0.0281	0.0186	0.0226	0.0196	0.0030	0.0240	0.0085	0.0156	0.2937	0.1610	1.7355	0.2894	0.2400	0.7830	0.0019	0.0004	0.5405	0.0029	0.0033	0.0023	0.0050	0.0036	0.0142	0.0009	0.0025	0.0000
60	63	0.6607	7	0	0	0	0	0	0	0	0	N	N	N	N	N	N	N	N	N	N	N	N	45.4042	24.5529	710.0472	44.6610	50.1641	2866.4311	11.8280	0.2286	284.3316	0.0069	0.0071	0.0052	0.0118	0.0117	0.0144	0.0009	0.0007	0.0022	0.0002	0.0003	0.0000	0.0003	0.0002	0.0000	0.0001	0.0031	0.0000	0.0618	0.1023	-0.0001	-0.0000	2.2785	0.4935	4.8627	1.5835	0.0007	0.0006	0.0000	0.0006	0.0006	0.0000	0.0000	0.0000	0.0000	0.0000	0.0000	0.0000	0.0000	0.0000	0.0000	0.0000	0.0000	0.0000	0.0957	0.0883	0.0074	0.0532	0.0513	0.0018	0.0425	0.0370	0.0056	0.0207	0.0124	0.0083	0.0103	0.0089	0.0014	0.0104	0.0035	0.0069	218.9506	147.6225	710.0472	686.2513	612.9340	2866.4311	19.7624	5.8512	284.3316	0.0000	0.0000	0.0000	0.0000	0.0000	0.0000	0.0000	0.0001	0.0000
60	64	0.6976	9	0	1	0	0	0	0	0	0	N	N	N	N	N	N	N	N	N	N	N	N	0.0246	0.0569	0.0000	0.0419	0.1311	0.0000	0.0000	0.0000	0.0004	0.0004	0.0000	0.0005	0.0005	0.0000	0.0000	0.0000	0.0000	0.0153	0.0076	0.0020	0.0113	0.0041	0.0204	0.0001	0.0023	0.0000	0.0000	0.9433	-0.0000	-0.0000	2.2785	0.2944	4.8627	1.0083	0.0000	0.0000	0.0000	0.0000	0.0000	0.0000	0.0000	0.0000	0.0000	0.0000	0.0000	0.0000	0.0000	0.0000	0.0000	0.0000	0.0000	0.0000	0.0371	0.0320	0.0051	0.0294	0.0256	0.0038	0.0076	0.0064	0.0012	0.0129	0.0078	0.0051	0.0066	0.0057	0.0009	0.0063	0.0021	0.0042	0.2343	0.3178	0.0000	0.1521	0.2943	0.0000	0.0000	0.0000	0.0000	0.0016	0.0014	0.0020	0.0031	0.0018	0.0109	0.0000	0.0001	0.0000	
60	65	0.6768	8	0	0	0	0	0	0	0	0	N	N	N	N	N	N	N	N	N	N	N	N	0.1935	0.3491	2.0889	2.1537	2.3440	0.1531	0.1745	0.0098	2.5843	0.0007	0.0006	0.0017	0.0008	0.0008	0.0000	0.0007	0.0004	0.0026	0.0038	0.0019	0.0008	0.0004	0.0003	0.0000	0.0041	0.0424	0.0010	0.2595	0.9416	-0.0000	-0.0000	2.2785	1.1351	4.8627	2.0429	0.0001	0.0001	0.0000	0.0001	0.0001	0.0000	0.0000	0.0000	0.0000	0.0000	0.0000	0.0000	0.0000	0.0000	0.0000	0.0000	0.0000	0.0000	0.1387	0.1265	0.0123	0.0792	0.0752	0.0040	0.0596	0.0513	0.0083	0.0321	0.0194	0.0127	0.0160	0.0139	0.0021	0.0161	0.0055	0.0106	1.0984	1.1222	2.0889	20.3218	18.8192	0.1531	0.5438	0.2156	2.5843	0.0007	0.0006	0.0008	0.0000	0.0000	0.0000	0.0013	0.0019	0.0010
60	66	0.6607	7	0	0	0	0	0	0	0	0	N	N	N	N	N	N	N	N	N	N	N	N	0.5159	19.9209	1.5382	24.4818	24.7313	8084.8880	0.0514	1.1184	0.5228	0.0067	0.0068	0.0053	0.0113	0.0112	0.0149	0.0009	0.0007	0.0022	0.0130	0.0003	0.0034	0.0005	0.0005	0.0000	0.0175	0.0006	0.0041	0.0654	35.6548	-0.0001	0.0000	2.2785	0.4912	4.8627	2.4266	0.0006	0.0006	0.0000	0.0006	0.0006	0.0000	0.0000	0.0000	0.0000	0.0000	0.0000	0.0000	0.0000	0.0000	0.0000	0.0000	0.0000	0.0000	0.0956	0.0882	0.0074	0.0531	0.0513	0.0018	0.0425	0.0369	0.0056	0.0288	0.0172	0.0116	0.0143	0.0124	0.0019	0.0144	0.0048	0.0096	4.7037	105.0058	1.5382	148.5353	127.3202	8084.8880	0.3254	128.1489	0.5228	0.0014	0.0001	0.0034	0.0001	0.0001	0.0000	0.0028	0.0000	0.0041
60	67	0.6555	6	0	0	0	0	0	0	0	0	N	N	N	N	N	N	N	N	N	N	N	N	584.2263	361.1151	110.5986	266.5007	307.2941	3516.2229	2024.2104	175.2682	60.5848	0.1670	0.1787	0.0031	0.1893	0.1983	0.0041	0.1048	0.1195	0.0020	0.0003	0.0005	0.0000	0.0007	0.0006	0.0000	0.0001	0.0007	0.0000	0.0012	0.1082	-0.0082	-0.0000	2.2785	0.6141	4.8627	1.2701	0.0316	0.0316	0.0000	0.0264	0.0264	0.0000	0.0052	0.0052	0.0000	0.0000	0.0000	0.0000	0.0000	0.0000	0.0000	0.0000	0.0000	0.0000	0.1894	0.1768	0.0127	0.1395	0.1330	0.0064	0.0500	0.0438	0.0062	0.0196	0.0119	0.0078	0.0098	0.0085	0.0013	0.0098	0.0034	0.0065	1471.5062	1055.8178	110.5986	930.6507	848.6100	3516.2229	4341.1649	18423.7583	60.5848	0.0001	0.0002	0.0000	0.0002	0.0002	0.0000	0.0000	0.0000	0.0000
60	68	0.6229	5	1	1	1	0	0	0	0	0	N	N	N	N	N	N	N	N	N	N	N	N	0.0000	0.0000	0.0000	0.0000	0.0000	0.0000	0.0000	0.0000	0.0000	0.0000	0.0000	0.0000	0.0000	0.0000	0.0000	0.0000	0.0000	0.0000	0.0000	0.0000	2.2785	0.0000	4.8627	0.0000	0.0000	0.0000	0.0000	0.0000	0.0000	0.0000	0.0000	0.0000	0.0000	0.0000	0.0000	0.0000	0.0000	0.0000	0.0000	0.0000	0.0000	0.0000	0.0000	0.0000	0.0000	0.0000	0.0000	0.0000	0.0000	0.0000	0.0000	0.0000	0.0000	0.0000	0.0000	0.0000	0.0000	0.0000	0.0000	0.0000	0.0000	0.0000	0.0000	0.0000	0.0000	0.0000	0.0000	0.0000	0.0000	0.0000	0.0000	0.0000	0.0000	0.0000	0.0000	0.0000	0.0000	0.0000											
60	69	0.1533	5	1	1	1	0	0	0	0	0	N	N	N	N	N	N	N	N	N	N	N	N	0.0000	0.0000	0.0000	0.0000	0.0000	0.0000	0.0000	0.0000	0.0000	0.0000	0.0000	0.0000	0.0000	0.0000	0.0000	0.0000	0.0000	0.0000	0.0000	0.0000	2.2785	1.0000	4.8627	0.0000	0.0000	0.0000	0.0000	0.0000	0.0000	0.0000	0.0000	0.0000	0.0000	0.0000	0.0000	0.0000	0.0000	0.0000	0.0000	0.0000	0.0000	0.0000	0.1172	0.1075	0.0097	0.0871	0.0814	0.0057	0.0301	0.0261	0.0040	0.0114	0.0054	0.0061	0.0009	0.0008	0.0000	0.0106	0.0045	0.0060	0.0000	0.0000	0.0000	0.0000	0.0000	0.0000	0.0000	0.0000	0.0000	0.0000	0.0000	0.0000	0.0000	0.0000	0.0000	0.0000	0.0000	0.0000											
60	70	0.1533	5	1	1	1	0	0	0	0	0	N	N	N	N	N	N	N	N	N	N	N	N	0.0000	0.0000	0.0000	0.0000	0.0000	0.0000	0.0000	0.0000	0.0000	0.0000	0.0000	0.0000	0.0000	0.0000	0.0000	0.0000	0.0000	0.0000	0.0000	0.0000	2.2785	0.0000	4.8627	0.0000	0.0000	0.0000	0.0000	0.0000	0.0000	0.0000	0.0000	0.0000	0.0000	0.0000	0.0000	0.0000	0.0000	0.0000	0.0000	0.0000	0.0000	0.0000	0.0000	0.0000	0.0000	0.0000	0.0000	0.0000	0.0000	0.0000	0.0000	0.0000	0.0000	0.0000	0.0000	0.0000	0.0000	0.0000	0.0000	0.0000	0.0000	0.0000	0.0000	0.0000	0.0000	0.0000	0.0000	0.0000	0.0000	0.0000	0.0000	0.0000	0.0000	0.0000	0.0000	0.0000	0.0000	0.0000											
60	71	0.1310	4	1	1	1	0	0	0	0	0	N	N	N	N	N	N	N	N	N	N	N	N	0.0000	0.0000	0.0000	0.0000	0.0000	0.0000	0.0000	0.0000	0.0000	0.0000	0.0000	0.0000	0.0000	0.0000	0.0000	0.0000	0.0000	0.0000	0.0000	0.0000	2.2785	2.0000	4.8627	1.0000	0.0000	0.0000	0.0000	0.0000	0.0000	0.0000	0.0000	0.0000	0.0000	0.0000	0.0000	0.0000	0.0000	0.0000	0.0000	0.0000	0.0000	0.0000	0.2196	0.2007	0.0188	0.1535	0.1431	0.0104	0.0661	0.0576	0.0085	0.0400	0.0196	0.0204	0.0044	0.0043	0.0001	0.0356	0.0154	0.0203	0.0000	0.0000	0.0000	0.0000	0.0000	0.0000	0.0000	0.0000	0.0000	0.0000	0.0000	0.0000	0.0000	0.0000	0.0000	0.0000	0.0000	0.0000											
60	72	0.1080	3	1	0	1	0	0	0	0	0	N	N	N	N	N	N	N	N	N	N	N	N	0.0000	0.0000	0.0000	0.0000	0.0000	0.0000	0.0000	0.0000	0.0000	0.0000	0.0000	0.0000	0.0000	0.0000	0.0000	0.0000	0.0000	0.0000	0.0000	-0.0000	2.2785	1.0017	4.8627	2.0007	0.0000	0.0000	0.0000	0.0000	0.0000	0.0000	0.0000	0.0000	0.0000	0.0000	0.0000	0.0000	0.0000	0.0000	0.0000	0.0000	0.0000	0.0000	0.0854	0.0771	0.0084	0.0466	0.0435	0.0031	0.0388	0.0335	0.0053	0.0390	0.0185	0.0205	0.0024	0.0024	0.0000	0.0366	0.0161	0.0205	0.0000	0.0000	0.0000	0.0000	0.0000	0.0000	0.0000	0.0000	0.0000	0.0000	0.0000	0.0000	0.0000	0.0000	0.0000	0.0000	0.0000	0.0000											
60	73	0.6421	6	1	1	0	0	0	0	0	0	N	N	N	N	N	N	N	N	N	N	N	N	inf	inf	inf	inf	inf	inf	inf	0.2690	0.4317	0.0004	0.4995	0.5066	0.0000	0.0003	0.0000	0.0004	0.0000	0.0000	0.0000	0.0000	0.0000	0.0000	0.0000	0.0000	0.0000	0.0006	-0.0000	0.0000	2.2785	0.0000	4.8627	0.0000	0.0000	0.0000	0.0000	0.0000	0.0000	0.0000	0.0000	0.0000	0.0000	0.0000	0.0000	0.0000	0.0000	0.0000	0.0000	0.0000	0.0000	0.0000	0.0000	0.0000	0.0000	0.0000	0.0000	0.0000	0.0000	0.0000	0.0000	0.0000	0.0000	0.0000	0.0000	0.0000	0.0000	0.0000	0.0000	0.0000	inf	inf	inf	inf	inf	0.0000	inf	0.0000	inf	0.0000	0.0000	0.0000	0.0000	0.0000	0.0000	0.0000	0.0000	0.0000			
60	74	0.1350	4	1	1	0	0	0	0	0	0	N	N	N	N	N	N	N	N	N	N	N	N	0.0000	0.0000	0.0000	0.0000	0.0000	0.0000	0.0000	0.0000	0.0000	0.0000	0.0000	0.0000	0.0000	0.0001	0.0001	0.0000	0.0000	0.0000	0.0000	0.0000	0.0007	0.0000	0.0000	0.0000	-0.0000	2.2785	0.0000	4.8627	0.0010	0.0000	0.0000	0.0000	0.0000	0.0000	0.0000	0.0000	0.0000	0.0000	0.0000	0.0000	0.0000	0.0000	0.0000	0.0000	0.0000	0.0000	0.0000	0.0000	0.0000	0.0000	0.0000	0.0000	0.0000	0.0000	0.0000	0.0000	0.0056	0.0045	0.0011	0.0028	0.0028	0.0000	0.0028	0.0017	0.0011	0.0000	0.0000	0.0000	0.0000	0.0000	0.0000	0.0000	0.0000	0.0000	0.0000	0.0000	0.0000	0.0000	0.0000	0.0000	0.0000	0.0000	0.0000						
60	75	0.0638	4	0	1	0	1	0	0	0	0	N	N	N	N	N	N	N	N	N	N	N	N	0.0000	0.0000	0.0000	0.0000	0.0000	0.0000	0.0000	0.0000	0.0000	0.0000	0.0000	0.0000	0.0000	0.0000	0.0000	0.0000	0.0000	0.0000	0.0000	0.0000	2.2785	0.0000	4.8627	0.0000	0.0000	0.0000	0.0000	0.0000	0.0000	0.0000	0.0000	0.0000	0.0000	0.0000	0.0000	0.0000	0.0000	0.0000	0.0000	0.0000	0.0000	0.0000	0.0000	0.0000	0.0000	0.0000	0.0000	0.0000	0.0000	0.0000	0.0000	0.0000	0.0000	0.0000	0.0000	0.0000	0.0000	0.0000	0.0000	0.0000	0.0000	0.0000	0.0000	0.0000	0.0000	0.0000	0.0000	0.0000	0.0000	0.0000	0.0000	0.0000	0.0000	0.0000	0.0000	0.0000	0.0000	0.0000											
60	76	0.0638	4	0	0	0	1	0	0	0	0	N	N	N	N	N	N	N	N	N	N	N	N	0.0000	0.0000	0.0000	0.0000	0.0000	0.0000	0.0000	0.0000	0.0000	0.0000	0.0000	0.0000	0.0000	0.0000	0.0000	0.0000	0.0000	0.0000	0.0000	0.0000	2.2785	0.0000	4.8627	0.0000	0.0000	0.0000	0.0000	0.0000	0.0000	0.0000	0.0000	0.0000	0.0000	0.0000	0.0000	0.0000	0.0000	0.0000	0.0000	0.0000	0.0000	0.0000	0.0000	0.0000	0.0000	0.0000	0.0000	0.0000	0.0000	0.0000	0.0000	0.0000	0.0000	0.0000	0.0000	0.0000	0.0000	0.0000	0.0000	0.0000	0.0000	0.0000	0.0000	0.0000	0.0000	0.0000	0.0000	0.0000	0.0000	0.0000	0.0000	0.0000	0.0000	0.0000	0.0000	0.0000	0.0000	0.0000											
60	77	0.0485	3	0	0	0	1	0	0	0	0	N	N	N	N	N	N	N	N	N	N	N	N	0.0001	0.0004	0.0000	0.0039	2.5368	0.2283	0.0000	0.0000	0.0000	0.0003	0.0003	0.0002	0.0014	0.0013	0.1460	0.0000	0.0000	0.0000	5.7139	0.8205	24.1729	0.3536	0.0005	0.6393	9.0155	1.9011	29.3128	0.1048	457.6358	-0.0000	0.3248	2.2785	0.0002	4.8627	2.9297	0.0000	0.0000	0.0000	0.0000	0.0000	0.0000	0.0000	0.0000	0.0000	0.6825	0.0015	0.6810	0.0009	0.0000	0.0009	0.6816	0.0015	0.6801	0.0000	0.0000	0.0000	0.0000	0.0000	0.0000	0.0000	0.0000	0.0000	0.1194	0.0758	0.0437	0.0438	0.0386	0.0052	0.0756	0.0372	0.0384	0.0001	0.0160	0.0000	0.0675	11.1910	0.8451	0.0000	0.0000	0.0000	5.7139	0.0196	15.6011	0.0206	0.0001	0.1727	9.0155	0.0399	17.6893
60	78	0.0444	2	0	0	0	1	0	0	0	0	N	N	N	N	N	N	N	N	N	N	N	N	0.0086	0.0003	0.0145	0.0768	0.0944	0.0106	0.0001	0.0127	0.1595	0.0003	0.5696	0.0004	0.0004	0.0000	0.2174	0.0002	0.5699	18.5520	1.1418	39.1977	0.0055	0.0044	0.0000	20.5747	2.1085	44.9287	754.1652	898.8615	0.0000	0.5603	2.2785	0.0003	4.8627	2.1916	0.0000	0.0000	0.0000	0.0000	0.0000	0.0000	0.0000	0.0000	0.0000	1.1746	0.0013	1.1733	0.0000	0.0000	0.0000	1.1746	0.0013	1.1733	0.0001	0.0000	0.0000	0.0000	0.0000	0.0000	0.0000	0.0000	0.0000	0.0633	0.0334	0.0299	0.0062	0.0062	0.0000	0.0571	0.0272	0.0299	0.0086	0.0075	0.0145	0.2078	0.2075	0.0000	0.0106	0.0046	0.0145	18.5520	0.0391	39.1977	0.0020	0.0020	0.0000	20.5747	0.0476	39.2112	
60	80	0.1406	5	0	1	1	0	0	0	0	0	N	N	N	N	N	N	N	N	N	N	N	N	0.0036	inf	0.0000	0.0098	inf	0.0000	0.1351	0.1485	0.0000	0.0000	0.0000	0.0000	0.4095	0.4950	0.0000	37.6263	0.0000	74.8235	0.0000	0.0000	0.0000	41.6818	0.0000	75.3698	0.0000	inf	-0.0000	0.4765	2.2785	0.0029	4.8627	2.0135	0.0001	0.0001	0.0000	0.0000	0.0000	0.0000	0.0001	0.0001	0.0000	0.9967	0.0000	0.9967	0.0000	0.0000	0.0000	0.9967	0.0000	0.9967	0.0005	0.0005	0.0000	0.0003	0.0003	0.0000	0.0002	0.0001	0.0000	0.0265	0.0132	0.0133	0.0026	0.0025	0.0001	0.0239	0.0107	0.0132	0.0036	inf	0.0000	0.0000	0.0000	0.0000	0.0098	inf	0.0000	37.6263	0.0000	74.8235	0.0000	0.0000	0.0000	41.6818	0.0000	75.3698			
60	81	0.1340	4	0	1	0	0	0	0	0	0	N	N	N	N	N	N	N	N	N	N	N	N	1.6675	2.5053	0.0000	0.0335	0.0352	0.0000	4.8829	7791.8071	0.0000	2.2966	2.5065	0.0000	0.0470	0.0488	0.0000	6.0973	7.2872	0.0000	1.3773	1.0005	0.9325	1.4019	1.3852	0.0000	1.2487	0.0009	0.4364	0.0000	8.2755	-0.0537	0.0012	2.2785	0.6188	4.8627	0.9475	0.2063	0.2063	0.0000	0.0027	0.0027	0.0000	0.2037	0.2037	0.0000	0.0032	0.0003	0.0029	0.0003	0.0003	0.0000	0.0029	0.0000	0.0029	0.0898	0.0823	0.0075	0.0564	0.0544	0.0021	0.0334	0.0279	0.0055	0.0236	0.0117	0.0119	0.0034	0.0033	0.0001	0.0203	0.0084	0.0119	16.9061	84.6088	0.0000	0.4565	0.4631	0.0000	43.1476	569825.6301	0.0000	0.1358	0.0296	0.2397	0.1029	0.1053	0.0000	0.1413	0.0000	0.2412
60	82	0.6453	6	0	1	1	0	0	0	0	0	N	N	N	N	N	N	N	N	N	N	N	N	0.0000	0.0000	0.0000	0.0000	0.0000	0.0000	0.0000	0.0000	0.0000	0.0000	0.0000	0.0000	0.0000	0.0000	0.0000	0.0000	0.0000	0.0000	0.0000	0.0000	2.2785	0.0000	4.8627	1.0000	0.0000	0.0000	0.0000	0.0000	0.0000	0.0000	0.0000	0.0000	0.0000	0.0000	0.0000	0.0000	0.0000	0.0000	0.0000	0.0000	0.0000	0.0000	0.0000	0.0000	0.0000	0.0000	0.0000	0.0000	0.0000	0.0000	0.0000	0.0112	0.0065	0.0047	0.0053	0.0046	0.0008	0.0058	0.0019	0.0039	0.0000	0.0000	0.0000	0.0000	0.0000	0.0000	0.0000	0.0000	0.0000	0.0000	0.0000	0.0000	0.0000	0.0000	0.0000	0.0000	0.0000	0.0000											
60	83	0.1080	3	1	0	1	0	0	0	0	0	N	N	N	N	N	N	N	N	N	N	N	N	0.0000	0.0001	0.0000	0.0001	0.0001	0.0000	0.0002	0.0002	0.0006	0.0000	0.0000	0.0000	0.0005	0.0004	0.0010	7.0718	1.5990	21.7491	0.0000	0.0000	0.0000	7.5286	2.8048	25.3480	0.4000	136.5492	0.0000	0.4741	2.2785	9.0001	4.8627	3.0001	0.0001	0.0001	0.0000	0.0000	0.0000	0.0000	0.0001	0.0001	0.0000	1.0069	0.0073	0.9995	0.0000	0.0000	0.0000	1.0069	0.0073	0.9995	0.6125	0.5502	0.0624	0.3019	0.2811	0.0208	0.3107	0.2691	0.0416	0.1424	0.0678	0.0745	0.0086	0.0085	0.0001	0.1337	0.0593	0.0744	0.0000	0.0017	0.0000	0.0000	0.0000	0.0000	0.0001	0.0030	0.0001	7.0718	0.1079	13.4083	0.0000	0.0000	0.0000	7.5286	0.1234	13.4288			
60	84	0.6229	5	1	0	1	0	0	0	0	0	N	N	N	N	N	N	N	N	N	N	N	N	0.0000	0.0000	0.0000	0.0000	0.0000	0.0000	0.0000	0.0000	0.0000	0.0000	0.0000	0.0000	0.0000	0.0000	0.0000	0.0000	0.0000	0.0000	0.0000	0.0000	2.2785	4.0000	4.8627	0.0000	0.0000	0.0000	0.0000	0.0000	0.0000	0.0000	0.0000	0.0000	0.0000	0.0000	0.0000	0.0000	0.0000	0.0000	0.0000	0.0000	0.0000	0.0000	0.2697	0.2462	0.0235	0.1720	0.1621	0.0098	0.0977	0.0841	0.0136	0.0236	0.0120	0.0116	0.0085	0.0072	0.0013	0.0151	0.0048	0.0103	0.0000	0.0000	0.0000	0.0000	0.0000	0.0000	0.0000	0.0000	0.0000	0.0000	0.0000	0.0000	0.0000	0.0000	0.0000	0.0000	0.0000	0.0000											
60	85	0.6690	6	1	1	0	0	0	0	0	0	N	N	N	N	N	N	N	N	N	N	N	N	0.0063	0.0103	0.0906	0.1537	0.1720	0.6238	0.0032	0.0002	0.1050	0.0001	0.0001	0.0001	0.0001	0.0001	0.0000	0.0001	0.0000	0.0002	0.0140	0.0080	0.0016	0.0007	0.0007	0.0000	0.0184	0.1859	0.0019	0.1838	0.6483	-0.0000	-0.0000	2.2785	1.0086	4.8627	1.7435	0.0000	0.0000	0.0000	0.0000	0.0000	0.0000	0.0000	0.0000	0.0000	0.0001	0.0000	0.0000	0.0000	0.0000	0.0000	0.0001	0.0000	0.0000	0.0903	0.0819	0.0084	0.0481	0.0458	0.0023	0.0422	0.0360	0.0061	0.0386	0.0248	0.0139	0.0200	0.0179	0.0021	0.0186	0.0069	0.0117	0.0595	0.0586	0.0906	0.4960	0.4656	0.6238	0.0207	0.0078	0.1050	0.0015	0.0014	0.0016	0.0002	0.0003	0.0000	0.0028	0.0044	0.0019
60	86	0.6229	5	1	1	0	0	0	0	0	0	N	N	N	N	N	N	N	N	N	N	N	N	0.0240	0.0000	14.7736	0.0000	0.0000	0.5613	0.0000	23.1625	0.0000	0.0000	0.0004	0.0000	0.0000	0.0000	0.0001	0.0000	0.0008	0.0015	0.0032	0.0000	0.0022	0.0022	0.0000	0.0002	0.0072	0.0000	1750.2155	0.0338	0.0000	-0.0000	2.2785	1.0165	4.8627	4.1395	0.0000	0.0000	0.0000	0.0000	0.0000	0.0000	0.0000	0.0000	0.0000	0.0000	0.0000	0.0000	0.0000	0.0000	0.0000	0.0000	0.0000	0.0000	0.0748	0.0683	0.0065	0.0485	0.0457	0.0028	0.0263	0.0226	0.0037	0.0300	0.0153	0.0147	0.0108	0.0092	0.0017	0.0192	0.0062	0.0131	0.0863	0.0000	14.7736	0.0000	0.0000	0.0000	0.7036	0.0000	23.1625	0.0004	0.0008	0.0000	0.0009	0.0011	0.0000	0.0002	0.0004	0.0000	
60	87	0.0668	2	1	1	0	0	0	0	0	0	N	N	N	N	N	N	N	N	N	N	N	N	0.0000	0.0000	0.0000	0.0000	0.0000	0.0000	0.0000	0.0000	0.0000	0.0000	0.0000	0.0000	0.0000	0.0000	0.0000	0.0034	0.0053	0.0002	0.0000	0.0000	0.0000	0.0009	0.0211	0.0002	0.1333	0.0000	-0.0001	2.2785	9.0005	4.8627	5.0000	0.0000	0.0000	0.0000	0.0000	0.0000	0.0000	0.0000	0.0000	0.0000	0.0002	0.0002	0.0000	0.0000	0.0000	0.0000	0.0002	0.0002	0.0000	0.7743	0.6908	0.0835	0.0954	0.0934	0.0020	0.6789	0.5974	0.0815	0.2648	0.1405	0.1243	0.0085	0.0084	0.0001	0.2563	0.1321	0.1242	0.0000	0.0000	0.0000	0.0000	0.0000	0.0000	0.0000	0.0000	0.0000	0.0006	0.0011	0.0002	0.0000	0.0000	0.0000	0.0007	0.0011	0.0002				
60	88	0.6453	6	0	1	0	0	0	0	0	0	N	N	N	N	N	N	N	N	N	N	N	N	0.0000	0.0000	0.0000	0.0000	0.0000	0.0000	0.0000	0.0000	0.0000	0.0000	0.0000	0.0000	0.0000	0.0000	0.0000	0.0000	0.0000	0.0000	0.0000	0.0000	2.2785	0.0000	4.8627	0.0000	0.0000	0.0000	0.0000	0.0000	0.0000	0.0000	0.0000	0.0000	0.0000	0.0000	0.0000	0.0000	0.0000	0.0000	0.0000	0.0000	0.0000	0.0000	0.0000	0.0000	0.0000	0.0000	0.0000	0.0000	0.0000	0.0000	0.0000	0.0000	0.0000	0.0000	0.0000	0.0000	0.0000	0.0000	0.0000	0.0000	0.0000	0.0000	0.0000	0.0000	0.0000	0.0000	0.0000	0.0000	0.0000	0.0000	0.0000	0.0000	0.0000	0.0000	0.0000	0.0000	0.0000	0.0000											
60	89	0.1340	4	0	1	0	0	0	0	0	0	N	N	N	N	N	N	N	N	N	N	N	N	0.0000	0.0000	0.0000	0.0000	0.0000	0.0000	0.0000	0.0000	0.0000	0.0000	0.0000	0.0000	0.0000	0.0000	0.0000	0.0000	0.0000	0.3222	0.5951	0.0012	0.8546	0.7861	0.0000	0.0010	0.0006	0.0012	0.0934	0.0000	-0.0001	2.2785	1.9953	4.8627	1.0817	0.0000	0.0000	0.0000	0.0000	0.0000	0.0000	0.0000	0.0000	0.0000	0.0003	0.0003	0.0000	0.0003	0.0003	0.0000	0.0000	0.0000	0.0000	0.1811	0.1643	0.0168	0.0975	0.0927	0.0047	0.0837	0.0716	0.0121	0.0427	0.0210	0.0217	0.0049	0.0047	0.0001	0.0378	0.0163	0.0215	0.0000	0.0000	0.0000	0.0000	0.0000	0.0000	0.0000	0.0000	0.0000	0.0069	0.0129	0.0012	0.0552	0.0569	0.0000	0.0007	0.0000	0.0012		
60	90	0.1080	3	0	1	0	0	0	0	0	0	N	N	N	N	N	N	N	N	N	N	N	N	2.0881	116.9239	0.0027	1.9911	2.1060	inf	4.2134	78.2724	0.0121	4.0804	4.5275	0.0172	0.0002	0.0002	0.0004	8.7726	10.1544	0.0266	1.9542	0.0387	6.3736	0.0001	0.0001	0.0000	2.0821	0.1297	2.1941	0.0004	321.1011	-0.2068	0.0197	2.2785	2.3999	4.8627	4.0713	0.7962	0.7959	0.0003	0.0000	0.0000	0.0000	0.7962	0.7959	0.0003	0.0415	0.0001	0.0414	0.0000	0.0000	0.0000	0.0415	0.0001	0.0414	0.1951	0.1758	0.0193	0.1044	0.0974	0.0070	0.0908	0.0784	0.0124	0.0811	0.0385	0.0426	0.0050	0.0049	0.0001	0.0761	0.0336	0.0425	7.9792	1354.3753	0.0177	161.3988	164.5645	inf	16.0961	2647.9785	0.0274	0.5114	0.0033	0.9709	0.0000	0.0000	0.0000	0.5450	0.0038	0.9723
60	91	0.0687	2	0	0	1	0	0	0	0	0	N	N	N	N	N	N	N	N	N	N	N	N	0.0000	0.0000	0.0000	0.0000	0.0000	0.0000	0.0000	0.0000	0.0000	0.0000	0.0000	0.0000	0.0000	0.0000	0.0000	0.0000	0.0000	0.0000	0.0000	0.0000	2.2785	0.0000	4.8627	0.0000	0.0000	0.0000	0.0000	0.0000	0.0000	0.0000	0.0000	0.0000	0.0000	0.0000	0.0000	0.0000	0.0000	0.0000	0.0000	0.0000	0.0000	0.0000	0.0000	0.0000	0.0000	0.0000	0.0000	0.0000	0.0000	0.0000	0.0000	0.0000	0.0000	0.0000	0.0000	0.0000	0.0000	0.0000	0.0000	0.0000	0.0000	0.0000	0.0000	0.0000	0.0000	0.0000	0.0000	0.0000	0.0000	0.0000	0.0000	0.0000	0.0000	0.0000	0.0000	0.0000	0.0000	0.0000											
60	94	0.1243	4	1	1	0	0	0	0	0	0	N	N	N	N	N	N	N	N	N	N	N	N	1252.2225	0.0058	inf	0.0000	0.0000	22446.4552	0.0082	inf	2.2565	0.0000	24.1613	0.0000	0.0000	0.0000	4.8407	0.0001	36.5039	0.0018	0.0043	0.0000	0.0139	0.0123	0.0000	0.0002	0.0068	0.0000	99988.0001	0.0000	0.7397	-0.0000	2.2785	5.9980	4.8627	4.9575	0.9999	0.0000	0.9999	0.0000	0.0000	0.0000	0.9999	0.0000	0.9999	0.0001	0.0001	0.0000	0.0000	0.0000	0.0000	0.0000	0.0000	0.0000	0.4431	0.4017	0.0414	0.2366	0.2226	0.0140	0.2066	0.1792	0.0274	0.1242	0.0622	0.0620	0.0104	0.0101	0.0002	0.1139	0.0521	0.0618	4849.9681	0.0268	inf	0.0000	0.0000	0.0000	27560.5549	0.1454	inf	0.0005	0.0009	0.0000	0.0036	0.0037	0.0000	0.0002	0.0004	0.0000	
60	95	0.6453	6	1	1	0	0	0	0	0	0	N	N	N	N	N	N	N	N	N	N	N	N	0.0000	0.0000	0.0000	0.0000	0.0000	0.0000	0.0000	0.0000	0.0000	0.0000	0.0000	0.0000	0.0000	0.0112	0.0201	0.0000	0.0098	0.0102	0.0000	0.0000	0.0000	0.0000	0.0000	0.0000	-0.0000	2.2785	0.0000	4.8627	2.0000	0.0000	0.0000	0.0000	0.0000	0.0000	0.0000	0.0000	0.0000	0.0000	0.0000	0.0000	0.0000	0.0000	0.0000	0.0000	0.0000	0.0000	0.0000	0.0000	0.0000	0.0000	0.0000	0.0000	0.0000	0.0000	0.0000	0.0000	0.0221	0.0129	0.0093	0.0106	0.0091	0.0015	0.0115	0.0038	0.0078	0.0000	0.0000	0.0000	0.0000	0.0000	0.0000	0.0000	0.0000	0.0000	0.0014	0.0023	0.0000	0.0028	0.0033	0.0000	0.0000	0.0000	0.0000						
60	96	0.6229	5	0	1	0	0	0	0	0	0	N	N	N	N	N	N	N	N	N	N	N	N	0.0000	0.0000	0.0000	0.0000	0.0000	0.0000	0.0000	0.0000	0.0000	0.0000	0.0000	0.0000	0.0000	0.0000	0.0000	0.0000	0.0000	0.0000	0.0000	0.0000	2.2785	4.0000	4.8627	0.0000	0.0000	0.0000	0.0000	0.0000	0.0000	0.0000	0.0000	0.0000	0.0000	0.0000	0.0000	0.0000	0.0000	0.0000	0.0000	0.0000	0.0000	0.0000	0.2697	0.2462	0.0235	0.1720	0.1621	0.0098	0.0977	0.0841	0.0136	0.0236	0.0120	0.0116	0.0085	0.0072	0.0013	0.0151	0.0048	0.0103	0.0000	0.0000	0.0000	0.0000	0.0000	0.0000	0.0000	0.0000	0.0000	0.0000	0.0000	0.0000	0.0000	0.0000	0.0000	0.0000	0.0000	0.0000											
60	97	0.0668	2	0	0	0	0	0	0	0	0	N	N	N	N	N	N	N	N	N	N	N	N	0.0000	0.0000	0.0000	0.0000	0.0000	0.0000	0.0000	0.0000	0.0000	0.0000	0.0000	0.0000	0.0000	0.0000	0.0000	0.0099	0.0160	0.0003	0.0000	0.0000	0.0000	0.0037	0.0528	0.0003	0.1053	0.0000	-0.0001	2.2785	3.9994	4.8627	4.0000	0.0000	0.0000	0.0000	0.0000	0.0000	0.0000	0.0000	0.0000	0.0000	0.0002	0.0002	0.0000	0.0000	0.0000	0.0000	0.0002	0.0002	0.0000	0.4001	0.3557	0.0443	0.0486	0.0475	0.0010	0.3515	0.3082	0.0433	0.1702	0.0912	0.0790	0.0052	0.0052	0.0000	0.1649	0.0860	0.0789	0.0000	0.0000	0.0000	0.0000	0.0000	0.0000	0.0000	0.0000	0.0000	0.0012	0.0021	0.0003	0.0000	0.0000	0.0000	0.0013	0.0022	0.0003				
60	98	0.6229	5	0	0	0	0	0	0	0	0	N	N	N	N	N	N	N	N	N	N	N	N	0.0000	0.0000	0.0000	0.0000	0.0000	0.0000	0.0000	0.0000	0.0000	0.0000	0.0000	0.0000	0.0000	0.0000	0.0000	0.0000	0.0000	0.0000	0.0000	0.0000	2.2785	1.0000	4.8627	0.0000	0.0000	0.0000	0.0000	0.0000	0.0000	0.0000	0.0000	0.0000	0.0000	0.0000	0.0000	0.0000	0.0000	0.0000	0.0000	0.0000	0.0000	0.0000	0.1324	0.1208	0.0116	0.0854	0.0804	0.0050	0.0469	0.0404	0.0066	0.0111	0.0057	0.0055	0.0040	0.0034	0.0006	0.0071	0.0023	0.0048	0.0000	0.0000	0.0000	0.0000	0.0000	0.0000	0.0000	0.0000	0.0000	0.0000	0.0000	0.0000	0.0000	0.0000	0.0000	0.0000	0.0000	0.0000											
60	99	0.1777	3	0	0	0	0	0	0	0	0	N	N	N	N	N	N	N	N	N	N	N	N	0.0003	0.0002	0.1402	0.0003	0.0003	2.4354	0.0177	0.0379	0.1592	0.0004	0.0004	0.0007	0.0009	0.0009	0.0000	0.0003	0.0002	0.0008	1.4177	1.9618	0.0051	3.1952	3.2045	0.0000	0.0153	0.0050	0.0047	0.2199	0.0124	-0.0000	-0.0230	2.2785	1.5982	4.8627	11.1970	0.0001	0.0001	0.0000	0.0001	0.0001	0.0000	0.0000	0.0000	0.0000	0.0452	0.0446	0.0006	0.0446	0.0446	0.0000	0.0006	0.0000	0.0006	0.2348	0.2088	0.0260	0.0631	0.0619	0.0012	0.1717	0.1469	0.0248	0.3067	0.1853	0.1214	0.0696	0.0654	0.0041	0.2371	0.1199	0.1172	0.0030	0.0017	0.1575	0.0014	0.0013	2.4354	0.1096	0.6896	0.1592	0.1474	0.2409	0.0046	0.6411	0.6818	0.0000	0.0025	0.0003	0.0047
60	100	0.1258	5	1	1	1	0	0	0	0	0	N	N	N	N	N	N	N	N	N	N	N	N	0.0000	0.0000	0.0000	0.0000	0.0000	0.0000	0.0000	0.0000	0.0000	0.0000	0.0000	0.0000	0.0000	0.0000	0.0000	0.0000	0.0000	3.2557	6.5057	0.0445	0.0003	0.0003	0.0000	3.9230	7.9775	0.0150	0.0022	0.0000	-0.0213	2.2785	0.0000	4.8627	0.9982	0.0000	0.0000	0.0000	0.0000	0.0000	0.0000	0.0000	0.0000	0.0000	0.0410	0.0409	0.0001	0.0000	0.0000	0.0000	0.0410	0.0409	0.0001	0.0086	0.0080	0.0006	0.0072	0.0070	0.0002	0.0014	0.0010	0.0004	0.0126	0.0063	0.0063	0.0011	0.0011	0.0000	0.0115	0.0052	0.0063	0.0000	0.0000	0.0000	0.0000	0.0000	0.0000	0.0000	0.0000	0.0000	3.2557	6.5057	0.0142	0.0000	0.0000	0.0000	3.5702	7.8678	0.0143		
60	101	0.6576	8	1	1	1	0	0	0	0	0	N	N	N	N	N	N	N	N	N	N	N	N	0.0000	0.0000	0.0000	0.0000	0.0000	0.0000	0.0000	0.0000	0.0000	0.0000	0.0000	0.0000	0.0000	0.0000	0.0000	0.0000	0.0000	0.0000	0.0000	0.0000	2.2785	0.0000	4.8627	0.0000	0.0000	0.0000	0.0000	0.0000	0.0000	0.0000	0.0000	0.0000	0.0000	0.0000	0.0000	0.0000	0.0000	0.0000	0.0000	0.0000	0.0000	0.0000	0.0000	0.0000	0.0000	0.0000	0.0000	0.0000	0.0000	0.0000	0.0000	0.0000	0.0000	0.0000	0.0000	0.0000	0.0000	0.0000	0.0000	0.0000	0.0000	0.0000	0.0000	0.0000	0.0000	0.0000	0.0000	0.0000	0.0000	0.0000	0.0000	0.0000	0.0000	0.0000	0.0000	0.0000	0.0000	0.0000											
60	102	0.6576	7	1	0	1	0	0	0	0	0	N	N	N	N	N	N	N	N	N	N	N	N	0.0000	0.0000	0.0000	0.0000	0.0000	0.0000	0.0000	0.0000	0.0000	0.0000	0.0000	0.0000	0.0000	0.0000	0.0000	0.0000	0.0000	0.0000	0.0000	0.0000	2.2785	0.0000	4.8627	0.0000	0.0000	0.0000	0.0000	0.0000	0.0000	0.0000	0.0000	0.0000	0.0000	0.0000	0.0000	0.0000	0.0000	0.0000	0.0000	0.0000	0.0000	0.0000	0.0000	0.0000	0.0000	0.0000	0.0000	0.0000	0.0000	0.0000	0.0000	0.0000	0.0000	0.0000	0.0000	0.0000	0.0000	0.0000	0.0000	0.0000	0.0000	0.0000	0.0000	0.0000	0.0000	0.0000	0.0000	0.0000	0.0000	0.0000	0.0000	0.0000	0.0000	0.0000	0.0000	0.0000	0.0000	0.0000											
60	103	0.6515	6	1	0	1	0	0	0	0	0	N	N	N	N	N	N	N	N	N	N	N	N	0.0000	0.0000	0.0000	0.0000	0.0000	0.0000	0.0000	0.0000	0.0000	0.0000	0.0000	0.0000	0.0000	0.0000	0.0000	0.0000	0.0000	0.0000	0.0000	0.0000	2.2785	0.0000	4.8627	1.0091	0.0000	0.0000	0.0000	0.0000	0.0000	0.0000	0.0000	0.0000	0.0000	0.0000	0.0000	0.0000	0.0000	0.0000	0.0000	0.0000	0.0000	0.0000	0.0000	0.0000	0.0000	0.0000	0.0000	0.0000	0.0000	0.0000	0.0000	0.0112	0.0065	0.0047	0.0054	0.0046	0.0008	0.0059	0.0019	0.0039	0.0000	0.0000	0.0000	0.0000	0.0000	0.0000	0.0000	0.0000	0.0000	0.0000	0.0000	0.0000	0.0000	0.0000	0.0000	0.0000	0.0000	0.0000											
60	104	0.0668	2	0	1	0	0	0	0	0	0	N	N	N	N	N	N	N	N	N	N	N	N	inf	inf	inf	inf	inf	inf	0.3928	0.4406	0.0000	0.0018	0.0019	0.0000	0.4476	0.5091	0.0000	0.0000	0.0000	0.0000	0.0000	0.0000	0.0000	0.0000	0.0000	0.0000	0.0000	-0.0724	0.0000	2.2785	7.9994	4.8627	4.0001	0.2781	0.2781	0.0000	0.0002	0.0002	0.0000	0.2780	0.2780	0.0000	0.0000	0.0000	0.0000	0.0000	0.0000	0.0000	0.0000	0.0000	0.0000	0.7080	0.6313	0.0767	0.0870	0.0852	0.0018	0.6210	0.5461	0.0749	0.2358	0.1255	0.1102	0.0074	0.0074	0.0001	0.2283	0.1181	0.1102	inf	inf	0.0000	inf	inf	0.0000	inf	inf	0.0000	0.0000	0.0000	0.0000	0.0000	0.0000	0.0000	0.0000	0.0000	0.0000				
60	105	0.1292	6	1	0	1	0	0	0	0	0	N	N	N	N	N	N	N	N	N	N	N	N	0.0004	0.0001	0.2455	0.0001	0.0001	inf	0.0000	0.0000	0.0000	0.0000	0.0000	0.0000	0.0000	0.0000	0.0000	0.0000	0.0000	0.0001	0.0002	0.0000	0.0006	0.0005	0.0000	0.0000	0.0000	0.0000	0.4583	0.0252	0.0000	-0.0000	2.2785	1.0000	4.8627	1.0005	0.0000	0.0000	0.0000	0.0000	0.0000	0.0000	0.0000	0.0000	0.0000	0.0000	0.0000	0.0000	0.0000	0.0000	0.0000	0.0000	0.0000	0.0000	0.0835	0.0759	0.0076	0.0467	0.0440	0.0027	0.0368	0.0319	0.0049	0.0247	0.0123	0.0124	0.0021	0.0020	0.0000	0.0227	0.0103	0.0124	0.0035	0.0013	0.2455	0.0005	0.0004	inf	0.0000	0.0000	0.0000	0.0000	0.0000	0.0000	0.0001	0.0001	0.0000	0.0000	0.0000	0.0000	
60	106	0.1258	5	1	0	1	0	0	0	0	0	N	N	N	N	N	N	N	N	N	N	N	N	0.0000	0.0000	0.0034	0.0000	0.0000	0.0013	0.0001	0.0053	0.0000	0.0000	0.0000	0.0000	0.0000	0.0000	0.0000	0.0000	0.0000	0.3714	0.7067	0.0001	1.2541	1.1858	0.0000	0.0001	0.0008	0.0001	0.4584	0.0033	0.0000	-0.0000	2.2785	0.7249	4.8627	0.0368	0.0000	0.0000	0.0000	0.0000	0.0000	0.0000	0.0000	0.0000	0.0000	0.0001	0.0001	0.0000	0.0001	0.0001	0.0000	0.0000	0.0000	0.0000	0.0692	0.0631	0.0061	0.0410	0.0389	0.0022	0.0282	0.0243	0.0040	0.0097	0.0048	0.0048	0.0009	0.0009	0.0000	0.0088	0.0040	0.0048	0.0000	0.0000	0.0034	0.0000	0.0000	0.0000	0.0026	0.0058	0.0053	0.0080	0.0159	0.0001	0.0887	0.0903	0.0000	0.0000	0.0000	0.0001	
60	107	0.1243	4	1	0	1	0	0	0	0	0	N	N	N	N	N	N	N	N	N	N	N	N	0.0039	0.0026	0.0055	0.0056	0.0065	inf	0.0000	0.0000	0.0000	0.0025	0.0027	0.0000	0.0039	0.0041	0.0000	0.0000	0.0000	0.0000	0.6485	1.0397	0.0001	0.7010	0.6332	0.0000	0.1948	1.5545	0.0001	0.0000	0.0017	-0.0000	-0.0001	2.2785	0.4159	4.8627	0.0887	0.0001	0.0001	0.0000	0.0001	0.0001	0.0000	0.0000	0.0000	0.0000	0.0001	0.0001	0.0000	0.0000	0.0000	0.0000	0.0001	0.0001	0.0000	0.0437	0.0402	0.0035	0.0280	0.0266	0.0014	0.0157	0.0136	0.0021	0.0070	0.0036	0.0034	0.0009	0.0008	0.0000	0.0061	0.0027	0.0034	0.1531	0.0856	0.0055	0.0885	0.0920	inf	0.0000	0.0000	0.0000	0.0164	0.0320	0.0001	0.0444	0.0450	0.0000	0.0125	0.0280	0.0001
60	108	0.1080	3	1	0	0	0	0	0	0	0	N	N	N	N	N	N	N	N	N	N	N	N	0.1243	0.0000	460.8535	inf	inf	0.8295	0.0000	710.6702	0.0004	0.0000	0.0036	0.0000	0.0000	0.0000	0.0007	0.0000	0.0055	0.0029	0.0068	0.0000	0.0000	0.0000	0.0000	0.0009	0.0264	0.0000	5555.5671	0.0068	0.0001	-0.0000	2.2785	3.9943	4.8627	0.9974	0.0001	0.0000	0.0001	0.0000	0.0000	0.0000	0.0001	0.0000	0.0001	0.0000	0.0000	0.0000	0.0000	0.0000	0.0000	0.0000	0.0000	0.0000	0.3097	0.2787	0.0310	0.1621	0.1512	0.0109	0.1476	0.1275	0.0201	0.0635	0.0301	0.0334	0.0039	0.0039	0.0000	0.0596	0.0262	0.0333	0.5938	0.0001	460.8535	inf	inf	0.0000	1.1688	0.0000	710.6702	0.0006	0.0013	0.0000	0.0000	0.0000	0.0000	0.0006	0.0014	0.0000	
60	109	0.6515	6	1	0	1	0	0	0	0	0	N	N	N	N	N	N	N	N	N	N	N	N	0.0000	0.0000	0.0000	0.0000	0.0000	0.0000	0.0000	0.0000	0.0000	0.0000	0.0000	0.0000	0.0000	0.0000	0.0000	0.0000	0.0000	0.0000	0.0000	0.0000	2.2785	0.0000	4.8627	0.9909	0.0000	0.0000	0.0000	0.0000	0.0000	0.0000	0.0000	0.0000	0.0000	0.0000	0.0000	0.0000	0.0000	0.0000	0.0000	0.0000	0.0000	0.0000	0.0000	0.0000	0.0000	0.0000	0.0000	0.0000	0.0000	0.0000	0.0000	0.0110	0.0064	0.0046	0.0053	0.0045	0.0007	0.0057	0.0019	0.0039	0.0000	0.0000	0.0000	0.0000	0.0000	0.0000	0.0000	0.0000	0.0000	0.0000	0.0000	0.0000	0.0000	0.0000	0.0000	0.0000	0.0000	0.0000											
60	110	0.6229	5	1	0	1	0	0	0	0	0	N	N	N	N	N	N	N	N	N	N	N	N	inf	inf	inf	inf	inf	inf	inf	1.0313	0.0006	11.8403	0.0009	0.0010	0.0000	2.8439	0.0000	20.3911	0.0000	0.0000	0.0000	0.0000	0.0000	0.0000	0.0000	0.0000	0.0000	1750.1526	0.2056	0.0000	2.2785	4.0000	4.8627	0.0000	0.2781	0.0002	0.2780	0.0002	0.0002	0.0000	0.2780	0.0000	0.2780	0.0000	0.0000	0.0000	0.0000	0.0000	0.0000	0.0000	0.0000	0.0000	0.2697	0.2462	0.0235	0.1720	0.1621	0.0098	0.0977	0.0841	0.0136	0.0236	0.0120	0.0116	0.0085	0.0072	0.0013	0.0151	0.0048	0.0103	inf	inf	inf	inf	inf	0.0000	inf	0.0000	inf	0.0000	0.0000	0.0000	0.0000	0.0000	0.0000	0.0000	0.0000	0.0000			
60	112	0.1126	3	0	0	1	0	0	0	0	0	N	N	N	N	N	N	N	N	N	N	N	N	0.0000	0.0000	0.0000	0.0000	0.0000	0.0000	0.0000	0.0000	0.0000	0.0000	0.0000	0.0000	0.0000	0.0000	0.0000	0.0067	0.0028	0.0016	0.0000	0.0000	0.0000	0.0069	0.0345	0.0016	0.6923	0.0000	-0.0000	2.2785	0.0000	4.8627	0.0001	0.0000	0.0000	0.0000	0.0000	0.0000	0.0000	0.0000	0.0000	0.0000	0.0000	0.0000	0.0000	0.0000	0.0000	0.0000	0.0000	0.0000	0.0000	0.0000	0.0000	0.0000	0.0000	0.0000	0.0000	0.0000	0.0000	0.0000	0.0000	0.0000	0.0000	0.0000	0.0000	0.0000	0.0000	0.0000	0.0000	0.0000	0.0000	0.0000	0.0000	0.0000	0.0000	0.0000	0.0000	0.0000	0.0010	0.0007	0.0016	0.0000	0.0000	0.0000	0.0017	0.0017	0.0016				
60	113	0.0668	2	0	0	1	0	0	0	0	0	N	N	N	N	N	N	N	N	N	N	N	N	0.0000	0.0000	0.0000	0.0000	0.0000	0.0000	0.0000	0.0000	0.0000	0.0000	0.0000	0.0000	0.0000	0.0000	0.0000	0.0092	0.0071	0.0010	0.0000	0.0000	0.0000	0.0030	0.0249	0.0010	0.6923	0.0000	-0.0000	2.2785	4.0004	4.8627	4.9999	0.0000	0.0000	0.0000	0.0000	0.0000	0.0000	0.0000	0.0000	0.0000	0.0002	0.0001	0.0001	0.0000	0.0000	0.0000	0.0002	0.0001	0.0001	0.4001	0.3558	0.0444	0.0486	0.0475	0.0010	0.3516	0.3082	0.0433	0.1876	0.1004	0.0872	0.0058	0.0058	0.0000	0.1818	0.0946	0.0872	0.0000	0.0000	0.0000	0.0000	0.0000	0.0000	0.0000	0.0000	0.0000	0.0012	0.0013	0.0010	0.0000	0.0000	0.0000	0.0012	0.0014	0.0010				
60	114	0.6555	6	0	1	0	0	0	0	0	0	N	N	N	N	N	N	N	N	N	N	N	N	430.8335	332.4152	1075.6739	174.6099	188.6579	0.5994	18193040.3370	inf	1782.6236	2.9739	3.2711	0.0006	0.8954	0.9552	0.0000	6.9482	8.1258	0.0010	0.0069	0.0098	0.0000	0.0051	0.0051	0.0000	0.0000	0.0000	0.0000	0.0000	0.0002	-0.3259	-0.0000	2.2785	4.3361	4.8627	4.6323	1.2525	1.2524	0.0000	0.2476	0.2476	0.0000	1.0049	1.0048	0.0000	0.0001	0.0001	0.0000	0.0001	0.0001	0.0000	0.0000	0.0000	0.0000	0.4212	0.3829	0.0383	0.2765	0.2592	0.0173	0.1446	0.1237	0.0210	0.0839	0.0503	0.0336	0.0420	0.0363	0.0057	0.0419	0.0140	0.0279	3049.0019	2011.3823	1075.6739	459.9428	423.9561	0.5994	18193040.3370	inf	1782.6236	0.0010	0.0016	0.0000	0.0019	0.0023	0.0000	0.0000	0.0000	0.0000
60	115	0.6229	5	0	0	0	0	0	0	0	0	N	N	N	N	N	N	N	N	N	N	N	N	9475.1442	5211.8502	11141.5201	inf	inf	38454.5818	1206.8345	17315.6059	1.9267	2.1102	0.0081	0.0017	0.0018	0.0000	5.4212	6.3033	0.0142	0.0002	0.0004	0.0000	0.0000	0.0000	0.0000	0.0001	0.0052	0.0000	0.0004	0.0059	-0.0710	-0.0000	2.2785	1.9840	4.8627	0.2610	0.2732	0.2731	0.0001	0.0002	0.0002	0.0000	0.2731	0.2730	0.0001	0.0000	0.0000	0.0000	0.0000	0.0000	0.0000	0.0000	0.0000	0.0000	0.1418	0.1294	0.0124	0.0914	0.0861	0.0053	0.0504	0.0433	0.0071	0.0135	0.0069	0.0066	0.0048	0.0041	0.0007	0.0086	0.0028	0.0059	31488.8287	17669.1933	11141.5201	inf	inf	0.0000	56774.9701	21305.1566	17315.6059	0.0001	0.0001	0.0000	0.0000	0.0000	0.0000	0.0001	0.0003	0.0000	
60	116	0.0668	2	0	1	0	1	0	0	0	0	N	N	N	N	N	N	N	N	N	N	N	N	0.0000	0.0000	0.0000	0.0000	0.0000	0.0000	0.0000	0.0000	0.0000	0.0000	0.0000	0.0000	0.0000	0.0000	0.0000	0.0000	0.0000	0.0000	0.0000	0.0000	2.2785	5.0006	4.8627	2.0000	0.0000	0.0000	0.0000	0.0000	0.0000	0.0000	0.0000	0.0000	0.0000	0.0000	0.0000	0.0000	0.0000	0.0000	0.0000	0.0000	0.0000	0.0000	0.4844	0.4310	0.0534	0.0590	0.0578	0.0012	0.4254	0.3733	0.0521	0.1520	0.0816	0.0704	0.0047	0.0046	0.0000	0.1473	0.0770	0.0704	0.0000	0.0000	0.0000	0.0000	0.0000	0.0000	0.0000	0.0000	0.0000	0.0000	0.0000	0.0000	0.0000	0.0000	0.0000	0.0000	0.0000	0.0000											
60	117	0.6229	5	0	1	0	1	0	0	0	0	N	N	N	N	N	N	N	N	N	N	N	N	0.0000	0.0000	0.0000	0.0000	0.0000	0.0000	0.0000	0.0000	0.0000	0.0000	0.0000	0.0000	0.0000	0.0000	0.0000	0.0000	0.0000	0.0000	0.0000	0.0000	2.2785	0.0000	4.8627	1.0000	0.0000	0.0000	0.0000	0.0000	0.0000	0.0000	0.0000	0.0000	0.0000	0.0000	0.0000	0.0000	0.0000	0.0000	0.0000	0.0000	0.0000	0.0000	0.0000	0.0000	0.0000	0.0000	0.0000	0.0000	0.0000	0.0000	0.0000	0.0085	0.0043	0.0042	0.0030	0.0026	0.0005	0.0054	0.0017	0.0037	0.0000	0.0000	0.0000	0.0000	0.0000	0.0000	0.0000	0.0000	0.0000	0.0000	0.0000	0.0000	0.0000	0.0000	0.0000	0.0000	0.0000	0.0000											
60	118	0.0668	2	0	1	0	0	0	0	0	0	N	N	N	N	N	N	N	N	N	N	N	N	259.7296	867.5300	0.6427	21.3205	21.4896	700.9544	138.4882	0.6585	0.2326	0.2597	0.0004	0.0011	0.0011	0.0000	0.2652	0.3000	0.0004	0.0009	0.0003	0.0006	0.0001	0.0001	0.0000	0.0004	0.0022	0.0006	0.0002	10.9989	-0.0724	0.0000	2.2785	16.9994	4.8627	6.0000	0.2783	0.2782	0.0001	0.0002	0.0002	0.0000	0.2781	0.2781	0.0001	0.0001	0.0000	0.0001	0.0000	0.0000	0.0000	0.0001	0.0000	0.0001	1.1963	1.0713	0.1250	0.1473	0.1443	0.0031	1.0489	0.9271	0.1219	0.3706	0.1939	0.1767	0.0123	0.0122	0.0001	0.3583	0.1818	0.1766	718.5001	5036.6852	0.6427	13255.1688	13426.6607	0.0000	791.7907	5451.8919	0.6585	0.0003	0.0001	0.0006	0.0000	0.0000	0.0000	0.0003	0.0001	0.0006	
60	119	0.6229	5	0	1	0	0	0	0	0	0	N	N	N	N	N	N	N	N	N	N	N	N	914.1488	inf	0.0000	inf	inf	3901.0786	inf	0.0000	0.8484	0.9292	0.0000	0.0008	0.0008	0.0000	2.3177	2.6921	0.0000	0.0009	0.0000	0.0007	0.0000	0.0000	0.0000	0.0006	0.0000	0.0008	0.0000	inf	-0.0724	0.0000	2.2785	5.0000	4.8627	6.0000	0.2781	0.2781	0.0000	0.0002	0.0002	0.0000	0.2780	0.2780	0.0000	0.0000	0.0000	0.0000	0.0000	0.0000	0.0000	0.0000	0.0000	0.0000	0.3278	0.2993	0.0285	0.2079	0.1961	0.0118	0.1199	0.1033	0.0167	0.0604	0.0309	0.0295	0.0220	0.0186	0.0034	0.0384	0.0123	0.0261	2562.3898	inf	0.0000	inf	inf	0.0000	4450.6607	inf	0.0000	0.0003	0.0000	0.0007	0.0000	0.0000	0.0000	0.0005	0.0000	0.0008	
60	120	0.6510	6	0	1	0	0	0	0	0	0	N	N	N	N	N	N	N	N	N	N	N	N	508.1338	10834.5771	0.0000	7.6748	8.6797	0.0000	1406.2733	inf	0.0000	3.3820	3.7896	0.0000	0.0037	0.0041	0.0000	9.7402	11.1856	0.0000	0.0067	0.0003	0.0020	0.0005	0.0005	0.0000	0.0069	0.0000	0.0023	0.0000	22.3267	-0.0714	0.0000	2.2785	0.9998	4.8627	0.9486	0.2744	0.2744	0.0000	0.0002	0.0002	0.0000	0.2742	0.2742	0.0000	0.0000	0.0000	0.0000	0.0000	0.0000	0.0000	0.0000	0.0000	0.0000	0.0811	0.0724	0.0087	0.0530	0.0479	0.0051	0.0282	0.0245	0.0036	0.0206	0.0112	0.0094	0.0097	0.0084	0.0012	0.0109	0.0028	0.0081	3632.7804	51830.8664	0.0000	43.2453	41.8528	0.0000	5803.8495	inf	0.0000	0.0009	0.0001	0.0020	0.0001	0.0001	0.0000	0.0017	0.0000	0.0023
60	121	0.6229	5	0	1	0	0	0	0	0	0	N	N	N	N	N	N	N	N	N	N	N	N	53.2519	41.2321	13.7563	inf	inf	220.0580	12.7832	20.7368	0.0105	0.0114	0.0011	0.0000	0.0000	0.0000	0.0284	0.0327	0.0018	0.0002	0.0003	0.0001	0.0000	0.0000	0.0000	0.0001	0.0026	0.0001	0.0090	2.0021	-0.0009	0.0000	2.2785	3.0005	4.8627	1.1085	0.0037	0.0037	0.0000	0.0000	0.0000	0.0000	0.0037	0.0037	0.0000	0.0000	0.0000	0.0000	0.0000	0.0000	0.0000	0.0000	0.0000	0.0000	0.3575	0.3265	0.0311	0.2261	0.2133	0.0128	0.1314	0.1132	0.0182	0.0431	0.0220	0.0211	0.0156	0.0132	0.0024	0.0275	0.0088	0.0187	182.5115	303.4519	13.7563	inf	inf	0.0000	316.4259	349.6297	20.7368	0.0001	0.0000	0.0001	0.0000	0.0000	0.0000	0.0001	0.0001	0.0001	
60	122	0.1080	3	0	1	0	0	0	0	0	0	N	N	N	N	N	N	N	N	N	N	N	N	0.0000	0.0000	0.0000	inf	inf	0.0000	0.0000	0.0000	0.0000	0.0000	0.0000	0.0000	0.0000	0.0000	0.0000	0.0000	0.0000	13.4578	1.3512	31.0703	0.0000	0.0000	0.0000	14.3473	2.2157	35.5345	0.0000	491.0460	-0.0000	0.4076	2.2785	2.0001	4.8627	3.0000	0.0000	0.0000	0.0000	0.0000	0.0000	0.0000	0.0000	0.0000	0.0000	0.8562	0.0017	0.8544	0.0000	0.0000	0.0000	0.8562	0.0017	0.8544	0.1647	0.1484	0.0163	0.0886	0.0827	0.0059	0.0761	0.0657	0.0104	0.0636	0.0302	0.0334	0.0039	0.0039	0.0000	0.0597	0.0263	0.0334	0.0000	0.0000	0.0000	inf	inf	0.0000	0.0000	0.0000	0.0000	13.4578	0.0576	25.5579	0.0000	0.0000	0.0000	14.3473	0.0662	25.5949	
60	123	0.0668	2	0	0	0	0	0	0	0	0	N	N	N	N	N	N	N	N	N	N	N	N	143736.3471	9884.0168	inf	33.9812	34.9461	inf	inf	inf	0.4361	0.4894	0.0000	0.0020	0.0021	0.0000	0.4968	0.5653	0.0000	0.0000	0.0000	0.0000	0.0001	0.0001	0.0000	0.0000	0.0000	0.0000	0.0000	0.0000	-0.0724	-0.0000	2.2785	6.9986	4.8627	2.0000	0.2781	0.2781	0.0000	0.0002	0.0002	0.0000	0.2780	0.2780	0.0000	0.0000	0.0000	0.0000	0.0000	0.0000	0.0000	0.0000	0.0000	0.0000	0.6378	0.5683	0.0695	0.0782	0.0766	0.0016	0.5596	0.4917	0.0678	0.1876	0.1004	0.0872	0.0058	0.0058	0.0000	0.1818	0.0946	0.0872	51126056.6729	30700979.8463	inf	11819.6131	7490.9702	0.0000	inf	inf	inf	0.0000	0.0000	0.0000	0.0000	0.0000	0.0000	0.0000	0.0000	0.0000	
60	124	0.6564	6	0	1	0	0	0	0	0	0	N	N	N	N	N	N	N	N	N	N	N	N	0.0616	40.6259	0.0000	0.9994	2.4102	0.0003	0.4222	14.2729	0.0000	0.0083	0.0090	0.0000	0.0004	0.0004	0.0000	0.0243	0.0283	0.0000	0.1346	0.0002	0.0212	0.0004	0.0002	0.0003	0.0577	0.0020	0.0100	0.0000	347.6730	-0.0011	0.0001	2.2785	3.9006	4.8627	3.1543	0.0042	0.0042	0.0000	0.0001	0.0001	0.0000	0.0040	0.0040	0.0000	0.0003	0.0000	0.0003	0.0000	0.0000	0.0000	0.0003	0.0000	0.0003	0.5026	0.4611	0.0415	0.3367	0.3182	0.0184	0.1659	0.1429	0.0230	0.0744	0.0406	0.0338	0.0303	0.0259	0.0044	0.0440	0.0146	0.0294	2.0797	431.1234	0.0000	8.3623	68.5231	0.0003	3.6324	592.2886	0.0000	0.0040	0.0000	0.0087	0.0000	0.0000	0.0003	0.0067	0.0000	0.0100
60	125	0.6229	5	0	1	0	0	0	0	0	0	N	N	N	N	N	N	N	N	N	N	N	N	1.9674	32.3513	0.0000	0.0000	0.0000	4.4511	17.9264	0.0001	4.6153	5.0559	0.0003	0.0000	0.0000	0.0000	12.8441	14.9317	0.0005	2.3459	0.1563	10.2499	0.0018	0.0016	0.0000	2.8856	0.8329	9.4994	0.0000	403.7225	-0.2591	0.0194	2.2785	1.6924	4.8627	1.9110	0.9959	0.9959	0.0000	0.0000	0.0000	0.0000	0.9959	0.9959	0.0000	0.0408	0.0001	0.0407	0.0000	0.0000	0.0000	0.0408	0.0001	0.0407	0.2158	0.1970	0.0188	0.1382	0.1303	0.0080	0.0775	0.0667	0.0108	0.0381	0.0195	0.0187	0.0138	0.0117	0.0021	0.0243	0.0078	0.0166	4.3136	975.5917	0.0001	0.0000	0.0000	0.0000	7.6635	1283.5370	0.0002	1.0699	0.0052	2.1787	0.0007	0.0009	0.0000	1.6760	0.0116	2.4592	
60	126	0.0668	2	0	1	0	0	0	0	0	0	N	N	N	N	N	N	N	N	N	N	N	N	0.0000	0.0000	0.0000	0.0000	0.0000	0.0000	0.0000	0.0000	0.0000	0.0000	0.0000	0.0000	0.0000	0.0000	0.0000	5.3688	1.4552	19.2597	0.0000	0.0000	0.0000	5.5408	2.3188	20.5192	136.4119	0.0000	0.4742	2.2785	0.9996	4.8627	8.0005	0.0000	0.0000	0.0000	0.0000	0.0000	0.0000	0.0000	0.0000	0.0000	1.0072	0.0073	0.9999	0.0000	0.0000	0.0000	1.0072	0.0073	0.9999	0.1108	0.0983	0.0125	0.0132	0.0130	0.0003	0.0975	0.0853	0.0123	0.1876	0.1004	0.0872	0.0058	0.0058	0.0000	0.1818	0.0946	0.0872	0.0000	0.0000	0.0000	0.0000	0.0000	0.0000	0.0000	0.0000	0.0000	5.3688	0.0730	11.4637	0.0000	0.0000	0.0000	5.5408	0.0775	11.4692				
60	127	0.1941	4	0	0	0	0	0	0	0	0	N	N	N	N	N	N	N	N	N	N	N	N	0.7900	4.4519	0.0000	0.0023	0.0029	0.0000	0.7739	98.9812	0.0000	2.3026	2.5814	0.0004	0.0014	0.0015	0.0000	3.0528	3.5257	0.0004	2.9148	0.5799	16.2015	0.6098	0.5067	0.2065	3.9447	0.0356	16.7607	0.0000	408.5149	-0.2601	0.4529	2.2785	3.6536	4.8627	12.3970	0.9997	0.9997	0.0000	0.0002	0.0002	0.0000	0.9995	0.9995	0.0000	0.9521	0.0023	0.9498	0.0024	0.0021	0.0003	0.9497	0.0002	0.9495	0.4342	0.3873	0.0469	0.1067	0.1038	0.0030	0.3274	0.2835	0.0439	0.3267	0.1946	0.1320	0.0628	0.0584	0.0044	0.2639	0.1362	0.1276	0.7900	216.0775	0.0001	0.0370	0.0409	0.0001	0.8482	1991.4762	0.0001	2.9148	0.0119	7.1934	0.0384	0.0357	0.0737	3.5991	0.0018	7.4392
60	128	0.3725	4	0	0	0	0	0	0	0	0	N	N	N	N	N	N	N	N	N	N	N	N	0.0010	0.0008	0.0195	0.0011	0.0012	0.6217	0.0001	0.0000	0.0442	0.0022	0.0024	0.0005	0.0049	0.0052	0.0003	0.0002	0.0001	0.0006	2.1357	2.9001	0.0256	4.2766	4.4663	0.0005	1.5251	3.8286	0.0125	0.0237	0.0046	-0.0003	-0.1772	2.2785	5.3495	4.8627	12.4099	0.0015	0.0014	0.0000	0.0014	0.0014	0.0000	0.0001	0.0000	0.0000	0.3426	0.3411	0.0016	0.2919	0.2919	0.0000	0.0507	0.0492	0.0016	0.6679	0.5998	0.0680	0.2869	0.2706	0.0163	0.3809	0.3292	0.0517	0.4358	0.2811	0.1547	0.2065	0.1763	0.0302	0.2293	0.1048	0.1245	0.0028	0.0020	0.0491	0.0035	0.0031	0.6938	0.0008	0.0003	0.0442	0.7862	1.2132	0.0102	1.4136	1.6556	0.0005	0.2212	0.4691	0.0125
60	129	0.1782	8	0	1	0	1	0	0	0	0	N	N	N	N	N	N	N	N	N	N	N	N	0.0000	0.0000	0.0000	0.0000	0.0000	0.0000	0.0000	0.0000	0.0000	0.0000	0.0000	0.0000	0.0000	0.0000	0.0000	0.0000	0.0000	0.0000	0.0000	0.0000	2.2785	0.0000	4.8627	0.0000	0.0000	0.0000	0.0000	0.0000	0.0000	0.0000	0.0000	0.0000	0.0000	0.0000	0.0000	0.0000	0.0000	0.0000	0.0000	0.0000	0.0000	0.0000	0.0000	0.0000	0.0000	0.0000	0.0000	0.0000	0.0000	0.0000	0.0000	0.0000	0.0000	0.0000	0.0000	0.0000	0.0000	0.0000	0.0000	0.0000	0.0000	0.0000	0.0000	0.0000	0.0000	0.0000	0.0000	0.0000	0.0000	0.0000	0.0000	0.0000	0.0000	0.0000	0.0000	0.0000	0.0000	0.0000											
60	130	0.1619	7	0	1	0	1	0	0	0	0	N	N	N	N	N	N	N	N	N	N	N	N	0.0000	0.0000	0.0000	0.0000	0.0000	0.0000	0.0000	0.0000	0.0000	0.0000	0.0000	0.0000	0.0000	0.0000	0.0000	0.0000	0.0000	0.0000	0.0000	0.0000	-0.0000	2.2785	0.0000	4.8627	3.0001	0.0000	0.0000	0.0000	0.0000	0.0000	0.0000	0.0000	0.0000	0.0000	0.0000	0.0000	0.0000	0.0000	0.0000	0.0000	0.0000	0.0000	0.0000	0.0000	0.0000	0.0000	0.0000	0.0000	0.0000	0.0000	0.0000	0.0000	0.0303	0.0135	0.0168	0.0017	0.0017	0.0000	0.0286	0.0118	0.0168	0.0000	0.0000	0.0000	0.0000	0.0000	0.0000	0.0000	0.0000	0.0000	0.0000	0.0000	0.0000	0.0000	0.0000	0.0000	0.0000	0.0000	0.0000										
60	131	0.1523	6	0	1	0	0	0	0	0	0	N	N	N	N	N	N	N	N	N	N	N	N	0.0000	0.0000	0.0000	0.0000	0.0000	0.0000	0.0000	0.0000	0.0000	0.0000	0.0000	0.0000	0.0000	0.0000	0.0000	0.0000	0.0000	0.0000	0.0000	0.0000	2.2785	0.0000	4.8627	0.0000	0.0000	0.0000	0.0000	0.0000	0.0000	0.0000	0.0000	0.0000	0.0000	0.0000	0.0000	0.0000	0.0000	0.0000	0.0000	0.0000	0.0000	0.0000	0.0000	0.0000	0.0000	0.0000	0.0000	0.0000	0.0000	0.0000	0.0000	0.0000	0.0000	0.0000	0.0000	0.0000	0.0000	0.0000	0.0000	0.0000	0.0000	0.0000	0.0000	0.0000	0.0000	0.0000	0.0000	0.0000	0.0000	0.0000	0.0000	0.0000	0.0000	0.0000	0.0000	0.0000	0.0000	0.0000											
60	132	0.1619	7	0	0	1	1	0	0	0	0	N	N	N	N	N	N	N	N	N	N	N	N	0.0000	0.0000	0.0000	0.0000	0.0000	0.0000	0.0000	0.0000	0.0000	0.0000	0.0000	0.0000	0.0000	0.0020	0.0000	0.0009	0.0000	0.0000	0.0000	0.0006	0.0000	0.0009	inf	0.0000	0.0000	2.2785	0.0000	4.8627	1.9999	0.0000	0.0000	0.0000	0.0000	0.0000	0.0000	0.0000	0.0000	0.0000	0.0000	0.0000	0.0000	0.0000	0.0000	0.0000	0.0000	0.0000	0.0000	0.0000	0.0000	0.0000	0.0000	0.0000	0.0000	0.0000	0.0000	0.0000	0.0204	0.0091	0.0113	0.0012	0.0012	0.0000	0.0192	0.0079	0.0113	0.0000	0.0000	0.0000	0.0000	0.0000	0.0000	0.0000	0.0000	0.0000	0.0005	0.0000	0.0009	0.0000	0.0000	0.0000	0.0005	0.0000	0.0009						
60	133	0.1730	8	0	0	1	1	0	0	0	0	N	N	N	N	N	N	N	N	N	N	N	N	0.0000	0.0000	0.0000	0.0000	0.0000	0.0000	0.0000	0.0000	0.0000	0.0000	0.0000	0.0000	0.0000	0.0000	0.0000	0.0000	0.0000	0.0000	0.0000	0.0000	2.2785	1.0000	4.8627	0.0000	0.0000	0.0000	0.0000	0.0000	0.0000	0.0000	0.0000	0.0000	0.0000	0.0000	0.0000	0.0000	0.0000	0.0000	0.0000	0.0000	0.0000	0.0000	0.0821	0.0730	0.0091	0.0440	0.0407	0.0033	0.0381	0.0323	0.0058	0.0097	0.0043	0.0054	0.0006	0.0006	0.0000	0.0091	0.0037	0.0054	0.0000	0.0000	0.0000	0.0000	0.0000	0.0000	0.0000	0.0000	0.0000	0.0000	0.0000	0.0000	0.0000	0.0000	0.0000	0.0000	0.0000	0.0000											
60	134	0.1730	8	0	0	1	1	0	0	0	0	N	N	N	N	N	N	N	N	N	N	N	N	0.0000	0.0000	0.0000	0.0000	0.0000	0.0000	0.0000	0.0000	0.0000	0.0000	0.0000	0.0000	0.0000	0.0000	0.0000	0.0000	0.0000	0.0000	0.0000	0.0000	2.2785	0.0000	4.8627	0.0000	0.0000	0.0000	0.0000	0.0000	0.0000	0.0000	0.0000	0.0000	0.0000	0.0000	0.0000	0.0000	0.0000	0.0000	0.0000	0.0000	0.0000	0.0000	0.0000	0.0000	0.0000	0.0000	0.0000	0.0000	0.0000	0.0000	0.0000	0.0000	0.0000	0.0000	0.0000	0.0000	0.0000	0.0000	0.0000	0.0000	0.0000	0.0000	0.0000	0.0000	0.0000	0.0000	0.0000	0.0000	0.0000	0.0000	0.0000	0.0000	0.0000	0.0000	0.0000	0.0000	0.0000	0.0000											
60	135	0.1619	7	0	0	1	1	0	0	0	0	N	N	N	N	N	N	N	N	N	N	N	N	0.0000	0.0000	0.0000	0.0000	0.0000	0.0000	0.0000	0.0000	0.0000	0.0000	0.0000	0.0000	0.0000	0.0000	0.0001	0.0000	0.0001	0.0001	0.0000	0.0000	0.0000	0.0000	0.1667	0.0000	-0.0000	2.2785	2.0025	4.8627	0.9943	0.0000	0.0000	0.0000	0.0000	0.0000	0.0000	0.0000	0.0000	0.0000	0.0000	0.0000	0.0000	0.0000	0.0000	0.0000	0.0000	0.0000	0.0000	0.1620	0.1441	0.0179	0.0843	0.0780	0.0063	0.0777	0.0661	0.0116	0.0303	0.0135	0.0168	0.0017	0.0017	0.0000	0.0286	0.0118	0.0168	0.0000	0.0000	0.0000	0.0000	0.0000	0.0000	0.0000	0.0000	0.0000	0.0000	0.0000	0.0000	0.0000	0.0000	0.0000	0.0000	0.0000	0.0000						
60	136	0.1619	6	0	0	0	1	0	0	0	0	N	N	N	N	N	N	N	N	N	N	N	N	0.0000	0.0000	0.0000	0.0000	0.0000	0.0000	0.0000	0.0000	0.0000	0.0000	0.0000	0.0000	0.0000	0.0000	0.0000	0.0000	0.0001	0.0002	0.0000	0.0005	0.0005	0.0000	0.0000	0.0000	0.0000	2.2858	0.0000	0.0000	2.2785	0.0050	4.8627	0.0173	0.0000	0.0000	0.0000	0.0000	0.0000	0.0000	0.0000	0.0000	0.0000	0.0000	0.0000	0.0000	0.0000	0.0000	0.0000	0.0000	0.0000	0.0000	0.0008	0.0008	0.0001	0.0006	0.0006	0.0000	0.0002	0.0002	0.0000	0.0002	0.0001	0.0001	0.0000	0.0000	0.0000	0.0002	0.0001	0.0001	0.0000	0.0000	0.0000	0.0000	0.0000	0.0000	0.0000	0.0000	0.0000	0.0000	0.0000	0.0000	0.0001	0.0001	0.0000	0.0000	0.0000	0.0000			
60	137	0.1523	5	0	0	0	1	0	0	0	0	N	N	N	N	N	N	N	N	N	N	N	N	0.0000	0.0000	0.0000	0.0000	0.0000	0.0000	0.0000	0.0000	0.0000	0.0000	0.0000	0.0000	0.0000	0.0040	0.0000	0.0013	0.0000	0.0000	0.0000	0.0011	0.0000	0.0013	inf	0.0000	0.0000	2.2785	1.9972	4.8627	1.0076	0.0000	0.0000	0.0000	0.0000	0.0000	0.0000	0.0000	0.0000	0.0000	0.0000	0.0000	0.0000	0.0000	0.0000	0.0000	0.0000	0.0000	0.0000	0.1521	0.1352	0.0169	0.0761	0.0706	0.0055	0.0760	0.0646	0.0114	0.0287	0.0127	0.0160	0.0017	0.0017	0.0000	0.0270	0.0110	0.0159	0.0000	0.0000	0.0000	0.0000	0.0000	0.0000	0.0000	0.0000	0.0000	0.0007	0.0000	0.0013	0.0000	0.0000	0.0000	0.0007	0.0000	0.0013						
60	138	0.1350	4	1	1	0	0	0	0	0	0	N	N	N	N	N	N	N	N	N	N	N	N	0.1597	0.1035	6.9829	0.1676	0.1742	318.0339	0.2006	0.0000	1.5066	0.0006	0.0005	0.0014	0.0014	0.0012	0.0131	0.0001	0.0000	0.0003	0.0039	0.0052	0.0002	0.0084	0.0066	0.0000	0.0003	0.0044	0.0002	0.3022	0.1401	-0.0000	-0.0000	2.2785	0.0002	4.8627	2.3255	0.0000	0.0000	0.0000	0.0000	0.0000	0.0000	0.0000	0.0000	0.0000	0.0000	0.0000	0.0000	0.0000	0.0000	0.0000	0.0000	0.0000	0.0000	0.0000	0.0000	0.0000	0.0000	0.0000	0.0000	0.0000	0.0000	0.0000	0.0383	0.0218	0.0165	0.0079	0.0076	0.0003	0.0304	0.0142	0.0162	0.9077	0.5060	6.9829	0.5531	0.4404	318.0339	0.2388	0.0000	1.5066	0.0007	0.0011	0.0002	0.0025	0.0026	0.0000	0.0002	0.0002	0.0002
60	139	0.1171	3	1	1	0	0	0	0	0	0	N	N	N	N	N	N	N	N	N	N	N	N	0.0004	0.0003	0.0016	0.0042	0.0009	115.5952	0.0005	0.0000	0.0017	0.0043	0.0000	0.0483	0.0000	0.0000	0.0008	0.0069	0.0000	0.0583	10.1906	0.0082	30.0380	0.0094	0.0080	0.0000	13.1876	0.0098	34.1633	1680.5421	12664.3396	0.0007	0.4534	2.2785	2.0138	4.8627	2.7349	0.0010	0.0000	0.0010	0.0000	0.0000	0.0000	0.0010	0.0000	0.0010	0.9486	0.0001	0.9485	0.0001	0.0001	0.0000	0.9485	0.0000	0.9485	0.2235	0.2035	0.0200	0.0839	0.0804	0.0035	0.1396	0.1231	0.0166	0.0931	0.0512	0.0419	0.0212	0.0203	0.0008	0.0719	0.0308	0.0411	0.0004	0.0019	0.0021	0.0146	0.0024	115.5952	0.0005	0.0002	0.0025	10.1906	0.0015	22.6246	0.0027	0.0028	0.0000	13.1876	0.0006	23.0751
60	140	0.1337	4	0	1	0	0	0	0	0	0	N	N	N	N	N	N	N	N	N	N	N	N	0.0001	0.0000	0.8227	0.0000	0.0000	0.0878	0.0000	1.0805	0.0000	0.0000	0.0004	0.0000	0.0000	0.0000	0.0001	0.0000	0.0006	0.7465	1.2201	0.0005	1.9787	1.9888	0.0000	0.0008	0.0124	0.0005	1750.1526	0.0123	0.0000	-0.0004	2.2785	1.9232	4.8627	1.1116	0.0000	0.0000	0.0000	0.0000	0.0000	0.0000	0.0000	0.0000	0.0000	0.0008	0.0008	0.0000	0.0008	0.0008	0.0000	0.0000	0.0000	0.0000	0.2127	0.1938	0.0189	0.1004	0.0957	0.0047	0.1123	0.0980	0.0142	0.0365	0.0180	0.0186	0.0043	0.0041	0.0002	0.0322	0.0139	0.0184	0.0017	0.0000	0.8227	0.0000	0.0000	0.0000	0.1201	0.0000	1.0805	0.0224	0.0451	0.0005	0.1849	0.1941	0.0000	0.0006	0.0007	0.0005	
60	141	0.6421	6	0	1	0	0	0	0	0	0	N	N	N	N	N	N	N	N	N	N	N	N	inf	inf	inf	inf	inf	inf	inf	0.6450	0.0004	7.6821	0.0005	0.0006	0.0000	2.1153	0.0000	15.2314	0.0000	0.0000	0.0000	0.0000	0.0000	0.0000	0.0000	0.0000	0.0000	1750.1526	0.2056	0.0000	2.2785	3.0000	4.8627	1.0000	0.2781	0.0002	0.2780	0.0002	0.0002	0.0000	0.2780	0.0000	0.2780	0.0000	0.0000	0.0000	0.0000	0.0000	0.0000	0.0000	0.0000	0.0000	0.4312	0.3951	0.0362	0.2998	0.2819	0.0179	0.1314	0.1132	0.0183	0.0421	0.0215	0.0206	0.0153	0.0129	0.0024	0.0268	0.0086	0.0182	inf	inf	inf	inf	inf	0.0000	inf	0.0000	inf	0.0000	0.0000	0.0000	0.0000	0.0000	0.0000	0.0000	0.0000	0.0000			
60	142	0.6229	5	0	0	0	0	0	0	0	0	N	N	N	N	N	N	N	N	N	N	N	N	inf	inf	inf	inf	inf	inf	inf	0.0000	0.0000	0.0002	0.0000	0.0000	0.0000	0.0001	0.0000	0.0004	0.0000	0.0000	0.0000	0.0000	0.0000	0.0000	0.0000	0.0000	0.0000	1750.1526	0.0000	0.0000	2.2785	1.0000	4.8627	1.0000	0.0000	0.0000	0.0000	0.0000	0.0000	0.0000	0.0000	0.0000	0.0000	0.0000	0.0000	0.0000	0.0000	0.0000	0.0000	0.0000	0.0000	0.0000	0.1324	0.1208	0.0116	0.0854	0.0804	0.0050	0.0469	0.0404	0.0066	0.0218	0.0111	0.0107	0.0079	0.0066	0.0012	0.0140	0.0045	0.0095	inf	inf	inf	inf	inf	0.0000	inf	0.0000	inf	0.0000	0.0000	0.0000	0.0000	0.0000	0.0000	0.0000	0.0000	0.0000			
60	143	0.3725	4	0	0	0	0	0	0	0	0	N	N	N	N	N	N	N	N	N	N	N	N	0.0024	0.0020	0.0004	0.7809	0.8065	25.1022	0.0000	0.0000	0.0006	0.0017	0.0019	0.0000	0.0042	0.0045	0.0000	0.0000	0.0000	0.0000	0.7011	0.9414	0.0216	0.0054	0.0055	0.0000	0.4674	2.2259	0.0112	0.0006	0.1847	-0.0003	-0.0033	2.2785	7.1211	4.8627	10.9474	0.0013	0.0013	0.0000	0.0013	0.0013	0.0000	0.0000	0.0000	0.0000	0.0090	0.0076	0.0014	0.0004	0.0004	0.0000	0.0086	0.0072	0.0014	0.7764	0.6978	0.0787	0.3159	0.2984	0.0175	0.4605	0.3994	0.0611	0.4376	0.2820	0.1557	0.2068	0.1766	0.0303	0.2308	0.1054	0.1254	0.0835	0.0709	0.0010	2.0918	1.8904	25.1022	0.0000	0.0000	0.0006	0.0205	0.0269	0.0090	0.0020	0.0024	0.0000	0.0371	0.0679	0.0112
60	144	0.1777	3	0	0	0	0	0	0	0	0	N	N	N	N	N	N	N	N	N	N	N	N	0.0007	0.0002	0.0039	0.0002	0.0002	0.0022	0.0006	0.0002	0.0115	0.0019	0.0009	0.0098	0.0005	0.0004	0.0017	0.0023	0.0011	0.0103	2.7923	3.7992	2.4881	2.7449	2.8137	0.7561	3.5596	6.9798	0.8998	1.2190	0.0869	0.0004	-0.4964	2.2785	8.5175	4.8627	23.1696	0.0015	0.0007	0.0008	0.0001	0.0001	0.0000	0.0014	0.0006	0.0008	1.1231	1.0333	0.0898	0.0386	0.0370	0.0016	1.0845	0.9963	0.0882	0.7853	0.7022	0.0831	0.1655	0.1602	0.0053	0.6198	0.5420	0.0777	0.4705	0.2720	0.1985	0.0892	0.0816	0.0076	0.3812	0.1903	0.1909	0.0008	0.0002	0.0216	0.0011	0.0009	0.0079	0.0008	0.0002	0.0224	2.3872	3.7992	0.4524	0.4327	0.4530	0.2141	2.8447	5.2344	0.4618
60	145	0.1523	6	1	1	0	0	0	0	0	0	N	N	N	N	N	N	N	N	N	N	N	N	0.8056	inf	4.9268	5.6601	inf	7.3623	0.0018	0.0014	0.0046	0.0000	0.0000	0.0000	0.0036	0.0031	0.0069	0.0022	0.0000	0.0009	0.0000	0.0000	0.0000	0.0006	0.0000	0.0009	0.4000	inf	0.0000	0.0000	2.2785	1.0000	4.8627	1.0000	0.0001	0.0001	0.0000	0.0000	0.0000	0.0000	0.0001	0.0001	0.0000	0.0000	0.0000	0.0000	0.0000	0.0000	0.0000	0.0000	0.0000	0.0000	0.0780	0.0693	0.0087	0.0394	0.0365	0.0029	0.0386	0.0328	0.0058	0.0193	0.0085	0.0107	0.0012	0.0011	0.0000	0.0181	0.0074	0.0107	3.4598	inf	4.9268	0.0000	0.0000	0.0000	6.5764	inf	7.3623	0.0005	0.0000	0.0009	0.0000	0.0000	0.0000	0.0006	0.0000	0.0009			
60	146	0.1523	5	0	1	0	0	0	0	0	0	N	N	N	N	N	N	N	N	N	N	N	N	0.0000	0.0000	0.0000	0.0000	0.0000	0.0000	0.0000	0.0000	0.0000	0.0000	0.0000	0.0000	0.0000	0.0000	0.0000	0.0000	0.0000	0.0000	0.0000	0.0000	2.2785	0.0003	4.8627	0.0000	0.0000	0.0000	0.0000	0.0000	0.0000	0.0000	0.0000	0.0000	0.0000	0.0000	0.0000	0.0000	0.0000	0.0000	0.0000	0.0000	0.0000	0.0000	0.0001	0.0001	0.0000	0.0001	0.0001	0.0000	0.0000	0.0000	0.0000	0.0000	0.0000	0.0000	0.0000	0.0000	0.0000	0.0000	0.0000	0.0000	0.0000	0.0000	0.0000	0.0000	0.0000	0.0000	0.0000	0.0000	0.0000	0.0000	0.0000	0.0000	0.0000	0.0000	0.0000	0.0000	0.0000	0.0000											
60	147	0.1337	4	0	0	0	0	0	0	0	0	N	N	N	N	N	N	N	N	N	N	N	N	0.0000	0.0000	inf	0.0000	0.0000	inf	inf	0.0000	0.0000	0.0002	0.0000	0.0000	0.0000	0.0000	0.0000	0.0003	0.5446	0.9241	0.0000	1.6936	1.7074	0.0000	0.0000	0.0000	0.0000	1750.1526	0.0000	0.0000	-0.0004	2.2785	4.9449	4.8627	1.0063	0.0000	0.0000	0.0000	0.0000	0.0000	0.0000	0.0000	0.0000	0.0000	0.0008	0.0008	0.0000	0.0008	0.0008	0.0000	0.0000	0.0000	0.0000	0.3954	0.3547	0.0407	0.1719	0.1619	0.0100	0.2234	0.1928	0.0306	0.0654	0.0312	0.0342	0.0059	0.0056	0.0003	0.0595	0.0256	0.0339	0.0017	0.0000	inf	0.0000	0.0000	0.0000	inf	0.0000	inf	0.0122	0.0256	0.0000	0.1364	0.1425	0.0000	0.0000	0.0000	0.0000		
60	148	0.1171	3	0	0	0	0	0	0	0	0	N	N	N	N	N	N	N	N	N	N	N	N	0.0016	0.0000	0.5305	0.0000	0.0000	57.1578	0.0342	0.0000	1.6710	0.0031	0.0000	0.0308	0.0001	0.0001	0.0005	0.0047	0.0000	0.0371	1.9915	2.8396	0.0581	5.0120	5.0891	0.0000	0.1374	0.0011	0.0222	109.0703	0.0149	0.0007	-0.0263	2.2785	3.4778	4.8627	1.2917	0.0010	0.0000	0.0010	0.0000	0.0000	0.0000	0.0010	0.0000	0.0010	0.0518	0.0510	0.0008	0.0510	0.0510	0.0000	0.0008	0.0000	0.0008	0.3127	0.2813	0.0314	0.1073	0.1019	0.0054	0.2054	0.1794	0.0260	0.0933	0.0513	0.0421	0.0212	0.0204	0.0008	0.0722	0.0309	0.0412	0.0056	0.0000	1.7070	0.0000	0.0000	57.1578	0.4462	0.0012	2.0160	0.5546	0.9946	0.0180	2.4083	2.5053	0.0000	0.0105	0.0000	0.0184
60	149	0.0668	2	0	0	0	0	0	0	0	0	N	N	N	N	N	N	N	N	N	N	N	N	0.2522	0.3585	1.4633	14.3133	16.3897	0.2968	0.0043	4.1721	0.3990	0.0003	3.6756	0.0019	0.0019	0.0000	0.4546	0.0000	3.7650	1.5820	0.0008	2.5119	0.0001	0.0001	0.0000	1.5315	0.0056	0.9024	1619.4160	1359.6830	0.2049	0.0244	2.2785	7.8050	4.8627	4.0035	0.2772	0.0002	0.2770	0.0002	0.0002	0.0000	0.2770	0.0000	0.2770	0.0511	0.0000	0.0511	0.0000	0.0000	0.0000	0.0511	0.0000	0.0511	0.6947	0.6193	0.0754	0.0854	0.0836	0.0018	0.6093	0.5358	0.0736	0.2329	0.1240	0.1088	0.0073	0.0073	0.0001	0.2255	0.1167	0.1088	1.8174	0.9117	7.8310	973.6018	1016.7322	0.0000	2.0055	0.0741	8.0173	0.2195	0.0003	0.4694	0.0000	0.0000	0.0000	0.2267	0.0003	0.4696	
60	150	0.1941	4	0	0	0	0	0	0	0	0	N	N	N	N	N	N	N	N	N	N	N	N	0.0004	0.0016	0.0001	0.0050	0.0054	0.0010	0.0000	0.0000	0.0001	0.0013	0.0013	0.0012	0.0047	0.0048	0.0000	0.0002	0.0000	0.0013	2.8939	0.8222	16.1577	0.9418	0.8838	0.0201	3.8783	0.0172	16.4476	0.1170	247.3258	-0.0001	0.4752	2.2785	3.7255	4.8627	14.1767	0.0006	0.0005	0.0001	0.0005	0.0005	0.0000	0.0001	0.0000	0.0001	1.0023	0.0040	0.9983	0.0040	0.0039	0.0001	0.9983	0.0001	0.9982	0.4404	0.3928	0.0475	0.1080	0.1050	0.0030	0.3324	0.2879	0.0445	0.3463	0.2054	0.1409	0.0652	0.0604	0.0048	0.2812	0.1450	0.1362	0.0004	0.0653	0.0002	0.0770	0.0743	0.0018	0.0000	0.0000	0.0002	2.8939	0.0196	7.0833	0.0607	0.0646	0.0105	3.5507	0.0009	7.3310
60	151	0.1777	3	0	0	0	0	0	0	0	0	N	N	N	N	N	N	N	N	N	N	N	N	0.0016	0.0012	0.0127	0.0003	0.0003	0.0016	0.0057	0.0108	0.0238	0.0026	0.0026	0.0028	0.0010	0.0010	0.0001	0.0032	0.0033	0.0029	1.6142	2.2034	0.2190	3.4610	3.4656	0.0325	0.5565	0.3007	0.1219	0.1351	0.1299	-0.0001	-0.0207	2.2785	1.4205	4.8627	4.0377	0.0006	0.0005	0.0001	0.0001	0.0001	0.0000	0.0005	0.0004	0.0001	0.0509	0.0450	0.0058	0.0447	0.0446	0.0000	0.0062	0.0004	0.0058	0.2171	0.1930	0.0240	0.0599	0.0589	0.0011	0.1571	0.1342	0.0230	0.2016	0.1266	0.0749	0.0590	0.0567	0.0022	0.1426	0.0699	0.0727	0.0102	0.0072	0.0356	0.0013	0.0013	0.0036	0.0736	0.5926	0.0363	0.2523	0.3554	0.0780	0.7574	0.7866	0.0147	0.0434	0.0055	0.0799
60	152	0.0668	2	0	0	0	0	0	0	0	0	N	N	N	N	N	N	N	N	N	N	N	N	0.0001	0.0001	0.0000	0.0824	0.1021	0.0000	0.0000	0.0000	0.0002	0.0002	0.0004	0.0008	0.0008	0.0000	0.0001	0.0001	0.0004	3.1945	1.6224	14.9357	0.0097	0.0080	0.0000	3.7308	2.7267	15.5637	0.2966	54.1455	-0.0000	0.4804	2.2785	6.4701	4.8627	12.4371	0.0001	0.0001	0.0000	0.0001	0.0001	0.0000	0.0001	0.0000	0.0000	1.0444	0.0189	1.0255	0.0000	0.0000	0.0000	1.0444	0.0189	1.0255	0.5990	0.5336	0.0654	0.0734	0.0718	0.0015	0.5257	0.4618	0.0639	0.3269	0.1722	0.1548	0.0107	0.0106	0.0001	0.3163	0.1616	0.1547	0.0001	0.0015	0.0001	0.2849	0.2887	0.0000	0.0000	0.0006	0.0001	3.1945	0.1100	6.6253	0.0028	0.0028	0.0000	3.3023	0.1170	6.6289	
61	64	0.1374	5	0	1	1	0	0	0	0	0	N	N	N	N	N	N	N	N	N	N	N	N	0.1092	0.0000	5.7287	10.4748	0.0000	2718.4084	0.0059	0.0750	0.0009	0.0000	0.0114	0.0024	0.0000	0.3239	0.0000	0.0000	0.0002	0.0082	0.0001	0.0020	0.0002	0.0002	0.0001	0.0031	0.0000	0.0020	inf	2122.3053	0.0000	0.0000	1.0901	0.2944	7.9319	1.0083	0.0000	0.0000	0.0000	0.0000	0.0000	0.0000	0.0000	0.0000	0.0000	0.0000	0.0000	0.0000	0.0000	0.0000	0.0000	0.0000	0.0000	0.0000	0.0381	0.0351	0.0030	0.0139	0.0138	0.0001	0.0242	0.0213	0.0029	0.0367	0.0163	0.0203	0.0035	0.0032	0.0003	0.0332	0.0131	0.0201	0.8137	0.0000	5.7287	173.8574	0.0000	2718.4084	0.0148	0.0000	0.0750	0.0011	0.0000	0.0020	0.0000	0.0000	0.0001	0.0012	0.0000	0.0020	
61	65	0.1167	4	0	0	1	0	0	0	0	0	N	N	N	N	N	N	N	N	N	N	N	N	0.0116	0.0086	0.0000	0.0165	0.0162	0.0000	0.0000	0.0000	0.0153	0.0171	0.0000	0.0660	0.0664	0.0000	0.0000	0.0000	0.0000	1.3113	1.9778	0.0000	4.0031	4.0932	0.0000	0.0000	0.0003	0.0000	0.0000	0.0000	-0.0003	-0.0055	1.0901	1.1351	7.9319	2.0429	0.0013	0.0013	0.0000	0.0013	0.0013	0.0000	0.0000	0.0000	0.0000	0.0105	0.0105	0.0000	0.0105	0.0105	0.0000	0.0000	0.0000	0.0000	0.0834	0.0745	0.0089	0.0193	0.0192	0.0001	0.0641	0.0553	0.0088	0.0936	0.0414	0.0521	0.0095	0.0089	0.0006	0.0841	0.0325	0.0515	0.1358	0.0674	0.0000	0.0595	0.0563	0.0000	0.0000	0.0000	0.0000	0.1124	0.2537	0.0000	1.1081	1.1797	0.0000	0.0000	0.0000	0.0000	
61	66	0.1005	3	0	0	1	0	0	0	0	0	N	N	N	N	N	N	N	N	N	N	N	N	0.0220	0.1906	0.2275	4.6981	6.0592	86.5898	0.0185	0.0000	0.5390	0.0263	0.0143	0.1289	0.0412	0.0405	0.2174	0.0193	0.0000	0.1278	1.1942	0.0752	0.5666	0.0088	0.0067	0.0025	1.0427	0.3111	0.2371	1.0448	41.3138	0.0004	0.0048	1.0901	0.4912	7.9319	2.4266	0.0014	0.0007	0.0007	0.0007	0.0007	0.0000	0.0007	0.0000	0.0007	0.0106	0.0002	0.0103	0.0001	0.0001	0.0000	0.0105	0.0002	0.0103	0.0547	0.0490	0.0057	0.0174	0.0174	0.0001	0.0373	0.0316	0.0056	0.1333	0.0610	0.0723	0.0309	0.0303	0.0005	0.1024	0.0307	0.0717	0.3317	3.5071	0.9042	15.7373	15.4050	104.7089	0.1886	0.0000	0.8897	0.0792	0.0041	0.1426	0.0026	0.0026	0.0021	0.1023	0.0055	0.1436
61	68	0.1383	5	1	1	2	0	0	0	0	0	N	N	Y	N	N	N	N	N	N	N	N	N	0.0000	0.0000	0.0000	0.0000	0.0000	0.0000	0.0000	0.0000	0.0000	0.0000	0.0000	0.0000	0.0000	0.0000	0.0000	0.0000	0.0000	0.0000	0.0000	0.0000	1.0901	0.0000	7.9319	0.0000	0.0000	0.0000	0.0000	0.0000	0.0000	0.0000	0.0000	0.0000	0.0000	0.0000	0.0000	0.0000	0.0000	0.0000	0.0000	0.0000	0.0000	0.0000	0.0000	0.0000	0.0000	0.0000	0.0000	0.0000	0.0000	0.0000	0.0000	0.0000	0.0000	0.0000	0.0000	0.0000	0.0000	0.0000	0.0000	0.0000	0.0000	0.0000	0.0000	0.0000	0.0000	0.0000	0.0000	0.0000	0.0000	0.0000	0.0000	0.0000	0.0000	0.0000	0.0000	0.0000	0.0000	0.0000											
61	69	0.7810	11	1	1	2	0	0	0	0	0	N	N	Y	N	N	N	N	N	N	N	N	N	0.0000	0.0000	0.0000	0.0000	0.0000	0.0000	0.0000	0.0000	0.0000	0.0000	0.0000	0.0000	0.0000	0.0000	0.0000	0.0000	0.0000	0.0000	0.0000	0.0000	1.0901	1.0000	7.9319	0.0000	0.0000	0.0000	0.0000	0.0000	0.0000	0.0000	0.0000	0.0000	0.0000	0.0000	0.0000	0.0000	0.0000	0.0000	0.0000	0.0000	0.0000	0.0000	0.0582	0.0539	0.0044	0.0482	0.0453	0.0029	0.0100	0.0086	0.0014	0.0100	0.0061	0.0038	0.0057	0.0051	0.0006	0.0042	0.0010	0.0032	0.0000	0.0000	0.0000	0.0000	0.0000	0.0000	0.0000	0.0000	0.0000	0.0000	0.0000	0.0000	0.0000	0.0000	0.0000	0.0000	0.0000	0.0000											
61	70	0.7810	11	1	1	2	0	0	0	0	0	N	N	Y	N	N	N	N	N	N	N	N	N	0.0000	0.0000	0.0000	0.0000	0.0000	0.0000	0.0000	0.0000	0.0000	0.0000	0.0000	0.0000	0.0000	0.0000	0.0000	0.0000	0.0000	0.0000	0.0000	0.0000	1.0901	0.0000	7.9319	0.0000	0.0000	0.0000	0.0000	0.0000	0.0000	0.0000	0.0000	0.0000	0.0000	0.0000	0.0000	0.0000	0.0000	0.0000	0.0000	0.0000	0.0000	0.0000	0.0000	0.0000	0.0000	0.0000	0.0000	0.0000	0.0000	0.0000	0.0000	0.0000	0.0000	0.0000	0.0000	0.0000	0.0000	0.0000	0.0000	0.0000	0.0000	0.0000	0.0000	0.0000	0.0000	0.0000	0.0000	0.0000	0.0000	0.0000	0.0000	0.0000	0.0000	0.0000	0.0000	0.0000	0.0000	0.0000											
61	71	0.7586	10	1	1	2	0	0	0	0	0	N	N	Y	N	N	N	N	N	N	N	N	N	inf	inf	inf	inf	inf	inf	inf	9.1128	0.0001	119.3392	0.0001	0.0001	0.0000	50.3240	0.0000	350.3400	0.0000	0.0000	0.0000	0.0000	0.0000	0.0000	0.0000	0.0000	0.0000	99932.0000	0.7393	0.0000	1.0901	2.0000	7.9319	1.0000	0.9993	0.0000	0.9993	0.0000	0.0000	0.0000	0.9993	0.0000	0.9993	0.0000	0.0000	0.0000	0.0000	0.0000	0.0000	0.0000	0.0000	0.0000	0.1097	0.1013	0.0084	0.0898	0.0843	0.0055	0.0199	0.0170	0.0029	0.0290	0.0176	0.0114	0.0164	0.0146	0.0018	0.0126	0.0030	0.0096	inf	inf	inf	inf	inf	0.0000	inf	0.0000	inf	0.0000	0.0000	0.0000	0.0000	0.0000	0.0000	0.0000	0.0000	0.0000			
61	72	0.7356	9	1	0	2	0	0	0	0	0	N	N	Y	N	N	N	N	N	N	N	N	N	346.1551	inf	2.1338	80.7330	inf	0.0000	inf	inf	inf	0.0030	0.0033	0.0000	0.0046	0.0049	0.0000	0.0000	0.0000	0.0000	0.0000	0.0000	0.0000	0.0001	0.0000	0.0000	0.0000	0.0000	0.0000	0.0000	inf	-0.0000	0.0000	1.0901	1.0017	7.9319	2.0007	0.0001	0.0001	0.0000	0.0001	0.0001	0.0000	0.0000	0.0000	0.0000	0.0000	0.0000	0.0000	0.0000	0.0000	0.0000	0.0000	0.0000	0.0000	0.0429	0.0390	0.0038	0.0279	0.0262	0.0017	0.0150	0.0128	0.0022	0.0416	0.0272	0.0145	0.0237	0.0209	0.0028	0.0179	0.0063	0.0116	31811.2526	inf	2.1338	32915.2320	inf	0.0000	inf	inf	inf	0.0000	0.0000	0.0000	0.0000	0.0000	0.0000	0.0000	0.0000	0.0000
61	73	0.1575	6	1	1	1	0	0	0	0	0	N	N	N	N	N	N	N	N	N	N	N	N	0.0000	0.0000	0.0000	0.0000	0.0000	0.0000	0.0000	0.0000	0.0000	0.0000	0.0000	0.0000	0.0000	0.0000	0.0000	0.0000	0.0000	0.0000	0.0000	0.0000	1.0901	0.0000	7.9319	0.0000	0.0000	0.0000	0.0000	0.0000	0.0000	0.0000	0.0000	0.0000	0.0000	0.0000	0.0000	0.0000	0.0000	0.0000	0.0000	0.0000	0.0000	0.0000	0.0000	0.0000	0.0000	0.0000	0.0000	0.0000	0.0000	0.0000	0.0000	0.0000	0.0000	0.0000	0.0000	0.0000	0.0000	0.0000	0.0000	0.0000	0.0000	0.0000	0.0000	0.0000	0.0000	0.0000	0.0000	0.0000	0.0000	0.0000	0.0000	0.0000	0.0000	0.0000	0.0000	0.0000	0.0000	0.0000											
61	74	0.7626	10	1	1	1	0	0	0	0	0	N	N	N	N	N	N	N	N	N	N	N	N	0.0000	0.0000	0.0000	0.0000	0.0000	0.0000	0.0000	0.0000	0.0000	0.0000	0.0000	0.0000	0.0000	0.0000	0.0000	0.0000	0.0000	0.0000	0.0000	0.0000	1.0901	0.0000	7.9319	0.0010	0.0000	0.0000	0.0000	0.0000	0.0000	0.0000	0.0000	0.0000	0.0000	0.0000	0.0000	0.0000	0.0000	0.0000	0.0000	0.0000	0.0000	0.0000	0.0000	0.0000	0.0000	0.0000	0.0000	0.0000	0.0000	0.0000	0.0000	0.0069	0.0055	0.0014	0.0035	0.0035	0.0000	0.0034	0.0021	0.0013	0.0000	0.0000	0.0000	0.0000	0.0000	0.0000	0.0000	0.0000	0.0000	0.0000	0.0000	0.0000	0.0000	0.0000	0.0000	0.0000	0.0000	0.0000											
61	75	0.7518	12	0	1	1	1	0	0	0	0	N	N	N	N	N	N	N	N	N	N	N	N	0.0000	0.0000	0.0000	0.0000	0.0000	0.0000	0.0000	0.0000	0.0000	0.0000	0.0000	0.0000	0.0000	0.0000	0.0000	0.0000	0.0000	0.0000	0.0000	0.0000	1.0901	0.0000	7.9319	0.0000	0.0000	0.0000	0.0000	0.0000	0.0000	0.0000	0.0000	0.0000	0.0000	0.0000	0.0000	0.0000	0.0000	0.0000	0.0000	0.0000	0.0000	0.0000	0.0000	0.0000	0.0000	0.0000	0.0000	0.0000	0.0000	0.0000	0.0000	0.0000	0.0000	0.0000	0.0000	0.0000	0.0000	0.0000	0.0000	0.0000	0.0000	0.0000	0.0000	0.0000	0.0000	0.0000	0.0000	0.0000	0.0000	0.0000	0.0000	0.0000	0.0000	0.0000	0.0000	0.0000	0.0000	0.0000											
61	76	0.7518	12	0	0	1	1	0	0	0	0	N	N	N	N	N	N	N	N	N	N	N	N	0.0000	0.0000	0.0000	0.0000	0.0000	0.0000	0.0000	0.0000	0.0000	0.0000	0.0000	0.0000	0.0000	0.0000	0.0000	0.0000	0.0000	0.0000	0.0000	0.0000	1.0901	0.0000	7.9319	0.0000	0.0000	0.0000	0.0000	0.0000	0.0000	0.0000	0.0000	0.0000	0.0000	0.0000	0.0000	0.0000	0.0000	0.0000	0.0000	0.0000	0.0000	0.0000	0.0000	0.0000	0.0000	0.0000	0.0000	0.0000	0.0000	0.0000	0.0000	0.0000	0.0000	0.0000	0.0000	0.0000	0.0000	0.0000	0.0000	0.0000	0.0000	0.0000	0.0000	0.0000	0.0000	0.0000	0.0000	0.0000	0.0000	0.0000	0.0000	0.0000	0.0000	0.0000	0.0000	0.0000	0.0000	0.0000											
61	77	0.7364	11	0	0	1	1	0	0	0	0	N	N	N	N	N	N	N	N	N	N	N	N	0.0385	0.0000	1.3102	0.0000	0.0000	0.0000	0.0813	2.2774	0.0014	0.0000	0.0131	0.0000	0.0000	0.0000	0.0042	0.0000	0.0191	0.0374	0.0012	0.0100	0.0023	0.0009	0.0038	0.0518	0.0000	0.0084	inf	8.7328	0.0000	0.0001	1.0901	0.0002	7.9319	2.9297	0.0000	0.0000	0.0000	0.0000	0.0000	0.0000	0.0000	0.0000	0.0000	0.0003	0.0000	0.0002	0.0001	0.0000	0.0000	0.0002	0.0000	0.0002	0.0000	0.0000	0.0000	0.0000	0.0000	0.0000	0.0000	0.0000	0.0000	0.1036	0.0654	0.0382	0.0698	0.0560	0.0138	0.0338	0.0094	0.0244	0.5472	0.0000	2.0446	0.0000	0.0000	0.0000	0.6958	0.0000	2.2774	0.0026	0.0004	0.0064	0.0010	0.0005	0.0028	0.0061	0.0000	0.0084	
61	78	0.7324	10	0	0	1	1	0	0	0	0	N	N	N	N	N	N	N	N	N	N	N	N	0.0070	0.0044	0.0000	0.0174	0.0193	0.0000	0.0000	0.0000	0.0000	0.0018	0.0020	0.0000	0.0025	0.0027	0.0000	0.0000	0.0000	0.0000	0.2614	0.4565	0.0007	0.1445	0.1392	0.0000	0.0006	0.0003	0.0008	0.0000	0.0510	-0.0000	-0.0001	1.0901	0.0003	7.9319	2.1916	0.0000	0.0000	0.0000	0.0000	0.0000	0.0000	0.0000	0.0000	0.0000	0.0003	0.0003	0.0000	0.0003	0.0003	0.0000	0.0000	0.0000	0.0000	0.0000	0.0000	0.0000	0.0000	0.0000	0.0000	0.0000	0.0000	0.0000	0.0441	0.0258	0.0183	0.0213	0.0193	0.0021	0.0228	0.0065	0.0163	0.3078	0.2070	0.0000	0.2151	0.2070	0.0000	0.0000	0.0000	0.0000	0.0060	0.0097	0.0007	0.0117	0.0130	0.0000	0.0006	0.0000	0.0008
61	79	0.7246	9	0	0	1	0	0	0	0	0	N	N	N	N	N	N	N	N	N	N	N	N	0.0822	0.0000	1.3686	0.3158	0.0000	inf	0.0000	0.0000	0.0000	0.0000	0.0002	0.0000	0.0000	0.0002	0.0000	0.0000	0.0000	0.0002	0.0001	0.0001	0.0001	0.0001	0.0000	0.0001	0.0000	0.0001	inf	604.1053	0.0000	0.0000	1.0901	0.2782	7.9319	1.3600	0.0000	0.0000	0.0000	0.0000	0.0000	0.0000	0.0000	0.0000	0.0000	0.0000	0.0000	0.0000	0.0000	0.0000	0.0000	0.0000	0.0000	0.0000	0.0217	0.0197	0.0020	0.0172	0.0159	0.0013	0.0045	0.0038	0.0007	0.0246	0.0148	0.0098	0.0117	0.0102	0.0016	0.0129	0.0046	0.0082	0.3156	0.0000	1.3686	108.8906	0.0000	inf	0.0000	0.0000	0.0000	0.0000	0.0000	0.0001	0.0000	0.0000	0.0000	0.0001	0.0000	0.0001	
61	80	0.7682	11	0	1	2	0	0	0	0	0	N	N	Y	N	N	N	N	N	N	N	N	N	0.9405	0.0002	92176.1264	5.2411	0.0021	inf	144.4619	822.4564	0.0934	0.0000	0.6533	0.1533	0.0001	0.9785	0.0009	0.0000	0.0071	0.0993	0.1547	0.0000	0.0293	0.0295	0.0000	0.0000	0.0000	0.0000	2947.0316	0.0006	0.0000	-0.0001	1.0901	0.0029	7.9319	2.0135	0.0000	0.0000	0.0000	0.0000	0.0000	0.0000	0.0000	0.0000	0.0000	0.0001	0.0001	0.0000	0.0001	0.0001	0.0000	0.0000	0.0000	0.0000	0.0003	0.0003	0.0000	0.0002	0.0002	0.0000	0.0001	0.0001	0.0000	0.0351	0.0241	0.0110	0.0221	0.0201	0.0020	0.0130	0.0040	0.0090	26.4691	0.0072	92176.1264	27.4217	0.0101	inf	144.4619	0.0000	822.4564	0.0035	0.0051	0.0000	0.0056	0.0062	0.0000	0.0000	0.0000	0.0000	
61	81	0.7616	10	0	1	1	0	0	0	0	0	N	N	N	N	N	N	N	N	N	N	N	N	0.0002	0.0002	0.0004	0.0011	0.0011	0.3231	0.0001	inf	0.0000	0.0000	0.0001	0.0000	0.0001	0.0001	0.0000	0.0000	0.0000	0.0000	0.2957	0.3558	0.0044	0.0678	0.0680	0.0000	0.0237	0.0000	0.0049	0.0037	0.3035	-0.0000	-0.0000	1.0901	0.6188	7.9319	0.9475	0.0000	0.0000	0.0000	0.0000	0.0000	0.0000	0.0000	0.0000	0.0000	0.0002	0.0001	0.0000	0.0001	0.0001	0.0000	0.0000	0.0000	0.0000	0.0420	0.0379	0.0042	0.0281	0.0264	0.0018	0.0139	0.0115	0.0024	0.0266	0.0171	0.0096	0.0155	0.0139	0.0016	0.0111	0.0031	0.0080	0.0078	0.0072	0.0004	0.0087	0.0083	0.3231	0.0004	inf	0.0000	0.0063	0.0076	0.0041	0.0083	0.0093	0.0000	0.0035	0.0000	0.0049
61	82	0.1607	6	0	1	2	0	0	0	0	0	N	N	Y	N	N	N	N	N	N	N	N	N	0.0000	0.0000	0.0000	0.0000	0.0000	0.0000	0.0000	0.0000	0.0000	0.0000	0.0000	0.0000	0.0000	0.0016	0.0057	0.0000	0.0254	0.0278	0.0000	0.0000	0.0000	0.0000	0.0000	0.0000	-0.0000	1.0901	0.0000	7.9319	1.0000	0.0000	0.0000	0.0000	0.0000	0.0000	0.0000	0.0000	0.0000	0.0000	0.0000	0.0000	0.0000	0.0000	0.0000	0.0000	0.0000	0.0000	0.0000	0.0000	0.0000	0.0000	0.0000	0.0000	0.0000	0.0000	0.0000	0.0000	0.0228	0.0091	0.0137	0.0019	0.0017	0.0002	0.0209	0.0074	0.0135	0.0000	0.0000	0.0000	0.0000	0.0000	0.0000	0.0000	0.0000	0.0000	0.0004	0.0011	0.0000	0.0053	0.0060	0.0000	0.0000	0.0000	0.0000						
61	83	0.7356	9	1	0	2	0	0	0	0	0	N	N	Y	N	N	N	N	N	N	N	N	N	2.6989	0.6187	1.0344	0.8295	1.0290	0.0000	inf	inf	0.0000	0.0000	0.0000	0.0001	0.0001	0.0000	0.0000	0.0000	0.0000	0.0000	0.0001	0.0000	0.0001	0.0001	0.0000	0.0000	0.0000	0.0000	0.0002	0.2600	-0.0000	-0.0000	1.0901	9.0001	7.9319	3.0001	0.0000	0.0000	0.0000	0.0000	0.0000	0.0000	0.0000	0.0000	0.0000	0.0000	0.0000	0.0000	0.0000	0.0000	0.0000	0.0000	0.0000	0.0000	0.3092	0.2804	0.0288	0.1886	0.1769	0.0117	0.1206	0.1035	0.0170	0.1531	0.1003	0.0528	0.0880	0.0773	0.0107	0.0651	0.0231	0.0420	262.0671	238.5706	1.0344	254.9527	291.2669	0.0000	inf	0.0000	inf	0.0000	0.0000	0.0000	0.0000	0.0000	0.0000	0.0000	0.0000	0.0000	
61	84	0.1383	5	1	0	2	0	0	0	0	0	N	N	Y	N	N	N	N	N	N	N	N	N	0.0000	0.0000	0.0000	0.0000	0.0000	0.0000	0.0000	0.0000	0.0000	0.0000	0.0000	0.0000	0.0000	0.0000	0.0000	0.0000	0.0000	0.0000	0.0000	0.0000	1.0901	4.0000	7.9319	0.0000	0.0000	0.0000	0.0000	0.0000	0.0000	0.0000	0.0000	0.0000	0.0000	0.0000	0.0000	0.0000	0.0000	0.0000	0.0000	0.0000	0.0000	0.0000	0.1381	0.1242	0.0139	0.0136	0.0133	0.0003	0.1245	0.1109	0.0136	0.0736	0.0329	0.0407	0.0173	0.0146	0.0026	0.0564	0.0183	0.0380	0.0000	0.0000	0.0000	0.0000	0.0000	0.0000	0.0000	0.0000	0.0000	0.0000	0.0000	0.0000	0.0000	0.0000	0.0000	0.0000	0.0000	0.0000											
61	85	0.1844	6	1	1	1	0	0	0	0	0	N	N	N	N	N	N	N	N	N	N	N	N	0.0008	0.0006	0.0000	0.0017	0.0017	0.0000	0.0000	0.0000	0.0000	0.0016	0.0018	0.0000	0.0077	0.0080	0.0000	0.0000	0.0000	0.0000	1.9793	2.8548	0.0000	4.6296	4.6576	0.0000	0.0006	0.0262	0.0000	0.0000	0.0000	-0.0000	-0.0221	1.0901	1.0086	7.9319	1.7435	0.0001	0.0001	0.0000	0.0001	0.0001	0.0000	0.0000	0.0000	0.0000	0.0423	0.0423	0.0000	0.0423	0.0423	0.0000	0.0000	0.0000	0.0000	0.0453	0.0402	0.0051	0.0094	0.0090	0.0004	0.0360	0.0312	0.0048	0.0797	0.0415	0.0381	0.0260	0.0230	0.0030	0.0536	0.0185	0.0352	0.0030	0.0018	0.0000	0.0047	0.0044	0.0000	0.0000	0.0000	0.0000	0.5312	1.0191	0.0000	1.6248	1.8348	0.0000	0.0005	0.0014	0.0000
61	86	0.1383	5	1	1	1	0	0	0	0	0	N	N	N	N	N	N	N	N	N	N	N	N	0.0000	0.0000	0.0000	0.0000	0.0000	0.0000	0.0000	0.0000	0.0000	0.0000	0.0000	0.0000	0.0000	0.0000	0.0000	0.0000	0.0000	0.0000	0.0010	0.0008	0.0004	0.0016	0.0011	0.0008	0.0003	0.0022	0.0004	1.5882	-0.0000	0.0000	1.0901	1.0165	7.9319	4.1395	0.0000	0.0000	0.0000	0.0000	0.0000	0.0000	0.0000	0.0000	0.0000	0.0000	0.0000	0.0000	0.0000	0.0000	0.0000	0.0000	0.0000	0.0000	0.0393	0.0352	0.0041	0.0037	0.0036	0.0001	0.0356	0.0316	0.0040	0.0925	0.0413	0.0512	0.0214	0.0182	0.0033	0.0711	0.0231	0.0480	0.0000	0.0000	0.0000	0.0000	0.0000	0.0000	0.0000	0.0000	0.0000	0.0004	0.0003	0.0004	0.0006	0.0006	0.0007	0.0003	0.0001	0.0004	
61	87	0.6944	8	1	1	1	0	0	0	0	0	N	N	N	N	N	N	N	N	N	N	N	N	29.9980	22.7167	58.3692	61.5552	inf	inf	0.2395	0.2638	0.0000	0.3647	0.3891	0.0000	0.0014	0.0016	0.0000	0.0080	0.0116	0.0000	0.0062	0.0063	0.0000	0.0000	0.0000	0.0000	0.0000	0.0000	-0.0228	-0.0001	1.0901	9.0005	7.9319	5.0000	0.0875	0.0875	0.0000	0.0873	0.0873	0.0000	0.0002	0.0002	0.0000	0.0002	0.0002	0.0000	0.0002	0.0002	0.0000	0.0000	0.0000	0.0000	0.3654	0.3318	0.0336	0.2395	0.2245	0.0150	0.1259	0.1073	0.0186	0.1843	0.1139	0.0704	0.0921	0.0798	0.0123	0.0923	0.0341	0.0581	220.7470	150.2478	0.0000	167.8643	155.2423	0.0000	inf	inf	0.0000	0.0011	0.0018	0.0000	0.0022	0.0025	0.0000	0.0000	0.0000	0.0000			
61	88	0.1607	6	0	1	1	0	0	0	0	0	N	N	N	N	N	N	N	N	N	N	N	N	0.0000	0.0000	0.0000	0.0000	0.0000	0.0000	0.0000	0.0000	0.0000	0.0000	0.0000	0.0000	0.0000	0.0000	0.0000	0.0000	0.0000	0.0000	0.0000	0.0000	1.0901	0.0000	7.9319	0.0000	0.0000	0.0000	0.0000	0.0000	0.0000	0.0000	0.0000	0.0000	0.0000	0.0000	0.0000	0.0000	0.0000	0.0000	0.0000	0.0000	0.0000	0.0000	0.0000	0.0000	0.0000	0.0000	0.0000	0.0000	0.0000	0.0000	0.0000	0.0000	0.0000	0.0000	0.0000	0.0000	0.0000	0.0000	0.0000	0.0000	0.0000	0.0000	0.0000	0.0000	0.0000	0.0000	0.0000	0.0000	0.0000	0.0000	0.0000	0.0000	0.0000	0.0000	0.0000	0.0000	0.0000	0.0000											
61	89	0.7616	10	0	1	1	0	0	0	0	0	N	N	N	N	N	N	N	N	N	N	N	N	0.0000	0.0000	0.0000	0.0000	0.0000	0.0000	0.0000	0.0000	0.0000	0.0000	0.0000	0.0000	0.0000	0.0000	0.0000	0.0000	0.0000	0.0035	0.0002	0.0018	0.0003	0.0003	0.0000	0.0060	0.0000	0.0023	40.1346	0.0000	0.0000	1.0901	1.9953	7.9319	1.0817	0.0000	0.0000	0.0000	0.0000	0.0000	0.0000	0.0000	0.0000	0.0000	0.0000	0.0000	0.0000	0.0000	0.0000	0.0000	0.0000	0.0000	0.0000	0.0849	0.0766	0.0083	0.0516	0.0484	0.0032	0.0333	0.0282	0.0051	0.0469	0.0307	0.0162	0.0277	0.0246	0.0031	0.0192	0.0061	0.0131	0.0000	0.0000	0.0000	0.0000	0.0000	0.0000	0.0000	0.0000	0.0000	0.0007	0.0000	0.0018	0.0000	0.0000	0.0000	0.0016	0.0000	0.0023		
61	90	0.7356	9	0	1	1	0	0	0	0	0	N	N	N	N	N	N	N	N	N	N	N	N	0.0300	0.0233	0.0000	0.0507	0.0590	0.0000	0.0014	inf	0.0000	0.0001	0.0001	0.0000	0.0001	0.0001	0.0000	0.0000	0.0000	0.0000	0.0027	0.0039	0.0000	0.0025	0.0023	0.0000	0.0000	0.0000	0.0000	0.0001	0.0162	-0.0000	-0.0000	1.0901	2.3999	7.9319	4.0713	0.0000	0.0000	0.0000	0.0000	0.0000	0.0000	0.0000	0.0000	0.0000	0.0001	0.0001	0.0000	0.0001	0.0001	0.0000	0.0000	0.0000	0.0000	0.0979	0.0890	0.0088	0.0627	0.0589	0.0038	0.0352	0.0301	0.0051	0.0869	0.0568	0.0301	0.0497	0.0437	0.0060	0.0372	0.0131	0.0241	0.1393	0.1017	0.0000	0.1264	0.1183	0.0000	0.0029	inf	0.0000	0.0006	0.0009	0.0000	0.0010	0.0011	0.0000	0.0000	0.0000	0.0000
61	91	0.7566	10	0	0	2	0	0	0	0	0	N	N	Y	N	N	N	N	N	N	N	N	N	0.0000	0.0000	0.0000	0.0000	0.0000	0.0000	0.0000	0.0000	0.0000	0.0000	0.0000	0.0000	0.0000	0.0000	0.0000	0.0000	0.0000	0.0000	0.0000	0.0000	1.0901	0.0000	7.9319	0.0000	0.0000	0.0000	0.0000	0.0000	0.0000	0.0000	0.0000	0.0000	0.0000	0.0000	0.0000	0.0000	0.0000	0.0000	0.0000	0.0000	0.0000	0.0000	0.0000	0.0000	0.0000	0.0000	0.0000	0.0000	0.0000	0.0000	0.0000	0.0000	0.0000	0.0000	0.0000	0.0000	0.0000	0.0000	0.0000	0.0000	0.0000	0.0000	0.0000	0.0000	0.0000	0.0000	0.0000	0.0000	0.0000	0.0000	0.0000	0.0000	0.0000	0.0000	0.0000	0.0000	0.0000	0.0000											
61	92	0.7246	9	0	0	2	0	0	0	0	0	N	N	Y	N	N	N	N	N	N	N	N	N	0.0458	0.0304	inf	0.0318	0.0294	inf	inf	inf	0.4765	0.5232	0.0000	0.6872	0.7329	0.0000	0.0030	0.0035	0.0000	10.4062	17.1980	0.0000	21.6019	24.9436	0.0000	0.0000	0.0000	0.0000	0.0000	0.0000	-0.0228	-0.5213	1.0901	3.7221	7.9319	2.9993	0.0875	0.0875	0.0000	0.0873	0.0873	0.0000	0.0002	0.0002	0.0000	0.9989	0.9989	0.0000	0.9989	0.9989	0.0000	0.0000	0.0000	0.0000	0.1836	0.1672	0.0164	0.1271	0.1191	0.0079	0.0565	0.0481	0.0085	0.0960	0.0581	0.0379	0.0462	0.0400	0.0062	0.0497	0.0180	0.0317	0.0458	0.0304	inf	0.0318	0.0294	inf	inf	inf	0.0000	10.4062	17.1980	0.0000	21.6019	24.9436	0.0000	0.0000	0.0000	0.0000	
61	93	0.6944	8	0	0	1	0	0	0	0	0	N	N	N	N	N	N	N	N	N	N	N	N	inf	inf	inf	inf	0.0000	0.0000	0.0000	0.0000	0.0000	0.0000	0.0000	0.0000	0.0000	0.0000	0.0000	0.0000	0.0000	0.0000	0.0000	0.0000	0.0000	0.0000	0.0000	-0.0000	0.0000	1.0901	2.7217	7.9319	3.0458	0.0000	0.0000	0.0000	0.0000	0.0000	0.0000	0.0000	0.0000	0.0000	0.0000	0.0000	0.0000	0.0000	0.0000	0.0000	0.0000	0.0000	0.0000	0.1368	0.1248	0.0120	0.0952	0.0895	0.0057	0.0416	0.0353	0.0063	0.0821	0.0504	0.0317	0.0404	0.0351	0.0053	0.0417	0.0153	0.0264	inf	inf	0.0000	inf	inf	0.0000	0.0000	0.0000	0.0000	0.0000	0.0000	0.0000	0.0000	0.0000	0.0000	0.0000	0.0000	0.0000						
61	94	0.7519	10	1	1	1	0	0	0	0	0	N	N	N	N	N	N	N	N	N	N	N	N	0.0021	0.0020	0.0000	0.0060	0.0064	0.0000	0.0000	0.0000	0.0000	0.0000	0.0000	0.0000	0.0000	0.0000	0.0000	0.0000	0.0000	0.0143	0.0166	0.0002	0.0077	0.0076	0.0000	0.0002	0.0002	0.0003	0.0000	0.0526	-0.0000	-0.0001	1.0901	5.9980	7.9319	4.9575	0.0000	0.0000	0.0000	0.0000	0.0000	0.0000	0.0000	0.0000	0.0000	0.0002	0.0002	0.0000	0.0002	0.0002	0.0000	0.0000	0.0000	0.0000	0.2231	0.2036	0.0195	0.1447	0.1362	0.0086	0.0783	0.0674	0.0109	0.1319	0.0896	0.0423	0.0781	0.0684	0.0097	0.0538	0.0212	0.0326	0.0196	0.0154	0.0000	0.0188	0.0175	0.0000	0.0000	0.0000	0.0000	0.0015	0.0021	0.0002	0.0024	0.0028	0.0000	0.0002	0.0000	0.0003	
61	95	0.1607	6	1	1	1	0	0	0	0	0	N	N	N	N	N	N	N	N	N	N	N	N	0.0000	0.0000	0.0000	0.0000	0.0000	0.0000	0.0000	0.0000	0.0000	0.0000	0.0000	0.0000	0.0000	0.0000	0.0000	0.0000	0.0000	0.0000	0.0000	0.0000	1.0901	0.0000	7.9319	2.0000	0.0000	0.0000	0.0000	0.0000	0.0000	0.0000	0.0000	0.0000	0.0000	0.0000	0.0000	0.0000	0.0000	0.0000	0.0000	0.0000	0.0000	0.0000	0.0000	0.0000	0.0000	0.0000	0.0000	0.0000	0.0000	0.0000	0.0000	0.0449	0.0179	0.0269	0.0037	0.0033	0.0004	0.0411	0.0146	0.0265	0.0000	0.0000	0.0000	0.0000	0.0000	0.0000	0.0000	0.0000	0.0000	0.0000	0.0000	0.0000	0.0000	0.0000	0.0000	0.0000	0.0000	0.0000											
61	96	0.1383	5	0	1	1	0	0	0	0	0	N	N	N	N	N	N	N	N	N	N	N	N	0.0000	0.0000	0.0000	0.0000	0.0000	0.0000	0.0000	0.0000	0.0000	0.0000	0.0000	0.0000	0.0000	0.0000	0.0000	0.0000	0.0000	0.0000	0.0000	0.0000	1.0901	4.0000	7.9319	0.0000	0.0000	0.0000	0.0000	0.0000	0.0000	0.0000	0.0000	0.0000	0.0000	0.0000	0.0000	0.0000	0.0000	0.0000	0.0000	0.0000	0.0000	0.0000	0.1381	0.1242	0.0139	0.0136	0.0133	0.0003	0.1245	0.1109	0.0136	0.0736	0.0329	0.0407	0.0173	0.0146	0.0026	0.0564	0.0183	0.0380	0.0000	0.0000	0.0000	0.0000	0.0000	0.0000	0.0000	0.0000	0.0000	0.0000	0.0000	0.0000	0.0000	0.0000	0.0000	0.0000	0.0000	0.0000											
61	97	0.6944	8	0	0	1	0	0	0	0	0	N	N	N	N	N	N	N	N	N	N	N	N	inf	inf	inf	inf	0.0001	0.0001	0.0000	0.0001	0.0001	0.0000	0.0000	0.0000	0.0000	0.0000	0.0000	0.0000	0.0000	0.0000	0.0000	0.0000	0.0000	0.0000	0.0000	-0.0000	0.0000	1.0901	3.9994	7.9319	4.0000	0.0000	0.0000	0.0000	0.0000	0.0000	0.0000	0.0000	0.0000	0.0000	0.0000	0.0000	0.0000	0.0000	0.0000	0.0000	0.0000	0.0000	0.0000	0.1917	0.1747	0.0170	0.1317	0.1237	0.0080	0.0600	0.0510	0.0090	0.1114	0.0685	0.0429	0.0551	0.0478	0.0073	0.0564	0.0208	0.0356	inf	inf	0.0000	inf	inf	0.0000	0.0000	0.0000	0.0000	0.0000	0.0000	0.0000	0.0000	0.0000	0.0000	0.0000	0.0000	0.0000						
61	98	0.1383	5	0	0	1	0	0	0	0	0	N	N	N	N	N	N	N	N	N	N	N	N	0.0000	0.0000	0.0000	0.0000	0.0000	0.0000	0.0000	0.0000	0.0000	0.0000	0.0000	0.0000	0.0000	0.0000	0.0000	0.0000	0.0000	0.0000	0.0000	0.0000	1.0901	1.0000	7.9319	0.0000	0.0000	0.0000	0.0000	0.0000	0.0000	0.0000	0.0000	0.0000	0.0000	0.0000	0.0000	0.0000	0.0000	0.0000	0.0000	0.0000	0.0000	0.0000	0.0690	0.0619	0.0071	0.0066	0.0064	0.0001	0.0625	0.0555	0.0070	0.0356	0.0160	0.0196	0.0085	0.0073	0.0013	0.0271	0.0088	0.0183	0.0000	0.0000	0.0000	0.0000	0.0000	0.0000	0.0000	0.0000	0.0000	0.0000	0.0000	0.0000	0.0000	0.0000	0.0000	0.0000	0.0000	0.0000											
61	99	0.5834	7	0	0	1	0	0	0	0	0	N	N	N	N	N	N	N	N	N	N	N	N	0.0026	0.0066	0.0000	0.0071	0.0071	0.0000	0.0000	0.2091	0.0000	0.0116	0.0129	0.0000	0.0172	0.0183	0.0000	0.0000	0.0001	0.0000	4.4848	1.9374	19.1118	2.4193	2.5726	0.0401	7.8010	0.0003	23.0043	0.0000	32.1976	-0.0004	0.4612	1.0901	1.5982	7.9319	11.1970	0.0014	0.0014	0.0000	0.0014	0.0014	0.0000	0.0000	0.0000	0.0000	1.0295	0.0310	0.9985	0.0312	0.0310	0.0002	0.9983	0.0000	0.9983	0.1168	0.1056	0.0113	0.0787	0.0743	0.0044	0.0381	0.0313	0.0068	0.2295	0.1370	0.0926	0.1016	0.0913	0.0103	0.1280	0.0456	0.0823	0.0026	0.0569	0.0000	0.0561	0.0538	0.0000	0.0000	59.9294	0.0000	4.4848	0.2264	10.7838	0.3071	0.3396	0.0178	7.8010	0.0000	12.1265
61	100	0.7534	11	1	1	2	0	0	0	0	0	N	N	Y	N	N	N	N	N	N	N	N	N	0.0000	0.0000	0.0000	0.0000	0.0000	0.0000	0.0000	0.0000	0.0000	0.0000	0.0000	0.0000	0.0000	0.0000	0.0000	0.0000	0.0141	0.0180	0.0000	0.0085	0.0081	0.0000	0.0000	0.0000	0.0000	0.0003	0.0000	-0.0000	1.0901	0.0000	7.9319	0.9982	0.0000	0.0000	0.0000	0.0000	0.0000	0.0000	0.0000	0.0000	0.0000	0.0000	0.0000	0.0000	0.0000	0.0000	0.0000	0.0000	0.0000	0.0000	0.0038	0.0035	0.0004	0.0037	0.0034	0.0004	0.0001	0.0001	0.0000	0.0133	0.0090	0.0043	0.0078	0.0069	0.0009	0.0055	0.0021	0.0034	0.0000	0.0000	0.0000	0.0000	0.0000	0.0000	0.0000	0.0000	0.0000	0.0015	0.0022	0.0000	0.0026	0.0029	0.0000	0.0000	0.0000	0.0000			
61	101	0.1730	8	1	1	2	0	0	0	0	0	N	N	Y	N	N	N	N	N	N	N	N	N	0.0000	0.0000	0.0000	0.0000	0.0000	0.0000	0.0000	0.0000	0.0000	0.0000	0.0000	0.0000	0.0000	0.0000	0.0000	0.0000	0.0000	0.0000	0.0000	0.0000	1.0901	0.0000	7.9319	0.0000	0.0000	0.0000	0.0000	0.0000	0.0000	0.0000	0.0000	0.0000	0.0000	0.0000	0.0000	0.0000	0.0000	0.0000	0.0000	0.0000	0.0000	0.0000	0.0000	0.0000	0.0000	0.0000	0.0000	0.0000	0.0000	0.0000	0.0000	0.0000	0.0000	0.0000	0.0000	0.0000	0.0000	0.0000	0.0000	0.0000	0.0000	0.0000	0.0000	0.0000	0.0000	0.0000	0.0000	0.0000	0.0000	0.0000	0.0000	0.0000	0.0000	0.0000	0.0000	0.0000	0.0000	0.0000											
61	102	0.1730	7	1	0	2	0	0	0	0	0	N	N	Y	N	N	N	N	N	N	N	N	N	0.0000	0.0000	0.0000	0.0000	0.0000	0.0000	0.0000	0.0000	0.0000	0.0000	0.0000	0.0000	0.0000	0.0000	0.0000	0.0000	0.0000	0.0000	0.0000	0.0000	1.0901	0.0000	7.9319	0.0000	0.0000	0.0000	0.0000	0.0000	0.0000	0.0000	0.0000	0.0000	0.0000	0.0000	0.0000	0.0000	0.0000	0.0000	0.0000	0.0000	0.0000	0.0000	0.0000	0.0000	0.0000	0.0000	0.0000	0.0000	0.0000	0.0000	0.0000	0.0000	0.0000	0.0000	0.0000	0.0000	0.0000	0.0000	0.0000	0.0000	0.0000	0.0000	0.0000	0.0000	0.0000	0.0000	0.0000	0.0000	0.0000	0.0000	0.0000	0.0000	0.0000	0.0000	0.0000	0.0000	0.0000	0.0000											
61	103	0.1669	6	1	0	2	0	0	0	0	0	N	N	Y	N	N	N	N	N	N	N	N	N	0.0000	0.0000	0.0000	0.0000	0.0000	0.0000	0.0000	0.0000	0.0000	0.0000	0.0000	0.0000	0.0000	0.0000	0.0000	0.0000	0.0000	0.0000	0.0000	0.0000	1.0901	0.0000	7.9319	1.0091	0.0000	0.0000	0.0000	0.0000	0.0000	0.0000	0.0000	0.0000	0.0000	0.0000	0.0000	0.0000	0.0000	0.0000	0.0000	0.0000	0.0000	0.0000	0.0000	0.0000	0.0000	0.0000	0.0000	0.0000	0.0000	0.0000	0.0000	0.0232	0.0092	0.0140	0.0019	0.0017	0.0002	0.0213	0.0075	0.0138	0.0000	0.0000	0.0000	0.0000	0.0000	0.0000	0.0000	0.0000	0.0000	0.0000	0.0000	0.0000	0.0000	0.0000	0.0000	0.0000	0.0000	0.0000											
61	104	0.6944	8	0	1	1	0	0	0	0	0	N	N	N	N	N	N	N	N	N	N	N	N	inf	inf	inf	inf	inf	inf	0.2612	0.2875	0.0000	0.3942	0.4204	0.0000	0.0015	0.0018	0.0000	0.0000	0.0000	0.0000	0.0000	0.0000	0.0000	0.0000	0.0000	0.0000	0.0000	-0.0228	0.0000	1.0901	7.9994	7.9319	4.0001	0.0875	0.0875	0.0000	0.0873	0.0873	0.0000	0.0002	0.0002	0.0000	0.0000	0.0000	0.0000	0.0000	0.0000	0.0000	0.0000	0.0000	0.0000	0.3350	0.3043	0.0306	0.2215	0.2077	0.0138	0.1134	0.0966	0.0168	0.1610	0.0993	0.0616	0.0801	0.0695	0.0106	0.0808	0.0299	0.0510	inf	inf	0.0000	inf	inf	0.0000	inf	inf	0.0000	0.0000	0.0000	0.0000	0.0000	0.0000	0.0000	0.0000	0.0000	0.0000				
61	105	0.7569	12	1	0	2	0	0	0	0	0	N	N	Y	N	N	N	N	N	N	N	N	N	0.0000	0.0000	0.0002	0.0000	0.0000	0.0000	0.0000	0.0009	0.0000	0.0000	0.0000	0.0000	0.0000	0.0000	0.0000	0.0000	0.0000	0.2144	0.0112	0.0393	0.0091	0.0049	0.0090	0.1106	0.0000	0.0160	inf	3.6338	0.0000	0.0000	1.0901	1.0000	7.9319	1.0005	0.0000	0.0000	0.0000	0.0000	0.0000	0.0000	0.0000	0.0000	0.0000	0.0001	0.0000	0.0001	0.0000	0.0000	0.0000	0.0001	0.0000	0.0001	0.0418	0.0382	0.0036	0.0278	0.0262	0.0016	0.0140	0.0120	0.0020	0.0261	0.0176	0.0084	0.0154	0.0135	0.0019	0.0107	0.0042	0.0066	0.0001	0.0000	0.0006	0.0000	0.0000	0.0000	0.0002	0.0000	0.0010	0.0053	0.0017	0.0129	0.0027	0.0022	0.0057	0.0092	0.0000	0.0150	
61	106	0.7534	11	1	0	2	0	0	0	0	0	N	N	Y	N	N	N	N	N	N	N	N	N	0.0129	0.0097	0.0000	0.0000	0.0000	0.0000	1712.6567	inf	0.0000	0.0062	0.0068	0.0000	0.0000	0.0000	0.0000	0.0207	0.0240	0.0000	0.4832	0.6990	0.0000	0.2955	0.3078	0.0001	0.0000	0.0000	0.0000	0.0000	0.0012	-0.0001	-0.0001	1.0901	0.7249	7.9319	0.0368	0.0002	0.0002	0.0000	0.0000	0.0000	0.0000	0.0002	0.0002	0.0000	0.0001	0.0001	0.0000	0.0001	0.0001	0.0000	0.0000	0.0000	0.0000	0.0342	0.0313	0.0030	0.0239	0.0224	0.0015	0.0103	0.0089	0.0014	0.0102	0.0069	0.0033	0.0060	0.0053	0.0007	0.0042	0.0016	0.0026	0.5809	0.4300	0.0000	0.0001	0.0001	0.0000	1826.8121	inf	0.0000	0.0107	0.0158	0.0000	0.0182	0.0207	0.0001	0.0000	0.0000	0.0000
61	107	0.7519	10	1	0	2	0	0	0	0	0	N	N	Y	N	N	N	N	N	N	N	N	N	0.0325	19.6562	0.0006	0.7102	0.9832	0.0500	0.1278	inf	0.0021	0.0046	0.0050	0.0000	0.0003	0.0003	0.0000	0.0160	0.0186	0.0000	0.1431	0.0003	0.0400	0.0004	0.0003	0.0002	0.1253	0.0000	0.0186	0.0004	222.4240	-0.0000	0.0000	1.0901	0.4159	7.9319	0.0887	0.0001	0.0001	0.0000	0.0000	0.0000	0.0000	0.0001	0.0001	0.0000	0.0000	0.0000	0.0000	0.0000	0.0000	0.0000	0.0000	0.0000	0.0000	0.0215	0.0198	0.0017	0.0156	0.0147	0.0009	0.0060	0.0051	0.0008	0.0073	0.0050	0.0023	0.0042	0.0037	0.0005	0.0030	0.0012	0.0018	1.1157	185.7630	0.0019	4.9276	8.5969	0.0500	1.6248	inf	0.0023	0.0042	0.0000	0.0132	0.0001	0.0000	0.0002	0.0099	0.0000	0.0166
61	108	0.7356	9	1	0	1	0	0	0	0	0	N	N	N	N	N	N	N	N	N	N	N	N	0.5674	0.4135	0.0000	0.7668	0.9029	425.8359	inf	0.0000	0.0009	0.0010	0.0000	0.0014	0.0015	0.0000	0.0001	0.0001	0.0000	0.0016	0.0025	0.0000	0.0018	0.0016	0.0000	0.0000	0.0000	0.0000	0.0000	0.0003	-0.0000	-0.0000	1.0901	3.9943	7.9319	0.9974	0.0001	0.0001	0.0000	0.0001	0.0001	0.0000	0.0000	0.0000	0.0000	0.0000	0.0000	0.0000	0.0000	0.0000	0.0000	0.0000	0.0000	0.0000	0.1556	0.1414	0.0142	0.0983	0.0924	0.0060	0.0573	0.0491	0.0082	0.0679	0.0444	0.0236	0.0388	0.0341	0.0047	0.0291	0.0102	0.0189	2.0919	1.5036	0.0000	1.8016	1.6876	0.0000	425.8359	inf	0.0000	0.0004	0.0007	0.0000	0.0008	0.0009	0.0000	0.0000	0.0000	0.0000	
61	109	0.1669	6	1	0	2	0	0	0	0	0	N	N	Y	N	N	N	N	N	N	N	N	N	0.0000	0.0000	0.0000	0.0000	0.0000	0.0000	0.0000	0.0000	0.0000	0.0000	0.0000	0.0000	0.0000	0.0000	0.0000	0.0000	0.0000	0.0000	0.0000	0.0000	1.0901	0.0000	7.9319	0.9909	0.0000	0.0000	0.0000	0.0000	0.0000	0.0000	0.0000	0.0000	0.0000	0.0000	0.0000	0.0000	0.0000	0.0000	0.0000	0.0000	0.0000	0.0000	0.0000	0.0000	0.0000	0.0000	0.0000	0.0000	0.0000	0.0000	0.0000	0.0228	0.0090	0.0138	0.0019	0.0017	0.0002	0.0209	0.0073	0.0136	0.0000	0.0000	0.0000	0.0000	0.0000	0.0000	0.0000	0.0000	0.0000	0.0000	0.0000	0.0000	0.0000	0.0000	0.0000	0.0000	0.0000	0.0000											
61	110	0.1383	5	1	0	2	0	0	0	0	0	N	N	Y	N	N	N	N	N	N	N	N	N	0.0000	0.0000	0.0000	0.0000	0.0000	0.0000	0.0000	0.0000	0.0000	0.0000	0.0000	0.0000	0.0000	0.0000	0.0000	0.0000	0.0000	0.0000	0.0000	0.0000	1.0901	4.0000	7.9319	0.0000	0.0000	0.0000	0.0000	0.0000	0.0000	0.0000	0.0000	0.0000	0.0000	0.0000	0.0000	0.0000	0.0000	0.0000	0.0000	0.0000	0.0000	0.0000	0.1381	0.1242	0.0139	0.0136	0.0133	0.0003	0.1245	0.1109	0.0136	0.0736	0.0329	0.0407	0.0173	0.0146	0.0026	0.0564	0.0183	0.0380	0.0000	0.0000	0.0000	0.0000	0.0000	0.0000	0.0000	0.0000	0.0000	0.0000	0.0000	0.0000	0.0000	0.0000	0.0000	0.0000	0.0000	0.0000											
61	112	0.7402	9	0	0	2	0	0	0	0	0	N	N	Y	N	N	N	N	N	N	N	N	N	0.0000	0.0000	0.0000	0.0000	0.0000	0.0000	0.0000	0.0000	0.0000	0.0000	0.0000	0.0000	0.0000	3.1171	3.9070	0.0000	6.5422	6.3594	0.0000	0.0000	0.0000	0.0000	0.0000	0.0000	-0.0000	1.0901	0.0000	7.9319	0.0001	0.0000	0.0000	0.0000	0.0000	0.0000	0.0000	0.0000	0.0000	0.0000	0.0000	0.0000	0.0000	0.0000	0.0000	0.0000	0.0000	0.0000	0.0000	0.0000	0.0000	0.0000	0.0000	0.0000	0.0000	0.0000	0.0000	0.0000	0.0000	0.0000	0.0000	0.0000	0.0000	0.0000	0.0000	0.0000	0.0000	0.0000	0.0000	0.0000	0.0000	0.0000	0.0000	0.0000	0.0000	0.0000	3.1171	3.9070	0.0000	5.4549	6.1195	0.0000	0.0000	0.0000	0.0000						
61	113	0.6944	8	0	0	2	0	0	0	0	0	N	N	Y	N	N	N	N	N	N	N	N	N	0.0566	0.0382	0.0407	0.0376	inf	inf	0.4563	0.5006	0.0000	0.6628	0.7055	0.0000	0.0028	0.0033	0.0000	8.0562	13.0869	0.0000	16.2718	18.7559	0.0000	0.0000	0.0000	0.0000	0.0000	0.0000	-0.0228	-0.5221	1.0901	4.0004	7.9319	4.9999	0.0875	0.0875	0.0000	0.0873	0.0873	0.0000	0.0002	0.0002	0.0000	1.0004	1.0004	0.0000	1.0004	1.0004	0.0000	0.0000	0.0000	0.0000	0.1918	0.1748	0.0170	0.1317	0.1238	0.0080	0.0600	0.0510	0.0090	0.1242	0.0764	0.0477	0.0615	0.0533	0.0081	0.0627	0.0231	0.0396	0.0566	0.0382	0.0000	0.0407	0.0376	0.0000	inf	inf	0.0000	8.0562	13.0869	0.0000	16.2718	18.7559	0.0000	0.0000	0.0000	0.0000			
61	114	0.1056	4	0	1	1	0	0	0	0	0	N	N	N	N	N	N	N	N	N	N	N	N	215.0080	104.8957	0.0000	587.8290	659.0591	0.0000	2.7026	0.0110	0.0000	0.4151	0.4657	0.0000	2.8879	2.9541	0.0000	0.0000	0.0000	0.0000	0.0019	0.0044	0.0000	0.0049	0.0045	0.0000	0.0000	0.0001	0.0000	0.0000	0.0007	-0.0230	-0.0001	1.0901	4.3361	7.9319	4.6323	0.0885	0.0885	0.0000	0.0885	0.0885	0.0000	0.0000	0.0000	0.0000	0.0001	0.0001	0.0000	0.0001	0.0001	0.0000	0.0000	0.0000	0.0000	0.2131	0.1899	0.0231	0.0306	0.0299	0.0007	0.1825	0.1600	0.0225	0.3106	0.1570	0.1536	0.0791	0.0735	0.0056	0.2315	0.0836	0.1479	859.6442	487.9199	0.0000	1523.8743	1448.1670	0.0000	2.7026	9.9824	0.0000	0.0005	0.0010	0.0000	0.0019	0.0020	0.0000	0.0000	0.0000	0.0000
61	116	0.6944	8	0	1	1	1	0	0	0	0	N	N	N	N	N	N	N	N	N	N	N	N	0.1635	inf	0.0000	inf	inf	0.0000	0.0000	0.0000	0.0000	0.0000	0.0001	0.0001	0.0000	0.0000	0.0000	0.0000	0.0003	0.0000	0.0003	0.0000	0.0000	0.0000	0.0002	0.0000	0.0003	0.0000	inf	-0.0000	0.0000	1.0901	5.0006	7.9319	2.0000	0.0000	0.0000	0.0000	0.0000	0.0000	0.0000	0.0000	0.0000	0.0000	0.0000	0.0000	0.0000	0.0000	0.0000	0.0000	0.0000	0.0000	0.0000	0.2313	0.2107	0.0207	0.1574	0.1478	0.0096	0.0740	0.0629	0.0111	0.0984	0.0605	0.0379	0.0486	0.0421	0.0064	0.0499	0.0184	0.0315	0.4256	inf	0.0000	inf	inf	0.0000	0.0000	0.0000	0.0000	0.0001	0.0000	0.0003	0.0000	0.0000	0.0000	0.0002	0.0000	0.0003		
61	117	0.1383	5	0	1	1	1	0	0	0	0	N	N	N	N	N	N	N	N	N	N	N	N	0.0000	0.0000	0.0000	0.0000	0.0000	0.0000	0.0000	0.0000	0.0000	0.0000	0.0000	0.0000	0.0000	0.0000	0.0000	0.0000	0.0000	0.0000	0.0000	0.0000	1.0901	0.0000	7.9319	1.0000	0.0000	0.0000	0.0000	0.0000	0.0000	0.0000	0.0000	0.0000	0.0000	0.0000	0.0000	0.0000	0.0000	0.0000	0.0000	0.0000	0.0000	0.0000	0.0000	0.0000	0.0000	0.0000	0.0000	0.0000	0.0000	0.0000	0.0000	0.0272	0.0123	0.0150	0.0066	0.0056	0.0010	0.0207	0.0067	0.0140	0.0000	0.0000	0.0000	0.0000	0.0000	0.0000	0.0000	0.0000	0.0000	0.0000	0.0000	0.0000	0.0000	0.0000	0.0000	0.0000	0.0000	0.0000											
61	118	0.6944	8	0	1	1	0	0	0	0	0	N	N	N	N	N	N	N	N	N	N	N	N	990.6879	557.9900	581.8498	625.7367	inf	inf	0.1571	0.1737	0.0000	0.2550	0.2729	0.0000	0.0008	0.0009	0.0000	0.0002	0.0003	0.0000	0.0004	0.0004	0.0000	0.0000	0.0000	0.0000	0.0000	0.0000	-0.0228	-0.0000	1.0901	16.9994	7.9319	6.0000	0.0875	0.0875	0.0000	0.0873	0.0873	0.0000	0.0002	0.0002	0.0000	0.0000	0.0000	0.0000	0.0000	0.0000	0.0000	0.0000	0.0000	0.0000	0.5569	0.5036	0.0533	0.3424	0.3200	0.0224	0.2145	0.1836	0.0309	0.2792	0.1736	0.1056	0.1413	0.1223	0.0190	0.1379	0.0513	0.0866	4386.3748	3015.3425	0.0000	3604.1759	3337.5679	0.0000	inf	inf	0.0000	0.0000	0.0001	0.0000	0.0001	0.0001	0.0000	0.0000	0.0000	0.0000			
61	119	0.1383	5	0	1	1	0	0	0	0	0	N	N	N	N	N	N	N	N	N	N	N	N	0.0000	0.0000	0.0000	0.0000	0.0000	0.0000	0.0000	0.0000	0.0000	0.0000	0.0000	0.0000	0.0000	0.0201	0.0898	0.0000	0.0771	0.0841	0.0000	0.0000	0.0000	0.0000	0.0000	0.0000	-0.0002	1.0901	5.0000	7.9319	6.0000	0.0000	0.0000	0.0000	0.0000	0.0000	0.0000	0.0000	0.0000	0.0000	0.0003	0.0003	0.0000	0.0003	0.0003	0.0000	0.0000	0.0000	0.0000	0.1666	0.1499	0.0167	0.0166	0.0162	0.0003	0.1500	0.1337	0.0163	0.1746	0.0769	0.0976	0.0379	0.0320	0.0059	0.1367	0.0449	0.0918	0.0000	0.0000	0.0000	0.0000	0.0000	0.0000	0.0000	0.0000	0.0000	0.0019	0.0043	0.0000	0.0087	0.0103	0.0000	0.0000	0.0000	0.0000						
61	120	0.1663	6	0	1	1	0	0	0	0	0	N	N	N	N	N	N	N	N	N	N	N	N	0.0006	0.0000	1.3118	0.0004	0.0000	inf	0.0048	0.0000	0.0327	0.0001	0.0000	0.0006	0.0001	0.0000	0.0026	0.0000	0.0000	0.0000	0.0884	0.3369	0.0005	0.2436	0.2319	0.0000	0.0004	0.0002	0.0005	inf	0.0915	0.0000	-0.0001	1.0901	0.9998	7.9319	0.9486	0.0000	0.0000	0.0000	0.0000	0.0000	0.0000	0.0000	0.0000	0.0000	0.0001	0.0001	0.0000	0.0001	0.0001	0.0000	0.0000	0.0000	0.0000	0.0341	0.0314	0.0027	0.0164	0.0158	0.0007	0.0177	0.0156	0.0020	0.0382	0.0161	0.0221	0.0073	0.0071	0.0002	0.0309	0.0090	0.0219	0.0151	0.0000	1.3118	0.0064	0.0000	inf	0.0054	0.0000	0.0327	0.0034	0.0074	0.0005	0.0163	0.0167	0.0000	0.0004	0.0000	0.0005
61	121	0.1383	5	0	1	1	0	0	0	0	0	N	N	N	N	N	N	N	N	N	N	N	N	0.0162	0.0061	0.0333	0.0371	0.0000	0.0000	0.0000	0.0001	0.0001	0.0000	0.0000	0.0000	0.0000	0.0006	0.0018	0.0000	0.0029	0.0027	0.0000	0.0000	0.0000	0.0000	0.0000	0.0000	-0.0000	-0.0000	1.0901	3.0005	7.9319	1.1085	0.0000	0.0000	0.0000	0.0000	0.0000	0.0000	0.0000	0.0000	0.0000	0.0000	0.0000	0.0000	0.0000	0.0000	0.0000	0.0000	0.0000	0.0000	0.1809	0.1629	0.0180	0.0181	0.0177	0.0004	0.1628	0.1452	0.0176	0.1291	0.0573	0.0718	0.0291	0.0247	0.0045	0.1000	0.0327	0.0673	0.0395	0.0195	0.0000	0.0890	0.0769	0.0000	0.0000	0.0000	0.0000	0.0002	0.0006	0.0000	0.0011	0.0013	0.0000	0.0000	0.0000	0.0000					
61	122	0.7356	9	0	1	1	0	0	0	0	0	N	N	N	N	N	N	N	N	N	N	N	N	inf	inf	inf	inf	inf	inf	0.0002	0.0003	0.0000	0.0004	0.0004	0.0000	0.0000	0.0000	0.0000	0.0000	0.0000	0.0000	0.0000	0.0000	0.0000	0.0000	0.0000	0.0000	0.0000	-0.0000	0.0000	1.0901	2.0001	7.9319	3.0000	0.0000	0.0000	0.0000	0.0000	0.0000	0.0000	0.0000	0.0000	0.0000	0.0000	0.0000	0.0000	0.0000	0.0000	0.0000	0.0000	0.0000	0.0000	0.0826	0.0752	0.0074	0.0531	0.0499	0.0032	0.0295	0.0253	0.0043	0.0680	0.0444	0.0236	0.0389	0.0342	0.0047	0.0292	0.0102	0.0189	inf	inf	0.0000	inf	inf	0.0000	inf	inf	0.0000	0.0000	0.0000	0.0000	0.0000	0.0000	0.0000	0.0000	0.0000	0.0000				
61	123	0.6944	8	0	0	1	0	0	0	0	0	N	N	N	N	N	N	N	N	N	N	N	N	86903.7329	6154.7033	inf	8689.0466	8999.6052	inf	inf	inf	inf	0.2888	0.3175	0.0006	0.4318	0.4602	0.0013	0.0017	0.0020	0.0000	0.0000	0.0001	0.0000	0.0000	0.0001	0.0000	0.0000	0.0000	0.0000	0.0002	0.0000	-0.0227	-0.0000	1.0901	6.9986	7.9319	2.0000	0.0874	0.0874	0.0000	0.0872	0.0872	0.0000	0.0002	0.0002	0.0000	0.0000	0.0000	0.0000	0.0000	0.0000	0.0000	0.0000	0.0000	0.0000	0.3026	0.2751	0.0275	0.2020	0.1895	0.0125	0.1006	0.0857	0.0150	0.1242	0.0764	0.0477	0.0615	0.0533	0.0081	0.0627	0.0231	0.0396	9193138.6139	6222809.3390	inf	6805560.4231	6292563.5553	inf	inf	inf	inf	0.0000	0.0000	0.0000	0.0000	0.0000	0.0000	0.0000	0.0000	0.0000
61	124	0.1718	6	0	1	1	0	0	0	0	0	N	N	N	N	N	N	N	N	N	N	N	N	0.0885	0.4188	1.1317	3.3541	1.3462	55821.8595	0.0022	0.0175	0.0001	0.0000	0.0008	0.0005	0.0002	0.0095	0.0000	0.0000	0.0000	0.0012	0.0001	0.0007	0.0001	0.0001	0.0000	0.0006	0.0000	0.0007	1.7070	467.4495	0.0000	0.0000	1.0901	3.9006	7.9319	3.1543	0.0000	0.0000	0.0000	0.0000	0.0000	0.0000	0.0000	0.0000	0.0000	0.0001	0.0000	0.0001	0.0000	0.0000	0.0000	0.0001	0.0000	0.0001	0.2461	0.2242	0.0219	0.0531	0.0514	0.0017	0.1930	0.1728	0.0201	0.1780	0.0760	0.1020	0.0457	0.0387	0.0070	0.1323	0.0373	0.0950	0.2779	22.5379	1.1317	153.0139	50.0959	55821.8595	0.0025	0.0000	0.0175	0.0004	0.0000	0.0007	0.0000	0.0000	0.0000	0.0005	0.0000	0.0007	
61	125	0.1383	5	0	1	1	0	0	0	0	0	N	N	N	N	N	N	N	N	N	N	N	N	0.0307	0.0148	0.0000	0.1206	0.1180	0.0000	0.0000	0.0000	0.0002	0.0002	0.0000	0.0016	0.0016	0.0000	0.0000	0.0000	0.0000	0.0050	0.0114	0.0000	0.0130	0.0136	0.0000	0.0000	0.0001	0.0000	0.0000	0.0000	-0.0000	-0.0000	1.0901	1.6924	7.9319	1.9110	0.0000	0.0000	0.0000	0.0000	0.0000	0.0000	0.0000	0.0000	0.0000	0.0001	0.0001	0.0000	0.0001	0.0001	0.0000	0.0000	0.0000	0.0000	0.1113	0.1000	0.0113	0.0108	0.0106	0.0002	0.1005	0.0894	0.0111	0.1155	0.0514	0.0641	0.0263	0.0223	0.0040	0.0892	0.0291	0.0601	0.1962	0.0972	0.0000	0.4602	0.3982	0.0000	0.0000	0.0000	0.0000	0.0008	0.0017	0.0000	0.0034	0.0040	0.0000	0.0000	0.0000	0.0000	
61	126	0.6944	8	0	1	1	0	0	0	0	0	N	N	N	N	N	N	N	N	N	N	N	N	0.0000	0.0000	0.0000	0.0000	0.0000	0.0000	0.0000	0.0000	0.0000	0.0000	0.0000	0.0000	0.0000	0.0000	0.0000	0.0000	0.0000	0.0006	0.0001	0.0006	0.0006	0.0001	0.0016	0.0003	0.0000	0.0005	1020.4082	0.0000	0.0000	1.0901	0.9996	7.9319	8.0005	0.0000	0.0000	0.0000	0.0000	0.0000	0.0000	0.0000	0.0000	0.0000	0.0000	0.0000	0.0000	0.0000	0.0000	0.0000	0.0000	0.0000	0.0000	0.0538	0.0491	0.0046	0.0381	0.0358	0.0022	0.0157	0.0133	0.0024	0.1242	0.0764	0.0477	0.0615	0.0533	0.0081	0.0627	0.0231	0.0396	0.0000	0.0000	0.0000	0.0000	0.0000	0.0000	0.0000	0.0000	0.0000	0.0002	0.0000	0.0006	0.0002	0.0000	0.0012	0.0003	0.0000	0.0005		
61	127	0.5998	8	0	0	1	0	0	0	0	0	N	N	N	N	N	N	N	N	N	N	N	N	0.0017	0.0419	0.0000	0.0115	0.1918	0.0000	0.0000	0.1439	0.0000	0.0065	0.0072	0.0000	0.0094	0.0100	0.0000	0.0000	0.0000	0.0000	3.7975	0.1719	17.4912	0.8175	0.0521	1.6257	6.7973	0.0002	20.3923	0.0000	1159.9307	-0.0004	0.4617	1.0901	3.6536	7.9319	12.3970	0.0014	0.0014	0.0000	0.0014	0.0014	0.0000	0.0000	0.0000	0.0000	0.9674	0.0008	0.9666	0.0057	0.0008	0.0048	0.9618	0.0000	0.9618	0.2103	0.1907	0.0197	0.1463	0.1373	0.0090	0.0640	0.0534	0.0106	0.2548	0.1526	0.1022	0.1133	0.1004	0.0128	0.1415	0.0521	0.0893	0.0017	1.3171	0.0000	0.1869	1.2034	0.0000	0.0000	75.2707	0.0000	3.7975	0.0055	9.4609	0.0501	0.0083	0.3777	6.7973	0.0000	10.7647
61	128	0.3886	6	0	0	1	0	0	0	0	0	N	N	N	N	N	N	N	N	N	N	N	N	0.0652	0.0835	0.0000	0.0975	0.1878	0.0000	0.0012	0.0010	0.0000	0.1181	0.1312	0.0000	0.1820	0.1974	0.0000	0.0025	0.0029	0.0000	1.8120	1.5719	5.0551	1.8660	1.0512	8.5095	2.0044	2.8453	1.5851	0.0000	5.5164	-0.0107	0.0574	1.0901	5.3495	7.9319	12.4099	0.0413	0.0413	0.0000	0.0410	0.0410	0.0000	0.0003	0.0003	0.0000	0.1769	0.0272	0.1498	0.0352	0.0140	0.0213	0.1417	0.0132	0.1285	0.3498	0.3149	0.0349	0.2252	0.2076	0.0176	0.1246	0.1072	0.0174	0.4881	0.2875	0.2006	0.2112	0.1845	0.0267	0.2768	0.1030	0.1738	0.3257	1.3889	0.0000	1.0910	2.6110	0.0000	0.0049	0.0226	0.0000	0.3626	0.0945	0.7468	0.1668	0.0756	0.7965	0.5119	0.1282	0.7392
61	129	0.8059	14	0	1	1	1	0	0	0	0	N	N	N	N	N	N	N	N	N	N	N	N	0.0000	0.0000	0.0000	0.0000	0.0000	0.0000	0.0000	0.0000	0.0000	0.0000	0.0000	0.0000	0.0000	0.0000	0.0000	0.0000	0.0000	0.0000	0.0000	0.0000	1.0901	0.0000	7.9319	0.0000	0.0000	0.0000	0.0000	0.0000	0.0000	0.0000	0.0000	0.0000	0.0000	0.0000	0.0000	0.0000	0.0000	0.0000	0.0000	0.0000	0.0000	0.0000	0.0000	0.0000	0.0000	0.0000	0.0000	0.0000	0.0000	0.0000	0.0000	0.0000	0.0000	0.0000	0.0000	0.0000	0.0000	0.0000	0.0000	0.0000	0.0000	0.0000	0.0000	0.0000	0.0000	0.0000	0.0000	0.0000	0.0000	0.0000	0.0000	0.0000	0.0000	0.0000	0.0000	0.0000	0.0000	0.0000											
61	130	0.7896	13	0	1	1	1	0	0	0	0	N	N	N	N	N	N	N	N	N	N	N	N	0.0000	0.0000	0.0000	0.0000	0.0000	0.0000	0.0000	0.0000	0.0000	0.0000	0.0000	0.0000	0.0000	0.0107	0.0000	0.0038	0.0000	0.0000	0.0000	0.0209	0.0000	0.0049	inf	0.0000	0.0000	1.0901	0.0000	7.9319	3.0001	0.0000	0.0000	0.0000	0.0000	0.0000	0.0000	0.0000	0.0000	0.0000	0.0001	0.0000	0.0001	0.0000	0.0000	0.0000	0.0001	0.0000	0.0001	0.0000	0.0000	0.0000	0.0000	0.0000	0.0000	0.0000	0.0000	0.0000	0.0383	0.0252	0.0131	0.0220	0.0192	0.0028	0.0163	0.0060	0.0102	0.0000	0.0000	0.0000	0.0000	0.0000	0.0000	0.0000	0.0000	0.0000	0.0013	0.0000	0.0038	0.0000	0.0000	0.0000	0.0031	0.0000	0.0049						
61	131	0.7799	12	0	1	1	0	0	0	0	0	N	N	N	N	N	N	N	N	N	N	N	N	0.0000	0.0000	0.0000	0.0000	0.0000	0.0000	0.0000	0.0000	0.0000	0.0000	0.0000	0.0000	0.0000	0.0000	0.0000	0.0000	0.0000	0.0000	0.0000	0.0000	1.0901	0.0000	7.9319	0.0000	0.0000	0.0000	0.0000	0.0000	0.0000	0.0000	0.0000	0.0000	0.0000	0.0000	0.0000	0.0000	0.0000	0.0000	0.0000	0.0000	0.0000	0.0000	0.0000	0.0000	0.0000	0.0000	0.0000	0.0000	0.0000	0.0000	0.0000	0.0000	0.0000	0.0000	0.0000	0.0000	0.0000	0.0000	0.0000	0.0000	0.0000	0.0000	0.0000	0.0000	0.0000	0.0000	0.0000	0.0000	0.0000	0.0000	0.0000	0.0000	0.0000	0.0000	0.0000	0.0000	0.0000	0.0000											
61	132	0.7896	13	0	0	2	1	0	0	0	0	N	N	Y	N	N	N	N	N	N	N	N	N	0.0000	0.0000	0.0000	0.0000	0.0000	0.0000	0.0000	0.0000	0.0000	0.0000	0.0000	0.0000	0.0000	0.0000	0.0000	0.0000	0.0000	0.0000	0.0000	0.0000	1.0901	0.0000	7.9319	1.9999	0.0000	0.0000	0.0000	0.0000	0.0000	0.0000	0.0000	0.0000	0.0000	0.0000	0.0000	0.0000	0.0000	0.0000	0.0000	0.0000	0.0000	0.0000	0.0000	0.0000	0.0000	0.0000	0.0000	0.0000	0.0000	0.0000	0.0000	0.0257	0.0169	0.0088	0.0148	0.0129	0.0019	0.0110	0.0041	0.0069	0.0000	0.0000	0.0000	0.0000	0.0000	0.0000	0.0000	0.0000	0.0000	0.0000	0.0000	0.0000	0.0000	0.0000	0.0000	0.0000	0.0000	0.0000											
61	133	0.8006	14	0	0	2	1	0	0	0	0	N	N	Y	N	N	N	N	N	N	N	N	N	0.0000	0.0000	0.0000	0.0000	0.0000	0.0000	0.0000	0.0000	0.0000	0.0000	0.0000	0.0000	0.0000	0.0000	0.0000	0.0000	0.0000	0.0000	0.0000	0.0000	1.0901	1.0000	7.9319	0.0000	0.0000	0.0000	0.0000	0.0000	0.0000	0.0000	0.0000	0.0000	0.0000	0.0000	0.0000	0.0000	0.0000	0.0000	0.0000	0.0000	0.0000	0.0000	0.0442	0.0404	0.0038	0.0303	0.0285	0.0018	0.0138	0.0118	0.0020	0.0124	0.0081	0.0043	0.0069	0.0061	0.0008	0.0055	0.0020	0.0035	0.0000	0.0000	0.0000	0.0000	0.0000	0.0000	0.0000	0.0000	0.0000	0.0000	0.0000	0.0000	0.0000	0.0000	0.0000	0.0000	0.0000	0.0000											
61	134	0.8006	14	0	0	2	1	0	0	0	0	N	N	Y	N	N	N	N	N	N	N	N	N	0.0000	0.0000	0.0000	0.0000	0.0000	0.0000	0.0000	0.0000	0.0000	0.0000	0.0000	0.0000	0.0000	0.0000	0.0000	0.0000	0.0000	0.0000	0.0000	0.0000	1.0901	0.0000	7.9319	0.0000	0.0000	0.0000	0.0000	0.0000	0.0000	0.0000	0.0000	0.0000	0.0000	0.0000	0.0000	0.0000	0.0000	0.0000	0.0000	0.0000	0.0000	0.0000	0.0000	0.0000	0.0000	0.0000	0.0000	0.0000	0.0000	0.0000	0.0000	0.0000	0.0000	0.0000	0.0000	0.0000	0.0000	0.0000	0.0000	0.0000	0.0000	0.0000	0.0000	0.0000	0.0000	0.0000	0.0000	0.0000	0.0000	0.0000	0.0000	0.0000	0.0000	0.0000	0.0000	0.0000	0.0000	0.0000											
61	135	0.7896	13	0	0	2	1	0	0	0	0	N	N	Y	N	N	N	N	N	N	N	N	N	0.0000	0.0000	0.0000	0.0000	0.0000	0.0000	0.0000	0.0000	0.0000	0.0000	0.0000	0.0000	0.0000	0.0000	0.0000	0.0000	0.0000	0.0000	0.0000	0.0000	0.0000	0.0000	inf	0.0000	0.0000	1.0901	2.0025	7.9319	0.9943	0.0000	0.0000	0.0000	0.0000	0.0000	0.0000	0.0000	0.0000	0.0000	0.0000	0.0000	0.0000	0.0000	0.0000	0.0000	0.0000	0.0000	0.0000	0.0871	0.0795	0.0076	0.0591	0.0555	0.0036	0.0280	0.0240	0.0041	0.0382	0.0252	0.0130	0.0220	0.0192	0.0028	0.0162	0.0060	0.0102	0.0000	0.0000	0.0000	0.0000	0.0000	0.0000	0.0000	0.0000	0.0000	0.0000	0.0000	0.0000	0.0000	0.0000	0.0000	0.0000	0.0000	0.0000						
61	136	0.7896	12	0	0	1	1	0	0	0	0	N	N	N	N	N	N	N	N	N	N	N	N	0.0000	0.0000	0.0000	0.0000	0.0000	0.0000	0.0000	0.0000	0.0000	0.0000	0.0000	0.0000	0.0000	0.0000	0.0000	0.0000	0.0001	0.0002	0.0000	0.0003	0.0002	0.0000	0.0000	0.0000	0.0000	1.0000	0.0000	-0.0000	1.0901	0.0050	7.9319	0.0173	0.0000	0.0000	0.0000	0.0000	0.0000	0.0000	0.0000	0.0000	0.0000	0.0000	0.0000	0.0000	0.0000	0.0000	0.0000	0.0000	0.0000	0.0000	0.0009	0.0008	0.0001	0.0008	0.0007	0.0001	0.0001	0.0001	0.0000	0.0003	0.0002	0.0001	0.0002	0.0001	0.0000	0.0001	0.0000	0.0001	0.0000	0.0000	0.0000	0.0000	0.0000	0.0000	0.0000	0.0000	0.0000	0.0000	0.0000	0.0000	0.0000	0.0000	0.0000	0.0000	0.0000	0.0000			
61	137	0.7799	11	0	0	1	1	0	0	0	0	N	N	N	N	N	N	N	N	N	N	N	N	0.0000	0.0000	0.0000	0.0000	0.0000	0.0000	0.0000	0.0000	0.0000	0.0000	0.0000	0.0000	0.0000	0.0000	0.0001	0.0000	0.0001	0.0001	0.0000	0.0000	0.0000	0.0000	0.0000	0.0000	-0.0000	1.0901	1.9972	7.9319	1.0076	0.0000	0.0000	0.0000	0.0000	0.0000	0.0000	0.0000	0.0000	0.0000	0.0000	0.0000	0.0000	0.0000	0.0000	0.0000	0.0000	0.0000	0.0000	0.0722	0.0653	0.0069	0.0450	0.0420	0.0029	0.0272	0.0233	0.0040	0.0362	0.0243	0.0119	0.0221	0.0192	0.0028	0.0142	0.0051	0.0091	0.0000	0.0000	0.0000	0.0000	0.0000	0.0000	0.0000	0.0000	0.0000	0.0000	0.0000	0.0000	0.0000	0.0000	0.0000	0.0000	0.0000	0.0000						
61	138	0.7626	10	1	1	1	0	0	0	0	0	N	N	N	N	N	N	N	N	N	N	N	N	0.0128	0.0000	0.4784	0.1169	0.0000	0.7263	0.0296	1.0547	0.0080	0.0000	0.0681	0.0058	0.0000	0.0962	0.0107	0.0000	0.0570	0.6242	0.0172	0.1424	0.0496	0.0094	0.1325	0.3625	0.0000	0.0541	inf	9.8947	0.0000	0.0003	1.0901	0.0002	7.9319	2.3255	0.0000	0.0000	0.0000	0.0000	0.0000	0.0000	0.0000	0.0000	0.0000	0.0007	0.0001	0.0006	0.0002	0.0001	0.0001	0.0005	0.0000	0.0005	0.0000	0.0000	0.0000	0.0000	0.0000	0.0000	0.0000	0.0000	0.0000	0.0408	0.0276	0.0132	0.0217	0.0195	0.0023	0.0191	0.0082	0.0109	0.4997	0.0000	1.5099	0.7914	0.0000	2.1872	0.4137	0.0000	1.2574	0.0160	0.0022	0.0451	0.0073	0.0031	0.0440	0.0259	0.0000	0.0453	
61	139	0.7448	9	1	1	1	0	0	0	0	0	N	N	N	N	N	N	N	N	N	N	N	N	0.0000	0.0000	0.0000	0.0000	0.0000	0.0000	0.0000	0.0000	0.0000	0.0000	0.0000	0.0000	0.0000	0.0000	0.0000	0.0000	0.0000	0.0000	0.4751	0.6674	0.0041	0.2691	0.2811	0.0000	0.0213	0.0140	0.0046	0.0035	0.1615	-0.0000	-0.0003	1.0901	2.0138	7.9319	2.7349	0.0000	0.0000	0.0000	0.0000	0.0000	0.0000	0.0000	0.0000	0.0000	0.0009	0.0007	0.0001	0.0007	0.0007	0.0000	0.0001	0.0000	0.0001	0.1345	0.1262	0.0083	0.1034	0.0998	0.0036	0.0311	0.0264	0.0046	0.0814	0.0511	0.0304	0.0424	0.0379	0.0044	0.0391	0.0131	0.0259	0.0001	0.0001	0.0000	0.0001	0.0001	0.0000	0.0000	0.0000	0.0000	0.0106	0.0145	0.0039	0.0173	0.0193	0.0000	0.0033	0.0008	0.0046
61	140	0.7613	10	0	1	1	0	0	0	0	0	N	N	N	N	N	N	N	N	N	N	N	N	0.0595	3.0270	0.0000	1.2810	3.7908	0.0000	0.0003	inf	0.0000	0.0001	0.0002	0.0000	0.0002	0.0002	0.0000	0.0000	0.0000	0.0000	0.0024	0.0001	0.0016	0.0001	0.0001	0.0000	0.0044	0.0000	0.0021	0.0000	18480.8182	-0.0000	0.0000	1.0901	1.9232	7.9319	1.1116	0.0000	0.0000	0.0000	0.0000	0.0000	0.0000	0.0000	0.0000	0.0000	0.0000	0.0000	0.0000	0.0000	0.0000	0.0000	0.0000	0.0000	0.0000	0.1591	0.1487	0.0103	0.1241	0.1186	0.0055	0.0350	0.0302	0.0048	0.0380	0.0254	0.0126	0.0229	0.0200	0.0029	0.0151	0.0054	0.0096	0.2675	3537.8347	0.0000	69.8556	3482.6560	0.0000	0.0009	inf	0.0000	0.0005	0.0000	0.0016	0.0000	0.0000	0.0000	0.0013	0.0000	0.0021
61	141	0.1575	6	0	1	1	0	0	0	0	0	N	N	N	N	N	N	N	N	N	N	N	N	inf	inf	inf	inf	inf	inf	0.3682	0.0000	2.6284	0.9329	0.0000	5.3001	0.0102	0.0000	0.0873	0.0000	0.0000	0.0000	0.0000	0.0000	0.0000	0.0000	0.0000	0.0000	inf	0.0647	0.0000	1.0901	3.0000	7.9319	1.0000	0.0875	0.0000	0.0875	0.0860	0.0000	0.0860	0.0015	0.0000	0.0015	0.0000	0.0000	0.0000	0.0000	0.0000	0.0000	0.0000	0.0000	0.0000	0.2376	0.2043	0.0333	0.0922	0.0760	0.0162	0.1454	0.1284	0.0171	0.1191	0.0554	0.0637	0.0278	0.0235	0.0044	0.0913	0.0319	0.0594	inf	0.0000	inf	inf	0.0000	inf	inf	0.0000	inf	0.0000	0.0000	0.0000	0.0000	0.0000	0.0000	0.0000	0.0000	0.0000				
61	142	0.1383	5	0	0	1	0	0	0	0	0	N	N	N	N	N	N	N	N	N	N	N	N	inf	inf	inf	inf	1.2672	1.4126	0.0000	13.2779	13.5658	0.0000	0.0000	0.0000	0.0000	0.0000	0.0000	0.0000	0.0000	0.0000	0.0000	0.0000	0.0000	0.0000	0.0000	-0.0228	0.0000	1.0901	1.0000	7.9319	1.0000	0.0875	0.0875	0.0000	0.0875	0.0875	0.0000	0.0000	0.0000	0.0000	0.0000	0.0000	0.0000	0.0000	0.0000	0.0000	0.0000	0.0000	0.0000	0.0690	0.0619	0.0071	0.0066	0.0064	0.0001	0.0625	0.0555	0.0070	0.0683	0.0306	0.0377	0.0161	0.0136	0.0024	0.0523	0.0170	0.0353	inf	inf	0.0000	inf	inf	0.0000	0.0000	0.0000	0.0000	0.0000	0.0000	0.0000	0.0000	0.0000	0.0000	0.0000	0.0000	0.0000						
61	145	0.7799	12	1	1	1	0	0	0	0	0	N	N	N	N	N	N	N	N	N	N	N	N	0.0000	0.0000	0.0000	0.0000	0.0000	0.0000	0.0000	0.0000	0.0000	0.0000	0.0000	0.0000	0.0000	0.0000	0.0000	0.0000	0.0000	0.0000	0.0000	0.0000	1.0901	1.0000	7.9319	1.0000	0.0000	0.0000	0.0000	0.0000	0.0000	0.0000	0.0000	0.0000	0.0000	0.0000	0.0000	0.0000	0.0000	0.0000	0.0000	0.0000	0.0000	0.0000	0.0370	0.0335	0.0035	0.0231	0.0216	0.0015	0.0138	0.0118	0.0020	0.0243	0.0163	0.0080	0.0148	0.0129	0.0019	0.0095	0.0034	0.0061	0.0000	0.0000	0.0000	0.0000	0.0000	0.0000	0.0000	0.0000	0.0000	0.0000	0.0000	0.0000	0.0000	0.0000	0.0000	0.0000	0.0000	0.0000											
61	146	0.7799	11	0	1	1	0	0	0	0	0	N	N	N	N	N	N	N	N	N	N	N	N	0.0000	0.0000	0.0000	0.0000	0.0000	0.0000	0.0000	0.0000	0.0000	0.0000	0.0000	0.0000	0.0000	0.0000	0.0000	0.0000	0.0000	0.0000	0.0000	0.0000	1.0901	0.0003	7.9319	0.0000	0.0000	0.0000	0.0000	0.0000	0.0000	0.0000	0.0000	0.0000	0.0000	0.0000	0.0000	0.0000	0.0000	0.0000	0.0000	0.0000	0.0000	0.0000	0.0001	0.0001	0.0000	0.0001	0.0001	0.0000	0.0000	0.0000	0.0000	0.0000	0.0000	0.0000	0.0000	0.0000	0.0000	0.0000	0.0000	0.0000	0.0000	0.0000	0.0000	0.0000	0.0000	0.0000	0.0000	0.0000	0.0000	0.0000	0.0000	0.0000	0.0000	0.0000	0.0000	0.0000	0.0000	0.0000											
61	147	0.7613	10	0	0	1	0	0	0	0	0	N	N	N	N	N	N	N	N	N	N	N	N	0.1270	1.9079	0.0000	1.0973	2.6965	0.0000	0.0006	inf	0.0000	0.0001	0.0001	0.0000	0.0001	0.0001	0.0000	0.0000	0.0000	0.0000	0.0007	0.0001	0.0009	0.0001	0.0001	0.0000	0.0010	0.0000	0.0011	0.0000	7009.9655	-0.0000	0.0000	1.0901	4.9449	7.9319	1.0063	0.0000	0.0000	0.0000	0.0000	0.0000	0.0000	0.0000	0.0000	0.0000	0.0000	0.0000	0.0000	0.0000	0.0000	0.0000	0.0000	0.0000	0.0000	0.2480	0.2280	0.0200	0.1743	0.1647	0.0096	0.0737	0.0633	0.0104	0.0717	0.0481	0.0236	0.0433	0.0378	0.0056	0.0284	0.0103	0.0181	0.3239	1656.5051	0.0000	91.5456	1796.0932	0.0000	0.0008	inf	0.0000	0.0003	0.0000	0.0009	0.0000	0.0000	0.0000	0.0007	0.0000	0.0011
61	148	0.7448	9	0	0	1	0	0	0	0	0	N	N	N	N	N	N	N	N	N	N	N	N	7.1065	114.6196	0.0000	129.4753	166.2834	0.0000	0.0554	inf	0.0000	0.1108	0.1196	0.0000	0.1560	0.1630	0.0000	0.0010	0.0012	0.0000	0.0156	0.0010	0.0037	0.0012	0.0010	0.0004	0.0182	0.0000	0.0042	0.0000	5.4815	-0.0051	0.0000	1.0901	3.4778	7.9319	1.2917	0.0198	0.0198	0.0000	0.0197	0.0197	0.0000	0.0001	0.0001	0.0000	0.0001	0.0000	0.0001	0.0000	0.0000	0.0000	0.0001	0.0000	0.0001	0.1786	0.1654	0.0132	0.1265	0.1211	0.0054	0.0521	0.0443	0.0078	0.0817	0.0512	0.0305	0.0425	0.0381	0.0045	0.0392	0.0132	0.0260	68.4394	300.3882	0.0000	297.5552	304.0890	0.0000	0.3584	inf	0.0000	0.0016	0.0004	0.0037	0.0005	0.0005	0.0004	0.0028	0.0000	0.0042
61	149	0.6944	8	0	0	1	0	0	0	0	0	N	N	N	N	N	N	N	N	N	N	N	N	33.7517	28.4947	203752.1633	68.6009	73.7075	inf	87559.3992	inf	651.8944	0.2098	0.2305	0.0040	0.3161	0.3364	0.0089	0.0012	0.0014	0.0000	0.0062	0.0081	0.0000	0.0046	0.0046	0.0000	0.0000	0.0000	0.0000	0.0018	0.0000	-0.0178	-0.0001	1.0901	7.8050	7.9319	4.0035	0.0690	0.0689	0.0001	0.0689	0.0687	0.0001	0.0001	0.0001	0.0000	0.0001	0.0001	0.0000	0.0001	0.0001	0.0000	0.0000	0.0000	0.0000	0.3288	0.2988	0.0300	0.2179	0.2043	0.0136	0.1110	0.0945	0.0165	0.1587	0.0979	0.0608	0.0790	0.0685	0.0105	0.0797	0.0294	0.0503	234.8300	159.1603	203752.1633	176.0136	162.4700	inf	87559.3992	inf	651.8944	0.0009	0.0014	0.0000	0.0018	0.0021	0.0000	0.0000	0.0000	0.0000
61	150	0.5998	8	0	0	1	0	0	0	0	0	N	N	N	N	N	N	N	N	N	N	N	N	0.0021	0.0000	4.7409	0.0014	0.0000	188.6763	0.0004	0.0000	0.0145	0.0074	0.0001	0.0784	0.0107	0.0001	0.1700	0.0000	0.0000	0.0001	3.4987	5.8497	0.0165	7.8850	8.9111	0.0009	0.0541	0.0639	0.0086	74.8003	0.0009	0.0011	-0.4996	1.0901	3.7255	7.9319	14.1767	0.0016	0.0000	0.0016	0.0016	0.0000	0.0016	0.0000	0.0000	0.0000	0.9589	0.9580	0.0008	0.9579	0.9579	0.0000	0.0010	0.0001	0.0008	0.2133	0.1934	0.0199	0.1483	0.1392	0.0092	0.0650	0.0542	0.0107	0.2741	0.1638	0.1103	0.1215	0.1075	0.0140	0.1526	0.0563	0.0963	0.0021	0.0000	10.2894	0.0014	0.0000	228.4962	0.0032	0.0000	0.0145	3.4987	5.8497	0.0076	7.8850	8.9111	0.0007	0.0064	0.0026	0.0086
61	151	0.5834	7	0	0	1	0	0	0	0	0	N	N	N	N	N	N	N	N	N	N	N	N	0.0068	0.0032	0.0145	0.0067	0.0035	2.1560	0.0003	0.0001	0.0020	0.0136	0.0075	0.0702	0.0200	0.0107	0.1768	0.0006	0.0000	0.0032	1.9858	2.3106	4.8267	2.9784	3.0830	0.0820	1.9940	0.4766	1.6125	1.0134	1.0417	0.0004	-0.0009	1.0901	1.4205	7.9319	4.0377	0.0015	0.0007	0.0007	0.0014	0.0007	0.0007	0.0000	0.0000	0.0000	0.0760	0.0372	0.0388	0.0372	0.0370	0.0002	0.0388	0.0002	0.0386	0.1083	0.0978	0.0106	0.0726	0.0685	0.0041	0.0358	0.0293	0.0065	0.1429	0.0875	0.0555	0.0659	0.0608	0.0051	0.0771	0.0267	0.0504	0.0256	0.0176	0.1004	0.0354	0.0175	5.3464	0.0012	0.0047	0.0042	0.5316	0.4255	0.6989	0.5646	0.6092	0.0331	0.5034	0.0071	0.7664
62	64	0.0772	4	0	1	0	0	0	0	0	0	N	N	N	N	N	N	N	N	N	N	N	N	0.0189	0.0043	0.2253	0.0027	0.0028	0.5960	0.0060	0.0001	0.0318	0.0006	0.0006	0.0001	0.0017	0.0017	0.0044	0.0000	0.0000	0.0000	0.0318	0.1499	0.0004	0.6098	0.5907	0.0074	0.0003	0.0003	0.0004	0.0127	0.1075	-0.0000	-0.0000	1.6797	0.2944	2.9843	1.0083	0.0000	0.0000	0.0000	0.0000	0.0000	0.0000	0.0000	0.0000	0.0000	0.0000	0.0000	0.0000	0.0000	0.0000	0.0000	0.0000	0.0000	0.0000	0.0575	0.0528	0.0048	0.0207	0.0206	0.0001	0.0369	0.0322	0.0047	0.0200	0.0084	0.0115	0.0011	0.0011	0.0000	0.0188	0.0073	0.0115	0.2511	0.1265	0.2253	0.0434	0.0421	0.9428	0.0068	0.0347	0.0318	0.0024	0.0051	0.0004	0.0384	0.0394	0.0047	0.0002	0.0000	0.0004
62	65	0.0564	3	0	0	0	0	0	0	0	0	N	N	N	N	N	N	N	N	N	N	N	N	4.9459	2.9779	2.8726	2.3329	2.6911	0.0000	1.2127	0.1388	2.8705	0.7752	1.2127	0.0044	1.9566	1.9580	0.0000	0.0028	0.0004	0.0044	0.1567	0.4072	0.0015	0.8387	0.7276	0.0002	0.0023	0.0031	0.0015	0.0020	0.2494	-0.0647	-0.0001	1.6797	1.1351	2.9843	2.0429	0.2504	0.2499	0.0005	0.2499	0.2499	0.0000	0.0005	0.0000	0.0005	0.0002	0.0002	0.0000	0.0002	0.0002	0.0000	0.0000	0.0000	0.0000	0.3230	0.2061	0.1170	0.1277	0.1276	0.0001	0.1953	0.0785	0.1169	0.0509	0.0215	0.0294	0.0035	0.0034	0.0001	0.0475	0.0181	0.0294	176.6181	145.8634	2.8726	38.2667	37.7309	0.0000	2.8259	3.6580	2.8705	0.0044	0.0083	0.0015	0.0511	0.0519	0.0002	0.0010	0.0001	0.0015
62	66	0.0403	2	0	0	0	0	0	0	0	0	N	N	N	N	N	N	N	N	N	N	N	N	1.1010	0.5569	320.3880	0.6019	0.5797	0.1036	51.3470	0.0000	327.2871	1.0247	0.8543	1.2734	1.1349	1.1352	0.0011	0.9359	0.0000	1.2738	0.9307	1.5340	0.0040	1.8854	1.9582	0.0106	0.0182	0.0023	0.0039	1.0222	0.0538	0.0704	-0.0016	1.6797	0.4912	2.9843	2.4266	0.2872	0.1420	0.1452	0.1420	0.1420	0.0000	0.1452	0.0000	0.1452	0.0033	0.0031	0.0002	0.0031	0.0031	0.0000	0.0002	0.0000	0.0002	0.2802	0.1662	0.1140	0.1251	0.1251	0.0000	0.1551	0.0411	0.1140	0.0789	0.0355	0.0434	0.0184	0.0184	0.0001	0.0605	0.0172	0.0434	24.4022	9.6439	326.8906	6.6479	6.6293	0.1728	333.0090	0.0005	327.2871	0.0420	0.0886	0.0039	0.1707	0.1712	0.0064	0.0028	0.0001	0.0039
62	68	0.0780	4	1	1	1	0	0	0	0	0	N	N	N	N	N	N	N	N	N	N	N	N	0.0000	0.0000	0.0000	0.0000	0.0000	0.0000	0.0000	0.0000	0.0000	0.0000	0.0000	0.0000	0.0000	0.0000	0.0000	0.0000	0.0000	0.0000	0.0000	0.0000	1.6797	0.0000	2.9843	0.0000	0.0000	0.0000	0.0000	0.0000	0.0000	0.0000	0.0000	0.0000	0.0000	0.0000	0.0000	0.0000	0.0000	0.0000	0.0000	0.0000	0.0000	0.0000	0.0000	0.0000	0.0000	0.0000	0.0000	0.0000	0.0000	0.0000	0.0000	0.0000	0.0000	0.0000	0.0000	0.0000	0.0000	0.0000	0.0000	0.0000	0.0000	0.0000	0.0000	0.0000	0.0000	0.0000	0.0000	0.0000	0.0000	0.0000	0.0000	0.0000	0.0000	0.0000	0.0000	0.0000	0.0000	0.0000											
62	69	0.7207	10	1	1	1	0	0	0	0	0	N	N	N	N	N	N	N	N	N	N	N	N	0.0000	0.0000	0.0000	0.0000	0.0000	0.0000	0.0000	0.0000	0.0000	0.0000	0.0000	0.0000	0.0000	0.0000	0.0000	0.0000	0.0000	0.0000	0.0000	0.0000	1.6797	1.0000	2.9843	0.0000	0.0000	0.0000	0.0000	0.0000	0.0000	0.0000	0.0000	0.0000	0.0000	0.0000	0.0000	0.0000	0.0000	0.0000	0.0000	0.0000	0.0000	0.0000	0.0732	0.0675	0.0057	0.0578	0.0543	0.0035	0.0153	0.0131	0.0022	0.0058	0.0037	0.0021	0.0033	0.0030	0.0003	0.0025	0.0007	0.0018	0.0000	0.0000	0.0000	0.0000	0.0000	0.0000	0.0000	0.0000	0.0000	0.0000	0.0000	0.0000	0.0000	0.0000	0.0000	0.0000	0.0000	0.0000											
62	70	0.7207	10	1	1	1	0	0	0	0	0	N	N	N	N	N	N	N	N	N	N	N	N	0.0000	0.0000	0.0000	0.0000	0.0000	0.0000	0.0000	0.0000	0.0000	0.0000	0.0000	0.0000	0.0000	0.0000	0.0000	0.0000	0.0000	0.0000	0.0000	0.0000	1.6797	0.0000	2.9843	0.0000	0.0000	0.0000	0.0000	0.0000	0.0000	0.0000	0.0000	0.0000	0.0000	0.0000	0.0000	0.0000	0.0000	0.0000	0.0000	0.0000	0.0000	0.0000	0.0000	0.0000	0.0000	0.0000	0.0000	0.0000	0.0000	0.0000	0.0000	0.0000	0.0000	0.0000	0.0000	0.0000	0.0000	0.0000	0.0000	0.0000	0.0000	0.0000	0.0000	0.0000	0.0000	0.0000	0.0000	0.0000	0.0000	0.0000	0.0000	0.0000	0.0000	0.0000	0.0000	0.0000	0.0000	0.0000											
62	71	0.6983	9	1	1	1	0	0	0	0	0	N	N	N	N	N	N	N	N	N	N	N	N	inf	inf	inf	inf	inf	inf	inf	0.0304	0.0277	0.0625	0.0328	0.0349	0.0000	0.0223	0.0000	0.1559	0.0000	0.0000	0.0000	0.0000	0.0000	0.0000	0.0000	0.0000	0.0000	0.1948	-0.0004	0.0000	1.6797	2.0000	2.9843	1.0000	0.0042	0.0035	0.0007	0.0035	0.0035	0.0000	0.0007	0.0000	0.0007	0.0000	0.0000	0.0000	0.0000	0.0000	0.0000	0.0000	0.0000	0.0000	0.1370	0.1261	0.0109	0.1065	0.1000	0.0065	0.0305	0.0261	0.0044	0.0170	0.0106	0.0064	0.0096	0.0086	0.0010	0.0074	0.0020	0.0054	inf	inf	inf	inf	inf	0.0000	inf	0.0000	inf	0.0000	0.0000	0.0000	0.0000	0.0000	0.0000	0.0000	0.0000	0.0000			
62	72	0.6754	8	1	0	1	0	0	0	0	0	N	N	N	N	N	N	N	N	N	N	N	N	53.4955	27.2323	5.4663	27.6913	37.1315	3.2112	inf	inf	inf	0.0016	0.0018	0.0000	0.0024	0.0025	0.0000	0.0005	0.0006	0.0000	0.0000	0.0001	0.0000	0.0001	0.0001	0.0000	0.0000	0.0000	0.0000	0.0001	0.7692	-0.0000	-0.0000	1.6797	1.0017	2.9843	2.0007	0.0001	0.0001	0.0000	0.0001	0.0001	0.0000	0.0000	0.0000	0.0000	0.0000	0.0000	0.0000	0.0000	0.0000	0.0000	0.0000	0.0000	0.0000	0.0785	0.0719	0.0065	0.0467	0.0445	0.0021	0.0318	0.0274	0.0044	0.0188	0.0124	0.0064	0.0112	0.0099	0.0013	0.0076	0.0025	0.0051	4448.6059	5674.2110	5.4663	4271.4203	6395.2665	3.2112	inf	inf	inf	0.0000	0.0000	0.0000	0.0000	0.0000	0.0000	0.0000	0.0000	0.0000
62	73	0.0972	5	1	1	0	0	0	0	0	0	N	N	N	N	N	N	N	N	N	N	N	N	0.0000	0.0000	0.0000	0.0000	0.0000	0.0000	0.0000	0.0000	0.0000	0.0000	0.0000	0.0000	0.0000	0.0000	0.0000	0.0000	0.0000	0.0000	-0.0000	0.0000	1.6797	0.0000	2.9843	0.0000	0.0000	0.0000	0.0000	0.0000	0.0000	0.0000	0.0000	0.0000	0.0000	0.0000	0.0000	0.0000	0.0000	0.0000	0.0000	0.0000	0.0000	0.0000	0.0000	0.0000	0.0000	0.0000	0.0000	0.0000	0.0000	0.0000	0.0000	0.0000	0.0000	0.0000	0.0000	0.0000	0.0000	0.0000	0.0000	0.0000	0.0000	0.0000	0.0000	0.0000	0.0000	0.0000	0.0000	0.0000	0.0000	0.0000	0.0000	0.0000	0.0000	0.0000	0.0000	0.0000	0.0000	0.0000											
62	74	0.7024	9	1	1	0	0	0	0	0	0	N	N	N	N	N	N	N	N	N	N	N	N	0.0000	0.0000	0.0000	0.0000	0.0000	0.0000	0.0000	0.0000	0.0000	0.0000	0.0000	0.0000	0.0000	0.0000	0.0000	0.0000	0.0000	0.0000	0.0000	0.0000	1.6797	0.0000	2.9843	0.0010	0.0000	0.0000	0.0000	0.0000	0.0000	0.0000	0.0000	0.0000	0.0000	0.0000	0.0000	0.0000	0.0000	0.0000	0.0000	0.0000	0.0000	0.0000	0.0000	0.0000	0.0000	0.0000	0.0000	0.0000	0.0000	0.0000	0.0000	0.0035	0.0028	0.0007	0.0018	0.0018	0.0000	0.0017	0.0011	0.0007	0.0000	0.0000	0.0000	0.0000	0.0000	0.0000	0.0000	0.0000	0.0000	0.0000	0.0000	0.0000	0.0000	0.0000	0.0000	0.0000	0.0000	0.0000											
62	75	0.6915	11	0	1	0	1	0	0	0	0	N	N	N	N	N	N	N	N	N	N	N	N	0.0000	0.0000	0.0000	0.0000	0.0000	0.0000	0.0000	0.0000	0.0000	0.0000	0.0000	0.0000	0.0000	0.0000	0.0000	0.0000	0.0000	0.0000	0.0000	0.0000	1.6797	0.0000	2.9843	0.0000	0.0000	0.0000	0.0000	0.0000	0.0000	0.0000	0.0000	0.0000	0.0000	0.0000	0.0000	0.0000	0.0000	0.0000	0.0000	0.0000	0.0000	0.0000	0.0000	0.0000	0.0000	0.0000	0.0000	0.0000	0.0000	0.0000	0.0000	0.0000	0.0000	0.0000	0.0000	0.0000	0.0000	0.0000	0.0000	0.0000	0.0000	0.0000	0.0000	0.0000	0.0000	0.0000	0.0000	0.0000	0.0000	0.0000	0.0000	0.0000	0.0000	0.0000	0.0000	0.0000	0.0000	0.0000											
62	76	0.6915	11	0	0	0	1	0	0	0	0	N	N	N	N	N	N	N	N	N	N	N	N	0.0000	0.0000	0.0000	0.0000	0.0000	0.0000	0.0000	0.0000	0.0000	0.0000	0.0000	0.0000	0.0000	0.0000	0.0000	0.0000	0.0000	0.0000	0.0000	0.0000	1.6797	0.0000	2.9843	0.0000	0.0000	0.0000	0.0000	0.0000	0.0000	0.0000	0.0000	0.0000	0.0000	0.0000	0.0000	0.0000	0.0000	0.0000	0.0000	0.0000	0.0000	0.0000	0.0000	0.0000	0.0000	0.0000	0.0000	0.0000	0.0000	0.0000	0.0000	0.0000	0.0000	0.0000	0.0000	0.0000	0.0000	0.0000	0.0000	0.0000	0.0000	0.0000	0.0000	0.0000	0.0000	0.0000	0.0000	0.0000	0.0000	0.0000	0.0000	0.0000	0.0000	0.0000	0.0000	0.0000	0.0000	0.0000											
62	77	0.6762	10	0	0	0	1	0	0	0	0	N	N	N	N	N	N	N	N	N	N	N	N	21.3344	0.0569	1325.5706	0.1524	0.1948	0.0000	4756.9559	0.0000	15052.6266	0.1571	0.0004	0.7540	0.0006	0.0006	0.0000	0.3493	0.0000	0.8407	0.0074	0.0071	0.0006	0.0038	0.0031	0.0017	0.0001	0.0002	0.0001	490.6595	0.2560	0.0000	-0.0000	1.6797	0.0002	2.9843	2.9297	0.0000	0.0000	0.0000	0.0000	0.0000	0.0000	0.0000	0.0000	0.0000	0.0001	0.0000	0.0000	0.0001	0.0000	0.0000	0.0000	0.0000	0.0000	0.0000	0.0000	0.0000	0.0000	0.0000	0.0000	0.0000	0.0000	0.0000	0.0520	0.0329	0.0191	0.0358	0.0286	0.0072	0.0162	0.0043	0.0119	153.0398	0.3121	1325.5706	0.3935	0.4055	0.0000	8494.8102	0.0000	15052.6266	0.0010	0.0013	0.0006	0.0015	0.0015	0.0014	0.0000	0.0000	0.0001
62	78	0.6721	9	0	0	0	1	0	0	0	0	N	N	N	N	N	N	N	N	N	N	N	N	11.2401	11.5228	4.4456	37.1304	78.6985	0.0000	0.5602	0.0000	84.8635	0.2625	0.2888	0.0057	0.4401	0.4676	0.0000	0.0013	0.0000	0.0092	0.0234	0.0251	0.0013	0.0119	0.0059	0.0219	0.0024	0.0949	0.0001	0.0020	0.3477	-0.0000	-0.0000	1.6797	0.0003	2.9843	2.1916	0.0000	0.0000	0.0000	0.0000	0.0000	0.0000	0.0000	0.0000	0.0000	0.0000	0.0000	0.0000	0.0000	0.0000	0.0000	0.0000	0.0000	0.0000	0.0000	0.0000	0.0000	0.0000	0.0000	0.0000	0.0000	0.0000	0.0000	0.0210	0.0122	0.0088	0.0102	0.0093	0.0009	0.0108	0.0029	0.0078	125.3735	108.1246	4.4456	135.9622	191.8460	0.0000	1.3091	0.0000	84.8635	0.0021	0.0027	0.0013	0.0032	0.0024	0.0111	0.0010	0.0034	0.0001
62	79	0.6643	8	0	0	0	0	0	0	0	0	N	N	N	N	N	N	N	N	N	N	N	N	10.5782	1.7814	30605.3620	5.6410	1.8400	inf	0.0000	0.0000	0.0028	0.0009	0.0212	0.0040	0.0012	0.0375	0.0000	0.0000	0.0000	0.0003	0.0005	0.0000	0.0007	0.0007	0.0000	0.0000	0.0000	0.0000	2.5671	0.0027	0.0000	-0.0000	1.6797	0.2782	2.9843	1.3600	0.0001	0.0000	0.0001	0.0001	0.0000	0.0001	0.0000	0.0000	0.0000	0.0000	0.0000	0.0000	0.0000	0.0000	0.0000	0.0000	0.0000	0.0000	0.0315	0.0285	0.0031	0.0222	0.0205	0.0017	0.0093	0.0080	0.0013	0.0112	0.0068	0.0045	0.0054	0.0047	0.0007	0.0058	0.0021	0.0038	27.7960	5.2010	30605.3620	19.0607	5.0346	inf	0.0000	0.0000	0.0000	0.0001	0.0002	0.0000	0.0002	0.0002	0.0000	0.0000	0.0000	0.0000	
62	80	0.7079	10	0	1	1	0	0	0	0	0	N	N	N	N	N	N	N	N	N	N	N	N	0.2100	19.0088	0.0313	55.4682	66.1312	inf	0.0003	inf	0.0041	0.0782	0.0865	0.0026	0.1435	0.1479	0.0138	0.0001	0.0001	0.0002	0.3724	0.0046	0.0840	0.0026	0.0022	0.0000	0.3212	0.0000	0.0371	0.0033	10.4126	-0.0000	0.0001	1.6797	0.0029	2.9843	2.0135	0.0000	0.0000	0.0000	0.0000	0.0000	0.0000	0.0000	0.0000	0.0000	0.0001	0.0000	0.0001	0.0000	0.0000	0.0000	0.0001	0.0000	0.0001	0.0004	0.0003	0.0000	0.0002	0.0002	0.0000	0.0002	0.0001	0.0000	0.0170	0.0122	0.0048	0.0115	0.0106	0.0009	0.0054	0.0016	0.0039	9.7988	88.8269	0.1017	139.6909	132.3973	inf	0.0038	inf	0.0047	0.0080	0.0010	0.0258	0.0010	0.0011	0.0000	0.0228	0.0000	0.0321
62	81	0.7014	9	0	1	0	0	0	0	0	0	N	N	N	N	N	N	N	N	N	N	N	N	0.0066	0.0193	0.0014	0.0150	0.0501	0.0001	0.2875	0.0924	0.0115	0.0001	0.0001	0.0000	0.0002	0.0002	0.0000	0.0001	0.0001	0.0000	0.0192	0.0073	0.0028	0.0103	0.0033	0.0341	0.0003	0.0010	0.0003	0.0028	1.1787	-0.0000	0.0000	1.6797	0.6188	2.9843	0.9475	0.0000	0.0000	0.0000	0.0000	0.0000	0.0000	0.0000	0.0000	0.0000	0.0000	0.0000	0.0000	0.0000	0.0000	0.0000	0.0000	0.0000	0.0000	0.0780	0.0709	0.0071	0.0512	0.0485	0.0027	0.0268	0.0225	0.0043	0.0124	0.0080	0.0044	0.0075	0.0068	0.0007	0.0049	0.0012	0.0036	0.0690	0.1068	0.0014	0.0532	0.1053	0.0003	0.3393	6.5333	0.0115	0.0018	0.0013	0.0028	0.0029	0.0015	0.0156	0.0002	0.0000	0.0003
62	82	0.1004	5	0	1	1	0	0	0	0	0	N	N	N	N	N	N	N	N	N	N	N	N	0.0000	0.0000	0.0000	0.0000	0.0000	0.0000	0.0000	0.0000	0.0000	0.0000	0.0000	0.0000	0.0000	0.0058	0.0000	0.0014	0.0000	0.0000	0.0000	0.0019	0.0000	0.0014	inf	0.0000	0.0000	1.6797	0.0000	2.9843	1.0000	0.0000	0.0000	0.0000	0.0000	0.0000	0.0000	0.0000	0.0000	0.0000	0.0000	0.0000	0.0000	0.0000	0.0000	0.0000	0.0000	0.0000	0.0000	0.0000	0.0000	0.0000	0.0000	0.0000	0.0000	0.0000	0.0000	0.0000	0.0115	0.0042	0.0073	0.0004	0.0003	0.0000	0.0111	0.0039	0.0072	0.0000	0.0000	0.0000	0.0000	0.0000	0.0000	0.0000	0.0000	0.0000	0.0009	0.0000	0.0014	0.0000	0.0000	0.0000	0.0009	0.0000	0.0014						
62	83	0.6754	8	1	0	1	0	0	0	0	0	N	N	N	N	N	N	N	N	N	N	N	N	56.8466	32.9778	0.0607	41.0868	47.7912	0.0000	0.0163	0.0795	0.0062	0.0068	0.0000	0.0110	0.0116	0.0000	0.0000	0.0000	0.0000	0.0001	0.0002	0.0000	0.0003	0.0002	0.0000	0.0000	0.0000	0.0000	0.0000	0.0235	-0.0009	-0.0000	1.6797	9.0001	2.9843	3.0001	0.0035	0.0035	0.0000	0.0035	0.0035	0.0000	0.0000	0.0000	0.0000	0.0000	0.0000	0.0000	0.0000	0.0000	0.0000	0.0000	0.0000	0.0000	0.5638	0.5157	0.0481	0.3164	0.3020	0.0145	0.2474	0.2138	0.0336	0.0697	0.0459	0.0237	0.0414	0.0365	0.0049	0.0283	0.0095	0.0188	553.0921	408.0911	0.0607	596.8142	553.1046	0.0000	0.0163	0.0000	0.0795	0.0000	0.0000	0.0000	0.0000	0.0000	0.0000	0.0000	0.0000	0.0000	
62	84	0.0780	4	1	0	1	0	0	0	0	0	N	N	N	N	N	N	N	N	N	N	N	N	0.0000	0.0000	0.0000	0.0000	0.0000	0.0000	0.0000	0.0000	0.0000	0.0000	0.0000	0.0000	0.0000	0.0000	0.0000	0.0000	0.0000	0.0000	0.0000	0.0000	1.6797	4.0000	2.9843	0.0000	0.0000	0.0000	0.0000	0.0000	0.0000	0.0000	0.0000	0.0000	0.0000	0.0000	0.0000	0.0000	0.0000	0.0000	0.0000	0.0000	0.0000	0.0000	0.1797	0.1591	0.0206	0.0058	0.0054	0.0004	0.1739	0.1537	0.0202	0.0430	0.0195	0.0235	0.0105	0.0090	0.0015	0.0325	0.0105	0.0220	0.0000	0.0000	0.0000	0.0000	0.0000	0.0000	0.0000	0.0000	0.0000	0.0000	0.0000	0.0000	0.0000	0.0000	0.0000	0.0000	0.0000	0.0000											
62	85	0.1241	5	1	1	0	0	0	0	0	0	N	N	N	N	N	N	N	N	N	N	N	N	0.1718	0.1308	39.9987	0.3825	0.3788	14.2149	7.1882	0.0000	39.8831	0.1519	0.1891	0.0016	0.5358	0.5457	0.0003	0.0004	0.0000	0.0016	0.8844	1.4453	0.0000	1.4008	1.4407	0.0000	0.0001	0.0006	0.0000	0.0020	0.0005	-0.0038	-0.0010	1.6797	1.0086	2.9843	1.7435	0.0146	0.0145	0.0000	0.0145	0.0145	0.0000	0.0000	0.0000	0.0000	0.0020	0.0020	0.0000	0.0020	0.0020	0.0000	0.0000	0.0000	0.0000	0.0959	0.0769	0.0190	0.0271	0.0266	0.0005	0.0687	0.0502	0.0185	0.0543	0.0276	0.0267	0.0191	0.0175	0.0015	0.0352	0.0101	0.0252	4.2268	2.6781	39.9987	5.2361	4.9066	14.2149	14.4376	0.0000	39.8831	0.0359	0.0706	0.0000	0.1023	0.1112	0.0000	0.0000	0.0000	0.0000
62	86	0.0780	4	1	1	0	0	0	0	0	0	N	N	N	N	N	N	N	N	N	N	N	N	0.0000	0.0000	0.0000	0.0010	0.0050	0.0000	0.0000	0.0000	0.0000	0.0000	0.0000	0.0000	0.0000	0.0000	0.0000	0.0000	0.0000	0.0000	1.1258	0.4780	0.3825	0.0230	0.0049	0.0535	0.8578	1.2230	0.1727	0.0083	11.8364	-0.0000	0.0013	1.6797	1.0165	2.9843	4.1395	0.0000	0.0000	0.0000	0.0000	0.0000	0.0000	0.0000	0.0000	0.0000	0.0033	0.0003	0.0030	0.0001	0.0000	0.0000	0.0032	0.0002	0.0030	0.0515	0.0455	0.0060	0.0016	0.0015	0.0001	0.0499	0.0440	0.0059	0.0540	0.0245	0.0296	0.0131	0.0112	0.0019	0.0410	0.0132	0.0277	0.0000	0.0001	0.0000	0.0046	0.0110	0.0000	0.0000	0.0000	0.0000	0.0608	0.0105	0.1025	0.0049	0.0022	0.0213	0.0787	0.0175	0.1080
62	87	0.6341	7	1	1	0	0	0	0	0	0	N	N	N	N	N	N	N	N	N	N	N	N	0.0927	0.0751	0.2132	0.0903	0.0925	0.2767	0.0012	0.0001	0.0000	0.1622	0.1785	0.0002	0.2970	0.3126	0.0007	0.0000	0.0000	0.0000	1.7502	2.3778	0.0009	3.2885	3.3776	0.0024	0.0322	0.8179	0.0007	0.0001	0.0011	-0.0237	-0.0149	1.6797	9.0005	2.9843	5.0000	0.0913	0.0913	0.0000	0.0913	0.0913	0.0000	0.0000	0.0000	0.0000	0.0286	0.0285	0.0000	0.0284	0.0284	0.0000	0.0002	0.0002	0.0000	0.5626	0.5113	0.0513	0.3073	0.2919	0.0153	0.2553	0.2193	0.0360	0.0849	0.0521	0.0328	0.0425	0.0369	0.0056	0.0424	0.0152	0.0272	0.4822	0.3258	0.2132	0.4450	0.4068	0.3456	0.0090	0.0042	0.0000	0.3365	0.5479	0.0009	0.6674	0.7684	0.0019	0.0044	0.0109	0.0007
62	88	0.1004	5	0	1	0	0	0	0	0	0	N	N	N	N	N	N	N	N	N	N	N	N	0.0000	0.0000	0.0000	0.0000	0.0000	0.0000	0.0000	0.0000	0.0000	0.0000	0.0000	0.0000	0.0000	0.0000	0.0000	0.0000	0.0000	0.0000	0.0000	0.0000	1.6797	0.0000	2.9843	0.0000	0.0000	0.0000	0.0000	0.0000	0.0000	0.0000	0.0000	0.0000	0.0000	0.0000	0.0000	0.0000	0.0000	0.0000	0.0000	0.0000	0.0000	0.0000	0.0000	0.0000	0.0000	0.0000	0.0000	0.0000	0.0000	0.0000	0.0000	0.0000	0.0000	0.0000	0.0000	0.0000	0.0000	0.0000	0.0000	0.0000	0.0000	0.0000	0.0000	0.0000	0.0000	0.0000	0.0000	0.0000	0.0000	0.0000	0.0000	0.0000	0.0000	0.0000	0.0000	0.0000	0.0000	0.0000											
62	89	0.7014	9	0	1	0	0	0	0	0	0	N	N	N	N	N	N	N	N	N	N	N	N	0.0000	0.0000	0.0000	0.0000	0.0000	0.0000	0.0000	0.0000	0.0000	0.0000	0.0000	0.0000	0.0000	0.0000	0.0000	0.0000	0.0000	0.0002	0.0001	0.0001	0.0001	0.0001	0.0000	0.0001	0.0006	0.0001	26.7561	0.0000	0.0000	1.6797	1.9953	2.9843	1.0817	0.0000	0.0000	0.0000	0.0000	0.0000	0.0000	0.0000	0.0000	0.0000	0.0000	0.0000	0.0000	0.0000	0.0000	0.0000	0.0000	0.0000	0.0000	0.1728	0.1578	0.0150	0.1047	0.0996	0.0051	0.0681	0.0582	0.0098	0.0215	0.0142	0.0072	0.0133	0.0118	0.0014	0.0082	0.0024	0.0058	0.0000	0.0000	0.0000	0.0000	0.0000	0.0000	0.0000	0.0000	0.0000	0.0000	0.0000	0.0001	0.0000	0.0000	0.0000	0.0001	0.0000	0.0001		
62	90	0.6754	8	0	1	0	0	0	0	0	0	N	N	N	N	N	N	N	N	N	N	N	N	0.0144	0.0130	0.0817	0.0484	0.0601	0.0000	0.0296	0.0010	0.0967	0.0001	0.0001	0.0000	0.0001	0.0001	0.0000	0.0001	0.0001	0.0000	0.0062	0.0075	0.0000	0.0016	0.0013	0.0000	0.0036	0.1294	0.0000	0.0014	0.0067	-0.0000	-0.0000	1.6797	2.3999	2.9843	4.0713	0.0000	0.0000	0.0000	0.0000	0.0000	0.0000	0.0000	0.0000	0.0000	0.0000	0.0000	0.0000	0.0000	0.0000	0.0000	0.0000	0.0000	0.0000	0.1799	0.1649	0.0150	0.1058	0.1010	0.0049	0.0741	0.0639	0.0102	0.0393	0.0260	0.0134	0.0234	0.0206	0.0027	0.0160	0.0053	0.0106	0.0999	0.0724	0.0817	0.1200	0.1111	0.0000	0.0848	0.0331	0.0967	0.0009	0.0013	0.0000	0.0006	0.0007	0.0000	0.0013	0.0038	0.0000
62	91	0.6964	9	0	0	1	0	0	0	0	0	N	N	N	N	N	N	N	N	N	N	N	N	0.0000	0.0000	0.0000	0.0000	0.0000	0.0000	0.0000	0.0000	0.0000	0.0000	0.0000	0.0000	0.0000	0.0000	0.0000	0.0000	0.0000	0.0000	0.0000	0.0000	1.6797	0.0000	2.9843	0.0000	0.0000	0.0000	0.0000	0.0000	0.0000	0.0000	0.0000	0.0000	0.0000	0.0000	0.0000	0.0000	0.0000	0.0000	0.0000	0.0000	0.0000	0.0000	0.0000	0.0000	0.0000	0.0000	0.0000	0.0000	0.0000	0.0000	0.0000	0.0000	0.0000	0.0000	0.0000	0.0000	0.0000	0.0000	0.0000	0.0000	0.0000	0.0000	0.0000	0.0000	0.0000	0.0000	0.0000	0.0000	0.0000	0.0000	0.0000	0.0000	0.0000	0.0000	0.0000	0.0000	0.0000	0.0000											
62	92	0.6643	8	0	0	1	0	0	0	0	0	N	N	N	N	N	N	N	N	N	N	N	N	0.4140	0.3036	5.2453	0.6478	0.6867	1.7667	0.3383	0.3724	0.0030	0.5954	0.6292	0.0089	0.0000	0.0000	0.0000	0.8171	1.2268	0.0006	0.9190	0.9163	0.0050	0.0000	0.0000	0.0000	0.0008	0.0080	-0.0237	-0.0006	1.6797	3.7221	2.9843	2.9993	0.0914	0.0913	0.0001	0.0914	0.0913	0.0001	0.0000	0.0000	0.0000	0.0013	0.0013	0.0000	0.0013	0.0013	0.0000	0.0000	0.0000	0.0000	0.2701	0.2452	0.0249	0.1535	0.1451	0.0084	0.1167	0.1001	0.0166	0.0441	0.0265	0.0175	0.0213	0.0185	0.0028	0.0227	0.0080	0.0147	11.8288	7.8999	5.2453	10.0787	9.3173	2.5113	0.0000	0.0000	0.0000	0.0286	0.0471	0.0006	0.0591	0.0675	0.0035	0.0000	0.0000	0.0000			
62	93	0.6341	7	0	0	0	0	0	0	0	0	N	N	N	N	N	N	N	N	N	N	N	N	inf	inf	inf	inf	inf	inf	0.0007	0.0007	0.0000	0.0012	0.0012	0.0000	0.0000	0.0000	0.0000	0.0000	0.0000	0.0000	0.0000	0.0000	0.0000	0.0000	0.0000	0.0000	0.0000	-0.0000	0.0000	1.6797	2.7217	2.9843	3.0458	0.0001	0.0001	0.0000	0.0001	0.0001	0.0000	0.0000	0.0000	0.0000	0.0000	0.0000	0.0000	0.0000	0.0000	0.0000	0.0000	0.0000	0.0000	0.1988	0.1807	0.0182	0.1125	0.1066	0.0059	0.0863	0.0740	0.0123	0.0376	0.0230	0.0146	0.0187	0.0162	0.0024	0.0189	0.0068	0.0121	inf	inf	0.0000	inf	inf	0.0000	inf	inf	0.0000	0.0000	0.0000	0.0000	0.0000	0.0000	0.0000	0.0000	0.0000	0.0000				
62	94	0.6916	9	1	1	0	0	0	0	0	0	N	N	N	N	N	N	N	N	N	N	N	N	0.0269	0.0216	0.0351	0.0250	0.0254	inf	0.0000	0.0000	0.0000	0.0521	0.0567	0.0000	0.0875	0.0916	0.0000	0.0000	0.0000	0.0000	1.9350	2.6269	0.0000	3.5072	3.6006	0.0000	0.0908	1.3476	0.0000	0.0000	0.0000	-0.0055	-0.0149	1.6797	5.9980	2.9843	4.9575	0.0213	0.0213	0.0000	0.0213	0.0213	0.0000	0.0000	0.0000	0.0000	0.0285	0.0285	0.0000	0.0283	0.0283	0.0000	0.0002	0.0002	0.0000	0.4090	0.3759	0.0331	0.2434	0.2326	0.0108	0.1656	0.1434	0.0222	0.0592	0.0408	0.0184	0.0366	0.0321	0.0044	0.0226	0.0087	0.0139	0.1080	0.0811	0.0351	0.1129	0.1038	inf	0.0000	0.0000	0.0000	0.4821	0.6991	0.0000	0.7753	0.8824	0.0000	0.0082	0.0213	0.0000
62	95	0.1004	5	1	1	0	0	0	0	0	0	N	N	N	N	N	N	N	N	N	N	N	N	0.0000	0.0000	0.0000	0.0000	0.0000	0.0000	0.0000	0.0000	0.0000	0.0000	0.0000	0.0000	0.0000	0.0000	0.0000	0.0000	0.0000	0.0000	0.0000	0.0000	1.6797	0.0000	2.9843	2.0000	0.0000	0.0000	0.0000	0.0000	0.0000	0.0000	0.0000	0.0000	0.0000	0.0000	0.0000	0.0000	0.0000	0.0000	0.0000	0.0000	0.0000	0.0000	0.0000	0.0000	0.0000	0.0000	0.0000	0.0000	0.0000	0.0000	0.0000	0.0226	0.0083	0.0143	0.0007	0.0007	0.0001	0.0219	0.0077	0.0142	0.0000	0.0000	0.0000	0.0000	0.0000	0.0000	0.0000	0.0000	0.0000	0.0000	0.0000	0.0000	0.0000	0.0000	0.0000	0.0000	0.0000	0.0000											
62	96	0.0780	4	0	1	0	0	0	0	0	0	N	N	N	N	N	N	N	N	N	N	N	N	0.0000	0.0000	0.0000	0.0000	0.0000	0.0000	0.0000	0.0000	0.0000	0.0000	0.0000	0.0000	0.0000	0.0000	0.0000	0.0000	0.0000	0.0000	0.0000	0.0000	1.6797	4.0000	2.9843	0.0000	0.0000	0.0000	0.0000	0.0000	0.0000	0.0000	0.0000	0.0000	0.0000	0.0000	0.0000	0.0000	0.0000	0.0000	0.0000	0.0000	0.0000	0.0000	0.1797	0.1591	0.0206	0.0058	0.0054	0.0004	0.1739	0.1537	0.0202	0.0430	0.0195	0.0235	0.0105	0.0090	0.0015	0.0325	0.0105	0.0220	0.0000	0.0000	0.0000	0.0000	0.0000	0.0000	0.0000	0.0000	0.0000	0.0000	0.0000	0.0000	0.0000	0.0000	0.0000	0.0000	0.0000	0.0000											
62	97	0.6341	7	0	0	0	0	0	0	0	0	N	N	N	N	N	N	N	N	N	N	N	N	inf	inf	inf	inf	inf	inf	inf	0.0001	0.0000	0.0004	0.0001	0.0001	0.0000	0.0001	0.0000	0.0006	0.0000	0.0000	0.0000	0.0000	0.0000	0.0000	0.0000	0.0000	0.0000	1.0000	0.0000	0.0000	1.6797	3.9994	2.9843	4.0000	0.0000	0.0000	0.0000	0.0000	0.0000	0.0000	0.0000	0.0000	0.0000	0.0000	0.0000	0.0000	0.0000	0.0000	0.0000	0.0000	0.0000	0.0000	0.2825	0.2567	0.0258	0.1586	0.1505	0.0082	0.1239	0.1063	0.0176	0.0511	0.0313	0.0198	0.0254	0.0221	0.0033	0.0256	0.0092	0.0165	inf	inf	inf	inf	inf	0.0000	inf	0.0000	inf	0.0000	0.0000	0.0000	0.0000	0.0000	0.0000	0.0000	0.0000	0.0000			
62	98	0.0780	4	0	0	0	0	0	0	0	0	N	N	N	N	N	N	N	N	N	N	N	N	0.0000	0.0000	0.0000	0.0000	0.0000	0.0000	0.0000	0.0000	0.0000	0.0000	0.0000	0.0000	0.0000	0.0000	0.0000	0.0000	0.0000	0.0000	0.0000	0.0000	1.6797	1.0000	2.9843	0.0000	0.0000	0.0000	0.0000	0.0000	0.0000	0.0000	0.0000	0.0000	0.0000	0.0000	0.0000	0.0000	0.0000	0.0000	0.0000	0.0000	0.0000	0.0000	0.0902	0.0797	0.0105	0.0028	0.0026	0.0002	0.0874	0.0771	0.0103	0.0208	0.0095	0.0113	0.0052	0.0045	0.0007	0.0156	0.0050	0.0106	0.0000	0.0000	0.0000	0.0000	0.0000	0.0000	0.0000	0.0000	0.0000	0.0000	0.0000	0.0000	0.0000	0.0000	0.0000	0.0000	0.0000	0.0000											
62	99	0.5232	6	0	0	0	0	0	0	0	0	N	N	N	N	N	N	N	N	N	N	N	N	1.4857	6.8482	0.0000	22.9830	35.5608	0.0000	0.0377	1.5048	0.0000	0.7863	0.9669	0.0000	1.1014	1.4357	0.0000	0.0092	0.0099	0.0000	0.5293	0.1412	0.0775	0.0479	0.0404	0.0089	0.2425	0.0066	0.0311	0.0000	3.1467	-0.0714	0.0003	1.6797	1.5982	2.9843	11.1970	0.2745	0.2745	0.0000	0.2736	0.2736	0.0000	0.0009	0.0009	0.0000	0.0014	0.0003	0.0010	0.0003	0.0003	0.0000	0.0010	0.0000	0.0010	0.3491	0.2840	0.0652	0.2484	0.1906	0.0579	0.1007	0.0934	0.0073	0.1140	0.0662	0.0478	0.0478	0.0432	0.0046	0.0662	0.0230	0.0432	65.5179	194.0911	0.0000	151.8141	193.0782	0.0000	0.5932	26.7885	0.0000	0.0120	0.0050	0.0217	0.0073	0.0074	0.0055	0.0154	0.0004	0.0234
62	100	0.6931	10	1	1	1	0	0	0	0	0	N	N	N	N	N	N	N	N	N	N	N	N	0.0000	0.0000	0.0000	0.0000	0.0000	0.0000	0.0000	0.0000	0.0000	0.0000	0.0000	0.0000	0.0000	0.0000	0.0000	0.0000	0.1914	0.0217	0.0307	0.0093	0.0092	0.0000	0.1039	0.0000	0.0151	1.9997	0.0000	0.0000	1.6797	0.0000	2.9843	0.9982	0.0000	0.0000	0.0000	0.0000	0.0000	0.0000	0.0000	0.0000	0.0000	0.0000	0.0000	0.0000	0.0000	0.0000	0.0000	0.0000	0.0000	0.0000	0.0065	0.0059	0.0006	0.0054	0.0050	0.0003	0.0011	0.0009	0.0003	0.0060	0.0041	0.0018	0.0037	0.0033	0.0004	0.0023	0.0009	0.0014	0.0000	0.0000	0.0000	0.0000	0.0000	0.0000	0.0000	0.0000	0.0000	0.0050	0.0024	0.0109	0.0027	0.0031	0.0000	0.0089	0.0000	0.0143			
62	101	0.1127	7	1	1	1	0	0	0	0	0	N	N	N	N	N	N	N	N	N	N	N	N	0.0000	0.0000	0.0000	0.0000	0.0000	0.0000	0.0000	0.0000	0.0000	0.0000	0.0000	0.0000	0.0000	0.0000	0.0000	0.0000	0.0000	0.0000	0.0000	0.0000	1.6797	0.0000	2.9843	0.0000	0.0000	0.0000	0.0000	0.0000	0.0000	0.0000	0.0000	0.0000	0.0000	0.0000	0.0000	0.0000	0.0000	0.0000	0.0000	0.0000	0.0000	0.0000	0.0000	0.0000	0.0000	0.0000	0.0000	0.0000	0.0000	0.0000	0.0000	0.0000	0.0000	0.0000	0.0000	0.0000	0.0000	0.0000	0.0000	0.0000	0.0000	0.0000	0.0000	0.0000	0.0000	0.0000	0.0000	0.0000	0.0000	0.0000	0.0000	0.0000	0.0000	0.0000	0.0000	0.0000	0.0000	0.0000											
62	102	0.1127	6	1	0	1	0	0	0	0	0	N	N	N	N	N	N	N	N	N	N	N	N	0.0000	0.0000	0.0000	0.0000	0.0000	0.0000	0.0000	0.0000	0.0000	0.0000	0.0000	0.0000	0.0000	0.0000	0.0000	0.0000	0.0000	0.0000	0.0000	0.0000	1.6797	0.0000	2.9843	0.0000	0.0000	0.0000	0.0000	0.0000	0.0000	0.0000	0.0000	0.0000	0.0000	0.0000	0.0000	0.0000	0.0000	0.0000	0.0000	0.0000	0.0000	0.0000	0.0000	0.0000	0.0000	0.0000	0.0000	0.0000	0.0000	0.0000	0.0000	0.0000	0.0000	0.0000	0.0000	0.0000	0.0000	0.0000	0.0000	0.0000	0.0000	0.0000	0.0000	0.0000	0.0000	0.0000	0.0000	0.0000	0.0000	0.0000	0.0000	0.0000	0.0000	0.0000	0.0000	0.0000	0.0000	0.0000											
62	103	0.1067	5	1	0	1	0	0	0	0	0	N	N	N	N	N	N	N	N	N	N	N	N	0.0000	0.0000	0.0000	0.0000	0.0000	0.0000	0.0000	0.0000	0.0000	0.0000	0.0000	0.0000	0.0000	0.0000	0.0000	0.0000	0.0000	0.0000	0.0000	0.0000	1.6797	0.0000	2.9843	1.0091	0.0000	0.0000	0.0000	0.0000	0.0000	0.0000	0.0000	0.0000	0.0000	0.0000	0.0000	0.0000	0.0000	0.0000	0.0000	0.0000	0.0000	0.0000	0.0000	0.0000	0.0000	0.0000	0.0000	0.0000	0.0000	0.0000	0.0000	0.0117	0.0043	0.0074	0.0004	0.0003	0.0000	0.0113	0.0039	0.0074	0.0000	0.0000	0.0000	0.0000	0.0000	0.0000	0.0000	0.0000	0.0000	0.0000	0.0000	0.0000	0.0000	0.0000	0.0000	0.0000	0.0000	0.0000											
62	104	0.6341	7	0	1	0	0	0	0	0	0	N	N	N	N	N	N	N	N	N	N	N	N	inf	inf	inf	inf	inf	inf	inf	inf	0.1717	0.1857	0.0321	0.3127	0.3236	0.1056	0.0000	0.0000	0.0003	0.0000	0.0000	0.0000	0.0000	0.0000	0.0000	0.0000	0.0000	0.0000	0.0174	-0.0214	0.0000	1.6797	7.9994	2.9843	4.0001	0.0879	0.0864	0.0015	0.0879	0.0864	0.0015	0.0000	0.0000	0.0000	0.0000	0.0000	0.0000	0.0000	0.0000	0.0000	0.0000	0.0000	0.0000	0.5119	0.4652	0.0467	0.2810	0.2669	0.0141	0.2308	0.1982	0.0326	0.0740	0.0454	0.0286	0.0370	0.0321	0.0049	0.0370	0.0132	0.0238	inf	inf	inf	inf	inf	inf	inf	0.0000	inf	0.0000	0.0000	0.0000	0.0000	0.0000	0.0000	0.0000	0.0000	0.0000		
62	105	0.6966	11	1	0	1	0	0	0	0	0	N	N	N	N	N	N	N	N	N	N	N	N	0.0005	0.0000	0.0451	0.0000	0.0000	0.0000	0.0031	0.1282	0.0001	0.0000	0.0009	0.0000	0.0000	0.0000	0.0002	0.0000	0.0014	0.1512	0.0198	0.0210	0.0092	0.0082	0.0011	0.0626	0.0000	0.0112	490.6595	1.6793	0.0000	0.0000	1.6797	1.0000	2.9843	1.0005	0.0000	0.0000	0.0000	0.0000	0.0000	0.0000	0.0000	0.0000	0.0000	0.0000	0.0000	0.0000	0.0000	0.0000	0.0000	0.0000	0.0000	0.0000	0.0775	0.0713	0.0062	0.0473	0.0452	0.0021	0.0302	0.0261	0.0041	0.0116	0.0080	0.0036	0.0072	0.0063	0.0009	0.0044	0.0017	0.0027	0.0177	0.0001	0.1084	0.0001	0.0001	0.0000	0.0281	0.0000	0.1282	0.0043	0.0023	0.0087	0.0027	0.0029	0.0009	0.0069	0.0000	0.0112	
62	106	0.6931	10	1	0	1	0	0	0	0	0	N	N	N	N	N	N	N	N	N	N	N	N	60.8030	12175.9454	0.0000	0.0263	1.6284	0.0000	68157.1644	56167.0033	0.0059	10.8959	11.8520	0.0000	0.0014	0.0015	0.0000	29.5651	34.3649	0.0000	0.1792	0.0010	0.0483	0.0535	0.0009	0.1700	0.0004	0.0006	0.0006	0.0000	17.3323	-0.1783	0.0000	1.6797	0.7249	2.9843	0.0368	0.6853	0.6853	0.0000	0.0001	0.0001	0.0000	0.6853	0.6853	0.0000	0.0000	0.0000	0.0000	0.0000	0.0000	0.0000	0.0000	0.0000	0.0000	0.0629	0.0578	0.0051	0.0397	0.0379	0.0018	0.0232	0.0199	0.0032	0.0046	0.0032	0.0014	0.0028	0.0025	0.0003	0.0017	0.0007	0.0011	2249.3740	31041.9672	0.0002	0.1862	3.0671	0.0000	76344.7607	6714790.9863	0.0059	0.0048	0.0004	0.0149	0.0076	0.0005	0.0601	0.0004	0.0000	0.0006
62	107	0.6916	9	1	0	1	0	0	0	0	0	N	N	N	N	N	N	N	N	N	N	N	N	20.3844	52.4274	0.0959	2.7114	15.9535	0.0010	13421.7308	8021.1741	6.2422	8.3190	8.9998	0.0054	0.5676	0.5946	0.0002	23.7405	27.4678	0.0089	0.4081	0.1717	0.0565	0.2093	0.0373	0.1969	0.0018	0.0034	0.0014	0.0000	1.3694	-0.0837	0.0000	1.6797	0.4159	2.9843	0.0887	0.3218	0.3218	0.0000	0.0146	0.0146	0.0000	0.3072	0.3072	0.0000	0.0000	0.0000	0.0000	0.0000	0.0000	0.0000	0.0000	0.0000	0.0000	0.0387	0.0358	0.0029	0.0257	0.0246	0.0012	0.0129	0.0112	0.0018	0.0033	0.0023	0.0010	0.0020	0.0018	0.0002	0.0013	0.0005	0.0008	916.1380	1653.3851	0.3057	39.8494	84.8142	0.0027	26545.3546	189317.2756	6.2422	0.0091	0.0054	0.0177	0.0142	0.0070	0.0704	0.0009	0.0001	0.0014
62	108	0.6754	8	1	0	0	0	0	0	0	0	N	N	N	N	N	N	N	N	N	N	N	N	28.4790	23.0269	0.2267	0.3412	0.3894	inf	8473.3302	155.4754	0.1380	0.0751	0.0820	0.0000	0.0008	0.0008	0.0000	0.1780	0.2063	0.0000	0.0026	0.0036	0.0000	0.0023	0.0021	0.0000	0.0000	0.0013	0.0000	0.0000	0.0029	-0.0056	-0.0000	1.6797	3.9943	2.9843	0.9974	0.0215	0.0215	0.0000	0.0001	0.0001	0.0000	0.0213	0.0213	0.0000	0.0000	0.0000	0.0000	0.0000	0.0000	0.0000	0.0000	0.0000	0.0000	0.2858	0.2618	0.0240	0.1660	0.1584	0.0076	0.1198	0.1034	0.0164	0.0307	0.0203	0.0104	0.0183	0.0161	0.0021	0.0125	0.0042	0.0083	131.2608	94.9691	0.2267	0.8106	0.7507	inf	13627.6854	7685.5424	0.1380	0.0006	0.0009	0.0000	0.0010	0.0011	0.0000	0.0000	0.0000	0.0000
62	109	0.1067	5	1	0	1	0	0	0	0	0	N	N	N	N	N	N	N	N	N	N	N	N	0.0000	0.0000	0.0000	0.0000	0.0000	0.0000	0.0000	0.0000	0.0000	0.0000	0.0000	0.0000	0.0000	0.0000	0.0000	0.0000	0.0000	0.0000	0.0000	0.0000	1.6797	0.0000	2.9843	0.9909	0.0000	0.0000	0.0000	0.0000	0.0000	0.0000	0.0000	0.0000	0.0000	0.0000	0.0000	0.0000	0.0000	0.0000	0.0000	0.0000	0.0000	0.0000	0.0000	0.0000	0.0000	0.0000	0.0000	0.0000	0.0000	0.0000	0.0000	0.0115	0.0042	0.0073	0.0004	0.0003	0.0000	0.0111	0.0038	0.0073	0.0000	0.0000	0.0000	0.0000	0.0000	0.0000	0.0000	0.0000	0.0000	0.0000	0.0000	0.0000	0.0000	0.0000	0.0000	0.0000	0.0000	0.0000											
62	110	0.0780	4	1	0	1	0	0	0	0	0	N	N	N	N	N	N	N	N	N	N	N	N	inf	inf	inf	inf	0.0005	0.0006	0.0000	0.0156	0.0166	0.0000	0.0000	0.0000	0.0000	0.0000	0.0000	0.0000	0.0000	0.0000	0.0000	0.0000	0.0000	0.0000	0.0000	-0.0000	0.0000	1.6797	4.0000	2.9843	0.0000	0.0001	0.0001	0.0000	0.0001	0.0001	0.0000	0.0000	0.0000	0.0000	0.0000	0.0000	0.0000	0.0000	0.0000	0.0000	0.0000	0.0000	0.0000	0.1797	0.1591	0.0206	0.0058	0.0054	0.0004	0.1739	0.1537	0.0202	0.0430	0.0195	0.0235	0.0105	0.0090	0.0015	0.0325	0.0105	0.0220	inf	inf	0.0000	inf	inf	0.0000	0.0000	0.0000	0.0000	0.0000	0.0000	0.0000	0.0000	0.0000	0.0000	0.0000	0.0000	0.0000						
62	112	0.6800	8	0	0	1	0	0	0	0	0	N	N	N	N	N	N	N	N	N	N	N	N	0.0000	0.0000	0.0000	0.0000	0.0000	0.0000	0.0000	0.0000	0.0000	0.0000	0.0000	0.0000	0.0000	0.3536	0.4478	0.0000	0.1878	0.1971	0.0000	0.0000	0.0000	0.0000	0.0000	0.0000	-0.0000	1.6797	0.0000	2.9843	0.0001	0.0000	0.0000	0.0000	0.0000	0.0000	0.0000	0.0000	0.0000	0.0000	0.0000	0.0000	0.0000	0.0000	0.0000	0.0000	0.0000	0.0000	0.0000	0.0000	0.0000	0.0000	0.0000	0.0000	0.0000	0.0000	0.0000	0.0000	0.0000	0.0000	0.0000	0.0000	0.0000	0.0000	0.0000	0.0000	0.0000	0.0000	0.0000	0.0000	0.0000	0.0000	0.0000	0.0000	0.0000	0.0000	0.0076	0.0094	0.0000	0.0133	0.0148	0.0000	0.0000	0.0000	0.0000						
62	113	0.6341	7	0	0	1	0	0	0	0	0	N	N	N	N	N	N	N	N	N	N	N	N	0.0177	0.0119	25.9042	0.0157	0.0144	inf	0.0000	0.0000	0.0000	0.3106	0.3418	0.0004	0.5532	0.5832	0.0012	0.0000	0.0000	0.0000	17.5419	28.6170	0.0000	35.1884	40.4733	0.0000	0.0000	0.0002	0.0000	0.0001	0.0000	-0.0228	-0.5216	1.6797	4.0004	2.9843	4.9999	0.0878	0.0878	0.0000	0.0878	0.0878	0.0000	0.0000	0.0000	0.0000	0.9995	0.9995	0.0000	0.9995	0.9995	0.0000	0.0000	0.0000	0.0000	0.2826	0.2568	0.0258	0.1587	0.1505	0.0082	0.1239	0.1063	0.0176	0.0570	0.0349	0.0221	0.0284	0.0247	0.0037	0.0286	0.0102	0.0183	0.0177	0.0119	25.9042	0.0157	0.0144	inf	0.0000	0.0000	0.0000	17.5419	28.6170	0.0000	35.1884	40.4733	0.0000	0.0000	0.0000	0.0000
62	114	0.0454	3	0	1	0	0	0	0	0	0	N	N	N	N	N	N	N	N	N	N	N	N	0.9828	0.8027	16.5225	1.6056	1.7111	864.7072	210.1139	167.4162	16.0893	0.6568	0.8691	0.0183	1.7663	1.7705	0.0027	0.2364	0.3503	0.0183	0.6683	1.0828	0.0011	1.1001	1.0347	0.0000	0.0011	0.0021	0.0011	0.0070	0.0323	-0.0851	-0.0015	1.6797	4.3361	2.9843	4.6323	0.3360	0.3337	0.0023	0.2483	0.2483	0.0000	0.0877	0.0854	0.0023	0.0031	0.0030	0.0001	0.0030	0.0030	0.0000	0.0001	0.0000	0.0001	0.5115	0.3839	0.1276	0.1406	0.1403	0.0003	0.3710	0.2437	0.1273	0.1751	0.0870	0.0881	0.0429	0.0404	0.0025	0.1322	0.0466	0.0856	36.9305	25.0594	16.5225	25.1418	23.7278	864.7072	313.1462	6689.2807	16.0893	0.0178	0.0347	0.0011	0.0703	0.0746	0.0000	0.0008	0.0001	0.0011
62	116	0.6341	7	0	1	0	1	0	0	0	0	N	N	N	N	N	N	N	N	N	N	N	N	0.1110	0.0679	0.0482	0.0579	inf	inf	0.0001	0.0001	0.0000	0.0001	0.0001	0.0000	0.0001	0.0001	0.0000	0.0005	0.0009	0.0000	0.0011	0.0009	0.0000	0.0000	0.0000	0.0000	0.0000	0.0000	-0.0000	-0.0000	1.6797	5.0006	2.9843	2.0000	0.0000	0.0000	0.0000	0.0000	0.0000	0.0000	0.0000	0.0000	0.0000	0.0000	0.0000	0.0000	0.0000	0.0000	0.0000	0.0000	0.0000	0.0000	0.3443	0.3129	0.0314	0.1922	0.1824	0.0098	0.1521	0.1305	0.0216	0.0451	0.0276	0.0175	0.0224	0.0195	0.0029	0.0227	0.0081	0.0145	0.2620	0.1767	0.0000	0.1167	0.1070	0.0000	inf	inf	0.0000	0.0002	0.0004	0.0000	0.0004	0.0005	0.0000	0.0000	0.0000	0.0000			
62	117	0.0780	4	0	1	0	1	0	0	0	0	N	N	N	N	N	N	N	N	N	N	N	N	0.0000	0.0000	0.0000	0.0000	0.0000	0.0000	0.0000	0.0000	0.0000	0.0000	0.0000	0.0000	0.0000	0.0000	0.0000	0.0000	0.0000	0.0000	0.0000	0.0000	1.6797	0.0000	2.9843	1.0000	0.0000	0.0000	0.0000	0.0000	0.0000	0.0000	0.0000	0.0000	0.0000	0.0000	0.0000	0.0000	0.0000	0.0000	0.0000	0.0000	0.0000	0.0000	0.0000	0.0000	0.0000	0.0000	0.0000	0.0000	0.0000	0.0000	0.0000	0.0159	0.0073	0.0087	0.0040	0.0034	0.0006	0.0119	0.0038	0.0081	0.0000	0.0000	0.0000	0.0000	0.0000	0.0000	0.0000	0.0000	0.0000	0.0000	0.0000	0.0000	0.0000	0.0000	0.0000	0.0000	0.0000	0.0000											
62	118	0.6341	7	0	1	0	0	0	0	0	0	N	N	N	N	N	N	N	N	N	N	N	N	426.2586	inf	0.6127	304.2197	inf	0.3088	0.0981	0.1079	0.0001	0.1863	0.1957	0.0004	0.0000	0.0000	0.0000	0.0002	0.0000	0.0002	0.0006	0.0000	0.0014	0.0000	0.0000	0.0000	0.0001	inf	-0.0228	0.0000	1.6797	16.9994	2.9843	6.0000	0.0879	0.0878	0.0000	0.0879	0.0878	0.0000	0.0000	0.0000	0.0000	0.0000	0.0000	0.0000	0.0000	0.0000	0.0000	0.0000	0.0000	0.0000	0.8957	0.8142	0.0815	0.4716	0.4488	0.0228	0.4241	0.3654	0.0587	0.1293	0.0794	0.0499	0.0652	0.0565	0.0087	0.0641	0.0229	0.0412	1268.4148	inf	0.6127	1215.2708	inf	0.3825	0.0000	0.0000	0.0000	0.0001	0.0000	0.0002	0.0002	0.0000	0.0011	0.0000	0.0000	0.0000			
62	119	0.0780	4	0	1	0	0	0	0	0	0	N	N	N	N	N	N	N	N	N	N	N	N	0.0009	0.0006	0.0000	0.0256	0.0252	0.0000	0.0000	0.0000	0.0000	0.0004	0.0005	0.0000	0.0128	0.0137	0.0000	0.0000	0.0000	0.0000	0.4717	0.7360	0.0071	0.4998	0.5434	0.0000	0.0306	0.0216	0.0057	0.0000	0.3887	-0.0000	-0.0003	1.6797	5.0000	2.9843	6.0000	0.0001	0.0001	0.0000	0.0001	0.0001	0.0000	0.0000	0.0000	0.0000	0.0011	0.0008	0.0003	0.0007	0.0007	0.0000	0.0003	0.0000	0.0003	0.2163	0.1917	0.0246	0.0070	0.0066	0.0005	0.2093	0.1852	0.0241	0.1018	0.0456	0.0561	0.0233	0.0200	0.0033	0.0785	0.0257	0.0528	0.0396	0.0278	0.0000	0.4028	0.3687	0.0000	0.0000	0.0000	0.0000	0.0105	0.0169	0.0053	0.0317	0.0371	0.0000	0.0042	0.0012	0.0057
62	120	0.1061	5	0	1	0	0	0	0	0	0	N	N	N	N	N	N	N	N	N	N	N	N	0.0045	0.0037	0.0001	0.0107	0.0118	0.0297	0.0000	0.0000	0.0001	0.0021	0.0023	0.0000	0.0044	0.0046	0.0000	0.0000	0.0000	0.0000	0.4565	0.6103	0.0177	0.4132	0.3902	0.0002	0.0593	0.1063	0.0081	0.0001	0.8444	-0.0000	-0.0000	1.6797	0.9998	2.9843	0.9486	0.0001	0.0001	0.0000	0.0001	0.0001	0.0000	0.0000	0.0000	0.0000	0.0002	0.0001	0.0001	0.0001	0.0001	0.0000	0.0001	0.0000	0.0001	0.0438	0.0398	0.0040	0.0206	0.0196	0.0010	0.0232	0.0202	0.0030	0.0219	0.0092	0.0127	0.0042	0.0041	0.0001	0.0177	0.0051	0.0126	0.2028	0.1731	0.0002	0.1790	0.1827	0.0297	0.0000	0.0000	0.0001	0.0102	0.0131	0.0081	0.0246	0.0253	0.0002	0.0068	0.0036	0.0081
62	121	0.0780	4	0	1	0	0	0	0	0	0	N	N	N	N	N	N	N	N	N	N	N	N	0.0050	0.0064	0.0026	0.1295	0.1508	0.0121	0.0008	0.0025	0.0000	0.0000	0.0000	0.0002	0.0002	0.0000	0.0000	0.0000	0.0000	0.0025	0.0022	0.0005	0.0012	0.0011	0.0000	0.0006	0.0112	0.0005	0.0114	0.9413	-0.0000	-0.0000	1.6797	3.0005	2.9843	1.1085	0.0000	0.0000	0.0000	0.0000	0.0000	0.0000	0.0000	0.0000	0.0000	0.0000	0.0000	0.0000	0.0000	0.0000	0.0000	0.0000	0.0000	0.0000	0.2348	0.2082	0.0266	0.0077	0.0072	0.0005	0.2271	0.2010	0.0261	0.0754	0.0340	0.0414	0.0178	0.0153	0.0025	0.0575	0.0187	0.0388	0.0231	0.0226	0.0026	0.2972	0.2723	0.0000	0.0140	0.0137	0.0025	0.0005	0.0006	0.0005	0.0005	0.0006	0.0000	0.0006	0.0006	0.0005	
62	122	0.6754	8	0	1	0	0	0	0	0	0	N	N	N	N	N	N	N	N	N	N	N	N	inf	inf	inf	inf	inf	inf	0.0231	0.0252	0.0000	0.0391	0.0410	0.0000	0.0002	0.0002	0.0000	0.0000	0.0000	0.0000	0.0000	0.0000	0.0000	0.0000	0.0000	0.0000	0.0000	-0.0009	0.0000	1.6797	2.0001	2.9843	3.0000	0.0035	0.0035	0.0000	0.0035	0.0035	0.0000	0.0000	0.0000	0.0000	0.0000	0.0000	0.0000	0.0000	0.0000	0.0000	0.0000	0.0000	0.0000	0.1518	0.1391	0.0127	0.0896	0.0854	0.0041	0.0622	0.0537	0.0086	0.0308	0.0203	0.0104	0.0183	0.0162	0.0021	0.0125	0.0042	0.0083	inf	inf	0.0000	inf	inf	0.0000	inf	inf	0.0000	0.0000	0.0000	0.0000	0.0000	0.0000	0.0000	0.0000	0.0000	0.0000				
62	123	0.6341	7	0	0	0	0	0	0	0	0	N	N	N	N	N	N	N	N	N	N	N	N	16473.3494	3582.8248	inf	6775.0729	6973.1303	inf	0.0784	0.0000	inf	0.1913	0.2103	0.0024	0.3466	0.3646	0.0078	0.0000	0.0000	0.0000	0.0000	0.0001	0.0000	0.0001	0.0001	0.0000	0.0000	0.0002	0.0000	0.0011	0.0952	-0.0227	-0.0000	1.6797	6.9986	2.9843	2.0000	0.0877	0.0876	0.0001	0.0877	0.0876	0.0001	0.0000	0.0000	0.0000	0.0000	0.0000	0.0000	0.0000	0.0000	0.0000	0.0000	0.0000	0.0000	0.4587	0.4168	0.0419	0.2532	0.2404	0.0128	0.2055	0.1764	0.0291	0.0570	0.0349	0.0220	0.0284	0.0247	0.0037	0.0286	0.0102	0.0183	1579649.7402	1165715.3840	inf	3281282.7540	3001126.1441	inf	0.0784	0.0000	inf	0.0000	0.0000	0.0000	0.0000	0.0000	0.0000	0.0000	0.0000	0.0000
62	124	0.1115	5	0	1	0	0	0	0	0	0	N	N	N	N	N	N	N	N	N	N	N	N	0.0827	0.0099	21.2793	0.2415	0.0593	33450.4379	0.2394	0.0000	2.3266	0.0004	0.0001	0.0029	0.0020	0.0005	0.0326	0.0000	0.0000	0.0003	0.0045	0.0092	0.0001	0.0083	0.0085	0.0000	0.0002	0.0007	0.0001	3.5499	0.1146	0.0001	-0.0000	1.6797	3.9006	2.9843	3.1543	0.0001	0.0000	0.0001	0.0001	0.0000	0.0001	0.0000	0.0000	0.0000	0.0001	0.0001	0.0000	0.0001	0.0001	0.0000	0.0000	0.0000	0.0000	0.3237	0.2914	0.0324	0.0556	0.0530	0.0026	0.2681	0.2383	0.0298	0.1037	0.0451	0.0586	0.0279	0.0239	0.0040	0.0758	0.0212	0.0546	0.4962	0.0588	21.2793	0.7953	0.1715	33450.4379	0.3522	0.0000	2.3266	0.0008	0.0016	0.0001	0.0025	0.0029	0.0000	0.0001	0.0000	0.0001
62	125	0.0780	4	0	1	0	0	0	0	0	0	N	N	N	N	N	N	N	N	N	N	N	N	0.0455	0.1139	0.0119	5.9699	7.1226	0.0000	0.0164	0.0059	0.0113	0.0007	0.0008	0.0000	0.0184	0.0197	0.0000	0.0001	0.0001	0.0000	0.0155	0.0070	0.0019	0.0031	0.0028	0.0000	0.0074	0.0227	0.0020	0.0037	1.7971	-0.0000	0.0000	1.6797	1.6924	2.9843	1.9110	0.0001	0.0001	0.0000	0.0001	0.0001	0.0000	0.0000	0.0000	0.0000	0.0001	0.0000	0.0001	0.0000	0.0000	0.0000	0.0001	0.0000	0.0001	0.1450	0.1283	0.0167	0.0046	0.0043	0.0003	0.1404	0.1240	0.0164	0.0674	0.0305	0.0370	0.0161	0.0138	0.0023	0.0513	0.0167	0.0347	0.4356	0.6197	0.0119	16.1256	14.7868	0.0000	0.0685	0.1084	0.0113	0.0016	0.0013	0.0019	0.0011	0.0013	0.0000	0.0018	0.0012	0.0020
62	126	0.6341	7	0	1	0	0	0	0	0	0	N	N	N	N	N	N	N	N	N	N	N	N	0.0000	0.0000	0.0000	0.0000	0.0000	0.0000	0.0000	0.0000	0.0000	0.0000	0.0000	0.0000	0.0000	0.0000	0.0000	0.0023	0.0035	0.0000	0.0027	0.0025	0.0000	0.0000	0.0005	0.0000	0.0000	0.0000	-0.0000	1.6797	0.9996	2.9843	8.0005	0.0000	0.0000	0.0000	0.0000	0.0000	0.0000	0.0000	0.0000	0.0000	0.0000	0.0000	0.0000	0.0000	0.0000	0.0000	0.0000	0.0000	0.0000	0.0766	0.0696	0.0070	0.0438	0.0415	0.0023	0.0328	0.0281	0.0047	0.0570	0.0349	0.0220	0.0284	0.0247	0.0037	0.0286	0.0102	0.0183	0.0000	0.0000	0.0000	0.0000	0.0000	0.0000	0.0000	0.0000	0.0000	0.0005	0.0009	0.0000	0.0011	0.0012	0.0000	0.0000	0.0000	0.0000				
62	127	0.5395	7	0	0	0	0	0	0	0	0	N	N	N	N	N	N	N	N	N	N	N	N	0.0734	0.5089	0.0000	0.6108	0.8222	0.0000	0.0004	0.1164	0.0000	0.5916	0.7032	0.0000	0.8545	1.0496	0.0000	0.0058	0.0064	0.0000	8.0587	1.3819	26.6587	1.3989	1.2766	0.3241	13.6941	0.0550	32.1723	0.0000	216.8581	-0.0711	0.4747	1.6797	3.6536	2.9843	12.3970	0.2731	0.2731	0.0000	0.2723	0.2723	0.0000	0.0008	0.0008	0.0000	1.0025	0.0046	0.9979	0.0051	0.0045	0.0006	0.9973	0.0001	0.9973	0.4616	0.3883	0.0732	0.3186	0.2594	0.0592	0.1430	0.1290	0.0140	0.1244	0.0720	0.0524	0.0516	0.0460	0.0056	0.0728	0.0260	0.0468	0.0734	11.0022	0.0000	8.6160	10.6300	0.0000	0.0004	2.7360	0.0000	8.0587	0.0639	19.0424	0.0992	0.0987	0.1027	13.6941	0.0023	21.2995
62	128	0.3284	5	0	0	0	0	0	0	0	0	N	N	N	N	N	N	N	N	N	N	N	N	0.5350	0.4792	0.0651	0.9457	1.1043	0.0324	0.0328	0.0149	0.2155	0.6904	0.8619	0.0076	1.2465	1.3601	0.0084	0.0365	0.0513	0.0074	1.2903	1.7986	0.1169	1.3180	1.2317	0.2597	1.1105	3.4358	0.0342	0.0022	0.1604	-0.1110	-0.0101	1.6797	5.3495	2.9843	12.4099	0.4303	0.4293	0.0010	0.4198	0.4196	0.0002	0.0104	0.0097	0.0007	0.0264	0.0228	0.0036	0.0094	0.0084	0.0010	0.0170	0.0144	0.0026	0.6232	0.4981	0.1251	0.3368	0.3085	0.0283	0.2864	0.1896	0.0968	0.2460	0.1411	0.1049	0.1009	0.0889	0.0120	0.1451	0.0522	0.0929	6.4304	5.3421	0.2188	13.3941	14.4369	0.0995	0.3108	0.1861	0.2600	0.1074	0.1613	0.0348	0.0931	0.0942	0.0845	0.1173	0.2757	0.0284
62	129	0.7456	13	0	1	0	1	0	0	0	0	N	N	N	N	N	N	N	N	N	N	N	N	0.0000	0.0000	0.0000	0.0000	0.0000	0.0000	0.0000	0.0000	0.0000	0.0000	0.0000	0.0000	0.0000	0.0000	0.0000	0.0000	0.0000	0.0000	0.0000	0.0000	1.6797	0.0000	2.9843	0.0000	0.0000	0.0000	0.0000	0.0000	0.0000	0.0000	0.0000	0.0000	0.0000	0.0000	0.0000	0.0000	0.0000	0.0000	0.0000	0.0000	0.0000	0.0000	0.0000	0.0000	0.0000	0.0000	0.0000	0.0000	0.0000	0.0000	0.0000	0.0000	0.0000	0.0000	0.0000	0.0000	0.0000	0.0000	0.0000	0.0000	0.0000	0.0000	0.0000	0.0000	0.0000	0.0000	0.0000	0.0000	0.0000	0.0000	0.0000	0.0000	0.0000	0.0000	0.0000	0.0000	0.0000	0.0000											
62	130	0.7293	12	0	1	0	1	0	0	0	0	N	N	N	N	N	N	N	N	N	N	N	N	0.0000	0.0000	0.0000	0.0000	0.0000	0.0000	0.0000	0.0000	0.0000	0.0000	0.0000	0.0000	0.0000	0.0000	0.0000	0.0000	0.1022	0.0985	0.0018	0.0225	0.0251	0.0000	0.0053	0.0000	0.0023	0.2000	0.0000	-0.0000	1.6797	0.0000	2.9843	3.0001	0.0000	0.0000	0.0000	0.0000	0.0000	0.0000	0.0000	0.0000	0.0000	0.0001	0.0000	0.0000	0.0000	0.0000	0.0000	0.0000	0.0000	0.0000	0.0000	0.0000	0.0000	0.0000	0.0000	0.0000	0.0000	0.0000	0.0000	0.0169	0.0113	0.0056	0.0102	0.0089	0.0013	0.0067	0.0024	0.0043	0.0000	0.0000	0.0000	0.0000	0.0000	0.0000	0.0000	0.0000	0.0000	0.0035	0.0044	0.0018	0.0049	0.0056	0.0000	0.0015	0.0000	0.0023			
62	131	0.7196	11	0	1	0	0	0	0	0	0	N	N	N	N	N	N	N	N	N	N	N	N	0.0000	0.0000	0.0000	0.0000	0.0000	0.0000	0.0000	0.0000	0.0000	0.0000	0.0000	0.0000	0.0000	0.0000	0.0000	0.0000	0.0000	0.0000	0.0000	0.0000	1.6797	0.0000	2.9843	0.0000	0.0000	0.0000	0.0000	0.0000	0.0000	0.0000	0.0000	0.0000	0.0000	0.0000	0.0000	0.0000	0.0000	0.0000	0.0000	0.0000	0.0000	0.0000	0.0000	0.0000	0.0000	0.0000	0.0000	0.0000	0.0000	0.0000	0.0000	0.0000	0.0000	0.0000	0.0000	0.0000	0.0000	0.0000	0.0000	0.0000	0.0000	0.0000	0.0000	0.0000	0.0000	0.0000	0.0000	0.0000	0.0000	0.0000	0.0000	0.0000	0.0000	0.0000	0.0000	0.0000	0.0000	0.0000											
62	132	0.7293	12	0	0	1	1	0	0	0	0	N	N	N	N	N	N	N	N	N	N	N	N	0.0000	0.0000	0.0000	0.0000	0.0000	0.0000	0.0000	0.0000	0.0000	0.0000	0.0000	0.0000	0.0000	0.0000	0.0000	0.0000	0.0000	0.0000	0.0000	0.0000	1.6797	0.0000	2.9843	1.9999	0.0000	0.0000	0.0000	0.0000	0.0000	0.0000	0.0000	0.0000	0.0000	0.0000	0.0000	0.0000	0.0000	0.0000	0.0000	0.0000	0.0000	0.0000	0.0000	0.0000	0.0000	0.0000	0.0000	0.0000	0.0000	0.0000	0.0000	0.0114	0.0076	0.0038	0.0069	0.0060	0.0009	0.0045	0.0016	0.0029	0.0000	0.0000	0.0000	0.0000	0.0000	0.0000	0.0000	0.0000	0.0000	0.0000	0.0000	0.0000	0.0000	0.0000	0.0000	0.0000	0.0000	0.0000											
62	133	0.7403	13	0	0	1	1	0	0	0	0	N	N	N	N	N	N	N	N	N	N	N	N	0.0000	0.0000	0.0000	0.0000	0.0000	0.0000	0.0000	0.0000	0.0000	0.0000	0.0000	0.0000	0.0000	0.0000	0.0000	0.0000	0.0000	0.0000	0.0000	0.0000	1.6797	1.0000	2.9843	0.0000	0.0000	0.0000	0.0000	0.0000	0.0000	0.0000	0.0000	0.0000	0.0000	0.0000	0.0000	0.0000	0.0000	0.0000	0.0000	0.0000	0.0000	0.0000	0.0809	0.0744	0.0066	0.0510	0.0485	0.0024	0.0300	0.0259	0.0041	0.0054	0.0036	0.0018	0.0031	0.0028	0.0004	0.0023	0.0008	0.0015	0.0000	0.0000	0.0000	0.0000	0.0000	0.0000	0.0000	0.0000	0.0000	0.0000	0.0000	0.0000	0.0000	0.0000	0.0000	0.0000	0.0000	0.0000											
62	134	0.7403	13	0	0	1	1	0	0	0	0	N	N	N	N	N	N	N	N	N	N	N	N	0.0000	0.0000	0.0000	0.0000	0.0000	0.0000	0.0000	0.0000	0.0000	0.0000	0.0000	0.0000	0.0000	0.0000	0.0000	0.0000	0.0000	0.0000	0.0000	0.0000	1.6797	0.0000	2.9843	0.0000	0.0000	0.0000	0.0000	0.0000	0.0000	0.0000	0.0000	0.0000	0.0000	0.0000	0.0000	0.0000	0.0000	0.0000	0.0000	0.0000	0.0000	0.0000	0.0000	0.0000	0.0000	0.0000	0.0000	0.0000	0.0000	0.0000	0.0000	0.0000	0.0000	0.0000	0.0000	0.0000	0.0000	0.0000	0.0000	0.0000	0.0000	0.0000	0.0000	0.0000	0.0000	0.0000	0.0000	0.0000	0.0000	0.0000	0.0000	0.0000	0.0000	0.0000	0.0000	0.0000	0.0000	0.0000											
62	135	0.7293	12	0	0	1	1	0	0	0	0	N	N	N	N	N	N	N	N	N	N	N	N	0.0000	0.0000	0.0000	0.0000	0.0000	0.0000	0.0000	0.0000	0.0000	0.0000	0.0000	0.0000	0.0000	0.0000	0.0000	0.0000	0.0000	0.0001	0.0000	0.0001	0.0001	0.0000	0.0000	0.0000	0.0000	0.7692	0.0000	-0.0000	1.6797	2.0025	2.9843	0.9943	0.0000	0.0000	0.0000	0.0000	0.0000	0.0000	0.0000	0.0000	0.0000	0.0000	0.0000	0.0000	0.0000	0.0000	0.0000	0.0000	0.0000	0.0000	0.1591	0.1460	0.0130	0.0990	0.0943	0.0047	0.0600	0.0518	0.0083	0.0169	0.0113	0.0056	0.0102	0.0089	0.0013	0.0067	0.0024	0.0043	0.0000	0.0000	0.0000	0.0000	0.0000	0.0000	0.0000	0.0000	0.0000	0.0000	0.0000	0.0000	0.0000	0.0000	0.0000	0.0000	0.0000	0.0000			
62	136	0.7293	11	0	0	0	1	0	0	0	0	N	N	N	N	N	N	N	N	N	N	N	N	0.0000	0.0000	0.0000	0.0000	0.0000	0.0000	0.0000	0.0000	0.0000	0.0000	0.0000	0.0000	0.0000	0.0000	0.0000	0.0000	0.0002	0.0003	0.0001	0.0004	0.0004	0.0000	0.0001	0.0000	0.0001	0.8400	0.0000	-0.0000	1.6797	0.0050	2.9843	0.0173	0.0000	0.0000	0.0000	0.0000	0.0000	0.0000	0.0000	0.0000	0.0000	0.0000	0.0000	0.0000	0.0000	0.0000	0.0000	0.0000	0.0000	0.0000	0.0014	0.0012	0.0001	0.0012	0.0011	0.0001	0.0002	0.0001	0.0000	0.0001	0.0001	0.0000	0.0001	0.0001	0.0000	0.0001	0.0000	0.0000	0.0000	0.0000	0.0000	0.0000	0.0000	0.0000	0.0000	0.0000	0.0000	0.0001	0.0001	0.0001	0.0001	0.0001	0.0000	0.0001	0.0000	0.0001			
62	137	0.7196	10	0	0	0	1	0	0	0	0	N	N	N	N	N	N	N	N	N	N	N	N	0.0000	0.0000	0.0000	0.0000	0.0000	0.0000	0.0000	0.0000	0.0000	0.0000	0.0000	0.0000	0.0000	0.0000	0.0000	0.0000	0.0000	0.0001	0.0000	0.0001	0.0001	0.0000	0.0000	0.0000	0.0000	0.9167	0.0000	-0.0000	1.6797	1.9972	2.9843	1.0076	0.0000	0.0000	0.0000	0.0000	0.0000	0.0000	0.0000	0.0000	0.0000	0.0000	0.0000	0.0000	0.0000	0.0000	0.0000	0.0000	0.0000	0.0000	0.1369	0.1250	0.0119	0.0781	0.0743	0.0038	0.0588	0.0507	0.0081	0.0158	0.0109	0.0050	0.0102	0.0090	0.0013	0.0056	0.0019	0.0037	0.0000	0.0000	0.0000	0.0000	0.0000	0.0000	0.0000	0.0000	0.0000	0.0000	0.0000	0.0000	0.0000	0.0000	0.0000	0.0000	0.0000	0.0000			
62	138	0.7024	9	1	1	0	0	0	0	0	0	N	N	N	N	N	N	N	N	N	N	N	N	2.0623	0.0048	490.0264	4.1369	0.0278	258.1853	137.0100	0.0000	483.4407	0.3987	0.0011	1.3984	0.2693	0.0016	2.1654	0.5879	0.0000	1.1313	0.1933	0.2366	0.0029	0.0651	0.0561	0.0084	0.0043	0.0003	0.0023	490.6595	0.2126	0.0000	-0.0000	1.6797	0.0002	2.9843	2.3255	0.0000	0.0000	0.0000	0.0000	0.0000	0.0000	0.0000	0.0000	0.0000	0.0001	0.0001	0.0000	0.0001	0.0001	0.0000	0.0000	0.0000	0.0000	0.0001	0.0001	0.0000	0.0000	0.0000	0.0000	0.0000	0.0000	0.0000	0.0189	0.0130	0.0059	0.0103	0.0093	0.0010	0.0086	0.0037	0.0049	78.3564	0.1857	490.0264	32.7682	0.1825	408.0645	441.7233	0.0000	483.4407	0.0051	0.0061	0.0029	0.0082	0.0085	0.0053	0.0013	0.0000	0.0023
62	139	0.6845	8	1	1	0	0	0	0	0	0	N	N	N	N	N	N	N	N	N	N	N	N	0.0007	0.0009	0.0001	0.0074	0.0118	0.0000	0.0000	0.0000	0.0005	0.0003	0.0003	0.0000	0.0004	0.0005	0.0000	0.0000	0.0000	0.0000	0.3667	0.3120	0.0214	0.0582	0.0387	0.0268	0.0755	0.4257	0.0082	0.0009	0.7425	-0.0000	-0.0000	1.6797	2.0138	2.9843	2.7349	0.0000	0.0000	0.0000	0.0000	0.0000	0.0000	0.0000	0.0000	0.0000	0.0003	0.0002	0.0001	0.0002	0.0001	0.0000	0.0001	0.0000	0.0001	0.1533	0.1398	0.0135	0.0888	0.0845	0.0043	0.0645	0.0553	0.0092	0.0384	0.0241	0.0143	0.0203	0.0183	0.0020	0.0181	0.0058	0.0123	0.0326	0.0391	0.0003	0.0559	0.0633	0.0000	0.0001	0.0001	0.0005	0.0077	0.0070	0.0088	0.0077	0.0072	0.0127	0.0076	0.0065	0.0082
62	140	0.7010	9	0	1	0	0	0	0	0	0	N	N	N	N	N	N	N	N	N	N	N	N	0.6274	0.4372	0.0025	0.4040	0.4782	0.0080	0.0000	0.0000	0.0001	0.0001	0.0000	0.0001	0.0002	0.0000	0.0000	0.0000	0.0000	0.0002	0.0003	0.0001	0.0004	0.0003	0.0000	0.0001	0.0000	0.0001	0.0001	0.9091	-0.0000	-0.0000	1.6797	1.9232	2.9843	1.1116	0.0000	0.0000	0.0000	0.0000	0.0000	0.0000	0.0000	0.0000	0.0000	0.0000	0.0000	0.0000	0.0000	0.0000	0.0000	0.0000	0.0000	0.0000	0.2650	0.2480	0.0170	0.1950	0.1874	0.0076	0.0700	0.0606	0.0094	0.0168	0.0114	0.0053	0.0107	0.0093	0.0013	0.0061	0.0021	0.0040	2.6203	3.6460	0.0025	3.7527	3.9437	0.0080	0.0000	0.0000	0.0000	0.0000	0.0000	0.0001	0.0000	0.0000	0.0000	0.0000	0.0000	0.0001	
62	141	0.0972	5	0	1	0	0	0	0	0	0	N	N	N	N	N	N	N	N	N	N	N	N	inf	inf	inf	inf	inf	inf	inf	inf	inf	0.3498	0.3907	0.0108	2.6525	2.7935	0.1352	0.0003	0.0000	0.0022	0.0000	0.0000	0.0000	0.0000	0.0000	0.0000	0.0000	0.0000	0.0000	0.0033	-0.0226	0.0000	1.6797	3.0000	2.9843	1.0000	0.0879	0.0876	0.0003	0.0878	0.0876	0.0002	0.0001	0.0000	0.0001	0.0000	0.0000	0.0000	0.0000	0.0000	0.0000	0.0000	0.0000	0.0000	0.2512	0.2242	0.0270	0.0331	0.0313	0.0018	0.2181	0.1928	0.0252	0.0692	0.0332	0.0360	0.0174	0.0149	0.0025	0.0518	0.0183	0.0335	inf	inf	inf	inf	inf	inf	inf	inf	inf	0.0000	0.0000	0.0000	0.0000	0.0000	0.0000	0.0000	0.0000	0.0000	
62	142	0.0780	4	0	0	0	0	0	0	0	0	N	N	N	N	N	N	N	N	N	N	N	N	inf	inf	inf	inf	inf	inf	inf	inf	inf	0.9728	1.0820	0.1421	0.1087	0.1161	0.0021	1.0008	1.1152	0.1446	0.0000	0.0000	0.0000	0.0000	0.0000	0.0000	0.0000	0.0000	0.0000	0.0173	-0.0213	0.0000	1.6797	1.0000	2.9843	1.0000	0.0878	0.0863	0.0015	0.0003	0.0003	0.0000	0.0875	0.0860	0.0015	0.0000	0.0000	0.0000	0.0000	0.0000	0.0000	0.0000	0.0000	0.0000	0.0902	0.0797	0.0105	0.0028	0.0026	0.0002	0.0874	0.0771	0.0103	0.0399	0.0181	0.0218	0.0098	0.0084	0.0014	0.0301	0.0097	0.0204	inf	inf	inf	inf	inf	inf	inf	inf	inf	0.0000	0.0000	0.0000	0.0000	0.0000	0.0000	0.0000	0.0000	0.0000	
62	145	0.7196	11	1	1	0	0	0	0	0	0	N	N	N	N	N	N	N	N	N	N	N	N	0.0000	0.0000	0.0000	0.0000	0.0000	0.0000	0.0000	0.0000	0.0000	0.0000	0.0000	0.0000	0.0000	0.0000	0.0000	0.0000	0.0000	0.0000	0.0000	0.0000	1.6797	1.0000	2.9843	1.0000	0.0000	0.0000	0.0000	0.0000	0.0000	0.0000	0.0000	0.0000	0.0000	0.0000	0.0000	0.0000	0.0000	0.0000	0.0000	0.0000	0.0000	0.0000	0.0703	0.0642	0.0061	0.0403	0.0383	0.0020	0.0300	0.0259	0.0041	0.0106	0.0073	0.0033	0.0069	0.0060	0.0009	0.0038	0.0013	0.0025	0.0000	0.0000	0.0000	0.0000	0.0000	0.0000	0.0000	0.0000	0.0000	0.0000	0.0000	0.0000	0.0000	0.0000	0.0000	0.0000	0.0000	0.0000											
62	146	0.7196	10	0	1	0	0	0	0	0	0	N	N	N	N	N	N	N	N	N	N	N	N	0.0000	0.0000	0.0000	0.0000	0.0000	0.0000	0.0000	0.0000	0.0000	0.0000	0.0000	0.0000	0.0000	0.0000	0.0000	0.0000	0.0000	0.0000	0.0000	0.0000	1.6797	0.0003	2.9843	0.0000	0.0000	0.0000	0.0000	0.0000	0.0000	0.0000	0.0000	0.0000	0.0000	0.0000	0.0000	0.0000	0.0000	0.0000	0.0000	0.0000	0.0000	0.0000	0.0001	0.0001	0.0000	0.0001	0.0001	0.0000	0.0000	0.0000	0.0000	0.0000	0.0000	0.0000	0.0000	0.0000	0.0000	0.0000	0.0000	0.0000	0.0000	0.0000	0.0000	0.0000	0.0000	0.0000	0.0000	0.0000	0.0000	0.0000	0.0000	0.0000	0.0000	0.0000	0.0000	0.0000	0.0000	0.0000											
62	147	0.7010	9	0	0	0	0	0	0	0	0	N	N	N	N	N	N	N	N	N	N	N	N	0.5026	0.3544	0.0024	0.3555	0.4415	0.0091	0.0000	0.0000	0.0000	0.0001	0.0001	0.0000	0.0001	0.0001	0.0000	0.0000	0.0000	0.0000	0.0001	0.0002	0.0000	0.0003	0.0002	0.0000	0.0001	0.0002	0.0000	0.0001	0.9025	-0.0000	-0.0000	1.6797	4.9449	2.9843	1.0063	0.0000	0.0000	0.0000	0.0000	0.0000	0.0000	0.0000	0.0000	0.0000	0.0000	0.0000	0.0000	0.0000	0.0000	0.0000	0.0000	0.0000	0.0000	0.4344	0.4010	0.0334	0.2830	0.2702	0.0127	0.1514	0.1308	0.0206	0.0317	0.0216	0.0101	0.0202	0.0176	0.0025	0.0115	0.0040	0.0075	3.0085	4.2285	0.0024	4.8589	5.1307	0.0091	0.0000	0.0000	0.0000	0.0000	0.0000	0.0000	0.0000	0.0000	0.0000	0.0000	0.0000	0.0000
62	148	0.6845	8	0	0	0	0	0	0	0	0	N	N	N	N	N	N	N	N	N	N	N	N	35.3360	65.3317	0.1475	101.5540	149.2583	0.2735	2.2378	1.5769	0.0014	0.0966	0.1062	0.0001	0.1739	0.1826	0.0004	0.0011	0.0013	0.0000	0.0027	0.0016	0.0007	0.0017	0.0012	0.0013	0.0005	0.0008	0.0007	0.0001	0.8218	-0.0061	-0.0000	1.6797	3.4778	2.9843	1.2917	0.0233	0.0233	0.0000	0.0232	0.0232	0.0000	0.0001	0.0001	0.0000	0.0000	0.0000	0.0000	0.0000	0.0000	0.0000	0.0000	0.0000	0.0000	0.2413	0.2196	0.0217	0.1334	0.1270	0.0064	0.1079	0.0926	0.0153	0.0386	0.0242	0.0143	0.0204	0.0184	0.0020	0.0182	0.0059	0.0123	163.5078	205.5871	0.1475	242.8065	269.2889	0.3364	2.4882	144.2436	0.0014	0.0006	0.0005	0.0007	0.0007	0.0007	0.0011	0.0005	0.0000	0.0007
62	149	0.6341	7	0	0	0	0	0	0	0	0	N	N	N	N	N	N	N	N	N	N	N	N	24.1578	102.9093	0.3781	197.5882	232.2378	inf	0.0000	0.0000	0.0000	0.1381	0.1520	0.0005	0.2514	0.2646	0.0018	0.0000	0.0000	0.0000	0.0057	0.0015	0.0014	0.0013	0.0011	0.0000	0.0028	0.0034	0.0017	0.0004	1.8447	-0.0180	0.0000	1.6797	7.8050	2.9843	4.0035	0.0693	0.0693	0.0000	0.0693	0.0693	0.0000	0.0000	0.0000	0.0000	0.0001	0.0000	0.0000	0.0000	0.0000	0.0000	0.0000	0.0000	0.0000	0.5017	0.4559	0.0458	0.2758	0.2619	0.0139	0.2260	0.1940	0.0319	0.0730	0.0447	0.0282	0.0365	0.0317	0.0048	0.0365	0.0131	0.0234	162.8689	312.5463	0.3781	461.2557	421.7889	inf	0.0000	0.0000	0.0000	0.0008	0.0005	0.0014	0.0005	0.0006	0.0000	0.0012	0.0001	0.0017
62	150	0.5395	7	0	0	0	0	0	0	0	0	N	N	N	N	N	N	N	N	N	N	N	N	0.0983	0.0001	61.9204	0.0588	0.0001	8.3046	0.6381	0.0000	38.3436	0.6781	0.0016	4.2844	0.9826	0.0025	5.3090	0.0019	0.0000	0.0190	6.8980	11.9430	0.0692	16.7134	18.7661	0.6393	0.0029	0.0578	0.0005	489.9706	0.0012	0.2327	-0.4802	1.6797	3.7255	2.9843	14.1767	0.3155	0.0006	0.3148	0.3152	0.0006	0.3145	0.0003	0.0000	0.0003	0.9223	0.9212	0.0011	0.9222	0.9211	0.0011	0.0001	0.0001	0.0000	0.4652	0.3917	0.0735	0.3208	0.2615	0.0592	0.1444	0.1302	0.0142	0.1337	0.0771	0.0566	0.0552	0.0491	0.0061	0.0785	0.0280	0.0505	0.0983	0.0001	211.8084	0.0588	0.0001	28.9058	1.5859	0.0000	38.3436	6.8980	11.9430	0.0202	16.7134	18.7661	0.1837	0.0012	0.0024	0.0005
62	151	0.5232	6	0	0	0	0	0	0	0	0	N	N	N	N	N	N	N	N	N	N	N	N	0.6560	0.3174	5.3507	0.6491	0.4083	12.1733	0.0078	0.0059	0.1235	0.8637	0.5375	2.2533	1.2060	0.7971	2.5119	0.0068	0.0055	0.0252	1.3166	1.6931	0.4211	1.8579	1.9524	0.2063	0.8798	0.9211	0.2041	0.9844	0.6014	0.0691	-0.0012	1.6797	1.4205	2.9843	4.0377	0.2930	0.1477	0.1454	0.2924	0.1472	0.1452	0.0007	0.0005	0.0002	0.0085	0.0053	0.0032	0.0053	0.0051	0.0002	0.0032	0.0002	0.0030	0.3393	0.2747	0.0645	0.2424	0.1846	0.0578	0.0968	0.0901	0.0067	0.0724	0.0436	0.0288	0.0323	0.0300	0.0023	0.0402	0.0137	0.0265	7.3699	4.4241	20.3543	7.3474	4.6583	34.3553	0.0861	0.4350	0.2212	0.1172	0.1215	0.1107	0.1641	0.1711	0.0731	0.0795	0.0126	0.1140
63	64	0.0471	3	0	1	0	0	0	0	0	0	N	N	N	N	N	N	N	N	N	N	N	N	0.0001	0.0000	0.1048	0.0001	0.0001	0.0024	0.0294	0.0000	0.1593	0.0000	0.0000	0.0001	0.0001	0.0001	0.0028	0.0000	0.0000	0.0001	0.4060	0.7891	0.0009	0.9436	0.8145	1.1526	0.0003	0.0002	0.0003	0.3769	0.0591	0.0000	-0.0001	0.4935	0.2944	1.5835	1.0083	0.0000	0.0000	0.0000	0.0000	0.0000	0.0000	0.0000	0.0000	0.0000	0.0001	0.0001	0.0000	0.0001	0.0001	0.0000	0.0000	0.0000	0.0000	0.0196	0.0178	0.0017	0.0073	0.0073	0.0000	0.0123	0.0106	0.0017	0.0119	0.0054	0.0065	0.0017	0.0017	0.0000	0.0102	0.0037	0.0065	0.0034	0.0013	0.1048	0.0012	0.0010	0.0079	0.0346	0.0000	0.1593	0.0091	0.0190	0.0009	0.0615	0.0597	0.3531	0.0002	0.0000	0.0003
63	65	0.0263	2	0	0	0	0	0	0	0	0	N	N	N	N	N	N	N	N	N	N	N	N	0.4665	0.2708	222.5953	0.2120	0.2187	0.0000	19.0702	0.0000	230.2545	0.7659	0.6580	0.9097	0.8142	0.8144	0.0000	0.7245	0.0000	0.9099	1.6420	2.4298	0.0041	3.8414	3.7245	0.0005	0.0380	0.5069	0.0040	1.0380	0.0079	0.0515	-0.0064	0.4935	1.1351	1.5835	2.0429	0.2068	0.1015	0.1053	0.1015	0.1015	0.0000	0.1053	0.0000	0.1053	0.0125	0.0124	0.0001	0.0124	0.0124	0.0000	0.0002	0.0001	0.0001	0.2700	0.1542	0.1158	0.1246	0.1246	0.0000	0.1454	0.0296	0.1158	0.0468	0.0218	0.0249	0.0129	0.0129	0.0000	0.0339	0.0090	0.0249	2.8552	1.1553	230.2891	0.8462	0.8457	0.0000	147.5417	0.0017	230.2545	0.2682	0.5695	0.0040	0.9622	0.9630	0.0005	0.0049	0.0076	0.0040
63	68	0.0479	3	1	1	1	0	0	0	0	0	N	N	N	N	N	N	N	N	N	N	N	N	0.0000	0.0000	0.0000	0.0000	0.0000	0.0000	0.0000	0.0000	0.0000	0.0000	0.0000	0.0000	0.0000	0.0000	0.0000	0.0000	0.0000	0.0000	0.0000	0.0000	0.4935	0.0000	1.5835	0.0000	0.0000	0.0000	0.0000	0.0000	0.0000	0.0000	0.0000	0.0000	0.0000	0.0000	0.0000	0.0000	0.0000	0.0000	0.0000	0.0000	0.0000	0.0000	0.0000	0.0000	0.0000	0.0000	0.0000	0.0000	0.0000	0.0000	0.0000	0.0000	0.0000	0.0000	0.0000	0.0000	0.0000	0.0000	0.0000	0.0000	0.0000	0.0000	0.0000	0.0000	0.0000	0.0000	0.0000	0.0000	0.0000	0.0000	0.0000	0.0000	0.0000	0.0000	0.0000	0.0000	0.0000	0.0000											
63	69	0.6906	9	1	1	1	0	0	0	0	0	N	N	N	N	N	N	N	N	N	N	N	N	0.0000	0.0000	0.0000	0.0000	0.0000	0.0000	0.0000	0.0000	0.0000	0.0000	0.0000	0.0000	0.0000	0.0000	0.0000	0.0000	0.0000	0.0000	0.0000	0.0000	0.4935	1.0000	1.5835	0.0000	0.0000	0.0000	0.0000	0.0000	0.0000	0.0000	0.0000	0.0000	0.0000	0.0000	0.0000	0.0000	0.0000	0.0000	0.0000	0.0000	0.0000	0.0000	0.0223	0.0206	0.0017	0.0177	0.0166	0.0011	0.0046	0.0039	0.0007	0.0025	0.0016	0.0009	0.0015	0.0014	0.0002	0.0010	0.0002	0.0008	0.0000	0.0000	0.0000	0.0000	0.0000	0.0000	0.0000	0.0000	0.0000	0.0000	0.0000	0.0000	0.0000	0.0000	0.0000	0.0000	0.0000	0.0000											
63	70	0.6906	9	1	1	1	0	0	0	0	0	N	N	N	N	N	N	N	N	N	N	N	N	0.0000	0.0000	0.0000	0.0000	0.0000	0.0000	0.0000	0.0000	0.0000	0.0000	0.0000	0.0000	0.0000	0.0000	0.0000	0.0000	0.0000	0.0000	0.0000	0.0000	0.4935	0.0000	1.5835	0.0000	0.0000	0.0000	0.0000	0.0000	0.0000	0.0000	0.0000	0.0000	0.0000	0.0000	0.0000	0.0000	0.0000	0.0000	0.0000	0.0000	0.0000	0.0000	0.0000	0.0000	0.0000	0.0000	0.0000	0.0000	0.0000	0.0000	0.0000	0.0000	0.0000	0.0000	0.0000	0.0000	0.0000	0.0000	0.0000	0.0000	0.0000	0.0000	0.0000	0.0000	0.0000	0.0000	0.0000	0.0000	0.0000	0.0000	0.0000	0.0000	0.0000	0.0000	0.0000	0.0000	0.0000	0.0000											
63	71	0.6682	8	1	1	1	0	0	0	0	0	N	N	N	N	N	N	N	N	N	N	N	N	inf	inf	inf	inf	0.0836	0.0908	0.0000	0.1070	0.1140	0.0000	0.0000	0.0000	0.0000	0.0000	0.0000	0.0000	0.0000	0.0000	0.0000	0.0000	0.0000	0.0000	0.0000	-0.0009	0.0000	0.4935	2.0000	1.5835	1.0000	0.0035	0.0035	0.0000	0.0035	0.0035	0.0000	0.0000	0.0000	0.0000	0.0000	0.0000	0.0000	0.0000	0.0000	0.0000	0.0000	0.0000	0.0000	0.0418	0.0385	0.0033	0.0326	0.0306	0.0020	0.0091	0.0078	0.0013	0.0073	0.0046	0.0028	0.0044	0.0040	0.0005	0.0029	0.0006	0.0023	inf	inf	0.0000	inf	inf	0.0000	0.0000	0.0000	0.0000	0.0000	0.0000	0.0000	0.0000	0.0000	0.0000	0.0000	0.0000	0.0000						
63	72	0.6453	7	1	0	1	0	0	0	0	0	N	N	N	N	N	N	N	N	N	N	N	N	0.4952	0.2376	0.3055	0.3487	inf	inf	0.0000	0.0000	0.0000	0.0000	0.0000	0.0000	0.0000	0.0000	0.0000	0.0000	0.0001	0.0000	0.0001	0.0001	0.0000	0.0000	0.0000	0.0000	0.0000	0.3000	-0.0000	-0.0000	0.4935	1.0017	1.5835	2.0007	0.0000	0.0000	0.0000	0.0000	0.0000	0.0000	0.0000	0.0000	0.0000	0.0000	0.0000	0.0000	0.0000	0.0000	0.0000	0.0000	0.0000	0.0000	0.0425	0.0394	0.0031	0.0236	0.0229	0.0007	0.0189	0.0165	0.0024	0.0083	0.0055	0.0028	0.0051	0.0045	0.0006	0.0032	0.0010	0.0022	36.8295	34.0725	0.0000	40.5658	44.1656	0.0000	inf	inf	0.0000	0.0000	0.0000	0.0000	0.0000	0.0000	0.0000	0.0000	0.0000	0.0000			
63	73	0.0671	4	1	1	0	0	0	0	0	0	N	N	N	N	N	N	N	N	N	N	N	N	inf	inf	inf	inf	0.0365	0.0403	0.0000	0.0745	0.0800	0.0000	0.0000	0.0000	0.0000	0.0000	0.0000	0.0000	0.0000	0.0000	0.0000	0.0000	0.0000	0.0000	0.0000	-0.0000	0.0000	0.4935	0.0000	1.5835	0.0000	0.0000	0.0000	0.0000	0.0000	0.0000	0.0000	0.0000	0.0000	0.0000	0.0000	0.0000	0.0000	0.0000	0.0000	0.0000	0.0000	0.0000	0.0000	0.0000	0.0000	0.0000	0.0000	0.0000	0.0000	0.0000	0.0000	0.0000	0.0000	0.0000	0.0000	0.0000	0.0000	0.0000	0.0000	0.0000	0.0000	inf	inf	0.0000	inf	inf	0.0000	0.0000	0.0000	0.0000	0.0000	0.0000	0.0000	0.0000	0.0000	0.0000	0.0000	0.0000	0.0000						
63	74	0.6723	8	1	1	0	0	0	0	0	0	N	N	N	N	N	N	N	N	N	N	N	N	0.0000	0.0000	0.0000	0.0000	0.0000	0.0000	0.0000	0.0000	0.0000	0.0000	0.0000	0.0000	0.0000	0.0000	0.0000	0.0000	0.0000	0.0000	0.0000	0.0000	0.4935	0.0000	1.5835	0.0010	0.0000	0.0000	0.0000	0.0000	0.0000	0.0000	0.0000	0.0000	0.0000	0.0000	0.0000	0.0000	0.0000	0.0000	0.0000	0.0000	0.0000	0.0000	0.0000	0.0000	0.0000	0.0000	0.0000	0.0000	0.0000	0.0000	0.0000	0.0016	0.0013	0.0003	0.0008	0.0008	0.0000	0.0008	0.0005	0.0003	0.0000	0.0000	0.0000	0.0000	0.0000	0.0000	0.0000	0.0000	0.0000	0.0000	0.0000	0.0000	0.0000	0.0000	0.0000	0.0000	0.0000	0.0000											
63	75	0.6614	10	0	1	0	1	0	0	0	0	N	N	N	N	N	N	N	N	N	N	N	N	0.0000	0.0000	0.0000	0.0000	0.0000	0.0000	0.0000	0.0000	0.0000	0.0000	0.0000	0.0000	0.0000	0.0000	0.0000	0.0000	0.0000	0.0000	0.0000	0.0000	0.4935	0.0000	1.5835	0.0000	0.0000	0.0000	0.0000	0.0000	0.0000	0.0000	0.0000	0.0000	0.0000	0.0000	0.0000	0.0000	0.0000	0.0000	0.0000	0.0000	0.0000	0.0000	0.0000	0.0000	0.0000	0.0000	0.0000	0.0000	0.0000	0.0000	0.0000	0.0000	0.0000	0.0000	0.0000	0.0000	0.0000	0.0000	0.0000	0.0000	0.0000	0.0000	0.0000	0.0000	0.0000	0.0000	0.0000	0.0000	0.0000	0.0000	0.0000	0.0000	0.0000	0.0000	0.0000	0.0000	0.0000	0.0000											
63	76	0.6614	10	0	0	0	1	0	0	0	0	N	N	N	N	N	N	N	N	N	N	N	N	0.0000	0.0000	0.0000	0.0000	0.0000	0.0000	0.0000	0.0000	0.0000	0.0000	0.0000	0.0000	0.0000	0.0000	0.0000	0.0000	0.0000	0.0000	0.0000	0.0000	0.4935	0.0000	1.5835	0.0000	0.0000	0.0000	0.0000	0.0000	0.0000	0.0000	0.0000	0.0000	0.0000	0.0000	0.0000	0.0000	0.0000	0.0000	0.0000	0.0000	0.0000	0.0000	0.0000	0.0000	0.0000	0.0000	0.0000	0.0000	0.0000	0.0000	0.0000	0.0000	0.0000	0.0000	0.0000	0.0000	0.0000	0.0000	0.0000	0.0000	0.0000	0.0000	0.0000	0.0000	0.0000	0.0000	0.0000	0.0000	0.0000	0.0000	0.0000	0.0000	0.0000	0.0000	0.0000	0.0000	0.0000	0.0000											
63	77	0.6461	9	0	0	0	1	0	0	0	0	N	N	N	N	N	N	N	N	N	N	N	N	3075.3130	1445.9356	79197.7140	1621.1545	1836.3259	0.0000	41467.5944	57697.2225	0.2139	0.1494	0.3919	0.2079	0.2128	0.0000	0.2205	0.0000	0.4104	0.0001	0.0001	0.0000	0.0001	0.0001	0.0000	0.0000	0.0000	0.0000	0.9492	1.6999	0.0000	0.0000	0.4935	0.0002	1.5835	2.9297	0.0000	0.0000	0.0000	0.0000	0.0000	0.0000	0.0000	0.0000	0.0000	0.0000	0.0000	0.0000	0.0000	0.0000	0.0000	0.0000	0.0000	0.0000	0.0000	0.0000	0.0000	0.0000	0.0000	0.0000	0.0000	0.0000	0.0000	0.0234	0.0148	0.0086	0.0163	0.0130	0.0033	0.0071	0.0018	0.0053	73810.8229	87907.9001	79197.7140	113223.4049	109913.2701	0.0000	41467.5944	0.0000	57697.2225	0.0000	0.0000	0.0000	0.0000	0.0000	0.0000	0.0000	0.0000	0.0000	
63	78	0.6420	8	0	0	0	1	0	0	0	0	N	N	N	N	N	N	N	N	N	N	N	N	3968.9804	1286.6332	288336.3690	1683.5012	1876.1497	0.0000	55484.6231	10.7249	358892.9653	0.4052	0.2191	2.6216	0.3541	0.3671	0.0000	0.4714	0.0063	3.5332	0.0001	0.0002	0.0000	0.0002	0.0002	0.0000	0.0000	0.0006	0.0000	1.0047	0.6939	0.0000	-0.0000	0.4935	0.0003	1.5835	2.1916	0.0000	0.0000	0.0000	0.0000	0.0000	0.0000	0.0000	0.0000	0.0000	0.0000	0.0000	0.0000	0.0000	0.0000	0.0000	0.0000	0.0000	0.0000	0.0000	0.0000	0.0000	0.0000	0.0000	0.0000	0.0000	0.0000	0.0000	0.0094	0.0054	0.0039	0.0047	0.0042	0.0004	0.0047	0.0012	0.0035	43404.8407	23033.0761	288336.3690	34762.1108	33598.4807	0.0000	55484.6231	1361.2702	358892.9653	0.0000	0.0000	0.0000	0.0000	0.0000	0.0000	0.0000	0.0000	0.0000
63	79	0.6342	7	0	0	0	0	0	0	0	0	N	N	N	N	N	N	N	N	N	N	N	N	469.5466	246.6069	inf	272.2045	290.3284	inf	inf	inf	0.0375	0.0389	0.0206	0.0551	0.0555	0.0476	0.0025	0.0029	0.0000	0.0001	0.0002	0.0000	0.0002	0.0002	0.0000	0.0000	0.0000	0.0000	0.0445	0.0312	-0.0001	-0.0000	0.4935	0.2782	1.5835	1.3600	0.0006	0.0006	0.0000	0.0006	0.0006	0.0000	0.0000	0.0000	0.0000	0.0000	0.0000	0.0000	0.0000	0.0000	0.0000	0.0000	0.0000	0.0000	0.0164	0.0151	0.0013	0.0109	0.0104	0.0006	0.0055	0.0048	0.0007	0.0050	0.0030	0.0020	0.0025	0.0021	0.0003	0.0025	0.0008	0.0017	9466.9158	6061.3975	inf	7099.1964	6192.2961	inf	inf	inf	0.0000	0.0000	0.0000	0.0000	0.0000	0.0000	0.0000	0.0000	0.0000	0.0000	
63	80	0.6778	9	0	1	1	0	0	0	0	0	N	N	N	N	N	N	N	N	N	N	N	N	0.0374	0.2930	0.3443	1.0108	0.8020	inf	0.0040	inf	0.0449	0.0010	0.0007	0.0033	0.0017	0.0011	0.0261	0.0002	0.0001	0.0003	0.0263	0.0025	0.0095	0.0017	0.0014	0.0000	0.0460	0.0000	0.0077	0.5146	3.4393	0.0000	0.0000	0.4935	0.0029	1.5835	2.0135	0.0000	0.0000	0.0000	0.0000	0.0000	0.0000	0.0000	0.0000	0.0000	0.0000	0.0000	0.0000	0.0000	0.0000	0.0000	0.0000	0.0000	0.0000	0.0002	0.0002	0.0000	0.0001	0.0001	0.0000	0.0001	0.0001	0.0000	0.0077	0.0056	0.0021	0.0054	0.0050	0.0004	0.0023	0.0006	0.0017	0.4478	1.0562	0.5325	2.4022	1.4966	inf	0.0320	inf	0.0449	0.0022	0.0007	0.0061	0.0007	0.0008	0.0000	0.0057	0.0000	0.0077
63	81	0.6713	8	0	1	0	0	0	0	0	0	N	N	N	N	N	N	N	N	N	N	N	N	0.0003	0.3084	0.0052	0.0003	0.2098	0.0001	0.0015	0.0963	0.0617	0.0002	0.0001	0.0009	0.0001	0.0001	0.0001	0.0003	0.0002	0.0013	0.7641	0.0004	0.1786	0.4648	0.0006	0.9911	0.2177	0.0018	0.0205	0.5994	249.6255	0.0000	0.0001	0.4935	0.6188	1.5835	0.9475	0.0000	0.0000	0.0000	0.0000	0.0000	0.0000	0.0000	0.0000	0.0000	0.0001	0.0000	0.0001	0.0001	0.0000	0.0001	0.0000	0.0000	0.0000	0.0353	0.0324	0.0029	0.0214	0.0205	0.0009	0.0139	0.0119	0.0020	0.0055	0.0036	0.0019	0.0034	0.0031	0.0003	0.0021	0.0005	0.0016	0.0087	0.9635	0.0143	0.0042	0.7500	0.0005	0.0233	4.1925	0.0695	0.0230	0.0001	0.0648	0.0285	0.0002	0.2866	0.0140	0.0000	0.0182
63	82	0.0703	4	0	1	1	0	0	0	0	0	N	N	N	N	N	N	N	N	N	N	N	N	0.0000	0.0000	0.0000	0.0000	0.0000	0.0000	0.0000	0.0000	0.0000	0.0000	0.0000	0.0000	0.0000	0.0000	0.0000	0.0000	0.0000	0.0000	0.0000	0.0000	0.4935	0.0000	1.5835	1.0000	0.0000	0.0000	0.0000	0.0000	0.0000	0.0000	0.0000	0.0000	0.0000	0.0000	0.0000	0.0000	0.0000	0.0000	0.0000	0.0000	0.0000	0.0000	0.0000	0.0000	0.0000	0.0000	0.0000	0.0000	0.0000	0.0000	0.0000	0.0052	0.0019	0.0034	0.0001	0.0001	0.0000	0.0052	0.0018	0.0034	0.0000	0.0000	0.0000	0.0000	0.0000	0.0000	0.0000	0.0000	0.0000	0.0000	0.0000	0.0000	0.0000	0.0000	0.0000	0.0000	0.0000	0.0000											
63	83	0.6453	7	1	0	1	0	0	0	0	0	N	N	N	N	N	N	N	N	N	N	N	N	0.6858	0.4025	1415.9187	1.8864	1.9383	120.0889	1384.2939	0.0145	0.0124	0.0410	0.0214	0.0220	0.0000	0.0065	0.0000	0.0511	0.0211	0.0308	0.0000	0.0113	0.0113	0.0000	0.0001	0.0000	0.0000	0.2636	0.0052	-0.0002	-0.0000	0.4935	9.0001	1.5835	3.0001	0.0044	0.0035	0.0009	0.0035	0.0035	0.0000	0.0009	0.0000	0.0009	0.0001	0.0001	0.0000	0.0001	0.0001	0.0000	0.0000	0.0000	0.0000	0.3044	0.2819	0.0224	0.1632	0.1588	0.0044	0.1411	0.1231	0.0180	0.0309	0.0204	0.0106	0.0190	0.0167	0.0023	0.0120	0.0037	0.0083	7.5287	4.2561	1415.9187	6.8454	6.1866	0.0000	255.3637	0.0000	1384.2939	0.0019	0.0029	0.0000	0.0031	0.0036	0.0000	0.0000	0.0000	0.0000		
63	84	0.0479	3	1	0	1	0	0	0	0	0	N	N	N	N	N	N	N	N	N	N	N	N	0.0000	0.0000	0.0000	0.0000	0.0000	0.0000	0.0000	0.0000	0.0000	0.0000	0.0000	0.0000	0.0000	0.0000	0.0000	0.0000	0.0000	0.0000	0.0000	0.0000	0.4935	4.0000	1.5835	0.0000	0.0000	0.0000	0.0000	0.0000	0.0000	0.0000	0.0000	0.0000	0.0000	0.0000	0.0000	0.0000	0.0000	0.0000	0.0000	0.0000	0.0000	0.0000	0.0560	0.0496	0.0064	0.0024	0.0023	0.0001	0.0536	0.0474	0.0063	0.0217	0.0106	0.0111	0.0056	0.0049	0.0007	0.0161	0.0057	0.0104	0.0000	0.0000	0.0000	0.0000	0.0000	0.0000	0.0000	0.0000	0.0000	0.0000	0.0000	0.0000	0.0000	0.0000	0.0000	0.0000	0.0000	0.0000											
63	85	0.0940	4	1	1	0	0	0	0	0	0	N	N	N	N	N	N	N	N	N	N	N	N	30.1409	84.4939	266.1969	138.4366	167.0241	1370.1173	69.3568	0.0000	254.4046	0.2298	0.1561	0.4211	0.2981	0.2994	0.1542	0.1879	0.0000	0.4244	0.0076	0.0018	0.0016	0.0022	0.0018	0.0001	0.0027	0.0006	0.0017	1.0380	2.5055	0.0030	0.0000	0.4935	1.0086	1.5835	1.7435	0.0120	0.0059	0.0061	0.0059	0.0059	0.0000	0.0061	0.0000	0.0061	0.0000	0.0000	0.0000	0.0000	0.0000	0.0000	0.0000	0.0000	0.0000	0.0524	0.0378	0.0145	0.0199	0.0197	0.0002	0.0325	0.0181	0.0144	0.0227	0.0119	0.0108	0.0075	0.0069	0.0006	0.0152	0.0050	0.0102	218.3583	272.8566	266.1969	324.2836	302.5467	1370.1173	168.1574	0.0000	254.4046	0.0011	0.0006	0.0016	0.0009	0.0010	0.0001	0.0011	0.0000	0.0017
63	86	0.0479	3	1	1	0	0	0	0	0	0	N	N	N	N	N	N	N	N	N	N	N	N	0.0000	0.0000	0.0000	0.0019	0.0027	0.0000	0.0000	0.0000	0.0000	0.0000	0.0000	0.0000	0.0000	0.0000	0.0000	0.0000	0.0000	0.0000	4.0884	2.4456	16.3419	0.0153	0.0116	0.0093	5.4818	4.2410	17.7819	0.0091	13.4109	-0.0000	0.0454	0.4935	1.0165	1.5835	4.1395	0.0000	0.0000	0.0000	0.0000	0.0000	0.0000	0.0000	0.0000	0.0000	0.1112	0.0077	0.1035	0.0000	0.0000	0.0000	0.1112	0.0077	0.1035	0.0161	0.0142	0.0019	0.0007	0.0006	0.0000	0.0154	0.0136	0.0018	0.0272	0.0132	0.0139	0.0069	0.0061	0.0009	0.0203	0.0072	0.0131	0.0000	0.0000	0.0000	0.0076	0.0088	0.0000	0.0000	0.0000	0.0000	4.0884	0.5824	7.4184	0.0039	0.0036	0.0061	5.4818	1.0706	7.9032
63	87	0.6040	6	1	1	0	0	0	0	0	0	N	N	N	N	N	N	N	N	N	N	N	N	0.0005	0.0003	0.0000	0.0005	0.0004	0.0000	0.0019	0.0001	0.0000	0.0131	0.0142	0.0000	0.0247	0.0254	0.0000	0.0001	0.0001	0.0000	25.6837	42.0332	0.0513	49.8314	57.5688	0.2683	0.0376	0.9991	0.0001	0.0000	0.0002	-0.0010	-0.5055	0.4935	9.0005	1.5835	5.0000	0.0040	0.0040	0.0000	0.0040	0.0040	0.0000	0.0000	0.0000	0.0000	0.9691	0.9688	0.0002	0.9690	0.9687	0.0002	0.0001	0.0001	0.0000	0.3049	0.2814	0.0235	0.1616	0.1568	0.0048	0.1433	0.1246	0.0187	0.0377	0.0230	0.0147	0.0194	0.0168	0.0026	0.0183	0.0062	0.0121	0.0005	0.0003	0.0000	0.0005	0.0004	0.0000	0.0144	0.0057	0.0000	25.6837	42.0332	0.0163	49.8314	57.5688	0.0914	0.0049	0.0142	0.0001
63	88	0.0703	4	0	1	0	0	0	0	0	0	N	N	N	N	N	N	N	N	N	N	N	N	0.0000	0.0000	0.0000	0.0000	0.0000	0.0000	0.0000	0.0000	0.0000	0.0000	0.0000	0.0000	0.0000	0.0000	0.0000	0.0000	0.0000	0.0000	0.0000	0.0000	0.4935	0.0000	1.5835	0.0000	0.0000	0.0000	0.0000	0.0000	0.0000	0.0000	0.0000	0.0000	0.0000	0.0000	0.0000	0.0000	0.0000	0.0000	0.0000	0.0000	0.0000	0.0000	0.0000	0.0000	0.0000	0.0000	0.0000	0.0000	0.0000	0.0000	0.0000	0.0000	0.0000	0.0000	0.0000	0.0000	0.0000	0.0000	0.0000	0.0000	0.0000	0.0000	0.0000	0.0000	0.0000	0.0000	0.0000	0.0000	0.0000	0.0000	0.0000	0.0000	0.0000	0.0000	0.0000	0.0000	0.0000	0.0000											
63	89	0.6713	8	0	1	0	0	0	0	0	0	N	N	N	N	N	N	N	N	N	N	N	N	0.0000	0.0000	0.0000	0.0000	0.0000	0.0000	0.0000	0.0000	0.0000	0.0000	0.0000	0.0000	0.0000	0.0000	0.0000	0.0000	0.0000	0.0001	0.0001	0.0000	0.0001	0.0001	0.0000	0.0000	0.0007	0.0000	0.4110	0.0000	-0.0000	0.4935	1.9953	1.5835	1.0817	0.0000	0.0000	0.0000	0.0000	0.0000	0.0000	0.0000	0.0000	0.0000	0.0000	0.0000	0.0000	0.0000	0.0000	0.0000	0.0000	0.0000	0.0000	0.0887	0.0820	0.0067	0.0500	0.0485	0.0016	0.0387	0.0335	0.0051	0.0095	0.0063	0.0032	0.0061	0.0054	0.0007	0.0035	0.0009	0.0026	0.0000	0.0000	0.0000	0.0000	0.0000	0.0000	0.0000	0.0000	0.0000	0.0000	0.0000	0.0000	0.0000	0.0000	0.0000	0.0000	0.0000	0.0000		
63	90	0.6453	7	0	1	0	0	0	0	0	0	N	N	N	N	N	N	N	N	N	N	N	N	0.0002	0.0002	0.0392	0.0000	0.0000	0.0000	0.0304	0.0008	0.0407	0.0001	0.0001	0.0000	0.0000	0.0000	0.0000	0.0002	0.0002	0.0000	0.3683	0.5751	0.0001	0.1470	0.1467	0.0000	0.0060	0.2492	0.0001	0.0029	0.0037	-0.0000	-0.0001	0.4935	2.3999	1.5835	4.0713	0.0000	0.0000	0.0000	0.0000	0.0000	0.0000	0.0000	0.0000	0.0000	0.0001	0.0001	0.0000	0.0001	0.0001	0.0000	0.0000	0.0000	0.0000	0.0976	0.0905	0.0071	0.0538	0.0523	0.0015	0.0438	0.0382	0.0056	0.0175	0.0115	0.0060	0.0107	0.0094	0.0013	0.0067	0.0021	0.0047	0.0109	0.0077	0.0392	0.0005	0.0004	0.0000	0.1169	0.0431	0.0407	0.0078	0.0118	0.0001	0.0118	0.0134	0.0000	0.0016	0.0049	0.0001
63	91	0.6663	8	0	0	1	0	0	0	0	0	N	N	N	N	N	N	N	N	N	N	N	N	0.0000	0.0000	0.0000	0.0000	0.0000	0.0000	0.0000	0.0000	0.0000	0.0000	0.0000	0.0000	0.0000	0.0000	0.0000	0.0000	0.0000	0.0000	0.0000	0.0000	0.4935	0.0000	1.5835	0.0000	0.0000	0.0000	0.0000	0.0000	0.0000	0.0000	0.0000	0.0000	0.0000	0.0000	0.0000	0.0000	0.0000	0.0000	0.0000	0.0000	0.0000	0.0000	0.0000	0.0000	0.0000	0.0000	0.0000	0.0000	0.0000	0.0000	0.0000	0.0000	0.0000	0.0000	0.0000	0.0000	0.0000	0.0000	0.0000	0.0000	0.0000	0.0000	0.0000	0.0000	0.0000	0.0000	0.0000	0.0000	0.0000	0.0000	0.0000	0.0000	0.0000	0.0000	0.0000	0.0000	0.0000	0.0000											
63	92	0.6342	7	0	0	1	0	0	0	0	0	N	N	N	N	N	N	N	N	N	N	N	N	0.0719	0.0492	inf	0.1899	0.1808	inf	0.0000	0.0000	0.0373	0.0402	0.0023	0.0684	0.0704	0.0100	0.0000	0.0000	0.0000	0.5187	0.8182	0.0000	0.3601	0.3892	0.0000	0.0104	0.3663	0.0000	0.0048	0.0000	-0.0014	-0.0001	0.4935	3.7221	1.5835	2.9993	0.0055	0.0055	0.0000	0.0055	0.0055	0.0000	0.0000	0.0000	0.0000	0.0002	0.0002	0.0000	0.0002	0.0002	0.0000	0.0000	0.0000	0.0000	0.1476	0.1361	0.0114	0.0804	0.0778	0.0026	0.0671	0.0583	0.0088	0.0196	0.0117	0.0079	0.0097	0.0084	0.0013	0.0098	0.0033	0.0065	3.1738	2.0510	inf	3.1742	2.8236	inf	0.0000	0.0000	0.0000	0.0117	0.0196	0.0000	0.0215	0.0249	0.0000	0.0020	0.0061	0.0000	
63	93	0.6040	6	0	0	0	0	0	0	0	0	N	N	N	N	N	N	N	N	N	N	N	N	inf	inf	inf	inf	inf	inf	0.0139	0.0150	0.0000	0.0246	0.0254	0.0000	0.0013	0.0015	0.0000	0.0000	0.0000	0.0000	0.0000	0.0000	0.0000	0.0000	0.0000	0.0000	0.0000	-0.0004	0.0000	0.4935	2.7217	1.5835	3.0458	0.0015	0.0015	0.0000	0.0014	0.0014	0.0000	0.0001	0.0001	0.0000	0.0000	0.0000	0.0000	0.0000	0.0000	0.0000	0.0000	0.0000	0.0000	0.1090	0.1006	0.0084	0.0589	0.0571	0.0018	0.0501	0.0435	0.0066	0.0167	0.0102	0.0065	0.0085	0.0074	0.0011	0.0082	0.0028	0.0054	inf	inf	0.0000	inf	inf	0.0000	inf	inf	0.0000	0.0000	0.0000	0.0000	0.0000	0.0000	0.0000	0.0000	0.0000	0.0000				
63	94	0.6615	8	1	1	0	0	0	0	0	0	N	N	N	N	N	N	N	N	N	N	N	N	0.0000	0.0000	0.0000	0.0000	0.0000	0.0000	0.0000	0.0000	0.0000	0.0001	0.0001	0.0000	0.0001	0.0001	0.0000	0.0000	0.0000	0.0000	37.0566	53.7124	0.0507	57.8502	66.0238	0.1790	0.1950	1.8006	0.0001	0.0000	0.0001	-0.0000	-0.5054	0.4935	5.9980	1.5835	4.9575	0.0000	0.0000	0.0000	0.0000	0.0000	0.0000	0.0000	0.0000	0.0000	0.9686	0.9684	0.0001	0.9684	0.9683	0.0001	0.0001	0.0001	0.0000	0.2208	0.2050	0.0158	0.1225	0.1192	0.0033	0.0982	0.0858	0.0125	0.0261	0.0180	0.0081	0.0167	0.0147	0.0021	0.0094	0.0034	0.0060	0.0000	0.0000	0.0000	0.0000	0.0000	0.0000	0.0000	0.0000	0.0000	37.0566	53.7124	0.0160	57.8502	66.0238	0.0624	0.0125	0.0349	0.0001
63	95	0.0703	4	1	1	0	0	0	0	0	0	N	N	N	N	N	N	N	N	N	N	N	N	0.0000	0.0000	0.0000	0.0000	0.0000	0.0000	0.0000	0.0000	0.0000	0.0000	0.0000	0.0000	0.0000	0.0000	0.0000	0.0000	0.0000	0.0000	0.0000	0.0000	0.4935	0.0000	1.5835	2.0000	0.0000	0.0000	0.0000	0.0000	0.0000	0.0000	0.0000	0.0000	0.0000	0.0000	0.0000	0.0000	0.0000	0.0000	0.0000	0.0000	0.0000	0.0000	0.0000	0.0000	0.0000	0.0000	0.0000	0.0000	0.0000	0.0000	0.0000	0.0103	0.0037	0.0066	0.0001	0.0001	0.0000	0.0102	0.0035	0.0066	0.0000	0.0000	0.0000	0.0000	0.0000	0.0000	0.0000	0.0000	0.0000	0.0000	0.0000	0.0000	0.0000	0.0000	0.0000	0.0000	0.0000	0.0000											
63	96	0.0479	3	0	1	0	0	0	0	0	0	N	N	N	N	N	N	N	N	N	N	N	N	0.0000	0.0000	0.0000	0.0000	0.0000	0.0000	0.0000	0.0000	0.0000	0.0000	0.0000	0.0000	0.0000	0.0000	0.0000	0.0000	0.0000	0.0000	0.0000	0.0000	0.4935	4.0000	1.5835	0.0000	0.0000	0.0000	0.0000	0.0000	0.0000	0.0000	0.0000	0.0000	0.0000	0.0000	0.0000	0.0000	0.0000	0.0000	0.0000	0.0000	0.0000	0.0000	0.0560	0.0496	0.0064	0.0024	0.0023	0.0001	0.0536	0.0474	0.0063	0.0217	0.0106	0.0111	0.0056	0.0049	0.0007	0.0161	0.0057	0.0104	0.0000	0.0000	0.0000	0.0000	0.0000	0.0000	0.0000	0.0000	0.0000	0.0000	0.0000	0.0000	0.0000	0.0000	0.0000	0.0000	0.0000	0.0000											
63	97	0.6040	6	0	0	0	0	0	0	0	0	N	N	N	N	N	N	N	N	N	N	N	N	inf	inf	inf	inf	0.0001	0.0000	0.0008	0.0000	0.0000	0.0000	0.0001	0.0000	0.0011	0.0000	0.0000	0.0000	0.0000	0.0000	0.0000	0.0000	0.0000	0.0000	inf	0.0000	0.0000	0.4935	3.9994	1.5835	4.0000	0.0000	0.0000	0.0000	0.0000	0.0000	0.0000	0.0000	0.0000	0.0000	0.0000	0.0000	0.0000	0.0000	0.0000	0.0000	0.0000	0.0000	0.0000	0.1546	0.1426	0.0119	0.0832	0.0806	0.0025	0.0714	0.0620	0.0094	0.0227	0.0139	0.0089	0.0116	0.0101	0.0016	0.0111	0.0038	0.0073	inf	0.0000	inf	0.0000	0.0000	0.0000	inf	0.0000	inf	0.0000	0.0000	0.0000	0.0000	0.0000	0.0000	0.0000	0.0000	0.0000						
63	98	0.0479	3	0	0	0	0	0	0	0	0	N	N	N	N	N	N	N	N	N	N	N	N	0.0000	0.0000	0.0000	0.0000	0.0000	0.0000	0.0000	0.0000	0.0000	0.0000	0.0000	0.0000	0.0000	0.0000	0.0000	0.0000	0.0000	0.0000	0.0000	0.0000	0.4935	1.0000	1.5835	0.0000	0.0000	0.0000	0.0000	0.0000	0.0000	0.0000	0.0000	0.0000	0.0000	0.0000	0.0000	0.0000	0.0000	0.0000	0.0000	0.0000	0.0000	0.0000	0.0282	0.0249	0.0033	0.0012	0.0011	0.0001	0.0270	0.0238	0.0032	0.0105	0.0052	0.0054	0.0028	0.0024	0.0003	0.0078	0.0027	0.0050	0.0000	0.0000	0.0000	0.0000	0.0000	0.0000	0.0000	0.0000	0.0000	0.0000	0.0000	0.0000	0.0000	0.0000	0.0000	0.0000	0.0000	0.0000											
63	99	0.4931	5	0	0	0	0	0	0	0	0	N	N	N	N	N	N	N	N	N	N	N	N	3.0531	596.4892	0.0000	26.2959	495.3275	0.0000	25.8544	8056.0072	0.0000	0.7963	1.0115	0.0000	0.5314	0.7337	0.0000	1.5316	1.5925	0.0000	0.2608	0.0017	0.0405	0.0202	0.0015	0.1116	0.0592	0.0002	0.0102	0.0000	17.9036	-0.0590	0.0001	0.4935	1.5982	1.5835	11.1970	0.2267	0.2267	0.0000	0.1113	0.1113	0.0000	0.1155	0.1155	0.0000	0.0003	0.0000	0.0003	0.0001	0.0000	0.0001	0.0002	0.0000	0.0002	0.2847	0.2241	0.0606	0.2093	0.1516	0.0577	0.0754	0.0725	0.0029	0.0513	0.0297	0.0216	0.0220	0.0198	0.0021	0.0293	0.0098	0.0195	134.9462	1874.5552	0.0000	113.1270	908.9418	0.0000	225.1925	3066011.7523	0.0000	0.0059	0.0005	0.0133	0.0047	0.0008	0.0408	0.0068	0.0000	0.0102
63	100	0.6630	9	1	1	1	0	0	0	0	0	N	N	N	N	N	N	N	N	N	N	N	N	0.0000	0.0000	0.0000	0.0000	0.0000	0.0000	0.0000	0.0000	0.0000	0.0000	0.0000	0.0000	0.0000	0.1207	0.0000	0.0367	0.0000	0.0000	0.0000	0.1415	0.0000	0.0183	inf	0.0000	0.0000	0.4935	0.0000	1.5835	0.9982	0.0000	0.0000	0.0000	0.0000	0.0000	0.0000	0.0000	0.0000	0.0000	0.0000	0.0000	0.0000	0.0000	0.0000	0.0000	0.0000	0.0000	0.0000	0.0018	0.0017	0.0001	0.0015	0.0014	0.0001	0.0003	0.0002	0.0001	0.0026	0.0018	0.0008	0.0017	0.0015	0.0002	0.0009	0.0003	0.0006	0.0000	0.0000	0.0000	0.0000	0.0000	0.0000	0.0000	0.0000	0.0000	0.0038	0.0000	0.0123	0.0000	0.0000	0.0000	0.0107	0.0000	0.0165						
63	101	0.0826	6	1	1	1	0	0	0	0	0	N	N	N	N	N	N	N	N	N	N	N	N	0.0000	0.0000	0.0000	0.0000	0.0000	0.0000	0.0000	0.0000	0.0000	0.0000	0.0000	0.0000	0.0000	0.0000	0.0000	0.0000	0.0000	0.0000	0.0000	0.0000	0.4935	0.0000	1.5835	0.0000	0.0000	0.0000	0.0000	0.0000	0.0000	0.0000	0.0000	0.0000	0.0000	0.0000	0.0000	0.0000	0.0000	0.0000	0.0000	0.0000	0.0000	0.0000	0.0000	0.0000	0.0000	0.0000	0.0000	0.0000	0.0000	0.0000	0.0000	0.0000	0.0000	0.0000	0.0000	0.0000	0.0000	0.0000	0.0000	0.0000	0.0000	0.0000	0.0000	0.0000	0.0000	0.0000	0.0000	0.0000	0.0000	0.0000	0.0000	0.0000	0.0000	0.0000	0.0000	0.0000	0.0000	0.0000											
63	102	0.0826	5	1	0	1	0	0	0	0	0	N	N	N	N	N	N	N	N	N	N	N	N	0.0000	0.0000	0.0000	0.0000	0.0000	0.0000	0.0000	0.0000	0.0000	0.0000	0.0000	0.0000	0.0000	0.0000	0.0000	0.0000	0.0000	0.0000	0.0000	0.0000	0.4935	0.0000	1.5835	0.0000	0.0000	0.0000	0.0000	0.0000	0.0000	0.0000	0.0000	0.0000	0.0000	0.0000	0.0000	0.0000	0.0000	0.0000	0.0000	0.0000	0.0000	0.0000	0.0000	0.0000	0.0000	0.0000	0.0000	0.0000	0.0000	0.0000	0.0000	0.0000	0.0000	0.0000	0.0000	0.0000	0.0000	0.0000	0.0000	0.0000	0.0000	0.0000	0.0000	0.0000	0.0000	0.0000	0.0000	0.0000	0.0000	0.0000	0.0000	0.0000	0.0000	0.0000	0.0000	0.0000	0.0000	0.0000											
63	103	0.0766	4	1	0	1	0	0	0	0	0	N	N	N	N	N	N	N	N	N	N	N	N	0.0000	0.0000	0.0000	0.0000	0.0000	0.0000	0.0000	0.0000	0.0000	0.0000	0.0000	0.0000	0.0000	0.0000	0.0000	0.0000	0.0000	0.0000	0.0000	0.0000	0.4935	0.0000	1.5835	1.0091	0.0000	0.0000	0.0000	0.0000	0.0000	0.0000	0.0000	0.0000	0.0000	0.0000	0.0000	0.0000	0.0000	0.0000	0.0000	0.0000	0.0000	0.0000	0.0000	0.0000	0.0000	0.0000	0.0000	0.0000	0.0000	0.0000	0.0000	0.0053	0.0019	0.0035	0.0001	0.0001	0.0000	0.0053	0.0018	0.0035	0.0000	0.0000	0.0000	0.0000	0.0000	0.0000	0.0000	0.0000	0.0000	0.0000	0.0000	0.0000	0.0000	0.0000	0.0000	0.0000	0.0000	0.0000											
63	104	0.6040	6	0	1	0	0	0	0	0	0	N	N	N	N	N	N	N	N	N	N	N	N	inf	inf	inf	inf	inf	inf	inf	inf	inf	0.0091	0.0092	0.0075	0.0167	0.0162	0.0341	0.0005	0.0004	0.0006	0.0000	0.0000	0.0000	0.0000	0.0000	0.0000	0.0000	0.0000	0.0000	0.0674	-0.0005	0.0000	0.4935	7.9994	1.5835	4.0001	0.0025	0.0024	0.0002	0.0025	0.0023	0.0001	0.0001	0.0000	0.0000	0.0000	0.0000	0.0000	0.0000	0.0000	0.0000	0.0000	0.0000	0.0000	0.2780	0.2566	0.0214	0.1478	0.1434	0.0044	0.1302	0.1132	0.0170	0.0329	0.0201	0.0128	0.0169	0.0147	0.0023	0.0160	0.0054	0.0105	inf	inf	inf	inf	inf	inf	inf	inf	inf	0.0000	0.0000	0.0000	0.0000	0.0000	0.0000	0.0000	0.0000	0.0000	
63	105	0.6665	10	1	0	1	0	0	0	0	0	N	N	N	N	N	N	N	N	N	N	N	N	0.0001	0.0000	0.0798	0.0001	0.0001	0.0000	0.0029	0.1182	0.0001	0.0001	0.0008	0.0001	0.0001	0.0000	0.0001	0.0000	0.0010	1.1381	1.5531	0.0100	1.3446	1.4357	0.0000	0.0439	0.0000	0.0086	0.9598	0.0313	0.0000	-0.0002	0.4935	1.0000	1.5835	1.0005	0.0000	0.0000	0.0000	0.0000	0.0000	0.0000	0.0000	0.0000	0.0000	0.0003	0.0003	0.0000	0.0003	0.0003	0.0000	0.0000	0.0000	0.0000	0.0422	0.0392	0.0030	0.0238	0.0231	0.0006	0.0185	0.0161	0.0024	0.0051	0.0035	0.0016	0.0033	0.0029	0.0004	0.0018	0.0006	0.0012	0.0018	0.0007	0.1244	0.0011	0.0010	0.0000	0.0234	0.0000	0.1182	0.0646	0.0904	0.0064	0.0971	0.1105	0.0000	0.0055	0.0000	0.0086	
63	106	0.6630	9	1	0	1	0	0	0	0	0	N	N	N	N	N	N	N	N	N	N	N	N	0.0071	20.6046	0.0002	0.0001	0.1913	0.0000	0.0702	18.3898	0.0270	0.0111	0.0119	0.0011	0.0001	0.0001	0.0000	0.0261	0.0298	0.0014	1.5716	0.0006	4.4621	2.4323	0.0007	33.0349	0.3716	0.0016	0.0511	0.0069	1425.3039	-0.0001	0.0002	0.4935	0.7249	1.5835	0.0368	0.0004	0.0004	0.0000	0.0000	0.0000	0.0000	0.0004	0.0004	0.0000	0.0004	0.0000	0.0004	0.0004	0.0000	0.0004	0.0000	0.0000	0.0000	0.0326	0.0303	0.0023	0.0188	0.0183	0.0005	0.0138	0.0120	0.0018	0.0020	0.0014	0.0006	0.0013	0.0011	0.0002	0.0007	0.0003	0.0005	0.0524	55.1452	0.0016	0.0004	0.5189	0.0000	0.9623	815.0472	0.0331	0.2119	0.0002	0.6842	0.3140	0.0003	2.5777	0.0271	0.0000	0.0417
63	107	0.6615	8	1	0	1	0	0	0	0	0	N	N	N	N	N	N	N	N	N	N	N	N	0.0042	0.0040	0.0002	0.0002	0.0003	0.0000	0.0291	4.4491	0.0164	0.0088	0.0093	0.0018	0.0009	0.0009	0.0000	0.0207	0.0233	0.0024	2.0685	2.2974	8.0243	3.9585	2.9709	49.4148	0.7095	0.0052	0.1446	0.0141	1.3851	-0.0000	0.0001	0.4935	0.4159	1.5835	0.0887	0.0002	0.0002	0.0000	0.0000	0.0000	0.0000	0.0002	0.0002	0.0000	0.0010	0.0004	0.0006	0.0010	0.0004	0.0006	0.0000	0.0000	0.0000	0.0196	0.0183	0.0014	0.0118	0.0114	0.0004	0.0079	0.0068	0.0010	0.0015	0.0010	0.0004	0.0009	0.0008	0.0001	0.0005	0.0002	0.0003	0.0125	0.0222	0.0013	0.0008	0.0017	0.0000	0.3749	78.1217	0.0265	0.7000	0.4184	1.3614	1.0700	0.5232	5.1833	0.0551	0.0003	0.0895
63	108	0.6453	7	1	0	0	0	0	0	0	0	N	N	N	N	N	N	N	N	N	N	N	N	0.0002	0.0001	7.1603	0.0000	0.0000	0.0000	7.5142	0.2341	16.8000	0.0002	0.0002	0.0002	0.0000	0.0000	0.0000	0.0003	0.0003	0.0003	0.9416	1.3917	0.0000	1.1016	1.1426	0.0001	0.0000	0.0015	0.0000	0.1018	0.0002	-0.0000	-0.0003	0.4935	3.9943	1.5835	0.9974	0.0000	0.0000	0.0000	0.0000	0.0000	0.0000	0.0000	0.0000	0.0000	0.0006	0.0006	0.0000	0.0006	0.0006	0.0000	0.0000	0.0000	0.0000	0.1550	0.1436	0.0114	0.0848	0.0825	0.0023	0.0702	0.0612	0.0090	0.0136	0.0090	0.0046	0.0084	0.0074	0.0010	0.0053	0.0016	0.0037	0.0040	0.0026	7.1603	0.0005	0.0005	0.0000	15.6015	10.3492	16.8000	0.0433	0.0657	0.0000	0.0706	0.0801	0.0001	0.0000	0.0000	0.0000
63	109	0.0766	4	1	0	1	0	0	0	0	0	N	N	N	N	N	N	N	N	N	N	N	N	0.0000	0.0000	0.0000	0.0000	0.0000	0.0000	0.0000	0.0000	0.0000	0.0000	0.0000	0.0000	0.0000	0.0000	0.0000	0.0000	0.0000	0.0000	0.0000	0.0000	0.4935	0.0000	1.5835	0.9909	0.0000	0.0000	0.0000	0.0000	0.0000	0.0000	0.0000	0.0000	0.0000	0.0000	0.0000	0.0000	0.0000	0.0000	0.0000	0.0000	0.0000	0.0000	0.0000	0.0000	0.0000	0.0000	0.0000	0.0000	0.0000	0.0000	0.0000	0.0053	0.0019	0.0034	0.0001	0.0001	0.0000	0.0052	0.0018	0.0034	0.0000	0.0000	0.0000	0.0000	0.0000	0.0000	0.0000	0.0000	0.0000	0.0000	0.0000	0.0000	0.0000	0.0000	0.0000	0.0000	0.0000	0.0000											
63	110	0.0479	3	1	0	1	0	0	0	0	0	N	N	N	N	N	N	N	N	N	N	N	N	inf	inf	inf	inf	inf	inf	0.0360	0.0407	0.0000	0.8174	0.8708	0.0000	0.0009	0.0011	0.0000	0.0000	0.0000	0.0000	0.0000	0.0000	0.0000	0.0000	0.0000	0.0000	0.0000	-0.0005	0.0000	0.4935	4.0000	1.5835	0.0000	0.0020	0.0020	0.0000	0.0020	0.0020	0.0000	0.0001	0.0001	0.0000	0.0000	0.0000	0.0000	0.0000	0.0000	0.0000	0.0000	0.0000	0.0000	0.0560	0.0496	0.0064	0.0024	0.0023	0.0001	0.0536	0.0474	0.0063	0.0217	0.0106	0.0111	0.0056	0.0049	0.0007	0.0161	0.0057	0.0104	inf	inf	0.0000	inf	inf	0.0000	inf	inf	0.0000	0.0000	0.0000	0.0000	0.0000	0.0000	0.0000	0.0000	0.0000	0.0000				
63	112	0.6499	7	0	0	1	0	0	0	0	0	N	N	N	N	N	N	N	N	N	N	N	N	0.0000	0.0000	0.0000	0.0000	0.0000	0.0000	0.0000	0.0000	0.0000	0.0000	0.0000	0.0000	0.0000	0.0000	0.0000	0.0000	0.0000	0.0000	0.0000	0.0000	0.4935	0.0000	1.5835	0.0001	0.0000	0.0000	0.0000	0.0000	0.0000	0.0000	0.0000	0.0000	0.0000	0.0000	0.0000	0.0000	0.0000	0.0000	0.0000	0.0000	0.0000	0.0000	0.0000	0.0000	0.0000	0.0000	0.0000	0.0000	0.0000	0.0000	0.0000	0.0000	0.0000	0.0000	0.0000	0.0000	0.0000	0.0000	0.0000	0.0000	0.0000	0.0000	0.0000	0.0000	0.0000	0.0000	0.0000	0.0000	0.0000	0.0000	0.0000	0.0000	0.0000	0.0000	0.0000	0.0000	0.0000	0.0000											
63	113	0.6040	6	0	0	1	0	0	0	0	0	N	N	N	N	N	N	N	N	N	N	N	N	0.0080	0.0055	0.0000	0.0247	0.0233	0.0000	0.0000	0.0032	0.0035	0.0000	0.0060	0.0062	0.0000	0.0000	0.0000	0.0000	0.4065	0.6428	0.0020	0.2432	0.2658	0.0000	0.0065	0.0000	0.0025	0.0000	0.0952	-0.0001	-0.0001	0.4935	4.0004	1.5835	4.9999	0.0005	0.0005	0.0000	0.0005	0.0005	0.0000	0.0000	0.0000	0.0000	0.0002	0.0002	0.0000	0.0002	0.0002	0.0000	0.0000	0.0000	0.0000	0.1546	0.1427	0.0119	0.0832	0.0806	0.0025	0.0714	0.0620	0.0094	0.0253	0.0155	0.0099	0.0130	0.0113	0.0017	0.0123	0.0042	0.0081	0.3562	0.2580	0.0000	0.3718	0.3323	0.0000	0.0000	0.0000	0.0000	0.0091	0.0136	0.0020	0.0162	0.0187	0.0000	0.0016	0.0000	0.0025		
63	114	0.0153	2	0	1	0	0	0	0	0	0	N	N	N	N	N	N	N	N	N	N	N	N	0.2786	0.1450	43.1300	0.1546	0.1601	8.4035	6.4370	0.3979	102.3603	0.6076	0.4475	0.9367	0.7572	0.7579	0.0128	0.5092	0.0023	0.9378	2.1806	3.0851	0.0217	4.8966	4.7350	0.0015	0.0791	0.0059	0.0092	1.0181	0.0054	0.0507	-0.1199	0.4935	4.3361	1.5835	4.6323	0.2075	0.1028	0.1047	0.1026	0.1026	0.0000	0.1049	0.0002	0.1047	0.2321	0.2309	0.0013	0.2309	0.2309	0.0000	0.0013	0.0000	0.0013	0.3415	0.2298	0.1118	0.1355	0.1354	0.0001	0.2060	0.0944	0.1116	0.2795	0.1412	0.1383	0.1191	0.1179	0.0012	0.1604	0.0234	0.1371	0.7316	0.2737	103.0253	0.3906	0.3870	10.8018	64.6368	6.9502	102.3603	0.8304	1.6347	0.0091	1.9384	1.9585	0.0012	0.0079	0.0003	0.0092
63	116	0.6040	6	0	1	0	1	0	0	0	0	N	N	N	N	N	N	N	N	N	N	N	N	inf	inf	inf	inf	0.0001	0.0001	0.0000	0.0000	0.0000	0.0000	0.0001	0.0001	0.0000	0.0000	0.0000	0.0000	0.0000	0.0000	0.0000	0.0000	0.0000	0.0000	0.0000	-0.0000	0.0000	0.4935	5.0006	1.5835	2.0000	0.0000	0.0000	0.0000	0.0000	0.0000	0.0000	0.0000	0.0000	0.0000	0.0000	0.0000	0.0000	0.0000	0.0000	0.0000	0.0000	0.0000	0.0000	0.1881	0.1736	0.0145	0.1009	0.0978	0.0031	0.0872	0.0758	0.0114	0.0201	0.0122	0.0078	0.0103	0.0089	0.0014	0.0098	0.0033	0.0065	inf	inf	0.0000	0.0000	0.0000	0.0000	inf	inf	0.0000	0.0000	0.0000	0.0000	0.0000	0.0000	0.0000	0.0000	0.0000	0.0000						
63	117	0.0479	3	0	1	0	1	0	0	0	0	N	N	N	N	N	N	N	N	N	N	N	N	0.0000	0.0000	0.0000	0.0000	0.0000	0.0000	0.0000	0.0000	0.0000	0.0000	0.0000	0.0000	0.0000	0.0000	0.0000	0.0000	0.0000	0.0000	0.0000	0.0000	0.4935	0.0000	1.5835	1.0000	0.0000	0.0000	0.0000	0.0000	0.0000	0.0000	0.0000	0.0000	0.0000	0.0000	0.0000	0.0000	0.0000	0.0000	0.0000	0.0000	0.0000	0.0000	0.0000	0.0000	0.0000	0.0000	0.0000	0.0000	0.0000	0.0000	0.0000	0.0081	0.0040	0.0041	0.0021	0.0019	0.0003	0.0059	0.0021	0.0038	0.0000	0.0000	0.0000	0.0000	0.0000	0.0000	0.0000	0.0000	0.0000	0.0000	0.0000	0.0000	0.0000	0.0000	0.0000	0.0000	0.0000	0.0000											
63	118	0.6040	6	0	1	0	0	0	0	0	0	N	N	N	N	N	N	N	N	N	N	N	N	19.0206	inf	56.1867	inf	inf	10.2379	inf	56.9850	0.0072	0.0057	0.0252	0.0100	0.0103	0.0000	0.0042	0.0003	0.0312	0.0004	0.0000	0.0004	0.0000	0.0000	0.0000	0.0004	0.0000	0.0005	0.3651	inf	0.0000	0.0000	0.4935	16.9994	1.5835	6.0000	0.0034	0.0025	0.0009	0.0025	0.0025	0.0000	0.0010	0.0001	0.0009	0.0000	0.0000	0.0000	0.0000	0.0000	0.0000	0.0000	0.0000	0.0000	0.4767	0.4402	0.0365	0.2476	0.2405	0.0071	0.2292	0.1997	0.0294	0.0574	0.0351	0.0223	0.0298	0.0258	0.0041	0.0276	0.0094	0.0182	41.4459	inf	56.1867	inf	inf	0.0000	11.6880	inf	56.9850	0.0002	0.0000	0.0004	0.0000	0.0000	0.0000	0.0004	0.0000	0.0005	
63	119	0.0479	3	0	1	0	0	0	0	0	0	N	N	N	N	N	N	N	N	N	N	N	N	0.0459	0.1956	0.1310	7.7573	8.0432	inf	0.0028	0.0325	0.0000	0.0300	0.0323	0.0117	0.6724	0.6837	0.5004	0.0008	0.0009	0.0000	0.6532	0.1651	0.0894	0.0867	0.0850	0.0000	0.2764	0.0270	0.0346	0.0465	5.5523	-0.0004	0.0003	0.4935	5.0000	1.5835	6.0000	0.0020	0.0019	0.0001	0.0020	0.0019	0.0001	0.0001	0.0000	0.0000	0.0008	0.0001	0.0007	0.0001	0.0001	0.0000	0.0007	0.0000	0.0007	0.0674	0.0598	0.0077	0.0029	0.0027	0.0002	0.0645	0.0570	0.0075	0.0508	0.0244	0.0264	0.0122	0.0106	0.0015	0.0386	0.0137	0.0249	1.7914	6.0736	0.4301	74.6367	66.3305	inf	0.0405	0.6028	0.0000	0.0167	0.0053	0.0272	0.0090	0.0103	0.0000	0.0192	0.0015	0.0289
63	120	0.0760	4	0	1	0	0	0	0	0	0	N	N	N	N	N	N	N	N	N	N	N	N	0.2731	0.3003	0.0001	1.1295	1.3011	0.0192	0.0471	0.0157	0.0002	0.1450	0.1592	0.0000	0.2881	0.3019	0.0000	0.0070	0.0081	0.0000	0.5308	0.5303	0.0379	0.2550	0.2320	0.0003	0.1495	0.5186	0.0125	0.0000	1.5607	-0.0005	0.0000	0.4935	0.9998	1.5835	0.9486	0.0020	0.0020	0.0000	0.0019	0.0019	0.0000	0.0000	0.0000	0.0000	0.0001	0.0000	0.0001	0.0000	0.0000	0.0000	0.0001	0.0000	0.0001	0.0137	0.0125	0.0012	0.0067	0.0064	0.0003	0.0070	0.0061	0.0009	0.0101	0.0041	0.0059	0.0018	0.0017	0.0000	0.0083	0.0024	0.0059	12.0427	13.8964	0.0002	17.5117	17.9458	0.0193	0.6347	1.0641	0.0002	0.0120	0.0115	0.0124	0.0164	0.0168	0.0003	0.0111	0.0076	0.0125
63	121	0.0479	3	0	1	0	0	0	0	0	0	N	N	N	N	N	N	N	N	N	N	N	N	0.3254	0.4770	0.0005	9.6862	10.9355	0.0212	0.0019	0.0005	0.0004	0.0004	0.0000	0.0083	0.0088	0.0000	0.0000	0.0000	0.0000	0.0011	0.0009	0.0004	0.0009	0.0008	0.0000	0.0005	0.0058	0.0004	0.0001	1.2637	-0.0000	0.0000	0.4935	3.0005	1.5835	1.1085	0.0000	0.0000	0.0000	0.0000	0.0000	0.0000	0.0000	0.0000	0.0000	0.0000	0.0000	0.0000	0.0000	0.0000	0.0000	0.0000	0.0000	0.0000	0.0731	0.0649	0.0083	0.0032	0.0030	0.0002	0.0700	0.0619	0.0081	0.0378	0.0183	0.0195	0.0094	0.0082	0.0012	0.0284	0.0101	0.0183	0.9849	1.2172	0.0005	26.6692	24.8708	0.0000	0.0243	0.0327	0.0005	0.0004	0.0003	0.0004	0.0003	0.0004	0.0000	0.0004	0.0003	0.0004	
63	122	0.6453	7	0	1	0	0	0	0	0	0	N	N	N	N	N	N	N	N	N	N	N	N	inf	inf	inf	inf	inf	inf	0.0425	0.0459	0.0000	0.0768	0.0790	0.0000	0.0003	0.0003	0.0000	0.0000	0.0000	0.0000	0.0000	0.0000	0.0000	0.0000	0.0000	0.0000	0.0000	-0.0009	0.0000	0.4935	2.0001	1.5835	3.0000	0.0035	0.0035	0.0000	0.0035	0.0035	0.0000	0.0000	0.0000	0.0000	0.0000	0.0000	0.0000	0.0000	0.0000	0.0000	0.0000	0.0000	0.0000	0.0823	0.0763	0.0060	0.0455	0.0442	0.0013	0.0369	0.0321	0.0048	0.0137	0.0090	0.0047	0.0084	0.0074	0.0010	0.0053	0.0016	0.0037	inf	inf	0.0000	inf	inf	0.0000	inf	inf	0.0000	0.0000	0.0000	0.0000	0.0000	0.0000	0.0000	0.0000	0.0000	0.0000				
63	123	0.6040	6	0	0	0	0	0	0	0	0	N	N	N	N	N	N	N	N	N	N	N	N	640.8897	42.7045	inf	inf	inf	inf	1768.9967	0.0002	inf	0.0101	0.0026	0.1003	0.0186	0.0046	0.4717	0.0004	0.0000	0.0033	0.0000	0.0001	0.0000	0.0000	0.0000	0.0000	0.0000	0.0002	0.0000	3.2761	0.1818	0.0013	-0.0000	0.4935	6.9986	1.5835	2.0000	0.0025	0.0006	0.0019	0.0025	0.0006	0.0019	0.0001	0.0000	0.0001	0.0000	0.0000	0.0000	0.0000	0.0000	0.0000	0.0000	0.0000	0.0000	0.2496	0.2304	0.0192	0.1331	0.1291	0.0040	0.1165	0.1013	0.0152	0.0253	0.0155	0.0099	0.0130	0.0113	0.0017	0.0123	0.0042	0.0081	65551.4700	11980.2933	inf	inf	inf	inf	1768.9967	0.0778	inf	0.0000	0.0000	0.0000	0.0000	0.0000	0.0000	0.0000	0.0000	0.0000
63	124	0.0814	4	0	1	0	0	0	0	0	0	N	N	N	N	N	N	N	N	N	N	N	N	0.1671	0.0834	11.3253	0.4659	0.4928	6.7600	1.1216	0.0000	11.6347	0.0009	0.0009	0.0010	0.0047	0.0050	0.0003	0.0001	0.0000	0.0011	0.0057	0.0113	0.0001	0.0102	0.0101	0.0000	0.0001	0.0009	0.0001	0.1193	0.0594	-0.0000	-0.0000	0.4935	3.9006	1.5835	3.1543	0.0001	0.0001	0.0000	0.0001	0.0001	0.0000	0.0000	0.0000	0.0000	0.0000	0.0000	0.0000	0.0000	0.0000	0.0000	0.0000	0.0000	0.0000	0.1005	0.0905	0.0100	0.0180	0.0172	0.0008	0.0825	0.0733	0.0092	0.0519	0.0243	0.0275	0.0144	0.0126	0.0018	0.0374	0.0117	0.0257	1.1204	0.5525	11.3253	1.6509	1.5089	6.7600	1.8041	0.0000	11.6347	0.0008	0.0017	0.0001	0.0029	0.0033	0.0000	0.0001	0.0000	0.0001
63	125	0.0479	3	0	1	0	0	0	0	0	0	N	N	N	N	N	N	N	N	N	N	N	N	0.1234	0.1261	0.0853	0.2022	0.2299	0.0000	0.1907	0.0193	0.0820	0.0019	0.0021	0.0001	0.0002	0.0002	0.0000	0.0020	0.0022	0.0001	0.0153	0.0168	0.0011	0.0009	0.0008	0.0000	0.0103	0.1145	0.0012	0.0057	0.5358	-0.0000	-0.0000	0.4935	1.6924	1.5835	1.9110	0.0001	0.0001	0.0000	0.0000	0.0000	0.0000	0.0001	0.0001	0.0000	0.0001	0.0000	0.0000	0.0000	0.0000	0.0000	0.0001	0.0000	0.0000	0.0453	0.0400	0.0052	0.0019	0.0018	0.0001	0.0433	0.0382	0.0051	0.0339	0.0164	0.0174	0.0085	0.0074	0.0011	0.0254	0.0090	0.0164	1.1801	0.9886	0.0853	0.5497	0.5140	0.0000	0.9683	0.6116	0.0820	0.0016	0.0021	0.0011	0.0003	0.0004	0.0000	0.0020	0.0036	0.0012
63	126	0.6040	6	0	1	0	0	0	0	0	0	N	N	N	N	N	N	N	N	N	N	N	N	0.0000	0.0000	0.0000	0.0000	0.0000	0.0000	0.0000	0.0000	0.0000	0.0000	0.0000	0.0000	0.0000	0.0000	0.0000	0.0000	0.0001	0.0000	0.0001	0.0001	0.0000	0.0000	0.0003	0.0000	0.0000	0.0000	-0.0000	0.4935	0.9996	1.5835	8.0005	0.0000	0.0000	0.0000	0.0000	0.0000	0.0000	0.0000	0.0000	0.0000	0.0000	0.0000	0.0000	0.0000	0.0000	0.0000	0.0000	0.0000	0.0000	0.0421	0.0388	0.0033	0.0229	0.0221	0.0007	0.0192	0.0167	0.0025	0.0253	0.0155	0.0099	0.0130	0.0113	0.0017	0.0123	0.0042	0.0081	0.0000	0.0000	0.0000	0.0000	0.0000	0.0000	0.0000	0.0000	0.0000	0.0000	0.0000	0.0000	0.0000	0.0000	0.0000	0.0000	0.0000	0.0000				
63	127	0.5094	6	0	0	0	0	0	0	0	0	N	N	N	N	N	N	N	N	N	N	N	N	1.6351	123.3481	0.0000	5.1821	144.1049	0.0000	11.0483	4199.9945	0.0000	0.6842	0.8399	0.0000	0.4634	0.6040	0.0000	1.2647	1.3464	0.0000	0.4185	0.0068	0.0682	0.0894	0.0042	0.1932	0.1145	0.0003	0.0150	0.0000	11.8065	-0.0587	0.0002	0.4935	3.6536	1.5835	12.3970	0.2255	0.2255	0.0000	0.1107	0.1107	0.0000	0.1149	0.1149	0.0000	0.0005	0.0000	0.0005	0.0002	0.0000	0.0002	0.0003	0.0000	0.0003	0.3296	0.2685	0.0611	0.2388	0.1832	0.0556	0.0908	0.0853	0.0055	0.0557	0.0321	0.0236	0.0236	0.0210	0.0026	0.0321	0.0111	0.0210	74.0676	670.7062	0.0000	51.0262	316.0900	0.0000	135.2291	941044.8271	0.0000	0.0092	0.0013	0.0201	0.0091	0.0019	0.0667	0.0094	0.0000	0.0143
63	128	0.2983	4	0	0	0	0	0	0	0	0	N	N	N	N	N	N	N	N	N	N	N	N	0.4359	30.5187	0.2685	0.3814	85.1008	0.0449	0.3946	0.0415	1.0343	0.7932	0.5271	1.5472	0.8066	0.7704	1.1526	0.7764	0.0005	1.6474	1.8196	0.0173	5.7616	2.1147	0.0091	25.6538	1.9675	0.0112	1.5928	1.0364	301.0586	0.0803	0.0196	0.4935	5.3495	1.5835	12.4099	0.3230	0.1586	0.1644	0.1834	0.1586	0.0248	0.1396	0.0000	0.1396	0.0413	0.0001	0.0411	0.0098	0.0001	0.0096	0.0315	0.0000	0.0315	0.4072	0.3009	0.1063	0.2274	0.2058	0.0215	0.1798	0.0951	0.0847	0.1103	0.0629	0.0474	0.0456	0.0401	0.0055	0.0647	0.0228	0.0419	2.1190	242.5936	1.7814	3.7644	252.5602	0.6545	1.5939	0.7381	2.1911	0.3743	0.0022	0.8685	0.2143	0.0031	1.7610	0.4871	0.0006	0.7519
63	129	0.7155	12	0	1	0	1	0	0	0	0	N	N	N	N	N	N	N	N	N	N	N	N	0.0000	0.0000	0.0000	0.0000	0.0000	0.0000	0.0000	0.0000	0.0000	0.0000	0.0000	0.0000	0.0000	0.0000	0.0000	0.0000	0.0000	0.0000	0.0000	0.0000	0.4935	0.0000	1.5835	0.0000	0.0000	0.0000	0.0000	0.0000	0.0000	0.0000	0.0000	0.0000	0.0000	0.0000	0.0000	0.0000	0.0000	0.0000	0.0000	0.0000	0.0000	0.0000	0.0000	0.0000	0.0000	0.0000	0.0000	0.0000	0.0000	0.0000	0.0000	0.0000	0.0000	0.0000	0.0000	0.0000	0.0000	0.0000	0.0000	0.0000	0.0000	0.0000	0.0000	0.0000	0.0000	0.0000	0.0000	0.0000	0.0000	0.0000	0.0000	0.0000	0.0000	0.0000	0.0000	0.0000	0.0000	0.0000											
63	130	0.6992	11	0	1	0	1	0	0	0	0	N	N	N	N	N	N	N	N	N	N	N	N	0.0000	0.0000	0.0000	0.0000	0.0000	0.0000	0.0000	0.0000	0.0000	0.0000	0.0000	0.0000	0.0000	0.0000	0.0000	0.0000	0.9503	0.0149	0.4580	0.0061	0.0060	0.0000	1.0846	0.0000	0.3366	32.0099	0.0000	0.0001	0.4935	0.0000	1.5835	3.0001	0.0000	0.0000	0.0000	0.0000	0.0000	0.0000	0.0000	0.0000	0.0000	0.0003	0.0000	0.0003	0.0000	0.0000	0.0000	0.0003	0.0000	0.0003	0.0000	0.0000	0.0000	0.0000	0.0000	0.0000	0.0000	0.0000	0.0000	0.0075	0.0050	0.0025	0.0047	0.0041	0.0006	0.0028	0.0009	0.0019	0.0000	0.0000	0.0000	0.0000	0.0000	0.0000	0.0000	0.0000	0.0000	0.0441	0.0020	0.1286	0.0021	0.0025	0.0000	0.1136	0.0000	0.1696			
63	131	0.6895	10	0	1	0	0	0	0	0	0	N	N	N	N	N	N	N	N	N	N	N	N	0.0000	0.0000	0.0000	0.0000	0.0000	0.0000	0.0000	0.0000	0.0000	0.0000	0.0000	0.0000	0.0000	0.0000	0.0000	0.0000	0.0000	0.0000	0.0000	0.0000	0.4935	0.0000	1.5835	0.0000	0.0000	0.0000	0.0000	0.0000	0.0000	0.0000	0.0000	0.0000	0.0000	0.0000	0.0000	0.0000	0.0000	0.0000	0.0000	0.0000	0.0000	0.0000	0.0000	0.0000	0.0000	0.0000	0.0000	0.0000	0.0000	0.0000	0.0000	0.0000	0.0000	0.0000	0.0000	0.0000	0.0000	0.0000	0.0000	0.0000	0.0000	0.0000	0.0000	0.0000	0.0000	0.0000	0.0000	0.0000	0.0000	0.0000	0.0000	0.0000	0.0000	0.0000	0.0000	0.0000	0.0000	0.0000											
63	132	0.6992	11	0	0	1	1	0	0	0	0	N	N	N	N	N	N	N	N	N	N	N	N	0.0000	0.0000	0.0000	0.0000	0.0000	0.0000	0.0000	0.0000	0.0000	0.0000	0.0000	0.0000	0.0000	0.0000	0.0000	0.0000	0.0000	0.0000	0.0000	0.0000	0.4935	0.0000	1.5835	1.9999	0.0000	0.0000	0.0000	0.0000	0.0000	0.0000	0.0000	0.0000	0.0000	0.0000	0.0000	0.0000	0.0000	0.0000	0.0000	0.0000	0.0000	0.0000	0.0000	0.0000	0.0000	0.0000	0.0000	0.0000	0.0000	0.0000	0.0000	0.0050	0.0034	0.0017	0.0031	0.0027	0.0004	0.0019	0.0006	0.0013	0.0000	0.0000	0.0000	0.0000	0.0000	0.0000	0.0000	0.0000	0.0000	0.0000	0.0000	0.0000	0.0000	0.0000	0.0000	0.0000	0.0000	0.0000											
63	133	0.7102	12	0	0	1	1	0	0	0	0	N	N	N	N	N	N	N	N	N	N	N	N	0.0000	0.0000	0.0000	0.0000	0.0000	0.0000	0.0000	0.0000	0.0000	0.0000	0.0000	0.0000	0.0000	0.0000	0.0000	0.0000	0.0000	0.0000	0.0000	0.0000	0.4935	1.0000	1.5835	0.0000	0.0000	0.0000	0.0000	0.0000	0.0000	0.0000	0.0000	0.0000	0.0000	0.0000	0.0000	0.0000	0.0000	0.0000	0.0000	0.0000	0.0000	0.0000	0.0434	0.0403	0.0031	0.0250	0.0243	0.0007	0.0184	0.0160	0.0024	0.0024	0.0016	0.0008	0.0014	0.0013	0.0002	0.0010	0.0003	0.0006	0.0000	0.0000	0.0000	0.0000	0.0000	0.0000	0.0000	0.0000	0.0000	0.0000	0.0000	0.0000	0.0000	0.0000	0.0000	0.0000	0.0000	0.0000											
63	134	0.7102	12	0	0	1	1	0	0	0	0	N	N	N	N	N	N	N	N	N	N	N	N	0.0000	0.0000	0.0000	0.0000	0.0000	0.0000	0.0000	0.0000	0.0000	0.0000	0.0000	0.0000	0.0000	0.0000	0.0000	0.0000	0.0000	0.0000	0.0000	0.0000	0.4935	0.0000	1.5835	0.0000	0.0000	0.0000	0.0000	0.0000	0.0000	0.0000	0.0000	0.0000	0.0000	0.0000	0.0000	0.0000	0.0000	0.0000	0.0000	0.0000	0.0000	0.0000	0.0000	0.0000	0.0000	0.0000	0.0000	0.0000	0.0000	0.0000	0.0000	0.0000	0.0000	0.0000	0.0000	0.0000	0.0000	0.0000	0.0000	0.0000	0.0000	0.0000	0.0000	0.0000	0.0000	0.0000	0.0000	0.0000	0.0000	0.0000	0.0000	0.0000	0.0000	0.0000	0.0000	0.0000	0.0000	0.0000											
63	135	0.6992	11	0	0	1	1	0	0	0	0	N	N	N	N	N	N	N	N	N	N	N	N	0.0000	0.0000	0.0000	0.0000	0.0000	0.0000	0.0000	0.0000	0.0000	0.0000	0.0000	0.0000	0.0000	0.0000	0.0001	0.0000	0.0001	0.0001	0.0000	0.0000	0.0000	0.0000	0.3000	0.0000	-0.0000	0.4935	2.0025	1.5835	0.9943	0.0000	0.0000	0.0000	0.0000	0.0000	0.0000	0.0000	0.0000	0.0000	0.0000	0.0000	0.0000	0.0000	0.0000	0.0000	0.0000	0.0000	0.0000	0.0848	0.0787	0.0061	0.0486	0.0472	0.0015	0.0362	0.0315	0.0047	0.0075	0.0050	0.0025	0.0047	0.0041	0.0006	0.0028	0.0009	0.0019	0.0000	0.0000	0.0000	0.0000	0.0000	0.0000	0.0000	0.0000	0.0000	0.0000	0.0000	0.0000	0.0000	0.0000	0.0000	0.0000	0.0000	0.0000						
63	136	0.6992	10	0	0	0	1	0	0	0	0	N	N	N	N	N	N	N	N	N	N	N	N	0.0000	0.0000	0.0000	0.0000	0.0000	0.0000	0.0000	0.0000	0.0000	0.0000	0.0000	0.0000	0.0000	0.0000	0.0000	0.0000	0.0002	0.0004	0.0001	0.0005	0.0005	0.0000	0.0002	0.0000	0.0001	0.7328	0.0000	-0.0000	0.4935	0.0050	1.5835	0.0173	0.0000	0.0000	0.0000	0.0000	0.0000	0.0000	0.0000	0.0000	0.0000	0.0000	0.0000	0.0000	0.0000	0.0000	0.0000	0.0000	0.0000	0.0000	0.0005	0.0005	0.0001	0.0004	0.0004	0.0000	0.0001	0.0001	0.0000	0.0001	0.0000	0.0000	0.0000	0.0000	0.0000	0.0000	0.0000	0.0000	0.0000	0.0000	0.0000	0.0000	0.0000	0.0000	0.0000	0.0000	0.0000	0.0001	0.0001	0.0001	0.0001	0.0001	0.0000	0.0001	0.0000	0.0001			
63	137	0.6895	9	0	0	0	1	0	0	0	0	N	N	N	N	N	N	N	N	N	N	N	N	0.0000	0.0000	0.0000	0.0000	0.0000	0.0000	0.0000	0.0000	0.0000	0.0000	0.0000	0.0000	0.0000	0.0000	0.0000	0.0000	0.0000	0.0000	0.0000	0.0000	0.0000	0.0000	inf	0.0000	0.0000	0.4935	1.9972	1.5835	1.0076	0.0000	0.0000	0.0000	0.0000	0.0000	0.0000	0.0000	0.0000	0.0000	0.0000	0.0000	0.0000	0.0000	0.0000	0.0000	0.0000	0.0000	0.0000	0.0777	0.0719	0.0058	0.0419	0.0408	0.0012	0.0358	0.0312	0.0046	0.0070	0.0048	0.0022	0.0047	0.0041	0.0006	0.0023	0.0007	0.0016	0.0000	0.0000	0.0000	0.0000	0.0000	0.0000	0.0000	0.0000	0.0000	0.0000	0.0000	0.0000	0.0000	0.0000	0.0000	0.0000	0.0000	0.0000						
63	138	0.6723	8	1	1	0	0	0	0	0	0	N	N	N	N	N	N	N	N	N	N	N	N	3080.5914	1686.9964	13321.6400	1871.4937	1853.5937	32465.3398	4920.4224	9908.9313	0.3986	0.3052	0.5857	0.4765	0.4012	0.9346	0.2860	0.0000	0.4690	0.0001	0.0002	0.0000	0.0003	0.0002	0.0000	0.0001	0.0000	0.0000	0.9569	1.8828	0.0000	0.0000	0.4935	0.0002	1.5835	2.3255	0.0000	0.0000	0.0000	0.0000	0.0000	0.0000	0.0000	0.0000	0.0000	0.0000	0.0000	0.0000	0.0000	0.0000	0.0000	0.0000	0.0000	0.0000	0.0001	0.0000	0.0000	0.0000	0.0000	0.0000	0.0000	0.0000	0.0000	0.0084	0.0058	0.0026	0.0047	0.0042	0.0005	0.0037	0.0016	0.0022	18897.3449	28649.6527	13321.6400	29746.9414	27531.7620	32465.3398	10391.1758	0.0000	9908.9313	0.0000	0.0000	0.0000	0.0000	0.0000	0.0000	0.0000	0.0000	0.0000	
63	139	0.6544	7	1	1	0	0	0	0	0	0	N	N	N	N	N	N	N	N	N	N	N	N	0.0014	0.0046	0.0309	0.0378	0.0583	0.0000	0.0020	0.0003	0.1141	0.0005	0.0004	0.0012	0.0006	0.0006	0.0000	0.0003	0.0002	0.0015	0.3388	0.0935	0.0384	0.0161	0.0107	0.0187	0.1690	0.5045	0.0132	0.2275	1.7662	-0.0000	0.0000	0.4935	2.0138	1.5835	2.7349	0.0000	0.0000	0.0000	0.0000	0.0000	0.0000	0.0000	0.0000	0.0000	0.0001	0.0000	0.0001	0.0000	0.0000	0.0000	0.0001	0.0000	0.0001	0.0831	0.0768	0.0063	0.0455	0.0441	0.0013	0.0376	0.0327	0.0049	0.0172	0.0108	0.0064	0.0093	0.0084	0.0009	0.0079	0.0024	0.0055	0.0646	0.0986	0.0928	0.1480	0.1837	0.0000	0.0292	0.0211	0.1141	0.0075	0.0043	0.0128	0.0041	0.0034	0.0103	0.0115	0.0075	0.0132
63	140	0.6709	8	0	1	0	0	0	0	0	0	N	N	N	N	N	N	N	N	N	N	N	N	0.3063	0.1943	0.0000	0.1969	0.2115	0.0000	0.0008	inf	0.0000	0.0001	0.0001	0.0000	0.0001	0.0001	0.0000	0.0000	0.0000	0.0000	0.0002	0.0003	0.0000	0.0004	0.0004	0.0000	0.0000	0.0000	0.0000	0.0000	0.2909	-0.0000	-0.0000	0.4935	1.9232	1.5835	1.1116	0.0000	0.0000	0.0000	0.0000	0.0000	0.0000	0.0000	0.0000	0.0000	0.0000	0.0000	0.0000	0.0000	0.0000	0.0000	0.0000	0.0000	0.0000	0.1169	0.1096	0.0073	0.0784	0.0760	0.0024	0.0385	0.0336	0.0049	0.0074	0.0050	0.0024	0.0049	0.0043	0.0006	0.0025	0.0008	0.0017	1.1198	1.0503	0.0000	1.2982	1.2799	0.0000	0.0017	inf	0.0000	0.0001	0.0001	0.0000	0.0001	0.0001	0.0000	0.0000	0.0000	0.0000
63	141	0.0671	4	0	1	0	0	0	0	0	0	N	N	N	N	N	N	N	N	N	N	N	N	inf	inf	inf	inf	inf	inf	inf	inf	inf	0.0322	0.0336	0.0214	0.2240	0.2215	0.2671	0.0010	0.0008	0.0026	0.0000	0.0000	0.0000	0.0000	0.0000	0.0000	0.0000	0.0000	0.0000	0.0769	-0.0005	0.0000	0.4935	3.0000	1.5835	1.0000	0.0025	0.0023	0.0002	0.0024	0.0023	0.0002	0.0001	0.0001	0.0000	0.0000	0.0000	0.0000	0.0000	0.0000	0.0000	0.0000	0.0000	0.0000	0.0782	0.0697	0.0084	0.0109	0.0103	0.0006	0.0672	0.0594	0.0078	0.0348	0.0179	0.0169	0.0092	0.0080	0.0011	0.0256	0.0099	0.0158	inf	inf	inf	inf	inf	inf	inf	inf	inf	0.0000	0.0000	0.0000	0.0000	0.0000	0.0000	0.0000	0.0000	0.0000	
63	142	0.0479	3	0	0	0	0	0	0	0	0	N	N	N	N	N	N	N	N	N	N	N	N	inf	inf	inf	inf	inf	inf	inf	inf	inf	0.0177	0.0177	0.0183	0.1524	0.1623	0.0001	0.0119	0.0109	0.0187	0.0000	0.0000	0.0000	0.0000	0.0000	0.0000	0.0000	0.0000	0.0000	0.1364	-0.0001	0.0000	0.4935	1.0000	1.5835	1.0000	0.0005	0.0004	0.0001	0.0002	0.0002	0.0000	0.0003	0.0003	0.0001	0.0000	0.0000	0.0000	0.0000	0.0000	0.0000	0.0000	0.0000	0.0000	0.0282	0.0249	0.0033	0.0012	0.0011	0.0001	0.0270	0.0238	0.0032	0.0201	0.0098	0.0103	0.0052	0.0046	0.0006	0.0149	0.0053	0.0097	inf	inf	inf	inf	inf	inf	inf	inf	inf	0.0000	0.0000	0.0000	0.0000	0.0000	0.0000	0.0000	0.0000	0.0000	
63	145	0.6895	10	1	1	0	0	0	0	0	0	N	N	N	N	N	N	N	N	N	N	N	N	inf	inf	inf	inf	0.0230	0.0000	0.3103	0.0000	0.0000	0.0000	0.0501	0.0000	0.3887	0.0000	0.0000	0.0000	0.0000	0.0000	0.0000	0.0000	0.0000	0.0000	inf	0.0007	0.0000	0.4935	1.0000	1.5835	1.0000	0.0009	0.0000	0.0009	0.0000	0.0000	0.0000	0.0009	0.0000	0.0009	0.0000	0.0000	0.0000	0.0000	0.0000	0.0000	0.0000	0.0000	0.0000	0.0400	0.0370	0.0030	0.0216	0.0210	0.0006	0.0184	0.0160	0.0024	0.0047	0.0032	0.0015	0.0031	0.0027	0.0004	0.0015	0.0005	0.0011	inf	0.0000	inf	0.0000	0.0000	0.0000	inf	0.0000	inf	0.0000	0.0000	0.0000	0.0000	0.0000	0.0000	0.0000	0.0000	0.0000						
63	146	0.6895	9	0	1	0	0	0	0	0	0	N	N	N	N	N	N	N	N	N	N	N	N	0.0000	0.0000	0.0000	0.0000	0.0000	0.0000	0.0000	0.0000	0.0000	0.0000	0.0000	0.0000	0.0000	0.0000	0.0000	0.0000	0.0000	0.0000	0.0000	0.0000	0.4935	0.0003	1.5835	0.0000	0.0000	0.0000	0.0000	0.0000	0.0000	0.0000	0.0000	0.0000	0.0000	0.0000	0.0000	0.0000	0.0000	0.0000	0.0000	0.0000	0.0000	0.0000	0.0000	0.0000	0.0000	0.0000	0.0000	0.0000	0.0000	0.0000	0.0000	0.0000	0.0000	0.0000	0.0000	0.0000	0.0000	0.0000	0.0000	0.0000	0.0000	0.0000	0.0000	0.0000	0.0000	0.0000	0.0000	0.0000	0.0000	0.0000	0.0000	0.0000	0.0000	0.0000	0.0000	0.0000	0.0000	0.0000											
63	147	0.6709	8	0	0	0	0	0	0	0	0	N	N	N	N	N	N	N	N	N	N	N	N	0.2120	0.1248	0.0000	0.1477	0.1680	0.0000	0.0011	inf	0.0000	0.0000	0.0000	0.0000	0.0001	0.0001	0.0000	0.0000	0.0000	0.0000	0.0001	0.0003	0.0000	0.0003	0.0003	0.0000	0.0000	0.0000	0.0000	0.0000	0.2900	-0.0000	-0.0000	0.4935	4.9449	1.5835	1.0063	0.0000	0.0000	0.0000	0.0000	0.0000	0.0000	0.0000	0.0000	0.0000	0.0000	0.0000	0.0000	0.0000	0.0000	0.0000	0.0000	0.0000	0.0000	0.2154	0.2004	0.0150	0.1288	0.1249	0.0039	0.0866	0.0755	0.0111	0.0140	0.0095	0.0045	0.0092	0.0080	0.0012	0.0048	0.0015	0.0033	1.1448	1.0816	0.0000	1.4881	1.4635	0.0000	0.0014	inf	0.0000	0.0000	0.0000	0.0000	0.0000	0.0000	0.0000	0.0000	0.0000	0.0000
63	148	0.6544	7	0	0	0	0	0	0	0	0	N	N	N	N	N	N	N	N	N	N	N	N	2.4081	6.2771	0.0000	7.6067	19.9568	0.0000	0.0440	0.0138	0.0000	0.0269	0.0291	0.0000	0.0506	0.0521	0.0000	0.0000	0.0000	0.0000	0.0112	0.0046	0.0020	0.0067	0.0026	0.0226	0.0003	0.0012	0.0004	0.0000	1.2012	-0.0009	0.0000	0.4935	3.4778	1.5835	1.2917	0.0036	0.0036	0.0000	0.0036	0.0036	0.0000	0.0000	0.0000	0.0000	0.0000	0.0000	0.0000	0.0000	0.0000	0.0000	0.0000	0.0000	0.0000	0.1336	0.1234	0.0102	0.0710	0.0690	0.0020	0.0626	0.0544	0.0082	0.0173	0.0108	0.0065	0.0093	0.0084	0.0009	0.0079	0.0024	0.0055	19.8923	29.6758	0.0000	22.3280	41.3717	0.0000	0.0522	0.7772	0.0000	0.0014	0.0010	0.0020	0.0023	0.0013	0.0112	0.0003	0.0000	0.0004
63	149	0.6040	6	0	0	0	0	0	0	0	0	N	N	N	N	N	N	N	N	N	N	N	N	0.0181	0.0132	0.0172	0.0507	0.0481	104.5692	0.1223	0.0747	0.0000	0.0089	0.0096	0.0000	0.0163	0.0168	0.0001	0.0004	0.0004	0.0000	0.4887	0.7274	0.0014	0.3222	0.3497	0.0000	0.0032	0.0060	0.0017	0.0002	0.0523	-0.0006	-0.0002	0.4935	7.8050	1.5835	4.0035	0.0024	0.0024	0.0000	0.0024	0.0024	0.0000	0.0000	0.0000	0.0000	0.0004	0.0003	0.0000	0.0003	0.0003	0.0000	0.0000	0.0000	0.0000	0.2726	0.2516	0.0210	0.1450	0.1406	0.0043	0.1276	0.1110	0.0167	0.0324	0.0198	0.0126	0.0167	0.0144	0.0022	0.0158	0.0054	0.0104	0.8195	0.5705	0.0172	0.8214	0.7329	104.5692	0.3185	1.2872	0.0000	0.0108	0.0168	0.0014	0.0199	0.0229	0.0000	0.0012	0.0003	0.0017
63	150	0.5094	6	0	0	0	0	0	0	0	0	N	N	N	N	N	N	N	N	N	N	N	N	2.3242	1.8215	97.6117	5.0452	13.0024	13.1097	0.0929	0.0000	8.7746	0.7869	0.4915	2.0921	1.0863	0.7203	2.3014	0.0012	0.0000	0.0196	0.3386	0.2698	0.0214	0.2153	0.0554	0.1755	0.0129	0.0632	0.0022	0.9633	1.0193	0.0600	-0.0000	0.4935	3.7255	1.5835	14.1767	0.2605	0.1327	0.1278	0.2604	0.1327	0.1277	0.0001	0.0000	0.0001	0.0004	0.0002	0.0002	0.0004	0.0002	0.0002	0.0001	0.0000	0.0001	0.3311	0.2700	0.0611	0.2397	0.1842	0.0555	0.0914	0.0858	0.0056	0.0598	0.0344	0.0255	0.0253	0.0224	0.0029	0.0345	0.0119	0.0226	105.6907	76.5297	237.0995	75.5470	85.3844	37.7008	0.5066	0.0000	8.7746	0.0074	0.0064	0.0088	0.0144	0.0084	0.0610	0.0024	0.0026	0.0022
63	151	0.4931	5	0	0	0	0	0	0	0	0	N	N	N	N	N	N	N	N	N	N	N	N	1.5114	1.1734	40.5395	1.9734	2.3315	3.9226	69.4494	157.8990	14.6543	0.8619	0.8305	0.9764	0.8705	0.8128	1.0187	0.8381	0.8673	0.0462	0.5703	0.7077	0.0241	0.4411	0.3486	0.2597	0.0121	0.0055	0.0032	0.3234	0.3971	-0.0038	-0.0001	0.4935	1.4205	1.5835	4.0377	0.2420	0.1829	0.0591	0.1800	0.1210	0.0590	0.0620	0.0619	0.0001	0.0004	0.0003	0.0001	0.0004	0.0003	0.0001	0.0000	0.0000	0.0000	0.2807	0.2202	0.0606	0.2068	0.1489	0.0579	0.0740	0.0713	0.0026	0.0329	0.0197	0.0131	0.0149	0.0138	0.0011	0.0180	0.0059	0.0121	64.2819	51.9535	102.3660	32.2854	35.7556	12.5242	378.1156	2709.5544	14.6543	0.0134	0.0160	0.0095	0.0270	0.0227	0.0813	0.0022	0.0003	0.0032
64	68	0.0836	5	1	2	1	0	0	0	0	0	N	Y	N	N	N	N	N	N	N	N	N	N	0.0000	0.0000	0.0000	0.0000	0.0000	0.0000	0.0000	0.0000	0.0000	0.0000	0.0000	0.0000	0.0000	0.0000	0.0000	0.0000	0.0000	0.0000	0.0000	0.0000	0.2944	0.0000	1.0083	0.0000	0.0000	0.0000	0.0000	0.0000	0.0000	0.0000	0.0000	0.0000	0.0000	0.0000	0.0000	0.0000	0.0000	0.0000	0.0000	0.0000	0.0000	0.0000	0.0000	0.0000	0.0000	0.0000	0.0000	0.0000	0.0000	0.0000	0.0000	0.0000	0.0000	0.0000	0.0000	0.0000	0.0000	0.0000	0.0000	0.0000	0.0000	0.0000	0.0000	0.0000	0.0000	0.0000	0.0000	0.0000	0.0000	0.0000	0.0000	0.0000	0.0000	0.0000	0.0000	0.0000	0.0000	0.0000											
64	69	0.7262	11	1	2	1	0	0	0	0	0	N	Y	N	N	N	N	N	N	N	N	N	N	0.0000	0.0000	0.0000	0.0000	0.0000	0.0000	0.0000	0.0000	0.0000	0.0000	0.0000	0.0000	0.0000	0.0000	0.0000	0.0000	0.0000	0.0000	0.0000	0.0000	0.2944	1.0000	1.0083	0.0000	0.0000	0.0000	0.0000	0.0000	0.0000	0.0000	0.0000	0.0000	0.0000	0.0000	0.0000	0.0000	0.0000	0.0000	0.0000	0.0000	0.0000	0.0000	0.0259	0.0226	0.0033	0.0232	0.0203	0.0029	0.0027	0.0023	0.0004	0.0016	0.0010	0.0006	0.0010	0.0009	0.0001	0.0006	0.0001	0.0005	0.0000	0.0000	0.0000	0.0000	0.0000	0.0000	0.0000	0.0000	0.0000	0.0000	0.0000	0.0000	0.0000	0.0000	0.0000	0.0000	0.0000	0.0000											
64	70	0.7262	11	1	2	1	0	0	0	0	0	N	Y	N	N	N	N	N	N	N	N	N	N	0.0000	0.0000	0.0000	0.0000	0.0000	0.0000	0.0000	0.0000	0.0000	0.0000	0.0000	0.0000	0.0000	0.0000	0.0000	0.0000	0.0000	0.0000	0.0000	0.0000	0.2944	0.0000	1.0083	0.0000	0.0000	0.0000	0.0000	0.0000	0.0000	0.0000	0.0000	0.0000	0.0000	0.0000	0.0000	0.0000	0.0000	0.0000	0.0000	0.0000	0.0000	0.0000	0.0000	0.0000	0.0000	0.0000	0.0000	0.0000	0.0000	0.0000	0.0000	0.0000	0.0000	0.0000	0.0000	0.0000	0.0000	0.0000	0.0000	0.0000	0.0000	0.0000	0.0000	0.0000	0.0000	0.0000	0.0000	0.0000	0.0000	0.0000	0.0000	0.0000	0.0000	0.0000	0.0000	0.0000	0.0000	0.0000											
64	71	0.7039	10	1	2	1	0	0	0	0	0	N	Y	N	N	N	N	N	N	N	N	N	N	inf	inf	inf	inf	0.0018	0.0021	0.0000	0.0020	0.0023	0.0000	0.0000	0.0000	0.0000	0.0000	0.0000	0.0000	0.0000	0.0000	0.0000	0.0000	0.0000	0.0000	0.0000	-0.0000	0.0000	0.2944	2.0000	1.0083	1.0000	0.0001	0.0001	0.0000	0.0001	0.0001	0.0000	0.0000	0.0000	0.0000	0.0000	0.0000	0.0000	0.0000	0.0000	0.0000	0.0000	0.0000	0.0000	0.0497	0.0434	0.0063	0.0443	0.0387	0.0055	0.0055	0.0047	0.0008	0.0046	0.0028	0.0018	0.0028	0.0025	0.0003	0.0018	0.0004	0.0015	inf	inf	0.0000	inf	inf	0.0000	0.0000	0.0000	0.0000	0.0000	0.0000	0.0000	0.0000	0.0000	0.0000	0.0000	0.0000	0.0000						
64	72	0.6809	9	1	1	1	0	0	0	0	0	N	N	N	N	N	N	N	N	N	N	N	N	0.0017	0.0013	1.5865	0.0037	0.0041	0.1566	11.1954	inf	27.3733	0.0000	0.0000	0.0000	0.0000	0.0000	0.0000	0.0000	0.0000	0.0001	0.0221	0.0318	0.0000	0.0112	0.0113	0.0001	0.0000	0.0000	0.0000	0.0811	0.0024	-0.0000	-0.0000	0.2944	1.0017	1.0083	2.0007	0.0000	0.0000	0.0000	0.0000	0.0000	0.0000	0.0000	0.0000	0.0000	0.0000	0.0000	0.0000	0.0000	0.0000	0.0000	0.0000	0.0000	0.0000	0.0164	0.0143	0.0021	0.0132	0.0116	0.0016	0.0032	0.0027	0.0005	0.0051	0.0034	0.0017	0.0032	0.0028	0.0004	0.0019	0.0006	0.0013	0.0192	0.0136	1.5865	0.0135	0.0132	0.1566	11.1954	inf	27.3733	0.0020	0.0029	0.0000	0.0031	0.0035	0.0001	0.0000	0.0000	0.0000
64	73	0.1028	6	1	2	0	0	0	0	0	0	N	Y	N	N	N	N	N	N	N	N	N	N	0.0000	0.0000	0.0000	0.0000	0.0000	0.0000	0.0000	0.0000	0.0000	0.0000	0.0000	0.0000	0.0000	0.0000	0.0000	0.0000	0.0000	0.0000	-0.0000	0.0000	0.2944	0.0000	1.0083	0.0000	0.0000	0.0000	0.0000	0.0000	0.0000	0.0000	0.0000	0.0000	0.0000	0.0000	0.0000	0.0000	0.0000	0.0000	0.0000	0.0000	0.0000	0.0000	0.0000	0.0000	0.0000	0.0000	0.0000	0.0000	0.0000	0.0000	0.0000	0.0000	0.0000	0.0000	0.0000	0.0000	0.0000	0.0000	0.0000	0.0000	0.0000	0.0000	0.0000	0.0000	0.0000	0.0000	0.0000	0.0000	0.0000	0.0000	0.0000	0.0000	0.0000	0.0000	0.0000	0.0000	0.0000	0.0000											
64	74	0.7079	10	1	2	0	0	0	0	0	0	N	Y	N	N	N	N	N	N	N	N	N	N	0.0000	0.0000	0.0000	0.0000	0.0000	0.0000	0.0000	0.0000	0.0000	0.0000	0.0000	0.0000	0.0000	0.0000	0.0000	0.0000	0.0000	0.0000	0.0000	0.0000	0.2944	0.0000	1.0083	0.0010	0.0000	0.0000	0.0000	0.0000	0.0000	0.0000	0.0000	0.0000	0.0000	0.0000	0.0000	0.0000	0.0000	0.0000	0.0000	0.0000	0.0000	0.0000	0.0000	0.0000	0.0000	0.0000	0.0000	0.0000	0.0000	0.0000	0.0000	0.0011	0.0009	0.0002	0.0005	0.0005	0.0000	0.0005	0.0004	0.0002	0.0000	0.0000	0.0000	0.0000	0.0000	0.0000	0.0000	0.0000	0.0000	0.0000	0.0000	0.0000	0.0000	0.0000	0.0000	0.0000	0.0000	0.0000											
64	75	0.6971	12	0	2	0	1	0	0	0	0	N	Y	N	N	N	N	N	N	N	N	N	N	0.0000	0.0000	0.0000	0.0000	0.0000	0.0000	0.0000	0.0000	0.0000	0.0000	0.0000	0.0000	0.0000	0.0000	0.0000	0.0000	0.0000	0.0000	0.0000	0.0000	0.2944	0.0000	1.0083	0.0000	0.0000	0.0000	0.0000	0.0000	0.0000	0.0000	0.0000	0.0000	0.0000	0.0000	0.0000	0.0000	0.0000	0.0000	0.0000	0.0000	0.0000	0.0000	0.0000	0.0000	0.0000	0.0000	0.0000	0.0000	0.0000	0.0000	0.0000	0.0000	0.0000	0.0000	0.0000	0.0000	0.0000	0.0000	0.0000	0.0000	0.0000	0.0000	0.0000	0.0000	0.0000	0.0000	0.0000	0.0000	0.0000	0.0000	0.0000	0.0000	0.0000	0.0000	0.0000	0.0000	0.0000	0.0000											
64	76	0.6971	12	0	1	0	1	0	0	0	0	N	N	N	N	N	N	N	N	N	N	N	N	0.0000	0.0000	0.0000	0.0000	0.0000	0.0000	0.0000	0.0000	0.0000	0.0000	0.0000	0.0000	0.0000	0.0000	0.0000	0.0000	0.0000	0.0000	0.0000	0.0000	0.2944	0.0000	1.0083	0.0000	0.0000	0.0000	0.0000	0.0000	0.0000	0.0000	0.0000	0.0000	0.0000	0.0000	0.0000	0.0000	0.0000	0.0000	0.0000	0.0000	0.0000	0.0000	0.0000	0.0000	0.0000	0.0000	0.0000	0.0000	0.0000	0.0000	0.0000	0.0000	0.0000	0.0000	0.0000	0.0000	0.0000	0.0000	0.0000	0.0000	0.0000	0.0000	0.0000	0.0000	0.0000	0.0000	0.0000	0.0000	0.0000	0.0000	0.0000	0.0000	0.0000	0.0000	0.0000	0.0000	0.0000	0.0000											
64	77	0.6817	11	0	1	0	1	0	0	0	0	N	N	N	N	N	N	N	N	N	N	N	N	0.0000	0.0000	0.0000	0.0000	0.0000	0.0000	0.0000	0.0000	0.0000	0.0000	0.0000	0.0000	0.0000	0.0000	0.0000	0.0000	0.0000	0.0000	0.0001	0.0000	0.0000	0.0000	0.0000	0.0000	inf	0.0000	0.0000	0.2944	0.0002	1.0083	2.9297	0.0000	0.0000	0.0000	0.0000	0.0000	0.0000	0.0000	0.0000	0.0000	0.0000	0.0000	0.0000	0.0000	0.0000	0.0000	0.0000	0.0000	0.0000	0.0000	0.0000	0.0000	0.0000	0.0000	0.0000	0.0000	0.0000	0.0000	0.0147	0.0093	0.0054	0.0103	0.0082	0.0021	0.0044	0.0011	0.0033	0.0000	0.0000	0.0000	0.0000	0.0000	0.0000	0.0000	0.0000	0.0000	0.0000	0.0000	0.0000	0.0000	0.0000	0.0000	0.0000	0.0000	0.0000				
64	78	0.6776	10	0	1	0	1	0	0	0	0	N	N	N	N	N	N	N	N	N	N	N	N	5.9817	3.2962	2.8071	3.6646	0.0003	0.0004	0.0000	0.0004	0.0005	0.0000	0.0000	0.0000	0.0000	0.0001	0.0001	0.0000	0.0001	0.0001	0.0000	0.0000	0.0000	0.0000	0.0000	0.0000	-0.0000	-0.0000	0.2944	0.0003	1.0083	2.1916	0.0000	0.0000	0.0000	0.0000	0.0000	0.0000	0.0000	0.0000	0.0000	0.0000	0.0000	0.0000	0.0000	0.0000	0.0000	0.0000	0.0000	0.0000	0.0000	0.0000	0.0000	0.0000	0.0000	0.0000	0.0000	0.0000	0.0000	0.0058	0.0034	0.0024	0.0030	0.0027	0.0003	0.0029	0.0007	0.0021	238.9309	161.3832	0.0000	151.3302	157.1466	0.0000	0.0000	0.0000	0.0000	0.0000	0.0000	0.0000	0.0000	0.0000	0.0000	0.0000	0.0000	0.0000					
64	79	0.6698	9	0	1	0	0	0	0	0	0	N	N	N	N	N	N	N	N	N	N	N	N	inf	inf	inf	inf	0.0022	0.0025	0.0000	0.0026	0.0030	0.0000	0.0000	0.0000	0.0000	0.0000	0.0000	0.0000	0.0000	0.0000	0.0000	0.0000	0.0000	0.0000	0.0000	-0.0000	0.0000	0.2944	0.2782	1.0083	1.3600	0.0000	0.0000	0.0000	0.0000	0.0000	0.0000	0.0000	0.0000	0.0000	0.0000	0.0000	0.0000	0.0000	0.0000	0.0000	0.0000	0.0000	0.0000	0.0063	0.0055	0.0008	0.0053	0.0047	0.0007	0.0010	0.0008	0.0002	0.0031	0.0019	0.0012	0.0016	0.0014	0.0002	0.0015	0.0005	0.0010	inf	inf	0.0000	inf	inf	0.0000	0.0000	0.0000	0.0000	0.0000	0.0000	0.0000	0.0000	0.0000	0.0000	0.0000	0.0000	0.0000						
64	80	0.7135	11	0	2	1	0	0	0	0	0	N	Y	N	N	N	N	N	N	N	N	N	N	0.0228	0.0098	inf	0.1261	0.0926	inf	inf	inf	inf	0.0046	0.0032	0.0141	0.0064	0.0045	0.0228	0.0004	0.0001	0.0019	0.2011	0.3294	0.0000	0.0508	0.0484	0.0000	0.0000	0.0000	0.0000	0.6256	0.0000	0.0000	-0.0000	0.2944	0.0029	1.0083	2.0135	0.0000	0.0000	0.0000	0.0000	0.0000	0.0000	0.0000	0.0000	0.0000	0.0000	0.0000	0.0000	0.0000	0.0000	0.0000	0.0000	0.0000	0.0000	0.0001	0.0001	0.0000	0.0000	0.0000	0.0000	0.0000	0.0000	0.0000	0.0051	0.0036	0.0015	0.0036	0.0033	0.0003	0.0015	0.0003	0.0012	0.8914	0.4456	inf	0.8708	0.5615	inf	inf	inf	inf	0.0052	0.0072	0.0000	0.0073	0.0080	0.0000	0.0000	0.0000	0.0000
64	81	0.7069	10	0	2	0	0	0	0	0	0	N	Y	N	N	N	N	N	N	N	N	N	N	5.3847	4.1414	1.1699	3.9507	4.7639	inf	8.7142	0.7262	0.8815	0.0029	0.0033	0.0001	0.0034	0.0038	0.0001	0.0010	0.0012	0.0001	0.0005	0.0008	0.0001	0.0009	0.0008	0.0000	0.0001	0.0017	0.0001	0.0036	0.1246	-0.0000	-0.0000	0.2944	0.6188	1.0083	0.9475	0.0000	0.0000	0.0000	0.0000	0.0000	0.0000	0.0000	0.0000	0.0000	0.0000	0.0000	0.0000	0.0000	0.0000	0.0000	0.0000	0.0000	0.0000	0.0156	0.0136	0.0019	0.0123	0.0110	0.0013	0.0033	0.0027	0.0006	0.0034	0.0022	0.0012	0.0022	0.0019	0.0002	0.0012	0.0003	0.0010	12.7105	10.5490	1.1699	10.8093	10.8414	inf	12.9462	32.3123	0.8815	0.0002	0.0003	0.0001	0.0003	0.0004	0.0000	0.0001	0.0000	0.0001
64	82	0.1060	6	0	2	1	0	0	0	0	0	N	Y	N	N	N	N	N	N	N	N	N	N	0.0000	0.0000	0.0000	0.0000	0.0000	0.0000	0.0000	0.0000	0.0000	0.0000	0.0000	0.0000	0.0000	0.6667	1.2595	0.0000	3.0321	3.1420	0.0000	0.0000	0.0000	0.0000	0.0000	0.0000	-0.0000	0.2944	0.0000	1.0083	1.0000	0.0000	0.0000	0.0000	0.0000	0.0000	0.0000	0.0000	0.0000	0.0000	0.0001	0.0001	0.0000	0.0001	0.0001	0.0000	0.0000	0.0000	0.0000	0.0000	0.0000	0.0000	0.0000	0.0000	0.0000	0.0000	0.0000	0.0000	0.0034	0.0012	0.0022	0.0001	0.0001	0.0000	0.0033	0.0011	0.0022	0.0000	0.0000	0.0000	0.0000	0.0000	0.0000	0.0000	0.0000	0.0000	0.0177	0.0493	0.0000	0.6033	0.6444	0.0000	0.0000	0.0000	0.0000						
64	83	0.6809	9	1	1	1	0	0	0	0	0	N	N	N	N	N	N	N	N	N	N	N	N	0.0088	inf	0.0689	0.0510	inf	0.0000	0.0833	2.5276	0.0013	0.0011	0.0025	0.0012	0.0014	0.0000	0.0015	0.0000	0.0101	0.1451	0.0000	0.0365	0.0236	0.0000	0.1061	0.0183	0.0000	0.0040	0.3337	inf	-0.0000	0.0000	0.2944	9.0001	1.0083	3.0001	0.0002	0.0001	0.0000	0.0001	0.0001	0.0000	0.0000	0.0000	0.0000	0.0001	0.0000	0.0001	0.0001	0.0000	0.0001	0.0000	0.0000	0.0000	0.1260	0.1101	0.0159	0.0997	0.0877	0.0120	0.0263	0.0224	0.0040	0.0191	0.0126	0.0065	0.0120	0.0105	0.0015	0.0071	0.0021	0.0050	0.3030	inf	0.2043	0.2402	inf	0.0000	0.5411	0.0000	2.5276	0.0042	0.0000	0.0123	0.0050	0.0000	0.0398	0.0028	0.0000	0.0040	
64	84	0.0836	5	1	1	1	0	0	0	0	0	N	N	N	N	N	N	N	N	N	N	N	N	inf	inf	inf	inf	inf	inf	inf	inf	2.5698	0.0007	34.1426	0.0468	0.0016	8.5095	4.1255	0.0000	34.8521	0.0000	0.0000	0.0000	0.0000	0.0000	0.0000	0.0000	0.0000	0.0000	4192.4286	0.2171	0.0000	0.2944	4.0000	1.0083	0.0000	0.2935	0.0001	0.2935	0.0020	0.0001	0.0020	0.2915	0.0000	0.2915	0.0000	0.0000	0.0000	0.0000	0.0000	0.0000	0.0000	0.0000	0.0000	0.1142	0.1056	0.0086	0.0436	0.0433	0.0002	0.0707	0.0623	0.0084	0.0123	0.0058	0.0065	0.0033	0.0029	0.0004	0.0090	0.0029	0.0061	inf	inf	inf	inf	inf	inf	inf	0.0000	inf	0.0000	0.0000	0.0000	0.0000	0.0000	0.0000	0.0000	0.0000	0.0000		
64	85	0.1297	6	1	2	0	0	0	0	0	0	N	Y	N	N	N	N	N	N	N	N	N	N	0.0015	0.0000	0.0322	0.0010	0.0000	0.1281	0.0024	0.0000	0.0213	0.0000	0.0000	0.0000	0.0000	0.0000	0.0000	0.0000	0.0000	0.0000	0.0002	0.0002	0.0001	0.0003	0.0002	0.0002	0.0001	0.0006	0.0001	inf	9.6922	0.0000	0.0000	0.2944	1.0086	1.0083	1.7435	0.0000	0.0000	0.0000	0.0000	0.0000	0.0000	0.0000	0.0000	0.0000	0.0000	0.0000	0.0000	0.0000	0.0000	0.0000	0.0000	0.0000	0.0000	0.0342	0.0315	0.0027	0.0138	0.0136	0.0001	0.0205	0.0179	0.0026	0.0137	0.0070	0.0066	0.0048	0.0044	0.0004	0.0089	0.0026	0.0063	0.0050	0.0000	0.0322	0.0099	0.0000	0.1281	0.0037	0.0000	0.0213	0.0001	0.0000	0.0001	0.0000	0.0000	0.0002	0.0001	0.0000	0.0001
64	86	0.0836	5	1	2	0	0	0	0	0	0	N	Y	N	N	N	N	N	N	N	N	N	N	0.0001	0.0000	0.0000	0.0001	0.0001	0.0000	0.0000	0.0000	0.0000	0.0000	0.0000	0.0000	0.0000	0.0000	0.0000	0.0000	0.0000	0.0052	0.0108	0.0000	0.0104	0.0107	0.0000	0.0000	0.0004	0.0000	0.0000	0.0004	-0.0000	-0.0000	0.2944	1.0165	1.0083	4.1395	0.0000	0.0000	0.0000	0.0000	0.0000	0.0000	0.0000	0.0000	0.0000	0.0000	0.0000	0.0000	0.0000	0.0000	0.0000	0.0000	0.0000	0.0000	0.0320	0.0296	0.0025	0.0121	0.0120	0.0001	0.0199	0.0176	0.0024	0.0155	0.0073	0.0082	0.0041	0.0036	0.0005	0.0113	0.0037	0.0077	0.0004	0.0002	0.0000	0.0003	0.0002	0.0000	0.0000	0.0000	0.0000	0.0008	0.0017	0.0000	0.0030	0.0034	0.0000	0.0000	0.0000	0.0000	
64	87	0.6397	8	1	2	0	0	0	0	0	0	N	Y	N	N	N	N	N	N	N	N	N	N	15.5747	8.7861	100.1400	100.0082	0.7064	0.0258	2.3366	2.6895	0.0000	2.9939	3.4165	0.0000	0.0119	0.0141	0.0000	0.1500	0.3061	0.0000	0.0299	0.0342	0.0000	0.0168	0.5468	0.0000	0.0000	0.0000	-0.0766	-0.0001	0.2944	9.0005	1.0083	5.0000	0.2943	0.2943	0.0000	0.2939	0.2939	0.0000	0.0003	0.0003	0.0000	0.0001	0.0001	0.0000	0.0001	0.0001	0.0000	0.0000	0.0000	0.0000	0.1259	0.1094	0.0165	0.0982	0.0860	0.0121	0.0278	0.0234	0.0044	0.0233	0.0143	0.0091	0.0123	0.0106	0.0017	0.0111	0.0037	0.0073	545.3667	383.8229	0.0000	525.0000	514.9671	0.0000	4.3851	1.7504	0.0000	0.0043	0.0070	0.0000	0.0057	0.0066	0.0000	0.0027	0.0081	0.0000			
64	88	0.1060	6	0	2	0	0	0	0	0	0	N	Y	N	N	N	N	N	N	N	N	N	N	0.0000	0.0000	0.0000	0.0000	0.0000	0.0000	0.0000	0.0000	0.0000	0.0000	0.0000	0.0000	0.0000	0.0000	0.0000	0.0000	0.0000	0.0000	0.0000	0.0000	0.2944	0.0000	1.0083	0.0000	0.0000	0.0000	0.0000	0.0000	0.0000	0.0000	0.0000	0.0000	0.0000	0.0000	0.0000	0.0000	0.0000	0.0000	0.0000	0.0000	0.0000	0.0000	0.0000	0.0000	0.0000	0.0000	0.0000	0.0000	0.0000	0.0000	0.0000	0.0000	0.0000	0.0000	0.0000	0.0000	0.0000	0.0000	0.0000	0.0000	0.0000	0.0000	0.0000	0.0000	0.0000	0.0000	0.0000	0.0000	0.0000	0.0000	0.0000	0.0000	0.0000	0.0000	0.0000	0.0000	0.0000	0.0000											
64	89	0.7069	10	0	2	0	0	0	0	0	0	N	Y	N	N	N	N	N	N	N	N	N	N	0.0000	0.0000	0.0000	0.0000	0.0000	0.0000	0.0000	0.0000	0.0000	0.0000	0.0000	0.0000	0.0000	0.0000	0.0000	0.0000	0.0000	0.0000	0.0000	0.0000	0.2944	1.9953	1.0083	1.0817	0.0000	0.0000	0.0000	0.0000	0.0000	0.0000	0.0000	0.0000	0.0000	0.0000	0.0000	0.0000	0.0000	0.0000	0.0000	0.0000	0.0000	0.0000	0.0359	0.0313	0.0046	0.0286	0.0252	0.0034	0.0073	0.0061	0.0012	0.0059	0.0039	0.0020	0.0038	0.0034	0.0004	0.0020	0.0005	0.0015	0.0000	0.0000	0.0000	0.0000	0.0000	0.0000	0.0000	0.0000	0.0000	0.0000	0.0000	0.0000	0.0000	0.0000	0.0000	0.0000	0.0000	0.0000											
64	90	0.6809	9	0	2	0	0	0	0	0	0	N	Y	N	N	N	N	N	N	N	N	N	N	11.8765	10.4214	0.0125	8.1724	10.7759	0.0288	0.0256	0.0071	0.0327	0.0045	0.0052	0.0000	0.0056	0.0064	0.0000	0.0000	0.0000	0.0000	0.0004	0.0005	0.0002	0.0007	0.0006	0.0000	0.0002	0.0007	0.0002	0.0001	0.5553	-0.0000	-0.0000	0.2944	2.3999	1.0083	4.0713	0.0002	0.0002	0.0000	0.0002	0.0002	0.0000	0.0000	0.0000	0.0000	0.0000	0.0000	0.0000	0.0000	0.0000	0.0000	0.0000	0.0000	0.0000	0.0381	0.0332	0.0049	0.0306	0.0268	0.0038	0.0075	0.0063	0.0011	0.0108	0.0071	0.0036	0.0068	0.0059	0.0008	0.0040	0.0012	0.0028	26.0043	30.7264	0.0125	31.3040	31.8256	0.0288	0.0316	0.7566	0.0327	0.0002	0.0002	0.0002	0.0002	0.0002	0.0000	0.0002	0.0000	0.0002
64	91	0.7019	10	0	1	1	0	0	0	0	0	N	N	N	N	N	N	N	N	N	N	N	N	0.0000	0.0000	0.0000	0.0000	0.0000	0.0000	0.0000	0.0000	0.0000	0.0000	0.0000	0.0000	0.0000	0.0000	0.0000	0.0000	0.0000	0.0000	0.0000	0.0000	0.2944	0.0000	1.0083	0.0000	0.0000	0.0000	0.0000	0.0000	0.0000	0.0000	0.0000	0.0000	0.0000	0.0000	0.0000	0.0000	0.0000	0.0000	0.0000	0.0000	0.0000	0.0000	0.0000	0.0000	0.0000	0.0000	0.0000	0.0000	0.0000	0.0000	0.0000	0.0000	0.0000	0.0000	0.0000	0.0000	0.0000	0.0000	0.0000	0.0000	0.0000	0.0000	0.0000	0.0000	0.0000	0.0000	0.0000	0.0000	0.0000	0.0000	0.0000	0.0000	0.0000	0.0000	0.0000	0.0000	0.0000	0.0000											
64	92	0.6698	9	0	1	1	0	0	0	0	0	N	N	N	N	N	N	N	N	N	N	N	N	inf	inf	inf	inf	inf	inf	0.0096	0.0111	0.0000	0.0117	0.0135	0.0000	0.0016	0.0019	0.0000	0.0000	0.0000	0.0000	0.0000	0.0000	0.0000	0.0000	0.0000	0.0000	0.0000	-0.0001	0.0000	0.2944	3.7221	1.0083	2.9993	0.0006	0.0006	0.0000	0.0005	0.0005	0.0000	0.0000	0.0000	0.0000	0.0000	0.0000	0.0000	0.0000	0.0000	0.0000	0.0000	0.0000	0.0000	0.0579	0.0500	0.0079	0.0456	0.0397	0.0059	0.0123	0.0103	0.0020	0.0122	0.0073	0.0048	0.0062	0.0054	0.0009	0.0059	0.0020	0.0040	inf	inf	0.0000	inf	inf	0.0000	inf	inf	0.0000	0.0000	0.0000	0.0000	0.0000	0.0000	0.0000	0.0000	0.0000	0.0000				
64	93	0.6397	8	0	1	0	0	0	0	0	0	N	N	N	N	N	N	N	N	N	N	N	N	inf	inf	inf	inf	0.0009	0.0010	0.0000	0.0011	0.0012	0.0000	0.0000	0.0000	0.0000	0.0000	0.0000	0.0000	0.0000	0.0000	0.0000	0.0000	0.0000	0.0000	0.0000	-0.0000	0.0000	0.2944	2.7217	1.0083	3.0458	0.0000	0.0000	0.0000	0.0000	0.0000	0.0000	0.0000	0.0000	0.0000	0.0000	0.0000	0.0000	0.0000	0.0000	0.0000	0.0000	0.0000	0.0000	0.0424	0.0366	0.0058	0.0334	0.0291	0.0043	0.0090	0.0075	0.0014	0.0103	0.0063	0.0040	0.0054	0.0046	0.0007	0.0049	0.0017	0.0033	inf	inf	0.0000	inf	inf	0.0000	0.0000	0.0000	0.0000	0.0000	0.0000	0.0000	0.0000	0.0000	0.0000	0.0000	0.0000	0.0000						
64	94	0.6972	10	1	2	0	0	0	0	0	0	N	Y	N	N	N	N	N	N	N	N	N	N	11.3752	8.6765	0.0000	99.5539	106.6810	0.4268	0.0196	0.0000	3.2867	3.7536	0.0000	4.0342	4.5792	0.0000	0.0187	0.0219	0.0000	0.2889	0.4326	0.0000	0.0405	0.0429	0.0000	0.0437	1.1156	0.0000	0.0000	0.0000	-0.0763	-0.0001	0.2944	5.9980	1.0083	4.9575	0.2934	0.2934	0.0000	0.2931	0.2931	0.0000	0.0003	0.0003	0.0000	0.0001	0.0001	0.0000	0.0001	0.0001	0.0000	0.0000	0.0000	0.0000	0.0893	0.0782	0.0111	0.0727	0.0640	0.0086	0.0166	0.0142	0.0025	0.0161	0.0112	0.0049	0.0106	0.0093	0.0014	0.0054	0.0019	0.0035	528.0449	419.4905	0.0000	611.8737	605.2790	0.0000	3.3881	1.4019	0.0000	0.0062	0.0089	0.0000	0.0066	0.0076	0.0000	0.0055	0.0156	0.0000	
64	95	0.1060	6	1	2	0	0	0	0	0	0	N	Y	N	N	N	N	N	N	N	N	N	N	0.0000	0.0000	0.0000	0.0000	0.0000	0.0000	0.0000	0.0000	0.0000	0.0000	0.0000	0.0000	0.0000	0.0000	0.0000	0.0000	0.0000	0.0000	0.0000	0.0000	0.2944	0.0000	1.0083	2.0000	0.0000	0.0000	0.0000	0.0000	0.0000	0.0000	0.0000	0.0000	0.0000	0.0000	0.0000	0.0000	0.0000	0.0000	0.0000	0.0000	0.0000	0.0000	0.0000	0.0000	0.0000	0.0000	0.0000	0.0000	0.0000	0.0000	0.0000	0.0067	0.0024	0.0043	0.0002	0.0002	0.0000	0.0065	0.0022	0.0042	0.0000	0.0000	0.0000	0.0000	0.0000	0.0000	0.0000	0.0000	0.0000	0.0000	0.0000	0.0000	0.0000	0.0000	0.0000	0.0000	0.0000	0.0000											
64	96	0.0836	5	0	2	0	0	0	0	0	0	N	Y	N	N	N	N	N	N	N	N	N	N	inf	inf	inf	inf	inf	inf	inf	inf	2.5698	0.0007	34.1426	0.0468	0.0016	8.5095	4.1255	0.0000	34.8521	0.0000	0.0000	0.0000	0.0000	0.0000	0.0000	0.0000	0.0000	0.0000	4192.4286	0.2171	0.0000	0.2944	4.0000	1.0083	0.0000	0.2935	0.0001	0.2935	0.0020	0.0001	0.0020	0.2915	0.0000	0.2915	0.0000	0.0000	0.0000	0.0000	0.0000	0.0000	0.0000	0.0000	0.0000	0.1142	0.1056	0.0086	0.0436	0.0433	0.0002	0.0707	0.0623	0.0084	0.0123	0.0058	0.0065	0.0033	0.0029	0.0004	0.0090	0.0029	0.0061	inf	inf	inf	inf	inf	inf	inf	0.0000	inf	0.0000	0.0000	0.0000	0.0000	0.0000	0.0000	0.0000	0.0000	0.0000		
64	97	0.6397	8	0	1	0	0	0	0	0	0	N	N	N	N	N	N	N	N	N	N	N	N	inf	inf	inf	inf	0.0034	0.0040	0.0000	0.0044	0.0050	0.0000	0.0000	0.0000	0.0000	0.0000	0.0000	0.0000	0.0000	0.0000	0.0000	0.0000	0.0000	0.0000	0.0000	-0.0001	0.0000	0.2944	3.9994	1.0083	4.0000	0.0002	0.0002	0.0000	0.0002	0.0002	0.0000	0.0000	0.0000	0.0000	0.0000	0.0000	0.0000	0.0000	0.0000	0.0000	0.0000	0.0000	0.0000	0.0609	0.0526	0.0082	0.0479	0.0417	0.0062	0.0130	0.0109	0.0021	0.0140	0.0086	0.0055	0.0073	0.0063	0.0010	0.0067	0.0023	0.0044	inf	inf	0.0000	inf	inf	0.0000	0.0000	0.0000	0.0000	0.0000	0.0000	0.0000	0.0000	0.0000	0.0000	0.0000	0.0000	0.0000						
64	98	0.0836	5	0	1	0	0	0	0	0	0	N	N	N	N	N	N	N	N	N	N	N	N	0.0000	0.0000	0.0000	0.0000	0.0000	0.0000	0.0000	0.0000	0.0000	0.0000	0.0000	0.0000	0.0000	0.0000	0.0000	0.0000	0.0000	0.0000	0.0000	0.0000	0.2944	1.0000	1.0083	0.0000	0.0000	0.0000	0.0000	0.0000	0.0000	0.0000	0.0000	0.0000	0.0000	0.0000	0.0000	0.0000	0.0000	0.0000	0.0000	0.0000	0.0000	0.0000	0.0565	0.0522	0.0043	0.0214	0.0213	0.0001	0.0351	0.0309	0.0042	0.0060	0.0028	0.0032	0.0017	0.0014	0.0002	0.0043	0.0014	0.0029	0.0000	0.0000	0.0000	0.0000	0.0000	0.0000	0.0000	0.0000	0.0000	0.0000	0.0000	0.0000	0.0000	0.0000	0.0000	0.0000	0.0000	0.0000											
64	99	0.5287	7	0	1	0	0	0	0	0	0	N	N	N	N	N	N	N	N	N	N	N	N	0.0002	0.0034	0.0001	0.0000	0.0001	0.0000	0.0342	inf	0.0047	0.0001	0.0001	0.0000	0.0000	0.0000	0.0000	0.0005	0.0006	0.0000	0.4381	0.0343	0.0615	0.3179	0.0174	0.4944	0.0144	0.0000	0.0036	0.0096	4.2901	-0.0000	0.0001	0.2944	1.5982	1.0083	11.1970	0.0000	0.0000	0.0000	0.0000	0.0000	0.0000	0.0000	0.0000	0.0000	0.0003	0.0001	0.0003	0.0003	0.0001	0.0002	0.0000	0.0000	0.0000	0.0292	0.0251	0.0041	0.0233	0.0201	0.0032	0.0059	0.0050	0.0010	0.0322	0.0186	0.0136	0.0139	0.0124	0.0014	0.0183	0.0062	0.0122	0.0104	0.0367	0.0004	0.0001	0.0003	0.0000	0.2042	inf	0.0047	0.0097	0.0032	0.0187	0.0194	0.0048	0.1456	0.0024	0.0000	0.0036
64	100	0.6987	11	1	2	1	0	0	0	0	0	N	Y	N	N	N	N	N	N	N	N	N	N	0.0000	0.0000	0.0000	0.0000	0.0000	0.0000	0.0000	0.0000	0.0000	0.0000	0.0000	0.0000	0.0000	0.0000	0.0000	0.0000	0.0000	0.0000	0.0000	0.0000	0.2944	0.0000	1.0083	0.9982	0.0000	0.0000	0.0000	0.0000	0.0000	0.0000	0.0000	0.0000	0.0000	0.0000	0.0000	0.0000	0.0000	0.0000	0.0000	0.0000	0.0000	0.0000	0.0012	0.0011	0.0001	0.0010	0.0009	0.0001	0.0002	0.0002	0.0000	0.0016	0.0011	0.0005	0.0011	0.0009	0.0001	0.0005	0.0002	0.0003	0.0000	0.0000	0.0000	0.0000	0.0000	0.0000	0.0000	0.0000	0.0000	0.0000	0.0000	0.0000	0.0000	0.0000	0.0000	0.0000	0.0000	0.0000											
64	101	0.1183	8	1	2	1	0	0	0	0	0	N	Y	N	N	N	N	N	N	N	N	N	N	0.0000	0.0000	0.0000	0.0000	0.0000	0.0000	0.0000	0.0000	0.0000	0.0000	0.0000	0.0000	0.0000	0.0000	0.0000	0.0000	0.0000	0.0000	0.0000	0.0000	0.2944	0.0000	1.0083	0.0000	0.0000	0.0000	0.0000	0.0000	0.0000	0.0000	0.0000	0.0000	0.0000	0.0000	0.0000	0.0000	0.0000	0.0000	0.0000	0.0000	0.0000	0.0000	0.0000	0.0000	0.0000	0.0000	0.0000	0.0000	0.0000	0.0000	0.0000	0.0000	0.0000	0.0000	0.0000	0.0000	0.0000	0.0000	0.0000	0.0000	0.0000	0.0000	0.0000	0.0000	0.0000	0.0000	0.0000	0.0000	0.0000	0.0000	0.0000	0.0000	0.0000	0.0000	0.0000	0.0000	0.0000	0.0000											
64	102	0.1183	7	1	1	1	0	0	0	0	0	N	N	N	N	N	N	N	N	N	N	N	N	0.0000	0.0000	0.0000	0.0000	0.0000	0.0000	0.0000	0.0000	0.0000	0.0000	0.0000	0.0000	0.0000	0.0000	0.0000	0.0000	0.0000	0.0000	0.0000	0.0000	0.2944	0.0000	1.0083	0.0000	0.0000	0.0000	0.0000	0.0000	0.0000	0.0000	0.0000	0.0000	0.0000	0.0000	0.0000	0.0000	0.0000	0.0000	0.0000	0.0000	0.0000	0.0000	0.0000	0.0000	0.0000	0.0000	0.0000	0.0000	0.0000	0.0000	0.0000	0.0000	0.0000	0.0000	0.0000	0.0000	0.0000	0.0000	0.0000	0.0000	0.0000	0.0000	0.0000	0.0000	0.0000	0.0000	0.0000	0.0000	0.0000	0.0000	0.0000	0.0000	0.0000	0.0000	0.0000	0.0000	0.0000	0.0000											
64	103	0.1122	6	1	1	1	0	0	0	0	0	N	N	N	N	N	N	N	N	N	N	N	N	0.0000	0.0000	0.0000	0.0000	0.0000	0.0000	0.0000	0.0000	0.0000	0.0000	0.0000	0.0000	0.0000	0.0000	0.0000	0.0000	0.0000	0.0000	-0.0000	0.0000	0.2944	0.0000	1.0083	1.0091	0.0000	0.0000	0.0000	0.0000	0.0000	0.0000	0.0000	0.0000	0.0000	0.0000	0.0000	0.0000	0.0000	0.0000	0.0000	0.0000	0.0000	0.0000	0.0000	0.0000	0.0000	0.0000	0.0000	0.0000	0.0000	0.0000	0.0000	0.0034	0.0012	0.0022	0.0001	0.0001	0.0000	0.0033	0.0011	0.0022	0.0000	0.0000	0.0000	0.0000	0.0000	0.0000	0.0000	0.0000	0.0000	0.0000	0.0000	0.0000	0.0000	0.0000	0.0000	0.0000	0.0000	0.0000											
64	104	0.6397	8	0	2	0	0	0	0	0	0	N	Y	N	N	N	N	N	N	N	N	N	N	inf	inf	inf	inf	inf	inf	0.0062	0.0072	0.0000	0.0078	0.0089	0.0000	0.0008	0.0010	0.0000	0.0000	0.0000	0.0000	0.0000	0.0000	0.0000	0.0000	0.0000	0.0000	0.0000	-0.0002	0.0000	0.2944	7.9994	1.0083	4.0001	0.0007	0.0007	0.0000	0.0007	0.0007	0.0000	0.0000	0.0000	0.0000	0.0000	0.0000	0.0000	0.0000	0.0000	0.0000	0.0000	0.0000	0.0000	0.1137	0.0987	0.0150	0.0888	0.0777	0.0111	0.0249	0.0210	0.0039	0.0203	0.0124	0.0079	0.0107	0.0092	0.0015	0.0097	0.0033	0.0064	inf	inf	0.0000	inf	inf	0.0000	inf	inf	0.0000	0.0000	0.0000	0.0000	0.0000	0.0000	0.0000	0.0000	0.0000	0.0000				
64	105	0.7021	12	1	1	1	0	0	0	0	0	N	N	N	N	N	N	N	N	N	N	N	N	0.0000	0.0000	0.0000	0.0000	0.0000	0.0000	0.0000	0.0000	0.0000	0.0000	0.0000	0.0000	0.0000	0.0000	0.0000	0.0000	0.0000	0.0000	0.0000	0.0000	0.2944	1.0000	1.0083	1.0005	0.0000	0.0000	0.0000	0.0000	0.0000	0.0000	0.0000	0.0000	0.0000	0.0000	0.0000	0.0000	0.0000	0.0000	0.0000	0.0000	0.0000	0.0000	0.0162	0.0142	0.0021	0.0134	0.0117	0.0016	0.0029	0.0025	0.0004	0.0031	0.0022	0.0009	0.0021	0.0018	0.0003	0.0010	0.0004	0.0007	0.0000	0.0000	0.0000	0.0000	0.0000	0.0000	0.0000	0.0000	0.0000	0.0000	0.0000	0.0000	0.0000	0.0000	0.0000	0.0000	0.0000	0.0000											
64	106	0.6987	11	1	1	1	0	0	0	0	0	N	N	N	N	N	N	N	N	N	N	N	N	10.8229	7.4576	0.0000	0.1048	0.1196	147.8803	5.0645	0.0000	0.0027	0.0031	0.0000	0.0001	0.0001	0.0000	0.0152	0.0180	0.0000	0.0003	0.0004	0.0000	0.0005	0.0005	0.0000	0.0001	0.0036	0.0000	0.0000	0.0261	-0.0000	-0.0000	0.2944	0.7249	1.0083	0.0368	0.0000	0.0000	0.0000	0.0000	0.0000	0.0000	0.0000	0.0000	0.0000	0.0000	0.0000	0.0000	0.0000	0.0000	0.0000	0.0000	0.0000	0.0000	0.0130	0.0114	0.0016	0.0107	0.0094	0.0013	0.0023	0.0019	0.0004	0.0012	0.0009	0.0004	0.0008	0.0007	0.0001	0.0004	0.0001	0.0003	29.5681	24.1747	0.0000	0.5099	0.5051	0.0000	243.3726	112.2817	0.0000	0.0001	0.0001	0.0000	0.0001	0.0001	0.0000	0.0001	0.0002	0.0000	
64	107	0.6972	10	1	1	1	0	0	0	0	0	N	N	N	N	N	N	N	N	N	N	N	N	15.7064	19.0452	0.8340	7.2360	8.7962	14.3156	95.3296	7.1378	0.0000	0.0111	0.0125	0.0002	0.0054	0.0060	0.0003	0.0410	0.0480	0.0000	0.0007	0.0007	0.0003	0.0007	0.0007	0.0000	0.0004	0.0067	0.0004	0.0025	0.4161	-0.0000	-0.0000	0.2944	0.4159	1.0083	0.0887	0.0001	0.0001	0.0000	0.0000	0.0000	0.0000	0.0001	0.0001	0.0000	0.0000	0.0000	0.0000	0.0000	0.0000	0.0000	0.0000	0.0000	0.0000	0.0080	0.0071	0.0010	0.0068	0.0060	0.0008	0.0013	0.0011	0.0002	0.0009	0.0006	0.0003	0.0006	0.0005	0.0001	0.0003	0.0001	0.0002	39.9202	45.3883	0.8340	23.9768	23.9406	14.3156	108.7982	126.5539	0.0000	0.0003	0.0003	0.0003	0.0002	0.0003	0.0000	0.0004	0.0004	0.0004
64	108	0.6809	9	1	1	0	0	0	0	0	0	N	N	N	N	N	N	N	N	N	N	N	N	34.8159	24.9501	0.0000	24.7824	29.3317	0.0000	0.1661	0.0098	0.0000	0.0043	0.0049	0.0000	0.0054	0.0061	0.0000	0.0000	0.0000	0.0000	0.0001	0.0002	0.0000	0.0002	0.0002	0.0000	0.0001	0.0011	0.0000	0.0000	0.9134	-0.0001	-0.0000	0.2944	3.9943	1.0083	0.9974	0.0003	0.0003	0.0000	0.0003	0.0003	0.0000	0.0000	0.0000	0.0000	0.0000	0.0000	0.0000	0.0000	0.0000	0.0000	0.0000	0.0000	0.0000	0.0613	0.0534	0.0079	0.0491	0.0431	0.0060	0.0122	0.0104	0.0019	0.0084	0.0056	0.0028	0.0053	0.0046	0.0007	0.0031	0.0009	0.0022	244.9904	356.1295	0.0000	459.8150	475.9499	0.0000	0.3489	0.6010	0.0000	0.0000	0.0000	0.0000	0.0000	0.0000	0.0000	0.0000	0.0000	0.0000
64	109	0.1122	6	1	1	1	0	0	0	0	0	N	N	N	N	N	N	N	N	N	N	N	N	0.0000	0.0000	0.0000	0.0000	0.0000	0.0000	0.0000	0.0000	0.0000	0.0000	0.0000	0.0000	0.0000	0.0000	0.0000	0.0000	0.0000	0.0000	-0.0000	0.0000	0.2944	0.0000	1.0083	0.9909	0.0000	0.0000	0.0000	0.0000	0.0000	0.0000	0.0000	0.0000	0.0000	0.0000	0.0000	0.0000	0.0000	0.0000	0.0000	0.0000	0.0000	0.0000	0.0000	0.0000	0.0000	0.0000	0.0000	0.0000	0.0000	0.0000	0.0000	0.0034	0.0012	0.0021	0.0001	0.0001	0.0000	0.0033	0.0011	0.0021	0.0000	0.0000	0.0000	0.0000	0.0000	0.0000	0.0000	0.0000	0.0000	0.0000	0.0000	0.0000	0.0000	0.0000	0.0000	0.0000	0.0000	0.0000											
64	110	0.0836	5	1	1	1	0	0	0	0	0	N	N	N	N	N	N	N	N	N	N	N	N	inf	inf	inf	inf	inf	inf	inf	inf	2.5702	0.0011	34.1426	0.0480	0.0028	8.5095	4.1255	0.0000	34.8521	0.0000	0.0000	0.0000	0.0000	0.0000	0.0000	0.0000	0.0000	0.0000	2445.5915	0.2171	0.0000	0.2944	4.0000	1.0083	0.0000	0.2936	0.0001	0.2935	0.0021	0.0001	0.0020	0.2915	0.0000	0.2915	0.0000	0.0000	0.0000	0.0000	0.0000	0.0000	0.0000	0.0000	0.0000	0.1142	0.1056	0.0086	0.0436	0.0433	0.0002	0.0707	0.0623	0.0084	0.0123	0.0058	0.0065	0.0033	0.0029	0.0004	0.0090	0.0029	0.0061	inf	inf	inf	inf	inf	inf	inf	0.0000	inf	0.0000	0.0000	0.0000	0.0000	0.0000	0.0000	0.0000	0.0000	0.0000		
64	112	0.6855	9	0	1	1	0	0	0	0	0	N	N	N	N	N	N	N	N	N	N	N	N	0.0000	0.0000	0.0000	0.0000	0.0000	0.0000	0.0000	0.0000	0.0000	0.0000	0.0000	0.0000	0.0000	0.0000	0.0000	0.0000	0.0000	0.0000	0.0000	0.0000	0.2944	0.0000	1.0083	0.0001	0.0000	0.0000	0.0000	0.0000	0.0000	0.0000	0.0000	0.0000	0.0000	0.0000	0.0000	0.0000	0.0000	0.0000	0.0000	0.0000	0.0000	0.0000	0.0000	0.0000	0.0000	0.0000	0.0000	0.0000	0.0000	0.0000	0.0000	0.0000	0.0000	0.0000	0.0000	0.0000	0.0000	0.0000	0.0000	0.0000	0.0000	0.0000	0.0000	0.0000	0.0000	0.0000	0.0000	0.0000	0.0000	0.0000	0.0000	0.0000	0.0000	0.0000	0.0000	0.0000	0.0000	0.0000											
64	113	0.6397	8	0	1	1	0	0	0	0	0	N	N	N	N	N	N	N	N	N	N	N	N	inf	inf	inf	inf	inf	inf	0.0074	0.0085	0.0000	0.0090	0.0103	0.0000	0.0015	0.0018	0.0000	0.0000	0.0000	0.0000	0.0000	0.0000	0.0000	0.0000	0.0000	0.0000	0.0000	-0.0001	0.0000	0.2944	4.0004	1.0083	4.9999	0.0005	0.0005	0.0000	0.0004	0.0004	0.0000	0.0000	0.0000	0.0000	0.0000	0.0000	0.0000	0.0000	0.0000	0.0000	0.0000	0.0000	0.0000	0.0609	0.0526	0.0082	0.0479	0.0417	0.0062	0.0130	0.0109	0.0021	0.0157	0.0096	0.0061	0.0082	0.0071	0.0011	0.0075	0.0025	0.0049	inf	inf	0.0000	inf	inf	0.0000	inf	inf	0.0000	0.0000	0.0000	0.0000	0.0000	0.0000	0.0000	0.0000	0.0000	0.0000				
64	114	0.0509	4	0	2	0	0	0	0	0	0	N	Y	N	N	N	N	N	N	N	N	N	N	0.0079	0.0047	0.0181	0.0146	0.0149	0.0000	0.0063	0.0002	0.0159	0.0033	0.0035	0.0000	0.0091	0.0091	0.0000	0.0000	0.0000	0.0000	0.4125	0.7512	0.0000	0.6232	0.6106	0.0001	0.0001	0.0020	0.0000	0.0000	0.0008	-0.0001	-0.0002	0.2944	4.3361	1.0083	4.6323	0.0004	0.0004	0.0000	0.0004	0.0004	0.0000	0.0000	0.0000	0.0000	0.0004	0.0004	0.0000	0.0004	0.0004	0.0000	0.0000	0.0000	0.0000	0.1336	0.1228	0.0108	0.0479	0.0477	0.0002	0.0857	0.0751	0.0106	0.0442	0.0229	0.0213	0.0102	0.0094	0.0008	0.0340	0.0135	0.0205	0.3558	0.2004	0.0181	0.2294	0.2123	0.0000	0.0133	0.0079	0.0159	0.0091	0.0176	0.0000	0.0395	0.0429	0.0001	0.0000	0.0000	0.0000
64	116	0.6397	8	0	2	0	1	0	0	0	0	N	Y	N	N	N	N	N	N	N	N	N	N	inf	inf	inf	inf	inf	inf	3.9280	4.5389	0.0000	4.9982	5.7290	0.0000	0.0193	0.0230	0.0000	0.0000	0.0000	0.0000	0.0000	0.0000	0.0000	0.0000	0.0000	0.0000	0.0000	-0.0764	0.0000	0.2944	5.0006	1.0083	2.0000	0.2937	0.2937	0.0000	0.2934	0.2934	0.0000	0.0003	0.0003	0.0000	0.0000	0.0000	0.0000	0.0000	0.0000	0.0000	0.0000	0.0000	0.0000	0.0748	0.0647	0.0101	0.0587	0.0512	0.0075	0.0161	0.0135	0.0026	0.0124	0.0076	0.0048	0.0065	0.0056	0.0009	0.0059	0.0020	0.0039	inf	inf	0.0000	inf	inf	0.0000	inf	inf	0.0000	0.0000	0.0000	0.0000	0.0000	0.0000	0.0000	0.0000	0.0000	0.0000				
64	117	0.0836	5	0	2	0	1	0	0	0	0	N	Y	N	N	N	N	N	N	N	N	N	N	0.0000	0.0000	0.0000	0.0000	0.0000	0.0000	0.0000	0.0000	0.0000	0.0000	0.0000	0.0000	0.0000	0.0000	0.0000	0.0000	0.0000	0.0000	0.0000	0.0000	0.2944	0.0000	1.0083	1.0000	0.0000	0.0000	0.0000	0.0000	0.0000	0.0000	0.0000	0.0000	0.0000	0.0000	0.0000	0.0000	0.0000	0.0000	0.0000	0.0000	0.0000	0.0000	0.0000	0.0000	0.0000	0.0000	0.0000	0.0000	0.0000	0.0000	0.0000	0.0046	0.0022	0.0024	0.0013	0.0011	0.0002	0.0033	0.0011	0.0022	0.0000	0.0000	0.0000	0.0000	0.0000	0.0000	0.0000	0.0000	0.0000	0.0000	0.0000	0.0000	0.0000	0.0000	0.0000	0.0000	0.0000	0.0000											
64	118	0.6397	8	0	2	0	0	0	0	0	0	N	Y	N	N	N	N	N	N	N	N	N	N	inf	inf	inf	inf	inf	inf	0.0026	0.0030	0.0000	0.0032	0.0036	0.0000	0.0006	0.0007	0.0000	0.0000	0.0000	0.0000	0.0000	0.0000	0.0000	0.0000	0.0000	0.0000	0.0000	-0.0001	0.0000	0.2944	16.9994	1.0083	6.0000	0.0006	0.0006	0.0000	0.0005	0.0005	0.0000	0.0000	0.0000	0.0000	0.0000	0.0000	0.0000	0.0000	0.0000	0.0000	0.0000	0.0000	0.0000	0.2117	0.1853	0.0264	0.1633	0.1443	0.0190	0.0484	0.0410	0.0074	0.0356	0.0218	0.0138	0.0188	0.0161	0.0027	0.0168	0.0056	0.0111	inf	inf	0.0000	inf	inf	0.0000	inf	inf	0.0000	0.0000	0.0000	0.0000	0.0000	0.0000	0.0000	0.0000	0.0000	0.0000				
64	119	0.0836	5	0	2	0	0	0	0	0	0	N	Y	N	N	N	N	N	N	N	N	N	N	0.0003	0.0002	0.0004	0.0004	0.0004	0.0004	0.0000	0.0009	0.0010	0.0000	0.0000	0.0000	0.0000	1.0523	1.6940	0.0000	2.1888	2.3379	0.0000	0.0000	0.0000	0.0000	0.0000	0.0000	-0.0000	-0.0009	0.2944	5.0000	1.0083	6.0000	0.0001	0.0001	0.0000	0.0001	0.0001	0.0000	0.0000	0.0000	0.0000	0.0016	0.0016	0.0000	0.0016	0.0016	0.0000	0.0000	0.0000	0.0000	0.1383	0.1280	0.0103	0.0529	0.0526	0.0003	0.0854	0.0753	0.0101	0.0290	0.0134	0.0156	0.0073	0.0063	0.0010	0.0217	0.0071	0.0146	0.0063	0.0032	0.0000	0.0042	0.0036	0.0000	0.0000	0.0000	0.0000	0.0569	0.1230	0.0000	0.2255	0.2606	0.0000	0.0000	0.0000	0.0000					
64	120	0.1116	6	0	2	0	0	0	0	0	0	N	Y	N	N	N	N	N	N	N	N	N	N	0.0647	0.0015	207.5016	0.0022	0.0017	1.0806	43.1010	0.0000	246.8546	0.0838	0.0030	0.4184	0.0064	0.0051	0.0783	0.1569	0.0000	0.4346	1.2964	1.9838	0.0020	2.9479	2.9967	0.0724	0.0036	0.0009	0.0018	33.7161	0.0109	0.0012	-0.0004	0.2944	0.9998	1.0083	0.9486	0.0017	0.0000	0.0017	0.0001	0.0000	0.0000	0.0017	0.0000	0.0017	0.0007	0.0007	0.0000	0.0007	0.0007	0.0000	0.0000	0.0000	0.0000	0.0205	0.0165	0.0040	0.0100	0.0098	0.0002	0.0106	0.0068	0.0038	0.0068	0.0029	0.0039	0.0013	0.0013	0.0000	0.0054	0.0015	0.0039	0.7746	0.0118	207.5016	0.0119	0.0092	2.5332	124.0994	0.0000	246.8546	0.1082	0.2543	0.0020	0.5385	0.5518	0.0309	0.0013	0.0000	0.0018
64	121	0.0836	5	0	2	0	0	0	0	0	0	N	Y	N	N	N	N	N	N	N	N	N	N	22.8920	0.0016	inf	0.1932	0.0062	inf	5510691.9897	0.0962	inf	1.9392	0.0005	25.9861	0.0352	0.0012	6.4252	3.1208	0.0000	26.5320	0.0847	0.3309	0.0000	0.1822	0.1983	0.0000	0.0000	0.0004	0.0000	3978.4180	0.0000	0.2159	-0.0000	0.2944	3.0005	1.0083	1.1085	0.2919	0.0001	0.2918	0.0020	0.0001	0.0020	0.2898	0.0000	0.2898	0.0001	0.0001	0.0000	0.0001	0.0001	0.0000	0.0000	0.0000	0.0000	0.1505	0.1393	0.0112	0.0576	0.0573	0.0003	0.0929	0.0819	0.0109	0.0215	0.0100	0.0115	0.0056	0.0049	0.0008	0.0159	0.0052	0.0107	572.1130	0.0725	inf	2.7177	0.0822	inf	5510691.9897	20.3901	inf	0.0034	0.0073	0.0000	0.0130	0.0150	0.0000	0.0000	0.0000	0.0000
64	122	0.6809	9	0	2	0	0	0	0	0	0	N	Y	N	N	N	N	N	N	N	N	N	N	inf	inf	inf	inf	inf	inf	0.0094	0.0108	0.0000	0.0116	0.0133	0.0000	0.0000	0.0000	0.0000	0.0000	0.0000	0.0000	0.0000	0.0000	0.0000	0.0000	0.0000	0.0000	0.0000	-0.0001	0.0000	0.2944	2.0001	1.0083	3.0000	0.0003	0.0003	0.0000	0.0003	0.0003	0.0000	0.0000	0.0000	0.0000	0.0000	0.0000	0.0000	0.0000	0.0000	0.0000	0.0000	0.0000	0.0000	0.0320	0.0279	0.0042	0.0258	0.0226	0.0032	0.0063	0.0053	0.0010	0.0084	0.0056	0.0028	0.0053	0.0046	0.0007	0.0031	0.0009	0.0022	inf	inf	0.0000	inf	inf	0.0000	inf	inf	0.0000	0.0000	0.0000	0.0000	0.0000	0.0000	0.0000	0.0000	0.0000	0.0000				
64	123	0.6397	8	0	1	0	0	0	0	0	0	N	N	N	N	N	N	N	N	N	N	N	N	90.6924	44.3741	inf	41.7318	45.7645	inf	inf	inf	inf	0.0050	0.0052	0.0037	0.0061	0.0062	0.0050	0.0014	0.0016	0.0000	0.0001	0.0001	0.0000	0.0001	0.0001	0.0000	0.0000	0.0000	0.0000	0.1090	0.0000	-0.0001	-0.0000	0.2944	6.9986	1.0083	2.0000	0.0005	0.0005	0.0001	0.0005	0.0004	0.0001	0.0000	0.0000	0.0000	0.0000	0.0000	0.0000	0.0000	0.0000	0.0000	0.0000	0.0000	0.0000	0.1012	0.0877	0.0134	0.0791	0.0692	0.0099	0.0220	0.0185	0.0035	0.0157	0.0096	0.0061	0.0082	0.0071	0.0011	0.0075	0.0025	0.0049	3327.2808	2115.6571	inf	2097.6515	1849.4989	inf	inf	inf	inf	0.0000	0.0000	0.0000	0.0000	0.0000	0.0000	0.0000	0.0000	0.0000
64	124	0.1171	6	0	2	0	0	0	0	0	0	N	Y	N	N	N	N	N	N	N	N	N	N	233.3992	0.4089	18104.5648	8.5813	0.9220	106149.0608	1929.3031	0.0001	17535.2766	1.4924	0.0012	18.7530	0.0269	0.0026	2.6556	2.5379	0.0000	19.5637	0.0064	0.0028	0.0010	0.0031	0.0028	0.0000	0.0013	0.0006	0.0011	1405.7647	1.6507	0.2158	0.0000	0.2944	3.9006	1.0083	3.1543	0.2919	0.0002	0.2917	0.0022	0.0002	0.0020	0.2897	0.0000	0.2897	0.0000	0.0000	0.0000	0.0000	0.0000	0.0000	0.0000	0.0000	0.0000	0.1956	0.1800	0.0156	0.0814	0.0807	0.0007	0.1142	0.0993	0.0148	0.0292	0.0131	0.0161	0.0087	0.0075	0.0012	0.0205	0.0056	0.0149	1627.7227	1.4954	18104.5648	23.0892	1.9155	106149.0608	3124.2500	0.0146	17535.2766	0.0009	0.0008	0.0010	0.0012	0.0013	0.0000	0.0008	0.0000	0.0011
64	125	0.0836	5	0	2	0	0	0	0	0	0	N	Y	N	N	N	N	N	N	N	N	N	N	3.0792	0.0206	609204.0112	0.0355	0.0105	11402.4251	25367.0278	0.7394	inf	0.0196	0.0003	0.2551	0.0005	0.0001	0.0639	0.0313	0.0004	0.2604	0.0064	0.0145	0.0000	0.0136	0.0135	0.0000	0.0000	0.0006	0.0000	69.8534	0.0002	0.0013	-0.0000	0.2944	1.6924	1.0083	1.9110	0.0018	0.0000	0.0018	0.0000	0.0000	0.0000	0.0018	0.0000	0.0018	0.0000	0.0000	0.0000	0.0000	0.0000	0.0000	0.0000	0.0000	0.0000	0.0917	0.0848	0.0069	0.0349	0.0347	0.0002	0.0568	0.0501	0.0068	0.0193	0.0090	0.0103	0.0051	0.0044	0.0007	0.0142	0.0046	0.0096	21.3493	0.1524	609204.0112	0.1389	0.0355	11402.4251	25367.0278	110.1466	inf	0.0009	0.0020	0.0000	0.0035	0.0040	0.0000	0.0000	0.0000	0.0000
64	126	0.6397	8	0	2	0	0	0	0	0	0	N	Y	N	N	N	N	N	N	N	N	N	N	0.0000	0.0000	0.0000	0.0000	0.0000	0.0000	0.0000	0.0000	0.0000	0.0000	0.0000	0.0000	0.0000	0.0000	0.0000	0.1979	0.0000	0.0399	0.0486	0.0000	0.1535	0.0167	0.0000	0.0040	inf	0.0000	0.0000	0.2944	0.9996	1.0083	8.0005	0.0000	0.0000	0.0000	0.0000	0.0000	0.0000	0.0000	0.0000	0.0000	0.0001	0.0000	0.0001	0.0001	0.0000	0.0001	0.0000	0.0000	0.0000	0.0161	0.0139	0.0022	0.0127	0.0111	0.0017	0.0034	0.0028	0.0005	0.0157	0.0096	0.0061	0.0082	0.0071	0.0011	0.0075	0.0025	0.0049	0.0000	0.0000	0.0000	0.0000	0.0000	0.0000	0.0000	0.0000	0.0000	0.0051	0.0000	0.0132	0.0073	0.0000	0.0525	0.0027	0.0000	0.0040				
64	127	0.5451	8	0	1	0	0	0	0	0	0	N	N	N	N	N	N	N	N	N	N	N	N	0.0006	0.0001	0.0164	0.0004	0.0002	0.0065	0.0089	0.0000	0.0431	0.0000	0.0000	0.0000	0.0000	0.0000	0.0000	0.0000	0.0000	0.0000	0.0018	0.0015	0.0004	0.0017	0.0014	0.0005	0.0003	0.0002	0.0004	6.3723	0.6563	0.0000	-0.0000	0.2944	3.6536	1.0083	12.3970	0.0000	0.0000	0.0000	0.0000	0.0000	0.0000	0.0000	0.0000	0.0000	0.0000	0.0000	0.0000	0.0000	0.0000	0.0000	0.0000	0.0000	0.0000	0.0606	0.0522	0.0083	0.0478	0.0415	0.0063	0.0127	0.0107	0.0020	0.0350	0.0201	0.0149	0.0150	0.0132	0.0018	0.0201	0.0069	0.0132	0.0024	0.0004	0.0164	0.0009	0.0003	0.0074	0.0104	0.0000	0.0431	0.0005	0.0005	0.0004	0.0007	0.0008	0.0005	0.0003	0.0000	0.0004
64	128	0.3339	6	0	1	0	0	0	0	0	0	N	N	N	N	N	N	N	N	N	N	N	N	0.0624	0.0496	0.0536	0.0613	0.0653	0.0198	0.0008	0.0001	0.0702	0.0913	0.1026	0.0001	0.1585	0.1747	0.0001	0.0003	0.0004	0.0001	1.4633	2.0689	0.0013	2.5862	2.6761	0.0030	0.4170	2.4253	0.0012	0.0001	0.0033	-0.0046	-0.0058	0.2944	5.3495	1.0083	12.4099	0.0178	0.0178	0.0000	0.0178	0.0178	0.0000	0.0000	0.0000	0.0000	0.0112	0.0112	0.0000	0.0101	0.0100	0.0000	0.0012	0.0011	0.0000	0.1955	0.1739	0.0215	0.1124	0.1020	0.0104	0.0831	0.0720	0.0111	0.0661	0.0385	0.0276	0.0286	0.0249	0.0036	0.0375	0.0135	0.0240	0.5373	0.3526	0.0536	0.4500	0.4334	0.0250	0.0104	0.0043	0.0702	0.1699	0.2909	0.0013	0.3522	0.4032	0.0024	0.0311	0.0840	0.0012
64	129	0.7512	14	0	2	0	1	0	0	0	0	N	Y	N	N	N	N	N	N	N	N	N	N	0.0000	0.0000	0.0000	0.0000	0.0000	0.0000	0.0000	0.0000	0.0000	0.0000	0.0000	0.0000	0.0000	0.0000	0.0000	0.0000	0.0000	0.0000	0.0000	0.0000	0.2944	0.0000	1.0083	0.0000	0.0000	0.0000	0.0000	0.0000	0.0000	0.0000	0.0000	0.0000	0.0000	0.0000	0.0000	0.0000	0.0000	0.0000	0.0000	0.0000	0.0000	0.0000	0.0000	0.0000	0.0000	0.0000	0.0000	0.0000	0.0000	0.0000	0.0000	0.0000	0.0000	0.0000	0.0000	0.0000	0.0000	0.0000	0.0000	0.0000	0.0000	0.0000	0.0000	0.0000	0.0000	0.0000	0.0000	0.0000	0.0000	0.0000	0.0000	0.0000	0.0000	0.0000	0.0000	0.0000	0.0000	0.0000											
64	130	0.7349	13	0	2	0	1	0	0	0	0	N	Y	N	N	N	N	N	N	N	N	N	N	0.0000	0.0000	0.0000	0.0000	0.0000	0.0000	0.0000	0.0000	0.0000	0.0000	0.0000	0.0000	0.0000	0.0000	0.0000	0.0000	0.0000	0.0000	0.0000	0.0000	0.2944	0.0000	1.0083	3.0001	0.0000	0.0000	0.0000	0.0000	0.0000	0.0000	0.0000	0.0000	0.0000	0.0000	0.0000	0.0000	0.0000	0.0000	0.0000	0.0000	0.0000	0.0000	0.0000	0.0000	0.0000	0.0000	0.0000	0.0000	0.0000	0.0000	0.0000	0.0046	0.0031	0.0015	0.0029	0.0025	0.0004	0.0016	0.0005	0.0011	0.0000	0.0000	0.0000	0.0000	0.0000	0.0000	0.0000	0.0000	0.0000	0.0000	0.0000	0.0000	0.0000	0.0000	0.0000	0.0000	0.0000	0.0000											
64	131	0.7252	12	0	2	0	0	0	0	0	0	N	Y	N	N	N	N	N	N	N	N	N	N	0.0000	0.0000	0.0000	0.0000	0.0000	0.0000	0.0000	0.0000	0.0000	0.0000	0.0000	0.0000	0.0000	0.0000	0.0000	0.0000	0.0000	0.0000	0.0000	0.0000	0.2944	0.0000	1.0083	0.0000	0.0000	0.0000	0.0000	0.0000	0.0000	0.0000	0.0000	0.0000	0.0000	0.0000	0.0000	0.0000	0.0000	0.0000	0.0000	0.0000	0.0000	0.0000	0.0000	0.0000	0.0000	0.0000	0.0000	0.0000	0.0000	0.0000	0.0000	0.0000	0.0000	0.0000	0.0000	0.0000	0.0000	0.0000	0.0000	0.0000	0.0000	0.0000	0.0000	0.0000	0.0000	0.0000	0.0000	0.0000	0.0000	0.0000	0.0000	0.0000	0.0000	0.0000	0.0000	0.0000	0.0000	0.0000											
64	132	0.7349	13	0	1	1	1	0	0	0	0	N	N	N	N	N	N	N	N	N	N	N	N	0.0000	0.0000	0.0000	0.0000	0.0000	0.0000	0.0000	0.0000	0.0000	0.0000	0.0000	0.0000	0.0000	0.0000	0.0000	0.0000	0.0000	0.0000	0.0000	0.0000	0.2944	0.0000	1.0083	1.9999	0.0000	0.0000	0.0000	0.0000	0.0000	0.0000	0.0000	0.0000	0.0000	0.0000	0.0000	0.0000	0.0000	0.0000	0.0000	0.0000	0.0000	0.0000	0.0000	0.0000	0.0000	0.0000	0.0000	0.0000	0.0000	0.0000	0.0000	0.0031	0.0021	0.0010	0.0020	0.0017	0.0003	0.0011	0.0004	0.0007	0.0000	0.0000	0.0000	0.0000	0.0000	0.0000	0.0000	0.0000	0.0000	0.0000	0.0000	0.0000	0.0000	0.0000	0.0000	0.0000	0.0000	0.0000											
64	133	0.7459	14	0	1	1	1	0	0	0	0	N	N	N	N	N	N	N	N	N	N	N	N	0.0000	0.0000	0.0000	0.0000	0.0000	0.0000	0.0000	0.0000	0.0000	0.0000	0.0000	0.0000	0.0000	0.0000	0.0000	0.0000	0.0000	0.0000	0.0000	0.0000	0.2944	1.0000	1.0083	0.0000	0.0000	0.0000	0.0000	0.0000	0.0000	0.0000	0.0000	0.0000	0.0000	0.0000	0.0000	0.0000	0.0000	0.0000	0.0000	0.0000	0.0000	0.0000	0.0167	0.0152	0.0015	0.0139	0.0128	0.0011	0.0028	0.0024	0.0004	0.0015	0.0010	0.0005	0.0009	0.0008	0.0001	0.0006	0.0002	0.0004	0.0000	0.0000	0.0000	0.0000	0.0000	0.0000	0.0000	0.0000	0.0000	0.0000	0.0000	0.0000	0.0000	0.0000	0.0000	0.0000	0.0000	0.0000											
64	134	0.7459	14	0	1	1	1	0	0	0	0	N	N	N	N	N	N	N	N	N	N	N	N	0.0000	0.0000	0.0000	0.0000	0.0000	0.0000	0.0000	0.0000	0.0000	0.0000	0.0000	0.0000	0.0000	0.0000	0.0000	0.0000	0.0000	0.0000	0.0000	0.0000	0.2944	0.0000	1.0083	0.0000	0.0000	0.0000	0.0000	0.0000	0.0000	0.0000	0.0000	0.0000	0.0000	0.0000	0.0000	0.0000	0.0000	0.0000	0.0000	0.0000	0.0000	0.0000	0.0000	0.0000	0.0000	0.0000	0.0000	0.0000	0.0000	0.0000	0.0000	0.0000	0.0000	0.0000	0.0000	0.0000	0.0000	0.0000	0.0000	0.0000	0.0000	0.0000	0.0000	0.0000	0.0000	0.0000	0.0000	0.0000	0.0000	0.0000	0.0000	0.0000	0.0000	0.0000	0.0000	0.0000	0.0000	0.0000											
64	135	0.7349	13	0	1	1	1	0	0	0	0	N	N	N	N	N	N	N	N	N	N	N	N	0.0397	inf	0.0000	0.0391	inf	0.0000	0.0000	0.0000	0.0000	0.0000	0.0000	0.0000	0.0000	0.0000	0.0000	0.0000	0.0000	0.0001	0.0000	0.0000	0.0001	0.0000	0.0000	0.0000	0.0000	0.0000	0.0000	inf	-0.0000	0.0000	0.2944	2.0025	1.0083	0.9943	0.0000	0.0000	0.0000	0.0000	0.0000	0.0000	0.0000	0.0000	0.0000	0.0000	0.0000	0.0000	0.0000	0.0000	0.0000	0.0000	0.0000	0.0000	0.0330	0.0300	0.0030	0.0272	0.0251	0.0021	0.0058	0.0049	0.0009	0.0046	0.0031	0.0015	0.0029	0.0025	0.0004	0.0016	0.0005	0.0011	0.8852	inf	0.0000	4.9635	inf	0.0000	0.0000	0.0000	0.0000	0.0000	0.0000	0.0000	0.0000	0.0000	0.0000	0.0000	0.0000	0.0000	
64	136	0.7349	12	0	1	0	1	0	0	0	0	N	N	N	N	N	N	N	N	N	N	N	N	0.1257	0.3500	0.0000	0.3237	0.4495	0.0000	1.2748	inf	0.0000	0.0007	0.0008	0.0000	0.0006	0.0007	0.0000	0.0032	0.0038	0.0000	0.0059	0.0024	0.0013	0.0018	0.0015	0.0009	0.0025	0.0000	0.0015	0.0040	1.0000	-0.0000	-0.0000	0.2944	0.0050	1.0083	0.0173	0.0000	0.0000	0.0000	0.0000	0.0000	0.0000	0.0000	0.0000	0.0000	0.0000	0.0000	0.0000	0.0000	0.0000	0.0000	0.0000	0.0000	0.0000	0.0003	0.0002	0.0000	0.0003	0.0002	0.0000	0.0000	0.0000	0.0000	0.0000	0.0000	0.0000	0.0000	0.0000	0.0000	0.0000	0.0000	0.0000	0.8414	1.2596	0.0000	0.7527	0.8313	0.0000	3.0165	inf	0.0000	0.0009	0.0007	0.0013	0.0008	0.0008	0.0007	0.0011	0.0000	0.0015
64	137	0.7252	11	0	1	0	1	0	0	0	0	N	N	N	N	N	N	N	N	N	N	N	N	17.7512	10.0351	9.9472	11.0649	0.0014	0.0015	0.0000	0.0017	0.0019	0.0000	0.0000	0.0000	0.0000	0.0001	0.0002	0.0000	0.0002	0.0002	0.0000	0.0000	0.0000	0.0000	0.0000	0.0000	-0.0000	-0.0000	0.2944	1.9972	1.0083	1.0076	0.0000	0.0000	0.0000	0.0000	0.0000	0.0000	0.0000	0.0000	0.0000	0.0000	0.0000	0.0000	0.0000	0.0000	0.0000	0.0000	0.0000	0.0000	0.0288	0.0260	0.0028	0.0231	0.0212	0.0019	0.0056	0.0048	0.0009	0.0043	0.0029	0.0013	0.0029	0.0026	0.0004	0.0013	0.0004	0.0009	373.0758	285.1181	0.0000	321.6817	303.5843	0.0000	0.0000	0.0000	0.0000	0.0000	0.0000	0.0000	0.0000	0.0000	0.0000	0.0000	0.0000	0.0000					
64	138	0.7079	10	1	2	0	0	0	0	0	0	N	Y	N	N	N	N	N	N	N	N	N	N	0.0000	0.0000	0.0000	0.0000	0.0000	0.0000	0.0000	0.0000	0.0000	0.0000	0.0000	0.0000	0.0000	0.2330	0.3949	0.0000	0.1048	0.1049	0.0000	0.0000	0.0000	0.0000	0.0000	0.0000	-0.0000	0.2944	0.0002	1.0083	2.3255	0.0000	0.0000	0.0000	0.0000	0.0000	0.0000	0.0000	0.0000	0.0000	0.0000	0.0000	0.0000	0.0000	0.0000	0.0000	0.0000	0.0000	0.0000	0.0000	0.0000	0.0000	0.0000	0.0000	0.0000	0.0000	0.0000	0.0000	0.0053	0.0037	0.0016	0.0030	0.0027	0.0003	0.0023	0.0010	0.0013	0.0000	0.0000	0.0000	0.0000	0.0000	0.0000	0.0000	0.0000	0.0000	0.0056	0.0080	0.0000	0.0099	0.0110	0.0000	0.0000	0.0000	0.0000						
64	139	0.6901	9	1	2	0	0	0	0	0	0	N	Y	N	N	N	N	N	N	N	N	N	N	0.0000	0.0000	0.0076	0.0000	0.0000	0.0007	0.1193	0.0006	1.1240	0.0000	0.0000	0.0000	0.0000	0.0000	0.0001	0.0000	0.0000	0.0000	1.1638	1.6629	0.0057	1.6552	1.7423	0.0773	0.0000	0.0011	0.0000	0.2983	0.0258	-0.0000	-0.0004	0.2944	2.0138	1.0083	2.7349	0.0000	0.0000	0.0000	0.0000	0.0000	0.0000	0.0000	0.0000	0.0000	0.0008	0.0008	0.0000	0.0008	0.0008	0.0000	0.0000	0.0000	0.0000	0.0325	0.0282	0.0043	0.0259	0.0226	0.0032	0.0066	0.0056	0.0011	0.0109	0.0068	0.0041	0.0060	0.0054	0.0006	0.0049	0.0015	0.0035	0.0003	0.0002	0.0087	0.0002	0.0002	0.0016	0.2095	0.0389	1.1240	0.0731	0.1138	0.0049	0.1327	0.1445	0.0318	0.0000	0.0000	0.0000
64	140	0.7066	10	0	2	0	0	0	0	0	0	N	Y	N	N	N	N	N	N	N	N	N	N	0.0000	inf	0.0000	0.0000	inf	0.0000	0.0121	inf	0.0007	0.0022	0.0024	0.0000	0.0025	0.0027	0.0000	0.0000	0.0001	0.0000	220.0239	0.0000	699.9067	323.3795	0.0000	2421.3676	0.0039	0.0000	0.0019	0.0000	inf	-0.0000	0.4763	0.2944	1.9232	1.0083	1.1116	0.0001	0.0001	0.0000	0.0001	0.0001	0.0000	0.0000	0.0000	0.0000	0.9962	0.0000	0.9962	0.9962	0.0000	0.9962	0.0000	0.0000	0.0000	0.0538	0.0489	0.0049	0.0460	0.0422	0.0038	0.0079	0.0067	0.0011	0.0045	0.0031	0.0014	0.0031	0.0027	0.0004	0.0014	0.0004	0.0010	0.0000	inf	0.0000	0.0000	inf	0.0000	0.0369	inf	0.0007	220.0239	0.0000	699.9067	323.3795	0.0000	2421.3676	0.0013	0.0000	0.0019
64	141	0.1028	6	0	2	0	0	0	0	0	0	N	Y	N	N	N	N	N	N	N	N	N	N	inf	inf	inf	inf	inf	inf	inf	inf	0.0029	0.0004	0.0343	0.0051	0.0008	0.4615	0.0013	0.0000	0.0111	0.0000	0.0000	0.0000	0.0000	0.0000	0.0000	0.0000	0.0000	0.0000	7.8001	0.0003	0.0000	0.2944	3.0000	1.0083	1.0000	0.0004	0.0000	0.0004	0.0003	0.0000	0.0003	0.0001	0.0000	0.0001	0.0000	0.0000	0.0000	0.0000	0.0000	0.0000	0.0000	0.0000	0.0000	0.1537	0.1423	0.0114	0.0624	0.0618	0.0006	0.0912	0.0804	0.0108	0.0193	0.0096	0.0097	0.0053	0.0046	0.0007	0.0140	0.0050	0.0089	inf	inf	inf	inf	inf	inf	inf	0.0000	inf	0.0000	0.0000	0.0000	0.0000	0.0000	0.0000	0.0000	0.0000	0.0000		
64	142	0.0836	5	0	1	0	0	0	0	0	0	N	N	N	N	N	N	N	N	N	N	N	N	inf	inf	inf	inf	0.0069	0.0075	0.0000	0.0182	0.0183	0.0000	0.0000	0.0000	0.0000	0.0000	0.0000	0.0000	0.0000	0.0000	0.0000	0.0000	0.0000	0.0000	0.0000	-0.0001	0.0000	0.2944	1.0000	1.0083	1.0000	0.0004	0.0004	0.0000	0.0004	0.0004	0.0000	0.0000	0.0000	0.0000	0.0000	0.0000	0.0000	0.0000	0.0000	0.0000	0.0000	0.0000	0.0000	0.0565	0.0522	0.0043	0.0214	0.0213	0.0001	0.0351	0.0309	0.0042	0.0114	0.0054	0.0061	0.0031	0.0027	0.0004	0.0083	0.0027	0.0057	inf	inf	0.0000	inf	inf	0.0000	0.0000	0.0000	0.0000	0.0000	0.0000	0.0000	0.0000	0.0000	0.0000	0.0000	0.0000	0.0000						
64	145	0.7252	12	1	2	0	0	0	0	0	0	N	Y	N	N	N	N	N	N	N	N	N	N	0.0000	0.0000	0.0000	0.0000	0.0000	0.0000	0.0000	0.0000	0.0000	0.0000	0.0000	0.0000	0.0000	0.0000	0.0000	0.0000	0.0000	0.0000	0.0000	0.0000	0.2944	1.0000	1.0083	1.0000	0.0000	0.0000	0.0000	0.0000	0.0000	0.0000	0.0000	0.0000	0.0000	0.0000	0.0000	0.0000	0.0000	0.0000	0.0000	0.0000	0.0000	0.0000	0.0146	0.0132	0.0014	0.0118	0.0108	0.0010	0.0028	0.0024	0.0004	0.0029	0.0020	0.0009	0.0020	0.0017	0.0003	0.0009	0.0003	0.0006	0.0000	0.0000	0.0000	0.0000	0.0000	0.0000	0.0000	0.0000	0.0000	0.0000	0.0000	0.0000	0.0000	0.0000	0.0000	0.0000	0.0000	0.0000											
64	146	0.7252	11	0	2	0	0	0	0	0	0	N	Y	N	N	N	N	N	N	N	N	N	N	inf	inf	inf	inf	inf	inf	0.0004	0.0004	0.0000	0.0002	0.0002	0.0000	0.0027	0.0031	0.0000	0.0000	0.0000	0.0000	0.0000	0.0000	0.0000	0.0000	0.0000	0.0000	0.0000	-0.0000	0.0000	0.2944	0.0003	1.0083	0.0000	0.0000	0.0000	0.0000	0.0000	0.0000	0.0000	0.0000	0.0000	0.0000	0.0000	0.0000	0.0000	0.0000	0.0000	0.0000	0.0000	0.0000	0.0000	0.0000	0.0000	0.0000	0.0000	0.0000	0.0000	0.0000	0.0000	0.0000	0.0000	0.0000	0.0000	0.0000	0.0000	0.0000	0.0000	0.0000	0.0000	inf	inf	0.0000	inf	inf	0.0000	inf	inf	0.0000	0.0000	0.0000	0.0000	0.0000	0.0000	0.0000	0.0000	0.0000	0.0000				
64	147	0.7066	10	0	1	0	0	0	0	0	0	N	N	N	N	N	N	N	N	N	N	N	N	1.6871	1.4096	0.0002	1.1852	1.2892	0.0000	19.8949	44.1070	0.0006	3.1864	3.5912	0.0000	3.8556	4.3074	0.0000	0.0193	0.0227	0.0000	1.8887	2.5477	0.0008	3.2532	3.3410	0.0004	0.0010	0.0005	0.0010	0.0000	0.0006	-0.0764	-0.0020	0.2944	4.9449	1.0083	1.0063	0.2935	0.2935	0.0000	0.2932	0.2932	0.0000	0.0003	0.0003	0.0000	0.0038	0.0038	0.0000	0.0038	0.0038	0.0000	0.0000	0.0000	0.0000	0.0921	0.0817	0.0104	0.0760	0.0681	0.0080	0.0161	0.0137	0.0024	0.0085	0.0059	0.0027	0.0058	0.0050	0.0008	0.0027	0.0008	0.0019	7.1250	5.5056	0.0002	5.8590	5.6649	0.0000	28.2101	6753.8323	0.0006	0.4472	0.6523	0.0008	0.6581	0.7604	0.0004	0.0007	0.0000	0.0010
64	148	0.6901	9	0	1	0	0	0	0	0	0	N	N	N	N	N	N	N	N	N	N	N	N	0.0033	0.0155	0.0000	0.0023	0.0744	0.0000	0.0022	1.2482	0.0003	0.0059	0.0068	0.0000	0.0074	0.0085	0.0000	0.0004	0.0005	0.0000	1.8088	0.4392	5.9456	3.2205	0.1140	56.0035	0.1998	0.0004	0.0207	0.0006	62.6868	-0.0001	0.0018	0.2944	3.4778	1.0083	1.2917	0.0003	0.0003	0.0000	0.0003	0.0003	0.0000	0.0000	0.0000	0.0000	0.0039	0.0001	0.0039	0.0039	0.0001	0.0038	0.0001	0.0000	0.0001	0.0521	0.0450	0.0071	0.0409	0.0356	0.0053	0.0112	0.0094	0.0018	0.0109	0.0068	0.0041	0.0060	0.0054	0.0006	0.0049	0.0015	0.0035	0.0163	0.7534	0.0000	0.0115	0.7379	0.0000	0.0341	220.7405	0.0003	0.3606	0.0090	0.9489	0.6446	0.0115	6.0482	0.0128	0.0000	0.0182
64	149	0.6397	8	0	1	0	0	0	0	0	0	N	N	N	N	N	N	N	N	N	N	N	N	0.0122	0.0178	0.0036	0.0290	0.0958	0.0005	inf	inf	inf	0.0034	0.0039	0.0000	0.0042	0.0048	0.0000	0.0006	0.0008	0.0000	0.2792	0.2192	0.0102	0.1436	0.0496	0.0886	0.0000	0.0000	0.0000	0.0014	0.6813	-0.0001	-0.0000	0.2944	7.8050	1.0083	4.0035	0.0004	0.0004	0.0000	0.0004	0.0004	0.0000	0.0000	0.0000	0.0000	0.0001	0.0001	0.0001	0.0001	0.0001	0.0001	0.0000	0.0000	0.0000	0.1113	0.0966	0.0147	0.0870	0.0761	0.0109	0.0244	0.0205	0.0039	0.0201	0.0123	0.0078	0.0105	0.0091	0.0015	0.0095	0.0032	0.0063	0.5519	0.6528	0.0057	0.3555	0.5866	0.0014	inf	inf	inf	0.0062	0.0060	0.0064	0.0117	0.0081	0.0339	0.0000	0.0000	0.0000
64	150	0.5451	8	0	1	0	0	0	0	0	0	N	N	N	N	N	N	N	N	N	N	N	N	0.0000	0.0000	0.0326	0.0000	0.0000	0.0083	0.0124	0.0000	0.0962	0.0000	0.0000	0.0000	0.0000	0.0000	0.0000	0.0000	0.0000	0.0000	0.2719	0.4851	0.0002	0.2063	0.2190	0.0004	0.0002	0.0041	0.0002	6.3723	0.0155	0.0000	-0.0001	0.2944	3.7255	1.0083	14.1767	0.0000	0.0000	0.0000	0.0000	0.0000	0.0000	0.0000	0.0000	0.0000	0.0002	0.0002	0.0000	0.0002	0.0002	0.0000	0.0000	0.0000	0.0000	0.0616	0.0531	0.0085	0.0486	0.0422	0.0064	0.0130	0.0109	0.0021	0.0376	0.0215	0.0161	0.0160	0.0141	0.0019	0.0216	0.0074	0.0142	0.0002	0.0000	0.0326	0.0000	0.0000	0.0084	0.0150	0.0000	0.0962	0.0061	0.0105	0.0002	0.0140	0.0159	0.0004	0.0002	0.0002	0.0002
64	151	0.5287	7	0	1	0	0	0	0	0	0	N	N	N	N	N	N	N	N	N	N	N	N	0.0006	0.0011	0.0013	0.0000	0.0001	0.0000	0.2493	0.0803	0.0155	0.0001	0.0001	0.0000	0.0000	0.0000	0.0000	0.0006	0.0007	0.0000	0.1875	0.1197	0.0057	0.1004	0.0345	0.1269	0.0022	0.0082	0.0012	0.0094	0.6909	-0.0000	-0.0000	0.2944	1.4205	1.0083	4.0377	0.0000	0.0000	0.0000	0.0000	0.0000	0.0000	0.0000	0.0000	0.0000	0.0001	0.0001	0.0000	0.0001	0.0001	0.0000	0.0000	0.0000	0.0000	0.0265	0.0227	0.0038	0.0211	0.0183	0.0029	0.0053	0.0045	0.0009	0.0207	0.0124	0.0083	0.0094	0.0087	0.0007	0.0113	0.0037	0.0075	0.0236	0.0276	0.0015	0.0005	0.0008	0.0001	0.5673	1.4326	0.0155	0.0049	0.0048	0.0050	0.0095	0.0067	0.0430	0.0010	0.0005	0.0012
65	68	0.0747	4	1	1	1	0	0	0	0	0	N	N	N	N	N	N	N	N	N	N	N	N	0.0000	0.0000	0.0000	0.0000	0.0000	0.0000	0.0000	0.0000	0.0000	0.0000	0.0000	0.0000	0.0000	0.0000	0.0000	0.0000	0.0000	0.0000	0.0000	0.0000	1.1351	0.0000	2.0429	0.0000	0.0000	0.0000	0.0000	0.0000	0.0000	0.0000	0.0000	0.0000	0.0000	0.0000	0.0000	0.0000	0.0000	0.0000	0.0000	0.0000	0.0000	0.0000	0.0000	0.0000	0.0000	0.0000	0.0000	0.0000	0.0000	0.0000	0.0000	0.0000	0.0000	0.0000	0.0000	0.0000	0.0000	0.0000	0.0000	0.0000	0.0000	0.0000	0.0000	0.0000	0.0000	0.0000	0.0000	0.0000	0.0000	0.0000	0.0000	0.0000	0.0000	0.0000	0.0000	0.0000	0.0000	0.0000											
65	69	0.7174	10	1	1	1	0	0	0	0	0	N	N	N	N	N	N	N	N	N	N	N	N	0.0000	0.0000	0.0000	0.0000	0.0000	0.0000	0.0000	0.0000	0.0000	0.0000	0.0000	0.0000	0.0000	0.0000	0.0000	0.0000	0.0000	0.0000	0.0000	0.0000	1.1351	1.0000	2.0429	0.0000	0.0000	0.0000	0.0000	0.0000	0.0000	0.0000	0.0000	0.0000	0.0000	0.0000	0.0000	0.0000	0.0000	0.0000	0.0000	0.0000	0.0000	0.0000	0.0500	0.0461	0.0039	0.0396	0.0372	0.0024	0.0104	0.0089	0.0015	0.0037	0.0023	0.0014	0.0022	0.0020	0.0002	0.0014	0.0003	0.0011	0.0000	0.0000	0.0000	0.0000	0.0000	0.0000	0.0000	0.0000	0.0000	0.0000	0.0000	0.0000	0.0000	0.0000	0.0000	0.0000	0.0000	0.0000											
65	70	0.7174	10	1	1	1	0	0	0	0	0	N	N	N	N	N	N	N	N	N	N	N	N	0.0000	0.0000	0.0000	0.0000	0.0000	0.0000	0.0000	0.0000	0.0000	0.0000	0.0000	0.0000	0.0000	0.0000	0.0000	0.0000	0.0000	0.0000	0.0000	0.0000	1.1351	0.0000	2.0429	0.0000	0.0000	0.0000	0.0000	0.0000	0.0000	0.0000	0.0000	0.0000	0.0000	0.0000	0.0000	0.0000	0.0000	0.0000	0.0000	0.0000	0.0000	0.0000	0.0000	0.0000	0.0000	0.0000	0.0000	0.0000	0.0000	0.0000	0.0000	0.0000	0.0000	0.0000	0.0000	0.0000	0.0000	0.0000	0.0000	0.0000	0.0000	0.0000	0.0000	0.0000	0.0000	0.0000	0.0000	0.0000	0.0000	0.0000	0.0000	0.0000	0.0000	0.0000	0.0000	0.0000	0.0000	0.0000											
65	71	0.6950	9	1	1	1	0	0	0	0	0	N	N	N	N	N	N	N	N	N	N	N	N	inf	inf	inf	inf	0.0010	0.0010	0.0000	0.0012	0.0013	0.0000	0.0000	0.0000	0.0000	0.0000	0.0000	0.0000	0.0000	0.0000	0.0000	0.0000	0.0000	0.0000	0.0000	-0.0000	0.0000	1.1351	2.0000	2.0429	1.0000	0.0001	0.0001	0.0000	0.0001	0.0001	0.0000	0.0000	0.0000	0.0000	0.0000	0.0000	0.0000	0.0000	0.0000	0.0000	0.0000	0.0000	0.0000	0.0936	0.0862	0.0074	0.0729	0.0684	0.0045	0.0207	0.0177	0.0030	0.0107	0.0066	0.0041	0.0064	0.0057	0.0007	0.0043	0.0009	0.0034	inf	inf	0.0000	inf	inf	0.0000	0.0000	0.0000	0.0000	0.0000	0.0000	0.0000	0.0000	0.0000	0.0000	0.0000	0.0000	0.0000						
65	72	0.6721	8	1	0	1	0	0	0	0	0	N	N	N	N	N	N	N	N	N	N	N	N	0.0020	0.0017	0.1027	0.1146	0.0003	0.0000	0.0000	0.0000	0.0000	0.0000	0.0000	0.0000	0.0000	0.0000	0.0000	0.0050	0.0062	0.0000	0.0001	0.0001	0.0000	0.0095	0.4184	0.0000	0.0000	0.0000	-0.0000	-0.0000	1.1351	1.0017	2.0429	2.0007	0.0000	0.0000	0.0000	0.0000	0.0000	0.0000	0.0000	0.0000	0.0000	0.0000	0.0000	0.0000	0.0000	0.0000	0.0000	0.0000	0.0000	0.0000	0.0623	0.0573	0.0050	0.0363	0.0348	0.0015	0.0260	0.0225	0.0035	0.0129	0.0085	0.0044	0.0078	0.0069	0.0009	0.0050	0.0016	0.0034	0.0127	0.0091	0.0000	4.9703	4.5746	0.0000	0.0014	0.0005	0.0000	0.0008	0.0012	0.0000	0.0000	0.0000	0.0000	0.0020	0.0063	0.0000			
65	73	0.0939	5	1	1	0	0	0	0	0	0	N	N	N	N	N	N	N	N	N	N	N	N	0.0000	0.0000	0.0000	0.0000	0.0000	0.0000	0.0000	0.0000	0.0000	0.0000	0.0000	0.0000	0.0000	0.0000	0.0000	0.0000	0.0000	0.0000	-0.0000	0.0000	1.1351	0.0000	2.0429	0.0000	0.0000	0.0000	0.0000	0.0000	0.0000	0.0000	0.0000	0.0000	0.0000	0.0000	0.0000	0.0000	0.0000	0.0000	0.0000	0.0000	0.0000	0.0000	0.0000	0.0000	0.0000	0.0000	0.0000	0.0000	0.0000	0.0000	0.0000	0.0000	0.0000	0.0000	0.0000	0.0000	0.0000	0.0000	0.0000	0.0000	0.0000	0.0000	0.0000	0.0000	0.0000	0.0000	0.0000	0.0000	0.0000	0.0000	0.0000	0.0000	0.0000	0.0000	0.0000	0.0000	0.0000	0.0000											
65	74	0.6991	9	1	1	0	0	0	0	0	0	N	N	N	N	N	N	N	N	N	N	N	N	0.0000	0.0000	0.0000	0.0000	0.0000	0.0000	0.0000	0.0000	0.0000	0.0000	0.0000	0.0000	0.0000	0.0000	0.0000	0.0000	0.0000	0.0000	0.0000	0.0000	1.1351	0.0000	2.0429	0.0010	0.0000	0.0000	0.0000	0.0000	0.0000	0.0000	0.0000	0.0000	0.0000	0.0000	0.0000	0.0000	0.0000	0.0000	0.0000	0.0000	0.0000	0.0000	0.0000	0.0000	0.0000	0.0000	0.0000	0.0000	0.0000	0.0000	0.0000	0.0038	0.0027	0.0012	0.0019	0.0019	0.0000	0.0019	0.0007	0.0012	0.0000	0.0000	0.0000	0.0000	0.0000	0.0000	0.0000	0.0000	0.0000	0.0000	0.0000	0.0000	0.0000	0.0000	0.0000	0.0000	0.0000	0.0000											
65	75	0.6882	11	0	1	0	1	0	0	0	0	N	N	N	N	N	N	N	N	N	N	N	N	0.0000	0.0000	0.0000	0.0000	0.0000	0.0000	0.0000	0.0000	0.0000	0.0000	0.0000	0.0000	0.0000	0.0000	0.0000	0.0000	0.0000	0.0000	0.0000	0.0000	1.1351	0.0000	2.0429	0.0000	0.0000	0.0000	0.0000	0.0000	0.0000	0.0000	0.0000	0.0000	0.0000	0.0000	0.0000	0.0000	0.0000	0.0000	0.0000	0.0000	0.0000	0.0000	0.0000	0.0000	0.0000	0.0000	0.0000	0.0000	0.0000	0.0000	0.0000	0.0000	0.0000	0.0000	0.0000	0.0000	0.0000	0.0000	0.0000	0.0000	0.0000	0.0000	0.0000	0.0000	0.0000	0.0000	0.0000	0.0000	0.0000	0.0000	0.0000	0.0000	0.0000	0.0000	0.0000	0.0000	0.0000	0.0000											
65	76	0.6882	11	0	0	0	1	0	0	0	0	N	N	N	N	N	N	N	N	N	N	N	N	0.0000	0.0000	0.0000	0.0000	0.0000	0.0000	0.0000	0.0000	0.0000	0.0000	0.0000	0.0000	0.0000	0.0000	0.0000	0.0000	0.0000	0.0000	0.0000	0.0000	1.1351	0.0000	2.0429	0.0000	0.0000	0.0000	0.0000	0.0000	0.0000	0.0000	0.0000	0.0000	0.0000	0.0000	0.0000	0.0000	0.0000	0.0000	0.0000	0.0000	0.0000	0.0000	0.0000	0.0000	0.0000	0.0000	0.0000	0.0000	0.0000	0.0000	0.0000	0.0000	0.0000	0.0000	0.0000	0.0000	0.0000	0.0000	0.0000	0.0000	0.0000	0.0000	0.0000	0.0000	0.0000	0.0000	0.0000	0.0000	0.0000	0.0000	0.0000	0.0000	0.0000	0.0000	0.0000	0.0000	0.0000	0.0000											
65	77	0.6729	10	0	0	0	1	0	0	0	0	N	N	N	N	N	N	N	N	N	N	N	N	1337.2464	900.7080	1071.1962	1164.8644	0.0000	0.0000	0.1380	0.1787	0.0000	0.2544	0.2630	0.0000	0.0000	0.0000	0.0000	0.0001	0.0002	0.0000	0.0002	0.0002	0.0000	0.0000	0.0002	0.0000	0.0000	0.0000	-0.0000	-0.0000	1.1351	0.0002	2.0429	2.9297	0.0000	0.0000	0.0000	0.0000	0.0000	0.0000	0.0000	0.0000	0.0000	0.0000	0.0000	0.0000	0.0000	0.0000	0.0000	0.0000	0.0000	0.0000	0.0000	0.0000	0.0000	0.0000	0.0000	0.0000	0.0000	0.0000	0.0000	0.0358	0.0227	0.0131	0.0248	0.0198	0.0050	0.0110	0.0028	0.0081	13921.0793	11411.6245	0.0000	17890.8077	14778.4215	0.0000	0.0000	0.0000	0.0000	0.0000	0.0000	0.0000	0.0000	0.0000	0.0000	0.0000	0.0000	0.0000			
65	78	0.6688	9	0	0	0	1	0	0	0	0	N	N	N	N	N	N	N	N	N	N	N	N	1679.8238	0.4644	113402.1858	1.5484	2.3757	0.0000	7156.1034	0.0000	155300.3988	0.2405	0.0001	2.7093	0.0001	0.0002	0.0000	0.5751	0.0000	4.1276	0.0001	0.0002	0.0000	0.0001	0.0001	0.0000	0.0001	0.0029	0.0000	2364.7778	0.6826	0.0000	-0.0000	1.1351	0.0003	2.0429	2.1916	0.0000	0.0000	0.0000	0.0000	0.0000	0.0000	0.0000	0.0000	0.0000	0.0000	0.0000	0.0000	0.0000	0.0000	0.0000	0.0000	0.0000	0.0000	0.0000	0.0000	0.0000	0.0000	0.0000	0.0000	0.0000	0.0000	0.0000	0.0145	0.0084	0.0060	0.0072	0.0065	0.0007	0.0073	0.0019	0.0054	9799.6811	4.4607	113402.1858	205.1132	353.1280	0.0000	11953.8880	0.0000	155300.3988	0.0000	0.0000	0.0000	0.0000	0.0000	0.0000	0.0000	0.0001	0.0000
65	79	0.6610	8	0	0	0	0	0	0	0	0	N	N	N	N	N	N	N	N	N	N	N	N	inf	inf	inf	inf	0.0025	0.0028	0.0000	0.0037	0.0040	0.0000	0.0000	0.0000	0.0000	0.0000	0.0000	0.0000	0.0000	0.0000	0.0000	0.0000	0.0000	0.0000	0.0000	-0.0000	0.0000	1.1351	0.2782	2.0429	1.3600	0.0001	0.0001	0.0000	0.0001	0.0001	0.0000	0.0000	0.0000	0.0000	0.0000	0.0000	0.0000	0.0000	0.0000	0.0000	0.0000	0.0000	0.0000	0.0239	0.0217	0.0022	0.0163	0.0151	0.0012	0.0076	0.0066	0.0011	0.0077	0.0047	0.0031	0.0038	0.0033	0.0005	0.0039	0.0013	0.0026	inf	inf	0.0000	inf	inf	0.0000	0.0000	0.0000	0.0000	0.0000	0.0000	0.0000	0.0000	0.0000	0.0000	0.0000	0.0000	0.0000						
65	80	0.7046	10	0	1	1	0	0	0	0	0	N	N	N	N	N	N	N	N	N	N	N	N	0.0409	5.9749	0.1139	4.0109	4.2867	0.0214	inf	0.2378	0.0012	0.0011	0.0021	0.0009	0.0009	0.0000	0.0016	0.0014	0.0024	0.0289	0.0002	0.0183	0.0002	0.0002	0.0000	0.0732	0.0000	0.0103	0.2132	293.3544	-0.0000	0.0000	1.1351	0.0029	2.0429	2.0135	0.0000	0.0000	0.0000	0.0000	0.0000	0.0000	0.0000	0.0000	0.0000	0.0000	0.0000	0.0000	0.0000	0.0000	0.0000	0.0000	0.0000	0.0000	0.0003	0.0002	0.0000	0.0001	0.0001	0.0000	0.0001	0.0001	0.0000	0.0117	0.0084	0.0032	0.0081	0.0075	0.0007	0.0035	0.0010	0.0026	0.5190	101.1497	0.2539	77.0481	72.5928	0.0000	0.2095	inf	0.2378	0.0023	0.0000	0.0082	0.0000	0.0000	0.0000	0.0075	0.0000	0.0103	
65	81	0.6981	9	0	1	0	0	0	0	0	0	N	N	N	N	N	N	N	N	N	N	N	N	3.1141	2.4927	11.9919	0.0645	0.0587	4.9036	7.7264	0.5916	15.6742	0.0009	0.0007	0.0032	0.0000	0.0000	0.0001	0.0025	0.0021	0.0049	0.0003	0.0003	0.0003	0.0003	0.0003	0.0000	0.0003	0.0035	0.0003	0.4363	3.3166	0.0000	0.0000	1.1351	0.6188	2.0429	0.9475	0.0001	0.0000	0.0000	0.0000	0.0000	0.0000	0.0001	0.0000	0.0000	0.0000	0.0000	0.0000	0.0000	0.0000	0.0000	0.0000	0.0000	0.0000	0.0587	0.0535	0.0052	0.0377	0.0358	0.0019	0.0210	0.0177	0.0033	0.0085	0.0055	0.0030	0.0052	0.0047	0.0005	0.0032	0.0008	0.0025	7.6105	16.2542	11.9919	0.8070	0.6411	4.9036	9.1834	13.6019	15.6742	0.0001	0.0000	0.0003	0.0000	0.0000	0.0000	0.0003	0.0002	0.0003
65	82	0.0971	5	0	1	1	0	0	0	0	0	N	N	N	N	N	N	N	N	N	N	N	N	0.0000	0.0000	0.0000	0.0000	0.0000	0.0000	0.0000	0.0000	0.0000	0.0000	0.0000	0.0000	0.0000	0.3410	0.0000	0.0337	0.0000	0.0000	0.0000	0.0763	0.0000	0.0119	inf	0.0000	0.0000	1.1351	0.0000	2.0429	1.0000	0.0000	0.0000	0.0000	0.0000	0.0000	0.0000	0.0000	0.0000	0.0000	0.0001	0.0000	0.0001	0.0000	0.0000	0.0000	0.0001	0.0000	0.0001	0.0000	0.0000	0.0000	0.0000	0.0000	0.0000	0.0000	0.0000	0.0000	0.0080	0.0029	0.0051	0.0002	0.0002	0.0000	0.0078	0.0028	0.0051	0.0000	0.0000	0.0000	0.0000	0.0000	0.0000	0.0000	0.0000	0.0000	0.0075	0.0000	0.0118	0.0000	0.0000	0.0000	0.0077	0.0000	0.0119						
65	83	0.6721	8	1	0	1	0	0	0	0	0	N	N	N	N	N	N	N	N	N	N	N	N	0.0226	0.0168	2.1271	0.0550	0.0569	1.2435	inf	2.2947	0.0004	0.0004	0.0003	0.0005	0.0005	0.0000	0.0002	0.0002	0.0004	0.0169	0.0232	0.0001	0.0096	0.0096	0.0000	0.0002	0.0000	0.0002	0.0625	0.0261	-0.0000	-0.0000	1.1351	9.0001	2.0429	3.0001	0.0002	0.0002	0.0000	0.0001	0.0001	0.0000	0.0000	0.0000	0.0000	0.0001	0.0001	0.0000	0.0001	0.0001	0.0000	0.0000	0.0000	0.0000	0.4468	0.4103	0.0365	0.2471	0.2372	0.0099	0.1997	0.1731	0.0266	0.0477	0.0315	0.0162	0.0290	0.0255	0.0035	0.0187	0.0060	0.0127	0.2210	0.1534	2.1271	0.1905	0.1747	0.0000	1.7956	inf	2.2947	0.0017	0.0025	0.0001	0.0028	0.0031	0.0000	0.0001	0.0000	0.0002	
65	84	0.0747	4	1	0	1	0	0	0	0	0	N	N	N	N	N	N	N	N	N	N	N	N	inf	inf	inf	inf	inf	inf	inf	inf	5.7261	0.0185	49.6642	0.0008	0.0008	0.0000	5.9044	0.0191	50.5568	0.0000	0.0000	0.0000	0.0000	0.0000	0.0000	0.0000	0.0000	0.0000	349.2697	0.5222	0.0000	1.1351	4.0000	2.0429	0.0000	0.7086	0.0020	0.7065	0.0000	0.0000	0.0000	0.7086	0.0020	0.7065	0.0000	0.0000	0.0000	0.0000	0.0000	0.0000	0.0000	0.0000	0.0000	0.1237	0.1095	0.0142	0.0037	0.0035	0.0003	0.1200	0.1060	0.0140	0.0293	0.0132	0.0161	0.0069	0.0059	0.0010	0.0224	0.0073	0.0151	inf	inf	inf	inf	inf	0.0000	inf	inf	inf	0.0000	0.0000	0.0000	0.0000	0.0000	0.0000	0.0000	0.0000	0.0000		
65	85	0.1208	5	1	1	0	0	0	0	0	0	N	N	N	N	N	N	N	N	N	N	N	N	9.8871	0.0000	19735.4704	0.0917	0.0000	530.1153	11971.1930	0.0000	34803.0562	0.1379	0.0000	0.6167	0.0020	0.0000	0.1351	0.1996	0.0000	0.6267	0.0139	0.0307	0.0000	0.0214	0.0215	0.0003	0.0000	0.0002	0.0000	1064554.9495	0.0105	0.0078	-0.0000	1.1351	1.0086	2.0429	1.7435	0.0105	0.0000	0.0105	0.0000	0.0000	0.0000	0.0105	0.0000	0.0105	0.0000	0.0000	0.0000	0.0000	0.0000	0.0000	0.0000	0.0000	0.0000	0.0764	0.0593	0.0171	0.0239	0.0235	0.0003	0.0526	0.0358	0.0167	0.0305	0.0155	0.0150	0.0094	0.0086	0.0008	0.0211	0.0069	0.0142	92.8638	0.0001	19735.4704	0.4116	0.0001	531.0782	16197.9999	0.0000	34803.0562	0.0015	0.0029	0.0000	0.0048	0.0052	0.0003	0.0000	0.0000	0.0000
65	86	0.0747	4	1	1	0	0	0	0	0	0	N	N	N	N	N	N	N	N	N	N	N	N	0.0001	0.0000	0.0047	0.0000	0.0000	0.0000	0.0002	0.0000	0.0045	0.0000	0.0000	0.0000	0.0000	0.0000	0.0000	0.0000	0.0000	0.0000	0.0034	0.0057	0.0003	0.0002	0.0002	0.0000	0.0015	0.0438	0.0003	1.2273	0.2998	0.0000	-0.0000	1.1351	1.0165	2.0429	4.1395	0.0000	0.0000	0.0000	0.0000	0.0000	0.0000	0.0000	0.0000	0.0000	0.0000	0.0000	0.0000	0.0000	0.0000	0.0000	0.0000	0.0000	0.0000	0.0355	0.0313	0.0042	0.0010	0.0010	0.0001	0.0345	0.0304	0.0041	0.0367	0.0165	0.0202	0.0086	0.0073	0.0013	0.0282	0.0092	0.0190	0.0004	0.0001	0.0047	0.0000	0.0000	0.0000	0.0003	0.0001	0.0045	0.0007	0.0011	0.0003	0.0000	0.0000	0.0000	0.0008	0.0020	0.0003
65	87	0.6308	7	1	1	0	0	0	0	0	0	N	N	N	N	N	N	N	N	N	N	N	N	94.8557	75.7714	2.9056	232.6357	277.7184	0.2798	inf	inf	inf	1.5917	1.7431	0.0013	2.9478	3.0824	0.0010	0.0015	0.0015	0.0014	0.0168	0.0230	0.0004	0.0127	0.0111	0.0034	0.0000	0.0000	0.0000	0.0001	0.1111	-0.1845	-0.0000	1.1351	9.0005	2.0429	5.0000	0.7093	0.7092	0.0001	0.7090	0.7090	0.0000	0.0003	0.0003	0.0000	0.0001	0.0001	0.0000	0.0001	0.0001	0.0000	0.0000	0.0000	0.0000	0.4456	0.4069	0.0387	0.2405	0.2300	0.0105	0.2051	0.1769	0.0282	0.0582	0.0357	0.0225	0.0298	0.0258	0.0040	0.0284	0.0098	0.0185	925.8110	690.7961	2.9056	878.4615	884.7486	0.3776	inf	inf	inf	0.0017	0.0025	0.0004	0.0034	0.0035	0.0025	0.0000	0.0000	0.0000
65	88	0.0971	5	0	1	0	0	0	0	0	0	N	N	N	N	N	N	N	N	N	N	N	N	0.0000	0.0000	0.0000	0.0000	0.0000	0.0000	0.0000	0.0000	0.0000	0.0000	0.0000	0.0000	0.0000	0.0000	0.0000	0.0000	0.0000	0.0000	0.0000	0.0000	1.1351	0.0000	2.0429	0.0000	0.0000	0.0000	0.0000	0.0000	0.0000	0.0000	0.0000	0.0000	0.0000	0.0000	0.0000	0.0000	0.0000	0.0000	0.0000	0.0000	0.0000	0.0000	0.0000	0.0000	0.0000	0.0000	0.0000	0.0000	0.0000	0.0000	0.0000	0.0000	0.0000	0.0000	0.0000	0.0000	0.0000	0.0000	0.0000	0.0000	0.0000	0.0000	0.0000	0.0000	0.0000	0.0000	0.0000	0.0000	0.0000	0.0000	0.0000	0.0000	0.0000	0.0000	0.0000	0.0000	0.0000	0.0000											
65	89	0.6981	9	0	1	0	0	0	0	0	0	N	N	N	N	N	N	N	N	N	N	N	N	0.0000	0.0000	0.0000	0.0000	0.0000	0.0000	0.0000	0.0000	0.0000	0.0000	0.0000	0.0000	0.0000	0.0000	0.0000	0.0000	0.0000	0.0000	0.0000	-0.0000	1.1351	1.9953	2.0429	1.0817	0.0000	0.0000	0.0000	0.0000	0.0000	0.0000	0.0000	0.0000	0.0000	0.0000	0.0000	0.0000	0.0000	0.0000	0.0000	0.0000	0.0000	0.0000	0.1349	0.1236	0.0113	0.0800	0.0765	0.0035	0.0549	0.0471	0.0077	0.0147	0.0098	0.0049	0.0093	0.0083	0.0010	0.0054	0.0015	0.0039	0.0000	0.0000	0.0000	0.0000	0.0000	0.0000	0.0000	0.0000	0.0000	0.0000	0.0000	0.0000	0.0000	0.0000	0.0000	0.0000	0.0000	0.0000											
65	90	0.6721	8	0	1	0	0	0	0	0	0	N	N	N	N	N	N	N	N	N	N	N	N	5.7379	3.0767	48.7567	0.2303	0.2549	0.6054	17.2600	0.7630	54.8383	0.0012	0.0010	0.0042	0.0001	0.0001	0.0000	0.0028	0.0023	0.0059	0.0002	0.0003	0.0001	0.0004	0.0004	0.0000	0.0002	0.0030	0.0001	0.3793	0.7330	0.0000	-0.0000	1.1351	2.3999	2.0429	4.0713	0.0002	0.0001	0.0000	0.0000	0.0000	0.0000	0.0002	0.0001	0.0000	0.0000	0.0000	0.0000	0.0000	0.0000	0.0000	0.0000	0.0000	0.0000	0.1429	0.1314	0.0115	0.0823	0.0790	0.0033	0.0605	0.0524	0.0081	0.0269	0.0178	0.0091	0.0164	0.0144	0.0019	0.0106	0.0034	0.0072	17.7696	16.0454	48.7567	2.0290	1.8895	0.6054	25.2804	20.0631	54.8383	0.0001	0.0001	0.0001	0.0000	0.0000	0.0000	0.0001	0.0001	0.0001
65	91	0.6931	9	0	0	1	0	0	0	0	0	N	N	N	N	N	N	N	N	N	N	N	N	0.0000	0.0000	0.0000	0.0000	0.0000	0.0000	0.0000	0.0000	0.0000	0.0000	0.0000	0.0000	0.0000	0.0000	0.0000	0.0000	0.0000	0.0000	0.0000	0.0000	1.1351	0.0000	2.0429	0.0000	0.0000	0.0000	0.0000	0.0000	0.0000	0.0000	0.0000	0.0000	0.0000	0.0000	0.0000	0.0000	0.0000	0.0000	0.0000	0.0000	0.0000	0.0000	0.0000	0.0000	0.0000	0.0000	0.0000	0.0000	0.0000	0.0000	0.0000	0.0000	0.0000	0.0000	0.0000	0.0000	0.0000	0.0000	0.0000	0.0000	0.0000	0.0000	0.0000	0.0000	0.0000	0.0000	0.0000	0.0000	0.0000	0.0000	0.0000	0.0000	0.0000	0.0000	0.0000	0.0000	0.0000	0.0000											
65	92	0.6610	8	0	0	1	0	0	0	0	0	N	N	N	N	N	N	N	N	N	N	N	N	0.0016	0.0013	0.0365	0.0357	0.0002	0.0001	0.0028	0.0031	0.0000	0.0047	0.0049	0.0000	0.0004	0.0005	0.0000	1.7734	2.4303	0.0000	0.1288	0.1385	0.0000	2.2028	4.6903	0.0000	0.0000	0.0000	-0.0002	-0.0055	1.1351	3.7221	2.0429	2.9993	0.0006	0.0006	0.0000	0.0006	0.0006	0.0000	0.0000	0.0000	0.0000	0.0105	0.0105	0.0000	0.0002	0.0002	0.0000	0.0103	0.0103	0.0000	0.2140	0.1952	0.0188	0.1196	0.1138	0.0058	0.0945	0.0814	0.0131	0.0303	0.0183	0.0120	0.0151	0.0131	0.0020	0.0152	0.0052	0.0100	0.0082	0.0054	0.0000	0.4182	0.3811	0.0000	0.0006	0.0002	0.0000	0.3455	0.5719	0.0000	0.0113	0.0130	0.0000	0.6773	1.9772	0.0000			
65	93	0.6308	7	0	0	0	0	0	0	0	0	N	N	N	N	N	N	N	N	N	N	N	N	inf	inf	inf	inf	inf	inf	0.0005	0.0006	0.0000	0.0004	0.0004	0.0000	0.0007	0.0008	0.0000	0.0000	0.0000	0.0000	0.0000	0.0000	0.0000	0.0000	0.0000	0.0000	0.0000	-0.0000	0.0000	1.1351	2.7217	2.0429	3.0458	0.0001	0.0001	0.0000	0.0000	0.0000	0.0000	0.0000	0.0000	0.0000	0.0000	0.0000	0.0000	0.0000	0.0000	0.0000	0.0000	0.0000	0.0000	0.1581	0.1443	0.0138	0.0879	0.0839	0.0040	0.0701	0.0604	0.0098	0.0258	0.0158	0.0100	0.0131	0.0114	0.0017	0.0127	0.0044	0.0083	inf	inf	0.0000	inf	inf	0.0000	inf	inf	0.0000	0.0000	0.0000	0.0000	0.0000	0.0000	0.0000	0.0000	0.0000	0.0000				
65	94	0.6883	9	1	1	0	0	0	0	0	0	N	N	N	N	N	N	N	N	N	N	N	N	65.0992	295.6299	0.0204	252.0591	993.1251	0.0082	0.5019	0.0178	0.0000	2.1858	2.3704	0.0001	3.7545	3.9078	0.0004	0.0000	0.0000	0.0000	0.0336	0.0080	0.0056	0.0149	0.0039	0.0480	0.0000	0.0002	0.0000	0.0000	1.5016	-0.1843	0.0000	1.1351	5.9980	2.0429	4.9575	0.7084	0.7084	0.0000	0.7084	0.7084	0.0000	0.0000	0.0000	0.0000	0.0001	0.0000	0.0001	0.0001	0.0000	0.0001	0.0000	0.0000	0.0000	0.3241	0.2988	0.0252	0.1887	0.1813	0.0074	0.1354	0.1176	0.0178	0.0406	0.0281	0.0124	0.0258	0.0227	0.0031	0.0148	0.0055	0.0093	887.0182	1668.6285	0.0239	970.5088	2218.1151	0.0206	0.5019	12.4967	0.0000	0.0025	0.0014	0.0048	0.0039	0.0018	0.0191	0.0000	0.0000	0.0000
65	95	0.0971	5	1	1	0	0	0	0	0	0	N	N	N	N	N	N	N	N	N	N	N	N	0.0000	0.0000	0.0000	0.0000	0.0000	0.0000	0.0000	0.0000	0.0000	0.0000	0.0000	0.0000	0.0000	0.0000	0.0000	0.0000	0.0000	0.0000	0.0000	0.0000	1.1351	0.0000	2.0429	2.0000	0.0000	0.0000	0.0000	0.0000	0.0000	0.0000	0.0000	0.0000	0.0000	0.0000	0.0000	0.0000	0.0000	0.0000	0.0000	0.0000	0.0000	0.0000	0.0000	0.0000	0.0000	0.0000	0.0000	0.0000	0.0000	0.0000	0.0000	0.0157	0.0058	0.0100	0.0003	0.0003	0.0000	0.0154	0.0055	0.0099	0.0000	0.0000	0.0000	0.0000	0.0000	0.0000	0.0000	0.0000	0.0000	0.0000	0.0000	0.0000	0.0000	0.0000	0.0000	0.0000	0.0000	0.0000											
65	96	0.0747	4	0	1	0	0	0	0	0	0	N	N	N	N	N	N	N	N	N	N	N	N	inf	inf	inf	inf	inf	inf	inf	inf	5.7261	0.0185	49.6642	0.0008	0.0008	0.0000	5.9044	0.0191	50.5568	0.0000	0.0000	0.0000	0.0000	0.0000	0.0000	0.0000	0.0000	0.0000	349.2697	0.5222	0.0000	1.1351	4.0000	2.0429	0.0000	0.7086	0.0020	0.7065	0.0000	0.0000	0.0000	0.7086	0.0020	0.7065	0.0000	0.0000	0.0000	0.0000	0.0000	0.0000	0.0000	0.0000	0.0000	0.1237	0.1095	0.0142	0.0037	0.0035	0.0003	0.1200	0.1060	0.0140	0.0293	0.0132	0.0161	0.0069	0.0059	0.0010	0.0224	0.0073	0.0151	inf	inf	inf	inf	inf	0.0000	inf	inf	inf	0.0000	0.0000	0.0000	0.0000	0.0000	0.0000	0.0000	0.0000	0.0000		
65	97	0.6308	7	0	0	0	0	0	0	0	0	N	N	N	N	N	N	N	N	N	N	N	N	1.2779	0.2173	inf	2.8014	0.0208	inf	0.0009	0.0003	0.0077	0.0000	0.0000	0.0000	0.0021	0.0007	0.0108	0.0007	0.0013	0.0000	0.0000	0.0000	0.0000	0.0007	0.0333	0.0000	2.5000	0.0000	0.0001	-0.0000	1.1351	3.9994	2.0429	4.0000	0.0002	0.0001	0.0001	0.0000	0.0000	0.0000	0.0002	0.0001	0.0001	0.0000	0.0000	0.0000	0.0000	0.0000	0.0000	0.0000	0.0000	0.0000	0.2245	0.2049	0.0195	0.1240	0.1184	0.0056	0.1004	0.0865	0.0139	0.0350	0.0215	0.0136	0.0178	0.0155	0.0024	0.0172	0.0060	0.0112	3.2763	0.6281	inf	0.0000	0.0000	0.0000	3.5934	0.4139	inf	0.0003	0.0005	0.0000	0.0000	0.0000	0.0000	0.0006	0.0017	0.0000			
65	98	0.0747	4	0	0	0	0	0	0	0	0	N	N	N	N	N	N	N	N	N	N	N	N	0.0000	0.0000	0.0000	0.0000	0.0000	0.0000	0.0000	0.0000	0.0000	0.0000	0.0000	0.0000	0.0000	0.0000	0.0000	0.0000	0.0000	0.0000	0.0000	0.0000	1.1351	1.0000	2.0429	0.0000	0.0000	0.0000	0.0000	0.0000	0.0000	0.0000	0.0000	0.0000	0.0000	0.0000	0.0000	0.0000	0.0000	0.0000	0.0000	0.0000	0.0000	0.0000	0.0622	0.0549	0.0073	0.0018	0.0017	0.0001	0.0604	0.0532	0.0071	0.0142	0.0064	0.0078	0.0034	0.0029	0.0005	0.0108	0.0035	0.0073	0.0000	0.0000	0.0000	0.0000	0.0000	0.0000	0.0000	0.0000	0.0000	0.0000	0.0000	0.0000	0.0000	0.0000	0.0000	0.0000	0.0000	0.0000											
65	99	0.5199	6	0	0	0	0	0	0	0	0	N	N	N	N	N	N	N	N	N	N	N	N	2.6242	1.8940	0.0000	0.0207	0.0289	0.0000	73.6176	4.3936	0.0003	0.6179	0.7699	0.0000	0.0011	0.0015	0.0000	2.2099	2.3501	0.0000	0.2355	0.4065	0.0021	0.0550	0.0526	0.0008	0.0300	0.5349	0.0022	0.0000	0.1816	-0.0517	-0.0002	1.1351	1.5982	2.0429	11.1970	0.1987	0.1987	0.0000	0.0003	0.0003	0.0000	0.1984	0.1984	0.0000	0.0004	0.0004	0.0001	0.0003	0.0003	0.0000	0.0002	0.0001	0.0001	0.3215	0.2580	0.0635	0.2317	0.1736	0.0581	0.0898	0.0844	0.0054	0.0786	0.0459	0.0327	0.0336	0.0304	0.0033	0.0450	0.0155	0.0295	109.6635	94.2857	0.0000	0.1491	0.1813	0.0000	534.3009	303.9854	0.0003	0.0056	0.0082	0.0021	0.0076	0.0084	0.0006	0.0041	0.0077	0.0022
65	100	0.6898	10	1	1	1	0	0	0	0	0	N	N	N	N	N	N	N	N	N	N	N	N	0.0000	0.0000	0.0000	0.0000	0.0000	0.0000	0.0000	0.0000	0.0000	0.0000	0.0000	0.0000	0.0000	0.0000	0.0000	0.0000	0.0000	0.0000	0.0000	0.0000	1.1351	0.0000	2.0429	0.9982	0.0000	0.0000	0.0000	0.0000	0.0000	0.0000	0.0000	0.0000	0.0000	0.0000	0.0000	0.0000	0.0000	0.0000	0.0000	0.0000	0.0000	0.0000	0.0041	0.0038	0.0003	0.0034	0.0033	0.0001	0.0007	0.0005	0.0002	0.0041	0.0028	0.0012	0.0026	0.0023	0.0003	0.0015	0.0005	0.0009	0.0000	0.0000	0.0000	0.0000	0.0000	0.0000	0.0000	0.0000	0.0000	0.0000	0.0000	0.0000	0.0000	0.0000	0.0000	0.0000	0.0000	0.0000											
65	101	0.1094	7	1	1	1	0	0	0	0	0	N	N	N	N	N	N	N	N	N	N	N	N	0.0000	0.0000	0.0000	0.0000	0.0000	0.0000	0.0000	0.0000	0.0000	0.0000	0.0000	0.0000	0.0000	0.0000	0.0000	0.0000	0.0000	0.0000	0.0000	0.0000	1.1351	0.0000	2.0429	0.0000	0.0000	0.0000	0.0000	0.0000	0.0000	0.0000	0.0000	0.0000	0.0000	0.0000	0.0000	0.0000	0.0000	0.0000	0.0000	0.0000	0.0000	0.0000	0.0000	0.0000	0.0000	0.0000	0.0000	0.0000	0.0000	0.0000	0.0000	0.0000	0.0000	0.0000	0.0000	0.0000	0.0000	0.0000	0.0000	0.0000	0.0000	0.0000	0.0000	0.0000	0.0000	0.0000	0.0000	0.0000	0.0000	0.0000	0.0000	0.0000	0.0000	0.0000	0.0000	0.0000	0.0000	0.0000											
65	102	0.1094	6	1	0	1	0	0	0	0	0	N	N	N	N	N	N	N	N	N	N	N	N	0.0000	0.0000	0.0000	0.0000	0.0000	0.0000	0.0000	0.0000	0.0000	0.0000	0.0000	0.0000	0.0000	0.0000	0.0000	0.0000	0.0000	0.0000	0.0000	0.0000	1.1351	0.0000	2.0429	0.0000	0.0000	0.0000	0.0000	0.0000	0.0000	0.0000	0.0000	0.0000	0.0000	0.0000	0.0000	0.0000	0.0000	0.0000	0.0000	0.0000	0.0000	0.0000	0.0000	0.0000	0.0000	0.0000	0.0000	0.0000	0.0000	0.0000	0.0000	0.0000	0.0000	0.0000	0.0000	0.0000	0.0000	0.0000	0.0000	0.0000	0.0000	0.0000	0.0000	0.0000	0.0000	0.0000	0.0000	0.0000	0.0000	0.0000	0.0000	0.0000	0.0000	0.0000	0.0000	0.0000	0.0000	0.0000											
65	103	0.1033	5	1	0	1	0	0	0	0	0	N	N	N	N	N	N	N	N	N	N	N	N	0.0000	0.0000	0.0000	0.0000	0.0000	0.0000	0.0000	0.0000	0.0000	0.0000	0.0000	0.0000	0.0000	0.0000	0.0000	0.0000	0.0000	0.0000	0.0000	0.0000	1.1351	0.0000	2.0429	1.0091	0.0000	0.0000	0.0000	0.0000	0.0000	0.0000	0.0000	0.0000	0.0000	0.0000	0.0000	0.0000	0.0000	0.0000	0.0000	0.0000	0.0000	0.0000	0.0000	0.0000	0.0000	0.0000	0.0000	0.0000	0.0000	0.0000	0.0000	0.0081	0.0030	0.0051	0.0002	0.0002	0.0000	0.0079	0.0028	0.0051	0.0000	0.0000	0.0000	0.0000	0.0000	0.0000	0.0000	0.0000	0.0000	0.0000	0.0000	0.0000	0.0000	0.0000	0.0000	0.0000	0.0000	0.0000											
65	104	0.6308	7	0	1	0	0	0	0	0	0	N	N	N	N	N	N	N	N	N	N	N	N	inf	inf	inf	inf	inf	inf	inf	inf	inf	0.0018	0.0010	0.0099	0.0020	0.0013	0.0166	0.0015	0.0005	0.0074	0.0000	0.0000	0.0000	0.0000	0.0000	0.0000	0.0000	0.0000	0.0000	0.9722	0.0002	0.0000	1.1351	7.9994	2.0429	4.0001	0.0007	0.0004	0.0003	0.0004	0.0003	0.0002	0.0003	0.0001	0.0002	0.0000	0.0000	0.0000	0.0000	0.0000	0.0000	0.0000	0.0000	0.0000	0.4057	0.3704	0.0353	0.2199	0.2103	0.0097	0.1857	0.1602	0.0256	0.0507	0.0311	0.0196	0.0259	0.0225	0.0034	0.0248	0.0086	0.0162	inf	inf	inf	inf	inf	inf	inf	inf	inf	0.0000	0.0000	0.0000	0.0000	0.0000	0.0000	0.0000	0.0000	0.0000	
65	105	0.6933	11	1	0	1	0	0	0	0	0	N	N	N	N	N	N	N	N	N	N	N	N	0.5628	0.3169	0.3627	0.4109	0.0001	0.0001	0.0000	0.0001	0.0001	0.0000	0.0000	0.0000	0.0000	0.0001	0.0002	0.0000	0.0003	0.0003	0.0000	0.0000	0.0000	0.0000	0.0000	0.0000	-0.0000	-0.0000	1.1351	1.0000	2.0429	1.0005	0.0000	0.0000	0.0000	0.0000	0.0000	0.0000	0.0000	0.0000	0.0000	0.0000	0.0000	0.0000	0.0000	0.0000	0.0000	0.0000	0.0000	0.0000	0.0616	0.0569	0.0048	0.0367	0.0352	0.0014	0.0250	0.0217	0.0033	0.0079	0.0055	0.0024	0.0051	0.0045	0.0006	0.0029	0.0010	0.0018	4.0196	3.0325	0.0000	4.3298	3.9684	0.0000	0.0000	0.0000	0.0000	0.0000	0.0000	0.0000	0.0000	0.0000	0.0000	0.0000	0.0000	0.0000					
65	106	0.6898	10	1	0	1	0	0	0	0	0	N	N	N	N	N	N	N	N	N	N	N	N	7.6019	5.6174	9.6879	0.0142	0.0188	0.0000	21.8466	1.1059	11.9514	0.0018	0.0019	0.0011	0.0000	0.0000	0.0000	0.0047	0.0052	0.0017	0.0002	0.0003	0.0001	0.0003	0.0002	0.0001	0.0002	0.0047	0.0001	0.0503	0.8094	-0.0000	-0.0000	1.1351	0.7249	2.0429	0.0368	0.0001	0.0001	0.0000	0.0000	0.0000	0.0000	0.0001	0.0001	0.0000	0.0000	0.0000	0.0000	0.0000	0.0000	0.0000	0.0000	0.0000	0.0000	0.0490	0.0452	0.0038	0.0301	0.0289	0.0012	0.0189	0.0163	0.0026	0.0031	0.0022	0.0010	0.0020	0.0018	0.0002	0.0011	0.0004	0.0007	22.7574	29.4751	9.6879	0.1827	0.2297	0.0000	26.0594	20.2989	11.9514	0.0001	0.0001	0.0001	0.0000	0.0000	0.0001	0.0002	0.0003	0.0001
65	107	0.6883	9	1	0	1	0	0	0	0	0	N	N	N	N	N	N	N	N	N	N	N	N	25.6024	21.2700	0.1558	8.3496	9.9839	0.0124	94.6517	20.0049	0.2750	0.0072	0.0078	0.0000	0.0046	0.0048	0.0000	0.0120	0.0138	0.0000	0.0003	0.0004	0.0002	0.0006	0.0005	0.0002	0.0001	0.0007	0.0001	0.0003	0.8300	-0.0001	-0.0000	1.1351	0.4159	2.0429	0.0887	0.0002	0.0002	0.0000	0.0001	0.0001	0.0000	0.0001	0.0001	0.0000	0.0000	0.0000	0.0000	0.0000	0.0000	0.0000	0.0000	0.0000	0.0000	0.0301	0.0279	0.0022	0.0194	0.0186	0.0008	0.0107	0.0092	0.0014	0.0022	0.0016	0.0007	0.0014	0.0013	0.0002	0.0008	0.0003	0.0005	65.8665	91.6275	0.1558	37.9329	45.6460	0.0124	134.4379	2130.3730	0.2750	0.0001	0.0001	0.0002	0.0001	0.0001	0.0002	0.0001	0.0000	0.0001
65	108	0.6721	8	1	0	0	0	0	0	0	0	N	N	N	N	N	N	N	N	N	N	N	N	16.4218	9.7217	44.4557	4.7291	5.5195	0.0000	941.1420	4.0250	332.5492	0.0015	0.0016	0.0002	0.0010	0.0010	0.0000	0.0022	0.0025	0.0003	0.0001	0.0002	0.0000	0.0002	0.0002	0.0000	0.0000	0.0006	0.0000	0.0126	0.3387	-0.0001	-0.0000	1.1351	3.9943	2.0429	0.9974	0.0003	0.0003	0.0000	0.0001	0.0001	0.0000	0.0002	0.0002	0.0000	0.0000	0.0000	0.0000	0.0000	0.0000	0.0000	0.0000	0.0000	0.0000	0.2269	0.2086	0.0183	0.1293	0.1241	0.0052	0.0976	0.0845	0.0131	0.0210	0.0139	0.0071	0.0128	0.0113	0.0015	0.0082	0.0026	0.0056	215.0932	204.5195	44.4557	98.8366	120.8459	0.0000	941.1420	474.1761	332.5492	0.0000	0.0000	0.0000	0.0000	0.0000	0.0000	0.0000	0.0000	0.0000
65	109	0.1033	5	1	0	1	0	0	0	0	0	N	N	N	N	N	N	N	N	N	N	N	N	0.0000	0.0000	0.0000	0.0000	0.0000	0.0000	0.0000	0.0000	0.0000	0.0000	0.0000	0.0000	0.0000	0.0000	0.0000	0.0000	0.0000	0.0000	0.0000	0.0000	1.1351	0.0000	2.0429	0.9909	0.0000	0.0000	0.0000	0.0000	0.0000	0.0000	0.0000	0.0000	0.0000	0.0000	0.0000	0.0000	0.0000	0.0000	0.0000	0.0000	0.0000	0.0000	0.0000	0.0000	0.0000	0.0000	0.0000	0.0000	0.0000	0.0000	0.0000	0.0080	0.0029	0.0050	0.0002	0.0002	0.0000	0.0078	0.0027	0.0050	0.0000	0.0000	0.0000	0.0000	0.0000	0.0000	0.0000	0.0000	0.0000	0.0000	0.0000	0.0000	0.0000	0.0000	0.0000	0.0000	0.0000	0.0000											
65	110	0.0747	4	1	0	1	0	0	0	0	0	N	N	N	N	N	N	N	N	N	N	N	N	inf	inf	inf	inf	inf	inf	inf	inf	5.7265	0.0189	49.6643	0.0142	0.0152	0.0000	5.9044	0.0191	50.5569	0.0000	0.0000	0.0000	0.0000	0.0000	0.0000	0.0000	0.0000	0.0000	340.8451	0.5222	0.0000	1.1351	4.0000	2.0429	0.0000	0.7086	0.0021	0.7065	0.0001	0.0001	0.0000	0.7086	0.0020	0.7065	0.0000	0.0000	0.0000	0.0000	0.0000	0.0000	0.0000	0.0000	0.0000	0.1237	0.1095	0.0142	0.0037	0.0035	0.0003	0.1200	0.1060	0.0140	0.0293	0.0132	0.0161	0.0069	0.0059	0.0010	0.0224	0.0073	0.0151	inf	inf	inf	inf	inf	0.0000	inf	inf	inf	0.0000	0.0000	0.0000	0.0000	0.0000	0.0000	0.0000	0.0000	0.0000		
65	112	0.6767	8	0	0	1	0	0	0	0	0	N	N	N	N	N	N	N	N	N	N	N	N	0.0000	0.0000	0.0000	0.0000	0.0000	0.0000	0.0000	0.0000	0.0000	0.0000	0.0000	0.0000	0.0000	0.0000	0.0000	1.1493	0.0000	0.9390	0.0053	0.0000	0.0558	1.2750	0.0000	0.4936	inf	0.0000	0.0000	1.1351	0.0000	2.0429	0.0001	0.0000	0.0000	0.0000	0.0000	0.0000	0.0000	0.0000	0.0000	0.0000	0.0000	0.0000	0.0000	0.0000	0.0000	0.0000	0.0000	0.0000	0.0000	0.0000	0.0000	0.0000	0.0000	0.0000	0.0000	0.0000	0.0000	0.0000	0.0000	0.0000	0.0000	0.0000	0.0000	0.0000	0.0000	0.0000	0.0000	0.0000	0.0000	0.0000	0.0000	0.0000	0.0000	0.0000	0.0000	0.0000	0.0681	0.0000	0.2518	0.0020	0.0000	0.0238	0.1509	0.0000	0.2992				
65	113	0.6308	7	0	0	1	0	0	0	0	0	N	N	N	N	N	N	N	N	N	N	N	N	0.0012	inf	0.0004	0.0432	inf	0.0000	0.0003	inf	0.0017	0.0020	0.0020	0.0020	0.0031	0.0033	0.0000	0.0006	0.0002	0.0029	1.6370	0.0000	4.8103	0.0727	0.0000	0.1823	2.0683	0.0000	1.6684	0.0976	inf	-0.0001	0.0050	1.1351	4.0004	2.0429	4.9999	0.0004	0.0004	0.0000	0.0004	0.0004	0.0000	0.0001	0.0000	0.0000	0.0105	0.0000	0.0105	0.0002	0.0000	0.0002	0.0103	0.0000	0.0103	0.2245	0.2050	0.0195	0.1241	0.1185	0.0056	0.1004	0.0865	0.0139	0.0391	0.0239	0.0151	0.0199	0.0173	0.0026	0.0191	0.0066	0.0125	0.0075	inf	0.0030	0.3682	inf	0.0000	0.0011	inf	0.0035	0.2681	0.0000	0.6922	0.0085	0.0000	0.0647	0.5381	0.0000	0.8242
65	114	0.0421	3	0	1	0	0	0	0	0	0	N	N	N	N	N	N	N	N	N	N	N	N	0.3593	0.0312	2.7575	0.0113	0.0034	14.8870	0.6254	0.0058	6.3454	0.4129	0.0009	1.4862	0.0000	0.0000	0.0035	0.6055	0.0016	1.4890	1.1493	0.0293	0.5390	0.0007	0.0006	0.0002	0.9683	0.2814	0.2347	624.0786	47.1920	0.1330	0.0039	1.1351	4.3361	2.0429	4.6323	0.1802	0.0003	0.1799	0.0000	0.0000	0.0000	0.1802	0.0003	0.1799	0.0084	0.0002	0.0083	0.0000	0.0000	0.0000	0.0084	0.0002	0.0083	0.4364	0.3153	0.1210	0.1388	0.1386	0.0002	0.2975	0.1767	0.1208	0.1222	0.0620	0.0601	0.0306	0.0289	0.0017	0.0916	0.0332	0.0584	5.9801	0.3240	10.8183	0.0405	0.0104	14.8870	6.5805	0.3189	10.5324	0.0690	0.0028	0.1374	0.0002	0.0002	0.0002	0.0920	0.0051	0.1414
65	116	0.6308	7	0	1	0	1	0	0	0	0	N	N	N	N	N	N	N	N	N	N	N	N	inf	inf	inf	inf	inf	inf	inf	inf	inf	2.5924	2.8393	0.0021	4.7128	4.9340	0.0015	0.0020	0.0020	0.0023	0.0000	0.0000	0.0000	0.0000	0.0000	0.0000	0.0000	0.0000	0.0000	0.0001	-0.1844	0.0000	1.1351	5.0006	2.0429	2.0000	0.7087	0.7087	0.0001	0.7085	0.7085	0.0000	0.0003	0.0002	0.0000	0.0000	0.0000	0.0000	0.0000	0.0000	0.0000	0.0000	0.0000	0.0000	0.2734	0.2496	0.0238	0.1503	0.1436	0.0067	0.1231	0.1060	0.0170	0.0309	0.0189	0.0120	0.0157	0.0137	0.0021	0.0152	0.0053	0.0099	inf	inf	inf	inf	inf	inf	inf	inf	inf	0.0000	0.0000	0.0000	0.0000	0.0000	0.0000	0.0000	0.0000	0.0000	
65	117	0.0747	4	0	1	0	1	0	0	0	0	N	N	N	N	N	N	N	N	N	N	N	N	0.0000	0.0000	0.0000	0.0000	0.0000	0.0000	0.0000	0.0000	0.0000	0.0000	0.0000	0.0000	0.0000	0.0000	0.0000	0.0000	0.0000	0.0000	0.0000	0.0000	1.1351	0.0000	2.0429	1.0000	0.0000	0.0000	0.0000	0.0000	0.0000	0.0000	0.0000	0.0000	0.0000	0.0000	0.0000	0.0000	0.0000	0.0000	0.0000	0.0000	0.0000	0.0000	0.0000	0.0000	0.0000	0.0000	0.0000	0.0000	0.0000	0.0000	0.0000	0.0108	0.0049	0.0059	0.0026	0.0022	0.0004	0.0082	0.0027	0.0056	0.0000	0.0000	0.0000	0.0000	0.0000	0.0000	0.0000	0.0000	0.0000	0.0000	0.0000	0.0000	0.0000	0.0000	0.0000	0.0000	0.0000	0.0000											
65	118	0.6308	7	0	1	0	0	0	0	0	0	N	N	N	N	N	N	N	N	N	N	N	N	inf	inf	inf	inf	inf	inf	inf	inf	0.0008	0.0008	0.0007	0.0013	0.0013	0.0000	0.0003	0.0002	0.0009	0.0000	0.0000	0.0000	0.0000	0.0000	0.0000	0.0000	0.0000	0.0000	0.0769	-0.0001	0.0000	1.1351	16.9994	2.0429	6.0000	0.0006	0.0005	0.0000	0.0005	0.0005	0.0000	0.0001	0.0001	0.0000	0.0000	0.0000	0.0000	0.0000	0.0000	0.0000	0.0000	0.0000	0.0000	0.7053	0.6443	0.0611	0.3689	0.3533	0.0156	0.3365	0.2910	0.0455	0.0885	0.0544	0.0342	0.0457	0.0395	0.0062	0.0428	0.0148	0.0280	inf	inf	inf	inf	inf	0.0000	inf	inf	inf	0.0000	0.0000	0.0000	0.0000	0.0000	0.0000	0.0000	0.0000	0.0000		
65	119	0.0747	4	0	1	0	0	0	0	0	0	N	N	N	N	N	N	N	N	N	N	N	N	0.0004	0.0016	0.0180	inf	inf	inf	0.0000	0.0000	0.0000	0.0003	0.0001	0.0024	0.0110	0.0024	0.1313	0.0000	0.0000	0.0000	0.7752	0.0460	0.1308	0.0000	0.0000	0.0000	0.4124	0.4117	0.0512	4.0000	14.0000	0.0000	0.0007	1.1351	5.0000	2.0429	6.0000	0.0001	0.0000	0.0000	0.0001	0.0000	0.0000	0.0000	0.0000	0.0000	0.0016	0.0001	0.0015	0.0000	0.0000	0.0000	0.0016	0.0001	0.0015	0.1489	0.1319	0.0170	0.0045	0.0042	0.0003	0.1444	0.1277	0.0167	0.0690	0.0307	0.0383	0.0150	0.0128	0.0023	0.0539	0.0179	0.0360	0.0140	0.0211	0.0585	inf	inf	inf	0.0000	0.0000	0.0000	0.0239	0.0036	0.0402	0.0000	0.0000	0.0000	0.0306	0.0062	0.0427
65	120	0.1028	5	0	1	0	0	0	0	0	0	N	N	N	N	N	N	N	N	N	N	N	N	0.1337	0.0029	7.0757	0.3561	0.3883	5.7914	0.3520	0.0005	17.2253	0.1357	0.0022	1.4691	0.0040	0.0036	0.0106	0.2545	0.0008	1.9348	1.0154	0.7556	0.2076	0.0111	0.0093	0.0018	0.7230	1.5722	0.1123	66.2846	5.7385	0.0030	0.0002	1.1351	0.9998	2.0429	0.9486	0.0041	0.0001	0.0040	0.0001	0.0000	0.0000	0.0040	0.0000	0.0040	0.0007	0.0001	0.0006	0.0000	0.0000	0.0000	0.0007	0.0001	0.0006	0.0301	0.0274	0.0027	0.0143	0.0136	0.0007	0.0158	0.0138	0.0021	0.0148	0.0061	0.0087	0.0026	0.0025	0.0001	0.0122	0.0036	0.0086	2.7414	0.1250	20.4239	1.2975	1.1777	6.5469	4.2854	0.0294	26.7209	0.0495	0.0178	0.0719	0.0030	0.0031	0.0016	0.0594	0.0281	0.0724
65	121	0.0747	4	0	1	0	0	0	0	0	0	N	N	N	N	N	N	N	N	N	N	N	N	335.5161	11.0768	17236.6391	3.7594	4.1753	0.0000	577.1403	1.0063	16485.7877	4.3599	0.0141	38.2278	0.0007	0.0008	0.0000	4.4979	0.0145	38.9311	0.0130	0.0013	0.0022	0.0002	0.0002	0.0000	0.0078	0.0145	0.0024	347.9057	6.0895	0.5192	0.0000	1.1351	3.0005	2.0429	1.1085	0.7045	0.0020	0.7025	0.0000	0.0000	0.0000	0.7045	0.0020	0.7025	0.0001	0.0000	0.0001	0.0000	0.0000	0.0000	0.0001	0.0000	0.0001	0.1616	0.1432	0.0184	0.0050	0.0046	0.0003	0.1566	0.1386	0.0180	0.0512	0.0229	0.0283	0.0116	0.0099	0.0017	0.0396	0.0130	0.0265	3055.7969	31.3462	17236.6391	98.6370	92.6332	0.0000	2441.0169	18.5388	16485.7877	0.0014	0.0004	0.0022	0.0000	0.0000	0.0000	0.0018	0.0008	0.0024
65	122	0.6721	8	0	1	0	0	0	0	0	0	N	N	N	N	N	N	N	N	N	N	N	N	inf	inf	inf	inf	inf	inf	0.0025	0.0027	0.0000	0.0013	0.0013	0.0000	0.0041	0.0048	0.0000	0.0000	0.0000	0.0000	0.0000	0.0000	0.0000	0.0000	0.0000	0.0000	0.0000	-0.0001	0.0000	1.1351	2.0001	2.0429	3.0000	0.0003	0.0003	0.0000	0.0001	0.0001	0.0000	0.0002	0.0002	0.0000	0.0000	0.0000	0.0000	0.0000	0.0000	0.0000	0.0000	0.0000	0.0000	0.1205	0.1108	0.0097	0.0696	0.0668	0.0028	0.0509	0.0440	0.0068	0.0211	0.0139	0.0071	0.0128	0.0113	0.0015	0.0083	0.0026	0.0056	inf	inf	0.0000	inf	inf	0.0000	inf	inf	0.0000	0.0000	0.0000	0.0000	0.0000	0.0000	0.0000	0.0000	0.0000	0.0000				
65	123	0.6308	7	0	0	0	0	0	0	0	0	N	N	N	N	N	N	N	N	N	N	N	N	37.6326	15.4447	5802.2729	inf	inf	inf	195.2343	0.0002	6630.1644	0.0014	0.0014	0.0013	0.0024	0.0025	0.0000	0.0002	0.0000	0.0018	0.0000	0.0001	0.0000	0.0000	0.0000	0.0000	0.0000	0.0005	0.0000	0.0853	0.1618	-0.0001	-0.0000	1.1351	6.9986	2.0429	2.0000	0.0005	0.0005	0.0000	0.0005	0.0005	0.0000	0.0000	0.0000	0.0000	0.0000	0.0000	0.0000	0.0000	0.0000	0.0000	0.0000	0.0000	0.0000	0.3638	0.3321	0.0316	0.1981	0.1894	0.0088	0.1656	0.1428	0.0229	0.0390	0.0239	0.0151	0.0199	0.0173	0.0026	0.0191	0.0066	0.0125	2307.9835	1657.8653	5802.2729	inf	inf	inf	195.2343	0.0301	6630.1644	0.0000	0.0000	0.0000	0.0000	0.0000	0.0000	0.0000	0.0000	0.0000
65	124	0.1082	5	0	1	0	0	0	0	0	0	N	N	N	N	N	N	N	N	N	N	N	N	1348.3641	2.5890	125157.5974	0.3766	0.0385	4542.5027	16259.4133	75.4047	126689.8040	3.1656	0.0101	31.5123	0.0015	0.0001	0.0286	3.8120	0.0123	34.1622	0.0023	0.0039	0.0003	0.0039	0.0038	0.0000	0.0002	0.0002	0.0003	347.2846	0.3740	0.5191	-0.0000	1.1351	3.9006	2.0429	3.1543	0.7044	0.0020	0.7024	0.0001	0.0000	0.0000	0.7044	0.0020	0.7024	0.0000	0.0000	0.0000	0.0000	0.0000	0.0000	0.0000	0.0000	0.0000	0.2225	0.2002	0.0223	0.0377	0.0360	0.0017	0.1848	0.1642	0.0206	0.0698	0.0300	0.0398	0.0180	0.0153	0.0027	0.0517	0.0146	0.0371	5999.2335	11.2972	125157.5974	0.9770	0.0848	4542.5027	19703.5904	47293.7740	126689.8040	0.0005	0.0009	0.0003	0.0015	0.0017	0.0000	0.0002	0.0000	0.0003
65	125	0.0747	4	0	1	0	0	0	0	0	0	N	N	N	N	N	N	N	N	N	N	N	N	10.5350	0.3961	456.4417	0.0235	0.0291	0.0000	23.6587	0.0404	436.4483	0.0433	0.0007	0.3686	0.0000	0.0000	0.0000	0.0446	0.0008	0.3752	0.0041	0.0018	0.0008	0.0003	0.0002	0.0000	0.0019	0.0186	0.0009	66.1787	1.7405	0.0031	0.0000	1.1351	1.6924	2.0429	1.9110	0.0043	0.0001	0.0043	0.0000	0.0000	0.0000	0.0043	0.0001	0.0043	0.0000	0.0000	0.0000	0.0000	0.0000	0.0000	0.0000	0.0000	0.0000	0.0999	0.0884	0.0116	0.0030	0.0028	0.0002	0.0969	0.0856	0.0114	0.0458	0.0205	0.0253	0.0105	0.0089	0.0016	0.0353	0.0116	0.0237	61.7078	1.2759	456.4417	0.3391	0.3457	0.0000	49.3545	0.7555	436.4483	0.0007	0.0006	0.0008	0.0000	0.0000	0.0000	0.0009	0.0010	0.0009
65	126	0.6308	7	0	1	0	0	0	0	0	0	N	N	N	N	N	N	N	N	N	N	N	N	0.0000	0.0000	0.0000	0.0000	0.0000	0.0000	0.0000	0.0000	0.0000	0.0000	0.0000	0.0000	0.0000	0.0231	0.0390	0.0000	0.0159	0.0165	0.0000	0.0000	0.0000	0.0000	0.0000	0.0000	-0.0000	1.1351	0.9996	2.0429	8.0005	0.0000	0.0000	0.0000	0.0000	0.0000	0.0000	0.0000	0.0000	0.0000	0.0001	0.0001	0.0000	0.0001	0.0001	0.0000	0.0000	0.0000	0.0000	0.0609	0.0556	0.0053	0.0342	0.0326	0.0016	0.0267	0.0230	0.0037	0.0391	0.0239	0.0151	0.0199	0.0173	0.0026	0.0191	0.0066	0.0125	0.0000	0.0000	0.0000	0.0000	0.0000	0.0000	0.0000	0.0000	0.0000	0.0020	0.0033	0.0000	0.0040	0.0046	0.0000	0.0000	0.0000	0.0000						
65	127	0.5362	7	0	0	0	0	0	0	0	0	N	N	N	N	N	N	N	N	N	N	N	N	88.5559	99.0256	0.0000	0.9464	1.4925	0.0000	467.8509	24.9006	0.0000	0.4903	0.5899	0.0000	0.0007	0.0009	0.0000	1.6474	1.8004	0.0000	0.0055	0.0060	0.0004	0.0007	0.0006	0.0006	0.0035	0.0723	0.0004	0.0000	0.2462	-0.0514	-0.0000	1.1351	3.6536	2.0429	12.3970	0.1976	0.1976	0.0000	0.0002	0.0002	0.0000	0.1974	0.1974	0.0000	0.0001	0.0001	0.0000	0.0000	0.0000	0.0000	0.0001	0.0001	0.0000	0.4030	0.3349	0.0681	0.2832	0.2253	0.0579	0.1198	0.1096	0.0102	0.0857	0.0499	0.0358	0.0364	0.0324	0.0040	0.0494	0.0175	0.0319	594.9069	519.0715	0.0000	2.9581	4.2993	0.0000	1312.3990	630.2450	0.0000	0.0008	0.0011	0.0004	0.0002	0.0002	0.0005	0.0013	0.0029	0.0004
65	128	0.3251	5	0	0	0	0	0	0	0	0	N	N	N	N	N	N	N	N	N	N	N	N	0.3564	0.0434	946.4471	0.0817	0.0452	101.1816	238.2579	0.0213	1570.1554	0.6184	0.1045	2.4135	0.2971	0.1630	1.6852	1.0050	0.0003	2.6144	1.7353	2.4108	0.0026	3.6370	3.6107	0.0167	0.0042	0.0136	0.0017	6.6078	0.0032	0.1981	-0.0285	1.1351	5.3495	2.0429	12.4099	0.3256	0.0428	0.2828	0.0854	0.0428	0.0427	0.2401	0.0000	0.2401	0.0550	0.0549	0.0002	0.0549	0.0548	0.0001	0.0001	0.0000	0.0001	0.5265	0.4093	0.1172	0.2876	0.2622	0.0253	0.2390	0.1471	0.0918	0.1660	0.0963	0.0696	0.0693	0.0610	0.0083	0.0966	0.0353	0.0613	1.8651	0.1836	946.4471	0.3752	0.1814	185.8125	758.7596	0.3958	1570.1554	0.3315	0.5693	0.0026	0.7919	0.8987	0.0091	0.0013	0.0007	0.0017
65	129	0.7423	13	0	1	0	1	0	0	0	0	N	N	N	N	N	N	N	N	N	N	N	N	0.0000	0.0000	0.0000	0.0000	0.0000	0.0000	0.0000	0.0000	0.0000	0.0000	0.0000	0.0000	0.0000	0.0000	0.0000	0.0000	0.0000	0.0000	0.0000	0.0000	1.1351	0.0000	2.0429	0.0000	0.0000	0.0000	0.0000	0.0000	0.0000	0.0000	0.0000	0.0000	0.0000	0.0000	0.0000	0.0000	0.0000	0.0000	0.0000	0.0000	0.0000	0.0000	0.0000	0.0000	0.0000	0.0000	0.0000	0.0000	0.0000	0.0000	0.0000	0.0000	0.0000	0.0000	0.0000	0.0000	0.0000	0.0000	0.0000	0.0000	0.0000	0.0000	0.0000	0.0000	0.0000	0.0000	0.0000	0.0000	0.0000	0.0000	0.0000	0.0000	0.0000	0.0000	0.0000	0.0000	0.0000	0.0000											
65	130	0.7260	12	0	1	0	1	0	0	0	0	N	N	N	N	N	N	N	N	N	N	N	N	0.0000	0.0000	0.0000	0.0000	0.0000	0.0000	0.0000	0.0000	0.0000	0.0000	0.0000	0.0000	0.0000	0.0000	0.0000	0.0000	0.0000	0.0000	0.0000	0.0000	1.1351	0.0000	2.0429	3.0001	0.0000	0.0000	0.0000	0.0000	0.0000	0.0000	0.0000	0.0000	0.0000	0.0000	0.0000	0.0000	0.0000	0.0000	0.0000	0.0000	0.0000	0.0000	0.0000	0.0000	0.0000	0.0000	0.0000	0.0000	0.0000	0.0000	0.0000	0.0116	0.0078	0.0038	0.0072	0.0062	0.0009	0.0044	0.0015	0.0029	0.0000	0.0000	0.0000	0.0000	0.0000	0.0000	0.0000	0.0000	0.0000	0.0000	0.0000	0.0000	0.0000	0.0000	0.0000	0.0000	0.0000	0.0000											
65	131	0.7163	11	0	1	0	0	0	0	0	0	N	N	N	N	N	N	N	N	N	N	N	N	0.0000	0.0000	0.0000	0.0000	0.0000	0.0000	0.0000	0.0000	0.0000	0.0000	0.0000	0.0000	0.0000	0.0000	0.0000	0.0000	0.0000	0.0000	0.0000	0.0000	1.1351	0.0000	2.0429	0.0000	0.0000	0.0000	0.0000	0.0000	0.0000	0.0000	0.0000	0.0000	0.0000	0.0000	0.0000	0.0000	0.0000	0.0000	0.0000	0.0000	0.0000	0.0000	0.0000	0.0000	0.0000	0.0000	0.0000	0.0000	0.0000	0.0000	0.0000	0.0000	0.0000	0.0000	0.0000	0.0000	0.0000	0.0000	0.0000	0.0000	0.0000	0.0000	0.0000	0.0000	0.0000	0.0000	0.0000	0.0000	0.0000	0.0000	0.0000	0.0000	0.0000	0.0000	0.0000	0.0000	0.0000	0.0000											
65	132	0.7260	12	0	0	1	1	0	0	0	0	N	N	N	N	N	N	N	N	N	N	N	N	0.0000	0.0000	0.0000	0.0000	0.0000	0.0000	0.0000	0.0000	0.0000	0.0000	0.0000	0.0000	0.0000	0.0000	0.0000	0.0000	0.0000	0.0000	0.0000	0.0000	1.1351	0.0000	2.0429	1.9999	0.0000	0.0000	0.0000	0.0000	0.0000	0.0000	0.0000	0.0000	0.0000	0.0000	0.0000	0.0000	0.0000	0.0000	0.0000	0.0000	0.0000	0.0000	0.0000	0.0000	0.0000	0.0000	0.0000	0.0000	0.0000	0.0000	0.0000	0.0078	0.0052	0.0026	0.0048	0.0042	0.0006	0.0030	0.0010	0.0020	0.0000	0.0000	0.0000	0.0000	0.0000	0.0000	0.0000	0.0000	0.0000	0.0000	0.0000	0.0000	0.0000	0.0000	0.0000	0.0000	0.0000	0.0000											
65	133	0.7370	13	0	0	1	1	0	0	0	0	N	N	N	N	N	N	N	N	N	N	N	N	0.0000	0.0000	0.0000	0.0000	0.0000	0.0000	0.0000	0.0000	0.0000	0.0000	0.0000	0.0000	0.0000	0.0000	0.0000	0.0000	0.0000	0.0000	0.0000	0.0000	1.1351	1.0000	2.0429	0.0000	0.0000	0.0000	0.0000	0.0000	0.0000	0.0000	0.0000	0.0000	0.0000	0.0000	0.0000	0.0000	0.0000	0.0000	0.0000	0.0000	0.0000	0.0000	0.0641	0.0591	0.0050	0.0393	0.0376	0.0016	0.0248	0.0215	0.0033	0.0037	0.0025	0.0012	0.0022	0.0020	0.0003	0.0015	0.0005	0.0010	0.0000	0.0000	0.0000	0.0000	0.0000	0.0000	0.0000	0.0000	0.0000	0.0000	0.0000	0.0000	0.0000	0.0000	0.0000	0.0000	0.0000	0.0000											
65	134	0.7370	13	0	0	1	1	0	0	0	0	N	N	N	N	N	N	N	N	N	N	N	N	0.0000	0.0000	0.0000	0.0000	0.0000	0.0000	0.0000	0.0000	0.0000	0.0000	0.0000	0.0000	0.0000	0.0000	0.0000	0.0000	0.0000	0.0000	0.0000	0.0000	1.1351	0.0000	2.0429	0.0000	0.0000	0.0000	0.0000	0.0000	0.0000	0.0000	0.0000	0.0000	0.0000	0.0000	0.0000	0.0000	0.0000	0.0000	0.0000	0.0000	0.0000	0.0000	0.0000	0.0000	0.0000	0.0000	0.0000	0.0000	0.0000	0.0000	0.0000	0.0000	0.0000	0.0000	0.0000	0.0000	0.0000	0.0000	0.0000	0.0000	0.0000	0.0000	0.0000	0.0000	0.0000	0.0000	0.0000	0.0000	0.0000	0.0000	0.0000	0.0000	0.0000	0.0000	0.0000	0.0000	0.0000	0.0000											
65	135	0.7260	12	0	0	1	1	0	0	0	0	N	N	N	N	N	N	N	N	N	N	N	N	0.0149	0.0041	inf	0.0100	0.0057	inf	0.0000	0.0000	0.0000	0.0000	0.0000	0.0000	0.0000	0.0000	0.0000	0.0001	0.0001	0.0000	0.0001	0.0001	0.0000	0.0000	0.0000	0.0000	1.0000	0.0000	0.0000	-0.0000	1.1351	2.0025	2.0429	0.9943	0.0000	0.0000	0.0000	0.0000	0.0000	0.0000	0.0000	0.0000	0.0000	0.0000	0.0000	0.0000	0.0000	0.0000	0.0000	0.0000	0.0000	0.0000	0.1257	0.1158	0.0099	0.0763	0.0731	0.0032	0.0494	0.0427	0.0067	0.0116	0.0077	0.0038	0.0071	0.0062	0.0009	0.0044	0.0015	0.0029	0.5900	0.2143	inf	0.5955	0.2735	inf	0.0000	0.0000	0.0000	0.0000	0.0000	0.0000	0.0000	0.0000	0.0000	0.0000	0.0000	0.0000			
65	136	0.7260	11	0	0	0	1	0	0	0	0	N	N	N	N	N	N	N	N	N	N	N	N	0.2020	0.2237	1.0781	0.2775	0.2492	inf	0.0000	0.0000	0.0000	0.0002	0.0002	0.0005	0.0002	0.0002	0.0006	0.0000	0.0000	0.0000	0.0010	0.0008	0.0005	0.0008	0.0008	0.0000	0.0005	0.0040	0.0006	0.3333	0.7556	-0.0000	-0.0000	1.1351	0.0050	2.0429	0.0173	0.0000	0.0000	0.0000	0.0000	0.0000	0.0000	0.0000	0.0000	0.0000	0.0000	0.0000	0.0000	0.0000	0.0000	0.0000	0.0000	0.0000	0.0000	0.0010	0.0009	0.0001	0.0009	0.0008	0.0001	0.0001	0.0001	0.0000	0.0001	0.0001	0.0000	0.0001	0.0000	0.0000	0.0000	0.0000	0.0000	0.5739	0.5617	1.0781	0.8097	0.5918	inf	0.0000	0.0000	0.0000	0.0003	0.0003	0.0005	0.0003	0.0003	0.0000	0.0005	0.0002	0.0006
65	137	0.7163	10	0	0	0	1	0	0	0	0	N	N	N	N	N	N	N	N	N	N	N	N	6.6086	3.0615	546.4402	inf	inf	inf	0.0000	0.0000	0.0000	0.0004	0.0002	0.0022	0.0006	0.0003	0.0078	0.0000	0.0000	0.0000	0.0001	0.0001	0.0000	0.0000	0.0000	0.0000	0.0000	0.0004	0.0000	0.9999	6.1818	0.0000	0.0000	1.1351	1.9972	2.0429	1.0076	0.0000	0.0000	0.0000	0.0000	0.0000	0.0000	0.0000	0.0000	0.0000	0.0000	0.0000	0.0000	0.0000	0.0000	0.0000	0.0000	0.0000	0.0000	0.1101	0.1010	0.0091	0.0616	0.0590	0.0026	0.0485	0.0420	0.0065	0.0108	0.0074	0.0034	0.0072	0.0063	0.0009	0.0036	0.0012	0.0025	248.1633	666.8631	546.4402	inf	inf	inf	0.0000	0.0000	0.0000	0.0000	0.0000	0.0000	0.0000	0.0000	0.0000	0.0000	0.0000	0.0000
65	138	0.6991	9	1	1	0	0	0	0	0	0	N	N	N	N	N	N	N	N	N	N	N	N	0.0140	1280.1560	0.0000	0.3207	1271.7293	0.0000	0.0000	0.0000	0.0000	0.3117	0.4481	0.0000	0.5263	0.6053	0.0000	0.0000	0.0000	0.0000	22.3199	0.0004	67.8165	1.6412	0.0005	21.1642	49.6907	0.0003	79.8476	0.0000	444959.0645	-0.0000	0.1543	1.1351	0.0002	2.0429	2.3255	0.0000	0.0000	0.0000	0.0000	0.0000	0.0000	0.0000	0.0000	0.0000	0.3228	0.0000	0.3228	0.0011	0.0000	0.0011	0.3217	0.0000	0.3217	0.0001	0.0000	0.0000	0.0000	0.0000	0.0000	0.0000	0.0000	0.0000	0.0145	0.0097	0.0048	0.0080	0.0073	0.0007	0.0065	0.0024	0.0040	0.0140	5992.7776	0.0000	3.9950	6071.3765	0.0000	0.0000	0.0000	0.0000	22.3199	0.0001	67.8165	0.1317	0.0001	1.4398	49.6907	0.0000	79.8476
65	139	0.6812	8	1	1	0	0	0	0	0	0	N	N	N	N	N	N	N	N	N	N	N	N	0.0000	0.0000	0.0000	0.0000	0.0000	0.0000	0.0000	0.0001	0.0000	0.0002	0.0001	0.0012	0.0000	0.0000	0.0000	0.0004	0.0002	0.0018	25.5437	1.8444	68.3310	1.5796	1.6085	0.0315	55.1452	3.5136	79.9360	1.3700	236.4860	0.0000	0.3201	1.1351	2.0138	2.0429	2.7349	0.0000	0.0000	0.0000	0.0000	0.0000	0.0000	0.0000	0.0000	0.0000	0.6754	0.0028	0.6726	0.0017	0.0017	0.0000	0.6737	0.0011	0.6726	0.1214	0.1112	0.0102	0.0689	0.0660	0.0030	0.0525	0.0452	0.0073	0.0264	0.0166	0.0098	0.0142	0.0128	0.0014	0.0122	0.0038	0.0084	0.0000	0.0005	0.0000	0.0001	0.0001	0.0000	0.0000	0.0006	0.0000	25.5437	0.1713	68.3310	0.1210	0.1329	0.0143	55.1452	0.3005	79.9360
65	140	0.6977	9	0	1	0	0	0	0	0	0	N	N	N	N	N	N	N	N	N	N	N	N	0.0542	0.0417	inf	0.1428	0.1479	inf	inf	inf	0.0011	0.0012	0.0000	0.0015	0.0016	0.0000	0.0003	0.0003	0.0000	0.0212	0.0293	0.0000	0.0105	0.0105	0.0000	0.0000	0.0000	0.0000	0.0004	0.0000	-0.0001	-0.0000	1.1351	1.9232	2.0429	1.1116	0.0002	0.0002	0.0000	0.0002	0.0002	0.0000	0.0000	0.0000	0.0000	0.0000	0.0000	0.0000	0.0000	0.0000	0.0000	0.0000	0.0000	0.0000	0.1990	0.1864	0.0126	0.1431	0.1379	0.0053	0.0559	0.0485	0.0074	0.0115	0.0078	0.0036	0.0075	0.0065	0.0009	0.0040	0.0013	0.0027	0.5936	0.4325	inf	0.5057	0.4583	inf	inf	inf	0.0000	0.0019	0.0028	0.0000	0.0030	0.0034	0.0000	0.0000	0.0000	0.0000	
65	141	0.0939	5	0	1	0	0	0	0	0	0	N	N	N	N	N	N	N	N	N	N	N	N	inf	inf	inf	inf	0.0025	0.0029	0.0000	0.0198	0.0209	0.0000	0.0000	0.0000	0.0000	0.0000	0.0000	0.0000	0.0000	0.0000	0.0000	0.0000	0.0000	0.0000	0.0000	-0.0001	0.0000	1.1351	3.0000	2.0429	1.0000	0.0004	0.0004	0.0000	0.0004	0.0004	0.0000	0.0000	0.0000	0.0000	0.0000	0.0000	0.0000	0.0000	0.0000	0.0000	0.0000	0.0000	0.0000	0.1727	0.1541	0.0186	0.0222	0.0211	0.0012	0.1505	0.1330	0.0175	0.0469	0.0224	0.0245	0.0114	0.0097	0.0017	0.0355	0.0127	0.0228	inf	inf	0.0000	inf	inf	0.0000	0.0000	0.0000	0.0000	0.0000	0.0000	0.0000	0.0000	0.0000	0.0000	0.0000	0.0000	0.0000						
65	142	0.0747	4	0	0	0	0	0	0	0	0	N	N	N	N	N	N	N	N	N	N	N	N	inf	inf	inf	inf	inf	inf	0.0063	0.0049	0.0165	0.0000	0.0000	0.0000	0.0065	0.0051	0.0168	0.0000	0.0000	0.0000	0.0000	0.0000	0.0000	0.0000	0.0000	0.0000	0.4444	0.0000	0.0000	1.1351	1.0000	2.0429	1.0000	0.0004	0.0003	0.0001	0.0000	0.0000	0.0000	0.0004	0.0003	0.0001	0.0000	0.0000	0.0000	0.0000	0.0000	0.0000	0.0000	0.0000	0.0000	0.0622	0.0549	0.0073	0.0018	0.0017	0.0001	0.0604	0.0532	0.0071	0.0272	0.0122	0.0149	0.0064	0.0055	0.0009	0.0207	0.0068	0.0140	inf	inf	inf	0.0000	0.0000	0.0000	inf	inf	inf	0.0000	0.0000	0.0000	0.0000	0.0000	0.0000	0.0000	0.0000	0.0000				
65	145	0.7163	11	1	1	0	0	0	0	0	0	N	N	N	N	N	N	N	N	N	N	N	N	inf	inf	inf	inf	0.0002	0.0000	0.0021	0.0000	0.0000	0.0000	0.0004	0.0000	0.0030	0.0000	0.0000	0.0000	0.0000	0.0000	0.0000	0.0000	0.0000	0.0000	inf	0.0000	0.0000	1.1351	1.0000	2.0429	1.0000	0.0000	0.0000	0.0000	0.0000	0.0000	0.0000	0.0000	0.0000	0.0000	0.0000	0.0000	0.0000	0.0000	0.0000	0.0000	0.0000	0.0000	0.0000	0.0566	0.0519	0.0047	0.0318	0.0304	0.0013	0.0248	0.0215	0.0033	0.0073	0.0050	0.0023	0.0048	0.0042	0.0006	0.0024	0.0008	0.0017	inf	0.0000	inf	0.0000	0.0000	0.0000	inf	0.0000	inf	0.0000	0.0000	0.0000	0.0000	0.0000	0.0000	0.0000	0.0000	0.0000						
65	146	0.7163	10	0	1	0	0	0	0	0	0	N	N	N	N	N	N	N	N	N	N	N	N	inf	inf	inf	inf	0.0001	0.0001	0.0000	0.0001	0.0001	0.0000	0.0000	0.0000	0.0000	0.0000	0.0000	0.0000	0.0000	0.0000	0.0000	0.0000	0.0000	0.0000	0.0000	-0.0000	0.0000	1.1351	0.0003	2.0429	0.0000	0.0000	0.0000	0.0000	0.0000	0.0000	0.0000	0.0000	0.0000	0.0000	0.0000	0.0000	0.0000	0.0000	0.0000	0.0000	0.0000	0.0000	0.0000	0.0001	0.0001	0.0000	0.0001	0.0001	0.0000	0.0000	0.0000	0.0000	0.0000	0.0000	0.0000	0.0000	0.0000	0.0000	0.0000	0.0000	0.0000	inf	inf	0.0000	inf	inf	0.0000	0.0000	0.0000	0.0000	0.0000	0.0000	0.0000	0.0000	0.0000	0.0000	0.0000	0.0000	0.0000						
65	147	0.6977	9	0	0	0	0	0	0	0	0	N	N	N	N	N	N	N	N	N	N	N	N	286.4657	271.2620	608.7675	821.6540	858.3384	1029.9542	56.1162	0.2148	0.0000	2.1065	2.2763	0.0004	3.3122	3.4533	0.0011	0.0001	0.0001	0.0000	0.0074	0.0084	0.0000	0.0040	0.0040	0.0000	0.0000	0.0006	0.0000	0.0000	0.0002	-0.1843	-0.0000	1.1351	4.9449	2.0429	1.0063	0.7084	0.7084	0.0000	0.7084	0.7084	0.0000	0.0000	0.0000	0.0000	0.0000	0.0000	0.0000	0.0000	0.0000	0.0000	0.0000	0.0000	0.0000	0.3363	0.3112	0.0251	0.2139	0.2051	0.0087	0.1224	0.1061	0.0163	0.0217	0.0148	0.0069	0.0141	0.0123	0.0018	0.0075	0.0025	0.0051	2055.8873	1516.8040	608.7675	2109.8780	1919.4448	1029.9542	56.1162	25.2130	0.0000	0.0010	0.0015	0.0000	0.0016	0.0018	0.0000	0.0000	0.0000	0.0000
65	148	0.6812	8	0	0	0	0	0	0	0	0	N	N	N	N	N	N	N	N	N	N	N	N	0.0014	0.0011	0.0103	0.0014	0.0014	24.0725	0.0405	0.1407	0.0019	0.0022	0.0024	0.0000	0.0037	0.0039	0.0001	0.0003	0.0003	0.0000	1.5468	2.1237	0.0022	2.6295	2.7051	0.0000	0.0074	0.0025	0.0026	0.0009	0.0041	-0.0001	-0.0028	1.1351	3.4778	2.0429	1.2917	0.0004	0.0004	0.0000	0.0004	0.0004	0.0000	0.0000	0.0000	0.0000	0.0054	0.0053	0.0000	0.0053	0.0053	0.0000	0.0000	0.0000	0.0000	0.1925	0.1760	0.0165	0.1049	0.1005	0.0044	0.0877	0.0755	0.0121	0.0265	0.0167	0.0099	0.0143	0.0128	0.0014	0.0123	0.0038	0.0084	0.0108	0.0074	0.0103	0.0100	0.0094	24.0725	0.1679	4.1340	0.0019	0.2019	0.3203	0.0022	0.3738	0.4156	0.0000	0.0018	0.0001	0.0026
65	149	0.6308	7	0	0	0	0	0	0	0	0	N	N	N	N	N	N	N	N	N	N	N	N	0.0007	0.2165	0.0000	12.6308	34.3209	3.7915	0.0001	0.0012	0.0000	0.0010	0.0010	0.0000	0.0017	0.0017	0.0001	0.0001	0.0001	0.0000	1.2864	0.0048	1.2342	0.0001	0.0001	0.0000	1.5126	0.1081	0.5498	0.0015	175.0171	-0.0001	0.0025	1.1351	7.8050	2.0429	4.0035	0.0004	0.0004	0.0000	0.0004	0.0004	0.0000	0.0000	0.0000	0.0000	0.0053	0.0000	0.0053	0.0000	0.0000	0.0000	0.0053	0.0000	0.0053	0.3977	0.3631	0.0346	0.2158	0.2063	0.0095	0.1819	0.1568	0.0251	0.0500	0.0306	0.0193	0.0256	0.0222	0.0034	0.0244	0.0085	0.0160	0.0089	1.0510	0.0001	789.2681	34902.6020	3.7915	0.0005	0.0360	0.0000	0.1067	0.0010	0.2742	0.0000	0.0000	0.0000	0.2183	0.0036	0.3324
65	150	0.5362	7	0	0	0	0	0	0	0	0	N	N	N	N	N	N	N	N	N	N	N	N	9.4984	46.8912	0.0000	1134.7361	1787.1098	0.0000	0.0000	0.0000	0.0000	0.5627	0.6764	0.0000	0.8015	1.0058	0.0000	0.0000	0.0000	0.0000	0.0592	0.0144	0.0052	0.0007	0.0006	0.0006	0.0400	0.2885	0.0051	0.0000	1.7150	-0.0594	0.0000	1.1351	3.7255	2.0429	14.1767	0.2282	0.2282	0.0000	0.2282	0.2282	0.0000	0.0000	0.0000	0.0000	0.0003	0.0001	0.0002	0.0000	0.0000	0.0000	0.0003	0.0001	0.0002	0.4057	0.3374	0.0682	0.2848	0.2269	0.0579	0.1209	0.1105	0.0104	0.0921	0.0534	0.0387	0.0389	0.0346	0.0044	0.0532	0.0189	0.0343	183.1644	346.7606	0.0000	4016.1934	6407.8144	0.0000	0.0000	0.0000	0.0000	0.0031	0.0020	0.0046	0.0002	0.0002	0.0005	0.0052	0.0052	0.0051
65	151	0.5199	6	0	0	0	0	0	0	0	0	N	N	N	N	N	N	N	N	N	N	N	N	2.6980	2.0087	2.5247	25.1857	37.4944	0.6732	21.2816	1.0651	16.3175	0.6746	0.8432	0.0031	0.4647	0.6241	0.0018	1.2227	1.2945	0.0186	0.2500	0.4198	0.0012	0.0185	0.0166	0.0027	0.0575	1.2154	0.0011	0.0009	0.0936	-0.0550	-0.0001	1.1351	1.4205	2.0429	4.0377	0.2120	0.2118	0.0002	0.1056	0.1055	0.0001	0.1064	0.1063	0.0001	0.0003	0.0003	0.0000	0.0001	0.0001	0.0000	0.0002	0.0002	0.0000	0.3143	0.2512	0.0631	0.2273	0.1691	0.0582	0.0870	0.0821	0.0049	0.0500	0.0302	0.0198	0.0226	0.0209	0.0016	0.0274	0.0093	0.0181	118.8246	98.2190	2.5247	103.8700	134.1253	0.8196	183.3726	74.1612	16.3175	0.0057	0.0086	0.0012	0.0045	0.0047	0.0022	0.0067	0.0175	0.0011
66	68	0.0540	3	1	1	1	0	0	0	0	0	N	N	N	N	N	N	N	N	N	N	N	N	0.0000	0.0000	0.0000	0.0000	0.0000	0.0000	0.0000	0.0000	0.0000	0.0000	0.0000	0.0000	0.0000	0.0000	0.0000	0.0000	0.0000	0.0000	0.0000	0.0000	0.4912	0.0000	2.4266	0.0000	0.0000	0.0000	0.0000	0.0000	0.0000	0.0000	0.0000	0.0000	0.0000	0.0000	0.0000	0.0000	0.0000	0.0000	0.0000	0.0000	0.0000	0.0000	0.0000	0.0000	0.0000	0.0000	0.0000	0.0000	0.0000	0.0000	0.0000	0.0000	0.0000	0.0000	0.0000	0.0000	0.0000	0.0000	0.0000	0.0000	0.0000	0.0000	0.0000	0.0000	0.0000	0.0000	0.0000	0.0000	0.0000	0.0000	0.0000	0.0000	0.0000	0.0000	0.0000	0.0000	0.0000	0.0000											
66	69	0.6967	9	1	1	1	0	0	0	0	0	N	N	N	N	N	N	N	N	N	N	N	N	0.0000	0.0000	0.0000	0.0000	0.0000	0.0000	0.0000	0.0000	0.0000	0.0000	0.0000	0.0000	0.0000	0.0000	0.0000	0.0000	0.0000	0.0000	0.0000	0.0000	0.4912	1.0000	2.4266	0.0000	0.0000	0.0000	0.0000	0.0000	0.0000	0.0000	0.0000	0.0000	0.0000	0.0000	0.0000	0.0000	0.0000	0.0000	0.0000	0.0000	0.0000	0.0000	0.0222	0.0205	0.0017	0.0176	0.0165	0.0011	0.0046	0.0039	0.0007	0.0035	0.0022	0.0013	0.0021	0.0019	0.0002	0.0013	0.0003	0.0011	0.0000	0.0000	0.0000	0.0000	0.0000	0.0000	0.0000	0.0000	0.0000	0.0000	0.0000	0.0000	0.0000	0.0000	0.0000	0.0000	0.0000	0.0000											
66	70	0.6967	9	1	1	1	0	0	0	0	0	N	N	N	N	N	N	N	N	N	N	N	N	0.0000	0.0000	0.0000	0.0000	0.0000	0.0000	0.0000	0.0000	0.0000	0.0000	0.0000	0.0000	0.0000	0.0000	0.0000	0.0000	0.0000	0.0000	0.0000	0.0000	0.4912	0.0000	2.4266	0.0000	0.0000	0.0000	0.0000	0.0000	0.0000	0.0000	0.0000	0.0000	0.0000	0.0000	0.0000	0.0000	0.0000	0.0000	0.0000	0.0000	0.0000	0.0000	0.0000	0.0000	0.0000	0.0000	0.0000	0.0000	0.0000	0.0000	0.0000	0.0000	0.0000	0.0000	0.0000	0.0000	0.0000	0.0000	0.0000	0.0000	0.0000	0.0000	0.0000	0.0000	0.0000	0.0000	0.0000	0.0000	0.0000	0.0000	0.0000	0.0000	0.0000	0.0000	0.0000	0.0000	0.0000	0.0000											
66	71	0.6743	8	1	1	1	0	0	0	0	0	N	N	N	N	N	N	N	N	N	N	N	N	inf	inf	inf	inf	0.0002	0.0003	0.0000	0.0003	0.0003	0.0000	0.0000	0.0000	0.0000	0.0000	0.0000	0.0000	0.0000	0.0000	0.0000	0.0000	0.0000	0.0000	0.0000	-0.0000	0.0000	0.4912	2.0000	2.4266	1.0000	0.0000	0.0000	0.0000	0.0000	0.0000	0.0000	0.0000	0.0000	0.0000	0.0000	0.0000	0.0000	0.0000	0.0000	0.0000	0.0000	0.0000	0.0000	0.0416	0.0383	0.0033	0.0325	0.0305	0.0020	0.0091	0.0078	0.0013	0.0101	0.0063	0.0038	0.0061	0.0055	0.0007	0.0040	0.0008	0.0032	inf	inf	0.0000	inf	inf	0.0000	0.0000	0.0000	0.0000	0.0000	0.0000	0.0000	0.0000	0.0000	0.0000	0.0000	0.0000	0.0000						
66	72	0.6513	7	1	0	1	0	0	0	0	0	N	N	N	N	N	N	N	N	N	N	N	N	inf	inf	inf	inf	inf	inf	0.0000	0.0000	0.0000	0.0000	0.0000	0.0000	0.0000	0.0000	0.0000	0.0000	0.0000	0.0000	0.0000	0.0000	0.0000	0.0000	0.0000	0.0000	0.0000	-0.0000	0.0000	0.4912	1.0017	2.4266	2.0007	0.0000	0.0000	0.0000	0.0000	0.0000	0.0000	0.0000	0.0000	0.0000	0.0000	0.0000	0.0000	0.0000	0.0000	0.0000	0.0000	0.0000	0.0000	0.0425	0.0394	0.0031	0.0236	0.0229	0.0007	0.0189	0.0165	0.0024	0.0116	0.0076	0.0039	0.0071	0.0063	0.0008	0.0045	0.0014	0.0031	inf	inf	0.0000	inf	inf	0.0000	inf	inf	0.0000	0.0000	0.0000	0.0000	0.0000	0.0000	0.0000	0.0000	0.0000	0.0000				
66	73	0.0732	4	1	1	0	0	0	0	0	0	N	N	N	N	N	N	N	N	N	N	N	N	inf	inf	inf	inf	0.0350	0.0387	0.0000	0.0714	0.0767	0.0000	0.0000	0.0000	0.0000	0.0000	0.0000	0.0000	0.0000	0.0000	0.0000	0.0000	0.0000	0.0000	0.0000	-0.0000	0.0000	0.4912	0.0000	2.4266	0.0000	0.0000	0.0000	0.0000	0.0000	0.0000	0.0000	0.0000	0.0000	0.0000	0.0000	0.0000	0.0000	0.0000	0.0000	0.0000	0.0000	0.0000	0.0000	0.0000	0.0000	0.0000	0.0000	0.0000	0.0000	0.0000	0.0000	0.0000	0.0000	0.0000	0.0000	0.0000	0.0000	0.0000	0.0000	0.0000	0.0000	inf	inf	0.0000	inf	inf	0.0000	0.0000	0.0000	0.0000	0.0000	0.0000	0.0000	0.0000	0.0000	0.0000	0.0000	0.0000	0.0000						
66	74	0.6783	8	1	1	0	0	0	0	0	0	N	N	N	N	N	N	N	N	N	N	N	N	0.0000	0.0000	0.0000	0.0000	0.0000	0.0000	0.0000	0.0000	0.0000	0.0000	0.0000	0.0000	0.0000	0.0000	0.0000	0.0000	0.0000	0.0000	0.0000	0.0000	0.4912	0.0000	2.4266	0.0010	0.0000	0.0000	0.0000	0.0000	0.0000	0.0000	0.0000	0.0000	0.0000	0.0000	0.0000	0.0000	0.0000	0.0000	0.0000	0.0000	0.0000	0.0000	0.0000	0.0000	0.0000	0.0000	0.0000	0.0000	0.0000	0.0000	0.0000	0.0022	0.0018	0.0004	0.0011	0.0011	0.0000	0.0011	0.0007	0.0004	0.0000	0.0000	0.0000	0.0000	0.0000	0.0000	0.0000	0.0000	0.0000	0.0000	0.0000	0.0000	0.0000	0.0000	0.0000	0.0000	0.0000	0.0000											
66	75	0.6675	10	0	1	0	1	0	0	0	0	N	N	N	N	N	N	N	N	N	N	N	N	0.0000	0.0000	0.0000	0.0000	0.0000	0.0000	0.0000	0.0000	0.0000	0.0000	0.0000	0.0000	0.0000	0.0000	0.0000	0.0000	0.0000	0.0000	0.0000	0.0000	0.4912	0.0000	2.4266	0.0000	0.0000	0.0000	0.0000	0.0000	0.0000	0.0000	0.0000	0.0000	0.0000	0.0000	0.0000	0.0000	0.0000	0.0000	0.0000	0.0000	0.0000	0.0000	0.0000	0.0000	0.0000	0.0000	0.0000	0.0000	0.0000	0.0000	0.0000	0.0000	0.0000	0.0000	0.0000	0.0000	0.0000	0.0000	0.0000	0.0000	0.0000	0.0000	0.0000	0.0000	0.0000	0.0000	0.0000	0.0000	0.0000	0.0000	0.0000	0.0000	0.0000	0.0000	0.0000	0.0000	0.0000	0.0000											
66	76	0.6675	10	0	0	0	1	0	0	0	0	N	N	N	N	N	N	N	N	N	N	N	N	0.0000	0.0000	0.0000	0.0000	0.0000	0.0000	0.0000	0.0000	0.0000	0.0000	0.0000	0.0000	0.0000	0.0000	0.0000	0.0000	0.0000	0.0000	0.0000	0.0000	0.4912	0.0000	2.4266	0.0000	0.0000	0.0000	0.0000	0.0000	0.0000	0.0000	0.0000	0.0000	0.0000	0.0000	0.0000	0.0000	0.0000	0.0000	0.0000	0.0000	0.0000	0.0000	0.0000	0.0000	0.0000	0.0000	0.0000	0.0000	0.0000	0.0000	0.0000	0.0000	0.0000	0.0000	0.0000	0.0000	0.0000	0.0000	0.0000	0.0000	0.0000	0.0000	0.0000	0.0000	0.0000	0.0000	0.0000	0.0000	0.0000	0.0000	0.0000	0.0000	0.0000	0.0000	0.0000	0.0000	0.0000	0.0000											
66	77	0.6521	9	0	0	0	1	0	0	0	0	N	N	N	N	N	N	N	N	N	N	N	N	247.9231	100.0779	15087.5971	188.0113	209.6224	0.0000	16014.8023	0.0000	27991.4344	0.2151	0.1460	0.4060	0.2032	0.2079	0.0000	0.2285	0.0000	0.4250	0.0009	0.0015	0.0000	0.0011	0.0010	0.0000	0.0000	0.0002	0.0000	1.0072	0.0325	0.0000	-0.0000	0.4912	0.0002	2.4266	2.9297	0.0000	0.0000	0.0000	0.0000	0.0000	0.0000	0.0000	0.0000	0.0000	0.0000	0.0000	0.0000	0.0000	0.0000	0.0000	0.0000	0.0000	0.0000	0.0000	0.0000	0.0000	0.0000	0.0000	0.0000	0.0000	0.0000	0.0000	0.0326	0.0206	0.0120	0.0227	0.0181	0.0046	0.0099	0.0025	0.0074	682.1128	301.7242	15087.5971	453.1831	377.5169	0.0000	19807.4135	0.0000	27991.4344	0.0003	0.0005	0.0000	0.0004	0.0006	0.0000	0.0000	0.0000	0.0000
66	78	0.6481	8	0	0	0	1	0	0	0	0	N	N	N	N	N	N	N	N	N	N	N	N	79.5714	803.9401	1413.0647	926.0695	1007.2685	0.0000	80.0138	18.0495	1688.9987	0.4076	0.2267	2.5635	0.3666	0.3800	0.0000	0.4607	0.0063	3.4524	0.0051	0.0003	0.0018	0.0004	0.0004	0.0000	0.0058	0.0003	0.0020	0.9488	30.2652	0.0000	0.0000	0.4912	0.0003	2.4266	2.1916	0.0000	0.0000	0.0000	0.0000	0.0000	0.0000	0.0000	0.0000	0.0000	0.0000	0.0000	0.0000	0.0000	0.0000	0.0000	0.0000	0.0000	0.0000	0.0000	0.0000	0.0000	0.0000	0.0000	0.0000	0.0000	0.0000	0.0000	0.0131	0.0076	0.0055	0.0065	0.0059	0.0006	0.0066	0.0017	0.0049	516.5155	5199.8386	1413.0647	7240.8115	6825.3276	0.0000	303.2175	4050.6556	1688.9987	0.0008	0.0000	0.0018	0.0001	0.0001	0.0000	0.0015	0.0000	0.0020
66	79	0.6403	7	0	0	0	0	0	0	0	0	N	N	N	N	N	N	N	N	N	N	N	N	521.8431	253.0388	inf	301.6595	306.8687	inf	inf	inf	0.0361	0.0373	0.0214	0.0530	0.0532	0.0495	0.0025	0.0029	0.0000	0.0001	0.0001	0.0000	0.0002	0.0002	0.0000	0.0000	0.0000	0.0000	0.0482	0.0000	-0.0001	-0.0000	0.4912	0.2782	2.4266	1.3600	0.0006	0.0006	0.0000	0.0006	0.0005	0.0000	0.0000	0.0000	0.0000	0.0000	0.0000	0.0000	0.0000	0.0000	0.0000	0.0000	0.0000	0.0000	0.0164	0.0151	0.0013	0.0109	0.0103	0.0005	0.0055	0.0048	0.0007	0.0069	0.0041	0.0028	0.0034	0.0030	0.0005	0.0035	0.0012	0.0023	13039.8824	8060.6505	inf	9482.3512	8235.2316	inf	inf	inf	0.0000	0.0000	0.0000	0.0000	0.0000	0.0000	0.0000	0.0000	0.0000	0.0000	
66	80	0.6839	9	0	1	1	0	0	0	0	0	N	N	N	N	N	N	N	N	N	N	N	N	0.3119	0.0000	106.9782	0.4810	0.0000	inf	1.1232	8.9900	0.0003	0.0000	0.0033	0.0006	0.0000	0.0262	0.0001	0.0000	0.0003	0.0011	0.0015	0.0000	0.0012	0.0010	0.0000	0.0001	0.0000	0.0000	inf	0.0237	0.0000	-0.0000	0.4912	0.0029	2.4266	2.0135	0.0000	0.0000	0.0000	0.0000	0.0000	0.0000	0.0000	0.0000	0.0000	0.0000	0.0000	0.0000	0.0000	0.0000	0.0000	0.0000	0.0000	0.0000	0.0002	0.0002	0.0000	0.0001	0.0001	0.0000	0.0001	0.0001	0.0000	0.0106	0.0077	0.0030	0.0074	0.0068	0.0006	0.0032	0.0008	0.0023	0.9100	0.0000	106.9782	1.1176	0.0000	inf	2.3448	0.0000	8.9900	0.0004	0.0005	0.0000	0.0005	0.0006	0.0000	0.0000	0.0000	0.0000	
66	81	0.6773	8	0	1	0	0	0	0	0	0	N	N	N	N	N	N	N	N	N	N	N	N	0.0111	0.1357	0.2468	0.1687	0.1828	inf	0.0079	0.0014	0.2768	0.0001	0.0001	0.0009	0.0001	0.0001	0.0001	0.0002	0.0000	0.0012	0.0130	0.0006	0.0037	0.0007	0.0007	0.0000	0.0227	0.0006	0.0045	1.0482	9.7502	0.0000	0.0000	0.4912	0.6188	2.4266	0.9475	0.0000	0.0000	0.0000	0.0000	0.0000	0.0000	0.0000	0.0000	0.0000	0.0000	0.0000	0.0000	0.0000	0.0000	0.0000	0.0000	0.0000	0.0000	0.0352	0.0323	0.0029	0.0213	0.0205	0.0008	0.0139	0.0119	0.0020	0.0076	0.0049	0.0027	0.0048	0.0043	0.0005	0.0029	0.0007	0.0022	0.1002	0.3699	0.2468	0.5650	0.5061	inf	0.0520	0.1870	0.2768	0.0014	0.0002	0.0037	0.0002	0.0002	0.0000	0.0034	0.0000	0.0045
66	82	0.0764	4	0	1	1	0	0	0	0	0	N	N	N	N	N	N	N	N	N	N	N	N	0.0000	0.0000	0.0000	0.0000	0.0000	0.0000	0.0000	0.0000	0.0000	0.0000	0.0000	0.0000	0.0000	0.0000	0.0000	0.0000	0.0000	0.0000	0.0000	0.0000	0.4912	0.0000	2.4266	1.0000	0.0000	0.0000	0.0000	0.0000	0.0000	0.0000	0.0000	0.0000	0.0000	0.0000	0.0000	0.0000	0.0000	0.0000	0.0000	0.0000	0.0000	0.0000	0.0000	0.0000	0.0000	0.0000	0.0000	0.0000	0.0000	0.0000	0.0000	0.0072	0.0026	0.0047	0.0001	0.0001	0.0000	0.0071	0.0025	0.0047	0.0000	0.0000	0.0000	0.0000	0.0000	0.0000	0.0000	0.0000	0.0000	0.0000	0.0000	0.0000	0.0000	0.0000	0.0000	0.0000	0.0000	0.0000											
66	83	0.6513	7	1	0	1	0	0	0	0	0	N	N	N	N	N	N	N	N	N	N	N	N	0.4608	0.2506	15.3132	0.3193	0.3407	0.5037	14.9179	0.0031	0.0001	0.0411	0.0001	0.0001	0.0000	0.0065	0.0000	0.0512	0.0067	0.0003	0.0027	0.0004	0.0004	0.0000	0.0130	0.0000	0.0034	46.0179	31.6464	0.0007	0.0000	0.4912	9.0001	2.4266	3.0001	0.0009	0.0000	0.0009	0.0000	0.0000	0.0000	0.0009	0.0000	0.0009	0.0000	0.0000	0.0000	0.0000	0.0000	0.0000	0.0000	0.0000	0.0000	0.3038	0.2815	0.0224	0.1629	0.1585	0.0044	0.1409	0.1230	0.0180	0.0429	0.0282	0.0147	0.0263	0.0231	0.0032	0.0166	0.0051	0.0115	3.2651	1.6100	15.3132	2.5917	2.3417	0.0000	2.7489	0.0000	14.9179	0.0009	0.0000	0.0027	0.0000	0.0001	0.0000	0.0024	0.0000	0.0034		
66	84	0.0540	3	1	0	1	0	0	0	0	0	N	N	N	N	N	N	N	N	N	N	N	N	inf	inf	inf	inf	0.0002	0.0000	0.0016	0.0000	0.0000	0.0000	0.0002	0.0000	0.0016	0.0000	0.0000	0.0000	0.0000	0.0000	0.0000	0.0000	0.0000	0.0000	inf	0.0000	0.0000	0.4912	4.0000	2.4266	0.0000	0.0000	0.0000	0.0000	0.0000	0.0000	0.0000	0.0000	0.0000	0.0000	0.0000	0.0000	0.0000	0.0000	0.0000	0.0000	0.0000	0.0000	0.0000	0.0558	0.0494	0.0064	0.0024	0.0023	0.0001	0.0534	0.0471	0.0062	0.0291	0.0138	0.0153	0.0072	0.0063	0.0009	0.0219	0.0076	0.0143	inf	0.0000	inf	0.0000	0.0000	0.0000	inf	0.0000	inf	0.0000	0.0000	0.0000	0.0000	0.0000	0.0000	0.0000	0.0000	0.0000						
66	85	0.1001	4	1	1	0	0	0	0	0	0	N	N	N	N	N	N	N	N	N	N	N	N	11.1649	16.0111	188.9615	34.2283	38.6089	4436.7099	31.1650	0.0000	180.0611	0.2312	0.1620	0.4110	0.3088	0.3102	0.1509	0.1837	0.0000	0.4142	0.0207	0.0101	0.0022	0.0090	0.0080	0.0000	0.0059	0.0005	0.0023	0.9781	1.2390	0.0028	0.0000	0.4912	1.0086	2.4266	1.7435	0.0121	0.0061	0.0060	0.0061	0.0061	0.0000	0.0059	0.0000	0.0059	0.0001	0.0000	0.0000	0.0000	0.0000	0.0000	0.0000	0.0000	0.0000	0.0523	0.0377	0.0145	0.0199	0.0197	0.0002	0.0324	0.0180	0.0144	0.0303	0.0157	0.0147	0.0097	0.0089	0.0008	0.0206	0.0068	0.0139	121.5932	98.4203	188.9615	116.3722	107.2598	4436.7099	118.6714	0.0000	180.0611	0.0019	0.0016	0.0022	0.0027	0.0029	0.0000	0.0015	0.0000	0.0023
66	86	0.0540	3	1	1	0	0	0	0	0	0	N	N	N	N	N	N	N	N	N	N	N	N	0.0000	0.0000	0.0000	0.0000	0.0000	0.0000	0.0000	0.0000	0.0000	0.0000	0.0000	0.0000	0.0000	0.0000	0.0000	0.0000	0.0000	0.0000	0.4771	0.8620	0.0005	0.6545	0.6624	0.0000	0.0005	0.0036	0.0006	0.0000	0.0267	-0.0000	-0.0002	0.4912	1.0165	2.4266	4.1395	0.0000	0.0000	0.0000	0.0000	0.0000	0.0000	0.0000	0.0000	0.0000	0.0004	0.0004	0.0000	0.0004	0.0004	0.0000	0.0000	0.0000	0.0000	0.0160	0.0141	0.0019	0.0007	0.0006	0.0000	0.0153	0.0135	0.0018	0.0365	0.0173	0.0192	0.0089	0.0078	0.0012	0.0275	0.0095	0.0180	0.0001	0.0001	0.0000	0.0007	0.0006	0.0000	0.0000	0.0000	0.0000	0.0106	0.0218	0.0005	0.0420	0.0483	0.0000	0.0004	0.0002	0.0006
66	87	0.6101	6	1	1	0	0	0	0	0	0	N	N	N	N	N	N	N	N	N	N	N	N	0.0006	0.0005	0.2639	0.2696	0.0000	0.0000	0.0007	0.0007	0.0000	0.0012	0.0013	0.0000	0.0000	0.0000	0.0000	1.1240	1.5773	0.0000	0.0047	0.0047	0.0000	1.1612	3.6550	0.0000	0.0000	0.0000	-0.0001	-0.0017	0.4912	9.0005	2.4266	5.0000	0.0002	0.0002	0.0000	0.0002	0.0002	0.0000	0.0000	0.0000	0.0000	0.0032	0.0032	0.0000	0.0001	0.0001	0.0000	0.0031	0.0031	0.0000	0.3044	0.2810	0.0234	0.1613	0.1565	0.0048	0.1431	0.1244	0.0187	0.0524	0.0320	0.0204	0.0270	0.0234	0.0037	0.0254	0.0086	0.0168	0.0108	0.0072	0.0000	0.6700	0.5971	0.0000	0.0000	0.0000	0.0000	0.0607	0.0994	0.0000	0.0019	0.0021	0.0000	0.1234	0.3633	0.0000			
66	88	0.0764	4	0	1	0	0	0	0	0	0	N	N	N	N	N	N	N	N	N	N	N	N	0.0000	0.0000	0.0000	0.0000	0.0000	0.0000	0.0000	0.0000	0.0000	0.0000	0.0000	0.0000	0.0000	0.0000	0.0000	0.0000	0.0000	0.0000	0.0000	0.0000	0.4912	0.0000	2.4266	0.0000	0.0000	0.0000	0.0000	0.0000	0.0000	0.0000	0.0000	0.0000	0.0000	0.0000	0.0000	0.0000	0.0000	0.0000	0.0000	0.0000	0.0000	0.0000	0.0000	0.0000	0.0000	0.0000	0.0000	0.0000	0.0000	0.0000	0.0000	0.0000	0.0000	0.0000	0.0000	0.0000	0.0000	0.0000	0.0000	0.0000	0.0000	0.0000	0.0000	0.0000	0.0000	0.0000	0.0000	0.0000	0.0000	0.0000	0.0000	0.0000	0.0000	0.0000	0.0000	0.0000	0.0000	0.0000											
66	89	0.6773	8	0	1	0	0	0	0	0	0	N	N	N	N	N	N	N	N	N	N	N	N	0.0000	0.0000	0.0000	0.0000	0.0000	0.0000	0.0000	0.0000	0.0000	0.0000	0.0000	0.0000	0.0000	0.0000	0.0000	0.0000	0.0000	0.0001	0.0000	0.0001	0.0001	0.0000	0.0000	0.0000	0.0000	1.0494	0.0000	-0.0000	0.4912	1.9953	2.4266	1.0817	0.0000	0.0000	0.0000	0.0000	0.0000	0.0000	0.0000	0.0000	0.0000	0.0000	0.0000	0.0000	0.0000	0.0000	0.0000	0.0000	0.0000	0.0000	0.0885	0.0818	0.0067	0.0499	0.0484	0.0016	0.0386	0.0335	0.0051	0.0133	0.0088	0.0045	0.0084	0.0075	0.0009	0.0048	0.0013	0.0036	0.0000	0.0000	0.0000	0.0000	0.0000	0.0000	0.0000	0.0000	0.0000	0.0000	0.0000	0.0000	0.0000	0.0000	0.0000	0.0000	0.0000	0.0000			
66	90	0.6513	7	0	1	0	0	0	0	0	0	N	N	N	N	N	N	N	N	N	N	N	N	0.0191	0.0140	0.0031	0.0359	0.0388	0.0000	0.0002	0.0000	0.0031	0.0000	0.0000	0.0000	0.0000	0.0000	0.0000	0.0000	0.0000	0.0000	0.0002	0.0002	0.0001	0.0002	0.0001	0.0000	0.0001	0.0029	0.0001	0.0044	1.3351	-0.0000	0.0000	0.4912	2.3999	2.4266	4.0713	0.0000	0.0000	0.0000	0.0000	0.0000	0.0000	0.0000	0.0000	0.0000	0.0000	0.0000	0.0000	0.0000	0.0000	0.0000	0.0000	0.0000	0.0000	0.0974	0.0903	0.0071	0.0537	0.0522	0.0015	0.0438	0.0381	0.0056	0.0242	0.0160	0.0083	0.0149	0.0131	0.0018	0.0094	0.0029	0.0065	0.0861	0.1422	0.0031	1.5353	1.4338	0.0000	0.0003	0.0000	0.0031	0.0000	0.0000	0.0001	0.0000	0.0000	0.0000	0.0001	0.0001	0.0001
66	91	0.6723	8	0	0	1	0	0	0	0	0	N	N	N	N	N	N	N	N	N	N	N	N	0.0000	0.0000	0.0000	0.0000	0.0000	0.0000	0.0000	0.0000	0.0000	0.0000	0.0000	0.0000	0.0000	0.0000	0.0000	0.0000	0.0000	0.0000	0.0000	0.0000	0.4912	0.0000	2.4266	0.0000	0.0000	0.0000	0.0000	0.0000	0.0000	0.0000	0.0000	0.0000	0.0000	0.0000	0.0000	0.0000	0.0000	0.0000	0.0000	0.0000	0.0000	0.0000	0.0000	0.0000	0.0000	0.0000	0.0000	0.0000	0.0000	0.0000	0.0000	0.0000	0.0000	0.0000	0.0000	0.0000	0.0000	0.0000	0.0000	0.0000	0.0000	0.0000	0.0000	0.0000	0.0000	0.0000	0.0000	0.0000	0.0000	0.0000	0.0000	0.0000	0.0000	0.0000	0.0000	0.0000	0.0000	0.0000											
66	92	0.6403	7	0	0	1	0	0	0	0	0	N	N	N	N	N	N	N	N	N	N	N	N	0.0060	0.0046	2.5994	0.0057	0.0057	1.1930	0.0000	0.0000	0.0111	0.0118	0.0024	0.0204	0.0207	0.0104	0.0000	0.0000	0.0000	1.8455	2.5636	0.0009	3.6083	3.6491	0.0087	0.0050	0.1741	0.0000	0.0169	0.0009	-0.0004	-0.0056	0.4912	3.7221	2.4266	2.9993	0.0016	0.0016	0.0000	0.0016	0.0016	0.0000	0.0000	0.0000	0.0000	0.0107	0.0107	0.0000	0.0107	0.0107	0.0000	0.0000	0.0000	0.0000	0.1473	0.1359	0.0114	0.0803	0.0777	0.0026	0.0670	0.0582	0.0088	0.0272	0.0163	0.0109	0.0135	0.0117	0.0018	0.0136	0.0046	0.0091	0.0282	0.0180	2.5994	0.0259	0.0227	1.9148	0.0000	0.0000	0.0000	0.3934	0.6567	0.0009	0.7884	0.9114	0.0054	0.0015	0.0043	0.0000	
66	93	0.6101	6	0	0	0	0	0	0	0	0	N	N	N	N	N	N	N	N	N	N	N	N	inf	inf	inf	inf	inf	inf	0.0133	0.0144	0.0000	0.0235	0.0243	0.0000	0.0013	0.0014	0.0000	0.0000	0.0000	0.0000	0.0000	0.0000	0.0000	0.0000	0.0000	0.0000	0.0000	-0.0004	0.0000	0.4912	2.7217	2.4266	3.0458	0.0014	0.0014	0.0000	0.0014	0.0014	0.0000	0.0001	0.0001	0.0000	0.0000	0.0000	0.0000	0.0000	0.0000	0.0000	0.0000	0.0000	0.0000	0.1088	0.1004	0.0084	0.0588	0.0570	0.0018	0.0500	0.0434	0.0066	0.0232	0.0141	0.0091	0.0119	0.0103	0.0016	0.0113	0.0039	0.0075	inf	inf	0.0000	inf	inf	0.0000	inf	inf	0.0000	0.0000	0.0000	0.0000	0.0000	0.0000	0.0000	0.0000	0.0000	0.0000				
66	94	0.6676	8	1	1	0	0	0	0	0	0	N	N	N	N	N	N	N	N	N	N	N	N	0.0000	0.0000	0.0132	0.0136	0.0000	0.0000	0.0000	0.0000	0.0000	0.0001	0.0001	0.0000	0.0000	0.0000	0.0000	1.2289	1.7248	0.0000	0.0062	0.0062	0.0000	1.5672	4.0706	0.0000	0.0000	0.0000	-0.0000	-0.0017	0.4912	5.9980	2.4266	4.9575	0.0000	0.0000	0.0000	0.0000	0.0000	0.0000	0.0000	0.0000	0.0000	0.0032	0.0032	0.0000	0.0001	0.0001	0.0000	0.0031	0.0031	0.0000	0.2204	0.2047	0.0157	0.1223	0.1190	0.0033	0.0981	0.0857	0.0124	0.0363	0.0250	0.0113	0.0232	0.0204	0.0029	0.0130	0.0047	0.0084	0.0005	0.0004	0.0000	0.0378	0.0340	0.0000	0.0000	0.0000	0.0000	0.0876	0.1271	0.0000	0.0022	0.0025	0.0000	0.2399	0.6715	0.0000			
66	95	0.0764	4	1	1	0	0	0	0	0	0	N	N	N	N	N	N	N	N	N	N	N	N	0.0000	0.0000	0.0000	0.0000	0.0000	0.0000	0.0000	0.0000	0.0000	0.0000	0.0000	0.0000	0.0000	0.0000	0.0000	0.0000	0.0000	0.0000	0.0000	0.0000	0.4912	0.0000	2.4266	2.0000	0.0000	0.0000	0.0000	0.0000	0.0000	0.0000	0.0000	0.0000	0.0000	0.0000	0.0000	0.0000	0.0000	0.0000	0.0000	0.0000	0.0000	0.0000	0.0000	0.0000	0.0000	0.0000	0.0000	0.0000	0.0000	0.0000	0.0000	0.0143	0.0051	0.0092	0.0002	0.0002	0.0000	0.0141	0.0049	0.0092	0.0000	0.0000	0.0000	0.0000	0.0000	0.0000	0.0000	0.0000	0.0000	0.0000	0.0000	0.0000	0.0000	0.0000	0.0000	0.0000	0.0000	0.0000											
66	96	0.0540	3	0	1	0	0	0	0	0	0	N	N	N	N	N	N	N	N	N	N	N	N	inf	inf	inf	inf	0.0002	0.0000	0.0016	0.0000	0.0000	0.0000	0.0002	0.0000	0.0016	0.0000	0.0000	0.0000	0.0000	0.0000	0.0000	0.0000	0.0000	0.0000	inf	0.0000	0.0000	0.4912	4.0000	2.4266	0.0000	0.0000	0.0000	0.0000	0.0000	0.0000	0.0000	0.0000	0.0000	0.0000	0.0000	0.0000	0.0000	0.0000	0.0000	0.0000	0.0000	0.0000	0.0000	0.0558	0.0494	0.0064	0.0024	0.0023	0.0001	0.0534	0.0471	0.0062	0.0291	0.0138	0.0153	0.0072	0.0063	0.0009	0.0219	0.0076	0.0143	inf	0.0000	inf	0.0000	0.0000	0.0000	inf	0.0000	inf	0.0000	0.0000	0.0000	0.0000	0.0000	0.0000	0.0000	0.0000	0.0000						
66	97	0.6101	6	0	0	0	0	0	0	0	0	N	N	N	N	N	N	N	N	N	N	N	N	0.0000	0.0000	0.0000	0.0000	0.0000	0.0000	0.0000	0.0000	0.0000	0.0000	0.0000	0.0000	0.0000	0.0009	0.0016	0.0000	0.0015	0.0013	0.0000	0.0000	0.0000	0.0000	0.0000	0.0000	-0.0000	0.4912	3.9994	2.4266	4.0000	0.0000	0.0000	0.0000	0.0000	0.0000	0.0000	0.0000	0.0000	0.0000	0.0000	0.0000	0.0000	0.0000	0.0000	0.0000	0.0000	0.0000	0.0000	0.1543	0.1424	0.0119	0.0830	0.0805	0.0025	0.0713	0.0619	0.0094	0.0315	0.0192	0.0123	0.0162	0.0140	0.0022	0.0154	0.0052	0.0101	0.0000	0.0000	0.0000	0.0000	0.0000	0.0000	0.0000	0.0000	0.0000	0.0003	0.0005	0.0000	0.0006	0.0007	0.0000	0.0000	0.0000	0.0000						
66	98	0.0540	3	0	0	0	0	0	0	0	0	N	N	N	N	N	N	N	N	N	N	N	N	0.0000	0.0000	0.0000	0.0000	0.0000	0.0000	0.0000	0.0000	0.0000	0.0000	0.0000	0.0000	0.0000	0.0000	0.0000	0.0000	0.0000	0.0000	0.0000	0.0000	0.4912	1.0000	2.4266	0.0000	0.0000	0.0000	0.0000	0.0000	0.0000	0.0000	0.0000	0.0000	0.0000	0.0000	0.0000	0.0000	0.0000	0.0000	0.0000	0.0000	0.0000	0.0000	0.0280	0.0248	0.0033	0.0012	0.0011	0.0001	0.0269	0.0237	0.0032	0.0141	0.0067	0.0074	0.0036	0.0031	0.0005	0.0105	0.0036	0.0069	0.0000	0.0000	0.0000	0.0000	0.0000	0.0000	0.0000	0.0000	0.0000	0.0000	0.0000	0.0000	0.0000	0.0000	0.0000	0.0000	0.0000	0.0000											
66	99	0.4991	5	0	0	0	0	0	0	0	0	N	N	N	N	N	N	N	N	N	N	N	N	1.1630	399.0899	0.0000	244.4809	382.4316	0.0000	3.2878	inf	0.0000	0.8004	1.0169	0.0000	0.5503	0.7598	0.0000	1.4951	1.5544	0.0000	0.6882	0.0025	0.1438	0.0023	0.0020	0.0000	0.4547	0.0000	0.0649	0.0000	48.3058	-0.0593	0.0007	0.4912	1.5982	2.4266	11.1970	0.2278	0.2278	0.0000	0.1152	0.1152	0.0000	0.1126	0.1126	0.0000	0.0014	0.0000	0.0014	0.0000	0.0000	0.0000	0.0014	0.0000	0.0014	0.2846	0.2240	0.0606	0.2093	0.1516	0.0577	0.0753	0.0725	0.0029	0.0712	0.0412	0.0301	0.0305	0.0275	0.0030	0.0407	0.0137	0.0271	39.9540	1446.9499	0.0000	579.0278	722.3430	0.0000	43.5675	inf	0.0000	0.0200	0.0007	0.0465	0.0010	0.0011	0.0000	0.0343	0.0000	0.0516
66	100	0.6691	9	1	1	1	0	0	0	0	0	N	N	N	N	N	N	N	N	N	N	N	N	0.0000	0.0000	0.0000	0.0000	0.0000	0.0000	0.0000	0.0000	0.0000	0.0000	0.0000	0.0000	0.0000	0.0000	0.0000	0.0000	0.0000	0.0000	0.0000	0.0000	-0.0000	0.4912	0.0000	2.4266	0.9982	0.0000	0.0000	0.0000	0.0000	0.0000	0.0000	0.0000	0.0000	0.0000	0.0000	0.0000	0.0000	0.0000	0.0000	0.0000	0.0000	0.0000	0.0000	0.0018	0.0017	0.0001	0.0015	0.0014	0.0001	0.0003	0.0002	0.0001	0.0036	0.0025	0.0011	0.0023	0.0021	0.0003	0.0013	0.0005	0.0008	0.0000	0.0000	0.0000	0.0000	0.0000	0.0000	0.0000	0.0000	0.0000	0.0000	0.0000	0.0000	0.0000	0.0000	0.0000	0.0000	0.0000	0.0000										
66	101	0.0887	6	1	1	1	0	0	0	0	0	N	N	N	N	N	N	N	N	N	N	N	N	0.0000	0.0000	0.0000	0.0000	0.0000	0.0000	0.0000	0.0000	0.0000	0.0000	0.0000	0.0000	0.0000	0.0000	0.0000	0.0000	0.0000	0.0000	0.0000	0.0000	0.4912	0.0000	2.4266	0.0000	0.0000	0.0000	0.0000	0.0000	0.0000	0.0000	0.0000	0.0000	0.0000	0.0000	0.0000	0.0000	0.0000	0.0000	0.0000	0.0000	0.0000	0.0000	0.0000	0.0000	0.0000	0.0000	0.0000	0.0000	0.0000	0.0000	0.0000	0.0000	0.0000	0.0000	0.0000	0.0000	0.0000	0.0000	0.0000	0.0000	0.0000	0.0000	0.0000	0.0000	0.0000	0.0000	0.0000	0.0000	0.0000	0.0000	0.0000	0.0000	0.0000	0.0000	0.0000	0.0000	0.0000	0.0000											
66	102	0.0887	5	1	0	1	0	0	0	0	0	N	N	N	N	N	N	N	N	N	N	N	N	0.0000	0.0000	0.0000	0.0000	0.0000	0.0000	0.0000	0.0000	0.0000	0.0000	0.0000	0.0000	0.0000	0.0000	0.0000	0.0000	0.0000	0.0000	0.0000	0.0000	0.4912	0.0000	2.4266	0.0000	0.0000	0.0000	0.0000	0.0000	0.0000	0.0000	0.0000	0.0000	0.0000	0.0000	0.0000	0.0000	0.0000	0.0000	0.0000	0.0000	0.0000	0.0000	0.0000	0.0000	0.0000	0.0000	0.0000	0.0000	0.0000	0.0000	0.0000	0.0000	0.0000	0.0000	0.0000	0.0000	0.0000	0.0000	0.0000	0.0000	0.0000	0.0000	0.0000	0.0000	0.0000	0.0000	0.0000	0.0000	0.0000	0.0000	0.0000	0.0000	0.0000	0.0000	0.0000	0.0000	0.0000	0.0000											
66	103	0.0826	4	1	0	1	0	0	0	0	0	N	N	N	N	N	N	N	N	N	N	N	N	0.0000	0.0000	0.0000	0.0000	0.0000	0.0000	0.0000	0.0000	0.0000	0.0000	0.0000	0.0000	0.0000	0.0000	0.0000	0.0000	0.0000	0.0000	0.0000	0.0000	0.4912	0.0000	2.4266	1.0091	0.0000	0.0000	0.0000	0.0000	0.0000	0.0000	0.0000	0.0000	0.0000	0.0000	0.0000	0.0000	0.0000	0.0000	0.0000	0.0000	0.0000	0.0000	0.0000	0.0000	0.0000	0.0000	0.0000	0.0000	0.0000	0.0000	0.0000	0.0074	0.0026	0.0048	0.0001	0.0001	0.0000	0.0073	0.0025	0.0048	0.0000	0.0000	0.0000	0.0000	0.0000	0.0000	0.0000	0.0000	0.0000	0.0000	0.0000	0.0000	0.0000	0.0000	0.0000	0.0000	0.0000	0.0000											
66	104	0.6101	6	0	1	0	0	0	0	0	0	N	N	N	N	N	N	N	N	N	N	N	N	inf	inf	inf	inf	inf	inf	0.0076	0.0082	0.0000	0.0140	0.0144	0.0000	0.0004	0.0004	0.0000	0.0000	0.0000	0.0000	0.0000	0.0000	0.0000	0.0000	0.0000	0.0000	0.0000	-0.0005	0.0000	0.4912	7.9994	2.4266	4.0001	0.0021	0.0021	0.0000	0.0021	0.0021	0.0000	0.0001	0.0001	0.0000	0.0000	0.0000	0.0000	0.0000	0.0000	0.0000	0.0000	0.0000	0.0000	0.2775	0.2562	0.0214	0.1475	0.1431	0.0044	0.1300	0.1131	0.0170	0.0457	0.0279	0.0178	0.0235	0.0203	0.0032	0.0222	0.0075	0.0146	inf	inf	0.0000	inf	inf	0.0000	inf	inf	0.0000	0.0000	0.0000	0.0000	0.0000	0.0000	0.0000	0.0000	0.0000	0.0000				
66	105	0.6726	10	1	0	1	0	0	0	0	0	N	N	N	N	N	N	N	N	N	N	N	N	0.0001	0.0000	16.3949	0.0001	0.0001	0.0000	74.6890	377.6268	0.0001	0.0001	0.0008	0.0001	0.0001	0.0000	0.0001	0.0000	0.0010	0.9794	1.3969	0.0001	1.1063	1.1522	0.0002	0.0000	0.0000	0.0000	1.0185	0.0003	0.0000	-0.0002	0.4912	1.0000	2.4266	1.0005	0.0000	0.0000	0.0000	0.0000	0.0000	0.0000	0.0000	0.0000	0.0000	0.0003	0.0003	0.0000	0.0003	0.0003	0.0000	0.0000	0.0000	0.0000	0.0422	0.0392	0.0030	0.0237	0.0231	0.0006	0.0184	0.0161	0.0024	0.0071	0.0049	0.0022	0.0046	0.0040	0.0006	0.0025	0.0009	0.0016	0.0025	0.0009	16.3949	0.0014	0.0013	0.0000	74.6890	0.0000	377.6268	0.0465	0.0672	0.0001	0.0722	0.0821	0.0002	0.0000	0.0000	0.0000	
66	106	0.6691	9	1	0	1	0	0	0	0	0	N	N	N	N	N	N	N	N	N	N	N	N	0.0011	0.0259	0.0319	0.0657	0.0757	0.0014	0.0004	0.0830	0.0002	0.0001	0.0010	0.0001	0.0001	0.0000	0.0002	0.0000	0.0013	0.1382	0.0032	0.0327	0.0020	0.0018	0.0000	0.1267	0.0020	0.0162	0.9740	6.4031	0.0000	0.0000	0.4912	0.7249	2.4266	0.0368	0.0000	0.0000	0.0000	0.0000	0.0000	0.0000	0.0000	0.0000	0.0000	0.0000	0.0000	0.0000	0.0000	0.0000	0.0000	0.0000	0.0000	0.0000	0.0325	0.0302	0.0023	0.0188	0.0182	0.0005	0.0138	0.0120	0.0018	0.0028	0.0019	0.0009	0.0018	0.0016	0.0002	0.0010	0.0003	0.0006	0.0365	0.1017	0.0906	0.1538	0.1389	0.0000	0.0176	0.0181	0.0875	0.0041	0.0008	0.0115	0.0009	0.0010	0.0000	0.0100	0.0000	0.0154	
66	107	0.6676	8	1	0	1	0	0	0	0	0	N	N	N	N	N	N	N	N	N	N	N	N	0.0150	0.0064	10.2180	0.0510	0.0539	0.0000	0.0344	0.0000	10.4907	0.0002	0.0001	0.0018	0.0002	0.0002	0.0000	0.0003	0.0000	0.0025	0.0166	0.0207	0.0002	0.0040	0.0039	0.0000	0.0091	0.2402	0.0002	1.0211	0.0322	0.0000	-0.0000	0.4912	0.4159	2.4266	0.0887	0.0000	0.0000	0.0000	0.0000	0.0000	0.0000	0.0000	0.0000	0.0000	0.0000	0.0000	0.0000	0.0000	0.0000	0.0000	0.0000	0.0000	0.0000	0.0196	0.0182	0.0014	0.0118	0.0114	0.0004	0.0078	0.0068	0.0010	0.0020	0.0014	0.0006	0.0013	0.0011	0.0002	0.0007	0.0003	0.0005	0.1465	0.0564	10.2180	0.1324	0.1205	0.0000	0.1605	0.0001	10.4907	0.0017	0.0024	0.0002	0.0016	0.0018	0.0000	0.0020	0.0047	0.0002
66	108	0.6513	7	1	0	0	0	0	0	0	0	N	N	N	N	N	N	N	N	N	N	N	N	0.1225	0.0439	9.6730	0.2333	0.2620	0.0000	0.1100	0.0000	9.6531	0.0000	0.0000	0.0002	0.0000	0.0000	0.0000	0.0000	0.0000	0.0003	0.0003	0.0005	0.0000	0.0001	0.0001	0.0000	0.0003	0.0147	0.0000	0.8468	0.0770	0.0000	-0.0000	0.4912	3.9943	2.4266	0.9974	0.0000	0.0000	0.0000	0.0000	0.0000	0.0000	0.0000	0.0000	0.0000	0.0000	0.0000	0.0000	0.0000	0.0000	0.0000	0.0000	0.0000	0.0000	0.1547	0.1434	0.0113	0.0846	0.0823	0.0023	0.0701	0.0611	0.0090	0.0189	0.0125	0.0065	0.0116	0.0102	0.0014	0.0073	0.0022	0.0051	0.3238	0.1343	9.6730	11.9455	11.3379	0.0000	0.1286	0.0000	9.6531	0.0001	0.0001	0.0000	0.0000	0.0000	0.0000	0.0003	0.0008	0.0000
66	109	0.0826	4	1	0	1	0	0	0	0	0	N	N	N	N	N	N	N	N	N	N	N	N	0.0000	0.0000	0.0000	0.0000	0.0000	0.0000	0.0000	0.0000	0.0000	0.0000	0.0000	0.0000	0.0000	0.0000	0.0000	0.0000	0.0000	0.0000	0.0000	0.0000	0.4912	0.0000	2.4266	0.9909	0.0000	0.0000	0.0000	0.0000	0.0000	0.0000	0.0000	0.0000	0.0000	0.0000	0.0000	0.0000	0.0000	0.0000	0.0000	0.0000	0.0000	0.0000	0.0000	0.0000	0.0000	0.0000	0.0000	0.0000	0.0000	0.0000	0.0000	0.0073	0.0026	0.0047	0.0001	0.0001	0.0000	0.0072	0.0025	0.0047	0.0000	0.0000	0.0000	0.0000	0.0000	0.0000	0.0000	0.0000	0.0000	0.0000	0.0000	0.0000	0.0000	0.0000	0.0000	0.0000	0.0000	0.0000											
66	110	0.0540	3	1	0	1	0	0	0	0	0	N	N	N	N	N	N	N	N	N	N	N	N	inf	inf	inf	inf	inf	inf	inf	inf	0.0348	0.0391	0.0016	0.7826	0.8337	0.0000	0.0011	0.0011	0.0016	0.0000	0.0000	0.0000	0.0000	0.0000	0.0000	0.0000	0.0000	0.0000	0.0052	-0.0005	0.0000	0.4912	4.0000	2.4266	0.0000	0.0019	0.0019	0.0000	0.0019	0.0019	0.0000	0.0001	0.0001	0.0000	0.0000	0.0000	0.0000	0.0000	0.0000	0.0000	0.0000	0.0000	0.0000	0.0558	0.0494	0.0064	0.0024	0.0023	0.0001	0.0534	0.0471	0.0062	0.0291	0.0138	0.0153	0.0072	0.0063	0.0009	0.0219	0.0076	0.0143	inf	inf	inf	inf	inf	0.0000	inf	inf	inf	0.0000	0.0000	0.0000	0.0000	0.0000	0.0000	0.0000	0.0000	0.0000		
66	112	0.6559	7	0	0	1	0	0	0	0	0	N	N	N	N	N	N	N	N	N	N	N	N	0.0000	0.0000	0.0000	0.0000	0.0000	0.0000	0.0000	0.0000	0.0000	0.0000	0.0000	0.0000	0.0000	1.2741	1.7131	0.0000	1.9310	1.9988	0.0000	0.0000	0.0000	0.0000	0.0019	0.0000	-0.0000	0.4912	0.0000	2.4266	0.0001	0.0000	0.0000	0.0000	0.0000	0.0000	0.0000	0.0000	0.0000	0.0000	0.0000	0.0000	0.0000	0.0000	0.0000	0.0000	0.0000	0.0000	0.0000	0.0000	0.0000	0.0000	0.0000	0.0000	0.0000	0.0000	0.0000	0.0000	0.0000	0.0000	0.0000	0.0000	0.0000	0.0000	0.0000	0.0000	0.0000	0.0000	0.0000	0.0000	0.0000	0.0000	0.0000	0.0000	0.0000	0.0000	0.0999	0.1235	0.0000	0.1736	0.1942	0.0000	0.0000	0.0000	0.0000						
66	113	0.6101	6	0	0	1	0	0	0	0	0	N	N	N	N	N	N	N	N	N	N	N	N	0.0007	0.0005	0.0000	0.0007	0.0007	0.0000	0.0000	0.0000	0.0012	0.0013	0.0000	0.0022	0.0022	0.0000	0.0000	0.0000	0.0000	1.6908	2.3281	0.0014	2.9939	3.1703	0.0000	0.0028	0.0002	0.0018	0.0000	0.0019	-0.0000	-0.0055	0.4912	4.0004	2.4266	4.9999	0.0002	0.0002	0.0000	0.0002	0.0002	0.0000	0.0000	0.0000	0.0000	0.0105	0.0105	0.0000	0.0105	0.0105	0.0000	0.0000	0.0000	0.0000	0.1544	0.1425	0.0119	0.0830	0.0805	0.0025	0.0713	0.0619	0.0094	0.0352	0.0215	0.0137	0.0181	0.0156	0.0024	0.0171	0.0058	0.0113	0.0039	0.0026	0.0000	0.0037	0.0033	0.0000	0.0000	0.0000	0.0000	0.2982	0.4880	0.0014	0.5800	0.6697	0.0000	0.0012	0.0000	0.0018	
66	114	0.0213	2	0	1	0	0	0	0	0	0	N	N	N	N	N	N	N	N	N	N	N	N	0.3082	0.3487	0.1380	0.7192	0.8203	1.1463	0.2163	0.0076	0.3757	0.6099	0.4626	0.9123	0.7834	0.7842	0.0001	0.4956	0.0000	0.9135	1.9789	1.3267	6.6108	1.0892	0.9560	0.0001	2.2907	0.0013	2.4312	0.9603	17.8001	0.0478	0.0680	0.4912	4.3361	2.4266	4.6323	0.2081	0.1061	0.1019	0.1061	0.1061	0.0000	0.1019	0.0000	0.1019	0.1601	0.0085	0.1516	0.0085	0.0085	0.0000	0.1516	0.0000	0.1516	0.3412	0.2295	0.1117	0.1355	0.1354	0.0001	0.2057	0.0941	0.1116	0.3031	0.1528	0.1503	0.1228	0.1212	0.0016	0.1803	0.0316	0.1487	1.1546	8.2999	0.9047	11.2986	11.1590	1.1463	0.5894	0.3850	0.8960	0.5282	0.0557	1.0084	0.0693	0.0703	0.0001	0.8407	0.0000	1.0196
66	116	0.6101	6	0	1	0	1	0	0	0	0	N	N	N	N	N	N	N	N	N	N	N	N	inf	inf	inf	inf	0.0001	0.0001	0.0000	0.0001	0.0001	0.0000	0.0000	0.0000	0.0000	0.0000	0.0000	0.0000	0.0000	0.0000	0.0000	0.0000	0.0000	0.0000	0.0000	-0.0000	0.0000	0.4912	5.0006	2.4266	2.0000	0.0000	0.0000	0.0000	0.0000	0.0000	0.0000	0.0000	0.0000	0.0000	0.0000	0.0000	0.0000	0.0000	0.0000	0.0000	0.0000	0.0000	0.0000	0.1878	0.1733	0.0145	0.1007	0.0976	0.0031	0.0871	0.0756	0.0114	0.0278	0.0170	0.0109	0.0143	0.0124	0.0019	0.0136	0.0046	0.0090	inf	inf	0.0000	inf	inf	0.0000	0.0000	0.0000	0.0000	0.0000	0.0000	0.0000	0.0000	0.0000	0.0000	0.0000	0.0000	0.0000						
66	117	0.0540	3	0	1	0	1	0	0	0	0	N	N	N	N	N	N	N	N	N	N	N	N	0.0000	0.0000	0.0000	0.0000	0.0000	0.0000	0.0000	0.0000	0.0000	0.0000	0.0000	0.0000	0.0000	0.0000	0.0000	0.0000	0.0000	0.0000	0.0000	0.0000	0.4912	0.0000	2.4266	1.0000	0.0000	0.0000	0.0000	0.0000	0.0000	0.0000	0.0000	0.0000	0.0000	0.0000	0.0000	0.0000	0.0000	0.0000	0.0000	0.0000	0.0000	0.0000	0.0000	0.0000	0.0000	0.0000	0.0000	0.0000	0.0000	0.0000	0.0000	0.0108	0.0052	0.0056	0.0027	0.0024	0.0004	0.0080	0.0028	0.0053	0.0000	0.0000	0.0000	0.0000	0.0000	0.0000	0.0000	0.0000	0.0000	0.0000	0.0000	0.0000	0.0000	0.0000	0.0000	0.0000	0.0000	0.0000											
66	118	0.6101	6	0	1	0	0	0	0	0	0	N	N	N	N	N	N	N	N	N	N	N	N	20.6999	inf	78.3140	inf	inf	14.0752	inf	79.3289	0.0064	0.0048	0.0252	0.0084	0.0086	0.0000	0.0042	0.0003	0.0313	0.0003	0.0000	0.0003	0.0000	0.0000	0.0000	0.0003	0.0000	0.0004	0.4340	inf	0.0001	0.0000	0.4912	16.9994	2.4266	6.0000	0.0030	0.0021	0.0009	0.0021	0.0021	0.0000	0.0010	0.0001	0.0009	0.0000	0.0000	0.0000	0.0000	0.0000	0.0000	0.0000	0.0000	0.0000	0.4759	0.4394	0.0364	0.2471	0.2401	0.0071	0.2288	0.1994	0.0294	0.0798	0.0488	0.0310	0.0415	0.0358	0.0057	0.0383	0.0130	0.0253	50.9598	inf	78.3140	inf	inf	0.0000	16.2482	inf	79.3289	0.0001	0.0000	0.0003	0.0000	0.0000	0.0000	0.0003	0.0000	0.0004	
66	119	0.0540	3	0	1	0	0	0	0	0	0	N	N	N	N	N	N	N	N	N	N	N	N	1.8714	0.7810	14.3072	13.8498	inf	inf	0.0288	0.0324	0.0000	0.6438	0.6858	0.0000	0.0008	0.0009	0.0000	0.0154	0.0415	0.0000	0.0450	0.0495	0.0000	0.0000	0.0000	0.0000	0.0000	0.0000	-0.0005	-0.0001	0.4912	5.0000	2.4266	6.0000	0.0019	0.0019	0.0000	0.0019	0.0019	0.0000	0.0001	0.0001	0.0000	0.0001	0.0001	0.0000	0.0001	0.0001	0.0000	0.0000	0.0000	0.0000	0.0671	0.0595	0.0076	0.0029	0.0027	0.0002	0.0642	0.0568	0.0075	0.0683	0.0319	0.0364	0.0157	0.0136	0.0021	0.0526	0.0183	0.0343	17.8508	9.4141	0.0000	92.1039	84.9968	0.0000	inf	inf	0.0000	0.0016	0.0034	0.0000	0.0070	0.0081	0.0000	0.0000	0.0000	0.0000			
66	120	0.0820	4	0	1	0	0	0	0	0	0	N	N	N	N	N	N	N	N	N	N	N	N	6.2039	1.2190	1.1829	2.0449	2.4490	inf	116.4067	44.0715	1.5186	0.1391	0.1528	0.0000	0.2761	0.2893	0.0000	0.0071	0.0082	0.0001	0.0224	0.1254	0.0000	0.1350	0.1181	0.0000	0.0001	0.0002	0.0000	0.0000	0.0124	-0.0005	-0.0000	0.4912	0.9998	2.4266	0.9486	0.0019	0.0019	0.0000	0.0019	0.0019	0.0000	0.0000	0.0000	0.0000	0.0000	0.0000	0.0000	0.0000	0.0000	0.0000	0.0000	0.0000	0.0000	0.0137	0.0125	0.0012	0.0067	0.0064	0.0003	0.0070	0.0060	0.0009	0.0139	0.0057	0.0082	0.0024	0.0024	0.0001	0.0114	0.0033	0.0081	69.1784	31.5510	1.1829	24.2118	24.7967	inf	236.4705	19369.0388	1.5186	0.0020	0.0048	0.0000	0.0114	0.0117	0.0000	0.0000	0.0000	0.0000
66	121	0.0540	3	0	1	0	0	0	0	0	0	N	N	N	N	N	N	N	N	N	N	N	N	1.9614	0.7498	4203.3497	10.6406	11.8300	2.0175	0.0034	4047.2788	0.0005	0.0004	0.0012	0.0079	0.0085	0.0000	0.0002	0.0000	0.0012	0.0003	0.0005	0.0000	0.0007	0.0007	0.0000	0.0001	0.0032	0.0000	0.3830	0.0017	0.0000	-0.0000	0.4912	3.0005	2.4266	1.1085	0.0000	0.0000	0.0000	0.0000	0.0000	0.0000	0.0000	0.0000	0.0000	0.0000	0.0000	0.0000	0.0000	0.0000	0.0000	0.0000	0.0000	0.0000	0.0728	0.0646	0.0082	0.0032	0.0030	0.0002	0.0696	0.0616	0.0081	0.0507	0.0239	0.0268	0.0121	0.0105	0.0016	0.0386	0.0134	0.0252	5.4377	2.0934	4203.3497	33.5882	31.0410	0.0000	3.3981	0.0848	4047.2788	0.0001	0.0002	0.0000	0.0002	0.0003	0.0000	0.0000	0.0001	0.0000	
66	122	0.6513	7	0	1	0	0	0	0	0	0	N	N	N	N	N	N	N	N	N	N	N	N	inf	inf	inf	inf	inf	inf	inf	0.0001	0.0001	0.0000	0.0002	0.0002	0.0000	0.0000	0.0000	0.0000	0.0000	0.0000	0.0000	0.0000	0.0000	0.0000	0.0000	0.0000	0.0000	0.0001	-0.0000	0.0000	0.4912	2.0001	2.4266	3.0000	0.0000	0.0000	0.0000	0.0000	0.0000	0.0000	0.0000	0.0000	0.0000	0.0000	0.0000	0.0000	0.0000	0.0000	0.0000	0.0000	0.0000	0.0000	0.0822	0.0762	0.0060	0.0454	0.0441	0.0013	0.0368	0.0321	0.0047	0.0190	0.0125	0.0065	0.0116	0.0103	0.0014	0.0073	0.0022	0.0051	inf	inf	inf	inf	inf	0.0000	inf	0.0000	inf	0.0000	0.0000	0.0000	0.0000	0.0000	0.0000	0.0000	0.0000	0.0000			
66	123	0.6101	6	0	0	0	0	0	0	0	0	N	N	N	N	N	N	N	N	N	N	N	N	inf	inf	inf	inf	inf	inf	inf	inf	0.0085	0.0008	0.1006	0.0155	0.0014	0.4738	0.0004	0.0000	0.0033	0.0000	0.0000	0.0000	0.0000	0.0000	0.0000	0.0000	0.0000	0.0000	10.7381	0.0014	-0.0000	0.4912	6.9986	2.4266	2.0000	0.0021	0.0002	0.0019	0.0021	0.0002	0.0019	0.0001	0.0000	0.0001	0.0000	0.0000	0.0000	0.0000	0.0000	0.0000	0.0000	0.0000	0.0000	0.2492	0.2300	0.0192	0.1328	0.1288	0.0040	0.1164	0.1012	0.0152	0.0352	0.0214	0.0137	0.0180	0.0156	0.0024	0.0171	0.0058	0.0113	inf	inf	inf	inf	inf	inf	inf	0.0000	inf	0.0000	0.0000	0.0000	0.0000	0.0000	0.0000	0.0000	0.0000	0.0000		
66	124	0.0875	4	0	1	0	0	0	0	0	0	N	N	N	N	N	N	N	N	N	N	N	N	0.1908	0.0006	15.7660	0.0104	0.0022	12.6118	1.5109	0.0000	16.0485	0.0001	0.0000	0.0010	0.0000	0.0000	0.0003	0.0001	0.0000	0.0011	0.0005	0.0012	0.0001	0.0018	0.0015	0.0000	0.0001	0.0004	0.0001	176.4801	0.1822	0.0000	-0.0000	0.4912	3.9006	2.4266	3.1543	0.0000	0.0000	0.0000	0.0000	0.0000	0.0000	0.0000	0.0000	0.0000	0.0000	0.0000	0.0000	0.0000	0.0000	0.0000	0.0000	0.0000	0.0000	0.1001	0.0901	0.0100	0.0179	0.0171	0.0008	0.0821	0.0730	0.0092	0.0696	0.0317	0.0379	0.0187	0.0162	0.0025	0.0509	0.0155	0.0354	0.4478	0.0015	15.7660	0.0252	0.0041	12.6118	2.5273	0.0000	16.0485	0.0002	0.0004	0.0001	0.0007	0.0008	0.0000	0.0000	0.0000	0.0001
66	125	0.0540	3	0	1	0	0	0	0	0	0	N	N	N	N	N	N	N	N	N	N	N	N	0.0087	0.0128	0.0275	0.2269	0.2564	0.0000	0.0033	0.0000	0.0264	0.0000	0.0000	0.0000	0.0002	0.0002	0.0000	0.0000	0.0000	0.0000	0.0010	0.0007	0.0004	0.0008	0.0007	0.0000	0.0004	0.0049	0.0004	0.1789	1.7072	-0.0000	0.0000	0.4912	1.6924	2.4266	1.9110	0.0000	0.0000	0.0000	0.0000	0.0000	0.0000	0.0000	0.0000	0.0000	0.0000	0.0000	0.0000	0.0000	0.0000	0.0000	0.0000	0.0000	0.0000	0.0451	0.0399	0.0052	0.0019	0.0018	0.0001	0.0431	0.0381	0.0051	0.0454	0.0215	0.0240	0.0110	0.0095	0.0014	0.0345	0.0119	0.0225	0.0249	0.0306	0.0275	0.7128	0.6598	0.0000	0.0037	0.0002	0.0264	0.0004	0.0003	0.0004	0.0002	0.0003	0.0000	0.0004	0.0003	0.0004
66	126	0.6101	6	0	1	0	0	0	0	0	0	N	N	N	N	N	N	N	N	N	N	N	N	0.0000	0.0000	0.0000	0.0000	0.0000	0.0000	0.0000	0.0000	0.0000	0.0000	0.0000	0.0000	0.0000	0.0000	0.0001	0.0000	0.0001	0.0001	0.0000	0.0000	0.0000	0.0000	0.0000	0.0000	-0.0000	0.4912	0.9996	2.4266	8.0005	0.0000	0.0000	0.0000	0.0000	0.0000	0.0000	0.0000	0.0000	0.0000	0.0000	0.0000	0.0000	0.0000	0.0000	0.0000	0.0000	0.0000	0.0000	0.0420	0.0387	0.0032	0.0228	0.0221	0.0007	0.0192	0.0166	0.0025	0.0352	0.0215	0.0137	0.0181	0.0156	0.0024	0.0171	0.0058	0.0113	0.0000	0.0000	0.0000	0.0000	0.0000	0.0000	0.0000	0.0000	0.0000	0.0000	0.0000	0.0000	0.0000	0.0000	0.0000	0.0000	0.0000	0.0000						
66	127	0.5155	6	0	0	0	0	0	0	0	0	N	N	N	N	N	N	N	N	N	N	N	N	1.7142	68.3220	0.0000	60.4333	78.2566	0.0000	5.9977	9342.6836	0.0000	0.6880	0.8446	0.0000	0.4800	0.6258	0.0000	1.2351	1.3147	0.0000	0.4014	0.0124	0.0567	0.0079	0.0080	0.0000	0.2059	0.0001	0.0250	0.0000	7.1743	-0.0590	0.0002	0.4912	3.6536	2.4266	12.3970	0.2266	0.2266	0.0000	0.1146	0.1146	0.0000	0.1120	0.1120	0.0000	0.0007	0.0001	0.0006	0.0001	0.0001	0.0000	0.0006	0.0000	0.0006	0.3294	0.2683	0.0611	0.2386	0.1831	0.0556	0.0907	0.0852	0.0055	0.0774	0.0445	0.0328	0.0328	0.0292	0.0036	0.0446	0.0154	0.0292	79.2698	457.8881	0.0000	191.6671	222.2109	0.0000	93.3647	9617046.1598	0.0000	0.0087	0.0018	0.0180	0.0025	0.0028	0.0000	0.0132	0.0000	0.0202
66	128	0.3043	4	0	0	0	0	0	0	0	0	N	N	N	N	N	N	N	N	N	N	N	N	0.4572	0.2229	15338.7261	0.2256	0.2182	8620.8680	7164.1126	0.0383	17062.4492	0.7974	0.5458	1.5097	0.8287	0.7977	1.1250	0.7579	0.0000	1.6074	1.7443	2.4486	0.0001	3.6736	3.6565	0.0001	0.0001	0.0007	0.0001	0.9776	0.0001	0.0759	-0.0266	0.4912	5.3495	2.4266	12.4099	0.3244	0.1640	0.1603	0.1882	0.1640	0.0242	0.1361	0.0000	0.1361	0.0509	0.0509	0.0000	0.0509	0.0509	0.0000	0.0000	0.0000	0.0000	0.4068	0.3006	0.1062	0.2271	0.2056	0.0215	0.1796	0.0949	0.0847	0.1531	0.0873	0.0657	0.0632	0.0556	0.0076	0.0898	0.0317	0.0581	2.3969	0.9361	15338.7261	1.0294	0.8712	8620.8680	11999.9291	4.0897	17062.4492	0.3327	0.5830	0.0001	0.8051	0.9156	0.0001	0.0001	0.0000	0.0001
66	129	0.7216	12	0	1	0	1	0	0	0	0	N	N	N	N	N	N	N	N	N	N	N	N	0.0000	0.0000	0.0000	0.0000	0.0000	0.0000	0.0000	0.0000	0.0000	0.0000	0.0000	0.0000	0.0000	0.0000	0.0000	0.0000	0.0000	0.0000	0.0000	0.0000	0.4912	0.0000	2.4266	0.0000	0.0000	0.0000	0.0000	0.0000	0.0000	0.0000	0.0000	0.0000	0.0000	0.0000	0.0000	0.0000	0.0000	0.0000	0.0000	0.0000	0.0000	0.0000	0.0000	0.0000	0.0000	0.0000	0.0000	0.0000	0.0000	0.0000	0.0000	0.0000	0.0000	0.0000	0.0000	0.0000	0.0000	0.0000	0.0000	0.0000	0.0000	0.0000	0.0000	0.0000	0.0000	0.0000	0.0000	0.0000	0.0000	0.0000	0.0000	0.0000	0.0000	0.0000	0.0000	0.0000	0.0000	0.0000											
66	130	0.7053	11	0	1	0	1	0	0	0	0	N	N	N	N	N	N	N	N	N	N	N	N	0.0000	0.0000	0.0000	0.0000	0.0000	0.0000	0.0000	0.0000	0.0000	0.0000	0.0000	0.0000	0.0000	0.8386	0.0000	0.3103	0.0000	0.0000	0.0000	0.9121	0.0000	0.2198	inf	0.0000	0.0002	0.4912	0.0000	2.4266	3.0001	0.0000	0.0000	0.0000	0.0000	0.0000	0.0000	0.0000	0.0000	0.0000	0.0003	0.0000	0.0003	0.0000	0.0000	0.0000	0.0003	0.0000	0.0003	0.0000	0.0000	0.0000	0.0000	0.0000	0.0000	0.0000	0.0000	0.0000	0.0104	0.0069	0.0035	0.0065	0.0057	0.0008	0.0039	0.0013	0.0026	0.0000	0.0000	0.0000	0.0000	0.0000	0.0000	0.0000	0.0000	0.0000	0.0308	0.0000	0.0926	0.0000	0.0000	0.0000	0.0819	0.0000	0.1222						
66	131	0.6956	10	0	1	0	0	0	0	0	0	N	N	N	N	N	N	N	N	N	N	N	N	0.0000	0.0000	0.0000	0.0000	0.0000	0.0000	0.0000	0.0000	0.0000	0.0000	0.0000	0.0000	0.0000	0.0000	0.0000	0.0000	0.0000	0.0000	0.0000	0.0000	0.4912	0.0000	2.4266	0.0000	0.0000	0.0000	0.0000	0.0000	0.0000	0.0000	0.0000	0.0000	0.0000	0.0000	0.0000	0.0000	0.0000	0.0000	0.0000	0.0000	0.0000	0.0000	0.0000	0.0000	0.0000	0.0000	0.0000	0.0000	0.0000	0.0000	0.0000	0.0000	0.0000	0.0000	0.0000	0.0000	0.0000	0.0000	0.0000	0.0000	0.0000	0.0000	0.0000	0.0000	0.0000	0.0000	0.0000	0.0000	0.0000	0.0000	0.0000	0.0000	0.0000	0.0000	0.0000	0.0000	0.0000	0.0000											
66	132	0.7053	11	0	0	1	1	0	0	0	0	N	N	N	N	N	N	N	N	N	N	N	N	0.0000	0.0000	0.0000	0.0000	0.0000	0.0000	0.0000	0.0000	0.0000	0.0000	0.0000	0.0000	0.0000	0.0000	0.0000	0.0000	0.0000	0.0000	0.0000	0.0000	0.4912	0.0000	2.4266	1.9999	0.0000	0.0000	0.0000	0.0000	0.0000	0.0000	0.0000	0.0000	0.0000	0.0000	0.0000	0.0000	0.0000	0.0000	0.0000	0.0000	0.0000	0.0000	0.0000	0.0000	0.0000	0.0000	0.0000	0.0000	0.0000	0.0000	0.0000	0.0070	0.0047	0.0023	0.0044	0.0038	0.0006	0.0026	0.0009	0.0018	0.0000	0.0000	0.0000	0.0000	0.0000	0.0000	0.0000	0.0000	0.0000	0.0000	0.0000	0.0000	0.0000	0.0000	0.0000	0.0000	0.0000	0.0000											
66	133	0.7163	12	0	0	1	1	0	0	0	0	N	N	N	N	N	N	N	N	N	N	N	N	0.0000	0.0000	0.0000	0.0000	0.0000	0.0000	0.0000	0.0000	0.0000	0.0000	0.0000	0.0000	0.0000	0.0000	0.0000	0.0000	0.0000	0.0000	0.0000	0.0000	0.4912	1.0000	2.4266	0.0000	0.0000	0.0000	0.0000	0.0000	0.0000	0.0000	0.0000	0.0000	0.0000	0.0000	0.0000	0.0000	0.0000	0.0000	0.0000	0.0000	0.0000	0.0000	0.0433	0.0402	0.0031	0.0250	0.0242	0.0007	0.0183	0.0160	0.0024	0.0033	0.0022	0.0011	0.0020	0.0018	0.0002	0.0013	0.0004	0.0009	0.0000	0.0000	0.0000	0.0000	0.0000	0.0000	0.0000	0.0000	0.0000	0.0000	0.0000	0.0000	0.0000	0.0000	0.0000	0.0000	0.0000	0.0000											
66	134	0.7163	12	0	0	1	1	0	0	0	0	N	N	N	N	N	N	N	N	N	N	N	N	0.0000	0.0000	0.0000	0.0000	0.0000	0.0000	0.0000	0.0000	0.0000	0.0000	0.0000	0.0000	0.0000	0.0000	0.0000	0.0000	0.0000	0.0000	0.0000	0.0000	0.4912	0.0000	2.4266	0.0000	0.0000	0.0000	0.0000	0.0000	0.0000	0.0000	0.0000	0.0000	0.0000	0.0000	0.0000	0.0000	0.0000	0.0000	0.0000	0.0000	0.0000	0.0000	0.0000	0.0000	0.0000	0.0000	0.0000	0.0000	0.0000	0.0000	0.0000	0.0000	0.0000	0.0000	0.0000	0.0000	0.0000	0.0000	0.0000	0.0000	0.0000	0.0000	0.0000	0.0000	0.0000	0.0000	0.0000	0.0000	0.0000	0.0000	0.0000	0.0000	0.0000	0.0000	0.0000	0.0000	0.0000	0.0000											
66	135	0.7053	11	0	0	1	1	0	0	0	0	N	N	N	N	N	N	N	N	N	N	N	N	0.0000	0.0000	0.0000	0.0000	0.0000	0.0000	0.0000	0.0000	0.0000	0.0000	0.0000	0.0000	0.0000	0.0000	0.0000	0.0000	0.0000	0.0000	0.0000	0.0000	0.4912	2.0025	2.4266	0.9943	0.0000	0.0000	0.0000	0.0000	0.0000	0.0000	0.0000	0.0000	0.0000	0.0000	0.0000	0.0000	0.0000	0.0000	0.0000	0.0000	0.0000	0.0000	0.0847	0.0786	0.0061	0.0485	0.0471	0.0014	0.0361	0.0315	0.0047	0.0104	0.0069	0.0035	0.0065	0.0056	0.0008	0.0039	0.0013	0.0026	0.0000	0.0000	0.0000	0.0000	0.0000	0.0000	0.0000	0.0000	0.0000	0.0000	0.0000	0.0000	0.0000	0.0000	0.0000	0.0000	0.0000	0.0000											
66	136	0.7053	10	0	0	0	1	0	0	0	0	N	N	N	N	N	N	N	N	N	N	N	N	0.0000	0.0000	0.0000	0.0000	0.0000	0.0000	0.0000	0.0000	0.0000	0.0000	0.0001	0.0000	0.0000	0.0000	0.0000	0.0000	0.0000	0.0000	0.0000	0.0000	-0.0000	0.4912	0.0050	2.4266	0.0173	0.0000	0.0000	0.0000	0.0000	0.0000	0.0000	0.0000	0.0000	0.0000	0.0000	0.0000	0.0000	0.0000	0.0000	0.0000	0.0000	0.0000	0.0000	0.0005	0.0005	0.0001	0.0004	0.0004	0.0000	0.0001	0.0001	0.0000	0.0001	0.0001	0.0000	0.0001	0.0000	0.0000	0.0000	0.0000	0.0000	0.0000	0.0000	0.0000	0.0000	0.0000	0.0000	0.0000	0.0000	0.0000	0.0000	0.0000	0.0000	0.0000	0.0000	0.0000	0.0000	0.0000	0.0000										
66	137	0.6956	9	0	0	0	1	0	0	0	0	N	N	N	N	N	N	N	N	N	N	N	N	0.0000	0.0000	0.0000	0.0000	0.0000	0.0000	0.0000	0.0000	0.0000	0.0000	0.0000	0.0000	0.0000	0.0000	0.0000	0.0000	0.0000	0.0000	0.0000	-0.0000	0.4912	1.9972	2.4266	1.0076	0.0000	0.0000	0.0000	0.0000	0.0000	0.0000	0.0000	0.0000	0.0000	0.0000	0.0000	0.0000	0.0000	0.0000	0.0000	0.0000	0.0000	0.0000	0.0776	0.0718	0.0057	0.0418	0.0407	0.0011	0.0357	0.0311	0.0046	0.0097	0.0066	0.0031	0.0065	0.0057	0.0008	0.0032	0.0010	0.0022	0.0000	0.0000	0.0000	0.0000	0.0000	0.0000	0.0000	0.0000	0.0000	0.0000	0.0000	0.0000	0.0000	0.0000	0.0000	0.0000	0.0000	0.0000											
66	138	0.6783	8	1	1	0	0	0	0	0	0	N	N	N	N	N	N	N	N	N	N	N	N	0.4032	3.9062	1.0610	21.2528	19.0954	210.4757	0.2813	0.0000	1.4058	0.4006	0.2980	0.6064	0.4729	0.3916	0.9677	0.2961	0.0000	0.4855	0.9936	0.0763	0.5715	0.0223	0.0205	0.0046	1.0529	0.0283	0.3454	1.0155	16.3268	0.0000	0.0002	0.4912	0.0002	2.4266	2.3255	0.0000	0.0000	0.0000	0.0000	0.0000	0.0000	0.0000	0.0000	0.0000	0.0006	0.0000	0.0005	0.0000	0.0000	0.0000	0.0005	0.0000	0.0005	0.0001	0.0000	0.0000	0.0000	0.0000	0.0000	0.0000	0.0000	0.0000	0.0117	0.0081	0.0037	0.0066	0.0059	0.0007	0.0052	0.0022	0.0030	8.1887	72.4520	4.1224	96.7006	77.1508	296.8132	2.8267	0.0000	2.7113	0.0489	0.0041	0.1471	0.0049	0.0051	0.0033	0.1048	0.0015	0.1791
66	139	0.6605	7	1	1	0	0	0	0	0	0	N	N	N	N	N	N	N	N	N	N	N	N	0.0004	0.0079	0.0025	0.0352	0.0370	0.0000	0.0003	0.0025	0.0056	0.0004	0.0003	0.0012	0.0004	0.0004	0.0000	0.0003	0.0002	0.0015	1.0231	0.0394	0.4599	0.0118	0.0116	0.0000	1.0549	0.0630	0.2620	0.3032	22.9226	-0.0000	0.0005	0.4912	2.0138	2.4266	2.7349	0.0000	0.0000	0.0000	0.0000	0.0000	0.0000	0.0000	0.0000	0.0000	0.0012	0.0001	0.0012	0.0000	0.0000	0.0000	0.0012	0.0000	0.0012	0.0829	0.0767	0.0063	0.0454	0.0440	0.0013	0.0376	0.0326	0.0049	0.0239	0.0150	0.0089	0.0129	0.0116	0.0013	0.0110	0.0033	0.0076	0.0075	0.0929	0.0090	0.1288	0.1193	0.0000	0.0031	0.0610	0.0097	0.0504	0.0034	0.1289	0.0032	0.0036	0.0000	0.1059	0.0025	0.1512
66	140	0.6770	8	0	1	0	0	0	0	0	0	N	N	N	N	N	N	N	N	N	N	N	N	0.0094	0.0072	0.0000	0.0075	0.0092	0.0000	0.0012	inf	0.0000	0.0000	0.0000	0.0000	0.0000	0.0000	0.0000	0.0000	0.0000	0.0000	0.0001	0.0002	0.0000	0.0002	0.0002	0.0000	0.0000	0.0000	0.0000	0.0000	1.8274	-0.0000	0.0000	0.4912	1.9232	2.4266	1.1116	0.0000	0.0000	0.0000	0.0000	0.0000	0.0000	0.0000	0.0000	0.0000	0.0000	0.0000	0.0000	0.0000	0.0000	0.0000	0.0000	0.0000	0.0000	0.1166	0.1093	0.0073	0.0781	0.0758	0.0024	0.0385	0.0336	0.0049	0.0103	0.0070	0.0033	0.0068	0.0059	0.0009	0.0035	0.0011	0.0024	0.0853	0.1752	0.0000	0.1463	0.2113	0.0000	0.0024	inf	0.0000	0.0000	0.0000	0.0000	0.0000	0.0000	0.0000	0.0000	0.0000	0.0000
66	141	0.0732	4	0	1	0	0	0	0	0	0	N	N	N	N	N	N	N	N	N	N	N	N	inf	inf	inf	inf	inf	inf	inf	inf	inf	0.0271	0.0278	0.0215	0.1873	0.1826	0.2682	0.0010	0.0008	0.0026	0.0000	0.0000	0.0000	0.0000	0.0000	0.0000	0.0000	0.0000	0.0000	0.0933	-0.0004	0.0000	0.4912	3.0000	2.4266	1.0000	0.0021	0.0019	0.0002	0.0020	0.0019	0.0002	0.0001	0.0000	0.0000	0.0000	0.0000	0.0000	0.0000	0.0000	0.0000	0.0000	0.0000	0.0000	0.0778	0.0694	0.0084	0.0109	0.0103	0.0006	0.0669	0.0591	0.0078	0.0467	0.0234	0.0233	0.0119	0.0103	0.0016	0.0348	0.0131	0.0217	inf	inf	inf	inf	inf	inf	inf	inf	inf	0.0000	0.0000	0.0000	0.0000	0.0000	0.0000	0.0000	0.0000	0.0000	
66	142	0.0540	3	0	0	0	0	0	0	0	0	N	N	N	N	N	N	N	N	N	N	N	N	inf	inf	inf	inf	0.0064	0.0073	0.0000	0.1529	0.1629	0.0000	0.0000	0.0000	0.0000	0.0000	0.0000	0.0000	0.0000	0.0000	0.0000	0.0000	0.0000	0.0000	0.0000	-0.0000	0.0000	0.4912	1.0000	2.4266	1.0000	0.0002	0.0002	0.0000	0.0002	0.0002	0.0000	0.0000	0.0000	0.0000	0.0000	0.0000	0.0000	0.0000	0.0000	0.0000	0.0000	0.0000	0.0000	0.0280	0.0248	0.0033	0.0012	0.0011	0.0001	0.0269	0.0237	0.0032	0.0270	0.0128	0.0142	0.0067	0.0058	0.0009	0.0203	0.0070	0.0133	inf	inf	0.0000	inf	inf	0.0000	0.0000	0.0000	0.0000	0.0000	0.0000	0.0000	0.0000	0.0000	0.0000	0.0000	0.0000	0.0000						
66	145	0.6956	10	1	1	0	0	0	0	0	0	N	N	N	N	N	N	N	N	N	N	N	N	inf	inf	inf	inf	inf	inf	inf	0.0233	0.0003	0.3109	0.0005	0.0005	0.0000	0.0502	0.0000	0.3893	0.0000	0.0000	0.0000	0.0000	0.0000	0.0000	0.0000	0.0000	0.0000	92.0847	0.0007	0.0000	0.4912	1.0000	2.4266	1.0000	0.0009	0.0000	0.0009	0.0000	0.0000	0.0000	0.0009	0.0000	0.0009	0.0000	0.0000	0.0000	0.0000	0.0000	0.0000	0.0000	0.0000	0.0000	0.0399	0.0370	0.0030	0.0216	0.0210	0.0006	0.0183	0.0160	0.0024	0.0065	0.0045	0.0020	0.0044	0.0038	0.0006	0.0021	0.0006	0.0015	inf	inf	inf	inf	inf	0.0000	inf	0.0000	inf	0.0000	0.0000	0.0000	0.0000	0.0000	0.0000	0.0000	0.0000	0.0000			
66	146	0.6956	9	0	1	0	0	0	0	0	0	N	N	N	N	N	N	N	N	N	N	N	N	0.0000	0.0000	0.0000	0.0000	0.0000	0.0000	0.0000	0.0000	0.0000	0.0000	0.0000	0.0000	0.0000	0.0000	0.0000	0.0000	0.0000	0.0000	0.0000	0.0000	0.4912	0.0003	2.4266	0.0000	0.0000	0.0000	0.0000	0.0000	0.0000	0.0000	0.0000	0.0000	0.0000	0.0000	0.0000	0.0000	0.0000	0.0000	0.0000	0.0000	0.0000	0.0000	0.0000	0.0000	0.0000	0.0000	0.0000	0.0000	0.0000	0.0000	0.0000	0.0000	0.0000	0.0000	0.0000	0.0000	0.0000	0.0000	0.0000	0.0000	0.0000	0.0000	0.0000	0.0000	0.0000	0.0000	0.0000	0.0000	0.0000	0.0000	0.0000	0.0000	0.0000	0.0000	0.0000	0.0000	0.0000	0.0000											
66	147	0.6770	8	0	0	0	0	0	0	0	0	N	N	N	N	N	N	N	N	N	N	N	N	0.5161	0.3965	0.0000	0.4428	0.5479	0.0000	0.0020	inf	0.0000	0.0000	0.0001	0.0000	0.0001	0.0001	0.0000	0.0000	0.0000	0.0000	0.0001	0.0001	0.0000	0.0002	0.0001	0.0000	0.0000	0.0000	0.0000	0.0000	1.8274	-0.0000	0.0000	0.4912	4.9449	2.4266	1.0063	0.0000	0.0000	0.0000	0.0000	0.0000	0.0000	0.0000	0.0000	0.0000	0.0000	0.0000	0.0000	0.0000	0.0000	0.0000	0.0000	0.0000	0.0000	0.2150	0.2000	0.0150	0.1285	0.1246	0.0039	0.0865	0.0754	0.0111	0.0194	0.0132	0.0062	0.0128	0.0112	0.0017	0.0066	0.0021	0.0045	7.0294	14.5493	0.0000	13.6595	19.7132	0.0000	0.0020	inf	0.0000	0.0000	0.0000	0.0000	0.0000	0.0000	0.0000	0.0000	0.0000	0.0000
66	148	0.6605	7	0	0	0	0	0	0	0	0	N	N	N	N	N	N	N	N	N	N	N	N	0.0116	0.0624	0.0000	0.1950	0.2193	0.0000	0.0003	inf	0.0000	0.0004	0.0005	0.0000	0.0008	0.0008	0.0000	0.0000	0.0000	0.0000	0.0371	0.0075	0.0055	0.0041	0.0038	0.0008	0.0276	0.0000	0.0055	0.0000	2.1309	-0.0000	0.0000	0.4912	3.4778	2.4266	1.2917	0.0001	0.0001	0.0000	0.0001	0.0001	0.0000	0.0000	0.0000	0.0000	0.0001	0.0000	0.0000	0.0000	0.0000	0.0000	0.0000	0.0000	0.0000	0.1334	0.1232	0.0102	0.0709	0.0689	0.0020	0.0625	0.0543	0.0082	0.0240	0.0150	0.0090	0.0130	0.0117	0.0013	0.0110	0.0034	0.0077	0.1643	0.3484	0.0000	0.4966	0.4800	0.0000	0.0019	inf	0.0000	0.0026	0.0013	0.0048	0.0016	0.0017	0.0007	0.0038	0.0000	0.0055
66	149	0.6101	6	0	0	0	0	0	0	0	0	N	N	N	N	N	N	N	N	N	N	N	N	0.0192	0.0135	0.0111	0.0620	0.0595	inf	0.2418	0.4207	0.0000	0.0076	0.0082	0.0000	0.0139	0.0144	0.0001	0.0004	0.0004	0.0000	0.3954	0.6106	0.0011	0.2248	0.2412	0.0000	0.0016	0.0011	0.0013	0.0001	0.0518	-0.0005	-0.0002	0.4912	7.8050	2.4266	4.0035	0.0021	0.0021	0.0000	0.0020	0.0020	0.0000	0.0000	0.0000	0.0000	0.0004	0.0004	0.0000	0.0004	0.0004	0.0000	0.0000	0.0000	0.0000	0.2721	0.2512	0.0209	0.1447	0.1404	0.0043	0.1274	0.1108	0.0166	0.0450	0.0275	0.0176	0.0232	0.0201	0.0031	0.0219	0.0074	0.0144	0.8982	0.6245	0.0111	0.8926	0.7959	inf	0.4536	28.0621	0.0000	0.0084	0.0132	0.0011	0.0156	0.0180	0.0000	0.0009	0.0000	0.0013
66	150	0.5155	6	0	0	0	0	0	0	0	0	N	N	N	N	N	N	N	N	N	N	N	N	2.0763	42.1259	42.2017	152.3306	103.6733	164135.4929	0.0066	0.0000	0.9117	0.7912	0.4798	2.1666	1.0922	0.7032	2.3827	0.0012	0.0000	0.0203	0.3811	0.0114	0.0513	0.0072	0.0068	0.0000	0.1874	0.0001	0.0223	1.0224	7.1656	0.0642	0.0002	0.4912	3.7255	2.4266	14.1767	0.2618	0.1294	0.1323	0.2616	0.1294	0.1322	0.0001	0.0000	0.0001	0.0007	0.0001	0.0006	0.0001	0.0001	0.0000	0.0006	0.0000	0.0006	0.3308	0.2697	0.0611	0.2396	0.1841	0.0555	0.0913	0.0857	0.0056	0.0831	0.0477	0.0354	0.0351	0.0311	0.0040	0.0480	0.0165	0.0314	97.9063	278.1187	130.2515	465.9702	266.1275	164135.4929	0.1013	0.0000	1.0844	0.0081	0.0017	0.0166	0.0023	0.0026	0.0000	0.0123	0.0000	0.0187
66	151	0.4991	5	0	0	0	0	0	0	0	0	N	N	N	N	N	N	N	N	N	N	N	N	0.9162	0.8837	4.9667	1.5418	1.4107	37190.5575	1.2942	156.8832	0.3895	0.8664	0.8267	1.0108	0.8837	0.8172	1.0545	0.8181	0.8465	0.0467	0.9456	0.9354	0.2035	0.5732	0.5793	0.0000	0.6321	0.0054	0.1200	0.3364	1.7305	-0.0021	0.0002	0.4912	1.4205	2.4266	4.0377	0.2431	0.1819	0.0612	0.1827	0.1216	0.0611	0.0605	0.0604	0.0001	0.0020	0.0007	0.0013	0.0007	0.0007	0.0000	0.0013	0.0000	0.0013	0.2806	0.2201	0.0606	0.2067	0.1488	0.0579	0.0739	0.0713	0.0026	0.0456	0.0274	0.0182	0.0206	0.0191	0.0015	0.0250	0.0083	0.0167	19.6981	30.8088	14.4920	24.8947	21.3513	37190.5575	16.0436	2717.4984	0.6150	0.0440	0.0268	0.0698	0.0355	0.0383	0.0000	0.0510	0.0003	0.0760
67	68	0.0378	2	1	1	1	0	0	0	0	0	N	N	N	N	N	N	N	N	N	N	N	N	0.0000	0.0000	0.0000	0.0000	0.0000	0.0000	0.0000	0.0000	0.0000	0.0000	0.0000	0.0000	0.0000	0.0000	0.0000	0.0000	0.0000	0.0000	0.0000	0.0000	0.6141	0.0000	1.2701	0.0000	0.0000	0.0000	0.0000	0.0000	0.0000	0.0000	0.0000	0.0000	0.0000	0.0000	0.0000	0.0000	0.0000	0.0000	0.0000	0.0000	0.0000	0.0000	0.0000	0.0000	0.0000	0.0000	0.0000	0.0000	0.0000	0.0000	0.0000	0.0000	0.0000	0.0000	0.0000	0.0000	0.0000	0.0000	0.0000	0.0000	0.0000	0.0000	0.0000	0.0000	0.0000	0.0000	0.0000	0.0000	0.0000	0.0000	0.0000	0.0000	0.0000	0.0000	0.0000	0.0000	0.0000	0.0000											
67	69	0.6805	8	1	1	1	0	0	0	0	0	N	N	N	N	N	N	N	N	N	N	N	N	0.0000	0.0000	0.0000	0.0000	0.0000	0.0000	0.0000	0.0000	0.0000	0.0000	0.0000	0.0000	0.0000	0.0000	0.0000	0.0000	0.0000	0.0000	0.0000	0.0000	0.6141	1.0000	1.2701	0.0000	0.0000	0.0000	0.0000	0.0000	0.0000	0.0000	0.0000	0.0000	0.0000	0.0000	0.0000	0.0000	0.0000	0.0000	0.0000	0.0000	0.0000	0.0000	0.0333	0.0308	0.0026	0.0251	0.0237	0.0014	0.0083	0.0071	0.0012	0.0024	0.0014	0.0009	0.0014	0.0013	0.0001	0.0010	0.0002	0.0008	0.0000	0.0000	0.0000	0.0000	0.0000	0.0000	0.0000	0.0000	0.0000	0.0000	0.0000	0.0000	0.0000	0.0000	0.0000	0.0000	0.0000	0.0000											
67	70	0.6805	8	1	1	1	0	0	0	0	0	N	N	N	N	N	N	N	N	N	N	N	N	0.0000	0.0000	0.0000	0.0000	0.0000	0.0000	0.0000	0.0000	0.0000	0.0000	0.0000	0.0000	0.0000	0.0000	0.0000	0.0000	0.0000	0.0000	0.0000	0.0000	0.6141	0.0000	1.2701	0.0000	0.0000	0.0000	0.0000	0.0000	0.0000	0.0000	0.0000	0.0000	0.0000	0.0000	0.0000	0.0000	0.0000	0.0000	0.0000	0.0000	0.0000	0.0000	0.0000	0.0000	0.0000	0.0000	0.0000	0.0000	0.0000	0.0000	0.0000	0.0000	0.0000	0.0000	0.0000	0.0000	0.0000	0.0000	0.0000	0.0000	0.0000	0.0000	0.0000	0.0000	0.0000	0.0000	0.0000	0.0000	0.0000	0.0000	0.0000	0.0000	0.0000	0.0000	0.0000	0.0000	0.0000	0.0000											
67	71	0.6581	7	1	1	1	0	0	0	0	0	N	N	N	N	N	N	N	N	N	N	N	N	inf	inf	inf	inf	0.0002	0.0002	0.0000	0.0002	0.0002	0.0000	0.0000	0.0000	0.0000	0.0000	0.0000	0.0000	0.0000	0.0000	0.0000	0.0000	0.0000	0.0000	0.0000	-0.0000	0.0000	0.6141	2.0000	1.2701	1.0000	0.0000	0.0000	0.0000	0.0000	0.0000	0.0000	0.0000	0.0000	0.0000	0.0000	0.0000	0.0000	0.0000	0.0000	0.0000	0.0000	0.0000	0.0000	0.0630	0.0580	0.0049	0.0466	0.0440	0.0026	0.0164	0.0140	0.0024	0.0069	0.0042	0.0028	0.0041	0.0036	0.0004	0.0028	0.0005	0.0023	inf	inf	0.0000	inf	inf	0.0000	0.0000	0.0000	0.0000	0.0000	0.0000	0.0000	0.0000	0.0000	0.0000	0.0000	0.0000	0.0000						
67	72	0.6351	6	1	0	1	0	0	0	0	0	N	N	N	N	N	N	N	N	N	N	N	N	2.6181	inf	0.3829	1.6556	inf	0.0000	inf	inf	inf	0.0001	0.0001	0.0000	0.0002	0.0002	0.0000	0.0000	0.0000	0.0000	0.0000	0.0000	0.0000	0.0001	0.0000	0.0000	0.0000	0.0000	0.0000	0.0004	inf	-0.0000	0.0000	0.6141	1.0017	1.2701	2.0007	0.0000	0.0000	0.0000	0.0000	0.0000	0.0000	0.0000	0.0000	0.0000	0.0000	0.0000	0.0000	0.0000	0.0000	0.0000	0.0000	0.0000	0.0000	0.0497	0.0460	0.0037	0.0279	0.0271	0.0008	0.0218	0.0189	0.0029	0.0079	0.0052	0.0027	0.0048	0.0042	0.0005	0.0031	0.0009	0.0022	156.9179	inf	0.3829	188.2775	inf	0.0000	inf	inf	inf	0.0000	0.0000	0.0000	0.0000	0.0000	0.0000	0.0000	0.0000	0.0000
67	73	0.0570	3	1	1	0	0	0	0	0	0	N	N	N	N	N	N	N	N	N	N	N	N	inf	inf	inf	inf	inf	inf	0.2359	0.2496	0.0000	0.2663	0.2808	0.0000	0.0065	0.0070	0.0000	0.0000	0.0000	0.0000	0.0000	0.0000	0.0000	0.0000	0.0000	0.0000	0.0004	-0.0000	0.0000	0.6141	0.0000	1.2701	0.0000	0.0000	0.0000	0.0000	0.0000	0.0000	0.0000	0.0000	0.0000	0.0000	0.0000	0.0000	0.0000	0.0000	0.0000	0.0000	0.0000	0.0000	0.0000	0.0000	0.0000	0.0000	0.0000	0.0000	0.0000	0.0000	0.0000	0.0000	0.0000	0.0000	0.0000	0.0000	0.0000	0.0000	0.0000	0.0000	0.0000	inf	inf	0.0000	inf	inf	0.0000	inf	inf	0.0000	0.0000	0.0000	0.0000	0.0000	0.0000	0.0000	0.0000	0.0000	0.0000				
67	74	0.6621	7	1	1	0	0	0	0	0	0	N	N	N	N	N	N	N	N	N	N	N	N	0.0000	0.0000	0.0000	0.0000	0.0000	0.0000	0.0000	0.0000	0.0000	0.0000	0.0000	0.0000	0.0000	0.0000	0.0000	0.0000	0.0000	0.0000	0.0000	0.0000	0.6141	0.0000	1.2701	0.0010	0.0000	0.0000	0.0000	0.0000	0.0000	0.0000	0.0000	0.0000	0.0000	0.0000	0.0000	0.0000	0.0000	0.0000	0.0000	0.0000	0.0000	0.0000	0.0000	0.0000	0.0000	0.0000	0.0000	0.0000	0.0000	0.0000	0.0000	0.0014	0.0011	0.0003	0.0007	0.0007	0.0000	0.0007	0.0004	0.0003	0.0000	0.0000	0.0000	0.0000	0.0000	0.0000	0.0000	0.0000	0.0000	0.0000	0.0000	0.0000	0.0000	0.0000	0.0000	0.0000	0.0000	0.0000											
67	75	0.6513	9	0	1	0	1	0	0	0	0	N	N	N	N	N	N	N	N	N	N	N	N	0.0000	0.0000	0.0000	0.0000	0.0000	0.0000	0.0000	0.0000	0.0000	0.0000	0.0000	0.0000	0.0000	0.0000	0.0000	0.0000	0.0000	0.0000	0.0000	0.0000	0.6141	0.0000	1.2701	0.0000	0.0000	0.0000	0.0000	0.0000	0.0000	0.0000	0.0000	0.0000	0.0000	0.0000	0.0000	0.0000	0.0000	0.0000	0.0000	0.0000	0.0000	0.0000	0.0000	0.0000	0.0000	0.0000	0.0000	0.0000	0.0000	0.0000	0.0000	0.0000	0.0000	0.0000	0.0000	0.0000	0.0000	0.0000	0.0000	0.0000	0.0000	0.0000	0.0000	0.0000	0.0000	0.0000	0.0000	0.0000	0.0000	0.0000	0.0000	0.0000	0.0000	0.0000	0.0000	0.0000	0.0000	0.0000											
67	76	0.6513	9	0	0	0	1	0	0	0	0	N	N	N	N	N	N	N	N	N	N	N	N	0.0000	0.0000	0.0000	0.0000	0.0000	0.0000	0.0000	0.0000	0.0000	0.0000	0.0000	0.0000	0.0000	0.0000	0.0000	0.0000	0.0000	0.0000	0.0000	0.0000	0.6141	0.0000	1.2701	0.0000	0.0000	0.0000	0.0000	0.0000	0.0000	0.0000	0.0000	0.0000	0.0000	0.0000	0.0000	0.0000	0.0000	0.0000	0.0000	0.0000	0.0000	0.0000	0.0000	0.0000	0.0000	0.0000	0.0000	0.0000	0.0000	0.0000	0.0000	0.0000	0.0000	0.0000	0.0000	0.0000	0.0000	0.0000	0.0000	0.0000	0.0000	0.0000	0.0000	0.0000	0.0000	0.0000	0.0000	0.0000	0.0000	0.0000	0.0000	0.0000	0.0000	0.0000	0.0000	0.0000	0.0000	0.0000											
67	77	0.6359	8	0	0	0	1	0	0	0	0	N	N	N	N	N	N	N	N	N	N	N	N	46.6381	69.2083	397.5206	146.8854	159.7370	813.9417	81.2524	276.5011	0.1957	0.1385	0.3658	0.1877	0.1943	0.0423	0.2059	0.0000	0.4001	0.0042	0.0020	0.0009	0.0013	0.0012	0.0001	0.0025	0.0000	0.0014	0.8894	0.9082	0.0000	-0.0000	0.6141	0.0002	1.2701	2.9297	0.0000	0.0000	0.0000	0.0000	0.0000	0.0000	0.0000	0.0000	0.0000	0.0000	0.0000	0.0000	0.0000	0.0000	0.0000	0.0000	0.0000	0.0000	0.0000	0.0000	0.0000	0.0000	0.0000	0.0000	0.0000	0.0000	0.0000	0.0216	0.0137	0.0079	0.0150	0.0120	0.0030	0.0067	0.0017	0.0049	275.8739	235.7501	397.5206	342.7646	289.2451	813.9417	191.7514	0.0000	276.5011	0.0007	0.0006	0.0009	0.0005	0.0007	0.0001	0.0011	0.0000	0.0014	
67	78	0.6319	7	0	0	0	1	0	0	0	0	N	N	N	N	N	N	N	N	N	N	N	N	76.8456	112.3730	1701.9584	145.2278	187.8369	0.0000	545.3521	245.9751	3511.3029	0.3274	0.2476	1.4494	0.2641	0.2776	0.0000	0.5270	0.1450	3.2561	0.0043	0.0022	0.0009	0.0018	0.0015	0.0002	0.0010	0.0006	0.0009	0.4164	0.9751	0.0000	-0.0000	0.6141	0.0003	1.2701	2.1916	0.0000	0.0000	0.0000	0.0000	0.0000	0.0000	0.0000	0.0000	0.0000	0.0000	0.0000	0.0000	0.0000	0.0000	0.0000	0.0000	0.0000	0.0000	0.0000	0.0000	0.0000	0.0000	0.0000	0.0000	0.0000	0.0000	0.0000	0.0088	0.0051	0.0037	0.0044	0.0040	0.0004	0.0044	0.0012	0.0033	456.1649	397.8714	1701.9584	351.2091	345.2670	0.0000	770.6878	31309.4887	3511.3029	0.0007	0.0006	0.0009	0.0008	0.0008	0.0002	0.0007	0.0000	0.0009
67	79	0.6241	6	0	0	0	0	0	0	0	0	N	N	N	N	N	N	N	N	N	N	N	N	0.2499	0.1838	8.2331	0.1412	0.1364	inf	1012.6500	inf	0.0000	0.3228	0.3409	0.0051	0.2989	0.3145	0.0061	0.5374	0.5860	0.0000	1.2914	1.8542	0.0006	2.1173	2.3062	0.0000	0.0005	0.0000	0.0007	0.0009	0.0023	-0.0081	-0.0003	0.6141	0.2782	1.2701	1.3600	0.0313	0.0312	0.0000	0.0260	0.0260	0.0000	0.0052	0.0052	0.0000	0.0005	0.0005	0.0000	0.0005	0.0005	0.0000	0.0000	0.0000	0.0000	0.0968	0.0916	0.0052	0.0871	0.0827	0.0044	0.0097	0.0089	0.0008	0.0047	0.0029	0.0019	0.0023	0.0020	0.0003	0.0024	0.0008	0.0016	2.9879	1.9103	8.2331	1.3738	1.2596	inf	1100.2645	inf	0.0000	0.1080	0.1784	0.0006	0.2176	0.2497	0.0000	0.0005	0.0000	0.0007
67	80	0.6677	8	0	1	1	0	0	0	0	0	N	N	N	N	N	N	N	N	N	N	N	N	0.2473	0.0311	26.1690	1.5725	0.1590	inf	0.1406	2.2710	0.0055	0.0005	0.0484	0.0094	0.0008	0.2738	0.0010	0.0000	0.0052	0.0222	0.0155	0.0018	0.0060	0.0052	0.0000	0.0070	0.0000	0.0023	11.7098	0.3644	0.0000	-0.0000	0.6141	0.0029	1.2701	2.0135	0.0000	0.0000	0.0000	0.0000	0.0000	0.0000	0.0000	0.0000	0.0000	0.0000	0.0000	0.0000	0.0000	0.0000	0.0000	0.0000	0.0000	0.0000	0.0002	0.0002	0.0000	0.0001	0.0001	0.0000	0.0001	0.0001	0.0000	0.0073	0.0052	0.0021	0.0050	0.0046	0.0004	0.0023	0.0006	0.0017	2.7698	0.2368	26.1690	4.4514	0.3633	inf	0.5764	0.0000	2.2710	0.0020	0.0020	0.0018	0.0021	0.0023	0.0000	0.0017	0.0000	0.0023	
67	81	0.6611	7	0	1	0	0	0	0	0	0	N	N	N	N	N	N	N	N	N	N	N	N	0.0254	0.1207	0.4601	0.4643	0.5331	5.1359	0.0087	0.0164	0.3351	0.0020	0.0018	0.0035	0.0030	0.0029	0.0065	0.0003	0.0000	0.0022	0.0782	0.0152	0.0077	0.0065	0.0054	0.0013	0.0384	0.0008	0.0065	0.1767	1.5513	-0.0000	0.0000	0.6141	0.6188	1.2701	0.9475	0.0001	0.0001	0.0000	0.0001	0.0001	0.0000	0.0000	0.0000	0.0000	0.0000	0.0000	0.0000	0.0000	0.0000	0.0000	0.0000	0.0000	0.0000	0.0420	0.0384	0.0035	0.0257	0.0246	0.0011	0.0163	0.0139	0.0024	0.0052	0.0033	0.0019	0.0032	0.0029	0.0003	0.0020	0.0005	0.0015	0.6013	0.9133	0.6318	1.3707	1.2289	6.3316	0.0668	1.5166	0.3351	0.0033	0.0020	0.0056	0.0022	0.0023	0.0010	0.0050	0.0000	0.0065
67	82	0.0602	3	0	1	1	0	0	0	0	0	N	N	N	N	N	N	N	N	N	N	N	N	0.0000	0.0000	0.0000	0.0000	0.0000	0.0000	0.0000	0.0000	0.0000	0.0000	0.0000	0.0000	0.0000	0.0226	0.1788	0.0000	0.9706	0.8974	0.0000	0.0000	0.0000	0.0000	0.0000	0.0000	-0.0000	0.6141	0.0000	1.2701	1.0000	0.0000	0.0000	0.0000	0.0000	0.0000	0.0000	0.0000	0.0000	0.0000	0.0000	0.0000	0.0000	0.0000	0.0000	0.0000	0.0000	0.0000	0.0000	0.0000	0.0000	0.0000	0.0000	0.0000	0.0000	0.0000	0.0000	0.0000	0.0049	0.0018	0.0031	0.0002	0.0002	0.0000	0.0048	0.0017	0.0031	0.0000	0.0000	0.0000	0.0000	0.0000	0.0000	0.0000	0.0000	0.0000	0.0020	0.0055	0.0000	0.0635	0.0664	0.0000	0.0000	0.0000	0.0000						
67	83	0.6351	6	1	0	1	0	0	0	0	0	N	N	N	N	N	N	N	N	N	N	N	N	1.5968	0.3979	131.2542	1.3317	1.4759	1011.4792	5.2882	131.9125	0.0250	0.0028	0.2969	0.0048	0.0049	0.0017	0.0489	0.0000	0.3754	0.0157	0.0070	0.0023	0.0036	0.0033	0.0000	0.0092	0.0000	0.0028	8.7499	0.9382	0.0057	-0.0000	0.6141	9.0001	1.2701	3.0001	0.0090	0.0009	0.0081	0.0009	0.0009	0.0000	0.0081	0.0000	0.0081	0.0000	0.0000	0.0000	0.0000	0.0000	0.0000	0.0000	0.0000	0.0000	0.3598	0.3326	0.0272	0.1947	0.1890	0.0057	0.1650	0.1435	0.0215	0.0292	0.0191	0.0101	0.0176	0.0156	0.0021	0.0116	0.0035	0.0081	15.4254	2.1667	131.2542	3.4551	3.1065	1011.4792	24.6955	0.0000	131.9125	0.0016	0.0013	0.0023	0.0014	0.0016	0.0000	0.0020	0.0000	0.0028	
67	84	0.0378	2	1	0	1	0	0	0	0	0	N	N	N	N	N	N	N	N	N	N	N	N	inf	inf	inf	inf	0.0001	0.0001	0.0000	0.0003	0.0003	0.0000	0.0000	0.0000	0.0000	0.0000	0.0000	0.0000	0.0000	0.0000	0.0000	0.0000	0.0000	0.0000	0.0000	-0.0000	0.0000	0.6141	4.0000	1.2701	0.0000	0.0000	0.0000	0.0000	0.0000	0.0000	0.0000	0.0000	0.0000	0.0000	0.0000	0.0000	0.0000	0.0000	0.0000	0.0000	0.0000	0.0000	0.0000	0.1089	0.0990	0.0099	0.0384	0.0366	0.0018	0.0705	0.0624	0.0081	0.0516	0.0395	0.0121	0.0179	0.0175	0.0004	0.0337	0.0220	0.0117	inf	inf	0.0000	inf	inf	0.0000	0.0000	0.0000	0.0000	0.0000	0.0000	0.0000	0.0000	0.0000	0.0000	0.0000	0.0000	0.0000						
67	85	0.0839	3	1	1	0	0	0	0	0	0	N	N	N	N	N	N	N	N	N	N	N	N	0.4048	0.7867	4.9557	1.7785	2.2623	5.8084	1.4332	0.0001	12.9191	0.1773	0.1145	0.3885	0.1974	0.2008	0.0411	0.1609	0.0000	0.4037	0.4379	0.1456	0.0784	0.1110	0.0888	0.0071	0.1123	0.0016	0.0312	1.0082	1.5808	0.0029	0.0000	0.6141	1.0086	1.2701	1.7435	0.0121	0.0060	0.0061	0.0060	0.0060	0.0000	0.0060	0.0000	0.0060	0.0004	0.0002	0.0003	0.0002	0.0002	0.0000	0.0003	0.0000	0.0003	0.0681	0.0525	0.0156	0.0306	0.0299	0.0007	0.0375	0.0226	0.0149	0.0438	0.0325	0.0113	0.0161	0.0157	0.0004	0.0277	0.0167	0.0109	18.3029	22.6497	16.8739	19.2287	19.3159	9.0967	17.2088	0.0043	17.0850	0.0097	0.0051	0.0230	0.0103	0.0104	0.0045	0.0093	0.0000	0.0236
67	86	0.0378	2	1	1	0	0	0	0	0	0	N	N	N	N	N	N	N	N	N	N	N	N	0.0001	0.0001	0.0000	0.0008	0.0010	0.0000	0.0001	0.0000	0.0000	0.0000	0.0000	0.0000	0.0001	0.0001	0.0000	0.0000	0.0000	0.0000	0.5123	0.3811	0.0785	0.1113	0.0916	0.0002	0.1837	0.3042	0.0316	0.0000	0.9263	-0.0000	-0.0000	0.6141	1.0165	1.2701	4.1395	0.0000	0.0000	0.0000	0.0000	0.0000	0.0000	0.0000	0.0000	0.0000	0.0007	0.0004	0.0004	0.0002	0.0002	0.0000	0.0005	0.0002	0.0004	0.0309	0.0280	0.0029	0.0107	0.0102	0.0005	0.0202	0.0178	0.0024	0.0642	0.0491	0.0151	0.0221	0.0217	0.0004	0.0421	0.0274	0.0147	0.0032	0.0052	0.0000	0.0084	0.0086	0.0000	0.0008	0.0019	0.0000	0.0114	0.0078	0.0233	0.0104	0.0106	0.0002	0.0120	0.0055	0.0240
67	87	0.5939	5	1	1	0	0	0	0	0	0	N	N	N	N	N	N	N	N	N	N	N	N	0.0066	0.0050	0.0000	0.0071	0.0071	0.0000	0.0002	0.0000	0.0000	0.0084	0.0091	0.0000	0.0138	0.0144	0.0000	0.0001	0.0001	0.0000	1.2757	1.8055	0.0007	1.9355	2.0131	0.0060	0.3361	2.2543	0.0000	0.0000	0.0028	-0.0009	-0.0019	0.6141	9.0005	1.2701	5.0000	0.0035	0.0035	0.0000	0.0035	0.0035	0.0000	0.0000	0.0000	0.0000	0.0036	0.0036	0.0000	0.0032	0.0032	0.0000	0.0004	0.0004	0.0000	0.4142	0.3833	0.0309	0.2508	0.2413	0.0095	0.1634	0.1420	0.0214	0.0357	0.0220	0.0137	0.0184	0.0160	0.0024	0.0173	0.0060	0.0113	0.0824	0.0551	0.0000	0.0793	0.0719	0.0000	0.0025	0.0010	0.0000	0.1019	0.1648	0.0007	0.1745	0.1998	0.0042	0.0248	0.0714	0.0000
67	88	0.0602	3	0	1	0	0	0	0	0	0	N	N	N	N	N	N	N	N	N	N	N	N	0.0000	0.0000	0.0000	0.0000	0.0000	0.0000	0.0000	0.0000	0.0000	0.0000	0.0000	0.0000	0.0000	0.0000	0.0000	0.0000	0.0000	0.0000	0.0000	0.0000	0.6141	0.0000	1.2701	0.0000	0.0000	0.0000	0.0000	0.0000	0.0000	0.0000	0.0000	0.0000	0.0000	0.0000	0.0000	0.0000	0.0000	0.0000	0.0000	0.0000	0.0000	0.0000	0.0000	0.0000	0.0000	0.0000	0.0000	0.0000	0.0000	0.0000	0.0000	0.0000	0.0000	0.0000	0.0000	0.0000	0.0000	0.0000	0.0000	0.0000	0.0000	0.0000	0.0000	0.0000	0.0000	0.0000	0.0000	0.0000	0.0000	0.0000	0.0000	0.0000	0.0000	0.0000	0.0000	0.0000	0.0000	0.0000											
67	89	0.6611	7	0	1	0	0	0	0	0	0	N	N	N	N	N	N	N	N	N	N	N	N	0.0000	0.0000	0.0000	0.0000	0.0000	0.0000	0.0000	0.0000	0.0000	0.0000	0.0000	0.0000	0.0000	0.0000	0.0000	0.0000	0.0002	0.0004	0.0000	0.0006	0.0006	0.0000	0.0000	0.0000	0.0000	0.0741	0.0000	-0.0000	0.6141	1.9953	1.2701	1.0817	0.0000	0.0000	0.0000	0.0000	0.0000	0.0000	0.0000	0.0000	0.0000	0.0000	0.0000	0.0000	0.0000	0.0000	0.0000	0.0000	0.0000	0.0000	0.1041	0.0959	0.0082	0.0593	0.0572	0.0020	0.0449	0.0387	0.0061	0.0090	0.0059	0.0031	0.0056	0.0050	0.0006	0.0034	0.0009	0.0025	0.0000	0.0000	0.0000	0.0000	0.0000	0.0000	0.0000	0.0000	0.0000	0.0001	0.0001	0.0000	0.0001	0.0001	0.0000	0.0000	0.0000	0.0000			
67	90	0.6351	6	0	1	0	0	0	0	0	0	N	N	N	N	N	N	N	N	N	N	N	N	0.1433	0.1803	0.0158	0.7373	0.7976	0.2151	0.0020	0.0017	0.0161	0.0024	0.0026	0.0000	0.0043	0.0044	0.0000	0.0000	0.0000	0.0000	0.0167	0.0144	0.0013	0.0058	0.0056	0.0000	0.0027	0.0014	0.0016	0.0006	0.3415	-0.0001	-0.0000	0.6141	2.3999	1.2701	4.0713	0.0003	0.0003	0.0000	0.0003	0.0003	0.0000	0.0000	0.0000	0.0000	0.0000	0.0000	0.0000	0.0000	0.0000	0.0000	0.0000	0.0000	0.0000	0.1143	0.1057	0.0086	0.0637	0.0618	0.0019	0.0506	0.0439	0.0067	0.0165	0.0108	0.0057	0.0100	0.0088	0.0012	0.0065	0.0020	0.0046	1.4022	1.3288	0.0158	2.0423	1.8609	0.2151	0.0049	0.0787	0.0161	0.0017	0.0019	0.0013	0.0021	0.0024	0.0000	0.0011	0.0000	0.0016
67	91	0.6561	7	0	0	1	0	0	0	0	0	N	N	N	N	N	N	N	N	N	N	N	N	0.0000	0.0000	0.0000	0.0000	0.0000	0.0000	0.0000	0.0000	0.0000	0.0000	0.0000	0.0000	0.0000	0.0000	0.0000	0.0000	0.0000	0.0000	0.0000	0.0000	0.6141	0.0000	1.2701	0.0000	0.0000	0.0000	0.0000	0.0000	0.0000	0.0000	0.0000	0.0000	0.0000	0.0000	0.0000	0.0000	0.0000	0.0000	0.0000	0.0000	0.0000	0.0000	0.0000	0.0000	0.0000	0.0000	0.0000	0.0000	0.0000	0.0000	0.0000	0.0000	0.0000	0.0000	0.0000	0.0000	0.0000	0.0000	0.0000	0.0000	0.0000	0.0000	0.0000	0.0000	0.0000	0.0000	0.0000	0.0000	0.0000	0.0000	0.0000	0.0000	0.0000	0.0000	0.0000	0.0000	0.0000	0.0000											
67	92	0.6241	6	0	0	1	0	0	0	0	0	N	N	N	N	N	N	N	N	N	N	N	N	0.1819	0.1398	0.0363	0.1317	0.1366	1146.7007	0.0111	inf	0.0000	0.3381	0.3633	0.0035	0.4863	0.5087	0.0080	0.0035	0.0040	0.0000	1.8586	2.5980	0.0974	3.6910	3.7233	0.0000	0.3157	0.0000	0.0395	0.0007	0.0272	-0.0219	-0.0039	0.6141	3.7221	1.2701	2.9993	0.0845	0.0845	0.0001	0.0843	0.0842	0.0001	0.0003	0.0003	0.0000	0.0079	0.0076	0.0002	0.0076	0.0076	0.0000	0.0002	0.0000	0.0002	0.2501	0.2325	0.0176	0.1733	0.1656	0.0077	0.0768	0.0670	0.0098	0.0185	0.0112	0.0073	0.0092	0.0080	0.0012	0.0093	0.0032	0.0061	0.7978	0.5327	0.1244	0.5874	0.5345	1146.7007	0.1569	inf	0.0000	0.4237	0.6819	0.0284	0.8279	0.9516	0.0000	0.0224	0.0000	0.0340
67	93	0.5939	5	0	0	0	0	0	0	0	0	N	N	N	N	N	N	N	N	N	N	N	N	inf	inf	inf	inf	inf	inf	0.5462	0.5899	0.0000	0.7372	0.7667	0.0000	0.2386	0.2747	0.0000	0.0000	0.0000	0.0000	0.0000	0.0000	0.0000	0.0000	0.0000	0.0000	0.0000	-0.0211	0.0000	0.6141	2.7217	1.2701	3.0458	0.0811	0.0811	0.0000	0.0675	0.0675	0.0000	0.0136	0.0136	0.0000	0.0000	0.0000	0.0000	0.0000	0.0000	0.0000	0.0000	0.0000	0.0000	0.1484	0.1374	0.0110	0.0916	0.0880	0.0035	0.0569	0.0494	0.0075	0.0158	0.0097	0.0061	0.0081	0.0071	0.0010	0.0077	0.0027	0.0051	inf	inf	0.0000	inf	inf	0.0000	inf	inf	0.0000	0.0000	0.0000	0.0000	0.0000	0.0000	0.0000	0.0000	0.0000	0.0000				
67	94	0.6514	7	1	1	0	0	0	0	0	0	N	N	N	N	N	N	N	N	N	N	N	N	0.0000	0.0000	0.0000	0.0000	0.0000	0.0000	0.0000	0.0000	0.0000	0.0000	0.0000	0.0000	0.0000	0.0000	0.0000	0.0000	0.0000	0.0000	1.4069	1.9321	0.0060	2.0682	2.1915	0.0503	0.5677	2.9068	0.0000	0.0000	0.0112	-0.0000	-0.0019	0.6141	5.9980	1.2701	4.9575	0.0000	0.0000	0.0000	0.0000	0.0000	0.0000	0.0000	0.0000	0.0000	0.0036	0.0036	0.0000	0.0032	0.0032	0.0000	0.0004	0.0004	0.0000	0.2599	0.2408	0.0190	0.1458	0.1416	0.0043	0.1141	0.0993	0.0148	0.0248	0.0169	0.0079	0.0156	0.0137	0.0019	0.0092	0.0032	0.0060	0.0000	0.0000	0.0000	0.0000	0.0000	0.0000	0.0000	0.0000	0.0000	0.1461	0.2117	0.0051	0.2049	0.2301	0.0212	0.0465	0.1330	0.0000
67	95	0.0602	3	1	1	0	0	0	0	0	0	N	N	N	N	N	N	N	N	N	N	N	N	0.0000	0.0000	0.0000	0.0000	0.0000	0.0000	0.0000	0.0000	0.0000	0.0000	0.0000	0.0000	0.0000	0.0000	0.0000	0.0000	0.0000	0.0000	0.0000	0.0000	0.6141	0.0000	1.2701	2.0000	0.0000	0.0000	0.0000	0.0000	0.0000	0.0000	0.0000	0.0000	0.0000	0.0000	0.0000	0.0000	0.0000	0.0000	0.0000	0.0000	0.0000	0.0000	0.0000	0.0000	0.0000	0.0000	0.0000	0.0000	0.0000	0.0000	0.0000	0.0097	0.0036	0.0062	0.0003	0.0003	0.0000	0.0094	0.0033	0.0062	0.0000	0.0000	0.0000	0.0000	0.0000	0.0000	0.0000	0.0000	0.0000	0.0000	0.0000	0.0000	0.0000	0.0000	0.0000	0.0000	0.0000	0.0000											
67	96	0.0378	2	0	1	0	0	0	0	0	0	N	N	N	N	N	N	N	N	N	N	N	N	inf	inf	inf	inf	0.0001	0.0001	0.0000	0.0003	0.0003	0.0000	0.0000	0.0000	0.0000	0.0000	0.0000	0.0000	0.0000	0.0000	0.0000	0.0000	0.0000	0.0000	0.0000	-0.0000	0.0000	0.6141	4.0000	1.2701	0.0000	0.0000	0.0000	0.0000	0.0000	0.0000	0.0000	0.0000	0.0000	0.0000	0.0000	0.0000	0.0000	0.0000	0.0000	0.0000	0.0000	0.0000	0.0000	0.1089	0.0990	0.0099	0.0384	0.0366	0.0018	0.0705	0.0624	0.0081	0.0516	0.0395	0.0121	0.0179	0.0175	0.0004	0.0337	0.0220	0.0117	inf	inf	0.0000	inf	inf	0.0000	0.0000	0.0000	0.0000	0.0000	0.0000	0.0000	0.0000	0.0000	0.0000	0.0000	0.0000	0.0000						
67	97	0.5939	5	0	0	0	0	0	0	0	0	N	N	N	N	N	N	N	N	N	N	N	N	inf	inf	inf	inf	0.0000	0.0001	0.0000	0.0001	0.0001	0.0000	0.0000	0.0000	0.0000	0.0000	0.0000	0.0000	0.0000	0.0000	0.0000	0.0000	0.0000	0.0000	0.0000	-0.0000	0.0000	0.6141	3.9994	1.2701	4.0000	0.0000	0.0000	0.0000	0.0000	0.0000	0.0000	0.0000	0.0000	0.0000	0.0000	0.0000	0.0000	0.0000	0.0000	0.0000	0.0000	0.0000	0.0000	0.2104	0.1948	0.0156	0.1293	0.1243	0.0049	0.0811	0.0705	0.0107	0.0215	0.0132	0.0083	0.0110	0.0096	0.0014	0.0105	0.0036	0.0069	inf	inf	0.0000	inf	inf	0.0000	0.0000	0.0000	0.0000	0.0000	0.0000	0.0000	0.0000	0.0000	0.0000	0.0000	0.0000	0.0000						
67	98	0.0378	2	0	0	0	0	0	0	0	0	N	N	N	N	N	N	N	N	N	N	N	N	0.0000	0.0000	0.0000	0.0000	0.0000	0.0000	0.0000	0.0000	0.0000	0.0000	0.0000	0.0000	0.0000	0.0000	0.0000	0.0000	0.0000	0.0000	0.0000	0.0000	0.6141	1.0000	1.2701	0.0000	0.0000	0.0000	0.0000	0.0000	0.0000	0.0000	0.0000	0.0000	0.0000	0.0000	0.0000	0.0000	0.0000	0.0000	0.0000	0.0000	0.0000	0.0000	0.0543	0.0493	0.0050	0.0189	0.0180	0.0009	0.0354	0.0313	0.0041	0.0254	0.0195	0.0059	0.0089	0.0087	0.0002	0.0165	0.0108	0.0057	0.0000	0.0000	0.0000	0.0000	0.0000	0.0000	0.0000	0.0000	0.0000	0.0000	0.0000	0.0000	0.0000	0.0000	0.0000	0.0000	0.0000	0.0000											
67	99	0.4829	4	0	0	0	0	0	0	0	0	N	N	N	N	N	N	N	N	N	N	N	N	0.6513	3.0496	0.0000	5.0740	8.3570	0.0001	1.4002	3228.2464	0.0000	0.7335	0.9172	0.0000	0.4921	0.6601	0.0000	1.4284	1.4943	0.0000	1.1263	0.3007	0.5129	0.0970	0.0790	0.0065	1.0202	0.0005	0.2543	0.0000	14.4512	-0.0592	0.0013	0.6141	1.5982	1.2701	11.1970	0.2276	0.2276	0.0000	0.1133	0.1133	0.0000	0.1143	0.1143	0.0000	0.0032	0.0002	0.0030	0.0002	0.0002	0.0000	0.0030	0.0000	0.0030	0.3102	0.2481	0.0621	0.2303	0.1717	0.0586	0.0800	0.0765	0.0035	0.0523	0.0300	0.0222	0.0228	0.0209	0.0019	0.0295	0.0092	0.0203	12.0471	133.7415	0.0000	52.3028	66.8116	0.0002	14.1877	503231.5948	0.0000	0.0609	0.0069	0.1339	0.0094	0.0099	0.0044	0.1007	0.0000	0.1463
67	100	0.6529	8	1	1	1	0	0	0	0	0	N	N	N	N	N	N	N	N	N	N	N	N	0.0000	0.0000	0.0000	0.0000	0.0000	0.0000	0.0000	0.0000	0.0000	0.0000	0.0000	0.0000	0.0000	0.0000	0.3811	0.5699	0.0000	0.1733	0.1803	0.0000	0.0000	0.0000	0.0000	0.0001	0.0000	-0.0000	0.6141	0.0000	1.2701	0.9982	0.0000	0.0000	0.0000	0.0000	0.0000	0.0000	0.0000	0.0000	0.0000	0.0000	0.0000	0.0000	0.0000	0.0000	0.0000	0.0000	0.0000	0.0000	0.0023	0.0021	0.0002	0.0019	0.0018	0.0001	0.0004	0.0003	0.0001	0.0025	0.0017	0.0008	0.0016	0.0014	0.0002	0.0009	0.0003	0.0006	0.0000	0.0000	0.0000	0.0000	0.0000	0.0000	0.0000	0.0000	0.0000	0.0080	0.0118	0.0000	0.0127	0.0144	0.0000	0.0000	0.0000	0.0000					
67	101	0.0725	5	1	1	1	0	0	0	0	0	N	N	N	N	N	N	N	N	N	N	N	N	0.0000	0.0000	0.0000	0.0000	0.0000	0.0000	0.0000	0.0000	0.0000	0.0000	0.0000	0.0000	0.0000	0.0000	0.0000	0.0000	0.0000	0.0000	0.0000	0.0000	0.6141	0.0000	1.2701	0.0000	0.0000	0.0000	0.0000	0.0000	0.0000	0.0000	0.0000	0.0000	0.0000	0.0000	0.0000	0.0000	0.0000	0.0000	0.0000	0.0000	0.0000	0.0000	0.0000	0.0000	0.0000	0.0000	0.0000	0.0000	0.0000	0.0000	0.0000	0.0000	0.0000	0.0000	0.0000	0.0000	0.0000	0.0000	0.0000	0.0000	0.0000	0.0000	0.0000	0.0000	0.0000	0.0000	0.0000	0.0000	0.0000	0.0000	0.0000	0.0000	0.0000	0.0000	0.0000	0.0000	0.0000	0.0000											
67	102	0.0725	4	1	0	1	0	0	0	0	0	N	N	N	N	N	N	N	N	N	N	N	N	0.0000	0.0000	0.0000	0.0000	0.0000	0.0000	0.0000	0.0000	0.0000	0.0000	0.0000	0.0000	0.0000	0.0000	0.0000	0.0000	0.0000	0.0000	0.0000	0.0000	0.6141	0.0000	1.2701	0.0000	0.0000	0.0000	0.0000	0.0000	0.0000	0.0000	0.0000	0.0000	0.0000	0.0000	0.0000	0.0000	0.0000	0.0000	0.0000	0.0000	0.0000	0.0000	0.0000	0.0000	0.0000	0.0000	0.0000	0.0000	0.0000	0.0000	0.0000	0.0000	0.0000	0.0000	0.0000	0.0000	0.0000	0.0000	0.0000	0.0000	0.0000	0.0000	0.0000	0.0000	0.0000	0.0000	0.0000	0.0000	0.0000	0.0000	0.0000	0.0000	0.0000	0.0000	0.0000	0.0000	0.0000	0.0000											
67	103	0.0664	3	1	0	1	0	0	0	0	0	N	N	N	N	N	N	N	N	N	N	N	N	0.0000	0.0000	0.0000	0.0000	0.0000	0.0000	0.0000	0.0000	0.0000	0.0000	0.0000	0.0000	0.0000	0.0000	0.0000	0.0000	0.0000	0.0000	-0.0000	0.0000	0.6141	0.0000	1.2701	1.0091	0.0000	0.0000	0.0000	0.0000	0.0000	0.0000	0.0000	0.0000	0.0000	0.0000	0.0000	0.0000	0.0000	0.0000	0.0000	0.0000	0.0000	0.0000	0.0000	0.0000	0.0000	0.0000	0.0000	0.0000	0.0000	0.0000	0.0000	0.0050	0.0018	0.0032	0.0002	0.0002	0.0000	0.0049	0.0017	0.0032	0.0000	0.0000	0.0000	0.0000	0.0000	0.0000	0.0000	0.0000	0.0000	0.0000	0.0000	0.0000	0.0000	0.0000	0.0000	0.0000	0.0000	0.0000											
67	104	0.5939	5	0	1	0	0	0	0	0	0	N	N	N	N	N	N	N	N	N	N	N	N	inf	inf	inf	inf	inf	inf	inf	inf	inf	0.3062	0.3259	0.0615	0.4225	0.4315	0.1946	0.1265	0.1453	0.0018	0.0000	0.0000	0.0000	0.0000	0.0000	0.0000	0.0000	0.0000	0.0000	0.0152	-0.0284	0.0000	0.6141	7.9994	1.2701	4.0001	0.1157	0.1140	0.0017	0.0969	0.0952	0.0017	0.0188	0.0187	0.0000	0.0000	0.0000	0.0000	0.0000	0.0000	0.0000	0.0000	0.0000	0.0000	0.3778	0.3496	0.0281	0.2294	0.2207	0.0087	0.1484	0.1290	0.0194	0.0311	0.0192	0.0119	0.0160	0.0139	0.0021	0.0151	0.0052	0.0099	inf	inf	inf	inf	inf	inf	inf	inf	inf	0.0000	0.0000	0.0000	0.0000	0.0000	0.0000	0.0000	0.0000	0.0000	
67	105	0.6564	9	1	0	1	0	0	0	0	0	N	N	N	N	N	N	N	N	N	N	N	N	0.0000	0.0000	0.0008	0.0000	0.0000	0.0516	0.0001	0.0019	0.0001	0.0001	0.0007	0.0001	0.0001	0.0000	0.0001	0.0000	0.0009	2.3634	3.0101	0.8371	4.5921	4.6605	0.0002	1.3837	0.0000	0.4555	0.9637	0.0639	0.0000	-0.0025	0.6141	1.0000	1.2701	1.0005	0.0000	0.0000	0.0000	0.0000	0.0000	0.0000	0.0000	0.0000	0.0000	0.0053	0.0050	0.0003	0.0050	0.0050	0.0000	0.0003	0.0000	0.0003	0.0493	0.0457	0.0036	0.0281	0.0273	0.0008	0.0212	0.0184	0.0028	0.0049	0.0033	0.0015	0.0031	0.0027	0.0004	0.0018	0.0006	0.0012	0.0001	0.0000	0.0032	0.0001	0.0001	0.0516	0.0006	0.0000	0.0032	1.0912	1.4986	0.2076	1.6234	1.8409	0.0002	0.1779	0.0000	0.2719	
67	106	0.6529	8	1	0	1	0	0	0	0	0	N	N	N	N	N	N	N	N	N	N	N	N	0.0118	0.0221	0.3547	0.0213	0.0620	0.0000	0.4950	0.0031	2.9674	0.0001	0.0001	0.0009	0.0001	0.0001	0.0000	0.0002	0.0000	0.0012	0.0110	0.0032	0.0025	0.0052	0.0018	0.0167	0.0003	0.0019	0.0004	0.9660	1.4003	0.0000	0.0000	0.6141	0.7249	1.2701	0.0368	0.0000	0.0000	0.0000	0.0000	0.0000	0.0000	0.0000	0.0000	0.0000	0.0000	0.0000	0.0000	0.0000	0.0000	0.0000	0.0000	0.0000	0.0000	0.0382	0.0354	0.0028	0.0223	0.0217	0.0007	0.0159	0.0137	0.0021	0.0019	0.0013	0.0006	0.0012	0.0011	0.0001	0.0007	0.0002	0.0005	0.0973	0.0874	0.3547	0.0559	0.1140	0.0000	0.5888	0.1334	2.9674	0.0013	0.0008	0.0025	0.0020	0.0010	0.0092	0.0003	0.0000	0.0004
67	107	0.6514	7	1	0	1	0	0	0	0	0	N	N	N	N	N	N	N	N	N	N	N	N	0.0017	0.0042	0.1492	0.0076	0.0186	0.0005	0.0280	0.0000	0.7855	0.0002	0.0001	0.0015	0.0002	0.0002	0.0000	0.0003	0.0000	0.0020	0.1247	0.0278	0.0099	0.0234	0.0098	0.0453	0.0096	0.0188	0.0026	0.9840	1.0132	0.0000	-0.0000	0.6141	0.4159	1.2701	0.0887	0.0000	0.0000	0.0000	0.0000	0.0000	0.0000	0.0000	0.0000	0.0000	0.0000	0.0000	0.0000	0.0000	0.0000	0.0000	0.0000	0.0000	0.0000	0.0231	0.0214	0.0016	0.0140	0.0136	0.0005	0.0090	0.0078	0.0012	0.0014	0.0010	0.0004	0.0009	0.0008	0.0001	0.0005	0.0002	0.0003	0.0551	0.0418	0.2336	0.0355	0.0567	0.0013	0.1346	0.0000	0.7855	0.0039	0.0028	0.0063	0.0050	0.0032	0.0188	0.0020	0.0010	0.0026
67	108	0.6351	6	1	0	0	0	0	0	0	0	N	N	N	N	N	N	N	N	N	N	N	N	0.2147	0.1717	1.1606	0.2358	0.2548	0.0000	0.1475	0.0003	1.2222	0.0001	0.0001	0.0002	0.0002	0.0002	0.0000	0.0000	0.0000	0.0002	0.0005	0.0006	0.0002	0.0008	0.0007	0.0000	0.0002	0.0036	0.0002	0.1388	0.3211	-0.0000	-0.0000	0.6141	3.9943	1.2701	0.9974	0.0000	0.0000	0.0000	0.0000	0.0000	0.0000	0.0000	0.0000	0.0000	0.0000	0.0000	0.0000	0.0000	0.0000	0.0000	0.0000	0.0000	0.0000	0.1819	0.1682	0.0137	0.1006	0.0976	0.0030	0.0814	0.0706	0.0107	0.0129	0.0084	0.0045	0.0078	0.0069	0.0009	0.0051	0.0015	0.0036	0.5042	0.4136	1.1606	0.7079	0.6523	0.0000	0.1756	0.0071	1.2222	0.0002	0.0003	0.0002	0.0003	0.0003	0.0000	0.0002	0.0002	0.0002
67	109	0.0664	3	1	0	1	0	0	0	0	0	N	N	N	N	N	N	N	N	N	N	N	N	0.0000	0.0000	0.0000	0.0000	0.0000	0.0000	0.0000	0.0000	0.0000	0.0000	0.0000	0.0000	0.0000	0.0000	0.0000	0.0000	0.0000	0.0000	-0.0000	0.0000	0.6141	0.0000	1.2701	0.9909	0.0000	0.0000	0.0000	0.0000	0.0000	0.0000	0.0000	0.0000	0.0000	0.0000	0.0000	0.0000	0.0000	0.0000	0.0000	0.0000	0.0000	0.0000	0.0000	0.0000	0.0000	0.0000	0.0000	0.0000	0.0000	0.0000	0.0000	0.0049	0.0018	0.0032	0.0002	0.0002	0.0000	0.0048	0.0016	0.0031	0.0000	0.0000	0.0000	0.0000	0.0000	0.0000	0.0000	0.0000	0.0000	0.0000	0.0000	0.0000	0.0000	0.0000	0.0000	0.0000	0.0000	0.0000											
67	110	0.0378	2	1	0	1	0	0	0	0	0	N	N	N	N	N	N	N	N	N	N	N	N	inf	inf	inf	inf	inf	inf	1.0306	1.1336	0.0000	2.4336	2.5540	0.0000	0.2661	0.3006	0.0000	0.0000	0.0000	0.0000	0.0000	0.0000	0.0000	0.0000	0.0000	0.0000	0.0000	-0.0292	0.0000	0.6141	4.0000	1.2701	0.0000	0.1122	0.1122	0.0000	0.0935	0.0935	0.0000	0.0188	0.0188	0.0000	0.0000	0.0000	0.0000	0.0000	0.0000	0.0000	0.0000	0.0000	0.0000	0.1089	0.0990	0.0099	0.0384	0.0366	0.0018	0.0705	0.0624	0.0081	0.0516	0.0395	0.0121	0.0179	0.0175	0.0004	0.0337	0.0220	0.0117	inf	inf	0.0000	inf	inf	0.0000	inf	inf	0.0000	0.0000	0.0000	0.0000	0.0000	0.0000	0.0000	0.0000	0.0000	0.0000				
67	112	0.6397	6	0	0	1	0	0	0	0	0	N	N	N	N	N	N	N	N	N	N	N	N	0.0000	0.0000	0.0000	0.0000	0.0000	0.0000	0.0000	0.0000	0.0000	0.0000	0.0000	0.0000	0.0000	0.0000	0.0000	0.0000	0.0000	0.0000	0.0000	-0.0000	0.6141	0.0000	1.2701	0.0001	0.0000	0.0000	0.0000	0.0000	0.0000	0.0000	0.0000	0.0000	0.0000	0.0000	0.0000	0.0000	0.0000	0.0000	0.0000	0.0000	0.0000	0.0000	0.0000	0.0000	0.0000	0.0000	0.0000	0.0000	0.0000	0.0000	0.0000	0.0000	0.0000	0.0000	0.0000	0.0000	0.0000	0.0000	0.0000	0.0000	0.0000	0.0000	0.0000	0.0000	0.0000	0.0000	0.0000	0.0000	0.0000	0.0000	0.0000	0.0000	0.0000	0.0000	0.0000	0.0000	0.0000	0.0000											
67	113	0.5939	5	0	0	1	0	0	0	0	0	N	N	N	N	N	N	N	N	N	N	N	N	1.6027	2.3570	0.0000	3.4522	6.6589	0.0000	inf	inf	0.0164	0.0178	0.0000	0.0267	0.0277	0.0000	0.0001	0.0001	0.0000	0.0103	0.0075	0.0011	0.0077	0.0042	0.0103	0.0000	0.0000	0.0000	0.0000	0.5000	-0.0009	-0.0000	0.6141	4.0004	1.2701	4.9999	0.0035	0.0035	0.0000	0.0034	0.0034	0.0000	0.0000	0.0000	0.0000	0.0000	0.0000	0.0000	0.0000	0.0000	0.0000	0.0000	0.0000	0.0000	0.2104	0.1948	0.0156	0.1293	0.1243	0.0049	0.0811	0.0705	0.0107	0.0240	0.0148	0.0092	0.0123	0.0107	0.0016	0.0117	0.0041	0.0076	13.1436	13.1157	0.0000	10.9352	14.8653	0.0000	inf	inf	0.0000	0.0013	0.0014	0.0011	0.0024	0.0019	0.0063	0.0000	0.0000	0.0000	
67	116	0.5939	5	0	1	0	1	0	0	0	0	N	N	N	N	N	N	N	N	N	N	N	N	0.0342	inf	0.0000	inf	inf	0.0000	0.0000	0.0001	0.0001	0.0000	0.0001	0.0001	0.0000	0.0000	0.0000	0.0000	0.0023	0.0000	0.0014	0.0000	0.0000	0.0000	0.0025	0.0000	0.0017	0.0000	inf	-0.0000	0.0000	0.6141	5.0006	1.2701	2.0000	0.0000	0.0000	0.0000	0.0000	0.0000	0.0000	0.0000	0.0000	0.0000	0.0000	0.0000	0.0000	0.0000	0.0000	0.0000	0.0000	0.0000	0.0000	0.2559	0.2369	0.0190	0.1567	0.1507	0.0060	0.0991	0.0861	0.0130	0.0190	0.0117	0.0073	0.0097	0.0085	0.0012	0.0093	0.0032	0.0061	0.1485	inf	0.0000	inf	inf	0.0000	0.0000	0.0000	0.0000	0.0005	0.0000	0.0014	0.0000	0.0000	0.0000	0.0011	0.0000	0.0017		
67	117	0.0378	2	0	1	0	1	0	0	0	0	N	N	N	N	N	N	N	N	N	N	N	N	0.0000	0.0000	0.0000	0.0000	0.0000	0.0000	0.0000	0.0000	0.0000	0.0000	0.0000	0.0000	0.0000	0.0000	0.0000	0.0000	0.0000	0.0000	0.0000	0.0000	0.6141	0.0000	1.2701	1.0000	0.0000	0.0000	0.0000	0.0000	0.0000	0.0000	0.0000	0.0000	0.0000	0.0000	0.0000	0.0000	0.0000	0.0000	0.0000	0.0000	0.0000	0.0000	0.0000	0.0000	0.0000	0.0000	0.0000	0.0000	0.0000	0.0000	0.0000	0.0195	0.0150	0.0045	0.0068	0.0067	0.0001	0.0127	0.0083	0.0043	0.0000	0.0000	0.0000	0.0000	0.0000	0.0000	0.0000	0.0000	0.0000	0.0000	0.0000	0.0000	0.0000	0.0000	0.0000	0.0000	0.0000	0.0000											
67	118	0.5939	5	0	1	0	0	0	0	0	0	N	N	N	N	N	N	N	N	N	N	N	N	0.3098	97.1056	1.2434	151.0518	177.7458	inf	0.2337	inf	4.0702	0.1930	0.1951	0.1665	0.2552	0.2652	0.0007	0.1022	0.0821	0.2374	0.6229	0.0020	0.1339	0.0017	0.0015	0.0000	0.4371	0.0000	0.0583	0.0692	42.0172	-0.0244	0.0004	0.6141	16.9994	1.2701	6.0000	0.1246	0.1166	0.0081	0.0978	0.0978	0.0000	0.0268	0.0188	0.0081	0.0009	0.0000	0.0008	0.0000	0.0000	0.0000	0.0008	0.0000	0.0008	0.6459	0.5975	0.0484	0.3834	0.3689	0.0145	0.2625	0.2286	0.0339	0.0543	0.0335	0.0208	0.0282	0.0245	0.0037	0.0261	0.0091	0.0171	12.1834	327.1402	4.1175	359.5821	324.5086	inf	3.1771	inf	4.8235	0.0158	0.0006	0.0404	0.0007	0.0008	0.0000	0.0322	0.0000	0.0492
67	119	0.0378	2	0	1	0	0	0	0	0	0	N	N	N	N	N	N	N	N	N	N	N	N	6.3521	11.6900	40.5015	23.1325	30.7447	inf	44.9355	60.2851	0.9998	0.8535	0.9240	0.1438	2.0040	2.0662	0.7558	0.2211	0.2491	0.0036	0.1344	0.0790	0.0036	0.0866	0.0672	0.0000	0.0049	0.0041	0.0036	0.0155	0.2777	-0.0275	-0.0001	0.6141	5.0000	1.2701	6.0000	0.1122	0.1105	0.0017	0.0935	0.0918	0.0017	0.0188	0.0187	0.0000	0.0005	0.0004	0.0001	0.0003	0.0003	0.0000	0.0001	0.0000	0.0001	0.1315	0.1196	0.0119	0.0466	0.0444	0.0022	0.0848	0.0752	0.0097	0.1155	0.0873	0.0282	0.0389	0.0381	0.0008	0.0766	0.0492	0.0274	214.3327	224.2019	40.5015	222.7866	225.2213	inf	153.9860	1225.4542	0.9998	0.0040	0.0041	0.0036	0.0090	0.0092	0.0000	0.0014	0.0002	0.0036
67	120	0.0658	3	0	1	0	0	0	0	0	0	N	N	N	N	N	N	N	N	N	N	N	N	5.1667	3.3293	0.0081	3.5906	3.8918	0.3001	68.3988	12.9824	0.0071	3.3929	3.6466	0.0000	4.0777	4.2743	0.0000	1.8470	2.1056	0.0000	0.6567	1.0953	0.0036	1.1356	1.0983	0.0001	0.0270	0.1622	0.0036	0.0000	0.1417	-0.0288	-0.0001	0.6141	0.9998	1.2701	0.9486	0.1107	0.1107	0.0000	0.0922	0.0922	0.0000	0.0185	0.0185	0.0000	0.0002	0.0001	0.0000	0.0001	0.0001	0.0000	0.0000	0.0000	0.0000	0.0326	0.0304	0.0023	0.0226	0.0216	0.0010	0.0100	0.0088	0.0012	0.0093	0.0039	0.0055	0.0017	0.0017	0.0000	0.0076	0.0022	0.0054	201.0450	102.2890	0.0081	53.6552	55.0125	0.3001	491.2479	507.7770	0.0071	0.0169	0.0356	0.0036	0.0760	0.0777	0.0001	0.0038	0.0041	0.0036
67	121	0.0378	2	0	1	0	0	0	0	0	0	N	N	N	N	N	N	N	N	N	N	N	N	0.5588	0.5573	0.0015	13.2336	17.4810	0.0000	0.2030	0.0249	0.0018	0.0106	0.0117	0.0000	0.0249	0.0262	0.0000	0.0027	0.0031	0.0000	0.0190	0.0210	0.0001	0.0019	0.0015	0.0000	0.0135	0.1240	0.0001	0.0000	0.0124	-0.0004	-0.0001	0.6141	3.0005	1.2701	1.1085	0.0015	0.0015	0.0000	0.0013	0.0013	0.0000	0.0003	0.0003	0.0000	0.0002	0.0002	0.0000	0.0000	0.0000	0.0000	0.0001	0.0001	0.0000	0.1429	0.1300	0.0129	0.0508	0.0484	0.0024	0.0921	0.0816	0.0105	0.0878	0.0669	0.0210	0.0300	0.0294	0.0006	0.0578	0.0374	0.0204	5.7615	4.8796	0.0015	30.9514	31.8572	0.0000	1.1490	0.8515	0.0018	0.0018	0.0024	0.0001	0.0008	0.0008	0.0000	0.0024	0.0036	0.0001
67	122	0.6351	6	0	1	0	0	0	0	0	0	N	N	N	N	N	N	N	N	N	N	N	N	inf	inf	inf	inf	inf	inf	inf	inf	0.0002	0.0002	0.0000	0.0004	0.0004	0.0000	0.0000	0.0000	0.0000	0.0000	0.0000	0.0000	0.0000	0.0000	0.0000	0.0000	0.0000	0.0000	0.0056	-0.0000	0.0000	0.6141	2.0001	1.2701	3.0000	0.0000	0.0000	0.0000	0.0000	0.0000	0.0000	0.0000	0.0000	0.0000	0.0000	0.0000	0.0000	0.0000	0.0000	0.0000	0.0000	0.0000	0.0000	0.0964	0.0891	0.0073	0.0538	0.0522	0.0016	0.0426	0.0369	0.0056	0.0129	0.0085	0.0045	0.0078	0.0069	0.0009	0.0051	0.0015	0.0036	inf	inf	inf	inf	inf	0.0000	inf	inf	inf	0.0000	0.0000	0.0000	0.0000	0.0000	0.0000	0.0000	0.0000	0.0000		
67	123	0.5939	5	0	0	0	0	0	0	0	0	N	N	N	N	N	N	N	N	N	N	N	N	16218.6785	252.2682	inf	6371.8268	354.4190	inf	inf	inf	inf	0.3409	0.0166	4.3775	0.4690	0.0260	11.6848	0.1415	0.0004	1.0771	0.0000	0.0001	0.0000	0.0001	0.0001	0.0000	0.0000	0.0000	0.0000	21.1951	0.0625	0.0804	-0.0000	0.6141	6.9986	1.2701	2.0000	0.1157	0.0052	0.1105	0.0969	0.0052	0.0917	0.0188	0.0000	0.0187	0.0000	0.0000	0.0000	0.0000	0.0000	0.0000	0.0000	0.0000	0.0000	0.3393	0.3141	0.0252	0.2066	0.1988	0.0079	0.1327	0.1153	0.0174	0.0240	0.0148	0.0092	0.0123	0.0107	0.0016	0.0117	0.0041	0.0076	1603332.7955	51071.0948	inf	1373016.5011	58034.7825	inf	inf	inf	inf	0.0000	0.0000	0.0000	0.0000	0.0000	0.0000	0.0000	0.0000	0.0000
67	124	0.0713	3	0	1	0	0	0	0	0	0	N	N	N	N	N	N	N	N	N	N	N	N	0.0030	0.0029	0.1450	0.0055	0.0065	0.1160	0.0105	0.0001	0.0550	0.0001	0.0001	0.0000	0.0002	0.0002	0.0001	0.0000	0.0000	0.0000	0.0268	0.0294	0.0003	0.0347	0.0297	0.0010	0.0002	0.0013	0.0003	0.0419	0.0303	-0.0000	-0.0001	0.6141	3.9006	1.2701	3.1543	0.0000	0.0000	0.0000	0.0000	0.0000	0.0000	0.0000	0.0000	0.0000	0.0003	0.0003	0.0000	0.0003	0.0003	0.0000	0.0000	0.0000	0.0000	0.1894	0.1737	0.0157	0.0805	0.0767	0.0038	0.1089	0.0969	0.0119	0.1240	0.0944	0.0296	0.0440	0.0431	0.0010	0.0800	0.0513	0.0286	0.0368	0.0302	0.1450	0.0314	0.0313	0.1421	0.0156	0.0064	0.0550	0.0022	0.0028	0.0003	0.0061	0.0062	0.0009	0.0001	0.0000	0.0003
67	125	0.0378	2	0	1	0	0	0	0	0	0	N	N	N	N	N	N	N	N	N	N	N	N	0.0317	0.0351	0.0024	3.5078	4.8056	0.0000	0.0004	0.0000	0.0029	0.0037	0.0041	0.0000	0.0105	0.0110	0.0000	0.0000	0.0000	0.0000	0.1164	0.1154	0.0006	0.0030	0.0023	0.0001	0.0400	0.5094	0.0006	0.0000	0.0366	-0.0001	-0.0001	0.6141	1.6924	1.2701	1.9110	0.0003	0.0003	0.0000	0.0003	0.0003	0.0000	0.0000	0.0000	0.0000	0.0003	0.0003	0.0000	0.0000	0.0000	0.0000	0.0003	0.0003	0.0000	0.0877	0.0797	0.0080	0.0308	0.0293	0.0014	0.0569	0.0504	0.0066	0.0792	0.0604	0.0188	0.0272	0.0266	0.0005	0.0520	0.0338	0.0183	0.9849	0.8566	0.0024	9.3220	9.6078	0.0000	0.0029	0.0022	0.0029	0.0037	0.0047	0.0006	0.0011	0.0011	0.0001	0.0051	0.0076	0.0006
67	126	0.5939	5	0	1	0	0	0	0	0	0	N	N	N	N	N	N	N	N	N	N	N	N	0.0000	0.0000	0.0000	0.0000	0.0000	0.0000	0.0000	0.0000	0.0000	0.0000	0.0000	0.0000	0.0000	0.0000	0.0000	0.0000	0.0000	0.0000	0.0103	0.0001	0.0033	0.0020	0.0001	0.0103	0.0071	0.0003	0.0026	874.6506	0.0000	0.0000	0.6141	0.9996	1.2701	8.0005	0.0000	0.0000	0.0000	0.0000	0.0000	0.0000	0.0000	0.0000	0.0000	0.0000	0.0000	0.0000	0.0000	0.0000	0.0000	0.0000	0.0000	0.0000	0.0573	0.0531	0.0042	0.0356	0.0342	0.0014	0.0218	0.0189	0.0029	0.0240	0.0148	0.0092	0.0123	0.0107	0.0016	0.0117	0.0041	0.0076	0.0000	0.0000	0.0000	0.0000	0.0000	0.0000	0.0000	0.0000	0.0000	0.0013	0.0000	0.0033	0.0008	0.0000	0.0063	0.0017	0.0000	0.0026	
67	127	0.4993	5	0	0	0	0	0	0	0	0	N	N	N	N	N	N	N	N	N	N	N	N	1.1235	0.8763	0.0007	0.9246	1.1390	0.0028	266.9337	8666.0938	0.0022	0.5918	0.7116	0.0000	0.3998	0.5023	0.0000	1.1330	1.2152	0.0000	0.5267	0.8120	0.0018	0.4324	0.4410	0.0004	0.0042	0.0001	0.0020	0.0000	0.0690	-0.0590	-0.0003	0.6141	3.6536	1.2701	12.3970	0.2267	0.2267	0.0000	0.1130	0.1130	0.0000	0.1136	0.1136	0.0000	0.0007	0.0006	0.0000	0.0006	0.0006	0.0000	0.0000	0.0000	0.0000	0.3831	0.3186	0.0645	0.2828	0.2250	0.0577	0.1003	0.0935	0.0068	0.0547	0.0315	0.0232	0.0235	0.0211	0.0024	0.0312	0.0104	0.0208	49.4670	36.6140	0.0007	15.3357	17.3393	0.0029	853.2321	8969196.6198	0.0022	0.0120	0.0194	0.0018	0.0261	0.0290	0.0004	0.0013	0.0000	0.0020
67	128	0.2881	3	0	0	0	0	0	0	0	0	N	N	N	N	N	N	N	N	N	N	N	N	0.9805	0.4556	115.1124	1.0495	1.0179	73.1138	19.5969	0.2653	223.1886	0.6687	0.4346	1.4571	0.6467	0.6149	0.9854	0.7011	0.0006	1.5927	0.6820	0.9538	0.0127	0.6162	0.6041	0.0135	0.0358	0.0024	0.0071	0.9955	0.1969	0.0778	-0.0007	0.6141	5.3495	1.2701	12.4099	0.3260	0.1634	0.1626	0.1879	0.1633	0.0245	0.1382	0.0001	0.1381	0.0020	0.0017	0.0003	0.0017	0.0017	0.0000	0.0003	0.0000	0.0003	0.4875	0.3759	0.1116	0.2905	0.2656	0.0249	0.1971	0.1104	0.0867	0.1058	0.0603	0.0455	0.0442	0.0392	0.0050	0.0616	0.0210	0.0406	35.3601	15.6704	201.5241	16.7151	14.4435	123.1329	148.3690	8.0078	223.1886	0.0189	0.0277	0.0072	0.0387	0.0426	0.0080	0.0047	0.0001	0.0071
67	129	0.7054	11	0	1	0	1	0	0	0	0	N	N	N	N	N	N	N	N	N	N	N	N	0.0000	0.0000	0.0000	0.0000	0.0000	0.0000	0.0000	0.0000	0.0000	0.0000	0.0000	0.0000	0.0000	0.0000	0.0000	0.0000	0.0000	0.0000	0.0000	0.0000	0.6141	0.0000	1.2701	0.0000	0.0000	0.0000	0.0000	0.0000	0.0000	0.0000	0.0000	0.0000	0.0000	0.0000	0.0000	0.0000	0.0000	0.0000	0.0000	0.0000	0.0000	0.0000	0.0000	0.0000	0.0000	0.0000	0.0000	0.0000	0.0000	0.0000	0.0000	0.0000	0.0000	0.0000	0.0000	0.0000	0.0000	0.0000	0.0000	0.0000	0.0000	0.0000	0.0000	0.0000	0.0000	0.0000	0.0000	0.0000	0.0000	0.0000	0.0000	0.0000	0.0000	0.0000	0.0000	0.0000	0.0000	0.0000											
67	130	0.6891	10	0	1	0	1	0	0	0	0	N	N	N	N	N	N	N	N	N	N	N	N	0.0000	0.0000	0.0000	0.0000	0.0000	0.0000	0.0000	0.0000	0.0000	0.0000	0.0000	0.0000	0.0000	0.0000	0.0000	0.0000	2.0946	1.3972	10.1588	1.1067	1.1619	0.0000	2.9965	0.0000	9.9630	15.7298	0.0000	0.0022	0.6141	0.0000	1.2701	3.0001	0.0000	0.0000	0.0000	0.0000	0.0000	0.0000	0.0000	0.0000	0.0000	0.0053	0.0003	0.0050	0.0003	0.0003	0.0000	0.0050	0.0000	0.0050	0.0000	0.0000	0.0000	0.0000	0.0000	0.0000	0.0000	0.0000	0.0000	0.0071	0.0047	0.0024	0.0044	0.0038	0.0005	0.0027	0.0009	0.0018	0.0000	0.0000	0.0000	0.0000	0.0000	0.0000	0.0000	0.0000	0.0000	0.7508	0.0672	2.1242	0.0725	0.0828	0.0000	1.8521	0.0000	2.7651			
67	131	0.6794	9	0	1	0	0	0	0	0	0	N	N	N	N	N	N	N	N	N	N	N	N	0.0000	0.0000	0.0000	0.0000	0.0000	0.0000	0.0000	0.0000	0.0000	0.0000	0.0000	0.0000	0.0000	0.0000	0.0000	0.0000	0.0000	0.0000	0.0000	0.0000	0.6141	0.0000	1.2701	0.0000	0.0000	0.0000	0.0000	0.0000	0.0000	0.0000	0.0000	0.0000	0.0000	0.0000	0.0000	0.0000	0.0000	0.0000	0.0000	0.0000	0.0000	0.0000	0.0000	0.0000	0.0000	0.0000	0.0000	0.0000	0.0000	0.0000	0.0000	0.0000	0.0000	0.0000	0.0000	0.0000	0.0000	0.0000	0.0000	0.0000	0.0000	0.0000	0.0000	0.0000	0.0000	0.0000	0.0000	0.0000	0.0000	0.0000	0.0000	0.0000	0.0000	0.0000	0.0000	0.0000	0.0000	0.0000											
67	132	0.6891	10	0	0	1	1	0	0	0	0	N	N	N	N	N	N	N	N	N	N	N	N	0.0000	0.0000	0.0000	0.0000	0.0000	0.0000	0.0000	0.0000	0.0000	0.0000	0.0000	0.0000	0.0000	0.0000	0.0000	0.0000	0.0000	0.0000	0.0000	0.0000	0.6141	0.0000	1.2701	1.9999	0.0000	0.0000	0.0000	0.0000	0.0000	0.0000	0.0000	0.0000	0.0000	0.0000	0.0000	0.0000	0.0000	0.0000	0.0000	0.0000	0.0000	0.0000	0.0000	0.0000	0.0000	0.0000	0.0000	0.0000	0.0000	0.0000	0.0000	0.0048	0.0032	0.0016	0.0030	0.0026	0.0004	0.0018	0.0006	0.0012	0.0000	0.0000	0.0000	0.0000	0.0000	0.0000	0.0000	0.0000	0.0000	0.0000	0.0000	0.0000	0.0000	0.0000	0.0000	0.0000	0.0000	0.0000											
67	133	0.7001	11	0	0	1	1	0	0	0	0	N	N	N	N	N	N	N	N	N	N	N	N	0.0000	0.0000	0.0000	0.0000	0.0000	0.0000	0.0000	0.0000	0.0000	0.0000	0.0000	0.0000	0.0000	0.0000	0.0000	0.0000	0.0000	0.0000	0.0000	0.0000	0.6141	1.0000	1.2701	0.0000	0.0000	0.0000	0.0000	0.0000	0.0000	0.0000	0.0000	0.0000	0.0000	0.0000	0.0000	0.0000	0.0000	0.0000	0.0000	0.0000	0.0000	0.0000	0.0517	0.0478	0.0039	0.0320	0.0307	0.0013	0.0197	0.0171	0.0026	0.0023	0.0015	0.0008	0.0014	0.0012	0.0002	0.0009	0.0003	0.0006	0.0000	0.0000	0.0000	0.0000	0.0000	0.0000	0.0000	0.0000	0.0000	0.0000	0.0000	0.0000	0.0000	0.0000	0.0000	0.0000	0.0000	0.0000											
67	134	0.7001	11	0	0	1	1	0	0	0	0	N	N	N	N	N	N	N	N	N	N	N	N	0.0000	0.0000	0.0000	0.0000	0.0000	0.0000	0.0000	0.0000	0.0000	0.0000	0.0000	0.0000	0.0000	0.0000	0.0000	0.0000	0.0000	0.0000	0.0000	0.0000	0.6141	0.0000	1.2701	0.0000	0.0000	0.0000	0.0000	0.0000	0.0000	0.0000	0.0000	0.0000	0.0000	0.0000	0.0000	0.0000	0.0000	0.0000	0.0000	0.0000	0.0000	0.0000	0.0000	0.0000	0.0000	0.0000	0.0000	0.0000	0.0000	0.0000	0.0000	0.0000	0.0000	0.0000	0.0000	0.0000	0.0000	0.0000	0.0000	0.0000	0.0000	0.0000	0.0000	0.0000	0.0000	0.0000	0.0000	0.0000	0.0000	0.0000	0.0000	0.0000	0.0000	0.0000	0.0000	0.0000	0.0000	0.0000											
67	135	0.6891	10	0	0	1	1	0	0	0	0	N	N	N	N	N	N	N	N	N	N	N	N	0.0072	inf	0.0000	inf	inf	0.0000	0.0000	0.0000	0.0000	0.0000	0.0000	0.0000	0.0000	0.0000	0.0000	0.0000	0.0000	0.0000	0.0000	0.0000	0.0000	0.0000	0.0000	0.0000	0.0000	0.0000	inf	-0.0000	0.0000	0.6141	2.0025	1.2701	0.9943	0.0000	0.0000	0.0000	0.0000	0.0000	0.0000	0.0000	0.0000	0.0000	0.0000	0.0000	0.0000	0.0000	0.0000	0.0000	0.0000	0.0000	0.0000	0.1013	0.0936	0.0077	0.0623	0.0597	0.0026	0.0390	0.0339	0.0051	0.0071	0.0047	0.0024	0.0044	0.0038	0.0005	0.0027	0.0009	0.0018	0.5208	inf	0.0000	inf	inf	0.0000	0.0000	0.0000	0.0000	0.0000	0.0000	0.0000	0.0000	0.0000	0.0000	0.0000	0.0000	0.0000		
67	136	0.6891	9	0	0	0	1	0	0	0	0	N	N	N	N	N	N	N	N	N	N	N	N	0.2520	0.2252	0.0000	0.0877	0.0980	1.2881	inf	0.0000	0.0001	0.0001	0.0000	0.0000	0.0001	0.0000	0.0002	0.0003	0.0000	0.0003	0.0004	0.0002	0.0005	0.0005	0.0000	0.0002	0.0000	0.0002	0.0040	0.8530	-0.0000	-0.0000	0.6141	0.0050	1.2701	0.0173	0.0000	0.0000	0.0000	0.0000	0.0000	0.0000	0.0000	0.0000	0.0000	0.0000	0.0000	0.0000	0.0000	0.0000	0.0000	0.0000	0.0000	0.0000	0.0006	0.0006	0.0001	0.0005	0.0005	0.0001	0.0001	0.0001	0.0000	0.0001	0.0000	0.0000	0.0000	0.0000	0.0000	0.0000	0.0000	0.0000	0.6220	0.8482	0.0000	0.4102	0.4107	0.0000	1.6645	inf	0.0000	0.0001	0.0001	0.0002	0.0001	0.0001	0.0000	0.0001	0.0000	0.0002	
67	137	0.6794	8	0	0	0	1	0	0	0	0	N	N	N	N	N	N	N	N	N	N	N	N	3.0714	1.3398	2.0427	2.1707	0.0001	0.0001	0.0000	0.0002	0.0002	0.0000	0.0000	0.0000	0.0000	0.0000	0.0001	0.0000	0.0001	0.0001	0.0000	0.0000	0.0000	0.0000	0.0000	0.1333	-0.0000	-0.0000	0.6141	1.9972	1.2701	1.0076	0.0000	0.0000	0.0000	0.0000	0.0000	0.0000	0.0000	0.0000	0.0000	0.0000	0.0000	0.0000	0.0000	0.0000	0.0000	0.0000	0.0000	0.0000	0.0925	0.0852	0.0073	0.0540	0.0518	0.0022	0.0385	0.0334	0.0050	0.0066	0.0045	0.0021	0.0044	0.0039	0.0005	0.0022	0.0007	0.0015	210.4490	177.1164	0.0000	290.6210	247.7602	0.0000	0.0000	0.0000	0.0000	0.0000	0.0000	0.0000	0.0000	0.0000	0.0000	0.0000	0.0000	0.0000					
67	138	0.6621	7	1	1	0	0	0	0	0	0	N	N	N	N	N	N	N	N	N	N	N	N	32.9305	23.4344	1900.4065	61.2183	60.0978	668.4163	2300.2529	3287.4966	0.3811	0.2902	0.5710	0.4510	0.3816	0.8678	0.2763	0.0000	0.4643	0.0116	0.0124	0.0003	0.0074	0.0064	0.0013	0.0001	0.0000	0.0001	0.9425	0.0745	0.0000	-0.0000	0.6141	0.0002	1.2701	2.3255	0.0000	0.0000	0.0000	0.0000	0.0000	0.0000	0.0000	0.0000	0.0000	0.0000	0.0000	0.0000	0.0000	0.0000	0.0000	0.0000	0.0000	0.0000	0.0001	0.0000	0.0000	0.0000	0.0000	0.0000	0.0000	0.0000	0.0000	0.0080	0.0055	0.0025	0.0045	0.0040	0.0004	0.0036	0.0015	0.0021	280.0246	157.1664	1900.4065	189.5172	151.2662	818.3922	3341.6391	0.0000	3287.4966	0.0014	0.0018	0.0003	0.0024	0.0025	0.0011	0.0001	0.0000	0.0001	
67	139	0.6443	6	1	1	0	0	0	0	0	0	N	N	N	N	N	N	N	N	N	N	N	N	0.0085	0.0065	0.2928	0.0216	0.0234	0.1189	0.0686	0.0141	0.3689	0.0041	0.0043	0.0010	0.0055	0.0057	0.0000	0.0019	0.0020	0.0014	0.4766	0.6701	0.0033	0.2544	0.2446	0.0002	0.0279	0.1414	0.0038	0.0187	0.1295	-0.0001	-0.0001	0.6141	2.0138	1.2701	2.7349	0.0004	0.0004	0.0000	0.0003	0.0003	0.0000	0.0001	0.0001	0.0000	0.0002	0.0002	0.0000	0.0001	0.0001	0.0000	0.0000	0.0000	0.0000	0.1024	0.0944	0.0080	0.0616	0.0590	0.0025	0.0408	0.0354	0.0055	0.0165	0.0103	0.0061	0.0089	0.0080	0.0009	0.0076	0.0023	0.0053	0.3834	0.2894	0.2928	0.3346	0.3155	0.1189	0.5016	0.5092	0.3689	0.0106	0.0149	0.0033	0.0164	0.0181	0.0002	0.0038	0.0039	0.0038
67	140	0.6608	7	0	1	0	0	0	0	0	0	N	N	N	N	N	N	N	N	N	N	N	N	0.3816	0.3515	0.0000	0.3046	0.3518	0.0000	0.0874	inf	0.0000	0.0001	0.0001	0.0000	0.0001	0.0001	0.0000	0.0000	0.0000	0.0000	0.0003	0.0003	0.0002	0.0004	0.0004	0.0001	0.0002	0.0000	0.0002	0.0000	1.7184	-0.0000	0.0000	0.6141	1.9232	1.2701	1.1116	0.0000	0.0000	0.0000	0.0000	0.0000	0.0000	0.0000	0.0000	0.0000	0.0000	0.0000	0.0000	0.0000	0.0000	0.0000	0.0000	0.0000	0.0000	0.1411	0.1319	0.0092	0.0990	0.0952	0.0037	0.0421	0.0367	0.0054	0.0071	0.0048	0.0023	0.0046	0.0040	0.0006	0.0024	0.0008	0.0017	1.0579	2.0935	0.0000	2.0447	2.3199	0.0000	0.1100	inf	0.0000	0.0001	0.0000	0.0002	0.0001	0.0001	0.0001	0.0001	0.0000	0.0002
67	141	0.0570	3	0	1	0	0	0	0	0	0	N	N	N	N	N	N	N	N	N	N	N	N	inf	inf	inf	inf	inf	inf	inf	inf	inf	0.7668	0.8196	0.2385	1.5455	1.5870	0.8675	0.2141	0.2401	0.0129	0.0000	0.0000	0.0000	0.0000	0.0000	0.0000	0.0000	0.0000	0.0000	0.0291	-0.0268	0.0000	0.6141	3.0000	1.2701	1.0000	0.1157	0.1124	0.0033	0.0968	0.0936	0.0031	0.0189	0.0188	0.0001	0.0000	0.0000	0.0000	0.0000	0.0000	0.0000	0.0000	0.0000	0.0000	0.1508	0.1371	0.0137	0.0626	0.0590	0.0036	0.0882	0.0781	0.0101	0.0839	0.0654	0.0185	0.0293	0.0288	0.0006	0.0546	0.0367	0.0179	inf	inf	inf	inf	inf	inf	inf	inf	inf	0.0000	0.0000	0.0000	0.0000	0.0000	0.0000	0.0000	0.0000	0.0000	
67	142	0.0378	2	0	0	0	0	0	0	0	0	N	N	N	N	N	N	N	N	N	N	N	N	inf	inf	inf	inf	inf	inf	inf	inf	inf	0.0635	0.0696	0.0040	0.1733	0.1817	0.0001	0.0051	0.0051	0.0048	0.0000	0.0000	0.0000	0.0000	0.0000	0.0000	0.0000	0.0000	0.0000	0.0058	-0.0009	0.0000	0.6141	1.0000	1.2701	1.0000	0.0035	0.0034	0.0000	0.0033	0.0033	0.0000	0.0002	0.0002	0.0000	0.0000	0.0000	0.0000	0.0000	0.0000	0.0000	0.0000	0.0000	0.0000	0.0543	0.0493	0.0050	0.0189	0.0180	0.0009	0.0354	0.0313	0.0041	0.0480	0.0368	0.0112	0.0166	0.0163	0.0003	0.0313	0.0205	0.0109	inf	inf	inf	inf	inf	inf	inf	inf	inf	0.0000	0.0000	0.0000	0.0000	0.0000	0.0000	0.0000	0.0000	0.0000	
67	145	0.6794	9	1	1	0	0	0	0	0	0	N	N	N	N	N	N	N	N	N	N	N	N	inf	inf	inf	inf	inf	inf	inf	inf	0.1889	0.0208	2.1579	0.0332	0.0343	0.0087	0.4081	0.0000	3.1088	0.0000	0.0000	0.0000	0.0000	0.0000	0.0000	0.0000	0.0000	0.0000	8.8349	0.0057	0.0000	0.6141	1.0000	1.2701	1.0000	0.0090	0.0009	0.0081	0.0009	0.0009	0.0000	0.0081	0.0000	0.0081	0.0000	0.0000	0.0000	0.0000	0.0000	0.0000	0.0000	0.0000	0.0000	0.0475	0.0438	0.0037	0.0278	0.0266	0.0011	0.0197	0.0171	0.0026	0.0045	0.0030	0.0014	0.0030	0.0026	0.0004	0.0015	0.0005	0.0010	inf	inf	inf	inf	inf	inf	inf	0.0000	inf	0.0000	0.0000	0.0000	0.0000	0.0000	0.0000	0.0000	0.0000	0.0000		
67	146	0.6794	8	0	1	0	0	0	0	0	0	N	N	N	N	N	N	N	N	N	N	N	N	inf	inf	inf	inf	0.0000	0.0000	0.0000	0.0000	0.0000	0.0000	0.0003	0.0003	0.0000	0.0000	0.0000	0.0000	0.0000	0.0000	0.0000	0.0000	0.0000	0.0000	0.0000	-0.0000	0.0000	0.6141	0.0003	1.2701	0.0000	0.0000	0.0000	0.0000	0.0000	0.0000	0.0000	0.0000	0.0000	0.0000	0.0000	0.0000	0.0000	0.0000	0.0000	0.0000	0.0000	0.0000	0.0000	0.0001	0.0000	0.0000	0.0000	0.0000	0.0000	0.0000	0.0000	0.0000	0.0000	0.0000	0.0000	0.0000	0.0000	0.0000	0.0000	0.0000	0.0000	inf	inf	0.0000	0.0000	0.0000	0.0000	inf	inf	0.0000	0.0000	0.0000	0.0000	0.0000	0.0000	0.0000	0.0000	0.0000	0.0000						
67	147	0.6608	7	0	0	0	0	0	0	0	0	N	N	N	N	N	N	N	N	N	N	N	N	0.5026	0.3946	0.0000	0.4042	0.4942	0.0000	0.0612	inf	0.0000	0.0001	0.0001	0.0000	0.0001	0.0001	0.0000	0.0000	0.0000	0.0000	0.0002	0.0003	0.0001	0.0003	0.0003	0.0001	0.0001	0.0000	0.0001	0.0000	1.7118	-0.0000	0.0000	0.6141	4.9449	1.2701	1.0063	0.0000	0.0000	0.0000	0.0000	0.0000	0.0000	0.0000	0.0000	0.0000	0.0000	0.0000	0.0000	0.0000	0.0000	0.0000	0.0000	0.0000	0.0000	0.2592	0.2402	0.0190	0.1651	0.1583	0.0068	0.0941	0.0818	0.0123	0.0133	0.0091	0.0043	0.0087	0.0076	0.0011	0.0046	0.0015	0.0032	1.9100	3.8056	0.0000	4.1443	4.7103	0.0000	0.0931	inf	0.0000	0.0000	0.0000	0.0001	0.0000	0.0000	0.0001	0.0001	0.0000	0.0001
67	148	0.6443	6	0	0	0	0	0	0	0	0	N	N	N	N	N	N	N	N	N	N	N	N	0.2764	0.4848	0.0016	1.2964	1.7302	0.0045	0.1557	1.2831	0.0001	0.0073	0.0080	0.0000	0.0118	0.0123	0.0000	0.0011	0.0012	0.0000	0.0266	0.0165	0.0024	0.0091	0.0071	0.0028	0.0069	0.0010	0.0024	0.0000	0.6700	-0.0003	-0.0000	0.6141	3.4778	1.2701	1.2917	0.0012	0.0012	0.0000	0.0011	0.0011	0.0000	0.0001	0.0001	0.0000	0.0000	0.0000	0.0000	0.0000	0.0000	0.0000	0.0000	0.0000	0.0000	0.1627	0.1498	0.0130	0.0948	0.0909	0.0039	0.0679	0.0589	0.0091	0.0165	0.0104	0.0062	0.0089	0.0080	0.0009	0.0076	0.0023	0.0053	3.3184	3.7795	0.0016	4.4181	4.5386	0.0056	0.6444	92.3630	0.0001	0.0022	0.0021	0.0024	0.0027	0.0027	0.0023	0.0017	0.0000	0.0024
67	149	0.5939	5	0	0	0	0	0	0	0	0	N	N	N	N	N	N	N	N	N	N	N	N	0.2076	0.1665	0.0020	0.1750	0.1708	inf	0.4238	37.6478	0.0000	0.3092	0.3341	0.0002	0.4259	0.4426	0.0006	0.1286	0.1480	0.0000	1.4893	2.0069	0.0888	2.4338	2.5911	0.0000	0.3035	0.0039	0.0382	0.0000	0.0640	-0.0298	-0.0024	0.6141	7.8050	1.2701	4.0035	0.1146	0.1145	0.0000	0.0958	0.0958	0.0000	0.0187	0.0187	0.0000	0.0053	0.0050	0.0003	0.0050	0.0050	0.0000	0.0003	0.0000	0.0003	0.3705	0.3429	0.0276	0.2251	0.2165	0.0085	0.1454	0.1264	0.0190	0.0307	0.0189	0.0118	0.0158	0.0137	0.0020	0.0149	0.0052	0.0097	1.7894	1.2677	0.0064	1.3482	1.2205	inf	5.9940	817.1805	0.0000	0.1728	0.2635	0.0271	0.3159	0.3627	0.0000	0.0215	0.0002	0.0328
67	150	0.4993	5	0	0	0	0	0	0	0	0	N	N	N	N	N	N	N	N	N	N	N	N	1.3739	0.5396	1184.2378	2.2993	1.4108	6683.3478	0.3259	0.0004	8.7004	0.6784	0.4092	2.0162	0.9189	0.5790	2.2554	0.0011	0.0000	0.0162	0.4938	0.7584	0.0017	0.3996	0.4104	0.0003	0.0034	0.0010	0.0019	0.9916	0.0704	0.0622	-0.0003	0.6141	3.7255	1.2701	14.1767	0.2615	0.1313	0.1302	0.2614	0.1313	0.1301	0.0001	0.0000	0.0001	0.0006	0.0006	0.0000	0.0006	0.0006	0.0000	0.0000	0.0000	0.0000	0.3854	0.3209	0.0646	0.2844	0.2268	0.0577	0.1010	0.0941	0.0069	0.0586	0.0336	0.0249	0.0251	0.0225	0.0026	0.0335	0.0112	0.0223	61.5392	22.8141	1184.2378	38.1594	21.5822	6683.3478	0.8880	0.0264	8.7004	0.0110	0.0179	0.0017	0.0241	0.0268	0.0003	0.0012	0.0000	0.0019
67	151	0.4829	4	0	0	0	0	0	0	0	0	N	N	N	N	N	N	N	N	N	N	N	N	0.7011	0.4893	8.5739	0.5223	0.4645	510.8494	2.2468	467.9413	0.9202	0.7998	0.7555	0.9726	0.8048	0.7278	1.0239	0.7853	0.8174	0.0380	1.1408	1.5443	0.1134	1.5410	1.5667	0.0020	0.3495	0.0017	0.0413	0.3297	0.2585	-0.0030	-0.0007	0.6141	1.4205	1.2701	4.0377	0.2429	0.1827	0.0602	0.1816	0.1214	0.0601	0.0613	0.0612	0.0001	0.0023	0.0018	0.0005	0.0018	0.0018	0.0000	0.0005	0.0000	0.0005	0.3037	0.2418	0.0619	0.2256	0.1669	0.0587	0.0781	0.0749	0.0032	0.0349	0.0206	0.0143	0.0160	0.0151	0.0010	0.0189	0.0055	0.0134	12.1155	8.4865	29.4652	7.0403	5.9831	604.1711	31.4125	20635.4919	1.0776	0.0660	0.0890	0.0330	0.1143	0.1216	0.0017	0.0250	0.0000	0.0353
68	69	0.6996	7	2	2	2	0	0	0	0	0	Y	Y	Y	N	N	N	N	N	N	N	N	N	0.0000	0.0000	0.0000	0.0000	0.0000	0.0000	0.0000	0.0000	0.0000	0.0000	0.0000	0.0000	0.0000	0.0000	0.0000	0.0000	0.0000	0.0000	0.0000	0.0000	0.0000	1.0000	0.0000	0.0000	0.0000	0.0000	0.0000	0.0000	0.0000	0.0000	0.0000	0.0000	0.0000	0.0000	0.0000	0.0000	0.0000	0.0000	0.0000	0.0000	0.0000	0.0000	0.0000	0.0000	0.0000	0.0000	0.0000	0.0000	0.0000	0.0000	0.0000	0.0000	0.0000	0.0000	0.0000	0.0000	0.0000	0.0000	0.0000	0.0000	0.0000	0.0000	0.0000	0.0000	0.0000	0.0000	0.0000	0.0000	0.0000	0.0000	0.0000	0.0000	0.0000	0.0000	0.0000	0.0000	0.0000	0.0000											
68	70	0.6996	7	2	2	2	0	0	0	0	0	Y	Y	Y	N	N	N	N	N	N	N	N	N	0.0000	0.0000	0.0000	0.0000	0.0000	0.0000	0.0000	0.0000	0.0000	0.0000	0.0000	0.0000	0.0000	0.0000	0.0000	0.0000	0.0000	0.0000	0.0000	0.0000	0.0000	0.0000	0.0000	0.0000	0.0000	0.0000	0.0000	0.0000	0.0000	0.0000	0.0000	0.0000	0.0000	0.0000	0.0000	0.0000	0.0000	0.0000	0.0000	0.0000	0.0000	0.0000	0.0000	0.0000	0.0000	0.0000	0.0000	0.0000	0.0000	0.0000	0.0000	0.0000	0.0000	0.0000	0.0000	0.0000	0.0000	0.0000	0.0000	0.0000	0.0000	0.0000	0.0000	0.0000	0.0000	0.0000	0.0000	0.0000	0.0000	0.0000	0.0000	0.0000	0.0000	0.0000	0.0000	0.0000	0.0000	0.0000											
68	71	0.6773	6	2	2	2	0	0	0	0	0	Y	Y	Y	N	N	N	N	N	N	N	N	N	0.0000	0.0000	0.0000	0.0000	0.0000	0.0000	0.0000	0.0000	0.0000	0.0000	0.0000	0.0000	0.0000	0.0000	0.0000	0.0000	0.0000	0.0000	0.0000	0.0000	0.0000	2.0000	0.0000	1.0000	0.0000	0.0000	0.0000	0.0000	0.0000	0.0000	0.0000	0.0000	0.0000	0.0000	0.0000	0.0000	0.0000	0.0000	0.0000	0.0000	0.0000	0.0000	0.0000	0.0000	0.0000	0.0000	0.0000	0.0000	0.0000	0.0000	0.0000	0.0000	0.0000	0.0000	0.0000	0.0000	0.0000	0.0000	0.0000	0.0000	0.0000	0.0000	0.0000	0.0000	0.0000	0.0000	0.0000	0.0000	0.0000	0.0000	0.0000	0.0000	0.0000	0.0000	0.0000	0.0000	0.0000	0.0000											
68	72	0.6543	5	2	1	2	0	0	0	0	0	Y	N	Y	N	N	N	N	N	N	N	N	N	0.0000	0.0000	0.0000	0.0000	0.0000	0.0000	0.0000	0.0000	0.0000	0.0000	0.0000	0.0000	0.0000	0.0000	0.0000	0.0000	0.0000	0.0000	0.0000	0.0000	0.0000	1.0017	0.0000	2.0007	0.0000	0.0000	0.0000	0.0000	0.0000	0.0000	0.0000	0.0000	0.0000	0.0000	0.0000	0.0000	0.0000	0.0000	0.0000	0.0000	0.0000	0.0000	0.0000	0.0000	0.0000	0.0000	0.0000	0.0000	0.0000	0.0000	0.0000	0.0000	0.0000	0.0000	0.0000	0.0000	0.0000	0.0000	0.0000	0.0000	0.0000	0.0000	0.0000	0.0000	0.0000	0.0000	0.0000	0.0000	0.0000	0.0000	0.0000	0.0000	0.0000	0.0000	0.0000	0.0000	0.0000	0.0000											
68	73	0.0761	2	2	2	1	0	0	0	0	0	Y	Y	N	N	N	N	N	N	N	N	N	N	0.0000	0.0000	0.0000	0.0000	0.0000	0.0000	0.0000	0.0000	0.0000	0.0000	0.0000	0.0000	0.0000	0.0000	0.0000	0.0000	0.0000	0.0000	0.0000	0.0000	0.0000	0.0000	0.0000	0.0000	0.0000	0.0000	0.0000	0.0000	0.0000	0.0000	0.0000	0.0000	0.0000	0.0000	0.0000	0.0000	0.0000	0.0000	0.0000	0.0000	0.0000	0.0000	0.0000	0.0000	0.0000	0.0000	0.0000	0.0000	0.0000	0.0000	0.0000	0.0000	0.0000	0.0000	0.0000	0.0000	0.0000	0.0000	0.0000	0.0000	0.0000	0.0000	0.0000	0.0000	0.0000	0.0000	0.0000	0.0000	0.0000	0.0000	0.0000	0.0000	0.0000	0.0000	0.0000	0.0000	0.0000	0.0000											
68	74	0.6813	6	2	2	1	0	0	0	0	0	Y	Y	N	N	N	N	N	N	N	N	N	N	0.0000	0.0000	0.0000	0.0000	0.0000	0.0000	0.0000	0.0000	0.0000	0.0000	0.0000	0.0000	0.0000	0.0000	0.0000	0.0000	0.0000	0.0000	0.0000	0.0000	0.0000	0.0000	0.0000	0.0010	0.0000	0.0000	0.0000	0.0000	0.0000	0.0000	0.0000	0.0000	0.0000	0.0000	0.0000	0.0000	0.0000	0.0000	0.0000	0.0000	0.0000	0.0000	0.0000	0.0000	0.0000	0.0000	0.0000	0.0000	0.0000	0.0000	0.0000	0.0000	0.0000	0.0000	0.0000	0.0000	0.0000	0.0000	0.0000	0.0000	0.0000	0.0000	0.0000	0.0000	0.0000	0.0000	0.0000	0.0000	0.0000	0.0000	0.0000	0.0000	0.0000	0.0000	0.0000	0.0000	0.0000	0.0000											
68	75	0.6704	8	1	2	1	1	0	0	0	0	N	Y	N	N	N	N	N	N	N	N	N	N	0.0000	0.0000	0.0000	0.0000	0.0000	0.0000	0.0000	0.0000	0.0000	0.0000	0.0000	0.0000	0.0000	0.0000	0.0000	0.0000	0.0000	0.0000	0.0000	0.0000	0.0000	0.0000	0.0000	0.0000	0.0000	0.0000	0.0000	0.0000	0.0000	0.0000	0.0000	0.0000	0.0000	0.0000	0.0000	0.0000	0.0000	0.0000	0.0000	0.0000	0.0000	0.0000	0.0000	0.0000	0.0000	0.0000	0.0000	0.0000	0.0000	0.0000	0.0000	0.0000	0.0000	0.0000	0.0000	0.0000	0.0000	0.0000	0.0000	0.0000	0.0000	0.0000	0.0000	0.0000	0.0000	0.0000	0.0000	0.0000	0.0000	0.0000	0.0000	0.0000	0.0000	0.0000	0.0000	0.0000	0.0000	0.0000											
68	76	0.6704	8	1	1	1	1	0	0	0	0	N	N	N	N	N	N	N	N	N	N	N	N	0.0000	0.0000	0.0000	0.0000	0.0000	0.0000	0.0000	0.0000	0.0000	0.0000	0.0000	0.0000	0.0000	0.0000	0.0000	0.0000	0.0000	0.0000	0.0000	0.0000	0.0000	0.0000	0.0000	0.0000	0.0000	0.0000	0.0000	0.0000	0.0000	0.0000	0.0000	0.0000	0.0000	0.0000	0.0000	0.0000	0.0000	0.0000	0.0000	0.0000	0.0000	0.0000	0.0000	0.0000	0.0000	0.0000	0.0000	0.0000	0.0000	0.0000	0.0000	0.0000	0.0000	0.0000	0.0000	0.0000	0.0000	0.0000	0.0000	0.0000	0.0000	0.0000	0.0000	0.0000	0.0000	0.0000	0.0000	0.0000	0.0000	0.0000	0.0000	0.0000	0.0000	0.0000	0.0000	0.0000	0.0000	0.0000											
68	77	0.6551	7	1	1	1	1	0	0	0	0	N	N	N	N	N	N	N	N	N	N	N	N	0.0000	0.0000	0.0000	0.0000	0.0000	0.0000	0.0000	0.0000	0.0000	0.0000	0.0000	0.0000	0.0000	0.0000	0.0000	0.0000	0.0000	0.0000	0.0000	0.0000	0.0000	0.0002	0.0000	2.9297	0.0000	0.0000	0.0000	0.0000	0.0000	0.0000	0.0000	0.0000	0.0000	0.0000	0.0000	0.0000	0.0000	0.0000	0.0000	0.0000	0.0000	0.0000	0.0000	0.0000	0.0000	0.0000	0.0000	0.0000	0.0000	0.0000	0.0000	0.0000	0.0000	0.0000	0.0000	0.0000	0.0000	0.0000	0.0000	0.0000	0.0000	0.0000	0.0000	0.0000	0.0000	0.0000	0.0000	0.0000	0.0000	0.0000	0.0000	0.0000	0.0000	0.0000	0.0000	0.0000	0.0000	0.0000											
68	78	0.6510	6	1	1	1	1	0	0	0	0	N	N	N	N	N	N	N	N	N	N	N	N	0.0000	0.0000	0.0000	0.0000	0.0000	0.0000	0.0000	0.0000	0.0000	0.0000	0.0000	0.0000	0.0000	0.0000	0.0000	0.0000	0.0000	0.0000	0.0000	0.0000	0.0000	0.0003	0.0000	2.1916	0.0000	0.0000	0.0000	0.0000	0.0000	0.0000	0.0000	0.0000	0.0000	0.0000	0.0000	0.0000	0.0000	0.0000	0.0000	0.0000	0.0000	0.0000	0.0000	0.0000	0.0000	0.0000	0.0000	0.0000	0.0000	0.0000	0.0000	0.0000	0.0000	0.0000	0.0000	0.0000	0.0000	0.0000	0.0000	0.0000	0.0000	0.0000	0.0000	0.0000	0.0000	0.0000	0.0000	0.0000	0.0000	0.0000	0.0000	0.0000	0.0000	0.0000	0.0000	0.0000	0.0000	0.0000											
68	79	0.6432	5	1	1	1	0	0	0	0	0	N	N	N	N	N	N	N	N	N	N	N	N	0.0000	0.0000	0.0000	0.0000	0.0000	0.0000	0.0000	0.0000	0.0000	0.0000	0.0000	0.0000	0.0000	0.0000	0.0000	0.0000	0.0000	0.0000	0.0000	0.0000	0.0000	0.2782	0.0000	1.3600	0.0000	0.0000	0.0000	0.0000	0.0000	0.0000	0.0000	0.0000	0.0000	0.0000	0.0000	0.0000	0.0000	0.0000	0.0000	0.0000	0.0000	0.0000	0.0000	0.0000	0.0000	0.0000	0.0000	0.0000	0.0000	0.0000	0.0000	0.0000	0.0000	0.0000	0.0000	0.0000	0.0000	0.0000	0.0000	0.0000	0.0000	0.0000	0.0000	0.0000	0.0000	0.0000	0.0000	0.0000	0.0000	0.0000	0.0000	0.0000	0.0000	0.0000	0.0000	0.0000	0.0000	0.0000											
68	80	0.6868	7	1	2	2	0	0	0	0	0	N	Y	Y	N	N	N	N	N	N	N	N	N	0.0000	0.0000	0.0000	0.0000	0.0000	0.0000	0.0000	0.0000	0.0000	0.0000	0.0000	0.0000	0.0000	0.0000	0.0000	0.0000	0.0000	0.0000	0.0000	0.0000	0.0000	0.0029	0.0000	2.0135	0.0000	0.0000	0.0000	0.0000	0.0000	0.0000	0.0000	0.0000	0.0000	0.0000	0.0000	0.0000	0.0000	0.0000	0.0000	0.0000	0.0000	0.0000	0.0000	0.0000	0.0000	0.0000	0.0000	0.0000	0.0000	0.0000	0.0000	0.0000	0.0000	0.0000	0.0000	0.0000	0.0000	0.0000	0.0000	0.0000	0.0000	0.0000	0.0000	0.0000	0.0000	0.0000	0.0000	0.0000	0.0000	0.0000	0.0000	0.0000	0.0000	0.0000	0.0000	0.0000	0.0000	0.0000											
68	81	0.6803	6	1	2	1	0	0	0	0	0	N	Y	N	N	N	N	N	N	N	N	N	N	0.0000	0.0000	0.0000	0.0000	0.0000	0.0000	0.0000	0.0000	0.0000	0.0000	0.0000	0.0000	0.0000	0.0000	0.0000	0.0000	0.0000	0.0000	0.0000	0.0000	0.0000	0.6188	0.0000	0.9475	0.0000	0.0000	0.0000	0.0000	0.0000	0.0000	0.0000	0.0000	0.0000	0.0000	0.0000	0.0000	0.0000	0.0000	0.0000	0.0000	0.0000	0.0000	0.0000	0.0000	0.0000	0.0000	0.0000	0.0000	0.0000	0.0000	0.0000	0.0000	0.0000	0.0000	0.0000	0.0000	0.0000	0.0000	0.0000	0.0000	0.0000	0.0000	0.0000	0.0000	0.0000	0.0000	0.0000	0.0000	0.0000	0.0000	0.0000	0.0000	0.0000	0.0000	0.0000	0.0000	0.0000	0.0000											
68	82	0.0793	2	1	2	2	0	0	0	0	0	N	Y	Y	N	N	N	N	N	N	N	N	N	0.0000	0.0000	0.0000	0.0000	0.0000	0.0000	0.0000	0.0000	0.0000	0.0000	0.0000	0.0000	0.0000	0.0000	0.0000	0.0000	0.0000	0.0000	0.0000	0.0000	0.0000	0.0000	0.0000	1.0000	0.0000	0.0000	0.0000	0.0000	0.0000	0.0000	0.0000	0.0000	0.0000	0.0000	0.0000	0.0000	0.0000	0.0000	0.0000	0.0000	0.0000	0.0000	0.0000	0.0000	0.0000	0.0000	0.0000	0.0000	0.0000	0.0000	0.0000	0.0000	0.0000	0.0000	0.0000	0.0000	0.0000	0.0000	0.0000	0.0000	0.0000	0.0000	0.0000	0.0000	0.0000	0.0000	0.0000	0.0000	0.0000	0.0000	0.0000	0.0000	0.0000	0.0000	0.0000	0.0000	0.0000	0.0000											
68	83	0.6543	5	2	1	2	0	0	0	0	0	Y	N	Y	N	N	N	N	N	N	N	N	N	0.0000	0.0000	0.0000	0.0000	0.0000	0.0000	0.0000	0.0000	0.0000	0.0000	0.0000	0.0000	0.0000	0.0000	0.0000	0.0000	0.0000	0.0000	0.0000	0.0000	0.0000	9.0001	0.0000	3.0001	0.0000	0.0000	0.0000	0.0000	0.0000	0.0000	0.0000	0.0000	0.0000	0.0000	0.0000	0.0000	0.0000	0.0000	0.0000	0.0000	0.0000	0.0000	0.0000	0.0000	0.0000	0.0000	0.0000	0.0000	0.0000	0.0000	0.0000	0.0000	0.0000	0.0000	0.0000	0.0000	0.0000	0.0000	0.0000	0.0000	0.0000	0.0000	0.0000	0.0000	0.0000	0.0000	0.0000	0.0000	0.0000	0.0000	0.0000	0.0000	0.0000	0.0000	0.0000	0.0000	0.0000	0.0000											
68	85	0.1030	2	2	2	1	0	0	0	0	0	Y	Y	N	N	N	N	N	N	N	N	N	N	0.0000	0.0000	0.0000	0.0000	0.0000	0.0000	0.0000	0.0000	0.0000	0.0000	0.0000	0.0000	0.0000	0.0000	0.0000	0.0000	0.0000	0.0000	0.0000	0.0000	0.0000	1.0086	0.0000	1.7435	0.0000	0.0000	0.0000	0.0000	0.0000	0.0000	0.0000	0.0000	0.0000	0.0000	0.0000	0.0000	0.0000	0.0000	0.0000	0.0000	0.0000	0.0000	0.0000	0.0000	0.0000	0.0000	0.0000	0.0000	0.0000	0.0000	0.0000	0.0000	0.0000	0.0000	0.0000	0.0000	0.0000	0.0000	0.0000	0.0000	0.0000	0.0000	0.0000	0.0000	0.0000	0.0000	0.0000	0.0000	0.0000	0.0000	0.0000	0.0000	0.0000	0.0000	0.0000	0.0000	0.0000	0.0000											
68	87	0.6130	4	2	2	1	0	0	0	0	0	Y	Y	N	N	N	N	N	N	N	N	N	N	0.0000	0.0000	0.0000	0.0000	0.0000	0.0000	0.0000	0.0000	0.0000	0.0000	0.0000	0.0000	0.0000	0.0000	0.0000	0.0000	0.0000	0.0000	0.0000	0.0000	0.0000	9.0005	0.0000	5.0000	0.0000	0.0000	0.0000	0.0000	0.0000	0.0000	0.0000	0.0000	0.0000	0.0000	0.0000	0.0000	0.0000	0.0000	0.0000	0.0000	0.0000	0.0000	0.0000	0.0000	0.0000	0.0000	0.0000	0.0000	0.0000	0.0000	0.0000	0.0000	0.0000	0.0000	0.0000	0.0000	0.0000	0.0000	0.0000	0.0000	0.0000	0.0000	0.0000	0.0000	0.0000	0.0000	0.0000	0.0000	0.0000	0.0000	0.0000	0.0000	0.0000	0.0000	0.0000	0.0000	0.0000	0.0000											
68	88	0.0793	2	1	2	1	0	0	0	0	0	N	Y	N	N	N	N	N	N	N	N	N	N	0.0000	0.0000	0.0000	0.0000	0.0000	0.0000	0.0000	0.0000	0.0000	0.0000	0.0000	0.0000	0.0000	0.0000	0.0000	0.0000	0.0000	0.0000	0.0000	0.0000	0.0000	0.0000	0.0000	0.0000	0.0000	0.0000	0.0000	0.0000	0.0000	0.0000	0.0000	0.0000	0.0000	0.0000	0.0000	0.0000	0.0000	0.0000	0.0000	0.0000	0.0000	0.0000	0.0000	0.0000	0.0000	0.0000	0.0000	0.0000	0.0000	0.0000	0.0000	0.0000	0.0000	0.0000	0.0000	0.0000	0.0000	0.0000	0.0000	0.0000	0.0000	0.0000	0.0000	0.0000	0.0000	0.0000	0.0000	0.0000	0.0000	0.0000	0.0000	0.0000	0.0000	0.0000	0.0000	0.0000	0.0000	0.0000											
68	89	0.6803	6	1	2	1	0	0	0	0	0	N	Y	N	N	N	N	N	N	N	N	N	N	0.0000	0.0000	0.0000	0.0000	0.0000	0.0000	0.0000	0.0000	0.0000	0.0000	0.0000	0.0000	0.0000	0.0000	0.0000	0.0000	0.0000	0.0000	0.0000	0.0000	0.0000	1.9953	0.0000	1.0817	0.0000	0.0000	0.0000	0.0000	0.0000	0.0000	0.0000	0.0000	0.0000	0.0000	0.0000	0.0000	0.0000	0.0000	0.0000	0.0000	0.0000	0.0000	0.0000	0.0000	0.0000	0.0000	0.0000	0.0000	0.0000	0.0000	0.0000	0.0000	0.0000	0.0000	0.0000	0.0000	0.0000	0.0000	0.0000	0.0000	0.0000	0.0000	0.0000	0.0000	0.0000	0.0000	0.0000	0.0000	0.0000	0.0000	0.0000	0.0000	0.0000	0.0000	0.0000	0.0000	0.0000	0.0000											
68	90	0.6543	5	1	2	1	0	0	0	0	0	N	Y	N	N	N	N	N	N	N	N	N	N	0.0000	0.0000	0.0000	0.0000	0.0000	0.0000	0.0000	0.0000	0.0000	0.0000	0.0000	0.0000	0.0000	0.0000	0.0000	0.0000	0.0000	0.0000	0.0000	0.0000	0.0000	2.3999	0.0000	4.0713	0.0000	0.0000	0.0000	0.0000	0.0000	0.0000	0.0000	0.0000	0.0000	0.0000	0.0000	0.0000	0.0000	0.0000	0.0000	0.0000	0.0000	0.0000	0.0000	0.0000	0.0000	0.0000	0.0000	0.0000	0.0000	0.0000	0.0000	0.0000	0.0000	0.0000	0.0000	0.0000	0.0000	0.0000	0.0000	0.0000	0.0000	0.0000	0.0000	0.0000	0.0000	0.0000	0.0000	0.0000	0.0000	0.0000	0.0000	0.0000	0.0000	0.0000	0.0000	0.0000	0.0000	0.0000											
68	91	0.6753	6	1	1	2	0	0	0	0	0	N	N	Y	N	N	N	N	N	N	N	N	N	0.0000	0.0000	0.0000	0.0000	0.0000	0.0000	0.0000	0.0000	0.0000	0.0000	0.0000	0.0000	0.0000	0.0000	0.0000	0.0000	0.0000	0.0000	0.0000	0.0000	0.0000	0.0000	0.0000	0.0000	0.0000	0.0000	0.0000	0.0000	0.0000	0.0000	0.0000	0.0000	0.0000	0.0000	0.0000	0.0000	0.0000	0.0000	0.0000	0.0000	0.0000	0.0000	0.0000	0.0000	0.0000	0.0000	0.0000	0.0000	0.0000	0.0000	0.0000	0.0000	0.0000	0.0000	0.0000	0.0000	0.0000	0.0000	0.0000	0.0000	0.0000	0.0000	0.0000	0.0000	0.0000	0.0000	0.0000	0.0000	0.0000	0.0000	0.0000	0.0000	0.0000	0.0000	0.0000	0.0000	0.0000	0.0000											
68	92	0.6432	5	1	1	2	0	0	0	0	0	N	N	Y	N	N	N	N	N	N	N	N	N	0.0000	0.0000	0.0000	0.0000	0.0000	0.0000	0.0000	0.0000	0.0000	0.0000	0.0000	0.0000	0.0000	0.0000	0.0000	0.0000	0.0000	0.0000	0.0000	0.0000	0.0000	3.7221	0.0000	2.9993	0.0000	0.0000	0.0000	0.0000	0.0000	0.0000	0.0000	0.0000	0.0000	0.0000	0.0000	0.0000	0.0000	0.0000	0.0000	0.0000	0.0000	0.0000	0.0000	0.0000	0.0000	0.0000	0.0000	0.0000	0.0000	0.0000	0.0000	0.0000	0.0000	0.0000	0.0000	0.0000	0.0000	0.0000	0.0000	0.0000	0.0000	0.0000	0.0000	0.0000	0.0000	0.0000	0.0000	0.0000	0.0000	0.0000	0.0000	0.0000	0.0000	0.0000	0.0000	0.0000	0.0000	0.0000											
68	93	0.6130	4	1	1	1	0	0	0	0	0	N	N	N	N	N	N	N	N	N	N	N	N	0.0000	0.0000	0.0000	0.0000	0.0000	0.0000	0.0000	0.0000	0.0000	0.0000	0.0000	0.0000	0.0000	0.0000	0.0000	0.0000	0.0000	0.0000	0.0000	0.0000	0.0000	2.7217	0.0000	3.0458	0.0000	0.0000	0.0000	0.0000	0.0000	0.0000	0.0000	0.0000	0.0000	0.0000	0.0000	0.0000	0.0000	0.0000	0.0000	0.0000	0.0000	0.0000	0.0000	0.0000	0.0000	0.0000	0.0000	0.0000	0.0000	0.0000	0.0000	0.0000	0.0000	0.0000	0.0000	0.0000	0.0000	0.0000	0.0000	0.0000	0.0000	0.0000	0.0000	0.0000	0.0000	0.0000	0.0000	0.0000	0.0000	0.0000	0.0000	0.0000	0.0000	0.0000	0.0000	0.0000	0.0000	0.0000											
68	94	0.6706	6	2	2	1	0	0	0	0	0	Y	Y	N	N	N	N	N	N	N	N	N	N	0.0000	0.0000	0.0000	0.0000	0.0000	0.0000	0.0000	0.0000	0.0000	0.0000	0.0000	0.0000	0.0000	0.0000	0.0000	0.0000	0.0000	0.0000	0.0000	0.0000	0.0000	5.9980	0.0000	4.9575	0.0000	0.0000	0.0000	0.0000	0.0000	0.0000	0.0000	0.0000	0.0000	0.0000	0.0000	0.0000	0.0000	0.0000	0.0000	0.0000	0.0000	0.0000	0.0000	0.0000	0.0000	0.0000	0.0000	0.0000	0.0000	0.0000	0.0000	0.0000	0.0000	0.0000	0.0000	0.0000	0.0000	0.0000	0.0000	0.0000	0.0000	0.0000	0.0000	0.0000	0.0000	0.0000	0.0000	0.0000	0.0000	0.0000	0.0000	0.0000	0.0000	0.0000	0.0000	0.0000	0.0000	0.0000											
68	95	0.0793	2	2	2	1	0	0	0	0	0	Y	Y	N	N	N	N	N	N	N	N	N	N	0.0000	0.0000	0.0000	0.0000	0.0000	0.0000	0.0000	0.0000	0.0000	0.0000	0.0000	0.0000	0.0000	0.0000	0.0000	0.0000	0.0000	0.0000	0.0000	0.0000	0.0000	0.0000	0.0000	2.0000	0.0000	0.0000	0.0000	0.0000	0.0000	0.0000	0.0000	0.0000	0.0000	0.0000	0.0000	0.0000	0.0000	0.0000	0.0000	0.0000	0.0000	0.0000	0.0000	0.0000	0.0000	0.0000	0.0000	0.0000	0.0000	0.0000	0.0000	0.0000	0.0000	0.0000	0.0000	0.0000	0.0000	0.0000	0.0000	0.0000	0.0000	0.0000	0.0000	0.0000	0.0000	0.0000	0.0000	0.0000	0.0000	0.0000	0.0000	0.0000	0.0000	0.0000	0.0000	0.0000	0.0000	0.0000											
68	97	0.6130	4	1	1	1	0	0	0	0	0	N	N	N	N	N	N	N	N	N	N	N	N	0.0000	0.0000	0.0000	0.0000	0.0000	0.0000	0.0000	0.0000	0.0000	0.0000	0.0000	0.0000	0.0000	0.0000	0.0000	0.0000	0.0000	0.0000	0.0000	0.0000	0.0000	3.9994	0.0000	4.0000	0.0000	0.0000	0.0000	0.0000	0.0000	0.0000	0.0000	0.0000	0.0000	0.0000	0.0000	0.0000	0.0000	0.0000	0.0000	0.0000	0.0000	0.0000	0.0000	0.0000	0.0000	0.0000	0.0000	0.0000	0.0000	0.0000	0.0000	0.0000	0.0000	0.0000	0.0000	0.0000	0.0000	0.0000	0.0000	0.0000	0.0000	0.0000	0.0000	0.0000	0.0000	0.0000	0.0000	0.0000	0.0000	0.0000	0.0000	0.0000	0.0000	0.0000	0.0000	0.0000	0.0000	0.0000											
68	99	0.5021	3	1	1	1	0	0	0	0	0	N	N	N	N	N	N	N	N	N	N	N	N	0.0000	0.0000	0.0000	0.0000	0.0000	0.0000	0.0000	0.0000	0.0000	0.0000	0.0000	0.0000	0.0000	0.0000	0.0000	0.0000	0.0000	0.0000	0.0000	0.0000	0.0000	1.5982	0.0000	11.1970	0.0000	0.0000	0.0000	0.0000	0.0000	0.0000	0.0000	0.0000	0.0000	0.0000	0.0000	0.0000	0.0000	0.0000	0.0000	0.0000	0.0000	0.0000	0.0000	0.0000	0.0000	0.0000	0.0000	0.0000	0.0000	0.0000	0.0000	0.0000	0.0000	0.0000	0.0000	0.0000	0.0000	0.0000	0.0000	0.0000	0.0000	0.0000	0.0000	0.0000	0.0000	0.0000	0.0000	0.0000	0.0000	0.0000	0.0000	0.0000	0.0000	0.0000	0.0000	0.0000	0.0000	0.0000											
68	100	0.6720	7	2	2	2	0	0	0	0	0	Y	Y	Y	N	N	N	N	N	N	N	N	N	0.0000	0.0000	0.0000	0.0000	0.0000	0.0000	0.0000	0.0000	0.0000	0.0000	0.0000	0.0000	0.0000	0.0000	0.0000	0.0000	0.0000	0.0000	0.0000	0.0000	0.0000	0.0000	0.0000	0.9982	0.0000	0.0000	0.0000	0.0000	0.0000	0.0000	0.0000	0.0000	0.0000	0.0000	0.0000	0.0000	0.0000	0.0000	0.0000	0.0000	0.0000	0.0000	0.0000	0.0000	0.0000	0.0000	0.0000	0.0000	0.0000	0.0000	0.0000	0.0000	0.0000	0.0000	0.0000	0.0000	0.0000	0.0000	0.0000	0.0000	0.0000	0.0000	0.0000	0.0000	0.0000	0.0000	0.0000	0.0000	0.0000	0.0000	0.0000	0.0000	0.0000	0.0000	0.0000	0.0000	0.0000	0.0000											
68	101	0.0917	4	2	2	2	0	0	0	0	0	Y	Y	Y	N	N	N	N	N	N	N	N	N	0.0000	0.0000	0.0000	0.0000	0.0000	0.0000	0.0000	0.0000	0.0000	0.0000	0.0000	0.0000	0.0000	0.0000	0.0000	0.0000	0.0000	0.0000	0.0000	0.0000	0.0000	0.0000	0.0000	0.0000	0.0000	0.0000	0.0000	0.0000	0.0000	0.0000	0.0000	0.0000	0.0000	0.0000	0.0000	0.0000	0.0000	0.0000	0.0000	0.0000	0.0000	0.0000	0.0000	0.0000	0.0000	0.0000	0.0000	0.0000	0.0000	0.0000	0.0000	0.0000	0.0000	0.0000	0.0000	0.0000	0.0000	0.0000	0.0000	0.0000	0.0000	0.0000	0.0000	0.0000	0.0000	0.0000	0.0000	0.0000	0.0000	0.0000	0.0000	0.0000	0.0000	0.0000	0.0000	0.0000	0.0000	0.0000											
68	102	0.0916	3	2	1	2	0	0	0	0	0	Y	N	Y	N	N	N	N	N	N	N	N	N	0.0000	0.0000	0.0000	0.0000	0.0000	0.0000	0.0000	0.0000	0.0000	0.0000	0.0000	0.0000	0.0000	0.0000	0.0000	0.0000	0.0000	0.0000	0.0000	0.0000	0.0000	0.0000	0.0000	0.0000	0.0000	0.0000	0.0000	0.0000	0.0000	0.0000	0.0000	0.0000	0.0000	0.0000	0.0000	0.0000	0.0000	0.0000	0.0000	0.0000	0.0000	0.0000	0.0000	0.0000	0.0000	0.0000	0.0000	0.0000	0.0000	0.0000	0.0000	0.0000	0.0000	0.0000	0.0000	0.0000	0.0000	0.0000	0.0000	0.0000	0.0000	0.0000	0.0000	0.0000	0.0000	0.0000	0.0000	0.0000	0.0000	0.0000	0.0000	0.0000	0.0000	0.0000	0.0000	0.0000	0.0000	0.0000											
68	103	0.0856	2	2	1	2	0	0	0	0	0	Y	N	Y	N	N	N	N	N	N	N	N	N	0.0000	0.0000	0.0000	0.0000	0.0000	0.0000	0.0000	0.0000	0.0000	0.0000	0.0000	0.0000	0.0000	0.0000	0.0000	0.0000	0.0000	0.0000	0.0000	0.0000	0.0000	0.0000	0.0000	1.0091	0.0000	0.0000	0.0000	0.0000	0.0000	0.0000	0.0000	0.0000	0.0000	0.0000	0.0000	0.0000	0.0000	0.0000	0.0000	0.0000	0.0000	0.0000	0.0000	0.0000	0.0000	0.0000	0.0000	0.0000	0.0000	0.0000	0.0000	0.0000	0.0000	0.0000	0.0000	0.0000	0.0000	0.0000	0.0000	0.0000	0.0000	0.0000	0.0000	0.0000	0.0000	0.0000	0.0000	0.0000	0.0000	0.0000	0.0000	0.0000	0.0000	0.0000	0.0000	0.0000	0.0000	0.0000											
68	104	0.6130	4	1	2	1	0	0	0	0	0	N	Y	N	N	N	N	N	N	N	N	N	N	0.0000	0.0000	0.0000	0.0000	0.0000	0.0000	0.0000	0.0000	0.0000	0.0000	0.0000	0.0000	0.0000	0.0000	0.0000	0.0000	0.0000	0.0000	0.0000	0.0000	0.0000	7.9994	0.0000	4.0001	0.0000	0.0000	0.0000	0.0000	0.0000	0.0000	0.0000	0.0000	0.0000	0.0000	0.0000	0.0000	0.0000	0.0000	0.0000	0.0000	0.0000	0.0000	0.0000	0.0000	0.0000	0.0000	0.0000	0.0000	0.0000	0.0000	0.0000	0.0000	0.0000	0.0000	0.0000	0.0000	0.0000	0.0000	0.0000	0.0000	0.0000	0.0000	0.0000	0.0000	0.0000	0.0000	0.0000	0.0000	0.0000	0.0000	0.0000	0.0000	0.0000	0.0000	0.0000	0.0000	0.0000	0.0000											
68	105	0.6755	8	2	1	2	0	0	0	0	0	Y	N	Y	N	N	N	N	N	N	N	N	N	0.0000	0.0000	0.0000	0.0000	0.0000	0.0000	0.0000	0.0000	0.0000	0.0000	0.0000	0.0000	0.0000	0.0000	0.0000	0.0000	0.0000	0.0000	0.0000	0.0000	0.0000	1.0000	0.0000	1.0005	0.0000	0.0000	0.0000	0.0000	0.0000	0.0000	0.0000	0.0000	0.0000	0.0000	0.0000	0.0000	0.0000	0.0000	0.0000	0.0000	0.0000	0.0000	0.0000	0.0000	0.0000	0.0000	0.0000	0.0000	0.0000	0.0000	0.0000	0.0000	0.0000	0.0000	0.0000	0.0000	0.0000	0.0000	0.0000	0.0000	0.0000	0.0000	0.0000	0.0000	0.0000	0.0000	0.0000	0.0000	0.0000	0.0000	0.0000	0.0000	0.0000	0.0000	0.0000	0.0000	0.0000	0.0000											
68	106	0.6720	7	2	1	2	0	0	0	0	0	Y	N	Y	N	N	N	N	N	N	N	N	N	0.0000	0.0000	0.0000	0.0000	0.0000	0.0000	0.0000	0.0000	0.0000	0.0000	0.0000	0.0000	0.0000	0.0000	0.0000	0.0000	0.0000	0.0000	0.0000	0.0000	0.0000	0.7249	0.0000	0.0368	0.0000	0.0000	0.0000	0.0000	0.0000	0.0000	0.0000	0.0000	0.0000	0.0000	0.0000	0.0000	0.0000	0.0000	0.0000	0.0000	0.0000	0.0000	0.0000	0.0000	0.0000	0.0000	0.0000	0.0000	0.0000	0.0000	0.0000	0.0000	0.0000	0.0000	0.0000	0.0000	0.0000	0.0000	0.0000	0.0000	0.0000	0.0000	0.0000	0.0000	0.0000	0.0000	0.0000	0.0000	0.0000	0.0000	0.0000	0.0000	0.0000	0.0000	0.0000	0.0000	0.0000	0.0000											
68	107	0.6706	6	2	1	2	0	0	0	0	0	Y	N	Y	N	N	N	N	N	N	N	N	N	0.0000	0.0000	0.0000	0.0000	0.0000	0.0000	0.0000	0.0000	0.0000	0.0000	0.0000	0.0000	0.0000	0.0000	0.0000	0.0000	0.0000	0.0000	0.0000	0.0000	0.0000	0.4159	0.0000	0.0887	0.0000	0.0000	0.0000	0.0000	0.0000	0.0000	0.0000	0.0000	0.0000	0.0000	0.0000	0.0000	0.0000	0.0000	0.0000	0.0000	0.0000	0.0000	0.0000	0.0000	0.0000	0.0000	0.0000	0.0000	0.0000	0.0000	0.0000	0.0000	0.0000	0.0000	0.0000	0.0000	0.0000	0.0000	0.0000	0.0000	0.0000	0.0000	0.0000	0.0000	0.0000	0.0000	0.0000	0.0000	0.0000	0.0000	0.0000	0.0000	0.0000	0.0000	0.0000	0.0000	0.0000	0.0000											
68	108	0.6543	5	2	1	1	0	0	0	0	0	Y	N	N	N	N	N	N	N	N	N	N	N	0.0000	0.0000	0.0000	0.0000	0.0000	0.0000	0.0000	0.0000	0.0000	0.0000	0.0000	0.0000	0.0000	0.0000	0.0000	0.0000	0.0000	0.0000	0.0000	0.0000	0.0000	3.9943	0.0000	0.9974	0.0000	0.0000	0.0000	0.0000	0.0000	0.0000	0.0000	0.0000	0.0000	0.0000	0.0000	0.0000	0.0000	0.0000	0.0000	0.0000	0.0000	0.0000	0.0000	0.0000	0.0000	0.0000	0.0000	0.0000	0.0000	0.0000	0.0000	0.0000	0.0000	0.0000	0.0000	0.0000	0.0000	0.0000	0.0000	0.0000	0.0000	0.0000	0.0000	0.0000	0.0000	0.0000	0.0000	0.0000	0.0000	0.0000	0.0000	0.0000	0.0000	0.0000	0.0000	0.0000	0.0000	0.0000											
68	109	0.0856	2	2	1	2	0	0	0	0	0	Y	N	Y	N	N	N	N	N	N	N	N	N	0.0000	0.0000	0.0000	0.0000	0.0000	0.0000	0.0000	0.0000	0.0000	0.0000	0.0000	0.0000	0.0000	0.0000	0.0000	0.0000	0.0000	0.0000	0.0000	0.0000	0.0000	0.0000	0.0000	0.9909	0.0000	0.0000	0.0000	0.0000	0.0000	0.0000	0.0000	0.0000	0.0000	0.0000	0.0000	0.0000	0.0000	0.0000	0.0000	0.0000	0.0000	0.0000	0.0000	0.0000	0.0000	0.0000	0.0000	0.0000	0.0000	0.0000	0.0000	0.0000	0.0000	0.0000	0.0000	0.0000	0.0000	0.0000	0.0000	0.0000	0.0000	0.0000	0.0000	0.0000	0.0000	0.0000	0.0000	0.0000	0.0000	0.0000	0.0000	0.0000	0.0000	0.0000	0.0000	0.0000	0.0000	0.0000											
68	112	0.6589	5	1	1	2	0	0	0	0	0	N	N	Y	N	N	N	N	N	N	N	N	N	0.0000	0.0000	0.0000	0.0000	0.0000	0.0000	0.0000	0.0000	0.0000	0.0000	0.0000	0.0000	0.0000	0.0000	0.0000	0.0000	0.0000	0.0000	0.0000	0.0000	0.0000	0.0000	0.0000	0.0001	0.0000	0.0000	0.0000	0.0000	0.0000	0.0000	0.0000	0.0000	0.0000	0.0000	0.0000	0.0000	0.0000	0.0000	0.0000	0.0000	0.0000	0.0000	0.0000	0.0000	0.0000	0.0000	0.0000	0.0000	0.0000	0.0000	0.0000	0.0000	0.0000	0.0000	0.0000	0.0000	0.0000	0.0000	0.0000	0.0000	0.0000	0.0000	0.0000	0.0000	0.0000	0.0000	0.0000	0.0000	0.0000	0.0000	0.0000	0.0000	0.0000	0.0000	0.0000	0.0000	0.0000	0.0000											
68	113	0.6130	4	1	1	2	0	0	0	0	0	N	N	Y	N	N	N	N	N	N	N	N	N	0.0000	0.0000	0.0000	0.0000	0.0000	0.0000	0.0000	0.0000	0.0000	0.0000	0.0000	0.0000	0.0000	0.0000	0.0000	0.0000	0.0000	0.0000	0.0000	0.0000	0.0000	4.0004	0.0000	4.9999	0.0000	0.0000	0.0000	0.0000	0.0000	0.0000	0.0000	0.0000	0.0000	0.0000	0.0000	0.0000	0.0000	0.0000	0.0000	0.0000	0.0000	0.0000	0.0000	0.0000	0.0000	0.0000	0.0000	0.0000	0.0000	0.0000	0.0000	0.0000	0.0000	0.0000	0.0000	0.0000	0.0000	0.0000	0.0000	0.0000	0.0000	0.0000	0.0000	0.0000	0.0000	0.0000	0.0000	0.0000	0.0000	0.0000	0.0000	0.0000	0.0000	0.0000	0.0000	0.0000	0.0000	0.0000											
68	114	0.0896	2	1	2	1	0	0	0	0	0	N	Y	N	N	N	N	N	N	N	N	N	N	0.0000	0.0000	0.0000	0.0000	0.0000	0.0000	0.0000	0.0000	0.0000	0.0000	0.0000	0.0000	0.0000	0.0000	0.0000	0.0000	0.0000	0.0000	0.0000	0.0000	0.0000	4.3361	0.0000	4.6323	0.0000	0.0000	0.0000	0.0000	0.0000	0.0000	0.0000	0.0000	0.0000	0.0000	0.0000	0.0000	0.0000	0.0000	0.0000	0.0000	0.0000	0.0000	0.0000	0.0000	0.0000	0.0000	0.0000	0.0000	0.0000	0.0000	0.0000	0.0000	0.0000	0.0000	0.0000	0.0000	0.0000	0.0000	0.0000	0.0000	0.0000	0.0000	0.0000	0.0000	0.0000	0.0000	0.0000	0.0000	0.0000	0.0000	0.0000	0.0000	0.0000	0.0000	0.0000	0.0000	0.0000	0.0000											
68	116	0.6130	4	1	2	1	1	0	0	0	0	N	Y	N	N	N	N	N	N	N	N	N	N	0.0000	0.0000	0.0000	0.0000	0.0000	0.0000	0.0000	0.0000	0.0000	0.0000	0.0000	0.0000	0.0000	0.0000	0.0000	0.0000	0.0000	0.0000	0.0000	0.0000	0.0000	5.0006	0.0000	2.0000	0.0000	0.0000	0.0000	0.0000	0.0000	0.0000	0.0000	0.0000	0.0000	0.0000	0.0000	0.0000	0.0000	0.0000	0.0000	0.0000	0.0000	0.0000	0.0000	0.0000	0.0000	0.0000	0.0000	0.0000	0.0000	0.0000	0.0000	0.0000	0.0000	0.0000	0.0000	0.0000	0.0000	0.0000	0.0000	0.0000	0.0000	0.0000	0.0000	0.0000	0.0000	0.0000	0.0000	0.0000	0.0000	0.0000	0.0000	0.0000	0.0000	0.0000	0.0000	0.0000	0.0000	0.0000											
68	118	0.6130	4	1	2	1	0	0	0	0	0	N	Y	N	N	N	N	N	N	N	N	N	N	0.0000	0.0000	0.0000	0.0000	0.0000	0.0000	0.0000	0.0000	0.0000	0.0000	0.0000	0.0000	0.0000	0.0000	0.0000	0.0000	0.0000	0.0000	0.0000	0.0000	0.0000	16.9994	0.0000	6.0000	0.0000	0.0000	0.0000	0.0000	0.0000	0.0000	0.0000	0.0000	0.0000	0.0000	0.0000	0.0000	0.0000	0.0000	0.0000	0.0000	0.0000	0.0000	0.0000	0.0000	0.0000	0.0000	0.0000	0.0000	0.0000	0.0000	0.0000	0.0000	0.0000	0.0000	0.0000	0.0000	0.0000	0.0000	0.0000	0.0000	0.0000	0.0000	0.0000	0.0000	0.0000	0.0000	0.0000	0.0000	0.0000	0.0000	0.0000	0.0000	0.0000	0.0000	0.0000	0.0000	0.0000	0.0000											
68	120	0.0850	2	1	2	1	0	0	0	0	0	N	Y	N	N	N	N	N	N	N	N	N	N	0.0000	0.0000	0.0000	0.0000	0.0000	0.0000	0.0000	0.0000	0.0000	0.0000	0.0000	0.0000	0.0000	0.0000	0.0000	0.0000	0.0000	0.0000	0.0000	0.0000	0.0000	0.9998	0.0000	0.9486	0.0000	0.0000	0.0000	0.0000	0.0000	0.0000	0.0000	0.0000	0.0000	0.0000	0.0000	0.0000	0.0000	0.0000	0.0000	0.0000	0.0000	0.0000	0.0000	0.0000	0.0000	0.0000	0.0000	0.0000	0.0000	0.0000	0.0000	0.0000	0.0000	0.0000	0.0000	0.0000	0.0000	0.0000	0.0000	0.0000	0.0000	0.0000	0.0000	0.0000	0.0000	0.0000	0.0000	0.0000	0.0000	0.0000	0.0000	0.0000	0.0000	0.0000	0.0000	0.0000	0.0000	0.0000											
68	122	0.6543	5	1	2	1	0	0	0	0	0	N	Y	N	N	N	N	N	N	N	N	N	N	0.0000	0.0000	0.0000	0.0000	0.0000	0.0000	0.0000	0.0000	0.0000	0.0000	0.0000	0.0000	0.0000	0.0000	0.0000	0.0000	0.0000	0.0000	0.0000	0.0000	0.0000	2.0001	0.0000	3.0000	0.0000	0.0000	0.0000	0.0000	0.0000	0.0000	0.0000	0.0000	0.0000	0.0000	0.0000	0.0000	0.0000	0.0000	0.0000	0.0000	0.0000	0.0000	0.0000	0.0000	0.0000	0.0000	0.0000	0.0000	0.0000	0.0000	0.0000	0.0000	0.0000	0.0000	0.0000	0.0000	0.0000	0.0000	0.0000	0.0000	0.0000	0.0000	0.0000	0.0000	0.0000	0.0000	0.0000	0.0000	0.0000	0.0000	0.0000	0.0000	0.0000	0.0000	0.0000	0.0000	0.0000	0.0000											
68	123	0.6130	4	1	1	1	0	0	0	0	0	N	N	N	N	N	N	N	N	N	N	N	N	0.0000	0.0000	0.0000	0.0000	0.0000	0.0000	0.0000	0.0000	0.0000	0.0000	0.0000	0.0000	0.0000	0.0000	0.0000	0.0000	0.0000	0.0000	0.0000	0.0000	0.0000	6.9986	0.0000	2.0000	0.0000	0.0000	0.0000	0.0000	0.0000	0.0000	0.0000	0.0000	0.0000	0.0000	0.0000	0.0000	0.0000	0.0000	0.0000	0.0000	0.0000	0.0000	0.0000	0.0000	0.0000	0.0000	0.0000	0.0000	0.0000	0.0000	0.0000	0.0000	0.0000	0.0000	0.0000	0.0000	0.0000	0.0000	0.0000	0.0000	0.0000	0.0000	0.0000	0.0000	0.0000	0.0000	0.0000	0.0000	0.0000	0.0000	0.0000	0.0000	0.0000	0.0000	0.0000	0.0000	0.0000	0.0000											
68	124	0.0904	2	1	2	1	0	0	0	0	0	N	Y	N	N	N	N	N	N	N	N	N	N	0.0000	0.0000	0.0000	0.0000	0.0000	0.0000	0.0000	0.0000	0.0000	0.0000	0.0000	0.0000	0.0000	0.0000	0.0000	0.0000	0.0000	0.0000	0.0000	0.0000	0.0000	3.9006	0.0000	3.1543	0.0000	0.0000	0.0000	0.0000	0.0000	0.0000	0.0000	0.0000	0.0000	0.0000	0.0000	0.0000	0.0000	0.0000	0.0000	0.0000	0.0000	0.0000	0.0000	0.0000	0.0000	0.0000	0.0000	0.0000	0.0000	0.0000	0.0000	0.0000	0.0000	0.0000	0.0000	0.0000	0.0000	0.0000	0.0000	0.0000	0.0000	0.0000	0.0000	0.0000	0.0000	0.0000	0.0000	0.0000	0.0000	0.0000	0.0000	0.0000	0.0000	0.0000	0.0000	0.0000	0.0000	0.0000											
68	126	0.6130	4	1	2	1	0	0	0	0	0	N	Y	N	N	N	N	N	N	N	N	N	N	0.0000	0.0000	0.0000	0.0000	0.0000	0.0000	0.0000	0.0000	0.0000	0.0000	0.0000	0.0000	0.0000	0.0000	0.0000	0.0000	0.0000	0.0000	0.0000	0.0000	0.0000	0.9996	0.0000	8.0005	0.0000	0.0000	0.0000	0.0000	0.0000	0.0000	0.0000	0.0000	0.0000	0.0000	0.0000	0.0000	0.0000	0.0000	0.0000	0.0000	0.0000	0.0000	0.0000	0.0000	0.0000	0.0000	0.0000	0.0000	0.0000	0.0000	0.0000	0.0000	0.0000	0.0000	0.0000	0.0000	0.0000	0.0000	0.0000	0.0000	0.0000	0.0000	0.0000	0.0000	0.0000	0.0000	0.0000	0.0000	0.0000	0.0000	0.0000	0.0000	0.0000	0.0000	0.0000	0.0000	0.0000	0.0000											
68	127	0.5184	4	1	1	1	0	0	0	0	0	N	N	N	N	N	N	N	N	N	N	N	N	0.0000	0.0000	0.0000	0.0000	0.0000	0.0000	0.0000	0.0000	0.0000	0.0000	0.0000	0.0000	0.0000	0.0000	0.0000	0.0000	0.0000	0.0000	0.0000	0.0000	0.0000	3.6536	0.0000	12.3970	0.0000	0.0000	0.0000	0.0000	0.0000	0.0000	0.0000	0.0000	0.0000	0.0000	0.0000	0.0000	0.0000	0.0000	0.0000	0.0000	0.0000	0.0000	0.0000	0.0000	0.0000	0.0000	0.0000	0.0000	0.0000	0.0000	0.0000	0.0000	0.0000	0.0000	0.0000	0.0000	0.0000	0.0000	0.0000	0.0000	0.0000	0.0000	0.0000	0.0000	0.0000	0.0000	0.0000	0.0000	0.0000	0.0000	0.0000	0.0000	0.0000	0.0000	0.0000	0.0000	0.0000	0.0000											
68	128	0.3073	2	1	1	1	0	0	0	0	0	N	N	N	N	N	N	N	N	N	N	N	N	0.0000	0.0000	0.0000	0.0000	0.0000	0.0000	0.0000	0.0000	0.0000	0.0000	0.0000	0.0000	0.0000	0.0000	0.0000	0.0000	0.0000	0.0000	0.0000	0.0000	0.0000	5.3495	0.0000	12.4099	0.0000	0.0000	0.0000	0.0000	0.0000	0.0000	0.0000	0.0000	0.0000	0.0000	0.0000	0.0000	0.0000	0.0000	0.0000	0.0000	0.0000	0.0000	0.0000	0.0000	0.0000	0.0000	0.0000	0.0000	0.0000	0.0000	0.0000	0.0000	0.0000	0.0000	0.0000	0.0000	0.0000	0.0000	0.0000	0.0000	0.0000	0.0000	0.0000	0.0000	0.0000	0.0000	0.0000	0.0000	0.0000	0.0000	0.0000	0.0000	0.0000	0.0000	0.0000	0.0000	0.0000	0.0000											
68	129	0.7245	10	1	2	1	1	0	0	0	0	N	Y	N	N	N	N	N	N	N	N	N	N	0.0000	0.0000	0.0000	0.0000	0.0000	0.0000	0.0000	0.0000	0.0000	0.0000	0.0000	0.0000	0.0000	0.0000	0.0000	0.0000	0.0000	0.0000	0.0000	0.0000	0.0000	0.0000	0.0000	0.0000	0.0000	0.0000	0.0000	0.0000	0.0000	0.0000	0.0000	0.0000	0.0000	0.0000	0.0000	0.0000	0.0000	0.0000	0.0000	0.0000	0.0000	0.0000	0.0000	0.0000	0.0000	0.0000	0.0000	0.0000	0.0000	0.0000	0.0000	0.0000	0.0000	0.0000	0.0000	0.0000	0.0000	0.0000	0.0000	0.0000	0.0000	0.0000	0.0000	0.0000	0.0000	0.0000	0.0000	0.0000	0.0000	0.0000	0.0000	0.0000	0.0000	0.0000	0.0000	0.0000	0.0000	0.0000											
68	130	0.7082	9	1	2	1	1	0	0	0	0	N	Y	N	N	N	N	N	N	N	N	N	N	0.0000	0.0000	0.0000	0.0000	0.0000	0.0000	0.0000	0.0000	0.0000	0.0000	0.0000	0.0000	0.0000	0.0000	0.0000	0.0000	0.0000	0.0000	0.0000	0.0000	0.0000	0.0000	0.0000	3.0001	0.0000	0.0000	0.0000	0.0000	0.0000	0.0000	0.0000	0.0000	0.0000	0.0000	0.0000	0.0000	0.0000	0.0000	0.0000	0.0000	0.0000	0.0000	0.0000	0.0000	0.0000	0.0000	0.0000	0.0000	0.0000	0.0000	0.0000	0.0000	0.0000	0.0000	0.0000	0.0000	0.0000	0.0000	0.0000	0.0000	0.0000	0.0000	0.0000	0.0000	0.0000	0.0000	0.0000	0.0000	0.0000	0.0000	0.0000	0.0000	0.0000	0.0000	0.0000	0.0000	0.0000	0.0000											
68	131	0.6985	8	1	2	1	0	0	0	0	0	N	Y	N	N	N	N	N	N	N	N	N	N	0.0000	0.0000	0.0000	0.0000	0.0000	0.0000	0.0000	0.0000	0.0000	0.0000	0.0000	0.0000	0.0000	0.0000	0.0000	0.0000	0.0000	0.0000	0.0000	0.0000	0.0000	0.0000	0.0000	0.0000	0.0000	0.0000	0.0000	0.0000	0.0000	0.0000	0.0000	0.0000	0.0000	0.0000	0.0000	0.0000	0.0000	0.0000	0.0000	0.0000	0.0000	0.0000	0.0000	0.0000	0.0000	0.0000	0.0000	0.0000	0.0000	0.0000	0.0000	0.0000	0.0000	0.0000	0.0000	0.0000	0.0000	0.0000	0.0000	0.0000	0.0000	0.0000	0.0000	0.0000	0.0000	0.0000	0.0000	0.0000	0.0000	0.0000	0.0000	0.0000	0.0000	0.0000	0.0000	0.0000	0.0000	0.0000											
68	132	0.7082	9	1	1	2	1	0	0	0	0	N	N	Y	N	N	N	N	N	N	N	N	N	0.0000	0.0000	0.0000	0.0000	0.0000	0.0000	0.0000	0.0000	0.0000	0.0000	0.0000	0.0000	0.0000	0.0000	0.0000	0.0000	0.0000	0.0000	0.0000	0.0000	0.0000	0.0000	0.0000	1.9999	0.0000	0.0000	0.0000	0.0000	0.0000	0.0000	0.0000	0.0000	0.0000	0.0000	0.0000	0.0000	0.0000	0.0000	0.0000	0.0000	0.0000	0.0000	0.0000	0.0000	0.0000	0.0000	0.0000	0.0000	0.0000	0.0000	0.0000	0.0000	0.0000	0.0000	0.0000	0.0000	0.0000	0.0000	0.0000	0.0000	0.0000	0.0000	0.0000	0.0000	0.0000	0.0000	0.0000	0.0000	0.0000	0.0000	0.0000	0.0000	0.0000	0.0000	0.0000	0.0000	0.0000	0.0000											
68	133	0.7192	10	1	1	2	1	0	0	0	0	N	N	Y	N	N	N	N	N	N	N	N	N	0.0000	0.0000	0.0000	0.0000	0.0000	0.0000	0.0000	0.0000	0.0000	0.0000	0.0000	0.0000	0.0000	0.0000	0.0000	0.0000	0.0000	0.0000	0.0000	0.0000	0.0000	1.0000	0.0000	0.0000	0.0000	0.0000	0.0000	0.0000	0.0000	0.0000	0.0000	0.0000	0.0000	0.0000	0.0000	0.0000	0.0000	0.0000	0.0000	0.0000	0.0000	0.0000	0.0000	0.0000	0.0000	0.0000	0.0000	0.0000	0.0000	0.0000	0.0000	0.0000	0.0000	0.0000	0.0000	0.0000	0.0000	0.0000	0.0000	0.0000	0.0000	0.0000	0.0000	0.0000	0.0000	0.0000	0.0000	0.0000	0.0000	0.0000	0.0000	0.0000	0.0000	0.0000	0.0000	0.0000	0.0000	0.0000											
68	134	0.7192	10	1	1	2	1	0	0	0	0	N	N	Y	N	N	N	N	N	N	N	N	N	0.0000	0.0000	0.0000	0.0000	0.0000	0.0000	0.0000	0.0000	0.0000	0.0000	0.0000	0.0000	0.0000	0.0000	0.0000	0.0000	0.0000	0.0000	0.0000	0.0000	0.0000	0.0000	0.0000	0.0000	0.0000	0.0000	0.0000	0.0000	0.0000	0.0000	0.0000	0.0000	0.0000	0.0000	0.0000	0.0000	0.0000	0.0000	0.0000	0.0000	0.0000	0.0000	0.0000	0.0000	0.0000	0.0000	0.0000	0.0000	0.0000	0.0000	0.0000	0.0000	0.0000	0.0000	0.0000	0.0000	0.0000	0.0000	0.0000	0.0000	0.0000	0.0000	0.0000	0.0000	0.0000	0.0000	0.0000	0.0000	0.0000	0.0000	0.0000	0.0000	0.0000	0.0000	0.0000	0.0000	0.0000	0.0000											
68	135	0.7082	9	1	1	2	1	0	0	0	0	N	N	Y	N	N	N	N	N	N	N	N	N	0.0000	0.0000	0.0000	0.0000	0.0000	0.0000	0.0000	0.0000	0.0000	0.0000	0.0000	0.0000	0.0000	0.0000	0.0000	0.0000	0.0000	0.0000	0.0000	0.0000	0.0000	2.0025	0.0000	0.9943	0.0000	0.0000	0.0000	0.0000	0.0000	0.0000	0.0000	0.0000	0.0000	0.0000	0.0000	0.0000	0.0000	0.0000	0.0000	0.0000	0.0000	0.0000	0.0000	0.0000	0.0000	0.0000	0.0000	0.0000	0.0000	0.0000	0.0000	0.0000	0.0000	0.0000	0.0000	0.0000	0.0000	0.0000	0.0000	0.0000	0.0000	0.0000	0.0000	0.0000	0.0000	0.0000	0.0000	0.0000	0.0000	0.0000	0.0000	0.0000	0.0000	0.0000	0.0000	0.0000	0.0000	0.0000											
68	136	0.7082	8	1	1	1	1	0	0	0	0	N	N	N	N	N	N	N	N	N	N	N	N	0.0000	0.0000	0.0000	0.0000	0.0000	0.0000	0.0000	0.0000	0.0000	0.0000	0.0000	0.0000	0.0000	0.0000	0.0000	0.0000	0.0000	0.0000	0.0000	0.0000	0.0000	0.0050	0.0000	0.0173	0.0000	0.0000	0.0000	0.0000	0.0000	0.0000	0.0000	0.0000	0.0000	0.0000	0.0000	0.0000	0.0000	0.0000	0.0000	0.0000	0.0000	0.0000	0.0000	0.0000	0.0000	0.0000	0.0000	0.0000	0.0000	0.0000	0.0000	0.0000	0.0000	0.0000	0.0000	0.0000	0.0000	0.0000	0.0000	0.0000	0.0000	0.0000	0.0000	0.0000	0.0000	0.0000	0.0000	0.0000	0.0000	0.0000	0.0000	0.0000	0.0000	0.0000	0.0000	0.0000	0.0000	0.0000											
68	137	0.6985	7	1	1	1	1	0	0	0	0	N	N	N	N	N	N	N	N	N	N	N	N	0.0000	0.0000	0.0000	0.0000	0.0000	0.0000	0.0000	0.0000	0.0000	0.0000	0.0000	0.0000	0.0000	0.0000	0.0000	0.0000	0.0000	0.0000	0.0000	0.0000	0.0000	1.9972	0.0000	1.0076	0.0000	0.0000	0.0000	0.0000	0.0000	0.0000	0.0000	0.0000	0.0000	0.0000	0.0000	0.0000	0.0000	0.0000	0.0000	0.0000	0.0000	0.0000	0.0000	0.0000	0.0000	0.0000	0.0000	0.0000	0.0000	0.0000	0.0000	0.0000	0.0000	0.0000	0.0000	0.0000	0.0000	0.0000	0.0000	0.0000	0.0000	0.0000	0.0000	0.0000	0.0000	0.0000	0.0000	0.0000	0.0000	0.0000	0.0000	0.0000	0.0000	0.0000	0.0000	0.0000	0.0000	0.0000											
68	138	0.6813	6	2	2	1	0	0	0	0	0	Y	Y	N	N	N	N	N	N	N	N	N	N	0.0000	0.0000	0.0000	0.0000	0.0000	0.0000	0.0000	0.0000	0.0000	0.0000	0.0000	0.0000	0.0000	0.0000	0.0000	0.0000	0.0000	0.0000	0.0000	0.0000	0.0000	0.0002	0.0000	2.3255	0.0000	0.0000	0.0000	0.0000	0.0000	0.0000	0.0000	0.0000	0.0000	0.0000	0.0000	0.0000	0.0000	0.0000	0.0000	0.0000	0.0000	0.0000	0.0000	0.0000	0.0000	0.0000	0.0000	0.0000	0.0000	0.0000	0.0000	0.0000	0.0000	0.0000	0.0000	0.0000	0.0000	0.0000	0.0000	0.0000	0.0000	0.0000	0.0000	0.0000	0.0000	0.0000	0.0000	0.0000	0.0000	0.0000	0.0000	0.0000	0.0000	0.0000	0.0000	0.0000	0.0000	0.0000											
68	139	0.6634	5	2	2	1	0	0	0	0	0	Y	Y	N	N	N	N	N	N	N	N	N	N	0.0000	0.0000	0.0000	0.0000	0.0000	0.0000	0.0000	0.0000	0.0000	0.0000	0.0000	0.0000	0.0000	0.0000	0.0000	0.0000	0.0000	0.0000	0.0000	0.0000	0.0000	2.0138	0.0000	2.7349	0.0000	0.0000	0.0000	0.0000	0.0000	0.0000	0.0000	0.0000	0.0000	0.0000	0.0000	0.0000	0.0000	0.0000	0.0000	0.0000	0.0000	0.0000	0.0000	0.0000	0.0000	0.0000	0.0000	0.0000	0.0000	0.0000	0.0000	0.0000	0.0000	0.0000	0.0000	0.0000	0.0000	0.0000	0.0000	0.0000	0.0000	0.0000	0.0000	0.0000	0.0000	0.0000	0.0000	0.0000	0.0000	0.0000	0.0000	0.0000	0.0000	0.0000	0.0000	0.0000	0.0000	0.0000											
68	140	0.6800	6	1	2	1	0	0	0	0	0	N	Y	N	N	N	N	N	N	N	N	N	N	0.0000	0.0000	0.0000	0.0000	0.0000	0.0000	0.0000	0.0000	0.0000	0.0000	0.0000	0.0000	0.0000	0.0000	0.0000	0.0000	0.0000	0.0000	0.0000	0.0000	0.0000	1.9232	0.0000	1.1116	0.0000	0.0000	0.0000	0.0000	0.0000	0.0000	0.0000	0.0000	0.0000	0.0000	0.0000	0.0000	0.0000	0.0000	0.0000	0.0000	0.0000	0.0000	0.0000	0.0000	0.0000	0.0000	0.0000	0.0000	0.0000	0.0000	0.0000	0.0000	0.0000	0.0000	0.0000	0.0000	0.0000	0.0000	0.0000	0.0000	0.0000	0.0000	0.0000	0.0000	0.0000	0.0000	0.0000	0.0000	0.0000	0.0000	0.0000	0.0000	0.0000	0.0000	0.0000	0.0000	0.0000	0.0000											
68	141	0.0761	2	1	2	1	0	0	0	0	0	N	Y	N	N	N	N	N	N	N	N	N	N	0.0000	0.0000	0.0000	0.0000	0.0000	0.0000	0.0000	0.0000	0.0000	0.0000	0.0000	0.0000	0.0000	0.0000	0.0000	0.0000	0.0000	0.0000	0.0000	0.0000	0.0000	3.0000	0.0000	1.0000	0.0000	0.0000	0.0000	0.0000	0.0000	0.0000	0.0000	0.0000	0.0000	0.0000	0.0000	0.0000	0.0000	0.0000	0.0000	0.0000	0.0000	0.0000	0.0000	0.0000	0.0000	0.0000	0.0000	0.0000	0.0000	0.0000	0.0000	0.0000	0.0000	0.0000	0.0000	0.0000	0.0000	0.0000	0.0000	0.0000	0.0000	0.0000	0.0000	0.0000	0.0000	0.0000	0.0000	0.0000	0.0000	0.0000	0.0000	0.0000	0.0000	0.0000	0.0000	0.0000	0.0000	0.0000											
68	145	0.6985	8	2	2	1	0	0	0	0	0	Y	Y	N	N	N	N	N	N	N	N	N	N	0.0000	0.0000	0.0000	0.0000	0.0000	0.0000	0.0000	0.0000	0.0000	0.0000	0.0000	0.0000	0.0000	0.0000	0.0000	0.0000	0.0000	0.0000	0.0000	0.0000	0.0000	1.0000	0.0000	1.0000	0.0000	0.0000	0.0000	0.0000	0.0000	0.0000	0.0000	0.0000	0.0000	0.0000	0.0000	0.0000	0.0000	0.0000	0.0000	0.0000	0.0000	0.0000	0.0000	0.0000	0.0000	0.0000	0.0000	0.0000	0.0000	0.0000	0.0000	0.0000	0.0000	0.0000	0.0000	0.0000	0.0000	0.0000	0.0000	0.0000	0.0000	0.0000	0.0000	0.0000	0.0000	0.0000	0.0000	0.0000	0.0000	0.0000	0.0000	0.0000	0.0000	0.0000	0.0000	0.0000	0.0000	0.0000											
68	146	0.6985	7	1	2	1	0	0	0	0	0	N	Y	N	N	N	N	N	N	N	N	N	N	0.0000	0.0000	0.0000	0.0000	0.0000	0.0000	0.0000	0.0000	0.0000	0.0000	0.0000	0.0000	0.0000	0.0000	0.0000	0.0000	0.0000	0.0000	0.0000	0.0000	0.0000	0.0003	0.0000	0.0000	0.0000	0.0000	0.0000	0.0000	0.0000	0.0000	0.0000	0.0000	0.0000	0.0000	0.0000	0.0000	0.0000	0.0000	0.0000	0.0000	0.0000	0.0000	0.0000	0.0000	0.0000	0.0000	0.0000	0.0000	0.0000	0.0000	0.0000	0.0000	0.0000	0.0000	0.0000	0.0000	0.0000	0.0000	0.0000	0.0000	0.0000	0.0000	0.0000	0.0000	0.0000	0.0000	0.0000	0.0000	0.0000	0.0000	0.0000	0.0000	0.0000	0.0000	0.0000	0.0000	0.0000	0.0000											
68	147	0.6800	6	1	1	1	0	0	0	0	0	N	N	N	N	N	N	N	N	N	N	N	N	0.0000	0.0000	0.0000	0.0000	0.0000	0.0000	0.0000	0.0000	0.0000	0.0000	0.0000	0.0000	0.0000	0.0000	0.0000	0.0000	0.0000	0.0000	0.0000	0.0000	0.0000	4.9449	0.0000	1.0063	0.0000	0.0000	0.0000	0.0000	0.0000	0.0000	0.0000	0.0000	0.0000	0.0000	0.0000	0.0000	0.0000	0.0000	0.0000	0.0000	0.0000	0.0000	0.0000	0.0000	0.0000	0.0000	0.0000	0.0000	0.0000	0.0000	0.0000	0.0000	0.0000	0.0000	0.0000	0.0000	0.0000	0.0000	0.0000	0.0000	0.0000	0.0000	0.0000	0.0000	0.0000	0.0000	0.0000	0.0000	0.0000	0.0000	0.0000	0.0000	0.0000	0.0000	0.0000	0.0000	0.0000	0.0000											
68	148	0.6634	5	1	1	1	0	0	0	0	0	N	N	N	N	N	N	N	N	N	N	N	N	0.0000	0.0000	0.0000	0.0000	0.0000	0.0000	0.0000	0.0000	0.0000	0.0000	0.0000	0.0000	0.0000	0.0000	0.0000	0.0000	0.0000	0.0000	0.0000	0.0000	0.0000	3.4778	0.0000	1.2917	0.0000	0.0000	0.0000	0.0000	0.0000	0.0000	0.0000	0.0000	0.0000	0.0000	0.0000	0.0000	0.0000	0.0000	0.0000	0.0000	0.0000	0.0000	0.0000	0.0000	0.0000	0.0000	0.0000	0.0000	0.0000	0.0000	0.0000	0.0000	0.0000	0.0000	0.0000	0.0000	0.0000	0.0000	0.0000	0.0000	0.0000	0.0000	0.0000	0.0000	0.0000	0.0000	0.0000	0.0000	0.0000	0.0000	0.0000	0.0000	0.0000	0.0000	0.0000	0.0000	0.0000	0.0000											
68	149	0.6130	4	1	1	1	0	0	0	0	0	N	N	N	N	N	N	N	N	N	N	N	N	0.0000	0.0000	0.0000	0.0000	0.0000	0.0000	0.0000	0.0000	0.0000	0.0000	0.0000	0.0000	0.0000	0.0000	0.0000	0.0000	0.0000	0.0000	0.0000	0.0000	0.0000	7.8050	0.0000	4.0035	0.0000	0.0000	0.0000	0.0000	0.0000	0.0000	0.0000	0.0000	0.0000	0.0000	0.0000	0.0000	0.0000	0.0000	0.0000	0.0000	0.0000	0.0000	0.0000	0.0000	0.0000	0.0000	0.0000	0.0000	0.0000	0.0000	0.0000	0.0000	0.0000	0.0000	0.0000	0.0000	0.0000	0.0000	0.0000	0.0000	0.0000	0.0000	0.0000	0.0000	0.0000	0.0000	0.0000	0.0000	0.0000	0.0000	0.0000	0.0000	0.0000	0.0000	0.0000	0.0000	0.0000	0.0000											
68	150	0.5184	4	1	1	1	0	0	0	0	0	N	N	N	N	N	N	N	N	N	N	N	N	0.0000	0.0000	0.0000	0.0000	0.0000	0.0000	0.0000	0.0000	0.0000	0.0000	0.0000	0.0000	0.0000	0.0000	0.0000	0.0000	0.0000	0.0000	0.0000	0.0000	0.0000	3.7255	0.0000	14.1767	0.0000	0.0000	0.0000	0.0000	0.0000	0.0000	0.0000	0.0000	0.0000	0.0000	0.0000	0.0000	0.0000	0.0000	0.0000	0.0000	0.0000	0.0000	0.0000	0.0000	0.0000	0.0000	0.0000	0.0000	0.0000	0.0000	0.0000	0.0000	0.0000	0.0000	0.0000	0.0000	0.0000	0.0000	0.0000	0.0000	0.0000	0.0000	0.0000	0.0000	0.0000	0.0000	0.0000	0.0000	0.0000	0.0000	0.0000	0.0000	0.0000	0.0000	0.0000	0.0000	0.0000	0.0000											
68	151	0.5021	3	1	1	1	0	0	0	0	0	N	N	N	N	N	N	N	N	N	N	N	N	0.0000	0.0000	0.0000	0.0000	0.0000	0.0000	0.0000	0.0000	0.0000	0.0000	0.0000	0.0000	0.0000	0.0000	0.0000	0.0000	0.0000	0.0000	0.0000	0.0000	0.0000	1.4205	0.0000	4.0377	0.0000	0.0000	0.0000	0.0000	0.0000	0.0000	0.0000	0.0000	0.0000	0.0000	0.0000	0.0000	0.0000	0.0000	0.0000	0.0000	0.0000	0.0000	0.0000	0.0000	0.0000	0.0000	0.0000	0.0000	0.0000	0.0000	0.0000	0.0000	0.0000	0.0000	0.0000	0.0000	0.0000	0.0000	0.0000	0.0000	0.0000	0.0000	0.0000	0.0000	0.0000	0.0000	0.0000	0.0000	0.0000	0.0000	0.0000	0.0000	0.0000	0.0000	0.0000	0.0000	0.0000	0.0000											
69	73	0.6694	8	2	2	1	0	0	0	0	0	Y	Y	N	N	N	N	N	N	N	N	N	N	0.0000	0.0000	0.0000	0.0000	0.0000	0.0000	0.0000	0.0000	0.0000	0.0000	0.0000	0.0000	0.0000	0.0000	0.0000	0.0000	0.0000	0.0000	0.0000	0.0000	1.0000	0.0000	0.0000	0.0000	0.0000	0.0000	0.0000	0.0000	0.0000	0.0000	0.0000	0.0000	0.0000	0.0000	0.0000	0.0000	0.0000	0.0000	0.0000	0.0000	0.0000	0.0000	0.0000	0.0000	0.0000	0.0000	0.0000	0.0000	0.0000	0.0000	0.0000	0.0000	0.0000	0.0000	0.0000	0.0000	0.0000	0.0000	0.0000	0.0000	0.0000	0.0000	0.0000	0.0000	0.0000	0.0000	0.0000	0.0000	0.0000	0.0000	0.0000	0.0000	0.0000	0.0000	0.0000	0.0000	0.0000	0.0000											
69	74	0.1623	6	2	2	1	0	0	0	0	0	Y	Y	N	N	N	N	N	N	N	N	N	N	0.0000	0.0000	0.0000	0.0000	0.0000	0.0000	0.0000	0.0000	0.0000	0.0000	0.0000	0.0000	0.0000	0.0000	0.0000	0.0000	0.0000	0.0000	0.0000	0.0000	1.0000	0.0000	0.0000	0.0010	0.0000	0.0000	0.0000	0.0000	0.0000	0.0000	0.0000	0.0000	0.0000	0.0000	0.0000	0.0000	0.0000	0.0000	0.0000	0.0000	0.0000	0.0000	0.0000	0.0000	0.0000	0.0000	0.0000	0.0000	0.0000	0.0000	0.0000	0.0000	0.0000	0.0000	0.0000	0.0000	0.0000	0.0000	0.0000	0.0000	0.0000	0.0000	0.0000	0.0000	0.0000	0.0000	0.0000	0.0000	0.0000	0.0000	0.0000	0.0000	0.0000	0.0000	0.0000	0.0000	0.0000	0.0000											
69	75	0.1514	8	1	2	1	1	0	0	0	0	N	Y	N	N	N	N	N	N	N	N	N	N	0.0000	0.0000	0.0000	0.0000	0.0000	0.0000	0.0000	0.0000	0.0000	0.0000	0.0000	0.0000	0.0000	0.0000	0.0000	0.0000	0.0000	0.0000	0.0000	0.0000	1.0000	0.0000	0.0000	0.0000	0.0000	0.0000	0.0000	0.0000	0.0000	0.0000	0.0000	0.0000	0.0000	0.0000	0.0000	0.0000	0.0000	0.0000	0.0000	0.0000	0.0000	0.0000	0.0000	0.0000	0.0000	0.0000	0.0000	0.0000	0.0000	0.0000	0.0000	0.0000	0.0000	0.0000	0.0000	0.0000	0.0000	0.0000	0.0000	0.0000	0.0000	0.0000	0.0000	0.0000	0.0000	0.0000	0.0000	0.0000	0.0000	0.0000	0.0000	0.0000	0.0000	0.0000	0.0000	0.0000	0.0000	0.0000											
69	76	0.1514	8	1	1	1	1	0	0	0	0	N	N	N	N	N	N	N	N	N	N	N	N	0.0000	0.0000	0.0000	0.0000	0.0000	0.0000	0.0000	0.0000	0.0000	0.0000	0.0000	0.0000	0.0000	0.0000	0.0000	0.0000	0.0000	0.0000	0.0000	0.0000	1.0000	0.0000	0.0000	0.0000	0.0000	0.0000	0.0000	0.0000	0.0000	0.0000	0.0000	0.0000	0.0000	0.0000	0.0000	0.0000	0.0000	0.0000	0.0000	0.0000	0.0000	0.0000	0.0000	0.0000	0.0000	0.0000	0.0000	0.0000	0.0000	0.0000	0.0000	0.0000	0.0000	0.0000	0.0000	0.0000	0.0000	0.0000	0.0000	0.0000	0.0000	0.0000	0.0000	0.0000	0.0000	0.0000	0.0000	0.0000	0.0000	0.0000	0.0000	0.0000	0.0000	0.0000	0.0000	0.0000	0.0000	0.0000											
69	77	0.1361	7	1	1	1	1	0	0	0	0	N	N	N	N	N	N	N	N	N	N	N	N	0.0000	0.0000	0.0000	0.0000	0.0000	0.0000	0.0000	0.0000	0.0000	0.0000	0.0000	0.0000	0.0000	0.0000	0.0000	0.0000	0.0000	0.0000	0.0000	0.0000	1.0000	0.0002	0.0000	2.9297	0.0000	0.0000	0.0000	0.0000	0.0000	0.0000	0.0000	0.0000	0.0000	0.0000	0.0000	0.0000	0.0000	0.0000	0.0000	0.0000	0.0000	0.0000	0.0000	0.0000	0.0000	0.0000	0.0000	0.0000	0.0000	0.0000	0.0000	0.0049	0.0023	0.0026	0.0004	0.0004	0.0000	0.0045	0.0019	0.0026	0.0000	0.0000	0.0000	0.0000	0.0000	0.0000	0.0000	0.0000	0.0000	0.0000	0.0000	0.0000	0.0000	0.0000	0.0000	0.0000	0.0000	0.0000											
69	78	0.1320	6	1	1	1	1	0	0	0	0	N	N	N	N	N	N	N	N	N	N	N	N	0.0000	0.0000	0.0000	0.0000	0.0000	0.0000	0.0000	0.0000	0.0000	0.0000	0.0000	0.0000	0.0000	0.0000	0.0000	0.0000	0.0000	0.0000	0.0000	0.0000	1.0000	0.0003	0.0000	2.1916	0.0000	0.0000	0.0000	0.0000	0.0000	0.0000	0.0000	0.0000	0.0000	0.0000	0.0000	0.0000	0.0000	0.0000	0.0000	0.0000	0.0000	0.0000	0.0000	0.0000	0.0000	0.0000	0.0000	0.0000	0.0000	0.0000	0.0000	0.0037	0.0017	0.0020	0.0003	0.0003	0.0000	0.0034	0.0015	0.0019	0.0000	0.0000	0.0000	0.0000	0.0000	0.0000	0.0000	0.0000	0.0000	0.0000	0.0000	0.0000	0.0000	0.0000	0.0000	0.0000	0.0000	0.0000											
69	79	0.1242	5	1	1	1	0	0	0	0	0	N	N	N	N	N	N	N	N	N	N	N	N	0.0000	0.0000	0.0000	0.0000	0.0000	0.0000	0.0000	0.0000	0.0000	0.0000	0.0000	0.0000	0.0000	0.0000	0.0000	0.0000	0.0000	0.0000	0.0000	0.0000	1.0000	0.2782	0.0000	1.3600	0.0000	0.0000	0.0000	0.0000	0.0000	0.0000	0.0000	0.0000	0.0000	0.0000	0.0000	0.0000	0.0000	0.0000	0.0000	0.0000	0.0000	0.0000	0.0248	0.0226	0.0023	0.0211	0.0193	0.0018	0.0038	0.0033	0.0005	0.0028	0.0013	0.0015	0.0002	0.0002	0.0000	0.0026	0.0011	0.0015	0.0000	0.0000	0.0000	0.0000	0.0000	0.0000	0.0000	0.0000	0.0000	0.0000	0.0000	0.0000	0.0000	0.0000	0.0000	0.0000	0.0000	0.0000											
69	80	0.0853	5	1	2	2	0	0	0	0	0	N	Y	Y	N	N	N	N	N	N	N	N	N	0.0000	0.0000	0.0000	0.0000	0.0000	0.0000	0.0000	0.0000	0.0000	0.0000	0.0000	0.0000	0.0000	0.0000	0.0000	0.0000	0.0000	0.0000	0.0000	0.0000	1.0000	0.0029	0.0000	2.0135	0.0000	0.0000	0.0000	0.0000	0.0000	0.0000	0.0000	0.0000	0.0000	0.0000	0.0000	0.0000	0.0000	0.0000	0.0000	0.0000	0.0000	0.0000	0.0003	0.0003	0.0000	0.0001	0.0001	0.0000	0.0002	0.0002	0.0000	0.0068	0.0032	0.0036	0.0002	0.0002	0.0000	0.0066	0.0030	0.0035	0.0000	0.0000	0.0000	0.0000	0.0000	0.0000	0.0000	0.0000	0.0000	0.0000	0.0000	0.0000	0.0000	0.0000	0.0000	0.0000	0.0000	0.0000											
69	81	0.0787	4	1	2	1	0	0	0	0	0	N	Y	N	N	N	N	N	N	N	N	N	N	0.0000	0.0000	0.0000	0.0000	0.0000	0.0000	0.0000	0.0000	0.0000	0.0000	0.0000	0.0000	0.0000	0.0000	0.0000	0.0000	0.0000	0.0000	0.0000	0.0000	1.0000	0.6188	0.0000	0.9475	0.0000	0.0000	0.0000	0.0000	0.0000	0.0000	0.0000	0.0000	0.0000	0.0000	0.0000	0.0000	0.0000	0.0000	0.0000	0.0000	0.0000	0.0000	0.1074	0.1011	0.0063	0.0440	0.0431	0.0009	0.0634	0.0580	0.0054	0.0061	0.0029	0.0032	0.0006	0.0005	0.0000	0.0056	0.0024	0.0032	0.0000	0.0000	0.0000	0.0000	0.0000	0.0000	0.0000	0.0000	0.0000	0.0000	0.0000	0.0000	0.0000	0.0000	0.0000	0.0000	0.0000	0.0000											
69	82	0.6726	8	1	2	2	0	0	0	0	0	N	Y	Y	N	N	N	N	N	N	N	N	N	0.0000	0.0000	0.0000	0.0000	0.0000	0.0000	0.0000	0.0000	0.0000	0.0000	0.0000	0.0000	0.0000	0.0000	0.0000	0.0000	0.0000	0.0000	0.0000	0.0000	1.0000	0.0000	0.0000	1.0000	0.0000	0.0000	0.0000	0.0000	0.0000	0.0000	0.0000	0.0000	0.0000	0.0000	0.0000	0.0000	0.0000	0.0000	0.0000	0.0000	0.0000	0.0000	0.0000	0.0000	0.0000	0.0000	0.0000	0.0000	0.0000	0.0000	0.0000	0.0011	0.0006	0.0005	0.0006	0.0005	0.0001	0.0004	0.0001	0.0004	0.0000	0.0000	0.0000	0.0000	0.0000	0.0000	0.0000	0.0000	0.0000	0.0000	0.0000	0.0000	0.0000	0.0000	0.0000	0.0000	0.0000	0.0000											
69	83	0.0528	3	2	1	2	0	0	0	0	0	Y	N	Y	N	N	N	N	N	N	N	N	N	inf	inf	inf	inf	2.4009	0.0000	17.4793	0.0000	0.0000	0.0000	2.5152	0.0000	17.7819	0.0000	0.0000	0.0000	0.0000	0.0000	0.0000	0.0000	0.0000	0.0000	inf	0.7398	0.0000	1.0000	9.0001	0.0000	3.0001	1.0000	0.0000	1.0000	0.0000	0.0000	0.0000	1.0000	0.0000	1.0000	0.0000	0.0000	0.0000	0.0000	0.0000	0.0000	0.0000	0.0000	0.0000	0.4165	0.3593	0.0572	0.0189	0.0180	0.0010	0.3976	0.3413	0.0562	0.0388	0.0184	0.0204	0.0002	0.0001	0.0000	0.0386	0.0183	0.0204	inf	0.0000	inf	0.0000	0.0000	0.0000	inf	0.0000	inf	0.0000	0.0000	0.0000	0.0000	0.0000	0.0000	0.0000	0.0000	0.0000						
69	84	0.6502	7	2	1	2	0	0	0	0	0	Y	N	Y	N	N	N	N	N	N	N	N	N	0.0000	0.0000	0.0000	0.0000	0.0000	0.0000	0.0000	0.0000	0.0000	0.0000	0.0000	0.0000	0.0000	0.0000	0.0000	0.0000	0.0000	0.0000	0.0000	0.0000	1.0000	4.0000	0.0000	0.0000	0.0000	0.0000	0.0000	0.0000	0.0000	0.0000	0.0000	0.0000	0.0000	0.0000	0.0000	0.0000	0.0000	0.0000	0.0000	0.0000	0.0000	0.0000	0.1669	0.1538	0.0131	0.1308	0.1230	0.0079	0.0361	0.0308	0.0052	0.0043	0.0025	0.0018	0.0025	0.0021	0.0004	0.0018	0.0004	0.0014	0.0000	0.0000	0.0000	0.0000	0.0000	0.0000	0.0000	0.0000	0.0000	0.0000	0.0000	0.0000	0.0000	0.0000	0.0000	0.0000	0.0000	0.0000											
69	85	0.6963	8	2	2	1	0	0	0	0	0	Y	Y	N	N	N	N	N	N	N	N	N	N	0.0000	0.0000	0.0000	0.0000	0.0000	0.0000	0.0000	0.0000	0.0000	0.0000	0.0000	0.0000	0.0000	0.0000	0.0000	0.0000	0.0000	0.0000	0.0000	0.0000	1.0000	1.0086	0.0000	1.7435	0.0000	0.0000	0.0000	0.0000	0.0000	0.0000	0.0000	0.0000	0.0000	0.0000	0.0000	0.0000	0.0000	0.0000	0.0000	0.0000	0.0000	0.0000	0.0469	0.0432	0.0036	0.0370	0.0348	0.0022	0.0099	0.0084	0.0014	0.0051	0.0034	0.0017	0.0029	0.0026	0.0003	0.0022	0.0008	0.0014	0.0000	0.0000	0.0000	0.0000	0.0000	0.0000	0.0000	0.0000	0.0000	0.0000	0.0000	0.0000	0.0000	0.0000	0.0000	0.0000	0.0000	0.0000											
69	86	0.6502	7	2	2	1	0	0	0	0	0	Y	Y	N	N	N	N	N	N	N	N	N	N	0.0000	0.0000	0.0000	0.0000	0.0000	0.0000	0.0000	0.0000	0.0000	0.0000	0.0000	0.0000	0.0000	0.0000	0.0000	0.0000	0.0000	0.0000	0.0000	0.0000	1.0000	1.0165	0.0000	4.1395	0.0000	0.0000	0.0000	0.0000	0.0000	0.0000	0.0000	0.0000	0.0000	0.0000	0.0000	0.0000	0.0000	0.0000	0.0000	0.0000	0.0000	0.0000	0.0464	0.0427	0.0036	0.0370	0.0347	0.0022	0.0094	0.0080	0.0014	0.0055	0.0032	0.0023	0.0032	0.0027	0.0005	0.0023	0.0005	0.0018	0.0000	0.0000	0.0000	0.0000	0.0000	0.0000	0.0000	0.0000	0.0000	0.0000	0.0000	0.0000	0.0000	0.0000	0.0000	0.0000	0.0000	0.0000											
69	87	0.0940	4	2	2	1	0	0	0	0	0	Y	Y	N	N	N	N	N	N	N	N	N	N	inf	inf	inf	inf	2.8025	0.0000	33.6160	0.0000	0.0000	0.0000	9.1812	0.0000	70.3419	0.0000	0.0000	0.0000	0.0000	0.0000	0.0000	0.0000	0.0000	0.0000	inf	0.7398	0.0000	1.0000	9.0005	0.0000	5.0000	1.0000	0.0000	1.0000	0.0000	0.0000	0.0000	1.0000	0.0000	1.0000	0.0000	0.0000	0.0000	0.0000	0.0000	0.0000	0.0000	0.0000	0.0000	0.3568	0.3271	0.0297	0.2479	0.2324	0.0155	0.1089	0.0947	0.0142	0.0226	0.0087	0.0140	0.0006	0.0005	0.0001	0.0221	0.0082	0.0139	inf	0.0000	inf	0.0000	0.0000	0.0000	inf	0.0000	inf	0.0000	0.0000	0.0000	0.0000	0.0000	0.0000	0.0000	0.0000	0.0000						
69	88	0.6726	8	1	2	1	0	0	0	0	0	N	Y	N	N	N	N	N	N	N	N	N	N	0.0000	0.0000	0.0000	0.0000	0.0000	0.0000	0.0000	0.0000	0.0000	0.0000	0.0000	0.0000	0.0000	0.0000	0.0000	0.0000	0.0000	0.0000	0.0000	0.0000	1.0000	0.0000	0.0000	0.0000	0.0000	0.0000	0.0000	0.0000	0.0000	0.0000	0.0000	0.0000	0.0000	0.0000	0.0000	0.0000	0.0000	0.0000	0.0000	0.0000	0.0000	0.0000	0.0000	0.0000	0.0000	0.0000	0.0000	0.0000	0.0000	0.0000	0.0000	0.0000	0.0000	0.0000	0.0000	0.0000	0.0000	0.0000	0.0000	0.0000	0.0000	0.0000	0.0000	0.0000	0.0000	0.0000	0.0000	0.0000	0.0000	0.0000	0.0000	0.0000	0.0000	0.0000	0.0000	0.0000	0.0000	0.0000											
69	89	0.0787	4	1	2	1	0	0	0	0	0	N	Y	N	N	N	N	N	N	N	N	N	N	0.0000	0.0000	0.0000	0.0000	0.0000	0.0000	0.0000	0.0000	0.0000	0.0000	0.0000	0.0000	0.0000	0.0000	0.0000	0.0000	0.0000	0.0000	0.0000	0.0000	1.0000	1.9953	0.0000	1.0817	0.0000	0.0000	0.0000	0.0000	0.0000	0.0000	0.0000	0.0000	0.0000	0.0000	0.0000	0.0000	0.0000	0.0000	0.0000	0.0000	0.0000	0.0000	0.1679	0.1538	0.0141	0.0543	0.0516	0.0026	0.1137	0.1022	0.0115	0.0109	0.0052	0.0058	0.0006	0.0006	0.0000	0.0103	0.0046	0.0057	0.0000	0.0000	0.0000	0.0000	0.0000	0.0000	0.0000	0.0000	0.0000	0.0000	0.0000	0.0000	0.0000	0.0000	0.0000	0.0000	0.0000	0.0000											
69	90	0.0528	3	1	2	1	0	0	0	0	0	N	Y	N	N	N	N	N	N	N	N	N	N	0.0000	0.0000	0.0000	0.0000	0.0000	0.0000	0.0000	0.0000	0.0000	0.0000	0.0000	0.0000	0.0000	0.0000	0.0000	0.0000	0.0000	0.0000	0.0000	0.0000	1.0000	2.3999	0.0000	4.0713	0.0000	0.0000	0.0000	0.0000	0.0000	0.0000	0.0000	0.0000	0.0000	0.0000	0.0000	0.0000	0.0000	0.0000	0.0000	0.0000	0.0000	0.0000	0.1451	0.1236	0.0214	0.0056	0.0053	0.0003	0.1395	0.1183	0.0212	0.0232	0.0111	0.0121	0.0001	0.0001	0.0000	0.0231	0.0110	0.0121	0.0000	0.0000	0.0000	0.0000	0.0000	0.0000	0.0000	0.0000	0.0000	0.0000	0.0000	0.0000	0.0000	0.0000	0.0000	0.0000	0.0000	0.0000											
69	91	0.1563	6	1	1	2	0	0	0	0	0	N	N	Y	N	N	N	N	N	N	N	N	N	0.0000	0.0000	0.0000	0.0000	0.0000	0.0000	0.0000	0.0000	0.0000	0.0000	0.0000	0.0000	0.0000	0.0000	0.0000	0.0000	0.0000	0.0000	0.0000	0.0000	1.0000	0.0000	0.0000	0.0000	0.0000	0.0000	0.0000	0.0000	0.0000	0.0000	0.0000	0.0000	0.0000	0.0000	0.0000	0.0000	0.0000	0.0000	0.0000	0.0000	0.0000	0.0000	0.0000	0.0000	0.0000	0.0000	0.0000	0.0000	0.0000	0.0000	0.0000	0.0000	0.0000	0.0000	0.0000	0.0000	0.0000	0.0000	0.0000	0.0000	0.0000	0.0000	0.0000	0.0000	0.0000	0.0000	0.0000	0.0000	0.0000	0.0000	0.0000	0.0000	0.0000	0.0000	0.0000	0.0000	0.0000	0.0000											
69	92	0.1242	5	1	1	2	0	0	0	0	0	N	N	Y	N	N	N	N	N	N	N	N	N	0.0000	0.0000	0.0000	0.0000	0.0000	0.0000	0.0000	0.0000	0.0000	0.0000	0.0000	0.0000	0.0000	0.0000	0.0000	0.0000	0.0000	0.0000	0.0000	0.0000	1.0000	3.7221	0.0000	2.9993	0.0000	0.0000	0.0000	0.0000	0.0000	0.0000	0.0000	0.0000	0.0000	0.0000	0.0000	0.0000	0.0000	0.0000	0.0000	0.0000	0.0000	0.0000	0.1769	0.1622	0.0147	0.1285	0.1202	0.0083	0.0484	0.0420	0.0064	0.0108	0.0051	0.0057	0.0008	0.0008	0.0000	0.0100	0.0043	0.0057	0.0000	0.0000	0.0000	0.0000	0.0000	0.0000	0.0000	0.0000	0.0000	0.0000	0.0000	0.0000	0.0000	0.0000	0.0000	0.0000	0.0000	0.0000											
69	93	0.0940	4	1	1	1	0	0	0	0	0	N	N	N	N	N	N	N	N	N	N	N	N	0.0000	0.0000	0.0000	0.0000	0.0000	0.0000	0.0000	0.0000	0.0000	0.0000	0.0000	0.0000	0.0000	0.0000	0.0000	0.0000	0.0000	0.0000	0.0000	0.0000	1.0000	2.7217	0.0000	3.0458	0.0000	0.0000	0.0000	0.0000	0.0000	0.0000	0.0000	0.0000	0.0000	0.0000	0.0000	0.0000	0.0000	0.0000	0.0000	0.0000	0.0000	0.0000	0.1292	0.1188	0.0104	0.0940	0.0883	0.0057	0.0352	0.0305	0.0047	0.0102	0.0039	0.0063	0.0002	0.0002	0.0000	0.0099	0.0036	0.0063	0.0000	0.0000	0.0000	0.0000	0.0000	0.0000	0.0000	0.0000	0.0000	0.0000	0.0000	0.0000	0.0000	0.0000	0.0000	0.0000	0.0000	0.0000											
69	94	0.0690	4	2	2	1	0	0	0	0	0	Y	Y	N	N	N	N	N	N	N	N	N	N	0.0000	0.0000	0.0000	0.0000	0.0000	0.0000	0.0000	0.0000	0.0000	0.0000	0.0000	0.0000	0.0000	0.0000	0.0000	0.0000	0.0000	0.0000	0.0000	0.0000	1.0000	5.9980	0.0000	4.9575	0.0000	0.0000	0.0000	0.0000	0.0000	0.0000	0.0000	0.0000	0.0000	0.0000	0.0000	0.0000	0.0000	0.0000	0.0000	0.0000	0.0000	0.0000	0.3043	0.2777	0.0267	0.1030	0.0987	0.0043	0.2014	0.1790	0.0224	0.0311	0.0151	0.0161	0.0008	0.0007	0.0001	0.0304	0.0143	0.0160	0.0000	0.0000	0.0000	0.0000	0.0000	0.0000	0.0000	0.0000	0.0000	0.0000	0.0000	0.0000	0.0000	0.0000	0.0000	0.0000	0.0000	0.0000											
69	95	0.6726	8	2	2	1	0	0	0	0	0	Y	Y	N	N	N	N	N	N	N	N	N	N	0.0000	0.0000	0.0000	0.0000	0.0000	0.0000	0.0000	0.0000	0.0000	0.0000	0.0000	0.0000	0.0000	0.0000	0.0000	0.0000	0.0000	0.0000	0.0000	0.0000	1.0000	0.0000	0.0000	2.0000	0.0000	0.0000	0.0000	0.0000	0.0000	0.0000	0.0000	0.0000	0.0000	0.0000	0.0000	0.0000	0.0000	0.0000	0.0000	0.0000	0.0000	0.0000	0.0000	0.0000	0.0000	0.0000	0.0000	0.0000	0.0000	0.0000	0.0000	0.0021	0.0012	0.0009	0.0012	0.0011	0.0002	0.0009	0.0002	0.0007	0.0000	0.0000	0.0000	0.0000	0.0000	0.0000	0.0000	0.0000	0.0000	0.0000	0.0000	0.0000	0.0000	0.0000	0.0000	0.0000	0.0000	0.0000											
69	96	0.6502	7	1	2	1	0	0	0	0	0	N	Y	N	N	N	N	N	N	N	N	N	N	0.0000	0.0000	0.0000	0.0000	0.0000	0.0000	0.0000	0.0000	0.0000	0.0000	0.0000	0.0000	0.0000	0.0000	0.0000	0.0000	0.0000	0.0000	0.0000	0.0000	1.0000	4.0000	0.0000	0.0000	0.0000	0.0000	0.0000	0.0000	0.0000	0.0000	0.0000	0.0000	0.0000	0.0000	0.0000	0.0000	0.0000	0.0000	0.0000	0.0000	0.0000	0.0000	0.1669	0.1538	0.0131	0.1308	0.1230	0.0079	0.0361	0.0308	0.0052	0.0043	0.0025	0.0018	0.0025	0.0021	0.0004	0.0018	0.0004	0.0014	0.0000	0.0000	0.0000	0.0000	0.0000	0.0000	0.0000	0.0000	0.0000	0.0000	0.0000	0.0000	0.0000	0.0000	0.0000	0.0000	0.0000	0.0000											
69	97	0.0940	4	1	1	1	0	0	0	0	0	N	N	N	N	N	N	N	N	N	N	N	N	0.0000	0.0000	0.0000	0.0000	0.0000	0.0000	0.0000	0.0000	0.0000	0.0000	0.0000	0.0000	0.0000	0.0000	0.0000	0.0000	0.0000	0.0000	0.0000	0.0000	1.0000	3.9994	0.0000	4.0000	0.0000	0.0000	0.0000	0.0000	0.0000	0.0000	0.0000	0.0000	0.0000	0.0000	0.0000	0.0000	0.0000	0.0000	0.0000	0.0000	0.0000	0.0000	0.1825	0.1677	0.0148	0.1315	0.1234	0.0080	0.0510	0.0442	0.0068	0.0138	0.0052	0.0086	0.0003	0.0003	0.0000	0.0135	0.0049	0.0085	0.0000	0.0000	0.0000	0.0000	0.0000	0.0000	0.0000	0.0000	0.0000	0.0000	0.0000	0.0000	0.0000	0.0000	0.0000	0.0000	0.0000	0.0000											
69	98	0.6502	7	1	1	1	0	0	0	0	0	N	N	N	N	N	N	N	N	N	N	N	N	0.0000	0.0000	0.0000	0.0000	0.0000	0.0000	0.0000	0.0000	0.0000	0.0000	0.0000	0.0000	0.0000	0.0000	0.0000	0.0000	0.0000	0.0000	0.0000	0.0000	1.0000	1.0000	0.0000	0.0000	0.0000	0.0000	0.0000	0.0000	0.0000	0.0000	0.0000	0.0000	0.0000	0.0000	0.0000	0.0000	0.0000	0.0000	0.0000	0.0000	0.0000	0.0000	0.0820	0.0756	0.0064	0.0650	0.0611	0.0039	0.0170	0.0145	0.0025	0.0020	0.0012	0.0008	0.0012	0.0010	0.0002	0.0008	0.0002	0.0007	0.0000	0.0000	0.0000	0.0000	0.0000	0.0000	0.0000	0.0000	0.0000	0.0000	0.0000	0.0000	0.0000	0.0000	0.0000	0.0000	0.0000	0.0000											
69	99	0.2050	5	1	1	1	0	0	0	0	0	N	N	N	N	N	N	N	N	N	N	N	N	inf	inf	inf	inf	0.3810	0.4184	0.0000	0.5185	0.5565	0.0000	0.0000	0.0000	0.0000	0.0000	0.0000	0.0000	0.0000	0.0000	0.0000	0.0000	0.0000	0.0000	0.0000	-0.0086	0.0000	1.0000	1.5982	0.0000	11.1970	0.0331	0.0331	0.0000	0.0331	0.0331	0.0000	0.0000	0.0000	0.0000	0.0000	0.0000	0.0000	0.0000	0.0000	0.0000	0.0000	0.0000	0.0000	0.0870	0.0792	0.0078	0.0639	0.0596	0.0044	0.0231	0.0197	0.0034	0.0337	0.0179	0.0158	0.0092	0.0088	0.0004	0.0245	0.0091	0.0154	inf	inf	0.0000	inf	inf	0.0000	0.0000	0.0000	0.0000	0.0000	0.0000	0.0000	0.0000	0.0000	0.0000	0.0000	0.0000	0.0000						
69	100	0.0705	5	2	2	2	0	0	0	0	0	Y	Y	Y	N	N	N	N	N	N	N	N	N	0.0000	0.0000	0.0000	0.0000	0.0000	0.0000	0.0000	0.0000	0.0000	0.0000	0.0000	0.0000	0.0000	0.0000	0.0000	0.0000	0.0000	0.0000	0.0000	0.0000	1.0000	0.0000	0.0000	0.9982	0.0000	0.0000	0.0000	0.0000	0.0000	0.0000	0.0000	0.0000	0.0000	0.0000	0.0000	0.0000	0.0000	0.0000	0.0000	0.0000	0.0000	0.0000	0.0159	0.0154	0.0005	0.0115	0.0114	0.0001	0.0044	0.0041	0.0004	0.0035	0.0017	0.0018	0.0001	0.0001	0.0000	0.0034	0.0016	0.0018	0.0000	0.0000	0.0000	0.0000	0.0000	0.0000	0.0000	0.0000	0.0000	0.0000	0.0000	0.0000	0.0000	0.0000	0.0000	0.0000	0.0000	0.0000											
69	101	0.6849	10	2	2	2	0	0	0	0	0	Y	Y	Y	N	N	N	N	N	N	N	N	N	0.0000	0.0000	0.0000	0.0000	0.0000	0.0000	0.0000	0.0000	0.0000	0.0000	0.0000	0.0000	0.0000	0.0000	0.0000	0.0000	0.0000	0.0000	0.0000	0.0000	1.0000	0.0000	0.0000	0.0000	0.0000	0.0000	0.0000	0.0000	0.0000	0.0000	0.0000	0.0000	0.0000	0.0000	0.0000	0.0000	0.0000	0.0000	0.0000	0.0000	0.0000	0.0000	0.0000	0.0000	0.0000	0.0000	0.0000	0.0000	0.0000	0.0000	0.0000	0.0000	0.0000	0.0000	0.0000	0.0000	0.0000	0.0000	0.0000	0.0000	0.0000	0.0000	0.0000	0.0000	0.0000	0.0000	0.0000	0.0000	0.0000	0.0000	0.0000	0.0000	0.0000	0.0000	0.0000	0.0000	0.0000	0.0000											
69	102	0.6849	9	2	1	2	0	0	0	0	0	Y	N	Y	N	N	N	N	N	N	N	N	N	0.0000	0.0000	0.0000	0.0000	0.0000	0.0000	0.0000	0.0000	0.0000	0.0000	0.0000	0.0000	0.0000	0.0000	0.0000	0.0000	0.0000	0.0000	0.0000	0.0000	1.0000	0.0000	0.0000	0.0000	0.0000	0.0000	0.0000	0.0000	0.0000	0.0000	0.0000	0.0000	0.0000	0.0000	0.0000	0.0000	0.0000	0.0000	0.0000	0.0000	0.0000	0.0000	0.0000	0.0000	0.0000	0.0000	0.0000	0.0000	0.0000	0.0000	0.0000	0.0000	0.0000	0.0000	0.0000	0.0000	0.0000	0.0000	0.0000	0.0000	0.0000	0.0000	0.0000	0.0000	0.0000	0.0000	0.0000	0.0000	0.0000	0.0000	0.0000	0.0000	0.0000	0.0000	0.0000	0.0000	0.0000	0.0000											
69	103	0.6788	8	2	1	2	0	0	0	0	0	Y	N	Y	N	N	N	N	N	N	N	N	N	0.0000	0.0000	0.0000	0.0000	0.0000	0.0000	0.0000	0.0000	0.0000	0.0000	0.0000	0.0000	0.0000	0.0000	0.0000	0.0000	0.0000	0.0000	0.0000	0.0000	1.0000	0.0000	0.0000	1.0091	0.0000	0.0000	0.0000	0.0000	0.0000	0.0000	0.0000	0.0000	0.0000	0.0000	0.0000	0.0000	0.0000	0.0000	0.0000	0.0000	0.0000	0.0000	0.0000	0.0000	0.0000	0.0000	0.0000	0.0000	0.0000	0.0000	0.0000	0.0011	0.0006	0.0005	0.0006	0.0006	0.0001	0.0005	0.0001	0.0004	0.0000	0.0000	0.0000	0.0000	0.0000	0.0000	0.0000	0.0000	0.0000	0.0000	0.0000	0.0000	0.0000	0.0000	0.0000	0.0000	0.0000	0.0000											
69	104	0.0940	4	1	2	1	0	0	0	0	0	N	Y	N	N	N	N	N	N	N	N	N	N	0.0000	0.0000	0.0000	0.0000	0.0000	0.0000	0.0000	0.0000	0.0000	0.0000	0.0000	0.0000	0.0000	0.0000	0.0000	0.0000	0.0000	0.0000	0.0000	0.0000	1.0000	7.9994	0.0000	4.0001	0.0000	0.0000	0.0000	0.0000	0.0000	0.0000	0.0000	0.0000	0.0000	0.0000	0.0000	0.0000	0.0000	0.0000	0.0000	0.0000	0.0000	0.0000	0.3257	0.2986	0.0270	0.2278	0.2136	0.0142	0.0978	0.0850	0.0128	0.0198	0.0076	0.0122	0.0005	0.0004	0.0000	0.0193	0.0071	0.0122	0.0000	0.0000	0.0000	0.0000	0.0000	0.0000	0.0000	0.0000	0.0000	0.0000	0.0000	0.0000	0.0000	0.0000	0.0000	0.0000	0.0000	0.0000											
69	105	0.0740	6	2	1	2	0	0	0	0	0	Y	N	Y	N	N	N	N	N	N	N	N	N	0.0000	0.0000	0.0000	0.0000	0.0000	0.0000	0.0000	0.0000	0.0000	0.0000	0.0000	0.0000	0.0000	0.0000	0.0000	0.0000	0.0000	0.0000	0.0000	0.0000	1.0000	1.0000	0.0000	1.0005	0.0000	0.0000	0.0000	0.0000	0.0000	0.0000	0.0000	0.0000	0.0000	0.0000	0.0000	0.0000	0.0000	0.0000	0.0000	0.0000	0.0000	0.0000	0.0590	0.0536	0.0054	0.0188	0.0181	0.0007	0.0402	0.0355	0.0047	0.0067	0.0033	0.0035	0.0001	0.0001	0.0000	0.0066	0.0032	0.0034	0.0000	0.0000	0.0000	0.0000	0.0000	0.0000	0.0000	0.0000	0.0000	0.0000	0.0000	0.0000	0.0000	0.0000	0.0000	0.0000	0.0000	0.0000											
69	106	0.0705	5	2	1	2	0	0	0	0	0	Y	N	Y	N	N	N	N	N	N	N	N	N	0.0000	0.0000	0.0000	0.0000	0.0000	0.0000	0.0000	0.0000	0.0000	0.0000	0.0000	0.0000	0.0000	0.0000	0.0000	0.0000	0.0000	0.0000	0.0000	0.0000	1.0000	0.7249	0.0000	0.0368	0.0000	0.0000	0.0000	0.0000	0.0000	0.0000	0.0000	0.0000	0.0000	0.0000	0.0000	0.0000	0.0000	0.0000	0.0000	0.0000	0.0000	0.0000	0.0584	0.0539	0.0045	0.0244	0.0238	0.0007	0.0340	0.0301	0.0038	0.0027	0.0013	0.0014	0.0001	0.0001	0.0000	0.0026	0.0012	0.0014	0.0000	0.0000	0.0000	0.0000	0.0000	0.0000	0.0000	0.0000	0.0000	0.0000	0.0000	0.0000	0.0000	0.0000	0.0000	0.0000	0.0000	0.0000											
69	107	0.0690	4	2	1	2	0	0	0	0	0	Y	N	Y	N	N	N	N	N	N	N	N	N	0.0000	0.0000	0.0000	0.0000	0.0000	0.0000	0.0000	0.0000	0.0000	0.0000	0.0000	0.0000	0.0000	0.0000	0.0000	0.0000	0.0000	0.0000	0.0000	0.0000	1.0000	0.4159	0.0000	0.0887	0.0000	0.0000	0.0000	0.0000	0.0000	0.0000	0.0000	0.0000	0.0000	0.0000	0.0000	0.0000	0.0000	0.0000	0.0000	0.0000	0.0000	0.0000	0.0442	0.0415	0.0027	0.0221	0.0216	0.0005	0.0221	0.0199	0.0022	0.0019	0.0010	0.0010	0.0001	0.0001	0.0000	0.0018	0.0008	0.0010	0.0000	0.0000	0.0000	0.0000	0.0000	0.0000	0.0000	0.0000	0.0000	0.0000	0.0000	0.0000	0.0000	0.0000	0.0000	0.0000	0.0000	0.0000											
69	108	0.0528	3	2	1	1	0	0	0	0	0	Y	N	N	N	N	N	N	N	N	N	N	N	0.0000	0.0000	0.0000	0.0000	0.0000	0.0000	0.0000	0.0000	0.0000	0.0000	0.0000	0.0000	0.0000	0.0000	0.0000	0.0000	0.0000	0.0000	0.0000	0.0000	1.0000	3.9943	0.0000	0.9974	0.0000	0.0000	0.0000	0.0000	0.0000	0.0000	0.0000	0.0000	0.0000	0.0000	0.0000	0.0000	0.0000	0.0000	0.0000	0.0000	0.0000	0.0000	0.2250	0.1924	0.0327	0.0091	0.0086	0.0005	0.2160	0.1837	0.0322	0.0185	0.0088	0.0096	0.0001	0.0001	0.0000	0.0184	0.0088	0.0096	0.0000	0.0000	0.0000	0.0000	0.0000	0.0000	0.0000	0.0000	0.0000	0.0000	0.0000	0.0000	0.0000	0.0000	0.0000	0.0000	0.0000	0.0000											
69	109	0.6788	8	2	1	2	0	0	0	0	0	Y	N	Y	N	N	N	N	N	N	N	N	N	0.0000	0.0000	0.0000	0.0000	0.0000	0.0000	0.0000	0.0000	0.0000	0.0000	0.0000	0.0000	0.0000	0.0000	0.0000	0.0000	0.0000	0.0000	0.0000	0.0000	1.0000	0.0000	0.0000	0.9909	0.0000	0.0000	0.0000	0.0000	0.0000	0.0000	0.0000	0.0000	0.0000	0.0000	0.0000	0.0000	0.0000	0.0000	0.0000	0.0000	0.0000	0.0000	0.0000	0.0000	0.0000	0.0000	0.0000	0.0000	0.0000	0.0000	0.0000	0.0011	0.0006	0.0004	0.0006	0.0005	0.0001	0.0004	0.0001	0.0004	0.0000	0.0000	0.0000	0.0000	0.0000	0.0000	0.0000	0.0000	0.0000	0.0000	0.0000	0.0000	0.0000	0.0000	0.0000	0.0000	0.0000	0.0000											
69	110	0.6502	7	2	1	2	0	0	0	0	0	Y	N	Y	N	N	N	N	N	N	N	N	N	0.0000	0.0000	0.0000	0.0000	0.0000	0.0000	0.0000	0.0000	0.0000	0.0000	0.0000	0.0000	0.0000	0.0000	0.0000	0.0000	0.0000	0.0000	0.0000	0.0000	1.0000	4.0000	0.0000	0.0000	0.0000	0.0000	0.0000	0.0000	0.0000	0.0000	0.0000	0.0000	0.0000	0.0000	0.0000	0.0000	0.0000	0.0000	0.0000	0.0000	0.0000	0.0000	0.1669	0.1538	0.0131	0.1308	0.1230	0.0079	0.0361	0.0308	0.0052	0.0043	0.0025	0.0018	0.0025	0.0021	0.0004	0.0018	0.0004	0.0014	0.0000	0.0000	0.0000	0.0000	0.0000	0.0000	0.0000	0.0000	0.0000	0.0000	0.0000	0.0000	0.0000	0.0000	0.0000	0.0000	0.0000	0.0000											
69	112	0.1399	5	1	1	2	0	0	0	0	0	N	N	Y	N	N	N	N	N	N	N	N	N	0.0000	0.0000	0.0000	0.0000	0.0000	0.0000	0.0000	0.0000	0.0000	0.0000	0.0000	0.0000	0.0000	0.0000	0.0000	0.0000	0.0000	0.0000	0.0000	0.0000	1.0000	0.0000	0.0000	0.0001	0.0000	0.0000	0.0000	0.0000	0.0000	0.0000	0.0000	0.0000	0.0000	0.0000	0.0000	0.0000	0.0000	0.0000	0.0000	0.0000	0.0000	0.0000	0.0000	0.0000	0.0000	0.0000	0.0000	0.0000	0.0000	0.0000	0.0000	0.0000	0.0000	0.0000	0.0000	0.0000	0.0000	0.0000	0.0000	0.0000	0.0000	0.0000	0.0000	0.0000	0.0000	0.0000	0.0000	0.0000	0.0000	0.0000	0.0000	0.0000	0.0000	0.0000	0.0000	0.0000	0.0000	0.0000											
69	113	0.0940	4	1	1	2	0	0	0	0	0	N	N	Y	N	N	N	N	N	N	N	N	N	0.0000	0.0000	0.0000	0.0000	0.0000	0.0000	0.0000	0.0000	0.0000	0.0000	0.0000	0.0000	0.0000	0.0000	0.0000	0.0000	0.0000	0.0000	0.0000	0.0000	1.0000	4.0004	0.0000	4.9999	0.0000	0.0000	0.0000	0.0000	0.0000	0.0000	0.0000	0.0000	0.0000	0.0000	0.0000	0.0000	0.0000	0.0000	0.0000	0.0000	0.0000	0.0000	0.1825	0.1677	0.0148	0.1315	0.1235	0.0080	0.0510	0.0442	0.0068	0.0153	0.0058	0.0095	0.0004	0.0003	0.0000	0.0150	0.0055	0.0095	0.0000	0.0000	0.0000	0.0000	0.0000	0.0000	0.0000	0.0000	0.0000	0.0000	0.0000	0.0000	0.0000	0.0000	0.0000	0.0000	0.0000	0.0000											
69	114	0.6828	8	1	2	1	0	0	0	0	0	N	Y	N	N	N	N	N	N	N	N	N	N	0.0000	0.0000	0.0000	0.0000	0.0000	0.0000	0.0000	0.0000	0.0000	0.0000	0.0000	0.0000	0.0000	0.0000	0.0000	0.0000	0.0000	0.0000	0.0000	0.0000	1.0000	4.3361	0.0000	4.6323	0.0000	0.0000	0.0000	0.0000	0.0000	0.0000	0.0000	0.0000	0.0000	0.0000	0.0000	0.0000	0.0000	0.0000	0.0000	0.0000	0.0000	0.0000	0.1790	0.1650	0.0140	0.1382	0.1300	0.0082	0.0408	0.0350	0.0058	0.0098	0.0060	0.0038	0.0059	0.0052	0.0007	0.0039	0.0008	0.0031	0.0000	0.0000	0.0000	0.0000	0.0000	0.0000	0.0000	0.0000	0.0000	0.0000	0.0000	0.0000	0.0000	0.0000	0.0000	0.0000	0.0000	0.0000											
69	115	0.6502	7	1	1	1	0	0	0	0	0	N	N	N	N	N	N	N	N	N	N	N	N	0.0000	0.0000	0.0000	0.0000	0.0000	0.0000	0.0000	0.0000	0.0000	0.0000	0.0000	0.0000	0.0000	0.0000	0.0000	0.0000	0.0000	0.0000	0.0000	0.0000	1.0000	1.9840	0.0000	0.2610	0.0000	0.0000	0.0000	0.0000	0.0000	0.0000	0.0000	0.0000	0.0000	0.0000	0.0000	0.0000	0.0000	0.0000	0.0000	0.0000	0.0000	0.0000	0.0878	0.0810	0.0069	0.0696	0.0654	0.0042	0.0182	0.0156	0.0027	0.0024	0.0014	0.0010	0.0014	0.0012	0.0002	0.0010	0.0002	0.0008	0.0000	0.0000	0.0000	0.0000	0.0000	0.0000	0.0000	0.0000	0.0000	0.0000	0.0000	0.0000	0.0000	0.0000	0.0000	0.0000	0.0000	0.0000											
69	116	0.0940	4	1	2	1	1	0	0	0	0	N	Y	N	N	N	N	N	N	N	N	N	N	0.0000	0.0000	0.0000	0.0000	0.0000	0.0000	0.0000	0.0000	0.0000	0.0000	0.0000	0.0000	0.0000	0.0000	0.0000	0.0000	0.0000	0.0000	0.0000	0.0000	1.0000	5.0006	0.0000	2.0000	0.0000	0.0000	0.0000	0.0000	0.0000	0.0000	0.0000	0.0000	0.0000	0.0000	0.0000	0.0000	0.0000	0.0000	0.0000	0.0000	0.0000	0.0000	0.2214	0.2034	0.0181	0.1583	0.1486	0.0097	0.0631	0.0547	0.0084	0.0122	0.0046	0.0076	0.0003	0.0003	0.0000	0.0119	0.0044	0.0075	0.0000	0.0000	0.0000	0.0000	0.0000	0.0000	0.0000	0.0000	0.0000	0.0000	0.0000	0.0000	0.0000	0.0000	0.0000	0.0000	0.0000	0.0000											
69	117	0.6502	7	1	2	1	1	0	0	0	0	N	Y	N	N	N	N	N	N	N	N	N	N	0.0000	0.0000	0.0000	0.0000	0.0000	0.0000	0.0000	0.0000	0.0000	0.0000	0.0000	0.0000	0.0000	0.0000	0.0000	0.0000	0.0000	0.0000	0.0000	0.0000	1.0000	0.0000	0.0000	1.0000	0.0000	0.0000	0.0000	0.0000	0.0000	0.0000	0.0000	0.0000	0.0000	0.0000	0.0000	0.0000	0.0000	0.0000	0.0000	0.0000	0.0000	0.0000	0.0000	0.0000	0.0000	0.0000	0.0000	0.0000	0.0000	0.0000	0.0000	0.0015	0.0009	0.0006	0.0009	0.0008	0.0001	0.0006	0.0001	0.0005	0.0000	0.0000	0.0000	0.0000	0.0000	0.0000	0.0000	0.0000	0.0000	0.0000	0.0000	0.0000	0.0000	0.0000	0.0000	0.0000	0.0000	0.0000											
69	118	0.0940	4	1	2	1	0	0	0	0	0	N	Y	N	N	N	N	N	N	N	N	N	N	inf	inf	inf	inf	1.7908	0.0000	20.9376	0.0000	0.0000	0.0000	5.2646	0.0000	41.5180	0.0000	0.0000	0.0000	0.0000	0.0000	0.0000	0.0000	0.0000	0.0000	inf	0.7398	0.0000	1.0000	16.9994	0.0000	6.0000	1.0000	0.0000	1.0000	0.0000	0.0000	0.0000	1.0000	0.0000	1.0000	0.0000	0.0000	0.0000	0.0000	0.0000	0.0000	0.0000	0.0000	0.0000	0.5584	0.5106	0.0478	0.3685	0.3448	0.0237	0.1899	0.1659	0.0241	0.0339	0.0131	0.0207	0.0009	0.0008	0.0001	0.0330	0.0123	0.0207	inf	0.0000	inf	0.0000	0.0000	0.0000	inf	0.0000	inf	0.0000	0.0000	0.0000	0.0000	0.0000	0.0000	0.0000	0.0000	0.0000						
69	119	0.6502	7	1	2	1	0	0	0	0	0	N	Y	N	N	N	N	N	N	N	N	N	N	0.0000	0.0000	0.0000	0.0000	0.0000	0.0000	0.0000	0.0000	0.0000	0.0000	0.0000	0.0000	0.0000	0.0000	0.0000	0.0000	0.0000	0.0000	0.0000	0.0000	1.0000	5.0000	0.0000	6.0000	0.0000	0.0000	0.0000	0.0000	0.0000	0.0000	0.0000	0.0000	0.0000	0.0000	0.0000	0.0000	0.0000	0.0000	0.0000	0.0000	0.0000	0.0000	0.2028	0.1869	0.0160	0.1582	0.1486	0.0095	0.0447	0.0382	0.0065	0.0111	0.0065	0.0046	0.0065	0.0055	0.0010	0.0046	0.0009	0.0037	0.0000	0.0000	0.0000	0.0000	0.0000	0.0000	0.0000	0.0000	0.0000	0.0000	0.0000	0.0000	0.0000	0.0000	0.0000	0.0000	0.0000	0.0000											
69	120	0.6782	8	1	2	1	0	0	0	0	0	N	Y	N	N	N	N	N	N	N	N	N	N	0.0000	0.0000	0.0000	0.0000	0.0000	0.0000	0.0000	0.0000	0.0000	0.0000	0.0000	0.0000	0.0000	0.0000	0.0000	0.0000	0.0000	0.0000	0.0000	0.0000	1.0000	0.9998	0.0000	0.9486	0.0000	0.0000	0.0000	0.0000	0.0000	0.0000	0.0000	0.0000	0.0000	0.0000	0.0000	0.0000	0.0000	0.0000	0.0000	0.0000	0.0000	0.0000	0.0437	0.0402	0.0036	0.0346	0.0324	0.0022	0.0091	0.0078	0.0013	0.0046	0.0027	0.0019	0.0028	0.0024	0.0003	0.0018	0.0003	0.0016	0.0000	0.0000	0.0000	0.0000	0.0000	0.0000	0.0000	0.0000	0.0000	0.0000	0.0000	0.0000	0.0000	0.0000	0.0000	0.0000	0.0000	0.0000											
69	121	0.6502	7	1	2	1	0	0	0	0	0	N	Y	N	N	N	N	N	N	N	N	N	N	0.0000	0.0000	0.0000	0.0000	0.0000	0.0000	0.0000	0.0000	0.0000	0.0000	0.0000	0.0000	0.0000	0.0000	0.0000	0.0000	0.0000	0.0000	0.0000	0.0000	1.0000	3.0005	0.0000	1.1085	0.0000	0.0000	0.0000	0.0000	0.0000	0.0000	0.0000	0.0000	0.0000	0.0000	0.0000	0.0000	0.0000	0.0000	0.0000	0.0000	0.0000	0.0000	0.2212	0.2038	0.0174	0.1720	0.1616	0.0103	0.0492	0.0421	0.0071	0.0079	0.0046	0.0033	0.0046	0.0039	0.0007	0.0033	0.0007	0.0026	0.0000	0.0000	0.0000	0.0000	0.0000	0.0000	0.0000	0.0000	0.0000	0.0000	0.0000	0.0000	0.0000	0.0000	0.0000	0.0000	0.0000	0.0000											
69	122	0.0528	3	1	2	1	0	0	0	0	0	N	Y	N	N	N	N	N	N	N	N	N	N	0.0000	0.0000	0.0000	0.0000	0.0000	0.0000	0.0000	0.0000	0.0000	0.0000	0.0000	0.0000	0.0000	0.0000	0.0000	0.0000	0.0000	0.0000	0.0000	0.0000	1.0000	2.0001	0.0000	3.0000	0.0000	0.0000	0.0000	0.0000	0.0000	0.0000	0.0000	0.0000	0.0000	0.0000	0.0000	0.0000	0.0000	0.0000	0.0000	0.0000	0.0000	0.0000	0.1231	0.1049	0.0183	0.0047	0.0045	0.0002	0.1184	0.1004	0.0180	0.0185	0.0088	0.0096	0.0001	0.0001	0.0000	0.0184	0.0088	0.0096	0.0000	0.0000	0.0000	0.0000	0.0000	0.0000	0.0000	0.0000	0.0000	0.0000	0.0000	0.0000	0.0000	0.0000	0.0000	0.0000	0.0000	0.0000											
69	124	0.6837	8	1	2	1	0	0	0	0	0	N	Y	N	N	N	N	N	N	N	N	N	N	0.0000	0.0000	0.0000	0.0000	0.0000	0.0000	0.0000	0.0000	0.0000	0.0000	0.0000	0.0000	0.0000	0.0000	0.0000	0.0000	0.0000	0.0000	0.0000	0.0000	1.0000	3.9006	0.0000	3.1543	0.0000	0.0000	0.0000	0.0000	0.0000	0.0000	0.0000	0.0000	0.0000	0.0000	0.0000	0.0000	0.0000	0.0000	0.0000	0.0000	0.0000	0.0000	0.3432	0.3154	0.0278	0.2799	0.2612	0.0187	0.0633	0.0542	0.0091	0.0137	0.0084	0.0053	0.0084	0.0072	0.0012	0.0054	0.0013	0.0041	0.0000	0.0000	0.0000	0.0000	0.0000	0.0000	0.0000	0.0000	0.0000	0.0000	0.0000	0.0000	0.0000	0.0000	0.0000	0.0000	0.0000	0.0000											
69	125	0.6502	7	1	2	1	0	0	0	0	0	N	Y	N	N	N	N	N	N	N	N	N	N	0.0000	0.0000	0.0000	0.0000	0.0000	0.0000	0.0000	0.0000	0.0000	0.0000	0.0000	0.0000	0.0000	0.0000	0.0000	0.0000	0.0000	0.0000	0.0000	0.0000	1.0000	1.6924	0.0000	1.9110	0.0000	0.0000	0.0000	0.0000	0.0000	0.0000	0.0000	0.0000	0.0000	0.0000	0.0000	0.0000	0.0000	0.0000	0.0000	0.0000	0.0000	0.0000	0.1336	0.1231	0.0105	0.1052	0.0989	0.0064	0.0284	0.0242	0.0041	0.0069	0.0040	0.0029	0.0041	0.0035	0.0006	0.0029	0.0006	0.0023	0.0000	0.0000	0.0000	0.0000	0.0000	0.0000	0.0000	0.0000	0.0000	0.0000	0.0000	0.0000	0.0000	0.0000	0.0000	0.0000	0.0000	0.0000											
69	126	0.0940	4	1	2	1	0	0	0	0	0	N	Y	N	N	N	N	N	N	N	N	N	N	0.0000	0.0000	0.0000	0.0000	0.0000	0.0000	0.0000	0.0000	0.0000	0.0000	0.0000	0.0000	0.0000	0.0000	0.0000	0.0000	0.0000	0.0000	0.0000	0.0000	1.0000	0.9996	0.0000	8.0005	0.0000	0.0000	0.0000	0.0000	0.0000	0.0000	0.0000	0.0000	0.0000	0.0000	0.0000	0.0000	0.0000	0.0000	0.0000	0.0000	0.0000	0.0000	0.0502	0.0462	0.0040	0.0370	0.0348	0.0022	0.0132	0.0114	0.0018	0.0153	0.0058	0.0095	0.0004	0.0003	0.0000	0.0150	0.0055	0.0095	0.0000	0.0000	0.0000	0.0000	0.0000	0.0000	0.0000	0.0000	0.0000	0.0000	0.0000	0.0000	0.0000	0.0000	0.0000	0.0000	0.0000	0.0000											
69	127	0.2214	6	1	1	1	0	0	0	0	0	N	N	N	N	N	N	N	N	N	N	N	N	inf	inf	inf	inf	inf	inf	0.9452	0.0000	10.7017	0.0088	0.0000	0.1268	3.5969	0.0000	25.3039	0.0000	0.0000	0.0000	0.0000	0.0000	0.0000	0.0000	0.0000	0.0000	inf	0.1302	0.0000	1.0000	3.6536	0.0000	12.3970	0.1760	0.0000	0.1760	0.0012	0.0000	0.0012	0.1748	0.0000	0.1748	0.0000	0.0000	0.0000	0.0000	0.0000	0.0000	0.0000	0.0000	0.0000	0.1862	0.1698	0.0164	0.1376	0.1281	0.0095	0.0486	0.0417	0.0069	0.0326	0.0184	0.0142	0.0085	0.0080	0.0005	0.0240	0.0104	0.0137	inf	0.0000	inf	inf	0.0000	inf	inf	0.0000	inf	0.0000	0.0000	0.0000	0.0000	0.0000	0.0000	0.0000	0.0000	0.0000				
69	128	0.3998	6	1	1	1	0	0	0	0	0	N	N	N	N	N	N	N	N	N	N	N	N	inf	inf	inf	inf	inf	inf	0.1164	0.1297	0.0000	0.0074	0.0081	0.0000	0.4678	0.5435	0.0000	0.0000	0.0000	0.0000	0.0000	0.0000	0.0000	0.0000	0.0000	0.0000	0.0000	-0.0094	0.0000	1.0000	5.3495	0.0000	12.4099	0.0362	0.0362	0.0000	0.0017	0.0017	0.0000	0.0345	0.0345	0.0000	0.0000	0.0000	0.0000	0.0000	0.0000	0.0000	0.0000	0.0000	0.0000	0.3113	0.2793	0.0321	0.2376	0.2158	0.0218	0.0737	0.0634	0.0103	0.0478	0.0304	0.0174	0.0262	0.0224	0.0038	0.0216	0.0080	0.0136	inf	inf	0.0000	inf	inf	0.0000	inf	inf	0.0000	0.0000	0.0000	0.0000	0.0000	0.0000	0.0000	0.0000	0.0000	0.0000				
69	129	0.2055	10	1	2	1	1	0	0	0	0	N	Y	N	N	N	N	N	N	N	N	N	N	0.0000	0.0000	0.0000	0.0000	0.0000	0.0000	0.0000	0.0000	0.0000	0.0000	0.0000	0.0000	0.0000	0.0000	0.0000	0.0000	0.0000	0.0000	0.0000	0.0000	1.0000	0.0000	0.0000	0.0000	0.0000	0.0000	0.0000	0.0000	0.0000	0.0000	0.0000	0.0000	0.0000	0.0000	0.0000	0.0000	0.0000	0.0000	0.0000	0.0000	0.0000	0.0000	0.0000	0.0000	0.0000	0.0000	0.0000	0.0000	0.0000	0.0000	0.0000	0.0000	0.0000	0.0000	0.0000	0.0000	0.0000	0.0000	0.0000	0.0000	0.0000	0.0000	0.0000	0.0000	0.0000	0.0000	0.0000	0.0000	0.0000	0.0000	0.0000	0.0000	0.0000	0.0000	0.0000	0.0000	0.0000	0.0000											
69	130	0.1892	9	1	2	1	1	0	0	0	0	N	Y	N	N	N	N	N	N	N	N	N	N	0.0000	0.0000	0.0000	0.0000	0.0000	0.0000	0.0000	0.0000	0.0000	0.0000	0.0000	0.0000	0.0000	0.0000	0.0000	0.0000	0.0000	0.0000	0.0000	0.0000	1.0000	0.0000	0.0000	3.0001	0.0000	0.0000	0.0000	0.0000	0.0000	0.0000	0.0000	0.0000	0.0000	0.0000	0.0000	0.0000	0.0000	0.0000	0.0000	0.0000	0.0000	0.0000	0.0000	0.0000	0.0000	0.0000	0.0000	0.0000	0.0000	0.0000	0.0000	0.0049	0.0019	0.0030	0.0003	0.0003	0.0000	0.0046	0.0016	0.0029	0.0000	0.0000	0.0000	0.0000	0.0000	0.0000	0.0000	0.0000	0.0000	0.0000	0.0000	0.0000	0.0000	0.0000	0.0000	0.0000	0.0000	0.0000											
69	131	0.1795	8	1	2	1	0	0	0	0	0	N	Y	N	N	N	N	N	N	N	N	N	N	0.0000	0.0000	0.0000	0.0000	0.0000	0.0000	0.0000	0.0000	0.0000	0.0000	0.0000	0.0000	0.0000	0.0000	0.0000	0.0000	0.0000	0.0000	0.0000	0.0000	1.0000	0.0000	0.0000	0.0000	0.0000	0.0000	0.0000	0.0000	0.0000	0.0000	0.0000	0.0000	0.0000	0.0000	0.0000	0.0000	0.0000	0.0000	0.0000	0.0000	0.0000	0.0000	0.0000	0.0000	0.0000	0.0000	0.0000	0.0000	0.0000	0.0000	0.0000	0.0000	0.0000	0.0000	0.0000	0.0000	0.0000	0.0000	0.0000	0.0000	0.0000	0.0000	0.0000	0.0000	0.0000	0.0000	0.0000	0.0000	0.0000	0.0000	0.0000	0.0000	0.0000	0.0000	0.0000	0.0000	0.0000	0.0000											
69	132	0.1892	9	1	1	2	1	0	0	0	0	N	N	Y	N	N	N	N	N	N	N	N	N	0.0000	0.0000	0.0000	0.0000	0.0000	0.0000	0.0000	0.0000	0.0000	0.0000	0.0000	0.0000	0.0000	0.0000	0.0000	0.0000	0.0000	0.0000	0.0000	0.0000	1.0000	0.0000	0.0000	1.9999	0.0000	0.0000	0.0000	0.0000	0.0000	0.0000	0.0000	0.0000	0.0000	0.0000	0.0000	0.0000	0.0000	0.0000	0.0000	0.0000	0.0000	0.0000	0.0000	0.0000	0.0000	0.0000	0.0000	0.0000	0.0000	0.0000	0.0000	0.0034	0.0014	0.0020	0.0002	0.0002	0.0000	0.0031	0.0011	0.0020	0.0000	0.0000	0.0000	0.0000	0.0000	0.0000	0.0000	0.0000	0.0000	0.0000	0.0000	0.0000	0.0000	0.0000	0.0000	0.0000	0.0000	0.0000											
69	133	0.2002	10	1	1	2	1	0	0	0	0	N	N	Y	N	N	N	N	N	N	N	N	N	inf	inf	inf	inf	19.4650	0.0000	229.4406	0.0000	0.0000	0.0000	89.3213	0.0000	665.3695	0.0000	0.0000	0.0000	0.0000	0.0000	0.0000	0.0000	0.0000	0.0000	inf	0.7398	0.0000	1.0000	1.0000	0.0000	0.0000	1.0000	0.0000	1.0000	0.0000	0.0000	0.0000	1.0000	0.0000	1.0000	0.0000	0.0000	0.0000	0.0000	0.0000	0.0000	0.0000	0.0000	0.0000	0.0514	0.0470	0.0044	0.0402	0.0373	0.0029	0.0112	0.0097	0.0015	0.0016	0.0006	0.0010	0.0004	0.0003	0.0002	0.0012	0.0003	0.0008	inf	0.0000	inf	0.0000	0.0000	0.0000	inf	0.0000	inf	0.0000	0.0000	0.0000	0.0000	0.0000	0.0000	0.0000	0.0000	0.0000						
69	134	0.2002	10	1	1	2	1	0	0	0	0	N	N	Y	N	N	N	N	N	N	N	N	N	0.0000	0.0000	0.0000	0.0000	0.0000	0.0000	0.0000	0.0000	0.0000	0.0000	0.0000	0.0000	0.0000	0.0000	0.0000	0.0000	0.0000	0.0000	0.0000	0.0000	1.0000	0.0000	0.0000	0.0000	0.0000	0.0000	0.0000	0.0000	0.0000	0.0000	0.0000	0.0000	0.0000	0.0000	0.0000	0.0000	0.0000	0.0000	0.0000	0.0000	0.0000	0.0000	0.0000	0.0000	0.0000	0.0000	0.0000	0.0000	0.0000	0.0000	0.0000	0.0000	0.0000	0.0000	0.0000	0.0000	0.0000	0.0000	0.0000	0.0000	0.0000	0.0000	0.0000	0.0000	0.0000	0.0000	0.0000	0.0000	0.0000	0.0000	0.0000	0.0000	0.0000	0.0000	0.0000	0.0000	0.0000	0.0000											
69	135	0.1892	9	1	1	2	1	0	0	0	0	N	N	Y	N	N	N	N	N	N	N	N	N	0.0000	0.0000	0.0000	0.0000	0.0000	0.0000	0.0000	0.0000	0.0000	0.0000	0.0000	0.0000	0.0000	0.0000	0.0000	0.0000	0.0000	0.0000	0.0000	0.0000	1.0000	2.0025	0.0000	0.9943	0.0000	0.0000	0.0000	0.0000	0.0000	0.0000	0.0000	0.0000	0.0000	0.0000	0.0000	0.0000	0.0000	0.0000	0.0000	0.0000	0.0000	0.0000	0.1008	0.0922	0.0087	0.0767	0.0712	0.0055	0.0242	0.0210	0.0032	0.0049	0.0019	0.0030	0.0003	0.0003	0.0000	0.0046	0.0016	0.0029	0.0000	0.0000	0.0000	0.0000	0.0000	0.0000	0.0000	0.0000	0.0000	0.0000	0.0000	0.0000	0.0000	0.0000	0.0000	0.0000	0.0000	0.0000											
69	136	0.1892	8	1	1	1	1	0	0	0	0	N	N	N	N	N	N	N	N	N	N	N	N	0.0000	0.0000	0.0000	0.0000	0.0000	0.0000	0.0000	0.0000	0.0000	0.0000	0.0000	0.0000	0.0000	0.0000	0.0000	0.0000	0.0000	0.0000	0.0000	0.0000	1.0000	0.0050	0.0000	0.0173	0.0000	0.0000	0.0000	0.0000	0.0000	0.0000	0.0000	0.0000	0.0000	0.0000	0.0000	0.0000	0.0000	0.0000	0.0000	0.0000	0.0000	0.0000	0.0006	0.0006	0.0000	0.0005	0.0005	0.0000	0.0001	0.0001	0.0000	0.0003	0.0003	0.0000	0.0001	0.0001	0.0000	0.0002	0.0001	0.0000	0.0000	0.0000	0.0000	0.0000	0.0000	0.0000	0.0000	0.0000	0.0000	0.0000	0.0000	0.0000	0.0000	0.0000	0.0000	0.0000	0.0000	0.0000											
69	137	0.1795	7	1	1	1	1	0	0	0	0	N	N	N	N	N	N	N	N	N	N	N	N	0.0000	0.0000	0.0000	0.0000	0.0000	0.0000	0.0000	0.0000	0.0000	0.0000	0.0000	0.0000	0.0000	0.0000	0.0000	0.0000	0.0000	0.0000	0.0000	0.0000	1.0000	1.9972	0.0000	1.0076	0.0000	0.0000	0.0000	0.0000	0.0000	0.0000	0.0000	0.0000	0.0000	0.0000	0.0000	0.0000	0.0000	0.0000	0.0000	0.0000	0.0000	0.0000	0.0929	0.0850	0.0079	0.0680	0.0633	0.0047	0.0249	0.0216	0.0033	0.0048	0.0017	0.0031	0.0001	0.0001	0.0000	0.0046	0.0016	0.0031	0.0000	0.0000	0.0000	0.0000	0.0000	0.0000	0.0000	0.0000	0.0000	0.0000	0.0000	0.0000	0.0000	0.0000	0.0000	0.0000	0.0000	0.0000											
69	138	0.1623	6	2	2	1	0	0	0	0	0	Y	Y	N	N	N	N	N	N	N	N	N	N	0.0000	0.0000	0.0000	0.0000	0.0000	0.0000	0.0000	0.0000	0.0000	0.0000	0.0000	0.0000	0.0000	0.0000	0.0000	0.0000	0.0000	0.0000	0.0000	0.0000	1.0000	0.0002	0.0000	2.3255	0.0000	0.0000	0.0000	0.0000	0.0000	0.0000	0.0000	0.0000	0.0000	0.0000	0.0000	0.0000	0.0000	0.0000	0.0000	0.0000	0.0000	0.0000	0.0000	0.0000	0.0000	0.0000	0.0000	0.0000	0.0000	0.0000	0.0000	0.0050	0.0026	0.0025	0.0009	0.0009	0.0001	0.0041	0.0017	0.0024	0.0000	0.0000	0.0000	0.0000	0.0000	0.0000	0.0000	0.0000	0.0000	0.0000	0.0000	0.0000	0.0000	0.0000	0.0000	0.0000	0.0000	0.0000											
69	139	0.1444	5	2	2	1	0	0	0	0	0	Y	Y	N	N	N	N	N	N	N	N	N	N	0.0000	0.0000	0.0000	0.0000	0.0000	0.0000	0.0000	0.0000	0.0000	0.0000	0.0000	0.0000	0.0000	0.0000	0.0000	0.0000	0.0000	0.0000	0.0000	0.0000	1.0000	2.0138	0.0000	2.7349	0.0000	0.0000	0.0000	0.0000	0.0000	0.0000	0.0000	0.0000	0.0000	0.0000	0.0000	0.0000	0.0000	0.0000	0.0000	0.0000	0.0000	0.0000	0.0938	0.0855	0.0082	0.0535	0.0504	0.0032	0.0402	0.0352	0.0051	0.0162	0.0089	0.0073	0.0049	0.0047	0.0002	0.0113	0.0042	0.0071	0.0000	0.0000	0.0000	0.0000	0.0000	0.0000	0.0000	0.0000	0.0000	0.0000	0.0000	0.0000	0.0000	0.0000	0.0000	0.0000	0.0000	0.0000											
69	140	0.1609	6	1	2	1	0	0	0	0	0	N	Y	N	N	N	N	N	N	N	N	N	N	0.0000	0.0000	0.0000	0.0000	0.0000	0.0000	0.0000	0.0000	0.0000	0.0000	0.0000	0.0000	0.0000	0.0000	0.0000	0.0000	0.0000	0.0000	0.0000	0.0000	1.0000	1.9232	0.0000	1.1116	0.0000	0.0000	0.0000	0.0000	0.0000	0.0000	0.0000	0.0000	0.0000	0.0000	0.0000	0.0000	0.0000	0.0000	0.0000	0.0000	0.0000	0.0000	0.1268	0.1130	0.0138	0.0851	0.0754	0.0097	0.0417	0.0376	0.0041	0.0067	0.0030	0.0037	0.0008	0.0008	0.0001	0.0059	0.0022	0.0036	0.0000	0.0000	0.0000	0.0000	0.0000	0.0000	0.0000	0.0000	0.0000	0.0000	0.0000	0.0000	0.0000	0.0000	0.0000	0.0000	0.0000	0.0000											
69	141	0.6694	8	1	2	1	0	0	0	0	0	N	Y	N	N	N	N	N	N	N	N	N	N	0.0000	0.0000	0.0000	0.0000	0.0000	0.0000	0.0000	0.0000	0.0000	0.0000	0.0000	0.0000	0.0000	0.0000	0.0000	0.0000	0.0000	0.0000	0.0000	0.0000	1.0000	3.0000	0.0000	1.0000	0.0000	0.0000	0.0000	0.0000	0.0000	0.0000	0.0000	0.0000	0.0000	0.0000	0.0000	0.0000	0.0000	0.0000	0.0000	0.0000	0.0000	0.0000	0.2408	0.2214	0.0194	0.1916	0.1793	0.0123	0.0492	0.0421	0.0071	0.0077	0.0045	0.0032	0.0045	0.0038	0.0007	0.0032	0.0006	0.0025	0.0000	0.0000	0.0000	0.0000	0.0000	0.0000	0.0000	0.0000	0.0000	0.0000	0.0000	0.0000	0.0000	0.0000	0.0000	0.0000	0.0000	0.0000											
69	142	0.6502	7	1	1	1	0	0	0	0	0	N	N	N	N	N	N	N	N	N	N	N	N	0.0000	0.0000	0.0000	0.0000	0.0000	0.0000	0.0000	0.0000	0.0000	0.0000	0.0000	0.0000	0.0000	0.0000	0.0000	0.0000	0.0000	0.0000	0.0000	0.0000	1.0000	1.0000	0.0000	1.0000	0.0000	0.0000	0.0000	0.0000	0.0000	0.0000	0.0000	0.0000	0.0000	0.0000	0.0000	0.0000	0.0000	0.0000	0.0000	0.0000	0.0000	0.0000	0.0820	0.0756	0.0064	0.0650	0.0611	0.0039	0.0170	0.0145	0.0025	0.0040	0.0023	0.0017	0.0023	0.0020	0.0003	0.0016	0.0003	0.0013	0.0000	0.0000	0.0000	0.0000	0.0000	0.0000	0.0000	0.0000	0.0000	0.0000	0.0000	0.0000	0.0000	0.0000	0.0000	0.0000	0.0000	0.0000											
69	143	0.3998	6	1	1	1	0	0	0	0	0	N	N	N	N	N	N	N	N	N	N	N	N	inf	inf	inf	inf	inf	inf	0.0992	0.1102	0.0000	0.0064	0.0070	0.0000	0.3736	0.4323	0.0000	0.0000	0.0000	0.0000	0.0000	0.0000	0.0000	0.0000	0.0000	0.0000	0.0000	-0.0094	0.0000	1.0000	7.1211	0.0000	10.9474	0.0362	0.0362	0.0000	0.0017	0.0017	0.0000	0.0345	0.0345	0.0000	0.0000	0.0000	0.0000	0.0000	0.0000	0.0000	0.0000	0.0000	0.0000	0.3654	0.3288	0.0366	0.2731	0.2490	0.0241	0.0923	0.0798	0.0125	0.0480	0.0305	0.0175	0.0262	0.0225	0.0038	0.0217	0.0080	0.0137	inf	inf	0.0000	inf	inf	0.0000	inf	inf	0.0000	0.0000	0.0000	0.0000	0.0000	0.0000	0.0000	0.0000	0.0000	0.0000				
69	144	0.2050	5	1	1	1	0	0	0	0	0	N	N	N	N	N	N	N	N	N	N	N	N	inf	inf	inf	inf	inf	inf	inf	inf	inf	2.7128	2.9791	0.0356	0.1226	0.1323	0.0001	9.0444	10.4136	0.0834	0.0000	0.0000	0.0000	0.0000	0.0000	0.0000	0.0000	0.0000	0.0000	0.0012	-0.2498	0.0000	1.0000	8.5175	0.0000	23.1696	0.9644	0.9633	0.0011	0.0309	0.0309	0.0000	0.9335	0.9323	0.0011	0.0000	0.0000	0.0000	0.0000	0.0000	0.0000	0.0000	0.0000	0.0000	0.3555	0.3233	0.0322	0.2523	0.2338	0.0185	0.1032	0.0895	0.0137	0.0516	0.0245	0.0271	0.0097	0.0090	0.0007	0.0419	0.0155	0.0264	inf	inf	inf	inf	inf	inf	inf	inf	inf	0.0000	0.0000	0.0000	0.0000	0.0000	0.0000	0.0000	0.0000	0.0000	
69	145	0.1795	8	2	2	1	0	0	0	0	0	Y	Y	N	N	N	N	N	N	N	N	N	N	0.0000	0.0000	0.0000	0.0000	0.0000	0.0000	0.0000	0.0000	0.0000	0.0000	0.0000	0.0000	0.0000	0.0000	0.0000	0.0000	0.0000	0.0000	0.0000	0.0000	1.0000	1.0000	0.0000	1.0000	0.0000	0.0000	0.0000	0.0000	0.0000	0.0000	0.0000	0.0000	0.0000	0.0000	0.0000	0.0000	0.0000	0.0000	0.0000	0.0000	0.0000	0.0000	0.0481	0.0440	0.0041	0.0355	0.0330	0.0024	0.0126	0.0109	0.0017	0.0032	0.0011	0.0021	0.0001	0.0001	0.0000	0.0031	0.0010	0.0021	0.0000	0.0000	0.0000	0.0000	0.0000	0.0000	0.0000	0.0000	0.0000	0.0000	0.0000	0.0000	0.0000	0.0000	0.0000	0.0000	0.0000	0.0000											
69	146	0.1795	7	1	2	1	0	0	0	0	0	N	Y	N	N	N	N	N	N	N	N	N	N	0.0000	0.0000	0.0000	0.0000	0.0000	0.0000	0.0000	0.0000	0.0000	0.0000	0.0000	0.0000	0.0000	0.0000	0.0000	0.0000	0.0000	0.0000	0.0000	0.0000	1.0000	0.0003	0.0000	0.0000	0.0000	0.0000	0.0000	0.0000	0.0000	0.0000	0.0000	0.0000	0.0000	0.0000	0.0000	0.0000	0.0000	0.0000	0.0000	0.0000	0.0000	0.0000	0.0001	0.0000	0.0000	0.0000	0.0000	0.0000	0.0000	0.0000	0.0000	0.0000	0.0000	0.0000	0.0000	0.0000	0.0000	0.0000	0.0000	0.0000	0.0000	0.0000	0.0000	0.0000	0.0000	0.0000	0.0000	0.0000	0.0000	0.0000	0.0000	0.0000	0.0000	0.0000	0.0000	0.0000	0.0000	0.0000											
69	147	0.1609	6	1	1	1	0	0	0	0	0	N	N	N	N	N	N	N	N	N	N	N	N	0.0000	0.0000	0.0000	0.0000	0.0000	0.0000	0.0000	0.0000	0.0000	0.0000	0.0000	0.0000	0.0000	0.0000	0.0000	0.0000	0.0000	0.0000	0.0000	0.0000	1.0000	4.9449	0.0000	1.0063	0.0000	0.0000	0.0000	0.0000	0.0000	0.0000	0.0000	0.0000	0.0000	0.0000	0.0000	0.0000	0.0000	0.0000	0.0000	0.0000	0.0000	0.0000	0.2198	0.1971	0.0227	0.1398	0.1263	0.0135	0.0799	0.0708	0.0091	0.0116	0.0049	0.0067	0.0010	0.0009	0.0001	0.0107	0.0040	0.0067	0.0000	0.0000	0.0000	0.0000	0.0000	0.0000	0.0000	0.0000	0.0000	0.0000	0.0000	0.0000	0.0000	0.0000	0.0000	0.0000	0.0000	0.0000											
69	148	0.1444	5	1	1	1	0	0	0	0	0	N	N	N	N	N	N	N	N	N	N	N	N	0.0000	0.0000	0.0000	0.0000	0.0000	0.0000	0.0000	0.0000	0.0000	0.0000	0.0000	0.0000	0.0000	0.0000	0.0000	0.0000	0.0000	0.0000	0.0000	0.0000	1.0000	3.4778	0.0000	1.2917	0.0000	0.0000	0.0000	0.0000	0.0000	0.0000	0.0000	0.0000	0.0000	0.0000	0.0000	0.0000	0.0000	0.0000	0.0000	0.0000	0.0000	0.0000	0.1405	0.1279	0.0126	0.0807	0.0755	0.0052	0.0598	0.0524	0.0074	0.0162	0.0089	0.0073	0.0049	0.0047	0.0002	0.0113	0.0042	0.0071	0.0000	0.0000	0.0000	0.0000	0.0000	0.0000	0.0000	0.0000	0.0000	0.0000	0.0000	0.0000	0.0000	0.0000	0.0000	0.0000	0.0000	0.0000											
69	149	0.0940	4	1	1	1	0	0	0	0	0	N	N	N	N	N	N	N	N	N	N	N	N	0.0000	0.0000	0.0000	0.0000	0.0000	0.0000	0.0000	0.0000	0.0000	0.0000	0.0000	0.0000	0.0000	0.0000	0.0000	0.0000	0.0000	0.0000	0.0000	0.0000	1.0000	7.8050	0.0000	4.0035	0.0000	0.0000	0.0000	0.0000	0.0000	0.0000	0.0000	0.0000	0.0000	0.0000	0.0000	0.0000	0.0000	0.0000	0.0000	0.0000	0.0000	0.0000	0.3194	0.2929	0.0265	0.2238	0.2098	0.0139	0.0956	0.0831	0.0125	0.0195	0.0075	0.0121	0.0005	0.0004	0.0000	0.0191	0.0070	0.0120	0.0000	0.0000	0.0000	0.0000	0.0000	0.0000	0.0000	0.0000	0.0000	0.0000	0.0000	0.0000	0.0000	0.0000	0.0000	0.0000	0.0000	0.0000											
69	150	0.2214	6	1	1	1	0	0	0	0	0	N	N	N	N	N	N	N	N	N	N	N	N	inf	inf	inf	inf	inf	inf	0.9300	0.0000	10.5304	0.0087	0.0000	0.1247	3.5378	0.0000	24.9338	0.0000	0.0000	0.0000	0.0000	0.0000	0.0000	0.0000	0.0000	0.0000	inf	0.1302	0.0000	1.0000	3.7255	0.0000	14.1767	0.1760	0.0000	0.1760	0.0012	0.0000	0.0012	0.1748	0.0000	0.1748	0.0000	0.0000	0.0000	0.0000	0.0000	0.0000	0.0000	0.0000	0.0000	0.1893	0.1726	0.0167	0.1399	0.1302	0.0097	0.0494	0.0424	0.0070	0.0343	0.0191	0.0152	0.0086	0.0081	0.0005	0.0257	0.0110	0.0147	inf	0.0000	inf	inf	0.0000	inf	inf	0.0000	inf	0.0000	0.0000	0.0000	0.0000	0.0000	0.0000	0.0000	0.0000	0.0000				
69	151	0.2050	5	1	1	1	0	0	0	0	0	N	N	N	N	N	N	N	N	N	N	N	N	inf	inf	inf	inf	inf	inf	inf	inf	inf	10.2664	0.0981	113.6548	0.1341	0.1086	0.4838	38.2867	0.0660	256.2503	0.0000	0.0000	0.0000	0.0000	0.0000	0.0000	0.0000	0.0000	0.0000	114.0025	0.5889	0.0000	1.0000	1.4205	0.0000	4.0377	0.8055	0.0070	0.7985	0.0077	0.0058	0.0019	0.7978	0.0012	0.7966	0.0000	0.0000	0.0000	0.0000	0.0000	0.0000	0.0000	0.0000	0.0000	0.0785	0.0714	0.0070	0.0576	0.0537	0.0039	0.0208	0.0177	0.0031	0.0245	0.0146	0.0099	0.0088	0.0085	0.0003	0.0157	0.0060	0.0096	inf	inf	inf	inf	inf	inf	inf	inf	inf	0.0000	0.0000	0.0000	0.0000	0.0000	0.0000	0.0000	0.0000	0.0000	
69	152	0.0940	4	1	1	1	0	0	0	0	0	N	N	N	N	N	N	N	N	N	N	N	N	inf	inf	inf	inf	inf	inf	0.1207	0.0091	1.3637	0.0000	0.0000	0.0000	0.4124	0.0330	2.9114	0.0000	0.0000	0.0000	0.0000	0.0000	0.0000	0.0000	0.0000	0.0000	13.4130	0.0222	0.0000	1.0000	6.4701	0.0000	12.4371	0.0331	0.0023	0.0308	0.0000	0.0000	0.0000	0.0331	0.0023	0.0308	0.0000	0.0000	0.0000	0.0000	0.0000	0.0000	0.0000	0.0000	0.0000	0.2747	0.2521	0.0226	0.1943	0.1823	0.0120	0.0804	0.0698	0.0106	0.0290	0.0112	0.0178	0.0007	0.0007	0.0001	0.0283	0.0105	0.0178	inf	inf	inf	0.0000	0.0000	0.0000	inf	inf	inf	0.0000	0.0000	0.0000	0.0000	0.0000	0.0000	0.0000	0.0000	0.0000				
70	73	0.6619	8	2	2	1	0	0	0	0	0	Y	Y	N	N	N	N	N	N	N	N	N	N	0.0000	0.0000	0.0000	0.0000	0.0000	0.0000	0.0000	0.0000	0.0000	0.0000	0.0000	0.0000	0.0000	0.0000	0.0000	0.0000	0.0000	0.0000	0.0000	0.0000	0.0000	0.0000	0.0000	0.0000	0.0000	0.0000	0.0000	0.0000	0.0000	0.0000	0.0000	0.0000	0.0000	0.0000	0.0000	0.0000	0.0000	0.0000	0.0000	0.0000	0.0000	0.0000	0.0000	0.0000	0.0000	0.0000	0.0000	0.0000	0.0000	0.0000	0.0000	0.0000	0.0000	0.0000	0.0000	0.0000	0.0000	0.0000	0.0000	0.0000	0.0000	0.0000	0.0000	0.0000	0.0000	0.0000	0.0000	0.0000	0.0000	0.0000	0.0000	0.0000	0.0000	0.0000	0.0000	0.0000	0.0000	0.0000											
70	74	0.1548	6	2	2	1	0	0	0	0	0	Y	Y	N	N	N	N	N	N	N	N	N	N	0.0000	0.0000	0.0000	0.0000	0.0000	0.0000	0.0000	0.0000	0.0000	0.0000	0.0000	0.0000	0.0000	0.0000	0.0000	0.0000	0.0000	0.0000	0.0000	0.0000	0.0000	0.0000	0.0000	0.0010	0.0000	0.0000	0.0000	0.0000	0.0000	0.0000	0.0000	0.0000	0.0000	0.0000	0.0000	0.0000	0.0000	0.0000	0.0000	0.0000	0.0000	0.0000	0.0000	0.0000	0.0000	0.0000	0.0000	0.0000	0.0000	0.0000	0.0000	0.0000	0.0000	0.0000	0.0000	0.0000	0.0000	0.0000	0.0000	0.0000	0.0000	0.0000	0.0000	0.0000	0.0000	0.0000	0.0000	0.0000	0.0000	0.0000	0.0000	0.0000	0.0000	0.0000	0.0000	0.0000	0.0000	0.0000											
70	75	0.1439	8	1	2	1	1	0	0	0	0	N	Y	N	N	N	N	N	N	N	N	N	N	0.0000	0.0000	0.0000	0.0000	0.0000	0.0000	0.0000	0.0000	0.0000	0.0000	0.0000	0.0000	0.0000	0.0000	0.0000	0.0000	0.0000	0.0000	0.0000	0.0000	0.0000	0.0000	0.0000	0.0000	0.0000	0.0000	0.0000	0.0000	0.0000	0.0000	0.0000	0.0000	0.0000	0.0000	0.0000	0.0000	0.0000	0.0000	0.0000	0.0000	0.0000	0.0000	0.0000	0.0000	0.0000	0.0000	0.0000	0.0000	0.0000	0.0000	0.0000	0.0000	0.0000	0.0000	0.0000	0.0000	0.0000	0.0000	0.0000	0.0000	0.0000	0.0000	0.0000	0.0000	0.0000	0.0000	0.0000	0.0000	0.0000	0.0000	0.0000	0.0000	0.0000	0.0000	0.0000	0.0000	0.0000	0.0000											
70	76	0.1439	8	1	1	1	1	0	0	0	0	N	N	N	N	N	N	N	N	N	N	N	N	0.0000	0.0000	0.0000	0.0000	0.0000	0.0000	0.0000	0.0000	0.0000	0.0000	0.0000	0.0000	0.0000	0.0000	0.0000	0.0000	0.0000	0.0000	0.0000	0.0000	0.0000	0.0000	0.0000	0.0000	0.0000	0.0000	0.0000	0.0000	0.0000	0.0000	0.0000	0.0000	0.0000	0.0000	0.0000	0.0000	0.0000	0.0000	0.0000	0.0000	0.0000	0.0000	0.0000	0.0000	0.0000	0.0000	0.0000	0.0000	0.0000	0.0000	0.0000	0.0000	0.0000	0.0000	0.0000	0.0000	0.0000	0.0000	0.0000	0.0000	0.0000	0.0000	0.0000	0.0000	0.0000	0.0000	0.0000	0.0000	0.0000	0.0000	0.0000	0.0000	0.0000	0.0000	0.0000	0.0000	0.0000	0.0000											
70	77	0.1286	7	1	1	1	1	0	0	0	0	N	N	N	N	N	N	N	N	N	N	N	N	0.0000	0.0000	0.0000	0.0000	0.0000	0.0000	0.0000	0.0000	0.0000	0.0000	0.0000	0.0000	0.0000	0.0000	0.0000	0.0000	0.0000	0.0000	0.0000	0.0000	0.0000	0.0002	0.0000	2.9297	0.0000	0.0000	0.0000	0.0000	0.0000	0.0000	0.0000	0.0000	0.0000	0.0000	0.0000	0.0000	0.0000	0.0000	0.0000	0.0000	0.0000	0.0000	0.0000	0.0000	0.0000	0.0000	0.0000	0.0000	0.0000	0.0000	0.0000	0.0000	0.0000	0.0000	0.0000	0.0000	0.0000	0.0000	0.0000	0.0000	0.0000	0.0000	0.0000	0.0000	0.0000	0.0000	0.0000	0.0000	0.0000	0.0000	0.0000	0.0000	0.0000	0.0000	0.0000	0.0000	0.0000	0.0000											
70	78	0.1245	6	1	1	1	1	0	0	0	0	N	N	N	N	N	N	N	N	N	N	N	N	0.0000	0.0000	0.0000	0.0000	0.0000	0.0000	0.0000	0.0000	0.0000	0.0000	0.0000	0.0000	0.0000	0.0000	0.0000	0.0000	0.0000	0.0000	0.0000	0.0000	0.0000	0.0003	0.0000	2.1916	0.0000	0.0000	0.0000	0.0000	0.0000	0.0000	0.0000	0.0000	0.0000	0.0000	0.0000	0.0000	0.0000	0.0000	0.0000	0.0000	0.0000	0.0000	0.0000	0.0000	0.0000	0.0000	0.0000	0.0000	0.0000	0.0000	0.0000	0.0000	0.0000	0.0000	0.0000	0.0000	0.0000	0.0000	0.0000	0.0000	0.0000	0.0000	0.0000	0.0000	0.0000	0.0000	0.0000	0.0000	0.0000	0.0000	0.0000	0.0000	0.0000	0.0000	0.0000	0.0000	0.0000	0.0000											
70	79	0.1167	5	1	1	1	0	0	0	0	0	N	N	N	N	N	N	N	N	N	N	N	N	0.0000	0.0000	0.0000	0.0000	0.0000	0.0000	0.0000	0.0000	0.0000	0.0000	0.0000	0.0000	0.0000	0.0000	0.0000	0.0000	0.0000	0.0000	0.0000	0.0000	0.0000	0.2782	0.0000	1.3600	0.0000	0.0000	0.0000	0.0000	0.0000	0.0000	0.0000	0.0000	0.0000	0.0000	0.0000	0.0000	0.0000	0.0000	0.0000	0.0000	0.0000	0.0000	0.0000	0.0000	0.0000	0.0000	0.0000	0.0000	0.0000	0.0000	0.0000	0.0000	0.0000	0.0000	0.0000	0.0000	0.0000	0.0000	0.0000	0.0000	0.0000	0.0000	0.0000	0.0000	0.0000	0.0000	0.0000	0.0000	0.0000	0.0000	0.0000	0.0000	0.0000	0.0000	0.0000	0.0000	0.0000	0.0000											
70	80	0.0779	5	1	2	2	0	0	0	0	0	N	Y	Y	N	N	N	N	N	N	N	N	N	0.0000	0.0000	0.0000	0.0000	0.0000	0.0000	0.0000	0.0000	0.0000	0.0000	0.0000	0.0000	0.0000	0.0000	0.0000	0.0000	0.0000	0.0000	0.0000	0.0000	0.0000	0.0029	0.0000	2.0135	0.0000	0.0000	0.0000	0.0000	0.0000	0.0000	0.0000	0.0000	0.0000	0.0000	0.0000	0.0000	0.0000	0.0000	0.0000	0.0000	0.0000	0.0000	0.0000	0.0000	0.0000	0.0000	0.0000	0.0000	0.0000	0.0000	0.0000	0.0000	0.0000	0.0000	0.0000	0.0000	0.0000	0.0000	0.0000	0.0000	0.0000	0.0000	0.0000	0.0000	0.0000	0.0000	0.0000	0.0000	0.0000	0.0000	0.0000	0.0000	0.0000	0.0000	0.0000	0.0000	0.0000	0.0000											
70	81	0.0713	4	1	2	1	0	0	0	0	0	N	Y	N	N	N	N	N	N	N	N	N	N	0.0000	0.0000	0.0000	0.0000	0.0000	0.0000	0.0000	0.0000	0.0000	0.0000	0.0000	0.0000	0.0000	0.0000	0.0000	0.0000	0.0000	0.0000	0.0000	0.0000	0.0000	0.6188	0.0000	0.9475	0.0000	0.0000	0.0000	0.0000	0.0000	0.0000	0.0000	0.0000	0.0000	0.0000	0.0000	0.0000	0.0000	0.0000	0.0000	0.0000	0.0000	0.0000	0.0000	0.0000	0.0000	0.0000	0.0000	0.0000	0.0000	0.0000	0.0000	0.0000	0.0000	0.0000	0.0000	0.0000	0.0000	0.0000	0.0000	0.0000	0.0000	0.0000	0.0000	0.0000	0.0000	0.0000	0.0000	0.0000	0.0000	0.0000	0.0000	0.0000	0.0000	0.0000	0.0000	0.0000	0.0000	0.0000											
70	82	0.6651	8	1	2	2	0	0	0	0	0	N	Y	Y	N	N	N	N	N	N	N	N	N	0.0000	0.0000	0.0000	0.0000	0.0000	0.0000	0.0000	0.0000	0.0000	0.0000	0.0000	0.0000	0.0000	0.0000	0.0000	0.0000	0.0000	0.0000	0.0000	0.0000	0.0000	0.0000	0.0000	1.0000	0.0000	0.0000	0.0000	0.0000	0.0000	0.0000	0.0000	0.0000	0.0000	0.0000	0.0000	0.0000	0.0000	0.0000	0.0000	0.0000	0.0000	0.0000	0.0000	0.0000	0.0000	0.0000	0.0000	0.0000	0.0000	0.0000	0.0000	0.0000	0.0000	0.0000	0.0000	0.0000	0.0000	0.0000	0.0000	0.0000	0.0000	0.0000	0.0000	0.0000	0.0000	0.0000	0.0000	0.0000	0.0000	0.0000	0.0000	0.0000	0.0000	0.0000	0.0000	0.0000	0.0000	0.0000											
70	83	0.0453	3	2	1	2	0	0	0	0	0	Y	N	Y	N	N	N	N	N	N	N	N	N	0.0000	0.0000	0.0000	0.0000	0.0000	0.0000	0.0000	0.0000	0.0000	0.0000	0.0000	0.0000	0.0000	0.0000	0.0000	0.0000	0.0000	0.0000	0.0000	0.0000	0.0000	9.0001	0.0000	3.0001	0.0000	0.0000	0.0000	0.0000	0.0000	0.0000	0.0000	0.0000	0.0000	0.0000	0.0000	0.0000	0.0000	0.0000	0.0000	0.0000	0.0000	0.0000	0.0000	0.0000	0.0000	0.0000	0.0000	0.0000	0.0000	0.0000	0.0000	0.0000	0.0000	0.0000	0.0000	0.0000	0.0000	0.0000	0.0000	0.0000	0.0000	0.0000	0.0000	0.0000	0.0000	0.0000	0.0000	0.0000	0.0000	0.0000	0.0000	0.0000	0.0000	0.0000	0.0000	0.0000	0.0000	0.0000											
70	84	0.6427	7	2	1	2	0	0	0	0	0	Y	N	Y	N	N	N	N	N	N	N	N	N	0.0000	0.0000	0.0000	0.0000	0.0000	0.0000	0.0000	0.0000	0.0000	0.0000	0.0000	0.0000	0.0000	0.0000	0.0000	0.0000	0.0000	0.0000	0.0000	0.0000	0.0000	4.0000	0.0000	0.0000	0.0000	0.0000	0.0000	0.0000	0.0000	0.0000	0.0000	0.0000	0.0000	0.0000	0.0000	0.0000	0.0000	0.0000	0.0000	0.0000	0.0000	0.0000	0.0000	0.0000	0.0000	0.0000	0.0000	0.0000	0.0000	0.0000	0.0000	0.0000	0.0000	0.0000	0.0000	0.0000	0.0000	0.0000	0.0000	0.0000	0.0000	0.0000	0.0000	0.0000	0.0000	0.0000	0.0000	0.0000	0.0000	0.0000	0.0000	0.0000	0.0000	0.0000	0.0000	0.0000	0.0000	0.0000											
70	85	0.6888	8	2	2	1	0	0	0	0	0	Y	Y	N	N	N	N	N	N	N	N	N	N	0.0000	0.0000	0.0000	0.0000	0.0000	0.0000	0.0000	0.0000	0.0000	0.0000	0.0000	0.0000	0.0000	0.0000	0.0000	0.0000	0.0000	0.0000	0.0000	0.0000	0.0000	1.0086	0.0000	1.7435	0.0000	0.0000	0.0000	0.0000	0.0000	0.0000	0.0000	0.0000	0.0000	0.0000	0.0000	0.0000	0.0000	0.0000	0.0000	0.0000	0.0000	0.0000	0.0000	0.0000	0.0000	0.0000	0.0000	0.0000	0.0000	0.0000	0.0000	0.0000	0.0000	0.0000	0.0000	0.0000	0.0000	0.0000	0.0000	0.0000	0.0000	0.0000	0.0000	0.0000	0.0000	0.0000	0.0000	0.0000	0.0000	0.0000	0.0000	0.0000	0.0000	0.0000	0.0000	0.0000	0.0000	0.0000											
70	86	0.6427	7	2	2	1	0	0	0	0	0	Y	Y	N	N	N	N	N	N	N	N	N	N	0.0000	0.0000	0.0000	0.0000	0.0000	0.0000	0.0000	0.0000	0.0000	0.0000	0.0000	0.0000	0.0000	0.0000	0.0000	0.0000	0.0000	0.0000	0.0000	0.0000	0.0000	1.0165	0.0000	4.1395	0.0000	0.0000	0.0000	0.0000	0.0000	0.0000	0.0000	0.0000	0.0000	0.0000	0.0000	0.0000	0.0000	0.0000	0.0000	0.0000	0.0000	0.0000	0.0000	0.0000	0.0000	0.0000	0.0000	0.0000	0.0000	0.0000	0.0000	0.0000	0.0000	0.0000	0.0000	0.0000	0.0000	0.0000	0.0000	0.0000	0.0000	0.0000	0.0000	0.0000	0.0000	0.0000	0.0000	0.0000	0.0000	0.0000	0.0000	0.0000	0.0000	0.0000	0.0000	0.0000	0.0000	0.0000											
70	87	0.0866	4	2	2	1	0	0	0	0	0	Y	Y	N	N	N	N	N	N	N	N	N	N	0.0000	0.0000	0.0000	0.0000	0.0000	0.0000	0.0000	0.0000	0.0000	0.0000	0.0000	0.0000	0.0000	0.0000	0.0000	0.0000	0.0000	0.0000	0.0000	0.0000	0.0000	9.0005	0.0000	5.0000	0.0000	0.0000	0.0000	0.0000	0.0000	0.0000	0.0000	0.0000	0.0000	0.0000	0.0000	0.0000	0.0000	0.0000	0.0000	0.0000	0.0000	0.0000	0.0000	0.0000	0.0000	0.0000	0.0000	0.0000	0.0000	0.0000	0.0000	0.0000	0.0000	0.0000	0.0000	0.0000	0.0000	0.0000	0.0000	0.0000	0.0000	0.0000	0.0000	0.0000	0.0000	0.0000	0.0000	0.0000	0.0000	0.0000	0.0000	0.0000	0.0000	0.0000	0.0000	0.0000	0.0000	0.0000											
70	88	0.6651	8	1	2	1	0	0	0	0	0	N	Y	N	N	N	N	N	N	N	N	N	N	0.0000	0.0000	0.0000	0.0000	0.0000	0.0000	0.0000	0.0000	0.0000	0.0000	0.0000	0.0000	0.0000	0.0000	0.0000	0.0000	0.0000	0.0000	0.0000	0.0000	0.0000	0.0000	0.0000	0.0000	0.0000	0.0000	0.0000	0.0000	0.0000	0.0000	0.0000	0.0000	0.0000	0.0000	0.0000	0.0000	0.0000	0.0000	0.0000	0.0000	0.0000	0.0000	0.0000	0.0000	0.0000	0.0000	0.0000	0.0000	0.0000	0.0000	0.0000	0.0000	0.0000	0.0000	0.0000	0.0000	0.0000	0.0000	0.0000	0.0000	0.0000	0.0000	0.0000	0.0000	0.0000	0.0000	0.0000	0.0000	0.0000	0.0000	0.0000	0.0000	0.0000	0.0000	0.0000	0.0000	0.0000	0.0000											
70	89	0.0713	4	1	2	1	0	0	0	0	0	N	Y	N	N	N	N	N	N	N	N	N	N	0.0000	0.0000	0.0000	0.0000	0.0000	0.0000	0.0000	0.0000	0.0000	0.0000	0.0000	0.0000	0.0000	0.0000	0.0000	0.0000	0.0000	0.0000	0.0000	0.0000	0.0000	1.9953	0.0000	1.0817	0.0000	0.0000	0.0000	0.0000	0.0000	0.0000	0.0000	0.0000	0.0000	0.0000	0.0000	0.0000	0.0000	0.0000	0.0000	0.0000	0.0000	0.0000	0.0000	0.0000	0.0000	0.0000	0.0000	0.0000	0.0000	0.0000	0.0000	0.0000	0.0000	0.0000	0.0000	0.0000	0.0000	0.0000	0.0000	0.0000	0.0000	0.0000	0.0000	0.0000	0.0000	0.0000	0.0000	0.0000	0.0000	0.0000	0.0000	0.0000	0.0000	0.0000	0.0000	0.0000	0.0000	0.0000											
70	90	0.0453	3	1	2	1	0	0	0	0	0	N	Y	N	N	N	N	N	N	N	N	N	N	0.0000	0.0000	0.0000	0.0000	0.0000	0.0000	0.0000	0.0000	0.0000	0.0000	0.0000	0.0000	0.0000	0.0000	0.0000	0.0000	0.0000	0.0000	0.0000	0.0000	0.0000	2.3999	0.0000	4.0713	0.0000	0.0000	0.0000	0.0000	0.0000	0.0000	0.0000	0.0000	0.0000	0.0000	0.0000	0.0000	0.0000	0.0000	0.0000	0.0000	0.0000	0.0000	0.0000	0.0000	0.0000	0.0000	0.0000	0.0000	0.0000	0.0000	0.0000	0.0000	0.0000	0.0000	0.0000	0.0000	0.0000	0.0000	0.0000	0.0000	0.0000	0.0000	0.0000	0.0000	0.0000	0.0000	0.0000	0.0000	0.0000	0.0000	0.0000	0.0000	0.0000	0.0000	0.0000	0.0000	0.0000	0.0000											
70	91	0.1488	6	1	1	2	0	0	0	0	0	N	N	Y	N	N	N	N	N	N	N	N	N	0.0000	0.0000	0.0000	0.0000	0.0000	0.0000	0.0000	0.0000	0.0000	0.0000	0.0000	0.0000	0.0000	0.0000	0.0000	0.0000	0.0000	0.0000	0.0000	0.0000	0.0000	0.0000	0.0000	0.0000	0.0000	0.0000	0.0000	0.0000	0.0000	0.0000	0.0000	0.0000	0.0000	0.0000	0.0000	0.0000	0.0000	0.0000	0.0000	0.0000	0.0000	0.0000	0.0000	0.0000	0.0000	0.0000	0.0000	0.0000	0.0000	0.0000	0.0000	0.0000	0.0000	0.0000	0.0000	0.0000	0.0000	0.0000	0.0000	0.0000	0.0000	0.0000	0.0000	0.0000	0.0000	0.0000	0.0000	0.0000	0.0000	0.0000	0.0000	0.0000	0.0000	0.0000	0.0000	0.0000	0.0000	0.0000											
70	92	0.1167	5	1	1	2	0	0	0	0	0	N	N	Y	N	N	N	N	N	N	N	N	N	0.0000	0.0000	0.0000	0.0000	0.0000	0.0000	0.0000	0.0000	0.0000	0.0000	0.0000	0.0000	0.0000	0.0000	0.0000	0.0000	0.0000	0.0000	0.0000	0.0000	0.0000	3.7221	0.0000	2.9993	0.0000	0.0000	0.0000	0.0000	0.0000	0.0000	0.0000	0.0000	0.0000	0.0000	0.0000	0.0000	0.0000	0.0000	0.0000	0.0000	0.0000	0.0000	0.0000	0.0000	0.0000	0.0000	0.0000	0.0000	0.0000	0.0000	0.0000	0.0000	0.0000	0.0000	0.0000	0.0000	0.0000	0.0000	0.0000	0.0000	0.0000	0.0000	0.0000	0.0000	0.0000	0.0000	0.0000	0.0000	0.0000	0.0000	0.0000	0.0000	0.0000	0.0000	0.0000	0.0000	0.0000	0.0000											
70	93	0.0866	4	1	1	1	0	0	0	0	0	N	N	N	N	N	N	N	N	N	N	N	N	0.0000	0.0000	0.0000	0.0000	0.0000	0.0000	0.0000	0.0000	0.0000	0.0000	0.0000	0.0000	0.0000	0.0000	0.0000	0.0000	0.0000	0.0000	0.0000	0.0000	0.0000	2.7217	0.0000	3.0458	0.0000	0.0000	0.0000	0.0000	0.0000	0.0000	0.0000	0.0000	0.0000	0.0000	0.0000	0.0000	0.0000	0.0000	0.0000	0.0000	0.0000	0.0000	0.0000	0.0000	0.0000	0.0000	0.0000	0.0000	0.0000	0.0000	0.0000	0.0000	0.0000	0.0000	0.0000	0.0000	0.0000	0.0000	0.0000	0.0000	0.0000	0.0000	0.0000	0.0000	0.0000	0.0000	0.0000	0.0000	0.0000	0.0000	0.0000	0.0000	0.0000	0.0000	0.0000	0.0000	0.0000	0.0000											
70	94	0.0616	4	2	2	1	0	0	0	0	0	Y	Y	N	N	N	N	N	N	N	N	N	N	0.0000	0.0000	0.0000	0.0000	0.0000	0.0000	0.0000	0.0000	0.0000	0.0000	0.0000	0.0000	0.0000	0.0000	0.0000	0.0000	0.0000	0.0000	0.0000	0.0000	0.0000	5.9980	0.0000	4.9575	0.0000	0.0000	0.0000	0.0000	0.0000	0.0000	0.0000	0.0000	0.0000	0.0000	0.0000	0.0000	0.0000	0.0000	0.0000	0.0000	0.0000	0.0000	0.0000	0.0000	0.0000	0.0000	0.0000	0.0000	0.0000	0.0000	0.0000	0.0000	0.0000	0.0000	0.0000	0.0000	0.0000	0.0000	0.0000	0.0000	0.0000	0.0000	0.0000	0.0000	0.0000	0.0000	0.0000	0.0000	0.0000	0.0000	0.0000	0.0000	0.0000	0.0000	0.0000	0.0000	0.0000	0.0000											
70	95	0.6651	8	2	2	1	0	0	0	0	0	Y	Y	N	N	N	N	N	N	N	N	N	N	0.0000	0.0000	0.0000	0.0000	0.0000	0.0000	0.0000	0.0000	0.0000	0.0000	0.0000	0.0000	0.0000	0.0000	0.0000	0.0000	0.0000	0.0000	0.0000	0.0000	0.0000	0.0000	0.0000	2.0000	0.0000	0.0000	0.0000	0.0000	0.0000	0.0000	0.0000	0.0000	0.0000	0.0000	0.0000	0.0000	0.0000	0.0000	0.0000	0.0000	0.0000	0.0000	0.0000	0.0000	0.0000	0.0000	0.0000	0.0000	0.0000	0.0000	0.0000	0.0000	0.0000	0.0000	0.0000	0.0000	0.0000	0.0000	0.0000	0.0000	0.0000	0.0000	0.0000	0.0000	0.0000	0.0000	0.0000	0.0000	0.0000	0.0000	0.0000	0.0000	0.0000	0.0000	0.0000	0.0000	0.0000	0.0000											
70	96	0.6427	7	1	2	1	0	0	0	0	0	N	Y	N	N	N	N	N	N	N	N	N	N	0.0000	0.0000	0.0000	0.0000	0.0000	0.0000	0.0000	0.0000	0.0000	0.0000	0.0000	0.0000	0.0000	0.0000	0.0000	0.0000	0.0000	0.0000	0.0000	0.0000	0.0000	4.0000	0.0000	0.0000	0.0000	0.0000	0.0000	0.0000	0.0000	0.0000	0.0000	0.0000	0.0000	0.0000	0.0000	0.0000	0.0000	0.0000	0.0000	0.0000	0.0000	0.0000	0.0000	0.0000	0.0000	0.0000	0.0000	0.0000	0.0000	0.0000	0.0000	0.0000	0.0000	0.0000	0.0000	0.0000	0.0000	0.0000	0.0000	0.0000	0.0000	0.0000	0.0000	0.0000	0.0000	0.0000	0.0000	0.0000	0.0000	0.0000	0.0000	0.0000	0.0000	0.0000	0.0000	0.0000	0.0000	0.0000											
70	97	0.0866	4	1	1	1	0	0	0	0	0	N	N	N	N	N	N	N	N	N	N	N	N	0.0000	0.0000	0.0000	0.0000	0.0000	0.0000	0.0000	0.0000	0.0000	0.0000	0.0000	0.0000	0.0000	0.0000	0.0000	0.0000	0.0000	0.0000	0.0000	0.0000	0.0000	3.9994	0.0000	4.0000	0.0000	0.0000	0.0000	0.0000	0.0000	0.0000	0.0000	0.0000	0.0000	0.0000	0.0000	0.0000	0.0000	0.0000	0.0000	0.0000	0.0000	0.0000	0.0000	0.0000	0.0000	0.0000	0.0000	0.0000	0.0000	0.0000	0.0000	0.0000	0.0000	0.0000	0.0000	0.0000	0.0000	0.0000	0.0000	0.0000	0.0000	0.0000	0.0000	0.0000	0.0000	0.0000	0.0000	0.0000	0.0000	0.0000	0.0000	0.0000	0.0000	0.0000	0.0000	0.0000	0.0000	0.0000											
70	98	0.6427	7	1	1	1	0	0	0	0	0	N	N	N	N	N	N	N	N	N	N	N	N	0.0000	0.0000	0.0000	0.0000	0.0000	0.0000	0.0000	0.0000	0.0000	0.0000	0.0000	0.0000	0.0000	0.0000	0.0000	0.0000	0.0000	0.0000	0.0000	0.0000	0.0000	1.0000	0.0000	0.0000	0.0000	0.0000	0.0000	0.0000	0.0000	0.0000	0.0000	0.0000	0.0000	0.0000	0.0000	0.0000	0.0000	0.0000	0.0000	0.0000	0.0000	0.0000	0.0000	0.0000	0.0000	0.0000	0.0000	0.0000	0.0000	0.0000	0.0000	0.0000	0.0000	0.0000	0.0000	0.0000	0.0000	0.0000	0.0000	0.0000	0.0000	0.0000	0.0000	0.0000	0.0000	0.0000	0.0000	0.0000	0.0000	0.0000	0.0000	0.0000	0.0000	0.0000	0.0000	0.0000	0.0000	0.0000											
70	99	0.1975	5	1	1	1	0	0	0	0	0	N	N	N	N	N	N	N	N	N	N	N	N	0.0000	0.0000	0.0000	0.0000	0.0000	0.0000	0.0000	0.0000	0.0000	0.0000	0.0000	0.0000	0.0000	0.0000	0.0000	0.0000	0.0000	0.0000	0.0000	0.0000	0.0000	1.5982	0.0000	11.1970	0.0000	0.0000	0.0000	0.0000	0.0000	0.0000	0.0000	0.0000	0.0000	0.0000	0.0000	0.0000	0.0000	0.0000	0.0000	0.0000	0.0000	0.0000	0.0000	0.0000	0.0000	0.0000	0.0000	0.0000	0.0000	0.0000	0.0000	0.0000	0.0000	0.0000	0.0000	0.0000	0.0000	0.0000	0.0000	0.0000	0.0000	0.0000	0.0000	0.0000	0.0000	0.0000	0.0000	0.0000	0.0000	0.0000	0.0000	0.0000	0.0000	0.0000	0.0000	0.0000	0.0000	0.0000											
70	100	0.0630	5	2	2	2	0	0	0	0	0	Y	Y	Y	N	N	N	N	N	N	N	N	N	0.0000	0.0000	0.0000	0.0000	0.0000	0.0000	0.0000	0.0000	0.0000	0.0000	0.0000	0.0000	0.0000	0.0000	0.0000	0.0000	0.0000	0.0000	0.0000	0.0000	0.0000	0.0000	0.0000	0.9982	0.0000	0.0000	0.0000	0.0000	0.0000	0.0000	0.0000	0.0000	0.0000	0.0000	0.0000	0.0000	0.0000	0.0000	0.0000	0.0000	0.0000	0.0000	0.0000	0.0000	0.0000	0.0000	0.0000	0.0000	0.0000	0.0000	0.0000	0.0000	0.0000	0.0000	0.0000	0.0000	0.0000	0.0000	0.0000	0.0000	0.0000	0.0000	0.0000	0.0000	0.0000	0.0000	0.0000	0.0000	0.0000	0.0000	0.0000	0.0000	0.0000	0.0000	0.0000	0.0000	0.0000	0.0000											
70	101	0.6774	10	2	2	2	0	0	0	0	0	Y	Y	Y	N	N	N	N	N	N	N	N	N	0.0000	0.0000	0.0000	0.0000	0.0000	0.0000	0.0000	0.0000	0.0000	0.0000	0.0000	0.0000	0.0000	0.0000	0.0000	0.0000	0.0000	0.0000	0.0000	0.0000	0.0000	0.0000	0.0000	0.0000	0.0000	0.0000	0.0000	0.0000	0.0000	0.0000	0.0000	0.0000	0.0000	0.0000	0.0000	0.0000	0.0000	0.0000	0.0000	0.0000	0.0000	0.0000	0.0000	0.0000	0.0000	0.0000	0.0000	0.0000	0.0000	0.0000	0.0000	0.0000	0.0000	0.0000	0.0000	0.0000	0.0000	0.0000	0.0000	0.0000	0.0000	0.0000	0.0000	0.0000	0.0000	0.0000	0.0000	0.0000	0.0000	0.0000	0.0000	0.0000	0.0000	0.0000	0.0000	0.0000	0.0000	0.0000											
70	102	0.6774	9	2	1	2	0	0	0	0	0	Y	N	Y	N	N	N	N	N	N	N	N	N	0.0000	0.0000	0.0000	0.0000	0.0000	0.0000	0.0000	0.0000	0.0000	0.0000	0.0000	0.0000	0.0000	0.0000	0.0000	0.0000	0.0000	0.0000	0.0000	0.0000	0.0000	0.0000	0.0000	0.0000	0.0000	0.0000	0.0000	0.0000	0.0000	0.0000	0.0000	0.0000	0.0000	0.0000	0.0000	0.0000	0.0000	0.0000	0.0000	0.0000	0.0000	0.0000	0.0000	0.0000	0.0000	0.0000	0.0000	0.0000	0.0000	0.0000	0.0000	0.0000	0.0000	0.0000	0.0000	0.0000	0.0000	0.0000	0.0000	0.0000	0.0000	0.0000	0.0000	0.0000	0.0000	0.0000	0.0000	0.0000	0.0000	0.0000	0.0000	0.0000	0.0000	0.0000	0.0000	0.0000	0.0000	0.0000											
70	103	0.6713	8	2	1	2	0	0	0	0	0	Y	N	Y	N	N	N	N	N	N	N	N	N	0.0000	0.0000	0.0000	0.0000	0.0000	0.0000	0.0000	0.0000	0.0000	0.0000	0.0000	0.0000	0.0000	0.0000	0.0000	0.0000	0.0000	0.0000	0.0000	0.0000	0.0000	0.0000	0.0000	1.0091	0.0000	0.0000	0.0000	0.0000	0.0000	0.0000	0.0000	0.0000	0.0000	0.0000	0.0000	0.0000	0.0000	0.0000	0.0000	0.0000	0.0000	0.0000	0.0000	0.0000	0.0000	0.0000	0.0000	0.0000	0.0000	0.0000	0.0000	0.0000	0.0000	0.0000	0.0000	0.0000	0.0000	0.0000	0.0000	0.0000	0.0000	0.0000	0.0000	0.0000	0.0000	0.0000	0.0000	0.0000	0.0000	0.0000	0.0000	0.0000	0.0000	0.0000	0.0000	0.0000	0.0000	0.0000											
70	104	0.0866	4	1	2	1	0	0	0	0	0	N	Y	N	N	N	N	N	N	N	N	N	N	0.0000	0.0000	0.0000	0.0000	0.0000	0.0000	0.0000	0.0000	0.0000	0.0000	0.0000	0.0000	0.0000	0.0000	0.0000	0.0000	0.0000	0.0000	0.0000	0.0000	0.0000	7.9994	0.0000	4.0001	0.0000	0.0000	0.0000	0.0000	0.0000	0.0000	0.0000	0.0000	0.0000	0.0000	0.0000	0.0000	0.0000	0.0000	0.0000	0.0000	0.0000	0.0000	0.0000	0.0000	0.0000	0.0000	0.0000	0.0000	0.0000	0.0000	0.0000	0.0000	0.0000	0.0000	0.0000	0.0000	0.0000	0.0000	0.0000	0.0000	0.0000	0.0000	0.0000	0.0000	0.0000	0.0000	0.0000	0.0000	0.0000	0.0000	0.0000	0.0000	0.0000	0.0000	0.0000	0.0000	0.0000	0.0000											
70	105	0.0665	6	2	1	2	0	0	0	0	0	Y	N	Y	N	N	N	N	N	N	N	N	N	0.0000	0.0000	0.0000	0.0000	0.0000	0.0000	0.0000	0.0000	0.0000	0.0000	0.0000	0.0000	0.0000	0.0000	0.0000	0.0000	0.0000	0.0000	0.0000	0.0000	0.0000	1.0000	0.0000	1.0005	0.0000	0.0000	0.0000	0.0000	0.0000	0.0000	0.0000	0.0000	0.0000	0.0000	0.0000	0.0000	0.0000	0.0000	0.0000	0.0000	0.0000	0.0000	0.0000	0.0000	0.0000	0.0000	0.0000	0.0000	0.0000	0.0000	0.0000	0.0000	0.0000	0.0000	0.0000	0.0000	0.0000	0.0000	0.0000	0.0000	0.0000	0.0000	0.0000	0.0000	0.0000	0.0000	0.0000	0.0000	0.0000	0.0000	0.0000	0.0000	0.0000	0.0000	0.0000	0.0000	0.0000	0.0000											
70	106	0.0630	5	2	1	2	0	0	0	0	0	Y	N	Y	N	N	N	N	N	N	N	N	N	0.0000	0.0000	0.0000	0.0000	0.0000	0.0000	0.0000	0.0000	0.0000	0.0000	0.0000	0.0000	0.0000	0.0000	0.0000	0.0000	0.0000	0.0000	0.0000	0.0000	0.0000	0.7249	0.0000	0.0368	0.0000	0.0000	0.0000	0.0000	0.0000	0.0000	0.0000	0.0000	0.0000	0.0000	0.0000	0.0000	0.0000	0.0000	0.0000	0.0000	0.0000	0.0000	0.0000	0.0000	0.0000	0.0000	0.0000	0.0000	0.0000	0.0000	0.0000	0.0000	0.0000	0.0000	0.0000	0.0000	0.0000	0.0000	0.0000	0.0000	0.0000	0.0000	0.0000	0.0000	0.0000	0.0000	0.0000	0.0000	0.0000	0.0000	0.0000	0.0000	0.0000	0.0000	0.0000	0.0000	0.0000	0.0000											
70	107	0.0616	4	2	1	2	0	0	0	0	0	Y	N	Y	N	N	N	N	N	N	N	N	N	0.0000	0.0000	0.0000	0.0000	0.0000	0.0000	0.0000	0.0000	0.0000	0.0000	0.0000	0.0000	0.0000	0.0000	0.0000	0.0000	0.0000	0.0000	0.0000	0.0000	0.0000	0.4159	0.0000	0.0887	0.0000	0.0000	0.0000	0.0000	0.0000	0.0000	0.0000	0.0000	0.0000	0.0000	0.0000	0.0000	0.0000	0.0000	0.0000	0.0000	0.0000	0.0000	0.0000	0.0000	0.0000	0.0000	0.0000	0.0000	0.0000	0.0000	0.0000	0.0000	0.0000	0.0000	0.0000	0.0000	0.0000	0.0000	0.0000	0.0000	0.0000	0.0000	0.0000	0.0000	0.0000	0.0000	0.0000	0.0000	0.0000	0.0000	0.0000	0.0000	0.0000	0.0000	0.0000	0.0000	0.0000	0.0000											
70	108	0.0453	3	2	1	1	0	0	0	0	0	Y	N	N	N	N	N	N	N	N	N	N	N	0.0000	0.0000	0.0000	0.0000	0.0000	0.0000	0.0000	0.0000	0.0000	0.0000	0.0000	0.0000	0.0000	0.0000	0.0000	0.0000	0.0000	0.0000	0.0000	0.0000	0.0000	3.9943	0.0000	0.9974	0.0000	0.0000	0.0000	0.0000	0.0000	0.0000	0.0000	0.0000	0.0000	0.0000	0.0000	0.0000	0.0000	0.0000	0.0000	0.0000	0.0000	0.0000	0.0000	0.0000	0.0000	0.0000	0.0000	0.0000	0.0000	0.0000	0.0000	0.0000	0.0000	0.0000	0.0000	0.0000	0.0000	0.0000	0.0000	0.0000	0.0000	0.0000	0.0000	0.0000	0.0000	0.0000	0.0000	0.0000	0.0000	0.0000	0.0000	0.0000	0.0000	0.0000	0.0000	0.0000	0.0000	0.0000											
70	109	0.6713	8	2	1	2	0	0	0	0	0	Y	N	Y	N	N	N	N	N	N	N	N	N	0.0000	0.0000	0.0000	0.0000	0.0000	0.0000	0.0000	0.0000	0.0000	0.0000	0.0000	0.0000	0.0000	0.0000	0.0000	0.0000	0.0000	0.0000	0.0000	0.0000	0.0000	0.0000	0.0000	0.9909	0.0000	0.0000	0.0000	0.0000	0.0000	0.0000	0.0000	0.0000	0.0000	0.0000	0.0000	0.0000	0.0000	0.0000	0.0000	0.0000	0.0000	0.0000	0.0000	0.0000	0.0000	0.0000	0.0000	0.0000	0.0000	0.0000	0.0000	0.0000	0.0000	0.0000	0.0000	0.0000	0.0000	0.0000	0.0000	0.0000	0.0000	0.0000	0.0000	0.0000	0.0000	0.0000	0.0000	0.0000	0.0000	0.0000	0.0000	0.0000	0.0000	0.0000	0.0000	0.0000	0.0000	0.0000											
70	110	0.6427	7	2	1	2	0	0	0	0	0	Y	N	Y	N	N	N	N	N	N	N	N	N	0.0000	0.0000	0.0000	0.0000	0.0000	0.0000	0.0000	0.0000	0.0000	0.0000	0.0000	0.0000	0.0000	0.0000	0.0000	0.0000	0.0000	0.0000	0.0000	0.0000	0.0000	4.0000	0.0000	0.0000	0.0000	0.0000	0.0000	0.0000	0.0000	0.0000	0.0000	0.0000	0.0000	0.0000	0.0000	0.0000	0.0000	0.0000	0.0000	0.0000	0.0000	0.0000	0.0000	0.0000	0.0000	0.0000	0.0000	0.0000	0.0000	0.0000	0.0000	0.0000	0.0000	0.0000	0.0000	0.0000	0.0000	0.0000	0.0000	0.0000	0.0000	0.0000	0.0000	0.0000	0.0000	0.0000	0.0000	0.0000	0.0000	0.0000	0.0000	0.0000	0.0000	0.0000	0.0000	0.0000	0.0000	0.0000											
70	112	0.1324	5	1	1	2	0	0	0	0	0	N	N	Y	N	N	N	N	N	N	N	N	N	0.0000	0.0000	0.0000	0.0000	0.0000	0.0000	0.0000	0.0000	0.0000	0.0000	0.0000	0.0000	0.0000	0.0000	0.0000	0.0000	0.0000	0.0000	0.0000	0.0000	0.0000	0.0000	0.0000	0.0001	0.0000	0.0000	0.0000	0.0000	0.0000	0.0000	0.0000	0.0000	0.0000	0.0000	0.0000	0.0000	0.0000	0.0000	0.0000	0.0000	0.0000	0.0000	0.0000	0.0000	0.0000	0.0000	0.0000	0.0000	0.0000	0.0000	0.0000	0.0000	0.0000	0.0000	0.0000	0.0000	0.0000	0.0000	0.0000	0.0000	0.0000	0.0000	0.0000	0.0000	0.0000	0.0000	0.0000	0.0000	0.0000	0.0000	0.0000	0.0000	0.0000	0.0000	0.0000	0.0000	0.0000	0.0000											
70	113	0.0866	4	1	1	2	0	0	0	0	0	N	N	Y	N	N	N	N	N	N	N	N	N	0.0000	0.0000	0.0000	0.0000	0.0000	0.0000	0.0000	0.0000	0.0000	0.0000	0.0000	0.0000	0.0000	0.0000	0.0000	0.0000	0.0000	0.0000	0.0000	0.0000	0.0000	4.0004	0.0000	4.9999	0.0000	0.0000	0.0000	0.0000	0.0000	0.0000	0.0000	0.0000	0.0000	0.0000	0.0000	0.0000	0.0000	0.0000	0.0000	0.0000	0.0000	0.0000	0.0000	0.0000	0.0000	0.0000	0.0000	0.0000	0.0000	0.0000	0.0000	0.0000	0.0000	0.0000	0.0000	0.0000	0.0000	0.0000	0.0000	0.0000	0.0000	0.0000	0.0000	0.0000	0.0000	0.0000	0.0000	0.0000	0.0000	0.0000	0.0000	0.0000	0.0000	0.0000	0.0000	0.0000	0.0000	0.0000											
70	114	0.6753	8	1	2	1	0	0	0	0	0	N	Y	N	N	N	N	N	N	N	N	N	N	0.0000	0.0000	0.0000	0.0000	0.0000	0.0000	0.0000	0.0000	0.0000	0.0000	0.0000	0.0000	0.0000	0.0000	0.0000	0.0000	0.0000	0.0000	0.0000	0.0000	0.0000	4.3361	0.0000	4.6323	0.0000	0.0000	0.0000	0.0000	0.0000	0.0000	0.0000	0.0000	0.0000	0.0000	0.0000	0.0000	0.0000	0.0000	0.0000	0.0000	0.0000	0.0000	0.0000	0.0000	0.0000	0.0000	0.0000	0.0000	0.0000	0.0000	0.0000	0.0000	0.0000	0.0000	0.0000	0.0000	0.0000	0.0000	0.0000	0.0000	0.0000	0.0000	0.0000	0.0000	0.0000	0.0000	0.0000	0.0000	0.0000	0.0000	0.0000	0.0000	0.0000	0.0000	0.0000	0.0000	0.0000	0.0000											
70	115	0.6427	7	1	1	1	0	0	0	0	0	N	N	N	N	N	N	N	N	N	N	N	N	0.0000	0.0000	0.0000	0.0000	0.0000	0.0000	0.0000	0.0000	0.0000	0.0000	0.0000	0.0000	0.0000	0.0000	0.0000	0.0000	0.0000	0.0000	0.0000	0.0000	0.0000	1.9840	0.0000	0.2610	0.0000	0.0000	0.0000	0.0000	0.0000	0.0000	0.0000	0.0000	0.0000	0.0000	0.0000	0.0000	0.0000	0.0000	0.0000	0.0000	0.0000	0.0000	0.0000	0.0000	0.0000	0.0000	0.0000	0.0000	0.0000	0.0000	0.0000	0.0000	0.0000	0.0000	0.0000	0.0000	0.0000	0.0000	0.0000	0.0000	0.0000	0.0000	0.0000	0.0000	0.0000	0.0000	0.0000	0.0000	0.0000	0.0000	0.0000	0.0000	0.0000	0.0000	0.0000	0.0000	0.0000	0.0000											
70	116	0.0866	4	1	2	1	1	0	0	0	0	N	Y	N	N	N	N	N	N	N	N	N	N	0.0000	0.0000	0.0000	0.0000	0.0000	0.0000	0.0000	0.0000	0.0000	0.0000	0.0000	0.0000	0.0000	0.0000	0.0000	0.0000	0.0000	0.0000	0.0000	0.0000	0.0000	5.0006	0.0000	2.0000	0.0000	0.0000	0.0000	0.0000	0.0000	0.0000	0.0000	0.0000	0.0000	0.0000	0.0000	0.0000	0.0000	0.0000	0.0000	0.0000	0.0000	0.0000	0.0000	0.0000	0.0000	0.0000	0.0000	0.0000	0.0000	0.0000	0.0000	0.0000	0.0000	0.0000	0.0000	0.0000	0.0000	0.0000	0.0000	0.0000	0.0000	0.0000	0.0000	0.0000	0.0000	0.0000	0.0000	0.0000	0.0000	0.0000	0.0000	0.0000	0.0000	0.0000	0.0000	0.0000	0.0000	0.0000											
70	117	0.6427	7	1	2	1	1	0	0	0	0	N	Y	N	N	N	N	N	N	N	N	N	N	0.0000	0.0000	0.0000	0.0000	0.0000	0.0000	0.0000	0.0000	0.0000	0.0000	0.0000	0.0000	0.0000	0.0000	0.0000	0.0000	0.0000	0.0000	0.0000	0.0000	0.0000	0.0000	0.0000	1.0000	0.0000	0.0000	0.0000	0.0000	0.0000	0.0000	0.0000	0.0000	0.0000	0.0000	0.0000	0.0000	0.0000	0.0000	0.0000	0.0000	0.0000	0.0000	0.0000	0.0000	0.0000	0.0000	0.0000	0.0000	0.0000	0.0000	0.0000	0.0000	0.0000	0.0000	0.0000	0.0000	0.0000	0.0000	0.0000	0.0000	0.0000	0.0000	0.0000	0.0000	0.0000	0.0000	0.0000	0.0000	0.0000	0.0000	0.0000	0.0000	0.0000	0.0000	0.0000	0.0000	0.0000	0.0000											
70	118	0.0866	4	1	2	1	0	0	0	0	0	N	Y	N	N	N	N	N	N	N	N	N	N	0.0000	0.0000	0.0000	0.0000	0.0000	0.0000	0.0000	0.0000	0.0000	0.0000	0.0000	0.0000	0.0000	0.0000	0.0000	0.0000	0.0000	0.0000	0.0000	0.0000	0.0000	16.9994	0.0000	6.0000	0.0000	0.0000	0.0000	0.0000	0.0000	0.0000	0.0000	0.0000	0.0000	0.0000	0.0000	0.0000	0.0000	0.0000	0.0000	0.0000	0.0000	0.0000	0.0000	0.0000	0.0000	0.0000	0.0000	0.0000	0.0000	0.0000	0.0000	0.0000	0.0000	0.0000	0.0000	0.0000	0.0000	0.0000	0.0000	0.0000	0.0000	0.0000	0.0000	0.0000	0.0000	0.0000	0.0000	0.0000	0.0000	0.0000	0.0000	0.0000	0.0000	0.0000	0.0000	0.0000	0.0000	0.0000											
70	119	0.6427	7	1	2	1	0	0	0	0	0	N	Y	N	N	N	N	N	N	N	N	N	N	0.0000	0.0000	0.0000	0.0000	0.0000	0.0000	0.0000	0.0000	0.0000	0.0000	0.0000	0.0000	0.0000	0.0000	0.0000	0.0000	0.0000	0.0000	0.0000	0.0000	0.0000	5.0000	0.0000	6.0000	0.0000	0.0000	0.0000	0.0000	0.0000	0.0000	0.0000	0.0000	0.0000	0.0000	0.0000	0.0000	0.0000	0.0000	0.0000	0.0000	0.0000	0.0000	0.0000	0.0000	0.0000	0.0000	0.0000	0.0000	0.0000	0.0000	0.0000	0.0000	0.0000	0.0000	0.0000	0.0000	0.0000	0.0000	0.0000	0.0000	0.0000	0.0000	0.0000	0.0000	0.0000	0.0000	0.0000	0.0000	0.0000	0.0000	0.0000	0.0000	0.0000	0.0000	0.0000	0.0000	0.0000	0.0000											
70	120	0.6708	8	1	2	1	0	0	0	0	0	N	Y	N	N	N	N	N	N	N	N	N	N	0.0000	0.0000	0.0000	0.0000	0.0000	0.0000	0.0000	0.0000	0.0000	0.0000	0.0000	0.0000	0.0000	0.0000	0.0000	0.0000	0.0000	0.0000	0.0000	0.0000	0.0000	0.9998	0.0000	0.9486	0.0000	0.0000	0.0000	0.0000	0.0000	0.0000	0.0000	0.0000	0.0000	0.0000	0.0000	0.0000	0.0000	0.0000	0.0000	0.0000	0.0000	0.0000	0.0000	0.0000	0.0000	0.0000	0.0000	0.0000	0.0000	0.0000	0.0000	0.0000	0.0000	0.0000	0.0000	0.0000	0.0000	0.0000	0.0000	0.0000	0.0000	0.0000	0.0000	0.0000	0.0000	0.0000	0.0000	0.0000	0.0000	0.0000	0.0000	0.0000	0.0000	0.0000	0.0000	0.0000	0.0000	0.0000											
70	121	0.6427	7	1	2	1	0	0	0	0	0	N	Y	N	N	N	N	N	N	N	N	N	N	0.0000	0.0000	0.0000	0.0000	0.0000	0.0000	0.0000	0.0000	0.0000	0.0000	0.0000	0.0000	0.0000	0.0000	0.0000	0.0000	0.0000	0.0000	0.0000	0.0000	0.0000	3.0005	0.0000	1.1085	0.0000	0.0000	0.0000	0.0000	0.0000	0.0000	0.0000	0.0000	0.0000	0.0000	0.0000	0.0000	0.0000	0.0000	0.0000	0.0000	0.0000	0.0000	0.0000	0.0000	0.0000	0.0000	0.0000	0.0000	0.0000	0.0000	0.0000	0.0000	0.0000	0.0000	0.0000	0.0000	0.0000	0.0000	0.0000	0.0000	0.0000	0.0000	0.0000	0.0000	0.0000	0.0000	0.0000	0.0000	0.0000	0.0000	0.0000	0.0000	0.0000	0.0000	0.0000	0.0000	0.0000	0.0000											
70	122	0.0453	3	1	2	1	0	0	0	0	0	N	Y	N	N	N	N	N	N	N	N	N	N	0.0000	0.0000	0.0000	0.0000	0.0000	0.0000	0.0000	0.0000	0.0000	0.0000	0.0000	0.0000	0.0000	0.0000	0.0000	0.0000	0.0000	0.0000	0.0000	0.0000	0.0000	2.0001	0.0000	3.0000	0.0000	0.0000	0.0000	0.0000	0.0000	0.0000	0.0000	0.0000	0.0000	0.0000	0.0000	0.0000	0.0000	0.0000	0.0000	0.0000	0.0000	0.0000	0.0000	0.0000	0.0000	0.0000	0.0000	0.0000	0.0000	0.0000	0.0000	0.0000	0.0000	0.0000	0.0000	0.0000	0.0000	0.0000	0.0000	0.0000	0.0000	0.0000	0.0000	0.0000	0.0000	0.0000	0.0000	0.0000	0.0000	0.0000	0.0000	0.0000	0.0000	0.0000	0.0000	0.0000	0.0000	0.0000											
70	124	0.6762	8	1	2	1	0	0	0	0	0	N	Y	N	N	N	N	N	N	N	N	N	N	0.0000	0.0000	0.0000	0.0000	0.0000	0.0000	0.0000	0.0000	0.0000	0.0000	0.0000	0.0000	0.0000	0.0000	0.0000	0.0000	0.0000	0.0000	0.0000	0.0000	0.0000	3.9006	0.0000	3.1543	0.0000	0.0000	0.0000	0.0000	0.0000	0.0000	0.0000	0.0000	0.0000	0.0000	0.0000	0.0000	0.0000	0.0000	0.0000	0.0000	0.0000	0.0000	0.0000	0.0000	0.0000	0.0000	0.0000	0.0000	0.0000	0.0000	0.0000	0.0000	0.0000	0.0000	0.0000	0.0000	0.0000	0.0000	0.0000	0.0000	0.0000	0.0000	0.0000	0.0000	0.0000	0.0000	0.0000	0.0000	0.0000	0.0000	0.0000	0.0000	0.0000	0.0000	0.0000	0.0000	0.0000	0.0000											
70	125	0.6427	7	1	2	1	0	0	0	0	0	N	Y	N	N	N	N	N	N	N	N	N	N	0.0000	0.0000	0.0000	0.0000	0.0000	0.0000	0.0000	0.0000	0.0000	0.0000	0.0000	0.0000	0.0000	0.0000	0.0000	0.0000	0.0000	0.0000	0.0000	0.0000	0.0000	1.6924	0.0000	1.9110	0.0000	0.0000	0.0000	0.0000	0.0000	0.0000	0.0000	0.0000	0.0000	0.0000	0.0000	0.0000	0.0000	0.0000	0.0000	0.0000	0.0000	0.0000	0.0000	0.0000	0.0000	0.0000	0.0000	0.0000	0.0000	0.0000	0.0000	0.0000	0.0000	0.0000	0.0000	0.0000	0.0000	0.0000	0.0000	0.0000	0.0000	0.0000	0.0000	0.0000	0.0000	0.0000	0.0000	0.0000	0.0000	0.0000	0.0000	0.0000	0.0000	0.0000	0.0000	0.0000	0.0000	0.0000											
70	126	0.0866	4	1	2	1	0	0	0	0	0	N	Y	N	N	N	N	N	N	N	N	N	N	0.0000	0.0000	0.0000	0.0000	0.0000	0.0000	0.0000	0.0000	0.0000	0.0000	0.0000	0.0000	0.0000	0.0000	0.0000	0.0000	0.0000	0.0000	0.0000	0.0000	0.0000	0.9996	0.0000	8.0005	0.0000	0.0000	0.0000	0.0000	0.0000	0.0000	0.0000	0.0000	0.0000	0.0000	0.0000	0.0000	0.0000	0.0000	0.0000	0.0000	0.0000	0.0000	0.0000	0.0000	0.0000	0.0000	0.0000	0.0000	0.0000	0.0000	0.0000	0.0000	0.0000	0.0000	0.0000	0.0000	0.0000	0.0000	0.0000	0.0000	0.0000	0.0000	0.0000	0.0000	0.0000	0.0000	0.0000	0.0000	0.0000	0.0000	0.0000	0.0000	0.0000	0.0000	0.0000	0.0000	0.0000	0.0000											
70	127	0.2139	6	1	1	1	0	0	0	0	0	N	N	N	N	N	N	N	N	N	N	N	N	0.0000	0.0000	0.0000	0.0000	0.0000	0.0000	0.0000	0.0000	0.0000	0.0000	0.0000	0.0000	0.0000	0.0000	0.0000	0.0000	0.0000	0.0000	0.0000	0.0000	0.0000	3.6536	0.0000	12.3970	0.0000	0.0000	0.0000	0.0000	0.0000	0.0000	0.0000	0.0000	0.0000	0.0000	0.0000	0.0000	0.0000	0.0000	0.0000	0.0000	0.0000	0.0000	0.0000	0.0000	0.0000	0.0000	0.0000	0.0000	0.0000	0.0000	0.0000	0.0000	0.0000	0.0000	0.0000	0.0000	0.0000	0.0000	0.0000	0.0000	0.0000	0.0000	0.0000	0.0000	0.0000	0.0000	0.0000	0.0000	0.0000	0.0000	0.0000	0.0000	0.0000	0.0000	0.0000	0.0000	0.0000	0.0000											
70	128	0.3923	6	1	1	1	0	0	0	0	0	N	N	N	N	N	N	N	N	N	N	N	N	0.0000	0.0000	0.0000	0.0000	0.0000	0.0000	0.0000	0.0000	0.0000	0.0000	0.0000	0.0000	0.0000	0.0000	0.0000	0.0000	0.0000	0.0000	0.0000	0.0000	0.0000	5.3495	0.0000	12.4099	0.0000	0.0000	0.0000	0.0000	0.0000	0.0000	0.0000	0.0000	0.0000	0.0000	0.0000	0.0000	0.0000	0.0000	0.0000	0.0000	0.0000	0.0000	0.0000	0.0000	0.0000	0.0000	0.0000	0.0000	0.0000	0.0000	0.0000	0.0000	0.0000	0.0000	0.0000	0.0000	0.0000	0.0000	0.0000	0.0000	0.0000	0.0000	0.0000	0.0000	0.0000	0.0000	0.0000	0.0000	0.0000	0.0000	0.0000	0.0000	0.0000	0.0000	0.0000	0.0000	0.0000	0.0000											
70	129	0.1980	10	1	2	1	1	0	0	0	0	N	Y	N	N	N	N	N	N	N	N	N	N	0.0000	0.0000	0.0000	0.0000	0.0000	0.0000	0.0000	0.0000	0.0000	0.0000	0.0000	0.0000	0.0000	0.0000	0.0000	0.0000	0.0000	0.0000	0.0000	0.0000	0.0000	0.0000	0.0000	0.0000	0.0000	0.0000	0.0000	0.0000	0.0000	0.0000	0.0000	0.0000	0.0000	0.0000	0.0000	0.0000	0.0000	0.0000	0.0000	0.0000	0.0000	0.0000	0.0000	0.0000	0.0000	0.0000	0.0000	0.0000	0.0000	0.0000	0.0000	0.0000	0.0000	0.0000	0.0000	0.0000	0.0000	0.0000	0.0000	0.0000	0.0000	0.0000	0.0000	0.0000	0.0000	0.0000	0.0000	0.0000	0.0000	0.0000	0.0000	0.0000	0.0000	0.0000	0.0000	0.0000	0.0000	0.0000											
70	130	0.1817	9	1	2	1	1	0	0	0	0	N	Y	N	N	N	N	N	N	N	N	N	N	0.0000	0.0000	0.0000	0.0000	0.0000	0.0000	0.0000	0.0000	0.0000	0.0000	0.0000	0.0000	0.0000	0.0000	0.0000	0.0000	0.0000	0.0000	0.0000	0.0000	0.0000	0.0000	0.0000	3.0001	0.0000	0.0000	0.0000	0.0000	0.0000	0.0000	0.0000	0.0000	0.0000	0.0000	0.0000	0.0000	0.0000	0.0000	0.0000	0.0000	0.0000	0.0000	0.0000	0.0000	0.0000	0.0000	0.0000	0.0000	0.0000	0.0000	0.0000	0.0000	0.0000	0.0000	0.0000	0.0000	0.0000	0.0000	0.0000	0.0000	0.0000	0.0000	0.0000	0.0000	0.0000	0.0000	0.0000	0.0000	0.0000	0.0000	0.0000	0.0000	0.0000	0.0000	0.0000	0.0000	0.0000	0.0000											
70	131	0.1721	8	1	2	1	0	0	0	0	0	N	Y	N	N	N	N	N	N	N	N	N	N	0.0000	0.0000	0.0000	0.0000	0.0000	0.0000	0.0000	0.0000	0.0000	0.0000	0.0000	0.0000	0.0000	0.0000	0.0000	0.0000	0.0000	0.0000	0.0000	0.0000	0.0000	0.0000	0.0000	0.0000	0.0000	0.0000	0.0000	0.0000	0.0000	0.0000	0.0000	0.0000	0.0000	0.0000	0.0000	0.0000	0.0000	0.0000	0.0000	0.0000	0.0000	0.0000	0.0000	0.0000	0.0000	0.0000	0.0000	0.0000	0.0000	0.0000	0.0000	0.0000	0.0000	0.0000	0.0000	0.0000	0.0000	0.0000	0.0000	0.0000	0.0000	0.0000	0.0000	0.0000	0.0000	0.0000	0.0000	0.0000	0.0000	0.0000	0.0000	0.0000	0.0000	0.0000	0.0000	0.0000	0.0000	0.0000											
70	132	0.1817	9	1	1	2	1	0	0	0	0	N	N	Y	N	N	N	N	N	N	N	N	N	0.0000	0.0000	0.0000	0.0000	0.0000	0.0000	0.0000	0.0000	0.0000	0.0000	0.0000	0.0000	0.0000	0.0000	0.0000	0.0000	0.0000	0.0000	0.0000	0.0000	0.0000	0.0000	0.0000	1.9999	0.0000	0.0000	0.0000	0.0000	0.0000	0.0000	0.0000	0.0000	0.0000	0.0000	0.0000	0.0000	0.0000	0.0000	0.0000	0.0000	0.0000	0.0000	0.0000	0.0000	0.0000	0.0000	0.0000	0.0000	0.0000	0.0000	0.0000	0.0000	0.0000	0.0000	0.0000	0.0000	0.0000	0.0000	0.0000	0.0000	0.0000	0.0000	0.0000	0.0000	0.0000	0.0000	0.0000	0.0000	0.0000	0.0000	0.0000	0.0000	0.0000	0.0000	0.0000	0.0000	0.0000	0.0000											
70	133	0.1928	10	1	1	2	1	0	0	0	0	N	N	Y	N	N	N	N	N	N	N	N	N	0.0000	0.0000	0.0000	0.0000	0.0000	0.0000	0.0000	0.0000	0.0000	0.0000	0.0000	0.0000	0.0000	0.0000	0.0000	0.0000	0.0000	0.0000	0.0000	0.0000	0.0000	1.0000	0.0000	0.0000	0.0000	0.0000	0.0000	0.0000	0.0000	0.0000	0.0000	0.0000	0.0000	0.0000	0.0000	0.0000	0.0000	0.0000	0.0000	0.0000	0.0000	0.0000	0.0000	0.0000	0.0000	0.0000	0.0000	0.0000	0.0000	0.0000	0.0000	0.0000	0.0000	0.0000	0.0000	0.0000	0.0000	0.0000	0.0000	0.0000	0.0000	0.0000	0.0000	0.0000	0.0000	0.0000	0.0000	0.0000	0.0000	0.0000	0.0000	0.0000	0.0000	0.0000	0.0000	0.0000	0.0000	0.0000											
70	134	0.1928	10	1	1	2	1	0	0	0	0	N	N	Y	N	N	N	N	N	N	N	N	N	0.0000	0.0000	0.0000	0.0000	0.0000	0.0000	0.0000	0.0000	0.0000	0.0000	0.0000	0.0000	0.0000	0.0000	0.0000	0.0000	0.0000	0.0000	0.0000	0.0000	0.0000	0.0000	0.0000	0.0000	0.0000	0.0000	0.0000	0.0000	0.0000	0.0000	0.0000	0.0000	0.0000	0.0000	0.0000	0.0000	0.0000	0.0000	0.0000	0.0000	0.0000	0.0000	0.0000	0.0000	0.0000	0.0000	0.0000	0.0000	0.0000	0.0000	0.0000	0.0000	0.0000	0.0000	0.0000	0.0000	0.0000	0.0000	0.0000	0.0000	0.0000	0.0000	0.0000	0.0000	0.0000	0.0000	0.0000	0.0000	0.0000	0.0000	0.0000	0.0000	0.0000	0.0000	0.0000	0.0000	0.0000	0.0000											
70	135	0.1817	9	1	1	2	1	0	0	0	0	N	N	Y	N	N	N	N	N	N	N	N	N	0.0000	0.0000	0.0000	0.0000	0.0000	0.0000	0.0000	0.0000	0.0000	0.0000	0.0000	0.0000	0.0000	0.0000	0.0000	0.0000	0.0000	0.0000	0.0000	0.0000	0.0000	2.0025	0.0000	0.9943	0.0000	0.0000	0.0000	0.0000	0.0000	0.0000	0.0000	0.0000	0.0000	0.0000	0.0000	0.0000	0.0000	0.0000	0.0000	0.0000	0.0000	0.0000	0.0000	0.0000	0.0000	0.0000	0.0000	0.0000	0.0000	0.0000	0.0000	0.0000	0.0000	0.0000	0.0000	0.0000	0.0000	0.0000	0.0000	0.0000	0.0000	0.0000	0.0000	0.0000	0.0000	0.0000	0.0000	0.0000	0.0000	0.0000	0.0000	0.0000	0.0000	0.0000	0.0000	0.0000	0.0000	0.0000											
70	136	0.1817	8	1	1	1	1	0	0	0	0	N	N	N	N	N	N	N	N	N	N	N	N	0.0000	0.0000	0.0000	0.0000	0.0000	0.0000	0.0000	0.0000	0.0000	0.0000	0.0000	0.0000	0.0000	0.0000	0.0000	0.0000	0.0000	0.0000	0.0000	0.0000	0.0000	0.0050	0.0000	0.0173	0.0000	0.0000	0.0000	0.0000	0.0000	0.0000	0.0000	0.0000	0.0000	0.0000	0.0000	0.0000	0.0000	0.0000	0.0000	0.0000	0.0000	0.0000	0.0000	0.0000	0.0000	0.0000	0.0000	0.0000	0.0000	0.0000	0.0000	0.0000	0.0000	0.0000	0.0000	0.0000	0.0000	0.0000	0.0000	0.0000	0.0000	0.0000	0.0000	0.0000	0.0000	0.0000	0.0000	0.0000	0.0000	0.0000	0.0000	0.0000	0.0000	0.0000	0.0000	0.0000	0.0000	0.0000											
70	137	0.1721	7	1	1	1	1	0	0	0	0	N	N	N	N	N	N	N	N	N	N	N	N	0.0000	0.0000	0.0000	0.0000	0.0000	0.0000	0.0000	0.0000	0.0000	0.0000	0.0000	0.0000	0.0000	0.0000	0.0000	0.0000	0.0000	0.0000	0.0000	0.0000	0.0000	1.9972	0.0000	1.0076	0.0000	0.0000	0.0000	0.0000	0.0000	0.0000	0.0000	0.0000	0.0000	0.0000	0.0000	0.0000	0.0000	0.0000	0.0000	0.0000	0.0000	0.0000	0.0000	0.0000	0.0000	0.0000	0.0000	0.0000	0.0000	0.0000	0.0000	0.0000	0.0000	0.0000	0.0000	0.0000	0.0000	0.0000	0.0000	0.0000	0.0000	0.0000	0.0000	0.0000	0.0000	0.0000	0.0000	0.0000	0.0000	0.0000	0.0000	0.0000	0.0000	0.0000	0.0000	0.0000	0.0000	0.0000											
70	138	0.1548	6	2	2	1	0	0	0	0	0	Y	Y	N	N	N	N	N	N	N	N	N	N	0.0000	0.0000	0.0000	0.0000	0.0000	0.0000	0.0000	0.0000	0.0000	0.0000	0.0000	0.0000	0.0000	0.0000	0.0000	0.0000	0.0000	0.0000	0.0000	0.0000	0.0000	0.0002	0.0000	2.3255	0.0000	0.0000	0.0000	0.0000	0.0000	0.0000	0.0000	0.0000	0.0000	0.0000	0.0000	0.0000	0.0000	0.0000	0.0000	0.0000	0.0000	0.0000	0.0000	0.0000	0.0000	0.0000	0.0000	0.0000	0.0000	0.0000	0.0000	0.0000	0.0000	0.0000	0.0000	0.0000	0.0000	0.0000	0.0000	0.0000	0.0000	0.0000	0.0000	0.0000	0.0000	0.0000	0.0000	0.0000	0.0000	0.0000	0.0000	0.0000	0.0000	0.0000	0.0000	0.0000	0.0000	0.0000											
70	139	0.1369	5	2	2	1	0	0	0	0	0	Y	Y	N	N	N	N	N	N	N	N	N	N	0.0000	0.0000	0.0000	0.0000	0.0000	0.0000	0.0000	0.0000	0.0000	0.0000	0.0000	0.0000	0.0000	0.0000	0.0000	0.0000	0.0000	0.0000	0.0000	0.0000	0.0000	2.0138	0.0000	2.7349	0.0000	0.0000	0.0000	0.0000	0.0000	0.0000	0.0000	0.0000	0.0000	0.0000	0.0000	0.0000	0.0000	0.0000	0.0000	0.0000	0.0000	0.0000	0.0000	0.0000	0.0000	0.0000	0.0000	0.0000	0.0000	0.0000	0.0000	0.0000	0.0000	0.0000	0.0000	0.0000	0.0000	0.0000	0.0000	0.0000	0.0000	0.0000	0.0000	0.0000	0.0000	0.0000	0.0000	0.0000	0.0000	0.0000	0.0000	0.0000	0.0000	0.0000	0.0000	0.0000	0.0000	0.0000											
70	140	0.1535	6	1	2	1	0	0	0	0	0	N	Y	N	N	N	N	N	N	N	N	N	N	0.0000	0.0000	0.0000	0.0000	0.0000	0.0000	0.0000	0.0000	0.0000	0.0000	0.0000	0.0000	0.0000	0.0000	0.0000	0.0000	0.0000	0.0000	0.0000	0.0000	0.0000	1.9232	0.0000	1.1116	0.0000	0.0000	0.0000	0.0000	0.0000	0.0000	0.0000	0.0000	0.0000	0.0000	0.0000	0.0000	0.0000	0.0000	0.0000	0.0000	0.0000	0.0000	0.0000	0.0000	0.0000	0.0000	0.0000	0.0000	0.0000	0.0000	0.0000	0.0000	0.0000	0.0000	0.0000	0.0000	0.0000	0.0000	0.0000	0.0000	0.0000	0.0000	0.0000	0.0000	0.0000	0.0000	0.0000	0.0000	0.0000	0.0000	0.0000	0.0000	0.0000	0.0000	0.0000	0.0000	0.0000	0.0000											
70	141	0.6619	8	1	2	1	0	0	0	0	0	N	Y	N	N	N	N	N	N	N	N	N	N	0.0000	0.0000	0.0000	0.0000	0.0000	0.0000	0.0000	0.0000	0.0000	0.0000	0.0000	0.0000	0.0000	0.0000	0.0000	0.0000	0.0000	0.0000	0.0000	0.0000	0.0000	3.0000	0.0000	1.0000	0.0000	0.0000	0.0000	0.0000	0.0000	0.0000	0.0000	0.0000	0.0000	0.0000	0.0000	0.0000	0.0000	0.0000	0.0000	0.0000	0.0000	0.0000	0.0000	0.0000	0.0000	0.0000	0.0000	0.0000	0.0000	0.0000	0.0000	0.0000	0.0000	0.0000	0.0000	0.0000	0.0000	0.0000	0.0000	0.0000	0.0000	0.0000	0.0000	0.0000	0.0000	0.0000	0.0000	0.0000	0.0000	0.0000	0.0000	0.0000	0.0000	0.0000	0.0000	0.0000	0.0000	0.0000											
70	142	0.6427	7	1	1	1	0	0	0	0	0	N	N	N	N	N	N	N	N	N	N	N	N	0.0000	0.0000	0.0000	0.0000	0.0000	0.0000	0.0000	0.0000	0.0000	0.0000	0.0000	0.0000	0.0000	0.0000	0.0000	0.0000	0.0000	0.0000	0.0000	0.0000	0.0000	1.0000	0.0000	1.0000	0.0000	0.0000	0.0000	0.0000	0.0000	0.0000	0.0000	0.0000	0.0000	0.0000	0.0000	0.0000	0.0000	0.0000	0.0000	0.0000	0.0000	0.0000	0.0000	0.0000	0.0000	0.0000	0.0000	0.0000	0.0000	0.0000	0.0000	0.0000	0.0000	0.0000	0.0000	0.0000	0.0000	0.0000	0.0000	0.0000	0.0000	0.0000	0.0000	0.0000	0.0000	0.0000	0.0000	0.0000	0.0000	0.0000	0.0000	0.0000	0.0000	0.0000	0.0000	0.0000	0.0000	0.0000											
70	143	0.3923	6	1	1	1	0	0	0	0	0	N	N	N	N	N	N	N	N	N	N	N	N	0.0000	0.0000	0.0000	0.0000	0.0000	0.0000	0.0000	0.0000	0.0000	0.0000	0.0000	0.0000	0.0000	0.0000	0.0000	0.0000	0.0000	0.0000	0.0000	0.0000	0.0000	7.1211	0.0000	10.9474	0.0000	0.0000	0.0000	0.0000	0.0000	0.0000	0.0000	0.0000	0.0000	0.0000	0.0000	0.0000	0.0000	0.0000	0.0000	0.0000	0.0000	0.0000	0.0000	0.0000	0.0000	0.0000	0.0000	0.0000	0.0000	0.0000	0.0000	0.0000	0.0000	0.0000	0.0000	0.0000	0.0000	0.0000	0.0000	0.0000	0.0000	0.0000	0.0000	0.0000	0.0000	0.0000	0.0000	0.0000	0.0000	0.0000	0.0000	0.0000	0.0000	0.0000	0.0000	0.0000	0.0000	0.0000											
70	144	0.1975	5	1	1	1	0	0	0	0	0	N	N	N	N	N	N	N	N	N	N	N	N	0.0000	0.0000	0.0000	0.0000	0.0000	0.0000	0.0000	0.0000	0.0000	0.0000	0.0000	0.0000	0.0000	0.0000	0.0000	0.0000	0.0000	0.0000	0.0000	0.0000	0.0000	8.5175	0.0000	23.1696	0.0000	0.0000	0.0000	0.0000	0.0000	0.0000	0.0000	0.0000	0.0000	0.0000	0.0000	0.0000	0.0000	0.0000	0.0000	0.0000	0.0000	0.0000	0.0000	0.0000	0.0000	0.0000	0.0000	0.0000	0.0000	0.0000	0.0000	0.0000	0.0000	0.0000	0.0000	0.0000	0.0000	0.0000	0.0000	0.0000	0.0000	0.0000	0.0000	0.0000	0.0000	0.0000	0.0000	0.0000	0.0000	0.0000	0.0000	0.0000	0.0000	0.0000	0.0000	0.0000	0.0000	0.0000											
70	145	0.1721	8	2	2	1	0	0	0	0	0	Y	Y	N	N	N	N	N	N	N	N	N	N	0.0000	0.0000	0.0000	0.0000	0.0000	0.0000	0.0000	0.0000	0.0000	0.0000	0.0000	0.0000	0.0000	0.0000	0.0000	0.0000	0.0000	0.0000	0.0000	0.0000	0.0000	1.0000	0.0000	1.0000	0.0000	0.0000	0.0000	0.0000	0.0000	0.0000	0.0000	0.0000	0.0000	0.0000	0.0000	0.0000	0.0000	0.0000	0.0000	0.0000	0.0000	0.0000	0.0000	0.0000	0.0000	0.0000	0.0000	0.0000	0.0000	0.0000	0.0000	0.0000	0.0000	0.0000	0.0000	0.0000	0.0000	0.0000	0.0000	0.0000	0.0000	0.0000	0.0000	0.0000	0.0000	0.0000	0.0000	0.0000	0.0000	0.0000	0.0000	0.0000	0.0000	0.0000	0.0000	0.0000	0.0000	0.0000											
70	146	0.1721	7	1	2	1	0	0	0	0	0	N	Y	N	N	N	N	N	N	N	N	N	N	0.0000	0.0000	0.0000	0.0000	0.0000	0.0000	0.0000	0.0000	0.0000	0.0000	0.0000	0.0000	0.0000	0.0000	0.0000	0.0000	0.0000	0.0000	0.0000	0.0000	0.0000	0.0003	0.0000	0.0000	0.0000	0.0000	0.0000	0.0000	0.0000	0.0000	0.0000	0.0000	0.0000	0.0000	0.0000	0.0000	0.0000	0.0000	0.0000	0.0000	0.0000	0.0000	0.0000	0.0000	0.0000	0.0000	0.0000	0.0000	0.0000	0.0000	0.0000	0.0000	0.0000	0.0000	0.0000	0.0000	0.0000	0.0000	0.0000	0.0000	0.0000	0.0000	0.0000	0.0000	0.0000	0.0000	0.0000	0.0000	0.0000	0.0000	0.0000	0.0000	0.0000	0.0000	0.0000	0.0000	0.0000	0.0000											
70	147	0.1535	6	1	1	1	0	0	0	0	0	N	N	N	N	N	N	N	N	N	N	N	N	0.0000	0.0000	0.0000	0.0000	0.0000	0.0000	0.0000	0.0000	0.0000	0.0000	0.0000	0.0000	0.0000	0.0000	0.0000	0.0000	0.0000	0.0000	0.0000	0.0000	0.0000	4.9449	0.0000	1.0063	0.0000	0.0000	0.0000	0.0000	0.0000	0.0000	0.0000	0.0000	0.0000	0.0000	0.0000	0.0000	0.0000	0.0000	0.0000	0.0000	0.0000	0.0000	0.0000	0.0000	0.0000	0.0000	0.0000	0.0000	0.0000	0.0000	0.0000	0.0000	0.0000	0.0000	0.0000	0.0000	0.0000	0.0000	0.0000	0.0000	0.0000	0.0000	0.0000	0.0000	0.0000	0.0000	0.0000	0.0000	0.0000	0.0000	0.0000	0.0000	0.0000	0.0000	0.0000	0.0000	0.0000	0.0000											
70	148	0.1369	5	1	1	1	0	0	0	0	0	N	N	N	N	N	N	N	N	N	N	N	N	0.0000	0.0000	0.0000	0.0000	0.0000	0.0000	0.0000	0.0000	0.0000	0.0000	0.0000	0.0000	0.0000	0.0000	0.0000	0.0000	0.0000	0.0000	0.0000	0.0000	0.0000	3.4778	0.0000	1.2917	0.0000	0.0000	0.0000	0.0000	0.0000	0.0000	0.0000	0.0000	0.0000	0.0000	0.0000	0.0000	0.0000	0.0000	0.0000	0.0000	0.0000	0.0000	0.0000	0.0000	0.0000	0.0000	0.0000	0.0000	0.0000	0.0000	0.0000	0.0000	0.0000	0.0000	0.0000	0.0000	0.0000	0.0000	0.0000	0.0000	0.0000	0.0000	0.0000	0.0000	0.0000	0.0000	0.0000	0.0000	0.0000	0.0000	0.0000	0.0000	0.0000	0.0000	0.0000	0.0000	0.0000	0.0000											
70	149	0.0866	4	1	1	1	0	0	0	0	0	N	N	N	N	N	N	N	N	N	N	N	N	0.0000	0.0000	0.0000	0.0000	0.0000	0.0000	0.0000	0.0000	0.0000	0.0000	0.0000	0.0000	0.0000	0.0000	0.0000	0.0000	0.0000	0.0000	0.0000	0.0000	0.0000	7.8050	0.0000	4.0035	0.0000	0.0000	0.0000	0.0000	0.0000	0.0000	0.0000	0.0000	0.0000	0.0000	0.0000	0.0000	0.0000	0.0000	0.0000	0.0000	0.0000	0.0000	0.0000	0.0000	0.0000	0.0000	0.0000	0.0000	0.0000	0.0000	0.0000	0.0000	0.0000	0.0000	0.0000	0.0000	0.0000	0.0000	0.0000	0.0000	0.0000	0.0000	0.0000	0.0000	0.0000	0.0000	0.0000	0.0000	0.0000	0.0000	0.0000	0.0000	0.0000	0.0000	0.0000	0.0000	0.0000	0.0000											
70	150	0.2139	6	1	1	1	0	0	0	0	0	N	N	N	N	N	N	N	N	N	N	N	N	0.0000	0.0000	0.0000	0.0000	0.0000	0.0000	0.0000	0.0000	0.0000	0.0000	0.0000	0.0000	0.0000	0.0000	0.0000	0.0000	0.0000	0.0000	0.0000	0.0000	0.0000	3.7255	0.0000	14.1767	0.0000	0.0000	0.0000	0.0000	0.0000	0.0000	0.0000	0.0000	0.0000	0.0000	0.0000	0.0000	0.0000	0.0000	0.0000	0.0000	0.0000	0.0000	0.0000	0.0000	0.0000	0.0000	0.0000	0.0000	0.0000	0.0000	0.0000	0.0000	0.0000	0.0000	0.0000	0.0000	0.0000	0.0000	0.0000	0.0000	0.0000	0.0000	0.0000	0.0000	0.0000	0.0000	0.0000	0.0000	0.0000	0.0000	0.0000	0.0000	0.0000	0.0000	0.0000	0.0000	0.0000	0.0000											
70	151	0.1975	5	1	1	1	0	0	0	0	0	N	N	N	N	N	N	N	N	N	N	N	N	0.0000	0.0000	0.0000	0.0000	0.0000	0.0000	0.0000	0.0000	0.0000	0.0000	0.0000	0.0000	0.0000	0.0000	0.0000	0.0000	0.0000	0.0000	0.0000	0.0000	0.0000	1.4205	0.0000	4.0377	0.0000	0.0000	0.0000	0.0000	0.0000	0.0000	0.0000	0.0000	0.0000	0.0000	0.0000	0.0000	0.0000	0.0000	0.0000	0.0000	0.0000	0.0000	0.0000	0.0000	0.0000	0.0000	0.0000	0.0000	0.0000	0.0000	0.0000	0.0000	0.0000	0.0000	0.0000	0.0000	0.0000	0.0000	0.0000	0.0000	0.0000	0.0000	0.0000	0.0000	0.0000	0.0000	0.0000	0.0000	0.0000	0.0000	0.0000	0.0000	0.0000	0.0000	0.0000	0.0000	0.0000	0.0000											
70	152	0.0866	4	1	1	1	0	0	0	0	0	N	N	N	N	N	N	N	N	N	N	N	N	0.0000	0.0000	0.0000	0.0000	0.0000	0.0000	0.0000	0.0000	0.0000	0.0000	0.0000	0.0000	0.0000	0.0000	0.0000	0.0000	0.0000	0.0000	0.0000	0.0000	0.0000	6.4701	0.0000	12.4371	0.0000	0.0000	0.0000	0.0000	0.0000	0.0000	0.0000	0.0000	0.0000	0.0000	0.0000	0.0000	0.0000	0.0000	0.0000	0.0000	0.0000	0.0000	0.0000	0.0000	0.0000	0.0000	0.0000	0.0000	0.0000	0.0000	0.0000	0.0000	0.0000	0.0000	0.0000	0.0000	0.0000	0.0000	0.0000	0.0000	0.0000	0.0000	0.0000	0.0000	0.0000	0.0000	0.0000	0.0000	0.0000	0.0000	0.0000	0.0000	0.0000	0.0000	0.0000	0.0000	0.0000	0.0000											
71	73	0.6619	7	2	2	1	0	0	0	0	0	Y	Y	N	N	N	N	N	N	N	N	N	N	0.0000	0.0000	0.0000	0.0000	0.0000	0.0000	0.0000	0.0000	0.0000	0.0000	0.0000	0.0000	0.0000	0.0000	0.0000	0.0000	0.0000	0.0000	0.0000	0.0000	2.0000	0.0000	1.0000	0.0000	0.0000	0.0000	0.0000	0.0000	0.0000	0.0000	0.0000	0.0000	0.0000	0.0000	0.0000	0.0000	0.0000	0.0000	0.0000	0.0000	0.0000	0.0000	0.0000	0.0000	0.0000	0.0000	0.0000	0.0000	0.0000	0.0000	0.0000	0.0000	0.0000	0.0000	0.0000	0.0000	0.0000	0.0000	0.0000	0.0000	0.0000	0.0000	0.0000	0.0000	0.0000	0.0000	0.0000	0.0000	0.0000	0.0000	0.0000	0.0000	0.0000	0.0000	0.0000	0.0000	0.0000	0.0000											
71	74	0.1548	5	2	2	1	0	0	0	0	0	Y	Y	N	N	N	N	N	N	N	N	N	N	0.0000	0.0000	0.0000	0.0000	0.0000	0.0000	0.0000	0.0000	0.0000	0.0000	0.0000	0.0000	0.0000	0.0000	0.0000	0.0000	0.0000	0.0000	0.0000	0.0000	2.0000	0.0000	1.0000	0.0010	0.0000	0.0000	0.0000	0.0000	0.0000	0.0000	0.0000	0.0000	0.0000	0.0000	0.0000	0.0000	0.0000	0.0000	0.0000	0.0000	0.0000	0.0000	0.0000	0.0000	0.0000	0.0000	0.0000	0.0000	0.0000	0.0000	0.0000	0.0001	0.0001	0.0000	0.0001	0.0001	0.0000	0.0001	0.0000	0.0000	0.0000	0.0000	0.0000	0.0000	0.0000	0.0000	0.0000	0.0000	0.0000	0.0000	0.0000	0.0000	0.0000	0.0000	0.0000	0.0000	0.0000	0.0000											
71	75	0.1439	7	1	2	1	1	0	0	0	0	N	Y	N	N	N	N	N	N	N	N	N	N	0.0000	0.0000	0.0000	0.0000	0.0000	0.0000	0.0000	0.0000	0.0000	0.0000	0.0000	0.0000	0.0000	0.0000	0.0000	0.0000	0.0000	0.0000	0.0000	0.0000	2.0000	0.0000	1.0000	0.0000	0.0000	0.0000	0.0000	0.0000	0.0000	0.0000	0.0000	0.0000	0.0000	0.0000	0.0000	0.0000	0.0000	0.0000	0.0000	0.0000	0.0000	0.0000	0.0000	0.0000	0.0000	0.0000	0.0000	0.0000	0.0000	0.0000	0.0000	0.0000	0.0000	0.0000	0.0000	0.0000	0.0000	0.0000	0.0000	0.0000	0.0000	0.0000	0.0000	0.0000	0.0000	0.0000	0.0000	0.0000	0.0000	0.0000	0.0000	0.0000	0.0000	0.0000	0.0000	0.0000	0.0000	0.0000											
71	76	0.1439	7	1	1	1	1	0	0	0	0	N	N	N	N	N	N	N	N	N	N	N	N	0.0000	0.0000	0.0000	0.0000	0.0000	0.0000	0.0000	0.0000	0.0000	0.0000	0.0000	0.0000	0.0000	0.0000	0.0000	0.0000	0.0000	0.0000	0.0000	0.0000	2.0000	0.0000	1.0000	0.0000	0.0000	0.0000	0.0000	0.0000	0.0000	0.0000	0.0000	0.0000	0.0000	0.0000	0.0000	0.0000	0.0000	0.0000	0.0000	0.0000	0.0000	0.0000	0.0000	0.0000	0.0000	0.0000	0.0000	0.0000	0.0000	0.0000	0.0000	0.0000	0.0000	0.0000	0.0000	0.0000	0.0000	0.0000	0.0000	0.0000	0.0000	0.0000	0.0000	0.0000	0.0000	0.0000	0.0000	0.0000	0.0000	0.0000	0.0000	0.0000	0.0000	0.0000	0.0000	0.0000	0.0000	0.0000											
71	77	0.1286	6	1	1	1	1	0	0	0	0	N	N	N	N	N	N	N	N	N	N	N	N	0.0000	0.0000	0.0000	0.0000	0.0000	0.0000	0.0000	0.0000	0.0000	0.0000	0.0000	0.0000	0.0000	0.0000	0.0000	0.0000	0.0000	0.0000	0.0000	0.0000	2.0000	0.0002	1.0000	2.9297	0.0000	0.0000	0.0000	0.0000	0.0000	0.0000	0.0000	0.0000	0.0000	0.0000	0.0000	0.0000	0.0000	0.0000	0.0000	0.0000	0.0000	0.0000	0.0000	0.0000	0.0000	0.0000	0.0000	0.0000	0.0000	0.0000	0.0000	0.0156	0.0074	0.0082	0.0011	0.0011	0.0000	0.0145	0.0063	0.0082	0.0000	0.0000	0.0000	0.0000	0.0000	0.0000	0.0000	0.0000	0.0000	0.0000	0.0000	0.0000	0.0000	0.0000	0.0000	0.0000	0.0000	0.0000											
71	78	0.1245	5	1	1	1	1	0	0	0	0	N	N	N	N	N	N	N	N	N	N	N	N	0.0000	0.0000	0.0000	0.0000	0.0000	0.0000	0.0000	0.0000	0.0000	0.0000	0.0000	0.0000	0.0000	0.0000	0.0000	0.0000	0.0000	0.0000	0.0000	0.0000	2.0000	0.0003	1.0000	2.1916	0.0000	0.0000	0.0000	0.0000	0.0000	0.0000	0.0000	0.0000	0.0000	0.0000	0.0000	0.0000	0.0000	0.0000	0.0000	0.0000	0.0000	0.0000	0.0000	0.0000	0.0000	0.0000	0.0000	0.0000	0.0000	0.0000	0.0000	0.0117	0.0055	0.0062	0.0008	0.0008	0.0000	0.0109	0.0047	0.0062	0.0000	0.0000	0.0000	0.0000	0.0000	0.0000	0.0000	0.0000	0.0000	0.0000	0.0000	0.0000	0.0000	0.0000	0.0000	0.0000	0.0000	0.0000											
71	79	0.1167	4	1	1	1	0	0	0	0	0	N	N	N	N	N	N	N	N	N	N	N	N	0.0000	0.0000	0.0000	0.0000	0.0000	0.0000	0.0000	0.0000	0.0000	0.0000	0.0000	0.0000	0.0000	0.0000	0.0000	0.0000	0.0000	0.0000	0.0000	0.0000	2.0000	0.2782	1.0000	1.3600	0.0000	0.0000	0.0000	0.0000	0.0000	0.0000	0.0000	0.0000	0.0000	0.0000	0.0000	0.0000	0.0000	0.0000	0.0000	0.0000	0.0000	0.0000	0.0473	0.0429	0.0044	0.0391	0.0357	0.0033	0.0083	0.0072	0.0011	0.0129	0.0070	0.0060	0.0027	0.0027	0.0000	0.0103	0.0043	0.0060	0.0000	0.0000	0.0000	0.0000	0.0000	0.0000	0.0000	0.0000	0.0000	0.0000	0.0000	0.0000	0.0000	0.0000	0.0000	0.0000	0.0000	0.0000											
71	80	0.0779	4	1	2	2	0	0	0	0	0	N	Y	Y	N	N	N	N	N	N	N	N	N	0.0000	0.0000	0.0000	0.0000	0.0000	0.0000	0.0000	0.0000	0.0000	0.0000	0.0000	0.0000	0.0000	0.0000	0.0000	0.0000	0.0000	0.0000	0.0000	0.0000	2.0000	0.0029	1.0000	2.0135	0.0000	0.0000	0.0000	0.0000	0.0000	0.0000	0.0000	0.0000	0.0000	0.0000	0.0000	0.0000	0.0000	0.0000	0.0000	0.0000	0.0000	0.0000	0.0006	0.0005	0.0001	0.0002	0.0002	0.0000	0.0004	0.0003	0.0001	0.0200	0.0095	0.0105	0.0007	0.0006	0.0001	0.0193	0.0089	0.0104	0.0000	0.0000	0.0000	0.0000	0.0000	0.0000	0.0000	0.0000	0.0000	0.0000	0.0000	0.0000	0.0000	0.0000	0.0000	0.0000	0.0000	0.0000											
71	81	0.0713	3	1	2	1	0	0	0	0	0	N	Y	N	N	N	N	N	N	N	N	N	N	0.0000	0.0000	0.0000	0.0000	0.0000	0.0000	0.0000	0.0000	0.0000	0.0000	0.0000	0.0000	0.0000	0.0000	0.0000	0.0000	0.0000	0.0000	0.0000	0.0000	2.0000	0.6188	1.0000	0.9475	0.0000	0.0000	0.0000	0.0000	0.0000	0.0000	0.0000	0.0000	0.0000	0.0000	0.0000	0.0000	0.0000	0.0000	0.0000	0.0000	0.0000	0.0000	0.1974	0.1856	0.0117	0.0788	0.0772	0.0016	0.1186	0.1084	0.0102	0.0180	0.0086	0.0094	0.0016	0.0016	0.0001	0.0164	0.0071	0.0094	0.0000	0.0000	0.0000	0.0000	0.0000	0.0000	0.0000	0.0000	0.0000	0.0000	0.0000	0.0000	0.0000	0.0000	0.0000	0.0000	0.0000	0.0000											
71	82	0.6651	7	1	2	2	0	0	0	0	0	N	Y	Y	N	N	N	N	N	N	N	N	N	0.0000	0.0000	0.0000	0.0000	0.0000	0.0000	0.0000	0.0000	0.0000	0.0000	0.0000	0.0000	0.0000	0.0000	0.0000	0.0000	0.0000	0.0000	0.0000	0.0000	2.0000	0.0000	1.0000	1.0000	0.0000	0.0000	0.0000	0.0000	0.0000	0.0000	0.0000	0.0000	0.0000	0.0000	0.0000	0.0000	0.0000	0.0000	0.0000	0.0000	0.0000	0.0000	0.0000	0.0000	0.0000	0.0000	0.0000	0.0000	0.0000	0.0000	0.0000	0.0032	0.0018	0.0013	0.0018	0.0015	0.0003	0.0013	0.0003	0.0011	0.0000	0.0000	0.0000	0.0000	0.0000	0.0000	0.0000	0.0000	0.0000	0.0000	0.0000	0.0000	0.0000	0.0000	0.0000	0.0000	0.0000	0.0000											
71	83	0.0453	2	2	1	2	0	0	0	0	0	Y	N	Y	N	N	N	N	N	N	N	N	N	inf	inf	inf	inf	1.3001	0.0000	9.4839	0.0000	0.0000	0.0000	1.3141	0.0000	9.5429	0.0000	0.0000	0.0000	0.0000	0.0000	0.0000	0.0000	0.0000	0.0000	inf	0.7398	0.0000	2.0000	9.0001	1.0000	3.0001	1.0000	0.0000	1.0000	0.0000	0.0000	0.0000	1.0000	0.0000	1.0000	0.0000	0.0000	0.0000	0.0000	0.0000	0.0000	0.0000	0.0000	0.0000	0.7692	0.6637	0.1054	0.0082	0.0076	0.0007	0.7610	0.6562	0.1048	0.1137	0.0537	0.0600	0.0004	0.0003	0.0001	0.1133	0.0534	0.0599	inf	0.0000	inf	0.0000	0.0000	0.0000	inf	0.0000	inf	0.0000	0.0000	0.0000	0.0000	0.0000	0.0000	0.0000	0.0000	0.0000						
71	84	0.6427	6	2	1	2	0	0	0	0	0	Y	N	Y	N	N	N	N	N	N	N	N	N	0.0000	0.0000	0.0000	0.0000	0.0000	0.0000	0.0000	0.0000	0.0000	0.0000	0.0000	0.0000	0.0000	0.0000	0.0000	0.0000	0.0000	0.0000	0.0000	0.0000	2.0000	4.0000	1.0000	0.0000	0.0000	0.0000	0.0000	0.0000	0.0000	0.0000	0.0000	0.0000	0.0000	0.0000	0.0000	0.0000	0.0000	0.0000	0.0000	0.0000	0.0000	0.0000	0.3133	0.2881	0.0251	0.2416	0.2268	0.0148	0.0716	0.0613	0.0103	0.0125	0.0072	0.0053	0.0072	0.0062	0.0011	0.0053	0.0011	0.0042	0.0000	0.0000	0.0000	0.0000	0.0000	0.0000	0.0000	0.0000	0.0000	0.0000	0.0000	0.0000	0.0000	0.0000	0.0000	0.0000	0.0000	0.0000											
71	85	0.6888	7	2	2	1	0	0	0	0	0	Y	Y	N	N	N	N	N	N	N	N	N	N	inf	inf	inf	inf	0.0001	0.0001	0.0000	0.0001	0.0002	0.0000	0.0000	0.0000	0.0000	0.0000	0.0000	0.0000	0.0000	0.0000	0.0000	0.0000	0.0000	0.0000	0.0000	-0.0000	0.0000	2.0000	1.0086	1.0000	1.7435	0.0000	0.0000	0.0000	0.0000	0.0000	0.0000	0.0000	0.0000	0.0000	0.0000	0.0000	0.0000	0.0000	0.0000	0.0000	0.0000	0.0000	0.0000	0.0877	0.0808	0.0069	0.0681	0.0640	0.0041	0.0196	0.0168	0.0028	0.0148	0.0098	0.0050	0.0083	0.0075	0.0009	0.0065	0.0023	0.0042	inf	inf	0.0000	inf	inf	0.0000	0.0000	0.0000	0.0000	0.0000	0.0000	0.0000	0.0000	0.0000	0.0000	0.0000	0.0000	0.0000						
71	86	0.6427	6	2	2	1	0	0	0	0	0	Y	Y	N	N	N	N	N	N	N	N	N	N	inf	inf	inf	inf	0.0001	0.0001	0.0000	0.0001	0.0002	0.0000	0.0000	0.0000	0.0000	0.0000	0.0000	0.0000	0.0000	0.0000	0.0000	0.0000	0.0000	0.0000	0.0000	-0.0000	0.0000	2.0000	1.0165	1.0000	4.1395	0.0000	0.0000	0.0000	0.0000	0.0000	0.0000	0.0000	0.0000	0.0000	0.0000	0.0000	0.0000	0.0000	0.0000	0.0000	0.0000	0.0000	0.0000	0.0870	0.0801	0.0069	0.0683	0.0641	0.0042	0.0187	0.0160	0.0027	0.0160	0.0092	0.0068	0.0092	0.0079	0.0014	0.0068	0.0014	0.0054	inf	inf	0.0000	inf	inf	0.0000	0.0000	0.0000	0.0000	0.0000	0.0000	0.0000	0.0000	0.0000	0.0000	0.0000	0.0000	0.0000						
71	87	0.0866	3	2	2	1	0	0	0	0	0	Y	Y	N	N	N	N	N	N	N	N	N	N	inf	inf	inf	inf	1.4984	0.0000	17.3599	0.0000	0.0000	0.0000	4.1865	0.0000	33.2440	0.0000	0.0000	0.0000	0.0000	0.0000	0.0000	0.0000	0.0000	0.0000	inf	0.7398	0.0000	2.0000	9.0005	1.0000	5.0000	1.0000	0.0000	1.0000	0.0000	0.0000	0.0000	1.0000	0.0000	1.0000	0.0000	0.0000	0.0000	0.0000	0.0000	0.0000	0.0000	0.0000	0.0000	0.6674	0.6098	0.0576	0.4285	0.4010	0.0275	0.2389	0.2088	0.0301	0.0711	0.0280	0.0431	0.0015	0.0013	0.0001	0.0696	0.0266	0.0430	inf	0.0000	inf	0.0000	0.0000	0.0000	inf	0.0000	inf	0.0000	0.0000	0.0000	0.0000	0.0000	0.0000	0.0000	0.0000	0.0000						
71	88	0.6651	7	1	2	1	0	0	0	0	0	N	Y	N	N	N	N	N	N	N	N	N	N	0.0000	0.0000	0.0000	0.0000	0.0000	0.0000	0.0000	0.0000	0.0000	0.0000	0.0000	0.0000	0.0000	0.0000	0.0000	0.0000	0.0000	0.0000	0.0000	0.0000	2.0000	0.0000	1.0000	0.0000	0.0000	0.0000	0.0000	0.0000	0.0000	0.0000	0.0000	0.0000	0.0000	0.0000	0.0000	0.0000	0.0000	0.0000	0.0000	0.0000	0.0000	0.0000	0.0000	0.0000	0.0000	0.0000	0.0000	0.0000	0.0000	0.0000	0.0000	0.0000	0.0000	0.0000	0.0000	0.0000	0.0000	0.0000	0.0000	0.0000	0.0000	0.0000	0.0000	0.0000	0.0000	0.0000	0.0000	0.0000	0.0000	0.0000	0.0000	0.0000	0.0000	0.0000	0.0000	0.0000	0.0000	0.0000											
71	89	0.0713	3	1	2	1	0	0	0	0	0	N	Y	N	N	N	N	N	N	N	N	N	N	0.0000	0.0000	0.0000	0.0000	0.0000	0.0000	0.0000	0.0000	0.0000	0.0000	0.0000	0.0000	0.0000	0.0000	0.0000	0.0000	0.0000	0.0000	0.0000	0.0000	2.0000	1.9953	1.0000	1.0817	0.0000	0.0000	0.0000	0.0000	0.0000	0.0000	0.0000	0.0000	0.0000	0.0000	0.0000	0.0000	0.0000	0.0000	0.0000	0.0000	0.0000	0.0000	0.3088	0.2826	0.0262	0.0931	0.0886	0.0045	0.2158	0.1941	0.0217	0.0321	0.0152	0.0169	0.0018	0.0017	0.0001	0.0303	0.0135	0.0168	0.0000	0.0000	0.0000	0.0000	0.0000	0.0000	0.0000	0.0000	0.0000	0.0000	0.0000	0.0000	0.0000	0.0000	0.0000	0.0000	0.0000	0.0000											
71	90	0.0453	2	1	2	1	0	0	0	0	0	N	Y	N	N	N	N	N	N	N	N	N	N	0.0000	0.0000	0.0000	0.0000	0.0000	0.0000	0.0000	0.0000	0.0000	0.0000	0.0000	0.0000	0.0000	0.0000	0.0000	0.0000	0.0000	0.0000	0.0000	0.0000	2.0000	2.3999	1.0000	4.0713	0.0000	0.0000	0.0000	0.0000	0.0000	0.0000	0.0000	0.0000	0.0000	0.0000	0.0000	0.0000	0.0000	0.0000	0.0000	0.0000	0.0000	0.0000	0.2665	0.2274	0.0391	0.0025	0.0023	0.0002	0.2640	0.2251	0.0389	0.0679	0.0323	0.0356	0.0002	0.0002	0.0000	0.0677	0.0321	0.0355	0.0000	0.0000	0.0000	0.0000	0.0000	0.0000	0.0000	0.0000	0.0000	0.0000	0.0000	0.0000	0.0000	0.0000	0.0000	0.0000	0.0000	0.0000											
71	91	0.1488	5	1	1	2	0	0	0	0	0	N	N	Y	N	N	N	N	N	N	N	N	N	0.0000	0.0000	0.0000	0.0000	0.0000	0.0000	0.0000	0.0000	0.0000	0.0000	0.0000	0.0000	0.0000	0.0000	0.0000	0.0000	0.0000	0.0000	0.0000	0.0000	2.0000	0.0000	1.0000	0.0000	0.0000	0.0000	0.0000	0.0000	0.0000	0.0000	0.0000	0.0000	0.0000	0.0000	0.0000	0.0000	0.0000	0.0000	0.0000	0.0000	0.0000	0.0000	0.0000	0.0000	0.0000	0.0000	0.0000	0.0000	0.0000	0.0000	0.0000	0.0000	0.0000	0.0000	0.0000	0.0000	0.0000	0.0000	0.0000	0.0000	0.0000	0.0000	0.0000	0.0000	0.0000	0.0000	0.0000	0.0000	0.0000	0.0000	0.0000	0.0000	0.0000	0.0000	0.0000	0.0000	0.0000	0.0000											
71	92	0.1167	4	1	1	2	0	0	0	0	0	N	N	Y	N	N	N	N	N	N	N	N	N	inf	inf	inf	inf	3.0218	3.3057	0.0000	0.0000	0.0000	0.0000	9.4140	10.7916	0.0000	0.0000	0.0000	0.0000	0.0000	0.0000	0.0000	0.0000	0.0000	0.0000	0.0000	-0.2602	0.0000	2.0000	3.7221	1.0000	2.9993	1.0000	1.0000	0.0000	0.0000	0.0000	0.0000	1.0000	1.0000	0.0000	0.0000	0.0000	0.0000	0.0000	0.0000	0.0000	0.0000	0.0000	0.0000	0.3309	0.3025	0.0284	0.2247	0.2098	0.0149	0.1062	0.0927	0.0136	0.0381	0.0187	0.0193	0.0043	0.0042	0.0001	0.0338	0.0146	0.0192	inf	inf	0.0000	0.0000	0.0000	0.0000	inf	inf	0.0000	0.0000	0.0000	0.0000	0.0000	0.0000	0.0000	0.0000	0.0000	0.0000						
71	93	0.0866	3	1	1	1	0	0	0	0	0	N	N	N	N	N	N	N	N	N	N	N	N	0.0000	0.0000	0.0000	0.0000	0.0000	0.0000	0.0000	0.0000	0.0000	0.0000	0.0000	0.0000	0.0000	0.0000	0.0000	0.0000	0.0000	0.0000	0.0000	0.0000	2.0000	2.7217	1.0000	3.0458	0.0000	0.0000	0.0000	0.0000	0.0000	0.0000	0.0000	0.0000	0.0000	0.0000	0.0000	0.0000	0.0000	0.0000	0.0000	0.0000	0.0000	0.0000	0.2412	0.2210	0.0201	0.1638	0.1536	0.0102	0.0774	0.0674	0.0100	0.0320	0.0125	0.0196	0.0006	0.0006	0.0001	0.0314	0.0119	0.0195	0.0000	0.0000	0.0000	0.0000	0.0000	0.0000	0.0000	0.0000	0.0000	0.0000	0.0000	0.0000	0.0000	0.0000	0.0000	0.0000	0.0000	0.0000											
71	94	0.0616	3	2	2	1	0	0	0	0	0	Y	Y	N	N	N	N	N	N	N	N	N	N	0.0000	0.0000	0.0000	0.0000	0.0000	0.0000	0.0000	0.0000	0.0000	0.0000	0.0000	0.0000	0.0000	0.0000	0.0000	0.0000	0.0000	0.0000	0.0000	0.0000	2.0000	5.9980	1.0000	4.9575	0.0000	0.0000	0.0000	0.0000	0.0000	0.0000	0.0000	0.0000	0.0000	0.0000	0.0000	0.0000	0.0000	0.0000	0.0000	0.0000	0.0000	0.0000	0.5620	0.5120	0.0500	0.1702	0.1631	0.0072	0.3918	0.3490	0.0428	0.0920	0.0443	0.0477	0.0022	0.0020	0.0002	0.0898	0.0423	0.0475	0.0000	0.0000	0.0000	0.0000	0.0000	0.0000	0.0000	0.0000	0.0000	0.0000	0.0000	0.0000	0.0000	0.0000	0.0000	0.0000	0.0000	0.0000											
71	95	0.6651	7	2	2	1	0	0	0	0	0	Y	Y	N	N	N	N	N	N	N	N	N	N	0.0000	0.0000	0.0000	0.0000	0.0000	0.0000	0.0000	0.0000	0.0000	0.0000	0.0000	0.0000	0.0000	0.0000	0.0000	0.0000	0.0000	0.0000	0.0000	0.0000	2.0000	0.0000	1.0000	2.0000	0.0000	0.0000	0.0000	0.0000	0.0000	0.0000	0.0000	0.0000	0.0000	0.0000	0.0000	0.0000	0.0000	0.0000	0.0000	0.0000	0.0000	0.0000	0.0000	0.0000	0.0000	0.0000	0.0000	0.0000	0.0000	0.0000	0.0000	0.0063	0.0036	0.0027	0.0036	0.0031	0.0005	0.0027	0.0005	0.0021	0.0000	0.0000	0.0000	0.0000	0.0000	0.0000	0.0000	0.0000	0.0000	0.0000	0.0000	0.0000	0.0000	0.0000	0.0000	0.0000	0.0000	0.0000											
71	96	0.6427	6	1	2	1	0	0	0	0	0	N	Y	N	N	N	N	N	N	N	N	N	N	0.0000	0.0000	0.0000	0.0000	0.0000	0.0000	0.0000	0.0000	0.0000	0.0000	0.0000	0.0000	0.0000	0.0000	0.0000	0.0000	0.0000	0.0000	0.0000	0.0000	2.0000	4.0000	1.0000	0.0000	0.0000	0.0000	0.0000	0.0000	0.0000	0.0000	0.0000	0.0000	0.0000	0.0000	0.0000	0.0000	0.0000	0.0000	0.0000	0.0000	0.0000	0.0000	0.3133	0.2881	0.0251	0.2416	0.2268	0.0148	0.0716	0.0613	0.0103	0.0125	0.0072	0.0053	0.0072	0.0062	0.0011	0.0053	0.0011	0.0042	0.0000	0.0000	0.0000	0.0000	0.0000	0.0000	0.0000	0.0000	0.0000	0.0000	0.0000	0.0000	0.0000	0.0000	0.0000	0.0000	0.0000	0.0000											
71	97	0.0866	3	1	1	1	0	0	0	0	0	N	N	N	N	N	N	N	N	N	N	N	N	0.0000	0.0000	0.0000	0.0000	0.0000	0.0000	0.0000	0.0000	0.0000	0.0000	0.0000	0.0000	0.0000	0.0000	0.0000	0.0000	0.0000	0.0000	0.0000	0.0000	2.0000	3.9994	1.0000	4.0000	0.0000	0.0000	0.0000	0.0000	0.0000	0.0000	0.0000	0.0000	0.0000	0.0000	0.0000	0.0000	0.0000	0.0000	0.0000	0.0000	0.0000	0.0000	0.3408	0.3121	0.0287	0.2287	0.2144	0.0143	0.1121	0.0977	0.0144	0.0433	0.0169	0.0264	0.0009	0.0008	0.0001	0.0425	0.0161	0.0263	0.0000	0.0000	0.0000	0.0000	0.0000	0.0000	0.0000	0.0000	0.0000	0.0000	0.0000	0.0000	0.0000	0.0000	0.0000	0.0000	0.0000	0.0000											
71	98	0.6427	6	1	1	1	0	0	0	0	0	N	N	N	N	N	N	N	N	N	N	N	N	0.0000	0.0000	0.0000	0.0000	0.0000	0.0000	0.0000	0.0000	0.0000	0.0000	0.0000	0.0000	0.0000	0.0000	0.0000	0.0000	0.0000	0.0000	0.0000	0.0000	2.0000	1.0000	1.0000	0.0000	0.0000	0.0000	0.0000	0.0000	0.0000	0.0000	0.0000	0.0000	0.0000	0.0000	0.0000	0.0000	0.0000	0.0000	0.0000	0.0000	0.0000	0.0000	0.1538	0.1416	0.0123	0.1202	0.1128	0.0074	0.0337	0.0288	0.0049	0.0059	0.0034	0.0025	0.0034	0.0029	0.0005	0.0025	0.0005	0.0020	0.0000	0.0000	0.0000	0.0000	0.0000	0.0000	0.0000	0.0000	0.0000	0.0000	0.0000	0.0000	0.0000	0.0000	0.0000	0.0000	0.0000	0.0000											
71	99	0.1975	4	1	1	1	0	0	0	0	0	N	N	N	N	N	N	N	N	N	N	N	N	0.0000	0.0000	0.0000	0.0000	0.0000	0.0000	0.0000	0.0000	0.0000	0.0000	0.0000	0.0000	0.0000	0.0000	0.0000	0.0000	0.0000	0.0000	0.0000	0.0000	2.0000	1.5982	1.0000	11.1970	0.0000	0.0000	0.0000	0.0000	0.0000	0.0000	0.0000	0.0000	0.0000	0.0000	0.0000	0.0000	0.0000	0.0000	0.0000	0.0000	0.0000	0.0000	0.1628	0.1479	0.0149	0.1125	0.1047	0.0078	0.0502	0.0431	0.0071	0.1040	0.0550	0.0491	0.0270	0.0259	0.0012	0.0770	0.0291	0.0479	0.0000	0.0000	0.0000	0.0000	0.0000	0.0000	0.0000	0.0000	0.0000	0.0000	0.0000	0.0000	0.0000	0.0000	0.0000	0.0000	0.0000	0.0000											
71	100	0.0630	4	2	2	2	0	0	0	0	0	Y	Y	Y	N	N	N	N	N	N	N	N	N	0.0000	0.0000	0.0000	0.0000	0.0000	0.0000	0.0000	0.0000	0.0000	0.0000	0.0000	0.0000	0.0000	0.0000	0.0000	0.0000	0.0000	0.0000	0.0000	0.0000	2.0000	0.0000	1.0000	0.9982	0.0000	0.0000	0.0000	0.0000	0.0000	0.0000	0.0000	0.0000	0.0000	0.0000	0.0000	0.0000	0.0000	0.0000	0.0000	0.0000	0.0000	0.0000	0.0292	0.0282	0.0009	0.0210	0.0207	0.0002	0.0082	0.0075	0.0007	0.0102	0.0050	0.0052	0.0003	0.0002	0.0000	0.0099	0.0047	0.0052	0.0000	0.0000	0.0000	0.0000	0.0000	0.0000	0.0000	0.0000	0.0000	0.0000	0.0000	0.0000	0.0000	0.0000	0.0000	0.0000	0.0000	0.0000											
71	101	0.6774	9	2	2	2	0	0	0	0	0	Y	Y	Y	N	N	N	N	N	N	N	N	N	0.0000	0.0000	0.0000	0.0000	0.0000	0.0000	0.0000	0.0000	0.0000	0.0000	0.0000	0.0000	0.0000	0.0000	0.0000	0.0000	0.0000	0.0000	0.0000	0.0000	2.0000	0.0000	1.0000	0.0000	0.0000	0.0000	0.0000	0.0000	0.0000	0.0000	0.0000	0.0000	0.0000	0.0000	0.0000	0.0000	0.0000	0.0000	0.0000	0.0000	0.0000	0.0000	0.0000	0.0000	0.0000	0.0000	0.0000	0.0000	0.0000	0.0000	0.0000	0.0000	0.0000	0.0000	0.0000	0.0000	0.0000	0.0000	0.0000	0.0000	0.0000	0.0000	0.0000	0.0000	0.0000	0.0000	0.0000	0.0000	0.0000	0.0000	0.0000	0.0000	0.0000	0.0000	0.0000	0.0000	0.0000	0.0000											
71	102	0.6774	8	2	1	2	0	0	0	0	0	Y	N	Y	N	N	N	N	N	N	N	N	N	0.0000	0.0000	0.0000	0.0000	0.0000	0.0000	0.0000	0.0000	0.0000	0.0000	0.0000	0.0000	0.0000	0.0000	0.0000	0.0000	0.0000	0.0000	0.0000	0.0000	2.0000	0.0000	1.0000	0.0000	0.0000	0.0000	0.0000	0.0000	0.0000	0.0000	0.0000	0.0000	0.0000	0.0000	0.0000	0.0000	0.0000	0.0000	0.0000	0.0000	0.0000	0.0000	0.0000	0.0000	0.0000	0.0000	0.0000	0.0000	0.0000	0.0000	0.0000	0.0000	0.0000	0.0000	0.0000	0.0000	0.0000	0.0000	0.0000	0.0000	0.0000	0.0000	0.0000	0.0000	0.0000	0.0000	0.0000	0.0000	0.0000	0.0000	0.0000	0.0000	0.0000	0.0000	0.0000	0.0000	0.0000	0.0000											
71	103	0.6713	7	2	1	2	0	0	0	0	0	Y	N	Y	N	N	N	N	N	N	N	N	N	0.0000	0.0000	0.0000	0.0000	0.0000	0.0000	0.0000	0.0000	0.0000	0.0000	0.0000	0.0000	0.0000	0.0000	0.0000	0.0000	0.0000	0.0000	0.0000	0.0000	2.0000	0.0000	1.0000	1.0091	0.0000	0.0000	0.0000	0.0000	0.0000	0.0000	0.0000	0.0000	0.0000	0.0000	0.0000	0.0000	0.0000	0.0000	0.0000	0.0000	0.0000	0.0000	0.0000	0.0000	0.0000	0.0000	0.0000	0.0000	0.0000	0.0000	0.0000	0.0032	0.0019	0.0014	0.0019	0.0016	0.0003	0.0014	0.0003	0.0011	0.0000	0.0000	0.0000	0.0000	0.0000	0.0000	0.0000	0.0000	0.0000	0.0000	0.0000	0.0000	0.0000	0.0000	0.0000	0.0000	0.0000	0.0000											
71	104	0.0866	3	1	2	1	0	0	0	0	0	N	Y	N	N	N	N	N	N	N	N	N	N	0.0000	0.0000	0.0000	0.0000	0.0000	0.0000	0.0000	0.0000	0.0000	0.0000	0.0000	0.0000	0.0000	0.0000	0.0000	0.0000	0.0000	0.0000	0.0000	0.0000	2.0000	7.9994	1.0000	4.0001	0.0000	0.0000	0.0000	0.0000	0.0000	0.0000	0.0000	0.0000	0.0000	0.0000	0.0000	0.0000	0.0000	0.0000	0.0000	0.0000	0.0000	0.0000	0.6089	0.5566	0.0523	0.3943	0.3691	0.0252	0.2146	0.1875	0.0271	0.0623	0.0244	0.0378	0.0013	0.0012	0.0001	0.0610	0.0233	0.0377	0.0000	0.0000	0.0000	0.0000	0.0000	0.0000	0.0000	0.0000	0.0000	0.0000	0.0000	0.0000	0.0000	0.0000	0.0000	0.0000	0.0000	0.0000											
71	105	0.0665	5	2	1	2	0	0	0	0	0	Y	N	Y	N	N	N	N	N	N	N	N	N	0.0000	0.0000	0.0000	0.0000	0.0000	0.0000	0.0000	0.0000	0.0000	0.0000	0.0000	0.0000	0.0000	0.0000	0.0000	0.0000	0.0000	0.0000	0.0000	0.0000	2.0000	1.0000	1.0000	1.0005	0.0000	0.0000	0.0000	0.0000	0.0000	0.0000	0.0000	0.0000	0.0000	0.0000	0.0000	0.0000	0.0000	0.0000	0.0000	0.0000	0.0000	0.0000	0.1086	0.0985	0.0101	0.0311	0.0299	0.0012	0.0775	0.0686	0.0089	0.0197	0.0096	0.0102	0.0004	0.0003	0.0000	0.0194	0.0092	0.0101	0.0000	0.0000	0.0000	0.0000	0.0000	0.0000	0.0000	0.0000	0.0000	0.0000	0.0000	0.0000	0.0000	0.0000	0.0000	0.0000	0.0000	0.0000											
71	106	0.0630	4	2	1	2	0	0	0	0	0	Y	N	Y	N	N	N	N	N	N	N	N	N	0.0000	0.0000	0.0000	0.0000	0.0000	0.0000	0.0000	0.0000	0.0000	0.0000	0.0000	0.0000	0.0000	0.0000	0.0000	0.0000	0.0000	0.0000	0.0000	0.0000	2.0000	0.7249	1.0000	0.0368	0.0000	0.0000	0.0000	0.0000	0.0000	0.0000	0.0000	0.0000	0.0000	0.0000	0.0000	0.0000	0.0000	0.0000	0.0000	0.0000	0.0000	0.0000	0.1074	0.0990	0.0084	0.0423	0.0411	0.0011	0.0651	0.0578	0.0073	0.0078	0.0038	0.0040	0.0002	0.0002	0.0000	0.0076	0.0036	0.0040	0.0000	0.0000	0.0000	0.0000	0.0000	0.0000	0.0000	0.0000	0.0000	0.0000	0.0000	0.0000	0.0000	0.0000	0.0000	0.0000	0.0000	0.0000											
71	107	0.0616	3	2	1	2	0	0	0	0	0	Y	N	Y	N	N	N	N	N	N	N	N	N	0.0000	0.0000	0.0000	0.0000	0.0000	0.0000	0.0000	0.0000	0.0000	0.0000	0.0000	0.0000	0.0000	0.0000	0.0000	0.0000	0.0000	0.0000	0.0000	0.0000	2.0000	0.4159	1.0000	0.0887	0.0000	0.0000	0.0000	0.0000	0.0000	0.0000	0.0000	0.0000	0.0000	0.0000	0.0000	0.0000	0.0000	0.0000	0.0000	0.0000	0.0000	0.0000	0.0808	0.0758	0.0050	0.0388	0.0380	0.0008	0.0420	0.0378	0.0041	0.0056	0.0028	0.0028	0.0003	0.0003	0.0000	0.0053	0.0025	0.0028	0.0000	0.0000	0.0000	0.0000	0.0000	0.0000	0.0000	0.0000	0.0000	0.0000	0.0000	0.0000	0.0000	0.0000	0.0000	0.0000	0.0000	0.0000											
71	108	0.0453	2	2	1	1	0	0	0	0	0	Y	N	N	N	N	N	N	N	N	N	N	N	0.0000	0.0000	0.0000	0.0000	0.0000	0.0000	0.0000	0.0000	0.0000	0.0000	0.0000	0.0000	0.0000	0.0000	0.0000	0.0000	0.0000	0.0000	0.0000	0.0000	2.0000	3.9943	1.0000	0.9974	0.0000	0.0000	0.0000	0.0000	0.0000	0.0000	0.0000	0.0000	0.0000	0.0000	0.0000	0.0000	0.0000	0.0000	0.0000	0.0000	0.0000	0.0000	0.4139	0.3541	0.0597	0.0040	0.0036	0.0003	0.4099	0.3505	0.0594	0.0539	0.0257	0.0282	0.0002	0.0002	0.0000	0.0537	0.0255	0.0281	0.0000	0.0000	0.0000	0.0000	0.0000	0.0000	0.0000	0.0000	0.0000	0.0000	0.0000	0.0000	0.0000	0.0000	0.0000	0.0000	0.0000	0.0000											
71	109	0.6713	7	2	1	2	0	0	0	0	0	Y	N	Y	N	N	N	N	N	N	N	N	N	0.0000	0.0000	0.0000	0.0000	0.0000	0.0000	0.0000	0.0000	0.0000	0.0000	0.0000	0.0000	0.0000	0.0000	0.0000	0.0000	0.0000	0.0000	0.0000	0.0000	2.0000	0.0000	1.0000	0.9909	0.0000	0.0000	0.0000	0.0000	0.0000	0.0000	0.0000	0.0000	0.0000	0.0000	0.0000	0.0000	0.0000	0.0000	0.0000	0.0000	0.0000	0.0000	0.0000	0.0000	0.0000	0.0000	0.0000	0.0000	0.0000	0.0000	0.0000	0.0032	0.0018	0.0013	0.0018	0.0016	0.0003	0.0013	0.0003	0.0011	0.0000	0.0000	0.0000	0.0000	0.0000	0.0000	0.0000	0.0000	0.0000	0.0000	0.0000	0.0000	0.0000	0.0000	0.0000	0.0000	0.0000	0.0000											
71	110	0.6427	6	2	1	2	0	0	0	0	0	Y	N	Y	N	N	N	N	N	N	N	N	N	0.0000	0.0000	0.0000	0.0000	0.0000	0.0000	0.0000	0.0000	0.0000	0.0000	0.0000	0.0000	0.0000	0.0000	0.0000	0.0000	0.0000	0.0000	0.0000	0.0000	2.0000	4.0000	1.0000	0.0000	0.0000	0.0000	0.0000	0.0000	0.0000	0.0000	0.0000	0.0000	0.0000	0.0000	0.0000	0.0000	0.0000	0.0000	0.0000	0.0000	0.0000	0.0000	0.3133	0.2881	0.0251	0.2416	0.2268	0.0148	0.0716	0.0613	0.0103	0.0125	0.0072	0.0053	0.0072	0.0062	0.0011	0.0053	0.0011	0.0042	0.0000	0.0000	0.0000	0.0000	0.0000	0.0000	0.0000	0.0000	0.0000	0.0000	0.0000	0.0000	0.0000	0.0000	0.0000	0.0000	0.0000	0.0000											
71	112	0.1324	4	1	1	2	0	0	0	0	0	N	N	Y	N	N	N	N	N	N	N	N	N	0.0000	0.0000	0.0000	0.0000	0.0000	0.0000	0.0000	0.0000	0.0000	0.0000	0.0000	0.0000	0.0000	0.0000	0.0000	0.0000	0.0000	0.0000	0.0000	0.0000	2.0000	0.0000	1.0000	0.0001	0.0000	0.0000	0.0000	0.0000	0.0000	0.0000	0.0000	0.0000	0.0000	0.0000	0.0000	0.0000	0.0000	0.0000	0.0000	0.0000	0.0000	0.0000	0.0000	0.0000	0.0000	0.0000	0.0000	0.0000	0.0000	0.0000	0.0000	0.0000	0.0000	0.0000	0.0000	0.0000	0.0000	0.0000	0.0000	0.0000	0.0000	0.0000	0.0000	0.0000	0.0000	0.0000	0.0000	0.0000	0.0000	0.0000	0.0000	0.0000	0.0000	0.0000	0.0000	0.0000	0.0000	0.0000											
71	113	0.0866	3	1	1	2	0	0	0	0	0	N	N	Y	N	N	N	N	N	N	N	N	N	0.0000	0.0000	0.0000	0.0000	0.0000	0.0000	0.0000	0.0000	0.0000	0.0000	0.0000	0.0000	0.0000	0.0000	0.0000	0.0000	0.0000	0.0000	0.0000	0.0000	2.0000	4.0004	1.0000	4.9999	0.0000	0.0000	0.0000	0.0000	0.0000	0.0000	0.0000	0.0000	0.0000	0.0000	0.0000	0.0000	0.0000	0.0000	0.0000	0.0000	0.0000	0.0000	0.3409	0.3122	0.0287	0.2287	0.2144	0.0143	0.1121	0.0978	0.0144	0.0482	0.0189	0.0294	0.0010	0.0009	0.0001	0.0473	0.0180	0.0293	0.0000	0.0000	0.0000	0.0000	0.0000	0.0000	0.0000	0.0000	0.0000	0.0000	0.0000	0.0000	0.0000	0.0000	0.0000	0.0000	0.0000	0.0000											
71	114	0.6753	7	1	2	1	0	0	0	0	0	N	Y	N	N	N	N	N	N	N	N	N	N	0.0000	0.0000	0.0000	0.0000	0.0000	0.0000	0.0000	0.0000	0.0000	0.0000	0.0000	0.0000	0.0000	0.0000	0.0000	0.0000	0.0000	0.0000	0.0000	0.0000	2.0000	4.3361	1.0000	4.6323	0.0000	0.0000	0.0000	0.0000	0.0000	0.0000	0.0000	0.0000	0.0000	0.0000	0.0000	0.0000	0.0000	0.0000	0.0000	0.0000	0.0000	0.0000	0.3359	0.3091	0.0268	0.2549	0.2396	0.0153	0.0810	0.0695	0.0115	0.0287	0.0174	0.0113	0.0170	0.0151	0.0019	0.0117	0.0023	0.0094	0.0000	0.0000	0.0000	0.0000	0.0000	0.0000	0.0000	0.0000	0.0000	0.0000	0.0000	0.0000	0.0000	0.0000	0.0000	0.0000	0.0000	0.0000											
71	115	0.6427	6	1	1	1	0	0	0	0	0	N	N	N	N	N	N	N	N	N	N	N	N	0.0000	0.0000	0.0000	0.0000	0.0000	0.0000	0.0000	0.0000	0.0000	0.0000	0.0000	0.0000	0.0000	0.0000	0.0000	0.0000	0.0000	0.0000	0.0000	0.0000	2.0000	1.9840	1.0000	0.2610	0.0000	0.0000	0.0000	0.0000	0.0000	0.0000	0.0000	0.0000	0.0000	0.0000	0.0000	0.0000	0.0000	0.0000	0.0000	0.0000	0.0000	0.0000	0.1648	0.1517	0.0132	0.1287	0.1208	0.0079	0.0362	0.0309	0.0053	0.0071	0.0041	0.0030	0.0041	0.0035	0.0006	0.0030	0.0006	0.0024	0.0000	0.0000	0.0000	0.0000	0.0000	0.0000	0.0000	0.0000	0.0000	0.0000	0.0000	0.0000	0.0000	0.0000	0.0000	0.0000	0.0000	0.0000											
71	116	0.0866	3	1	2	1	1	0	0	0	0	N	Y	N	N	N	N	N	N	N	N	N	N	0.0000	0.0000	0.0000	0.0000	0.0000	0.0000	0.0000	0.0000	0.0000	0.0000	0.0000	0.0000	0.0000	0.0000	0.0000	0.0000	0.0000	0.0000	0.0000	0.0000	2.0000	5.0006	1.0000	2.0000	0.0000	0.0000	0.0000	0.0000	0.0000	0.0000	0.0000	0.0000	0.0000	0.0000	0.0000	0.0000	0.0000	0.0000	0.0000	0.0000	0.0000	0.0000	0.4137	0.3787	0.0350	0.2751	0.2578	0.0173	0.1386	0.1209	0.0177	0.0383	0.0149	0.0234	0.0008	0.0007	0.0001	0.0376	0.0142	0.0233	0.0000	0.0000	0.0000	0.0000	0.0000	0.0000	0.0000	0.0000	0.0000	0.0000	0.0000	0.0000	0.0000	0.0000	0.0000	0.0000	0.0000	0.0000											
71	117	0.6427	6	1	2	1	1	0	0	0	0	N	Y	N	N	N	N	N	N	N	N	N	N	0.0000	0.0000	0.0000	0.0000	0.0000	0.0000	0.0000	0.0000	0.0000	0.0000	0.0000	0.0000	0.0000	0.0000	0.0000	0.0000	0.0000	0.0000	0.0000	0.0000	2.0000	0.0000	1.0000	1.0000	0.0000	0.0000	0.0000	0.0000	0.0000	0.0000	0.0000	0.0000	0.0000	0.0000	0.0000	0.0000	0.0000	0.0000	0.0000	0.0000	0.0000	0.0000	0.0000	0.0000	0.0000	0.0000	0.0000	0.0000	0.0000	0.0000	0.0000	0.0045	0.0026	0.0019	0.0026	0.0022	0.0004	0.0019	0.0004	0.0015	0.0000	0.0000	0.0000	0.0000	0.0000	0.0000	0.0000	0.0000	0.0000	0.0000	0.0000	0.0000	0.0000	0.0000	0.0000	0.0000	0.0000	0.0000											
71	118	0.0866	3	1	2	1	0	0	0	0	0	N	Y	N	N	N	N	N	N	N	N	N	N	0.0000	0.0000	0.0000	0.0000	0.0000	0.0000	0.0000	0.0000	0.0000	0.0000	0.0000	0.0000	0.0000	0.0000	0.0000	0.0000	0.0000	0.0000	0.0000	0.0000	2.0000	16.9994	1.0000	6.0000	0.0000	0.0000	0.0000	0.0000	0.0000	0.0000	0.0000	0.0000	0.0000	0.0000	0.0000	0.0000	0.0000	0.0000	0.0000	0.0000	0.0000	0.0000	1.0467	0.9542	0.0925	0.6315	0.5899	0.0416	0.4152	0.3643	0.0509	0.1064	0.0423	0.0641	0.0023	0.0021	0.0002	0.1041	0.0402	0.0639	0.0000	0.0000	0.0000	0.0000	0.0000	0.0000	0.0000	0.0000	0.0000	0.0000	0.0000	0.0000	0.0000	0.0000	0.0000	0.0000	0.0000	0.0000											
71	119	0.6427	6	1	2	1	0	0	0	0	0	N	Y	N	N	N	N	N	N	N	N	N	N	0.0000	0.0000	0.0000	0.0000	0.0000	0.0000	0.0000	0.0000	0.0000	0.0000	0.0000	0.0000	0.0000	0.0000	0.0000	0.0000	0.0000	0.0000	0.0000	0.0000	2.0000	5.0000	1.0000	6.0000	0.0000	0.0000	0.0000	0.0000	0.0000	0.0000	0.0000	0.0000	0.0000	0.0000	0.0000	0.0000	0.0000	0.0000	0.0000	0.0000	0.0000	0.0000	0.3807	0.3501	0.0306	0.2920	0.2742	0.0178	0.0887	0.0760	0.0127	0.0325	0.0187	0.0137	0.0187	0.0159	0.0028	0.0138	0.0028	0.0110	0.0000	0.0000	0.0000	0.0000	0.0000	0.0000	0.0000	0.0000	0.0000	0.0000	0.0000	0.0000	0.0000	0.0000	0.0000	0.0000	0.0000	0.0000											
71	120	0.6708	7	1	2	1	0	0	0	0	0	N	Y	N	N	N	N	N	N	N	N	N	N	0.0000	0.0000	0.0000	0.0000	0.0000	0.0000	0.0000	0.0000	0.0000	0.0000	0.0000	0.0000	0.0000	0.0000	0.0000	0.0000	0.0000	0.0000	0.0000	0.0000	2.0000	0.9998	1.0000	0.9486	0.0000	0.0000	0.0000	0.0000	0.0000	0.0000	0.0000	0.0000	0.0000	0.0000	0.0000	0.0000	0.0000	0.0000	0.0000	0.0000	0.0000	0.0000	0.0819	0.0751	0.0068	0.0638	0.0597	0.0041	0.0181	0.0155	0.0026	0.0132	0.0078	0.0055	0.0079	0.0069	0.0010	0.0053	0.0008	0.0045	0.0000	0.0000	0.0000	0.0000	0.0000	0.0000	0.0000	0.0000	0.0000	0.0000	0.0000	0.0000	0.0000	0.0000	0.0000	0.0000	0.0000	0.0000											
71	121	0.6427	6	1	2	1	0	0	0	0	0	N	Y	N	N	N	N	N	N	N	N	N	N	0.0000	0.0000	0.0000	0.0000	0.0000	0.0000	0.0000	0.0000	0.0000	0.0000	0.0000	0.0000	0.0000	0.0000	0.0000	0.0000	0.0000	0.0000	0.0000	0.0000	2.0000	3.0005	1.0000	1.1085	0.0000	0.0000	0.0000	0.0000	0.0000	0.0000	0.0000	0.0000	0.0000	0.0000	0.0000	0.0000	0.0000	0.0000	0.0000	0.0000	0.0000	0.0000	0.4152	0.3818	0.0334	0.3175	0.2981	0.0194	0.0977	0.0837	0.0140	0.0230	0.0133	0.0097	0.0133	0.0113	0.0020	0.0098	0.0020	0.0078	0.0000	0.0000	0.0000	0.0000	0.0000	0.0000	0.0000	0.0000	0.0000	0.0000	0.0000	0.0000	0.0000	0.0000	0.0000	0.0000	0.0000	0.0000											
71	122	0.0453	2	1	2	1	0	0	0	0	0	N	Y	N	N	N	N	N	N	N	N	N	N	inf	inf	inf	inf	4.4225	0.0000	30.0216	0.0000	0.0000	0.0000	4.4644	0.0000	30.1670	0.0000	0.0000	0.0000	0.0000	0.0000	0.0000	0.0000	0.0000	0.0000	inf	0.7398	0.0000	2.0000	2.0001	1.0000	3.0000	1.0000	0.0000	1.0000	0.0000	0.0000	0.0000	1.0000	0.0000	1.0000	0.0000	0.0000	0.0000	0.0000	0.0000	0.0000	0.0000	0.0000	0.0000	0.2261	0.1928	0.0333	0.0021	0.0020	0.0002	0.2240	0.1908	0.0331	0.0539	0.0257	0.0282	0.0002	0.0002	0.0000	0.0538	0.0256	0.0282	inf	0.0000	inf	0.0000	0.0000	0.0000	inf	0.0000	inf	0.0000	0.0000	0.0000	0.0000	0.0000	0.0000	0.0000	0.0000	0.0000						
71	124	0.6762	7	1	2	1	0	0	0	0	0	N	Y	N	N	N	N	N	N	N	N	N	N	inf	inf	inf	inf	inf	inf	0.0383	0.0417	0.0000	0.0477	0.0511	0.0000	0.0001	0.0001	0.0000	0.0000	0.0000	0.0000	0.0000	0.0000	0.0000	0.0000	0.0000	0.0000	0.0000	-0.0064	0.0000	2.0000	3.9006	1.0000	3.1543	0.0244	0.0244	0.0000	0.0244	0.0244	0.0000	0.0000	0.0000	0.0000	0.0000	0.0000	0.0000	0.0000	0.0000	0.0000	0.0000	0.0000	0.0000	0.6378	0.5853	0.0525	0.5120	0.4776	0.0344	0.1258	0.1077	0.0180	0.0403	0.0245	0.0158	0.0243	0.0207	0.0035	0.0160	0.0037	0.0122	inf	inf	0.0000	inf	inf	0.0000	inf	inf	0.0000	0.0000	0.0000	0.0000	0.0000	0.0000	0.0000	0.0000	0.0000	0.0000				
71	125	0.6427	6	1	2	1	0	0	0	0	0	N	Y	N	N	N	N	N	N	N	N	N	N	inf	inf	inf	inf	inf	inf	0.0975	0.1058	0.0010	0.1257	0.1338	0.0017	0.0000	0.0000	0.0000	0.0000	0.0000	0.0000	0.0000	0.0000	0.0000	0.0000	0.0000	0.0000	0.0008	-0.0063	0.0000	2.0000	1.6924	1.0000	1.9110	0.0244	0.0244	0.0000	0.0244	0.0244	0.0000	0.0000	0.0000	0.0000	0.0000	0.0000	0.0000	0.0000	0.0000	0.0000	0.0000	0.0000	0.0000	0.2507	0.2306	0.0201	0.1944	0.1824	0.0119	0.0563	0.0482	0.0082	0.0203	0.0117	0.0086	0.0117	0.0100	0.0017	0.0086	0.0017	0.0069	inf	inf	inf	inf	inf	inf	0.0000	0.0000	0.0000	0.0000	0.0000	0.0000	0.0000	0.0000	0.0000	0.0000	0.0000	0.0000				
71	126	0.0866	3	1	2	1	0	0	0	0	0	N	Y	N	N	N	N	N	N	N	N	N	N	0.0000	0.0000	0.0000	0.0000	0.0000	0.0000	0.0000	0.0000	0.0000	0.0000	0.0000	0.0000	0.0000	0.0000	0.0000	0.0000	0.0000	0.0000	0.0000	0.0000	2.0000	0.9996	1.0000	8.0005	0.0000	0.0000	0.0000	0.0000	0.0000	0.0000	0.0000	0.0000	0.0000	0.0000	0.0000	0.0000	0.0000	0.0000	0.0000	0.0000	0.0000	0.0000	0.0937	0.0859	0.0077	0.0647	0.0607	0.0040	0.0290	0.0252	0.0038	0.0482	0.0189	0.0294	0.0010	0.0009	0.0001	0.0473	0.0180	0.0293	0.0000	0.0000	0.0000	0.0000	0.0000	0.0000	0.0000	0.0000	0.0000	0.0000	0.0000	0.0000	0.0000	0.0000	0.0000	0.0000	0.0000	0.0000											
71	127	0.2139	5	1	1	1	0	0	0	0	0	N	N	N	N	N	N	N	N	N	N	N	N	0.2192	0.1257	0.0874	0.1055	0.0001	0.0001	0.0000	0.0001	0.0001	0.0000	0.0000	0.0000	0.0000	0.0003	0.0005	0.0000	0.0009	0.0008	0.0000	0.0000	0.0000	0.0000	0.0000	0.0000	-0.0000	-0.0000	2.0000	3.6536	1.0000	12.3970	0.0000	0.0000	0.0000	0.0000	0.0000	0.0000	0.0000	0.0000	0.0000	0.0000	0.0000	0.0000	0.0000	0.0000	0.0000	0.0000	0.0000	0.0000	0.3489	0.3173	0.0315	0.2425	0.2254	0.0171	0.1064	0.0919	0.0145	0.1036	0.0583	0.0453	0.0263	0.0250	0.0013	0.0773	0.0334	0.0440	0.5942	0.3677	0.0000	0.2169	0.2217	0.0000	0.0000	0.0000	0.0000	0.0001	0.0002	0.0000	0.0004	0.0004	0.0000	0.0000	0.0000	0.0000					
71	128	0.3923	5	1	1	1	0	0	0	0	0	N	N	N	N	N	N	N	N	N	N	N	N	0.2123	0.1333	0.4617	0.4342	0.0070	0.0079	0.0000	0.0097	0.0107	0.0000	0.0000	0.0000	0.0000	0.0332	0.0589	0.0000	0.0210	0.0246	0.0000	0.0000	0.0000	0.0000	0.0000	0.0000	-0.0011	-0.0002	2.0000	5.3495	1.0000	12.4099	0.0041	0.0041	0.0000	0.0041	0.0041	0.0000	0.0000	0.0000	0.0000	0.0004	0.0004	0.0000	0.0004	0.0004	0.0000	0.0000	0.0000	0.0000	0.5807	0.5206	0.0601	0.4211	0.3823	0.0388	0.1596	0.1384	0.0213	0.1463	0.0921	0.0542	0.0760	0.0651	0.0109	0.0703	0.0270	0.0433	2.8622	2.0108	0.0000	2.0505	1.9359	0.0000	0.0000	0.0000	0.0000	0.0025	0.0039	0.0000	0.0047	0.0055	0.0000	0.0000	0.0000	0.0000					
71	129	0.1980	9	1	2	1	1	0	0	0	0	N	Y	N	N	N	N	N	N	N	N	N	N	0.0000	0.0000	0.0000	0.0000	0.0000	0.0000	0.0000	0.0000	0.0000	0.0000	0.0000	0.0000	0.0000	0.0000	0.0000	0.0000	0.0000	0.0000	0.0000	0.0000	2.0000	0.0000	1.0000	0.0000	0.0000	0.0000	0.0000	0.0000	0.0000	0.0000	0.0000	0.0000	0.0000	0.0000	0.0000	0.0000	0.0000	0.0000	0.0000	0.0000	0.0000	0.0000	0.0000	0.0000	0.0000	0.0000	0.0000	0.0000	0.0000	0.0000	0.0000	0.0000	0.0000	0.0000	0.0000	0.0000	0.0000	0.0000	0.0000	0.0000	0.0000	0.0000	0.0000	0.0000	0.0000	0.0000	0.0000	0.0000	0.0000	0.0000	0.0000	0.0000	0.0000	0.0000	0.0000	0.0000	0.0000	0.0000											
71	130	0.1817	8	1	2	1	1	0	0	0	0	N	Y	N	N	N	N	N	N	N	N	N	N	0.0000	0.0000	0.0000	0.0000	0.0000	0.0000	0.0000	0.0000	0.0000	0.0000	0.0000	0.0000	0.0000	0.0000	0.0000	0.0000	0.0000	0.0000	0.0000	0.0000	2.0000	0.0000	1.0000	3.0001	0.0000	0.0000	0.0000	0.0000	0.0000	0.0000	0.0000	0.0000	0.0000	0.0000	0.0000	0.0000	0.0000	0.0000	0.0000	0.0000	0.0000	0.0000	0.0000	0.0000	0.0000	0.0000	0.0000	0.0000	0.0000	0.0000	0.0000	0.0140	0.0055	0.0086	0.0008	0.0008	0.0000	0.0133	0.0047	0.0085	0.0000	0.0000	0.0000	0.0000	0.0000	0.0000	0.0000	0.0000	0.0000	0.0000	0.0000	0.0000	0.0000	0.0000	0.0000	0.0000	0.0000	0.0000											
71	131	0.1721	7	1	2	1	0	0	0	0	0	N	Y	N	N	N	N	N	N	N	N	N	N	0.0000	0.0000	0.0000	0.0000	0.0000	0.0000	0.0000	0.0000	0.0000	0.0000	0.0000	0.0000	0.0000	0.0000	0.0000	0.0000	0.0000	0.0000	0.0000	0.0000	2.0000	0.0000	1.0000	0.0000	0.0000	0.0000	0.0000	0.0000	0.0000	0.0000	0.0000	0.0000	0.0000	0.0000	0.0000	0.0000	0.0000	0.0000	0.0000	0.0000	0.0000	0.0000	0.0000	0.0000	0.0000	0.0000	0.0000	0.0000	0.0000	0.0000	0.0000	0.0000	0.0000	0.0000	0.0000	0.0000	0.0000	0.0000	0.0000	0.0000	0.0000	0.0000	0.0000	0.0000	0.0000	0.0000	0.0000	0.0000	0.0000	0.0000	0.0000	0.0000	0.0000	0.0000	0.0000	0.0000	0.0000	0.0000											
71	132	0.1817	8	1	1	2	1	0	0	0	0	N	N	Y	N	N	N	N	N	N	N	N	N	0.0000	0.0000	0.0000	0.0000	0.0000	0.0000	0.0000	0.0000	0.0000	0.0000	0.0000	0.0000	0.0000	0.0000	0.0000	0.0000	0.0000	0.0000	0.0000	0.0000	2.0000	0.0000	1.0000	1.9999	0.0000	0.0000	0.0000	0.0000	0.0000	0.0000	0.0000	0.0000	0.0000	0.0000	0.0000	0.0000	0.0000	0.0000	0.0000	0.0000	0.0000	0.0000	0.0000	0.0000	0.0000	0.0000	0.0000	0.0000	0.0000	0.0000	0.0000	0.0097	0.0039	0.0058	0.0007	0.0006	0.0000	0.0091	0.0033	0.0058	0.0000	0.0000	0.0000	0.0000	0.0000	0.0000	0.0000	0.0000	0.0000	0.0000	0.0000	0.0000	0.0000	0.0000	0.0000	0.0000	0.0000	0.0000											
71	133	0.1928	9	1	1	2	1	0	0	0	0	N	N	Y	N	N	N	N	N	N	N	N	N	0.0000	0.0000	0.0000	0.0000	0.0000	0.0000	0.0000	0.0000	0.0000	0.0000	0.0000	0.0000	0.0000	0.0000	0.0000	0.0000	0.0000	0.0000	0.0000	0.0000	2.0000	1.0000	1.0000	0.0000	0.0000	0.0000	0.0000	0.0000	0.0000	0.0000	0.0000	0.0000	0.0000	0.0000	0.0000	0.0000	0.0000	0.0000	0.0000	0.0000	0.0000	0.0000	0.0949	0.0866	0.0083	0.0728	0.0675	0.0053	0.0221	0.0192	0.0030	0.0046	0.0017	0.0029	0.0012	0.0008	0.0005	0.0034	0.0009	0.0024	0.0000	0.0000	0.0000	0.0000	0.0000	0.0000	0.0000	0.0000	0.0000	0.0000	0.0000	0.0000	0.0000	0.0000	0.0000	0.0000	0.0000	0.0000											
71	134	0.1928	9	1	1	2	1	0	0	0	0	N	N	Y	N	N	N	N	N	N	N	N	N	0.0000	0.0000	0.0000	0.0000	0.0000	0.0000	0.0000	0.0000	0.0000	0.0000	0.0000	0.0000	0.0000	0.0000	0.0000	0.0000	0.0000	0.0000	0.0000	0.0000	2.0000	0.0000	1.0000	0.0000	0.0000	0.0000	0.0000	0.0000	0.0000	0.0000	0.0000	0.0000	0.0000	0.0000	0.0000	0.0000	0.0000	0.0000	0.0000	0.0000	0.0000	0.0000	0.0000	0.0000	0.0000	0.0000	0.0000	0.0000	0.0000	0.0000	0.0000	0.0000	0.0000	0.0000	0.0000	0.0000	0.0000	0.0000	0.0000	0.0000	0.0000	0.0000	0.0000	0.0000	0.0000	0.0000	0.0000	0.0000	0.0000	0.0000	0.0000	0.0000	0.0000	0.0000	0.0000	0.0000	0.0000	0.0000											
71	135	0.1817	8	1	1	2	1	0	0	0	0	N	N	Y	N	N	N	N	N	N	N	N	N	0.0000	0.0000	0.0000	0.0000	0.0000	0.0000	0.0000	0.0000	0.0000	0.0000	0.0000	0.0000	0.0000	0.0000	0.0000	0.0000	0.0000	0.0000	0.0000	0.0000	2.0000	2.0025	1.0000	0.9943	0.0000	0.0000	0.0000	0.0000	0.0000	0.0000	0.0000	0.0000	0.0000	0.0000	0.0000	0.0000	0.0000	0.0000	0.0000	0.0000	0.0000	0.0000	0.1866	0.1701	0.0165	0.1389	0.1287	0.0102	0.0477	0.0414	0.0063	0.0140	0.0055	0.0086	0.0008	0.0007	0.0000	0.0133	0.0047	0.0085	0.0000	0.0000	0.0000	0.0000	0.0000	0.0000	0.0000	0.0000	0.0000	0.0000	0.0000	0.0000	0.0000	0.0000	0.0000	0.0000	0.0000	0.0000											
71	136	0.1817	7	1	1	1	1	0	0	0	0	N	N	N	N	N	N	N	N	N	N	N	N	0.0000	0.0000	0.0000	0.0000	0.0000	0.0000	0.0000	0.0000	0.0000	0.0000	0.0000	0.0000	0.0000	0.0000	0.0000	0.0000	0.0000	0.0000	0.0000	0.0000	2.0000	0.0050	1.0000	0.0173	0.0000	0.0000	0.0000	0.0000	0.0000	0.0000	0.0000	0.0000	0.0000	0.0000	0.0000	0.0000	0.0000	0.0000	0.0000	0.0000	0.0000	0.0000	0.0011	0.0011	0.0001	0.0010	0.0010	0.0001	0.0001	0.0001	0.0000	0.0009	0.0008	0.0001	0.0004	0.0004	0.0000	0.0005	0.0004	0.0001	0.0000	0.0000	0.0000	0.0000	0.0000	0.0000	0.0000	0.0000	0.0000	0.0000	0.0000	0.0000	0.0000	0.0000	0.0000	0.0000	0.0000	0.0000											
71	137	0.1721	6	1	1	1	1	0	0	0	0	N	N	N	N	N	N	N	N	N	N	N	N	0.0000	0.0000	0.0000	0.0000	0.0000	0.0000	0.0000	0.0000	0.0000	0.0000	0.0000	0.0000	0.0000	0.0000	0.0000	0.0000	0.0000	0.0000	0.0000	0.0000	2.0000	1.9972	1.0000	1.0076	0.0000	0.0000	0.0000	0.0000	0.0000	0.0000	0.0000	0.0000	0.0000	0.0000	0.0000	0.0000	0.0000	0.0000	0.0000	0.0000	0.0000	0.0000	0.1713	0.1562	0.0151	0.1221	0.1134	0.0087	0.0491	0.0427	0.0064	0.0138	0.0049	0.0089	0.0004	0.0003	0.0000	0.0134	0.0045	0.0089	0.0000	0.0000	0.0000	0.0000	0.0000	0.0000	0.0000	0.0000	0.0000	0.0000	0.0000	0.0000	0.0000	0.0000	0.0000	0.0000	0.0000	0.0000											
71	138	0.1548	5	2	2	1	0	0	0	0	0	Y	Y	N	N	N	N	N	N	N	N	N	N	0.0000	0.0000	0.0000	0.0000	0.0000	0.0000	0.0000	0.0000	0.0000	0.0000	0.0000	0.0000	0.0000	0.0000	0.0000	0.0000	0.0000	0.0000	0.0000	0.0000	2.0000	0.0002	1.0000	2.3255	0.0000	0.0000	0.0000	0.0000	0.0000	0.0000	0.0000	0.0000	0.0000	0.0000	0.0000	0.0000	0.0000	0.0000	0.0000	0.0000	0.0000	0.0000	0.0000	0.0000	0.0000	0.0000	0.0000	0.0000	0.0000	0.0000	0.0000	0.0155	0.0079	0.0076	0.0026	0.0025	0.0002	0.0128	0.0054	0.0074	0.0000	0.0000	0.0000	0.0000	0.0000	0.0000	0.0000	0.0000	0.0000	0.0000	0.0000	0.0000	0.0000	0.0000	0.0000	0.0000	0.0000	0.0000											
71	139	0.1369	4	2	2	1	0	0	0	0	0	Y	Y	N	N	N	N	N	N	N	N	N	N	inf	inf	inf	inf	0.0142	0.0156	0.0000	0.0273	0.0290	0.0000	0.0000	0.0000	0.0000	0.0000	0.0000	0.0000	0.0000	0.0000	0.0000	0.0000	0.0000	0.0000	0.0000	-0.0007	0.0000	2.0000	2.0138	1.0000	2.7349	0.0025	0.0025	0.0000	0.0025	0.0025	0.0000	0.0000	0.0000	0.0000	0.0000	0.0000	0.0000	0.0000	0.0000	0.0000	0.0000	0.0000	0.0000	0.1772	0.1615	0.0157	0.0923	0.0869	0.0054	0.0850	0.0747	0.0103	0.0484	0.0263	0.0220	0.0138	0.0132	0.0006	0.0346	0.0132	0.0214	inf	inf	0.0000	inf	inf	0.0000	0.0000	0.0000	0.0000	0.0000	0.0000	0.0000	0.0000	0.0000	0.0000	0.0000	0.0000	0.0000						
71	140	0.1535	5	1	2	1	0	0	0	0	0	N	Y	N	N	N	N	N	N	N	N	N	N	inf	inf	inf	inf	inf	inf	0.0076	0.0086	0.0000	0.0001	0.0001	0.0000	0.0222	0.0247	0.0000	0.0000	0.0000	0.0000	0.0000	0.0000	0.0000	0.0000	0.0000	0.0000	0.0000	-0.0005	0.0000	2.0000	1.9232	1.0000	1.1116	0.0018	0.0018	0.0000	0.0000	0.0000	0.0000	0.0018	0.0018	0.0000	0.0000	0.0000	0.0000	0.0000	0.0000	0.0000	0.0000	0.0000	0.0000	0.2413	0.2148	0.0265	0.1595	0.1410	0.0184	0.0818	0.0738	0.0081	0.0194	0.0087	0.0107	0.0023	0.0022	0.0002	0.0170	0.0065	0.0105	inf	inf	0.0000	inf	inf	0.0000	inf	inf	0.0000	0.0000	0.0000	0.0000	0.0000	0.0000	0.0000	0.0000	0.0000	0.0000				
71	141	0.6619	7	1	2	1	0	0	0	0	0	N	Y	N	N	N	N	N	N	N	N	N	N	0.0000	0.0000	0.0000	0.0000	0.0000	0.0000	0.0000	0.0000	0.0000	0.0000	0.0000	0.0000	0.0000	0.0000	0.0000	0.0000	0.0000	0.0000	0.0000	0.0000	2.0000	3.0000	1.0000	1.0000	0.0000	0.0000	0.0000	0.0000	0.0000	0.0000	0.0000	0.0000	0.0000	0.0000	0.0000	0.0000	0.0000	0.0000	0.0000	0.0000	0.0000	0.0000	0.4531	0.4159	0.0372	0.3554	0.3322	0.0231	0.0977	0.0837	0.0140	0.0225	0.0130	0.0095	0.0130	0.0111	0.0019	0.0095	0.0019	0.0076	0.0000	0.0000	0.0000	0.0000	0.0000	0.0000	0.0000	0.0000	0.0000	0.0000	0.0000	0.0000	0.0000	0.0000	0.0000	0.0000	0.0000	0.0000											
71	142	0.6427	6	1	1	1	0	0	0	0	0	N	N	N	N	N	N	N	N	N	N	N	N	0.0000	0.0000	0.0000	0.0000	0.0000	0.0000	0.0000	0.0000	0.0000	0.0000	0.0000	0.0000	0.0000	0.0000	0.0000	0.0000	0.0000	0.0000	0.0000	0.0000	2.0000	1.0000	1.0000	1.0000	0.0000	0.0000	0.0000	0.0000	0.0000	0.0000	0.0000	0.0000	0.0000	0.0000	0.0000	0.0000	0.0000	0.0000	0.0000	0.0000	0.0000	0.0000	0.1539	0.1416	0.0123	0.1202	0.1128	0.0074	0.0337	0.0288	0.0049	0.0116	0.0067	0.0049	0.0067	0.0057	0.0010	0.0049	0.0010	0.0039	0.0000	0.0000	0.0000	0.0000	0.0000	0.0000	0.0000	0.0000	0.0000	0.0000	0.0000	0.0000	0.0000	0.0000	0.0000	0.0000	0.0000	0.0000											
71	143	0.3923	5	1	1	1	0	0	0	0	0	N	N	N	N	N	N	N	N	N	N	N	N	45.0962	27.9013	0.2390	0.2223	inf	inf	1.4640	1.6287	0.0000	0.0049	0.0054	0.0000	4.9614	5.7040	0.0000	0.0325	0.0584	0.0000	0.0206	0.0243	0.0000	0.0000	0.0000	0.0000	0.0000	0.0000	-0.2598	-0.0002	2.0000	7.1211	1.0000	10.9474	0.9983	0.9983	0.0000	0.0024	0.0024	0.0000	0.9960	0.9960	0.0000	0.0004	0.0004	0.0000	0.0004	0.0004	0.0000	0.0000	0.0000	0.0000	0.6819	0.6130	0.0689	0.4812	0.4384	0.0428	0.2007	0.1746	0.0261	0.1469	0.0924	0.0545	0.0762	0.0653	0.0109	0.0708	0.0272	0.0436	597.4463	418.0961	0.0000	1.0420	0.9801	0.0000	inf	inf	0.0000	0.0025	0.0039	0.0000	0.0047	0.0055	0.0000	0.0000	0.0000	0.0000			
71	144	0.1975	4	1	1	1	0	0	0	0	0	N	N	N	N	N	N	N	N	N	N	N	N	0.2210	0.0596	21.8076	1.0452	0.0441	45.5005	0.0062	0.0065	0.0026	0.0000	0.0000	0.0000	0.0181	0.0199	0.0055	0.0278	0.1093	0.0001	0.0000	0.0000	0.0000	0.0173	0.4516	0.0001	0.0407	0.0286	-0.0009	-0.0002	2.0000	8.5175	1.0000	23.1696	0.0041	0.0039	0.0002	0.0000	0.0000	0.0000	0.0041	0.0039	0.0002	0.0004	0.0003	0.0000	0.0000	0.0000	0.0000	0.0004	0.0003	0.0000	0.6649	0.6032	0.0617	0.4384	0.4056	0.0328	0.2264	0.1975	0.0289	0.1610	0.0769	0.0841	0.0283	0.0264	0.0019	0.1327	0.0505	0.0822	2.7515	1.4318	21.8076	0.0000	0.0000	0.0000	6.6578	2.8705	45.5005	0.0022	0.0046	0.0001	0.0000	0.0000	0.0000	0.0027	0.0069	0.0001			
71	145	0.1721	7	2	2	1	0	0	0	0	0	Y	Y	N	N	N	N	N	N	N	N	N	N	0.0000	0.0000	0.0000	0.0000	0.0000	0.0000	0.0000	0.0000	0.0000	0.0000	0.0000	0.0000	0.0000	0.0000	0.0000	0.0000	0.0000	0.0000	0.0000	0.0000	2.0000	1.0000	1.0000	1.0000	0.0000	0.0000	0.0000	0.0000	0.0000	0.0000	0.0000	0.0000	0.0000	0.0000	0.0000	0.0000	0.0000	0.0000	0.0000	0.0000	0.0000	0.0000	0.0885	0.0808	0.0078	0.0637	0.0592	0.0045	0.0249	0.0216	0.0033	0.0093	0.0033	0.0060	0.0003	0.0002	0.0000	0.0090	0.0030	0.0060	0.0000	0.0000	0.0000	0.0000	0.0000	0.0000	0.0000	0.0000	0.0000	0.0000	0.0000	0.0000	0.0000	0.0000	0.0000	0.0000	0.0000	0.0000											
71	146	0.1721	6	1	2	1	0	0	0	0	0	N	Y	N	N	N	N	N	N	N	N	N	N	0.0000	0.0000	0.0000	0.0000	0.0000	0.0000	0.0000	0.0000	0.0000	0.0000	0.0000	0.0000	0.0000	0.0000	0.0000	0.0000	0.0000	0.0000	0.0000	0.0000	2.0000	0.0003	1.0000	0.0000	0.0000	0.0000	0.0000	0.0000	0.0000	0.0000	0.0000	0.0000	0.0000	0.0000	0.0000	0.0000	0.0000	0.0000	0.0000	0.0000	0.0000	0.0000	0.0001	0.0001	0.0000	0.0001	0.0001	0.0000	0.0000	0.0000	0.0000	0.0000	0.0000	0.0000	0.0000	0.0000	0.0000	0.0000	0.0000	0.0000	0.0000	0.0000	0.0000	0.0000	0.0000	0.0000	0.0000	0.0000	0.0000	0.0000	0.0000	0.0000	0.0000	0.0000	0.0000	0.0000	0.0000	0.0000											
71	147	0.1535	5	1	1	1	0	0	0	0	0	N	N	N	N	N	N	N	N	N	N	N	N	inf	inf	inf	inf	inf	inf	0.0044	0.0049	0.0000	0.0001	0.0001	0.0000	0.0116	0.0131	0.0000	0.0000	0.0000	0.0000	0.0000	0.0000	0.0000	0.0000	0.0000	0.0000	0.0000	-0.0005	0.0000	2.0000	4.9449	1.0000	1.0063	0.0018	0.0018	0.0000	0.0000	0.0000	0.0000	0.0018	0.0018	0.0000	0.0000	0.0000	0.0000	0.0000	0.0000	0.0000	0.0000	0.0000	0.0000	0.4154	0.3720	0.0434	0.2582	0.2327	0.0255	0.1572	0.1393	0.0179	0.0336	0.0141	0.0194	0.0027	0.0025	0.0002	0.0309	0.0116	0.0192	inf	inf	0.0000	inf	inf	0.0000	inf	inf	0.0000	0.0000	0.0000	0.0000	0.0000	0.0000	0.0000	0.0000	0.0000	0.0000				
71	148	0.1369	4	1	1	1	0	0	0	0	0	N	N	N	N	N	N	N	N	N	N	N	N	inf	inf	inf	inf	inf	inf	inf	inf	inf	3.7588	4.1364	0.0004	0.0002	0.0002	0.0000	7.8038	8.8694	0.0007	0.0000	0.0000	0.0000	0.0000	0.0000	0.0000	0.0000	0.0000	0.0000	0.0000	-0.2591	0.0000	2.0000	3.4778	1.0000	1.2917	0.9957	0.9956	0.0000	0.0000	0.0000	0.0000	0.9956	0.9956	0.0000	0.0000	0.0000	0.0000	0.0000	0.0000	0.0000	0.0000	0.0000	0.0000	0.2649	0.2407	0.0242	0.1373	0.1285	0.0089	0.1276	0.1123	0.0153	0.0485	0.0264	0.0221	0.0138	0.0132	0.0006	0.0347	0.0132	0.0215	inf	inf	inf	inf	inf	inf	inf	inf	inf	0.0000	0.0000	0.0000	0.0000	0.0000	0.0000	0.0000	0.0000	0.0000	
71	149	0.0866	3	1	1	1	0	0	0	0	0	N	N	N	N	N	N	N	N	N	N	N	N	inf	inf	inf	inf	inf	inf	0.0042	0.0046	0.0002	0.0000	0.0000	0.0000	0.0120	0.0137	0.0004	0.0000	0.0000	0.0000	0.0000	0.0000	0.0000	0.0000	0.0000	0.0000	0.0040	-0.0006	0.0000	2.0000	7.8050	1.0000	4.0035	0.0025	0.0025	0.0000	0.0000	0.0000	0.0000	0.0025	0.0025	0.0000	0.0000	0.0000	0.0000	0.0000	0.0000	0.0000	0.0000	0.0000	0.0000	0.5972	0.5459	0.0513	0.3874	0.3626	0.0247	0.2098	0.1833	0.0265	0.0614	0.0241	0.0373	0.0013	0.0011	0.0001	0.0601	0.0229	0.0372	inf	inf	inf	0.0000	0.0000	0.0000	inf	inf	inf	0.0000	0.0000	0.0000	0.0000	0.0000	0.0000	0.0000	0.0000	0.0000				
71	150	0.2139	5	1	1	1	0	0	0	0	0	N	N	N	N	N	N	N	N	N	N	N	N	0.2237	0.1300	0.0865	0.1041	0.0001	0.0001	0.0000	0.0001	0.0001	0.0000	0.0000	0.0000	0.0000	0.0003	0.0005	0.0000	0.0009	0.0008	0.0000	0.0000	0.0000	0.0000	0.0000	0.0000	-0.0000	-0.0000	2.0000	3.7255	1.0000	14.1767	0.0000	0.0000	0.0000	0.0000	0.0000	0.0000	0.0000	0.0000	0.0000	0.0000	0.0000	0.0000	0.0000	0.0000	0.0000	0.0000	0.0000	0.0000	0.3545	0.3225	0.0321	0.2464	0.2290	0.0174	0.1082	0.0935	0.0147	0.1093	0.0608	0.0485	0.0266	0.0252	0.0014	0.0827	0.0357	0.0471	0.6166	0.3773	0.0000	0.2158	0.2199	0.0000	0.0000	0.0000	0.0000	0.0001	0.0002	0.0000	0.0004	0.0004	0.0000	0.0000	0.0000	0.0000					
71	151	0.1975	4	1	1	1	0	0	0	0	0	N	N	N	N	N	N	N	N	N	N	N	N	0.4217	0.0000	inf	1.8209	0.0000	inf	0.0001	0.0000	0.0015	0.0000	0.0000	0.0000	0.0004	0.0000	0.0031	0.0003	0.0006	0.0000	0.0000	0.0000	0.0000	0.0002	0.0092	0.0000	inf	0.0000	0.0000	-0.0000	2.0000	1.4205	1.0000	4.0377	0.0000	0.0000	0.0000	0.0000	0.0000	0.0000	0.0000	0.0000	0.0000	0.0000	0.0000	0.0000	0.0000	0.0000	0.0000	0.0000	0.0000	0.0000	0.1469	0.1334	0.0135	0.1015	0.0945	0.0070	0.0453	0.0389	0.0065	0.0744	0.0438	0.0305	0.0260	0.0252	0.0007	0.0484	0.0186	0.0298	1.0129	0.0000	inf	0.0000	0.0000	0.0000	2.1360	0.0000	inf	0.0001	0.0002	0.0000	0.0000	0.0000	0.0000	0.0002	0.0005	0.0000			
71	152	0.0866	3	1	1	1	0	0	0	0	0	N	N	N	N	N	N	N	N	N	N	N	N	0.0000	0.0000	0.0000	0.0000	0.0000	0.0000	0.0000	0.0000	0.0000	0.0000	0.0000	0.0000	0.0000	0.0000	0.0000	0.0000	0.0000	0.0000	0.0000	0.0000	2.0000	6.4701	1.0000	12.4371	0.0000	0.0000	0.0000	0.0000	0.0000	0.0000	0.0000	0.0000	0.0000	0.0000	0.0000	0.0000	0.0000	0.0000	0.0000	0.0000	0.0000	0.0000	0.5134	0.4696	0.0438	0.3369	0.3155	0.0214	0.1765	0.1541	0.0224	0.0912	0.0361	0.0551	0.0019	0.0018	0.0002	0.0893	0.0343	0.0549	0.0000	0.0000	0.0000	0.0000	0.0000	0.0000	0.0000	0.0000	0.0000	0.0000	0.0000	0.0000	0.0000	0.0000	0.0000	0.0000	0.0000	0.0000											
72	73	0.6395	6	2	1	1	0	0	0	0	0	Y	N	N	N	N	N	N	N	N	N	N	N	0.0000	0.0000	0.0000	0.0000	0.0000	0.0000	0.0000	0.0000	0.0000	0.0000	0.0000	0.0000	0.0000	0.0000	0.0000	0.0000	0.0000	0.0000	0.0000	0.0000	1.0017	0.0000	2.0007	0.0000	0.0000	0.0000	0.0000	0.0000	0.0000	0.0000	0.0000	0.0000	0.0000	0.0000	0.0000	0.0000	0.0000	0.0000	0.0000	0.0000	0.0000	0.0000	0.0000	0.0000	0.0000	0.0000	0.0000	0.0000	0.0000	0.0000	0.0000	0.0000	0.0000	0.0000	0.0000	0.0000	0.0000	0.0000	0.0000	0.0000	0.0000	0.0000	0.0000	0.0000	0.0000	0.0000	0.0000	0.0000	0.0000	0.0000	0.0000	0.0000	0.0000	0.0000	0.0000	0.0000	0.0000	0.0000											
72	74	0.1324	4	2	1	1	0	0	0	0	0	Y	N	N	N	N	N	N	N	N	N	N	N	0.0000	0.0000	0.0000	0.0000	0.0000	0.0000	0.0000	0.0000	0.0000	0.0000	0.0000	0.0000	0.0000	0.0000	0.0000	0.0000	0.0000	0.0000	0.0000	0.0000	1.0017	0.0000	2.0007	0.0010	0.0000	0.0000	0.0000	0.0000	0.0000	0.0000	0.0000	0.0000	0.0000	0.0000	0.0000	0.0000	0.0000	0.0000	0.0000	0.0000	0.0000	0.0000	0.0000	0.0000	0.0000	0.0000	0.0000	0.0000	0.0000	0.0000	0.0000	0.0024	0.0019	0.0005	0.0012	0.0012	0.0000	0.0012	0.0007	0.0005	0.0000	0.0000	0.0000	0.0000	0.0000	0.0000	0.0000	0.0000	0.0000	0.0000	0.0000	0.0000	0.0000	0.0000	0.0000	0.0000	0.0000	0.0000											
72	75	0.1216	6	1	1	1	1	0	0	0	0	N	N	N	N	N	N	N	N	N	N	N	N	0.0000	0.0000	0.0000	0.0000	0.0000	0.0000	0.0000	0.0000	0.0000	0.0000	0.0000	0.0000	0.0000	0.0000	0.0000	0.0000	0.0000	0.0000	0.0000	0.0000	1.0017	0.0000	2.0007	0.0000	0.0000	0.0000	0.0000	0.0000	0.0000	0.0000	0.0000	0.0000	0.0000	0.0000	0.0000	0.0000	0.0000	0.0000	0.0000	0.0000	0.0000	0.0000	0.0000	0.0000	0.0000	0.0000	0.0000	0.0000	0.0000	0.0000	0.0000	0.0000	0.0000	0.0000	0.0000	0.0000	0.0000	0.0000	0.0000	0.0000	0.0000	0.0000	0.0000	0.0000	0.0000	0.0000	0.0000	0.0000	0.0000	0.0000	0.0000	0.0000	0.0000	0.0000	0.0000	0.0000	0.0000	0.0000											
72	76	0.1216	6	1	0	1	1	0	0	0	0	N	N	N	N	N	N	N	N	N	N	N	N	0.0000	0.0000	0.0000	0.0000	0.0000	0.0000	0.0000	0.0000	0.0000	0.0000	0.0000	0.0000	0.0000	0.0000	0.0000	0.0000	0.0000	0.0000	0.0000	0.0000	1.0017	0.0000	2.0007	0.0000	0.0000	0.0000	0.0000	0.0000	0.0000	0.0000	0.0000	0.0000	0.0000	0.0000	0.0000	0.0000	0.0000	0.0000	0.0000	0.0000	0.0000	0.0000	0.0000	0.0000	0.0000	0.0000	0.0000	0.0000	0.0000	0.0000	0.0000	0.0000	0.0000	0.0000	0.0000	0.0000	0.0000	0.0000	0.0000	0.0000	0.0000	0.0000	0.0000	0.0000	0.0000	0.0000	0.0000	0.0000	0.0000	0.0000	0.0000	0.0000	0.0000	0.0000	0.0000	0.0000	0.0000	0.0000											
72	77	0.1062	5	1	0	1	1	0	0	0	0	N	N	N	N	N	N	N	N	N	N	N	N	0.0000	0.0000	0.0000	0.0000	0.0000	0.0000	0.0000	0.0000	0.0000	0.0000	0.0000	0.0000	0.0000	0.0000	0.0000	0.0000	0.0000	0.0000	0.0000	0.0000	1.0017	0.0002	2.0007	2.9297	0.0000	0.0000	0.0000	0.0000	0.0000	0.0000	0.0000	0.0000	0.0000	0.0000	0.0000	0.0000	0.0000	0.0000	0.0000	0.0000	0.0000	0.0000	0.0000	0.0000	0.0000	0.0000	0.0000	0.0000	0.0000	0.0000	0.0000	0.0353	0.0221	0.0132	0.0106	0.0105	0.0001	0.0247	0.0116	0.0131	0.0000	0.0000	0.0000	0.0000	0.0000	0.0000	0.0000	0.0000	0.0000	0.0000	0.0000	0.0000	0.0000	0.0000	0.0000	0.0000	0.0000	0.0000											
72	78	0.1022	4	1	0	1	1	0	0	0	0	N	N	N	N	N	N	N	N	N	N	N	N	0.0000	0.0000	0.0000	0.0000	0.0000	0.0000	0.0000	0.0000	0.0000	0.0000	0.0000	0.0000	0.0000	0.0000	0.0000	0.0000	0.0000	0.0000	0.0000	-0.0000	1.0017	0.0003	2.0007	2.1916	0.0000	0.0000	0.0000	0.0000	0.0000	0.0000	0.0000	0.0000	0.0000	0.0000	0.0000	0.0000	0.0000	0.0000	0.0000	0.0000	0.0000	0.0000	0.0000	0.0000	0.0000	0.0000	0.0000	0.0000	0.0000	0.0000	0.0000	0.0165	0.0079	0.0087	0.0028	0.0028	0.0000	0.0137	0.0051	0.0087	0.0000	0.0000	0.0000	0.0000	0.0000	0.0000	0.0000	0.0000	0.0000	0.0000	0.0000	0.0000	0.0000	0.0000	0.0000	0.0000	0.0000	0.0000											
72	79	0.0944	3	1	0	1	0	0	0	0	0	N	N	N	N	N	N	N	N	N	N	N	N	0.0000	0.0000	0.0000	0.0000	0.0000	0.0000	0.0000	0.0000	0.0000	0.0000	0.0000	0.0000	0.0000	0.0000	0.0000	0.0000	0.0000	0.0000	0.0000	0.0000	1.0017	0.2782	2.0007	1.3600	0.0000	0.0000	0.0000	0.0000	0.0000	0.0000	0.0000	0.0000	0.0000	0.0000	0.0000	0.0000	0.0000	0.0000	0.0000	0.0000	0.0000	0.0000	0.0163	0.0147	0.0016	0.0114	0.0105	0.0010	0.0049	0.0042	0.0007	0.0113	0.0057	0.0056	0.0015	0.0015	0.0000	0.0098	0.0042	0.0056	0.0000	0.0000	0.0000	0.0000	0.0000	0.0000	0.0000	0.0000	0.0000	0.0000	0.0000	0.0000	0.0000	0.0000	0.0000	0.0000	0.0000	0.0000											
72	80	0.0555	3	1	1	2	0	0	0	0	0	N	N	Y	N	N	N	N	N	N	N	N	N	inf	inf	inf	inf	inf	inf	0.0035	0.0039	0.0000	0.0109	0.0114	0.0000	0.0000	0.0000	0.0000	0.0000	0.0000	0.0000	0.0000	0.0000	0.0000	0.0000	0.0000	0.0000	0.0000	-0.0000	0.0000	1.0017	0.0029	2.0007	2.0135	0.0000	0.0000	0.0000	0.0000	0.0000	0.0000	0.0000	0.0000	0.0000	0.0000	0.0000	0.0000	0.0000	0.0000	0.0000	0.0000	0.0000	0.0000	0.0002	0.0002	0.0000	0.0001	0.0001	0.0000	0.0001	0.0001	0.0000	0.0164	0.0077	0.0087	0.0004	0.0004	0.0000	0.0160	0.0073	0.0087	inf	inf	0.0000	inf	inf	0.0000	inf	inf	0.0000	0.0000	0.0000	0.0000	0.0000	0.0000	0.0000	0.0000	0.0000	0.0000				
72	81	0.0489	2	1	1	1	0	0	0	0	0	N	N	N	N	N	N	N	N	N	N	N	N	0.1615	0.0855	inf	0.0152	0.0174	inf	inf	inf	0.0007	0.0007	0.0000	0.0018	0.0019	0.0003	0.0000	0.0000	0.0000	0.0042	0.0084	0.0000	0.1203	0.1073	0.0000	0.0000	0.0000	0.0000	0.0037	0.0000	-0.0000	-0.0000	1.0017	0.6188	2.0007	0.9475	0.0000	0.0000	0.0000	0.0000	0.0000	0.0000	0.0000	0.0000	0.0000	0.0000	0.0000	0.0000	0.0000	0.0000	0.0000	0.0000	0.0000	0.0000	0.0662	0.0618	0.0044	0.0242	0.0237	0.0005	0.0420	0.0381	0.0039	0.0142	0.0067	0.0075	0.0009	0.0009	0.0000	0.0133	0.0058	0.0075	0.9575	0.4799	inf	0.1683	0.1665	inf	inf	inf	0.0000	0.0007	0.0015	0.0000	0.0109	0.0112	0.0000	0.0000	0.0000	0.0000	
72	82	0.6427	6	1	1	2	0	0	0	0	0	N	N	Y	N	N	N	N	N	N	N	N	N	0.0000	0.0000	0.0000	0.0000	0.0000	0.0000	0.0000	0.0000	0.0000	0.0000	0.0000	0.0000	0.0000	0.0000	0.0000	0.0000	0.0000	0.0000	0.0000	0.0000	1.0017	0.0000	2.0007	1.0000	0.0000	0.0000	0.0000	0.0000	0.0000	0.0000	0.0000	0.0000	0.0000	0.0000	0.0000	0.0000	0.0000	0.0000	0.0000	0.0000	0.0000	0.0000	0.0000	0.0000	0.0000	0.0000	0.0000	0.0000	0.0000	0.0000	0.0000	0.0042	0.0026	0.0016	0.0024	0.0020	0.0003	0.0019	0.0006	0.0013	0.0000	0.0000	0.0000	0.0000	0.0000	0.0000	0.0000	0.0000	0.0000	0.0000	0.0000	0.0000	0.0000	0.0000	0.0000	0.0000	0.0000	0.0000											
72	84	0.6203	5	2	0	2	0	0	0	0	0	Y	N	Y	N	N	N	N	N	N	N	N	N	0.0000	0.0000	0.0000	0.0000	0.0000	0.0000	0.0000	0.0000	0.0000	0.0000	0.0000	0.0000	0.0000	0.0000	0.0000	0.0000	0.0000	0.0000	0.0000	0.0000	1.0017	4.0000	2.0007	0.0000	0.0000	0.0000	0.0000	0.0000	0.0000	0.0000	0.0000	0.0000	0.0000	0.0000	0.0000	0.0000	0.0000	0.0000	0.0000	0.0000	0.0000	0.0000	0.0937	0.0863	0.0075	0.0725	0.0681	0.0044	0.0213	0.0182	0.0031	0.0079	0.0044	0.0035	0.0039	0.0034	0.0006	0.0040	0.0011	0.0029	0.0000	0.0000	0.0000	0.0000	0.0000	0.0000	0.0000	0.0000	0.0000	0.0000	0.0000	0.0000	0.0000	0.0000	0.0000	0.0000	0.0000	0.0000											
72	85	0.6664	6	2	1	1	0	0	0	0	0	Y	N	N	N	N	N	N	N	N	N	N	N	0.0057	1.1495	0.0009	0.1565	1.8063	7.6950	0.0000	0.0000	0.0000	0.0000	0.0000	0.0000	0.0000	0.0000	0.0000	0.0000	0.0000	0.0000	0.0001	0.0000	0.0000	0.0000	0.0000	0.0000	inf	inf	0.0000	0.0000	1.0017	1.0086	2.0007	1.7435	0.0000	0.0000	0.0000	0.0000	0.0000	0.0000	0.0000	0.0000	0.0000	0.0000	0.0000	0.0000	0.0000	0.0000	0.0000	0.0000	0.0000	0.0000	0.0358	0.0326	0.0032	0.0231	0.0218	0.0013	0.0127	0.0108	0.0019	0.0151	0.0102	0.0049	0.0089	0.0080	0.0009	0.0062	0.0023	0.0040	0.3180	0.0000	1.1495	0.0854	0.0000	0.1565	1.8063	0.0000	7.6950	0.0000	0.0000	0.0000	0.0000	0.0000	0.0000	0.0000	0.0000	0.0000			
72	86	0.6203	5	2	1	1	0	0	0	0	0	Y	N	N	N	N	N	N	N	N	N	N	N	0.0066	0.0034	0.0032	0.0038	0.0000	0.0000	0.0000	0.0000	0.0000	0.0000	0.0000	0.0000	0.0000	0.0001	0.0001	0.0000	0.0001	0.0001	0.0000	0.0000	0.0000	0.0000	0.0000	0.0000	-0.0000	-0.0000	1.0017	1.0165	2.0007	4.1395	0.0000	0.0000	0.0000	0.0000	0.0000	0.0000	0.0000	0.0000	0.0000	0.0000	0.0000	0.0000	0.0000	0.0000	0.0000	0.0000	0.0000	0.0000	0.0260	0.0240	0.0021	0.0205	0.0192	0.0012	0.0056	0.0047	0.0008	0.0101	0.0057	0.0045	0.0050	0.0043	0.0007	0.0051	0.0014	0.0037	0.2924	0.1776	0.0000	0.1843	0.1676	0.0000	0.0000	0.0000	0.0000	0.0000	0.0000	0.0000	0.0000	0.0000	0.0000	0.0000	0.0000	0.0000					
72	87	0.0642	2	2	1	1	0	0	0	0	0	Y	N	N	N	N	N	N	N	N	N	N	N	inf	inf	inf	inf	inf	inf	inf	inf	0.0062	0.0009	0.0543	0.0036	0.0018	0.0303	0.0087	0.0000	0.0649	0.0000	0.0000	0.0000	0.0000	0.0000	0.0000	0.0000	0.0000	0.0000	6.6364	0.0010	0.0000	1.0017	9.0005	2.0007	5.0000	0.0017	0.0002	0.0015	0.0005	0.0002	0.0003	0.0012	0.0000	0.0012	0.0000	0.0000	0.0000	0.0000	0.0000	0.0000	0.0000	0.0000	0.0000	0.2694	0.2425	0.0269	0.1307	0.1225	0.0082	0.1387	0.1200	0.0186	0.0704	0.0294	0.0409	0.0006	0.0006	0.0000	0.0698	0.0288	0.0409	inf	inf	inf	inf	inf	inf	inf	0.0000	inf	0.0000	0.0000	0.0000	0.0000	0.0000	0.0000	0.0000	0.0000	0.0000		
72	88	0.6427	6	1	1	1	0	0	0	0	0	N	N	N	N	N	N	N	N	N	N	N	N	0.0000	0.0000	0.0000	0.0000	0.0000	0.0000	0.0000	0.0000	0.0000	0.0000	0.0000	0.0000	0.0000	0.0000	0.0000	0.0000	0.0000	0.0000	0.0000	0.0000	1.0017	0.0000	2.0007	0.0000	0.0000	0.0000	0.0000	0.0000	0.0000	0.0000	0.0000	0.0000	0.0000	0.0000	0.0000	0.0000	0.0000	0.0000	0.0000	0.0000	0.0000	0.0000	0.0000	0.0000	0.0000	0.0000	0.0000	0.0000	0.0000	0.0000	0.0000	0.0000	0.0000	0.0000	0.0000	0.0000	0.0000	0.0000	0.0000	0.0000	0.0000	0.0000	0.0000	0.0000	0.0000	0.0000	0.0000	0.0000	0.0000	0.0000	0.0000	0.0000	0.0000	0.0000	0.0000	0.0000	0.0000	0.0000											
72	89	0.0489	2	1	1	1	0	0	0	0	0	N	N	N	N	N	N	N	N	N	N	N	N	0.0000	0.0000	0.0000	0.0000	0.0000	0.0000	0.0000	0.0000	0.0000	0.0000	0.0000	0.0000	0.0000	0.0000	0.0000	0.0000	0.0000	0.0000	0.0000	0.0000	1.0017	1.9953	2.0007	1.0817	0.0000	0.0000	0.0000	0.0000	0.0000	0.0000	0.0000	0.0000	0.0000	0.0000	0.0000	0.0000	0.0000	0.0000	0.0000	0.0000	0.0000	0.0000	0.1119	0.1013	0.0106	0.0282	0.0268	0.0014	0.0837	0.0745	0.0092	0.0259	0.0121	0.0138	0.0011	0.0010	0.0001	0.0248	0.0110	0.0137	0.0000	0.0000	0.0000	0.0000	0.0000	0.0000	0.0000	0.0000	0.0000	0.0000	0.0000	0.0000	0.0000	0.0000	0.0000	0.0000	0.0000	0.0000											
72	91	0.1265	4	1	0	2	0	0	0	0	0	N	N	Y	N	N	N	N	N	N	N	N	N	0.0000	0.0000	0.0000	0.0000	0.0000	0.0000	0.0000	0.0000	0.0000	0.0000	0.0000	0.0000	0.0000	0.0000	0.0000	0.0000	0.0000	0.0000	0.0000	0.0000	1.0017	0.0000	2.0007	0.0000	0.0000	0.0000	0.0000	0.0000	0.0000	0.0000	0.0000	0.0000	0.0000	0.0000	0.0000	0.0000	0.0000	0.0000	0.0000	0.0000	0.0000	0.0000	0.0000	0.0000	0.0000	0.0000	0.0000	0.0000	0.0000	0.0000	0.0000	0.0000	0.0000	0.0000	0.0000	0.0000	0.0000	0.0000	0.0000	0.0000	0.0000	0.0000	0.0000	0.0000	0.0000	0.0000	0.0000	0.0000	0.0000	0.0000	0.0000	0.0000	0.0000	0.0000	0.0000	0.0000	0.0000	0.0000											
72	92	0.0944	3	1	0	2	0	0	0	0	0	N	N	Y	N	N	N	N	N	N	N	N	N	inf	inf	inf	inf	inf	inf	0.0112	0.0000	0.1134	0.0037	0.0000	0.0565	0.0195	0.0000	0.1432	0.0000	0.0000	0.0000	0.0000	0.0000	0.0000	0.0000	0.0000	0.0000	inf	0.0011	0.0000	1.0017	3.7221	2.0007	2.9993	0.0015	0.0000	0.0015	0.0003	0.0000	0.0003	0.0012	0.0000	0.0012	0.0000	0.0000	0.0000	0.0000	0.0000	0.0000	0.0000	0.0000	0.0000	0.1306	0.1177	0.0129	0.0685	0.0641	0.0044	0.0621	0.0537	0.0084	0.0370	0.0175	0.0194	0.0024	0.0023	0.0000	0.0346	0.0152	0.0194	inf	0.0000	inf	inf	0.0000	inf	inf	0.0000	inf	0.0000	0.0000	0.0000	0.0000	0.0000	0.0000	0.0000	0.0000	0.0000				
72	93	0.0642	2	1	0	1	0	0	0	0	0	N	N	N	N	N	N	N	N	N	N	N	N	0.0000	0.0000	0.0000	0.0000	0.0000	0.0000	0.0000	0.0000	0.0000	0.0000	0.0000	0.0000	0.0000	0.0000	0.0000	0.0000	0.0000	0.0000	0.0000	0.0000	1.0017	2.7217	2.0007	3.0458	0.0000	0.0000	0.0000	0.0000	0.0000	0.0000	0.0000	0.0000	0.0000	0.0000	0.0000	0.0000	0.0000	0.0000	0.0000	0.0000	0.0000	0.0000	0.0959	0.0866	0.0093	0.0501	0.0471	0.0030	0.0457	0.0395	0.0063	0.0316	0.0130	0.0185	0.0003	0.0002	0.0000	0.0313	0.0128	0.0185	0.0000	0.0000	0.0000	0.0000	0.0000	0.0000	0.0000	0.0000	0.0000	0.0000	0.0000	0.0000	0.0000	0.0000	0.0000	0.0000	0.0000	0.0000											
72	94	0.0392	2	2	1	1	0	0	0	0	0	Y	N	N	N	N	N	N	N	N	N	N	N	0.0924	inf	0.0000	0.0479	inf	0.0000	0.2368	inf	0.0000	0.0000	0.0000	0.0000	0.0000	0.0000	0.0000	0.0000	0.0000	0.0000	0.0000	0.0000	0.0000	0.0002	0.0000	0.0003	0.0000	0.0000	0.0000	0.0000	inf	-0.0000	0.0000	1.0017	5.9980	2.0007	4.9575	0.0000	0.0000	0.0000	0.0000	0.0000	0.0000	0.0000	0.0000	0.0000	0.0000	0.0000	0.0000	0.0000	0.0000	0.0000	0.0000	0.0000	0.0000	0.2195	0.1972	0.0223	0.0513	0.0492	0.0021	0.1682	0.1479	0.0202	0.0771	0.0364	0.0407	0.0011	0.0010	0.0000	0.0760	0.0354	0.0406	9.0009	inf	0.0000	0.9120	inf	0.0000	0.2368	inf	0.0000	0.0000	0.0000	0.0000	0.0000	0.0000	0.0003	0.0000	0.0000	0.0000
72	95	0.6427	6	2	1	1	0	0	0	0	0	Y	N	N	N	N	N	N	N	N	N	N	N	0.0000	0.0000	0.0000	0.0000	0.0000	0.0000	0.0000	0.0000	0.0000	0.0000	0.0000	0.0000	0.0000	0.0000	0.0000	0.0000	0.0000	0.0000	0.0000	0.0000	1.0017	0.0000	2.0007	2.0000	0.0000	0.0000	0.0000	0.0000	0.0000	0.0000	0.0000	0.0000	0.0000	0.0000	0.0000	0.0000	0.0000	0.0000	0.0000	0.0000	0.0000	0.0000	0.0000	0.0000	0.0000	0.0000	0.0000	0.0000	0.0000	0.0000	0.0000	0.0084	0.0052	0.0033	0.0047	0.0040	0.0006	0.0037	0.0011	0.0026	0.0000	0.0000	0.0000	0.0000	0.0000	0.0000	0.0000	0.0000	0.0000	0.0000	0.0000	0.0000	0.0000	0.0000	0.0000	0.0000	0.0000	0.0000											
72	96	0.6203	5	1	1	1	0	0	0	0	0	N	N	N	N	N	N	N	N	N	N	N	N	0.0000	0.0000	0.0000	0.0000	0.0000	0.0000	0.0000	0.0000	0.0000	0.0000	0.0000	0.0000	0.0000	0.0000	0.0000	0.0000	0.0000	0.0000	0.0000	0.0000	1.0017	4.0000	2.0007	0.0000	0.0000	0.0000	0.0000	0.0000	0.0000	0.0000	0.0000	0.0000	0.0000	0.0000	0.0000	0.0000	0.0000	0.0000	0.0000	0.0000	0.0000	0.0000	0.0937	0.0863	0.0075	0.0725	0.0681	0.0044	0.0213	0.0182	0.0031	0.0079	0.0044	0.0035	0.0039	0.0034	0.0006	0.0040	0.0011	0.0029	0.0000	0.0000	0.0000	0.0000	0.0000	0.0000	0.0000	0.0000	0.0000	0.0000	0.0000	0.0000	0.0000	0.0000	0.0000	0.0000	0.0000	0.0000											
72	97	0.0642	2	1	0	1	0	0	0	0	0	N	N	N	N	N	N	N	N	N	N	N	N	inf	inf	inf	inf	0.0016	0.0018	0.0000	0.0031	0.0034	0.0000	0.0000	0.0000	0.0000	0.0000	0.0000	0.0000	0.0000	0.0000	0.0000	0.0000	0.0000	0.0000	0.0000	-0.0001	0.0000	1.0017	3.9994	2.0007	4.0000	0.0002	0.0002	0.0000	0.0002	0.0002	0.0000	0.0000	0.0000	0.0000	0.0000	0.0000	0.0000	0.0000	0.0000	0.0000	0.0000	0.0000	0.0000	0.1360	0.1227	0.0133	0.0699	0.0657	0.0043	0.0660	0.0570	0.0090	0.0428	0.0177	0.0250	0.0004	0.0003	0.0000	0.0424	0.0174	0.0250	inf	inf	0.0000	inf	inf	0.0000	0.0000	0.0000	0.0000	0.0000	0.0000	0.0000	0.0000	0.0000	0.0000	0.0000	0.0000	0.0000						
72	98	0.6203	5	1	0	1	0	0	0	0	0	N	N	N	N	N	N	N	N	N	N	N	N	0.0000	0.0000	0.0000	0.0000	0.0000	0.0000	0.0000	0.0000	0.0000	0.0000	0.0000	0.0000	0.0000	0.0000	0.0000	0.0000	0.0000	0.0000	0.0000	0.0000	1.0017	1.0000	2.0007	0.0000	0.0000	0.0000	0.0000	0.0000	0.0000	0.0000	0.0000	0.0000	0.0000	0.0000	0.0000	0.0000	0.0000	0.0000	0.0000	0.0000	0.0000	0.0000	0.0461	0.0424	0.0037	0.0361	0.0339	0.0022	0.0100	0.0085	0.0015	0.0037	0.0021	0.0016	0.0018	0.0016	0.0003	0.0019	0.0005	0.0014	0.0000	0.0000	0.0000	0.0000	0.0000	0.0000	0.0000	0.0000	0.0000	0.0000	0.0000	0.0000	0.0000	0.0000	0.0000	0.0000	0.0000	0.0000											
72	99	0.1752	3	1	0	1	0	0	0	0	0	N	N	N	N	N	N	N	N	N	N	N	N	0.0086	inf	1.1374	0.0023	inf	0.0188	2.4012	8.5792	0.0000	0.0000	0.0000	0.0000	0.0000	0.0000	0.0000	0.0000	0.0000	0.0000	0.0000	0.0000	0.0001	0.0000	0.0000	0.0000	0.0000	0.0000	1.5068	inf	0.0000	0.0000	1.0017	1.5982	2.0007	11.1970	0.0000	0.0000	0.0000	0.0000	0.0000	0.0000	0.0000	0.0000	0.0000	0.0000	0.0000	0.0000	0.0000	0.0000	0.0000	0.0000	0.0000	0.0000	0.0871	0.0781	0.0091	0.0490	0.0465	0.0025	0.0381	0.0315	0.0066	0.0898	0.0481	0.0417	0.0253	0.0237	0.0016	0.0645	0.0244	0.0401	0.4249	inf	1.1374	0.1148	inf	0.0188	2.4012	0.0000	8.5792	0.0000	0.0000	0.0000	0.0000	0.0000	0.0000	0.0000	0.0000	0.0000	
72	100	0.0407	3	2	1	2	0	0	0	0	0	Y	N	Y	N	N	N	N	N	N	N	N	N	0.0000	0.0000	0.0000	0.0000	0.0000	0.0000	0.0000	0.0000	0.0000	0.0000	0.0000	0.0000	0.0000	0.0000	0.0000	0.0000	0.0000	0.0000	0.0000	0.0000	1.0017	0.0000	2.0007	0.9982	0.0000	0.0000	0.0000	0.0000	0.0000	0.0000	0.0000	0.0000	0.0000	0.0000	0.0000	0.0000	0.0000	0.0000	0.0000	0.0000	0.0000	0.0000	0.0090	0.0087	0.0003	0.0065	0.0065	0.0001	0.0025	0.0023	0.0002	0.0083	0.0039	0.0044	0.0001	0.0001	0.0000	0.0082	0.0038	0.0044	0.0000	0.0000	0.0000	0.0000	0.0000	0.0000	0.0000	0.0000	0.0000	0.0000	0.0000	0.0000	0.0000	0.0000	0.0000	0.0000	0.0000	0.0000											
72	101	0.6551	8	2	1	2	0	0	0	0	0	Y	N	Y	N	N	N	N	N	N	N	N	N	0.0000	0.0000	0.0000	0.0000	0.0000	0.0000	0.0000	0.0000	0.0000	0.0000	0.0000	0.0000	0.0000	0.0000	0.0000	0.0000	0.0000	0.0000	0.0000	0.0000	1.0017	0.0000	2.0007	0.0000	0.0000	0.0000	0.0000	0.0000	0.0000	0.0000	0.0000	0.0000	0.0000	0.0000	0.0000	0.0000	0.0000	0.0000	0.0000	0.0000	0.0000	0.0000	0.0000	0.0000	0.0000	0.0000	0.0000	0.0000	0.0000	0.0000	0.0000	0.0000	0.0000	0.0000	0.0000	0.0000	0.0000	0.0000	0.0000	0.0000	0.0000	0.0000	0.0000	0.0000	0.0000	0.0000	0.0000	0.0000	0.0000	0.0000	0.0000	0.0000	0.0000	0.0000	0.0000	0.0000	0.0000	0.0000											
72	102	0.6551	7	2	0	2	0	0	0	0	0	Y	N	Y	N	N	N	N	N	N	N	N	N	0.0000	0.0000	0.0000	0.0000	0.0000	0.0000	0.0000	0.0000	0.0000	0.0000	0.0000	0.0000	0.0000	0.0000	0.0000	0.0000	0.0000	0.0000	0.0000	0.0000	1.0017	0.0000	2.0007	0.0000	0.0000	0.0000	0.0000	0.0000	0.0000	0.0000	0.0000	0.0000	0.0000	0.0000	0.0000	0.0000	0.0000	0.0000	0.0000	0.0000	0.0000	0.0000	0.0000	0.0000	0.0000	0.0000	0.0000	0.0000	0.0000	0.0000	0.0000	0.0000	0.0000	0.0000	0.0000	0.0000	0.0000	0.0000	0.0000	0.0000	0.0000	0.0000	0.0000	0.0000	0.0000	0.0000	0.0000	0.0000	0.0000	0.0000	0.0000	0.0000	0.0000	0.0000	0.0000	0.0000	0.0000	0.0000											
72	103	0.6490	6	2	0	2	0	0	0	0	0	Y	N	Y	N	N	N	N	N	N	N	N	N	0.0000	0.0000	0.0000	0.0000	0.0000	0.0000	0.0000	0.0000	0.0000	0.0000	0.0000	0.0000	0.0000	0.0000	0.0000	0.0000	0.0000	0.0000	0.0000	0.0000	1.0017	0.0000	2.0007	1.0091	0.0000	0.0000	0.0000	0.0000	0.0000	0.0000	0.0000	0.0000	0.0000	0.0000	0.0000	0.0000	0.0000	0.0000	0.0000	0.0000	0.0000	0.0000	0.0000	0.0000	0.0000	0.0000	0.0000	0.0000	0.0000	0.0000	0.0000	0.0043	0.0026	0.0017	0.0024	0.0021	0.0003	0.0019	0.0006	0.0013	0.0000	0.0000	0.0000	0.0000	0.0000	0.0000	0.0000	0.0000	0.0000	0.0000	0.0000	0.0000	0.0000	0.0000	0.0000	0.0000	0.0000	0.0000											
72	104	0.0642	2	1	1	1	0	0	0	0	0	N	N	N	N	N	N	N	N	N	N	N	N	inf	inf	inf	inf	inf	inf	0.0068	0.0076	0.0000	0.0039	0.0042	0.0000	0.0097	0.0112	0.0000	0.0000	0.0000	0.0000	0.0000	0.0000	0.0000	0.0000	0.0000	0.0000	0.0000	-0.0004	0.0000	1.0017	7.9994	2.0007	4.0001	0.0017	0.0017	0.0000	0.0005	0.0005	0.0000	0.0012	0.0012	0.0000	0.0000	0.0000	0.0000	0.0000	0.0000	0.0000	0.0000	0.0000	0.0000	0.2453	0.2209	0.0244	0.1204	0.1128	0.0075	0.1249	0.1081	0.0168	0.0615	0.0256	0.0359	0.0005	0.0005	0.0000	0.0610	0.0252	0.0359	inf	inf	0.0000	inf	inf	0.0000	inf	inf	0.0000	0.0000	0.0000	0.0000	0.0000	0.0000	0.0000	0.0000	0.0000	0.0000				
72	105	0.0442	4	2	0	2	0	0	0	0	0	Y	N	Y	N	N	N	N	N	N	N	N	N	inf	inf	inf	inf	23.8186	0.0000	227.1779	0.0000	0.0000	0.0000	30.6653	0.0000	245.9224	0.0000	0.0000	0.0000	0.0000	0.0000	0.0000	0.0000	0.0000	0.0000	inf	0.7398	0.0000	1.0017	1.0000	2.0007	1.0005	1.0000	0.0000	1.0000	0.0000	0.0000	0.0000	1.0000	0.0000	1.0000	0.0000	0.0000	0.0000	0.0000	0.0000	0.0000	0.0000	0.0000	0.0000	0.0420	0.0376	0.0044	0.0094	0.0090	0.0003	0.0326	0.0285	0.0041	0.0162	0.0077	0.0086	0.0002	0.0002	0.0000	0.0160	0.0075	0.0085	inf	0.0000	inf	0.0000	0.0000	0.0000	inf	0.0000	inf	0.0000	0.0000	0.0000	0.0000	0.0000	0.0000	0.0000	0.0000	0.0000						
72	106	0.0407	3	2	0	2	0	0	0	0	0	Y	N	Y	N	N	N	N	N	N	N	N	N	0.1295	inf	0.0000	0.0536	inf	0.0000	0.0622	inf	0.0000	0.0000	0.0000	0.0000	0.0000	0.0000	0.0000	0.0000	0.0000	0.0000	0.0001	0.0000	0.0000	0.0005	0.0000	0.0048	0.0000	0.0000	0.0000	0.0000	inf	-0.0000	0.0000	1.0017	0.7249	2.0007	0.0368	0.0000	0.0000	0.0000	0.0000	0.0000	0.0000	0.0000	0.0000	0.0000	0.0000	0.0000	0.0000	0.0000	0.0000	0.0000	0.0000	0.0000	0.0000	0.0393	0.0358	0.0035	0.0129	0.0126	0.0003	0.0264	0.0232	0.0032	0.0064	0.0030	0.0033	0.0001	0.0001	0.0000	0.0063	0.0029	0.0033	2.8977	inf	0.0000	0.2542	inf	0.0000	0.0622	inf	0.0000	0.0000	0.0000	0.0000	0.0001	0.0000	0.0034	0.0000	0.0000	0.0000
72	107	0.0392	2	2	0	2	0	0	0	0	0	Y	N	Y	N	N	N	N	N	N	N	N	N	0.3083	0.1465	12.6276	0.1132	0.1146	0.1172	0.1351	inf	0.0000	0.0000	0.0000	0.0001	0.0001	0.0001	0.0009	0.0000	0.0000	0.0000	0.0001	0.0002	0.0000	0.0007	0.0005	0.0080	0.0000	0.0000	0.0000	0.3543	1.0000	0.0000	-0.0000	1.0017	0.4159	2.0007	0.0887	0.0000	0.0000	0.0000	0.0000	0.0000	0.0000	0.0000	0.0000	0.0000	0.0000	0.0000	0.0000	0.0000	0.0000	0.0000	0.0000	0.0000	0.0000	0.0287	0.0266	0.0021	0.0120	0.0118	0.0003	0.0167	0.0148	0.0018	0.0045	0.0022	0.0023	0.0002	0.0002	0.0000	0.0043	0.0020	0.0023	3.3960	2.6240	12.6276	0.4398	0.5209	0.1931	0.1351	inf	0.0000	0.0000	0.0000	0.0000	0.0002	0.0001	0.0049	0.0000	0.0000	0.0000
72	109	0.6490	6	2	0	2	0	0	0	0	0	Y	N	Y	N	N	N	N	N	N	N	N	N	0.0000	0.0000	0.0000	0.0000	0.0000	0.0000	0.0000	0.0000	0.0000	0.0000	0.0000	0.0000	0.0000	0.0000	0.0000	0.0000	0.0000	0.0000	0.0000	0.0000	1.0017	0.0000	2.0007	0.9909	0.0000	0.0000	0.0000	0.0000	0.0000	0.0000	0.0000	0.0000	0.0000	0.0000	0.0000	0.0000	0.0000	0.0000	0.0000	0.0000	0.0000	0.0000	0.0000	0.0000	0.0000	0.0000	0.0000	0.0000	0.0000	0.0000	0.0000	0.0042	0.0026	0.0016	0.0024	0.0020	0.0003	0.0019	0.0006	0.0013	0.0000	0.0000	0.0000	0.0000	0.0000	0.0000	0.0000	0.0000	0.0000	0.0000	0.0000	0.0000	0.0000	0.0000	0.0000	0.0000	0.0000	0.0000											
72	110	0.6203	5	2	0	2	0	0	0	0	0	Y	N	Y	N	N	N	N	N	N	N	N	N	0.0000	0.0000	0.0000	0.0000	0.0000	0.0000	0.0000	0.0000	0.0000	0.0000	0.0000	0.0000	0.0000	0.0000	0.0000	0.0000	0.0000	0.0000	0.0000	0.0000	1.0017	4.0000	2.0007	0.0000	0.0000	0.0000	0.0000	0.0000	0.0000	0.0000	0.0000	0.0000	0.0000	0.0000	0.0000	0.0000	0.0000	0.0000	0.0000	0.0000	0.0000	0.0000	0.0937	0.0863	0.0075	0.0725	0.0681	0.0044	0.0213	0.0182	0.0031	0.0079	0.0044	0.0035	0.0039	0.0034	0.0006	0.0040	0.0011	0.0029	0.0000	0.0000	0.0000	0.0000	0.0000	0.0000	0.0000	0.0000	0.0000	0.0000	0.0000	0.0000	0.0000	0.0000	0.0000	0.0000	0.0000	0.0000											
72	112	0.1100	3	1	0	2	0	0	0	0	0	N	N	Y	N	N	N	N	N	N	N	N	N	0.0000	0.0000	0.0000	0.0000	0.0000	0.0000	0.0000	0.0000	0.0000	0.0000	0.0000	0.0000	0.0000	0.0000	0.0000	0.0000	0.0000	0.0000	0.0000	0.0000	1.0017	0.0000	2.0007	0.0001	0.0000	0.0000	0.0000	0.0000	0.0000	0.0000	0.0000	0.0000	0.0000	0.0000	0.0000	0.0000	0.0000	0.0000	0.0000	0.0000	0.0000	0.0000	0.0000	0.0000	0.0000	0.0000	0.0000	0.0000	0.0000	0.0000	0.0000	0.0000	0.0000	0.0000	0.0000	0.0000	0.0000	0.0000	0.0000	0.0000	0.0000	0.0000	0.0000	0.0000	0.0000	0.0000	0.0000	0.0000	0.0000	0.0000	0.0000	0.0000	0.0000	0.0000	0.0000	0.0000	0.0000	0.0000											
72	113	0.0642	2	1	0	2	0	0	0	0	0	N	N	Y	N	N	N	N	N	N	N	N	N	inf	inf	inf	inf	inf	inf	0.0107	0.0000	0.1099	0.0036	0.0000	0.0584	0.0183	0.0000	0.1344	0.0000	0.0000	0.0000	0.0000	0.0000	0.0000	0.0000	0.0000	0.0000	inf	0.0011	0.0000	1.0017	4.0004	2.0007	4.9999	0.0015	0.0000	0.0015	0.0003	0.0000	0.0003	0.0012	0.0000	0.0012	0.0000	0.0000	0.0000	0.0000	0.0000	0.0000	0.0000	0.0000	0.0000	0.1360	0.1227	0.0133	0.0700	0.0657	0.0043	0.0660	0.0570	0.0090	0.0476	0.0198	0.0279	0.0004	0.0004	0.0000	0.0472	0.0194	0.0278	inf	0.0000	inf	inf	0.0000	inf	inf	0.0000	inf	0.0000	0.0000	0.0000	0.0000	0.0000	0.0000	0.0000	0.0000	0.0000				
72	114	0.6530	6	1	1	1	0	0	0	0	0	N	N	N	N	N	N	N	N	N	N	N	N	772.3640	inf	0.4395	223.1012	inf	0.0000	inf	inf	inf	0.0094	0.0103	0.0000	0.0137	0.0144	0.0000	0.0029	0.0034	0.0000	0.0000	0.0000	0.0000	0.0001	0.0000	0.0000	0.0000	0.0000	0.0000	0.0000	inf	-0.0004	0.0000	1.0017	4.3361	2.0007	4.6323	0.0015	0.0015	0.0000	0.0013	0.0013	0.0000	0.0002	0.0002	0.0000	0.0000	0.0000	0.0000	0.0000	0.0000	0.0000	0.0000	0.0000	0.0000	0.1546	0.1408	0.0138	0.0934	0.0884	0.0050	0.0612	0.0524	0.0088	0.0335	0.0219	0.0116	0.0204	0.0179	0.0025	0.0131	0.0040	0.0091	75075.3822	inf	0.4395	77309.4184	inf	0.0000	inf	inf	inf	0.0000	0.0000	0.0000	0.0000	0.0000	0.0000	0.0000	0.0000	0.0000
72	115	0.6203	5	1	0	1	0	0	0	0	0	N	N	N	N	N	N	N	N	N	N	N	N	2.0787	1.0208	0.8426	0.9762	inf	inf	0.0001	0.0001	0.0000	0.0001	0.0001	0.0000	0.0001	0.0001	0.0000	0.0000	0.0001	0.0000	0.0001	0.0001	0.0000	0.0000	0.0000	0.0000	0.0000	0.0000	-0.0000	-0.0000	1.0017	1.9840	2.0007	0.2610	0.0000	0.0000	0.0000	0.0000	0.0000	0.0000	0.0000	0.0000	0.0000	0.0000	0.0000	0.0000	0.0000	0.0000	0.0000	0.0000	0.0000	0.0000	0.0493	0.0454	0.0039	0.0386	0.0362	0.0023	0.0108	0.0092	0.0016	0.0045	0.0025	0.0020	0.0022	0.0019	0.0003	0.0023	0.0006	0.0017	104.2148	63.3005	0.0000	57.9294	52.6893	0.0000	inf	inf	0.0000	0.0000	0.0000	0.0000	0.0000	0.0000	0.0000	0.0000	0.0000	0.0000			
72	116	0.0642	2	1	1	1	1	0	0	0	0	N	N	N	N	N	N	N	N	N	N	N	N	inf	inf	inf	inf	0.0013	0.0015	0.0000	0.0026	0.0028	0.0000	0.0000	0.0000	0.0000	0.0000	0.0000	0.0000	0.0000	0.0000	0.0000	0.0000	0.0000	0.0000	0.0000	-0.0001	0.0000	1.0017	5.0006	2.0007	2.0000	0.0002	0.0002	0.0000	0.0002	0.0002	0.0000	0.0000	0.0000	0.0000	0.0000	0.0000	0.0000	0.0000	0.0000	0.0000	0.0000	0.0000	0.0000	0.1655	0.1492	0.0162	0.0841	0.0789	0.0052	0.0814	0.0703	0.0111	0.0378	0.0156	0.0222	0.0003	0.0003	0.0000	0.0375	0.0153	0.0222	inf	inf	0.0000	inf	inf	0.0000	0.0000	0.0000	0.0000	0.0000	0.0000	0.0000	0.0000	0.0000	0.0000	0.0000	0.0000	0.0000						
72	117	0.6203	5	1	1	1	1	0	0	0	0	N	N	N	N	N	N	N	N	N	N	N	N	0.0000	0.0000	0.0000	0.0000	0.0000	0.0000	0.0000	0.0000	0.0000	0.0000	0.0000	0.0000	0.0000	0.0000	0.0000	0.0000	0.0000	0.0000	0.0000	0.0000	1.0017	0.0000	2.0007	1.0000	0.0000	0.0000	0.0000	0.0000	0.0000	0.0000	0.0000	0.0000	0.0000	0.0000	0.0000	0.0000	0.0000	0.0000	0.0000	0.0000	0.0000	0.0000	0.0000	0.0000	0.0000	0.0000	0.0000	0.0000	0.0000	0.0000	0.0000	0.0028	0.0016	0.0012	0.0014	0.0012	0.0002	0.0014	0.0004	0.0010	0.0000	0.0000	0.0000	0.0000	0.0000	0.0000	0.0000	0.0000	0.0000	0.0000	0.0000	0.0000	0.0000	0.0000	0.0000	0.0000	0.0000	0.0000											
72	118	0.0642	2	1	1	1	0	0	0	0	0	N	N	N	N	N	N	N	N	N	N	N	N	inf	inf	inf	inf	inf	inf	2.3360	0.0000	22.9911	0.0013	0.0000	0.0201	4.2280	0.0000	32.1694	0.0000	0.0000	0.0000	0.0000	0.0000	0.0000	0.0000	0.0000	0.0000	inf	0.7409	0.0000	1.0017	16.9994	2.0007	6.0000	1.0015	0.0000	1.0015	0.0003	0.0000	0.0003	1.0012	0.0000	1.0012	0.0000	0.0000	0.0000	0.0000	0.0000	0.0000	0.0000	0.0000	0.0000	0.4287	0.3851	0.0436	0.1919	0.1795	0.0124	0.2368	0.2057	0.0311	0.1057	0.0447	0.0610	0.0009	0.0009	0.0000	0.1048	0.0439	0.0610	inf	0.0000	inf	inf	0.0000	inf	inf	0.0000	inf	0.0000	0.0000	0.0000	0.0000	0.0000	0.0000	0.0000	0.0000	0.0000				
72	119	0.6203	5	1	1	1	0	0	0	0	0	N	N	N	N	N	N	N	N	N	N	N	N	0.0000	0.0000	0.0000	0.0000	0.0000	0.0000	0.0000	0.0000	0.0000	0.0000	0.0000	0.0000	0.0000	0.0132	0.0243	0.0000	0.0104	0.0109	0.0000	0.0000	0.0000	0.0000	0.0000	0.0000	-0.0000	1.0017	5.0000	2.0007	6.0000	0.0000	0.0000	0.0000	0.0000	0.0000	0.0000	0.0000	0.0000	0.0000	0.0000	0.0000	0.0000	0.0000	0.0000	0.0000	0.0000	0.0000	0.0000	0.1139	0.1048	0.0091	0.0876	0.0823	0.0053	0.0264	0.0226	0.0038	0.0205	0.0115	0.0090	0.0102	0.0087	0.0015	0.0104	0.0028	0.0076	0.0000	0.0000	0.0000	0.0000	0.0000	0.0000	0.0000	0.0000	0.0000	0.0015	0.0026	0.0000	0.0029	0.0034	0.0000	0.0000	0.0000	0.0000						
72	120	0.6484	6	1	1	1	0	0	0	0	0	N	N	N	N	N	N	N	N	N	N	N	N	0.0000	0.0000	inf	0.0000	0.0000	inf	0.7160	0.0000	inf	0.0000	0.0000	0.0000	0.0000	0.0000	0.0000	0.0000	0.0000	0.0000	0.0967	0.2290	0.0000	0.0375	0.0384	0.0000	0.0000	0.0006	0.0000	0.2260	0.0000	-0.0000	-0.0000	1.0017	0.9998	2.0007	0.9486	0.0000	0.0000	0.0000	0.0000	0.0000	0.0000	0.0000	0.0000	0.0000	0.0000	0.0000	0.0000	0.0000	0.0000	0.0000	0.0000	0.0000	0.0000	0.0246	0.0225	0.0020	0.0192	0.0179	0.0012	0.0054	0.0046	0.0008	0.0079	0.0046	0.0033	0.0044	0.0038	0.0005	0.0035	0.0007	0.0028	0.0004	0.0002	inf	0.0003	0.0002	inf	0.7160	0.0000	inf	0.0035	0.0060	0.0000	0.0063	0.0072	0.0000	0.0000	0.0000	0.0000
72	121	0.6203	5	1	1	1	0	0	0	0	0	N	N	N	N	N	N	N	N	N	N	N	N	0.0008	0.0004	0.0004	0.0004	inf	inf	0.0000	0.0000	0.0000	0.0000	0.0000	0.0000	0.0000	0.0000	0.0000	0.0004	0.0008	0.0000	0.0009	0.0008	0.0000	0.0000	0.0000	0.0000	0.0000	0.0000	-0.0000	-0.0000	1.0017	3.0005	2.0007	1.1085	0.0000	0.0000	0.0000	0.0000	0.0000	0.0000	0.0000	0.0000	0.0000	0.0000	0.0000	0.0000	0.0000	0.0000	0.0000	0.0000	0.0000	0.0000	0.1242	0.1143	0.0099	0.0952	0.0894	0.0057	0.0290	0.0249	0.0042	0.0146	0.0082	0.0064	0.0072	0.0062	0.0011	0.0073	0.0020	0.0054	0.0017	0.0010	0.0000	0.0010	0.0009	0.0000	inf	inf	0.0000	0.0002	0.0003	0.0000	0.0003	0.0004	0.0000	0.0000	0.0000	0.0000			
72	124	0.6538	6	1	1	1	0	0	0	0	0	N	N	N	N	N	N	N	N	N	N	N	N	inf	inf	inf	inf	inf	inf	0.0011	0.0012	0.0000	0.0014	0.0015	0.0000	0.0000	0.0000	0.0000	0.0000	0.0000	0.0000	0.0000	0.0000	0.0000	0.0000	0.0000	0.0000	0.0000	-0.0001	0.0000	1.0017	3.9006	2.0007	3.1543	0.0002	0.0002	0.0000	0.0002	0.0002	0.0000	0.0000	0.0000	0.0000	0.0000	0.0000	0.0000	0.0000	0.0000	0.0000	0.0000	0.0000	0.0000	0.1933	0.1774	0.0159	0.1560	0.1454	0.0105	0.0374	0.0320	0.0054	0.0253	0.0149	0.0104	0.0133	0.0113	0.0019	0.0120	0.0035	0.0085	inf	inf	0.0000	inf	inf	0.0000	inf	inf	0.0000	0.0000	0.0000	0.0000	0.0000	0.0000	0.0000	0.0000	0.0000	0.0000				
72	125	0.6203	5	1	1	1	0	0	0	0	0	N	N	N	N	N	N	N	N	N	N	N	N	0.6315	0.3006	0.2937	0.3284	inf	inf	0.0000	0.0000	0.0000	0.0000	0.0001	0.0000	0.0000	0.0000	0.0000	0.0001	0.0001	0.0000	0.0002	0.0002	0.0000	0.0000	0.0000	0.0000	0.0000	0.0000	-0.0000	-0.0000	1.0017	1.6924	2.0007	1.9110	0.0000	0.0000	0.0000	0.0000	0.0000	0.0000	0.0000	0.0000	0.0000	0.0000	0.0000	0.0000	0.0000	0.0000	0.0000	0.0000	0.0000	0.0000	0.0750	0.0691	0.0060	0.0583	0.0548	0.0035	0.0167	0.0143	0.0024	0.0129	0.0072	0.0057	0.0064	0.0055	0.0009	0.0065	0.0018	0.0047	16.1832	9.8378	0.0000	10.2076	9.2820	0.0000	inf	inf	0.0000	0.0000	0.0000	0.0000	0.0000	0.0000	0.0000	0.0000	0.0000	0.0000			
72	126	0.0642	2	1	1	1	0	0	0	0	0	N	N	N	N	N	N	N	N	N	N	N	N	0.0000	0.0000	0.0000	0.0000	0.0000	0.0000	0.0000	0.0000	0.0000	0.0000	0.0000	0.0000	0.0000	0.0000	0.0000	0.0000	0.0000	0.0000	0.0000	0.0000	1.0017	0.9996	2.0007	8.0005	0.0000	0.0000	0.0000	0.0000	0.0000	0.0000	0.0000	0.0000	0.0000	0.0000	0.0000	0.0000	0.0000	0.0000	0.0000	0.0000	0.0000	0.0000	0.0370	0.0335	0.0036	0.0198	0.0186	0.0012	0.0172	0.0149	0.0024	0.0476	0.0198	0.0279	0.0004	0.0004	0.0000	0.0472	0.0194	0.0278	0.0000	0.0000	0.0000	0.0000	0.0000	0.0000	0.0000	0.0000	0.0000	0.0000	0.0000	0.0000	0.0000	0.0000	0.0000	0.0000	0.0000	0.0000											
72	127	0.1916	4	1	0	1	0	0	0	0	0	N	N	N	N	N	N	N	N	N	N	N	N	0.0017	0.0002	1.3078	0.0003	0.0002	0.0393	2.7598	10.0387	0.0000	0.0000	0.0000	0.0000	0.0000	0.0000	0.0000	0.0000	0.0000	0.0003	0.0005	0.0000	0.0010	0.0009	0.0001	0.0000	0.0000	0.0000	4.0685	0.0115	0.0000	-0.0000	1.0017	3.6536	2.0007	12.3970	0.0000	0.0000	0.0000	0.0000	0.0000	0.0000	0.0000	0.0000	0.0000	0.0000	0.0000	0.0000	0.0000	0.0000	0.0000	0.0000	0.0000	0.0000	0.1561	0.1402	0.0160	0.0896	0.0841	0.0055	0.0666	0.0561	0.0105	0.0922	0.0518	0.0404	0.0253	0.0234	0.0019	0.0669	0.0284	0.0385	0.0043	0.0005	1.3078	0.0007	0.0004	0.0393	2.7598	0.0000	10.0387	0.0001	0.0002	0.0000	0.0004	0.0004	0.0001	0.0000	0.0000	0.0000	
72	128	0.3700	4	1	0	1	0	0	0	0	0	N	N	N	N	N	N	N	N	N	N	N	N	0.0501	0.0267	2.5109	0.0673	0.0664	0.3347	1582.3523	inf	21.7048	0.0027	0.0031	0.0001	0.0021	0.0024	0.0000	0.0036	0.0042	0.0001	0.0544	0.1144	0.0000	0.0319	0.0355	0.0001	0.0000	0.0000	0.0000	0.0023	0.0028	-0.0002	-0.0002	1.0017	5.3495	2.0007	12.4099	0.0007	0.0007	0.0000	0.0003	0.0003	0.0000	0.0003	0.0003	0.0000	0.0004	0.0004	0.0000	0.0004	0.0004	0.0000	0.0000	0.0000	0.0000	0.2412	0.2147	0.0264	0.1479	0.1347	0.0132	0.0932	0.0800	0.0132	0.1435	0.0917	0.0518	0.0745	0.0637	0.0109	0.0690	0.0281	0.0409	0.9070	0.6512	2.5109	0.3714	0.3487	0.3347	1582.3523	inf	21.7048	0.0030	0.0047	0.0000	0.0058	0.0068	0.0001	0.0000	0.0000	0.0000
72	129	0.1757	8	1	1	1	1	0	0	0	0	N	N	N	N	N	N	N	N	N	N	N	N	0.0000	0.0000	0.0000	0.0000	0.0000	0.0000	0.0000	0.0000	0.0000	0.0000	0.0000	0.0000	0.0000	0.0000	0.0000	0.0000	0.0000	0.0000	0.0000	0.0000	1.0017	0.0000	2.0007	0.0000	0.0000	0.0000	0.0000	0.0000	0.0000	0.0000	0.0000	0.0000	0.0000	0.0000	0.0000	0.0000	0.0000	0.0000	0.0000	0.0000	0.0000	0.0000	0.0000	0.0000	0.0000	0.0000	0.0000	0.0000	0.0000	0.0000	0.0000	0.0000	0.0000	0.0000	0.0000	0.0000	0.0000	0.0000	0.0000	0.0000	0.0000	0.0000	0.0000	0.0000	0.0000	0.0000	0.0000	0.0000	0.0000	0.0000	0.0000	0.0000	0.0000	0.0000	0.0000	0.0000	0.0000	0.0000											
72	130	0.1594	7	1	1	1	1	0	0	0	0	N	N	N	N	N	N	N	N	N	N	N	N	0.0000	0.0000	0.0000	0.0000	0.0000	0.0000	0.0000	0.0000	0.0000	0.0000	0.0000	0.0000	0.0000	0.0000	0.0000	0.0000	0.0000	0.0000	0.0000	0.0000	1.0017	0.0000	2.0007	3.0001	0.0000	0.0000	0.0000	0.0000	0.0000	0.0000	0.0000	0.0000	0.0000	0.0000	0.0000	0.0000	0.0000	0.0000	0.0000	0.0000	0.0000	0.0000	0.0000	0.0000	0.0000	0.0000	0.0000	0.0000	0.0000	0.0000	0.0000	0.0152	0.0064	0.0089	0.0004	0.0004	0.0000	0.0148	0.0059	0.0089	0.0000	0.0000	0.0000	0.0000	0.0000	0.0000	0.0000	0.0000	0.0000	0.0000	0.0000	0.0000	0.0000	0.0000	0.0000	0.0000	0.0000	0.0000											
72	131	0.1497	6	1	1	1	0	0	0	0	0	N	N	N	N	N	N	N	N	N	N	N	N	0.0000	0.0000	0.0000	0.0000	0.0000	0.0000	0.0000	0.0000	0.0000	0.0000	0.0000	0.0000	0.0000	0.0000	0.0000	0.0000	0.0000	0.0000	0.0000	0.0000	1.0017	0.0000	2.0007	0.0000	0.0000	0.0000	0.0000	0.0000	0.0000	0.0000	0.0000	0.0000	0.0000	0.0000	0.0000	0.0000	0.0000	0.0000	0.0000	0.0000	0.0000	0.0000	0.0000	0.0000	0.0000	0.0000	0.0000	0.0000	0.0000	0.0000	0.0000	0.0000	0.0000	0.0000	0.0000	0.0000	0.0000	0.0000	0.0000	0.0000	0.0000	0.0000	0.0000	0.0000	0.0000	0.0000	0.0000	0.0000	0.0000	0.0000	0.0000	0.0000	0.0000	0.0000	0.0000	0.0000	0.0000	0.0000											
72	132	0.1594	7	1	0	2	1	0	0	0	0	N	N	Y	N	N	N	N	N	N	N	N	N	0.0000	0.0000	0.0000	0.0000	0.0000	0.0000	0.0000	0.0000	0.0000	0.0000	0.0000	0.0000	0.0000	0.0000	0.0000	0.0000	0.0000	0.0000	0.0000	0.0000	1.0017	0.0000	2.0007	1.9999	0.0000	0.0000	0.0000	0.0000	0.0000	0.0000	0.0000	0.0000	0.0000	0.0000	0.0000	0.0000	0.0000	0.0000	0.0000	0.0000	0.0000	0.0000	0.0000	0.0000	0.0000	0.0000	0.0000	0.0000	0.0000	0.0000	0.0000	0.0104	0.0044	0.0060	0.0004	0.0004	0.0000	0.0100	0.0041	0.0060	0.0000	0.0000	0.0000	0.0000	0.0000	0.0000	0.0000	0.0000	0.0000	0.0000	0.0000	0.0000	0.0000	0.0000	0.0000	0.0000	0.0000	0.0000											
72	133	0.1704	8	1	0	2	1	0	0	0	0	N	N	Y	N	N	N	N	N	N	N	N	N	0.0000	0.0000	0.0000	0.0000	0.0000	0.0000	0.0000	0.0000	0.0000	0.0000	0.0000	0.0000	0.0000	0.0000	0.0000	0.0000	0.0000	0.0000	0.0000	0.0000	1.0017	1.0000	2.0007	0.0000	0.0000	0.0000	0.0000	0.0000	0.0000	0.0000	0.0000	0.0000	0.0000	0.0000	0.0000	0.0000	0.0000	0.0000	0.0000	0.0000	0.0000	0.0000	0.0376	0.0338	0.0038	0.0224	0.0208	0.0016	0.0152	0.0131	0.0021	0.0051	0.0021	0.0030	0.0007	0.0004	0.0003	0.0044	0.0016	0.0028	0.0000	0.0000	0.0000	0.0000	0.0000	0.0000	0.0000	0.0000	0.0000	0.0000	0.0000	0.0000	0.0000	0.0000	0.0000	0.0000	0.0000	0.0000											
72	134	0.1704	8	1	0	2	1	0	0	0	0	N	N	Y	N	N	N	N	N	N	N	N	N	0.0000	0.0000	0.0000	0.0000	0.0000	0.0000	0.0000	0.0000	0.0000	0.0000	0.0000	0.0000	0.0000	0.0000	0.0000	0.0000	0.0000	0.0000	0.0000	0.0000	1.0017	0.0000	2.0007	0.0000	0.0000	0.0000	0.0000	0.0000	0.0000	0.0000	0.0000	0.0000	0.0000	0.0000	0.0000	0.0000	0.0000	0.0000	0.0000	0.0000	0.0000	0.0000	0.0000	0.0000	0.0000	0.0000	0.0000	0.0000	0.0000	0.0000	0.0000	0.0000	0.0000	0.0000	0.0000	0.0000	0.0000	0.0000	0.0000	0.0000	0.0000	0.0000	0.0000	0.0000	0.0000	0.0000	0.0000	0.0000	0.0000	0.0000	0.0000	0.0000	0.0000	0.0000	0.0000	0.0000	0.0000	0.0000											
72	135	0.1594	7	1	0	2	1	0	0	0	0	N	N	Y	N	N	N	N	N	N	N	N	N	0.0000	0.0000	0.0000	0.0000	0.0000	0.0000	0.0000	0.0000	0.0000	0.0000	0.0000	0.0000	0.0000	0.0000	0.0000	0.9608	1.6007	0.0000	4.4985	4.4468	0.0000	0.0000	0.0021	0.0000	0.0000	0.0000	-0.0004	1.0017	2.0025	2.0007	0.9943	0.0000	0.0000	0.0000	0.0000	0.0000	0.0000	0.0000	0.0000	0.0000	0.0007	0.0007	0.0000	0.0007	0.0007	0.0000	0.0000	0.0000	0.0000	0.0738	0.0663	0.0074	0.0426	0.0396	0.0031	0.0311	0.0268	0.0043	0.0152	0.0063	0.0089	0.0004	0.0004	0.0000	0.0148	0.0059	0.0089	0.0000	0.0000	0.0000	0.0000	0.0000	0.0000	0.0000	0.0000	0.0000	0.0451	0.1080	0.0000	1.5735	1.6190	0.0000	0.0000	0.0001	0.0000				
72	136	0.1594	6	1	0	1	1	0	0	0	0	N	N	N	N	N	N	N	N	N	N	N	N	0.0000	0.0000	0.0000	0.0000	0.0000	0.0000	0.0000	0.0000	0.0000	0.0000	0.0000	0.0000	0.0000	0.0000	0.0000	0.0000	0.0000	0.0000	0.6600	0.5076	0.1496	0.6234	0.3126	13.0926	0.0034	0.0009	0.0041	0.9865	0.0000	-0.0000	1.0017	0.0050	2.0007	0.0173	0.0000	0.0000	0.0000	0.0000	0.0000	0.0000	0.0000	0.0000	0.0000	0.0000	0.0000	0.0000	0.0000	0.0000	0.0000	0.0000	0.0000	0.0000	0.0004	0.0004	0.0000	0.0003	0.0003	0.0000	0.0001	0.0001	0.0000	0.0006	0.0005	0.0001	0.0003	0.0002	0.0000	0.0004	0.0002	0.0001	0.0000	0.0000	0.0000	0.0000	0.0000	0.0000	0.0000	0.0000	0.0000	0.0174	0.0107	0.0470	0.0400	0.0214	1.0206	0.0012	0.0000	0.0041	
72	137	0.1497	5	1	0	1	1	0	0	0	0	N	N	N	N	N	N	N	N	N	N	N	N	13192.4946	3710.5858	54.7978	60.3120	14.4253	16.0409	0.0000	25.6721	27.6128	0.0000	0.0000	0.0000	0.0000	0.0011	0.0043	0.0000	0.4685	0.4578	0.0000	0.0000	0.0000	0.0000	0.0000	0.0000	-0.2602	-0.0000	1.0017	1.9972	2.0007	1.0076	0.9999	0.9999	0.0000	0.9999	0.9999	0.0000	0.0000	0.0000	0.0000	0.0000	0.0000	0.0000	0.0000	0.0000	0.0000	0.0000	0.0000	0.0000	0.0693	0.0623	0.0070	0.0389	0.0362	0.0027	0.0304	0.0261	0.0042	0.0140	0.0056	0.0085	0.0002	0.0002	0.0000	0.0139	0.0054	0.0084	38743.9965	17157.7811	0.0000	883.5770	924.0478	0.0000	0.0000	0.0000	0.0000	0.0004	0.0009	0.0000	0.0291	0.0299	0.0000	0.0000	0.0000	0.0000					
72	138	0.1324	4	2	1	1	0	0	0	0	0	Y	N	N	N	N	N	N	N	N	N	N	N	0.0000	0.0000	0.0000	0.0000	0.0000	0.0000	0.0000	0.0000	0.0000	0.0000	0.0000	0.0000	0.0000	0.0000	0.0000	0.0000	0.0000	0.0000	0.0000	0.0000	1.0017	0.0002	2.0007	2.3255	0.0000	0.0000	0.0000	0.0000	0.0000	0.0000	0.0000	0.0000	0.0000	0.0000	0.0000	0.0000	0.0000	0.0000	0.0000	0.0000	0.0000	0.0000	0.0000	0.0000	0.0000	0.0000	0.0000	0.0000	0.0000	0.0000	0.0000	0.0167	0.0088	0.0079	0.0026	0.0025	0.0001	0.0141	0.0063	0.0078	0.0000	0.0000	0.0000	0.0000	0.0000	0.0000	0.0000	0.0000	0.0000	0.0000	0.0000	0.0000	0.0000	0.0000	0.0000	0.0000	0.0000	0.0000											
72	139	0.1146	3	2	1	1	0	0	0	0	0	Y	N	N	N	N	N	N	N	N	N	N	N	9.8549	6.0424	inf	7.5433	9.1136	inf	1.3415	0.0000	inf	0.0411	0.0460	0.0000	0.1028	0.1094	0.0000	0.0000	0.0000	0.0000	0.0042	0.0076	0.0000	0.0136	0.0120	0.0000	0.0000	0.0002	0.0000	0.0000	0.0000	-0.0008	-0.0000	1.0017	2.0138	2.0007	2.7349	0.0029	0.0029	0.0000	0.0029	0.0029	0.0000	0.0000	0.0000	0.0000	0.0000	0.0000	0.0000	0.0000	0.0000	0.0000	0.0000	0.0000	0.0000	0.0703	0.0628	0.0076	0.0281	0.0264	0.0017	0.0422	0.0364	0.0059	0.0387	0.0200	0.0187	0.0078	0.0075	0.0004	0.0309	0.0125	0.0184	58.4227	33.7938	inf	29.4814	29.9658	inf	1.3415	0.0000	inf	0.0007	0.0014	0.0000	0.0035	0.0037	0.0000	0.0000	0.0000	0.0000
72	140	0.1311	4	1	1	1	0	0	0	0	0	N	N	N	N	N	N	N	N	N	N	N	N	138.8379	6364.1199	0.0025	0.0050	14239.4622	70836.2013	0.0151	0.0000	0.1291	0.0000	0.0000	0.0000	0.0335	0.0000	0.2825	0.0001	0.0000	0.0000	0.0005	0.0000	0.0024	0.0000	0.0000	0.0000	inf	inf	0.0010	0.0000	1.0017	1.9232	2.0007	1.1116	0.0013	0.0000	0.0013	0.0000	0.0000	0.0000	0.0013	0.0000	0.0013	0.0000	0.0000	0.0000	0.0000	0.0000	0.0000	0.0000	0.0000	0.0000	0.0868	0.0766	0.0101	0.0477	0.0422	0.0055	0.0391	0.0345	0.0046	0.0174	0.0078	0.0095	0.0013	0.0013	0.0001	0.0160	0.0066	0.0095	1355.7013	0.0000	6364.1199	0.0118	0.0000	0.0061	14239.4622	0.0000	70836.2013	0.0000	0.0000	0.0000	0.0001	0.0000	0.0019	0.0000	0.0000	0.0000			
72	141	0.6395	6	1	1	1	0	0	0	0	0	N	N	N	N	N	N	N	N	N	N	N	N	inf	inf	inf	inf	inf	inf	0.0107	0.0117	0.0000	0.0136	0.0145	0.0000	0.0003	0.0004	0.0000	0.0000	0.0000	0.0000	0.0000	0.0000	0.0000	0.0000	0.0000	0.0000	0.0000	-0.0004	0.0000	1.0017	3.0000	2.0007	1.0000	0.0015	0.0015	0.0000	0.0014	0.0014	0.0000	0.0000	0.0000	0.0000	0.0000	0.0000	0.0000	0.0000	0.0000	0.0000	0.0000	0.0000	0.0000	0.1359	0.1248	0.0110	0.1069	0.1000	0.0069	0.0290	0.0248	0.0042	0.0142	0.0080	0.0063	0.0071	0.0060	0.0010	0.0072	0.0019	0.0052	inf	inf	0.0000	inf	inf	0.0000	inf	inf	0.0000	0.0000	0.0000	0.0000	0.0000	0.0000	0.0000	0.0000	0.0000	0.0000				
72	142	0.6203	5	1	0	1	0	0	0	0	0	N	N	N	N	N	N	N	N	N	N	N	N	inf	inf	inf	inf	inf	inf	0.0317	0.0344	0.0000	0.0355	0.0378	0.0000	0.0180	0.0211	0.0000	0.0000	0.0000	0.0000	0.0000	0.0000	0.0000	0.0000	0.0000	0.0000	0.0000	-0.0004	0.0000	1.0017	1.0000	2.0007	1.0000	0.0015	0.0015	0.0000	0.0013	0.0013	0.0000	0.0002	0.0002	0.0000	0.0000	0.0000	0.0000	0.0000	0.0000	0.0000	0.0000	0.0000	0.0000	0.0461	0.0424	0.0037	0.0361	0.0339	0.0022	0.0100	0.0085	0.0015	0.0073	0.0041	0.0032	0.0036	0.0031	0.0005	0.0037	0.0010	0.0027	inf	inf	0.0000	inf	inf	0.0000	inf	inf	0.0000	0.0000	0.0000	0.0000	0.0000	0.0000	0.0000	0.0000	0.0000	0.0000				
72	143	0.3700	4	1	0	1	0	0	0	0	0	N	N	N	N	N	N	N	N	N	N	N	N	0.0867	0.0464	2.1855	0.1827	0.1799	0.3068	1256.6261	inf	17.9418	0.0046	0.0052	0.0001	0.0058	0.0064	0.0000	0.0029	0.0033	0.0001	0.0532	0.1113	0.0000	0.0318	0.0354	0.0001	0.0000	0.0000	0.0000	0.0012	0.0028	-0.0003	-0.0002	1.0017	7.1211	2.0007	10.9474	0.0013	0.0013	0.0000	0.0010	0.0010	0.0000	0.0003	0.0003	0.0000	0.0004	0.0004	0.0000	0.0004	0.0004	0.0000	0.0000	0.0000	0.0000	0.2817	0.2511	0.0306	0.1665	0.1521	0.0145	0.1151	0.0990	0.0161	0.1443	0.0921	0.0521	0.0748	0.0639	0.0109	0.0695	0.0283	0.0412	1.5423	1.1064	2.1855	1.0084	0.9450	0.3068	1256.6261	inf	17.9418	0.0030	0.0047	0.0000	0.0058	0.0067	0.0001	0.0000	0.0000	0.0000
72	144	0.1752	3	1	0	1	0	0	0	0	0	N	N	N	N	N	N	N	N	N	N	N	N	0.0782	0.0240	0.2771	3.3254	3.8686	1.5380	0.2771	0.0121	0.3481	0.0038	0.0043	0.0001	0.0012	0.0013	0.0000	0.0070	0.0081	0.0001	0.0492	0.1785	0.0003	0.0004	0.0003	0.0000	0.0252	0.6725	0.0003	0.0021	0.0488	-0.0003	-0.0002	1.0017	8.5175	2.0007	23.1696	0.0011	0.0011	0.0000	0.0002	0.0002	0.0000	0.0009	0.0009	0.0000	0.0004	0.0004	0.0000	0.0000	0.0000	0.0000	0.0004	0.0004	0.0000	0.2802	0.2511	0.0291	0.1522	0.1416	0.0106	0.1280	0.1095	0.0184	0.1480	0.0749	0.0731	0.0323	0.0292	0.0031	0.1157	0.0456	0.0700	1.3203	0.7801	0.2771	31.1876	32.0724	1.5380	1.8756	0.9050	0.3481	0.0029	0.0055	0.0003	0.0000	0.0000	0.0000	0.0037	0.0090	0.0003
72	145	0.1497	6	2	1	1	0	0	0	0	0	Y	N	N	N	N	N	N	N	N	N	N	N	0.0000	0.0000	0.0000	0.0000	0.0000	0.0000	0.0000	0.0000	0.0000	0.0000	0.0000	0.0000	0.0000	0.0000	0.0000	0.0000	0.0000	0.0000	0.0000	0.0000	1.0017	1.0000	2.0007	1.0000	0.0000	0.0000	0.0000	0.0000	0.0000	0.0000	0.0000	0.0000	0.0000	0.0000	0.0000	0.0000	0.0000	0.0000	0.0000	0.0000	0.0000	0.0000	0.0357	0.0322	0.0036	0.0203	0.0189	0.0014	0.0154	0.0133	0.0022	0.0095	0.0038	0.0057	0.0001	0.0001	0.0000	0.0093	0.0036	0.0057	0.0000	0.0000	0.0000	0.0000	0.0000	0.0000	0.0000	0.0000	0.0000	0.0000	0.0000	0.0000	0.0000	0.0000	0.0000	0.0000	0.0000	0.0000											
72	146	0.1497	5	1	1	1	0	0	0	0	0	N	N	N	N	N	N	N	N	N	N	N	N	inf	inf	inf	inf	3.4187	0.0000	49.8185	0.0000	0.0000	0.0000	15.3014	0.0000	119.8245	0.0000	0.0000	0.0000	0.0000	0.0000	0.0000	0.0000	0.0000	0.0000	inf	0.0001	0.0000	1.0017	0.0003	2.0007	0.0000	0.0001	0.0000	0.0001	0.0000	0.0000	0.0000	0.0001	0.0000	0.0001	0.0000	0.0000	0.0000	0.0000	0.0000	0.0000	0.0000	0.0000	0.0000	0.0000	0.0000	0.0000	0.0000	0.0000	0.0000	0.0000	0.0000	0.0000	0.0000	0.0000	0.0000	0.0000	0.0000	0.0000	0.0000	0.0000	0.0000	inf	0.0000	inf	0.0000	0.0000	0.0000	inf	0.0000	inf	0.0000	0.0000	0.0000	0.0000	0.0000	0.0000	0.0000	0.0000	0.0000						
72	147	0.1311	4	1	0	1	0	0	0	0	0	N	N	N	N	N	N	N	N	N	N	N	N	97.0658	inf	6418.0452	2.6853	inf	0.0042	12347.2225	56394.3497	0.0087	0.0008	0.0707	0.0014	0.0015	0.0000	0.0157	0.0000	0.1216	0.0001	0.0000	0.0000	0.0005	0.0000	0.0020	0.0000	0.0000	0.0000	11.9269	inf	0.0009	0.0000	1.0017	4.9449	2.0007	1.0063	0.0014	0.0001	0.0013	0.0001	0.0001	0.0000	0.0013	0.0000	0.0013	0.0000	0.0000	0.0000	0.0000	0.0000	0.0000	0.0000	0.0000	0.0000	0.1624	0.1438	0.0185	0.0790	0.0712	0.0078	0.0833	0.0726	0.0108	0.0311	0.0136	0.0176	0.0015	0.0014	0.0001	0.0296	0.0121	0.0175	1407.0053	inf	6418.0452	13.5249	inf	0.0050	12347.2225	0.0000	56394.3497	0.0000	0.0000	0.0000	0.0001	0.0000	0.0017	0.0000	0.0000	0.0000	
72	148	0.1146	3	1	0	1	0	0	0	0	0	N	N	N	N	N	N	N	N	N	N	N	N	23041.3505	0.2532	231716.1045	1.1119	0.4188	0.7963	180231.9094	1334432.9403	9.2098	0.0000	84.6968	0.0019	0.0001	0.0268	14.9988	0.0000	110.4934	0.0004	0.0002	0.0004	0.0017	0.0003	0.0337	0.0001	0.0000	0.0001	243703.2406	42.7769	0.7369	0.0000	1.0017	3.4778	2.0007	1.2917	0.9961	0.0000	0.9961	0.0001	0.0000	0.0001	0.9960	0.0000	0.9960	0.0000	0.0000	0.0000	0.0000	0.0000	0.0000	0.0000	0.0000	0.0000	0.1082	0.0964	0.0118	0.0418	0.0390	0.0027	0.0664	0.0574	0.0090	0.0388	0.0200	0.0188	0.0078	0.0075	0.0004	0.0310	0.0126	0.0184	50859.3128	5.2883	231716.1045	2.6409	4.8657	1.7654	304598.1543	0.0000	1334432.9403	0.0002	0.0000	0.0004	0.0007	0.0000	0.0152	0.0000	0.0000	0.0001	
72	149	0.0642	2	1	0	1	0	0	0	0	0	N	N	N	N	N	N	N	N	N	N	N	N	93.7548	0.2474	inf	0.0611	0.0012	inf	inf	inf	inf	0.0168	0.0001	0.1683	0.0017	0.0000	0.0261	0.0315	0.0002	0.2322	0.0002	0.0004	0.0000	0.0273	0.0265	0.0000	0.0000	0.0000	0.0000	189.5178	0.0000	0.0030	-0.0000	1.0017	7.8050	2.0007	4.0035	0.0040	0.0000	0.0040	0.0002	0.0000	0.0002	0.0038	0.0000	0.0038	0.0000	0.0000	0.0000	0.0000	0.0000	0.0000	0.0000	0.0000	0.0000	0.2405	0.2166	0.0239	0.1183	0.1108	0.0074	0.1222	0.1057	0.0165	0.0607	0.0253	0.0354	0.0005	0.0005	0.0000	0.0602	0.0248	0.0354	366.2228	0.8892	inf	0.3058	0.0057	inf	inf	inf	inf	0.0000	0.0001	0.0000	0.0055	0.0057	0.0000	0.0000	0.0000	0.0000
72	150	0.1916	4	1	0	1	0	0	0	0	0	N	N	N	N	N	N	N	N	N	N	N	N	0.0017	0.0002	1.3861	0.0003	0.0002	0.0419	2.9289	10.6549	0.0000	0.0000	0.0000	0.0000	0.0000	0.0000	0.0000	0.0000	0.0000	0.0003	0.0005	0.0000	0.0009	0.0008	0.0000	0.0000	0.0000	0.0000	4.0685	0.0115	0.0000	-0.0000	1.0017	3.7255	2.0007	14.1767	0.0000	0.0000	0.0000	0.0000	0.0000	0.0000	0.0000	0.0000	0.0000	0.0000	0.0000	0.0000	0.0000	0.0000	0.0000	0.0000	0.0000	0.0000	0.1583	0.1421	0.0162	0.0908	0.0852	0.0056	0.0675	0.0569	0.0106	0.0982	0.0548	0.0434	0.0262	0.0241	0.0021	0.0720	0.0307	0.0413	0.0045	0.0006	1.3861	0.0007	0.0004	0.0419	2.9289	0.0000	10.6549	0.0001	0.0002	0.0000	0.0004	0.0004	0.0000	0.0000	0.0000	0.0000	
72	151	0.1752	3	1	0	1	0	0	0	0	0	N	N	N	N	N	N	N	N	N	N	N	N	0.0037	0.0017	0.7546	0.0084	0.0112	0.0111	0.0030	0.0000	5.6366	0.0000	0.0000	0.0000	0.0000	0.0000	0.0000	0.0000	0.0000	0.0000	0.0004	0.0007	0.0000	0.0002	0.0002	0.0001	0.0003	0.0123	0.0000	0.2483	0.0087	-0.0000	-0.0000	1.0017	1.4205	2.0007	4.0377	0.0000	0.0000	0.0000	0.0000	0.0000	0.0000	0.0000	0.0000	0.0000	0.0000	0.0000	0.0000	0.0000	0.0000	0.0000	0.0000	0.0000	0.0000	0.0812	0.0727	0.0085	0.0456	0.0433	0.0023	0.0356	0.0294	0.0062	0.0608	0.0350	0.0258	0.0216	0.0208	0.0008	0.0392	0.0143	0.0249	0.0081	0.0042	0.7546	0.1971	0.3194	0.0111	0.0035	0.0006	5.6366	0.0002	0.0003	0.0000	0.0000	0.0000	0.0001	0.0003	0.0007	0.0000
72	152	0.0642	2	1	0	1	0	0	0	0	0	N	N	N	N	N	N	N	N	N	N	N	N	0.0037	0.0017	0.0004	0.0005	inf	inf	0.0000	0.0000	0.0000	0.0000	0.0000	0.0000	0.0000	0.0000	0.0000	0.0000	0.0001	0.0000	0.0005	0.0005	0.0000	0.0000	0.0000	0.0000	0.0000	0.0000	-0.0000	-0.0000	1.0017	6.4701	2.0007	12.4371	0.0000	0.0000	0.0000	0.0000	0.0000	0.0000	0.0000	0.0000	0.0000	0.0000	0.0000	0.0000	0.0000	0.0000	0.0000	0.0000	0.0000	0.0000	0.2061	0.1857	0.0204	0.1029	0.0965	0.0064	0.1032	0.0892	0.0140	0.0905	0.0381	0.0524	0.0008	0.0007	0.0000	0.0897	0.0373	0.0524	0.1809	0.0845	0.0000	0.0021	0.0021	0.0000	inf	inf	0.0000	0.0000	0.0000	0.0000	0.0001	0.0001	0.0000	0.0000	0.0000	0.0000			
73	74	0.6436	7	2	2	0	0	0	0	0	0	Y	Y	N	N	N	N	N	N	N	N	N	N	0.0000	0.0000	0.0000	0.0000	0.0000	0.0000	0.0000	0.0000	0.0000	0.0000	0.0000	0.0000	0.0000	0.0000	0.0000	0.0000	0.0000	0.0000	0.0000	0.0000	0.0000	0.0000	0.0000	0.0010	0.0000	0.0000	0.0000	0.0000	0.0000	0.0000	0.0000	0.0000	0.0000	0.0000	0.0000	0.0000	0.0000	0.0000	0.0000	0.0000	0.0000	0.0000	0.0000	0.0000	0.0000	0.0000	0.0000	0.0000	0.0000	0.0000	0.0000	0.0000	0.0000	0.0000	0.0000	0.0000	0.0000	0.0000	0.0000	0.0000	0.0000	0.0000	0.0000	0.0000	0.0000	0.0000	0.0000	0.0000	0.0000	0.0000	0.0000	0.0000	0.0000	0.0000	0.0000	0.0000	0.0000	0.0000											
73	75	0.6327	9	1	2	0	1	0	0	0	0	N	Y	N	N	N	N	N	N	N	N	N	N	0.0000	0.0000	0.0000	0.0000	0.0000	0.0000	0.0000	0.0000	0.0000	0.0000	0.0000	0.0000	0.0000	0.0000	0.0000	0.0000	0.0000	0.0000	0.0000	0.0000	0.0000	0.0000	0.0000	0.0000	0.0000	0.0000	0.0000	0.0000	0.0000	0.0000	0.0000	0.0000	0.0000	0.0000	0.0000	0.0000	0.0000	0.0000	0.0000	0.0000	0.0000	0.0000	0.0000	0.0000	0.0000	0.0000	0.0000	0.0000	0.0000	0.0000	0.0000	0.0000	0.0000	0.0000	0.0000	0.0000	0.0000	0.0000	0.0000	0.0000	0.0000	0.0000	0.0000	0.0000	0.0000	0.0000	0.0000	0.0000	0.0000	0.0000	0.0000	0.0000	0.0000	0.0000	0.0000	0.0000	0.0000	0.0000											
73	76	0.6327	9	1	1	0	1	0	0	0	0	N	N	N	N	N	N	N	N	N	N	N	N	0.0000	0.0000	0.0000	0.0000	0.0000	0.0000	0.0000	0.0000	0.0000	0.0000	0.0000	0.0000	0.0000	0.0000	0.0000	0.0000	0.0000	0.0000	0.0000	0.0000	0.0000	0.0000	0.0000	0.0000	0.0000	0.0000	0.0000	0.0000	0.0000	0.0000	0.0000	0.0000	0.0000	0.0000	0.0000	0.0000	0.0000	0.0000	0.0000	0.0000	0.0000	0.0000	0.0000	0.0000	0.0000	0.0000	0.0000	0.0000	0.0000	0.0000	0.0000	0.0000	0.0000	0.0000	0.0000	0.0000	0.0000	0.0000	0.0000	0.0000	0.0000	0.0000	0.0000	0.0000	0.0000	0.0000	0.0000	0.0000	0.0000	0.0000	0.0000	0.0000	0.0000	0.0000	0.0000	0.0000	0.0000	0.0000											
73	77	0.6174	8	1	1	0	1	0	0	0	0	N	N	N	N	N	N	N	N	N	N	N	N	0.0000	0.0000	0.0000	0.0000	0.0000	0.0000	0.0000	0.0000	0.0000	0.0000	0.0000	0.0000	0.0000	0.0000	0.0000	0.0000	0.0000	0.0000	0.0000	0.0000	0.0000	0.0002	0.0000	2.9297	0.0000	0.0000	0.0000	0.0000	0.0000	0.0000	0.0000	0.0000	0.0000	0.0000	0.0000	0.0000	0.0000	0.0000	0.0000	0.0000	0.0000	0.0000	0.0000	0.0000	0.0000	0.0000	0.0000	0.0000	0.0000	0.0000	0.0000	0.0000	0.0000	0.0000	0.0000	0.0000	0.0000	0.0000	0.0000	0.0000	0.0000	0.0000	0.0000	0.0000	0.0000	0.0000	0.0000	0.0000	0.0000	0.0000	0.0000	0.0000	0.0000	0.0000	0.0000	0.0000	0.0000	0.0000											
73	78	0.6133	7	1	1	0	1	0	0	0	0	N	N	N	N	N	N	N	N	N	N	N	N	0.0000	0.0000	0.0000	0.0000	0.0000	0.0000	0.0000	0.0000	0.0000	0.0000	0.0000	0.0000	0.0000	0.0000	0.0000	0.0000	0.0000	0.0000	-0.0000	0.0000	0.0000	0.0003	0.0000	2.1916	0.0000	0.0000	0.0000	0.0000	0.0000	0.0000	0.0000	0.0000	0.0000	0.0000	0.0000	0.0000	0.0000	0.0000	0.0000	0.0000	0.0000	0.0000	0.0000	0.0000	0.0000	0.0000	0.0000	0.0000	0.0000	0.0000	0.0000	0.0000	0.0000	0.0000	0.0000	0.0000	0.0000	0.0000	0.0000	0.0000	0.0000	0.0000	0.0000	0.0000	0.0000	0.0000	0.0000	0.0000	0.0000	0.0000	0.0000	0.0000	0.0000	0.0000	0.0000	0.0000	0.0000	0.0000											
73	79	0.6055	6	1	1	0	0	0	0	0	0	N	N	N	N	N	N	N	N	N	N	N	N	inf	inf	inf	inf	0.3198	0.5951	0.0000	0.6317	0.6332	0.0000	0.0000	0.0000	0.0000	0.0000	0.0000	0.0000	0.0000	0.0000	0.0000	0.0000	0.0000	0.0000	0.0001	-0.0000	0.0000	0.0000	0.2782	0.0000	1.3600	0.0000	0.0000	0.0000	0.0000	0.0000	0.0000	0.0000	0.0000	0.0000	0.0000	0.0000	0.0000	0.0000	0.0000	0.0000	0.0000	0.0000	0.0000	0.0000	0.0000	0.0000	0.0000	0.0000	0.0000	0.0000	0.0000	0.0000	0.0000	0.0000	0.0000	0.0000	0.0000	0.0000	0.0000	0.0000	0.0000	inf	inf	0.0000	inf	inf	0.0000	0.0000	0.0000	0.0000	0.0000	0.0000	0.0000	0.0000	0.0000	0.0000	0.0000	0.0000	0.0000						
73	80	0.6491	8	1	2	1	0	0	0	0	0	N	Y	N	N	N	N	N	N	N	N	N	N	0.0000	0.0000	0.0000	0.0000	0.0000	0.0000	0.0000	0.0000	0.0000	0.0000	0.0000	0.0000	0.0000	0.0000	0.0000	0.0000	0.0000	0.0000	0.0000	0.0000	0.0000	0.0029	0.0000	2.0135	0.0000	0.0000	0.0000	0.0000	0.0000	0.0000	0.0000	0.0000	0.0000	0.0000	0.0000	0.0000	0.0000	0.0000	0.0000	0.0000	0.0000	0.0000	0.0000	0.0000	0.0000	0.0000	0.0000	0.0000	0.0000	0.0000	0.0000	0.0000	0.0000	0.0000	0.0000	0.0000	0.0000	0.0000	0.0000	0.0000	0.0000	0.0000	0.0000	0.0000	0.0000	0.0000	0.0000	0.0000	0.0000	0.0000	0.0000	0.0000	0.0000	0.0000	0.0000	0.0000	0.0000	0.0000											
73	81	0.6426	7	1	2	0	0	0	0	0	0	N	Y	N	N	N	N	N	N	N	N	N	N	0.0000	0.0000	0.0000	0.0000	0.0000	0.0000	0.0000	0.0000	0.0000	0.0000	0.0000	0.0000	0.0000	0.0000	0.0000	0.0000	0.0000	0.0000	-0.0000	0.0000	0.0000	0.6188	0.0000	0.9475	0.0000	0.0000	0.0000	0.0000	0.0000	0.0000	0.0000	0.0000	0.0000	0.0000	0.0000	0.0000	0.0000	0.0000	0.0000	0.0000	0.0000	0.0000	0.0000	0.0000	0.0000	0.0000	0.0000	0.0000	0.0000	0.0000	0.0000	0.0000	0.0000	0.0000	0.0000	0.0000	0.0000	0.0000	0.0000	0.0000	0.0000	0.0000	0.0000	0.0000	0.0000	0.0000	0.0000	0.0000	0.0000	0.0000	0.0000	0.0000	0.0000	0.0000	0.0000	0.0000	0.0000	0.0000											
73	82	0.0416	3	1	2	1	0	0	0	0	0	N	Y	N	N	N	N	N	N	N	N	N	N	0.0000	0.0000	0.0000	0.0000	0.0000	0.0000	0.0000	0.0000	0.0000	0.0000	0.0000	0.0000	0.0000	0.0000	0.0000	0.0000	0.0000	0.0000	0.0000	0.0000	0.0000	0.0000	0.0000	1.0000	0.0000	0.0000	0.0000	0.0000	0.0000	0.0000	0.0000	0.0000	0.0000	0.0000	0.0000	0.0000	0.0000	0.0000	0.0000	0.0000	0.0000	0.0000	0.0000	0.0000	0.0000	0.0000	0.0000	0.0000	0.0000	0.0000	0.0000	0.0000	0.0000	0.0000	0.0000	0.0000	0.0000	0.0000	0.0000	0.0000	0.0000	0.0000	0.0000	0.0000	0.0000	0.0000	0.0000	0.0000	0.0000	0.0000	0.0000	0.0000	0.0000	0.0000	0.0000	0.0000	0.0000	0.0000											
73	83	0.6166	6	2	1	1	0	0	0	0	0	Y	N	N	N	N	N	N	N	N	N	N	N	0.0000	0.0000	0.0000	0.0000	0.0000	0.0000	0.0000	0.0000	0.0000	0.0000	0.0000	0.0000	0.0000	0.0000	0.0000	0.0000	0.0000	0.0000	0.0000	0.0000	0.0000	9.0001	0.0000	3.0001	0.0000	0.0000	0.0000	0.0000	0.0000	0.0000	0.0000	0.0000	0.0000	0.0000	0.0000	0.0000	0.0000	0.0000	0.0000	0.0000	0.0000	0.0000	0.0000	0.0000	0.0000	0.0000	0.0000	0.0000	0.0000	0.0000	0.0000	0.0000	0.0000	0.0000	0.0000	0.0000	0.0000	0.0000	0.0000	0.0000	0.0000	0.0000	0.0000	0.0000	0.0000	0.0000	0.0000	0.0000	0.0000	0.0000	0.0000	0.0000	0.0000	0.0000	0.0000	0.0000	0.0000	0.0000											
73	84	0.0192	2	2	1	1	0	0	0	0	0	Y	N	N	N	N	N	N	N	N	N	N	N	0.0000	0.0000	0.0000	0.0000	0.0000	0.0000	0.0000	0.0000	0.0000	0.0000	0.0000	0.0000	0.0000	0.0000	0.0000	0.0000	0.0000	0.0000	0.0000	0.0000	0.0000	4.0000	0.0000	0.0000	0.0000	0.0000	0.0000	0.0000	0.0000	0.0000	0.0000	0.0000	0.0000	0.0000	0.0000	0.0000	0.0000	0.0000	0.0000	0.0000	0.0000	0.0000	0.0000	0.0000	0.0000	0.0000	0.0000	0.0000	0.0000	0.0000	0.0000	0.0000	0.0000	0.0000	0.0000	0.0000	0.0000	0.0000	0.0000	0.0000	0.0000	0.0000	0.0000	0.0000	0.0000	0.0000	0.0000	0.0000	0.0000	0.0000	0.0000	0.0000	0.0000	0.0000	0.0000	0.0000	0.0000	0.0000											
73	85	0.0653	3	2	2	0	0	0	0	0	0	Y	Y	N	N	N	N	N	N	N	N	N	N	0.0000	0.0000	0.0000	0.0000	0.0000	0.0000	0.0000	0.0000	0.0000	0.0000	0.0000	0.0000	0.0000	0.0000	0.0000	0.0000	0.0000	0.0000	0.0000	0.0000	0.0000	1.0086	0.0000	1.7435	0.0000	0.0000	0.0000	0.0000	0.0000	0.0000	0.0000	0.0000	0.0000	0.0000	0.0000	0.0000	0.0000	0.0000	0.0000	0.0000	0.0000	0.0000	0.0000	0.0000	0.0000	0.0000	0.0000	0.0000	0.0000	0.0000	0.0000	0.0000	0.0000	0.0000	0.0000	0.0000	0.0000	0.0000	0.0000	0.0000	0.0000	0.0000	0.0000	0.0000	0.0000	0.0000	0.0000	0.0000	0.0000	0.0000	0.0000	0.0000	0.0000	0.0000	0.0000	0.0000	0.0000	0.0000											
73	86	0.0192	2	2	2	0	0	0	0	0	0	Y	Y	N	N	N	N	N	N	N	N	N	N	0.0000	0.0000	0.0000	0.0000	0.0000	0.0000	0.0000	0.0000	0.0000	0.0000	0.0000	0.0000	0.0000	0.0000	0.0000	0.0000	0.0000	0.0000	-0.0000	0.0000	0.0000	1.0165	0.0000	4.1395	0.0000	0.0000	0.0000	0.0000	0.0000	0.0000	0.0000	0.0000	0.0000	0.0000	0.0000	0.0000	0.0000	0.0000	0.0000	0.0000	0.0000	0.0000	0.0000	0.0000	0.0000	0.0000	0.0000	0.0000	0.0000	0.0000	0.0000	0.0000	0.0000	0.0000	0.0000	0.0000	0.0000	0.0000	0.0000	0.0000	0.0000	0.0000	0.0000	0.0000	0.0000	0.0000	0.0000	0.0000	0.0000	0.0000	0.0000	0.0000	0.0000	0.0000	0.0000	0.0000	0.0000	0.0000											
73	87	0.5753	5	2	2	0	0	0	0	0	0	Y	Y	N	N	N	N	N	N	N	N	N	N	0.0000	0.0000	0.0000	0.0000	0.0000	0.0000	0.0000	0.0000	0.0000	0.0000	0.0000	0.0000	0.0000	0.0000	0.0000	0.0000	0.0000	0.0000	0.0000	0.0000	0.0000	9.0005	0.0000	5.0000	0.0000	0.0000	0.0000	0.0000	0.0000	0.0000	0.0000	0.0000	0.0000	0.0000	0.0000	0.0000	0.0000	0.0000	0.0000	0.0000	0.0000	0.0000	0.0000	0.0000	0.0000	0.0000	0.0000	0.0000	0.0000	0.0000	0.0000	0.0000	0.0000	0.0000	0.0000	0.0000	0.0000	0.0000	0.0000	0.0000	0.0000	0.0000	0.0000	0.0000	0.0000	0.0000	0.0000	0.0000	0.0000	0.0000	0.0000	0.0000	0.0000	0.0000	0.0000	0.0000	0.0000	0.0000											
73	88	0.0416	3	1	2	0	0	0	0	0	0	N	Y	N	N	N	N	N	N	N	N	N	N	0.0000	0.0000	0.0000	0.0000	0.0000	0.0000	0.0000	0.0000	0.0000	0.0000	0.0000	0.0000	0.0000	0.0000	0.0000	0.0000	0.0000	0.0000	0.0000	0.0000	0.0000	0.0000	0.0000	0.0000	0.0000	0.0000	0.0000	0.0000	0.0000	0.0000	0.0000	0.0000	0.0000	0.0000	0.0000	0.0000	0.0000	0.0000	0.0000	0.0000	0.0000	0.0000	0.0000	0.0000	0.0000	0.0000	0.0000	0.0000	0.0000	0.0000	0.0000	0.0000	0.0000	0.0000	0.0000	0.0000	0.0000	0.0000	0.0000	0.0000	0.0000	0.0000	0.0000	0.0000	0.0000	0.0000	0.0000	0.0000	0.0000	0.0000	0.0000	0.0000	0.0000	0.0000	0.0000	0.0000	0.0000	0.0000											
73	89	0.6426	7	1	2	0	0	0	0	0	0	N	Y	N	N	N	N	N	N	N	N	N	N	0.0000	0.0000	0.0000	0.0000	0.0000	0.0000	0.0000	0.0000	0.0000	0.0000	0.0000	0.0000	0.0000	0.0000	0.0000	0.0000	0.0000	0.0000	0.0000	0.0000	0.0000	1.9953	0.0000	1.0817	0.0000	0.0000	0.0000	0.0000	0.0000	0.0000	0.0000	0.0000	0.0000	0.0000	0.0000	0.0000	0.0000	0.0000	0.0000	0.0000	0.0000	0.0000	0.0000	0.0000	0.0000	0.0000	0.0000	0.0000	0.0000	0.0000	0.0000	0.0000	0.0000	0.0000	0.0000	0.0000	0.0000	0.0000	0.0000	0.0000	0.0000	0.0000	0.0000	0.0000	0.0000	0.0000	0.0000	0.0000	0.0000	0.0000	0.0000	0.0000	0.0000	0.0000	0.0000	0.0000	0.0000	0.0000											
73	90	0.6166	6	1	2	0	0	0	0	0	0	N	Y	N	N	N	N	N	N	N	N	N	N	0.0000	0.0000	0.0000	0.0000	0.0000	0.0000	0.0000	0.0000	0.0000	0.0000	0.0000	0.0000	0.0000	0.0000	0.0000	0.0000	0.0000	0.0000	-0.0000	0.0000	0.0000	2.3999	0.0000	4.0713	0.0000	0.0000	0.0000	0.0000	0.0000	0.0000	0.0000	0.0000	0.0000	0.0000	0.0000	0.0000	0.0000	0.0000	0.0000	0.0000	0.0000	0.0000	0.0000	0.0000	0.0000	0.0000	0.0000	0.0000	0.0000	0.0000	0.0000	0.0000	0.0000	0.0000	0.0000	0.0000	0.0000	0.0000	0.0000	0.0000	0.0000	0.0000	0.0000	0.0000	0.0000	0.0000	0.0000	0.0000	0.0000	0.0000	0.0000	0.0000	0.0000	0.0000	0.0000	0.0000	0.0000	0.0000											
73	91	0.6376	7	1	1	1	0	0	0	0	0	N	N	N	N	N	N	N	N	N	N	N	N	0.0000	0.0000	0.0000	0.0000	0.0000	0.0000	0.0000	0.0000	0.0000	0.0000	0.0000	0.0000	0.0000	0.0000	0.0000	0.0000	0.0000	0.0000	0.0000	0.0000	0.0000	0.0000	0.0000	0.0000	0.0000	0.0000	0.0000	0.0000	0.0000	0.0000	0.0000	0.0000	0.0000	0.0000	0.0000	0.0000	0.0000	0.0000	0.0000	0.0000	0.0000	0.0000	0.0000	0.0000	0.0000	0.0000	0.0000	0.0000	0.0000	0.0000	0.0000	0.0000	0.0000	0.0000	0.0000	0.0000	0.0000	0.0000	0.0000	0.0000	0.0000	0.0000	0.0000	0.0000	0.0000	0.0000	0.0000	0.0000	0.0000	0.0000	0.0000	0.0000	0.0000	0.0000	0.0000	0.0000	0.0000	0.0000											
73	92	0.6055	6	1	1	1	0	0	0	0	0	N	N	N	N	N	N	N	N	N	N	N	N	inf	inf	inf	inf	0.6330	0.0000	1.8912	0.0000	0.0000	0.0000	1.4137	0.0000	1.9529	0.0000	0.0000	0.0000	0.0000	0.0000	0.0000	0.0000	0.0000	0.0000	inf	0.0000	0.0000	0.0000	3.7221	0.0000	2.9993	0.0000	0.0000	0.0000	0.0000	0.0000	0.0000	0.0000	0.0000	0.0000	0.0000	0.0000	0.0000	0.0000	0.0000	0.0000	0.0000	0.0000	0.0000	0.0000	0.0000	0.0000	0.0000	0.0000	0.0000	0.0000	0.0000	0.0000	0.0000	0.0000	0.0000	0.0000	0.0000	0.0000	0.0000	0.0000	0.0000	inf	0.0000	inf	0.0000	0.0000	0.0000	inf	0.0000	inf	0.0000	0.0000	0.0000	0.0000	0.0000	0.0000	0.0000	0.0000	0.0000						
73	93	0.5753	5	1	1	0	0	0	0	0	0	N	N	N	N	N	N	N	N	N	N	N	N	inf	inf	inf	inf	1.5905	1.7128	0.0000	2.7146	2.8076	0.0000	0.0000	0.0000	0.0000	0.0000	0.0000	0.0000	0.0000	0.0000	0.0000	0.0000	0.0000	0.0000	0.0000	-0.0000	0.0000	0.0000	2.7217	0.0000	3.0458	0.0000	0.0000	0.0000	0.0000	0.0000	0.0000	0.0000	0.0000	0.0000	0.0000	0.0000	0.0000	0.0000	0.0000	0.0000	0.0000	0.0000	0.0000	0.0000	0.0000	0.0000	0.0000	0.0000	0.0000	0.0000	0.0000	0.0000	0.0000	0.0000	0.0000	0.0000	0.0000	0.0000	0.0000	0.0000	0.0000	inf	inf	0.0000	inf	inf	0.0000	0.0000	0.0000	0.0000	0.0000	0.0000	0.0000	0.0000	0.0000	0.0000	0.0000	0.0000	0.0000						
73	94	0.6328	7	2	2	0	0	0	0	0	0	Y	Y	N	N	N	N	N	N	N	N	N	N	0.0000	0.0000	0.0000	0.0000	0.0000	0.0000	0.0000	0.0000	0.0000	0.0000	0.0000	0.0000	0.0000	0.0000	0.0000	0.0000	0.0000	0.0000	0.0000	0.0000	0.0000	5.9980	0.0000	4.9575	0.0000	0.0000	0.0000	0.0000	0.0000	0.0000	0.0000	0.0000	0.0000	0.0000	0.0000	0.0000	0.0000	0.0000	0.0000	0.0000	0.0000	0.0000	0.0000	0.0000	0.0000	0.0000	0.0000	0.0000	0.0000	0.0000	0.0000	0.0000	0.0000	0.0000	0.0000	0.0000	0.0000	0.0000	0.0000	0.0000	0.0000	0.0000	0.0000	0.0000	0.0000	0.0000	0.0000	0.0000	0.0000	0.0000	0.0000	0.0000	0.0000	0.0000	0.0000	0.0000	0.0000	0.0000											
73	95	0.0416	3	2	2	0	0	0	0	0	0	Y	Y	N	N	N	N	N	N	N	N	N	N	0.0000	0.0000	0.0000	0.0000	0.0000	0.0000	0.0000	0.0000	0.0000	0.0000	0.0000	0.0000	0.0000	0.0000	0.0000	0.0000	0.0000	0.0000	0.0000	0.0000	0.0000	0.0000	0.0000	2.0000	0.0000	0.0000	0.0000	0.0000	0.0000	0.0000	0.0000	0.0000	0.0000	0.0000	0.0000	0.0000	0.0000	0.0000	0.0000	0.0000	0.0000	0.0000	0.0000	0.0000	0.0000	0.0000	0.0000	0.0000	0.0000	0.0000	0.0000	0.0000	0.0000	0.0000	0.0000	0.0000	0.0000	0.0000	0.0000	0.0000	0.0000	0.0000	0.0000	0.0000	0.0000	0.0000	0.0000	0.0000	0.0000	0.0000	0.0000	0.0000	0.0000	0.0000	0.0000	0.0000	0.0000	0.0000											
73	96	0.0192	2	1	2	0	0	0	0	0	0	N	Y	N	N	N	N	N	N	N	N	N	N	0.0000	0.0000	0.0000	0.0000	0.0000	0.0000	0.0000	0.0000	0.0000	0.0000	0.0000	0.0000	0.0000	0.0000	0.0000	0.0000	0.0000	0.0000	0.0000	0.0000	0.0000	4.0000	0.0000	0.0000	0.0000	0.0000	0.0000	0.0000	0.0000	0.0000	0.0000	0.0000	0.0000	0.0000	0.0000	0.0000	0.0000	0.0000	0.0000	0.0000	0.0000	0.0000	0.0000	0.0000	0.0000	0.0000	0.0000	0.0000	0.0000	0.0000	0.0000	0.0000	0.0000	0.0000	0.0000	0.0000	0.0000	0.0000	0.0000	0.0000	0.0000	0.0000	0.0000	0.0000	0.0000	0.0000	0.0000	0.0000	0.0000	0.0000	0.0000	0.0000	0.0000	0.0000	0.0000	0.0000	0.0000	0.0000											
73	97	0.5753	5	1	1	0	0	0	0	0	0	N	N	N	N	N	N	N	N	N	N	N	N	0.0000	0.0000	0.0000	0.0000	0.0000	0.0000	0.0000	0.0000	0.0000	0.0000	0.0000	0.0000	0.0000	0.0000	0.0000	0.0000	0.0000	0.0000	0.0000	0.0000	0.0000	3.9994	0.0000	4.0000	0.0000	0.0000	0.0000	0.0000	0.0000	0.0000	0.0000	0.0000	0.0000	0.0000	0.0000	0.0000	0.0000	0.0000	0.0000	0.0000	0.0000	0.0000	0.0000	0.0000	0.0000	0.0000	0.0000	0.0000	0.0000	0.0000	0.0000	0.0000	0.0000	0.0000	0.0000	0.0000	0.0000	0.0000	0.0000	0.0000	0.0000	0.0000	0.0000	0.0000	0.0000	0.0000	0.0000	0.0000	0.0000	0.0000	0.0000	0.0000	0.0000	0.0000	0.0000	0.0000	0.0000	0.0000											
73	98	0.0192	2	1	1	0	0	0	0	0	0	N	N	N	N	N	N	N	N	N	N	N	N	0.0000	0.0000	0.0000	0.0000	0.0000	0.0000	0.0000	0.0000	0.0000	0.0000	0.0000	0.0000	0.0000	0.0000	0.0000	0.0000	0.0000	0.0000	0.0000	0.0000	0.0000	1.0000	0.0000	0.0000	0.0000	0.0000	0.0000	0.0000	0.0000	0.0000	0.0000	0.0000	0.0000	0.0000	0.0000	0.0000	0.0000	0.0000	0.0000	0.0000	0.0000	0.0000	0.0000	0.0000	0.0000	0.0000	0.0000	0.0000	0.0000	0.0000	0.0000	0.0000	0.0000	0.0000	0.0000	0.0000	0.0000	0.0000	0.0000	0.0000	0.0000	0.0000	0.0000	0.0000	0.0000	0.0000	0.0000	0.0000	0.0000	0.0000	0.0000	0.0000	0.0000	0.0000	0.0000	0.0000	0.0000	0.0000											
73	99	0.4644	4	1	1	0	0	0	0	0	0	N	N	N	N	N	N	N	N	N	N	N	N	0.0000	0.0000	0.0000	0.0000	0.0000	0.0000	0.0000	0.0000	0.0000	0.0000	0.0000	0.0000	0.0000	0.0000	0.0000	0.0000	0.0000	0.0000	0.0000	0.0000	0.0000	1.5982	0.0000	11.1970	0.0000	0.0000	0.0000	0.0000	0.0000	0.0000	0.0000	0.0000	0.0000	0.0000	0.0000	0.0000	0.0000	0.0000	0.0000	0.0000	0.0000	0.0000	0.0000	0.0000	0.0000	0.0000	0.0000	0.0000	0.0000	0.0000	0.0000	0.0000	0.0000	0.0000	0.0000	0.0000	0.0000	0.0000	0.0000	0.0000	0.0000	0.0000	0.0000	0.0000	0.0000	0.0000	0.0000	0.0000	0.0000	0.0000	0.0000	0.0000	0.0000	0.0000	0.0000	0.0000	0.0000	0.0000											
73	100	0.6343	8	2	2	1	0	0	0	0	0	Y	Y	N	N	N	N	N	N	N	N	N	N	0.0000	0.0000	0.0000	0.0000	0.0000	0.0000	0.0000	0.0000	0.0000	0.0000	0.0000	0.0000	0.0000	0.0000	0.0000	0.0000	0.0000	0.0000	0.0000	0.0000	0.0000	0.0000	0.0000	0.9982	0.0000	0.0000	0.0000	0.0000	0.0000	0.0000	0.0000	0.0000	0.0000	0.0000	0.0000	0.0000	0.0000	0.0000	0.0000	0.0000	0.0000	0.0000	0.0000	0.0000	0.0000	0.0000	0.0000	0.0000	0.0000	0.0000	0.0000	0.0000	0.0000	0.0000	0.0000	0.0000	0.0000	0.0000	0.0000	0.0000	0.0000	0.0000	0.0000	0.0000	0.0000	0.0000	0.0000	0.0000	0.0000	0.0000	0.0000	0.0000	0.0000	0.0000	0.0000	0.0000	0.0000	0.0000											
73	101	0.0539	5	2	2	1	0	0	0	0	0	Y	Y	N	N	N	N	N	N	N	N	N	N	0.0000	0.0000	0.0000	0.0000	0.0000	0.0000	0.0000	0.0000	0.0000	0.0000	0.0000	0.0000	0.0000	0.0000	0.0000	0.0000	0.0000	0.0000	0.0000	0.0000	0.0000	0.0000	0.0000	0.0000	0.0000	0.0000	0.0000	0.0000	0.0000	0.0000	0.0000	0.0000	0.0000	0.0000	0.0000	0.0000	0.0000	0.0000	0.0000	0.0000	0.0000	0.0000	0.0000	0.0000	0.0000	0.0000	0.0000	0.0000	0.0000	0.0000	0.0000	0.0000	0.0000	0.0000	0.0000	0.0000	0.0000	0.0000	0.0000	0.0000	0.0000	0.0000	0.0000	0.0000	0.0000	0.0000	0.0000	0.0000	0.0000	0.0000	0.0000	0.0000	0.0000	0.0000	0.0000	0.0000	0.0000	0.0000											
73	102	0.0539	4	2	1	1	0	0	0	0	0	Y	N	N	N	N	N	N	N	N	N	N	N	0.0000	0.0000	0.0000	0.0000	0.0000	0.0000	0.0000	0.0000	0.0000	0.0000	0.0000	0.0000	0.0000	0.0000	0.0000	0.0000	0.0000	0.0000	0.0000	0.0000	0.0000	0.0000	0.0000	0.0000	0.0000	0.0000	0.0000	0.0000	0.0000	0.0000	0.0000	0.0000	0.0000	0.0000	0.0000	0.0000	0.0000	0.0000	0.0000	0.0000	0.0000	0.0000	0.0000	0.0000	0.0000	0.0000	0.0000	0.0000	0.0000	0.0000	0.0000	0.0000	0.0000	0.0000	0.0000	0.0000	0.0000	0.0000	0.0000	0.0000	0.0000	0.0000	0.0000	0.0000	0.0000	0.0000	0.0000	0.0000	0.0000	0.0000	0.0000	0.0000	0.0000	0.0000	0.0000	0.0000	0.0000	0.0000											
73	103	0.0479	3	2	1	1	0	0	0	0	0	Y	N	N	N	N	N	N	N	N	N	N	N	0.0000	0.0000	0.0000	0.0000	0.0000	0.0000	0.0000	0.0000	0.0000	0.0000	0.0000	0.0000	0.0000	0.0000	0.0000	0.0000	0.0000	0.0000	0.0000	0.0000	0.0000	0.0000	0.0000	1.0091	0.0000	0.0000	0.0000	0.0000	0.0000	0.0000	0.0000	0.0000	0.0000	0.0000	0.0000	0.0000	0.0000	0.0000	0.0000	0.0000	0.0000	0.0000	0.0000	0.0000	0.0000	0.0000	0.0000	0.0000	0.0000	0.0000	0.0000	0.0000	0.0000	0.0000	0.0000	0.0000	0.0000	0.0000	0.0000	0.0000	0.0000	0.0000	0.0000	0.0000	0.0000	0.0000	0.0000	0.0000	0.0000	0.0000	0.0000	0.0000	0.0000	0.0000	0.0000	0.0000	0.0000	0.0000											
73	104	0.5753	5	1	2	0	0	0	0	0	0	N	Y	N	N	N	N	N	N	N	N	N	N	inf	inf	inf	inf	0.8826	0.9504	0.0000	1.5365	1.5875	0.0000	0.0000	0.0000	0.0000	0.0000	0.0000	0.0000	0.0000	0.0000	0.0000	0.0000	0.0000	0.0000	0.0000	-0.0000	0.0000	0.0000	7.9994	0.0000	4.0001	0.0000	0.0000	0.0000	0.0000	0.0000	0.0000	0.0000	0.0000	0.0000	0.0000	0.0000	0.0000	0.0000	0.0000	0.0000	0.0000	0.0000	0.0000	0.0000	0.0000	0.0000	0.0000	0.0000	0.0000	0.0000	0.0000	0.0000	0.0000	0.0000	0.0000	0.0000	0.0000	0.0000	0.0000	0.0000	0.0000	inf	inf	0.0000	inf	inf	0.0000	0.0000	0.0000	0.0000	0.0000	0.0000	0.0000	0.0000	0.0000	0.0000	0.0000	0.0000	0.0000						
73	105	0.6378	9	2	1	1	0	0	0	0	0	Y	N	N	N	N	N	N	N	N	N	N	N	0.0000	0.0000	0.0000	0.0000	0.0000	0.0000	0.0000	0.0000	0.0000	0.0000	0.0000	0.0000	0.0000	0.0000	0.0000	0.0000	0.0000	0.0000	0.0000	0.0000	0.0000	1.0000	0.0000	1.0005	0.0000	0.0000	0.0000	0.0000	0.0000	0.0000	0.0000	0.0000	0.0000	0.0000	0.0000	0.0000	0.0000	0.0000	0.0000	0.0000	0.0000	0.0000	0.0000	0.0000	0.0000	0.0000	0.0000	0.0000	0.0000	0.0000	0.0000	0.0000	0.0000	0.0000	0.0000	0.0000	0.0000	0.0000	0.0000	0.0000	0.0000	0.0000	0.0000	0.0000	0.0000	0.0000	0.0000	0.0000	0.0000	0.0000	0.0000	0.0000	0.0000	0.0000	0.0000	0.0000	0.0000	0.0000											
73	106	0.6343	8	2	1	1	0	0	0	0	0	Y	N	N	N	N	N	N	N	N	N	N	N	0.0000	0.0000	0.0000	0.0000	0.0000	0.0000	0.0000	0.0000	0.0000	0.0000	0.0000	0.0000	0.0000	0.0000	0.0000	0.0000	0.0000	0.0000	0.0000	0.0000	0.0000	0.7249	0.0000	0.0368	0.0000	0.0000	0.0000	0.0000	0.0000	0.0000	0.0000	0.0000	0.0000	0.0000	0.0000	0.0000	0.0000	0.0000	0.0000	0.0000	0.0000	0.0000	0.0000	0.0000	0.0000	0.0000	0.0000	0.0000	0.0000	0.0000	0.0000	0.0000	0.0000	0.0000	0.0000	0.0000	0.0000	0.0000	0.0000	0.0000	0.0000	0.0000	0.0000	0.0000	0.0000	0.0000	0.0000	0.0000	0.0000	0.0000	0.0000	0.0000	0.0000	0.0000	0.0000	0.0000	0.0000	0.0000											
73	107	0.6328	7	2	1	1	0	0	0	0	0	Y	N	N	N	N	N	N	N	N	N	N	N	0.0000	0.0000	0.0000	0.0000	0.0000	0.0000	0.0000	0.0000	0.0000	0.0000	0.0000	0.0000	0.0000	0.0000	0.0000	0.0000	0.0000	0.0000	0.0000	0.0000	0.0000	0.4159	0.0000	0.0887	0.0000	0.0000	0.0000	0.0000	0.0000	0.0000	0.0000	0.0000	0.0000	0.0000	0.0000	0.0000	0.0000	0.0000	0.0000	0.0000	0.0000	0.0000	0.0000	0.0000	0.0000	0.0000	0.0000	0.0000	0.0000	0.0000	0.0000	0.0000	0.0000	0.0000	0.0000	0.0000	0.0000	0.0000	0.0000	0.0000	0.0000	0.0000	0.0000	0.0000	0.0000	0.0000	0.0000	0.0000	0.0000	0.0000	0.0000	0.0000	0.0000	0.0000	0.0000	0.0000	0.0000	0.0000											
73	108	0.6166	6	2	1	0	0	0	0	0	0	Y	N	N	N	N	N	N	N	N	N	N	N	0.0000	0.0000	0.0000	0.0000	0.0000	0.0000	0.0000	0.0000	0.0000	0.0000	0.0000	0.0000	0.0000	0.0000	0.0000	0.0000	0.0000	0.0000	0.0000	0.0000	0.0000	3.9943	0.0000	0.9974	0.0000	0.0000	0.0000	0.0000	0.0000	0.0000	0.0000	0.0000	0.0000	0.0000	0.0000	0.0000	0.0000	0.0000	0.0000	0.0000	0.0000	0.0000	0.0000	0.0000	0.0000	0.0000	0.0000	0.0000	0.0000	0.0000	0.0000	0.0000	0.0000	0.0000	0.0000	0.0000	0.0000	0.0000	0.0000	0.0000	0.0000	0.0000	0.0000	0.0000	0.0000	0.0000	0.0000	0.0000	0.0000	0.0000	0.0000	0.0000	0.0000	0.0000	0.0000	0.0000	0.0000	0.0000											
73	109	0.0479	3	2	1	1	0	0	0	0	0	Y	N	N	N	N	N	N	N	N	N	N	N	0.0000	0.0000	0.0000	0.0000	0.0000	0.0000	0.0000	0.0000	0.0000	0.0000	0.0000	0.0000	0.0000	0.0000	0.0000	0.0000	0.0000	0.0000	0.0000	0.0000	0.0000	0.0000	0.0000	0.9909	0.0000	0.0000	0.0000	0.0000	0.0000	0.0000	0.0000	0.0000	0.0000	0.0000	0.0000	0.0000	0.0000	0.0000	0.0000	0.0000	0.0000	0.0000	0.0000	0.0000	0.0000	0.0000	0.0000	0.0000	0.0000	0.0000	0.0000	0.0000	0.0000	0.0000	0.0000	0.0000	0.0000	0.0000	0.0000	0.0000	0.0000	0.0000	0.0000	0.0000	0.0000	0.0000	0.0000	0.0000	0.0000	0.0000	0.0000	0.0000	0.0000	0.0000	0.0000	0.0000	0.0000	0.0000											
73	110	0.0192	2	2	1	1	0	0	0	0	0	Y	N	N	N	N	N	N	N	N	N	N	N	inf	inf	inf	inf	1.5467	1.6791	0.0000	4.4184	4.4424	0.0000	0.0000	0.0000	0.0000	0.0000	0.0000	0.0000	0.0000	0.0000	0.0000	0.0000	0.0000	0.0000	0.0000	-0.0000	0.0000	0.0000	4.0000	0.0000	0.0000	0.0000	0.0000	0.0000	0.0000	0.0000	0.0000	0.0000	0.0000	0.0000	0.0000	0.0000	0.0000	0.0000	0.0000	0.0000	0.0000	0.0000	0.0000	0.0000	0.0000	0.0000	0.0000	0.0000	0.0000	0.0000	0.0000	0.0000	0.0000	0.0000	0.0000	0.0000	0.0000	0.0000	0.0000	0.0000	0.0000	inf	inf	0.0000	inf	inf	0.0000	0.0000	0.0000	0.0000	0.0000	0.0000	0.0000	0.0000	0.0000	0.0000	0.0000	0.0000	0.0000						
73	112	0.6212	6	1	1	1	0	0	0	0	0	N	N	N	N	N	N	N	N	N	N	N	N	0.0000	0.0000	0.0000	0.0000	0.0000	0.0000	0.0000	0.0000	0.0000	0.0000	0.0000	0.0000	0.0000	0.0000	0.0000	0.0000	0.0000	0.0000	0.0000	0.0000	0.0000	0.0000	0.0000	0.0001	0.0000	0.0000	0.0000	0.0000	0.0000	0.0000	0.0000	0.0000	0.0000	0.0000	0.0000	0.0000	0.0000	0.0000	0.0000	0.0000	0.0000	0.0000	0.0000	0.0000	0.0000	0.0000	0.0000	0.0000	0.0000	0.0000	0.0000	0.0000	0.0000	0.0000	0.0000	0.0000	0.0000	0.0000	0.0000	0.0000	0.0000	0.0000	0.0000	0.0000	0.0000	0.0000	0.0000	0.0000	0.0000	0.0000	0.0000	0.0000	0.0000	0.0000	0.0000	0.0000	0.0000	0.0000											
73	113	0.5753	5	1	1	1	0	0	0	0	0	N	N	N	N	N	N	N	N	N	N	N	N	0.0000	0.0000	0.0000	0.0000	0.0000	0.0000	0.0000	0.0000	0.0000	0.0000	0.0000	0.0000	0.0000	0.0000	0.0000	0.0000	0.0000	0.0000	0.0000	0.0000	0.0000	4.0004	0.0000	4.9999	0.0000	0.0000	0.0000	0.0000	0.0000	0.0000	0.0000	0.0000	0.0000	0.0000	0.0000	0.0000	0.0000	0.0000	0.0000	0.0000	0.0000	0.0000	0.0000	0.0000	0.0000	0.0000	0.0000	0.0000	0.0000	0.0000	0.0000	0.0000	0.0000	0.0000	0.0000	0.0000	0.0000	0.0000	0.0000	0.0000	0.0000	0.0000	0.0000	0.0000	0.0000	0.0000	0.0000	0.0000	0.0000	0.0000	0.0000	0.0000	0.0000	0.0000	0.0000	0.0000	0.0000	0.0000											
73	114	0.0519	3	1	2	0	0	0	0	0	0	N	Y	N	N	N	N	N	N	N	N	N	N	inf	inf	inf	inf	inf	inf	1.2077	1.3069	0.0000	1.7427	1.8568	0.0000	0.0016	0.0017	0.0000	0.0000	0.0000	0.0000	0.0000	0.0000	0.0000	0.0000	0.0000	0.0000	0.0000	-0.0000	0.0000	0.0000	4.3361	0.0000	4.6323	0.0000	0.0000	0.0000	0.0000	0.0000	0.0000	0.0000	0.0000	0.0000	0.0000	0.0000	0.0000	0.0000	0.0000	0.0000	0.0000	0.0000	0.0000	0.0000	0.0000	0.0000	0.0000	0.0000	0.0000	0.0000	0.0000	0.0000	0.0000	0.0000	0.0000	0.0000	0.0000	0.0000	0.0000	0.0000	0.0000	inf	inf	0.0000	inf	inf	0.0000	inf	inf	0.0000	0.0000	0.0000	0.0000	0.0000	0.0000	0.0000	0.0000	0.0000	0.0000				
73	115	0.0192	2	1	1	0	0	0	0	0	0	N	N	N	N	N	N	N	N	N	N	N	N	inf	inf	inf	inf	2.8628	3.1114	0.0000	8.2458	8.2900	0.0000	0.0000	0.0000	0.0000	0.0000	0.0000	0.0000	0.0000	0.0000	0.0000	0.0000	0.0000	0.0000	0.0000	-0.0000	0.0000	0.0000	1.9840	0.0000	0.2610	0.0000	0.0000	0.0000	0.0000	0.0000	0.0000	0.0000	0.0000	0.0000	0.0000	0.0000	0.0000	0.0000	0.0000	0.0000	0.0000	0.0000	0.0000	0.0000	0.0000	0.0000	0.0000	0.0000	0.0000	0.0000	0.0000	0.0000	0.0000	0.0000	0.0000	0.0000	0.0000	0.0000	0.0000	0.0000	0.0000	inf	inf	0.0000	inf	inf	0.0000	0.0000	0.0000	0.0000	0.0000	0.0000	0.0000	0.0000	0.0000	0.0000	0.0000	0.0000	0.0000						
73	116	0.5753	5	1	2	0	1	0	0	0	0	N	Y	N	N	N	N	N	N	N	N	N	N	0.0000	0.0000	0.0000	0.0000	0.0000	0.0000	0.0000	0.0000	0.0000	0.0000	0.0000	0.0000	0.0000	0.0000	0.0000	0.0000	0.0000	0.0000	0.0000	0.0000	0.0000	5.0006	0.0000	2.0000	0.0000	0.0000	0.0000	0.0000	0.0000	0.0000	0.0000	0.0000	0.0000	0.0000	0.0000	0.0000	0.0000	0.0000	0.0000	0.0000	0.0000	0.0000	0.0000	0.0000	0.0000	0.0000	0.0000	0.0000	0.0000	0.0000	0.0000	0.0000	0.0000	0.0000	0.0000	0.0000	0.0000	0.0000	0.0000	0.0000	0.0000	0.0000	0.0000	0.0000	0.0000	0.0000	0.0000	0.0000	0.0000	0.0000	0.0000	0.0000	0.0000	0.0000	0.0000	0.0000	0.0000	0.0000											
73	117	0.0192	2	1	2	0	1	0	0	0	0	N	Y	N	N	N	N	N	N	N	N	N	N	0.0000	0.0000	0.0000	0.0000	0.0000	0.0000	0.0000	0.0000	0.0000	0.0000	0.0000	0.0000	0.0000	0.0000	0.0000	0.0000	0.0000	0.0000	0.0000	0.0000	0.0000	0.0000	0.0000	1.0000	0.0000	0.0000	0.0000	0.0000	0.0000	0.0000	0.0000	0.0000	0.0000	0.0000	0.0000	0.0000	0.0000	0.0000	0.0000	0.0000	0.0000	0.0000	0.0000	0.0000	0.0000	0.0000	0.0000	0.0000	0.0000	0.0000	0.0000	0.0000	0.0000	0.0000	0.0000	0.0000	0.0000	0.0000	0.0000	0.0000	0.0000	0.0000	0.0000	0.0000	0.0000	0.0000	0.0000	0.0000	0.0000	0.0000	0.0000	0.0000	0.0000	0.0000	0.0000	0.0000	0.0000	0.0000											
73	118	0.5753	5	1	2	0	0	0	0	0	0	N	Y	N	N	N	N	N	N	N	N	N	N	inf	inf	inf	inf	0.5291	0.5695	0.0000	0.9436	0.9740	0.0000	0.0000	0.0000	0.0000	0.0000	0.0000	0.0000	0.0000	0.0000	0.0000	0.0000	0.0000	0.0000	0.0000	-0.0000	0.0000	0.0000	16.9994	0.0000	6.0000	0.0000	0.0000	0.0000	0.0000	0.0000	0.0000	0.0000	0.0000	0.0000	0.0000	0.0000	0.0000	0.0000	0.0000	0.0000	0.0000	0.0000	0.0000	0.0000	0.0000	0.0000	0.0000	0.0000	0.0000	0.0000	0.0000	0.0000	0.0000	0.0000	0.0000	0.0000	0.0000	0.0000	0.0000	0.0000	0.0000	inf	inf	0.0000	inf	inf	0.0000	0.0000	0.0000	0.0000	0.0000	0.0000	0.0000	0.0000	0.0000	0.0000	0.0000	0.0000	0.0000						
73	119	0.0192	2	1	2	0	0	0	0	0	0	N	Y	N	N	N	N	N	N	N	N	N	N	inf	inf	inf	inf	1.2776	1.3862	0.0000	3.6365	3.6564	0.0000	0.0000	0.0000	0.0000	0.0000	0.0000	0.0000	0.0000	0.0000	0.0000	0.0000	0.0000	0.0000	0.0000	-0.0000	0.0000	0.0000	5.0000	0.0000	6.0000	0.0000	0.0000	0.0000	0.0000	0.0000	0.0000	0.0000	0.0000	0.0000	0.0000	0.0000	0.0000	0.0000	0.0000	0.0000	0.0000	0.0000	0.0000	0.0000	0.0000	0.0000	0.0000	0.0000	0.0000	0.0000	0.0000	0.0000	0.0000	0.0000	0.0000	0.0000	0.0000	0.0000	0.0000	0.0000	0.0000	inf	inf	0.0000	inf	inf	0.0000	0.0000	0.0000	0.0000	0.0000	0.0000	0.0000	0.0000	0.0000	0.0000	0.0000	0.0000	0.0000						
73	120	0.0473	3	1	2	0	0	0	0	0	0	N	Y	N	N	N	N	N	N	N	N	N	N	inf	inf	inf	inf	inf	inf	4.4429	4.9961	0.0000	7.9833	8.9894	0.0000	0.0012	0.0014	0.0000	0.0000	0.0000	0.0000	0.0000	0.0000	0.0000	0.0000	0.0000	0.0000	0.0000	-0.0000	0.0000	0.0000	0.9998	0.0000	0.9486	0.0000	0.0000	0.0000	0.0000	0.0000	0.0000	0.0000	0.0000	0.0000	0.0000	0.0000	0.0000	0.0000	0.0000	0.0000	0.0000	0.0000	0.0000	0.0000	0.0000	0.0000	0.0000	0.0000	0.0000	0.0000	0.0000	0.0000	0.0000	0.0000	0.0000	0.0000	0.0000	0.0000	0.0000	0.0000	0.0000	inf	inf	0.0000	inf	inf	0.0000	inf	inf	0.0000	0.0000	0.0000	0.0000	0.0000	0.0000	0.0000	0.0000	0.0000	0.0000				
73	121	0.0192	2	1	2	0	0	0	0	0	0	N	Y	N	N	N	N	N	N	N	N	N	N	inf	inf	inf	inf	0.0158	0.0171	0.0000	0.0449	0.0451	0.0000	0.0000	0.0000	0.0000	0.0000	0.0000	0.0000	0.0000	0.0000	0.0000	0.0000	0.0000	0.0000	0.0000	-0.0000	0.0000	0.0000	3.0005	0.0000	1.1085	0.0000	0.0000	0.0000	0.0000	0.0000	0.0000	0.0000	0.0000	0.0000	0.0000	0.0000	0.0000	0.0000	0.0000	0.0000	0.0000	0.0000	0.0000	0.0000	0.0000	0.0000	0.0000	0.0000	0.0000	0.0000	0.0000	0.0000	0.0000	0.0000	0.0000	0.0000	0.0000	0.0000	0.0000	0.0000	0.0000	inf	inf	0.0000	inf	inf	0.0000	0.0000	0.0000	0.0000	0.0000	0.0000	0.0000	0.0000	0.0000	0.0000	0.0000	0.0000	0.0000						
73	122	0.6166	6	1	2	0	0	0	0	0	0	N	Y	N	N	N	N	N	N	N	N	N	N	0.0000	0.0000	0.0000	0.0000	0.0000	0.0000	0.0000	0.0000	0.0000	0.0000	0.0000	0.0000	0.0000	0.0000	0.0000	0.0000	0.0000	0.0000	0.0000	0.0000	0.0000	2.0001	0.0000	3.0000	0.0000	0.0000	0.0000	0.0000	0.0000	0.0000	0.0000	0.0000	0.0000	0.0000	0.0000	0.0000	0.0000	0.0000	0.0000	0.0000	0.0000	0.0000	0.0000	0.0000	0.0000	0.0000	0.0000	0.0000	0.0000	0.0000	0.0000	0.0000	0.0000	0.0000	0.0000	0.0000	0.0000	0.0000	0.0000	0.0000	0.0000	0.0000	0.0000	0.0000	0.0000	0.0000	0.0000	0.0000	0.0000	0.0000	0.0000	0.0000	0.0000	0.0000	0.0000	0.0000	0.0000	0.0000											
73	123	0.5753	5	1	1	0	0	0	0	0	0	N	N	N	N	N	N	N	N	N	N	N	N	inf	inf	inf	inf	0.9793	1.0546	0.0000	1.6992	1.7559	0.0000	0.0000	0.0000	0.0000	0.0000	0.0000	0.0000	0.0000	0.0000	0.0000	0.0000	0.0000	0.0000	0.0000	-0.0000	0.0000	0.0000	6.9986	0.0000	2.0000	0.0000	0.0000	0.0000	0.0000	0.0000	0.0000	0.0000	0.0000	0.0000	0.0000	0.0000	0.0000	0.0000	0.0000	0.0000	0.0000	0.0000	0.0000	0.0000	0.0000	0.0000	0.0000	0.0000	0.0000	0.0000	0.0000	0.0000	0.0000	0.0000	0.0000	0.0000	0.0000	0.0000	0.0000	0.0000	0.0000	inf	inf	0.0000	inf	inf	0.0000	0.0000	0.0000	0.0000	0.0000	0.0000	0.0000	0.0000	0.0000	0.0000	0.0000	0.0000	0.0000						
73	124	0.0527	3	1	2	0	0	0	0	0	0	N	Y	N	N	N	N	N	N	N	N	N	N	0.0000	0.0000	0.0000	0.0000	0.0000	0.0000	0.0000	0.0000	0.0000	0.0000	0.0000	0.0000	0.0000	0.0000	0.0000	0.0000	0.0000	0.0000	0.0000	0.0000	0.0000	3.9006	0.0000	3.1543	0.0000	0.0000	0.0000	0.0000	0.0000	0.0000	0.0000	0.0000	0.0000	0.0000	0.0000	0.0000	0.0000	0.0000	0.0000	0.0000	0.0000	0.0000	0.0000	0.0000	0.0000	0.0000	0.0000	0.0000	0.0000	0.0000	0.0000	0.0000	0.0000	0.0000	0.0000	0.0000	0.0000	0.0000	0.0000	0.0000	0.0000	0.0000	0.0000	0.0000	0.0000	0.0000	0.0000	0.0000	0.0000	0.0000	0.0000	0.0000	0.0000	0.0000	0.0000	0.0000	0.0000	0.0000											
73	125	0.0192	2	1	2	0	0	0	0	0	0	N	Y	N	N	N	N	N	N	N	N	N	N	0.0000	0.0000	0.0000	0.0000	0.0000	0.0000	0.0000	0.0000	0.0000	0.0000	0.0000	0.0000	0.0000	0.0000	0.0000	0.0000	0.0000	0.0000	-0.0000	0.0000	0.0000	1.6924	0.0000	1.9110	0.0000	0.0000	0.0000	0.0000	0.0000	0.0000	0.0000	0.0000	0.0000	0.0000	0.0000	0.0000	0.0000	0.0000	0.0000	0.0000	0.0000	0.0000	0.0000	0.0000	0.0000	0.0000	0.0000	0.0000	0.0000	0.0000	0.0000	0.0000	0.0000	0.0000	0.0000	0.0000	0.0000	0.0000	0.0000	0.0000	0.0000	0.0000	0.0000	0.0000	0.0000	0.0000	0.0000	0.0000	0.0000	0.0000	0.0000	0.0000	0.0000	0.0000	0.0000	0.0000	0.0000	0.0000											
73	126	0.5753	5	1	2	0	0	0	0	0	0	N	Y	N	N	N	N	N	N	N	N	N	N	0.0000	0.0000	0.0000	0.0000	0.0000	0.0000	0.0000	0.0000	0.0000	0.0000	0.0000	0.0000	0.0000	0.0000	0.0000	0.0000	0.0000	0.0000	0.0000	0.0000	0.0000	0.9996	0.0000	8.0005	0.0000	0.0000	0.0000	0.0000	0.0000	0.0000	0.0000	0.0000	0.0000	0.0000	0.0000	0.0000	0.0000	0.0000	0.0000	0.0000	0.0000	0.0000	0.0000	0.0000	0.0000	0.0000	0.0000	0.0000	0.0000	0.0000	0.0000	0.0000	0.0000	0.0000	0.0000	0.0000	0.0000	0.0000	0.0000	0.0000	0.0000	0.0000	0.0000	0.0000	0.0000	0.0000	0.0000	0.0000	0.0000	0.0000	0.0000	0.0000	0.0000	0.0000	0.0000	0.0000	0.0000	0.0000											
73	127	0.4807	5	1	1	0	0	0	0	0	0	N	N	N	N	N	N	N	N	N	N	N	N	inf	inf	0.0002	0.0000	0.0025	0.0000	0.0000	0.0000	0.0000	0.0000	0.0000	0.0000	0.0000	0.0000	0.0000	0.0000	0.0000	0.0000	0.0000	0.0000	inf	0.0000	0.0000	0.0000	3.6536	0.0000	12.3970	0.0000	0.0000	0.0000	0.0000	0.0000	0.0000	0.0000	0.0000	0.0000	0.0000	0.0000	0.0000	0.0000	0.0000	0.0000	0.0000	0.0000	0.0000	0.0000	0.0000	0.0000	0.0000	0.0000	0.0000	0.0000	0.0000	0.0000	0.0000	0.0000	0.0000	0.0000	0.0000	0.0000	0.0000	0.0000	0.0000	inf	0.0000	inf	0.0000	0.0000	0.0000	0.0000	0.0000	0.0000	0.0000	0.0000	0.0000	0.0000	0.0000	0.0000	0.0000	0.0000	0.0000								
73	128	0.2696	3	1	1	0	0	0	0	0	0	N	N	N	N	N	N	N	N	N	N	N	N	inf	inf	inf	inf	inf	inf	0.0050	0.0000	0.0583	0.0036	0.0000	0.0724	0.0068	0.0000	0.0511	0.0000	0.0000	0.0000	0.0000	0.0000	0.0000	0.0000	0.0000	0.0000	inf	0.0000	0.0000	0.0000	5.3495	0.0000	12.4099	0.0000	0.0000	0.0000	0.0000	0.0000	0.0000	0.0000	0.0000	0.0000	0.0000	0.0000	0.0000	0.0000	0.0000	0.0000	0.0000	0.0000	0.0000	0.0000	0.0000	0.0000	0.0000	0.0000	0.0000	0.0000	0.0000	0.0000	0.0000	0.0000	0.0000	0.0000	0.0000	0.0000	0.0000	0.0000	0.0000	inf	0.0000	inf	inf	0.0000	inf	inf	0.0000	inf	0.0000	0.0000	0.0000	0.0000	0.0000	0.0000	0.0000	0.0000	0.0000				
73	129	0.6868	11	1	2	0	1	0	0	0	0	N	Y	N	N	N	N	N	N	N	N	N	N	0.0000	0.0000	0.0000	0.0000	0.0000	0.0000	0.0000	0.0000	0.0000	0.0000	0.0000	0.0000	0.0000	0.0000	0.0000	0.0000	0.0000	0.0000	0.0000	0.0000	0.0000	0.0000	0.0000	0.0000	0.0000	0.0000	0.0000	0.0000	0.0000	0.0000	0.0000	0.0000	0.0000	0.0000	0.0000	0.0000	0.0000	0.0000	0.0000	0.0000	0.0000	0.0000	0.0000	0.0000	0.0000	0.0000	0.0000	0.0000	0.0000	0.0000	0.0000	0.0000	0.0000	0.0000	0.0000	0.0000	0.0000	0.0000	0.0000	0.0000	0.0000	0.0000	0.0000	0.0000	0.0000	0.0000	0.0000	0.0000	0.0000	0.0000	0.0000	0.0000	0.0000	0.0000	0.0000	0.0000	0.0000	0.0000											
73	130	0.6705	10	1	2	0	1	0	0	0	0	N	Y	N	N	N	N	N	N	N	N	N	N	0.0000	0.0000	0.0000	0.0000	0.0000	0.0000	0.0000	0.0000	0.0000	0.0000	0.0000	0.0000	0.0000	0.0000	0.0000	0.0000	0.0000	0.0000	0.0000	0.0000	0.0000	0.0000	0.0000	3.0001	0.0000	0.0000	0.0000	0.0000	0.0000	0.0000	0.0000	0.0000	0.0000	0.0000	0.0000	0.0000	0.0000	0.0000	0.0000	0.0000	0.0000	0.0000	0.0000	0.0000	0.0000	0.0000	0.0000	0.0000	0.0000	0.0000	0.0000	0.0000	0.0000	0.0000	0.0000	0.0000	0.0000	0.0000	0.0000	0.0000	0.0000	0.0000	0.0000	0.0000	0.0000	0.0000	0.0000	0.0000	0.0000	0.0000	0.0000	0.0000	0.0000	0.0000	0.0000	0.0000	0.0000	0.0000											
73	131	0.6608	9	1	2	0	0	0	0	0	0	N	Y	N	N	N	N	N	N	N	N	N	N	0.0000	0.0000	0.0000	0.0000	0.0000	0.0000	0.0000	0.0000	0.0000	0.0000	0.0000	0.0000	0.0000	0.0000	0.0000	0.0000	0.0000	0.0000	0.0000	0.0000	0.0000	0.0000	0.0000	0.0000	0.0000	0.0000	0.0000	0.0000	0.0000	0.0000	0.0000	0.0000	0.0000	0.0000	0.0000	0.0000	0.0000	0.0000	0.0000	0.0000	0.0000	0.0000	0.0000	0.0000	0.0000	0.0000	0.0000	0.0000	0.0000	0.0000	0.0000	0.0000	0.0000	0.0000	0.0000	0.0000	0.0000	0.0000	0.0000	0.0000	0.0000	0.0000	0.0000	0.0000	0.0000	0.0000	0.0000	0.0000	0.0000	0.0000	0.0000	0.0000	0.0000	0.0000	0.0000	0.0000	0.0000	0.0000											
73	132	0.6705	10	1	1	1	1	0	0	0	0	N	N	N	N	N	N	N	N	N	N	N	N	0.0000	0.0000	0.0000	0.0000	0.0000	0.0000	0.0000	0.0000	0.0000	0.0000	0.0000	0.0000	0.0000	0.0000	0.0000	0.0000	0.0000	0.0000	0.0000	0.0000	0.0000	0.0000	0.0000	1.9999	0.0000	0.0000	0.0000	0.0000	0.0000	0.0000	0.0000	0.0000	0.0000	0.0000	0.0000	0.0000	0.0000	0.0000	0.0000	0.0000	0.0000	0.0000	0.0000	0.0000	0.0000	0.0000	0.0000	0.0000	0.0000	0.0000	0.0000	0.0000	0.0000	0.0000	0.0000	0.0000	0.0000	0.0000	0.0000	0.0000	0.0000	0.0000	0.0000	0.0000	0.0000	0.0000	0.0000	0.0000	0.0000	0.0000	0.0000	0.0000	0.0000	0.0000	0.0000	0.0000	0.0000	0.0000											
73	133	0.6815	11	1	1	1	1	0	0	0	0	N	N	N	N	N	N	N	N	N	N	N	N	0.0000	0.0000	0.0000	0.0000	0.0000	0.0000	0.0000	0.0000	0.0000	0.0000	0.0000	0.0000	0.0000	0.0000	0.0000	0.0000	0.0000	0.0000	0.0000	0.0000	0.0000	1.0000	0.0000	0.0000	0.0000	0.0000	0.0000	0.0000	0.0000	0.0000	0.0000	0.0000	0.0000	0.0000	0.0000	0.0000	0.0000	0.0000	0.0000	0.0000	0.0000	0.0000	0.0000	0.0000	0.0000	0.0000	0.0000	0.0000	0.0000	0.0000	0.0000	0.0000	0.0000	0.0000	0.0000	0.0000	0.0000	0.0000	0.0000	0.0000	0.0000	0.0000	0.0000	0.0000	0.0000	0.0000	0.0000	0.0000	0.0000	0.0000	0.0000	0.0000	0.0000	0.0000	0.0000	0.0000	0.0000	0.0000											
73	134	0.6815	11	1	1	1	1	0	0	0	0	N	N	N	N	N	N	N	N	N	N	N	N	0.0000	0.0000	0.0000	0.0000	0.0000	0.0000	0.0000	0.0000	0.0000	0.0000	0.0000	0.0000	0.0000	0.0000	0.0000	0.0000	0.0000	0.0000	0.0000	0.0000	0.0000	0.0000	0.0000	0.0000	0.0000	0.0000	0.0000	0.0000	0.0000	0.0000	0.0000	0.0000	0.0000	0.0000	0.0000	0.0000	0.0000	0.0000	0.0000	0.0000	0.0000	0.0000	0.0000	0.0000	0.0000	0.0000	0.0000	0.0000	0.0000	0.0000	0.0000	0.0000	0.0000	0.0000	0.0000	0.0000	0.0000	0.0000	0.0000	0.0000	0.0000	0.0000	0.0000	0.0000	0.0000	0.0000	0.0000	0.0000	0.0000	0.0000	0.0000	0.0000	0.0000	0.0000	0.0000	0.0000	0.0000	0.0000											
73	135	0.6705	10	1	1	1	1	0	0	0	0	N	N	N	N	N	N	N	N	N	N	N	N	0.0000	0.0000	0.0000	0.0000	0.0000	0.0000	0.0000	0.0000	0.0000	0.0000	0.0000	0.0000	0.0000	0.0000	0.0000	0.0000	0.0000	0.0000	0.0000	0.0000	0.0000	2.0025	0.0000	0.9943	0.0000	0.0000	0.0000	0.0000	0.0000	0.0000	0.0000	0.0000	0.0000	0.0000	0.0000	0.0000	0.0000	0.0000	0.0000	0.0000	0.0000	0.0000	0.0000	0.0000	0.0000	0.0000	0.0000	0.0000	0.0000	0.0000	0.0000	0.0000	0.0000	0.0000	0.0000	0.0000	0.0000	0.0000	0.0000	0.0000	0.0000	0.0000	0.0000	0.0000	0.0000	0.0000	0.0000	0.0000	0.0000	0.0000	0.0000	0.0000	0.0000	0.0000	0.0000	0.0000	0.0000	0.0000											
73	136	0.6705	9	1	1	0	1	0	0	0	0	N	N	N	N	N	N	N	N	N	N	N	N	0.0000	0.0000	0.0000	0.0000	0.0000	0.0000	0.0000	0.0000	0.0000	0.0000	0.0000	0.0000	0.0000	0.0000	0.0000	0.0000	0.0000	0.0000	0.0000	0.0000	0.0000	0.0050	0.0000	0.0173	0.0000	0.0000	0.0000	0.0000	0.0000	0.0000	0.0000	0.0000	0.0000	0.0000	0.0000	0.0000	0.0000	0.0000	0.0000	0.0000	0.0000	0.0000	0.0000	0.0000	0.0000	0.0000	0.0000	0.0000	0.0000	0.0000	0.0000	0.0000	0.0000	0.0000	0.0000	0.0000	0.0000	0.0000	0.0000	0.0000	0.0000	0.0000	0.0000	0.0000	0.0000	0.0000	0.0000	0.0000	0.0000	0.0000	0.0000	0.0000	0.0000	0.0000	0.0000	0.0000	0.0000	0.0000											
73	137	0.6608	8	1	1	0	1	0	0	0	0	N	N	N	N	N	N	N	N	N	N	N	N	0.0000	0.0000	0.0000	0.0000	0.0000	0.0000	0.0000	0.0000	0.0000	0.0000	0.0000	0.0000	0.0000	0.0000	0.0000	0.0000	0.0000	0.0000	0.0000	0.0000	0.0000	1.9972	0.0000	1.0076	0.0000	0.0000	0.0000	0.0000	0.0000	0.0000	0.0000	0.0000	0.0000	0.0000	0.0000	0.0000	0.0000	0.0000	0.0000	0.0000	0.0000	0.0000	0.0000	0.0000	0.0000	0.0000	0.0000	0.0000	0.0000	0.0000	0.0000	0.0000	0.0000	0.0000	0.0000	0.0000	0.0000	0.0000	0.0000	0.0000	0.0000	0.0000	0.0000	0.0000	0.0000	0.0000	0.0000	0.0000	0.0000	0.0000	0.0000	0.0000	0.0000	0.0000	0.0000	0.0000	0.0000	0.0000											
73	138	0.6436	7	2	2	0	0	0	0	0	0	Y	Y	N	N	N	N	N	N	N	N	N	N	0.0000	0.0000	0.0000	0.0000	0.0000	0.0000	0.0000	0.0000	0.0000	0.0000	0.0000	0.0000	0.0000	0.0000	0.0000	0.0000	0.0000	0.0000	0.0000	0.0000	0.0000	0.0002	0.0000	2.3255	0.0000	0.0000	0.0000	0.0000	0.0000	0.0000	0.0000	0.0000	0.0000	0.0000	0.0000	0.0000	0.0000	0.0000	0.0000	0.0000	0.0000	0.0000	0.0000	0.0000	0.0000	0.0000	0.0000	0.0000	0.0000	0.0000	0.0000	0.0000	0.0000	0.0000	0.0000	0.0000	0.0000	0.0000	0.0000	0.0000	0.0000	0.0000	0.0000	0.0000	0.0000	0.0000	0.0000	0.0000	0.0000	0.0000	0.0000	0.0000	0.0000	0.0000	0.0000	0.0000	0.0000	0.0000											
73	139	0.6257	6	2	2	0	0	0	0	0	0	Y	Y	N	N	N	N	N	N	N	N	N	N	inf	inf	inf	inf	0.0141	0.0159	0.0000	0.0196	0.0205	0.0000	0.0000	0.0000	0.0000	0.0000	0.0000	0.0000	0.0000	0.0000	0.0000	0.0000	0.0000	0.0000	0.0000	-0.0000	0.0000	0.0000	2.0138	0.0000	2.7349	0.0000	0.0000	0.0000	0.0000	0.0000	0.0000	0.0000	0.0000	0.0000	0.0000	0.0000	0.0000	0.0000	0.0000	0.0000	0.0000	0.0000	0.0000	0.0000	0.0000	0.0000	0.0000	0.0000	0.0000	0.0000	0.0000	0.0000	0.0000	0.0000	0.0000	0.0000	0.0000	0.0000	0.0000	0.0000	0.0000	inf	inf	0.0000	inf	inf	0.0000	0.0000	0.0000	0.0000	0.0000	0.0000	0.0000	0.0000	0.0000	0.0000	0.0000	0.0000	0.0000						
73	140	0.6422	7	1	2	0	0	0	0	0	0	N	Y	N	N	N	N	N	N	N	N	N	N	0.0000	0.0000	0.0000	0.0000	0.0000	0.0000	0.0000	0.0000	0.0000	0.0000	0.0000	0.0000	0.0000	0.0000	0.0000	0.0000	0.0000	0.0000	-0.0000	0.0000	0.0000	1.9232	0.0000	1.1116	0.0000	0.0000	0.0000	0.0000	0.0000	0.0000	0.0000	0.0000	0.0000	0.0000	0.0000	0.0000	0.0000	0.0000	0.0000	0.0000	0.0000	0.0000	0.0000	0.0000	0.0000	0.0000	0.0000	0.0000	0.0000	0.0000	0.0000	0.0000	0.0000	0.0000	0.0000	0.0000	0.0000	0.0000	0.0000	0.0000	0.0000	0.0000	0.0000	0.0000	0.0000	0.0000	0.0000	0.0000	0.0000	0.0000	0.0000	0.0000	0.0000	0.0000	0.0000	0.0000	0.0000	0.0000											
73	145	0.6608	9	2	2	0	0	0	0	0	0	Y	Y	N	N	N	N	N	N	N	N	N	N	0.0000	0.0000	0.0000	0.0000	0.0000	0.0000	0.0000	0.0000	0.0000	0.0000	0.0000	0.0000	0.0000	0.0000	0.0000	0.0000	0.0000	0.0000	0.0000	0.0000	0.0000	1.0000	0.0000	1.0000	0.0000	0.0000	0.0000	0.0000	0.0000	0.0000	0.0000	0.0000	0.0000	0.0000	0.0000	0.0000	0.0000	0.0000	0.0000	0.0000	0.0000	0.0000	0.0000	0.0000	0.0000	0.0000	0.0000	0.0000	0.0000	0.0000	0.0000	0.0000	0.0000	0.0000	0.0000	0.0000	0.0000	0.0000	0.0000	0.0000	0.0000	0.0000	0.0000	0.0000	0.0000	0.0000	0.0000	0.0000	0.0000	0.0000	0.0000	0.0000	0.0000	0.0000	0.0000	0.0000	0.0000	0.0000											
73	146	0.6608	8	1	2	0	0	0	0	0	0	N	Y	N	N	N	N	N	N	N	N	N	N	0.0000	0.0000	0.0000	0.0000	0.0000	0.0000	0.0000	0.0000	0.0000	0.0000	0.0000	0.0000	0.0000	0.0000	0.0000	0.0000	0.0000	0.0000	0.0000	0.0000	0.0000	0.0003	0.0000	0.0000	0.0000	0.0000	0.0000	0.0000	0.0000	0.0000	0.0000	0.0000	0.0000	0.0000	0.0000	0.0000	0.0000	0.0000	0.0000	0.0000	0.0000	0.0000	0.0000	0.0000	0.0000	0.0000	0.0000	0.0000	0.0000	0.0000	0.0000	0.0000	0.0000	0.0000	0.0000	0.0000	0.0000	0.0000	0.0000	0.0000	0.0000	0.0000	0.0000	0.0000	0.0000	0.0000	0.0000	0.0000	0.0000	0.0000	0.0000	0.0000	0.0000	0.0000	0.0000	0.0000	0.0000	0.0000											
73	147	0.6422	7	1	1	0	0	0	0	0	0	N	N	N	N	N	N	N	N	N	N	N	N	0.0000	0.0000	0.0000	0.0000	0.0000	0.0000	0.0000	0.0000	0.0000	0.0000	0.0000	0.0000	0.0000	0.0000	0.0000	0.0000	0.0000	0.0000	-0.0000	0.0000	0.0000	4.9449	0.0000	1.0063	0.0000	0.0000	0.0000	0.0000	0.0000	0.0000	0.0000	0.0000	0.0000	0.0000	0.0000	0.0000	0.0000	0.0000	0.0000	0.0000	0.0000	0.0000	0.0000	0.0000	0.0000	0.0000	0.0000	0.0000	0.0000	0.0000	0.0000	0.0000	0.0000	0.0000	0.0000	0.0000	0.0000	0.0000	0.0000	0.0000	0.0000	0.0000	0.0000	0.0000	0.0000	0.0000	0.0000	0.0000	0.0000	0.0000	0.0000	0.0000	0.0000	0.0000	0.0000	0.0000	0.0000	0.0000											
73	148	0.6257	6	1	1	0	0	0	0	0	0	N	N	N	N	N	N	N	N	N	N	N	N	inf	inf	inf	inf	0.0099	0.0111	0.0000	0.0144	0.0151	0.0000	0.0000	0.0000	0.0000	0.0000	0.0000	0.0000	0.0000	0.0000	0.0000	0.0000	0.0000	0.0000	0.0086	-0.0000	0.0000	0.0000	3.4778	0.0000	1.2917	0.0000	0.0000	0.0000	0.0000	0.0000	0.0000	0.0000	0.0000	0.0000	0.0000	0.0000	0.0000	0.0000	0.0000	0.0000	0.0000	0.0000	0.0000	0.0000	0.0000	0.0000	0.0000	0.0000	0.0000	0.0000	0.0000	0.0000	0.0000	0.0000	0.0000	0.0000	0.0000	0.0000	0.0000	0.0000	0.0000	inf	inf	0.0000	inf	inf	0.0000	0.0000	0.0000	0.0000	0.0000	0.0000	0.0000	0.0000	0.0000	0.0000	0.0000	0.0000	0.0000						
73	149	0.5753	5	1	1	0	0	0	0	0	0	N	N	N	N	N	N	N	N	N	N	N	N	inf	inf	inf	inf	0.8962	0.9651	0.0000	1.5594	1.6112	0.0000	0.0000	0.0000	0.0000	0.0000	0.0000	0.0000	0.0000	0.0000	0.0000	0.0000	0.0000	0.0000	0.0000	-0.0000	0.0000	0.0000	7.8050	0.0000	4.0035	0.0000	0.0000	0.0000	0.0000	0.0000	0.0000	0.0000	0.0000	0.0000	0.0000	0.0000	0.0000	0.0000	0.0000	0.0000	0.0000	0.0000	0.0000	0.0000	0.0000	0.0000	0.0000	0.0000	0.0000	0.0000	0.0000	0.0000	0.0000	0.0000	0.0000	0.0000	0.0000	0.0000	0.0000	0.0000	0.0000	inf	inf	0.0000	inf	inf	0.0000	0.0000	0.0000	0.0000	0.0000	0.0000	0.0000	0.0000	0.0000	0.0000	0.0000	0.0000	0.0000						
73	150	0.4807	5	1	1	0	0	0	0	0	0	N	N	N	N	N	N	N	N	N	N	N	N	inf	inf	0.0002	0.0000	0.0025	0.0000	0.0000	0.0000	0.0000	0.0000	0.0000	0.0000	0.0000	0.0000	0.0000	0.0000	0.0000	0.0000	0.0000	0.0000	inf	0.0000	0.0000	0.0000	3.7255	0.0000	14.1767	0.0000	0.0000	0.0000	0.0000	0.0000	0.0000	0.0000	0.0000	0.0000	0.0000	0.0000	0.0000	0.0000	0.0000	0.0000	0.0000	0.0000	0.0000	0.0000	0.0000	0.0000	0.0000	0.0000	0.0000	0.0000	0.0000	0.0000	0.0000	0.0000	0.0000	0.0000	0.0000	0.0000	0.0000	0.0000	0.0000	inf	0.0000	inf	0.0000	0.0000	0.0000	0.0000	0.0000	0.0000	0.0000	0.0000	0.0000	0.0000	0.0000	0.0000	0.0000	0.0000	0.0000								
73	151	0.4644	4	1	1	0	0	0	0	0	0	N	N	N	N	N	N	N	N	N	N	N	N	inf	inf	inf	inf	0.0005	0.0005	0.0000	0.0007	0.0008	0.0000	0.0000	0.0000	0.0000	0.0000	0.0000	0.0000	0.0000	0.0000	0.0000	0.0000	0.0000	0.0000	0.1818	-0.0000	0.0000	0.0000	1.4205	0.0000	4.0377	0.0000	0.0000	0.0000	0.0000	0.0000	0.0000	0.0000	0.0000	0.0000	0.0000	0.0000	0.0000	0.0000	0.0000	0.0000	0.0000	0.0000	0.0000	0.0000	0.0000	0.0000	0.0000	0.0000	0.0000	0.0000	0.0000	0.0000	0.0000	0.0000	0.0000	0.0000	0.0000	0.0000	0.0000	0.0000	0.0000	inf	inf	0.0000	inf	inf	0.0000	0.0000	0.0000	0.0000	0.0000	0.0000	0.0000	0.0000	0.0000	0.0000	0.0000	0.0000	0.0000						
74	75	0.1256	7	1	2	0	1	0	0	0	0	N	Y	N	N	N	N	N	N	N	N	N	N	0.0000	0.0000	0.0000	0.0000	0.0000	0.0000	0.0000	0.0000	0.0000	0.0000	0.0000	0.0000	0.0000	0.0000	0.0000	0.0000	0.0000	0.0000	0.0000	0.0000	0.0000	0.0000	0.0010	0.0000	0.0000	0.0000	0.0000	0.0000	0.0000	0.0000	0.0000	0.0000	0.0000	0.0000	0.0000	0.0000	0.0000	0.0000	0.0000	0.0000	0.0000	0.0000	0.0000	0.0000	0.0000	0.0000	0.0000	0.0000	0.0000	0.0000	0.0000	0.0000	0.0000	0.0000	0.0000	0.0000	0.0000	0.0000	0.0000	0.0000	0.0000	0.0000	0.0000	0.0000	0.0000	0.0000	0.0000	0.0000	0.0000	0.0000	0.0000	0.0000	0.0000	0.0000	0.0000	0.0000	0.0000	0.0000											
74	76	0.1256	7	1	1	0	1	0	0	0	0	N	N	N	N	N	N	N	N	N	N	N	N	0.0000	0.0000	0.0000	0.0000	0.0000	0.0000	0.0000	0.0000	0.0000	0.0000	0.0000	0.0000	0.0000	0.0000	0.0000	0.0000	0.0000	0.0000	0.0000	0.0000	0.0000	0.0000	0.0010	0.0000	0.0000	0.0000	0.0000	0.0000	0.0000	0.0000	0.0000	0.0000	0.0000	0.0000	0.0000	0.0000	0.0000	0.0000	0.0000	0.0000	0.0000	0.0000	0.0000	0.0000	0.0000	0.0000	0.0000	0.0000	0.0000	0.0000	0.0000	0.0000	0.0000	0.0000	0.0000	0.0000	0.0000	0.0000	0.0000	0.0000	0.0000	0.0000	0.0000	0.0000	0.0000	0.0000	0.0000	0.0000	0.0000	0.0000	0.0000	0.0000	0.0000	0.0000	0.0000	0.0000	0.0000	0.0000											
74	77	0.1103	6	1	1	0	1	0	0	0	0	N	N	N	N	N	N	N	N	N	N	N	N	0.0000	0.0000	0.0000	0.0000	0.0000	0.0000	0.0000	0.0000	0.0000	0.0000	0.0000	0.0000	0.0000	0.0000	0.0000	0.0000	0.0000	0.0000	0.0000	0.0000	0.0000	0.0002	0.0010	2.9297	0.0000	0.0000	0.0000	0.0000	0.0000	0.0000	0.0000	0.0000	0.0000	0.0000	0.0000	0.0000	0.0000	0.0000	0.0000	0.0000	0.0000	0.0000	0.0000	0.0000	0.0000	0.0000	0.0000	0.0000	0.0000	0.0000	0.0000	0.0025	0.0020	0.0005	0.0013	0.0012	0.0000	0.0012	0.0007	0.0005	0.0000	0.0000	0.0000	0.0000	0.0000	0.0000	0.0000	0.0000	0.0000	0.0000	0.0000	0.0000	0.0000	0.0000	0.0000	0.0000	0.0000	0.0000											
74	78	0.1062	5	1	1	0	1	0	0	0	0	N	N	N	N	N	N	N	N	N	N	N	N	0.0000	0.0000	0.0000	0.0000	0.0000	0.0000	0.0000	0.0000	0.0000	0.0000	0.0000	0.0000	0.0000	0.0000	0.0000	0.0000	0.0000	0.0000	0.0000	0.0000	0.0000	0.0003	0.0010	2.1916	0.0000	0.0000	0.0000	0.0000	0.0000	0.0000	0.0000	0.0000	0.0000	0.0000	0.0000	0.0000	0.0000	0.0000	0.0000	0.0000	0.0000	0.0000	0.0000	0.0000	0.0000	0.0000	0.0000	0.0000	0.0000	0.0000	0.0000	0.0018	0.0014	0.0004	0.0009	0.0009	0.0000	0.0009	0.0005	0.0004	0.0000	0.0000	0.0000	0.0000	0.0000	0.0000	0.0000	0.0000	0.0000	0.0000	0.0000	0.0000	0.0000	0.0000	0.0000	0.0000	0.0000	0.0000											
74	79	0.0984	4	1	1	0	0	0	0	0	0	N	N	N	N	N	N	N	N	N	N	N	N	0.0000	0.0000	0.0000	0.0000	0.0000	0.0000	0.0000	0.0000	0.0000	0.0000	0.0000	0.0000	0.0000	0.0000	0.0000	0.0000	0.0000	0.0000	0.0000	0.0000	0.0000	0.2782	0.0010	1.3600	0.0000	0.0000	0.0000	0.0000	0.0000	0.0000	0.0000	0.0000	0.0000	0.0000	0.0000	0.0000	0.0000	0.0000	0.0000	0.0000	0.0000	0.0000	0.0000	0.0000	0.0000	0.0000	0.0000	0.0000	0.0000	0.0000	0.0000	0.0013	0.0010	0.0003	0.0007	0.0007	0.0000	0.0007	0.0004	0.0003	0.0000	0.0000	0.0000	0.0000	0.0000	0.0000	0.0000	0.0000	0.0000	0.0000	0.0000	0.0000	0.0000	0.0000	0.0000	0.0000	0.0000	0.0000											
74	80	0.1420	6	1	2	1	0	0	0	0	0	N	Y	N	N	N	N	N	N	N	N	N	N	0.0000	0.0000	0.0000	0.0000	0.0000	0.0000	0.0000	0.0000	0.0000	0.0000	0.0000	0.0000	0.0000	0.0001	0.0002	0.0000	0.0002	0.0002	0.0000	0.0000	0.0000	0.0000	0.0000	0.0000	-0.0000	0.0000	0.0029	0.0010	2.0135	0.0000	0.0000	0.0000	0.0000	0.0000	0.0000	0.0000	0.0000	0.0000	0.0000	0.0000	0.0000	0.0000	0.0000	0.0000	0.0000	0.0000	0.0000	0.0000	0.0000	0.0000	0.0000	0.0000	0.0000	0.0000	0.0000	0.0000	0.0016	0.0013	0.0003	0.0008	0.0008	0.0000	0.0008	0.0005	0.0003	0.0000	0.0000	0.0000	0.0000	0.0000	0.0000	0.0000	0.0000	0.0000	0.0000	0.0000	0.0000	0.0000	0.0000	0.0000	0.0000	0.0000	0.0000						
74	81	0.1355	5	1	2	0	0	0	0	0	0	N	Y	N	N	N	N	N	N	N	N	N	N	0.0000	0.0000	0.0000	0.0000	0.0000	0.0000	0.0000	0.0000	0.0000	0.0000	0.0000	0.0000	0.0000	0.0000	0.0000	0.0013	0.0015	0.0000	0.0018	0.0015	0.0000	0.0000	0.0014	0.0000	0.0000	0.0000	-0.0000	0.0000	0.6188	0.0010	0.9475	0.0000	0.0000	0.0000	0.0000	0.0000	0.0000	0.0000	0.0000	0.0000	0.0000	0.0000	0.0000	0.0000	0.0000	0.0000	0.0000	0.0000	0.0000	0.0000	0.0000	0.0000	0.0000	0.0000	0.0000	0.0000	0.0000	0.0000	0.0012	0.0010	0.0003	0.0006	0.0006	0.0000	0.0006	0.0004	0.0002	0.0000	0.0000	0.0000	0.0000	0.0000	0.0000	0.0000	0.0000	0.0000	0.0004	0.0005	0.0000	0.0008	0.0008	0.0000	0.0000	0.0000	0.0000				
74	82	0.6468	7	1	2	1	0	0	0	0	0	N	Y	N	N	N	N	N	N	N	N	N	N	0.0000	0.0000	0.0000	0.0000	0.0000	0.0000	0.0000	0.0000	0.0000	0.0000	0.0000	0.0000	0.0000	0.0000	0.0000	0.0000	0.0000	0.0000	0.0000	0.0000	0.0000	0.0000	0.0010	1.0000	0.0000	0.0000	0.0000	0.0000	0.0000	0.0000	0.0000	0.0000	0.0000	0.0000	0.0000	0.0000	0.0000	0.0000	0.0000	0.0000	0.0000	0.0000	0.0000	0.0000	0.0000	0.0000	0.0000	0.0000	0.0000	0.0000	0.0000	0.0008	0.0006	0.0002	0.0004	0.0004	0.0000	0.0004	0.0002	0.0002	0.0000	0.0000	0.0000	0.0000	0.0000	0.0000	0.0000	0.0000	0.0000	0.0000	0.0000	0.0000	0.0000	0.0000	0.0000	0.0000	0.0000	0.0000											
74	83	0.1095	4	2	1	1	0	0	0	0	0	Y	N	N	N	N	N	N	N	N	N	N	N	0.0000	0.0000	0.0000	0.0000	0.0000	0.0000	0.0000	0.0000	0.0000	0.0000	0.0000	0.0000	0.0000	0.0000	0.0000	0.0000	0.0000	0.0000	0.0000	0.0000	0.0000	9.0001	0.0010	3.0001	0.0000	0.0000	0.0000	0.0000	0.0000	0.0000	0.0000	0.0000	0.0000	0.0000	0.0000	0.0000	0.0000	0.0000	0.0000	0.0000	0.0000	0.0000	0.0000	0.0000	0.0000	0.0000	0.0000	0.0000	0.0000	0.0000	0.0000	0.0093	0.0074	0.0018	0.0046	0.0046	0.0000	0.0046	0.0028	0.0018	0.0000	0.0000	0.0000	0.0000	0.0000	0.0000	0.0000	0.0000	0.0000	0.0000	0.0000	0.0000	0.0000	0.0000	0.0000	0.0000	0.0000	0.0000											
74	84	0.6244	6	2	1	1	0	0	0	0	0	Y	N	N	N	N	N	N	N	N	N	N	N	0.0000	0.0000	0.0000	0.0000	0.0000	0.0000	0.0000	0.0000	0.0000	0.0000	0.0000	0.0000	0.0000	0.0000	0.0000	0.0000	0.0000	0.0000	0.0000	0.0000	0.0000	4.0000	0.0010	0.0000	0.0000	0.0000	0.0000	0.0000	0.0000	0.0000	0.0000	0.0000	0.0000	0.0000	0.0000	0.0000	0.0000	0.0000	0.0000	0.0000	0.0000	0.0000	0.0000	0.0000	0.0000	0.0000	0.0000	0.0000	0.0000	0.0000	0.0000	0.0000	0.0000	0.0000	0.0000	0.0000	0.0000	0.0000	0.0000	0.0000	0.0000	0.0000	0.0000	0.0000	0.0000	0.0000	0.0000	0.0000	0.0000	0.0000	0.0000	0.0000	0.0000	0.0000	0.0000	0.0000	0.0000	0.0000											
74	85	0.6705	7	2	2	0	0	0	0	0	0	Y	Y	N	N	N	N	N	N	N	N	N	N	0.0000	0.0000	0.0000	0.0000	0.0000	0.0000	0.0000	0.0000	0.0000	0.0000	0.0000	0.0000	0.0000	0.0000	0.0000	0.0000	0.0000	0.0000	0.0000	0.0000	0.0000	1.0086	0.0010	1.7435	0.0000	0.0000	0.0000	0.0000	0.0000	0.0000	0.0000	0.0000	0.0000	0.0000	0.0000	0.0000	0.0000	0.0000	0.0000	0.0000	0.0000	0.0000	0.0000	0.0000	0.0000	0.0000	0.0000	0.0000	0.0000	0.0000	0.0000	0.0021	0.0017	0.0004	0.0011	0.0011	0.0000	0.0010	0.0006	0.0004	0.0000	0.0000	0.0000	0.0000	0.0000	0.0000	0.0000	0.0000	0.0000	0.0000	0.0000	0.0000	0.0000	0.0000	0.0000	0.0000	0.0000	0.0000											
74	86	0.6244	6	2	2	0	0	0	0	0	0	Y	Y	N	N	N	N	N	N	N	N	N	N	0.0000	0.0000	0.0000	0.0000	0.0000	0.0000	0.0000	0.0000	0.0000	0.0000	0.0000	0.0000	0.0000	0.0000	0.0000	0.0000	0.0000	0.0000	0.0000	0.0000	0.0000	1.0165	0.0010	4.1395	0.0000	0.0000	0.0000	0.0000	0.0000	0.0000	0.0000	0.0000	0.0000	0.0000	0.0000	0.0000	0.0000	0.0000	0.0000	0.0000	0.0000	0.0000	0.0000	0.0000	0.0000	0.0000	0.0000	0.0000	0.0000	0.0000	0.0000	0.0000	0.0000	0.0000	0.0000	0.0000	0.0000	0.0000	0.0000	0.0000	0.0000	0.0000	0.0000	0.0000	0.0000	0.0000	0.0000	0.0000	0.0000	0.0000	0.0000	0.0000	0.0000	0.0000	0.0000	0.0000	0.0000	0.0000											
74	87	0.0682	3	2	2	0	0	0	0	0	0	Y	Y	N	N	N	N	N	N	N	N	N	N	0.0000	0.0000	0.0000	0.0000	0.0000	0.0000	0.0000	0.0000	0.0000	0.0000	0.0000	0.0000	0.0000	0.0000	0.0000	0.0000	0.0000	0.0000	0.0000	0.0000	0.0000	9.0005	0.0010	5.0000	0.0000	0.0000	0.0000	0.0000	0.0000	0.0000	0.0000	0.0000	0.0000	0.0000	0.0000	0.0000	0.0000	0.0000	0.0000	0.0000	0.0000	0.0000	0.0000	0.0000	0.0000	0.0000	0.0000	0.0000	0.0000	0.0000	0.0000	0.0107	0.0086	0.0021	0.0054	0.0054	0.0000	0.0054	0.0033	0.0021	0.0000	0.0000	0.0000	0.0000	0.0000	0.0000	0.0000	0.0000	0.0000	0.0000	0.0000	0.0000	0.0000	0.0000	0.0000	0.0000	0.0000	0.0000											
74	88	0.6468	7	1	2	0	0	0	0	0	0	N	Y	N	N	N	N	N	N	N	N	N	N	0.0000	0.0000	0.0000	0.0000	0.0000	0.0000	0.0000	0.0000	0.0000	0.0000	0.0000	0.0000	0.0000	0.0000	0.0000	0.0000	0.0000	0.0000	0.0000	0.0000	0.0000	0.0000	0.0010	0.0000	0.0000	0.0000	0.0000	0.0000	0.0000	0.0000	0.0000	0.0000	0.0000	0.0000	0.0000	0.0000	0.0000	0.0000	0.0000	0.0000	0.0000	0.0000	0.0000	0.0000	0.0000	0.0000	0.0000	0.0000	0.0000	0.0000	0.0000	0.0000	0.0000	0.0000	0.0000	0.0000	0.0000	0.0000	0.0000	0.0000	0.0000	0.0000	0.0000	0.0000	0.0000	0.0000	0.0000	0.0000	0.0000	0.0000	0.0000	0.0000	0.0000	0.0000	0.0000	0.0000	0.0000	0.0000											
74	89	0.1355	5	1	2	0	0	0	0	0	0	N	Y	N	N	N	N	N	N	N	N	N	N	0.0000	0.0000	0.0000	0.0000	0.0000	0.0000	0.0000	0.0000	0.0000	0.0000	0.0000	0.0000	0.0000	0.0000	0.0000	0.0000	0.0000	0.0000	0.0000	0.0000	0.0000	1.9953	0.0010	1.0817	0.0000	0.0000	0.0000	0.0000	0.0000	0.0000	0.0000	0.0000	0.0000	0.0000	0.0000	0.0000	0.0000	0.0000	0.0000	0.0000	0.0000	0.0000	0.0000	0.0000	0.0000	0.0000	0.0000	0.0000	0.0000	0.0000	0.0000	0.0024	0.0020	0.0005	0.0012	0.0012	0.0000	0.0012	0.0007	0.0005	0.0000	0.0000	0.0000	0.0000	0.0000	0.0000	0.0000	0.0000	0.0000	0.0000	0.0000	0.0000	0.0000	0.0000	0.0000	0.0000	0.0000	0.0000											
74	90	0.1095	4	1	2	0	0	0	0	0	0	N	Y	N	N	N	N	N	N	N	N	N	N	0.0000	0.0000	0.0000	0.0000	0.0000	0.0000	0.0000	0.0000	0.0000	0.0000	0.0000	0.0000	0.0000	0.0000	0.0000	0.0003	0.0004	0.0002	0.0000	0.0000	0.0000	0.0002	0.0042	0.0002	0.5161	0.0000	-0.0000	0.0000	2.3999	0.0010	4.0713	0.0000	0.0000	0.0000	0.0000	0.0000	0.0000	0.0000	0.0000	0.0000	0.0000	0.0000	0.0000	0.0000	0.0000	0.0000	0.0000	0.0000	0.0000	0.0000	0.0000	0.0000	0.0000	0.0000	0.0000	0.0000	0.0000	0.0000	0.0051	0.0041	0.0010	0.0025	0.0025	0.0000	0.0025	0.0015	0.0010	0.0000	0.0000	0.0000	0.0000	0.0000	0.0000	0.0000	0.0000	0.0000	0.0001	0.0001	0.0002	0.0000	0.0000	0.0000	0.0002	0.0002	0.0002				
74	91	0.1305	5	1	1	1	0	0	0	0	0	N	N	N	N	N	N	N	N	N	N	N	N	0.0000	0.0000	0.0000	0.0000	0.0000	0.0000	0.0000	0.0000	0.0000	0.0000	0.0000	0.0000	0.0000	0.0000	0.0000	0.0000	0.0000	0.0000	0.0000	0.0000	0.0000	0.0000	0.0010	0.0000	0.0000	0.0000	0.0000	0.0000	0.0000	0.0000	0.0000	0.0000	0.0000	0.0000	0.0000	0.0000	0.0000	0.0000	0.0000	0.0000	0.0000	0.0000	0.0000	0.0000	0.0000	0.0000	0.0000	0.0000	0.0000	0.0000	0.0000	0.0000	0.0000	0.0000	0.0000	0.0000	0.0000	0.0000	0.0000	0.0000	0.0000	0.0000	0.0000	0.0000	0.0000	0.0000	0.0000	0.0000	0.0000	0.0000	0.0000	0.0000	0.0000	0.0000	0.0000	0.0000	0.0000	0.0000											
74	92	0.0984	4	1	1	1	0	0	0	0	0	N	N	N	N	N	N	N	N	N	N	N	N	0.0000	0.0000	0.0000	0.0000	0.0000	0.0000	0.0000	0.0000	0.0000	0.0000	0.0000	0.0000	0.0000	0.0000	0.0000	0.0000	0.0000	0.0000	0.0000	0.0000	0.0000	3.7221	0.0010	2.9993	0.0000	0.0000	0.0000	0.0000	0.0000	0.0000	0.0000	0.0000	0.0000	0.0000	0.0000	0.0000	0.0000	0.0000	0.0000	0.0000	0.0000	0.0000	0.0000	0.0000	0.0000	0.0000	0.0000	0.0000	0.0000	0.0000	0.0000	0.0053	0.0042	0.0010	0.0026	0.0026	0.0000	0.0026	0.0016	0.0010	0.0000	0.0000	0.0000	0.0000	0.0000	0.0000	0.0000	0.0000	0.0000	0.0000	0.0000	0.0000	0.0000	0.0000	0.0000	0.0000	0.0000	0.0000											
74	93	0.0682	3	1	1	0	0	0	0	0	0	N	N	N	N	N	N	N	N	N	N	N	N	0.0000	0.0000	0.0000	0.0000	0.0000	0.0000	0.0000	0.0000	0.0000	0.0000	0.0000	0.0000	0.0000	0.0000	0.0000	0.0000	0.0000	0.0000	0.0000	0.0000	0.0000	2.7217	0.0010	3.0458	0.0000	0.0000	0.0000	0.0000	0.0000	0.0000	0.0000	0.0000	0.0000	0.0000	0.0000	0.0000	0.0000	0.0000	0.0000	0.0000	0.0000	0.0000	0.0000	0.0000	0.0000	0.0000	0.0000	0.0000	0.0000	0.0000	0.0000	0.0045	0.0036	0.0009	0.0023	0.0023	0.0000	0.0023	0.0014	0.0009	0.0000	0.0000	0.0000	0.0000	0.0000	0.0000	0.0000	0.0000	0.0000	0.0000	0.0000	0.0000	0.0000	0.0000	0.0000	0.0000	0.0000	0.0000											
74	94	0.1257	5	2	2	0	0	0	0	0	0	Y	Y	N	N	N	N	N	N	N	N	N	N	0.0000	0.0000	0.0000	0.0000	0.0000	0.0000	0.0000	0.0000	0.0000	0.0000	0.0000	0.0000	0.0000	0.0001	0.0001	0.0000	0.0001	0.0001	0.0000	0.0000	0.0000	0.0000	0.0000	0.0000	-0.0000	0.0000	5.9980	0.0010	4.9575	0.0000	0.0000	0.0000	0.0000	0.0000	0.0000	0.0000	0.0000	0.0000	0.0000	0.0000	0.0000	0.0000	0.0000	0.0000	0.0000	0.0000	0.0000	0.0000	0.0000	0.0000	0.0000	0.0000	0.0000	0.0000	0.0000	0.0000	0.0085	0.0068	0.0017	0.0042	0.0042	0.0000	0.0042	0.0026	0.0017	0.0000	0.0000	0.0000	0.0000	0.0000	0.0000	0.0000	0.0000	0.0000	0.0000	0.0000	0.0000	0.0000	0.0000	0.0000	0.0000	0.0000	0.0000						
74	95	0.6468	7	2	2	0	0	0	0	0	0	Y	Y	N	N	N	N	N	N	N	N	N	N	0.0000	0.0000	0.0000	0.0000	0.0000	0.0000	0.0000	0.0000	0.0000	0.0000	0.0000	0.0000	0.0000	0.0000	0.0000	0.0000	0.0000	0.0000	0.0000	0.0000	0.0000	0.0000	0.0010	2.0000	0.0000	0.0000	0.0000	0.0000	0.0000	0.0000	0.0000	0.0000	0.0000	0.0000	0.0000	0.0000	0.0000	0.0000	0.0000	0.0000	0.0000	0.0000	0.0000	0.0000	0.0000	0.0000	0.0000	0.0000	0.0000	0.0000	0.0000	0.0015	0.0012	0.0003	0.0008	0.0008	0.0000	0.0008	0.0005	0.0003	0.0000	0.0000	0.0000	0.0000	0.0000	0.0000	0.0000	0.0000	0.0000	0.0000	0.0000	0.0000	0.0000	0.0000	0.0000	0.0000	0.0000	0.0000											
74	96	0.6244	6	1	2	0	0	0	0	0	0	N	Y	N	N	N	N	N	N	N	N	N	N	0.0000	0.0000	0.0000	0.0000	0.0000	0.0000	0.0000	0.0000	0.0000	0.0000	0.0000	0.0000	0.0000	0.0000	0.0000	0.0000	0.0000	0.0000	0.0000	0.0000	0.0000	4.0000	0.0010	0.0000	0.0000	0.0000	0.0000	0.0000	0.0000	0.0000	0.0000	0.0000	0.0000	0.0000	0.0000	0.0000	0.0000	0.0000	0.0000	0.0000	0.0000	0.0000	0.0000	0.0000	0.0000	0.0000	0.0000	0.0000	0.0000	0.0000	0.0000	0.0000	0.0000	0.0000	0.0000	0.0000	0.0000	0.0000	0.0000	0.0000	0.0000	0.0000	0.0000	0.0000	0.0000	0.0000	0.0000	0.0000	0.0000	0.0000	0.0000	0.0000	0.0000	0.0000	0.0000	0.0000	0.0000	0.0000											
74	97	0.0682	3	1	1	0	0	0	0	0	0	N	N	N	N	N	N	N	N	N	N	N	N	0.0000	0.0000	0.0000	0.0000	0.0000	0.0000	0.0000	0.0000	0.0000	0.0000	0.0000	0.0000	0.0000	1.4539	0.0000	5.5966	0.0000	0.0000	0.0000	1.7996	0.0000	1.8478	inf	0.0000	0.0005	0.0000	3.9994	0.0010	4.0000	0.0000	0.0000	0.0000	0.0000	0.0000	0.0000	0.0000	0.0000	0.0000	0.0010	0.0000	0.0010	0.0000	0.0000	0.0000	0.0010	0.0000	0.0010	0.0000	0.0000	0.0000	0.0000	0.0000	0.0000	0.0000	0.0000	0.0000	0.0062	0.0050	0.0012	0.0031	0.0031	0.0000	0.0031	0.0019	0.0012	0.0000	0.0000	0.0000	0.0000	0.0000	0.0000	0.0000	0.0000	0.0000	0.1667	0.0000	0.8374	0.0000	0.0000	0.0000	0.3337	0.0000	0.8433						
74	98	0.6244	6	1	1	0	0	0	0	0	0	N	N	N	N	N	N	N	N	N	N	N	N	0.0000	0.0000	0.0000	0.0000	0.0000	0.0000	0.0000	0.0000	0.0000	0.0000	0.0000	0.0000	0.0000	0.0000	0.0000	0.0000	0.0000	0.0000	0.0000	0.0000	0.0000	1.0000	0.0010	0.0000	0.0000	0.0000	0.0000	0.0000	0.0000	0.0000	0.0000	0.0000	0.0000	0.0000	0.0000	0.0000	0.0000	0.0000	0.0000	0.0000	0.0000	0.0000	0.0000	0.0000	0.0000	0.0000	0.0000	0.0000	0.0000	0.0000	0.0000	0.0000	0.0000	0.0000	0.0000	0.0000	0.0000	0.0000	0.0000	0.0000	0.0000	0.0000	0.0000	0.0000	0.0000	0.0000	0.0000	0.0000	0.0000	0.0000	0.0000	0.0000	0.0000	0.0000	0.0000	0.0000	0.0000	0.0000											
74	99	0.1792	4	1	1	0	0	0	0	0	0	N	N	N	N	N	N	N	N	N	N	N	N	0.0000	0.0000	0.0000	0.0000	0.0000	0.0000	0.0000	0.0000	0.0000	0.0000	0.0000	0.0000	0.0000	0.0000	0.0000	0.8146	0.0000	0.4868	0.0055	0.0000	1.0222	0.7013	0.0000	0.2278	inf	0.0000	0.0001	0.0000	1.5982	0.0010	11.1970	0.0000	0.0000	0.0000	0.0000	0.0000	0.0000	0.0000	0.0000	0.0000	0.0003	0.0000	0.0003	0.0000	0.0000	0.0000	0.0003	0.0000	0.0003	0.0000	0.0000	0.0000	0.0000	0.0000	0.0000	0.0000	0.0000	0.0000	0.0104	0.0082	0.0022	0.0052	0.0052	0.0000	0.0052	0.0030	0.0022	0.0000	0.0000	0.0000	0.0000	0.0000	0.0000	0.0000	0.0000	0.0000	0.0282	0.0000	0.1308	0.0020	0.0000	0.3127	0.0546	0.0000	0.1280				
74	100	0.1272	6	2	2	1	0	0	0	0	0	Y	Y	N	N	N	N	N	N	N	N	N	N	0.0000	0.0000	0.0000	0.0000	0.0000	0.0000	0.0000	0.0000	0.0000	0.0000	0.0000	0.0000	0.0000	0.0000	0.0000	0.0000	0.0000	0.0000	0.0000	0.0000	0.0000	0.0000	0.0010	0.9982	0.0000	0.0000	0.0000	0.0000	0.0000	0.0000	0.0000	0.0000	0.0000	0.0000	0.0000	0.0000	0.0000	0.0000	0.0000	0.0000	0.0000	0.0000	0.0000	0.0000	0.0000	0.0000	0.0000	0.0000	0.0000	0.0000	0.0000	0.0008	0.0006	0.0002	0.0004	0.0004	0.0000	0.0004	0.0002	0.0002	0.0000	0.0000	0.0000	0.0000	0.0000	0.0000	0.0000	0.0000	0.0000	0.0000	0.0000	0.0000	0.0000	0.0000	0.0000	0.0000	0.0000	0.0000											
74	101	0.6591	9	2	2	1	0	0	0	0	0	Y	Y	N	N	N	N	N	N	N	N	N	N	0.0000	0.0000	0.0000	0.0000	0.0000	0.0000	0.0000	0.0000	0.0000	0.0000	0.0000	0.0000	0.0000	0.0000	0.0000	0.0000	0.0000	0.0000	0.0000	0.0000	0.0000	0.0000	0.0010	0.0000	0.0000	0.0000	0.0000	0.0000	0.0000	0.0000	0.0000	0.0000	0.0000	0.0000	0.0000	0.0000	0.0000	0.0000	0.0000	0.0000	0.0000	0.0000	0.0000	0.0000	0.0000	0.0000	0.0000	0.0000	0.0000	0.0000	0.0000	0.0000	0.0000	0.0000	0.0000	0.0000	0.0000	0.0000	0.0000	0.0000	0.0000	0.0000	0.0000	0.0000	0.0000	0.0000	0.0000	0.0000	0.0000	0.0000	0.0000	0.0000	0.0000	0.0000	0.0000	0.0000	0.0000	0.0000											
74	102	0.6591	8	2	1	1	0	0	0	0	0	Y	N	N	N	N	N	N	N	N	N	N	N	0.0000	0.0000	0.0000	0.0000	0.0000	0.0000	0.0000	0.0000	0.0000	0.0000	0.0000	0.0000	0.0000	0.0000	0.0000	0.0000	0.0000	0.0000	0.0000	0.0000	0.0000	0.0000	0.0010	0.0000	0.0000	0.0000	0.0000	0.0000	0.0000	0.0000	0.0000	0.0000	0.0000	0.0000	0.0000	0.0000	0.0000	0.0000	0.0000	0.0000	0.0000	0.0000	0.0000	0.0000	0.0000	0.0000	0.0000	0.0000	0.0000	0.0000	0.0000	0.0000	0.0000	0.0000	0.0000	0.0000	0.0000	0.0000	0.0000	0.0000	0.0000	0.0000	0.0000	0.0000	0.0000	0.0000	0.0000	0.0000	0.0000	0.0000	0.0000	0.0000	0.0000	0.0000	0.0000	0.0000	0.0000	0.0000											
74	103	0.6530	7	2	1	1	0	0	0	0	0	Y	N	N	N	N	N	N	N	N	N	N	N	0.0000	0.0000	0.0000	0.0000	0.0000	0.0000	0.0000	0.0000	0.0000	0.0000	0.0000	0.0000	0.0000	0.0000	0.0000	0.0000	0.0000	0.0000	0.0000	0.0000	0.0000	0.0000	0.0010	1.0091	0.0000	0.0000	0.0000	0.0000	0.0000	0.0000	0.0000	0.0000	0.0000	0.0000	0.0000	0.0000	0.0000	0.0000	0.0000	0.0000	0.0000	0.0000	0.0000	0.0000	0.0000	0.0000	0.0000	0.0000	0.0000	0.0000	0.0000	0.0008	0.0006	0.0002	0.0004	0.0004	0.0000	0.0004	0.0002	0.0002	0.0000	0.0000	0.0000	0.0000	0.0000	0.0000	0.0000	0.0000	0.0000	0.0000	0.0000	0.0000	0.0000	0.0000	0.0000	0.0000	0.0000	0.0000											
74	104	0.0682	3	1	2	0	0	0	0	0	0	N	Y	N	N	N	N	N	N	N	N	N	N	0.0000	0.0000	0.0000	0.0000	0.0000	0.0000	0.0000	0.0000	0.0000	0.0000	0.0000	0.0000	0.0000	0.0000	0.0000	0.0000	0.0000	0.0000	0.0000	0.0000	0.0000	7.9994	0.0010	4.0001	0.0000	0.0000	0.0000	0.0000	0.0000	0.0000	0.0000	0.0000	0.0000	0.0000	0.0000	0.0000	0.0000	0.0000	0.0000	0.0000	0.0000	0.0000	0.0000	0.0000	0.0000	0.0000	0.0000	0.0000	0.0000	0.0000	0.0000	0.0093	0.0074	0.0018	0.0046	0.0046	0.0000	0.0046	0.0028	0.0018	0.0000	0.0000	0.0000	0.0000	0.0000	0.0000	0.0000	0.0000	0.0000	0.0000	0.0000	0.0000	0.0000	0.0000	0.0000	0.0000	0.0000	0.0000											
74	105	0.1307	7	2	1	1	0	0	0	0	0	Y	N	N	N	N	N	N	N	N	N	N	N	0.0000	0.0000	0.0000	0.0000	0.0000	0.0000	0.0000	0.0000	0.0000	0.0000	0.0000	0.0000	0.0000	0.0000	0.0000	0.0000	0.0000	0.0000	0.0000	0.0000	0.0000	1.0000	0.0010	1.0005	0.0000	0.0000	0.0000	0.0000	0.0000	0.0000	0.0000	0.0000	0.0000	0.0000	0.0000	0.0000	0.0000	0.0000	0.0000	0.0000	0.0000	0.0000	0.0000	0.0000	0.0000	0.0000	0.0000	0.0000	0.0000	0.0000	0.0000	0.0016	0.0013	0.0003	0.0008	0.0008	0.0000	0.0008	0.0005	0.0003	0.0000	0.0000	0.0000	0.0000	0.0000	0.0000	0.0000	0.0000	0.0000	0.0000	0.0000	0.0000	0.0000	0.0000	0.0000	0.0000	0.0000	0.0000											
74	106	0.1272	6	2	1	1	0	0	0	0	0	Y	N	N	N	N	N	N	N	N	N	N	N	0.0000	0.0000	0.0000	0.0000	0.0000	0.0000	0.0000	0.0000	0.0000	0.0000	0.0000	0.0000	0.0000	0.0002	0.0003	0.0000	0.0005	0.0005	0.0000	0.0000	0.0000	0.0000	0.0000	0.0000	-0.0000	0.0000	0.7249	0.0010	0.0368	0.0000	0.0000	0.0000	0.0000	0.0000	0.0000	0.0000	0.0000	0.0000	0.0000	0.0000	0.0000	0.0000	0.0000	0.0000	0.0000	0.0000	0.0000	0.0000	0.0000	0.0000	0.0000	0.0000	0.0000	0.0000	0.0000	0.0000	0.0006	0.0005	0.0001	0.0003	0.0003	0.0000	0.0003	0.0002	0.0001	0.0000	0.0000	0.0000	0.0000	0.0000	0.0000	0.0000	0.0000	0.0000	0.0001	0.0001	0.0000	0.0001	0.0001	0.0000	0.0000	0.0000	0.0000						
74	107	0.1257	5	2	1	1	0	0	0	0	0	Y	N	N	N	N	N	N	N	N	N	N	N	0.0000	0.0000	0.0000	0.0000	0.0000	0.0000	0.0000	0.0000	0.0000	0.0000	0.0000	0.0000	0.0000	0.0000	0.0000	0.0000	0.0000	0.0003	0.0004	0.0001	0.0004	0.0004	0.0000	0.0002	0.0039	0.0001	0.3333	0.0000	-0.0000	0.0000	0.4159	0.0010	0.0887	0.0000	0.0000	0.0000	0.0000	0.0000	0.0000	0.0000	0.0000	0.0000	0.0000	0.0000	0.0000	0.0000	0.0000	0.0000	0.0000	0.0000	0.0000	0.0000	0.0000	0.0000	0.0000	0.0000	0.0000	0.0000	0.0000	0.0000	0.0004	0.0003	0.0001	0.0002	0.0002	0.0000	0.0002	0.0001	0.0001	0.0000	0.0000	0.0000	0.0000	0.0000	0.0000	0.0000	0.0000	0.0000	0.0001	0.0001	0.0001	0.0001	0.0001	0.0000	0.0002	0.0002	0.0001		
74	108	0.1095	4	2	1	0	0	0	0	0	0	Y	N	N	N	N	N	N	N	N	N	N	N	0.0000	0.0000	0.0000	0.0000	0.0000	0.0000	0.0000	0.0000	0.0000	0.0000	0.0000	0.0000	0.0000	0.0001	0.0001	0.0000	0.0000	0.0000	0.0000	0.0000	0.0008	0.0000	0.0000	0.0000	-0.0000	0.0000	3.9943	0.0010	0.9974	0.0000	0.0000	0.0000	0.0000	0.0000	0.0000	0.0000	0.0000	0.0000	0.0000	0.0000	0.0000	0.0000	0.0000	0.0000	0.0000	0.0000	0.0000	0.0000	0.0000	0.0000	0.0000	0.0000	0.0000	0.0000	0.0000	0.0000	0.0039	0.0031	0.0008	0.0020	0.0020	0.0000	0.0020	0.0012	0.0008	0.0000	0.0000	0.0000	0.0000	0.0000	0.0000	0.0000	0.0000	0.0000	0.0000	0.0000	0.0000	0.0000	0.0000	0.0000	0.0000	0.0000	0.0000						
74	109	0.6530	7	2	1	1	0	0	0	0	0	Y	N	N	N	N	N	N	N	N	N	N	N	0.0000	0.0000	0.0000	0.0000	0.0000	0.0000	0.0000	0.0000	0.0000	0.0000	0.0000	0.0000	0.0000	0.0000	0.0000	0.0000	0.0000	0.0000	0.0000	0.0000	0.0000	0.0000	0.0010	0.9909	0.0000	0.0000	0.0000	0.0000	0.0000	0.0000	0.0000	0.0000	0.0000	0.0000	0.0000	0.0000	0.0000	0.0000	0.0000	0.0000	0.0000	0.0000	0.0000	0.0000	0.0000	0.0000	0.0000	0.0000	0.0000	0.0000	0.0000	0.0008	0.0006	0.0002	0.0004	0.0004	0.0000	0.0004	0.0002	0.0002	0.0000	0.0000	0.0000	0.0000	0.0000	0.0000	0.0000	0.0000	0.0000	0.0000	0.0000	0.0000	0.0000	0.0000	0.0000	0.0000	0.0000	0.0000											
74	110	0.6244	6	2	1	1	0	0	0	0	0	Y	N	N	N	N	N	N	N	N	N	N	N	0.0000	0.0000	0.0000	0.0000	0.0000	0.0000	0.0000	0.0000	0.0000	0.0000	0.0000	0.0000	0.0000	0.0000	0.0000	0.0000	0.0000	0.0000	0.0000	0.0000	0.0000	4.0000	0.0010	0.0000	0.0000	0.0000	0.0000	0.0000	0.0000	0.0000	0.0000	0.0000	0.0000	0.0000	0.0000	0.0000	0.0000	0.0000	0.0000	0.0000	0.0000	0.0000	0.0000	0.0000	0.0000	0.0000	0.0000	0.0000	0.0000	0.0000	0.0000	0.0000	0.0000	0.0000	0.0000	0.0000	0.0000	0.0000	0.0000	0.0000	0.0000	0.0000	0.0000	0.0000	0.0000	0.0000	0.0000	0.0000	0.0000	0.0000	0.0000	0.0000	0.0000	0.0000	0.0000	0.0000	0.0000	0.0000											
74	112	0.1141	4	1	1	1	0	0	0	0	0	N	N	N	N	N	N	N	N	N	N	N	N	0.0000	0.0000	0.0000	0.0000	0.0000	0.0000	0.0000	0.0000	0.0000	0.0000	0.0000	0.0000	0.0000	0.0000	0.0000	0.0000	0.0000	0.0000	0.0000	0.0000	0.0000	0.0000	0.0010	0.0001	0.0000	0.0000	0.0000	0.0000	0.0000	0.0000	0.0000	0.0000	0.0000	0.0000	0.0000	0.0000	0.0000	0.0000	0.0000	0.0000	0.0000	0.0000	0.0000	0.0000	0.0000	0.0000	0.0000	0.0000	0.0000	0.0000	0.0000	0.0000	0.0000	0.0000	0.0000	0.0000	0.0000	0.0000	0.0000	0.0000	0.0000	0.0000	0.0000	0.0000	0.0000	0.0000	0.0000	0.0000	0.0000	0.0000	0.0000	0.0000	0.0000	0.0000	0.0000	0.0000	0.0000	0.0000											
74	113	0.0682	3	1	1	1	0	0	0	0	0	N	N	N	N	N	N	N	N	N	N	N	N	0.0000	0.0000	0.0000	0.0000	0.0000	0.0000	0.0000	0.0000	0.0000	0.0000	0.0000	0.0000	0.0000	0.0000	0.0000	0.0000	0.0000	0.0000	0.0000	0.0000	0.0000	4.0004	0.0010	4.9999	0.0000	0.0000	0.0000	0.0000	0.0000	0.0000	0.0000	0.0000	0.0000	0.0000	0.0000	0.0000	0.0000	0.0000	0.0000	0.0000	0.0000	0.0000	0.0000	0.0000	0.0000	0.0000	0.0000	0.0000	0.0000	0.0000	0.0000	0.0070	0.0056	0.0014	0.0035	0.0035	0.0000	0.0035	0.0021	0.0014	0.0000	0.0000	0.0000	0.0000	0.0000	0.0000	0.0000	0.0000	0.0000	0.0000	0.0000	0.0000	0.0000	0.0000	0.0000	0.0000	0.0000	0.0000											
74	114	0.6570	7	1	2	0	0	0	0	0	0	N	Y	N	N	N	N	N	N	N	N	N	N	0.0000	0.0000	0.0000	0.0000	0.0000	0.0000	0.0000	0.0000	0.0000	0.0000	0.0000	0.0000	0.0000	0.0000	0.0000	0.0000	0.0000	0.0000	0.0000	0.0000	0.0000	4.3361	0.0010	4.6323	0.0000	0.0000	0.0000	0.0000	0.0000	0.0000	0.0000	0.0000	0.0000	0.0000	0.0000	0.0000	0.0000	0.0000	0.0000	0.0000	0.0000	0.0000	0.0000	0.0000	0.0000	0.0000	0.0000	0.0000	0.0000	0.0000	0.0000	0.0067	0.0054	0.0013	0.0034	0.0033	0.0000	0.0033	0.0020	0.0013	0.0000	0.0000	0.0000	0.0000	0.0000	0.0000	0.0000	0.0000	0.0000	0.0000	0.0000	0.0000	0.0000	0.0000	0.0000	0.0000	0.0000	0.0000											
74	115	0.6244	6	1	1	0	0	0	0	0	0	N	N	N	N	N	N	N	N	N	N	N	N	0.0000	0.0000	0.0000	0.0000	0.0000	0.0000	0.0000	0.0000	0.0000	0.0000	0.0000	0.0000	0.0000	0.0000	0.0000	0.0000	0.0000	0.0000	0.0000	0.0000	0.0000	1.9840	0.0010	0.2610	0.0000	0.0000	0.0000	0.0000	0.0000	0.0000	0.0000	0.0000	0.0000	0.0000	0.0000	0.0000	0.0000	0.0000	0.0000	0.0000	0.0000	0.0000	0.0000	0.0000	0.0000	0.0000	0.0000	0.0000	0.0000	0.0000	0.0000	0.0000	0.0000	0.0000	0.0000	0.0000	0.0000	0.0000	0.0000	0.0000	0.0000	0.0000	0.0000	0.0000	0.0000	0.0000	0.0000	0.0000	0.0000	0.0000	0.0000	0.0000	0.0000	0.0000	0.0000	0.0000	0.0000	0.0000											
74	116	0.0682	3	1	2	0	1	0	0	0	0	N	Y	N	N	N	N	N	N	N	N	N	N	0.0000	0.0000	0.0000	0.0000	0.0000	0.0000	0.0000	0.0000	0.0000	0.0000	0.0000	0.0000	0.0000	0.0000	0.0000	0.0000	0.0000	0.0000	0.0000	0.0000	0.0000	5.0006	0.0010	2.0000	0.0000	0.0000	0.0000	0.0000	0.0000	0.0000	0.0000	0.0000	0.0000	0.0000	0.0000	0.0000	0.0000	0.0000	0.0000	0.0000	0.0000	0.0000	0.0000	0.0000	0.0000	0.0000	0.0000	0.0000	0.0000	0.0000	0.0000	0.0055	0.0044	0.0011	0.0027	0.0027	0.0000	0.0027	0.0017	0.0011	0.0000	0.0000	0.0000	0.0000	0.0000	0.0000	0.0000	0.0000	0.0000	0.0000	0.0000	0.0000	0.0000	0.0000	0.0000	0.0000	0.0000	0.0000											
74	117	0.6244	6	1	2	0	1	0	0	0	0	N	Y	N	N	N	N	N	N	N	N	N	N	0.0000	0.0000	0.0000	0.0000	0.0000	0.0000	0.0000	0.0000	0.0000	0.0000	0.0000	0.0000	0.0000	0.0000	0.0000	0.0000	0.0000	0.0000	0.0000	0.0000	0.0000	0.0000	0.0010	1.0000	0.0000	0.0000	0.0000	0.0000	0.0000	0.0000	0.0000	0.0000	0.0000	0.0000	0.0000	0.0000	0.0000	0.0000	0.0000	0.0000	0.0000	0.0000	0.0000	0.0000	0.0000	0.0000	0.0000	0.0000	0.0000	0.0000	0.0000	0.0000	0.0000	0.0000	0.0000	0.0000	0.0000	0.0000	0.0000	0.0000	0.0000	0.0000	0.0000	0.0000	0.0000	0.0000	0.0000	0.0000	0.0000	0.0000	0.0000	0.0000	0.0000	0.0000	0.0000	0.0000	0.0000	0.0000											
74	118	0.0682	3	1	2	0	0	0	0	0	0	N	Y	N	N	N	N	N	N	N	N	N	N	0.0000	0.0000	0.0000	0.0000	0.0000	0.0000	0.0000	0.0000	0.0000	0.0000	0.0000	0.0000	0.0000	1.1201	0.0000	1.3756	0.0000	0.0000	0.0000	1.1332	0.0000	0.5101	inf	0.0000	0.0005	0.0000	16.9994	0.0010	6.0000	0.0000	0.0000	0.0000	0.0000	0.0000	0.0000	0.0000	0.0000	0.0000	0.0010	0.0000	0.0010	0.0000	0.0000	0.0000	0.0010	0.0000	0.0010	0.0000	0.0000	0.0000	0.0000	0.0000	0.0000	0.0000	0.0000	0.0000	0.0172	0.0138	0.0034	0.0086	0.0086	0.0000	0.0086	0.0052	0.0033	0.0000	0.0000	0.0000	0.0000	0.0000	0.0000	0.0000	0.0000	0.0000	0.0604	0.0000	0.3083	0.0000	0.0000	0.0000	0.1209	0.0000	0.3105						
74	119	0.6244	6	1	2	0	0	0	0	0	0	N	Y	N	N	N	N	N	N	N	N	N	N	0.0000	0.0000	0.0000	0.0000	0.0000	0.0000	0.0000	0.0000	0.0000	0.0000	0.0000	0.0000	0.0000	0.0000	0.0000	0.0000	0.0000	0.0000	0.0000	0.0000	0.0000	5.0000	0.0010	6.0000	0.0000	0.0000	0.0000	0.0000	0.0000	0.0000	0.0000	0.0000	0.0000	0.0000	0.0000	0.0000	0.0000	0.0000	0.0000	0.0000	0.0000	0.0000	0.0000	0.0000	0.0000	0.0000	0.0000	0.0000	0.0000	0.0000	0.0000	0.0000	0.0000	0.0000	0.0000	0.0000	0.0000	0.0000	0.0000	0.0000	0.0000	0.0000	0.0000	0.0000	0.0000	0.0000	0.0000	0.0000	0.0000	0.0000	0.0000	0.0000	0.0000	0.0000	0.0000	0.0000	0.0000	0.0000											
74	120	0.6524	7	1	2	0	0	0	0	0	0	N	Y	N	N	N	N	N	N	N	N	N	N	0.0000	0.0000	0.0000	0.0000	0.0000	0.0000	0.0000	0.0000	0.0000	0.0000	0.0000	0.0000	0.0000	0.0000	0.0000	0.0000	0.0000	0.0000	0.0000	0.0000	0.0000	0.9998	0.0010	0.9486	0.0000	0.0000	0.0000	0.0000	0.0000	0.0000	0.0000	0.0000	0.0000	0.0000	0.0000	0.0000	0.0000	0.0000	0.0000	0.0000	0.0000	0.0000	0.0000	0.0000	0.0000	0.0000	0.0000	0.0000	0.0000	0.0000	0.0000	0.0000	0.0000	0.0000	0.0000	0.0000	0.0000	0.0000	0.0000	0.0000	0.0000	0.0000	0.0000	0.0000	0.0000	0.0000	0.0000	0.0000	0.0000	0.0000	0.0000	0.0000	0.0000	0.0000	0.0000	0.0000	0.0000	0.0000											
74	121	0.6244	6	1	2	0	0	0	0	0	0	N	Y	N	N	N	N	N	N	N	N	N	N	0.0000	0.0000	0.0000	0.0000	0.0000	0.0000	0.0000	0.0000	0.0000	0.0000	0.0000	0.0000	0.0000	0.0000	0.0000	0.0000	0.0000	0.0000	0.0000	0.0000	0.0000	3.0005	0.0010	1.1085	0.0000	0.0000	0.0000	0.0000	0.0000	0.0000	0.0000	0.0000	0.0000	0.0000	0.0000	0.0000	0.0000	0.0000	0.0000	0.0000	0.0000	0.0000	0.0000	0.0000	0.0000	0.0000	0.0000	0.0000	0.0000	0.0000	0.0000	0.0000	0.0000	0.0000	0.0000	0.0000	0.0000	0.0000	0.0000	0.0000	0.0000	0.0000	0.0000	0.0000	0.0000	0.0000	0.0000	0.0000	0.0000	0.0000	0.0000	0.0000	0.0000	0.0000	0.0000	0.0000	0.0000	0.0000											
74	122	0.1095	4	1	2	0	0	0	0	0	0	N	Y	N	N	N	N	N	N	N	N	N	N	0.0000	0.0000	0.0000	0.0000	0.0000	0.0000	0.0000	0.0000	0.0000	0.0000	0.0000	0.0000	0.0000	0.0000	0.0000	0.0000	0.0000	0.0000	0.0000	0.0000	0.0000	2.0001	0.0010	3.0000	0.0000	0.0000	0.0000	0.0000	0.0000	0.0000	0.0000	0.0000	0.0000	0.0000	0.0000	0.0000	0.0000	0.0000	0.0000	0.0000	0.0000	0.0000	0.0000	0.0000	0.0000	0.0000	0.0000	0.0000	0.0000	0.0000	0.0000	0.0039	0.0031	0.0008	0.0020	0.0020	0.0000	0.0020	0.0012	0.0008	0.0000	0.0000	0.0000	0.0000	0.0000	0.0000	0.0000	0.0000	0.0000	0.0000	0.0000	0.0000	0.0000	0.0000	0.0000	0.0000	0.0000	0.0000											
74	123	0.0682	3	1	1	0	0	0	0	0	0	N	N	N	N	N	N	N	N	N	N	N	N	0.0000	0.0000	0.0000	0.0000	0.0000	0.0000	0.0000	0.0000	0.0000	0.0000	0.0000	0.0000	0.0000	0.0000	0.0000	0.0000	0.0000	0.0000	0.0000	0.0000	0.0000	6.9986	0.0010	2.0000	0.0000	0.0000	0.0000	0.0000	0.0000	0.0000	0.0000	0.0000	0.0000	0.0000	0.0000	0.0000	0.0000	0.0000	0.0000	0.0000	0.0000	0.0000	0.0000	0.0000	0.0000	0.0000	0.0000	0.0000	0.0000	0.0000	0.0000	0.0070	0.0056	0.0014	0.0035	0.0035	0.0000	0.0035	0.0021	0.0014	0.0000	0.0000	0.0000	0.0000	0.0000	0.0000	0.0000	0.0000	0.0000	0.0000	0.0000	0.0000	0.0000	0.0000	0.0000	0.0000	0.0000	0.0000											
74	124	0.6579	7	1	2	0	0	0	0	0	0	N	Y	N	N	N	N	N	N	N	N	N	N	0.0000	0.0000	0.0000	0.0000	0.0000	0.0000	0.0000	0.0000	0.0000	0.0000	0.0000	0.0000	0.0000	0.0000	0.0000	0.0000	0.0000	0.0000	0.0000	0.0000	0.0000	3.9006	0.0010	3.1543	0.0000	0.0000	0.0000	0.0000	0.0000	0.0000	0.0000	0.0000	0.0000	0.0000	0.0000	0.0000	0.0000	0.0000	0.0000	0.0000	0.0000	0.0000	0.0000	0.0000	0.0000	0.0000	0.0000	0.0000	0.0000	0.0000	0.0000	0.0000	0.0000	0.0000	0.0000	0.0000	0.0000	0.0000	0.0000	0.0000	0.0000	0.0000	0.0000	0.0000	0.0000	0.0000	0.0000	0.0000	0.0000	0.0000	0.0000	0.0000	0.0000	0.0000	0.0000	0.0000	0.0000	0.0000											
74	125	0.6244	6	1	2	0	0	0	0	0	0	N	Y	N	N	N	N	N	N	N	N	N	N	0.0000	0.0000	0.0000	0.0000	0.0000	0.0000	0.0000	0.0000	0.0000	0.0000	0.0000	0.0000	0.0000	0.0000	0.0000	0.0000	0.0000	0.0000	0.0000	0.0000	0.0000	1.6924	0.0010	1.9110	0.0000	0.0000	0.0000	0.0000	0.0000	0.0000	0.0000	0.0000	0.0000	0.0000	0.0000	0.0000	0.0000	0.0000	0.0000	0.0000	0.0000	0.0000	0.0000	0.0000	0.0000	0.0000	0.0000	0.0000	0.0000	0.0000	0.0000	0.0000	0.0000	0.0000	0.0000	0.0000	0.0000	0.0000	0.0000	0.0000	0.0000	0.0000	0.0000	0.0000	0.0000	0.0000	0.0000	0.0000	0.0000	0.0000	0.0000	0.0000	0.0000	0.0000	0.0000	0.0000	0.0000	0.0000											
74	126	0.0682	3	1	2	0	0	0	0	0	0	N	Y	N	N	N	N	N	N	N	N	N	N	0.0000	0.0000	0.0000	0.0000	0.0000	0.0000	0.0000	0.0000	0.0000	0.0000	0.0000	0.0000	0.0000	1.4209	0.0000	5.1046	0.0000	0.0000	0.0000	1.6732	0.0000	1.5969	inf	0.0000	0.0005	0.0000	0.9996	0.0010	8.0005	0.0000	0.0000	0.0000	0.0000	0.0000	0.0000	0.0000	0.0000	0.0000	0.0010	0.0000	0.0010	0.0000	0.0000	0.0000	0.0010	0.0000	0.0010	0.0000	0.0000	0.0000	0.0000	0.0000	0.0000	0.0000	0.0000	0.0000	0.0070	0.0056	0.0014	0.0035	0.0035	0.0000	0.0035	0.0021	0.0014	0.0000	0.0000	0.0000	0.0000	0.0000	0.0000	0.0000	0.0000	0.0000	0.1486	0.0000	0.7473	0.0000	0.0000	0.0000	0.2974	0.0000	0.7526						
74	127	0.1956	5	1	1	0	0	0	0	0	0	N	N	N	N	N	N	N	N	N	N	N	N	0.0000	0.0000	0.0000	0.0000	0.0000	0.0000	0.0000	0.0000	0.0000	0.0000	0.0000	0.0000	0.0000	1.0829	1.4593	0.0000	1.5461	1.5418	0.0000	0.0000	0.0000	0.0000	0.0000	0.0000	-0.0004	0.0000	3.6536	0.0010	12.3970	0.0000	0.0000	0.0000	0.0000	0.0000	0.0000	0.0000	0.0000	0.0000	0.0007	0.0007	0.0000	0.0007	0.0007	0.0000	0.0000	0.0000	0.0000	0.0000	0.0000	0.0000	0.0000	0.0000	0.0000	0.0000	0.0000	0.0000	0.0127	0.0100	0.0027	0.0064	0.0064	0.0000	0.0063	0.0037	0.0026	0.0000	0.0000	0.0000	0.0000	0.0000	0.0000	0.0000	0.0000	0.0000	0.0588	0.0744	0.0000	0.1169	0.1176	0.0000	0.0000	0.0000	0.0000						
74	128	0.3740	5	1	1	0	0	0	0	0	0	N	N	N	N	N	N	N	N	N	N	N	N	0.0000	0.0000	0.0000	0.0000	0.0000	0.0000	0.0000	0.0000	0.0000	0.0000	0.0000	0.0000	0.0000	0.0000	0.0000	0.6594	0.0000	0.2514	0.1047	0.0000	2.3022	0.3526	0.0000	0.0812	inf	0.0000	0.0001	0.0000	5.3495	0.0010	12.4099	0.0000	0.0000	0.0000	0.0000	0.0000	0.0000	0.0000	0.0000	0.0000	0.0002	0.0000	0.0002	0.0001	0.0000	0.0001	0.0002	0.0000	0.0002	0.0000	0.0000	0.0000	0.0000	0.0000	0.0000	0.0000	0.0000	0.0000	0.0143	0.0113	0.0030	0.0073	0.0072	0.0001	0.0070	0.0041	0.0029	0.0000	0.0000	0.0000	0.0000	0.0000	0.0000	0.0000	0.0000	0.0000	0.0173	0.0000	0.0827	0.0098	0.0000	0.5145	0.0252	0.0000	0.0618				
74	129	0.0789	7	1	2	0	1	0	0	0	0	N	Y	N	N	N	N	N	N	N	N	N	N	0.0000	0.0000	0.0000	0.0000	0.0000	0.0000	0.0000	0.0000	0.0000	0.0000	0.0000	0.0000	0.0000	0.0000	0.0000	0.0000	0.0000	0.0000	0.0000	0.0000	0.0000	0.0000	0.0010	0.0000	0.0000	0.0000	0.0000	0.0000	0.0000	0.0000	0.0000	0.0000	0.0000	0.0000	0.0000	0.0000	0.0000	0.0000	0.0000	0.0000	0.0000	0.0000	0.0000	0.0000	0.0000	0.0000	0.0000	0.0000	0.0000	0.0000	0.0000	0.0000	0.0000	0.0000	0.0000	0.0000	0.0000	0.0000	0.0000	0.0000	0.0000	0.0000	0.0000	0.0000	0.0000	0.0000	0.0000	0.0000	0.0000	0.0000	0.0000	0.0000	0.0000	0.0000	0.0000	0.0000	0.0000	0.0000											
74	130	0.0626	6	1	2	0	1	0	0	0	0	N	Y	N	N	N	N	N	N	N	N	N	N	0.0000	0.0000	0.0000	0.0000	0.0000	0.0000	0.0000	0.0000	0.0000	0.0000	0.0000	0.0000	0.0000	0.0000	0.0000	0.0000	0.0000	0.0000	0.0000	0.0000	0.0000	0.0000	0.0010	3.0001	0.0000	0.0000	0.0000	0.0000	0.0000	0.0000	0.0000	0.0000	0.0000	0.0000	0.0000	0.0000	0.0000	0.0000	0.0000	0.0000	0.0000	0.0000	0.0000	0.0000	0.0000	0.0000	0.0000	0.0000	0.0000	0.0000	0.0000	0.0023	0.0018	0.0005	0.0012	0.0012	0.0000	0.0012	0.0007	0.0005	0.0000	0.0000	0.0000	0.0000	0.0000	0.0000	0.0000	0.0000	0.0000	0.0000	0.0000	0.0000	0.0000	0.0000	0.0000	0.0000	0.0000	0.0000											
74	131	0.0530	5	1	2	0	0	0	0	0	0	N	Y	N	N	N	N	N	N	N	N	N	N	0.0000	0.0000	0.0000	0.0000	0.0000	0.0000	0.0000	0.0000	0.0000	0.0000	0.0000	0.0000	0.0000	0.0000	0.0000	0.0000	0.0000	0.0000	0.0000	0.0000	0.0000	0.0000	0.0010	0.0000	0.0000	0.0000	0.0000	0.0000	0.0000	0.0000	0.0000	0.0000	0.0000	0.0000	0.0000	0.0000	0.0000	0.0000	0.0000	0.0000	0.0000	0.0000	0.0000	0.0000	0.0000	0.0000	0.0000	0.0000	0.0000	0.0000	0.0000	0.0000	0.0000	0.0000	0.0000	0.0000	0.0000	0.0000	0.0000	0.0000	0.0000	0.0000	0.0000	0.0000	0.0000	0.0000	0.0000	0.0000	0.0000	0.0000	0.0000	0.0000	0.0000	0.0000	0.0000	0.0000	0.0000	0.0000											
74	132	0.0626	6	1	1	1	1	0	0	0	0	N	N	N	N	N	N	N	N	N	N	N	N	0.0000	0.0000	0.0000	0.0000	0.0000	0.0000	0.0000	0.0000	0.0000	0.0000	0.0000	0.0000	0.0000	0.0000	0.0000	0.0000	0.0000	0.0000	0.0000	0.0000	0.0000	0.0000	0.0010	1.9999	0.0000	0.0000	0.0000	0.0000	0.0000	0.0000	0.0000	0.0000	0.0000	0.0000	0.0000	0.0000	0.0000	0.0000	0.0000	0.0000	0.0000	0.0000	0.0000	0.0000	0.0000	0.0000	0.0000	0.0000	0.0000	0.0000	0.0000	0.0015	0.0012	0.0003	0.0008	0.0008	0.0000	0.0008	0.0005	0.0003	0.0000	0.0000	0.0000	0.0000	0.0000	0.0000	0.0000	0.0000	0.0000	0.0000	0.0000	0.0000	0.0000	0.0000	0.0000	0.0000	0.0000	0.0000											
74	133	0.0737	7	1	1	1	1	0	0	0	0	N	N	N	N	N	N	N	N	N	N	N	N	0.0000	0.0000	0.0000	0.0000	0.0000	0.0000	0.0000	0.0000	0.0000	0.0000	0.0000	0.0000	0.0000	0.0000	0.0000	0.0000	0.0000	0.0000	0.0000	0.0000	0.0000	1.0000	0.0010	0.0000	0.0000	0.0000	0.0000	0.0000	0.0000	0.0000	0.0000	0.0000	0.0000	0.0000	0.0000	0.0000	0.0000	0.0000	0.0000	0.0000	0.0000	0.0000	0.0000	0.0000	0.0000	0.0000	0.0000	0.0000	0.0000	0.0000	0.0000	0.0008	0.0006	0.0002	0.0004	0.0004	0.0000	0.0004	0.0002	0.0002	0.0000	0.0000	0.0000	0.0000	0.0000	0.0000	0.0000	0.0000	0.0000	0.0000	0.0000	0.0000	0.0000	0.0000	0.0000	0.0000	0.0000	0.0000											
74	134	0.0737	7	1	1	1	1	0	0	0	0	N	N	N	N	N	N	N	N	N	N	N	N	0.0000	0.0000	0.0000	0.0000	0.0000	0.0000	0.0000	0.0000	0.0000	0.0000	0.0000	0.0000	0.0000	0.0000	0.0000	0.0000	0.0000	0.0000	0.0000	0.0000	0.0000	0.0000	0.0010	0.0000	0.0000	0.0000	0.0000	0.0000	0.0000	0.0000	0.0000	0.0000	0.0000	0.0000	0.0000	0.0000	0.0000	0.0000	0.0000	0.0000	0.0000	0.0000	0.0000	0.0000	0.0000	0.0000	0.0000	0.0000	0.0000	0.0000	0.0000	0.0000	0.0000	0.0000	0.0000	0.0000	0.0000	0.0000	0.0000	0.0000	0.0000	0.0000	0.0000	0.0000	0.0000	0.0000	0.0000	0.0000	0.0000	0.0000	0.0000	0.0000	0.0000	0.0000	0.0000	0.0000	0.0000	0.0000											
74	135	0.0626	6	1	1	1	1	0	0	0	0	N	N	N	N	N	N	N	N	N	N	N	N	0.0000	0.0000	0.0000	0.0000	0.0000	0.0000	0.0000	0.0000	0.0000	0.0000	0.0000	0.0000	0.0000	0.0000	0.0000	0.0000	0.0000	0.0000	0.0000	0.0000	0.0000	2.0025	0.0010	0.9943	0.0000	0.0000	0.0000	0.0000	0.0000	0.0000	0.0000	0.0000	0.0000	0.0000	0.0000	0.0000	0.0000	0.0000	0.0000	0.0000	0.0000	0.0000	0.0000	0.0000	0.0000	0.0000	0.0000	0.0000	0.0000	0.0000	0.0000	0.0023	0.0018	0.0005	0.0012	0.0012	0.0000	0.0012	0.0007	0.0005	0.0000	0.0000	0.0000	0.0000	0.0000	0.0000	0.0000	0.0000	0.0000	0.0000	0.0000	0.0000	0.0000	0.0000	0.0000	0.0000	0.0000	0.0000											
74	136	0.0626	5	1	1	0	1	0	0	0	0	N	N	N	N	N	N	N	N	N	N	N	N	0.0000	0.0000	0.0000	0.0000	0.0000	0.0000	0.0000	0.0000	0.0000	0.0000	0.0000	0.0000	0.0000	0.0000	0.0000	0.0000	0.0000	0.0000	0.0000	0.0000	0.0000	0.0050	0.0010	0.0173	0.0000	0.0000	0.0000	0.0000	0.0000	0.0000	0.0000	0.0000	0.0000	0.0000	0.0000	0.0000	0.0000	0.0000	0.0000	0.0000	0.0000	0.0000	0.0000	0.0000	0.0000	0.0000	0.0000	0.0000	0.0000	0.0000	0.0000	0.0000	0.0000	0.0000	0.0000	0.0000	0.0000	0.0000	0.0000	0.0000	0.0000	0.0000	0.0000	0.0000	0.0000	0.0000	0.0000	0.0000	0.0000	0.0000	0.0000	0.0000	0.0000	0.0000	0.0000	0.0000	0.0000	0.0000											
74	137	0.0530	4	1	1	0	1	0	0	0	0	N	N	N	N	N	N	N	N	N	N	N	N	0.0000	0.0000	0.0000	0.0000	0.0000	0.0000	0.0000	0.0000	0.0000	0.0000	0.0000	0.0000	0.0000	0.0000	0.0000	0.0000	0.0000	0.0000	0.0000	0.0000	0.0000	1.9972	0.0010	1.0076	0.0000	0.0000	0.0000	0.0000	0.0000	0.0000	0.0000	0.0000	0.0000	0.0000	0.0000	0.0000	0.0000	0.0000	0.0000	0.0000	0.0000	0.0000	0.0000	0.0000	0.0000	0.0000	0.0000	0.0000	0.0000	0.0000	0.0000	0.0023	0.0019	0.0005	0.0012	0.0012	0.0000	0.0012	0.0007	0.0005	0.0000	0.0000	0.0000	0.0000	0.0000	0.0000	0.0000	0.0000	0.0000	0.0000	0.0000	0.0000	0.0000	0.0000	0.0000	0.0000	0.0000	0.0000											
74	140	0.0344	3	1	2	0	0	0	0	0	0	N	Y	N	N	N	N	N	N	N	N	N	N	0.0000	0.0000	0.0000	0.0000	0.0000	0.0000	0.0000	0.0000	0.0000	0.0000	0.0000	0.0000	0.0000	0.0000	0.0000	0.0000	0.0000	0.0000	0.0000	0.0000	0.0000	1.9232	0.0010	1.1116	0.0000	0.0000	0.0000	0.0000	0.0000	0.0000	0.0000	0.0000	0.0000	0.0000	0.0000	0.0000	0.0000	0.0000	0.0000	0.0000	0.0000	0.0000	0.0000	0.0000	0.0000	0.0000	0.0000	0.0000	0.0000	0.0000	0.0000	0.0025	0.0019	0.0005	0.0012	0.0012	0.0000	0.0012	0.0007	0.0005	0.0000	0.0000	0.0000	0.0000	0.0000	0.0000	0.0000	0.0000	0.0000	0.0000	0.0000	0.0000	0.0000	0.0000	0.0000	0.0000	0.0000	0.0000											
74	141	0.6436	7	1	2	0	0	0	0	0	0	N	Y	N	N	N	N	N	N	N	N	N	N	0.0000	0.0000	0.0000	0.0000	0.0000	0.0000	0.0000	0.0000	0.0000	0.0000	0.0000	0.0000	0.0000	0.0000	0.0000	0.0000	0.0000	0.0000	0.0000	0.0000	0.0000	3.0000	0.0010	1.0000	0.0000	0.0000	0.0000	0.0000	0.0000	0.0000	0.0000	0.0000	0.0000	0.0000	0.0000	0.0000	0.0000	0.0000	0.0000	0.0000	0.0000	0.0000	0.0000	0.0000	0.0000	0.0000	0.0000	0.0000	0.0000	0.0000	0.0000	0.0000	0.0000	0.0000	0.0000	0.0000	0.0000	0.0000	0.0000	0.0000	0.0000	0.0000	0.0000	0.0000	0.0000	0.0000	0.0000	0.0000	0.0000	0.0000	0.0000	0.0000	0.0000	0.0000	0.0000	0.0000	0.0000	0.0000											
74	142	0.6244	6	1	1	0	0	0	0	0	0	N	N	N	N	N	N	N	N	N	N	N	N	0.0000	0.0000	0.0000	0.0000	0.0000	0.0000	0.0000	0.0000	0.0000	0.0000	0.0000	0.0000	0.0000	0.0000	0.0000	0.0000	0.0000	0.0000	0.0000	0.0000	0.0000	1.0000	0.0010	1.0000	0.0000	0.0000	0.0000	0.0000	0.0000	0.0000	0.0000	0.0000	0.0000	0.0000	0.0000	0.0000	0.0000	0.0000	0.0000	0.0000	0.0000	0.0000	0.0000	0.0000	0.0000	0.0000	0.0000	0.0000	0.0000	0.0000	0.0000	0.0000	0.0000	0.0000	0.0000	0.0000	0.0000	0.0000	0.0000	0.0000	0.0000	0.0000	0.0000	0.0000	0.0000	0.0000	0.0000	0.0000	0.0000	0.0000	0.0000	0.0000	0.0000	0.0000	0.0000	0.0000	0.0000	0.0000											
74	143	0.3740	5	1	1	0	0	0	0	0	0	N	N	N	N	N	N	N	N	N	N	N	N	0.0000	0.0000	0.0000	0.0000	0.0000	0.0000	0.0000	0.0000	0.0000	0.0000	0.0000	0.0000	0.0000	0.0000	0.0000	0.0000	0.0000	0.0000	0.0000	0.0000	0.0000	7.1211	0.0010	10.9474	0.0000	0.0000	0.0000	0.0000	0.0000	0.0000	0.0000	0.0000	0.0000	0.0000	0.0000	0.0000	0.0000	0.0000	0.0000	0.0000	0.0000	0.0000	0.0000	0.0000	0.0000	0.0000	0.0000	0.0000	0.0000	0.0000	0.0000	0.0145	0.0115	0.0030	0.0074	0.0073	0.0001	0.0071	0.0042	0.0029	0.0000	0.0000	0.0000	0.0000	0.0000	0.0000	0.0000	0.0000	0.0000	0.0000	0.0000	0.0000	0.0000	0.0000	0.0000	0.0000	0.0000	0.0000											
74	144	0.1792	4	1	1	0	0	0	0	0	0	N	N	N	N	N	N	N	N	N	N	N	N	0.0000	0.0000	0.0000	0.0000	0.0000	0.0000	0.0000	0.0000	0.0000	0.0000	0.0000	0.0000	0.0000	0.0000	0.0000	0.0000	0.0000	0.0000	0.6689	0.5007	0.1604	0.2407	0.2062	0.4516	0.2869	0.0692	0.0563	1.1086	0.0000	0.0000	0.0000	8.5175	0.0010	23.1696	0.0000	0.0000	0.0000	0.0000	0.0000	0.0000	0.0000	0.0000	0.0000	0.0004	0.0002	0.0002	0.0002	0.0002	0.0000	0.0002	0.0000	0.0002	0.0000	0.0000	0.0000	0.0000	0.0000	0.0000	0.0000	0.0000	0.0000	0.0234	0.0188	0.0047	0.0118	0.0117	0.0001	0.0116	0.0071	0.0046	0.0000	0.0000	0.0000	0.0000	0.0000	0.0000	0.0000	0.0000	0.0000	0.0180	0.0107	0.0477	0.0160	0.0154	0.1280	0.0200	0.0028	0.0466	
74	145	0.0530	5	2	2	0	0	0	0	0	0	Y	Y	N	N	N	N	N	N	N	N	N	N	0.0000	0.0000	0.0000	0.0000	0.0000	0.0000	0.0000	0.0000	0.0000	0.0000	0.0000	0.0000	0.0000	0.0000	0.0000	0.0000	0.0000	0.0000	0.0000	0.0000	0.0000	1.0000	0.0010	1.0000	0.0000	0.0000	0.0000	0.0000	0.0000	0.0000	0.0000	0.0000	0.0000	0.0000	0.0000	0.0000	0.0000	0.0000	0.0000	0.0000	0.0000	0.0000	0.0000	0.0000	0.0000	0.0000	0.0000	0.0000	0.0000	0.0000	0.0000	0.0015	0.0012	0.0003	0.0008	0.0008	0.0000	0.0008	0.0005	0.0003	0.0000	0.0000	0.0000	0.0000	0.0000	0.0000	0.0000	0.0000	0.0000	0.0000	0.0000	0.0000	0.0000	0.0000	0.0000	0.0000	0.0000	0.0000											
74	146	0.0530	4	1	2	0	0	0	0	0	0	N	Y	N	N	N	N	N	N	N	N	N	N	0.0000	0.0000	0.0000	0.0000	0.0000	0.0000	0.0000	0.0000	0.0000	0.0000	0.0000	0.0000	0.0000	0.0000	0.0000	0.0000	0.0000	0.0000	0.0000	0.0000	0.0000	0.0003	0.0010	0.0000	0.0000	0.0000	0.0000	0.0000	0.0000	0.0000	0.0000	0.0000	0.0000	0.0000	0.0000	0.0000	0.0000	0.0000	0.0000	0.0000	0.0000	0.0000	0.0000	0.0000	0.0000	0.0000	0.0000	0.0000	0.0000	0.0000	0.0000	0.0000	0.0000	0.0000	0.0000	0.0000	0.0000	0.0000	0.0000	0.0000	0.0000	0.0000	0.0000	0.0000	0.0000	0.0000	0.0000	0.0000	0.0000	0.0000	0.0000	0.0000	0.0000	0.0000	0.0000	0.0000	0.0000	0.0000											
74	147	0.0344	3	1	1	0	0	0	0	0	0	N	N	N	N	N	N	N	N	N	N	N	N	0.0000	0.0000	0.0000	0.0000	0.0000	0.0000	0.0000	0.0000	0.0000	0.0000	0.0000	0.0000	0.0000	0.0000	0.0000	0.0000	0.0000	0.0000	0.0000	0.0000	0.0000	4.9449	0.0010	1.0063	0.0000	0.0000	0.0000	0.0000	0.0000	0.0000	0.0000	0.0000	0.0000	0.0000	0.0000	0.0000	0.0000	0.0000	0.0000	0.0000	0.0000	0.0000	0.0000	0.0000	0.0000	0.0000	0.0000	0.0000	0.0000	0.0000	0.0000	0.0047	0.0037	0.0010	0.0023	0.0023	0.0000	0.0023	0.0014	0.0010	0.0000	0.0000	0.0000	0.0000	0.0000	0.0000	0.0000	0.0000	0.0000	0.0000	0.0000	0.0000	0.0000	0.0000	0.0000	0.0000	0.0000	0.0000											
74	148	0.0179	2	1	1	0	0	0	0	0	0	N	N	N	N	N	N	N	N	N	N	N	N	0.0000	0.0000	0.0000	0.0000	0.0000	0.0000	0.0000	0.0000	0.0000	0.0000	0.0000	0.0000	0.0000	0.0000	0.0000	0.0000	0.0000	0.0000	0.5986	0.6522	0.0563	0.2769	0.2332	0.4860	0.1874	0.0269	0.0165	0.7283	0.0000	-0.0000	0.0000	3.4778	0.0010	1.2917	0.0000	0.0000	0.0000	0.0000	0.0000	0.0000	0.0000	0.0000	0.0000	0.0001	0.0001	0.0001	0.0001	0.0001	0.0000	0.0001	0.0000	0.0001	0.0000	0.0000	0.0000	0.0000	0.0000	0.0000	0.0000	0.0000	0.0000	0.0088	0.0056	0.0033	0.0044	0.0044	0.0000	0.0044	0.0012	0.0032	0.0000	0.0000	0.0000	0.0000	0.0000	0.0000	0.0000	0.0000	0.0000	0.0149	0.0137	0.0171	0.0177	0.0169	0.1455	0.0122	0.0015	0.0160	
74	150	0.1956	5	1	1	0	0	0	0	0	0	N	N	N	N	N	N	N	N	N	N	N	N	0.0000	0.0000	0.0000	0.0000	0.0000	0.0000	0.0000	0.0000	0.0000	0.0000	0.0000	0.0000	0.0000	0.0000	0.0000	0.7409	0.0000	0.3886	0.0046	0.0000	0.9871	0.5316	0.0000	0.1579	inf	0.0000	0.0001	0.0000	3.7255	0.0010	14.1767	0.0000	0.0000	0.0000	0.0000	0.0000	0.0000	0.0000	0.0000	0.0000	0.0003	0.0000	0.0003	0.0000	0.0000	0.0000	0.0003	0.0000	0.0003	0.0000	0.0000	0.0000	0.0000	0.0000	0.0000	0.0000	0.0000	0.0000	0.0140	0.0111	0.0029	0.0070	0.0070	0.0000	0.0070	0.0041	0.0029	0.0000	0.0000	0.0000	0.0000	0.0000	0.0000	0.0000	0.0000	0.0000	0.0218	0.0000	0.1051	0.0018	0.0000	0.2849	0.0420	0.0000	0.1023				
74	151	0.1792	4	1	1	0	0	0	0	0	0	N	N	N	N	N	N	N	N	N	N	N	N	0.0000	0.0000	0.0000	0.0000	0.0000	0.0000	0.0000	0.0000	0.0000	0.0000	0.0000	0.0000	0.0000	0.0000	0.0000	0.0000	0.0000	0.0000	1.2178	1.3660	0.6646	1.2809	1.1776	1.1253	0.9001	0.0643	0.3030	0.9191	0.0000	-0.0000	0.0000	1.4205	0.0010	4.0377	0.0000	0.0000	0.0000	0.0000	0.0000	0.0000	0.0000	0.0000	0.0000	0.0004	0.0002	0.0002	0.0002	0.0002	0.0000	0.0002	0.0000	0.0002	0.0000	0.0000	0.0000	0.0000	0.0000	0.0000	0.0000	0.0000	0.0000	0.0051	0.0038	0.0012	0.0026	0.0025	0.0000	0.0025	0.0013	0.0012	0.0000	0.0000	0.0000	0.0000	0.0000	0.0000	0.0000	0.0000	0.0000	0.0852	0.0589	0.1661	0.0897	0.0875	0.3494	0.0807	0.0026	0.1628	
74	152	0.0682	3	1	1	0	0	0	0	0	0	N	N	N	N	N	N	N	N	N	N	N	N	0.0000	0.0000	0.0000	0.0000	0.0000	0.0000	0.0000	0.0000	0.0000	0.0000	0.0000	0.0000	0.0000	0.0000	0.0000	1.0325	0.0042	1.1586	0.0000	0.0000	0.0000	1.0583	0.0593	0.4530	70.3066	0.0000	0.0004	0.0000	6.4701	0.0010	12.4371	0.0000	0.0000	0.0000	0.0000	0.0000	0.0000	0.0000	0.0000	0.0000	0.0008	0.0000	0.0007	0.0000	0.0000	0.0000	0.0008	0.0000	0.0007	0.0000	0.0000	0.0000	0.0000	0.0000	0.0000	0.0000	0.0000	0.0000	0.0143	0.0115	0.0028	0.0072	0.0071	0.0000	0.0071	0.0044	0.0028	0.0000	0.0000	0.0000	0.0000	0.0000	0.0000	0.0000	0.0000	0.0000	0.0529	0.0009	0.2652	0.0000	0.0000	0.0000	0.1060	0.0024	0.2672				
75	80	0.1312	8	0	2	1	1	0	0	0	0	N	Y	N	N	N	N	N	N	N	N	N	N	0.0000	0.0000	0.0000	0.0000	0.0000	0.0000	0.0000	0.0000	0.0000	0.0000	0.0000	0.0000	0.0000	0.0000	0.0000	0.0000	0.0000	0.0000	0.0000	0.0000	0.0000	0.0029	0.0000	2.0135	0.0000	0.0000	0.0000	0.0000	0.0000	0.0000	0.0000	0.0000	0.0000	0.0000	0.0000	0.0000	0.0000	0.0000	0.0000	0.0000	0.0000	0.0000	0.0000	0.0000	0.0000	0.0000	0.0000	0.0000	0.0000	0.0000	0.0000	0.0000	0.0000	0.0000	0.0000	0.0000	0.0000	0.0000	0.0000	0.0000	0.0000	0.0000	0.0000	0.0000	0.0000	0.0000	0.0000	0.0000	0.0000	0.0000	0.0000	0.0000	0.0000	0.0000	0.0000	0.0000	0.0000	0.0000											
75	81	0.1246	7	0	2	0	1	0	0	0	0	N	Y	N	N	N	N	N	N	N	N	N	N	0.0000	0.0000	0.0000	0.0000	0.0000	0.0000	0.0000	0.0000	0.0000	0.0000	0.0000	0.0000	0.0000	0.0000	0.0000	0.0000	0.0000	0.0000	0.0000	0.0000	0.0000	0.6188	0.0000	0.9475	0.0000	0.0000	0.0000	0.0000	0.0000	0.0000	0.0000	0.0000	0.0000	0.0000	0.0000	0.0000	0.0000	0.0000	0.0000	0.0000	0.0000	0.0000	0.0000	0.0000	0.0000	0.0000	0.0000	0.0000	0.0000	0.0000	0.0000	0.0000	0.0000	0.0000	0.0000	0.0000	0.0000	0.0000	0.0000	0.0000	0.0000	0.0000	0.0000	0.0000	0.0000	0.0000	0.0000	0.0000	0.0000	0.0000	0.0000	0.0000	0.0000	0.0000	0.0000	0.0000	0.0000	0.0000											
75	82	0.6359	9	0	2	1	1	0	0	0	0	N	Y	N	N	N	N	N	N	N	N	N	N	0.0000	0.0000	0.0000	0.0000	0.0000	0.0000	0.0000	0.0000	0.0000	0.0000	0.0000	0.0000	0.0000	0.0000	0.0000	0.0000	0.0000	0.0000	0.0000	0.0000	0.0000	0.0000	0.0000	1.0000	0.0000	0.0000	0.0000	0.0000	0.0000	0.0000	0.0000	0.0000	0.0000	0.0000	0.0000	0.0000	0.0000	0.0000	0.0000	0.0000	0.0000	0.0000	0.0000	0.0000	0.0000	0.0000	0.0000	0.0000	0.0000	0.0000	0.0000	0.0000	0.0000	0.0000	0.0000	0.0000	0.0000	0.0000	0.0000	0.0000	0.0000	0.0000	0.0000	0.0000	0.0000	0.0000	0.0000	0.0000	0.0000	0.0000	0.0000	0.0000	0.0000	0.0000	0.0000	0.0000	0.0000	0.0000											
75	83	0.0986	6	1	1	1	1	0	0	0	0	N	N	N	N	N	N	N	N	N	N	N	N	0.0000	0.0000	0.0000	0.0000	0.0000	0.0000	0.0000	0.0000	0.0000	0.0000	0.0000	0.0000	0.0000	0.0000	0.0000	0.0000	0.0000	0.0000	0.0000	0.0000	0.0000	9.0001	0.0000	3.0001	0.0000	0.0000	0.0000	0.0000	0.0000	0.0000	0.0000	0.0000	0.0000	0.0000	0.0000	0.0000	0.0000	0.0000	0.0000	0.0000	0.0000	0.0000	0.0000	0.0000	0.0000	0.0000	0.0000	0.0000	0.0000	0.0000	0.0000	0.0000	0.0000	0.0000	0.0000	0.0000	0.0000	0.0000	0.0000	0.0000	0.0000	0.0000	0.0000	0.0000	0.0000	0.0000	0.0000	0.0000	0.0000	0.0000	0.0000	0.0000	0.0000	0.0000	0.0000	0.0000	0.0000	0.0000											
75	84	0.6135	8	1	1	1	1	0	0	0	0	N	N	N	N	N	N	N	N	N	N	N	N	0.0000	0.0000	0.0000	0.0000	0.0000	0.0000	0.0000	0.0000	0.0000	0.0000	0.0000	0.0000	0.0000	0.0000	0.0000	0.0000	0.0000	0.0000	0.0000	0.0000	0.0000	4.0000	0.0000	0.0000	0.0000	0.0000	0.0000	0.0000	0.0000	0.0000	0.0000	0.0000	0.0000	0.0000	0.0000	0.0000	0.0000	0.0000	0.0000	0.0000	0.0000	0.0000	0.0000	0.0000	0.0000	0.0000	0.0000	0.0000	0.0000	0.0000	0.0000	0.0000	0.0000	0.0000	0.0000	0.0000	0.0000	0.0000	0.0000	0.0000	0.0000	0.0000	0.0000	0.0000	0.0000	0.0000	0.0000	0.0000	0.0000	0.0000	0.0000	0.0000	0.0000	0.0000	0.0000	0.0000	0.0000	0.0000											
75	85	0.6596	9	1	2	0	1	0	0	0	0	N	Y	N	N	N	N	N	N	N	N	N	N	0.0000	0.0000	0.0000	0.0000	0.0000	0.0000	0.0000	0.0000	0.0000	0.0000	0.0000	0.0000	0.0000	0.0000	0.0000	0.0000	0.0000	0.0000	0.0000	0.0000	0.0000	1.0086	0.0000	1.7435	0.0000	0.0000	0.0000	0.0000	0.0000	0.0000	0.0000	0.0000	0.0000	0.0000	0.0000	0.0000	0.0000	0.0000	0.0000	0.0000	0.0000	0.0000	0.0000	0.0000	0.0000	0.0000	0.0000	0.0000	0.0000	0.0000	0.0000	0.0000	0.0000	0.0000	0.0000	0.0000	0.0000	0.0000	0.0000	0.0000	0.0000	0.0000	0.0000	0.0000	0.0000	0.0000	0.0000	0.0000	0.0000	0.0000	0.0000	0.0000	0.0000	0.0000	0.0000	0.0000	0.0000	0.0000											
75	86	0.6135	8	1	2	0	1	0	0	0	0	N	Y	N	N	N	N	N	N	N	N	N	N	0.0000	0.0000	0.0000	0.0000	0.0000	0.0000	0.0000	0.0000	0.0000	0.0000	0.0000	0.0000	0.0000	0.0000	0.0000	0.0000	0.0000	0.0000	0.0000	0.0000	0.0000	1.0165	0.0000	4.1395	0.0000	0.0000	0.0000	0.0000	0.0000	0.0000	0.0000	0.0000	0.0000	0.0000	0.0000	0.0000	0.0000	0.0000	0.0000	0.0000	0.0000	0.0000	0.0000	0.0000	0.0000	0.0000	0.0000	0.0000	0.0000	0.0000	0.0000	0.0000	0.0000	0.0000	0.0000	0.0000	0.0000	0.0000	0.0000	0.0000	0.0000	0.0000	0.0000	0.0000	0.0000	0.0000	0.0000	0.0000	0.0000	0.0000	0.0000	0.0000	0.0000	0.0000	0.0000	0.0000	0.0000	0.0000											
75	87	0.0574	5	1	2	0	1	0	0	0	0	N	Y	N	N	N	N	N	N	N	N	N	N	0.0000	0.0000	0.0000	0.0000	0.0000	0.0000	0.0000	0.0000	0.0000	0.0000	0.0000	0.0000	0.0000	0.0000	0.0000	0.0000	0.0000	0.0000	0.0000	0.0000	0.0000	9.0005	0.0000	5.0000	0.0000	0.0000	0.0000	0.0000	0.0000	0.0000	0.0000	0.0000	0.0000	0.0000	0.0000	0.0000	0.0000	0.0000	0.0000	0.0000	0.0000	0.0000	0.0000	0.0000	0.0000	0.0000	0.0000	0.0000	0.0000	0.0000	0.0000	0.0000	0.0000	0.0000	0.0000	0.0000	0.0000	0.0000	0.0000	0.0000	0.0000	0.0000	0.0000	0.0000	0.0000	0.0000	0.0000	0.0000	0.0000	0.0000	0.0000	0.0000	0.0000	0.0000	0.0000	0.0000	0.0000	0.0000											
75	88	0.6359	9	0	2	0	1	0	0	0	0	N	Y	N	N	N	N	N	N	N	N	N	N	0.0000	0.0000	0.0000	0.0000	0.0000	0.0000	0.0000	0.0000	0.0000	0.0000	0.0000	0.0000	0.0000	0.0000	0.0000	0.0000	0.0000	0.0000	0.0000	0.0000	0.0000	0.0000	0.0000	0.0000	0.0000	0.0000	0.0000	0.0000	0.0000	0.0000	0.0000	0.0000	0.0000	0.0000	0.0000	0.0000	0.0000	0.0000	0.0000	0.0000	0.0000	0.0000	0.0000	0.0000	0.0000	0.0000	0.0000	0.0000	0.0000	0.0000	0.0000	0.0000	0.0000	0.0000	0.0000	0.0000	0.0000	0.0000	0.0000	0.0000	0.0000	0.0000	0.0000	0.0000	0.0000	0.0000	0.0000	0.0000	0.0000	0.0000	0.0000	0.0000	0.0000	0.0000	0.0000	0.0000	0.0000	0.0000											
75	89	0.1246	7	0	2	0	1	0	0	0	0	N	Y	N	N	N	N	N	N	N	N	N	N	0.0000	0.0000	0.0000	0.0000	0.0000	0.0000	0.0000	0.0000	0.0000	0.0000	0.0000	0.0000	0.0000	0.0000	0.0000	0.0000	0.0000	0.0000	0.0000	0.0000	0.0000	1.9953	0.0000	1.0817	0.0000	0.0000	0.0000	0.0000	0.0000	0.0000	0.0000	0.0000	0.0000	0.0000	0.0000	0.0000	0.0000	0.0000	0.0000	0.0000	0.0000	0.0000	0.0000	0.0000	0.0000	0.0000	0.0000	0.0000	0.0000	0.0000	0.0000	0.0000	0.0000	0.0000	0.0000	0.0000	0.0000	0.0000	0.0000	0.0000	0.0000	0.0000	0.0000	0.0000	0.0000	0.0000	0.0000	0.0000	0.0000	0.0000	0.0000	0.0000	0.0000	0.0000	0.0000	0.0000	0.0000	0.0000											
75	90	0.0986	6	0	2	0	1	0	0	0	0	N	Y	N	N	N	N	N	N	N	N	N	N	0.0000	0.0000	0.0000	0.0000	0.0000	0.0000	0.0000	0.0000	0.0000	0.0000	0.0000	0.0000	0.0000	0.0000	0.0000	0.0000	0.0000	0.0000	0.0000	0.0000	0.0000	2.3999	0.0000	4.0713	0.0000	0.0000	0.0000	0.0000	0.0000	0.0000	0.0000	0.0000	0.0000	0.0000	0.0000	0.0000	0.0000	0.0000	0.0000	0.0000	0.0000	0.0000	0.0000	0.0000	0.0000	0.0000	0.0000	0.0000	0.0000	0.0000	0.0000	0.0000	0.0000	0.0000	0.0000	0.0000	0.0000	0.0000	0.0000	0.0000	0.0000	0.0000	0.0000	0.0000	0.0000	0.0000	0.0000	0.0000	0.0000	0.0000	0.0000	0.0000	0.0000	0.0000	0.0000	0.0000	0.0000	0.0000											
75	91	0.0593	5	0	1	1	1	0	0	0	0	N	N	N	N	N	N	N	N	N	N	N	N	0.0000	0.0000	0.0000	0.0000	0.0000	0.0000	0.0000	0.0000	0.0000	0.0000	0.0000	0.0000	0.0000	0.0000	0.0000	0.0000	0.0000	0.0000	0.0000	0.0000	0.0000	0.0000	0.0000	0.0000	0.0000	0.0000	0.0000	0.0000	0.0000	0.0000	0.0000	0.0000	0.0000	0.0000	0.0000	0.0000	0.0000	0.0000	0.0000	0.0000	0.0000	0.0000	0.0000	0.0000	0.0000	0.0000	0.0000	0.0000	0.0000	0.0000	0.0000	0.0000	0.0000	0.0000	0.0000	0.0000	0.0000	0.0000	0.0000	0.0000	0.0000	0.0000	0.0000	0.0000	0.0000	0.0000	0.0000	0.0000	0.0000	0.0000	0.0000	0.0000	0.0000	0.0000	0.0000	0.0000	0.0000	0.0000											
75	92	0.0272	4	0	1	1	1	0	0	0	0	N	N	N	N	N	N	N	N	N	N	N	N	0.0000	0.0000	0.0000	0.0000	0.0000	0.0000	0.0000	0.0000	0.0000	0.0000	0.0000	0.0000	0.0000	0.0000	0.0000	0.0000	0.0000	0.0000	0.0000	0.0000	0.0000	3.7221	0.0000	2.9993	0.0000	0.0000	0.0000	0.0000	0.0000	0.0000	0.0000	0.0000	0.0000	0.0000	0.0000	0.0000	0.0000	0.0000	0.0000	0.0000	0.0000	0.0000	0.0000	0.0000	0.0000	0.0000	0.0000	0.0000	0.0000	0.0000	0.0000	0.0000	0.0000	0.0000	0.0000	0.0000	0.0000	0.0000	0.0000	0.0000	0.0000	0.0000	0.0000	0.0000	0.0000	0.0000	0.0000	0.0000	0.0000	0.0000	0.0000	0.0000	0.0000	0.0000	0.0000	0.0000	0.0000	0.0000											
75	94	0.1149	7	1	2	0	1	0	0	0	0	N	Y	N	N	N	N	N	N	N	N	N	N	0.0000	0.0000	0.0000	0.0000	0.0000	0.0000	0.0000	0.0000	0.0000	0.0000	0.0000	0.0000	0.0000	0.0000	0.0000	0.0000	0.0000	0.0000	0.0000	0.0000	0.0000	5.9980	0.0000	4.9575	0.0000	0.0000	0.0000	0.0000	0.0000	0.0000	0.0000	0.0000	0.0000	0.0000	0.0000	0.0000	0.0000	0.0000	0.0000	0.0000	0.0000	0.0000	0.0000	0.0000	0.0000	0.0000	0.0000	0.0000	0.0000	0.0000	0.0000	0.0000	0.0000	0.0000	0.0000	0.0000	0.0000	0.0000	0.0000	0.0000	0.0000	0.0000	0.0000	0.0000	0.0000	0.0000	0.0000	0.0000	0.0000	0.0000	0.0000	0.0000	0.0000	0.0000	0.0000	0.0000	0.0000	0.0000											
75	95	0.6359	9	1	2	0	1	0	0	0	0	N	Y	N	N	N	N	N	N	N	N	N	N	0.0000	0.0000	0.0000	0.0000	0.0000	0.0000	0.0000	0.0000	0.0000	0.0000	0.0000	0.0000	0.0000	0.0000	0.0000	0.0000	0.0000	0.0000	0.0000	0.0000	0.0000	0.0000	0.0000	2.0000	0.0000	0.0000	0.0000	0.0000	0.0000	0.0000	0.0000	0.0000	0.0000	0.0000	0.0000	0.0000	0.0000	0.0000	0.0000	0.0000	0.0000	0.0000	0.0000	0.0000	0.0000	0.0000	0.0000	0.0000	0.0000	0.0000	0.0000	0.0000	0.0000	0.0000	0.0000	0.0000	0.0000	0.0000	0.0000	0.0000	0.0000	0.0000	0.0000	0.0000	0.0000	0.0000	0.0000	0.0000	0.0000	0.0000	0.0000	0.0000	0.0000	0.0000	0.0000	0.0000	0.0000	0.0000											
75	96	0.6135	8	0	2	0	1	0	0	0	0	N	Y	N	N	N	N	N	N	N	N	N	N	0.0000	0.0000	0.0000	0.0000	0.0000	0.0000	0.0000	0.0000	0.0000	0.0000	0.0000	0.0000	0.0000	0.0000	0.0000	0.0000	0.0000	0.0000	0.0000	0.0000	0.0000	4.0000	0.0000	0.0000	0.0000	0.0000	0.0000	0.0000	0.0000	0.0000	0.0000	0.0000	0.0000	0.0000	0.0000	0.0000	0.0000	0.0000	0.0000	0.0000	0.0000	0.0000	0.0000	0.0000	0.0000	0.0000	0.0000	0.0000	0.0000	0.0000	0.0000	0.0000	0.0000	0.0000	0.0000	0.0000	0.0000	0.0000	0.0000	0.0000	0.0000	0.0000	0.0000	0.0000	0.0000	0.0000	0.0000	0.0000	0.0000	0.0000	0.0000	0.0000	0.0000	0.0000	0.0000	0.0000	0.0000	0.0000											
75	97	0.0574	5	0	1	0	1	0	0	0	0	N	N	N	N	N	N	N	N	N	N	N	N	0.0000	0.0000	0.0000	0.0000	0.0000	0.0000	0.0000	0.0000	0.0000	0.0000	0.0000	0.0000	0.0000	0.0000	0.0000	0.0000	0.0000	0.0000	0.0000	0.0000	0.0000	3.9994	0.0000	4.0000	0.0000	0.0000	0.0000	0.0000	0.0000	0.0000	0.0000	0.0000	0.0000	0.0000	0.0000	0.0000	0.0000	0.0000	0.0000	0.0000	0.0000	0.0000	0.0000	0.0000	0.0000	0.0000	0.0000	0.0000	0.0000	0.0000	0.0000	0.0000	0.0000	0.0000	0.0000	0.0000	0.0000	0.0000	0.0000	0.0000	0.0000	0.0000	0.0000	0.0000	0.0000	0.0000	0.0000	0.0000	0.0000	0.0000	0.0000	0.0000	0.0000	0.0000	0.0000	0.0000	0.0000	0.0000											
75	98	0.6135	8	0	1	0	1	0	0	0	0	N	N	N	N	N	N	N	N	N	N	N	N	0.0000	0.0000	0.0000	0.0000	0.0000	0.0000	0.0000	0.0000	0.0000	0.0000	0.0000	0.0000	0.0000	0.0000	0.0000	0.0000	0.0000	0.0000	0.0000	0.0000	0.0000	1.0000	0.0000	0.0000	0.0000	0.0000	0.0000	0.0000	0.0000	0.0000	0.0000	0.0000	0.0000	0.0000	0.0000	0.0000	0.0000	0.0000	0.0000	0.0000	0.0000	0.0000	0.0000	0.0000	0.0000	0.0000	0.0000	0.0000	0.0000	0.0000	0.0000	0.0000	0.0000	0.0000	0.0000	0.0000	0.0000	0.0000	0.0000	0.0000	0.0000	0.0000	0.0000	0.0000	0.0000	0.0000	0.0000	0.0000	0.0000	0.0000	0.0000	0.0000	0.0000	0.0000	0.0000	0.0000	0.0000	0.0000											
75	99	0.1684	6	0	1	0	1	0	0	0	0	N	N	N	N	N	N	N	N	N	N	N	N	0.0000	0.0000	0.0000	0.0000	0.0000	0.0000	0.0000	0.0000	0.0000	0.0000	0.0000	0.0000	0.0000	0.0000	0.0000	0.0000	0.0000	0.0000	0.0000	0.0000	0.0000	1.5982	0.0000	11.1970	0.0000	0.0000	0.0000	0.0000	0.0000	0.0000	0.0000	0.0000	0.0000	0.0000	0.0000	0.0000	0.0000	0.0000	0.0000	0.0000	0.0000	0.0000	0.0000	0.0000	0.0000	0.0000	0.0000	0.0000	0.0000	0.0000	0.0000	0.0000	0.0000	0.0000	0.0000	0.0000	0.0000	0.0000	0.0000	0.0000	0.0000	0.0000	0.0000	0.0000	0.0000	0.0000	0.0000	0.0000	0.0000	0.0000	0.0000	0.0000	0.0000	0.0000	0.0000	0.0000	0.0000	0.0000											
75	100	0.1164	8	1	2	1	1	0	0	0	0	N	Y	N	N	N	N	N	N	N	N	N	N	0.0000	0.0000	0.0000	0.0000	0.0000	0.0000	0.0000	0.0000	0.0000	0.0000	0.0000	0.0000	0.0000	0.0000	0.0000	0.0000	0.0000	0.0000	0.0000	0.0000	0.0000	0.0000	0.0000	0.9982	0.0000	0.0000	0.0000	0.0000	0.0000	0.0000	0.0000	0.0000	0.0000	0.0000	0.0000	0.0000	0.0000	0.0000	0.0000	0.0000	0.0000	0.0000	0.0000	0.0000	0.0000	0.0000	0.0000	0.0000	0.0000	0.0000	0.0000	0.0000	0.0000	0.0000	0.0000	0.0000	0.0000	0.0000	0.0000	0.0000	0.0000	0.0000	0.0000	0.0000	0.0000	0.0000	0.0000	0.0000	0.0000	0.0000	0.0000	0.0000	0.0000	0.0000	0.0000	0.0000	0.0000	0.0000											
75	101	0.6482	11	1	2	1	1	0	0	0	0	N	Y	N	N	N	N	N	N	N	N	N	N	0.0000	0.0000	0.0000	0.0000	0.0000	0.0000	0.0000	0.0000	0.0000	0.0000	0.0000	0.0000	0.0000	0.0000	0.0000	0.0000	0.0000	0.0000	0.0000	0.0000	0.0000	0.0000	0.0000	0.0000	0.0000	0.0000	0.0000	0.0000	0.0000	0.0000	0.0000	0.0000	0.0000	0.0000	0.0000	0.0000	0.0000	0.0000	0.0000	0.0000	0.0000	0.0000	0.0000	0.0000	0.0000	0.0000	0.0000	0.0000	0.0000	0.0000	0.0000	0.0000	0.0000	0.0000	0.0000	0.0000	0.0000	0.0000	0.0000	0.0000	0.0000	0.0000	0.0000	0.0000	0.0000	0.0000	0.0000	0.0000	0.0000	0.0000	0.0000	0.0000	0.0000	0.0000	0.0000	0.0000	0.0000	0.0000											
75	102	0.6482	10	1	1	1	1	0	0	0	0	N	N	N	N	N	N	N	N	N	N	N	N	0.0000	0.0000	0.0000	0.0000	0.0000	0.0000	0.0000	0.0000	0.0000	0.0000	0.0000	0.0000	0.0000	0.0000	0.0000	0.0000	0.0000	0.0000	0.0000	0.0000	0.0000	0.0000	0.0000	0.0000	0.0000	0.0000	0.0000	0.0000	0.0000	0.0000	0.0000	0.0000	0.0000	0.0000	0.0000	0.0000	0.0000	0.0000	0.0000	0.0000	0.0000	0.0000	0.0000	0.0000	0.0000	0.0000	0.0000	0.0000	0.0000	0.0000	0.0000	0.0000	0.0000	0.0000	0.0000	0.0000	0.0000	0.0000	0.0000	0.0000	0.0000	0.0000	0.0000	0.0000	0.0000	0.0000	0.0000	0.0000	0.0000	0.0000	0.0000	0.0000	0.0000	0.0000	0.0000	0.0000	0.0000	0.0000											
75	103	0.6421	9	1	1	1	1	0	0	0	0	N	N	N	N	N	N	N	N	N	N	N	N	0.0000	0.0000	0.0000	0.0000	0.0000	0.0000	0.0000	0.0000	0.0000	0.0000	0.0000	0.0000	0.0000	0.0000	0.0000	0.0000	0.0000	0.0000	0.0000	0.0000	0.0000	0.0000	0.0000	1.0091	0.0000	0.0000	0.0000	0.0000	0.0000	0.0000	0.0000	0.0000	0.0000	0.0000	0.0000	0.0000	0.0000	0.0000	0.0000	0.0000	0.0000	0.0000	0.0000	0.0000	0.0000	0.0000	0.0000	0.0000	0.0000	0.0000	0.0000	0.0000	0.0000	0.0000	0.0000	0.0000	0.0000	0.0000	0.0000	0.0000	0.0000	0.0000	0.0000	0.0000	0.0000	0.0000	0.0000	0.0000	0.0000	0.0000	0.0000	0.0000	0.0000	0.0000	0.0000	0.0000	0.0000	0.0000											
75	104	0.0574	5	0	2	0	1	0	0	0	0	N	Y	N	N	N	N	N	N	N	N	N	N	0.0000	0.0000	0.0000	0.0000	0.0000	0.0000	0.0000	0.0000	0.0000	0.0000	0.0000	0.0000	0.0000	0.0000	0.0000	0.0000	0.0000	0.0000	0.0000	0.0000	0.0000	7.9994	0.0000	4.0001	0.0000	0.0000	0.0000	0.0000	0.0000	0.0000	0.0000	0.0000	0.0000	0.0000	0.0000	0.0000	0.0000	0.0000	0.0000	0.0000	0.0000	0.0000	0.0000	0.0000	0.0000	0.0000	0.0000	0.0000	0.0000	0.0000	0.0000	0.0000	0.0000	0.0000	0.0000	0.0000	0.0000	0.0000	0.0000	0.0000	0.0000	0.0000	0.0000	0.0000	0.0000	0.0000	0.0000	0.0000	0.0000	0.0000	0.0000	0.0000	0.0000	0.0000	0.0000	0.0000	0.0000	0.0000											
75	105	0.1198	9	1	1	1	1	0	0	0	0	N	N	N	N	N	N	N	N	N	N	N	N	0.0000	0.0000	0.0000	0.0000	0.0000	0.0000	0.0000	0.0000	0.0000	0.0000	0.0000	0.0000	0.0000	0.0000	0.0000	0.0000	0.0000	0.0000	0.0000	0.0000	0.0000	1.0000	0.0000	1.0005	0.0000	0.0000	0.0000	0.0000	0.0000	0.0000	0.0000	0.0000	0.0000	0.0000	0.0000	0.0000	0.0000	0.0000	0.0000	0.0000	0.0000	0.0000	0.0000	0.0000	0.0000	0.0000	0.0000	0.0000	0.0000	0.0000	0.0000	0.0000	0.0000	0.0000	0.0000	0.0000	0.0000	0.0000	0.0000	0.0000	0.0000	0.0000	0.0000	0.0000	0.0000	0.0000	0.0000	0.0000	0.0000	0.0000	0.0000	0.0000	0.0000	0.0000	0.0000	0.0000	0.0000	0.0000											
75	106	0.1164	8	1	1	1	1	0	0	0	0	N	N	N	N	N	N	N	N	N	N	N	N	0.0000	0.0000	0.0000	0.0000	0.0000	0.0000	0.0000	0.0000	0.0000	0.0000	0.0000	0.0000	0.0000	0.0000	0.0000	0.0000	0.0000	0.0000	0.0000	0.0000	0.0000	0.7249	0.0000	0.0368	0.0000	0.0000	0.0000	0.0000	0.0000	0.0000	0.0000	0.0000	0.0000	0.0000	0.0000	0.0000	0.0000	0.0000	0.0000	0.0000	0.0000	0.0000	0.0000	0.0000	0.0000	0.0000	0.0000	0.0000	0.0000	0.0000	0.0000	0.0000	0.0000	0.0000	0.0000	0.0000	0.0000	0.0000	0.0000	0.0000	0.0000	0.0000	0.0000	0.0000	0.0000	0.0000	0.0000	0.0000	0.0000	0.0000	0.0000	0.0000	0.0000	0.0000	0.0000	0.0000	0.0000	0.0000											
75	107	0.1149	7	1	1	1	1	0	0	0	0	N	N	N	N	N	N	N	N	N	N	N	N	0.0000	0.0000	0.0000	0.0000	0.0000	0.0000	0.0000	0.0000	0.0000	0.0000	0.0000	0.0000	0.0000	0.0000	0.0000	0.0000	0.0000	0.0000	0.0000	0.0000	0.0000	0.4159	0.0000	0.0887	0.0000	0.0000	0.0000	0.0000	0.0000	0.0000	0.0000	0.0000	0.0000	0.0000	0.0000	0.0000	0.0000	0.0000	0.0000	0.0000	0.0000	0.0000	0.0000	0.0000	0.0000	0.0000	0.0000	0.0000	0.0000	0.0000	0.0000	0.0000	0.0000	0.0000	0.0000	0.0000	0.0000	0.0000	0.0000	0.0000	0.0000	0.0000	0.0000	0.0000	0.0000	0.0000	0.0000	0.0000	0.0000	0.0000	0.0000	0.0000	0.0000	0.0000	0.0000	0.0000	0.0000	0.0000											
75	108	0.0986	6	1	1	0	1	0	0	0	0	N	N	N	N	N	N	N	N	N	N	N	N	0.0000	0.0000	0.0000	0.0000	0.0000	0.0000	0.0000	0.0000	0.0000	0.0000	0.0000	0.0000	0.0000	0.0000	0.0000	0.0000	0.0000	0.0000	0.0000	0.0000	0.0000	3.9943	0.0000	0.9974	0.0000	0.0000	0.0000	0.0000	0.0000	0.0000	0.0000	0.0000	0.0000	0.0000	0.0000	0.0000	0.0000	0.0000	0.0000	0.0000	0.0000	0.0000	0.0000	0.0000	0.0000	0.0000	0.0000	0.0000	0.0000	0.0000	0.0000	0.0000	0.0000	0.0000	0.0000	0.0000	0.0000	0.0000	0.0000	0.0000	0.0000	0.0000	0.0000	0.0000	0.0000	0.0000	0.0000	0.0000	0.0000	0.0000	0.0000	0.0000	0.0000	0.0000	0.0000	0.0000	0.0000	0.0000											
75	109	0.6421	9	1	1	1	1	0	0	0	0	N	N	N	N	N	N	N	N	N	N	N	N	0.0000	0.0000	0.0000	0.0000	0.0000	0.0000	0.0000	0.0000	0.0000	0.0000	0.0000	0.0000	0.0000	0.0000	0.0000	0.0000	0.0000	0.0000	0.0000	0.0000	0.0000	0.0000	0.0000	0.9909	0.0000	0.0000	0.0000	0.0000	0.0000	0.0000	0.0000	0.0000	0.0000	0.0000	0.0000	0.0000	0.0000	0.0000	0.0000	0.0000	0.0000	0.0000	0.0000	0.0000	0.0000	0.0000	0.0000	0.0000	0.0000	0.0000	0.0000	0.0000	0.0000	0.0000	0.0000	0.0000	0.0000	0.0000	0.0000	0.0000	0.0000	0.0000	0.0000	0.0000	0.0000	0.0000	0.0000	0.0000	0.0000	0.0000	0.0000	0.0000	0.0000	0.0000	0.0000	0.0000	0.0000	0.0000											
75	110	0.6135	8	1	1	1	1	0	0	0	0	N	N	N	N	N	N	N	N	N	N	N	N	0.0000	0.0000	0.0000	0.0000	0.0000	0.0000	0.0000	0.0000	0.0000	0.0000	0.0000	0.0000	0.0000	0.0000	0.0000	0.0000	0.0000	0.0000	0.0000	0.0000	0.0000	4.0000	0.0000	0.0000	0.0000	0.0000	0.0000	0.0000	0.0000	0.0000	0.0000	0.0000	0.0000	0.0000	0.0000	0.0000	0.0000	0.0000	0.0000	0.0000	0.0000	0.0000	0.0000	0.0000	0.0000	0.0000	0.0000	0.0000	0.0000	0.0000	0.0000	0.0000	0.0000	0.0000	0.0000	0.0000	0.0000	0.0000	0.0000	0.0000	0.0000	0.0000	0.0000	0.0000	0.0000	0.0000	0.0000	0.0000	0.0000	0.0000	0.0000	0.0000	0.0000	0.0000	0.0000	0.0000	0.0000	0.0000											
75	112	0.1032	6	0	1	1	1	0	0	0	0	N	N	N	N	N	N	N	N	N	N	N	N	0.0000	0.0000	0.0000	0.0000	0.0000	0.0000	0.0000	0.0000	0.0000	0.0000	0.0000	0.0000	0.0000	0.0000	0.0000	0.0000	0.0000	0.0000	0.0000	0.0000	0.0000	0.0000	0.0000	0.0001	0.0000	0.0000	0.0000	0.0000	0.0000	0.0000	0.0000	0.0000	0.0000	0.0000	0.0000	0.0000	0.0000	0.0000	0.0000	0.0000	0.0000	0.0000	0.0000	0.0000	0.0000	0.0000	0.0000	0.0000	0.0000	0.0000	0.0000	0.0000	0.0000	0.0000	0.0000	0.0000	0.0000	0.0000	0.0000	0.0000	0.0000	0.0000	0.0000	0.0000	0.0000	0.0000	0.0000	0.0000	0.0000	0.0000	0.0000	0.0000	0.0000	0.0000	0.0000	0.0000	0.0000	0.0000											
75	113	0.0574	5	0	1	1	1	0	0	0	0	N	N	N	N	N	N	N	N	N	N	N	N	0.0000	0.0000	0.0000	0.0000	0.0000	0.0000	0.0000	0.0000	0.0000	0.0000	0.0000	0.0000	0.0000	0.0000	0.0000	0.0000	0.0000	0.0000	0.0000	0.0000	0.0000	4.0004	0.0000	4.9999	0.0000	0.0000	0.0000	0.0000	0.0000	0.0000	0.0000	0.0000	0.0000	0.0000	0.0000	0.0000	0.0000	0.0000	0.0000	0.0000	0.0000	0.0000	0.0000	0.0000	0.0000	0.0000	0.0000	0.0000	0.0000	0.0000	0.0000	0.0000	0.0000	0.0000	0.0000	0.0000	0.0000	0.0000	0.0000	0.0000	0.0000	0.0000	0.0000	0.0000	0.0000	0.0000	0.0000	0.0000	0.0000	0.0000	0.0000	0.0000	0.0000	0.0000	0.0000	0.0000	0.0000	0.0000											
75	114	0.6461	9	0	2	0	1	0	0	0	0	N	Y	N	N	N	N	N	N	N	N	N	N	0.0000	0.0000	0.0000	0.0000	0.0000	0.0000	0.0000	0.0000	0.0000	0.0000	0.0000	0.0000	0.0000	0.0000	0.0000	0.0000	0.0000	0.0000	0.0000	0.0000	0.0000	4.3361	0.0000	4.6323	0.0000	0.0000	0.0000	0.0000	0.0000	0.0000	0.0000	0.0000	0.0000	0.0000	0.0000	0.0000	0.0000	0.0000	0.0000	0.0000	0.0000	0.0000	0.0000	0.0000	0.0000	0.0000	0.0000	0.0000	0.0000	0.0000	0.0000	0.0000	0.0000	0.0000	0.0000	0.0000	0.0000	0.0000	0.0000	0.0000	0.0000	0.0000	0.0000	0.0000	0.0000	0.0000	0.0000	0.0000	0.0000	0.0000	0.0000	0.0000	0.0000	0.0000	0.0000	0.0000	0.0000	0.0000											
75	115	0.6135	8	0	1	0	1	0	0	0	0	N	N	N	N	N	N	N	N	N	N	N	N	0.0000	0.0000	0.0000	0.0000	0.0000	0.0000	0.0000	0.0000	0.0000	0.0000	0.0000	0.0000	0.0000	0.0000	0.0000	0.0000	0.0000	0.0000	0.0000	0.0000	0.0000	1.9840	0.0000	0.2610	0.0000	0.0000	0.0000	0.0000	0.0000	0.0000	0.0000	0.0000	0.0000	0.0000	0.0000	0.0000	0.0000	0.0000	0.0000	0.0000	0.0000	0.0000	0.0000	0.0000	0.0000	0.0000	0.0000	0.0000	0.0000	0.0000	0.0000	0.0000	0.0000	0.0000	0.0000	0.0000	0.0000	0.0000	0.0000	0.0000	0.0000	0.0000	0.0000	0.0000	0.0000	0.0000	0.0000	0.0000	0.0000	0.0000	0.0000	0.0000	0.0000	0.0000	0.0000	0.0000	0.0000	0.0000											
75	116	0.0574	5	0	2	0	2	0	0	0	0	N	Y	N	Y	N	N	N	N	N	N	N	N	0.0000	0.0000	0.0000	0.0000	0.0000	0.0000	0.0000	0.0000	0.0000	0.0000	0.0000	0.0000	0.0000	0.0000	0.0000	0.0000	0.0000	0.0000	0.0000	0.0000	0.0000	5.0006	0.0000	2.0000	0.0000	0.0000	0.0000	0.0000	0.0000	0.0000	0.0000	0.0000	0.0000	0.0000	0.0000	0.0000	0.0000	0.0000	0.0000	0.0000	0.0000	0.0000	0.0000	0.0000	0.0000	0.0000	0.0000	0.0000	0.0000	0.0000	0.0000	0.0000	0.0000	0.0000	0.0000	0.0000	0.0000	0.0000	0.0000	0.0000	0.0000	0.0000	0.0000	0.0000	0.0000	0.0000	0.0000	0.0000	0.0000	0.0000	0.0000	0.0000	0.0000	0.0000	0.0000	0.0000	0.0000	0.0000											
75	117	0.6135	8	0	2	0	2	0	0	0	0	N	Y	N	Y	N	N	N	N	N	N	N	N	0.0000	0.0000	0.0000	0.0000	0.0000	0.0000	0.0000	0.0000	0.0000	0.0000	0.0000	0.0000	0.0000	0.0000	0.0000	0.0000	0.0000	0.0000	0.0000	0.0000	0.0000	0.0000	0.0000	1.0000	0.0000	0.0000	0.0000	0.0000	0.0000	0.0000	0.0000	0.0000	0.0000	0.0000	0.0000	0.0000	0.0000	0.0000	0.0000	0.0000	0.0000	0.0000	0.0000	0.0000	0.0000	0.0000	0.0000	0.0000	0.0000	0.0000	0.0000	0.0000	0.0000	0.0000	0.0000	0.0000	0.0000	0.0000	0.0000	0.0000	0.0000	0.0000	0.0000	0.0000	0.0000	0.0000	0.0000	0.0000	0.0000	0.0000	0.0000	0.0000	0.0000	0.0000	0.0000	0.0000	0.0000	0.0000											
75	118	0.0574	5	0	2	0	1	0	0	0	0	N	Y	N	N	N	N	N	N	N	N	N	N	0.0000	0.0000	0.0000	0.0000	0.0000	0.0000	0.0000	0.0000	0.0000	0.0000	0.0000	0.0000	0.0000	0.0000	0.0000	0.0000	0.0000	0.0000	0.0000	0.0000	0.0000	16.9994	0.0000	6.0000	0.0000	0.0000	0.0000	0.0000	0.0000	0.0000	0.0000	0.0000	0.0000	0.0000	0.0000	0.0000	0.0000	0.0000	0.0000	0.0000	0.0000	0.0000	0.0000	0.0000	0.0000	0.0000	0.0000	0.0000	0.0000	0.0000	0.0000	0.0000	0.0000	0.0000	0.0000	0.0000	0.0000	0.0000	0.0000	0.0000	0.0000	0.0000	0.0000	0.0000	0.0000	0.0000	0.0000	0.0000	0.0000	0.0000	0.0000	0.0000	0.0000	0.0000	0.0000	0.0000	0.0000	0.0000											
75	119	0.6135	8	0	2	0	1	0	0	0	0	N	Y	N	N	N	N	N	N	N	N	N	N	0.0000	0.0000	0.0000	0.0000	0.0000	0.0000	0.0000	0.0000	0.0000	0.0000	0.0000	0.0000	0.0000	0.0000	0.0000	0.0000	0.0000	0.0000	0.0000	0.0000	0.0000	5.0000	0.0000	6.0000	0.0000	0.0000	0.0000	0.0000	0.0000	0.0000	0.0000	0.0000	0.0000	0.0000	0.0000	0.0000	0.0000	0.0000	0.0000	0.0000	0.0000	0.0000	0.0000	0.0000	0.0000	0.0000	0.0000	0.0000	0.0000	0.0000	0.0000	0.0000	0.0000	0.0000	0.0000	0.0000	0.0000	0.0000	0.0000	0.0000	0.0000	0.0000	0.0000	0.0000	0.0000	0.0000	0.0000	0.0000	0.0000	0.0000	0.0000	0.0000	0.0000	0.0000	0.0000	0.0000	0.0000	0.0000											
75	120	0.6416	9	0	2	0	1	0	0	0	0	N	Y	N	N	N	N	N	N	N	N	N	N	0.0000	0.0000	0.0000	0.0000	0.0000	0.0000	0.0000	0.0000	0.0000	0.0000	0.0000	0.0000	0.0000	0.0000	0.0000	0.0000	0.0000	0.0000	0.0000	0.0000	0.0000	0.9998	0.0000	0.9486	0.0000	0.0000	0.0000	0.0000	0.0000	0.0000	0.0000	0.0000	0.0000	0.0000	0.0000	0.0000	0.0000	0.0000	0.0000	0.0000	0.0000	0.0000	0.0000	0.0000	0.0000	0.0000	0.0000	0.0000	0.0000	0.0000	0.0000	0.0000	0.0000	0.0000	0.0000	0.0000	0.0000	0.0000	0.0000	0.0000	0.0000	0.0000	0.0000	0.0000	0.0000	0.0000	0.0000	0.0000	0.0000	0.0000	0.0000	0.0000	0.0000	0.0000	0.0000	0.0000	0.0000	0.0000											
75	121	0.6135	8	0	2	0	1	0	0	0	0	N	Y	N	N	N	N	N	N	N	N	N	N	0.0000	0.0000	0.0000	0.0000	0.0000	0.0000	0.0000	0.0000	0.0000	0.0000	0.0000	0.0000	0.0000	0.0000	0.0000	0.0000	0.0000	0.0000	0.0000	0.0000	0.0000	3.0005	0.0000	1.1085	0.0000	0.0000	0.0000	0.0000	0.0000	0.0000	0.0000	0.0000	0.0000	0.0000	0.0000	0.0000	0.0000	0.0000	0.0000	0.0000	0.0000	0.0000	0.0000	0.0000	0.0000	0.0000	0.0000	0.0000	0.0000	0.0000	0.0000	0.0000	0.0000	0.0000	0.0000	0.0000	0.0000	0.0000	0.0000	0.0000	0.0000	0.0000	0.0000	0.0000	0.0000	0.0000	0.0000	0.0000	0.0000	0.0000	0.0000	0.0000	0.0000	0.0000	0.0000	0.0000	0.0000	0.0000											
75	122	0.0986	6	0	2	0	1	0	0	0	0	N	Y	N	N	N	N	N	N	N	N	N	N	0.0000	0.0000	0.0000	0.0000	0.0000	0.0000	0.0000	0.0000	0.0000	0.0000	0.0000	0.0000	0.0000	0.0000	0.0000	0.0000	0.0000	0.0000	0.0000	0.0000	0.0000	2.0001	0.0000	3.0000	0.0000	0.0000	0.0000	0.0000	0.0000	0.0000	0.0000	0.0000	0.0000	0.0000	0.0000	0.0000	0.0000	0.0000	0.0000	0.0000	0.0000	0.0000	0.0000	0.0000	0.0000	0.0000	0.0000	0.0000	0.0000	0.0000	0.0000	0.0000	0.0000	0.0000	0.0000	0.0000	0.0000	0.0000	0.0000	0.0000	0.0000	0.0000	0.0000	0.0000	0.0000	0.0000	0.0000	0.0000	0.0000	0.0000	0.0000	0.0000	0.0000	0.0000	0.0000	0.0000	0.0000	0.0000											
75	123	0.0574	5	0	1	0	1	0	0	0	0	N	N	N	N	N	N	N	N	N	N	N	N	0.0000	0.0000	0.0000	0.0000	0.0000	0.0000	0.0000	0.0000	0.0000	0.0000	0.0000	0.0000	0.0000	0.0000	0.0000	0.0000	0.0000	0.0000	0.0000	0.0000	0.0000	6.9986	0.0000	2.0000	0.0000	0.0000	0.0000	0.0000	0.0000	0.0000	0.0000	0.0000	0.0000	0.0000	0.0000	0.0000	0.0000	0.0000	0.0000	0.0000	0.0000	0.0000	0.0000	0.0000	0.0000	0.0000	0.0000	0.0000	0.0000	0.0000	0.0000	0.0000	0.0000	0.0000	0.0000	0.0000	0.0000	0.0000	0.0000	0.0000	0.0000	0.0000	0.0000	0.0000	0.0000	0.0000	0.0000	0.0000	0.0000	0.0000	0.0000	0.0000	0.0000	0.0000	0.0000	0.0000	0.0000	0.0000											
75	124	0.6470	9	0	2	0	1	0	0	0	0	N	Y	N	N	N	N	N	N	N	N	N	N	0.0000	0.0000	0.0000	0.0000	0.0000	0.0000	0.0000	0.0000	0.0000	0.0000	0.0000	0.0000	0.0000	0.0000	0.0000	0.0000	0.0000	0.0000	0.0000	0.0000	0.0000	3.9006	0.0000	3.1543	0.0000	0.0000	0.0000	0.0000	0.0000	0.0000	0.0000	0.0000	0.0000	0.0000	0.0000	0.0000	0.0000	0.0000	0.0000	0.0000	0.0000	0.0000	0.0000	0.0000	0.0000	0.0000	0.0000	0.0000	0.0000	0.0000	0.0000	0.0000	0.0000	0.0000	0.0000	0.0000	0.0000	0.0000	0.0000	0.0000	0.0000	0.0000	0.0000	0.0000	0.0000	0.0000	0.0000	0.0000	0.0000	0.0000	0.0000	0.0000	0.0000	0.0000	0.0000	0.0000	0.0000	0.0000											
75	125	0.6135	8	0	2	0	1	0	0	0	0	N	Y	N	N	N	N	N	N	N	N	N	N	0.0000	0.0000	0.0000	0.0000	0.0000	0.0000	0.0000	0.0000	0.0000	0.0000	0.0000	0.0000	0.0000	0.0000	0.0000	0.0000	0.0000	0.0000	0.0000	0.0000	0.0000	1.6924	0.0000	1.9110	0.0000	0.0000	0.0000	0.0000	0.0000	0.0000	0.0000	0.0000	0.0000	0.0000	0.0000	0.0000	0.0000	0.0000	0.0000	0.0000	0.0000	0.0000	0.0000	0.0000	0.0000	0.0000	0.0000	0.0000	0.0000	0.0000	0.0000	0.0000	0.0000	0.0000	0.0000	0.0000	0.0000	0.0000	0.0000	0.0000	0.0000	0.0000	0.0000	0.0000	0.0000	0.0000	0.0000	0.0000	0.0000	0.0000	0.0000	0.0000	0.0000	0.0000	0.0000	0.0000	0.0000	0.0000											
75	126	0.0574	5	0	2	0	1	0	0	0	0	N	Y	N	N	N	N	N	N	N	N	N	N	0.0000	0.0000	0.0000	0.0000	0.0000	0.0000	0.0000	0.0000	0.0000	0.0000	0.0000	0.0000	0.0000	0.0000	0.0000	0.0000	0.0000	0.0000	0.0000	0.0000	0.0000	0.9996	0.0000	8.0005	0.0000	0.0000	0.0000	0.0000	0.0000	0.0000	0.0000	0.0000	0.0000	0.0000	0.0000	0.0000	0.0000	0.0000	0.0000	0.0000	0.0000	0.0000	0.0000	0.0000	0.0000	0.0000	0.0000	0.0000	0.0000	0.0000	0.0000	0.0000	0.0000	0.0000	0.0000	0.0000	0.0000	0.0000	0.0000	0.0000	0.0000	0.0000	0.0000	0.0000	0.0000	0.0000	0.0000	0.0000	0.0000	0.0000	0.0000	0.0000	0.0000	0.0000	0.0000	0.0000	0.0000	0.0000											
75	127	0.1847	7	0	1	0	1	0	0	0	0	N	N	N	N	N	N	N	N	N	N	N	N	0.0000	0.0000	0.0000	0.0000	0.0000	0.0000	0.0000	0.0000	0.0000	0.0000	0.0000	0.0000	0.0000	0.0000	0.0000	0.0000	0.0000	0.0000	0.0000	0.0000	0.0000	3.6536	0.0000	12.3970	0.0000	0.0000	0.0000	0.0000	0.0000	0.0000	0.0000	0.0000	0.0000	0.0000	0.0000	0.0000	0.0000	0.0000	0.0000	0.0000	0.0000	0.0000	0.0000	0.0000	0.0000	0.0000	0.0000	0.0000	0.0000	0.0000	0.0000	0.0000	0.0000	0.0000	0.0000	0.0000	0.0000	0.0000	0.0000	0.0000	0.0000	0.0000	0.0000	0.0000	0.0000	0.0000	0.0000	0.0000	0.0000	0.0000	0.0000	0.0000	0.0000	0.0000	0.0000	0.0000	0.0000	0.0000											
75	128	0.3631	7	0	1	0	1	0	0	0	0	N	N	N	N	N	N	N	N	N	N	N	N	0.0000	0.0000	0.0000	0.0000	0.0000	0.0000	0.0000	0.0000	0.0000	0.0000	0.0000	0.0000	0.0000	0.0000	0.0000	0.0000	0.0000	0.0000	0.0000	0.0000	0.0000	5.3495	0.0000	12.4099	0.0000	0.0000	0.0000	0.0000	0.0000	0.0000	0.0000	0.0000	0.0000	0.0000	0.0000	0.0000	0.0000	0.0000	0.0000	0.0000	0.0000	0.0000	0.0000	0.0000	0.0000	0.0000	0.0000	0.0000	0.0000	0.0000	0.0000	0.0000	0.0000	0.0000	0.0000	0.0000	0.0000	0.0000	0.0000	0.0000	0.0000	0.0000	0.0000	0.0000	0.0000	0.0000	0.0000	0.0000	0.0000	0.0000	0.0000	0.0000	0.0000	0.0000	0.0000	0.0000	0.0000	0.0000											
75	129	0.1688	11	0	2	0	2	0	0	0	0	N	Y	N	Y	N	N	N	N	N	N	N	N	0.0000	0.0000	0.0000	0.0000	0.0000	0.0000	0.0000	0.0000	0.0000	0.0000	0.0000	0.0000	0.0000	0.0000	0.0000	0.0000	0.0000	0.0000	0.0000	0.0000	0.0000	0.0000	0.0000	0.0000	0.0000	0.0000	0.0000	0.0000	0.0000	0.0000	0.0000	0.0000	0.0000	0.0000	0.0000	0.0000	0.0000	0.0000	0.0000	0.0000	0.0000	0.0000	0.0000	0.0000	0.0000	0.0000	0.0000	0.0000	0.0000	0.0000	0.0000	0.0000	0.0000	0.0000	0.0000	0.0000	0.0000	0.0000	0.0000	0.0000	0.0000	0.0000	0.0000	0.0000	0.0000	0.0000	0.0000	0.0000	0.0000	0.0000	0.0000	0.0000	0.0000	0.0000	0.0000	0.0000	0.0000	0.0000											
75	130	0.1525	10	0	2	0	2	0	0	0	0	N	Y	N	Y	N	N	N	N	N	N	N	N	0.0000	0.0000	0.0000	0.0000	0.0000	0.0000	0.0000	0.0000	0.0000	0.0000	0.0000	0.0000	0.0000	0.0000	0.0000	0.0000	0.0000	0.0000	0.0000	0.0000	0.0000	0.0000	0.0000	3.0001	0.0000	0.0000	0.0000	0.0000	0.0000	0.0000	0.0000	0.0000	0.0000	0.0000	0.0000	0.0000	0.0000	0.0000	0.0000	0.0000	0.0000	0.0000	0.0000	0.0000	0.0000	0.0000	0.0000	0.0000	0.0000	0.0000	0.0000	0.0000	0.0000	0.0000	0.0000	0.0000	0.0000	0.0000	0.0000	0.0000	0.0000	0.0000	0.0000	0.0000	0.0000	0.0000	0.0000	0.0000	0.0000	0.0000	0.0000	0.0000	0.0000	0.0000	0.0000	0.0000	0.0000	0.0000											
75	131	0.1429	9	0	2	0	1	0	0	0	0	N	Y	N	N	N	N	N	N	N	N	N	N	0.0000	0.0000	0.0000	0.0000	0.0000	0.0000	0.0000	0.0000	0.0000	0.0000	0.0000	0.0000	0.0000	0.0000	0.0000	0.0000	0.0000	0.0000	0.0000	0.0000	0.0000	0.0000	0.0000	0.0000	0.0000	0.0000	0.0000	0.0000	0.0000	0.0000	0.0000	0.0000	0.0000	0.0000	0.0000	0.0000	0.0000	0.0000	0.0000	0.0000	0.0000	0.0000	0.0000	0.0000	0.0000	0.0000	0.0000	0.0000	0.0000	0.0000	0.0000	0.0000	0.0000	0.0000	0.0000	0.0000	0.0000	0.0000	0.0000	0.0000	0.0000	0.0000	0.0000	0.0000	0.0000	0.0000	0.0000	0.0000	0.0000	0.0000	0.0000	0.0000	0.0000	0.0000	0.0000	0.0000	0.0000	0.0000											
75	132	0.1525	10	0	1	1	2	0	0	0	0	N	N	N	Y	N	N	N	N	N	N	N	N	0.0000	0.0000	0.0000	0.0000	0.0000	0.0000	0.0000	0.0000	0.0000	0.0000	0.0000	0.0000	0.0000	0.0000	0.0000	0.0000	0.0000	0.0000	0.0000	0.0000	0.0000	0.0000	0.0000	1.9999	0.0000	0.0000	0.0000	0.0000	0.0000	0.0000	0.0000	0.0000	0.0000	0.0000	0.0000	0.0000	0.0000	0.0000	0.0000	0.0000	0.0000	0.0000	0.0000	0.0000	0.0000	0.0000	0.0000	0.0000	0.0000	0.0000	0.0000	0.0000	0.0000	0.0000	0.0000	0.0000	0.0000	0.0000	0.0000	0.0000	0.0000	0.0000	0.0000	0.0000	0.0000	0.0000	0.0000	0.0000	0.0000	0.0000	0.0000	0.0000	0.0000	0.0000	0.0000	0.0000	0.0000	0.0000											
75	133	0.1636	11	0	1	1	2	0	0	0	0	N	N	N	Y	N	N	N	N	N	N	N	N	0.0000	0.0000	0.0000	0.0000	0.0000	0.0000	0.0000	0.0000	0.0000	0.0000	0.0000	0.0000	0.0000	0.0000	0.0000	0.0000	0.0000	0.0000	0.0000	0.0000	0.0000	1.0000	0.0000	0.0000	0.0000	0.0000	0.0000	0.0000	0.0000	0.0000	0.0000	0.0000	0.0000	0.0000	0.0000	0.0000	0.0000	0.0000	0.0000	0.0000	0.0000	0.0000	0.0000	0.0000	0.0000	0.0000	0.0000	0.0000	0.0000	0.0000	0.0000	0.0000	0.0000	0.0000	0.0000	0.0000	0.0000	0.0000	0.0000	0.0000	0.0000	0.0000	0.0000	0.0000	0.0000	0.0000	0.0000	0.0000	0.0000	0.0000	0.0000	0.0000	0.0000	0.0000	0.0000	0.0000	0.0000	0.0000											
75	134	0.1636	11	0	1	1	2	0	0	0	0	N	N	N	Y	N	N	N	N	N	N	N	N	0.0000	0.0000	0.0000	0.0000	0.0000	0.0000	0.0000	0.0000	0.0000	0.0000	0.0000	0.0000	0.0000	0.0000	0.0000	0.0000	0.0000	0.0000	0.0000	0.0000	0.0000	0.0000	0.0000	0.0000	0.0000	0.0000	0.0000	0.0000	0.0000	0.0000	0.0000	0.0000	0.0000	0.0000	0.0000	0.0000	0.0000	0.0000	0.0000	0.0000	0.0000	0.0000	0.0000	0.0000	0.0000	0.0000	0.0000	0.0000	0.0000	0.0000	0.0000	0.0000	0.0000	0.0000	0.0000	0.0000	0.0000	0.0000	0.0000	0.0000	0.0000	0.0000	0.0000	0.0000	0.0000	0.0000	0.0000	0.0000	0.0000	0.0000	0.0000	0.0000	0.0000	0.0000	0.0000	0.0000	0.0000	0.0000											
75	135	0.1525	10	0	1	1	2	0	0	0	0	N	N	N	Y	N	N	N	N	N	N	N	N	0.0000	0.0000	0.0000	0.0000	0.0000	0.0000	0.0000	0.0000	0.0000	0.0000	0.0000	0.0000	0.0000	0.0000	0.0000	0.0000	0.0000	0.0000	0.0000	0.0000	0.0000	2.0025	0.0000	0.9943	0.0000	0.0000	0.0000	0.0000	0.0000	0.0000	0.0000	0.0000	0.0000	0.0000	0.0000	0.0000	0.0000	0.0000	0.0000	0.0000	0.0000	0.0000	0.0000	0.0000	0.0000	0.0000	0.0000	0.0000	0.0000	0.0000	0.0000	0.0000	0.0000	0.0000	0.0000	0.0000	0.0000	0.0000	0.0000	0.0000	0.0000	0.0000	0.0000	0.0000	0.0000	0.0000	0.0000	0.0000	0.0000	0.0000	0.0000	0.0000	0.0000	0.0000	0.0000	0.0000	0.0000	0.0000											
75	136	0.1525	9	0	1	0	2	0	0	0	0	N	N	N	Y	N	N	N	N	N	N	N	N	0.0000	0.0000	0.0000	0.0000	0.0000	0.0000	0.0000	0.0000	0.0000	0.0000	0.0000	0.0000	0.0000	0.0000	0.0000	0.0000	0.0000	0.0000	0.0000	0.0000	0.0000	0.0050	0.0000	0.0173	0.0000	0.0000	0.0000	0.0000	0.0000	0.0000	0.0000	0.0000	0.0000	0.0000	0.0000	0.0000	0.0000	0.0000	0.0000	0.0000	0.0000	0.0000	0.0000	0.0000	0.0000	0.0000	0.0000	0.0000	0.0000	0.0000	0.0000	0.0000	0.0000	0.0000	0.0000	0.0000	0.0000	0.0000	0.0000	0.0000	0.0000	0.0000	0.0000	0.0000	0.0000	0.0000	0.0000	0.0000	0.0000	0.0000	0.0000	0.0000	0.0000	0.0000	0.0000	0.0000	0.0000	0.0000											
75	137	0.1429	8	0	1	0	2	0	0	0	0	N	N	N	Y	N	N	N	N	N	N	N	N	0.0000	0.0000	0.0000	0.0000	0.0000	0.0000	0.0000	0.0000	0.0000	0.0000	0.0000	0.0000	0.0000	0.0000	0.0000	0.0000	0.0000	0.0000	0.0000	0.0000	0.0000	1.9972	0.0000	1.0076	0.0000	0.0000	0.0000	0.0000	0.0000	0.0000	0.0000	0.0000	0.0000	0.0000	0.0000	0.0000	0.0000	0.0000	0.0000	0.0000	0.0000	0.0000	0.0000	0.0000	0.0000	0.0000	0.0000	0.0000	0.0000	0.0000	0.0000	0.0000	0.0000	0.0000	0.0000	0.0000	0.0000	0.0000	0.0000	0.0000	0.0000	0.0000	0.0000	0.0000	0.0000	0.0000	0.0000	0.0000	0.0000	0.0000	0.0000	0.0000	0.0000	0.0000	0.0000	0.0000	0.0000	0.0000											
75	138	0.1256	7	1	2	0	1	0	0	0	0	N	Y	N	N	N	N	N	N	N	N	N	N	0.0000	0.0000	0.0000	0.0000	0.0000	0.0000	0.0000	0.0000	0.0000	0.0000	0.0000	0.0000	0.0000	0.0000	0.0000	0.0000	0.0000	0.0000	0.0000	0.0000	0.0000	0.0002	0.0000	2.3255	0.0000	0.0000	0.0000	0.0000	0.0000	0.0000	0.0000	0.0000	0.0000	0.0000	0.0000	0.0000	0.0000	0.0000	0.0000	0.0000	0.0000	0.0000	0.0000	0.0000	0.0000	0.0000	0.0000	0.0000	0.0000	0.0000	0.0000	0.0000	0.0000	0.0000	0.0000	0.0000	0.0000	0.0000	0.0000	0.0000	0.0000	0.0000	0.0000	0.0000	0.0000	0.0000	0.0000	0.0000	0.0000	0.0000	0.0000	0.0000	0.0000	0.0000	0.0000	0.0000	0.0000	0.0000											
75	139	0.1078	6	1	2	0	1	0	0	0	0	N	Y	N	N	N	N	N	N	N	N	N	N	0.0000	0.0000	0.0000	0.0000	0.0000	0.0000	0.0000	0.0000	0.0000	0.0000	0.0000	0.0000	0.0000	0.0000	0.0000	0.0000	0.0000	0.0000	0.0000	0.0000	0.0000	2.0138	0.0000	2.7349	0.0000	0.0000	0.0000	0.0000	0.0000	0.0000	0.0000	0.0000	0.0000	0.0000	0.0000	0.0000	0.0000	0.0000	0.0000	0.0000	0.0000	0.0000	0.0000	0.0000	0.0000	0.0000	0.0000	0.0000	0.0000	0.0000	0.0000	0.0000	0.0000	0.0000	0.0000	0.0000	0.0000	0.0000	0.0000	0.0000	0.0000	0.0000	0.0000	0.0000	0.0000	0.0000	0.0000	0.0000	0.0000	0.0000	0.0000	0.0000	0.0000	0.0000	0.0000	0.0000	0.0000	0.0000											
75	140	0.1243	7	0	2	0	1	0	0	0	0	N	Y	N	N	N	N	N	N	N	N	N	N	0.0000	0.0000	0.0000	0.0000	0.0000	0.0000	0.0000	0.0000	0.0000	0.0000	0.0000	0.0000	0.0000	0.0000	0.0000	0.0000	0.0000	0.0000	0.0000	0.0000	0.0000	1.9232	0.0000	1.1116	0.0000	0.0000	0.0000	0.0000	0.0000	0.0000	0.0000	0.0000	0.0000	0.0000	0.0000	0.0000	0.0000	0.0000	0.0000	0.0000	0.0000	0.0000	0.0000	0.0000	0.0000	0.0000	0.0000	0.0000	0.0000	0.0000	0.0000	0.0000	0.0000	0.0000	0.0000	0.0000	0.0000	0.0000	0.0000	0.0000	0.0000	0.0000	0.0000	0.0000	0.0000	0.0000	0.0000	0.0000	0.0000	0.0000	0.0000	0.0000	0.0000	0.0000	0.0000	0.0000	0.0000	0.0000											
75	141	0.6327	9	0	2	0	1	0	0	0	0	N	Y	N	N	N	N	N	N	N	N	N	N	0.0000	0.0000	0.0000	0.0000	0.0000	0.0000	0.0000	0.0000	0.0000	0.0000	0.0000	0.0000	0.0000	0.0000	0.0000	0.0000	0.0000	0.0000	0.0000	0.0000	0.0000	3.0000	0.0000	1.0000	0.0000	0.0000	0.0000	0.0000	0.0000	0.0000	0.0000	0.0000	0.0000	0.0000	0.0000	0.0000	0.0000	0.0000	0.0000	0.0000	0.0000	0.0000	0.0000	0.0000	0.0000	0.0000	0.0000	0.0000	0.0000	0.0000	0.0000	0.0000	0.0000	0.0000	0.0000	0.0000	0.0000	0.0000	0.0000	0.0000	0.0000	0.0000	0.0000	0.0000	0.0000	0.0000	0.0000	0.0000	0.0000	0.0000	0.0000	0.0000	0.0000	0.0000	0.0000	0.0000	0.0000	0.0000											
75	142	0.6135	8	0	1	0	1	0	0	0	0	N	N	N	N	N	N	N	N	N	N	N	N	0.0000	0.0000	0.0000	0.0000	0.0000	0.0000	0.0000	0.0000	0.0000	0.0000	0.0000	0.0000	0.0000	0.0000	0.0000	0.0000	0.0000	0.0000	0.0000	0.0000	0.0000	1.0000	0.0000	1.0000	0.0000	0.0000	0.0000	0.0000	0.0000	0.0000	0.0000	0.0000	0.0000	0.0000	0.0000	0.0000	0.0000	0.0000	0.0000	0.0000	0.0000	0.0000	0.0000	0.0000	0.0000	0.0000	0.0000	0.0000	0.0000	0.0000	0.0000	0.0000	0.0000	0.0000	0.0000	0.0000	0.0000	0.0000	0.0000	0.0000	0.0000	0.0000	0.0000	0.0000	0.0000	0.0000	0.0000	0.0000	0.0000	0.0000	0.0000	0.0000	0.0000	0.0000	0.0000	0.0000	0.0000	0.0000											
75	143	0.3631	7	0	1	0	1	0	0	0	0	N	N	N	N	N	N	N	N	N	N	N	N	0.0000	0.0000	0.0000	0.0000	0.0000	0.0000	0.0000	0.0000	0.0000	0.0000	0.0000	0.0000	0.0000	0.0000	0.0000	0.0000	0.0000	0.0000	0.0000	0.0000	0.0000	7.1211	0.0000	10.9474	0.0000	0.0000	0.0000	0.0000	0.0000	0.0000	0.0000	0.0000	0.0000	0.0000	0.0000	0.0000	0.0000	0.0000	0.0000	0.0000	0.0000	0.0000	0.0000	0.0000	0.0000	0.0000	0.0000	0.0000	0.0000	0.0000	0.0000	0.0000	0.0000	0.0000	0.0000	0.0000	0.0000	0.0000	0.0000	0.0000	0.0000	0.0000	0.0000	0.0000	0.0000	0.0000	0.0000	0.0000	0.0000	0.0000	0.0000	0.0000	0.0000	0.0000	0.0000	0.0000	0.0000	0.0000											
75	144	0.1684	6	0	1	0	1	0	0	0	0	N	N	N	N	N	N	N	N	N	N	N	N	0.0000	0.0000	0.0000	0.0000	0.0000	0.0000	0.0000	0.0000	0.0000	0.0000	0.0000	0.0000	0.0000	0.0000	0.0000	0.0000	0.0000	0.0000	0.0000	0.0000	0.0000	8.5175	0.0000	23.1696	0.0000	0.0000	0.0000	0.0000	0.0000	0.0000	0.0000	0.0000	0.0000	0.0000	0.0000	0.0000	0.0000	0.0000	0.0000	0.0000	0.0000	0.0000	0.0000	0.0000	0.0000	0.0000	0.0000	0.0000	0.0000	0.0000	0.0000	0.0000	0.0000	0.0000	0.0000	0.0000	0.0000	0.0000	0.0000	0.0000	0.0000	0.0000	0.0000	0.0000	0.0000	0.0000	0.0000	0.0000	0.0000	0.0000	0.0000	0.0000	0.0000	0.0000	0.0000	0.0000	0.0000	0.0000											
75	145	0.1429	9	1	2	0	1	0	0	0	0	N	Y	N	N	N	N	N	N	N	N	N	N	0.0000	0.0000	0.0000	0.0000	0.0000	0.0000	0.0000	0.0000	0.0000	0.0000	0.0000	0.0000	0.0000	0.0000	0.0000	0.0000	0.0000	0.0000	0.0000	0.0000	0.0000	1.0000	0.0000	1.0000	0.0000	0.0000	0.0000	0.0000	0.0000	0.0000	0.0000	0.0000	0.0000	0.0000	0.0000	0.0000	0.0000	0.0000	0.0000	0.0000	0.0000	0.0000	0.0000	0.0000	0.0000	0.0000	0.0000	0.0000	0.0000	0.0000	0.0000	0.0000	0.0000	0.0000	0.0000	0.0000	0.0000	0.0000	0.0000	0.0000	0.0000	0.0000	0.0000	0.0000	0.0000	0.0000	0.0000	0.0000	0.0000	0.0000	0.0000	0.0000	0.0000	0.0000	0.0000	0.0000	0.0000	0.0000											
75	146	0.1429	8	0	2	0	1	0	0	0	0	N	Y	N	N	N	N	N	N	N	N	N	N	0.0000	0.0000	0.0000	0.0000	0.0000	0.0000	0.0000	0.0000	0.0000	0.0000	0.0000	0.0000	0.0000	0.0000	0.0000	0.0000	0.0000	0.0000	0.0000	0.0000	0.0000	0.0003	0.0000	0.0000	0.0000	0.0000	0.0000	0.0000	0.0000	0.0000	0.0000	0.0000	0.0000	0.0000	0.0000	0.0000	0.0000	0.0000	0.0000	0.0000	0.0000	0.0000	0.0000	0.0000	0.0000	0.0000	0.0000	0.0000	0.0000	0.0000	0.0000	0.0000	0.0000	0.0000	0.0000	0.0000	0.0000	0.0000	0.0000	0.0000	0.0000	0.0000	0.0000	0.0000	0.0000	0.0000	0.0000	0.0000	0.0000	0.0000	0.0000	0.0000	0.0000	0.0000	0.0000	0.0000	0.0000	0.0000											
75	147	0.1243	7	0	1	0	1	0	0	0	0	N	N	N	N	N	N	N	N	N	N	N	N	0.0000	0.0000	0.0000	0.0000	0.0000	0.0000	0.0000	0.0000	0.0000	0.0000	0.0000	0.0000	0.0000	0.0000	0.0000	0.0000	0.0000	0.0000	0.0000	0.0000	0.0000	4.9449	0.0000	1.0063	0.0000	0.0000	0.0000	0.0000	0.0000	0.0000	0.0000	0.0000	0.0000	0.0000	0.0000	0.0000	0.0000	0.0000	0.0000	0.0000	0.0000	0.0000	0.0000	0.0000	0.0000	0.0000	0.0000	0.0000	0.0000	0.0000	0.0000	0.0000	0.0000	0.0000	0.0000	0.0000	0.0000	0.0000	0.0000	0.0000	0.0000	0.0000	0.0000	0.0000	0.0000	0.0000	0.0000	0.0000	0.0000	0.0000	0.0000	0.0000	0.0000	0.0000	0.0000	0.0000	0.0000	0.0000											
75	148	0.1078	6	0	1	0	1	0	0	0	0	N	N	N	N	N	N	N	N	N	N	N	N	0.0000	0.0000	0.0000	0.0000	0.0000	0.0000	0.0000	0.0000	0.0000	0.0000	0.0000	0.0000	0.0000	0.0000	0.0000	0.0000	0.0000	0.0000	0.0000	0.0000	0.0000	3.4778	0.0000	1.2917	0.0000	0.0000	0.0000	0.0000	0.0000	0.0000	0.0000	0.0000	0.0000	0.0000	0.0000	0.0000	0.0000	0.0000	0.0000	0.0000	0.0000	0.0000	0.0000	0.0000	0.0000	0.0000	0.0000	0.0000	0.0000	0.0000	0.0000	0.0000	0.0000	0.0000	0.0000	0.0000	0.0000	0.0000	0.0000	0.0000	0.0000	0.0000	0.0000	0.0000	0.0000	0.0000	0.0000	0.0000	0.0000	0.0000	0.0000	0.0000	0.0000	0.0000	0.0000	0.0000	0.0000	0.0000											
75	149	0.0574	5	0	1	0	1	0	0	0	0	N	N	N	N	N	N	N	N	N	N	N	N	0.0000	0.0000	0.0000	0.0000	0.0000	0.0000	0.0000	0.0000	0.0000	0.0000	0.0000	0.0000	0.0000	0.0000	0.0000	0.0000	0.0000	0.0000	0.0000	0.0000	0.0000	7.8050	0.0000	4.0035	0.0000	0.0000	0.0000	0.0000	0.0000	0.0000	0.0000	0.0000	0.0000	0.0000	0.0000	0.0000	0.0000	0.0000	0.0000	0.0000	0.0000	0.0000	0.0000	0.0000	0.0000	0.0000	0.0000	0.0000	0.0000	0.0000	0.0000	0.0000	0.0000	0.0000	0.0000	0.0000	0.0000	0.0000	0.0000	0.0000	0.0000	0.0000	0.0000	0.0000	0.0000	0.0000	0.0000	0.0000	0.0000	0.0000	0.0000	0.0000	0.0000	0.0000	0.0000	0.0000	0.0000	0.0000											
75	150	0.1847	7	0	1	0	1	0	0	0	0	N	N	N	N	N	N	N	N	N	N	N	N	0.0000	0.0000	0.0000	0.0000	0.0000	0.0000	0.0000	0.0000	0.0000	0.0000	0.0000	0.0000	0.0000	0.0000	0.0000	0.0000	0.0000	0.0000	0.0000	0.0000	0.0000	3.7255	0.0000	14.1767	0.0000	0.0000	0.0000	0.0000	0.0000	0.0000	0.0000	0.0000	0.0000	0.0000	0.0000	0.0000	0.0000	0.0000	0.0000	0.0000	0.0000	0.0000	0.0000	0.0000	0.0000	0.0000	0.0000	0.0000	0.0000	0.0000	0.0000	0.0000	0.0000	0.0000	0.0000	0.0000	0.0000	0.0000	0.0000	0.0000	0.0000	0.0000	0.0000	0.0000	0.0000	0.0000	0.0000	0.0000	0.0000	0.0000	0.0000	0.0000	0.0000	0.0000	0.0000	0.0000	0.0000	0.0000											
75	151	0.1684	6	0	1	0	1	0	0	0	0	N	N	N	N	N	N	N	N	N	N	N	N	0.0000	0.0000	0.0000	0.0000	0.0000	0.0000	0.0000	0.0000	0.0000	0.0000	0.0000	0.0000	0.0000	0.0000	0.0000	0.0000	0.0000	0.0000	0.0000	0.0000	0.0000	1.4205	0.0000	4.0377	0.0000	0.0000	0.0000	0.0000	0.0000	0.0000	0.0000	0.0000	0.0000	0.0000	0.0000	0.0000	0.0000	0.0000	0.0000	0.0000	0.0000	0.0000	0.0000	0.0000	0.0000	0.0000	0.0000	0.0000	0.0000	0.0000	0.0000	0.0000	0.0000	0.0000	0.0000	0.0000	0.0000	0.0000	0.0000	0.0000	0.0000	0.0000	0.0000	0.0000	0.0000	0.0000	0.0000	0.0000	0.0000	0.0000	0.0000	0.0000	0.0000	0.0000	0.0000	0.0000	0.0000	0.0000											
75	152	0.0574	5	0	1	0	1	0	0	0	0	N	N	N	N	N	N	N	N	N	N	N	N	0.0000	0.0000	0.0000	0.0000	0.0000	0.0000	0.0000	0.0000	0.0000	0.0000	0.0000	0.0000	0.0000	0.0000	0.0000	0.0000	0.0000	0.0000	0.0000	0.0000	0.0000	6.4701	0.0000	12.4371	0.0000	0.0000	0.0000	0.0000	0.0000	0.0000	0.0000	0.0000	0.0000	0.0000	0.0000	0.0000	0.0000	0.0000	0.0000	0.0000	0.0000	0.0000	0.0000	0.0000	0.0000	0.0000	0.0000	0.0000	0.0000	0.0000	0.0000	0.0000	0.0000	0.0000	0.0000	0.0000	0.0000	0.0000	0.0000	0.0000	0.0000	0.0000	0.0000	0.0000	0.0000	0.0000	0.0000	0.0000	0.0000	0.0000	0.0000	0.0000	0.0000	0.0000	0.0000	0.0000	0.0000	0.0000											
76	80	0.1312	8	0	1	1	1	0	0	0	0	N	N	N	N	N	N	N	N	N	N	N	N	0.0000	0.0000	0.0000	0.0000	0.0000	0.0000	0.0000	0.0000	0.0000	0.0000	0.0000	0.0000	0.0000	0.0000	0.0000	0.0000	0.0000	0.0000	0.0000	0.0000	0.0000	0.0029	0.0000	2.0135	0.0000	0.0000	0.0000	0.0000	0.0000	0.0000	0.0000	0.0000	0.0000	0.0000	0.0000	0.0000	0.0000	0.0000	0.0000	0.0000	0.0000	0.0000	0.0000	0.0000	0.0000	0.0000	0.0000	0.0000	0.0000	0.0000	0.0000	0.0000	0.0000	0.0000	0.0000	0.0000	0.0000	0.0000	0.0000	0.0000	0.0000	0.0000	0.0000	0.0000	0.0000	0.0000	0.0000	0.0000	0.0000	0.0000	0.0000	0.0000	0.0000	0.0000	0.0000	0.0000	0.0000	0.0000											
76	81	0.1246	7	0	1	0	1	0	0	0	0	N	N	N	N	N	N	N	N	N	N	N	N	0.0000	0.0000	0.0000	0.0000	0.0000	0.0000	0.0000	0.0000	0.0000	0.0000	0.0000	0.0000	0.0000	0.0000	0.0000	0.0000	0.0000	0.0000	0.0000	0.0000	0.0000	0.6188	0.0000	0.9475	0.0000	0.0000	0.0000	0.0000	0.0000	0.0000	0.0000	0.0000	0.0000	0.0000	0.0000	0.0000	0.0000	0.0000	0.0000	0.0000	0.0000	0.0000	0.0000	0.0000	0.0000	0.0000	0.0000	0.0000	0.0000	0.0000	0.0000	0.0000	0.0000	0.0000	0.0000	0.0000	0.0000	0.0000	0.0000	0.0000	0.0000	0.0000	0.0000	0.0000	0.0000	0.0000	0.0000	0.0000	0.0000	0.0000	0.0000	0.0000	0.0000	0.0000	0.0000	0.0000	0.0000	0.0000											
76	82	0.6359	9	0	1	1	1	0	0	0	0	N	N	N	N	N	N	N	N	N	N	N	N	0.0000	0.0000	0.0000	0.0000	0.0000	0.0000	0.0000	0.0000	0.0000	0.0000	0.0000	0.0000	0.0000	0.0000	0.0000	0.0000	0.0000	0.0000	0.0000	0.0000	0.0000	0.0000	0.0000	1.0000	0.0000	0.0000	0.0000	0.0000	0.0000	0.0000	0.0000	0.0000	0.0000	0.0000	0.0000	0.0000	0.0000	0.0000	0.0000	0.0000	0.0000	0.0000	0.0000	0.0000	0.0000	0.0000	0.0000	0.0000	0.0000	0.0000	0.0000	0.0000	0.0000	0.0000	0.0000	0.0000	0.0000	0.0000	0.0000	0.0000	0.0000	0.0000	0.0000	0.0000	0.0000	0.0000	0.0000	0.0000	0.0000	0.0000	0.0000	0.0000	0.0000	0.0000	0.0000	0.0000	0.0000	0.0000											
76	83	0.0986	6	1	0	1	1	0	0	0	0	N	N	N	N	N	N	N	N	N	N	N	N	0.0000	0.0000	0.0000	0.0000	0.0000	0.0000	0.0000	0.0000	0.0000	0.0000	0.0000	0.0000	0.0000	0.0000	0.0000	0.0000	0.0000	0.0000	0.0000	0.0000	0.0000	9.0001	0.0000	3.0001	0.0000	0.0000	0.0000	0.0000	0.0000	0.0000	0.0000	0.0000	0.0000	0.0000	0.0000	0.0000	0.0000	0.0000	0.0000	0.0000	0.0000	0.0000	0.0000	0.0000	0.0000	0.0000	0.0000	0.0000	0.0000	0.0000	0.0000	0.0000	0.0000	0.0000	0.0000	0.0000	0.0000	0.0000	0.0000	0.0000	0.0000	0.0000	0.0000	0.0000	0.0000	0.0000	0.0000	0.0000	0.0000	0.0000	0.0000	0.0000	0.0000	0.0000	0.0000	0.0000	0.0000	0.0000											
76	84	0.6135	8	1	0	1	1	0	0	0	0	N	N	N	N	N	N	N	N	N	N	N	N	0.0000	0.0000	0.0000	0.0000	0.0000	0.0000	0.0000	0.0000	0.0000	0.0000	0.0000	0.0000	0.0000	0.0000	0.0000	0.0000	0.0000	0.0000	0.0000	0.0000	0.0000	4.0000	0.0000	0.0000	0.0000	0.0000	0.0000	0.0000	0.0000	0.0000	0.0000	0.0000	0.0000	0.0000	0.0000	0.0000	0.0000	0.0000	0.0000	0.0000	0.0000	0.0000	0.0000	0.0000	0.0000	0.0000	0.0000	0.0000	0.0000	0.0000	0.0000	0.0000	0.0000	0.0000	0.0000	0.0000	0.0000	0.0000	0.0000	0.0000	0.0000	0.0000	0.0000	0.0000	0.0000	0.0000	0.0000	0.0000	0.0000	0.0000	0.0000	0.0000	0.0000	0.0000	0.0000	0.0000	0.0000	0.0000											
76	85	0.6596	9	1	1	0	1	0	0	0	0	N	N	N	N	N	N	N	N	N	N	N	N	0.0000	0.0000	0.0000	0.0000	0.0000	0.0000	0.0000	0.0000	0.0000	0.0000	0.0000	0.0000	0.0000	0.0000	0.0000	0.0000	0.0000	0.0000	0.0000	0.0000	0.0000	1.0086	0.0000	1.7435	0.0000	0.0000	0.0000	0.0000	0.0000	0.0000	0.0000	0.0000	0.0000	0.0000	0.0000	0.0000	0.0000	0.0000	0.0000	0.0000	0.0000	0.0000	0.0000	0.0000	0.0000	0.0000	0.0000	0.0000	0.0000	0.0000	0.0000	0.0000	0.0000	0.0000	0.0000	0.0000	0.0000	0.0000	0.0000	0.0000	0.0000	0.0000	0.0000	0.0000	0.0000	0.0000	0.0000	0.0000	0.0000	0.0000	0.0000	0.0000	0.0000	0.0000	0.0000	0.0000	0.0000	0.0000											
76	86	0.6135	8	1	1	0	1	0	0	0	0	N	N	N	N	N	N	N	N	N	N	N	N	0.0000	0.0000	0.0000	0.0000	0.0000	0.0000	0.0000	0.0000	0.0000	0.0000	0.0000	0.0000	0.0000	0.0000	0.0000	0.0000	0.0000	0.0000	0.0000	0.0000	0.0000	1.0165	0.0000	4.1395	0.0000	0.0000	0.0000	0.0000	0.0000	0.0000	0.0000	0.0000	0.0000	0.0000	0.0000	0.0000	0.0000	0.0000	0.0000	0.0000	0.0000	0.0000	0.0000	0.0000	0.0000	0.0000	0.0000	0.0000	0.0000	0.0000	0.0000	0.0000	0.0000	0.0000	0.0000	0.0000	0.0000	0.0000	0.0000	0.0000	0.0000	0.0000	0.0000	0.0000	0.0000	0.0000	0.0000	0.0000	0.0000	0.0000	0.0000	0.0000	0.0000	0.0000	0.0000	0.0000	0.0000	0.0000											
76	87	0.0574	5	1	1	0	1	0	0	0	0	N	N	N	N	N	N	N	N	N	N	N	N	0.0000	0.0000	0.0000	0.0000	0.0000	0.0000	0.0000	0.0000	0.0000	0.0000	0.0000	0.0000	0.0000	0.0000	0.0000	0.0000	0.0000	0.0000	0.0000	0.0000	0.0000	9.0005	0.0000	5.0000	0.0000	0.0000	0.0000	0.0000	0.0000	0.0000	0.0000	0.0000	0.0000	0.0000	0.0000	0.0000	0.0000	0.0000	0.0000	0.0000	0.0000	0.0000	0.0000	0.0000	0.0000	0.0000	0.0000	0.0000	0.0000	0.0000	0.0000	0.0000	0.0000	0.0000	0.0000	0.0000	0.0000	0.0000	0.0000	0.0000	0.0000	0.0000	0.0000	0.0000	0.0000	0.0000	0.0000	0.0000	0.0000	0.0000	0.0000	0.0000	0.0000	0.0000	0.0000	0.0000	0.0000	0.0000											
76	88	0.6359	9	0	1	0	1	0	0	0	0	N	N	N	N	N	N	N	N	N	N	N	N	0.0000	0.0000	0.0000	0.0000	0.0000	0.0000	0.0000	0.0000	0.0000	0.0000	0.0000	0.0000	0.0000	0.0000	0.0000	0.0000	0.0000	0.0000	0.0000	0.0000	0.0000	0.0000	0.0000	0.0000	0.0000	0.0000	0.0000	0.0000	0.0000	0.0000	0.0000	0.0000	0.0000	0.0000	0.0000	0.0000	0.0000	0.0000	0.0000	0.0000	0.0000	0.0000	0.0000	0.0000	0.0000	0.0000	0.0000	0.0000	0.0000	0.0000	0.0000	0.0000	0.0000	0.0000	0.0000	0.0000	0.0000	0.0000	0.0000	0.0000	0.0000	0.0000	0.0000	0.0000	0.0000	0.0000	0.0000	0.0000	0.0000	0.0000	0.0000	0.0000	0.0000	0.0000	0.0000	0.0000	0.0000	0.0000											
76	89	0.1246	7	0	1	0	1	0	0	0	0	N	N	N	N	N	N	N	N	N	N	N	N	0.0000	0.0000	0.0000	0.0000	0.0000	0.0000	0.0000	0.0000	0.0000	0.0000	0.0000	0.0000	0.0000	0.0000	0.0000	0.0000	0.0000	0.0000	0.0000	0.0000	0.0000	1.9953	0.0000	1.0817	0.0000	0.0000	0.0000	0.0000	0.0000	0.0000	0.0000	0.0000	0.0000	0.0000	0.0000	0.0000	0.0000	0.0000	0.0000	0.0000	0.0000	0.0000	0.0000	0.0000	0.0000	0.0000	0.0000	0.0000	0.0000	0.0000	0.0000	0.0000	0.0000	0.0000	0.0000	0.0000	0.0000	0.0000	0.0000	0.0000	0.0000	0.0000	0.0000	0.0000	0.0000	0.0000	0.0000	0.0000	0.0000	0.0000	0.0000	0.0000	0.0000	0.0000	0.0000	0.0000	0.0000	0.0000											
76	90	0.0986	6	0	1	0	1	0	0	0	0	N	N	N	N	N	N	N	N	N	N	N	N	0.0000	0.0000	0.0000	0.0000	0.0000	0.0000	0.0000	0.0000	0.0000	0.0000	0.0000	0.0000	0.0000	0.0000	0.0000	0.0000	0.0000	0.0000	0.0000	0.0000	0.0000	2.3999	0.0000	4.0713	0.0000	0.0000	0.0000	0.0000	0.0000	0.0000	0.0000	0.0000	0.0000	0.0000	0.0000	0.0000	0.0000	0.0000	0.0000	0.0000	0.0000	0.0000	0.0000	0.0000	0.0000	0.0000	0.0000	0.0000	0.0000	0.0000	0.0000	0.0000	0.0000	0.0000	0.0000	0.0000	0.0000	0.0000	0.0000	0.0000	0.0000	0.0000	0.0000	0.0000	0.0000	0.0000	0.0000	0.0000	0.0000	0.0000	0.0000	0.0000	0.0000	0.0000	0.0000	0.0000	0.0000	0.0000											
76	91	0.0593	5	0	0	1	1	0	0	0	0	N	N	N	N	N	N	N	N	N	N	N	N	0.0000	0.0000	0.0000	0.0000	0.0000	0.0000	0.0000	0.0000	0.0000	0.0000	0.0000	0.0000	0.0000	0.0000	0.0000	0.0000	0.0000	0.0000	0.0000	0.0000	0.0000	0.0000	0.0000	0.0000	0.0000	0.0000	0.0000	0.0000	0.0000	0.0000	0.0000	0.0000	0.0000	0.0000	0.0000	0.0000	0.0000	0.0000	0.0000	0.0000	0.0000	0.0000	0.0000	0.0000	0.0000	0.0000	0.0000	0.0000	0.0000	0.0000	0.0000	0.0000	0.0000	0.0000	0.0000	0.0000	0.0000	0.0000	0.0000	0.0000	0.0000	0.0000	0.0000	0.0000	0.0000	0.0000	0.0000	0.0000	0.0000	0.0000	0.0000	0.0000	0.0000	0.0000	0.0000	0.0000	0.0000	0.0000											
76	92	0.0272	4	0	0	1	1	0	0	0	0	N	N	N	N	N	N	N	N	N	N	N	N	0.0000	0.0000	0.0000	0.0000	0.0000	0.0000	0.0000	0.0000	0.0000	0.0000	0.0000	0.0000	0.0000	0.0000	0.0000	0.0000	0.0000	0.0000	0.0000	0.0000	0.0000	3.7221	0.0000	2.9993	0.0000	0.0000	0.0000	0.0000	0.0000	0.0000	0.0000	0.0000	0.0000	0.0000	0.0000	0.0000	0.0000	0.0000	0.0000	0.0000	0.0000	0.0000	0.0000	0.0000	0.0000	0.0000	0.0000	0.0000	0.0000	0.0000	0.0000	0.0000	0.0000	0.0000	0.0000	0.0000	0.0000	0.0000	0.0000	0.0000	0.0000	0.0000	0.0000	0.0000	0.0000	0.0000	0.0000	0.0000	0.0000	0.0000	0.0000	0.0000	0.0000	0.0000	0.0000	0.0000	0.0000	0.0000											
76	94	0.1149	7	1	1	0	1	0	0	0	0	N	N	N	N	N	N	N	N	N	N	N	N	0.0000	0.0000	0.0000	0.0000	0.0000	0.0000	0.0000	0.0000	0.0000	0.0000	0.0000	0.0000	0.0000	0.0000	0.0000	0.0000	0.0000	0.0000	0.0000	0.0000	0.0000	5.9980	0.0000	4.9575	0.0000	0.0000	0.0000	0.0000	0.0000	0.0000	0.0000	0.0000	0.0000	0.0000	0.0000	0.0000	0.0000	0.0000	0.0000	0.0000	0.0000	0.0000	0.0000	0.0000	0.0000	0.0000	0.0000	0.0000	0.0000	0.0000	0.0000	0.0000	0.0000	0.0000	0.0000	0.0000	0.0000	0.0000	0.0000	0.0000	0.0000	0.0000	0.0000	0.0000	0.0000	0.0000	0.0000	0.0000	0.0000	0.0000	0.0000	0.0000	0.0000	0.0000	0.0000	0.0000	0.0000	0.0000											
76	95	0.6359	9	1	1	0	1	0	0	0	0	N	N	N	N	N	N	N	N	N	N	N	N	0.0000	0.0000	0.0000	0.0000	0.0000	0.0000	0.0000	0.0000	0.0000	0.0000	0.0000	0.0000	0.0000	0.0000	0.0000	0.0000	0.0000	0.0000	0.0000	0.0000	0.0000	0.0000	0.0000	2.0000	0.0000	0.0000	0.0000	0.0000	0.0000	0.0000	0.0000	0.0000	0.0000	0.0000	0.0000	0.0000	0.0000	0.0000	0.0000	0.0000	0.0000	0.0000	0.0000	0.0000	0.0000	0.0000	0.0000	0.0000	0.0000	0.0000	0.0000	0.0000	0.0000	0.0000	0.0000	0.0000	0.0000	0.0000	0.0000	0.0000	0.0000	0.0000	0.0000	0.0000	0.0000	0.0000	0.0000	0.0000	0.0000	0.0000	0.0000	0.0000	0.0000	0.0000	0.0000	0.0000	0.0000	0.0000											
76	96	0.6135	8	0	1	0	1	0	0	0	0	N	N	N	N	N	N	N	N	N	N	N	N	0.0000	0.0000	0.0000	0.0000	0.0000	0.0000	0.0000	0.0000	0.0000	0.0000	0.0000	0.0000	0.0000	0.0000	0.0000	0.0000	0.0000	0.0000	0.0000	0.0000	0.0000	4.0000	0.0000	0.0000	0.0000	0.0000	0.0000	0.0000	0.0000	0.0000	0.0000	0.0000	0.0000	0.0000	0.0000	0.0000	0.0000	0.0000	0.0000	0.0000	0.0000	0.0000	0.0000	0.0000	0.0000	0.0000	0.0000	0.0000	0.0000	0.0000	0.0000	0.0000	0.0000	0.0000	0.0000	0.0000	0.0000	0.0000	0.0000	0.0000	0.0000	0.0000	0.0000	0.0000	0.0000	0.0000	0.0000	0.0000	0.0000	0.0000	0.0000	0.0000	0.0000	0.0000	0.0000	0.0000	0.0000	0.0000											
76	97	0.0574	5	0	0	0	1	0	0	0	0	N	N	N	N	N	N	N	N	N	N	N	N	0.0000	0.0000	0.0000	0.0000	0.0000	0.0000	0.0000	0.0000	0.0000	0.0000	0.0000	0.0000	0.0000	0.0000	0.0000	0.0000	0.0000	0.0000	0.0000	0.0000	0.0000	3.9994	0.0000	4.0000	0.0000	0.0000	0.0000	0.0000	0.0000	0.0000	0.0000	0.0000	0.0000	0.0000	0.0000	0.0000	0.0000	0.0000	0.0000	0.0000	0.0000	0.0000	0.0000	0.0000	0.0000	0.0000	0.0000	0.0000	0.0000	0.0000	0.0000	0.0000	0.0000	0.0000	0.0000	0.0000	0.0000	0.0000	0.0000	0.0000	0.0000	0.0000	0.0000	0.0000	0.0000	0.0000	0.0000	0.0000	0.0000	0.0000	0.0000	0.0000	0.0000	0.0000	0.0000	0.0000	0.0000	0.0000											
76	98	0.6135	8	0	0	0	1	0	0	0	0	N	N	N	N	N	N	N	N	N	N	N	N	0.0000	0.0000	0.0000	0.0000	0.0000	0.0000	0.0000	0.0000	0.0000	0.0000	0.0000	0.0000	0.0000	0.0000	0.0000	0.0000	0.0000	0.0000	0.0000	0.0000	0.0000	1.0000	0.0000	0.0000	0.0000	0.0000	0.0000	0.0000	0.0000	0.0000	0.0000	0.0000	0.0000	0.0000	0.0000	0.0000	0.0000	0.0000	0.0000	0.0000	0.0000	0.0000	0.0000	0.0000	0.0000	0.0000	0.0000	0.0000	0.0000	0.0000	0.0000	0.0000	0.0000	0.0000	0.0000	0.0000	0.0000	0.0000	0.0000	0.0000	0.0000	0.0000	0.0000	0.0000	0.0000	0.0000	0.0000	0.0000	0.0000	0.0000	0.0000	0.0000	0.0000	0.0000	0.0000	0.0000	0.0000	0.0000											
76	99	0.1684	6	0	0	0	1	0	0	0	0	N	N	N	N	N	N	N	N	N	N	N	N	0.0000	0.0000	0.0000	0.0000	0.0000	0.0000	0.0000	0.0000	0.0000	0.0000	0.0000	0.0000	0.0000	0.0000	0.0000	0.0000	0.0000	0.0000	0.0000	0.0000	0.0000	1.5982	0.0000	11.1970	0.0000	0.0000	0.0000	0.0000	0.0000	0.0000	0.0000	0.0000	0.0000	0.0000	0.0000	0.0000	0.0000	0.0000	0.0000	0.0000	0.0000	0.0000	0.0000	0.0000	0.0000	0.0000	0.0000	0.0000	0.0000	0.0000	0.0000	0.0000	0.0000	0.0000	0.0000	0.0000	0.0000	0.0000	0.0000	0.0000	0.0000	0.0000	0.0000	0.0000	0.0000	0.0000	0.0000	0.0000	0.0000	0.0000	0.0000	0.0000	0.0000	0.0000	0.0000	0.0000	0.0000	0.0000											
76	100	0.1164	8	1	1	1	1	0	0	0	0	N	N	N	N	N	N	N	N	N	N	N	N	0.0000	0.0000	0.0000	0.0000	0.0000	0.0000	0.0000	0.0000	0.0000	0.0000	0.0000	0.0000	0.0000	0.0000	0.0000	0.0000	0.0000	0.0000	0.0000	0.0000	0.0000	0.0000	0.0000	0.9982	0.0000	0.0000	0.0000	0.0000	0.0000	0.0000	0.0000	0.0000	0.0000	0.0000	0.0000	0.0000	0.0000	0.0000	0.0000	0.0000	0.0000	0.0000	0.0000	0.0000	0.0000	0.0000	0.0000	0.0000	0.0000	0.0000	0.0000	0.0000	0.0000	0.0000	0.0000	0.0000	0.0000	0.0000	0.0000	0.0000	0.0000	0.0000	0.0000	0.0000	0.0000	0.0000	0.0000	0.0000	0.0000	0.0000	0.0000	0.0000	0.0000	0.0000	0.0000	0.0000	0.0000	0.0000											
76	101	0.6482	11	1	1	1	1	0	0	0	0	N	N	N	N	N	N	N	N	N	N	N	N	0.0000	0.0000	0.0000	0.0000	0.0000	0.0000	0.0000	0.0000	0.0000	0.0000	0.0000	0.0000	0.0000	0.0000	0.0000	0.0000	0.0000	0.0000	0.0000	0.0000	0.0000	0.0000	0.0000	0.0000	0.0000	0.0000	0.0000	0.0000	0.0000	0.0000	0.0000	0.0000	0.0000	0.0000	0.0000	0.0000	0.0000	0.0000	0.0000	0.0000	0.0000	0.0000	0.0000	0.0000	0.0000	0.0000	0.0000	0.0000	0.0000	0.0000	0.0000	0.0000	0.0000	0.0000	0.0000	0.0000	0.0000	0.0000	0.0000	0.0000	0.0000	0.0000	0.0000	0.0000	0.0000	0.0000	0.0000	0.0000	0.0000	0.0000	0.0000	0.0000	0.0000	0.0000	0.0000	0.0000	0.0000	0.0000											
76	102	0.6482	10	1	0	1	1	0	0	0	0	N	N	N	N	N	N	N	N	N	N	N	N	0.0000	0.0000	0.0000	0.0000	0.0000	0.0000	0.0000	0.0000	0.0000	0.0000	0.0000	0.0000	0.0000	0.0000	0.0000	0.0000	0.0000	0.0000	0.0000	0.0000	0.0000	0.0000	0.0000	0.0000	0.0000	0.0000	0.0000	0.0000	0.0000	0.0000	0.0000	0.0000	0.0000	0.0000	0.0000	0.0000	0.0000	0.0000	0.0000	0.0000	0.0000	0.0000	0.0000	0.0000	0.0000	0.0000	0.0000	0.0000	0.0000	0.0000	0.0000	0.0000	0.0000	0.0000	0.0000	0.0000	0.0000	0.0000	0.0000	0.0000	0.0000	0.0000	0.0000	0.0000	0.0000	0.0000	0.0000	0.0000	0.0000	0.0000	0.0000	0.0000	0.0000	0.0000	0.0000	0.0000	0.0000	0.0000											
76	103	0.6421	9	1	0	1	1	0	0	0	0	N	N	N	N	N	N	N	N	N	N	N	N	0.0000	0.0000	0.0000	0.0000	0.0000	0.0000	0.0000	0.0000	0.0000	0.0000	0.0000	0.0000	0.0000	0.0000	0.0000	0.0000	0.0000	0.0000	0.0000	0.0000	0.0000	0.0000	0.0000	1.0091	0.0000	0.0000	0.0000	0.0000	0.0000	0.0000	0.0000	0.0000	0.0000	0.0000	0.0000	0.0000	0.0000	0.0000	0.0000	0.0000	0.0000	0.0000	0.0000	0.0000	0.0000	0.0000	0.0000	0.0000	0.0000	0.0000	0.0000	0.0000	0.0000	0.0000	0.0000	0.0000	0.0000	0.0000	0.0000	0.0000	0.0000	0.0000	0.0000	0.0000	0.0000	0.0000	0.0000	0.0000	0.0000	0.0000	0.0000	0.0000	0.0000	0.0000	0.0000	0.0000	0.0000	0.0000											
76	104	0.0574	5	0	1	0	1	0	0	0	0	N	N	N	N	N	N	N	N	N	N	N	N	0.0000	0.0000	0.0000	0.0000	0.0000	0.0000	0.0000	0.0000	0.0000	0.0000	0.0000	0.0000	0.0000	0.0000	0.0000	0.0000	0.0000	0.0000	0.0000	0.0000	0.0000	7.9994	0.0000	4.0001	0.0000	0.0000	0.0000	0.0000	0.0000	0.0000	0.0000	0.0000	0.0000	0.0000	0.0000	0.0000	0.0000	0.0000	0.0000	0.0000	0.0000	0.0000	0.0000	0.0000	0.0000	0.0000	0.0000	0.0000	0.0000	0.0000	0.0000	0.0000	0.0000	0.0000	0.0000	0.0000	0.0000	0.0000	0.0000	0.0000	0.0000	0.0000	0.0000	0.0000	0.0000	0.0000	0.0000	0.0000	0.0000	0.0000	0.0000	0.0000	0.0000	0.0000	0.0000	0.0000	0.0000	0.0000											
76	105	0.1198	9	1	0	1	1	0	0	0	0	N	N	N	N	N	N	N	N	N	N	N	N	0.0000	0.0000	0.0000	0.0000	0.0000	0.0000	0.0000	0.0000	0.0000	0.0000	0.0000	0.0000	0.0000	0.0000	0.0000	0.0000	0.0000	0.0000	0.0000	0.0000	0.0000	1.0000	0.0000	1.0005	0.0000	0.0000	0.0000	0.0000	0.0000	0.0000	0.0000	0.0000	0.0000	0.0000	0.0000	0.0000	0.0000	0.0000	0.0000	0.0000	0.0000	0.0000	0.0000	0.0000	0.0000	0.0000	0.0000	0.0000	0.0000	0.0000	0.0000	0.0000	0.0000	0.0000	0.0000	0.0000	0.0000	0.0000	0.0000	0.0000	0.0000	0.0000	0.0000	0.0000	0.0000	0.0000	0.0000	0.0000	0.0000	0.0000	0.0000	0.0000	0.0000	0.0000	0.0000	0.0000	0.0000	0.0000											
76	106	0.1164	8	1	0	1	1	0	0	0	0	N	N	N	N	N	N	N	N	N	N	N	N	0.0000	0.0000	0.0000	0.0000	0.0000	0.0000	0.0000	0.0000	0.0000	0.0000	0.0000	0.0000	0.0000	0.0000	0.0000	0.0000	0.0000	0.0000	0.0000	0.0000	0.0000	0.7249	0.0000	0.0368	0.0000	0.0000	0.0000	0.0000	0.0000	0.0000	0.0000	0.0000	0.0000	0.0000	0.0000	0.0000	0.0000	0.0000	0.0000	0.0000	0.0000	0.0000	0.0000	0.0000	0.0000	0.0000	0.0000	0.0000	0.0000	0.0000	0.0000	0.0000	0.0000	0.0000	0.0000	0.0000	0.0000	0.0000	0.0000	0.0000	0.0000	0.0000	0.0000	0.0000	0.0000	0.0000	0.0000	0.0000	0.0000	0.0000	0.0000	0.0000	0.0000	0.0000	0.0000	0.0000	0.0000	0.0000											
76	107	0.1149	7	1	0	1	1	0	0	0	0	N	N	N	N	N	N	N	N	N	N	N	N	0.0000	0.0000	0.0000	0.0000	0.0000	0.0000	0.0000	0.0000	0.0000	0.0000	0.0000	0.0000	0.0000	0.0000	0.0000	0.0000	0.0000	0.0000	0.0000	0.0000	0.0000	0.4159	0.0000	0.0887	0.0000	0.0000	0.0000	0.0000	0.0000	0.0000	0.0000	0.0000	0.0000	0.0000	0.0000	0.0000	0.0000	0.0000	0.0000	0.0000	0.0000	0.0000	0.0000	0.0000	0.0000	0.0000	0.0000	0.0000	0.0000	0.0000	0.0000	0.0000	0.0000	0.0000	0.0000	0.0000	0.0000	0.0000	0.0000	0.0000	0.0000	0.0000	0.0000	0.0000	0.0000	0.0000	0.0000	0.0000	0.0000	0.0000	0.0000	0.0000	0.0000	0.0000	0.0000	0.0000	0.0000	0.0000											
76	108	0.0986	6	1	0	0	1	0	0	0	0	N	N	N	N	N	N	N	N	N	N	N	N	0.0000	0.0000	0.0000	0.0000	0.0000	0.0000	0.0000	0.0000	0.0000	0.0000	0.0000	0.0000	0.0000	0.0000	0.0000	0.0000	0.0000	0.0000	0.0000	0.0000	0.0000	3.9943	0.0000	0.9974	0.0000	0.0000	0.0000	0.0000	0.0000	0.0000	0.0000	0.0000	0.0000	0.0000	0.0000	0.0000	0.0000	0.0000	0.0000	0.0000	0.0000	0.0000	0.0000	0.0000	0.0000	0.0000	0.0000	0.0000	0.0000	0.0000	0.0000	0.0000	0.0000	0.0000	0.0000	0.0000	0.0000	0.0000	0.0000	0.0000	0.0000	0.0000	0.0000	0.0000	0.0000	0.0000	0.0000	0.0000	0.0000	0.0000	0.0000	0.0000	0.0000	0.0000	0.0000	0.0000	0.0000	0.0000											
76	109	0.6421	9	1	0	1	1	0	0	0	0	N	N	N	N	N	N	N	N	N	N	N	N	0.0000	0.0000	0.0000	0.0000	0.0000	0.0000	0.0000	0.0000	0.0000	0.0000	0.0000	0.0000	0.0000	0.0000	0.0000	0.0000	0.0000	0.0000	0.0000	0.0000	0.0000	0.0000	0.0000	0.9909	0.0000	0.0000	0.0000	0.0000	0.0000	0.0000	0.0000	0.0000	0.0000	0.0000	0.0000	0.0000	0.0000	0.0000	0.0000	0.0000	0.0000	0.0000	0.0000	0.0000	0.0000	0.0000	0.0000	0.0000	0.0000	0.0000	0.0000	0.0000	0.0000	0.0000	0.0000	0.0000	0.0000	0.0000	0.0000	0.0000	0.0000	0.0000	0.0000	0.0000	0.0000	0.0000	0.0000	0.0000	0.0000	0.0000	0.0000	0.0000	0.0000	0.0000	0.0000	0.0000	0.0000	0.0000											
76	110	0.6135	8	1	0	1	1	0	0	0	0	N	N	N	N	N	N	N	N	N	N	N	N	0.0000	0.0000	0.0000	0.0000	0.0000	0.0000	0.0000	0.0000	0.0000	0.0000	0.0000	0.0000	0.0000	0.0000	0.0000	0.0000	0.0000	0.0000	0.0000	0.0000	0.0000	4.0000	0.0000	0.0000	0.0000	0.0000	0.0000	0.0000	0.0000	0.0000	0.0000	0.0000	0.0000	0.0000	0.0000	0.0000	0.0000	0.0000	0.0000	0.0000	0.0000	0.0000	0.0000	0.0000	0.0000	0.0000	0.0000	0.0000	0.0000	0.0000	0.0000	0.0000	0.0000	0.0000	0.0000	0.0000	0.0000	0.0000	0.0000	0.0000	0.0000	0.0000	0.0000	0.0000	0.0000	0.0000	0.0000	0.0000	0.0000	0.0000	0.0000	0.0000	0.0000	0.0000	0.0000	0.0000	0.0000	0.0000											
76	112	0.1032	6	0	0	1	1	0	0	0	0	N	N	N	N	N	N	N	N	N	N	N	N	0.0000	0.0000	0.0000	0.0000	0.0000	0.0000	0.0000	0.0000	0.0000	0.0000	0.0000	0.0000	0.0000	0.0000	0.0000	0.0000	0.0000	0.0000	0.0000	0.0000	0.0000	0.0000	0.0000	0.0001	0.0000	0.0000	0.0000	0.0000	0.0000	0.0000	0.0000	0.0000	0.0000	0.0000	0.0000	0.0000	0.0000	0.0000	0.0000	0.0000	0.0000	0.0000	0.0000	0.0000	0.0000	0.0000	0.0000	0.0000	0.0000	0.0000	0.0000	0.0000	0.0000	0.0000	0.0000	0.0000	0.0000	0.0000	0.0000	0.0000	0.0000	0.0000	0.0000	0.0000	0.0000	0.0000	0.0000	0.0000	0.0000	0.0000	0.0000	0.0000	0.0000	0.0000	0.0000	0.0000	0.0000	0.0000											
76	113	0.0574	5	0	0	1	1	0	0	0	0	N	N	N	N	N	N	N	N	N	N	N	N	0.0000	0.0000	0.0000	0.0000	0.0000	0.0000	0.0000	0.0000	0.0000	0.0000	0.0000	0.0000	0.0000	0.0000	0.0000	0.0000	0.0000	0.0000	0.0000	0.0000	0.0000	4.0004	0.0000	4.9999	0.0000	0.0000	0.0000	0.0000	0.0000	0.0000	0.0000	0.0000	0.0000	0.0000	0.0000	0.0000	0.0000	0.0000	0.0000	0.0000	0.0000	0.0000	0.0000	0.0000	0.0000	0.0000	0.0000	0.0000	0.0000	0.0000	0.0000	0.0000	0.0000	0.0000	0.0000	0.0000	0.0000	0.0000	0.0000	0.0000	0.0000	0.0000	0.0000	0.0000	0.0000	0.0000	0.0000	0.0000	0.0000	0.0000	0.0000	0.0000	0.0000	0.0000	0.0000	0.0000	0.0000	0.0000											
76	114	0.6461	9	0	1	0	1	0	0	0	0	N	N	N	N	N	N	N	N	N	N	N	N	0.0000	0.0000	0.0000	0.0000	0.0000	0.0000	0.0000	0.0000	0.0000	0.0000	0.0000	0.0000	0.0000	0.0000	0.0000	0.0000	0.0000	0.0000	0.0000	0.0000	0.0000	4.3361	0.0000	4.6323	0.0000	0.0000	0.0000	0.0000	0.0000	0.0000	0.0000	0.0000	0.0000	0.0000	0.0000	0.0000	0.0000	0.0000	0.0000	0.0000	0.0000	0.0000	0.0000	0.0000	0.0000	0.0000	0.0000	0.0000	0.0000	0.0000	0.0000	0.0000	0.0000	0.0000	0.0000	0.0000	0.0000	0.0000	0.0000	0.0000	0.0000	0.0000	0.0000	0.0000	0.0000	0.0000	0.0000	0.0000	0.0000	0.0000	0.0000	0.0000	0.0000	0.0000	0.0000	0.0000	0.0000	0.0000											
76	115	0.6135	8	0	0	0	1	0	0	0	0	N	N	N	N	N	N	N	N	N	N	N	N	0.0000	0.0000	0.0000	0.0000	0.0000	0.0000	0.0000	0.0000	0.0000	0.0000	0.0000	0.0000	0.0000	0.0000	0.0000	0.0000	0.0000	0.0000	0.0000	0.0000	0.0000	1.9840	0.0000	0.2610	0.0000	0.0000	0.0000	0.0000	0.0000	0.0000	0.0000	0.0000	0.0000	0.0000	0.0000	0.0000	0.0000	0.0000	0.0000	0.0000	0.0000	0.0000	0.0000	0.0000	0.0000	0.0000	0.0000	0.0000	0.0000	0.0000	0.0000	0.0000	0.0000	0.0000	0.0000	0.0000	0.0000	0.0000	0.0000	0.0000	0.0000	0.0000	0.0000	0.0000	0.0000	0.0000	0.0000	0.0000	0.0000	0.0000	0.0000	0.0000	0.0000	0.0000	0.0000	0.0000	0.0000	0.0000											
76	116	0.0574	5	0	1	0	2	0	0	0	0	N	N	N	Y	N	N	N	N	N	N	N	N	0.0000	0.0000	0.0000	0.0000	0.0000	0.0000	0.0000	0.0000	0.0000	0.0000	0.0000	0.0000	0.0000	0.0000	0.0000	0.0000	0.0000	0.0000	0.0000	0.0000	0.0000	5.0006	0.0000	2.0000	0.0000	0.0000	0.0000	0.0000	0.0000	0.0000	0.0000	0.0000	0.0000	0.0000	0.0000	0.0000	0.0000	0.0000	0.0000	0.0000	0.0000	0.0000	0.0000	0.0000	0.0000	0.0000	0.0000	0.0000	0.0000	0.0000	0.0000	0.0000	0.0000	0.0000	0.0000	0.0000	0.0000	0.0000	0.0000	0.0000	0.0000	0.0000	0.0000	0.0000	0.0000	0.0000	0.0000	0.0000	0.0000	0.0000	0.0000	0.0000	0.0000	0.0000	0.0000	0.0000	0.0000	0.0000											
76	117	0.6135	8	0	1	0	2	0	0	0	0	N	N	N	Y	N	N	N	N	N	N	N	N	0.0000	0.0000	0.0000	0.0000	0.0000	0.0000	0.0000	0.0000	0.0000	0.0000	0.0000	0.0000	0.0000	0.0000	0.0000	0.0000	0.0000	0.0000	0.0000	0.0000	0.0000	0.0000	0.0000	1.0000	0.0000	0.0000	0.0000	0.0000	0.0000	0.0000	0.0000	0.0000	0.0000	0.0000	0.0000	0.0000	0.0000	0.0000	0.0000	0.0000	0.0000	0.0000	0.0000	0.0000	0.0000	0.0000	0.0000	0.0000	0.0000	0.0000	0.0000	0.0000	0.0000	0.0000	0.0000	0.0000	0.0000	0.0000	0.0000	0.0000	0.0000	0.0000	0.0000	0.0000	0.0000	0.0000	0.0000	0.0000	0.0000	0.0000	0.0000	0.0000	0.0000	0.0000	0.0000	0.0000	0.0000	0.0000											
76	118	0.0574	5	0	1	0	1	0	0	0	0	N	N	N	N	N	N	N	N	N	N	N	N	0.0000	0.0000	0.0000	0.0000	0.0000	0.0000	0.0000	0.0000	0.0000	0.0000	0.0000	0.0000	0.0000	0.0000	0.0000	0.0000	0.0000	0.0000	0.0000	0.0000	0.0000	16.9994	0.0000	6.0000	0.0000	0.0000	0.0000	0.0000	0.0000	0.0000	0.0000	0.0000	0.0000	0.0000	0.0000	0.0000	0.0000	0.0000	0.0000	0.0000	0.0000	0.0000	0.0000	0.0000	0.0000	0.0000	0.0000	0.0000	0.0000	0.0000	0.0000	0.0000	0.0000	0.0000	0.0000	0.0000	0.0000	0.0000	0.0000	0.0000	0.0000	0.0000	0.0000	0.0000	0.0000	0.0000	0.0000	0.0000	0.0000	0.0000	0.0000	0.0000	0.0000	0.0000	0.0000	0.0000	0.0000	0.0000											
76	119	0.6135	8	0	1	0	1	0	0	0	0	N	N	N	N	N	N	N	N	N	N	N	N	0.0000	0.0000	0.0000	0.0000	0.0000	0.0000	0.0000	0.0000	0.0000	0.0000	0.0000	0.0000	0.0000	0.0000	0.0000	0.0000	0.0000	0.0000	0.0000	0.0000	0.0000	5.0000	0.0000	6.0000	0.0000	0.0000	0.0000	0.0000	0.0000	0.0000	0.0000	0.0000	0.0000	0.0000	0.0000	0.0000	0.0000	0.0000	0.0000	0.0000	0.0000	0.0000	0.0000	0.0000	0.0000	0.0000	0.0000	0.0000	0.0000	0.0000	0.0000	0.0000	0.0000	0.0000	0.0000	0.0000	0.0000	0.0000	0.0000	0.0000	0.0000	0.0000	0.0000	0.0000	0.0000	0.0000	0.0000	0.0000	0.0000	0.0000	0.0000	0.0000	0.0000	0.0000	0.0000	0.0000	0.0000	0.0000											
76	120	0.6416	9	0	1	0	1	0	0	0	0	N	N	N	N	N	N	N	N	N	N	N	N	0.0000	0.0000	0.0000	0.0000	0.0000	0.0000	0.0000	0.0000	0.0000	0.0000	0.0000	0.0000	0.0000	0.0000	0.0000	0.0000	0.0000	0.0000	0.0000	0.0000	0.0000	0.9998	0.0000	0.9486	0.0000	0.0000	0.0000	0.0000	0.0000	0.0000	0.0000	0.0000	0.0000	0.0000	0.0000	0.0000	0.0000	0.0000	0.0000	0.0000	0.0000	0.0000	0.0000	0.0000	0.0000	0.0000	0.0000	0.0000	0.0000	0.0000	0.0000	0.0000	0.0000	0.0000	0.0000	0.0000	0.0000	0.0000	0.0000	0.0000	0.0000	0.0000	0.0000	0.0000	0.0000	0.0000	0.0000	0.0000	0.0000	0.0000	0.0000	0.0000	0.0000	0.0000	0.0000	0.0000	0.0000	0.0000											
76	121	0.6135	8	0	1	0	1	0	0	0	0	N	N	N	N	N	N	N	N	N	N	N	N	0.0000	0.0000	0.0000	0.0000	0.0000	0.0000	0.0000	0.0000	0.0000	0.0000	0.0000	0.0000	0.0000	0.0000	0.0000	0.0000	0.0000	0.0000	0.0000	0.0000	0.0000	3.0005	0.0000	1.1085	0.0000	0.0000	0.0000	0.0000	0.0000	0.0000	0.0000	0.0000	0.0000	0.0000	0.0000	0.0000	0.0000	0.0000	0.0000	0.0000	0.0000	0.0000	0.0000	0.0000	0.0000	0.0000	0.0000	0.0000	0.0000	0.0000	0.0000	0.0000	0.0000	0.0000	0.0000	0.0000	0.0000	0.0000	0.0000	0.0000	0.0000	0.0000	0.0000	0.0000	0.0000	0.0000	0.0000	0.0000	0.0000	0.0000	0.0000	0.0000	0.0000	0.0000	0.0000	0.0000	0.0000	0.0000											
76	122	0.0986	6	0	1	0	1	0	0	0	0	N	N	N	N	N	N	N	N	N	N	N	N	0.0000	0.0000	0.0000	0.0000	0.0000	0.0000	0.0000	0.0000	0.0000	0.0000	0.0000	0.0000	0.0000	0.0000	0.0000	0.0000	0.0000	0.0000	0.0000	0.0000	0.0000	2.0001	0.0000	3.0000	0.0000	0.0000	0.0000	0.0000	0.0000	0.0000	0.0000	0.0000	0.0000	0.0000	0.0000	0.0000	0.0000	0.0000	0.0000	0.0000	0.0000	0.0000	0.0000	0.0000	0.0000	0.0000	0.0000	0.0000	0.0000	0.0000	0.0000	0.0000	0.0000	0.0000	0.0000	0.0000	0.0000	0.0000	0.0000	0.0000	0.0000	0.0000	0.0000	0.0000	0.0000	0.0000	0.0000	0.0000	0.0000	0.0000	0.0000	0.0000	0.0000	0.0000	0.0000	0.0000	0.0000	0.0000											
76	123	0.0574	5	0	0	0	1	0	0	0	0	N	N	N	N	N	N	N	N	N	N	N	N	0.0000	0.0000	0.0000	0.0000	0.0000	0.0000	0.0000	0.0000	0.0000	0.0000	0.0000	0.0000	0.0000	0.0000	0.0000	0.0000	0.0000	0.0000	0.0000	0.0000	0.0000	6.9986	0.0000	2.0000	0.0000	0.0000	0.0000	0.0000	0.0000	0.0000	0.0000	0.0000	0.0000	0.0000	0.0000	0.0000	0.0000	0.0000	0.0000	0.0000	0.0000	0.0000	0.0000	0.0000	0.0000	0.0000	0.0000	0.0000	0.0000	0.0000	0.0000	0.0000	0.0000	0.0000	0.0000	0.0000	0.0000	0.0000	0.0000	0.0000	0.0000	0.0000	0.0000	0.0000	0.0000	0.0000	0.0000	0.0000	0.0000	0.0000	0.0000	0.0000	0.0000	0.0000	0.0000	0.0000	0.0000	0.0000											
76	124	0.6470	9	0	1	0	1	0	0	0	0	N	N	N	N	N	N	N	N	N	N	N	N	0.0000	0.0000	0.0000	0.0000	0.0000	0.0000	0.0000	0.0000	0.0000	0.0000	0.0000	0.0000	0.0000	0.0000	0.0000	0.0000	0.0000	0.0000	0.0000	0.0000	0.0000	3.9006	0.0000	3.1543	0.0000	0.0000	0.0000	0.0000	0.0000	0.0000	0.0000	0.0000	0.0000	0.0000	0.0000	0.0000	0.0000	0.0000	0.0000	0.0000	0.0000	0.0000	0.0000	0.0000	0.0000	0.0000	0.0000	0.0000	0.0000	0.0000	0.0000	0.0000	0.0000	0.0000	0.0000	0.0000	0.0000	0.0000	0.0000	0.0000	0.0000	0.0000	0.0000	0.0000	0.0000	0.0000	0.0000	0.0000	0.0000	0.0000	0.0000	0.0000	0.0000	0.0000	0.0000	0.0000	0.0000	0.0000											
76	125	0.6135	8	0	1	0	1	0	0	0	0	N	N	N	N	N	N	N	N	N	N	N	N	0.0000	0.0000	0.0000	0.0000	0.0000	0.0000	0.0000	0.0000	0.0000	0.0000	0.0000	0.0000	0.0000	0.0000	0.0000	0.0000	0.0000	0.0000	0.0000	0.0000	0.0000	1.6924	0.0000	1.9110	0.0000	0.0000	0.0000	0.0000	0.0000	0.0000	0.0000	0.0000	0.0000	0.0000	0.0000	0.0000	0.0000	0.0000	0.0000	0.0000	0.0000	0.0000	0.0000	0.0000	0.0000	0.0000	0.0000	0.0000	0.0000	0.0000	0.0000	0.0000	0.0000	0.0000	0.0000	0.0000	0.0000	0.0000	0.0000	0.0000	0.0000	0.0000	0.0000	0.0000	0.0000	0.0000	0.0000	0.0000	0.0000	0.0000	0.0000	0.0000	0.0000	0.0000	0.0000	0.0000	0.0000	0.0000											
76	126	0.0574	5	0	1	0	1	0	0	0	0	N	N	N	N	N	N	N	N	N	N	N	N	0.0000	0.0000	0.0000	0.0000	0.0000	0.0000	0.0000	0.0000	0.0000	0.0000	0.0000	0.0000	0.0000	0.0000	0.0000	0.0000	0.0000	0.0000	0.0000	0.0000	0.0000	0.9996	0.0000	8.0005	0.0000	0.0000	0.0000	0.0000	0.0000	0.0000	0.0000	0.0000	0.0000	0.0000	0.0000	0.0000	0.0000	0.0000	0.0000	0.0000	0.0000	0.0000	0.0000	0.0000	0.0000	0.0000	0.0000	0.0000	0.0000	0.0000	0.0000	0.0000	0.0000	0.0000	0.0000	0.0000	0.0000	0.0000	0.0000	0.0000	0.0000	0.0000	0.0000	0.0000	0.0000	0.0000	0.0000	0.0000	0.0000	0.0000	0.0000	0.0000	0.0000	0.0000	0.0000	0.0000	0.0000	0.0000											
76	127	0.1847	7	0	0	0	1	0	0	0	0	N	N	N	N	N	N	N	N	N	N	N	N	0.0000	0.0000	0.0000	0.0000	0.0000	0.0000	0.0000	0.0000	0.0000	0.0000	0.0000	0.0000	0.0000	0.0000	0.0000	0.0000	0.0000	0.0000	0.0000	0.0000	0.0000	3.6536	0.0000	12.3970	0.0000	0.0000	0.0000	0.0000	0.0000	0.0000	0.0000	0.0000	0.0000	0.0000	0.0000	0.0000	0.0000	0.0000	0.0000	0.0000	0.0000	0.0000	0.0000	0.0000	0.0000	0.0000	0.0000	0.0000	0.0000	0.0000	0.0000	0.0000	0.0000	0.0000	0.0000	0.0000	0.0000	0.0000	0.0000	0.0000	0.0000	0.0000	0.0000	0.0000	0.0000	0.0000	0.0000	0.0000	0.0000	0.0000	0.0000	0.0000	0.0000	0.0000	0.0000	0.0000	0.0000	0.0000											
76	128	0.3631	7	0	0	0	1	0	0	0	0	N	N	N	N	N	N	N	N	N	N	N	N	0.0000	0.0000	0.0000	0.0000	0.0000	0.0000	0.0000	0.0000	0.0000	0.0000	0.0000	0.0000	0.0000	0.0000	0.0000	0.0000	0.0000	0.0000	0.0000	0.0000	0.0000	5.3495	0.0000	12.4099	0.0000	0.0000	0.0000	0.0000	0.0000	0.0000	0.0000	0.0000	0.0000	0.0000	0.0000	0.0000	0.0000	0.0000	0.0000	0.0000	0.0000	0.0000	0.0000	0.0000	0.0000	0.0000	0.0000	0.0000	0.0000	0.0000	0.0000	0.0000	0.0000	0.0000	0.0000	0.0000	0.0000	0.0000	0.0000	0.0000	0.0000	0.0000	0.0000	0.0000	0.0000	0.0000	0.0000	0.0000	0.0000	0.0000	0.0000	0.0000	0.0000	0.0000	0.0000	0.0000	0.0000	0.0000											
76	129	0.1688	11	0	1	0	2	0	0	0	0	N	N	N	Y	N	N	N	N	N	N	N	N	0.0000	0.0000	0.0000	0.0000	0.0000	0.0000	0.0000	0.0000	0.0000	0.0000	0.0000	0.0000	0.0000	0.0000	0.0000	0.0000	0.0000	0.0000	0.0000	0.0000	0.0000	0.0000	0.0000	0.0000	0.0000	0.0000	0.0000	0.0000	0.0000	0.0000	0.0000	0.0000	0.0000	0.0000	0.0000	0.0000	0.0000	0.0000	0.0000	0.0000	0.0000	0.0000	0.0000	0.0000	0.0000	0.0000	0.0000	0.0000	0.0000	0.0000	0.0000	0.0000	0.0000	0.0000	0.0000	0.0000	0.0000	0.0000	0.0000	0.0000	0.0000	0.0000	0.0000	0.0000	0.0000	0.0000	0.0000	0.0000	0.0000	0.0000	0.0000	0.0000	0.0000	0.0000	0.0000	0.0000	0.0000	0.0000											
76	130	0.1525	10	0	1	0	2	0	0	0	0	N	N	N	Y	N	N	N	N	N	N	N	N	0.0000	0.0000	0.0000	0.0000	0.0000	0.0000	0.0000	0.0000	0.0000	0.0000	0.0000	0.0000	0.0000	0.0000	0.0000	0.0000	0.0000	0.0000	0.0000	0.0000	0.0000	0.0000	0.0000	3.0001	0.0000	0.0000	0.0000	0.0000	0.0000	0.0000	0.0000	0.0000	0.0000	0.0000	0.0000	0.0000	0.0000	0.0000	0.0000	0.0000	0.0000	0.0000	0.0000	0.0000	0.0000	0.0000	0.0000	0.0000	0.0000	0.0000	0.0000	0.0000	0.0000	0.0000	0.0000	0.0000	0.0000	0.0000	0.0000	0.0000	0.0000	0.0000	0.0000	0.0000	0.0000	0.0000	0.0000	0.0000	0.0000	0.0000	0.0000	0.0000	0.0000	0.0000	0.0000	0.0000	0.0000	0.0000											
76	131	0.1429	9	0	1	0	1	0	0	0	0	N	N	N	N	N	N	N	N	N	N	N	N	0.0000	0.0000	0.0000	0.0000	0.0000	0.0000	0.0000	0.0000	0.0000	0.0000	0.0000	0.0000	0.0000	0.0000	0.0000	0.0000	0.0000	0.0000	0.0000	0.0000	0.0000	0.0000	0.0000	0.0000	0.0000	0.0000	0.0000	0.0000	0.0000	0.0000	0.0000	0.0000	0.0000	0.0000	0.0000	0.0000	0.0000	0.0000	0.0000	0.0000	0.0000	0.0000	0.0000	0.0000	0.0000	0.0000	0.0000	0.0000	0.0000	0.0000	0.0000	0.0000	0.0000	0.0000	0.0000	0.0000	0.0000	0.0000	0.0000	0.0000	0.0000	0.0000	0.0000	0.0000	0.0000	0.0000	0.0000	0.0000	0.0000	0.0000	0.0000	0.0000	0.0000	0.0000	0.0000	0.0000	0.0000	0.0000											
76	132	0.1525	10	0	0	1	2	0	0	0	0	N	N	N	Y	N	N	N	N	N	N	N	N	0.0000	0.0000	0.0000	0.0000	0.0000	0.0000	0.0000	0.0000	0.0000	0.0000	0.0000	0.0000	0.0000	0.0000	0.0000	0.0000	0.0000	0.0000	0.0000	0.0000	0.0000	0.0000	0.0000	1.9999	0.0000	0.0000	0.0000	0.0000	0.0000	0.0000	0.0000	0.0000	0.0000	0.0000	0.0000	0.0000	0.0000	0.0000	0.0000	0.0000	0.0000	0.0000	0.0000	0.0000	0.0000	0.0000	0.0000	0.0000	0.0000	0.0000	0.0000	0.0000	0.0000	0.0000	0.0000	0.0000	0.0000	0.0000	0.0000	0.0000	0.0000	0.0000	0.0000	0.0000	0.0000	0.0000	0.0000	0.0000	0.0000	0.0000	0.0000	0.0000	0.0000	0.0000	0.0000	0.0000	0.0000	0.0000											
76	133	0.1636	11	0	0	1	2	0	0	0	0	N	N	N	Y	N	N	N	N	N	N	N	N	0.0000	0.0000	0.0000	0.0000	0.0000	0.0000	0.0000	0.0000	0.0000	0.0000	0.0000	0.0000	0.0000	0.0000	0.0000	0.0000	0.0000	0.0000	0.0000	0.0000	0.0000	1.0000	0.0000	0.0000	0.0000	0.0000	0.0000	0.0000	0.0000	0.0000	0.0000	0.0000	0.0000	0.0000	0.0000	0.0000	0.0000	0.0000	0.0000	0.0000	0.0000	0.0000	0.0000	0.0000	0.0000	0.0000	0.0000	0.0000	0.0000	0.0000	0.0000	0.0000	0.0000	0.0000	0.0000	0.0000	0.0000	0.0000	0.0000	0.0000	0.0000	0.0000	0.0000	0.0000	0.0000	0.0000	0.0000	0.0000	0.0000	0.0000	0.0000	0.0000	0.0000	0.0000	0.0000	0.0000	0.0000	0.0000											
76	134	0.1636	11	0	0	1	2	0	0	0	0	N	N	N	Y	N	N	N	N	N	N	N	N	0.0000	0.0000	0.0000	0.0000	0.0000	0.0000	0.0000	0.0000	0.0000	0.0000	0.0000	0.0000	0.0000	0.0000	0.0000	0.0000	0.0000	0.0000	0.0000	0.0000	0.0000	0.0000	0.0000	0.0000	0.0000	0.0000	0.0000	0.0000	0.0000	0.0000	0.0000	0.0000	0.0000	0.0000	0.0000	0.0000	0.0000	0.0000	0.0000	0.0000	0.0000	0.0000	0.0000	0.0000	0.0000	0.0000	0.0000	0.0000	0.0000	0.0000	0.0000	0.0000	0.0000	0.0000	0.0000	0.0000	0.0000	0.0000	0.0000	0.0000	0.0000	0.0000	0.0000	0.0000	0.0000	0.0000	0.0000	0.0000	0.0000	0.0000	0.0000	0.0000	0.0000	0.0000	0.0000	0.0000	0.0000	0.0000											
76	135	0.1525	10	0	0	1	2	0	0	0	0	N	N	N	Y	N	N	N	N	N	N	N	N	0.0000	0.0000	0.0000	0.0000	0.0000	0.0000	0.0000	0.0000	0.0000	0.0000	0.0000	0.0000	0.0000	0.0000	0.0000	0.0000	0.0000	0.0000	0.0000	0.0000	0.0000	2.0025	0.0000	0.9943	0.0000	0.0000	0.0000	0.0000	0.0000	0.0000	0.0000	0.0000	0.0000	0.0000	0.0000	0.0000	0.0000	0.0000	0.0000	0.0000	0.0000	0.0000	0.0000	0.0000	0.0000	0.0000	0.0000	0.0000	0.0000	0.0000	0.0000	0.0000	0.0000	0.0000	0.0000	0.0000	0.0000	0.0000	0.0000	0.0000	0.0000	0.0000	0.0000	0.0000	0.0000	0.0000	0.0000	0.0000	0.0000	0.0000	0.0000	0.0000	0.0000	0.0000	0.0000	0.0000	0.0000	0.0000											
76	136	0.1525	9	0	0	0	2	0	0	0	0	N	N	N	Y	N	N	N	N	N	N	N	N	0.0000	0.0000	0.0000	0.0000	0.0000	0.0000	0.0000	0.0000	0.0000	0.0000	0.0000	0.0000	0.0000	0.0000	0.0000	0.0000	0.0000	0.0000	0.0000	0.0000	0.0000	0.0050	0.0000	0.0173	0.0000	0.0000	0.0000	0.0000	0.0000	0.0000	0.0000	0.0000	0.0000	0.0000	0.0000	0.0000	0.0000	0.0000	0.0000	0.0000	0.0000	0.0000	0.0000	0.0000	0.0000	0.0000	0.0000	0.0000	0.0000	0.0000	0.0000	0.0000	0.0000	0.0000	0.0000	0.0000	0.0000	0.0000	0.0000	0.0000	0.0000	0.0000	0.0000	0.0000	0.0000	0.0000	0.0000	0.0000	0.0000	0.0000	0.0000	0.0000	0.0000	0.0000	0.0000	0.0000	0.0000	0.0000											
76	137	0.1429	8	0	0	0	2	0	0	0	0	N	N	N	Y	N	N	N	N	N	N	N	N	0.0000	0.0000	0.0000	0.0000	0.0000	0.0000	0.0000	0.0000	0.0000	0.0000	0.0000	0.0000	0.0000	0.0000	0.0000	0.0000	0.0000	0.0000	0.0000	0.0000	0.0000	1.9972	0.0000	1.0076	0.0000	0.0000	0.0000	0.0000	0.0000	0.0000	0.0000	0.0000	0.0000	0.0000	0.0000	0.0000	0.0000	0.0000	0.0000	0.0000	0.0000	0.0000	0.0000	0.0000	0.0000	0.0000	0.0000	0.0000	0.0000	0.0000	0.0000	0.0000	0.0000	0.0000	0.0000	0.0000	0.0000	0.0000	0.0000	0.0000	0.0000	0.0000	0.0000	0.0000	0.0000	0.0000	0.0000	0.0000	0.0000	0.0000	0.0000	0.0000	0.0000	0.0000	0.0000	0.0000	0.0000	0.0000											
76	138	0.1256	7	1	1	0	1	0	0	0	0	N	N	N	N	N	N	N	N	N	N	N	N	0.0000	0.0000	0.0000	0.0000	0.0000	0.0000	0.0000	0.0000	0.0000	0.0000	0.0000	0.0000	0.0000	0.0000	0.0000	0.0000	0.0000	0.0000	0.0000	0.0000	0.0000	0.0002	0.0000	2.3255	0.0000	0.0000	0.0000	0.0000	0.0000	0.0000	0.0000	0.0000	0.0000	0.0000	0.0000	0.0000	0.0000	0.0000	0.0000	0.0000	0.0000	0.0000	0.0000	0.0000	0.0000	0.0000	0.0000	0.0000	0.0000	0.0000	0.0000	0.0000	0.0000	0.0000	0.0000	0.0000	0.0000	0.0000	0.0000	0.0000	0.0000	0.0000	0.0000	0.0000	0.0000	0.0000	0.0000	0.0000	0.0000	0.0000	0.0000	0.0000	0.0000	0.0000	0.0000	0.0000	0.0000	0.0000											
76	139	0.1078	6	1	1	0	1	0	0	0	0	N	N	N	N	N	N	N	N	N	N	N	N	0.0000	0.0000	0.0000	0.0000	0.0000	0.0000	0.0000	0.0000	0.0000	0.0000	0.0000	0.0000	0.0000	0.0000	0.0000	0.0000	0.0000	0.0000	0.0000	0.0000	0.0000	2.0138	0.0000	2.7349	0.0000	0.0000	0.0000	0.0000	0.0000	0.0000	0.0000	0.0000	0.0000	0.0000	0.0000	0.0000	0.0000	0.0000	0.0000	0.0000	0.0000	0.0000	0.0000	0.0000	0.0000	0.0000	0.0000	0.0000	0.0000	0.0000	0.0000	0.0000	0.0000	0.0000	0.0000	0.0000	0.0000	0.0000	0.0000	0.0000	0.0000	0.0000	0.0000	0.0000	0.0000	0.0000	0.0000	0.0000	0.0000	0.0000	0.0000	0.0000	0.0000	0.0000	0.0000	0.0000	0.0000	0.0000											
76	140	0.1243	7	0	1	0	1	0	0	0	0	N	N	N	N	N	N	N	N	N	N	N	N	0.0000	0.0000	0.0000	0.0000	0.0000	0.0000	0.0000	0.0000	0.0000	0.0000	0.0000	0.0000	0.0000	0.0000	0.0000	0.0000	0.0000	0.0000	0.0000	0.0000	0.0000	1.9232	0.0000	1.1116	0.0000	0.0000	0.0000	0.0000	0.0000	0.0000	0.0000	0.0000	0.0000	0.0000	0.0000	0.0000	0.0000	0.0000	0.0000	0.0000	0.0000	0.0000	0.0000	0.0000	0.0000	0.0000	0.0000	0.0000	0.0000	0.0000	0.0000	0.0000	0.0000	0.0000	0.0000	0.0000	0.0000	0.0000	0.0000	0.0000	0.0000	0.0000	0.0000	0.0000	0.0000	0.0000	0.0000	0.0000	0.0000	0.0000	0.0000	0.0000	0.0000	0.0000	0.0000	0.0000	0.0000	0.0000											
76	141	0.6327	9	0	1	0	1	0	0	0	0	N	N	N	N	N	N	N	N	N	N	N	N	0.0000	0.0000	0.0000	0.0000	0.0000	0.0000	0.0000	0.0000	0.0000	0.0000	0.0000	0.0000	0.0000	0.0000	0.0000	0.0000	0.0000	0.0000	0.0000	0.0000	0.0000	3.0000	0.0000	1.0000	0.0000	0.0000	0.0000	0.0000	0.0000	0.0000	0.0000	0.0000	0.0000	0.0000	0.0000	0.0000	0.0000	0.0000	0.0000	0.0000	0.0000	0.0000	0.0000	0.0000	0.0000	0.0000	0.0000	0.0000	0.0000	0.0000	0.0000	0.0000	0.0000	0.0000	0.0000	0.0000	0.0000	0.0000	0.0000	0.0000	0.0000	0.0000	0.0000	0.0000	0.0000	0.0000	0.0000	0.0000	0.0000	0.0000	0.0000	0.0000	0.0000	0.0000	0.0000	0.0000	0.0000	0.0000											
76	142	0.6135	8	0	0	0	1	0	0	0	0	N	N	N	N	N	N	N	N	N	N	N	N	0.0000	0.0000	0.0000	0.0000	0.0000	0.0000	0.0000	0.0000	0.0000	0.0000	0.0000	0.0000	0.0000	0.0000	0.0000	0.0000	0.0000	0.0000	0.0000	0.0000	0.0000	1.0000	0.0000	1.0000	0.0000	0.0000	0.0000	0.0000	0.0000	0.0000	0.0000	0.0000	0.0000	0.0000	0.0000	0.0000	0.0000	0.0000	0.0000	0.0000	0.0000	0.0000	0.0000	0.0000	0.0000	0.0000	0.0000	0.0000	0.0000	0.0000	0.0000	0.0000	0.0000	0.0000	0.0000	0.0000	0.0000	0.0000	0.0000	0.0000	0.0000	0.0000	0.0000	0.0000	0.0000	0.0000	0.0000	0.0000	0.0000	0.0000	0.0000	0.0000	0.0000	0.0000	0.0000	0.0000	0.0000	0.0000											
76	143	0.3631	7	0	0	0	1	0	0	0	0	N	N	N	N	N	N	N	N	N	N	N	N	0.0000	0.0000	0.0000	0.0000	0.0000	0.0000	0.0000	0.0000	0.0000	0.0000	0.0000	0.0000	0.0000	0.0000	0.0000	0.0000	0.0000	0.0000	0.0000	0.0000	0.0000	7.1211	0.0000	10.9474	0.0000	0.0000	0.0000	0.0000	0.0000	0.0000	0.0000	0.0000	0.0000	0.0000	0.0000	0.0000	0.0000	0.0000	0.0000	0.0000	0.0000	0.0000	0.0000	0.0000	0.0000	0.0000	0.0000	0.0000	0.0000	0.0000	0.0000	0.0000	0.0000	0.0000	0.0000	0.0000	0.0000	0.0000	0.0000	0.0000	0.0000	0.0000	0.0000	0.0000	0.0000	0.0000	0.0000	0.0000	0.0000	0.0000	0.0000	0.0000	0.0000	0.0000	0.0000	0.0000	0.0000	0.0000											
76	144	0.1684	6	0	0	0	1	0	0	0	0	N	N	N	N	N	N	N	N	N	N	N	N	0.0000	0.0000	0.0000	0.0000	0.0000	0.0000	0.0000	0.0000	0.0000	0.0000	0.0000	0.0000	0.0000	0.0000	0.0000	0.0000	0.0000	0.0000	0.0000	0.0000	0.0000	8.5175	0.0000	23.1696	0.0000	0.0000	0.0000	0.0000	0.0000	0.0000	0.0000	0.0000	0.0000	0.0000	0.0000	0.0000	0.0000	0.0000	0.0000	0.0000	0.0000	0.0000	0.0000	0.0000	0.0000	0.0000	0.0000	0.0000	0.0000	0.0000	0.0000	0.0000	0.0000	0.0000	0.0000	0.0000	0.0000	0.0000	0.0000	0.0000	0.0000	0.0000	0.0000	0.0000	0.0000	0.0000	0.0000	0.0000	0.0000	0.0000	0.0000	0.0000	0.0000	0.0000	0.0000	0.0000	0.0000	0.0000											
76	145	0.1429	9	1	1	0	1	0	0	0	0	N	N	N	N	N	N	N	N	N	N	N	N	0.0000	0.0000	0.0000	0.0000	0.0000	0.0000	0.0000	0.0000	0.0000	0.0000	0.0000	0.0000	0.0000	0.0000	0.0000	0.0000	0.0000	0.0000	0.0000	0.0000	0.0000	1.0000	0.0000	1.0000	0.0000	0.0000	0.0000	0.0000	0.0000	0.0000	0.0000	0.0000	0.0000	0.0000	0.0000	0.0000	0.0000	0.0000	0.0000	0.0000	0.0000	0.0000	0.0000	0.0000	0.0000	0.0000	0.0000	0.0000	0.0000	0.0000	0.0000	0.0000	0.0000	0.0000	0.0000	0.0000	0.0000	0.0000	0.0000	0.0000	0.0000	0.0000	0.0000	0.0000	0.0000	0.0000	0.0000	0.0000	0.0000	0.0000	0.0000	0.0000	0.0000	0.0000	0.0000	0.0000	0.0000	0.0000											
76	146	0.1429	8	0	1	0	1	0	0	0	0	N	N	N	N	N	N	N	N	N	N	N	N	0.0000	0.0000	0.0000	0.0000	0.0000	0.0000	0.0000	0.0000	0.0000	0.0000	0.0000	0.0000	0.0000	0.0000	0.0000	0.0000	0.0000	0.0000	0.0000	0.0000	0.0000	0.0003	0.0000	0.0000	0.0000	0.0000	0.0000	0.0000	0.0000	0.0000	0.0000	0.0000	0.0000	0.0000	0.0000	0.0000	0.0000	0.0000	0.0000	0.0000	0.0000	0.0000	0.0000	0.0000	0.0000	0.0000	0.0000	0.0000	0.0000	0.0000	0.0000	0.0000	0.0000	0.0000	0.0000	0.0000	0.0000	0.0000	0.0000	0.0000	0.0000	0.0000	0.0000	0.0000	0.0000	0.0000	0.0000	0.0000	0.0000	0.0000	0.0000	0.0000	0.0000	0.0000	0.0000	0.0000	0.0000	0.0000											
76	147	0.1243	7	0	0	0	1	0	0	0	0	N	N	N	N	N	N	N	N	N	N	N	N	0.0000	0.0000	0.0000	0.0000	0.0000	0.0000	0.0000	0.0000	0.0000	0.0000	0.0000	0.0000	0.0000	0.0000	0.0000	0.0000	0.0000	0.0000	0.0000	0.0000	0.0000	4.9449	0.0000	1.0063	0.0000	0.0000	0.0000	0.0000	0.0000	0.0000	0.0000	0.0000	0.0000	0.0000	0.0000	0.0000	0.0000	0.0000	0.0000	0.0000	0.0000	0.0000	0.0000	0.0000	0.0000	0.0000	0.0000	0.0000	0.0000	0.0000	0.0000	0.0000	0.0000	0.0000	0.0000	0.0000	0.0000	0.0000	0.0000	0.0000	0.0000	0.0000	0.0000	0.0000	0.0000	0.0000	0.0000	0.0000	0.0000	0.0000	0.0000	0.0000	0.0000	0.0000	0.0000	0.0000	0.0000	0.0000											
76	148	0.1078	6	0	0	0	1	0	0	0	0	N	N	N	N	N	N	N	N	N	N	N	N	0.0000	0.0000	0.0000	0.0000	0.0000	0.0000	0.0000	0.0000	0.0000	0.0000	0.0000	0.0000	0.0000	0.0000	0.0000	0.0000	0.0000	0.0000	0.0000	0.0000	0.0000	3.4778	0.0000	1.2917	0.0000	0.0000	0.0000	0.0000	0.0000	0.0000	0.0000	0.0000	0.0000	0.0000	0.0000	0.0000	0.0000	0.0000	0.0000	0.0000	0.0000	0.0000	0.0000	0.0000	0.0000	0.0000	0.0000	0.0000	0.0000	0.0000	0.0000	0.0000	0.0000	0.0000	0.0000	0.0000	0.0000	0.0000	0.0000	0.0000	0.0000	0.0000	0.0000	0.0000	0.0000	0.0000	0.0000	0.0000	0.0000	0.0000	0.0000	0.0000	0.0000	0.0000	0.0000	0.0000	0.0000	0.0000											
76	149	0.0574	5	0	0	0	1	0	0	0	0	N	N	N	N	N	N	N	N	N	N	N	N	0.0000	0.0000	0.0000	0.0000	0.0000	0.0000	0.0000	0.0000	0.0000	0.0000	0.0000	0.0000	0.0000	0.0000	0.0000	0.0000	0.0000	0.0000	0.0000	0.0000	0.0000	7.8050	0.0000	4.0035	0.0000	0.0000	0.0000	0.0000	0.0000	0.0000	0.0000	0.0000	0.0000	0.0000	0.0000	0.0000	0.0000	0.0000	0.0000	0.0000	0.0000	0.0000	0.0000	0.0000	0.0000	0.0000	0.0000	0.0000	0.0000	0.0000	0.0000	0.0000	0.0000	0.0000	0.0000	0.0000	0.0000	0.0000	0.0000	0.0000	0.0000	0.0000	0.0000	0.0000	0.0000	0.0000	0.0000	0.0000	0.0000	0.0000	0.0000	0.0000	0.0000	0.0000	0.0000	0.0000	0.0000	0.0000											
76	150	0.1847	7	0	0	0	1	0	0	0	0	N	N	N	N	N	N	N	N	N	N	N	N	0.0000	0.0000	0.0000	0.0000	0.0000	0.0000	0.0000	0.0000	0.0000	0.0000	0.0000	0.0000	0.0000	0.0000	0.0000	0.0000	0.0000	0.0000	0.0000	0.0000	0.0000	3.7255	0.0000	14.1767	0.0000	0.0000	0.0000	0.0000	0.0000	0.0000	0.0000	0.0000	0.0000	0.0000	0.0000	0.0000	0.0000	0.0000	0.0000	0.0000	0.0000	0.0000	0.0000	0.0000	0.0000	0.0000	0.0000	0.0000	0.0000	0.0000	0.0000	0.0000	0.0000	0.0000	0.0000	0.0000	0.0000	0.0000	0.0000	0.0000	0.0000	0.0000	0.0000	0.0000	0.0000	0.0000	0.0000	0.0000	0.0000	0.0000	0.0000	0.0000	0.0000	0.0000	0.0000	0.0000	0.0000	0.0000											
76	151	0.1684	6	0	0	0	1	0	0	0	0	N	N	N	N	N	N	N	N	N	N	N	N	0.0000	0.0000	0.0000	0.0000	0.0000	0.0000	0.0000	0.0000	0.0000	0.0000	0.0000	0.0000	0.0000	0.0000	0.0000	0.0000	0.0000	0.0000	0.0000	0.0000	0.0000	1.4205	0.0000	4.0377	0.0000	0.0000	0.0000	0.0000	0.0000	0.0000	0.0000	0.0000	0.0000	0.0000	0.0000	0.0000	0.0000	0.0000	0.0000	0.0000	0.0000	0.0000	0.0000	0.0000	0.0000	0.0000	0.0000	0.0000	0.0000	0.0000	0.0000	0.0000	0.0000	0.0000	0.0000	0.0000	0.0000	0.0000	0.0000	0.0000	0.0000	0.0000	0.0000	0.0000	0.0000	0.0000	0.0000	0.0000	0.0000	0.0000	0.0000	0.0000	0.0000	0.0000	0.0000	0.0000	0.0000	0.0000											
76	152	0.0574	5	0	0	0	1	0	0	0	0	N	N	N	N	N	N	N	N	N	N	N	N	0.0000	0.0000	0.0000	0.0000	0.0000	0.0000	0.0000	0.0000	0.0000	0.0000	0.0000	0.0000	0.0000	0.0000	0.0000	0.0000	0.0000	0.0000	0.0000	0.0000	0.0000	6.4701	0.0000	12.4371	0.0000	0.0000	0.0000	0.0000	0.0000	0.0000	0.0000	0.0000	0.0000	0.0000	0.0000	0.0000	0.0000	0.0000	0.0000	0.0000	0.0000	0.0000	0.0000	0.0000	0.0000	0.0000	0.0000	0.0000	0.0000	0.0000	0.0000	0.0000	0.0000	0.0000	0.0000	0.0000	0.0000	0.0000	0.0000	0.0000	0.0000	0.0000	0.0000	0.0000	0.0000	0.0000	0.0000	0.0000	0.0000	0.0000	0.0000	0.0000	0.0000	0.0000	0.0000	0.0000	0.0000	0.0000											
77	80	0.1312	7	0	1	1	1	0	0	0	0	N	N	N	N	N	N	N	N	N	N	N	N	0.0000	0.0000	0.0000	0.0000	0.0000	0.0000	0.0000	0.0000	0.0000	0.0000	0.0000	0.0000	0.0000	0.0000	0.0000	0.0000	0.0000	0.0000	0.0000	0.0000	0.0002	0.0029	2.9297	2.0135	0.0000	0.0000	0.0000	0.0000	0.0000	0.0000	0.0000	0.0000	0.0000	0.0000	0.0000	0.0000	0.0000	0.0000	0.0000	0.0000	0.0000	0.0000	0.0000	0.0000	0.0000	0.0000	0.0000	0.0000	0.0000	0.0000	0.0000	0.0239	0.0152	0.0087	0.0076	0.0075	0.0001	0.0164	0.0078	0.0086	0.0000	0.0000	0.0000	0.0000	0.0000	0.0000	0.0000	0.0000	0.0000	0.0000	0.0000	0.0000	0.0000	0.0000	0.0000	0.0000	0.0000	0.0000											
77	81	0.1246	6	0	1	0	1	0	0	0	0	N	N	N	N	N	N	N	N	N	N	N	N	0.0000	0.0000	0.0000	0.0000	0.0000	0.0000	0.0000	0.0000	0.0000	0.0000	0.0000	0.0000	0.0000	0.0000	0.0000	0.0000	0.0000	0.0000	0.0211	0.0143	0.0019	0.0005	0.0005	0.0001	0.0181	0.1329	0.0019	0.5822	-0.0000	-0.0000	0.0002	0.6188	2.9297	0.9475	0.0000	0.0000	0.0000	0.0000	0.0000	0.0000	0.0000	0.0000	0.0000	0.0000	0.0000	0.0000	0.0000	0.0000	0.0000	0.0000	0.0000	0.0000	0.0000	0.0000	0.0000	0.0000	0.0000	0.0000	0.0000	0.0000	0.0000	0.0198	0.0124	0.0074	0.0064	0.0064	0.0001	0.0134	0.0061	0.0073	0.0000	0.0000	0.0000	0.0000	0.0000	0.0000	0.0000	0.0000	0.0000	0.0019	0.0019	0.0019	0.0001	0.0001	0.0001	0.0028	0.0039	0.0019	
77	82	0.6359	8	0	1	1	1	0	0	0	0	N	N	N	N	N	N	N	N	N	N	N	N	0.0000	0.0000	0.0000	0.0000	0.0000	0.0000	0.0000	0.0000	0.0000	0.0000	0.0000	0.0000	0.0000	0.0000	0.0000	0.0000	0.0000	0.0000	0.0000	0.0000	0.0002	0.0000	2.9297	1.0000	0.0000	0.0000	0.0000	0.0000	0.0000	0.0000	0.0000	0.0000	0.0000	0.0000	0.0000	0.0000	0.0000	0.0000	0.0000	0.0000	0.0000	0.0000	0.0000	0.0000	0.0000	0.0000	0.0000	0.0000	0.0000	0.0000	0.0000	0.0118	0.0074	0.0045	0.0080	0.0064	0.0016	0.0038	0.0010	0.0028	0.0000	0.0000	0.0000	0.0000	0.0000	0.0000	0.0000	0.0000	0.0000	0.0000	0.0000	0.0000	0.0000	0.0000	0.0000	0.0000	0.0000	0.0000											
77	83	0.0986	5	1	0	1	1	0	0	0	0	N	N	N	N	N	N	N	N	N	N	N	N	inf	inf	inf	inf	0.3417	0.3865	0.0000	0.7086	0.7322	0.0000	0.0000	0.0000	0.0000	0.0000	0.0000	0.0000	0.0000	0.0000	0.0000	0.0000	0.0000	0.0000	0.0000	-0.0000	0.0000	0.0002	9.0001	2.9297	3.0001	0.0000	0.0000	0.0000	0.0000	0.0000	0.0000	0.0000	0.0000	0.0000	0.0000	0.0000	0.0000	0.0000	0.0000	0.0000	0.0000	0.0000	0.0000	0.0001	0.0001	0.0000	0.0001	0.0001	0.0000	0.0001	0.0000	0.0000	0.1313	0.0826	0.0487	0.0398	0.0395	0.0003	0.0915	0.0431	0.0484	inf	inf	0.0000	inf	inf	0.0000	0.0000	0.0000	0.0000	0.0000	0.0000	0.0000	0.0000	0.0000	0.0000	0.0000	0.0000	0.0000						
77	84	0.6135	7	1	0	1	1	0	0	0	0	N	N	N	N	N	N	N	N	N	N	N	N	0.0000	0.0000	0.0000	0.0000	0.0000	0.0000	0.0000	0.0000	0.0000	0.0000	0.0000	0.0000	0.0000	0.0000	0.0000	0.0000	0.0000	0.0000	0.0000	0.0000	0.0002	4.0000	2.9297	0.0000	0.0000	0.0000	0.0000	0.0000	0.0000	0.0000	0.0000	0.0000	0.0000	0.0000	0.0000	0.0000	0.0000	0.0000	0.0000	0.0000	0.0000	0.0000	0.0000	0.0000	0.0000	0.0000	0.0000	0.0000	0.0000	0.0000	0.0000	0.0101	0.0052	0.0049	0.0037	0.0031	0.0006	0.0064	0.0020	0.0044	0.0000	0.0000	0.0000	0.0000	0.0000	0.0000	0.0000	0.0000	0.0000	0.0000	0.0000	0.0000	0.0000	0.0000	0.0000	0.0000	0.0000	0.0000											
77	85	0.6596	8	1	1	0	1	0	0	0	0	N	N	N	N	N	N	N	N	N	N	N	N	1.3911	2.2656	0.0000	10.3737	11.4550	0.0000	0.0000	0.0000	0.0000	0.0171	0.0200	0.0000	0.0321	0.0331	0.0000	0.0000	0.0000	0.0000	0.0123	0.0088	0.0012	0.0031	0.0029	0.0001	0.0089	0.0555	0.0018	0.0016	0.4141	-0.0000	-0.0000	0.0002	1.0086	2.9297	1.7435	0.0000	0.0000	0.0000	0.0000	0.0000	0.0000	0.0000	0.0000	0.0000	0.0001	0.0000	0.0000	0.0000	0.0000	0.0000	0.0000	0.0000	0.0000	0.0000	0.0000	0.0000	0.0000	0.0000	0.0000	0.0000	0.0000	0.0000	0.0357	0.0231	0.0126	0.0243	0.0198	0.0045	0.0114	0.0033	0.0081	12.1744	13.0373	0.0000	27.8983	23.6729	0.0000	0.0000	0.0000	0.0000	0.0014	0.0015	0.0012	0.0011	0.0014	0.0001	0.0020	0.0024	0.0018
77	86	0.6135	7	1	1	0	1	0	0	0	0	N	N	N	N	N	N	N	N	N	N	N	N	0.0000	0.0000	0.0000	0.0000	0.0000	0.0000	0.0000	0.0000	0.0000	0.0000	0.0000	0.0000	0.0000	0.0001	0.0003	0.0000	0.0005	0.0005	0.0000	0.0000	0.0000	0.0000	0.0000	0.0000	-0.0000	0.0002	1.0165	2.9297	4.1395	0.0000	0.0000	0.0000	0.0000	0.0000	0.0000	0.0000	0.0000	0.0000	0.0000	0.0000	0.0000	0.0000	0.0000	0.0000	0.0000	0.0000	0.0000	0.0000	0.0000	0.0000	0.0000	0.0000	0.0000	0.0000	0.0000	0.0000	0.0128	0.0066	0.0063	0.0047	0.0040	0.0007	0.0081	0.0026	0.0055	0.0000	0.0000	0.0000	0.0000	0.0000	0.0000	0.0000	0.0000	0.0000	0.0000	0.0001	0.0000	0.0001	0.0001	0.0000	0.0000	0.0000	0.0000						
77	87	0.0574	4	1	1	0	1	0	0	0	0	N	N	N	N	N	N	N	N	N	N	N	N	0.0000	0.0000	0.0000	0.0000	0.0000	0.0000	0.0000	0.0000	0.0000	0.0000	0.0000	0.0000	0.0000	0.0000	0.0000	0.0000	0.0000	3.8766	0.8704	18.9583	2.1241	0.6258	25.1340	5.9371	0.0000	21.6878	269.4797	0.0000	0.3798	0.0002	9.0005	2.9297	5.0000	0.0000	0.0000	0.0000	0.0000	0.0000	0.0000	0.0000	0.0000	0.0000	0.8006	0.0030	0.7977	0.0165	0.0030	0.0135	0.7842	0.0000	0.7842	0.0001	0.0001	0.0000	0.0000	0.0000	0.0000	0.0001	0.0001	0.0000	0.2065	0.1319	0.0746	0.0744	0.0663	0.0081	0.1321	0.0655	0.0665	0.0000	0.0000	0.0000	0.0000	0.0000	0.0000	0.0000	0.0000	0.0000	3.8766	0.0224	10.6857	0.2212	0.0446	1.6655	5.9371	0.0000	11.7853		
77	88	0.6359	8	0	1	0	1	0	0	0	0	N	N	N	N	N	N	N	N	N	N	N	N	0.0000	0.0000	0.0000	0.0000	0.0000	0.0000	0.0000	0.0000	0.0000	0.0000	0.0000	0.0000	0.0000	0.0000	0.0000	0.0000	0.0000	0.0000	0.0000	0.0000	0.0002	0.0000	2.9297	0.0000	0.0000	0.0000	0.0000	0.0000	0.0000	0.0000	0.0000	0.0000	0.0000	0.0000	0.0000	0.0000	0.0000	0.0000	0.0000	0.0000	0.0000	0.0000	0.0000	0.0000	0.0000	0.0000	0.0000	0.0000	0.0000	0.0000	0.0000	0.0000	0.0000	0.0000	0.0000	0.0000	0.0000	0.0000	0.0000	0.0000	0.0000	0.0000	0.0000	0.0000	0.0000	0.0000	0.0000	0.0000	0.0000	0.0000	0.0000	0.0000	0.0000	0.0000	0.0000	0.0000	0.0000	0.0000											
77	89	0.1246	6	0	1	0	1	0	0	0	0	N	N	N	N	N	N	N	N	N	N	N	N	0.0000	0.0000	0.0000	0.0000	0.0000	0.0000	0.0000	0.0000	0.0000	0.0000	0.0000	0.0000	0.0000	0.0000	0.0000	0.0000	0.0000	0.0001	0.0001	0.0000	0.0002	0.0002	0.0000	0.0000	0.0000	0.0000	0.5691	0.0000	-0.0000	0.0002	1.9953	2.9297	1.0817	0.0000	0.0000	0.0000	0.0000	0.0000	0.0000	0.0000	0.0000	0.0000	0.0000	0.0000	0.0000	0.0000	0.0000	0.0000	0.0000	0.0000	0.0000	0.0000	0.0000	0.0000	0.0000	0.0000	0.0000	0.0000	0.0000	0.0000	0.0373	0.0235	0.0138	0.0119	0.0117	0.0001	0.0255	0.0118	0.0136	0.0000	0.0000	0.0000	0.0000	0.0000	0.0000	0.0000	0.0000	0.0000	0.0000	0.0000	0.0000	0.0000	0.0000	0.0000	0.0000	0.0000	0.0000		
77	90	0.0986	5	0	1	0	1	0	0	0	0	N	N	N	N	N	N	N	N	N	N	N	N	0.2136	0.0000	595.8852	0.1021	0.0000	inf	65.1208	175.3006	0.0001	0.0000	0.0013	0.0002	0.0000	0.0061	0.0001	0.0000	0.0004	0.0007	0.0012	0.0000	0.0021	0.0017	0.0000	0.0000	0.0000	0.0000	inf	0.0029	0.0000	-0.0000	0.0002	2.3999	2.9297	4.0713	0.0000	0.0000	0.0000	0.0000	0.0000	0.0000	0.0000	0.0000	0.0000	0.0000	0.0000	0.0000	0.0000	0.0000	0.0000	0.0000	0.0000	0.0000	0.0000	0.0000	0.0000	0.0000	0.0000	0.0000	0.0000	0.0000	0.0000	0.0739	0.0464	0.0276	0.0223	0.0221	0.0002	0.0517	0.0243	0.0274	0.5343	0.0000	595.8852	0.2374	0.0000	inf	65.1208	0.0000	175.3006	0.0003	0.0004	0.0000	0.0009	0.0009	0.0000	0.0000	0.0000	0.0000	
77	91	0.0593	4	0	0	1	1	0	0	0	0	N	N	N	N	N	N	N	N	N	N	N	N	0.0000	0.0000	0.0000	0.0000	0.0000	0.0000	0.0000	0.0000	0.0000	0.0000	0.0000	0.0000	0.0000	0.0000	0.0000	0.0000	0.0000	0.0000	0.0000	0.0000	0.0002	0.0000	2.9297	0.0000	0.0000	0.0000	0.0000	0.0000	0.0000	0.0000	0.0000	0.0000	0.0000	0.0000	0.0000	0.0000	0.0000	0.0000	0.0000	0.0000	0.0000	0.0000	0.0000	0.0000	0.0000	0.0000	0.0000	0.0000	0.0000	0.0000	0.0000	0.0000	0.0000	0.0000	0.0000	0.0000	0.0000	0.0000	0.0000	0.0000	0.0000	0.0000	0.0000	0.0000	0.0000	0.0000	0.0000	0.0000	0.0000	0.0000	0.0000	0.0000	0.0000	0.0000	0.0000	0.0000	0.0000	0.0000											
77	92	0.0272	3	0	0	1	1	0	0	0	0	N	N	N	N	N	N	N	N	N	N	N	N	0.0061	0.0000	inf	0.0203	0.0000	inf	0.0000	0.0000	0.0001	0.0001	0.0000	0.0970	0.0000	0.0000	0.0000	0.0031	0.0045	0.0000	0.0042	0.0042	0.0000	0.0000	0.0000	0.0000	inf	0.0000	0.0000	-0.0000	0.0002	3.7221	2.9297	2.9993	0.0000	0.0000	0.0000	0.0000	0.0000	0.0000	0.0000	0.0000	0.0000	0.0001	0.0001	0.0000	0.0001	0.0001	0.0000	0.0000	0.0000	0.0000	0.0001	0.0001	0.0000	0.0000	0.0000	0.0000	0.0000	0.0000	0.0000	0.1133	0.0719	0.0414	0.0417	0.0367	0.0050	0.0716	0.0352	0.0364	0.0301	0.0000	inf	0.0512	0.0000	inf	0.0000	0.0000	0.0000	0.0006	0.0010	0.0000	0.0017	0.0019	0.0000	0.0000	0.0000	0.0000			
77	94	0.1149	6	1	1	0	1	0	0	0	0	N	N	N	N	N	N	N	N	N	N	N	N	0.0000	0.0000	0.0000	0.0000	0.0000	0.0000	0.0000	0.0000	0.0000	0.0000	0.0000	0.0000	0.0000	0.0000	0.0000	0.0000	0.0000	0.0000	0.0000	0.0000	0.0000	0.0000	inf	0.0000	0.0000	0.0002	5.9980	2.9297	4.9575	0.0000	0.0000	0.0000	0.0000	0.0000	0.0000	0.0000	0.0000	0.0000	0.0000	0.0000	0.0000	0.0000	0.0000	0.0000	0.0000	0.0000	0.0000	0.0001	0.0001	0.0000	0.0000	0.0000	0.0000	0.0000	0.0000	0.0000	0.1178	0.0758	0.0419	0.0376	0.0372	0.0004	0.0802	0.0386	0.0416	0.0000	0.0000	0.0000	0.0000	0.0000	0.0000	0.0000	0.0000	0.0000	0.0000	0.0000	0.0000	0.0000	0.0000	0.0000	0.0000	0.0000	0.0000						
77	95	0.6359	8	1	1	0	1	0	0	0	0	N	N	N	N	N	N	N	N	N	N	N	N	0.0000	0.0000	0.0000	0.0000	0.0000	0.0000	0.0000	0.0000	0.0000	0.0000	0.0000	0.0000	0.0000	0.0000	0.0000	0.0000	0.0000	0.0000	0.0000	0.0000	0.0002	0.0000	2.9297	2.0000	0.0000	0.0000	0.0000	0.0000	0.0000	0.0000	0.0000	0.0000	0.0000	0.0000	0.0000	0.0000	0.0000	0.0000	0.0000	0.0000	0.0000	0.0000	0.0000	0.0000	0.0000	0.0000	0.0000	0.0000	0.0000	0.0000	0.0000	0.0235	0.0146	0.0088	0.0160	0.0127	0.0032	0.0075	0.0019	0.0056	0.0000	0.0000	0.0000	0.0000	0.0000	0.0000	0.0000	0.0000	0.0000	0.0000	0.0000	0.0000	0.0000	0.0000	0.0000	0.0000	0.0000	0.0000											
77	96	0.6135	7	0	1	0	1	0	0	0	0	N	N	N	N	N	N	N	N	N	N	N	N	0.0000	0.0000	0.0000	0.0000	0.0000	0.0000	0.0000	0.0000	0.0000	0.0000	0.0000	0.0000	0.0000	0.0000	0.0000	0.0000	0.0000	0.0000	0.0000	0.0000	0.0002	4.0000	2.9297	0.0000	0.0000	0.0000	0.0000	0.0000	0.0000	0.0000	0.0000	0.0000	0.0000	0.0000	0.0000	0.0000	0.0000	0.0000	0.0000	0.0000	0.0000	0.0000	0.0000	0.0000	0.0000	0.0000	0.0000	0.0000	0.0000	0.0000	0.0000	0.0101	0.0052	0.0049	0.0037	0.0031	0.0006	0.0064	0.0020	0.0044	0.0000	0.0000	0.0000	0.0000	0.0000	0.0000	0.0000	0.0000	0.0000	0.0000	0.0000	0.0000	0.0000	0.0000	0.0000	0.0000	0.0000	0.0000											
77	97	0.0574	4	0	0	0	1	0	0	0	0	N	N	N	N	N	N	N	N	N	N	N	N	0.0000	0.0000	0.0000	0.0000	0.0000	0.0000	0.0000	0.0000	0.0000	0.0000	0.0000	0.0000	0.0000	0.7653	1.1041	0.0000	0.9437	0.9699	0.0000	0.0000	0.0000	0.0000	0.0000	0.0000	-0.0016	0.0002	3.9994	2.9297	4.0000	0.0000	0.0000	0.0000	0.0000	0.0000	0.0000	0.0000	0.0000	0.0000	0.0030	0.0030	0.0000	0.0030	0.0030	0.0000	0.0000	0.0000	0.0000	0.0001	0.0001	0.0000	0.0000	0.0000	0.0000	0.0000	0.0000	0.0000	0.1296	0.0830	0.0466	0.0481	0.0425	0.0057	0.0814	0.0405	0.0409	0.0000	0.0000	0.0000	0.0000	0.0000	0.0000	0.0000	0.0000	0.0000	0.0231	0.0360	0.0000	0.0621	0.0704	0.0000	0.0000	0.0000	0.0000						
77	98	0.6135	7	0	0	0	1	0	0	0	0	N	N	N	N	N	N	N	N	N	N	N	N	0.0000	0.0000	0.0000	0.0000	0.0000	0.0000	0.0000	0.0000	0.0000	0.0000	0.0000	0.0000	0.0000	0.0000	0.0000	0.0000	0.0000	0.0000	0.0000	0.0000	0.0002	1.0000	2.9297	0.0000	0.0000	0.0000	0.0000	0.0000	0.0000	0.0000	0.0000	0.0000	0.0000	0.0000	0.0000	0.0000	0.0000	0.0000	0.0000	0.0000	0.0000	0.0000	0.0000	0.0000	0.0000	0.0000	0.0000	0.0000	0.0000	0.0000	0.0000	0.0048	0.0024	0.0023	0.0017	0.0015	0.0003	0.0030	0.0010	0.0021	0.0000	0.0000	0.0000	0.0000	0.0000	0.0000	0.0000	0.0000	0.0000	0.0000	0.0000	0.0000	0.0000	0.0000	0.0000	0.0000	0.0000	0.0000											
77	99	0.1684	5	0	0	0	1	0	0	0	0	N	N	N	N	N	N	N	N	N	N	N	N	0.4752	0.4159	0.0000	0.5198	0.6068	0.0000	4.3054	0.8934	0.0000	1.0607	1.2537	0.0000	2.5499	2.9706	0.0000	0.0003	0.0003	0.0000	2.2321	3.0147	0.0000	4.9058	4.8959	0.0000	0.0001	0.0003	0.0000	0.0000	0.0000	-0.0000	-0.1842	0.0002	1.5982	2.9297	11.1970	0.0000	0.0000	0.0000	0.0000	0.0000	0.0000	0.0000	0.0000	0.0000	0.3529	0.3529	0.0000	0.3529	0.3529	0.0000	0.0000	0.0000	0.0000	0.0000	0.0000	0.0000	0.0000	0.0000	0.0000	0.0000	0.0000	0.0000	0.3895	0.2326	0.1569	0.1819	0.1718	0.0101	0.2076	0.0608	0.1468	1.1707	0.8262	0.0000	1.3146	1.4461	0.0000	8.7514	206.0439	0.0000	0.9060	1.5174	0.0000	1.9397	2.0542	0.0000	0.0000	0.0000	0.0000
77	100	0.1164	7	1	1	1	1	0	0	0	0	N	N	N	N	N	N	N	N	N	N	N	N	0.0000	0.0000	0.0000	0.0000	0.0000	0.0000	0.0000	0.0000	0.0000	0.0000	0.0000	0.0000	0.0000	0.0000	0.0000	0.0000	0.0000	0.0000	0.0000	0.0000	0.0000	0.0000	inf	0.0000	0.0000	0.0002	0.0000	2.9297	0.9982	0.0000	0.0000	0.0000	0.0000	0.0000	0.0000	0.0000	0.0000	0.0000	0.0000	0.0000	0.0000	0.0000	0.0000	0.0000	0.0000	0.0000	0.0000	0.0000	0.0000	0.0000	0.0000	0.0000	0.0000	0.0000	0.0000	0.0000	0.0116	0.0075	0.0042	0.0037	0.0036	0.0000	0.0080	0.0038	0.0041	0.0000	0.0000	0.0000	0.0000	0.0000	0.0000	0.0000	0.0000	0.0000	0.0000	0.0000	0.0000	0.0000	0.0000	0.0000	0.0000	0.0000	0.0000						
77	101	0.6482	10	1	1	1	1	0	0	0	0	N	N	N	N	N	N	N	N	N	N	N	N	0.0000	0.0000	0.0000	0.0000	0.0000	0.0000	0.0000	0.0000	0.0000	0.0000	0.0000	0.0000	0.0000	0.0000	0.0000	0.0000	0.0000	0.0000	0.0000	0.0000	0.0002	0.0000	2.9297	0.0000	0.0000	0.0000	0.0000	0.0000	0.0000	0.0000	0.0000	0.0000	0.0000	0.0000	0.0000	0.0000	0.0000	0.0000	0.0000	0.0000	0.0000	0.0000	0.0000	0.0000	0.0000	0.0000	0.0000	0.0000	0.0000	0.0000	0.0000	0.0000	0.0000	0.0000	0.0000	0.0000	0.0000	0.0000	0.0000	0.0000	0.0000	0.0000	0.0000	0.0000	0.0000	0.0000	0.0000	0.0000	0.0000	0.0000	0.0000	0.0000	0.0000	0.0000	0.0000	0.0000	0.0000	0.0000											
77	102	0.6482	9	1	0	1	1	0	0	0	0	N	N	N	N	N	N	N	N	N	N	N	N	0.0000	0.0000	0.0000	0.0000	0.0000	0.0000	0.0000	0.0000	0.0000	0.0000	0.0000	0.0000	0.0000	0.0000	0.0000	0.0000	0.0000	0.0000	0.0000	0.0000	0.0002	0.0000	2.9297	0.0000	0.0000	0.0000	0.0000	0.0000	0.0000	0.0000	0.0000	0.0000	0.0000	0.0000	0.0000	0.0000	0.0000	0.0000	0.0000	0.0000	0.0000	0.0000	0.0000	0.0000	0.0000	0.0000	0.0000	0.0000	0.0000	0.0000	0.0000	0.0000	0.0000	0.0000	0.0000	0.0000	0.0000	0.0000	0.0000	0.0000	0.0000	0.0000	0.0000	0.0000	0.0000	0.0000	0.0000	0.0000	0.0000	0.0000	0.0000	0.0000	0.0000	0.0000	0.0000	0.0000	0.0000	0.0000											
77	103	0.6421	8	1	0	1	1	0	0	0	0	N	N	N	N	N	N	N	N	N	N	N	N	0.0000	0.0000	0.0000	0.0000	0.0000	0.0000	0.0000	0.0000	0.0000	0.0000	0.0000	0.0000	0.0000	0.0000	0.0000	0.0000	0.0000	0.0000	0.0000	0.0000	0.0002	0.0000	2.9297	1.0091	0.0000	0.0000	0.0000	0.0000	0.0000	0.0000	0.0000	0.0000	0.0000	0.0000	0.0000	0.0000	0.0000	0.0000	0.0000	0.0000	0.0000	0.0000	0.0000	0.0000	0.0000	0.0000	0.0000	0.0000	0.0000	0.0000	0.0000	0.0120	0.0074	0.0045	0.0081	0.0065	0.0016	0.0039	0.0010	0.0029	0.0000	0.0000	0.0000	0.0000	0.0000	0.0000	0.0000	0.0000	0.0000	0.0000	0.0000	0.0000	0.0000	0.0000	0.0000	0.0000	0.0000	0.0000											
77	104	0.0574	4	0	1	0	1	0	0	0	0	N	N	N	N	N	N	N	N	N	N	N	N	0.0000	0.0000	0.0000	0.0000	0.0000	0.0000	0.0000	0.0000	0.0000	0.0000	0.0000	0.0000	0.0000	0.6331	0.9007	0.0000	0.6824	0.6838	0.0000	0.0000	0.0000	0.0000	0.0000	0.0000	-0.0015	0.0002	7.9994	2.9297	4.0001	0.0000	0.0000	0.0000	0.0000	0.0000	0.0000	0.0000	0.0000	0.0000	0.0029	0.0029	0.0000	0.0029	0.0029	0.0000	0.0000	0.0000	0.0000	0.0001	0.0001	0.0000	0.0000	0.0000	0.0000	0.0001	0.0001	0.0000	0.1824	0.1166	0.0658	0.0664	0.0590	0.0074	0.1160	0.0577	0.0584	0.0000	0.0000	0.0000	0.0000	0.0000	0.0000	0.0000	0.0000	0.0000	0.0161	0.0251	0.0000	0.0441	0.0497	0.0000	0.0000	0.0000	0.0000						
77	105	0.1198	8	1	0	1	1	0	0	0	0	N	N	N	N	N	N	N	N	N	N	N	N	0.0000	0.0000	0.0000	0.0000	0.0000	0.0000	0.0000	0.0000	0.0000	0.0000	0.0000	0.0000	0.0000	0.0000	0.0000	0.0000	0.0000	0.0000	0.0175	0.0259	0.0000	0.0274	0.0245	0.0001	0.0000	0.0011	0.0000	0.0020	0.0000	-0.0000	0.0002	1.0000	2.9297	1.0005	0.0000	0.0000	0.0000	0.0000	0.0000	0.0000	0.0000	0.0000	0.0000	0.0000	0.0000	0.0000	0.0000	0.0000	0.0000	0.0000	0.0000	0.0000	0.0000	0.0000	0.0000	0.0000	0.0000	0.0000	0.0000	0.0000	0.0000	0.0231	0.0148	0.0083	0.0073	0.0072	0.0001	0.0158	0.0076	0.0082	0.0000	0.0000	0.0000	0.0000	0.0000	0.0000	0.0000	0.0000	0.0000	0.0017	0.0027	0.0000	0.0055	0.0055	0.0001	0.0000	0.0000	0.0000	
77	106	0.1164	7	1	0	1	1	0	0	0	0	N	N	N	N	N	N	N	N	N	N	N	N	0.0000	0.0000	0.0000	0.0000	0.0000	0.0000	0.0000	0.0000	0.0000	0.0000	0.0000	0.0000	0.0000	0.0000	0.0000	0.0000	0.0000	0.0000	0.0836	0.0291	0.0046	0.0006	0.0005	0.0001	0.0380	0.2983	0.0044	0.8731	-0.0000	-0.0000	0.0002	0.7249	2.9297	0.0368	0.0000	0.0000	0.0000	0.0000	0.0000	0.0000	0.0000	0.0000	0.0000	0.0000	0.0000	0.0000	0.0000	0.0000	0.0000	0.0000	0.0000	0.0000	0.0000	0.0000	0.0000	0.0000	0.0000	0.0000	0.0000	0.0000	0.0000	0.0089	0.0057	0.0032	0.0028	0.0028	0.0000	0.0061	0.0029	0.0032	0.0000	0.0000	0.0000	0.0000	0.0000	0.0000	0.0000	0.0000	0.0000	0.0034	0.0028	0.0044	0.0001	0.0001	0.0001	0.0049	0.0054	0.0044	
77	107	0.1149	6	1	0	1	1	0	0	0	0	N	N	N	N	N	N	N	N	N	N	N	N	0.0000	0.0000	0.0000	0.0000	0.0000	0.0000	0.0000	0.0000	0.0000	0.0000	0.0000	0.0000	0.0000	0.0000	0.0000	0.0000	0.0000	0.0289	0.0438	0.0000	0.0461	0.0378	0.0004	0.0000	0.0000	0.0000	0.0040	0.0000	-0.0000	0.0002	0.4159	2.9297	0.0887	0.0000	0.0000	0.0000	0.0000	0.0000	0.0000	0.0000	0.0000	0.0000	0.0000	0.0000	0.0000	0.0000	0.0000	0.0000	0.0000	0.0000	0.0000	0.0000	0.0000	0.0000	0.0000	0.0000	0.0000	0.0000	0.0000	0.0000	0.0062	0.0040	0.0022	0.0020	0.0020	0.0000	0.0042	0.0020	0.0022	0.0000	0.0000	0.0000	0.0000	0.0000	0.0000	0.0000	0.0000	0.0000	0.0023	0.0035	0.0000	0.0070	0.0071	0.0004	0.0000	0.0000	0.0000		
77	108	0.0986	5	1	0	0	1	0	0	0	0	N	N	N	N	N	N	N	N	N	N	N	N	0.1570	0.0000	1.2117	0.9178	0.0000	289.5288	0.1146	0.3537	0.0001	0.0000	0.0008	0.0001	0.0000	0.0040	0.0000	0.0000	0.0002	0.0006	0.0001	0.0006	0.0002	0.0001	0.0000	0.0004	0.0000	0.0007	inf	248.9504	0.0000	0.0000	0.0002	3.9943	2.9297	0.9974	0.0000	0.0000	0.0000	0.0000	0.0000	0.0000	0.0000	0.0000	0.0000	0.0000	0.0000	0.0000	0.0000	0.0000	0.0000	0.0000	0.0000	0.0000	0.0001	0.0001	0.0000	0.0000	0.0000	0.0000	0.0000	0.0000	0.0000	0.0577	0.0361	0.0215	0.0173	0.0172	0.0001	0.0404	0.0190	0.0214	0.3782	0.0000	1.2117	41.2320	0.0000	289.5288	0.1309	0.0000	0.3537	0.0002	0.0000	0.0006	0.0000	0.0000	0.0000	0.0003	0.0000	0.0007	
77	109	0.6421	8	1	0	1	1	0	0	0	0	N	N	N	N	N	N	N	N	N	N	N	N	0.0000	0.0000	0.0000	0.0000	0.0000	0.0000	0.0000	0.0000	0.0000	0.0000	0.0000	0.0000	0.0000	0.0000	0.0000	0.0000	0.0000	0.0000	0.0000	0.0000	0.0002	0.0000	2.9297	0.9909	0.0000	0.0000	0.0000	0.0000	0.0000	0.0000	0.0000	0.0000	0.0000	0.0000	0.0000	0.0000	0.0000	0.0000	0.0000	0.0000	0.0000	0.0000	0.0000	0.0000	0.0000	0.0000	0.0000	0.0000	0.0000	0.0000	0.0000	0.0118	0.0073	0.0045	0.0080	0.0063	0.0016	0.0038	0.0010	0.0028	0.0000	0.0000	0.0000	0.0000	0.0000	0.0000	0.0000	0.0000	0.0000	0.0000	0.0000	0.0000	0.0000	0.0000	0.0000	0.0000	0.0000	0.0000											
77	110	0.6135	7	1	0	1	1	0	0	0	0	N	N	N	N	N	N	N	N	N	N	N	N	0.0000	0.0000	0.0000	0.0000	0.0000	0.0000	0.0000	0.0000	0.0000	0.0000	0.0000	0.0000	0.0000	0.0000	0.0000	0.0000	0.0000	0.0000	0.0000	0.0000	0.0002	4.0000	2.9297	0.0000	0.0000	0.0000	0.0000	0.0000	0.0000	0.0000	0.0000	0.0000	0.0000	0.0000	0.0000	0.0000	0.0000	0.0000	0.0000	0.0000	0.0000	0.0000	0.0000	0.0000	0.0000	0.0000	0.0000	0.0000	0.0000	0.0000	0.0000	0.0101	0.0052	0.0049	0.0037	0.0031	0.0006	0.0064	0.0020	0.0044	0.0000	0.0000	0.0000	0.0000	0.0000	0.0000	0.0000	0.0000	0.0000	0.0000	0.0000	0.0000	0.0000	0.0000	0.0000	0.0000	0.0000	0.0000											
77	112	0.1032	5	0	0	1	1	0	0	0	0	N	N	N	N	N	N	N	N	N	N	N	N	0.0000	0.0000	0.0000	0.0000	0.0000	0.0000	0.0000	0.0000	0.0000	0.0000	0.0000	0.0000	0.0000	0.0022	0.0025	0.0000	0.0031	0.0023	0.0000	0.0000	0.0000	0.0000	0.0000	0.0000	-0.0000	0.0002	0.0000	2.9297	0.0001	0.0000	0.0000	0.0000	0.0000	0.0000	0.0000	0.0000	0.0000	0.0000	0.0000	0.0000	0.0000	0.0000	0.0000	0.0000	0.0000	0.0000	0.0000	0.0000	0.0000	0.0000	0.0000	0.0000	0.0000	0.0000	0.0000	0.0000	0.0000	0.0000	0.0000	0.0000	0.0000	0.0000	0.0000	0.0000	0.0000	0.0000	0.0000	0.0000	0.0000	0.0000	0.0000	0.0000	0.0000	0.0000	0.0005	0.0007	0.0000	0.0012	0.0012	0.0000	0.0000	0.0000	0.0000						
77	113	0.0574	4	0	0	1	1	0	0	0	0	N	N	N	N	N	N	N	N	N	N	N	N	0.0000	0.0000	0.0000	0.0000	0.0000	0.0000	0.0000	0.0000	0.0000	0.0000	0.0000	0.0000	0.0000	0.0014	0.0023	0.0000	0.0030	0.0026	0.0000	0.0000	0.0000	0.0000	0.0000	0.0000	-0.0000	0.0002	4.0004	2.9297	4.9999	0.0000	0.0000	0.0000	0.0000	0.0000	0.0000	0.0000	0.0000	0.0000	0.0001	0.0001	0.0000	0.0001	0.0001	0.0000	0.0000	0.0000	0.0000	0.0001	0.0001	0.0000	0.0000	0.0000	0.0000	0.0000	0.0000	0.0000	0.1434	0.0918	0.0516	0.0530	0.0468	0.0062	0.0904	0.0450	0.0454	0.0000	0.0000	0.0000	0.0000	0.0000	0.0000	0.0000	0.0000	0.0000	0.0004	0.0007	0.0000	0.0011	0.0013	0.0000	0.0000	0.0000	0.0000						
77	114	0.6461	8	0	1	0	1	0	0	0	0	N	N	N	N	N	N	N	N	N	N	N	N	34.9221	103.1688	0.0000	140.8194	153.0558	0.0000	0.0000	0.0000	0.0643	0.0774	0.0000	0.1128	0.1194	0.0000	0.0000	0.0000	0.0000	0.0018	0.0008	0.0008	0.0008	0.0008	0.0000	0.0020	0.0000	0.0012	0.0000	1.5178	-0.0000	0.0000	0.0002	4.3361	2.9297	4.6323	0.0000	0.0000	0.0000	0.0000	0.0000	0.0000	0.0000	0.0000	0.0000	0.0000	0.0000	0.0000	0.0000	0.0000	0.0000	0.0000	0.0000	0.0000	0.0001	0.0001	0.0000	0.0000	0.0000	0.0000	0.0000	0.0000	0.0000	0.0956	0.0604	0.0352	0.0666	0.0532	0.0134	0.0290	0.0072	0.0218	136.0236	260.6552	0.0000	415.3103	353.9486	0.0000	0.0000	0.0000	0.0000	0.0005	0.0003	0.0008	0.0003	0.0003	0.0000	0.0009	0.0000	0.0012	
77	115	0.6135	7	0	0	0	1	0	0	0	0	N	N	N	N	N	N	N	N	N	N	N	N	0.0000	0.0000	0.0000	0.0000	0.0000	0.0000	0.0000	0.0000	0.0000	0.0000	0.0000	0.0000	0.0000	0.0001	0.0002	0.0000	0.0003	0.0003	0.0000	0.0000	0.0000	0.0000	0.0000	0.0000	-0.0000	0.0002	1.9840	2.9297	0.2610	0.0000	0.0000	0.0000	0.0000	0.0000	0.0000	0.0000	0.0000	0.0000	0.0000	0.0000	0.0000	0.0000	0.0000	0.0000	0.0000	0.0000	0.0000	0.0000	0.0000	0.0000	0.0000	0.0000	0.0000	0.0000	0.0000	0.0000	0.0058	0.0030	0.0028	0.0021	0.0018	0.0003	0.0037	0.0012	0.0025	0.0000	0.0000	0.0000	0.0000	0.0000	0.0000	0.0000	0.0000	0.0000	0.0000	0.0000	0.0000	0.0000	0.0000	0.0000	0.0000	0.0000	0.0000						
77	116	0.0574	4	0	1	0	2	0	0	0	0	N	N	N	Y	N	N	N	N	N	N	N	N	0.0000	0.0000	0.0000	0.0000	0.0000	0.0000	0.0000	0.0000	0.0000	0.0000	0.0000	0.0000	0.0000	0.0000	0.0000	0.0000	0.0000	0.0000	0.0000	0.0000	0.0002	5.0006	2.9297	2.0000	0.0000	0.0000	0.0000	0.0000	0.0000	0.0000	0.0000	0.0000	0.0000	0.0000	0.0000	0.0000	0.0000	0.0000	0.0000	0.0000	0.0000	0.0000	0.0001	0.0001	0.0000	0.0000	0.0000	0.0000	0.0001	0.0000	0.0000	0.1153	0.0739	0.0414	0.0431	0.0379	0.0051	0.0722	0.0360	0.0362	0.0000	0.0000	0.0000	0.0000	0.0000	0.0000	0.0000	0.0000	0.0000	0.0000	0.0000	0.0000	0.0000	0.0000	0.0000	0.0000	0.0000	0.0000											
77	117	0.6135	7	0	1	0	2	0	0	0	0	N	N	N	Y	N	N	N	N	N	N	N	N	0.0000	0.0000	0.0000	0.0000	0.0000	0.0000	0.0000	0.0000	0.0000	0.0000	0.0000	0.0000	0.0000	0.0000	0.0000	0.0000	0.0000	0.0000	0.0000	0.0000	0.0002	0.0000	2.9297	1.0000	0.0000	0.0000	0.0000	0.0000	0.0000	0.0000	0.0000	0.0000	0.0000	0.0000	0.0000	0.0000	0.0000	0.0000	0.0000	0.0000	0.0000	0.0000	0.0000	0.0000	0.0000	0.0000	0.0000	0.0000	0.0000	0.0000	0.0000	0.0036	0.0019	0.0018	0.0013	0.0011	0.0002	0.0023	0.0007	0.0016	0.0000	0.0000	0.0000	0.0000	0.0000	0.0000	0.0000	0.0000	0.0000	0.0000	0.0000	0.0000	0.0000	0.0000	0.0000	0.0000	0.0000	0.0000											
77	118	0.0574	4	0	1	0	1	0	0	0	0	N	N	N	N	N	N	N	N	N	N	N	N	1504.6439	958.0064	1880.5277	2079.4598	0.3958	0.4507	0.0000	1.5664	1.5749	0.0000	0.0000	0.0000	0.0000	0.0003	0.0005	0.0000	0.0008	0.0008	0.0000	0.0000	0.0000	0.0000	0.0000	0.0000	-0.0000	-0.0000	0.0002	16.9994	2.9297	6.0000	0.0001	0.0001	0.0000	0.0001	0.0001	0.0000	0.0000	0.0000	0.0000	0.0000	0.0000	0.0000	0.0000	0.0000	0.0000	0.0000	0.0000	0.0000	0.0002	0.0002	0.0000	0.0001	0.0001	0.0000	0.0002	0.0001	0.0000	0.2993	0.1905	0.1088	0.1041	0.0941	0.0099	0.1952	0.0964	0.0989	3949.3789	2862.3948	0.0000	5434.0966	4942.3607	0.0000	0.0000	0.0000	0.0000	0.0001	0.0002	0.0000	0.0003	0.0003	0.0000	0.0000	0.0000	0.0000					
77	119	0.6135	7	0	1	0	1	0	0	0	0	N	N	N	N	N	N	N	N	N	N	N	N	0.0000	0.0000	0.0000	0.0000	0.0000	0.0000	0.0000	0.0000	0.0000	0.0000	0.0000	0.0000	0.0000	0.0012	0.0028	0.0000	0.0026	0.0026	0.0000	0.0000	0.0000	0.0000	0.0000	0.0000	-0.0000	0.0002	5.0000	2.9297	6.0000	0.0000	0.0000	0.0000	0.0000	0.0000	0.0000	0.0000	0.0000	0.0000	0.0000	0.0000	0.0000	0.0000	0.0000	0.0000	0.0000	0.0000	0.0000	0.0000	0.0000	0.0000	0.0000	0.0000	0.0000	0.0000	0.0000	0.0000	0.0258	0.0133	0.0126	0.0096	0.0081	0.0015	0.0163	0.0051	0.0111	0.0000	0.0000	0.0000	0.0000	0.0000	0.0000	0.0000	0.0000	0.0000	0.0004	0.0008	0.0000	0.0010	0.0012	0.0000	0.0000	0.0000	0.0000						
77	120	0.6416	8	0	1	0	1	0	0	0	0	N	N	N	N	N	N	N	N	N	N	N	N	0.0000	0.0000	0.0000	0.0000	0.0000	0.0000	0.0000	0.0000	0.0000	0.0000	0.0000	0.0000	0.0000	0.0075	0.0130	0.0000	0.0064	0.0063	0.0000	0.0000	0.0000	0.0000	0.0000	0.0000	-0.0000	0.0002	0.9998	2.9297	0.9486	0.0000	0.0000	0.0000	0.0000	0.0000	0.0000	0.0000	0.0000	0.0000	0.0000	0.0000	0.0000	0.0000	0.0000	0.0000	0.0000	0.0000	0.0000	0.0000	0.0000	0.0000	0.0000	0.0000	0.0000	0.0000	0.0000	0.0000	0.0089	0.0049	0.0040	0.0042	0.0037	0.0005	0.0047	0.0012	0.0035	0.0000	0.0000	0.0000	0.0000	0.0000	0.0000	0.0000	0.0000	0.0000	0.0010	0.0019	0.0000	0.0022	0.0025	0.0000	0.0000	0.0000	0.0000						
77	121	0.6135	7	0	1	0	1	0	0	0	0	N	N	N	N	N	N	N	N	N	N	N	N	0.0000	0.0000	0.0000	0.0000	0.0000	0.0000	0.0000	0.0000	0.0000	0.0000	0.0000	0.0000	0.0000	0.0002	0.0004	0.0000	0.0005	0.0005	0.0000	0.0000	0.0000	0.0000	0.0000	0.0000	-0.0000	0.0002	3.0005	2.9297	1.1085	0.0000	0.0000	0.0000	0.0000	0.0000	0.0000	0.0000	0.0000	0.0000	0.0000	0.0000	0.0000	0.0000	0.0000	0.0000	0.0000	0.0000	0.0000	0.0000	0.0000	0.0000	0.0000	0.0000	0.0000	0.0000	0.0000	0.0000	0.0184	0.0095	0.0090	0.0068	0.0058	0.0010	0.0116	0.0037	0.0079	0.0000	0.0000	0.0000	0.0000	0.0000	0.0000	0.0000	0.0000	0.0000	0.0000	0.0001	0.0000	0.0001	0.0001	0.0000	0.0000	0.0000	0.0000						
77	122	0.0986	5	0	1	0	1	0	0	0	0	N	N	N	N	N	N	N	N	N	N	N	N	0.0000	0.0000	0.0003	0.0001	0.0000	0.0000	0.0002	0.0000	0.0015	0.0003	0.0000	0.0072	0.0001	0.0000	0.0004	13.6852	0.0000	37.7303	0.9253	0.0000	56.7277	19.5363	0.0000	42.1607	inf	inf	0.0000	0.3780	0.0002	2.0001	2.9297	3.0000	0.0000	0.0000	0.0000	0.0000	0.0000	0.0000	0.0000	0.0000	0.0000	0.7907	0.0000	0.7907	0.0010	0.0000	0.0010	0.7897	0.0000	0.7897	0.0000	0.0000	0.0000	0.0000	0.0000	0.0000	0.0000	0.0000	0.0000	0.0578	0.0362	0.0216	0.0174	0.0172	0.0001	0.0404	0.0190	0.0214	0.0000	0.0000	0.0000	0.0042	0.0000	0.0010	0.0000	0.0000	0.0000	13.6852	0.0000	36.6463	0.0599	0.0000	7.0880	19.5363	0.0000	36.8487			
77	123	0.0574	4	0	0	0	1	0	0	0	0	N	N	N	N	N	N	N	N	N	N	N	N	0.0001	0.0001	0.0003	0.0003	0.0001	0.0001	0.0000	0.0002	0.0002	0.0000	0.0000	0.0000	0.0000	0.6994	1.0382	0.0000	0.8636	0.8569	0.0000	0.0000	0.0000	0.0000	0.0000	0.0000	-0.0000	-0.0015	0.0002	6.9986	2.9297	2.0000	0.0000	0.0000	0.0000	0.0000	0.0000	0.0000	0.0000	0.0000	0.0000	0.0029	0.0029	0.0000	0.0029	0.0029	0.0000	0.0000	0.0000	0.0000	0.0001	0.0001	0.0000	0.0000	0.0000	0.0000	0.0001	0.0001	0.0000	0.1434	0.0918	0.0516	0.0530	0.0468	0.0062	0.0904	0.0450	0.0454	0.0025	0.0018	0.0000	0.0040	0.0035	0.0000	0.0000	0.0000	0.0000	0.0204	0.0319	0.0000	0.0553	0.0626	0.0000	0.0000	0.0000	0.0000					
77	124	0.6470	8	0	1	0	1	0	0	0	0	N	N	N	N	N	N	N	N	N	N	N	N	0.0000	0.0000	0.0000	0.0000	0.0000	0.0000	0.0000	0.0000	0.0000	0.0000	0.0000	0.0000	0.0000	0.0001	0.0000	0.0000	0.0000	0.0000	0.0000	0.0000	0.0000	0.0000	inf	0.0000	0.0000	0.0002	3.9006	2.9297	3.1543	0.0000	0.0000	0.0000	0.0000	0.0000	0.0000	0.0000	0.0000	0.0000	0.0000	0.0000	0.0000	0.0000	0.0000	0.0000	0.0000	0.0000	0.0000	0.0000	0.0000	0.0000	0.0000	0.0000	0.0000	0.0000	0.0000	0.0000	0.0313	0.0169	0.0144	0.0125	0.0107	0.0019	0.0188	0.0062	0.0126	0.0000	0.0000	0.0000	0.0000	0.0000	0.0000	0.0000	0.0000	0.0000	0.0000	0.0000	0.0000	0.0000	0.0000	0.0000	0.0000	0.0000	0.0000						
77	125	0.6135	7	0	1	0	1	0	0	0	0	N	N	N	N	N	N	N	N	N	N	N	N	0.0000	0.0000	0.0000	0.0000	0.0000	0.0000	0.0000	0.0000	0.0000	0.0000	0.0000	0.0000	0.0000	0.0001	0.0002	0.0000	0.0003	0.0002	0.0000	0.0000	0.0000	0.0000	0.0000	0.0000	-0.0000	0.0002	1.6924	2.9297	1.9110	0.0000	0.0000	0.0000	0.0000	0.0000	0.0000	0.0000	0.0000	0.0000	0.0000	0.0000	0.0000	0.0000	0.0000	0.0000	0.0000	0.0000	0.0000	0.0000	0.0000	0.0000	0.0000	0.0000	0.0000	0.0000	0.0000	0.0000	0.0163	0.0084	0.0079	0.0060	0.0051	0.0009	0.0103	0.0033	0.0070	0.0000	0.0000	0.0000	0.0000	0.0000	0.0000	0.0000	0.0000	0.0000	0.0000	0.0000	0.0000	0.0000	0.0000	0.0000	0.0000	0.0000	0.0000						
77	126	0.0574	4	0	1	0	1	0	0	0	0	N	N	N	N	N	N	N	N	N	N	N	N	0.0000	0.0000	0.0000	0.0000	0.0000	0.0000	0.0000	0.0000	0.0000	0.0000	0.0000	0.0000	0.0000	0.6988	1.0379	0.0000	0.8562	0.8487	0.0000	0.0000	0.0000	0.0000	0.0000	0.0000	-0.0015	0.0002	0.9996	2.9297	8.0005	0.0000	0.0000	0.0000	0.0000	0.0000	0.0000	0.0000	0.0000	0.0000	0.0029	0.0029	0.0000	0.0029	0.0029	0.0000	0.0000	0.0000	0.0000	0.0000	0.0000	0.0000	0.0000	0.0000	0.0000	0.0000	0.0000	0.0000	0.1434	0.0918	0.0516	0.0530	0.0468	0.0062	0.0904	0.0450	0.0454	0.0000	0.0000	0.0000	0.0000	0.0000	0.0000	0.0000	0.0000	0.0000	0.0204	0.0319	0.0000	0.0553	0.0626	0.0000	0.0000	0.0000	0.0000						
77	127	0.1847	6	0	0	0	1	0	0	0	0	N	N	N	N	N	N	N	N	N	N	N	N	0.0358	1.8895	0.0001	6.0536	9.6333	0.0608	0.0001	0.0414	0.0002	0.0647	0.0752	0.0008	0.1771	0.1957	0.0016	0.0002	0.0001	0.0006	1.8058	0.0398	6.1025	0.0293	0.0203	0.0262	2.1544	0.0029	2.6251	0.0018	168.8473	-0.0000	0.0564	0.0002	3.6536	2.9297	12.3970	0.0000	0.0000	0.0000	0.0000	0.0000	0.0000	0.0000	0.0000	0.0000	0.1194	0.0007	0.1187	0.0008	0.0007	0.0001	0.1185	0.0000	0.1185	0.0001	0.0001	0.0000	0.0000	0.0000	0.0000	0.0000	0.0000	0.0000	0.3317	0.2079	0.1238	0.1483	0.1376	0.0107	0.1834	0.0703	0.1131	0.1799	22.2405	0.0009	31.6043	38.7526	0.1252	0.0003	1.0961	0.0006	0.3598	0.0034	0.9582	0.0056	0.0050	0.0127	0.6463	0.0001	1.0477
77	128	0.3631	6	0	0	0	1	0	0	0	0	N	N	N	N	N	N	N	N	N	N	N	N	0.0275	0.0418	0.0009	0.0350	0.7928	0.0007	0.0005	0.0000	0.0012	0.0640	0.0731	0.0104	0.1353	0.1413	0.0315	0.0013	0.0000	0.0059	2.3301	1.7486	11.3234	3.8607	0.1782	48.0030	2.4591	3.8497	4.9775	0.0240	10.2557	-0.0000	0.2162	0.0002	5.3495	2.9297	12.4099	0.0000	0.0000	0.0000	0.0000	0.0000	0.0000	0.0000	0.0000	0.0000	0.5554	0.0493	0.5061	0.3468	0.0040	0.3428	0.2086	0.0454	0.1633	0.0001	0.0001	0.0000	0.0000	0.0000	0.0000	0.0001	0.0000	0.0000	0.5357	0.3629	0.1729	0.3470	0.2775	0.0695	0.1887	0.0854	0.1033	0.0617	0.5378	0.0035	0.1354	9.8378	0.0064	0.0012	0.0000	0.0037	1.0367	0.1360	2.9275	0.9994	0.0144	4.9312	1.1054	0.5312	1.5799
77	129	0.1688	10	0	1	0	2	0	0	0	0	N	N	N	Y	N	N	N	N	N	N	N	N	0.0000	0.0000	0.0000	0.0000	0.0000	0.0000	0.0000	0.0000	0.0000	0.0000	0.0000	0.0000	0.0000	0.0000	0.0000	0.0000	0.0000	0.0000	0.0000	0.0000	0.0002	0.0000	2.9297	0.0000	0.0000	0.0000	0.0000	0.0000	0.0000	0.0000	0.0000	0.0000	0.0000	0.0000	0.0000	0.0000	0.0000	0.0000	0.0000	0.0000	0.0000	0.0000	0.0000	0.0000	0.0000	0.0000	0.0000	0.0000	0.0000	0.0000	0.0000	0.0000	0.0000	0.0000	0.0000	0.0000	0.0000	0.0000	0.0000	0.0000	0.0000	0.0000	0.0000	0.0000	0.0000	0.0000	0.0000	0.0000	0.0000	0.0000	0.0000	0.0000	0.0000	0.0000	0.0000	0.0000	0.0000	0.0000											
77	130	0.1525	9	0	1	0	2	0	0	0	0	N	N	N	Y	N	N	N	N	N	N	N	N	0.0000	0.0000	0.0000	0.0000	0.0000	0.0000	0.0000	0.0000	0.0000	0.0000	0.0000	0.0000	0.0000	0.0008	0.0000	0.0008	0.0000	0.0000	0.0000	0.0005	0.0000	0.0008	inf	0.0000	0.0000	0.0002	0.0000	2.9297	3.0001	0.0000	0.0000	0.0000	0.0000	0.0000	0.0000	0.0000	0.0000	0.0000	0.0000	0.0000	0.0000	0.0000	0.0000	0.0000	0.0000	0.0000	0.0000	0.0000	0.0000	0.0000	0.0000	0.0000	0.0000	0.0000	0.0000	0.0000	0.0324	0.0205	0.0119	0.0107	0.0106	0.0001	0.0217	0.0099	0.0118	0.0000	0.0000	0.0000	0.0000	0.0000	0.0000	0.0000	0.0000	0.0000	0.0003	0.0000	0.0008	0.0000	0.0000	0.0000	0.0005	0.0000	0.0008						
77	131	0.1429	8	0	1	0	1	0	0	0	0	N	N	N	N	N	N	N	N	N	N	N	N	0.0000	0.0000	0.0000	0.0000	0.0000	0.0000	0.0000	0.0000	0.0000	0.0000	0.0000	0.0000	0.0000	0.0000	0.0000	0.0000	0.0000	0.0000	0.0000	0.0000	0.0002	0.0000	2.9297	0.0000	0.0000	0.0000	0.0000	0.0000	0.0000	0.0000	0.0000	0.0000	0.0000	0.0000	0.0000	0.0000	0.0000	0.0000	0.0000	0.0000	0.0000	0.0000	0.0000	0.0000	0.0000	0.0000	0.0000	0.0000	0.0000	0.0000	0.0000	0.0000	0.0000	0.0000	0.0000	0.0000	0.0000	0.0000	0.0000	0.0000	0.0000	0.0000	0.0000	0.0000	0.0000	0.0000	0.0000	0.0000	0.0000	0.0000	0.0000	0.0000	0.0000	0.0000	0.0000	0.0000	0.0000	0.0000											
77	132	0.1525	9	0	0	1	2	0	0	0	0	N	N	N	Y	N	N	N	N	N	N	N	N	0.0000	0.0000	0.0000	0.0000	0.0000	0.0000	0.0000	0.0000	0.0000	0.0000	0.0000	0.0000	0.0000	0.0000	0.0000	0.0000	0.0000	0.0000	0.0000	-0.0000	0.0002	0.0000	2.9297	1.9999	0.0000	0.0000	0.0000	0.0000	0.0000	0.0000	0.0000	0.0000	0.0000	0.0000	0.0000	0.0000	0.0000	0.0000	0.0000	0.0000	0.0000	0.0000	0.0000	0.0000	0.0000	0.0000	0.0000	0.0000	0.0000	0.0000	0.0000	0.0218	0.0138	0.0080	0.0072	0.0071	0.0001	0.0146	0.0066	0.0080	0.0000	0.0000	0.0000	0.0000	0.0000	0.0000	0.0000	0.0000	0.0000	0.0000	0.0000	0.0000	0.0000	0.0000	0.0000	0.0000	0.0000	0.0000											
77	133	0.1636	10	0	0	1	2	0	0	0	0	N	N	N	Y	N	N	N	N	N	N	N	N	0.0000	0.0000	0.0000	0.0000	0.0000	0.0000	0.0000	0.0000	0.0000	0.0000	0.0000	0.0000	0.0000	0.0000	0.0000	0.0000	0.0000	0.0000	0.0000	0.0000	0.0002	1.0000	2.9297	0.0000	0.0000	0.0000	0.0000	0.0000	0.0000	0.0000	0.0000	0.0000	0.0000	0.0000	0.0000	0.0000	0.0000	0.0000	0.0000	0.0000	0.0000	0.0000	0.0000	0.0000	0.0000	0.0000	0.0000	0.0000	0.0000	0.0000	0.0000	0.0107	0.0068	0.0039	0.0036	0.0036	0.0000	0.0071	0.0032	0.0039	0.0000	0.0000	0.0000	0.0000	0.0000	0.0000	0.0000	0.0000	0.0000	0.0000	0.0000	0.0000	0.0000	0.0000	0.0000	0.0000	0.0000	0.0000											
77	134	0.1636	10	0	0	1	2	0	0	0	0	N	N	N	Y	N	N	N	N	N	N	N	N	0.0000	0.0000	0.0000	0.0000	0.0000	0.0000	0.0000	0.0000	0.0000	0.0000	0.0000	0.0000	0.0000	0.0000	0.0000	0.0000	0.0000	0.0000	0.0000	0.0000	0.0002	0.0000	2.9297	0.0000	0.0000	0.0000	0.0000	0.0000	0.0000	0.0000	0.0000	0.0000	0.0000	0.0000	0.0000	0.0000	0.0000	0.0000	0.0000	0.0000	0.0000	0.0000	0.0000	0.0000	0.0000	0.0000	0.0000	0.0000	0.0000	0.0000	0.0000	0.0000	0.0000	0.0000	0.0000	0.0000	0.0000	0.0000	0.0000	0.0000	0.0000	0.0000	0.0000	0.0000	0.0000	0.0000	0.0000	0.0000	0.0000	0.0000	0.0000	0.0000	0.0000	0.0000	0.0000	0.0000	0.0000	0.0000											
77	135	0.1525	9	0	0	1	2	0	0	0	0	N	N	N	Y	N	N	N	N	N	N	N	N	0.0000	0.0000	0.0000	0.0000	0.0000	0.0000	0.0000	0.0000	0.0000	0.0000	0.0000	0.0000	0.0000	0.0000	0.0000	0.0000	0.0000	0.0000	0.0000	0.0000	0.0002	2.0025	2.9297	0.9943	0.0000	0.0000	0.0000	0.0000	0.0000	0.0000	0.0000	0.0000	0.0000	0.0000	0.0000	0.0000	0.0000	0.0000	0.0000	0.0000	0.0000	0.0000	0.0000	0.0000	0.0000	0.0000	0.0000	0.0000	0.0000	0.0000	0.0000	0.0324	0.0205	0.0119	0.0107	0.0106	0.0001	0.0217	0.0099	0.0118	0.0000	0.0000	0.0000	0.0000	0.0000	0.0000	0.0000	0.0000	0.0000	0.0000	0.0000	0.0000	0.0000	0.0000	0.0000	0.0000	0.0000	0.0000											
77	136	0.1525	8	0	0	0	2	0	0	0	0	N	N	N	Y	N	N	N	N	N	N	N	N	0.0000	0.0000	0.0000	0.0000	0.0000	0.0000	0.0000	0.0000	0.0000	0.0000	0.0000	0.0000	0.0000	0.0001	0.0002	0.0000	0.0002	0.0002	0.0000	0.0000	0.0000	0.0000	0.2500	0.0000	-0.0000	0.0002	0.0050	2.9297	0.0173	0.0000	0.0000	0.0000	0.0000	0.0000	0.0000	0.0000	0.0000	0.0000	0.0000	0.0000	0.0000	0.0000	0.0000	0.0000	0.0000	0.0000	0.0000	0.0000	0.0000	0.0000	0.0000	0.0000	0.0000	0.0000	0.0000	0.0000	0.0002	0.0002	0.0001	0.0001	0.0001	0.0000	0.0002	0.0001	0.0001	0.0000	0.0000	0.0000	0.0000	0.0000	0.0000	0.0000	0.0000	0.0000	0.0000	0.0000	0.0000	0.0000	0.0000	0.0000	0.0000	0.0000	0.0000						
77	137	0.1429	7	0	0	0	2	0	0	0	0	N	N	N	Y	N	N	N	N	N	N	N	N	0.0000	0.0000	0.0000	0.0000	0.0000	0.0000	0.0000	0.0000	0.0000	0.0000	0.0000	0.0000	0.0000	0.0009	0.0015	0.0000	0.0022	0.0017	0.0000	0.0000	0.0000	0.0000	0.0000	0.0000	-0.0000	0.0002	1.9972	2.9297	1.0076	0.0000	0.0000	0.0000	0.0000	0.0000	0.0000	0.0000	0.0000	0.0000	0.0000	0.0000	0.0000	0.0000	0.0000	0.0000	0.0000	0.0000	0.0000	0.0000	0.0000	0.0000	0.0000	0.0000	0.0000	0.0000	0.0000	0.0000	0.0318	0.0202	0.0116	0.0107	0.0106	0.0001	0.0210	0.0096	0.0115	0.0000	0.0000	0.0000	0.0000	0.0000	0.0000	0.0000	0.0000	0.0000	0.0003	0.0005	0.0000	0.0009	0.0009	0.0000	0.0000	0.0000	0.0000						
77	138	0.1256	6	1	1	0	1	0	0	0	0	N	N	N	N	N	N	N	N	N	N	N	N	0.8584	0.0000	16889.3868	0.7805	0.0000	3766.5617	2479.0007	0.0000	13492.9028	0.1986	0.0000	0.6290	0.1768	0.0000	0.9871	0.2304	0.0000	0.4473	0.2314	0.4138	0.0000	0.2265	0.2204	0.0003	0.0001	0.0024	0.0000	inf	0.0023	0.0000	-0.0001	0.0002	0.0002	2.9297	2.3255	0.0000	0.0000	0.0000	0.0000	0.0000	0.0000	0.0000	0.0000	0.0000	0.0002	0.0002	0.0000	0.0002	0.0002	0.0000	0.0000	0.0000	0.0000	0.0000	0.0000	0.0000	0.0000	0.0000	0.0000	0.0000	0.0000	0.0000	0.0311	0.0205	0.0106	0.0109	0.0107	0.0002	0.0202	0.0097	0.0104	35.8110	0.0000	16889.3868	11.2698	0.0000	3766.5617	4043.2255	0.0000	13492.9028	0.0055	0.0084	0.0000	0.0157	0.0160	0.0003	0.0001	0.0001	0.0000
77	139	0.1078	5	1	1	0	1	0	0	0	0	N	N	N	N	N	N	N	N	N	N	N	N	0.0023	0.0049	0.0000	0.0643	0.0763	0.0000	0.0000	0.0000	0.0000	0.0002	0.0002	0.0000	0.0004	0.0004	0.0000	0.0000	0.0000	0.0000	0.0660	0.0325	0.0034	0.0055	0.0046	0.0003	0.0273	0.1680	0.0034	0.0755	0.6209	-0.0000	-0.0000	0.0002	2.0138	2.9297	2.7349	0.0000	0.0000	0.0000	0.0000	0.0000	0.0000	0.0000	0.0000	0.0000	0.0002	0.0001	0.0001	0.0000	0.0000	0.0000	0.0002	0.0001	0.0001	0.0000	0.0000	0.0000	0.0000	0.0000	0.0000	0.0000	0.0000	0.0000	0.0695	0.0444	0.0251	0.0242	0.0237	0.0005	0.0453	0.0207	0.0247	0.0488	0.0522	0.0000	0.1732	0.1686	0.0000	0.0000	0.0000	0.0000	0.0032	0.0031	0.0034	0.0021	0.0021	0.0003	0.0038	0.0042	0.0034
77	140	0.1243	6	0	1	0	1	0	0	0	0	N	N	N	N	N	N	N	N	N	N	N	N	0.0000	0.0000	0.0000	0.0000	0.0000	0.0000	0.0000	0.0000	0.0000	0.0000	0.0000	0.0000	0.0000	0.0000	0.0000	0.0000	0.0000	0.0001	0.0002	0.0000	0.0004	0.0003	0.0000	0.0000	0.0000	0.0000	0.1081	0.0000	-0.0000	0.0002	1.9232	2.9297	1.1116	0.0000	0.0000	0.0000	0.0000	0.0000	0.0000	0.0000	0.0000	0.0000	0.0000	0.0000	0.0000	0.0000	0.0000	0.0000	0.0000	0.0000	0.0000	0.0000	0.0000	0.0000	0.0000	0.0000	0.0000	0.0000	0.0000	0.0000	0.0354	0.0226	0.0128	0.0120	0.0118	0.0002	0.0234	0.0108	0.0126	0.0000	0.0000	0.0000	0.0000	0.0000	0.0000	0.0000	0.0000	0.0000	0.0000	0.0000	0.0000	0.0000	0.0000	0.0000	0.0000	0.0000	0.0000		
77	141	0.6327	8	0	1	0	1	0	0	0	0	N	N	N	N	N	N	N	N	N	N	N	N	0.0000	0.0000	0.0000	0.0000	0.0000	0.0000	0.0000	0.0000	0.0000	0.0000	0.0000	0.0000	0.0000	0.0000	0.0000	0.0000	0.0000	0.0000	0.0000	0.0000	0.0002	3.0000	2.9297	1.0000	0.0000	0.0000	0.0000	0.0000	0.0000	0.0000	0.0000	0.0000	0.0000	0.0000	0.0000	0.0000	0.0000	0.0000	0.0000	0.0000	0.0000	0.0000	0.0000	0.0000	0.0000	0.0000	0.0000	0.0000	0.0000	0.0000	0.0000	0.0180	0.0092	0.0087	0.0067	0.0057	0.0010	0.0113	0.0036	0.0077	0.0000	0.0000	0.0000	0.0000	0.0000	0.0000	0.0000	0.0000	0.0000	0.0000	0.0000	0.0000	0.0000	0.0000	0.0000	0.0000	0.0000	0.0000											
77	142	0.6135	7	0	0	0	1	0	0	0	0	N	N	N	N	N	N	N	N	N	N	N	N	0.0000	0.0000	0.0000	0.0000	0.0000	0.0000	0.0000	0.0000	0.0000	0.0000	0.0000	0.0000	0.0000	0.0000	0.0000	0.0000	0.0000	0.0000	0.0000	0.0000	0.0002	1.0000	2.9297	1.0000	0.0000	0.0000	0.0000	0.0000	0.0000	0.0000	0.0000	0.0000	0.0000	0.0000	0.0000	0.0000	0.0000	0.0000	0.0000	0.0000	0.0000	0.0000	0.0000	0.0000	0.0000	0.0000	0.0000	0.0000	0.0000	0.0000	0.0000	0.0093	0.0048	0.0045	0.0034	0.0029	0.0005	0.0059	0.0019	0.0040	0.0000	0.0000	0.0000	0.0000	0.0000	0.0000	0.0000	0.0000	0.0000	0.0000	0.0000	0.0000	0.0000	0.0000	0.0000	0.0000	0.0000	0.0000											
77	143	0.3631	6	0	0	0	1	0	0	0	0	N	N	N	N	N	N	N	N	N	N	N	N	0.0000	0.0000	0.0000	0.0000	0.0000	0.0000	0.0000	0.0000	0.0000	0.0000	0.0000	0.0000	0.0000	0.0000	0.0000	0.0002	0.0000	0.0002	0.0001	0.0000	0.0000	0.0002	0.0000	0.0003	inf	0.0000	0.0000	0.0002	7.1211	2.9297	10.9474	0.0000	0.0000	0.0000	0.0000	0.0000	0.0000	0.0000	0.0000	0.0000	0.0000	0.0000	0.0000	0.0000	0.0000	0.0000	0.0000	0.0000	0.0000	0.0001	0.0001	0.0000	0.0001	0.0001	0.0000	0.0001	0.0001	0.0000	0.5371	0.3636	0.1735	0.3476	0.2781	0.0695	0.1895	0.0856	0.1039	0.0000	0.0000	0.0000	0.0000	0.0000	0.0000	0.0000	0.0000	0.0000	0.0001	0.0000	0.0002	0.0000	0.0000	0.0000	0.0002	0.0000	0.0003				
77	144	0.1684	5	0	0	0	1	0	0	0	0	N	N	N	N	N	N	N	N	N	N	N	N	0.0158	0.0098	0.0155	0.0938	0.0632	0.5650	0.0000	0.0000	0.0001	0.0546	0.0358	0.1785	0.1671	0.1013	1.2294	0.0001	0.0000	0.0006	3.4493	3.6468	11.5309	1.7811	1.6037	2.1760	5.9614	9.6914	10.9560	0.7535	0.5929	0.0000	-0.2645	0.0002	8.5175	2.9297	23.1696	0.0000	0.0000	0.0000	0.0000	0.0000	0.0000	0.0000	0.0000	0.0000	1.7674	1.1095	0.6579	0.0331	0.0266	0.0065	1.7343	1.0829	0.6514	0.0001	0.0001	0.0000	0.0000	0.0000	0.0000	0.0001	0.0001	0.0000	0.5124	0.3195	0.1929	0.2215	0.2077	0.0138	0.2909	0.1117	0.1792	0.0158	0.0103	0.0523	1.1196	0.7919	2.6097	0.0000	0.0000	0.0002	3.4493	3.4732	3.4098	0.1493	0.1280	0.4711	5.9614	9.6914	3.6353
77	145	0.1429	8	1	1	0	1	0	0	0	0	N	N	N	N	N	N	N	N	N	N	N	N	inf	inf	inf	inf	2.7630	3.1488	0.0000	5.4139	5.6725	0.0000	0.0000	0.0000	0.0000	0.0000	0.0000	0.0000	0.0000	0.0000	0.0000	0.0000	0.0000	0.0000	0.0000	-0.0000	0.0000	0.0002	1.0000	2.9297	1.0000	0.0000	0.0000	0.0000	0.0000	0.0000	0.0000	0.0000	0.0000	0.0000	0.0000	0.0000	0.0000	0.0000	0.0000	0.0000	0.0000	0.0000	0.0000	0.0000	0.0000	0.0000	0.0000	0.0000	0.0000	0.0000	0.0000	0.0000	0.0213	0.0135	0.0078	0.0072	0.0071	0.0001	0.0141	0.0064	0.0077	inf	inf	0.0000	inf	inf	0.0000	0.0000	0.0000	0.0000	0.0000	0.0000	0.0000	0.0000	0.0000	0.0000	0.0000	0.0000	0.0000						
77	146	0.1429	7	0	1	0	1	0	0	0	0	N	N	N	N	N	N	N	N	N	N	N	N	0.0000	0.0000	0.0000	0.0000	0.0000	0.0000	0.0000	0.0000	0.0000	0.0000	0.0000	0.0000	0.0000	0.0000	0.0000	0.0000	0.0000	0.0000	0.0000	0.0000	0.0002	0.0003	2.9297	0.0000	0.0000	0.0000	0.0000	0.0000	0.0000	0.0000	0.0000	0.0000	0.0000	0.0000	0.0000	0.0000	0.0000	0.0000	0.0000	0.0000	0.0000	0.0000	0.0000	0.0000	0.0000	0.0000	0.0000	0.0000	0.0000	0.0000	0.0000	0.0000	0.0000	0.0000	0.0000	0.0000	0.0000	0.0000	0.0000	0.0000	0.0000	0.0000	0.0000	0.0000	0.0000	0.0000	0.0000	0.0000	0.0000	0.0000	0.0000	0.0000	0.0000	0.0000	0.0000	0.0000	0.0000	0.0000											
77	147	0.1243	6	0	0	0	1	0	0	0	0	N	N	N	N	N	N	N	N	N	N	N	N	0.0000	0.0000	0.0000	0.0000	0.0000	0.0000	0.0000	0.0000	0.0000	0.0000	0.0000	0.0000	0.0000	0.0000	0.0000	0.0000	0.0000	0.0001	0.0002	0.0000	0.0003	0.0003	0.0000	0.0000	0.0000	0.0000	0.1081	0.0000	-0.0000	0.0002	4.9449	2.9297	1.0063	0.0000	0.0000	0.0000	0.0000	0.0000	0.0000	0.0000	0.0000	0.0000	0.0000	0.0000	0.0000	0.0000	0.0000	0.0000	0.0000	0.0000	0.0000	0.0001	0.0001	0.0000	0.0000	0.0000	0.0000	0.0000	0.0000	0.0000	0.0660	0.0421	0.0239	0.0220	0.0217	0.0003	0.0440	0.0204	0.0236	0.0000	0.0000	0.0000	0.0000	0.0000	0.0000	0.0000	0.0000	0.0000	0.0000	0.0000	0.0000	0.0000	0.0000	0.0000	0.0000	0.0000	0.0000		
77	148	0.1078	5	0	0	0	1	0	0	0	0	N	N	N	N	N	N	N	N	N	N	N	N	0.0000	0.0000	0.0000	0.0000	0.0000	0.0000	0.0000	0.0000	0.0000	0.0000	0.0000	0.0000	0.0000	0.0000	0.0000	0.0000	0.0000	0.0000	0.0027	0.0037	0.0001	0.0041	0.0035	0.0000	0.0001	0.0006	0.0001	0.0393	0.0000	-0.0000	0.0002	3.4778	2.9297	1.2917	0.0000	0.0000	0.0000	0.0000	0.0000	0.0000	0.0000	0.0000	0.0000	0.0000	0.0000	0.0000	0.0000	0.0000	0.0000	0.0000	0.0000	0.0000	0.0001	0.0000	0.0000	0.0000	0.0000	0.0000	0.0000	0.0000	0.0000	0.0698	0.0445	0.0252	0.0243	0.0238	0.0005	0.0455	0.0207	0.0247	0.0000	0.0000	0.0000	0.0000	0.0000	0.0000	0.0000	0.0000	0.0000	0.0006	0.0009	0.0001	0.0016	0.0016	0.0000	0.0000	0.0000	0.0001	
77	149	0.0574	4	0	0	0	1	0	0	0	0	N	N	N	N	N	N	N	N	N	N	N	N	0.0000	0.0000	0.0000	0.0000	0.0000	0.0000	0.0000	0.0000	0.0000	0.0000	0.0000	0.0000	0.0000	0.0000	0.0000	0.0000	0.0000	0.0000	0.6376	0.9175	0.0001	0.7030	0.6942	0.0000	0.0002	0.0033	0.0001	0.0024	-0.0000	-0.0015	0.0002	7.8050	2.9297	4.0035	0.0000	0.0000	0.0000	0.0000	0.0000	0.0000	0.0000	0.0000	0.0000	0.0029	0.0029	0.0000	0.0029	0.0029	0.0000	0.0000	0.0000	0.0000	0.0001	0.0001	0.0000	0.0000	0.0000	0.0000	0.0001	0.0001	0.0000	0.1801	0.1151	0.0650	0.0656	0.0582	0.0074	0.1145	0.0569	0.0576	0.0000	0.0000	0.0000	0.0000	0.0000	0.0000	0.0000	0.0000	0.0000	0.0163	0.0254	0.0001	0.0445	0.0501	0.0000	0.0001	0.0001	0.0001	
77	150	0.1847	6	0	0	0	1	0	0	0	0	N	N	N	N	N	N	N	N	N	N	N	N	0.0409	0.0000	0.0845	7.3435	0.0000	75.5691	0.0001	0.0000	0.0004	0.0738	0.0000	0.5258	0.2025	0.0000	2.1341	0.0002	0.0000	0.0012	1.8048	0.0347	6.2248	0.0276	0.0189	0.0282	2.1425	0.0027	2.6656	inf	175.7873	0.0000	0.0589	0.0002	3.7255	2.9297	14.1767	0.0000	0.0000	0.0000	0.0000	0.0000	0.0000	0.0000	0.0000	0.0000	0.1246	0.0007	0.1239	0.0008	0.0007	0.0001	0.1238	0.0000	0.1238	0.0001	0.0001	0.0000	0.0000	0.0000	0.0000	0.0000	0.0000	0.0000	0.3474	0.2187	0.1287	0.1540	0.1427	0.0113	0.1934	0.0760	0.1174	0.2057	0.0000	0.5461	36.9485	0.0000	164.3830	0.0003	0.0000	0.0011	0.3587	0.0032	0.9627	0.0055	0.0049	0.0130	0.6399	0.0001	1.0540
77	151	0.1684	5	0	0	0	1	0	0	0	0	N	N	N	N	N	N	N	N	N	N	N	N	0.0531	0.0347	0.0396	0.1111	0.0641	34.5005	0.0002	0.0001	0.0003	0.1265	0.0754	0.4034	0.2962	0.1749	0.9973	0.0005	0.0002	0.0021	2.3821	2.1706	10.1961	2.6671	2.7286	0.0289	2.9256	1.3612	8.0692	0.9877	4.5859	0.0000	0.1050	0.0002	1.4205	2.9297	4.0377	0.0000	0.0000	0.0000	0.0000	0.0000	0.0000	0.0000	0.0000	0.0000	0.3510	0.0628	0.2882	0.0622	0.0621	0.0001	0.2888	0.0007	0.2881	0.0000	0.0000	0.0000	0.0000	0.0000	0.0000	0.0000	0.0000	0.0000	0.3175	0.1820	0.1355	0.1551	0.1488	0.0063	0.1624	0.0331	0.1293	0.1145	0.2184	0.1898	0.7385	0.4192	75.4939	0.0003	0.0081	0.0009	1.1054	0.3453	2.1259	0.4011	0.4174	0.0132	1.7780	0.0216	2.2281
77	152	0.0574	4	0	0	0	1	0	0	0	0	N	N	N	N	N	N	N	N	N	N	N	N	0.0229	0.0976	0.0000	23.1757	35.8541	0.0000	0.0000	0.0000	0.0000	0.0565	0.0647	0.0000	0.2430	0.2445	0.0000	0.0000	0.0000	0.0000	2.4643	0.6625	11.6290	0.0105	0.0068	0.0089	3.1584	1.4733	11.7209	0.0000	151.6053	-0.0000	0.1675	0.0002	6.4701	2.9297	12.4371	0.0000	0.0000	0.0000	0.0000	0.0000	0.0000	0.0000	0.0000	0.0000	0.3551	0.0023	0.3528	0.0003	0.0002	0.0001	0.3549	0.0021	0.3528	0.0001	0.0001	0.0000	0.0000	0.0000	0.0000	0.0001	0.0001	0.0000	0.2600	0.1657	0.0943	0.0918	0.0824	0.0093	0.1682	0.0832	0.0850	0.0413	4.6048	0.0000	81.9937	91.8604	0.0000	0.0000	0.0000	0.0000	1.3662	0.0140	3.7419	0.0030	0.0027	0.0056	2.1100	0.0253	4.1518
78	80	0.1158	6	0	1	1	1	0	0	0	0	N	N	N	N	N	N	N	N	N	N	N	N	0.0000	0.0000	0.0000	0.0000	0.0000	0.0000	0.0000	0.0000	0.0000	0.0000	0.0000	0.0000	0.0000	0.0000	0.0000	0.0000	0.0000	0.0000	0.0000	0.0000	0.0003	0.0029	2.1916	2.0135	0.0000	0.0000	0.0000	0.0000	0.0000	0.0000	0.0000	0.0000	0.0000	0.0000	0.0000	0.0000	0.0000	0.0000	0.0000	0.0000	0.0000	0.0000	0.0000	0.0000	0.0000	0.0000	0.0000	0.0000	0.0000	0.0000	0.0000	0.0112	0.0055	0.0057	0.0022	0.0021	0.0000	0.0090	0.0034	0.0056	0.0000	0.0000	0.0000	0.0000	0.0000	0.0000	0.0000	0.0000	0.0000	0.0000	0.0000	0.0000	0.0000	0.0000	0.0000	0.0000	0.0000	0.0000											
78	81	0.1093	5	0	1	0	1	0	0	0	0	N	N	N	N	N	N	N	N	N	N	N	N	0.0253	0.0301	0.0000	0.2060	0.3167	0.0000	0.0000	0.0000	0.0003	0.0003	0.0000	0.0004	0.0005	0.0000	0.0000	0.0000	0.0000	0.0127	0.0103	0.0012	0.0018	0.0015	0.0000	0.0063	0.0554	0.0012	0.1250	0.7259	-0.0000	-0.0000	0.0003	0.6188	2.1916	0.9475	0.0000	0.0000	0.0000	0.0000	0.0000	0.0000	0.0000	0.0000	0.0000	0.0000	0.0000	0.0000	0.0000	0.0000	0.0000	0.0000	0.0000	0.0000	0.0000	0.0000	0.0000	0.0000	0.0000	0.0000	0.0000	0.0000	0.0000	0.0097	0.0047	0.0049	0.0021	0.0021	0.0000	0.0075	0.0027	0.0049	0.2260	0.1861	0.0000	0.4780	0.5824	0.0000	0.0000	0.0000	0.0000	0.0014	0.0017	0.0012	0.0008	0.0008	0.0000	0.0016	0.0024	0.0012	
78	82	0.6206	7	0	1	1	1	0	0	0	0	N	N	N	N	N	N	N	N	N	N	N	N	0.0000	0.0000	0.0000	0.0000	0.0000	0.0000	0.0000	0.0000	0.0000	0.0000	0.0000	0.0000	0.0000	0.0000	0.0000	0.0000	0.0000	0.0000	0.0000	0.0000	0.0003	0.0000	2.1916	1.0000	0.0000	0.0000	0.0000	0.0000	0.0000	0.0000	0.0000	0.0000	0.0000	0.0000	0.0000	0.0000	0.0000	0.0000	0.0000	0.0000	0.0000	0.0000	0.0000	0.0000	0.0000	0.0000	0.0000	0.0000	0.0000	0.0000	0.0000	0.0049	0.0028	0.0021	0.0024	0.0021	0.0002	0.0025	0.0007	0.0019	0.0000	0.0000	0.0000	0.0000	0.0000	0.0000	0.0000	0.0000	0.0000	0.0000	0.0000	0.0000	0.0000	0.0000	0.0000	0.0000	0.0000	0.0000											
78	83	0.0833	4	1	0	1	1	0	0	0	0	N	N	N	N	N	N	N	N	N	N	N	N	inf	inf	inf	inf	inf	inf	0.5080	0.4238	1.2598	0.0000	0.0000	0.0000	1.0528	0.9126	1.9534	0.0000	0.0000	0.0000	0.0000	0.0000	0.0000	0.0000	0.0000	0.0000	0.3333	-0.0000	-0.0000	0.0003	9.0001	2.1916	3.0001	0.0000	0.0000	0.0000	0.0000	0.0000	0.0000	0.0000	0.0000	0.0000	0.0000	0.0000	0.0000	0.0000	0.0000	0.0000	0.0000	0.0000	0.0000	0.0001	0.0001	0.0000	0.0000	0.0000	0.0000	0.0000	0.0000	0.0000	0.0610	0.0292	0.0318	0.0104	0.0104	0.0000	0.0506	0.0188	0.0318	inf	inf	inf	0.0000	0.0000	0.0000	inf	inf	inf	0.0000	0.0000	0.0000	0.0000	0.0000	0.0000	0.0000	0.0000	0.0000				
78	84	0.5982	6	1	0	1	1	0	0	0	0	N	N	N	N	N	N	N	N	N	N	N	N	0.0000	0.0000	0.0000	0.0000	0.0000	0.0000	0.0000	0.0000	0.0000	0.0000	0.0000	0.0000	0.0000	0.0000	0.0000	0.0000	0.0000	0.0000	0.0000	0.0000	0.0003	4.0000	2.1916	0.0000	0.0000	0.0000	0.0000	0.0000	0.0000	0.0000	0.0000	0.0000	0.0000	0.0000	0.0000	0.0000	0.0000	0.0000	0.0000	0.0000	0.0000	0.0000	0.0000	0.0000	0.0000	0.0000	0.0000	0.0000	0.0000	0.0000	0.0000	0.0075	0.0038	0.0037	0.0027	0.0023	0.0004	0.0048	0.0015	0.0032	0.0000	0.0000	0.0000	0.0000	0.0000	0.0000	0.0000	0.0000	0.0000	0.0000	0.0000	0.0000	0.0000	0.0000	0.0000	0.0000	0.0000	0.0000											
78	85	0.6443	7	1	1	0	1	0	0	0	0	N	N	N	N	N	N	N	N	N	N	N	N	1.7880	0.0000	125.9498	0.1009	0.0000	8.9719	6.5800	0.0000	155.1660	0.0209	0.0000	0.2332	0.0003	0.0000	0.0039	0.0457	0.0000	0.3149	0.0117	0.0055	0.0019	0.0027	0.0022	0.0004	0.0069	0.0173	0.0020	inf	1.0611	0.0000	-0.0000	0.0003	1.0086	2.1916	1.7435	0.0000	0.0000	0.0000	0.0000	0.0000	0.0000	0.0000	0.0000	0.0000	0.0000	0.0000	0.0000	0.0000	0.0000	0.0000	0.0000	0.0000	0.0000	0.0000	0.0000	0.0000	0.0000	0.0000	0.0000	0.0000	0.0000	0.0000	0.0159	0.0098	0.0061	0.0082	0.0075	0.0007	0.0077	0.0023	0.0054	15.1786	0.0000	125.9498	0.2584	0.0000	9.0889	26.9024	0.0000	155.1660	0.0014	0.0011	0.0019	0.0011	0.0011	0.0004	0.0017	0.0009	0.0020
78	86	0.5982	6	1	1	0	1	0	0	0	0	N	N	N	N	N	N	N	N	N	N	N	N	0.0000	0.0000	0.0000	0.0000	0.0000	0.0000	0.0000	0.0000	0.0000	0.0000	0.0000	0.0000	0.0000	0.0000	0.0000	0.0000	0.0006	0.0011	0.0001	0.0013	0.0012	0.0000	0.0001	0.0000	0.0001	0.1827	0.0000	-0.0000	0.0003	1.0165	2.1916	4.1395	0.0000	0.0000	0.0000	0.0000	0.0000	0.0000	0.0000	0.0000	0.0000	0.0000	0.0000	0.0000	0.0000	0.0000	0.0000	0.0000	0.0000	0.0000	0.0000	0.0000	0.0000	0.0000	0.0000	0.0000	0.0000	0.0000	0.0000	0.0096	0.0049	0.0046	0.0035	0.0030	0.0005	0.0061	0.0019	0.0041	0.0000	0.0000	0.0000	0.0000	0.0000	0.0000	0.0000	0.0000	0.0000	0.0002	0.0004	0.0001	0.0006	0.0007	0.0000	0.0001	0.0000	0.0001			
78	87	0.0420	3	1	1	0	1	0	0	0	0	N	N	N	N	N	N	N	N	N	N	N	N	0.0000	0.0000	0.0000	0.0000	0.0000	0.0000	0.0000	0.0000	0.0000	0.0000	0.0000	0.0000	0.0000	0.0000	0.0000	0.0000	0.0000	0.0000	2.7019	1.9579	12.3152	0.0161	0.0134	0.2651	3.2896	3.5261	11.4860	15.1405	0.0000	0.0910	0.0003	9.0005	2.1916	5.0000	0.0000	0.0000	0.0000	0.0000	0.0000	0.0000	0.0000	0.0000	0.0000	0.2188	0.0136	0.2052	0.0000	0.0000	0.0000	0.2187	0.0135	0.2052	0.0001	0.0001	0.0000	0.0000	0.0000	0.0000	0.0001	0.0001	0.0000	0.1068	0.0564	0.0504	0.0116	0.0115	0.0000	0.0952	0.0449	0.0504	0.0000	0.0000	0.0000	0.0000	0.0000	0.0000	0.0000	0.0000	0.0000	2.0487	0.2403	4.0729	0.0041	0.0040	0.0864	2.2971	0.3012	4.0748	
78	88	0.6206	7	0	1	0	1	0	0	0	0	N	N	N	N	N	N	N	N	N	N	N	N	0.0000	0.0000	0.0000	0.0000	0.0000	0.0000	0.0000	0.0000	0.0000	0.0000	0.0000	0.0000	0.0000	0.0000	0.0000	0.0000	0.0000	0.0000	0.0000	0.0000	0.0003	0.0000	2.1916	0.0000	0.0000	0.0000	0.0000	0.0000	0.0000	0.0000	0.0000	0.0000	0.0000	0.0000	0.0000	0.0000	0.0000	0.0000	0.0000	0.0000	0.0000	0.0000	0.0000	0.0000	0.0000	0.0000	0.0000	0.0000	0.0000	0.0000	0.0000	0.0000	0.0000	0.0000	0.0000	0.0000	0.0000	0.0000	0.0000	0.0000	0.0000	0.0000	0.0000	0.0000	0.0000	0.0000	0.0000	0.0000	0.0000	0.0000	0.0000	0.0000	0.0000	0.0000	0.0000	0.0000	0.0000	0.0000											
78	89	0.1093	5	0	1	0	1	0	0	0	0	N	N	N	N	N	N	N	N	N	N	N	N	0.0000	0.0000	0.0000	0.0000	0.0000	0.0000	0.0000	0.0000	0.0000	0.0000	0.0000	0.0000	0.0000	0.0000	0.0000	0.0000	0.0001	0.0001	0.0000	0.0002	0.0002	0.0000	0.0000	0.0000	0.0000	1.7746	0.0000	0.0000	0.0003	1.9953	2.1916	1.0817	0.0000	0.0000	0.0000	0.0000	0.0000	0.0000	0.0000	0.0000	0.0000	0.0000	0.0000	0.0000	0.0000	0.0000	0.0000	0.0000	0.0000	0.0000	0.0000	0.0000	0.0000	0.0000	0.0000	0.0000	0.0000	0.0000	0.0000	0.0178	0.0087	0.0091	0.0036	0.0036	0.0000	0.0142	0.0051	0.0090	0.0000	0.0000	0.0000	0.0000	0.0000	0.0000	0.0000	0.0000	0.0000	0.0000	0.0000	0.0000	0.0000	0.0000	0.0000	0.0000	0.0000	0.0000			
78	90	0.0833	4	0	1	0	1	0	0	0	0	N	N	N	N	N	N	N	N	N	N	N	N	0.1159	2.5262	0.0000	2.6931	3.0180	0.0000	0.0000	0.0000	0.0003	0.0003	0.0000	0.0006	0.0006	0.0000	0.0000	0.0000	0.0000	0.0027	0.0001	0.0011	0.0002	0.0002	0.0000	0.0010	0.0002	0.0011	0.0395	307.1388	-0.0000	0.0000	0.0003	2.3999	2.1916	4.0713	0.0000	0.0000	0.0000	0.0000	0.0000	0.0000	0.0000	0.0000	0.0000	0.0000	0.0000	0.0000	0.0000	0.0000	0.0000	0.0000	0.0000	0.0000	0.0000	0.0000	0.0000	0.0000	0.0000	0.0000	0.0000	0.0000	0.0000	0.0345	0.0165	0.0181	0.0058	0.0058	0.0000	0.0287	0.0106	0.0180	0.5418	84.8625	0.0000	55.6574	57.1786	0.0000	0.0000	0.0000	0.0000	0.0006	0.0000	0.0011	0.0000	0.0000	0.0000	0.0007	0.0000	0.0011	
78	91	0.0440	3	0	0	1	1	0	0	0	0	N	N	N	N	N	N	N	N	N	N	N	N	0.0000	0.0000	0.0000	0.0000	0.0000	0.0000	0.0000	0.0000	0.0000	0.0000	0.0000	0.0000	0.0000	0.0000	0.0000	0.0000	0.0000	0.0000	0.0000	0.0000	0.0003	0.0000	2.1916	0.0000	0.0000	0.0000	0.0000	0.0000	0.0000	0.0000	0.0000	0.0000	0.0000	0.0000	0.0000	0.0000	0.0000	0.0000	0.0000	0.0000	0.0000	0.0000	0.0000	0.0000	0.0000	0.0000	0.0000	0.0000	0.0000	0.0000	0.0000	0.0000	0.0000	0.0000	0.0000	0.0000	0.0000	0.0000	0.0000	0.0000	0.0000	0.0000	0.0000	0.0000	0.0000	0.0000	0.0000	0.0000	0.0000	0.0000	0.0000	0.0000	0.0000	0.0000	0.0000	0.0000	0.0000	0.0000											
78	92	0.0119	2	0	0	1	1	0	0	0	0	N	N	N	N	N	N	N	N	N	N	N	N	35.8321	61.3088	0.0000	inf	inf	0.0000	0.0000	0.0000	0.3239	0.4245	0.0000	1.4939	1.4951	0.0000	0.0000	0.0000	0.0000	0.0090	0.0069	0.0011	0.0000	0.0000	0.0000	0.0038	0.0302	0.0011	0.0000	0.7498	-0.0000	-0.0000	0.0003	3.7221	2.1916	2.9993	0.0000	0.0000	0.0000	0.0000	0.0000	0.0000	0.0000	0.0000	0.0000	0.0001	0.0000	0.0000	0.0000	0.0000	0.0000	0.0001	0.0000	0.0000	0.0001	0.0001	0.0000	0.0000	0.0000	0.0000	0.0001	0.0000	0.0000	0.0602	0.0318	0.0284	0.0059	0.0059	0.0000	0.0542	0.0258	0.0284	278.4254	337.0357	0.0000	inf	inf	0.0000	0.0000	0.0000	0.0000	0.0012	0.0013	0.0011	0.0000	0.0000	0.0000	0.0013	0.0015	0.0011	
78	94	0.0995	5	1	1	0	1	0	0	0	0	N	N	N	N	N	N	N	N	N	N	N	N	0.0000	0.0000	0.0000	0.0000	0.0000	0.0000	0.0000	0.0000	0.0000	0.0000	0.0000	0.0000	0.0000	0.0000	0.0001	0.0000	0.0001	0.0001	0.0000	0.0000	0.0000	0.0000	0.0000	0.0000	-0.0000	0.0003	5.9980	2.1916	4.9575	0.0000	0.0000	0.0000	0.0000	0.0000	0.0000	0.0000	0.0000	0.0000	0.0000	0.0000	0.0000	0.0000	0.0000	0.0000	0.0000	0.0000	0.0000	0.0001	0.0001	0.0000	0.0000	0.0000	0.0000	0.0000	0.0000	0.0000	0.0539	0.0267	0.0271	0.0103	0.0103	0.0001	0.0435	0.0165	0.0271	0.0000	0.0000	0.0000	0.0000	0.0000	0.0000	0.0000	0.0000	0.0000	0.0000	0.0000	0.0000	0.0000	0.0000	0.0000	0.0000	0.0000	0.0000						
78	95	0.6206	7	1	1	0	1	0	0	0	0	N	N	N	N	N	N	N	N	N	N	N	N	0.0000	0.0000	0.0000	0.0000	0.0000	0.0000	0.0000	0.0000	0.0000	0.0000	0.0000	0.0000	0.0000	0.0000	0.0000	0.0000	0.0000	0.0000	0.0000	0.0000	0.0003	0.0000	2.1916	2.0000	0.0000	0.0000	0.0000	0.0000	0.0000	0.0000	0.0000	0.0000	0.0000	0.0000	0.0000	0.0000	0.0000	0.0000	0.0000	0.0000	0.0000	0.0000	0.0000	0.0000	0.0000	0.0000	0.0000	0.0000	0.0000	0.0000	0.0000	0.0097	0.0055	0.0042	0.0047	0.0042	0.0005	0.0050	0.0013	0.0037	0.0000	0.0000	0.0000	0.0000	0.0000	0.0000	0.0000	0.0000	0.0000	0.0000	0.0000	0.0000	0.0000	0.0000	0.0000	0.0000	0.0000	0.0000											
78	96	0.5982	6	0	1	0	1	0	0	0	0	N	N	N	N	N	N	N	N	N	N	N	N	0.0000	0.0000	0.0000	0.0000	0.0000	0.0000	0.0000	0.0000	0.0000	0.0000	0.0000	0.0000	0.0000	0.0000	0.0000	0.0000	0.0000	0.0000	0.0000	0.0000	0.0003	4.0000	2.1916	0.0000	0.0000	0.0000	0.0000	0.0000	0.0000	0.0000	0.0000	0.0000	0.0000	0.0000	0.0000	0.0000	0.0000	0.0000	0.0000	0.0000	0.0000	0.0000	0.0000	0.0000	0.0000	0.0000	0.0000	0.0000	0.0000	0.0000	0.0000	0.0075	0.0038	0.0037	0.0027	0.0023	0.0004	0.0048	0.0015	0.0032	0.0000	0.0000	0.0000	0.0000	0.0000	0.0000	0.0000	0.0000	0.0000	0.0000	0.0000	0.0000	0.0000	0.0000	0.0000	0.0000	0.0000	0.0000											
78	97	0.0420	3	0	0	0	1	0	0	0	0	N	N	N	N	N	N	N	N	N	N	N	N	0.0000	0.0000	0.0000	0.0000	0.0000	0.0000	0.0000	0.0000	0.0000	0.0000	0.0000	0.0000	0.0000	0.0000	0.0000	0.9437	0.0077	0.3115	0.0000	0.0000	0.0000	0.5880	0.0345	0.1457	58.7996	0.0000	0.0014	0.0003	3.9994	2.1916	4.0000	0.0000	0.0000	0.0000	0.0000	0.0000	0.0000	0.0000	0.0000	0.0000	0.0030	0.0001	0.0029	0.0000	0.0000	0.0000	0.0030	0.0001	0.0029	0.0001	0.0000	0.0000	0.0000	0.0000	0.0000	0.0000	0.0000	0.0000	0.0680	0.0362	0.0318	0.0069	0.0069	0.0000	0.0611	0.0294	0.0317	0.0000	0.0000	0.0000	0.0000	0.0000	0.0000	0.0000	0.0000	0.0000	0.0440	0.0014	0.0926	0.0000	0.0000	0.0000	0.0489	0.0017	0.0926				
78	98	0.5982	6	0	0	0	1	0	0	0	0	N	N	N	N	N	N	N	N	N	N	N	N	0.0000	0.0000	0.0000	0.0000	0.0000	0.0000	0.0000	0.0000	0.0000	0.0000	0.0000	0.0000	0.0000	0.0000	0.0000	0.0000	0.0000	0.0000	0.0000	0.0000	0.0003	1.0000	2.1916	0.0000	0.0000	0.0000	0.0000	0.0000	0.0000	0.0000	0.0000	0.0000	0.0000	0.0000	0.0000	0.0000	0.0000	0.0000	0.0000	0.0000	0.0000	0.0000	0.0000	0.0000	0.0000	0.0000	0.0000	0.0000	0.0000	0.0000	0.0000	0.0035	0.0018	0.0017	0.0013	0.0011	0.0002	0.0022	0.0007	0.0015	0.0000	0.0000	0.0000	0.0000	0.0000	0.0000	0.0000	0.0000	0.0000	0.0000	0.0000	0.0000	0.0000	0.0000	0.0000	0.0000	0.0000	0.0000											
78	99	0.1530	4	0	0	0	1	0	0	0	0	N	N	N	N	N	N	N	N	N	N	N	N	0.6104	0.1726	3.6055	0.0002	0.0002	0.0000	1.1216	108.9911	10.4068	1.4422	0.5323	8.7875	0.0008	0.0009	0.0000	1.9936	0.7667	9.1490	2.3629	3.0848	2.4372	5.0919	5.0978	0.0060	1.7774	0.0070	0.8791	2.0452	0.2273	0.0000	-0.0737	0.0003	1.5982	2.1916	11.1970	0.0000	0.0000	0.0000	0.0000	0.0000	0.0000	0.0000	0.0000	0.0000	0.2188	0.1783	0.0405	0.1783	0.1783	0.0000	0.0405	0.0000	0.0405	0.0000	0.0000	0.0000	0.0000	0.0000	0.0000	0.0000	0.0000	0.0000	0.2019	0.1120	0.0899	0.0723	0.0709	0.0014	0.1296	0.0411	0.0885	1.3304	0.3344	19.4864	0.0003	0.0003	0.0000	6.3721	1985.8535	19.9808	1.0841	1.5920	0.4510	2.4657	2.5133	0.0041	0.3129	0.0004	0.4579
78	100	0.1010	6	1	1	1	1	0	0	0	0	N	N	N	N	N	N	N	N	N	N	N	N	0.0000	0.0000	0.0000	0.0000	0.0000	0.0000	0.0000	0.0000	0.0000	0.0000	0.0000	0.0000	0.0000	0.0001	0.0001	0.0000	0.0002	0.0002	0.0000	0.0000	0.0000	0.0000	0.0000	0.0000	-0.0000	0.0003	0.0000	2.1916	0.9982	0.0000	0.0000	0.0000	0.0000	0.0000	0.0000	0.0000	0.0000	0.0000	0.0000	0.0000	0.0000	0.0000	0.0000	0.0000	0.0000	0.0000	0.0000	0.0000	0.0000	0.0000	0.0000	0.0000	0.0000	0.0000	0.0000	0.0000	0.0054	0.0027	0.0027	0.0010	0.0010	0.0000	0.0044	0.0016	0.0027	0.0000	0.0000	0.0000	0.0000	0.0000	0.0000	0.0000	0.0000	0.0000	0.0000	0.0000	0.0000	0.0000	0.0000	0.0000	0.0000	0.0000	0.0000						
78	101	0.6329	9	1	1	1	1	0	0	0	0	N	N	N	N	N	N	N	N	N	N	N	N	0.0000	0.0000	0.0000	0.0000	0.0000	0.0000	0.0000	0.0000	0.0000	0.0000	0.0000	0.0000	0.0000	0.0000	0.0000	0.0000	0.0000	0.0000	0.0000	0.0000	0.0003	0.0000	2.1916	0.0000	0.0000	0.0000	0.0000	0.0000	0.0000	0.0000	0.0000	0.0000	0.0000	0.0000	0.0000	0.0000	0.0000	0.0000	0.0000	0.0000	0.0000	0.0000	0.0000	0.0000	0.0000	0.0000	0.0000	0.0000	0.0000	0.0000	0.0000	0.0000	0.0000	0.0000	0.0000	0.0000	0.0000	0.0000	0.0000	0.0000	0.0000	0.0000	0.0000	0.0000	0.0000	0.0000	0.0000	0.0000	0.0000	0.0000	0.0000	0.0000	0.0000	0.0000	0.0000	0.0000	0.0000	0.0000											
78	102	0.6329	8	1	0	1	1	0	0	0	0	N	N	N	N	N	N	N	N	N	N	N	N	0.0000	0.0000	0.0000	0.0000	0.0000	0.0000	0.0000	0.0000	0.0000	0.0000	0.0000	0.0000	0.0000	0.0000	0.0000	0.0000	0.0000	0.0000	0.0000	0.0000	0.0003	0.0000	2.1916	0.0000	0.0000	0.0000	0.0000	0.0000	0.0000	0.0000	0.0000	0.0000	0.0000	0.0000	0.0000	0.0000	0.0000	0.0000	0.0000	0.0000	0.0000	0.0000	0.0000	0.0000	0.0000	0.0000	0.0000	0.0000	0.0000	0.0000	0.0000	0.0000	0.0000	0.0000	0.0000	0.0000	0.0000	0.0000	0.0000	0.0000	0.0000	0.0000	0.0000	0.0000	0.0000	0.0000	0.0000	0.0000	0.0000	0.0000	0.0000	0.0000	0.0000	0.0000	0.0000	0.0000	0.0000	0.0000											
78	103	0.6268	7	1	0	1	1	0	0	0	0	N	N	N	N	N	N	N	N	N	N	N	N	0.0000	0.0000	0.0000	0.0000	0.0000	0.0000	0.0000	0.0000	0.0000	0.0000	0.0000	0.0000	0.0000	0.0000	0.0000	0.0000	0.0000	0.0000	0.0000	0.0000	0.0003	0.0000	2.1916	1.0091	0.0000	0.0000	0.0000	0.0000	0.0000	0.0000	0.0000	0.0000	0.0000	0.0000	0.0000	0.0000	0.0000	0.0000	0.0000	0.0000	0.0000	0.0000	0.0000	0.0000	0.0000	0.0000	0.0000	0.0000	0.0000	0.0000	0.0000	0.0050	0.0028	0.0022	0.0024	0.0021	0.0002	0.0026	0.0007	0.0019	0.0000	0.0000	0.0000	0.0000	0.0000	0.0000	0.0000	0.0000	0.0000	0.0000	0.0000	0.0000	0.0000	0.0000	0.0000	0.0000	0.0000	0.0000											
78	104	0.0420	3	0	1	0	1	0	0	0	0	N	N	N	N	N	N	N	N	N	N	N	N	0.3781	inf	0.0000	0.8137	inf	0.0000	0.3178	0.3555	0.0000	0.0000	0.0000	0.0000	0.3714	0.4229	0.0000	0.8406	0.0000	0.1808	0.0000	0.0000	0.0000	0.4565	0.0000	0.0874	0.0000	inf	-0.0000	0.0014	0.0003	7.9994	2.1916	4.0001	0.0000	0.0000	0.0000	0.0000	0.0000	0.0000	0.0000	0.0000	0.0000	0.0029	0.0000	0.0029	0.0000	0.0000	0.0000	0.0029	0.0000	0.0029	0.0001	0.0001	0.0000	0.0000	0.0000	0.0000	0.0001	0.0001	0.0000	0.0948	0.0502	0.0446	0.0101	0.0100	0.0000	0.0848	0.0402	0.0446	10.2840	inf	0.0000	0.0000	0.0000	0.0000	10.7438	inf	0.0000	0.0309	0.0000	0.0657	0.0000	0.0000	0.0000	0.0346	0.0000	0.0658			
78	105	0.1045	7	1	0	1	1	0	0	0	0	N	N	N	N	N	N	N	N	N	N	N	N	0.0000	0.0000	0.0000	0.0000	0.0000	0.0000	0.0000	0.0000	0.0000	0.0000	0.0000	0.0000	0.0000	0.0000	0.0000	0.0000	0.3601	0.6188	0.0022	0.5556	0.5044	0.0000	0.0044	0.0000	0.0022	0.1665	-0.0000	-0.0000	0.0003	1.0000	2.1916	1.0005	0.0000	0.0000	0.0000	0.0000	0.0000	0.0000	0.0000	0.0000	0.0000	0.0001	0.0001	0.0000	0.0001	0.0001	0.0000	0.0000	0.0000	0.0000	0.0000	0.0000	0.0000	0.0000	0.0000	0.0000	0.0000	0.0000	0.0000	0.0106	0.0052	0.0054	0.0020	0.0020	0.0000	0.0086	0.0033	0.0054	0.0000	0.0000	0.0000	0.0000	0.0000	0.0000	0.0000	0.0000	0.0000	0.0077	0.0133	0.0022	0.0348	0.0350	0.0000	0.0013	0.0000	0.0022			
78	106	0.1010	6	1	0	1	1	0	0	0	0	N	N	N	N	N	N	N	N	N	N	N	N	0.0000	0.0000	0.0000	0.0000	0.0000	0.0000	0.0000	0.0000	0.0000	0.0000	0.0000	0.0000	0.0000	0.0000	0.0000	0.0000	0.0000	0.0404	0.0296	0.0026	0.0055	0.0046	0.0000	0.0190	0.0927	0.0027	0.9513	0.0000	-0.0000	0.0003	0.7249	2.1916	0.0368	0.0000	0.0000	0.0000	0.0000	0.0000	0.0000	0.0000	0.0000	0.0000	0.0000	0.0000	0.0000	0.0000	0.0000	0.0000	0.0000	0.0000	0.0000	0.0000	0.0000	0.0000	0.0000	0.0000	0.0000	0.0000	0.0000	0.0000	0.0041	0.0020	0.0021	0.0008	0.0008	0.0000	0.0033	0.0013	0.0021	0.0000	0.0000	0.0000	0.0000	0.0000	0.0000	0.0000	0.0000	0.0000	0.0027	0.0028	0.0026	0.0020	0.0021	0.0000	0.0029	0.0033	0.0027		
78	107	0.0995	5	1	0	1	1	0	0	0	0	N	N	N	N	N	N	N	N	N	N	N	N	0.0000	0.0000	0.0000	0.0000	0.0000	0.0000	0.0000	0.0000	0.0000	0.0000	0.0000	0.0000	0.0000	0.0000	0.0000	0.0000	0.0314	0.0477	0.0011	0.0771	0.0608	0.0000	0.0010	0.0000	0.0011	0.2999	-0.0000	-0.0000	0.0003	0.4159	2.1916	0.0887	0.0000	0.0000	0.0000	0.0000	0.0000	0.0000	0.0000	0.0000	0.0000	0.0000	0.0000	0.0000	0.0000	0.0000	0.0000	0.0000	0.0000	0.0000	0.0000	0.0000	0.0000	0.0000	0.0000	0.0000	0.0000	0.0000	0.0000	0.0029	0.0015	0.0014	0.0006	0.0006	0.0000	0.0023	0.0009	0.0014	0.0000	0.0000	0.0000	0.0000	0.0000	0.0000	0.0000	0.0000	0.0000	0.0024	0.0036	0.0011	0.0087	0.0088	0.0000	0.0007	0.0000	0.0011			
78	108	0.0833	4	1	0	0	1	0	0	0	0	N	N	N	N	N	N	N	N	N	N	N	N	0.2143	0.3517	0.0000	0.2619	0.3183	0.0000	0.0000	0.0000	0.0001	0.0001	0.0000	0.0002	0.0003	0.0000	0.0000	0.0000	0.0000	0.0006	0.0004	0.0004	0.0009	0.0008	0.0000	0.0003	0.0003	0.0004	0.0192	3.3219	-0.0000	0.0000	0.0003	3.9943	2.1916	0.9974	0.0000	0.0000	0.0000	0.0000	0.0000	0.0000	0.0000	0.0000	0.0000	0.0000	0.0000	0.0000	0.0000	0.0000	0.0000	0.0000	0.0000	0.0000	0.0000	0.0000	0.0000	0.0000	0.0000	0.0000	0.0000	0.0000	0.0000	0.0270	0.0128	0.0141	0.0046	0.0045	0.0000	0.0224	0.0083	0.0141	0.5143	1.1523	0.0000	0.6773	0.7239	0.0000	0.0000	0.0000	0.0000	0.0003	0.0001	0.0004	0.0004	0.0004	0.0000	0.0002	0.0000	0.0004	
78	109	0.6268	7	1	0	1	1	0	0	0	0	N	N	N	N	N	N	N	N	N	N	N	N	0.0000	0.0000	0.0000	0.0000	0.0000	0.0000	0.0000	0.0000	0.0000	0.0000	0.0000	0.0000	0.0000	0.0000	0.0000	0.0000	0.0000	0.0000	0.0000	0.0000	0.0003	0.0000	2.1916	0.9909	0.0000	0.0000	0.0000	0.0000	0.0000	0.0000	0.0000	0.0000	0.0000	0.0000	0.0000	0.0000	0.0000	0.0000	0.0000	0.0000	0.0000	0.0000	0.0000	0.0000	0.0000	0.0000	0.0000	0.0000	0.0000	0.0000	0.0000	0.0049	0.0028	0.0021	0.0023	0.0021	0.0002	0.0025	0.0007	0.0019	0.0000	0.0000	0.0000	0.0000	0.0000	0.0000	0.0000	0.0000	0.0000	0.0000	0.0000	0.0000	0.0000	0.0000	0.0000	0.0000	0.0000	0.0000											
78	110	0.5982	6	1	0	1	1	0	0	0	0	N	N	N	N	N	N	N	N	N	N	N	N	inf	inf	inf	inf	0.8237	0.0000	9.8367	0.0000	0.0000	0.0000	2.3384	0.0000	16.7584	0.0000	0.0000	0.0000	0.0000	0.0000	0.0000	0.0000	0.0000	0.0000	inf	0.0000	0.0000	0.0003	4.0000	2.1916	0.0000	0.0000	0.0000	0.0000	0.0000	0.0000	0.0000	0.0000	0.0000	0.0000	0.0000	0.0000	0.0000	0.0000	0.0000	0.0000	0.0000	0.0000	0.0000	0.0000	0.0000	0.0000	0.0000	0.0000	0.0000	0.0000	0.0000	0.0000	0.0075	0.0038	0.0037	0.0027	0.0023	0.0004	0.0048	0.0015	0.0032	inf	0.0000	inf	0.0000	0.0000	0.0000	inf	0.0000	inf	0.0000	0.0000	0.0000	0.0000	0.0000	0.0000	0.0000	0.0000	0.0000						
78	112	0.0879	4	0	0	1	1	0	0	0	0	N	N	N	N	N	N	N	N	N	N	N	N	0.0000	0.0000	0.0000	0.0000	0.0000	0.0000	0.0000	0.0000	0.0000	0.0000	0.0000	0.0049	0.0000	0.0000	0.0000	0.0000	0.0000	0.0045	0.0000	0.0000	0.0000	-0.0000	0.0003	0.0000	2.1916	0.0001	0.0000	0.0000	0.0000	0.0000	0.0000	0.0000	0.0000	0.0000	0.0000	0.0000	0.0000	0.0000	0.0000	0.0000	0.0000	0.0000	0.0000	0.0000	0.0000	0.0000	0.0000	0.0000	0.0000	0.0000	0.0000	0.0000	0.0000	0.0000	0.0000	0.0000	0.0000	0.0000	0.0000	0.0000	0.0000	0.0000	0.0000	0.0000	0.0000	0.0000	0.0000	0.0000	0.0000	0.0000	0.0000	0.0008	0.0000	0.0000	0.0000	0.0000	0.0000	0.0014	0.0000	0.0000									
78	113	0.0420	3	0	0	1	1	0	0	0	0	N	N	N	N	N	N	N	N	N	N	N	N	0.0000	0.0000	0.0000	0.0000	0.0000	0.0000	0.0000	0.0000	0.0000	0.0000	0.0000	0.0000	0.0000	0.0000	0.0000	0.0053	0.0049	0.0006	0.0000	0.0000	0.0000	0.0017	0.0230	0.0006	0.5000	0.0000	-0.0000	0.0003	4.0004	2.1916	4.9999	0.0000	0.0000	0.0000	0.0000	0.0000	0.0000	0.0000	0.0000	0.0000	0.0001	0.0000	0.0000	0.0000	0.0000	0.0000	0.0001	0.0000	0.0000	0.0001	0.0000	0.0000	0.0000	0.0000	0.0000	0.0000	0.0000	0.0000	0.0751	0.0400	0.0351	0.0077	0.0077	0.0000	0.0674	0.0323	0.0351	0.0000	0.0000	0.0000	0.0000	0.0000	0.0000	0.0000	0.0000	0.0000	0.0008	0.0010	0.0006	0.0000	0.0000	0.0000	0.0009	0.0012	0.0006				
78	114	0.6308	7	0	1	0	1	0	0	0	0	N	N	N	N	N	N	N	N	N	N	N	N	16.1914	10.6760	1087.9069	38.9957	41.9740	0.0000	310.4235	inf	1886.9889	0.5699	0.5414	0.8583	0.7029	0.7509	0.0000	0.2864	0.0528	1.6650	0.0352	0.0507	0.0008	0.0180	0.0179	0.0001	0.0009	0.0000	0.0009	0.1565	0.1535	-0.0000	-0.0000	0.0003	4.3361	2.1916	4.6323	0.0000	0.0000	0.0000	0.0000	0.0000	0.0000	0.0000	0.0000	0.0000	0.0001	0.0001	0.0000	0.0001	0.0001	0.0000	0.0000	0.0000	0.0000	0.0001	0.0001	0.0000	0.0000	0.0000	0.0000	0.0000	0.0000	0.0000	0.0383	0.0222	0.0161	0.0191	0.0173	0.0018	0.0192	0.0049	0.0143	228.4812	145.0407	1087.9069	162.0889	156.8902	0.0000	435.4605	inf	1886.9889	0.0025	0.0037	0.0008	0.0043	0.0048	0.0001	0.0007	0.0000	0.0009
78	115	0.5982	6	0	0	0	1	0	0	0	0	N	N	N	N	N	N	N	N	N	N	N	N	6298.1827	3919.1504	274.0427	0.0000	0.0000	118760.9783	inf	420.1905	1.5367	1.6771	0.0067	0.0000	0.0000	0.0000	4.4449	5.1683	0.0116	0.0002	0.0004	0.0000	0.0007	0.0006	0.0000	0.0000	0.0000	0.0000	0.0004	0.1704	-0.0000	-0.0000	0.0003	1.9840	2.1916	0.2610	0.0000	0.0000	0.0000	0.0000	0.0000	0.0000	0.0000	0.0000	0.0000	0.0000	0.0000	0.0000	0.0000	0.0000	0.0000	0.0000	0.0000	0.0000	0.0000	0.0000	0.0000	0.0000	0.0000	0.0000	0.0000	0.0000	0.0000	0.0043	0.0022	0.0021	0.0016	0.0013	0.0002	0.0027	0.0009	0.0018	18757.7252	12287.7220	274.0427	0.0000	0.0000	0.0000	236070.4311	inf	420.1905	0.0001	0.0001	0.0000	0.0002	0.0002	0.0000	0.0000	0.0000	0.0000	
78	116	0.0420	3	0	1	0	2	0	0	0	0	N	N	N	Y	N	N	N	N	N	N	N	N	0.0000	0.0000	0.0000	0.0000	0.0000	0.0000	0.0000	0.0000	0.0000	0.0000	0.0000	0.0000	0.0000	0.0000	0.0000	0.0000	0.0000	0.0000	0.0000	0.0000	0.0003	5.0006	2.1916	2.0000	0.0000	0.0000	0.0000	0.0000	0.0000	0.0000	0.0000	0.0000	0.0000	0.0000	0.0000	0.0000	0.0000	0.0000	0.0000	0.0000	0.0000	0.0000	0.0001	0.0001	0.0000	0.0000	0.0000	0.0000	0.0001	0.0000	0.0000	0.0607	0.0324	0.0283	0.0061	0.0061	0.0000	0.0546	0.0263	0.0283	0.0000	0.0000	0.0000	0.0000	0.0000	0.0000	0.0000	0.0000	0.0000	0.0000	0.0000	0.0000	0.0000	0.0000	0.0000	0.0000	0.0000	0.0000											
78	117	0.5982	6	0	1	0	2	0	0	0	0	N	N	N	Y	N	N	N	N	N	N	N	N	0.0000	0.0000	0.0000	0.0000	0.0000	0.0000	0.0000	0.0000	0.0000	0.0000	0.0000	0.0000	0.0000	0.0000	0.0000	0.0000	0.0000	0.0000	0.0000	0.0000	0.0003	0.0000	2.1916	1.0000	0.0000	0.0000	0.0000	0.0000	0.0000	0.0000	0.0000	0.0000	0.0000	0.0000	0.0000	0.0000	0.0000	0.0000	0.0000	0.0000	0.0000	0.0000	0.0000	0.0000	0.0000	0.0000	0.0000	0.0000	0.0000	0.0000	0.0000	0.0027	0.0014	0.0013	0.0010	0.0008	0.0002	0.0017	0.0006	0.0012	0.0000	0.0000	0.0000	0.0000	0.0000	0.0000	0.0000	0.0000	0.0000	0.0000	0.0000	0.0000	0.0000	0.0000	0.0000	0.0000	0.0000	0.0000											
78	118	0.0420	3	0	1	0	1	0	0	0	0	N	N	N	N	N	N	N	N	N	N	N	N	1569.5076	inf	6015.7845	3061.5330	inf	6131.1364	0.6943	0.4918	2.4873	0.0000	0.0000	0.0000	0.8122	0.5850	2.5363	0.0004	0.0000	0.0004	0.0000	0.0000	0.0000	0.0003	0.0000	0.0004	0.5714	inf	0.0000	0.0000	0.0003	16.9994	2.1916	6.0000	0.0001	0.0001	0.0000	0.0000	0.0000	0.0000	0.0001	0.0001	0.0000	0.0000	0.0000	0.0000	0.0000	0.0000	0.0000	0.0000	0.0000	0.0000	0.0002	0.0001	0.0000	0.0000	0.0000	0.0000	0.0001	0.0001	0.0000	0.1516	0.0790	0.0726	0.0179	0.0179	0.0000	0.1337	0.0612	0.0725	3508.7064	inf	6015.7845	0.0000	0.0000	0.0000	3619.5545	inf	6131.1364	0.0002	0.0000	0.0004	0.0000	0.0000	0.0000	0.0002	0.0000	0.0004			
78	119	0.5982	6	0	1	0	1	0	0	0	0	N	N	N	N	N	N	N	N	N	N	N	N	300.4384	inf	0.0000	1312.0855	inf	0.0000	0.6777	0.7395	0.0000	0.0000	0.0000	0.0000	1.9074	2.2157	0.0000	0.0023	0.0000	0.0011	0.0000	0.0000	0.0000	0.0015	0.0000	0.0012	0.0000	inf	-0.0000	0.0000	0.0003	5.0000	2.1916	6.0000	0.0000	0.0000	0.0000	0.0000	0.0000	0.0000	0.0000	0.0000	0.0000	0.0000	0.0000	0.0000	0.0000	0.0000	0.0000	0.0000	0.0000	0.0000	0.0000	0.0000	0.0000	0.0000	0.0000	0.0000	0.0000	0.0000	0.0000	0.0192	0.0099	0.0093	0.0071	0.0060	0.0011	0.0121	0.0039	0.0082	1301.9124	inf	0.0000	0.0000	0.0000	0.0000	2312.5633	inf	0.0000	0.0005	0.0000	0.0011	0.0000	0.0000	0.0000	0.0008	0.0000	0.0012			
78	120	0.6262	7	0	1	0	1	0	0	0	0	N	N	N	N	N	N	N	N	N	N	N	N	224.6368	inf	0.0000	6.6646	inf	0.0000	493.3779	inf	0.0000	2.6460	2.9739	0.0000	0.0006	0.0006	0.0000	7.9157	9.0752	0.0000	0.0118	0.0000	0.0031	0.0001	0.0000	0.0000	0.0160	0.0000	0.0035	0.0000	inf	-0.0000	0.0000	0.0003	0.9998	2.1916	0.9486	0.0000	0.0000	0.0000	0.0000	0.0000	0.0000	0.0000	0.0000	0.0000	0.0000	0.0000	0.0000	0.0000	0.0000	0.0000	0.0000	0.0000	0.0000	0.0000	0.0000	0.0000	0.0000	0.0000	0.0000	0.0000	0.0000	0.0000	0.0067	0.0037	0.0030	0.0031	0.0028	0.0004	0.0035	0.0009	0.0026	1919.2764	inf	0.0000	1109.9765	inf	0.0000	3026.3191	inf	0.0000	0.0014	0.0000	0.0031	0.0000	0.0000	0.0000	0.0026	0.0000	0.0035
78	121	0.5982	6	0	1	0	1	0	0	0	0	N	N	N	N	N	N	N	N	N	N	N	N	41.4010	124.5620	7.2316	0.0000	0.0000	168.2949	136.5015	10.7629	0.0084	0.0090	0.0009	0.0000	0.0000	0.0000	0.0234	0.0270	0.0015	0.0002	0.0001	0.0001	0.0001	0.0001	0.0000	0.0001	0.0002	0.0001	0.0090	283.6219	-0.0000	0.0000	0.0003	3.0005	2.1916	1.1085	0.0000	0.0000	0.0000	0.0000	0.0000	0.0000	0.0000	0.0000	0.0000	0.0000	0.0000	0.0000	0.0000	0.0000	0.0000	0.0000	0.0000	0.0000	0.0000	0.0000	0.0000	0.0000	0.0000	0.0000	0.0000	0.0000	0.0000	0.0137	0.0070	0.0067	0.0050	0.0043	0.0008	0.0087	0.0028	0.0059	138.6931	21924.0662	7.2316	0.0000	0.0000	0.0000	246.4088	53555.8171	10.7629	0.0001	0.0000	0.0001	0.0000	0.0000	0.0000	0.0001	0.0000	0.0001	
78	122	0.0833	4	0	1	0	1	0	0	0	0	N	N	N	N	N	N	N	N	N	N	N	N	0.0000	0.0002	0.0000	inf	inf	0.0000	0.0000	0.0000	0.0002	0.0003	0.0000	0.0004	0.0005	0.0000	0.0000	0.0000	0.0000	7.7817	1.5101	22.9925	0.0000	0.0000	0.0000	9.3619	2.8090	27.2949	0.0000	201.2115	-0.0000	0.0995	0.0003	2.0001	2.1916	3.0000	0.0000	0.0000	0.0000	0.0000	0.0000	0.0000	0.0000	0.0000	0.0000	0.2103	0.0010	0.2093	0.0000	0.0000	0.0000	0.2103	0.0010	0.2093	0.0000	0.0000	0.0000	0.0000	0.0000	0.0000	0.0000	0.0000	0.0000	0.0270	0.0129	0.0142	0.0046	0.0045	0.0000	0.0225	0.0083	0.0141	0.0000	0.0034	0.0000	inf	inf	0.0000	0.0000	0.0000	0.0000	7.7817	0.0808	14.7804	0.0000	0.0000	0.0000	9.3619	0.1250	14.7973	
78	123	0.0420	3	0	0	0	1	0	0	0	0	N	N	N	N	N	N	N	N	N	N	N	N	0.3890	inf	0.0006	0.7340	inf	0.0011	0.3526	0.3947	0.0001	0.0000	0.0000	0.0000	0.4119	0.4693	0.0001	0.9065	0.0000	0.2582	0.0000	0.0000	0.0000	0.5611	0.0000	0.1348	0.0000	inf	-0.0000	0.0014	0.0003	6.9986	2.1916	2.0000	0.0000	0.0000	0.0000	0.0000	0.0000	0.0000	0.0000	0.0000	0.0000	0.0029	0.0000	0.0029	0.0000	0.0000	0.0000	0.0029	0.0000	0.0029	0.0001	0.0001	0.0000	0.0000	0.0000	0.0000	0.0001	0.0001	0.0000	0.0751	0.0400	0.0351	0.0077	0.0077	0.0000	0.0674	0.0323	0.0351	9.0357	inf	0.0017	0.0000	0.0000	0.0000	9.4726	inf	0.0017	0.0390	0.0000	0.0834	0.0000	0.0000	0.0000	0.0435	0.0000	0.0835			
78	124	0.6317	7	0	1	0	1	0	0	0	0	N	N	N	N	N	N	N	N	N	N	N	N	0.0000	0.0000	0.0000	0.0000	0.0000	0.0000	0.0000	0.0000	0.0000	0.0000	0.0000	0.0000	0.0000	0.0000	0.0000	0.0000	0.0001	0.0002	0.0000	0.0002	0.0002	0.0000	0.0000	0.0000	0.0000	0.1242	-0.0000	-0.0000	0.0003	3.9006	2.1916	3.1543	0.0000	0.0000	0.0000	0.0000	0.0000	0.0000	0.0000	0.0000	0.0000	0.0000	0.0000	0.0000	0.0000	0.0000	0.0000	0.0000	0.0000	0.0000	0.0001	0.0001	0.0000	0.0000	0.0000	0.0000	0.0000	0.0000	0.0000	0.0233	0.0126	0.0107	0.0093	0.0079	0.0014	0.0140	0.0047	0.0093	0.0000	0.0000	0.0000	0.0000	0.0000	0.0000	0.0000	0.0000	0.0000	0.0000	0.0000	0.0000	0.0000	0.0000	0.0000	0.0000	0.0000	0.0000			
78	125	0.5982	6	0	1	0	1	0	0	0	0	N	N	N	N	N	N	N	N	N	N	N	N	0.0000	0.0000	0.0000	0.0000	0.0000	0.0000	0.0000	0.0000	0.0000	0.0000	0.0000	0.0000	0.0000	0.0000	0.0000	0.0000	0.0000	0.0001	0.0001	0.0000	0.0001	0.0001	0.0000	0.0000	0.0003	0.0000	7.1471	0.0000	0.0000	0.0003	1.6924	2.1916	1.9110	0.0000	0.0000	0.0000	0.0000	0.0000	0.0000	0.0000	0.0000	0.0000	0.0000	0.0000	0.0000	0.0000	0.0000	0.0000	0.0000	0.0000	0.0000	0.0000	0.0000	0.0000	0.0000	0.0000	0.0000	0.0000	0.0000	0.0000	0.0121	0.0062	0.0059	0.0044	0.0038	0.0007	0.0077	0.0025	0.0052	0.0000	0.0000	0.0000	0.0000	0.0000	0.0000	0.0000	0.0000	0.0000	0.0000	0.0000	0.0000	0.0000	0.0000	0.0000	0.0000	0.0000	0.0000		
78	126	0.0420	3	0	1	0	1	0	0	0	0	N	N	N	N	N	N	N	N	N	N	N	N	0.0000	0.0000	0.0000	0.0000	0.0000	0.0000	0.0000	0.0000	0.0000	0.0000	0.0000	0.0000	0.0000	0.9064	0.0000	0.2552	0.0000	0.0000	0.0000	0.5575	0.0000	0.1331	inf	0.0000	0.0014	0.0003	0.9996	2.1916	8.0005	0.0000	0.0000	0.0000	0.0000	0.0000	0.0000	0.0000	0.0000	0.0000	0.0029	0.0000	0.0029	0.0000	0.0000	0.0000	0.0029	0.0000	0.0029	0.0000	0.0000	0.0000	0.0000	0.0000	0.0000	0.0000	0.0000	0.0000	0.0751	0.0400	0.0351	0.0077	0.0077	0.0000	0.0674	0.0323	0.0351	0.0000	0.0000	0.0000	0.0000	0.0000	0.0000	0.0000	0.0000	0.0000	0.0390	0.0000	0.0834	0.0000	0.0000	0.0000	0.0435	0.0000	0.0834						
78	127	0.1694	5	0	0	0	1	0	0	0	0	N	N	N	N	N	N	N	N	N	N	N	N	0.0451	0.0502	0.0000	0.0005	0.0005	0.0000	0.0587	7.0632	0.0000	0.0809	0.0906	0.0000	0.0011	0.0011	0.0000	0.1084	0.1254	0.0000	1.7952	1.8043	3.6882	2.4182	2.4836	0.0735	1.8471	0.0178	1.2124	0.0000	2.8715	-0.0000	0.0134	0.0003	3.6536	2.1916	12.3970	0.0000	0.0000	0.0000	0.0000	0.0000	0.0000	0.0000	0.0000	0.0000	0.0608	0.0157	0.0451	0.0157	0.0157	0.0000	0.0451	0.0000	0.0450	0.0001	0.0001	0.0000	0.0000	0.0000	0.0000	0.0000	0.0000	0.0000	0.1719	0.0968	0.0751	0.0516	0.0501	0.0014	0.1203	0.0467	0.0736	0.2288	0.5586	0.0000	0.0037	0.0036	0.0000	0.2893	130.8400	0.0000	0.3536	0.1622	0.6004	0.3044	0.3122	0.0314	0.3747	0.0010	0.6115
78	128	0.3478	5	0	0	0	1	0	0	0	0	N	N	N	N	N	N	N	N	N	N	N	N	0.0276	0.0011	0.0751	0.0055	0.0014	0.0066	0.0533	0.0000	0.5027	0.0782	0.0038	0.7401	0.0329	0.0080	0.4649	0.1145	0.0000	0.8271	2.8322	3.4234	9.8590	5.9692	5.8278	70.5789	2.1493	3.7414	1.6454	22.1591	0.4341	0.0000	-0.0964	0.0003	5.3495	2.1916	12.4099	0.0000	0.0000	0.0000	0.0000	0.0000	0.0000	0.0000	0.0000	0.0000	0.4400	0.3068	0.1332	0.3801	0.2926	0.0875	0.0598	0.0142	0.0457	0.0001	0.0001	0.0000	0.0000	0.0000	0.0000	0.0000	0.0000	0.0000	0.1777	0.1101	0.0676	0.0849	0.0749	0.0100	0.0928	0.0352	0.0576	0.0316	0.0013	0.3758	0.0074	0.0021	0.0530	0.1776	0.0000	1.0439	2.4755	2.7863	1.9694	4.4782	3.9065	8.7710	0.6444	0.4023	0.7923
78	129	0.1535	9	0	1	0	2	0	0	0	0	N	N	N	Y	N	N	N	N	N	N	N	N	0.0000	0.0000	0.0000	0.0000	0.0000	0.0000	0.0000	0.0000	0.0000	0.0000	0.0000	0.0000	0.0000	0.0000	0.0000	0.0000	0.0000	0.0000	0.0000	0.0000	0.0003	0.0000	2.1916	0.0000	0.0000	0.0000	0.0000	0.0000	0.0000	0.0000	0.0000	0.0000	0.0000	0.0000	0.0000	0.0000	0.0000	0.0000	0.0000	0.0000	0.0000	0.0000	0.0000	0.0000	0.0000	0.0000	0.0000	0.0000	0.0000	0.0000	0.0000	0.0000	0.0000	0.0000	0.0000	0.0000	0.0000	0.0000	0.0000	0.0000	0.0000	0.0000	0.0000	0.0000	0.0000	0.0000	0.0000	0.0000	0.0000	0.0000	0.0000	0.0000	0.0000	0.0000	0.0000	0.0000	0.0000	0.0000											
78	130	0.1372	8	0	1	0	2	0	0	0	0	N	N	N	Y	N	N	N	N	N	N	N	N	0.0000	0.0000	0.0000	0.0000	0.0000	0.0000	0.0000	0.0000	0.0000	0.0000	0.0000	0.0000	0.0000	0.0000	0.0000	0.0000	0.1820	0.0083	0.0167	0.0134	0.0109	0.0000	0.0400	0.0000	0.0078	6.0003	0.0000	0.0000	0.0003	0.0000	2.1916	3.0001	0.0000	0.0000	0.0000	0.0000	0.0000	0.0000	0.0000	0.0000	0.0000	0.0001	0.0000	0.0001	0.0000	0.0000	0.0000	0.0001	0.0000	0.0001	0.0000	0.0000	0.0000	0.0000	0.0000	0.0000	0.0000	0.0000	0.0000	0.0144	0.0067	0.0077	0.0029	0.0029	0.0000	0.0115	0.0038	0.0077	0.0000	0.0000	0.0000	0.0000	0.0000	0.0000	0.0000	0.0000	0.0000	0.0049	0.0015	0.0078	0.0034	0.0035	0.0000	0.0052	0.0000	0.0078			
78	131	0.1275	7	0	1	0	1	0	0	0	0	N	N	N	N	N	N	N	N	N	N	N	N	0.0000	0.0000	0.0000	0.0000	0.0000	0.0000	0.0000	0.0000	0.0000	0.0000	0.0000	0.0000	0.0000	0.0000	0.0000	0.0000	0.0000	0.0000	0.0000	0.0000	0.0003	0.0000	2.1916	0.0000	0.0000	0.0000	0.0000	0.0000	0.0000	0.0000	0.0000	0.0000	0.0000	0.0000	0.0000	0.0000	0.0000	0.0000	0.0000	0.0000	0.0000	0.0000	0.0000	0.0000	0.0000	0.0000	0.0000	0.0000	0.0000	0.0000	0.0000	0.0000	0.0000	0.0000	0.0000	0.0000	0.0000	0.0000	0.0000	0.0000	0.0000	0.0000	0.0000	0.0000	0.0000	0.0000	0.0000	0.0000	0.0000	0.0000	0.0000	0.0000	0.0000	0.0000	0.0000	0.0000	0.0000	0.0000											
78	132	0.1372	8	0	0	1	2	0	0	0	0	N	N	N	Y	N	N	N	N	N	N	N	N	0.0000	0.0000	0.0000	0.0000	0.0000	0.0000	0.0000	0.0000	0.0000	0.0000	0.0000	0.0000	0.0000	0.0000	0.0000	0.0000	0.0000	0.0000	0.0000	0.0000	0.0003	0.0000	2.1916	1.9999	0.0000	0.0000	0.0000	0.0000	0.0000	0.0000	0.0000	0.0000	0.0000	0.0000	0.0000	0.0000	0.0000	0.0000	0.0000	0.0000	0.0000	0.0000	0.0000	0.0000	0.0000	0.0000	0.0000	0.0000	0.0000	0.0000	0.0000	0.0097	0.0045	0.0052	0.0019	0.0019	0.0000	0.0077	0.0026	0.0052	0.0000	0.0000	0.0000	0.0000	0.0000	0.0000	0.0000	0.0000	0.0000	0.0000	0.0000	0.0000	0.0000	0.0000	0.0000	0.0000	0.0000	0.0000											
78	133	0.1482	9	0	0	1	2	0	0	0	0	N	N	N	Y	N	N	N	N	N	N	N	N	0.0000	0.0000	0.0000	0.0000	0.0000	0.0000	0.0000	0.0000	0.0000	0.0000	0.0000	0.0000	0.0000	0.0000	0.0000	0.0000	0.0000	0.0000	0.0000	0.0000	0.0003	1.0000	2.1916	0.0000	0.0000	0.0000	0.0000	0.0000	0.0000	0.0000	0.0000	0.0000	0.0000	0.0000	0.0000	0.0000	0.0000	0.0000	0.0000	0.0000	0.0000	0.0000	0.0000	0.0000	0.0000	0.0000	0.0000	0.0000	0.0000	0.0000	0.0000	0.0047	0.0022	0.0025	0.0010	0.0010	0.0000	0.0037	0.0012	0.0025	0.0000	0.0000	0.0000	0.0000	0.0000	0.0000	0.0000	0.0000	0.0000	0.0000	0.0000	0.0000	0.0000	0.0000	0.0000	0.0000	0.0000	0.0000											
78	134	0.1482	9	0	0	1	2	0	0	0	0	N	N	N	Y	N	N	N	N	N	N	N	N	0.0000	0.0000	0.0000	0.0000	0.0000	0.0000	0.0000	0.0000	0.0000	0.0000	0.0000	0.0000	0.0000	0.0000	0.0000	0.0000	0.0000	0.0000	0.0000	0.0000	0.0003	0.0000	2.1916	0.0000	0.0000	0.0000	0.0000	0.0000	0.0000	0.0000	0.0000	0.0000	0.0000	0.0000	0.0000	0.0000	0.0000	0.0000	0.0000	0.0000	0.0000	0.0000	0.0000	0.0000	0.0000	0.0000	0.0000	0.0000	0.0000	0.0000	0.0000	0.0000	0.0000	0.0000	0.0000	0.0000	0.0000	0.0000	0.0000	0.0000	0.0000	0.0000	0.0000	0.0000	0.0000	0.0000	0.0000	0.0000	0.0000	0.0000	0.0000	0.0000	0.0000	0.0000	0.0000	0.0000	0.0000	0.0000											
78	135	0.1372	8	0	0	1	2	0	0	0	0	N	N	N	Y	N	N	N	N	N	N	N	N	0.0000	0.0000	0.0000	0.0000	0.0000	0.0000	0.0000	0.0000	0.0000	0.0000	0.0000	0.0000	0.0000	0.0000	0.0000	0.0000	0.0000	0.0000	0.0000	-0.0000	0.0003	2.0025	2.1916	0.9943	0.0000	0.0000	0.0000	0.0000	0.0000	0.0000	0.0000	0.0000	0.0000	0.0000	0.0000	0.0000	0.0000	0.0000	0.0000	0.0000	0.0000	0.0000	0.0000	0.0000	0.0000	0.0000	0.0000	0.0000	0.0000	0.0000	0.0000	0.0144	0.0067	0.0077	0.0029	0.0029	0.0000	0.0115	0.0038	0.0077	0.0000	0.0000	0.0000	0.0000	0.0000	0.0000	0.0000	0.0000	0.0000	0.0000	0.0000	0.0000	0.0000	0.0000	0.0000	0.0000	0.0000	0.0000											
78	136	0.1372	7	0	0	0	2	0	0	0	0	N	N	N	Y	N	N	N	N	N	N	N	N	0.0000	0.0000	0.0000	0.0000	0.0000	0.0000	0.0000	0.0000	0.0000	0.0000	0.0000	0.0000	0.0000	0.0001	0.0000	0.0000	0.0000	0.0000	0.0000	0.0000	0.0000	0.0000	inf	0.0000	0.0000	0.0003	0.0050	2.1916	0.0173	0.0000	0.0000	0.0000	0.0000	0.0000	0.0000	0.0000	0.0000	0.0000	0.0000	0.0000	0.0000	0.0000	0.0000	0.0000	0.0000	0.0000	0.0000	0.0000	0.0000	0.0000	0.0000	0.0000	0.0000	0.0000	0.0000	0.0000	0.0001	0.0001	0.0001	0.0000	0.0000	0.0000	0.0001	0.0000	0.0001	0.0000	0.0000	0.0000	0.0000	0.0000	0.0000	0.0000	0.0000	0.0000	0.0000	0.0000	0.0000	0.0000	0.0000	0.0000	0.0000	0.0000	0.0000						
78	137	0.1275	6	0	0	0	2	0	0	0	0	N	N	N	Y	N	N	N	N	N	N	N	N	0.0000	0.0000	0.0000	0.0000	0.0000	0.0000	0.0000	0.0000	0.0000	0.0000	0.0000	0.0000	0.0000	0.0043	0.0000	0.0013	0.0000	0.0000	0.0000	0.0020	0.0000	0.0013	inf	0.0000	0.0000	0.0003	1.9972	2.1916	1.0076	0.0000	0.0000	0.0000	0.0000	0.0000	0.0000	0.0000	0.0000	0.0000	0.0000	0.0000	0.0000	0.0000	0.0000	0.0000	0.0000	0.0000	0.0000	0.0000	0.0000	0.0000	0.0000	0.0000	0.0000	0.0000	0.0000	0.0000	0.0139	0.0065	0.0074	0.0029	0.0029	0.0000	0.0110	0.0036	0.0074	0.0000	0.0000	0.0000	0.0000	0.0000	0.0000	0.0000	0.0000	0.0000	0.0007	0.0000	0.0013	0.0000	0.0000	0.0000	0.0009	0.0000	0.0013						
78	138	0.1103	5	1	1	0	1	0	0	0	0	N	N	N	N	N	N	N	N	N	N	N	N	7.6635	4.3630	0.0000	13.3790	16.4792	0.0000	0.0000	0.0000	0.0000	1.1198	1.2537	0.0000	2.6209	2.6760	0.0000	0.0000	0.0000	0.0000	0.1461	0.2874	0.0013	0.1959	0.1624	0.0000	0.0013	0.0002	0.0013	0.0000	0.1666	-0.0000	-0.0000	0.0003	0.0002	2.1916	2.3255	0.0000	0.0000	0.0000	0.0000	0.0000	0.0000	0.0000	0.0000	0.0000	0.0001	0.0001	0.0000	0.0001	0.0001	0.0000	0.0000	0.0000	0.0000	0.0000	0.0000	0.0000	0.0000	0.0000	0.0000	0.0000	0.0000	0.0000	0.0155	0.0085	0.0070	0.0041	0.0040	0.0001	0.0114	0.0045	0.0069	266.4827	191.3614	0.0000	193.6036	193.5990	0.0000	0.0000	0.0000	0.0000	0.0042	0.0066	0.0013	0.0135	0.0138	0.0000	0.0008	0.0000	0.0013
78	139	0.0924	4	1	1	0	1	0	0	0	0	N	N	N	N	N	N	N	N	N	N	N	N	0.0841	0.0087	9.9160	0.0000	0.0000	0.0000	0.2791	0.0032	12.1256	0.0037	0.0001	0.0400	0.0000	0.0000	0.0000	0.0060	0.0002	0.0483	0.0442	0.0137	0.0040	0.0037	0.0030	0.0000	0.0216	0.0548	0.0040	33.4068	1.7689	0.0000	0.0000	0.0003	2.0138	2.1916	2.7349	0.0000	0.0000	0.0000	0.0000	0.0000	0.0000	0.0000	0.0000	0.0000	0.0001	0.0000	0.0001	0.0000	0.0000	0.0000	0.0001	0.0000	0.0001	0.0000	0.0000	0.0000	0.0000	0.0000	0.0000	0.0000	0.0000	0.0000	0.0367	0.0198	0.0169	0.0101	0.0099	0.0003	0.0265	0.0099	0.0167	1.3117	0.0625	10.1897	0.0000	0.0000	0.0000	1.7888	0.0753	12.1256	0.0028	0.0019	0.0039	0.0014	0.0015	0.0000	0.0034	0.0023	0.0040
78	140	0.1089	5	0	1	0	1	0	0	0	0	N	N	N	N	N	N	N	N	N	N	N	N	0.0000	0.0000	0.0000	0.0000	0.0000	0.0000	0.0000	0.0000	0.0000	0.0000	0.0000	0.0000	0.0000	0.0000	0.0000	0.0000	0.0002	0.0002	0.0001	0.0002	0.0002	0.0000	0.0001	0.0000	0.0001	8.9352	0.0000	0.0000	0.0003	1.9232	2.1916	1.1116	0.0000	0.0000	0.0000	0.0000	0.0000	0.0000	0.0000	0.0000	0.0000	0.0000	0.0000	0.0000	0.0000	0.0000	0.0000	0.0000	0.0000	0.0000	0.0000	0.0000	0.0000	0.0000	0.0000	0.0000	0.0000	0.0000	0.0000	0.0165	0.0082	0.0083	0.0038	0.0037	0.0001	0.0127	0.0045	0.0083	0.0000	0.0000	0.0000	0.0000	0.0000	0.0000	0.0000	0.0000	0.0000	0.0000	0.0000	0.0001	0.0000	0.0000	0.0000	0.0000	0.0000	0.0001			
78	141	0.6174	7	0	1	0	1	0	0	0	0	N	N	N	N	N	N	N	N	N	N	N	N	inf	inf	inf	inf	0.5133	0.0000	6.3735	0.0000	0.0000	0.0000	1.7415	0.0000	12.5305	0.0000	0.0000	0.0000	0.0000	0.0000	0.0000	0.0000	0.0000	0.0000	inf	0.0000	0.0000	0.0003	3.0000	2.1916	1.0000	0.0000	0.0000	0.0000	0.0000	0.0000	0.0000	0.0000	0.0000	0.0000	0.0000	0.0000	0.0000	0.0000	0.0000	0.0000	0.0000	0.0000	0.0000	0.0001	0.0001	0.0000	0.0000	0.0000	0.0000	0.0000	0.0000	0.0000	0.0134	0.0069	0.0065	0.0049	0.0042	0.0008	0.0085	0.0027	0.0057	inf	0.0000	inf	0.0000	0.0000	0.0000	inf	0.0000	inf	0.0000	0.0000	0.0000	0.0000	0.0000	0.0000	0.0000	0.0000	0.0000						
78	142	0.5982	6	0	0	0	1	0	0	0	0	N	N	N	N	N	N	N	N	N	N	N	N	0.0000	0.0000	0.0000	0.0000	0.0000	0.0000	0.0000	0.0000	0.0000	0.0000	0.0000	0.0000	0.0000	0.0000	0.0000	0.0000	0.0000	0.0000	0.0000	0.0000	0.0003	1.0000	2.1916	1.0000	0.0000	0.0000	0.0000	0.0000	0.0000	0.0000	0.0000	0.0000	0.0000	0.0000	0.0000	0.0000	0.0000	0.0000	0.0000	0.0000	0.0000	0.0000	0.0000	0.0000	0.0000	0.0000	0.0000	0.0000	0.0000	0.0000	0.0000	0.0069	0.0036	0.0034	0.0025	0.0021	0.0004	0.0044	0.0014	0.0030	0.0000	0.0000	0.0000	0.0000	0.0000	0.0000	0.0000	0.0000	0.0000	0.0000	0.0000	0.0000	0.0000	0.0000	0.0000	0.0000	0.0000	0.0000											
78	143	0.3478	5	0	0	0	1	0	0	0	0	N	N	N	N	N	N	N	N	N	N	N	N	1.0042	2.2709	0.0000	3.4959	4.0125	0.0000	0.0000	0.0014	0.0015	0.0000	0.0032	0.0034	0.0000	0.0000	0.0000	0.0000	0.0014	0.0007	0.0006	0.0009	0.0008	0.0000	0.0005	0.0000	0.0007	0.0000	1.3410	-0.0000	0.0000	0.0003	7.1211	2.1916	10.9474	0.0000	0.0000	0.0000	0.0000	0.0000	0.0000	0.0000	0.0000	0.0000	0.0001	0.0000	0.0000	0.0000	0.0000	0.0000	0.0000	0.0000	0.0000	0.0001	0.0001	0.0000	0.0000	0.0000	0.0000	0.0001	0.0001	0.0000	0.1785	0.1105	0.0681	0.0851	0.0751	0.0100	0.0934	0.0354	0.0581	3.3381	5.3724	0.0000	8.7854	8.1833	0.0000	0.0000	0.0000	0.0000	0.0004	0.0003	0.0006	0.0004	0.0004	0.0000	0.0004	0.0000	0.0007		
78	144	0.1530	4	0	0	0	1	0	0	0	0	N	N	N	N	N	N	N	N	N	N	N	N	0.0205	0.0098	0.0300	0.0523	0.0337	0.5581	0.0066	0.0011	0.0173	0.0687	0.0391	0.3245	0.2053	0.1327	2.9580	0.0289	0.0087	0.1684	3.3510	3.9682	10.8208	3.9259	3.9387	5.3002	4.3858	7.9230	9.7088	0.9606	0.5360	0.0000	-0.1485	0.0003	8.5175	2.1916	23.1696	0.0000	0.0000	0.0000	0.0000	0.0000	0.0000	0.0000	0.0000	0.0000	0.8585	0.5589	0.2996	0.0823	0.0804	0.0018	0.7762	0.4785	0.2978	0.0001	0.0001	0.0000	0.0000	0.0000	0.0000	0.0001	0.0001	0.0000	0.2562	0.1408	0.1154	0.0792	0.0767	0.0025	0.1770	0.0641	0.1129	0.0205	0.0098	0.1249	0.1977	0.1265	4.0000	0.0066	0.0012	0.0638	3.3510	3.9682	2.5972	1.0388	1.0485	0.7395	4.3858	7.4616	2.6382
78	145	0.1275	7	1	1	0	1	0	0	0	0	N	N	N	N	N	N	N	N	N	N	N	N	inf	inf	inf	inf	inf	inf	3.9541	3.3434	8.7468	0.0000	0.0000	0.0000	8.1805	7.2720	13.0840	0.0000	0.0000	0.0000	0.0000	0.0000	0.0000	0.0000	0.0000	0.0000	0.3333	-0.0000	0.0000	0.0003	1.0000	2.1916	1.0000	0.0000	0.0000	0.0000	0.0000	0.0000	0.0000	0.0000	0.0000	0.0000	0.0000	0.0000	0.0000	0.0000	0.0000	0.0000	0.0000	0.0000	0.0000	0.0000	0.0000	0.0000	0.0000	0.0000	0.0000	0.0000	0.0000	0.0000	0.0093	0.0043	0.0050	0.0019	0.0019	0.0000	0.0074	0.0024	0.0050	inf	inf	inf	0.0000	0.0000	0.0000	inf	inf	inf	0.0000	0.0000	0.0000	0.0000	0.0000	0.0000	0.0000	0.0000	0.0000				
78	146	0.1275	6	0	1	0	1	0	0	0	0	N	N	N	N	N	N	N	N	N	N	N	N	0.0000	0.0000	0.0000	0.0000	0.0000	0.0000	0.0000	0.0000	0.0000	0.0000	0.0000	0.0000	0.0000	0.0000	0.0000	0.0000	0.0000	0.0000	0.0000	0.0000	0.0003	0.0003	2.1916	0.0000	0.0000	0.0000	0.0000	0.0000	0.0000	0.0000	0.0000	0.0000	0.0000	0.0000	0.0000	0.0000	0.0000	0.0000	0.0000	0.0000	0.0000	0.0000	0.0000	0.0000	0.0000	0.0000	0.0000	0.0000	0.0000	0.0000	0.0000	0.0000	0.0000	0.0000	0.0000	0.0000	0.0000	0.0000	0.0000	0.0000	0.0000	0.0000	0.0000	0.0000	0.0000	0.0000	0.0000	0.0000	0.0000	0.0000	0.0000	0.0000	0.0000	0.0000	0.0000	0.0000	0.0000	0.0000											
78	147	0.1089	5	0	0	0	1	0	0	0	0	N	N	N	N	N	N	N	N	N	N	N	N	0.0000	0.0000	0.0000	0.0000	0.0000	0.0000	0.0000	0.0000	0.0000	0.0000	0.0000	0.0000	0.0000	0.0000	0.0000	0.0000	0.0001	0.0001	0.0000	0.0002	0.0002	0.0000	0.0000	0.0000	0.0000	8.9352	0.0000	0.0000	0.0003	4.9449	2.1916	1.0063	0.0000	0.0000	0.0000	0.0000	0.0000	0.0000	0.0000	0.0000	0.0000	0.0000	0.0000	0.0000	0.0000	0.0000	0.0000	0.0000	0.0000	0.0000	0.0001	0.0000	0.0000	0.0000	0.0000	0.0000	0.0000	0.0000	0.0000	0.0302	0.0147	0.0155	0.0065	0.0064	0.0001	0.0237	0.0083	0.0154	0.0000	0.0000	0.0000	0.0000	0.0000	0.0000	0.0000	0.0000	0.0000	0.0000	0.0000	0.0000	0.0000	0.0000	0.0000	0.0000	0.0000	0.0000			
78	148	0.0924	4	0	0	0	1	0	0	0	0	N	N	N	N	N	N	N	N	N	N	N	N	0.4502	0.0416	17.2900	0.0687	0.0774	1.9394	0.0000	20.5711	0.0026	0.0000	0.0251	0.0001	0.0001	0.0000	0.0039	0.0000	0.0303	0.0057	0.0008	0.0015	0.0016	0.0012	0.0000	0.0020	0.0001	0.0015	80.4998	3.7600	0.0000	0.0000	0.0003	3.4778	2.1916	1.2917	0.0000	0.0000	0.0000	0.0000	0.0000	0.0000	0.0000	0.0000	0.0000	0.0000	0.0000	0.0000	0.0000	0.0000	0.0000	0.0000	0.0000	0.0000	0.0000	0.0000	0.0000	0.0000	0.0000	0.0000	0.0000	0.0000	0.0000	0.0368	0.0198	0.0170	0.0102	0.0099	0.0003	0.0266	0.0099	0.0167	3.0317	0.1061	17.2900	0.1689	0.1405	0.0000	4.2521	0.0000	20.5711	0.0008	0.0003	0.0015	0.0006	0.0007	0.0000	0.0009	0.0000	0.0015	
78	149	0.0420	3	0	0	0	1	0	0	0	0	N	N	N	N	N	N	N	N	N	N	N	N	0.3780	0.0000	15.9255	0.0000	0.0000	0.8233	0.0000	34.5355	0.3228	0.0000	3.0405	0.0000	0.0000	0.0000	0.3771	0.0000	3.0953	0.8538	0.0081	0.1909	0.0358	0.0294	0.0000	0.4581	0.0053	0.0896	inf	40.2143	0.0000	0.0014	0.0003	7.8050	2.1916	4.0035	0.0000	0.0000	0.0000	0.0000	0.0000	0.0000	0.0000	0.0000	0.0000	0.0030	0.0001	0.0029	0.0001	0.0001	0.0000	0.0029	0.0000	0.0029	0.0001	0.0001	0.0000	0.0000	0.0000	0.0000	0.0001	0.0001	0.0000	0.0936	0.0496	0.0440	0.0099	0.0099	0.0000	0.0837	0.0397	0.0440	10.0962	0.0000	45.8207	0.0000	0.0000	0.0000	10.7673	0.0000	46.6262	0.0320	0.0015	0.0664	0.0061	0.0061	0.0000	0.0350	0.0003	0.0664	
78	150	0.1694	5	0	0	0	1	0	0	0	0	N	N	N	N	N	N	N	N	N	N	N	N	0.0157	0.0589	0.0000	0.1558	0.1541	0.0000	0.0000	0.0000	0.0000	0.0921	0.1031	0.0000	0.3602	0.3687	0.0000	0.0000	0.0000	0.0000	5.8714	1.7500	21.2625	2.3126	2.3924	0.1718	8.2113	0.0196	25.3500	0.0000	74.8902	-0.0000	0.4890	0.0003	3.7255	2.1916	14.1767	0.0000	0.0000	0.0000	0.0000	0.0000	0.0000	0.0000	0.0000	0.0000	1.0519	0.0139	1.0380	0.0139	0.0138	0.0001	1.0380	0.0001	1.0379	0.0001	0.0001	0.0000	0.0000	0.0000	0.0000	0.0000	0.0000	0.0000	0.1792	0.1008	0.0784	0.0527	0.0512	0.0016	0.1264	0.0496	0.0768	0.0157	0.7497	0.0000	1.3667	1.3672	0.0000	0.0000	0.0000	0.0000	5.8714	0.1375	13.2445	0.2635	0.2697	0.0610	8.2113	0.0011	13.5117
78	151	0.1530	4	0	0	0	1	0	0	0	0	N	N	N	N	N	N	N	N	N	N	N	N	0.0711	0.0682	0.0004	0.0702	0.0711	0.1085	0.0487	0.1652	0.0006	0.1748	0.1961	0.0035	0.3070	0.3114	0.0203	0.1225	0.1434	0.0028	2.4590	2.8747	8.5037	4.3712	4.3774	0.1873	2.5173	0.8678	5.0398	0.0022	1.1706	-0.0000	0.0038	0.0003	1.4205	2.1916	4.0377	0.0000	0.0000	0.0000	0.0000	0.0000	0.0000	0.0000	0.0000	0.0000	0.2190	0.1009	0.1181	0.1006	0.1006	0.0000	0.1183	0.0003	0.1180	0.0000	0.0000	0.0000	0.0000	0.0000	0.0000	0.0000	0.0000	0.0000	0.1665	0.0922	0.0743	0.0689	0.0681	0.0007	0.0977	0.0241	0.0736	0.1330	0.1793	0.0022	0.2101	0.2108	0.3104	0.1012	12.2556	0.0018	1.3147	1.0940	1.5884	1.4615	1.4769	0.0655	1.2112	0.0117	1.6039
78	152	0.0420	3	0	0	0	1	0	0	0	0	N	N	N	N	N	N	N	N	N	N	N	N	0.0258	0.0275	0.0001	0.0000	0.0000	0.0000	0.0278	0.0249	0.0001	0.0669	0.0747	0.0013	0.0000	0.0000	0.0000	0.0781	0.0888	0.0014	2.5896	2.7189	10.7029	5.1957	5.2584	0.0000	2.8136	3.5685	9.5463	0.0022	2.6790	-0.0000	0.0453	0.0003	6.4701	2.1916	12.4371	0.0000	0.0000	0.0000	0.0000	0.0000	0.0000	0.0000	0.0000	0.0000	0.2196	0.0597	0.1599	0.0405	0.0405	0.0000	0.1790	0.0192	0.1599	0.0001	0.0001	0.0000	0.0000	0.0000	0.0000	0.0001	0.0001	0.0000	0.1329	0.0697	0.0632	0.0151	0.0151	0.0000	0.1178	0.0546	0.0632	0.0405	0.0872	0.0005	0.0000	0.0000	0.0000	0.0514	0.2530	0.0005	1.6523	0.8565	2.5297	2.6797	2.6853	0.0000	1.5204	0.3510	2.5310
79	80	0.1118	5	0	1	1	0	0	0	0	0	N	N	N	N	N	N	N	N	N	N	N	N	0.0000	0.0000	0.0000	0.0000	0.0000	0.0000	0.0000	0.0000	0.0000	0.0000	0.0000	0.0000	0.0000	0.0000	0.0000	0.0000	0.0000	0.0000	0.0000	0.0000	0.2782	0.0029	1.3600	2.0135	0.0000	0.0000	0.0000	0.0000	0.0000	0.0000	0.0000	0.0000	0.0000	0.0000	0.0000	0.0000	0.0000	0.0000	0.0000	0.0000	0.0000	0.0000	0.0001	0.0001	0.0000	0.0001	0.0001	0.0000	0.0000	0.0000	0.0000	0.0077	0.0040	0.0036	0.0012	0.0012	0.0000	0.0064	0.0028	0.0036	0.0000	0.0000	0.0000	0.0000	0.0000	0.0000	0.0000	0.0000	0.0000	0.0000	0.0000	0.0000	0.0000	0.0000	0.0000	0.0000	0.0000	0.0000											
79	81	0.1052	4	0	1	0	0	0	0	0	0	N	N	N	N	N	N	N	N	N	N	N	N	0.2871	15.9125	0.0000	0.9006	14.3258	0.0000	0.0000	0.0000	0.0017	0.0019	0.0000	0.0024	0.0025	0.0000	0.0000	0.0000	0.0000	0.0059	0.0001	0.0018	0.0026	0.0002	0.1970	0.0015	0.0000	0.0014	0.0000	710.9880	-0.0000	0.0000	0.2782	0.6188	1.3600	0.9475	0.0000	0.0000	0.0000	0.0000	0.0000	0.0000	0.0000	0.0000	0.0000	0.0000	0.0000	0.0000	0.0000	0.0000	0.0000	0.0000	0.0000	0.0000	0.0147	0.0134	0.0013	0.0105	0.0099	0.0006	0.0042	0.0035	0.0007	0.0067	0.0035	0.0032	0.0013	0.0013	0.0000	0.0054	0.0022	0.0032	1.9206	779.6780	0.0000	2.2633	388.2169	0.0000	0.0000	0.0000	0.0000	0.0009	0.0000	0.0018	0.0010	0.0000	0.0707	0.0008	0.0000	0.0014	
79	82	0.6165	6	0	1	1	0	0	0	0	0	N	N	N	N	N	N	N	N	N	N	N	N	0.0000	0.0000	0.0000	0.0000	0.0000	0.0000	0.0000	0.0000	0.0000	0.0000	0.0000	0.0000	0.0000	0.0000	0.0000	0.0000	0.0000	0.0000	0.0000	0.0000	0.2782	0.0000	1.3600	1.0000	0.0000	0.0000	0.0000	0.0000	0.0000	0.0000	0.0000	0.0000	0.0000	0.0000	0.0000	0.0000	0.0000	0.0000	0.0000	0.0000	0.0000	0.0000	0.0000	0.0000	0.0000	0.0000	0.0000	0.0000	0.0000	0.0000	0.0000	0.0027	0.0016	0.0011	0.0013	0.0011	0.0002	0.0014	0.0005	0.0010	0.0000	0.0000	0.0000	0.0000	0.0000	0.0000	0.0000	0.0000	0.0000	0.0000	0.0000	0.0000	0.0000	0.0000	0.0000	0.0000	0.0000	0.0000											
79	83	0.0792	3	1	0	1	0	0	0	0	0	N	N	N	N	N	N	N	N	N	N	N	N	0.0000	0.0000	0.0000	0.0000	0.0000	0.0000	0.0000	0.0000	0.0000	0.0000	0.0000	0.0000	0.0000	0.0000	0.0000	0.0000	0.0000	0.0000	0.0000	0.0000	0.2782	9.0001	1.3600	3.0001	0.0000	0.0000	0.0000	0.0000	0.0000	0.0000	0.0000	0.0000	0.0000	0.0000	0.0000	0.0000	0.0000	0.0000	0.0000	0.0000	0.0000	0.0000	0.1224	0.1099	0.0125	0.0834	0.0762	0.0072	0.0390	0.0338	0.0053	0.0410	0.0208	0.0202	0.0054	0.0053	0.0000	0.0356	0.0155	0.0201	0.0000	0.0000	0.0000	0.0000	0.0000	0.0000	0.0000	0.0000	0.0000	0.0000	0.0000	0.0000	0.0000	0.0000	0.0000	0.0000	0.0000	0.0000											
79	84	0.5941	5	1	0	1	0	0	0	0	0	N	N	N	N	N	N	N	N	N	N	N	N	0.0000	0.0000	0.0000	0.0000	0.0000	0.0000	0.0000	0.0000	0.0000	0.0000	0.0000	0.0000	0.0000	0.0000	0.0000	0.0000	0.0000	0.0000	0.0000	0.0000	0.2782	4.0000	1.3600	0.0000	0.0000	0.0000	0.0000	0.0000	0.0000	0.0000	0.0000	0.0000	0.0000	0.0000	0.0000	0.0000	0.0000	0.0000	0.0000	0.0000	0.0000	0.0000	0.1050	0.0978	0.0072	0.0576	0.0563	0.0013	0.0474	0.0415	0.0059	0.0057	0.0029	0.0028	0.0020	0.0017	0.0003	0.0037	0.0012	0.0025	0.0000	0.0000	0.0000	0.0000	0.0000	0.0000	0.0000	0.0000	0.0000	0.0000	0.0000	0.0000	0.0000	0.0000	0.0000	0.0000	0.0000	0.0000											
79	85	0.6402	6	1	1	0	0	0	0	0	0	N	N	N	N	N	N	N	N	N	N	N	N	0.0993	0.2191	0.0000	0.3481	0.3929	0.0004	inf	0.0000	0.0002	0.0002	0.0000	0.0003	0.0004	0.0000	0.0000	0.0000	0.0000	0.0018	0.0009	0.0007	0.0010	0.0009	0.0000	0.0006	0.0000	0.0008	0.0000	1.1427	-0.0000	0.0000	0.2782	1.0086	1.3600	1.7435	0.0000	0.0000	0.0000	0.0000	0.0000	0.0000	0.0000	0.0000	0.0000	0.0000	0.0000	0.0000	0.0000	0.0000	0.0000	0.0000	0.0000	0.0000	0.0310	0.0287	0.0022	0.0159	0.0156	0.0003	0.0150	0.0131	0.0019	0.0093	0.0060	0.0033	0.0048	0.0043	0.0005	0.0045	0.0017	0.0028	0.3824	0.5658	0.0000	0.8214	0.7486	0.0000	0.0005	inf	0.0000	0.0005	0.0003	0.0007	0.0004	0.0005	0.0000	0.0005	0.0000	0.0008	
79	86	0.5941	5	1	1	0	0	0	0	0	0	N	N	N	N	N	N	N	N	N	N	N	N	0.1361	2.4524	0.4502	2.6824	0.0001	0.0000	0.0014	0.0000	0.0000	0.0000	0.0002	0.0000	0.0017	0.0007	0.0000	0.0006	0.0000	0.0000	0.0000	0.0005	0.0000	0.0006	inf	inf	0.0000	0.0000	0.2782	1.0165	1.3600	4.1395	0.0000	0.0000	0.0000	0.0000	0.0000	0.0000	0.0000	0.0000	0.0000	0.0000	0.0000	0.0000	0.0000	0.0000	0.0000	0.0000	0.0000	0.0000	0.0292	0.0271	0.0020	0.0161	0.0157	0.0004	0.0131	0.0114	0.0016	0.0073	0.0037	0.0036	0.0026	0.0022	0.0004	0.0047	0.0015	0.0032	0.3450	0.0000	2.4524	0.0000	0.0000	0.0000	0.4945	0.0000	2.6824	0.0003	0.0000	0.0006	0.0000	0.0000	0.0000	0.0004	0.0000	0.0006					
79	87	0.0380	2	1	1	0	0	0	0	0	0	N	N	N	N	N	N	N	N	N	N	N	N	0.0000	0.0000	0.0000	0.0000	0.0000	0.0000	0.0000	0.0000	0.0000	0.0000	0.0000	0.0000	0.0000	0.0000	0.0000	0.0036	0.0006	0.0012	0.0000	0.0000	0.0000	0.0011	0.0051	0.0012	4.0000	0.0000	0.0000	0.2782	9.0005	1.3600	5.0000	0.0000	0.0000	0.0000	0.0000	0.0000	0.0000	0.0000	0.0000	0.0000	0.0001	0.0000	0.0000	0.0000	0.0000	0.0000	0.0001	0.0000	0.0000	0.2376	0.2186	0.0190	0.0806	0.0804	0.0003	0.1570	0.1382	0.0188	0.0752	0.0414	0.0338	0.0058	0.0058	0.0000	0.0694	0.0356	0.0338	0.0000	0.0000	0.0000	0.0000	0.0000	0.0000	0.0000	0.0000	0.0000	0.0007	0.0002	0.0012	0.0000	0.0000	0.0000	0.0007	0.0003	0.0012				
79	88	0.6165	6	0	1	0	0	0	0	0	0	N	N	N	N	N	N	N	N	N	N	N	N	0.0000	0.0000	0.0000	0.0000	0.0000	0.0000	0.0000	0.0000	0.0000	0.0000	0.0000	0.0000	0.0000	0.0000	0.0000	0.0000	0.0000	0.0000	0.0000	0.0000	0.2782	0.0000	1.3600	0.0000	0.0000	0.0000	0.0000	0.0000	0.0000	0.0000	0.0000	0.0000	0.0000	0.0000	0.0000	0.0000	0.0000	0.0000	0.0000	0.0000	0.0000	0.0000	0.0000	0.0000	0.0000	0.0000	0.0000	0.0000	0.0000	0.0000	0.0000	0.0000	0.0000	0.0000	0.0000	0.0000	0.0000	0.0000	0.0000	0.0000	0.0000	0.0000	0.0000	0.0000	0.0000	0.0000	0.0000	0.0000	0.0000	0.0000	0.0000	0.0000	0.0000	0.0000	0.0000	0.0000	0.0000	0.0000											
79	89	0.1052	4	0	1	0	0	0	0	0	0	N	N	N	N	N	N	N	N	N	N	N	N	0.0000	0.0000	0.0000	0.0000	0.0000	0.0000	0.0000	0.0000	0.0000	0.0000	0.0000	0.0000	0.0000	0.0000	0.0000	0.0000	0.0000	0.0000	0.0000	-0.0000	0.2782	1.9953	1.3600	1.0817	0.0000	0.0000	0.0000	0.0000	0.0000	0.0000	0.0000	0.0000	0.0000	0.0000	0.0000	0.0000	0.0000	0.0000	0.0000	0.0000	0.0000	0.0000	0.0336	0.0303	0.0032	0.0231	0.0213	0.0017	0.0105	0.0090	0.0015	0.0122	0.0063	0.0059	0.0021	0.0021	0.0000	0.0101	0.0043	0.0058	0.0000	0.0000	0.0000	0.0000	0.0000	0.0000	0.0000	0.0000	0.0000	0.0000	0.0000	0.0000	0.0000	0.0000	0.0000	0.0000	0.0000	0.0000											
79	90	0.0792	3	0	1	0	0	0	0	0	0	N	N	N	N	N	N	N	N	N	N	N	N	1.8994	0.8509	inf	0.3050	0.3937	inf	0.0007	0.0007	0.0007	0.0010	0.0009	0.0013	0.0000	0.0000	0.0000	0.0004	0.0008	0.0000	0.0031	0.0024	0.0000	0.0000	0.0000	0.0000	0.1250	0.0002	-0.0000	-0.0000	0.2782	2.3999	1.3600	4.0713	0.0000	0.0000	0.0000	0.0000	0.0000	0.0000	0.0000	0.0000	0.0000	0.0000	0.0000	0.0000	0.0000	0.0000	0.0000	0.0000	0.0000	0.0000	0.0376	0.0338	0.0038	0.0262	0.0240	0.0022	0.0114	0.0098	0.0016	0.0234	0.0119	0.0116	0.0031	0.0031	0.0000	0.0203	0.0088	0.0115	4.3194	2.1625	inf	0.8213	0.7939	inf	0.0000	0.0000	0.0000	0.0002	0.0003	0.0000	0.0012	0.0012	0.0000	0.0000	0.0000	0.0000			
79	91	0.0399	2	0	0	1	0	0	0	0	0	N	N	N	N	N	N	N	N	N	N	N	N	0.0000	0.0000	0.0000	0.0000	0.0000	0.0000	0.0000	0.0000	0.0000	0.0000	0.0000	0.0000	0.0000	0.0000	0.0000	0.0000	0.0000	0.0000	0.0000	0.0000	0.2782	0.0000	1.3600	0.0000	0.0000	0.0000	0.0000	0.0000	0.0000	0.0000	0.0000	0.0000	0.0000	0.0000	0.0000	0.0000	0.0000	0.0000	0.0000	0.0000	0.0000	0.0000	0.0000	0.0000	0.0000	0.0000	0.0000	0.0000	0.0000	0.0000	0.0000	0.0000	0.0000	0.0000	0.0000	0.0000	0.0000	0.0000	0.0000	0.0000	0.0000	0.0000	0.0000	0.0000	0.0000	0.0000	0.0000	0.0000	0.0000	0.0000	0.0000	0.0000	0.0000	0.0000	0.0000	0.0000	0.0000	0.0000											
79	94	0.0955	4	1	1	0	0	0	0	0	0	N	N	N	N	N	N	N	N	N	N	N	N	0.0000	0.0000	0.0000	0.0000	0.0000	0.0000	0.0000	0.0000	0.0000	0.0000	0.0000	0.0000	0.0000	0.0000	0.0000	0.0000	0.0000	0.0000	0.0000	0.0000	0.2782	5.9980	1.3600	4.9575	0.0000	0.0000	0.0000	0.0000	0.0000	0.0000	0.0000	0.0000	0.0000	0.0000	0.0000	0.0000	0.0000	0.0000	0.0000	0.0000	0.0000	0.0000	0.0870	0.0786	0.0084	0.0611	0.0561	0.0050	0.0260	0.0225	0.0035	0.0361	0.0191	0.0169	0.0055	0.0055	0.0001	0.0306	0.0137	0.0169	0.0000	0.0000	0.0000	0.0000	0.0000	0.0000	0.0000	0.0000	0.0000	0.0000	0.0000	0.0000	0.0000	0.0000	0.0000	0.0000	0.0000	0.0000											
79	95	0.6165	6	1	1	0	0	0	0	0	0	N	N	N	N	N	N	N	N	N	N	N	N	0.0000	0.0000	0.0000	0.0000	0.0000	0.0000	0.0000	0.0000	0.0000	0.0000	0.0000	0.0000	0.0000	0.0000	0.0000	0.0000	0.0000	0.0000	0.0000	0.0000	0.2782	0.0000	1.3600	2.0000	0.0000	0.0000	0.0000	0.0000	0.0000	0.0000	0.0000	0.0000	0.0000	0.0000	0.0000	0.0000	0.0000	0.0000	0.0000	0.0000	0.0000	0.0000	0.0000	0.0000	0.0000	0.0000	0.0000	0.0000	0.0000	0.0000	0.0000	0.0054	0.0031	0.0023	0.0025	0.0022	0.0004	0.0028	0.0009	0.0019	0.0000	0.0000	0.0000	0.0000	0.0000	0.0000	0.0000	0.0000	0.0000	0.0000	0.0000	0.0000	0.0000	0.0000	0.0000	0.0000	0.0000	0.0000											
79	96	0.5941	5	0	1	0	0	0	0	0	0	N	N	N	N	N	N	N	N	N	N	N	N	0.0000	0.0000	0.0000	0.0000	0.0000	0.0000	0.0000	0.0000	0.0000	0.0000	0.0000	0.0000	0.0000	0.0000	0.0000	0.0000	0.0000	0.0000	0.0000	0.0000	0.2782	4.0000	1.3600	0.0000	0.0000	0.0000	0.0000	0.0000	0.0000	0.0000	0.0000	0.0000	0.0000	0.0000	0.0000	0.0000	0.0000	0.0000	0.0000	0.0000	0.0000	0.0000	0.1050	0.0978	0.0072	0.0576	0.0563	0.0013	0.0474	0.0415	0.0059	0.0057	0.0029	0.0028	0.0020	0.0017	0.0003	0.0037	0.0012	0.0025	0.0000	0.0000	0.0000	0.0000	0.0000	0.0000	0.0000	0.0000	0.0000	0.0000	0.0000	0.0000	0.0000	0.0000	0.0000	0.0000	0.0000	0.0000											
79	97	0.0380	2	0	0	0	0	0	0	0	0	N	N	N	N	N	N	N	N	N	N	N	N	0.0000	0.0000	0.0000	0.0000	0.0000	0.0000	0.0000	0.0000	0.0000	0.0000	0.0000	0.0000	0.0000	0.0000	0.0000	0.0000	0.0000	0.0000	0.0000	0.0000	0.2782	3.9994	1.3600	4.0000	0.0000	0.0000	0.0000	0.0000	0.0000	0.0000	0.0000	0.0000	0.0000	0.0000	0.0000	0.0000	0.0000	0.0000	0.0000	0.0000	0.0000	0.0000	0.1224	0.1124	0.0100	0.0413	0.0412	0.0001	0.0811	0.0712	0.0099	0.0484	0.0268	0.0216	0.0036	0.0036	0.0000	0.0448	0.0233	0.0216	0.0000	0.0000	0.0000	0.0000	0.0000	0.0000	0.0000	0.0000	0.0000	0.0000	0.0000	0.0000	0.0000	0.0000	0.0000	0.0000	0.0000	0.0000											
79	98	0.5941	5	0	0	0	0	0	0	0	0	N	N	N	N	N	N	N	N	N	N	N	N	0.0000	0.0000	0.0000	0.0000	0.0000	0.0000	0.0000	0.0000	0.0000	0.0000	0.0000	0.0000	0.0000	0.0000	0.0000	0.0000	0.0000	0.0000	0.0000	0.0000	0.2782	1.0000	1.3600	0.0000	0.0000	0.0000	0.0000	0.0000	0.0000	0.0000	0.0000	0.0000	0.0000	0.0000	0.0000	0.0000	0.0000	0.0000	0.0000	0.0000	0.0000	0.0000	0.0516	0.0480	0.0036	0.0284	0.0277	0.0007	0.0232	0.0203	0.0029	0.0027	0.0014	0.0013	0.0010	0.0008	0.0001	0.0017	0.0006	0.0012	0.0000	0.0000	0.0000	0.0000	0.0000	0.0000	0.0000	0.0000	0.0000	0.0000	0.0000	0.0000	0.0000	0.0000	0.0000	0.0000	0.0000	0.0000											
79	99	0.1489	3	0	0	0	0	0	0	0	0	N	N	N	N	N	N	N	N	N	N	N	N	0.0005	0.0004	0.0000	0.0005	0.0005	0.0000	0.0000	0.0000	0.0009	0.0010	0.0000	0.0025	0.0025	0.0000	0.0000	0.0000	0.0000	2.0346	2.8818	0.0001	5.2826	5.3388	0.0004	0.0001	0.0000	0.0001	0.0000	0.0000	-0.0000	-0.0302	0.2782	1.5982	1.3600	11.1970	0.0001	0.0001	0.0000	0.0001	0.0001	0.0000	0.0000	0.0000	0.0000	0.0579	0.0579	0.0000	0.0579	0.0579	0.0000	0.0000	0.0000	0.0000	0.0608	0.0555	0.0053	0.0232	0.0231	0.0002	0.0376	0.0325	0.0051	0.0849	0.0521	0.0327	0.0206	0.0196	0.0010	0.0642	0.0325	0.0317	0.0014	0.0009	0.0000	0.0009	0.0008	0.0000	0.0000	0.0000	0.0000	0.6822	1.1107	0.0001	2.8059	2.9530	0.0004	0.0000	0.0000	0.0001	
79	100	0.0970	5	1	1	1	0	0	0	0	0	N	N	N	N	N	N	N	N	N	N	N	N	0.0000	0.0000	0.0000	0.0000	0.0000	0.0000	0.0000	0.0000	0.0000	0.0000	0.0000	0.0000	0.0000	0.0000	0.0000	0.0000	0.0000	0.0000	0.0000	0.0000	0.2782	0.0000	1.3600	0.9982	0.0000	0.0000	0.0000	0.0000	0.0000	0.0000	0.0000	0.0000	0.0000	0.0000	0.0000	0.0000	0.0000	0.0000	0.0000	0.0000	0.0000	0.0000	0.0011	0.0010	0.0001	0.0009	0.0009	0.0000	0.0002	0.0001	0.0000	0.0037	0.0019	0.0017	0.0006	0.0006	0.0000	0.0031	0.0014	0.0017	0.0000	0.0000	0.0000	0.0000	0.0000	0.0000	0.0000	0.0000	0.0000	0.0000	0.0000	0.0000	0.0000	0.0000	0.0000	0.0000	0.0000	0.0000											
79	101	0.6288	8	1	1	1	0	0	0	0	0	N	N	N	N	N	N	N	N	N	N	N	N	0.0000	0.0000	0.0000	0.0000	0.0000	0.0000	0.0000	0.0000	0.0000	0.0000	0.0000	0.0000	0.0000	0.0000	0.0000	0.0000	0.0000	0.0000	0.0000	0.0000	0.2782	0.0000	1.3600	0.0000	0.0000	0.0000	0.0000	0.0000	0.0000	0.0000	0.0000	0.0000	0.0000	0.0000	0.0000	0.0000	0.0000	0.0000	0.0000	0.0000	0.0000	0.0000	0.0000	0.0000	0.0000	0.0000	0.0000	0.0000	0.0000	0.0000	0.0000	0.0000	0.0000	0.0000	0.0000	0.0000	0.0000	0.0000	0.0000	0.0000	0.0000	0.0000	0.0000	0.0000	0.0000	0.0000	0.0000	0.0000	0.0000	0.0000	0.0000	0.0000	0.0000	0.0000	0.0000	0.0000	0.0000	0.0000											
79	102	0.6288	7	1	0	1	0	0	0	0	0	N	N	N	N	N	N	N	N	N	N	N	N	0.0000	0.0000	0.0000	0.0000	0.0000	0.0000	0.0000	0.0000	0.0000	0.0000	0.0000	0.0000	0.0000	0.0000	0.0000	0.0000	0.0000	0.0000	0.0000	0.0000	0.2782	0.0000	1.3600	0.0000	0.0000	0.0000	0.0000	0.0000	0.0000	0.0000	0.0000	0.0000	0.0000	0.0000	0.0000	0.0000	0.0000	0.0000	0.0000	0.0000	0.0000	0.0000	0.0000	0.0000	0.0000	0.0000	0.0000	0.0000	0.0000	0.0000	0.0000	0.0000	0.0000	0.0000	0.0000	0.0000	0.0000	0.0000	0.0000	0.0000	0.0000	0.0000	0.0000	0.0000	0.0000	0.0000	0.0000	0.0000	0.0000	0.0000	0.0000	0.0000	0.0000	0.0000	0.0000	0.0000	0.0000	0.0000											
79	103	0.6227	6	1	0	1	0	0	0	0	0	N	N	N	N	N	N	N	N	N	N	N	N	0.0000	0.0000	0.0000	0.0000	0.0000	0.0000	0.0000	0.0000	0.0000	0.0000	0.0000	0.0000	0.0000	0.0000	0.0000	0.0000	0.0000	0.0000	0.0000	0.0000	0.2782	0.0000	1.3600	1.0091	0.0000	0.0000	0.0000	0.0000	0.0000	0.0000	0.0000	0.0000	0.0000	0.0000	0.0000	0.0000	0.0000	0.0000	0.0000	0.0000	0.0000	0.0000	0.0000	0.0000	0.0000	0.0000	0.0000	0.0000	0.0000	0.0000	0.0000	0.0027	0.0016	0.0012	0.0013	0.0011	0.0002	0.0014	0.0005	0.0010	0.0000	0.0000	0.0000	0.0000	0.0000	0.0000	0.0000	0.0000	0.0000	0.0000	0.0000	0.0000	0.0000	0.0000	0.0000	0.0000	0.0000	0.0000											
79	104	0.0380	2	0	1	0	0	0	0	0	0	N	N	N	N	N	N	N	N	N	N	N	N	inf	inf	inf	inf	inf	inf	1.2798	1.3917	0.0000	0.0003	0.0003	0.0000	1.9365	2.2006	0.0000	0.0000	0.0000	0.0000	0.0000	0.0000	0.0000	0.0000	0.0000	0.0000	0.0000	-0.0723	0.0000	0.2782	7.9994	1.3600	4.0001	0.2781	0.2781	0.0000	0.0000	0.0000	0.0000	0.2780	0.2780	0.0000	0.0000	0.0000	0.0000	0.0000	0.0000	0.0000	0.0000	0.0000	0.0000	0.2173	0.1998	0.0175	0.0737	0.0735	0.0002	0.1436	0.1263	0.0172	0.0670	0.0370	0.0300	0.0051	0.0051	0.0000	0.0619	0.0319	0.0300	inf	inf	0.0000	inf	inf	0.0000	inf	inf	0.0000	0.0000	0.0000	0.0000	0.0000	0.0000	0.0000	0.0000	0.0000	0.0000				
79	105	0.1004	6	1	0	1	0	0	0	0	0	N	N	N	N	N	N	N	N	N	N	N	N	0.0000	0.0000	0.0000	0.0000	0.0000	inf	0.0000	0.0000	0.0000	0.0000	0.0000	0.0000	0.0000	0.0000	0.0000	0.0000	0.0000	0.3990	0.0021	0.0565	0.0055	0.0046	0.0000	0.1228	0.0000	0.0200	inf	26.1379	0.0000	0.0000	0.2782	1.0000	1.3600	1.0005	0.0000	0.0000	0.0000	0.0000	0.0000	0.0000	0.0000	0.0000	0.0000	0.0001	0.0000	0.0001	0.0000	0.0000	0.0000	0.0001	0.0000	0.0001	0.0160	0.0145	0.0015	0.0114	0.0105	0.0009	0.0046	0.0040	0.0006	0.0072	0.0038	0.0034	0.0011	0.0011	0.0000	0.0061	0.0027	0.0034	0.0000	0.0000	0.0000	0.0000	0.0000	inf	0.0000	0.0000	0.0000	0.0086	0.0006	0.0176	0.0021	0.0021	0.0000	0.0098	0.0000	0.0176	
79	106	0.0970	5	1	0	1	0	0	0	0	0	N	N	N	N	N	N	N	N	N	N	N	N	0.0000	0.0006	0.0000	0.0005	0.0006	0.0000	0.0000	0.0000	0.0000	0.0000	0.0000	0.0000	0.0000	0.0000	0.0000	0.0000	0.0054	0.0002	0.0017	0.0003	0.0002	0.0000	0.0022	0.0000	0.0017	0.0000	302.0395	-0.0000	0.0000	0.2782	0.7249	1.3600	0.0368	0.0000	0.0000	0.0000	0.0000	0.0000	0.0000	0.0000	0.0000	0.0000	0.0000	0.0000	0.0000	0.0000	0.0000	0.0000	0.0000	0.0000	0.0000	0.0127	0.0115	0.0012	0.0092	0.0085	0.0007	0.0035	0.0030	0.0005	0.0028	0.0015	0.0013	0.0004	0.0004	0.0000	0.0024	0.0010	0.0013	0.0001	0.0187	0.0000	0.0073	0.0076	0.0000	0.0000	0.0000	0.0000	0.0008	0.0000	0.0017	0.0000	0.0000	0.0000	0.0010	0.0000	0.0017		
79	107	0.0955	4	1	0	1	0	0	0	0	0	N	N	N	N	N	N	N	N	N	N	N	N	0.0000	0.0000	inf	0.0000	0.0000	inf	0.0000	0.0000	0.0000	0.0000	0.0000	0.0000	0.0000	0.0000	0.0000	0.0088	0.0166	0.0000	0.0379	0.0312	0.0000	0.0000	0.0000	0.0000	inf	0.0000	0.0000	-0.0000	0.2782	0.4159	1.3600	0.0887	0.0000	0.0000	0.0000	0.0000	0.0000	0.0000	0.0000	0.0000	0.0000	0.0000	0.0000	0.0000	0.0000	0.0000	0.0000	0.0000	0.0000	0.0000	0.0078	0.0071	0.0007	0.0058	0.0054	0.0004	0.0020	0.0017	0.0003	0.0020	0.0011	0.0009	0.0004	0.0004	0.0000	0.0016	0.0007	0.0009	0.0001	0.0000	inf	0.0000	0.0000	inf	0.0000	0.0000	0.0000	0.0011	0.0021	0.0000	0.0063	0.0063	0.0000	0.0000	0.0000	0.0000			
79	108	0.0792	3	1	0	0	0	0	0	0	0	N	N	N	N	N	N	N	N	N	N	N	N	0.0001	inf	0.0000	inf	inf	0.0000	0.0000	0.0000	0.0000	0.0000	0.0000	0.0000	0.0000	0.0000	0.0000	0.0000	0.0003	0.0000	0.0003	0.0000	0.0000	0.0000	0.0002	0.0000	0.0003	0.0000	inf	-0.0000	0.0000	0.2782	3.9943	1.3600	0.9974	0.0000	0.0000	0.0000	0.0000	0.0000	0.0000	0.0000	0.0000	0.0000	0.0000	0.0000	0.0000	0.0000	0.0000	0.0000	0.0000	0.0000	0.0000	0.0603	0.0542	0.0061	0.0417	0.0382	0.0036	0.0186	0.0160	0.0025	0.0183	0.0093	0.0091	0.0024	0.0024	0.0000	0.0159	0.0069	0.0091	0.0001	inf	0.0000	inf	inf	0.0000	0.0000	0.0000	0.0000	0.0001	0.0000	0.0003	0.0000	0.0000	0.0000	0.0001	0.0000	0.0003		
79	109	0.6227	6	1	0	1	0	0	0	0	0	N	N	N	N	N	N	N	N	N	N	N	N	0.0000	0.0000	0.0000	0.0000	0.0000	0.0000	0.0000	0.0000	0.0000	0.0000	0.0000	0.0000	0.0000	0.0000	0.0000	0.0000	0.0000	0.0000	0.0000	0.0000	0.2782	0.0000	1.3600	0.9909	0.0000	0.0000	0.0000	0.0000	0.0000	0.0000	0.0000	0.0000	0.0000	0.0000	0.0000	0.0000	0.0000	0.0000	0.0000	0.0000	0.0000	0.0000	0.0000	0.0000	0.0000	0.0000	0.0000	0.0000	0.0000	0.0000	0.0000	0.0027	0.0015	0.0011	0.0013	0.0011	0.0002	0.0014	0.0005	0.0010	0.0000	0.0000	0.0000	0.0000	0.0000	0.0000	0.0000	0.0000	0.0000	0.0000	0.0000	0.0000	0.0000	0.0000	0.0000	0.0000	0.0000	0.0000											
79	110	0.5941	5	1	0	1	0	0	0	0	0	N	N	N	N	N	N	N	N	N	N	N	N	inf	inf	inf	inf	inf	inf	inf	2.6483	0.0002	38.5319	0.0004	0.0004	0.0000	5.8619	0.0000	47.0853	0.0000	0.0000	0.0000	0.0000	0.0000	0.0000	0.0000	0.0000	0.0000	12836.8912	0.2057	0.0000	0.2782	4.0000	1.3600	0.0000	0.2781	0.0000	0.2780	0.0000	0.0000	0.0000	0.2780	0.0000	0.2780	0.0000	0.0000	0.0000	0.0000	0.0000	0.0000	0.0000	0.0000	0.0000	0.1050	0.0978	0.0072	0.0576	0.0563	0.0013	0.0474	0.0415	0.0059	0.0057	0.0029	0.0028	0.0020	0.0017	0.0003	0.0037	0.0012	0.0025	inf	inf	inf	inf	inf	0.0000	inf	0.0000	inf	0.0000	0.0000	0.0000	0.0000	0.0000	0.0000	0.0000	0.0000	0.0000			
79	112	0.0838	3	0	0	1	0	0	0	0	0	N	N	N	N	N	N	N	N	N	N	N	N	0.0000	0.0000	0.0000	0.0000	0.0000	0.0000	0.0000	0.0000	0.0000	0.0000	0.0000	0.0000	0.0000	0.0000	0.0000	0.0000	0.0000	0.0000	0.0000	0.0000	0.2782	0.0000	1.3600	0.0001	0.0000	0.0000	0.0000	0.0000	0.0000	0.0000	0.0000	0.0000	0.0000	0.0000	0.0000	0.0000	0.0000	0.0000	0.0000	0.0000	0.0000	0.0000	0.0000	0.0000	0.0000	0.0000	0.0000	0.0000	0.0000	0.0000	0.0000	0.0000	0.0000	0.0000	0.0000	0.0000	0.0000	0.0000	0.0000	0.0000	0.0000	0.0000	0.0000	0.0000	0.0000	0.0000	0.0000	0.0000	0.0000	0.0000	0.0000	0.0000	0.0000	0.0000	0.0000	0.0000	0.0000	0.0000											
79	113	0.0380	2	0	0	1	0	0	0	0	0	N	N	N	N	N	N	N	N	N	N	N	N	0.0000	0.0000	0.0000	0.0000	0.0000	0.0000	0.0000	0.0000	0.0000	0.0000	0.0000	0.0000	0.0000	0.0000	0.0000	0.0000	0.0000	0.0000	0.0000	0.0000	0.2782	4.0004	1.3600	4.9999	0.0000	0.0000	0.0000	0.0000	0.0000	0.0000	0.0000	0.0000	0.0000	0.0000	0.0000	0.0000	0.0000	0.0000	0.0000	0.0000	0.0000	0.0000	0.1224	0.1124	0.0100	0.0413	0.0412	0.0001	0.0811	0.0712	0.0099	0.0533	0.0295	0.0238	0.0040	0.0039	0.0000	0.0494	0.0256	0.0238	0.0000	0.0000	0.0000	0.0000	0.0000	0.0000	0.0000	0.0000	0.0000	0.0000	0.0000	0.0000	0.0000	0.0000	0.0000	0.0000	0.0000	0.0000											
79	114	0.6267	6	0	1	0	0	0	0	0	0	N	N	N	N	N	N	N	N	N	N	N	N	0.0367	inf	0.0000	855.1463	inf	0.0000	0.0025	inf	0.0000	1.8119	1.9527	0.0000	2.0981	2.2382	0.0000	0.2424	0.2769	0.0000	49.4274	0.0000	123.2394	0.0025	0.0000	0.0122	98.4734	0.0000	147.9751	0.0000	inf	-0.0658	0.4779	0.2782	4.3361	1.3600	4.6323	0.2527	0.2527	0.0000	0.2475	0.2475	0.0000	0.0052	0.0052	0.0000	0.9996	0.0000	0.9996	0.0000	0.0000	0.0000	0.9996	0.0000	0.9996	0.1395	0.1294	0.0101	0.1180	0.1106	0.0074	0.0215	0.0188	0.0027	0.0202	0.0121	0.0081	0.0101	0.0087	0.0014	0.0102	0.0034	0.0068	0.0367	inf	0.0000	2113.2267	inf	0.0000	0.0025	inf	0.0000	49.4274	0.0000	123.2394	0.0010	0.0000	0.0074	98.4734	0.0000	147.9751
79	115	0.5941	5	0	0	0	0	0	0	0	0	N	N	N	N	N	N	N	N	N	N	N	N	3.4366	24.0191	0.0190	inf	inf	7.0068	12.0068	0.0535	4.9366	5.3003	0.0263	0.0007	0.0007	0.0000	10.9821	12.5453	0.0323	1.4365	0.2207	1.3833	0.0000	0.0000	0.0000	1.5674	1.0448	0.6029	0.0004	50.0300	-0.0709	0.0002	0.2782	1.9840	1.3600	0.2610	0.2728	0.2727	0.0001	0.0000	0.0000	0.0000	0.2728	0.2727	0.0001	0.0005	0.0000	0.0005	0.0000	0.0000	0.0000	0.0005	0.0000	0.0005	0.0553	0.0515	0.0038	0.0304	0.0297	0.0007	0.0248	0.0217	0.0031	0.0033	0.0017	0.0016	0.0012	0.0010	0.0002	0.0021	0.0007	0.0014	31.6590	881.8553	0.0844	inf	inf	0.0000	45.3833	851.6308	0.0922	0.1559	0.0060	0.3110	0.0000	0.0000	0.0000	0.2420	0.0147	0.3499	
79	116	0.0380	2	0	1	0	1	0	0	0	0	N	N	N	N	N	N	N	N	N	N	N	N	0.0000	0.0000	0.0000	0.0000	0.0000	0.0000	0.0000	0.0000	0.0000	0.0000	0.0000	0.0000	0.0000	0.0000	0.0000	0.0000	0.0000	0.0000	0.0000	0.0000	0.2782	5.0006	1.3600	2.0000	0.0000	0.0000	0.0000	0.0000	0.0000	0.0000	0.0000	0.0000	0.0000	0.0000	0.0000	0.0000	0.0000	0.0000	0.0000	0.0000	0.0000	0.0000	0.1484	0.1363	0.0121	0.0502	0.0500	0.0002	0.0982	0.0863	0.0119	0.0432	0.0240	0.0193	0.0032	0.0032	0.0000	0.0401	0.0208	0.0192	0.0000	0.0000	0.0000	0.0000	0.0000	0.0000	0.0000	0.0000	0.0000	0.0000	0.0000	0.0000	0.0000	0.0000	0.0000	0.0000	0.0000	0.0000											
79	117	0.5941	5	0	1	0	1	0	0	0	0	N	N	N	N	N	N	N	N	N	N	N	N	0.0000	0.0000	0.0000	0.0000	0.0000	0.0000	0.0000	0.0000	0.0000	0.0000	0.0000	0.0000	0.0000	0.0000	0.0000	0.0000	0.0000	0.0000	0.0000	0.0000	0.2782	0.0000	1.3600	1.0000	0.0000	0.0000	0.0000	0.0000	0.0000	0.0000	0.0000	0.0000	0.0000	0.0000	0.0000	0.0000	0.0000	0.0000	0.0000	0.0000	0.0000	0.0000	0.0000	0.0000	0.0000	0.0000	0.0000	0.0000	0.0000	0.0000	0.0000	0.0021	0.0010	0.0010	0.0007	0.0006	0.0001	0.0013	0.0004	0.0009	0.0000	0.0000	0.0000	0.0000	0.0000	0.0000	0.0000	0.0000	0.0000	0.0000	0.0000	0.0000	0.0000	0.0000	0.0000	0.0000	0.0000	0.0000											
79	118	0.0380	2	0	1	0	0	0	0	0	0	N	N	N	N	N	N	N	N	N	N	N	N	inf	inf	inf	inf	inf	inf	0.7637	0.8281	0.0000	0.0002	0.0002	0.0000	1.1555	1.3072	0.0000	0.0000	0.0000	0.0000	0.0000	0.0000	0.0000	0.0000	0.0000	0.0000	0.0000	-0.0723	0.0000	0.2782	16.9994	1.3600	6.0000	0.2781	0.2781	0.0000	0.0000	0.0000	0.0000	0.2780	0.2780	0.0000	0.0000	0.0000	0.0000	0.0000	0.0000	0.0000	0.0000	0.0000	0.0000	0.3641	0.3358	0.0283	0.1235	0.1231	0.0004	0.2406	0.2127	0.0279	0.1049	0.0572	0.0477	0.0085	0.0084	0.0000	0.0965	0.0488	0.0477	inf	inf	0.0000	inf	inf	0.0000	inf	inf	0.0000	0.0000	0.0000	0.0000	0.0000	0.0000	0.0000	0.0000	0.0000	0.0000				
79	119	0.5941	5	0	1	0	0	0	0	0	0	N	N	N	N	N	N	N	N	N	N	N	N	inf	inf	inf	inf	inf	inf	2.1806	2.3412	0.0000	0.0003	0.0003	0.0000	4.8153	5.4987	0.0000	0.0000	0.0000	0.0000	0.0000	0.0000	0.0000	0.0000	0.0000	0.0000	0.0000	-0.0723	0.0000	0.2782	5.0000	1.3600	6.0000	0.2781	0.2781	0.0000	0.0000	0.0000	0.0000	0.2780	0.2780	0.0000	0.0000	0.0000	0.0000	0.0000	0.0000	0.0000	0.0000	0.0000	0.0000	0.1275	0.1188	0.0087	0.0698	0.0682	0.0016	0.0577	0.0506	0.0072	0.0146	0.0075	0.0072	0.0053	0.0045	0.0008	0.0094	0.0030	0.0064	inf	inf	0.0000	inf	inf	0.0000	inf	inf	0.0000	0.0000	0.0000	0.0000	0.0000	0.0000	0.0000	0.0000	0.0000	0.0000				
79	120	0.6222	6	0	1	0	0	0	0	0	0	N	N	N	N	N	N	N	N	N	N	N	N	252709.1587	103938.1042	28.8139	34.1133	inf	inf	7.1447	8.0892	0.0000	0.0026	0.0030	0.0000	18.0074	20.1544	0.0000	0.0000	0.0001	0.0000	0.0001	0.0001	0.0000	0.0000	0.0000	0.0000	0.0000	0.0000	-0.0714	-0.0000	0.2782	0.9998	1.3600	0.9486	0.2743	0.2743	0.0000	0.0001	0.0001	0.0000	0.2743	0.2743	0.0000	0.0000	0.0000	0.0000	0.0000	0.0000	0.0000	0.0000	0.0000	0.0000	0.0384	0.0339	0.0045	0.0232	0.0203	0.0029	0.0152	0.0136	0.0016	0.0051	0.0028	0.0023	0.0024	0.0021	0.0003	0.0027	0.0007	0.0020	24083909.4024	14883273.0148	0.0000	4100.1442	4090.3761	0.0000	inf	inf	0.0000	0.0000	0.0000	0.0000	0.0000	0.0000	0.0000	0.0000	0.0000	0.0000			
79	121	0.5941	5	0	1	0	0	0	0	0	0	N	N	N	N	N	N	N	N	N	N	N	N	1867.4964	inf	11968.7798	inf	inf	265066.0945	inf	12936.5378	0.0269	0.0286	0.0035	0.0000	0.0000	0.0000	0.0594	0.0672	0.0043	0.0000	0.0000	0.0000	0.0000	0.0000	0.0000	0.0000	0.0000	0.0000	0.0090	inf	-0.0009	0.0000	0.2782	3.0005	1.3600	1.1085	0.0037	0.0037	0.0000	0.0000	0.0000	0.0000	0.0037	0.0037	0.0000	0.0000	0.0000	0.0000	0.0000	0.0000	0.0000	0.0000	0.0000	0.0000	0.1390	0.1295	0.0095	0.0760	0.0743	0.0017	0.0630	0.0552	0.0078	0.0104	0.0053	0.0051	0.0037	0.0032	0.0006	0.0067	0.0021	0.0045	187436.8598	inf	11968.7798	inf	inf	0.0000	265066.0945	inf	12936.5378	0.0000	0.0000	0.0000	0.0000	0.0000	0.0000	0.0000	0.0000	0.0000	
79	122	0.0792	3	0	1	0	0	0	0	0	0	N	N	N	N	N	N	N	N	N	N	N	N	0.0000	0.0000	0.0000	0.0000	0.0000	0.0000	0.0000	0.0000	0.0000	0.0000	0.0000	0.0000	0.0000	0.0000	0.0000	0.0000	0.0000	0.0000	0.0000	0.0000	0.2782	2.0001	1.3600	3.0000	0.0000	0.0000	0.0000	0.0000	0.0000	0.0000	0.0000	0.0000	0.0000	0.0000	0.0000	0.0000	0.0000	0.0000	0.0000	0.0000	0.0000	0.0000	0.0317	0.0285	0.0032	0.0221	0.0202	0.0019	0.0096	0.0083	0.0013	0.0184	0.0093	0.0091	0.0024	0.0024	0.0000	0.0159	0.0069	0.0091	0.0000	0.0000	0.0000	0.0000	0.0000	0.0000	0.0000	0.0000	0.0000	0.0000	0.0000	0.0000	0.0000	0.0000	0.0000	0.0000	0.0000	0.0000											
79	123	0.0380	2	0	0	0	0	0	0	0	0	N	N	N	N	N	N	N	N	N	N	N	N	inf	inf	inf	inf	inf	inf	1.4210	1.5459	0.0000	0.0003	0.0003	0.0000	2.1492	2.4437	0.0000	0.0000	0.0000	0.0000	0.0000	0.0000	0.0000	0.0000	0.0000	0.0000	0.0000	-0.0723	0.0000	0.2782	6.9986	1.3600	2.0000	0.2781	0.2781	0.0000	0.0000	0.0000	0.0000	0.2780	0.2780	0.0000	0.0000	0.0000	0.0000	0.0000	0.0000	0.0000	0.0000	0.0000	0.0000	0.1957	0.1799	0.0158	0.0663	0.0661	0.0002	0.1294	0.1138	0.0156	0.0533	0.0295	0.0238	0.0040	0.0039	0.0000	0.0494	0.0256	0.0238	inf	inf	0.0000	inf	inf	0.0000	inf	inf	0.0000	0.0000	0.0000	0.0000	0.0000	0.0000	0.0000	0.0000	0.0000	0.0000				
79	124	0.6276	6	0	1	0	0	0	0	0	0	N	N	N	N	N	N	N	N	N	N	N	N	1.2393	0.5111	0.6680	0.7470	0.0000	0.0000	0.0000	0.0001	0.0001	0.0000	0.0000	0.0000	0.0000	0.0000	0.0001	0.0000	0.0001	0.0001	0.0000	0.0000	0.0000	0.0000	0.0001	0.0000	-0.0000	-0.0000	0.2782	3.9006	1.3600	3.1543	0.0000	0.0000	0.0000	0.0000	0.0000	0.0000	0.0000	0.0000	0.0000	0.0000	0.0000	0.0000	0.0000	0.0000	0.0000	0.0000	0.0000	0.0000	0.1802	0.1680	0.0122	0.1017	0.0993	0.0024	0.0785	0.0688	0.0097	0.0180	0.0098	0.0082	0.0073	0.0063	0.0010	0.0107	0.0036	0.0072	75.1966	43.9420	0.0000	53.9837	47.3649	0.0000	0.0000	0.0000	0.0000	0.0000	0.0000	0.0000	0.0000	0.0000	0.0000	0.0000	0.0000	0.0000					
79	125	0.5941	5	0	1	0	0	0	0	0	0	N	N	N	N	N	N	N	N	N	N	N	N	1.9080	inf	393.1902	117.7428	inf	427.4283	0.0001	0.0000	0.0010	0.0000	0.0000	0.0000	0.0002	0.0001	0.0012	0.0001	0.0000	0.0000	0.0000	0.0000	0.0000	0.0000	0.0000	0.0000	1.9995	inf	0.0000	0.0000	0.2782	1.6924	1.3600	1.9110	0.0000	0.0000	0.0000	0.0000	0.0000	0.0000	0.0000	0.0000	0.0000	0.0000	0.0000	0.0000	0.0000	0.0000	0.0000	0.0000	0.0000	0.0000	0.0841	0.0783	0.0058	0.0462	0.0451	0.0011	0.0379	0.0332	0.0047	0.0093	0.0047	0.0045	0.0033	0.0028	0.0005	0.0059	0.0019	0.0040	82.7175	inf	393.1902	0.0000	0.0000	0.0000	117.7428	inf	427.4283	0.0000	0.0000	0.0000	0.0000	0.0000	0.0000	0.0000	0.0000	0.0000			
79	126	0.0380	2	0	1	0	0	0	0	0	0	N	N	N	N	N	N	N	N	N	N	N	N	0.0000	0.0000	0.0000	0.0000	0.0000	0.0000	0.0000	0.0000	0.0000	0.0000	0.0000	0.0000	0.0000	0.0000	0.0000	0.0000	0.0000	0.0000	0.0000	0.0000	0.2782	0.9996	1.3600	8.0005	0.0000	0.0000	0.0000	0.0000	0.0000	0.0000	0.0000	0.0000	0.0000	0.0000	0.0000	0.0000	0.0000	0.0000	0.0000	0.0000	0.0000	0.0000	0.0337	0.0309	0.0028	0.0113	0.0113	0.0000	0.0224	0.0196	0.0028	0.0533	0.0295	0.0238	0.0040	0.0039	0.0000	0.0494	0.0256	0.0238	0.0000	0.0000	0.0000	0.0000	0.0000	0.0000	0.0000	0.0000	0.0000	0.0000	0.0000	0.0000	0.0000	0.0000	0.0000	0.0000	0.0000	0.0000											
79	127	0.1653	4	0	0	0	0	0	0	0	0	N	N	N	N	N	N	N	N	N	N	N	N	0.0003	0.0003	0.0000	0.0004	0.0004	0.0000	0.0000	0.0000	0.0000	0.0007	0.0007	0.0000	0.0018	0.0018	0.0000	0.0000	0.0000	0.0000	2.0685	2.6663	2.8299	5.0107	5.0743	0.0415	1.6185	0.0001	1.0658	0.0000	0.4336	-0.0000	-0.0141	0.2782	3.6536	1.3600	12.3970	0.0001	0.0001	0.0000	0.0001	0.0001	0.0000	0.0000	0.0000	0.0000	0.0644	0.0449	0.0195	0.0449	0.0449	0.0000	0.0195	0.0000	0.0195	0.1214	0.1113	0.0101	0.0461	0.0457	0.0004	0.0753	0.0656	0.0097	0.0915	0.0555	0.0360	0.0196	0.0185	0.0011	0.0719	0.0370	0.0349	0.0010	0.0009	0.0000	0.0008	0.0007	0.0000	0.0000	0.0000	0.0000	0.7036	0.8090	0.5410	2.2898	2.4220	0.0181	0.2706	0.0000	0.5572
79	128	0.3437	4	0	0	0	0	0	0	0	0	N	N	N	N	N	N	N	N	N	N	N	N	0.0071	0.0603	0.0000	0.1395	0.3611	0.0002	0.0001	0.0599	0.0000	0.0076	0.0083	0.0000	0.0160	0.0165	0.0000	0.0001	0.0001	0.0000	1.0772	0.1380	0.6370	0.1150	0.0458	0.0712	1.0215	0.0021	0.3749	0.0001	17.1018	-0.0004	0.0029	0.2782	5.3495	1.3600	12.4099	0.0014	0.0014	0.0000	0.0014	0.0014	0.0000	0.0000	0.0000	0.0000	0.0069	0.0004	0.0065	0.0006	0.0004	0.0002	0.0063	0.0000	0.0063	0.1801	0.1647	0.0154	0.0848	0.0823	0.0025	0.0953	0.0824	0.0129	0.1178	0.0766	0.0412	0.0558	0.0483	0.0075	0.0620	0.0283	0.0336	0.1307	1.6828	0.0000	1.4950	2.1131	0.0006	0.0011	2.3353	0.0000	0.0583	0.0049	0.1575	0.0107	0.0078	0.0293	0.1011	0.0001	0.1862
79	129	0.1494	8	0	1	0	1	0	0	0	0	N	N	N	N	N	N	N	N	N	N	N	N	0.0000	0.0000	0.0000	0.0000	0.0000	0.0000	0.0000	0.0000	0.0000	0.0000	0.0000	0.0000	0.0000	0.0000	0.0000	0.0000	0.0000	0.0000	0.0000	0.0000	0.2782	0.0000	1.3600	0.0000	0.0000	0.0000	0.0000	0.0000	0.0000	0.0000	0.0000	0.0000	0.0000	0.0000	0.0000	0.0000	0.0000	0.0000	0.0000	0.0000	0.0000	0.0000	0.0000	0.0000	0.0000	0.0000	0.0000	0.0000	0.0000	0.0000	0.0000	0.0000	0.0000	0.0000	0.0000	0.0000	0.0000	0.0000	0.0000	0.0000	0.0000	0.0000	0.0000	0.0000	0.0000	0.0000	0.0000	0.0000	0.0000	0.0000	0.0000	0.0000	0.0000	0.0000	0.0000	0.0000	0.0000	0.0000											
79	130	0.1331	7	0	1	0	1	0	0	0	0	N	N	N	N	N	N	N	N	N	N	N	N	0.0000	0.0000	0.0000	0.0000	0.0000	0.0000	0.0000	0.0000	0.0000	0.0000	0.0000	0.0000	0.0000	0.3877	0.7828	0.0000	1.7224	1.7049	0.0000	0.0000	0.0000	0.0000	0.0000	0.0000	-0.0000	0.2782	0.0000	1.3600	3.0001	0.0000	0.0000	0.0000	0.0000	0.0000	0.0000	0.0000	0.0000	0.0000	0.0001	0.0001	0.0000	0.0001	0.0001	0.0000	0.0000	0.0000	0.0000	0.0000	0.0000	0.0000	0.0000	0.0000	0.0000	0.0000	0.0000	0.0000	0.0073	0.0032	0.0041	0.0004	0.0004	0.0000	0.0069	0.0028	0.0041	0.0000	0.0000	0.0000	0.0000	0.0000	0.0000	0.0000	0.0000	0.0000	0.0082	0.0185	0.0000	0.1398	0.1425	0.0000	0.0000	0.0000	0.0000						
79	131	0.1235	6	0	1	0	0	0	0	0	0	N	N	N	N	N	N	N	N	N	N	N	N	0.0000	0.0000	0.0000	0.0000	0.0000	0.0000	0.0000	0.0000	0.0000	0.0000	0.0000	0.0000	0.0000	0.0000	0.0000	0.0000	0.0000	0.0000	0.0000	0.0000	0.2782	0.0000	1.3600	0.0000	0.0000	0.0000	0.0000	0.0000	0.0000	0.0000	0.0000	0.0000	0.0000	0.0000	0.0000	0.0000	0.0000	0.0000	0.0000	0.0000	0.0000	0.0000	0.0000	0.0000	0.0000	0.0000	0.0000	0.0000	0.0000	0.0000	0.0000	0.0000	0.0000	0.0000	0.0000	0.0000	0.0000	0.0000	0.0000	0.0000	0.0000	0.0000	0.0000	0.0000	0.0000	0.0000	0.0000	0.0000	0.0000	0.0000	0.0000	0.0000	0.0000	0.0000	0.0000	0.0000	0.0000	0.0000											
79	132	0.1331	7	0	0	1	1	0	0	0	0	N	N	N	N	N	N	N	N	N	N	N	N	0.0000	0.0000	0.0000	0.0000	0.0000	0.0000	0.0000	0.0000	0.0000	0.0000	0.0000	0.0000	0.0000	0.0000	0.0000	0.0000	0.0000	0.0000	0.0000	0.0000	0.2782	0.0000	1.3600	1.9999	0.0000	0.0000	0.0000	0.0000	0.0000	0.0000	0.0000	0.0000	0.0000	0.0000	0.0000	0.0000	0.0000	0.0000	0.0000	0.0000	0.0000	0.0000	0.0000	0.0000	0.0000	0.0000	0.0000	0.0000	0.0000	0.0000	0.0000	0.0049	0.0022	0.0028	0.0003	0.0003	0.0000	0.0047	0.0019	0.0028	0.0000	0.0000	0.0000	0.0000	0.0000	0.0000	0.0000	0.0000	0.0000	0.0000	0.0000	0.0000	0.0000	0.0000	0.0000	0.0000	0.0000	0.0000											
79	133	0.1442	8	0	0	1	1	0	0	0	0	N	N	N	N	N	N	N	N	N	N	N	N	0.0000	0.0000	0.0000	0.0000	0.0000	0.0000	0.0000	0.0000	0.0000	0.0000	0.0000	0.0000	0.0000	0.0000	0.0000	0.0000	0.0000	0.0000	0.0000	0.0000	0.2782	1.0000	1.3600	0.0000	0.0000	0.0000	0.0000	0.0000	0.0000	0.0000	0.0000	0.0000	0.0000	0.0000	0.0000	0.0000	0.0000	0.0000	0.0000	0.0000	0.0000	0.0000	0.0175	0.0155	0.0021	0.0093	0.0088	0.0004	0.0083	0.0066	0.0016	0.0024	0.0010	0.0013	0.0001	0.0001	0.0000	0.0022	0.0009	0.0013	0.0000	0.0000	0.0000	0.0000	0.0000	0.0000	0.0000	0.0000	0.0000	0.0000	0.0000	0.0000	0.0000	0.0000	0.0000	0.0000	0.0000	0.0000											
79	134	0.1442	8	0	0	1	1	0	0	0	0	N	N	N	N	N	N	N	N	N	N	N	N	0.0000	0.0000	0.0000	0.0000	0.0000	0.0000	0.0000	0.0000	0.0000	0.0000	0.0000	0.0000	0.0000	0.0000	0.0000	0.0000	0.0000	0.0000	0.0000	0.0000	0.2782	0.0000	1.3600	0.0000	0.0000	0.0000	0.0000	0.0000	0.0000	0.0000	0.0000	0.0000	0.0000	0.0000	0.0000	0.0000	0.0000	0.0000	0.0000	0.0000	0.0000	0.0000	0.0000	0.0000	0.0000	0.0000	0.0000	0.0000	0.0000	0.0000	0.0000	0.0000	0.0000	0.0000	0.0000	0.0000	0.0000	0.0000	0.0000	0.0000	0.0000	0.0000	0.0000	0.0000	0.0000	0.0000	0.0000	0.0000	0.0000	0.0000	0.0000	0.0000	0.0000	0.0000	0.0000	0.0000	0.0000	0.0000											
79	135	0.1331	7	0	0	1	1	0	0	0	0	N	N	N	N	N	N	N	N	N	N	N	N	0.0000	0.0000	0.0000	0.0000	0.0000	0.0000	0.0000	0.0000	0.0000	0.0000	0.0000	0.0000	0.0000	0.0000	0.0000	0.0000	0.0000	0.0000	0.0000	0.0000	0.2782	2.0025	1.3600	0.9943	0.0000	0.0000	0.0000	0.0000	0.0000	0.0000	0.0000	0.0000	0.0000	0.0000	0.0000	0.0000	0.0000	0.0000	0.0000	0.0000	0.0000	0.0000	0.0346	0.0306	0.0041	0.0180	0.0172	0.0008	0.0166	0.0134	0.0032	0.0073	0.0032	0.0041	0.0004	0.0004	0.0000	0.0069	0.0028	0.0041	0.0000	0.0000	0.0000	0.0000	0.0000	0.0000	0.0000	0.0000	0.0000	0.0000	0.0000	0.0000	0.0000	0.0000	0.0000	0.0000	0.0000	0.0000											
79	136	0.1331	6	0	0	0	1	0	0	0	0	N	N	N	N	N	N	N	N	N	N	N	N	0.0000	0.0000	0.0000	0.0000	0.0000	0.0000	0.0000	0.0000	0.0000	0.0000	0.0000	0.0000	0.0000	0.0000	0.0000	0.0000	0.0000	0.0000	0.0000	0.0000	0.2782	0.0050	1.3600	0.0173	0.0000	0.0000	0.0000	0.0000	0.0000	0.0000	0.0000	0.0000	0.0000	0.0000	0.0000	0.0000	0.0000	0.0000	0.0000	0.0000	0.0000	0.0000	0.0001	0.0001	0.0000	0.0001	0.0001	0.0000	0.0000	0.0000	0.0000	0.0001	0.0000	0.0000	0.0000	0.0000	0.0000	0.0001	0.0000	0.0000	0.0000	0.0000	0.0000	0.0000	0.0000	0.0000	0.0000	0.0000	0.0000	0.0000	0.0000	0.0000	0.0000	0.0000	0.0000	0.0000	0.0000	0.0000											
79	137	0.1235	5	0	0	0	1	0	0	0	0	N	N	N	N	N	N	N	N	N	N	N	N	0.0000	0.0000	0.0000	0.0000	0.0000	0.0000	0.0000	0.0000	0.0000	0.0000	0.0000	0.0000	0.0000	0.0000	0.0000	0.0000	0.0000	0.0000	0.0000	0.0000	0.2782	1.9972	1.3600	1.0076	0.0000	0.0000	0.0000	0.0000	0.0000	0.0000	0.0000	0.0000	0.0000	0.0000	0.0000	0.0000	0.0000	0.0000	0.0000	0.0000	0.0000	0.0000	0.0334	0.0294	0.0039	0.0170	0.0162	0.0007	0.0164	0.0132	0.0032	0.0069	0.0031	0.0039	0.0004	0.0004	0.0000	0.0065	0.0026	0.0039	0.0000	0.0000	0.0000	0.0000	0.0000	0.0000	0.0000	0.0000	0.0000	0.0000	0.0000	0.0000	0.0000	0.0000	0.0000	0.0000	0.0000	0.0000											
79	138	0.1062	4	1	1	0	0	0	0	0	0	N	N	N	N	N	N	N	N	N	N	N	N	0.0825	0.0000	1538.9141	0.0620	0.0000	inf	113.8433	324.5850	0.0009	0.0000	0.0075	0.0015	0.0000	0.0924	0.0003	0.0000	0.0016	0.0104	0.0171	0.0000	0.0247	0.0218	0.0000	0.0000	0.0000	0.0000	inf	0.0016	0.0000	-0.0000	0.2782	0.0002	1.3600	2.3255	0.0000	0.0000	0.0000	0.0000	0.0000	0.0000	0.0000	0.0000	0.0000	0.0000	0.0000	0.0000	0.0000	0.0000	0.0000	0.0000	0.0000	0.0000	0.0000	0.0000	0.0000	0.0000	0.0000	0.0000	0.0000	0.0000	0.0000	0.0107	0.0062	0.0045	0.0026	0.0026	0.0001	0.0081	0.0037	0.0044	0.6772	0.0000	1538.9141	0.2982	0.0000	inf	113.8433	0.0000	324.5850	0.0013	0.0022	0.0000	0.0051	0.0053	0.0000	0.0000	0.0000	0.0000	
79	139	0.0883	3	1	1	0	0	0	0	0	0	N	N	N	N	N	N	N	N	N	N	N	N	5.4826	0.0056	120.8903	0.1716	0.0073	0.8861	27.9543	0.0000	137.3515	0.0212	0.0000	0.1769	0.0001	0.0000	0.0058	0.0368	0.0000	0.1935	0.0039	0.0004	0.0015	0.0009	0.0006	0.0065	0.0013	0.0001	0.0014	11963.8776	13.9930	0.0007	0.0000	0.2782	2.0138	1.3600	2.7349	0.0010	0.0000	0.0010	0.0000	0.0000	0.0000	0.0010	0.0000	0.0010	0.0000	0.0000	0.0000	0.0000	0.0000	0.0000	0.0000	0.0000	0.0000	0.0457	0.0402	0.0055	0.0195	0.0190	0.0005	0.0262	0.0212	0.0050	0.0257	0.0145	0.0112	0.0067	0.0065	0.0002	0.0190	0.0080	0.0110	30.9811	0.0249	120.8903	0.4740	0.0236	1.3139	45.1667	0.0000	137.3515	0.0007	0.0001	0.0015	0.0003	0.0002	0.0044	0.0008	0.0000	0.0014
79	140	0.1049	4	0	1	0	0	0	0	0	0	N	N	N	N	N	N	N	N	N	N	N	N	10.5756	5108.8324	1745.5408	5948.4581	0.0002	0.0000	0.0020	0.0000	0.0000	0.0000	0.0004	0.0000	0.0024	0.0000	0.0000	0.0000	0.0000	0.0000	0.0000	0.0000	0.0000	0.0000	inf	inf	0.0000	0.0000	0.2782	1.9232	1.3600	1.1116	0.0000	0.0000	0.0000	0.0000	0.0000	0.0000	0.0000	0.0000	0.0000	0.0000	0.0000	0.0000	0.0000	0.0000	0.0000	0.0000	0.0000	0.0000	0.0404	0.0363	0.0041	0.0196	0.0190	0.0006	0.0208	0.0173	0.0035	0.0089	0.0044	0.0045	0.0011	0.0010	0.0001	0.0078	0.0033	0.0045	1021.2609	0.0000	5108.8324	0.0000	0.0000	0.0000	1745.5408	0.0000	5948.4581	0.0000	0.0000	0.0000	0.0000	0.0000	0.0000	0.0000	0.0000	0.0000					
79	141	0.6133	6	0	1	0	0	0	0	0	0	N	N	N	N	N	N	N	N	N	N	N	N	inf	inf	inf	inf	inf	inf	inf	1.8629	0.0002	27.2183	0.0003	0.0003	0.0000	4.4131	0.0000	35.5340	0.0000	0.0000	0.0000	0.0000	0.0000	0.0000	0.0000	0.0000	0.0000	12836.8912	0.2057	0.0000	0.2782	3.0000	1.3600	1.0000	0.2781	0.0000	0.2780	0.0000	0.0000	0.0000	0.2780	0.0000	0.2780	0.0000	0.0000	0.0000	0.0000	0.0000	0.0000	0.0000	0.0000	0.0000	0.1493	0.1390	0.0102	0.0863	0.0839	0.0024	0.0630	0.0552	0.0078	0.0102	0.0052	0.0050	0.0037	0.0031	0.0006	0.0065	0.0021	0.0044	inf	inf	inf	inf	inf	0.0000	inf	0.0000	inf	0.0000	0.0000	0.0000	0.0000	0.0000	0.0000	0.0000	0.0000	0.0000			
79	142	0.5941	5	0	0	0	0	0	0	0	0	N	N	N	N	N	N	N	N	N	N	N	N	inf	inf	inf	inf	0.0001	0.0000	0.0008	0.0000	0.0000	0.0000	0.0001	0.0000	0.0010	0.0000	0.0000	0.0000	0.0000	0.0000	0.0000	0.0000	0.0000	0.0000	inf	0.0000	0.0000	0.2782	1.0000	1.3600	1.0000	0.0000	0.0000	0.0000	0.0000	0.0000	0.0000	0.0000	0.0000	0.0000	0.0000	0.0000	0.0000	0.0000	0.0000	0.0000	0.0000	0.0000	0.0000	0.0516	0.0480	0.0036	0.0284	0.0277	0.0007	0.0232	0.0203	0.0029	0.0053	0.0027	0.0026	0.0019	0.0016	0.0003	0.0034	0.0011	0.0023	inf	0.0000	inf	0.0000	0.0000	0.0000	inf	0.0000	inf	0.0000	0.0000	0.0000	0.0000	0.0000	0.0000	0.0000	0.0000	0.0000						
79	143	0.3437	4	0	0	0	0	0	0	0	0	N	N	N	N	N	N	N	N	N	N	N	N	0.0704	0.0412	inf	0.2710	0.2547	inf	inf	inf	0.0060	0.0065	0.0000	0.0129	0.0133	0.0000	0.0000	0.0000	0.0000	0.0848	0.1577	0.0000	0.0477	0.0521	0.0000	0.0000	0.0000	0.0000	0.0001	0.0000	-0.0003	-0.0002	0.2782	7.1211	1.3600	10.9474	0.0013	0.0013	0.0000	0.0013	0.0013	0.0000	0.0000	0.0000	0.0000	0.0004	0.0004	0.0000	0.0004	0.0004	0.0000	0.0000	0.0000	0.0000	0.2177	0.1996	0.0180	0.1004	0.0978	0.0026	0.1172	0.1018	0.0154	0.1183	0.0769	0.0414	0.0559	0.0484	0.0076	0.0624	0.0285	0.0339	1.7578	1.2453	inf	1.8009	1.5994	inf	inf	0.0000	inf	0.0034	0.0052	0.0000	0.0072	0.0083	0.0000	0.0000	0.0000	0.0000	
79	144	0.1489	3	0	0	0	0	0	0	0	0	N	N	N	N	N	N	N	N	N	N	N	N	0.0031	0.0022	0.0065	0.0002	0.0002	0.0089	0.0045	0.0081	0.0167	0.0059	0.0028	0.0420	0.0003	0.0003	0.0001	0.0092	0.0044	0.0435	1.8768	1.2541	6.4348	1.5720	1.5882	0.0065	2.0494	0.5436	2.6147	1.3159	14.1521	0.0004	0.0238	0.2782	8.5175	1.3600	23.1696	0.0014	0.0006	0.0008	0.0000	0.0000	0.0000	0.0014	0.0006	0.0008	0.0577	0.0038	0.0539	0.0034	0.0034	0.0000	0.0543	0.0004	0.0539	0.2334	0.2148	0.0187	0.0868	0.0861	0.0007	0.1466	0.1286	0.0180	0.1316	0.0781	0.0534	0.0286	0.0268	0.0019	0.1029	0.0514	0.0516	0.0135	0.0569	0.0416	0.0027	0.0026	0.0132	0.0175	0.5545	0.0417	0.4384	0.0487	1.0082	0.1190	0.1270	0.0043	0.5272	0.0080	1.0444
79	145	0.1235	6	1	1	0	0	0	0	0	0	N	N	N	N	N	N	N	N	N	N	N	N	0.0000	0.0000	0.0000	0.0000	0.0000	0.0000	0.0000	0.0000	0.0000	0.0000	0.0000	0.0000	0.0000	0.0000	0.0000	0.0000	0.0000	0.0000	0.0000	0.0000	0.2782	1.0000	1.3600	1.0000	0.0000	0.0000	0.0000	0.0000	0.0000	0.0000	0.0000	0.0000	0.0000	0.0000	0.0000	0.0000	0.0000	0.0000	0.0000	0.0000	0.0000	0.0000	0.0170	0.0150	0.0020	0.0087	0.0083	0.0004	0.0083	0.0067	0.0016	0.0047	0.0021	0.0026	0.0003	0.0003	0.0000	0.0044	0.0018	0.0026	0.0000	0.0000	0.0000	0.0000	0.0000	0.0000	0.0000	0.0000	0.0000	0.0000	0.0000	0.0000	0.0000	0.0000	0.0000	0.0000	0.0000	0.0000											
79	146	0.1235	5	0	1	0	0	0	0	0	0	N	N	N	N	N	N	N	N	N	N	N	N	0.0000	0.0000	0.0000	0.0000	0.0000	0.0000	0.0000	0.0000	0.0000	0.0000	0.0000	0.0000	0.0000	0.0000	0.0000	0.0000	0.0000	0.0000	0.0000	0.0000	0.2782	0.0003	1.3600	0.0000	0.0000	0.0000	0.0000	0.0000	0.0000	0.0000	0.0000	0.0000	0.0000	0.0000	0.0000	0.0000	0.0000	0.0000	0.0000	0.0000	0.0000	0.0000	0.0000	0.0000	0.0000	0.0000	0.0000	0.0000	0.0000	0.0000	0.0000	0.0000	0.0000	0.0000	0.0000	0.0000	0.0000	0.0000	0.0000	0.0000	0.0000	0.0000	0.0000	0.0000	0.0000	0.0000	0.0000	0.0000	0.0000	0.0000	0.0000	0.0000	0.0000	0.0000	0.0000	0.0000	0.0000	0.0000											
79	147	0.1049	4	0	0	0	0	0	0	0	0	N	N	N	N	N	N	N	N	N	N	N	N	9.9134	4228.8039	1500.9224	4915.9663	0.0001	0.0000	0.0009	0.0000	0.0000	0.0000	0.0002	0.0000	0.0011	0.0000	0.0000	0.0000	0.0000	0.0000	0.0000	0.0000	0.0000	0.0000	inf	inf	0.0000	0.0000	0.2782	4.9449	1.3600	1.0063	0.0000	0.0000	0.0000	0.0000	0.0000	0.0000	0.0000	0.0000	0.0000	0.0000	0.0000	0.0000	0.0000	0.0000	0.0000	0.0000	0.0000	0.0000	0.0834	0.0743	0.0091	0.0389	0.0376	0.0013	0.0445	0.0367	0.0078	0.0159	0.0075	0.0083	0.0015	0.0014	0.0001	0.0144	0.0061	0.0083	882.3654	0.0000	4228.8039	0.0000	0.0000	0.0000	1500.9224	0.0000	4915.9663	0.0000	0.0000	0.0000	0.0000	0.0000	0.0000	0.0000	0.0000	0.0000					
79	148	0.0883	3	0	0	0	0	0	0	0	0	N	N	N	N	N	N	N	N	N	N	N	N	78.7619	0.4037	6064.8694	0.6133	0.5508	465.0154	1693.4268	6600.0218	0.0146	0.0001	0.1209	0.0004	0.0003	0.0037	0.0246	0.0000	0.1331	0.0002	0.0004	0.0000	0.0007	0.0006	0.0000	0.0000	0.0000	0.0000	115.3568	0.1948	0.0007	-0.0000	0.2782	3.4778	1.3600	1.2917	0.0010	0.0000	0.0010	0.0000	0.0000	0.0000	0.0010	0.0000	0.0010	0.0000	0.0000	0.0000	0.0000	0.0000	0.0000	0.0000	0.0000	0.0000	0.0667	0.0587	0.0080	0.0274	0.0266	0.0008	0.0393	0.0320	0.0073	0.0258	0.0145	0.0112	0.0067	0.0065	0.0002	0.0191	0.0080	0.0110	274.6366	1.8080	6064.8694	2.3734	1.7789	465.0154	2106.9708	0.0000	6600.0218	0.0001	0.0001	0.0000	0.0002	0.0002	0.0000	0.0000	0.0000	0.0000	
79	149	0.0380	2	0	0	0	0	0	0	0	0	N	N	N	N	N	N	N	N	N	N	N	N	188.9408	0.3552	7860.8818	0.2385	0.3034	842.6661	inf	7962.9112	1.2999	0.0001	16.1571	0.0003	0.0003	0.0000	1.9667	0.0000	16.3739	0.0069	0.0003	0.0021	0.0013	0.0010	0.0000	0.0023	0.0000	0.0021	11371.8569	22.4717	0.2050	0.0000	0.2782	7.8050	1.3600	4.0035	0.2771	0.0000	0.2771	0.0000	0.0000	0.0000	0.2771	0.0000	0.2771	0.0001	0.0000	0.0001	0.0000	0.0000	0.0000	0.0001	0.0000	0.0001	0.2132	0.1960	0.0171	0.0723	0.0721	0.0002	0.1409	0.1240	0.0169	0.0662	0.0365	0.0296	0.0050	0.0050	0.0000	0.0612	0.0315	0.0296	1351.1400	1.6736	7860.8818	0.5515	0.5518	0.0000	1973.5875	inf	7962.9112	0.0010	0.0001	0.0021	0.0005	0.0005	0.0000	0.0010	0.0000	0.0021	
79	150	0.1653	4	0	0	0	0	0	0	0	0	N	N	N	N	N	N	N	N	N	N	N	N	0.0005	0.5430	0.0022	0.1056	0.6844	0.0019	0.0005	0.0063	0.0007	0.0003	0.0057	0.0007	0.0007	0.0001	0.0008	0.0000	0.0060	1.5495	0.0005	2.5757	0.0062	0.0010	0.0718	1.5763	0.0000	0.9418	1.9287	1963.1297	0.0000	0.0094	0.2782	3.7255	1.3600	14.1767	0.0001	0.0000	0.0001	0.0000	0.0000	0.0000	0.0001	0.0000	0.0001	0.0197	0.0000	0.0197	0.0000	0.0000	0.0000	0.0196	0.0000	0.0196	0.1234	0.1131	0.0103	0.0468	0.0464	0.0004	0.0766	0.0667	0.0099	0.0971	0.0587	0.0384	0.0206	0.0194	0.0012	0.0766	0.0393	0.0372	0.0036	1.5855	0.0112	0.3029	1.2758	0.0046	0.0030	0.0000	0.0113	0.2026	0.0002	0.5122	0.0022	0.0005	0.0295	0.2564	0.0000	0.5273	
79	151	0.1489	3	0	0	0	0	0	0	0	0	N	N	N	N	N	N	N	N	N	N	N	N	0.0007	0.0004	0.0009	0.0005	0.0005	0.0089	0.0007	0.0196	0.0011	0.0016	0.0009	0.0096	0.0016	0.0016	0.0002	0.0017	0.0004	0.0099	2.3369	2.0669	10.5309	3.1227	3.1233	0.0263	2.5579	0.0194	9.3954	1.0556	4.7237	0.0000	0.0174	0.2782	1.4205	1.3600	4.0377	0.0001	0.0000	0.0000	0.0000	0.0000	0.0000	0.0001	0.0000	0.0000	0.0573	0.0100	0.0473	0.0100	0.0100	0.0000	0.0473	0.0000	0.0473	0.0553	0.0505	0.0049	0.0212	0.0211	0.0001	0.0341	0.0294	0.0047	0.0546	0.0346	0.0199	0.0163	0.0157	0.0006	0.0383	0.0189	0.0194	0.0016	0.0030	0.0041	0.0025	0.0025	0.0183	0.0014	0.3641	0.0040	1.0509	0.2893	2.3738	0.6143	0.6356	0.0127	1.2368	0.0010	2.4419
79	152	0.0380	2	0	0	0	0	0	0	0	0	N	N	N	N	N	N	N	N	N	N	N	N	0.0002	0.6145	0.0000	1.1027	1.2524	0.0000	0.0000	0.0001	0.0003	0.0003	0.0004	0.0009	0.0009	0.0000	0.0000	0.0000	0.0004	2.0119	0.0006	8.1624	0.0009	0.0008	0.0000	2.2109	0.0040	3.5660	0.0947	5504.0974	-0.0000	0.0277	0.2782	6.4701	1.3600	12.4371	0.0001	0.0001	0.0000	0.0001	0.0001	0.0000	0.0000	0.0000	0.0000	0.0579	0.0000	0.0579	0.0000	0.0000	0.0000	0.0579	0.0000	0.0579	0.1837	0.1689	0.0149	0.0622	0.0620	0.0002	0.1215	0.1068	0.0147	0.0927	0.0508	0.0419	0.0073	0.0073	0.0000	0.0854	0.0435	0.0419	0.0006	1.6788	0.0003	3.0482	3.0494	0.0000	0.0001	0.0000	0.0003	0.6246	0.0002	1.3805	0.0003	0.0003	0.0000	0.6782	0.0002	1.3811	
80	82	0.6669	8	0	2	2	0	0	0	0	0	N	Y	Y	N	N	N	N	N	N	N	N	N	0.0000	0.0000	0.0000	0.0000	0.0000	0.0000	0.0000	0.0000	0.0000	0.0000	0.0000	0.0000	0.0000	0.0000	0.0000	0.0000	0.0000	0.0000	0.0000	0.0000	0.0029	0.0000	2.0135	1.0000	0.0000	0.0000	0.0000	0.0000	0.0000	0.0000	0.0000	0.0000	0.0000	0.0000	0.0000	0.0000	0.0000	0.0000	0.0000	0.0000	0.0000	0.0000	0.0000	0.0000	0.0000	0.0000	0.0000	0.0000	0.0000	0.0000	0.0000	0.0039	0.0027	0.0012	0.0026	0.0023	0.0002	0.0013	0.0003	0.0010	0.0000	0.0000	0.0000	0.0000	0.0000	0.0000	0.0000	0.0000	0.0000	0.0000	0.0000	0.0000	0.0000	0.0000	0.0000	0.0000	0.0000	0.0000											
80	83	0.0471	3	1	1	2	0	0	0	0	0	N	N	Y	N	N	N	N	N	N	N	N	N	0.0000	inf	0.0000	inf	inf	0.0000	inf	0.0000	0.0001	0.0002	0.0000	0.0005	0.0005	0.0000	0.0000	0.0000	0.0000	17.5506	0.0000	36.5541	0.0000	0.0000	0.0000	18.0278	0.0000	40.4419	0.0000	inf	-0.0000	0.4767	0.0029	9.0001	2.0135	3.0001	0.0000	0.0000	0.0000	0.0000	0.0000	0.0000	0.0000	0.0000	0.0000	0.9972	0.0000	0.9972	0.0000	0.0000	0.0000	0.9972	0.0000	0.9972	0.0014	0.0012	0.0002	0.0004	0.0004	0.0000	0.0010	0.0008	0.0001	0.0568	0.0265	0.0303	0.0015	0.0014	0.0001	0.0553	0.0252	0.0302	0.0000	inf	0.0000	inf	inf	0.0000	0.0000	inf	0.0000	17.5506	0.0000	32.9318	0.0000	0.0000	0.0000	18.0278	0.0000	33.0681	
80	84	0.6445	7	1	1	2	0	0	0	0	0	N	N	Y	N	N	N	N	N	N	N	N	N	0.0000	0.0000	0.0000	0.0000	0.0000	0.0000	0.0000	0.0000	0.0000	0.0000	0.0000	0.0000	0.0000	0.0000	0.0000	0.0000	0.0000	0.0000	0.0000	0.0000	0.0029	4.0000	2.0135	0.0000	0.0000	0.0000	0.0000	0.0000	0.0000	0.0000	0.0000	0.0000	0.0000	0.0000	0.0000	0.0000	0.0000	0.0000	0.0000	0.0000	0.0000	0.0000	0.0005	0.0005	0.0000	0.0003	0.0003	0.0000	0.0002	0.0002	0.0000	0.0089	0.0062	0.0027	0.0060	0.0056	0.0004	0.0029	0.0006	0.0023	0.0000	0.0000	0.0000	0.0000	0.0000	0.0000	0.0000	0.0000	0.0000	0.0000	0.0000	0.0000	0.0000	0.0000	0.0000	0.0000	0.0000	0.0000											
80	85	0.6906	8	1	2	1	0	0	0	0	0	N	Y	N	N	N	N	N	N	N	N	N	N	0.0019	0.0030	0.0000	0.0344	0.0371	0.0000	0.0000	0.0000	0.0002	0.0003	0.0000	0.0004	0.0004	0.0000	0.0000	0.0000	0.0000	0.1290	0.0888	0.0031	0.0117	0.0114	0.0000	0.0382	0.4638	0.0039	0.0000	0.3404	-0.0000	-0.0000	0.0029	1.0086	2.0135	1.7435	0.0000	0.0000	0.0000	0.0000	0.0000	0.0000	0.0000	0.0000	0.0000	0.0000	0.0000	0.0000	0.0000	0.0000	0.0000	0.0000	0.0000	0.0000	0.0002	0.0001	0.0000	0.0001	0.0001	0.0000	0.0001	0.0001	0.0000	0.0103	0.0070	0.0033	0.0063	0.0056	0.0007	0.0040	0.0014	0.0026	0.0621	0.0635	0.0000	0.1261	0.1189	0.0000	0.0000	0.0000	0.0000	0.0039	0.0043	0.0031	0.0032	0.0036	0.0000	0.0050	0.0070	0.0039	
80	86	0.6445	7	1	2	1	0	0	0	0	0	N	Y	N	N	N	N	N	N	N	N	N	N	0.0024	0.0014	inf	0.0000	0.0000	inf	inf	inf	0.0003	0.0002	0.0007	0.0000	0.0000	0.0000	0.0007	0.0006	0.0010	0.1073	0.1529	0.0000	0.0256	0.0263	0.0000	0.0000	0.0000	0.0000	0.3333	0.0000	-0.0000	-0.0000	0.0029	1.0165	2.0135	4.1395	0.0000	0.0000	0.0000	0.0000	0.0000	0.0000	0.0000	0.0000	0.0000	0.0000	0.0000	0.0000	0.0000	0.0000	0.0000	0.0000	0.0000	0.0000	0.0001	0.0001	0.0000	0.0001	0.0001	0.0000	0.0001	0.0000	0.0000	0.0112	0.0078	0.0034	0.0076	0.0070	0.0005	0.0037	0.0008	0.0029	0.0725	0.0415	inf	0.0000	0.0000	0.0000	inf	inf	inf	0.0036	0.0051	0.0000	0.0053	0.0057	0.0000	0.0000	0.0000	0.0000	
80	87	0.0883	4	1	2	1	0	0	0	0	0	N	Y	N	N	N	N	N	N	N	N	N	N	inf	inf	inf	inf	inf	inf	0.7916	0.8730	0.0000	0.3329	0.3495	0.0000	1.5336	1.8409	0.0000	0.0000	0.0000	0.0000	0.0000	0.0000	0.0000	0.0000	0.0000	0.0000	0.0000	-0.0003	0.0000	0.0029	9.0005	2.0135	5.0000	0.0013	0.0013	0.0000	0.0003	0.0003	0.0000	0.0009	0.0009	0.0000	0.0000	0.0000	0.0000	0.0000	0.0000	0.0000	0.0000	0.0000	0.0000	0.0016	0.0015	0.0001	0.0010	0.0009	0.0000	0.0006	0.0005	0.0001	0.0479	0.0211	0.0267	0.0021	0.0020	0.0002	0.0458	0.0192	0.0266	inf	inf	0.0000	inf	inf	0.0000	inf	inf	0.0000	0.0000	0.0000	0.0000	0.0000	0.0000	0.0000	0.0000	0.0000	0.0000				
80	88	0.6669	8	0	2	1	0	0	0	0	0	N	Y	N	N	N	N	N	N	N	N	N	N	0.0000	0.0000	0.0000	0.0000	0.0000	0.0000	0.0000	0.0000	0.0000	0.0000	0.0000	0.0000	0.0000	0.0000	0.0000	0.0000	0.0000	0.0000	0.0000	0.0000	0.0029	0.0000	2.0135	0.0000	0.0000	0.0000	0.0000	0.0000	0.0000	0.0000	0.0000	0.0000	0.0000	0.0000	0.0000	0.0000	0.0000	0.0000	0.0000	0.0000	0.0000	0.0000	0.0000	0.0000	0.0000	0.0000	0.0000	0.0000	0.0000	0.0000	0.0000	0.0000	0.0000	0.0000	0.0000	0.0000	0.0000	0.0000	0.0000	0.0000	0.0000	0.0000	0.0000	0.0000	0.0000	0.0000	0.0000	0.0000	0.0000	0.0000	0.0000	0.0000	0.0000	0.0000	0.0000	0.0000	0.0000	0.0000											
80	89	0.0211	2	0	2	1	0	0	0	0	0	N	Y	N	N	N	N	N	N	N	N	N	N	0.0213	0.0195	inf	0.0167	0.0170	inf	inf	0.0193	0.0293	0.0000	0.0471	0.0476	0.0000	0.0000	0.0000	0.0000	0.9076	1.5043	0.0000	2.8217	2.7922	0.0000	0.0000	0.0000	0.0000	0.0008	0.0000	-0.0000	-0.0004	0.0029	1.9953	2.0135	1.0817	0.0000	0.0000	0.0000	0.0000	0.0000	0.0000	0.0000	0.0000	0.0000	0.0009	0.0009	0.0000	0.0009	0.0009	0.0000	0.0000	0.0000	0.0000	0.0010	0.0007	0.0004	0.0004	0.0004	0.0000	0.0006	0.0003	0.0003	0.0221	0.0107	0.0114	0.0020	0.0019	0.0000	0.0201	0.0087	0.0114	0.4946	0.3630	inf	0.1065	0.1076	0.0000	inf	0.0000	inf	0.0391	0.0808	0.0000	0.4419	0.4422	0.0000	0.0000	0.0000	0.0000		
80	91	0.1506	6	0	1	2	0	0	0	0	0	N	N	Y	N	N	N	N	N	N	N	N	N	0.0000	0.0000	0.0000	0.0000	0.0000	0.0000	0.0000	0.0000	0.0000	0.0000	0.0000	0.0000	0.0000	0.0000	0.0000	0.0000	0.0000	0.0000	0.0000	0.0000	0.0029	0.0000	2.0135	0.0000	0.0000	0.0000	0.0000	0.0000	0.0000	0.0000	0.0000	0.0000	0.0000	0.0000	0.0000	0.0000	0.0000	0.0000	0.0000	0.0000	0.0000	0.0000	0.0000	0.0000	0.0000	0.0000	0.0000	0.0000	0.0000	0.0000	0.0000	0.0000	0.0000	0.0000	0.0000	0.0000	0.0000	0.0000	0.0000	0.0000	0.0000	0.0000	0.0000	0.0000	0.0000	0.0000	0.0000	0.0000	0.0000	0.0000	0.0000	0.0000	0.0000	0.0000	0.0000	0.0000	0.0000	0.0000											
80	92	0.1185	5	0	1	2	0	0	0	0	0	N	N	Y	N	N	N	N	N	N	N	N	N	inf	inf	inf	inf	0.4032	0.4434	0.0000	0.6152	0.6464	0.0000	0.0000	0.0000	0.0000	0.0000	0.0000	0.0000	0.0000	0.0000	0.0000	0.0000	0.0000	0.0000	0.0000	-0.0001	0.0000	0.0029	3.7221	2.0135	2.9993	0.0003	0.0003	0.0000	0.0003	0.0003	0.0000	0.0000	0.0000	0.0000	0.0000	0.0000	0.0000	0.0000	0.0000	0.0000	0.0000	0.0000	0.0000	0.0008	0.0007	0.0001	0.0005	0.0005	0.0000	0.0003	0.0002	0.0000	0.0251	0.0125	0.0126	0.0025	0.0024	0.0001	0.0226	0.0101	0.0125	inf	inf	0.0000	inf	inf	0.0000	0.0000	0.0000	0.0000	0.0000	0.0000	0.0000	0.0000	0.0000	0.0000	0.0000	0.0000	0.0000						
80	93	0.0883	4	0	1	1	0	0	0	0	0	N	N	N	N	N	N	N	N	N	N	N	N	0.0000	0.0000	0.0000	0.0000	0.0000	0.0000	0.0000	0.0000	0.0000	0.0000	0.0000	0.0000	0.0000	0.0000	0.0000	0.0000	0.0000	0.0000	0.0000	0.0000	0.0029	2.7217	2.0135	3.0458	0.0000	0.0000	0.0000	0.0000	0.0000	0.0000	0.0000	0.0000	0.0000	0.0000	0.0000	0.0000	0.0000	0.0000	0.0000	0.0000	0.0000	0.0000	0.0006	0.0005	0.0001	0.0004	0.0004	0.0000	0.0002	0.0002	0.0000	0.0214	0.0093	0.0121	0.0009	0.0009	0.0001	0.0205	0.0085	0.0120	0.0000	0.0000	0.0000	0.0000	0.0000	0.0000	0.0000	0.0000	0.0000	0.0000	0.0000	0.0000	0.0000	0.0000	0.0000	0.0000	0.0000	0.0000											
80	94	0.0633	4	1	2	1	0	0	0	0	0	N	Y	N	N	N	N	N	N	N	N	N	N	0.0014	0.0010	0.0000	0.0583	0.0591	0.0023	0.0009	0.0000	0.0018	0.0019	0.0000	0.0012	0.0012	0.0000	0.0026	0.0030	0.0000	1.3088	1.9540	0.0000	0.0205	0.0207	0.0000	1.1097	3.3112	0.0000	0.0000	0.0000	-0.0000	-0.0030	0.0029	5.9980	2.0135	4.9575	0.0000	0.0000	0.0000	0.0000	0.0000	0.0000	0.0000	0.0000	0.0000	0.0058	0.0058	0.0000	0.0000	0.0000	0.0000	0.0058	0.0058	0.0000	0.0013	0.0012	0.0001	0.0007	0.0007	0.0000	0.0006	0.0005	0.0001	0.0516	0.0247	0.0268	0.0021	0.0019	0.0002	0.0494	0.0228	0.0267	0.0161	0.0083	0.0000	0.2529	0.2382	0.0000	0.0222	0.0117	0.0000	0.1122	0.2340	0.0000	0.0047	0.0051	0.0000	0.1168	0.2536	0.0000	
80	95	0.6669	8	1	2	1	0	0	0	0	0	N	Y	N	N	N	N	N	N	N	N	N	N	0.0000	0.0000	0.0000	0.0000	0.0000	0.0000	0.0000	0.0000	0.0000	0.0000	0.0000	0.0000	0.0000	0.0000	0.0000	0.0000	0.0000	0.0000	0.0000	0.0000	0.0029	0.0000	2.0135	2.0000	0.0000	0.0000	0.0000	0.0000	0.0000	0.0000	0.0000	0.0000	0.0000	0.0000	0.0000	0.0000	0.0000	0.0000	0.0000	0.0000	0.0000	0.0000	0.0000	0.0000	0.0000	0.0000	0.0000	0.0000	0.0000	0.0000	0.0000	0.0076	0.0052	0.0024	0.0050	0.0045	0.0005	0.0026	0.0007	0.0019	0.0000	0.0000	0.0000	0.0000	0.0000	0.0000	0.0000	0.0000	0.0000	0.0000	0.0000	0.0000	0.0000	0.0000	0.0000	0.0000	0.0000	0.0000											
80	96	0.6445	7	0	2	1	0	0	0	0	0	N	Y	N	N	N	N	N	N	N	N	N	N	0.0000	0.0000	0.0000	0.0000	0.0000	0.0000	0.0000	0.0000	0.0000	0.0000	0.0000	0.0000	0.0000	0.0000	0.0000	0.0000	0.0000	0.0000	0.0000	0.0000	0.0029	4.0000	2.0135	0.0000	0.0000	0.0000	0.0000	0.0000	0.0000	0.0000	0.0000	0.0000	0.0000	0.0000	0.0000	0.0000	0.0000	0.0000	0.0000	0.0000	0.0000	0.0000	0.0005	0.0005	0.0000	0.0003	0.0003	0.0000	0.0002	0.0002	0.0000	0.0089	0.0062	0.0027	0.0060	0.0056	0.0004	0.0029	0.0006	0.0023	0.0000	0.0000	0.0000	0.0000	0.0000	0.0000	0.0000	0.0000	0.0000	0.0000	0.0000	0.0000	0.0000	0.0000	0.0000	0.0000	0.0000	0.0000											
80	97	0.0883	4	0	1	1	0	0	0	0	0	N	N	N	N	N	N	N	N	N	N	N	N	1194.2938	411.0709	0.3010	0.3449	inf	inf	1.1379	1.2508	0.0000	0.0184	0.0193	0.0000	3.2250	3.8933	0.0000	0.0010	0.0030	0.0000	0.0611	0.0560	0.0000	0.0000	0.0000	0.0000	0.0000	0.0000	-0.0002	-0.0000	0.0029	3.9994	2.0135	4.0000	0.0009	0.0009	0.0000	0.0000	0.0000	0.0000	0.0009	0.0009	0.0000	0.0000	0.0000	0.0000	0.0000	0.0000	0.0000	0.0000	0.0000	0.0000	0.0008	0.0008	0.0001	0.0005	0.0005	0.0000	0.0003	0.0002	0.0001	0.0291	0.0127	0.0163	0.0013	0.0012	0.0001	0.0278	0.0115	0.0163	3307.2583	1590.5634	0.0000	2.3330	2.2604	0.0000	inf	inf	0.0000	0.0003	0.0008	0.0000	0.0079	0.0085	0.0000	0.0000	0.0000	0.0000			
80	98	0.6445	7	0	1	1	0	0	0	0	0	N	N	N	N	N	N	N	N	N	N	N	N	0.0000	0.0000	0.0000	0.0000	0.0000	0.0000	0.0000	0.0000	0.0000	0.0000	0.0000	0.0000	0.0000	0.0000	0.0000	0.0000	0.0000	0.0000	0.0000	0.0000	0.0029	1.0000	2.0135	0.0000	0.0000	0.0000	0.0000	0.0000	0.0000	0.0000	0.0000	0.0000	0.0000	0.0000	0.0000	0.0000	0.0000	0.0000	0.0000	0.0000	0.0000	0.0000	0.0003	0.0002	0.0000	0.0002	0.0002	0.0000	0.0001	0.0001	0.0000	0.0043	0.0030	0.0013	0.0029	0.0027	0.0002	0.0014	0.0003	0.0011	0.0000	0.0000	0.0000	0.0000	0.0000	0.0000	0.0000	0.0000	0.0000	0.0000	0.0000	0.0000	0.0000	0.0000	0.0000	0.0000	0.0000	0.0000											
80	99	0.1993	5	0	1	1	0	0	0	0	0	N	N	N	N	N	N	N	N	N	N	N	N	0.0016	0.0016	0.0000	0.0017	0.0018	0.0000	0.0000	0.0000	0.0023	0.0025	0.0000	0.0034	0.0036	0.0000	0.0000	0.0000	0.0000	1.4430	1.6289	0.8631	2.0090	2.0186	0.0000	1.2944	0.0005	0.4244	0.0000	1.6986	-0.0000	0.0012	0.0029	1.5982	2.0135	11.1970	0.0000	0.0000	0.0000	0.0000	0.0000	0.0000	0.0000	0.0000	0.0000	0.0108	0.0040	0.0068	0.0040	0.0040	0.0000	0.0068	0.0000	0.0068	0.0005	0.0004	0.0000	0.0003	0.0003	0.0000	0.0002	0.0001	0.0000	0.0659	0.0360	0.0299	0.0211	0.0198	0.0012	0.0448	0.0162	0.0286	0.0139	0.0227	0.0000	0.0181	0.0179	0.0000	0.0000	0.0000	0.0000	0.1643	0.1114	0.2282	0.1903	0.2021	0.0000	0.1521	0.0000	0.2380	
80	100	0.0648	5	1	2	2	0	0	0	0	0	N	Y	Y	N	N	N	N	N	N	N	N	N	0.0000	0.0000	0.0000	0.0000	0.0000	0.0000	0.0000	0.0000	0.0000	0.0000	0.0000	0.0000	0.0000	0.6346	1.0753	0.0000	0.0000	0.0000	0.0000	0.2640	1.8800	0.0000	0.0000	0.0000	-0.0000	0.0029	0.0000	2.0135	0.9982	0.0000	0.0000	0.0000	0.0000	0.0000	0.0000	0.0000	0.0000	0.0000	0.0001	0.0001	0.0000	0.0000	0.0000	0.0000	0.0001	0.0001	0.0000	0.0000	0.0000	0.0000	0.0000	0.0000	0.0000	0.0000	0.0000	0.0000	0.0056	0.0027	0.0029	0.0003	0.0002	0.0000	0.0053	0.0025	0.0029	0.0000	0.0000	0.0000	0.0000	0.0000	0.0000	0.0000	0.0000	0.0000	0.0161	0.0336	0.0000	0.0000	0.0000	0.0000	0.0169	0.0366	0.0000						
80	101	0.6792	10	1	2	2	0	0	0	0	0	N	Y	Y	N	N	N	N	N	N	N	N	N	0.0000	0.0000	0.0000	0.0000	0.0000	0.0000	0.0000	0.0000	0.0000	0.0000	0.0000	0.0000	0.0000	0.0000	0.0000	0.0000	0.0000	0.0000	0.0000	0.0000	0.0029	0.0000	2.0135	0.0000	0.0000	0.0000	0.0000	0.0000	0.0000	0.0000	0.0000	0.0000	0.0000	0.0000	0.0000	0.0000	0.0000	0.0000	0.0000	0.0000	0.0000	0.0000	0.0000	0.0000	0.0000	0.0000	0.0000	0.0000	0.0000	0.0000	0.0000	0.0000	0.0000	0.0000	0.0000	0.0000	0.0000	0.0000	0.0000	0.0000	0.0000	0.0000	0.0000	0.0000	0.0000	0.0000	0.0000	0.0000	0.0000	0.0000	0.0000	0.0000	0.0000	0.0000	0.0000	0.0000	0.0000	0.0000											
80	102	0.6792	9	1	1	2	0	0	0	0	0	N	N	Y	N	N	N	N	N	N	N	N	N	0.0000	0.0000	0.0000	0.0000	0.0000	0.0000	0.0000	0.0000	0.0000	0.0000	0.0000	0.0000	0.0000	0.0000	0.0000	0.0000	0.0000	0.0000	0.0000	0.0000	0.0029	0.0000	2.0135	0.0000	0.0000	0.0000	0.0000	0.0000	0.0000	0.0000	0.0000	0.0000	0.0000	0.0000	0.0000	0.0000	0.0000	0.0000	0.0000	0.0000	0.0000	0.0000	0.0000	0.0000	0.0000	0.0000	0.0000	0.0000	0.0000	0.0000	0.0000	0.0000	0.0000	0.0000	0.0000	0.0000	0.0000	0.0000	0.0000	0.0000	0.0000	0.0000	0.0000	0.0000	0.0000	0.0000	0.0000	0.0000	0.0000	0.0000	0.0000	0.0000	0.0000	0.0000	0.0000	0.0000	0.0000	0.0000											
80	103	0.6731	8	1	1	2	0	0	0	0	0	N	N	Y	N	N	N	N	N	N	N	N	N	0.0000	0.0000	0.0000	0.0000	0.0000	0.0000	0.0000	0.0000	0.0000	0.0000	0.0000	0.0000	0.0000	0.0000	0.0000	0.0000	0.0000	0.0000	0.0000	0.0000	0.0029	0.0000	2.0135	1.0091	0.0000	0.0000	0.0000	0.0000	0.0000	0.0000	0.0000	0.0000	0.0000	0.0000	0.0000	0.0000	0.0000	0.0000	0.0000	0.0000	0.0000	0.0000	0.0000	0.0000	0.0000	0.0000	0.0000	0.0000	0.0000	0.0000	0.0000	0.0039	0.0027	0.0012	0.0026	0.0024	0.0002	0.0013	0.0004	0.0010	0.0000	0.0000	0.0000	0.0000	0.0000	0.0000	0.0000	0.0000	0.0000	0.0000	0.0000	0.0000	0.0000	0.0000	0.0000	0.0000	0.0000	0.0000											
80	104	0.0883	4	0	2	1	0	0	0	0	0	N	Y	N	N	N	N	N	N	N	N	N	N	inf	inf	inf	inf	inf	inf	0.8648	0.9532	0.0000	0.3601	0.3780	0.0000	1.7028	2.0463	0.0000	0.0000	0.0000	0.0000	0.0000	0.0000	0.0000	0.0000	0.0000	0.0000	0.0000	-0.0003	0.0000	0.0029	7.9994	2.0135	4.0001	0.0013	0.0013	0.0000	0.0003	0.0003	0.0000	0.0009	0.0009	0.0000	0.0000	0.0000	0.0000	0.0000	0.0000	0.0000	0.0000	0.0000	0.0000	0.0015	0.0013	0.0001	0.0009	0.0009	0.0000	0.0006	0.0005	0.0001	0.0419	0.0184	0.0234	0.0018	0.0017	0.0001	0.0400	0.0167	0.0233	inf	inf	0.0000	inf	inf	0.0000	inf	inf	0.0000	0.0000	0.0000	0.0000	0.0000	0.0000	0.0000	0.0000	0.0000	0.0000				
80	105	0.0683	6	1	1	2	0	0	0	0	0	N	N	Y	N	N	N	N	N	N	N	N	N	0.0000	0.0000	0.0000	0.0000	0.0000	0.0000	0.0000	0.0000	0.0000	0.0000	0.0000	0.0000	0.0000	0.0000	0.0000	0.0000	0.0000	0.0000	0.0000	0.0000	0.0029	1.0000	2.0135	1.0005	0.0000	0.0000	0.0000	0.0000	0.0000	0.0000	0.0000	0.0000	0.0000	0.0000	0.0000	0.0000	0.0000	0.0000	0.0000	0.0000	0.0000	0.0000	0.0002	0.0002	0.0000	0.0001	0.0001	0.0000	0.0001	0.0001	0.0000	0.0108	0.0052	0.0056	0.0004	0.0004	0.0000	0.0104	0.0048	0.0056	0.0000	0.0000	0.0000	0.0000	0.0000	0.0000	0.0000	0.0000	0.0000	0.0000	0.0000	0.0000	0.0000	0.0000	0.0000	0.0000	0.0000	0.0000											
80	106	0.0648	5	1	1	2	0	0	0	0	0	N	N	Y	N	N	N	N	N	N	N	N	N	0.0115	0.0074	0.0000	inf	inf	0.0391	0.0066	0.0000	0.0083	0.0090	0.0000	0.0054	0.0055	0.0000	0.0122	0.0140	0.0000	0.7196	1.2087	0.0000	0.0000	0.0000	0.0000	0.3123	2.1140	0.0000	0.0000	0.0000	-0.0000	-0.0000	0.0029	0.7249	2.0135	0.0368	0.0000	0.0000	0.0000	0.0000	0.0000	0.0000	0.0000	0.0000	0.0000	0.0001	0.0001	0.0000	0.0000	0.0000	0.0000	0.0001	0.0001	0.0000	0.0002	0.0002	0.0000	0.0001	0.0001	0.0000	0.0001	0.0001	0.0000	0.0043	0.0021	0.0022	0.0002	0.0002	0.0000	0.0041	0.0019	0.0022	0.3953	0.2050	0.0000	inf	inf	0.0000	0.5521	0.2931	0.0000	0.0210	0.0437	0.0000	0.0000	0.0000	0.0000	0.0221	0.0478	0.0000	
80	107	0.0633	4	1	1	2	0	0	0	0	0	N	N	Y	N	N	N	N	N	N	N	N	N	0.0120	0.0087	472.1107	0.0119	0.0118	inf	0.0098	0.0055	0.0000	0.0318	0.0343	0.0010	0.0329	0.0342	0.0030	0.0302	0.0344	0.0000	2.6522	3.9479	0.0000	2.7727	2.8918	0.0000	3.0840	6.2081	0.0000	0.0025	0.0000	-0.0000	-0.0031	0.0029	0.4159	2.0135	0.0887	0.0000	0.0000	0.0000	0.0000	0.0000	0.0000	0.0000	0.0000	0.0000	0.0059	0.0059	0.0000	0.0001	0.0001	0.0000	0.0058	0.0058	0.0000	0.0001	0.0001	0.0000	0.0001	0.0001	0.0000	0.0000	0.0000	0.0000	0.0030	0.0015	0.0015	0.0002	0.0002	0.0000	0.0028	0.0013	0.0015	0.0164	0.0087	472.1107	0.0758	0.0703	inf	0.0146	0.0077	0.0000	1.9411	3.9479	0.0000	0.4343	0.4870	0.0000	2.0644	4.4981	0.0000
80	108	0.0471	3	1	1	1	0	0	0	0	0	N	N	N	N	N	N	N	N	N	N	N	N	0.0357	0.0188	inf	278.0259	311.0096	0.0503	0.0270	inf	1.3451	1.5161	0.0002	0.0478	0.0495	0.0000	1.9448	2.2846	0.0003	37.7009	80.6023	0.0000	0.0002	0.0002	0.0000	38.6639	84.7399	0.0000	0.0000	0.0000	-0.0002	-0.5185	0.0029	3.9943	2.0135	0.9974	0.0009	0.0009	0.0000	0.0000	0.0000	0.0000	0.0009	0.0009	0.0000	0.9936	0.9936	0.0000	0.0000	0.0000	0.0000	0.9936	0.9936	0.0000	0.0007	0.0006	0.0001	0.0002	0.0002	0.0000	0.0005	0.0004	0.0001	0.0264	0.0123	0.0140	0.0007	0.0006	0.0001	0.0257	0.0117	0.0140	0.0357	0.0188	inf	9223.6047	8764.1811	0.0000	0.0503	0.0270	inf	37.7009	80.6023	0.0000	0.0000	0.0000	0.0000	38.6639	84.7399	0.0000	
80	109	0.6731	8	1	1	2	0	0	0	0	0	N	N	Y	N	N	N	N	N	N	N	N	N	0.0000	0.0000	0.0000	0.0000	0.0000	0.0000	0.0000	0.0000	0.0000	0.0000	0.0000	0.0000	0.0000	0.0000	0.0000	0.0000	0.0000	0.0000	0.0000	0.0000	0.0029	0.0000	2.0135	0.9909	0.0000	0.0000	0.0000	0.0000	0.0000	0.0000	0.0000	0.0000	0.0000	0.0000	0.0000	0.0000	0.0000	0.0000	0.0000	0.0000	0.0000	0.0000	0.0000	0.0000	0.0000	0.0000	0.0000	0.0000	0.0000	0.0000	0.0000	0.0039	0.0027	0.0012	0.0025	0.0023	0.0002	0.0013	0.0003	0.0010	0.0000	0.0000	0.0000	0.0000	0.0000	0.0000	0.0000	0.0000	0.0000	0.0000	0.0000	0.0000	0.0000	0.0000	0.0000	0.0000	0.0000	0.0000											
80	110	0.6445	7	1	1	2	0	0	0	0	0	N	N	Y	N	N	N	N	N	N	N	N	N	0.0000	0.0000	0.0000	0.0000	0.0000	0.0000	0.0000	0.0000	0.0000	0.0000	0.0000	0.0000	0.0000	0.0000	0.0000	0.0000	0.0000	0.0000	0.0000	0.0000	0.0029	4.0000	2.0135	0.0000	0.0000	0.0000	0.0000	0.0000	0.0000	0.0000	0.0000	0.0000	0.0000	0.0000	0.0000	0.0000	0.0000	0.0000	0.0000	0.0000	0.0000	0.0000	0.0005	0.0005	0.0000	0.0003	0.0003	0.0000	0.0002	0.0002	0.0000	0.0089	0.0062	0.0027	0.0060	0.0056	0.0004	0.0029	0.0006	0.0023	0.0000	0.0000	0.0000	0.0000	0.0000	0.0000	0.0000	0.0000	0.0000	0.0000	0.0000	0.0000	0.0000	0.0000	0.0000	0.0000	0.0000	0.0000											
80	112	0.1342	5	0	1	2	0	0	0	0	0	N	N	Y	N	N	N	N	N	N	N	N	N	0.0000	0.0000	0.0000	0.0000	0.0000	0.0000	0.0000	0.0000	0.0000	0.0000	0.0000	0.0000	0.0000	0.0000	0.0000	0.0000	0.0000	0.0000	0.0000	0.0000	0.0029	0.0000	2.0135	0.0001	0.0000	0.0000	0.0000	0.0000	0.0000	0.0000	0.0000	0.0000	0.0000	0.0000	0.0000	0.0000	0.0000	0.0000	0.0000	0.0000	0.0000	0.0000	0.0000	0.0000	0.0000	0.0000	0.0000	0.0000	0.0000	0.0000	0.0000	0.0000	0.0000	0.0000	0.0000	0.0000	0.0000	0.0000	0.0000	0.0000	0.0000	0.0000	0.0000	0.0000	0.0000	0.0000	0.0000	0.0000	0.0000	0.0000	0.0000	0.0000	0.0000	0.0000	0.0000	0.0000	0.0000	0.0000											
80	113	0.0883	4	0	1	2	0	0	0	0	0	N	N	Y	N	N	N	N	N	N	N	N	N	inf	inf	inf	inf	0.3832	0.4212	0.0000	0.5887	0.6176	0.0000	0.0000	0.0000	0.0000	0.0000	0.0000	0.0000	0.0000	0.0000	0.0000	0.0000	0.0000	0.0000	0.0000	-0.0001	0.0000	0.0029	4.0004	2.0135	4.9999	0.0003	0.0003	0.0000	0.0003	0.0003	0.0000	0.0000	0.0000	0.0000	0.0000	0.0000	0.0000	0.0000	0.0000	0.0000	0.0000	0.0000	0.0000	0.0008	0.0008	0.0001	0.0005	0.0005	0.0000	0.0003	0.0002	0.0001	0.0324	0.0142	0.0182	0.0014	0.0013	0.0001	0.0310	0.0129	0.0181	inf	inf	0.0000	inf	inf	0.0000	0.0000	0.0000	0.0000	0.0000	0.0000	0.0000	0.0000	0.0000	0.0000	0.0000	0.0000	0.0000						
80	114	0.6771	8	0	2	1	0	0	0	0	0	N	Y	N	N	N	N	N	N	N	N	N	N	7882.1217	inf	0.0000	inf	inf	23851.8406	inf	0.0000	0.5130	0.5686	0.0000	0.7727	0.8034	0.0000	0.2026	0.2438	0.0000	0.0001	0.0000	0.0000	0.0000	0.0000	0.0000	0.0000	0.0000	0.0000	0.0000	inf	-0.0001	0.0000	0.0029	4.3361	2.0135	4.6323	0.0004	0.0004	0.0000	0.0003	0.0003	0.0000	0.0001	0.0001	0.0000	0.0000	0.0000	0.0000	0.0000	0.0000	0.0000	0.0000	0.0000	0.0000	0.0008	0.0007	0.0001	0.0004	0.0004	0.0000	0.0003	0.0003	0.0001	0.0295	0.0209	0.0085	0.0203	0.0185	0.0018	0.0092	0.0024	0.0068	193735.6920	inf	0.0000	inf	inf	0.0000	23851.8406	inf	0.0000	0.0000	0.0000	0.0000	0.0000	0.0000	0.0000	0.0000	0.0000	0.0000	
80	115	0.6445	7	0	1	1	0	0	0	0	0	N	N	N	N	N	N	N	N	N	N	N	N	0.1725	18.7603	0.0000	20.3016	23.1699	0.0057	inf	0.0000	0.0039	0.0042	0.0000	0.0060	0.0063	0.0000	0.0003	0.0004	0.0000	0.0223	0.0002	0.0109	0.0003	0.0003	0.0000	0.0528	0.0000	0.0079	0.0000	131.9539	-0.0000	0.0000	0.0029	1.9840	2.0135	0.2610	0.0000	0.0000	0.0000	0.0000	0.0000	0.0000	0.0000	0.0000	0.0000	0.0000	0.0000	0.0000	0.0000	0.0000	0.0000	0.0000	0.0000	0.0000	0.0003	0.0003	0.0000	0.0002	0.0002	0.0000	0.0001	0.0001	0.0000	0.0052	0.0036	0.0015	0.0035	0.0033	0.0002	0.0017	0.0004	0.0013	1.9241	197.0333	0.0000	272.5668	264.0608	0.0000	0.0480	inf	0.0000	0.0020	0.0000	0.0067	0.0000	0.0000	0.0000	0.0062	0.0000	0.0079	
80	116	0.0883	4	0	2	1	1	0	0	0	0	N	Y	N	N	N	N	N	N	N	N	N	N	0.5544	inf	0.0000	inf	inf	1.4705	inf	0.0000	0.9415	1.0357	0.0000	0.0154	0.0162	0.0000	2.6155	3.1538	0.0000	1.6981	0.0000	2.8221	0.0000	0.0000	0.0000	1.7787	0.0000	1.0186	0.0000	inf	-0.0002	0.0037	0.0029	5.0006	2.0135	2.0000	0.0009	0.0009	0.0000	0.0000	0.0000	0.0000	0.0009	0.0009	0.0000	0.0078	0.0000	0.0078	0.0000	0.0000	0.0000	0.0078	0.0000	0.0078	0.0010	0.0009	0.0001	0.0006	0.0006	0.0000	0.0004	0.0003	0.0001	0.0257	0.0112	0.0145	0.0011	0.0010	0.0001	0.0246	0.0102	0.0144	3.0979	inf	0.0000	inf	inf	0.0000	8.2321	inf	0.0000	0.3039	0.0000	0.5396	0.0000	0.0000	0.0000	0.3177	0.0000	0.5428	
80	117	0.6445	7	0	2	1	1	0	0	0	0	N	Y	N	N	N	N	N	N	N	N	N	N	0.0000	0.0000	0.0000	0.0000	0.0000	0.0000	0.0000	0.0000	0.0000	0.0000	0.0000	0.0000	0.0000	0.0000	0.0000	0.0000	0.0000	0.0000	0.0000	0.0000	0.0029	0.0000	2.0135	1.0000	0.0000	0.0000	0.0000	0.0000	0.0000	0.0000	0.0000	0.0000	0.0000	0.0000	0.0000	0.0000	0.0000	0.0000	0.0000	0.0000	0.0000	0.0000	0.0000	0.0000	0.0000	0.0000	0.0000	0.0000	0.0000	0.0000	0.0000	0.0033	0.0023	0.0010	0.0022	0.0021	0.0002	0.0010	0.0002	0.0008	0.0000	0.0000	0.0000	0.0000	0.0000	0.0000	0.0000	0.0000	0.0000	0.0000	0.0000	0.0000	0.0000	0.0000	0.0000	0.0000	0.0000	0.0000											
80	118	0.0883	4	0	2	1	0	0	0	0	0	N	Y	N	N	N	N	N	N	N	N	N	N	399.2595	180.6568	20.3512	23.2827	0.1295	0.1431	0.0000	0.2246	0.2359	0.0000	0.0000	0.0000	0.0000	0.0003	0.0008	0.0000	0.0110	0.0101	0.0000	0.0000	0.0000	0.0000	0.0000	0.0000	-0.0001	-0.0000	0.0029	16.9994	2.0135	6.0000	0.0003	0.0003	0.0000	0.0003	0.0003	0.0000	0.0000	0.0000	0.0000	0.0000	0.0000	0.0000	0.0000	0.0000	0.0000	0.0000	0.0000	0.0000	0.0025	0.0022	0.0002	0.0014	0.0014	0.0001	0.0010	0.0009	0.0002	0.0721	0.0322	0.0399	0.0033	0.0030	0.0003	0.0688	0.0292	0.0396	933.4810	461.0625	0.0000	73.8839	71.6390	0.0000	0.0000	0.0000	0.0000	0.0001	0.0003	0.0000	0.0030	0.0033	0.0000	0.0000	0.0000	0.0000					
80	119	0.6445	7	0	2	1	0	0	0	0	0	N	Y	N	N	N	N	N	N	N	N	N	N	0.0000	0.0000	0.0000	0.0000	0.0000	0.0000	0.0000	0.0000	0.0000	0.0000	0.0000	0.0000	0.0000	0.0000	0.0000	0.0000	0.0000	0.0000	0.0000	0.0000	0.0029	5.0000	2.0135	6.0000	0.0000	0.0000	0.0000	0.0000	0.0000	0.0000	0.0000	0.0000	0.0000	0.0000	0.0000	0.0000	0.0000	0.0000	0.0000	0.0000	0.0000	0.0000	0.0007	0.0006	0.0001	0.0004	0.0004	0.0000	0.0003	0.0002	0.0000	0.0216	0.0147	0.0068	0.0142	0.0131	0.0011	0.0073	0.0016	0.0057	0.0000	0.0000	0.0000	0.0000	0.0000	0.0000	0.0000	0.0000	0.0000	0.0000	0.0000	0.0000	0.0000	0.0000	0.0000	0.0000	0.0000	0.0000											
80	120	0.6725	8	0	2	1	0	0	0	0	0	N	Y	N	N	N	N	N	N	N	N	N	N	0.0217	0.0157	9.9186	0.0800	0.0738	inf	0.0000	0.0000	0.0002	0.0002	0.0005	0.0004	0.0003	0.0016	0.0000	0.0000	0.0000	0.0114	0.0141	0.0001	0.0049	0.0046	0.0000	0.0001	0.0000	0.0001	0.2246	0.0112	-0.0000	-0.0000	0.0029	0.9998	2.0135	0.9486	0.0000	0.0000	0.0000	0.0000	0.0000	0.0000	0.0000	0.0000	0.0000	0.0000	0.0000	0.0000	0.0000	0.0000	0.0000	0.0000	0.0000	0.0000	0.0001	0.0001	0.0000	0.0001	0.0001	0.0000	0.0001	0.0000	0.0000	0.0052	0.0036	0.0016	0.0037	0.0033	0.0004	0.0015	0.0003	0.0012	0.1815	0.1152	9.9186	0.2073	0.1620	inf	0.0000	0.0000	0.0000	0.0014	0.0019	0.0001	0.0019	0.0021	0.0000	0.0001	0.0000	0.0001	
80	121	0.6445	7	0	2	1	0	0	0	0	0	N	Y	N	N	N	N	N	N	N	N	N	N	0.0295	0.2387	0.1057	0.0781	0.0856	0.0237	inf	0.1191	0.0000	0.0000	0.0002	0.0000	0.0000	0.0000	0.0001	0.0001	0.0002	0.0016	0.0002	0.0014	0.0002	0.0002	0.0000	0.0042	0.0000	0.0017	0.3740	89.1268	0.0000	0.0000	0.0029	3.0005	2.0135	1.1085	0.0000	0.0000	0.0000	0.0000	0.0000	0.0000	0.0000	0.0000	0.0000	0.0000	0.0000	0.0000	0.0000	0.0000	0.0000	0.0000	0.0000	0.0000	0.0007	0.0007	0.0001	0.0004	0.0004	0.0000	0.0003	0.0002	0.0000	0.0158	0.0109	0.0049	0.0105	0.0098	0.0008	0.0052	0.0011	0.0041	0.1087	5.3956	0.1057	2.0608	1.9523	0.0000	0.0756	inf	0.1191	0.0004	0.0000	0.0014	0.0000	0.0000	0.0000	0.0013	0.0000	0.0017	
80	122	0.0471	3	0	2	1	0	0	0	0	0	N	Y	N	N	N	N	N	N	N	N	N	N	0.0669	0.0354	inf	inf	0.0943	0.0506	2.5347	2.8622	0.0000	0.0864	0.0898	0.0000	3.6611	4.3049	0.0000	37.8608	80.9444	0.0000	0.0000	0.0000	0.0000	38.8281	85.0999	0.0000	0.0000	0.0000	-0.0002	-0.5216	0.0029	2.0001	2.0135	3.0000	0.0009	0.0009	0.0000	0.0000	0.0000	0.0000	0.0009	0.0009	0.0000	0.9993	0.9993	0.0000	0.0000	0.0000	0.0000	0.9993	0.9993	0.0000	0.0004	0.0003	0.0000	0.0001	0.0001	0.0000	0.0003	0.0002	0.0000	0.0264	0.0123	0.0140	0.0007	0.0006	0.0001	0.0257	0.0117	0.0140	0.0669	0.0354	0.0000	inf	inf	0.0000	0.0943	0.0506	0.0000	37.8608	80.9444	0.0000	0.0000	0.0000	0.0000	38.8281	85.0999	0.0000			
80	124	0.6780	8	0	2	1	0	0	0	0	0	N	Y	N	N	N	N	N	N	N	N	N	N	36.7863	39.1632	0.5183	1.4077	1.5720	inf	1073.2115	inf	0.0581	0.8723	0.9626	0.0006	0.0141	0.0149	0.0013	2.5639	3.0516	0.0001	0.0237	0.0246	0.0012	0.0100	0.0095	0.0000	0.0024	0.0000	0.0013	0.0001	0.2291	-0.0002	-0.0000	0.0029	3.9006	2.0135	3.1543	0.0009	0.0009	0.0000	0.0000	0.0000	0.0000	0.0009	0.0009	0.0000	0.0001	0.0000	0.0000	0.0000	0.0000	0.0000	0.0000	0.0000	0.0000	0.0011	0.0010	0.0001	0.0007	0.0007	0.0000	0.0004	0.0003	0.0001	0.0263	0.0173	0.0090	0.0160	0.0148	0.0012	0.0103	0.0025	0.0078	409.5108	365.4169	0.5183	4.9263	4.8258	inf	2535.4153	inf	0.0581	0.0021	0.0026	0.0012	0.0029	0.0031	0.0000	0.0010	0.0000	0.0013
80	125	0.6445	7	0	2	1	0	0	0	0	0	N	Y	N	N	N	N	N	N	N	N	N	N	0.4819	0.6352	0.0830	0.0129	0.0144	4.0760	inf	0.2492	0.1893	0.2075	0.0023	0.0007	0.0007	0.0000	0.4934	0.5925	0.0031	0.3929	0.3266	0.0276	0.0528	0.0491	0.0000	0.1211	0.0000	0.0125	0.0011	0.6472	-0.0000	-0.0000	0.0029	1.6924	2.0135	1.9110	0.0001	0.0001	0.0000	0.0000	0.0000	0.0000	0.0001	0.0001	0.0000	0.0001	0.0001	0.0000	0.0001	0.0001	0.0000	0.0000	0.0000	0.0000	0.0004	0.0004	0.0000	0.0003	0.0003	0.0000	0.0002	0.0001	0.0000	0.0141	0.0098	0.0043	0.0094	0.0087	0.0007	0.0046	0.0010	0.0036	23.0096	28.7410	0.2186	0.0916	0.0878	0.0000	50.3390	inf	0.2492	0.0082	0.0072	0.0105	0.0075	0.0080	0.0000	0.0098	0.0000	0.0125	
80	126	0.0883	4	0	2	1	0	0	0	0	0	N	Y	N	N	N	N	N	N	N	N	N	N	0.0000	0.0000	0.0000	0.0000	0.0000	0.0000	0.0000	0.0000	0.0000	0.0000	0.0000	0.0000	0.0000	0.0000	0.0000	30.8744	70.4607	0.0000	0.0465	0.0440	0.0000	32.2870	77.6199	0.0000	0.0000	0.0000	-0.5216	0.0029	0.9996	2.0135	8.0005	0.0000	0.0000	0.0000	0.0000	0.0000	0.0000	0.0000	0.0000	0.0000	0.9993	0.9993	0.0000	0.0000	0.0000	0.0000	0.9993	0.9993	0.0000	0.0002	0.0002	0.0000	0.0002	0.0001	0.0000	0.0001	0.0001	0.0000	0.0324	0.0142	0.0182	0.0014	0.0013	0.0001	0.0310	0.0129	0.0181	0.0000	0.0000	0.0000	0.0000	0.0000	0.0000	0.0000	0.0000	0.0000	30.8744	70.4607	0.0000	0.0071	0.0076	0.0000	32.2870	77.6199	0.0000				
80	127	0.2157	6	0	1	1	0	0	0	0	0	N	N	N	N	N	N	N	N	N	N	N	N	0.0054	0.0034	3.0675	0.0014	0.0014	0.0000	0.0111	0.0057	6.3328	0.0824	0.0887	0.0229	0.0007	0.0007	0.0000	0.2467	0.2982	0.0342	15.2721	26.3836	0.0075	0.4871	0.4930	0.0078	22.1466	52.5219	0.0054	0.0276	0.0001	-0.0000	-0.5168	0.0029	3.6536	2.0135	12.3970	0.0001	0.0001	0.0000	0.0000	0.0000	0.0000	0.0001	0.0001	0.0000	0.9905	0.9904	0.0001	0.0006	0.0006	0.0000	0.9899	0.9898	0.0001	0.0009	0.0008	0.0001	0.0006	0.0006	0.0000	0.0003	0.0002	0.0001	0.0649	0.0375	0.0273	0.0202	0.0187	0.0015	0.0447	0.0188	0.0259	0.0054	0.0034	4.2657	0.0211	0.0208	0.0000	0.0111	0.0057	6.3328	15.2721	26.3836	0.0054	0.0312	0.0333	0.0049	22.1466	52.5219	0.0054
80	128	0.3941	6	0	1	1	0	0	0	0	0	N	N	N	N	N	N	N	N	N	N	N	N	0.0448	0.0381	0.0065	0.1333	0.1375	inf	0.0009	0.0004	0.0177	0.1064	0.1185	0.0011	0.1550	0.1672	0.0001	0.0030	0.0032	0.0019	2.3738	3.1115	0.1670	1.1631	1.2159	0.0000	3.2502	7.2469	0.1098	0.0011	0.0188	-0.0000	-0.0552	0.0029	5.3495	2.0135	12.4099	0.0002	0.0002	0.0000	0.0001	0.0001	0.0000	0.0000	0.0000	0.0000	0.1096	0.1075	0.0020	0.0042	0.0042	0.0000	0.1054	0.1034	0.0020	0.0014	0.0013	0.0001	0.0010	0.0009	0.0001	0.0005	0.0004	0.0001	0.1002	0.0641	0.0361	0.0533	0.0456	0.0077	0.0469	0.0185	0.0284	0.0973	0.0706	0.0193	1.9830	1.8289	inf	0.0013	0.0006	0.0273	1.0937	1.6780	0.0561	0.0782	0.0914	0.0000	2.2492	5.5958	0.0713
80	129	0.1998	10	0	2	1	1	0	0	0	0	N	Y	N	N	N	N	N	N	N	N	N	N	0.0000	0.0000	0.0000	0.0000	0.0000	0.0000	0.0000	0.0000	0.0000	0.0000	0.0000	0.0000	0.0000	0.0000	0.0000	0.0000	0.0000	0.0000	0.0000	0.0000	0.0029	0.0000	2.0135	0.0000	0.0000	0.0000	0.0000	0.0000	0.0000	0.0000	0.0000	0.0000	0.0000	0.0000	0.0000	0.0000	0.0000	0.0000	0.0000	0.0000	0.0000	0.0000	0.0000	0.0000	0.0000	0.0000	0.0000	0.0000	0.0000	0.0000	0.0000	0.0000	0.0000	0.0000	0.0000	0.0000	0.0000	0.0000	0.0000	0.0000	0.0000	0.0000	0.0000	0.0000	0.0000	0.0000	0.0000	0.0000	0.0000	0.0000	0.0000	0.0000	0.0000	0.0000	0.0000	0.0000	0.0000	0.0000											
80	130	0.1835	9	0	2	1	1	0	0	0	0	N	Y	N	N	N	N	N	N	N	N	N	N	0.0000	0.0000	0.0000	0.0000	0.0000	0.0000	0.0000	0.0000	0.0000	0.0000	0.0000	0.0000	0.0000	0.0000	0.0000	0.0000	0.0000	0.0000	0.0000	0.0000	0.0029	0.0000	2.0135	3.0001	0.0000	0.0000	0.0000	0.0000	0.0000	0.0000	0.0000	0.0000	0.0000	0.0000	0.0000	0.0000	0.0000	0.0000	0.0000	0.0000	0.0000	0.0000	0.0000	0.0000	0.0000	0.0000	0.0000	0.0000	0.0000	0.0000	0.0000	0.0093	0.0038	0.0055	0.0004	0.0003	0.0000	0.0089	0.0034	0.0055	0.0000	0.0000	0.0000	0.0000	0.0000	0.0000	0.0000	0.0000	0.0000	0.0000	0.0000	0.0000	0.0000	0.0000	0.0000	0.0000	0.0000	0.0000											
80	131	0.1738	8	0	2	1	0	0	0	0	0	N	Y	N	N	N	N	N	N	N	N	N	N	0.0000	0.0000	0.0000	0.0000	0.0000	0.0000	0.0000	0.0000	0.0000	0.0000	0.0000	0.0000	0.0000	0.0000	0.0000	0.0000	0.0000	0.0000	0.0000	0.0000	0.0029	0.0000	2.0135	0.0000	0.0000	0.0000	0.0000	0.0000	0.0000	0.0000	0.0000	0.0000	0.0000	0.0000	0.0000	0.0000	0.0000	0.0000	0.0000	0.0000	0.0000	0.0000	0.0000	0.0000	0.0000	0.0000	0.0000	0.0000	0.0000	0.0000	0.0000	0.0000	0.0000	0.0000	0.0000	0.0000	0.0000	0.0000	0.0000	0.0000	0.0000	0.0000	0.0000	0.0000	0.0000	0.0000	0.0000	0.0000	0.0000	0.0000	0.0000	0.0000	0.0000	0.0000	0.0000	0.0000	0.0000	0.0000											
80	132	0.1835	9	0	1	2	1	0	0	0	0	N	N	Y	N	N	N	N	N	N	N	N	N	0.0000	0.0000	0.0000	0.0000	0.0000	0.0000	0.0000	0.0000	0.0000	0.0000	0.0000	0.0000	0.0000	0.0000	0.0000	0.0000	0.0000	0.0000	0.0000	0.0000	0.0029	0.0000	2.0135	1.9999	0.0000	0.0000	0.0000	0.0000	0.0000	0.0000	0.0000	0.0000	0.0000	0.0000	0.0000	0.0000	0.0000	0.0000	0.0000	0.0000	0.0000	0.0000	0.0000	0.0000	0.0000	0.0000	0.0000	0.0000	0.0000	0.0000	0.0000	0.0062	0.0025	0.0037	0.0002	0.0002	0.0000	0.0060	0.0023	0.0037	0.0000	0.0000	0.0000	0.0000	0.0000	0.0000	0.0000	0.0000	0.0000	0.0000	0.0000	0.0000	0.0000	0.0000	0.0000	0.0000	0.0000	0.0000											
80	133	0.1945	10	0	1	2	1	0	0	0	0	N	N	Y	N	N	N	N	N	N	N	N	N	0.0000	0.0000	0.0000	0.0000	0.0000	0.0000	0.0000	0.0000	0.0000	0.0000	0.0000	0.0000	0.0000	0.0000	0.0000	0.0000	0.0000	0.0000	0.0000	0.0000	0.0029	1.0000	2.0135	0.0000	0.0000	0.0000	0.0000	0.0000	0.0000	0.0000	0.0000	0.0000	0.0000	0.0000	0.0000	0.0000	0.0000	0.0000	0.0000	0.0000	0.0000	0.0000	0.0002	0.0002	0.0000	0.0001	0.0001	0.0000	0.0001	0.0001	0.0000	0.0030	0.0012	0.0018	0.0001	0.0001	0.0000	0.0029	0.0011	0.0018	0.0000	0.0000	0.0000	0.0000	0.0000	0.0000	0.0000	0.0000	0.0000	0.0000	0.0000	0.0000	0.0000	0.0000	0.0000	0.0000	0.0000	0.0000											
80	134	0.1945	10	0	1	2	1	0	0	0	0	N	N	Y	N	N	N	N	N	N	N	N	N	0.0000	0.0000	0.0000	0.0000	0.0000	0.0000	0.0000	0.0000	0.0000	0.0000	0.0000	0.0000	0.0000	0.0000	0.0000	0.0000	0.0000	0.0000	0.0000	0.0000	0.0029	0.0000	2.0135	0.0000	0.0000	0.0000	0.0000	0.0000	0.0000	0.0000	0.0000	0.0000	0.0000	0.0000	0.0000	0.0000	0.0000	0.0000	0.0000	0.0000	0.0000	0.0000	0.0000	0.0000	0.0000	0.0000	0.0000	0.0000	0.0000	0.0000	0.0000	0.0000	0.0000	0.0000	0.0000	0.0000	0.0000	0.0000	0.0000	0.0000	0.0000	0.0000	0.0000	0.0000	0.0000	0.0000	0.0000	0.0000	0.0000	0.0000	0.0000	0.0000	0.0000	0.0000	0.0000	0.0000	0.0000	0.0000											
80	135	0.1835	9	0	1	2	1	0	0	0	0	N	N	Y	N	N	N	N	N	N	N	N	N	0.0000	0.0000	0.0000	0.0000	0.0000	0.0000	0.0000	0.0000	0.0000	0.0000	0.0000	0.0000	0.0000	0.0000	0.0000	0.0000	0.0000	0.0000	0.0000	0.0000	0.0029	2.0025	2.0135	0.9943	0.0000	0.0000	0.0000	0.0000	0.0000	0.0000	0.0000	0.0000	0.0000	0.0000	0.0000	0.0000	0.0000	0.0000	0.0000	0.0000	0.0000	0.0000	0.0004	0.0003	0.0000	0.0002	0.0002	0.0000	0.0002	0.0001	0.0000	0.0093	0.0038	0.0055	0.0004	0.0003	0.0000	0.0089	0.0034	0.0055	0.0000	0.0000	0.0000	0.0000	0.0000	0.0000	0.0000	0.0000	0.0000	0.0000	0.0000	0.0000	0.0000	0.0000	0.0000	0.0000	0.0000	0.0000											
80	136	0.1835	8	0	1	1	1	0	0	0	0	N	N	N	N	N	N	N	N	N	N	N	N	0.0000	0.0000	0.0000	0.0000	0.0000	0.0000	0.0000	0.0000	0.0000	0.0000	0.0000	0.0000	0.0000	0.0000	0.0000	0.0000	0.0000	0.0000	0.0000	0.0000	0.0029	0.0050	2.0135	0.0173	0.0000	0.0000	0.0000	0.0000	0.0000	0.0000	0.0000	0.0000	0.0000	0.0000	0.0000	0.0000	0.0000	0.0000	0.0000	0.0000	0.0000	0.0000	0.0000	0.0000	0.0000	0.0000	0.0000	0.0000	0.0000	0.0000	0.0000	0.0001	0.0000	0.0000	0.0000	0.0000	0.0000	0.0001	0.0000	0.0000	0.0000	0.0000	0.0000	0.0000	0.0000	0.0000	0.0000	0.0000	0.0000	0.0000	0.0000	0.0000	0.0000	0.0000	0.0000	0.0000	0.0000	0.0000											
80	137	0.1738	7	0	1	1	1	0	0	0	0	N	N	N	N	N	N	N	N	N	N	N	N	0.0000	0.0000	0.0000	0.0000	0.0000	0.0000	0.0000	0.0000	0.0000	0.0000	0.0000	0.0000	0.0000	0.0000	0.0000	0.0000	0.0000	0.0000	0.0000	0.0000	0.0029	1.9972	2.0135	1.0076	0.0000	0.0000	0.0000	0.0000	0.0000	0.0000	0.0000	0.0000	0.0000	0.0000	0.0000	0.0000	0.0000	0.0000	0.0000	0.0000	0.0000	0.0000	0.0003	0.0003	0.0000	0.0002	0.0002	0.0000	0.0001	0.0001	0.0000	0.0088	0.0035	0.0052	0.0003	0.0003	0.0000	0.0084	0.0032	0.0052	0.0000	0.0000	0.0000	0.0000	0.0000	0.0000	0.0000	0.0000	0.0000	0.0000	0.0000	0.0000	0.0000	0.0000	0.0000	0.0000	0.0000	0.0000											
80	138	0.1566	6	1	2	1	0	0	0	0	0	N	Y	N	N	N	N	N	N	N	N	N	N	0.0000	0.0000	0.0000	0.0000	0.0000	0.0000	0.0000	0.0000	0.0000	0.0000	0.0000	0.0000	0.0000	0.0068	0.0000	0.0019	0.0347	0.0000	0.4650	0.0000	0.0000	0.0000	inf	0.0000	0.0000	0.0029	0.0002	2.0135	2.3255	0.0000	0.0000	0.0000	0.0000	0.0000	0.0000	0.0000	0.0000	0.0000	0.0000	0.0000	0.0000	0.0000	0.0000	0.0000	0.0000	0.0000	0.0000	0.0000	0.0000	0.0000	0.0000	0.0000	0.0000	0.0000	0.0000	0.0000	0.0104	0.0053	0.0051	0.0017	0.0016	0.0001	0.0088	0.0037	0.0051	0.0000	0.0000	0.0000	0.0000	0.0000	0.0000	0.0000	0.0000	0.0000	0.0010	0.0000	0.0019	0.0060	0.0000	0.1345	0.0000	0.0000	0.0000						
80	139	0.1387	5	1	2	1	0	0	0	0	0	N	Y	N	N	N	N	N	N	N	N	N	N	0.0000	0.2625	0.0000	0.1695	0.2228	0.0000	0.0000	0.0000	0.0000	0.0001	0.0001	0.0000	0.0002	0.0002	0.0000	0.0000	0.0000	0.0000	39.9753	0.0005	83.0609	0.0009	0.0008	0.0000	49.8089	0.0006	84.8809	0.0000	522523.0075	-0.0000	0.4524	0.0029	2.0138	2.0135	2.7349	0.0000	0.0000	0.0000	0.0000	0.0000	0.0000	0.0000	0.0000	0.0000	0.9462	0.0000	0.9462	0.0000	0.0000	0.0000	0.9462	0.0000	0.9462	0.0006	0.0005	0.0001	0.0004	0.0003	0.0000	0.0002	0.0002	0.0000	0.0237	0.0123	0.0114	0.0047	0.0044	0.0002	0.0190	0.0078	0.0111	0.0000	0.8036	0.0000	0.4198	0.4682	0.0000	0.0000	0.0000	0.0000	39.9753	0.0001	83.0609	0.0004	0.0004	0.0000	49.8089	0.0000	84.8809
80	140	0.1552	6	0	2	1	0	0	0	0	0	N	Y	N	N	N	N	N	N	N	N	N	N	0.0002	0.0001	0.0001	0.0001	0.0002	0.0003	0.0000	0.0004	0.0005	0.0000	0.0000	0.0000	0.0000	1.1571	1.7833	0.0000	3.3688	3.3419	0.0000	0.0000	0.0000	0.0000	0.0000	0.0000	-0.0000	-0.0004	0.0029	1.9232	2.0135	1.1116	0.0000	0.0000	0.0000	0.0000	0.0000	0.0000	0.0000	0.0000	0.0000	0.0008	0.0008	0.0000	0.0008	0.0008	0.0000	0.0000	0.0000	0.0000	0.0004	0.0003	0.0000	0.0002	0.0002	0.0000	0.0002	0.0001	0.0000	0.0110	0.0050	0.0059	0.0011	0.0010	0.0001	0.0099	0.0040	0.0059	0.0032	0.0017	0.0000	0.0006	0.0006	0.0000	0.0000	0.0000	0.0000	0.0728	0.1589	0.0000	0.7201	0.7616	0.0000	0.0000	0.0000	0.0000					
80	141	0.6637	8	0	2	1	0	0	0	0	0	N	Y	N	N	N	N	N	N	N	N	N	N	inf	inf	inf	inf	inf	inf	0.3403	0.0000	2.5351	0.4059	0.0000	3.7313	0.1328	0.0000	0.6185	0.0000	0.0000	0.0000	0.0000	0.0000	0.0000	0.0000	0.0000	0.0000	inf	0.0002	0.0000	0.0029	3.0000	2.0135	1.0000	0.0003	0.0000	0.0003	0.0003	0.0000	0.0003	0.0000	0.0000	0.0000	0.0000	0.0000	0.0000	0.0000	0.0000	0.0000	0.0000	0.0000	0.0000	0.0009	0.0008	0.0001	0.0007	0.0006	0.0001	0.0002	0.0002	0.0000	0.0098	0.0057	0.0041	0.0054	0.0046	0.0008	0.0045	0.0011	0.0034	inf	0.0000	inf	inf	0.0000	inf	inf	0.0000	inf	0.0000	0.0000	0.0000	0.0000	0.0000	0.0000	0.0000	0.0000	0.0000				
80	142	0.6445	7	0	1	1	0	0	0	0	0	N	N	N	N	N	N	N	N	N	N	N	N	inf	inf	inf	inf	1.2263	1.3455	0.0000	1.9737	2.0544	0.0000	0.0000	0.0000	0.0000	0.0000	0.0000	0.0000	0.0000	0.0000	0.0000	0.0000	0.0000	0.0000	0.0000	-0.0001	0.0000	0.0029	1.0000	2.0135	1.0000	0.0003	0.0003	0.0000	0.0003	0.0003	0.0000	0.0000	0.0000	0.0000	0.0000	0.0000	0.0000	0.0000	0.0000	0.0000	0.0000	0.0000	0.0000	0.0003	0.0002	0.0000	0.0002	0.0002	0.0000	0.0001	0.0001	0.0000	0.0083	0.0058	0.0025	0.0056	0.0052	0.0004	0.0027	0.0006	0.0021	inf	inf	0.0000	inf	inf	0.0000	0.0000	0.0000	0.0000	0.0000	0.0000	0.0000	0.0000	0.0000	0.0000	0.0000	0.0000	0.0000						
80	143	0.3941	6	0	1	1	0	0	0	0	0	N	N	N	N	N	N	N	N	N	N	N	N	0.0756	0.0015	10.2069	0.2231	0.0052	inf	0.0008	0.0000	0.1317	0.1792	0.0045	1.6979	0.2708	0.0066	3.8048	0.0025	0.0001	0.0141	2.3693	3.0989	0.1663	1.2139	1.2789	0.0000	3.2256	7.1267	0.1072	42.9495	0.0188	0.0002	-0.0553	0.0029	7.1211	2.0135	10.9474	0.0003	0.0000	0.0003	0.0003	0.0000	0.0003	0.0000	0.0000	0.0000	0.1099	0.1079	0.0020	0.0045	0.0045	0.0000	0.1054	0.1034	0.0020	0.0016	0.0015	0.0002	0.0011	0.0010	0.0001	0.0006	0.0005	0.0001	0.1007	0.0644	0.0363	0.0535	0.0458	0.0077	0.0472	0.0186	0.0286	0.1641	0.0027	30.4681	3.1971	0.0667	inf	0.0011	0.0000	0.1993	1.0916	1.6764	0.0557	0.0847	0.0990	0.0000	2.2329	5.5564	0.0708
80	144	0.1993	5	0	1	1	0	0	0	0	0	N	N	N	N	N	N	N	N	N	N	N	N	0.0183	0.0087	0.5561	0.2064	0.1863	334.9102	0.0023	0.0004	0.4063	0.1565	0.1410	0.3055	0.2282	0.2036	0.7080	0.0270	0.0104	0.1043	8.5480	16.1963	0.5493	1.1055	1.0929	0.0021	11.5174	29.5015	0.2566	0.2254	0.0079	-0.0000	-0.4629	0.0029	8.5175	2.0135	23.1696	0.0003	0.0002	0.0000	0.0002	0.0002	0.0000	0.0000	0.0000	0.0000	0.9005	0.8934	0.0070	0.0019	0.0019	0.0000	0.8985	0.8915	0.0070	0.0016	0.0015	0.0002	0.0010	0.0010	0.0001	0.0006	0.0005	0.0001	0.1053	0.0552	0.0502	0.0273	0.0249	0.0024	0.0780	0.0302	0.0478	0.0183	0.0087	2.1792	3.2121	2.6214	402.3211	0.0023	0.0004	0.7089	8.5480	16.1963	0.1402	0.0710	0.0777	0.0018	11.5174	29.5015	0.1471
80	145	0.1738	8	1	2	1	0	0	0	0	0	N	Y	N	N	N	N	N	N	N	N	N	N	0.0000	0.0000	0.0000	0.0000	0.0000	0.0000	0.0000	0.0000	0.0000	0.0000	0.0000	0.0000	0.0000	0.0000	0.0000	0.0000	0.0000	0.0000	0.0000	0.0000	0.0029	1.0000	2.0135	1.0000	0.0000	0.0000	0.0000	0.0000	0.0000	0.0000	0.0000	0.0000	0.0000	0.0000	0.0000	0.0000	0.0000	0.0000	0.0000	0.0000	0.0000	0.0000	0.0002	0.0002	0.0000	0.0001	0.0001	0.0000	0.0001	0.0001	0.0000	0.0059	0.0024	0.0035	0.0002	0.0002	0.0000	0.0057	0.0021	0.0035	0.0000	0.0000	0.0000	0.0000	0.0000	0.0000	0.0000	0.0000	0.0000	0.0000	0.0000	0.0000	0.0000	0.0000	0.0000	0.0000	0.0000	0.0000											
80	146	0.1738	7	0	2	1	0	0	0	0	0	N	Y	N	N	N	N	N	N	N	N	N	N	0.0000	0.0000	0.0000	0.0000	0.0000	0.0000	0.0000	0.0000	0.0000	0.0000	0.0000	0.0000	0.0000	0.0000	0.0000	0.0000	0.0000	0.0000	0.0000	0.0000	0.0029	0.0003	2.0135	0.0000	0.0000	0.0000	0.0000	0.0000	0.0000	0.0000	0.0000	0.0000	0.0000	0.0000	0.0000	0.0000	0.0000	0.0000	0.0000	0.0000	0.0000	0.0000	0.0000	0.0000	0.0000	0.0000	0.0000	0.0000	0.0000	0.0000	0.0000	0.0000	0.0000	0.0000	0.0000	0.0000	0.0000	0.0000	0.0000	0.0000	0.0000	0.0000	0.0000	0.0000	0.0000	0.0000	0.0000	0.0000	0.0000	0.0000	0.0000	0.0000	0.0000	0.0000	0.0000	0.0000	0.0000	0.0000											
80	147	0.1552	6	0	1	1	0	0	0	0	0	N	N	N	N	N	N	N	N	N	N	N	N	0.0001	0.0001	0.0001	0.0001	0.0001	0.0001	0.0000	0.0002	0.0002	0.0000	0.0000	0.0000	0.0000	0.9261	1.5601	0.0000	2.9610	3.0629	0.0000	0.0000	0.0000	0.0000	0.0000	0.0000	-0.0000	-0.0004	0.0029	4.9449	2.0135	1.0063	0.0000	0.0000	0.0000	0.0000	0.0000	0.0000	0.0000	0.0000	0.0000	0.0008	0.0008	0.0000	0.0008	0.0008	0.0000	0.0000	0.0000	0.0000	0.0008	0.0007	0.0001	0.0004	0.0004	0.0000	0.0004	0.0003	0.0001	0.0196	0.0087	0.0110	0.0014	0.0014	0.0001	0.0182	0.0073	0.0109	0.0028	0.0014	0.0000	0.0004	0.0004	0.0000	0.0000	0.0000	0.0000	0.0406	0.0918	0.0000	0.5560	0.5862	0.0000	0.0000	0.0000	0.0000					
80	148	0.1387	5	0	1	1	0	0	0	0	0	N	N	N	N	N	N	N	N	N	N	N	N	0.0348	0.0265	0.0000	0.0150	0.0161	0.0000	0.0009	1.6045	0.0000	0.0955	0.1097	0.0000	0.1635	0.1847	0.0000	0.0005	0.0006	0.0000	2.7438	4.1341	0.1906	10.8798	11.4803	0.0034	0.4972	0.0003	0.1007	0.0000	0.0149	-0.0000	-0.0262	0.0029	3.4778	2.0135	1.2917	0.0001	0.0001	0.0000	0.0001	0.0001	0.0000	0.0000	0.0000	0.0000	0.0516	0.0509	0.0008	0.0509	0.0509	0.0000	0.0008	0.0000	0.0008	0.0008	0.0007	0.0001	0.0004	0.0004	0.0001	0.0003	0.0003	0.0000	0.0237	0.0123	0.0114	0.0047	0.0044	0.0002	0.0191	0.0079	0.0112	0.0439	0.0265	0.0000	0.0150	0.0161	0.0000	0.0119	365.5419	0.0000	2.1754	4.1341	0.0663	10.8798	11.4803	0.0026	0.0397	0.0000	0.0677
80	149	0.0883	4	0	1	1	0	0	0	0	0	N	N	N	N	N	N	N	N	N	N	N	N	0.0729	147.5879	0.0003	14.5196	15.1850	inf	0.0000	inf	0.0000	0.1751	0.1927	0.0034	0.2800	0.2935	0.0103	0.0001	0.0001	0.0001	2.4011	0.0013	10.2517	0.0193	0.0193	0.0000	2.6319	0.0000	8.0656	0.0018	6060.7823	-0.0001	0.0243	0.0029	7.8050	2.0135	4.0035	0.0003	0.0003	0.0000	0.0003	0.0003	0.0000	0.0000	0.0000	0.0000	0.0509	0.0000	0.0509	0.0000	0.0000	0.0000	0.0509	0.0000	0.0509	0.0014	0.0013	0.0001	0.0009	0.0009	0.0000	0.0005	0.0004	0.0001	0.0413	0.0182	0.0231	0.0018	0.0017	0.0001	0.0395	0.0165	0.0230	0.1419	416.5287	0.0015	60.7414	58.7874	inf	0.0001	inf	0.0000	1.2339	0.0005	2.2033	0.0046	0.0050	0.0000	1.2907	0.0000	2.2166
80	150	0.2157	6	0	1	1	0	0	0	0	0	N	N	N	N	N	N	N	N	N	N	N	N	1.2438	0.9876	0.0000	0.9050	0.9434	0.0004	0.0203	0.0000	1.7724	1.9617	0.0000	2.6541	2.7873	0.0000	0.0000	0.0000	0.0000	1.4249	1.9864	0.0055	2.9327	2.9546	0.0000	0.0190	0.0005	0.0050	0.0000	0.0138	-0.0004	-0.0052	0.0029	3.7255	2.0135	14.1767	0.0016	0.0016	0.0000	0.0016	0.0016	0.0000	0.0000	0.0000	0.0000	0.0103	0.0101	0.0001	0.0101	0.0101	0.0000	0.0001	0.0000	0.0001	0.0009	0.0008	0.0001	0.0006	0.0006	0.0000	0.0003	0.0002	0.0001	0.0690	0.0397	0.0293	0.0210	0.0194	0.0016	0.0480	0.0203	0.0277	11.9132	7.6958	0.0000	5.4961	5.3333	0.0000	0.0026	3.1550	0.0000	0.1488	0.2549	0.0048	0.4829	0.5226	0.0000	0.0029	0.0000	0.0050	
80	151	0.1993	5	0	1	1	0	0	0	0	0	N	N	N	N	N	N	N	N	N	N	N	N	0.0045	0.0035	0.0235	0.0044	0.0045	0.0000	0.0015	0.0005	0.0854	0.0080	0.0084	0.0038	0.0107	0.0113	0.0000	0.0027	0.0020	0.0055	1.7639	2.3933	0.1634	2.4195	2.4898	0.0049	1.8377	4.2303	0.0649	0.0504	0.0648	-0.0000	-0.0073	0.0029	1.4205	2.0135	4.0377	0.0000	0.0000	0.0000	0.0000	0.0000	0.0000	0.0000	0.0000	0.0000	0.0159	0.0150	0.0010	0.0055	0.0055	0.0000	0.0105	0.0095	0.0010	0.0004	0.0004	0.0000	0.0003	0.0003	0.0000	0.0001	0.0001	0.0000	0.0462	0.0267	0.0196	0.0178	0.0172	0.0006	0.0284	0.0095	0.0189	0.0232	0.0151	0.0772	0.0348	0.0353	0.0000	0.0074	0.0020	0.1082	0.3447	0.5608	0.0496	0.3078	0.3191	0.0035	0.3679	0.9975	0.0512
80	152	0.0883	4	0	1	1	0	0	0	0	0	N	N	N	N	N	N	N	N	N	N	N	N	0.0005	0.0046	0.0000	1.3043	1.5024	0.0000	0.0001	0.0000	0.0073	0.0081	0.0001	0.0115	0.0120	0.0000	0.0002	0.0002	0.0001	16.2612	1.7594	34.1426	0.0088	0.0080	0.0000	17.0291	2.9438	36.6045	0.0010	248.6300	-0.0000	0.4751	0.0029	6.4701	2.0135	12.4371	0.0000	0.0000	0.0000	0.0000	0.0000	0.0000	0.0000	0.0000	0.0000	1.0022	0.0040	0.9982	0.0000	0.0000	0.0000	1.0022	0.0040	0.9982	0.0012	0.0011	0.0001	0.0008	0.0008	0.0000	0.0005	0.0004	0.0001	0.0616	0.0274	0.0342	0.0028	0.0026	0.0002	0.0589	0.0248	0.0340	0.0005	0.0552	0.0000	4.3800	4.2447	0.0000	0.0000	0.0014	0.0000	16.2612	0.1465	29.1561	0.0026	0.0028	0.0000	17.0291	0.1614	29.3387	
81	82	0.6523	7	0	2	1	0	0	0	0	0	N	Y	N	N	N	N	N	N	N	N	N	N	0.0000	0.0000	0.0000	0.0000	0.0000	0.0000	0.0000	0.0000	0.0000	0.0000	0.0000	0.0000	0.0000	0.7387	1.0987	0.0000	0.6093	0.6105	0.0000	0.0000	0.0000	0.0000	0.0000	0.0000	-0.0000	0.6188	0.0000	0.9475	1.0000	0.0000	0.0000	0.0000	0.0000	0.0000	0.0000	0.0000	0.0000	0.0000	0.0001	0.0001	0.0000	0.0001	0.0001	0.0000	0.0000	0.0000	0.0000	0.0000	0.0000	0.0000	0.0000	0.0000	0.0000	0.0000	0.0000	0.0000	0.0028	0.0017	0.0011	0.0016	0.0014	0.0002	0.0012	0.0003	0.0009	0.0000	0.0000	0.0000	0.0000	0.0000	0.0000	0.0000	0.0000	0.0000	0.0218	0.0358	0.0000	0.0380	0.0429	0.0000	0.0000	0.0000	0.0000						
81	83	0.0325	2	1	1	1	0	0	0	0	0	N	N	N	N	N	N	N	N	N	N	N	N	0.0003	0.0006	0.0008	0.0007	0.0007	inf	0.0001	inf	0.0021	0.0004	0.0004	0.0003	0.0009	0.0009	0.0001	0.0001	0.0000	0.0004	1.1362	0.6206	0.4114	1.2593	1.2221	0.0000	0.7552	0.0000	0.1763	0.0703	9.1815	-0.0000	0.0012	0.6188	9.0001	0.9475	3.0001	0.0002	0.0001	0.0000	0.0001	0.0001	0.0000	0.0000	0.0000	0.0000	0.0031	0.0003	0.0028	0.0003	0.0003	0.0000	0.0028	0.0000	0.0028	0.4308	0.4012	0.0296	0.1529	0.1500	0.0028	0.2779	0.2512	0.0268	0.0495	0.0232	0.0263	0.0035	0.0034	0.0001	0.0461	0.0199	0.0262	0.0057	0.0271	0.0032	0.0098	0.0097	inf	0.0012	inf	0.0035	0.0636	0.0133	0.1079	0.0894	0.0920	0.0000	0.0616	0.0000	0.1083
81	84	0.6299	6	1	1	1	0	0	0	0	0	N	N	N	N	N	N	N	N	N	N	N	N	inf	inf	inf	inf	inf	inf	0.0002	0.0003	0.0000	0.0002	0.0002	0.0000	0.0003	0.0004	0.0000	0.0000	0.0000	0.0000	0.0000	0.0000	0.0000	0.0000	0.0000	0.0000	0.0000	-0.0000	0.0000	0.6188	4.0000	0.9475	0.0000	0.0000	0.0000	0.0000	0.0000	0.0000	0.0000	0.0000	0.0000	0.0000	0.0000	0.0000	0.0000	0.0000	0.0000	0.0000	0.0000	0.0000	0.0000	0.1250	0.1138	0.0112	0.0955	0.0899	0.0056	0.0295	0.0239	0.0056	0.0061	0.0035	0.0026	0.0033	0.0030	0.0003	0.0028	0.0005	0.0023	inf	inf	0.0000	inf	inf	0.0000	inf	inf	0.0000	0.0000	0.0000	0.0000	0.0000	0.0000	0.0000	0.0000	0.0000	0.0000				
81	85	0.6760	7	1	2	0	0	0	0	0	0	N	Y	N	N	N	N	N	N	N	N	N	N	0.0027	0.4705	0.0030	0.4449	0.5204	5.9448	0.0003	0.0050	0.0103	0.0002	0.0002	0.0001	0.0003	0.0003	0.0000	0.0000	0.0000	0.0001	0.0754	0.0005	0.0238	0.0006	0.0006	0.0000	0.0808	0.0013	0.0113	0.0343	31.9177	-0.0000	0.0000	0.6188	1.0086	0.9475	1.7435	0.0000	0.0000	0.0000	0.0000	0.0000	0.0000	0.0000	0.0000	0.0000	0.0000	0.0000	0.0000	0.0000	0.0000	0.0000	0.0000	0.0000	0.0000	0.0409	0.0370	0.0039	0.0288	0.0270	0.0018	0.0122	0.0100	0.0022	0.0094	0.0063	0.0032	0.0056	0.0051	0.0005	0.0038	0.0011	0.0026	0.0624	1.4584	0.0075	1.7287	1.6681	5.9448	0.0033	0.2755	0.0103	0.0033	0.0002	0.0095	0.0002	0.0002	0.0000	0.0079	0.0000	0.0113
81	86	0.6299	6	1	2	0	0	0	0	0	0	N	Y	N	N	N	N	N	N	N	N	N	N	0.0011	0.0007	0.1458	0.0001	0.0001	0.0003	0.4578	0.1226	1.2164	0.0002	0.0002	0.0006	0.0000	0.0000	0.0000	0.0010	0.0010	0.0013	0.2217	0.2828	0.0044	0.0916	0.0405	0.0567	0.0023	0.0078	0.0011	0.3317	0.4790	-0.0000	-0.0000	0.6188	1.0165	0.9475	4.1395	0.0000	0.0000	0.0000	0.0000	0.0000	0.0000	0.0000	0.0000	0.0000	0.0000	0.0000	0.0000	0.0000	0.0000	0.0000	0.0000	0.0000	0.0000	0.0341	0.0309	0.0032	0.0263	0.0247	0.0017	0.0078	0.0063	0.0015	0.0078	0.0045	0.0034	0.0043	0.0038	0.0004	0.0036	0.0006	0.0030	0.0436	0.0304	0.1557	0.0006	0.0006	0.0007	1.0540	2.2061	1.2164	0.0055	0.0065	0.0041	0.0093	0.0075	0.0250	0.0010	0.0004	0.0011
81	87	0.0738	3	1	2	0	0	0	0	0	0	N	Y	N	N	N	N	N	N	N	N	N	N	4.5899	1.7859	2.8982	0.0397	0.0425	inf	435.2412	45.2249	3.1288	0.6705	0.7296	0.0024	0.0193	0.0199	0.0017	1.6669	1.9783	0.0026	0.1461	0.4085	0.0008	0.4867	0.4682	0.0000	0.0038	0.0437	0.0008	0.0003	0.1250	-0.0529	-0.0001	0.6188	9.0005	0.9475	5.0000	0.2034	0.2033	0.0001	0.0035	0.0035	0.0000	0.1998	0.1998	0.0001	0.0002	0.0002	0.0000	0.0001	0.0001	0.0000	0.0000	0.0000	0.0000	0.3033	0.2787	0.0246	0.1834	0.1777	0.0057	0.1199	0.1010	0.0189	0.0429	0.0191	0.0238	0.0042	0.0041	0.0001	0.0387	0.0151	0.0237	159.7723	87.1349	2.8982	0.6219	0.6207	inf	1290.4515	992.8922	3.1288	0.0042	0.0084	0.0008	0.0311	0.0321	0.0000	0.0013	0.0020	0.0008
81	88	0.6523	7	0	2	0	0	0	0	0	0	N	Y	N	N	N	N	N	N	N	N	N	N	0.0000	0.0000	0.0000	0.0000	0.0000	0.0000	0.0000	0.0000	0.0000	0.0000	0.0000	0.0000	0.0000	0.0000	0.0000	0.0000	0.0000	0.0000	0.0000	0.0000	0.6188	0.0000	0.9475	0.0000	0.0000	0.0000	0.0000	0.0000	0.0000	0.0000	0.0000	0.0000	0.0000	0.0000	0.0000	0.0000	0.0000	0.0000	0.0000	0.0000	0.0000	0.0000	0.0000	0.0000	0.0000	0.0000	0.0000	0.0000	0.0000	0.0000	0.0000	0.0000	0.0000	0.0000	0.0000	0.0000	0.0000	0.0000	0.0000	0.0000	0.0000	0.0000	0.0000	0.0000	0.0000	0.0000	0.0000	0.0000	0.0000	0.0000	0.0000	0.0000	0.0000	0.0000	0.0000	0.0000	0.0000	0.0000											
81	91	0.1361	5	0	1	1	0	0	0	0	0	N	N	N	N	N	N	N	N	N	N	N	N	0.0000	0.0000	0.0000	0.0000	0.0000	0.0000	0.0000	0.0000	0.0000	0.0000	0.0000	0.0000	0.0000	0.0000	0.0000	0.0000	0.0000	0.0000	0.0000	0.0000	0.6188	0.0000	0.9475	0.0000	0.0000	0.0000	0.0000	0.0000	0.0000	0.0000	0.0000	0.0000	0.0000	0.0000	0.0000	0.0000	0.0000	0.0000	0.0000	0.0000	0.0000	0.0000	0.0000	0.0000	0.0000	0.0000	0.0000	0.0000	0.0000	0.0000	0.0000	0.0000	0.0000	0.0000	0.0000	0.0000	0.0000	0.0000	0.0000	0.0000	0.0000	0.0000	0.0000	0.0000	0.0000	0.0000	0.0000	0.0000	0.0000	0.0000	0.0000	0.0000	0.0000	0.0000	0.0000	0.0000	0.0000	0.0000											
81	92	0.1040	4	0	1	1	0	0	0	0	0	N	N	N	N	N	N	N	N	N	N	N	N	0.0320	0.0818	0.0000	inf	inf	0.0675	0.0204	0.0000	0.0009	0.0010	0.0000	0.0008	0.0008	0.0000	0.0011	0.0013	0.0000	0.0278	0.0119	0.0027	0.0000	0.0000	0.0000	0.0159	0.0627	0.0027	0.0000	1.4996	-0.0000	0.0000	0.6188	3.7221	0.9475	2.9993	0.0001	0.0001	0.0000	0.0001	0.0001	0.0000	0.0001	0.0001	0.0000	0.0000	0.0000	0.0000	0.0000	0.0000	0.0000	0.0000	0.0000	0.0000	0.1404	0.1287	0.0117	0.0869	0.0839	0.0030	0.0535	0.0448	0.0087	0.0224	0.0111	0.0113	0.0032	0.0031	0.0001	0.0192	0.0079	0.0112	0.3987	0.5379	0.0000	inf	inf	0.0000	0.4106	0.5070	0.0000	0.0022	0.0018	0.0027	0.0000	0.0000	0.0000	0.0026	0.0025	0.0027	
81	93	0.0738	3	0	1	0	0	0	0	0	0	N	N	N	N	N	N	N	N	N	N	N	N	1.4995	0.5821	0.0000	0.1939	0.2342	0.0661	inf	0.0000	0.0006	0.0007	0.0000	0.0010	0.0011	0.0000	0.0000	0.0000	0.0000	0.0004	0.0012	0.0000	0.0053	0.0045	0.0000	0.0000	0.0000	0.0000	0.0000	0.0020	-0.0000	-0.0000	0.6188	2.7217	0.9475	3.0458	0.0001	0.0001	0.0000	0.0001	0.0001	0.0000	0.0000	0.0000	0.0000	0.0000	0.0000	0.0000	0.0000	0.0000	0.0000	0.0000	0.0000	0.0000	0.1033	0.0947	0.0085	0.0638	0.0617	0.0021	0.0394	0.0330	0.0064	0.0191	0.0084	0.0107	0.0018	0.0018	0.0001	0.0173	0.0067	0.0106	3.3328	1.6039	0.0000	0.5133	0.5145	0.0000	0.0661	inf	0.0000	0.0002	0.0004	0.0000	0.0020	0.0020	0.0000	0.0000	0.0000	0.0000	
81	94	0.0488	3	1	2	0	0	0	0	0	0	N	Y	N	N	N	N	N	N	N	N	N	N	5.0161	1.6471	0.0000	1.2314	1.3475	0.0000	366.2814	13.5032	0.0000	0.5804	0.6141	0.0000	0.8262	0.8482	0.0000	0.0506	0.0574	0.0000	0.1157	0.3728	0.0000	0.6710	0.6295	0.0000	0.0001	0.0042	0.0000	0.0000	0.0004	-0.0514	-0.0001	0.6188	5.9980	0.9475	4.9575	0.1976	0.1976	0.0000	0.1921	0.1921	0.0000	0.0055	0.0055	0.0000	0.0002	0.0002	0.0000	0.0002	0.0002	0.0000	0.0000	0.0000	0.0000	0.3405	0.3217	0.0187	0.2325	0.2265	0.0060	0.1079	0.0952	0.0127	0.0448	0.0215	0.0233	0.0037	0.0036	0.0001	0.0411	0.0179	0.0232	158.1176	80.2965	0.0000	19.0335	18.8818	0.0000	534.9190	269.0699	0.0000	0.0037	0.0076	0.0000	0.0434	0.0449	0.0000	0.0001	0.0002	0.0000
81	95	0.6523	7	1	2	0	0	0	0	0	0	N	Y	N	N	N	N	N	N	N	N	N	N	0.0000	0.0000	0.0000	0.0000	0.0000	0.0000	0.0000	0.0000	0.0000	0.0000	0.0000	0.0000	0.0000	0.0000	0.0000	0.0000	0.0000	0.0000	0.0000	0.0000	0.6188	0.0000	0.9475	2.0000	0.0000	0.0000	0.0000	0.0000	0.0000	0.0000	0.0000	0.0000	0.0000	0.0000	0.0000	0.0000	0.0000	0.0000	0.0000	0.0000	0.0000	0.0000	0.0000	0.0000	0.0000	0.0000	0.0000	0.0000	0.0000	0.0000	0.0000	0.0055	0.0033	0.0021	0.0031	0.0028	0.0004	0.0023	0.0005	0.0018	0.0000	0.0000	0.0000	0.0000	0.0000	0.0000	0.0000	0.0000	0.0000	0.0000	0.0000	0.0000	0.0000	0.0000	0.0000	0.0000	0.0000	0.0000											
81	96	0.6299	6	0	2	0	0	0	0	0	0	N	Y	N	N	N	N	N	N	N	N	N	N	inf	inf	inf	inf	inf	inf	0.0002	0.0003	0.0000	0.0002	0.0002	0.0000	0.0003	0.0004	0.0000	0.0000	0.0000	0.0000	0.0000	0.0000	0.0000	0.0000	0.0000	0.0000	0.0000	-0.0000	0.0000	0.6188	4.0000	0.9475	0.0000	0.0000	0.0000	0.0000	0.0000	0.0000	0.0000	0.0000	0.0000	0.0000	0.0000	0.0000	0.0000	0.0000	0.0000	0.0000	0.0000	0.0000	0.0000	0.1250	0.1138	0.0112	0.0955	0.0899	0.0056	0.0295	0.0239	0.0056	0.0061	0.0035	0.0026	0.0033	0.0030	0.0003	0.0028	0.0005	0.0023	inf	inf	0.0000	inf	inf	0.0000	inf	inf	0.0000	0.0000	0.0000	0.0000	0.0000	0.0000	0.0000	0.0000	0.0000	0.0000				
81	97	0.0738	3	0	1	0	0	0	0	0	0	N	N	N	N	N	N	N	N	N	N	N	N	1.9701	1.2285	0.5937	0.0191	0.0198	inf	223.0919	21.4682	0.1560	1.3739	1.4970	0.0008	0.0383	0.0395	0.0027	3.5077	4.1865	0.0002	0.6974	1.2185	0.0014	2.0039	1.9999	0.0000	0.0157	0.1950	0.0014	0.0000	0.0392	-0.0529	-0.0003	0.6188	3.9994	0.9475	4.0000	0.2033	0.2032	0.0000	0.0035	0.0035	0.0000	0.1998	0.1998	0.0000	0.0005	0.0005	0.0000	0.0005	0.0005	0.0000	0.0001	0.0000	0.0000	0.1479	0.1358	0.0122	0.0910	0.0881	0.0029	0.0570	0.0477	0.0092	0.0260	0.0115	0.0145	0.0025	0.0024	0.0001	0.0235	0.0091	0.0144	67.2997	33.6847	0.5937	0.2025	0.2025	inf	1372.7067	949.1330	0.1560	0.0204	0.0444	0.0014	0.1892	0.1952	0.0000	0.0026	0.0044	0.0014
81	98	0.6299	6	0	1	0	0	0	0	0	0	N	N	N	N	N	N	N	N	N	N	N	N	inf	inf	inf	inf	inf	inf	3.3445	3.6825	0.0000	4.3378	4.6237	0.0000	0.0158	0.0196	0.0000	0.0000	0.0000	0.0000	0.0000	0.0000	0.0000	0.0000	0.0000	0.0000	0.0000	-0.0527	0.0000	0.6188	1.0000	0.9475	0.0000	0.2026	0.2026	0.0000	0.2024	0.2024	0.0000	0.0002	0.0002	0.0000	0.0000	0.0000	0.0000	0.0000	0.0000	0.0000	0.0000	0.0000	0.0000	0.0606	0.0550	0.0056	0.0467	0.0438	0.0029	0.0139	0.0112	0.0027	0.0029	0.0016	0.0012	0.0016	0.0014	0.0002	0.0013	0.0002	0.0011	inf	inf	0.0000	inf	inf	0.0000	inf	inf	0.0000	0.0000	0.0000	0.0000	0.0000	0.0000	0.0000	0.0000	0.0000	0.0000				
81	99	0.1848	4	0	1	0	0	0	0	0	0	N	N	N	N	N	N	N	N	N	N	N	N	0.0011	0.0130	0.0000	0.0337	0.0372	0.2318	0.0001	0.1611	0.0000	0.0093	0.0102	0.0001	0.0140	0.0145	0.0000	0.0008	0.0010	0.0002	8.3321	0.7832	26.2489	0.4152	0.3905	0.0001	13.7803	0.0063	29.3902	0.0013	848.5942	-0.0002	0.3560	0.6188	1.5982	0.9475	11.1970	0.0008	0.0008	0.0000	0.0008	0.0008	0.0000	0.0000	0.0000	0.0000	0.7464	0.0009	0.7455	0.0009	0.0009	0.0000	0.7455	0.0000	0.7455	0.0854	0.0773	0.0081	0.0545	0.0525	0.0020	0.0308	0.0247	0.0061	0.0896	0.0472	0.0424	0.0355	0.0345	0.0010	0.0541	0.0128	0.0413	0.0011	0.5488	0.0000	0.5688	0.5735	0.2318	0.0001	2.8128	0.0000	8.3321	0.0186	17.5938	0.0246	0.0254	0.0001	13.7803	0.0004	18.0313
81	100	0.0503	4	1	2	1	0	0	0	0	0	N	Y	N	N	N	N	N	N	N	N	N	N	0.0000	0.0000	0.0000	0.0000	0.0000	0.0000	0.0000	0.0000	0.0000	0.0000	0.0000	0.0000	0.0000	0.0000	0.0000	0.0000	0.0000	1.3409	2.0127	0.0000	0.0002	0.0002	0.0000	1.2414	3.5517	0.0000	0.0000	0.0000	-0.0003	0.6188	0.0000	0.9475	0.9982	0.0000	0.0000	0.0000	0.0000	0.0000	0.0000	0.0000	0.0000	0.0000	0.0006	0.0006	0.0000	0.0000	0.0000	0.0000	0.0006	0.0006	0.0000	0.0264	0.0235	0.0030	0.0230	0.0202	0.0029	0.0034	0.0033	0.0001	0.0048	0.0023	0.0025	0.0004	0.0004	0.0000	0.0044	0.0019	0.0025	0.0000	0.0000	0.0000	0.0000	0.0000	0.0000	0.0000	0.0000	0.0000	0.1268	0.2639	0.0000	0.0000	0.0000	0.0000	0.1385	0.3148	0.0000		
81	101	0.6647	9	1	2	1	0	0	0	0	0	N	Y	N	N	N	N	N	N	N	N	N	N	0.0000	0.0000	0.0000	0.0000	0.0000	0.0000	0.0000	0.0000	0.0000	0.0000	0.0000	0.0000	0.0000	0.0000	0.0000	0.0000	0.0000	0.0000	0.0000	0.0000	0.6188	0.0000	0.9475	0.0000	0.0000	0.0000	0.0000	0.0000	0.0000	0.0000	0.0000	0.0000	0.0000	0.0000	0.0000	0.0000	0.0000	0.0000	0.0000	0.0000	0.0000	0.0000	0.0000	0.0000	0.0000	0.0000	0.0000	0.0000	0.0000	0.0000	0.0000	0.0000	0.0000	0.0000	0.0000	0.0000	0.0000	0.0000	0.0000	0.0000	0.0000	0.0000	0.0000	0.0000	0.0000	0.0000	0.0000	0.0000	0.0000	0.0000	0.0000	0.0000	0.0000	0.0000	0.0000	0.0000	0.0000	0.0000											
81	102	0.6647	8	1	1	1	0	0	0	0	0	N	N	N	N	N	N	N	N	N	N	N	N	0.0000	0.0000	0.0000	0.0000	0.0000	0.0000	0.0000	0.0000	0.0000	0.0000	0.0000	0.0000	0.0000	0.0000	0.0000	0.0000	0.0000	0.0000	0.0000	0.0000	0.6188	0.0000	0.9475	0.0000	0.0000	0.0000	0.0000	0.0000	0.0000	0.0000	0.0000	0.0000	0.0000	0.0000	0.0000	0.0000	0.0000	0.0000	0.0000	0.0000	0.0000	0.0000	0.0000	0.0000	0.0000	0.0000	0.0000	0.0000	0.0000	0.0000	0.0000	0.0000	0.0000	0.0000	0.0000	0.0000	0.0000	0.0000	0.0000	0.0000	0.0000	0.0000	0.0000	0.0000	0.0000	0.0000	0.0000	0.0000	0.0000	0.0000	0.0000	0.0000	0.0000	0.0000	0.0000	0.0000	0.0000	0.0000											
81	103	0.6586	7	1	1	1	0	0	0	0	0	N	N	N	N	N	N	N	N	N	N	N	N	0.0000	0.0000	0.0000	0.0000	0.0000	0.0000	0.0000	0.0000	0.0000	0.0000	0.0000	0.0000	0.0000	0.0000	0.0000	0.0000	0.0000	0.0000	0.0000	0.0000	0.6188	0.0000	0.9475	1.0091	0.0000	0.0000	0.0000	0.0000	0.0000	0.0000	0.0000	0.0000	0.0000	0.0000	0.0000	0.0000	0.0000	0.0000	0.0000	0.0000	0.0000	0.0000	0.0000	0.0000	0.0000	0.0000	0.0000	0.0000	0.0000	0.0000	0.0000	0.0028	0.0017	0.0011	0.0016	0.0014	0.0002	0.0012	0.0003	0.0009	0.0000	0.0000	0.0000	0.0000	0.0000	0.0000	0.0000	0.0000	0.0000	0.0000	0.0000	0.0000	0.0000	0.0000	0.0000	0.0000	0.0000	0.0000											
81	104	0.0738	3	0	2	0	0	0	0	0	0	N	Y	N	N	N	N	N	N	N	N	N	N	616.8769	inf	3.2600	inf	inf	inf	2402.4707	inf	3.1457	1.4794	1.6103	0.0031	1.2384	1.2785	0.0034	1.8512	2.1994	0.0030	0.0024	0.0000	0.0010	0.0000	0.0000	0.0000	0.0008	0.0000	0.0010	0.0002	inf	-0.1056	0.0000	0.6188	7.9994	0.9475	4.0001	0.4060	0.4060	0.0001	0.2062	0.2062	0.0000	0.1998	0.1998	0.0001	0.0000	0.0000	0.0000	0.0000	0.0000	0.0000	0.0000	0.0000	0.0000	0.2745	0.2521	0.0223	0.1665	0.1613	0.0052	0.1079	0.0908	0.0171	0.0375	0.0167	0.0208	0.0036	0.0035	0.0001	0.0338	0.0131	0.0207	2771.4508	inf	3.2600	inf	inf	inf	3131.9280	inf	3.1457	0.0005	0.0000	0.0010	0.0000	0.0000	0.0000	0.0006	0.0000	0.0010
81	105	0.0538	5	1	1	1	0	0	0	0	0	N	N	N	N	N	N	N	N	N	N	N	N	0.0000	0.0000	0.0000	0.0000	0.0000	0.0000	0.0000	0.0000	0.0000	0.0000	0.0000	0.0000	0.0000	0.0000	0.0000	0.0000	0.0078	0.0185	0.0000	0.2099	0.1958	0.0000	0.0000	0.0000	0.0000	0.0034	-0.0000	-0.0000	0.6188	1.0000	0.9475	1.0005	0.0000	0.0000	0.0000	0.0000	0.0000	0.0000	0.0000	0.0000	0.0000	0.0000	0.0000	0.0000	0.0000	0.0000	0.0000	0.0000	0.0000	0.0000	0.0623	0.0590	0.0033	0.0419	0.0412	0.0008	0.0204	0.0178	0.0025	0.0094	0.0045	0.0049	0.0007	0.0007	0.0000	0.0086	0.0038	0.0048	0.0000	0.0000	0.0000	0.0000	0.0000	0.0000	0.0000	0.0000	0.0000	0.0011	0.0022	0.0000	0.0143	0.0147	0.0000	0.0000	0.0000	0.0000			
81	106	0.0503	4	1	1	1	0	0	0	0	0	N	N	N	N	N	N	N	N	N	N	N	N	81.5007	46.9719	0.0020	5.1282	5.9146	0.0000	1817.3070	124.7052	0.0070	0.1113	0.1201	0.0000	0.0774	0.0825	0.0000	0.2080	0.2331	0.0000	0.0014	0.0026	0.0001	0.0151	0.0139	0.0027	0.0001	0.0019	0.0001	0.0000	0.2072	-0.0020	-0.0000	0.6188	0.7249	0.9475	0.0368	0.0079	0.0079	0.0000	0.0040	0.0040	0.0000	0.0038	0.0038	0.0000	0.0000	0.0000	0.0000	0.0000	0.0000	0.0000	0.0000	0.0000	0.0000	0.0706	0.0654	0.0052	0.0523	0.0491	0.0032	0.0183	0.0164	0.0020	0.0037	0.0018	0.0019	0.0003	0.0003	0.0000	0.0034	0.0015	0.0019	272.6728	170.8438	0.0020	19.9598	20.3600	0.0000	2744.7722	5377.1347	0.0070	0.0004	0.0007	0.0001	0.0039	0.0041	0.0022	0.0001	0.0000	0.0001
81	107	0.0488	3	1	1	1	0	0	0	0	0	N	N	N	N	N	N	N	N	N	N	N	N	9.6012	2.8858	3.1497	18.2094	24.0111	0.0806	34.2048	1.6538	0.0428	0.2999	0.3281	0.0005	0.2701	0.2956	0.0007	0.4109	0.4491	0.0000	0.0312	0.1137	0.0002	0.0148	0.0123	0.0083	0.0120	0.2715	0.0001	0.0002	0.0377	-0.0048	-0.0000	0.6188	0.4159	0.9475	0.0887	0.0185	0.0185	0.0000	0.0131	0.0131	0.0000	0.0054	0.0054	0.0000	0.0000	0.0000	0.0000	0.0000	0.0000	0.0000	0.0000	0.0000	0.0000	0.0617	0.0563	0.0053	0.0486	0.0444	0.0042	0.0130	0.0119	0.0011	0.0026	0.0013	0.0013	0.0003	0.0003	0.0000	0.0023	0.0010	0.0013	126.1751	70.1770	3.1497	70.5253	79.1571	0.1269	186.3941	91.3692	0.0428	0.0024	0.0047	0.0002	0.0038	0.0037	0.0053	0.0022	0.0049	0.0001
81	108	0.0325	2	1	1	0	0	0	0	0	0	N	N	N	N	N	N	N	N	N	N	N	N	2.0852	1.3489	93.2062	0.2872	0.3695	inf	6.4828	1.3204	102.5500	1.7290	1.8538	0.0003	0.0550	0.0561	0.0000	2.6755	2.9535	0.0003	0.8292	1.3743	0.0000	0.1914	0.1518	0.0000	0.4127	2.2368	0.0000	0.0000	0.0000	-0.1042	-0.0004	0.6188	3.9943	0.9475	0.9974	0.4004	0.4004	0.0000	0.0046	0.0046	0.0000	0.3958	0.3958	0.0000	0.0007	0.0007	0.0000	0.0000	0.0000	0.0000	0.0007	0.0007	0.0000	0.2316	0.2160	0.0156	0.0836	0.0820	0.0017	0.1479	0.1340	0.0139	0.0229	0.0107	0.0121	0.0015	0.0015	0.0000	0.0213	0.0093	0.0121	58.3773	29.3845	93.2062	4.1281	4.0929	inf	86.9535	41.6563	102.5500	0.0296	0.0631	0.0000	0.0133	0.0137	0.0000	0.0308	0.0709	0.0000
81	109	0.6586	7	1	1	1	0	0	0	0	0	N	N	N	N	N	N	N	N	N	N	N	N	0.0000	0.0000	0.0000	0.0000	0.0000	0.0000	0.0000	0.0000	0.0000	0.0000	0.0000	0.0000	0.0000	0.0000	0.0000	0.0000	0.0000	0.0000	0.0000	0.0000	0.6188	0.0000	0.9475	0.9909	0.0000	0.0000	0.0000	0.0000	0.0000	0.0000	0.0000	0.0000	0.0000	0.0000	0.0000	0.0000	0.0000	0.0000	0.0000	0.0000	0.0000	0.0000	0.0000	0.0000	0.0000	0.0000	0.0000	0.0000	0.0000	0.0000	0.0000	0.0027	0.0017	0.0011	0.0016	0.0014	0.0002	0.0012	0.0003	0.0009	0.0000	0.0000	0.0000	0.0000	0.0000	0.0000	0.0000	0.0000	0.0000	0.0000	0.0000	0.0000	0.0000	0.0000	0.0000	0.0000	0.0000	0.0000											
81	110	0.6299	6	1	1	1	0	0	0	0	0	N	N	N	N	N	N	N	N	N	N	N	N	inf	inf	inf	inf	inf	inf	0.0010	0.0011	0.0000	0.0012	0.0012	0.0000	0.0003	0.0004	0.0000	0.0000	0.0000	0.0000	0.0000	0.0000	0.0000	0.0000	0.0000	0.0000	0.0000	-0.0000	0.0000	0.6188	4.0000	0.9475	0.0000	0.0001	0.0001	0.0000	0.0001	0.0001	0.0000	0.0000	0.0000	0.0000	0.0000	0.0000	0.0000	0.0000	0.0000	0.0000	0.0000	0.0000	0.0000	0.1250	0.1138	0.0112	0.0955	0.0899	0.0056	0.0295	0.0239	0.0056	0.0061	0.0035	0.0026	0.0033	0.0030	0.0003	0.0028	0.0005	0.0023	inf	inf	0.0000	inf	inf	0.0000	inf	inf	0.0000	0.0000	0.0000	0.0000	0.0000	0.0000	0.0000	0.0000	0.0000	0.0000				
81	112	0.1196	4	0	1	1	0	0	0	0	0	N	N	N	N	N	N	N	N	N	N	N	N	0.0000	0.0000	0.0000	0.0000	0.0000	0.0000	0.0000	0.0000	0.0000	0.0000	0.0000	0.0000	0.0000	0.0000	0.0000	0.0000	0.0000	0.0000	0.0000	0.0000	0.6188	0.0000	0.9475	0.0001	0.0000	0.0000	0.0000	0.0000	0.0000	0.0000	0.0000	0.0000	0.0000	0.0000	0.0000	0.0000	0.0000	0.0000	0.0000	0.0000	0.0000	0.0000	0.0000	0.0000	0.0000	0.0000	0.0000	0.0000	0.0000	0.0000	0.0000	0.0000	0.0000	0.0000	0.0000	0.0000	0.0000	0.0000	0.0000	0.0000	0.0000	0.0000	0.0000	0.0000	0.0000	0.0000	0.0000	0.0000	0.0000	0.0000	0.0000	0.0000	0.0000	0.0000	0.0000	0.0000	0.0000	0.0000											
81	113	0.0738	3	0	1	1	0	0	0	0	0	N	N	N	N	N	N	N	N	N	N	N	N	0.0720	0.0495	3.9722	inf	inf	inf	0.3148	0.0000	4.3413	0.0005	0.0001	0.0049	0.0003	0.0002	0.0034	0.0009	0.0000	0.0054	0.0075	0.0030	0.0012	0.0000	0.0000	0.0000	0.0028	0.0186	0.0012	3.0000	2.0000	0.0000	0.0000	0.6188	4.0004	0.9475	4.9999	0.0001	0.0000	0.0001	0.0000	0.0000	0.0000	0.0001	0.0000	0.0001	0.0000	0.0000	0.0000	0.0000	0.0000	0.0000	0.0000	0.0000	0.0000	0.1480	0.1358	0.0122	0.0910	0.0881	0.0029	0.0570	0.0477	0.0092	0.0289	0.0128	0.0161	0.0028	0.0027	0.0001	0.0262	0.0101	0.0160	0.5213	0.1886	3.9722	inf	inf	inf	0.7651	0.0000	4.3413	0.0010	0.0008	0.0012	0.0000	0.0000	0.0000	0.0011	0.0010	0.0012
81	114	0.6626	7	0	2	0	0	0	0	0	0	N	Y	N	N	N	N	N	N	N	N	N	N	112.7793	169.0790	0.2393	6.3174	7.2414	inf	1443.0976	inf	0.3295	1.2275	1.3534	0.0003	0.0241	0.0255	0.0000	3.6607	4.4031	0.0005	0.0109	0.0080	0.0012	0.0038	0.0035	0.0000	0.0025	0.0000	0.0014	0.0000	0.4561	-0.0537	-0.0000	0.6188	4.3361	0.9475	4.6323	0.2063	0.2063	0.0000	0.0027	0.0027	0.0000	0.2036	0.2036	0.0000	0.0000	0.0000	0.0000	0.0000	0.0000	0.0000	0.0000	0.0000	0.0000	0.1681	0.1524	0.0156	0.1125	0.1062	0.0063	0.0556	0.0462	0.0094	0.0222	0.0142	0.0080	0.0137	0.0123	0.0014	0.0085	0.0019	0.0066	928.6194	954.9290	0.2393	16.3307	15.5481	inf	3398.6699	inf	0.3295	0.0013	0.0014	0.0012	0.0015	0.0016	0.0000	0.0011	0.0000	0.0014
81	115	0.6299	6	0	1	0	0	0	0	0	0	N	N	N	N	N	N	N	N	N	N	N	N	0.0623	0.0117	326.5748	0.0798	0.0082	115.0792	107.4325	2.8225	0.0000	0.0024	0.0013	0.0134	0.0018	0.0002	0.0260	0.0045	0.0056	0.0000	0.0386	0.1102	0.0000	0.0224	0.0238	0.0002	0.0000	0.0020	0.0000	1.0486	0.0067	0.0000	-0.0000	0.6188	1.9840	0.9475	0.2610	0.0002	0.0001	0.0001	0.0001	0.0000	0.0001	0.0001	0.0001	0.0000	0.0000	0.0000	0.0000	0.0000	0.0000	0.0000	0.0000	0.0000	0.0000	0.0650	0.0590	0.0060	0.0500	0.0469	0.0031	0.0150	0.0121	0.0029	0.0035	0.0020	0.0015	0.0019	0.0017	0.0002	0.0016	0.0003	0.0013	0.9009	0.2778	326.5748	0.3642	0.0360	115.0792	222.7206	117.8619	0.0000	0.0027	0.0047	0.0000	0.0049	0.0054	0.0002	0.0000	0.0000	0.0000
81	116	0.0738	3	0	2	0	1	0	0	0	0	N	Y	N	N	N	N	N	N	N	N	N	N	0.0558	0.9033	0.1897	0.8067	0.0136	inf	0.0642	inf	0.0001	2.2374	1.2205	13.6101	1.8536	0.0325	56.7971	2.8450	3.3909	0.0053	40.0967	1.3511	71.7360	2.2977	2.3954	0.0000	44.2958	0.0000	72.1100	0.9971	1604.7062	0.0971	0.4393	0.6188	5.0006	0.9475	2.0000	0.4059	0.2033	0.2027	0.2061	0.0035	0.2026	0.1998	0.1998	0.0001	0.9200	0.0006	0.9194	0.0006	0.0006	0.0000	0.9194	0.0000	0.9194	0.1814	0.1665	0.0149	0.1112	0.1076	0.0036	0.0702	0.0589	0.0113	0.0229	0.0101	0.0128	0.0022	0.0021	0.0001	0.0208	0.0080	0.0128	0.0558	21.5739	0.1897	7.0785	0.1203	inf	0.0642	inf	0.0001	40.0967	0.0566	71.7360	0.2619	0.2701	0.0000	44.2958	0.0000	72.1100
81	117	0.6299	6	0	2	0	1	0	0	0	0	N	Y	N	N	N	N	N	N	N	N	N	N	0.0000	0.0000	0.0000	0.0000	0.0000	0.0000	0.0000	0.0000	0.0000	0.0000	0.0000	0.0000	0.0000	0.0000	0.0000	0.0000	0.0000	0.0000	0.0000	0.0000	0.6188	0.0000	0.9475	1.0000	0.0000	0.0000	0.0000	0.0000	0.0000	0.0000	0.0000	0.0000	0.0000	0.0000	0.0000	0.0000	0.0000	0.0000	0.0000	0.0000	0.0000	0.0000	0.0000	0.0000	0.0000	0.0000	0.0000	0.0000	0.0000	0.0000	0.0000	0.0022	0.0012	0.0009	0.0012	0.0011	0.0001	0.0010	0.0002	0.0008	0.0000	0.0000	0.0000	0.0000	0.0000	0.0000	0.0000	0.0000	0.0000	0.0000	0.0000	0.0000	0.0000	0.0000	0.0000	0.0000	0.0000	0.0000											
81	118	0.0738	3	0	2	0	0	0	0	0	0	N	Y	N	N	N	N	N	N	N	N	N	N	0.0010	0.0005	0.8992	0.0005	0.0005	0.2532	0.0073	1.1458	0.0004	0.0004	0.0003	0.0005	0.0006	0.0000	0.0001	0.0001	0.0003	0.3527	0.7164	0.0003	1.1072	1.0431	0.0000	0.0004	0.0078	0.0003	0.0588	0.0208	-0.0000	-0.0002	0.6188	16.9994	0.9475	6.0000	0.0002	0.0002	0.0000	0.0002	0.0002	0.0000	0.0000	0.0000	0.0000	0.0005	0.0005	0.0000	0.0005	0.0005	0.0000	0.0000	0.0000	0.0000	0.5008	0.4612	0.0396	0.2958	0.2871	0.0087	0.2050	0.1741	0.0309	0.0648	0.0292	0.0356	0.0065	0.0063	0.0002	0.0584	0.0229	0.0354	0.0476	0.0224	0.8992	0.0075	0.0075	0.0000	0.2847	0.1317	1.1458	0.0076	0.0164	0.0003	0.0725	0.0748	0.0000	0.0003	0.0004	0.0003	
81	119	0.6299	6	0	2	0	0	0	0	0	0	N	Y	N	N	N	N	N	N	N	N	N	N	0.0037	0.0017	0.0120	0.0122	0.0006	0.0006	0.0000	0.0008	0.0008	0.0000	0.0000	0.0000	0.0000	0.1587	0.3825	0.0000	0.0647	0.0672	0.0000	0.0000	0.0000	0.0000	0.0000	0.0000	-0.0000	-0.0000	0.6188	5.0000	0.9475	6.0000	0.0001	0.0001	0.0000	0.0001	0.0001	0.0000	0.0000	0.0000	0.0000	0.0001	0.0001	0.0000	0.0001	0.0001	0.0000	0.0000	0.0000	0.0000	0.1527	0.1392	0.0135	0.1163	0.1096	0.0067	0.0364	0.0296	0.0068	0.0160	0.0091	0.0069	0.0087	0.0078	0.0009	0.0074	0.0013	0.0061	0.1325	0.0827	0.0000	0.0943	0.0900	0.0000	0.0000	0.0000	0.0000	0.0044	0.0078	0.0000	0.0082	0.0091	0.0000	0.0000	0.0000	0.0000					
81	120	0.6580	7	0	2	0	0	0	0	0	0	N	Y	N	N	N	N	N	N	N	N	N	N	0.0294	0.3119	0.0008	1.0641	1.1835	inf	0.0002	0.0004	0.0007	0.0029	0.0032	0.0000	0.0037	0.0040	0.0000	0.0000	0.0000	0.0000	0.0981	0.0102	0.0093	0.0035	0.0034	0.0000	0.0575	0.0461	0.0077	0.0002	2.6212	-0.0000	0.0000	0.6188	0.9998	0.9475	0.9486	0.0001	0.0001	0.0000	0.0001	0.0001	0.0000	0.0000	0.0000	0.0000	0.0000	0.0000	0.0000	0.0000	0.0000	0.0000	0.0000	0.0000	0.0000	0.0329	0.0298	0.0031	0.0253	0.0237	0.0016	0.0076	0.0061	0.0015	0.0036	0.0021	0.0015	0.0022	0.0019	0.0003	0.0015	0.0003	0.0012	0.8252	1.9351	0.0012	2.7375	2.5141	inf	0.0021	0.0081	0.0007	0.0035	0.0016	0.0061	0.0014	0.0016	0.0000	0.0067	0.0020	0.0077
81	121	0.6299	6	0	2	0	0	0	0	0	0	N	Y	N	N	N	N	N	N	N	N	N	N	0.0303	0.0195	60.4366	0.0374	0.0421	0.7287	1.8691	0.0238	143.9570	0.0002	0.0002	0.0001	0.0002	0.0002	0.0000	0.0004	0.0004	0.0003	0.0074	0.0118	0.0000	0.0045	0.0042	0.0000	0.0002	0.0180	0.0000	0.0575	0.0010	-0.0000	-0.0000	0.6188	3.0005	0.9475	1.1085	0.0000	0.0000	0.0000	0.0000	0.0000	0.0000	0.0000	0.0000	0.0000	0.0000	0.0000	0.0000	0.0000	0.0000	0.0000	0.0000	0.0000	0.0000	0.1670	0.1523	0.0147	0.1270	0.1198	0.0072	0.0400	0.0326	0.0075	0.0113	0.0064	0.0049	0.0061	0.0055	0.0006	0.0052	0.0009	0.0043	0.2175	0.1285	60.4366	0.0962	0.0917	0.7287	2.3022	0.4418	143.9570	0.0010	0.0018	0.0000	0.0017	0.0019	0.0000	0.0002	0.0010	0.0000
81	122	0.0325	2	0	2	0	0	0	0	0	0	N	Y	N	N	N	N	N	N	N	N	N	N	1.2377	1.0335	0.0000	0.0291	0.0301	0.0000	2.5786	1.2242	0.0000	1.6092	1.7244	0.0000	0.0768	0.0785	0.0000	2.4854	2.7407	0.0000	1.3002	1.6685	0.3920	2.6368	2.6027	0.8684	0.9638	2.2387	0.1662	0.0000	1.0488	-0.0529	-0.0000	0.6188	2.0001	0.9475	3.0000	0.2033	0.2033	0.0000	0.0035	0.0035	0.0000	0.1997	0.1997	0.0000	0.0025	0.0012	0.0013	0.0006	0.0006	0.0000	0.0019	0.0007	0.0013	0.1263	0.1179	0.0084	0.0459	0.0450	0.0010	0.0804	0.0729	0.0075	0.0229	0.0107	0.0121	0.0015	0.0015	0.0000	0.0214	0.0093	0.0121	14.6250	15.0734	0.0000	0.2004	0.2024	0.0000	27.3982	38.5231	0.0000	0.1100	0.1144	0.1062	0.3834	0.3877	0.2341	0.0907	0.0711	0.1057
81	124	0.6634	7	0	2	0	0	0	0	0	0	N	Y	N	N	N	N	N	N	N	N	N	N	7.6299	204.9679	0.0352	6.2815	7.6608	25.1192	82.8873	14677.4212	0.0292	0.7505	0.8262	0.0004	0.0158	0.0170	0.0005	4.1595	5.1176	0.0002	0.0984	0.0040	0.0114	0.0025	0.0022	0.0000	0.0502	0.0003	0.0076	0.0000	5.9416	-0.0525	0.0000	0.6188	3.9006	0.9475	3.1543	0.2017	0.2017	0.0000	0.0035	0.0035	0.0000	0.1982	0.1982	0.0000	0.0001	0.0000	0.0001	0.0000	0.0000	0.0000	0.0001	0.0000	0.0001	0.2688	0.2441	0.0246	0.2211	0.2054	0.0157	0.0477	0.0387	0.0089	0.0198	0.0110	0.0088	0.0099	0.0090	0.0009	0.0098	0.0020	0.0079	213.5469	907.5656	0.0591	15.6797	15.2988	25.1192	688.5889	3292604.8488	0.0292	0.0035	0.0009	0.0068	0.0010	0.0011	0.0000	0.0060	0.0000	0.0076
81	125	0.6299	6	0	2	0	0	0	0	0	0	N	Y	N	N	N	N	N	N	N	N	N	N	1.8300	4.9750	0.0045	0.3148	0.3361	16.5972	7.3484	7972.9377	0.0168	2.0898	2.2973	0.0025	0.0348	0.0371	0.0001	8.8406	10.9157	0.0050	1.1420	0.4618	0.5534	0.1107	0.1102	0.0000	1.2031	0.0014	0.2980	0.0001	10.9439	-0.0541	0.0003	0.6188	1.6924	0.9475	1.9110	0.2079	0.2079	0.0000	0.0027	0.0027	0.0000	0.2053	0.2052	0.0000	0.0007	0.0001	0.0006	0.0001	0.0001	0.0000	0.0006	0.0000	0.0006	0.0995	0.0905	0.0090	0.0763	0.0717	0.0046	0.0232	0.0188	0.0044	0.0100	0.0057	0.0043	0.0054	0.0049	0.0005	0.0046	0.0008	0.0038	31.6214	236.3674	0.0178	3.4176	3.2719	16.5972	66.7609	371252.6092	0.0311	0.0661	0.0097	0.1406	0.0102	0.0113	0.0000	0.1324	0.0000	0.1609
81	126	0.0738	3	0	2	0	0	0	0	0	0	N	Y	N	N	N	N	N	N	N	N	N	N	0.0000	0.0000	0.0000	0.0000	0.0000	0.0000	0.0000	0.0000	0.0000	0.0000	0.0000	0.0000	0.0000	0.0000	0.0000	0.0000	0.0000	0.9354	1.5732	0.0012	2.0363	2.0136	0.0000	0.3701	2.2168	0.0012	0.0165	0.0000	-0.0006	0.6188	0.9996	0.9475	8.0005	0.0000	0.0000	0.0000	0.0000	0.0000	0.0000	0.0000	0.0000	0.0000	0.0012	0.0012	0.0000	0.0005	0.0005	0.0000	0.0007	0.0007	0.0000	0.0393	0.0360	0.0033	0.0244	0.0236	0.0008	0.0148	0.0124	0.0024	0.0289	0.0128	0.0161	0.0028	0.0027	0.0001	0.0261	0.0101	0.0160	0.0000	0.0000	0.0000	0.0000	0.0000	0.0000	0.0000	0.0000	0.0000	0.0425	0.0945	0.0012	0.1945	0.2006	0.0000	0.0264	0.0663	0.0012		
81	127	0.2012	5	0	1	0	0	0	0	0	0	N	N	N	N	N	N	N	N	N	N	N	N	0.5673	0.4522	0.0006	0.0050	0.0051	0.0001	13.2077	2.2346	0.0031	1.2732	1.3969	0.0000	0.0258	0.0269	0.0000	3.6123	4.3890	0.0000	2.2442	3.0892	0.0379	5.1292	5.2423	0.6395	0.2735	1.9641	0.0057	0.0000	0.0061	-0.0537	-0.0336	0.6188	3.6536	0.9475	12.3970	0.2063	0.2063	0.0000	0.0027	0.0027	0.0000	0.2036	0.2036	0.0000	0.0651	0.0647	0.0004	0.0643	0.0640	0.0002	0.0008	0.0007	0.0002	0.1620	0.1477	0.0143	0.1057	0.1013	0.0044	0.0564	0.0464	0.0100	0.0704	0.0391	0.0313	0.0255	0.0243	0.0012	0.0449	0.0148	0.0301	1.3771	0.8446	0.0019	0.0102	0.0102	0.0002	196.6115	99.6950	0.0031	0.9246	1.6539	0.0126	2.5222	2.6387	0.1843	0.0184	0.0440	0.0057
81	128	0.3796	5	0	1	0	0	0	0	0	0	N	N	N	N	N	N	N	N	N	N	N	N	0.0336	0.2553	0.0003	2.8173	2.8324	0.8303	0.0050	0.0343	0.0004	0.0702	0.0761	0.0025	0.0936	0.0979	0.0009	0.0144	0.0165	0.0036	2.0917	0.2982	9.6490	0.0332	0.0346	0.0010	2.8582	0.4809	8.5595	0.0029	178.6884	-0.0049	0.0358	0.6188	5.3495	0.9475	12.4099	0.0192	0.0192	0.0001	0.0181	0.0181	0.0000	0.0012	0.0011	0.0000	0.0757	0.0004	0.0752	0.0003	0.0003	0.0000	0.0753	0.0001	0.0752	0.2740	0.2519	0.0221	0.1932	0.1845	0.0087	0.0808	0.0674	0.0134	0.1014	0.0620	0.0394	0.0536	0.0475	0.0061	0.0479	0.0145	0.0333	0.0941	11.2190	0.0013	15.5529	14.6718	1.0179	0.0091	2.3079	0.0016	0.7460	0.0068	1.9105	0.0060	0.0067	0.0008	1.5740	0.0072	2.2573
81	129	0.1853	9	0	2	0	1	0	0	0	0	N	Y	N	N	N	N	N	N	N	N	N	N	0.0000	0.0000	0.0000	0.0000	0.0000	0.0000	0.0000	0.0000	0.0000	0.0000	0.0000	0.0000	0.0000	0.0000	0.0000	0.0000	0.0000	0.0000	0.0000	0.0000	0.6188	0.0000	0.9475	0.0000	0.0000	0.0000	0.0000	0.0000	0.0000	0.0000	0.0000	0.0000	0.0000	0.0000	0.0000	0.0000	0.0000	0.0000	0.0000	0.0000	0.0000	0.0000	0.0000	0.0000	0.0000	0.0000	0.0000	0.0000	0.0000	0.0000	0.0000	0.0000	0.0000	0.0000	0.0000	0.0000	0.0000	0.0000	0.0000	0.0000	0.0000	0.0000	0.0000	0.0000	0.0000	0.0000	0.0000	0.0000	0.0000	0.0000	0.0000	0.0000	0.0000	0.0000	0.0000	0.0000	0.0000	0.0000											
81	130	0.1690	8	0	2	0	1	0	0	0	0	N	Y	N	N	N	N	N	N	N	N	N	N	0.0000	0.0000	0.0000	0.0000	0.0000	0.0000	0.0000	0.0000	0.0000	0.0000	0.0000	0.0000	0.0000	0.0000	0.0000	0.0000	0.0309	0.0307	0.0020	0.1574	0.1276	0.0000	0.0041	0.0000	0.0020	1.0000	0.0000	-0.0000	0.6188	0.0000	0.9475	3.0001	0.0000	0.0000	0.0000	0.0000	0.0000	0.0000	0.0000	0.0000	0.0000	0.0000	0.0000	0.0000	0.0000	0.0000	0.0000	0.0000	0.0000	0.0000	0.0000	0.0000	0.0000	0.0000	0.0000	0.0000	0.0000	0.0000	0.0000	0.0084	0.0035	0.0049	0.0008	0.0008	0.0000	0.0076	0.0027	0.0049	0.0000	0.0000	0.0000	0.0000	0.0000	0.0000	0.0000	0.0000	0.0000	0.0024	0.0029	0.0020	0.0122	0.0123	0.0000	0.0013	0.0000	0.0020			
81	131	0.1593	7	0	2	0	0	0	0	0	0	N	Y	N	N	N	N	N	N	N	N	N	N	0.0000	0.0000	0.0000	0.0000	0.0000	0.0000	0.0000	0.0000	0.0000	0.0000	0.0000	0.0000	0.0000	0.0000	0.0000	0.0000	0.0000	0.0000	0.0000	0.0000	0.6188	0.0000	0.9475	0.0000	0.0000	0.0000	0.0000	0.0000	0.0000	0.0000	0.0000	0.0000	0.0000	0.0000	0.0000	0.0000	0.0000	0.0000	0.0000	0.0000	0.0000	0.0000	0.0000	0.0000	0.0000	0.0000	0.0000	0.0000	0.0000	0.0000	0.0000	0.0000	0.0000	0.0000	0.0000	0.0000	0.0000	0.0000	0.0000	0.0000	0.0000	0.0000	0.0000	0.0000	0.0000	0.0000	0.0000	0.0000	0.0000	0.0000	0.0000	0.0000	0.0000	0.0000	0.0000	0.0000	0.0000	0.0000											
81	132	0.1690	8	0	1	1	1	0	0	0	0	N	N	N	N	N	N	N	N	N	N	N	N	0.0000	0.0000	0.0000	0.0000	0.0000	0.0000	0.0000	0.0000	0.0000	0.0000	0.0000	0.0000	0.0000	0.0000	0.0000	0.0000	0.0000	0.0000	0.0000	0.0000	0.6188	0.0000	0.9475	1.9999	0.0000	0.0000	0.0000	0.0000	0.0000	0.0000	0.0000	0.0000	0.0000	0.0000	0.0000	0.0000	0.0000	0.0000	0.0000	0.0000	0.0000	0.0000	0.0000	0.0000	0.0000	0.0000	0.0000	0.0000	0.0000	0.0000	0.0000	0.0057	0.0023	0.0033	0.0006	0.0005	0.0000	0.0051	0.0018	0.0033	0.0000	0.0000	0.0000	0.0000	0.0000	0.0000	0.0000	0.0000	0.0000	0.0000	0.0000	0.0000	0.0000	0.0000	0.0000	0.0000	0.0000	0.0000											
81	133	0.1800	9	0	1	1	1	0	0	0	0	N	N	N	N	N	N	N	N	N	N	N	N	0.0000	0.0000	0.0000	0.0000	0.0000	0.0000	0.0000	0.0000	0.0000	0.0000	0.0000	0.0000	0.0000	0.0000	0.0000	0.0000	0.0000	0.0000	0.0000	0.0000	0.6188	1.0000	0.9475	0.0000	0.0000	0.0000	0.0000	0.0000	0.0000	0.0000	0.0000	0.0000	0.0000	0.0000	0.0000	0.0000	0.0000	0.0000	0.0000	0.0000	0.0000	0.0000	0.0416	0.0381	0.0035	0.0288	0.0275	0.0013	0.0128	0.0106	0.0022	0.0027	0.0011	0.0016	0.0003	0.0003	0.0000	0.0025	0.0008	0.0016	0.0000	0.0000	0.0000	0.0000	0.0000	0.0000	0.0000	0.0000	0.0000	0.0000	0.0000	0.0000	0.0000	0.0000	0.0000	0.0000	0.0000	0.0000											
81	134	0.1800	9	0	1	1	1	0	0	0	0	N	N	N	N	N	N	N	N	N	N	N	N	0.0000	0.0000	0.0000	0.0000	0.0000	0.0000	0.0000	0.0000	0.0000	0.0000	0.0000	0.0000	0.0000	0.0000	0.0000	0.0000	0.0000	0.0000	0.0000	0.0000	0.6188	0.0000	0.9475	0.0000	0.0000	0.0000	0.0000	0.0000	0.0000	0.0000	0.0000	0.0000	0.0000	0.0000	0.0000	0.0000	0.0000	0.0000	0.0000	0.0000	0.0000	0.0000	0.0000	0.0000	0.0000	0.0000	0.0000	0.0000	0.0000	0.0000	0.0000	0.0000	0.0000	0.0000	0.0000	0.0000	0.0000	0.0000	0.0000	0.0000	0.0000	0.0000	0.0000	0.0000	0.0000	0.0000	0.0000	0.0000	0.0000	0.0000	0.0000	0.0000	0.0000	0.0000	0.0000	0.0000	0.0000	0.0000											
81	135	0.1690	8	0	1	1	1	0	0	0	0	N	N	N	N	N	N	N	N	N	N	N	N	0.0000	0.0000	0.0000	0.0000	0.0000	0.0000	0.0000	0.0000	0.0000	0.0000	0.0000	0.0000	0.0000	0.0000	0.0000	0.0000	0.0000	0.0000	0.0000	0.0000	0.6188	2.0025	0.9475	0.9943	0.0000	0.0000	0.0000	0.0000	0.0000	0.0000	0.0000	0.0000	0.0000	0.0000	0.0000	0.0000	0.0000	0.0000	0.0000	0.0000	0.0000	0.0000	0.0819	0.0750	0.0069	0.0559	0.0534	0.0024	0.0260	0.0215	0.0045	0.0084	0.0035	0.0049	0.0008	0.0008	0.0000	0.0076	0.0027	0.0049	0.0000	0.0000	0.0000	0.0000	0.0000	0.0000	0.0000	0.0000	0.0000	0.0000	0.0000	0.0000	0.0000	0.0000	0.0000	0.0000	0.0000	0.0000											
81	136	0.1690	7	0	1	0	1	0	0	0	0	N	N	N	N	N	N	N	N	N	N	N	N	0.0000	0.0000	0.0000	0.0000	0.0000	0.0000	0.0000	0.0000	0.0000	0.0000	0.0000	0.0000	0.0000	0.0000	0.0000	0.0000	0.0000	0.0000	0.0000	-0.0000	0.6188	0.0050	0.9475	0.0173	0.0000	0.0000	0.0000	0.0000	0.0000	0.0000	0.0000	0.0000	0.0000	0.0000	0.0000	0.0000	0.0000	0.0000	0.0000	0.0000	0.0000	0.0000	0.0003	0.0003	0.0000	0.0003	0.0003	0.0000	0.0001	0.0001	0.0000	0.0001	0.0000	0.0000	0.0000	0.0000	0.0000	0.0001	0.0000	0.0000	0.0000	0.0000	0.0000	0.0000	0.0000	0.0000	0.0000	0.0000	0.0000	0.0000	0.0000	0.0000	0.0000	0.0000	0.0000	0.0000	0.0000	0.0000											
81	137	0.1593	6	0	1	0	1	0	0	0	0	N	N	N	N	N	N	N	N	N	N	N	N	0.0000	0.0000	0.0000	0.0000	0.0000	0.0000	0.0000	0.0000	0.0000	0.0000	0.0000	0.0000	0.0000	0.0000	0.0000	0.0000	0.0000	0.0000	0.0000	-0.0000	0.6188	1.9972	0.9475	1.0076	0.0000	0.0000	0.0000	0.0000	0.0000	0.0000	0.0000	0.0000	0.0000	0.0000	0.0000	0.0000	0.0000	0.0000	0.0000	0.0000	0.0000	0.0000	0.0790	0.0724	0.0066	0.0535	0.0513	0.0022	0.0255	0.0211	0.0044	0.0080	0.0033	0.0047	0.0008	0.0008	0.0000	0.0072	0.0025	0.0047	0.0000	0.0000	0.0000	0.0000	0.0000	0.0000	0.0000	0.0000	0.0000	0.0000	0.0000	0.0000	0.0000	0.0000	0.0000	0.0000	0.0000	0.0000											
81	138	0.1420	5	1	2	0	0	0	0	0	0	N	Y	N	N	N	N	N	N	N	N	N	N	0.0001	0.0063	0.0000	0.0001	0.0080	0.0000	0.0000	0.0000	0.0000	0.0001	0.0001	0.0000	0.0002	0.0002	0.0000	0.0000	0.0000	0.0000	1.0314	0.0190	0.3880	1.9463	0.0296	45.5165	0.3067	0.0002	0.0435	0.0000	45.1687	-0.0000	0.0002	0.6188	0.0002	0.9475	2.3255	0.0000	0.0000	0.0000	0.0000	0.0000	0.0000	0.0000	0.0000	0.0000	0.0005	0.0000	0.0005	0.0003	0.0000	0.0003	0.0002	0.0000	0.0002	0.0000	0.0000	0.0000	0.0000	0.0000	0.0000	0.0000	0.0000	0.0000	0.0091	0.0046	0.0045	0.0017	0.0017	0.0001	0.0074	0.0029	0.0045	0.0021	0.0525	0.0000	0.0013	0.0383	0.0000	0.0000	0.0000	0.0000	0.0526	0.0023	0.1038	0.1832	0.0062	4.8083	0.0217	0.0000	0.0359
81	139	0.1242	4	1	2	0	0	0	0	0	0	N	Y	N	N	N	N	N	N	N	N	N	N	1.9800	2.8863	0.0000	4.2217	4.3344	0.0166	0.0003	0.0507	0.0000	2.8263	3.0987	0.0000	4.7965	4.9729	0.0000	0.0003	0.0004	0.0000	1.4274	1.0736	1.1786	1.1361	1.1473	0.0015	1.3414	0.0081	0.4603	0.0000	7.5962	-0.0527	0.0011	0.6188	2.0138	0.9475	2.7349	0.2026	0.2026	0.0000	0.2026	0.2026	0.0000	0.0000	0.0000	0.0000	0.0031	0.0004	0.0027	0.0004	0.0004	0.0000	0.0027	0.0000	0.0027	0.0717	0.0654	0.0063	0.0422	0.0407	0.0015	0.0294	0.0246	0.0048	0.0205	0.0106	0.0099	0.0046	0.0044	0.0002	0.0159	0.0062	0.0097	18.9872	92.4223	0.0000	63.0257	61.9911	0.0211	0.0020	0.9050	0.0000	0.1489	0.0335	0.2720	0.0761	0.0802	0.0012	0.1701	0.0005	0.2788
81	140	0.1407	5	0	2	0	0	0	0	0	0	N	Y	N	N	N	N	N	N	N	N	N	N	0.4043	0.2034	0.0147	0.0314	0.0396	0.0019	7.6419	inf	0.0000	0.0003	0.0003	0.0000	0.0001	0.0001	0.0000	0.0006	0.0007	0.0000	0.0007	0.0015	0.0001	0.0041	0.0035	0.0013	0.0001	0.0000	0.0001	0.0004	0.1900	-0.0000	-0.0000	0.6188	1.9232	0.9475	1.1116	0.0000	0.0000	0.0000	0.0000	0.0000	0.0000	0.0000	0.0000	0.0000	0.0000	0.0000	0.0000	0.0000	0.0000	0.0000	0.0000	0.0000	0.0000	0.0885	0.0799	0.0085	0.0577	0.0538	0.0039	0.0307	0.0262	0.0046	0.0098	0.0045	0.0053	0.0015	0.0014	0.0001	0.0084	0.0031	0.0053	1.0230	0.6192	0.0147	0.0804	0.0851	0.0024	12.7749	inf	0.0000	0.0003	0.0005	0.0001	0.0016	0.0016	0.0011	0.0000	0.0000	0.0001
81	141	0.6491	7	0	2	0	0	0	0	0	0	N	Y	N	N	N	N	N	N	N	N	N	N	inf	inf	inf	inf	0.0005	0.0006	0.0000	0.0007	0.0008	0.0000	0.0000	0.0000	0.0000	0.0000	0.0000	0.0000	0.0000	0.0000	0.0000	0.0000	0.0000	0.0000	0.0000	-0.0000	0.0000	0.6188	3.0000	0.9475	1.0000	0.0001	0.0001	0.0000	0.0001	0.0001	0.0000	0.0000	0.0000	0.0000	0.0000	0.0000	0.0000	0.0000	0.0000	0.0000	0.0000	0.0000	0.0000	0.1670	0.1523	0.0147	0.1270	0.1197	0.0072	0.0400	0.0326	0.0075	0.0111	0.0063	0.0048	0.0060	0.0054	0.0006	0.0050	0.0009	0.0042	inf	inf	0.0000	inf	inf	0.0000	0.0000	0.0000	0.0000	0.0000	0.0000	0.0000	0.0000	0.0000	0.0000	0.0000	0.0000	0.0000						
81	142	0.6299	6	0	1	0	0	0	0	0	0	N	N	N	N	N	N	N	N	N	N	N	N	0.0000	0.0000	0.0000	0.0000	0.0000	0.0000	0.0000	0.0000	0.0000	0.0000	0.0000	0.0000	0.0000	0.0000	0.0000	0.0000	0.0000	0.0000	-0.0000	0.0000	0.6188	1.0000	0.9475	1.0000	0.0000	0.0000	0.0000	0.0000	0.0000	0.0000	0.0000	0.0000	0.0000	0.0000	0.0000	0.0000	0.0000	0.0000	0.0000	0.0000	0.0000	0.0000	0.0606	0.0550	0.0056	0.0467	0.0438	0.0029	0.0139	0.0112	0.0027	0.0057	0.0032	0.0024	0.0031	0.0028	0.0003	0.0026	0.0005	0.0021	0.0000	0.0000	0.0000	0.0000	0.0000	0.0000	0.0000	0.0000	0.0000	0.0000	0.0000	0.0000	0.0000	0.0000	0.0000	0.0000	0.0000	0.0000											
81	143	0.3796	5	0	1	0	0	0	0	0	0	N	N	N	N	N	N	N	N	N	N	N	N	0.2848	2.5839	0.0002	29.1178	28.7439	106.6176	0.0045	0.0453	0.0003	0.5931	0.6452	0.0019	0.8535	0.8927	0.0007	0.0127	0.0147	0.0026	2.0825	0.2497	9.4878	0.0293	0.0311	0.0000	2.8454	0.3244	8.2376	0.0003	194.6836	-0.0501	0.0357	0.6188	7.1211	0.9475	10.9474	0.1928	0.1927	0.0000	0.1915	0.1915	0.0000	0.0013	0.0012	0.0000	0.0756	0.0004	0.0752	0.0003	0.0003	0.0000	0.0753	0.0001	0.0752	0.3250	0.2988	0.0263	0.2244	0.2145	0.0098	0.1007	0.0842	0.0164	0.1019	0.0623	0.0396	0.0537	0.0477	0.0061	0.0482	0.0146	0.0335	0.7997	104.0773	0.0010	151.6810	140.7302	106.6176	0.0081	2.5646	0.0012	0.7416	0.0062	1.8988	0.0056	0.0063	0.0000	1.5629	0.0057	2.2427
81	144	0.1848	4	0	1	0	0	0	0	0	0	N	N	N	N	N	N	N	N	N	N	N	N	0.0121	0.0338	0.0053	0.0341	0.0350	0.0816	0.0041	0.0078	0.0065	0.0700	0.0667	0.1049	0.0895	0.0930	0.0043	0.0345	0.0116	0.1481	5.7922	1.9732	19.7116	2.6212	2.6543	0.0530	8.5197	1.4920	22.7479	0.1467	43.6430	-0.0029	0.3192	0.6188	8.5175	0.9475	23.1696	0.0221	0.0193	0.0028	0.0183	0.0182	0.0000	0.0039	0.0011	0.0028	0.7004	0.0157	0.6847	0.0151	0.0151	0.0000	0.6853	0.0006	0.6847	0.3164	0.2894	0.0270	0.2040	0.1959	0.0081	0.1124	0.0935	0.0189	0.1209	0.0623	0.0586	0.0405	0.0386	0.0019	0.0804	0.0238	0.0567	0.0121	0.2650	0.0090	0.2400	0.2383	0.2035	0.0041	0.4324	0.0123	5.7922	0.2517	11.6863	0.3728	0.3903	0.0212	8.5197	0.0268	12.0818
81	145	0.1593	7	1	2	0	0	0	0	0	0	N	Y	N	N	N	N	N	N	N	N	N	N	inf	inf	inf	inf	inf	inf	0.0005	0.0003	0.0029	0.0000	0.0000	0.0000	0.0015	0.0009	0.0044	0.0000	0.0000	0.0000	0.0000	0.0000	0.0000	0.0000	0.0000	0.0000	1.0000	0.0000	0.0000	0.6188	1.0000	0.9475	1.0000	0.0000	0.0000	0.0000	0.0000	0.0000	0.0000	0.0000	0.0000	0.0000	0.0000	0.0000	0.0000	0.0000	0.0000	0.0000	0.0000	0.0000	0.0000	0.0405	0.0371	0.0034	0.0275	0.0264	0.0012	0.0130	0.0107	0.0022	0.0054	0.0022	0.0032	0.0005	0.0005	0.0000	0.0049	0.0017	0.0032	inf	inf	inf	0.0000	0.0000	0.0000	inf	inf	inf	0.0000	0.0000	0.0000	0.0000	0.0000	0.0000	0.0000	0.0000	0.0000				
81	146	0.1593	6	0	2	0	0	0	0	0	0	N	Y	N	N	N	N	N	N	N	N	N	N	0.0000	0.0000	0.0000	0.0000	0.0000	0.0000	0.0000	0.0000	0.0000	0.0000	0.0000	0.0000	0.0000	0.0000	0.0000	0.0000	0.0000	0.0000	0.0000	0.0000	0.6188	0.0003	0.9475	0.0000	0.0000	0.0000	0.0000	0.0000	0.0000	0.0000	0.0000	0.0000	0.0000	0.0000	0.0000	0.0000	0.0000	0.0000	0.0000	0.0000	0.0000	0.0000	0.0000	0.0000	0.0000	0.0000	0.0000	0.0000	0.0000	0.0000	0.0000	0.0000	0.0000	0.0000	0.0000	0.0000	0.0000	0.0000	0.0000	0.0000	0.0000	0.0000	0.0000	0.0000	0.0000	0.0000	0.0000	0.0000	0.0000	0.0000	0.0000	0.0000	0.0000	0.0000	0.0000	0.0000	0.0000	0.0000											
81	147	0.1407	5	0	1	0	0	0	0	0	0	N	N	N	N	N	N	N	N	N	N	N	N	1.4335	0.7622	0.0181	0.2190	0.3030	0.0098	12.3849	inf	0.0000	0.0005	0.0005	0.0000	0.0006	0.0006	0.0000	0.0004	0.0004	0.0000	0.0003	0.0007	0.0000	0.0026	0.0020	0.0001	0.0000	0.0000	0.0000	0.0001	0.1070	-0.0000	-0.0000	0.6188	4.9449	0.9475	1.0063	0.0001	0.0001	0.0000	0.0001	0.0001	0.0000	0.0000	0.0000	0.0000	0.0000	0.0000	0.0000	0.0000	0.0000	0.0000	0.0000	0.0000	0.0000	0.1855	0.1687	0.0167	0.1177	0.1118	0.0059	0.0677	0.0569	0.0108	0.0178	0.0079	0.0099	0.0022	0.0022	0.0001	0.0155	0.0057	0.0098	3.4211	1.8543	0.0181	0.5527	0.5668	0.0098	23.0663	inf	0.0000	0.0001	0.0003	0.0000	0.0010	0.0011	0.0001	0.0000	0.0000	0.0000
81	148	0.1242	4	0	1	0	0	0	0	0	0	N	N	N	N	N	N	N	N	N	N	N	N	0.0011	0.0008	0.0025	0.0004	0.0005	0.0001	0.1312	0.1735	0.0037	0.0006	0.0006	0.0000	0.0003	0.0003	0.0000	0.0010	0.0012	0.0000	0.5151	0.7790	0.0051	0.7090	0.6176	0.2579	0.0075	0.0067	0.0027	0.0020	0.2352	-0.0000	-0.0001	0.6188	3.4778	0.9475	1.2917	0.0001	0.0001	0.0000	0.0000	0.0000	0.0000	0.0000	0.0000	0.0000	0.0002	0.0002	0.0000	0.0002	0.0002	0.0000	0.0000	0.0000	0.0000	0.1203	0.1099	0.0105	0.0707	0.0683	0.0024	0.0496	0.0416	0.0080	0.0206	0.0106	0.0099	0.0046	0.0044	0.0002	0.0159	0.0062	0.0097	0.0480	0.0334	0.0028	0.0059	0.0064	0.0003	0.5450	3.1389	0.0037	0.0117	0.0184	0.0046	0.0458	0.0438	0.0811	0.0018	0.0004	0.0027
81	149	0.0738	3	0	1	0	0	0	0	0	0	N	N	N	N	N	N	N	N	N	N	N	N	0.0008	0.0006	0.0043	0.0005	0.0005	inf	0.0025	0.0097	0.0133	0.0005	0.0005	0.0001	0.0008	0.0008	0.0000	0.0001	0.0001	0.0001	0.6494	0.9258	0.0215	1.5597	1.5667	0.0000	0.0469	0.0119	0.0090	0.0152	0.4291	-0.0000	-0.0001	0.6188	7.8050	0.9475	4.0035	0.0001	0.0001	0.0000	0.0001	0.0001	0.0000	0.0000	0.0000	0.0000	0.0006	0.0004	0.0002	0.0004	0.0004	0.0000	0.0002	0.0000	0.0002	0.2687	0.2469	0.0219	0.1631	0.1580	0.0051	0.1056	0.0888	0.0168	0.0369	0.0164	0.0205	0.0036	0.0035	0.0001	0.0334	0.0129	0.0204	0.0307	0.0209	0.0104	0.0065	0.0065	inf	0.0201	0.1775	0.0133	0.0165	0.0260	0.0089	0.1171	0.1208	0.0000	0.0057	0.0006	0.0090
81	150	0.2012	5	0	1	0	0	0	0	0	0	N	N	N	N	N	N	N	N	N	N	N	N	0.0049	0.0004	53.7772	0.0004	0.0004	0.0024	4.2326	0.0004	92.5970	0.0107	0.0013	0.1085	0.0018	0.0018	0.0000	0.0276	0.0000	0.1561	2.2014	3.0362	0.0020	5.0573	5.2102	0.0178	0.0065	0.0298	0.0017	8.2640	0.0010	0.0011	-0.0335	0.6188	3.7255	0.9475	14.1767	0.0018	0.0002	0.0016	0.0002	0.0002	0.0000	0.0016	0.0000	0.0016	0.0643	0.0642	0.0001	0.0642	0.0642	0.0000	0.0001	0.0000	0.0001	0.1646	0.1500	0.0146	0.1074	0.1029	0.0044	0.0572	0.0471	0.0101	0.0740	0.0410	0.0330	0.0263	0.0250	0.0013	0.0477	0.0160	0.0317	0.0124	0.0008	53.7772	0.0007	0.0007	0.0042	16.9096	0.0083	92.5970	0.8691	1.5674	0.0020	2.4448	2.5722	0.0101	0.0016	0.0015	0.0017
81	151	0.1848	4	0	1	0	0	0	0	0	0	N	N	N	N	N	N	N	N	N	N	N	N	0.0042	0.0032	0.0008	0.0024	0.0026	0.0003	0.0026	0.2199	0.0019	0.0123	0.0128	0.0067	0.0153	0.0159	0.0002	0.0069	0.0064	0.0087	2.8945	4.0689	8.3389	6.3512	6.1436	0.4680	2.6046	0.0291	4.5852	0.0551	0.3214	-0.0002	-0.0596	0.6188	1.4205	0.9475	4.0377	0.0010	0.0009	0.0001	0.0008	0.0008	0.0000	0.0002	0.0001	0.0000	0.2140	0.1620	0.0520	0.1620	0.1619	0.0001	0.0520	0.0000	0.0520	0.0785	0.0710	0.0075	0.0499	0.0481	0.0018	0.0286	0.0228	0.0057	0.0739	0.0398	0.0341	0.0329	0.0323	0.0006	0.0411	0.0075	0.0336	0.0042	0.0032	0.0044	0.0031	0.0032	0.0012	0.0054	4.2203	0.0056	2.8945	4.0689	1.5249	4.9318	5.0169	0.1346	1.2653	0.0015	1.5487
81	152	0.0738	3	0	1	0	0	0	0	0	0	N	N	N	N	N	N	N	N	N	N	N	N	0.2793	0.9385	0.0000	0.8573	0.8818	inf	0.0001	0.0095	0.0001	0.8966	0.9764	0.0006	1.4701	1.5183	0.0000	0.0005	0.0004	0.0008	3.2099	1.0404	13.8780	1.7147	1.7218	0.0000	3.8396	0.0470	13.5738	0.0001	220.2589	-0.0533	0.0841	0.6188	6.4701	0.9475	12.4371	0.2047	0.2047	0.0000	0.2047	0.2047	0.0000	0.0000	0.0000	0.0000	0.1776	0.0008	0.1768	0.0008	0.0008	0.0000	0.1768	0.0000	0.1768	0.2283	0.2097	0.0187	0.1392	0.1348	0.0044	0.0891	0.0748	0.0142	0.0553	0.0248	0.0305	0.0055	0.0053	0.0002	0.0499	0.0195	0.0304	0.2793	30.1673	0.0001	10.5466	10.5617	inf	0.0001	0.2152	0.0001	3.2099	0.0324	5.7913	0.1394	0.1438	0.0000	3.5468	0.0021	5.8229
82	83	0.6258	6	1	1	2	0	0	0	0	0	N	N	Y	N	N	N	N	N	N	N	N	N	0.0000	0.0000	0.0000	0.0000	0.0000	0.0000	0.0000	0.0000	0.0000	0.0000	0.0000	0.0000	0.0000	0.0000	0.0000	0.0000	0.0000	0.0000	0.0000	0.0000	0.0000	9.0001	1.0000	3.0001	0.0000	0.0000	0.0000	0.0000	0.0000	0.0000	0.0000	0.0000	0.0000	0.0000	0.0000	0.0000	0.0000	0.0000	0.0000	0.0000	0.0000	0.0000	0.0000	0.0000	0.0000	0.0000	0.0000	0.0000	0.0000	0.0000	0.0000	0.0156	0.0096	0.0060	0.0088	0.0076	0.0012	0.0068	0.0021	0.0047	0.0000	0.0000	0.0000	0.0000	0.0000	0.0000	0.0000	0.0000	0.0000	0.0000	0.0000	0.0000	0.0000	0.0000	0.0000	0.0000	0.0000	0.0000											
82	84	0.0284	2	1	1	2	0	0	0	0	0	N	N	Y	N	N	N	N	N	N	N	N	N	0.0000	0.0000	0.0000	0.0000	0.0000	0.0000	0.0000	0.0000	0.0000	0.0000	0.0000	0.0000	0.0000	0.0000	0.0000	0.0000	0.0000	0.0000	0.0000	0.0000	0.0000	4.0000	1.0000	0.0000	0.0000	0.0000	0.0000	0.0000	0.0000	0.0000	0.0000	0.0000	0.0000	0.0000	0.0000	0.0000	0.0000	0.0000	0.0000	0.0000	0.0000	0.0000	0.0000	0.0000	0.0000	0.0000	0.0000	0.0000	0.0000	0.0000	0.0000	0.0074	0.0024	0.0050	0.0000	0.0000	0.0000	0.0074	0.0024	0.0050	0.0000	0.0000	0.0000	0.0000	0.0000	0.0000	0.0000	0.0000	0.0000	0.0000	0.0000	0.0000	0.0000	0.0000	0.0000	0.0000	0.0000	0.0000											
82	85	0.0746	3	1	2	1	0	0	0	0	0	N	Y	N	N	N	N	N	N	N	N	N	N	0.0000	0.0000	0.0000	0.0000	0.0000	0.0000	0.0000	0.0000	0.0000	0.0000	0.0000	0.0000	0.0000	0.0107	0.0325	0.0000	0.0752	0.0647	0.0000	0.0000	0.0000	0.0000	0.0000	0.0000	-0.0000	0.0000	1.0086	1.0000	1.7435	0.0000	0.0000	0.0000	0.0000	0.0000	0.0000	0.0000	0.0000	0.0000	0.0000	0.0000	0.0000	0.0000	0.0000	0.0000	0.0000	0.0000	0.0000	0.0000	0.0000	0.0000	0.0000	0.0000	0.0000	0.0000	0.0000	0.0000	0.0077	0.0033	0.0044	0.0012	0.0011	0.0000	0.0065	0.0021	0.0044	0.0000	0.0000	0.0000	0.0000	0.0000	0.0000	0.0000	0.0000	0.0000	0.0013	0.0031	0.0000	0.0086	0.0089	0.0000	0.0000	0.0000	0.0000						
82	86	0.0284	2	1	2	1	0	0	0	0	0	N	Y	N	N	N	N	N	N	N	N	N	N	0.0000	0.0000	0.0000	0.0000	0.0000	0.0000	0.0000	0.0000	0.0000	0.0000	0.0000	0.0000	0.0000	0.0077	0.0000	0.0016	0.0000	0.0000	0.0000	0.0025	0.0000	0.0016	inf	0.0000	0.0000	0.0000	1.0165	1.0000	4.1395	0.0000	0.0000	0.0000	0.0000	0.0000	0.0000	0.0000	0.0000	0.0000	0.0000	0.0000	0.0000	0.0000	0.0000	0.0000	0.0000	0.0000	0.0000	0.0000	0.0000	0.0000	0.0000	0.0000	0.0000	0.0000	0.0000	0.0000	0.0093	0.0031	0.0063	0.0000	0.0000	0.0000	0.0093	0.0031	0.0063	0.0000	0.0000	0.0000	0.0000	0.0000	0.0000	0.0000	0.0000	0.0000	0.0011	0.0000	0.0016	0.0000	0.0000	0.0000	0.0011	0.0000	0.0016						
82	87	0.5846	5	1	2	1	0	0	0	0	0	N	Y	N	N	N	N	N	N	N	N	N	N	0.0000	0.0000	0.0000	0.0000	0.0000	0.0000	0.0000	0.0000	0.0000	0.0000	0.0000	0.0000	0.0000	0.0000	0.0000	0.0000	0.0000	0.0000	0.0000	0.0000	0.0000	9.0005	1.0000	5.0000	0.0000	0.0000	0.0000	0.0000	0.0000	0.0000	0.0000	0.0000	0.0000	0.0000	0.0000	0.0000	0.0000	0.0000	0.0000	0.0000	0.0000	0.0000	0.0000	0.0000	0.0000	0.0000	0.0000	0.0000	0.0000	0.0000	0.0000	0.0217	0.0124	0.0093	0.0099	0.0085	0.0014	0.0118	0.0039	0.0079	0.0000	0.0000	0.0000	0.0000	0.0000	0.0000	0.0000	0.0000	0.0000	0.0000	0.0000	0.0000	0.0000	0.0000	0.0000	0.0000	0.0000	0.0000											
82	89	0.6518	7	0	2	1	0	0	0	0	0	N	Y	N	N	N	N	N	N	N	N	N	N	0.0000	0.0000	0.0000	0.0000	0.0000	0.0000	0.0000	0.0000	0.0000	0.0000	0.0000	0.0000	0.0000	0.0000	0.0000	0.0000	0.0000	0.0000	0.0000	0.0000	0.0000	1.9953	1.0000	1.0817	0.0000	0.0000	0.0000	0.0000	0.0000	0.0000	0.0000	0.0000	0.0000	0.0000	0.0000	0.0000	0.0000	0.0000	0.0000	0.0000	0.0000	0.0000	0.0000	0.0000	0.0000	0.0000	0.0000	0.0000	0.0000	0.0000	0.0000	0.0048	0.0030	0.0018	0.0028	0.0024	0.0004	0.0020	0.0005	0.0015	0.0000	0.0000	0.0000	0.0000	0.0000	0.0000	0.0000	0.0000	0.0000	0.0000	0.0000	0.0000	0.0000	0.0000	0.0000	0.0000	0.0000	0.0000											
82	90	0.6258	6	0	2	1	0	0	0	0	0	N	Y	N	N	N	N	N	N	N	N	N	N	0.0000	0.0000	0.0000	0.0000	0.0000	0.0000	0.0000	0.0000	0.0000	0.0000	0.0000	0.0000	0.0000	0.3199	0.0000	0.0564	0.0000	0.0000	0.0000	0.2388	0.0000	0.0288	inf	0.0000	0.0000	0.0000	2.3999	1.0000	4.0713	0.0000	0.0000	0.0000	0.0000	0.0000	0.0000	0.0000	0.0000	0.0000	0.0001	0.0000	0.0001	0.0000	0.0000	0.0000	0.0001	0.0000	0.0001	0.0000	0.0000	0.0000	0.0000	0.0000	0.0000	0.0000	0.0000	0.0000	0.0089	0.0054	0.0034	0.0050	0.0043	0.0007	0.0039	0.0012	0.0027	0.0000	0.0000	0.0000	0.0000	0.0000	0.0000	0.0000	0.0000	0.0000	0.0068	0.0000	0.0176	0.0000	0.0000	0.0000	0.0154	0.0000	0.0220						
82	91	0.6468	7	0	1	2	0	0	0	0	0	N	N	Y	N	N	N	N	N	N	N	N	N	0.0000	0.0000	0.0000	0.0000	0.0000	0.0000	0.0000	0.0000	0.0000	0.0000	0.0000	0.0000	0.0000	0.0000	0.0000	0.0000	0.0000	0.0000	0.0000	0.0000	0.0000	0.0000	1.0000	0.0000	0.0000	0.0000	0.0000	0.0000	0.0000	0.0000	0.0000	0.0000	0.0000	0.0000	0.0000	0.0000	0.0000	0.0000	0.0000	0.0000	0.0000	0.0000	0.0000	0.0000	0.0000	0.0000	0.0000	0.0000	0.0000	0.0000	0.0000	0.0000	0.0000	0.0000	0.0000	0.0000	0.0000	0.0000	0.0000	0.0000	0.0000	0.0000	0.0000	0.0000	0.0000	0.0000	0.0000	0.0000	0.0000	0.0000	0.0000	0.0000	0.0000	0.0000	0.0000	0.0000	0.0000	0.0000											
82	92	0.6147	6	0	1	2	0	0	0	0	0	N	N	Y	N	N	N	N	N	N	N	N	N	0.0000	0.0000	0.0000	0.0000	0.0000	0.0000	0.0000	0.0000	0.0000	0.0000	0.0000	0.0000	0.0000	0.0000	0.0000	0.0000	0.0000	0.0000	0.0000	0.0000	0.0000	3.7221	1.0000	2.9993	0.0000	0.0000	0.0000	0.0000	0.0000	0.0000	0.0000	0.0000	0.0000	0.0000	0.0000	0.0000	0.0000	0.0000	0.0000	0.0000	0.0000	0.0000	0.0000	0.0000	0.0000	0.0000	0.0000	0.0000	0.0000	0.0000	0.0000	0.0106	0.0061	0.0044	0.0050	0.0043	0.0007	0.0055	0.0018	0.0037	0.0000	0.0000	0.0000	0.0000	0.0000	0.0000	0.0000	0.0000	0.0000	0.0000	0.0000	0.0000	0.0000	0.0000	0.0000	0.0000	0.0000	0.0000											
82	93	0.5846	5	0	1	1	0	0	0	0	0	N	N	N	N	N	N	N	N	N	N	N	N	0.0000	0.0000	0.0000	0.0000	0.0000	0.0000	0.0000	0.0000	0.0000	0.0000	0.0000	0.0000	0.0000	0.0000	0.0000	0.0000	0.0000	0.0000	0.0000	0.0000	0.0000	2.7217	1.0000	3.0458	0.0000	0.0000	0.0000	0.0000	0.0000	0.0000	0.0000	0.0000	0.0000	0.0000	0.0000	0.0000	0.0000	0.0000	0.0000	0.0000	0.0000	0.0000	0.0000	0.0000	0.0000	0.0000	0.0000	0.0000	0.0000	0.0000	0.0000	0.0098	0.0055	0.0043	0.0043	0.0037	0.0006	0.0055	0.0018	0.0037	0.0000	0.0000	0.0000	0.0000	0.0000	0.0000	0.0000	0.0000	0.0000	0.0000	0.0000	0.0000	0.0000	0.0000	0.0000	0.0000	0.0000	0.0000											
82	94	0.6421	7	1	2	1	0	0	0	0	0	N	Y	N	N	N	N	N	N	N	N	N	N	0.0000	0.0000	0.0000	0.0000	0.0000	0.0000	0.0000	0.0000	0.0000	0.0000	0.0000	0.0000	0.0000	0.0000	0.0000	0.0000	0.0000	0.0000	0.0000	0.0000	0.0000	5.9980	1.0000	4.9575	0.0000	0.0000	0.0000	0.0000	0.0000	0.0000	0.0000	0.0000	0.0000	0.0000	0.0000	0.0000	0.0000	0.0000	0.0000	0.0000	0.0000	0.0000	0.0000	0.0000	0.0000	0.0000	0.0000	0.0000	0.0000	0.0000	0.0000	0.0134	0.0086	0.0047	0.0079	0.0067	0.0011	0.0055	0.0019	0.0036	0.0000	0.0000	0.0000	0.0000	0.0000	0.0000	0.0000	0.0000	0.0000	0.0000	0.0000	0.0000	0.0000	0.0000	0.0000	0.0000	0.0000	0.0000											
82	97	0.5846	5	0	1	1	0	0	0	0	0	N	N	N	N	N	N	N	N	N	N	N	N	0.0000	0.0000	0.0000	0.0000	0.0000	0.0000	0.0000	0.0000	0.0000	0.0000	0.0000	0.0000	0.0000	0.0000	0.0000	0.0000	0.0000	0.0000	0.0000	0.0000	0.0000	3.9994	1.0000	4.0000	0.0000	0.0000	0.0000	0.0000	0.0000	0.0000	0.0000	0.0000	0.0000	0.0000	0.0000	0.0000	0.0000	0.0000	0.0000	0.0000	0.0000	0.0000	0.0000	0.0000	0.0000	0.0000	0.0000	0.0000	0.0000	0.0000	0.0000	0.0133	0.0075	0.0058	0.0059	0.0051	0.0008	0.0073	0.0024	0.0049	0.0000	0.0000	0.0000	0.0000	0.0000	0.0000	0.0000	0.0000	0.0000	0.0000	0.0000	0.0000	0.0000	0.0000	0.0000	0.0000	0.0000	0.0000											
82	98	0.0284	2	0	1	1	0	0	0	0	0	N	N	N	N	N	N	N	N	N	N	N	N	0.0000	0.0000	0.0000	0.0000	0.0000	0.0000	0.0000	0.0000	0.0000	0.0000	0.0000	0.0000	0.0000	0.0000	0.0000	0.0000	0.0000	0.0000	0.0000	0.0000	0.0000	1.0000	1.0000	0.0000	0.0000	0.0000	0.0000	0.0000	0.0000	0.0000	0.0000	0.0000	0.0000	0.0000	0.0000	0.0000	0.0000	0.0000	0.0000	0.0000	0.0000	0.0000	0.0000	0.0000	0.0000	0.0000	0.0000	0.0000	0.0000	0.0000	0.0000	0.0036	0.0012	0.0024	0.0000	0.0000	0.0000	0.0036	0.0012	0.0024	0.0000	0.0000	0.0000	0.0000	0.0000	0.0000	0.0000	0.0000	0.0000	0.0000	0.0000	0.0000	0.0000	0.0000	0.0000	0.0000	0.0000	0.0000											
82	99	0.4736	4	0	1	1	0	0	0	0	0	N	N	N	N	N	N	N	N	N	N	N	N	0.0000	0.0000	0.0000	0.0000	0.0000	0.0000	0.0000	0.0000	0.0000	0.0000	0.0000	0.0000	0.0000	36.4410	0.0000	82.3900	0.0000	0.0000	0.0000	59.8066	0.0000	90.6296	inf	0.0000	0.4731	0.0000	1.5982	1.0000	11.1970	0.0000	0.0000	0.0000	0.0000	0.0000	0.0000	0.0000	0.0000	0.0000	0.9895	0.0000	0.9895	0.0000	0.0000	0.0000	0.9895	0.0000	0.9895	0.0000	0.0000	0.0000	0.0000	0.0000	0.0000	0.0000	0.0000	0.0000	0.0272	0.0151	0.0120	0.0106	0.0095	0.0011	0.0165	0.0056	0.0109	0.0000	0.0000	0.0000	0.0000	0.0000	0.0000	0.0000	0.0000	0.0000	36.4410	0.0000	82.3900	0.0000	0.0000	0.0000	59.8066	0.0000	90.6296						
82	100	0.6436	8	1	2	2	0	0	0	0	0	N	Y	Y	N	N	N	N	N	N	N	N	N	0.0000	0.0000	0.0000	0.0000	0.0000	0.0000	0.0000	0.0000	0.0000	0.0000	0.0000	0.0000	0.0000	0.0000	0.0000	0.0000	0.0000	0.0000	0.0000	0.0000	0.0000	0.0000	1.0000	0.9982	0.0000	0.0000	0.0000	0.0000	0.0000	0.0000	0.0000	0.0000	0.0000	0.0000	0.0000	0.0000	0.0000	0.0000	0.0000	0.0000	0.0000	0.0000	0.0000	0.0000	0.0000	0.0000	0.0000	0.0000	0.0000	0.0000	0.0000	0.0013	0.0009	0.0005	0.0008	0.0007	0.0001	0.0006	0.0002	0.0004	0.0000	0.0000	0.0000	0.0000	0.0000	0.0000	0.0000	0.0000	0.0000	0.0000	0.0000	0.0000	0.0000	0.0000	0.0000	0.0000	0.0000	0.0000											
82	101	0.0632	5	1	2	2	0	0	0	0	0	N	Y	Y	N	N	N	N	N	N	N	N	N	0.0000	0.0000	0.0000	0.0000	0.0000	0.0000	0.0000	0.0000	0.0000	0.0000	0.0000	0.0000	0.0000	0.0000	0.0000	0.0000	0.0000	0.0000	0.0000	0.0000	0.0000	0.0000	1.0000	0.0000	0.0000	0.0000	0.0000	0.0000	0.0000	0.0000	0.0000	0.0000	0.0000	0.0000	0.0000	0.0000	0.0000	0.0000	0.0000	0.0000	0.0000	0.0000	0.0000	0.0000	0.0000	0.0000	0.0000	0.0000	0.0000	0.0000	0.0000	0.0000	0.0000	0.0000	0.0000	0.0000	0.0000	0.0000	0.0000	0.0000	0.0000	0.0000	0.0000	0.0000	0.0000	0.0000	0.0000	0.0000	0.0000	0.0000	0.0000	0.0000	0.0000	0.0000	0.0000	0.0000	0.0000	0.0000											
82	102	0.0632	4	1	1	2	0	0	0	0	0	N	N	Y	N	N	N	N	N	N	N	N	N	0.0000	0.0000	0.0000	0.0000	0.0000	0.0000	0.0000	0.0000	0.0000	0.0000	0.0000	0.0000	0.0000	0.0000	0.0000	0.0000	0.0000	0.0000	0.0000	0.0000	0.0000	0.0000	1.0000	0.0000	0.0000	0.0000	0.0000	0.0000	0.0000	0.0000	0.0000	0.0000	0.0000	0.0000	0.0000	0.0000	0.0000	0.0000	0.0000	0.0000	0.0000	0.0000	0.0000	0.0000	0.0000	0.0000	0.0000	0.0000	0.0000	0.0000	0.0000	0.0000	0.0000	0.0000	0.0000	0.0000	0.0000	0.0000	0.0000	0.0000	0.0000	0.0000	0.0000	0.0000	0.0000	0.0000	0.0000	0.0000	0.0000	0.0000	0.0000	0.0000	0.0000	0.0000	0.0000	0.0000	0.0000	0.0000											
82	103	0.0571	3	1	1	2	0	0	0	0	0	N	N	Y	N	N	N	N	N	N	N	N	N	0.0000	0.0000	0.0000	0.0000	0.0000	0.0000	0.0000	0.0000	0.0000	0.0000	0.0000	0.0000	0.0000	0.0000	0.0000	0.0000	0.0000	0.0000	0.0000	0.0000	0.0000	0.0000	1.0000	1.0091	0.0000	0.0000	0.0000	0.0000	0.0000	0.0000	0.0000	0.0000	0.0000	0.0000	0.0000	0.0000	0.0000	0.0000	0.0000	0.0000	0.0000	0.0000	0.0000	0.0000	0.0000	0.0000	0.0000	0.0000	0.0000	0.0000	0.0000	0.0044	0.0021	0.0023	0.0003	0.0003	0.0000	0.0041	0.0018	0.0023	0.0000	0.0000	0.0000	0.0000	0.0000	0.0000	0.0000	0.0000	0.0000	0.0000	0.0000	0.0000	0.0000	0.0000	0.0000	0.0000	0.0000	0.0000											
82	104	0.5846	5	0	2	1	0	0	0	0	0	N	Y	N	N	N	N	N	N	N	N	N	N	0.0000	0.0000	0.0000	0.0000	0.0000	0.0000	0.0000	0.0000	0.0000	0.0000	0.0000	0.0000	0.0000	0.0000	0.0000	0.0000	0.0000	0.0000	0.0000	0.0000	0.0000	7.9994	1.0000	4.0001	0.0000	0.0000	0.0000	0.0000	0.0000	0.0000	0.0000	0.0000	0.0000	0.0000	0.0000	0.0000	0.0000	0.0000	0.0000	0.0000	0.0000	0.0000	0.0000	0.0000	0.0000	0.0000	0.0000	0.0000	0.0000	0.0000	0.0000	0.0190	0.0108	0.0082	0.0086	0.0074	0.0012	0.0104	0.0034	0.0070	0.0000	0.0000	0.0000	0.0000	0.0000	0.0000	0.0000	0.0000	0.0000	0.0000	0.0000	0.0000	0.0000	0.0000	0.0000	0.0000	0.0000	0.0000											
82	105	0.6470	9	1	1	2	0	0	0	0	0	N	N	Y	N	N	N	N	N	N	N	N	N	0.0000	0.0000	0.0000	0.0000	0.0000	0.0000	0.0000	0.0000	0.0000	0.0000	0.0000	0.0000	0.0000	0.0000	0.0000	0.0000	0.0000	0.0000	0.0000	0.0000	0.0000	1.0000	1.0000	1.0005	0.0000	0.0000	0.0000	0.0000	0.0000	0.0000	0.0000	0.0000	0.0000	0.0000	0.0000	0.0000	0.0000	0.0000	0.0000	0.0000	0.0000	0.0000	0.0000	0.0000	0.0000	0.0000	0.0000	0.0000	0.0000	0.0000	0.0000	0.0026	0.0017	0.0009	0.0015	0.0013	0.0002	0.0011	0.0004	0.0007	0.0000	0.0000	0.0000	0.0000	0.0000	0.0000	0.0000	0.0000	0.0000	0.0000	0.0000	0.0000	0.0000	0.0000	0.0000	0.0000	0.0000	0.0000											
82	106	0.6436	8	1	1	2	0	0	0	0	0	N	N	Y	N	N	N	N	N	N	N	N	N	0.0000	0.0000	0.0000	0.0000	0.0000	0.0000	0.0000	0.0000	0.0000	0.0000	0.0000	0.0000	0.0000	0.0000	0.0000	0.0000	0.0000	0.0000	0.0000	0.0000	0.0000	0.7249	1.0000	0.0368	0.0000	0.0000	0.0000	0.0000	0.0000	0.0000	0.0000	0.0000	0.0000	0.0000	0.0000	0.0000	0.0000	0.0000	0.0000	0.0000	0.0000	0.0000	0.0000	0.0000	0.0000	0.0000	0.0000	0.0000	0.0000	0.0000	0.0000	0.0010	0.0007	0.0004	0.0006	0.0005	0.0001	0.0004	0.0001	0.0003	0.0000	0.0000	0.0000	0.0000	0.0000	0.0000	0.0000	0.0000	0.0000	0.0000	0.0000	0.0000	0.0000	0.0000	0.0000	0.0000	0.0000	0.0000											
82	107	0.6421	7	1	1	2	0	0	0	0	0	N	N	Y	N	N	N	N	N	N	N	N	N	0.0000	0.0000	0.0000	0.0000	0.0000	0.0000	0.0000	0.0000	0.0000	0.0000	0.0000	0.0000	0.0000	0.0000	0.0000	0.0000	0.0000	0.0000	0.0000	0.0000	0.0000	0.4159	1.0000	0.0887	0.0000	0.0000	0.0000	0.0000	0.0000	0.0000	0.0000	0.0000	0.0000	0.0000	0.0000	0.0000	0.0000	0.0000	0.0000	0.0000	0.0000	0.0000	0.0000	0.0000	0.0000	0.0000	0.0000	0.0000	0.0000	0.0000	0.0000	0.0007	0.0005	0.0003	0.0004	0.0004	0.0001	0.0003	0.0001	0.0002	0.0000	0.0000	0.0000	0.0000	0.0000	0.0000	0.0000	0.0000	0.0000	0.0000	0.0000	0.0000	0.0000	0.0000	0.0000	0.0000	0.0000	0.0000											
82	108	0.6258	6	1	1	1	0	0	0	0	0	N	N	N	N	N	N	N	N	N	N	N	N	0.0000	0.0000	0.0000	0.0000	0.0000	0.0000	0.0000	0.0000	0.0000	0.0000	0.0000	0.0000	0.0000	0.0000	0.0000	0.0000	0.0000	0.0000	0.0000	0.0000	0.0000	3.9943	1.0000	0.9974	0.0000	0.0000	0.0000	0.0000	0.0000	0.0000	0.0000	0.0000	0.0000	0.0000	0.0000	0.0000	0.0000	0.0000	0.0000	0.0000	0.0000	0.0000	0.0000	0.0000	0.0000	0.0000	0.0000	0.0000	0.0000	0.0000	0.0000	0.0069	0.0042	0.0027	0.0039	0.0033	0.0005	0.0031	0.0009	0.0021	0.0000	0.0000	0.0000	0.0000	0.0000	0.0000	0.0000	0.0000	0.0000	0.0000	0.0000	0.0000	0.0000	0.0000	0.0000	0.0000	0.0000	0.0000											
82	109	0.0571	3	1	1	2	0	0	0	0	0	N	N	Y	N	N	N	N	N	N	N	N	N	0.0000	0.0000	0.0000	0.0000	0.0000	0.0000	0.0000	0.0000	0.0000	0.0000	0.0000	0.0000	0.0000	0.0000	0.0000	0.0000	0.0000	0.0000	0.0000	0.0000	0.0000	0.0000	1.0000	0.9909	0.0000	0.0000	0.0000	0.0000	0.0000	0.0000	0.0000	0.0000	0.0000	0.0000	0.0000	0.0000	0.0000	0.0000	0.0000	0.0000	0.0000	0.0000	0.0000	0.0000	0.0000	0.0000	0.0000	0.0000	0.0000	0.0000	0.0000	0.0043	0.0021	0.0022	0.0003	0.0003	0.0000	0.0040	0.0018	0.0022	0.0000	0.0000	0.0000	0.0000	0.0000	0.0000	0.0000	0.0000	0.0000	0.0000	0.0000	0.0000	0.0000	0.0000	0.0000	0.0000	0.0000	0.0000											
82	110	0.0284	2	1	1	2	0	0	0	0	0	N	N	Y	N	N	N	N	N	N	N	N	N	0.0000	0.0000	0.0000	0.0000	0.0000	0.0000	0.0000	0.0000	0.0000	0.0000	0.0000	0.0000	0.0000	0.0000	0.0000	0.0000	0.0000	0.0000	0.0000	0.0000	0.0000	4.0000	1.0000	0.0000	0.0000	0.0000	0.0000	0.0000	0.0000	0.0000	0.0000	0.0000	0.0000	0.0000	0.0000	0.0000	0.0000	0.0000	0.0000	0.0000	0.0000	0.0000	0.0000	0.0000	0.0000	0.0000	0.0000	0.0000	0.0000	0.0000	0.0000	0.0074	0.0024	0.0050	0.0000	0.0000	0.0000	0.0074	0.0024	0.0050	0.0000	0.0000	0.0000	0.0000	0.0000	0.0000	0.0000	0.0000	0.0000	0.0000	0.0000	0.0000	0.0000	0.0000	0.0000	0.0000	0.0000	0.0000											
82	112	0.6304	6	0	1	2	0	0	0	0	0	N	N	Y	N	N	N	N	N	N	N	N	N	0.0000	0.0000	0.0000	0.0000	0.0000	0.0000	0.0000	0.0000	0.0000	0.0000	0.0000	0.0000	0.0000	0.0000	0.0000	0.0000	0.0000	0.0000	0.0000	0.0000	0.0000	0.0000	1.0000	0.0001	0.0000	0.0000	0.0000	0.0000	0.0000	0.0000	0.0000	0.0000	0.0000	0.0000	0.0000	0.0000	0.0000	0.0000	0.0000	0.0000	0.0000	0.0000	0.0000	0.0000	0.0000	0.0000	0.0000	0.0000	0.0000	0.0000	0.0000	0.0000	0.0000	0.0000	0.0000	0.0000	0.0000	0.0000	0.0000	0.0000	0.0000	0.0000	0.0000	0.0000	0.0000	0.0000	0.0000	0.0000	0.0000	0.0000	0.0000	0.0000	0.0000	0.0000	0.0000	0.0000	0.0000	0.0000											
82	113	0.5846	5	0	1	2	0	0	0	0	0	N	N	Y	N	N	N	N	N	N	N	N	N	0.0000	0.0000	0.0000	0.0000	0.0000	0.0000	0.0000	0.0000	0.0000	0.0000	0.0000	0.0000	0.0000	0.0000	0.0000	0.0000	0.0000	0.0000	0.0000	0.0000	0.0000	4.0004	1.0000	4.9999	0.0000	0.0000	0.0000	0.0000	0.0000	0.0000	0.0000	0.0000	0.0000	0.0000	0.0000	0.0000	0.0000	0.0000	0.0000	0.0000	0.0000	0.0000	0.0000	0.0000	0.0000	0.0000	0.0000	0.0000	0.0000	0.0000	0.0000	0.0147	0.0084	0.0064	0.0066	0.0057	0.0009	0.0081	0.0027	0.0054	0.0000	0.0000	0.0000	0.0000	0.0000	0.0000	0.0000	0.0000	0.0000	0.0000	0.0000	0.0000	0.0000	0.0000	0.0000	0.0000	0.0000	0.0000											
82	114	0.0611	3	0	2	1	0	0	0	0	0	N	Y	N	N	N	N	N	N	N	N	N	N	0.0000	0.0000	0.0000	0.0000	0.0000	0.0000	0.0000	0.0000	0.0000	0.0000	0.0000	0.0000	0.0000	0.0020	0.0076	0.0000	0.5266	0.5382	0.0000	0.0000	0.0000	0.0000	0.0000	0.0000	-0.0000	0.0000	4.3361	1.0000	4.6323	0.0000	0.0000	0.0000	0.0000	0.0000	0.0000	0.0000	0.0000	0.0000	0.0000	0.0000	0.0000	0.0000	0.0000	0.0000	0.0000	0.0000	0.0000	0.0000	0.0000	0.0000	0.0000	0.0000	0.0000	0.0000	0.0000	0.0000	0.0203	0.0073	0.0130	0.0003	0.0003	0.0000	0.0200	0.0071	0.0130	0.0000	0.0000	0.0000	0.0000	0.0000	0.0000	0.0000	0.0000	0.0000	0.0005	0.0014	0.0000	0.0331	0.0369	0.0000	0.0000	0.0000	0.0000						
82	115	0.0284	2	0	1	1	0	0	0	0	0	N	N	N	N	N	N	N	N	N	N	N	N	0.0000	0.0000	0.0000	0.0000	0.0000	0.0000	0.0000	0.0000	0.0000	0.0000	0.0000	0.0000	0.0000	0.0304	0.0000	0.0035	0.0000	0.0000	0.0000	0.0125	0.0000	0.0035	inf	0.0000	0.0000	0.0000	1.9840	1.0000	0.2610	0.0000	0.0000	0.0000	0.0000	0.0000	0.0000	0.0000	0.0000	0.0000	0.0000	0.0000	0.0000	0.0000	0.0000	0.0000	0.0000	0.0000	0.0000	0.0000	0.0000	0.0000	0.0000	0.0000	0.0000	0.0000	0.0000	0.0000	0.0043	0.0014	0.0029	0.0000	0.0000	0.0000	0.0043	0.0014	0.0029	0.0000	0.0000	0.0000	0.0000	0.0000	0.0000	0.0000	0.0000	0.0000	0.0023	0.0000	0.0035	0.0000	0.0000	0.0000	0.0023	0.0000	0.0035						
82	116	0.5846	5	0	2	1	1	0	0	0	0	N	Y	N	N	N	N	N	N	N	N	N	N	0.0000	0.0000	0.0000	0.0000	0.0000	0.0000	0.0000	0.0000	0.0000	0.0000	0.0000	0.0000	0.0000	0.0000	0.0000	0.0000	0.0000	0.0000	0.0000	0.0000	0.0000	5.0006	1.0000	2.0000	0.0000	0.0000	0.0000	0.0000	0.0000	0.0000	0.0000	0.0000	0.0000	0.0000	0.0000	0.0000	0.0000	0.0000	0.0000	0.0000	0.0000	0.0000	0.0000	0.0000	0.0000	0.0000	0.0000	0.0000	0.0000	0.0000	0.0000	0.0117	0.0066	0.0051	0.0052	0.0045	0.0007	0.0065	0.0021	0.0044	0.0000	0.0000	0.0000	0.0000	0.0000	0.0000	0.0000	0.0000	0.0000	0.0000	0.0000	0.0000	0.0000	0.0000	0.0000	0.0000	0.0000	0.0000											
82	117	0.0284	2	0	2	1	1	0	0	0	0	N	Y	N	N	N	N	N	N	N	N	N	N	0.0000	0.0000	0.0000	0.0000	0.0000	0.0000	0.0000	0.0000	0.0000	0.0000	0.0000	0.0000	0.0000	0.0000	0.0000	0.0000	0.0000	0.0000	0.0000	0.0000	0.0000	0.0000	1.0000	1.0000	0.0000	0.0000	0.0000	0.0000	0.0000	0.0000	0.0000	0.0000	0.0000	0.0000	0.0000	0.0000	0.0000	0.0000	0.0000	0.0000	0.0000	0.0000	0.0000	0.0000	0.0000	0.0000	0.0000	0.0000	0.0000	0.0000	0.0000	0.0027	0.0009	0.0018	0.0000	0.0000	0.0000	0.0027	0.0009	0.0018	0.0000	0.0000	0.0000	0.0000	0.0000	0.0000	0.0000	0.0000	0.0000	0.0000	0.0000	0.0000	0.0000	0.0000	0.0000	0.0000	0.0000	0.0000											
82	118	0.5846	5	0	2	1	0	0	0	0	0	N	Y	N	N	N	N	N	N	N	N	N	N	0.0000	0.0000	0.0000	0.0000	0.0000	0.0000	0.0000	0.0000	0.0000	0.0000	0.0000	0.0000	0.0000	0.0000	0.0000	0.0000	0.0000	0.0000	0.0000	0.0000	0.0000	16.9994	1.0000	6.0000	0.0000	0.0000	0.0000	0.0000	0.0000	0.0000	0.0000	0.0000	0.0000	0.0000	0.0000	0.0000	0.0000	0.0000	0.0000	0.0000	0.0000	0.0000	0.0000	0.0000	0.0000	0.0000	0.0000	0.0000	0.0000	0.0000	0.0000	0.0324	0.0188	0.0137	0.0152	0.0130	0.0022	0.0172	0.0058	0.0115	0.0000	0.0000	0.0000	0.0000	0.0000	0.0000	0.0000	0.0000	0.0000	0.0000	0.0000	0.0000	0.0000	0.0000	0.0000	0.0000	0.0000	0.0000											
82	119	0.0284	2	0	2	1	0	0	0	0	0	N	Y	N	N	N	N	N	N	N	N	N	N	0.0000	0.0000	0.0000	0.0000	0.0000	0.0000	0.0000	0.0000	0.0000	0.0000	0.0000	0.0000	0.0000	0.0000	0.0000	0.0000	0.0000	0.0000	0.0000	0.0000	0.0000	5.0000	1.0000	6.0000	0.0000	0.0000	0.0000	0.0000	0.0000	0.0000	0.0000	0.0000	0.0000	0.0000	0.0000	0.0000	0.0000	0.0000	0.0000	0.0000	0.0000	0.0000	0.0000	0.0000	0.0000	0.0000	0.0000	0.0000	0.0000	0.0000	0.0000	0.0178	0.0060	0.0119	0.0000	0.0000	0.0000	0.0178	0.0060	0.0119	0.0000	0.0000	0.0000	0.0000	0.0000	0.0000	0.0000	0.0000	0.0000	0.0000	0.0000	0.0000	0.0000	0.0000	0.0000	0.0000	0.0000	0.0000											
82	120	0.0565	3	0	2	1	0	0	0	0	0	N	Y	N	N	N	N	N	N	N	N	N	N	0.0000	0.0000	0.0000	0.0000	0.0000	0.0000	0.0000	0.0000	0.0000	0.0000	0.0000	0.0000	0.0000	0.0000	0.0000	0.0000	0.0000	0.0000	0.0000	0.0000	0.0000	0.9998	1.0000	0.9486	0.0000	0.0000	0.0000	0.0000	0.0000	0.0000	0.0000	0.0000	0.0000	0.0000	0.0000	0.0000	0.0000	0.0000	0.0000	0.0000	0.0000	0.0000	0.0000	0.0000	0.0000	0.0000	0.0000	0.0000	0.0000	0.0000	0.0000	0.0072	0.0035	0.0038	0.0009	0.0009	0.0000	0.0064	0.0026	0.0038	0.0000	0.0000	0.0000	0.0000	0.0000	0.0000	0.0000	0.0000	0.0000	0.0000	0.0000	0.0000	0.0000	0.0000	0.0000	0.0000	0.0000	0.0000											
82	121	0.0284	2	0	2	1	0	0	0	0	0	N	Y	N	N	N	N	N	N	N	N	N	N	0.0000	0.0000	0.0000	0.0000	0.0000	0.0000	0.0000	0.0000	0.0000	0.0000	0.0000	0.0000	0.0000	0.0000	0.0000	0.0000	0.0000	0.0000	0.0000	0.0000	0.0000	3.0005	1.0000	1.1085	0.0000	0.0000	0.0000	0.0000	0.0000	0.0000	0.0000	0.0000	0.0000	0.0000	0.0000	0.0000	0.0000	0.0000	0.0000	0.0000	0.0000	0.0000	0.0000	0.0000	0.0000	0.0000	0.0000	0.0000	0.0000	0.0000	0.0000	0.0131	0.0043	0.0088	0.0000	0.0000	0.0000	0.0131	0.0043	0.0088	0.0000	0.0000	0.0000	0.0000	0.0000	0.0000	0.0000	0.0000	0.0000	0.0000	0.0000	0.0000	0.0000	0.0000	0.0000	0.0000	0.0000	0.0000											
82	122	0.6258	6	0	2	1	0	0	0	0	0	N	Y	N	N	N	N	N	N	N	N	N	N	0.0000	0.0000	0.0000	0.0000	0.0000	0.0000	0.0000	0.0000	0.0000	0.0000	0.0000	0.0000	0.0000	0.0000	0.0000	0.0000	0.0000	0.0000	0.0000	0.0000	0.0000	2.0001	1.0000	3.0000	0.0000	0.0000	0.0000	0.0000	0.0000	0.0000	0.0000	0.0000	0.0000	0.0000	0.0000	0.0000	0.0000	0.0000	0.0000	0.0000	0.0000	0.0000	0.0000	0.0000	0.0000	0.0000	0.0000	0.0000	0.0000	0.0000	0.0000	0.0069	0.0043	0.0027	0.0039	0.0033	0.0005	0.0031	0.0009	0.0021	0.0000	0.0000	0.0000	0.0000	0.0000	0.0000	0.0000	0.0000	0.0000	0.0000	0.0000	0.0000	0.0000	0.0000	0.0000	0.0000	0.0000	0.0000											
82	123	0.5846	5	0	1	1	0	0	0	0	0	N	N	N	N	N	N	N	N	N	N	N	N	0.0000	0.0000	0.0000	0.0000	0.0000	0.0000	0.0000	0.0000	0.0000	0.0000	0.0000	0.0000	0.0000	0.0000	0.0000	0.0000	0.0000	0.0000	0.0000	0.0000	0.0000	6.9986	1.0000	2.0000	0.0000	0.0000	0.0000	0.0000	0.0000	0.0000	0.0000	0.0000	0.0000	0.0000	0.0000	0.0000	0.0000	0.0000	0.0000	0.0000	0.0000	0.0000	0.0000	0.0000	0.0000	0.0000	0.0000	0.0000	0.0000	0.0000	0.0000	0.0147	0.0084	0.0064	0.0066	0.0057	0.0009	0.0081	0.0027	0.0054	0.0000	0.0000	0.0000	0.0000	0.0000	0.0000	0.0000	0.0000	0.0000	0.0000	0.0000	0.0000	0.0000	0.0000	0.0000	0.0000	0.0000	0.0000											
82	124	0.0620	3	0	2	1	0	0	0	0	0	N	Y	N	N	N	N	N	N	N	N	N	N	0.0000	0.0000	0.0000	0.0000	0.0000	0.0000	0.0000	0.0000	0.0000	0.0000	0.0000	0.0000	0.0000	0.0142	0.0533	0.0000	0.0876	0.0673	0.0000	0.0000	0.0000	0.0000	0.0000	0.0000	-0.0000	0.0000	3.9006	1.0000	3.1543	0.0000	0.0000	0.0000	0.0000	0.0000	0.0000	0.0000	0.0000	0.0000	0.0000	0.0000	0.0000	0.0000	0.0000	0.0000	0.0000	0.0000	0.0000	0.0000	0.0000	0.0000	0.0000	0.0000	0.0000	0.0000	0.0000	0.0000	0.0199	0.0079	0.0120	0.0033	0.0033	0.0001	0.0166	0.0046	0.0119	0.0000	0.0000	0.0000	0.0000	0.0000	0.0000	0.0000	0.0000	0.0000	0.0015	0.0038	0.0000	0.0090	0.0092	0.0000	0.0000	0.0000	0.0000						
82	125	0.0284	2	0	2	1	0	0	0	0	0	N	Y	N	N	N	N	N	N	N	N	N	N	0.0000	0.0000	0.0000	0.0000	0.0000	0.0000	0.0000	0.0000	0.0000	0.0000	0.0000	0.0000	0.0000	0.0361	0.0000	0.0038	0.0000	0.0000	0.0000	0.0157	0.0000	0.0038	inf	0.0000	0.0000	0.0000	1.6924	1.0000	1.9110	0.0000	0.0000	0.0000	0.0000	0.0000	0.0000	0.0000	0.0000	0.0000	0.0000	0.0000	0.0000	0.0000	0.0000	0.0000	0.0000	0.0000	0.0000	0.0000	0.0000	0.0000	0.0000	0.0000	0.0000	0.0000	0.0000	0.0000	0.0117	0.0039	0.0078	0.0000	0.0000	0.0000	0.0117	0.0039	0.0078	0.0000	0.0000	0.0000	0.0000	0.0000	0.0000	0.0000	0.0000	0.0000	0.0026	0.0000	0.0038	0.0000	0.0000	0.0000	0.0026	0.0000	0.0038						
82	126	0.5846	5	0	2	1	0	0	0	0	0	N	Y	N	N	N	N	N	N	N	N	N	N	0.0000	0.0000	0.0000	0.0000	0.0000	0.0000	0.0000	0.0000	0.0000	0.0000	0.0000	0.0000	0.0000	0.0000	0.0000	0.0000	0.0000	0.0000	0.0000	0.0000	0.0000	0.9996	1.0000	8.0005	0.0000	0.0000	0.0000	0.0000	0.0000	0.0000	0.0000	0.0000	0.0000	0.0000	0.0000	0.0000	0.0000	0.0000	0.0000	0.0000	0.0000	0.0000	0.0000	0.0000	0.0000	0.0000	0.0000	0.0000	0.0000	0.0000	0.0000	0.0147	0.0084	0.0064	0.0066	0.0057	0.0009	0.0081	0.0027	0.0054	0.0000	0.0000	0.0000	0.0000	0.0000	0.0000	0.0000	0.0000	0.0000	0.0000	0.0000	0.0000	0.0000	0.0000	0.0000	0.0000	0.0000	0.0000											
82	127	0.4900	5	0	1	1	0	0	0	0	0	N	N	N	N	N	N	N	N	N	N	N	N	0.0000	0.0000	0.0000	0.0000	0.0000	0.0000	0.0000	0.0000	0.0000	0.0000	0.0000	0.0000	0.0000	1.4282	2.0451	0.0000	2.6459	2.7922	0.0000	0.0000	0.0000	0.0000	0.0000	0.0000	-0.0023	0.0000	3.6536	1.0000	12.3970	0.0000	0.0000	0.0000	0.0000	0.0000	0.0000	0.0000	0.0000	0.0000	0.0044	0.0044	0.0000	0.0044	0.0044	0.0000	0.0000	0.0000	0.0000	0.0000	0.0000	0.0000	0.0000	0.0000	0.0000	0.0000	0.0000	0.0000	0.0297	0.0165	0.0132	0.0114	0.0101	0.0013	0.0183	0.0064	0.0119	0.0000	0.0000	0.0000	0.0000	0.0000	0.0000	0.0000	0.0000	0.0000	0.1498	0.2704	0.0000	0.3900	0.4413	0.0000	0.0000	0.0000	0.0000						
82	128	0.2788	3	0	1	1	0	0	0	0	0	N	N	N	N	N	N	N	N	N	N	N	N	0.0000	0.0000	0.0000	0.0000	0.0000	0.0000	0.0000	0.0000	0.0000	0.0000	0.0000	0.0000	0.0000	0.0000	0.0000	0.0000	0.0000	0.0000	0.0000	0.0000	0.0000	5.3495	1.0000	12.4099	0.0000	0.0000	0.0000	0.0000	0.0000	0.0000	0.0000	0.0000	0.0000	0.0000	0.0000	0.0000	0.0000	0.0000	0.0000	0.0000	0.0000	0.0000	0.0000	0.0000	0.0000	0.0000	0.0000	0.0000	0.0000	0.0000	0.0000	0.0542	0.0310	0.0232	0.0217	0.0191	0.0026	0.0325	0.0119	0.0206	0.0000	0.0000	0.0000	0.0000	0.0000	0.0000	0.0000	0.0000	0.0000	0.0000	0.0000	0.0000	0.0000	0.0000	0.0000	0.0000	0.0000	0.0000											
82	129	0.6960	11	0	2	1	1	0	0	0	0	N	Y	N	N	N	N	N	N	N	N	N	N	0.0000	0.0000	0.0000	0.0000	0.0000	0.0000	0.0000	0.0000	0.0000	0.0000	0.0000	0.0000	0.0000	0.0000	0.0000	0.0000	0.0000	0.0000	0.0000	0.0000	0.0000	0.0000	1.0000	0.0000	0.0000	0.0000	0.0000	0.0000	0.0000	0.0000	0.0000	0.0000	0.0000	0.0000	0.0000	0.0000	0.0000	0.0000	0.0000	0.0000	0.0000	0.0000	0.0000	0.0000	0.0000	0.0000	0.0000	0.0000	0.0000	0.0000	0.0000	0.0000	0.0000	0.0000	0.0000	0.0000	0.0000	0.0000	0.0000	0.0000	0.0000	0.0000	0.0000	0.0000	0.0000	0.0000	0.0000	0.0000	0.0000	0.0000	0.0000	0.0000	0.0000	0.0000	0.0000	0.0000	0.0000	0.0000											
82	130	0.6797	10	0	2	1	1	0	0	0	0	N	Y	N	N	N	N	N	N	N	N	N	N	0.0000	0.0000	0.0000	0.0000	0.0000	0.0000	0.0000	0.0000	0.0000	0.0000	0.0000	0.0000	0.0000	0.0000	0.0000	0.0000	0.0000	0.0000	0.0000	0.0000	0.0000	0.0000	1.0000	3.0001	0.0000	0.0000	0.0000	0.0000	0.0000	0.0000	0.0000	0.0000	0.0000	0.0000	0.0000	0.0000	0.0000	0.0000	0.0000	0.0000	0.0000	0.0000	0.0000	0.0000	0.0000	0.0000	0.0000	0.0000	0.0000	0.0000	0.0000	0.0070	0.0045	0.0024	0.0024	0.0021	0.0003	0.0046	0.0024	0.0021	0.0000	0.0000	0.0000	0.0000	0.0000	0.0000	0.0000	0.0000	0.0000	0.0000	0.0000	0.0000	0.0000	0.0000	0.0000	0.0000	0.0000	0.0000											
82	131	0.6701	9	0	2	1	0	0	0	0	0	N	Y	N	N	N	N	N	N	N	N	N	N	0.0000	0.0000	0.0000	0.0000	0.0000	0.0000	0.0000	0.0000	0.0000	0.0000	0.0000	0.0000	0.0000	0.0000	0.0000	0.0000	0.0000	0.0000	0.0000	0.0000	0.0000	0.0000	1.0000	0.0000	0.0000	0.0000	0.0000	0.0000	0.0000	0.0000	0.0000	0.0000	0.0000	0.0000	0.0000	0.0000	0.0000	0.0000	0.0000	0.0000	0.0000	0.0000	0.0000	0.0000	0.0000	0.0000	0.0000	0.0000	0.0000	0.0000	0.0000	0.0000	0.0000	0.0000	0.0000	0.0000	0.0000	0.0000	0.0000	0.0000	0.0000	0.0000	0.0000	0.0000	0.0000	0.0000	0.0000	0.0000	0.0000	0.0000	0.0000	0.0000	0.0000	0.0000	0.0000	0.0000	0.0000	0.0000											
82	132	0.6797	10	0	1	2	1	0	0	0	0	N	N	Y	N	N	N	N	N	N	N	N	N	0.0000	0.0000	0.0000	0.0000	0.0000	0.0000	0.0000	0.0000	0.0000	0.0000	0.0000	0.0000	0.0000	0.0000	0.0000	0.0000	0.0000	0.0000	0.0000	0.0000	0.0000	0.0000	1.0000	1.9999	0.0000	0.0000	0.0000	0.0000	0.0000	0.0000	0.0000	0.0000	0.0000	0.0000	0.0000	0.0000	0.0000	0.0000	0.0000	0.0000	0.0000	0.0000	0.0000	0.0000	0.0000	0.0000	0.0000	0.0000	0.0000	0.0000	0.0000	0.0048	0.0031	0.0017	0.0016	0.0014	0.0002	0.0031	0.0017	0.0015	0.0000	0.0000	0.0000	0.0000	0.0000	0.0000	0.0000	0.0000	0.0000	0.0000	0.0000	0.0000	0.0000	0.0000	0.0000	0.0000	0.0000	0.0000											
82	133	0.6908	11	0	1	2	1	0	0	0	0	N	N	Y	N	N	N	N	N	N	N	N	N	0.0000	0.0000	0.0000	0.0000	0.0000	0.0000	0.0000	0.0000	0.0000	0.0000	0.0000	0.0000	0.0000	0.0000	0.0000	0.0000	0.0000	0.0000	0.0000	0.0000	0.0000	1.0000	1.0000	0.0000	0.0000	0.0000	0.0000	0.0000	0.0000	0.0000	0.0000	0.0000	0.0000	0.0000	0.0000	0.0000	0.0000	0.0000	0.0000	0.0000	0.0000	0.0000	0.0000	0.0000	0.0000	0.0000	0.0000	0.0000	0.0000	0.0000	0.0000	0.0024	0.0015	0.0008	0.0007	0.0006	0.0001	0.0016	0.0009	0.0007	0.0000	0.0000	0.0000	0.0000	0.0000	0.0000	0.0000	0.0000	0.0000	0.0000	0.0000	0.0000	0.0000	0.0000	0.0000	0.0000	0.0000	0.0000											
82	134	0.6908	11	0	1	2	1	0	0	0	0	N	N	Y	N	N	N	N	N	N	N	N	N	0.0000	0.0000	0.0000	0.0000	0.0000	0.0000	0.0000	0.0000	0.0000	0.0000	0.0000	0.0000	0.0000	0.0000	0.0000	0.0000	0.0000	0.0000	0.0000	0.0000	0.0000	0.0000	1.0000	0.0000	0.0000	0.0000	0.0000	0.0000	0.0000	0.0000	0.0000	0.0000	0.0000	0.0000	0.0000	0.0000	0.0000	0.0000	0.0000	0.0000	0.0000	0.0000	0.0000	0.0000	0.0000	0.0000	0.0000	0.0000	0.0000	0.0000	0.0000	0.0000	0.0000	0.0000	0.0000	0.0000	0.0000	0.0000	0.0000	0.0000	0.0000	0.0000	0.0000	0.0000	0.0000	0.0000	0.0000	0.0000	0.0000	0.0000	0.0000	0.0000	0.0000	0.0000	0.0000	0.0000	0.0000	0.0000											
82	135	0.6797	10	0	1	2	1	0	0	0	0	N	N	Y	N	N	N	N	N	N	N	N	N	0.0000	0.0000	0.0000	0.0000	0.0000	0.0000	0.0000	0.0000	0.0000	0.0000	0.0000	0.0000	0.0000	0.0000	0.0000	0.0000	0.0000	0.0000	0.0000	0.0000	0.0000	2.0025	1.0000	0.9943	0.0000	0.0000	0.0000	0.0000	0.0000	0.0000	0.0000	0.0000	0.0000	0.0000	0.0000	0.0000	0.0000	0.0000	0.0000	0.0000	0.0000	0.0000	0.0000	0.0000	0.0000	0.0000	0.0000	0.0000	0.0000	0.0000	0.0000	0.0070	0.0045	0.0024	0.0024	0.0021	0.0003	0.0046	0.0024	0.0021	0.0000	0.0000	0.0000	0.0000	0.0000	0.0000	0.0000	0.0000	0.0000	0.0000	0.0000	0.0000	0.0000	0.0000	0.0000	0.0000	0.0000	0.0000											
82	136	0.6797	9	0	1	1	1	0	0	0	0	N	N	N	N	N	N	N	N	N	N	N	N	0.0000	0.0000	0.0000	0.0000	0.0000	0.0000	0.0000	0.0000	0.0000	0.0000	0.0000	0.0000	0.0000	0.0000	0.0000	0.0000	0.0000	0.0000	0.0000	0.0000	0.0000	0.0050	1.0000	0.0173	0.0000	0.0000	0.0000	0.0000	0.0000	0.0000	0.0000	0.0000	0.0000	0.0000	0.0000	0.0000	0.0000	0.0000	0.0000	0.0000	0.0000	0.0000	0.0000	0.0000	0.0000	0.0000	0.0000	0.0000	0.0000	0.0000	0.0000	0.0001	0.0001	0.0000	0.0000	0.0000	0.0000	0.0001	0.0000	0.0000	0.0000	0.0000	0.0000	0.0000	0.0000	0.0000	0.0000	0.0000	0.0000	0.0000	0.0000	0.0000	0.0000	0.0000	0.0000	0.0000	0.0000	0.0000											
82	137	0.6701	8	0	1	1	1	0	0	0	0	N	N	N	N	N	N	N	N	N	N	N	N	0.0000	0.0000	0.0000	0.0000	0.0000	0.0000	0.0000	0.0000	0.0000	0.0000	0.0000	0.0000	0.0000	0.0000	0.0000	0.0000	0.0000	0.0000	0.0000	0.0000	0.0000	1.9972	1.0000	1.0076	0.0000	0.0000	0.0000	0.0000	0.0000	0.0000	0.0000	0.0000	0.0000	0.0000	0.0000	0.0000	0.0000	0.0000	0.0000	0.0000	0.0000	0.0000	0.0000	0.0000	0.0000	0.0000	0.0000	0.0000	0.0000	0.0000	0.0000	0.0038	0.0025	0.0013	0.0024	0.0021	0.0003	0.0014	0.0004	0.0010	0.0000	0.0000	0.0000	0.0000	0.0000	0.0000	0.0000	0.0000	0.0000	0.0000	0.0000	0.0000	0.0000	0.0000	0.0000	0.0000	0.0000	0.0000											
82	138	0.6528	7	1	2	1	0	0	0	0	0	N	Y	N	N	N	N	N	N	N	N	N	N	0.0000	0.0000	0.0000	0.0000	0.0000	0.0000	0.0000	0.0000	0.0000	0.0000	0.0000	0.0000	0.0000	0.0000	0.0000	0.0000	0.0000	0.0000	0.0000	0.0000	0.0000	0.0002	1.0000	2.3255	0.0000	0.0000	0.0000	0.0000	0.0000	0.0000	0.0000	0.0000	0.0000	0.0000	0.0000	0.0000	0.0000	0.0000	0.0000	0.0000	0.0000	0.0000	0.0000	0.0000	0.0000	0.0000	0.0000	0.0000	0.0000	0.0000	0.0000	0.0045	0.0030	0.0015	0.0024	0.0021	0.0003	0.0021	0.0008	0.0012	0.0000	0.0000	0.0000	0.0000	0.0000	0.0000	0.0000	0.0000	0.0000	0.0000	0.0000	0.0000	0.0000	0.0000	0.0000	0.0000	0.0000	0.0000											
82	139	0.6350	6	1	2	1	0	0	0	0	0	N	Y	N	N	N	N	N	N	N	N	N	N	0.0000	0.0000	0.0000	0.0000	0.0000	0.0000	0.0000	0.0000	0.0000	0.0000	0.0000	0.0000	0.0000	0.0083	0.0120	0.0000	0.0060	0.0056	0.0000	0.0000	0.0000	0.0000	0.0000	0.0000	-0.0000	0.0000	2.0138	1.0000	2.7349	0.0000	0.0000	0.0000	0.0000	0.0000	0.0000	0.0000	0.0000	0.0000	0.0000	0.0000	0.0000	0.0000	0.0000	0.0000	0.0000	0.0000	0.0000	0.0000	0.0000	0.0000	0.0000	0.0000	0.0000	0.0000	0.0000	0.0000	0.0090	0.0055	0.0035	0.0047	0.0042	0.0005	0.0043	0.0013	0.0030	0.0000	0.0000	0.0000	0.0000	0.0000	0.0000	0.0000	0.0000	0.0000	0.0011	0.0018	0.0000	0.0021	0.0024	0.0000	0.0000	0.0000	0.0000						
82	140	0.6515	7	0	2	1	0	0	0	0	0	N	Y	N	N	N	N	N	N	N	N	N	N	0.0000	0.0000	0.0000	0.0000	0.0000	0.0000	0.0000	0.0000	0.0000	0.0000	0.0000	0.0000	0.0000	0.0000	0.0000	0.0000	0.0000	0.0000	0.0000	0.0000	0.0000	1.9232	1.0000	1.1116	0.0000	0.0000	0.0000	0.0000	0.0000	0.0000	0.0000	0.0000	0.0000	0.0000	0.0000	0.0000	0.0000	0.0000	0.0000	0.0000	0.0000	0.0000	0.0000	0.0000	0.0000	0.0000	0.0000	0.0000	0.0000	0.0000	0.0000	0.0040	0.0026	0.0014	0.0025	0.0021	0.0003	0.0015	0.0005	0.0011	0.0000	0.0000	0.0000	0.0000	0.0000	0.0000	0.0000	0.0000	0.0000	0.0000	0.0000	0.0000	0.0000	0.0000	0.0000	0.0000	0.0000	0.0000											
82	141	0.0477	3	0	2	1	0	0	0	0	0	N	Y	N	N	N	N	N	N	N	N	N	N	0.0000	0.0000	0.0000	0.0000	0.0000	0.0000	0.0000	0.0000	0.0000	0.0000	0.0000	0.0000	0.0000	0.0000	0.0000	0.0000	0.0000	0.0000	0.0000	0.0000	0.0000	3.0000	1.0000	1.0000	0.0000	0.0000	0.0000	0.0000	0.0000	0.0000	0.0000	0.0000	0.0000	0.0000	0.0000	0.0000	0.0000	0.0000	0.0000	0.0000	0.0000	0.0000	0.0000	0.0000	0.0000	0.0000	0.0000	0.0000	0.0000	0.0000	0.0000	0.0117	0.0043	0.0075	0.0000	0.0000	0.0000	0.0117	0.0042	0.0075	0.0000	0.0000	0.0000	0.0000	0.0000	0.0000	0.0000	0.0000	0.0000	0.0000	0.0000	0.0000	0.0000	0.0000	0.0000	0.0000	0.0000	0.0000											
82	142	0.0284	2	0	1	1	0	0	0	0	0	N	N	N	N	N	N	N	N	N	N	N	N	0.0000	0.0000	0.0000	0.0000	0.0000	0.0000	0.0000	0.0000	0.0000	0.0000	0.0000	0.0000	0.0000	0.0000	0.0000	0.0000	0.0000	0.0000	0.0000	0.0000	0.0000	1.0000	1.0000	1.0000	0.0000	0.0000	0.0000	0.0000	0.0000	0.0000	0.0000	0.0000	0.0000	0.0000	0.0000	0.0000	0.0000	0.0000	0.0000	0.0000	0.0000	0.0000	0.0000	0.0000	0.0000	0.0000	0.0000	0.0000	0.0000	0.0000	0.0000	0.0069	0.0023	0.0046	0.0000	0.0000	0.0000	0.0069	0.0023	0.0046	0.0000	0.0000	0.0000	0.0000	0.0000	0.0000	0.0000	0.0000	0.0000	0.0000	0.0000	0.0000	0.0000	0.0000	0.0000	0.0000	0.0000	0.0000											
82	145	0.6701	9	1	2	1	0	0	0	0	0	N	Y	N	N	N	N	N	N	N	N	N	N	0.0000	0.0000	0.0000	0.0000	0.0000	0.0000	0.0000	0.0000	0.0000	0.0000	0.0000	0.0000	0.0000	0.0000	0.0000	0.0000	0.0000	0.0000	0.0000	0.0000	0.0000	1.0000	1.0000	1.0000	0.0000	0.0000	0.0000	0.0000	0.0000	0.0000	0.0000	0.0000	0.0000	0.0000	0.0000	0.0000	0.0000	0.0000	0.0000	0.0000	0.0000	0.0000	0.0000	0.0000	0.0000	0.0000	0.0000	0.0000	0.0000	0.0000	0.0000	0.0026	0.0017	0.0009	0.0016	0.0014	0.0002	0.0010	0.0003	0.0007	0.0000	0.0000	0.0000	0.0000	0.0000	0.0000	0.0000	0.0000	0.0000	0.0000	0.0000	0.0000	0.0000	0.0000	0.0000	0.0000	0.0000	0.0000											
82	146	0.6701	8	0	2	1	0	0	0	0	0	N	Y	N	N	N	N	N	N	N	N	N	N	0.0000	0.0000	0.0000	0.0000	0.0000	0.0000	0.0000	0.0000	0.0000	0.0000	0.0000	0.0000	0.0000	0.0000	0.0000	0.0000	0.0000	0.0000	0.0000	0.0000	0.0000	0.0003	1.0000	0.0000	0.0000	0.0000	0.0000	0.0000	0.0000	0.0000	0.0000	0.0000	0.0000	0.0000	0.0000	0.0000	0.0000	0.0000	0.0000	0.0000	0.0000	0.0000	0.0000	0.0000	0.0000	0.0000	0.0000	0.0000	0.0000	0.0000	0.0000	0.0000	0.0000	0.0000	0.0000	0.0000	0.0000	0.0000	0.0000	0.0000	0.0000	0.0000	0.0000	0.0000	0.0000	0.0000	0.0000	0.0000	0.0000	0.0000	0.0000	0.0000	0.0000	0.0000	0.0000	0.0000	0.0000	0.0000											
82	147	0.6515	7	0	1	1	0	0	0	0	0	N	N	N	N	N	N	N	N	N	N	N	N	0.0000	0.0000	0.0000	0.0000	0.0000	0.0000	0.0000	0.0000	0.0000	0.0000	0.0000	0.0000	0.0000	0.0000	0.0000	0.0000	0.0000	0.0000	0.0000	0.0000	0.0000	4.9449	1.0000	1.0063	0.0000	0.0000	0.0000	0.0000	0.0000	0.0000	0.0000	0.0000	0.0000	0.0000	0.0000	0.0000	0.0000	0.0000	0.0000	0.0000	0.0000	0.0000	0.0000	0.0000	0.0000	0.0000	0.0000	0.0000	0.0000	0.0000	0.0000	0.0076	0.0049	0.0027	0.0047	0.0040	0.0006	0.0029	0.0009	0.0020	0.0000	0.0000	0.0000	0.0000	0.0000	0.0000	0.0000	0.0000	0.0000	0.0000	0.0000	0.0000	0.0000	0.0000	0.0000	0.0000	0.0000	0.0000											
82	148	0.6350	6	0	1	1	0	0	0	0	0	N	N	N	N	N	N	N	N	N	N	N	N	0.0000	0.0000	0.0000	0.0000	0.0000	0.0000	0.0000	0.0000	0.0000	0.0000	0.0000	0.0000	0.0000	0.0082	0.0119	0.0000	0.0060	0.0056	0.0000	0.0000	0.0000	0.0000	0.0000	0.0000	-0.0000	0.0000	3.4778	1.0000	1.2917	0.0000	0.0000	0.0000	0.0000	0.0000	0.0000	0.0000	0.0000	0.0000	0.0000	0.0000	0.0000	0.0000	0.0000	0.0000	0.0000	0.0000	0.0000	0.0000	0.0000	0.0000	0.0000	0.0000	0.0000	0.0000	0.0000	0.0000	0.0091	0.0055	0.0036	0.0047	0.0042	0.0005	0.0044	0.0013	0.0030	0.0000	0.0000	0.0000	0.0000	0.0000	0.0000	0.0000	0.0000	0.0000	0.0011	0.0018	0.0000	0.0021	0.0024	0.0000	0.0000	0.0000	0.0000						
82	149	0.5846	5	0	1	1	0	0	0	0	0	N	N	N	N	N	N	N	N	N	N	N	N	0.0000	0.0000	0.0000	0.0000	0.0000	0.0000	0.0000	0.0000	0.0000	0.0000	0.0000	0.0000	0.0000	0.0024	0.0000	0.0012	0.0000	0.0000	0.0000	0.0022	0.0000	0.0015	inf	0.0000	0.0000	0.0000	7.8050	1.0000	4.0035	0.0000	0.0000	0.0000	0.0000	0.0000	0.0000	0.0000	0.0000	0.0000	0.0000	0.0000	0.0000	0.0000	0.0000	0.0000	0.0000	0.0000	0.0000	0.0000	0.0000	0.0000	0.0000	0.0000	0.0000	0.0000	0.0000	0.0000	0.0187	0.0107	0.0081	0.0085	0.0073	0.0012	0.0102	0.0034	0.0069	0.0000	0.0000	0.0000	0.0000	0.0000	0.0000	0.0000	0.0000	0.0000	0.0005	0.0000	0.0012	0.0000	0.0000	0.0000	0.0010	0.0000	0.0015						
82	150	0.4900	5	0	1	1	0	0	0	0	0	N	N	N	N	N	N	N	N	N	N	N	N	0.0000	0.0000	0.0000	0.0000	0.0000	0.0000	0.0000	0.0000	0.0000	0.0000	0.0000	0.0000	0.0000	1.4003	1.9734	0.0000	2.5998	2.6949	0.0000	0.0000	0.0000	0.0000	0.0000	0.0000	-0.0023	0.0000	3.7255	1.0000	14.1767	0.0000	0.0000	0.0000	0.0000	0.0000	0.0000	0.0000	0.0000	0.0000	0.0044	0.0044	0.0000	0.0044	0.0044	0.0000	0.0000	0.0000	0.0000	0.0000	0.0000	0.0000	0.0000	0.0000	0.0000	0.0000	0.0000	0.0000	0.0319	0.0176	0.0143	0.0122	0.0107	0.0015	0.0197	0.0069	0.0128	0.0000	0.0000	0.0000	0.0000	0.0000	0.0000	0.0000	0.0000	0.0000	0.1396	0.2527	0.0000	0.3649	0.4141	0.0000	0.0000	0.0000	0.0000						
82	151	0.4736	4	0	1	1	0	0	0	0	0	N	N	N	N	N	N	N	N	N	N	N	N	0.0000	0.0000	0.0000	0.0000	0.0000	0.0000	0.0000	0.0000	0.0000	0.0000	0.0000	0.0000	0.0000	0.0000	0.0000	0.0000	2.1962	2.8631	4.0887	4.3435	4.3909	0.0000	1.9130	0.0000	1.4108	0.4229	0.0000	-0.0033	0.0000	1.4205	1.0000	4.0377	0.0000	0.0000	0.0000	0.0000	0.0000	0.0000	0.0000	0.0000	0.0000	0.0148	0.0104	0.0044	0.0104	0.0104	0.0000	0.0044	0.0000	0.0044	0.0000	0.0000	0.0000	0.0000	0.0000	0.0000	0.0000	0.0000	0.0000	0.0172	0.0100	0.0072	0.0072	0.0067	0.0006	0.0099	0.0033	0.0066	0.0000	0.0000	0.0000	0.0000	0.0000	0.0000	0.0000	0.0000	0.0000	0.8630	1.0412	0.6144	1.4376	1.5562	0.0000	0.4436	0.0000	0.6657			
83	84	0.6588	5	2	0	2	0	0	0	0	0	Y	N	Y	N	N	N	N	N	N	N	N	N	0.0000	0.0000	0.0000	0.0000	0.0000	0.0000	0.0000	0.0000	0.0000	0.0000	0.0000	0.0000	0.0000	0.0000	0.0000	0.0000	0.0000	0.0000	0.0000	0.0000	9.0001	4.0000	3.0001	0.0000	0.0000	0.0000	0.0000	0.0000	0.0000	0.0000	0.0000	0.0000	0.0000	0.0000	0.0000	0.0000	0.0000	0.0000	0.0000	0.0000	0.0000	0.0000	0.6579	0.6035	0.0544	0.4802	0.4507	0.0295	0.1777	0.1528	0.0249	0.0294	0.0164	0.0129	0.0146	0.0124	0.0021	0.0148	0.0040	0.0108	0.0000	0.0000	0.0000	0.0000	0.0000	0.0000	0.0000	0.0000	0.0000	0.0000	0.0000	0.0000	0.0000	0.0000	0.0000	0.0000	0.0000	0.0000											
83	85	0.7049	6	2	1	1	0	0	0	0	0	Y	N	N	N	N	N	N	N	N	N	N	N	0.0764	inf	0.0003	0.1534	inf	0.0001	0.0001	0.0006	0.0001	0.0001	0.0000	0.0001	0.0001	0.0000	0.0000	0.0000	0.0000	0.0010	0.0000	0.0011	0.0008	0.0000	0.0039	0.0005	0.0000	0.0007	0.0004	inf	-0.0000	0.0000	9.0001	1.0086	3.0001	1.7435	0.0000	0.0000	0.0000	0.0000	0.0000	0.0000	0.0000	0.0000	0.0000	0.0000	0.0000	0.0000	0.0000	0.0000	0.0000	0.0000	0.0000	0.0000	0.2576	0.2337	0.0239	0.1538	0.1450	0.0087	0.1038	0.0886	0.0152	0.0564	0.0380	0.0184	0.0331	0.0296	0.0035	0.0233	0.0084	0.0149	0.2189	inf	0.0003	0.4302	inf	0.0001	0.0001	0.0000	0.0006	0.0004	0.0000	0.0011	0.0003	0.0000	0.0029	0.0004	0.0000	0.0007	
83	86	0.6588	5	2	1	1	0	0	0	0	0	Y	N	N	N	N	N	N	N	N	N	N	N	0.0230	0.0136	0.0263	0.0301	0.0001	0.0001	0.0000	0.0001	0.0001	0.0000	0.0000	0.0000	0.0000	0.0024	0.0044	0.0000	0.0028	0.0026	0.0000	0.0000	0.0000	0.0000	0.0000	0.0000	-0.0000	-0.0000	9.0001	1.0165	3.0001	4.1395	0.0000	0.0000	0.0000	0.0000	0.0000	0.0000	0.0000	0.0000	0.0000	0.0000	0.0000	0.0000	0.0000	0.0000	0.0000	0.0000	0.0000	0.0000	0.1824	0.1675	0.0150	0.1360	0.1276	0.0084	0.0464	0.0398	0.0066	0.0375	0.0210	0.0165	0.0186	0.0159	0.0027	0.0189	0.0051	0.0138	0.1028	0.0627	0.0000	0.0684	0.0622	0.0000	0.0000	0.0000	0.0000	0.0005	0.0010	0.0000	0.0011	0.0013	0.0000	0.0000	0.0000	0.0000					
83	87	0.1027	2	2	1	1	0	0	0	0	0	Y	N	N	N	N	N	N	N	N	N	N	N	inf	inf	inf	inf	inf	inf	inf	1.5470	0.5752	9.9698	1.2141	1.2980	0.0000	1.7928	0.0000	13.5714	0.0000	0.0000	0.0000	0.0000	0.0000	0.0000	0.0000	0.0000	0.0000	1.9996	1.2194	0.0000	9.0001	9.0005	3.0001	5.0000	3.0002	1.0002	2.0000	1.0002	1.0002	0.0000	2.0000	0.0000	2.0000	0.0000	0.0000	0.0000	0.0000	0.0000	0.0000	0.0000	0.0000	0.0000	1.9394	1.7388	0.2006	0.8238	0.7706	0.0532	1.1156	0.9682	0.1474	0.2567	0.1086	0.1481	0.0022	0.0021	0.0001	0.2545	0.1065	0.1480	inf	inf	inf	inf	inf	0.0000	inf	0.0000	inf	0.0000	0.0000	0.0000	0.0000	0.0000	0.0000	0.0000	0.0000	0.0000			
83	88	0.6812	6	1	1	1	0	0	0	0	0	N	N	N	N	N	N	N	N	N	N	N	N	0.0000	0.0000	0.0000	0.0000	0.0000	0.0000	0.0000	0.0000	0.0000	0.0000	0.0000	0.0000	0.0000	0.0000	0.0000	0.0000	0.0000	0.0000	0.0000	0.0000	9.0001	0.0000	3.0001	0.0000	0.0000	0.0000	0.0000	0.0000	0.0000	0.0000	0.0000	0.0000	0.0000	0.0000	0.0000	0.0000	0.0000	0.0000	0.0000	0.0000	0.0000	0.0000	0.0000	0.0000	0.0000	0.0000	0.0000	0.0000	0.0000	0.0000	0.0000	0.0000	0.0000	0.0000	0.0000	0.0000	0.0000	0.0000	0.0000	0.0000	0.0000	0.0000	0.0000	0.0000	0.0000	0.0000	0.0000	0.0000	0.0000	0.0000	0.0000	0.0000	0.0000	0.0000	0.0000	0.0000	0.0000	0.0000											
83	89	0.0874	2	1	1	1	0	0	0	0	0	N	N	N	N	N	N	N	N	N	N	N	N	0.0000	0.0000	0.0000	0.0000	0.0000	0.0000	0.0000	0.0000	0.0000	0.0000	0.0000	0.0000	0.0000	0.0534	0.2754	0.0000	1.0650	1.0059	0.0000	0.0000	0.0000	0.0000	0.0000	0.0000	-0.0001	9.0001	1.9953	3.0001	1.0817	0.0000	0.0000	0.0000	0.0000	0.0000	0.0000	0.0000	0.0000	0.0000	0.0003	0.0003	0.0000	0.0003	0.0003	0.0000	0.0000	0.0000	0.0000	0.7471	0.6765	0.0706	0.1779	0.1700	0.0079	0.5692	0.5065	0.0627	0.0901	0.0419	0.0482	0.0040	0.0038	0.0002	0.0861	0.0381	0.0480	0.0000	0.0000	0.0000	0.0000	0.0000	0.0000	0.0000	0.0000	0.0000	0.0030	0.0064	0.0000	0.0679	0.0713	0.0000	0.0000	0.0000	0.0000						
83	91	0.1650	4	1	0	2	0	0	0	0	0	N	N	Y	N	N	N	N	N	N	N	N	N	0.0000	0.0000	0.0000	0.0000	0.0000	0.0000	0.0000	0.0000	0.0000	0.0000	0.0000	0.0000	0.0000	0.0000	0.0000	0.0000	0.0000	0.0000	0.0000	0.0000	9.0001	0.0000	3.0001	0.0000	0.0000	0.0000	0.0000	0.0000	0.0000	0.0000	0.0000	0.0000	0.0000	0.0000	0.0000	0.0000	0.0000	0.0000	0.0000	0.0000	0.0000	0.0000	0.0000	0.0000	0.0000	0.0000	0.0000	0.0000	0.0000	0.0000	0.0000	0.0000	0.0000	0.0000	0.0000	0.0000	0.0000	0.0000	0.0000	0.0000	0.0000	0.0000	0.0000	0.0000	0.0000	0.0000	0.0000	0.0000	0.0000	0.0000	0.0000	0.0000	0.0000	0.0000	0.0000	0.0000	0.0000	0.0000											
83	92	0.1329	3	1	0	2	0	0	0	0	0	N	N	Y	N	N	N	N	N	N	N	N	N	inf	inf	inf	inf	inf	inf	2.1389	2.3830	0.0000	2.2864	2.4509	0.0000	2.0093	2.3187	0.0000	0.0000	0.0000	0.0000	0.0000	0.0000	0.0000	0.0000	0.0000	0.0000	0.0000	-0.5204	0.0000	9.0001	3.7221	3.0001	2.9993	2.0000	2.0000	0.0000	1.0000	1.0000	0.0000	1.0000	1.0000	0.0000	0.0000	0.0000	0.0000	0.0000	0.0000	0.0000	0.0000	0.0000	0.0000	0.9351	0.8393	0.0958	0.4374	0.4080	0.0294	0.4977	0.4313	0.0664	0.1350	0.0644	0.0706	0.0084	0.0083	0.0001	0.1266	0.0561	0.0705	inf	inf	0.0000	inf	inf	0.0000	inf	inf	0.0000	0.0000	0.0000	0.0000	0.0000	0.0000	0.0000	0.0000	0.0000	0.0000				
83	93	0.1027	2	1	0	1	0	0	0	0	0	N	N	N	N	N	N	N	N	N	N	N	N	0.0000	0.0000	0.0000	0.0000	0.0000	0.0000	0.0000	0.0000	0.0000	0.0000	0.0000	0.0000	0.0000	0.0000	0.0000	0.0000	0.0000	0.0000	0.0000	0.0000	9.0001	2.7217	3.0001	3.0458	0.0000	0.0000	0.0000	0.0000	0.0000	0.0000	0.0000	0.0000	0.0000	0.0000	0.0000	0.0000	0.0000	0.0000	0.0000	0.0000	0.0000	0.0000	0.6826	0.6136	0.0690	0.3164	0.2966	0.0198	0.3662	0.3170	0.0492	0.1149	0.0481	0.0668	0.0010	0.0009	0.0000	0.1139	0.0471	0.0668	0.0000	0.0000	0.0000	0.0000	0.0000	0.0000	0.0000	0.0000	0.0000	0.0000	0.0000	0.0000	0.0000	0.0000	0.0000	0.0000	0.0000	0.0000											
83	94	0.0777	2	2	1	1	0	0	0	0	0	Y	N	N	N	N	N	N	N	N	N	N	N	inf	inf	inf	inf	inf	inf	0.0000	0.0000	0.0000	0.0000	0.0000	0.0000	0.0000	0.0000	0.0000	0.0000	0.0000	0.0000	0.0000	0.0000	0.0000	0.0000	0.0000	0.0000	0.0000	-0.0000	0.0000	9.0001	5.9980	3.0001	4.9575	0.0000	0.0000	0.0000	0.0000	0.0000	0.0000	0.0000	0.0000	0.0000	0.0000	0.0000	0.0000	0.0000	0.0000	0.0000	0.0000	0.0000	0.0000	1.5127	1.3584	0.1543	0.3200	0.3066	0.0134	1.1927	1.0518	0.1409	0.2688	0.1265	0.1423	0.0039	0.0037	0.0002	0.2649	0.1227	0.1422	inf	inf	0.0000	inf	inf	0.0000	inf	inf	0.0000	0.0000	0.0000	0.0000	0.0000	0.0000	0.0000	0.0000	0.0000	0.0000				
83	95	0.6812	6	2	1	1	0	0	0	0	0	Y	N	N	N	N	N	N	N	N	N	N	N	0.0000	0.0000	0.0000	0.0000	0.0000	0.0000	0.0000	0.0000	0.0000	0.0000	0.0000	0.0000	0.0000	0.0000	0.0000	0.0000	0.0000	0.0000	0.0000	0.0000	9.0001	0.0000	3.0001	2.0000	0.0000	0.0000	0.0000	0.0000	0.0000	0.0000	0.0000	0.0000	0.0000	0.0000	0.0000	0.0000	0.0000	0.0000	0.0000	0.0000	0.0000	0.0000	0.0000	0.0000	0.0000	0.0000	0.0000	0.0000	0.0000	0.0000	0.0000	0.0309	0.0191	0.0118	0.0175	0.0150	0.0025	0.0134	0.0041	0.0094	0.0000	0.0000	0.0000	0.0000	0.0000	0.0000	0.0000	0.0000	0.0000	0.0000	0.0000	0.0000	0.0000	0.0000	0.0000	0.0000	0.0000	0.0000											
83	96	0.6588	5	1	1	1	0	0	0	0	0	N	N	N	N	N	N	N	N	N	N	N	N	0.0000	0.0000	0.0000	0.0000	0.0000	0.0000	0.0000	0.0000	0.0000	0.0000	0.0000	0.0000	0.0000	0.0000	0.0000	0.0000	0.0000	0.0000	0.0000	0.0000	9.0001	4.0000	3.0001	0.0000	0.0000	0.0000	0.0000	0.0000	0.0000	0.0000	0.0000	0.0000	0.0000	0.0000	0.0000	0.0000	0.0000	0.0000	0.0000	0.0000	0.0000	0.0000	0.6579	0.6035	0.0544	0.4802	0.4507	0.0295	0.1777	0.1528	0.0249	0.0294	0.0164	0.0129	0.0146	0.0124	0.0021	0.0148	0.0040	0.0108	0.0000	0.0000	0.0000	0.0000	0.0000	0.0000	0.0000	0.0000	0.0000	0.0000	0.0000	0.0000	0.0000	0.0000	0.0000	0.0000	0.0000	0.0000											
83	97	0.1027	2	1	0	1	0	0	0	0	0	N	N	N	N	N	N	N	N	N	N	N	N	inf	inf	inf	inf	0.0002	0.0003	0.0000	0.0005	0.0005	0.0000	0.0000	0.0000	0.0000	0.0000	0.0000	0.0000	0.0000	0.0000	0.0000	0.0000	0.0000	0.0000	0.0000	-0.0001	0.0000	9.0001	3.9994	3.0001	4.0000	0.0002	0.0002	0.0000	0.0002	0.0002	0.0000	0.0000	0.0000	0.0000	0.0000	0.0000	0.0000	0.0000	0.0000	0.0000	0.0000	0.0000	0.0000	0.9703	0.8716	0.0986	0.4413	0.4135	0.0278	0.5289	0.4582	0.0708	0.1557	0.0654	0.0904	0.0013	0.0013	0.0001	0.1544	0.0641	0.0903	inf	inf	0.0000	inf	inf	0.0000	0.0000	0.0000	0.0000	0.0000	0.0000	0.0000	0.0000	0.0000	0.0000	0.0000	0.0000	0.0000						
83	98	0.6588	5	1	0	1	0	0	0	0	0	N	N	N	N	N	N	N	N	N	N	N	N	0.0000	0.0000	0.0000	0.0000	0.0000	0.0000	0.0000	0.0000	0.0000	0.0000	0.0000	0.0000	0.0000	0.0000	0.0000	0.0000	0.0000	0.0000	0.0000	0.0000	9.0001	1.0000	3.0001	0.0000	0.0000	0.0000	0.0000	0.0000	0.0000	0.0000	0.0000	0.0000	0.0000	0.0000	0.0000	0.0000	0.0000	0.0000	0.0000	0.0000	0.0000	0.0000	0.3228	0.2962	0.0265	0.2392	0.2245	0.0147	0.0835	0.0717	0.0118	0.0138	0.0077	0.0061	0.0068	0.0058	0.0010	0.0069	0.0019	0.0051	0.0000	0.0000	0.0000	0.0000	0.0000	0.0000	0.0000	0.0000	0.0000	0.0000	0.0000	0.0000	0.0000	0.0000	0.0000	0.0000	0.0000	0.0000											
83	99	0.2137	3	1	0	1	0	0	0	0	0	N	N	N	N	N	N	N	N	N	N	N	N	4.0050	inf	0.0001	995.9054	inf	0.0107	0.0000	0.0001	0.0533	0.0594	0.0000	0.1019	0.1072	0.0000	0.0000	0.0000	0.0000	0.0133	0.0000	0.0031	0.0001	0.0000	0.0000	0.0103	0.0000	0.0033	0.0000	inf	-0.0086	0.0002	9.0001	1.5982	3.0001	11.1970	0.0332	0.0332	0.0000	0.0332	0.0332	0.0000	0.0000	0.0000	0.0000	0.0005	0.0000	0.0005	0.0000	0.0000	0.0000	0.0005	0.0000	0.0005	0.6219	0.5583	0.0636	0.3254	0.3093	0.0161	0.2965	0.2490	0.0475	0.3286	0.1761	0.1525	0.0920	0.0862	0.0059	0.2366	0.0899	0.1467	36.4958	inf	0.0001	125565.7120	inf	0.0107	0.0000	0.0000	0.0001	0.0015	0.0000	0.0031	0.0000	0.0000	0.0000	0.0020	0.0000	0.0033	
83	100	0.0792	3	2	1	2	0	0	0	0	0	Y	N	Y	N	N	N	N	N	N	N	N	N	0.0000	0.0000	0.0000	0.0000	0.0000	0.0000	0.0000	0.0000	0.0000	0.0000	0.0000	0.0000	0.0000	0.0000	0.0000	0.0000	0.0000	0.0000	0.0000	0.0000	9.0001	0.0000	3.0001	0.9982	0.0000	0.0000	0.0000	0.0000	0.0000	0.0000	0.0000	0.0000	0.0000	0.0000	0.0000	0.0000	0.0000	0.0000	0.0000	0.0000	0.0000	0.0000	0.0568	0.0547	0.0020	0.0402	0.0398	0.0004	0.0165	0.0149	0.0016	0.0287	0.0136	0.0151	0.0005	0.0005	0.0000	0.0282	0.0131	0.0151	0.0000	0.0000	0.0000	0.0000	0.0000	0.0000	0.0000	0.0000	0.0000	0.0000	0.0000	0.0000	0.0000	0.0000	0.0000	0.0000	0.0000	0.0000											
83	101	0.6936	8	2	1	2	0	0	0	0	0	Y	N	Y	N	N	N	N	N	N	N	N	N	0.0000	0.0000	0.0000	0.0000	0.0000	0.0000	0.0000	0.0000	0.0000	0.0000	0.0000	0.0000	0.0000	0.0000	0.0000	0.0000	0.0000	0.0000	0.0000	0.0000	9.0001	0.0000	3.0001	0.0000	0.0000	0.0000	0.0000	0.0000	0.0000	0.0000	0.0000	0.0000	0.0000	0.0000	0.0000	0.0000	0.0000	0.0000	0.0000	0.0000	0.0000	0.0000	0.0000	0.0000	0.0000	0.0000	0.0000	0.0000	0.0000	0.0000	0.0000	0.0000	0.0000	0.0000	0.0000	0.0000	0.0000	0.0000	0.0000	0.0000	0.0000	0.0000	0.0000	0.0000	0.0000	0.0000	0.0000	0.0000	0.0000	0.0000	0.0000	0.0000	0.0000	0.0000	0.0000	0.0000	0.0000	0.0000											
83	102	0.6936	7	2	0	2	0	0	0	0	0	Y	N	Y	N	N	N	N	N	N	N	N	N	0.0000	0.0000	0.0000	0.0000	0.0000	0.0000	0.0000	0.0000	0.0000	0.0000	0.0000	0.0000	0.0000	0.0000	0.0000	0.0000	0.0000	0.0000	0.0000	0.0000	9.0001	0.0000	3.0001	0.0000	0.0000	0.0000	0.0000	0.0000	0.0000	0.0000	0.0000	0.0000	0.0000	0.0000	0.0000	0.0000	0.0000	0.0000	0.0000	0.0000	0.0000	0.0000	0.0000	0.0000	0.0000	0.0000	0.0000	0.0000	0.0000	0.0000	0.0000	0.0000	0.0000	0.0000	0.0000	0.0000	0.0000	0.0000	0.0000	0.0000	0.0000	0.0000	0.0000	0.0000	0.0000	0.0000	0.0000	0.0000	0.0000	0.0000	0.0000	0.0000	0.0000	0.0000	0.0000	0.0000	0.0000	0.0000											
83	103	0.6875	6	2	0	2	0	0	0	0	0	Y	N	Y	N	N	N	N	N	N	N	N	N	0.0000	0.0000	0.0000	0.0000	0.0000	0.0000	0.0000	0.0000	0.0000	0.0000	0.0000	0.0000	0.0000	0.0000	0.0000	0.0000	0.0000	0.0000	0.0000	0.0000	9.0001	0.0000	3.0001	1.0091	0.0000	0.0000	0.0000	0.0000	0.0000	0.0000	0.0000	0.0000	0.0000	0.0000	0.0000	0.0000	0.0000	0.0000	0.0000	0.0000	0.0000	0.0000	0.0000	0.0000	0.0000	0.0000	0.0000	0.0000	0.0000	0.0000	0.0000	0.0158	0.0098	0.0060	0.0090	0.0077	0.0012	0.0069	0.0021	0.0048	0.0000	0.0000	0.0000	0.0000	0.0000	0.0000	0.0000	0.0000	0.0000	0.0000	0.0000	0.0000	0.0000	0.0000	0.0000	0.0000	0.0000	0.0000											
83	104	0.1027	2	1	1	1	0	0	0	0	0	N	N	N	N	N	N	N	N	N	N	N	N	inf	inf	inf	inf	0.5674	0.6327	0.0000	1.3185	1.4092	0.0000	0.0000	0.0000	0.0000	0.0000	0.0000	0.0000	0.0000	0.0000	0.0000	0.0000	0.0000	0.0000	0.0000	-0.2602	0.0000	9.0001	7.9994	3.0001	4.0001	1.0002	1.0002	0.0000	1.0002	1.0002	0.0000	0.0000	0.0000	0.0000	0.0000	0.0000	0.0000	0.0000	0.0000	0.0000	0.0000	0.0000	0.0000	1.7627	1.5809	0.1818	0.7586	0.7098	0.0488	1.0041	0.8711	0.1330	0.2244	0.0947	0.1297	0.0019	0.0018	0.0001	0.2225	0.0929	0.1296	inf	inf	0.0000	inf	inf	0.0000	0.0000	0.0000	0.0000	0.0000	0.0000	0.0000	0.0000	0.0000	0.0000	0.0000	0.0000	0.0000						
83	105	0.0827	4	2	0	2	0	0	0	0	0	Y	N	Y	N	N	N	N	N	N	N	N	N	inf	inf	inf	inf	0.0000	0.0000	0.0000	0.0002	0.0002	0.0000	0.0000	0.0000	0.0000	0.0000	0.0000	0.0000	0.0000	0.0000	0.0000	0.0000	0.0000	0.0000	0.0000	-0.0000	0.0000	9.0001	1.0000	3.0001	1.0005	0.0000	0.0000	0.0000	0.0000	0.0000	0.0000	0.0000	0.0000	0.0000	0.0000	0.0000	0.0000	0.0000	0.0000	0.0000	0.0000	0.0000	0.0000	0.2853	0.2557	0.0295	0.0585	0.0563	0.0023	0.2268	0.1995	0.0273	0.0561	0.0265	0.0296	0.0007	0.0007	0.0000	0.0554	0.0258	0.0296	inf	inf	0.0000	inf	inf	0.0000	0.0000	0.0000	0.0000	0.0000	0.0000	0.0000	0.0000	0.0000	0.0000	0.0000	0.0000	0.0000						
83	106	0.0792	3	2	0	2	0	0	0	0	0	Y	N	Y	N	N	N	N	N	N	N	N	N	inf	inf	inf	inf	inf	inf	0.0000	0.0000	0.0000	0.0000	0.0000	0.0000	0.0001	0.0001	0.0000	0.0000	0.0000	0.0000	0.0000	0.0000	0.0000	0.0000	0.0000	0.0000	0.0000	-0.0000	0.0000	9.0001	0.7249	3.0001	0.0368	0.0000	0.0000	0.0000	0.0000	0.0000	0.0000	0.0000	0.0000	0.0000	0.0000	0.0000	0.0000	0.0000	0.0000	0.0000	0.0000	0.0000	0.0000	0.2628	0.2390	0.0238	0.0804	0.0782	0.0022	0.1824	0.1608	0.0216	0.0220	0.0104	0.0116	0.0004	0.0004	0.0000	0.0216	0.0101	0.0116	inf	inf	0.0000	inf	inf	0.0000	inf	inf	0.0000	0.0000	0.0000	0.0000	0.0000	0.0000	0.0000	0.0000	0.0000	0.0000				
83	107	0.0777	2	2	0	2	0	0	0	0	0	Y	N	Y	N	N	N	N	N	N	N	N	N	inf	inf	inf	inf	inf	inf	inf	inf	0.0000	0.0000	0.0000	0.0000	0.0000	0.0001	0.0000	0.0000	0.0000	0.0000	0.0000	0.0000	0.0000	0.0000	0.0000	0.0000	0.0000	0.0000	0.3543	0.0000	0.0000	9.0001	0.4159	3.0001	0.0887	0.0000	0.0000	0.0000	0.0000	0.0000	0.0000	0.0000	0.0000	0.0000	0.0000	0.0000	0.0000	0.0000	0.0000	0.0000	0.0000	0.0000	0.0000	0.1856	0.1718	0.0138	0.0727	0.0711	0.0016	0.1129	0.1007	0.0122	0.0156	0.0076	0.0080	0.0007	0.0007	0.0000	0.0148	0.0068	0.0080	inf	inf	inf	inf	inf	inf	inf	inf	0.0000	0.0000	0.0000	0.0000	0.0000	0.0000	0.0000	0.0000	0.0000	0.0000		
83	109	0.6875	6	2	0	2	0	0	0	0	0	Y	N	Y	N	N	N	N	N	N	N	N	N	0.0000	0.0000	0.0000	0.0000	0.0000	0.0000	0.0000	0.0000	0.0000	0.0000	0.0000	0.0000	0.0000	0.0000	0.0000	0.0000	0.0000	0.0000	0.0000	0.0000	9.0001	0.0000	3.0001	0.9909	0.0000	0.0000	0.0000	0.0000	0.0000	0.0000	0.0000	0.0000	0.0000	0.0000	0.0000	0.0000	0.0000	0.0000	0.0000	0.0000	0.0000	0.0000	0.0000	0.0000	0.0000	0.0000	0.0000	0.0000	0.0000	0.0000	0.0000	0.0155	0.0096	0.0059	0.0088	0.0076	0.0012	0.0067	0.0020	0.0047	0.0000	0.0000	0.0000	0.0000	0.0000	0.0000	0.0000	0.0000	0.0000	0.0000	0.0000	0.0000	0.0000	0.0000	0.0000	0.0000	0.0000	0.0000											
83	110	0.6588	5	2	0	2	0	0	0	0	0	Y	N	Y	N	N	N	N	N	N	N	N	N	0.0000	0.0000	0.0000	0.0000	0.0000	0.0000	0.0000	0.0000	0.0000	0.0000	0.0000	0.0000	0.0000	0.0000	0.0000	0.0000	0.0000	0.0000	0.0000	0.0000	9.0001	4.0000	3.0001	0.0000	0.0000	0.0000	0.0000	0.0000	0.0000	0.0000	0.0000	0.0000	0.0000	0.0000	0.0000	0.0000	0.0000	0.0000	0.0000	0.0000	0.0000	0.0000	0.6579	0.6035	0.0544	0.4802	0.4507	0.0295	0.1777	0.1528	0.0249	0.0294	0.0164	0.0129	0.0146	0.0124	0.0021	0.0148	0.0040	0.0108	0.0000	0.0000	0.0000	0.0000	0.0000	0.0000	0.0000	0.0000	0.0000	0.0000	0.0000	0.0000	0.0000	0.0000	0.0000	0.0000	0.0000	0.0000											
83	112	0.1485	3	1	0	2	0	0	0	0	0	N	N	Y	N	N	N	N	N	N	N	N	N	0.0000	0.0000	0.0000	0.0000	0.0000	0.0000	0.0000	0.0000	0.0000	0.0000	0.0000	0.0000	0.0000	0.0000	0.0000	0.0000	0.0000	0.0000	0.0000	0.0000	9.0001	0.0000	3.0001	0.0001	0.0000	0.0000	0.0000	0.0000	0.0000	0.0000	0.0000	0.0000	0.0000	0.0000	0.0000	0.0000	0.0000	0.0000	0.0000	0.0000	0.0000	0.0000	0.0000	0.0000	0.0000	0.0000	0.0000	0.0000	0.0000	0.0000	0.0000	0.0000	0.0000	0.0000	0.0000	0.0000	0.0000	0.0000	0.0000	0.0000	0.0000	0.0000	0.0000	0.0000	0.0000	0.0000	0.0000	0.0000	0.0000	0.0000	0.0000	0.0000	0.0000	0.0000	0.0000	0.0000	0.0000	0.0000											
83	113	0.1027	2	1	0	2	0	0	0	0	0	N	N	Y	N	N	N	N	N	N	N	N	N	inf	inf	inf	inf	1.0304	1.1470	0.0000	2.2654	2.4180	0.0000	0.0000	0.0000	0.0000	0.0000	0.0000	0.0000	0.0000	0.0000	0.0000	0.0000	0.0000	0.0000	0.0000	-0.2602	0.0000	9.0001	4.0004	3.0001	4.9999	1.0000	1.0000	0.0000	1.0000	1.0000	0.0000	0.0000	0.0000	0.0000	0.0000	0.0000	0.0000	0.0000	0.0000	0.0000	0.0000	0.0000	0.0000	0.9705	0.8718	0.0986	0.4414	0.4136	0.0278	0.5290	0.4583	0.0708	0.1735	0.0729	0.1006	0.0015	0.0014	0.0001	0.1720	0.0715	0.1005	inf	inf	0.0000	inf	inf	0.0000	0.0000	0.0000	0.0000	0.0000	0.0000	0.0000	0.0000	0.0000	0.0000	0.0000	0.0000	0.0000						
83	114	0.6915	6	1	1	1	0	0	0	0	0	N	N	N	N	N	N	N	N	N	N	N	N	8.5118	88.1363	0.3237	763.9493	13.4958	103.0003	0.0072	0.0000	0.0785	0.0000	0.0000	0.0003	0.0164	0.0000	0.1171	0.0008	0.0000	0.0009	0.0000	0.0000	0.0000	0.0012	0.0000	0.0011	inf	inf	0.0060	0.0000	9.0001	4.3361	3.0001	4.6323	0.0081	0.0000	0.0081	0.0000	0.0000	0.0000	0.0081	0.0000	0.0081	0.0000	0.0000	0.0000	0.0000	0.0000	0.0000	0.0000	0.0000	0.0000	1.1191	1.0162	0.1029	0.6284	0.5944	0.0340	0.4907	0.4218	0.0689	0.1243	0.0811	0.0432	0.0755	0.0661	0.0094	0.0488	0.0150	0.0338	23.3329	0.0000	88.1363	333.6229	0.0000	763.9493	20.8740	0.0000	103.0003	0.0003	0.0000	0.0009	0.0000	0.0000	0.0000	0.0008	0.0000	0.0011			
83	115	0.6588	5	1	0	1	0	0	0	0	0	N	N	N	N	N	N	N	N	N	N	N	N	1.1794	0.4231	0.4637	0.5083	0.0000	0.0000	0.0000	0.0000	0.0000	0.0000	0.0000	0.0000	0.0000	0.0000	0.0001	0.0000	0.0001	0.0001	0.0000	0.0000	0.0000	0.0000	0.0000	0.0000	-0.0000	-0.0000	9.0001	1.9840	3.0001	0.2610	0.0000	0.0000	0.0000	0.0000	0.0000	0.0000	0.0000	0.0000	0.0000	0.0000	0.0000	0.0000	0.0000	0.0000	0.0000	0.0000	0.0000	0.0000	0.3458	0.3174	0.0284	0.2561	0.2403	0.0158	0.0897	0.0771	0.0127	0.0167	0.0094	0.0074	0.0083	0.0071	0.0012	0.0084	0.0023	0.0061	115.2644	70.3046	0.0000	77.2755	70.2631	0.0000	0.0000	0.0000	0.0000	0.0000	0.0000	0.0000	0.0000	0.0000	0.0000	0.0000	0.0000	0.0000					
83	116	0.1027	2	1	1	1	1	0	0	0	0	N	N	N	N	N	N	N	N	N	N	N	N	inf	inf	inf	inf	0.8455	0.9416	0.0000	1.8857	2.0134	0.0000	0.0000	0.0000	0.0000	0.0000	0.0000	0.0000	0.0000	0.0000	0.0000	0.0000	0.0000	0.0000	0.0000	-0.2602	0.0000	9.0001	5.0006	3.0001	2.0000	1.0002	1.0002	0.0000	1.0002	1.0002	0.0000	0.0000	0.0000	0.0000	0.0000	0.0000	0.0000	0.0000	0.0000	0.0000	0.0000	0.0000	0.0000	1.1830	1.0623	0.1207	0.5304	0.4968	0.0336	0.6526	0.5655	0.0871	0.1377	0.0577	0.0800	0.0012	0.0011	0.0001	0.1365	0.0566	0.0799	inf	inf	0.0000	inf	inf	0.0000	0.0000	0.0000	0.0000	0.0000	0.0000	0.0000	0.0000	0.0000	0.0000	0.0000	0.0000	0.0000						
83	117	0.6588	5	1	1	1	1	0	0	0	0	N	N	N	N	N	N	N	N	N	N	N	N	0.0000	0.0000	0.0000	0.0000	0.0000	0.0000	0.0000	0.0000	0.0000	0.0000	0.0000	0.0000	0.0000	0.0000	0.0000	0.0000	0.0000	0.0000	0.0000	0.0000	9.0001	0.0000	3.0001	1.0000	0.0000	0.0000	0.0000	0.0000	0.0000	0.0000	0.0000	0.0000	0.0000	0.0000	0.0000	0.0000	0.0000	0.0000	0.0000	0.0000	0.0000	0.0000	0.0000	0.0000	0.0000	0.0000	0.0000	0.0000	0.0000	0.0000	0.0000	0.0105	0.0059	0.0046	0.0052	0.0044	0.0008	0.0053	0.0014	0.0039	0.0000	0.0000	0.0000	0.0000	0.0000	0.0000	0.0000	0.0000	0.0000	0.0000	0.0000	0.0000	0.0000	0.0000	0.0000	0.0000	0.0000	0.0000											
83	118	0.1027	2	1	1	1	0	0	0	0	0	N	N	N	N	N	N	N	N	N	N	N	N	inf	inf	inf	inf	inf	inf	0.9607	0.3578	6.0992	0.0000	0.0000	0.0000	1.5672	0.6002	8.0656	0.0000	0.0000	0.0000	0.0000	0.0000	0.0000	0.0000	0.0000	0.0000	1.9999	1.2193	0.0000	9.0001	16.9994	3.0001	6.0000	2.9999	1.0000	1.9999	0.0000	0.0000	0.0000	2.9999	1.0000	1.9999	0.0000	0.0000	0.0000	0.0000	0.0000	0.0000	0.0000	0.0000	0.0000	3.1226	2.7947	0.3279	1.2084	1.1285	0.0799	1.9142	1.6662	0.2480	0.3869	0.1655	0.2215	0.0034	0.0032	0.0002	0.3835	0.1622	0.2213	inf	inf	inf	0.0000	0.0000	0.0000	inf	inf	inf	0.0000	0.0000	0.0000	0.0000	0.0000	0.0000	0.0000	0.0000	0.0000				
83	119	0.6588	5	1	1	1	0	0	0	0	0	N	N	N	N	N	N	N	N	N	N	N	N	0.0000	0.0000	0.0000	0.0000	0.0000	0.0000	0.0000	0.0000	0.0000	0.0000	0.0000	0.0000	0.0000	0.0013	0.0026	0.0000	0.0019	0.0017	0.0000	0.0000	0.0000	0.0000	0.0000	0.0000	-0.0000	9.0001	5.0000	3.0001	6.0000	0.0000	0.0000	0.0000	0.0000	0.0000	0.0000	0.0000	0.0000	0.0000	0.0000	0.0000	0.0000	0.0000	0.0000	0.0000	0.0000	0.0000	0.0000	0.8001	0.7338	0.0663	0.5800	0.5444	0.0356	0.2202	0.1894	0.0307	0.0761	0.0426	0.0335	0.0378	0.0322	0.0055	0.0383	0.0104	0.0279	0.0000	0.0000	0.0000	0.0000	0.0000	0.0000	0.0000	0.0000	0.0000	0.0004	0.0007	0.0000	0.0008	0.0009	0.0000	0.0000	0.0000	0.0000						
83	120	0.6869	6	1	1	1	0	0	0	0	0	N	N	N	N	N	N	N	N	N	N	N	N	0.0000	0.0000	inf	0.0000	0.0000	inf	0.2946	0.0000	inf	0.0000	0.0000	0.0000	0.0000	0.0000	0.0000	0.0000	0.0000	0.0000	0.0069	0.0105	0.0000	0.0045	0.0044	0.0000	0.0000	0.0004	0.0000	inf	0.0000	0.0000	-0.0000	9.0001	0.9998	3.0001	0.9486	0.0000	0.0000	0.0000	0.0000	0.0000	0.0000	0.0000	0.0000	0.0000	0.0000	0.0000	0.0000	0.0000	0.0000	0.0000	0.0000	0.0000	0.0000	0.1713	0.1569	0.0145	0.1264	0.1183	0.0081	0.0449	0.0386	0.0064	0.0284	0.0164	0.0120	0.0158	0.0138	0.0020	0.0126	0.0026	0.0100	0.0000	0.0000	inf	0.0000	0.0000	inf	0.2946	0.0000	inf	0.0010	0.0017	0.0000	0.0017	0.0020	0.0000	0.0000	0.0000	0.0000
83	121	0.6588	5	1	1	1	0	0	0	0	0	N	N	N	N	N	N	N	N	N	N	N	N	0.0000	0.0000	0.0000	0.0000	0.0000	0.0000	0.0000	0.0000	0.0000	0.0000	0.0000	0.0000	0.0000	0.0002	0.0004	0.0000	0.0005	0.0005	0.0000	0.0000	0.0000	0.0000	0.0000	0.0000	-0.0000	-0.0000	9.0001	3.0005	3.0001	1.1085	0.0000	0.0000	0.0000	0.0000	0.0000	0.0000	0.0000	0.0000	0.0000	0.0000	0.0000	0.0000	0.0000	0.0000	0.0000	0.0000	0.0000	0.0000	0.8729	0.8004	0.0724	0.6304	0.5917	0.0387	0.2425	0.2087	0.0338	0.0540	0.0302	0.0237	0.0268	0.0229	0.0039	0.0272	0.0074	0.0198	0.0002	0.0001	0.0000	0.0001	0.0001	0.0000	0.0000	0.0000	0.0000	0.0000	0.0001	0.0000	0.0001	0.0001	0.0000	0.0000	0.0000	0.0000					
83	124	0.6924	6	1	1	1	0	0	0	0	0	N	N	N	N	N	N	N	N	N	N	N	N	12.4602	inf	0.0880	25.4725	inf	0.0000	0.1284	inf	0.3606	0.0189	0.0206	0.0001	0.0247	0.0265	0.0000	0.0001	0.0000	0.0002	0.0015	0.0000	0.0010	0.0010	0.0000	0.0037	0.0005	0.0000	0.0006	0.0004	inf	-0.0064	0.0000	9.0001	3.9006	3.0001	3.1543	0.0247	0.0246	0.0000	0.0246	0.0246	0.0000	0.0000	0.0000	0.0000	0.0000	0.0000	0.0000	0.0000	0.0000	0.0000	0.0000	0.0000	0.0000	1.3079	1.1986	0.1092	0.9962	0.9304	0.0658	0.3116	0.2682	0.0434	0.0937	0.0552	0.0385	0.0492	0.0420	0.0071	0.0445	0.0132	0.0313	44.1448	inf	0.0880	60.7960	inf	0.0000	0.1428	inf	0.3606	0.0004	0.0000	0.0010	0.0004	0.0000	0.0028	0.0004	0.0000	0.0006
83	125	0.6588	5	1	1	1	0	0	0	0	0	N	N	N	N	N	N	N	N	N	N	N	N	8.2237	6.0688	inf	14.7137	15.5879	inf	0.0464	0.0506	0.0005	0.0632	0.0673	0.0008	0.0000	0.0000	0.0000	0.0056	0.0083	0.0000	0.0043	0.0043	0.0000	0.0000	0.0000	0.0000	0.0008	0.0000	-0.0063	-0.0000	9.0001	1.6924	3.0001	1.9110	0.0244	0.0244	0.0000	0.0244	0.0244	0.0000	0.0000	0.0000	0.0000	0.0000	0.0000	0.0000	0.0000	0.0000	0.0000	0.0000	0.0000	0.0000	0.5263	0.4828	0.0434	0.3865	0.3627	0.0238	0.1397	0.1201	0.0196	0.0477	0.0267	0.0210	0.0237	0.0202	0.0035	0.0240	0.0065	0.0175	55.3499	33.7587	inf	37.4034	33.9755	inf	0.0000	0.0000	0.0000	0.0008	0.0015	0.0000	0.0017	0.0020	0.0000	0.0000	0.0000	0.0000			
83	126	0.1027	2	1	1	1	0	0	0	0	0	N	N	N	N	N	N	N	N	N	N	N	N	0.0000	0.0000	0.0000	0.0000	0.0000	0.0000	0.0000	0.0000	0.0000	0.0000	0.0000	0.0000	0.0000	5.7648	0.0000	18.7544	0.0000	0.0000	0.0000	5.8145	0.0000	19.9655	inf	0.0000	0.4781	9.0001	0.9996	3.0001	8.0005	0.0000	0.0000	0.0000	0.0000	0.0000	0.0000	0.0000	0.0000	0.0000	1.0000	0.0000	1.0000	0.0000	0.0000	0.0000	1.0000	0.0000	1.0000	0.2629	0.2365	0.0263	0.1251	0.1174	0.0077	0.1377	0.1192	0.0186	0.1735	0.0729	0.1006	0.0015	0.0014	0.0001	0.1720	0.0715	0.1005	0.0000	0.0000	0.0000	0.0000	0.0000	0.0000	0.0000	0.0000	0.0000	5.7648	0.0000	9.9445	0.0000	0.0000	0.0000	5.8145	0.0000	9.9518						
83	127	0.2301	4	1	0	1	0	0	0	0	0	N	N	N	N	N	N	N	N	N	N	N	N	96.8272	0.3299	1639.5038	4.2061	0.3566	2449.3492	485.2919	2250.8855	0.1573	0.0001	1.5434	0.0022	0.0002	0.0342	0.3309	0.0000	2.2213	0.0016	0.0003	0.0009	0.0005	0.0005	0.0000	0.0007	0.0000	0.0010	1760.7837	14.0115	0.1302	0.0001	9.0001	3.6536	3.0001	12.3970	0.1762	0.0001	0.1761	0.0013	0.0001	0.0012	0.1749	0.0000	0.1749	0.0002	0.0000	0.0001	0.0000	0.0000	0.0000	0.0001	0.0000	0.0001	1.1197	1.0057	0.1141	0.5913	0.5560	0.0354	0.5284	0.4497	0.0787	0.3389	0.1901	0.1488	0.0920	0.0850	0.0070	0.2469	0.1051	0.1419	355.1794	1.8898	1639.5038	20.1767	1.5288	2449.3492	583.6072	0.0000	2250.8855	0.0004	0.0001	0.0009	0.0001	0.0001	0.0000	0.0006	0.0000	0.0010	
83	128	0.4085	4	1	0	1	0	0	0	0	0	N	N	N	N	N	N	N	N	N	N	N	N	0.0269	0.0203	0.3008	0.0075	0.0078	9.9925	1.1474	inf	0.7212	0.0257	0.0283	0.0038	0.0088	0.0096	0.0003	0.0476	0.0541	0.0066	0.9552	1.3900	0.0127	1.1771	1.2415	0.0000	0.0415	0.0000	0.0092	0.0161	0.0624	-0.0107	-0.0110	9.0001	5.3495	3.0001	12.4099	0.0437	0.0430	0.0007	0.0085	0.0085	0.0000	0.0352	0.0345	0.0007	0.0237	0.0223	0.0014	0.0223	0.0223	0.0000	0.0014	0.0000	0.0014	1.6999	1.5188	0.1811	0.9609	0.8812	0.0796	0.7391	0.6376	0.1015	0.5335	0.3414	0.1920	0.2770	0.2366	0.0405	0.2565	0.1049	0.1516	0.5782	0.4331	0.5272	0.1099	0.1021	9.9925	8.7739	inf	0.7212	0.0444	0.0653	0.0072	0.0805	0.0943	0.0000	0.0054	0.0000	0.0092
83	129	0.2142	8	1	1	1	1	0	0	0	0	N	N	N	N	N	N	N	N	N	N	N	N	0.0000	0.0000	0.0000	0.0000	0.0000	0.0000	0.0000	0.0000	0.0000	0.0000	0.0000	0.0000	0.0000	0.0000	0.0000	0.0000	0.0000	0.0000	0.0000	0.0000	9.0001	0.0000	3.0001	0.0000	0.0000	0.0000	0.0000	0.0000	0.0000	0.0000	0.0000	0.0000	0.0000	0.0000	0.0000	0.0000	0.0000	0.0000	0.0000	0.0000	0.0000	0.0000	0.0000	0.0000	0.0000	0.0000	0.0000	0.0000	0.0000	0.0000	0.0000	0.0000	0.0000	0.0000	0.0000	0.0000	0.0000	0.0000	0.0000	0.0000	0.0000	0.0000	0.0000	0.0000	0.0000	0.0000	0.0000	0.0000	0.0000	0.0000	0.0000	0.0000	0.0000	0.0000	0.0000	0.0000	0.0000	0.0000											
83	130	0.1979	7	1	1	1	1	0	0	0	0	N	N	N	N	N	N	N	N	N	N	N	N	0.0000	0.0000	0.0000	0.0000	0.0000	0.0000	0.0000	0.0000	0.0000	0.0000	0.0000	0.0000	0.0000	0.0000	0.0000	0.0000	0.0000	0.0000	0.0000	0.0000	9.0001	0.0000	3.0001	3.0001	0.0000	0.0000	0.0000	0.0000	0.0000	0.0000	0.0000	0.0000	0.0000	0.0000	0.0000	0.0000	0.0000	0.0000	0.0000	0.0000	0.0000	0.0000	0.0000	0.0000	0.0000	0.0000	0.0000	0.0000	0.0000	0.0000	0.0000	0.0552	0.0233	0.0319	0.0015	0.0014	0.0000	0.0537	0.0218	0.0319	0.0000	0.0000	0.0000	0.0000	0.0000	0.0000	0.0000	0.0000	0.0000	0.0000	0.0000	0.0000	0.0000	0.0000	0.0000	0.0000	0.0000	0.0000											
83	131	0.1882	6	1	1	1	0	0	0	0	0	N	N	N	N	N	N	N	N	N	N	N	N	0.0000	0.0000	0.0000	0.0000	0.0000	0.0000	0.0000	0.0000	0.0000	0.0000	0.0000	0.0000	0.0000	0.0000	0.0000	0.0000	0.0000	0.0000	0.0000	0.0000	9.0001	0.0000	3.0001	0.0000	0.0000	0.0000	0.0000	0.0000	0.0000	0.0000	0.0000	0.0000	0.0000	0.0000	0.0000	0.0000	0.0000	0.0000	0.0000	0.0000	0.0000	0.0000	0.0000	0.0000	0.0000	0.0000	0.0000	0.0000	0.0000	0.0000	0.0000	0.0000	0.0000	0.0000	0.0000	0.0000	0.0000	0.0000	0.0000	0.0000	0.0000	0.0000	0.0000	0.0000	0.0000	0.0000	0.0000	0.0000	0.0000	0.0000	0.0000	0.0000	0.0000	0.0000	0.0000	0.0000	0.0000	0.0000											
83	132	0.1979	7	1	0	2	1	0	0	0	0	N	N	Y	N	N	N	N	N	N	N	N	N	0.0000	0.0000	0.0000	0.0000	0.0000	0.0000	0.0000	0.0000	0.0000	0.0000	0.0000	0.0000	0.0000	0.0000	0.0000	0.0000	0.0000	0.0000	0.0000	0.0000	9.0001	0.0000	3.0001	1.9999	0.0000	0.0000	0.0000	0.0000	0.0000	0.0000	0.0000	0.0000	0.0000	0.0000	0.0000	0.0000	0.0000	0.0000	0.0000	0.0000	0.0000	0.0000	0.0000	0.0000	0.0000	0.0000	0.0000	0.0000	0.0000	0.0000	0.0000	0.0377	0.0161	0.0216	0.0013	0.0012	0.0000	0.0365	0.0149	0.0216	0.0000	0.0000	0.0000	0.0000	0.0000	0.0000	0.0000	0.0000	0.0000	0.0000	0.0000	0.0000	0.0000	0.0000	0.0000	0.0000	0.0000	0.0000											
83	133	0.2089	8	1	0	2	1	0	0	0	0	N	N	Y	N	N	N	N	N	N	N	N	N	inf	inf	inf	inf	3.8343	0.0000	36.9619	0.0000	0.0000	0.0000	8.2074	0.0000	59.6753	0.0000	0.0000	0.0000	0.0000	0.0000	0.0000	0.0000	0.0000	0.0000	inf	0.7398	0.0000	9.0001	1.0000	3.0001	0.0000	1.0000	0.0000	1.0000	0.0000	0.0000	0.0000	1.0000	0.0000	1.0000	0.0000	0.0000	0.0000	0.0000	0.0000	0.0000	0.0000	0.0000	0.0000	0.2608	0.2337	0.0271	0.1390	0.1287	0.0103	0.1218	0.1051	0.0168	0.0183	0.0075	0.0108	0.0023	0.0015	0.0009	0.0160	0.0060	0.0099	inf	0.0000	inf	0.0000	0.0000	0.0000	inf	0.0000	inf	0.0000	0.0000	0.0000	0.0000	0.0000	0.0000	0.0000	0.0000	0.0000						
83	134	0.2089	8	1	0	2	1	0	0	0	0	N	N	Y	N	N	N	N	N	N	N	N	N	0.0000	0.0000	0.0000	0.0000	0.0000	0.0000	0.0000	0.0000	0.0000	0.0000	0.0000	0.0000	0.0000	0.0000	0.0000	0.0000	0.0000	0.0000	0.0000	0.0000	9.0001	0.0000	3.0001	0.0000	0.0000	0.0000	0.0000	0.0000	0.0000	0.0000	0.0000	0.0000	0.0000	0.0000	0.0000	0.0000	0.0000	0.0000	0.0000	0.0000	0.0000	0.0000	0.0000	0.0000	0.0000	0.0000	0.0000	0.0000	0.0000	0.0000	0.0000	0.0000	0.0000	0.0000	0.0000	0.0000	0.0000	0.0000	0.0000	0.0000	0.0000	0.0000	0.0000	0.0000	0.0000	0.0000	0.0000	0.0000	0.0000	0.0000	0.0000	0.0000	0.0000	0.0000	0.0000	0.0000	0.0000	0.0000											
83	135	0.1979	7	1	0	2	1	0	0	0	0	N	N	Y	N	N	N	N	N	N	N	N	N	0.0000	0.0000	0.0000	0.0000	0.0000	0.0000	0.0000	0.0000	0.0000	0.0000	0.0000	0.0000	0.0000	0.0000	0.0000	0.0000	0.0000	0.0000	0.0000	0.0000	9.0001	2.0025	3.0001	0.9943	0.0000	0.0000	0.0000	0.0000	0.0000	0.0000	0.0000	0.0000	0.0000	0.0000	0.0000	0.0000	0.0000	0.0000	0.0000	0.0000	0.0000	0.0000	0.5145	0.4608	0.0537	0.2648	0.2451	0.0196	0.2497	0.2157	0.0340	0.0551	0.0232	0.0319	0.0015	0.0014	0.0000	0.0537	0.0218	0.0319	0.0000	0.0000	0.0000	0.0000	0.0000	0.0000	0.0000	0.0000	0.0000	0.0000	0.0000	0.0000	0.0000	0.0000	0.0000	0.0000	0.0000	0.0000											
83	136	0.1979	6	1	0	1	1	0	0	0	0	N	N	N	N	N	N	N	N	N	N	N	N	0.0000	0.0000	0.0000	0.0000	0.0000	0.0000	0.0000	0.0000	0.0000	0.0000	0.0000	0.0000	0.0000	0.0000	0.0001	0.0000	0.0000	0.0000	0.0000	0.0000	0.0000	-0.0000	9.0001	0.0050	3.0001	0.0173	0.0000	0.0000	0.0000	0.0000	0.0000	0.0000	0.0000	0.0000	0.0000	0.0000	0.0000	0.0000	0.0000	0.0000	0.0000	0.0000	0.0000	0.0000	0.0028	0.0026	0.0002	0.0021	0.0020	0.0001	0.0006	0.0006	0.0001	0.0020	0.0017	0.0004	0.0008	0.0008	0.0000	0.0012	0.0008	0.0004	0.0000	0.0000	0.0000	0.0000	0.0000	0.0000	0.0000	0.0000	0.0000	0.0000	0.0000	0.0000	0.0000	0.0000	0.0000	0.0000	0.0000	0.0000									
83	137	0.1882	5	1	0	1	1	0	0	0	0	N	N	N	N	N	N	N	N	N	N	N	N	0.0000	0.0000	0.0000	0.0000	0.0000	0.0000	0.0000	0.0000	0.0000	0.0000	0.0000	0.0000	0.0000	0.0000	0.0000	0.0000	0.0000	0.0000	0.0000	-0.0000	9.0001	1.9972	3.0001	1.0076	0.0000	0.0000	0.0000	0.0000	0.0000	0.0000	0.0000	0.0000	0.0000	0.0000	0.0000	0.0000	0.0000	0.0000	0.0000	0.0000	0.0000	0.0000	0.4801	0.4296	0.0505	0.2365	0.2192	0.0173	0.2436	0.2103	0.0333	0.0511	0.0206	0.0304	0.0006	0.0006	0.0000	0.0504	0.0200	0.0304	0.0000	0.0000	0.0000	0.0000	0.0000	0.0000	0.0000	0.0000	0.0000	0.0000	0.0000	0.0000	0.0000	0.0000	0.0000	0.0000	0.0000	0.0000											
83	138	0.1709	4	2	1	1	0	0	0	0	0	Y	N	N	N	N	N	N	N	N	N	N	N	inf	inf	inf	inf	0.6649	0.7508	0.0000	1.8660	1.8908	0.0000	0.0000	0.0000	0.0000	0.0000	0.0000	0.0000	0.0000	0.0000	0.0000	0.0000	0.0000	0.0000	0.0000	-0.0000	0.0000	9.0001	0.0002	3.0001	2.3255	0.0001	0.0001	0.0000	0.0001	0.0001	0.0000	0.0000	0.0000	0.0000	0.0000	0.0000	0.0000	0.0000	0.0000	0.0000	0.0000	0.0000	0.0000	0.0001	0.0001	0.0000	0.0000	0.0000	0.0000	0.0001	0.0001	0.0000	0.0608	0.0324	0.0284	0.0096	0.0092	0.0004	0.0513	0.0232	0.0281	inf	inf	0.0000	inf	inf	0.0000	0.0000	0.0000	0.0000	0.0000	0.0000	0.0000	0.0000	0.0000	0.0000	0.0000	0.0000	0.0000						
83	139	0.1531	3	2	1	1	0	0	0	0	0	Y	N	N	N	N	N	N	N	N	N	N	N	0.0020	5.6972	0.0037	14.4785	7.1887	inf	0.0001	1.4701	0.0002	0.0135	0.0056	0.0830	0.0365	0.0147	0.4121	0.0009	0.0002	0.0054	6.8667	0.0010	22.2939	0.0025	0.0020	0.0000	8.5233	0.0001	27.0415	1.6795	34861.2596	0.0025	0.4537	9.0001	2.0138	3.0001	2.7349	0.0069	0.0026	0.0044	0.0067	0.0025	0.0041	0.0003	0.0001	0.0002	0.9489	0.0000	0.9489	0.0000	0.0000	0.0000	0.9489	0.0000	0.9489	0.5159	0.4635	0.0524	0.1821	0.1721	0.0100	0.3338	0.2914	0.0424	0.1382	0.0712	0.0670	0.0269	0.0257	0.0012	0.1113	0.0456	0.0658	0.0020	14.6189	0.0059	36.0486	13.8645	inf	0.0001	1562.7799	0.0004	6.8667	0.0004	14.1679	0.0010	0.0011	0.0000	8.5233	0.0000	14.4258
83	140	0.1696	4	1	1	1	0	0	0	0	0	N	N	N	N	N	N	N	N	N	N	N	N	1.0541	0.6812	0.0121	0.5888	0.6352	0.0000	inf	inf	inf	0.5890	0.6652	0.0000	1.1172	1.2599	0.0000	0.0105	0.0119	0.0000	0.5587	0.9764	0.0000	1.8975	1.9834	0.0003	0.0000	0.0000	0.0000	0.0000	0.0001	-0.1000	-0.0004	9.0001	1.9232	3.0001	1.1116	0.3844	0.3844	0.0000	0.3811	0.3811	0.0000	0.0033	0.0033	0.0000	0.0008	0.0008	0.0000	0.0008	0.0008	0.0000	0.0000	0.0000	0.0000	0.6526	0.5778	0.0748	0.3411	0.3025	0.0386	0.3115	0.2754	0.0361	0.0627	0.0285	0.0342	0.0046	0.0043	0.0003	0.0581	0.0241	0.0340	46.1685	23.6756	0.0121	6.4660	6.8491	0.0000	inf	inf	inf	0.0128	0.0281	0.0000	0.1728	0.1839	0.0003	0.0000	0.0000	0.0000
83	141	0.6781	6	1	1	1	0	0	0	0	0	N	N	N	N	N	N	N	N	N	N	N	N	0.0000	0.0000	0.0000	0.0000	0.0000	0.0000	0.0000	0.0000	0.0000	0.0000	0.0000	0.0000	0.0000	0.0000	0.0000	0.0000	0.0000	0.0000	0.0000	0.0000	9.0001	3.0000	3.0001	1.0000	0.0000	0.0000	0.0000	0.0000	0.0000	0.0000	0.0000	0.0000	0.0000	0.0000	0.0000	0.0000	0.0000	0.0000	0.0000	0.0000	0.0000	0.0000	0.9573	0.8763	0.0810	0.7149	0.6676	0.0473	0.2424	0.2087	0.0338	0.0527	0.0296	0.0231	0.0262	0.0224	0.0038	0.0265	0.0072	0.0193	0.0000	0.0000	0.0000	0.0000	0.0000	0.0000	0.0000	0.0000	0.0000	0.0000	0.0000	0.0000	0.0000	0.0000	0.0000	0.0000	0.0000	0.0000											
83	142	0.6588	5	1	0	1	0	0	0	0	0	N	N	N	N	N	N	N	N	N	N	N	N	0.0000	0.0000	0.0000	0.0000	0.0000	0.0000	0.0000	0.0000	0.0000	0.0000	0.0000	0.0000	0.0000	0.0000	0.0000	0.0000	0.0000	0.0000	0.0000	0.0000	9.0001	1.0000	3.0001	1.0000	0.0000	0.0000	0.0000	0.0000	0.0000	0.0000	0.0000	0.0000	0.0000	0.0000	0.0000	0.0000	0.0000	0.0000	0.0000	0.0000	0.0000	0.0000	0.3228	0.2962	0.0265	0.2392	0.2245	0.0147	0.0835	0.0717	0.0118	0.0272	0.0152	0.0120	0.0135	0.0115	0.0020	0.0137	0.0037	0.0100	0.0000	0.0000	0.0000	0.0000	0.0000	0.0000	0.0000	0.0000	0.0000	0.0000	0.0000	0.0000	0.0000	0.0000	0.0000	0.0000	0.0000	0.0000											
83	143	0.4085	4	1	0	1	0	0	0	0	0	N	N	N	N	N	N	N	N	N	N	N	N	0.1975	809.7600	0.0002	0.0660	5.2865	0.0015	0.2803	inf	0.0004	0.5185	0.5800	0.0032	0.0041	0.0045	0.0002	1.1223	1.2982	0.0054	2.6250	0.0007	13.1620	0.0626	0.0008	0.1563	4.0043	0.0000	14.3841	0.0007	9813.4120	-0.2688	0.4691	9.0001	7.1211	3.0001	10.9474	1.0356	1.0349	0.0007	0.0045	0.0044	0.0000	1.0311	1.0304	0.0007	0.9814	0.0001	0.9813	0.0023	0.0001	0.0022	0.9792	0.0000	0.9792	1.9974	1.7844	0.2130	1.0786	0.9907	0.0880	0.9187	0.7937	0.1250	0.5363	0.3429	0.1934	0.2779	0.2373	0.0406	0.2584	0.1056	0.1528	0.2833	1988.7794	0.0006	0.5105	10.6348	0.0044	0.2962	inf	0.0008	1.8301	0.0003	5.0754	0.0081	0.0004	0.0530	3.7895	0.0000	6.4096
83	144	0.2137	3	1	0	1	0	0	0	0	0	N	N	N	N	N	N	N	N	N	N	N	N	0.5070	0.9053	0.0425	0.2167	0.2459	6.4086	1.3511	1.1394	0.1077	0.4825	0.5380	0.0093	0.0322	0.0346	0.0000	0.9117	1.0574	0.0136	0.9517	0.5943	0.2185	0.1486	0.1405	0.0000	0.6748	0.9280	0.1265	0.0020	5.8266	-0.2509	0.0080	9.0001	8.5175	3.0001	23.1696	0.9718	0.9699	0.0020	0.0316	0.0316	0.0000	0.9402	0.9382	0.0020	0.0242	0.0035	0.0206	0.0014	0.0014	0.0000	0.0228	0.0022	0.0206	2.0140	1.8027	0.2114	0.9828	0.9153	0.0674	1.0313	0.8873	0.1439	0.5448	0.2763	0.2685	0.1180	0.1067	0.0113	0.4268	0.1696	0.2572	10.8765	41.9925	0.1209	2.7316	2.6519	6.4086	17.0820	83.4277	0.1698	0.0444	0.0128	0.0768	0.0118	0.0130	0.0000	0.0534	0.0127	0.0802
83	145	0.1882	6	2	1	1	0	0	0	0	0	Y	N	N	N	N	N	N	N	N	N	N	N	inf	inf	inf	inf	4.0533	0.0000	38.6117	0.0000	0.0000	0.0000	8.0864	0.0000	59.0735	0.0000	0.0000	0.0000	0.0000	0.0000	0.0000	0.0000	0.0000	0.0000	inf	0.7397	0.0000	9.0001	1.0000	3.0001	1.0000	0.9999	0.0000	0.9999	0.0000	0.0000	0.0000	0.9999	0.0000	0.9999	0.0000	0.0000	0.0000	0.0000	0.0000	0.0000	0.0000	0.0000	0.0000	0.2467	0.2208	0.0259	0.1230	0.1141	0.0090	0.1236	0.1067	0.0169	0.0343	0.0138	0.0205	0.0004	0.0004	0.0000	0.0339	0.0134	0.0205	inf	0.0000	inf	0.0000	0.0000	0.0000	inf	0.0000	inf	0.0000	0.0000	0.0000	0.0000	0.0000	0.0000	0.0000	0.0000	0.0000						
83	146	0.1882	5	1	1	1	0	0	0	0	0	N	N	N	N	N	N	N	N	N	N	N	N	0.0000	0.0000	0.0000	0.0000	0.0000	0.0000	0.0000	0.0000	0.0000	0.0000	0.0000	0.0000	0.0000	0.0000	0.0000	0.0000	0.0000	0.0000	0.0000	0.0000	9.0001	0.0003	3.0001	0.0000	0.0000	0.0000	0.0000	0.0000	0.0000	0.0000	0.0000	0.0000	0.0000	0.0000	0.0000	0.0000	0.0000	0.0000	0.0000	0.0000	0.0000	0.0000	0.0002	0.0002	0.0000	0.0002	0.0002	0.0000	0.0001	0.0001	0.0000	0.0000	0.0000	0.0000	0.0000	0.0000	0.0000	0.0000	0.0000	0.0000	0.0000	0.0000	0.0000	0.0000	0.0000	0.0000	0.0000	0.0000	0.0000	0.0000	0.0000	0.0000	0.0000	0.0000	0.0000	0.0000	0.0000	0.0000											
83	147	0.1696	4	1	0	1	0	0	0	0	0	N	N	N	N	N	N	N	N	N	N	N	N	2.4599	1.2790	0.0122	0.9869	1.0639	0.0000	inf	inf	inf	0.8057	0.9088	0.0000	1.7934	1.9864	0.0000	0.0049	0.0056	0.0000	0.3275	0.7106	0.0000	1.8172	1.8670	0.0003	0.0000	0.0000	0.0000	0.0000	0.0001	-0.2534	-0.0004	9.0001	4.9449	3.0001	1.0063	0.9738	0.9737	0.0000	0.9705	0.9705	0.0000	0.0033	0.0033	0.0000	0.0008	0.0008	0.0000	0.0008	0.0008	0.0000	0.0000	0.0000	0.0000	1.2085	1.0714	0.1371	0.5411	0.4886	0.0526	0.6674	0.5829	0.0845	0.1128	0.0495	0.0632	0.0052	0.0049	0.0003	0.1076	0.0447	0.0629	113.5552	56.2528	0.0122	11.6270	12.0730	0.0000	inf	inf	inf	0.0071	0.0162	0.0000	0.1542	0.1645	0.0003	0.0000	0.0000	0.0000
83	148	0.1531	3	1	0	1	0	0	0	0	0	N	N	N	N	N	N	N	N	N	N	N	N	1.1390	0.8755	0.5664	0.4980	0.5439	30.8682	32.0104	inf	0.1033	2.0688	2.3105	0.0182	2.4323	2.5851	0.0887	1.8854	2.1615	0.0012	1.8163	2.6392	0.0322	4.8846	4.7528	0.0029	0.0589	0.0000	0.0115	0.0009	0.0149	-0.4261	-0.0263	9.0001	3.4778	3.0001	1.2917	1.6437	1.6421	0.0015	0.6478	0.6464	0.0014	0.9958	0.9958	0.0001	0.0518	0.0510	0.0008	0.0510	0.0510	0.0000	0.0008	0.0000	0.0008	0.7945	0.7107	0.0838	0.2663	0.2500	0.0163	0.5282	0.4607	0.0675	0.1386	0.0714	0.0672	0.0269	0.0257	0.0012	0.1117	0.0457	0.0660	5.5354	3.2322	1.6062	1.2808	1.3006	38.4026	277.4324	inf	0.1033	0.3737	0.7149	0.0113	1.8990	1.9876	0.0023	0.0068	0.0000	0.0115
83	149	0.1027	2	1	0	1	0	0	0	0	0	N	N	N	N	N	N	N	N	N	N	N	N	0.0025	16.7364	0.0000	1.5412	1.9059	0.0017	inf	0.0001	0.0040	0.0044	0.0001	0.0058	0.0062	0.0000	0.0026	0.0030	0.0001	1.5875	0.0003	1.8954	0.0038	0.0033	0.0000	1.5343	0.0000	0.7252	0.0015	18340.1566	-0.0018	0.0244	9.0001	7.8050	3.0001	4.0035	0.0069	0.0068	0.0000	0.0043	0.0043	0.0000	0.0025	0.0025	0.0000	0.0511	0.0000	0.0511	0.0000	0.0000	0.0000	0.0511	0.0000	0.0511	1.7275	1.5494	0.1781	0.7453	0.6974	0.0479	0.9822	0.8520	0.1301	0.2213	0.0934	0.1279	0.0019	0.0018	0.0001	0.2194	0.0915	0.1278	0.0172	148.0007	0.0001	3.9645	4.0242	0.0000	0.0111	inf	0.0002	0.2308	0.0000	0.3992	0.0015	0.0015	0.0000	0.2328	0.0000	0.3995	
83	150	0.2301	4	1	0	1	0	0	0	0	0	N	N	N	N	N	N	N	N	N	N	N	N	110.5470	0.3349	1737.9669	4.1809	0.3570	2610.8641	534.4405	2388.3033	0.1552	0.0001	1.5219	0.0022	0.0002	0.0336	0.3262	0.0000	2.1934	0.0014	0.0003	0.0009	0.0005	0.0005	0.0000	0.0006	0.0000	0.0009	1760.7837	14.0115	0.1302	0.0001	9.0001	3.7255	3.0001	14.1767	0.1762	0.0001	0.1761	0.0013	0.0001	0.0012	0.1749	0.0000	0.1749	0.0002	0.0000	0.0001	0.0000	0.0000	0.0000	0.0001	0.0000	0.0001	1.1353	1.0196	0.1157	0.5992	0.5633	0.0360	0.5361	0.4563	0.0797	0.3612	0.2012	0.1600	0.0953	0.0877	0.0075	0.2660	0.1135	0.1525	373.4000	1.9735	1737.9669	20.6243	1.5571	2610.8641	619.6211	0.0000	2388.3033	0.0004	0.0000	0.0009	0.0001	0.0001	0.0000	0.0005	0.0000	0.0009	
83	151	0.2137	3	1	0	1	0	0	0	0	0	N	N	N	N	N	N	N	N	N	N	N	N	30.3727	2.4288	2107.4317	5.5564	4.8883	5430.3296	128.9153	inf	3302.0968	1.3906	0.0137	13.4852	0.0256	0.0203	0.1314	2.8895	0.0054	17.7858	0.0458	0.0056	0.0064	0.0046	0.0042	0.0000	0.0224	0.0000	0.0054	112.4013	3.4990	0.5889	0.0002	9.0001	1.4205	3.0001	4.0377	0.8057	0.0071	0.7986	0.0078	0.0059	0.0019	0.7979	0.0012	0.7967	0.0006	0.0001	0.0005	0.0001	0.0001	0.0000	0.0005	0.0000	0.0005	0.5794	0.5202	0.0592	0.3032	0.2888	0.0144	0.2761	0.2313	0.0448	0.2214	0.1273	0.0940	0.0783	0.0753	0.0031	0.1430	0.0521	0.0910	488.5709	12.4184	2587.8929	14.3061	10.9124	5430.3296	843.5603	inf	3302.0968	0.0028	0.0011	0.0052	0.0018	0.0019	0.0000	0.0034	0.0000	0.0054
83	152	0.1027	2	1	0	1	0	0	0	0	0	N	N	N	N	N	N	N	N	N	N	N	N	0.0074	20.2380	0.0151	0.0001	0.0001	0.0111	inf	0.0211	0.0224	0.0017	0.2035	0.0000	0.0000	0.0000	0.0400	0.0032	0.2802	3.0229	0.0001	13.4852	0.0003	0.0003	0.0000	3.6041	0.0000	13.2495	13.3549	11255855.8533	0.0222	0.4779	9.0001	6.4701	3.0001	12.4371	0.0332	0.0023	0.0308	0.0000	0.0000	0.0000	0.0332	0.0023	0.0308	0.9995	0.0000	0.9995	0.0000	0.0000	0.0000	0.9995	0.0000	0.9995	1.4772	1.3256	0.1516	0.6489	0.6074	0.0415	0.8283	0.7182	0.1101	0.3306	0.1407	0.1899	0.0029	0.0027	0.0002	0.3278	0.1380	0.1898	0.0074	2761.6295	0.0387	0.0011	0.0011	0.0000	0.0131	inf	0.0532	3.0229	0.0000	5.2628	0.0000	0.0000	0.0000	3.0496	0.0000	5.2670	
84	85	0.0709	2	2	1	1	0	0	0	0	0	Y	N	N	N	N	N	N	N	N	N	N	N	0.0000	0.0000	0.0000	0.0000	0.0000	0.0000	0.0000	0.0000	0.0000	0.0000	0.0000	0.0000	0.0000	0.0000	0.0000	0.0000	0.0000	0.0000	0.0000	0.0000	4.0000	1.0086	0.0000	1.7435	0.0000	0.0000	0.0000	0.0000	0.0000	0.0000	0.0000	0.0000	0.0000	0.0000	0.0000	0.0000	0.0000	0.0000	0.0000	0.0000	0.0000	0.0000	0.1199	0.1068	0.0131	0.0179	0.0172	0.0007	0.1020	0.0897	0.0123	0.0279	0.0130	0.0149	0.0030	0.0029	0.0001	0.0249	0.0101	0.0148	0.0000	0.0000	0.0000	0.0000	0.0000	0.0000	0.0000	0.0000	0.0000	0.0000	0.0000	0.0000	0.0000	0.0000	0.0000	0.0000	0.0000	0.0000											
84	87	0.5809	4	2	1	1	0	0	0	0	0	Y	N	N	N	N	N	N	N	N	N	N	N	inf	inf	inf	inf	inf	inf	inf	2.8807	1.5950	14.8560	2.4193	2.5962	0.0000	3.5596	0.0000	25.5410	0.0000	0.0000	0.0000	0.0000	0.0000	0.0000	0.0000	0.0000	0.0000	1.0000	0.4796	0.0000	4.0000	9.0005	0.0000	5.0000	2.0000	1.0000	1.0000	1.0000	1.0000	0.0000	1.0000	0.0000	1.0000	0.0000	0.0000	0.0000	0.0000	0.0000	0.0000	0.0000	0.0000	0.0000	0.6943	0.6270	0.0673	0.4133	0.3852	0.0282	0.2809	0.2418	0.0392	0.0481	0.0240	0.0241	0.0159	0.0135	0.0024	0.0322	0.0105	0.0217	inf	inf	inf	inf	inf	0.0000	inf	0.0000	inf	0.0000	0.0000	0.0000	0.0000	0.0000	0.0000	0.0000	0.0000	0.0000			
84	88	0.0472	2	1	1	1	0	0	0	0	0	N	N	N	N	N	N	N	N	N	N	N	N	0.0000	0.0000	0.0000	0.0000	0.0000	0.0000	0.0000	0.0000	0.0000	0.0000	0.0000	0.0000	0.0000	0.0000	0.0000	0.0000	0.0000	0.0000	0.0000	0.0000	4.0000	0.0000	0.0000	0.0000	0.0000	0.0000	0.0000	0.0000	0.0000	0.0000	0.0000	0.0000	0.0000	0.0000	0.0000	0.0000	0.0000	0.0000	0.0000	0.0000	0.0000	0.0000	0.0000	0.0000	0.0000	0.0000	0.0000	0.0000	0.0000	0.0000	0.0000	0.0000	0.0000	0.0000	0.0000	0.0000	0.0000	0.0000	0.0000	0.0000	0.0000	0.0000	0.0000	0.0000	0.0000	0.0000	0.0000	0.0000	0.0000	0.0000	0.0000	0.0000	0.0000	0.0000	0.0000	0.0000	0.0000	0.0000											
84	89	0.6482	6	1	1	1	0	0	0	0	0	N	N	N	N	N	N	N	N	N	N	N	N	0.0000	0.0000	0.0000	0.0000	0.0000	0.0000	0.0000	0.0000	0.0000	0.0000	0.0000	0.0000	0.0000	0.0000	0.0000	0.0000	0.0000	0.0000	0.0000	0.0000	4.0000	1.9953	0.0000	1.0817	0.0000	0.0000	0.0000	0.0000	0.0000	0.0000	0.0000	0.0000	0.0000	0.0000	0.0000	0.0000	0.0000	0.0000	0.0000	0.0000	0.0000	0.0000	0.2284	0.2090	0.0194	0.1730	0.1626	0.0105	0.0553	0.0464	0.0089	0.0099	0.0057	0.0041	0.0054	0.0048	0.0006	0.0044	0.0010	0.0035	0.0000	0.0000	0.0000	0.0000	0.0000	0.0000	0.0000	0.0000	0.0000	0.0000	0.0000	0.0000	0.0000	0.0000	0.0000	0.0000	0.0000	0.0000											
84	90	0.6222	5	1	1	1	0	0	0	0	0	N	N	N	N	N	N	N	N	N	N	N	N	inf	inf	inf	inf	inf	inf	0.0001	0.0002	0.0000	0.0001	0.0001	0.0000	0.0004	0.0005	0.0000	0.0000	0.0000	0.0000	0.0000	0.0000	0.0000	0.0000	0.0000	0.0000	0.0000	-0.0000	0.0000	4.0000	2.3999	0.0000	4.0713	0.0000	0.0000	0.0000	0.0000	0.0000	0.0000	0.0000	0.0000	0.0000	0.0000	0.0000	0.0000	0.0000	0.0000	0.0000	0.0000	0.0000	0.0000	0.2136	0.1964	0.0171	0.1633	0.1534	0.0099	0.0503	0.0430	0.0072	0.0166	0.0093	0.0073	0.0082	0.0070	0.0012	0.0084	0.0023	0.0061	inf	inf	0.0000	inf	inf	0.0000	inf	inf	0.0000	0.0000	0.0000	0.0000	0.0000	0.0000	0.0000	0.0000	0.0000	0.0000				
84	91	0.6432	6	1	0	2	0	0	0	0	0	N	N	Y	N	N	N	N	N	N	N	N	N	0.0000	0.0000	0.0000	0.0000	0.0000	0.0000	0.0000	0.0000	0.0000	0.0000	0.0000	0.0000	0.0000	0.0000	0.0000	0.0000	0.0000	0.0000	0.0000	0.0000	4.0000	0.0000	0.0000	0.0000	0.0000	0.0000	0.0000	0.0000	0.0000	0.0000	0.0000	0.0000	0.0000	0.0000	0.0000	0.0000	0.0000	0.0000	0.0000	0.0000	0.0000	0.0000	0.0000	0.0000	0.0000	0.0000	0.0000	0.0000	0.0000	0.0000	0.0000	0.0000	0.0000	0.0000	0.0000	0.0000	0.0000	0.0000	0.0000	0.0000	0.0000	0.0000	0.0000	0.0000	0.0000	0.0000	0.0000	0.0000	0.0000	0.0000	0.0000	0.0000	0.0000	0.0000	0.0000	0.0000	0.0000	0.0000											
84	92	0.6111	5	1	0	2	0	0	0	0	0	N	N	Y	N	N	N	N	N	N	N	N	N	0.0000	0.0000	0.0000	0.0000	0.0000	0.0000	0.0000	0.0000	0.0000	0.0000	0.0000	0.0000	0.0000	0.0000	0.0000	0.0000	0.0000	0.0000	0.0000	0.0000	4.0000	3.7221	0.0000	2.9993	0.0000	0.0000	0.0000	0.0000	0.0000	0.0000	0.0000	0.0000	0.0000	0.0000	0.0000	0.0000	0.0000	0.0000	0.0000	0.0000	0.0000	0.0000	0.3775	0.3434	0.0341	0.2448	0.2296	0.0152	0.1327	0.1138	0.0189	0.0223	0.0114	0.0109	0.0080	0.0068	0.0012	0.0143	0.0046	0.0097	0.0000	0.0000	0.0000	0.0000	0.0000	0.0000	0.0000	0.0000	0.0000	0.0000	0.0000	0.0000	0.0000	0.0000	0.0000	0.0000	0.0000	0.0000											
84	93	0.5809	4	1	0	1	0	0	0	0	0	N	N	N	N	N	N	N	N	N	N	N	N	0.0000	0.0000	0.0000	0.0000	0.0000	0.0000	0.0000	0.0000	0.0000	0.0000	0.0000	0.0000	0.0000	0.0000	0.0000	0.0000	0.0000	0.0000	0.0000	0.0000	4.0000	2.7217	0.0000	3.0458	0.0000	0.0000	0.0000	0.0000	0.0000	0.0000	0.0000	0.0000	0.0000	0.0000	0.0000	0.0000	0.0000	0.0000	0.0000	0.0000	0.0000	0.0000	0.2473	0.2230	0.0242	0.1534	0.1426	0.0108	0.0939	0.0804	0.0134	0.0219	0.0108	0.0111	0.0070	0.0060	0.0011	0.0148	0.0048	0.0100	0.0000	0.0000	0.0000	0.0000	0.0000	0.0000	0.0000	0.0000	0.0000	0.0000	0.0000	0.0000	0.0000	0.0000	0.0000	0.0000	0.0000	0.0000											
84	94	0.6384	6	2	1	1	0	0	0	0	0	Y	N	N	N	N	N	N	N	N	N	N	N	inf	inf	inf	inf	2.0685	2.2350	0.0000	2.6295	2.7922	0.0000	0.0000	0.0000	0.0000	0.0000	0.0000	0.0000	0.0000	0.0000	0.0000	0.0000	0.0000	0.0000	0.0000	-0.2601	0.0000	4.0000	5.9980	0.0000	4.9575	0.9998	0.9998	0.0000	0.9998	0.9998	0.0000	0.0000	0.0000	0.0000	0.0000	0.0000	0.0000	0.0000	0.0000	0.0000	0.0000	0.0000	0.0000	0.4834	0.4474	0.0360	0.3802	0.3581	0.0221	0.1031	0.0893	0.0139	0.0227	0.0138	0.0089	0.0121	0.0102	0.0019	0.0106	0.0036	0.0070	inf	inf	0.0000	inf	inf	0.0000	0.0000	0.0000	0.0000	0.0000	0.0000	0.0000	0.0000	0.0000	0.0000	0.0000	0.0000	0.0000						
84	95	0.0472	2	2	1	1	0	0	0	0	0	Y	N	N	N	N	N	N	N	N	N	N	N	0.0000	0.0000	0.0000	0.0000	0.0000	0.0000	0.0000	0.0000	0.0000	0.0000	0.0000	0.0000	0.0000	0.0000	0.0000	0.0000	0.0000	0.0000	0.0000	0.0000	4.0000	0.0000	0.0000	2.0000	0.0000	0.0000	0.0000	0.0000	0.0000	0.0000	0.0000	0.0000	0.0000	0.0000	0.0000	0.0000	0.0000	0.0000	0.0000	0.0000	0.0000	0.0000	0.0000	0.0000	0.0000	0.0000	0.0000	0.0000	0.0000	0.0000	0.0000	0.0145	0.0048	0.0097	0.0000	0.0000	0.0000	0.0145	0.0048	0.0097	0.0000	0.0000	0.0000	0.0000	0.0000	0.0000	0.0000	0.0000	0.0000	0.0000	0.0000	0.0000	0.0000	0.0000	0.0000	0.0000	0.0000	0.0000											
84	97	0.5809	4	1	0	1	0	0	0	0	0	N	N	N	N	N	N	N	N	N	N	N	N	0.0000	0.0000	0.0000	0.0000	0.0000	0.0000	0.0000	0.0000	0.0000	0.0000	0.0000	0.0000	0.0000	0.0000	0.0000	0.0000	0.0000	0.0000	0.0000	0.0000	4.0000	3.9994	0.0000	4.0000	0.0000	0.0000	0.0000	0.0000	0.0000	0.0000	0.0000	0.0000	0.0000	0.0000	0.0000	0.0000	0.0000	0.0000	0.0000	0.0000	0.0000	0.0000	0.3506	0.3163	0.0343	0.2156	0.2005	0.0151	0.1350	0.1158	0.0192	0.0295	0.0146	0.0149	0.0096	0.0081	0.0014	0.0199	0.0065	0.0135	0.0000	0.0000	0.0000	0.0000	0.0000	0.0000	0.0000	0.0000	0.0000	0.0000	0.0000	0.0000	0.0000	0.0000	0.0000	0.0000	0.0000	0.0000											
84	99	0.4700	3	1	0	1	0	0	0	0	0	N	N	N	N	N	N	N	N	N	N	N	N	inf	inf	inf	inf	0.0001	0.0001	0.0000	0.0000	0.0000	0.0000	0.0002	0.0002	0.0000	0.0000	0.0000	0.0000	0.0000	0.0000	0.0000	0.0000	0.0000	0.0000	0.0000	-0.0000	0.0000	4.0000	1.5982	0.0000	11.1970	0.0000	0.0000	0.0000	0.0000	0.0000	0.0000	0.0000	0.0000	0.0000	0.0000	0.0000	0.0000	0.0000	0.0000	0.0000	0.0000	0.0000	0.0000	0.1625	0.1463	0.0162	0.1030	0.0957	0.0073	0.0595	0.0506	0.0089	0.0640	0.0351	0.0288	0.0239	0.0214	0.0025	0.0401	0.0137	0.0264	inf	inf	0.0000	0.0000	0.0000	0.0000	inf	inf	0.0000	0.0000	0.0000	0.0000	0.0000	0.0000	0.0000	0.0000	0.0000	0.0000						
84	100	0.6399	7	2	1	2	0	0	0	0	0	Y	N	Y	N	N	N	N	N	N	N	N	N	0.0000	0.0000	0.0000	0.0000	0.0000	0.0000	0.0000	0.0000	0.0000	0.0000	0.0000	0.0000	0.0000	0.0000	0.0000	0.0000	0.0000	0.0000	0.0000	0.0000	4.0000	0.0000	0.0000	0.9982	0.0000	0.0000	0.0000	0.0000	0.0000	0.0000	0.0000	0.0000	0.0000	0.0000	0.0000	0.0000	0.0000	0.0000	0.0000	0.0000	0.0000	0.0000	0.0139	0.0129	0.0010	0.0115	0.0110	0.0004	0.0025	0.0018	0.0006	0.0023	0.0014	0.0009	0.0012	0.0010	0.0002	0.0011	0.0004	0.0007	0.0000	0.0000	0.0000	0.0000	0.0000	0.0000	0.0000	0.0000	0.0000	0.0000	0.0000	0.0000	0.0000	0.0000	0.0000	0.0000	0.0000	0.0000											
84	101	0.0595	4	2	1	2	0	0	0	0	0	Y	N	Y	N	N	N	N	N	N	N	N	N	0.0000	0.0000	0.0000	0.0000	0.0000	0.0000	0.0000	0.0000	0.0000	0.0000	0.0000	0.0000	0.0000	0.0000	0.0000	0.0000	0.0000	0.0000	0.0000	0.0000	4.0000	0.0000	0.0000	0.0000	0.0000	0.0000	0.0000	0.0000	0.0000	0.0000	0.0000	0.0000	0.0000	0.0000	0.0000	0.0000	0.0000	0.0000	0.0000	0.0000	0.0000	0.0000	0.0000	0.0000	0.0000	0.0000	0.0000	0.0000	0.0000	0.0000	0.0000	0.0000	0.0000	0.0000	0.0000	0.0000	0.0000	0.0000	0.0000	0.0000	0.0000	0.0000	0.0000	0.0000	0.0000	0.0000	0.0000	0.0000	0.0000	0.0000	0.0000	0.0000	0.0000	0.0000	0.0000	0.0000	0.0000	0.0000											
84	102	0.0595	3	2	0	2	0	0	0	0	0	Y	N	Y	N	N	N	N	N	N	N	N	N	0.0000	0.0000	0.0000	0.0000	0.0000	0.0000	0.0000	0.0000	0.0000	0.0000	0.0000	0.0000	0.0000	0.0000	0.0000	0.0000	0.0000	0.0000	0.0000	0.0000	4.0000	0.0000	0.0000	0.0000	0.0000	0.0000	0.0000	0.0000	0.0000	0.0000	0.0000	0.0000	0.0000	0.0000	0.0000	0.0000	0.0000	0.0000	0.0000	0.0000	0.0000	0.0000	0.0000	0.0000	0.0000	0.0000	0.0000	0.0000	0.0000	0.0000	0.0000	0.0000	0.0000	0.0000	0.0000	0.0000	0.0000	0.0000	0.0000	0.0000	0.0000	0.0000	0.0000	0.0000	0.0000	0.0000	0.0000	0.0000	0.0000	0.0000	0.0000	0.0000	0.0000	0.0000	0.0000	0.0000	0.0000	0.0000											
84	103	0.0534	2	2	0	2	0	0	0	0	0	Y	N	Y	N	N	N	N	N	N	N	N	N	inf	inf	inf	inf	1.1493	0.0000	11.5309	0.0000	0.0000	0.0000	2.2716	0.0000	11.8006	0.0000	0.0000	0.0000	0.0000	0.0000	0.0000	0.0000	0.0000	0.0000	inf	0.0000	0.0000	4.0000	0.0000	0.0000	1.0091	0.0000	0.0000	0.0000	0.0000	0.0000	0.0000	0.0000	0.0000	0.0000	0.0000	0.0000	0.0000	0.0000	0.0000	0.0000	0.0000	0.0000	0.0000	0.0000	0.0000	0.0000	0.0000	0.0000	0.0000	0.0000	0.0000	0.0000	0.0069	0.0023	0.0047	0.0000	0.0000	0.0000	0.0069	0.0023	0.0047	inf	0.0000	inf	0.0000	0.0000	0.0000	inf	0.0000	inf	0.0000	0.0000	0.0000	0.0000	0.0000	0.0000	0.0000	0.0000	0.0000						
84	104	0.5809	4	1	1	1	0	0	0	0	0	N	N	N	N	N	N	N	N	N	N	N	N	0.0000	0.0000	0.0000	0.0000	0.0000	0.0000	0.0000	0.0000	0.0000	0.0000	0.0000	0.0000	0.0000	0.0000	0.0000	0.0000	0.0000	0.0000	0.0000	0.0000	4.0000	7.9994	0.0000	4.0001	0.0000	0.0000	0.0000	0.0000	0.0000	0.0000	0.0000	0.0000	0.0000	0.0000	0.0000	0.0000	0.0000	0.0000	0.0000	0.0000	0.0000	0.0000	0.6322	0.5708	0.0614	0.3786	0.3527	0.0259	0.2535	0.2180	0.0355	0.0422	0.0210	0.0212	0.0139	0.0118	0.0021	0.0283	0.0092	0.0191	0.0000	0.0000	0.0000	0.0000	0.0000	0.0000	0.0000	0.0000	0.0000	0.0000	0.0000	0.0000	0.0000	0.0000	0.0000	0.0000	0.0000	0.0000											
84	105	0.6434	8	2	0	2	0	0	0	0	0	Y	N	Y	N	N	N	N	N	N	N	N	N	0.0000	0.0000	0.0000	0.0000	0.0000	0.0000	0.0000	0.0000	0.0000	0.0000	0.0000	0.0000	0.0000	0.0000	0.0000	0.0000	0.0000	0.0000	0.0000	0.0000	4.0000	1.0000	0.0000	1.0005	0.0000	0.0000	0.0000	0.0000	0.0000	0.0000	0.0000	0.0000	0.0000	0.0000	0.0000	0.0000	0.0000	0.0000	0.0000	0.0000	0.0000	0.0000	0.0918	0.0851	0.0067	0.0740	0.0697	0.0043	0.0178	0.0154	0.0024	0.0044	0.0027	0.0017	0.0024	0.0020	0.0004	0.0020	0.0007	0.0013	0.0000	0.0000	0.0000	0.0000	0.0000	0.0000	0.0000	0.0000	0.0000	0.0000	0.0000	0.0000	0.0000	0.0000	0.0000	0.0000	0.0000	0.0000											
84	106	0.6399	7	2	0	2	0	0	0	0	0	Y	N	Y	N	N	N	N	N	N	N	N	N	inf	inf	inf	inf	0.0015	0.0016	0.0000	0.0000	0.0000	0.0000	0.0078	0.0092	0.0000	0.0000	0.0000	0.0000	0.0000	0.0000	0.0000	0.0000	0.0000	0.0000	0.0000	-0.0000	0.0000	4.0000	0.7249	0.0000	0.0368	0.0001	0.0001	0.0000	0.0000	0.0000	0.0000	0.0001	0.0001	0.0000	0.0000	0.0000	0.0000	0.0000	0.0000	0.0000	0.0000	0.0000	0.0000	0.0805	0.0746	0.0059	0.0651	0.0616	0.0035	0.0154	0.0130	0.0024	0.0018	0.0011	0.0007	0.0010	0.0008	0.0002	0.0008	0.0003	0.0005	inf	inf	0.0000	0.0000	0.0000	0.0000	inf	inf	0.0000	0.0000	0.0000	0.0000	0.0000	0.0000	0.0000	0.0000	0.0000	0.0000						
84	107	0.6384	6	2	0	2	0	0	0	0	0	Y	N	Y	N	N	N	N	N	N	N	N	N	inf	inf	inf	inf	inf	inf	0.0058	0.0062	0.0000	0.0027	0.0029	0.0000	0.0227	0.0263	0.0000	0.0000	0.0000	0.0000	0.0000	0.0000	0.0000	0.0000	0.0000	0.0000	0.0000	-0.0001	0.0000	4.0000	0.4159	0.0000	0.0887	0.0003	0.0003	0.0000	0.0001	0.0001	0.0000	0.0002	0.0002	0.0000	0.0000	0.0000	0.0000	0.0000	0.0000	0.0000	0.0000	0.0000	0.0000	0.0521	0.0486	0.0035	0.0442	0.0418	0.0024	0.0079	0.0068	0.0011	0.0014	0.0009	0.0005	0.0007	0.0006	0.0001	0.0006	0.0002	0.0004	inf	inf	0.0000	inf	inf	0.0000	inf	inf	0.0000	0.0000	0.0000	0.0000	0.0000	0.0000	0.0000	0.0000	0.0000	0.0000				
84	108	0.6222	5	2	0	1	0	0	0	0	0	Y	N	N	N	N	N	N	N	N	N	N	N	inf	inf	inf	inf	0.0005	0.0006	0.0000	0.0007	0.0008	0.0000	0.0000	0.0000	0.0000	0.0000	0.0000	0.0000	0.0000	0.0000	0.0000	0.0000	0.0000	0.0000	0.0000	-0.0000	0.0000	4.0000	3.9943	0.0000	0.9974	0.0002	0.0002	0.0000	0.0002	0.0002	0.0000	0.0000	0.0000	0.0000	0.0000	0.0000	0.0000	0.0000	0.0000	0.0000	0.0000	0.0000	0.0000	0.3373	0.3100	0.0273	0.2549	0.2394	0.0155	0.0825	0.0707	0.0118	0.0130	0.0073	0.0057	0.0064	0.0055	0.0009	0.0065	0.0018	0.0048	inf	inf	0.0000	inf	inf	0.0000	0.0000	0.0000	0.0000	0.0000	0.0000	0.0000	0.0000	0.0000	0.0000	0.0000	0.0000	0.0000						
84	109	0.0534	2	2	0	2	0	0	0	0	0	Y	N	Y	N	N	N	N	N	N	N	N	N	inf	inf	inf	inf	1.1493	0.0000	11.5309	0.0000	0.0000	0.0000	2.2716	0.0000	11.8006	0.0000	0.0000	0.0000	0.0000	0.0000	0.0000	0.0000	0.0000	0.0000	inf	0.0000	0.0000	4.0000	0.0000	0.0000	0.9909	0.0000	0.0000	0.0000	0.0000	0.0000	0.0000	0.0000	0.0000	0.0000	0.0000	0.0000	0.0000	0.0000	0.0000	0.0000	0.0000	0.0000	0.0000	0.0000	0.0000	0.0000	0.0000	0.0000	0.0000	0.0000	0.0000	0.0000	0.0068	0.0022	0.0046	0.0000	0.0000	0.0000	0.0068	0.0022	0.0046	inf	0.0000	inf	0.0000	0.0000	0.0000	inf	0.0000	inf	0.0000	0.0000	0.0000	0.0000	0.0000	0.0000	0.0000	0.0000	0.0000						
84	112	0.6268	5	1	0	2	0	0	0	0	0	N	N	Y	N	N	N	N	N	N	N	N	N	0.0000	0.0000	0.0000	0.0000	0.0000	0.0000	0.0000	0.0000	0.0000	0.0000	0.0000	0.0000	0.0000	0.0000	0.0000	0.0000	0.0000	0.0000	0.0000	0.0000	4.0000	0.0000	0.0000	0.0001	0.0000	0.0000	0.0000	0.0000	0.0000	0.0000	0.0000	0.0000	0.0000	0.0000	0.0000	0.0000	0.0000	0.0000	0.0000	0.0000	0.0000	0.0000	0.0000	0.0000	0.0000	0.0000	0.0000	0.0000	0.0000	0.0000	0.0000	0.0000	0.0000	0.0000	0.0000	0.0000	0.0000	0.0000	0.0000	0.0000	0.0000	0.0000	0.0000	0.0000	0.0000	0.0000	0.0000	0.0000	0.0000	0.0000	0.0000	0.0000	0.0000	0.0000	0.0000	0.0000	0.0000	0.0000											
84	113	0.5809	4	1	0	2	0	0	0	0	0	N	N	Y	N	N	N	N	N	N	N	N	N	0.0000	0.0000	0.0000	0.0000	0.0000	0.0000	0.0000	0.0000	0.0000	0.0000	0.0000	0.0000	0.0000	0.0000	0.0000	0.0000	0.0000	0.0000	0.0000	0.0000	4.0000	4.0004	0.0000	4.9999	0.0000	0.0000	0.0000	0.0000	0.0000	0.0000	0.0000	0.0000	0.0000	0.0000	0.0000	0.0000	0.0000	0.0000	0.0000	0.0000	0.0000	0.0000	0.3507	0.3164	0.0343	0.2156	0.2005	0.0151	0.1351	0.1159	0.0192	0.0328	0.0163	0.0166	0.0107	0.0091	0.0016	0.0221	0.0072	0.0149	0.0000	0.0000	0.0000	0.0000	0.0000	0.0000	0.0000	0.0000	0.0000	0.0000	0.0000	0.0000	0.0000	0.0000	0.0000	0.0000	0.0000	0.0000											
84	114	0.0575	2	1	1	1	0	0	0	0	0	N	N	N	N	N	N	N	N	N	N	N	N	inf	inf	inf	inf	0.0000	0.0000	0.0000	0.0002	0.0002	0.0000	0.0000	0.0000	0.0000	0.0000	0.0000	0.0000	0.0000	0.0000	0.0000	0.0000	0.0000	0.0000	0.0000	-0.0000	0.0000	4.0000	4.3361	0.0000	4.6323	0.0000	0.0000	0.0000	0.0000	0.0000	0.0000	0.0000	0.0000	0.0000	0.0000	0.0000	0.0000	0.0000	0.0000	0.0000	0.0000	0.0000	0.0000	0.4553	0.4062	0.0491	0.0469	0.0443	0.0026	0.4084	0.3619	0.0465	0.0981	0.0537	0.0444	0.0162	0.0150	0.0012	0.0820	0.0387	0.0433	inf	inf	0.0000	inf	inf	0.0000	0.0000	0.0000	0.0000	0.0000	0.0000	0.0000	0.0000	0.0000	0.0000	0.0000	0.0000	0.0000						
84	116	0.5809	4	1	1	1	1	0	0	0	0	N	N	N	N	N	N	N	N	N	N	N	N	inf	inf	inf	inf	2.3439	2.5976	0.0000	3.8386	4.1257	0.0000	0.0000	0.0000	0.0000	0.0000	0.0000	0.0000	0.0000	0.0000	0.0000	0.0000	0.0000	0.0000	0.0000	-0.2602	0.0000	4.0000	5.0006	0.0000	2.0000	1.0000	1.0000	0.0000	1.0000	1.0000	0.0000	0.0000	0.0000	0.0000	0.0000	0.0000	0.0000	0.0000	0.0000	0.0000	0.0000	0.0000	0.0000	0.4266	0.3850	0.0417	0.2605	0.2424	0.0181	0.1661	0.1426	0.0235	0.0261	0.0129	0.0132	0.0085	0.0072	0.0013	0.0177	0.0057	0.0120	inf	inf	0.0000	inf	inf	0.0000	0.0000	0.0000	0.0000	0.0000	0.0000	0.0000	0.0000	0.0000	0.0000	0.0000	0.0000	0.0000						
84	118	0.5809	4	1	1	1	0	0	0	0	0	N	N	N	N	N	N	N	N	N	N	N	N	inf	inf	inf	inf	0.9064	0.0000	9.4833	0.0000	0.0000	0.0000	2.1132	0.0000	15.6603	0.0000	0.0000	0.0000	0.0000	0.0000	0.0000	0.0000	0.0000	0.0000	inf	0.7398	0.0000	4.0000	16.9994	0.0000	6.0000	1.0000	0.0000	1.0000	0.0000	0.0000	0.0000	1.0000	0.0000	1.0000	0.0000	0.0000	0.0000	0.0000	0.0000	0.0000	0.0000	0.0000	0.0000	1.1032	0.9978	0.1054	0.6300	0.5884	0.0416	0.4732	0.4094	0.0639	0.0714	0.0360	0.0354	0.0243	0.0206	0.0037	0.0471	0.0154	0.0317	inf	0.0000	inf	0.0000	0.0000	0.0000	inf	0.0000	inf	0.0000	0.0000	0.0000	0.0000	0.0000	0.0000	0.0000	0.0000	0.0000						
84	120	0.0529	2	1	1	1	0	0	0	0	0	N	N	N	N	N	N	N	N	N	N	N	N	inf	inf	inf	inf	inf	inf	0.1218	0.0000	1.3090	0.0025	0.0000	0.0581	0.1948	0.0000	1.5690	0.0000	0.0000	0.0000	0.0000	0.0000	0.0000	0.0000	0.0000	0.0000	inf	0.0097	0.0000	4.0000	0.9998	0.0000	0.9486	0.0131	0.0000	0.0131	0.0001	0.0000	0.0001	0.0130	0.0000	0.0130	0.0000	0.0000	0.0000	0.0000	0.0000	0.0000	0.0000	0.0000	0.0000	0.1075	0.0975	0.0100	0.0408	0.0391	0.0017	0.0667	0.0584	0.0083	0.0199	0.0081	0.0118	0.0032	0.0031	0.0001	0.0167	0.0049	0.0117	inf	0.0000	inf	inf	0.0000	inf	inf	0.0000	inf	0.0000	0.0000	0.0000	0.0000	0.0000	0.0000	0.0000	0.0000	0.0000				
84	122	0.6222	5	1	1	1	0	0	0	0	0	N	N	N	N	N	N	N	N	N	N	N	N	0.0000	0.0000	0.0000	0.0000	0.0000	0.0000	0.0000	0.0000	0.0000	0.0000	0.0000	0.0000	0.0000	0.0000	0.0000	0.0000	0.0000	0.0000	0.0000	0.0000	4.0000	2.0001	0.0000	3.0000	0.0000	0.0000	0.0000	0.0000	0.0000	0.0000	0.0000	0.0000	0.0000	0.0000	0.0000	0.0000	0.0000	0.0000	0.0000	0.0000	0.0000	0.0000	0.1805	0.1660	0.0145	0.1384	0.1300	0.0084	0.0421	0.0360	0.0061	0.0130	0.0073	0.0057	0.0064	0.0055	0.0009	0.0065	0.0018	0.0048	0.0000	0.0000	0.0000	0.0000	0.0000	0.0000	0.0000	0.0000	0.0000	0.0000	0.0000	0.0000	0.0000	0.0000	0.0000	0.0000	0.0000	0.0000											
84	123	0.5809	4	1	0	1	0	0	0	0	0	N	N	N	N	N	N	N	N	N	N	N	N	0.0000	0.0000	0.0000	0.0000	0.0000	0.0000	0.0000	0.0000	0.0000	0.0000	0.0000	0.0000	0.0000	0.0000	0.0000	0.0000	0.0000	0.0000	0.0000	0.0000	4.0000	6.9986	0.0000	2.0000	0.0000	0.0000	0.0000	0.0000	0.0000	0.0000	0.0000	0.0000	0.0000	0.0000	0.0000	0.0000	0.0000	0.0000	0.0000	0.0000	0.0000	0.0000	0.5670	0.5118	0.0552	0.3417	0.3182	0.0235	0.2253	0.1936	0.0317	0.0328	0.0163	0.0166	0.0107	0.0091	0.0016	0.0221	0.0072	0.0149	0.0000	0.0000	0.0000	0.0000	0.0000	0.0000	0.0000	0.0000	0.0000	0.0000	0.0000	0.0000	0.0000	0.0000	0.0000	0.0000	0.0000	0.0000											
84	124	0.0583	2	1	1	1	0	0	0	0	0	N	N	N	N	N	N	N	N	N	N	N	N	inf	inf	inf	inf	inf	inf	1.3113	0.0000	12.9650	0.0007	0.0000	0.0167	1.5126	0.0000	13.7160	0.0000	0.0000	0.0000	0.0000	0.0000	0.0000	0.0000	0.0000	0.0000	inf	0.7353	0.0000	4.0000	3.9006	0.0000	3.1543	0.9940	0.0000	0.9940	0.0001	0.0000	0.0001	0.9939	0.0000	0.9939	0.0000	0.0000	0.0000	0.0000	0.0000	0.0000	0.0000	0.0000	0.0000	0.7580	0.6813	0.0767	0.1009	0.0967	0.0042	0.6571	0.5846	0.0725	0.1058	0.0479	0.0579	0.0125	0.0122	0.0003	0.0933	0.0357	0.0576	inf	0.0000	inf	inf	0.0000	inf	inf	0.0000	inf	0.0000	0.0000	0.0000	0.0000	0.0000	0.0000	0.0000	0.0000	0.0000				
84	126	0.5809	4	1	1	1	0	0	0	0	0	N	N	N	N	N	N	N	N	N	N	N	N	0.0000	0.0000	0.0000	0.0000	0.0000	0.0000	0.0000	0.0000	0.0000	0.0000	0.0000	0.0000	0.0000	0.0000	0.0000	0.0000	0.0000	0.0000	0.0000	0.0000	4.0000	0.9996	0.0000	8.0005	0.0000	0.0000	0.0000	0.0000	0.0000	0.0000	0.0000	0.0000	0.0000	0.0000	0.0000	0.0000	0.0000	0.0000	0.0000	0.0000	0.0000	0.0000	0.0956	0.0862	0.0094	0.0601	0.0558	0.0043	0.0355	0.0304	0.0051	0.0328	0.0163	0.0166	0.0107	0.0091	0.0016	0.0221	0.0072	0.0149	0.0000	0.0000	0.0000	0.0000	0.0000	0.0000	0.0000	0.0000	0.0000	0.0000	0.0000	0.0000	0.0000	0.0000	0.0000	0.0000	0.0000	0.0000											
84	127	0.4863	4	1	0	1	0	0	0	0	0	N	N	N	N	N	N	N	N	N	N	N	N	inf	inf	inf	inf	0.0000	0.0000	0.0000	0.0000	0.0000	0.0000	0.0000	0.0000	0.0000	0.0000	0.0000	0.0000	0.0000	0.0000	0.0000	0.0000	0.0000	0.0000	0.0000	-0.0000	0.0000	4.0000	3.6536	0.0000	12.3970	0.0000	0.0000	0.0000	0.0000	0.0000	0.0000	0.0000	0.0000	0.0000	0.0000	0.0000	0.0000	0.0000	0.0000	0.0000	0.0000	0.0000	0.0000	0.3479	0.3132	0.0347	0.2235	0.2065	0.0170	0.1244	0.1067	0.0178	0.0690	0.0377	0.0314	0.0257	0.0226	0.0031	0.0434	0.0151	0.0283	inf	inf	0.0000	inf	inf	0.0000	0.0000	0.0000	0.0000	0.0000	0.0000	0.0000	0.0000	0.0000	0.0000	0.0000	0.0000	0.0000						
84	128	0.2752	2	1	0	1	0	0	0	0	0	N	N	N	N	N	N	N	N	N	N	N	N	inf	inf	inf	inf	inf	inf	1.7348	1.9206	0.0000	0.2034	0.2178	0.0000	3.4492	3.9710	0.0000	0.0000	0.0000	0.0000	0.0000	0.0000	0.0000	0.0000	0.0000	0.0000	0.0000	-0.2658	0.0000	4.0000	5.3495	0.0000	12.4099	1.0216	1.0216	0.0000	0.0633	0.0633	0.0000	0.9584	0.9584	0.0000	0.0000	0.0000	0.0000	0.0000	0.0000	0.0000	0.0000	0.0000	0.0000	0.5889	0.5319	0.0570	0.3111	0.2906	0.0205	0.2779	0.2413	0.0365	0.1277	0.0678	0.0599	0.0444	0.0398	0.0045	0.0833	0.0280	0.0553	inf	inf	0.0000	inf	inf	0.0000	inf	inf	0.0000	0.0000	0.0000	0.0000	0.0000	0.0000	0.0000	0.0000	0.0000	0.0000				
84	129	0.6924	10	1	1	1	1	0	0	0	0	N	N	N	N	N	N	N	N	N	N	N	N	0.0000	0.0000	0.0000	0.0000	0.0000	0.0000	0.0000	0.0000	0.0000	0.0000	0.0000	0.0000	0.0000	0.0000	0.0000	0.0000	0.0000	0.0000	0.0000	0.0000	4.0000	0.0000	0.0000	0.0000	0.0000	0.0000	0.0000	0.0000	0.0000	0.0000	0.0000	0.0000	0.0000	0.0000	0.0000	0.0000	0.0000	0.0000	0.0000	0.0000	0.0000	0.0000	0.0000	0.0000	0.0000	0.0000	0.0000	0.0000	0.0000	0.0000	0.0000	0.0000	0.0000	0.0000	0.0000	0.0000	0.0000	0.0000	0.0000	0.0000	0.0000	0.0000	0.0000	0.0000	0.0000	0.0000	0.0000	0.0000	0.0000	0.0000	0.0000	0.0000	0.0000	0.0000	0.0000	0.0000	0.0000	0.0000											
84	130	0.6761	9	1	1	1	1	0	0	0	0	N	N	N	N	N	N	N	N	N	N	N	N	0.0000	0.0000	0.0000	0.0000	0.0000	0.0000	0.0000	0.0000	0.0000	0.0000	0.0000	0.0000	0.0000	0.0000	0.0000	0.0000	0.0000	0.0000	0.0000	0.0000	4.0000	0.0000	0.0000	3.0001	0.0000	0.0000	0.0000	0.0000	0.0000	0.0000	0.0000	0.0000	0.0000	0.0000	0.0000	0.0000	0.0000	0.0000	0.0000	0.0000	0.0000	0.0000	0.0000	0.0000	0.0000	0.0000	0.0000	0.0000	0.0000	0.0000	0.0000	0.0072	0.0044	0.0028	0.0040	0.0034	0.0006	0.0032	0.0010	0.0023	0.0000	0.0000	0.0000	0.0000	0.0000	0.0000	0.0000	0.0000	0.0000	0.0000	0.0000	0.0000	0.0000	0.0000	0.0000	0.0000	0.0000	0.0000											
84	131	0.6664	8	1	1	1	0	0	0	0	0	N	N	N	N	N	N	N	N	N	N	N	N	0.0000	0.0000	0.0000	0.0000	0.0000	0.0000	0.0000	0.0000	0.0000	0.0000	0.0000	0.0000	0.0000	0.0000	0.0000	0.0000	0.0000	0.0000	0.0000	0.0000	4.0000	0.0000	0.0000	0.0000	0.0000	0.0000	0.0000	0.0000	0.0000	0.0000	0.0000	0.0000	0.0000	0.0000	0.0000	0.0000	0.0000	0.0000	0.0000	0.0000	0.0000	0.0000	0.0000	0.0000	0.0000	0.0000	0.0000	0.0000	0.0000	0.0000	0.0000	0.0000	0.0000	0.0000	0.0000	0.0000	0.0000	0.0000	0.0000	0.0000	0.0000	0.0000	0.0000	0.0000	0.0000	0.0000	0.0000	0.0000	0.0000	0.0000	0.0000	0.0000	0.0000	0.0000	0.0000	0.0000	0.0000	0.0000											
84	132	0.6761	9	1	0	2	1	0	0	0	0	N	N	Y	N	N	N	N	N	N	N	N	N	0.0000	0.0000	0.0000	0.0000	0.0000	0.0000	0.0000	0.0000	0.0000	0.0000	0.0000	0.0000	0.0000	0.0000	0.0000	0.0000	0.0000	0.0000	0.0000	0.0000	4.0000	0.0000	0.0000	1.9999	0.0000	0.0000	0.0000	0.0000	0.0000	0.0000	0.0000	0.0000	0.0000	0.0000	0.0000	0.0000	0.0000	0.0000	0.0000	0.0000	0.0000	0.0000	0.0000	0.0000	0.0000	0.0000	0.0000	0.0000	0.0000	0.0000	0.0000	0.0049	0.0030	0.0019	0.0027	0.0023	0.0004	0.0022	0.0007	0.0015	0.0000	0.0000	0.0000	0.0000	0.0000	0.0000	0.0000	0.0000	0.0000	0.0000	0.0000	0.0000	0.0000	0.0000	0.0000	0.0000	0.0000	0.0000											
84	133	0.6871	10	1	0	2	1	0	0	0	0	N	N	Y	N	N	N	N	N	N	N	N	N	0.0000	0.0000	0.0000	0.0000	0.0000	0.0000	0.0000	0.0000	0.0000	0.0000	0.0000	0.0000	0.0000	0.0000	0.0000	0.0000	0.0000	0.0000	0.0000	0.0000	4.0000	1.0000	0.0000	0.0000	0.0000	0.0000	0.0000	0.0000	0.0000	0.0000	0.0000	0.0000	0.0000	0.0000	0.0000	0.0000	0.0000	0.0000	0.0000	0.0000	0.0000	0.0000	0.0985	0.0909	0.0076	0.0804	0.0754	0.0049	0.0181	0.0155	0.0026	0.0022	0.0013	0.0009	0.0011	0.0010	0.0001	0.0011	0.0003	0.0008	0.0000	0.0000	0.0000	0.0000	0.0000	0.0000	0.0000	0.0000	0.0000	0.0000	0.0000	0.0000	0.0000	0.0000	0.0000	0.0000	0.0000	0.0000											
84	134	0.6871	10	1	0	2	1	0	0	0	0	N	N	Y	N	N	N	N	N	N	N	N	N	0.0000	0.0000	0.0000	0.0000	0.0000	0.0000	0.0000	0.0000	0.0000	0.0000	0.0000	0.0000	0.0000	0.0000	0.0000	0.0000	0.0000	0.0000	0.0000	0.0000	4.0000	0.0000	0.0000	0.0000	0.0000	0.0000	0.0000	0.0000	0.0000	0.0000	0.0000	0.0000	0.0000	0.0000	0.0000	0.0000	0.0000	0.0000	0.0000	0.0000	0.0000	0.0000	0.0000	0.0000	0.0000	0.0000	0.0000	0.0000	0.0000	0.0000	0.0000	0.0000	0.0000	0.0000	0.0000	0.0000	0.0000	0.0000	0.0000	0.0000	0.0000	0.0000	0.0000	0.0000	0.0000	0.0000	0.0000	0.0000	0.0000	0.0000	0.0000	0.0000	0.0000	0.0000	0.0000	0.0000	0.0000	0.0000											
84	135	0.6761	9	1	0	2	1	0	0	0	0	N	N	Y	N	N	N	N	N	N	N	N	N	inf	inf	inf	inf	inf	inf	0.0130	0.0000	0.1663	0.0161	0.0000	0.2597	0.0005	0.0000	0.0036	0.0000	0.0000	0.0000	0.0000	0.0000	0.0000	0.0000	0.0000	0.0000	inf	0.0019	0.0000	4.0000	2.0025	0.0000	0.9943	0.0025	0.0000	0.0025	0.0025	0.0000	0.0025	0.0000	0.0000	0.0000	0.0000	0.0000	0.0000	0.0000	0.0000	0.0000	0.0000	0.0000	0.0000	0.1947	0.1795	0.0152	0.1562	0.1465	0.0097	0.0385	0.0330	0.0055	0.0072	0.0044	0.0028	0.0040	0.0034	0.0006	0.0032	0.0010	0.0023	inf	0.0000	inf	inf	0.0000	inf	inf	0.0000	inf	0.0000	0.0000	0.0000	0.0000	0.0000	0.0000	0.0000	0.0000	0.0000				
84	136	0.6761	8	1	0	1	1	0	0	0	0	N	N	N	N	N	N	N	N	N	N	N	N	inf	inf	inf	inf	inf	inf	inf	inf	inf	2.0319	1.1299	10.0779	2.1147	1.1778	10.6769	0.1874	0.0006	1.2532	0.0000	0.0000	0.0000	0.0000	0.0000	0.0000	0.0000	0.0000	0.0000	0.9999	0.0012	0.0000	4.0000	0.0050	0.0000	0.0173	0.0050	0.0025	0.0025	0.0050	0.0025	0.0025	0.0000	0.0000	0.0000	0.0000	0.0000	0.0000	0.0000	0.0000	0.0000	0.0000	0.0000	0.0000	0.0025	0.0022	0.0003	0.0024	0.0021	0.0002	0.0001	0.0001	0.0000	0.0001	0.0000	0.0000	0.0000	0.0000	0.0000	0.0000	0.0000	0.0000	inf	inf	inf	inf	inf	inf	inf	inf	inf	0.0000	0.0000	0.0000	0.0000	0.0000	0.0000	0.0000	0.0000	0.0000	
84	137	0.6664	7	1	0	1	1	0	0	0	0	N	N	N	N	N	N	N	N	N	N	N	N	inf	inf	inf	inf	inf	inf	6.6736	0.0004	77.2988	8.7801	0.0006	129.5379	0.0000	0.0000	0.0000	0.0000	0.0000	0.0000	0.0000	0.0000	0.0000	0.0000	0.0000	0.0000	16471.8275	0.7378	0.0000	4.0000	1.9972	0.0000	1.0076	0.9973	0.0001	0.9973	0.9973	0.0001	0.9973	0.0000	0.0000	0.0000	0.0000	0.0000	0.0000	0.0000	0.0000	0.0000	0.0000	0.0000	0.0000	0.1494	0.1365	0.0129	0.1136	0.1059	0.0077	0.0359	0.0307	0.0052	0.0063	0.0040	0.0023	0.0040	0.0035	0.0006	0.0023	0.0005	0.0017	inf	inf	inf	inf	inf	inf	0.0000	0.0000	0.0000	0.0000	0.0000	0.0000	0.0000	0.0000	0.0000	0.0000	0.0000	0.0000				
84	138	0.6492	6	2	1	1	0	0	0	0	0	Y	N	N	N	N	N	N	N	N	N	N	N	0.0000	0.0000	0.0000	0.0000	0.0000	0.0000	0.0000	0.0000	0.0000	0.0000	0.0000	0.0000	0.0000	0.0000	0.0000	0.0000	0.0000	0.0000	0.0000	0.0000	4.0000	0.0002	0.0000	2.3255	0.0000	0.0000	0.0000	0.0000	0.0000	0.0000	0.0000	0.0000	0.0000	0.0000	0.0000	0.0000	0.0000	0.0000	0.0000	0.0000	0.0000	0.0000	0.0000	0.0000	0.0000	0.0000	0.0000	0.0000	0.0000	0.0000	0.0000	0.0076	0.0046	0.0030	0.0036	0.0032	0.0004	0.0040	0.0014	0.0025	0.0000	0.0000	0.0000	0.0000	0.0000	0.0000	0.0000	0.0000	0.0000	0.0000	0.0000	0.0000	0.0000	0.0000	0.0000	0.0000	0.0000	0.0000											
84	139	0.6313	5	2	1	1	0	0	0	0	0	Y	N	N	N	N	N	N	N	N	N	N	N	inf	inf	inf	inf	inf	inf	0.0280	0.0307	0.0000	0.0378	0.0404	0.0000	0.0008	0.0010	0.0000	0.0000	0.0000	0.0000	0.0000	0.0000	0.0000	0.0000	0.0000	0.0000	0.0000	-0.0014	0.0000	4.0000	2.0138	0.0000	2.7349	0.0052	0.0052	0.0000	0.0052	0.0052	0.0000	0.0000	0.0000	0.0000	0.0000	0.0000	0.0000	0.0000	0.0000	0.0000	0.0000	0.0000	0.0000	0.1854	0.1692	0.0163	0.1366	0.1278	0.0087	0.0489	0.0413	0.0076	0.0216	0.0124	0.0092	0.0100	0.0091	0.0009	0.0116	0.0033	0.0083	inf	inf	0.0000	inf	inf	0.0000	inf	inf	0.0000	0.0000	0.0000	0.0000	0.0000	0.0000	0.0000	0.0000	0.0000	0.0000				
84	140	0.6478	6	1	1	1	0	0	0	0	0	N	N	N	N	N	N	N	N	N	N	N	N	inf	inf	inf	inf	inf	inf	1.2741	1.3511	0.0000	1.4987	1.5667	0.0000	0.0380	0.0437	0.0000	0.0000	0.0000	0.0000	0.0000	0.0000	0.0000	0.0000	0.0000	0.0000	0.0000	-0.1397	0.0000	4.0000	1.9232	0.0000	1.1116	0.5368	0.5368	0.0000	0.5344	0.5344	0.0000	0.0025	0.0025	0.0000	0.0000	0.0000	0.0000	0.0000	0.0000	0.0000	0.0000	0.0000	0.0000	0.4214	0.3973	0.0240	0.3566	0.3411	0.0155	0.0648	0.0562	0.0085	0.0068	0.0043	0.0025	0.0042	0.0036	0.0006	0.0026	0.0007	0.0020	inf	inf	0.0000	inf	inf	0.0000	inf	inf	0.0000	0.0000	0.0000	0.0000	0.0000	0.0000	0.0000	0.0000	0.0000	0.0000				
84	141	0.0440	2	1	1	1	0	0	0	0	0	N	N	N	N	N	N	N	N	N	N	N	N	0.0000	0.0000	0.0000	0.0000	0.0000	0.0000	0.0000	0.0000	0.0000	0.0000	0.0000	0.0000	0.0000	0.0000	0.0000	0.0000	0.0000	0.0000	0.0000	0.0000	4.0000	3.0000	0.0000	1.0000	0.0000	0.0000	0.0000	0.0000	0.0000	0.0000	0.0000	0.0000	0.0000	0.0000	0.0000	0.0000	0.0000	0.0000	0.0000	0.0000	0.0000	0.0000	0.5895	0.5259	0.0636	0.0570	0.0543	0.0027	0.5325	0.4716	0.0608	0.0649	0.0281	0.0368	0.0000	0.0000	0.0000	0.0649	0.0281	0.0368	0.0000	0.0000	0.0000	0.0000	0.0000	0.0000	0.0000	0.0000	0.0000	0.0000	0.0000	0.0000	0.0000	0.0000	0.0000	0.0000	0.0000	0.0000											
84	145	0.6664	8	2	1	1	0	0	0	0	0	Y	N	N	N	N	N	N	N	N	N	N	N	0.0000	0.0000	0.0000	0.0000	0.0000	0.0000	0.0000	0.0000	0.0000	0.0000	0.0000	0.0000	0.0000	0.0000	0.0000	0.0000	0.0000	0.0000	0.0000	0.0000	4.0000	1.0000	0.0000	1.0000	0.0000	0.0000	0.0000	0.0000	0.0000	0.0000	0.0000	0.0000	0.0000	0.0000	0.0000	0.0000	0.0000	0.0000	0.0000	0.0000	0.0000	0.0000	0.0767	0.0701	0.0066	0.0586	0.0546	0.0040	0.0181	0.0155	0.0026	0.0042	0.0027	0.0015	0.0027	0.0023	0.0004	0.0015	0.0004	0.0012	0.0000	0.0000	0.0000	0.0000	0.0000	0.0000	0.0000	0.0000	0.0000	0.0000	0.0000	0.0000	0.0000	0.0000	0.0000	0.0000	0.0000	0.0000											
84	146	0.6664	7	1	1	1	0	0	0	0	0	N	N	N	N	N	N	N	N	N	N	N	N	inf	inf	inf	inf	1.0335	1.1444	0.0000	1.1055	1.2221	0.0000	0.0000	0.0000	0.0000	0.0000	0.0000	0.0000	0.0000	0.0000	0.0000	0.0000	0.0000	0.0000	0.0000	-0.0001	0.0000	4.0000	0.0003	0.0000	0.0000	0.0002	0.0002	0.0000	0.0002	0.0002	0.0000	0.0000	0.0000	0.0000	0.0000	0.0000	0.0000	0.0000	0.0000	0.0000	0.0000	0.0000	0.0000	0.0002	0.0002	0.0000	0.0002	0.0002	0.0000	0.0000	0.0000	0.0000	0.0000	0.0000	0.0000	0.0000	0.0000	0.0000	0.0000	0.0000	0.0000	inf	inf	0.0000	inf	inf	0.0000	0.0000	0.0000	0.0000	0.0000	0.0000	0.0000	0.0000	0.0000	0.0000	0.0000	0.0000	0.0000						
84	147	0.6478	6	1	0	1	0	0	0	0	0	N	N	N	N	N	N	N	N	N	N	N	N	inf	inf	inf	inf	inf	inf	inf	inf	inf	3.3279	3.5828	0.0049	4.1483	4.3875	0.0080	0.0209	0.0243	0.0000	0.0000	0.0000	0.0000	0.0000	0.0000	0.0000	0.0000	0.0000	0.0000	0.0001	-0.5122	0.0000	4.0000	4.9449	0.0000	1.0063	1.9696	1.9693	0.0002	1.9671	1.9669	0.0002	0.0025	0.0025	0.0000	0.0000	0.0000	0.0000	0.0000	0.0000	0.0000	0.0000	0.0000	0.0000	0.5918	0.5497	0.0422	0.4742	0.4483	0.0259	0.1176	0.1014	0.0163	0.0128	0.0081	0.0048	0.0079	0.0068	0.0011	0.0050	0.0013	0.0037	inf	inf	inf	inf	inf	inf	inf	inf	inf	0.0000	0.0000	0.0000	0.0000	0.0000	0.0000	0.0000	0.0000	0.0000	
84	148	0.6313	5	1	0	1	0	0	0	0	0	N	N	N	N	N	N	N	N	N	N	N	N	inf	inf	inf	inf	inf	inf	inf	inf	inf	2.1399	2.3265	0.2869	3.0321	3.2044	0.5688	0.0005	0.0006	0.0000	0.0000	0.0000	0.0000	0.0000	0.0000	0.0000	0.0000	0.0000	0.0000	0.0124	-0.1471	0.0000	4.0000	3.4778	0.0000	1.2917	0.5933	0.5861	0.0073	0.5933	0.5860	0.0073	0.0000	0.0000	0.0000	0.0000	0.0000	0.0000	0.0000	0.0000	0.0000	0.0000	0.0000	0.0000	0.2773	0.2519	0.0254	0.1957	0.1829	0.0128	0.0816	0.0690	0.0126	0.0216	0.0124	0.0092	0.0100	0.0091	0.0009	0.0116	0.0033	0.0083	inf	inf	inf	inf	inf	inf	inf	inf	inf	0.0000	0.0000	0.0000	0.0000	0.0000	0.0000	0.0000	0.0000	0.0000	
84	149	0.5809	4	1	0	1	0	0	0	0	0	N	N	N	N	N	N	N	N	N	N	N	N	inf	inf	inf	inf	inf	inf	0.0084	0.0092	0.0010	0.0140	0.0148	0.0024	0.0000	0.0000	0.0000	0.0000	0.0000	0.0000	0.0000	0.0000	0.0000	0.0000	0.0000	0.0000	0.0117	-0.0013	0.0000	4.0000	7.8050	0.0000	4.0035	0.0052	0.0051	0.0001	0.0052	0.0051	0.0001	0.0000	0.0000	0.0000	0.0000	0.0000	0.0000	0.0000	0.0000	0.0000	0.0000	0.0000	0.0000	0.6197	0.5595	0.0602	0.3716	0.3462	0.0255	0.2481	0.2134	0.0347	0.0416	0.0207	0.0209	0.0137	0.0116	0.0021	0.0279	0.0091	0.0189	inf	inf	inf	inf	inf	inf	0.0000	0.0000	0.0000	0.0000	0.0000	0.0000	0.0000	0.0000	0.0000	0.0000	0.0000	0.0000				
84	150	0.4863	4	1	0	1	0	0	0	0	0	N	N	N	N	N	N	N	N	N	N	N	N	inf	inf	inf	inf	0.0000	0.0000	0.0000	0.0000	0.0000	0.0000	0.0000	0.0000	0.0000	0.0000	0.0000	0.0000	0.0000	0.0000	0.0000	0.0000	0.0000	0.0000	0.0000	-0.0000	0.0000	4.0000	3.7255	0.0000	14.1767	0.0000	0.0000	0.0000	0.0000	0.0000	0.0000	0.0000	0.0000	0.0000	0.0000	0.0000	0.0000	0.0000	0.0000	0.0000	0.0000	0.0000	0.0000	0.3537	0.3184	0.0353	0.2270	0.2098	0.0172	0.1267	0.1086	0.0181	0.0737	0.0400	0.0337	0.0272	0.0239	0.0033	0.0464	0.0161	0.0304	inf	inf	0.0000	inf	inf	0.0000	0.0000	0.0000	0.0000	0.0000	0.0000	0.0000	0.0000	0.0000	0.0000	0.0000	0.0000	0.0000						
84	151	0.4700	3	1	0	1	0	0	0	0	0	N	N	N	N	N	N	N	N	N	N	N	N	inf	inf	inf	inf	0.0001	0.0002	0.0000	0.0000	0.0000	0.0000	0.0004	0.0004	0.0000	0.0000	0.0000	0.0000	0.0000	0.0000	0.0000	0.0000	0.0000	0.0000	0.0000	-0.0000	0.0000	4.0000	1.4205	0.0000	4.0377	0.0000	0.0000	0.0000	0.0000	0.0000	0.0000	0.0000	0.0000	0.0000	0.0000	0.0000	0.0000	0.0000	0.0000	0.0000	0.0000	0.0000	0.0000	0.1464	0.1317	0.0147	0.0930	0.0863	0.0066	0.0534	0.0454	0.0080	0.0422	0.0249	0.0173	0.0174	0.0161	0.0013	0.0248	0.0088	0.0160	inf	inf	0.0000	0.0000	0.0000	0.0000	inf	inf	0.0000	0.0000	0.0000	0.0000	0.0000	0.0000	0.0000	0.0000	0.0000	0.0000						
85	87	0.6196	5	2	2	0	0	0	0	0	0	Y	Y	N	N	N	N	N	N	N	N	N	N	0.3474	0.2739	0.9778	1.1268	0.0000	0.0000	0.0013	0.0014	0.0000	0.0026	0.0028	0.0000	0.0000	0.0000	0.0000	0.0036	0.0051	0.0000	0.0027	0.0025	0.0000	0.0003	0.0128	0.0000	0.0000	0.0000	-0.0001	-0.0000	1.0086	9.0005	1.7435	5.0000	0.0003	0.0003	0.0000	0.0003	0.0003	0.0000	0.0000	0.0000	0.0000	0.0001	0.0001	0.0000	0.0000	0.0000	0.0000	0.0000	0.0000	0.0000	0.2536	0.2272	0.0264	0.1213	0.1141	0.0072	0.1323	0.1131	0.0192	0.0753	0.0475	0.0278	0.0376	0.0336	0.0040	0.0377	0.0139	0.0238	1.9005	1.3374	0.0000	2.4811	2.3564	0.0000	0.0000	0.0000	0.0000	0.0007	0.0011	0.0000	0.0011	0.0012	0.0000	0.0003	0.0007	0.0000			
85	88	0.0859	3	1	2	0	0	0	0	0	0	N	Y	N	N	N	N	N	N	N	N	N	N	0.0000	0.0000	0.0000	0.0000	0.0000	0.0000	0.0000	0.0000	0.0000	0.0000	0.0000	0.0000	0.0000	0.0000	0.0000	0.0000	0.0000	0.0000	0.0000	0.0000	1.0086	0.0000	1.7435	0.0000	0.0000	0.0000	0.0000	0.0000	0.0000	0.0000	0.0000	0.0000	0.0000	0.0000	0.0000	0.0000	0.0000	0.0000	0.0000	0.0000	0.0000	0.0000	0.0000	0.0000	0.0000	0.0000	0.0000	0.0000	0.0000	0.0000	0.0000	0.0000	0.0000	0.0000	0.0000	0.0000	0.0000	0.0000	0.0000	0.0000	0.0000	0.0000	0.0000	0.0000	0.0000	0.0000	0.0000	0.0000	0.0000	0.0000	0.0000	0.0000	0.0000	0.0000	0.0000	0.0000	0.0000	0.0000											
85	89	0.6869	7	1	2	0	0	0	0	0	0	N	Y	N	N	N	N	N	N	N	N	N	N	0.0000	0.0000	0.0000	0.0000	0.0000	0.0000	0.0000	0.0000	0.0000	0.0000	0.0000	0.0000	0.0000	0.0000	0.0000	0.0000	0.0004	0.0006	0.0001	0.0008	0.0008	0.0000	0.0001	0.0000	0.0001	0.1196	0.0000	-0.0000	1.0086	1.9953	1.7435	1.0817	0.0000	0.0000	0.0000	0.0000	0.0000	0.0000	0.0000	0.0000	0.0000	0.0000	0.0000	0.0000	0.0000	0.0000	0.0000	0.0000	0.0000	0.0000	0.0845	0.0767	0.0078	0.0560	0.0527	0.0033	0.0285	0.0240	0.0045	0.0168	0.0114	0.0054	0.0102	0.0092	0.0010	0.0066	0.0022	0.0044	0.0000	0.0000	0.0000	0.0000	0.0000	0.0000	0.0000	0.0000	0.0000	0.0002	0.0002	0.0001	0.0003	0.0003	0.0000	0.0001	0.0000	0.0001			
85	90	0.6609	6	1	2	0	0	0	0	0	0	N	Y	N	N	N	N	N	N	N	N	N	N	0.0130	0.0115	0.0015	0.0426	0.0441	0.2749	0.0009	0.0014	0.0009	0.0004	0.0004	0.0000	0.0006	0.0006	0.0000	0.0000	0.0000	0.0000	0.0300	0.0373	0.0003	0.0144	0.0147	0.0000	0.0003	0.0001	0.0003	0.0001	0.0396	-0.0000	-0.0000	1.0086	2.3999	1.7435	4.0713	0.0000	0.0000	0.0000	0.0000	0.0000	0.0000	0.0000	0.0000	0.0000	0.0001	0.0001	0.0000	0.0001	0.0001	0.0000	0.0000	0.0000	0.0000	0.0821	0.0747	0.0074	0.0522	0.0493	0.0030	0.0298	0.0254	0.0045	0.0317	0.0214	0.0103	0.0186	0.0167	0.0020	0.0131	0.0047	0.0084	0.1680	0.1296	0.0015	0.1611	0.1529	0.2749	0.0010	0.9808	0.0009	0.0023	0.0033	0.0003	0.0038	0.0042	0.0000	0.0002	0.0000	0.0003
85	91	0.6819	7	1	1	1	0	0	0	0	0	N	N	N	N	N	N	N	N	N	N	N	N	0.0000	0.0000	0.0000	0.0000	0.0000	0.0000	0.0000	0.0000	0.0000	0.0000	0.0000	0.0000	0.0000	0.0000	0.0000	0.0000	0.0000	0.0000	0.0000	0.0000	1.0086	0.0000	1.7435	0.0000	0.0000	0.0000	0.0000	0.0000	0.0000	0.0000	0.0000	0.0000	0.0000	0.0000	0.0000	0.0000	0.0000	0.0000	0.0000	0.0000	0.0000	0.0000	0.0000	0.0000	0.0000	0.0000	0.0000	0.0000	0.0000	0.0000	0.0000	0.0000	0.0000	0.0000	0.0000	0.0000	0.0000	0.0000	0.0000	0.0000	0.0000	0.0000	0.0000	0.0000	0.0000	0.0000	0.0000	0.0000	0.0000	0.0000	0.0000	0.0000	0.0000	0.0000	0.0000	0.0000	0.0000	0.0000											
85	92	0.6498	6	1	1	1	0	0	0	0	0	N	N	N	N	N	N	N	N	N	N	N	N	0.0001	0.0000	inf	0.0001	0.0001	inf	inf	inf	0.0002	0.0001	0.0006	0.0002	0.0002	0.0000	0.0001	0.0000	0.0008	1.7097	2.3363	0.0000	3.0326	3.1722	0.0000	0.0000	0.0000	0.0000	0.5674	0.0000	0.0000	-0.0060	1.0086	3.7221	1.7435	2.9993	0.0000	0.0000	0.0000	0.0000	0.0000	0.0000	0.0000	0.0000	0.0000	0.0114	0.0114	0.0000	0.0114	0.0114	0.0000	0.0000	0.0000	0.0000	0.1301	0.1175	0.0126	0.0692	0.0656	0.0036	0.0609	0.0519	0.0090	0.0365	0.0234	0.0131	0.0189	0.0169	0.0020	0.0176	0.0065	0.0111	0.0005	0.0002	inf	0.0003	0.0003	0.0000	inf	inf	inf	0.3131	0.4886	0.0000	0.6046	0.6769	0.0000	0.0000	0.0000	0.0000	
85	93	0.6196	5	1	1	0	0	0	0	0	0	N	N	N	N	N	N	N	N	N	N	N	N	5.4370	1.9192	2.0999	2.3361	inf	inf	0.0001	0.0001	0.0000	0.0002	0.0002	0.0000	0.0001	0.0001	0.0000	0.0000	0.0001	0.0000	0.0001	0.0001	0.0000	0.0000	0.0000	0.0000	0.0000	0.0137	-0.0000	-0.0000	1.0086	2.7217	1.7435	3.0458	0.0000	0.0000	0.0000	0.0000	0.0000	0.0000	0.0000	0.0000	0.0000	0.0000	0.0000	0.0000	0.0000	0.0000	0.0000	0.0000	0.0000	0.0000	0.0871	0.0781	0.0090	0.0432	0.0406	0.0025	0.0439	0.0374	0.0065	0.0335	0.0210	0.0125	0.0165	0.0148	0.0017	0.0170	0.0062	0.0108	518.5616	367.6635	0.0000	380.7401	361.8457	0.0000	inf	inf	0.0000	0.0000	0.0000	0.0000	0.0000	0.0000	0.0000	0.0000	0.0000	0.0000			
85	94	0.6771	7	2	2	0	0	0	0	0	0	Y	Y	N	N	N	N	N	N	N	N	N	N	0.0049	0.0035	0.0000	0.0036	0.0044	0.0000	0.0000	0.0000	0.0000	0.0000	0.0000	0.0000	0.0000	0.0000	0.0000	0.0000	0.0000	0.0001	0.0002	0.0000	0.0002	0.0002	0.0000	0.0000	0.0000	0.0000	0.0000	0.9636	-0.0000	-0.0000	1.0086	5.9980	1.7435	4.9575	0.0000	0.0000	0.0000	0.0000	0.0000	0.0000	0.0000	0.0000	0.0000	0.0000	0.0000	0.0000	0.0000	0.0000	0.0000	0.0000	0.0000	0.0000	0.1870	0.1708	0.0162	0.1204	0.1138	0.0066	0.0667	0.0570	0.0097	0.0490	0.0342	0.0148	0.0297	0.0264	0.0032	0.0193	0.0078	0.0116	0.0515	0.0773	0.0000	0.0629	0.0897	0.0000	0.0000	0.0000	0.0000	0.0000	0.0000	0.0000	0.0000	0.0000	0.0000	0.0000	0.0000	0.0000	
85	95	0.0859	3	2	2	0	0	0	0	0	0	Y	Y	N	N	N	N	N	N	N	N	N	N	0.0000	0.0000	0.0000	0.0000	0.0000	0.0000	0.0000	0.0000	0.0000	0.0000	0.0000	0.0000	0.0000	0.0035	0.0090	0.0000	0.0180	0.0161	0.0000	0.0000	0.0000	0.0000	0.0000	0.0000	-0.0000	1.0086	0.0000	1.7435	2.0000	0.0000	0.0000	0.0000	0.0000	0.0000	0.0000	0.0000	0.0000	0.0000	0.0000	0.0000	0.0000	0.0000	0.0000	0.0000	0.0000	0.0000	0.0000	0.0000	0.0000	0.0000	0.0000	0.0000	0.0000	0.0000	0.0000	0.0000	0.0151	0.0065	0.0087	0.0023	0.0022	0.0001	0.0128	0.0043	0.0086	0.0000	0.0000	0.0000	0.0000	0.0000	0.0000	0.0000	0.0000	0.0000	0.0007	0.0015	0.0000	0.0043	0.0045	0.0000	0.0000	0.0000	0.0000						
85	96	0.0635	2	1	2	0	0	0	0	0	0	N	Y	N	N	N	N	N	N	N	N	N	N	0.0000	0.0000	0.0000	0.0000	0.0000	0.0000	0.0000	0.0000	0.0000	0.0000	0.0000	0.0000	0.0000	0.0000	0.0000	0.0000	0.0000	0.0000	0.0000	0.0000	1.0086	4.0000	1.7435	0.0000	0.0000	0.0000	0.0000	0.0000	0.0000	0.0000	0.0000	0.0000	0.0000	0.0000	0.0000	0.0000	0.0000	0.0000	0.0000	0.0000	0.0000	0.0000	0.1199	0.1068	0.0131	0.0179	0.0172	0.0007	0.1020	0.0897	0.0123	0.0279	0.0130	0.0149	0.0030	0.0029	0.0001	0.0249	0.0101	0.0148	0.0000	0.0000	0.0000	0.0000	0.0000	0.0000	0.0000	0.0000	0.0000	0.0000	0.0000	0.0000	0.0000	0.0000	0.0000	0.0000	0.0000	0.0000											
85	97	0.6196	5	1	1	0	0	0	0	0	0	N	N	N	N	N	N	N	N	N	N	N	N	0.7116	0.5416	2.4378	2.9897	0.0000	0.0000	0.0025	0.0028	0.0000	0.0051	0.0054	0.0000	0.0000	0.0000	0.0000	0.0035	0.0051	0.0000	0.0021	0.0018	0.0000	0.0005	0.0219	0.0000	0.0000	0.0000	-0.0001	-0.0000	1.0086	3.9994	1.7435	4.0000	0.0003	0.0003	0.0000	0.0003	0.0003	0.0000	0.0000	0.0000	0.0000	0.0000	0.0000	0.0000	0.0000	0.0000	0.0000	0.0000	0.0000	0.0000	0.1245	0.1116	0.0129	0.0612	0.0577	0.0036	0.0633	0.0540	0.0093	0.0455	0.0286	0.0169	0.0225	0.0202	0.0024	0.0230	0.0084	0.0146	3.7783	2.6474	0.0000	5.7045	5.4205	0.0000	0.0000	0.0000	0.0000	0.0007	0.0010	0.0000	0.0009	0.0010	0.0000	0.0004	0.0012	0.0000			
85	98	0.0635	2	1	1	0	0	0	0	0	0	N	N	N	N	N	N	N	N	N	N	N	N	0.0000	0.0000	0.0000	0.0000	0.0000	0.0000	0.0000	0.0000	0.0000	0.0000	0.0000	0.0000	0.0000	0.0000	0.0000	0.0000	0.0000	0.0000	0.0000	0.0000	1.0086	1.0000	1.7435	0.0000	0.0000	0.0000	0.0000	0.0000	0.0000	0.0000	0.0000	0.0000	0.0000	0.0000	0.0000	0.0000	0.0000	0.0000	0.0000	0.0000	0.0000	0.0000	0.0601	0.0535	0.0066	0.0089	0.0085	0.0003	0.0513	0.0450	0.0063	0.0134	0.0062	0.0072	0.0014	0.0013	0.0001	0.0120	0.0049	0.0071	0.0000	0.0000	0.0000	0.0000	0.0000	0.0000	0.0000	0.0000	0.0000	0.0000	0.0000	0.0000	0.0000	0.0000	0.0000	0.0000	0.0000	0.0000											
85	99	0.5087	4	1	1	0	0	0	0	0	0	N	N	N	N	N	N	N	N	N	N	N	N	0.0930	68.0839	0.0000	0.3451	0.9440	0.0000	0.2067	177.1383	0.0000	0.1345	0.1579	0.0000	0.0012	0.0015	0.0000	0.3521	0.4030	0.0000	1.4460	0.0023	1.6333	0.0036	0.0016	0.0177	1.7033	0.0023	0.7787	0.0000	445.5753	-0.0030	0.0097	1.0086	1.5982	1.7435	11.1970	0.0116	0.0116	0.0000	0.0001	0.0001	0.0000	0.0115	0.0115	0.0000	0.0203	0.0000	0.0203	0.0001	0.0000	0.0000	0.0203	0.0000	0.0203	0.0859	0.0732	0.0127	0.0533	0.0447	0.0086	0.0326	0.0285	0.0041	0.1226	0.0705	0.0521	0.0555	0.0521	0.0034	0.0671	0.0184	0.0487	0.8107	244.4412	0.0000	0.8937	1.7539	0.0000	1.1664	6022.4632	0.0000	0.1659	0.0006	0.3895	0.0014	0.0009	0.0099	0.3019	0.0001	0.4158
85	100	0.6786	8	2	2	1	0	0	0	0	0	Y	Y	N	N	N	N	N	N	N	N	N	N	0.0000	0.0000	0.0000	0.0000	0.0000	0.0000	0.0000	0.0000	0.0000	0.0000	0.0000	0.0000	0.0000	0.0000	0.0000	0.5865	0.8262	0.0000	0.3812	0.3912	0.0000	0.0000	0.0000	0.0000	0.0000	0.0000	-0.0000	1.0086	0.0000	1.7435	0.9982	0.0000	0.0000	0.0000	0.0000	0.0000	0.0000	0.0000	0.0000	0.0000	0.0001	0.0001	0.0000	0.0001	0.0001	0.0000	0.0000	0.0000	0.0000	0.0037	0.0034	0.0003	0.0031	0.0029	0.0001	0.0006	0.0005	0.0002	0.0050	0.0035	0.0015	0.0031	0.0027	0.0004	0.0019	0.0008	0.0011	0.0000	0.0000	0.0000	0.0000	0.0000	0.0000	0.0000	0.0000	0.0000	0.0140	0.0200	0.0000	0.0229	0.0258	0.0000	0.0000	0.0000	0.0000				
85	101	0.0982	5	2	2	1	0	0	0	0	0	Y	Y	N	N	N	N	N	N	N	N	N	N	0.0000	0.0000	0.0000	0.0000	0.0000	0.0000	0.0000	0.0000	0.0000	0.0000	0.0000	0.0000	0.0000	0.0000	0.0000	0.0000	0.0000	0.0000	0.0000	0.0000	1.0086	0.0000	1.7435	0.0000	0.0000	0.0000	0.0000	0.0000	0.0000	0.0000	0.0000	0.0000	0.0000	0.0000	0.0000	0.0000	0.0000	0.0000	0.0000	0.0000	0.0000	0.0000	0.0000	0.0000	0.0000	0.0000	0.0000	0.0000	0.0000	0.0000	0.0000	0.0000	0.0000	0.0000	0.0000	0.0000	0.0000	0.0000	0.0000	0.0000	0.0000	0.0000	0.0000	0.0000	0.0000	0.0000	0.0000	0.0000	0.0000	0.0000	0.0000	0.0000	0.0000	0.0000	0.0000	0.0000	0.0000	0.0000											
85	102	0.0982	4	2	1	1	0	0	0	0	0	Y	N	N	N	N	N	N	N	N	N	N	N	0.0000	0.0000	0.0000	0.0000	0.0000	0.0000	0.0000	0.0000	0.0000	0.0000	0.0000	0.0000	0.0000	0.0000	0.0000	0.0000	0.0000	0.0000	0.0000	0.0000	1.0086	0.0000	1.7435	0.0000	0.0000	0.0000	0.0000	0.0000	0.0000	0.0000	0.0000	0.0000	0.0000	0.0000	0.0000	0.0000	0.0000	0.0000	0.0000	0.0000	0.0000	0.0000	0.0000	0.0000	0.0000	0.0000	0.0000	0.0000	0.0000	0.0000	0.0000	0.0000	0.0000	0.0000	0.0000	0.0000	0.0000	0.0000	0.0000	0.0000	0.0000	0.0000	0.0000	0.0000	0.0000	0.0000	0.0000	0.0000	0.0000	0.0000	0.0000	0.0000	0.0000	0.0000	0.0000	0.0000	0.0000	0.0000											
85	103	0.0922	3	2	1	1	0	0	0	0	0	Y	N	N	N	N	N	N	N	N	N	N	N	0.0000	0.0000	0.0000	0.0000	0.0000	0.0000	0.0000	0.0000	0.0000	0.0000	0.0000	0.0000	0.0000	0.0000	0.0000	0.0000	0.0000	0.0000	0.0000	0.0000	1.0086	0.0000	1.7435	1.0091	0.0000	0.0000	0.0000	0.0000	0.0000	0.0000	0.0000	0.0000	0.0000	0.0000	0.0000	0.0000	0.0000	0.0000	0.0000	0.0000	0.0000	0.0000	0.0000	0.0000	0.0000	0.0000	0.0000	0.0000	0.0000	0.0000	0.0000	0.0073	0.0031	0.0042	0.0012	0.0011	0.0000	0.0061	0.0020	0.0041	0.0000	0.0000	0.0000	0.0000	0.0000	0.0000	0.0000	0.0000	0.0000	0.0000	0.0000	0.0000	0.0000	0.0000	0.0000	0.0000	0.0000	0.0000											
85	104	0.6196	5	1	2	0	0	0	0	0	0	N	Y	N	N	N	N	N	N	N	N	N	N	1.6565	1.0681	2.0220	2.5027	0.0014	0.0016	0.0000	0.0029	0.0031	0.0000	0.0000	0.0000	0.0000	0.0008	0.0015	0.0000	0.0014	0.0012	0.0000	0.0000	0.0000	0.0000	0.0000	0.0000	-0.0001	-0.0000	1.0086	7.9994	1.7435	4.0001	0.0003	0.0003	0.0000	0.0003	0.0003	0.0000	0.0000	0.0000	0.0000	0.0000	0.0000	0.0000	0.0000	0.0000	0.0000	0.0000	0.0000	0.0000	0.2298	0.2059	0.0239	0.1105	0.1040	0.0065	0.1193	0.1019	0.0173	0.0658	0.0414	0.0243	0.0328	0.0293	0.0035	0.0330	0.0121	0.0209	4.5790	3.2183	0.0000	4.7433	4.5063	0.0000	0.0000	0.0000	0.0000	0.0003	0.0005	0.0000	0.0006	0.0007	0.0000	0.0000	0.0000	0.0000					
85	105	0.6821	9	2	1	1	0	0	0	0	0	Y	N	N	N	N	N	N	N	N	N	N	N	0.0000	0.0000	0.0000	0.0000	0.0000	0.0000	0.0000	0.0000	0.0000	0.0000	0.0000	0.0000	0.0000	0.0000	0.0000	0.0000	0.0000	3.5301	5.0439	0.0001	6.6218	6.8076	0.0002	0.0001	0.0000	0.0001	0.0004	0.0000	-0.0000	-0.0175	1.0086	1.0000	1.7435	1.0005	0.0000	0.0000	0.0000	0.0000	0.0000	0.0000	0.0000	0.0000	0.0000	0.0336	0.0336	0.0000	0.0336	0.0336	0.0000	0.0000	0.0000	0.0000	0.0353	0.0323	0.0030	0.0236	0.0223	0.0013	0.0117	0.0100	0.0017	0.0095	0.0067	0.0029	0.0058	0.0052	0.0006	0.0037	0.0015	0.0022	0.0000	0.0000	0.0000	0.0000	0.0000	0.0000	0.0000	0.0000	0.0000	3.5301	5.0439	0.0001	5.8137	6.5026	0.0002	0.0000	0.0000	0.0001	
85	106	0.6786	8	2	1	1	0	0	0	0	0	Y	N	N	N	N	N	N	N	N	N	N	N	0.0041	0.0067	0.0602	0.0064	0.0071	0.0137	0.0072	0.0000	0.0807	0.0000	0.0000	0.0001	0.0000	0.0000	0.0000	0.0000	0.0000	0.0002	0.0026	0.0004	0.0017	0.0005	0.0005	0.0001	0.0037	0.0014	0.0022	3.6790	7.7067	0.0000	0.0000	1.0086	0.7249	1.7435	0.0368	0.0000	0.0000	0.0000	0.0000	0.0000	0.0000	0.0000	0.0000	0.0000	0.0000	0.0000	0.0000	0.0000	0.0000	0.0000	0.0000	0.0000	0.0000	0.0294	0.0269	0.0025	0.0202	0.0191	0.0011	0.0092	0.0078	0.0014	0.0039	0.0027	0.0012	0.0024	0.0021	0.0003	0.0015	0.0006	0.0009	0.0190	0.0271	0.0602	0.0316	0.0318	0.0137	0.0209	0.0000	0.0807	0.0006	0.0001	0.0017	0.0001	0.0001	0.0001	0.0013	0.0000	0.0022
85	107	0.6771	7	2	1	1	0	0	0	0	0	Y	N	N	N	N	N	N	N	N	N	N	N	0.0298	0.0303	0.1005	0.0315	0.0349	0.0905	0.0000	0.0000	0.0000	0.0000	0.0000	0.0000	0.0000	0.0001	0.0000	0.0000	0.0000	0.0007	0.0007	0.0003	0.0010	0.0008	0.0007	0.0002	0.0000	0.0002	0.1161	0.4134	-0.0000	-0.0000	1.0086	0.4159	1.7435	0.0887	0.0000	0.0000	0.0000	0.0000	0.0000	0.0000	0.0000	0.0000	0.0000	0.0000	0.0000	0.0000	0.0000	0.0000	0.0000	0.0000	0.0000	0.0000	0.0185	0.0171	0.0015	0.0135	0.0128	0.0007	0.0050	0.0043	0.0007	0.0028	0.0020	0.0008	0.0017	0.0015	0.0002	0.0011	0.0005	0.0006	0.0765	0.0746	0.1005	0.0750	0.0757	0.1032	0.0000	0.0000	0.0000	0.0003	0.0003	0.0003	0.0004	0.0004	0.0006	0.0001	0.0000	0.0002	
85	108	0.6609	6	2	1	0	0	0	0	0	0	Y	N	N	N	N	N	N	N	N	N	N	N	0.0311	2.3396	0.0056	0.1387	3.1639	0.0000	0.0021	inf	0.0214	0.0003	0.0003	0.0000	0.0005	0.0005	0.0000	0.0000	0.0000	0.0000	0.0099	0.0001	0.0038	0.0035	0.0002	0.0284	0.0024	0.0000	0.0016	0.0062	399.9396	-0.0000	0.0000	1.0086	3.9943	1.7435	0.9974	0.0000	0.0000	0.0000	0.0000	0.0000	0.0000	0.0000	0.0000	0.0000	0.0000	0.0000	0.0000	0.0000	0.0000	0.0000	0.0000	0.0000	0.0000	0.1304	0.1185	0.0119	0.0816	0.0770	0.0046	0.0487	0.0415	0.0072	0.0248	0.0167	0.0080	0.0146	0.0130	0.0015	0.0102	0.0037	0.0065	0.2516	74.4829	0.0056	0.3567	89.3028	0.0000	0.0051	inf	0.0214	0.0012	0.0000	0.0038	0.0014	0.0000	0.0131	0.0010	0.0000	0.0016
85	109	0.0922	3	2	1	1	0	0	0	0	0	Y	N	N	N	N	N	N	N	N	N	N	N	0.0000	0.0000	0.0000	0.0000	0.0000	0.0000	0.0000	0.0000	0.0000	0.0000	0.0000	0.0000	0.0000	0.0000	0.0000	0.0000	0.0000	0.0000	0.0000	0.0000	1.0086	0.0000	1.7435	0.9909	0.0000	0.0000	0.0000	0.0000	0.0000	0.0000	0.0000	0.0000	0.0000	0.0000	0.0000	0.0000	0.0000	0.0000	0.0000	0.0000	0.0000	0.0000	0.0000	0.0000	0.0000	0.0000	0.0000	0.0000	0.0000	0.0000	0.0000	0.0072	0.0031	0.0041	0.0011	0.0011	0.0000	0.0060	0.0020	0.0040	0.0000	0.0000	0.0000	0.0000	0.0000	0.0000	0.0000	0.0000	0.0000	0.0000	0.0000	0.0000	0.0000	0.0000	0.0000	0.0000	0.0000	0.0000											
85	110	0.0635	2	2	1	1	0	0	0	0	0	Y	N	N	N	N	N	N	N	N	N	N	N	inf	inf	inf	inf	0.0001	0.0001	0.0000	0.0006	0.0006	0.0000	0.0000	0.0000	0.0000	0.0000	0.0000	0.0000	0.0000	0.0000	0.0000	0.0000	0.0000	0.0000	0.0000	-0.0000	0.0000	1.0086	4.0000	1.7435	0.0000	0.0000	0.0000	0.0000	0.0000	0.0000	0.0000	0.0000	0.0000	0.0000	0.0000	0.0000	0.0000	0.0000	0.0000	0.0000	0.0000	0.0000	0.0000	0.1199	0.1068	0.0131	0.0179	0.0172	0.0007	0.1020	0.0897	0.0123	0.0279	0.0130	0.0149	0.0030	0.0029	0.0001	0.0249	0.0101	0.0148	inf	inf	0.0000	inf	inf	0.0000	0.0000	0.0000	0.0000	0.0000	0.0000	0.0000	0.0000	0.0000	0.0000	0.0000	0.0000	0.0000						
85	112	0.6655	6	1	1	1	0	0	0	0	0	N	N	N	N	N	N	N	N	N	N	N	N	0.0000	0.0000	0.0000	0.0000	0.0000	0.0000	0.0000	0.0000	0.0000	0.0000	0.0000	0.0000	0.0000	0.0000	0.0000	0.0000	0.0000	0.0000	0.0000	-0.0000	1.0086	0.0000	1.7435	0.0001	0.0000	0.0000	0.0000	0.0000	0.0000	0.0000	0.0000	0.0000	0.0000	0.0000	0.0000	0.0000	0.0000	0.0000	0.0000	0.0000	0.0000	0.0000	0.0000	0.0000	0.0000	0.0000	0.0000	0.0000	0.0000	0.0000	0.0000	0.0000	0.0000	0.0000	0.0000	0.0000	0.0000	0.0000	0.0000	0.0000	0.0000	0.0000	0.0000	0.0000	0.0000	0.0000	0.0000	0.0000	0.0000	0.0000	0.0000	0.0000	0.0000	0.0000	0.0000	0.0000	0.0000	0.0000											
85	113	0.6196	5	1	1	1	0	0	0	0	0	N	N	N	N	N	N	N	N	N	N	N	N	0.4248	1.0898	0.0000	1.0887	2.8301	0.0000	0.0022	0.0024	0.0000	0.0044	0.0047	0.0000	0.0000	0.0000	0.0000	0.0051	0.0022	0.0011	0.0040	0.0017	0.0126	0.0000	0.0000	0.0000	0.0000	1.0000	-0.0001	-0.0000	1.0086	4.0004	1.7435	4.9999	0.0003	0.0003	0.0000	0.0003	0.0003	0.0000	0.0000	0.0000	0.0000	0.0000	0.0000	0.0000	0.0000	0.0000	0.0000	0.0000	0.0000	0.0000	0.1245	0.1116	0.0129	0.0613	0.0577	0.0036	0.0633	0.0540	0.0093	0.0507	0.0319	0.0188	0.0252	0.0225	0.0027	0.0256	0.0094	0.0162	2.7499	3.8563	0.0000	2.7724	5.2674	0.0000	0.0000	0.0000	0.0000	0.0008	0.0006	0.0011	0.0016	0.0009	0.0075	0.0000	0.0000	0.0000			
85	114	0.0962	3	1	2	0	0	0	0	0	0	N	Y	N	N	N	N	N	N	N	N	N	N	0.0304	0.0000	121.3701	0.0002	0.0000	0.3248	23.7552	inf	179.3654	0.0544	0.0001	0.3684	0.0011	0.0002	0.0282	0.0739	0.0000	0.3894	1.7905	2.4651	0.0030	4.3360	4.3875	0.0869	0.0031	0.0000	0.0022	1140.3389	0.0039	0.0077	-0.0174	1.0086	4.3361	1.7435	4.6323	0.0105	0.0000	0.0105	0.0001	0.0000	0.0000	0.0104	0.0000	0.0104	0.0336	0.0335	0.0001	0.0335	0.0335	0.0000	0.0001	0.0000	0.0001	0.1924	0.1641	0.0284	0.0515	0.0498	0.0016	0.1409	0.1142	0.0267	0.0972	0.0547	0.0425	0.0235	0.0223	0.0012	0.0737	0.0324	0.0414	0.1572	0.0001	121.3701	0.0008	0.0001	0.8477	60.6277	inf	179.3654	0.3460	0.6130	0.0030	1.4284	1.5024	0.0333	0.0012	0.0000	0.0022
85	115	0.0635	2	1	1	0	0	0	0	0	0	N	N	N	N	N	N	N	N	N	N	N	N	0.0003	0.0002	0.0006	0.0007	0.0000	0.0000	0.0002	0.0002	0.0000	0.0010	0.0011	0.0000	0.0000	0.0000	0.0000	0.5770	1.0003	0.0000	1.6029	1.6087	0.0000	0.0000	0.0006	0.0000	0.0000	0.0000	-0.0000	-0.0001	1.0086	1.9840	1.7435	0.2610	0.0000	0.0000	0.0000	0.0000	0.0000	0.0000	0.0000	0.0000	0.0000	0.0002	0.0002	0.0000	0.0002	0.0002	0.0000	0.0000	0.0000	0.0000	0.0643	0.0573	0.0071	0.0095	0.0091	0.0004	0.0549	0.0481	0.0067	0.0162	0.0075	0.0087	0.0017	0.0016	0.0001	0.0145	0.0059	0.0086	0.0113	0.0059	0.0000	0.0080	0.0080	0.0000	0.0000	0.0000	0.0000	0.0135	0.0292	0.0000	0.1288	0.1350	0.0000	0.0000	0.0000	0.0000			
85	116	0.6196	5	1	2	0	1	0	0	0	0	N	Y	N	N	N	N	N	N	N	N	N	N	0.0584	inf	0.0000	inf	inf	0.0000	0.0000	0.0003	0.0003	0.0000	0.0005	0.0006	0.0000	0.0000	0.0000	0.0000	0.0045	0.0000	0.0020	0.0000	0.0000	0.0000	0.0052	0.0000	0.0023	0.0000	inf	-0.0000	0.0000	1.0086	5.0006	1.7435	2.0000	0.0000	0.0000	0.0000	0.0000	0.0000	0.0000	0.0000	0.0000	0.0000	0.0000	0.0000	0.0000	0.0000	0.0000	0.0000	0.0000	0.0000	0.0000	0.1525	0.1367	0.0158	0.0746	0.0702	0.0044	0.0779	0.0665	0.0114	0.0402	0.0253	0.0150	0.0199	0.0178	0.0021	0.0203	0.0075	0.0129	0.3519	inf	0.0000	inf	inf	0.0000	0.0000	0.0000	0.0000	0.0007	0.0000	0.0020	0.0000	0.0000	0.0000	0.0015	0.0000	0.0023		
85	117	0.0635	2	1	2	0	1	0	0	0	0	N	Y	N	N	N	N	N	N	N	N	N	N	0.0000	0.0000	0.0000	0.0000	0.0000	0.0000	0.0000	0.0000	0.0000	0.0000	0.0000	0.0000	0.0000	0.0000	0.0000	1.5694	0.0000	1.8358	0.0937	0.0000	0.7421	1.5554	0.0000	0.7168	inf	0.0000	0.0010	1.0086	0.0000	1.7435	1.0000	0.0000	0.0000	0.0000	0.0000	0.0000	0.0000	0.0000	0.0000	0.0000	0.0022	0.0000	0.0022	0.0000	0.0000	0.0000	0.0022	0.0000	0.0022	0.0000	0.0000	0.0000	0.0000	0.0000	0.0000	0.0000	0.0000	0.0000	0.0102	0.0047	0.0055	0.0011	0.0010	0.0000	0.0092	0.0037	0.0054	0.0000	0.0000	0.0000	0.0000	0.0000	0.0000	0.0000	0.0000	0.0000	0.2118	0.0000	0.3947	0.0094	0.0000	0.2059	0.2353	0.0000	0.3963				
85	118	0.6196	5	1	2	0	0	0	0	0	0	N	Y	N	N	N	N	N	N	N	N	N	N	0.0008	0.0006	0.0000	0.0013	0.0014	0.0000	0.0000	0.0000	0.0007	0.0008	0.0000	0.0016	0.0017	0.0000	0.0000	0.0000	0.0000	0.9432	1.4190	0.0002	1.1924	1.2309	0.0000	0.0125	0.3377	0.0003	0.0000	0.0020	-0.0001	-0.0026	1.0086	16.9994	1.7435	6.0000	0.0003	0.0003	0.0000	0.0003	0.0003	0.0000	0.0000	0.0000	0.0000	0.0050	0.0049	0.0000	0.0048	0.0048	0.0000	0.0001	0.0001	0.0000	0.4157	0.3726	0.0432	0.1914	0.1800	0.0114	0.2243	0.1926	0.0317	0.1140	0.0722	0.0418	0.0576	0.0514	0.0062	0.0564	0.0208	0.0355	0.0166	0.0118	0.0000	0.0187	0.0178	0.0000	0.0000	0.0000	0.0000	0.0434	0.0684	0.0002	0.0836	0.0938	0.0000	0.0023	0.0058	0.0003	
85	119	0.0635	2	1	2	0	0	0	0	0	0	N	Y	N	N	N	N	N	N	N	N	N	N	6.6099	0.0023	291.4081	0.0069	0.0003	0.1208	15.1686	inf	623.5020	6.8123	0.0022	62.8494	0.0111	0.0005	0.2579	8.0100	0.0025	66.6325	1.0306	0.9418	0.2157	1.6126	1.5021	2.1344	0.5281	0.0000	0.1069	3512.6071	3.1294	0.7276	0.0008	1.0086	5.0000	1.7435	6.0000	0.9838	0.0003	0.9835	0.0002	0.0000	0.0002	0.9836	0.0003	0.9833	0.0035	0.0009	0.0027	0.0010	0.0009	0.0002	0.0025	0.0000	0.0025	0.1444	0.1288	0.0156	0.0216	0.0207	0.0009	0.1228	0.1080	0.0148	0.0674	0.0316	0.0358	0.0077	0.0074	0.0004	0.0597	0.0242	0.0355	130.8773	0.0809	846.0461	0.0849	0.0042	0.5668	191.2933	inf	945.0053	0.0521	0.0269	0.0743	0.1307	0.1152	0.4550	0.0419	0.0000	0.0705
85	120	0.0916	3	1	2	0	0	0	0	0	0	N	Y	N	N	N	N	N	N	N	N	N	N	0.0004	0.0003	0.0005	0.0004	0.0004	0.0000	0.0002	0.0002	0.0000	0.0003	0.0004	0.0000	0.0006	0.0006	0.0000	0.0000	0.0000	0.0000	0.8005	1.3629	0.0009	1.4961	1.4645	0.0619	0.0007	0.0004	0.0008	0.0001	0.0186	-0.0000	-0.0002	1.0086	0.9998	1.7435	0.9486	0.0000	0.0000	0.0000	0.0000	0.0000	0.0000	0.0000	0.0000	0.0000	0.0004	0.0004	0.0000	0.0004	0.0004	0.0000	0.0000	0.0000	0.0000	0.0304	0.0279	0.0025	0.0172	0.0165	0.0007	0.0132	0.0114	0.0018	0.0136	0.0062	0.0075	0.0032	0.0032	0.0000	0.0104	0.0030	0.0074	0.0121	0.0061	0.0005	0.0052	0.0054	0.0000	0.0002	0.0372	0.0000	0.0267	0.0579	0.0009	0.1107	0.1113	0.0275	0.0006	0.0000	0.0008
85	121	0.0635	2	1	2	0	0	0	0	0	0	N	Y	N	N	N	N	N	N	N	N	N	N	0.0000	0.0001	0.0000	0.0000	0.0002	0.0000	0.0000	0.0000	0.0000	0.0000	0.0000	0.0000	0.0000	0.0000	0.0000	0.0000	0.0000	0.0000	1.0345	0.0083	0.3659	0.5722	0.0341	3.4158	0.7147	0.0009	0.1482	0.0000	76.8768	-0.0000	0.0013	1.0086	3.0005	1.7435	1.1085	0.0000	0.0000	0.0000	0.0000	0.0000	0.0000	0.0000	0.0000	0.0000	0.0027	0.0000	0.0027	0.0002	0.0000	0.0002	0.0025	0.0000	0.0025	0.1568	0.1398	0.0169	0.0235	0.0225	0.0010	0.1332	0.1173	0.0160	0.0494	0.0231	0.0263	0.0055	0.0052	0.0002	0.0439	0.0179	0.0261	0.0000	0.0006	0.0000	0.0002	0.0009	0.0000	0.0000	0.0000	0.0000	0.0544	0.0015	0.1008	0.0354	0.0066	0.6399	0.0568	0.0000	0.0957
85	122	0.6609	6	1	2	0	0	0	0	0	0	N	Y	N	N	N	N	N	N	N	N	N	N	0.0750	inf	0.0001	0.3176	inf	0.0000	0.0001	inf	0.0000	0.0007	0.0008	0.0000	0.0011	0.0012	0.0000	0.0000	0.0000	0.0000	0.0096	0.0000	0.0037	0.0036	0.0000	0.0286	0.0022	0.0000	0.0015	0.0000	inf	-0.0000	0.0000	1.0086	2.0001	1.7435	3.0000	0.0001	0.0000	0.0000	0.0000	0.0000	0.0000	0.0000	0.0000	0.0000	0.0000	0.0000	0.0000	0.0000	0.0000	0.0000	0.0000	0.0000	0.0000	0.0693	0.0630	0.0062	0.0443	0.0418	0.0025	0.0250	0.0213	0.0037	0.0248	0.0168	0.0081	0.0146	0.0131	0.0015	0.0102	0.0037	0.0065	0.5970	inf	0.0001	0.8230	inf	0.0000	0.0003	inf	0.0000	0.0012	0.0000	0.0037	0.0014	0.0000	0.0131	0.0010	0.0000	0.0015
85	123	0.6196	5	1	1	0	0	0	0	0	0	N	N	N	N	N	N	N	N	N	N	N	N	3.1438	1.9180	2.9498	3.4301	0.0014	0.0015	0.0000	0.0028	0.0030	0.0000	0.0000	0.0000	0.0000	0.0004	0.0008	0.0000	0.0010	0.0009	0.0000	0.0000	0.0000	0.0000	0.0000	0.0000	-0.0001	-0.0000	1.0086	6.9986	1.7435	2.0000	0.0003	0.0003	0.0000	0.0003	0.0003	0.0000	0.0000	0.0000	0.0000	0.0000	0.0000	0.0000	0.0000	0.0000	0.0000	0.0000	0.0000	0.0000	0.2050	0.1837	0.0213	0.0991	0.0933	0.0059	0.1059	0.0904	0.0154	0.0507	0.0319	0.0188	0.0252	0.0225	0.0027	0.0256	0.0094	0.0162	6.9216	4.8551	0.0000	7.0986	6.7476	0.0000	0.0000	0.0000	0.0000	0.0002	0.0003	0.0000	0.0004	0.0004	0.0000	0.0000	0.0000	0.0000					
85	124	0.0970	3	1	2	0	0	0	0	0	0	N	Y	N	N	N	N	N	N	N	N	N	N	0.0630	0.0343	0.0714	0.0467	0.0589	2.4841	4.1934	4.4815	0.0018	0.0013	0.0014	0.0000	0.0035	0.0037	0.0001	0.0006	0.0006	0.0000	0.0205	0.0418	0.0002	0.0748	0.0622	0.0000	0.0001	0.0001	0.0002	0.0009	0.0406	-0.0001	-0.0001	1.0086	3.9006	1.7435	3.1543	0.0003	0.0003	0.0000	0.0002	0.0002	0.0000	0.0001	0.0001	0.0000	0.0002	0.0002	0.0000	0.0002	0.0002	0.0000	0.0000	0.0000	0.0000	0.2170	0.1950	0.0220	0.0533	0.0508	0.0026	0.1637	0.1442	0.0195	0.0843	0.0442	0.0401	0.0180	0.0173	0.0006	0.0663	0.0268	0.0395	0.6789	0.4117	0.0714	0.4076	0.4132	2.4841	6.0921	3783.6735	0.0018	0.0019	0.0035	0.0002	0.0086	0.0089	0.0000	0.0001	0.0000	0.0002
85	125	0.0635	2	1	2	0	0	0	0	0	0	N	Y	N	N	N	N	N	N	N	N	N	N	0.0023	0.0016	inf	0.0000	0.0000	480.1667	2.6710	inf	0.0018	0.0021	0.0000	0.0001	0.0001	0.0000	0.0021	0.0024	0.0000	0.7953	1.3059	0.0000	2.2654	2.2231	0.0000	0.0000	0.0009	0.0000	0.0000	0.0000	-0.0000	-0.0006	1.0086	1.6924	1.7435	1.9110	0.0002	0.0002	0.0000	0.0000	0.0000	0.0000	0.0002	0.0002	0.0000	0.0011	0.0011	0.0000	0.0011	0.0011	0.0000	0.0000	0.0000	0.0000	0.0968	0.0862	0.0106	0.0144	0.0138	0.0006	0.0824	0.0724	0.0100	0.0441	0.0206	0.0235	0.0048	0.0046	0.0002	0.0393	0.0160	0.0233	0.0718	0.0376	inf	0.0002	0.0002	0.0000	480.1667	222.2028	inf	0.0255	0.0546	0.0000	0.2318	0.2428	0.0000	0.0000	0.0000	0.0000	
85	126	0.6196	5	1	2	0	0	0	0	0	0	N	Y	N	N	N	N	N	N	N	N	N	N	0.0000	0.0000	0.0000	0.0000	0.0000	0.0000	0.0000	0.0000	0.0000	0.0000	0.0000	0.0000	0.0000	0.0000	0.0000	0.0000	0.0000	0.0000	1.0364	1.5244	0.0067	1.4037	1.4888	0.0228	0.0729	0.9580	0.0043	0.0000	0.0373	-0.0000	-0.0014	1.0086	0.9996	1.7435	8.0005	0.0000	0.0000	0.0000	0.0000	0.0000	0.0000	0.0000	0.0000	0.0000	0.0028	0.0027	0.0001	0.0026	0.0026	0.0000	0.0002	0.0001	0.0001	0.0332	0.0298	0.0034	0.0166	0.0157	0.0010	0.0166	0.0141	0.0025	0.0507	0.0319	0.0188	0.0252	0.0225	0.0027	0.0256	0.0094	0.0162	0.0000	0.0000	0.0000	0.0000	0.0000	0.0000	0.0000	0.0000	0.0000	0.0548	0.0840	0.0053	0.1029	0.1138	0.0113	0.0074	0.0128	0.0043
85	127	0.5250	5	1	1	0	0	0	0	0	0	N	N	N	N	N	N	N	N	N	N	N	N	0.0566	0.0459	0.0007	0.0003	0.0003	0.0001	14.5711	0.6281	0.0016	0.0778	0.0893	0.0000	0.0007	0.0008	0.0000	0.1807	0.2090	0.0000	1.3741	1.9460	0.0010	2.3924	2.5132	0.0082	0.0124	0.3328	0.0006	0.0000	0.0031	-0.0030	-0.0084	1.0086	3.6536	1.7435	12.3970	0.0115	0.0115	0.0000	0.0001	0.0001	0.0000	0.0114	0.0114	0.0000	0.0162	0.0162	0.0000	0.0161	0.0160	0.0000	0.0001	0.0001	0.0000	0.1477	0.1287	0.0190	0.0845	0.0740	0.0105	0.0632	0.0547	0.0086	0.1208	0.0708	0.0500	0.0538	0.0497	0.0041	0.0670	0.0211	0.0459	0.5800	0.3915	0.0007	0.0025	0.0026	0.0001	80.9535	36.4569	0.0016	0.1341	0.2281	0.0010	0.2984	0.3226	0.0051	0.0022	0.0057	0.0006
85	128	0.3139	3	1	1	0	0	0	0	0	0	N	N	N	N	N	N	N	N	N	N	N	N	0.0635	0.0001	202.1752	0.0139	0.0001	114.4508	11.6247	0.0132	218.3553	0.0747	0.0001	0.5528	0.0258	0.0001	0.3809	0.1145	0.0001	0.6025	1.1759	1.7292	0.0027	1.8522	1.9773	0.0033	0.0098	0.0051	0.0028	852.9209	0.0157	0.0122	-0.0088	1.0086	5.3495	1.7435	12.4099	0.0165	0.0000	0.0164	0.0026	0.0000	0.0025	0.0139	0.0000	0.0139	0.0173	0.0171	0.0003	0.0171	0.0171	0.0000	0.0003	0.0000	0.0002	0.2205	0.1907	0.0298	0.0989	0.0923	0.0067	0.1215	0.0985	0.0231	0.2309	0.1328	0.0981	0.1050	0.0951	0.0099	0.1259	0.0377	0.0882	0.9951	0.0008	202.1752	0.1588	0.0008	151.6454	56.6874	0.2342	218.3553	0.0751	0.1285	0.0027	0.1626	0.1793	0.0025	0.0020	0.0003	0.0028
85	129	0.7311	11	1	2	0	1	0	0	0	0	N	Y	N	N	N	N	N	N	N	N	N	N	0.0000	0.0000	0.0000	0.0000	0.0000	0.0000	0.0000	0.0000	0.0000	0.0000	0.0000	0.0000	0.0000	0.0000	0.0000	0.0000	0.0000	0.0000	0.0000	0.0000	1.0086	0.0000	1.7435	0.0000	0.0000	0.0000	0.0000	0.0000	0.0000	0.0000	0.0000	0.0000	0.0000	0.0000	0.0000	0.0000	0.0000	0.0000	0.0000	0.0000	0.0000	0.0000	0.0000	0.0000	0.0000	0.0000	0.0000	0.0000	0.0000	0.0000	0.0000	0.0000	0.0000	0.0000	0.0000	0.0000	0.0000	0.0000	0.0000	0.0000	0.0000	0.0000	0.0000	0.0000	0.0000	0.0000	0.0000	0.0000	0.0000	0.0000	0.0000	0.0000	0.0000	0.0000	0.0000	0.0000	0.0000	0.0000											
85	130	0.7148	10	1	2	0	1	0	0	0	0	N	Y	N	N	N	N	N	N	N	N	N	N	0.0000	0.0000	0.0000	0.0000	0.0000	0.0000	0.0000	0.0000	0.0000	0.0000	0.0000	0.0000	0.0000	2.7345	0.0000	15.7386	0.0000	0.0000	0.0000	5.4763	0.0000	17.9811	inf	0.0000	0.0161	1.0086	0.0000	1.7435	3.0001	0.0000	0.0000	0.0000	0.0000	0.0000	0.0000	0.0000	0.0000	0.0000	0.0336	0.0000	0.0336	0.0000	0.0000	0.0000	0.0336	0.0000	0.0336	0.0000	0.0000	0.0000	0.0000	0.0000	0.0000	0.0000	0.0000	0.0000	0.0155	0.0106	0.0049	0.0093	0.0084	0.0009	0.0061	0.0022	0.0040	0.0000	0.0000	0.0000	0.0000	0.0000	0.0000	0.0000	0.0000	0.0000	2.1721	0.0000	6.8913	0.0000	0.0000	0.0000	5.4763	0.0000	8.4919						
85	131	0.7051	9	1	2	0	0	0	0	0	0	N	Y	N	N	N	N	N	N	N	N	N	N	0.0000	0.0000	0.0000	0.0000	0.0000	0.0000	0.0000	0.0000	0.0000	0.0000	0.0000	0.0000	0.0000	0.0000	0.0000	0.0000	0.0000	0.0000	0.0000	0.0000	1.0086	0.0000	1.7435	0.0000	0.0000	0.0000	0.0000	0.0000	0.0000	0.0000	0.0000	0.0000	0.0000	0.0000	0.0000	0.0000	0.0000	0.0000	0.0000	0.0000	0.0000	0.0000	0.0000	0.0000	0.0000	0.0000	0.0000	0.0000	0.0000	0.0000	0.0000	0.0000	0.0000	0.0000	0.0000	0.0000	0.0000	0.0000	0.0000	0.0000	0.0000	0.0000	0.0000	0.0000	0.0000	0.0000	0.0000	0.0000	0.0000	0.0000	0.0000	0.0000	0.0000	0.0000	0.0000	0.0000	0.0000	0.0000											
85	132	0.7148	10	1	1	1	1	0	0	0	0	N	N	N	N	N	N	N	N	N	N	N	N	0.0000	0.0000	0.0000	0.0000	0.0000	0.0000	0.0000	0.0000	0.0000	0.0000	0.0000	0.0000	0.0000	0.0000	0.0000	0.0000	0.0000	0.0000	0.0000	0.0000	1.0086	0.0000	1.7435	1.9999	0.0000	0.0000	0.0000	0.0000	0.0000	0.0000	0.0000	0.0000	0.0000	0.0000	0.0000	0.0000	0.0000	0.0000	0.0000	0.0000	0.0000	0.0000	0.0000	0.0000	0.0000	0.0000	0.0000	0.0000	0.0000	0.0000	0.0000	0.0104	0.0071	0.0033	0.0063	0.0057	0.0006	0.0041	0.0015	0.0027	0.0000	0.0000	0.0000	0.0000	0.0000	0.0000	0.0000	0.0000	0.0000	0.0000	0.0000	0.0000	0.0000	0.0000	0.0000	0.0000	0.0000	0.0000											
85	133	0.7258	11	1	1	1	1	0	0	0	0	N	N	N	N	N	N	N	N	N	N	N	N	0.0000	0.0000	0.0000	0.0000	0.0000	0.0000	0.0000	0.0000	0.0000	0.0000	0.0000	0.0000	0.0000	0.0000	0.0000	0.0000	0.0000	0.0000	0.0000	0.0000	1.0086	1.0000	1.7435	0.0000	0.0000	0.0000	0.0000	0.0000	0.0000	0.0000	0.0000	0.0000	0.0000	0.0000	0.0000	0.0000	0.0000	0.0000	0.0000	0.0000	0.0000	0.0000	0.0376	0.0347	0.0029	0.0258	0.0247	0.0012	0.0118	0.0101	0.0018	0.0051	0.0035	0.0016	0.0030	0.0027	0.0003	0.0021	0.0007	0.0013	0.0000	0.0000	0.0000	0.0000	0.0000	0.0000	0.0000	0.0000	0.0000	0.0000	0.0000	0.0000	0.0000	0.0000	0.0000	0.0000	0.0000	0.0000											
85	134	0.7258	11	1	1	1	1	0	0	0	0	N	N	N	N	N	N	N	N	N	N	N	N	0.0000	0.0000	0.0000	0.0000	0.0000	0.0000	0.0000	0.0000	0.0000	0.0000	0.0000	0.0000	0.0000	0.0000	0.0000	0.0000	0.0000	0.0000	0.0000	0.0000	1.0086	0.0000	1.7435	0.0000	0.0000	0.0000	0.0000	0.0000	0.0000	0.0000	0.0000	0.0000	0.0000	0.0000	0.0000	0.0000	0.0000	0.0000	0.0000	0.0000	0.0000	0.0000	0.0000	0.0000	0.0000	0.0000	0.0000	0.0000	0.0000	0.0000	0.0000	0.0000	0.0000	0.0000	0.0000	0.0000	0.0000	0.0000	0.0000	0.0000	0.0000	0.0000	0.0000	0.0000	0.0000	0.0000	0.0000	0.0000	0.0000	0.0000	0.0000	0.0000	0.0000	0.0000	0.0000	0.0000	0.0000	0.0000											
85	135	0.7148	10	1	1	1	1	0	0	0	0	N	N	N	N	N	N	N	N	N	N	N	N	0.0000	0.0000	0.0000	0.0000	0.0000	0.0000	0.0000	0.0000	0.0000	0.0000	0.0000	0.0000	0.0000	0.0000	0.0000	0.0000	0.0000	0.0000	0.0001	0.0000	0.0000	0.0000	0.0000	0.0000	inf	0.0000	0.0000	1.0086	2.0025	1.7435	0.9943	0.0000	0.0000	0.0000	0.0000	0.0000	0.0000	0.0000	0.0000	0.0000	0.0000	0.0000	0.0000	0.0000	0.0000	0.0000	0.0000	0.0000	0.0000	0.0742	0.0683	0.0059	0.0501	0.0478	0.0023	0.0241	0.0205	0.0036	0.0155	0.0106	0.0049	0.0093	0.0084	0.0009	0.0061	0.0022	0.0040	0.0000	0.0000	0.0000	0.0000	0.0000	0.0000	0.0000	0.0000	0.0000	0.0000	0.0000	0.0000	0.0000	0.0000	0.0000	0.0000	0.0000	0.0000				
85	136	0.7148	9	1	1	0	1	0	0	0	0	N	N	N	N	N	N	N	N	N	N	N	N	0.0000	0.0000	0.0000	0.0000	0.0000	0.0000	0.0000	0.0000	0.0000	0.0000	0.0000	0.0000	0.0000	0.0000	0.0000	0.0000	0.0000	0.0003	0.0004	0.0002	0.0006	0.0005	0.0002	0.0002	0.0000	0.0002	1.0000	0.0000	-0.0000	1.0086	0.0050	1.7435	0.0173	0.0000	0.0000	0.0000	0.0000	0.0000	0.0000	0.0000	0.0000	0.0000	0.0000	0.0000	0.0000	0.0000	0.0000	0.0000	0.0000	0.0000	0.0000	0.0008	0.0007	0.0001	0.0007	0.0007	0.0001	0.0001	0.0001	0.0000	0.0001	0.0001	0.0000	0.0001	0.0001	0.0000	0.0000	0.0000	0.0000	0.0000	0.0000	0.0000	0.0000	0.0000	0.0000	0.0000	0.0000	0.0000	0.0001	0.0001	0.0002	0.0001	0.0001	0.0002	0.0001	0.0000	0.0002		
85	137	0.7051	8	1	1	0	1	0	0	0	0	N	N	N	N	N	N	N	N	N	N	N	N	0.0000	0.0000	0.0000	0.0000	0.0000	0.0000	0.0000	0.0000	0.0000	0.0000	0.0000	0.0000	0.0000	0.0000	0.0001	0.0000	0.0001	0.0001	0.0000	0.0000	0.0000	0.0000	0.0000	0.0000	-0.0000	1.0086	1.9972	1.7435	1.0076	0.0000	0.0000	0.0000	0.0000	0.0000	0.0000	0.0000	0.0000	0.0000	0.0000	0.0000	0.0000	0.0000	0.0000	0.0000	0.0000	0.0000	0.0000	0.0603	0.0551	0.0052	0.0369	0.0352	0.0017	0.0234	0.0199	0.0035	0.0148	0.0103	0.0045	0.0094	0.0084	0.0009	0.0055	0.0019	0.0036	0.0000	0.0000	0.0000	0.0000	0.0000	0.0000	0.0000	0.0000	0.0000	0.0000	0.0000	0.0000	0.0000	0.0000	0.0000	0.0000	0.0000	0.0000						
85	138	0.6879	7	2	2	0	0	0	0	0	0	Y	Y	N	N	N	N	N	N	N	N	N	N	1.8261	1.7382	0.0000	6.0471	6.5771	0.0000	0.0000	0.0000	0.0000	0.0667	0.0816	0.0000	0.1160	0.1257	0.0000	0.0000	0.0000	0.0000	0.0365	0.0470	0.0002	0.0192	0.0191	0.0011	0.0001	0.0005	0.0001	0.0007	0.0264	-0.0000	-0.0000	1.0086	0.0002	1.7435	2.3255	0.0000	0.0000	0.0000	0.0000	0.0000	0.0000	0.0000	0.0000	0.0000	0.0000	0.0000	0.0000	0.0000	0.0000	0.0000	0.0000	0.0000	0.0000	0.0000	0.0000	0.0000	0.0000	0.0000	0.0000	0.0000	0.0000	0.0000	0.0156	0.0108	0.0048	0.0087	0.0080	0.0007	0.0068	0.0028	0.0040	25.7325	22.4488	0.0000	25.3672	25.6076	0.0000	0.0000	0.0000	0.0000	0.0026	0.0036	0.0002	0.0046	0.0049	0.0009	0.0001	0.0000	0.0001
85	139	0.6700	6	2	2	0	0	0	0	0	0	Y	Y	N	N	N	N	N	N	N	N	N	N	0.0000	0.0000	0.0749	0.0000	0.0000	0.0276	0.0048	0.0004	0.0937	0.0000	0.0000	0.0001	0.0000	0.0000	0.0000	0.0000	0.0000	0.0002	0.6195	0.8816	0.0017	0.4421	0.4487	0.0001	0.0096	0.0513	0.0019	0.9765	0.0387	0.0000	-0.0002	1.0086	2.0138	1.7435	2.7349	0.0000	0.0000	0.0000	0.0000	0.0000	0.0000	0.0000	0.0000	0.0000	0.0005	0.0005	0.0000	0.0005	0.0005	0.0000	0.0000	0.0000	0.0000	0.0581	0.0521	0.0060	0.0312	0.0294	0.0018	0.0269	0.0227	0.0042	0.0320	0.0207	0.0113	0.0175	0.0161	0.0014	0.0145	0.0047	0.0098	0.0016	0.0006	0.0749	0.0003	0.0003	0.0276	0.0231	0.0100	0.0937	0.0158	0.0234	0.0017	0.0272	0.0296	0.0001	0.0020	0.0022	0.0019
85	140	0.6865	7	1	2	0	0	0	0	0	0	N	Y	N	N	N	N	N	N	N	N	N	N	0.0041	0.0037	0.0000	0.0030	0.0035	0.0000	0.0000	0.0000	0.0000	0.0000	0.0000	0.0000	0.0000	0.0000	0.0000	0.0000	0.0000	0.0004	0.0004	0.0002	0.0006	0.0006	0.0002	0.0002	0.0000	0.0002	0.0020	0.7955	-0.0000	-0.0000	1.0086	1.9232	1.7435	1.1116	0.0000	0.0000	0.0000	0.0000	0.0000	0.0000	0.0000	0.0000	0.0000	0.0000	0.0000	0.0000	0.0000	0.0000	0.0000	0.0000	0.0000	0.0000	0.1405	0.1316	0.0089	0.1098	0.1053	0.0045	0.0307	0.0263	0.0043	0.0154	0.0107	0.0047	0.0097	0.0087	0.0010	0.0058	0.0020	0.0038	0.0092	0.0122	0.0000	0.0117	0.0124	0.0000	0.0000	0.0000	0.0000	0.0002	0.0001	0.0002	0.0002	0.0002	0.0002	0.0002	0.0000	0.0002	
85	141	0.0827	3	1	2	0	0	0	0	0	0	N	Y	N	N	N	N	N	N	N	N	N	N	inf	inf	inf	inf	inf	inf	0.0018	0.0020	0.0000	0.0004	0.0004	0.0000	0.0020	0.0023	0.0000	0.0000	0.0000	0.0000	0.0000	0.0000	0.0000	0.0000	0.0000	0.0000	0.0000	-0.0001	0.0000	1.0086	3.0000	1.7435	1.0000	0.0003	0.0003	0.0000	0.0000	0.0000	0.0000	0.0003	0.0003	0.0000	0.0000	0.0000	0.0000	0.0000	0.0000	0.0000	0.0000	0.0000	0.0000	0.1567	0.1398	0.0169	0.0235	0.0225	0.0010	0.1332	0.1173	0.0160	0.0483	0.0226	0.0257	0.0054	0.0051	0.0002	0.0429	0.0175	0.0255	inf	inf	0.0000	inf	inf	0.0000	inf	inf	0.0000	0.0000	0.0000	0.0000	0.0000	0.0000	0.0000	0.0000	0.0000	0.0000				
85	142	0.0635	2	1	1	0	0	0	0	0	0	N	N	N	N	N	N	N	N	N	N	N	N	0.0000	0.0000	0.0000	0.0000	0.0000	0.0000	0.0000	0.0000	0.0000	0.0000	0.0000	0.0000	0.0000	0.0000	0.0000	0.0000	0.0000	0.0000	-0.0000	0.0000	1.0086	1.0000	1.7435	1.0000	0.0000	0.0000	0.0000	0.0000	0.0000	0.0000	0.0000	0.0000	0.0000	0.0000	0.0000	0.0000	0.0000	0.0000	0.0000	0.0000	0.0000	0.0000	0.0601	0.0535	0.0066	0.0089	0.0085	0.0003	0.0513	0.0450	0.0063	0.0259	0.0120	0.0139	0.0028	0.0026	0.0001	0.0231	0.0094	0.0137	0.0000	0.0000	0.0000	0.0000	0.0000	0.0000	0.0000	0.0000	0.0000	0.0000	0.0000	0.0000	0.0000	0.0000	0.0000	0.0000	0.0000	0.0000											
85	145	0.7051	9	2	2	0	0	0	0	0	0	Y	Y	N	N	N	N	N	N	N	N	N	N	inf	inf	inf	inf	0.0003	0.0004	0.0000	0.0005	0.0005	0.0000	0.0000	0.0000	0.0000	0.0000	0.0000	0.0000	0.0000	0.0000	0.0000	0.0000	0.0000	0.0000	0.0000	-0.0000	0.0000	1.0086	1.0000	1.7435	1.0000	0.0000	0.0000	0.0000	0.0000	0.0000	0.0000	0.0000	0.0000	0.0000	0.0000	0.0000	0.0000	0.0000	0.0000	0.0000	0.0000	0.0000	0.0000	0.0309	0.0283	0.0027	0.0191	0.0182	0.0009	0.0118	0.0101	0.0018	0.0099	0.0069	0.0030	0.0063	0.0057	0.0006	0.0037	0.0013	0.0024	inf	inf	0.0000	inf	inf	0.0000	0.0000	0.0000	0.0000	0.0000	0.0000	0.0000	0.0000	0.0000	0.0000	0.0000	0.0000	0.0000						
85	146	0.7051	8	1	2	0	0	0	0	0	0	N	Y	N	N	N	N	N	N	N	N	N	N	0.0000	0.0000	0.0000	0.0000	0.0000	0.0000	0.0000	0.0000	0.0000	0.0000	0.0000	0.0000	0.0000	0.0000	0.0000	0.0000	0.0000	0.0000	0.0000	0.0000	1.0086	0.0003	1.7435	0.0000	0.0000	0.0000	0.0000	0.0000	0.0000	0.0000	0.0000	0.0000	0.0000	0.0000	0.0000	0.0000	0.0000	0.0000	0.0000	0.0000	0.0000	0.0000	0.0001	0.0001	0.0000	0.0001	0.0001	0.0000	0.0000	0.0000	0.0000	0.0000	0.0000	0.0000	0.0000	0.0000	0.0000	0.0000	0.0000	0.0000	0.0000	0.0000	0.0000	0.0000	0.0000	0.0000	0.0000	0.0000	0.0000	0.0000	0.0000	0.0000	0.0000	0.0000	0.0000	0.0000	0.0000	0.0000											
85	147	0.6865	7	1	1	0	0	0	0	0	0	N	N	N	N	N	N	N	N	N	N	N	N	5.1861	4.0173	0.0000	3.8668	4.3681	0.0000	0.0000	0.0000	0.0013	0.0014	0.0000	0.0018	0.0019	0.0000	0.0000	0.0000	0.0000	0.0002	0.0003	0.0001	0.0005	0.0004	0.0001	0.0001	0.0000	0.0001	0.0000	0.7929	-0.0001	-0.0000	1.0086	4.9449	1.7435	1.0063	0.0003	0.0003	0.0000	0.0003	0.0003	0.0000	0.0000	0.0000	0.0000	0.0000	0.0000	0.0000	0.0000	0.0000	0.0000	0.0000	0.0000	0.0000	0.2122	0.1954	0.0168	0.1479	0.1405	0.0074	0.0643	0.0549	0.0094	0.0293	0.0203	0.0090	0.0183	0.0165	0.0018	0.0110	0.0038	0.0072	15.1735	20.4796	0.0000	21.6816	23.1361	0.0000	0.0000	0.0000	0.0000	0.0001	0.0001	0.0001	0.0001	0.0001	0.0001	0.0001	0.0000	0.0001	
85	148	0.6700	6	1	1	0	0	0	0	0	0	N	N	N	N	N	N	N	N	N	N	N	N	0.0006	0.0006	0.0001	0.0042	0.0050	0.0000	0.0000	0.0005	0.0001	0.0001	0.0001	0.0000	0.0002	0.0002	0.0000	0.0000	0.0000	0.0000	0.1913	0.2001	0.0033	0.0480	0.0436	0.0056	0.0120	0.0002	0.0032	0.0003	0.3082	-0.0000	-0.0000	1.0086	3.4778	1.7435	1.2917	0.0000	0.0000	0.0000	0.0000	0.0000	0.0000	0.0000	0.0000	0.0000	0.0002	0.0001	0.0000	0.0001	0.0001	0.0000	0.0000	0.0000	0.0000	0.0963	0.0864	0.0100	0.0511	0.0481	0.0030	0.0453	0.0383	0.0070	0.0321	0.0208	0.0113	0.0176	0.0161	0.0015	0.0145	0.0047	0.0098	0.0217	0.0205	0.0001	0.0279	0.0285	0.0000	0.0001	0.3756	0.0001	0.0050	0.0059	0.0033	0.0073	0.0076	0.0039	0.0022	0.0000	0.0032
85	149	0.6196	5	1	1	0	0	0	0	0	0	N	N	N	N	N	N	N	N	N	N	N	N	0.0007	0.0005	0.0000	0.0007	0.0007	0.0000	0.0000	0.0013	0.0014	0.0000	0.0027	0.0028	0.0000	0.0000	0.0000	0.0000	1.9577	2.7000	0.0001	3.9190	4.0822	0.0000	0.0001	0.0000	0.0001	0.0000	0.0001	-0.0001	-0.0175	1.0086	7.8050	1.7435	4.0035	0.0003	0.0003	0.0000	0.0003	0.0003	0.0000	0.0000	0.0000	0.0000	0.0335	0.0335	0.0000	0.0335	0.0335	0.0000	0.0000	0.0000	0.0000	0.2250	0.2016	0.0234	0.1083	0.1019	0.0064	0.1167	0.0997	0.0170	0.0648	0.0408	0.0240	0.0323	0.0289	0.0034	0.0325	0.0120	0.0206	0.0025	0.0018	0.0000	0.0026	0.0025	0.0000	0.0000	0.0000	0.0000	0.5167	0.8206	0.0001	1.0375	1.1608	0.0000	0.0001	0.0000	0.0001		
85	150	0.5250	5	1	1	0	0	0	0	0	0	N	N	N	N	N	N	N	N	N	N	N	N	0.0871	0.0679	0.0000	0.1389	0.1559	0.0015	0.0006	0.0001	0.0001	0.0887	0.1017	0.0000	0.1553	0.1770	0.0000	0.0003	0.0003	0.0000	1.0187	1.4973	0.0147	1.1178	1.1355	0.0003	0.4137	2.3866	0.0082	0.0000	0.0663	-0.0035	-0.0030	1.0086	3.7255	1.7435	14.1767	0.0133	0.0133	0.0000	0.0133	0.0133	0.0000	0.0000	0.0000	0.0000	0.0064	0.0060	0.0004	0.0042	0.0042	0.0000	0.0022	0.0018	0.0004	0.1497	0.1305	0.0192	0.0854	0.0749	0.0105	0.0643	0.0556	0.0087	0.1292	0.0758	0.0534	0.0574	0.0529	0.0045	0.0718	0.0228	0.0489	1.7790	1.2764	0.0001	2.1136	2.2219	0.0016	0.0081	0.0036	0.0001	0.0498	0.0797	0.0075	0.0735	0.0797	0.0003	0.0310	0.0798	0.0082
85	151	0.5087	4	1	1	0	0	0	0	0	0	N	N	N	N	N	N	N	N	N	N	N	N	0.1017	0.0902	0.0044	0.0501	0.0579	0.1304	0.2875	4.6654	0.0118	0.1531	0.1802	0.0009	0.1215	0.1458	0.0007	0.2068	0.2359	0.0014	1.5055	1.9972	0.2139	2.4235	2.5200	0.0055	0.7193	0.0506	0.1210	0.0009	0.2142	-0.0032	-0.0053	1.0086	1.4205	1.7435	4.0377	0.0123	0.0123	0.0000	0.0062	0.0062	0.0000	0.0062	0.0062	0.0000	0.0152	0.0125	0.0027	0.0125	0.0125	0.0000	0.0027	0.0000	0.0027	0.0806	0.0684	0.0122	0.0508	0.0422	0.0085	0.0298	0.0261	0.0037	0.0861	0.0492	0.0369	0.0405	0.0388	0.0017	0.0456	0.0104	0.0352	0.8653	0.7067	0.0128	0.3925	0.4517	0.1822	3.4911	109.6744	0.0188	0.1769	0.2550	0.0728	0.3095	0.3227	0.0039	0.0592	0.0022	0.0761
86	87	0.6022	4	2	2	0	0	0	0	0	0	Y	Y	N	N	N	N	N	N	N	N	N	N	1.9662	1.5495	0.0000	1.2995	1.3313	0.0000	1.9036	inf	0.0000	5.2027	5.7620	0.0000	8.5269	9.1589	0.0000	0.0005	0.0006	0.0000	2.6461	3.7186	0.1246	6.5616	6.8794	1.2795	0.0003	0.0000	0.0004	0.0000	0.0100	-0.2601	-0.0587	1.0165	9.0005	4.1395	5.0000	0.9998	0.9998	0.0000	0.9997	0.9997	0.0000	0.0000	0.0000	0.0000	0.1147	0.1136	0.0011	0.1147	0.1136	0.0011	0.0000	0.0000	0.0000	0.1922	0.1735	0.0187	0.1172	0.1092	0.0081	0.0749	0.0644	0.0106	0.0612	0.0305	0.0306	0.0204	0.0173	0.0031	0.0408	0.0133	0.0275	2.7743	1.5495	0.0000	1.5125	1.3916	0.0000	2.1801	inf	0.0000	1.8754	3.7186	0.0372	5.6376	6.5816	0.3657	0.0002	0.0000	0.0004
86	88	0.0685	2	1	2	0	0	0	0	0	0	N	Y	N	N	N	N	N	N	N	N	N	N	0.0000	0.0000	0.0000	0.0000	0.0000	0.0000	0.0000	0.0000	0.0000	0.0000	0.0000	0.0000	0.0000	0.0000	0.0000	0.0000	0.0000	0.0000	0.0000	0.0000	1.0165	0.0000	4.1395	0.0000	0.0000	0.0000	0.0000	0.0000	0.0000	0.0000	0.0000	0.0000	0.0000	0.0000	0.0000	0.0000	0.0000	0.0000	0.0000	0.0000	0.0000	0.0000	0.0000	0.0000	0.0000	0.0000	0.0000	0.0000	0.0000	0.0000	0.0000	0.0000	0.0000	0.0000	0.0000	0.0000	0.0000	0.0000	0.0000	0.0000	0.0000	0.0000	0.0000	0.0000	0.0000	0.0000	0.0000	0.0000	0.0000	0.0000	0.0000	0.0000	0.0000	0.0000	0.0000	0.0000	0.0000	0.0000											
86	89	0.6695	6	1	2	0	0	0	0	0	0	N	Y	N	N	N	N	N	N	N	N	N	N	0.0000	0.0000	0.0000	0.0000	0.0000	0.0000	0.0000	0.0000	0.0000	0.0000	0.0000	0.0000	0.0000	0.0000	0.0000	0.0000	0.0000	0.0005	0.0003	0.0004	0.0004	0.0004	0.0000	0.0005	0.0014	0.0005	5.8772	0.0000	0.0000	1.0165	1.9953	4.1395	1.0817	0.0000	0.0000	0.0000	0.0000	0.0000	0.0000	0.0000	0.0000	0.0000	0.0000	0.0000	0.0000	0.0000	0.0000	0.0000	0.0000	0.0000	0.0000	0.0629	0.0575	0.0054	0.0484	0.0454	0.0030	0.0145	0.0121	0.0024	0.0126	0.0073	0.0053	0.0069	0.0061	0.0008	0.0057	0.0012	0.0044	0.0000	0.0000	0.0000	0.0000	0.0000	0.0000	0.0000	0.0000	0.0000	0.0002	0.0001	0.0004	0.0000	0.0001	0.0000	0.0004	0.0000	0.0005		
86	90	0.6435	5	1	2	0	0	0	0	0	0	N	Y	N	N	N	N	N	N	N	N	N	N	0.0038	0.0015	1.4575	0.0001	0.0000	0.0059	0.0433	0.0016	3.0575	0.0005	0.0004	0.0017	0.0000	0.0000	0.0000	0.0024	0.0021	0.0042	0.1410	0.2858	0.0012	0.0042	0.0042	0.0001	0.0563	1.3453	0.0014	0.3353	0.1410	-0.0000	-0.0000	1.0165	2.3999	4.1395	4.0713	0.0000	0.0000	0.0000	0.0000	0.0000	0.0000	0.0000	0.0000	0.0000	0.0001	0.0001	0.0000	0.0000	0.0000	0.0000	0.0001	0.0001	0.0000	0.0593	0.0546	0.0047	0.0462	0.0434	0.0028	0.0131	0.0112	0.0019	0.0212	0.0119	0.0093	0.0105	0.0090	0.0015	0.0107	0.0029	0.0078	0.1299	0.0675	1.4575	0.0001	0.0001	0.0059	0.3670	0.1023	3.0575	0.0042	0.0065	0.0012	0.0016	0.0019	0.0001	0.0066	0.0209	0.0014
86	91	0.6645	6	1	1	1	0	0	0	0	0	N	N	N	N	N	N	N	N	N	N	N	N	0.0000	0.0000	0.0000	0.0000	0.0000	0.0000	0.0000	0.0000	0.0000	0.0000	0.0000	0.0000	0.0000	0.0000	0.0000	0.0000	0.0000	0.0000	0.0000	0.0000	1.0165	0.0000	4.1395	0.0000	0.0000	0.0000	0.0000	0.0000	0.0000	0.0000	0.0000	0.0000	0.0000	0.0000	0.0000	0.0000	0.0000	0.0000	0.0000	0.0000	0.0000	0.0000	0.0000	0.0000	0.0000	0.0000	0.0000	0.0000	0.0000	0.0000	0.0000	0.0000	0.0000	0.0000	0.0000	0.0000	0.0000	0.0000	0.0000	0.0000	0.0000	0.0000	0.0000	0.0000	0.0000	0.0000	0.0000	0.0000	0.0000	0.0000	0.0000	0.0000	0.0000	0.0000	0.0000	0.0000	0.0000	0.0000											
86	92	0.6324	5	1	1	1	0	0	0	0	0	N	N	N	N	N	N	N	N	N	N	N	N	inf	inf	inf	inf	0.0002	0.0002	0.0000	0.0002	0.0003	0.0000	0.0000	0.0000	0.0000	0.0000	0.0000	0.0000	0.0000	0.0000	0.0000	0.0000	0.0000	0.0000	0.0000	-0.0000	0.0000	1.0165	3.7221	4.1395	2.9993	0.0000	0.0000	0.0000	0.0000	0.0000	0.0000	0.0000	0.0000	0.0000	0.0000	0.0000	0.0000	0.0000	0.0000	0.0000	0.0000	0.0000	0.0000	0.1046	0.0952	0.0095	0.0692	0.0648	0.0044	0.0355	0.0304	0.0051	0.0284	0.0145	0.0139	0.0102	0.0087	0.0016	0.0182	0.0058	0.0123	inf	inf	0.0000	inf	inf	0.0000	0.0000	0.0000	0.0000	0.0000	0.0000	0.0000	0.0000	0.0000	0.0000	0.0000	0.0000	0.0000						
86	93	0.6022	4	1	1	0	0	0	0	0	0	N	N	N	N	N	N	N	N	N	N	N	N	inf	inf	inf	inf	inf	inf	inf	0.0011	0.0011	0.0011	0.0016	0.0017	0.0000	0.0003	0.0000	0.0020	0.0000	0.0000	0.0000	0.0000	0.0000	0.0000	0.0000	0.0000	0.0000	0.1032	-0.0000	0.0000	1.0165	2.7217	4.1395	3.0458	0.0001	0.0001	0.0000	0.0001	0.0001	0.0000	0.0000	0.0000	0.0000	0.0000	0.0000	0.0000	0.0000	0.0000	0.0000	0.0000	0.0000	0.0000	0.0685	0.0618	0.0068	0.0434	0.0403	0.0031	0.0251	0.0214	0.0036	0.0278	0.0137	0.0141	0.0090	0.0076	0.0014	0.0188	0.0061	0.0127	inf	inf	inf	inf	inf	0.0000	inf	0.0000	inf	0.0000	0.0000	0.0000	0.0000	0.0000	0.0000	0.0000	0.0000	0.0000			
86	94	0.6597	6	2	2	0	0	0	0	0	0	Y	Y	N	N	N	N	N	N	N	N	N	N	0.0000	0.0000	0.0000	0.0000	0.0000	0.0000	0.0079	0.0002	0.0000	0.0000	0.0000	0.0000	0.0000	0.0000	0.0000	0.0000	0.0000	0.0000	3.9537	6.1200	3.3069	7.4354	8.3128	36.4549	0.0003	0.0122	0.0000	0.0000	0.0627	-0.0000	-0.0531	1.0165	5.9980	4.1395	4.9575	0.0000	0.0000	0.0000	0.0000	0.0000	0.0000	0.0000	0.0000	0.0000	0.1147	0.1079	0.0068	0.1147	0.1079	0.0068	0.0000	0.0000	0.0000	0.1340	0.1241	0.0099	0.1071	0.1008	0.0063	0.0269	0.0232	0.0036	0.0290	0.0176	0.0114	0.0154	0.0130	0.0024	0.0136	0.0047	0.0089	0.0000	0.0000	0.0000	0.0000	0.0000	0.0000	0.0090	0.0038	0.0000	3.9537	6.1200	0.5950	7.4354	8.3128	2.7712	0.0003	0.0007	0.0000
86	95	0.0685	2	2	2	0	0	0	0	0	0	Y	Y	N	N	N	N	N	N	N	N	N	N	0.0000	0.0000	0.0000	0.0000	0.0000	0.0000	0.0000	0.0000	0.0000	0.0000	0.0000	0.0000	0.0000	0.0025	0.0000	0.0008	0.0000	0.0000	0.0000	0.0006	0.0000	0.0008	inf	0.0000	0.0000	1.0165	0.0000	4.1395	2.0000	0.0000	0.0000	0.0000	0.0000	0.0000	0.0000	0.0000	0.0000	0.0000	0.0000	0.0000	0.0000	0.0000	0.0000	0.0000	0.0000	0.0000	0.0000	0.0000	0.0000	0.0000	0.0000	0.0000	0.0000	0.0000	0.0000	0.0000	0.0183	0.0061	0.0123	0.0000	0.0000	0.0000	0.0183	0.0061	0.0123	0.0000	0.0000	0.0000	0.0000	0.0000	0.0000	0.0000	0.0000	0.0000	0.0005	0.0000	0.0008	0.0000	0.0000	0.0000	0.0005	0.0000	0.0008						
86	97	0.6022	4	1	1	0	0	0	0	0	0	N	N	N	N	N	N	N	N	N	N	N	N	15542.4979	inf	5.9516	inf	inf	2.4616	inf	9.8702	10.2939	11.4154	0.0031	16.3734	17.6297	0.0000	0.0011	0.0003	0.0058	0.0007	0.0000	0.0005	0.0000	0.0000	0.0000	0.0005	0.0000	0.0006	0.0000	inf	-0.2601	0.0000	1.0165	3.9994	4.1395	4.0000	0.9997	0.9997	0.0000	0.9997	0.9997	0.0000	0.0000	0.0000	0.0000	0.0000	0.0000	0.0000	0.0000	0.0000	0.0000	0.0000	0.0000	0.0000	0.0971	0.0876	0.0095	0.0611	0.0567	0.0044	0.0361	0.0309	0.0052	0.0375	0.0186	0.0189	0.0122	0.0104	0.0018	0.0253	0.0082	0.0171	38622.2024	inf	5.9516	inf	inf	0.0000	2.8058	inf	9.8702	0.0003	0.0000	0.0005	0.0000	0.0000	0.0000	0.0004	0.0000	0.0006	
86	99	0.4913	3	1	1	0	0	0	0	0	0	N	N	N	N	N	N	N	N	N	N	N	N	0.0003	0.0002	0.0000	0.0002	0.0002	0.0000	0.0000	0.0000	0.0000	0.0004	0.0005	0.0000	0.0007	0.0007	0.0000	0.0000	0.0000	0.0000	1.6658	2.3548	0.0006	3.4495	3.5034	0.0045	0.1038	1.4733	0.0003	0.0000	0.0009	-0.0000	-0.0121	1.0165	1.5982	4.1395	11.1970	0.0000	0.0000	0.0000	0.0000	0.0000	0.0000	0.0000	0.0000	0.0000	0.0232	0.0232	0.0000	0.0228	0.0227	0.0000	0.0005	0.0004	0.0000	0.0448	0.0403	0.0045	0.0290	0.0269	0.0021	0.0159	0.0135	0.0024	0.0814	0.0448	0.0367	0.0305	0.0273	0.0032	0.0509	0.0175	0.0335	0.0016	0.0010	0.0000	0.0009	0.0009	0.0000	0.0000	0.0000	0.0000	0.2850	0.5179	0.0006	0.7466	0.8329	0.0031	0.0088	0.0252	0.0003
86	100	0.6612	7	2	2	1	0	0	0	0	0	Y	Y	N	N	N	N	N	N	N	N	N	N	0.0000	0.0000	0.0000	0.0000	0.0000	0.0000	0.0000	0.0000	0.0000	0.0000	0.0000	0.0000	0.0000	0.0000	0.0000	0.0000	0.0000	0.7696	0.1859	0.1658	0.0001	0.0001	0.0000	0.6533	1.3920	0.0977	5.9984	0.0000	0.0000	1.0165	0.0000	4.1395	0.9982	0.0000	0.0000	0.0000	0.0000	0.0000	0.0000	0.0000	0.0000	0.0000	0.0001	0.0000	0.0001	0.0000	0.0000	0.0000	0.0001	0.0000	0.0001	0.0037	0.0034	0.0003	0.0031	0.0030	0.0001	0.0006	0.0005	0.0002	0.0029	0.0018	0.0011	0.0016	0.0013	0.0002	0.0014	0.0005	0.0009	0.0000	0.0000	0.0000	0.0000	0.0000	0.0000	0.0000	0.0000	0.0000	0.0239	0.0056	0.0523	0.0000	0.0000	0.0000	0.0518	0.0221	0.0667		
86	101	0.0808	4	2	2	1	0	0	0	0	0	Y	Y	N	N	N	N	N	N	N	N	N	N	0.0000	0.0000	0.0000	0.0000	0.0000	0.0000	0.0000	0.0000	0.0000	0.0000	0.0000	0.0000	0.0000	0.0000	0.0000	0.0000	0.0000	0.0000	0.0000	0.0000	1.0165	0.0000	4.1395	0.0000	0.0000	0.0000	0.0000	0.0000	0.0000	0.0000	0.0000	0.0000	0.0000	0.0000	0.0000	0.0000	0.0000	0.0000	0.0000	0.0000	0.0000	0.0000	0.0000	0.0000	0.0000	0.0000	0.0000	0.0000	0.0000	0.0000	0.0000	0.0000	0.0000	0.0000	0.0000	0.0000	0.0000	0.0000	0.0000	0.0000	0.0000	0.0000	0.0000	0.0000	0.0000	0.0000	0.0000	0.0000	0.0000	0.0000	0.0000	0.0000	0.0000	0.0000	0.0000	0.0000	0.0000	0.0000											
86	102	0.0808	3	2	1	1	0	0	0	0	0	Y	N	N	N	N	N	N	N	N	N	N	N	0.0000	0.0000	0.0000	0.0000	0.0000	0.0000	0.0000	0.0000	0.0000	0.0000	0.0000	0.0000	0.0000	0.0000	0.0000	0.0000	0.0000	0.0000	0.0000	0.0000	1.0165	0.0000	4.1395	0.0000	0.0000	0.0000	0.0000	0.0000	0.0000	0.0000	0.0000	0.0000	0.0000	0.0000	0.0000	0.0000	0.0000	0.0000	0.0000	0.0000	0.0000	0.0000	0.0000	0.0000	0.0000	0.0000	0.0000	0.0000	0.0000	0.0000	0.0000	0.0000	0.0000	0.0000	0.0000	0.0000	0.0000	0.0000	0.0000	0.0000	0.0000	0.0000	0.0000	0.0000	0.0000	0.0000	0.0000	0.0000	0.0000	0.0000	0.0000	0.0000	0.0000	0.0000	0.0000	0.0000	0.0000	0.0000											
86	103	0.0747	2	2	1	1	0	0	0	0	0	Y	N	N	N	N	N	N	N	N	N	N	N	0.0000	0.0000	0.0000	0.0000	0.0000	0.0000	0.0000	0.0000	0.0000	0.0000	0.0000	0.0000	0.0000	0.0000	0.0000	0.0000	0.0000	0.0000	0.0000	0.0000	1.0165	0.0000	4.1395	1.0091	0.0000	0.0000	0.0000	0.0000	0.0000	0.0000	0.0000	0.0000	0.0000	0.0000	0.0000	0.0000	0.0000	0.0000	0.0000	0.0000	0.0000	0.0000	0.0000	0.0000	0.0000	0.0000	0.0000	0.0000	0.0000	0.0000	0.0000	0.0087	0.0029	0.0059	0.0000	0.0000	0.0000	0.0087	0.0029	0.0059	0.0000	0.0000	0.0000	0.0000	0.0000	0.0000	0.0000	0.0000	0.0000	0.0000	0.0000	0.0000	0.0000	0.0000	0.0000	0.0000	0.0000	0.0000											
86	104	0.6022	4	1	2	0	0	0	0	0	0	N	Y	N	N	N	N	N	N	N	N	N	N	5149.0903	inf	2.3737	inf	inf	1.1298	inf	3.8000	5.7126	6.3281	0.0018	9.3102	10.0046	0.0000	0.0007	0.0003	0.0031	0.0011	0.0000	0.0007	0.0000	0.0000	0.0000	0.0007	0.0000	0.0008	0.0000	inf	-0.2601	0.0000	1.0165	7.9994	4.1395	4.0001	0.9997	0.9997	0.0000	0.9997	0.9997	0.0000	0.0001	0.0000	0.0000	0.0000	0.0000	0.0000	0.0000	0.0000	0.0000	0.0000	0.0000	0.0000	0.1750	0.1580	0.0170	0.1074	0.0999	0.0075	0.0676	0.0581	0.0096	0.0537	0.0267	0.0269	0.0177	0.0150	0.0027	0.0359	0.0117	0.0243	15331.0728	inf	2.3737	inf	inf	0.0000	1.3286	inf	3.8000	0.0004	0.0000	0.0007	0.0000	0.0000	0.0000	0.0006	0.0000	0.0008	
86	105	0.6647	8	2	1	1	0	0	0	0	0	Y	N	N	N	N	N	N	N	N	N	N	N	0.0000	0.0000	0.0000	0.0000	0.0000	0.0000	0.0000	0.0000	0.0000	0.0000	0.0000	0.0000	0.0000	5.9753	0.0000	24.0040	0.0000	0.0000	0.0000	12.8563	0.0000	30.3062	inf	0.0000	0.0160	1.0165	1.0000	4.1395	1.0005	0.0000	0.0000	0.0000	0.0000	0.0000	0.0000	0.0000	0.0000	0.0000	0.0336	0.0000	0.0336	0.0000	0.0000	0.0000	0.0336	0.0000	0.0336	0.0255	0.0236	0.0019	0.0209	0.0196	0.0012	0.0046	0.0040	0.0006	0.0056	0.0034	0.0022	0.0030	0.0025	0.0005	0.0026	0.0009	0.0017	0.0000	0.0000	0.0000	0.0000	0.0000	0.0000	0.0000	0.0000	0.0000	5.9753	0.0000	15.2658	0.0000	0.0000	0.0000	12.8563	0.0000	19.4785						
86	106	0.6612	7	2	1	1	0	0	0	0	0	Y	N	N	N	N	N	N	N	N	N	N	N	0.0000	0.0001	0.0000	0.0000	0.0001	0.0000	0.0009	0.0016	0.0000	0.0000	0.0000	0.0000	0.0000	0.0000	0.0000	0.0000	0.0000	0.0000	0.7499	0.0246	0.1658	0.6232	0.0104	0.9081	0.0120	0.0081	0.0031	0.0000	13.0190	-0.0000	0.0000	1.0165	0.7249	4.1395	0.0368	0.0000	0.0000	0.0000	0.0000	0.0000	0.0000	0.0000	0.0000	0.0000	0.0001	0.0000	0.0000	0.0000	0.0000	0.0000	0.0000	0.0000	0.0000	0.0222	0.0206	0.0016	0.0182	0.0172	0.0010	0.0040	0.0034	0.0006	0.0023	0.0014	0.0009	0.0012	0.0010	0.0002	0.0010	0.0003	0.0007	0.0001	0.0012	0.0000	0.0000	0.0004	0.0000	0.0048	0.0278	0.0000	0.0224	0.0026	0.0531	0.0398	0.0034	0.2344	0.0022	0.0005	0.0031
86	107	0.6597	6	2	1	1	0	0	0	0	0	Y	N	N	N	N	N	N	N	N	N	N	N	0.0000	0.0000	0.0000	0.0000	0.0000	0.0000	0.0009	0.0023	0.0000	0.0000	0.0000	0.0000	0.0000	0.0000	0.0000	0.0000	0.0000	0.0000	1.1493	1.2217	0.4062	1.5982	0.8920	2.2146	0.0326	0.0149	0.0067	0.0025	1.2800	-0.0000	0.0000	1.0165	0.4159	4.1395	0.0887	0.0000	0.0000	0.0000	0.0000	0.0000	0.0000	0.0000	0.0000	0.0000	0.0001	0.0001	0.0001	0.0001	0.0001	0.0001	0.0000	0.0000	0.0000	0.0144	0.0134	0.0010	0.0123	0.0116	0.0007	0.0021	0.0018	0.0003	0.0018	0.0011	0.0006	0.0009	0.0008	0.0001	0.0008	0.0003	0.0005	0.0002	0.0003	0.0000	0.0001	0.0001	0.0000	0.0068	0.0424	0.0000	0.0687	0.0470	0.1078	0.1241	0.0650	0.4836	0.0044	0.0008	0.0067
86	108	0.6435	5	2	1	0	0	0	0	0	0	Y	N	N	N	N	N	N	N	N	N	N	N	0.0016	0.0010	0.0000	0.0000	0.0000	0.0000	206.7554	2.9241	0.0000	0.0004	0.0005	0.0000	0.0000	0.0000	0.0000	0.0019	0.0022	0.0000	0.2650	0.4774	0.0005	0.1561	0.1550	0.0041	0.0000	0.0007	0.0000	0.0000	0.0379	-0.0000	-0.0000	1.0165	3.9943	4.1395	0.9974	0.0000	0.0000	0.0000	0.0000	0.0000	0.0000	0.0000	0.0000	0.0000	0.0001	0.0001	0.0000	0.0001	0.0001	0.0000	0.0000	0.0000	0.0000	0.0937	0.0861	0.0075	0.0721	0.0677	0.0044	0.0215	0.0184	0.0031	0.0165	0.0093	0.0073	0.0082	0.0070	0.0012	0.0083	0.0022	0.0061	0.0706	0.0446	0.0000	0.0000	0.0000	0.0000	206.7554	308.7744	0.0000	0.0060	0.0104	0.0005	0.0122	0.0137	0.0030	0.0000	0.0000	0.0000
86	109	0.0747	2	2	1	1	0	0	0	0	0	Y	N	N	N	N	N	N	N	N	N	N	N	0.0000	0.0000	0.0000	0.0000	0.0000	0.0000	0.0000	0.0000	0.0000	0.0000	0.0000	0.0000	0.0000	0.0000	0.0000	0.0000	0.0000	0.0000	0.0000	0.0000	1.0165	0.0000	4.1395	0.9909	0.0000	0.0000	0.0000	0.0000	0.0000	0.0000	0.0000	0.0000	0.0000	0.0000	0.0000	0.0000	0.0000	0.0000	0.0000	0.0000	0.0000	0.0000	0.0000	0.0000	0.0000	0.0000	0.0000	0.0000	0.0000	0.0000	0.0000	0.0086	0.0028	0.0058	0.0000	0.0000	0.0000	0.0086	0.0028	0.0058	0.0000	0.0000	0.0000	0.0000	0.0000	0.0000	0.0000	0.0000	0.0000	0.0000	0.0000	0.0000	0.0000	0.0000	0.0000	0.0000	0.0000	0.0000											
86	112	0.6481	5	1	1	1	0	0	0	0	0	N	N	N	N	N	N	N	N	N	N	N	N	0.0000	0.0000	0.0000	0.0000	0.0000	0.0000	0.0000	0.0000	0.0000	0.0000	0.0000	0.0000	0.0000	0.0000	0.0000	0.0000	0.0000	0.0000	0.0000	0.0000	1.0165	0.0000	4.1395	0.0001	0.0000	0.0000	0.0000	0.0000	0.0000	0.0000	0.0000	0.0000	0.0000	0.0000	0.0000	0.0000	0.0000	0.0000	0.0000	0.0000	0.0000	0.0000	0.0000	0.0000	0.0000	0.0000	0.0000	0.0000	0.0000	0.0000	0.0000	0.0000	0.0000	0.0000	0.0000	0.0000	0.0000	0.0000	0.0000	0.0000	0.0000	0.0000	0.0000	0.0000	0.0000	0.0000	0.0000	0.0000	0.0000	0.0000	0.0000	0.0000	0.0000	0.0000	0.0000	0.0000	0.0000	0.0000											
86	113	0.6022	4	1	1	1	0	0	0	0	0	N	N	N	N	N	N	N	N	N	N	N	N	inf	inf	inf	inf	10.2913	11.4128	0.0000	16.3700	17.6260	0.0000	0.0000	0.0000	0.0000	0.0000	0.0000	0.0000	0.0000	0.0000	0.0000	0.0000	0.0000	0.0000	0.0000	-0.2601	0.0000	1.0165	4.0004	4.1395	4.9999	0.9997	0.9997	0.0000	0.9997	0.9997	0.0000	0.0000	0.0000	0.0000	0.0000	0.0000	0.0000	0.0000	0.0000	0.0000	0.0000	0.0000	0.0000	0.0971	0.0876	0.0095	0.0611	0.0567	0.0044	0.0361	0.0309	0.0052	0.0417	0.0207	0.0210	0.0136	0.0116	0.0021	0.0281	0.0091	0.0190	inf	inf	0.0000	inf	inf	0.0000	0.0000	0.0000	0.0000	0.0000	0.0000	0.0000	0.0000	0.0000	0.0000	0.0000	0.0000	0.0000						
86	114	0.0787	2	1	2	0	0	0	0	0	0	N	Y	N	N	N	N	N	N	N	N	N	N	0.0000	0.0075	0.0000	0.0277	0.0293	0.0000	0.0000	0.0004	0.0000	0.0001	0.0001	0.0000	0.0007	0.0007	0.0000	0.0000	0.0000	0.0000	1.6549	0.0105	3.5676	0.0247	0.0247	0.0000	1.7928	0.0042	1.2532	0.0000	295.9312	-0.0000	0.0159	1.0165	4.3361	4.1395	4.6323	0.0000	0.0000	0.0000	0.0000	0.0000	0.0000	0.0000	0.0000	0.0000	0.0336	0.0001	0.0334	0.0001	0.0001	0.0000	0.0335	0.0000	0.0334	0.1297	0.1154	0.0142	0.0130	0.0123	0.0007	0.1167	0.1031	0.0135	0.1229	0.0671	0.0559	0.0201	0.0186	0.0015	0.1029	0.0485	0.0544	0.0003	0.0467	0.0000	0.1332	0.1306	0.0000	0.0000	0.0088	0.0000	0.2730	0.0017	0.5987	0.0051	0.0055	0.0000	0.3252	0.0002	0.6148
86	116	0.6022	4	1	2	0	1	0	0	0	0	N	Y	N	N	N	N	N	N	N	N	N	N	0.1493	0.0848	0.0989	0.1021	inf	inf	0.0009	0.0010	0.0000	0.0009	0.0010	0.0000	0.0009	0.0011	0.0000	0.0062	0.0122	0.0000	0.0096	0.0100	0.0000	0.0000	0.0000	0.0000	0.0000	0.0000	-0.0000	-0.0000	1.0165	5.0006	4.1395	2.0000	0.0001	0.0001	0.0000	0.0001	0.0001	0.0000	0.0000	0.0000	0.0000	0.0000	0.0000	0.0000	0.0000	0.0000	0.0000	0.0000	0.0000	0.0000	0.1182	0.1066	0.0116	0.0738	0.0686	0.0052	0.0444	0.0380	0.0064	0.0332	0.0164	0.0168	0.0108	0.0092	0.0016	0.0224	0.0073	0.0152	1.0310	0.5655	0.0000	0.3409	0.3115	0.0000	inf	inf	0.0000	0.0009	0.0018	0.0000	0.0028	0.0033	0.0000	0.0000	0.0000	0.0000			
86	118	0.6022	4	1	2	0	0	0	0	0	0	N	Y	N	N	N	N	N	N	N	N	N	N	0.1492	0.0832	0.3871	0.0869	0.0789	0.0000	inf	inf	inf	3.2784	3.6237	0.0003	5.5851	5.9826	0.0000	0.0002	0.0001	0.0006	21.9727	43.5508	0.0009	64.2517	75.8388	0.0144	0.0000	0.0000	0.0000	0.0000	0.0000	-0.2601	-1.0413	1.0165	16.9994	4.1395	6.0000	0.9997	0.9997	0.0000	0.9997	0.9997	0.0000	0.0000	0.0000	0.0000	1.9953	1.9952	0.0000	1.9953	1.9952	0.0000	0.0000	0.0000	0.0000	0.3049	0.2759	0.0291	0.1790	0.1671	0.0119	0.1259	0.1088	0.0172	0.0908	0.0458	0.0450	0.0311	0.0263	0.0047	0.0598	0.0195	0.0402	0.1492	0.0832	0.3871	0.0869	0.0789	0.0000	inf	inf	inf	21.9727	43.5508	0.0009	64.2517	75.8388	0.0084	0.0000	0.0000	0.0000
86	120	0.0742	2	1	2	0	0	0	0	0	0	N	Y	N	N	N	N	N	N	N	N	N	N	0.0003	0.0020	0.0000	0.0000	0.0003	0.0000	0.0005	0.0009	0.0000	0.0003	0.0004	0.0000	0.0000	0.0000	0.0000	0.0005	0.0006	0.0000	1.2372	0.1806	0.5696	0.2762	0.0008	5.3221	1.0458	0.6630	0.2359	0.0000	38.3901	-0.0000	0.0010	1.0165	0.9998	4.1395	0.9486	0.0000	0.0000	0.0000	0.0000	0.0000	0.0000	0.0000	0.0000	0.0000	0.0022	0.0001	0.0022	0.0001	0.0000	0.0001	0.0022	0.0001	0.0021	0.0305	0.0277	0.0028	0.0123	0.0118	0.0005	0.0182	0.0159	0.0023	0.0251	0.0102	0.0149	0.0040	0.0040	0.0001	0.0210	0.0062	0.0148	0.0036	0.0638	0.0000	0.0000	0.0005	0.0000	0.0052	0.0701	0.0000	0.0894	0.0056	0.1469	0.0177	0.0004	0.7544	0.1033	0.0089	0.1431
86	122	0.6435	5	1	2	0	0	0	0	0	0	N	Y	N	N	N	N	N	N	N	N	N	N	0.0537	0.0306	0.0183	0.0184	inf	inf	0.0010	0.0011	0.0000	0.0003	0.0003	0.0000	0.0036	0.0043	0.0000	0.0186	0.0355	0.0000	0.0140	0.0148	0.0000	0.0000	0.0000	0.0000	0.0000	0.0000	-0.0000	-0.0000	1.0165	2.0001	4.1395	3.0000	0.0000	0.0000	0.0000	0.0000	0.0000	0.0000	0.0000	0.0000	0.0000	0.0000	0.0000	0.0000	0.0000	0.0000	0.0000	0.0000	0.0000	0.0000	0.0501	0.0461	0.0040	0.0391	0.0368	0.0024	0.0110	0.0094	0.0016	0.0166	0.0093	0.0073	0.0082	0.0070	0.0012	0.0084	0.0023	0.0061	0.5510	0.3350	0.0000	0.0701	0.0637	0.0000	inf	inf	0.0000	0.0018	0.0032	0.0000	0.0036	0.0043	0.0000	0.0000	0.0000	0.0000			
86	123	0.6022	4	1	1	0	0	0	0	0	0	N	N	N	N	N	N	N	N	N	N	N	N	11082.9233	92549.1072	0.0009	inf	inf	0.4144	0.6881	0.0015	6.3684	7.0566	0.0000	10.3196	11.0943	0.0000	0.0002	0.0002	0.0000	0.0006	0.0001	0.0005	0.0000	0.0000	0.0000	0.0004	0.0003	0.0005	0.0000	1010.2828	-0.2601	0.0000	1.0165	6.9986	4.1395	2.0000	0.9997	0.9997	0.0000	0.9997	0.9997	0.0000	0.0000	0.0000	0.0000	0.0000	0.0000	0.0000	0.0000	0.0000	0.0000	0.0000	0.0000	0.0000	0.1570	0.1417	0.0153	0.0969	0.0901	0.0068	0.0601	0.0516	0.0085	0.0417	0.0207	0.0210	0.0136	0.0116	0.0021	0.0281	0.0091	0.0190	26528.1818	14746219.3105	0.0009	inf	inf	0.0000	0.4668	178.5960	0.0015	0.0002	0.0000	0.0005	0.0000	0.0000	0.0000	0.0004	0.0000	0.0005	
86	124	0.0796	2	1	2	0	0	0	0	0	0	N	Y	N	N	N	N	N	N	N	N	N	N	233.9318	579.1246	0.6623	786.1358	953.8531	0.0366	465.8634	657.9092	0.6969	4.1430	4.6152	0.0013	19.1293	19.9634	0.0000	1.8598	2.0931	0.0014	0.0177	0.0080	0.0020	0.0243	0.0209	0.0001	0.0040	0.0032	0.0020	0.0000	1.7429	-0.2315	0.0000	1.0165	3.9006	4.1395	3.1543	0.8900	0.8899	0.0000	0.5433	0.5433	0.0000	0.3467	0.3467	0.0000	0.0002	0.0001	0.0001	0.0001	0.0001	0.0000	0.0002	0.0000	0.0001	0.2148	0.1928	0.0220	0.0284	0.0272	0.0012	0.1864	0.1656	0.0208	0.1331	0.0603	0.0728	0.0157	0.0154	0.0003	0.1173	0.0449	0.0725	2363.3893	3270.4820	0.6623	3781.0150	3861.6231	0.0366	1419.6693	17005.8598	0.6969	0.0018	0.0014	0.0020	0.0051	0.0052	0.0001	0.0013	0.0001	0.0020
86	126	0.6022	4	1	2	0	0	0	0	0	0	N	Y	N	N	N	N	N	N	N	N	N	N	0.0001	0.0001	0.0000	0.0001	0.0001	0.0000	0.0000	0.0000	0.0026	0.0029	0.0000	0.0041	0.0044	0.0000	0.0000	0.0000	0.0000	23.9180	48.2148	0.0010	73.1471	86.1867	0.0000	0.0010	0.0008	0.0011	0.0000	0.0000	-0.0000	-0.5206	1.0165	0.9996	4.1395	8.0005	0.0001	0.0001	0.0000	0.0001	0.0001	0.0000	0.0000	0.0000	0.0000	0.9976	0.9976	0.0000	0.9976	0.9976	0.0000	0.0000	0.0000	0.0000	0.0265	0.0239	0.0026	0.0170	0.0158	0.0012	0.0095	0.0081	0.0014	0.0417	0.0207	0.0210	0.0136	0.0116	0.0021	0.0281	0.0091	0.0190	0.0001	0.0001	0.0000	0.0001	0.0001	0.0000	0.0000	0.0000	0.0000	23.9180	48.2148	0.0010	73.1471	86.1867	0.0000	0.0007	0.0000	0.0011	
86	127	0.5076	4	1	1	0	0	0	0	0	0	N	N	N	N	N	N	N	N	N	N	N	N	0.0000	0.0000	0.0000	0.0000	0.0000	0.0000	0.0000	0.0000	0.0000	0.0000	0.0000	0.0000	0.0000	0.0000	0.0000	0.0000	0.0000	0.0000	11.3071	20.6139	0.3684	30.1800	34.3025	0.0332	0.9348	1.7674	0.1789	0.0000	0.0041	-0.0000	-0.5143	1.0165	3.6536	4.1395	12.3970	0.0000	0.0000	0.0000	0.0000	0.0000	0.0000	0.0000	0.0000	0.0000	0.9931	0.9891	0.0040	0.9885	0.9885	0.0001	0.0046	0.0006	0.0040	0.0960	0.0864	0.0096	0.0628	0.0579	0.0048	0.0332	0.0284	0.0048	0.0878	0.0480	0.0398	0.0328	0.0288	0.0039	0.0551	0.0192	0.0359	0.0000	0.0000	0.0000	0.0000	0.0000	0.0000	0.0000	0.0000	0.0000	11.3071	20.6139	0.1011	30.1800	34.3025	0.0149	0.0831	0.0318	0.1105
86	128	0.2965	2	1	1	0	0	0	0	0	0	N	N	N	N	N	N	N	N	N	N	N	N	0.2143	0.1720	0.0000	0.1206	0.1277	0.0000	0.2084	0.7642	0.0000	0.4375	0.4847	0.0000	0.5305	0.5689	0.0000	0.3282	0.3784	0.0000	2.0416	2.8184	1.5220	4.4002	4.4548	1.0981	1.5749	0.4951	0.6213	0.0000	0.3375	-0.0185	-0.0299	1.0165	5.3495	4.1395	12.4099	0.0713	0.0713	0.0000	0.0467	0.0467	0.0000	0.0246	0.0246	0.0000	0.1109	0.0829	0.0280	0.0846	0.0827	0.0019	0.0263	0.0003	0.0261	0.1629	0.1470	0.0159	0.0880	0.0821	0.0059	0.0749	0.0649	0.0099	0.1624	0.0864	0.0760	0.0565	0.0507	0.0058	0.1059	0.0357	0.0702	0.6406	0.5049	0.0000	0.3545	0.3491	0.0000	1.3196	51.7823	0.0000	0.6830	0.9600	0.3681	1.4964	1.6298	0.3303	0.2487	0.0073	0.3713
86	129	0.7137	10	1	2	0	1	0	0	0	0	N	Y	N	N	N	N	N	N	N	N	N	N	0.0000	0.0000	0.0000	0.0000	0.0000	0.0000	0.0000	0.0000	0.0000	0.0000	0.0000	0.0000	0.0000	0.0000	0.0000	0.0000	0.0000	0.0000	0.0000	0.0000	1.0165	0.0000	4.1395	0.0000	0.0000	0.0000	0.0000	0.0000	0.0000	0.0000	0.0000	0.0000	0.0000	0.0000	0.0000	0.0000	0.0000	0.0000	0.0000	0.0000	0.0000	0.0000	0.0000	0.0000	0.0000	0.0000	0.0000	0.0000	0.0000	0.0000	0.0000	0.0000	0.0000	0.0000	0.0000	0.0000	0.0000	0.0000	0.0000	0.0000	0.0000	0.0000	0.0000	0.0000	0.0000	0.0000	0.0000	0.0000	0.0000	0.0000	0.0000	0.0000	0.0000	0.0000	0.0000	0.0000	0.0000	0.0000											
86	130	0.6974	9	1	2	0	1	0	0	0	0	N	Y	N	N	N	N	N	N	N	N	N	N	0.0000	0.0000	0.0000	0.0000	0.0000	0.0000	0.0000	0.0000	0.0000	0.0000	0.0000	0.0000	0.0000	3.6415	5.9660	0.0000	6.9433	7.6459	0.0000	0.0000	0.0000	0.0000	0.0000	0.0000	-0.0176	1.0165	0.0000	4.1395	3.0001	0.0000	0.0000	0.0000	0.0000	0.0000	0.0000	0.0000	0.0000	0.0000	0.0336	0.0336	0.0000	0.0336	0.0336	0.0000	0.0000	0.0000	0.0000	0.0000	0.0000	0.0000	0.0000	0.0000	0.0000	0.0000	0.0000	0.0000	0.0092	0.0056	0.0036	0.0051	0.0044	0.0007	0.0041	0.0012	0.0029	0.0000	0.0000	0.0000	0.0000	0.0000	0.0000	0.0000	0.0000	0.0000	3.6415	5.9660	0.0000	6.5666	7.6459	0.0000	0.0000	0.0000	0.0000						
86	131	0.6877	8	1	2	0	0	0	0	0	0	N	Y	N	N	N	N	N	N	N	N	N	N	0.0000	0.0000	0.0000	0.0000	0.0000	0.0000	0.0000	0.0000	0.0000	0.0000	0.0000	0.0000	0.0000	0.0000	0.0000	0.0000	0.0000	0.0000	0.0000	0.0000	1.0165	0.0000	4.1395	0.0000	0.0000	0.0000	0.0000	0.0000	0.0000	0.0000	0.0000	0.0000	0.0000	0.0000	0.0000	0.0000	0.0000	0.0000	0.0000	0.0000	0.0000	0.0000	0.0000	0.0000	0.0000	0.0000	0.0000	0.0000	0.0000	0.0000	0.0000	0.0000	0.0000	0.0000	0.0000	0.0000	0.0000	0.0000	0.0000	0.0000	0.0000	0.0000	0.0000	0.0000	0.0000	0.0000	0.0000	0.0000	0.0000	0.0000	0.0000	0.0000	0.0000	0.0000	0.0000	0.0000	0.0000	0.0000											
86	132	0.6974	9	1	1	1	1	0	0	0	0	N	N	N	N	N	N	N	N	N	N	N	N	0.0000	0.0000	0.0000	0.0000	0.0000	0.0000	0.0000	0.0000	0.0000	0.0000	0.0000	0.0000	0.0000	0.0000	0.0000	0.0000	0.0000	0.0000	0.0000	0.0000	1.0165	0.0000	4.1395	1.9999	0.0000	0.0000	0.0000	0.0000	0.0000	0.0000	0.0000	0.0000	0.0000	0.0000	0.0000	0.0000	0.0000	0.0000	0.0000	0.0000	0.0000	0.0000	0.0000	0.0000	0.0000	0.0000	0.0000	0.0000	0.0000	0.0000	0.0000	0.0062	0.0038	0.0024	0.0034	0.0030	0.0005	0.0028	0.0008	0.0019	0.0000	0.0000	0.0000	0.0000	0.0000	0.0000	0.0000	0.0000	0.0000	0.0000	0.0000	0.0000	0.0000	0.0000	0.0000	0.0000	0.0000	0.0000											
86	133	0.7084	10	1	1	1	1	0	0	0	0	N	N	N	N	N	N	N	N	N	N	N	N	0.0000	0.0000	0.0000	0.0000	0.0000	0.0000	0.0000	0.0000	0.0000	0.0000	0.0000	0.0000	0.0000	0.0000	0.0000	0.0000	0.0000	0.0000	0.0000	0.0000	1.0165	1.0000	4.1395	0.0000	0.0000	0.0000	0.0000	0.0000	0.0000	0.0000	0.0000	0.0000	0.0000	0.0000	0.0000	0.0000	0.0000	0.0000	0.0000	0.0000	0.0000	0.0000	0.0279	0.0258	0.0021	0.0232	0.0218	0.0014	0.0047	0.0040	0.0007	0.0028	0.0017	0.0011	0.0014	0.0012	0.0002	0.0014	0.0004	0.0010	0.0000	0.0000	0.0000	0.0000	0.0000	0.0000	0.0000	0.0000	0.0000	0.0000	0.0000	0.0000	0.0000	0.0000	0.0000	0.0000	0.0000	0.0000											
86	134	0.7084	10	1	1	1	1	0	0	0	0	N	N	N	N	N	N	N	N	N	N	N	N	0.0000	0.0000	0.0000	0.0000	0.0000	0.0000	0.0000	0.0000	0.0000	0.0000	0.0000	0.0000	0.0000	0.0000	0.0000	0.0000	0.0000	0.0000	0.0000	0.0000	1.0165	0.0000	4.1395	0.0000	0.0000	0.0000	0.0000	0.0000	0.0000	0.0000	0.0000	0.0000	0.0000	0.0000	0.0000	0.0000	0.0000	0.0000	0.0000	0.0000	0.0000	0.0000	0.0000	0.0000	0.0000	0.0000	0.0000	0.0000	0.0000	0.0000	0.0000	0.0000	0.0000	0.0000	0.0000	0.0000	0.0000	0.0000	0.0000	0.0000	0.0000	0.0000	0.0000	0.0000	0.0000	0.0000	0.0000	0.0000	0.0000	0.0000	0.0000	0.0000	0.0000	0.0000	0.0000	0.0000	0.0000	0.0000											
86	135	0.6974	9	1	1	1	1	0	0	0	0	N	N	N	N	N	N	N	N	N	N	N	N	0.0000	0.0000	0.0000	0.0000	0.0000	0.0000	0.0000	0.0000	0.0000	0.0000	0.0000	0.0000	0.0000	0.0000	0.0001	0.0000	0.0001	0.0001	0.0000	0.0000	0.0000	0.0000	0.0000	0.0000	-0.0000	1.0165	2.0025	4.1395	0.9943	0.0000	0.0000	0.0000	0.0000	0.0000	0.0000	0.0000	0.0000	0.0000	0.0000	0.0000	0.0000	0.0000	0.0000	0.0000	0.0000	0.0000	0.0000	0.0551	0.0509	0.0042	0.0451	0.0423	0.0027	0.0101	0.0086	0.0015	0.0092	0.0056	0.0036	0.0051	0.0044	0.0007	0.0041	0.0012	0.0029	0.0000	0.0000	0.0000	0.0000	0.0000	0.0000	0.0000	0.0000	0.0000	0.0000	0.0000	0.0000	0.0000	0.0000	0.0000	0.0000	0.0000	0.0000						
86	136	0.6974	8	1	1	0	1	0	0	0	0	N	N	N	N	N	N	N	N	N	N	N	N	0.0000	0.0000	0.0000	0.0000	0.0000	0.0000	0.0000	0.0000	0.0000	0.0000	0.0000	0.0000	0.0000	0.0000	0.0000	0.0000	0.0000	0.0005	0.0006	0.0002	0.0007	0.0006	0.0000	0.0003	0.0032	0.0003	0.7333	0.0000	-0.0000	1.0165	0.0050	4.1395	0.0173	0.0000	0.0000	0.0000	0.0000	0.0000	0.0000	0.0000	0.0000	0.0000	0.0000	0.0000	0.0000	0.0000	0.0000	0.0000	0.0000	0.0000	0.0000	0.0008	0.0007	0.0001	0.0007	0.0006	0.0001	0.0000	0.0000	0.0000	0.0001	0.0000	0.0000	0.0000	0.0000	0.0000	0.0000	0.0000	0.0000	0.0000	0.0000	0.0000	0.0000	0.0000	0.0000	0.0000	0.0000	0.0000	0.0002	0.0002	0.0002	0.0002	0.0002	0.0000	0.0002	0.0001	0.0003		
86	137	0.6877	7	1	1	0	1	0	0	0	0	N	N	N	N	N	N	N	N	N	N	N	N	0.0000	0.0000	0.0000	0.0000	0.0000	0.0000	0.0000	0.0000	0.0000	0.0000	0.0000	0.0000	0.0000	0.0000	0.0000	0.0000	0.0001	0.0000	0.0000	0.0000	0.0000	0.0000	0.0004	0.0000	5.5000	0.0000	0.0000	1.0165	1.9972	4.1395	1.0076	0.0000	0.0000	0.0000	0.0000	0.0000	0.0000	0.0000	0.0000	0.0000	0.0000	0.0000	0.0000	0.0000	0.0000	0.0000	0.0000	0.0000	0.0000	0.0412	0.0377	0.0035	0.0319	0.0297	0.0021	0.0094	0.0080	0.0014	0.0080	0.0051	0.0029	0.0051	0.0044	0.0007	0.0029	0.0007	0.0022	0.0000	0.0000	0.0000	0.0000	0.0000	0.0000	0.0000	0.0000	0.0000	0.0000	0.0000	0.0000	0.0000	0.0000	0.0000	0.0000	0.0000	0.0000				
86	138	0.6705	6	2	2	0	0	0	0	0	0	Y	Y	N	N	N	N	N	N	N	N	N	N	0.0000	0.0000	0.0000	0.0000	0.0000	0.0000	0.0000	0.0000	0.0000	0.0000	0.0000	0.0000	0.0000	0.0231	0.0000	0.0067	0.0000	0.0000	0.0000	0.0289	0.0000	0.0062	inf	0.0000	0.0000	1.0165	0.0002	4.1395	2.3255	0.0000	0.0000	0.0000	0.0000	0.0000	0.0000	0.0000	0.0000	0.0000	0.0000	0.0000	0.0000	0.0000	0.0000	0.0000	0.0000	0.0000	0.0000	0.0000	0.0000	0.0000	0.0000	0.0000	0.0000	0.0000	0.0000	0.0000	0.0097	0.0059	0.0038	0.0046	0.0040	0.0006	0.0050	0.0018	0.0032	0.0000	0.0000	0.0000	0.0000	0.0000	0.0000	0.0000	0.0000	0.0000	0.0021	0.0000	0.0053	0.0000	0.0000	0.0000	0.0040	0.0000	0.0062						
86	139	0.6526	5	2	2	0	0	0	0	0	0	Y	Y	N	N	N	N	N	N	N	N	N	N	0.0221	0.2146	0.0001	9.6684	13.3530	0.0000	0.0018	0.0010	0.0004	0.0146	0.0160	0.0000	0.0193	0.0206	0.0000	0.0008	0.0009	0.0000	0.6615	0.0748	0.1229	0.0020	0.0015	0.0012	0.4349	0.9633	0.0470	0.0000	6.5393	-0.0002	0.0002	1.0165	2.0138	4.1395	2.7349	0.0007	0.0007	0.0000	0.0007	0.0007	0.0000	0.0000	0.0000	0.0000	0.0005	0.0001	0.0004	0.0000	0.0000	0.0000	0.0005	0.0001	0.0004	0.0512	0.0467	0.0045	0.0384	0.0359	0.0025	0.0129	0.0108	0.0020	0.0274	0.0157	0.0117	0.0127	0.0116	0.0011	0.0147	0.0042	0.0106	0.8309	3.9401	0.0002	22.6756	24.6788	0.0000	0.0244	0.0708	0.0004	0.0176	0.0041	0.0358	0.0009	0.0008	0.0010	0.0321	0.0130	0.0396
86	140	0.6691	6	1	2	0	0	0	0	0	0	N	Y	N	N	N	N	N	N	N	N	N	N	9.5667	10.7274	0.0000	9.1249	10.4176	0.0000	0.0000	0.0056	0.0059	0.0000	0.0065	0.0068	0.0000	0.0000	0.0000	0.0000	0.0006	0.0006	0.0003	0.0007	0.0007	0.0000	0.0003	0.0000	0.0004	0.0000	0.9367	-0.0002	-0.0000	1.0165	1.9232	4.1395	1.1116	0.0007	0.0007	0.0000	0.0007	0.0007	0.0000	0.0000	0.0000	0.0000	0.0000	0.0000	0.0000	0.0000	0.0000	0.0000	0.0000	0.0000	0.0000	0.1235	0.1166	0.0069	0.1063	0.1017	0.0046	0.0172	0.0149	0.0023	0.0087	0.0055	0.0032	0.0053	0.0046	0.0007	0.0034	0.0009	0.0025	23.1283	29.7559	0.0000	31.8478	28.7097	0.0000	0.0000	0.0000	0.0000	0.0002	0.0002	0.0003	0.0002	0.0002	0.0000	0.0003	0.0000	0.0004		
86	141	0.0653	2	1	2	0	0	0	0	0	0	N	Y	N	N	N	N	N	N	N	N	N	N	inf	inf	inf	inf	inf	inf	5.9820	6.7186	0.0005	0.0000	0.0000	0.0000	6.5937	7.4585	0.0006	0.0000	0.0000	0.0000	0.0000	0.0000	0.0000	0.0000	0.0000	0.0000	0.0000	-0.2601	0.0000	1.0165	3.0000	4.1395	1.0000	0.9997	0.9997	0.0000	0.0000	0.0000	0.0000	0.9997	0.9997	0.0000	0.0000	0.0000	0.0000	0.0000	0.0000	0.0000	0.0000	0.0000	0.0000	0.1671	0.1488	0.0183	0.0155	0.0148	0.0007	0.1516	0.1340	0.0176	0.0817	0.0353	0.0464	0.0000	0.0000	0.0000	0.0816	0.0353	0.0464	inf	inf	inf	0.0000	0.0000	0.0000	inf	inf	inf	0.0000	0.0000	0.0000	0.0000	0.0000	0.0000	0.0000	0.0000	0.0000				
86	145	0.6877	8	2	2	0	0	0	0	0	0	Y	Y	N	N	N	N	N	N	N	N	N	N	0.0000	0.0000	0.0000	0.0000	0.0000	0.0000	0.0000	0.0000	0.0000	0.0000	0.0000	0.0000	0.0000	0.0000	0.0000	0.0000	0.0000	0.0000	0.0000	0.0000	1.0165	1.0000	4.1395	1.0000	0.0000	0.0000	0.0000	0.0000	0.0000	0.0000	0.0000	0.0000	0.0000	0.0000	0.0000	0.0000	0.0000	0.0000	0.0000	0.0000	0.0000	0.0000	0.0212	0.0194	0.0018	0.0164	0.0153	0.0011	0.0047	0.0040	0.0007	0.0054	0.0034	0.0020	0.0034	0.0030	0.0005	0.0019	0.0005	0.0015	0.0000	0.0000	0.0000	0.0000	0.0000	0.0000	0.0000	0.0000	0.0000	0.0000	0.0000	0.0000	0.0000	0.0000	0.0000	0.0000	0.0000	0.0000											
86	146	0.6877	7	1	2	0	0	0	0	0	0	N	Y	N	N	N	N	N	N	N	N	N	N	0.0000	0.0000	0.0000	0.0000	0.0000	0.0000	0.0000	0.0000	0.0000	0.0000	0.0000	0.0000	0.0000	0.0000	0.0000	0.0000	0.0000	0.0000	0.0000	0.0000	1.0165	0.0003	4.1395	0.0000	0.0000	0.0000	0.0000	0.0000	0.0000	0.0000	0.0000	0.0000	0.0000	0.0000	0.0000	0.0000	0.0000	0.0000	0.0000	0.0000	0.0000	0.0000	0.0001	0.0001	0.0000	0.0001	0.0001	0.0000	0.0000	0.0000	0.0000	0.0000	0.0000	0.0000	0.0000	0.0000	0.0000	0.0000	0.0000	0.0000	0.0000	0.0000	0.0000	0.0000	0.0000	0.0000	0.0000	0.0000	0.0000	0.0000	0.0000	0.0000	0.0000	0.0000	0.0000	0.0000	0.0000	0.0000											
86	147	0.6691	6	1	1	0	0	0	0	0	0	N	N	N	N	N	N	N	N	N	N	N	N	18587.3224	16131.9758	0.0000	13634.7973	14354.6209	0.0000	0.0000	0.0000	5.8694	6.3079	0.0000	7.1765	7.5858	0.0000	0.0000	0.0000	0.0000	0.0003	0.0004	0.0002	0.0005	0.0005	0.0000	0.0002	0.0003	0.0002	0.0000	0.9345	-0.2600	-0.0000	1.0165	4.9449	4.1395	1.0063	0.9991	0.9991	0.0000	0.9991	0.9991	0.0000	0.0000	0.0000	0.0000	0.0000	0.0000	0.0000	0.0000	0.0000	0.0000	0.0000	0.0000	0.0000	0.1702	0.1584	0.0118	0.1392	0.1317	0.0075	0.0310	0.0267	0.0043	0.0164	0.0103	0.0061	0.0100	0.0086	0.0014	0.0063	0.0016	0.0047	45596.9350	59553.1677	0.0000	66277.9516	60301.5815	0.0000	0.0000	0.0000	0.0000	0.0001	0.0001	0.0002	0.0001	0.0001	0.0000	0.0002	0.0000	0.0002	
86	148	0.6526	5	1	1	0	0	0	0	0	0	N	N	N	N	N	N	N	N	N	N	N	N	0.0743	0.9997	0.0002	2.3877	2.8431	0.0000	0.0055	0.3266	0.0009	0.0189	0.0208	0.0000	0.0261	0.0279	0.0000	0.0005	0.0006	0.0000	0.2545	0.0208	0.0264	0.0109	0.0098	0.0011	0.0858	0.0017	0.0113	0.0000	3.2334	-0.0004	0.0000	1.0165	3.4778	4.1395	1.2917	0.0014	0.0014	0.0000	0.0014	0.0014	0.0000	0.0000	0.0000	0.0000	0.0002	0.0000	0.0001	0.0000	0.0000	0.0000	0.0001	0.0000	0.0001	0.0766	0.0696	0.0070	0.0552	0.0515	0.0037	0.0214	0.0181	0.0034	0.0275	0.0158	0.0117	0.0127	0.0116	0.0011	0.0148	0.0042	0.0106	3.2814	8.7715	0.0005	8.6526	8.6809	0.0000	0.0576	14.4702	0.0009	0.0058	0.0024	0.0103	0.0030	0.0032	0.0009	0.0081	0.0000	0.0113
86	149	0.6022	4	1	1	0	0	0	0	0	0	N	N	N	N	N	N	N	N	N	N	N	N	2.8895	9852.9026	0.0001	18994.3769	20573.5798	0.0000	0.0001	0.0203	0.0003	5.8245	6.4525	0.0006	9.4824	10.1904	0.0000	0.0003	0.0002	0.0011	2.0157	0.0007	7.7300	0.0005	0.0005	0.0000	2.4141	0.0087	3.6222	0.0000	4602.7045	-0.2600	0.0160	1.0165	7.8050	4.1395	4.0035	0.9993	0.9993	0.0000	0.9993	0.9993	0.0000	0.0000	0.0000	0.0000	0.0335	0.0000	0.0335	0.0000	0.0000	0.0000	0.0335	0.0000	0.0335	0.1716	0.1549	0.0167	0.1054	0.0981	0.0073	0.0662	0.0568	0.0094	0.0529	0.0264	0.0266	0.0175	0.0148	0.0027	0.0355	0.0115	0.0239	9.2044	23373.8702	0.0005	99764.1694	91581.8890	0.0000	0.0003	0.3606	0.0008	0.6328	0.0003	1.2601	0.0001	0.0001	0.0000	0.9447	0.0005	1.3996
86	150	0.5076	4	1	1	0	0	0	0	0	0	N	N	N	N	N	N	N	N	N	N	N	N	0.0000	0.0000	0.0000	0.0000	0.0000	0.0000	0.0000	0.0000	0.0000	0.0000	0.0000	0.0000	0.0000	0.0000	0.0000	0.0000	0.0000	0.0000	1.4006	1.8578	0.3227	2.2863	2.4204	0.0075	0.8495	1.6344	0.1655	0.0000	0.4315	-0.0000	-0.0029	1.0165	3.7255	4.1395	14.1767	0.0000	0.0000	0.0000	0.0000	0.0000	0.0000	0.0000	0.0000	0.0000	0.0133	0.0093	0.0040	0.0087	0.0087	0.0000	0.0046	0.0006	0.0040	0.0976	0.0878	0.0098	0.0638	0.0589	0.0049	0.0338	0.0290	0.0049	0.0937	0.0509	0.0428	0.0347	0.0305	0.0043	0.0590	0.0204	0.0385	0.0000	0.0000	0.0000	0.0000	0.0000	0.0000	0.0000	0.0000	0.0000	0.1423	0.1830	0.0939	0.2511	0.2856	0.0048	0.0782	0.0301	0.1038
86	151	0.4913	3	1	1	0	0	0	0	0	0	N	N	N	N	N	N	N	N	N	N	N	N	0.0003	0.0002	0.0000	0.0002	0.0003	0.0000	0.0000	0.0000	0.0000	0.0005	0.0006	0.0000	0.0008	0.0008	0.0000	0.0000	0.0000	0.0000	1.9436	2.3263	3.0418	3.2335	3.2166	0.4838	1.8855	1.8979	1.1784	0.0004	0.8446	-0.0000	-0.0017	1.0165	1.4205	4.1395	4.0377	0.0000	0.0000	0.0000	0.0000	0.0000	0.0000	0.0000	0.0000	0.0000	0.0269	0.0146	0.0123	0.0144	0.0142	0.0002	0.0125	0.0004	0.0121	0.0404	0.0363	0.0041	0.0261	0.0242	0.0019	0.0142	0.0121	0.0022	0.0537	0.0317	0.0220	0.0221	0.0205	0.0017	0.0315	0.0112	0.0203	0.0010	0.0012	0.0000	0.0012	0.0012	0.0000	0.0000	0.0000	0.0000	0.5019	0.4611	0.5608	0.6505	0.6912	0.1454	0.3977	0.0399	0.5945
87	88	0.6590	5	1	2	0	0	0	0	0	0	N	Y	N	N	N	N	N	N	N	N	N	N	0.0000	0.0000	0.0000	0.0000	0.0000	0.0000	0.0000	0.0000	0.0000	0.0000	0.0000	0.0000	0.0000	0.0000	0.0000	0.0000	0.0000	0.0000	0.0000	0.0000	9.0005	0.0000	5.0000	0.0000	0.0000	0.0000	0.0000	0.0000	0.0000	0.0000	0.0000	0.0000	0.0000	0.0000	0.0000	0.0000	0.0000	0.0000	0.0000	0.0000	0.0000	0.0000	0.0000	0.0000	0.0000	0.0000	0.0000	0.0000	0.0000	0.0000	0.0000	0.0000	0.0000	0.0000	0.0000	0.0000	0.0000	0.0000	0.0000	0.0000	0.0000	0.0000	0.0000	0.0000	0.0000	0.0000	0.0000	0.0000	0.0000	0.0000	0.0000	0.0000	0.0000	0.0000	0.0000	0.0000	0.0000	0.0000											
87	89	0.1477	3	1	2	0	0	0	0	0	0	N	Y	N	N	N	N	N	N	N	N	N	N	0.0000	0.0000	0.0000	0.0000	0.0000	0.0000	0.0000	0.0000	0.0000	0.0000	0.0000	0.0000	0.0000	0.0000	0.0000	0.0000	0.0000	0.0000	0.0000	0.0000	9.0005	1.9953	5.0000	1.0817	0.0000	0.0000	0.0000	0.0000	0.0000	0.0000	0.0000	0.0000	0.0000	0.0000	0.0000	0.0000	0.0000	0.0000	0.0000	0.0000	0.0000	0.0000	0.5950	0.5402	0.0549	0.2951	0.2826	0.0125	0.2999	0.2576	0.0424	0.0773	0.0340	0.0432	0.0051	0.0048	0.0002	0.0722	0.0292	0.0430	0.0000	0.0000	0.0000	0.0000	0.0000	0.0000	0.0000	0.0000	0.0000	0.0000	0.0000	0.0000	0.0000	0.0000	0.0000	0.0000	0.0000	0.0000											
87	90	0.1218	2	1	2	0	0	0	0	0	0	N	Y	N	N	N	N	N	N	N	N	N	N	176.5467	315.2422	0.0000	0.0040	0.0044	1378.2623	236.3995	0.0000	1.2986	1.4441	0.0000	0.0010	0.0010	0.0000	2.4625	2.8442	0.0000	0.0074	0.0046	0.0011	0.2399	0.2328	0.0000	0.0018	0.0120	0.0011	0.0000	1.5000	-0.2082	0.0000	9.0005	2.3999	5.0000	4.0713	0.8002	0.8002	0.0000	0.0003	0.0003	0.0000	0.7999	0.7999	0.0000	0.0002	0.0001	0.0001	0.0000	0.0000	0.0000	0.0001	0.0000	0.0001	0.6162	0.5541	0.0621	0.2914	0.2728	0.0185	0.3248	0.2812	0.0436	0.1463	0.0615	0.0849	0.0012	0.0012	0.0001	0.1451	0.0603	0.0848	1266.7612	1479.2021	0.0000	0.0599	0.0608	0.0000	2748.1143	4285.5276	0.0000	0.0010	0.0010	0.0011	0.0160	0.0168	0.0000	0.0009	0.0007	0.0011	
87	91	0.1428	3	1	1	1	0	0	0	0	0	N	N	N	N	N	N	N	N	N	N	N	N	0.0000	0.0000	0.0000	0.0000	0.0000	0.0000	0.0000	0.0000	0.0000	0.0000	0.0000	0.0000	0.0000	0.0000	0.0000	0.0000	0.0000	0.0000	0.0000	0.0000	9.0005	0.0000	5.0000	0.0000	0.0000	0.0000	0.0000	0.0000	0.0000	0.0000	0.0000	0.0000	0.0000	0.0000	0.0000	0.0000	0.0000	0.0000	0.0000	0.0000	0.0000	0.0000	0.0000	0.0000	0.0000	0.0000	0.0000	0.0000	0.0000	0.0000	0.0000	0.0000	0.0000	0.0000	0.0000	0.0000	0.0000	0.0000	0.0000	0.0000	0.0000	0.0000	0.0000	0.0000	0.0000	0.0000	0.0000	0.0000	0.0000	0.0000	0.0000	0.0000	0.0000	0.0000	0.0000	0.0000	0.0000	0.0000											
87	92	0.1107	2	1	1	1	0	0	0	0	0	N	N	N	N	N	N	N	N	N	N	N	N	inf	inf	inf	inf	inf	inf	2.6754	2.0067	8.0212	0.0000	0.0000	0.0000	2.9538	2.2368	8.2308	0.0000	0.0000	0.0000	0.0000	0.0000	0.0000	0.0000	0.0000	0.0000	0.5000	0.2194	0.0000	9.0005	3.7221	5.0000	2.9993	3.0000	2.0000	1.0000	0.0000	0.0000	0.0000	3.0000	2.0000	1.0000	0.0000	0.0000	0.0000	0.0000	0.0000	0.0000	0.0000	0.0000	0.0000	1.1213	0.9967	0.1247	0.1057	0.1025	0.0032	1.0156	0.8941	0.1215	0.2518	0.1338	0.1180	0.0083	0.0082	0.0001	0.2435	0.1256	0.1179	inf	inf	inf	0.0000	0.0000	0.0000	inf	inf	inf	0.0000	0.0000	0.0000	0.0000	0.0000	0.0000	0.0000	0.0000	0.0000				
87	94	0.1380	3	2	2	0	0	0	0	0	0	Y	Y	N	N	N	N	N	N	N	N	N	N	0.1598	0.0785	0.0064	0.0071	0.2970	0.1470	0.7139	0.7880	0.0000	0.0013	0.0014	0.0000	1.3662	1.5720	0.0000	4.4674	10.0376	0.0000	0.2036	0.1927	0.0000	4.6000	10.6970	0.0000	0.0000	0.0000	-0.2608	-0.5216	9.0005	5.9980	5.0000	4.9575	1.0022	1.0022	0.0000	0.0009	0.0009	0.0000	1.0014	1.0014	0.0000	0.9995	0.9995	0.0000	0.0001	0.0001	0.0000	0.9994	0.9994	0.0000	1.4039	1.2719	0.1320	0.6709	0.6349	0.0360	0.7330	0.6370	0.0960	0.2237	0.0996	0.1242	0.0065	0.0061	0.0003	0.2173	0.0934	0.1238	0.1598	0.0785	0.0000	0.0932	0.0936	0.0000	0.2970	0.1470	0.0000	4.4674	10.0376	0.0000	0.0139	0.0146	0.0000	4.6000	10.6970	0.0000			
87	95	0.6590	5	2	2	0	0	0	0	0	0	Y	Y	N	N	N	N	N	N	N	N	N	N	0.0000	0.0000	0.0000	0.0000	0.0000	0.0000	0.0000	0.0000	0.0000	0.0000	0.0000	0.0000	0.0000	0.0000	0.0000	0.0000	0.0000	0.0000	0.0000	0.0000	9.0005	0.0000	5.0000	2.0000	0.0000	0.0000	0.0000	0.0000	0.0000	0.0000	0.0000	0.0000	0.0000	0.0000	0.0000	0.0000	0.0000	0.0000	0.0000	0.0000	0.0000	0.0000	0.0000	0.0000	0.0000	0.0000	0.0000	0.0000	0.0000	0.0000	0.0000	0.0429	0.0246	0.0183	0.0197	0.0169	0.0028	0.0233	0.0077	0.0155	0.0000	0.0000	0.0000	0.0000	0.0000	0.0000	0.0000	0.0000	0.0000	0.0000	0.0000	0.0000	0.0000	0.0000	0.0000	0.0000	0.0000	0.0000											
87	96	0.6366	4	1	2	0	0	0	0	0	0	N	Y	N	N	N	N	N	N	N	N	N	N	inf	inf	inf	inf	inf	inf	inf	2.8807	1.5950	14.8560	2.4193	2.5962	0.0000	3.5596	0.0000	25.5410	0.0000	0.0000	0.0000	0.0000	0.0000	0.0000	0.0000	0.0000	0.0000	1.0000	0.4796	0.0000	9.0005	4.0000	5.0000	0.0000	2.0000	1.0000	1.0000	1.0000	1.0000	0.0000	1.0000	0.0000	1.0000	0.0000	0.0000	0.0000	0.0000	0.0000	0.0000	0.0000	0.0000	0.0000	0.6943	0.6270	0.0673	0.4133	0.3852	0.0282	0.2809	0.2418	0.0392	0.0481	0.0240	0.0241	0.0159	0.0135	0.0024	0.0322	0.0105	0.0217	inf	inf	inf	inf	inf	0.0000	inf	0.0000	inf	0.0000	0.0000	0.0000	0.0000	0.0000	0.0000	0.0000	0.0000	0.0000			
87	98	0.6366	4	1	1	0	0	0	0	0	0	N	N	N	N	N	N	N	N	N	N	N	N	0.0000	0.0000	0.0000	0.0000	0.0000	0.0000	0.0000	0.0000	0.0000	0.0000	0.0000	0.0000	0.0000	0.0000	0.0000	0.0000	0.0000	0.0000	0.0000	0.0000	9.0005	1.0000	5.0000	0.0000	0.0000	0.0000	0.0000	0.0000	0.0000	0.0000	0.0000	0.0000	0.0000	0.0000	0.0000	0.0000	0.0000	0.0000	0.0000	0.0000	0.0000	0.0000	0.3402	0.3072	0.0330	0.2061	0.1919	0.0142	0.1341	0.1152	0.0188	0.0228	0.0113	0.0115	0.0075	0.0064	0.0011	0.0153	0.0050	0.0103	0.0000	0.0000	0.0000	0.0000	0.0000	0.0000	0.0000	0.0000	0.0000	0.0000	0.0000	0.0000	0.0000	0.0000	0.0000	0.0000	0.0000	0.0000											
87	99	0.1915	2	1	1	0	0	0	0	0	0	N	N	N	N	N	N	N	N	N	N	N	N	110.0234	61.4298	98.8122	123.5608	0.0492	0.0554	0.0000	0.2350	0.2395	0.0000	0.0000	0.0000	0.0000	0.0004	0.0009	0.0000	0.0024	0.0019	0.0000	0.0000	0.0000	0.0000	0.0000	0.0000	-0.0087	-0.0001	9.0005	1.5982	5.0000	11.1970	0.0333	0.0333	0.0000	0.0333	0.0333	0.0000	0.0000	0.0000	0.0000	0.0001	0.0001	0.0000	0.0001	0.0001	0.0000	0.0000	0.0000	0.0000	0.6769	0.6009	0.0760	0.1417	0.1390	0.0027	0.5352	0.4619	0.0733	0.5543	0.3151	0.2392	0.1135	0.1062	0.0073	0.4408	0.2089	0.2319	247.8029	158.6783	0.0000	242.4273	231.1732	0.0000	0.0000	0.0000	0.0000	0.0002	0.0003	0.0000	0.0010	0.0010	0.0000	0.0000	0.0000	0.0000					
87	100	0.1395	4	2	2	1	0	0	0	0	0	Y	Y	N	N	N	N	N	N	N	N	N	N	0.0000	0.0000	0.0000	0.0000	0.0000	0.0000	0.0000	0.0000	0.0000	0.0000	0.0000	0.0000	0.0000	0.0000	0.0000	0.0000	0.0000	0.0000	0.0000	0.0000	9.0005	0.0000	5.0000	0.9982	0.0000	0.0000	0.0000	0.0000	0.0000	0.0000	0.0000	0.0000	0.0000	0.0000	0.0000	0.0000	0.0000	0.0000	0.0000	0.0000	0.0000	0.0000	0.0311	0.0291	0.0020	0.0257	0.0250	0.0007	0.0054	0.0041	0.0014	0.0227	0.0100	0.0127	0.0007	0.0007	0.0000	0.0220	0.0093	0.0127	0.0000	0.0000	0.0000	0.0000	0.0000	0.0000	0.0000	0.0000	0.0000	0.0000	0.0000	0.0000	0.0000	0.0000	0.0000	0.0000	0.0000	0.0000											
87	101	0.6714	7	2	2	1	0	0	0	0	0	Y	Y	N	N	N	N	N	N	N	N	N	N	0.0000	0.0000	0.0000	0.0000	0.0000	0.0000	0.0000	0.0000	0.0000	0.0000	0.0000	0.0000	0.0000	0.0000	0.0000	0.0000	0.0000	0.0000	0.0000	0.0000	9.0005	0.0000	5.0000	0.0000	0.0000	0.0000	0.0000	0.0000	0.0000	0.0000	0.0000	0.0000	0.0000	0.0000	0.0000	0.0000	0.0000	0.0000	0.0000	0.0000	0.0000	0.0000	0.0000	0.0000	0.0000	0.0000	0.0000	0.0000	0.0000	0.0000	0.0000	0.0000	0.0000	0.0000	0.0000	0.0000	0.0000	0.0000	0.0000	0.0000	0.0000	0.0000	0.0000	0.0000	0.0000	0.0000	0.0000	0.0000	0.0000	0.0000	0.0000	0.0000	0.0000	0.0000	0.0000	0.0000	0.0000	0.0000											
87	102	0.6714	6	2	1	1	0	0	0	0	0	Y	N	N	N	N	N	N	N	N	N	N	N	0.0000	0.0000	0.0000	0.0000	0.0000	0.0000	0.0000	0.0000	0.0000	0.0000	0.0000	0.0000	0.0000	0.0000	0.0000	0.0000	0.0000	0.0000	0.0000	0.0000	9.0005	0.0000	5.0000	0.0000	0.0000	0.0000	0.0000	0.0000	0.0000	0.0000	0.0000	0.0000	0.0000	0.0000	0.0000	0.0000	0.0000	0.0000	0.0000	0.0000	0.0000	0.0000	0.0000	0.0000	0.0000	0.0000	0.0000	0.0000	0.0000	0.0000	0.0000	0.0000	0.0000	0.0000	0.0000	0.0000	0.0000	0.0000	0.0000	0.0000	0.0000	0.0000	0.0000	0.0000	0.0000	0.0000	0.0000	0.0000	0.0000	0.0000	0.0000	0.0000	0.0000	0.0000	0.0000	0.0000	0.0000	0.0000											
87	103	0.6653	5	2	1	1	0	0	0	0	0	Y	N	N	N	N	N	N	N	N	N	N	N	0.0000	0.0000	0.0000	0.0000	0.0000	0.0000	0.0000	0.0000	0.0000	0.0000	0.0000	0.0000	0.0000	0.0000	0.0000	0.0000	0.0000	0.0000	0.0000	0.0000	9.0005	0.0000	5.0000	1.0091	0.0000	0.0000	0.0000	0.0000	0.0000	0.0000	0.0000	0.0000	0.0000	0.0000	0.0000	0.0000	0.0000	0.0000	0.0000	0.0000	0.0000	0.0000	0.0000	0.0000	0.0000	0.0000	0.0000	0.0000	0.0000	0.0000	0.0000	0.0202	0.0120	0.0081	0.0101	0.0087	0.0014	0.0101	0.0034	0.0067	0.0000	0.0000	0.0000	0.0000	0.0000	0.0000	0.0000	0.0000	0.0000	0.0000	0.0000	0.0000	0.0000	0.0000	0.0000	0.0000	0.0000	0.0000											
87	105	0.1430	5	2	1	1	0	0	0	0	0	Y	N	N	N	N	N	N	N	N	N	N	N	0.0000	0.0000	0.0000	0.0000	0.0000	0.0000	0.0000	0.0000	0.0000	0.0000	0.0000	0.0000	0.0000	0.0017	0.0051	0.0000	0.2612	0.2360	0.0000	0.0000	0.0000	0.0000	0.0000	0.0000	-0.0000	9.0005	1.0000	5.0000	1.0005	0.0000	0.0000	0.0000	0.0000	0.0000	0.0000	0.0000	0.0000	0.0000	0.0000	0.0000	0.0000	0.0000	0.0000	0.0000	0.0000	0.0000	0.0000	0.2634	0.2392	0.0242	0.1330	0.1260	0.0070	0.1305	0.1132	0.0173	0.0446	0.0196	0.0250	0.0012	0.0011	0.0001	0.0434	0.0184	0.0249	0.0000	0.0000	0.0000	0.0000	0.0000	0.0000	0.0000	0.0000	0.0000	0.0004	0.0010	0.0000	0.0167	0.0176	0.0000	0.0000	0.0000	0.0000						
87	106	0.1395	4	2	1	1	0	0	0	0	0	Y	N	N	N	N	N	N	N	N	N	N	N	0.0101	0.0065	0.0017	0.0018	3.5462	0.1786	0.0081	0.0089	0.0000	0.0060	0.0063	0.0000	0.0107	0.0124	0.0000	0.7977	1.3699	0.0000	3.4607	3.4534	0.0000	0.0030	0.0693	0.0000	0.0000	0.0000	-0.0005	-0.0002	9.0005	0.7249	5.0000	0.0368	0.0018	0.0018	0.0000	0.0007	0.0007	0.0000	0.0011	0.0011	0.0000	0.0005	0.0005	0.0000	0.0004	0.0004	0.0000	0.0000	0.0000	0.0000	0.2224	0.2027	0.0197	0.1220	0.1162	0.0058	0.1004	0.0865	0.0139	0.0174	0.0077	0.0097	0.0006	0.0006	0.0000	0.0168	0.0071	0.0097	0.3068	0.1485	0.0000	0.0079	0.0080	0.0000	8.9792	4.4134	0.0000	0.0264	0.0598	0.0000	0.7535	0.7851	0.0000	0.0012	0.0028	0.0000			
87	107	0.1380	3	2	1	1	0	0	0	0	0	Y	N	N	N	N	N	N	N	N	N	N	N	0.0257	0.0164	2.9117	0.0097	0.0087	56.3148	0.0631	0.0144	0.0127	0.0311	0.0303	0.0397	0.0320	0.0280	0.1147	0.0298	0.0343	0.0001	1.2113	1.8538	0.0136	3.3057	3.2049	0.0020	0.4715	2.3839	0.0073	0.1143	0.0500	-0.0007	-0.0005	9.0005	0.4159	5.0000	0.0887	0.0044	0.0039	0.0004	0.0027	0.0023	0.0004	0.0017	0.0017	0.0000	0.0010	0.0010	0.0000	0.0006	0.0006	0.0000	0.0004	0.0004	0.0000	0.1410	0.1297	0.0113	0.0853	0.0814	0.0039	0.0557	0.0483	0.0074	0.0126	0.0058	0.0068	0.0009	0.0009	0.0000	0.0117	0.0049	0.0068	0.3736	0.1759	5.4103	0.0474	0.0408	66.8037	0.7924	0.4321	0.0127	0.0832	0.1724	0.0073	0.6740	0.6862	0.0017	0.0375	0.0794	0.0073
87	108	0.1218	2	2	1	0	0	0	0	0	0	Y	N	N	N	N	N	N	N	N	N	N	N	4.7771	2.1526	23.3109	inf	inf	inf	46.0243	2.5123	28.8502	1.0219	1.1351	0.0210	0.0010	0.0005	0.0087	1.8910	2.1789	0.0260	0.2139	0.5273	0.0009	0.0000	0.0000	0.0000	0.0411	0.8673	0.0009	0.0021	0.1091	-0.2581	-0.0003	9.0005	3.9943	5.0000	0.9974	1.0001	0.9980	0.0021	0.0005	0.0002	0.0003	0.9996	0.9978	0.0018	0.0006	0.0006	0.0001	0.0000	0.0000	0.0000	0.0006	0.0005	0.0001	0.9787	0.8792	0.0995	0.4501	0.4213	0.0288	0.5286	0.4579	0.0707	0.1146	0.0480	0.0666	0.0010	0.0009	0.0000	0.1136	0.0471	0.0665	191.9620	99.1243	23.3109	inf	inf	inf	352.2099	186.6068	28.8502	0.0053	0.0115	0.0009	0.0000	0.0000	0.0000	0.0054	0.0117	0.0009
87	109	0.6653	5	2	1	1	0	0	0	0	0	Y	N	N	N	N	N	N	N	N	N	N	N	0.0000	0.0000	0.0000	0.0000	0.0000	0.0000	0.0000	0.0000	0.0000	0.0000	0.0000	0.0000	0.0000	0.0000	0.0000	0.0000	0.0000	0.0000	0.0000	0.0000	9.0005	0.0000	5.0000	0.9909	0.0000	0.0000	0.0000	0.0000	0.0000	0.0000	0.0000	0.0000	0.0000	0.0000	0.0000	0.0000	0.0000	0.0000	0.0000	0.0000	0.0000	0.0000	0.0000	0.0000	0.0000	0.0000	0.0000	0.0000	0.0000	0.0000	0.0000	0.0198	0.0118	0.0080	0.0099	0.0085	0.0014	0.0099	0.0033	0.0066	0.0000	0.0000	0.0000	0.0000	0.0000	0.0000	0.0000	0.0000	0.0000	0.0000	0.0000	0.0000	0.0000	0.0000	0.0000	0.0000	0.0000	0.0000											
87	110	0.6366	4	2	1	1	0	0	0	0	0	Y	N	N	N	N	N	N	N	N	N	N	N	inf	inf	inf	inf	inf	inf	inf	2.8807	1.5950	14.8560	2.4193	2.5962	0.0000	3.5596	0.0000	25.5411	0.0000	0.0000	0.0000	0.0000	0.0000	0.0000	0.0000	0.0000	0.0000	1.0000	0.4796	0.0000	9.0005	4.0000	5.0000	0.0000	2.0000	1.0000	1.0000	1.0000	1.0000	0.0000	1.0000	0.0000	1.0000	0.0000	0.0000	0.0000	0.0000	0.0000	0.0000	0.0000	0.0000	0.0000	0.6943	0.6270	0.0673	0.4133	0.3852	0.0282	0.2809	0.2418	0.0392	0.0481	0.0240	0.0241	0.0159	0.0135	0.0024	0.0322	0.0105	0.0217	inf	inf	inf	inf	inf	0.0000	inf	0.0000	inf	0.0000	0.0000	0.0000	0.0000	0.0000	0.0000	0.0000	0.0000	0.0000			
87	112	0.1264	2	1	1	1	0	0	0	0	0	N	N	N	N	N	N	N	N	N	N	N	N	0.0000	0.0000	0.0000	0.0000	0.0000	0.0000	0.0000	0.0000	0.0000	0.0000	0.0000	0.0000	0.0000	0.0000	0.0000	0.0000	0.0000	0.0000	0.0000	-0.0000	9.0005	0.0000	5.0000	0.0001	0.0000	0.0000	0.0000	0.0000	0.0000	0.0000	0.0000	0.0000	0.0000	0.0000	0.0000	0.0000	0.0000	0.0000	0.0000	0.0000	0.0000	0.0000	0.0000	0.0000	0.0000	0.0000	0.0000	0.0000	0.0000	0.0000	0.0000	0.0000	0.0000	0.0000	0.0000	0.0000	0.0000	0.0000	0.0000	0.0000	0.0000	0.0000	0.0000	0.0000	0.0000	0.0000	0.0000	0.0000	0.0000	0.0000	0.0000	0.0000	0.0000	0.0000	0.0000	0.0000	0.0000	0.0000											
87	114	0.6693	5	1	2	0	0	0	0	0	0	N	Y	N	N	N	N	N	N	N	N	N	N	15.4165	7.2986	1604.1114	1844.4691	0.0004	0.0000	0.8537	0.9452	0.0000	1.5091	1.6042	0.0000	0.0000	0.0000	0.0000	0.0554	0.1295	0.0000	0.0009	0.0009	0.0000	0.0478	1.1982	0.0000	0.0000	0.0000	-0.2594	-0.0002	9.0005	4.3361	5.0000	4.6323	0.9970	0.9970	0.0000	0.9970	0.9970	0.0000	0.0000	0.0000	0.0000	0.0005	0.0005	0.0000	0.0000	0.0000	0.0000	0.0004	0.0004	0.0000	1.1679	1.0549	0.1130	0.6607	0.6215	0.0392	0.5072	0.4334	0.0738	0.1528	0.0934	0.0594	0.0792	0.0684	0.0107	0.0736	0.0250	0.0487	283.5852	191.9565	0.0000	3981.7911	3660.2033	0.0000	0.0034	0.0013	0.0000	0.0030	0.0049	0.0000	0.0004	0.0004	0.0000	0.0058	0.0172	0.0000			
87	115	0.6366	4	1	1	0	0	0	0	0	0	N	N	N	N	N	N	N	N	N	N	N	N	0.0141	0.0095	inf	0.0184	0.0198	inf	inf	inf	0.0090	0.0100	0.0003	0.0148	0.0159	0.0000	0.0001	0.0001	0.0005	0.6392	1.0498	0.0000	0.8049	0.8035	0.0000	0.0000	0.0000	0.0000	0.0030	0.0000	-0.0008	-0.0002	9.0005	1.9840	5.0000	0.2610	0.0033	0.0033	0.0000	0.0033	0.0033	0.0000	0.0000	0.0000	0.0000	0.0004	0.0004	0.0000	0.0004	0.0004	0.0000	0.0000	0.0000	0.0000	0.3645	0.3291	0.0354	0.2206	0.2054	0.0152	0.1439	0.1237	0.0202	0.0276	0.0137	0.0139	0.0091	0.0077	0.0014	0.0185	0.0060	0.0125	0.5534	0.3039	inf	0.2994	0.2727	0.0000	inf	inf	inf	0.0163	0.0328	0.0000	0.0495	0.0584	0.0000	0.0000	0.0000	0.0000	
87	117	0.6366	4	1	2	0	1	0	0	0	0	N	Y	N	N	N	N	N	N	N	N	N	N	0.0000	0.0000	0.0000	0.0000	0.0000	0.0000	0.0000	0.0000	0.0000	0.0000	0.0000	0.0000	0.0000	0.0000	0.0000	0.0000	0.0000	0.0000	0.0000	0.0000	9.0005	0.0000	5.0000	1.0000	0.0000	0.0000	0.0000	0.0000	0.0000	0.0000	0.0000	0.0000	0.0000	0.0000	0.0000	0.0000	0.0000	0.0000	0.0000	0.0000	0.0000	0.0000	0.0000	0.0000	0.0000	0.0000	0.0000	0.0000	0.0000	0.0000	0.0000	0.0173	0.0086	0.0087	0.0057	0.0048	0.0009	0.0116	0.0038	0.0079	0.0000	0.0000	0.0000	0.0000	0.0000	0.0000	0.0000	0.0000	0.0000	0.0000	0.0000	0.0000	0.0000	0.0000	0.0000	0.0000	0.0000	0.0000											
87	119	0.6366	4	1	2	0	0	0	0	0	0	N	Y	N	N	N	N	N	N	N	N	N	N	inf	inf	inf	inf	1.1838	1.3108	0.0000	2.0039	2.1497	0.0000	0.0000	0.0000	0.0000	0.0000	0.0000	0.0000	0.0000	0.0000	0.0000	0.0000	0.0000	0.0000	0.0000	-0.2602	0.0000	9.0005	5.0000	5.0000	6.0000	1.0000	1.0000	0.0000	1.0000	1.0000	0.0000	0.0000	0.0000	0.0000	0.0000	0.0000	0.0000	0.0000	0.0000	0.0000	0.0000	0.0000	0.0000	0.8447	0.7629	0.0819	0.4990	0.4652	0.0339	0.3457	0.2977	0.0480	0.1219	0.0613	0.0606	0.0413	0.0350	0.0063	0.0806	0.0263	0.0543	inf	inf	0.0000	inf	inf	0.0000	0.0000	0.0000	0.0000	0.0000	0.0000	0.0000	0.0000	0.0000	0.0000	0.0000	0.0000	0.0000						
87	120	0.6647	5	1	2	0	0	0	0	0	0	N	Y	N	N	N	N	N	N	N	N	N	N	inf	inf	inf	inf	inf	inf	inf	inf	0.0391	0.0340	0.0870	0.0527	0.0562	0.0066	0.0198	0.0000	0.1447	0.0000	0.0000	0.0000	0.0000	0.0000	0.0000	0.0000	0.0000	0.0000	0.2765	-0.0003	0.0000	9.0005	0.9998	5.0000	0.9486	0.0073	0.0057	0.0016	0.0058	0.0057	0.0001	0.0015	0.0000	0.0015	0.0000	0.0000	0.0000	0.0000	0.0000	0.0000	0.0000	0.0000	0.0000	0.1876	0.1693	0.0183	0.1100	0.1024	0.0076	0.0776	0.0670	0.0106	0.0398	0.0213	0.0184	0.0177	0.0154	0.0023	0.0221	0.0059	0.0161	inf	inf	inf	inf	inf	inf	inf	0.0000	inf	0.0000	0.0000	0.0000	0.0000	0.0000	0.0000	0.0000	0.0000	0.0000		
87	121	0.6366	4	1	2	0	0	0	0	0	0	N	Y	N	N	N	N	N	N	N	N	N	N	inf	inf	inf	inf	inf	inf	inf	inf	2.1620	1.1946	11.1804	1.8334	1.9666	0.0000	2.6318	0.0002	18.9927	0.0000	0.0000	0.0000	0.0000	0.0000	0.0000	0.0000	0.0000	0.0000	1.0040	0.4799	0.0000	9.0005	3.0005	5.0000	1.1085	1.9928	0.9944	0.9984	0.9943	0.9943	0.0000	0.9985	0.0001	0.9984	0.0000	0.0000	0.0000	0.0000	0.0000	0.0000	0.0000	0.0000	0.0000	0.9217	0.8324	0.0893	0.5423	0.5056	0.0367	0.3794	0.3268	0.0526	0.0874	0.0438	0.0436	0.0293	0.0248	0.0044	0.0581	0.0189	0.0392	inf	inf	inf	inf	inf	0.0000	inf	inf	inf	0.0000	0.0000	0.0000	0.0000	0.0000	0.0000	0.0000	0.0000	0.0000		
87	122	0.1218	2	1	2	0	0	0	0	0	0	N	Y	N	N	N	N	N	N	N	N	N	N	inf	inf	inf	inf	inf	inf	inf	inf	3.8463	2.1381	19.1261	0.0009	0.0009	0.0000	7.3432	4.2407	27.3415	0.0000	0.0000	0.0000	0.0000	0.0000	0.0000	0.0000	0.0000	0.0000	1.0000	0.4796	0.0000	9.0005	2.0001	5.0000	3.0000	2.0000	1.0000	1.0000	0.0002	0.0002	0.0000	1.9998	0.9998	1.0000	0.0000	0.0000	0.0000	0.0000	0.0000	0.0000	0.0000	0.0000	0.0000	0.5200	0.4677	0.0523	0.2477	0.2319	0.0157	0.2723	0.2358	0.0366	0.1148	0.0481	0.0667	0.0010	0.0009	0.0000	0.1138	0.0472	0.0666	inf	inf	inf	inf	inf	0.0000	inf	inf	inf	0.0000	0.0000	0.0000	0.0000	0.0000	0.0000	0.0000	0.0000	0.0000		
87	124	0.6702	5	1	2	0	0	0	0	0	0	N	Y	N	N	N	N	N	N	N	N	N	N	2155.6860	1247.3122	1601.6652	2000.7916	12605.0623	394.0182	2.1876	2.4083	0.0000	2.2639	2.4211	0.0000	2.0540	2.3839	0.0000	0.0010	0.0019	0.0000	0.0014	0.0012	0.0000	0.0002	0.0061	0.0000	0.0000	0.0000	-0.7537	-0.0000	9.0005	3.9006	5.0000	3.1543	2.8969	2.8969	0.0000	1.9087	1.9087	0.0000	0.9882	0.9882	0.0000	0.0001	0.0001	0.0000	0.0001	0.0001	0.0000	0.0000	0.0000	0.0000	1.3242	1.2029	0.1213	0.8431	0.7884	0.0547	0.4811	0.4145	0.0666	0.1691	0.1027	0.0665	0.0828	0.0747	0.0082	0.0863	0.0280	0.0583	6167.1201	4120.9941	0.0000	3750.4738	3615.3223	0.0000	17728.3893	6676.8288	0.0000	0.0004	0.0006	0.0000	0.0006	0.0007	0.0000	0.0001	0.0004	0.0000			
87	125	0.6366	4	1	2	0	0	0	0	0	0	N	Y	N	N	N	N	N	N	N	N	N	N	254.3754	485.2342	30.6846	659.6879	784.5586	inf	72.8704	inf	0.3730	1.2538	1.3859	0.0238	2.0553	2.2020	0.0558	0.0539	0.0627	0.0003	0.0049	0.0029	0.0008	0.0031	0.0028	0.0000	0.0007	0.0000	0.0009	0.0018	1.0000	-0.1798	-0.0000	9.0005	1.6924	5.0000	1.9110	0.6959	0.6947	0.0013	0.6840	0.6827	0.0013	0.0120	0.0120	0.0000	0.0001	0.0000	0.0000	0.0000	0.0000	0.0000	0.0000	0.0000	0.0000	0.5551	0.5012	0.0538	0.3328	0.3100	0.0228	0.2223	0.1912	0.0311	0.0775	0.0388	0.0387	0.0259	0.0220	0.0039	0.0516	0.0168	0.0348	1618.8820	1790.3194	30.6846	1773.8451	1611.8585	inf	92.7386	inf	0.3730	0.0008	0.0008	0.0008	0.0012	0.0014	0.0000	0.0006	0.0000	0.0009
87	127	0.2079	3	1	1	0	0	0	0	0	0	N	N	N	N	N	N	N	N	N	N	N	N	0.0551	0.0001	inf	0.0452	0.0106	inf	0.0542	0.0000	inf	0.1431	0.0003	1.2735	0.0072	0.0015	0.1656	0.1714	0.0000	1.3353	2.5967	3.5128	0.0000	0.1586	0.1424	0.0000	3.1631	5.7064	0.0000	567.8710	0.0000	0.1302	-0.5217	9.0005	3.6536	5.0000	12.3970	0.1764	0.0003	0.1760	0.0015	0.0003	0.0012	0.1748	0.0000	0.1748	0.9995	0.9995	0.0000	0.0013	0.0013	0.0000	0.9982	0.9982	0.0000	1.2325	1.0942	0.1382	0.2123	0.2050	0.0073	1.0202	0.8893	0.1309	0.5789	0.3368	0.2421	0.1060	0.0982	0.0079	0.4728	0.2386	0.2343	0.0829	0.0001	inf	0.5841	0.1142	inf	0.0812	0.0000	inf	1.7266	2.9680	0.0000	0.0123	0.0132	0.0000	2.1111	4.1837	0.0000
87	128	0.3863	3	1	1	0	0	0	0	0	0	N	N	N	N	N	N	N	N	N	N	N	N	0.1539	0.2345	0.0000	0.0939	0.2286	0.0000	0.1597	inf	0.0000	0.3339	0.3727	0.0000	0.3996	0.4262	0.0000	0.2951	0.3387	0.0000	2.1693	1.5896	9.9724	4.2565	1.8647	60.5599	1.8477	0.0000	1.4892	0.0000	11.5415	-0.1637	0.2541	9.0005	5.3495	5.0000	12.4099	0.6290	0.6290	0.0000	0.2796	0.2796	0.0000	0.3494	0.3494	0.0000	0.6379	0.0509	0.5870	0.4823	0.0509	0.4314	0.1556	0.0000	0.1556	1.8838	1.6875	0.1963	0.6996	0.6559	0.0436	1.1843	1.0316	0.1527	0.7837	0.5009	0.2828	0.3690	0.3149	0.0541	0.4147	0.1859	0.2287	0.4102	3.6706	0.0000	0.3058	2.6390	0.0000	0.7865	inf	0.0000	0.8139	0.1015	2.0754	1.3069	0.1615	7.9750	0.3751	0.0000	0.6801
87	129	0.1920	7	1	2	0	1	0	0	0	0	N	Y	N	N	N	N	N	N	N	N	N	N	0.0000	0.0000	0.0000	0.0000	0.0000	0.0000	0.0000	0.0000	0.0000	0.0000	0.0000	0.0000	0.0000	0.0000	0.0000	0.0000	0.0000	0.0000	0.0000	0.0000	9.0005	0.0000	5.0000	0.0000	0.0000	0.0000	0.0000	0.0000	0.0000	0.0000	0.0000	0.0000	0.0000	0.0000	0.0000	0.0000	0.0000	0.0000	0.0000	0.0000	0.0000	0.0000	0.0000	0.0000	0.0000	0.0000	0.0000	0.0000	0.0000	0.0000	0.0000	0.0000	0.0000	0.0000	0.0000	0.0000	0.0000	0.0000	0.0000	0.0000	0.0000	0.0000	0.0000	0.0000	0.0000	0.0000	0.0000	0.0000	0.0000	0.0000	0.0000	0.0000	0.0000	0.0000	0.0000	0.0000	0.0000	0.0000											
87	130	0.1757	6	1	2	0	1	0	0	0	0	N	Y	N	N	N	N	N	N	N	N	N	N	0.0000	0.0000	0.0000	0.0000	0.0000	0.0000	0.0000	0.0000	0.0000	0.0000	0.0000	0.0000	0.0000	0.0000	0.0000	0.0000	0.0000	0.0000	0.0000	0.0000	9.0005	0.0000	5.0000	3.0001	0.0000	0.0000	0.0000	0.0000	0.0000	0.0000	0.0000	0.0000	0.0000	0.0000	0.0000	0.0000	0.0000	0.0000	0.0000	0.0000	0.0000	0.0000	0.0000	0.0000	0.0000	0.0000	0.0000	0.0000	0.0000	0.0000	0.0000	0.0582	0.0231	0.0351	0.0013	0.0013	0.0001	0.0569	0.0218	0.0351	0.0000	0.0000	0.0000	0.0000	0.0000	0.0000	0.0000	0.0000	0.0000	0.0000	0.0000	0.0000	0.0000	0.0000	0.0000	0.0000	0.0000	0.0000											
87	131	0.1660	5	1	2	0	0	0	0	0	0	N	Y	N	N	N	N	N	N	N	N	N	N	0.0000	0.0000	0.0000	0.0000	0.0000	0.0000	0.0000	0.0000	0.0000	0.0000	0.0000	0.0000	0.0000	0.0000	0.0000	0.0000	0.0000	0.0000	0.0000	0.0000	9.0005	0.0000	5.0000	0.0000	0.0000	0.0000	0.0000	0.0000	0.0000	0.0000	0.0000	0.0000	0.0000	0.0000	0.0000	0.0000	0.0000	0.0000	0.0000	0.0000	0.0000	0.0000	0.0000	0.0000	0.0000	0.0000	0.0000	0.0000	0.0000	0.0000	0.0000	0.0000	0.0000	0.0000	0.0000	0.0000	0.0000	0.0000	0.0000	0.0000	0.0000	0.0000	0.0000	0.0000	0.0000	0.0000	0.0000	0.0000	0.0000	0.0000	0.0000	0.0000	0.0000	0.0000	0.0000	0.0000	0.0000	0.0000											
87	132	0.1757	6	1	1	1	1	0	0	0	0	N	N	N	N	N	N	N	N	N	N	N	N	0.0000	0.0000	0.0000	0.0000	0.0000	0.0000	0.0000	0.0000	0.0000	0.0000	0.0000	0.0000	0.0000	0.0000	0.0000	0.0000	0.0000	0.0000	0.0000	0.0000	9.0005	0.0000	5.0000	1.9999	0.0000	0.0000	0.0000	0.0000	0.0000	0.0000	0.0000	0.0000	0.0000	0.0000	0.0000	0.0000	0.0000	0.0000	0.0000	0.0000	0.0000	0.0000	0.0000	0.0000	0.0000	0.0000	0.0000	0.0000	0.0000	0.0000	0.0000	0.0392	0.0155	0.0237	0.0009	0.0009	0.0000	0.0383	0.0146	0.0237	0.0000	0.0000	0.0000	0.0000	0.0000	0.0000	0.0000	0.0000	0.0000	0.0000	0.0000	0.0000	0.0000	0.0000	0.0000	0.0000	0.0000	0.0000											
87	133	0.1867	7	1	1	1	1	0	0	0	0	N	N	N	N	N	N	N	N	N	N	N	N	inf	inf	inf	inf	3.9387	0.0000	36.7046	0.0000	0.0000	0.0000	8.2998	0.0000	59.6827	0.0000	0.0000	0.0000	0.0000	0.0000	0.0000	0.0000	0.0000	0.0000	inf	0.7398	0.0000	9.0005	1.0000	5.0000	0.0000	1.0000	0.0000	1.0000	0.0000	0.0000	0.0000	1.0000	0.0000	1.0000	0.0000	0.0000	0.0000	0.0000	0.0000	0.0000	0.0000	0.0000	0.0000	0.2539	0.2266	0.0272	0.1334	0.1229	0.0105	0.1205	0.1037	0.0168	0.0187	0.0073	0.0115	0.0005	0.0004	0.0000	0.0183	0.0068	0.0115	inf	0.0000	inf	0.0000	0.0000	0.0000	inf	0.0000	inf	0.0000	0.0000	0.0000	0.0000	0.0000	0.0000	0.0000	0.0000	0.0000						
87	134	0.1867	7	1	1	1	1	0	0	0	0	N	N	N	N	N	N	N	N	N	N	N	N	0.0000	0.0000	0.0000	0.0000	0.0000	0.0000	0.0000	0.0000	0.0000	0.0000	0.0000	0.0000	0.0000	0.0000	0.0000	0.0000	0.0000	0.0000	0.0000	0.0000	9.0005	0.0000	5.0000	0.0000	0.0000	0.0000	0.0000	0.0000	0.0000	0.0000	0.0000	0.0000	0.0000	0.0000	0.0000	0.0000	0.0000	0.0000	0.0000	0.0000	0.0000	0.0000	0.0000	0.0000	0.0000	0.0000	0.0000	0.0000	0.0000	0.0000	0.0000	0.0000	0.0000	0.0000	0.0000	0.0000	0.0000	0.0000	0.0000	0.0000	0.0000	0.0000	0.0000	0.0000	0.0000	0.0000	0.0000	0.0000	0.0000	0.0000	0.0000	0.0000	0.0000	0.0000	0.0000	0.0000	0.0000	0.0000											
87	135	0.1757	6	1	1	1	1	0	0	0	0	N	N	N	N	N	N	N	N	N	N	N	N	0.0000	0.0000	0.0000	0.0000	0.0000	0.0000	0.0000	0.0000	0.0000	0.0000	0.0000	0.0000	0.0000	0.0000	0.0000	0.0000	0.0000	0.0000	0.0000	0.0000	9.0005	2.0025	5.0000	0.9943	0.0000	0.0000	0.0000	0.0000	0.0000	0.0000	0.0000	0.0000	0.0000	0.0000	0.0000	0.0000	0.0000	0.0000	0.0000	0.0000	0.0000	0.0000	0.5022	0.4482	0.0539	0.2551	0.2352	0.0199	0.2471	0.2130	0.0340	0.0581	0.0230	0.0351	0.0013	0.0013	0.0001	0.0568	0.0217	0.0351	0.0000	0.0000	0.0000	0.0000	0.0000	0.0000	0.0000	0.0000	0.0000	0.0000	0.0000	0.0000	0.0000	0.0000	0.0000	0.0000	0.0000	0.0000											
87	136	0.1757	5	1	1	0	1	0	0	0	0	N	N	N	N	N	N	N	N	N	N	N	N	0.0000	0.0000	0.0000	0.0000	0.0000	0.0000	0.0000	0.0000	0.0000	0.0000	0.0000	0.0000	0.0000	0.0000	0.0000	0.0000	0.0000	0.0000	0.0000	0.0000	9.0005	0.0050	5.0000	0.0173	0.0000	0.0000	0.0000	0.0000	0.0000	0.0000	0.0000	0.0000	0.0000	0.0000	0.0000	0.0000	0.0000	0.0000	0.0000	0.0000	0.0000	0.0000	0.0028	0.0025	0.0002	0.0021	0.0020	0.0001	0.0006	0.0006	0.0001	0.0005	0.0002	0.0003	0.0000	0.0000	0.0000	0.0004	0.0002	0.0003	0.0000	0.0000	0.0000	0.0000	0.0000	0.0000	0.0000	0.0000	0.0000	0.0000	0.0000	0.0000	0.0000	0.0000	0.0000	0.0000	0.0000	0.0000											
87	137	0.1660	4	1	1	0	1	0	0	0	0	N	N	N	N	N	N	N	N	N	N	N	N	0.0000	0.0000	0.0000	0.0000	0.0000	0.0000	0.0000	0.0000	0.0000	0.0000	0.0000	0.0000	0.0000	0.0000	0.0000	0.0000	0.0000	0.0000	0.0000	0.0000	9.0005	1.9972	5.0000	1.0076	0.0000	0.0000	0.0000	0.0000	0.0000	0.0000	0.0000	0.0000	0.0000	0.0000	0.0000	0.0000	0.0000	0.0000	0.0000	0.0000	0.0000	0.0000	0.4678	0.4170	0.0508	0.2269	0.2093	0.0176	0.2409	0.2077	0.0333	0.0552	0.0216	0.0336	0.0013	0.0012	0.0001	0.0539	0.0204	0.0335	0.0000	0.0000	0.0000	0.0000	0.0000	0.0000	0.0000	0.0000	0.0000	0.0000	0.0000	0.0000	0.0000	0.0000	0.0000	0.0000	0.0000	0.0000											
87	138	0.1488	3	2	2	0	0	0	0	0	0	Y	Y	N	N	N	N	N	N	N	N	N	N	0.0000	0.0000	0.0000	0.0000	0.0000	0.0000	0.0000	0.0000	0.0000	0.0000	0.0000	0.0000	0.0000	0.0174	0.0359	0.0000	0.1119	0.1029	0.0000	0.0000	0.0000	0.0000	0.0000	0.0000	-0.0001	9.0005	0.0002	5.0000	2.3255	0.0000	0.0000	0.0000	0.0000	0.0000	0.0000	0.0000	0.0000	0.0000	0.0001	0.0001	0.0000	0.0001	0.0001	0.0000	0.0000	0.0000	0.0000	0.0001	0.0001	0.0000	0.0001	0.0001	0.0000	0.0001	0.0001	0.0000	0.0693	0.0367	0.0327	0.0114	0.0110	0.0004	0.0579	0.0257	0.0322	0.0000	0.0000	0.0000	0.0000	0.0000	0.0000	0.0000	0.0000	0.0000	0.0017	0.0033	0.0000	0.0105	0.0109	0.0000	0.0000	0.0000	0.0000						
87	139	0.1309	2	2	2	0	0	0	0	0	0	Y	Y	N	N	N	N	N	N	N	N	N	N	0.0125	1.7462	0.0000	20.7063	28.2558	0.0027	0.0586	0.0000	0.0127	0.0139	0.0000	0.0326	0.0342	0.0000	0.0020	0.0023	0.0000	1.0179	0.0080	0.3628	0.0016	0.0012	0.0000	0.7460	0.0388	0.1655	0.0000	67.7506	-0.0022	0.0038	9.0005	2.0138	5.0000	2.7349	0.0083	0.0083	0.0000	0.0074	0.0074	0.0000	0.0009	0.0009	0.0000	0.0082	0.0001	0.0081	0.0000	0.0000	0.0000	0.0082	0.0001	0.0081	0.6518	0.5958	0.0560	0.2279	0.2176	0.0103	0.4239	0.3782	0.0457	0.1655	0.0849	0.0806	0.0314	0.0300	0.0014	0.1341	0.0548	0.0793	0.2552	9.8420	0.0000	51.2635	51.3106	0.0000	0.0331	1.2465	0.0000	0.0498	0.0014	0.1008	0.0006	0.0007	0.0000	0.0614	0.0018	0.1026	
87	140	0.1474	3	1	2	0	0	0	0	0	0	N	Y	N	N	N	N	N	N	N	N	N	N	18.8932	inf	1.0064	inf	inf	61.1310	inf	1.4286	0.5581	0.6092	0.0044	0.1018	0.1068	0.0000	0.9588	1.0851	0.0060	0.0295	0.0000	0.0044	0.0000	0.0000	0.0000	0.0157	0.0000	0.0042	0.0007	inf	-0.1002	0.0001	9.0005	1.9232	5.0000	1.1116	0.3862	0.3860	0.0003	0.0329	0.0329	0.0000	0.3533	0.3530	0.0003	0.0002	0.0000	0.0002	0.0000	0.0000	0.0000	0.0002	0.0000	0.0002	0.6920	0.6335	0.0585	0.3236	0.3082	0.0154	0.3685	0.3253	0.0431	0.0692	0.0309	0.0383	0.0058	0.0055	0.0003	0.0634	0.0254	0.0379	241.3106	inf	1.0632	inf	inf	0.0000	379.6367	inf	1.4286	0.0023	0.0000	0.0042	0.0000	0.0000	0.0000	0.0025	0.0000	0.0042	
87	141	0.6559	5	1	2	0	0	0	0	0	0	N	Y	N	N	N	N	N	N	N	N	N	N	inf	inf	inf	inf	1.7905	1.9755	0.0000	2.7113	2.9171	0.0000	0.0000	0.0000	0.0000	0.0000	0.0000	0.0000	0.0000	0.0000	0.0000	0.0000	0.0000	0.0000	0.0000	-0.5204	0.0000	9.0005	3.0000	5.0000	1.0000	2.0000	2.0000	0.0000	2.0000	2.0000	0.0000	0.0000	0.0000	0.0000	0.0000	0.0000	0.0000	0.0000	0.0000	0.0000	0.0000	0.0000	0.0000	1.1170	1.0124	0.1046	0.7377	0.6856	0.0520	0.3793	0.3268	0.0526	0.0853	0.0428	0.0425	0.0287	0.0243	0.0043	0.0567	0.0185	0.0382	inf	inf	0.0000	inf	inf	0.0000	0.0000	0.0000	0.0000	0.0000	0.0000	0.0000	0.0000	0.0000	0.0000	0.0000	0.0000	0.0000						
87	142	0.6366	4	1	1	0	0	0	0	0	0	N	N	N	N	N	N	N	N	N	N	N	N	inf	inf	inf	inf	2.9396	3.2555	0.0000	4.8519	5.2101	0.0000	0.0000	0.0000	0.0000	0.0000	0.0000	0.0000	0.0000	0.0000	0.0000	0.0000	0.0000	0.0000	0.0000	-0.2602	0.0000	9.0005	1.0000	5.0000	1.0000	1.0000	1.0000	0.0000	1.0000	1.0000	0.0000	0.0000	0.0000	0.0000	0.0000	0.0000	0.0000	0.0000	0.0000	0.0000	0.0000	0.0000	0.0000	0.3402	0.3072	0.0330	0.2061	0.1919	0.0142	0.1341	0.1152	0.0188	0.0445	0.0222	0.0223	0.0147	0.0125	0.0022	0.0298	0.0097	0.0201	inf	inf	0.0000	inf	inf	0.0000	0.0000	0.0000	0.0000	0.0000	0.0000	0.0000	0.0000	0.0000	0.0000	0.0000	0.0000	0.0000						
87	143	0.3863	3	1	1	0	0	0	0	0	0	N	N	N	N	N	N	N	N	N	N	N	N	0.5612	0.4720	1.1728	1.2388	0.4824	0.2702	1.3558	1.5158	0.0000	0.9248	0.9875	0.0000	1.5801	1.8108	0.0000	2.4157	3.2117	0.0000	0.7885	0.7971	0.0000	3.2756	6.7007	0.0000	0.0000	0.0000	-0.7719	-0.5093	9.0005	7.1211	5.0000	10.9474	2.9666	2.9666	0.0000	0.6926	0.6926	0.0000	2.2740	2.2740	0.0000	0.9758	0.9758	0.0000	0.0182	0.0182	0.0000	0.9576	0.9576	0.0000	2.1880	1.9571	0.2309	0.7489	0.7014	0.0475	1.4392	1.2558	0.1834	0.7870	0.5024	0.2846	0.3696	0.3154	0.0542	0.4174	0.1870	0.2304	1.0935	0.7803	0.0000	18.7699	17.1007	0.0000	0.6887	0.3536	0.0000	1.2399	1.9425	0.0000	0.0493	0.0577	0.0000	2.2943	5.1210	0.0000			
87	144	0.1915	2	1	1	0	0	0	0	0	0	N	N	N	N	N	N	N	N	N	N	N	N	0.5374	0.4842	0.0169	0.6858	4.4020	0.0017	0.5423	0.3541	0.0438	1.2381	1.3817	0.1142	0.1239	0.1301	0.0004	1.3833	1.5586	0.1199	2.3036	2.8538	6.7525	0.1806	0.0295	0.2174	2.5509	4.4017	2.7378	0.0106	0.9004	-0.6827	-0.0427	9.0005	8.5175	5.0000	23.1696	2.7335	2.7049	0.0286	0.0315	0.0315	0.0000	2.7020	2.6734	0.0286	0.8874	0.4670	0.4204	0.0018	0.0008	0.0010	0.8856	0.4662	0.4194	2.2079	1.9577	0.2502	0.2546	0.2425	0.0121	1.9533	1.7152	0.2381	0.8626	0.4657	0.3969	0.1391	0.1256	0.0135	0.7235	0.3401	0.3833	1.2035	1.3781	0.1078	9.5715	21.1492	0.0049	1.1300	1.1372	0.1096	1.0287	1.0026	1.0594	0.0129	0.0061	0.0760	1.2241	1.3706	1.0941
87	145	0.1660	5	2	2	0	0	0	0	0	0	Y	Y	N	N	N	N	N	N	N	N	N	N	0.0000	0.0000	0.0000	0.0000	0.0000	0.0000	0.0000	0.0000	0.0000	0.0000	0.0000	0.0000	0.0000	0.0000	0.0000	0.0000	0.0000	0.0000	0.0000	0.0000	9.0005	1.0000	5.0000	1.0000	0.0000	0.0000	0.0000	0.0000	0.0000	0.0000	0.0000	0.0000	0.0000	0.0000	0.0000	0.0000	0.0000	0.0000	0.0000	0.0000	0.0000	0.0000	0.2398	0.2137	0.0261	0.1175	0.1083	0.0092	0.1223	0.1054	0.0169	0.0371	0.0145	0.0226	0.0009	0.0008	0.0000	0.0363	0.0137	0.0226	0.0000	0.0000	0.0000	0.0000	0.0000	0.0000	0.0000	0.0000	0.0000	0.0000	0.0000	0.0000	0.0000	0.0000	0.0000	0.0000	0.0000	0.0000											
87	146	0.1660	4	1	2	0	0	0	0	0	0	N	Y	N	N	N	N	N	N	N	N	N	N	0.0000	0.0000	0.0000	0.0000	0.0000	0.0000	0.0000	0.0000	0.0000	0.0000	0.0000	0.0000	0.0000	0.0000	0.0000	0.0000	0.0000	0.0000	0.0000	0.0000	9.0005	0.0003	5.0000	0.0000	0.0000	0.0000	0.0000	0.0000	0.0000	0.0000	0.0000	0.0000	0.0000	0.0000	0.0000	0.0000	0.0000	0.0000	0.0000	0.0000	0.0000	0.0000	0.0002	0.0002	0.0000	0.0002	0.0002	0.0000	0.0001	0.0001	0.0000	0.0000	0.0000	0.0000	0.0000	0.0000	0.0000	0.0000	0.0000	0.0000	0.0000	0.0000	0.0000	0.0000	0.0000	0.0000	0.0000	0.0000	0.0000	0.0000	0.0000	0.0000	0.0000	0.0000	0.0000	0.0000	0.0000	0.0000											
87	147	0.1474	3	1	1	0	0	0	0	0	0	N	N	N	N	N	N	N	N	N	N	N	N	303.2788	inf	3522.8441	inf	inf	inf	415.1627	inf	1.9504	3.1585	2.6250	7.9821	4.8964	3.2277	30.2545	1.8720	2.1452	0.0044	0.0104	0.0000	0.0023	0.0000	0.0000	0.0000	0.0045	0.0000	0.0023	0.3363	inf	-0.0339	0.0001	9.0005	4.9449	5.0000	1.0063	3.9727	2.9729	0.9998	2.6196	1.6202	0.9994	1.3531	1.3526	0.0004	0.0002	0.0000	0.0002	0.0000	0.0000	0.0000	0.0002	0.0000	0.0002	1.2578	1.1325	0.1253	0.5350	0.5020	0.0330	0.7228	0.6306	0.0922	0.1242	0.0536	0.0706	0.0070	0.0066	0.0004	0.1173	0.0471	0.0702	2452.6998	inf	3522.8441	inf	inf	inf	1371.8552	inf	1.9504	0.0013	0.0000	0.0023	0.0000	0.0000	0.0000	0.0014	0.0000	0.0023
87	148	0.1309	2	1	1	0	0	0	0	0	0	N	N	N	N	N	N	N	N	N	N	N	N	1.9694	120.1077	7.0830	2.1091	0.4522	inf	4.0040	inf	18.2471	2.0117	1.9578	2.5115	0.0626	0.0124	0.9144	2.9141	2.9208	2.8637	1.0215	0.0163	0.3546	0.0297	0.0275	0.0000	0.7278	0.0000	0.1569	0.1385	45.3755	-0.2595	0.0038	9.0005	3.4778	5.0000	1.2917	1.8728	1.6450	0.2278	0.0184	0.0035	0.0150	1.8543	1.6415	0.2128	0.0083	0.0002	0.0081	0.0002	0.0002	0.0000	0.0081	0.0000	0.0081	0.9309	0.8402	0.0907	0.2946	0.2782	0.0164	0.6363	0.5620	0.0743	0.1660	0.0851	0.0809	0.0315	0.0301	0.0014	0.1345	0.0550	0.0795	40.2898	931.9821	25.0594	11.0176	2.0904	inf	48.3443	inf	28.0799	0.0499	0.0021	0.1002	0.0057	0.0059	0.0000	0.0603	0.0000	0.1020
87	150	0.2079	3	1	1	0	0	0	0	0	0	N	N	N	N	N	N	N	N	N	N	N	N	0.8261	0.0007	inf	0.0165	0.0035	inf	inf	inf	0.1411	0.0003	1.2558	0.0071	0.0015	0.1627	0.1688	0.0000	1.3171	0.1708	0.3878	0.0000	0.4295	0.4284	0.0000	0.0000	0.0000	0.0000	567.8710	0.0000	0.1302	-0.0015	9.0005	3.7255	5.0000	14.1767	0.1764	0.0003	0.1760	0.0015	0.0003	0.0012	0.1748	0.0000	0.1748	0.0028	0.0028	0.0000	0.0028	0.0028	0.0000	0.0000	0.0000	0.0000	1.2497	1.1095	0.1402	0.2139	0.2064	0.0074	1.0358	0.9031	0.1327	0.6143	0.3557	0.2587	0.1097	0.1011	0.0085	0.5047	0.2545	0.2502	30.6341	0.0351	inf	0.2754	0.0537	inf	inf	0.0000	inf	0.0046	0.0080	0.0000	0.0258	0.0280	0.0000	0.0000	0.0000	0.0000	
87	151	0.1915	2	1	1	0	0	0	0	0	0	N	N	N	N	N	N	N	N	N	N	N	N	2.0919	0.0149	8109.2342	0.1261	0.1010	60184.3639	11.3262	0.0025	8150.8398	1.2821	0.0133	11.3477	0.0569	0.0439	0.7903	1.6279	0.0035	11.7201	0.6129	0.8934	0.0014	0.4511	0.4352	0.0000	0.1437	1.3898	0.0014	107.4122	0.0378	0.5888	-0.0027	9.0005	1.4205	5.0000	4.0377	0.8060	0.0074	0.7985	0.0079	0.0060	0.0019	0.7981	0.0015	0.7966	0.0056	0.0054	0.0002	0.0027	0.0027	0.0000	0.0028	0.0026	0.0002	0.6286	0.5583	0.0704	0.1384	0.1360	0.0024	0.4903	0.4223	0.0680	0.3619	0.2169	0.1449	0.1003	0.0963	0.0039	0.2616	0.1206	0.1410	83.3041	0.5383	8109.2342	2.0815	1.5453	60184.3639	150.4718	0.1587	8150.8398	0.0154	0.0247	0.0014	0.0273	0.0284	0.0000	0.0108	0.0218	0.0014
88	89	0.6457	7	0	2	0	0	0	0	0	0	N	Y	N	N	N	N	N	N	N	N	N	N	0.0000	0.0000	0.0000	0.0000	0.0000	0.0000	0.0000	0.0000	0.0000	0.0000	0.0000	0.0000	0.0000	0.0000	0.0000	0.0000	0.0000	0.0000	0.0000	0.0000	0.0000	1.9953	0.0000	1.0817	0.0000	0.0000	0.0000	0.0000	0.0000	0.0000	0.0000	0.0000	0.0000	0.0000	0.0000	0.0000	0.0000	0.0000	0.0000	0.0000	0.0000	0.0000	0.0000	0.0000	0.0000	0.0000	0.0000	0.0000	0.0000	0.0000	0.0000	0.0000	0.0000	0.0000	0.0000	0.0000	0.0000	0.0000	0.0000	0.0000	0.0000	0.0000	0.0000	0.0000	0.0000	0.0000	0.0000	0.0000	0.0000	0.0000	0.0000	0.0000	0.0000	0.0000	0.0000	0.0000	0.0000	0.0000											
88	90	0.6198	6	0	2	0	0	0	0	0	0	N	Y	N	N	N	N	N	N	N	N	N	N	0.0000	0.0000	0.0000	0.0000	0.0000	0.0000	0.0000	0.0000	0.0000	0.0000	0.0000	0.0000	0.0000	0.0000	0.0000	0.0000	0.0000	0.0000	0.0000	0.0000	0.0000	2.3999	0.0000	4.0713	0.0000	0.0000	0.0000	0.0000	0.0000	0.0000	0.0000	0.0000	0.0000	0.0000	0.0000	0.0000	0.0000	0.0000	0.0000	0.0000	0.0000	0.0000	0.0000	0.0000	0.0000	0.0000	0.0000	0.0000	0.0000	0.0000	0.0000	0.0000	0.0000	0.0000	0.0000	0.0000	0.0000	0.0000	0.0000	0.0000	0.0000	0.0000	0.0000	0.0000	0.0000	0.0000	0.0000	0.0000	0.0000	0.0000	0.0000	0.0000	0.0000	0.0000	0.0000	0.0000	0.0000	0.0000											
88	91	0.6408	7	0	1	1	0	0	0	0	0	N	N	N	N	N	N	N	N	N	N	N	N	0.0000	0.0000	0.0000	0.0000	0.0000	0.0000	0.0000	0.0000	0.0000	0.0000	0.0000	0.0000	0.0000	0.0000	0.0000	0.0000	0.0000	0.0000	0.0000	0.0000	0.0000	0.0000	0.0000	0.0000	0.0000	0.0000	0.0000	0.0000	0.0000	0.0000	0.0000	0.0000	0.0000	0.0000	0.0000	0.0000	0.0000	0.0000	0.0000	0.0000	0.0000	0.0000	0.0000	0.0000	0.0000	0.0000	0.0000	0.0000	0.0000	0.0000	0.0000	0.0000	0.0000	0.0000	0.0000	0.0000	0.0000	0.0000	0.0000	0.0000	0.0000	0.0000	0.0000	0.0000	0.0000	0.0000	0.0000	0.0000	0.0000	0.0000	0.0000	0.0000	0.0000	0.0000	0.0000	0.0000	0.0000	0.0000											
88	92	0.6087	6	0	1	1	0	0	0	0	0	N	N	N	N	N	N	N	N	N	N	N	N	0.0000	0.0000	0.0000	0.0000	0.0000	0.0000	0.0000	0.0000	0.0000	0.0000	0.0000	0.0000	0.0000	0.0000	0.0000	0.0000	0.0000	0.0000	0.0000	0.0000	0.0000	3.7221	0.0000	2.9993	0.0000	0.0000	0.0000	0.0000	0.0000	0.0000	0.0000	0.0000	0.0000	0.0000	0.0000	0.0000	0.0000	0.0000	0.0000	0.0000	0.0000	0.0000	0.0000	0.0000	0.0000	0.0000	0.0000	0.0000	0.0000	0.0000	0.0000	0.0000	0.0000	0.0000	0.0000	0.0000	0.0000	0.0000	0.0000	0.0000	0.0000	0.0000	0.0000	0.0000	0.0000	0.0000	0.0000	0.0000	0.0000	0.0000	0.0000	0.0000	0.0000	0.0000	0.0000	0.0000	0.0000	0.0000											
88	93	0.5785	5	0	1	0	0	0	0	0	0	N	N	N	N	N	N	N	N	N	N	N	N	0.0000	0.0000	0.0000	0.0000	0.0000	0.0000	0.0000	0.0000	0.0000	0.0000	0.0000	0.0000	0.0000	0.0000	0.0000	0.0000	0.0000	0.0000	0.0000	0.0000	0.0000	2.7217	0.0000	3.0458	0.0000	0.0000	0.0000	0.0000	0.0000	0.0000	0.0000	0.0000	0.0000	0.0000	0.0000	0.0000	0.0000	0.0000	0.0000	0.0000	0.0000	0.0000	0.0000	0.0000	0.0000	0.0000	0.0000	0.0000	0.0000	0.0000	0.0000	0.0000	0.0000	0.0000	0.0000	0.0000	0.0000	0.0000	0.0000	0.0000	0.0000	0.0000	0.0000	0.0000	0.0000	0.0000	0.0000	0.0000	0.0000	0.0000	0.0000	0.0000	0.0000	0.0000	0.0000	0.0000	0.0000	0.0000											
88	94	0.6360	7	1	2	0	0	0	0	0	0	N	Y	N	N	N	N	N	N	N	N	N	N	0.0000	0.0000	0.0000	0.0000	0.0000	0.0000	0.0000	0.0000	0.0000	0.0000	0.0000	0.0000	0.0000	0.0000	0.0000	0.0000	0.0000	0.0000	0.0000	0.0000	0.0000	5.9980	0.0000	4.9575	0.0000	0.0000	0.0000	0.0000	0.0000	0.0000	0.0000	0.0000	0.0000	0.0000	0.0000	0.0000	0.0000	0.0000	0.0000	0.0000	0.0000	0.0000	0.0000	0.0000	0.0000	0.0000	0.0000	0.0000	0.0000	0.0000	0.0000	0.0000	0.0000	0.0000	0.0000	0.0000	0.0000	0.0000	0.0000	0.0000	0.0000	0.0000	0.0000	0.0000	0.0000	0.0000	0.0000	0.0000	0.0000	0.0000	0.0000	0.0000	0.0000	0.0000	0.0000	0.0000	0.0000	0.0000											
88	97	0.5785	5	0	1	0	0	0	0	0	0	N	N	N	N	N	N	N	N	N	N	N	N	0.0000	0.0000	0.0000	0.0000	0.0000	0.0000	0.0000	0.0000	0.0000	0.0000	0.0000	0.0000	0.0000	0.0000	0.0000	0.0000	0.0000	0.0000	0.0000	0.0000	0.0000	3.9994	0.0000	4.0000	0.0000	0.0000	0.0000	0.0000	0.0000	0.0000	0.0000	0.0000	0.0000	0.0000	0.0000	0.0000	0.0000	0.0000	0.0000	0.0000	0.0000	0.0000	0.0000	0.0000	0.0000	0.0000	0.0000	0.0000	0.0000	0.0000	0.0000	0.0000	0.0000	0.0000	0.0000	0.0000	0.0000	0.0000	0.0000	0.0000	0.0000	0.0000	0.0000	0.0000	0.0000	0.0000	0.0000	0.0000	0.0000	0.0000	0.0000	0.0000	0.0000	0.0000	0.0000	0.0000	0.0000	0.0000											
88	98	0.0224	2	0	1	0	0	0	0	0	0	N	N	N	N	N	N	N	N	N	N	N	N	0.0000	0.0000	0.0000	0.0000	0.0000	0.0000	0.0000	0.0000	0.0000	0.0000	0.0000	0.0000	0.0000	0.0000	0.0000	0.0000	0.0000	0.0000	0.0000	0.0000	0.0000	1.0000	0.0000	0.0000	0.0000	0.0000	0.0000	0.0000	0.0000	0.0000	0.0000	0.0000	0.0000	0.0000	0.0000	0.0000	0.0000	0.0000	0.0000	0.0000	0.0000	0.0000	0.0000	0.0000	0.0000	0.0000	0.0000	0.0000	0.0000	0.0000	0.0000	0.0000	0.0000	0.0000	0.0000	0.0000	0.0000	0.0000	0.0000	0.0000	0.0000	0.0000	0.0000	0.0000	0.0000	0.0000	0.0000	0.0000	0.0000	0.0000	0.0000	0.0000	0.0000	0.0000	0.0000	0.0000	0.0000	0.0000											
88	99	0.4676	4	0	1	0	0	0	0	0	0	N	N	N	N	N	N	N	N	N	N	N	N	0.0000	0.0000	0.0000	0.0000	0.0000	0.0000	0.0000	0.0000	0.0000	0.0000	0.0000	0.0000	0.0000	0.0000	0.0000	0.0000	0.0000	0.0000	0.0000	0.0000	0.0000	1.5982	0.0000	11.1970	0.0000	0.0000	0.0000	0.0000	0.0000	0.0000	0.0000	0.0000	0.0000	0.0000	0.0000	0.0000	0.0000	0.0000	0.0000	0.0000	0.0000	0.0000	0.0000	0.0000	0.0000	0.0000	0.0000	0.0000	0.0000	0.0000	0.0000	0.0000	0.0000	0.0000	0.0000	0.0000	0.0000	0.0000	0.0000	0.0000	0.0000	0.0000	0.0000	0.0000	0.0000	0.0000	0.0000	0.0000	0.0000	0.0000	0.0000	0.0000	0.0000	0.0000	0.0000	0.0000	0.0000	0.0000											
88	100	0.6375	8	1	2	1	0	0	0	0	0	N	Y	N	N	N	N	N	N	N	N	N	N	0.0000	0.0000	0.0000	0.0000	0.0000	0.0000	0.0000	0.0000	0.0000	0.0000	0.0000	0.0000	0.0000	0.0000	0.0000	0.0000	0.0000	0.0000	0.0000	0.0000	0.0000	0.0000	0.0000	0.9982	0.0000	0.0000	0.0000	0.0000	0.0000	0.0000	0.0000	0.0000	0.0000	0.0000	0.0000	0.0000	0.0000	0.0000	0.0000	0.0000	0.0000	0.0000	0.0000	0.0000	0.0000	0.0000	0.0000	0.0000	0.0000	0.0000	0.0000	0.0000	0.0000	0.0000	0.0000	0.0000	0.0000	0.0000	0.0000	0.0000	0.0000	0.0000	0.0000	0.0000	0.0000	0.0000	0.0000	0.0000	0.0000	0.0000	0.0000	0.0000	0.0000	0.0000	0.0000	0.0000	0.0000	0.0000											
88	101	0.0571	5	1	2	1	0	0	0	0	0	N	Y	N	N	N	N	N	N	N	N	N	N	0.0000	0.0000	0.0000	0.0000	0.0000	0.0000	0.0000	0.0000	0.0000	0.0000	0.0000	0.0000	0.0000	0.0000	0.0000	0.0000	0.0000	0.0000	0.0000	0.0000	0.0000	0.0000	0.0000	0.0000	0.0000	0.0000	0.0000	0.0000	0.0000	0.0000	0.0000	0.0000	0.0000	0.0000	0.0000	0.0000	0.0000	0.0000	0.0000	0.0000	0.0000	0.0000	0.0000	0.0000	0.0000	0.0000	0.0000	0.0000	0.0000	0.0000	0.0000	0.0000	0.0000	0.0000	0.0000	0.0000	0.0000	0.0000	0.0000	0.0000	0.0000	0.0000	0.0000	0.0000	0.0000	0.0000	0.0000	0.0000	0.0000	0.0000	0.0000	0.0000	0.0000	0.0000	0.0000	0.0000	0.0000	0.0000											
88	102	0.0571	4	1	1	1	0	0	0	0	0	N	N	N	N	N	N	N	N	N	N	N	N	0.0000	0.0000	0.0000	0.0000	0.0000	0.0000	0.0000	0.0000	0.0000	0.0000	0.0000	0.0000	0.0000	0.0000	0.0000	0.0000	0.0000	0.0000	0.0000	0.0000	0.0000	0.0000	0.0000	0.0000	0.0000	0.0000	0.0000	0.0000	0.0000	0.0000	0.0000	0.0000	0.0000	0.0000	0.0000	0.0000	0.0000	0.0000	0.0000	0.0000	0.0000	0.0000	0.0000	0.0000	0.0000	0.0000	0.0000	0.0000	0.0000	0.0000	0.0000	0.0000	0.0000	0.0000	0.0000	0.0000	0.0000	0.0000	0.0000	0.0000	0.0000	0.0000	0.0000	0.0000	0.0000	0.0000	0.0000	0.0000	0.0000	0.0000	0.0000	0.0000	0.0000	0.0000	0.0000	0.0000	0.0000	0.0000											
88	103	0.0510	3	1	1	1	0	0	0	0	0	N	N	N	N	N	N	N	N	N	N	N	N	0.0000	0.0000	0.0000	0.0000	0.0000	0.0000	0.0000	0.0000	0.0000	0.0000	0.0000	0.0000	0.0000	0.0000	0.0000	0.0000	0.0000	0.0000	0.0000	0.0000	0.0000	0.0000	0.0000	1.0091	0.0000	0.0000	0.0000	0.0000	0.0000	0.0000	0.0000	0.0000	0.0000	0.0000	0.0000	0.0000	0.0000	0.0000	0.0000	0.0000	0.0000	0.0000	0.0000	0.0000	0.0000	0.0000	0.0000	0.0000	0.0000	0.0000	0.0000	0.0000	0.0000	0.0000	0.0000	0.0000	0.0000	0.0000	0.0000	0.0000	0.0000	0.0000	0.0000	0.0000	0.0000	0.0000	0.0000	0.0000	0.0000	0.0000	0.0000	0.0000	0.0000	0.0000	0.0000	0.0000	0.0000	0.0000											
88	104	0.5785	5	0	2	0	0	0	0	0	0	N	Y	N	N	N	N	N	N	N	N	N	N	0.0000	0.0000	0.0000	0.0000	0.0000	0.0000	0.0000	0.0000	0.0000	0.0000	0.0000	0.0000	0.0000	0.0000	0.0000	0.0000	0.0000	0.0000	0.0000	0.0000	0.0000	7.9994	0.0000	4.0001	0.0000	0.0000	0.0000	0.0000	0.0000	0.0000	0.0000	0.0000	0.0000	0.0000	0.0000	0.0000	0.0000	0.0000	0.0000	0.0000	0.0000	0.0000	0.0000	0.0000	0.0000	0.0000	0.0000	0.0000	0.0000	0.0000	0.0000	0.0000	0.0000	0.0000	0.0000	0.0000	0.0000	0.0000	0.0000	0.0000	0.0000	0.0000	0.0000	0.0000	0.0000	0.0000	0.0000	0.0000	0.0000	0.0000	0.0000	0.0000	0.0000	0.0000	0.0000	0.0000	0.0000	0.0000											
88	105	0.6410	9	1	1	1	0	0	0	0	0	N	N	N	N	N	N	N	N	N	N	N	N	0.0000	0.0000	0.0000	0.0000	0.0000	0.0000	0.0000	0.0000	0.0000	0.0000	0.0000	0.0000	0.0000	0.0000	0.0000	0.0000	0.0000	0.0000	0.0000	0.0000	0.0000	1.0000	0.0000	1.0005	0.0000	0.0000	0.0000	0.0000	0.0000	0.0000	0.0000	0.0000	0.0000	0.0000	0.0000	0.0000	0.0000	0.0000	0.0000	0.0000	0.0000	0.0000	0.0000	0.0000	0.0000	0.0000	0.0000	0.0000	0.0000	0.0000	0.0000	0.0000	0.0000	0.0000	0.0000	0.0000	0.0000	0.0000	0.0000	0.0000	0.0000	0.0000	0.0000	0.0000	0.0000	0.0000	0.0000	0.0000	0.0000	0.0000	0.0000	0.0000	0.0000	0.0000	0.0000	0.0000	0.0000	0.0000											
88	106	0.6375	8	1	1	1	0	0	0	0	0	N	N	N	N	N	N	N	N	N	N	N	N	0.0000	0.0000	0.0000	0.0000	0.0000	0.0000	0.0000	0.0000	0.0000	0.0000	0.0000	0.0000	0.0000	0.0000	0.0000	0.0000	0.0000	0.0000	0.0000	0.0000	0.0000	0.7249	0.0000	0.0368	0.0000	0.0000	0.0000	0.0000	0.0000	0.0000	0.0000	0.0000	0.0000	0.0000	0.0000	0.0000	0.0000	0.0000	0.0000	0.0000	0.0000	0.0000	0.0000	0.0000	0.0000	0.0000	0.0000	0.0000	0.0000	0.0000	0.0000	0.0000	0.0000	0.0000	0.0000	0.0000	0.0000	0.0000	0.0000	0.0000	0.0000	0.0000	0.0000	0.0000	0.0000	0.0000	0.0000	0.0000	0.0000	0.0000	0.0000	0.0000	0.0000	0.0000	0.0000	0.0000	0.0000	0.0000											
88	107	0.6360	7	1	1	1	0	0	0	0	0	N	N	N	N	N	N	N	N	N	N	N	N	0.0000	0.0000	0.0000	0.0000	0.0000	0.0000	0.0000	0.0000	0.0000	0.0000	0.0000	0.0000	0.0000	0.0000	0.0000	0.0000	0.0000	0.0000	0.0000	0.0000	0.0000	0.4159	0.0000	0.0887	0.0000	0.0000	0.0000	0.0000	0.0000	0.0000	0.0000	0.0000	0.0000	0.0000	0.0000	0.0000	0.0000	0.0000	0.0000	0.0000	0.0000	0.0000	0.0000	0.0000	0.0000	0.0000	0.0000	0.0000	0.0000	0.0000	0.0000	0.0000	0.0000	0.0000	0.0000	0.0000	0.0000	0.0000	0.0000	0.0000	0.0000	0.0000	0.0000	0.0000	0.0000	0.0000	0.0000	0.0000	0.0000	0.0000	0.0000	0.0000	0.0000	0.0000	0.0000	0.0000	0.0000	0.0000											
88	108	0.6198	6	1	1	0	0	0	0	0	0	N	N	N	N	N	N	N	N	N	N	N	N	0.0000	0.0000	0.0000	0.0000	0.0000	0.0000	0.0000	0.0000	0.0000	0.0000	0.0000	0.0000	0.0000	0.0000	0.0000	0.0000	0.0000	0.0000	0.0000	0.0000	0.0000	3.9943	0.0000	0.9974	0.0000	0.0000	0.0000	0.0000	0.0000	0.0000	0.0000	0.0000	0.0000	0.0000	0.0000	0.0000	0.0000	0.0000	0.0000	0.0000	0.0000	0.0000	0.0000	0.0000	0.0000	0.0000	0.0000	0.0000	0.0000	0.0000	0.0000	0.0000	0.0000	0.0000	0.0000	0.0000	0.0000	0.0000	0.0000	0.0000	0.0000	0.0000	0.0000	0.0000	0.0000	0.0000	0.0000	0.0000	0.0000	0.0000	0.0000	0.0000	0.0000	0.0000	0.0000	0.0000	0.0000	0.0000											
88	109	0.0510	3	1	1	1	0	0	0	0	0	N	N	N	N	N	N	N	N	N	N	N	N	0.0000	0.0000	0.0000	0.0000	0.0000	0.0000	0.0000	0.0000	0.0000	0.0000	0.0000	0.0000	0.0000	0.0000	0.0000	0.0000	0.0000	0.0000	0.0000	0.0000	0.0000	0.0000	0.0000	0.9909	0.0000	0.0000	0.0000	0.0000	0.0000	0.0000	0.0000	0.0000	0.0000	0.0000	0.0000	0.0000	0.0000	0.0000	0.0000	0.0000	0.0000	0.0000	0.0000	0.0000	0.0000	0.0000	0.0000	0.0000	0.0000	0.0000	0.0000	0.0000	0.0000	0.0000	0.0000	0.0000	0.0000	0.0000	0.0000	0.0000	0.0000	0.0000	0.0000	0.0000	0.0000	0.0000	0.0000	0.0000	0.0000	0.0000	0.0000	0.0000	0.0000	0.0000	0.0000	0.0000	0.0000	0.0000											
88	110	0.0224	2	1	1	1	0	0	0	0	0	N	N	N	N	N	N	N	N	N	N	N	N	0.0000	0.0000	0.0000	0.0000	0.0000	0.0000	0.0000	0.0000	0.0000	0.0000	0.0000	0.0000	0.0000	0.0000	0.0000	0.0000	0.0000	0.0000	0.0000	0.0000	0.0000	4.0000	0.0000	0.0000	0.0000	0.0000	0.0000	0.0000	0.0000	0.0000	0.0000	0.0000	0.0000	0.0000	0.0000	0.0000	0.0000	0.0000	0.0000	0.0000	0.0000	0.0000	0.0000	0.0000	0.0000	0.0000	0.0000	0.0000	0.0000	0.0000	0.0000	0.0000	0.0000	0.0000	0.0000	0.0000	0.0000	0.0000	0.0000	0.0000	0.0000	0.0000	0.0000	0.0000	0.0000	0.0000	0.0000	0.0000	0.0000	0.0000	0.0000	0.0000	0.0000	0.0000	0.0000	0.0000	0.0000	0.0000											
88	112	0.6244	6	0	1	1	0	0	0	0	0	N	N	N	N	N	N	N	N	N	N	N	N	0.0000	0.0000	0.0000	0.0000	0.0000	0.0000	0.0000	0.0000	0.0000	0.0000	0.0000	0.0000	0.0000	0.0000	0.0000	0.0000	0.0000	0.0000	0.0000	0.0000	0.0000	0.0000	0.0000	0.0001	0.0000	0.0000	0.0000	0.0000	0.0000	0.0000	0.0000	0.0000	0.0000	0.0000	0.0000	0.0000	0.0000	0.0000	0.0000	0.0000	0.0000	0.0000	0.0000	0.0000	0.0000	0.0000	0.0000	0.0000	0.0000	0.0000	0.0000	0.0000	0.0000	0.0000	0.0000	0.0000	0.0000	0.0000	0.0000	0.0000	0.0000	0.0000	0.0000	0.0000	0.0000	0.0000	0.0000	0.0000	0.0000	0.0000	0.0000	0.0000	0.0000	0.0000	0.0000	0.0000	0.0000	0.0000											
88	113	0.5785	5	0	1	1	0	0	0	0	0	N	N	N	N	N	N	N	N	N	N	N	N	0.0000	0.0000	0.0000	0.0000	0.0000	0.0000	0.0000	0.0000	0.0000	0.0000	0.0000	0.0000	0.0000	0.0000	0.0000	0.0000	0.0000	0.0000	0.0000	0.0000	0.0000	4.0004	0.0000	4.9999	0.0000	0.0000	0.0000	0.0000	0.0000	0.0000	0.0000	0.0000	0.0000	0.0000	0.0000	0.0000	0.0000	0.0000	0.0000	0.0000	0.0000	0.0000	0.0000	0.0000	0.0000	0.0000	0.0000	0.0000	0.0000	0.0000	0.0000	0.0000	0.0000	0.0000	0.0000	0.0000	0.0000	0.0000	0.0000	0.0000	0.0000	0.0000	0.0000	0.0000	0.0000	0.0000	0.0000	0.0000	0.0000	0.0000	0.0000	0.0000	0.0000	0.0000	0.0000	0.0000	0.0000	0.0000											
88	114	0.0550	3	0	2	0	0	0	0	0	0	N	Y	N	N	N	N	N	N	N	N	N	N	0.0000	0.0000	0.0000	0.0000	0.0000	0.0000	0.0000	0.0000	0.0000	0.0000	0.0000	0.0000	0.0000	0.0000	0.0000	0.0000	0.0000	0.0000	0.0000	0.0000	0.0000	4.3361	0.0000	4.6323	0.0000	0.0000	0.0000	0.0000	0.0000	0.0000	0.0000	0.0000	0.0000	0.0000	0.0000	0.0000	0.0000	0.0000	0.0000	0.0000	0.0000	0.0000	0.0000	0.0000	0.0000	0.0000	0.0000	0.0000	0.0000	0.0000	0.0000	0.0000	0.0000	0.0000	0.0000	0.0000	0.0000	0.0000	0.0000	0.0000	0.0000	0.0000	0.0000	0.0000	0.0000	0.0000	0.0000	0.0000	0.0000	0.0000	0.0000	0.0000	0.0000	0.0000	0.0000	0.0000	0.0000	0.0000											
88	115	0.0224	2	0	1	0	0	0	0	0	0	N	N	N	N	N	N	N	N	N	N	N	N	0.0000	0.0000	0.0000	0.0000	0.0000	0.0000	0.0000	0.0000	0.0000	0.0000	0.0000	0.0000	0.0000	0.0000	0.0000	0.0000	0.0000	0.0000	0.0000	0.0000	0.0000	1.9840	0.0000	0.2610	0.0000	0.0000	0.0000	0.0000	0.0000	0.0000	0.0000	0.0000	0.0000	0.0000	0.0000	0.0000	0.0000	0.0000	0.0000	0.0000	0.0000	0.0000	0.0000	0.0000	0.0000	0.0000	0.0000	0.0000	0.0000	0.0000	0.0000	0.0000	0.0000	0.0000	0.0000	0.0000	0.0000	0.0000	0.0000	0.0000	0.0000	0.0000	0.0000	0.0000	0.0000	0.0000	0.0000	0.0000	0.0000	0.0000	0.0000	0.0000	0.0000	0.0000	0.0000	0.0000	0.0000	0.0000											
88	116	0.5785	5	0	2	0	1	0	0	0	0	N	Y	N	N	N	N	N	N	N	N	N	N	0.0000	0.0000	0.0000	0.0000	0.0000	0.0000	0.0000	0.0000	0.0000	0.0000	0.0000	0.0000	0.0000	0.0000	0.0000	0.0000	0.0000	0.0000	0.0000	0.0000	0.0000	5.0006	0.0000	2.0000	0.0000	0.0000	0.0000	0.0000	0.0000	0.0000	0.0000	0.0000	0.0000	0.0000	0.0000	0.0000	0.0000	0.0000	0.0000	0.0000	0.0000	0.0000	0.0000	0.0000	0.0000	0.0000	0.0000	0.0000	0.0000	0.0000	0.0000	0.0000	0.0000	0.0000	0.0000	0.0000	0.0000	0.0000	0.0000	0.0000	0.0000	0.0000	0.0000	0.0000	0.0000	0.0000	0.0000	0.0000	0.0000	0.0000	0.0000	0.0000	0.0000	0.0000	0.0000	0.0000	0.0000	0.0000											
88	117	0.0224	2	0	2	0	1	0	0	0	0	N	Y	N	N	N	N	N	N	N	N	N	N	0.0000	0.0000	0.0000	0.0000	0.0000	0.0000	0.0000	0.0000	0.0000	0.0000	0.0000	0.0000	0.0000	0.0000	0.0000	0.0000	0.0000	0.0000	0.0000	0.0000	0.0000	0.0000	0.0000	1.0000	0.0000	0.0000	0.0000	0.0000	0.0000	0.0000	0.0000	0.0000	0.0000	0.0000	0.0000	0.0000	0.0000	0.0000	0.0000	0.0000	0.0000	0.0000	0.0000	0.0000	0.0000	0.0000	0.0000	0.0000	0.0000	0.0000	0.0000	0.0000	0.0000	0.0000	0.0000	0.0000	0.0000	0.0000	0.0000	0.0000	0.0000	0.0000	0.0000	0.0000	0.0000	0.0000	0.0000	0.0000	0.0000	0.0000	0.0000	0.0000	0.0000	0.0000	0.0000	0.0000	0.0000	0.0000											
88	118	0.5785	5	0	2	0	0	0	0	0	0	N	Y	N	N	N	N	N	N	N	N	N	N	0.0000	0.0000	0.0000	0.0000	0.0000	0.0000	0.0000	0.0000	0.0000	0.0000	0.0000	0.0000	0.0000	0.0000	0.0000	0.0000	0.0000	0.0000	0.0000	0.0000	0.0000	16.9994	0.0000	6.0000	0.0000	0.0000	0.0000	0.0000	0.0000	0.0000	0.0000	0.0000	0.0000	0.0000	0.0000	0.0000	0.0000	0.0000	0.0000	0.0000	0.0000	0.0000	0.0000	0.0000	0.0000	0.0000	0.0000	0.0000	0.0000	0.0000	0.0000	0.0000	0.0000	0.0000	0.0000	0.0000	0.0000	0.0000	0.0000	0.0000	0.0000	0.0000	0.0000	0.0000	0.0000	0.0000	0.0000	0.0000	0.0000	0.0000	0.0000	0.0000	0.0000	0.0000	0.0000	0.0000	0.0000	0.0000											
88	119	0.0224	2	0	2	0	0	0	0	0	0	N	Y	N	N	N	N	N	N	N	N	N	N	0.0000	0.0000	0.0000	0.0000	0.0000	0.0000	0.0000	0.0000	0.0000	0.0000	0.0000	0.0000	0.0000	0.0000	0.0000	0.0000	0.0000	0.0000	0.0000	0.0000	0.0000	5.0000	0.0000	6.0000	0.0000	0.0000	0.0000	0.0000	0.0000	0.0000	0.0000	0.0000	0.0000	0.0000	0.0000	0.0000	0.0000	0.0000	0.0000	0.0000	0.0000	0.0000	0.0000	0.0000	0.0000	0.0000	0.0000	0.0000	0.0000	0.0000	0.0000	0.0000	0.0000	0.0000	0.0000	0.0000	0.0000	0.0000	0.0000	0.0000	0.0000	0.0000	0.0000	0.0000	0.0000	0.0000	0.0000	0.0000	0.0000	0.0000	0.0000	0.0000	0.0000	0.0000	0.0000	0.0000	0.0000	0.0000											
88	120	0.0505	3	0	2	0	0	0	0	0	0	N	Y	N	N	N	N	N	N	N	N	N	N	0.0000	0.0000	0.0000	0.0000	0.0000	0.0000	0.0000	0.0000	0.0000	0.0000	0.0000	0.0000	0.0000	0.0000	0.0000	0.0000	0.0000	0.0000	0.0000	0.0000	0.0000	0.9998	0.0000	0.9486	0.0000	0.0000	0.0000	0.0000	0.0000	0.0000	0.0000	0.0000	0.0000	0.0000	0.0000	0.0000	0.0000	0.0000	0.0000	0.0000	0.0000	0.0000	0.0000	0.0000	0.0000	0.0000	0.0000	0.0000	0.0000	0.0000	0.0000	0.0000	0.0000	0.0000	0.0000	0.0000	0.0000	0.0000	0.0000	0.0000	0.0000	0.0000	0.0000	0.0000	0.0000	0.0000	0.0000	0.0000	0.0000	0.0000	0.0000	0.0000	0.0000	0.0000	0.0000	0.0000	0.0000	0.0000											
88	121	0.0224	2	0	2	0	0	0	0	0	0	N	Y	N	N	N	N	N	N	N	N	N	N	0.0000	0.0000	0.0000	0.0000	0.0000	0.0000	0.0000	0.0000	0.0000	0.0000	0.0000	0.0000	0.0000	0.0000	0.0000	0.0000	0.0000	0.0000	0.0000	0.0000	0.0000	3.0005	0.0000	1.1085	0.0000	0.0000	0.0000	0.0000	0.0000	0.0000	0.0000	0.0000	0.0000	0.0000	0.0000	0.0000	0.0000	0.0000	0.0000	0.0000	0.0000	0.0000	0.0000	0.0000	0.0000	0.0000	0.0000	0.0000	0.0000	0.0000	0.0000	0.0000	0.0000	0.0000	0.0000	0.0000	0.0000	0.0000	0.0000	0.0000	0.0000	0.0000	0.0000	0.0000	0.0000	0.0000	0.0000	0.0000	0.0000	0.0000	0.0000	0.0000	0.0000	0.0000	0.0000	0.0000	0.0000	0.0000											
88	122	0.6198	6	0	2	0	0	0	0	0	0	N	Y	N	N	N	N	N	N	N	N	N	N	0.0000	0.0000	0.0000	0.0000	0.0000	0.0000	0.0000	0.0000	0.0000	0.0000	0.0000	0.0000	0.0000	0.0000	0.0000	0.0000	0.0000	0.0000	0.0000	0.0000	0.0000	2.0001	0.0000	3.0000	0.0000	0.0000	0.0000	0.0000	0.0000	0.0000	0.0000	0.0000	0.0000	0.0000	0.0000	0.0000	0.0000	0.0000	0.0000	0.0000	0.0000	0.0000	0.0000	0.0000	0.0000	0.0000	0.0000	0.0000	0.0000	0.0000	0.0000	0.0000	0.0000	0.0000	0.0000	0.0000	0.0000	0.0000	0.0000	0.0000	0.0000	0.0000	0.0000	0.0000	0.0000	0.0000	0.0000	0.0000	0.0000	0.0000	0.0000	0.0000	0.0000	0.0000	0.0000	0.0000	0.0000	0.0000											
88	123	0.5785	5	0	1	0	0	0	0	0	0	N	N	N	N	N	N	N	N	N	N	N	N	0.0000	0.0000	0.0000	0.0000	0.0000	0.0000	0.0000	0.0000	0.0000	0.0000	0.0000	0.0000	0.0000	0.0000	0.0000	0.0000	0.0000	0.0000	0.0000	0.0000	0.0000	6.9986	0.0000	2.0000	0.0000	0.0000	0.0000	0.0000	0.0000	0.0000	0.0000	0.0000	0.0000	0.0000	0.0000	0.0000	0.0000	0.0000	0.0000	0.0000	0.0000	0.0000	0.0000	0.0000	0.0000	0.0000	0.0000	0.0000	0.0000	0.0000	0.0000	0.0000	0.0000	0.0000	0.0000	0.0000	0.0000	0.0000	0.0000	0.0000	0.0000	0.0000	0.0000	0.0000	0.0000	0.0000	0.0000	0.0000	0.0000	0.0000	0.0000	0.0000	0.0000	0.0000	0.0000	0.0000	0.0000	0.0000											
88	124	0.0559	3	0	2	0	0	0	0	0	0	N	Y	N	N	N	N	N	N	N	N	N	N	0.0000	0.0000	0.0000	0.0000	0.0000	0.0000	0.0000	0.0000	0.0000	0.0000	0.0000	0.0000	0.0000	0.0000	0.0000	0.0000	0.0000	0.0000	0.0000	0.0000	0.0000	3.9006	0.0000	3.1543	0.0000	0.0000	0.0000	0.0000	0.0000	0.0000	0.0000	0.0000	0.0000	0.0000	0.0000	0.0000	0.0000	0.0000	0.0000	0.0000	0.0000	0.0000	0.0000	0.0000	0.0000	0.0000	0.0000	0.0000	0.0000	0.0000	0.0000	0.0000	0.0000	0.0000	0.0000	0.0000	0.0000	0.0000	0.0000	0.0000	0.0000	0.0000	0.0000	0.0000	0.0000	0.0000	0.0000	0.0000	0.0000	0.0000	0.0000	0.0000	0.0000	0.0000	0.0000	0.0000	0.0000	0.0000											
88	125	0.0224	2	0	2	0	0	0	0	0	0	N	Y	N	N	N	N	N	N	N	N	N	N	0.0000	0.0000	0.0000	0.0000	0.0000	0.0000	0.0000	0.0000	0.0000	0.0000	0.0000	0.0000	0.0000	0.0000	0.0000	0.0000	0.0000	0.0000	0.0000	0.0000	0.0000	1.6924	0.0000	1.9110	0.0000	0.0000	0.0000	0.0000	0.0000	0.0000	0.0000	0.0000	0.0000	0.0000	0.0000	0.0000	0.0000	0.0000	0.0000	0.0000	0.0000	0.0000	0.0000	0.0000	0.0000	0.0000	0.0000	0.0000	0.0000	0.0000	0.0000	0.0000	0.0000	0.0000	0.0000	0.0000	0.0000	0.0000	0.0000	0.0000	0.0000	0.0000	0.0000	0.0000	0.0000	0.0000	0.0000	0.0000	0.0000	0.0000	0.0000	0.0000	0.0000	0.0000	0.0000	0.0000	0.0000	0.0000											
88	126	0.5785	5	0	2	0	0	0	0	0	0	N	Y	N	N	N	N	N	N	N	N	N	N	0.0000	0.0000	0.0000	0.0000	0.0000	0.0000	0.0000	0.0000	0.0000	0.0000	0.0000	0.0000	0.0000	0.0000	0.0000	0.0000	0.0000	0.0000	0.0000	0.0000	0.0000	0.9996	0.0000	8.0005	0.0000	0.0000	0.0000	0.0000	0.0000	0.0000	0.0000	0.0000	0.0000	0.0000	0.0000	0.0000	0.0000	0.0000	0.0000	0.0000	0.0000	0.0000	0.0000	0.0000	0.0000	0.0000	0.0000	0.0000	0.0000	0.0000	0.0000	0.0000	0.0000	0.0000	0.0000	0.0000	0.0000	0.0000	0.0000	0.0000	0.0000	0.0000	0.0000	0.0000	0.0000	0.0000	0.0000	0.0000	0.0000	0.0000	0.0000	0.0000	0.0000	0.0000	0.0000	0.0000	0.0000	0.0000											
88	127	0.4839	5	0	1	0	0	0	0	0	0	N	N	N	N	N	N	N	N	N	N	N	N	0.0000	0.0000	0.0000	0.0000	0.0000	0.0000	0.0000	0.0000	0.0000	0.0000	0.0000	0.0000	0.0000	0.0000	0.0000	0.0000	0.0000	0.0000	0.0000	0.0000	0.0000	3.6536	0.0000	12.3970	0.0000	0.0000	0.0000	0.0000	0.0000	0.0000	0.0000	0.0000	0.0000	0.0000	0.0000	0.0000	0.0000	0.0000	0.0000	0.0000	0.0000	0.0000	0.0000	0.0000	0.0000	0.0000	0.0000	0.0000	0.0000	0.0000	0.0000	0.0000	0.0000	0.0000	0.0000	0.0000	0.0000	0.0000	0.0000	0.0000	0.0000	0.0000	0.0000	0.0000	0.0000	0.0000	0.0000	0.0000	0.0000	0.0000	0.0000	0.0000	0.0000	0.0000	0.0000	0.0000	0.0000	0.0000											
88	128	0.2728	3	0	1	0	0	0	0	0	0	N	N	N	N	N	N	N	N	N	N	N	N	0.0000	0.0000	0.0000	0.0000	0.0000	0.0000	0.0000	0.0000	0.0000	0.0000	0.0000	0.0000	0.0000	0.0000	0.0000	0.0000	0.0000	0.0000	0.0000	0.0000	0.0000	5.3495	0.0000	12.4099	0.0000	0.0000	0.0000	0.0000	0.0000	0.0000	0.0000	0.0000	0.0000	0.0000	0.0000	0.0000	0.0000	0.0000	0.0000	0.0000	0.0000	0.0000	0.0000	0.0000	0.0000	0.0000	0.0000	0.0000	0.0000	0.0000	0.0000	0.0000	0.0000	0.0000	0.0000	0.0000	0.0000	0.0000	0.0000	0.0000	0.0000	0.0000	0.0000	0.0000	0.0000	0.0000	0.0000	0.0000	0.0000	0.0000	0.0000	0.0000	0.0000	0.0000	0.0000	0.0000	0.0000	0.0000											
88	129	0.6900	11	0	2	0	1	0	0	0	0	N	Y	N	N	N	N	N	N	N	N	N	N	0.0000	0.0000	0.0000	0.0000	0.0000	0.0000	0.0000	0.0000	0.0000	0.0000	0.0000	0.0000	0.0000	0.0000	0.0000	0.0000	0.0000	0.0000	0.0000	0.0000	0.0000	0.0000	0.0000	0.0000	0.0000	0.0000	0.0000	0.0000	0.0000	0.0000	0.0000	0.0000	0.0000	0.0000	0.0000	0.0000	0.0000	0.0000	0.0000	0.0000	0.0000	0.0000	0.0000	0.0000	0.0000	0.0000	0.0000	0.0000	0.0000	0.0000	0.0000	0.0000	0.0000	0.0000	0.0000	0.0000	0.0000	0.0000	0.0000	0.0000	0.0000	0.0000	0.0000	0.0000	0.0000	0.0000	0.0000	0.0000	0.0000	0.0000	0.0000	0.0000	0.0000	0.0000	0.0000	0.0000	0.0000	0.0000											
88	130	0.6737	10	0	2	0	1	0	0	0	0	N	Y	N	N	N	N	N	N	N	N	N	N	0.0000	0.0000	0.0000	0.0000	0.0000	0.0000	0.0000	0.0000	0.0000	0.0000	0.0000	0.0000	0.0000	0.0000	0.0000	0.0000	0.0000	0.0000	0.0000	0.0000	0.0000	0.0000	0.0000	3.0001	0.0000	0.0000	0.0000	0.0000	0.0000	0.0000	0.0000	0.0000	0.0000	0.0000	0.0000	0.0000	0.0000	0.0000	0.0000	0.0000	0.0000	0.0000	0.0000	0.0000	0.0000	0.0000	0.0000	0.0000	0.0000	0.0000	0.0000	0.0000	0.0000	0.0000	0.0000	0.0000	0.0000	0.0000	0.0000	0.0000	0.0000	0.0000	0.0000	0.0000	0.0000	0.0000	0.0000	0.0000	0.0000	0.0000	0.0000	0.0000	0.0000	0.0000	0.0000	0.0000	0.0000	0.0000											
88	131	0.6640	9	0	2	0	0	0	0	0	0	N	Y	N	N	N	N	N	N	N	N	N	N	0.0000	0.0000	0.0000	0.0000	0.0000	0.0000	0.0000	0.0000	0.0000	0.0000	0.0000	0.0000	0.0000	0.0000	0.0000	0.0000	0.0000	0.0000	0.0000	0.0000	0.0000	0.0000	0.0000	0.0000	0.0000	0.0000	0.0000	0.0000	0.0000	0.0000	0.0000	0.0000	0.0000	0.0000	0.0000	0.0000	0.0000	0.0000	0.0000	0.0000	0.0000	0.0000	0.0000	0.0000	0.0000	0.0000	0.0000	0.0000	0.0000	0.0000	0.0000	0.0000	0.0000	0.0000	0.0000	0.0000	0.0000	0.0000	0.0000	0.0000	0.0000	0.0000	0.0000	0.0000	0.0000	0.0000	0.0000	0.0000	0.0000	0.0000	0.0000	0.0000	0.0000	0.0000	0.0000	0.0000	0.0000	0.0000											
88	132	0.6737	10	0	1	1	1	0	0	0	0	N	N	N	N	N	N	N	N	N	N	N	N	0.0000	0.0000	0.0000	0.0000	0.0000	0.0000	0.0000	0.0000	0.0000	0.0000	0.0000	0.0000	0.0000	0.0000	0.0000	0.0000	0.0000	0.0000	0.0000	0.0000	0.0000	0.0000	0.0000	1.9999	0.0000	0.0000	0.0000	0.0000	0.0000	0.0000	0.0000	0.0000	0.0000	0.0000	0.0000	0.0000	0.0000	0.0000	0.0000	0.0000	0.0000	0.0000	0.0000	0.0000	0.0000	0.0000	0.0000	0.0000	0.0000	0.0000	0.0000	0.0000	0.0000	0.0000	0.0000	0.0000	0.0000	0.0000	0.0000	0.0000	0.0000	0.0000	0.0000	0.0000	0.0000	0.0000	0.0000	0.0000	0.0000	0.0000	0.0000	0.0000	0.0000	0.0000	0.0000	0.0000	0.0000	0.0000											
88	133	0.6847	11	0	1	1	1	0	0	0	0	N	N	N	N	N	N	N	N	N	N	N	N	0.0000	0.0000	0.0000	0.0000	0.0000	0.0000	0.0000	0.0000	0.0000	0.0000	0.0000	0.0000	0.0000	0.0000	0.0000	0.0000	0.0000	0.0000	0.0000	0.0000	0.0000	1.0000	0.0000	0.0000	0.0000	0.0000	0.0000	0.0000	0.0000	0.0000	0.0000	0.0000	0.0000	0.0000	0.0000	0.0000	0.0000	0.0000	0.0000	0.0000	0.0000	0.0000	0.0000	0.0000	0.0000	0.0000	0.0000	0.0000	0.0000	0.0000	0.0000	0.0000	0.0000	0.0000	0.0000	0.0000	0.0000	0.0000	0.0000	0.0000	0.0000	0.0000	0.0000	0.0000	0.0000	0.0000	0.0000	0.0000	0.0000	0.0000	0.0000	0.0000	0.0000	0.0000	0.0000	0.0000	0.0000	0.0000											
88	134	0.6847	11	0	1	1	1	0	0	0	0	N	N	N	N	N	N	N	N	N	N	N	N	0.0000	0.0000	0.0000	0.0000	0.0000	0.0000	0.0000	0.0000	0.0000	0.0000	0.0000	0.0000	0.0000	0.0000	0.0000	0.0000	0.0000	0.0000	0.0000	0.0000	0.0000	0.0000	0.0000	0.0000	0.0000	0.0000	0.0000	0.0000	0.0000	0.0000	0.0000	0.0000	0.0000	0.0000	0.0000	0.0000	0.0000	0.0000	0.0000	0.0000	0.0000	0.0000	0.0000	0.0000	0.0000	0.0000	0.0000	0.0000	0.0000	0.0000	0.0000	0.0000	0.0000	0.0000	0.0000	0.0000	0.0000	0.0000	0.0000	0.0000	0.0000	0.0000	0.0000	0.0000	0.0000	0.0000	0.0000	0.0000	0.0000	0.0000	0.0000	0.0000	0.0000	0.0000	0.0000	0.0000	0.0000	0.0000											
88	135	0.6737	10	0	1	1	1	0	0	0	0	N	N	N	N	N	N	N	N	N	N	N	N	0.0000	0.0000	0.0000	0.0000	0.0000	0.0000	0.0000	0.0000	0.0000	0.0000	0.0000	0.0000	0.0000	0.0000	0.0000	0.0000	0.0000	0.0000	0.0000	0.0000	0.0000	2.0025	0.0000	0.9943	0.0000	0.0000	0.0000	0.0000	0.0000	0.0000	0.0000	0.0000	0.0000	0.0000	0.0000	0.0000	0.0000	0.0000	0.0000	0.0000	0.0000	0.0000	0.0000	0.0000	0.0000	0.0000	0.0000	0.0000	0.0000	0.0000	0.0000	0.0000	0.0000	0.0000	0.0000	0.0000	0.0000	0.0000	0.0000	0.0000	0.0000	0.0000	0.0000	0.0000	0.0000	0.0000	0.0000	0.0000	0.0000	0.0000	0.0000	0.0000	0.0000	0.0000	0.0000	0.0000	0.0000	0.0000											
88	136	0.6737	9	0	1	0	1	0	0	0	0	N	N	N	N	N	N	N	N	N	N	N	N	0.0000	0.0000	0.0000	0.0000	0.0000	0.0000	0.0000	0.0000	0.0000	0.0000	0.0000	0.0000	0.0000	0.0000	0.0000	0.0000	0.0000	0.0000	0.0000	0.0000	0.0000	0.0050	0.0000	0.0173	0.0000	0.0000	0.0000	0.0000	0.0000	0.0000	0.0000	0.0000	0.0000	0.0000	0.0000	0.0000	0.0000	0.0000	0.0000	0.0000	0.0000	0.0000	0.0000	0.0000	0.0000	0.0000	0.0000	0.0000	0.0000	0.0000	0.0000	0.0000	0.0000	0.0000	0.0000	0.0000	0.0000	0.0000	0.0000	0.0000	0.0000	0.0000	0.0000	0.0000	0.0000	0.0000	0.0000	0.0000	0.0000	0.0000	0.0000	0.0000	0.0000	0.0000	0.0000	0.0000	0.0000	0.0000											
88	137	0.6640	8	0	1	0	1	0	0	0	0	N	N	N	N	N	N	N	N	N	N	N	N	0.0000	0.0000	0.0000	0.0000	0.0000	0.0000	0.0000	0.0000	0.0000	0.0000	0.0000	0.0000	0.0000	0.0000	0.0000	0.0000	0.0000	0.0000	0.0000	0.0000	0.0000	1.9972	0.0000	1.0076	0.0000	0.0000	0.0000	0.0000	0.0000	0.0000	0.0000	0.0000	0.0000	0.0000	0.0000	0.0000	0.0000	0.0000	0.0000	0.0000	0.0000	0.0000	0.0000	0.0000	0.0000	0.0000	0.0000	0.0000	0.0000	0.0000	0.0000	0.0000	0.0000	0.0000	0.0000	0.0000	0.0000	0.0000	0.0000	0.0000	0.0000	0.0000	0.0000	0.0000	0.0000	0.0000	0.0000	0.0000	0.0000	0.0000	0.0000	0.0000	0.0000	0.0000	0.0000	0.0000	0.0000	0.0000											
88	138	0.6468	7	1	2	0	0	0	0	0	0	N	Y	N	N	N	N	N	N	N	N	N	N	0.0000	0.0000	0.0000	0.0000	0.0000	0.0000	0.0000	0.0000	0.0000	0.0000	0.0000	0.0000	0.0000	0.0000	0.0000	0.0000	0.0000	0.0000	0.0000	0.0000	0.0000	0.0002	0.0000	2.3255	0.0000	0.0000	0.0000	0.0000	0.0000	0.0000	0.0000	0.0000	0.0000	0.0000	0.0000	0.0000	0.0000	0.0000	0.0000	0.0000	0.0000	0.0000	0.0000	0.0000	0.0000	0.0000	0.0000	0.0000	0.0000	0.0000	0.0000	0.0000	0.0000	0.0000	0.0000	0.0000	0.0000	0.0000	0.0000	0.0000	0.0000	0.0000	0.0000	0.0000	0.0000	0.0000	0.0000	0.0000	0.0000	0.0000	0.0000	0.0000	0.0000	0.0000	0.0000	0.0000	0.0000	0.0000											
88	139	0.6289	6	1	2	0	0	0	0	0	0	N	Y	N	N	N	N	N	N	N	N	N	N	0.0000	0.0000	0.0000	0.0000	0.0000	0.0000	0.0000	0.0000	0.0000	0.0000	0.0000	0.0000	0.0000	0.0000	0.0000	0.0000	0.0000	0.0000	0.0000	0.0000	0.0000	2.0138	0.0000	2.7349	0.0000	0.0000	0.0000	0.0000	0.0000	0.0000	0.0000	0.0000	0.0000	0.0000	0.0000	0.0000	0.0000	0.0000	0.0000	0.0000	0.0000	0.0000	0.0000	0.0000	0.0000	0.0000	0.0000	0.0000	0.0000	0.0000	0.0000	0.0000	0.0000	0.0000	0.0000	0.0000	0.0000	0.0000	0.0000	0.0000	0.0000	0.0000	0.0000	0.0000	0.0000	0.0000	0.0000	0.0000	0.0000	0.0000	0.0000	0.0000	0.0000	0.0000	0.0000	0.0000	0.0000	0.0000											
88	140	0.6454	7	0	2	0	0	0	0	0	0	N	Y	N	N	N	N	N	N	N	N	N	N	0.0000	0.0000	0.0000	0.0000	0.0000	0.0000	0.0000	0.0000	0.0000	0.0000	0.0000	0.0000	0.0000	0.0000	0.0000	0.0000	0.0000	0.0000	0.0000	0.0000	0.0000	1.9232	0.0000	1.1116	0.0000	0.0000	0.0000	0.0000	0.0000	0.0000	0.0000	0.0000	0.0000	0.0000	0.0000	0.0000	0.0000	0.0000	0.0000	0.0000	0.0000	0.0000	0.0000	0.0000	0.0000	0.0000	0.0000	0.0000	0.0000	0.0000	0.0000	0.0000	0.0000	0.0000	0.0000	0.0000	0.0000	0.0000	0.0000	0.0000	0.0000	0.0000	0.0000	0.0000	0.0000	0.0000	0.0000	0.0000	0.0000	0.0000	0.0000	0.0000	0.0000	0.0000	0.0000	0.0000	0.0000	0.0000											
88	141	0.0416	3	0	2	0	0	0	0	0	0	N	Y	N	N	N	N	N	N	N	N	N	N	0.0000	0.0000	0.0000	0.0000	0.0000	0.0000	0.0000	0.0000	0.0000	0.0000	0.0000	0.0000	0.0000	0.0000	0.0000	0.0000	0.0000	0.0000	0.0000	0.0000	0.0000	3.0000	0.0000	1.0000	0.0000	0.0000	0.0000	0.0000	0.0000	0.0000	0.0000	0.0000	0.0000	0.0000	0.0000	0.0000	0.0000	0.0000	0.0000	0.0000	0.0000	0.0000	0.0000	0.0000	0.0000	0.0000	0.0000	0.0000	0.0000	0.0000	0.0000	0.0000	0.0000	0.0000	0.0000	0.0000	0.0000	0.0000	0.0000	0.0000	0.0000	0.0000	0.0000	0.0000	0.0000	0.0000	0.0000	0.0000	0.0000	0.0000	0.0000	0.0000	0.0000	0.0000	0.0000	0.0000	0.0000	0.0000											
88	142	0.0224	2	0	1	0	0	0	0	0	0	N	N	N	N	N	N	N	N	N	N	N	N	0.0000	0.0000	0.0000	0.0000	0.0000	0.0000	0.0000	0.0000	0.0000	0.0000	0.0000	0.0000	0.0000	0.0000	0.0000	0.0000	0.0000	0.0000	0.0000	0.0000	0.0000	1.0000	0.0000	1.0000	0.0000	0.0000	0.0000	0.0000	0.0000	0.0000	0.0000	0.0000	0.0000	0.0000	0.0000	0.0000	0.0000	0.0000	0.0000	0.0000	0.0000	0.0000	0.0000	0.0000	0.0000	0.0000	0.0000	0.0000	0.0000	0.0000	0.0000	0.0000	0.0000	0.0000	0.0000	0.0000	0.0000	0.0000	0.0000	0.0000	0.0000	0.0000	0.0000	0.0000	0.0000	0.0000	0.0000	0.0000	0.0000	0.0000	0.0000	0.0000	0.0000	0.0000	0.0000	0.0000	0.0000	0.0000											
88	145	0.6640	9	1	2	0	0	0	0	0	0	N	Y	N	N	N	N	N	N	N	N	N	N	0.0000	0.0000	0.0000	0.0000	0.0000	0.0000	0.0000	0.0000	0.0000	0.0000	0.0000	0.0000	0.0000	0.0000	0.0000	0.0000	0.0000	0.0000	0.0000	0.0000	0.0000	1.0000	0.0000	1.0000	0.0000	0.0000	0.0000	0.0000	0.0000	0.0000	0.0000	0.0000	0.0000	0.0000	0.0000	0.0000	0.0000	0.0000	0.0000	0.0000	0.0000	0.0000	0.0000	0.0000	0.0000	0.0000	0.0000	0.0000	0.0000	0.0000	0.0000	0.0000	0.0000	0.0000	0.0000	0.0000	0.0000	0.0000	0.0000	0.0000	0.0000	0.0000	0.0000	0.0000	0.0000	0.0000	0.0000	0.0000	0.0000	0.0000	0.0000	0.0000	0.0000	0.0000	0.0000	0.0000	0.0000	0.0000											
88	146	0.6640	8	0	2	0	0	0	0	0	0	N	Y	N	N	N	N	N	N	N	N	N	N	0.0000	0.0000	0.0000	0.0000	0.0000	0.0000	0.0000	0.0000	0.0000	0.0000	0.0000	0.0000	0.0000	0.0000	0.0000	0.0000	0.0000	0.0000	0.0000	0.0000	0.0000	0.0003	0.0000	0.0000	0.0000	0.0000	0.0000	0.0000	0.0000	0.0000	0.0000	0.0000	0.0000	0.0000	0.0000	0.0000	0.0000	0.0000	0.0000	0.0000	0.0000	0.0000	0.0000	0.0000	0.0000	0.0000	0.0000	0.0000	0.0000	0.0000	0.0000	0.0000	0.0000	0.0000	0.0000	0.0000	0.0000	0.0000	0.0000	0.0000	0.0000	0.0000	0.0000	0.0000	0.0000	0.0000	0.0000	0.0000	0.0000	0.0000	0.0000	0.0000	0.0000	0.0000	0.0000	0.0000	0.0000	0.0000											
88	147	0.6454	7	0	1	0	0	0	0	0	0	N	N	N	N	N	N	N	N	N	N	N	N	0.0000	0.0000	0.0000	0.0000	0.0000	0.0000	0.0000	0.0000	0.0000	0.0000	0.0000	0.0000	0.0000	0.0000	0.0000	0.0000	0.0000	0.0000	0.0000	0.0000	0.0000	4.9449	0.0000	1.0063	0.0000	0.0000	0.0000	0.0000	0.0000	0.0000	0.0000	0.0000	0.0000	0.0000	0.0000	0.0000	0.0000	0.0000	0.0000	0.0000	0.0000	0.0000	0.0000	0.0000	0.0000	0.0000	0.0000	0.0000	0.0000	0.0000	0.0000	0.0000	0.0000	0.0000	0.0000	0.0000	0.0000	0.0000	0.0000	0.0000	0.0000	0.0000	0.0000	0.0000	0.0000	0.0000	0.0000	0.0000	0.0000	0.0000	0.0000	0.0000	0.0000	0.0000	0.0000	0.0000	0.0000	0.0000											
88	148	0.6289	6	0	1	0	0	0	0	0	0	N	N	N	N	N	N	N	N	N	N	N	N	0.0000	0.0000	0.0000	0.0000	0.0000	0.0000	0.0000	0.0000	0.0000	0.0000	0.0000	0.0000	0.0000	0.0000	0.0000	0.0000	0.0000	0.0000	0.0000	0.0000	0.0000	3.4778	0.0000	1.2917	0.0000	0.0000	0.0000	0.0000	0.0000	0.0000	0.0000	0.0000	0.0000	0.0000	0.0000	0.0000	0.0000	0.0000	0.0000	0.0000	0.0000	0.0000	0.0000	0.0000	0.0000	0.0000	0.0000	0.0000	0.0000	0.0000	0.0000	0.0000	0.0000	0.0000	0.0000	0.0000	0.0000	0.0000	0.0000	0.0000	0.0000	0.0000	0.0000	0.0000	0.0000	0.0000	0.0000	0.0000	0.0000	0.0000	0.0000	0.0000	0.0000	0.0000	0.0000	0.0000	0.0000	0.0000											
88	149	0.5785	5	0	1	0	0	0	0	0	0	N	N	N	N	N	N	N	N	N	N	N	N	0.0000	0.0000	0.0000	0.0000	0.0000	0.0000	0.0000	0.0000	0.0000	0.0000	0.0000	0.0000	0.0000	0.0000	0.0000	0.0000	0.0000	0.0000	0.0000	0.0000	0.0000	7.8050	0.0000	4.0035	0.0000	0.0000	0.0000	0.0000	0.0000	0.0000	0.0000	0.0000	0.0000	0.0000	0.0000	0.0000	0.0000	0.0000	0.0000	0.0000	0.0000	0.0000	0.0000	0.0000	0.0000	0.0000	0.0000	0.0000	0.0000	0.0000	0.0000	0.0000	0.0000	0.0000	0.0000	0.0000	0.0000	0.0000	0.0000	0.0000	0.0000	0.0000	0.0000	0.0000	0.0000	0.0000	0.0000	0.0000	0.0000	0.0000	0.0000	0.0000	0.0000	0.0000	0.0000	0.0000	0.0000	0.0000											
88	150	0.4839	5	0	1	0	0	0	0	0	0	N	N	N	N	N	N	N	N	N	N	N	N	0.0000	0.0000	0.0000	0.0000	0.0000	0.0000	0.0000	0.0000	0.0000	0.0000	0.0000	0.0000	0.0000	0.0000	0.0000	0.0000	0.0000	0.0000	0.0000	0.0000	0.0000	3.7255	0.0000	14.1767	0.0000	0.0000	0.0000	0.0000	0.0000	0.0000	0.0000	0.0000	0.0000	0.0000	0.0000	0.0000	0.0000	0.0000	0.0000	0.0000	0.0000	0.0000	0.0000	0.0000	0.0000	0.0000	0.0000	0.0000	0.0000	0.0000	0.0000	0.0000	0.0000	0.0000	0.0000	0.0000	0.0000	0.0000	0.0000	0.0000	0.0000	0.0000	0.0000	0.0000	0.0000	0.0000	0.0000	0.0000	0.0000	0.0000	0.0000	0.0000	0.0000	0.0000	0.0000	0.0000	0.0000	0.0000											
88	151	0.4676	4	0	1	0	0	0	0	0	0	N	N	N	N	N	N	N	N	N	N	N	N	0.0000	0.0000	0.0000	0.0000	0.0000	0.0000	0.0000	0.0000	0.0000	0.0000	0.0000	0.0000	0.0000	0.0000	0.0000	0.0000	0.0000	0.0000	0.0000	0.0000	0.0000	1.4205	0.0000	4.0377	0.0000	0.0000	0.0000	0.0000	0.0000	0.0000	0.0000	0.0000	0.0000	0.0000	0.0000	0.0000	0.0000	0.0000	0.0000	0.0000	0.0000	0.0000	0.0000	0.0000	0.0000	0.0000	0.0000	0.0000	0.0000	0.0000	0.0000	0.0000	0.0000	0.0000	0.0000	0.0000	0.0000	0.0000	0.0000	0.0000	0.0000	0.0000	0.0000	0.0000	0.0000	0.0000	0.0000	0.0000	0.0000	0.0000	0.0000	0.0000	0.0000	0.0000	0.0000	0.0000	0.0000	0.0000											
89	91	0.1500	5	0	1	1	0	0	0	0	0	N	N	N	N	N	N	N	N	N	N	N	N	0.0000	0.0000	0.0000	0.0000	0.0000	0.0000	0.0000	0.0000	0.0000	0.0000	0.0000	0.0000	0.0000	0.0000	0.0000	0.0000	0.0000	0.0000	0.0000	0.0000	1.9953	0.0000	1.0817	0.0000	0.0000	0.0000	0.0000	0.0000	0.0000	0.0000	0.0000	0.0000	0.0000	0.0000	0.0000	0.0000	0.0000	0.0000	0.0000	0.0000	0.0000	0.0000	0.0000	0.0000	0.0000	0.0000	0.0000	0.0000	0.0000	0.0000	0.0000	0.0000	0.0000	0.0000	0.0000	0.0000	0.0000	0.0000	0.0000	0.0000	0.0000	0.0000	0.0000	0.0000	0.0000	0.0000	0.0000	0.0000	0.0000	0.0000	0.0000	0.0000	0.0000	0.0000	0.0000	0.0000	0.0000	0.0000											
89	92	0.1180	4	0	1	1	0	0	0	0	0	N	N	N	N	N	N	N	N	N	N	N	N	0.0000	0.0000	0.0000	0.0000	0.0000	0.0000	0.0000	0.0000	0.0000	0.0000	0.0000	0.0000	0.0000	0.0000	0.0000	0.0000	0.0000	0.0000	0.0000	0.0000	1.9953	3.7221	1.0817	2.9993	0.0000	0.0000	0.0000	0.0000	0.0000	0.0000	0.0000	0.0000	0.0000	0.0000	0.0000	0.0000	0.0000	0.0000	0.0000	0.0000	0.0000	0.0000	0.2799	0.2539	0.0260	0.1459	0.1392	0.0067	0.1340	0.1147	0.0193	0.0404	0.0199	0.0205	0.0047	0.0045	0.0001	0.0358	0.0154	0.0204	0.0000	0.0000	0.0000	0.0000	0.0000	0.0000	0.0000	0.0000	0.0000	0.0000	0.0000	0.0000	0.0000	0.0000	0.0000	0.0000	0.0000	0.0000											
89	93	0.0878	3	0	1	0	0	0	0	0	0	N	N	N	N	N	N	N	N	N	N	N	N	0.0000	0.0000	0.0000	0.0000	0.0000	0.0000	0.0000	0.0000	0.0000	0.0000	0.0000	0.0000	0.0000	0.0000	0.0000	0.0000	0.0000	0.0000	0.0000	0.0000	1.9953	2.7217	1.0817	3.0458	0.0000	0.0000	0.0000	0.0000	0.0000	0.0000	0.0000	0.0000	0.0000	0.0000	0.0000	0.0000	0.0000	0.0000	0.0000	0.0000	0.0000	0.0000	0.2045	0.1857	0.0188	0.1058	0.1013	0.0045	0.0987	0.0844	0.0143	0.0345	0.0150	0.0195	0.0022	0.0021	0.0001	0.0323	0.0129	0.0194	0.0000	0.0000	0.0000	0.0000	0.0000	0.0000	0.0000	0.0000	0.0000	0.0000	0.0000	0.0000	0.0000	0.0000	0.0000	0.0000	0.0000	0.0000											
89	94	0.0628	3	1	2	0	0	0	0	0	0	N	Y	N	N	N	N	N	N	N	N	N	N	0.0000	0.0000	0.0000	0.0000	0.0000	0.0000	0.0000	0.0000	0.0000	0.0000	0.0000	0.0000	0.0000	0.0001	0.0002	0.0000	0.0006	0.0006	0.0000	0.0000	0.0000	0.0000	0.0006	0.0000	-0.0000	1.9953	5.9980	1.0817	4.9575	0.0000	0.0000	0.0000	0.0000	0.0000	0.0000	0.0000	0.0000	0.0000	0.0000	0.0000	0.0000	0.0000	0.0000	0.0000	0.0000	0.0000	0.0000	0.5730	0.5276	0.0454	0.2583	0.2510	0.0073	0.3146	0.2765	0.0381	0.0815	0.0389	0.0426	0.0047	0.0045	0.0002	0.0768	0.0344	0.0424	0.0000	0.0000	0.0000	0.0000	0.0000	0.0000	0.0000	0.0000	0.0000	0.0000	0.0000	0.0000	0.0001	0.0002	0.0000	0.0000	0.0000	0.0000						
89	95	0.6663	7	1	2	0	0	0	0	0	0	N	Y	N	N	N	N	N	N	N	N	N	N	0.0000	0.0000	0.0000	0.0000	0.0000	0.0000	0.0000	0.0000	0.0000	0.0000	0.0000	0.0000	0.0000	0.0000	0.0000	0.0000	0.0000	0.0000	0.0000	0.0000	1.9953	0.0000	1.0817	2.0000	0.0000	0.0000	0.0000	0.0000	0.0000	0.0000	0.0000	0.0000	0.0000	0.0000	0.0000	0.0000	0.0000	0.0000	0.0000	0.0000	0.0000	0.0000	0.0000	0.0000	0.0000	0.0000	0.0000	0.0000	0.0000	0.0000	0.0000	0.0095	0.0059	0.0036	0.0056	0.0049	0.0007	0.0040	0.0011	0.0029	0.0000	0.0000	0.0000	0.0000	0.0000	0.0000	0.0000	0.0000	0.0000	0.0000	0.0000	0.0000	0.0000	0.0000	0.0000	0.0000	0.0000	0.0000											
89	96	0.6439	6	0	2	0	0	0	0	0	0	N	Y	N	N	N	N	N	N	N	N	N	N	0.0000	0.0000	0.0000	0.0000	0.0000	0.0000	0.0000	0.0000	0.0000	0.0000	0.0000	0.0000	0.0000	0.0000	0.0000	0.0000	0.0000	0.0000	0.0000	0.0000	1.9953	4.0000	1.0817	0.0000	0.0000	0.0000	0.0000	0.0000	0.0000	0.0000	0.0000	0.0000	0.0000	0.0000	0.0000	0.0000	0.0000	0.0000	0.0000	0.0000	0.0000	0.0000	0.2284	0.2090	0.0194	0.1730	0.1626	0.0105	0.0553	0.0464	0.0089	0.0099	0.0057	0.0041	0.0054	0.0048	0.0006	0.0044	0.0010	0.0035	0.0000	0.0000	0.0000	0.0000	0.0000	0.0000	0.0000	0.0000	0.0000	0.0000	0.0000	0.0000	0.0000	0.0000	0.0000	0.0000	0.0000	0.0000											
89	97	0.0878	3	0	1	0	0	0	0	0	0	N	N	N	N	N	N	N	N	N	N	N	N	0.0000	0.0000	0.0000	0.0000	0.0000	0.0000	0.0000	0.0000	0.0000	0.0000	0.0000	0.0000	0.0000	0.0000	0.0000	0.0000	0.0000	0.0000	0.0000	0.0000	1.9953	3.9994	1.0817	4.0000	0.0000	0.0000	0.0000	0.0000	0.0000	0.0000	0.0000	0.0000	0.0000	0.0000	0.0000	0.0000	0.0000	0.0000	0.0000	0.0000	0.0000	0.0000	0.2923	0.2655	0.0269	0.1499	0.1435	0.0063	0.1425	0.1219	0.0205	0.0468	0.0204	0.0264	0.0030	0.0029	0.0001	0.0438	0.0176	0.0262	0.0000	0.0000	0.0000	0.0000	0.0000	0.0000	0.0000	0.0000	0.0000	0.0000	0.0000	0.0000	0.0000	0.0000	0.0000	0.0000	0.0000	0.0000											
89	98	0.6439	6	0	1	0	0	0	0	0	0	N	N	N	N	N	N	N	N	N	N	N	N	0.0000	0.0000	0.0000	0.0000	0.0000	0.0000	0.0000	0.0000	0.0000	0.0000	0.0000	0.0000	0.0000	0.0000	0.0000	0.0000	0.0000	0.0000	0.0000	0.0000	1.9953	1.0000	1.0817	0.0000	0.0000	0.0000	0.0000	0.0000	0.0000	0.0000	0.0000	0.0000	0.0000	0.0000	0.0000	0.0000	0.0000	0.0000	0.0000	0.0000	0.0000	0.0000	0.1115	0.1019	0.0096	0.0854	0.0802	0.0053	0.0261	0.0218	0.0043	0.0046	0.0027	0.0019	0.0026	0.0022	0.0003	0.0021	0.0004	0.0016	0.0000	0.0000	0.0000	0.0000	0.0000	0.0000	0.0000	0.0000	0.0000	0.0000	0.0000	0.0000	0.0000	0.0000	0.0000	0.0000	0.0000	0.0000											
89	99	0.1988	4	0	1	0	0	0	0	0	0	N	N	N	N	N	N	N	N	N	N	N	N	0.0651	0.0000	53577.0230	0.0001	0.0000	189.2053	0.1001	0.0000	66478.2141	0.5180	0.0000	5.2086	0.0003	0.0000	0.0079	1.1794	0.0000	6.5815	7.9519	14.8931	0.0001	4.2097	4.1187	0.0000	11.7834	40.5222	0.0001	inf	0.0000	0.0702	-0.5528	1.9953	1.5982	1.0817	11.1970	0.0949	0.0000	0.0949	0.0000	0.0000	0.0000	0.0948	0.0000	0.0948	1.0591	1.0591	0.0000	0.0598	0.0598	0.0000	0.9994	0.9994	0.0000	0.1831	0.1649	0.0182	0.1027	0.0989	0.0038	0.0804	0.0660	0.0144	0.1332	0.0711	0.0621	0.0484	0.0465	0.0019	0.0848	0.0247	0.0601	0.0651	0.0000	53577.0230	0.0002	0.0000	189.2053	0.1001	0.0000	66478.2141	7.9519	14.8931	0.0001	1.2357	1.2870	0.0000	11.7834	40.5222	0.0001
89	100	0.0643	4	1	2	1	0	0	0	0	0	N	Y	N	N	N	N	N	N	N	N	N	N	0.0000	0.0000	0.0000	0.0000	0.0000	0.0000	0.0000	0.0000	0.0000	0.0000	0.0000	0.0000	0.0000	0.0000	0.0000	0.0000	0.0000	1.1493	1.7574	0.0000	0.0002	0.0001	0.0000	0.8385	2.9547	0.0000	0.0000	0.0000	-0.0003	1.9953	0.0000	1.0817	0.9982	0.0000	0.0000	0.0000	0.0000	0.0000	0.0000	0.0000	0.0000	0.0000	0.0006	0.0006	0.0000	0.0000	0.0000	0.0000	0.0006	0.0006	0.0000	0.0307	0.0278	0.0029	0.0264	0.0238	0.0026	0.0043	0.0040	0.0003	0.0088	0.0042	0.0046	0.0005	0.0005	0.0001	0.0082	0.0037	0.0045	0.0000	0.0000	0.0000	0.0000	0.0000	0.0000	0.0000	0.0000	0.0000	0.0695	0.1454	0.0000	0.0000	0.0000	0.0000	0.0741	0.1643	0.0000		
89	101	0.6786	9	1	2	1	0	0	0	0	0	N	Y	N	N	N	N	N	N	N	N	N	N	0.0000	0.0000	0.0000	0.0000	0.0000	0.0000	0.0000	0.0000	0.0000	0.0000	0.0000	0.0000	0.0000	0.0000	0.0000	0.0000	0.0000	0.0000	0.0000	0.0000	1.9953	0.0000	1.0817	0.0000	0.0000	0.0000	0.0000	0.0000	0.0000	0.0000	0.0000	0.0000	0.0000	0.0000	0.0000	0.0000	0.0000	0.0000	0.0000	0.0000	0.0000	0.0000	0.0000	0.0000	0.0000	0.0000	0.0000	0.0000	0.0000	0.0000	0.0000	0.0000	0.0000	0.0000	0.0000	0.0000	0.0000	0.0000	0.0000	0.0000	0.0000	0.0000	0.0000	0.0000	0.0000	0.0000	0.0000	0.0000	0.0000	0.0000	0.0000	0.0000	0.0000	0.0000	0.0000	0.0000	0.0000	0.0000											
89	102	0.6786	8	1	1	1	0	0	0	0	0	N	N	N	N	N	N	N	N	N	N	N	N	0.0000	0.0000	0.0000	0.0000	0.0000	0.0000	0.0000	0.0000	0.0000	0.0000	0.0000	0.0000	0.0000	0.0000	0.0000	0.0000	0.0000	0.0000	0.0000	0.0000	1.9953	0.0000	1.0817	0.0000	0.0000	0.0000	0.0000	0.0000	0.0000	0.0000	0.0000	0.0000	0.0000	0.0000	0.0000	0.0000	0.0000	0.0000	0.0000	0.0000	0.0000	0.0000	0.0000	0.0000	0.0000	0.0000	0.0000	0.0000	0.0000	0.0000	0.0000	0.0000	0.0000	0.0000	0.0000	0.0000	0.0000	0.0000	0.0000	0.0000	0.0000	0.0000	0.0000	0.0000	0.0000	0.0000	0.0000	0.0000	0.0000	0.0000	0.0000	0.0000	0.0000	0.0000	0.0000	0.0000	0.0000	0.0000											
89	103	0.6726	7	1	1	1	0	0	0	0	0	N	N	N	N	N	N	N	N	N	N	N	N	0.0000	0.0000	0.0000	0.0000	0.0000	0.0000	0.0000	0.0000	0.0000	0.0000	0.0000	0.0000	0.0000	0.0000	0.0000	0.0000	0.0000	0.0000	0.0000	0.0000	1.9953	0.0000	1.0817	1.0091	0.0000	0.0000	0.0000	0.0000	0.0000	0.0000	0.0000	0.0000	0.0000	0.0000	0.0000	0.0000	0.0000	0.0000	0.0000	0.0000	0.0000	0.0000	0.0000	0.0000	0.0000	0.0000	0.0000	0.0000	0.0000	0.0000	0.0000	0.0049	0.0030	0.0018	0.0029	0.0025	0.0004	0.0020	0.0005	0.0015	0.0000	0.0000	0.0000	0.0000	0.0000	0.0000	0.0000	0.0000	0.0000	0.0000	0.0000	0.0000	0.0000	0.0000	0.0000	0.0000	0.0000	0.0000											
89	104	0.0878	3	0	2	0	0	0	0	0	0	N	Y	N	N	N	N	N	N	N	N	N	N	0.0000	0.0000	0.0000	0.0000	0.0000	0.0000	0.0000	0.0000	0.0000	0.0000	0.0000	0.0000	0.0000	0.0000	0.0000	0.0000	0.0000	0.0000	0.0000	0.0000	1.9953	7.9994	1.0817	4.0001	0.0000	0.0000	0.0000	0.0000	0.0000	0.0000	0.0000	0.0000	0.0000	0.0000	0.0000	0.0000	0.0000	0.0000	0.0000	0.0000	0.0000	0.0000	0.5392	0.4894	0.0497	0.2691	0.2577	0.0114	0.2701	0.2318	0.0383	0.0675	0.0296	0.0379	0.0044	0.0042	0.0002	0.0631	0.0254	0.0377	0.0000	0.0000	0.0000	0.0000	0.0000	0.0000	0.0000	0.0000	0.0000	0.0000	0.0000	0.0000	0.0000	0.0000	0.0000	0.0000	0.0000	0.0000											
89	105	0.0677	5	1	1	1	0	0	0	0	0	N	N	N	N	N	N	N	N	N	N	N	N	0.0000	0.0000	0.0000	0.0000	0.0000	0.0000	0.0000	0.0000	0.0000	0.0000	0.0000	0.0000	0.0000	0.0000	0.0000	0.0000	0.0027	0.0066	0.0000	0.1255	0.1183	0.0000	0.0000	0.0000	0.0000	0.0019	0.0000	-0.0000	1.9953	1.0000	1.0817	1.0005	0.0000	0.0000	0.0000	0.0000	0.0000	0.0000	0.0000	0.0000	0.0000	0.0000	0.0000	0.0000	0.0000	0.0000	0.0000	0.0000	0.0000	0.0000	0.1075	0.0989	0.0087	0.0465	0.0455	0.0010	0.0610	0.0534	0.0076	0.0171	0.0081	0.0089	0.0009	0.0009	0.0000	0.0162	0.0073	0.0089	0.0000	0.0000	0.0000	0.0000	0.0000	0.0000	0.0000	0.0000	0.0000	0.0006	0.0012	0.0000	0.0112	0.0118	0.0000	0.0000	0.0000	0.0000			
89	106	0.0643	4	1	1	1	0	0	0	0	0	N	N	N	N	N	N	N	N	N	N	N	N	0.0000	0.0000	0.0000	0.0000	0.0000	0.0000	0.0000	0.0000	0.0000	0.0000	0.0000	0.0000	0.0000	0.0000	0.0000	0.0000	0.0004	0.0009	0.0000	0.0090	0.0090	0.0000	0.0000	0.0000	0.0000	0.0321	0.0000	-0.0000	1.9953	0.7249	1.0817	0.0368	0.0000	0.0000	0.0000	0.0000	0.0000	0.0000	0.0000	0.0000	0.0000	0.0000	0.0000	0.0000	0.0000	0.0000	0.0000	0.0000	0.0000	0.0000	0.1079	0.0988	0.0091	0.0589	0.0557	0.0032	0.0490	0.0431	0.0059	0.0067	0.0032	0.0035	0.0004	0.0004	0.0001	0.0063	0.0028	0.0035	0.0000	0.0000	0.0000	0.0000	0.0000	0.0000	0.0000	0.0000	0.0000	0.0002	0.0004	0.0000	0.0026	0.0030	0.0000	0.0000	0.0000	0.0000			
89	107	0.0628	3	1	1	1	0	0	0	0	0	N	N	N	N	N	N	N	N	N	N	N	N	0.0000	0.0000	0.0000	0.0000	0.0000	0.0000	0.0000	0.0000	0.0000	0.0000	0.0000	0.0000	0.0000	0.0000	0.0000	0.0000	0.0000	0.0000	0.0012	0.0031	0.0000	0.0042	0.0041	0.0001	0.0003	0.0107	0.0000	0.0087	0.0000	-0.0000	1.9953	0.4159	1.0817	0.0887	0.0000	0.0000	0.0000	0.0000	0.0000	0.0000	0.0000	0.0000	0.0000	0.0000	0.0000	0.0000	0.0000	0.0000	0.0000	0.0000	0.0000	0.0000	0.0847	0.0775	0.0073	0.0542	0.0502	0.0040	0.0305	0.0272	0.0033	0.0047	0.0023	0.0024	0.0004	0.0004	0.0000	0.0043	0.0019	0.0024	0.0000	0.0000	0.0000	0.0000	0.0000	0.0000	0.0000	0.0000	0.0000	0.0004	0.0008	0.0000	0.0017	0.0018	0.0001	0.0003	0.0006	0.0000	
89	108	0.0465	2	1	1	0	0	0	0	0	0	N	N	N	N	N	N	N	N	N	N	N	N	0.0000	0.0000	0.0000	0.0000	0.0000	0.0000	0.0000	0.0000	0.0000	0.0000	0.0000	0.0000	0.0000	0.0000	0.0000	0.0020	0.0052	0.0000	0.1358	0.1194	0.0000	0.0000	0.0014	0.0000	0.0000	0.0000	-0.0000	1.9953	3.9943	1.0817	0.9974	0.0000	0.0000	0.0000	0.0000	0.0000	0.0000	0.0000	0.0000	0.0000	0.0000	0.0000	0.0000	0.0000	0.0000	0.0000	0.0000	0.0000	0.0000	0.3953	0.3578	0.0374	0.0975	0.0928	0.0047	0.2978	0.2650	0.0328	0.0417	0.0194	0.0222	0.0017	0.0017	0.0001	0.0399	0.0178	0.0222	0.0000	0.0000	0.0000	0.0000	0.0000	0.0000	0.0000	0.0000	0.0000	0.0005	0.0011	0.0000	0.0115	0.0120	0.0000	0.0000	0.0000	0.0000				
89	109	0.6726	7	1	1	1	0	0	0	0	0	N	N	N	N	N	N	N	N	N	N	N	N	0.0000	0.0000	0.0000	0.0000	0.0000	0.0000	0.0000	0.0000	0.0000	0.0000	0.0000	0.0000	0.0000	0.0000	0.0000	0.0000	0.0000	0.0000	0.0000	0.0000	1.9953	0.0000	1.0817	0.9909	0.0000	0.0000	0.0000	0.0000	0.0000	0.0000	0.0000	0.0000	0.0000	0.0000	0.0000	0.0000	0.0000	0.0000	0.0000	0.0000	0.0000	0.0000	0.0000	0.0000	0.0000	0.0000	0.0000	0.0000	0.0000	0.0000	0.0000	0.0048	0.0030	0.0018	0.0028	0.0025	0.0004	0.0020	0.0005	0.0015	0.0000	0.0000	0.0000	0.0000	0.0000	0.0000	0.0000	0.0000	0.0000	0.0000	0.0000	0.0000	0.0000	0.0000	0.0000	0.0000	0.0000	0.0000											
89	110	0.6439	6	1	1	1	0	0	0	0	0	N	N	N	N	N	N	N	N	N	N	N	N	0.0000	0.0000	0.0000	0.0000	0.0000	0.0000	0.0000	0.0000	0.0000	0.0000	0.0000	0.0000	0.0000	0.0000	0.0000	0.0000	0.0000	0.0000	0.0000	0.0000	1.9953	4.0000	1.0817	0.0000	0.0000	0.0000	0.0000	0.0000	0.0000	0.0000	0.0000	0.0000	0.0000	0.0000	0.0000	0.0000	0.0000	0.0000	0.0000	0.0000	0.0000	0.0000	0.2284	0.2090	0.0194	0.1730	0.1626	0.0105	0.0553	0.0464	0.0089	0.0099	0.0057	0.0041	0.0054	0.0048	0.0006	0.0044	0.0010	0.0035	0.0000	0.0000	0.0000	0.0000	0.0000	0.0000	0.0000	0.0000	0.0000	0.0000	0.0000	0.0000	0.0000	0.0000	0.0000	0.0000	0.0000	0.0000											
89	112	0.1336	4	0	1	1	0	0	0	0	0	N	N	N	N	N	N	N	N	N	N	N	N	0.0000	0.0000	0.0000	0.0000	0.0000	0.0000	0.0000	0.0000	0.0000	0.0000	0.0000	0.0000	0.0000	0.0000	0.0000	0.0000	0.0000	0.0000	0.0000	0.0000	1.9953	0.0000	1.0817	0.0001	0.0000	0.0000	0.0000	0.0000	0.0000	0.0000	0.0000	0.0000	0.0000	0.0000	0.0000	0.0000	0.0000	0.0000	0.0000	0.0000	0.0000	0.0000	0.0000	0.0000	0.0000	0.0000	0.0000	0.0000	0.0000	0.0000	0.0000	0.0000	0.0000	0.0000	0.0000	0.0000	0.0000	0.0000	0.0000	0.0000	0.0000	0.0000	0.0000	0.0000	0.0000	0.0000	0.0000	0.0000	0.0000	0.0000	0.0000	0.0000	0.0000	0.0000	0.0000	0.0000	0.0000	0.0000											
89	113	0.0878	3	0	1	1	0	0	0	0	0	N	N	N	N	N	N	N	N	N	N	N	N	0.0000	0.0000	0.0000	0.0000	0.0000	0.0000	0.0000	0.0000	0.0000	0.0000	0.0000	0.0000	0.0000	0.0000	0.0000	0.0000	0.0000	0.0000	0.0000	0.0000	1.9953	4.0004	1.0817	4.9999	0.0000	0.0000	0.0000	0.0000	0.0000	0.0000	0.0000	0.0000	0.0000	0.0000	0.0000	0.0000	0.0000	0.0000	0.0000	0.0000	0.0000	0.0000	0.2924	0.2655	0.0269	0.1499	0.1436	0.0063	0.1425	0.1220	0.0205	0.0522	0.0228	0.0294	0.0034	0.0032	0.0002	0.0488	0.0196	0.0292	0.0000	0.0000	0.0000	0.0000	0.0000	0.0000	0.0000	0.0000	0.0000	0.0000	0.0000	0.0000	0.0000	0.0000	0.0000	0.0000	0.0000	0.0000											
89	114	0.6766	7	0	2	0	0	0	0	0	0	N	Y	N	N	N	N	N	N	N	N	N	N	0.0000	0.0000	0.0000	0.0000	0.0000	0.0000	0.0000	0.0000	0.0000	0.0000	0.0000	0.0000	0.0000	0.0000	0.0000	0.0000	0.0007	0.0011	0.0000	0.0011	0.0009	0.0000	0.0000	0.0000	0.0000	0.0001	0.0000	-0.0000	1.9953	4.3361	1.0817	4.6323	0.0000	0.0000	0.0000	0.0000	0.0000	0.0000	0.0000	0.0000	0.0000	0.0000	0.0000	0.0000	0.0000	0.0000	0.0000	0.0000	0.0000	0.0000	0.3509	0.3187	0.0322	0.2160	0.2042	0.0119	0.1349	0.1145	0.0203	0.0385	0.0253	0.0132	0.0242	0.0215	0.0027	0.0142	0.0037	0.0105	0.0000	0.0000	0.0000	0.0000	0.0000	0.0000	0.0000	0.0000	0.0000	0.0003	0.0004	0.0000	0.0004	0.0005	0.0000	0.0000	0.0000	0.0000			
89	115	0.6439	6	0	1	0	0	0	0	0	0	N	N	N	N	N	N	N	N	N	N	N	N	0.0000	0.0000	0.0000	0.0000	0.0000	0.0000	0.0000	0.0000	0.0000	0.0000	0.0000	0.0000	0.0000	0.0000	0.0000	0.0000	0.0000	0.0003	0.0002	0.0003	0.0003	0.0002	0.0000	0.0003	0.0012	0.0004	11.5924	0.0000	0.0000	1.9953	1.9840	1.0817	0.2610	0.0000	0.0000	0.0000	0.0000	0.0000	0.0000	0.0000	0.0000	0.0000	0.0000	0.0000	0.0000	0.0000	0.0000	0.0000	0.0000	0.0000	0.0000	0.1195	0.1093	0.0102	0.0915	0.0859	0.0057	0.0280	0.0234	0.0046	0.0056	0.0033	0.0023	0.0031	0.0027	0.0004	0.0025	0.0005	0.0020	0.0000	0.0000	0.0000	0.0000	0.0000	0.0000	0.0000	0.0000	0.0000	0.0001	0.0000	0.0003	0.0000	0.0000	0.0000	0.0003	0.0000	0.0004		
89	116	0.0878	3	0	2	0	1	0	0	0	0	N	Y	N	N	N	N	N	N	N	N	N	N	0.0000	0.0000	0.0000	0.0000	0.0000	0.0000	0.0000	0.0000	0.0000	0.0000	0.0000	0.0000	0.0000	2.6194	4.0660	0.0000	27.5807	29.0048	0.0000	0.0000	0.0000	0.0000	0.0000	0.0000	-0.0383	1.9953	5.0006	1.0817	2.0000	0.0000	0.0000	0.0000	0.0000	0.0000	0.0000	0.0000	0.0000	0.0000	0.0734	0.0734	0.0000	0.0734	0.0734	0.0000	0.0000	0.0000	0.0000	0.3579	0.3250	0.0329	0.1822	0.1745	0.0077	0.1757	0.1505	0.0252	0.0414	0.0180	0.0233	0.0027	0.0025	0.0001	0.0387	0.0155	0.0232	0.0000	0.0000	0.0000	0.0000	0.0000	0.0000	0.0000	0.0000	0.0000	1.7725	4.0660	0.0000	27.5807	29.0048	0.0000	0.0000	0.0000	0.0000						
89	117	0.6439	6	0	2	0	1	0	0	0	0	N	Y	N	N	N	N	N	N	N	N	N	N	0.0000	0.0000	0.0000	0.0000	0.0000	0.0000	0.0000	0.0000	0.0000	0.0000	0.0000	0.0000	0.0000	0.0000	0.0000	0.0000	0.0000	0.0000	0.0000	0.0000	1.9953	0.0000	1.0817	1.0000	0.0000	0.0000	0.0000	0.0000	0.0000	0.0000	0.0000	0.0000	0.0000	0.0000	0.0000	0.0000	0.0000	0.0000	0.0000	0.0000	0.0000	0.0000	0.0000	0.0000	0.0000	0.0000	0.0000	0.0000	0.0000	0.0000	0.0000	0.0035	0.0020	0.0015	0.0019	0.0017	0.0002	0.0016	0.0003	0.0012	0.0000	0.0000	0.0000	0.0000	0.0000	0.0000	0.0000	0.0000	0.0000	0.0000	0.0000	0.0000	0.0000	0.0000	0.0000	0.0000	0.0000	0.0000											
89	118	0.0878	3	0	2	0	0	0	0	0	0	N	Y	N	N	N	N	N	N	N	N	N	N	0.0000	0.0000	0.0000	0.0000	0.0000	0.0000	0.0000	0.0000	0.0000	0.0000	0.0000	0.0000	0.0000	0.0000	0.0000	0.0000	0.0000	0.0000	0.0000	0.0000	1.9953	16.9994	1.0817	6.0000	0.0000	0.0000	0.0000	0.0000	0.0000	0.0000	0.0000	0.0000	0.0000	0.0000	0.0000	0.0000	0.0000	0.0000	0.0000	0.0000	0.0000	0.0000	0.9754	0.8857	0.0897	0.4621	0.4428	0.0193	0.5133	0.4430	0.0704	0.1166	0.0519	0.0647	0.0079	0.0075	0.0004	0.1087	0.0444	0.0643	0.0000	0.0000	0.0000	0.0000	0.0000	0.0000	0.0000	0.0000	0.0000	0.0000	0.0000	0.0000	0.0000	0.0000	0.0000	0.0000	0.0000	0.0000											
89	119	0.6439	6	0	2	0	0	0	0	0	0	N	Y	N	N	N	N	N	N	N	N	N	N	0.0000	0.0000	0.0000	0.0000	0.0000	0.0000	0.0000	0.0000	0.0000	0.0000	0.0000	0.0000	0.0000	0.0000	0.0000	0.0000	0.0000	0.0000	0.0000	0.0000	1.9953	5.0000	1.0817	6.0000	0.0000	0.0000	0.0000	0.0000	0.0000	0.0000	0.0000	0.0000	0.0000	0.0000	0.0000	0.0000	0.0000	0.0000	0.0000	0.0000	0.0000	0.0000	0.2782	0.2547	0.0235	0.2098	0.1973	0.0125	0.0684	0.0575	0.0110	0.0257	0.0150	0.0108	0.0141	0.0125	0.0017	0.0116	0.0025	0.0091	0.0000	0.0000	0.0000	0.0000	0.0000	0.0000	0.0000	0.0000	0.0000	0.0000	0.0000	0.0000	0.0000	0.0000	0.0000	0.0000	0.0000	0.0000											
89	120	0.6720	7	0	2	0	0	0	0	0	0	N	Y	N	N	N	N	N	N	N	N	N	N	0.0000	0.0000	0.0000	0.0000	0.0000	0.0000	0.0000	0.0000	0.0000	0.0000	0.0000	0.0000	0.0000	0.0000	0.0000	0.0000	0.0003	0.0006	0.0000	0.0007	0.0007	0.0000	0.0000	0.0000	0.0000	0.0016	0.0000	-0.0000	1.9953	0.9998	1.0817	0.9486	0.0000	0.0000	0.0000	0.0000	0.0000	0.0000	0.0000	0.0000	0.0000	0.0000	0.0000	0.0000	0.0000	0.0000	0.0000	0.0000	0.0000	0.0000	0.0598	0.0545	0.0053	0.0458	0.0427	0.0030	0.0141	0.0118	0.0023	0.0060	0.0036	0.0024	0.0037	0.0031	0.0006	0.0023	0.0005	0.0018	0.0000	0.0000	0.0000	0.0000	0.0000	0.0000	0.0000	0.0000	0.0000	0.0001	0.0002	0.0000	0.0002	0.0002	0.0000	0.0000	0.0000	0.0000			
89	121	0.6439	6	0	2	0	0	0	0	0	0	N	Y	N	N	N	N	N	N	N	N	N	N	0.0000	0.0000	0.0000	0.0000	0.0000	0.0000	0.0000	0.0000	0.0000	0.0000	0.0000	0.0000	0.0000	0.0000	0.0000	0.0000	0.0000	0.0002	0.0001	0.0001	0.0001	0.0001	0.0000	0.0001	0.0007	0.0001	54.7612	0.0000	0.0000	1.9953	3.0005	1.0817	1.1085	0.0000	0.0000	0.0000	0.0000	0.0000	0.0000	0.0000	0.0000	0.0000	0.0000	0.0000	0.0000	0.0000	0.0000	0.0000	0.0000	0.0000	0.0000	0.3038	0.2782	0.0256	0.2285	0.2149	0.0136	0.0753	0.0633	0.0121	0.0182	0.0106	0.0076	0.0100	0.0088	0.0012	0.0082	0.0018	0.0064	0.0000	0.0000	0.0000	0.0000	0.0000	0.0000	0.0000	0.0000	0.0000	0.0000	0.0000	0.0001	0.0000	0.0000	0.0000	0.0001	0.0000	0.0001		
89	122	0.0465	2	0	2	0	0	0	0	0	0	N	Y	N	N	N	N	N	N	N	N	N	N	0.0000	0.0000	0.0000	0.0000	0.0000	0.0000	0.0000	0.0000	0.0000	0.0000	0.0000	0.0000	0.0000	0.0000	0.0000	0.0000	0.0000	0.8428	0.0051	0.1709	0.2689	0.1198	0.3897	0.4301	0.0000	0.0727	64.5000	0.0000	0.0006	1.9953	2.0001	1.0817	3.0000	0.0000	0.0000	0.0000	0.0000	0.0000	0.0000	0.0000	0.0000	0.0000	0.0013	0.0000	0.0013	0.0000	0.0000	0.0000	0.0013	0.0000	0.0013	0.2142	0.1939	0.0203	0.0536	0.0509	0.0026	0.1607	0.1430	0.0177	0.0417	0.0194	0.0223	0.0017	0.0017	0.0001	0.0400	0.0178	0.0222	0.0000	0.0000	0.0000	0.0000	0.0000	0.0000	0.0000	0.0000	0.0000	0.0314	0.0010	0.0579	0.0173	0.0121	0.1193	0.0320	0.0000	0.0577		
89	124	0.6774	7	0	2	0	0	0	0	0	0	N	Y	N	N	N	N	N	N	N	N	N	N	0.0000	0.0000	0.0000	0.0000	0.0000	0.0000	0.0000	0.0000	0.0000	0.0000	0.0000	0.0000	0.0000	0.0000	0.0000	0.0000	0.0000	0.0007	0.0006	0.0003	0.0008	0.0008	0.0000	0.0003	0.0000	0.0004	0.9670	0.0000	-0.0000	1.9953	3.9006	1.0817	3.1543	0.0000	0.0000	0.0000	0.0000	0.0000	0.0000	0.0000	0.0000	0.0000	0.0000	0.0000	0.0000	0.0000	0.0000	0.0000	0.0000	0.0000	0.0000	0.4877	0.4451	0.0426	0.3946	0.3668	0.0278	0.0931	0.0783	0.0148	0.0320	0.0181	0.0139	0.0161	0.0143	0.0018	0.0159	0.0039	0.0121	0.0000	0.0000	0.0000	0.0000	0.0000	0.0000	0.0000	0.0000	0.0000	0.0003	0.0002	0.0003	0.0003	0.0003	0.0000	0.0003	0.0000	0.0004		
89	125	0.6439	6	0	2	0	0	0	0	0	0	N	Y	N	N	N	N	N	N	N	N	N	N	0.0000	0.0000	0.0000	0.0000	0.0000	0.0000	0.0000	0.0000	0.0000	0.0000	0.0000	0.0000	0.0000	0.0000	0.0000	0.0000	0.0000	0.8963	0.0001	0.3056	0.0001	0.0001	0.0000	0.9359	0.0009	0.1731	22267.9745	0.0000	0.0003	1.9953	1.6924	1.0817	1.9110	0.0000	0.0000	0.0000	0.0000	0.0000	0.0000	0.0000	0.0000	0.0000	0.0006	0.0000	0.0006	0.0000	0.0000	0.0000	0.0006	0.0000	0.0006	0.1823	0.1668	0.0155	0.1388	0.1303	0.0085	0.0435	0.0365	0.0071	0.0161	0.0094	0.0067	0.0088	0.0078	0.0011	0.0072	0.0016	0.0056	0.0000	0.0000	0.0000	0.0000	0.0000	0.0000	0.0000	0.0000	0.0000	0.0380	0.0000	0.0910	0.0000	0.0000	0.0000	0.0846	0.0000	0.1080		
89	126	0.0878	3	0	2	0	0	0	0	0	0	N	Y	N	N	N	N	N	N	N	N	N	N	0.0000	0.0000	0.0000	0.0000	0.0000	0.0000	0.0000	0.0000	0.0000	0.0000	0.0000	0.0000	0.0000	0.0027	0.0073	0.0000	0.0824	0.0685	0.0000	0.0000	0.0000	0.0000	0.0000	0.0000	-0.0000	1.9953	0.9996	1.0817	8.0005	0.0000	0.0000	0.0000	0.0000	0.0000	0.0000	0.0000	0.0000	0.0000	0.0000	0.0000	0.0000	0.0000	0.0000	0.0000	0.0000	0.0000	0.0000	0.0781	0.0709	0.0071	0.0409	0.0392	0.0017	0.0371	0.0317	0.0054	0.0522	0.0228	0.0294	0.0034	0.0032	0.0002	0.0488	0.0196	0.0292	0.0000	0.0000	0.0000	0.0000	0.0000	0.0000	0.0000	0.0000	0.0000	0.0006	0.0013	0.0000	0.0089	0.0094	0.0000	0.0000	0.0000	0.0000						
89	127	0.2151	5	0	1	0	0	0	0	0	0	N	N	N	N	N	N	N	N	N	N	N	N	0.0390	0.0000	1.0664	0.0750	0.0000	inf	0.1112	0.0000	3.1795	0.0373	0.0000	0.3933	0.0002	0.0000	0.0047	0.0870	0.0000	0.5357	0.9562	0.0023	0.3688	0.0028	0.0023	0.0000	0.7823	0.0001	0.1685	inf	123.2845	0.0092	0.0024	1.9953	3.6536	1.0817	12.3970	0.0125	0.0000	0.0125	0.0000	0.0000	0.0000	0.0124	0.0000	0.0124	0.0051	0.0000	0.0051	0.0000	0.0000	0.0000	0.0051	0.0000	0.0051	0.3336	0.3019	0.0317	0.1909	0.1824	0.0085	0.1427	0.1195	0.0232	0.1154	0.0651	0.0503	0.0387	0.0364	0.0023	0.0768	0.0287	0.0480	0.8368	0.0000	3.8735	0.1950	0.0000	inf	1.3071	0.0000	5.0364	0.0446	0.0006	0.1015	0.0011	0.0011	0.0000	0.0666	0.0000	0.1064
89	128	0.3935	5	0	1	0	0	0	0	0	0	N	N	N	N	N	N	N	N	N	N	N	N	0.0183	0.0144	0.0000	0.0449	0.0457	0.0000	0.0000	0.0000	0.0000	0.0304	0.0334	0.0000	0.0496	0.0525	0.0000	0.0000	0.0000	0.0000	1.6651	2.3209	0.0001	1.1055	1.1487	0.0000	2.0097	4.4892	0.0001	0.0000	0.0001	-0.0041	-0.0253	1.9953	5.3495	1.0817	12.4099	0.0158	0.0158	0.0000	0.0158	0.0158	0.0000	0.0000	0.0000	0.0000	0.0485	0.0485	0.0000	0.0065	0.0065	0.0000	0.0420	0.0420	0.0000	0.5187	0.4714	0.0473	0.3177	0.3002	0.0175	0.2010	0.1712	0.0298	0.1717	0.1077	0.0640	0.0913	0.0796	0.0117	0.0805	0.0282	0.0523	0.1077	0.0744	0.0000	0.6989	0.6448	0.0000	0.0000	0.0000	0.0000	0.2823	0.4498	0.0001	0.0710	0.0815	0.0000	0.5219	1.4896	0.0001
89	129	0.1993	9	0	2	0	1	0	0	0	0	N	Y	N	N	N	N	N	N	N	N	N	N	0.0000	0.0000	0.0000	0.0000	0.0000	0.0000	0.0000	0.0000	0.0000	0.0000	0.0000	0.0000	0.0000	0.0000	0.0000	0.0000	0.0000	0.0000	0.0000	0.0000	1.9953	0.0000	1.0817	0.0000	0.0000	0.0000	0.0000	0.0000	0.0000	0.0000	0.0000	0.0000	0.0000	0.0000	0.0000	0.0000	0.0000	0.0000	0.0000	0.0000	0.0000	0.0000	0.0000	0.0000	0.0000	0.0000	0.0000	0.0000	0.0000	0.0000	0.0000	0.0000	0.0000	0.0000	0.0000	0.0000	0.0000	0.0000	0.0000	0.0000	0.0000	0.0000	0.0000	0.0000	0.0000	0.0000	0.0000	0.0000	0.0000	0.0000	0.0000	0.0000	0.0000	0.0000	0.0000	0.0000	0.0000	0.0000											
89	130	0.1830	8	0	2	0	1	0	0	0	0	N	Y	N	N	N	N	N	N	N	N	N	N	0.0000	0.0000	0.0000	0.0000	0.0000	0.0000	0.0000	0.0000	0.0000	0.0000	0.0000	0.0000	0.0000	0.0000	0.0000	0.0000	0.0110	0.0100	0.0011	0.1158	0.1032	0.0000	0.0010	0.0000	0.0011	1.0000	0.0000	-0.0000	1.9953	0.0000	1.0817	3.0001	0.0000	0.0000	0.0000	0.0000	0.0000	0.0000	0.0000	0.0000	0.0000	0.0000	0.0000	0.0000	0.0000	0.0000	0.0000	0.0000	0.0000	0.0000	0.0000	0.0000	0.0000	0.0000	0.0000	0.0000	0.0000	0.0000	0.0000	0.0151	0.0061	0.0089	0.0009	0.0009	0.0000	0.0141	0.0052	0.0089	0.0000	0.0000	0.0000	0.0000	0.0000	0.0000	0.0000	0.0000	0.0000	0.0013	0.0016	0.0011	0.0108	0.0109	0.0000	0.0007	0.0000	0.0011			
89	131	0.1733	7	0	2	0	0	0	0	0	0	N	Y	N	N	N	N	N	N	N	N	N	N	0.0000	0.0000	0.0000	0.0000	0.0000	0.0000	0.0000	0.0000	0.0000	0.0000	0.0000	0.0000	0.0000	0.0000	0.0000	0.0000	0.0000	0.0000	0.0000	0.0000	1.9953	0.0000	1.0817	0.0000	0.0000	0.0000	0.0000	0.0000	0.0000	0.0000	0.0000	0.0000	0.0000	0.0000	0.0000	0.0000	0.0000	0.0000	0.0000	0.0000	0.0000	0.0000	0.0000	0.0000	0.0000	0.0000	0.0000	0.0000	0.0000	0.0000	0.0000	0.0000	0.0000	0.0000	0.0000	0.0000	0.0000	0.0000	0.0000	0.0000	0.0000	0.0000	0.0000	0.0000	0.0000	0.0000	0.0000	0.0000	0.0000	0.0000	0.0000	0.0000	0.0000	0.0000	0.0000	0.0000	0.0000	0.0000											
89	132	0.1830	8	0	1	1	1	0	0	0	0	N	N	N	N	N	N	N	N	N	N	N	N	0.0000	0.0000	0.0000	0.0000	0.0000	0.0000	0.0000	0.0000	0.0000	0.0000	0.0000	0.0000	0.0000	0.0000	0.0000	0.0000	0.0000	0.0000	0.0000	0.0000	1.9953	0.0000	1.0817	1.9999	0.0000	0.0000	0.0000	0.0000	0.0000	0.0000	0.0000	0.0000	0.0000	0.0000	0.0000	0.0000	0.0000	0.0000	0.0000	0.0000	0.0000	0.0000	0.0000	0.0000	0.0000	0.0000	0.0000	0.0000	0.0000	0.0000	0.0000	0.0101	0.0041	0.0060	0.0006	0.0006	0.0000	0.0095	0.0035	0.0060	0.0000	0.0000	0.0000	0.0000	0.0000	0.0000	0.0000	0.0000	0.0000	0.0000	0.0000	0.0000	0.0000	0.0000	0.0000	0.0000	0.0000	0.0000											
89	133	0.1940	9	0	1	1	1	0	0	0	0	N	N	N	N	N	N	N	N	N	N	N	N	0.0000	0.0000	0.0000	0.0000	0.0000	0.0000	0.0000	0.0000	0.0000	0.0000	0.0000	0.0000	0.0000	0.0000	0.0000	0.0000	0.0000	0.0000	0.0000	0.0000	1.9953	1.0000	1.0817	0.0000	0.0000	0.0000	0.0000	0.0000	0.0000	0.0000	0.0000	0.0000	0.0000	0.0000	0.0000	0.0000	0.0000	0.0000	0.0000	0.0000	0.0000	0.0000	0.0851	0.0772	0.0079	0.0543	0.0512	0.0031	0.0307	0.0260	0.0047	0.0049	0.0019	0.0029	0.0003	0.0003	0.0000	0.0045	0.0016	0.0029	0.0000	0.0000	0.0000	0.0000	0.0000	0.0000	0.0000	0.0000	0.0000	0.0000	0.0000	0.0000	0.0000	0.0000	0.0000	0.0000	0.0000	0.0000											
89	134	0.1940	9	0	1	1	1	0	0	0	0	N	N	N	N	N	N	N	N	N	N	N	N	0.0000	0.0000	0.0000	0.0000	0.0000	0.0000	0.0000	0.0000	0.0000	0.0000	0.0000	0.0000	0.0000	0.0000	0.0000	0.0000	0.0000	0.0000	0.0000	0.0000	1.9953	0.0000	1.0817	0.0000	0.0000	0.0000	0.0000	0.0000	0.0000	0.0000	0.0000	0.0000	0.0000	0.0000	0.0000	0.0000	0.0000	0.0000	0.0000	0.0000	0.0000	0.0000	0.0000	0.0000	0.0000	0.0000	0.0000	0.0000	0.0000	0.0000	0.0000	0.0000	0.0000	0.0000	0.0000	0.0000	0.0000	0.0000	0.0000	0.0000	0.0000	0.0000	0.0000	0.0000	0.0000	0.0000	0.0000	0.0000	0.0000	0.0000	0.0000	0.0000	0.0000	0.0000	0.0000	0.0000	0.0000	0.0000											
89	135	0.1830	8	0	1	1	1	0	0	0	0	N	N	N	N	N	N	N	N	N	N	N	N	0.0000	0.0000	0.0000	0.0000	0.0000	0.0000	0.0000	0.0000	0.0000	0.0000	0.0000	0.0000	0.0000	0.0000	0.0000	0.0000	0.0000	0.0000	0.0000	0.0000	1.9953	2.0025	1.0817	0.9943	0.0000	0.0000	0.0000	0.0000	0.0000	0.0000	0.0000	0.0000	0.0000	0.0000	0.0000	0.0000	0.0000	0.0000	0.0000	0.0000	0.0000	0.0000	0.1672	0.1516	0.0156	0.1044	0.0984	0.0060	0.0629	0.0533	0.0096	0.0150	0.0061	0.0089	0.0009	0.0009	0.0000	0.0141	0.0052	0.0089	0.0000	0.0000	0.0000	0.0000	0.0000	0.0000	0.0000	0.0000	0.0000	0.0000	0.0000	0.0000	0.0000	0.0000	0.0000	0.0000	0.0000	0.0000											
89	136	0.1830	7	0	1	0	1	0	0	0	0	N	N	N	N	N	N	N	N	N	N	N	N	0.0000	0.0000	0.0000	0.0000	0.0000	0.0000	0.0000	0.0000	0.0000	0.0000	0.0000	0.0000	0.0000	0.0000	0.0000	0.0000	0.0000	0.0000	0.0000	0.0000	1.9953	0.0050	1.0817	0.0173	0.0000	0.0000	0.0000	0.0000	0.0000	0.0000	0.0000	0.0000	0.0000	0.0000	0.0000	0.0000	0.0000	0.0000	0.0000	0.0000	0.0000	0.0000	0.0008	0.0007	0.0001	0.0006	0.0006	0.0000	0.0002	0.0001	0.0000	0.0001	0.0000	0.0001	0.0000	0.0000	0.0000	0.0001	0.0000	0.0001	0.0000	0.0000	0.0000	0.0000	0.0000	0.0000	0.0000	0.0000	0.0000	0.0000	0.0000	0.0000	0.0000	0.0000	0.0000	0.0000	0.0000	0.0000											
89	137	0.1733	6	0	1	0	1	0	0	0	0	N	N	N	N	N	N	N	N	N	N	N	N	0.0000	0.0000	0.0000	0.0000	0.0000	0.0000	0.0000	0.0000	0.0000	0.0000	0.0000	0.0000	0.0000	0.0000	0.0000	0.0000	0.0000	0.0000	0.0000	0.0000	1.9953	1.9972	1.0817	1.0076	0.0000	0.0000	0.0000	0.0000	0.0000	0.0000	0.0000	0.0000	0.0000	0.0000	0.0000	0.0000	0.0000	0.0000	0.0000	0.0000	0.0000	0.0000	0.1584	0.1437	0.0147	0.0970	0.0917	0.0053	0.0614	0.0520	0.0094	0.0143	0.0058	0.0085	0.0009	0.0009	0.0000	0.0134	0.0049	0.0085	0.0000	0.0000	0.0000	0.0000	0.0000	0.0000	0.0000	0.0000	0.0000	0.0000	0.0000	0.0000	0.0000	0.0000	0.0000	0.0000	0.0000	0.0000											
89	138	0.1560	5	1	2	0	0	0	0	0	0	N	Y	N	N	N	N	N	N	N	N	N	N	0.0000	0.0000	0.0000	0.0000	0.0000	0.0000	0.0000	0.0000	0.0000	0.0000	0.0000	0.0000	0.0000	0.0000	0.0000	0.0000	0.0000	0.0001	0.0002	0.0000	0.0004	0.0004	0.0000	0.0000	0.0000	0.0000	0.5518	0.0000	-0.0000	1.9953	0.0002	1.0817	2.3255	0.0000	0.0000	0.0000	0.0000	0.0000	0.0000	0.0000	0.0000	0.0000	0.0000	0.0000	0.0000	0.0000	0.0000	0.0000	0.0000	0.0000	0.0000	0.0000	0.0000	0.0000	0.0000	0.0000	0.0000	0.0000	0.0000	0.0000	0.0166	0.0084	0.0083	0.0028	0.0027	0.0001	0.0138	0.0057	0.0081	0.0000	0.0000	0.0000	0.0000	0.0000	0.0000	0.0000	0.0000	0.0000	0.0000	0.0000	0.0000	0.0001	0.0001	0.0000	0.0000	0.0000	0.0000		
89	139	0.1382	4	1	2	0	0	0	0	0	0	N	Y	N	N	N	N	N	N	N	N	N	N	0.0000	0.0000	0.0000	0.0000	0.0000	0.0000	0.0000	0.0000	0.0000	0.0000	0.0000	0.0000	0.0000	0.0000	0.0000	0.0000	0.0000	0.3228	0.6214	0.0001	0.5360	0.5055	0.0000	0.0001	0.0003	0.0001	0.0065	0.0000	-0.0001	1.9953	2.0138	1.0817	2.7349	0.0000	0.0000	0.0000	0.0000	0.0000	0.0000	0.0000	0.0000	0.0000	0.0003	0.0003	0.0000	0.0003	0.0003	0.0000	0.0000	0.0000	0.0000	0.1364	0.1227	0.0137	0.0628	0.0597	0.0031	0.0736	0.0630	0.0106	0.0372	0.0192	0.0180	0.0076	0.0072	0.0004	0.0296	0.0120	0.0176	0.0000	0.0000	0.0000	0.0000	0.0000	0.0000	0.0000	0.0000	0.0000	0.0069	0.0134	0.0001	0.0336	0.0356	0.0000	0.0001	0.0000	0.0001		
89	140	0.1547	5	0	2	0	0	0	0	0	0	N	Y	N	N	N	N	N	N	N	N	N	N	0.0000	0.0000	0.0000	0.0000	0.0000	0.0000	0.0000	0.0000	0.0000	0.0000	0.0000	0.0000	0.0000	0.0001	0.0000	0.0000	0.0000	0.0000	0.0000	0.0000	0.0000	0.0000	inf	0.0000	0.0000	1.9953	1.9232	1.0817	1.1116	0.0000	0.0000	0.0000	0.0000	0.0000	0.0000	0.0000	0.0000	0.0000	0.0000	0.0000	0.0000	0.0000	0.0000	0.0000	0.0000	0.0000	0.0000	0.1934	0.1725	0.0209	0.1149	0.1041	0.0108	0.0785	0.0684	0.0101	0.0177	0.0081	0.0096	0.0021	0.0020	0.0001	0.0156	0.0060	0.0095	0.0000	0.0000	0.0000	0.0000	0.0000	0.0000	0.0000	0.0000	0.0000	0.0000	0.0000	0.0000	0.0000	0.0000	0.0000	0.0000	0.0000	0.0000						
89	141	0.6631	7	0	2	0	0	0	0	0	0	N	Y	N	N	N	N	N	N	N	N	N	N	0.0000	0.0000	0.0000	0.0000	0.0000	0.0000	0.0000	0.0000	0.0000	0.0000	0.0000	0.0000	0.0000	0.0000	0.0000	0.0000	0.0000	0.0000	0.0000	0.0000	1.9953	3.0000	1.0817	1.0000	0.0000	0.0000	0.0000	0.0000	0.0000	0.0000	0.0000	0.0000	0.0000	0.0000	0.0000	0.0000	0.0000	0.0000	0.0000	0.0000	0.0000	0.0000	0.3038	0.2782	0.0256	0.2285	0.2149	0.0136	0.0753	0.0633	0.0121	0.0177	0.0103	0.0074	0.0098	0.0086	0.0012	0.0080	0.0017	0.0062	0.0000	0.0000	0.0000	0.0000	0.0000	0.0000	0.0000	0.0000	0.0000	0.0000	0.0000	0.0000	0.0000	0.0000	0.0000	0.0000	0.0000	0.0000											
89	142	0.6439	6	0	1	0	0	0	0	0	0	N	N	N	N	N	N	N	N	N	N	N	N	0.0000	0.0000	0.0000	0.0000	0.0000	0.0000	0.0000	0.0000	0.0000	0.0000	0.0000	0.0000	0.0000	0.0000	0.0000	0.0000	0.0000	0.0000	0.0000	0.0000	1.9953	1.0000	1.0817	1.0000	0.0000	0.0000	0.0000	0.0000	0.0000	0.0000	0.0000	0.0000	0.0000	0.0000	0.0000	0.0000	0.0000	0.0000	0.0000	0.0000	0.0000	0.0000	0.1115	0.1019	0.0096	0.0855	0.0802	0.0053	0.0261	0.0218	0.0043	0.0091	0.0053	0.0038	0.0050	0.0044	0.0006	0.0041	0.0009	0.0032	0.0000	0.0000	0.0000	0.0000	0.0000	0.0000	0.0000	0.0000	0.0000	0.0000	0.0000	0.0000	0.0000	0.0000	0.0000	0.0000	0.0000	0.0000											
89	143	0.3935	5	0	1	0	0	0	0	0	0	N	N	N	N	N	N	N	N	N	N	N	N	0.0154	0.0121	0.0000	0.0393	0.0395	0.0000	0.0000	0.0000	0.0000	0.0255	0.0281	0.0000	0.0429	0.0453	0.0000	0.0000	0.0000	0.0000	1.6559	2.3187	0.0001	1.0922	1.1474	0.0000	2.0093	4.4881	0.0001	0.0000	0.0002	-0.0041	-0.0253	1.9953	7.1211	1.0817	10.9474	0.0158	0.0158	0.0000	0.0158	0.0158	0.0000	0.0000	0.0000	0.0000	0.0484	0.0484	0.0000	0.0064	0.0064	0.0000	0.0420	0.0420	0.0000	0.6171	0.5606	0.0565	0.3677	0.3477	0.0199	0.2495	0.2129	0.0366	0.1726	0.1082	0.0644	0.0916	0.0798	0.0117	0.0810	0.0284	0.0526	0.0911	0.0629	0.0000	0.6130	0.5650	0.0000	0.0000	0.0000	0.0000	0.2805	0.4472	0.0001	0.0700	0.0803	0.0000	0.5184	1.4791	0.0001
89	144	0.1988	4	0	1	0	0	0	0	0	0	N	N	N	N	N	N	N	N	N	N	N	N	0.2736	0.1562	0.5544	0.6770	0.7116	1.0274	0.0008	0.0000	2.1228	1.4355	1.5818	0.0244	2.5993	2.7284	0.0000	0.0054	0.0004	0.0338	5.2459	10.1254	0.0440	3.8396	3.8344	0.0000	7.0683	20.7834	0.0159	0.0016	0.0013	-0.2303	-0.5276	1.9953	8.5175	1.0817	23.1696	0.8905	0.8890	0.0014	0.8889	0.8889	0.0000	0.0015	0.0001	0.0014	1.0135	1.0122	0.0013	0.0549	0.0549	0.0000	0.9586	0.9572	0.0013	0.6203	0.5620	0.0583	0.3420	0.3258	0.0162	0.2783	0.2362	0.0421	0.1932	0.1000	0.0932	0.0576	0.0539	0.0037	0.1356	0.0461	0.0896	0.2736	0.1562	1.7139	2.7248	2.6776	1.0274	0.0008	0.0000	2.2790	5.2459	10.1254	0.0142	0.9539	1.0190	0.0000	7.0683	20.7834	0.0148
89	145	0.1733	7	1	2	0	0	0	0	0	0	N	Y	N	N	N	N	N	N	N	N	N	N	0.0000	0.0000	0.0000	0.0000	0.0000	0.0000	0.0000	0.0000	0.0000	0.0000	0.0000	0.0000	0.0000	0.0000	0.0000	0.0000	0.0000	0.0000	0.0000	0.0000	1.9953	1.0000	1.0817	1.0000	0.0000	0.0000	0.0000	0.0000	0.0000	0.0000	0.0000	0.0000	0.0000	0.0000	0.0000	0.0000	0.0000	0.0000	0.0000	0.0000	0.0000	0.0000	0.0815	0.0739	0.0076	0.0503	0.0475	0.0028	0.0312	0.0264	0.0048	0.0096	0.0039	0.0058	0.0006	0.0006	0.0000	0.0090	0.0033	0.0057	0.0000	0.0000	0.0000	0.0000	0.0000	0.0000	0.0000	0.0000	0.0000	0.0000	0.0000	0.0000	0.0000	0.0000	0.0000	0.0000	0.0000	0.0000											
89	146	0.1733	6	0	2	0	0	0	0	0	0	N	Y	N	N	N	N	N	N	N	N	N	N	0.0000	0.0000	0.0000	0.0000	0.0000	0.0000	0.0000	0.0000	0.0000	0.0000	0.0000	0.0000	0.0000	0.0000	0.0000	0.0000	0.0000	0.0000	0.0000	0.0000	1.9953	0.0003	1.0817	0.0000	0.0000	0.0000	0.0000	0.0000	0.0000	0.0000	0.0000	0.0000	0.0000	0.0000	0.0000	0.0000	0.0000	0.0000	0.0000	0.0000	0.0000	0.0000	0.0001	0.0001	0.0000	0.0001	0.0001	0.0000	0.0000	0.0000	0.0000	0.0000	0.0000	0.0000	0.0000	0.0000	0.0000	0.0000	0.0000	0.0000	0.0000	0.0000	0.0000	0.0000	0.0000	0.0000	0.0000	0.0000	0.0000	0.0000	0.0000	0.0000	0.0000	0.0000	0.0000	0.0000	0.0000	0.0000											
89	147	0.1547	5	0	1	0	0	0	0	0	0	N	N	N	N	N	N	N	N	N	N	N	N	0.0000	0.0000	0.0000	0.0000	0.0000	0.0000	0.0000	0.0000	0.0000	0.0000	0.0000	0.0000	0.0000	0.0001	0.0000	0.0000	0.0000	0.0000	0.0000	0.0000	0.0000	0.0000	inf	0.0000	0.0000	1.9953	4.9449	1.0817	1.0063	0.0000	0.0000	0.0000	0.0000	0.0000	0.0000	0.0000	0.0000	0.0000	0.0000	0.0000	0.0000	0.0000	0.0000	0.0000	0.0000	0.0000	0.0000	0.3752	0.3365	0.0387	0.2072	0.1920	0.0151	0.1681	0.1445	0.0236	0.0318	0.0140	0.0178	0.0030	0.0029	0.0001	0.0288	0.0111	0.0177	0.0000	0.0000	0.0000	0.0000	0.0000	0.0000	0.0000	0.0000	0.0000	0.0000	0.0000	0.0000	0.0000	0.0000	0.0000	0.0000	0.0000	0.0000						
89	148	0.1382	4	0	1	0	0	0	0	0	0	N	N	N	N	N	N	N	N	N	N	N	N	0.0000	0.0000	0.0000	0.0000	0.0000	0.0000	0.0000	0.0000	0.0000	0.0000	0.0000	0.0000	0.0000	0.0000	0.0000	0.0000	0.0014	0.0002	0.0008	0.0003	0.0003	0.0000	0.0006	0.0000	0.0009	61.9238	0.0000	0.0000	1.9953	3.4778	1.0817	1.2917	0.0000	0.0000	0.0000	0.0000	0.0000	0.0000	0.0000	0.0000	0.0000	0.0000	0.0000	0.0000	0.0000	0.0000	0.0000	0.0000	0.0000	0.0000	0.2284	0.2056	0.0228	0.1045	0.0995	0.0051	0.1239	0.1061	0.0178	0.0373	0.0192	0.0181	0.0076	0.0072	0.0004	0.0297	0.0120	0.0177	0.0000	0.0000	0.0000	0.0000	0.0000	0.0000	0.0000	0.0000	0.0000	0.0004	0.0000	0.0008	0.0000	0.0000	0.0000	0.0005	0.0000	0.0009			
89	149	0.0878	3	0	1	0	0	0	0	0	0	N	N	N	N	N	N	N	N	N	N	N	N	0.0000	0.0000	0.0000	0.0000	0.0000	0.0000	0.0000	0.0000	0.0000	0.0000	0.0000	0.0000	0.0000	0.0012	0.0036	0.0000	0.0323	0.0294	0.0000	0.0000	0.0000	0.0000	0.0000	0.0000	-0.0000	1.9953	7.8050	1.0817	4.0035	0.0000	0.0000	0.0000	0.0000	0.0000	0.0000	0.0000	0.0000	0.0000	0.0000	0.0000	0.0000	0.0000	0.0000	0.0000	0.0000	0.0000	0.0000	0.5281	0.4794	0.0487	0.2639	0.2527	0.0112	0.2642	0.2267	0.0375	0.0666	0.0292	0.0373	0.0043	0.0041	0.0002	0.0622	0.0251	0.0371	0.0000	0.0000	0.0000	0.0000	0.0000	0.0000	0.0000	0.0000	0.0000	0.0004	0.0009	0.0000	0.0058	0.0061	0.0000	0.0000	0.0000	0.0000						
89	150	0.2151	5	0	1	0	0	0	0	0	0	N	N	N	N	N	N	N	N	N	N	N	N	0.0396	0.0396	1.1934	0.1976	0.0498	44.5222	0.1130	3.4325	0.0368	0.0000	0.3879	0.0003	0.0001	0.0046	0.0858	0.0000	0.5291	0.9309	0.0008	0.3251	0.0013	0.0011	0.0001	0.7590	0.0000	0.1541	1247.0992	231.6670	0.0092	0.0024	1.9953	3.7255	1.0817	14.1767	0.0125	0.0000	0.0125	0.0000	0.0000	0.0000	0.0124	0.0000	0.0124	0.0051	0.0000	0.0051	0.0000	0.0000	0.0000	0.0051	0.0000	0.0051	0.3384	0.3063	0.0321	0.1936	0.1850	0.0086	0.1448	0.1213	0.0235	0.1219	0.0685	0.0534	0.0400	0.0375	0.0025	0.0820	0.0310	0.0510	0.8769	0.1014	4.0657	0.4622	0.0919	44.5222	1.3785	0.0000	5.2884	0.0420	0.0003	0.0954	0.0006	0.0006	0.0001	0.0622	0.0000	0.1000	
89	151	0.1988	4	0	1	0	0	0	0	0	0	N	N	N	N	N	N	N	N	N	N	N	N	0.4192	0.0486	4.3218	0.0827	0.0857	86.7730	0.8359	0.0024	14.0699	0.6170	0.0737	5.5033	0.1187	0.1228	0.0087	1.2504	0.0001	6.8784	1.4719	1.5158	1.2734	1.4358	1.4329	0.0001	1.4959	0.0263	0.4889	8.3090	2.7416	0.0664	0.0037	1.9953	1.4205	1.0817	4.0377	0.1050	0.0113	0.0937	0.0113	0.0113	0.0000	0.0937	0.0000	0.0937	0.0176	0.0047	0.0129	0.0047	0.0047	0.0000	0.0129	0.0000	0.0129	0.1701	0.1531	0.0170	0.0952	0.0918	0.0034	0.0749	0.0613	0.0136	0.1033	0.0570	0.0463	0.0436	0.0425	0.0010	0.0598	0.0145	0.0452	3.6184	0.8921	19.7323	1.1031	1.1138	86.7730	5.7780	0.0444	24.1085	0.1705	0.0826	0.2789	0.1076	0.1102	0.0001	0.2164	0.0014	0.2853
89	152	0.0878	3	0	1	0	0	0	0	0	0	N	N	N	N	N	N	N	N	N	N	N	N	1.4142	0.0000	20175938.2141	0.0000	0.0000	84.3650	0.0002	26111990.4310	2.0077	0.0001	21.7926	0.0000	0.0000	0.0000	4.0486	0.0002	28.3711	1.4197	2.1602	0.0000	4.9405	4.9113	0.0000	0.0480	1.0293	0.0000	30162.0000	0.0000	0.6676	-0.0077	1.9953	6.4701	1.0817	12.4371	0.9024	0.0000	0.9024	0.0000	0.0000	0.0000	0.9024	0.0000	0.9024	0.0147	0.0147	0.0000	0.0142	0.0142	0.0000	0.0006	0.0006	0.0000	0.4495	0.4081	0.0414	0.2266	0.2170	0.0096	0.2229	0.1911	0.0318	0.0996	0.0441	0.0555	0.0066	0.0063	0.0003	0.0929	0.0378	0.0551	13.5893	0.0002	20175938.2141	0.0000	0.0000	0.0000	683.8340	0.0108	26111990.4310	0.1477	0.3335	0.0000	2.1322	2.2424	0.0000	0.0059	0.0146	0.0000	
90	91	0.1295	4	0	1	1	0	0	0	0	0	N	N	N	N	N	N	N	N	N	N	N	N	0.0000	0.0000	0.0000	0.0000	0.0000	0.0000	0.0000	0.0000	0.0000	0.0000	0.0000	0.0000	0.0000	0.0000	0.0000	0.0000	0.0000	0.0000	0.0000	0.0000	2.3999	0.0000	4.0713	0.0000	0.0000	0.0000	0.0000	0.0000	0.0000	0.0000	0.0000	0.0000	0.0000	0.0000	0.0000	0.0000	0.0000	0.0000	0.0000	0.0000	0.0000	0.0000	0.0000	0.0000	0.0000	0.0000	0.0000	0.0000	0.0000	0.0000	0.0000	0.0000	0.0000	0.0000	0.0000	0.0000	0.0000	0.0000	0.0000	0.0000	0.0000	0.0000	0.0000	0.0000	0.0000	0.0000	0.0000	0.0000	0.0000	0.0000	0.0000	0.0000	0.0000	0.0000	0.0000	0.0000	0.0000	0.0000											
90	92	0.0974	3	0	1	1	0	0	0	0	0	N	N	N	N	N	N	N	N	N	N	N	N	inf	inf	inf	inf	inf	inf	0.0004	0.0004	0.0003	0.0008	0.0008	0.0010	0.0000	0.0000	0.0000	0.0000	0.0000	0.0000	0.0000	0.0000	0.0000	0.0000	0.0000	0.0000	0.0870	-0.0000	0.0000	2.3999	3.7221	4.0713	2.9993	0.0001	0.0001	0.0000	0.0001	0.0001	0.0000	0.0000	0.0000	0.0000	0.0000	0.0000	0.0000	0.0000	0.0000	0.0000	0.0000	0.0000	0.0000	0.2983	0.2685	0.0297	0.1530	0.1430	0.0100	0.1453	0.1255	0.0197	0.0769	0.0366	0.0404	0.0049	0.0048	0.0001	0.0721	0.0318	0.0403	inf	inf	inf	inf	inf	inf	0.0000	0.0000	0.0000	0.0000	0.0000	0.0000	0.0000	0.0000	0.0000	0.0000	0.0000	0.0000				
90	93	0.0672	2	0	1	0	0	0	0	0	0	N	N	N	N	N	N	N	N	N	N	N	N	1.5631	1.0001	5.7272	inf	inf	inf	0.0000	0.0000	0.0000	0.0003	0.0003	0.0003	0.0006	0.0006	0.0011	0.0000	0.0000	0.0000	0.0002	0.0003	0.0001	0.0000	0.0000	0.0000	0.0001	0.0020	0.0001	0.1250	1.6659	-0.0000	0.0000	2.3999	2.7217	4.0713	3.0458	0.0001	0.0001	0.0000	0.0001	0.0001	0.0000	0.0000	0.0000	0.0000	0.0000	0.0000	0.0000	0.0000	0.0000	0.0000	0.0000	0.0000	0.0000	0.2187	0.1972	0.0215	0.1117	0.1048	0.0068	0.1070	0.0924	0.0146	0.0656	0.0272	0.0384	0.0005	0.0005	0.0000	0.0650	0.0267	0.0383	5.4046	5.8934	5.7272	inf	inf	inf	0.0000	0.0000	0.0000	0.0001	0.0000	0.0001	0.0000	0.0000	0.0000	0.0001	0.0001	0.0001
90	94	0.0422	2	1	2	0	0	0	0	0	0	N	Y	N	N	N	N	N	N	N	N	N	N	4.8583	2.6231	1.6177	2.4715	2.4990	211.9079	23.0469	1.5027	0.9242	1.5620	1.7389	0.0004	6.6237	6.9031	0.0020	0.0562	0.0638	0.0002	0.3215	0.6629	0.0002	2.6801	2.7624	0.0000	0.0024	0.0425	0.0002	0.0000	0.0189	-0.2026	-0.0005	2.3999	5.9980	4.0713	4.9575	0.7786	0.7786	0.0000	0.7570	0.7570	0.0000	0.0216	0.0216	0.0000	0.0011	0.0011	0.0000	0.0009	0.0009	0.0000	0.0002	0.0001	0.0000	0.4985	0.4478	0.0507	0.1143	0.1097	0.0046	0.3842	0.3381	0.0461	0.1574	0.0742	0.0831	0.0022	0.0021	0.0001	0.1552	0.0721	0.0830	227.7183	121.8333	1.6177	16.0404	15.9399	211.9079	54.4993	32.8766	0.9242	0.0069	0.0143	0.0002	0.4129	0.4331	0.0000	0.0010	0.0019	0.0002
90	95	0.6457	6	1	2	0	0	0	0	0	0	N	Y	N	N	N	N	N	N	N	N	N	N	0.0000	0.0000	0.0000	0.0000	0.0000	0.0000	0.0000	0.0000	0.0000	0.0000	0.0000	0.0000	0.0000	0.0000	0.0000	0.0000	0.0000	0.0000	0.0000	0.0000	2.3999	0.0000	4.0713	2.0000	0.0000	0.0000	0.0000	0.0000	0.0000	0.0000	0.0000	0.0000	0.0000	0.0000	0.0000	0.0000	0.0000	0.0000	0.0000	0.0000	0.0000	0.0000	0.0000	0.0000	0.0000	0.0000	0.0000	0.0000	0.0000	0.0000	0.0000	0.0175	0.0108	0.0068	0.0098	0.0085	0.0014	0.0077	0.0023	0.0054	0.0000	0.0000	0.0000	0.0000	0.0000	0.0000	0.0000	0.0000	0.0000	0.0000	0.0000	0.0000	0.0000	0.0000	0.0000	0.0000	0.0000	0.0000											
90	96	0.6233	5	0	2	0	0	0	0	0	0	N	Y	N	N	N	N	N	N	N	N	N	N	inf	inf	inf	inf	inf	inf	0.0001	0.0002	0.0000	0.0001	0.0001	0.0000	0.0004	0.0005	0.0000	0.0000	0.0000	0.0000	0.0000	0.0000	0.0000	0.0000	0.0000	0.0000	0.0000	-0.0000	0.0000	2.3999	4.0000	4.0713	0.0000	0.0000	0.0000	0.0000	0.0000	0.0000	0.0000	0.0000	0.0000	0.0000	0.0000	0.0000	0.0000	0.0000	0.0000	0.0000	0.0000	0.0000	0.0000	0.2136	0.1964	0.0171	0.1633	0.1534	0.0099	0.0503	0.0430	0.0072	0.0166	0.0093	0.0073	0.0082	0.0070	0.0012	0.0084	0.0023	0.0061	inf	inf	0.0000	inf	inf	0.0000	inf	inf	0.0000	0.0000	0.0000	0.0000	0.0000	0.0000	0.0000	0.0000	0.0000	0.0000				
90	97	0.0672	2	0	1	0	0	0	0	0	0	N	N	N	N	N	N	N	N	N	N	N	N	11.2506	6.6603	22.4093	0.0032	0.0035	126.3273	9.9619	32.6570	2.5786	2.8538	0.0691	0.0014	0.0015	0.0000	5.1803	5.9810	0.1008	0.2292	0.4285	0.0031	0.4390	0.4316	0.0000	0.0410	0.6004	0.0031	0.0027	0.4848	-0.2060	-0.0001	2.3999	3.9994	4.0713	4.0000	0.8000	0.7979	0.0021	0.0002	0.0002	0.0000	0.7998	0.7977	0.0021	0.0005	0.0003	0.0002	0.0000	0.0000	0.0000	0.0005	0.0003	0.0002	0.3103	0.2796	0.0307	0.1559	0.1462	0.0096	0.1544	0.1334	0.0210	0.0889	0.0370	0.0519	0.0007	0.0007	0.0000	0.0881	0.0363	0.0518	467.6654	320.0115	22.4093	0.0525	0.0533	0.0000	971.2770	700.2489	32.6570	0.0055	0.0089	0.0031	0.0268	0.0281	0.0000	0.0053	0.0085	0.0031	
90	98	0.6233	5	0	1	0	0	0	0	0	0	N	N	N	N	N	N	N	N	N	N	N	N	inf	inf	inf	inf	inf	inf	7.6117	8.2722	0.0060	9.8257	10.4623	0.0101	0.0000	0.0000	0.0000	0.0000	0.0000	0.0000	0.0000	0.0000	0.0000	0.0000	0.0000	0.0000	0.0001	-0.2077	0.0000	2.3999	1.0000	4.0713	0.0000	0.7985	0.7984	0.0001	0.7985	0.7984	0.0001	0.0000	0.0000	0.0000	0.0000	0.0000	0.0000	0.0000	0.0000	0.0000	0.0000	0.0000	0.0000	0.1049	0.0965	0.0084	0.0813	0.0763	0.0049	0.0236	0.0202	0.0034	0.0078	0.0044	0.0034	0.0039	0.0033	0.0006	0.0039	0.0011	0.0029	inf	inf	inf	inf	inf	inf	0.0000	0.0000	0.0000	0.0000	0.0000	0.0000	0.0000	0.0000	0.0000	0.0000	0.0000	0.0000				
90	99	0.1782	3	0	1	0	0	0	0	0	0	N	N	N	N	N	N	N	N	N	N	N	N	0.0068	0.0901	0.0027	0.8967	0.9811	0.1088	0.0020	0.0043	0.0113	0.0117	0.0115	0.0126	0.0179	0.0189	0.0001	0.0038	0.0011	0.0173	1.7256	0.1281	4.5939	0.0200	0.0192	0.0007	1.9155	0.2513	1.5335	0.1272	120.9109	-0.0003	0.0283	2.3999	1.5982	4.0713	11.1970	0.0023	0.0021	0.0003	0.0020	0.0020	0.0000	0.0003	0.0001	0.0003	0.0601	0.0005	0.0596	0.0002	0.0002	0.0000	0.0599	0.0002	0.0596	0.1993	0.1785	0.0208	0.1105	0.1049	0.0057	0.0887	0.0736	0.0151	0.1871	0.1002	0.0869	0.0526	0.0493	0.0033	0.1345	0.0509	0.0835	0.0363	2.3449	0.0184	3.8226	3.8032	0.1289	0.0086	0.2223	0.0242	0.3214	0.0049	0.6865	0.0047	0.0050	0.0006	0.4454	0.0049	0.7140
90	100	0.0437	3	1	2	1	0	0	0	0	0	N	Y	N	N	N	N	N	N	N	N	N	N	0.0000	0.0000	0.0000	0.0000	0.0000	0.0000	0.0000	0.0000	0.0000	0.0000	0.0000	0.0000	0.0000	0.0000	0.0000	59.0790	124.5862	0.0000	0.0002	0.0002	0.0000	60.0384	128.7642	0.0000	0.0000	0.0000	-0.5206	2.3999	0.0000	4.0713	0.9982	0.0000	0.0000	0.0000	0.0000	0.0000	0.0000	0.0000	0.0000	0.0000	0.9975	0.9975	0.0000	0.0000	0.0000	0.0000	0.9975	0.9975	0.0000	0.0202	0.0195	0.0006	0.0145	0.0144	0.0001	0.0056	0.0052	0.0005	0.0169	0.0080	0.0089	0.0003	0.0003	0.0000	0.0166	0.0077	0.0089	0.0000	0.0000	0.0000	0.0000	0.0000	0.0000	0.0000	0.0000	0.0000	59.0790	124.5862	0.0000	0.0000	0.0000	0.0000	60.0384	128.7642	0.0000				
90	101	0.6581	8	1	2	1	0	0	0	0	0	N	Y	N	N	N	N	N	N	N	N	N	N	0.0000	0.0000	0.0000	0.0000	0.0000	0.0000	0.0000	0.0000	0.0000	0.0000	0.0000	0.0000	0.0000	0.0000	0.0000	0.0000	0.0000	0.0000	0.0000	0.0000	2.3999	0.0000	4.0713	0.0000	0.0000	0.0000	0.0000	0.0000	0.0000	0.0000	0.0000	0.0000	0.0000	0.0000	0.0000	0.0000	0.0000	0.0000	0.0000	0.0000	0.0000	0.0000	0.0000	0.0000	0.0000	0.0000	0.0000	0.0000	0.0000	0.0000	0.0000	0.0000	0.0000	0.0000	0.0000	0.0000	0.0000	0.0000	0.0000	0.0000	0.0000	0.0000	0.0000	0.0000	0.0000	0.0000	0.0000	0.0000	0.0000	0.0000	0.0000	0.0000	0.0000	0.0000	0.0000	0.0000	0.0000	0.0000											
90	102	0.6581	7	1	1	1	0	0	0	0	0	N	N	N	N	N	N	N	N	N	N	N	N	0.0000	0.0000	0.0000	0.0000	0.0000	0.0000	0.0000	0.0000	0.0000	0.0000	0.0000	0.0000	0.0000	0.0000	0.0000	0.0000	0.0000	0.0000	0.0000	0.0000	2.3999	0.0000	4.0713	0.0000	0.0000	0.0000	0.0000	0.0000	0.0000	0.0000	0.0000	0.0000	0.0000	0.0000	0.0000	0.0000	0.0000	0.0000	0.0000	0.0000	0.0000	0.0000	0.0000	0.0000	0.0000	0.0000	0.0000	0.0000	0.0000	0.0000	0.0000	0.0000	0.0000	0.0000	0.0000	0.0000	0.0000	0.0000	0.0000	0.0000	0.0000	0.0000	0.0000	0.0000	0.0000	0.0000	0.0000	0.0000	0.0000	0.0000	0.0000	0.0000	0.0000	0.0000	0.0000	0.0000	0.0000	0.0000											
90	103	0.6520	6	1	1	1	0	0	0	0	0	N	N	N	N	N	N	N	N	N	N	N	N	0.0000	0.0000	0.0000	0.0000	0.0000	0.0000	0.0000	0.0000	0.0000	0.0000	0.0000	0.0000	0.0000	0.0000	0.0000	0.0000	0.0000	0.0000	0.0000	0.0000	2.3999	0.0000	4.0713	1.0091	0.0000	0.0000	0.0000	0.0000	0.0000	0.0000	0.0000	0.0000	0.0000	0.0000	0.0000	0.0000	0.0000	0.0000	0.0000	0.0000	0.0000	0.0000	0.0000	0.0000	0.0000	0.0000	0.0000	0.0000	0.0000	0.0000	0.0000	0.0090	0.0055	0.0034	0.0050	0.0043	0.0007	0.0039	0.0012	0.0027	0.0000	0.0000	0.0000	0.0000	0.0000	0.0000	0.0000	0.0000	0.0000	0.0000	0.0000	0.0000	0.0000	0.0000	0.0000	0.0000	0.0000	0.0000											
90	104	0.0672	2	0	2	0	0	0	0	0	0	N	Y	N	N	N	N	N	N	N	N	N	N	8115.4760	3316.7251	inf	10.0210	11.1525	inf	inf	inf	inf	2.8510	3.1650	0.0398	2.9782	3.1788	0.0071	2.7344	3.1513	0.0538	0.0004	0.0010	0.0000	0.2972	0.2850	0.0000	0.0000	0.0000	0.0000	0.0014	0.0000	-0.4137	-0.0000	2.3999	7.9994	4.0713	4.0001	1.5987	1.5965	0.0022	0.7989	0.7987	0.0001	0.7998	0.7977	0.0021	0.0000	0.0000	0.0000	0.0000	0.0000	0.0000	0.0000	0.0000	0.0000	0.5608	0.5044	0.0563	0.2682	0.2513	0.0170	0.2925	0.2531	0.0394	0.1280	0.0536	0.0744	0.0011	0.0010	0.0001	0.1269	0.0526	0.0743	18241.2431	8481.4302	inf	161.7458	164.2323	inf	inf	inf	inf	0.0002	0.0004	0.0000	0.0184	0.0194	0.0000	0.0000	0.0000	0.0000
90	105	0.0472	4	1	1	1	0	0	0	0	0	N	N	N	N	N	N	N	N	N	N	N	N	0.0000	0.0000	0.0002	0.0000	0.0000	inf	0.0000	0.0000	0.0000	0.0000	0.0000	0.0000	0.0000	0.0000	0.0000	0.0000	0.0000	0.0029	0.0023	0.0006	0.4168	0.3942	0.0000	0.0003	0.0000	0.0006	inf	1.0017	0.0000	-0.0000	2.3999	1.0000	4.0713	1.0005	0.0000	0.0000	0.0000	0.0000	0.0000	0.0000	0.0000	0.0000	0.0000	0.0000	0.0000	0.0000	0.0000	0.0000	0.0000	0.0000	0.0000	0.0000	0.0951	0.0852	0.0099	0.0209	0.0201	0.0008	0.0742	0.0650	0.0092	0.0330	0.0156	0.0174	0.0004	0.0004	0.0000	0.0326	0.0152	0.0174	0.0000	0.0000	0.0002	0.0000	0.0000	inf	0.0000	0.0000	0.0000	0.0006	0.0006	0.0006	0.0247	0.0260	0.0000	0.0003	0.0000	0.0006	
90	106	0.0437	3	1	1	1	0	0	0	0	0	N	N	N	N	N	N	N	N	N	N	N	N	0.2483	0.1831	0.0636	0.0661	0.0655	inf	209.7684	1511.4577	0.0337	0.3487	0.3831	0.0001	0.5500	0.5646	0.0005	0.2520	0.2865	0.0000	1.4043	2.0922	0.0015	8.3195	8.6133	0.0000	0.0012	0.0002	0.0015	0.0000	0.0053	-0.0081	-0.0010	2.3999	0.7249	4.0713	0.0368	0.0310	0.0310	0.0000	0.0159	0.0159	0.0000	0.0151	0.0151	0.0000	0.0019	0.0019	0.0000	0.0019	0.0019	0.0000	0.0000	0.0000	0.0000	0.0888	0.0809	0.0080	0.0288	0.0281	0.0007	0.0600	0.0528	0.0072	0.0130	0.0062	0.0068	0.0002	0.0002	0.0000	0.0127	0.0059	0.0068	2.4074	1.2621	0.0636	0.0661	0.0655	inf	321.6769	630332.7201	0.0337	0.1449	0.3035	0.0015	8.3195	8.6133	0.0000	0.0008	0.0000	0.0015
90	107	0.0422	2	1	1	1	0	0	0	0	0	N	N	N	N	N	N	N	N	N	N	N	N	0.6632	0.4906	83.0024	0.3863	0.4009	inf	0.3763	0.1652	5.1825	1.1300	1.2184	0.0020	1.9308	1.9719	0.0156	0.5624	0.6314	0.0001	1.7038	2.4837	0.0000	4.9984	4.9185	0.0000	1.4948	3.8223	0.0000	0.0001	0.0000	-0.0189	-0.0015	2.3999	0.4159	4.0713	0.0887	0.0729	0.0728	0.0000	0.0516	0.0516	0.0000	0.0212	0.0212	0.0000	0.0028	0.0028	0.0000	0.0009	0.0009	0.0000	0.0019	0.0019	0.0000	0.0645	0.0598	0.0047	0.0267	0.0262	0.0006	0.0377	0.0336	0.0041	0.0091	0.0044	0.0047	0.0004	0.0004	0.0000	0.0087	0.0040	0.0047	3.7098	1.9412	83.0024	0.8542	0.8607	inf	2.6317	1.3651	5.1825	0.3046	0.6276	0.0000	2.2604	2.2909	0.0000	0.2137	0.4626	0.0000
90	109	0.6520	6	1	1	1	0	0	0	0	0	N	N	N	N	N	N	N	N	N	N	N	N	0.0000	0.0000	0.0000	0.0000	0.0000	0.0000	0.0000	0.0000	0.0000	0.0000	0.0000	0.0000	0.0000	0.0000	0.0000	0.0000	0.0000	0.0000	0.0000	0.0000	2.3999	0.0000	4.0713	0.9909	0.0000	0.0000	0.0000	0.0000	0.0000	0.0000	0.0000	0.0000	0.0000	0.0000	0.0000	0.0000	0.0000	0.0000	0.0000	0.0000	0.0000	0.0000	0.0000	0.0000	0.0000	0.0000	0.0000	0.0000	0.0000	0.0000	0.0000	0.0088	0.0054	0.0034	0.0050	0.0043	0.0007	0.0039	0.0012	0.0027	0.0000	0.0000	0.0000	0.0000	0.0000	0.0000	0.0000	0.0000	0.0000	0.0000	0.0000	0.0000	0.0000	0.0000	0.0000	0.0000	0.0000	0.0000											
90	110	0.6233	5	1	1	1	0	0	0	0	0	N	N	N	N	N	N	N	N	N	N	N	N	inf	inf	inf	inf	inf	inf	inf	inf	0.0006	0.0006	0.0006	0.0006	0.0006	0.0010	0.0004	0.0005	0.0000	0.0000	0.0000	0.0000	0.0000	0.0000	0.0000	0.0000	0.0000	0.0000	0.0909	-0.0000	0.0000	2.3999	4.0000	4.0713	0.0000	0.0001	0.0001	0.0000	0.0001	0.0001	0.0000	0.0000	0.0000	0.0000	0.0000	0.0000	0.0000	0.0000	0.0000	0.0000	0.0000	0.0000	0.0000	0.2136	0.1964	0.0171	0.1633	0.1534	0.0099	0.0503	0.0430	0.0072	0.0166	0.0093	0.0073	0.0082	0.0070	0.0012	0.0084	0.0023	0.0061	inf	inf	inf	inf	inf	inf	inf	inf	0.0000	0.0000	0.0000	0.0000	0.0000	0.0000	0.0000	0.0000	0.0000	0.0000		
90	112	0.1131	3	0	1	1	0	0	0	0	0	N	N	N	N	N	N	N	N	N	N	N	N	0.0000	0.0000	0.0000	0.0000	0.0000	0.0000	0.0000	0.0000	0.0000	0.0000	0.0000	0.0000	0.0000	0.0000	0.0000	0.0000	0.0000	0.0000	0.0000	0.0000	2.3999	0.0000	4.0713	0.0001	0.0000	0.0000	0.0000	0.0000	0.0000	0.0000	0.0000	0.0000	0.0000	0.0000	0.0000	0.0000	0.0000	0.0000	0.0000	0.0000	0.0000	0.0000	0.0000	0.0000	0.0000	0.0000	0.0000	0.0000	0.0000	0.0000	0.0000	0.0000	0.0000	0.0000	0.0000	0.0000	0.0000	0.0000	0.0000	0.0000	0.0000	0.0000	0.0000	0.0000	0.0000	0.0000	0.0000	0.0000	0.0000	0.0000	0.0000	0.0000	0.0000	0.0000	0.0000	0.0000	0.0000	0.0000											
90	113	0.0672	2	0	1	1	0	0	0	0	0	N	N	N	N	N	N	N	N	N	N	N	N	inf	inf	inf	inf	inf	inf	0.0003	0.0003	0.0000	0.0004	0.0004	0.0000	0.0001	0.0001	0.0000	0.0000	0.0000	0.0000	0.0000	0.0000	0.0000	0.0000	0.0000	0.0000	0.0000	-0.0000	0.0000	2.3999	4.0004	4.0713	4.9999	0.0001	0.0001	0.0000	0.0001	0.0001	0.0000	0.0000	0.0000	0.0000	0.0000	0.0000	0.0000	0.0000	0.0000	0.0000	0.0000	0.0000	0.0000	0.3103	0.2797	0.0307	0.1559	0.1463	0.0096	0.1544	0.1334	0.0210	0.0990	0.0413	0.0577	0.0008	0.0008	0.0000	0.0981	0.0405	0.0577	inf	inf	0.0000	inf	inf	0.0000	inf	inf	0.0000	0.0000	0.0000	0.0000	0.0000	0.0000	0.0000	0.0000	0.0000	0.0000				
90	114	0.6560	6	0	2	0	0	0	0	0	0	N	Y	N	N	N	N	N	N	N	N	N	N	1386.0213	1952.5922	21.8655	0.0452	0.0519	147.4652	12485.8454	10527.6756	26.6961	2.2441	2.4650	0.0096	0.0001	0.0001	0.0001	5.5468	6.4683	0.0150	0.0016	0.0013	0.0004	0.0011	0.0010	0.0000	0.0004	0.0006	0.0006	0.0004	0.5287	-0.2068	-0.0000	2.3999	4.3361	4.0713	4.6323	0.7961	0.7958	0.0003	0.0000	0.0000	0.0000	0.7961	0.7958	0.0003	0.0000	0.0000	0.0000	0.0000	0.0000	0.0000	0.0000	0.0000	0.0000	0.3548	0.3228	0.0319	0.2112	0.1998	0.0114	0.1435	0.1230	0.0205	0.0701	0.0458	0.0243	0.0426	0.0374	0.0052	0.0275	0.0084	0.0191	5086.7741	5580.9683	21.8655	0.1080	0.0948	147.4652	14197.4112	1263799.5431	26.6961	0.0004	0.0004	0.0004	0.0005	0.0005	0.0000	0.0004	0.0000	0.0006
90	115	0.6233	5	0	1	0	0	0	0	0	0	N	N	N	N	N	N	N	N	N	N	N	N	0.1160	0.0544	7.1470	1.5365	1.7778	inf	0.3319	0.0107	0.5667	0.0031	0.0034	0.0003	0.0010	0.0010	0.0005	0.0103	0.0121	0.0000	0.0269	0.0619	0.0000	0.0007	0.0006	0.0000	0.0312	1.1290	0.0001	0.0082	0.0089	-0.0001	-0.0000	2.3999	1.9840	4.0713	0.2610	0.0004	0.0003	0.0000	0.0001	0.0001	0.0000	0.0003	0.0003	0.0000	0.0000	0.0000	0.0000	0.0000	0.0000	0.0000	0.0000	0.0000	0.0000	0.1124	0.1034	0.0090	0.0870	0.0817	0.0053	0.0254	0.0217	0.0037	0.0095	0.0053	0.0042	0.0047	0.0040	0.0007	0.0048	0.0013	0.0035	1.4048	0.8548	7.1470	5.9966	5.2866	inf	2.4364	0.7749	0.5667	0.0022	0.0039	0.0000	0.0002	0.0002	0.0000	0.0042	0.0156	0.0001
90	116	0.0672	2	0	2	0	1	0	0	0	0	N	Y	N	N	N	N	N	N	N	N	N	N	1.8833	inf	2.4303	inf	inf	inf	1.7492	inf	0.0000	4.2315	2.3546	21.2599	4.2625	0.0078	68.3969	4.2010	4.8609	0.0000	2.2469	0.0000	8.7478	0.0000	0.0000	0.0000	2.4017	0.0000	5.0238	0.9952	inf	0.3814	0.0351	2.3999	5.0006	4.0713	2.0000	1.5986	0.8012	0.7974	0.7988	0.0014	0.7974	0.7998	0.7998	0.0000	0.0734	0.0000	0.0734	0.0000	0.0000	0.0000	0.0734	0.0000	0.0734	0.3778	0.3403	0.0375	0.1874	0.1757	0.0117	0.1904	0.1645	0.0258	0.0786	0.0327	0.0459	0.0007	0.0006	0.0000	0.0779	0.0320	0.0459	4.5327	inf	13.3046	inf	inf	inf	4.4623	inf	0.0000	0.9336	0.0000	1.5979	0.0000	0.0000	0.0000	0.9414	0.0000	1.5990
90	117	0.6233	5	0	2	0	1	0	0	0	0	N	Y	N	N	N	N	N	N	N	N	N	N	0.0000	0.0000	0.0000	0.0000	0.0000	0.0000	0.0000	0.0000	0.0000	0.0000	0.0000	0.0000	0.0000	0.0000	0.0000	0.0000	0.0000	0.0000	0.0000	0.0000	2.3999	0.0000	4.0713	1.0000	0.0000	0.0000	0.0000	0.0000	0.0000	0.0000	0.0000	0.0000	0.0000	0.0000	0.0000	0.0000	0.0000	0.0000	0.0000	0.0000	0.0000	0.0000	0.0000	0.0000	0.0000	0.0000	0.0000	0.0000	0.0000	0.0000	0.0000	0.0059	0.0033	0.0026	0.0029	0.0025	0.0004	0.0030	0.0008	0.0022	0.0000	0.0000	0.0000	0.0000	0.0000	0.0000	0.0000	0.0000	0.0000	0.0000	0.0000	0.0000	0.0000	0.0000	0.0000	0.0000	0.0000	0.0000											
90	118	0.0672	2	0	2	0	0	0	0	0	0	N	Y	N	N	N	N	N	N	N	N	N	N	0.0121	0.0079	0.2355	inf	inf	0.0114	0.0009	0.3254	0.0003	0.0003	0.0003	0.0005	0.0006	0.0000	0.0001	0.0001	0.0004	0.0243	0.0375	0.0013	0.0000	0.0000	0.0000	0.0111	0.0945	0.0013	0.1154	0.5161	-0.0000	-0.0001	2.3999	16.9994	4.0713	6.0000	0.0003	0.0003	0.0000	0.0002	0.0002	0.0000	0.0001	0.0000	0.0000	0.0005	0.0003	0.0002	0.0000	0.0000	0.0000	0.0005	0.0003	0.0002	0.9833	0.8824	0.1008	0.4278	0.3999	0.0279	0.5555	0.4826	0.0729	0.2202	0.0935	0.1266	0.0019	0.0018	0.0001	0.2182	0.0917	0.1265	0.1382	0.0889	0.2355	inf	inf	0.0000	0.0585	0.0245	0.3254	0.0021	0.0033	0.0013	0.0000	0.0000	0.0000	0.0022	0.0034	0.0013	
90	119	0.6233	5	0	2	0	0	0	0	0	0	N	Y	N	N	N	N	N	N	N	N	N	N	0.0004	0.0003	0.0085	0.5572	0.4170	260.9552	0.0000	0.0000	0.0000	0.0003	0.0003	0.0014	0.0005	0.0003	0.0025	0.0000	0.0000	0.0000	0.8682	0.7307	0.1684	0.0008	0.0008	0.0000	0.7900	2.2354	0.1009	0.5000	2.6359	0.0000	0.0003	2.3999	5.0000	4.0713	6.0000	0.0001	0.0001	0.0000	0.0001	0.0001	0.0000	0.0000	0.0000	0.0000	0.0015	0.0004	0.0011	0.0000	0.0000	0.0000	0.0015	0.0004	0.0011	0.2596	0.2387	0.0209	0.1973	0.1853	0.0119	0.0623	0.0534	0.0089	0.0430	0.0241	0.0189	0.0213	0.0182	0.0031	0.0217	0.0059	0.0158	0.0101	0.0149	0.0254	1.6246	0.9892	260.9552	0.0000	0.0000	0.0000	0.0343	0.0169	0.0566	0.0003	0.0003	0.0000	0.0678	0.0681	0.0677
90	120	0.6514	6	0	2	0	0	0	0	0	0	N	Y	N	N	N	N	N	N	N	N	N	N	0.0017	0.0019	0.0000	0.2349	0.2620	0.0000	0.0000	0.0000	0.0000	0.0020	0.0022	0.0000	0.0026	0.0028	0.0000	0.0000	0.0000	0.0000	1.1976	1.1470	0.5109	0.0111	0.0107	0.0011	1.3717	3.3067	0.2813	0.0000	2.3337	-0.0000	0.0002	2.3999	0.9998	4.0713	0.9486	0.0001	0.0001	0.0000	0.0001	0.0001	0.0000	0.0000	0.0000	0.0000	0.0013	0.0004	0.0009	0.0000	0.0000	0.0000	0.0013	0.0004	0.0009	0.0559	0.0513	0.0046	0.0432	0.0404	0.0028	0.0127	0.0109	0.0019	0.0163	0.0094	0.0069	0.0091	0.0079	0.0011	0.0073	0.0015	0.0058	0.0251	0.0527	0.0000	0.8474	0.8235	0.0000	0.0000	0.0000	0.0000	0.0803	0.0418	0.1329	0.0031	0.0034	0.0009	0.1767	0.2463	0.1587
90	121	0.6233	5	0	2	0	0	0	0	0	0	N	Y	N	N	N	N	N	N	N	N	N	N	0.0012	0.0049	0.0366	0.0697	0.0876	0.0010	0.0063	0.0006	0.1113	0.0002	0.0002	0.0004	0.0001	0.0001	0.0000	0.0006	0.0006	0.0008	0.1681	0.0371	0.0096	0.0007	0.0006	0.0002	0.1023	0.9509	0.0073	0.1702	1.4787	-0.0000	0.0000	2.3999	3.0005	4.0713	1.1085	0.0001	0.0000	0.0000	0.0000	0.0000	0.0000	0.0000	0.0000	0.0000	0.0001	0.0001	0.0001	0.0000	0.0000	0.0000	0.0001	0.0001	0.0001	0.2831	0.2603	0.0228	0.2145	0.2015	0.0130	0.0686	0.0588	0.0098	0.0305	0.0171	0.0134	0.0151	0.0129	0.0022	0.0154	0.0042	0.0112	0.0428	0.0552	0.0570	0.2242	0.2398	0.0010	0.0728	0.0479	0.1113	0.0046	0.0033	0.0062	0.0002	0.0002	0.0002	0.0088	0.0128	0.0073
90	124	0.6569	6	0	2	0	0	0	0	0	0	N	Y	N	N	N	N	N	N	N	N	N	N	1.3432	19141.4677	0.0398	0.4075	10.5834	0.0010	5.4605	64188.1309	0.2412	1.8151	1.9733	0.0581	0.0012	0.0012	0.0000	8.9900	10.4629	0.1661	1.3514	0.0001	1.4576	0.0028	0.0001	0.0125	1.6464	0.0002	0.6886	0.0026	134747.8288	-0.2045	0.0033	2.3999	3.9006	4.0713	3.1543	0.7939	0.7918	0.0021	0.0004	0.0004	0.0000	0.7935	0.7914	0.0021	0.0070	0.0000	0.0070	0.0000	0.0000	0.0000	0.0070	0.0000	0.0070	0.4374	0.4012	0.0361	0.3491	0.3256	0.0235	0.0883	0.0756	0.0126	0.0529	0.0311	0.0217	0.0277	0.0237	0.0040	0.0251	0.0074	0.0177	13.7469	1186370.1105	0.1807	1.0648	588.5186	0.0017	32.4907	38765067.4369	0.4232	0.1320	0.0000	0.3213	0.0011	0.0000	0.0075	0.2767	0.0000	0.3925
90	125	0.6233	5	0	2	0	0	0	0	0	0	N	Y	N	N	N	N	N	N	N	N	N	N	0.1275	257.2320	0.0008	0.0232	0.0260	1.2526	0.2777	41.6235	0.0015	4.6961	5.0996	0.0642	0.0000	0.0000	0.0000	20.2987	23.6987	0.1540	36.8275	0.0198	83.6528	0.0009	0.0008	0.0000	73.0835	0.5694	100.1505	0.0011	28376.8960	-0.2080	0.4744	2.3999	1.6924	4.0713	1.9110	0.8026	0.8018	0.0009	0.0000	0.0000	0.0000	0.8026	0.8017	0.0009	0.9924	0.0000	0.9924	0.0000	0.0000	0.0000	0.9924	0.0000	0.9924	0.1709	0.1572	0.0137	0.1314	0.1234	0.0080	0.0395	0.0338	0.0057	0.0269	0.0151	0.0119	0.0134	0.0114	0.0020	0.0136	0.0037	0.0099	0.1275	2199.6484	0.0008	0.0619	0.0559	1.2526	0.2777	2847.7945	0.0015	36.8275	0.0023	83.6528	0.0003	0.0004	0.0000	73.0835	0.0083	100.1505
90	126	0.0672	2	0	2	0	0	0	0	0	0	N	Y	N	N	N	N	N	N	N	N	N	N	0.0000	0.0000	0.0000	0.0000	0.0000	0.0000	0.0000	0.0000	0.0000	0.0000	0.0000	0.0000	0.0000	0.0000	0.0000	0.0000	0.0000	0.2417	0.4347	0.0033	0.3962	0.3902	0.0000	0.0435	0.6286	0.0033	0.5135	0.0000	-0.0001	2.3999	0.9996	4.0713	8.0005	0.0000	0.0000	0.0000	0.0000	0.0000	0.0000	0.0000	0.0000	0.0000	0.0006	0.0004	0.0002	0.0000	0.0000	0.0000	0.0005	0.0004	0.0002	0.0844	0.0762	0.0082	0.0441	0.0415	0.0027	0.0403	0.0347	0.0055	0.0990	0.0413	0.0577	0.0008	0.0008	0.0000	0.0981	0.0405	0.0577	0.0000	0.0000	0.0000	0.0000	0.0000	0.0000	0.0000	0.0000	0.0000	0.0057	0.0090	0.0033	0.0240	0.0252	0.0000	0.0055	0.0086	0.0033		
90	127	0.1946	4	0	1	0	0	0	0	0	0	N	N	N	N	N	N	N	N	N	N	N	N	2.6365	1.8897	13.7570	0.0009	0.0009	1.2712	4188.6552	399.9027	19.7660	2.2299	2.4834	0.0100	0.0013	0.0014	0.0000	5.1199	6.0647	0.0150	0.8458	1.3141	0.0007	1.5216	1.5670	0.0000	0.0012	0.0152	0.0008	0.0005	0.0101	-0.2068	-0.0031	2.3999	3.6536	4.0713	12.3970	0.7962	0.7959	0.0004	0.0003	0.0003	0.0000	0.7960	0.7956	0.0004	0.0061	0.0060	0.0001	0.0060	0.0060	0.0000	0.0001	0.0000	0.0001	0.3571	0.3205	0.0366	0.2016	0.1893	0.0123	0.1555	0.1312	0.0243	0.1924	0.1080	0.0843	0.0526	0.0486	0.0040	0.1398	0.0594	0.0804	70.6053	44.6123	13.7570	0.0119	0.0117	1.2712	6467.9452	7254.4784	19.7660	0.0316	0.0557	0.0007	0.1135	0.1227	0.0000	0.0008	0.0008	0.0008
90	128	0.3730	4	0	1	0	0	0	0	0	0	N	N	N	N	N	N	N	N	N	N	N	N	0.1024	0.0839	0.0024	0.1033	0.1061	0.3622	0.0369	1.0261	0.0033	0.1377	0.1545	0.0004	0.2152	0.2360	0.0004	0.0198	0.0230	0.0004	1.3453	1.8406	0.1665	2.0828	2.2251	0.0012	0.5376	0.0224	0.1063	0.0003	0.1863	-0.0196	-0.0141	2.3999	5.3495	4.0713	12.4099	0.0756	0.0756	0.0000	0.0713	0.0713	0.0000	0.0043	0.0043	0.0000	0.0386	0.0325	0.0061	0.0325	0.0324	0.0000	0.0061	0.0001	0.0060	0.5491	0.4893	0.0599	0.3312	0.3020	0.0292	0.2179	0.1873	0.0307	0.3007	0.1923	0.1084	0.1562	0.1334	0.0228	0.1445	0.0589	0.0856	1.0735	0.9138	0.0071	1.0356	0.9704	0.4373	0.4694	18.8029	0.0050	0.1283	0.1691	0.0559	0.2078	0.2432	0.0010	0.0423	0.0012	0.0705
90	129	0.1787	8	0	2	0	1	0	0	0	0	N	Y	N	N	N	N	N	N	N	N	N	N	0.0000	0.0000	0.0000	0.0000	0.0000	0.0000	0.0000	0.0000	0.0000	0.0000	0.0000	0.0000	0.0000	0.0000	0.0000	0.0000	0.0000	0.0000	0.0000	0.0000	2.3999	0.0000	4.0713	0.0000	0.0000	0.0000	0.0000	0.0000	0.0000	0.0000	0.0000	0.0000	0.0000	0.0000	0.0000	0.0000	0.0000	0.0000	0.0000	0.0000	0.0000	0.0000	0.0000	0.0000	0.0000	0.0000	0.0000	0.0000	0.0000	0.0000	0.0000	0.0000	0.0000	0.0000	0.0000	0.0000	0.0000	0.0000	0.0000	0.0000	0.0000	0.0000	0.0000	0.0000	0.0000	0.0000	0.0000	0.0000	0.0000	0.0000	0.0000	0.0000	0.0000	0.0000	0.0000	0.0000	0.0000	0.0000											
90	130	0.1624	7	0	2	0	1	0	0	0	0	N	Y	N	N	N	N	N	N	N	N	N	N	0.0000	0.0000	0.0000	0.0000	0.0000	0.0000	0.0000	0.0000	0.0000	0.0000	0.0000	0.0000	0.0000	0.0000	0.0000	0.0000	0.0032	0.0028	0.0005	0.1397	0.1194	0.0000	0.0004	0.0000	0.0005	1.0000	0.0000	-0.0000	2.3999	0.0000	4.0713	3.0001	0.0000	0.0000	0.0000	0.0000	0.0000	0.0000	0.0000	0.0000	0.0000	0.0000	0.0000	0.0000	0.0000	0.0000	0.0000	0.0000	0.0000	0.0000	0.0000	0.0000	0.0000	0.0000	0.0000	0.0000	0.0000	0.0000	0.0000	0.0316	0.0132	0.0184	0.0009	0.0008	0.0000	0.0307	0.0124	0.0183	0.0000	0.0000	0.0000	0.0000	0.0000	0.0000	0.0000	0.0000	0.0000	0.0006	0.0008	0.0005	0.0116	0.0119	0.0000	0.0003	0.0000	0.0005			
90	131	0.1527	6	0	2	0	0	0	0	0	0	N	Y	N	N	N	N	N	N	N	N	N	N	0.0000	0.0000	0.0000	0.0000	0.0000	0.0000	0.0000	0.0000	0.0000	0.0000	0.0000	0.0000	0.0000	0.0000	0.0000	0.0000	0.0000	0.0000	0.0000	0.0000	2.3999	0.0000	4.0713	0.0000	0.0000	0.0000	0.0000	0.0000	0.0000	0.0000	0.0000	0.0000	0.0000	0.0000	0.0000	0.0000	0.0000	0.0000	0.0000	0.0000	0.0000	0.0000	0.0000	0.0000	0.0000	0.0000	0.0000	0.0000	0.0000	0.0000	0.0000	0.0000	0.0000	0.0000	0.0000	0.0000	0.0000	0.0000	0.0000	0.0000	0.0000	0.0000	0.0000	0.0000	0.0000	0.0000	0.0000	0.0000	0.0000	0.0000	0.0000	0.0000	0.0000	0.0000	0.0000	0.0000	0.0000	0.0000											
90	132	0.1624	7	0	1	1	1	0	0	0	0	N	N	N	N	N	N	N	N	N	N	N	N	0.0000	0.0000	0.0000	0.0000	0.0000	0.0000	0.0000	0.0000	0.0000	0.0000	0.0000	0.0000	0.0000	0.0000	0.0000	0.0000	0.0000	0.0000	0.0000	0.0000	2.3999	0.0000	4.0713	1.9999	0.0000	0.0000	0.0000	0.0000	0.0000	0.0000	0.0000	0.0000	0.0000	0.0000	0.0000	0.0000	0.0000	0.0000	0.0000	0.0000	0.0000	0.0000	0.0000	0.0000	0.0000	0.0000	0.0000	0.0000	0.0000	0.0000	0.0000	0.0216	0.0092	0.0124	0.0007	0.0007	0.0000	0.0208	0.0084	0.0124	0.0000	0.0000	0.0000	0.0000	0.0000	0.0000	0.0000	0.0000	0.0000	0.0000	0.0000	0.0000	0.0000	0.0000	0.0000	0.0000	0.0000	0.0000											
90	133	0.1734	8	0	1	1	1	0	0	0	0	N	N	N	N	N	N	N	N	N	N	N	N	0.0000	0.0000	0.0000	0.0000	0.0000	0.0000	0.0000	0.0000	0.0000	0.0000	0.0000	0.0000	0.0000	0.0000	0.0000	0.0000	0.0000	0.0000	0.0000	0.0000	2.3999	1.0000	4.0713	0.0000	0.0000	0.0000	0.0000	0.0000	0.0000	0.0000	0.0000	0.0000	0.0000	0.0000	0.0000	0.0000	0.0000	0.0000	0.0000	0.0000	0.0000	0.0000	0.0855	0.0768	0.0086	0.0498	0.0462	0.0036	0.0356	0.0306	0.0050	0.0105	0.0043	0.0062	0.0014	0.0009	0.0005	0.0091	0.0034	0.0057	0.0000	0.0000	0.0000	0.0000	0.0000	0.0000	0.0000	0.0000	0.0000	0.0000	0.0000	0.0000	0.0000	0.0000	0.0000	0.0000	0.0000	0.0000											
90	134	0.1734	8	0	1	1	1	0	0	0	0	N	N	N	N	N	N	N	N	N	N	N	N	0.0000	0.0000	0.0000	0.0000	0.0000	0.0000	0.0000	0.0000	0.0000	0.0000	0.0000	0.0000	0.0000	0.0000	0.0000	0.0000	0.0000	0.0000	0.0000	0.0000	2.3999	0.0000	4.0713	0.0000	0.0000	0.0000	0.0000	0.0000	0.0000	0.0000	0.0000	0.0000	0.0000	0.0000	0.0000	0.0000	0.0000	0.0000	0.0000	0.0000	0.0000	0.0000	0.0000	0.0000	0.0000	0.0000	0.0000	0.0000	0.0000	0.0000	0.0000	0.0000	0.0000	0.0000	0.0000	0.0000	0.0000	0.0000	0.0000	0.0000	0.0000	0.0000	0.0000	0.0000	0.0000	0.0000	0.0000	0.0000	0.0000	0.0000	0.0000	0.0000	0.0000	0.0000	0.0000	0.0000	0.0000	0.0000											
90	135	0.1624	7	0	1	1	1	0	0	0	0	N	N	N	N	N	N	N	N	N	N	N	N	0.0000	0.0000	0.0000	0.0000	0.0000	0.0000	0.0000	0.0000	0.0000	0.0000	0.0000	0.0000	0.0000	0.0000	0.0001	0.0000	0.0003	0.0003	0.0000	0.0000	0.0000	0.0000	0.0043	0.0000	-0.0000	2.3999	2.0025	4.0713	0.9943	0.0000	0.0000	0.0000	0.0000	0.0000	0.0000	0.0000	0.0000	0.0000	0.0000	0.0000	0.0000	0.0000	0.0000	0.0000	0.0000	0.0000	0.0000	0.1679	0.1509	0.0170	0.0950	0.0881	0.0069	0.0729	0.0628	0.0101	0.0315	0.0132	0.0183	0.0009	0.0008	0.0000	0.0307	0.0124	0.0183	0.0000	0.0000	0.0000	0.0000	0.0000	0.0000	0.0000	0.0000	0.0000	0.0000	0.0000	0.0000	0.0000	0.0000	0.0000	0.0000	0.0000	0.0000						
90	136	0.1624	6	0	1	0	1	0	0	0	0	N	N	N	N	N	N	N	N	N	N	N	N	0.0000	0.0000	0.0000	0.0000	0.0000	0.0000	0.0000	0.0000	0.0000	0.0000	0.0000	0.0000	0.0000	0.0000	0.0000	0.0000	0.0000	0.0002	0.0003	0.0001	0.0004	0.0004	0.0000	0.0001	0.0011	0.0001	0.5570	0.0000	-0.0000	2.3999	0.0050	4.0713	0.0173	0.0000	0.0000	0.0000	0.0000	0.0000	0.0000	0.0000	0.0000	0.0000	0.0000	0.0000	0.0000	0.0000	0.0000	0.0000	0.0000	0.0000	0.0000	0.0009	0.0008	0.0001	0.0007	0.0006	0.0000	0.0002	0.0002	0.0000	0.0012	0.0010	0.0002	0.0005	0.0005	0.0000	0.0007	0.0005	0.0002	0.0000	0.0000	0.0000	0.0000	0.0000	0.0000	0.0000	0.0000	0.0000	0.0000	0.0000	0.0001	0.0001	0.0001	0.0000	0.0000	0.0000	0.0001		
90	137	0.1527	5	0	1	0	1	0	0	0	0	N	N	N	N	N	N	N	N	N	N	N	N	0.0000	0.0000	0.0000	0.0000	0.0000	0.0000	0.0000	0.0000	0.0000	0.0000	0.0000	0.0000	0.0000	0.0000	0.0000	0.0000	0.0001	0.0000	0.0000	0.0000	0.0000	0.0000	0.0002	0.0000	2.4634	0.0000	0.0000	2.3999	1.9972	4.0713	1.0076	0.0000	0.0000	0.0000	0.0000	0.0000	0.0000	0.0000	0.0000	0.0000	0.0000	0.0000	0.0000	0.0000	0.0000	0.0000	0.0000	0.0000	0.0000	0.1575	0.1415	0.0160	0.0864	0.0803	0.0061	0.0711	0.0613	0.0099	0.0292	0.0117	0.0175	0.0004	0.0003	0.0000	0.0288	0.0113	0.0175	0.0000	0.0000	0.0000	0.0000	0.0000	0.0000	0.0000	0.0000	0.0000	0.0000	0.0000	0.0000	0.0000	0.0000	0.0000	0.0000	0.0000	0.0000				
90	138	0.1355	4	1	2	0	0	0	0	0	0	N	Y	N	N	N	N	N	N	N	N	N	N	0.0005	0.0000	inf	0.0004	0.0000	inf	inf	inf	0.0003	0.0000	0.0023	0.0005	0.0000	0.0332	0.0001	0.0000	0.0008	0.6095	0.9792	0.0000	1.3502	1.3398	0.0000	0.0000	0.0000	0.0000	inf	0.0000	0.0000	-0.0003	2.3999	0.0002	4.0713	2.3255	0.0000	0.0000	0.0000	0.0000	0.0000	0.0000	0.0000	0.0000	0.0000	0.0005	0.0005	0.0000	0.0005	0.0005	0.0000	0.0000	0.0000	0.0000	0.0000	0.0000	0.0000	0.0000	0.0000	0.0000	0.0000	0.0000	0.0000	0.0347	0.0184	0.0164	0.0054	0.0052	0.0002	0.0293	0.0131	0.0161	0.0181	0.0000	inf	0.0053	0.0000	inf	inf	0.0000	inf	0.0152	0.0288	0.0000	0.0972	0.1012	0.0000	0.0000	0.0000	0.0000	
90	139	0.1176	3	1	2	0	0	0	0	0	0	N	Y	N	N	N	N	N	N	N	N	N	N	6.9214	11.3228	0.0001	6409.8821	10016.3000	0.0177	0.0000	0.0000	0.0000	4.9618	5.5434	0.0000	12.7554	13.5575	0.0001	0.0000	0.0000	0.0000	0.7169	0.4896	0.1051	0.0020	0.0014	0.0037	0.3621	1.1667	0.0380	0.0000	2.8721	-0.2078	0.0004	2.3999	2.0138	4.0713	2.7349	0.7985	0.7985	0.0000	0.7985	0.7985	0.0000	0.0000	0.0000	0.0000	0.0017	0.0004	0.0012	0.0000	0.0000	0.0000	0.0017	0.0004	0.0012	0.1609	0.1440	0.0169	0.0626	0.0589	0.0037	0.0983	0.0851	0.0132	0.0798	0.0412	0.0386	0.0159	0.0151	0.0007	0.0639	0.0260	0.0379	236.8667	528.5088	0.0005	15467.3647	18553.0238	0.0232	0.0000	0.0000	0.0000	0.0209	0.0105	0.0321	0.0008	0.0007	0.0028	0.0259	0.0162	0.0326
90	140	0.1341	4	0	2	0	0	0	0	0	0	N	Y	N	N	N	N	N	N	N	N	N	N	0.5248	0.2400	191.6518	0.0700	0.0772	3.0510	inf	inf	inf	0.0002	0.0002	0.0002	0.0003	0.0003	0.0003	0.0000	0.0000	0.0000	0.0003	0.0006	0.0000	0.0040	0.0036	0.0001	0.0000	0.0000	0.0000	0.1410	0.0039	-0.0000	-0.0000	2.3999	1.9232	4.0713	1.1116	0.0000	0.0000	0.0000	0.0000	0.0000	0.0000	0.0000	0.0000	0.0000	0.0000	0.0000	0.0000	0.0000	0.0000	0.0000	0.0000	0.0000	0.0000	0.2008	0.1774	0.0234	0.1092	0.0966	0.0126	0.0916	0.0808	0.0108	0.0360	0.0163	0.0197	0.0027	0.0026	0.0002	0.0332	0.0137	0.0195	1.2824	0.5775	191.6518	0.1783	0.1666	3.0510	inf	inf	inf	0.0001	0.0003	0.0000	0.0016	0.0017	0.0001	0.0000	0.0000	0.0000
90	141	0.6426	6	0	2	0	0	0	0	0	0	N	Y	N	N	N	N	N	N	N	N	N	N	inf	inf	inf	inf	inf	inf	0.0003	0.0003	0.0004	0.0004	0.0004	0.0006	0.0000	0.0000	0.0000	0.0000	0.0000	0.0000	0.0000	0.0000	0.0000	0.0000	0.0000	0.0000	0.1250	-0.0000	0.0000	2.3999	3.0000	4.0713	1.0000	0.0001	0.0001	0.0000	0.0001	0.0001	0.0000	0.0000	0.0000	0.0000	0.0000	0.0000	0.0000	0.0000	0.0000	0.0000	0.0000	0.0000	0.0000	0.3091	0.2837	0.0253	0.2405	0.2250	0.0155	0.0686	0.0588	0.0098	0.0298	0.0167	0.0131	0.0148	0.0126	0.0022	0.0150	0.0041	0.0109	inf	inf	inf	inf	inf	inf	0.0000	0.0000	0.0000	0.0000	0.0000	0.0000	0.0000	0.0000	0.0000	0.0000	0.0000	0.0000				
90	142	0.6233	5	0	1	0	0	0	0	0	0	N	N	N	N	N	N	N	N	N	N	N	N	0.0000	0.0000	0.0000	0.0000	0.0000	0.0000	0.0000	0.0000	0.0000	0.0000	0.0000	0.0000	0.0000	0.0000	0.0000	0.0000	0.0000	0.0000	-0.0000	0.0000	2.3999	1.0000	4.0713	1.0000	0.0000	0.0000	0.0000	0.0000	0.0000	0.0000	0.0000	0.0000	0.0000	0.0000	0.0000	0.0000	0.0000	0.0000	0.0000	0.0000	0.0000	0.0000	0.1049	0.0965	0.0084	0.0813	0.0763	0.0049	0.0236	0.0202	0.0034	0.0153	0.0086	0.0068	0.0076	0.0065	0.0011	0.0077	0.0021	0.0056	0.0000	0.0000	0.0000	0.0000	0.0000	0.0000	0.0000	0.0000	0.0000	0.0000	0.0000	0.0000	0.0000	0.0000	0.0000	0.0000	0.0000	0.0000											
90	143	0.3730	4	0	1	0	0	0	0	0	0	N	N	N	N	N	N	N	N	N	N	N	N	1.1444	1.0402	0.0180	2.1374	2.1810	4.8010	0.0297	0.3436	0.0005	1.1827	1.3259	0.0030	2.0263	2.2162	0.0065	0.0160	0.0186	0.0001	1.0335	1.2746	0.1663	0.9480	1.0161	0.0013	0.5397	0.0541	0.1044	0.0003	0.6124	-0.1974	-0.0023	2.3999	7.1211	4.0713	10.9474	0.7596	0.7594	0.0002	0.7553	0.7551	0.0002	0.0043	0.0043	0.0000	0.0160	0.0099	0.0061	0.0098	0.0098	0.0000	0.0062	0.0001	0.0061	0.6423	0.5727	0.0695	0.3728	0.3407	0.0320	0.2695	0.2320	0.0375	0.3022	0.1931	0.1091	0.1566	0.1338	0.0229	0.1456	0.0593	0.0863	22.2989	25.7534	0.0538	32.2733	30.2208	5.8773	0.3761	8.3479	0.0007	0.0530	0.0515	0.0558	0.0628	0.0733	0.0011	0.0426	0.0022	0.0703
90	144	0.1782	3	0	1	0	0	0	0	0	0	N	N	N	N	N	N	N	N	N	N	N	N	0.0748	0.0985	0.0087	0.6035	0.6204	2.3692	0.0103	0.0068	0.0324	0.1247	0.1365	0.0229	0.2176	0.2335	0.0053	0.0189	0.0166	0.0326	1.6669	1.3864	2.6219	0.3605	0.3764	0.0022	1.8318	2.4614	1.0064	0.0195	7.7442	-0.0193	0.0323	2.3999	8.5175	4.0713	23.1696	0.0799	0.0784	0.0015	0.0742	0.0741	0.0001	0.0057	0.0043	0.0014	0.0888	0.0102	0.0786	0.0015	0.0015	0.0000	0.0873	0.0087	0.0786	0.6409	0.5741	0.0668	0.3411	0.3173	0.0238	0.2998	0.2567	0.0430	0.3089	0.1564	0.1524	0.0672	0.0608	0.0064	0.2416	0.0956	0.1460	0.4337	2.1032	0.0444	9.9468	9.7325	2.9038	0.0524	0.1830	0.0606	0.2874	0.0649	0.5158	0.0219	0.0240	0.0018	0.3613	0.0909	0.5384
90	145	0.1527	6	1	2	0	0	0	0	0	0	N	Y	N	N	N	N	N	N	N	N	N	N	inf	inf	inf	inf	0.0016	0.0018	0.0000	0.0029	0.0031	0.0000	0.0000	0.0000	0.0000	0.0000	0.0000	0.0000	0.0000	0.0000	0.0000	0.0000	0.0000	0.0000	0.0000	-0.0000	0.0000	2.3999	1.0000	4.0713	1.0000	0.0001	0.0001	0.0000	0.0001	0.0001	0.0000	0.0000	0.0000	0.0000	0.0000	0.0000	0.0000	0.0000	0.0000	0.0000	0.0000	0.0000	0.0000	0.0812	0.0729	0.0082	0.0450	0.0419	0.0032	0.0361	0.0311	0.0050	0.0196	0.0078	0.0118	0.0002	0.0002	0.0000	0.0194	0.0076	0.0118	inf	inf	0.0000	inf	inf	0.0000	0.0000	0.0000	0.0000	0.0000	0.0000	0.0000	0.0000	0.0000	0.0000	0.0000	0.0000	0.0000						
90	146	0.1527	5	0	2	0	0	0	0	0	0	N	Y	N	N	N	N	N	N	N	N	N	N	0.0000	0.0000	0.0000	0.0000	0.0000	0.0000	0.0000	0.0000	0.0000	0.0000	0.0000	0.0000	0.0000	0.0000	0.0000	0.0000	0.0000	0.0000	0.0000	0.0000	2.3999	0.0003	4.0713	0.0000	0.0000	0.0000	0.0000	0.0000	0.0000	0.0000	0.0000	0.0000	0.0000	0.0000	0.0000	0.0000	0.0000	0.0000	0.0000	0.0000	0.0000	0.0000	0.0001	0.0001	0.0000	0.0001	0.0001	0.0000	0.0000	0.0000	0.0000	0.0000	0.0000	0.0000	0.0000	0.0000	0.0000	0.0000	0.0000	0.0000	0.0000	0.0000	0.0000	0.0000	0.0000	0.0000	0.0000	0.0000	0.0000	0.0000	0.0000	0.0000	0.0000	0.0000	0.0000	0.0000	0.0000	0.0000											
90	147	0.1341	4	0	1	0	0	0	0	0	0	N	N	N	N	N	N	N	N	N	N	N	N	1.2274	0.6476	0.0000	0.1392	0.1809	0.0000	inf	inf	0.0003	0.0003	0.0000	0.0005	0.0005	0.0000	0.0001	0.0001	0.0000	0.0002	0.0004	0.0000	0.0035	0.0029	0.0001	0.0000	0.0000	0.0000	0.0000	0.0041	-0.0000	-0.0000	2.3999	4.9449	4.0713	1.0063	0.0001	0.0001	0.0000	0.0001	0.0001	0.0000	0.0000	0.0000	0.0000	0.0000	0.0000	0.0000	0.0000	0.0000	0.0000	0.0000	0.0000	0.0000	0.3746	0.3318	0.0428	0.1793	0.1617	0.0176	0.1953	0.1701	0.0251	0.0645	0.0282	0.0363	0.0031	0.0029	0.0002	0.0615	0.0253	0.0362	4.0105	1.9851	0.0000	0.3551	0.3707	0.0000	inf	inf	0.0000	0.0001	0.0001	0.0000	0.0014	0.0014	0.0001	0.0000	0.0000	0.0000	
90	148	0.1176	3	0	1	0	0	0	0	0	0	N	N	N	N	N	N	N	N	N	N	N	N	0.0165	0.0055	0.7318	0.0069	0.0079	0.3842	0.8453	0.0399	0.0049	0.0006	0.0007	0.0002	0.0009	0.0009	0.0010	0.0004	0.0005	0.0000	0.0369	0.1186	0.0003	0.1353	0.1185	0.0027	0.0005	0.0119	0.0003	0.0434	0.0637	-0.0000	-0.0001	2.3999	3.4778	4.0713	1.2917	0.0002	0.0001	0.0000	0.0001	0.0001	0.0000	0.0001	0.0001	0.0000	0.0002	0.0002	0.0000	0.0002	0.0002	0.0000	0.0000	0.0000	0.0000	0.2480	0.2214	0.0266	0.0930	0.0869	0.0060	0.1550	0.1345	0.0206	0.0800	0.0412	0.0388	0.0159	0.0151	0.0007	0.0641	0.0261	0.0380	0.2332	0.1373	0.7318	0.0822	0.0786	0.4696	0.9406	0.7220	0.0049	0.0026	0.0048	0.0003	0.0114	0.0118	0.0022	0.0004	0.0007	0.0003
90	149	0.0672	2	0	1	0	0	0	0	0	0	N	N	N	N	N	N	N	N	N	N	N	N	0.0023	0.0017	0.0954	0.0018	0.0018	11.2661	0.0072	0.0007	0.0610	0.0004	0.0004	0.0003	0.0006	0.0006	0.0006	0.0002	0.0002	0.0002	0.1658	0.2269	0.0034	0.3098	0.3001	0.0001	0.0329	0.3347	0.0034	0.0924	0.7904	-0.0000	-0.0000	2.3999	7.8050	4.0713	4.0035	0.0002	0.0002	0.0000	0.0001	0.0001	0.0000	0.0001	0.0001	0.0000	0.0006	0.0003	0.0003	0.0000	0.0000	0.0000	0.0006	0.0003	0.0003	0.5497	0.4945	0.0552	0.2635	0.2469	0.0167	0.2861	0.2476	0.0385	0.1262	0.0528	0.0733	0.0011	0.0010	0.0001	0.1251	0.0518	0.0733	0.0860	0.0656	0.0954	0.0290	0.0275	11.2661	0.0540	0.0420	0.0610	0.0045	0.0060	0.0034	0.0191	0.0200	0.0001	0.0044	0.0058	0.0034
90	150	0.1946	4	0	1	0	0	0	0	0	0	N	N	N	N	N	N	N	N	N	N	N	N	0.0020	0.0013	0.5533	0.0019	0.0019	0.0195	0.0322	0.0000	0.8017	0.0016	0.0017	0.0012	0.0027	0.0029	0.0000	0.0003	0.0000	0.0018	0.8233	1.2639	0.0022	1.4074	1.4793	0.0005	0.0087	0.0285	0.0022	0.0806	0.0341	-0.0001	-0.0029	2.3999	3.7255	4.0713	14.1767	0.0006	0.0006	0.0000	0.0006	0.0006	0.0000	0.0000	0.0000	0.0000	0.0059	0.0057	0.0002	0.0056	0.0056	0.0000	0.0003	0.0001	0.0002	0.3620	0.3249	0.0371	0.2044	0.1918	0.0125	0.1577	0.1331	0.0246	0.2049	0.1143	0.0906	0.0544	0.0501	0.0043	0.1505	0.0642	0.0863	0.0568	0.0338	0.5533	0.0260	0.0255	0.0209	0.1452	0.0002	0.8017	0.0289	0.0502	0.0022	0.1036	0.1125	0.0005	0.0019	0.0015	0.0022
90	151	0.1782	3	0	1	0	0	0	0	0	0	N	N	N	N	N	N	N	N	N	N	N	N	0.0111	0.0082	0.0714	0.0082	0.0083	0.0511	0.0149	0.0075	0.1725	0.0156	0.0155	0.0167	0.0196	0.0206	0.0001	0.0107	0.0083	0.0225	1.4037	1.8801	0.2332	2.3821	2.4675	0.0017	0.7178	1.1066	0.1306	0.1253	0.3136	-0.0004	-0.0051	2.3999	1.4205	4.0713	4.0377	0.0029	0.0026	0.0003	0.0020	0.0020	0.0000	0.0009	0.0006	0.0003	0.0180	0.0137	0.0043	0.0133	0.0133	0.0000	0.0048	0.0005	0.0043	0.1856	0.1662	0.0194	0.1028	0.0977	0.0051	0.0828	0.0685	0.0143	0.1264	0.0728	0.0536	0.0448	0.0431	0.0018	0.0815	0.0297	0.0518	0.1095	0.0822	0.2073	0.0662	0.0669	0.0601	0.1835	0.5297	0.2713	0.1427	0.1887	0.0803	0.2959	0.3079	0.0015	0.0585	0.0156	0.0830
90	152	0.0672	2	0	1	0	0	0	0	0	0	N	N	N	N	N	N	N	N	N	N	N	N	1.4340	11.5647	0.1151	15908.5188	17977.8502	inf	0.0123	0.0011	0.3301	1.6979	1.8801	0.0563	3.4743	3.7062	0.0104	0.0106	0.0003	0.0765	1.1840	0.1626	0.4890	0.0002	0.0002	0.0000	0.8679	0.3000	0.2317	0.0033	33.8907	-0.2054	0.0066	2.3999	6.4701	4.0713	12.4371	0.7994	0.7968	0.0026	0.7968	0.7967	0.0001	0.0026	0.0001	0.0025	0.0148	0.0004	0.0143	0.0000	0.0000	0.0000	0.0148	0.0004	0.0143	0.4708	0.4238	0.0470	0.2294	0.2150	0.0144	0.2415	0.2088	0.0326	0.1883	0.0796	0.1087	0.0016	0.0015	0.0001	0.1866	0.0780	0.1086	21.6548	353.6717	0.4264	295477.4982	300520.1983	inf	0.1345	0.0635	0.5792	0.0784	0.0053	0.1319	0.0000	0.0000	0.0000	0.0791	0.0054	0.1320
91	94	0.1198	5	1	1	1	0	0	0	0	0	N	N	N	N	N	N	N	N	N	N	N	N	0.0000	0.0000	0.0000	0.0000	0.0000	0.0000	0.0000	0.0000	0.0000	0.0000	0.0000	0.0000	0.0000	0.0000	0.0000	0.0000	0.0000	0.0000	0.0000	0.0000	0.0000	5.9980	0.0000	4.9575	0.0000	0.0000	0.0000	0.0000	0.0000	0.0000	0.0000	0.0000	0.0000	0.0000	0.0000	0.0000	0.0000	0.0000	0.0000	0.0000	0.0000	0.0000	0.0000	0.0000	0.0000	0.0000	0.0000	0.0000	0.0000	0.0000	0.0000	0.0000	0.0000	0.0000	0.0000	0.0000	0.0000	0.0000	0.0000	0.0000	0.0000	0.0000	0.0000	0.0000	0.0000	0.0000	0.0000	0.0000	0.0000	0.0000	0.0000	0.0000	0.0000	0.0000	0.0000	0.0000	0.0000	0.0000											
91	95	0.6408	7	1	1	1	0	0	0	0	0	N	N	N	N	N	N	N	N	N	N	N	N	0.0000	0.0000	0.0000	0.0000	0.0000	0.0000	0.0000	0.0000	0.0000	0.0000	0.0000	0.0000	0.0000	0.0000	0.0000	0.0000	0.0000	0.0000	0.0000	0.0000	0.0000	0.0000	0.0000	2.0000	0.0000	0.0000	0.0000	0.0000	0.0000	0.0000	0.0000	0.0000	0.0000	0.0000	0.0000	0.0000	0.0000	0.0000	0.0000	0.0000	0.0000	0.0000	0.0000	0.0000	0.0000	0.0000	0.0000	0.0000	0.0000	0.0000	0.0000	0.0000	0.0000	0.0000	0.0000	0.0000	0.0000	0.0000	0.0000	0.0000	0.0000	0.0000	0.0000	0.0000	0.0000	0.0000	0.0000	0.0000	0.0000	0.0000	0.0000	0.0000	0.0000	0.0000	0.0000	0.0000	0.0000	0.0000											
91	96	0.6184	6	0	1	1	0	0	0	0	0	N	N	N	N	N	N	N	N	N	N	N	N	0.0000	0.0000	0.0000	0.0000	0.0000	0.0000	0.0000	0.0000	0.0000	0.0000	0.0000	0.0000	0.0000	0.0000	0.0000	0.0000	0.0000	0.0000	0.0000	0.0000	0.0000	4.0000	0.0000	0.0000	0.0000	0.0000	0.0000	0.0000	0.0000	0.0000	0.0000	0.0000	0.0000	0.0000	0.0000	0.0000	0.0000	0.0000	0.0000	0.0000	0.0000	0.0000	0.0000	0.0000	0.0000	0.0000	0.0000	0.0000	0.0000	0.0000	0.0000	0.0000	0.0000	0.0000	0.0000	0.0000	0.0000	0.0000	0.0000	0.0000	0.0000	0.0000	0.0000	0.0000	0.0000	0.0000	0.0000	0.0000	0.0000	0.0000	0.0000	0.0000	0.0000	0.0000	0.0000	0.0000	0.0000	0.0000											
91	97	0.0623	3	0	0	1	0	0	0	0	0	N	N	N	N	N	N	N	N	N	N	N	N	0.0000	0.0000	0.0000	0.0000	0.0000	0.0000	0.0000	0.0000	0.0000	0.0000	0.0000	0.0000	0.0000	0.0000	0.0000	0.0000	0.0000	0.0000	0.0000	0.0000	0.0000	3.9994	0.0000	4.0000	0.0000	0.0000	0.0000	0.0000	0.0000	0.0000	0.0000	0.0000	0.0000	0.0000	0.0000	0.0000	0.0000	0.0000	0.0000	0.0000	0.0000	0.0000	0.0000	0.0000	0.0000	0.0000	0.0000	0.0000	0.0000	0.0000	0.0000	0.0000	0.0000	0.0000	0.0000	0.0000	0.0000	0.0000	0.0000	0.0000	0.0000	0.0000	0.0000	0.0000	0.0000	0.0000	0.0000	0.0000	0.0000	0.0000	0.0000	0.0000	0.0000	0.0000	0.0000	0.0000	0.0000	0.0000											
91	98	0.6184	6	0	0	1	0	0	0	0	0	N	N	N	N	N	N	N	N	N	N	N	N	0.0000	0.0000	0.0000	0.0000	0.0000	0.0000	0.0000	0.0000	0.0000	0.0000	0.0000	0.0000	0.0000	0.0000	0.0000	0.0000	0.0000	0.0000	0.0000	0.0000	0.0000	1.0000	0.0000	0.0000	0.0000	0.0000	0.0000	0.0000	0.0000	0.0000	0.0000	0.0000	0.0000	0.0000	0.0000	0.0000	0.0000	0.0000	0.0000	0.0000	0.0000	0.0000	0.0000	0.0000	0.0000	0.0000	0.0000	0.0000	0.0000	0.0000	0.0000	0.0000	0.0000	0.0000	0.0000	0.0000	0.0000	0.0000	0.0000	0.0000	0.0000	0.0000	0.0000	0.0000	0.0000	0.0000	0.0000	0.0000	0.0000	0.0000	0.0000	0.0000	0.0000	0.0000	0.0000	0.0000	0.0000	0.0000											
91	99	0.1732	4	0	0	1	0	0	0	0	0	N	N	N	N	N	N	N	N	N	N	N	N	0.0000	0.0000	0.0000	0.0000	0.0000	0.0000	0.0000	0.0000	0.0000	0.0000	0.0000	0.0000	0.0000	0.0000	0.0000	0.0000	0.0000	0.0000	0.0000	0.0000	0.0000	1.5982	0.0000	11.1970	0.0000	0.0000	0.0000	0.0000	0.0000	0.0000	0.0000	0.0000	0.0000	0.0000	0.0000	0.0000	0.0000	0.0000	0.0000	0.0000	0.0000	0.0000	0.0000	0.0000	0.0000	0.0000	0.0000	0.0000	0.0000	0.0000	0.0000	0.0000	0.0000	0.0000	0.0000	0.0000	0.0000	0.0000	0.0000	0.0000	0.0000	0.0000	0.0000	0.0000	0.0000	0.0000	0.0000	0.0000	0.0000	0.0000	0.0000	0.0000	0.0000	0.0000	0.0000	0.0000	0.0000	0.0000											
91	100	0.1212	6	1	1	2	0	0	0	0	0	N	N	Y	N	N	N	N	N	N	N	N	N	0.0000	0.0000	0.0000	0.0000	0.0000	0.0000	0.0000	0.0000	0.0000	0.0000	0.0000	0.0000	0.0000	0.0000	0.0000	0.0000	0.0000	0.0000	0.0000	0.0000	0.0000	0.0000	0.0000	0.9982	0.0000	0.0000	0.0000	0.0000	0.0000	0.0000	0.0000	0.0000	0.0000	0.0000	0.0000	0.0000	0.0000	0.0000	0.0000	0.0000	0.0000	0.0000	0.0000	0.0000	0.0000	0.0000	0.0000	0.0000	0.0000	0.0000	0.0000	0.0000	0.0000	0.0000	0.0000	0.0000	0.0000	0.0000	0.0000	0.0000	0.0000	0.0000	0.0000	0.0000	0.0000	0.0000	0.0000	0.0000	0.0000	0.0000	0.0000	0.0000	0.0000	0.0000	0.0000	0.0000	0.0000	0.0000											
91	101	0.6531	9	1	1	2	0	0	0	0	0	N	N	Y	N	N	N	N	N	N	N	N	N	0.0000	0.0000	0.0000	0.0000	0.0000	0.0000	0.0000	0.0000	0.0000	0.0000	0.0000	0.0000	0.0000	0.0000	0.0000	0.0000	0.0000	0.0000	0.0000	0.0000	0.0000	0.0000	0.0000	0.0000	0.0000	0.0000	0.0000	0.0000	0.0000	0.0000	0.0000	0.0000	0.0000	0.0000	0.0000	0.0000	0.0000	0.0000	0.0000	0.0000	0.0000	0.0000	0.0000	0.0000	0.0000	0.0000	0.0000	0.0000	0.0000	0.0000	0.0000	0.0000	0.0000	0.0000	0.0000	0.0000	0.0000	0.0000	0.0000	0.0000	0.0000	0.0000	0.0000	0.0000	0.0000	0.0000	0.0000	0.0000	0.0000	0.0000	0.0000	0.0000	0.0000	0.0000	0.0000	0.0000	0.0000	0.0000											
91	102	0.6531	8	1	0	2	0	0	0	0	0	N	N	Y	N	N	N	N	N	N	N	N	N	0.0000	0.0000	0.0000	0.0000	0.0000	0.0000	0.0000	0.0000	0.0000	0.0000	0.0000	0.0000	0.0000	0.0000	0.0000	0.0000	0.0000	0.0000	0.0000	0.0000	0.0000	0.0000	0.0000	0.0000	0.0000	0.0000	0.0000	0.0000	0.0000	0.0000	0.0000	0.0000	0.0000	0.0000	0.0000	0.0000	0.0000	0.0000	0.0000	0.0000	0.0000	0.0000	0.0000	0.0000	0.0000	0.0000	0.0000	0.0000	0.0000	0.0000	0.0000	0.0000	0.0000	0.0000	0.0000	0.0000	0.0000	0.0000	0.0000	0.0000	0.0000	0.0000	0.0000	0.0000	0.0000	0.0000	0.0000	0.0000	0.0000	0.0000	0.0000	0.0000	0.0000	0.0000	0.0000	0.0000	0.0000	0.0000											
91	103	0.6470	7	1	0	2	0	0	0	0	0	N	N	Y	N	N	N	N	N	N	N	N	N	0.0000	0.0000	0.0000	0.0000	0.0000	0.0000	0.0000	0.0000	0.0000	0.0000	0.0000	0.0000	0.0000	0.0000	0.0000	0.0000	0.0000	0.0000	0.0000	0.0000	0.0000	0.0000	0.0000	1.0091	0.0000	0.0000	0.0000	0.0000	0.0000	0.0000	0.0000	0.0000	0.0000	0.0000	0.0000	0.0000	0.0000	0.0000	0.0000	0.0000	0.0000	0.0000	0.0000	0.0000	0.0000	0.0000	0.0000	0.0000	0.0000	0.0000	0.0000	0.0000	0.0000	0.0000	0.0000	0.0000	0.0000	0.0000	0.0000	0.0000	0.0000	0.0000	0.0000	0.0000	0.0000	0.0000	0.0000	0.0000	0.0000	0.0000	0.0000	0.0000	0.0000	0.0000	0.0000	0.0000	0.0000	0.0000											
91	104	0.0623	3	0	1	1	0	0	0	0	0	N	N	N	N	N	N	N	N	N	N	N	N	0.0000	0.0000	0.0000	0.0000	0.0000	0.0000	0.0000	0.0000	0.0000	0.0000	0.0000	0.0000	0.0000	0.0000	0.0000	0.0000	0.0000	0.0000	0.0000	0.0000	0.0000	7.9994	0.0000	4.0001	0.0000	0.0000	0.0000	0.0000	0.0000	0.0000	0.0000	0.0000	0.0000	0.0000	0.0000	0.0000	0.0000	0.0000	0.0000	0.0000	0.0000	0.0000	0.0000	0.0000	0.0000	0.0000	0.0000	0.0000	0.0000	0.0000	0.0000	0.0000	0.0000	0.0000	0.0000	0.0000	0.0000	0.0000	0.0000	0.0000	0.0000	0.0000	0.0000	0.0000	0.0000	0.0000	0.0000	0.0000	0.0000	0.0000	0.0000	0.0000	0.0000	0.0000	0.0000	0.0000	0.0000	0.0000											
91	105	0.1247	7	1	0	2	0	0	0	0	0	N	N	Y	N	N	N	N	N	N	N	N	N	0.0000	0.0000	0.0000	0.0000	0.0000	0.0000	0.0000	0.0000	0.0000	0.0000	0.0000	0.0000	0.0000	0.0000	0.0000	0.0000	0.0000	0.0000	0.0000	0.0000	0.0000	1.0000	0.0000	1.0005	0.0000	0.0000	0.0000	0.0000	0.0000	0.0000	0.0000	0.0000	0.0000	0.0000	0.0000	0.0000	0.0000	0.0000	0.0000	0.0000	0.0000	0.0000	0.0000	0.0000	0.0000	0.0000	0.0000	0.0000	0.0000	0.0000	0.0000	0.0000	0.0000	0.0000	0.0000	0.0000	0.0000	0.0000	0.0000	0.0000	0.0000	0.0000	0.0000	0.0000	0.0000	0.0000	0.0000	0.0000	0.0000	0.0000	0.0000	0.0000	0.0000	0.0000	0.0000	0.0000	0.0000	0.0000											
91	106	0.1212	6	1	0	2	0	0	0	0	0	N	N	Y	N	N	N	N	N	N	N	N	N	0.0000	0.0000	0.0000	0.0000	0.0000	0.0000	0.0000	0.0000	0.0000	0.0000	0.0000	0.0000	0.0000	0.0000	0.0000	0.0000	0.0000	0.0000	0.0000	0.0000	0.0000	0.7249	0.0000	0.0368	0.0000	0.0000	0.0000	0.0000	0.0000	0.0000	0.0000	0.0000	0.0000	0.0000	0.0000	0.0000	0.0000	0.0000	0.0000	0.0000	0.0000	0.0000	0.0000	0.0000	0.0000	0.0000	0.0000	0.0000	0.0000	0.0000	0.0000	0.0000	0.0000	0.0000	0.0000	0.0000	0.0000	0.0000	0.0000	0.0000	0.0000	0.0000	0.0000	0.0000	0.0000	0.0000	0.0000	0.0000	0.0000	0.0000	0.0000	0.0000	0.0000	0.0000	0.0000	0.0000	0.0000	0.0000											
91	107	0.1198	5	1	0	2	0	0	0	0	0	N	N	Y	N	N	N	N	N	N	N	N	N	0.0000	0.0000	0.0000	0.0000	0.0000	0.0000	0.0000	0.0000	0.0000	0.0000	0.0000	0.0000	0.0000	0.0000	0.0000	0.0000	0.0000	0.0000	0.0000	0.0000	0.0000	0.4159	0.0000	0.0887	0.0000	0.0000	0.0000	0.0000	0.0000	0.0000	0.0000	0.0000	0.0000	0.0000	0.0000	0.0000	0.0000	0.0000	0.0000	0.0000	0.0000	0.0000	0.0000	0.0000	0.0000	0.0000	0.0000	0.0000	0.0000	0.0000	0.0000	0.0000	0.0000	0.0000	0.0000	0.0000	0.0000	0.0000	0.0000	0.0000	0.0000	0.0000	0.0000	0.0000	0.0000	0.0000	0.0000	0.0000	0.0000	0.0000	0.0000	0.0000	0.0000	0.0000	0.0000	0.0000	0.0000	0.0000											
91	108	0.1035	4	1	0	1	0	0	0	0	0	N	N	N	N	N	N	N	N	N	N	N	N	0.0000	0.0000	0.0000	0.0000	0.0000	0.0000	0.0000	0.0000	0.0000	0.0000	0.0000	0.0000	0.0000	0.0000	0.0000	0.0000	0.0000	0.0000	0.0000	0.0000	0.0000	3.9943	0.0000	0.9974	0.0000	0.0000	0.0000	0.0000	0.0000	0.0000	0.0000	0.0000	0.0000	0.0000	0.0000	0.0000	0.0000	0.0000	0.0000	0.0000	0.0000	0.0000	0.0000	0.0000	0.0000	0.0000	0.0000	0.0000	0.0000	0.0000	0.0000	0.0000	0.0000	0.0000	0.0000	0.0000	0.0000	0.0000	0.0000	0.0000	0.0000	0.0000	0.0000	0.0000	0.0000	0.0000	0.0000	0.0000	0.0000	0.0000	0.0000	0.0000	0.0000	0.0000	0.0000	0.0000	0.0000	0.0000											
91	109	0.6470	7	1	0	2	0	0	0	0	0	N	N	Y	N	N	N	N	N	N	N	N	N	0.0000	0.0000	0.0000	0.0000	0.0000	0.0000	0.0000	0.0000	0.0000	0.0000	0.0000	0.0000	0.0000	0.0000	0.0000	0.0000	0.0000	0.0000	0.0000	0.0000	0.0000	0.0000	0.0000	0.9909	0.0000	0.0000	0.0000	0.0000	0.0000	0.0000	0.0000	0.0000	0.0000	0.0000	0.0000	0.0000	0.0000	0.0000	0.0000	0.0000	0.0000	0.0000	0.0000	0.0000	0.0000	0.0000	0.0000	0.0000	0.0000	0.0000	0.0000	0.0000	0.0000	0.0000	0.0000	0.0000	0.0000	0.0000	0.0000	0.0000	0.0000	0.0000	0.0000	0.0000	0.0000	0.0000	0.0000	0.0000	0.0000	0.0000	0.0000	0.0000	0.0000	0.0000	0.0000	0.0000	0.0000	0.0000											
91	110	0.6184	6	1	0	2	0	0	0	0	0	N	N	Y	N	N	N	N	N	N	N	N	N	0.0000	0.0000	0.0000	0.0000	0.0000	0.0000	0.0000	0.0000	0.0000	0.0000	0.0000	0.0000	0.0000	0.0000	0.0000	0.0000	0.0000	0.0000	0.0000	0.0000	0.0000	4.0000	0.0000	0.0000	0.0000	0.0000	0.0000	0.0000	0.0000	0.0000	0.0000	0.0000	0.0000	0.0000	0.0000	0.0000	0.0000	0.0000	0.0000	0.0000	0.0000	0.0000	0.0000	0.0000	0.0000	0.0000	0.0000	0.0000	0.0000	0.0000	0.0000	0.0000	0.0000	0.0000	0.0000	0.0000	0.0000	0.0000	0.0000	0.0000	0.0000	0.0000	0.0000	0.0000	0.0000	0.0000	0.0000	0.0000	0.0000	0.0000	0.0000	0.0000	0.0000	0.0000	0.0000	0.0000	0.0000	0.0000											
91	112	0.1081	4	0	0	2	0	0	0	0	0	N	N	Y	N	N	N	N	N	N	N	N	N	0.0000	0.0000	0.0000	0.0000	0.0000	0.0000	0.0000	0.0000	0.0000	0.0000	0.0000	0.0000	0.0000	0.0000	0.0000	0.0000	0.0000	0.0000	0.0000	0.0000	0.0000	0.0000	0.0000	0.0001	0.0000	0.0000	0.0000	0.0000	0.0000	0.0000	0.0000	0.0000	0.0000	0.0000	0.0000	0.0000	0.0000	0.0000	0.0000	0.0000	0.0000	0.0000	0.0000	0.0000	0.0000	0.0000	0.0000	0.0000	0.0000	0.0000	0.0000	0.0000	0.0000	0.0000	0.0000	0.0000	0.0000	0.0000	0.0000	0.0000	0.0000	0.0000	0.0000	0.0000	0.0000	0.0000	0.0000	0.0000	0.0000	0.0000	0.0000	0.0000	0.0000	0.0000	0.0000	0.0000	0.0000	0.0000											
91	113	0.0623	3	0	0	2	0	0	0	0	0	N	N	Y	N	N	N	N	N	N	N	N	N	0.0000	0.0000	0.0000	0.0000	0.0000	0.0000	0.0000	0.0000	0.0000	0.0000	0.0000	0.0000	0.0000	0.0000	0.0000	0.0000	0.0000	0.0000	0.0000	0.0000	0.0000	4.0004	0.0000	4.9999	0.0000	0.0000	0.0000	0.0000	0.0000	0.0000	0.0000	0.0000	0.0000	0.0000	0.0000	0.0000	0.0000	0.0000	0.0000	0.0000	0.0000	0.0000	0.0000	0.0000	0.0000	0.0000	0.0000	0.0000	0.0000	0.0000	0.0000	0.0000	0.0000	0.0000	0.0000	0.0000	0.0000	0.0000	0.0000	0.0000	0.0000	0.0000	0.0000	0.0000	0.0000	0.0000	0.0000	0.0000	0.0000	0.0000	0.0000	0.0000	0.0000	0.0000	0.0000	0.0000	0.0000	0.0000											
91	114	0.6510	7	0	1	1	0	0	0	0	0	N	N	N	N	N	N	N	N	N	N	N	N	0.0000	0.0000	0.0000	0.0000	0.0000	0.0000	0.0000	0.0000	0.0000	0.0000	0.0000	0.0000	0.0000	0.0000	0.0000	0.0000	0.0000	0.0000	0.0000	0.0000	0.0000	4.3361	0.0000	4.6323	0.0000	0.0000	0.0000	0.0000	0.0000	0.0000	0.0000	0.0000	0.0000	0.0000	0.0000	0.0000	0.0000	0.0000	0.0000	0.0000	0.0000	0.0000	0.0000	0.0000	0.0000	0.0000	0.0000	0.0000	0.0000	0.0000	0.0000	0.0000	0.0000	0.0000	0.0000	0.0000	0.0000	0.0000	0.0000	0.0000	0.0000	0.0000	0.0000	0.0000	0.0000	0.0000	0.0000	0.0000	0.0000	0.0000	0.0000	0.0000	0.0000	0.0000	0.0000	0.0000	0.0000	0.0000											
91	115	0.6184	6	0	0	1	0	0	0	0	0	N	N	N	N	N	N	N	N	N	N	N	N	0.0000	0.0000	0.0000	0.0000	0.0000	0.0000	0.0000	0.0000	0.0000	0.0000	0.0000	0.0000	0.0000	0.0000	0.0000	0.0000	0.0000	0.0000	0.0000	0.0000	0.0000	1.9840	0.0000	0.2610	0.0000	0.0000	0.0000	0.0000	0.0000	0.0000	0.0000	0.0000	0.0000	0.0000	0.0000	0.0000	0.0000	0.0000	0.0000	0.0000	0.0000	0.0000	0.0000	0.0000	0.0000	0.0000	0.0000	0.0000	0.0000	0.0000	0.0000	0.0000	0.0000	0.0000	0.0000	0.0000	0.0000	0.0000	0.0000	0.0000	0.0000	0.0000	0.0000	0.0000	0.0000	0.0000	0.0000	0.0000	0.0000	0.0000	0.0000	0.0000	0.0000	0.0000	0.0000	0.0000	0.0000	0.0000											
91	116	0.0623	3	0	1	1	1	0	0	0	0	N	N	N	N	N	N	N	N	N	N	N	N	0.0000	0.0000	0.0000	0.0000	0.0000	0.0000	0.0000	0.0000	0.0000	0.0000	0.0000	0.0000	0.0000	0.0000	0.0000	0.0000	0.0000	0.0000	0.0000	0.0000	0.0000	5.0006	0.0000	2.0000	0.0000	0.0000	0.0000	0.0000	0.0000	0.0000	0.0000	0.0000	0.0000	0.0000	0.0000	0.0000	0.0000	0.0000	0.0000	0.0000	0.0000	0.0000	0.0000	0.0000	0.0000	0.0000	0.0000	0.0000	0.0000	0.0000	0.0000	0.0000	0.0000	0.0000	0.0000	0.0000	0.0000	0.0000	0.0000	0.0000	0.0000	0.0000	0.0000	0.0000	0.0000	0.0000	0.0000	0.0000	0.0000	0.0000	0.0000	0.0000	0.0000	0.0000	0.0000	0.0000	0.0000	0.0000											
91	117	0.6184	6	0	1	1	1	0	0	0	0	N	N	N	N	N	N	N	N	N	N	N	N	0.0000	0.0000	0.0000	0.0000	0.0000	0.0000	0.0000	0.0000	0.0000	0.0000	0.0000	0.0000	0.0000	0.0000	0.0000	0.0000	0.0000	0.0000	0.0000	0.0000	0.0000	0.0000	0.0000	1.0000	0.0000	0.0000	0.0000	0.0000	0.0000	0.0000	0.0000	0.0000	0.0000	0.0000	0.0000	0.0000	0.0000	0.0000	0.0000	0.0000	0.0000	0.0000	0.0000	0.0000	0.0000	0.0000	0.0000	0.0000	0.0000	0.0000	0.0000	0.0000	0.0000	0.0000	0.0000	0.0000	0.0000	0.0000	0.0000	0.0000	0.0000	0.0000	0.0000	0.0000	0.0000	0.0000	0.0000	0.0000	0.0000	0.0000	0.0000	0.0000	0.0000	0.0000	0.0000	0.0000	0.0000	0.0000											
91	118	0.0623	3	0	1	1	0	0	0	0	0	N	N	N	N	N	N	N	N	N	N	N	N	0.0000	0.0000	0.0000	0.0000	0.0000	0.0000	0.0000	0.0000	0.0000	0.0000	0.0000	0.0000	0.0000	0.0000	0.0000	0.0000	0.0000	0.0000	0.0000	0.0000	0.0000	16.9994	0.0000	6.0000	0.0000	0.0000	0.0000	0.0000	0.0000	0.0000	0.0000	0.0000	0.0000	0.0000	0.0000	0.0000	0.0000	0.0000	0.0000	0.0000	0.0000	0.0000	0.0000	0.0000	0.0000	0.0000	0.0000	0.0000	0.0000	0.0000	0.0000	0.0000	0.0000	0.0000	0.0000	0.0000	0.0000	0.0000	0.0000	0.0000	0.0000	0.0000	0.0000	0.0000	0.0000	0.0000	0.0000	0.0000	0.0000	0.0000	0.0000	0.0000	0.0000	0.0000	0.0000	0.0000	0.0000	0.0000											
91	119	0.6184	6	0	1	1	0	0	0	0	0	N	N	N	N	N	N	N	N	N	N	N	N	0.0000	0.0000	0.0000	0.0000	0.0000	0.0000	0.0000	0.0000	0.0000	0.0000	0.0000	0.0000	0.0000	0.0000	0.0000	0.0000	0.0000	0.0000	0.0000	0.0000	0.0000	5.0000	0.0000	6.0000	0.0000	0.0000	0.0000	0.0000	0.0000	0.0000	0.0000	0.0000	0.0000	0.0000	0.0000	0.0000	0.0000	0.0000	0.0000	0.0000	0.0000	0.0000	0.0000	0.0000	0.0000	0.0000	0.0000	0.0000	0.0000	0.0000	0.0000	0.0000	0.0000	0.0000	0.0000	0.0000	0.0000	0.0000	0.0000	0.0000	0.0000	0.0000	0.0000	0.0000	0.0000	0.0000	0.0000	0.0000	0.0000	0.0000	0.0000	0.0000	0.0000	0.0000	0.0000	0.0000	0.0000	0.0000											
91	120	0.6465	7	0	1	1	0	0	0	0	0	N	N	N	N	N	N	N	N	N	N	N	N	0.0000	0.0000	0.0000	0.0000	0.0000	0.0000	0.0000	0.0000	0.0000	0.0000	0.0000	0.0000	0.0000	0.0000	0.0000	0.0000	0.0000	0.0000	0.0000	0.0000	0.0000	0.9998	0.0000	0.9486	0.0000	0.0000	0.0000	0.0000	0.0000	0.0000	0.0000	0.0000	0.0000	0.0000	0.0000	0.0000	0.0000	0.0000	0.0000	0.0000	0.0000	0.0000	0.0000	0.0000	0.0000	0.0000	0.0000	0.0000	0.0000	0.0000	0.0000	0.0000	0.0000	0.0000	0.0000	0.0000	0.0000	0.0000	0.0000	0.0000	0.0000	0.0000	0.0000	0.0000	0.0000	0.0000	0.0000	0.0000	0.0000	0.0000	0.0000	0.0000	0.0000	0.0000	0.0000	0.0000	0.0000	0.0000											
91	121	0.6184	6	0	1	1	0	0	0	0	0	N	N	N	N	N	N	N	N	N	N	N	N	0.0000	0.0000	0.0000	0.0000	0.0000	0.0000	0.0000	0.0000	0.0000	0.0000	0.0000	0.0000	0.0000	0.0000	0.0000	0.0000	0.0000	0.0000	0.0000	0.0000	0.0000	3.0005	0.0000	1.1085	0.0000	0.0000	0.0000	0.0000	0.0000	0.0000	0.0000	0.0000	0.0000	0.0000	0.0000	0.0000	0.0000	0.0000	0.0000	0.0000	0.0000	0.0000	0.0000	0.0000	0.0000	0.0000	0.0000	0.0000	0.0000	0.0000	0.0000	0.0000	0.0000	0.0000	0.0000	0.0000	0.0000	0.0000	0.0000	0.0000	0.0000	0.0000	0.0000	0.0000	0.0000	0.0000	0.0000	0.0000	0.0000	0.0000	0.0000	0.0000	0.0000	0.0000	0.0000	0.0000	0.0000	0.0000											
91	122	0.1035	4	0	1	1	0	0	0	0	0	N	N	N	N	N	N	N	N	N	N	N	N	0.0000	0.0000	0.0000	0.0000	0.0000	0.0000	0.0000	0.0000	0.0000	0.0000	0.0000	0.0000	0.0000	0.0000	0.0000	0.0000	0.0000	0.0000	0.0000	0.0000	0.0000	2.0001	0.0000	3.0000	0.0000	0.0000	0.0000	0.0000	0.0000	0.0000	0.0000	0.0000	0.0000	0.0000	0.0000	0.0000	0.0000	0.0000	0.0000	0.0000	0.0000	0.0000	0.0000	0.0000	0.0000	0.0000	0.0000	0.0000	0.0000	0.0000	0.0000	0.0000	0.0000	0.0000	0.0000	0.0000	0.0000	0.0000	0.0000	0.0000	0.0000	0.0000	0.0000	0.0000	0.0000	0.0000	0.0000	0.0000	0.0000	0.0000	0.0000	0.0000	0.0000	0.0000	0.0000	0.0000	0.0000	0.0000											
91	123	0.0623	3	0	0	1	0	0	0	0	0	N	N	N	N	N	N	N	N	N	N	N	N	0.0000	0.0000	0.0000	0.0000	0.0000	0.0000	0.0000	0.0000	0.0000	0.0000	0.0000	0.0000	0.0000	0.0000	0.0000	0.0000	0.0000	0.0000	0.0000	0.0000	0.0000	6.9986	0.0000	2.0000	0.0000	0.0000	0.0000	0.0000	0.0000	0.0000	0.0000	0.0000	0.0000	0.0000	0.0000	0.0000	0.0000	0.0000	0.0000	0.0000	0.0000	0.0000	0.0000	0.0000	0.0000	0.0000	0.0000	0.0000	0.0000	0.0000	0.0000	0.0000	0.0000	0.0000	0.0000	0.0000	0.0000	0.0000	0.0000	0.0000	0.0000	0.0000	0.0000	0.0000	0.0000	0.0000	0.0000	0.0000	0.0000	0.0000	0.0000	0.0000	0.0000	0.0000	0.0000	0.0000	0.0000	0.0000											
91	124	0.6519	7	0	1	1	0	0	0	0	0	N	N	N	N	N	N	N	N	N	N	N	N	0.0000	0.0000	0.0000	0.0000	0.0000	0.0000	0.0000	0.0000	0.0000	0.0000	0.0000	0.0000	0.0000	0.0000	0.0000	0.0000	0.0000	0.0000	0.0000	0.0000	0.0000	3.9006	0.0000	3.1543	0.0000	0.0000	0.0000	0.0000	0.0000	0.0000	0.0000	0.0000	0.0000	0.0000	0.0000	0.0000	0.0000	0.0000	0.0000	0.0000	0.0000	0.0000	0.0000	0.0000	0.0000	0.0000	0.0000	0.0000	0.0000	0.0000	0.0000	0.0000	0.0000	0.0000	0.0000	0.0000	0.0000	0.0000	0.0000	0.0000	0.0000	0.0000	0.0000	0.0000	0.0000	0.0000	0.0000	0.0000	0.0000	0.0000	0.0000	0.0000	0.0000	0.0000	0.0000	0.0000	0.0000	0.0000											
91	125	0.6184	6	0	1	1	0	0	0	0	0	N	N	N	N	N	N	N	N	N	N	N	N	0.0000	0.0000	0.0000	0.0000	0.0000	0.0000	0.0000	0.0000	0.0000	0.0000	0.0000	0.0000	0.0000	0.0000	0.0000	0.0000	0.0000	0.0000	0.0000	0.0000	0.0000	1.6924	0.0000	1.9110	0.0000	0.0000	0.0000	0.0000	0.0000	0.0000	0.0000	0.0000	0.0000	0.0000	0.0000	0.0000	0.0000	0.0000	0.0000	0.0000	0.0000	0.0000	0.0000	0.0000	0.0000	0.0000	0.0000	0.0000	0.0000	0.0000	0.0000	0.0000	0.0000	0.0000	0.0000	0.0000	0.0000	0.0000	0.0000	0.0000	0.0000	0.0000	0.0000	0.0000	0.0000	0.0000	0.0000	0.0000	0.0000	0.0000	0.0000	0.0000	0.0000	0.0000	0.0000	0.0000	0.0000	0.0000											
91	126	0.0623	3	0	1	1	0	0	0	0	0	N	N	N	N	N	N	N	N	N	N	N	N	0.0000	0.0000	0.0000	0.0000	0.0000	0.0000	0.0000	0.0000	0.0000	0.0000	0.0000	0.0000	0.0000	0.0000	0.0000	0.0000	0.0000	0.0000	0.0000	0.0000	0.0000	0.9996	0.0000	8.0005	0.0000	0.0000	0.0000	0.0000	0.0000	0.0000	0.0000	0.0000	0.0000	0.0000	0.0000	0.0000	0.0000	0.0000	0.0000	0.0000	0.0000	0.0000	0.0000	0.0000	0.0000	0.0000	0.0000	0.0000	0.0000	0.0000	0.0000	0.0000	0.0000	0.0000	0.0000	0.0000	0.0000	0.0000	0.0000	0.0000	0.0000	0.0000	0.0000	0.0000	0.0000	0.0000	0.0000	0.0000	0.0000	0.0000	0.0000	0.0000	0.0000	0.0000	0.0000	0.0000	0.0000	0.0000											
91	127	0.1896	5	0	0	1	0	0	0	0	0	N	N	N	N	N	N	N	N	N	N	N	N	0.0000	0.0000	0.0000	0.0000	0.0000	0.0000	0.0000	0.0000	0.0000	0.0000	0.0000	0.0000	0.0000	0.0000	0.0000	0.0000	0.0000	0.0000	0.0000	0.0000	0.0000	3.6536	0.0000	12.3970	0.0000	0.0000	0.0000	0.0000	0.0000	0.0000	0.0000	0.0000	0.0000	0.0000	0.0000	0.0000	0.0000	0.0000	0.0000	0.0000	0.0000	0.0000	0.0000	0.0000	0.0000	0.0000	0.0000	0.0000	0.0000	0.0000	0.0000	0.0000	0.0000	0.0000	0.0000	0.0000	0.0000	0.0000	0.0000	0.0000	0.0000	0.0000	0.0000	0.0000	0.0000	0.0000	0.0000	0.0000	0.0000	0.0000	0.0000	0.0000	0.0000	0.0000	0.0000	0.0000	0.0000	0.0000											
91	128	0.3680	5	0	0	1	0	0	0	0	0	N	N	N	N	N	N	N	N	N	N	N	N	0.0000	0.0000	0.0000	0.0000	0.0000	0.0000	0.0000	0.0000	0.0000	0.0000	0.0000	0.0000	0.0000	0.0000	0.0000	0.0000	0.0000	0.0000	0.0000	0.0000	0.0000	5.3495	0.0000	12.4099	0.0000	0.0000	0.0000	0.0000	0.0000	0.0000	0.0000	0.0000	0.0000	0.0000	0.0000	0.0000	0.0000	0.0000	0.0000	0.0000	0.0000	0.0000	0.0000	0.0000	0.0000	0.0000	0.0000	0.0000	0.0000	0.0000	0.0000	0.0000	0.0000	0.0000	0.0000	0.0000	0.0000	0.0000	0.0000	0.0000	0.0000	0.0000	0.0000	0.0000	0.0000	0.0000	0.0000	0.0000	0.0000	0.0000	0.0000	0.0000	0.0000	0.0000	0.0000	0.0000	0.0000	0.0000											
91	129	0.1737	9	0	1	1	1	0	0	0	0	N	N	N	N	N	N	N	N	N	N	N	N	0.0000	0.0000	0.0000	0.0000	0.0000	0.0000	0.0000	0.0000	0.0000	0.0000	0.0000	0.0000	0.0000	0.0000	0.0000	0.0000	0.0000	0.0000	0.0000	0.0000	0.0000	0.0000	0.0000	0.0000	0.0000	0.0000	0.0000	0.0000	0.0000	0.0000	0.0000	0.0000	0.0000	0.0000	0.0000	0.0000	0.0000	0.0000	0.0000	0.0000	0.0000	0.0000	0.0000	0.0000	0.0000	0.0000	0.0000	0.0000	0.0000	0.0000	0.0000	0.0000	0.0000	0.0000	0.0000	0.0000	0.0000	0.0000	0.0000	0.0000	0.0000	0.0000	0.0000	0.0000	0.0000	0.0000	0.0000	0.0000	0.0000	0.0000	0.0000	0.0000	0.0000	0.0000	0.0000	0.0000	0.0000	0.0000											
91	130	0.1574	8	0	1	1	1	0	0	0	0	N	N	N	N	N	N	N	N	N	N	N	N	0.0000	0.0000	0.0000	0.0000	0.0000	0.0000	0.0000	0.0000	0.0000	0.0000	0.0000	0.0000	0.0000	0.0000	0.0000	0.0000	0.0000	0.0000	0.0000	0.0000	0.0000	0.0000	0.0000	3.0001	0.0000	0.0000	0.0000	0.0000	0.0000	0.0000	0.0000	0.0000	0.0000	0.0000	0.0000	0.0000	0.0000	0.0000	0.0000	0.0000	0.0000	0.0000	0.0000	0.0000	0.0000	0.0000	0.0000	0.0000	0.0000	0.0000	0.0000	0.0000	0.0000	0.0000	0.0000	0.0000	0.0000	0.0000	0.0000	0.0000	0.0000	0.0000	0.0000	0.0000	0.0000	0.0000	0.0000	0.0000	0.0000	0.0000	0.0000	0.0000	0.0000	0.0000	0.0000	0.0000	0.0000	0.0000											
91	131	0.1478	7	0	1	1	0	0	0	0	0	N	N	N	N	N	N	N	N	N	N	N	N	0.0000	0.0000	0.0000	0.0000	0.0000	0.0000	0.0000	0.0000	0.0000	0.0000	0.0000	0.0000	0.0000	0.0000	0.0000	0.0000	0.0000	0.0000	0.0000	0.0000	0.0000	0.0000	0.0000	0.0000	0.0000	0.0000	0.0000	0.0000	0.0000	0.0000	0.0000	0.0000	0.0000	0.0000	0.0000	0.0000	0.0000	0.0000	0.0000	0.0000	0.0000	0.0000	0.0000	0.0000	0.0000	0.0000	0.0000	0.0000	0.0000	0.0000	0.0000	0.0000	0.0000	0.0000	0.0000	0.0000	0.0000	0.0000	0.0000	0.0000	0.0000	0.0000	0.0000	0.0000	0.0000	0.0000	0.0000	0.0000	0.0000	0.0000	0.0000	0.0000	0.0000	0.0000	0.0000	0.0000	0.0000	0.0000											
91	132	0.1574	8	0	0	2	1	0	0	0	0	N	N	Y	N	N	N	N	N	N	N	N	N	0.0000	0.0000	0.0000	0.0000	0.0000	0.0000	0.0000	0.0000	0.0000	0.0000	0.0000	0.0000	0.0000	0.0000	0.0000	0.0000	0.0000	0.0000	0.0000	0.0000	0.0000	0.0000	0.0000	1.9999	0.0000	0.0000	0.0000	0.0000	0.0000	0.0000	0.0000	0.0000	0.0000	0.0000	0.0000	0.0000	0.0000	0.0000	0.0000	0.0000	0.0000	0.0000	0.0000	0.0000	0.0000	0.0000	0.0000	0.0000	0.0000	0.0000	0.0000	0.0000	0.0000	0.0000	0.0000	0.0000	0.0000	0.0000	0.0000	0.0000	0.0000	0.0000	0.0000	0.0000	0.0000	0.0000	0.0000	0.0000	0.0000	0.0000	0.0000	0.0000	0.0000	0.0000	0.0000	0.0000	0.0000	0.0000											
91	133	0.1684	9	0	0	2	1	0	0	0	0	N	N	Y	N	N	N	N	N	N	N	N	N	0.0000	0.0000	0.0000	0.0000	0.0000	0.0000	0.0000	0.0000	0.0000	0.0000	0.0000	0.0000	0.0000	0.0000	0.0000	0.0000	0.0000	0.0000	0.0000	0.0000	0.0000	1.0000	0.0000	0.0000	0.0000	0.0000	0.0000	0.0000	0.0000	0.0000	0.0000	0.0000	0.0000	0.0000	0.0000	0.0000	0.0000	0.0000	0.0000	0.0000	0.0000	0.0000	0.0000	0.0000	0.0000	0.0000	0.0000	0.0000	0.0000	0.0000	0.0000	0.0000	0.0000	0.0000	0.0000	0.0000	0.0000	0.0000	0.0000	0.0000	0.0000	0.0000	0.0000	0.0000	0.0000	0.0000	0.0000	0.0000	0.0000	0.0000	0.0000	0.0000	0.0000	0.0000	0.0000	0.0000	0.0000	0.0000											
91	134	0.1684	9	0	0	2	1	0	0	0	0	N	N	Y	N	N	N	N	N	N	N	N	N	0.0000	0.0000	0.0000	0.0000	0.0000	0.0000	0.0000	0.0000	0.0000	0.0000	0.0000	0.0000	0.0000	0.0000	0.0000	0.0000	0.0000	0.0000	0.0000	0.0000	0.0000	0.0000	0.0000	0.0000	0.0000	0.0000	0.0000	0.0000	0.0000	0.0000	0.0000	0.0000	0.0000	0.0000	0.0000	0.0000	0.0000	0.0000	0.0000	0.0000	0.0000	0.0000	0.0000	0.0000	0.0000	0.0000	0.0000	0.0000	0.0000	0.0000	0.0000	0.0000	0.0000	0.0000	0.0000	0.0000	0.0000	0.0000	0.0000	0.0000	0.0000	0.0000	0.0000	0.0000	0.0000	0.0000	0.0000	0.0000	0.0000	0.0000	0.0000	0.0000	0.0000	0.0000	0.0000	0.0000	0.0000	0.0000											
91	135	0.1574	8	0	0	2	1	0	0	0	0	N	N	Y	N	N	N	N	N	N	N	N	N	0.0000	0.0000	0.0000	0.0000	0.0000	0.0000	0.0000	0.0000	0.0000	0.0000	0.0000	0.0000	0.0000	0.0000	0.0000	0.0000	0.0000	0.0000	0.0000	0.0000	0.0000	2.0025	0.0000	0.9943	0.0000	0.0000	0.0000	0.0000	0.0000	0.0000	0.0000	0.0000	0.0000	0.0000	0.0000	0.0000	0.0000	0.0000	0.0000	0.0000	0.0000	0.0000	0.0000	0.0000	0.0000	0.0000	0.0000	0.0000	0.0000	0.0000	0.0000	0.0000	0.0000	0.0000	0.0000	0.0000	0.0000	0.0000	0.0000	0.0000	0.0000	0.0000	0.0000	0.0000	0.0000	0.0000	0.0000	0.0000	0.0000	0.0000	0.0000	0.0000	0.0000	0.0000	0.0000	0.0000	0.0000	0.0000											
91	136	0.1574	7	0	0	1	1	0	0	0	0	N	N	N	N	N	N	N	N	N	N	N	N	0.0000	0.0000	0.0000	0.0000	0.0000	0.0000	0.0000	0.0000	0.0000	0.0000	0.0000	0.0000	0.0000	0.0000	0.0000	0.0000	0.0000	0.0000	0.0000	0.0000	0.0000	0.0050	0.0000	0.0173	0.0000	0.0000	0.0000	0.0000	0.0000	0.0000	0.0000	0.0000	0.0000	0.0000	0.0000	0.0000	0.0000	0.0000	0.0000	0.0000	0.0000	0.0000	0.0000	0.0000	0.0000	0.0000	0.0000	0.0000	0.0000	0.0000	0.0000	0.0000	0.0000	0.0000	0.0000	0.0000	0.0000	0.0000	0.0000	0.0000	0.0000	0.0000	0.0000	0.0000	0.0000	0.0000	0.0000	0.0000	0.0000	0.0000	0.0000	0.0000	0.0000	0.0000	0.0000	0.0000	0.0000	0.0000											
91	137	0.1478	6	0	0	1	1	0	0	0	0	N	N	N	N	N	N	N	N	N	N	N	N	0.0000	0.0000	0.0000	0.0000	0.0000	0.0000	0.0000	0.0000	0.0000	0.0000	0.0000	0.0000	0.0000	0.0000	0.0000	0.0000	0.0000	0.0000	0.0000	0.0000	0.0000	1.9972	0.0000	1.0076	0.0000	0.0000	0.0000	0.0000	0.0000	0.0000	0.0000	0.0000	0.0000	0.0000	0.0000	0.0000	0.0000	0.0000	0.0000	0.0000	0.0000	0.0000	0.0000	0.0000	0.0000	0.0000	0.0000	0.0000	0.0000	0.0000	0.0000	0.0000	0.0000	0.0000	0.0000	0.0000	0.0000	0.0000	0.0000	0.0000	0.0000	0.0000	0.0000	0.0000	0.0000	0.0000	0.0000	0.0000	0.0000	0.0000	0.0000	0.0000	0.0000	0.0000	0.0000	0.0000	0.0000	0.0000											
91	138	0.1305	5	1	1	1	0	0	0	0	0	N	N	N	N	N	N	N	N	N	N	N	N	0.0000	0.0000	0.0000	0.0000	0.0000	0.0000	0.0000	0.0000	0.0000	0.0000	0.0000	0.0000	0.0000	0.0000	0.0000	0.0000	0.0000	0.0000	0.0000	0.0000	0.0000	0.0002	0.0000	2.3255	0.0000	0.0000	0.0000	0.0000	0.0000	0.0000	0.0000	0.0000	0.0000	0.0000	0.0000	0.0000	0.0000	0.0000	0.0000	0.0000	0.0000	0.0000	0.0000	0.0000	0.0000	0.0000	0.0000	0.0000	0.0000	0.0000	0.0000	0.0000	0.0000	0.0000	0.0000	0.0000	0.0000	0.0000	0.0000	0.0000	0.0000	0.0000	0.0000	0.0000	0.0000	0.0000	0.0000	0.0000	0.0000	0.0000	0.0000	0.0000	0.0000	0.0000	0.0000	0.0000	0.0000	0.0000											
91	139	0.1126	4	1	1	1	0	0	0	0	0	N	N	N	N	N	N	N	N	N	N	N	N	0.0000	0.0000	0.0000	0.0000	0.0000	0.0000	0.0000	0.0000	0.0000	0.0000	0.0000	0.0000	0.0000	0.0000	0.0000	0.0000	0.0000	0.0000	0.0000	0.0000	0.0000	2.0138	0.0000	2.7349	0.0000	0.0000	0.0000	0.0000	0.0000	0.0000	0.0000	0.0000	0.0000	0.0000	0.0000	0.0000	0.0000	0.0000	0.0000	0.0000	0.0000	0.0000	0.0000	0.0000	0.0000	0.0000	0.0000	0.0000	0.0000	0.0000	0.0000	0.0000	0.0000	0.0000	0.0000	0.0000	0.0000	0.0000	0.0000	0.0000	0.0000	0.0000	0.0000	0.0000	0.0000	0.0000	0.0000	0.0000	0.0000	0.0000	0.0000	0.0000	0.0000	0.0000	0.0000	0.0000	0.0000	0.0000											
91	140	0.1292	5	0	1	1	0	0	0	0	0	N	N	N	N	N	N	N	N	N	N	N	N	0.0000	0.0000	0.0000	0.0000	0.0000	0.0000	0.0000	0.0000	0.0000	0.0000	0.0000	0.0000	0.0000	0.0000	0.0000	0.0000	0.0000	0.0000	0.0000	0.0000	0.0000	1.9232	0.0000	1.1116	0.0000	0.0000	0.0000	0.0000	0.0000	0.0000	0.0000	0.0000	0.0000	0.0000	0.0000	0.0000	0.0000	0.0000	0.0000	0.0000	0.0000	0.0000	0.0000	0.0000	0.0000	0.0000	0.0000	0.0000	0.0000	0.0000	0.0000	0.0000	0.0000	0.0000	0.0000	0.0000	0.0000	0.0000	0.0000	0.0000	0.0000	0.0000	0.0000	0.0000	0.0000	0.0000	0.0000	0.0000	0.0000	0.0000	0.0000	0.0000	0.0000	0.0000	0.0000	0.0000	0.0000	0.0000											
91	141	0.6376	7	0	1	1	0	0	0	0	0	N	N	N	N	N	N	N	N	N	N	N	N	0.0000	0.0000	0.0000	0.0000	0.0000	0.0000	0.0000	0.0000	0.0000	0.0000	0.0000	0.0000	0.0000	0.0000	0.0000	0.0000	0.0000	0.0000	0.0000	0.0000	0.0000	3.0000	0.0000	1.0000	0.0000	0.0000	0.0000	0.0000	0.0000	0.0000	0.0000	0.0000	0.0000	0.0000	0.0000	0.0000	0.0000	0.0000	0.0000	0.0000	0.0000	0.0000	0.0000	0.0000	0.0000	0.0000	0.0000	0.0000	0.0000	0.0000	0.0000	0.0000	0.0000	0.0000	0.0000	0.0000	0.0000	0.0000	0.0000	0.0000	0.0000	0.0000	0.0000	0.0000	0.0000	0.0000	0.0000	0.0000	0.0000	0.0000	0.0000	0.0000	0.0000	0.0000	0.0000	0.0000	0.0000	0.0000											
91	142	0.6184	6	0	0	1	0	0	0	0	0	N	N	N	N	N	N	N	N	N	N	N	N	0.0000	0.0000	0.0000	0.0000	0.0000	0.0000	0.0000	0.0000	0.0000	0.0000	0.0000	0.0000	0.0000	0.0000	0.0000	0.0000	0.0000	0.0000	0.0000	0.0000	0.0000	1.0000	0.0000	1.0000	0.0000	0.0000	0.0000	0.0000	0.0000	0.0000	0.0000	0.0000	0.0000	0.0000	0.0000	0.0000	0.0000	0.0000	0.0000	0.0000	0.0000	0.0000	0.0000	0.0000	0.0000	0.0000	0.0000	0.0000	0.0000	0.0000	0.0000	0.0000	0.0000	0.0000	0.0000	0.0000	0.0000	0.0000	0.0000	0.0000	0.0000	0.0000	0.0000	0.0000	0.0000	0.0000	0.0000	0.0000	0.0000	0.0000	0.0000	0.0000	0.0000	0.0000	0.0000	0.0000	0.0000	0.0000											
91	143	0.3680	5	0	0	1	0	0	0	0	0	N	N	N	N	N	N	N	N	N	N	N	N	0.0000	0.0000	0.0000	0.0000	0.0000	0.0000	0.0000	0.0000	0.0000	0.0000	0.0000	0.0000	0.0000	0.0000	0.0000	0.0000	0.0000	0.0000	0.0000	0.0000	0.0000	7.1211	0.0000	10.9474	0.0000	0.0000	0.0000	0.0000	0.0000	0.0000	0.0000	0.0000	0.0000	0.0000	0.0000	0.0000	0.0000	0.0000	0.0000	0.0000	0.0000	0.0000	0.0000	0.0000	0.0000	0.0000	0.0000	0.0000	0.0000	0.0000	0.0000	0.0000	0.0000	0.0000	0.0000	0.0000	0.0000	0.0000	0.0000	0.0000	0.0000	0.0000	0.0000	0.0000	0.0000	0.0000	0.0000	0.0000	0.0000	0.0000	0.0000	0.0000	0.0000	0.0000	0.0000	0.0000	0.0000	0.0000											
91	144	0.1732	4	0	0	1	0	0	0	0	0	N	N	N	N	N	N	N	N	N	N	N	N	0.0000	0.0000	0.0000	0.0000	0.0000	0.0000	0.0000	0.0000	0.0000	0.0000	0.0000	0.0000	0.0000	0.0000	0.0000	0.0000	0.0000	0.0000	0.0000	0.0000	0.0000	8.5175	0.0000	23.1696	0.0000	0.0000	0.0000	0.0000	0.0000	0.0000	0.0000	0.0000	0.0000	0.0000	0.0000	0.0000	0.0000	0.0000	0.0000	0.0000	0.0000	0.0000	0.0000	0.0000	0.0000	0.0000	0.0000	0.0000	0.0000	0.0000	0.0000	0.0000	0.0000	0.0000	0.0000	0.0000	0.0000	0.0000	0.0000	0.0000	0.0000	0.0000	0.0000	0.0000	0.0000	0.0000	0.0000	0.0000	0.0000	0.0000	0.0000	0.0000	0.0000	0.0000	0.0000	0.0000	0.0000	0.0000											
91	145	0.1478	7	1	1	1	0	0	0	0	0	N	N	N	N	N	N	N	N	N	N	N	N	0.0000	0.0000	0.0000	0.0000	0.0000	0.0000	0.0000	0.0000	0.0000	0.0000	0.0000	0.0000	0.0000	0.0000	0.0000	0.0000	0.0000	0.0000	0.0000	0.0000	0.0000	1.0000	0.0000	1.0000	0.0000	0.0000	0.0000	0.0000	0.0000	0.0000	0.0000	0.0000	0.0000	0.0000	0.0000	0.0000	0.0000	0.0000	0.0000	0.0000	0.0000	0.0000	0.0000	0.0000	0.0000	0.0000	0.0000	0.0000	0.0000	0.0000	0.0000	0.0000	0.0000	0.0000	0.0000	0.0000	0.0000	0.0000	0.0000	0.0000	0.0000	0.0000	0.0000	0.0000	0.0000	0.0000	0.0000	0.0000	0.0000	0.0000	0.0000	0.0000	0.0000	0.0000	0.0000	0.0000	0.0000	0.0000											
91	146	0.1478	6	0	1	1	0	0	0	0	0	N	N	N	N	N	N	N	N	N	N	N	N	0.0000	0.0000	0.0000	0.0000	0.0000	0.0000	0.0000	0.0000	0.0000	0.0000	0.0000	0.0000	0.0000	0.0000	0.0000	0.0000	0.0000	0.0000	0.0000	0.0000	0.0000	0.0003	0.0000	0.0000	0.0000	0.0000	0.0000	0.0000	0.0000	0.0000	0.0000	0.0000	0.0000	0.0000	0.0000	0.0000	0.0000	0.0000	0.0000	0.0000	0.0000	0.0000	0.0000	0.0000	0.0000	0.0000	0.0000	0.0000	0.0000	0.0000	0.0000	0.0000	0.0000	0.0000	0.0000	0.0000	0.0000	0.0000	0.0000	0.0000	0.0000	0.0000	0.0000	0.0000	0.0000	0.0000	0.0000	0.0000	0.0000	0.0000	0.0000	0.0000	0.0000	0.0000	0.0000	0.0000	0.0000	0.0000											
91	147	0.1292	5	0	0	1	0	0	0	0	0	N	N	N	N	N	N	N	N	N	N	N	N	0.0000	0.0000	0.0000	0.0000	0.0000	0.0000	0.0000	0.0000	0.0000	0.0000	0.0000	0.0000	0.0000	0.0000	0.0000	0.0000	0.0000	0.0000	0.0000	0.0000	0.0000	4.9449	0.0000	1.0063	0.0000	0.0000	0.0000	0.0000	0.0000	0.0000	0.0000	0.0000	0.0000	0.0000	0.0000	0.0000	0.0000	0.0000	0.0000	0.0000	0.0000	0.0000	0.0000	0.0000	0.0000	0.0000	0.0000	0.0000	0.0000	0.0000	0.0000	0.0000	0.0000	0.0000	0.0000	0.0000	0.0000	0.0000	0.0000	0.0000	0.0000	0.0000	0.0000	0.0000	0.0000	0.0000	0.0000	0.0000	0.0000	0.0000	0.0000	0.0000	0.0000	0.0000	0.0000	0.0000	0.0000	0.0000											
91	148	0.1126	4	0	0	1	0	0	0	0	0	N	N	N	N	N	N	N	N	N	N	N	N	0.0000	0.0000	0.0000	0.0000	0.0000	0.0000	0.0000	0.0000	0.0000	0.0000	0.0000	0.0000	0.0000	0.0000	0.0000	0.0000	0.0000	0.0000	0.0000	0.0000	0.0000	3.4778	0.0000	1.2917	0.0000	0.0000	0.0000	0.0000	0.0000	0.0000	0.0000	0.0000	0.0000	0.0000	0.0000	0.0000	0.0000	0.0000	0.0000	0.0000	0.0000	0.0000	0.0000	0.0000	0.0000	0.0000	0.0000	0.0000	0.0000	0.0000	0.0000	0.0000	0.0000	0.0000	0.0000	0.0000	0.0000	0.0000	0.0000	0.0000	0.0000	0.0000	0.0000	0.0000	0.0000	0.0000	0.0000	0.0000	0.0000	0.0000	0.0000	0.0000	0.0000	0.0000	0.0000	0.0000	0.0000	0.0000											
91	149	0.0623	3	0	0	1	0	0	0	0	0	N	N	N	N	N	N	N	N	N	N	N	N	0.0000	0.0000	0.0000	0.0000	0.0000	0.0000	0.0000	0.0000	0.0000	0.0000	0.0000	0.0000	0.0000	0.0000	0.0000	0.0000	0.0000	0.0000	0.0000	0.0000	0.0000	7.8050	0.0000	4.0035	0.0000	0.0000	0.0000	0.0000	0.0000	0.0000	0.0000	0.0000	0.0000	0.0000	0.0000	0.0000	0.0000	0.0000	0.0000	0.0000	0.0000	0.0000	0.0000	0.0000	0.0000	0.0000	0.0000	0.0000	0.0000	0.0000	0.0000	0.0000	0.0000	0.0000	0.0000	0.0000	0.0000	0.0000	0.0000	0.0000	0.0000	0.0000	0.0000	0.0000	0.0000	0.0000	0.0000	0.0000	0.0000	0.0000	0.0000	0.0000	0.0000	0.0000	0.0000	0.0000	0.0000	0.0000											
91	150	0.1896	5	0	0	1	0	0	0	0	0	N	N	N	N	N	N	N	N	N	N	N	N	0.0000	0.0000	0.0000	0.0000	0.0000	0.0000	0.0000	0.0000	0.0000	0.0000	0.0000	0.0000	0.0000	0.0000	0.0000	0.0000	0.0000	0.0000	0.0000	0.0000	0.0000	3.7255	0.0000	14.1767	0.0000	0.0000	0.0000	0.0000	0.0000	0.0000	0.0000	0.0000	0.0000	0.0000	0.0000	0.0000	0.0000	0.0000	0.0000	0.0000	0.0000	0.0000	0.0000	0.0000	0.0000	0.0000	0.0000	0.0000	0.0000	0.0000	0.0000	0.0000	0.0000	0.0000	0.0000	0.0000	0.0000	0.0000	0.0000	0.0000	0.0000	0.0000	0.0000	0.0000	0.0000	0.0000	0.0000	0.0000	0.0000	0.0000	0.0000	0.0000	0.0000	0.0000	0.0000	0.0000	0.0000	0.0000											
91	151	0.1732	4	0	0	1	0	0	0	0	0	N	N	N	N	N	N	N	N	N	N	N	N	0.0000	0.0000	0.0000	0.0000	0.0000	0.0000	0.0000	0.0000	0.0000	0.0000	0.0000	0.0000	0.0000	0.0000	0.0000	0.0000	0.0000	0.0000	0.0000	0.0000	0.0000	1.4205	0.0000	4.0377	0.0000	0.0000	0.0000	0.0000	0.0000	0.0000	0.0000	0.0000	0.0000	0.0000	0.0000	0.0000	0.0000	0.0000	0.0000	0.0000	0.0000	0.0000	0.0000	0.0000	0.0000	0.0000	0.0000	0.0000	0.0000	0.0000	0.0000	0.0000	0.0000	0.0000	0.0000	0.0000	0.0000	0.0000	0.0000	0.0000	0.0000	0.0000	0.0000	0.0000	0.0000	0.0000	0.0000	0.0000	0.0000	0.0000	0.0000	0.0000	0.0000	0.0000	0.0000	0.0000	0.0000	0.0000											
91	152	0.0623	3	0	0	1	0	0	0	0	0	N	N	N	N	N	N	N	N	N	N	N	N	0.0000	0.0000	0.0000	0.0000	0.0000	0.0000	0.0000	0.0000	0.0000	0.0000	0.0000	0.0000	0.0000	0.0000	0.0000	0.0000	0.0000	0.0000	0.0000	0.0000	0.0000	6.4701	0.0000	12.4371	0.0000	0.0000	0.0000	0.0000	0.0000	0.0000	0.0000	0.0000	0.0000	0.0000	0.0000	0.0000	0.0000	0.0000	0.0000	0.0000	0.0000	0.0000	0.0000	0.0000	0.0000	0.0000	0.0000	0.0000	0.0000	0.0000	0.0000	0.0000	0.0000	0.0000	0.0000	0.0000	0.0000	0.0000	0.0000	0.0000	0.0000	0.0000	0.0000	0.0000	0.0000	0.0000	0.0000	0.0000	0.0000	0.0000	0.0000	0.0000	0.0000	0.0000	0.0000	0.0000	0.0000	0.0000											
92	94	0.1198	4	1	1	1	0	0	0	0	0	N	N	N	N	N	N	N	N	N	N	N	N	0.0000	0.0000	0.0000	0.0000	0.0000	0.0000	0.0000	0.0000	0.0000	0.0000	0.0000	0.0000	0.0000	0.0000	0.0000	0.0000	0.0000	0.0000	0.0000	0.0000	3.7221	5.9980	2.9993	4.9575	0.0000	0.0000	0.0000	0.0000	0.0000	0.0000	0.0000	0.0000	0.0000	0.0000	0.0000	0.0000	0.0000	0.0000	0.0000	0.0000	0.0000	0.0000	0.6771	0.6137	0.0634	0.3463	0.3266	0.0197	0.3308	0.2871	0.0437	0.1178	0.0591	0.0587	0.0100	0.0098	0.0002	0.1078	0.0493	0.0585	0.0000	0.0000	0.0000	0.0000	0.0000	0.0000	0.0000	0.0000	0.0000	0.0000	0.0000	0.0000	0.0000	0.0000	0.0000	0.0000	0.0000	0.0000											
92	95	0.6408	6	1	1	1	0	0	0	0	0	N	N	N	N	N	N	N	N	N	N	N	N	0.0000	0.0000	0.0000	0.0000	0.0000	0.0000	0.0000	0.0000	0.0000	0.0000	0.0000	0.0000	0.0000	0.0000	0.0000	0.0000	0.0000	0.0000	0.0000	0.0000	3.7221	0.0000	2.9993	2.0000	0.0000	0.0000	0.0000	0.0000	0.0000	0.0000	0.0000	0.0000	0.0000	0.0000	0.0000	0.0000	0.0000	0.0000	0.0000	0.0000	0.0000	0.0000	0.0000	0.0000	0.0000	0.0000	0.0000	0.0000	0.0000	0.0000	0.0000	0.0209	0.0122	0.0088	0.0100	0.0086	0.0014	0.0109	0.0036	0.0073	0.0000	0.0000	0.0000	0.0000	0.0000	0.0000	0.0000	0.0000	0.0000	0.0000	0.0000	0.0000	0.0000	0.0000	0.0000	0.0000	0.0000	0.0000											
92	96	0.6184	5	0	1	1	0	0	0	0	0	N	N	N	N	N	N	N	N	N	N	N	N	0.0000	0.0000	0.0000	0.0000	0.0000	0.0000	0.0000	0.0000	0.0000	0.0000	0.0000	0.0000	0.0000	0.0000	0.0000	0.0000	0.0000	0.0000	0.0000	0.0000	3.7221	4.0000	2.9993	0.0000	0.0000	0.0000	0.0000	0.0000	0.0000	0.0000	0.0000	0.0000	0.0000	0.0000	0.0000	0.0000	0.0000	0.0000	0.0000	0.0000	0.0000	0.0000	0.3775	0.3434	0.0341	0.2448	0.2296	0.0152	0.1327	0.1138	0.0189	0.0223	0.0114	0.0109	0.0080	0.0068	0.0012	0.0143	0.0046	0.0097	0.0000	0.0000	0.0000	0.0000	0.0000	0.0000	0.0000	0.0000	0.0000	0.0000	0.0000	0.0000	0.0000	0.0000	0.0000	0.0000	0.0000	0.0000											
92	97	0.0623	2	0	0	1	0	0	0	0	0	N	N	N	N	N	N	N	N	N	N	N	N	0.0000	0.0000	0.0000	0.0000	0.0000	0.0000	0.0000	0.0000	0.0000	0.0000	0.0000	0.0000	0.0000	0.0000	0.0000	0.0000	0.0000	0.0000	0.0000	0.0000	3.7221	3.9994	2.9993	4.0000	0.0000	0.0000	0.0000	0.0000	0.0000	0.0000	0.0000	0.0000	0.0000	0.0000	0.0000	0.0000	0.0000	0.0000	0.0000	0.0000	0.0000	0.0000	0.5781	0.5122	0.0659	0.0537	0.0520	0.0016	0.5244	0.4602	0.0642	0.1619	0.0869	0.0750	0.0051	0.0051	0.0000	0.1567	0.0818	0.0750	0.0000	0.0000	0.0000	0.0000	0.0000	0.0000	0.0000	0.0000	0.0000	0.0000	0.0000	0.0000	0.0000	0.0000	0.0000	0.0000	0.0000	0.0000											
92	98	0.6184	5	0	0	1	0	0	0	0	0	N	N	N	N	N	N	N	N	N	N	N	N	0.0000	0.0000	0.0000	0.0000	0.0000	0.0000	0.0000	0.0000	0.0000	0.0000	0.0000	0.0000	0.0000	0.0000	0.0000	0.0000	0.0000	0.0000	0.0000	0.0000	3.7221	1.0000	2.9993	0.0000	0.0000	0.0000	0.0000	0.0000	0.0000	0.0000	0.0000	0.0000	0.0000	0.0000	0.0000	0.0000	0.0000	0.0000	0.0000	0.0000	0.0000	0.0000	0.1852	0.1684	0.0167	0.1217	0.1141	0.0076	0.0634	0.0543	0.0091	0.0105	0.0054	0.0052	0.0038	0.0032	0.0006	0.0067	0.0022	0.0046	0.0000	0.0000	0.0000	0.0000	0.0000	0.0000	0.0000	0.0000	0.0000	0.0000	0.0000	0.0000	0.0000	0.0000	0.0000	0.0000	0.0000	0.0000											
92	99	0.1732	3	0	0	1	0	0	0	0	0	N	N	N	N	N	N	N	N	N	N	N	N	0.0026	0.0017	0.3296	0.0591	0.0673	0.0025	0.0000	0.3348	0.0002	0.0002	0.0004	0.0007	0.0007	0.0000	0.0001	0.0000	0.0004	0.0836	0.1201	0.0011	0.0116	0.0104	0.0000	0.0223	0.3190	0.0012	0.2354	0.1529	-0.0000	-0.0004	3.7221	1.5982	2.9993	11.1970	0.0001	0.0001	0.0000	0.0001	0.0001	0.0000	0.0000	0.0000	0.0000	0.0010	0.0008	0.0001	0.0002	0.0002	0.0000	0.0008	0.0006	0.0001	0.3467	0.3079	0.0388	0.0895	0.0876	0.0019	0.2572	0.2203	0.0369	0.2914	0.1762	0.1152	0.0661	0.0622	0.0039	0.2252	0.1140	0.1113	0.0650	0.0413	0.3296	0.2157	0.2073	0.0000	0.0164	0.0000	0.3348	0.0034	0.0048	0.0011	0.0032	0.0034	0.0000	0.0034	0.0056	0.0012	
92	100	0.1212	5	1	1	2	0	0	0	0	0	N	N	Y	N	N	N	N	N	N	N	N	N	0.0000	0.0000	0.0000	0.0000	0.0000	0.0000	0.0000	0.0000	0.0000	0.0000	0.0000	0.0000	0.0000	0.0000	0.0000	0.0000	0.0000	0.0000	0.0000	0.0000	3.7221	0.0000	2.9993	0.9982	0.0000	0.0000	0.0000	0.0000	0.0000	0.0000	0.0000	0.0000	0.0000	0.0000	0.0000	0.0000	0.0000	0.0000	0.0000	0.0000	0.0000	0.0000	0.0137	0.0128	0.0009	0.0115	0.0111	0.0003	0.0023	0.0017	0.0006	0.0119	0.0060	0.0060	0.0011	0.0011	0.0000	0.0109	0.0049	0.0060	0.0000	0.0000	0.0000	0.0000	0.0000	0.0000	0.0000	0.0000	0.0000	0.0000	0.0000	0.0000	0.0000	0.0000	0.0000	0.0000	0.0000	0.0000											
92	101	0.6531	8	1	1	2	0	0	0	0	0	N	N	Y	N	N	N	N	N	N	N	N	N	0.0000	0.0000	0.0000	0.0000	0.0000	0.0000	0.0000	0.0000	0.0000	0.0000	0.0000	0.0000	0.0000	0.0000	0.0000	0.0000	0.0000	0.0000	0.0000	0.0000	3.7221	0.0000	2.9993	0.0000	0.0000	0.0000	0.0000	0.0000	0.0000	0.0000	0.0000	0.0000	0.0000	0.0000	0.0000	0.0000	0.0000	0.0000	0.0000	0.0000	0.0000	0.0000	0.0000	0.0000	0.0000	0.0000	0.0000	0.0000	0.0000	0.0000	0.0000	0.0000	0.0000	0.0000	0.0000	0.0000	0.0000	0.0000	0.0000	0.0000	0.0000	0.0000	0.0000	0.0000	0.0000	0.0000	0.0000	0.0000	0.0000	0.0000	0.0000	0.0000	0.0000	0.0000	0.0000	0.0000	0.0000	0.0000											
92	102	0.6531	7	1	0	2	0	0	0	0	0	N	N	Y	N	N	N	N	N	N	N	N	N	0.0000	0.0000	0.0000	0.0000	0.0000	0.0000	0.0000	0.0000	0.0000	0.0000	0.0000	0.0000	0.0000	0.0000	0.0000	0.0000	0.0000	0.0000	0.0000	0.0000	3.7221	0.0000	2.9993	0.0000	0.0000	0.0000	0.0000	0.0000	0.0000	0.0000	0.0000	0.0000	0.0000	0.0000	0.0000	0.0000	0.0000	0.0000	0.0000	0.0000	0.0000	0.0000	0.0000	0.0000	0.0000	0.0000	0.0000	0.0000	0.0000	0.0000	0.0000	0.0000	0.0000	0.0000	0.0000	0.0000	0.0000	0.0000	0.0000	0.0000	0.0000	0.0000	0.0000	0.0000	0.0000	0.0000	0.0000	0.0000	0.0000	0.0000	0.0000	0.0000	0.0000	0.0000	0.0000	0.0000	0.0000	0.0000											
92	103	0.6470	6	1	0	2	0	0	0	0	0	N	N	Y	N	N	N	N	N	N	N	N	N	0.0000	0.0000	0.0000	0.0000	0.0000	0.0000	0.0000	0.0000	0.0000	0.0000	0.0000	0.0000	0.0000	0.0000	0.0000	0.0000	0.0000	0.0000	0.0000	0.0000	3.7221	0.0000	2.9993	1.0091	0.0000	0.0000	0.0000	0.0000	0.0000	0.0000	0.0000	0.0000	0.0000	0.0000	0.0000	0.0000	0.0000	0.0000	0.0000	0.0000	0.0000	0.0000	0.0000	0.0000	0.0000	0.0000	0.0000	0.0000	0.0000	0.0000	0.0000	0.0106	0.0061	0.0045	0.0051	0.0044	0.0007	0.0055	0.0018	0.0037	0.0000	0.0000	0.0000	0.0000	0.0000	0.0000	0.0000	0.0000	0.0000	0.0000	0.0000	0.0000	0.0000	0.0000	0.0000	0.0000	0.0000	0.0000											
92	104	0.0623	2	0	1	1	0	0	0	0	0	N	N	N	N	N	N	N	N	N	N	N	N	inf	inf	inf	inf	inf	inf	2.6560	2.9900	0.0000	7.4891	7.7211	0.0000	2.1542	2.4484	0.0000	0.0000	0.0000	0.0000	0.0000	0.0000	0.0000	0.0000	0.0000	0.0000	0.0000	-0.7082	0.0000	3.7221	7.9994	2.9993	4.0001	2.7220	2.7220	0.0000	0.7220	0.7220	0.0000	2.0000	2.0000	0.0000	0.0000	0.0000	0.0000	0.0000	0.0000	0.0000	0.0000	0.0000	0.0000	1.0248	0.9104	0.1144	0.0964	0.0935	0.0029	0.9284	0.8169	0.1115	0.2242	0.1195	0.1047	0.0073	0.0072	0.0001	0.2169	0.1123	0.1046	inf	inf	0.0000	inf	inf	0.0000	inf	inf	0.0000	0.0000	0.0000	0.0000	0.0000	0.0000	0.0000	0.0000	0.0000	0.0000				
92	105	0.1247	6	1	0	2	0	0	0	0	0	N	N	Y	N	N	N	N	N	N	N	N	N	0.0000	0.0000	inf	0.0000	0.0000	inf	0.0000	0.0000	0.0000	0.0000	0.0000	0.0000	0.0000	0.0000	0.0000	0.0166	0.0408	0.0000	0.3267	0.3042	0.0000	0.0000	0.0000	0.0000	inf	0.0000	0.0000	-0.0000	3.7221	1.0000	2.9993	1.0005	0.0000	0.0000	0.0000	0.0000	0.0000	0.0000	0.0000	0.0000	0.0000	0.0000	0.0000	0.0000	0.0000	0.0000	0.0000	0.0000	0.0000	0.0000	0.1276	0.1159	0.0117	0.0686	0.0649	0.0038	0.0590	0.0511	0.0079	0.0235	0.0117	0.0118	0.0020	0.0020	0.0000	0.0215	0.0097	0.0117	0.0000	0.0000	inf	0.0000	0.0000	inf	0.0000	0.0000	0.0000	0.0017	0.0034	0.0000	0.0200	0.0204	0.0000	0.0000	0.0000	0.0000			
92	106	0.1212	5	1	0	2	0	0	0	0	0	N	N	Y	N	N	N	N	N	N	N	N	N	0.0000	0.0000	0.0000	inf	inf	0.0000	0.0000	0.0000	0.0000	0.0000	0.0000	0.0000	0.0000	0.0000	0.0000	0.0000	0.0000	0.1553	0.0174	0.0105	0.0000	0.0000	0.0000	0.0365	0.0650	0.0066	0.0000	2.9993	-0.0000	0.0000	3.7221	0.7249	2.9993	0.0368	0.0000	0.0000	0.0000	0.0000	0.0000	0.0000	0.0000	0.0000	0.0000	0.0000	0.0000	0.0000	0.0000	0.0000	0.0000	0.0000	0.0000	0.0000	0.1064	0.0970	0.0094	0.0613	0.0582	0.0031	0.0452	0.0389	0.0063	0.0092	0.0046	0.0046	0.0008	0.0008	0.0000	0.0083	0.0038	0.0046	0.0000	0.0000	0.0000	inf	inf	0.0000	0.0000	0.0000	0.0000	0.0044	0.0022	0.0065	0.0000	0.0000	0.0000	0.0048	0.0027	0.0066	
92	107	0.1198	4	1	0	2	0	0	0	0	0	N	N	Y	N	N	N	N	N	N	N	N	N	inf	inf	inf	inf	0.0000	0.0000	0.0000	0.0000	0.0000	0.0000	0.0000	0.0000	0.0000	0.0000	0.0000	0.0000	0.0000	0.0000	0.0000	0.0000	0.0000	0.0000	inf	0.0000	0.0000	3.7221	0.4159	2.9993	0.0887	0.0000	0.0000	0.0000	0.0000	0.0000	0.0000	0.0000	0.0000	0.0000	0.0000	0.0000	0.0000	0.0000	0.0000	0.0000	0.0000	0.0000	0.0000	0.0674	0.0619	0.0054	0.0422	0.0401	0.0021	0.0252	0.0218	0.0034	0.0066	0.0034	0.0032	0.0008	0.0008	0.0000	0.0058	0.0026	0.0032	inf	0.0000	inf	inf	0.0000	inf	0.0000	0.0000	0.0000	0.0000	0.0000	0.0000	0.0000	0.0000	0.0000	0.0000	0.0000	0.0000						
92	108	0.1035	3	1	0	1	0	0	0	0	0	N	N	N	N	N	N	N	N	N	N	N	N	inf	inf	inf	inf	inf	inf	inf	inf	0.0031	0.0000	0.0307	0.0011	0.0000	0.0160	0.0051	0.0000	0.0379	0.0000	0.0000	0.0000	0.0000	0.0000	0.0000	0.0000	0.0000	0.0000	1327259.4546	0.0011	0.0000	3.7221	3.9943	2.9993	0.9974	0.0015	0.0000	0.0015	0.0002	0.0000	0.0002	0.0012	0.0000	0.0012	0.0000	0.0000	0.0000	0.0000	0.0000	0.0000	0.0000	0.0000	0.0000	0.4732	0.4256	0.0476	0.2369	0.2213	0.0156	0.2362	0.2043	0.0320	0.0602	0.0286	0.0316	0.0038	0.0038	0.0000	0.0564	0.0248	0.0316	inf	inf	inf	inf	inf	inf	inf	0.0000	inf	0.0000	0.0000	0.0000	0.0000	0.0000	0.0000	0.0000	0.0000	0.0000		
92	109	0.6470	6	1	0	2	0	0	0	0	0	N	N	Y	N	N	N	N	N	N	N	N	N	0.0000	0.0000	0.0000	0.0000	0.0000	0.0000	0.0000	0.0000	0.0000	0.0000	0.0000	0.0000	0.0000	0.0000	0.0000	0.0000	0.0000	0.0000	0.0000	0.0000	3.7221	0.0000	2.9993	0.9909	0.0000	0.0000	0.0000	0.0000	0.0000	0.0000	0.0000	0.0000	0.0000	0.0000	0.0000	0.0000	0.0000	0.0000	0.0000	0.0000	0.0000	0.0000	0.0000	0.0000	0.0000	0.0000	0.0000	0.0000	0.0000	0.0000	0.0000	0.0104	0.0060	0.0044	0.0050	0.0043	0.0007	0.0054	0.0018	0.0037	0.0000	0.0000	0.0000	0.0000	0.0000	0.0000	0.0000	0.0000	0.0000	0.0000	0.0000	0.0000	0.0000	0.0000	0.0000	0.0000	0.0000	0.0000											
92	110	0.6184	5	1	0	2	0	0	0	0	0	N	N	Y	N	N	N	N	N	N	N	N	N	inf	inf	inf	inf	1.9127	2.1024	0.0000	2.9494	3.1441	0.0000	0.0000	0.0000	0.0000	0.0000	0.0000	0.0000	0.0000	0.0000	0.0000	0.0000	0.0000	0.0000	0.0000	-0.1878	0.0000	3.7221	4.0000	2.9993	0.0000	0.7220	0.7220	0.0000	0.7220	0.7220	0.0000	0.0000	0.0000	0.0000	0.0000	0.0000	0.0000	0.0000	0.0000	0.0000	0.0000	0.0000	0.0000	0.3774	0.3434	0.0341	0.2448	0.2296	0.0152	0.1327	0.1138	0.0189	0.0223	0.0114	0.0109	0.0080	0.0068	0.0012	0.0143	0.0046	0.0097	inf	inf	0.0000	inf	inf	0.0000	0.0000	0.0000	0.0000	0.0000	0.0000	0.0000	0.0000	0.0000	0.0000	0.0000	0.0000	0.0000						
92	112	0.1081	3	0	0	2	0	0	0	0	0	N	N	Y	N	N	N	N	N	N	N	N	N	0.0000	0.0000	0.0000	0.0000	0.0000	0.0000	0.0000	0.0000	0.0000	0.0000	0.0000	0.0000	0.0000	4.5801	6.0417	0.0000	0.0000	0.0000	0.0000	8.0163	13.8250	0.0000	0.0000	0.0000	-0.0000	3.7221	0.0000	2.9993	0.0001	0.0000	0.0000	0.0000	0.0000	0.0000	0.0000	0.0000	0.0000	0.0000	0.0000	0.0000	0.0000	0.0000	0.0000	0.0000	0.0000	0.0000	0.0000	0.0000	0.0000	0.0000	0.0000	0.0000	0.0000	0.0000	0.0000	0.0000	0.0000	0.0000	0.0000	0.0000	0.0000	0.0000	0.0000	0.0000	0.0000	0.0000	0.0000	0.0000	0.0000	0.0000	0.0000	0.0000	0.0000	0.0000	4.5801	6.0417	0.0000	0.0000	0.0000	0.0000	8.0163	13.8250	0.0000						
92	113	0.0623	2	0	0	2	0	0	0	0	0	N	N	Y	N	N	N	N	N	N	N	N	N	0.6173	0.1866	inf	0.6588	0.1955	inf	3.4592	1.9520	15.1802	0.0000	0.0000	0.0000	3.8131	2.1727	15.5623	5.6036	10.4592	0.0000	0.0000	0.0000	0.0000	5.7882	11.1164	0.0000	1.0000	0.0000	0.4796	-0.5219	3.7221	4.0004	2.9993	4.9999	2.0000	1.0000	1.0000	0.0000	0.0000	0.0000	2.0000	1.0000	1.0000	1.0000	1.0000	0.0000	0.0000	0.0000	0.0000	1.0000	1.0000	0.0000	0.5782	0.5123	0.0659	0.0537	0.0520	0.0016	0.5245	0.4603	0.0643	0.1785	0.0956	0.0828	0.0057	0.0057	0.0000	0.1728	0.0900	0.0828	0.6173	0.1866	inf	0.0000	0.0000	0.0000	0.6588	0.1955	inf	5.6036	10.4592	0.0000	0.0000	0.0000	0.0000	5.7882	11.1164	0.0000			
92	114	0.6510	6	0	1	1	0	0	0	0	0	N	N	N	N	N	N	N	N	N	N	N	N	2.1609	1.6748	2.1674	2.1700	inf	inf	2.7233	3.0050	0.0000	4.3711	4.6613	0.0000	0.0012	0.0014	0.0000	1.2603	1.7942	0.0000	2.0168	2.1481	0.0000	0.0000	0.0000	0.0000	0.0000	0.0000	-0.4301	-0.0040	3.7221	4.3361	2.9993	4.6323	1.6532	1.6532	0.0000	1.6529	1.6529	0.0000	0.0003	0.0003	0.0000	0.0076	0.0076	0.0000	0.0076	0.0076	0.0000	0.0000	0.0000	0.0000	0.6071	0.5501	0.0569	0.3781	0.3546	0.0235	0.2289	0.1955	0.0334	0.0793	0.0475	0.0318	0.0397	0.0343	0.0054	0.0396	0.0132	0.0264	28.3031	18.7250	0.0000	22.7468	20.9614	0.0000	inf	inf	0.0000	0.0962	0.1605	0.0000	0.1922	0.2224	0.0000	0.0000	0.0000	0.0000			
92	115	0.6184	5	0	0	1	0	0	0	0	0	N	N	N	N	N	N	N	N	N	N	N	N	inf	inf	inf	inf	inf	inf	3.5870	3.9435	0.0000	5.4609	5.8265	0.0000	0.0001	0.0002	0.0000	0.0000	0.0000	0.0000	0.0000	0.0000	0.0000	0.0000	0.0000	0.0000	0.0000	-0.1852	0.0000	3.7221	1.9840	2.9993	0.2610	0.7117	0.7117	0.0000	0.7117	0.7117	0.0000	0.0000	0.0000	0.0000	0.0000	0.0000	0.0000	0.0000	0.0000	0.0000	0.0000	0.0000	0.0000	0.1984	0.1805	0.0179	0.1303	0.1221	0.0082	0.0681	0.0583	0.0098	0.0127	0.0065	0.0063	0.0046	0.0039	0.0007	0.0082	0.0026	0.0055	inf	inf	0.0000	inf	inf	0.0000	inf	inf	0.0000	0.0000	0.0000	0.0000	0.0000	0.0000	0.0000	0.0000	0.0000	0.0000				
92	116	0.0623	2	0	1	1	1	0	0	0	0	N	N	N	N	N	N	N	N	N	N	N	N	inf	inf	inf	inf	1.4281	1.6106	0.0000	0.0000	0.0000	0.0000	1.5749	1.7935	0.0000	0.0000	0.0000	0.0000	0.0000	0.0000	0.0000	0.0000	0.0000	0.0000	0.0000	-0.2602	0.0000	3.7221	5.0006	2.9993	2.0000	1.0000	1.0000	0.0000	0.0000	0.0000	0.0000	1.0000	1.0000	0.0000	0.0000	0.0000	0.0000	0.0000	0.0000	0.0000	0.0000	0.0000	0.0000	0.7002	0.6209	0.0794	0.0653	0.0633	0.0020	0.6350	0.5576	0.0774	0.1446	0.0777	0.0669	0.0046	0.0045	0.0000	0.1400	0.0732	0.0668	inf	inf	0.0000	0.0000	0.0000	0.0000	inf	inf	0.0000	0.0000	0.0000	0.0000	0.0000	0.0000	0.0000	0.0000	0.0000	0.0000						
92	117	0.6184	5	0	1	1	1	0	0	0	0	N	N	N	N	N	N	N	N	N	N	N	N	0.0000	0.0000	0.0000	0.0000	0.0000	0.0000	0.0000	0.0000	0.0000	0.0000	0.0000	0.0000	0.0000	0.0000	0.0000	0.0000	0.0000	0.0000	0.0000	0.0000	3.7221	0.0000	2.9993	1.0000	0.0000	0.0000	0.0000	0.0000	0.0000	0.0000	0.0000	0.0000	0.0000	0.0000	0.0000	0.0000	0.0000	0.0000	0.0000	0.0000	0.0000	0.0000	0.0000	0.0000	0.0000	0.0000	0.0000	0.0000	0.0000	0.0000	0.0000	0.0080	0.0041	0.0039	0.0029	0.0024	0.0004	0.0051	0.0016	0.0035	0.0000	0.0000	0.0000	0.0000	0.0000	0.0000	0.0000	0.0000	0.0000	0.0000	0.0000	0.0000	0.0000	0.0000	0.0000	0.0000	0.0000	0.0000											
92	118	0.0623	2	0	1	1	0	0	0	0	0	N	N	N	N	N	N	N	N	N	N	N	N	inf	inf	inf	inf	inf	inf	inf	0.9896	0.4651	5.3203	4.3998	4.5353	0.0000	0.6345	0.0000	5.4628	0.0000	0.0000	0.0000	0.0000	0.0000	0.0000	0.0000	0.0000	0.0000	1.3851	0.5520	0.0000	3.7221	16.9994	2.9993	6.0000	1.7220	0.7220	1.0000	0.7220	0.7220	0.0000	1.0000	0.0000	1.0000	0.0000	0.0000	0.0000	0.0000	0.0000	0.0000	0.0000	0.0000	0.0000	1.7401	1.5521	0.1880	0.1641	0.1592	0.0049	1.5760	1.3929	0.1831	0.3522	0.1846	0.1676	0.0120	0.0119	0.0001	0.3402	0.1727	0.1676	inf	inf	inf	inf	inf	0.0000	inf	0.0000	inf	0.0000	0.0000	0.0000	0.0000	0.0000	0.0000	0.0000	0.0000	0.0000			
92	119	0.6184	5	0	1	1	0	0	0	0	0	N	N	N	N	N	N	N	N	N	N	N	N	inf	inf	inf	inf	1.5731	1.7290	0.0000	2.4405	2.6006	0.0000	0.0000	0.0000	0.0000	0.0000	0.0000	0.0000	0.0000	0.0000	0.0000	0.0000	0.0000	0.0000	0.0000	-0.1878	0.0000	3.7221	5.0000	2.9993	6.0000	0.7220	0.7220	0.0000	0.7220	0.7220	0.0000	0.0000	0.0000	0.0000	0.0000	0.0000	0.0000	0.0000	0.0000	0.0000	0.0000	0.0000	0.0000	0.4589	0.4176	0.0414	0.2958	0.2776	0.0182	0.1631	0.1400	0.0232	0.0571	0.0292	0.0279	0.0208	0.0176	0.0032	0.0363	0.0116	0.0247	inf	inf	0.0000	inf	inf	0.0000	0.0000	0.0000	0.0000	0.0000	0.0000	0.0000	0.0000	0.0000	0.0000	0.0000	0.0000	0.0000						
92	120	0.6465	6	0	1	1	0	0	0	0	0	N	N	N	N	N	N	N	N	N	N	N	N	inf	inf	inf	inf	inf	inf	6.5334	7.3000	0.0000	9.9039	10.8781	0.0000	0.0023	0.0027	0.0000	0.0000	0.0000	0.0000	0.0000	0.0000	0.0000	0.0000	0.0000	0.0000	0.0000	-0.1854	0.0000	3.7221	0.9998	2.9993	0.9486	0.7124	0.7124	0.0000	0.7123	0.7123	0.0000	0.0001	0.0001	0.0000	0.0000	0.0000	0.0000	0.0000	0.0000	0.0000	0.0000	0.0000	0.0000	0.1090	0.0976	0.0115	0.0719	0.0655	0.0064	0.0371	0.0321	0.0050	0.0195	0.0106	0.0088	0.0091	0.0080	0.0012	0.0103	0.0027	0.0077	inf	inf	0.0000	inf	inf	0.0000	inf	inf	0.0000	0.0000	0.0000	0.0000	0.0000	0.0000	0.0000	0.0000	0.0000	0.0000				
92	121	0.6184	5	0	1	1	0	0	0	0	0	N	N	N	N	N	N	N	N	N	N	N	N	inf	inf	inf	inf	0.0194	0.0214	0.0000	0.0303	0.0322	0.0000	0.0000	0.0000	0.0000	0.0000	0.0000	0.0000	0.0000	0.0000	0.0000	0.0000	0.0000	0.0000	0.0000	-0.0025	0.0000	3.7221	3.0005	2.9993	1.1085	0.0097	0.0097	0.0000	0.0097	0.0097	0.0000	0.0000	0.0000	0.0000	0.0000	0.0000	0.0000	0.0000	0.0000	0.0000	0.0000	0.0000	0.0000	0.5006	0.4555	0.0451	0.3216	0.3019	0.0197	0.1789	0.1536	0.0254	0.0407	0.0208	0.0199	0.0147	0.0125	0.0023	0.0260	0.0083	0.0177	inf	inf	0.0000	inf	inf	0.0000	0.0000	0.0000	0.0000	0.0000	0.0000	0.0000	0.0000	0.0000	0.0000	0.0000	0.0000	0.0000						
92	122	0.1035	3	0	1	1	0	0	0	0	0	N	N	N	N	N	N	N	N	N	N	N	N	inf	inf	inf	inf	3.9719	4.4104	0.0000	0.0000	0.0000	0.0000	8.2081	9.4996	0.0000	0.0000	0.0000	0.0000	0.0000	0.0000	0.0000	0.0000	0.0000	0.0000	0.0000	-0.2602	0.0000	3.7221	2.0001	2.9993	3.0000	1.0000	1.0000	0.0000	0.0000	0.0000	0.0000	1.0000	1.0000	0.0000	0.0000	0.0000	0.0000	0.0000	0.0000	0.0000	0.0000	0.0000	0.0000	0.2518	0.2267	0.0250	0.1299	0.1215	0.0085	0.1218	0.1053	0.0166	0.0603	0.0287	0.0317	0.0038	0.0038	0.0000	0.0565	0.0249	0.0316	inf	inf	0.0000	0.0000	0.0000	0.0000	inf	inf	0.0000	0.0000	0.0000	0.0000	0.0000	0.0000	0.0000	0.0000	0.0000	0.0000						
92	123	0.0623	2	0	0	1	0	0	0	0	0	N	N	N	N	N	N	N	N	N	N	N	N	inf	inf	inf	inf	inf	inf	inf	inf	2.9484	2.1022	9.6446	8.3379	8.5964	0.0000	2.3904	1.3604	9.8934	0.0000	0.0000	0.0000	0.0000	0.0000	0.0000	0.0000	0.0000	0.0000	0.5798	0.2906	0.0000	3.7221	6.9986	2.9993	2.0000	2.7207	1.7222	0.9985	0.7220	0.7220	0.0000	1.9988	1.0002	0.9985	0.0000	0.0000	0.0000	0.0000	0.0000	0.0000	0.0000	0.0000	0.0000	0.9228	0.8192	0.1035	0.0866	0.0840	0.0026	0.8362	0.7353	0.1009	0.1784	0.0956	0.0828	0.0057	0.0057	0.0000	0.1727	0.0899	0.0828	inf	inf	inf	inf	inf	0.0000	inf	inf	inf	0.0000	0.0000	0.0000	0.0000	0.0000	0.0000	0.0000	0.0000	0.0000		
92	124	0.6519	6	0	1	1	0	0	0	0	0	N	N	N	N	N	N	N	N	N	N	N	N	inf	inf	inf	inf	inf	inf	inf	inf	inf	0.0346	0.0378	0.0004	0.0507	0.0539	0.0003	0.0001	0.0001	0.0004	0.0000	0.0000	0.0000	0.0000	0.0000	0.0000	0.0000	0.0000	0.0000	0.0009	-0.0064	0.0000	3.7221	3.9006	2.9993	3.1543	0.0247	0.0246	0.0000	0.0246	0.0246	0.0000	0.0000	0.0000	0.0000	0.0000	0.0000	0.0000	0.0000	0.0000	0.0000	0.0000	0.0000	0.0000	0.7119	0.6513	0.0607	0.4853	0.4568	0.0286	0.2266	0.1945	0.0321	0.0703	0.0383	0.0319	0.0287	0.0245	0.0041	0.0416	0.0138	0.0278	inf	inf	inf	inf	inf	inf	inf	inf	inf	0.0000	0.0000	0.0000	0.0000	0.0000	0.0000	0.0000	0.0000	0.0000	
92	125	0.6184	5	0	1	1	0	0	0	0	0	N	N	N	N	N	N	N	N	N	N	N	N	inf	inf	inf	inf	inf	inf	inf	inf	0.0816	0.0076	0.8277	0.1252	0.0112	1.8407	0.0001	0.0001	0.0000	0.0000	0.0000	0.0000	0.0000	0.0000	0.0000	0.0000	0.0000	0.0000	10.8423	0.0162	0.0000	3.7221	1.6924	2.9993	1.9110	0.0247	0.0021	0.0226	0.0246	0.0021	0.0226	0.0000	0.0000	0.0000	0.0000	0.0000	0.0000	0.0000	0.0000	0.0000	0.0000	0.0000	0.0000	0.3019	0.2747	0.0273	0.1969	0.1846	0.0123	0.1050	0.0900	0.0150	0.0360	0.0184	0.0177	0.0130	0.0110	0.0020	0.0230	0.0074	0.0156	inf	inf	inf	inf	inf	inf	inf	inf	0.0000	0.0000	0.0000	0.0000	0.0000	0.0000	0.0000	0.0000	0.0000	0.0000		
92	126	0.0623	2	0	1	1	0	0	0	0	0	N	N	N	N	N	N	N	N	N	N	N	N	0.0000	0.0000	0.0000	0.0000	0.0000	0.0000	0.0000	0.0000	0.0000	0.0000	0.0000	0.0000	0.0000	0.0000	0.0000	0.0000	0.0000	0.0000	0.0000	0.0000	3.7221	0.9996	2.9993	8.0005	0.0000	0.0000	0.0000	0.0000	0.0000	0.0000	0.0000	0.0000	0.0000	0.0000	0.0000	0.0000	0.0000	0.0000	0.0000	0.0000	0.0000	0.0000	0.1599	0.1414	0.0185	0.0146	0.0142	0.0004	0.1453	0.1272	0.0181	0.1784	0.0956	0.0828	0.0057	0.0057	0.0000	0.1728	0.0900	0.0828	0.0000	0.0000	0.0000	0.0000	0.0000	0.0000	0.0000	0.0000	0.0000	0.0000	0.0000	0.0000	0.0000	0.0000	0.0000	0.0000	0.0000	0.0000											
92	127	0.1896	4	0	0	1	0	0	0	0	0	N	N	N	N	N	N	N	N	N	N	N	N	0.0182	0.0072	4.7441	0.0465	0.0382	inf	0.0616	0.0000	3.1313	0.0003	0.0001	0.0011	0.0007	0.0006	0.0061	0.0001	0.0000	0.0008	0.0139	0.0198	0.0002	0.0160	0.0148	0.0000	0.0017	0.0278	0.0002	0.9797	0.0698	0.0000	-0.0002	3.7221	3.6536	2.9993	12.3970	0.0002	0.0001	0.0001	0.0001	0.0001	0.0000	0.0001	0.0000	0.0001	0.0005	0.0004	0.0000	0.0002	0.0002	0.0000	0.0002	0.0002	0.0000	0.6358	0.5658	0.0699	0.1475	0.1427	0.0047	0.4883	0.4231	0.0652	0.3104	0.1850	0.1253	0.0597	0.0555	0.0042	0.2507	0.1295	0.1212	0.1703	0.0617	4.7441	0.1853	0.1314	inf	0.1179	0.0000	3.1313	0.0015	0.0023	0.0002	0.0040	0.0043	0.0000	0.0009	0.0015	0.0002
92	128	0.3680	4	0	0	1	0	0	0	0	0	N	N	N	N	N	N	N	N	N	N	N	N	0.8011	0.6257	13.2324	1.1441	1.1241	34.4095	15.3844	1.5248	9.1258	0.4671	0.5170	0.0334	0.4684	0.4945	0.0579	0.4661	0.5347	0.0255	0.5831	0.8262	0.0025	0.4095	0.4399	0.0017	0.0303	0.3506	0.0028	0.0074	0.0693	-0.1156	-0.0026	3.7221	5.3495	2.9993	12.4099	0.4572	0.4539	0.0034	0.1926	0.1912	0.0014	0.2646	0.2626	0.0019	0.0057	0.0053	0.0004	0.0048	0.0048	0.0000	0.0009	0.0006	0.0003	0.9788	0.8779	0.1010	0.4112	0.3867	0.0246	0.5676	0.4912	0.0764	0.4133	0.2667	0.1466	0.1958	0.1672	0.0286	0.2175	0.0995	0.1180	33.8146	25.8239	13.2324	19.1080	17.3719	41.3717	111.4325	91.7381	9.1258	0.0138	0.0200	0.0025	0.0245	0.0285	0.0014	0.0042	0.0058	0.0028
92	129	0.1737	8	0	1	1	1	0	0	0	0	N	N	N	N	N	N	N	N	N	N	N	N	0.0000	0.0000	0.0000	0.0000	0.0000	0.0000	0.0000	0.0000	0.0000	0.0000	0.0000	0.0000	0.0000	0.0000	0.0000	0.0000	0.0000	0.0000	0.0000	0.0000	3.7221	0.0000	2.9993	0.0000	0.0000	0.0000	0.0000	0.0000	0.0000	0.0000	0.0000	0.0000	0.0000	0.0000	0.0000	0.0000	0.0000	0.0000	0.0000	0.0000	0.0000	0.0000	0.0000	0.0000	0.0000	0.0000	0.0000	0.0000	0.0000	0.0000	0.0000	0.0000	0.0000	0.0000	0.0000	0.0000	0.0000	0.0000	0.0000	0.0000	0.0000	0.0000	0.0000	0.0000	0.0000	0.0000	0.0000	0.0000	0.0000	0.0000	0.0000	0.0000	0.0000	0.0000	0.0000	0.0000	0.0000	0.0000											
92	130	0.1574	7	0	1	1	1	0	0	0	0	N	N	N	N	N	N	N	N	N	N	N	N	0.0000	0.0000	0.0000	0.0000	0.0000	0.0000	0.0000	0.0000	0.0000	0.0000	0.0000	0.0000	0.0000	0.0000	0.0000	0.0000	0.0000	0.0000	0.0000	0.0000	3.7221	0.0000	2.9993	3.0001	0.0000	0.0000	0.0000	0.0000	0.0000	0.0000	0.0000	0.0000	0.0000	0.0000	0.0000	0.0000	0.0000	0.0000	0.0000	0.0000	0.0000	0.0000	0.0000	0.0000	0.0000	0.0000	0.0000	0.0000	0.0000	0.0000	0.0000	0.0287	0.0128	0.0159	0.0016	0.0016	0.0000	0.0270	0.0111	0.0159	0.0000	0.0000	0.0000	0.0000	0.0000	0.0000	0.0000	0.0000	0.0000	0.0000	0.0000	0.0000	0.0000	0.0000	0.0000	0.0000	0.0000	0.0000											
92	131	0.1478	6	0	1	1	0	0	0	0	0	N	N	N	N	N	N	N	N	N	N	N	N	0.0000	0.0000	0.0000	0.0000	0.0000	0.0000	0.0000	0.0000	0.0000	0.0000	0.0000	0.0000	0.0000	0.0000	0.0000	0.0000	0.0000	0.0000	0.0000	0.0000	3.7221	0.0000	2.9993	0.0000	0.0000	0.0000	0.0000	0.0000	0.0000	0.0000	0.0000	0.0000	0.0000	0.0000	0.0000	0.0000	0.0000	0.0000	0.0000	0.0000	0.0000	0.0000	0.0000	0.0000	0.0000	0.0000	0.0000	0.0000	0.0000	0.0000	0.0000	0.0000	0.0000	0.0000	0.0000	0.0000	0.0000	0.0000	0.0000	0.0000	0.0000	0.0000	0.0000	0.0000	0.0000	0.0000	0.0000	0.0000	0.0000	0.0000	0.0000	0.0000	0.0000	0.0000	0.0000	0.0000	0.0000	0.0000											
92	132	0.1574	7	0	0	2	1	0	0	0	0	N	N	Y	N	N	N	N	N	N	N	N	N	0.0000	0.0000	0.0000	0.0000	0.0000	0.0000	0.0000	0.0000	0.0000	0.0000	0.0000	0.0000	0.0000	0.0000	0.0000	0.0000	0.0000	0.0000	0.0000	0.0000	3.7221	0.0000	2.9993	1.9999	0.0000	0.0000	0.0000	0.0000	0.0000	0.0000	0.0000	0.0000	0.0000	0.0000	0.0000	0.0000	0.0000	0.0000	0.0000	0.0000	0.0000	0.0000	0.0000	0.0000	0.0000	0.0000	0.0000	0.0000	0.0000	0.0000	0.0000	0.0193	0.0086	0.0107	0.0011	0.0011	0.0000	0.0182	0.0075	0.0107	0.0000	0.0000	0.0000	0.0000	0.0000	0.0000	0.0000	0.0000	0.0000	0.0000	0.0000	0.0000	0.0000	0.0000	0.0000	0.0000	0.0000	0.0000											
92	133	0.1684	8	0	0	2	1	0	0	0	0	N	N	Y	N	N	N	N	N	N	N	N	N	0.0000	0.0000	0.0000	0.0000	0.0000	0.0000	0.0000	0.0000	0.0000	0.0000	0.0000	0.0000	0.0000	0.0000	0.0000	0.0000	0.0000	0.0000	0.0000	0.0000	3.7221	1.0000	2.9993	0.0000	0.0000	0.0000	0.0000	0.0000	0.0000	0.0000	0.0000	0.0000	0.0000	0.0000	0.0000	0.0000	0.0000	0.0000	0.0000	0.0000	0.0000	0.0000	0.1243	0.1107	0.0137	0.0657	0.0607	0.0051	0.0586	0.0500	0.0086	0.0092	0.0040	0.0052	0.0006	0.0006	0.0000	0.0086	0.0035	0.0051	0.0000	0.0000	0.0000	0.0000	0.0000	0.0000	0.0000	0.0000	0.0000	0.0000	0.0000	0.0000	0.0000	0.0000	0.0000	0.0000	0.0000	0.0000											
92	134	0.1684	8	0	0	2	1	0	0	0	0	N	N	Y	N	N	N	N	N	N	N	N	N	0.0000	0.0000	0.0000	0.0000	0.0000	0.0000	0.0000	0.0000	0.0000	0.0000	0.0000	0.0000	0.0000	0.0000	0.0000	0.0000	0.0000	0.0000	0.0000	0.0000	3.7221	0.0000	2.9993	0.0000	0.0000	0.0000	0.0000	0.0000	0.0000	0.0000	0.0000	0.0000	0.0000	0.0000	0.0000	0.0000	0.0000	0.0000	0.0000	0.0000	0.0000	0.0000	0.0000	0.0000	0.0000	0.0000	0.0000	0.0000	0.0000	0.0000	0.0000	0.0000	0.0000	0.0000	0.0000	0.0000	0.0000	0.0000	0.0000	0.0000	0.0000	0.0000	0.0000	0.0000	0.0000	0.0000	0.0000	0.0000	0.0000	0.0000	0.0000	0.0000	0.0000	0.0000	0.0000	0.0000	0.0000	0.0000											
92	135	0.1574	7	0	0	2	1	0	0	0	0	N	N	Y	N	N	N	N	N	N	N	N	N	0.0000	0.0000	0.0000	0.0000	0.0000	0.0000	0.0000	0.0000	0.0000	0.0000	0.0000	0.0000	0.0000	0.0000	0.0000	0.0000	0.0000	0.0000	0.0000	0.0000	3.7221	2.0025	2.9993	0.9943	0.0000	0.0000	0.0000	0.0000	0.0000	0.0000	0.0000	0.0000	0.0000	0.0000	0.0000	0.0000	0.0000	0.0000	0.0000	0.0000	0.0000	0.0000	0.2455	0.2185	0.0270	0.1258	0.1162	0.0096	0.1197	0.1023	0.0173	0.0286	0.0127	0.0159	0.0016	0.0016	0.0000	0.0270	0.0111	0.0159	0.0000	0.0000	0.0000	0.0000	0.0000	0.0000	0.0000	0.0000	0.0000	0.0000	0.0000	0.0000	0.0000	0.0000	0.0000	0.0000	0.0000	0.0000											
92	136	0.1574	6	0	0	1	1	0	0	0	0	N	N	N	N	N	N	N	N	N	N	N	N	0.0000	0.0000	0.0000	0.0000	0.0000	0.0000	0.0000	0.0000	0.0000	0.0000	0.0000	0.0000	0.0000	0.0000	0.0000	0.0000	0.0000	0.0000	0.0000	0.0000	3.7221	0.0050	2.9993	0.0173	0.0000	0.0000	0.0000	0.0000	0.0000	0.0000	0.0000	0.0000	0.0000	0.0000	0.0000	0.0000	0.0000	0.0000	0.0000	0.0000	0.0000	0.0000	0.0013	0.0012	0.0001	0.0010	0.0009	0.0001	0.0003	0.0003	0.0000	0.0002	0.0001	0.0001	0.0000	0.0000	0.0000	0.0002	0.0001	0.0001	0.0000	0.0000	0.0000	0.0000	0.0000	0.0000	0.0000	0.0000	0.0000	0.0000	0.0000	0.0000	0.0000	0.0000	0.0000	0.0000	0.0000	0.0000											
92	137	0.1478	5	0	0	1	1	0	0	0	0	N	N	N	N	N	N	N	N	N	N	N	N	0.0000	0.0000	0.0000	0.0000	0.0000	0.0000	0.0000	0.0000	0.0000	0.0000	0.0000	0.0000	0.0000	0.0000	0.0000	0.0000	0.0000	0.0000	0.0000	0.0000	3.7221	1.9972	2.9993	1.0076	0.0000	0.0000	0.0000	0.0000	0.0000	0.0000	0.0000	0.0000	0.0000	0.0000	0.0000	0.0000	0.0000	0.0000	0.0000	0.0000	0.0000	0.0000	0.2298	0.2043	0.0255	0.1128	0.1044	0.0085	0.1170	0.1000	0.0170	0.0271	0.0120	0.0151	0.0016	0.0016	0.0000	0.0255	0.0104	0.0151	0.0000	0.0000	0.0000	0.0000	0.0000	0.0000	0.0000	0.0000	0.0000	0.0000	0.0000	0.0000	0.0000	0.0000	0.0000	0.0000	0.0000	0.0000											
92	138	0.1305	4	1	1	1	0	0	0	0	0	N	N	N	N	N	N	N	N	N	N	N	N	0.0005	0.0000	inf	0.0004	0.0000	inf	inf	inf	0.0001	0.0000	0.0009	0.0002	0.0000	0.0084	0.0000	0.0000	0.0002	0.1913	0.4238	0.0000	0.3943	0.3862	0.0000	0.0000	0.0000	0.0000	inf	0.0000	0.0000	-0.0001	3.7221	0.0002	2.9993	2.3255	0.0000	0.0000	0.0000	0.0000	0.0000	0.0000	0.0000	0.0000	0.0000	0.0002	0.0002	0.0000	0.0002	0.0002	0.0000	0.0000	0.0000	0.0000	0.0001	0.0001	0.0000	0.0000	0.0000	0.0000	0.0000	0.0000	0.0000	0.0363	0.0207	0.0156	0.0075	0.0073	0.0002	0.0288	0.0134	0.0154	0.0188	0.0000	inf	0.0074	0.0000	inf	inf	0.0000	inf	0.0050	0.0087	0.0000	0.0240	0.0248	0.0000	0.0000	0.0000	0.0000	
92	139	0.1126	3	1	1	1	0	0	0	0	0	N	N	N	N	N	N	N	N	N	N	N	N	0.9753	1.5948	0.0000	31.3903	41.7265	0.0000	0.0000	0.0000	0.0280	0.0306	0.0000	0.0769	0.0803	0.0000	0.0000	0.0000	0.0000	0.0287	0.0192	0.0023	0.0025	0.0019	0.0000	0.0164	0.0843	0.0023	0.0000	0.8180	-0.0024	-0.0000	3.7221	2.0138	2.9993	2.7349	0.0094	0.0094	0.0000	0.0094	0.0094	0.0000	0.0000	0.0000	0.0000	0.0002	0.0001	0.0001	0.0000	0.0000	0.0000	0.0002	0.0001	0.0001	0.3346	0.3052	0.0294	0.1216	0.1164	0.0052	0.2130	0.1888	0.0242	0.0883	0.0486	0.0397	0.0201	0.0194	0.0008	0.0681	0.0292	0.0390	12.3391	13.5264	0.0000	77.5247	77.8501	0.0000	0.0000	0.0000	0.0000	0.0023	0.0023	0.0023	0.0010	0.0010	0.0000	0.0026	0.0031	0.0023	
92	140	0.1292	4	0	1	1	0	0	0	0	0	N	N	N	N	N	N	N	N	N	N	N	N	inf	inf	inf	inf	inf	inf	inf	inf	1.1739	0.0001	13.4007	0.2065	0.0001	4.3859	2.0202	0.0000	16.4159	0.0000	0.0000	0.0000	0.0000	0.0000	0.0000	0.0000	0.0000	0.0000	17758.1399	0.2845	0.0000	3.7221	1.9232	2.9993	1.1116	0.3846	0.0000	0.3846	0.0316	0.0000	0.0315	0.3531	0.0000	0.3531	0.0000	0.0000	0.0000	0.0000	0.0000	0.0000	0.0000	0.0000	0.0000	0.3277	0.2990	0.0287	0.1529	0.1457	0.0072	0.1748	0.1533	0.0215	0.0346	0.0170	0.0176	0.0041	0.0039	0.0002	0.0305	0.0131	0.0174	inf	inf	inf	inf	inf	inf	inf	0.0000	inf	0.0000	0.0000	0.0000	0.0000	0.0000	0.0000	0.0000	0.0000	0.0000		
92	141	0.6376	6	0	1	1	0	0	0	0	0	N	N	N	N	N	N	N	N	N	N	N	N	inf	inf	inf	inf	2.8211	3.0890	0.0000	3.9908	4.2634	0.0000	0.0000	0.0000	0.0000	0.0000	0.0000	0.0000	0.0000	0.0000	0.0000	0.0000	0.0000	0.0000	0.0000	-0.4480	0.0000	3.7221	3.0000	2.9993	1.0000	1.7220	1.7220	0.0000	1.7220	1.7220	0.0000	0.0000	0.0000	0.0000	0.0000	0.0000	0.0000	0.0000	0.0000	0.0000	0.0000	0.0000	0.0000	0.6104	0.5574	0.0529	0.4315	0.4039	0.0276	0.1789	0.1535	0.0254	0.0397	0.0203	0.0194	0.0144	0.0122	0.0022	0.0253	0.0081	0.0172	inf	inf	0.0000	inf	inf	0.0000	0.0000	0.0000	0.0000	0.0000	0.0000	0.0000	0.0000	0.0000	0.0000	0.0000	0.0000	0.0000						
92	142	0.6184	5	0	0	1	0	0	0	0	0	N	N	N	N	N	N	N	N	N	N	N	N	inf	inf	inf	inf	5.4002	5.9370	0.0000	8.2140	8.7644	0.0000	0.0000	0.0000	0.0000	0.0000	0.0000	0.0000	0.0000	0.0000	0.0000	0.0000	0.0000	0.0000	0.0000	-0.2602	0.0000	3.7221	1.0000	2.9993	1.0000	1.0000	1.0000	0.0000	1.0000	1.0000	0.0000	0.0000	0.0000	0.0000	0.0000	0.0000	0.0000	0.0000	0.0000	0.0000	0.0000	0.0000	0.0000	0.1852	0.1684	0.0167	0.1217	0.1141	0.0076	0.0634	0.0543	0.0091	0.0206	0.0105	0.0101	0.0074	0.0063	0.0011	0.0132	0.0042	0.0090	inf	inf	0.0000	inf	inf	0.0000	0.0000	0.0000	0.0000	0.0000	0.0000	0.0000	0.0000	0.0000	0.0000	0.0000	0.0000	0.0000						
92	143	0.3680	4	0	0	1	0	0	0	0	0	N	N	N	N	N	N	N	N	N	N	N	N	inf	inf	inf	inf	inf	inf	inf	inf	inf	1.6657	1.8540	0.0288	1.4035	1.4885	0.0535	1.8373	2.1133	0.0215	0.0000	0.0000	0.0000	0.0000	0.0000	0.0000	0.0000	0.0000	0.0000	0.0018	-0.4886	0.0000	3.7221	7.1211	2.9993	10.9474	1.8906	1.8873	0.0034	0.6301	0.6287	0.0014	1.2605	1.2586	0.0019	0.0000	0.0000	0.0000	0.0000	0.0000	0.0000	0.0000	0.0000	0.0000	1.1350	1.0179	0.1171	0.4489	0.4224	0.0266	0.6861	0.5956	0.0905	0.4150	0.2675	0.1475	0.1961	0.1674	0.0286	0.2190	0.1001	0.1189	inf	inf	inf	inf	inf	inf	inf	inf	inf	0.0000	0.0000	0.0000	0.0000	0.0000	0.0000	0.0000	0.0000	0.0000	
92	144	0.1732	3	0	0	1	0	0	0	0	0	N	N	N	N	N	N	N	N	N	N	N	N	1.0832	0.8612	1.6198	0.0173	0.0187	0.0004	22.2688	8.8804	2.6370	0.6525	0.7303	0.0146	0.0155	0.0162	0.0000	0.8033	0.9159	0.0157	0.6024	0.8480	0.0090	0.8965	0.8626	0.0143	0.0361	0.1031	0.0060	0.0024	0.2054	-0.1922	-0.0023	3.7221	8.5175	2.9993	23.1696	0.7455	0.7437	0.0018	0.0034	0.0034	0.0000	0.7421	0.7403	0.0018	0.0067	0.0055	0.0011	0.0050	0.0049	0.0001	0.0017	0.0006	0.0011	1.1425	1.0184	0.1241	0.2186	0.2101	0.0085	0.9239	0.8083	0.1156	0.4467	0.2585	0.1882	0.0849	0.0777	0.0072	0.3618	0.1808	0.1810	43.6089	34.0434	2.4200	0.2658	0.2562	0.0008	169.0900	258.9138	2.6370	0.0150	0.0215	0.0061	0.0585	0.0631	0.0083	0.0048	0.0035	0.0060
92	145	0.1478	6	1	1	1	0	0	0	0	0	N	N	N	N	N	N	N	N	N	N	N	N	0.0000	0.0000	0.0000	0.0000	0.0000	0.0000	0.0000	0.0000	0.0000	0.0000	0.0000	0.0000	0.0000	0.0000	0.0000	0.0000	0.0000	0.0000	0.0000	0.0000	3.7221	1.0000	2.9993	1.0000	0.0000	0.0000	0.0000	0.0000	0.0000	0.0000	0.0000	0.0000	0.0000	0.0000	0.0000	0.0000	0.0000	0.0000	0.0000	0.0000	0.0000	0.0000	0.1179	0.1048	0.0131	0.0585	0.0540	0.0044	0.0594	0.0507	0.0087	0.0182	0.0081	0.0101	0.0011	0.0011	0.0000	0.0171	0.0070	0.0101	0.0000	0.0000	0.0000	0.0000	0.0000	0.0000	0.0000	0.0000	0.0000	0.0000	0.0000	0.0000	0.0000	0.0000	0.0000	0.0000	0.0000	0.0000											
92	146	0.1478	5	0	1	1	0	0	0	0	0	N	N	N	N	N	N	N	N	N	N	N	N	0.0000	0.0000	0.0000	0.0000	0.0000	0.0000	0.0000	0.0000	0.0000	0.0000	0.0000	0.0000	0.0000	0.0000	0.0000	0.0000	0.0000	0.0000	0.0000	0.0000	3.7221	0.0003	2.9993	0.0000	0.0000	0.0000	0.0000	0.0000	0.0000	0.0000	0.0000	0.0000	0.0000	0.0000	0.0000	0.0000	0.0000	0.0000	0.0000	0.0000	0.0000	0.0000	0.0001	0.0001	0.0000	0.0001	0.0001	0.0000	0.0000	0.0000	0.0000	0.0000	0.0000	0.0000	0.0000	0.0000	0.0000	0.0000	0.0000	0.0000	0.0000	0.0000	0.0000	0.0000	0.0000	0.0000	0.0000	0.0000	0.0000	0.0000	0.0000	0.0000	0.0000	0.0000	0.0000	0.0000	0.0000	0.0000											
92	147	0.1292	4	0	0	1	0	0	0	0	0	N	N	N	N	N	N	N	N	N	N	N	N	inf	inf	inf	inf	inf	inf	inf	inf	inf	1.6156	1.7955	0.0341	2.4182	2.5724	0.0013	1.0202	1.1703	0.0450	0.0000	0.0000	0.0000	0.0000	0.0000	0.0000	0.0000	0.0000	0.0000	0.0022	-0.2513	0.0000	3.7221	4.9449	2.9993	1.0063	0.9740	0.9719	0.0021	0.6210	0.6209	0.0000	0.3531	0.3510	0.0021	0.0000	0.0000	0.0000	0.0000	0.0000	0.0000	0.0000	0.0000	0.0000	0.6029	0.5413	0.0616	0.2568	0.2414	0.0154	0.3461	0.2999	0.0462	0.0618	0.0295	0.0323	0.0056	0.0053	0.0002	0.0562	0.0242	0.0321	inf	inf	inf	inf	inf	inf	inf	inf	inf	0.0000	0.0000	0.0000	0.0000	0.0000	0.0000	0.0000	0.0000	0.0000	
92	148	0.1126	3	0	0	1	0	0	0	0	0	N	N	N	N	N	N	N	N	N	N	N	N	7452.9793	78.3443	inf	50.3457	15.5527	inf	inf	inf	inf	3.9890	0.0847	39.3946	0.1233	0.0299	1.8151	5.8853	0.1137	47.2818	0.0005	0.0011	0.0000	0.0024	0.0019	0.0000	0.0000	0.0000	0.0000	51.3154	0.0000	1.3493	-0.0000	3.7221	3.4778	2.9993	1.2917	1.8722	0.0358	1.8365	0.0191	0.0044	0.0147	1.8532	0.0314	1.8218	0.0000	0.0000	0.0000	0.0000	0.0000	0.0000	0.0000	0.0000	0.0000	0.4693	0.4227	0.0466	0.1545	0.1464	0.0081	0.3149	0.2764	0.0385	0.0885	0.0487	0.0399	0.0202	0.0194	0.0008	0.0684	0.0293	0.0391	17662.9564	206.0949	inf	124.4246	28.9822	inf	inf	inf	inf	0.0002	0.0004	0.0000	0.0010	0.0010	0.0000	0.0000	0.0000	0.0000
92	149	0.0623	2	0	0	1	0	0	0	0	0	N	N	N	N	N	N	N	N	N	N	N	N	6034.5601	2256.8221	71843.6201	inf	inf	6521.7176	7.3652	73670.5789	1.5067	0.8221	6.9464	7.6101	7.8459	0.0000	0.8732	0.0184	7.1266	0.0002	0.0004	0.0001	0.0000	0.0000	0.0000	0.0001	0.0025	0.0001	1.0633	0.9993	0.3865	-0.0000	3.7221	7.8050	2.9993	4.0035	1.5149	0.7342	0.7806	0.7194	0.7194	0.0000	0.7954	0.0148	0.7806	0.0000	0.0000	0.0000	0.0000	0.0000	0.0000	0.0000	0.0000	0.0000	1.0054	0.8931	0.1124	0.0945	0.0917	0.0028	0.9109	0.8014	0.1095	0.2215	0.1181	0.1034	0.0072	0.0071	0.0001	0.2143	0.1110	0.1033	16688.9214	9709.6686	71843.6201	inf	inf	0.0000	9358.6846	204.5324	73670.5789	0.0001	0.0001	0.0001	0.0000	0.0000	0.0000	0.0001	0.0001	0.0001	
92	150	0.1896	4	0	0	1	0	0	0	0	0	N	N	N	N	N	N	N	N	N	N	N	N	0.0219	0.0029	8.7041	0.0262	0.0144	inf	0.1591	0.0000	7.1394	0.0003	0.0001	0.0020	0.0004	0.0002	0.0060	0.0002	0.0000	0.0017	0.0119	0.0178	0.0002	0.0151	0.0145	0.0000	0.0014	0.0261	0.0002	4.6134	0.0698	0.0001	-0.0002	3.7221	3.7255	2.9993	14.1767	0.0002	0.0000	0.0001	0.0001	0.0000	0.0000	0.0001	0.0000	0.0001	0.0005	0.0004	0.0000	0.0002	0.0002	0.0000	0.0002	0.0002	0.0000	0.6447	0.5738	0.0709	0.1491	0.1442	0.0048	0.4957	0.4296	0.0661	0.3291	0.1953	0.1338	0.0620	0.0575	0.0045	0.2671	0.1379	0.1292	0.1869	0.0237	8.7041	0.1021	0.0498	inf	0.2681	0.0000	7.1394	0.0014	0.0022	0.0002	0.0039	0.0042	0.0000	0.0008	0.0014	0.0002
92	151	0.1732	3	0	0	1	0	0	0	0	0	N	N	N	N	N	N	N	N	N	N	N	N	0.0017	0.0011	0.4576	0.0110	0.0122	inf	0.0059	0.0002	0.4657	0.0006	0.0005	0.0012	0.0014	0.0014	0.0000	0.0003	0.0001	0.0012	0.3425	0.4803	0.0025	0.1239	0.1144	0.0000	0.0512	0.7537	0.0026	0.2836	0.1429	-0.0000	-0.0006	3.7221	1.4205	2.9993	4.0377	0.0002	0.0001	0.0000	0.0001	0.0001	0.0000	0.0001	0.0000	0.0000	0.0014	0.0013	0.0002	0.0006	0.0006	0.0000	0.0008	0.0006	0.0002	0.3212	0.2852	0.0360	0.0856	0.0839	0.0017	0.2357	0.2014	0.0343	0.1914	0.1203	0.0711	0.0560	0.0538	0.0021	0.1355	0.0665	0.0690	0.0781	0.0492	0.4576	0.1234	0.1211	inf	0.0503	0.0155	0.4657	0.0075	0.0105	0.0025	0.0111	0.0115	0.0000	0.0061	0.0096	0.0026
92	152	0.0623	2	0	0	1	0	0	0	0	0	N	N	N	N	N	N	N	N	N	N	N	N	0.0000	0.0000	0.0000	inf	inf	0.0000	0.0000	0.0000	0.0001	0.0001	0.0000	0.0009	0.0009	0.0000	0.0000	0.0000	0.0000	6.4331	6.0982	15.1839	0.0000	0.0000	0.0000	6.6568	7.6945	15.6603	0.0000	1.0005	-0.0000	-0.0435	3.7221	6.4701	2.9993	12.4371	0.0001	0.0001	0.0000	0.0001	0.0001	0.0000	0.0000	0.0000	0.0000	1.9992	0.9994	0.9999	0.0000	0.0000	0.0000	1.9992	0.9994	0.9999	0.8665	0.7690	0.0975	0.0812	0.0787	0.0024	0.7853	0.6903	0.0950	0.3108	0.1639	0.1469	0.0104	0.0104	0.0001	0.3003	0.1535	0.1468	0.0000	0.0000	0.0000	inf	inf	0.0000	0.0000	0.0000	0.0000	6.4331	6.0982	6.8066	0.0000	0.0000	0.0000	6.6568	6.5099	6.8103	
93	94	0.0877	3	1	1	0	0	0	0	0	0	N	N	N	N	N	N	N	N	N	N	N	N	inf	inf	inf	inf	0.0036	0.0000	0.0396	0.0000	0.0000	0.0000	0.0075	0.0000	0.0562	0.0000	0.0000	0.0000	0.0000	0.0000	0.0000	0.0000	0.0000	0.0000	inf	0.0013	0.0000	2.7217	5.9980	3.0458	4.9575	0.0018	0.0000	0.0018	0.0000	0.0000	0.0000	0.0018	0.0000	0.0018	0.0000	0.0000	0.0000	0.0000	0.0000	0.0000	0.0000	0.0000	0.0000	0.4952	0.4497	0.0455	0.2543	0.2408	0.0135	0.2409	0.2089	0.0320	0.1000	0.0440	0.0560	0.0028	0.0027	0.0001	0.0972	0.0414	0.0559	inf	0.0000	inf	0.0000	0.0000	0.0000	inf	0.0000	inf	0.0000	0.0000	0.0000	0.0000	0.0000	0.0000	0.0000	0.0000	0.0000						
93	95	0.6087	5	1	1	0	0	0	0	0	0	N	N	N	N	N	N	N	N	N	N	N	N	0.0000	0.0000	0.0000	0.0000	0.0000	0.0000	0.0000	0.0000	0.0000	0.0000	0.0000	0.0000	0.0000	0.0000	0.0000	0.0000	0.0000	0.0000	0.0000	0.0000	2.7217	0.0000	3.0458	2.0000	0.0000	0.0000	0.0000	0.0000	0.0000	0.0000	0.0000	0.0000	0.0000	0.0000	0.0000	0.0000	0.0000	0.0000	0.0000	0.0000	0.0000	0.0000	0.0000	0.0000	0.0000	0.0000	0.0000	0.0000	0.0000	0.0000	0.0000	0.0194	0.0109	0.0084	0.0086	0.0074	0.0012	0.0107	0.0035	0.0072	0.0000	0.0000	0.0000	0.0000	0.0000	0.0000	0.0000	0.0000	0.0000	0.0000	0.0000	0.0000	0.0000	0.0000	0.0000	0.0000	0.0000	0.0000											
93	96	0.5863	4	0	1	0	0	0	0	0	0	N	N	N	N	N	N	N	N	N	N	N	N	inf	inf	inf	inf	4.0438	0.0000	41.2390	0.0000	0.0000	0.0000	10.6553	0.0000	74.5127	0.0000	0.0000	0.0000	0.0000	0.0000	0.0000	0.0000	0.0000	0.0000	inf	0.7398	0.0000	2.7217	4.0000	3.0458	0.0000	1.0000	0.0000	1.0000	0.0000	0.0000	0.0000	1.0000	0.0000	1.0000	0.0000	0.0000	0.0000	0.0000	0.0000	0.0000	0.0000	0.0000	0.0000	0.2473	0.2230	0.0242	0.1534	0.1426	0.0108	0.0939	0.0804	0.0134	0.0219	0.0108	0.0111	0.0070	0.0060	0.0011	0.0148	0.0048	0.0100	inf	0.0000	inf	0.0000	0.0000	0.0000	inf	0.0000	inf	0.0000	0.0000	0.0000	0.0000	0.0000	0.0000	0.0000	0.0000	0.0000						
93	98	0.5863	4	0	0	0	0	0	0	0	0	N	N	N	N	N	N	N	N	N	N	N	N	0.0000	0.0000	0.0000	0.0000	0.0000	0.0000	0.0000	0.0000	0.0000	0.0000	0.0000	0.0000	0.0000	0.0000	0.0000	0.0000	0.0000	0.0000	0.0000	0.0000	2.7217	1.0000	3.0458	0.0000	0.0000	0.0000	0.0000	0.0000	0.0000	0.0000	0.0000	0.0000	0.0000	0.0000	0.0000	0.0000	0.0000	0.0000	0.0000	0.0000	0.0000	0.0000	0.1213	0.1093	0.0119	0.0764	0.0709	0.0055	0.0448	0.0384	0.0065	0.0104	0.0051	0.0053	0.0033	0.0028	0.0005	0.0070	0.0023	0.0048	0.0000	0.0000	0.0000	0.0000	0.0000	0.0000	0.0000	0.0000	0.0000	0.0000	0.0000	0.0000	0.0000	0.0000	0.0000	0.0000	0.0000	0.0000											
93	99	0.1411	2	0	0	0	0	0	0	0	0	N	N	N	N	N	N	N	N	N	N	N	N	0.0016	0.0007	0.3097	0.0018	0.0020	inf	0.0159	0.3542	0.0003	0.0001	0.0018	0.0003	0.0003	0.0001	0.0003	0.0000	0.0018	0.1706	0.0906	0.0057	0.1637	0.1475	0.0000	0.0164	0.0000	0.0051	3.5554	0.8586	0.0000	-0.0001	2.7217	1.5982	3.0458	11.1970	0.0001	0.0000	0.0001	0.0000	0.0000	0.0000	0.0001	0.0000	0.0001	0.0012	0.0007	0.0006	0.0007	0.0007	0.0000	0.0006	0.0000	0.0006	0.2466	0.2174	0.0292	0.0499	0.0490	0.0009	0.1967	0.1684	0.0283	0.2643	0.1514	0.1128	0.0521	0.0487	0.0034	0.2122	0.1028	0.1095	0.0581	0.0154	0.3544	0.0232	0.0220	inf	0.0988	0.0000	0.3542	0.0046	0.0043	0.0050	0.0125	0.0134	0.0000	0.0026	0.0000	0.0051	
93	100	0.0892	4	1	1	1	0	0	0	0	0	N	N	N	N	N	N	N	N	N	N	N	N	inf	inf	inf	inf	0.0010	0.0000	0.0149	0.0000	0.0000	0.0000	0.0060	0.0000	0.0237	0.0000	0.0000	0.0000	0.0000	0.0000	0.0000	0.0000	0.0000	0.0000	inf	0.0000	0.0000	2.7217	0.0000	3.0458	0.9982	0.0000	0.0000	0.0000	0.0000	0.0000	0.0000	0.0000	0.0000	0.0000	0.0000	0.0000	0.0000	0.0000	0.0000	0.0000	0.0000	0.0000	0.0000	0.0102	0.0095	0.0007	0.0085	0.0083	0.0002	0.0017	0.0012	0.0004	0.0102	0.0044	0.0058	0.0003	0.0003	0.0000	0.0099	0.0041	0.0057	inf	0.0000	inf	0.0000	0.0000	0.0000	inf	0.0000	inf	0.0000	0.0000	0.0000	0.0000	0.0000	0.0000	0.0000	0.0000	0.0000						
93	101	0.6210	7	1	1	1	0	0	0	0	0	N	N	N	N	N	N	N	N	N	N	N	N	0.0000	0.0000	0.0000	0.0000	0.0000	0.0000	0.0000	0.0000	0.0000	0.0000	0.0000	0.0000	0.0000	0.0000	0.0000	0.0000	0.0000	0.0000	0.0000	0.0000	2.7217	0.0000	3.0458	0.0000	0.0000	0.0000	0.0000	0.0000	0.0000	0.0000	0.0000	0.0000	0.0000	0.0000	0.0000	0.0000	0.0000	0.0000	0.0000	0.0000	0.0000	0.0000	0.0000	0.0000	0.0000	0.0000	0.0000	0.0000	0.0000	0.0000	0.0000	0.0000	0.0000	0.0000	0.0000	0.0000	0.0000	0.0000	0.0000	0.0000	0.0000	0.0000	0.0000	0.0000	0.0000	0.0000	0.0000	0.0000	0.0000	0.0000	0.0000	0.0000	0.0000	0.0000	0.0000	0.0000	0.0000	0.0000											
93	102	0.6210	6	1	0	1	0	0	0	0	0	N	N	N	N	N	N	N	N	N	N	N	N	0.0000	0.0000	0.0000	0.0000	0.0000	0.0000	0.0000	0.0000	0.0000	0.0000	0.0000	0.0000	0.0000	0.0000	0.0000	0.0000	0.0000	0.0000	0.0000	0.0000	2.7217	0.0000	3.0458	0.0000	0.0000	0.0000	0.0000	0.0000	0.0000	0.0000	0.0000	0.0000	0.0000	0.0000	0.0000	0.0000	0.0000	0.0000	0.0000	0.0000	0.0000	0.0000	0.0000	0.0000	0.0000	0.0000	0.0000	0.0000	0.0000	0.0000	0.0000	0.0000	0.0000	0.0000	0.0000	0.0000	0.0000	0.0000	0.0000	0.0000	0.0000	0.0000	0.0000	0.0000	0.0000	0.0000	0.0000	0.0000	0.0000	0.0000	0.0000	0.0000	0.0000	0.0000	0.0000	0.0000	0.0000	0.0000											
93	103	0.6149	5	1	0	1	0	0	0	0	0	N	N	N	N	N	N	N	N	N	N	N	N	0.0000	0.0000	0.0000	0.0000	0.0000	0.0000	0.0000	0.0000	0.0000	0.0000	0.0000	0.0000	0.0000	0.0000	0.0000	0.0000	0.0000	0.0000	0.0000	0.0000	2.7217	0.0000	3.0458	1.0091	0.0000	0.0000	0.0000	0.0000	0.0000	0.0000	0.0000	0.0000	0.0000	0.0000	0.0000	0.0000	0.0000	0.0000	0.0000	0.0000	0.0000	0.0000	0.0000	0.0000	0.0000	0.0000	0.0000	0.0000	0.0000	0.0000	0.0000	0.0090	0.0053	0.0037	0.0044	0.0038	0.0006	0.0046	0.0015	0.0031	0.0000	0.0000	0.0000	0.0000	0.0000	0.0000	0.0000	0.0000	0.0000	0.0000	0.0000	0.0000	0.0000	0.0000	0.0000	0.0000	0.0000	0.0000											
93	105	0.0926	5	1	0	1	0	0	0	0	0	N	N	N	N	N	N	N	N	N	N	N	N	0.0004	0.0001	0.0001	0.0001	0.0000	0.0000	0.0000	0.0000	0.0000	0.0000	0.0000	0.0000	0.0000	0.0000	0.0001	0.0000	0.0002	0.0002	0.0000	0.0000	0.0000	0.0000	0.0000	0.0274	-0.0000	-0.0000	2.7217	1.0000	3.0458	1.0005	0.0000	0.0000	0.0000	0.0000	0.0000	0.0000	0.0000	0.0000	0.0000	0.0000	0.0000	0.0000	0.0000	0.0000	0.0000	0.0000	0.0000	0.0000	0.0936	0.0852	0.0084	0.0506	0.0480	0.0026	0.0430	0.0372	0.0058	0.0200	0.0087	0.0113	0.0005	0.0005	0.0000	0.0195	0.0082	0.0113	0.0313	0.0153	0.0000	0.0015	0.0016	0.0000	0.0000	0.0000	0.0000	0.0000	0.0000	0.0000	0.0000	0.0000	0.0000	0.0000	0.0000	0.0000					
93	106	0.0892	4	1	0	1	0	0	0	0	0	N	N	N	N	N	N	N	N	N	N	N	N	2.6952	inf	891.7730	314.4902	inf	1301.0821	0.0001	0.0000	0.0015	0.0000	0.0000	0.0000	0.0003	0.0000	0.0022	0.0000	0.0000	0.0000	0.0000	0.0000	0.0000	0.0000	0.0000	0.0000	9090.9091	inf	0.0000	0.0000	2.7217	0.7249	3.0458	0.0368	0.0000	0.0000	0.0000	0.0000	0.0000	0.0000	0.0000	0.0000	0.0000	0.0000	0.0000	0.0000	0.0000	0.0000	0.0000	0.0000	0.0000	0.0000	0.0782	0.0714	0.0068	0.0452	0.0431	0.0021	0.0329	0.0283	0.0046	0.0078	0.0034	0.0044	0.0003	0.0002	0.0000	0.0076	0.0032	0.0044	133.3507	inf	891.7730	0.0000	0.0000	0.0000	314.4902	inf	1301.0821	0.0000	0.0000	0.0000	0.0000	0.0000	0.0000	0.0000	0.0000	0.0000			
93	107	0.0877	3	1	0	1	0	0	0	0	0	N	N	N	N	N	N	N	N	N	N	N	N	inf	inf	inf	inf	inf	inf	inf	0.0365	0.0002	0.4579	0.0003	0.0003	0.0000	0.0981	0.0000	0.7247	0.0000	0.0000	0.0000	0.0000	0.0000	0.0000	0.0000	0.0000	0.0000	180.3029	0.0013	0.0000	2.7217	0.4159	3.0458	0.0887	0.0018	0.0000	0.0018	0.0000	0.0000	0.0000	0.0018	0.0000	0.0018	0.0000	0.0000	0.0000	0.0000	0.0000	0.0000	0.0000	0.0000	0.0000	0.0496	0.0457	0.0039	0.0312	0.0298	0.0014	0.0183	0.0159	0.0025	0.0056	0.0026	0.0031	0.0004	0.0004	0.0000	0.0053	0.0022	0.0031	inf	inf	inf	inf	inf	0.0000	inf	0.0000	inf	0.0000	0.0000	0.0000	0.0000	0.0000	0.0000	0.0000	0.0000	0.0000			
93	108	0.0714	2	1	0	0	0	0	0	0	0	N	N	N	N	N	N	N	N	N	N	N	N	inf	inf	inf	inf	inf	inf	2.8808	0.0000	29.0793	0.0000	0.0000	0.0000	5.7396	0.0000	42.1600	0.0000	0.0000	0.0000	0.0000	0.0000	0.0000	0.0000	0.0000	0.0000	907454561.9602	0.7385	-0.0000	2.7217	3.9943	3.0458	0.9974	0.9982	0.0000	0.9982	0.0000	0.0000	0.0000	0.9982	0.0000	0.9982	0.0000	0.0000	0.0000	0.0000	0.0000	0.0000	0.0000	0.0000	0.0000	0.3465	0.3122	0.0343	0.1726	0.1619	0.0107	0.1739	0.1502	0.0237	0.0514	0.0213	0.0301	0.0004	0.0004	0.0000	0.0510	0.0209	0.0301	inf	inf	inf	0.0000	0.0000	0.0000	inf	inf	inf	0.0000	0.0000	0.0000	0.0000	0.0000	0.0000	0.0000	0.0000	0.0000				
93	109	0.6149	5	1	0	1	0	0	0	0	0	N	N	N	N	N	N	N	N	N	N	N	N	0.0000	0.0000	0.0000	0.0000	0.0000	0.0000	0.0000	0.0000	0.0000	0.0000	0.0000	0.0000	0.0000	0.0000	0.0000	0.0000	0.0000	0.0000	0.0000	0.0000	2.7217	0.0000	3.0458	0.9909	0.0000	0.0000	0.0000	0.0000	0.0000	0.0000	0.0000	0.0000	0.0000	0.0000	0.0000	0.0000	0.0000	0.0000	0.0000	0.0000	0.0000	0.0000	0.0000	0.0000	0.0000	0.0000	0.0000	0.0000	0.0000	0.0000	0.0000	0.0089	0.0052	0.0036	0.0044	0.0037	0.0006	0.0045	0.0015	0.0030	0.0000	0.0000	0.0000	0.0000	0.0000	0.0000	0.0000	0.0000	0.0000	0.0000	0.0000	0.0000	0.0000	0.0000	0.0000	0.0000	0.0000	0.0000											
93	110	0.5863	4	1	0	1	0	0	0	0	0	N	N	N	N	N	N	N	N	N	N	N	N	inf	inf	inf	inf	2.9195	0.0000	29.7729	0.0000	0.0000	0.0000	7.6927	0.0000	53.7953	0.0000	0.0000	0.0000	0.0000	0.0000	0.0000	0.0000	0.0000	0.0000	inf	0.5341	0.0000	2.7217	4.0000	3.0458	0.0000	0.7220	0.0000	0.7220	0.0000	0.0000	0.0000	0.7220	0.0000	0.7220	0.0000	0.0000	0.0000	0.0000	0.0000	0.0000	0.0000	0.0000	0.0000	0.2473	0.2230	0.0242	0.1534	0.1426	0.0108	0.0939	0.0804	0.0134	0.0219	0.0108	0.0111	0.0070	0.0060	0.0011	0.0148	0.0048	0.0100	inf	0.0000	inf	0.0000	0.0000	0.0000	inf	0.0000	inf	0.0000	0.0000	0.0000	0.0000	0.0000	0.0000	0.0000	0.0000	0.0000						
93	112	0.0760	2	0	0	1	0	0	0	0	0	N	N	N	N	N	N	N	N	N	N	N	N	0.0000	0.0000	0.0000	0.0000	0.0000	0.0000	0.0000	0.0000	0.0000	0.0000	0.0000	0.0000	0.0000	0.0000	0.0000	0.0000	0.0000	0.0000	0.0000	-0.0000	2.7217	0.0000	3.0458	0.0001	0.0000	0.0000	0.0000	0.0000	0.0000	0.0000	0.0000	0.0000	0.0000	0.0000	0.0000	0.0000	0.0000	0.0000	0.0000	0.0000	0.0000	0.0000	0.0000	0.0000	0.0000	0.0000	0.0000	0.0000	0.0000	0.0000	0.0000	0.0000	0.0000	0.0000	0.0000	0.0000	0.0000	0.0000	0.0000	0.0000	0.0000	0.0000	0.0000	0.0000	0.0000	0.0000	0.0000	0.0000	0.0000	0.0000	0.0000	0.0000	0.0000	0.0000	0.0000	0.0000	0.0000	0.0000											
93	114	0.6189	5	0	1	0	0	0	0	0	0	N	N	N	N	N	N	N	N	N	N	N	N	inf	inf	inf	inf	inf	inf	1.5974	1.7680	0.0000	2.6491	2.8211	0.0000	0.0808	0.0948	0.0000	0.0000	0.0000	0.0000	0.0000	0.0000	0.0000	0.0000	0.0000	0.0000	0.0000	-0.1707	0.0000	2.7217	4.3361	3.0458	4.6323	0.6562	0.6562	0.0000	0.6426	0.6426	0.0000	0.0136	0.0136	0.0000	0.0000	0.0000	0.0000	0.0000	0.0000	0.0000	0.0000	0.0000	0.0000	0.4108	0.3711	0.0396	0.2426	0.2278	0.0148	0.1682	0.1434	0.0249	0.0676	0.0413	0.0263	0.0347	0.0301	0.0046	0.0328	0.0112	0.0217	inf	inf	0.0000	inf	inf	0.0000	inf	inf	0.0000	0.0000	0.0000	0.0000	0.0000	0.0000	0.0000	0.0000	0.0000	0.0000				
93	115	0.5863	4	0	0	0	0	0	0	0	0	N	N	N	N	N	N	N	N	N	N	N	N	inf	inf	inf	inf	inf	inf	5.4528	6.0458	0.0203	0.0000	0.0000	0.0000	14.7166	17.1902	0.0374	0.0000	0.0000	0.0000	0.0000	0.0000	0.0000	0.0000	0.0000	0.0000	0.0004	-0.1841	0.0000	2.7217	1.9840	3.0458	0.2610	0.7084	0.7081	0.0003	0.0000	0.0000	0.0000	0.7084	0.7081	0.0003	0.0000	0.0000	0.0000	0.0000	0.0000	0.0000	0.0000	0.0000	0.0000	0.1299	0.1171	0.0128	0.0818	0.0759	0.0058	0.0481	0.0412	0.0069	0.0125	0.0062	0.0064	0.0040	0.0034	0.0006	0.0085	0.0028	0.0058	inf	inf	inf	0.0000	0.0000	0.0000	inf	inf	inf	0.0000	0.0000	0.0000	0.0000	0.0000	0.0000	0.0000	0.0000	0.0000				
93	117	0.5863	4	0	1	0	1	0	0	0	0	N	N	N	N	N	N	N	N	N	N	N	N	0.0000	0.0000	0.0000	0.0000	0.0000	0.0000	0.0000	0.0000	0.0000	0.0000	0.0000	0.0000	0.0000	0.0000	0.0000	0.0000	0.0000	0.0000	0.0000	0.0000	2.7217	0.0000	3.0458	1.0000	0.0000	0.0000	0.0000	0.0000	0.0000	0.0000	0.0000	0.0000	0.0000	0.0000	0.0000	0.0000	0.0000	0.0000	0.0000	0.0000	0.0000	0.0000	0.0000	0.0000	0.0000	0.0000	0.0000	0.0000	0.0000	0.0000	0.0000	0.0079	0.0039	0.0040	0.0025	0.0021	0.0004	0.0054	0.0017	0.0036	0.0000	0.0000	0.0000	0.0000	0.0000	0.0000	0.0000	0.0000	0.0000	0.0000	0.0000	0.0000	0.0000	0.0000	0.0000	0.0000	0.0000	0.0000											
93	119	0.5863	4	0	1	0	0	0	0	0	0	N	N	N	N	N	N	N	N	N	N	N	N	inf	inf	inf	inf	inf	inf	2.4005	2.6610	0.0000	0.0004	0.0004	0.0000	6.2550	7.2937	0.0000	0.0000	0.0000	0.0000	0.0000	0.0000	0.0000	0.0000	0.0000	0.0000	0.0000	-0.1879	0.0000	2.7217	5.0000	3.0458	6.0000	0.7220	0.7220	0.0000	0.0001	0.0001	0.0000	0.7220	0.7220	0.0000	0.0000	0.0000	0.0000	0.0000	0.0000	0.0000	0.0000	0.0000	0.0000	0.3008	0.2713	0.0294	0.1854	0.1724	0.0130	0.1154	0.0990	0.0164	0.0553	0.0275	0.0277	0.0182	0.0155	0.0028	0.0370	0.0120	0.0250	inf	inf	0.0000	inf	inf	0.0000	inf	inf	0.0000	0.0000	0.0000	0.0000	0.0000	0.0000	0.0000	0.0000	0.0000	0.0000				
93	120	0.6144	5	0	1	0	0	0	0	0	0	N	N	N	N	N	N	N	N	N	N	N	N	inf	inf	inf	inf	inf	inf	10.6008	11.7759	0.0000	0.0025	0.0027	0.0000	27.2785	31.7350	0.0000	0.0000	0.0000	0.0000	0.0000	0.0000	0.0000	0.0000	0.0000	0.0000	0.0000	-0.1853	0.0000	2.7217	0.9998	3.0458	0.9486	0.7123	0.7123	0.0000	0.0001	0.0001	0.0000	0.7122	0.7122	0.0000	0.0000	0.0000	0.0000	0.0000	0.0000	0.0000	0.0000	0.0000	0.0000	0.0672	0.0605	0.0067	0.0411	0.0380	0.0030	0.0261	0.0224	0.0037	0.0182	0.0097	0.0085	0.0080	0.0070	0.0010	0.0102	0.0027	0.0075	inf	inf	0.0000	inf	inf	0.0000	inf	inf	0.0000	0.0000	0.0000	0.0000	0.0000	0.0000	0.0000	0.0000	0.0000	0.0000				
93	121	0.5863	4	0	1	0	0	0	0	0	0	N	N	N	N	N	N	N	N	N	N	N	N	inf	inf	inf	inf	inf	inf	0.0296	0.0325	0.0027	0.0000	0.0000	0.0000	0.0767	0.0886	0.0048	0.0000	0.0000	0.0000	0.0000	0.0000	0.0000	0.0000	0.0000	0.0000	0.0090	-0.0024	0.0000	2.7217	3.0005	3.0458	1.1085	0.0097	0.0096	0.0001	0.0000	0.0000	0.0000	0.0097	0.0096	0.0001	0.0000	0.0000	0.0000	0.0000	0.0000	0.0000	0.0000	0.0000	0.0000	0.3281	0.2960	0.0321	0.2015	0.1874	0.0141	0.1266	0.1086	0.0180	0.0397	0.0196	0.0200	0.0129	0.0110	0.0020	0.0267	0.0087	0.0181	inf	inf	inf	0.0000	0.0000	0.0000	inf	inf	inf	0.0000	0.0000	0.0000	0.0000	0.0000	0.0000	0.0000	0.0000	0.0000				
93	122	0.0714	2	0	1	0	0	0	0	0	0	N	N	N	N	N	N	N	N	N	N	N	N	0.0000	0.0000	0.0000	0.0000	0.0000	0.0000	0.0000	0.0000	0.0000	0.0000	0.0000	0.0000	0.0000	0.0000	0.0000	0.0000	0.0000	0.0000	0.0000	0.0000	2.7217	2.0001	3.0458	3.0000	0.0000	0.0000	0.0000	0.0000	0.0000	0.0000	0.0000	0.0000	0.0000	0.0000	0.0000	0.0000	0.0000	0.0000	0.0000	0.0000	0.0000	0.0000	0.1846	0.1666	0.0181	0.0949	0.0891	0.0058	0.0897	0.0774	0.0123	0.0515	0.0213	0.0302	0.0004	0.0004	0.0000	0.0510	0.0209	0.0301	0.0000	0.0000	0.0000	0.0000	0.0000	0.0000	0.0000	0.0000	0.0000	0.0000	0.0000	0.0000	0.0000	0.0000	0.0000	0.0000	0.0000	0.0000											
93	124	0.6198	5	0	1	0	0	0	0	0	0	N	N	N	N	N	N	N	N	N	N	N	N	inf	inf	inf	inf	inf	inf	0.0002	0.0002	0.0000	0.0001	0.0002	0.0000	0.0002	0.0003	0.0000	0.0000	0.0000	0.0000	0.0000	0.0000	0.0000	0.0000	0.0000	0.0000	0.0000	-0.0000	0.0000	2.7217	3.9006	3.0458	3.1543	0.0001	0.0001	0.0000	0.0000	0.0000	0.0000	0.0000	0.0000	0.0000	0.0000	0.0000	0.0000	0.0000	0.0000	0.0000	0.0000	0.0000	0.0000	0.4765	0.4332	0.0433	0.3161	0.2955	0.0205	0.1605	0.1377	0.0228	0.0776	0.0473	0.0303	0.0382	0.0347	0.0036	0.0394	0.0127	0.0267	inf	inf	0.0000	inf	inf	0.0000	inf	inf	0.0000	0.0000	0.0000	0.0000	0.0000	0.0000	0.0000	0.0000	0.0000	0.0000				
93	125	0.5863	4	0	1	0	0	0	0	0	0	N	N	N	N	N	N	N	N	N	N	N	N	inf	inf	inf	inf	inf	inf	inf	inf	inf	0.0003	0.0003	0.0007	0.0004	0.0004	0.0000	0.0003	0.0001	0.0014	0.0000	0.0000	0.0000	0.0000	0.0000	0.0000	0.0000	0.0000	0.0000	0.2729	-0.0000	0.0000	2.7217	1.6924	3.0458	1.9110	0.0001	0.0001	0.0000	0.0000	0.0000	0.0000	0.0000	0.0000	0.0000	0.0000	0.0000	0.0000	0.0000	0.0000	0.0000	0.0000	0.0000	0.0000	0.1978	0.1783	0.0194	0.1235	0.1147	0.0088	0.0743	0.0636	0.0107	0.0352	0.0174	0.0178	0.0114	0.0097	0.0017	0.0237	0.0077	0.0160	inf	inf	inf	inf	inf	inf	inf	inf	inf	0.0000	0.0000	0.0000	0.0000	0.0000	0.0000	0.0000	0.0000	0.0000	
93	127	0.1575	3	0	0	0	0	0	0	0	0	N	N	N	N	N	N	N	N	N	N	N	N	0.0002	0.0004	0.0005	0.0018	0.0019	0.0035	0.0001	0.0000	0.0014	0.0003	0.0002	0.0010	0.0011	0.0011	0.0000	0.0001	0.0000	0.0010	1.4644	0.5202	1.8567	0.6092	0.5965	0.0061	1.4237	0.0025	0.7411	0.6430	25.1626	0.0000	0.0206	2.7217	3.6536	3.0458	12.3970	0.0001	0.0001	0.0001	0.0001	0.0001	0.0000	0.0001	0.0000	0.0001	0.0468	0.0018	0.0450	0.0018	0.0018	0.0000	0.0450	0.0000	0.0450	0.4474	0.3950	0.0524	0.0733	0.0709	0.0024	0.3741	0.3241	0.0500	0.2751	0.1611	0.1140	0.0478	0.0442	0.0035	0.2273	0.1169	0.1105	0.0017	0.0181	0.0025	0.0289	0.0279	0.0051	0.0007	0.0000	0.0025	0.1702	0.0111	0.3951	0.0376	0.0402	0.0042	0.1981	0.0001	0.4076
93	128	0.3359	3	0	0	0	0	0	0	0	0	N	N	N	N	N	N	N	N	N	N	N	N	2.2769	0.6344	150.7578	2.5970	2.1731	146.5263	7.6390	inf	159.5520	0.0572	0.0057	0.4868	0.0165	0.0135	0.0592	0.0836	0.0002	0.6211	0.0251	0.0089	0.0032	0.0063	0.0062	0.0004	0.0109	0.0000	0.0039	10.3398	1.1746	0.0259	0.0000	2.7217	5.3495	3.0458	12.4099	0.0397	0.0035	0.0362	0.0045	0.0034	0.0011	0.0352	0.0001	0.0352	0.0008	0.0004	0.0004	0.0004	0.0004	0.0000	0.0004	0.0000	0.0004	0.6944	0.6200	0.0744	0.2730	0.2552	0.0178	0.4215	0.3648	0.0566	0.3625	0.2324	0.1301	0.1690	0.1442	0.0248	0.1935	0.0882	0.1053	26.6757	3.6733	150.7578	7.5726	5.4406	146.5263	39.4643	inf	159.5520	0.0021	0.0015	0.0032	0.0022	0.0025	0.0004	0.0021	0.0000	0.0039
93	129	0.1416	7	0	1	0	1	0	0	0	0	N	N	N	N	N	N	N	N	N	N	N	N	0.0000	0.0000	0.0000	0.0000	0.0000	0.0000	0.0000	0.0000	0.0000	0.0000	0.0000	0.0000	0.0000	0.0000	0.0000	0.0000	0.0000	0.0000	0.0000	0.0000	2.7217	0.0000	3.0458	0.0000	0.0000	0.0000	0.0000	0.0000	0.0000	0.0000	0.0000	0.0000	0.0000	0.0000	0.0000	0.0000	0.0000	0.0000	0.0000	0.0000	0.0000	0.0000	0.0000	0.0000	0.0000	0.0000	0.0000	0.0000	0.0000	0.0000	0.0000	0.0000	0.0000	0.0000	0.0000	0.0000	0.0000	0.0000	0.0000	0.0000	0.0000	0.0000	0.0000	0.0000	0.0000	0.0000	0.0000	0.0000	0.0000	0.0000	0.0000	0.0000	0.0000	0.0000	0.0000	0.0000	0.0000	0.0000											
93	130	0.1253	6	0	1	0	1	0	0	0	0	N	N	N	N	N	N	N	N	N	N	N	N	0.0000	0.0000	0.0000	0.0000	0.0000	0.0000	0.0000	0.0000	0.0000	0.0000	0.0000	0.0000	0.0000	0.0000	0.0000	0.0000	0.0000	0.0000	0.0000	0.0000	2.7217	0.0000	3.0458	3.0001	0.0000	0.0000	0.0000	0.0000	0.0000	0.0000	0.0000	0.0000	0.0000	0.0000	0.0000	0.0000	0.0000	0.0000	0.0000	0.0000	0.0000	0.0000	0.0000	0.0000	0.0000	0.0000	0.0000	0.0000	0.0000	0.0000	0.0000	0.0260	0.0101	0.0159	0.0006	0.0006	0.0000	0.0255	0.0096	0.0159	0.0000	0.0000	0.0000	0.0000	0.0000	0.0000	0.0000	0.0000	0.0000	0.0000	0.0000	0.0000	0.0000	0.0000	0.0000	0.0000	0.0000	0.0000											
93	131	0.1157	5	0	1	0	0	0	0	0	0	N	N	N	N	N	N	N	N	N	N	N	N	0.0000	0.0000	0.0000	0.0000	0.0000	0.0000	0.0000	0.0000	0.0000	0.0000	0.0000	0.0000	0.0000	0.0000	0.0000	0.0000	0.0000	0.0000	0.0000	0.0000	2.7217	0.0000	3.0458	0.0000	0.0000	0.0000	0.0000	0.0000	0.0000	0.0000	0.0000	0.0000	0.0000	0.0000	0.0000	0.0000	0.0000	0.0000	0.0000	0.0000	0.0000	0.0000	0.0000	0.0000	0.0000	0.0000	0.0000	0.0000	0.0000	0.0000	0.0000	0.0000	0.0000	0.0000	0.0000	0.0000	0.0000	0.0000	0.0000	0.0000	0.0000	0.0000	0.0000	0.0000	0.0000	0.0000	0.0000	0.0000	0.0000	0.0000	0.0000	0.0000	0.0000	0.0000	0.0000	0.0000	0.0000	0.0000											
93	132	0.1253	6	0	0	1	1	0	0	0	0	N	N	N	N	N	N	N	N	N	N	N	N	0.0000	0.0000	0.0000	0.0000	0.0000	0.0000	0.0000	0.0000	0.0000	0.0000	0.0000	0.0000	0.0000	0.0000	0.0000	0.0000	0.0000	0.0000	0.0000	0.0000	2.7217	0.0000	3.0458	1.9999	0.0000	0.0000	0.0000	0.0000	0.0000	0.0000	0.0000	0.0000	0.0000	0.0000	0.0000	0.0000	0.0000	0.0000	0.0000	0.0000	0.0000	0.0000	0.0000	0.0000	0.0000	0.0000	0.0000	0.0000	0.0000	0.0000	0.0000	0.0175	0.0068	0.0107	0.0004	0.0004	0.0000	0.0171	0.0064	0.0107	0.0000	0.0000	0.0000	0.0000	0.0000	0.0000	0.0000	0.0000	0.0000	0.0000	0.0000	0.0000	0.0000	0.0000	0.0000	0.0000	0.0000	0.0000											
93	133	0.1364	7	0	0	1	1	0	0	0	0	N	N	N	N	N	N	N	N	N	N	N	N	0.0000	0.0000	0.0000	0.0000	0.0000	0.0000	0.0000	0.0000	0.0000	0.0000	0.0000	0.0000	0.0000	0.0000	0.0000	0.0000	0.0000	0.0000	0.0000	0.0000	2.7217	1.0000	3.0458	0.0000	0.0000	0.0000	0.0000	0.0000	0.0000	0.0000	0.0000	0.0000	0.0000	0.0000	0.0000	0.0000	0.0000	0.0000	0.0000	0.0000	0.0000	0.0000	0.0902	0.0805	0.0097	0.0505	0.0464	0.0041	0.0397	0.0341	0.0056	0.0084	0.0032	0.0052	0.0002	0.0002	0.0000	0.0082	0.0030	0.0052	0.0000	0.0000	0.0000	0.0000	0.0000	0.0000	0.0000	0.0000	0.0000	0.0000	0.0000	0.0000	0.0000	0.0000	0.0000	0.0000	0.0000	0.0000											
93	134	0.1364	7	0	0	1	1	0	0	0	0	N	N	N	N	N	N	N	N	N	N	N	N	0.0000	0.0000	0.0000	0.0000	0.0000	0.0000	0.0000	0.0000	0.0000	0.0000	0.0000	0.0000	0.0000	0.0000	0.0000	0.0000	0.0000	0.0000	0.0000	0.0000	2.7217	0.0000	3.0458	0.0000	0.0000	0.0000	0.0000	0.0000	0.0000	0.0000	0.0000	0.0000	0.0000	0.0000	0.0000	0.0000	0.0000	0.0000	0.0000	0.0000	0.0000	0.0000	0.0000	0.0000	0.0000	0.0000	0.0000	0.0000	0.0000	0.0000	0.0000	0.0000	0.0000	0.0000	0.0000	0.0000	0.0000	0.0000	0.0000	0.0000	0.0000	0.0000	0.0000	0.0000	0.0000	0.0000	0.0000	0.0000	0.0000	0.0000	0.0000	0.0000	0.0000	0.0000	0.0000	0.0000	0.0000	0.0000											
93	135	0.1253	6	0	0	1	1	0	0	0	0	N	N	N	N	N	N	N	N	N	N	N	N	0.0000	0.0000	0.0000	0.0000	0.0000	0.0000	0.0000	0.0000	0.0000	0.0000	0.0000	0.0000	0.0000	0.0000	0.0000	0.0000	0.0000	0.0000	0.0000	0.0000	2.7217	2.0025	3.0458	0.9943	0.0000	0.0000	0.0000	0.0000	0.0000	0.0000	0.0000	0.0000	0.0000	0.0000	0.0000	0.0000	0.0000	0.0000	0.0000	0.0000	0.0000	0.0000	0.1780	0.1589	0.0191	0.0967	0.0890	0.0077	0.0813	0.0699	0.0114	0.0260	0.0101	0.0159	0.0006	0.0006	0.0000	0.0254	0.0095	0.0159	0.0000	0.0000	0.0000	0.0000	0.0000	0.0000	0.0000	0.0000	0.0000	0.0000	0.0000	0.0000	0.0000	0.0000	0.0000	0.0000	0.0000	0.0000											
93	136	0.1253	5	0	0	0	1	0	0	0	0	N	N	N	N	N	N	N	N	N	N	N	N	0.0000	0.0000	0.0000	0.0000	0.0000	0.0000	0.0000	0.0000	0.0000	0.0000	0.0000	0.0000	0.0000	0.0000	0.0000	0.0000	0.0000	0.0000	0.0000	0.0000	2.7217	0.0050	3.0458	0.0173	0.0000	0.0000	0.0000	0.0000	0.0000	0.0000	0.0000	0.0000	0.0000	0.0000	0.0000	0.0000	0.0000	0.0000	0.0000	0.0000	0.0000	0.0000	0.0010	0.0009	0.0001	0.0007	0.0007	0.0000	0.0002	0.0002	0.0000	0.0002	0.0001	0.0001	0.0000	0.0000	0.0000	0.0002	0.0001	0.0001	0.0000	0.0000	0.0000	0.0000	0.0000	0.0000	0.0000	0.0000	0.0000	0.0000	0.0000	0.0000	0.0000	0.0000	0.0000	0.0000	0.0000	0.0000											
93	137	0.1157	4	0	0	0	1	0	0	0	0	N	N	N	N	N	N	N	N	N	N	N	N	0.0000	0.0000	0.0000	0.0000	0.0000	0.0000	0.0000	0.0000	0.0000	0.0000	0.0000	0.0000	0.0000	0.0000	0.0000	0.0000	0.0000	0.0000	0.0000	0.0000	2.7217	1.9972	3.0458	1.0076	0.0000	0.0000	0.0000	0.0000	0.0000	0.0000	0.0000	0.0000	0.0000	0.0000	0.0000	0.0000	0.0000	0.0000	0.0000	0.0000	0.0000	0.0000	0.1663	0.1483	0.0180	0.0870	0.0802	0.0068	0.0793	0.0682	0.0112	0.0247	0.0095	0.0152	0.0006	0.0005	0.0000	0.0241	0.0089	0.0152	0.0000	0.0000	0.0000	0.0000	0.0000	0.0000	0.0000	0.0000	0.0000	0.0000	0.0000	0.0000	0.0000	0.0000	0.0000	0.0000	0.0000	0.0000											
93	138	0.0984	3	1	1	0	0	0	0	0	0	N	N	N	N	N	N	N	N	N	N	N	N	0.0374	0.0211	0.0188	0.0208	0.0001	0.0001	0.0000	0.0003	0.0003	0.0000	0.0000	0.0000	0.0000	0.0034	0.0068	0.0000	0.0155	0.0144	0.0000	0.0000	0.0000	0.0000	0.0000	0.0000	-0.0000	-0.0000	2.7217	0.0002	3.0458	2.3255	0.0000	0.0000	0.0000	0.0000	0.0000	0.0000	0.0000	0.0000	0.0000	0.0000	0.0000	0.0000	0.0000	0.0000	0.0000	0.0000	0.0000	0.0000	0.0000	0.0000	0.0000	0.0000	0.0000	0.0000	0.0000	0.0000	0.0000	0.0309	0.0162	0.0148	0.0051	0.0049	0.0002	0.0258	0.0113	0.0145	0.1971	0.1150	0.0000	0.0743	0.0731	0.0000	0.0000	0.0000	0.0000	0.0006	0.0012	0.0000	0.0039	0.0041	0.0000	0.0000	0.0000	0.0000					
93	139	0.0805	2	1	1	0	0	0	0	0	0	N	N	N	N	N	N	N	N	N	N	N	N	1551.9279	0.0001	90540.8253	0.1255	0.0002	inf	17431.5752	inf	113560.7436	4.0328	0.0000	49.1407	0.0005	0.0000	0.0107	6.5269	0.0000	62.7523	0.0026	0.0019	0.0005	0.0040	0.0034	0.0000	0.0004	0.0000	0.0006	17494227.2287	0.8816	0.7364	-0.0000	2.7217	2.0138	3.0458	2.7349	0.9954	0.0000	0.9954	0.0000	0.0000	0.0000	0.9954	0.0000	0.9954	0.0000	0.0000	0.0000	0.0000	0.0000	0.0000	0.0000	0.0000	0.0000	0.2468	0.2266	0.0203	0.0943	0.0899	0.0044	0.1525	0.1366	0.0159	0.0757	0.0388	0.0369	0.0148	0.0141	0.0007	0.0609	0.0247	0.0362	7144.5352	0.0004	90540.8253	0.3259	0.0004	inf	19865.0087	inf	113560.7436	0.0006	0.0006	0.0005	0.0015	0.0016	0.0000	0.0003	0.0000	0.0006
93	140	0.0971	3	0	1	0	0	0	0	0	0	N	N	N	N	N	N	N	N	N	N	N	N	inf	inf	inf	inf	inf	inf	inf	0.0002	0.0001	0.0016	0.0002	0.0002	0.0000	0.0003	0.0000	0.0022	0.0000	0.0000	0.0000	0.0000	0.0000	0.0000	0.0000	0.0000	0.0000	1.5789	0.0000	0.0000	2.7217	1.9232	3.0458	1.1116	0.0001	0.0000	0.0000	0.0000	0.0000	0.0000	0.0000	0.0000	0.0000	0.0000	0.0000	0.0000	0.0000	0.0000	0.0000	0.0000	0.0000	0.0000	0.2388	0.2184	0.0204	0.1161	0.1103	0.0058	0.1227	0.1081	0.0146	0.0312	0.0138	0.0174	0.0027	0.0025	0.0002	0.0285	0.0113	0.0172	inf	inf	inf	inf	inf	0.0000	inf	0.0000	inf	0.0000	0.0000	0.0000	0.0000	0.0000	0.0000	0.0000	0.0000	0.0000			
93	141	0.6055	5	0	1	0	0	0	0	0	0	N	N	N	N	N	N	N	N	N	N	N	N	inf	inf	inf	inf	inf	inf	inf	1.7453	0.0002	18.9570	0.0002	0.0003	0.0000	5.7019	0.0000	40.1298	0.0000	0.0000	0.0000	0.0000	0.0000	0.0000	0.0000	0.0000	0.0000	10313.6111	0.5341	0.0000	2.7217	3.0000	3.0458	1.0000	0.7220	0.0001	0.7220	0.0001	0.0001	0.0000	0.7220	0.0000	0.7220	0.0000	0.0000	0.0000	0.0000	0.0000	0.0000	0.0000	0.0000	0.0000	0.4137	0.3756	0.0381	0.2871	0.2670	0.0201	0.1266	0.1086	0.0180	0.0387	0.0192	0.0195	0.0126	0.0107	0.0019	0.0261	0.0085	0.0176	inf	inf	inf	inf	inf	0.0000	inf	0.0000	inf	0.0000	0.0000	0.0000	0.0000	0.0000	0.0000	0.0000	0.0000	0.0000			
93	142	0.5863	4	0	0	0	0	0	0	0	0	N	N	N	N	N	N	N	N	N	N	N	N	inf	inf	inf	inf	0.0001	0.0000	0.0006	0.0000	0.0000	0.0000	0.0002	0.0000	0.0011	0.0000	0.0000	0.0000	0.0000	0.0000	0.0000	0.0000	0.0000	0.0000	inf	0.0000	0.0000	2.7217	1.0000	3.0458	1.0000	0.0000	0.0000	0.0000	0.0000	0.0000	0.0000	0.0000	0.0000	0.0000	0.0000	0.0000	0.0000	0.0000	0.0000	0.0000	0.0000	0.0000	0.0000	0.1213	0.1093	0.0119	0.0764	0.0709	0.0055	0.0448	0.0384	0.0065	0.0202	0.0100	0.0103	0.0065	0.0055	0.0010	0.0137	0.0044	0.0093	inf	0.0000	inf	0.0000	0.0000	0.0000	inf	0.0000	inf	0.0000	0.0000	0.0000	0.0000	0.0000	0.0000	0.0000	0.0000	0.0000						
93	143	0.3359	3	0	0	0	0	0	0	0	0	N	N	N	N	N	N	N	N	N	N	N	N	71.8085	4.1220	inf	11.1796	10.3450	inf	inf	inf	inf	0.0497	0.0049	0.4213	0.0156	0.0129	0.0550	0.0692	0.0000	0.5258	0.0007	0.0012	0.0000	0.0014	0.0012	0.0000	0.0000	0.0000	0.0000	10.3526	0.0000	0.0259	-0.0001	2.7217	7.1211	3.0458	10.9474	0.0397	0.0035	0.0362	0.0045	0.0035	0.0010	0.0352	0.0000	0.0352	0.0001	0.0001	0.0000	0.0001	0.0001	0.0000	0.0000	0.0000	0.0000	0.7990	0.7130	0.0860	0.2907	0.2716	0.0191	0.5082	0.4413	0.0669	0.3639	0.2330	0.1309	0.1692	0.1443	0.0248	0.1947	0.0886	0.1061	180.9427	11.4365	inf	26.4699	18.5961	inf	inf	inf	inf	0.0003	0.0004	0.0000	0.0006	0.0007	0.0000	0.0000	0.0000	0.0000
93	144	0.1411	2	0	0	0	0	0	0	0	0	N	N	N	N	N	N	N	N	N	N	N	N	4.8153	0.1440	455.0008	0.0178	0.0189	8.6676	31.7276	0.2371	1127.1130	1.2153	0.0037	10.4468	0.0008	0.0009	0.0000	1.3659	0.0041	10.9240	0.2524	0.0258	0.0230	0.0463	0.0457	0.0000	0.0431	0.0173	0.0097	369.6003	2.9066	0.7134	0.0005	2.7217	8.5175	3.0458	23.1696	0.9679	0.0026	0.9652	0.0001	0.0001	0.0000	0.9678	0.0025	0.9652	0.0023	0.0006	0.0017	0.0004	0.0004	0.0000	0.0019	0.0001	0.0017	0.7964	0.7040	0.0924	0.0878	0.0838	0.0040	0.7085	0.6202	0.0884	0.4040	0.2200	0.1841	0.0629	0.0568	0.0061	0.3411	0.1632	0.1779	211.8521	1.3754	1115.0158	0.1170	0.1107	8.6676	248.6202	4.4696	1127.1130	0.0057	0.0027	0.0094	0.0071	0.0078	0.0000	0.0055	0.0009	0.0097
93	145	0.1157	5	1	1	0	0	0	0	0	0	N	N	N	N	N	N	N	N	N	N	N	N	0.0000	0.0000	0.0000	0.0000	0.0000	0.0000	0.0000	0.0000	0.0000	0.0000	0.0000	0.0000	0.0000	0.0000	0.0000	0.0000	0.0000	0.0000	0.0000	0.0000	2.7217	1.0000	3.0458	1.0000	0.0000	0.0000	0.0000	0.0000	0.0000	0.0000	0.0000	0.0000	0.0000	0.0000	0.0000	0.0000	0.0000	0.0000	0.0000	0.0000	0.0000	0.0000	0.0854	0.0761	0.0093	0.0451	0.0415	0.0036	0.0403	0.0346	0.0057	0.0166	0.0064	0.0102	0.0004	0.0004	0.0000	0.0162	0.0060	0.0102	0.0000	0.0000	0.0000	0.0000	0.0000	0.0000	0.0000	0.0000	0.0000	0.0000	0.0000	0.0000	0.0000	0.0000	0.0000	0.0000	0.0000	0.0000											
93	146	0.1157	4	0	1	0	0	0	0	0	0	N	N	N	N	N	N	N	N	N	N	N	N	0.0000	0.0000	0.0000	0.0000	0.0000	0.0000	0.0000	0.0000	0.0000	0.0000	0.0000	0.0000	0.0000	0.0000	0.0000	0.0000	0.0000	0.0000	0.0000	0.0000	2.7217	0.0003	3.0458	0.0000	0.0000	0.0000	0.0000	0.0000	0.0000	0.0000	0.0000	0.0000	0.0000	0.0000	0.0000	0.0000	0.0000	0.0000	0.0000	0.0000	0.0000	0.0000	0.0001	0.0001	0.0000	0.0001	0.0001	0.0000	0.0000	0.0000	0.0000	0.0000	0.0000	0.0000	0.0000	0.0000	0.0000	0.0000	0.0000	0.0000	0.0000	0.0000	0.0000	0.0000	0.0000	0.0000	0.0000	0.0000	0.0000	0.0000	0.0000	0.0000	0.0000	0.0000	0.0000	0.0000	0.0000	0.0000											
93	147	0.0971	3	0	0	0	0	0	0	0	0	N	N	N	N	N	N	N	N	N	N	N	N	inf	inf	inf	inf	inf	inf	inf	inf	0.0003	0.0002	0.0007	0.0001	0.0001	0.0000	0.0004	0.0003	0.0010	0.0000	0.0000	0.0000	0.0000	0.0000	0.0000	0.0000	0.0000	0.0000	0.3519	0.0000	0.0000	2.7217	4.9449	3.0458	1.0063	0.0001	0.0001	0.0000	0.0000	0.0000	0.0000	0.0001	0.0001	0.0000	0.0000	0.0000	0.0000	0.0000	0.0000	0.0000	0.0000	0.0000	0.0000	0.4358	0.3922	0.0436	0.1967	0.1841	0.0126	0.2391	0.2082	0.0310	0.0558	0.0238	0.0320	0.0032	0.0030	0.0002	0.0526	0.0208	0.0318	inf	inf	inf	inf	inf	0.0000	inf	inf	inf	0.0000	0.0000	0.0000	0.0000	0.0000	0.0000	0.0000	0.0000	0.0000		
93	148	0.0805	2	0	0	0	0	0	0	0	0	N	N	N	N	N	N	N	N	N	N	N	N	59.5066	17.8286	inf	21.5024	27.1855	inf	inf	inf	inf	0.0388	0.0289	0.1339	0.0748	0.0792	0.0025	0.0194	0.0000	0.1694	0.0007	0.0016	0.0000	0.0035	0.0029	0.0000	0.0000	0.0000	0.0000	0.4850	0.0000	0.0009	-0.0000	2.7217	3.4778	3.0458	1.2917	0.0133	0.0090	0.0044	0.0090	0.0090	0.0000	0.0043	0.0000	0.0043	0.0000	0.0000	0.0000	0.0000	0.0000	0.0000	0.0000	0.0000	0.0000	0.3431	0.3106	0.0325	0.1202	0.1133	0.0069	0.2230	0.1974	0.0256	0.0759	0.0389	0.0370	0.0148	0.0141	0.0007	0.0611	0.0248	0.0364	147.2904	56.1527	inf	55.2269	55.8864	inf	inf	inf	inf	0.0003	0.0005	0.0000	0.0014	0.0014	0.0000	0.0000	0.0000	0.0000
93	150	0.1575	3	0	0	0	0	0	0	0	0	N	N	N	N	N	N	N	N	N	N	N	N	0.0001	0.0001	0.0000	0.0662	0.0682	0.0000	0.0000	0.0000	0.0003	0.0003	0.0000	0.0019	0.0019	0.0000	0.0000	0.0000	0.0000	3.4258	5.8760	0.0012	0.0283	0.0284	0.0000	4.1233	8.2844	0.0013	0.0000	0.0002	-0.0000	-0.5210	2.7217	3.7255	3.0458	14.1767	0.0001	0.0001	0.0000	0.0001	0.0001	0.0000	0.0000	0.0000	0.0000	0.9986	0.9985	0.0002	0.0003	0.0003	0.0000	0.9984	0.9982	0.0002	0.4536	0.4005	0.0531	0.0738	0.0714	0.0025	0.3798	0.3291	0.0506	0.2915	0.1699	0.1216	0.0494	0.0456	0.0038	0.2421	0.1244	0.1178	0.0001	0.0001	0.0000	0.3384	0.3230	0.0000	0.0000	0.0000	0.0000	3.4258	5.8760	0.0012	0.0055	0.0060	0.0000	4.1233	8.0260	0.0013	
93	151	0.1411	2	0	0	0	0	0	0	0	0	N	N	N	N	N	N	N	N	N	N	N	N	0.0009	0.0004	0.0399	0.0284	0.0314	50.9843	0.0018	0.0001	0.1140	0.0006	0.0003	0.0029	0.0009	0.0009	0.0000	0.0006	0.0002	0.0030	0.6846	0.7926	0.0722	0.0301	0.0276	0.0000	0.3370	1.5788	0.0261	1.1053	0.7167	0.0000	-0.0004	2.7217	1.4205	3.0458	4.0377	0.0001	0.0001	0.0001	0.0000	0.0000	0.0000	0.0001	0.0000	0.0001	0.0034	0.0020	0.0014	0.0003	0.0003	0.0000	0.0032	0.0017	0.0014	0.2289	0.2019	0.0271	0.0488	0.0480	0.0008	0.1801	0.1539	0.0263	0.1729	0.1044	0.0685	0.0464	0.0446	0.0018	0.1264	0.0598	0.0666	0.0328	0.0183	0.1384	0.1496	0.1460	50.9843	0.0238	0.0065	0.1388	0.0198	0.0191	0.0208	0.0057	0.0059	0.0000	0.0249	0.0289	0.0214
94	95	0.7001	7	2	2	0	0	0	0	0	0	Y	Y	N	N	N	N	N	N	N	N	N	N	0.0000	0.0000	0.0000	0.0000	0.0000	0.0000	0.0000	0.0000	0.0000	0.0000	0.0000	0.0000	0.0000	0.0000	0.0000	0.0000	0.0000	0.0000	0.0000	0.0000	5.9980	0.0000	4.9575	2.0000	0.0000	0.0000	0.0000	0.0000	0.0000	0.0000	0.0000	0.0000	0.0000	0.0000	0.0000	0.0000	0.0000	0.0000	0.0000	0.0000	0.0000	0.0000	0.0000	0.0000	0.0000	0.0000	0.0000	0.0000	0.0000	0.0000	0.0000	0.0265	0.0171	0.0094	0.0156	0.0134	0.0022	0.0109	0.0037	0.0071	0.0000	0.0000	0.0000	0.0000	0.0000	0.0000	0.0000	0.0000	0.0000	0.0000	0.0000	0.0000	0.0000	0.0000	0.0000	0.0000	0.0000	0.0000											
94	96	0.6777	6	1	2	0	0	0	0	0	0	N	Y	N	N	N	N	N	N	N	N	N	N	inf	inf	inf	inf	inf	inf	inf	2.0722	2.2350	0.0500	2.6295	2.7922	0.0000	0.0175	0.0000	0.1298	0.0000	0.0000	0.0000	0.0000	0.0000	0.0000	0.0000	0.0000	0.0000	0.0018	-0.2588	0.0000	5.9980	4.0000	4.9575	0.0000	1.0016	0.9998	0.0018	0.9998	0.9998	0.0000	0.0018	0.0000	0.0018	0.0000	0.0000	0.0000	0.0000	0.0000	0.0000	0.0000	0.0000	0.0000	0.4834	0.4474	0.0360	0.3802	0.3581	0.0221	0.1031	0.0893	0.0139	0.0227	0.0138	0.0089	0.0121	0.0102	0.0019	0.0106	0.0036	0.0070	inf	inf	inf	inf	inf	0.0000	inf	0.0000	inf	0.0000	0.0000	0.0000	0.0000	0.0000	0.0000	0.0000	0.0000	0.0000			
94	97	0.1216	3	1	1	0	0	0	0	0	0	N	N	N	N	N	N	N	N	N	N	N	N	26.3996	7.7910	inf	0.2828	0.3616	inf	inf	inf	0.0060	0.0038	0.0277	0.0024	0.0026	0.0000	0.0096	0.0051	0.0391	0.0002	0.0005	0.0000	0.0086	0.0071	0.0000	0.0000	0.0000	0.0000	0.7469	0.0000	0.0007	-0.0000	5.9980	3.9994	4.9575	4.0000	0.0042	0.0024	0.0018	0.0009	0.0009	0.0000	0.0033	0.0015	0.0018	0.0000	0.0000	0.0000	0.0000	0.0000	0.0000	0.0000	0.0000	0.0000	0.7035	0.6385	0.0650	0.3557	0.3368	0.0189	0.3478	0.3017	0.0461	0.1356	0.0599	0.0757	0.0039	0.0037	0.0002	0.1318	0.0562	0.0756	81.1740	22.6095	inf	0.9432	0.9480	0.0000	inf	inf	inf	0.0001	0.0002	0.0000	0.0026	0.0027	0.0000	0.0000	0.0000	0.0000	
94	98	0.6777	6	1	1	0	0	0	0	0	0	N	N	N	N	N	N	N	N	N	N	N	N	inf	inf	inf	inf	4.1031	4.4316	0.0000	5.1560	5.4760	0.0000	0.0000	0.0000	0.0000	0.0000	0.0000	0.0000	0.0000	0.0000	0.0000	0.0000	0.0000	0.0000	0.0000	-0.2531	0.0000	5.9980	1.0000	4.9575	0.0000	0.9727	0.9727	0.0000	0.9727	0.9727	0.0000	0.0000	0.0000	0.0000	0.0000	0.0000	0.0000	0.0000	0.0000	0.0000	0.0000	0.0000	0.0000	0.2371	0.2195	0.0176	0.1887	0.1776	0.0110	0.0484	0.0419	0.0065	0.0106	0.0065	0.0042	0.0057	0.0048	0.0009	0.0050	0.0017	0.0033	inf	inf	0.0000	inf	inf	0.0000	0.0000	0.0000	0.0000	0.0000	0.0000	0.0000	0.0000	0.0000	0.0000	0.0000	0.0000	0.0000						
94	99	0.2326	4	1	1	0	0	0	0	0	0	N	N	N	N	N	N	N	N	N	N	N	N	3.4034	2.0480	0.0000	2.6785	3.2580	0.0000	9.3072	0.0610	0.0000	0.0054	0.0060	0.0000	0.0097	0.0101	0.0000	0.0000	0.0000	0.0000	0.0016	0.0029	0.0000	0.0036	0.0031	0.0000	0.0000	0.0003	0.0000	0.0000	0.0020	-0.0006	-0.0001	5.9980	1.5982	4.9575	11.1970	0.0024	0.0024	0.0000	0.0024	0.0024	0.0000	0.0000	0.0000	0.0000	0.0001	0.0001	0.0000	0.0001	0.0001	0.0000	0.0000	0.0000	0.0000	0.4494	0.4073	0.0422	0.2494	0.2401	0.0093	0.2000	0.1672	0.0328	0.2905	0.1617	0.1288	0.0888	0.0832	0.0056	0.2017	0.0785	0.1232	12.4551	7.6664	0.0000	6.8651	6.6840	0.0000	9.3072	20.7010	0.0000	0.0004	0.0008	0.0000	0.0014	0.0015	0.0000	0.0000	0.0000	0.0000
94	100	0.0656	2	2	2	1	0	0	0	0	0	Y	Y	N	N	N	N	N	N	N	N	N	N	0.0000	0.0000	0.0564	0.0000	0.0000	0.0277	0.0594	0.0000	0.0000	0.0000	0.0000	0.0000	0.0000	0.0000	0.0000	0.0000	0.7254	1.1439	0.0000	1.8757	1.9668	0.0000	0.0000	0.0000	0.0000	inf	0.0006	0.0000	-0.0005	5.9980	0.0000	4.9575	0.9982	0.0000	0.0000	0.0000	0.0000	0.0000	0.0000	0.0000	0.0000	0.0000	0.0009	0.0009	0.0000	0.0009	0.0009	0.0000	0.0000	0.0000	0.0000	0.0554	0.0432	0.0122	0.0287	0.0281	0.0007	0.0267	0.0151	0.0115	0.0433	0.0234	0.0199	0.0054	0.0053	0.0001	0.0380	0.0181	0.0198	0.0000	0.0000	0.0564	0.0000	0.0000	0.0000	0.0493	0.0000	0.0594	0.0212	0.0392	0.0000	0.1702	0.1732	0.0000	0.0000	0.0000	0.0000		
94	101	0.7125	9	2	2	1	0	0	0	0	0	Y	Y	N	N	N	N	N	N	N	N	N	N	0.0000	0.0000	0.0000	0.0000	0.0000	0.0000	0.0000	0.0000	0.0000	0.0000	0.0000	0.0000	0.0000	0.0000	0.0000	0.0000	0.0000	0.0000	0.0000	0.0000	5.9980	0.0000	4.9575	0.0000	0.0000	0.0000	0.0000	0.0000	0.0000	0.0000	0.0000	0.0000	0.0000	0.0000	0.0000	0.0000	0.0000	0.0000	0.0000	0.0000	0.0000	0.0000	0.0000	0.0000	0.0000	0.0000	0.0000	0.0000	0.0000	0.0000	0.0000	0.0000	0.0000	0.0000	0.0000	0.0000	0.0000	0.0000	0.0000	0.0000	0.0000	0.0000	0.0000	0.0000	0.0000	0.0000	0.0000	0.0000	0.0000	0.0000	0.0000	0.0000	0.0000	0.0000	0.0000	0.0000	0.0000	0.0000											
94	102	0.7125	8	2	1	1	0	0	0	0	0	Y	N	N	N	N	N	N	N	N	N	N	N	0.0000	0.0000	0.0000	0.0000	0.0000	0.0000	0.0000	0.0000	0.0000	0.0000	0.0000	0.0000	0.0000	0.0000	0.0000	0.0000	0.0000	0.0000	0.0000	0.0000	5.9980	0.0000	4.9575	0.0000	0.0000	0.0000	0.0000	0.0000	0.0000	0.0000	0.0000	0.0000	0.0000	0.0000	0.0000	0.0000	0.0000	0.0000	0.0000	0.0000	0.0000	0.0000	0.0000	0.0000	0.0000	0.0000	0.0000	0.0000	0.0000	0.0000	0.0000	0.0000	0.0000	0.0000	0.0000	0.0000	0.0000	0.0000	0.0000	0.0000	0.0000	0.0000	0.0000	0.0000	0.0000	0.0000	0.0000	0.0000	0.0000	0.0000	0.0000	0.0000	0.0000	0.0000	0.0000	0.0000	0.0000	0.0000											
94	103	0.7064	7	2	1	1	0	0	0	0	0	Y	N	N	N	N	N	N	N	N	N	N	N	0.0000	0.0000	0.0000	0.0000	0.0000	0.0000	0.0000	0.0000	0.0000	0.0000	0.0000	0.0000	0.0000	0.0000	0.0000	0.0000	0.0000	0.0000	0.0000	0.0000	5.9980	0.0000	4.9575	1.0091	0.0000	0.0000	0.0000	0.0000	0.0000	0.0000	0.0000	0.0000	0.0000	0.0000	0.0000	0.0000	0.0000	0.0000	0.0000	0.0000	0.0000	0.0000	0.0000	0.0000	0.0000	0.0000	0.0000	0.0000	0.0000	0.0000	0.0000	0.0135	0.0087	0.0048	0.0079	0.0068	0.0011	0.0055	0.0019	0.0036	0.0000	0.0000	0.0000	0.0000	0.0000	0.0000	0.0000	0.0000	0.0000	0.0000	0.0000	0.0000	0.0000	0.0000	0.0000	0.0000	0.0000	0.0000											
94	104	0.1216	3	1	2	0	0	0	0	0	0	N	Y	N	N	N	N	N	N	N	N	N	N	inf	inf	inf	inf	inf	inf	0.7639	0.8430	0.0000	1.5791	1.6685	0.0000	0.0023	0.0027	0.0000	0.0000	0.0000	0.0000	0.0000	0.0000	0.0000	0.0000	0.0000	0.0000	0.0000	-0.2537	0.0000	5.9980	7.9994	4.9575	4.0001	0.9751	0.9751	0.0000	0.9736	0.9736	0.0000	0.0015	0.0015	0.0000	0.0000	0.0000	0.0000	0.0000	0.0000	0.0000	0.0000	0.0000	0.0000	1.2764	1.1567	0.1197	0.6165	0.5835	0.0331	0.6599	0.5733	0.0866	0.1955	0.0868	0.1087	0.0056	0.0053	0.0003	0.1899	0.0815	0.1085	inf	inf	0.0000	inf	inf	0.0000	inf	inf	0.0000	0.0000	0.0000	0.0000	0.0000	0.0000	0.0000	0.0000	0.0000	0.0000				
94	105	0.0691	3	2	1	1	0	0	0	0	0	Y	N	N	N	N	N	N	N	N	N	N	N	0.0000	0.0000	0.0000	0.0000	0.0000	0.0000	0.0000	0.0000	0.0000	0.0000	0.0000	0.0000	0.0000	0.0000	0.0000	0.0000	0.0000	0.0000	0.0000	0.0000	5.9980	1.0000	4.9575	1.0005	0.0000	0.0000	0.0000	0.0000	0.0000	0.0000	0.0000	0.0000	0.0000	0.0000	0.0000	0.0000	0.0000	0.0000	0.0000	0.0000	0.0000	0.0000	0.2124	0.1852	0.0272	0.0040	0.0038	0.0002	0.2084	0.1814	0.0270	0.0668	0.0324	0.0344	0.0008	0.0007	0.0000	0.0660	0.0317	0.0344	0.0000	0.0000	0.0000	0.0000	0.0000	0.0000	0.0000	0.0000	0.0000	0.0000	0.0000	0.0000	0.0000	0.0000	0.0000	0.0000	0.0000	0.0000											
94	106	0.0656	2	2	1	1	0	0	0	0	0	Y	N	N	N	N	N	N	N	N	N	N	N	0.1090	0.0931	0.9011	0.2431	0.2542	160.7080	19.1429	1.7326	0.4433	0.2437	0.2876	0.0001	1.6125	1.6569	0.0025	0.0026	0.0031	0.0001	2.2367	3.0890	0.0001	6.6330	6.5182	0.0000	0.0001	0.0018	0.0001	0.0001	0.0001	-0.0132	-0.0168	5.9980	0.7249	4.9575	0.0368	0.0509	0.0509	0.0000	0.0504	0.0504	0.0000	0.0005	0.0005	0.0000	0.0322	0.0322	0.0000	0.0322	0.0322	0.0000	0.0000	0.0000	0.0000	0.2089	0.1770	0.0319	0.0313	0.0304	0.0008	0.1776	0.1465	0.0310	0.0356	0.0197	0.0159	0.0053	0.0052	0.0001	0.0302	0.0144	0.0158	0.2689	0.1756	0.9011	0.2664	0.2691	160.7080	27.4391	76.1195	0.4433	0.9065	1.6379	0.0001	6.0541	6.1577	0.0000	0.0001	0.0000	0.0001
94	109	0.7064	7	2	1	1	0	0	0	0	0	Y	N	N	N	N	N	N	N	N	N	N	N	0.0000	0.0000	0.0000	0.0000	0.0000	0.0000	0.0000	0.0000	0.0000	0.0000	0.0000	0.0000	0.0000	0.0000	0.0000	0.0000	0.0000	0.0000	0.0000	0.0000	5.9980	0.0000	4.9575	0.9909	0.0000	0.0000	0.0000	0.0000	0.0000	0.0000	0.0000	0.0000	0.0000	0.0000	0.0000	0.0000	0.0000	0.0000	0.0000	0.0000	0.0000	0.0000	0.0000	0.0000	0.0000	0.0000	0.0000	0.0000	0.0000	0.0000	0.0000	0.0132	0.0085	0.0047	0.0078	0.0067	0.0011	0.0054	0.0019	0.0036	0.0000	0.0000	0.0000	0.0000	0.0000	0.0000	0.0000	0.0000	0.0000	0.0000	0.0000	0.0000	0.0000	0.0000	0.0000	0.0000	0.0000	0.0000											
94	110	0.6777	6	2	1	1	0	0	0	0	0	Y	N	N	N	N	N	N	N	N	N	N	N	inf	inf	inf	inf	2.0685	2.2350	0.0000	2.6296	2.7922	0.0000	0.0000	0.0000	0.0000	0.0000	0.0000	0.0000	0.0000	0.0000	0.0000	0.0000	0.0000	0.0000	0.0000	-0.2601	0.0000	5.9980	4.0000	4.9575	0.0000	0.9998	0.9998	0.0000	0.9998	0.9998	0.0000	0.0000	0.0000	0.0000	0.0000	0.0000	0.0000	0.0000	0.0000	0.0000	0.0000	0.0000	0.0000	0.4834	0.4473	0.0360	0.3802	0.3581	0.0221	0.1031	0.0893	0.0139	0.0227	0.0138	0.0089	0.0121	0.0102	0.0019	0.0106	0.0036	0.0070	inf	inf	0.0000	inf	inf	0.0000	0.0000	0.0000	0.0000	0.0000	0.0000	0.0000	0.0000	0.0000	0.0000	0.0000	0.0000	0.0000						
94	112	0.1674	4	1	1	1	0	0	0	0	0	N	N	N	N	N	N	N	N	N	N	N	N	0.0000	0.0000	0.0000	0.0000	0.0000	0.0000	0.0000	0.0000	0.0000	0.0000	0.0000	0.0000	0.0000	0.0000	0.0000	0.0000	0.0000	0.0000	0.0000	0.0000	5.9980	0.0000	4.9575	0.0001	0.0000	0.0000	0.0000	0.0000	0.0000	0.0000	0.0000	0.0000	0.0000	0.0000	0.0000	0.0000	0.0000	0.0000	0.0000	0.0000	0.0000	0.0000	0.0000	0.0000	0.0000	0.0000	0.0000	0.0000	0.0000	0.0000	0.0000	0.0000	0.0000	0.0000	0.0000	0.0000	0.0000	0.0000	0.0000	0.0000	0.0000	0.0000	0.0000	0.0000	0.0000	0.0000	0.0000	0.0000	0.0000	0.0000	0.0000	0.0000	0.0000	0.0000	0.0000	0.0000	0.0000	0.0000											
94	113	0.1216	3	1	1	1	0	0	0	0	0	N	N	N	N	N	N	N	N	N	N	N	N	0.0000	0.0000	0.0000	0.0000	0.0000	0.0000	0.0000	0.0000	0.0000	0.0000	0.0000	0.0000	0.0000	0.0000	0.0000	0.0000	0.0000	0.0000	0.0000	0.0000	5.9980	4.0004	4.9575	4.9999	0.0000	0.0000	0.0000	0.0000	0.0000	0.0000	0.0000	0.0000	0.0000	0.0000	0.0000	0.0000	0.0000	0.0000	0.0000	0.0000	0.0000	0.0000	0.7037	0.6387	0.0650	0.3558	0.3369	0.0189	0.3479	0.3018	0.0461	0.1511	0.0668	0.0843	0.0043	0.0041	0.0002	0.1468	0.0627	0.0841	0.0000	0.0000	0.0000	0.0000	0.0000	0.0000	0.0000	0.0000	0.0000	0.0000	0.0000	0.0000	0.0000	0.0000	0.0000	0.0000	0.0000	0.0000											
94	114	0.7104	7	1	2	0	0	0	0	0	0	N	Y	N	N	N	N	N	N	N	N	N	N	0.0000	0.0000	0.0000	0.0001	0.0001	0.0000	0.0000	0.0000	0.0000	0.0000	0.0000	0.0000	0.0000	0.0000	0.0000	0.0000	0.0000	0.1491	0.2581	0.0000	0.0008	0.0008	0.0000	0.1581	1.6955	0.0000	0.0000	0.0000	-0.0000	-0.0002	5.9980	4.3361	4.9575	4.6323	0.0000	0.0000	0.0000	0.0000	0.0000	0.0000	0.0000	0.0000	0.0000	0.0004	0.0004	0.0000	0.0000	0.0000	0.0000	0.0004	0.0004	0.0000	0.8105	0.7404	0.0701	0.4897	0.4642	0.0255	0.3208	0.2762	0.0446	0.1053	0.0719	0.0334	0.0666	0.0581	0.0085	0.0387	0.0137	0.0249	0.0000	0.0000	0.0000	0.0002	0.0002	0.0000	0.0000	0.0000	0.0000	0.0043	0.0063	0.0000	0.0003	0.0003	0.0000	0.0111	0.0313	0.0000	
94	115	0.6777	6	1	1	0	0	0	0	0	0	N	N	N	N	N	N	N	N	N	N	N	N	0.0000	0.0000	0.0000	0.0000	0.0000	0.0000	0.1323	0.0005	0.0000	0.0000	0.0000	0.0000	0.0000	0.0000	0.0000	0.0000	0.0000	0.8726	1.3070	0.0041	0.9869	1.0281	0.0429	0.0000	0.0007	0.0000	0.0000	0.0465	-0.0000	-0.0002	5.9980	1.9840	4.9575	0.2610	0.0000	0.0000	0.0000	0.0000	0.0000	0.0000	0.0000	0.0000	0.0000	0.0004	0.0004	0.0000	0.0004	0.0004	0.0000	0.0000	0.0000	0.0000	0.2540	0.2352	0.0188	0.2020	0.1902	0.0118	0.0520	0.0450	0.0070	0.0129	0.0079	0.0051	0.0069	0.0058	0.0011	0.0060	0.0021	0.0040	0.0000	0.0000	0.0000	0.0000	0.0000	0.0000	0.1323	0.0548	0.0000	0.0348	0.0546	0.0040	0.0653	0.0741	0.0183	0.0000	0.0000	0.0000	
94	116	0.1216	3	1	2	0	1	0	0	0	0	N	Y	N	N	N	N	N	N	N	N	N	N	inf	inf	inf	inf	inf	inf	inf	inf	2.3034	2.5387	0.0025	2.2725	2.4004	0.0000	2.3343	2.6892	0.0035	0.0000	0.0000	0.0000	0.0000	0.0000	0.0000	0.0000	0.0000	0.0000	0.0001	-0.5137	0.0000	5.9980	5.0006	4.9575	2.0000	1.9751	1.9749	0.0002	0.9736	0.9736	0.0000	1.0016	1.0014	0.0002	0.0000	0.0000	0.0000	0.0000	0.0000	0.0000	0.0000	0.0000	0.0000	0.8575	0.7779	0.0795	0.4284	0.4056	0.0228	0.4291	0.3724	0.0567	0.1199	0.0529	0.0670	0.0034	0.0032	0.0002	0.1165	0.0496	0.0669	inf	inf	inf	inf	inf	0.0000	inf	inf	inf	0.0000	0.0000	0.0000	0.0000	0.0000	0.0000	0.0000	0.0000	0.0000		
94	117	0.6777	6	1	2	0	1	0	0	0	0	N	Y	N	N	N	N	N	N	N	N	N	N	0.0000	0.0000	0.0000	0.0000	0.0000	0.0000	0.0000	0.0000	0.0000	0.0000	0.0000	0.0000	0.0000	0.0000	0.0000	0.0000	0.0000	0.0000	0.0000	0.0000	5.9980	0.0000	4.9575	1.0000	0.0000	0.0000	0.0000	0.0000	0.0000	0.0000	0.0000	0.0000	0.0000	0.0000	0.0000	0.0000	0.0000	0.0000	0.0000	0.0000	0.0000	0.0000	0.0000	0.0000	0.0000	0.0000	0.0000	0.0000	0.0000	0.0000	0.0000	0.0081	0.0049	0.0032	0.0043	0.0036	0.0007	0.0038	0.0013	0.0025	0.0000	0.0000	0.0000	0.0000	0.0000	0.0000	0.0000	0.0000	0.0000	0.0000	0.0000	0.0000	0.0000	0.0000	0.0000	0.0000	0.0000	0.0000											
94	118	0.1216	3	1	2	0	0	0	0	0	0	N	Y	N	N	N	N	N	N	N	N	N	N	0.0000	0.0000	0.0000	0.0000	0.0000	0.0000	0.0000	0.0000	0.0000	0.0000	0.0000	0.0000	0.0000	0.0002	0.0003	0.0000	0.0025	0.0020	0.0000	0.0000	0.0000	0.0000	0.0000	0.0000	-0.0000	5.9980	16.9994	4.9575	6.0000	0.0000	0.0000	0.0000	0.0000	0.0000	0.0000	0.0000	0.0000	0.0000	0.0000	0.0000	0.0000	0.0000	0.0000	0.0000	0.0000	0.0000	0.0000	2.2550	2.0394	0.2156	0.9989	0.9448	0.0541	1.2561	1.0946	0.1616	0.3375	0.1517	0.1857	0.0100	0.0095	0.0005	0.3275	0.1423	0.1852	0.0000	0.0000	0.0000	0.0000	0.0000	0.0000	0.0000	0.0000	0.0000	0.0000	0.0001	0.0000	0.0010	0.0011	0.0000	0.0000	0.0000	0.0000						
94	119	0.6777	6	1	2	0	0	0	0	0	0	N	Y	N	N	N	N	N	N	N	N	N	N	0.0000	0.0000	0.0000	0.0000	0.0000	0.0000	0.0000	0.0000	0.0000	0.0000	0.0000	0.0000	0.0000	0.0000	0.0000	0.0000	0.0000	0.0000	0.0000	0.0000	5.9980	5.0000	4.9575	6.0000	0.0000	0.0000	0.0000	0.0000	0.0000	0.0000	0.0000	0.0000	0.0000	0.0000	0.0000	0.0000	0.0000	0.0000	0.0000	0.0000	0.0000	0.0000	0.5879	0.5440	0.0439	0.4600	0.4333	0.0268	0.1279	0.1107	0.0171	0.0591	0.0359	0.0233	0.0313	0.0263	0.0050	0.0279	0.0095	0.0183	0.0000	0.0000	0.0000	0.0000	0.0000	0.0000	0.0000	0.0000	0.0000	0.0000	0.0000	0.0000	0.0000	0.0000	0.0000	0.0000	0.0000	0.0000											
94	120	0.7058	7	1	2	0	0	0	0	0	0	N	Y	N	N	N	N	N	N	N	N	N	N	834.1368	inf	0.0000	inf	inf	0.0000	0.0000	0.0452	0.0489	0.0000	0.0569	0.0606	0.0000	0.0000	0.0000	0.0000	0.0001	0.0000	0.0000	0.0000	0.0000	0.0000	0.0000	0.0000	0.0000	0.0000	inf	-0.0015	0.0000	5.9980	0.9998	4.9575	0.9486	0.0057	0.0057	0.0000	0.0057	0.0057	0.0000	0.0000	0.0000	0.0000	0.0000	0.0000	0.0000	0.0000	0.0000	0.0000	0.0000	0.0000	0.0000	0.1261	0.1164	0.0096	0.1001	0.0940	0.0061	0.0259	0.0224	0.0035	0.0140	0.0088	0.0052	0.0088	0.0070	0.0018	0.0052	0.0018	0.0034	33260.9914	inf	0.0000	inf	inf	0.0000	0.0000	0.0000	0.0000	0.0000	0.0000	0.0000	0.0000	0.0000	0.0000	0.0000	0.0000	0.0000		
94	121	0.6777	6	1	2	0	0	0	0	0	0	N	Y	N	N	N	N	N	N	N	N	N	N	45007.0269	18732.1791	19005.2723	21376.1825	inf	inf	1.5501	1.6753	0.0000	1.9864	2.1090	0.0000	0.0000	0.0000	0.0000	0.0000	0.0001	0.0000	0.0001	0.0001	0.0000	0.0000	0.0000	0.0000	0.0000	0.0000	-0.2587	-0.0000	5.9980	3.0005	4.9575	1.1085	0.9941	0.9941	0.0000	0.9941	0.9941	0.0000	0.0000	0.0000	0.0000	0.0000	0.0000	0.0000	0.0000	0.0000	0.0000	0.0000	0.0000	0.0000	0.6413	0.5934	0.0479	0.5005	0.4714	0.0291	0.1409	0.1220	0.0189	0.0418	0.0254	0.0164	0.0222	0.0187	0.0035	0.0196	0.0067	0.0129	3394027.0111	2227775.4443	0.0000	2307540.5254	2061832.1703	0.0000	inf	inf	0.0000	0.0000	0.0000	0.0000	0.0000	0.0000	0.0000	0.0000	0.0000	0.0000			
94	122	0.0804	2	1	2	0	0	0	0	0	0	N	Y	N	N	N	N	N	N	N	N	N	N	0.0058	inf	0.0000	0.2991	inf	0.0000	0.0083	inf	0.0000	0.0057	0.0064	0.0000	0.0090	0.0093	0.0000	0.0047	0.0054	0.0000	0.9802	0.0000	0.2971	0.0299	0.0000	0.4122	0.5700	0.0000	0.1438	0.0000	inf	-0.0006	0.0028	5.9980	2.0001	4.9575	3.0000	0.0024	0.0024	0.0000	0.0009	0.0009	0.0000	0.0015	0.0015	0.0000	0.0058	0.0000	0.0058	0.0000	0.0000	0.0000	0.0058	0.0000	0.0058	0.4216	0.3787	0.0429	0.0972	0.0932	0.0039	0.3244	0.2855	0.0390	0.1244	0.0587	0.0657	0.0018	0.0017	0.0001	0.1227	0.0571	0.0656	0.1228	inf	0.0000	1.5705	inf	0.0000	0.1007	inf	0.0000	0.0465	0.0000	0.0882	0.0057	0.0000	0.1247	0.0471	0.0000	0.0881
94	124	0.7113	7	1	2	0	0	0	0	0	0	N	Y	N	N	N	N	N	N	N	N	N	N	493.6956	382.9697	0.0000	793.6010	945.2112	24.6023	0.6496	0.0000	1.0230	1.1079	0.0000	1.2538	1.3394	0.0000	0.0085	0.0098	0.0000	0.0021	0.0029	0.0000	0.0016	0.0014	0.0000	0.0003	0.0151	0.0000	0.0000	0.0002	-0.2592	-0.0000	5.9980	3.9006	4.9575	3.1543	0.9962	0.9962	0.0000	0.9946	0.9946	0.0000	0.0015	0.0015	0.0000	0.0000	0.0000	0.0000	0.0000	0.0000	0.0000	0.0000	0.0000	0.0000	0.9738	0.8991	0.0747	0.7933	0.7426	0.0507	0.1805	0.1565	0.0240	0.0737	0.0469	0.0268	0.0412	0.0348	0.0065	0.0324	0.0121	0.0203	2070.3153	1426.4098	0.0000	1960.0874	1765.4095	0.0000	27.4476	11.8097	0.0000	0.0005	0.0008	0.0000	0.0006	0.0008	0.0000	0.0003	0.0008	0.0000	
94	125	0.6777	6	1	2	0	0	0	0	0	0	N	Y	N	N	N	N	N	N	N	N	N	N	0.0199	0.0150	0.0000	0.0260	0.0275	0.0000	inf	inf	0.0159	0.0171	0.0000	0.0200	0.0212	0.0000	0.0002	0.0003	0.0000	0.7960	1.1444	0.0014	0.7679	0.7717	0.0107	0.0000	0.0000	0.0000	0.0000	0.0216	-0.0016	-0.0005	5.9980	1.6924	4.9575	1.9110	0.0061	0.0061	0.0000	0.0061	0.0061	0.0000	0.0000	0.0000	0.0000	0.0009	0.0009	0.0000	0.0009	0.0009	0.0000	0.0000	0.0000	0.0000	0.3866	0.3578	0.0287	0.3055	0.2877	0.0178	0.0811	0.0701	0.0109	0.0369	0.0224	0.0145	0.0196	0.0165	0.0031	0.0173	0.0059	0.0114	0.6204	0.4160	0.0000	0.4156	0.3794	0.0000	inf	inf	0.0000	0.0256	0.0412	0.0014	0.0481	0.0560	0.0064	0.0000	0.0000	0.0000	
94	126	0.1216	3	1	2	0	0	0	0	0	0	N	Y	N	N	N	N	N	N	N	N	N	N	0.0000	0.0000	0.0000	0.0000	0.0000	0.0000	0.0000	0.0000	0.0000	0.0000	0.0000	0.0000	0.0000	0.0000	0.0000	0.0000	0.0000	0.9028	0.0005	0.1997	0.0198	0.0059	0.1386	0.4926	0.0000	0.1042	578.7164	0.0000	0.0028	5.9980	0.9996	4.9575	8.0005	0.0000	0.0000	0.0000	0.0000	0.0000	0.0000	0.0000	0.0000	0.0000	0.0058	0.0000	0.0058	0.0000	0.0000	0.0000	0.0058	0.0000	0.0058	0.1908	0.1734	0.0174	0.1002	0.0949	0.0053	0.0906	0.0785	0.0121	0.1511	0.0668	0.0843	0.0043	0.0041	0.0002	0.1468	0.0627	0.0841	0.0000	0.0000	0.0000	0.0000	0.0000	0.0000	0.0000	0.0000	0.0000	0.0384	0.0001	0.0687	0.0046	0.0024	0.0478	0.0394	0.0000	0.0688		
94	127	0.2490	5	1	1	0	0	0	0	0	0	N	N	N	N	N	N	N	N	N	N	N	N	0.0037	0.4705	0.0000	0.5941	0.8136	0.0000	0.0000	0.0001	0.0000	0.0026	0.0028	0.0000	0.0045	0.0047	0.0000	0.0000	0.0000	0.0000	0.6877	0.0060	0.1460	0.0076	0.0058	0.0036	0.3794	0.0001	0.0592	0.0000	28.7292	-0.0005	0.0026	5.9980	3.6536	4.9575	12.3970	0.0021	0.0021	0.0000	0.0021	0.0021	0.0000	0.0000	0.0000	0.0000	0.0059	0.0002	0.0057	0.0002	0.0002	0.0000	0.0057	0.0000	0.0057	0.8086	0.7350	0.0736	0.4583	0.4375	0.0208	0.3503	0.2975	0.0528	0.2971	0.1744	0.1227	0.0895	0.0828	0.0067	0.2077	0.0916	0.1161	0.1280	2.4578	0.0000	1.8590	1.9608	0.0000	0.0000	0.1539	0.0000	0.0200	0.0011	0.0468	0.0024	0.0024	0.0026	0.0276	0.0000	0.0493
94	128	0.4274	5	1	1	0	0	0	0	0	0	N	N	N	N	N	N	N	N	N	N	N	N	0.1003	0.0476	137.3488	0.0723	0.0656	214.9700	6.1922	0.4208	161.6288	0.1250	0.0834	0.5491	0.1364	0.1336	0.1822	0.1078	0.0005	0.7863	1.2463	1.7523	0.0040	1.8862	2.0355	0.0008	0.0174	0.0011	0.0049	0.6463	0.0149	0.0203	-0.0219	5.9980	5.3495	4.9575	12.4099	0.1532	0.0931	0.0601	0.1007	0.0929	0.0078	0.0525	0.0002	0.0523	0.0431	0.0425	0.0006	0.0425	0.0425	0.0000	0.0006	0.0000	0.0006	1.2254	1.1159	0.1095	0.7383	0.6953	0.0430	0.4871	0.4206	0.0665	0.4681	0.3064	0.1617	0.2469	0.2100	0.0369	0.2212	0.0965	0.1248	1.3569	0.6013	140.1434	0.7919	0.6600	254.2138	39.1732	26.4264	161.6288	0.0921	0.1387	0.0039	0.1723	0.2024	0.0007	0.0028	0.0000	0.0049
94	129	0.2331	9	1	2	0	1	0	0	0	0	N	Y	N	N	N	N	N	N	N	N	N	N	0.0000	0.0000	0.0000	0.0000	0.0000	0.0000	0.0000	0.0000	0.0000	0.0000	0.0000	0.0000	0.0000	0.0000	0.0000	0.0000	0.0000	0.0000	0.0000	0.0000	5.9980	0.0000	4.9575	0.0000	0.0000	0.0000	0.0000	0.0000	0.0000	0.0000	0.0000	0.0000	0.0000	0.0000	0.0000	0.0000	0.0000	0.0000	0.0000	0.0000	0.0000	0.0000	0.0000	0.0000	0.0000	0.0000	0.0000	0.0000	0.0000	0.0000	0.0000	0.0000	0.0000	0.0000	0.0000	0.0000	0.0000	0.0000	0.0000	0.0000	0.0000	0.0000	0.0000	0.0000	0.0000	0.0000	0.0000	0.0000	0.0000	0.0000	0.0000	0.0000	0.0000	0.0000	0.0000	0.0000	0.0000	0.0000											
94	130	0.2168	8	1	2	0	1	0	0	0	0	N	Y	N	N	N	N	N	N	N	N	N	N	0.0000	0.0000	0.0000	0.0000	0.0000	0.0000	0.0000	0.0000	0.0000	0.0000	0.0000	0.0000	0.0000	0.0000	0.0000	0.0000	0.0000	0.0000	0.0000	0.0000	5.9980	0.0000	4.9575	3.0001	0.0000	0.0000	0.0000	0.0000	0.0000	0.0000	0.0000	0.0000	0.0000	0.0000	0.0000	0.0000	0.0000	0.0000	0.0000	0.0000	0.0000	0.0000	0.0000	0.0000	0.0000	0.0000	0.0000	0.0000	0.0000	0.0000	0.0000	0.0491	0.0215	0.0277	0.0023	0.0023	0.0001	0.0468	0.0192	0.0276	0.0000	0.0000	0.0000	0.0000	0.0000	0.0000	0.0000	0.0000	0.0000	0.0000	0.0000	0.0000	0.0000	0.0000	0.0000	0.0000	0.0000	0.0000											
94	131	0.2071	7	1	2	0	0	0	0	0	0	N	Y	N	N	N	N	N	N	N	N	N	N	0.0000	0.0000	0.0000	0.0000	0.0000	0.0000	0.0000	0.0000	0.0000	0.0000	0.0000	0.0000	0.0000	0.0000	0.0000	0.0000	0.0000	0.0000	0.0000	0.0000	5.9980	0.0000	4.9575	0.0000	0.0000	0.0000	0.0000	0.0000	0.0000	0.0000	0.0000	0.0000	0.0000	0.0000	0.0000	0.0000	0.0000	0.0000	0.0000	0.0000	0.0000	0.0000	0.0000	0.0000	0.0000	0.0000	0.0000	0.0000	0.0000	0.0000	0.0000	0.0000	0.0000	0.0000	0.0000	0.0000	0.0000	0.0000	0.0000	0.0000	0.0000	0.0000	0.0000	0.0000	0.0000	0.0000	0.0000	0.0000	0.0000	0.0000	0.0000	0.0000	0.0000	0.0000	0.0000	0.0000	0.0000	0.0000											
94	132	0.2168	8	1	1	1	1	0	0	0	0	N	N	N	N	N	N	N	N	N	N	N	N	0.0000	0.0000	0.0000	0.0000	0.0000	0.0000	0.0000	0.0000	0.0000	0.0000	0.0000	0.0000	0.0000	0.0000	0.0000	0.0000	0.0000	0.0000	0.0000	0.0000	5.9980	0.0000	4.9575	1.9999	0.0000	0.0000	0.0000	0.0000	0.0000	0.0000	0.0000	0.0000	0.0000	0.0000	0.0000	0.0000	0.0000	0.0000	0.0000	0.0000	0.0000	0.0000	0.0000	0.0000	0.0000	0.0000	0.0000	0.0000	0.0000	0.0000	0.0000	0.0336	0.0149	0.0187	0.0018	0.0018	0.0001	0.0318	0.0131	0.0186	0.0000	0.0000	0.0000	0.0000	0.0000	0.0000	0.0000	0.0000	0.0000	0.0000	0.0000	0.0000	0.0000	0.0000	0.0000	0.0000	0.0000	0.0000											
94	133	0.2278	9	1	1	1	1	0	0	0	0	N	N	N	N	N	N	N	N	N	N	N	N	0.0000	0.0000	0.0000	0.0000	0.0000	0.0000	0.0000	0.0000	0.0000	0.0000	0.0000	0.0000	0.0000	0.0000	0.0000	0.0000	0.0000	0.0000	0.0000	0.0000	5.9980	1.0000	4.9575	0.0000	0.0000	0.0000	0.0000	0.0000	0.0000	0.0000	0.0000	0.0000	0.0000	0.0000	0.0000	0.0000	0.0000	0.0000	0.0000	0.0000	0.0000	0.0000	0.1914	0.1734	0.0181	0.1105	0.1034	0.0071	0.0810	0.0700	0.0109	0.0163	0.0069	0.0093	0.0025	0.0017	0.0008	0.0138	0.0053	0.0085	0.0000	0.0000	0.0000	0.0000	0.0000	0.0000	0.0000	0.0000	0.0000	0.0000	0.0000	0.0000	0.0000	0.0000	0.0000	0.0000	0.0000	0.0000											
94	134	0.2278	9	1	1	1	1	0	0	0	0	N	N	N	N	N	N	N	N	N	N	N	N	0.0000	0.0000	0.0000	0.0000	0.0000	0.0000	0.0000	0.0000	0.0000	0.0000	0.0000	0.0000	0.0000	0.0000	0.0000	0.0000	0.0000	0.0000	0.0000	0.0000	5.9980	0.0000	4.9575	0.0000	0.0000	0.0000	0.0000	0.0000	0.0000	0.0000	0.0000	0.0000	0.0000	0.0000	0.0000	0.0000	0.0000	0.0000	0.0000	0.0000	0.0000	0.0000	0.0000	0.0000	0.0000	0.0000	0.0000	0.0000	0.0000	0.0000	0.0000	0.0000	0.0000	0.0000	0.0000	0.0000	0.0000	0.0000	0.0000	0.0000	0.0000	0.0000	0.0000	0.0000	0.0000	0.0000	0.0000	0.0000	0.0000	0.0000	0.0000	0.0000	0.0000	0.0000	0.0000	0.0000	0.0000	0.0000											
94	135	0.2168	8	1	1	1	1	0	0	0	0	N	N	N	N	N	N	N	N	N	N	N	N	904.3714	0.0000	inf	0.0000	0.0000	20384008.5795	0.0000	inf	2.6521	0.0000	27.9388	0.0000	0.0000	0.0000	6.0195	0.0000	44.9183	0.0029	0.0079	0.0000	0.1742	0.1422	0.0000	0.0000	0.0002	0.0000	inf	0.0000	0.7397	-0.0000	5.9980	2.0025	4.9575	0.9943	0.9999	0.0000	0.9999	0.0000	0.0000	0.0000	0.9999	0.0000	0.9999	0.0000	0.0000	0.0000	0.0000	0.0000	0.0000	0.0000	0.0000	0.0000	0.3770	0.3412	0.0358	0.2109	0.1974	0.0135	0.1661	0.1439	0.0223	0.0491	0.0214	0.0276	0.0023	0.0023	0.0001	0.0467	0.0192	0.0276	4367.3843	0.0000	inf	0.0000	0.0000	0.0000	20384008.5795	0.0000	inf	0.0006	0.0014	0.0000	0.0127	0.0132	0.0000	0.0000	0.0000	0.0000	
94	136	0.2168	7	1	1	0	1	0	0	0	0	N	N	N	N	N	N	N	N	N	N	N	N	0.0000	0.0000	0.0000	0.0000	0.0000	0.0000	0.0000	0.0000	0.0000	0.0000	0.0000	0.0000	0.0000	0.0000	0.0000	0.0000	0.0000	0.0006	0.0005	0.0007	0.0014	0.0008	0.7080	0.0000	0.0000	0.0000	0.9865	0.0000	-0.0000	5.9980	0.0050	4.9575	0.0173	0.0000	0.0000	0.0000	0.0000	0.0000	0.0000	0.0000	0.0000	0.0000	0.0000	0.0000	0.0000	0.0000	0.0000	0.0000	0.0000	0.0000	0.0000	0.0020	0.0019	0.0001	0.0016	0.0015	0.0001	0.0004	0.0004	0.0001	0.0019	0.0015	0.0003	0.0008	0.0008	0.0000	0.0011	0.0008	0.0003	0.0000	0.0000	0.0000	0.0000	0.0000	0.0000	0.0000	0.0000	0.0000	0.0002	0.0001	0.0007	0.0006	0.0003	0.1948	0.0000	0.0000	0.0000		
94	137	0.2071	6	1	1	0	1	0	0	0	0	N	N	N	N	N	N	N	N	N	N	N	N	0.0000	0.0000	0.0000	0.0000	0.0000	0.0000	0.0000	0.0000	0.0000	0.0000	0.0000	0.0000	0.0000	0.0001	0.0002	0.0000	0.0006	0.0006	0.0000	0.0000	0.0000	0.0000	0.0000	0.0000	-0.0000	5.9980	1.9972	4.9575	1.0076	0.0000	0.0000	0.0000	0.0000	0.0000	0.0000	0.0000	0.0000	0.0000	0.0000	0.0000	0.0000	0.0000	0.0000	0.0000	0.0000	0.0000	0.0000	0.3528	0.3193	0.0335	0.1909	0.1791	0.0118	0.1619	0.1402	0.0217	0.0453	0.0190	0.0263	0.0016	0.0015	0.0001	0.0437	0.0175	0.0262	0.0000	0.0000	0.0000	0.0000	0.0000	0.0000	0.0000	0.0000	0.0000	0.0000	0.0000	0.0000	0.0001	0.0002	0.0000	0.0000	0.0000	0.0000						
94	138	0.1898	5	2	2	0	0	0	0	0	0	Y	Y	N	N	N	N	N	N	N	N	N	N	241.9061	inf	0.0000	67.4270	inf	0.0000	0.0000	0.0000	0.1045	0.1151	0.0000	0.2160	0.2204	0.0000	0.0000	0.0000	0.0000	0.0004	0.0000	0.0004	0.0032	0.0000	0.0593	0.0000	0.0000	0.0000	0.0000	inf	-0.0000	0.0000	5.9980	0.0002	4.9575	2.3255	0.0000	0.0000	0.0000	0.0000	0.0000	0.0000	0.0000	0.0000	0.0000	0.0000	0.0000	0.0000	0.0000	0.0000	0.0000	0.0000	0.0000	0.0000	0.0001	0.0001	0.0000	0.0000	0.0000	0.0000	0.0000	0.0000	0.0000	0.0507	0.0261	0.0247	0.0081	0.0077	0.0004	0.0427	0.0184	0.0243	530.7286	inf	0.0000	174.1051	inf	0.0000	0.0000	0.0000	0.0000	0.0002	0.0000	0.0004	0.0012	0.0000	0.0272	0.0000	0.0000	0.0000	
94	139	0.1720	4	2	2	0	0	0	0	0	0	Y	Y	N	N	N	N	N	N	N	N	N	N	9880.7714	5366.6963	205708.5530	5155.7695	6496.7173	1.1453	17935.1154	0.1864	681556.7094	2.6328	2.9000	0.0514	6.6918	7.0001	0.0000	0.0080	0.0001	0.0630	0.0003	0.0005	0.0000	0.0013	0.0011	0.0000	0.0000	0.0003	0.0000	0.0018	0.0012	-0.2517	-0.0000	5.9980	2.0138	4.9575	2.7349	0.9744	0.9726	0.0018	0.9726	0.9726	0.0000	0.0018	0.0000	0.0018	0.0000	0.0000	0.0000	0.0000	0.0000	0.0000	0.0000	0.0000	0.0000	0.3701	0.3354	0.0347	0.1453	0.1389	0.0064	0.2248	0.1964	0.0283	0.1145	0.0599	0.0546	0.0210	0.0198	0.0012	0.0935	0.0401	0.0534	25834.2319	14901.6699	205708.5530	12088.1575	11942.6854	1.1453	17935.1154	56.0493	681556.7094	0.0001	0.0002	0.0000	0.0006	0.0006	0.0000	0.0000	0.0000	0.0000
94	140	0.1885	5	1	2	0	0	0	0	0	0	N	Y	N	N	N	N	N	N	N	N	N	N	65.3776	inf	0.0000	13.9354	inf	0.0000	0.0000	0.0000	0.0006	0.0007	0.0000	0.0011	0.0012	0.0000	0.0000	0.0000	0.0000	0.0000	0.0000	0.0000	0.0001	0.0000	0.0000	0.0000	0.0000	0.0000	0.0000	inf	-0.0001	0.0000	5.9980	1.9232	4.9575	1.1116	0.0003	0.0003	0.0000	0.0003	0.0003	0.0000	0.0000	0.0000	0.0000	0.0000	0.0000	0.0000	0.0000	0.0000	0.0000	0.0000	0.0000	0.0000	0.4660	0.4152	0.0508	0.2561	0.2291	0.0270	0.2099	0.1861	0.0238	0.0557	0.0261	0.0296	0.0051	0.0048	0.0003	0.0506	0.0213	0.0293	6092.3849	inf	0.0000	2841.4229	inf	0.0000	0.0000	0.0000	0.0000	0.0000	0.0000	0.0000	0.0000	0.0000	0.0000	0.0000	0.0000	0.0000	
94	141	0.6970	7	1	2	0	0	0	0	0	0	N	Y	N	N	N	N	N	N	N	N	N	N	0.0000	0.0000	0.0000	0.0000	0.0000	0.0000	0.0000	0.0000	0.0000	0.0000	0.0000	0.0000	0.0000	0.0000	0.0000	0.0000	0.0000	0.0000	0.0000	0.0000	5.9980	3.0000	4.9575	1.0000	0.0000	0.0000	0.0000	0.0000	0.0000	0.0000	0.0000	0.0000	0.0000	0.0000	0.0000	0.0000	0.0000	0.0000	0.0000	0.0000	0.0000	0.0000	0.7003	0.6465	0.0539	0.5595	0.5245	0.0350	0.1409	0.1220	0.0189	0.0408	0.0248	0.0160	0.0217	0.0183	0.0034	0.0191	0.0066	0.0126	0.0000	0.0000	0.0000	0.0000	0.0000	0.0000	0.0000	0.0000	0.0000	0.0000	0.0000	0.0000	0.0000	0.0000	0.0000	0.0000	0.0000	0.0000											
94	142	0.6777	6	1	1	0	0	0	0	0	0	N	N	N	N	N	N	N	N	N	N	N	N	0.0000	0.0000	0.0000	0.0000	0.0000	0.0000	0.0000	0.0000	0.0000	0.0000	0.0000	0.0000	0.0000	0.0000	0.0000	0.0000	0.0000	0.0000	0.0000	0.0000	5.9980	1.0000	4.9575	1.0000	0.0000	0.0000	0.0000	0.0000	0.0000	0.0000	0.0000	0.0000	0.0000	0.0000	0.0000	0.0000	0.0000	0.0000	0.0000	0.0000	0.0000	0.0000	0.2371	0.2195	0.0176	0.1887	0.1776	0.0110	0.0484	0.0419	0.0065	0.0210	0.0128	0.0082	0.0112	0.0094	0.0018	0.0098	0.0034	0.0065	0.0000	0.0000	0.0000	0.0000	0.0000	0.0000	0.0000	0.0000	0.0000	0.0000	0.0000	0.0000	0.0000	0.0000	0.0000	0.0000	0.0000	0.0000											
94	143	0.4274	5	1	1	0	0	0	0	0	0	N	N	N	N	N	N	N	N	N	N	N	N	0.5045	0.4069	119.3487	1.7673	1.7763	192.9342	0.4028	0.1929	133.0395	1.3684	1.4579	0.4638	1.1071	1.1647	0.1629	1.7306	1.9008	0.6412	2.7126	3.5828	0.0039	0.6265	0.6557	0.0008	4.2967	9.8513	0.0048	0.0315	0.0007	-0.4527	-0.5044	5.9980	7.1211	4.9575	10.9474	1.9710	1.9109	0.0601	0.9264	0.9186	0.0078	1.0446	0.9923	0.0523	0.9677	0.9670	0.0006	0.0101	0.0100	0.0000	0.9576	0.9570	0.0006	1.4404	1.3107	0.1297	0.8368	0.7887	0.0481	0.6036	0.5221	0.0816	0.4705	0.3077	0.1627	0.2476	0.2106	0.0370	0.2229	0.0971	0.1257	0.6653	0.4639	119.3487	27.2551	24.4507	228.0026	0.4028	0.1929	133.0395	2.0569	3.1426	0.0039	0.0406	0.0476	0.0007	4.2967	9.8513	0.0048
94	144	0.2326	4	1	1	0	0	0	0	0	0	N	N	N	N	N	N	N	N	N	N	N	N	0.5625	0.0439	55.7084	38.4075	53.9395	0.0000	1.1756	0.0079	211.6600	0.7167	0.0780	7.0281	0.1122	0.1182	0.0000	1.4134	0.0269	9.9612	1.2742	1.7778	0.1262	0.0029	0.0022	0.0012	1.2023	3.4136	0.0471	9.1169	0.2172	0.6684	-0.0164	5.9980	8.5175	4.9575	23.1696	1.0428	0.1031	0.9397	0.0874	0.0874	0.0000	0.9553	0.0156	0.9397	0.0478	0.0393	0.0085	0.0001	0.0001	0.0000	0.0477	0.0391	0.0085	1.4549	1.3212	0.1337	0.7790	0.7396	0.0394	0.6759	0.5816	0.0943	0.4776	0.2537	0.2240	0.1175	0.1066	0.0109	0.3601	0.1471	0.2131	7.1648	0.5041	184.6390	102.7292	107.1743	0.0000	10.6826	0.1010	249.2835	0.1000	0.1548	0.0381	0.0011	0.0011	0.0010	0.1323	0.2661	0.0400
94	145	0.2071	7	2	2	0	0	0	0	0	0	Y	Y	N	N	N	N	N	N	N	N	N	N	0.0000	0.0000	0.0000	0.0000	0.0000	0.0000	0.0000	0.0000	0.0000	0.0000	0.0000	0.0000	0.0000	0.0000	0.0000	0.0000	0.0000	0.0000	0.0000	0.0000	5.9980	1.0000	4.9575	1.0000	0.0000	0.0000	0.0000	0.0000	0.0000	0.0000	0.0000	0.0000	0.0000	0.0000	0.0000	0.0000	0.0000	0.0000	0.0000	0.0000	0.0000	0.0000	0.1815	0.1643	0.0172	0.0993	0.0931	0.0061	0.0822	0.0711	0.0111	0.0305	0.0128	0.0177	0.0010	0.0010	0.0000	0.0294	0.0118	0.0176	0.0000	0.0000	0.0000	0.0000	0.0000	0.0000	0.0000	0.0000	0.0000	0.0000	0.0000	0.0000	0.0000	0.0000	0.0000	0.0000	0.0000	0.0000											
94	146	0.2071	6	1	2	0	0	0	0	0	0	N	Y	N	N	N	N	N	N	N	N	N	N	0.0000	0.0000	0.0000	0.0000	0.0000	0.0000	0.0000	0.0000	0.0000	0.0000	0.0000	0.0000	0.0000	0.0000	0.0000	0.0000	0.0000	0.0000	0.0000	0.0000	5.9980	0.0003	4.9575	0.0000	0.0000	0.0000	0.0000	0.0000	0.0000	0.0000	0.0000	0.0000	0.0000	0.0000	0.0000	0.0000	0.0000	0.0000	0.0000	0.0000	0.0000	0.0000	0.0002	0.0002	0.0000	0.0001	0.0001	0.0000	0.0000	0.0000	0.0000	0.0000	0.0000	0.0000	0.0000	0.0000	0.0000	0.0000	0.0000	0.0000	0.0000	0.0000	0.0000	0.0000	0.0000	0.0000	0.0000	0.0000	0.0000	0.0000	0.0000	0.0000	0.0000	0.0000	0.0000	0.0000	0.0000	0.0000											
94	147	0.1885	5	1	1	0	0	0	0	0	0	N	N	N	N	N	N	N	N	N	N	N	N	281847.2172	inf	0.0000	0.0020	inf	0.0000	61707857.0159	inf	0.0000	1.1522	1.2879	0.0000	0.0000	0.0000	0.0000	2.2380	2.5560	0.0000	0.0000	0.0000	0.0000	0.0001	0.0000	0.0000	0.0000	0.0000	0.0000	0.0000	inf	-0.2601	0.0000	5.9980	4.9449	4.9575	1.0063	0.9995	0.9995	0.0000	0.0000	0.0000	0.0000	0.9995	0.9995	0.0000	0.0000	0.0000	0.0000	0.0000	0.0000	0.0000	0.0000	0.0000	0.0000	0.8675	0.7761	0.0914	0.4209	0.3850	0.0359	0.4466	0.3910	0.0556	0.1003	0.0456	0.0548	0.0066	0.0062	0.0004	0.0937	0.0394	0.0544	21808729.1923	inf	0.0000	0.4923	inf	0.0000	61707857.0159	inf	0.0000	0.0000	0.0000	0.0000	0.0000	0.0000	0.0000	0.0000	0.0000	0.0000
94	148	0.1720	4	1	1	0	0	0	0	0	0	N	N	N	N	N	N	N	N	N	N	N	N	2.3593	1.3287	0.0436	0.3074	0.4085	0.0000	623.4838	5.1574	0.4154	0.0006	0.0007	0.0000	0.0004	0.0004	0.0000	0.0008	0.0009	0.0000	0.0003	0.0005	0.0000	0.0012	0.0010	0.0007	0.0000	0.0002	0.0000	0.0001	0.0763	-0.0001	-0.0000	5.9980	3.4778	4.9575	1.2917	0.0004	0.0004	0.0000	0.0001	0.0001	0.0000	0.0003	0.0003	0.0000	0.0000	0.0000	0.0000	0.0000	0.0000	0.0000	0.0000	0.0000	0.0000	0.5713	0.5161	0.0552	0.2166	0.2062	0.0104	0.3546	0.3098	0.0448	0.1148	0.0600	0.0548	0.0210	0.0198	0.0012	0.0938	0.0402	0.0536	6.2230	3.8760	0.0436	0.7068	0.7474	0.0000	623.4838	2805.0682	0.4154	0.0001	0.0002	0.0000	0.0005	0.0005	0.0006	0.0000	0.0000	0.0000
94	149	0.1216	3	1	1	0	0	0	0	0	0	N	N	N	N	N	N	N	N	N	N	N	N	0.8773	0.4116	inf	0.0289	0.0348	3.7990	0.1115	inf	0.0002	0.0002	0.0001	0.0001	0.0001	0.0000	0.0003	0.0004	0.0002	0.0003	0.0006	0.0000	0.0039	0.0034	0.0000	0.0001	0.0032	0.0000	0.0598	0.0000	-0.0001	-0.0000	5.9980	7.8050	4.9575	4.0035	0.0003	0.0003	0.0000	0.0001	0.0001	0.0000	0.0002	0.0002	0.0000	0.0000	0.0000	0.0000	0.0000	0.0000	0.0000	0.0000	0.0000	0.0000	1.2510	1.1338	0.1172	0.6055	0.5731	0.0324	0.6454	0.5607	0.0848	0.1928	0.0856	0.1072	0.0055	0.0053	0.0003	0.1872	0.0803	0.1069	2.3809	1.1002	inf	0.0742	0.0745	0.0000	6.2732	2.8670	inf	0.0001	0.0002	0.0000	0.0015	0.0016	0.0000	0.0001	0.0001	0.0000	
94	150	0.2490	5	1	1	0	0	0	0	0	0	N	N	N	N	N	N	N	N	N	N	N	N	212.5254	164.9186	0.0000	0.0065	0.0073	0.0000	1421427.2845	13507.2671	0.0000	1.2172	1.3391	0.0000	0.0001	0.0001	0.0000	2.8090	3.3066	0.0000	0.0057	0.0081	0.0000	0.0102	0.0095	0.0000	0.0000	0.0002	0.0000	0.0000	0.0017	-0.2596	-0.0001	5.9980	3.7255	4.9575	14.1767	0.9979	0.9979	0.0000	0.0000	0.0000	0.0000	0.9978	0.9978	0.0000	0.0003	0.0003	0.0000	0.0003	0.0003	0.0000	0.0000	0.0000	0.0000	0.8198	0.7452	0.0746	0.4646	0.4434	0.0212	0.3552	0.3018	0.0535	0.3164	0.1846	0.1317	0.0930	0.0858	0.0072	0.2234	0.0988	0.1245	1434.1586	922.3164	0.0000	0.0229	0.0221	0.0000	1421427.2845	4629640.7463	0.0000	0.0008	0.0015	0.0000	0.0029	0.0031	0.0000	0.0000	0.0000	0.0000
94	151	0.2326	4	1	1	0	0	0	0	0	0	N	N	N	N	N	N	N	N	N	N	N	N	0.5056	0.4608	0.0000	2.3750	2.7451	0.0000	1.0432	0.0823	0.0000	0.0108	0.0119	0.0000	0.0105	0.0109	0.0000	0.0111	0.0133	0.0000	0.0213	0.0258	0.0008	0.0044	0.0040	0.0009	0.0106	0.1618	0.0008	0.0000	0.2122	-0.0012	-0.0001	5.9980	1.4205	4.9575	4.0377	0.0045	0.0045	0.0000	0.0024	0.0024	0.0000	0.0021	0.0021	0.0000	0.0004	0.0003	0.0001	0.0001	0.0001	0.0000	0.0003	0.0002	0.0001	0.4186	0.3792	0.0394	0.2318	0.2235	0.0084	0.1868	0.1557	0.0311	0.1981	0.1170	0.0811	0.0739	0.0710	0.0029	0.1242	0.0461	0.0782	5.5625	4.3975	0.0000	6.0579	6.1401	0.0000	5.4008	3.2215	0.0000	0.0019	0.0027	0.0008	0.0017	0.0018	0.0007	0.0021	0.0041	0.0008
94	152	0.1216	3	1	1	0	0	0	0	0	0	N	N	N	N	N	N	N	N	N	N	N	N	530.9246	299.3806	0.6869	874.6009	1126.0332	0.0000	0.0757	0.0014	0.9551	0.9071	1.0004	0.0001	1.8464	1.9507	0.0000	0.0000	0.0000	0.0001	0.0017	0.0033	0.0001	0.0021	0.0017	0.0001	0.0005	0.0150	0.0001	0.0000	0.2160	-0.2526	-0.0000	5.9980	6.4701	4.9575	12.4371	0.9707	0.9707	0.0000	0.9707	0.9707	0.0000	0.0000	0.0000	0.0000	0.0001	0.0001	0.0000	0.0000	0.0000	0.0000	0.0001	0.0001	0.0000	1.0702	0.9704	0.0998	0.5257	0.4976	0.0281	0.5444	0.4727	0.0717	0.2882	0.1290	0.1592	0.0084	0.0080	0.0004	0.2798	0.1210	0.1588	2000.4088	1200.9351	0.6869	2054.2070	2070.6981	0.0000	0.0841	0.0260	0.9551	0.0005	0.0008	0.0001	0.0009	0.0009	0.0001	0.0004	0.0008	0.0001
95	97	0.5907	5	1	1	0	0	0	0	0	0	N	N	N	N	N	N	N	N	N	N	N	N	0.0000	0.0000	0.0000	0.0000	0.0000	0.0000	0.0000	0.0000	0.0000	0.0000	0.0000	0.0000	0.0000	0.0000	0.0000	0.0000	0.0000	0.0000	0.0000	0.0000	0.0000	3.9994	2.0000	4.0000	0.0000	0.0000	0.0000	0.0000	0.0000	0.0000	0.0000	0.0000	0.0000	0.0000	0.0000	0.0000	0.0000	0.0000	0.0000	0.0000	0.0000	0.0000	0.0000	0.0000	0.0000	0.0000	0.0000	0.0000	0.0000	0.0000	0.0000	0.0262	0.0149	0.0113	0.0118	0.0101	0.0017	0.0144	0.0048	0.0097	0.0000	0.0000	0.0000	0.0000	0.0000	0.0000	0.0000	0.0000	0.0000	0.0000	0.0000	0.0000	0.0000	0.0000	0.0000	0.0000	0.0000	0.0000											
95	98	0.0345	2	1	1	0	0	0	0	0	0	N	N	N	N	N	N	N	N	N	N	N	N	0.0000	0.0000	0.0000	0.0000	0.0000	0.0000	0.0000	0.0000	0.0000	0.0000	0.0000	0.0000	0.0000	0.0000	0.0000	0.0000	0.0000	0.0000	0.0000	0.0000	0.0000	1.0000	2.0000	0.0000	0.0000	0.0000	0.0000	0.0000	0.0000	0.0000	0.0000	0.0000	0.0000	0.0000	0.0000	0.0000	0.0000	0.0000	0.0000	0.0000	0.0000	0.0000	0.0000	0.0000	0.0000	0.0000	0.0000	0.0000	0.0000	0.0000	0.0000	0.0070	0.0023	0.0047	0.0000	0.0000	0.0000	0.0070	0.0023	0.0047	0.0000	0.0000	0.0000	0.0000	0.0000	0.0000	0.0000	0.0000	0.0000	0.0000	0.0000	0.0000	0.0000	0.0000	0.0000	0.0000	0.0000	0.0000											
95	99	0.4797	4	1	1	0	0	0	0	0	0	N	N	N	N	N	N	N	N	N	N	N	N	0.0000	0.0000	0.0000	0.0000	0.0000	0.0000	0.0000	0.0000	0.0000	0.0000	0.0000	0.0000	0.0000	0.0026	0.0049	0.0000	0.0037	0.0034	0.0000	0.0000	0.0000	0.0000	0.0000	0.0000	-0.0000	0.0000	1.5982	2.0000	11.1970	0.0000	0.0000	0.0000	0.0000	0.0000	0.0000	0.0000	0.0000	0.0000	0.0000	0.0000	0.0000	0.0000	0.0000	0.0000	0.0000	0.0000	0.0000	0.0000	0.0000	0.0000	0.0000	0.0000	0.0000	0.0000	0.0000	0.0000	0.0538	0.0300	0.0238	0.0210	0.0189	0.0022	0.0327	0.0111	0.0216	0.0000	0.0000	0.0000	0.0000	0.0000	0.0000	0.0000	0.0000	0.0000	0.0006	0.0010	0.0000	0.0014	0.0016	0.0000	0.0000	0.0000	0.0000						
95	100	0.6496	8	2	2	1	0	0	0	0	0	Y	Y	N	N	N	N	N	N	N	N	N	N	0.0000	0.0000	0.0000	0.0000	0.0000	0.0000	0.0000	0.0000	0.0000	0.0000	0.0000	0.0000	0.0000	0.0000	0.0000	0.0000	0.0000	0.0000	0.0000	0.0000	0.0000	0.0000	2.0000	0.9982	0.0000	0.0000	0.0000	0.0000	0.0000	0.0000	0.0000	0.0000	0.0000	0.0000	0.0000	0.0000	0.0000	0.0000	0.0000	0.0000	0.0000	0.0000	0.0000	0.0000	0.0000	0.0000	0.0000	0.0000	0.0000	0.0000	0.0000	0.0027	0.0017	0.0010	0.0016	0.0013	0.0002	0.0011	0.0004	0.0007	0.0000	0.0000	0.0000	0.0000	0.0000	0.0000	0.0000	0.0000	0.0000	0.0000	0.0000	0.0000	0.0000	0.0000	0.0000	0.0000	0.0000	0.0000											
95	101	0.0693	5	2	2	1	0	0	0	0	0	Y	Y	N	N	N	N	N	N	N	N	N	N	0.0000	0.0000	0.0000	0.0000	0.0000	0.0000	0.0000	0.0000	0.0000	0.0000	0.0000	0.0000	0.0000	0.0000	0.0000	0.0000	0.0000	0.0000	0.0000	0.0000	0.0000	0.0000	2.0000	0.0000	0.0000	0.0000	0.0000	0.0000	0.0000	0.0000	0.0000	0.0000	0.0000	0.0000	0.0000	0.0000	0.0000	0.0000	0.0000	0.0000	0.0000	0.0000	0.0000	0.0000	0.0000	0.0000	0.0000	0.0000	0.0000	0.0000	0.0000	0.0000	0.0000	0.0000	0.0000	0.0000	0.0000	0.0000	0.0000	0.0000	0.0000	0.0000	0.0000	0.0000	0.0000	0.0000	0.0000	0.0000	0.0000	0.0000	0.0000	0.0000	0.0000	0.0000	0.0000	0.0000	0.0000	0.0000											
95	102	0.0693	4	2	1	1	0	0	0	0	0	Y	N	N	N	N	N	N	N	N	N	N	N	0.0000	0.0000	0.0000	0.0000	0.0000	0.0000	0.0000	0.0000	0.0000	0.0000	0.0000	0.0000	0.0000	0.0000	0.0000	0.0000	0.0000	0.0000	0.0000	0.0000	0.0000	0.0000	2.0000	0.0000	0.0000	0.0000	0.0000	0.0000	0.0000	0.0000	0.0000	0.0000	0.0000	0.0000	0.0000	0.0000	0.0000	0.0000	0.0000	0.0000	0.0000	0.0000	0.0000	0.0000	0.0000	0.0000	0.0000	0.0000	0.0000	0.0000	0.0000	0.0000	0.0000	0.0000	0.0000	0.0000	0.0000	0.0000	0.0000	0.0000	0.0000	0.0000	0.0000	0.0000	0.0000	0.0000	0.0000	0.0000	0.0000	0.0000	0.0000	0.0000	0.0000	0.0000	0.0000	0.0000	0.0000	0.0000											
95	103	0.0632	3	2	1	1	0	0	0	0	0	Y	N	N	N	N	N	N	N	N	N	N	N	0.0000	0.0000	0.0000	0.0000	0.0000	0.0000	0.0000	0.0000	0.0000	0.0000	0.0000	0.0000	0.0000	0.0000	0.0000	0.0000	0.0000	0.0000	0.0000	0.0000	0.0000	0.0000	2.0000	1.0091	0.0000	0.0000	0.0000	0.0000	0.0000	0.0000	0.0000	0.0000	0.0000	0.0000	0.0000	0.0000	0.0000	0.0000	0.0000	0.0000	0.0000	0.0000	0.0000	0.0000	0.0000	0.0000	0.0000	0.0000	0.0000	0.0000	0.0000	0.0085	0.0041	0.0044	0.0005	0.0005	0.0000	0.0080	0.0035	0.0044	0.0000	0.0000	0.0000	0.0000	0.0000	0.0000	0.0000	0.0000	0.0000	0.0000	0.0000	0.0000	0.0000	0.0000	0.0000	0.0000	0.0000	0.0000											
95	104	0.5907	5	1	2	0	0	0	0	0	0	N	Y	N	N	N	N	N	N	N	N	N	N	0.0000	0.0000	0.0000	0.0000	0.0000	0.0000	0.0000	0.0000	0.0000	0.0000	0.0000	0.0000	0.0000	0.0000	0.0000	0.0000	0.0000	0.0000	0.0000	0.0000	0.0000	7.9994	2.0000	4.0001	0.0000	0.0000	0.0000	0.0000	0.0000	0.0000	0.0000	0.0000	0.0000	0.0000	0.0000	0.0000	0.0000	0.0000	0.0000	0.0000	0.0000	0.0000	0.0000	0.0000	0.0000	0.0000	0.0000	0.0000	0.0000	0.0000	0.0000	0.0376	0.0215	0.0161	0.0171	0.0147	0.0024	0.0205	0.0068	0.0137	0.0000	0.0000	0.0000	0.0000	0.0000	0.0000	0.0000	0.0000	0.0000	0.0000	0.0000	0.0000	0.0000	0.0000	0.0000	0.0000	0.0000	0.0000											
95	105	0.6531	9	2	1	1	0	0	0	0	0	Y	N	N	N	N	N	N	N	N	N	N	N	0.0000	0.0000	0.0000	0.0000	0.0000	0.0000	0.0000	0.0000	0.0000	0.0000	0.0000	0.0000	0.0000	0.0000	0.0000	0.0000	0.0000	0.0000	0.0000	0.0000	0.0000	1.0000	2.0000	1.0005	0.0000	0.0000	0.0000	0.0000	0.0000	0.0000	0.0000	0.0000	0.0000	0.0000	0.0000	0.0000	0.0000	0.0000	0.0000	0.0000	0.0000	0.0000	0.0000	0.0000	0.0000	0.0000	0.0000	0.0000	0.0000	0.0000	0.0000	0.0052	0.0034	0.0019	0.0030	0.0026	0.0004	0.0022	0.0007	0.0014	0.0000	0.0000	0.0000	0.0000	0.0000	0.0000	0.0000	0.0000	0.0000	0.0000	0.0000	0.0000	0.0000	0.0000	0.0000	0.0000	0.0000	0.0000											
95	106	0.6496	8	2	1	1	0	0	0	0	0	Y	N	N	N	N	N	N	N	N	N	N	N	0.0000	0.0000	0.0000	0.0000	0.0000	0.0000	0.0000	0.0000	0.0000	0.0000	0.0000	0.0000	0.0000	0.0000	0.0000	0.0000	0.0000	0.0000	0.0000	0.0000	0.0000	0.7249	2.0000	0.0368	0.0000	0.0000	0.0000	0.0000	0.0000	0.0000	0.0000	0.0000	0.0000	0.0000	0.0000	0.0000	0.0000	0.0000	0.0000	0.0000	0.0000	0.0000	0.0000	0.0000	0.0000	0.0000	0.0000	0.0000	0.0000	0.0000	0.0000	0.0020	0.0013	0.0007	0.0012	0.0010	0.0002	0.0009	0.0003	0.0006	0.0000	0.0000	0.0000	0.0000	0.0000	0.0000	0.0000	0.0000	0.0000	0.0000	0.0000	0.0000	0.0000	0.0000	0.0000	0.0000	0.0000	0.0000											
95	107	0.6482	7	2	1	1	0	0	0	0	0	Y	N	N	N	N	N	N	N	N	N	N	N	0.0000	0.0000	0.0000	0.0000	0.0000	0.0000	0.0000	0.0000	0.0000	0.0000	0.0000	0.0000	0.0000	0.0000	0.0000	0.0000	0.0000	0.0000	0.0000	0.0000	0.0000	0.4159	2.0000	0.0887	0.0000	0.0000	0.0000	0.0000	0.0000	0.0000	0.0000	0.0000	0.0000	0.0000	0.0000	0.0000	0.0000	0.0000	0.0000	0.0000	0.0000	0.0000	0.0000	0.0000	0.0000	0.0000	0.0000	0.0000	0.0000	0.0000	0.0000	0.0015	0.0010	0.0005	0.0009	0.0007	0.0001	0.0006	0.0002	0.0004	0.0000	0.0000	0.0000	0.0000	0.0000	0.0000	0.0000	0.0000	0.0000	0.0000	0.0000	0.0000	0.0000	0.0000	0.0000	0.0000	0.0000	0.0000											
95	108	0.6319	6	2	1	0	0	0	0	0	0	Y	N	N	N	N	N	N	N	N	N	N	N	0.0000	0.0000	0.0000	0.0000	0.0000	0.0000	0.0000	0.0000	0.0000	0.0000	0.0000	0.0000	0.0000	0.0000	0.0000	0.0000	0.0000	0.0000	0.0000	0.0000	0.0000	3.9943	2.0000	0.9974	0.0000	0.0000	0.0000	0.0000	0.0000	0.0000	0.0000	0.0000	0.0000	0.0000	0.0000	0.0000	0.0000	0.0000	0.0000	0.0000	0.0000	0.0000	0.0000	0.0000	0.0000	0.0000	0.0000	0.0000	0.0000	0.0000	0.0000	0.0137	0.0084	0.0053	0.0077	0.0066	0.0011	0.0061	0.0018	0.0042	0.0000	0.0000	0.0000	0.0000	0.0000	0.0000	0.0000	0.0000	0.0000	0.0000	0.0000	0.0000	0.0000	0.0000	0.0000	0.0000	0.0000	0.0000											
95	109	0.0632	3	2	1	1	0	0	0	0	0	Y	N	N	N	N	N	N	N	N	N	N	N	0.0000	0.0000	0.0000	0.0000	0.0000	0.0000	0.0000	0.0000	0.0000	0.0000	0.0000	0.0000	0.0000	0.0000	0.0000	0.0000	0.0000	0.0000	0.0000	0.0000	0.0000	0.0000	2.0000	0.9909	0.0000	0.0000	0.0000	0.0000	0.0000	0.0000	0.0000	0.0000	0.0000	0.0000	0.0000	0.0000	0.0000	0.0000	0.0000	0.0000	0.0000	0.0000	0.0000	0.0000	0.0000	0.0000	0.0000	0.0000	0.0000	0.0000	0.0000	0.0084	0.0040	0.0043	0.0005	0.0005	0.0000	0.0078	0.0035	0.0043	0.0000	0.0000	0.0000	0.0000	0.0000	0.0000	0.0000	0.0000	0.0000	0.0000	0.0000	0.0000	0.0000	0.0000	0.0000	0.0000	0.0000	0.0000											
95	110	0.0345	2	2	1	1	0	0	0	0	0	Y	N	N	N	N	N	N	N	N	N	N	N	0.0000	0.0000	0.0000	0.0000	0.0000	0.0000	0.0000	0.0000	0.0000	0.0000	0.0000	0.0000	0.0000	0.0000	0.0000	0.0000	0.0000	0.0000	0.0000	0.0000	0.0000	4.0000	2.0000	0.0000	0.0000	0.0000	0.0000	0.0000	0.0000	0.0000	0.0000	0.0000	0.0000	0.0000	0.0000	0.0000	0.0000	0.0000	0.0000	0.0000	0.0000	0.0000	0.0000	0.0000	0.0000	0.0000	0.0000	0.0000	0.0000	0.0000	0.0000	0.0145	0.0048	0.0097	0.0000	0.0000	0.0000	0.0145	0.0048	0.0097	0.0000	0.0000	0.0000	0.0000	0.0000	0.0000	0.0000	0.0000	0.0000	0.0000	0.0000	0.0000	0.0000	0.0000	0.0000	0.0000	0.0000	0.0000											
95	112	0.6365	6	1	1	1	0	0	0	0	0	N	N	N	N	N	N	N	N	N	N	N	N	0.0000	0.0000	0.0000	0.0000	0.0000	0.0000	0.0000	0.0000	0.0000	0.0000	0.0000	0.0000	0.0000	0.0000	0.0000	0.0000	0.0000	0.0000	0.0000	0.0000	0.0000	0.0000	2.0000	0.0001	0.0000	0.0000	0.0000	0.0000	0.0000	0.0000	0.0000	0.0000	0.0000	0.0000	0.0000	0.0000	0.0000	0.0000	0.0000	0.0000	0.0000	0.0000	0.0000	0.0000	0.0000	0.0000	0.0000	0.0000	0.0000	0.0000	0.0000	0.0000	0.0000	0.0000	0.0000	0.0000	0.0000	0.0000	0.0000	0.0000	0.0000	0.0000	0.0000	0.0000	0.0000	0.0000	0.0000	0.0000	0.0000	0.0000	0.0000	0.0000	0.0000	0.0000	0.0000	0.0000	0.0000	0.0000											
95	113	0.5907	5	1	1	1	0	0	0	0	0	N	N	N	N	N	N	N	N	N	N	N	N	0.0000	0.0000	0.0000	0.0000	0.0000	0.0000	0.0000	0.0000	0.0000	0.0000	0.0000	0.0000	0.0000	0.0000	0.0000	0.0000	0.0000	0.0000	0.0000	0.0000	0.0000	4.0004	2.0000	4.9999	0.0000	0.0000	0.0000	0.0000	0.0000	0.0000	0.0000	0.0000	0.0000	0.0000	0.0000	0.0000	0.0000	0.0000	0.0000	0.0000	0.0000	0.0000	0.0000	0.0000	0.0000	0.0000	0.0000	0.0000	0.0000	0.0000	0.0000	0.0291	0.0166	0.0126	0.0131	0.0113	0.0019	0.0160	0.0053	0.0107	0.0000	0.0000	0.0000	0.0000	0.0000	0.0000	0.0000	0.0000	0.0000	0.0000	0.0000	0.0000	0.0000	0.0000	0.0000	0.0000	0.0000	0.0000											
95	114	0.0672	3	1	2	0	0	0	0	0	0	N	Y	N	N	N	N	N	N	N	N	N	N	0.0000	0.0000	0.0000	0.0000	0.0000	0.0000	0.0000	0.0000	0.0000	0.0000	0.0000	0.0000	0.0000	0.0000	0.0000	0.0000	0.0000	0.0000	0.0000	0.0000	0.0000	4.3361	2.0000	4.6323	0.0000	0.0000	0.0000	0.0000	0.0000	0.0000	0.0000	0.0000	0.0000	0.0000	0.0000	0.0000	0.0000	0.0000	0.0000	0.0000	0.0000	0.0000	0.0000	0.0000	0.0000	0.0000	0.0000	0.0000	0.0000	0.0000	0.0000	0.0401	0.0145	0.0256	0.0006	0.0005	0.0001	0.0395	0.0140	0.0255	0.0000	0.0000	0.0000	0.0000	0.0000	0.0000	0.0000	0.0000	0.0000	0.0000	0.0000	0.0000	0.0000	0.0000	0.0000	0.0000	0.0000	0.0000											
95	115	0.0345	2	1	1	0	0	0	0	0	0	N	N	N	N	N	N	N	N	N	N	N	N	0.0000	0.0000	0.0000	0.0000	0.0000	0.0000	0.0000	0.0000	0.0000	0.0000	0.0000	0.0000	0.0000	0.0000	0.0000	0.0000	0.0000	0.0000	0.0000	0.0000	0.0000	1.9840	2.0000	0.2610	0.0000	0.0000	0.0000	0.0000	0.0000	0.0000	0.0000	0.0000	0.0000	0.0000	0.0000	0.0000	0.0000	0.0000	0.0000	0.0000	0.0000	0.0000	0.0000	0.0000	0.0000	0.0000	0.0000	0.0000	0.0000	0.0000	0.0000	0.0084	0.0028	0.0057	0.0000	0.0000	0.0000	0.0084	0.0028	0.0057	0.0000	0.0000	0.0000	0.0000	0.0000	0.0000	0.0000	0.0000	0.0000	0.0000	0.0000	0.0000	0.0000	0.0000	0.0000	0.0000	0.0000	0.0000											
95	116	0.5907	5	1	2	0	1	0	0	0	0	N	Y	N	N	N	N	N	N	N	N	N	N	0.0000	0.0000	0.0000	0.0000	0.0000	0.0000	0.0000	0.0000	0.0000	0.0000	0.0000	0.0000	0.0000	0.0000	0.0000	0.0000	0.0000	0.0000	0.0000	0.0000	0.0000	5.0006	2.0000	2.0000	0.0000	0.0000	0.0000	0.0000	0.0000	0.0000	0.0000	0.0000	0.0000	0.0000	0.0000	0.0000	0.0000	0.0000	0.0000	0.0000	0.0000	0.0000	0.0000	0.0000	0.0000	0.0000	0.0000	0.0000	0.0000	0.0000	0.0000	0.0232	0.0131	0.0101	0.0104	0.0089	0.0015	0.0128	0.0042	0.0086	0.0000	0.0000	0.0000	0.0000	0.0000	0.0000	0.0000	0.0000	0.0000	0.0000	0.0000	0.0000	0.0000	0.0000	0.0000	0.0000	0.0000	0.0000											
95	117	0.0345	2	1	2	0	1	0	0	0	0	N	Y	N	N	N	N	N	N	N	N	N	N	0.0000	0.0000	0.0000	0.0000	0.0000	0.0000	0.0000	0.0000	0.0000	0.0000	0.0000	0.0000	0.0000	0.0000	0.0000	0.0000	0.0000	0.0000	0.0000	0.0000	0.0000	0.0000	2.0000	1.0000	0.0000	0.0000	0.0000	0.0000	0.0000	0.0000	0.0000	0.0000	0.0000	0.0000	0.0000	0.0000	0.0000	0.0000	0.0000	0.0000	0.0000	0.0000	0.0000	0.0000	0.0000	0.0000	0.0000	0.0000	0.0000	0.0000	0.0000	0.0053	0.0017	0.0036	0.0000	0.0000	0.0000	0.0053	0.0017	0.0036	0.0000	0.0000	0.0000	0.0000	0.0000	0.0000	0.0000	0.0000	0.0000	0.0000	0.0000	0.0000	0.0000	0.0000	0.0000	0.0000	0.0000	0.0000											
95	118	0.5907	5	1	2	0	0	0	0	0	0	N	Y	N	N	N	N	N	N	N	N	N	N	0.0000	0.0000	0.0000	0.0000	0.0000	0.0000	0.0000	0.0000	0.0000	0.0000	0.0000	0.0000	0.0000	0.0000	0.0000	0.0000	0.0000	0.0000	0.0000	0.0000	0.0000	16.9994	2.0000	6.0000	0.0000	0.0000	0.0000	0.0000	0.0000	0.0000	0.0000	0.0000	0.0000	0.0000	0.0000	0.0000	0.0000	0.0000	0.0000	0.0000	0.0000	0.0000	0.0000	0.0000	0.0000	0.0000	0.0000	0.0000	0.0000	0.0000	0.0000	0.0642	0.0372	0.0270	0.0302	0.0258	0.0044	0.0340	0.0114	0.0226	0.0000	0.0000	0.0000	0.0000	0.0000	0.0000	0.0000	0.0000	0.0000	0.0000	0.0000	0.0000	0.0000	0.0000	0.0000	0.0000	0.0000	0.0000											
95	119	0.0345	2	1	2	0	0	0	0	0	0	N	Y	N	N	N	N	N	N	N	N	N	N	0.0000	0.0000	0.0000	0.0000	0.0000	0.0000	0.0000	0.0000	0.0000	0.0000	0.0000	0.0000	0.0000	0.0000	0.0000	0.0000	0.0000	0.0000	0.0000	0.0000	0.0000	5.0000	2.0000	6.0000	0.0000	0.0000	0.0000	0.0000	0.0000	0.0000	0.0000	0.0000	0.0000	0.0000	0.0000	0.0000	0.0000	0.0000	0.0000	0.0000	0.0000	0.0000	0.0000	0.0000	0.0000	0.0000	0.0000	0.0000	0.0000	0.0000	0.0000	0.0350	0.0118	0.0233	0.0000	0.0000	0.0000	0.0350	0.0118	0.0233	0.0000	0.0000	0.0000	0.0000	0.0000	0.0000	0.0000	0.0000	0.0000	0.0000	0.0000	0.0000	0.0000	0.0000	0.0000	0.0000	0.0000	0.0000											
95	120	0.0626	3	1	2	0	0	0	0	0	0	N	Y	N	N	N	N	N	N	N	N	N	N	0.0000	0.0000	0.0000	0.0000	0.0000	0.0000	0.0000	0.0000	0.0000	0.0000	0.0000	0.0000	0.0000	0.0000	0.0000	0.0000	0.0000	0.0000	0.0000	0.0000	0.0000	0.9998	2.0000	0.9486	0.0000	0.0000	0.0000	0.0000	0.0000	0.0000	0.0000	0.0000	0.0000	0.0000	0.0000	0.0000	0.0000	0.0000	0.0000	0.0000	0.0000	0.0000	0.0000	0.0000	0.0000	0.0000	0.0000	0.0000	0.0000	0.0000	0.0000	0.0141	0.0067	0.0074	0.0017	0.0017	0.0000	0.0124	0.0050	0.0074	0.0000	0.0000	0.0000	0.0000	0.0000	0.0000	0.0000	0.0000	0.0000	0.0000	0.0000	0.0000	0.0000	0.0000	0.0000	0.0000	0.0000	0.0000											
95	121	0.0345	2	1	2	0	0	0	0	0	0	N	Y	N	N	N	N	N	N	N	N	N	N	0.0000	0.0000	0.0000	0.0000	0.0000	0.0000	0.0000	0.0000	0.0000	0.0000	0.0000	0.0000	0.0000	0.0000	0.0000	0.0000	0.0000	0.0000	0.0000	0.0000	0.0000	3.0005	2.0000	1.1085	0.0000	0.0000	0.0000	0.0000	0.0000	0.0000	0.0000	0.0000	0.0000	0.0000	0.0000	0.0000	0.0000	0.0000	0.0000	0.0000	0.0000	0.0000	0.0000	0.0000	0.0000	0.0000	0.0000	0.0000	0.0000	0.0000	0.0000	0.0257	0.0086	0.0172	0.0000	0.0000	0.0000	0.0257	0.0086	0.0172	0.0000	0.0000	0.0000	0.0000	0.0000	0.0000	0.0000	0.0000	0.0000	0.0000	0.0000	0.0000	0.0000	0.0000	0.0000	0.0000	0.0000	0.0000											
95	122	0.6319	6	1	2	0	0	0	0	0	0	N	Y	N	N	N	N	N	N	N	N	N	N	0.0000	0.0000	0.0000	0.0000	0.0000	0.0000	0.0000	0.0000	0.0000	0.0000	0.0000	0.0000	0.0000	0.0000	0.0000	0.0000	0.0000	0.0000	0.0000	0.0000	0.0000	2.0001	2.0000	3.0000	0.0000	0.0000	0.0000	0.0000	0.0000	0.0000	0.0000	0.0000	0.0000	0.0000	0.0000	0.0000	0.0000	0.0000	0.0000	0.0000	0.0000	0.0000	0.0000	0.0000	0.0000	0.0000	0.0000	0.0000	0.0000	0.0000	0.0000	0.0137	0.0084	0.0053	0.0077	0.0066	0.0011	0.0061	0.0018	0.0042	0.0000	0.0000	0.0000	0.0000	0.0000	0.0000	0.0000	0.0000	0.0000	0.0000	0.0000	0.0000	0.0000	0.0000	0.0000	0.0000	0.0000	0.0000											
95	123	0.5907	5	1	1	0	0	0	0	0	0	N	N	N	N	N	N	N	N	N	N	N	N	0.0000	0.0000	0.0000	0.0000	0.0000	0.0000	0.0000	0.0000	0.0000	0.0000	0.0000	0.0000	0.0000	0.0000	0.0000	0.0000	0.0000	0.0000	0.0000	0.0000	0.0000	6.9986	2.0000	2.0000	0.0000	0.0000	0.0000	0.0000	0.0000	0.0000	0.0000	0.0000	0.0000	0.0000	0.0000	0.0000	0.0000	0.0000	0.0000	0.0000	0.0000	0.0000	0.0000	0.0000	0.0000	0.0000	0.0000	0.0000	0.0000	0.0000	0.0000	0.0291	0.0166	0.0126	0.0131	0.0113	0.0019	0.0160	0.0053	0.0107	0.0000	0.0000	0.0000	0.0000	0.0000	0.0000	0.0000	0.0000	0.0000	0.0000	0.0000	0.0000	0.0000	0.0000	0.0000	0.0000	0.0000	0.0000											
95	124	0.0680	3	1	2	0	0	0	0	0	0	N	Y	N	N	N	N	N	N	N	N	N	N	0.0000	0.0000	0.0000	0.0000	0.0000	0.0000	0.0000	0.0000	0.0000	0.0000	0.0000	0.0000	0.0000	0.0048	0.0143	0.0000	0.0194	0.0170	0.0000	0.0000	0.0000	0.0000	0.0000	0.0000	-0.0000	0.0000	3.9006	2.0000	3.1543	0.0000	0.0000	0.0000	0.0000	0.0000	0.0000	0.0000	0.0000	0.0000	0.0000	0.0000	0.0000	0.0000	0.0000	0.0000	0.0000	0.0000	0.0000	0.0000	0.0000	0.0000	0.0000	0.0000	0.0000	0.0000	0.0000	0.0000	0.0391	0.0155	0.0236	0.0065	0.0064	0.0001	0.0326	0.0091	0.0234	0.0000	0.0000	0.0000	0.0000	0.0000	0.0000	0.0000	0.0000	0.0000	0.0008	0.0019	0.0000	0.0046	0.0047	0.0000	0.0000	0.0000	0.0000						
95	125	0.0345	2	1	2	0	0	0	0	0	0	N	Y	N	N	N	N	N	N	N	N	N	N	0.0000	0.0000	0.0000	0.0000	0.0000	0.0000	0.0000	0.0000	0.0000	0.0000	0.0000	0.0000	0.0000	0.0108	0.0000	0.0020	0.0000	0.0000	0.0000	0.0040	0.0000	0.0020	inf	0.0000	0.0000	0.0000	1.6924	2.0000	1.9110	0.0000	0.0000	0.0000	0.0000	0.0000	0.0000	0.0000	0.0000	0.0000	0.0000	0.0000	0.0000	0.0000	0.0000	0.0000	0.0000	0.0000	0.0000	0.0000	0.0000	0.0000	0.0000	0.0000	0.0000	0.0000	0.0000	0.0000	0.0229	0.0076	0.0153	0.0000	0.0000	0.0000	0.0229	0.0076	0.0153	0.0000	0.0000	0.0000	0.0000	0.0000	0.0000	0.0000	0.0000	0.0000	0.0013	0.0000	0.0020	0.0000	0.0000	0.0000	0.0013	0.0000	0.0020						
95	126	0.5907	5	1	2	0	0	0	0	0	0	N	Y	N	N	N	N	N	N	N	N	N	N	0.0000	0.0000	0.0000	0.0000	0.0000	0.0000	0.0000	0.0000	0.0000	0.0000	0.0000	0.0000	0.0000	34.3130	0.0000	79.4224	0.0000	0.0000	0.0000	62.4438	0.0000	93.1970	inf	0.0000	0.4781	0.0000	0.9996	2.0000	8.0005	0.0000	0.0000	0.0000	0.0000	0.0000	0.0000	0.0000	0.0000	0.0000	1.0000	0.0000	1.0000	0.0000	0.0000	0.0000	1.0000	0.0000	1.0000	0.0000	0.0000	0.0000	0.0000	0.0000	0.0000	0.0000	0.0000	0.0000	0.0291	0.0166	0.0126	0.0131	0.0113	0.0019	0.0160	0.0053	0.0107	0.0000	0.0000	0.0000	0.0000	0.0000	0.0000	0.0000	0.0000	0.0000	34.3130	0.0000	79.4224	0.0000	0.0000	0.0000	62.4438	0.0000	93.1970						
95	127	0.4960	5	1	1	0	0	0	0	0	0	N	N	N	N	N	N	N	N	N	N	N	N	0.0000	0.0000	0.0000	0.0000	0.0000	0.0000	0.0000	0.0000	0.0000	0.0000	0.0000	0.0000	0.0000	0.0000	0.0000	0.0146	0.0277	0.0000	0.0137	0.0136	0.0000	0.0003	0.0145	0.0000	0.0000	0.0000	-0.0000	0.0000	3.6536	2.0000	12.3970	0.0000	0.0000	0.0000	0.0000	0.0000	0.0000	0.0000	0.0000	0.0000	0.0001	0.0001	0.0000	0.0001	0.0001	0.0000	0.0000	0.0000	0.0000	0.0000	0.0000	0.0000	0.0000	0.0000	0.0000	0.0000	0.0000	0.0000	0.0588	0.0326	0.0262	0.0226	0.0200	0.0026	0.0362	0.0126	0.0236	0.0000	0.0000	0.0000	0.0000	0.0000	0.0000	0.0000	0.0000	0.0000	0.0015	0.0028	0.0000	0.0035	0.0040	0.0000	0.0003	0.0008	0.0000				
95	128	0.2849	3	1	1	0	0	0	0	0	0	N	N	N	N	N	N	N	N	N	N	N	N	0.0000	0.0000	0.0000	0.0000	0.0000	0.0000	0.0000	0.0000	0.0000	0.0000	0.0000	0.0000	0.0000	0.0000	0.0000	1.5453	2.1926	0.0000	0.6908	0.7033	0.0000	1.7168	4.1529	0.0000	0.0000	0.0000	-0.0112	0.0000	5.3495	2.0000	12.4099	0.0000	0.0000	0.0000	0.0000	0.0000	0.0000	0.0000	0.0000	0.0000	0.0215	0.0215	0.0000	0.0019	0.0019	0.0000	0.0196	0.0196	0.0000	0.0000	0.0000	0.0000	0.0000	0.0000	0.0000	0.0000	0.0000	0.0000	0.1074	0.0615	0.0459	0.0431	0.0380	0.0052	0.0643	0.0236	0.0407	0.0000	0.0000	0.0000	0.0000	0.0000	0.0000	0.0000	0.0000	0.0000	0.2004	0.3498	0.0000	0.0443	0.0503	0.0000	0.3051	0.8325	0.0000				
95	129	0.7021	11	1	2	0	1	0	0	0	0	N	Y	N	N	N	N	N	N	N	N	N	N	0.0000	0.0000	0.0000	0.0000	0.0000	0.0000	0.0000	0.0000	0.0000	0.0000	0.0000	0.0000	0.0000	0.0000	0.0000	0.0000	0.0000	0.0000	0.0000	0.0000	0.0000	0.0000	2.0000	0.0000	0.0000	0.0000	0.0000	0.0000	0.0000	0.0000	0.0000	0.0000	0.0000	0.0000	0.0000	0.0000	0.0000	0.0000	0.0000	0.0000	0.0000	0.0000	0.0000	0.0000	0.0000	0.0000	0.0000	0.0000	0.0000	0.0000	0.0000	0.0000	0.0000	0.0000	0.0000	0.0000	0.0000	0.0000	0.0000	0.0000	0.0000	0.0000	0.0000	0.0000	0.0000	0.0000	0.0000	0.0000	0.0000	0.0000	0.0000	0.0000	0.0000	0.0000	0.0000	0.0000	0.0000	0.0000											
95	130	0.6858	10	1	2	0	1	0	0	0	0	N	Y	N	N	N	N	N	N	N	N	N	N	0.0000	0.0000	0.0000	0.0000	0.0000	0.0000	0.0000	0.0000	0.0000	0.0000	0.0000	0.0000	0.0000	0.0000	0.0000	0.0000	0.0000	0.0000	0.0000	0.0000	0.0000	0.0000	2.0000	3.0001	0.0000	0.0000	0.0000	0.0000	0.0000	0.0000	0.0000	0.0000	0.0000	0.0000	0.0000	0.0000	0.0000	0.0000	0.0000	0.0000	0.0000	0.0000	0.0000	0.0000	0.0000	0.0000	0.0000	0.0000	0.0000	0.0000	0.0000	0.0136	0.0088	0.0048	0.0048	0.0041	0.0006	0.0088	0.0047	0.0041	0.0000	0.0000	0.0000	0.0000	0.0000	0.0000	0.0000	0.0000	0.0000	0.0000	0.0000	0.0000	0.0000	0.0000	0.0000	0.0000	0.0000	0.0000											
95	131	0.6761	9	1	2	0	0	0	0	0	0	N	Y	N	N	N	N	N	N	N	N	N	N	0.0000	0.0000	0.0000	0.0000	0.0000	0.0000	0.0000	0.0000	0.0000	0.0000	0.0000	0.0000	0.0000	0.0000	0.0000	0.0000	0.0000	0.0000	0.0000	0.0000	0.0000	0.0000	2.0000	0.0000	0.0000	0.0000	0.0000	0.0000	0.0000	0.0000	0.0000	0.0000	0.0000	0.0000	0.0000	0.0000	0.0000	0.0000	0.0000	0.0000	0.0000	0.0000	0.0000	0.0000	0.0000	0.0000	0.0000	0.0000	0.0000	0.0000	0.0000	0.0000	0.0000	0.0000	0.0000	0.0000	0.0000	0.0000	0.0000	0.0000	0.0000	0.0000	0.0000	0.0000	0.0000	0.0000	0.0000	0.0000	0.0000	0.0000	0.0000	0.0000	0.0000	0.0000	0.0000	0.0000	0.0000	0.0000											
95	132	0.6858	10	1	1	1	1	0	0	0	0	N	N	N	N	N	N	N	N	N	N	N	N	0.0000	0.0000	0.0000	0.0000	0.0000	0.0000	0.0000	0.0000	0.0000	0.0000	0.0000	0.0000	0.0000	0.0000	0.0000	0.0000	0.0000	0.0000	0.0000	0.0000	0.0000	0.0000	2.0000	1.9999	0.0000	0.0000	0.0000	0.0000	0.0000	0.0000	0.0000	0.0000	0.0000	0.0000	0.0000	0.0000	0.0000	0.0000	0.0000	0.0000	0.0000	0.0000	0.0000	0.0000	0.0000	0.0000	0.0000	0.0000	0.0000	0.0000	0.0000	0.0093	0.0061	0.0033	0.0032	0.0028	0.0004	0.0061	0.0033	0.0028	0.0000	0.0000	0.0000	0.0000	0.0000	0.0000	0.0000	0.0000	0.0000	0.0000	0.0000	0.0000	0.0000	0.0000	0.0000	0.0000	0.0000	0.0000											
95	133	0.6968	11	1	1	1	1	0	0	0	0	N	N	N	N	N	N	N	N	N	N	N	N	0.0000	0.0000	0.0000	0.0000	0.0000	0.0000	0.0000	0.0000	0.0000	0.0000	0.0000	0.0000	0.0000	0.0000	0.0000	0.0000	0.0000	0.0000	0.0000	0.0000	0.0000	1.0000	2.0000	0.0000	0.0000	0.0000	0.0000	0.0000	0.0000	0.0000	0.0000	0.0000	0.0000	0.0000	0.0000	0.0000	0.0000	0.0000	0.0000	0.0000	0.0000	0.0000	0.0000	0.0000	0.0000	0.0000	0.0000	0.0000	0.0000	0.0000	0.0000	0.0046	0.0030	0.0016	0.0015	0.0013	0.0002	0.0031	0.0017	0.0014	0.0000	0.0000	0.0000	0.0000	0.0000	0.0000	0.0000	0.0000	0.0000	0.0000	0.0000	0.0000	0.0000	0.0000	0.0000	0.0000	0.0000	0.0000											
95	134	0.6968	11	1	1	1	1	0	0	0	0	N	N	N	N	N	N	N	N	N	N	N	N	0.0000	0.0000	0.0000	0.0000	0.0000	0.0000	0.0000	0.0000	0.0000	0.0000	0.0000	0.0000	0.0000	0.0000	0.0000	0.0000	0.0000	0.0000	0.0000	0.0000	0.0000	0.0000	2.0000	0.0000	0.0000	0.0000	0.0000	0.0000	0.0000	0.0000	0.0000	0.0000	0.0000	0.0000	0.0000	0.0000	0.0000	0.0000	0.0000	0.0000	0.0000	0.0000	0.0000	0.0000	0.0000	0.0000	0.0000	0.0000	0.0000	0.0000	0.0000	0.0000	0.0000	0.0000	0.0000	0.0000	0.0000	0.0000	0.0000	0.0000	0.0000	0.0000	0.0000	0.0000	0.0000	0.0000	0.0000	0.0000	0.0000	0.0000	0.0000	0.0000	0.0000	0.0000	0.0000	0.0000	0.0000	0.0000											
95	135	0.6858	10	1	1	1	1	0	0	0	0	N	N	N	N	N	N	N	N	N	N	N	N	0.0000	0.0000	0.0000	0.0000	0.0000	0.0000	0.0000	0.0000	0.0000	0.0000	0.0000	0.0000	0.0000	0.0000	0.0000	0.0000	0.0000	0.0000	0.0000	0.0000	0.0000	2.0025	2.0000	0.9943	0.0000	0.0000	0.0000	0.0000	0.0000	0.0000	0.0000	0.0000	0.0000	0.0000	0.0000	0.0000	0.0000	0.0000	0.0000	0.0000	0.0000	0.0000	0.0000	0.0000	0.0000	0.0000	0.0000	0.0000	0.0000	0.0000	0.0000	0.0136	0.0088	0.0048	0.0048	0.0041	0.0006	0.0088	0.0047	0.0041	0.0000	0.0000	0.0000	0.0000	0.0000	0.0000	0.0000	0.0000	0.0000	0.0000	0.0000	0.0000	0.0000	0.0000	0.0000	0.0000	0.0000	0.0000											
95	136	0.6858	9	1	1	0	1	0	0	0	0	N	N	N	N	N	N	N	N	N	N	N	N	0.0000	0.0000	0.0000	0.0000	0.0000	0.0000	0.0000	0.0000	0.0000	0.0000	0.0000	0.0000	0.0000	0.0000	0.0000	0.0000	0.0000	0.0000	0.0000	0.0000	0.0000	0.0050	2.0000	0.0173	0.0000	0.0000	0.0000	0.0000	0.0000	0.0000	0.0000	0.0000	0.0000	0.0000	0.0000	0.0000	0.0000	0.0000	0.0000	0.0000	0.0000	0.0000	0.0000	0.0000	0.0000	0.0000	0.0000	0.0000	0.0000	0.0000	0.0000	0.0002	0.0002	0.0001	0.0001	0.0001	0.0000	0.0001	0.0001	0.0001	0.0000	0.0000	0.0000	0.0000	0.0000	0.0000	0.0000	0.0000	0.0000	0.0000	0.0000	0.0000	0.0000	0.0000	0.0000	0.0000	0.0000	0.0000											
95	137	0.6761	8	1	1	0	1	0	0	0	0	N	N	N	N	N	N	N	N	N	N	N	N	0.0000	0.0000	0.0000	0.0000	0.0000	0.0000	0.0000	0.0000	0.0000	0.0000	0.0000	0.0000	0.0000	0.0000	0.0000	0.0000	0.0000	0.0000	0.0000	0.0000	0.0000	1.9972	2.0000	1.0076	0.0000	0.0000	0.0000	0.0000	0.0000	0.0000	0.0000	0.0000	0.0000	0.0000	0.0000	0.0000	0.0000	0.0000	0.0000	0.0000	0.0000	0.0000	0.0000	0.0000	0.0000	0.0000	0.0000	0.0000	0.0000	0.0000	0.0000	0.0076	0.0049	0.0026	0.0047	0.0041	0.0006	0.0028	0.0008	0.0020	0.0000	0.0000	0.0000	0.0000	0.0000	0.0000	0.0000	0.0000	0.0000	0.0000	0.0000	0.0000	0.0000	0.0000	0.0000	0.0000	0.0000	0.0000											
95	138	0.6589	7	2	2	0	0	0	0	0	0	Y	Y	N	N	N	N	N	N	N	N	N	N	0.0000	0.0000	0.0000	0.0000	0.0000	0.0000	0.0000	0.0000	0.0000	0.0000	0.0000	0.0000	0.0000	0.0000	0.0000	0.0284	0.0399	0.0000	0.0058	0.0054	0.0000	0.0150	0.4033	0.0000	0.0000	0.0000	-0.0000	0.0000	0.0002	2.0000	2.3255	0.0000	0.0000	0.0000	0.0000	0.0000	0.0000	0.0000	0.0000	0.0000	0.0000	0.0000	0.0000	0.0000	0.0000	0.0000	0.0000	0.0000	0.0000	0.0000	0.0000	0.0000	0.0000	0.0000	0.0000	0.0000	0.0000	0.0000	0.0089	0.0059	0.0030	0.0048	0.0043	0.0005	0.0041	0.0016	0.0025	0.0000	0.0000	0.0000	0.0000	0.0000	0.0000	0.0000	0.0000	0.0000	0.0023	0.0034	0.0000	0.0021	0.0023	0.0000	0.0024	0.0061	0.0000				
95	139	0.6410	6	2	2	0	0	0	0	0	0	Y	Y	N	N	N	N	N	N	N	N	N	N	0.0000	0.0000	0.0000	0.0000	0.0000	0.0000	0.0000	0.0000	0.0000	0.0000	0.0000	0.0000	0.0000	0.0161	0.0276	0.0000	0.0118	0.0118	0.0000	0.0000	0.0000	0.0000	0.0000	0.0000	-0.0000	0.0000	2.0138	2.0000	2.7349	0.0000	0.0000	0.0000	0.0000	0.0000	0.0000	0.0000	0.0000	0.0000	0.0000	0.0000	0.0000	0.0000	0.0000	0.0000	0.0000	0.0000	0.0000	0.0000	0.0000	0.0000	0.0000	0.0000	0.0000	0.0000	0.0000	0.0000	0.0179	0.0109	0.0070	0.0093	0.0083	0.0010	0.0086	0.0026	0.0060	0.0000	0.0000	0.0000	0.0000	0.0000	0.0000	0.0000	0.0000	0.0000	0.0017	0.0028	0.0000	0.0032	0.0036	0.0000	0.0000	0.0000	0.0000						
95	140	0.6576	7	1	2	0	0	0	0	0	0	N	Y	N	N	N	N	N	N	N	N	N	N	0.0000	0.0000	0.0000	0.0000	0.0000	0.0000	0.0000	0.0000	0.0000	0.0000	0.0000	0.0000	0.0000	0.0000	0.0000	0.0000	0.0000	0.0000	0.0000	0.0000	0.0000	1.9232	2.0000	1.1116	0.0000	0.0000	0.0000	0.0000	0.0000	0.0000	0.0000	0.0000	0.0000	0.0000	0.0000	0.0000	0.0000	0.0000	0.0000	0.0000	0.0000	0.0000	0.0000	0.0000	0.0000	0.0000	0.0000	0.0000	0.0000	0.0000	0.0000	0.0080	0.0052	0.0028	0.0049	0.0043	0.0007	0.0031	0.0009	0.0021	0.0000	0.0000	0.0000	0.0000	0.0000	0.0000	0.0000	0.0000	0.0000	0.0000	0.0000	0.0000	0.0000	0.0000	0.0000	0.0000	0.0000	0.0000											
95	141	0.0537	3	1	2	0	0	0	0	0	0	N	Y	N	N	N	N	N	N	N	N	N	N	0.0000	0.0000	0.0000	0.0000	0.0000	0.0000	0.0000	0.0000	0.0000	0.0000	0.0000	0.0000	0.0000	0.0000	0.0000	0.0000	0.0000	0.0000	0.0000	0.0000	0.0000	3.0000	2.0000	1.0000	0.0000	0.0000	0.0000	0.0000	0.0000	0.0000	0.0000	0.0000	0.0000	0.0000	0.0000	0.0000	0.0000	0.0000	0.0000	0.0000	0.0000	0.0000	0.0000	0.0000	0.0000	0.0000	0.0000	0.0000	0.0000	0.0000	0.0000	0.0231	0.0084	0.0147	0.0000	0.0000	0.0000	0.0231	0.0084	0.0147	0.0000	0.0000	0.0000	0.0000	0.0000	0.0000	0.0000	0.0000	0.0000	0.0000	0.0000	0.0000	0.0000	0.0000	0.0000	0.0000	0.0000	0.0000											
95	142	0.0345	2	1	1	0	0	0	0	0	0	N	N	N	N	N	N	N	N	N	N	N	N	0.0000	0.0000	0.0000	0.0000	0.0000	0.0000	0.0000	0.0000	0.0000	0.0000	0.0000	0.0000	0.0000	0.0000	0.0000	0.0000	0.0000	0.0000	0.0000	0.0000	0.0000	1.0000	2.0000	1.0000	0.0000	0.0000	0.0000	0.0000	0.0000	0.0000	0.0000	0.0000	0.0000	0.0000	0.0000	0.0000	0.0000	0.0000	0.0000	0.0000	0.0000	0.0000	0.0000	0.0000	0.0000	0.0000	0.0000	0.0000	0.0000	0.0000	0.0000	0.0135	0.0044	0.0090	0.0000	0.0000	0.0000	0.0135	0.0044	0.0090	0.0000	0.0000	0.0000	0.0000	0.0000	0.0000	0.0000	0.0000	0.0000	0.0000	0.0000	0.0000	0.0000	0.0000	0.0000	0.0000	0.0000	0.0000											
95	145	0.6761	9	2	2	0	0	0	0	0	0	Y	Y	N	N	N	N	N	N	N	N	N	N	0.0000	0.0000	0.0000	0.0000	0.0000	0.0000	0.0000	0.0000	0.0000	0.0000	0.0000	0.0000	0.0000	0.0000	0.0000	0.0000	0.0000	0.0000	0.0000	0.0000	0.0000	1.0000	2.0000	1.0000	0.0000	0.0000	0.0000	0.0000	0.0000	0.0000	0.0000	0.0000	0.0000	0.0000	0.0000	0.0000	0.0000	0.0000	0.0000	0.0000	0.0000	0.0000	0.0000	0.0000	0.0000	0.0000	0.0000	0.0000	0.0000	0.0000	0.0000	0.0051	0.0033	0.0018	0.0032	0.0027	0.0004	0.0019	0.0006	0.0013	0.0000	0.0000	0.0000	0.0000	0.0000	0.0000	0.0000	0.0000	0.0000	0.0000	0.0000	0.0000	0.0000	0.0000	0.0000	0.0000	0.0000	0.0000											
95	146	0.6761	8	1	2	0	0	0	0	0	0	N	Y	N	N	N	N	N	N	N	N	N	N	0.0000	0.0000	0.0000	0.0000	0.0000	0.0000	0.0000	0.0000	0.0000	0.0000	0.0000	0.0000	0.0000	0.0000	0.0000	0.0000	0.0000	0.0000	0.0000	0.0000	0.0000	0.0003	2.0000	0.0000	0.0000	0.0000	0.0000	0.0000	0.0000	0.0000	0.0000	0.0000	0.0000	0.0000	0.0000	0.0000	0.0000	0.0000	0.0000	0.0000	0.0000	0.0000	0.0000	0.0000	0.0000	0.0000	0.0000	0.0000	0.0000	0.0000	0.0000	0.0000	0.0000	0.0000	0.0000	0.0000	0.0000	0.0000	0.0000	0.0000	0.0000	0.0000	0.0000	0.0000	0.0000	0.0000	0.0000	0.0000	0.0000	0.0000	0.0000	0.0000	0.0000	0.0000	0.0000	0.0000	0.0000	0.0000											
95	147	0.6576	7	1	1	0	0	0	0	0	0	N	N	N	N	N	N	N	N	N	N	N	N	0.0000	0.0000	0.0000	0.0000	0.0000	0.0000	0.0000	0.0000	0.0000	0.0000	0.0000	0.0000	0.0000	0.0000	0.0000	0.0000	0.0000	0.0000	0.0000	0.0000	0.0000	4.9449	2.0000	1.0063	0.0000	0.0000	0.0000	0.0000	0.0000	0.0000	0.0000	0.0000	0.0000	0.0000	0.0000	0.0000	0.0000	0.0000	0.0000	0.0000	0.0000	0.0000	0.0000	0.0000	0.0000	0.0000	0.0000	0.0000	0.0000	0.0000	0.0000	0.0150	0.0098	0.0053	0.0093	0.0080	0.0013	0.0057	0.0017	0.0040	0.0000	0.0000	0.0000	0.0000	0.0000	0.0000	0.0000	0.0000	0.0000	0.0000	0.0000	0.0000	0.0000	0.0000	0.0000	0.0000	0.0000	0.0000											
95	148	0.6410	6	1	1	0	0	0	0	0	0	N	N	N	N	N	N	N	N	N	N	N	N	0.0000	0.0000	0.0000	0.0000	0.0000	0.0000	0.0000	0.0000	0.0000	0.0000	0.0000	0.0000	0.0000	0.0026	0.0041	0.0000	0.0027	0.0025	0.0000	0.0000	0.0000	0.0000	0.0000	0.0000	-0.0000	0.0000	3.4778	2.0000	1.2917	0.0000	0.0000	0.0000	0.0000	0.0000	0.0000	0.0000	0.0000	0.0000	0.0000	0.0000	0.0000	0.0000	0.0000	0.0000	0.0000	0.0000	0.0000	0.0000	0.0000	0.0000	0.0000	0.0000	0.0000	0.0000	0.0000	0.0000	0.0179	0.0109	0.0070	0.0093	0.0083	0.0010	0.0086	0.0026	0.0060	0.0000	0.0000	0.0000	0.0000	0.0000	0.0000	0.0000	0.0000	0.0000	0.0006	0.0009	0.0000	0.0011	0.0012	0.0000	0.0000	0.0000	0.0000						
95	149	0.5907	5	1	1	0	0	0	0	0	0	N	N	N	N	N	N	N	N	N	N	N	N	0.0000	0.0000	0.0000	0.0000	0.0000	0.0000	0.0000	0.0000	0.0000	0.0000	0.0000	0.0000	0.0000	0.0007	0.0000	0.0006	0.0000	0.0000	0.0000	0.0006	0.0000	0.0007	inf	0.0000	0.0000	0.0000	7.8050	2.0000	4.0035	0.0000	0.0000	0.0000	0.0000	0.0000	0.0000	0.0000	0.0000	0.0000	0.0000	0.0000	0.0000	0.0000	0.0000	0.0000	0.0000	0.0000	0.0000	0.0000	0.0000	0.0000	0.0000	0.0000	0.0000	0.0000	0.0000	0.0000	0.0371	0.0212	0.0159	0.0169	0.0145	0.0024	0.0202	0.0067	0.0135	0.0000	0.0000	0.0000	0.0000	0.0000	0.0000	0.0000	0.0000	0.0000	0.0003	0.0000	0.0006	0.0000	0.0000	0.0000	0.0005	0.0000	0.0007						
95	150	0.4960	5	1	1	0	0	0	0	0	0	N	N	N	N	N	N	N	N	N	N	N	N	0.0000	0.0000	0.0000	0.0000	0.0000	0.0000	0.0000	0.0000	0.0000	0.0000	0.0000	0.0000	0.0000	0.0000	0.0000	0.0130	0.0241	0.0000	0.0122	0.0124	0.0000	0.0003	0.0137	0.0000	0.0000	0.0000	-0.0000	0.0000	3.7255	2.0000	14.1767	0.0000	0.0000	0.0000	0.0000	0.0000	0.0000	0.0000	0.0000	0.0000	0.0001	0.0001	0.0000	0.0001	0.0001	0.0000	0.0000	0.0000	0.0000	0.0000	0.0000	0.0000	0.0000	0.0000	0.0000	0.0000	0.0000	0.0000	0.0631	0.0349	0.0282	0.0242	0.0213	0.0029	0.0389	0.0136	0.0253	0.0000	0.0000	0.0000	0.0000	0.0000	0.0000	0.0000	0.0000	0.0000	0.0014	0.0026	0.0000	0.0033	0.0038	0.0000	0.0003	0.0007	0.0000				
95	151	0.4797	4	1	1	0	0	0	0	0	0	N	N	N	N	N	N	N	N	N	N	N	N	0.0000	0.0000	0.0000	0.0000	0.0000	0.0000	0.0000	0.0000	0.0000	0.0000	0.0000	0.0000	0.0000	0.0000	0.0000	0.0000	0.1005	0.0153	0.0081	0.0096	0.0089	0.0000	0.0296	0.0000	0.0061	2.0001	0.0000	0.0000	0.0000	1.4205	2.0000	4.0377	0.0000	0.0000	0.0000	0.0000	0.0000	0.0000	0.0000	0.0000	0.0000	0.0001	0.0000	0.0001	0.0000	0.0000	0.0000	0.0001	0.0000	0.0001	0.0000	0.0000	0.0000	0.0000	0.0000	0.0000	0.0000	0.0000	0.0000	0.0340	0.0198	0.0142	0.0144	0.0133	0.0011	0.0196	0.0065	0.0131	0.0000	0.0000	0.0000	0.0000	0.0000	0.0000	0.0000	0.0000	0.0000	0.0035	0.0020	0.0056	0.0028	0.0030	0.0000	0.0041	0.0000	0.0061			
96	97	0.5785	4	0	1	0	0	0	0	0	0	N	N	N	N	N	N	N	N	N	N	N	N	inf	inf	inf	inf	2.8523	0.0000	29.1549	0.0000	0.0000	0.0000	7.4054	0.0000	52.0587	0.0000	0.0000	0.0000	0.0000	0.0000	0.0000	0.0000	0.0000	0.0000	inf	0.7398	0.0000	4.0000	3.9994	0.0000	4.0000	1.0000	0.0000	1.0000	0.0000	0.0000	0.0000	1.0000	0.0000	1.0000	0.0000	0.0000	0.0000	0.0000	0.0000	0.0000	0.0000	0.0000	0.0000	0.3506	0.3163	0.0343	0.2156	0.2005	0.0151	0.1350	0.1158	0.0192	0.0295	0.0146	0.0149	0.0096	0.0081	0.0014	0.0199	0.0065	0.0135	inf	0.0000	inf	0.0000	0.0000	0.0000	inf	0.0000	inf	0.0000	0.0000	0.0000	0.0000	0.0000	0.0000	0.0000	0.0000	0.0000						
96	99	0.4676	3	0	1	0	0	0	0	0	0	N	N	N	N	N	N	N	N	N	N	N	N	inf	inf	inf	inf	0.0001	0.0001	0.0000	0.0000	0.0000	0.0000	0.0002	0.0002	0.0000	0.0000	0.0000	0.0000	0.0000	0.0000	0.0000	0.0000	0.0000	0.0000	0.0000	-0.0000	0.0000	4.0000	1.5982	0.0000	11.1970	0.0000	0.0000	0.0000	0.0000	0.0000	0.0000	0.0000	0.0000	0.0000	0.0000	0.0000	0.0000	0.0000	0.0000	0.0000	0.0000	0.0000	0.0000	0.1625	0.1463	0.0162	0.1030	0.0957	0.0073	0.0595	0.0506	0.0089	0.0640	0.0351	0.0288	0.0239	0.0214	0.0025	0.0401	0.0137	0.0264	inf	inf	0.0000	0.0000	0.0000	0.0000	inf	inf	0.0000	0.0000	0.0000	0.0000	0.0000	0.0000	0.0000	0.0000	0.0000	0.0000						
96	100	0.6375	7	1	2	1	0	0	0	0	0	N	Y	N	N	N	N	N	N	N	N	N	N	inf	inf	inf	inf	0.0007	0.0000	0.0097	0.0000	0.0000	0.0000	0.0041	0.0000	0.0162	0.0000	0.0000	0.0000	0.0000	0.0000	0.0000	0.0000	0.0000	0.0000	inf	0.0000	0.0000	4.0000	0.0000	0.0000	0.9982	0.0000	0.0000	0.0000	0.0000	0.0000	0.0000	0.0000	0.0000	0.0000	0.0000	0.0000	0.0000	0.0000	0.0000	0.0000	0.0000	0.0000	0.0000	0.0139	0.0129	0.0010	0.0115	0.0110	0.0004	0.0025	0.0018	0.0006	0.0023	0.0014	0.0009	0.0012	0.0010	0.0002	0.0011	0.0004	0.0007	inf	0.0000	inf	0.0000	0.0000	0.0000	inf	0.0000	inf	0.0000	0.0000	0.0000	0.0000	0.0000	0.0000	0.0000	0.0000	0.0000						
96	101	0.0571	4	1	2	1	0	0	0	0	0	N	Y	N	N	N	N	N	N	N	N	N	N	0.0000	0.0000	0.0000	0.0000	0.0000	0.0000	0.0000	0.0000	0.0000	0.0000	0.0000	0.0000	0.0000	0.0000	0.0000	0.0000	0.0000	0.0000	0.0000	0.0000	4.0000	0.0000	0.0000	0.0000	0.0000	0.0000	0.0000	0.0000	0.0000	0.0000	0.0000	0.0000	0.0000	0.0000	0.0000	0.0000	0.0000	0.0000	0.0000	0.0000	0.0000	0.0000	0.0000	0.0000	0.0000	0.0000	0.0000	0.0000	0.0000	0.0000	0.0000	0.0000	0.0000	0.0000	0.0000	0.0000	0.0000	0.0000	0.0000	0.0000	0.0000	0.0000	0.0000	0.0000	0.0000	0.0000	0.0000	0.0000	0.0000	0.0000	0.0000	0.0000	0.0000	0.0000	0.0000	0.0000	0.0000	0.0000											
96	102	0.0571	3	1	1	1	0	0	0	0	0	N	N	N	N	N	N	N	N	N	N	N	N	0.0000	0.0000	0.0000	0.0000	0.0000	0.0000	0.0000	0.0000	0.0000	0.0000	0.0000	0.0000	0.0000	0.0000	0.0000	0.0000	0.0000	0.0000	0.0000	0.0000	4.0000	0.0000	0.0000	0.0000	0.0000	0.0000	0.0000	0.0000	0.0000	0.0000	0.0000	0.0000	0.0000	0.0000	0.0000	0.0000	0.0000	0.0000	0.0000	0.0000	0.0000	0.0000	0.0000	0.0000	0.0000	0.0000	0.0000	0.0000	0.0000	0.0000	0.0000	0.0000	0.0000	0.0000	0.0000	0.0000	0.0000	0.0000	0.0000	0.0000	0.0000	0.0000	0.0000	0.0000	0.0000	0.0000	0.0000	0.0000	0.0000	0.0000	0.0000	0.0000	0.0000	0.0000	0.0000	0.0000	0.0000	0.0000											
96	103	0.0510	2	1	1	1	0	0	0	0	0	N	N	N	N	N	N	N	N	N	N	N	N	inf	inf	inf	inf	1.1493	0.0000	11.5309	0.0000	0.0000	0.0000	2.2716	0.0000	11.8006	0.0000	0.0000	0.0000	0.0000	0.0000	0.0000	0.0000	0.0000	0.0000	inf	0.0000	0.0000	4.0000	0.0000	0.0000	1.0091	0.0000	0.0000	0.0000	0.0000	0.0000	0.0000	0.0000	0.0000	0.0000	0.0000	0.0000	0.0000	0.0000	0.0000	0.0000	0.0000	0.0000	0.0000	0.0000	0.0000	0.0000	0.0000	0.0000	0.0000	0.0000	0.0000	0.0000	0.0069	0.0023	0.0047	0.0000	0.0000	0.0000	0.0069	0.0023	0.0047	inf	0.0000	inf	0.0000	0.0000	0.0000	inf	0.0000	inf	0.0000	0.0000	0.0000	0.0000	0.0000	0.0000	0.0000	0.0000	0.0000						
96	104	0.5785	4	0	2	0	0	0	0	0	0	N	Y	N	N	N	N	N	N	N	N	N	N	0.0000	0.0000	0.0000	0.0000	0.0000	0.0000	0.0000	0.0000	0.0000	0.0000	0.0000	0.0000	0.0000	0.0000	0.0000	0.0000	0.0000	0.0000	0.0000	0.0000	4.0000	7.9994	0.0000	4.0001	0.0000	0.0000	0.0000	0.0000	0.0000	0.0000	0.0000	0.0000	0.0000	0.0000	0.0000	0.0000	0.0000	0.0000	0.0000	0.0000	0.0000	0.0000	0.6322	0.5708	0.0614	0.3786	0.3527	0.0259	0.2535	0.2180	0.0355	0.0422	0.0210	0.0212	0.0139	0.0118	0.0021	0.0283	0.0092	0.0191	0.0000	0.0000	0.0000	0.0000	0.0000	0.0000	0.0000	0.0000	0.0000	0.0000	0.0000	0.0000	0.0000	0.0000	0.0000	0.0000	0.0000	0.0000											
96	105	0.6410	8	1	1	1	0	0	0	0	0	N	N	N	N	N	N	N	N	N	N	N	N	0.0000	0.0000	0.0000	0.0000	0.0000	0.0000	0.0000	0.0000	0.0000	0.0000	0.0000	0.0000	0.0000	0.0000	0.0000	0.0000	0.0000	0.0000	0.0000	0.0000	4.0000	1.0000	0.0000	1.0005	0.0000	0.0000	0.0000	0.0000	0.0000	0.0000	0.0000	0.0000	0.0000	0.0000	0.0000	0.0000	0.0000	0.0000	0.0000	0.0000	0.0000	0.0000	0.0918	0.0851	0.0067	0.0740	0.0697	0.0043	0.0178	0.0154	0.0024	0.0044	0.0027	0.0017	0.0024	0.0020	0.0004	0.0020	0.0007	0.0013	0.0000	0.0000	0.0000	0.0000	0.0000	0.0000	0.0000	0.0000	0.0000	0.0000	0.0000	0.0000	0.0000	0.0000	0.0000	0.0000	0.0000	0.0000											
96	106	0.6375	7	1	1	1	0	0	0	0	0	N	N	N	N	N	N	N	N	N	N	N	N	inf	inf	inf	inf	inf	inf	0.0016	0.0016	0.0017	0.0000	0.0000	0.0000	0.0084	0.0092	0.0042	0.0000	0.0000	0.0000	0.0000	0.0000	0.0000	0.0000	0.0000	0.0000	0.0833	-0.0000	0.0000	4.0000	0.7249	0.0000	0.0368	0.0001	0.0001	0.0000	0.0000	0.0000	0.0000	0.0001	0.0001	0.0000	0.0000	0.0000	0.0000	0.0000	0.0000	0.0000	0.0000	0.0000	0.0000	0.0805	0.0746	0.0059	0.0651	0.0616	0.0035	0.0154	0.0130	0.0024	0.0018	0.0011	0.0007	0.0010	0.0008	0.0002	0.0008	0.0003	0.0005	inf	inf	inf	0.0000	0.0000	0.0000	inf	inf	inf	0.0000	0.0000	0.0000	0.0000	0.0000	0.0000	0.0000	0.0000	0.0000				
96	107	0.6360	6	1	1	1	0	0	0	0	0	N	N	N	N	N	N	N	N	N	N	N	N	inf	inf	inf	inf	inf	inf	inf	inf	0.0405	0.0064	0.5158	0.0029	0.0031	0.0000	0.2494	0.0263	1.6453	0.0000	0.0000	0.0000	0.0000	0.0000	0.0000	0.0000	0.0000	0.0000	5.8076	0.0013	0.0000	4.0000	0.4159	0.0000	0.0887	0.0021	0.0003	0.0018	0.0001	0.0001	0.0000	0.0020	0.0002	0.0018	0.0000	0.0000	0.0000	0.0000	0.0000	0.0000	0.0000	0.0000	0.0000	0.0521	0.0486	0.0035	0.0442	0.0418	0.0024	0.0079	0.0068	0.0011	0.0014	0.0009	0.0005	0.0007	0.0006	0.0001	0.0006	0.0002	0.0004	inf	inf	inf	inf	inf	0.0000	inf	inf	inf	0.0000	0.0000	0.0000	0.0000	0.0000	0.0000	0.0000	0.0000	0.0000		
96	108	0.6198	5	1	1	0	0	0	0	0	0	N	N	N	N	N	N	N	N	N	N	N	N	inf	inf	inf	inf	inf	inf	inf	2.9597	0.0006	36.5532	0.0007	0.0008	0.0000	12.1066	0.0000	84.7050	0.0000	0.0000	0.0000	0.0000	0.0000	0.0000	0.0000	0.0000	0.0000	5545.5556	0.7384	0.0000	4.0000	3.9943	0.0000	0.9974	0.9984	0.0002	0.9982	0.0002	0.0002	0.0000	0.9982	0.0000	0.9982	0.0000	0.0000	0.0000	0.0000	0.0000	0.0000	0.0000	0.0000	0.0000	0.3373	0.3100	0.0273	0.2549	0.2394	0.0155	0.0825	0.0707	0.0118	0.0130	0.0073	0.0057	0.0064	0.0055	0.0009	0.0065	0.0018	0.0048	inf	inf	inf	inf	inf	0.0000	inf	0.0000	inf	0.0000	0.0000	0.0000	0.0000	0.0000	0.0000	0.0000	0.0000	0.0000			
96	109	0.0510	2	1	1	1	0	0	0	0	0	N	N	N	N	N	N	N	N	N	N	N	N	inf	inf	inf	inf	1.1493	0.0000	11.5309	0.0000	0.0000	0.0000	2.2716	0.0000	11.8006	0.0000	0.0000	0.0000	0.0000	0.0000	0.0000	0.0000	0.0000	0.0000	inf	0.0000	0.0000	4.0000	0.0000	0.0000	0.9909	0.0000	0.0000	0.0000	0.0000	0.0000	0.0000	0.0000	0.0000	0.0000	0.0000	0.0000	0.0000	0.0000	0.0000	0.0000	0.0000	0.0000	0.0000	0.0000	0.0000	0.0000	0.0000	0.0000	0.0000	0.0000	0.0000	0.0000	0.0068	0.0022	0.0046	0.0000	0.0000	0.0000	0.0068	0.0022	0.0046	inf	0.0000	inf	0.0000	0.0000	0.0000	inf	0.0000	inf	0.0000	0.0000	0.0000	0.0000	0.0000	0.0000	0.0000	0.0000	0.0000						
96	112	0.6244	5	0	1	1	0	0	0	0	0	N	N	N	N	N	N	N	N	N	N	N	N	0.0000	0.0000	0.0000	0.0000	0.0000	0.0000	0.0000	0.0000	0.0000	0.0000	0.0000	0.0000	0.0000	0.0000	0.0000	0.0000	0.0000	0.0000	0.0000	0.0000	4.0000	0.0000	0.0000	0.0001	0.0000	0.0000	0.0000	0.0000	0.0000	0.0000	0.0000	0.0000	0.0000	0.0000	0.0000	0.0000	0.0000	0.0000	0.0000	0.0000	0.0000	0.0000	0.0000	0.0000	0.0000	0.0000	0.0000	0.0000	0.0000	0.0000	0.0000	0.0000	0.0000	0.0000	0.0000	0.0000	0.0000	0.0000	0.0000	0.0000	0.0000	0.0000	0.0000	0.0000	0.0000	0.0000	0.0000	0.0000	0.0000	0.0000	0.0000	0.0000	0.0000	0.0000	0.0000	0.0000	0.0000	0.0000											
96	113	0.5785	4	0	1	1	0	0	0	0	0	N	N	N	N	N	N	N	N	N	N	N	N	0.0000	0.0000	0.0000	0.0000	0.0000	0.0000	0.0000	0.0000	0.0000	0.0000	0.0000	0.0000	0.0000	0.0000	0.0000	0.0000	0.0000	0.0000	0.0000	0.0000	4.0000	4.0004	0.0000	4.9999	0.0000	0.0000	0.0000	0.0000	0.0000	0.0000	0.0000	0.0000	0.0000	0.0000	0.0000	0.0000	0.0000	0.0000	0.0000	0.0000	0.0000	0.0000	0.3507	0.3164	0.0343	0.2156	0.2005	0.0151	0.1351	0.1159	0.0192	0.0328	0.0163	0.0166	0.0107	0.0091	0.0016	0.0221	0.0072	0.0149	0.0000	0.0000	0.0000	0.0000	0.0000	0.0000	0.0000	0.0000	0.0000	0.0000	0.0000	0.0000	0.0000	0.0000	0.0000	0.0000	0.0000	0.0000											
96	114	0.0550	2	0	2	0	0	0	0	0	0	N	Y	N	N	N	N	N	N	N	N	N	N	inf	inf	inf	inf	0.0000	0.0000	0.0000	0.0002	0.0002	0.0000	0.0000	0.0000	0.0000	0.0000	0.0000	0.0000	0.0000	0.0000	0.0000	0.0000	0.0000	0.0000	0.0000	-0.0000	0.0000	4.0000	4.3361	0.0000	4.6323	0.0000	0.0000	0.0000	0.0000	0.0000	0.0000	0.0000	0.0000	0.0000	0.0000	0.0000	0.0000	0.0000	0.0000	0.0000	0.0000	0.0000	0.0000	0.4553	0.4062	0.0491	0.0469	0.0443	0.0026	0.4084	0.3619	0.0465	0.0981	0.0537	0.0444	0.0162	0.0150	0.0012	0.0820	0.0387	0.0433	inf	inf	0.0000	inf	inf	0.0000	0.0000	0.0000	0.0000	0.0000	0.0000	0.0000	0.0000	0.0000	0.0000	0.0000	0.0000	0.0000						
96	116	0.5785	4	0	2	0	1	0	0	0	0	N	Y	N	N	N	N	N	N	N	N	N	N	inf	inf	inf	inf	2.3439	2.5976	0.0000	3.8386	4.1257	0.0000	0.0000	0.0000	0.0000	0.0000	0.0000	0.0000	0.0000	0.0000	0.0000	0.0000	0.0000	0.0000	0.0000	-0.2602	0.0000	4.0000	5.0006	0.0000	2.0000	1.0000	1.0000	0.0000	1.0000	1.0000	0.0000	0.0000	0.0000	0.0000	0.0000	0.0000	0.0000	0.0000	0.0000	0.0000	0.0000	0.0000	0.0000	0.4266	0.3850	0.0417	0.2605	0.2424	0.0181	0.1661	0.1426	0.0235	0.0261	0.0129	0.0132	0.0085	0.0072	0.0013	0.0177	0.0057	0.0120	inf	inf	0.0000	inf	inf	0.0000	0.0000	0.0000	0.0000	0.0000	0.0000	0.0000	0.0000	0.0000	0.0000	0.0000	0.0000	0.0000						
96	118	0.5785	4	0	2	0	0	0	0	0	0	N	Y	N	N	N	N	N	N	N	N	N	N	inf	inf	inf	inf	0.9064	0.0000	9.4833	0.0000	0.0000	0.0000	2.1132	0.0000	15.6603	0.0000	0.0000	0.0000	0.0000	0.0000	0.0000	0.0000	0.0000	0.0000	inf	0.7398	0.0000	4.0000	16.9994	0.0000	6.0000	1.0000	0.0000	1.0000	0.0000	0.0000	0.0000	1.0000	0.0000	1.0000	0.0000	0.0000	0.0000	0.0000	0.0000	0.0000	0.0000	0.0000	0.0000	1.1032	0.9978	0.1054	0.6300	0.5884	0.0416	0.4732	0.4094	0.0639	0.0714	0.0360	0.0354	0.0243	0.0206	0.0037	0.0471	0.0154	0.0317	inf	0.0000	inf	0.0000	0.0000	0.0000	inf	0.0000	inf	0.0000	0.0000	0.0000	0.0000	0.0000	0.0000	0.0000	0.0000	0.0000						
96	120	0.0505	2	0	2	0	0	0	0	0	0	N	Y	N	N	N	N	N	N	N	N	N	N	inf	inf	inf	inf	inf	inf	0.1218	0.0000	1.3090	0.0025	0.0000	0.0581	0.1948	0.0000	1.5690	0.0000	0.0000	0.0000	0.0000	0.0000	0.0000	0.0000	0.0000	0.0000	inf	0.0097	0.0000	4.0000	0.9998	0.0000	0.9486	0.0131	0.0000	0.0131	0.0001	0.0000	0.0001	0.0130	0.0000	0.0130	0.0000	0.0000	0.0000	0.0000	0.0000	0.0000	0.0000	0.0000	0.0000	0.1075	0.0975	0.0100	0.0408	0.0391	0.0017	0.0667	0.0584	0.0083	0.0199	0.0081	0.0118	0.0032	0.0031	0.0001	0.0167	0.0049	0.0117	inf	0.0000	inf	inf	0.0000	inf	inf	0.0000	inf	0.0000	0.0000	0.0000	0.0000	0.0000	0.0000	0.0000	0.0000	0.0000				
96	122	0.6198	5	0	2	0	0	0	0	0	0	N	Y	N	N	N	N	N	N	N	N	N	N	0.0000	0.0000	0.0000	0.0000	0.0000	0.0000	0.0000	0.0000	0.0000	0.0000	0.0000	0.0000	0.0000	0.0000	0.0000	0.0000	0.0000	0.0000	0.0000	0.0000	4.0000	2.0001	0.0000	3.0000	0.0000	0.0000	0.0000	0.0000	0.0000	0.0000	0.0000	0.0000	0.0000	0.0000	0.0000	0.0000	0.0000	0.0000	0.0000	0.0000	0.0000	0.0000	0.1805	0.1660	0.0145	0.1384	0.1300	0.0084	0.0421	0.0360	0.0061	0.0130	0.0073	0.0057	0.0064	0.0055	0.0009	0.0065	0.0018	0.0048	0.0000	0.0000	0.0000	0.0000	0.0000	0.0000	0.0000	0.0000	0.0000	0.0000	0.0000	0.0000	0.0000	0.0000	0.0000	0.0000	0.0000	0.0000											
96	123	0.5785	4	0	1	0	0	0	0	0	0	N	N	N	N	N	N	N	N	N	N	N	N	0.0000	0.0000	0.0000	0.0000	0.0000	0.0000	0.0000	0.0000	0.0000	0.0000	0.0000	0.0000	0.0000	0.0000	0.0000	0.0000	0.0000	0.0000	0.0000	0.0000	4.0000	6.9986	0.0000	2.0000	0.0000	0.0000	0.0000	0.0000	0.0000	0.0000	0.0000	0.0000	0.0000	0.0000	0.0000	0.0000	0.0000	0.0000	0.0000	0.0000	0.0000	0.0000	0.5670	0.5118	0.0552	0.3417	0.3182	0.0235	0.2253	0.1936	0.0317	0.0328	0.0163	0.0166	0.0107	0.0091	0.0016	0.0221	0.0072	0.0149	0.0000	0.0000	0.0000	0.0000	0.0000	0.0000	0.0000	0.0000	0.0000	0.0000	0.0000	0.0000	0.0000	0.0000	0.0000	0.0000	0.0000	0.0000											
96	124	0.0559	2	0	2	0	0	0	0	0	0	N	Y	N	N	N	N	N	N	N	N	N	N	inf	inf	inf	inf	inf	inf	1.3113	0.0000	12.9650	0.0007	0.0000	0.0167	1.5126	0.0000	13.7160	0.0000	0.0000	0.0000	0.0000	0.0000	0.0000	0.0000	0.0000	0.0000	inf	0.7353	0.0000	4.0000	3.9006	0.0000	3.1543	0.9940	0.0000	0.9940	0.0001	0.0000	0.0001	0.9939	0.0000	0.9939	0.0000	0.0000	0.0000	0.0000	0.0000	0.0000	0.0000	0.0000	0.0000	0.7580	0.6813	0.0767	0.1009	0.0967	0.0042	0.6571	0.5846	0.0725	0.1058	0.0479	0.0579	0.0125	0.0122	0.0003	0.0933	0.0357	0.0576	inf	0.0000	inf	inf	0.0000	inf	inf	0.0000	inf	0.0000	0.0000	0.0000	0.0000	0.0000	0.0000	0.0000	0.0000	0.0000				
96	126	0.5785	4	0	2	0	0	0	0	0	0	N	Y	N	N	N	N	N	N	N	N	N	N	0.0000	0.0000	0.0000	0.0000	0.0000	0.0000	0.0000	0.0000	0.0000	0.0000	0.0000	0.0000	0.0000	0.0000	0.0000	0.0000	0.0000	0.0000	0.0000	0.0000	4.0000	0.9996	0.0000	8.0005	0.0000	0.0000	0.0000	0.0000	0.0000	0.0000	0.0000	0.0000	0.0000	0.0000	0.0000	0.0000	0.0000	0.0000	0.0000	0.0000	0.0000	0.0000	0.0956	0.0862	0.0094	0.0601	0.0558	0.0043	0.0355	0.0304	0.0051	0.0328	0.0163	0.0166	0.0107	0.0091	0.0016	0.0221	0.0072	0.0149	0.0000	0.0000	0.0000	0.0000	0.0000	0.0000	0.0000	0.0000	0.0000	0.0000	0.0000	0.0000	0.0000	0.0000	0.0000	0.0000	0.0000	0.0000											
96	127	0.4839	4	0	1	0	0	0	0	0	0	N	N	N	N	N	N	N	N	N	N	N	N	inf	inf	inf	inf	0.0000	0.0000	0.0000	0.0000	0.0000	0.0000	0.0000	0.0000	0.0000	0.0000	0.0000	0.0000	0.0000	0.0000	0.0000	0.0000	0.0000	0.0000	0.0000	-0.0000	0.0000	4.0000	3.6536	0.0000	12.3970	0.0000	0.0000	0.0000	0.0000	0.0000	0.0000	0.0000	0.0000	0.0000	0.0000	0.0000	0.0000	0.0000	0.0000	0.0000	0.0000	0.0000	0.0000	0.3479	0.3132	0.0347	0.2235	0.2065	0.0170	0.1244	0.1067	0.0178	0.0690	0.0377	0.0314	0.0257	0.0226	0.0031	0.0434	0.0151	0.0283	inf	inf	0.0000	inf	inf	0.0000	0.0000	0.0000	0.0000	0.0000	0.0000	0.0000	0.0000	0.0000	0.0000	0.0000	0.0000	0.0000						
96	128	0.2728	2	0	1	0	0	0	0	0	0	N	N	N	N	N	N	N	N	N	N	N	N	inf	inf	inf	inf	inf	inf	0.1131	0.1252	0.0000	0.2030	0.2173	0.0000	0.0125	0.0143	0.0000	0.0000	0.0000	0.0000	0.0000	0.0000	0.0000	0.0000	0.0000	0.0000	0.0000	-0.0173	0.0000	4.0000	5.3495	0.0000	12.4099	0.0666	0.0666	0.0000	0.0631	0.0631	0.0000	0.0035	0.0035	0.0000	0.0000	0.0000	0.0000	0.0000	0.0000	0.0000	0.0000	0.0000	0.0000	0.5889	0.5319	0.0570	0.3111	0.2906	0.0205	0.2779	0.2413	0.0365	0.1277	0.0678	0.0599	0.0444	0.0398	0.0045	0.0833	0.0280	0.0553	inf	inf	0.0000	inf	inf	0.0000	inf	inf	0.0000	0.0000	0.0000	0.0000	0.0000	0.0000	0.0000	0.0000	0.0000	0.0000				
96	129	0.6900	10	0	2	0	1	0	0	0	0	N	Y	N	N	N	N	N	N	N	N	N	N	0.0000	0.0000	0.0000	0.0000	0.0000	0.0000	0.0000	0.0000	0.0000	0.0000	0.0000	0.0000	0.0000	0.0000	0.0000	0.0000	0.0000	0.0000	0.0000	0.0000	4.0000	0.0000	0.0000	0.0000	0.0000	0.0000	0.0000	0.0000	0.0000	0.0000	0.0000	0.0000	0.0000	0.0000	0.0000	0.0000	0.0000	0.0000	0.0000	0.0000	0.0000	0.0000	0.0000	0.0000	0.0000	0.0000	0.0000	0.0000	0.0000	0.0000	0.0000	0.0000	0.0000	0.0000	0.0000	0.0000	0.0000	0.0000	0.0000	0.0000	0.0000	0.0000	0.0000	0.0000	0.0000	0.0000	0.0000	0.0000	0.0000	0.0000	0.0000	0.0000	0.0000	0.0000	0.0000	0.0000	0.0000	0.0000											
96	130	0.6737	9	0	2	0	1	0	0	0	0	N	Y	N	N	N	N	N	N	N	N	N	N	0.0000	0.0000	0.0000	0.0000	0.0000	0.0000	0.0000	0.0000	0.0000	0.0000	0.0000	0.0000	0.0000	0.0000	0.0000	0.0000	0.0000	0.0000	0.0000	0.0000	4.0000	0.0000	0.0000	3.0001	0.0000	0.0000	0.0000	0.0000	0.0000	0.0000	0.0000	0.0000	0.0000	0.0000	0.0000	0.0000	0.0000	0.0000	0.0000	0.0000	0.0000	0.0000	0.0000	0.0000	0.0000	0.0000	0.0000	0.0000	0.0000	0.0000	0.0000	0.0072	0.0044	0.0028	0.0040	0.0034	0.0006	0.0032	0.0010	0.0023	0.0000	0.0000	0.0000	0.0000	0.0000	0.0000	0.0000	0.0000	0.0000	0.0000	0.0000	0.0000	0.0000	0.0000	0.0000	0.0000	0.0000	0.0000											
96	131	0.6640	8	0	2	0	0	0	0	0	0	N	Y	N	N	N	N	N	N	N	N	N	N	0.0000	0.0000	0.0000	0.0000	0.0000	0.0000	0.0000	0.0000	0.0000	0.0000	0.0000	0.0000	0.0000	0.0000	0.0000	0.0000	0.0000	0.0000	0.0000	0.0000	4.0000	0.0000	0.0000	0.0000	0.0000	0.0000	0.0000	0.0000	0.0000	0.0000	0.0000	0.0000	0.0000	0.0000	0.0000	0.0000	0.0000	0.0000	0.0000	0.0000	0.0000	0.0000	0.0000	0.0000	0.0000	0.0000	0.0000	0.0000	0.0000	0.0000	0.0000	0.0000	0.0000	0.0000	0.0000	0.0000	0.0000	0.0000	0.0000	0.0000	0.0000	0.0000	0.0000	0.0000	0.0000	0.0000	0.0000	0.0000	0.0000	0.0000	0.0000	0.0000	0.0000	0.0000	0.0000	0.0000	0.0000	0.0000											
96	132	0.6737	9	0	1	1	1	0	0	0	0	N	N	N	N	N	N	N	N	N	N	N	N	0.0000	0.0000	0.0000	0.0000	0.0000	0.0000	0.0000	0.0000	0.0000	0.0000	0.0000	0.0000	0.0000	0.0000	0.0000	0.0000	0.0000	0.0000	0.0000	0.0000	4.0000	0.0000	0.0000	1.9999	0.0000	0.0000	0.0000	0.0000	0.0000	0.0000	0.0000	0.0000	0.0000	0.0000	0.0000	0.0000	0.0000	0.0000	0.0000	0.0000	0.0000	0.0000	0.0000	0.0000	0.0000	0.0000	0.0000	0.0000	0.0000	0.0000	0.0000	0.0049	0.0030	0.0019	0.0027	0.0023	0.0004	0.0022	0.0007	0.0015	0.0000	0.0000	0.0000	0.0000	0.0000	0.0000	0.0000	0.0000	0.0000	0.0000	0.0000	0.0000	0.0000	0.0000	0.0000	0.0000	0.0000	0.0000											
96	133	0.6847	10	0	1	1	1	0	0	0	0	N	N	N	N	N	N	N	N	N	N	N	N	0.0000	0.0000	0.0000	0.0000	0.0000	0.0000	0.0000	0.0000	0.0000	0.0000	0.0000	0.0000	0.0000	0.0000	0.0000	0.0000	0.0000	0.0000	0.0000	0.0000	4.0000	1.0000	0.0000	0.0000	0.0000	0.0000	0.0000	0.0000	0.0000	0.0000	0.0000	0.0000	0.0000	0.0000	0.0000	0.0000	0.0000	0.0000	0.0000	0.0000	0.0000	0.0000	0.0985	0.0909	0.0076	0.0804	0.0754	0.0049	0.0181	0.0155	0.0026	0.0022	0.0013	0.0009	0.0011	0.0010	0.0001	0.0011	0.0003	0.0008	0.0000	0.0000	0.0000	0.0000	0.0000	0.0000	0.0000	0.0000	0.0000	0.0000	0.0000	0.0000	0.0000	0.0000	0.0000	0.0000	0.0000	0.0000											
96	134	0.6847	10	0	1	1	1	0	0	0	0	N	N	N	N	N	N	N	N	N	N	N	N	0.0000	0.0000	0.0000	0.0000	0.0000	0.0000	0.0000	0.0000	0.0000	0.0000	0.0000	0.0000	0.0000	0.0000	0.0000	0.0000	0.0000	0.0000	0.0000	0.0000	4.0000	0.0000	0.0000	0.0000	0.0000	0.0000	0.0000	0.0000	0.0000	0.0000	0.0000	0.0000	0.0000	0.0000	0.0000	0.0000	0.0000	0.0000	0.0000	0.0000	0.0000	0.0000	0.0000	0.0000	0.0000	0.0000	0.0000	0.0000	0.0000	0.0000	0.0000	0.0000	0.0000	0.0000	0.0000	0.0000	0.0000	0.0000	0.0000	0.0000	0.0000	0.0000	0.0000	0.0000	0.0000	0.0000	0.0000	0.0000	0.0000	0.0000	0.0000	0.0000	0.0000	0.0000	0.0000	0.0000	0.0000	0.0000											
96	135	0.6737	9	0	1	1	1	0	0	0	0	N	N	N	N	N	N	N	N	N	N	N	N	inf	inf	inf	inf	inf	inf	0.0130	0.0000	0.1663	0.0161	0.0000	0.2597	0.0005	0.0000	0.0036	0.0000	0.0000	0.0000	0.0000	0.0000	0.0000	0.0000	0.0000	0.0000	inf	0.0019	0.0000	4.0000	2.0025	0.0000	0.9943	0.0025	0.0000	0.0025	0.0025	0.0000	0.0025	0.0000	0.0000	0.0000	0.0000	0.0000	0.0000	0.0000	0.0000	0.0000	0.0000	0.0000	0.0000	0.1947	0.1795	0.0152	0.1562	0.1465	0.0097	0.0385	0.0330	0.0055	0.0072	0.0044	0.0028	0.0040	0.0034	0.0006	0.0032	0.0010	0.0023	inf	0.0000	inf	inf	0.0000	inf	inf	0.0000	inf	0.0000	0.0000	0.0000	0.0000	0.0000	0.0000	0.0000	0.0000	0.0000				
96	136	0.6737	8	0	1	0	1	0	0	0	0	N	N	N	N	N	N	N	N	N	N	N	N	inf	inf	inf	inf	inf	inf	inf	inf	inf	2.0319	1.1299	10.0779	2.1147	1.1778	10.6769	0.1874	0.0006	1.2532	0.0000	0.0000	0.0000	0.0000	0.0000	0.0000	0.0000	0.0000	0.0000	0.9999	0.0012	0.0000	4.0000	0.0050	0.0000	0.0173	0.0050	0.0025	0.0025	0.0050	0.0025	0.0025	0.0000	0.0000	0.0000	0.0000	0.0000	0.0000	0.0000	0.0000	0.0000	0.0000	0.0000	0.0000	0.0025	0.0022	0.0003	0.0024	0.0021	0.0002	0.0001	0.0001	0.0000	0.0001	0.0000	0.0000	0.0000	0.0000	0.0000	0.0000	0.0000	0.0000	inf	inf	inf	inf	inf	inf	inf	inf	inf	0.0000	0.0000	0.0000	0.0000	0.0000	0.0000	0.0000	0.0000	0.0000	
96	137	0.6640	7	0	1	0	1	0	0	0	0	N	N	N	N	N	N	N	N	N	N	N	N	inf	inf	inf	inf	inf	inf	6.6736	0.0004	77.2988	8.7801	0.0006	129.5379	0.0000	0.0000	0.0000	0.0000	0.0000	0.0000	0.0000	0.0000	0.0000	0.0000	0.0000	0.0000	16471.8275	0.7378	0.0000	4.0000	1.9972	0.0000	1.0076	0.9973	0.0001	0.9973	0.9973	0.0001	0.9973	0.0000	0.0000	0.0000	0.0000	0.0000	0.0000	0.0000	0.0000	0.0000	0.0000	0.0000	0.0000	0.1494	0.1365	0.0129	0.1136	0.1059	0.0077	0.0359	0.0307	0.0052	0.0063	0.0040	0.0023	0.0040	0.0035	0.0006	0.0023	0.0005	0.0017	inf	inf	inf	inf	inf	inf	0.0000	0.0000	0.0000	0.0000	0.0000	0.0000	0.0000	0.0000	0.0000	0.0000	0.0000	0.0000				
96	138	0.6468	6	1	2	0	0	0	0	0	0	N	Y	N	N	N	N	N	N	N	N	N	N	0.0000	0.0000	0.0000	0.0000	0.0000	0.0000	0.0000	0.0000	0.0000	0.0000	0.0000	0.0000	0.0000	0.0000	0.0000	0.0000	0.0000	0.0000	0.0000	0.0000	4.0000	0.0002	0.0000	2.3255	0.0000	0.0000	0.0000	0.0000	0.0000	0.0000	0.0000	0.0000	0.0000	0.0000	0.0000	0.0000	0.0000	0.0000	0.0000	0.0000	0.0000	0.0000	0.0000	0.0000	0.0000	0.0000	0.0000	0.0000	0.0000	0.0000	0.0000	0.0076	0.0046	0.0030	0.0036	0.0032	0.0004	0.0040	0.0014	0.0025	0.0000	0.0000	0.0000	0.0000	0.0000	0.0000	0.0000	0.0000	0.0000	0.0000	0.0000	0.0000	0.0000	0.0000	0.0000	0.0000	0.0000	0.0000											
96	139	0.6289	5	1	2	0	0	0	0	0	0	N	Y	N	N	N	N	N	N	N	N	N	N	inf	inf	inf	inf	inf	inf	inf	inf	inf	5.3725	0.0307	60.9100	0.0380	0.0404	0.0034	20.2727	0.0010	131.0936	0.0000	0.0000	0.0000	0.0000	0.0000	0.0000	0.0000	0.0000	0.0000	190.5942	0.7319	0.0000	4.0000	2.0138	0.0000	2.7349	0.9963	0.0052	0.9911	0.0052	0.0052	0.0000	0.9911	0.0000	0.9911	0.0000	0.0000	0.0000	0.0000	0.0000	0.0000	0.0000	0.0000	0.0000	0.1854	0.1692	0.0163	0.1366	0.1278	0.0087	0.0489	0.0413	0.0076	0.0216	0.0124	0.0092	0.0100	0.0091	0.0009	0.0116	0.0033	0.0083	inf	inf	inf	inf	inf	inf	inf	inf	inf	0.0000	0.0000	0.0000	0.0000	0.0000	0.0000	0.0000	0.0000	0.0000	
96	140	0.6454	6	0	2	0	0	0	0	0	0	N	Y	N	N	N	N	N	N	N	N	N	N	inf	inf	inf	inf	inf	inf	1.2742	1.3512	0.0000	1.4987	1.5668	0.0000	0.0380	0.0437	0.0000	0.0000	0.0000	0.0000	0.0000	0.0000	0.0000	0.0000	0.0000	0.0000	0.0000	-0.1397	0.0000	4.0000	1.9232	0.0000	1.1116	0.5369	0.5369	0.0000	0.5344	0.5344	0.0000	0.0025	0.0025	0.0000	0.0000	0.0000	0.0000	0.0000	0.0000	0.0000	0.0000	0.0000	0.0000	0.4214	0.3973	0.0240	0.3566	0.3411	0.0155	0.0648	0.0562	0.0085	0.0068	0.0043	0.0025	0.0042	0.0036	0.0006	0.0026	0.0007	0.0020	inf	inf	0.0000	inf	inf	0.0000	inf	inf	0.0000	0.0000	0.0000	0.0000	0.0000	0.0000	0.0000	0.0000	0.0000	0.0000				
96	141	0.0416	2	0	2	0	0	0	0	0	0	N	Y	N	N	N	N	N	N	N	N	N	N	0.0000	0.0000	0.0000	0.0000	0.0000	0.0000	0.0000	0.0000	0.0000	0.0000	0.0000	0.0000	0.0000	0.0000	0.0000	0.0000	0.0000	0.0000	0.0000	0.0000	4.0000	3.0000	0.0000	1.0000	0.0000	0.0000	0.0000	0.0000	0.0000	0.0000	0.0000	0.0000	0.0000	0.0000	0.0000	0.0000	0.0000	0.0000	0.0000	0.0000	0.0000	0.0000	0.5895	0.5259	0.0636	0.0570	0.0543	0.0027	0.5325	0.4716	0.0608	0.0649	0.0281	0.0368	0.0000	0.0000	0.0000	0.0649	0.0281	0.0368	0.0000	0.0000	0.0000	0.0000	0.0000	0.0000	0.0000	0.0000	0.0000	0.0000	0.0000	0.0000	0.0000	0.0000	0.0000	0.0000	0.0000	0.0000											
96	145	0.6640	8	1	2	0	0	0	0	0	0	N	Y	N	N	N	N	N	N	N	N	N	N	0.0000	0.0000	0.0000	0.0000	0.0000	0.0000	0.0000	0.0000	0.0000	0.0000	0.0000	0.0000	0.0000	0.0000	0.0000	0.0000	0.0000	0.0000	0.0000	0.0000	4.0000	1.0000	0.0000	1.0000	0.0000	0.0000	0.0000	0.0000	0.0000	0.0000	0.0000	0.0000	0.0000	0.0000	0.0000	0.0000	0.0000	0.0000	0.0000	0.0000	0.0000	0.0000	0.0767	0.0701	0.0066	0.0586	0.0546	0.0040	0.0181	0.0155	0.0026	0.0042	0.0027	0.0015	0.0027	0.0023	0.0004	0.0015	0.0004	0.0012	0.0000	0.0000	0.0000	0.0000	0.0000	0.0000	0.0000	0.0000	0.0000	0.0000	0.0000	0.0000	0.0000	0.0000	0.0000	0.0000	0.0000	0.0000											
96	146	0.6640	7	0	2	0	0	0	0	0	0	N	Y	N	N	N	N	N	N	N	N	N	N	inf	inf	inf	inf	1.0335	1.1444	0.0000	1.1055	1.2221	0.0000	0.0000	0.0000	0.0000	0.0000	0.0000	0.0000	0.0000	0.0000	0.0000	0.0000	0.0000	0.0000	0.0000	-0.0001	0.0000	4.0000	0.0003	0.0000	0.0000	0.0002	0.0002	0.0000	0.0002	0.0002	0.0000	0.0000	0.0000	0.0000	0.0000	0.0000	0.0000	0.0000	0.0000	0.0000	0.0000	0.0000	0.0000	0.0002	0.0002	0.0000	0.0002	0.0002	0.0000	0.0000	0.0000	0.0000	0.0000	0.0000	0.0000	0.0000	0.0000	0.0000	0.0000	0.0000	0.0000	inf	inf	0.0000	inf	inf	0.0000	0.0000	0.0000	0.0000	0.0000	0.0000	0.0000	0.0000	0.0000	0.0000	0.0000	0.0000	0.0000						
96	147	0.6454	6	0	1	0	0	0	0	0	0	N	N	N	N	N	N	N	N	N	N	N	N	inf	inf	inf	inf	inf	inf	inf	inf	inf	3.3280	3.5829	0.0049	4.1483	4.3875	0.0080	0.0209	0.0243	0.0000	0.0000	0.0000	0.0000	0.0000	0.0000	0.0000	0.0000	0.0000	0.0000	0.0001	-0.5123	0.0000	4.0000	4.9449	0.0000	1.0063	1.9696	1.9694	0.0002	1.9671	1.9669	0.0002	0.0025	0.0025	0.0000	0.0000	0.0000	0.0000	0.0000	0.0000	0.0000	0.0000	0.0000	0.0000	0.5918	0.5497	0.0422	0.4742	0.4483	0.0259	0.1176	0.1014	0.0163	0.0128	0.0081	0.0048	0.0079	0.0068	0.0011	0.0050	0.0013	0.0037	inf	inf	inf	inf	inf	inf	inf	inf	inf	0.0000	0.0000	0.0000	0.0000	0.0000	0.0000	0.0000	0.0000	0.0000	
96	148	0.6289	5	0	1	0	0	0	0	0	0	N	N	N	N	N	N	N	N	N	N	N	N	inf	inf	inf	inf	inf	inf	inf	inf	inf	2.1722	2.3620	0.2877	3.0778	3.2533	0.5688	0.0007	0.0006	0.0016	0.0000	0.0000	0.0000	0.0000	0.0000	0.0000	0.0000	0.0000	0.0000	0.0123	-0.1494	0.0000	4.0000	3.4778	0.0000	1.2917	0.6023	0.5950	0.0073	0.6022	0.5950	0.0073	0.0001	0.0000	0.0000	0.0000	0.0000	0.0000	0.0000	0.0000	0.0000	0.0000	0.0000	0.0000	0.2773	0.2519	0.0254	0.1957	0.1829	0.0128	0.0816	0.0690	0.0126	0.0216	0.0124	0.0092	0.0100	0.0091	0.0009	0.0116	0.0033	0.0083	inf	inf	inf	inf	inf	inf	inf	inf	inf	0.0000	0.0000	0.0000	0.0000	0.0000	0.0000	0.0000	0.0000	0.0000	
96	149	0.5785	4	0	1	0	0	0	0	0	0	N	N	N	N	N	N	N	N	N	N	N	N	inf	inf	inf	inf	inf	inf	inf	inf	inf	0.0228	0.0092	0.1490	0.0140	0.0148	0.0024	0.0360	0.0001	0.2564	0.0000	0.0000	0.0000	0.0000	0.0000	0.0000	0.0000	0.0000	0.0000	1.7350	0.0053	0.0000	4.0000	7.8050	0.0000	4.0035	0.0141	0.0052	0.0090	0.0052	0.0051	0.0001	0.0089	0.0000	0.0089	0.0000	0.0000	0.0000	0.0000	0.0000	0.0000	0.0000	0.0000	0.0000	0.6197	0.5595	0.0602	0.3716	0.3462	0.0255	0.2481	0.2134	0.0347	0.0416	0.0207	0.0209	0.0137	0.0116	0.0021	0.0279	0.0091	0.0189	inf	inf	inf	inf	inf	inf	inf	inf	inf	0.0000	0.0000	0.0000	0.0000	0.0000	0.0000	0.0000	0.0000	0.0000	
96	150	0.4839	4	0	1	0	0	0	0	0	0	N	N	N	N	N	N	N	N	N	N	N	N	inf	inf	inf	inf	0.0000	0.0000	0.0000	0.0000	0.0000	0.0000	0.0000	0.0000	0.0000	0.0000	0.0000	0.0000	0.0000	0.0000	0.0000	0.0000	0.0000	0.0000	0.0000	-0.0000	0.0000	4.0000	3.7255	0.0000	14.1767	0.0000	0.0000	0.0000	0.0000	0.0000	0.0000	0.0000	0.0000	0.0000	0.0000	0.0000	0.0000	0.0000	0.0000	0.0000	0.0000	0.0000	0.0000	0.3537	0.3184	0.0353	0.2270	0.2098	0.0172	0.1267	0.1086	0.0181	0.0737	0.0400	0.0337	0.0272	0.0239	0.0033	0.0464	0.0161	0.0304	inf	inf	0.0000	inf	inf	0.0000	0.0000	0.0000	0.0000	0.0000	0.0000	0.0000	0.0000	0.0000	0.0000	0.0000	0.0000	0.0000						
96	151	0.4676	3	0	1	0	0	0	0	0	0	N	N	N	N	N	N	N	N	N	N	N	N	inf	inf	inf	inf	0.0001	0.0002	0.0000	0.0000	0.0000	0.0000	0.0004	0.0004	0.0000	0.0000	0.0000	0.0000	0.0000	0.0000	0.0000	0.0000	0.0000	0.0000	0.0000	-0.0000	0.0000	4.0000	1.4205	0.0000	4.0377	0.0000	0.0000	0.0000	0.0000	0.0000	0.0000	0.0000	0.0000	0.0000	0.0000	0.0000	0.0000	0.0000	0.0000	0.0000	0.0000	0.0000	0.0000	0.1464	0.1317	0.0147	0.0930	0.0863	0.0066	0.0534	0.0454	0.0080	0.0422	0.0249	0.0173	0.0174	0.0161	0.0013	0.0248	0.0088	0.0160	inf	inf	0.0000	0.0000	0.0000	0.0000	inf	inf	0.0000	0.0000	0.0000	0.0000	0.0000	0.0000	0.0000	0.0000	0.0000	0.0000						
97	98	0.6038	4	0	0	0	0	0	0	0	0	N	N	N	N	N	N	N	N	N	N	N	N	0.0000	0.0000	0.0000	0.0000	0.0000	0.0000	0.0000	0.0000	0.0000	0.0000	0.0000	0.0000	0.0000	0.0000	0.0000	0.0000	0.0000	0.0000	0.0000	0.0000	3.9994	1.0000	4.0000	0.0000	0.0000	0.0000	0.0000	0.0000	0.0000	0.0000	0.0000	0.0000	0.0000	0.0000	0.0000	0.0000	0.0000	0.0000	0.0000	0.0000	0.0000	0.0000	0.1719	0.1550	0.0169	0.1074	0.0998	0.0076	0.0645	0.0553	0.0093	0.0140	0.0069	0.0071	0.0045	0.0038	0.0007	0.0095	0.0031	0.0064	0.0000	0.0000	0.0000	0.0000	0.0000	0.0000	0.0000	0.0000	0.0000	0.0000	0.0000	0.0000	0.0000	0.0000	0.0000	0.0000	0.0000	0.0000											
97	99	0.1586	2	0	0	0	0	0	0	0	0	N	N	N	N	N	N	N	N	N	N	N	N	0.0002	0.0010	0.0000	0.0010	0.8292	0.0000	0.0000	0.0000	0.0000	0.0003	0.0004	0.0000	0.0017	0.0017	0.0000	0.0000	0.0000	0.0000	2.1530	0.4023	9.4839	1.7668	0.0021	30.8552	2.4337	0.8318	7.0468	0.0000	173.1104	-0.0000	0.1341	3.9994	1.5982	4.0000	11.1970	0.0001	0.0001	0.0000	0.0001	0.0001	0.0000	0.0000	0.0000	0.0000	0.2838	0.0016	0.2822	0.0103	0.0001	0.0102	0.2735	0.0016	0.2720	0.3479	0.3072	0.0407	0.0711	0.0698	0.0013	0.2769	0.2375	0.0394	0.3518	0.2011	0.1506	0.0701	0.0655	0.0045	0.2817	0.1356	0.1461	0.0004	0.0482	0.0000	0.0115	1.6107	0.0000	0.0000	0.0000	0.0000	0.8068	0.0081	1.8732	0.1467	0.0011	2.2553	0.9710	0.0115	1.8614
97	100	0.1067	4	1	1	1	0	0	0	0	0	N	N	N	N	N	N	N	N	N	N	N	N	inf	inf	inf	inf	0.0007	0.0000	0.0103	0.0000	0.0000	0.0000	0.0041	0.0000	0.0162	0.0000	0.0000	0.0000	0.0000	0.0000	0.0000	0.0000	0.0000	0.0000	inf	0.0000	0.0000	3.9994	0.0000	4.0000	0.9982	0.0000	0.0000	0.0000	0.0000	0.0000	0.0000	0.0000	0.0000	0.0000	0.0000	0.0000	0.0000	0.0000	0.0000	0.0000	0.0000	0.0000	0.0000	0.0147	0.0138	0.0010	0.0123	0.0119	0.0004	0.0024	0.0018	0.0006	0.0138	0.0060	0.0078	0.0004	0.0004	0.0000	0.0134	0.0056	0.0078	inf	0.0000	inf	0.0000	0.0000	0.0000	inf	0.0000	inf	0.0000	0.0000	0.0000	0.0000	0.0000	0.0000	0.0000	0.0000	0.0000						
97	101	0.6385	7	1	1	1	0	0	0	0	0	N	N	N	N	N	N	N	N	N	N	N	N	0.0000	0.0000	0.0000	0.0000	0.0000	0.0000	0.0000	0.0000	0.0000	0.0000	0.0000	0.0000	0.0000	0.0000	0.0000	0.0000	0.0000	0.0000	0.0000	0.0000	3.9994	0.0000	4.0000	0.0000	0.0000	0.0000	0.0000	0.0000	0.0000	0.0000	0.0000	0.0000	0.0000	0.0000	0.0000	0.0000	0.0000	0.0000	0.0000	0.0000	0.0000	0.0000	0.0000	0.0000	0.0000	0.0000	0.0000	0.0000	0.0000	0.0000	0.0000	0.0000	0.0000	0.0000	0.0000	0.0000	0.0000	0.0000	0.0000	0.0000	0.0000	0.0000	0.0000	0.0000	0.0000	0.0000	0.0000	0.0000	0.0000	0.0000	0.0000	0.0000	0.0000	0.0000	0.0000	0.0000	0.0000	0.0000											
97	102	0.6385	6	1	0	1	0	0	0	0	0	N	N	N	N	N	N	N	N	N	N	N	N	0.0000	0.0000	0.0000	0.0000	0.0000	0.0000	0.0000	0.0000	0.0000	0.0000	0.0000	0.0000	0.0000	0.0000	0.0000	0.0000	0.0000	0.0000	0.0000	0.0000	3.9994	0.0000	4.0000	0.0000	0.0000	0.0000	0.0000	0.0000	0.0000	0.0000	0.0000	0.0000	0.0000	0.0000	0.0000	0.0000	0.0000	0.0000	0.0000	0.0000	0.0000	0.0000	0.0000	0.0000	0.0000	0.0000	0.0000	0.0000	0.0000	0.0000	0.0000	0.0000	0.0000	0.0000	0.0000	0.0000	0.0000	0.0000	0.0000	0.0000	0.0000	0.0000	0.0000	0.0000	0.0000	0.0000	0.0000	0.0000	0.0000	0.0000	0.0000	0.0000	0.0000	0.0000	0.0000	0.0000	0.0000	0.0000											
97	103	0.6324	5	1	0	1	0	0	0	0	0	N	N	N	N	N	N	N	N	N	N	N	N	0.0000	0.0000	0.0000	0.0000	0.0000	0.0000	0.0000	0.0000	0.0000	0.0000	0.0000	0.0000	0.0000	0.0000	0.0000	0.0000	0.0000	0.0000	0.0000	0.0000	3.9994	0.0000	4.0000	1.0091	0.0000	0.0000	0.0000	0.0000	0.0000	0.0000	0.0000	0.0000	0.0000	0.0000	0.0000	0.0000	0.0000	0.0000	0.0000	0.0000	0.0000	0.0000	0.0000	0.0000	0.0000	0.0000	0.0000	0.0000	0.0000	0.0000	0.0000	0.0122	0.0073	0.0050	0.0060	0.0052	0.0008	0.0062	0.0021	0.0041	0.0000	0.0000	0.0000	0.0000	0.0000	0.0000	0.0000	0.0000	0.0000	0.0000	0.0000	0.0000	0.0000	0.0000	0.0000	0.0000	0.0000	0.0000											
97	105	0.1101	5	1	0	1	0	0	0	0	0	N	N	N	N	N	N	N	N	N	N	N	N	0.0000	0.0000	0.0000	0.0000	0.0000	0.0000	0.0000	0.0000	0.0000	0.0000	0.0000	0.0000	0.0000	0.0084	0.0233	0.0000	0.6472	0.6181	0.0000	0.0000	0.0000	0.0000	0.0000	0.0000	-0.0000	3.9994	1.0000	4.0000	1.0005	0.0000	0.0000	0.0000	0.0000	0.0000	0.0000	0.0000	0.0000	0.0000	0.0000	0.0000	0.0000	0.0000	0.0000	0.0000	0.0000	0.0000	0.0000	0.1328	0.1208	0.0120	0.0708	0.0671	0.0037	0.0620	0.0537	0.0083	0.0271	0.0118	0.0153	0.0007	0.0007	0.0000	0.0264	0.0111	0.0153	0.0000	0.0000	0.0000	0.0000	0.0000	0.0000	0.0000	0.0000	0.0000	0.0011	0.0025	0.0000	0.0419	0.0441	0.0000	0.0000	0.0000	0.0000						
97	106	0.1067	4	1	0	1	0	0	0	0	0	N	N	N	N	N	N	N	N	N	N	N	N	0.0621	0.0278	inf	0.0079	0.0085	1.1770	0.0557	inf	0.0152	0.0166	0.0010	0.0096	0.0101	0.0000	0.0227	0.0262	0.0015	0.2447	0.5957	0.0000	1.2147	1.1829	0.0000	0.0193	0.4694	0.0000	0.0060	0.0000	-0.0004	-0.0000	3.9994	0.7249	4.0000	0.0368	0.0017	0.0017	0.0000	0.0006	0.0006	0.0000	0.0011	0.0011	0.0000	0.0001	0.0001	0.0000	0.0000	0.0000	0.0000	0.0000	0.0000	0.0000	0.1112	0.1015	0.0097	0.0636	0.0606	0.0030	0.0476	0.0409	0.0067	0.0106	0.0046	0.0060	0.0003	0.0003	0.0000	0.0102	0.0043	0.0059	2.6840	1.2783	inf	0.1116	0.1126	0.0000	7.7499	3.7464	inf	0.0057	0.0130	0.0000	0.0860	0.0894	0.0000	0.0029	0.0070	0.0000	
97	107	0.1052	3	1	0	1	0	0	0	0	0	N	N	N	N	N	N	N	N	N	N	N	N	0.2267	0.0946	134.5277	0.0670	0.0773	inf	4.1060	0.1538	209.5834	0.0836	0.0629	0.3227	0.0580	0.0606	0.0049	0.1261	0.0671	0.5038	0.3686	0.6652	0.0024	0.8658	0.7843	0.0000	0.0307	0.4366	0.0024	0.4432	0.2000	0.0003	-0.0000	3.9994	0.4159	4.0000	0.0887	0.0059	0.0041	0.0018	0.0026	0.0025	0.0000	0.0033	0.0015	0.0018	0.0001	0.0000	0.0000	0.0000	0.0000	0.0000	0.0000	0.0000	0.0000	0.0705	0.0649	0.0056	0.0440	0.0420	0.0020	0.0265	0.0229	0.0036	0.0077	0.0035	0.0042	0.0005	0.0005	0.0000	0.0071	0.0030	0.0042	10.6652	4.3874	134.5277	1.0463	1.0738	inf	29.8971	9.9208	209.5834	0.0078	0.0143	0.0024	0.0555	0.0565	0.0000	0.0042	0.0068	0.0024
97	108	0.0889	2	1	0	0	0	0	0	0	0	N	N	N	N	N	N	N	N	N	N	N	N	2647.5086	443.7557	inf	inf	inf	16530.9234	237.0147	inf	4.0591	2.2545	20.3540	0.0009	0.0010	0.0000	7.9516	4.5997	29.3121	0.0015	0.0051	0.0000	0.0000	0.0000	0.0000	0.0005	0.0194	0.0000	0.9998	0.0000	0.4787	-0.0000	3.9994	3.9943	4.0000	0.9974	1.9967	0.9984	0.9982	0.0002	0.0002	0.0000	1.9964	0.9982	0.9982	0.0000	0.0000	0.0000	0.0000	0.0000	0.0000	0.0000	0.0000	0.0000	0.4919	0.4429	0.0490	0.2408	0.2258	0.0150	0.2511	0.2170	0.0341	0.0696	0.0289	0.0407	0.0006	0.0006	0.0000	0.0690	0.0284	0.0407	9419.0127	2173.6084	inf	inf	inf	0.0000	18297.4558	4349.5840	inf	0.0004	0.0010	0.0000	0.0000	0.0000	0.0000	0.0004	0.0011	0.0000	
97	109	0.6324	5	1	0	1	0	0	0	0	0	N	N	N	N	N	N	N	N	N	N	N	N	0.0000	0.0000	0.0000	0.0000	0.0000	0.0000	0.0000	0.0000	0.0000	0.0000	0.0000	0.0000	0.0000	0.0000	0.0000	0.0000	0.0000	0.0000	0.0000	0.0000	3.9994	0.0000	4.0000	0.9909	0.0000	0.0000	0.0000	0.0000	0.0000	0.0000	0.0000	0.0000	0.0000	0.0000	0.0000	0.0000	0.0000	0.0000	0.0000	0.0000	0.0000	0.0000	0.0000	0.0000	0.0000	0.0000	0.0000	0.0000	0.0000	0.0000	0.0000	0.0120	0.0071	0.0049	0.0059	0.0051	0.0008	0.0061	0.0020	0.0041	0.0000	0.0000	0.0000	0.0000	0.0000	0.0000	0.0000	0.0000	0.0000	0.0000	0.0000	0.0000	0.0000	0.0000	0.0000	0.0000	0.0000	0.0000											
97	110	0.6038	4	1	0	1	0	0	0	0	0	N	N	N	N	N	N	N	N	N	N	N	N	0.0000	0.0000	0.0000	0.0000	0.0000	0.0000	0.0000	0.0000	0.0000	0.0000	0.0000	0.0000	0.0000	0.0000	0.0000	0.0000	0.0000	0.0000	0.0000	0.0000	3.9994	4.0000	4.0000	0.0000	0.0000	0.0000	0.0000	0.0000	0.0000	0.0000	0.0000	0.0000	0.0000	0.0000	0.0000	0.0000	0.0000	0.0000	0.0000	0.0000	0.0000	0.0000	0.3506	0.3163	0.0343	0.2156	0.2005	0.0151	0.1350	0.1158	0.0192	0.0295	0.0146	0.0149	0.0096	0.0081	0.0014	0.0199	0.0065	0.0135	0.0000	0.0000	0.0000	0.0000	0.0000	0.0000	0.0000	0.0000	0.0000	0.0000	0.0000	0.0000	0.0000	0.0000	0.0000	0.0000	0.0000	0.0000											
97	112	0.0935	2	0	0	1	0	0	0	0	0	N	N	N	N	N	N	N	N	N	N	N	N	0.0000	0.0000	0.0000	0.0000	0.0000	0.0000	0.0000	0.0000	0.0000	0.0000	0.0000	0.0000	0.0000	0.0000	0.0000	0.0000	0.0000	0.0000	0.0000	-0.0000	3.9994	0.0000	4.0000	0.0001	0.0000	0.0000	0.0000	0.0000	0.0000	0.0000	0.0000	0.0000	0.0000	0.0000	0.0000	0.0000	0.0000	0.0000	0.0000	0.0000	0.0000	0.0000	0.0000	0.0000	0.0000	0.0000	0.0000	0.0000	0.0000	0.0000	0.0000	0.0000	0.0000	0.0000	0.0000	0.0000	0.0000	0.0000	0.0000	0.0000	0.0000	0.0000	0.0000	0.0000	0.0000	0.0000	0.0000	0.0000	0.0000	0.0000	0.0000	0.0000	0.0000	0.0000	0.0000	0.0000	0.0000	0.0000											
97	114	0.6364	5	0	1	0	0	0	0	0	0	N	N	N	N	N	N	N	N	N	N	N	N	inf	inf	inf	inf	0.0000	0.0000	0.0000	0.0000	0.0000	0.0000	0.0000	0.0000	0.0000	0.0000	0.0000	0.0000	0.0000	0.0000	0.0000	0.0000	0.0000	0.0000	0.0000	-0.0000	0.0000	3.9994	4.3361	4.0000	4.6323	0.0000	0.0000	0.0000	0.0000	0.0000	0.0000	0.0000	0.0000	0.0000	0.0000	0.0000	0.0000	0.0000	0.0000	0.0000	0.0000	0.0000	0.0000	0.5842	0.5278	0.0564	0.3418	0.3211	0.0207	0.2424	0.2067	0.0357	0.0919	0.0562	0.0358	0.0474	0.0410	0.0063	0.0446	0.0151	0.0294	inf	inf	0.0000	inf	inf	0.0000	0.0000	0.0000	0.0000	0.0000	0.0000	0.0000	0.0000	0.0000	0.0000	0.0000	0.0000	0.0000						
97	115	0.6038	4	0	0	0	0	0	0	0	0	N	N	N	N	N	N	N	N	N	N	N	N	inf	inf	inf	inf	0.0001	0.0000	0.0006	0.0000	0.0000	0.0000	0.0001	0.0000	0.0010	0.0000	0.0000	0.0000	0.0000	0.0000	0.0000	0.0000	0.0000	0.0000	inf	0.0000	0.0000	3.9994	1.9840	4.0000	0.2610	0.0000	0.0000	0.0000	0.0000	0.0000	0.0000	0.0000	0.0000	0.0000	0.0000	0.0000	0.0000	0.0000	0.0000	0.0000	0.0000	0.0000	0.0000	0.1842	0.1661	0.0181	0.1149	0.1068	0.0081	0.0692	0.0593	0.0099	0.0169	0.0084	0.0086	0.0055	0.0046	0.0008	0.0115	0.0037	0.0078	inf	0.0000	inf	0.0000	0.0000	0.0000	inf	0.0000	inf	0.0000	0.0000	0.0000	0.0000	0.0000	0.0000	0.0000	0.0000	0.0000						
97	117	0.6038	4	0	1	0	1	0	0	0	0	N	N	N	N	N	N	N	N	N	N	N	N	0.0000	0.0000	0.0000	0.0000	0.0000	0.0000	0.0000	0.0000	0.0000	0.0000	0.0000	0.0000	0.0000	0.0000	0.0000	0.0000	0.0000	0.0000	0.0000	0.0000	3.9994	0.0000	4.0000	1.0000	0.0000	0.0000	0.0000	0.0000	0.0000	0.0000	0.0000	0.0000	0.0000	0.0000	0.0000	0.0000	0.0000	0.0000	0.0000	0.0000	0.0000	0.0000	0.0000	0.0000	0.0000	0.0000	0.0000	0.0000	0.0000	0.0000	0.0000	0.0106	0.0052	0.0054	0.0034	0.0029	0.0005	0.0072	0.0023	0.0049	0.0000	0.0000	0.0000	0.0000	0.0000	0.0000	0.0000	0.0000	0.0000	0.0000	0.0000	0.0000	0.0000	0.0000	0.0000	0.0000	0.0000	0.0000											
97	119	0.6038	4	0	1	0	0	0	0	0	0	N	N	N	N	N	N	N	N	N	N	N	N	inf	inf	inf	inf	2.3447	0.0000	24.0032	3.8404	0.0000	55.1593	0.0000	0.0000	0.0000	0.0000	0.0000	0.0000	0.0000	0.0000	0.0000	0.0000	0.0000	0.0000	inf	0.7398	0.0000	3.9994	5.0000	4.0000	6.0000	0.9999	0.0000	0.9999	0.9999	0.0000	0.9999	0.0000	0.0000	0.0000	0.0000	0.0000	0.0000	0.0000	0.0000	0.0000	0.0000	0.0000	0.0000	0.4265	0.3848	0.0417	0.2604	0.2422	0.0181	0.1661	0.1426	0.0235	0.0746	0.0373	0.0374	0.0248	0.0210	0.0038	0.0498	0.0162	0.0336	inf	0.0000	inf	inf	0.0000	inf	0.0000	0.0000	0.0000	0.0000	0.0000	0.0000	0.0000	0.0000	0.0000	0.0000	0.0000	0.0000						
97	120	0.6319	5	0	1	0	0	0	0	0	0	N	N	N	N	N	N	N	N	N	N	N	N	inf	inf	inf	inf	0.0003	0.0003	0.0000	0.0005	0.0006	0.0000	0.0000	0.0000	0.0000	0.0000	0.0000	0.0000	0.0000	0.0000	0.0000	0.0000	0.0000	0.0000	0.0000	-0.0000	0.0000	3.9994	0.9998	4.0000	0.9486	0.0000	0.0000	0.0000	0.0000	0.0000	0.0000	0.0000	0.0000	0.0000	0.0000	0.0000	0.0000	0.0000	0.0000	0.0000	0.0000	0.0000	0.0000	0.0952	0.0857	0.0094	0.0576	0.0534	0.0042	0.0375	0.0323	0.0052	0.0246	0.0131	0.0114	0.0108	0.0094	0.0014	0.0137	0.0037	0.0101	inf	inf	0.0000	inf	inf	0.0000	0.0000	0.0000	0.0000	0.0000	0.0000	0.0000	0.0000	0.0000	0.0000	0.0000	0.0000	0.0000						
97	121	0.6038	4	0	1	0	0	0	0	0	0	N	N	N	N	N	N	N	N	N	N	N	N	inf	inf	inf	inf	inf	inf	0.0001	0.0000	0.0004	0.0000	0.0000	0.0000	0.0002	0.0001	0.0008	0.0000	0.0000	0.0000	0.0000	0.0000	0.0000	0.0000	0.0000	0.0000	2.0000	0.0000	0.0000	3.9994	3.0005	4.0000	1.1085	0.0000	0.0000	0.0000	0.0000	0.0000	0.0000	0.0000	0.0000	0.0000	0.0000	0.0000	0.0000	0.0000	0.0000	0.0000	0.0000	0.0000	0.0000	0.4653	0.4199	0.0454	0.2830	0.2634	0.0196	0.1822	0.1565	0.0258	0.0535	0.0266	0.0269	0.0176	0.0149	0.0027	0.0360	0.0117	0.0243	inf	inf	inf	0.0000	0.0000	0.0000	inf	inf	inf	0.0000	0.0000	0.0000	0.0000	0.0000	0.0000	0.0000	0.0000	0.0000				
97	122	0.0889	2	0	1	0	0	0	0	0	0	N	N	N	N	N	N	N	N	N	N	N	N	inf	inf	inf	inf	inf	inf	3.8174	4.2347	0.0000	0.0017	0.0018	0.0000	7.7216	8.9398	0.0000	0.0000	0.0000	0.0000	0.0000	0.0000	0.0000	0.0000	0.0000	0.0000	0.0000	-0.2602	0.0000	3.9994	2.0001	4.0000	3.0000	1.0000	1.0000	0.0000	0.0002	0.0002	0.0000	0.9998	0.9998	0.0000	0.0000	0.0000	0.0000	0.0000	0.0000	0.0000	0.0000	0.0000	0.0000	0.2620	0.2361	0.0258	0.1325	0.1243	0.0082	0.1295	0.1118	0.0176	0.0697	0.0290	0.0408	0.0006	0.0006	0.0000	0.0691	0.0284	0.0407	inf	inf	0.0000	inf	inf	0.0000	inf	inf	0.0000	0.0000	0.0000	0.0000	0.0000	0.0000	0.0000	0.0000	0.0000	0.0000				
97	124	0.6373	5	0	1	0	0	0	0	0	0	N	N	N	N	N	N	N	N	N	N	N	N	3776.5121	1034.6760	inf	1460.2601	1864.5801	inf	inf	inf	inf	2.7862	1.4527	16.0937	2.0087	2.1480	0.0035	4.2780	0.0005	30.3055	0.0007	0.0014	0.0000	0.0014	0.0012	0.0000	0.0000	0.0000	0.0000	1.1101	0.0000	0.4994	-0.0000	3.9994	3.9006	4.0000	3.1543	1.8782	0.8901	0.9881	0.8901	0.8900	0.0001	0.9881	0.0001	0.9880	0.0000	0.0000	0.0000	0.0000	0.0000	0.0000	0.0000	0.0000	0.0000	0.6741	0.6127	0.0614	0.4431	0.4143	0.0288	0.2310	0.1984	0.0326	0.1045	0.0636	0.0408	0.0514	0.0465	0.0049	0.0531	0.0171	0.0359	9702.9029	3082.0853	inf	3441.3399	3330.3689	inf	inf	inf	inf	0.0003	0.0005	0.0000	0.0006	0.0006	0.0000	0.0000	0.0000	0.0000
97	125	0.6038	4	0	1	0	0	0	0	0	0	N	N	N	N	N	N	N	N	N	N	N	N	733.6433	inf	16060.2108	inf	inf	inf	54.5189	inf	559.6157	2.3725	0.4423	20.1458	3.7652	0.6930	44.3600	0.1121	0.0011	0.7785	0.0032	0.0000	0.0013	0.0000	0.0000	0.0000	0.0021	0.0000	0.0014	4.9463	inf	0.3802	0.0000	3.9994	1.6924	4.0000	1.9110	0.6652	0.1119	0.5533	0.6532	0.1118	0.5414	0.0120	0.0001	0.0119	0.0000	0.0000	0.0000	0.0000	0.0000	0.0000	0.0000	0.0000	0.0000	0.2804	0.2529	0.0275	0.1735	0.1613	0.0122	0.1069	0.0916	0.0153	0.0475	0.0236	0.0239	0.0156	0.0132	0.0024	0.0319	0.0104	0.0216	3755.5972	inf	16060.2108	inf	inf	inf	119.3205	inf	559.6157	0.0006	0.0000	0.0013	0.0000	0.0000	0.0000	0.0009	0.0000	0.0014
97	127	0.1750	3	0	0	0	0	0	0	0	0	N	N	N	N	N	N	N	N	N	N	N	N	0.0002	0.0001	0.0002	0.0002	0.0000	0.0000	0.0004	0.0005	0.0000	0.0026	0.0027	0.0000	0.0000	0.0000	0.0000	2.6631	3.5940	0.0000	11.1148	12.0022	0.0000	0.0099	0.1430	0.0000	0.0000	0.0000	-0.0001	-0.3754	3.9994	3.6536	4.0000	12.3970	0.0003	0.0003	0.0000	0.0003	0.0003	0.0000	0.0000	0.0000	0.0000	0.7193	0.7193	0.0000	0.7187	0.7187	0.0000	0.0006	0.0006	0.0000	0.6315	0.5583	0.0732	0.1047	0.1012	0.0035	0.5268	0.4571	0.0698	0.3665	0.2142	0.1523	0.0647	0.0599	0.0048	0.3018	0.1544	0.1475	0.0002	0.0001	0.0000	0.0002	0.0002	0.0000	0.0000	0.0000	0.0000	1.9625	3.3572	0.0000	11.1148	12.0022	0.0000	0.0020	0.0040	0.0000			
97	128	0.3534	3	0	0	0	0	0	0	0	0	N	N	N	N	N	N	N	N	N	N	N	N	0.0599	0.0798	0.0428	0.0813	0.3414	0.0014	0.0269	0.0000	0.1520	0.1173	0.0897	0.3482	0.2093	0.2208	0.0429	0.0589	0.0000	0.4422	1.9572	1.1249	8.1412	2.5753	0.6468	30.0085	2.1883	1.2983	2.9090	0.4627	21.0388	0.0064	0.1082	3.9994	5.3495	4.0000	12.4099	0.1145	0.0783	0.0362	0.0794	0.0783	0.0010	0.0352	0.0000	0.0352	0.2501	0.0114	0.2388	0.0778	0.0091	0.0688	0.1723	0.0023	0.1700	0.9768	0.8727	0.1040	0.3791	0.3547	0.0245	0.5976	0.5181	0.0796	0.4865	0.3116	0.1749	0.2275	0.1941	0.0333	0.2591	0.1175	0.1416	0.2281	2.4633	0.2551	0.6116	4.7303	0.0208	0.0885	0.0000	0.3683	0.5141	0.0364	1.3652	0.3422	0.0467	2.0628	0.6651	0.0195	1.2009
97	129	0.1591	7	0	1	0	1	0	0	0	0	N	N	N	N	N	N	N	N	N	N	N	N	0.0000	0.0000	0.0000	0.0000	0.0000	0.0000	0.0000	0.0000	0.0000	0.0000	0.0000	0.0000	0.0000	0.0000	0.0000	0.0000	0.0000	0.0000	0.0000	0.0000	3.9994	0.0000	4.0000	0.0000	0.0000	0.0000	0.0000	0.0000	0.0000	0.0000	0.0000	0.0000	0.0000	0.0000	0.0000	0.0000	0.0000	0.0000	0.0000	0.0000	0.0000	0.0000	0.0000	0.0000	0.0000	0.0000	0.0000	0.0000	0.0000	0.0000	0.0000	0.0000	0.0000	0.0000	0.0000	0.0000	0.0000	0.0000	0.0000	0.0000	0.0000	0.0000	0.0000	0.0000	0.0000	0.0000	0.0000	0.0000	0.0000	0.0000	0.0000	0.0000	0.0000	0.0000	0.0000	0.0000	0.0000	0.0000											
97	130	0.1428	6	0	1	0	1	0	0	0	0	N	N	N	N	N	N	N	N	N	N	N	N	0.0000	0.0000	0.0000	0.0000	0.0000	0.0000	0.0000	0.0000	0.0000	0.0000	0.0000	0.0000	0.0000	0.0000	0.0000	0.0000	0.0000	0.0000	0.0000	0.0000	3.9994	0.0000	4.0000	3.0001	0.0000	0.0000	0.0000	0.0000	0.0000	0.0000	0.0000	0.0000	0.0000	0.0000	0.0000	0.0000	0.0000	0.0000	0.0000	0.0000	0.0000	0.0000	0.0000	0.0000	0.0000	0.0000	0.0000	0.0000	0.0000	0.0000	0.0000	0.0353	0.0138	0.0215	0.0008	0.0008	0.0000	0.0345	0.0130	0.0215	0.0000	0.0000	0.0000	0.0000	0.0000	0.0000	0.0000	0.0000	0.0000	0.0000	0.0000	0.0000	0.0000	0.0000	0.0000	0.0000	0.0000	0.0000											
97	131	0.1332	5	0	1	0	0	0	0	0	0	N	N	N	N	N	N	N	N	N	N	N	N	0.0000	0.0000	0.0000	0.0000	0.0000	0.0000	0.0000	0.0000	0.0000	0.0000	0.0000	0.0000	0.0000	0.0000	0.0000	0.0000	0.0000	0.0000	0.0000	0.0000	3.9994	0.0000	4.0000	0.0000	0.0000	0.0000	0.0000	0.0000	0.0000	0.0000	0.0000	0.0000	0.0000	0.0000	0.0000	0.0000	0.0000	0.0000	0.0000	0.0000	0.0000	0.0000	0.0000	0.0000	0.0000	0.0000	0.0000	0.0000	0.0000	0.0000	0.0000	0.0000	0.0000	0.0000	0.0000	0.0000	0.0000	0.0000	0.0000	0.0000	0.0000	0.0000	0.0000	0.0000	0.0000	0.0000	0.0000	0.0000	0.0000	0.0000	0.0000	0.0000	0.0000	0.0000	0.0000	0.0000	0.0000	0.0000											
97	132	0.1428	6	0	0	1	1	0	0	0	0	N	N	N	N	N	N	N	N	N	N	N	N	0.0000	0.0000	0.0000	0.0000	0.0000	0.0000	0.0000	0.0000	0.0000	0.0000	0.0000	0.0000	0.0000	0.0000	0.0000	0.0000	0.0000	0.0000	0.0000	0.0000	3.9994	0.0000	4.0000	1.9999	0.0000	0.0000	0.0000	0.0000	0.0000	0.0000	0.0000	0.0000	0.0000	0.0000	0.0000	0.0000	0.0000	0.0000	0.0000	0.0000	0.0000	0.0000	0.0000	0.0000	0.0000	0.0000	0.0000	0.0000	0.0000	0.0000	0.0000	0.0238	0.0093	0.0145	0.0005	0.0005	0.0000	0.0232	0.0087	0.0145	0.0000	0.0000	0.0000	0.0000	0.0000	0.0000	0.0000	0.0000	0.0000	0.0000	0.0000	0.0000	0.0000	0.0000	0.0000	0.0000	0.0000	0.0000											
97	133	0.1538	7	0	0	1	1	0	0	0	0	N	N	N	N	N	N	N	N	N	N	N	N	0.0000	0.0000	0.0000	0.0000	0.0000	0.0000	0.0000	0.0000	0.0000	0.0000	0.0000	0.0000	0.0000	0.0000	0.0000	0.0000	0.0000	0.0000	0.0000	0.0000	3.9994	1.0000	4.0000	0.0000	0.0000	0.0000	0.0000	0.0000	0.0000	0.0000	0.0000	0.0000	0.0000	0.0000	0.0000	0.0000	0.0000	0.0000	0.0000	0.0000	0.0000	0.0000	0.1280	0.1142	0.0137	0.0706	0.0650	0.0057	0.0573	0.0492	0.0081	0.0114	0.0043	0.0070	0.0003	0.0003	0.0000	0.0111	0.0041	0.0070	0.0000	0.0000	0.0000	0.0000	0.0000	0.0000	0.0000	0.0000	0.0000	0.0000	0.0000	0.0000	0.0000	0.0000	0.0000	0.0000	0.0000	0.0000											
97	134	0.1538	7	0	0	1	1	0	0	0	0	N	N	N	N	N	N	N	N	N	N	N	N	0.0000	0.0000	0.0000	0.0000	0.0000	0.0000	0.0000	0.0000	0.0000	0.0000	0.0000	0.0000	0.0000	0.0000	0.0000	0.0000	0.0000	0.0000	0.0000	0.0000	3.9994	0.0000	4.0000	0.0000	0.0000	0.0000	0.0000	0.0000	0.0000	0.0000	0.0000	0.0000	0.0000	0.0000	0.0000	0.0000	0.0000	0.0000	0.0000	0.0000	0.0000	0.0000	0.0000	0.0000	0.0000	0.0000	0.0000	0.0000	0.0000	0.0000	0.0000	0.0000	0.0000	0.0000	0.0000	0.0000	0.0000	0.0000	0.0000	0.0000	0.0000	0.0000	0.0000	0.0000	0.0000	0.0000	0.0000	0.0000	0.0000	0.0000	0.0000	0.0000	0.0000	0.0000	0.0000	0.0000	0.0000	0.0000											
97	135	0.1428	6	0	0	1	1	0	0	0	0	N	N	N	N	N	N	N	N	N	N	N	N	0.0000	0.0000	0.0000	0.0000	0.0000	0.0000	0.0000	0.0000	0.0000	0.0000	0.0000	0.0000	0.0000	0.0000	0.0000	0.0000	0.0000	0.0000	0.0000	0.0000	3.9994	2.0025	4.0000	0.9943	0.0000	0.0000	0.0000	0.0000	0.0000	0.0000	0.0000	0.0000	0.0000	0.0000	0.0000	0.0000	0.0000	0.0000	0.0000	0.0000	0.0000	0.0000	0.2526	0.2255	0.0272	0.1352	0.1245	0.0107	0.1174	0.1010	0.0164	0.0353	0.0138	0.0215	0.0008	0.0008	0.0000	0.0345	0.0130	0.0215	0.0000	0.0000	0.0000	0.0000	0.0000	0.0000	0.0000	0.0000	0.0000	0.0000	0.0000	0.0000	0.0000	0.0000	0.0000	0.0000	0.0000	0.0000											
97	136	0.1428	5	0	0	0	1	0	0	0	0	N	N	N	N	N	N	N	N	N	N	N	N	0.0000	0.0000	0.0000	0.0000	0.0000	0.0000	0.0000	0.0000	0.0000	0.0000	0.0000	0.0000	0.0000	0.0000	0.0000	0.0000	0.0000	0.0000	0.0000	0.0000	3.9994	0.0050	4.0000	0.0173	0.0000	0.0000	0.0000	0.0000	0.0000	0.0000	0.0000	0.0000	0.0000	0.0000	0.0000	0.0000	0.0000	0.0000	0.0000	0.0000	0.0000	0.0000	0.0014	0.0013	0.0001	0.0011	0.0010	0.0001	0.0003	0.0003	0.0000	0.0003	0.0001	0.0002	0.0000	0.0000	0.0000	0.0003	0.0001	0.0002	0.0000	0.0000	0.0000	0.0000	0.0000	0.0000	0.0000	0.0000	0.0000	0.0000	0.0000	0.0000	0.0000	0.0000	0.0000	0.0000	0.0000	0.0000											
97	137	0.1332	4	0	0	0	1	0	0	0	0	N	N	N	N	N	N	N	N	N	N	N	N	0.0000	0.0000	0.0000	0.0000	0.0000	0.0000	0.0000	0.0000	0.0000	0.0000	0.0000	0.0000	0.0000	0.0000	0.0000	0.0000	0.0000	0.0000	0.0000	0.0000	3.9994	1.9972	4.0000	1.0076	0.0000	0.0000	0.0000	0.0000	0.0000	0.0000	0.0000	0.0000	0.0000	0.0000	0.0000	0.0000	0.0000	0.0000	0.0000	0.0000	0.0000	0.0000	0.2359	0.2104	0.0256	0.1214	0.1119	0.0095	0.1145	0.0985	0.0160	0.0335	0.0129	0.0205	0.0008	0.0007	0.0000	0.0327	0.0122	0.0205	0.0000	0.0000	0.0000	0.0000	0.0000	0.0000	0.0000	0.0000	0.0000	0.0000	0.0000	0.0000	0.0000	0.0000	0.0000	0.0000	0.0000	0.0000											
97	138	0.1159	3	1	1	0	0	0	0	0	0	N	N	N	N	N	N	N	N	N	N	N	N	0.0000	0.0000	0.0000	0.0000	0.0000	0.0000	0.0000	0.0000	0.0000	0.0000	0.0000	0.0000	0.0000	23.8079	45.3721	0.0000	144.6303	150.5207	0.0000	0.0000	0.0000	0.0000	0.0000	0.0000	-0.5214	3.9994	0.0002	4.0000	2.3255	0.0000	0.0000	0.0000	0.0000	0.0000	0.0000	0.0000	0.0000	0.0000	0.9991	0.9991	0.0000	0.9991	0.9991	0.0000	0.0000	0.0000	0.0000	0.0001	0.0001	0.0000	0.0000	0.0000	0.0000	0.0000	0.0000	0.0000	0.0420	0.0220	0.0199	0.0069	0.0066	0.0003	0.0351	0.0154	0.0197	0.0000	0.0000	0.0000	0.0000	0.0000	0.0000	0.0000	0.0000	0.0000	23.8079	45.3721	0.0000	144.6303	150.5207	0.0000	0.0000	0.0000	0.0000						
97	139	0.0980	2	1	1	0	0	0	0	0	0	N	N	N	N	N	N	N	N	N	N	N	N	1.1095	0.0002	3.0115	0.0012	0.0006	0.0007	1.5239	0.0000	4.0082	2.8805	0.0002	34.7249	0.0038	0.0005	0.0718	4.6071	0.0000	43.8993	2.5962	0.8544	11.5309	3.1211	0.7492	97.3762	3.0232	0.1137	10.9523	16560.9843	154.4674	0.7351	0.0824	3.9994	2.0138	4.0000	2.7349	0.9937	0.0001	0.9937	0.0005	0.0001	0.0004	0.9932	0.0000	0.9932	0.1747	0.0011	0.1736	0.0121	0.0010	0.0111	0.1626	0.0001	0.1625	0.3450	0.3164	0.0286	0.1294	0.1234	0.0060	0.2156	0.1930	0.0226	0.1020	0.0523	0.0497	0.0198	0.0189	0.0009	0.0823	0.0334	0.0488	1.6819	0.0088	9.9434	0.0062	0.0091	0.0057	2.3309	0.0000	13.1942	1.7126	0.0215	3.4923	0.6139	0.0532	12.6693	1.9765	0.0036	3.3272
97	140	0.1146	3	0	1	0	0	0	0	0	0	N	N	N	N	N	N	N	N	N	N	N	N	0.0017	0.0000	2.1057	0.0010	0.0000	inf	0.0132	0.4861	0.0021	0.0001	0.0241	0.0040	0.0002	0.0773	0.0004	0.0000	0.0033	1.2616	1.9255	0.0114	3.9908	4.0774	0.0000	0.0300	0.0000	0.0069	23.3316	0.0410	0.0005	-0.0020	3.9994	1.9232	4.0000	1.1116	0.0007	0.0000	0.0007	0.0007	0.0000	0.0006	0.0001	0.0000	0.0001	0.0041	0.0039	0.0002	0.0039	0.0039	0.0000	0.0002	0.0000	0.0002	0.3411	0.3120	0.0291	0.1644	0.1562	0.0082	0.1767	0.1558	0.0209	0.0422	0.0187	0.0235	0.0036	0.0034	0.0002	0.0386	0.0153	0.0233	0.0222	0.0005	3.5308	0.0037	0.0002	inf	0.0954	0.0000	0.4861	0.0962	0.2084	0.0068	1.0737	1.1416	0.0000	0.0041	0.0000	0.0069	
97	141	0.6230	5	0	1	0	0	0	0	0	0	N	N	N	N	N	N	N	N	N	N	N	N	inf	inf	inf	inf	1.7203	1.8955	0.0000	2.5058	2.6948	0.0000	0.0000	0.0000	0.0000	0.0000	0.0000	0.0000	0.0000	0.0000	0.0000	0.0000	0.0000	0.0000	0.0000	-0.2602	0.0000	3.9994	3.0000	4.0000	1.0000	0.9999	0.9999	0.0000	0.9999	0.9999	0.0000	0.0000	0.0000	0.0000	0.0000	0.0000	0.0000	0.0000	0.0000	0.0000	0.0000	0.0000	0.0000	0.5813	0.5275	0.0537	0.3990	0.3711	0.0280	0.1822	0.1565	0.0258	0.0523	0.0260	0.0263	0.0172	0.0146	0.0026	0.0351	0.0114	0.0237	inf	inf	0.0000	inf	inf	0.0000	0.0000	0.0000	0.0000	0.0000	0.0000	0.0000	0.0000	0.0000	0.0000	0.0000	0.0000	0.0000						
97	142	0.6038	4	0	0	0	0	0	0	0	0	N	N	N	N	N	N	N	N	N	N	N	N	0.0000	0.0000	0.0000	0.0000	0.0000	0.0000	0.0000	0.0000	0.0000	0.0000	0.0000	0.0000	0.0000	0.0000	0.0000	0.0000	0.0000	0.0000	0.0000	0.0000	3.9994	1.0000	4.0000	1.0000	0.0000	0.0000	0.0000	0.0000	0.0000	0.0000	0.0000	0.0000	0.0000	0.0000	0.0000	0.0000	0.0000	0.0000	0.0000	0.0000	0.0000	0.0000	0.1719	0.1550	0.0169	0.1074	0.0998	0.0076	0.0645	0.0553	0.0093	0.0273	0.0135	0.0138	0.0089	0.0075	0.0013	0.0185	0.0060	0.0125	0.0000	0.0000	0.0000	0.0000	0.0000	0.0000	0.0000	0.0000	0.0000	0.0000	0.0000	0.0000	0.0000	0.0000	0.0000	0.0000	0.0000	0.0000											
97	143	0.3534	3	0	0	0	0	0	0	0	0	N	N	N	N	N	N	N	N	N	N	N	N	1.3860	1.0556	inf	0.2353	0.2365	inf	inf	inf	inf	0.9045	0.9770	0.3002	0.1355	0.1422	0.0398	1.3351	1.4797	0.3730	0.6526	0.9256	0.0000	0.5757	0.6012	0.0000	0.0000	0.0000	0.0000	0.0369	0.0000	-0.2288	-0.0042	3.9994	7.1211	4.0000	10.9474	1.0186	0.9824	0.0362	0.0548	0.0537	0.0010	0.9638	0.9287	0.0352	0.0081	0.0081	0.0000	0.0081	0.0081	0.0000	0.0000	0.0000	0.0000	1.1262	1.0055	0.1207	0.4043	0.3779	0.0264	0.7219	0.6276	0.0943	0.4884	0.3124	0.1760	0.2278	0.1943	0.0334	0.2607	0.1181	0.1426	54.4743	37.6405	inf	3.8050	3.4064	inf	inf	inf	inf	0.0166	0.0260	0.0000	0.0356	0.0417	0.0000	0.0000	0.0000	0.0000
97	144	0.1586	2	0	0	0	0	0	0	0	0	N	N	N	N	N	N	N	N	N	N	N	N	0.4384	0.0287	1.2771	0.0002	0.0002	0.0000	0.5242	0.0313	4.0280	0.9264	0.0743	7.4566	0.0009	0.0010	0.0000	1.0425	0.0843	7.8059	2.1133	2.5920	5.8389	4.9818	4.9345	14.6804	1.9887	2.6893	1.9379	13.0986	1.0866	0.6975	-0.0005	3.9994	8.5175	4.0000	23.1696	1.0427	0.0740	0.9688	0.0001	0.0001	0.0000	1.0426	0.0738	0.9688	0.4126	0.1977	0.2148	0.1846	0.1760	0.0086	0.2280	0.0218	0.2062	1.1256	0.9957	0.1299	0.1255	0.1197	0.0058	1.0001	0.8760	0.1241	0.5405	0.2935	0.2469	0.0850	0.0768	0.0083	0.4554	0.2168	0.2386	1.2136	0.1103	8.5699	0.0004	0.0004	0.0000	2.0823	0.8394	9.0319	0.7634	0.6736	0.8701	2.1700	2.2921	1.0385	0.5007	0.1004	0.8643
97	145	0.1332	5	1	1	0	0	0	0	0	0	N	N	N	N	N	N	N	N	N	N	N	N	0.0000	0.0000	0.0000	0.0000	0.0000	0.0000	0.0000	0.0000	0.0000	0.0000	0.0000	0.0000	0.0000	0.0000	0.0000	0.0000	0.0000	0.0000	0.0000	0.0000	3.9994	1.0000	4.0000	1.0000	0.0000	0.0000	0.0000	0.0000	0.0000	0.0000	0.0000	0.0000	0.0000	0.0000	0.0000	0.0000	0.0000	0.0000	0.0000	0.0000	0.0000	0.0000	0.1210	0.1079	0.0131	0.0629	0.0579	0.0050	0.0581	0.0500	0.0082	0.0225	0.0087	0.0138	0.0005	0.0005	0.0000	0.0220	0.0082	0.0138	0.0000	0.0000	0.0000	0.0000	0.0000	0.0000	0.0000	0.0000	0.0000	0.0000	0.0000	0.0000	0.0000	0.0000	0.0000	0.0000	0.0000	0.0000											
97	146	0.1332	4	0	1	0	0	0	0	0	0	N	N	N	N	N	N	N	N	N	N	N	N	0.0000	0.0000	0.0000	0.0000	0.0000	0.0000	0.0000	0.0000	0.0000	0.0000	0.0000	0.0000	0.0000	0.0000	0.0000	0.0000	0.0000	0.0000	0.0000	0.0000	3.9994	0.0003	4.0000	0.0000	0.0000	0.0000	0.0000	0.0000	0.0000	0.0000	0.0000	0.0000	0.0000	0.0000	0.0000	0.0000	0.0000	0.0000	0.0000	0.0000	0.0000	0.0000	0.0001	0.0001	0.0000	0.0001	0.0001	0.0000	0.0000	0.0000	0.0000	0.0000	0.0000	0.0000	0.0000	0.0000	0.0000	0.0000	0.0000	0.0000	0.0000	0.0000	0.0000	0.0000	0.0000	0.0000	0.0000	0.0000	0.0000	0.0000	0.0000	0.0000	0.0000	0.0000	0.0000	0.0000	0.0000	0.0000											
97	147	0.1146	3	0	0	0	0	0	0	0	0	N	N	N	N	N	N	N	N	N	N	N	N	0.1219	0.0580	0.0434	519.5697	643.0952	0.0000	0.0000	0.0603	1.6073	1.7858	0.0002	3.6081	3.8537	0.0000	0.0002	0.0002	0.0002	13.1822	30.8109	0.0037	0.0069	0.0060	0.0000	13.9847	35.2540	0.0037	0.0000	0.0002	-0.2600	-0.5198	3.9994	4.9449	4.0000	1.0063	0.9994	0.9994	0.0000	0.9993	0.9993	0.0000	0.0001	0.0001	0.0000	0.9963	0.9961	0.0002	0.0000	0.0000	0.0000	0.9963	0.9961	0.0002	0.6218	0.5596	0.0622	0.2770	0.2593	0.0176	0.3448	0.3003	0.0445	0.0756	0.0323	0.0432	0.0043	0.0041	0.0003	0.0712	0.0283	0.0430	0.1219	0.0580	0.0434	1564.9782	1570.3290	0.0000	0.0000	0.0000	0.0603	13.1822	30.8109	0.0037	0.0023	0.0025	0.0000	13.9847	35.2540	0.0037	
97	148	0.0980	2	0	0	0	0	0	0	0	0	N	N	N	N	N	N	N	N	N	N	N	N	0.0104	0.0074	0.0076	0.0104	0.0107	0.0010	0.0031	0.0000	0.0209	0.0255	0.0222	0.0565	0.0611	0.0622	0.0423	0.0069	0.0000	0.0601	2.4613	3.0051	7.4586	5.8639	5.8261	43.1190	2.2716	3.0516	2.8709	0.2679	0.7937	-0.0006	-0.0110	3.9994	3.4778	4.0000	1.2917	0.0123	0.0097	0.0026	0.0101	0.0097	0.0004	0.0022	0.0000	0.0022	0.1388	0.0774	0.0614	0.0755	0.0719	0.0036	0.0634	0.0055	0.0578	0.4825	0.4365	0.0460	0.1654	0.1559	0.0095	0.3171	0.2805	0.0366	0.1023	0.0524	0.0499	0.0198	0.0189	0.0009	0.0825	0.0335	0.0490	0.0188	0.0151	0.0458	0.0160	0.0163	0.0104	0.0090	0.0000	0.0509	1.3570	1.4761	1.2319	3.8169	3.8048	4.0758	0.7677	0.1644	1.1808
97	150	0.1750	3	0	0	0	0	0	0	0	0	N	N	N	N	N	N	N	N	N	N	N	N	0.0002	0.0147	0.0000	0.0013	0.9877	0.0000	0.0000	0.0000	0.0000	0.0004	0.0005	0.0000	0.0026	0.0026	0.0000	0.0000	0.0000	0.0000	2.1068	0.0325	9.4833	1.9459	0.0027	32.0827	2.3344	0.1256	6.8794	0.0000	425.3623	-0.0001	0.1400	3.9994	3.7255	4.0000	14.1767	0.0003	0.0003	0.0000	0.0003	0.0003	0.0000	0.0000	0.0000	0.0000	0.2942	0.0007	0.2935	0.0122	0.0001	0.0121	0.2820	0.0006	0.2814	0.6403	0.5661	0.0742	0.1055	0.1020	0.0035	0.5348	0.4641	0.0707	0.3885	0.2261	0.1625	0.0668	0.0617	0.0052	0.3217	0.1644	0.1573	0.0006	0.1563	0.0000	0.0141	2.0409	0.0000	0.0000	0.0000	0.0000	0.7572	0.0031	1.8065	0.1818	0.0013	2.3309	0.8767	0.0037	1.7892
97	151	0.1586	2	0	0	0	0	0	0	0	0	N	N	N	N	N	N	N	N	N	N	N	N	0.0005	0.0002	0.0006	0.0003	0.0003	0.0000	0.0004	0.0001	0.0008	0.0012	0.0006	0.0058	0.0017	0.0018	0.0000	0.0011	0.0002	0.0060	2.6205	3.0434	10.2499	5.6563	5.6914	38.6688	2.5152	2.1994	7.9404	1.2942	0.9097	0.0001	-0.0191	3.9994	1.4205	4.0000	4.0377	0.0004	0.0002	0.0002	0.0001	0.0001	0.0000	0.0003	0.0000	0.0002	0.4186	0.2192	0.1994	0.2216	0.2143	0.0073	0.1970	0.0049	0.1921	0.3230	0.2853	0.0377	0.0695	0.0683	0.0012	0.2536	0.2170	0.0366	0.2300	0.1386	0.0914	0.0623	0.0599	0.0024	0.1676	0.0787	0.0889	0.0007	0.0004	0.0027	0.0005	0.0005	0.0000	0.0009	0.0037	0.0028	1.8201	1.5812	2.1824	3.5537	3.5777	2.9664	1.1753	0.0620	2.1609
98	99	0.4451	3	0	0	0	0	0	0	0	0	N	N	N	N	N	N	N	N	N	N	N	N	inf	inf	inf	inf	inf	inf	0.0312	0.0347	0.0000	0.0460	0.0496	0.0000	0.0046	0.0054	0.0000	0.0000	0.0000	0.0000	0.0000	0.0000	0.0000	0.0000	0.0000	0.0000	0.0000	-0.0006	0.0000	1.0000	1.5982	0.0000	11.1970	0.0025	0.0025	0.0000	0.0024	0.0024	0.0000	0.0001	0.0001	0.0000	0.0000	0.0000	0.0000	0.0000	0.0000	0.0000	0.0000	0.0000	0.0000	0.0794	0.0715	0.0080	0.0510	0.0473	0.0037	0.0284	0.0241	0.0043	0.0302	0.0166	0.0137	0.0112	0.0101	0.0012	0.0190	0.0065	0.0125	inf	inf	0.0000	inf	inf	0.0000	inf	inf	0.0000	0.0000	0.0000	0.0000	0.0000	0.0000	0.0000	0.0000	0.0000	0.0000				
98	100	0.6151	7	1	1	1	0	0	0	0	0	N	N	N	N	N	N	N	N	N	N	N	N	0.0000	0.0000	0.0000	0.0000	0.0000	0.0000	0.0000	0.0000	0.0000	0.0000	0.0000	0.0000	0.0000	0.0000	0.0000	0.0000	0.0000	0.0000	0.0000	0.0000	1.0000	0.0000	0.0000	0.9982	0.0000	0.0000	0.0000	0.0000	0.0000	0.0000	0.0000	0.0000	0.0000	0.0000	0.0000	0.0000	0.0000	0.0000	0.0000	0.0000	0.0000	0.0000	0.0066	0.0061	0.0005	0.0055	0.0053	0.0002	0.0011	0.0009	0.0003	0.0011	0.0007	0.0004	0.0006	0.0005	0.0001	0.0005	0.0002	0.0003	0.0000	0.0000	0.0000	0.0000	0.0000	0.0000	0.0000	0.0000	0.0000	0.0000	0.0000	0.0000	0.0000	0.0000	0.0000	0.0000	0.0000	0.0000											
98	101	0.0347	4	1	1	1	0	0	0	0	0	N	N	N	N	N	N	N	N	N	N	N	N	0.0000	0.0000	0.0000	0.0000	0.0000	0.0000	0.0000	0.0000	0.0000	0.0000	0.0000	0.0000	0.0000	0.0000	0.0000	0.0000	0.0000	0.0000	0.0000	0.0000	1.0000	0.0000	0.0000	0.0000	0.0000	0.0000	0.0000	0.0000	0.0000	0.0000	0.0000	0.0000	0.0000	0.0000	0.0000	0.0000	0.0000	0.0000	0.0000	0.0000	0.0000	0.0000	0.0000	0.0000	0.0000	0.0000	0.0000	0.0000	0.0000	0.0000	0.0000	0.0000	0.0000	0.0000	0.0000	0.0000	0.0000	0.0000	0.0000	0.0000	0.0000	0.0000	0.0000	0.0000	0.0000	0.0000	0.0000	0.0000	0.0000	0.0000	0.0000	0.0000	0.0000	0.0000	0.0000	0.0000	0.0000	0.0000											
98	102	0.0347	3	1	0	1	0	0	0	0	0	N	N	N	N	N	N	N	N	N	N	N	N	0.0000	0.0000	0.0000	0.0000	0.0000	0.0000	0.0000	0.0000	0.0000	0.0000	0.0000	0.0000	0.0000	0.0000	0.0000	0.0000	0.0000	0.0000	0.0000	0.0000	1.0000	0.0000	0.0000	0.0000	0.0000	0.0000	0.0000	0.0000	0.0000	0.0000	0.0000	0.0000	0.0000	0.0000	0.0000	0.0000	0.0000	0.0000	0.0000	0.0000	0.0000	0.0000	0.0000	0.0000	0.0000	0.0000	0.0000	0.0000	0.0000	0.0000	0.0000	0.0000	0.0000	0.0000	0.0000	0.0000	0.0000	0.0000	0.0000	0.0000	0.0000	0.0000	0.0000	0.0000	0.0000	0.0000	0.0000	0.0000	0.0000	0.0000	0.0000	0.0000	0.0000	0.0000	0.0000	0.0000	0.0000	0.0000											
98	103	0.0286	2	1	0	1	0	0	0	0	0	N	N	N	N	N	N	N	N	N	N	N	N	0.0000	0.0000	0.0000	0.0000	0.0000	0.0000	0.0000	0.0000	0.0000	0.0000	0.0000	0.0000	0.0000	0.0000	0.0000	0.0000	0.0000	0.0000	0.0000	0.0000	1.0000	0.0000	0.0000	1.0091	0.0000	0.0000	0.0000	0.0000	0.0000	0.0000	0.0000	0.0000	0.0000	0.0000	0.0000	0.0000	0.0000	0.0000	0.0000	0.0000	0.0000	0.0000	0.0000	0.0000	0.0000	0.0000	0.0000	0.0000	0.0000	0.0000	0.0000	0.0033	0.0011	0.0022	0.0000	0.0000	0.0000	0.0033	0.0011	0.0022	0.0000	0.0000	0.0000	0.0000	0.0000	0.0000	0.0000	0.0000	0.0000	0.0000	0.0000	0.0000	0.0000	0.0000	0.0000	0.0000	0.0000	0.0000											
98	104	0.5561	4	0	1	0	0	0	0	0	0	N	N	N	N	N	N	N	N	N	N	N	N	inf	inf	inf	inf	3.2281	3.5758	0.0000	5.2977	5.6911	0.0000	0.0000	0.0000	0.0000	0.0000	0.0000	0.0000	0.0000	0.0000	0.0000	0.0000	0.0000	0.0000	0.0000	-0.2602	0.0000	1.0000	7.9994	0.0000	4.0001	1.0000	1.0000	0.0000	1.0000	1.0000	0.0000	0.0000	0.0000	0.0000	0.0000	0.0000	0.0000	0.0000	0.0000	0.0000	0.0000	0.0000	0.0000	0.3098	0.2797	0.0301	0.1888	0.1757	0.0130	0.1210	0.1039	0.0171	0.0200	0.0099	0.0101	0.0065	0.0055	0.0010	0.0135	0.0044	0.0091	inf	inf	0.0000	inf	inf	0.0000	0.0000	0.0000	0.0000	0.0000	0.0000	0.0000	0.0000	0.0000	0.0000	0.0000	0.0000	0.0000						
98	105	0.6186	8	1	0	1	0	0	0	0	0	N	N	N	N	N	N	N	N	N	N	N	N	0.0000	0.0000	0.0000	0.0000	0.0000	0.0000	0.0000	0.0000	0.0000	0.0000	0.0000	0.0000	0.0000	0.0000	0.0000	0.0000	0.0000	0.0000	0.0000	0.0000	1.0000	1.0000	0.0000	1.0005	0.0000	0.0000	0.0000	0.0000	0.0000	0.0000	0.0000	0.0000	0.0000	0.0000	0.0000	0.0000	0.0000	0.0000	0.0000	0.0000	0.0000	0.0000	0.0451	0.0418	0.0033	0.0367	0.0346	0.0021	0.0084	0.0072	0.0011	0.0021	0.0013	0.0008	0.0011	0.0009	0.0002	0.0010	0.0003	0.0006	0.0000	0.0000	0.0000	0.0000	0.0000	0.0000	0.0000	0.0000	0.0000	0.0000	0.0000	0.0000	0.0000	0.0000	0.0000	0.0000	0.0000	0.0000											
98	106	0.6151	7	1	0	1	0	0	0	0	0	N	N	N	N	N	N	N	N	N	N	N	N	inf	inf	inf	inf	0.9431	1.0178	0.0000	1.1550	1.2223	0.0000	0.0000	0.0000	0.0000	0.0000	0.0000	0.0000	0.0000	0.0000	0.0000	0.0000	0.0000	0.0000	0.0000	-0.0097	0.0000	1.0000	0.7249	0.0000	0.0368	0.0371	0.0371	0.0000	0.0371	0.0371	0.0000	0.0000	0.0000	0.0000	0.0000	0.0000	0.0000	0.0000	0.0000	0.0000	0.0000	0.0000	0.0000	0.0393	0.0365	0.0029	0.0321	0.0304	0.0018	0.0072	0.0061	0.0011	0.0008	0.0005	0.0003	0.0004	0.0004	0.0001	0.0004	0.0001	0.0003	inf	inf	0.0000	inf	inf	0.0000	0.0000	0.0000	0.0000	0.0000	0.0000	0.0000	0.0000	0.0000	0.0000	0.0000	0.0000	0.0000						
98	107	0.6136	6	1	0	1	0	0	0	0	0	N	N	N	N	N	N	N	N	N	N	N	N	inf	inf	inf	inf	inf	inf	3.4174	3.6638	0.0058	4.0024	4.2355	0.0083	0.0000	0.0000	0.0000	0.0000	0.0000	0.0000	0.0000	0.0000	0.0000	0.0000	0.0000	0.0000	0.0001	-0.0227	0.0000	1.0000	0.4159	0.0000	0.0887	0.0871	0.0871	0.0000	0.0871	0.0871	0.0000	0.0000	0.0000	0.0000	0.0000	0.0000	0.0000	0.0000	0.0000	0.0000	0.0000	0.0000	0.0000	0.0255	0.0238	0.0017	0.0218	0.0206	0.0012	0.0037	0.0032	0.0005	0.0006	0.0004	0.0002	0.0003	0.0003	0.0000	0.0003	0.0001	0.0002	inf	inf	inf	inf	inf	inf	0.0000	0.0000	0.0000	0.0000	0.0000	0.0000	0.0000	0.0000	0.0000	0.0000	0.0000	0.0000				
98	108	0.5974	5	1	0	0	0	0	0	0	0	N	N	N	N	N	N	N	N	N	N	N	N	inf	inf	inf	inf	inf	inf	5.8833	6.3986	0.0007	7.6806	8.1804	0.0013	0.0000	0.0000	0.0000	0.0000	0.0000	0.0000	0.0000	0.0000	0.0000	0.0000	0.0000	0.0000	0.0000	-0.2535	0.0000	1.0000	3.9943	0.0000	0.9974	0.9745	0.9745	0.0000	0.9745	0.9745	0.0000	0.0000	0.0000	0.0000	0.0000	0.0000	0.0000	0.0000	0.0000	0.0000	0.0000	0.0000	0.0000	0.1656	0.1523	0.0133	0.1269	0.1191	0.0078	0.0388	0.0332	0.0056	0.0061	0.0034	0.0027	0.0030	0.0026	0.0004	0.0031	0.0008	0.0022	inf	inf	inf	inf	inf	inf	0.0000	0.0000	0.0000	0.0000	0.0000	0.0000	0.0000	0.0000	0.0000	0.0000	0.0000	0.0000				
98	109	0.0286	2	1	0	1	0	0	0	0	0	N	N	N	N	N	N	N	N	N	N	N	N	0.0000	0.0000	0.0000	0.0000	0.0000	0.0000	0.0000	0.0000	0.0000	0.0000	0.0000	0.0000	0.0000	0.0000	0.0000	0.0000	0.0000	0.0000	0.0000	0.0000	1.0000	0.0000	0.0000	0.9909	0.0000	0.0000	0.0000	0.0000	0.0000	0.0000	0.0000	0.0000	0.0000	0.0000	0.0000	0.0000	0.0000	0.0000	0.0000	0.0000	0.0000	0.0000	0.0000	0.0000	0.0000	0.0000	0.0000	0.0000	0.0000	0.0000	0.0000	0.0033	0.0011	0.0022	0.0000	0.0000	0.0000	0.0033	0.0011	0.0022	0.0000	0.0000	0.0000	0.0000	0.0000	0.0000	0.0000	0.0000	0.0000	0.0000	0.0000	0.0000	0.0000	0.0000	0.0000	0.0000	0.0000	0.0000											
98	112	0.6020	5	0	0	1	0	0	0	0	0	N	N	N	N	N	N	N	N	N	N	N	N	0.0000	0.0000	0.0000	0.0000	0.0000	0.0000	0.0000	0.0000	0.0000	0.0000	0.0000	0.0000	0.0000	0.0000	0.0000	0.0000	0.0000	0.0000	0.0000	0.0000	1.0000	0.0000	0.0000	0.0001	0.0000	0.0000	0.0000	0.0000	0.0000	0.0000	0.0000	0.0000	0.0000	0.0000	0.0000	0.0000	0.0000	0.0000	0.0000	0.0000	0.0000	0.0000	0.0000	0.0000	0.0000	0.0000	0.0000	0.0000	0.0000	0.0000	0.0000	0.0000	0.0000	0.0000	0.0000	0.0000	0.0000	0.0000	0.0000	0.0000	0.0000	0.0000	0.0000	0.0000	0.0000	0.0000	0.0000	0.0000	0.0000	0.0000	0.0000	0.0000	0.0000	0.0000	0.0000	0.0000	0.0000	0.0000											
98	113	0.5561	4	0	0	1	0	0	0	0	0	N	N	N	N	N	N	N	N	N	N	N	N	0.0000	0.0000	0.0000	0.0000	0.0000	0.0000	0.0000	0.0000	0.0000	0.0000	0.0000	0.0000	0.0000	0.0000	0.0000	0.0000	0.0000	0.0000	0.0000	0.0000	1.0000	4.0004	0.0000	4.9999	0.0000	0.0000	0.0000	0.0000	0.0000	0.0000	0.0000	0.0000	0.0000	0.0000	0.0000	0.0000	0.0000	0.0000	0.0000	0.0000	0.0000	0.0000	0.1719	0.1550	0.0169	0.1074	0.0998	0.0076	0.0645	0.0553	0.0093	0.0155	0.0077	0.0079	0.0050	0.0043	0.0008	0.0105	0.0034	0.0071	0.0000	0.0000	0.0000	0.0000	0.0000	0.0000	0.0000	0.0000	0.0000	0.0000	0.0000	0.0000	0.0000	0.0000	0.0000	0.0000	0.0000	0.0000											
98	114	0.0326	2	0	1	0	0	0	0	0	0	N	N	N	N	N	N	N	N	N	N	N	N	0.0000	0.0000	0.0000	0.0000	0.0000	0.0000	0.0000	0.0000	0.0000	0.0000	0.0000	0.0000	0.0000	0.0000	0.0000	0.0000	0.0000	0.0000	0.0000	0.0000	1.0000	4.3361	0.0000	4.6323	0.0000	0.0000	0.0000	0.0000	0.0000	0.0000	0.0000	0.0000	0.0000	0.0000	0.0000	0.0000	0.0000	0.0000	0.0000	0.0000	0.0000	0.0000	0.2277	0.2028	0.0249	0.0230	0.0218	0.0013	0.2046	0.1810	0.0236	0.0478	0.0263	0.0215	0.0080	0.0074	0.0006	0.0397	0.0188	0.0209	0.0000	0.0000	0.0000	0.0000	0.0000	0.0000	0.0000	0.0000	0.0000	0.0000	0.0000	0.0000	0.0000	0.0000	0.0000	0.0000	0.0000	0.0000											
98	116	0.5561	4	0	1	0	1	0	0	0	0	N	N	N	N	N	N	N	N	N	N	N	N	inf	inf	inf	inf	4.7815	5.3005	0.0000	7.7045	8.2881	0.0000	0.0000	0.0000	0.0000	0.0000	0.0000	0.0000	0.0000	0.0000	0.0000	0.0000	0.0000	0.0000	0.0000	-0.2602	0.0000	1.0000	5.0006	0.0000	2.0000	1.0000	1.0000	0.0000	1.0000	1.0000	0.0000	0.0000	0.0000	0.0000	0.0000	0.0000	0.0000	0.0000	0.0000	0.0000	0.0000	0.0000	0.0000	0.2091	0.1887	0.0205	0.1298	0.1207	0.0091	0.0793	0.0680	0.0113	0.0124	0.0061	0.0063	0.0040	0.0034	0.0006	0.0084	0.0027	0.0057	inf	inf	0.0000	inf	inf	0.0000	0.0000	0.0000	0.0000	0.0000	0.0000	0.0000	0.0000	0.0000	0.0000	0.0000	0.0000	0.0000						
98	118	0.5561	4	0	1	0	0	0	0	0	0	N	N	N	N	N	N	N	N	N	N	N	N	0.0000	0.0000	0.0000	0.0000	0.0000	0.0000	0.0000	0.0000	0.0000	0.0000	0.0000	0.0000	0.0000	0.0000	0.0000	0.0000	0.0000	0.0000	0.0000	0.0000	1.0000	16.9994	0.0000	6.0000	0.0000	0.0000	0.0000	0.0000	0.0000	0.0000	0.0000	0.0000	0.0000	0.0000	0.0000	0.0000	0.0000	0.0000	0.0000	0.0000	0.0000	0.0000	0.5400	0.4885	0.0515	0.3145	0.2936	0.0209	0.2255	0.1949	0.0307	0.0338	0.0170	0.0168	0.0114	0.0097	0.0017	0.0223	0.0073	0.0150	0.0000	0.0000	0.0000	0.0000	0.0000	0.0000	0.0000	0.0000	0.0000	0.0000	0.0000	0.0000	0.0000	0.0000	0.0000	0.0000	0.0000	0.0000											
98	120	0.0281	2	0	1	0	0	0	0	0	0	N	N	N	N	N	N	N	N	N	N	N	N	0.0000	0.0000	0.0000	0.0000	0.0000	0.0000	0.0000	0.0000	0.0000	0.0000	0.0000	0.0000	0.0000	0.0000	0.0000	0.0000	0.0000	0.0000	0.0000	0.0000	1.0000	0.9998	0.0000	0.9486	0.0000	0.0000	0.0000	0.0000	0.0000	0.0000	0.0000	0.0000	0.0000	0.0000	0.0000	0.0000	0.0000	0.0000	0.0000	0.0000	0.0000	0.0000	0.0536	0.0487	0.0050	0.0213	0.0204	0.0009	0.0324	0.0283	0.0041	0.0095	0.0038	0.0057	0.0015	0.0015	0.0000	0.0080	0.0024	0.0057	0.0000	0.0000	0.0000	0.0000	0.0000	0.0000	0.0000	0.0000	0.0000	0.0000	0.0000	0.0000	0.0000	0.0000	0.0000	0.0000	0.0000	0.0000											
98	122	0.5974	5	0	1	0	0	0	0	0	0	N	N	N	N	N	N	N	N	N	N	N	N	0.0000	0.0000	0.0000	0.0000	0.0000	0.0000	0.0000	0.0000	0.0000	0.0000	0.0000	0.0000	0.0000	0.0000	0.0000	0.0000	0.0000	0.0000	0.0000	0.0000	1.0000	2.0001	0.0000	3.0000	0.0000	0.0000	0.0000	0.0000	0.0000	0.0000	0.0000	0.0000	0.0000	0.0000	0.0000	0.0000	0.0000	0.0000	0.0000	0.0000	0.0000	0.0000	0.0886	0.0816	0.0071	0.0689	0.0647	0.0042	0.0198	0.0169	0.0029	0.0061	0.0034	0.0027	0.0030	0.0026	0.0004	0.0031	0.0008	0.0022	0.0000	0.0000	0.0000	0.0000	0.0000	0.0000	0.0000	0.0000	0.0000	0.0000	0.0000	0.0000	0.0000	0.0000	0.0000	0.0000	0.0000	0.0000											
98	123	0.5561	4	0	0	0	0	0	0	0	0	N	N	N	N	N	N	N	N	N	N	N	N	inf	inf	inf	inf	3.5987	3.9874	0.0000	5.8712	6.3099	0.0000	0.0000	0.0000	0.0000	0.0000	0.0000	0.0000	0.0000	0.0000	0.0000	0.0000	0.0000	0.0000	0.0000	-0.2602	0.0000	1.0000	6.9986	0.0000	2.0000	1.0000	1.0000	0.0000	1.0000	1.0000	0.0000	0.0000	0.0000	0.0000	0.0000	0.0000	0.0000	0.0000	0.0000	0.0000	0.0000	0.0000	0.0000	0.2779	0.2508	0.0271	0.1703	0.1585	0.0118	0.1076	0.0923	0.0152	0.0155	0.0077	0.0079	0.0050	0.0043	0.0008	0.0105	0.0034	0.0071	inf	inf	0.0000	inf	inf	0.0000	0.0000	0.0000	0.0000	0.0000	0.0000	0.0000	0.0000	0.0000	0.0000	0.0000	0.0000	0.0000						
98	124	0.0335	2	0	1	0	0	0	0	0	0	N	N	N	N	N	N	N	N	N	N	N	N	0.0000	0.0000	0.0000	0.0000	0.0000	0.0000	0.0000	0.0000	0.0000	0.0000	0.0000	0.0000	0.0000	0.0000	0.0000	0.0000	0.0000	0.0000	0.0000	0.0000	1.0000	3.9006	0.0000	3.1543	0.0000	0.0000	0.0000	0.0000	0.0000	0.0000	0.0000	0.0000	0.0000	0.0000	0.0000	0.0000	0.0000	0.0000	0.0000	0.0000	0.0000	0.0000	0.3777	0.3392	0.0385	0.0501	0.0480	0.0021	0.3276	0.2912	0.0364	0.0511	0.0231	0.0279	0.0061	0.0059	0.0001	0.0450	0.0172	0.0278	0.0000	0.0000	0.0000	0.0000	0.0000	0.0000	0.0000	0.0000	0.0000	0.0000	0.0000	0.0000	0.0000	0.0000	0.0000	0.0000	0.0000	0.0000											
98	126	0.5561	4	0	1	0	0	0	0	0	0	N	N	N	N	N	N	N	N	N	N	N	N	0.0000	0.0000	0.0000	0.0000	0.0000	0.0000	0.0000	0.0000	0.0000	0.0000	0.0000	0.0000	0.0000	0.0000	0.0000	0.0000	0.0000	0.0000	0.0000	0.0000	1.0000	0.9996	0.0000	8.0005	0.0000	0.0000	0.0000	0.0000	0.0000	0.0000	0.0000	0.0000	0.0000	0.0000	0.0000	0.0000	0.0000	0.0000	0.0000	0.0000	0.0000	0.0000	0.0469	0.0422	0.0046	0.0299	0.0277	0.0022	0.0170	0.0145	0.0025	0.0155	0.0077	0.0079	0.0050	0.0043	0.0008	0.0105	0.0034	0.0071	0.0000	0.0000	0.0000	0.0000	0.0000	0.0000	0.0000	0.0000	0.0000	0.0000	0.0000	0.0000	0.0000	0.0000	0.0000	0.0000	0.0000	0.0000											
98	127	0.4615	4	0	0	0	0	0	0	0	0	N	N	N	N	N	N	N	N	N	N	N	N	0.0000	0.0000	0.0000	0.0000	0.0000	0.0000	0.0000	0.0000	0.0000	0.0000	0.0000	0.0000	0.0000	0.0000	0.0000	0.0000	0.0000	0.0000	0.0000	0.0000	1.0000	3.6536	0.0000	12.3970	0.0000	0.0000	0.0000	0.0000	0.0000	0.0000	0.0000	0.0000	0.0000	0.0000	0.0000	0.0000	0.0000	0.0000	0.0000	0.0000	0.0000	0.0000	0.1701	0.1530	0.0170	0.1106	0.1022	0.0085	0.0594	0.0509	0.0086	0.0326	0.0178	0.0149	0.0121	0.0106	0.0014	0.0206	0.0071	0.0134	0.0000	0.0000	0.0000	0.0000	0.0000	0.0000	0.0000	0.0000	0.0000	0.0000	0.0000	0.0000	0.0000	0.0000	0.0000	0.0000	0.0000	0.0000											
98	128	0.2504	2	0	0	0	0	0	0	0	0	N	N	N	N	N	N	N	N	N	N	N	N	inf	inf	inf	inf	inf	inf	0.3038	0.3366	0.0000	0.2062	0.2211	0.0000	0.4169	0.4805	0.0000	0.0000	0.0000	0.0000	0.0000	0.0000	0.0000	0.0000	0.0000	0.0000	0.0000	-0.0228	0.0000	1.0000	5.3495	0.0000	12.4099	0.0876	0.0876	0.0000	0.0319	0.0319	0.0000	0.0557	0.0557	0.0000	0.0000	0.0000	0.0000	0.0000	0.0000	0.0000	0.0000	0.0000	0.0000	0.2884	0.2604	0.0281	0.1548	0.1444	0.0104	0.1336	0.1159	0.0177	0.0604	0.0320	0.0284	0.0209	0.0188	0.0021	0.0395	0.0132	0.0262	inf	inf	0.0000	inf	inf	0.0000	inf	inf	0.0000	0.0000	0.0000	0.0000	0.0000	0.0000	0.0000	0.0000	0.0000	0.0000				
98	129	0.6676	10	0	1	0	1	0	0	0	0	N	N	N	N	N	N	N	N	N	N	N	N	0.0000	0.0000	0.0000	0.0000	0.0000	0.0000	0.0000	0.0000	0.0000	0.0000	0.0000	0.0000	0.0000	0.0000	0.0000	0.0000	0.0000	0.0000	0.0000	0.0000	1.0000	0.0000	0.0000	0.0000	0.0000	0.0000	0.0000	0.0000	0.0000	0.0000	0.0000	0.0000	0.0000	0.0000	0.0000	0.0000	0.0000	0.0000	0.0000	0.0000	0.0000	0.0000	0.0000	0.0000	0.0000	0.0000	0.0000	0.0000	0.0000	0.0000	0.0000	0.0000	0.0000	0.0000	0.0000	0.0000	0.0000	0.0000	0.0000	0.0000	0.0000	0.0000	0.0000	0.0000	0.0000	0.0000	0.0000	0.0000	0.0000	0.0000	0.0000	0.0000	0.0000	0.0000	0.0000	0.0000	0.0000	0.0000											
98	130	0.6513	9	0	1	0	1	0	0	0	0	N	N	N	N	N	N	N	N	N	N	N	N	0.0000	0.0000	0.0000	0.0000	0.0000	0.0000	0.0000	0.0000	0.0000	0.0000	0.0000	0.0000	0.0000	0.0000	0.0000	0.0000	0.0000	0.0000	0.0000	0.0000	1.0000	0.0000	0.0000	3.0001	0.0000	0.0000	0.0000	0.0000	0.0000	0.0000	0.0000	0.0000	0.0000	0.0000	0.0000	0.0000	0.0000	0.0000	0.0000	0.0000	0.0000	0.0000	0.0000	0.0000	0.0000	0.0000	0.0000	0.0000	0.0000	0.0000	0.0000	0.0034	0.0021	0.0013	0.0019	0.0016	0.0003	0.0015	0.0005	0.0011	0.0000	0.0000	0.0000	0.0000	0.0000	0.0000	0.0000	0.0000	0.0000	0.0000	0.0000	0.0000	0.0000	0.0000	0.0000	0.0000	0.0000	0.0000											
98	131	0.6416	8	0	1	0	0	0	0	0	0	N	N	N	N	N	N	N	N	N	N	N	N	0.0000	0.0000	0.0000	0.0000	0.0000	0.0000	0.0000	0.0000	0.0000	0.0000	0.0000	0.0000	0.0000	0.0000	0.0000	0.0000	0.0000	0.0000	0.0000	0.0000	1.0000	0.0000	0.0000	0.0000	0.0000	0.0000	0.0000	0.0000	0.0000	0.0000	0.0000	0.0000	0.0000	0.0000	0.0000	0.0000	0.0000	0.0000	0.0000	0.0000	0.0000	0.0000	0.0000	0.0000	0.0000	0.0000	0.0000	0.0000	0.0000	0.0000	0.0000	0.0000	0.0000	0.0000	0.0000	0.0000	0.0000	0.0000	0.0000	0.0000	0.0000	0.0000	0.0000	0.0000	0.0000	0.0000	0.0000	0.0000	0.0000	0.0000	0.0000	0.0000	0.0000	0.0000	0.0000	0.0000	0.0000	0.0000											
98	132	0.6513	9	0	0	1	1	0	0	0	0	N	N	N	N	N	N	N	N	N	N	N	N	0.0000	0.0000	0.0000	0.0000	0.0000	0.0000	0.0000	0.0000	0.0000	0.0000	0.0000	0.0000	0.0000	0.0000	0.0000	0.0000	0.0000	0.0000	0.0000	0.0000	1.0000	0.0000	0.0000	1.9999	0.0000	0.0000	0.0000	0.0000	0.0000	0.0000	0.0000	0.0000	0.0000	0.0000	0.0000	0.0000	0.0000	0.0000	0.0000	0.0000	0.0000	0.0000	0.0000	0.0000	0.0000	0.0000	0.0000	0.0000	0.0000	0.0000	0.0000	0.0023	0.0014	0.0009	0.0013	0.0011	0.0002	0.0010	0.0003	0.0007	0.0000	0.0000	0.0000	0.0000	0.0000	0.0000	0.0000	0.0000	0.0000	0.0000	0.0000	0.0000	0.0000	0.0000	0.0000	0.0000	0.0000	0.0000											
98	133	0.6623	10	0	0	1	1	0	0	0	0	N	N	N	N	N	N	N	N	N	N	N	N	0.0000	0.0000	0.0000	0.0000	0.0000	0.0000	0.0000	0.0000	0.0000	0.0000	0.0000	0.0000	0.0000	0.0000	0.0000	0.0000	0.0000	0.0000	0.0000	0.0000	1.0000	1.0000	0.0000	0.0000	0.0000	0.0000	0.0000	0.0000	0.0000	0.0000	0.0000	0.0000	0.0000	0.0000	0.0000	0.0000	0.0000	0.0000	0.0000	0.0000	0.0000	0.0000	0.0491	0.0454	0.0037	0.0406	0.0381	0.0025	0.0085	0.0073	0.0013	0.0010	0.0006	0.0004	0.0005	0.0005	0.0001	0.0005	0.0002	0.0004	0.0000	0.0000	0.0000	0.0000	0.0000	0.0000	0.0000	0.0000	0.0000	0.0000	0.0000	0.0000	0.0000	0.0000	0.0000	0.0000	0.0000	0.0000											
98	134	0.6623	10	0	0	1	1	0	0	0	0	N	N	N	N	N	N	N	N	N	N	N	N	0.0000	0.0000	0.0000	0.0000	0.0000	0.0000	0.0000	0.0000	0.0000	0.0000	0.0000	0.0000	0.0000	0.0000	0.0000	0.0000	0.0000	0.0000	0.0000	0.0000	1.0000	0.0000	0.0000	0.0000	0.0000	0.0000	0.0000	0.0000	0.0000	0.0000	0.0000	0.0000	0.0000	0.0000	0.0000	0.0000	0.0000	0.0000	0.0000	0.0000	0.0000	0.0000	0.0000	0.0000	0.0000	0.0000	0.0000	0.0000	0.0000	0.0000	0.0000	0.0000	0.0000	0.0000	0.0000	0.0000	0.0000	0.0000	0.0000	0.0000	0.0000	0.0000	0.0000	0.0000	0.0000	0.0000	0.0000	0.0000	0.0000	0.0000	0.0000	0.0000	0.0000	0.0000	0.0000	0.0000	0.0000	0.0000											
98	135	0.6513	9	0	0	1	1	0	0	0	0	N	N	N	N	N	N	N	N	N	N	N	N	0.0000	0.0000	0.0000	0.0000	0.0000	0.0000	0.0000	0.0000	0.0000	0.0000	0.0000	0.0000	0.0000	0.0000	0.0000	0.0000	0.0000	0.0000	0.0000	0.0000	1.0000	2.0025	0.0000	0.9943	0.0000	0.0000	0.0000	0.0000	0.0000	0.0000	0.0000	0.0000	0.0000	0.0000	0.0000	0.0000	0.0000	0.0000	0.0000	0.0000	0.0000	0.0000	0.0970	0.0895	0.0075	0.0788	0.0740	0.0048	0.0181	0.0155	0.0026	0.0034	0.0021	0.0013	0.0019	0.0016	0.0003	0.0015	0.0005	0.0011	0.0000	0.0000	0.0000	0.0000	0.0000	0.0000	0.0000	0.0000	0.0000	0.0000	0.0000	0.0000	0.0000	0.0000	0.0000	0.0000	0.0000	0.0000											
98	136	0.6513	8	0	0	0	1	0	0	0	0	N	N	N	N	N	N	N	N	N	N	N	N	0.0000	0.0000	0.0000	0.0000	0.0000	0.0000	0.0000	0.0000	0.0000	0.0000	0.0000	0.0000	0.0000	0.0000	0.0000	0.0000	0.0000	0.0000	0.0000	0.0000	1.0000	0.0050	0.0000	0.0173	0.0000	0.0000	0.0000	0.0000	0.0000	0.0000	0.0000	0.0000	0.0000	0.0000	0.0000	0.0000	0.0000	0.0000	0.0000	0.0000	0.0000	0.0000	0.0013	0.0012	0.0001	0.0012	0.0011	0.0001	0.0001	0.0000	0.0000	0.0000	0.0000	0.0000	0.0000	0.0000	0.0000	0.0000	0.0000	0.0000	0.0000	0.0000	0.0000	0.0000	0.0000	0.0000	0.0000	0.0000	0.0000	0.0000	0.0000	0.0000	0.0000	0.0000	0.0000	0.0000	0.0000	0.0000											
98	137	0.6416	7	0	0	0	1	0	0	0	0	N	N	N	N	N	N	N	N	N	N	N	N	0.0000	0.0000	0.0000	0.0000	0.0000	0.0000	0.0000	0.0000	0.0000	0.0000	0.0000	0.0000	0.0000	0.0000	0.0000	0.0000	0.0000	0.0000	0.0000	0.0000	1.0000	1.9972	0.0000	1.0076	0.0000	0.0000	0.0000	0.0000	0.0000	0.0000	0.0000	0.0000	0.0000	0.0000	0.0000	0.0000	0.0000	0.0000	0.0000	0.0000	0.0000	0.0000	0.0731	0.0668	0.0063	0.0562	0.0524	0.0038	0.0169	0.0144	0.0025	0.0029	0.0019	0.0011	0.0019	0.0016	0.0003	0.0011	0.0002	0.0008	0.0000	0.0000	0.0000	0.0000	0.0000	0.0000	0.0000	0.0000	0.0000	0.0000	0.0000	0.0000	0.0000	0.0000	0.0000	0.0000	0.0000	0.0000											
98	138	0.6244	6	1	1	0	0	0	0	0	0	N	N	N	N	N	N	N	N	N	N	N	N	0.0000	0.0000	0.0000	0.0000	0.0000	0.0000	0.0000	0.0000	0.0000	0.0000	0.0000	0.0000	0.0000	0.0000	0.0000	0.0000	0.0000	0.0000	0.0000	0.0000	1.0000	0.0002	0.0000	2.3255	0.0000	0.0000	0.0000	0.0000	0.0000	0.0000	0.0000	0.0000	0.0000	0.0000	0.0000	0.0000	0.0000	0.0000	0.0000	0.0000	0.0000	0.0000	0.0000	0.0000	0.0000	0.0000	0.0000	0.0000	0.0000	0.0000	0.0000	0.0036	0.0022	0.0014	0.0017	0.0015	0.0002	0.0019	0.0007	0.0012	0.0000	0.0000	0.0000	0.0000	0.0000	0.0000	0.0000	0.0000	0.0000	0.0000	0.0000	0.0000	0.0000	0.0000	0.0000	0.0000	0.0000	0.0000											
98	139	0.6065	5	1	1	0	0	0	0	0	0	N	N	N	N	N	N	N	N	N	N	N	N	inf	inf	inf	inf	11.0201	12.0828	0.0000	14.7832	15.8039	0.0000	0.0000	0.0000	0.0000	0.0000	0.0000	0.0000	0.0000	0.0000	0.0000	0.0000	0.0000	0.0000	0.0000	-0.2602	0.0000	1.0000	2.0138	0.0000	2.7349	0.9999	0.9999	0.0000	0.9999	0.9999	0.0000	0.0000	0.0000	0.0000	0.0000	0.0000	0.0000	0.0000	0.0000	0.0000	0.0000	0.0000	0.0000	0.0907	0.0828	0.0080	0.0676	0.0633	0.0044	0.0231	0.0195	0.0036	0.0102	0.0058	0.0043	0.0047	0.0043	0.0004	0.0055	0.0016	0.0039	inf	inf	0.0000	inf	inf	0.0000	0.0000	0.0000	0.0000	0.0000	0.0000	0.0000	0.0000	0.0000	0.0000	0.0000	0.0000	0.0000						
98	140	0.6230	6	0	1	0	0	0	0	0	0	N	N	N	N	N	N	N	N	N	N	N	N	0.0000	0.0000	0.0000	0.0000	0.0000	0.0000	0.0000	0.0000	0.0000	0.0000	0.0000	0.0000	0.0000	0.0000	0.0000	0.0000	0.0000	0.0000	0.0000	0.0000	1.0000	1.9232	0.0000	1.1116	0.0000	0.0000	0.0000	0.0000	0.0000	0.0000	0.0000	0.0000	0.0000	0.0000	0.0000	0.0000	0.0000	0.0000	0.0000	0.0000	0.0000	0.0000	0.2150	0.2030	0.0120	0.1842	0.1762	0.0079	0.0308	0.0267	0.0041	0.0032	0.0020	0.0012	0.0020	0.0017	0.0003	0.0012	0.0003	0.0009	0.0000	0.0000	0.0000	0.0000	0.0000	0.0000	0.0000	0.0000	0.0000	0.0000	0.0000	0.0000	0.0000	0.0000	0.0000	0.0000	0.0000	0.0000											
98	141	0.0192	2	0	1	0	0	0	0	0	0	N	N	N	N	N	N	N	N	N	N	N	N	0.0000	0.0000	0.0000	0.0000	0.0000	0.0000	0.0000	0.0000	0.0000	0.0000	0.0000	0.0000	0.0000	0.0000	0.0000	0.0000	0.0000	0.0000	0.0000	0.0000	1.0000	3.0000	0.0000	1.0000	0.0000	0.0000	0.0000	0.0000	0.0000	0.0000	0.0000	0.0000	0.0000	0.0000	0.0000	0.0000	0.0000	0.0000	0.0000	0.0000	0.0000	0.0000	0.2938	0.2617	0.0321	0.0276	0.0263	0.0013	0.2662	0.2355	0.0307	0.0314	0.0136	0.0178	0.0000	0.0000	0.0000	0.0314	0.0136	0.0178	0.0000	0.0000	0.0000	0.0000	0.0000	0.0000	0.0000	0.0000	0.0000	0.0000	0.0000	0.0000	0.0000	0.0000	0.0000	0.0000	0.0000	0.0000											
98	145	0.6416	8	1	1	0	0	0	0	0	0	N	N	N	N	N	N	N	N	N	N	N	N	0.0000	0.0000	0.0000	0.0000	0.0000	0.0000	0.0000	0.0000	0.0000	0.0000	0.0000	0.0000	0.0000	0.0000	0.0000	0.0000	0.0000	0.0000	0.0000	0.0000	1.0000	1.0000	0.0000	1.0000	0.0000	0.0000	0.0000	0.0000	0.0000	0.0000	0.0000	0.0000	0.0000	0.0000	0.0000	0.0000	0.0000	0.0000	0.0000	0.0000	0.0000	0.0000	0.0375	0.0343	0.0032	0.0290	0.0270	0.0020	0.0085	0.0073	0.0013	0.0020	0.0013	0.0007	0.0013	0.0011	0.0002	0.0007	0.0002	0.0005	0.0000	0.0000	0.0000	0.0000	0.0000	0.0000	0.0000	0.0000	0.0000	0.0000	0.0000	0.0000	0.0000	0.0000	0.0000	0.0000	0.0000	0.0000											
98	146	0.6416	7	0	1	0	0	0	0	0	0	N	N	N	N	N	N	N	N	N	N	N	N	0.0000	0.0000	0.0000	0.0000	0.0000	0.0000	0.0000	0.0000	0.0000	0.0000	0.0000	0.0000	0.0000	0.0000	0.0000	0.0000	0.0000	0.0000	0.0000	0.0000	1.0000	0.0003	0.0000	0.0000	0.0000	0.0000	0.0000	0.0000	0.0000	0.0000	0.0000	0.0000	0.0000	0.0000	0.0000	0.0000	0.0000	0.0000	0.0000	0.0000	0.0000	0.0000	0.0001	0.0001	0.0000	0.0001	0.0001	0.0000	0.0000	0.0000	0.0000	0.0000	0.0000	0.0000	0.0000	0.0000	0.0000	0.0000	0.0000	0.0000	0.0000	0.0000	0.0000	0.0000	0.0000	0.0000	0.0000	0.0000	0.0000	0.0000	0.0000	0.0000	0.0000	0.0000	0.0000	0.0000	0.0000	0.0000											
98	147	0.6230	6	0	0	0	0	0	0	0	0	N	N	N	N	N	N	N	N	N	N	N	N	0.0000	0.0000	0.0000	0.0000	0.0000	0.0000	0.0000	0.0000	0.0000	0.0000	0.0000	0.0000	0.0000	0.0000	0.0000	0.0000	0.0000	0.0000	0.0000	0.0000	1.0000	4.9449	0.0000	1.0063	0.0000	0.0000	0.0000	0.0000	0.0000	0.0000	0.0000	0.0000	0.0000	0.0000	0.0000	0.0000	0.0000	0.0000	0.0000	0.0000	0.0000	0.0000	0.2980	0.2771	0.0209	0.2423	0.2292	0.0131	0.0557	0.0479	0.0077	0.0060	0.0038	0.0022	0.0037	0.0032	0.0005	0.0023	0.0006	0.0017	0.0000	0.0000	0.0000	0.0000	0.0000	0.0000	0.0000	0.0000	0.0000	0.0000	0.0000	0.0000	0.0000	0.0000	0.0000	0.0000	0.0000	0.0000											
98	148	0.6065	5	0	0	0	0	0	0	0	0	N	N	N	N	N	N	N	N	N	N	N	N	inf	inf	inf	inf	0.0005	0.0006	0.0000	0.0007	0.0008	0.0000	0.0000	0.0000	0.0000	0.0000	0.0000	0.0000	0.0000	0.0000	0.0000	0.0000	0.0000	0.0000	0.0000	-0.0000	0.0000	1.0000	3.4778	0.0000	1.2917	0.0001	0.0001	0.0000	0.0001	0.0001	0.0000	0.0000	0.0000	0.0000	0.0000	0.0000	0.0000	0.0000	0.0000	0.0000	0.0000	0.0000	0.0000	0.1357	0.1233	0.0124	0.0972	0.0908	0.0064	0.0385	0.0325	0.0060	0.0102	0.0059	0.0044	0.0047	0.0043	0.0004	0.0055	0.0016	0.0039	inf	inf	0.0000	inf	inf	0.0000	0.0000	0.0000	0.0000	0.0000	0.0000	0.0000	0.0000	0.0000	0.0000	0.0000	0.0000	0.0000						
98	149	0.5561	4	0	0	0	0	0	0	0	0	N	N	N	N	N	N	N	N	N	N	N	N	inf	inf	inf	inf	0.0002	0.0003	0.0000	0.0004	0.0004	0.0000	0.0000	0.0000	0.0000	0.0000	0.0000	0.0000	0.0000	0.0000	0.0000	0.0000	0.0000	0.0000	0.0000	-0.0000	0.0000	1.0000	7.8050	0.0000	4.0035	0.0001	0.0001	0.0000	0.0001	0.0001	0.0000	0.0000	0.0000	0.0000	0.0000	0.0000	0.0000	0.0000	0.0000	0.0000	0.0000	0.0000	0.0000	0.3037	0.2742	0.0295	0.1853	0.1724	0.0128	0.1184	0.1017	0.0167	0.0197	0.0098	0.0099	0.0064	0.0055	0.0010	0.0133	0.0043	0.0090	inf	inf	0.0000	inf	inf	0.0000	0.0000	0.0000	0.0000	0.0000	0.0000	0.0000	0.0000	0.0000	0.0000	0.0000	0.0000	0.0000						
98	150	0.4615	4	0	0	0	0	0	0	0	0	N	N	N	N	N	N	N	N	N	N	N	N	0.0000	0.0000	0.0000	0.0000	0.0000	0.0000	0.0000	0.0000	0.0000	0.0000	0.0000	0.0000	0.0000	0.0000	0.0000	0.0000	0.0000	0.0000	0.0000	0.0000	1.0000	3.7255	0.0000	14.1767	0.0000	0.0000	0.0000	0.0000	0.0000	0.0000	0.0000	0.0000	0.0000	0.0000	0.0000	0.0000	0.0000	0.0000	0.0000	0.0000	0.0000	0.0000	0.1729	0.1556	0.0173	0.1124	0.1038	0.0086	0.0605	0.0518	0.0087	0.0348	0.0189	0.0160	0.0128	0.0112	0.0016	0.0220	0.0076	0.0144	0.0000	0.0000	0.0000	0.0000	0.0000	0.0000	0.0000	0.0000	0.0000	0.0000	0.0000	0.0000	0.0000	0.0000	0.0000	0.0000	0.0000	0.0000											
98	151	0.4451	3	0	0	0	0	0	0	0	0	N	N	N	N	N	N	N	N	N	N	N	N	inf	inf	inf	inf	inf	inf	0.0347	0.0386	0.0000	0.0511	0.0550	0.0000	0.0051	0.0060	0.0000	0.0000	0.0000	0.0000	0.0000	0.0000	0.0000	0.0000	0.0000	0.0000	0.0000	-0.0006	0.0000	1.0000	1.4205	0.0000	4.0377	0.0025	0.0025	0.0000	0.0024	0.0024	0.0000	0.0001	0.0001	0.0000	0.0000	0.0000	0.0000	0.0000	0.0000	0.0000	0.0000	0.0000	0.0000	0.0715	0.0643	0.0072	0.0460	0.0427	0.0033	0.0255	0.0216	0.0039	0.0199	0.0117	0.0082	0.0082	0.0076	0.0006	0.0117	0.0042	0.0076	inf	inf	0.0000	inf	inf	0.0000	inf	inf	0.0000	0.0000	0.0000	0.0000	0.0000	0.0000	0.0000	0.0000	0.0000	0.0000				
99	100	0.2390	5	1	1	1	0	0	0	0	0	N	N	N	N	N	N	N	N	N	N	N	N	0.0000	0.0000	0.0000	0.0000	0.0000	0.0000	0.0000	0.0000	0.0000	0.0000	0.0000	0.0000	0.0000	0.3404	0.6338	0.0000	0.4045	0.3918	0.0000	0.0000	0.0000	0.0000	0.0000	0.0000	-0.0001	1.5982	0.0000	11.1970	0.9982	0.0000	0.0000	0.0000	0.0000	0.0000	0.0000	0.0000	0.0000	0.0000	0.0002	0.0002	0.0000	0.0002	0.0002	0.0000	0.0000	0.0000	0.0000	0.0072	0.0067	0.0004	0.0062	0.0060	0.0002	0.0010	0.0007	0.0002	0.0294	0.0163	0.0130	0.0091	0.0085	0.0006	0.0203	0.0078	0.0124	0.0000	0.0000	0.0000	0.0000	0.0000	0.0000	0.0000	0.0000	0.0000	0.0075	0.0135	0.0000	0.0243	0.0259	0.0000	0.0000	0.0000	0.0000						
99	101	0.5489	6	1	1	1	0	0	0	0	0	N	N	N	N	N	N	N	N	N	N	N	N	0.0000	0.0000	0.0000	0.0000	0.0000	0.0000	0.0000	0.0000	0.0000	0.0000	0.0000	0.0000	0.0000	0.0000	0.0000	0.0000	0.0000	0.0000	0.0000	0.0000	1.5982	0.0000	11.1970	0.0000	0.0000	0.0000	0.0000	0.0000	0.0000	0.0000	0.0000	0.0000	0.0000	0.0000	0.0000	0.0000	0.0000	0.0000	0.0000	0.0000	0.0000	0.0000	0.0000	0.0000	0.0000	0.0000	0.0000	0.0000	0.0000	0.0000	0.0000	0.0000	0.0000	0.0000	0.0000	0.0000	0.0000	0.0000	0.0000	0.0000	0.0000	0.0000	0.0000	0.0000	0.0000	0.0000	0.0000	0.0000	0.0000	0.0000	0.0000	0.0000	0.0000	0.0000	0.0000	0.0000	0.0000	0.0000											
99	102	0.5489	5	1	0	1	0	0	0	0	0	N	N	N	N	N	N	N	N	N	N	N	N	0.0000	0.0000	0.0000	0.0000	0.0000	0.0000	0.0000	0.0000	0.0000	0.0000	0.0000	0.0000	0.0000	0.0000	0.0000	0.0000	0.0000	0.0000	0.0000	0.0000	1.5982	0.0000	11.1970	0.0000	0.0000	0.0000	0.0000	0.0000	0.0000	0.0000	0.0000	0.0000	0.0000	0.0000	0.0000	0.0000	0.0000	0.0000	0.0000	0.0000	0.0000	0.0000	0.0000	0.0000	0.0000	0.0000	0.0000	0.0000	0.0000	0.0000	0.0000	0.0000	0.0000	0.0000	0.0000	0.0000	0.0000	0.0000	0.0000	0.0000	0.0000	0.0000	0.0000	0.0000	0.0000	0.0000	0.0000	0.0000	0.0000	0.0000	0.0000	0.0000	0.0000	0.0000	0.0000	0.0000	0.0000	0.0000											
99	103	0.5428	4	1	0	1	0	0	0	0	0	N	N	N	N	N	N	N	N	N	N	N	N	0.0000	0.0000	0.0000	0.0000	0.0000	0.0000	0.0000	0.0000	0.0000	0.0000	0.0000	0.0000	0.0000	0.0000	0.0000	0.0000	0.0000	0.0000	0.0000	0.0000	1.5982	0.0000	11.1970	1.0091	0.0000	0.0000	0.0000	0.0000	0.0000	0.0000	0.0000	0.0000	0.0000	0.0000	0.0000	0.0000	0.0000	0.0000	0.0000	0.0000	0.0000	0.0000	0.0000	0.0000	0.0000	0.0000	0.0000	0.0000	0.0000	0.0000	0.0000	0.0256	0.0147	0.0109	0.0107	0.0096	0.0011	0.0149	0.0051	0.0098	0.0000	0.0000	0.0000	0.0000	0.0000	0.0000	0.0000	0.0000	0.0000	0.0000	0.0000	0.0000	0.0000	0.0000	0.0000	0.0000	0.0000	0.0000											
99	104	0.1800	2	0	1	0	0	0	0	0	0	N	N	N	N	N	N	N	N	N	N	N	N	21.0235	12.2269	5.3304	6.0296	inf	inf	0.0043	0.0048	0.0000	0.0045	0.0046	0.0000	0.0042	0.0049	0.0000	0.0002	0.0004	0.0000	0.0008	0.0008	0.0000	0.0000	0.0000	0.0000	0.0000	0.0000	-0.0007	-0.0000	1.5982	7.9994	11.1970	4.0001	0.0026	0.0026	0.0000	0.0006	0.0006	0.0000	0.0021	0.0021	0.0000	0.0000	0.0000	0.0000	0.0000	0.0000	0.0000	0.0000	0.0000	0.0000	0.6184	0.5484	0.0700	0.1289	0.1265	0.0024	0.4895	0.4219	0.0676	0.4915	0.2799	0.2116	0.0998	0.0933	0.0064	0.3918	0.1866	0.2052	69.6805	44.7490	0.0000	14.9619	14.2646	0.0000	inf	inf	0.0000	0.0001	0.0001	0.0000	0.0003	0.0003	0.0000	0.0000	0.0000	0.0000			
99	105	0.2425	6	1	0	1	0	0	0	0	0	N	N	N	N	N	N	N	N	N	N	N	N	0.0000	0.0000	0.0000	0.0000	0.0000	0.0000	0.0006	inf	0.0000	0.0001	0.0001	0.0000	0.0001	0.0001	0.0000	0.0000	0.0000	0.0000	10.2669	18.4576	0.0004	33.4362	35.6923	0.0000	0.0003	0.0000	0.0004	0.0000	0.0000	-0.0000	-0.3095	1.5982	1.0000	11.1970	1.0005	0.0000	0.0000	0.0000	0.0000	0.0000	0.0000	0.0000	0.0000	0.0000	0.5930	0.5930	0.0000	0.5930	0.5930	0.0000	0.0000	0.0000	0.0000	0.0852	0.0771	0.0081	0.0487	0.0470	0.0018	0.0364	0.0301	0.0063	0.0578	0.0321	0.0256	0.0177	0.0166	0.0011	0.0400	0.0155	0.0245	0.0000	0.0000	0.0000	0.0000	0.0000	0.0000	0.0007	inf	0.0000	10.2669	18.4576	0.0004	33.4362	35.6923	0.0000	0.0003	0.0000	0.0004
99	106	0.2390	5	1	0	1	0	0	0	0	0	N	N	N	N	N	N	N	N	N	N	N	N	0.2245	0.1799	0.0019	0.2313	0.2809	0.0000	1.6719	0.2379	0.0018	0.0014	0.0015	0.0000	0.0022	0.0023	0.0000	0.0002	0.0003	0.0000	0.0062	0.0086	0.0001	0.0094	0.0080	0.0003	0.0001	0.0012	0.0001	0.0000	0.0775	-0.0000	-0.0000	1.5982	0.7249	11.1970	0.0368	0.0001	0.0001	0.0000	0.0001	0.0001	0.0000	0.0000	0.0000	0.0000	0.0000	0.0000	0.0000	0.0000	0.0000	0.0000	0.0000	0.0000	0.0000	0.0691	0.0628	0.0063	0.0416	0.0401	0.0015	0.0275	0.0227	0.0048	0.0225	0.0125	0.0100	0.0070	0.0065	0.0004	0.0155	0.0060	0.0095	1.5427	1.0195	0.0019	0.7986	0.7815	0.0000	2.4653	13.3805	0.0018	0.0009	0.0015	0.0001	0.0027	0.0029	0.0003	0.0001	0.0000	0.0001
99	107	0.2375	4	1	0	1	0	0	0	0	0	N	N	N	N	N	N	N	N	N	N	N	N	0.1045	0.1154	0.0151	0.3018	0.3158	0.1258	0.0228	0.0081	0.0003	0.0051	0.0056	0.0000	0.0078	0.0081	0.0001	0.0002	0.0002	0.0000	0.0487	0.0482	0.0020	0.0259	0.0257	0.0008	0.0071	0.0243	0.0020	0.0005	0.4149	-0.0001	-0.0000	1.5982	0.4159	11.1970	0.0887	0.0002	0.0002	0.0000	0.0002	0.0002	0.0000	0.0000	0.0000	0.0000	0.0000	0.0000	0.0000	0.0000	0.0000	0.0000	0.0000	0.0000	0.0000	0.0435	0.0398	0.0037	0.0280	0.0270	0.0010	0.0155	0.0128	0.0027	0.0160	0.0090	0.0070	0.0051	0.0048	0.0003	0.0108	0.0041	0.0067	1.7475	1.5215	0.0151	1.4565	1.4366	0.1490	0.0928	0.1479	0.0003	0.0029	0.0037	0.0020	0.0054	0.0056	0.0007	0.0017	0.0013	0.0020
99	108	0.2213	3	1	0	0	0	0	0	0	0	N	N	N	N	N	N	N	N	N	N	N	N	0.0099	0.0070	0.0872	0.0104	0.0109	inf	11.2188	0.3716	0.0045	0.0080	0.0089	0.0000	0.0140	0.0148	0.0000	0.0007	0.0009	0.0000	0.8060	1.2657	0.0000	1.3443	1.3539	0.0000	0.0001	0.0023	0.0000	0.0000	0.0002	-0.0007	-0.0021	1.5982	3.9943	11.1970	0.9974	0.0025	0.0025	0.0000	0.0024	0.0024	0.0000	0.0001	0.0001	0.0000	0.0040	0.0040	0.0000	0.0040	0.0040	0.0000	0.0000	0.0000	0.0000	0.3160	0.2832	0.0328	0.1727	0.1639	0.0088	0.1434	0.1193	0.0241	0.1464	0.0784	0.0680	0.0412	0.0386	0.0026	0.1052	0.0398	0.0654	0.2920	0.1745	0.0872	0.1445	0.1426	inf	22.3367	12.4617	0.0045	0.0273	0.0510	0.0000	0.0970	0.1035	0.0000	0.0000	0.0001	0.0000
99	109	0.5428	4	1	0	1	0	0	0	0	0	N	N	N	N	N	N	N	N	N	N	N	N	0.0000	0.0000	0.0000	0.0000	0.0000	0.0000	0.0000	0.0000	0.0000	0.0000	0.0000	0.0000	0.0000	0.0000	0.0000	0.0000	0.0000	0.0000	0.0000	0.0000	1.5982	0.0000	11.1970	0.9909	0.0000	0.0000	0.0000	0.0000	0.0000	0.0000	0.0000	0.0000	0.0000	0.0000	0.0000	0.0000	0.0000	0.0000	0.0000	0.0000	0.0000	0.0000	0.0000	0.0000	0.0000	0.0000	0.0000	0.0000	0.0000	0.0000	0.0000	0.0252	0.0145	0.0107	0.0105	0.0094	0.0011	0.0147	0.0050	0.0096	0.0000	0.0000	0.0000	0.0000	0.0000	0.0000	0.0000	0.0000	0.0000	0.0000	0.0000	0.0000	0.0000	0.0000	0.0000	0.0000	0.0000	0.0000											
99	110	0.5142	3	1	0	1	0	0	0	0	0	N	N	N	N	N	N	N	N	N	N	N	N	inf	inf	inf	inf	inf	inf	0.0002	0.0002	0.0000	0.0002	0.0002	0.0000	0.0002	0.0002	0.0000	0.0000	0.0000	0.0000	0.0000	0.0000	0.0000	0.0000	0.0000	0.0000	0.0000	-0.0000	0.0000	1.5982	4.0000	11.1970	0.0000	0.0000	0.0000	0.0000	0.0000	0.0000	0.0000	0.0000	0.0000	0.0000	0.0000	0.0000	0.0000	0.0000	0.0000	0.0000	0.0000	0.0000	0.0000	0.1625	0.1463	0.0162	0.1030	0.0957	0.0073	0.0595	0.0506	0.0089	0.0640	0.0351	0.0288	0.0239	0.0214	0.0025	0.0401	0.0137	0.0264	inf	inf	0.0000	inf	inf	0.0000	inf	inf	0.0000	0.0000	0.0000	0.0000	0.0000	0.0000	0.0000	0.0000	0.0000	0.0000				
99	112	0.2259	3	0	0	1	0	0	0	0	0	N	N	N	N	N	N	N	N	N	N	N	N	0.0000	0.0000	0.0000	0.0000	0.0000	0.0000	0.0000	0.0000	0.0000	0.0000	0.0000	0.0000	0.0000	0.0000	0.0000	0.0187	0.0000	0.0192	0.0025	0.0000	0.5004	0.0155	0.0000	0.0065	inf	0.0000	0.0000	1.5982	0.0000	11.1970	0.0001	0.0000	0.0000	0.0000	0.0000	0.0000	0.0000	0.0000	0.0000	0.0000	0.0000	0.0000	0.0000	0.0000	0.0000	0.0000	0.0000	0.0000	0.0000	0.0000	0.0000	0.0000	0.0000	0.0000	0.0000	0.0000	0.0000	0.0000	0.0000	0.0000	0.0000	0.0000	0.0000	0.0000	0.0000	0.0000	0.0000	0.0000	0.0000	0.0000	0.0000	0.0000	0.0000	0.0000	0.0000	0.0000	0.0018	0.0000	0.0084	0.0010	0.0000	0.1490	0.0025	0.0000	0.0065				
99	113	0.1800	2	0	0	1	0	0	0	0	0	N	N	N	N	N	N	N	N	N	N	N	N	0.0028	0.2612	0.0000	0.0434	0.5987	0.0000	0.0000	0.0000	0.0001	0.0001	0.0000	0.0004	0.0004	0.0000	0.0000	0.0000	0.0000	0.0306	0.0004	0.0073	0.0097	0.0007	0.1056	0.0122	0.0000	0.0043	0.0000	44.5003	-0.0000	0.0004	1.5982	4.0004	11.1970	4.9999	0.0000	0.0000	0.0000	0.0000	0.0000	0.0000	0.0000	0.0000	0.0000	0.0009	0.0000	0.0009	0.0002	0.0000	0.0002	0.0007	0.0000	0.0007	0.3480	0.3073	0.0407	0.0711	0.0698	0.0013	0.2769	0.2375	0.0394	0.3887	0.2220	0.1667	0.0778	0.0728	0.0050	0.3109	0.1492	0.1616	0.0368	1.0837	0.0000	0.1493	1.5646	0.0000	0.0000	0.0000	0.0000	0.0023	0.0001	0.0053	0.0028	0.0003	0.0398	0.0022	0.0000	0.0043	
99	114	0.5468	4	0	1	0	0	0	0	0	0	N	N	N	N	N	N	N	N	N	N	N	N	0.1359	0.0954	0.0000	0.0001	0.0002	0.0000	13.4377	5768.6397	0.0000	0.3915	0.4617	0.0000	0.0010	0.0012	0.0000	1.2411	1.3898	0.0000	2.8807	4.8416	0.0336	6.8308	7.1718	0.0011	0.0924	0.0002	0.0129	0.0000	0.0018	-0.0513	-0.3075	1.5982	4.3361	11.1970	4.6323	0.1972	0.1972	0.0000	0.0003	0.0003	0.0000	0.1968	0.1968	0.0000	0.5912	0.5901	0.0010	0.5901	0.5901	0.0000	0.0010	0.0000	0.0010	0.5035	0.4270	0.0766	0.3450	0.2854	0.0596	0.1586	0.1416	0.0170	0.2113	0.1219	0.0894	0.0910	0.0823	0.0088	0.1203	0.0396	0.0807	0.1400	0.0954	0.0000	0.0002	0.0002	0.0000	143.6894	2023438.6245	0.0000	2.7974	4.8416	0.0117	6.4824	7.1718	0.0009	0.0086	0.0000	0.0129
99	115	0.5142	3	0	0	0	0	0	0	0	0	N	N	N	N	N	N	N	N	N	N	N	N	0.0002	0.0001	0.0000	0.0002	0.0002	0.0000	0.0000	0.0000	0.0000	0.0002	0.0003	0.0000	0.0004	0.0004	0.0000	0.0000	0.0000	0.0000	1.2167	1.7733	0.0006	2.2280	2.3124	0.0000	0.0005	0.0005	0.0007	0.0000	0.0033	-0.0000	-0.0016	1.5982	1.9840	11.1970	0.2610	0.0000	0.0000	0.0000	0.0000	0.0000	0.0000	0.0000	0.0000	0.0000	0.0031	0.0031	0.0000	0.0031	0.0031	0.0000	0.0000	0.0000	0.0000	0.0851	0.0766	0.0086	0.0547	0.0507	0.0040	0.0305	0.0259	0.0046	0.0366	0.0201	0.0165	0.0136	0.0122	0.0014	0.0230	0.0079	0.0151	0.0027	0.0017	0.0000	0.0016	0.0015	0.0000	0.0000	0.0000	0.0000	0.0844	0.1533	0.0006	0.2260	0.2523	0.0000	0.0004	0.0000	0.0007
99	116	0.1800	2	0	1	0	1	0	0	0	0	N	N	N	N	N	N	N	N	N	N	N	N	0.0011	inf	0.0000	0.0202	inf	0.0000	0.0009	inf	0.0000	0.0061	0.0069	0.0000	0.0062	0.0063	0.0000	0.0061	0.0071	0.0000	5.7641	0.0000	21.7928	0.3088	0.0000	0.9984	7.1844	0.0000	25.5510	0.0000	inf	-0.0007	0.8640	1.5982	5.0006	11.1970	2.0000	0.0026	0.0026	0.0000	0.0005	0.0005	0.0000	0.0021	0.0021	0.0000	1.8072	0.0000	1.8072	0.0012	0.0000	0.0012	1.8060	0.0000	1.8060	0.4218	0.3729	0.0489	0.0867	0.0851	0.0016	0.3352	0.2878	0.0473	0.3135	0.1794	0.1341	0.0621	0.0581	0.0040	0.2514	0.1213	0.1301	0.0011	inf	0.0000	0.3310	inf	0.0000	0.0009	inf	0.0000	5.7641	0.0000	13.4785	0.0188	0.0000	0.2913	7.1844	0.0000	13.8858
99	117	0.5142	3	0	1	0	1	0	0	0	0	N	N	N	N	N	N	N	N	N	N	N	N	0.0000	0.0000	0.0000	0.0000	0.0000	0.0000	0.0000	0.0000	0.0000	0.0000	0.0000	0.0000	0.0000	0.0000	0.0000	0.0000	0.0000	0.0000	0.0000	0.0000	1.5982	0.0000	11.1970	1.0000	0.0000	0.0000	0.0000	0.0000	0.0000	0.0000	0.0000	0.0000	0.0000	0.0000	0.0000	0.0000	0.0000	0.0000	0.0000	0.0000	0.0000	0.0000	0.0000	0.0000	0.0000	0.0000	0.0000	0.0000	0.0000	0.0000	0.0000	0.0230	0.0126	0.0104	0.0085	0.0077	0.0009	0.0145	0.0050	0.0095	0.0000	0.0000	0.0000	0.0000	0.0000	0.0000	0.0000	0.0000	0.0000	0.0000	0.0000	0.0000	0.0000	0.0000	0.0000	0.0000	0.0000	0.0000											
99	118	0.1800	2	0	1	0	0	0	0	0	0	N	N	N	N	N	N	N	N	N	N	N	N	0.5425	0.0795	1.6162	0.1210	0.3649	0.0000	0.6397	inf	5.6725	0.9835	0.0356	8.9727	0.1482	0.1512	0.0000	1.2101	0.0003	9.3477	1.8130	0.4479	5.5516	1.2244	0.4143	11.6906	1.8916	0.0000	1.6479	29.8822	66.7069	0.7310	0.1327	1.5982	16.9994	11.1970	6.0000	1.0333	0.0335	0.9999	0.0332	0.0332	0.0000	1.0001	0.0002	0.9999	0.2864	0.0042	0.2822	0.0144	0.0042	0.0102	0.2720	0.0000	0.2720	1.0506	0.9392	0.1114	0.2242	0.2197	0.0045	0.8264	0.7195	0.1070	0.7888	0.4448	0.3440	0.1672	0.1564	0.0107	0.6216	0.2884	0.3332	2.7088	3.7465	10.9376	1.7153	5.5904	0.0000	2.7661	inf	11.4531	0.3631	0.0095	0.8204	0.0864	0.0270	0.9499	0.4375	0.0000	0.8162
99	119	0.5142	3	0	1	0	0	0	0	0	0	N	N	N	N	N	N	N	N	N	N	N	N	0.0000	0.0002	0.0000	0.0000	0.0003	0.0000	0.0000	0.0000	0.0000	0.0002	0.0002	0.0000	0.0003	0.0003	0.0000	0.0000	0.0000	0.0000	6.1567	1.4196	21.8145	16.2285	1.3602	154.8538	0.2469	0.9412	0.0195	0.0000	160.6871	-0.0000	0.4731	1.5982	5.0000	11.1970	6.0000	0.0000	0.0000	0.0000	0.0000	0.0000	0.0000	0.0000	0.0000	0.0000	1.0025	0.0062	0.9963	1.0009	0.0058	0.9951	0.0016	0.0004	0.0011	0.1979	0.1782	0.0197	0.1247	0.1159	0.0088	0.0732	0.0623	0.0109	0.1628	0.0899	0.0729	0.0617	0.0552	0.0064	0.1012	0.0346	0.0665	0.0000	0.0033	0.0000	0.0000	0.0033	0.0000	0.0000	0.0000	0.0000	6.1567	0.0690	13.6593	16.2285	0.1043	154.8538	0.0156	0.0127	0.0171
99	120	0.5423	4	0	1	0	0	0	0	0	0	N	N	N	N	N	N	N	N	N	N	N	N	0.0003	0.0003	0.0000	0.0002	0.0005	0.0000	0.0001	0.0016	0.0001	0.0004	0.0005	0.0000	0.0007	0.0008	0.0000	0.0000	0.0000	0.0000	1.6965	1.5129	4.2849	3.0787	1.5353	40.4341	0.0520	0.0026	0.0093	0.0002	5.2467	-0.0000	0.0054	1.5982	0.9998	11.1970	0.9486	0.0000	0.0000	0.0000	0.0000	0.0000	0.0000	0.0000	0.0000	0.0000	0.0170	0.0027	0.0143	0.0168	0.0027	0.0141	0.0002	0.0000	0.0002	0.0440	0.0395	0.0045	0.0275	0.0255	0.0021	0.0165	0.0141	0.0024	0.0560	0.0331	0.0228	0.0277	0.0233	0.0043	0.0283	0.0098	0.0185	0.0015	0.0061	0.0000	0.0012	0.0066	0.0000	0.0006	0.0449	0.0001	0.3038	0.0821	0.6255	0.6081	0.1166	3.2494	0.0061	0.0001	0.0093
99	121	0.5142	3	0	1	0	0	0	0	0	0	N	N	N	N	N	N	N	N	N	N	N	N	0.0000	0.0000	0.0000	0.0000	0.0000	0.0000	0.0025	0.0001	0.0000	0.0000	0.0001	0.0000	0.0000	0.0000	0.0000	0.0001	0.0001	0.0000	1.4317	2.0522	0.0000	2.6542	2.7874	0.0000	0.0503	1.2628	0.0000	0.0000	0.0000	-0.0000	-0.0093	1.5982	3.0005	11.1970	1.1085	0.0000	0.0000	0.0000	0.0000	0.0000	0.0000	0.0000	0.0000	0.0000	0.0177	0.0177	0.0000	0.0173	0.0173	0.0000	0.0004	0.0004	0.0000	0.2161	0.1946	0.0215	0.1358	0.1262	0.0096	0.0803	0.0684	0.0119	0.1165	0.0641	0.0523	0.0438	0.0392	0.0046	0.0726	0.0249	0.0478	0.0003	0.0002	0.0000	0.0000	0.0000	0.0000	0.0205	0.0082	0.0000	0.1522	0.2764	0.0000	0.3946	0.4405	0.0000	0.0060	0.0176	0.0000
99	122	0.2213	3	0	1	0	0	0	0	0	0	N	N	N	N	N	N	N	N	N	N	N	N	0.0007	0.0005	inf	0.0008	0.0008	inf	inf	inf	0.0006	0.0007	0.0000	0.0011	0.0011	0.0000	0.0000	0.0000	0.0000	0.8087	1.2662	0.0000	1.3606	1.3571	0.0000	0.0000	0.0000	0.0000	0.0000	0.0000	-0.0000	-0.0021	1.5982	2.0001	11.1970	3.0000	0.0001	0.0001	0.0000	0.0001	0.0001	0.0000	0.0000	0.0000	0.0000	0.0040	0.0040	0.0000	0.0040	0.0040	0.0000	0.0000	0.0000	0.0000	0.1682	0.1506	0.0175	0.0937	0.0889	0.0048	0.0745	0.0618	0.0127	0.1467	0.0786	0.0681	0.0413	0.0387	0.0026	0.1054	0.0399	0.0655	0.0217	0.0130	inf	0.0110	0.0108	inf	inf	inf	0.0000	0.0274	0.0512	0.0000	0.0974	0.1040	0.0000	0.0000	0.0000	0.0000	
99	123	0.1800	2	0	0	0	0	0	0	0	0	N	N	N	N	N	N	N	N	N	N	N	N	232.8515	78.8736	37.1823	40.4660	inf	inf	0.0050	0.0056	0.0000	0.0042	0.0042	0.0000	0.0052	0.0060	0.0000	0.0000	0.0001	0.0000	0.0001	0.0001	0.0000	0.0000	0.0000	0.0000	0.0000	0.0011	-0.0007	-0.0000	1.5982	6.9986	11.1970	2.0000	0.0028	0.0028	0.0000	0.0005	0.0005	0.0000	0.0023	0.0023	0.0000	0.0000	0.0000	0.0000	0.0000	0.0000	0.0000	0.0000	0.0000	0.0000	0.5566	0.4931	0.0635	0.1155	0.1134	0.0022	0.4410	0.3797	0.0613	0.3886	0.2220	0.1666	0.0778	0.0728	0.0050	0.3108	0.1492	0.1616	21756.1078	14043.1876	0.0000	3640.0368	3469.6012	0.0000	inf	inf	0.0000	0.0000	0.0000	0.0000	0.0000	0.0000	0.0000	0.0000	0.0000	0.0000			
99	124	0.5477	4	0	1	0	0	0	0	0	0	N	N	N	N	N	N	N	N	N	N	N	N	0.0003	0.0002	0.0000	0.0027	0.0032	0.0000	0.0001	0.0000	0.0000	0.0004	0.0004	0.0000	0.0006	0.0006	0.0000	0.0001	0.0001	0.0000	1.2800	1.8128	0.0027	0.2066	0.1848	0.0150	1.4129	3.8942	0.0021	0.0000	0.0100	-0.0000	-0.0116	1.5982	3.9006	11.1970	3.1543	0.0001	0.0001	0.0000	0.0001	0.0001	0.0000	0.0000	0.0000	0.0000	0.0227	0.0225	0.0002	0.0015	0.0014	0.0001	0.0212	0.0211	0.0002	0.3115	0.2827	0.0288	0.2096	0.1960	0.0137	0.1019	0.0868	0.0151	0.2174	0.1348	0.0825	0.1053	0.0969	0.0084	0.1121	0.0380	0.0741	0.0039	0.0027	0.0000	0.0396	0.0410	0.0000	0.0005	0.0002	0.0000	0.1044	0.1667	0.0027	0.0140	0.0145	0.0086	0.1893	0.5548	0.0021
99	125	0.5142	3	0	1	0	0	0	0	0	0	N	N	N	N	N	N	N	N	N	N	N	N	0.0001	0.0001	0.0001	0.0000	0.0001	0.0000	0.0009	0.0001	0.0000	0.0001	0.0001	0.0000	0.0002	0.0002	0.0000	0.0000	0.0000	0.0000	1.6674	2.3666	0.0019	3.5071	3.5918	0.0329	0.0015	0.0195	0.0007	0.0001	0.0030	-0.0000	-0.0156	1.5982	1.6924	11.1970	1.9110	0.0000	0.0000	0.0000	0.0000	0.0000	0.0000	0.0000	0.0000	0.0000	0.0301	0.0300	0.0001	0.0300	0.0300	0.0001	0.0001	0.0000	0.0000	0.1298	0.1168	0.0130	0.0827	0.0768	0.0059	0.0471	0.0400	0.0071	0.1032	0.0568	0.0464	0.0387	0.0347	0.0040	0.0644	0.0221	0.0424	0.0004	0.0002	0.0001	0.0002	0.0002	0.0000	0.0015	0.0014	0.0000	0.2916	0.5282	0.0019	0.7751	0.8635	0.0148	0.0008	0.0011	0.0007
99	126	0.1800	2	0	1	0	0	0	0	0	0	N	N	N	N	N	N	N	N	N	N	N	N	0.0000	0.0000	0.0000	0.0000	0.0000	0.0000	0.0000	0.0000	0.0000	0.0000	0.0000	0.0000	0.0000	0.0000	0.0000	0.0000	0.0000	2.0899	1.0815	9.3255	2.2571	1.3911	27.3973	2.3183	0.0000	6.2669	inf	36.7409	0.0000	0.1309	1.5982	0.9996	11.1970	8.0005	0.0000	0.0000	0.0000	0.0000	0.0000	0.0000	0.0000	0.0000	0.0000	0.2898	0.0077	0.2822	0.0179	0.0077	0.0102	0.2720	0.0000	0.2720	0.0960	0.0844	0.0115	0.0192	0.0188	0.0003	0.0768	0.0656	0.0112	0.3887	0.2220	0.1667	0.0778	0.0728	0.0050	0.3109	0.1492	0.1616	0.0000	0.0000	0.0000	0.0000	0.0000	0.0000	0.0000	0.0000	0.0000	0.7458	0.0346	1.6931	0.2299	0.1055	2.0321	0.8748	0.0000	1.6825	
99	127	0.0854	2	0	0	0	0	0	0	0	0	N	N	N	N	N	N	N	N	N	N	N	N	0.1614	0.0044	1005.5414	0.0087	0.0081	21.1941	0.2192	0.0000	1107.1020	0.3934	0.0146	1.5226	0.0376	0.0350	0.4091	0.5564	0.0000	1.5324	2.4383	3.3503	0.0015	4.3379	4.3357	0.0193	2.5383	5.1689	0.0014	34.9901	0.0005	0.1595	-0.7664	1.5982	3.6536	11.1970	12.3970	0.2241	0.0062	0.2178	0.0067	0.0062	0.0005	0.2173	0.0000	0.2173	1.4699	1.4691	0.0008	0.5105	0.5104	0.0001	0.9595	0.9587	0.0007	0.5695	0.4264	0.1431	0.1789	0.1777	0.0012	0.3906	0.2488	0.1418	1.1449	0.6237	0.5212	0.3552	0.3476	0.0076	0.7897	0.2761	0.5136	0.3064	0.0062	1005.5414	0.0262	0.0239	39.7150	0.4580	0.0000	1107.1020	1.2839	2.3555	0.0015	1.4369	1.4681	0.0103	1.2150	3.4729	0.0014
99	128	0.2638	2	0	0	0	0	0	0	0	0	N	N	N	N	N	N	N	N	N	N	N	N	0.1737	0.1571	0.0013	0.0356	0.0421	0.0034	0.2484	0.1562	0.0004	0.4246	0.5049	0.0019	0.1350	0.1576	0.0038	0.7177	0.8676	0.0002	2.4443	3.2143	1.4691	3.7962	3.7471	1.0978	2.8897	5.5534	0.5229	0.0007	0.1097	-0.0812	-0.7784	1.5982	5.3495	11.1970	12.4099	0.3130	0.3128	0.0002	0.0501	0.0499	0.0002	0.2629	0.2629	0.0000	1.8402	1.6582	0.1820	0.6052	0.5759	0.0293	1.2349	1.0823	0.1526	0.7372	0.6195	0.1177	0.3708	0.3164	0.0544	0.3664	0.3031	0.0633	1.4106	0.8530	0.5576	0.6822	0.5922	0.0900	0.7284	0.2608	0.4676	0.3255	0.2597	0.0057	0.1522	0.1620	0.0116	0.4233	0.2090	0.0007	1.3045	1.9440	0.3263	0.8871	0.9725	0.3260	1.6954	4.1501	0.3264
99	129	0.2915	8	0	1	0	1	0	0	0	0	N	N	N	N	N	N	N	N	N	N	N	N	0.0000	0.0000	0.0000	0.0000	0.0000	0.0000	0.0000	0.0000	0.0000	0.0000	0.0000	0.0000	0.0000	0.0000	0.0000	0.0000	0.0000	0.0000	0.0000	0.0000	1.5982	0.0000	11.1970	0.0000	0.0000	0.0000	0.0000	0.0000	0.0000	0.0000	0.0000	0.0000	0.0000	0.0000	0.0000	0.0000	0.0000	0.0000	0.0000	0.0000	0.0000	0.0000	0.0000	0.0000	0.0000	0.0000	0.0000	0.0000	0.0000	0.0000	0.0000	0.0000	0.0000	0.0000	0.0000	0.0000	0.0000	0.0000	0.0000	0.0000	0.0000	0.0000	0.0000	0.0000	0.0000	0.0000	0.0000	0.0000	0.0000	0.0000	0.0000	0.0000	0.0000	0.0000	0.0000	0.0000	0.0000	0.0000											
99	130	0.2752	7	0	1	0	1	0	0	0	0	N	N	N	N	N	N	N	N	N	N	N	N	0.0000	0.0000	0.0000	0.0000	0.0000	0.0000	0.0000	0.0000	0.0000	0.0000	0.0000	0.0000	0.0000	0.0000	0.0000	0.0000	0.0000	21.5810	27.2737	25.4162	1.1553	1.1491	0.0000	30.0595	58.9919	29.2307	0.5949	0.0000	-0.2367	1.5982	0.0000	11.1970	3.0001	0.0000	0.0000	0.0000	0.0000	0.0000	0.0000	0.0000	0.0000	0.0000	1.5897	0.9967	0.5930	0.0016	0.0016	0.0000	1.5881	0.9951	0.5930	0.0000	0.0000	0.0000	0.0000	0.0000	0.0000	0.0000	0.0000	0.0000	0.0737	0.0365	0.0371	0.0208	0.0197	0.0012	0.0528	0.0169	0.0360	0.0000	0.0000	0.0000	0.0000	0.0000	0.0000	0.0000	0.0000	0.0000	21.5810	27.2737	15.9760	0.0773	0.0818	0.0000	30.0595	58.9919	16.4887		
99	131	0.2655	6	0	1	0	0	0	0	0	0	N	N	N	N	N	N	N	N	N	N	N	N	0.0000	0.0000	0.0000	0.0000	0.0000	0.0000	0.0000	0.0000	0.0000	0.0000	0.0000	0.0000	0.0000	0.0000	0.0000	0.0000	0.0000	0.0000	0.0000	0.0000	1.5982	0.0000	11.1970	0.0000	0.0000	0.0000	0.0000	0.0000	0.0000	0.0000	0.0000	0.0000	0.0000	0.0000	0.0000	0.0000	0.0000	0.0000	0.0000	0.0000	0.0000	0.0000	0.0000	0.0000	0.0000	0.0000	0.0000	0.0000	0.0000	0.0000	0.0000	0.0000	0.0000	0.0000	0.0000	0.0000	0.0000	0.0000	0.0000	0.0000	0.0000	0.0000	0.0000	0.0000	0.0000	0.0000	0.0000	0.0000	0.0000	0.0000	0.0000	0.0000	0.0000	0.0000	0.0000	0.0000	0.0000	0.0000											
99	132	0.2752	7	0	0	1	1	0	0	0	0	N	N	N	N	N	N	N	N	N	N	N	N	0.0000	0.0000	0.0000	0.0000	0.0000	0.0000	0.0000	0.0000	0.0000	0.0000	0.0000	0.0000	0.0000	0.0000	0.0000	0.0000	0.0000	0.0000	0.0000	-0.0000	1.5982	0.0000	11.1970	1.9999	0.0000	0.0000	0.0000	0.0000	0.0000	0.0000	0.0000	0.0000	0.0000	0.0000	0.0000	0.0000	0.0000	0.0000	0.0000	0.0000	0.0000	0.0000	0.0000	0.0000	0.0000	0.0000	0.0000	0.0000	0.0000	0.0000	0.0000	0.0495	0.0246	0.0250	0.0140	0.0132	0.0008	0.0355	0.0113	0.0242	0.0000	0.0000	0.0000	0.0000	0.0000	0.0000	0.0000	0.0000	0.0000	0.0000	0.0000	0.0000	0.0000	0.0000	0.0000	0.0000	0.0000	0.0000											
99	133	0.2862	8	0	0	1	1	0	0	0	0	N	N	N	N	N	N	N	N	N	N	N	N	inf	inf	inf	inf	0.4016	0.4497	0.0000	0.6610	0.7009	0.0000	0.0000	0.0000	0.0000	0.0000	0.0000	0.0000	0.0000	0.0000	0.0000	0.0000	0.0000	0.0000	0.0000	-0.0086	0.0000	1.5982	1.0000	11.1970	0.0000	0.0331	0.0331	0.0000	0.0331	0.0331	0.0000	0.0000	0.0000	0.0000	0.0000	0.0000	0.0000	0.0000	0.0000	0.0000	0.0000	0.0000	0.0000	0.0826	0.0737	0.0088	0.0502	0.0473	0.0029	0.0324	0.0264	0.0060	0.0220	0.0103	0.0118	0.0060	0.0056	0.0004	0.0161	0.0047	0.0114	inf	inf	0.0000	inf	inf	0.0000	0.0000	0.0000	0.0000	0.0000	0.0000	0.0000	0.0000	0.0000	0.0000	0.0000	0.0000	0.0000						
99	134	0.2862	8	0	0	1	1	0	0	0	0	N	N	N	N	N	N	N	N	N	N	N	N	0.0000	0.0000	0.0000	0.0000	0.0000	0.0000	0.0000	0.0000	0.0000	0.0000	0.0000	0.0000	0.0000	0.0000	0.0000	0.0000	0.0000	0.0000	0.0000	0.0000	1.5982	0.0000	11.1970	0.0000	0.0000	0.0000	0.0000	0.0000	0.0000	0.0000	0.0000	0.0000	0.0000	0.0000	0.0000	0.0000	0.0000	0.0000	0.0000	0.0000	0.0000	0.0000	0.0000	0.0000	0.0000	0.0000	0.0000	0.0000	0.0000	0.0000	0.0000	0.0000	0.0000	0.0000	0.0000	0.0000	0.0000	0.0000	0.0000	0.0000	0.0000	0.0000	0.0000	0.0000	0.0000	0.0000	0.0000	0.0000	0.0000	0.0000	0.0000	0.0000	0.0000	0.0000	0.0000	0.0000	0.0000	0.0000											
99	135	0.2752	7	0	0	1	1	0	0	0	0	N	N	N	N	N	N	N	N	N	N	N	N	2.7211	inf	0.0000	2.5417	inf	0.0000	0.0000	0.0000	0.0001	0.0001	0.0000	0.0002	0.0002	0.0000	0.0000	0.0000	0.0000	0.0000	0.0000	0.0000	0.0001	0.0000	0.0000	0.0000	0.0000	0.0000	0.0000	inf	-0.0000	0.0000	1.5982	2.0025	11.1970	0.9943	0.0000	0.0000	0.0000	0.0000	0.0000	0.0000	0.0000	0.0000	0.0000	0.0000	0.0000	0.0000	0.0000	0.0000	0.0000	0.0000	0.0000	0.0000	0.1622	0.1449	0.0173	0.0967	0.0913	0.0054	0.0654	0.0536	0.0118	0.0736	0.0365	0.0371	0.0208	0.0197	0.0012	0.0528	0.0169	0.0359	153.0423	inf	0.0000	452.7959	inf	0.0000	0.0000	0.0000	0.0000	0.0000	0.0000	0.0000	0.0000	0.0000	0.0000	0.0000	0.0000	0.0000	
99	136	0.2752	6	0	0	0	1	0	0	0	0	N	N	N	N	N	N	N	N	N	N	N	N	0.0000	0.0000	0.0000	0.0000	0.0000	0.0000	0.0000	0.0000	0.0000	0.0000	0.0000	0.0000	0.0000	0.0000	0.0000	0.0000	0.0000	0.0005	0.0006	0.0002	0.0010	0.0008	0.0013	0.0002	0.0000	0.0002	0.9850	0.0000	-0.0000	1.5982	0.0050	11.1970	0.0173	0.0000	0.0000	0.0000	0.0000	0.0000	0.0000	0.0000	0.0000	0.0000	0.0000	0.0000	0.0000	0.0000	0.0000	0.0000	0.0000	0.0000	0.0000	0.0007	0.0007	0.0001	0.0005	0.0005	0.0000	0.0002	0.0001	0.0000	0.0006	0.0003	0.0003	0.0002	0.0002	0.0000	0.0004	0.0001	0.0003	0.0000	0.0000	0.0000	0.0000	0.0000	0.0000	0.0000	0.0000	0.0000	0.0002	0.0002	0.0002	0.0004	0.0004	0.0011	0.0001	0.0000	0.0002		
99	137	0.2655	5	0	0	0	1	0	0	0	0	N	N	N	N	N	N	N	N	N	N	N	N	0.0000	0.0000	0.0000	0.0000	0.0000	0.0000	0.0000	0.0000	0.0000	0.0000	0.0000	0.0000	0.0000	0.0003	0.0007	0.0000	0.0012	0.0009	0.0000	0.0000	0.0000	0.0000	0.0000	0.0000	-0.0000	1.5982	1.9972	11.1970	1.0076	0.0000	0.0000	0.0000	0.0000	0.0000	0.0000	0.0000	0.0000	0.0000	0.0000	0.0000	0.0000	0.0000	0.0000	0.0000	0.0000	0.0000	0.0000	0.1550	0.1385	0.0166	0.0908	0.0859	0.0049	0.0642	0.0525	0.0117	0.0709	0.0353	0.0357	0.0208	0.0197	0.0012	0.0501	0.0156	0.0345	0.0000	0.0000	0.0000	0.0000	0.0000	0.0000	0.0000	0.0000	0.0000	0.0001	0.0003	0.0000	0.0005	0.0005	0.0000	0.0000	0.0000	0.0000						
99	138	0.2483	4	1	1	0	0	0	0	0	0	N	N	N	N	N	N	N	N	N	N	N	N	0.0963	0.0710	0.0000	0.0473	0.0570	0.0000	0.4658	5.5163	0.0000	0.3045	0.3928	0.0000	0.4852	0.6105	0.0000	0.0007	0.0009	0.0000	3.1638	5.5283	0.0013	10.2662	10.7095	0.0003	0.0014	0.0002	0.0014	0.0000	0.0002	-0.0000	-0.1471	1.5982	0.0002	11.1970	2.3255	0.0000	0.0000	0.0000	0.0000	0.0000	0.0000	0.0000	0.0000	0.0000	0.2820	0.2820	0.0001	0.2820	0.2820	0.0000	0.0001	0.0000	0.0001	0.0001	0.0001	0.0000	0.0000	0.0000	0.0000	0.0000	0.0000	0.0000	0.0891	0.0510	0.0381	0.0275	0.0263	0.0011	0.0617	0.0247	0.0370	0.0963	0.0710	0.0000	0.0473	0.0570	0.0000	0.8072	3546.0222	0.0000	3.1638	5.5283	0.0013	10.2662	10.7095	0.0003	0.0008	0.0000	0.0014
99	139	0.2304	3	1	1	0	0	0	0	0	0	N	N	N	N	N	N	N	N	N	N	N	N	0.0080	0.0127	0.0002	0.0035	0.0068	0.0000	0.0120	3.3971	0.0005	0.0121	0.0133	0.0003	0.0045	0.0046	0.0000	0.0189	0.0217	0.0003	1.5176	1.0464	1.5473	1.2881	0.6764	10.9834	1.5703	0.0064	0.6180	0.0019	9.2152	-0.0006	0.0199	1.5982	2.0138	11.1970	2.7349	0.0025	0.0025	0.0000	0.0004	0.0004	0.0000	0.0021	0.0021	0.0000	0.0523	0.0051	0.0472	0.0098	0.0051	0.0047	0.0426	0.0000	0.0426	0.2063	0.1883	0.0180	0.0966	0.0931	0.0034	0.1098	0.0952	0.0146	0.2814	0.1579	0.1235	0.1080	0.1030	0.0050	0.1734	0.0549	0.1185	0.0652	0.4088	0.0007	0.0493	0.0932	0.0000	0.0769	59.3656	0.0009	0.1860	0.0325	0.3822	0.0904	0.0496	0.9246	0.2456	0.0004	0.3592
99	140	0.2469	4	0	1	0	0	0	0	0	0	N	N	N	N	N	N	N	N	N	N	N	N	0.0745	0.0608	0.0012	0.0667	0.0899	0.0008	0.0000	0.0000	0.0001	0.0001	0.0000	0.0001	0.0001	0.0000	0.0000	0.0000	0.0000	0.0007	0.0009	0.0002	0.0014	0.0011	0.0008	0.0002	0.0000	0.0002	0.0004	0.4420	-0.0000	-0.0000	1.5982	1.9232	11.1970	1.1116	0.0000	0.0000	0.0000	0.0000	0.0000	0.0000	0.0000	0.0000	0.0000	0.0000	0.0000	0.0000	0.0000	0.0000	0.0000	0.0000	0.0000	0.0000	0.1961	0.1783	0.0178	0.1065	0.1023	0.0042	0.0896	0.0760	0.0136	0.1017	0.0542	0.0475	0.0345	0.0324	0.0021	0.0673	0.0218	0.0454	0.1866	0.1576	0.0012	0.1563	0.1640	0.0010	0.0000	0.0000	0.0000	0.0003	0.0004	0.0002	0.0006	0.0006	0.0007	0.0001	0.0000	0.0002	
99	141	0.5334	4	0	1	0	0	0	0	0	0	N	N	N	N	N	N	N	N	N	N	N	N	inf	inf	inf	inf	0.0002	0.0002	0.0000	0.0003	0.0003	0.0000	0.0000	0.0000	0.0000	0.0000	0.0000	0.0000	0.0000	0.0000	0.0000	0.0000	0.0000	0.0000	0.0000	-0.0000	0.0000	1.5982	3.0000	11.1970	1.0000	0.0000	0.0000	0.0000	0.0000	0.0000	0.0000	0.0000	0.0000	0.0000	0.0000	0.0000	0.0000	0.0000	0.0000	0.0000	0.0000	0.0000	0.0000	0.2702	0.2449	0.0252	0.1898	0.1766	0.0133	0.0803	0.0684	0.0119	0.1137	0.0626	0.0510	0.0428	0.0384	0.0044	0.0709	0.0243	0.0466	inf	inf	0.0000	inf	inf	0.0000	0.0000	0.0000	0.0000	0.0000	0.0000	0.0000	0.0000	0.0000	0.0000	0.0000	0.0000	0.0000						
99	142	0.5142	3	0	0	0	0	0	0	0	0	N	N	N	N	N	N	N	N	N	N	N	N	inf	inf	inf	inf	0.0001	0.0001	0.0000	0.0002	0.0002	0.0000	0.0000	0.0000	0.0000	0.0000	0.0000	0.0000	0.0000	0.0000	0.0000	0.0000	0.0000	0.0000	0.0000	-0.0000	0.0000	1.5982	1.0000	11.1970	1.0000	0.0000	0.0000	0.0000	0.0000	0.0000	0.0000	0.0000	0.0000	0.0000	0.0000	0.0000	0.0000	0.0000	0.0000	0.0000	0.0000	0.0000	0.0000	0.0794	0.0715	0.0080	0.0510	0.0474	0.0037	0.0284	0.0241	0.0043	0.0592	0.0325	0.0267	0.0221	0.0198	0.0023	0.0371	0.0127	0.0244	inf	inf	0.0000	inf	inf	0.0000	0.0000	0.0000	0.0000	0.0000	0.0000	0.0000	0.0000	0.0000	0.0000	0.0000	0.0000	0.0000						
99	143	0.2638	2	0	0	0	0	0	0	0	0	N	N	N	N	N	N	N	N	N	N	N	N	0.0029	0.0039	0.0000	0.0038	0.0079	0.0000	0.0000	0.0000	0.0000	0.0062	0.0073	0.0000	0.0130	0.0151	0.0000	0.0001	0.0001	0.0000	2.1700	1.8941	9.4694	3.3910	1.9060	44.3509	2.3586	3.4334	2.9132	0.0003	5.7848	-0.0013	0.3815	1.5982	7.1211	11.1970	10.9474	0.0051	0.0051	0.0000	0.0050	0.0050	0.0000	0.0000	0.0000	0.0000	1.1535	0.1700	0.9835	0.4970	0.1001	0.3969	0.6565	0.0699	0.5866	0.8158	0.6933	0.1225	0.3874	0.3347	0.0527	0.4284	0.3586	0.0698	1.4140	0.8543	0.5597	0.6822	0.5922	0.0900	0.7319	0.2621	0.4697	0.0076	0.0369	0.0000	0.0178	0.0890	0.0000	0.0001	0.0005	0.0000	0.8158	0.1990	1.7571	0.7285	0.1690	4.4099	0.8971	0.2667	1.2489
99	145	0.2655	6	1	1	0	0	0	0	0	0	N	N	N	N	N	N	N	N	N	N	N	N	inf	inf	inf	inf	0.0001	0.0001	0.0000	0.0002	0.0002	0.0000	0.0000	0.0000	0.0000	0.0000	0.0000	0.0000	0.0000	0.0000	0.0000	0.0000	0.0000	0.0000	0.0000	-0.0000	0.0000	1.5982	1.0000	11.1970	1.0000	0.0000	0.0000	0.0000	0.0000	0.0000	0.0000	0.0000	0.0000	0.0000	0.0000	0.0000	0.0000	0.0000	0.0000	0.0000	0.0000	0.0000	0.0000	0.0797	0.0711	0.0086	0.0469	0.0444	0.0025	0.0327	0.0267	0.0060	0.0476	0.0236	0.0240	0.0140	0.0132	0.0008	0.0337	0.0105	0.0232	inf	inf	0.0000	inf	inf	0.0000	0.0000	0.0000	0.0000	0.0000	0.0000	0.0000	0.0000	0.0000	0.0000	0.0000	0.0000	0.0000						
99	146	0.2655	5	0	1	0	0	0	0	0	0	N	N	N	N	N	N	N	N	N	N	N	N	0.0000	0.0000	0.0000	0.0000	0.0000	0.0000	0.0000	0.0000	0.0000	0.0000	0.0000	0.0000	0.0000	0.0000	0.0000	0.0000	0.0000	0.0000	0.0000	0.0000	1.5982	0.0003	11.1970	0.0000	0.0000	0.0000	0.0000	0.0000	0.0000	0.0000	0.0000	0.0000	0.0000	0.0000	0.0000	0.0000	0.0000	0.0000	0.0000	0.0000	0.0000	0.0000	0.0001	0.0001	0.0000	0.0000	0.0000	0.0000	0.0000	0.0000	0.0000	0.0000	0.0000	0.0000	0.0000	0.0000	0.0000	0.0000	0.0000	0.0000	0.0000	0.0000	0.0000	0.0000	0.0000	0.0000	0.0000	0.0000	0.0000	0.0000	0.0000	0.0000	0.0000	0.0000	0.0000	0.0000	0.0000	0.0000											
99	147	0.2469	4	0	0	0	0	0	0	0	0	N	N	N	N	N	N	N	N	N	N	N	N	0.0169	0.0113	0.0026	0.0210	0.0260	0.0000	0.0006	0.0000	0.0039	0.0001	0.0001	0.0000	0.0001	0.0002	0.0000	0.0000	0.0000	0.0000	0.0046	0.0076	0.0001	0.0069	0.0059	0.0004	0.0001	0.0004	0.0001	0.0003	0.0672	-0.0000	-0.0001	1.5982	4.9449	11.1970	1.0063	0.0000	0.0000	0.0000	0.0000	0.0000	0.0000	0.0000	0.0000	0.0000	0.0001	0.0001	0.0000	0.0001	0.0001	0.0000	0.0000	0.0000	0.0000	0.3868	0.3480	0.0388	0.2059	0.1965	0.0094	0.1810	0.1515	0.0294	0.1717	0.0898	0.0820	0.0536	0.0504	0.0032	0.1181	0.0393	0.0788	0.1020	0.0633	0.0026	0.0632	0.0630	0.0000	0.0009	0.0000	0.0039	0.0008	0.0014	0.0001	0.0023	0.0024	0.0004	0.0001	0.0000	0.0001
99	148	0.2304	3	0	0	0	0	0	0	0	0	N	N	N	N	N	N	N	N	N	N	N	N	0.0000	0.0000	0.0000	0.0000	0.0000	0.0000	0.0000	0.0000	0.0000	0.0000	0.0000	0.0000	0.0000	0.0000	0.0000	0.0000	0.0000	0.0000	1.3892	1.7630	0.4529	2.2400	2.1480	1.0107	0.9201	0.6188	0.2082	0.0039	0.6577	-0.0000	-0.0049	1.5982	3.4778	11.1970	1.2917	0.0000	0.0000	0.0000	0.0000	0.0000	0.0000	0.0000	0.0000	0.0000	0.0388	0.0234	0.0154	0.0245	0.0229	0.0015	0.0143	0.0005	0.0138	0.3004	0.2714	0.0290	0.1375	0.1320	0.0055	0.1629	0.1394	0.0236	0.2820	0.1582	0.1238	0.1081	0.1031	0.0050	0.1738	0.0551	0.1187	0.0001	0.0001	0.0000	0.0001	0.0001	0.0000	0.0000	0.0000	0.0000	0.1375	0.1479	0.1243	0.2262	0.2223	0.3062	0.0824	0.0086	0.1166
99	149	0.1800	2	0	0	0	0	0	0	0	0	N	N	N	N	N	N	N	N	N	N	N	N	0.0000	0.0000	0.0000	0.0001	0.0001	0.0000	0.0000	0.0000	0.0000	0.0001	0.0001	0.0000	0.0005	0.0005	0.0000	0.0000	0.0000	0.0000	2.5939	3.3016	6.9485	6.6920	6.7043	20.8721	2.0978	1.1688	2.7786	0.0000	0.3937	-0.0000	-0.1983	1.5982	7.8050	11.1970	4.0035	0.0001	0.0001	0.0000	0.0001	0.0001	0.0000	0.0000	0.0000	0.0000	0.8283	0.5943	0.2340	0.5998	0.5913	0.0085	0.2286	0.0030	0.2255	0.6067	0.5379	0.0688	0.1264	0.1240	0.0024	0.4803	0.4139	0.0664	0.4853	0.2765	0.2089	0.0984	0.0921	0.0063	0.3869	0.1844	0.2025	0.0001	0.0001	0.0000	0.0001	0.0001	0.0000	0.0000	0.0000	0.0000	1.7068	2.1498	1.1204	6.0933	6.4215	1.3333	0.5908	0.0164	1.1137
99	150	0.0854	2	0	0	0	0	0	0	0	0	N	N	N	N	N	N	N	N	N	N	N	N	0.1834	0.1784	0.0132	0.3371	0.3478	0.0004	0.0011	0.0000	0.0328	0.4480	0.5942	0.0083	1.4269	1.4370	0.0033	0.0030	0.0000	0.0083	2.4433	3.3304	0.6293	4.2328	4.1315	8.5100	2.6245	5.1649	0.2544	0.0046	0.0586	-0.0658	-0.7118	1.5982	3.7255	11.1970	14.1767	0.2573	0.2561	0.0012	0.2561	0.2561	0.0000	0.0012	0.0000	0.0012	1.5255	1.4411	0.0844	0.4644	0.4581	0.0063	1.0611	0.9830	0.0781	0.5743	0.4310	0.1433	0.1795	0.1782	0.0013	0.3948	0.2528	0.1420	1.1864	0.6452	0.5413	0.3579	0.3502	0.0077	0.8285	0.2950	0.5336	0.3484	0.2660	0.0532	1.0996	1.0984	0.0041	0.0023	0.0000	0.0570	1.2858	2.2338	0.1559	1.2976	1.3082	0.8142	1.2807	3.3326	0.1464
100	101	0.6565	10	2	2	2	0	0	0	0	0	Y	Y	Y	N	N	N	N	N	N	N	N	N	0.0000	0.0000	0.0000	0.0000	0.0000	0.0000	0.0000	0.0000	0.0000	0.0000	0.0000	0.0000	0.0000	0.0000	0.0000	0.0000	0.0000	0.0000	0.0000	0.0000	0.0000	0.0000	0.9982	0.0000	0.0000	0.0000	0.0000	0.0000	0.0000	0.0000	0.0000	0.0000	0.0000	0.0000	0.0000	0.0000	0.0000	0.0000	0.0000	0.0000	0.0000	0.0000	0.0000	0.0000	0.0000	0.0000	0.0000	0.0000	0.0000	0.0000	0.0000	0.0000	0.0000	0.0000	0.0000	0.0000	0.0000	0.0000	0.0000	0.0000	0.0000	0.0000	0.0000	0.0000	0.0000	0.0000	0.0000	0.0000	0.0000	0.0000	0.0000	0.0000	0.0000	0.0000	0.0000	0.0000	0.0000	0.0000											
100	102	0.6565	9	2	1	2	0	0	0	0	0	Y	N	Y	N	N	N	N	N	N	N	N	N	0.0000	0.0000	0.0000	0.0000	0.0000	0.0000	0.0000	0.0000	0.0000	0.0000	0.0000	0.0000	0.0000	0.0000	0.0000	0.0000	0.0000	0.0000	0.0000	0.0000	0.0000	0.0000	0.9982	0.0000	0.0000	0.0000	0.0000	0.0000	0.0000	0.0000	0.0000	0.0000	0.0000	0.0000	0.0000	0.0000	0.0000	0.0000	0.0000	0.0000	0.0000	0.0000	0.0000	0.0000	0.0000	0.0000	0.0000	0.0000	0.0000	0.0000	0.0000	0.0000	0.0000	0.0000	0.0000	0.0000	0.0000	0.0000	0.0000	0.0000	0.0000	0.0000	0.0000	0.0000	0.0000	0.0000	0.0000	0.0000	0.0000	0.0000	0.0000	0.0000	0.0000	0.0000	0.0000	0.0000	0.0000	0.0000											
100	103	0.6504	8	2	1	2	0	0	0	0	0	Y	N	Y	N	N	N	N	N	N	N	N	N	0.0000	0.0000	0.0000	0.0000	0.0000	0.0000	0.0000	0.0000	0.0000	0.0000	0.0000	0.0000	0.0000	0.0000	0.0000	0.0000	0.0000	0.0000	0.0000	0.0000	0.0000	0.0000	0.9982	1.0091	0.0000	0.0000	0.0000	0.0000	0.0000	0.0000	0.0000	0.0000	0.0000	0.0000	0.0000	0.0000	0.0000	0.0000	0.0000	0.0000	0.0000	0.0000	0.0000	0.0000	0.0000	0.0000	0.0000	0.0000	0.0000	0.0000	0.0000	0.0014	0.0009	0.0005	0.0008	0.0007	0.0001	0.0006	0.0002	0.0004	0.0000	0.0000	0.0000	0.0000	0.0000	0.0000	0.0000	0.0000	0.0000	0.0000	0.0000	0.0000	0.0000	0.0000	0.0000	0.0000	0.0000	0.0000											
100	104	0.0656	4	1	2	1	0	0	0	0	0	N	Y	N	N	N	N	N	N	N	N	N	N	0.0000	0.0000	0.0000	0.0000	0.0000	0.0000	0.0000	0.0000	0.0000	0.0000	0.0000	0.0000	0.0000	0.0000	0.0000	0.0000	0.0000	0.0000	0.0000	0.0000	0.0000	7.9994	0.9982	4.0001	0.0000	0.0000	0.0000	0.0000	0.0000	0.0000	0.0000	0.0000	0.0000	0.0000	0.0000	0.0000	0.0000	0.0000	0.0000	0.0000	0.0000	0.0000	0.0280	0.0262	0.0018	0.0232	0.0225	0.0006	0.0048	0.0036	0.0012	0.0199	0.0087	0.0111	0.0006	0.0006	0.0000	0.0192	0.0081	0.0111	0.0000	0.0000	0.0000	0.0000	0.0000	0.0000	0.0000	0.0000	0.0000	0.0000	0.0000	0.0000	0.0000	0.0000	0.0000	0.0000	0.0000	0.0000											
100	105	0.0101	2	2	1	2	0	0	0	0	0	Y	N	Y	N	N	N	N	N	N	N	N	N	0.0000	0.0000	0.0000	0.0000	0.0000	0.0000	0.0000	0.0000	0.0000	0.0000	0.0000	0.0000	0.0000	0.0000	0.0000	0.0000	0.0000	0.0000	0.0000	0.0000	0.0000	0.0000	inf	0.0000	0.0000	0.0000	1.0000	0.9982	1.0005	0.0000	0.0000	0.0000	0.0000	0.0000	0.0000	0.0000	0.0000	0.0000	0.0000	0.0000	0.0000	0.0000	0.0000	0.0000	0.0000	0.0000	0.0000	0.0086	0.0082	0.0004	0.0043	0.0043	0.0000	0.0043	0.0039	0.0004	0.0083	0.0044	0.0039	0.0005	0.0005	0.0000	0.0078	0.0039	0.0039	0.0000	0.0000	0.0000	0.0000	0.0000	0.0000	0.0000	0.0000	0.0000	0.0000	0.0000	0.0000	0.0000	0.0000	0.0000	0.0000	0.0000	0.0000						
100	109	0.6504	8	2	1	2	0	0	0	0	0	Y	N	Y	N	N	N	N	N	N	N	N	N	0.0000	0.0000	0.0000	0.0000	0.0000	0.0000	0.0000	0.0000	0.0000	0.0000	0.0000	0.0000	0.0000	0.0000	0.0000	0.0000	0.0000	0.0000	0.0000	0.0000	0.0000	0.0000	0.9982	0.9909	0.0000	0.0000	0.0000	0.0000	0.0000	0.0000	0.0000	0.0000	0.0000	0.0000	0.0000	0.0000	0.0000	0.0000	0.0000	0.0000	0.0000	0.0000	0.0000	0.0000	0.0000	0.0000	0.0000	0.0000	0.0000	0.0000	0.0000	0.0013	0.0009	0.0005	0.0008	0.0007	0.0001	0.0006	0.0002	0.0004	0.0000	0.0000	0.0000	0.0000	0.0000	0.0000	0.0000	0.0000	0.0000	0.0000	0.0000	0.0000	0.0000	0.0000	0.0000	0.0000	0.0000	0.0000											
100	110	0.6217	7	2	1	2	0	0	0	0	0	Y	N	Y	N	N	N	N	N	N	N	N	N	0.0000	0.0000	0.0000	0.0000	0.0000	0.0000	0.0000	0.0000	0.0000	0.0000	0.0000	0.0000	0.0000	0.0000	0.0000	0.0000	0.0000	0.0000	0.0000	0.0000	0.0000	4.0000	0.9982	0.0000	0.0000	0.0000	0.0000	0.0000	0.0000	0.0000	0.0000	0.0000	0.0000	0.0000	0.0000	0.0000	0.0000	0.0000	0.0000	0.0000	0.0000	0.0000	0.0139	0.0129	0.0010	0.0115	0.0110	0.0004	0.0025	0.0018	0.0006	0.0023	0.0014	0.0009	0.0012	0.0010	0.0002	0.0011	0.0004	0.0007	0.0000	0.0000	0.0000	0.0000	0.0000	0.0000	0.0000	0.0000	0.0000	0.0000	0.0000	0.0000	0.0000	0.0000	0.0000	0.0000	0.0000	0.0000											
100	112	0.1114	5	1	1	2	0	0	0	0	0	N	N	Y	N	N	N	N	N	N	N	N	N	0.0000	0.0000	0.0000	0.0000	0.0000	0.0000	0.0000	0.0000	0.0000	0.0000	0.0000	0.0000	0.0000	0.0000	0.0000	0.0000	0.0000	0.0000	0.0000	0.0000	0.0000	0.0000	0.9982	0.0001	0.0000	0.0000	0.0000	0.0000	0.0000	0.0000	0.0000	0.0000	0.0000	0.0000	0.0000	0.0000	0.0000	0.0000	0.0000	0.0000	0.0000	0.0000	0.0000	0.0000	0.0000	0.0000	0.0000	0.0000	0.0000	0.0000	0.0000	0.0000	0.0000	0.0000	0.0000	0.0000	0.0000	0.0000	0.0000	0.0000	0.0000	0.0000	0.0000	0.0000	0.0000	0.0000	0.0000	0.0000	0.0000	0.0000	0.0000	0.0000	0.0000	0.0000	0.0000	0.0000	0.0000	0.0000											
100	113	0.0656	4	1	1	2	0	0	0	0	0	N	N	Y	N	N	N	N	N	N	N	N	N	0.0000	0.0000	0.0000	0.0000	0.0000	0.0000	0.0000	0.0000	0.0000	0.0000	0.0000	0.0000	0.0000	0.0000	0.0000	0.0000	0.0000	0.0000	0.0000	0.0000	0.0000	4.0004	0.9982	4.9999	0.0000	0.0000	0.0000	0.0000	0.0000	0.0000	0.0000	0.0000	0.0000	0.0000	0.0000	0.0000	0.0000	0.0000	0.0000	0.0000	0.0000	0.0000	0.0147	0.0138	0.0010	0.0123	0.0119	0.0004	0.0024	0.0018	0.0006	0.0154	0.0067	0.0086	0.0005	0.0005	0.0000	0.0149	0.0063	0.0086	0.0000	0.0000	0.0000	0.0000	0.0000	0.0000	0.0000	0.0000	0.0000	0.0000	0.0000	0.0000	0.0000	0.0000	0.0000	0.0000	0.0000	0.0000											
100	114	0.6544	8	1	2	1	0	0	0	0	0	N	Y	N	N	N	N	N	N	N	N	N	N	0.0000	0.0000	0.0000	0.0000	0.0000	0.0000	0.0000	0.0000	0.0000	0.0000	0.0000	0.0000	0.0000	0.0203	0.0283	0.0000	0.0107	0.0107	0.0000	0.0000	0.0000	0.0000	0.0000	0.0000	-0.0000	0.0000	4.3361	0.9982	4.6323	0.0000	0.0000	0.0000	0.0000	0.0000	0.0000	0.0000	0.0000	0.0000	0.0000	0.0000	0.0000	0.0000	0.0000	0.0000	0.0000	0.0000	0.0000	0.0150	0.0139	0.0011	0.0123	0.0119	0.0004	0.0027	0.0020	0.0007	0.0105	0.0072	0.0033	0.0067	0.0058	0.0008	0.0038	0.0013	0.0025	0.0000	0.0000	0.0000	0.0000	0.0000	0.0000	0.0000	0.0000	0.0000	0.0019	0.0028	0.0000	0.0030	0.0034	0.0000	0.0000	0.0000	0.0000						
100	115	0.6217	7	1	1	1	0	0	0	0	0	N	N	N	N	N	N	N	N	N	N	N	N	0.0000	0.0000	0.0000	0.0000	0.0000	0.0000	0.0000	0.0000	0.0000	0.0000	0.0000	0.0000	0.0000	0.6106	0.0000	0.1292	0.0000	0.0000	0.0000	0.4480	0.0000	0.0633	inf	0.0000	0.0000	0.0000	1.9840	0.9982	0.2610	0.0000	0.0000	0.0000	0.0000	0.0000	0.0000	0.0000	0.0000	0.0000	0.0000	0.0000	0.0000	0.0000	0.0000	0.0000	0.0000	0.0000	0.0000	0.0071	0.0066	0.0005	0.0059	0.0057	0.0002	0.0012	0.0009	0.0003	0.0013	0.0008	0.0005	0.0007	0.0006	0.0001	0.0006	0.0002	0.0004	0.0000	0.0000	0.0000	0.0000	0.0000	0.0000	0.0000	0.0000	0.0000	0.0153	0.0000	0.0391	0.0000	0.0000	0.0000	0.0333	0.0000	0.0500						
100	116	0.0656	4	1	2	1	1	0	0	0	0	N	Y	N	N	N	N	N	N	N	N	N	N	0.0000	0.0000	0.0000	0.0000	0.0000	0.0000	0.0000	0.0000	0.0000	0.0000	0.0000	0.0000	0.0000	0.0000	0.0000	0.0000	0.0000	0.0000	0.0000	0.0000	0.0000	5.0006	0.9982	2.0000	0.0000	0.0000	0.0000	0.0000	0.0000	0.0000	0.0000	0.0000	0.0000	0.0000	0.0000	0.0000	0.0000	0.0000	0.0000	0.0000	0.0000	0.0000	0.0182	0.0170	0.0012	0.0151	0.0147	0.0004	0.0031	0.0023	0.0008	0.0122	0.0053	0.0069	0.0004	0.0004	0.0000	0.0118	0.0050	0.0069	0.0000	0.0000	0.0000	0.0000	0.0000	0.0000	0.0000	0.0000	0.0000	0.0000	0.0000	0.0000	0.0000	0.0000	0.0000	0.0000	0.0000	0.0000											
100	117	0.6217	7	1	2	1	1	0	0	0	0	N	Y	N	N	N	N	N	N	N	N	N	N	0.0000	0.0000	0.0000	0.0000	0.0000	0.0000	0.0000	0.0000	0.0000	0.0000	0.0000	0.0000	0.0000	0.0000	0.0000	0.0000	0.0000	0.0000	0.0000	0.0000	0.0000	0.0000	0.9982	1.0000	0.0000	0.0000	0.0000	0.0000	0.0000	0.0000	0.0000	0.0000	0.0000	0.0000	0.0000	0.0000	0.0000	0.0000	0.0000	0.0000	0.0000	0.0000	0.0000	0.0000	0.0000	0.0000	0.0000	0.0000	0.0000	0.0000	0.0000	0.0008	0.0005	0.0003	0.0004	0.0004	0.0001	0.0004	0.0001	0.0002	0.0000	0.0000	0.0000	0.0000	0.0000	0.0000	0.0000	0.0000	0.0000	0.0000	0.0000	0.0000	0.0000	0.0000	0.0000	0.0000	0.0000	0.0000											
100	118	0.0656	4	1	2	1	0	0	0	0	0	N	Y	N	N	N	N	N	N	N	N	N	N	0.0000	0.0000	0.0000	0.0000	0.0000	0.0000	0.0000	0.0000	0.0000	0.0000	0.0000	0.0000	0.0000	0.0000	0.0000	0.0000	0.0000	0.0000	0.0000	0.0000	0.0000	16.9994	0.9982	6.0000	0.0000	0.0000	0.0000	0.0000	0.0000	0.0000	0.0000	0.0000	0.0000	0.0000	0.0000	0.0000	0.0000	0.0000	0.0000	0.0000	0.0000	0.0000	0.0537	0.0501	0.0036	0.0436	0.0425	0.0011	0.0101	0.0076	0.0025	0.0341	0.0152	0.0189	0.0011	0.0011	0.0000	0.0330	0.0142	0.0189	0.0000	0.0000	0.0000	0.0000	0.0000	0.0000	0.0000	0.0000	0.0000	0.0000	0.0000	0.0000	0.0000	0.0000	0.0000	0.0000	0.0000	0.0000											
100	119	0.6217	7	1	2	1	0	0	0	0	0	N	Y	N	N	N	N	N	N	N	N	N	N	0.0000	0.0000	0.0000	0.0000	0.0000	0.0000	0.0000	0.0000	0.0000	0.0000	0.0000	0.0000	0.0000	0.0000	0.0000	0.0000	0.0000	0.0000	0.0000	0.0000	0.0000	5.0000	0.9982	6.0000	0.0000	0.0000	0.0000	0.0000	0.0000	0.0000	0.0000	0.0000	0.0000	0.0000	0.0000	0.0000	0.0000	0.0000	0.0000	0.0000	0.0000	0.0000	0.0171	0.0159	0.0013	0.0141	0.0136	0.0005	0.0031	0.0023	0.0008	0.0059	0.0036	0.0023	0.0032	0.0027	0.0005	0.0028	0.0009	0.0018	0.0000	0.0000	0.0000	0.0000	0.0000	0.0000	0.0000	0.0000	0.0000	0.0000	0.0000	0.0000	0.0000	0.0000	0.0000	0.0000	0.0000	0.0000											
100	120	0.6498	8	1	2	1	0	0	0	0	0	N	Y	N	N	N	N	N	N	N	N	N	N	0.0000	0.0000	0.0000	0.0000	0.0000	0.0000	0.0000	0.0000	0.0000	0.0000	0.0000	0.0000	0.0000	0.5882	0.8801	0.0000	0.3667	0.4328	0.0000	0.0000	0.0000	0.0000	0.0000	0.0000	-0.0000	0.0000	0.9998	0.9982	0.9486	0.0000	0.0000	0.0000	0.0000	0.0000	0.0000	0.0000	0.0000	0.0000	0.0000	0.0000	0.0000	0.0000	0.0000	0.0000	0.0000	0.0000	0.0000	0.0036	0.0034	0.0003	0.0030	0.0029	0.0001	0.0006	0.0005	0.0002	0.0014	0.0009	0.0005	0.0009	0.0007	0.0002	0.0005	0.0002	0.0003	0.0000	0.0000	0.0000	0.0000	0.0000	0.0000	0.0000	0.0000	0.0000	0.0142	0.0226	0.0000	0.0224	0.0282	0.0000	0.0000	0.0000	0.0000						
100	121	0.6217	7	1	2	1	0	0	0	0	0	N	Y	N	N	N	N	N	N	N	N	N	N	0.0000	0.0000	0.0000	0.0000	0.0000	0.0000	0.0000	0.0000	0.0000	0.0000	0.0000	0.0000	0.0000	0.1731	0.0000	0.0340	0.0000	0.0000	0.0000	0.1330	0.0000	0.0162	inf	0.0000	0.0000	0.0000	3.0005	0.9982	1.1085	0.0000	0.0000	0.0000	0.0000	0.0000	0.0000	0.0000	0.0000	0.0000	0.0000	0.0000	0.0000	0.0000	0.0000	0.0000	0.0000	0.0000	0.0000	0.0188	0.0174	0.0014	0.0154	0.0149	0.0005	0.0034	0.0025	0.0008	0.0042	0.0026	0.0017	0.0023	0.0019	0.0004	0.0020	0.0007	0.0013	0.0000	0.0000	0.0000	0.0000	0.0000	0.0000	0.0000	0.0000	0.0000	0.0047	0.0000	0.0121	0.0000	0.0000	0.0000	0.0102	0.0000	0.0154						
100	122	0.0243	3	1	2	1	0	0	0	0	0	N	Y	N	N	N	N	N	N	N	N	N	N	0.0000	0.0000	0.0000	0.0000	0.0000	0.0000	0.0000	0.0000	0.0000	0.0000	0.0000	0.0000	0.0000	0.3191	0.0000	0.0389	0.0000	0.0000	0.0000	0.0602	0.0000	0.0128	inf	0.0000	0.0000	0.0000	2.0001	0.9982	3.0000	0.0000	0.0000	0.0000	0.0000	0.0000	0.0000	0.0000	0.0000	0.0000	0.0001	0.0000	0.0001	0.0000	0.0000	0.0000	0.0001	0.0000	0.0001	0.0171	0.0166	0.0005	0.0124	0.0122	0.0001	0.0048	0.0044	0.0004	0.0134	0.0063	0.0070	0.0002	0.0002	0.0000	0.0132	0.0061	0.0070	0.0000	0.0000	0.0000	0.0000	0.0000	0.0000	0.0000	0.0000	0.0000	0.0067	0.0000	0.0128	0.0000	0.0000	0.0000	0.0068	0.0000	0.0128						
100	124	0.6552	8	1	2	1	0	0	0	0	0	N	Y	N	N	N	N	N	N	N	N	N	N	0.0000	0.0000	0.0000	0.0000	0.0000	0.0000	0.0000	0.0000	0.0000	0.0000	0.0000	0.0000	0.0000	0.0000	0.0000	2.2377	2.9810	0.0000	0.0424	0.0517	0.0000	3.2057	7.2873	0.0000	0.0000	0.0000	-0.0036	0.0000	3.9006	0.9982	3.1543	0.0000	0.0000	0.0000	0.0000	0.0000	0.0000	0.0000	0.0000	0.0000	0.0070	0.0070	0.0000	0.0000	0.0000	0.0000	0.0069	0.0069	0.0000	0.0239	0.0222	0.0018	0.0196	0.0189	0.0007	0.0044	0.0033	0.0011	0.0076	0.0048	0.0028	0.0044	0.0036	0.0008	0.0032	0.0012	0.0020	0.0000	0.0000	0.0000	0.0000	0.0000	0.0000	0.0000	0.0000	0.0000	0.9173	1.4512	0.0000	0.0068	0.0083	0.0000	2.1986	5.8963	0.0000				
100	125	0.6217	7	1	2	1	0	0	0	0	0	N	Y	N	N	N	N	N	N	N	N	N	N	0.0000	0.0000	0.0000	0.0000	0.0000	0.0000	0.0000	0.0000	0.0000	0.0000	0.0000	0.0000	0.0000	0.0000	0.0000	0.0000	0.0000	266.4248	438.6741	0.0702	0.0001	0.0001	0.0000	575.6278	1719.9518	0.0327	0.0000	0.0000	-0.5173	0.0000	1.6924	0.9982	1.9110	0.0000	0.0000	0.0000	0.0000	0.0000	0.0000	0.0000	0.0000	0.0000	0.9912	0.9911	0.0000	0.0000	0.0000	0.0000	0.9912	0.9911	0.0000	0.0110	0.0102	0.0008	0.0091	0.0087	0.0003	0.0019	0.0014	0.0005	0.0037	0.0023	0.0015	0.0020	0.0017	0.0003	0.0017	0.0006	0.0011	0.0000	0.0000	0.0000	0.0000	0.0000	0.0000	0.0000	0.0000	0.0000	266.4248	438.6741	0.0205	0.0000	0.0000	0.0000	575.6278	1719.9518	0.0261		
100	126	0.0656	4	1	2	1	0	0	0	0	0	N	Y	N	N	N	N	N	N	N	N	N	N	0.0000	0.0000	0.0000	0.0000	0.0000	0.0000	0.0000	0.0000	0.0000	0.0000	0.0000	0.0000	0.0000	0.2552	0.0000	0.0274	0.0000	0.0000	0.0000	0.0507	0.0000	0.0104	inf	0.0000	0.0000	0.0000	0.9996	0.9982	8.0005	0.0000	0.0000	0.0000	0.0000	0.0000	0.0000	0.0000	0.0000	0.0000	0.0001	0.0000	0.0001	0.0000	0.0000	0.0000	0.0001	0.0000	0.0001	0.0038	0.0036	0.0003	0.0032	0.0031	0.0001	0.0006	0.0005	0.0002	0.0154	0.0067	0.0086	0.0005	0.0005	0.0000	0.0149	0.0063	0.0086	0.0000	0.0000	0.0000	0.0000	0.0000	0.0000	0.0000	0.0000	0.0000	0.0059	0.0000	0.0104	0.0000	0.0000	0.0000	0.0060	0.0000	0.0104						
100	127	0.1930	6	1	1	1	0	0	0	0	0	N	N	N	N	N	N	N	N	N	N	N	N	0.0000	0.0000	0.0000	0.0000	0.0000	0.0000	0.0000	0.0000	0.0000	0.0000	0.0000	0.0000	0.0000	0.0000	0.0000	0.0000	0.0000	0.6781	0.9347	0.0131	0.8397	0.7704	0.0000	0.0317	0.0000	0.0077	0.1900	0.0000	-0.0002	0.0000	3.6536	0.9982	12.3970	0.0000	0.0000	0.0000	0.0000	0.0000	0.0000	0.0000	0.0000	0.0000	0.0006	0.0005	0.0001	0.0005	0.0005	0.0000	0.0001	0.0000	0.0001	0.0151	0.0141	0.0010	0.0128	0.0124	0.0004	0.0022	0.0017	0.0006	0.0299	0.0176	0.0123	0.0092	0.0085	0.0007	0.0207	0.0091	0.0116	0.0000	0.0000	0.0000	0.0000	0.0000	0.0000	0.0000	0.0000	0.0000	0.0187	0.0266	0.0073	0.0512	0.0553	0.0000	0.0043	0.0000	0.0077		
100	128	0.3714	6	1	1	1	0	0	0	0	0	N	N	N	N	N	N	N	N	N	N	N	N	0.0000	0.0000	0.0000	0.0000	0.0000	0.0000	0.0000	0.0000	0.0000	0.0000	0.0000	0.0000	0.0000	0.0000	0.0000	0.0000	0.0000	1.5643	2.1107	0.0006	2.6579	2.8424	0.0001	0.0005	0.0000	0.0008	0.0010	-0.0000	-0.0051	0.0000	5.3495	0.9982	12.4099	0.0000	0.0000	0.0000	0.0000	0.0000	0.0000	0.0000	0.0000	0.0000	0.0097	0.0097	0.0000	0.0097	0.0097	0.0000	0.0000	0.0000	0.0000	0.0306	0.0292	0.0014	0.0272	0.0266	0.0006	0.0034	0.0026	0.0008	0.0463	0.0303	0.0160	0.0245	0.0208	0.0037	0.0219	0.0095	0.0124	0.0000	0.0000	0.0000	0.0000	0.0000	0.0000	0.0000	0.0000	0.0000	0.2093	0.3196	0.0006	0.3956	0.4651	0.0001	0.0004	0.0000	0.0008		
100	129	0.1771	10	1	2	1	1	0	0	0	0	N	Y	N	N	N	N	N	N	N	N	N	N	0.0000	0.0000	0.0000	0.0000	0.0000	0.0000	0.0000	0.0000	0.0000	0.0000	0.0000	0.0000	0.0000	0.0000	0.0000	0.0000	0.0000	0.0000	0.0000	0.0000	0.0000	0.0000	0.9982	0.0000	0.0000	0.0000	0.0000	0.0000	0.0000	0.0000	0.0000	0.0000	0.0000	0.0000	0.0000	0.0000	0.0000	0.0000	0.0000	0.0000	0.0000	0.0000	0.0000	0.0000	0.0000	0.0000	0.0000	0.0000	0.0000	0.0000	0.0000	0.0000	0.0000	0.0000	0.0000	0.0000	0.0000	0.0000	0.0000	0.0000	0.0000	0.0000	0.0000	0.0000	0.0000	0.0000	0.0000	0.0000	0.0000	0.0000	0.0000	0.0000	0.0000	0.0000	0.0000	0.0000	0.0000	0.0000											
100	130	0.1608	9	1	2	1	1	0	0	0	0	N	Y	N	N	N	N	N	N	N	N	N	N	0.0000	0.0000	0.0000	0.0000	0.0000	0.0000	0.0000	0.0000	0.0000	0.0000	0.0000	0.0000	0.0000	0.0000	0.0000	0.0000	0.0000	0.0000	0.0000	0.0000	0.0000	0.0000	0.9982	3.0001	0.0000	0.0000	0.0000	0.0000	0.0000	0.0000	0.0000	0.0000	0.0000	0.0000	0.0000	0.0000	0.0000	0.0000	0.0000	0.0000	0.0000	0.0000	0.0000	0.0000	0.0000	0.0000	0.0000	0.0000	0.0000	0.0000	0.0000	0.0050	0.0021	0.0028	0.0002	0.0002	0.0000	0.0047	0.0019	0.0028	0.0000	0.0000	0.0000	0.0000	0.0000	0.0000	0.0000	0.0000	0.0000	0.0000	0.0000	0.0000	0.0000	0.0000	0.0000	0.0000	0.0000	0.0000											
100	131	0.1511	8	1	2	1	0	0	0	0	0	N	Y	N	N	N	N	N	N	N	N	N	N	0.0000	0.0000	0.0000	0.0000	0.0000	0.0000	0.0000	0.0000	0.0000	0.0000	0.0000	0.0000	0.0000	0.0000	0.0000	0.0000	0.0000	0.0000	0.0000	0.0000	0.0000	0.0000	0.9982	0.0000	0.0000	0.0000	0.0000	0.0000	0.0000	0.0000	0.0000	0.0000	0.0000	0.0000	0.0000	0.0000	0.0000	0.0000	0.0000	0.0000	0.0000	0.0000	0.0000	0.0000	0.0000	0.0000	0.0000	0.0000	0.0000	0.0000	0.0000	0.0000	0.0000	0.0000	0.0000	0.0000	0.0000	0.0000	0.0000	0.0000	0.0000	0.0000	0.0000	0.0000	0.0000	0.0000	0.0000	0.0000	0.0000	0.0000	0.0000	0.0000	0.0000	0.0000	0.0000	0.0000	0.0000	0.0000											
100	132	0.1608	9	1	1	2	1	0	0	0	0	N	N	Y	N	N	N	N	N	N	N	N	N	0.0000	0.0000	0.0000	0.0000	0.0000	0.0000	0.0000	0.0000	0.0000	0.0000	0.0000	0.0000	0.0000	0.0000	0.0000	0.0000	0.0000	0.0000	0.0000	0.0000	0.0000	0.0000	0.9982	1.9999	0.0000	0.0000	0.0000	0.0000	0.0000	0.0000	0.0000	0.0000	0.0000	0.0000	0.0000	0.0000	0.0000	0.0000	0.0000	0.0000	0.0000	0.0000	0.0000	0.0000	0.0000	0.0000	0.0000	0.0000	0.0000	0.0000	0.0000	0.0034	0.0015	0.0019	0.0002	0.0002	0.0000	0.0032	0.0013	0.0019	0.0000	0.0000	0.0000	0.0000	0.0000	0.0000	0.0000	0.0000	0.0000	0.0000	0.0000	0.0000	0.0000	0.0000	0.0000	0.0000	0.0000	0.0000											
100	133	0.1718	10	1	1	2	1	0	0	0	0	N	N	Y	N	N	N	N	N	N	N	N	N	0.0000	0.0000	0.0000	0.0000	0.0000	0.0000	0.0000	0.0000	0.0000	0.0000	0.0000	0.0000	0.0000	0.0000	0.0000	0.0000	0.0000	0.0000	0.0000	0.0000	0.0000	1.0000	0.9982	0.0000	0.0000	0.0000	0.0000	0.0000	0.0000	0.0000	0.0000	0.0000	0.0000	0.0000	0.0000	0.0000	0.0000	0.0000	0.0000	0.0000	0.0000	0.0000	0.0038	0.0036	0.0003	0.0032	0.0031	0.0001	0.0006	0.0005	0.0002	0.0017	0.0007	0.0010	0.0003	0.0002	0.0001	0.0014	0.0005	0.0009	0.0000	0.0000	0.0000	0.0000	0.0000	0.0000	0.0000	0.0000	0.0000	0.0000	0.0000	0.0000	0.0000	0.0000	0.0000	0.0000	0.0000	0.0000											
100	134	0.1718	10	1	1	2	1	0	0	0	0	N	N	Y	N	N	N	N	N	N	N	N	N	0.0000	0.0000	0.0000	0.0000	0.0000	0.0000	0.0000	0.0000	0.0000	0.0000	0.0000	0.0000	0.0000	0.0000	0.0000	0.0000	0.0000	0.0000	0.0000	0.0000	0.0000	0.0000	0.9982	0.0000	0.0000	0.0000	0.0000	0.0000	0.0000	0.0000	0.0000	0.0000	0.0000	0.0000	0.0000	0.0000	0.0000	0.0000	0.0000	0.0000	0.0000	0.0000	0.0000	0.0000	0.0000	0.0000	0.0000	0.0000	0.0000	0.0000	0.0000	0.0000	0.0000	0.0000	0.0000	0.0000	0.0000	0.0000	0.0000	0.0000	0.0000	0.0000	0.0000	0.0000	0.0000	0.0000	0.0000	0.0000	0.0000	0.0000	0.0000	0.0000	0.0000	0.0000	0.0000	0.0000	0.0000	0.0000											
100	135	0.1608	9	1	1	2	1	0	0	0	0	N	N	Y	N	N	N	N	N	N	N	N	N	0.0000	0.0000	0.0000	0.0000	0.0000	0.0000	0.0000	0.0000	0.0000	0.0000	0.0000	0.0000	0.0000	0.0000	0.0000	0.0000	0.0000	0.0000	0.0000	0.0000	0.0000	2.0025	0.9982	0.9943	0.0000	0.0000	0.0000	0.0000	0.0000	0.0000	0.0000	0.0000	0.0000	0.0000	0.0000	0.0000	0.0000	0.0000	0.0000	0.0000	0.0000	0.0000	0.0076	0.0071	0.0005	0.0063	0.0061	0.0002	0.0012	0.0009	0.0003	0.0050	0.0021	0.0028	0.0002	0.0002	0.0000	0.0047	0.0019	0.0028	0.0000	0.0000	0.0000	0.0000	0.0000	0.0000	0.0000	0.0000	0.0000	0.0000	0.0000	0.0000	0.0000	0.0000	0.0000	0.0000	0.0000	0.0000											
100	136	0.1608	8	1	1	1	1	0	0	0	0	N	N	N	N	N	N	N	N	N	N	N	N	0.0000	0.0000	0.0000	0.0000	0.0000	0.0000	0.0000	0.0000	0.0000	0.0000	0.0000	0.0000	0.0000	0.0000	0.0000	0.0000	0.0000	0.0000	0.0000	0.0000	0.0000	0.0050	0.9982	0.0173	0.0000	0.0000	0.0000	0.0000	0.0000	0.0000	0.0000	0.0000	0.0000	0.0000	0.0000	0.0000	0.0000	0.0000	0.0000	0.0000	0.0000	0.0000	0.0000	0.0000	0.0000	0.0000	0.0000	0.0000	0.0000	0.0000	0.0000	0.0002	0.0002	0.0000	0.0001	0.0001	0.0000	0.0001	0.0001	0.0000	0.0000	0.0000	0.0000	0.0000	0.0000	0.0000	0.0000	0.0000	0.0000	0.0000	0.0000	0.0000	0.0000	0.0000	0.0000	0.0000	0.0000	0.0000											
100	137	0.1511	7	1	1	1	1	0	0	0	0	N	N	N	N	N	N	N	N	N	N	N	N	0.0000	0.0000	0.0000	0.0000	0.0000	0.0000	0.0000	0.0000	0.0000	0.0000	0.0000	0.0000	0.0000	0.0000	0.0000	0.0000	0.0000	0.0000	0.0000	0.0000	0.0000	1.9972	0.9982	1.0076	0.0000	0.0000	0.0000	0.0000	0.0000	0.0000	0.0000	0.0000	0.0000	0.0000	0.0000	0.0000	0.0000	0.0000	0.0000	0.0000	0.0000	0.0000	0.0075	0.0070	0.0005	0.0063	0.0061	0.0002	0.0012	0.0009	0.0003	0.0046	0.0019	0.0027	0.0002	0.0001	0.0000	0.0044	0.0017	0.0027	0.0000	0.0000	0.0000	0.0000	0.0000	0.0000	0.0000	0.0000	0.0000	0.0000	0.0000	0.0000	0.0000	0.0000	0.0000	0.0000	0.0000	0.0000											
100	138	0.1338	6	2	2	1	0	0	0	0	0	Y	Y	N	N	N	N	N	N	N	N	N	N	0.0000	0.0000	0.0000	0.0000	0.0000	0.0000	0.0000	0.0000	0.0000	0.0000	0.0000	0.0000	0.0000	0.0000	0.0000	0.0001	0.0000	0.0000	0.0001	0.0000	0.0000	0.0000	0.0000	0.0000	inf	0.0000	0.0000	0.0000	0.0002	0.9982	2.3255	0.0000	0.0000	0.0000	0.0000	0.0000	0.0000	0.0000	0.0000	0.0000	0.0000	0.0000	0.0000	0.0000	0.0000	0.0000	0.0000	0.0000	0.0000	0.0000	0.0000	0.0000	0.0000	0.0000	0.0000	0.0000	0.0000	0.0000	0.0051	0.0026	0.0025	0.0008	0.0008	0.0000	0.0043	0.0018	0.0025	0.0000	0.0000	0.0000	0.0000	0.0000	0.0000	0.0000	0.0000	0.0000	0.0000	0.0000	0.0000	0.0000	0.0000	0.0000	0.0000	0.0000	0.0000				
100	139	0.1160	5	2	2	1	0	0	0	0	0	Y	Y	N	N	N	N	N	N	N	N	N	N	21.8060	0.0000	16290.0337	0.0000	0.0000	11570.0232	26247.6460	0.0013	0.0000	0.0197	0.0000	0.0000	0.0000	0.0080	0.0000	0.0316	0.0001	0.0001	0.0000	0.0002	0.0002	0.0000	0.0000	0.0000	0.0000	inf	0.3653	0.0000	-0.0000	0.0000	2.0138	0.9982	2.7349	0.0000	0.0000	0.0000	0.0000	0.0000	0.0000	0.0000	0.0000	0.0000	0.0000	0.0000	0.0000	0.0000	0.0000	0.0000	0.0000	0.0000	0.0000	0.0076	0.0071	0.0005	0.0064	0.0062	0.0002	0.0012	0.0009	0.0003	0.0118	0.0062	0.0056	0.0022	0.0021	0.0001	0.0095	0.0041	0.0055	604.0539	0.0000	16290.0337	0.0000	0.0000	0.0000	11570.0232	0.0000	26247.6460	0.0000	0.0000	0.0000	0.0000	0.0000	0.0000	0.0000	0.0000	0.0000		
100	140	0.1325	6	1	2	1	0	0	0	0	0	N	Y	N	N	N	N	N	N	N	N	N	N	0.0000	0.0000	0.0000	0.0000	0.0000	0.0000	0.0000	0.0000	0.0000	0.0000	0.0000	0.0000	0.0000	0.0000	0.0000	0.0000	0.0000	0.0000	0.0000	0.0000	0.0000	0.0000	inf	-0.0000	0.0000	0.0000	1.9232	0.9982	1.1116	0.0000	0.0000	0.0000	0.0000	0.0000	0.0000	0.0000	0.0000	0.0000	0.0000	0.0000	0.0000	0.0000	0.0000	0.0000	0.0000	0.0000	0.0000	0.0073	0.0068	0.0005	0.0061	0.0059	0.0002	0.0012	0.0009	0.0003	0.0057	0.0026	0.0030	0.0005	0.0005	0.0000	0.0051	0.0021	0.0030	0.0000	0.0000	0.0000	0.0000	0.0000	0.0000	0.0000	0.0000	0.0000	0.0000	0.0000	0.0000	0.0000	0.0000	0.0000	0.0000	0.0000	0.0000						
100	141	0.6409	8	1	2	1	0	0	0	0	0	N	Y	N	N	N	N	N	N	N	N	N	N	0.0000	0.0000	0.0000	0.0000	0.0000	0.0000	0.0000	0.0000	0.0000	0.0000	0.0000	0.0000	0.0000	0.0000	0.0000	0.0000	0.0000	0.0000	0.0000	0.0000	0.0000	3.0000	0.9982	1.0000	0.0000	0.0000	0.0000	0.0000	0.0000	0.0000	0.0000	0.0000	0.0000	0.0000	0.0000	0.0000	0.0000	0.0000	0.0000	0.0000	0.0000	0.0000	0.0188	0.0174	0.0014	0.0154	0.0149	0.0005	0.0034	0.0025	0.0008	0.0041	0.0025	0.0016	0.0022	0.0019	0.0003	0.0019	0.0006	0.0013	0.0000	0.0000	0.0000	0.0000	0.0000	0.0000	0.0000	0.0000	0.0000	0.0000	0.0000	0.0000	0.0000	0.0000	0.0000	0.0000	0.0000	0.0000											
100	142	0.6217	7	1	1	1	0	0	0	0	0	N	N	N	N	N	N	N	N	N	N	N	N	0.0000	0.0000	0.0000	0.0000	0.0000	0.0000	0.0000	0.0000	0.0000	0.0000	0.0000	0.0000	0.0000	0.0000	0.0000	0.0000	0.0000	0.0000	0.0000	0.0000	0.0000	1.0000	0.9982	1.0000	0.0000	0.0000	0.0000	0.0000	0.0000	0.0000	0.0000	0.0000	0.0000	0.0000	0.0000	0.0000	0.0000	0.0000	0.0000	0.0000	0.0000	0.0000	0.0066	0.0061	0.0005	0.0055	0.0053	0.0002	0.0011	0.0009	0.0003	0.0021	0.0013	0.0008	0.0011	0.0010	0.0002	0.0010	0.0003	0.0006	0.0000	0.0000	0.0000	0.0000	0.0000	0.0000	0.0000	0.0000	0.0000	0.0000	0.0000	0.0000	0.0000	0.0000	0.0000	0.0000	0.0000	0.0000											
100	143	0.3714	6	1	1	1	0	0	0	0	0	N	N	N	N	N	N	N	N	N	N	N	N	0.0000	0.0000	0.0000	0.0000	0.0000	0.0000	0.0000	0.0000	0.0000	0.0000	0.0000	0.0000	0.0000	0.0000	0.0000	0.0000	0.0000	1.5583	2.1027	0.0006	2.6526	2.8360	0.0001	0.0005	0.0000	0.0007	0.0010	-0.0000	-0.0051	0.0000	7.1211	0.9982	10.9474	0.0000	0.0000	0.0000	0.0000	0.0000	0.0000	0.0000	0.0000	0.0000	0.0097	0.0097	0.0000	0.0097	0.0097	0.0000	0.0000	0.0000	0.0000	0.0361	0.0343	0.0018	0.0316	0.0309	0.0007	0.0045	0.0034	0.0011	0.0466	0.0305	0.0161	0.0246	0.0209	0.0037	0.0220	0.0096	0.0125	0.0000	0.0000	0.0000	0.0000	0.0000	0.0000	0.0000	0.0000	0.0000	0.2083	0.3183	0.0006	0.3945	0.4637	0.0001	0.0004	0.0000	0.0007		
100	144	0.1766	5	1	1	1	0	0	0	0	0	N	N	N	N	N	N	N	N	N	N	N	N	0.0000	0.0000	0.0000	0.0000	0.0000	0.0000	0.0000	0.0000	0.0000	0.0000	0.0000	0.0000	0.0000	0.0000	0.0000	0.0000	0.0000	0.0000	1.5588	1.3801	1.5233	0.2947	0.2995	0.0003	1.6243	2.5528	0.6823	5.1838	-0.0000	0.0032	0.0000	8.5175	0.9982	23.1696	0.0000	0.0000	0.0000	0.0000	0.0000	0.0000	0.0000	0.0000	0.0000	0.0100	0.0016	0.0084	0.0002	0.0002	0.0000	0.0098	0.0014	0.0084	0.0327	0.0306	0.0020	0.0275	0.0268	0.0008	0.0052	0.0039	0.0013	0.0480	0.0255	0.0225	0.0120	0.0109	0.0011	0.0360	0.0146	0.0214	0.0000	0.0000	0.0000	0.0000	0.0000	0.0000	0.0000	0.0000	0.0000	0.2083	0.0635	0.3721	0.0182	0.0200	0.0003	0.2716	0.0960	0.3911	
100	145	0.1511	8	2	2	1	0	0	0	0	0	Y	Y	N	N	N	N	N	N	N	N	N	N	0.0000	0.0000	0.0000	0.0000	0.0000	0.0000	0.0000	0.0000	0.0000	0.0000	0.0000	0.0000	0.0000	0.0000	0.0000	0.0000	0.0000	0.0000	0.0000	0.0000	0.0000	1.0000	0.9982	1.0000	0.0000	0.0000	0.0000	0.0000	0.0000	0.0000	0.0000	0.0000	0.0000	0.0000	0.0000	0.0000	0.0000	0.0000	0.0000	0.0000	0.0000	0.0000	0.0038	0.0036	0.0003	0.0032	0.0031	0.0001	0.0006	0.0005	0.0002	0.0031	0.0013	0.0018	0.0001	0.0001	0.0000	0.0030	0.0012	0.0018	0.0000	0.0000	0.0000	0.0000	0.0000	0.0000	0.0000	0.0000	0.0000	0.0000	0.0000	0.0000	0.0000	0.0000	0.0000	0.0000	0.0000	0.0000											
100	146	0.1511	7	1	2	1	0	0	0	0	0	N	Y	N	N	N	N	N	N	N	N	N	N	0.0000	0.0000	0.0000	0.0000	0.0000	0.0000	0.0000	0.0000	0.0000	0.0000	0.0000	0.0000	0.0000	0.0000	0.0000	0.0000	0.0000	0.0000	0.0000	0.0000	0.0000	0.0003	0.9982	0.0000	0.0000	0.0000	0.0000	0.0000	0.0000	0.0000	0.0000	0.0000	0.0000	0.0000	0.0000	0.0000	0.0000	0.0000	0.0000	0.0000	0.0000	0.0000	0.0000	0.0000	0.0000	0.0000	0.0000	0.0000	0.0000	0.0000	0.0000	0.0000	0.0000	0.0000	0.0000	0.0000	0.0000	0.0000	0.0000	0.0000	0.0000	0.0000	0.0000	0.0000	0.0000	0.0000	0.0000	0.0000	0.0000	0.0000	0.0000	0.0000	0.0000	0.0000	0.0000	0.0000	0.0000	0.0000											
100	147	0.1325	6	1	1	1	0	0	0	0	0	N	N	N	N	N	N	N	N	N	N	N	N	0.0000	0.0000	0.0000	0.0000	0.0000	0.0000	0.0000	0.0000	0.0000	0.0000	0.0000	0.0000	0.0000	0.0000	0.0000	0.0000	0.0000	0.0000	0.0000	0.0000	0.0000	0.0000	inf	-0.0000	0.0000	0.0000	4.9449	0.9982	1.0063	0.0000	0.0000	0.0000	0.0000	0.0000	0.0000	0.0000	0.0000	0.0000	0.0000	0.0000	0.0000	0.0000	0.0000	0.0000	0.0000	0.0000	0.0000	0.0180	0.0168	0.0012	0.0150	0.0145	0.0004	0.0030	0.0023	0.0008	0.0102	0.0046	0.0056	0.0007	0.0006	0.0000	0.0095	0.0039	0.0056	0.0000	0.0000	0.0000	0.0000	0.0000	0.0000	0.0000	0.0000	0.0000	0.0000	0.0000	0.0000	0.0000	0.0000	0.0000	0.0000	0.0000	0.0000						
100	148	0.1160	5	1	1	1	0	0	0	0	0	N	N	N	N	N	N	N	N	N	N	N	N	0.1695	0.1258	0.0000	0.0924	0.1051	0.0000	0.0000	0.0000	0.0000	0.0000	0.0000	0.0000	0.0000	0.0000	0.0000	0.0000	0.0000	0.0001	0.0000	0.0001	0.0001	0.0000	0.0000	0.0000	0.0000	0.0022	5.6681	-0.0000	0.0000	0.0000	3.4778	0.9982	1.2917	0.0000	0.0000	0.0000	0.0000	0.0000	0.0000	0.0000	0.0000	0.0000	0.0000	0.0000	0.0000	0.0000	0.0000	0.0000	0.0000	0.0000	0.0000	0.0129	0.0120	0.0008	0.0108	0.0105	0.0003	0.0021	0.0016	0.0005	0.0118	0.0062	0.0056	0.0022	0.0021	0.0001	0.0096	0.0041	0.0055	10.2623	38.2832	0.0000	13.3490	15.1154	0.0000	0.0000	0.0000	0.0000	0.0000	0.0000	0.0000	0.0000	0.0000	0.0000	0.0000	0.0000	0.0000		
100	149	0.0656	4	1	1	1	0	0	0	0	0	N	N	N	N	N	N	N	N	N	N	N	N	0.1098	0.0000	inf	0.0000	0.0000	inf	inf	0.0000	0.0000	0.0000	0.0000	0.0000	0.0000	0.0000	0.0000	0.0001	0.0000	0.0001	0.0000	0.0002	0.0002	0.0000	0.0000	0.0000	0.0000	inf	0.0000	0.0000	-0.0000	0.0000	7.8050	0.9982	4.0035	0.0000	0.0000	0.0000	0.0000	0.0000	0.0000	0.0000	0.0000	0.0000	0.0000	0.0000	0.0000	0.0000	0.0000	0.0000	0.0000	0.0000	0.0000	0.0274	0.0256	0.0018	0.0227	0.0221	0.0006	0.0047	0.0036	0.0012	0.0196	0.0086	0.0110	0.0006	0.0006	0.0000	0.0190	0.0080	0.0110	9.3932	0.0000	inf	0.0000	0.0000	0.0000	inf	0.0000	inf	0.0000	0.0000	0.0000	0.0000	0.0000	0.0000	0.0000	0.0000	0.0000		
100	150	0.1930	6	1	1	1	0	0	0	0	0	N	N	N	N	N	N	N	N	N	N	N	N	0.0000	0.0000	0.0000	0.0000	0.0000	0.0000	0.0000	0.0000	0.0000	0.0000	0.0000	0.0000	0.0000	0.0000	0.0000	0.0000	0.0000	0.5936	0.9088	0.0000	0.8040	0.7581	0.0000	0.0000	0.0000	0.0000	0.0001	0.0000	-0.0002	0.0000	3.7255	0.9982	14.1767	0.0000	0.0000	0.0000	0.0000	0.0000	0.0000	0.0000	0.0000	0.0000	0.0005	0.0005	0.0000	0.0005	0.0005	0.0000	0.0000	0.0000	0.0000	0.0153	0.0144	0.0010	0.0131	0.0127	0.0004	0.0023	0.0017	0.0006	0.0318	0.0186	0.0132	0.0095	0.0088	0.0007	0.0223	0.0098	0.0124	0.0000	0.0000	0.0000	0.0000	0.0000	0.0000	0.0000	0.0000	0.0000	0.0148	0.0252	0.0000	0.0494	0.0535	0.0000	0.0000	0.0000	0.0000		
100	151	0.1766	5	1	1	1	0	0	0	0	0	N	N	N	N	N	N	N	N	N	N	N	N	0.0000	0.0000	0.0000	0.0000	0.0000	0.0000	0.0000	0.0000	0.0000	0.0000	0.0000	0.0000	0.0000	0.0000	0.0000	0.0000	0.0000	0.0000	0.8665	0.9029	0.1572	0.4750	0.4593	0.0001	0.4681	1.1912	0.0612	1.3015	0.0000	0.0000	0.0000	1.4205	0.9982	4.0377	0.0000	0.0000	0.0000	0.0000	0.0000	0.0000	0.0000	0.0000	0.0000	0.0007	0.0003	0.0004	0.0002	0.0002	0.0000	0.0005	0.0001	0.0004	0.0064	0.0060	0.0004	0.0055	0.0054	0.0002	0.0009	0.0007	0.0002	0.0201	0.0119	0.0082	0.0075	0.0072	0.0003	0.0125	0.0047	0.0079	0.0000	0.0000	0.0000	0.0000	0.0000	0.0000	0.0000	0.0000	0.0000	0.0343	0.0252	0.0476	0.0291	0.0303	0.0001	0.0374	0.0171	0.0494	
100	152	0.0656	4	1	1	1	0	0	0	0	0	N	N	N	N	N	N	N	N	N	N	N	N	0.0000	0.0000	0.0000	0.0000	0.0000	0.0000	0.0000	0.0000	0.0000	0.0000	0.0000	0.0000	0.0000	0.0000	0.0000	0.0000	0.0000	0.3498	0.0334	0.0316	0.0004	0.0003	0.0000	0.0778	0.0912	0.0111	4.5053	0.0000	0.0001	0.0000	6.4701	0.9982	12.4371	0.0000	0.0000	0.0000	0.0000	0.0000	0.0000	0.0000	0.0000	0.0000	0.0002	0.0000	0.0002	0.0000	0.0000	0.0000	0.0002	0.0000	0.0002	0.0231	0.0216	0.0015	0.0192	0.0186	0.0005	0.0039	0.0029	0.0010	0.0292	0.0130	0.0162	0.0009	0.0009	0.0000	0.0283	0.0121	0.0162	0.0000	0.0000	0.0000	0.0000	0.0000	0.0000	0.0000	0.0000	0.0000	0.0075	0.0031	0.0111	0.0000	0.0000	0.0000	0.0078	0.0033	0.0111		
101	104	0.5909	7	1	2	1	0	0	0	0	0	N	Y	N	N	N	N	N	N	N	N	N	N	0.0000	0.0000	0.0000	0.0000	0.0000	0.0000	0.0000	0.0000	0.0000	0.0000	0.0000	0.0000	0.0000	0.0000	0.0000	0.0000	0.0000	0.0000	0.0000	0.0000	0.0000	7.9994	0.0000	4.0001	0.0000	0.0000	0.0000	0.0000	0.0000	0.0000	0.0000	0.0000	0.0000	0.0000	0.0000	0.0000	0.0000	0.0000	0.0000	0.0000	0.0000	0.0000	0.0000	0.0000	0.0000	0.0000	0.0000	0.0000	0.0000	0.0000	0.0000	0.0000	0.0000	0.0000	0.0000	0.0000	0.0000	0.0000	0.0000	0.0000	0.0000	0.0000	0.0000	0.0000	0.0000	0.0000	0.0000	0.0000	0.0000	0.0000	0.0000	0.0000	0.0000	0.0000	0.0000	0.0000	0.0000	0.0000											
101	105	0.6533	11	2	1	2	0	0	0	0	0	Y	N	Y	N	N	N	N	N	N	N	N	N	0.0000	0.0000	0.0000	0.0000	0.0000	0.0000	0.0000	0.0000	0.0000	0.0000	0.0000	0.0000	0.0000	0.0000	0.0000	0.0000	0.0000	0.0000	0.0000	0.0000	0.0000	1.0000	0.0000	1.0005	0.0000	0.0000	0.0000	0.0000	0.0000	0.0000	0.0000	0.0000	0.0000	0.0000	0.0000	0.0000	0.0000	0.0000	0.0000	0.0000	0.0000	0.0000	0.0000	0.0000	0.0000	0.0000	0.0000	0.0000	0.0000	0.0000	0.0000	0.0000	0.0000	0.0000	0.0000	0.0000	0.0000	0.0000	0.0000	0.0000	0.0000	0.0000	0.0000	0.0000	0.0000	0.0000	0.0000	0.0000	0.0000	0.0000	0.0000	0.0000	0.0000	0.0000	0.0000	0.0000	0.0000	0.0000											
101	106	0.6498	10	2	1	2	0	0	0	0	0	Y	N	Y	N	N	N	N	N	N	N	N	N	0.0000	0.0000	0.0000	0.0000	0.0000	0.0000	0.0000	0.0000	0.0000	0.0000	0.0000	0.0000	0.0000	0.0000	0.0000	0.0000	0.0000	0.0000	0.0000	0.0000	0.0000	0.7249	0.0000	0.0368	0.0000	0.0000	0.0000	0.0000	0.0000	0.0000	0.0000	0.0000	0.0000	0.0000	0.0000	0.0000	0.0000	0.0000	0.0000	0.0000	0.0000	0.0000	0.0000	0.0000	0.0000	0.0000	0.0000	0.0000	0.0000	0.0000	0.0000	0.0000	0.0000	0.0000	0.0000	0.0000	0.0000	0.0000	0.0000	0.0000	0.0000	0.0000	0.0000	0.0000	0.0000	0.0000	0.0000	0.0000	0.0000	0.0000	0.0000	0.0000	0.0000	0.0000	0.0000	0.0000	0.0000	0.0000											
101	107	0.6484	9	2	1	2	0	0	0	0	0	Y	N	Y	N	N	N	N	N	N	N	N	N	0.0000	0.0000	0.0000	0.0000	0.0000	0.0000	0.0000	0.0000	0.0000	0.0000	0.0000	0.0000	0.0000	0.0000	0.0000	0.0000	0.0000	0.0000	0.0000	0.0000	0.0000	0.4159	0.0000	0.0887	0.0000	0.0000	0.0000	0.0000	0.0000	0.0000	0.0000	0.0000	0.0000	0.0000	0.0000	0.0000	0.0000	0.0000	0.0000	0.0000	0.0000	0.0000	0.0000	0.0000	0.0000	0.0000	0.0000	0.0000	0.0000	0.0000	0.0000	0.0000	0.0000	0.0000	0.0000	0.0000	0.0000	0.0000	0.0000	0.0000	0.0000	0.0000	0.0000	0.0000	0.0000	0.0000	0.0000	0.0000	0.0000	0.0000	0.0000	0.0000	0.0000	0.0000	0.0000	0.0000	0.0000	0.0000											
101	108	0.6321	8	2	1	1	0	0	0	0	0	Y	N	N	N	N	N	N	N	N	N	N	N	0.0000	0.0000	0.0000	0.0000	0.0000	0.0000	0.0000	0.0000	0.0000	0.0000	0.0000	0.0000	0.0000	0.0000	0.0000	0.0000	0.0000	0.0000	0.0000	0.0000	0.0000	3.9943	0.0000	0.9974	0.0000	0.0000	0.0000	0.0000	0.0000	0.0000	0.0000	0.0000	0.0000	0.0000	0.0000	0.0000	0.0000	0.0000	0.0000	0.0000	0.0000	0.0000	0.0000	0.0000	0.0000	0.0000	0.0000	0.0000	0.0000	0.0000	0.0000	0.0000	0.0000	0.0000	0.0000	0.0000	0.0000	0.0000	0.0000	0.0000	0.0000	0.0000	0.0000	0.0000	0.0000	0.0000	0.0000	0.0000	0.0000	0.0000	0.0000	0.0000	0.0000	0.0000	0.0000	0.0000	0.0000	0.0000											
101	109	0.0061	3	2	1	2	0	0	0	0	0	Y	N	Y	N	N	N	N	N	N	N	N	N	0.0000	0.0000	0.0000	0.0000	0.0000	0.0000	0.0000	0.0000	0.0000	0.0000	0.0000	0.0000	0.0000	0.0000	0.0000	0.0000	0.0000	0.0000	0.0000	0.0000	0.0000	0.0000	0.0000	0.9909	0.0000	0.0000	0.0000	0.0000	0.0000	0.0000	0.0000	0.0000	0.0000	0.0000	0.0000	0.0000	0.0000	0.0000	0.0000	0.0000	0.0000	0.0000	0.0000	0.0000	0.0000	0.0000	0.0000	0.0000	0.0000	0.0000	0.0000	0.0000	0.0000	0.0000	0.0000	0.0000	0.0000	0.0000	0.0000	0.0000	0.0000	0.0000	0.0000	0.0000	0.0000	0.0000	0.0000	0.0000	0.0000	0.0000	0.0000	0.0000	0.0000	0.0000	0.0000	0.0000	0.0000	0.0000											
101	112	0.6367	8	1	1	2	0	0	0	0	0	N	N	Y	N	N	N	N	N	N	N	N	N	0.0000	0.0000	0.0000	0.0000	0.0000	0.0000	0.0000	0.0000	0.0000	0.0000	0.0000	0.0000	0.0000	0.0000	0.0000	0.0000	0.0000	0.0000	0.0000	0.0000	0.0000	0.0000	0.0000	0.0001	0.0000	0.0000	0.0000	0.0000	0.0000	0.0000	0.0000	0.0000	0.0000	0.0000	0.0000	0.0000	0.0000	0.0000	0.0000	0.0000	0.0000	0.0000	0.0000	0.0000	0.0000	0.0000	0.0000	0.0000	0.0000	0.0000	0.0000	0.0000	0.0000	0.0000	0.0000	0.0000	0.0000	0.0000	0.0000	0.0000	0.0000	0.0000	0.0000	0.0000	0.0000	0.0000	0.0000	0.0000	0.0000	0.0000	0.0000	0.0000	0.0000	0.0000	0.0000	0.0000	0.0000	0.0000											
101	113	0.5909	7	1	1	2	0	0	0	0	0	N	N	Y	N	N	N	N	N	N	N	N	N	0.0000	0.0000	0.0000	0.0000	0.0000	0.0000	0.0000	0.0000	0.0000	0.0000	0.0000	0.0000	0.0000	0.0000	0.0000	0.0000	0.0000	0.0000	0.0000	0.0000	0.0000	4.0004	0.0000	4.9999	0.0000	0.0000	0.0000	0.0000	0.0000	0.0000	0.0000	0.0000	0.0000	0.0000	0.0000	0.0000	0.0000	0.0000	0.0000	0.0000	0.0000	0.0000	0.0000	0.0000	0.0000	0.0000	0.0000	0.0000	0.0000	0.0000	0.0000	0.0000	0.0000	0.0000	0.0000	0.0000	0.0000	0.0000	0.0000	0.0000	0.0000	0.0000	0.0000	0.0000	0.0000	0.0000	0.0000	0.0000	0.0000	0.0000	0.0000	0.0000	0.0000	0.0000	0.0000	0.0000	0.0000	0.0000											
101	114	0.0674	5	1	2	1	0	0	0	0	0	N	Y	N	N	N	N	N	N	N	N	N	N	0.0000	0.0000	0.0000	0.0000	0.0000	0.0000	0.0000	0.0000	0.0000	0.0000	0.0000	0.0000	0.0000	0.0000	0.0000	0.0000	0.0000	0.0000	0.0000	0.0000	0.0000	4.3361	0.0000	4.6323	0.0000	0.0000	0.0000	0.0000	0.0000	0.0000	0.0000	0.0000	0.0000	0.0000	0.0000	0.0000	0.0000	0.0000	0.0000	0.0000	0.0000	0.0000	0.0000	0.0000	0.0000	0.0000	0.0000	0.0000	0.0000	0.0000	0.0000	0.0000	0.0000	0.0000	0.0000	0.0000	0.0000	0.0000	0.0000	0.0000	0.0000	0.0000	0.0000	0.0000	0.0000	0.0000	0.0000	0.0000	0.0000	0.0000	0.0000	0.0000	0.0000	0.0000	0.0000	0.0000	0.0000	0.0000											
101	115	0.0347	4	1	1	1	0	0	0	0	0	N	N	N	N	N	N	N	N	N	N	N	N	0.0000	0.0000	0.0000	0.0000	0.0000	0.0000	0.0000	0.0000	0.0000	0.0000	0.0000	0.0000	0.0000	0.0000	0.0000	0.0000	0.0000	0.0000	0.0000	0.0000	0.0000	1.9840	0.0000	0.2610	0.0000	0.0000	0.0000	0.0000	0.0000	0.0000	0.0000	0.0000	0.0000	0.0000	0.0000	0.0000	0.0000	0.0000	0.0000	0.0000	0.0000	0.0000	0.0000	0.0000	0.0000	0.0000	0.0000	0.0000	0.0000	0.0000	0.0000	0.0000	0.0000	0.0000	0.0000	0.0000	0.0000	0.0000	0.0000	0.0000	0.0000	0.0000	0.0000	0.0000	0.0000	0.0000	0.0000	0.0000	0.0000	0.0000	0.0000	0.0000	0.0000	0.0000	0.0000	0.0000	0.0000	0.0000											
101	116	0.5909	7	1	2	1	1	0	0	0	0	N	Y	N	N	N	N	N	N	N	N	N	N	0.0000	0.0000	0.0000	0.0000	0.0000	0.0000	0.0000	0.0000	0.0000	0.0000	0.0000	0.0000	0.0000	0.0000	0.0000	0.0000	0.0000	0.0000	0.0000	0.0000	0.0000	5.0006	0.0000	2.0000	0.0000	0.0000	0.0000	0.0000	0.0000	0.0000	0.0000	0.0000	0.0000	0.0000	0.0000	0.0000	0.0000	0.0000	0.0000	0.0000	0.0000	0.0000	0.0000	0.0000	0.0000	0.0000	0.0000	0.0000	0.0000	0.0000	0.0000	0.0000	0.0000	0.0000	0.0000	0.0000	0.0000	0.0000	0.0000	0.0000	0.0000	0.0000	0.0000	0.0000	0.0000	0.0000	0.0000	0.0000	0.0000	0.0000	0.0000	0.0000	0.0000	0.0000	0.0000	0.0000	0.0000	0.0000											
101	117	0.0347	4	1	2	1	1	0	0	0	0	N	Y	N	N	N	N	N	N	N	N	N	N	0.0000	0.0000	0.0000	0.0000	0.0000	0.0000	0.0000	0.0000	0.0000	0.0000	0.0000	0.0000	0.0000	0.0000	0.0000	0.0000	0.0000	0.0000	0.0000	0.0000	0.0000	0.0000	0.0000	1.0000	0.0000	0.0000	0.0000	0.0000	0.0000	0.0000	0.0000	0.0000	0.0000	0.0000	0.0000	0.0000	0.0000	0.0000	0.0000	0.0000	0.0000	0.0000	0.0000	0.0000	0.0000	0.0000	0.0000	0.0000	0.0000	0.0000	0.0000	0.0000	0.0000	0.0000	0.0000	0.0000	0.0000	0.0000	0.0000	0.0000	0.0000	0.0000	0.0000	0.0000	0.0000	0.0000	0.0000	0.0000	0.0000	0.0000	0.0000	0.0000	0.0000	0.0000	0.0000	0.0000	0.0000	0.0000											
101	118	0.5909	7	1	2	1	0	0	0	0	0	N	Y	N	N	N	N	N	N	N	N	N	N	0.0000	0.0000	0.0000	0.0000	0.0000	0.0000	0.0000	0.0000	0.0000	0.0000	0.0000	0.0000	0.0000	0.0000	0.0000	0.0000	0.0000	0.0000	0.0000	0.0000	0.0000	16.9994	0.0000	6.0000	0.0000	0.0000	0.0000	0.0000	0.0000	0.0000	0.0000	0.0000	0.0000	0.0000	0.0000	0.0000	0.0000	0.0000	0.0000	0.0000	0.0000	0.0000	0.0000	0.0000	0.0000	0.0000	0.0000	0.0000	0.0000	0.0000	0.0000	0.0000	0.0000	0.0000	0.0000	0.0000	0.0000	0.0000	0.0000	0.0000	0.0000	0.0000	0.0000	0.0000	0.0000	0.0000	0.0000	0.0000	0.0000	0.0000	0.0000	0.0000	0.0000	0.0000	0.0000	0.0000	0.0000	0.0000											
101	119	0.0347	4	1	2	1	0	0	0	0	0	N	Y	N	N	N	N	N	N	N	N	N	N	0.0000	0.0000	0.0000	0.0000	0.0000	0.0000	0.0000	0.0000	0.0000	0.0000	0.0000	0.0000	0.0000	0.0000	0.0000	0.0000	0.0000	0.0000	0.0000	0.0000	0.0000	5.0000	0.0000	6.0000	0.0000	0.0000	0.0000	0.0000	0.0000	0.0000	0.0000	0.0000	0.0000	0.0000	0.0000	0.0000	0.0000	0.0000	0.0000	0.0000	0.0000	0.0000	0.0000	0.0000	0.0000	0.0000	0.0000	0.0000	0.0000	0.0000	0.0000	0.0000	0.0000	0.0000	0.0000	0.0000	0.0000	0.0000	0.0000	0.0000	0.0000	0.0000	0.0000	0.0000	0.0000	0.0000	0.0000	0.0000	0.0000	0.0000	0.0000	0.0000	0.0000	0.0000	0.0000	0.0000	0.0000	0.0000											
101	120	0.0628	5	1	2	1	0	0	0	0	0	N	Y	N	N	N	N	N	N	N	N	N	N	0.0000	0.0000	0.0000	0.0000	0.0000	0.0000	0.0000	0.0000	0.0000	0.0000	0.0000	0.0000	0.0000	0.0000	0.0000	0.0000	0.0000	0.0000	0.0000	0.0000	0.0000	0.9998	0.0000	0.9486	0.0000	0.0000	0.0000	0.0000	0.0000	0.0000	0.0000	0.0000	0.0000	0.0000	0.0000	0.0000	0.0000	0.0000	0.0000	0.0000	0.0000	0.0000	0.0000	0.0000	0.0000	0.0000	0.0000	0.0000	0.0000	0.0000	0.0000	0.0000	0.0000	0.0000	0.0000	0.0000	0.0000	0.0000	0.0000	0.0000	0.0000	0.0000	0.0000	0.0000	0.0000	0.0000	0.0000	0.0000	0.0000	0.0000	0.0000	0.0000	0.0000	0.0000	0.0000	0.0000	0.0000	0.0000											
101	121	0.0347	4	1	2	1	0	0	0	0	0	N	Y	N	N	N	N	N	N	N	N	N	N	0.0000	0.0000	0.0000	0.0000	0.0000	0.0000	0.0000	0.0000	0.0000	0.0000	0.0000	0.0000	0.0000	0.0000	0.0000	0.0000	0.0000	0.0000	0.0000	0.0000	0.0000	3.0005	0.0000	1.1085	0.0000	0.0000	0.0000	0.0000	0.0000	0.0000	0.0000	0.0000	0.0000	0.0000	0.0000	0.0000	0.0000	0.0000	0.0000	0.0000	0.0000	0.0000	0.0000	0.0000	0.0000	0.0000	0.0000	0.0000	0.0000	0.0000	0.0000	0.0000	0.0000	0.0000	0.0000	0.0000	0.0000	0.0000	0.0000	0.0000	0.0000	0.0000	0.0000	0.0000	0.0000	0.0000	0.0000	0.0000	0.0000	0.0000	0.0000	0.0000	0.0000	0.0000	0.0000	0.0000	0.0000	0.0000											
101	122	0.6321	8	1	2	1	0	0	0	0	0	N	Y	N	N	N	N	N	N	N	N	N	N	0.0000	0.0000	0.0000	0.0000	0.0000	0.0000	0.0000	0.0000	0.0000	0.0000	0.0000	0.0000	0.0000	0.0000	0.0000	0.0000	0.0000	0.0000	0.0000	0.0000	0.0000	2.0001	0.0000	3.0000	0.0000	0.0000	0.0000	0.0000	0.0000	0.0000	0.0000	0.0000	0.0000	0.0000	0.0000	0.0000	0.0000	0.0000	0.0000	0.0000	0.0000	0.0000	0.0000	0.0000	0.0000	0.0000	0.0000	0.0000	0.0000	0.0000	0.0000	0.0000	0.0000	0.0000	0.0000	0.0000	0.0000	0.0000	0.0000	0.0000	0.0000	0.0000	0.0000	0.0000	0.0000	0.0000	0.0000	0.0000	0.0000	0.0000	0.0000	0.0000	0.0000	0.0000	0.0000	0.0000	0.0000	0.0000											
101	123	0.5909	7	1	1	1	0	0	0	0	0	N	N	N	N	N	N	N	N	N	N	N	N	0.0000	0.0000	0.0000	0.0000	0.0000	0.0000	0.0000	0.0000	0.0000	0.0000	0.0000	0.0000	0.0000	0.0000	0.0000	0.0000	0.0000	0.0000	0.0000	0.0000	0.0000	6.9986	0.0000	2.0000	0.0000	0.0000	0.0000	0.0000	0.0000	0.0000	0.0000	0.0000	0.0000	0.0000	0.0000	0.0000	0.0000	0.0000	0.0000	0.0000	0.0000	0.0000	0.0000	0.0000	0.0000	0.0000	0.0000	0.0000	0.0000	0.0000	0.0000	0.0000	0.0000	0.0000	0.0000	0.0000	0.0000	0.0000	0.0000	0.0000	0.0000	0.0000	0.0000	0.0000	0.0000	0.0000	0.0000	0.0000	0.0000	0.0000	0.0000	0.0000	0.0000	0.0000	0.0000	0.0000	0.0000	0.0000											
101	124	0.0682	5	1	2	1	0	0	0	0	0	N	Y	N	N	N	N	N	N	N	N	N	N	0.0000	0.0000	0.0000	0.0000	0.0000	0.0000	0.0000	0.0000	0.0000	0.0000	0.0000	0.0000	0.0000	0.0000	0.0000	0.0000	0.0000	0.0000	0.0000	0.0000	0.0000	3.9006	0.0000	3.1543	0.0000	0.0000	0.0000	0.0000	0.0000	0.0000	0.0000	0.0000	0.0000	0.0000	0.0000	0.0000	0.0000	0.0000	0.0000	0.0000	0.0000	0.0000	0.0000	0.0000	0.0000	0.0000	0.0000	0.0000	0.0000	0.0000	0.0000	0.0000	0.0000	0.0000	0.0000	0.0000	0.0000	0.0000	0.0000	0.0000	0.0000	0.0000	0.0000	0.0000	0.0000	0.0000	0.0000	0.0000	0.0000	0.0000	0.0000	0.0000	0.0000	0.0000	0.0000	0.0000	0.0000	0.0000											
101	125	0.0347	4	1	2	1	0	0	0	0	0	N	Y	N	N	N	N	N	N	N	N	N	N	0.0000	0.0000	0.0000	0.0000	0.0000	0.0000	0.0000	0.0000	0.0000	0.0000	0.0000	0.0000	0.0000	0.0000	0.0000	0.0000	0.0000	0.0000	0.0000	0.0000	0.0000	1.6924	0.0000	1.9110	0.0000	0.0000	0.0000	0.0000	0.0000	0.0000	0.0000	0.0000	0.0000	0.0000	0.0000	0.0000	0.0000	0.0000	0.0000	0.0000	0.0000	0.0000	0.0000	0.0000	0.0000	0.0000	0.0000	0.0000	0.0000	0.0000	0.0000	0.0000	0.0000	0.0000	0.0000	0.0000	0.0000	0.0000	0.0000	0.0000	0.0000	0.0000	0.0000	0.0000	0.0000	0.0000	0.0000	0.0000	0.0000	0.0000	0.0000	0.0000	0.0000	0.0000	0.0000	0.0000	0.0000	0.0000											
101	126	0.5909	7	1	2	1	0	0	0	0	0	N	Y	N	N	N	N	N	N	N	N	N	N	0.0000	0.0000	0.0000	0.0000	0.0000	0.0000	0.0000	0.0000	0.0000	0.0000	0.0000	0.0000	0.0000	0.0000	0.0000	0.0000	0.0000	0.0000	0.0000	0.0000	0.0000	0.9996	0.0000	8.0005	0.0000	0.0000	0.0000	0.0000	0.0000	0.0000	0.0000	0.0000	0.0000	0.0000	0.0000	0.0000	0.0000	0.0000	0.0000	0.0000	0.0000	0.0000	0.0000	0.0000	0.0000	0.0000	0.0000	0.0000	0.0000	0.0000	0.0000	0.0000	0.0000	0.0000	0.0000	0.0000	0.0000	0.0000	0.0000	0.0000	0.0000	0.0000	0.0000	0.0000	0.0000	0.0000	0.0000	0.0000	0.0000	0.0000	0.0000	0.0000	0.0000	0.0000	0.0000	0.0000	0.0000	0.0000											
101	127	0.4963	7	1	1	1	0	0	0	0	0	N	N	N	N	N	N	N	N	N	N	N	N	0.0000	0.0000	0.0000	0.0000	0.0000	0.0000	0.0000	0.0000	0.0000	0.0000	0.0000	0.0000	0.0000	0.0000	0.0000	0.0000	0.0000	0.0000	0.0000	0.0000	0.0000	3.6536	0.0000	12.3970	0.0000	0.0000	0.0000	0.0000	0.0000	0.0000	0.0000	0.0000	0.0000	0.0000	0.0000	0.0000	0.0000	0.0000	0.0000	0.0000	0.0000	0.0000	0.0000	0.0000	0.0000	0.0000	0.0000	0.0000	0.0000	0.0000	0.0000	0.0000	0.0000	0.0000	0.0000	0.0000	0.0000	0.0000	0.0000	0.0000	0.0000	0.0000	0.0000	0.0000	0.0000	0.0000	0.0000	0.0000	0.0000	0.0000	0.0000	0.0000	0.0000	0.0000	0.0000	0.0000	0.0000	0.0000											
101	128	0.2851	5	1	1	1	0	0	0	0	0	N	N	N	N	N	N	N	N	N	N	N	N	0.0000	0.0000	0.0000	0.0000	0.0000	0.0000	0.0000	0.0000	0.0000	0.0000	0.0000	0.0000	0.0000	0.0000	0.0000	0.0000	0.0000	0.0000	0.0000	0.0000	0.0000	5.3495	0.0000	12.4099	0.0000	0.0000	0.0000	0.0000	0.0000	0.0000	0.0000	0.0000	0.0000	0.0000	0.0000	0.0000	0.0000	0.0000	0.0000	0.0000	0.0000	0.0000	0.0000	0.0000	0.0000	0.0000	0.0000	0.0000	0.0000	0.0000	0.0000	0.0000	0.0000	0.0000	0.0000	0.0000	0.0000	0.0000	0.0000	0.0000	0.0000	0.0000	0.0000	0.0000	0.0000	0.0000	0.0000	0.0000	0.0000	0.0000	0.0000	0.0000	0.0000	0.0000	0.0000	0.0000	0.0000	0.0000											
101	129	0.7023	13	1	2	1	1	0	0	0	0	N	Y	N	N	N	N	N	N	N	N	N	N	0.0000	0.0000	0.0000	0.0000	0.0000	0.0000	0.0000	0.0000	0.0000	0.0000	0.0000	0.0000	0.0000	0.0000	0.0000	0.0000	0.0000	0.0000	0.0000	0.0000	0.0000	0.0000	0.0000	0.0000	0.0000	0.0000	0.0000	0.0000	0.0000	0.0000	0.0000	0.0000	0.0000	0.0000	0.0000	0.0000	0.0000	0.0000	0.0000	0.0000	0.0000	0.0000	0.0000	0.0000	0.0000	0.0000	0.0000	0.0000	0.0000	0.0000	0.0000	0.0000	0.0000	0.0000	0.0000	0.0000	0.0000	0.0000	0.0000	0.0000	0.0000	0.0000	0.0000	0.0000	0.0000	0.0000	0.0000	0.0000	0.0000	0.0000	0.0000	0.0000	0.0000	0.0000	0.0000	0.0000	0.0000	0.0000											
101	130	0.6860	12	1	2	1	1	0	0	0	0	N	Y	N	N	N	N	N	N	N	N	N	N	0.0000	0.0000	0.0000	0.0000	0.0000	0.0000	0.0000	0.0000	0.0000	0.0000	0.0000	0.0000	0.0000	0.0000	0.0000	0.0000	0.0000	0.0000	0.0000	0.0000	0.0000	0.0000	0.0000	3.0001	0.0000	0.0000	0.0000	0.0000	0.0000	0.0000	0.0000	0.0000	0.0000	0.0000	0.0000	0.0000	0.0000	0.0000	0.0000	0.0000	0.0000	0.0000	0.0000	0.0000	0.0000	0.0000	0.0000	0.0000	0.0000	0.0000	0.0000	0.0000	0.0000	0.0000	0.0000	0.0000	0.0000	0.0000	0.0000	0.0000	0.0000	0.0000	0.0000	0.0000	0.0000	0.0000	0.0000	0.0000	0.0000	0.0000	0.0000	0.0000	0.0000	0.0000	0.0000	0.0000	0.0000	0.0000											
101	131	0.6764	11	1	2	1	0	0	0	0	0	N	Y	N	N	N	N	N	N	N	N	N	N	0.0000	0.0000	0.0000	0.0000	0.0000	0.0000	0.0000	0.0000	0.0000	0.0000	0.0000	0.0000	0.0000	0.0000	0.0000	0.0000	0.0000	0.0000	0.0000	0.0000	0.0000	0.0000	0.0000	0.0000	0.0000	0.0000	0.0000	0.0000	0.0000	0.0000	0.0000	0.0000	0.0000	0.0000	0.0000	0.0000	0.0000	0.0000	0.0000	0.0000	0.0000	0.0000	0.0000	0.0000	0.0000	0.0000	0.0000	0.0000	0.0000	0.0000	0.0000	0.0000	0.0000	0.0000	0.0000	0.0000	0.0000	0.0000	0.0000	0.0000	0.0000	0.0000	0.0000	0.0000	0.0000	0.0000	0.0000	0.0000	0.0000	0.0000	0.0000	0.0000	0.0000	0.0000	0.0000	0.0000	0.0000	0.0000											
101	132	0.6860	12	1	1	2	1	0	0	0	0	N	N	Y	N	N	N	N	N	N	N	N	N	0.0000	0.0000	0.0000	0.0000	0.0000	0.0000	0.0000	0.0000	0.0000	0.0000	0.0000	0.0000	0.0000	0.0000	0.0000	0.0000	0.0000	0.0000	0.0000	0.0000	0.0000	0.0000	0.0000	1.9999	0.0000	0.0000	0.0000	0.0000	0.0000	0.0000	0.0000	0.0000	0.0000	0.0000	0.0000	0.0000	0.0000	0.0000	0.0000	0.0000	0.0000	0.0000	0.0000	0.0000	0.0000	0.0000	0.0000	0.0000	0.0000	0.0000	0.0000	0.0000	0.0000	0.0000	0.0000	0.0000	0.0000	0.0000	0.0000	0.0000	0.0000	0.0000	0.0000	0.0000	0.0000	0.0000	0.0000	0.0000	0.0000	0.0000	0.0000	0.0000	0.0000	0.0000	0.0000	0.0000	0.0000	0.0000											
101	133	0.6970	13	1	1	2	1	0	0	0	0	N	N	Y	N	N	N	N	N	N	N	N	N	0.0000	0.0000	0.0000	0.0000	0.0000	0.0000	0.0000	0.0000	0.0000	0.0000	0.0000	0.0000	0.0000	0.0000	0.0000	0.0000	0.0000	0.0000	0.0000	0.0000	0.0000	1.0000	0.0000	0.0000	0.0000	0.0000	0.0000	0.0000	0.0000	0.0000	0.0000	0.0000	0.0000	0.0000	0.0000	0.0000	0.0000	0.0000	0.0000	0.0000	0.0000	0.0000	0.0000	0.0000	0.0000	0.0000	0.0000	0.0000	0.0000	0.0000	0.0000	0.0000	0.0000	0.0000	0.0000	0.0000	0.0000	0.0000	0.0000	0.0000	0.0000	0.0000	0.0000	0.0000	0.0000	0.0000	0.0000	0.0000	0.0000	0.0000	0.0000	0.0000	0.0000	0.0000	0.0000	0.0000	0.0000	0.0000											
101	134	0.6970	13	1	1	2	1	0	0	0	0	N	N	Y	N	N	N	N	N	N	N	N	N	0.0000	0.0000	0.0000	0.0000	0.0000	0.0000	0.0000	0.0000	0.0000	0.0000	0.0000	0.0000	0.0000	0.0000	0.0000	0.0000	0.0000	0.0000	0.0000	0.0000	0.0000	0.0000	0.0000	0.0000	0.0000	0.0000	0.0000	0.0000	0.0000	0.0000	0.0000	0.0000	0.0000	0.0000	0.0000	0.0000	0.0000	0.0000	0.0000	0.0000	0.0000	0.0000	0.0000	0.0000	0.0000	0.0000	0.0000	0.0000	0.0000	0.0000	0.0000	0.0000	0.0000	0.0000	0.0000	0.0000	0.0000	0.0000	0.0000	0.0000	0.0000	0.0000	0.0000	0.0000	0.0000	0.0000	0.0000	0.0000	0.0000	0.0000	0.0000	0.0000	0.0000	0.0000	0.0000	0.0000	0.0000	0.0000											
101	135	0.6860	12	1	1	2	1	0	0	0	0	N	N	Y	N	N	N	N	N	N	N	N	N	0.0000	0.0000	0.0000	0.0000	0.0000	0.0000	0.0000	0.0000	0.0000	0.0000	0.0000	0.0000	0.0000	0.0000	0.0000	0.0000	0.0000	0.0000	0.0000	0.0000	0.0000	2.0025	0.0000	0.9943	0.0000	0.0000	0.0000	0.0000	0.0000	0.0000	0.0000	0.0000	0.0000	0.0000	0.0000	0.0000	0.0000	0.0000	0.0000	0.0000	0.0000	0.0000	0.0000	0.0000	0.0000	0.0000	0.0000	0.0000	0.0000	0.0000	0.0000	0.0000	0.0000	0.0000	0.0000	0.0000	0.0000	0.0000	0.0000	0.0000	0.0000	0.0000	0.0000	0.0000	0.0000	0.0000	0.0000	0.0000	0.0000	0.0000	0.0000	0.0000	0.0000	0.0000	0.0000	0.0000	0.0000	0.0000											
101	136	0.6860	11	1	1	1	1	0	0	0	0	N	N	N	N	N	N	N	N	N	N	N	N	0.0000	0.0000	0.0000	0.0000	0.0000	0.0000	0.0000	0.0000	0.0000	0.0000	0.0000	0.0000	0.0000	0.0000	0.0000	0.0000	0.0000	0.0000	0.0000	0.0000	0.0000	0.0050	0.0000	0.0173	0.0000	0.0000	0.0000	0.0000	0.0000	0.0000	0.0000	0.0000	0.0000	0.0000	0.0000	0.0000	0.0000	0.0000	0.0000	0.0000	0.0000	0.0000	0.0000	0.0000	0.0000	0.0000	0.0000	0.0000	0.0000	0.0000	0.0000	0.0000	0.0000	0.0000	0.0000	0.0000	0.0000	0.0000	0.0000	0.0000	0.0000	0.0000	0.0000	0.0000	0.0000	0.0000	0.0000	0.0000	0.0000	0.0000	0.0000	0.0000	0.0000	0.0000	0.0000	0.0000	0.0000	0.0000											
101	137	0.6764	10	1	1	1	1	0	0	0	0	N	N	N	N	N	N	N	N	N	N	N	N	0.0000	0.0000	0.0000	0.0000	0.0000	0.0000	0.0000	0.0000	0.0000	0.0000	0.0000	0.0000	0.0000	0.0000	0.0000	0.0000	0.0000	0.0000	0.0000	0.0000	0.0000	1.9972	0.0000	1.0076	0.0000	0.0000	0.0000	0.0000	0.0000	0.0000	0.0000	0.0000	0.0000	0.0000	0.0000	0.0000	0.0000	0.0000	0.0000	0.0000	0.0000	0.0000	0.0000	0.0000	0.0000	0.0000	0.0000	0.0000	0.0000	0.0000	0.0000	0.0000	0.0000	0.0000	0.0000	0.0000	0.0000	0.0000	0.0000	0.0000	0.0000	0.0000	0.0000	0.0000	0.0000	0.0000	0.0000	0.0000	0.0000	0.0000	0.0000	0.0000	0.0000	0.0000	0.0000	0.0000	0.0000	0.0000											
101	138	0.6591	9	2	2	1	0	0	0	0	0	Y	Y	N	N	N	N	N	N	N	N	N	N	0.0000	0.0000	0.0000	0.0000	0.0000	0.0000	0.0000	0.0000	0.0000	0.0000	0.0000	0.0000	0.0000	0.0000	0.0000	0.0000	0.0000	0.0000	0.0000	0.0000	0.0000	0.0002	0.0000	2.3255	0.0000	0.0000	0.0000	0.0000	0.0000	0.0000	0.0000	0.0000	0.0000	0.0000	0.0000	0.0000	0.0000	0.0000	0.0000	0.0000	0.0000	0.0000	0.0000	0.0000	0.0000	0.0000	0.0000	0.0000	0.0000	0.0000	0.0000	0.0000	0.0000	0.0000	0.0000	0.0000	0.0000	0.0000	0.0000	0.0000	0.0000	0.0000	0.0000	0.0000	0.0000	0.0000	0.0000	0.0000	0.0000	0.0000	0.0000	0.0000	0.0000	0.0000	0.0000	0.0000	0.0000	0.0000											
101	139	0.6412	8	2	2	1	0	0	0	0	0	Y	Y	N	N	N	N	N	N	N	N	N	N	0.0000	0.0000	0.0000	0.0000	0.0000	0.0000	0.0000	0.0000	0.0000	0.0000	0.0000	0.0000	0.0000	0.0000	0.0000	0.0000	0.0000	0.0000	0.0000	0.0000	0.0000	2.0138	0.0000	2.7349	0.0000	0.0000	0.0000	0.0000	0.0000	0.0000	0.0000	0.0000	0.0000	0.0000	0.0000	0.0000	0.0000	0.0000	0.0000	0.0000	0.0000	0.0000	0.0000	0.0000	0.0000	0.0000	0.0000	0.0000	0.0000	0.0000	0.0000	0.0000	0.0000	0.0000	0.0000	0.0000	0.0000	0.0000	0.0000	0.0000	0.0000	0.0000	0.0000	0.0000	0.0000	0.0000	0.0000	0.0000	0.0000	0.0000	0.0000	0.0000	0.0000	0.0000	0.0000	0.0000	0.0000	0.0000											
101	140	0.6578	9	1	2	1	0	0	0	0	0	N	Y	N	N	N	N	N	N	N	N	N	N	0.0000	0.0000	0.0000	0.0000	0.0000	0.0000	0.0000	0.0000	0.0000	0.0000	0.0000	0.0000	0.0000	0.0000	0.0000	0.0000	0.0000	0.0000	0.0000	0.0000	0.0000	1.9232	0.0000	1.1116	0.0000	0.0000	0.0000	0.0000	0.0000	0.0000	0.0000	0.0000	0.0000	0.0000	0.0000	0.0000	0.0000	0.0000	0.0000	0.0000	0.0000	0.0000	0.0000	0.0000	0.0000	0.0000	0.0000	0.0000	0.0000	0.0000	0.0000	0.0000	0.0000	0.0000	0.0000	0.0000	0.0000	0.0000	0.0000	0.0000	0.0000	0.0000	0.0000	0.0000	0.0000	0.0000	0.0000	0.0000	0.0000	0.0000	0.0000	0.0000	0.0000	0.0000	0.0000	0.0000	0.0000	0.0000											
101	141	0.0539	5	1	2	1	0	0	0	0	0	N	Y	N	N	N	N	N	N	N	N	N	N	0.0000	0.0000	0.0000	0.0000	0.0000	0.0000	0.0000	0.0000	0.0000	0.0000	0.0000	0.0000	0.0000	0.0000	0.0000	0.0000	0.0000	0.0000	0.0000	0.0000	0.0000	3.0000	0.0000	1.0000	0.0000	0.0000	0.0000	0.0000	0.0000	0.0000	0.0000	0.0000	0.0000	0.0000	0.0000	0.0000	0.0000	0.0000	0.0000	0.0000	0.0000	0.0000	0.0000	0.0000	0.0000	0.0000	0.0000	0.0000	0.0000	0.0000	0.0000	0.0000	0.0000	0.0000	0.0000	0.0000	0.0000	0.0000	0.0000	0.0000	0.0000	0.0000	0.0000	0.0000	0.0000	0.0000	0.0000	0.0000	0.0000	0.0000	0.0000	0.0000	0.0000	0.0000	0.0000	0.0000	0.0000	0.0000											
101	142	0.0347	4	1	1	1	0	0	0	0	0	N	N	N	N	N	N	N	N	N	N	N	N	0.0000	0.0000	0.0000	0.0000	0.0000	0.0000	0.0000	0.0000	0.0000	0.0000	0.0000	0.0000	0.0000	0.0000	0.0000	0.0000	0.0000	0.0000	0.0000	0.0000	0.0000	1.0000	0.0000	1.0000	0.0000	0.0000	0.0000	0.0000	0.0000	0.0000	0.0000	0.0000	0.0000	0.0000	0.0000	0.0000	0.0000	0.0000	0.0000	0.0000	0.0000	0.0000	0.0000	0.0000	0.0000	0.0000	0.0000	0.0000	0.0000	0.0000	0.0000	0.0000	0.0000	0.0000	0.0000	0.0000	0.0000	0.0000	0.0000	0.0000	0.0000	0.0000	0.0000	0.0000	0.0000	0.0000	0.0000	0.0000	0.0000	0.0000	0.0000	0.0000	0.0000	0.0000	0.0000	0.0000	0.0000	0.0000											
101	145	0.6764	11	2	2	1	0	0	0	0	0	Y	Y	N	N	N	N	N	N	N	N	N	N	0.0000	0.0000	0.0000	0.0000	0.0000	0.0000	0.0000	0.0000	0.0000	0.0000	0.0000	0.0000	0.0000	0.0000	0.0000	0.0000	0.0000	0.0000	0.0000	0.0000	0.0000	1.0000	0.0000	1.0000	0.0000	0.0000	0.0000	0.0000	0.0000	0.0000	0.0000	0.0000	0.0000	0.0000	0.0000	0.0000	0.0000	0.0000	0.0000	0.0000	0.0000	0.0000	0.0000	0.0000	0.0000	0.0000	0.0000	0.0000	0.0000	0.0000	0.0000	0.0000	0.0000	0.0000	0.0000	0.0000	0.0000	0.0000	0.0000	0.0000	0.0000	0.0000	0.0000	0.0000	0.0000	0.0000	0.0000	0.0000	0.0000	0.0000	0.0000	0.0000	0.0000	0.0000	0.0000	0.0000	0.0000	0.0000											
101	146	0.6764	10	1	2	1	0	0	0	0	0	N	Y	N	N	N	N	N	N	N	N	N	N	0.0000	0.0000	0.0000	0.0000	0.0000	0.0000	0.0000	0.0000	0.0000	0.0000	0.0000	0.0000	0.0000	0.0000	0.0000	0.0000	0.0000	0.0000	0.0000	0.0000	0.0000	0.0003	0.0000	0.0000	0.0000	0.0000	0.0000	0.0000	0.0000	0.0000	0.0000	0.0000	0.0000	0.0000	0.0000	0.0000	0.0000	0.0000	0.0000	0.0000	0.0000	0.0000	0.0000	0.0000	0.0000	0.0000	0.0000	0.0000	0.0000	0.0000	0.0000	0.0000	0.0000	0.0000	0.0000	0.0000	0.0000	0.0000	0.0000	0.0000	0.0000	0.0000	0.0000	0.0000	0.0000	0.0000	0.0000	0.0000	0.0000	0.0000	0.0000	0.0000	0.0000	0.0000	0.0000	0.0000	0.0000	0.0000											
101	147	0.6578	9	1	1	1	0	0	0	0	0	N	N	N	N	N	N	N	N	N	N	N	N	0.0000	0.0000	0.0000	0.0000	0.0000	0.0000	0.0000	0.0000	0.0000	0.0000	0.0000	0.0000	0.0000	0.0000	0.0000	0.0000	0.0000	0.0000	0.0000	0.0000	0.0000	4.9449	0.0000	1.0063	0.0000	0.0000	0.0000	0.0000	0.0000	0.0000	0.0000	0.0000	0.0000	0.0000	0.0000	0.0000	0.0000	0.0000	0.0000	0.0000	0.0000	0.0000	0.0000	0.0000	0.0000	0.0000	0.0000	0.0000	0.0000	0.0000	0.0000	0.0000	0.0000	0.0000	0.0000	0.0000	0.0000	0.0000	0.0000	0.0000	0.0000	0.0000	0.0000	0.0000	0.0000	0.0000	0.0000	0.0000	0.0000	0.0000	0.0000	0.0000	0.0000	0.0000	0.0000	0.0000	0.0000	0.0000											
101	148	0.6412	8	1	1	1	0	0	0	0	0	N	N	N	N	N	N	N	N	N	N	N	N	0.0000	0.0000	0.0000	0.0000	0.0000	0.0000	0.0000	0.0000	0.0000	0.0000	0.0000	0.0000	0.0000	0.0000	0.0000	0.0000	0.0000	0.0000	0.0000	0.0000	0.0000	3.4778	0.0000	1.2917	0.0000	0.0000	0.0000	0.0000	0.0000	0.0000	0.0000	0.0000	0.0000	0.0000	0.0000	0.0000	0.0000	0.0000	0.0000	0.0000	0.0000	0.0000	0.0000	0.0000	0.0000	0.0000	0.0000	0.0000	0.0000	0.0000	0.0000	0.0000	0.0000	0.0000	0.0000	0.0000	0.0000	0.0000	0.0000	0.0000	0.0000	0.0000	0.0000	0.0000	0.0000	0.0000	0.0000	0.0000	0.0000	0.0000	0.0000	0.0000	0.0000	0.0000	0.0000	0.0000	0.0000	0.0000											
101	149	0.5909	7	1	1	1	0	0	0	0	0	N	N	N	N	N	N	N	N	N	N	N	N	0.0000	0.0000	0.0000	0.0000	0.0000	0.0000	0.0000	0.0000	0.0000	0.0000	0.0000	0.0000	0.0000	0.0000	0.0000	0.0000	0.0000	0.0000	0.0000	0.0000	0.0000	7.8050	0.0000	4.0035	0.0000	0.0000	0.0000	0.0000	0.0000	0.0000	0.0000	0.0000	0.0000	0.0000	0.0000	0.0000	0.0000	0.0000	0.0000	0.0000	0.0000	0.0000	0.0000	0.0000	0.0000	0.0000	0.0000	0.0000	0.0000	0.0000	0.0000	0.0000	0.0000	0.0000	0.0000	0.0000	0.0000	0.0000	0.0000	0.0000	0.0000	0.0000	0.0000	0.0000	0.0000	0.0000	0.0000	0.0000	0.0000	0.0000	0.0000	0.0000	0.0000	0.0000	0.0000	0.0000	0.0000	0.0000											
101	150	0.4963	7	1	1	1	0	0	0	0	0	N	N	N	N	N	N	N	N	N	N	N	N	0.0000	0.0000	0.0000	0.0000	0.0000	0.0000	0.0000	0.0000	0.0000	0.0000	0.0000	0.0000	0.0000	0.0000	0.0000	0.0000	0.0000	0.0000	0.0000	0.0000	0.0000	3.7255	0.0000	14.1767	0.0000	0.0000	0.0000	0.0000	0.0000	0.0000	0.0000	0.0000	0.0000	0.0000	0.0000	0.0000	0.0000	0.0000	0.0000	0.0000	0.0000	0.0000	0.0000	0.0000	0.0000	0.0000	0.0000	0.0000	0.0000	0.0000	0.0000	0.0000	0.0000	0.0000	0.0000	0.0000	0.0000	0.0000	0.0000	0.0000	0.0000	0.0000	0.0000	0.0000	0.0000	0.0000	0.0000	0.0000	0.0000	0.0000	0.0000	0.0000	0.0000	0.0000	0.0000	0.0000	0.0000	0.0000											
101	151	0.4799	6	1	1	1	0	0	0	0	0	N	N	N	N	N	N	N	N	N	N	N	N	0.0000	0.0000	0.0000	0.0000	0.0000	0.0000	0.0000	0.0000	0.0000	0.0000	0.0000	0.0000	0.0000	0.0000	0.0000	0.0000	0.0000	0.0000	0.0000	0.0000	0.0000	1.4205	0.0000	4.0377	0.0000	0.0000	0.0000	0.0000	0.0000	0.0000	0.0000	0.0000	0.0000	0.0000	0.0000	0.0000	0.0000	0.0000	0.0000	0.0000	0.0000	0.0000	0.0000	0.0000	0.0000	0.0000	0.0000	0.0000	0.0000	0.0000	0.0000	0.0000	0.0000	0.0000	0.0000	0.0000	0.0000	0.0000	0.0000	0.0000	0.0000	0.0000	0.0000	0.0000	0.0000	0.0000	0.0000	0.0000	0.0000	0.0000	0.0000	0.0000	0.0000	0.0000	0.0000	0.0000	0.0000	0.0000											
102	104	0.5909	6	1	1	1	0	0	0	0	0	N	N	N	N	N	N	N	N	N	N	N	N	0.0000	0.0000	0.0000	0.0000	0.0000	0.0000	0.0000	0.0000	0.0000	0.0000	0.0000	0.0000	0.0000	0.0000	0.0000	0.0000	0.0000	0.0000	0.0000	0.0000	0.0000	7.9994	0.0000	4.0001	0.0000	0.0000	0.0000	0.0000	0.0000	0.0000	0.0000	0.0000	0.0000	0.0000	0.0000	0.0000	0.0000	0.0000	0.0000	0.0000	0.0000	0.0000	0.0000	0.0000	0.0000	0.0000	0.0000	0.0000	0.0000	0.0000	0.0000	0.0000	0.0000	0.0000	0.0000	0.0000	0.0000	0.0000	0.0000	0.0000	0.0000	0.0000	0.0000	0.0000	0.0000	0.0000	0.0000	0.0000	0.0000	0.0000	0.0000	0.0000	0.0000	0.0000	0.0000	0.0000	0.0000	0.0000											
102	105	0.6533	10	2	0	2	0	0	0	0	0	Y	N	Y	N	N	N	N	N	N	N	N	N	0.0000	0.0000	0.0000	0.0000	0.0000	0.0000	0.0000	0.0000	0.0000	0.0000	0.0000	0.0000	0.0000	0.0000	0.0000	0.0000	0.0000	0.0000	0.0000	0.0000	0.0000	1.0000	0.0000	1.0005	0.0000	0.0000	0.0000	0.0000	0.0000	0.0000	0.0000	0.0000	0.0000	0.0000	0.0000	0.0000	0.0000	0.0000	0.0000	0.0000	0.0000	0.0000	0.0000	0.0000	0.0000	0.0000	0.0000	0.0000	0.0000	0.0000	0.0000	0.0000	0.0000	0.0000	0.0000	0.0000	0.0000	0.0000	0.0000	0.0000	0.0000	0.0000	0.0000	0.0000	0.0000	0.0000	0.0000	0.0000	0.0000	0.0000	0.0000	0.0000	0.0000	0.0000	0.0000	0.0000	0.0000	0.0000											
102	106	0.6498	9	2	0	2	0	0	0	0	0	Y	N	Y	N	N	N	N	N	N	N	N	N	0.0000	0.0000	0.0000	0.0000	0.0000	0.0000	0.0000	0.0000	0.0000	0.0000	0.0000	0.0000	0.0000	0.0000	0.0000	0.0000	0.0000	0.0000	0.0000	0.0000	0.0000	0.7249	0.0000	0.0368	0.0000	0.0000	0.0000	0.0000	0.0000	0.0000	0.0000	0.0000	0.0000	0.0000	0.0000	0.0000	0.0000	0.0000	0.0000	0.0000	0.0000	0.0000	0.0000	0.0000	0.0000	0.0000	0.0000	0.0000	0.0000	0.0000	0.0000	0.0000	0.0000	0.0000	0.0000	0.0000	0.0000	0.0000	0.0000	0.0000	0.0000	0.0000	0.0000	0.0000	0.0000	0.0000	0.0000	0.0000	0.0000	0.0000	0.0000	0.0000	0.0000	0.0000	0.0000	0.0000	0.0000	0.0000											
102	107	0.6484	8	2	0	2	0	0	0	0	0	Y	N	Y	N	N	N	N	N	N	N	N	N	0.0000	0.0000	0.0000	0.0000	0.0000	0.0000	0.0000	0.0000	0.0000	0.0000	0.0000	0.0000	0.0000	0.0000	0.0000	0.0000	0.0000	0.0000	0.0000	0.0000	0.0000	0.4159	0.0000	0.0887	0.0000	0.0000	0.0000	0.0000	0.0000	0.0000	0.0000	0.0000	0.0000	0.0000	0.0000	0.0000	0.0000	0.0000	0.0000	0.0000	0.0000	0.0000	0.0000	0.0000	0.0000	0.0000	0.0000	0.0000	0.0000	0.0000	0.0000	0.0000	0.0000	0.0000	0.0000	0.0000	0.0000	0.0000	0.0000	0.0000	0.0000	0.0000	0.0000	0.0000	0.0000	0.0000	0.0000	0.0000	0.0000	0.0000	0.0000	0.0000	0.0000	0.0000	0.0000	0.0000	0.0000	0.0000											
102	108	0.6321	7	2	0	1	0	0	0	0	0	Y	N	N	N	N	N	N	N	N	N	N	N	0.0000	0.0000	0.0000	0.0000	0.0000	0.0000	0.0000	0.0000	0.0000	0.0000	0.0000	0.0000	0.0000	0.0000	0.0000	0.0000	0.0000	0.0000	0.0000	0.0000	0.0000	3.9943	0.0000	0.9974	0.0000	0.0000	0.0000	0.0000	0.0000	0.0000	0.0000	0.0000	0.0000	0.0000	0.0000	0.0000	0.0000	0.0000	0.0000	0.0000	0.0000	0.0000	0.0000	0.0000	0.0000	0.0000	0.0000	0.0000	0.0000	0.0000	0.0000	0.0000	0.0000	0.0000	0.0000	0.0000	0.0000	0.0000	0.0000	0.0000	0.0000	0.0000	0.0000	0.0000	0.0000	0.0000	0.0000	0.0000	0.0000	0.0000	0.0000	0.0000	0.0000	0.0000	0.0000	0.0000	0.0000	0.0000											
102	109	0.0061	2	2	0	2	0	0	0	0	0	Y	N	Y	N	N	N	N	N	N	N	N	N	0.0000	0.0000	0.0000	0.0000	0.0000	0.0000	0.0000	0.0000	0.0000	0.0000	0.0000	0.0000	0.0000	0.0000	0.0000	0.0000	0.0000	0.0000	0.0000	0.0000	0.0000	0.0000	0.0000	0.9909	0.0000	0.0000	0.0000	0.0000	0.0000	0.0000	0.0000	0.0000	0.0000	0.0000	0.0000	0.0000	0.0000	0.0000	0.0000	0.0000	0.0000	0.0000	0.0000	0.0000	0.0000	0.0000	0.0000	0.0000	0.0000	0.0000	0.0000	0.0000	0.0000	0.0000	0.0000	0.0000	0.0000	0.0000	0.0000	0.0000	0.0000	0.0000	0.0000	0.0000	0.0000	0.0000	0.0000	0.0000	0.0000	0.0000	0.0000	0.0000	0.0000	0.0000	0.0000	0.0000	0.0000	0.0000											
102	112	0.6367	7	1	0	2	0	0	0	0	0	N	N	Y	N	N	N	N	N	N	N	N	N	0.0000	0.0000	0.0000	0.0000	0.0000	0.0000	0.0000	0.0000	0.0000	0.0000	0.0000	0.0000	0.0000	0.0000	0.0000	0.0000	0.0000	0.0000	0.0000	0.0000	0.0000	0.0000	0.0000	0.0001	0.0000	0.0000	0.0000	0.0000	0.0000	0.0000	0.0000	0.0000	0.0000	0.0000	0.0000	0.0000	0.0000	0.0000	0.0000	0.0000	0.0000	0.0000	0.0000	0.0000	0.0000	0.0000	0.0000	0.0000	0.0000	0.0000	0.0000	0.0000	0.0000	0.0000	0.0000	0.0000	0.0000	0.0000	0.0000	0.0000	0.0000	0.0000	0.0000	0.0000	0.0000	0.0000	0.0000	0.0000	0.0000	0.0000	0.0000	0.0000	0.0000	0.0000	0.0000	0.0000	0.0000	0.0000											
102	113	0.5909	6	1	0	2	0	0	0	0	0	N	N	Y	N	N	N	N	N	N	N	N	N	0.0000	0.0000	0.0000	0.0000	0.0000	0.0000	0.0000	0.0000	0.0000	0.0000	0.0000	0.0000	0.0000	0.0000	0.0000	0.0000	0.0000	0.0000	0.0000	0.0000	0.0000	4.0004	0.0000	4.9999	0.0000	0.0000	0.0000	0.0000	0.0000	0.0000	0.0000	0.0000	0.0000	0.0000	0.0000	0.0000	0.0000	0.0000	0.0000	0.0000	0.0000	0.0000	0.0000	0.0000	0.0000	0.0000	0.0000	0.0000	0.0000	0.0000	0.0000	0.0000	0.0000	0.0000	0.0000	0.0000	0.0000	0.0000	0.0000	0.0000	0.0000	0.0000	0.0000	0.0000	0.0000	0.0000	0.0000	0.0000	0.0000	0.0000	0.0000	0.0000	0.0000	0.0000	0.0000	0.0000	0.0000	0.0000											
102	114	0.0674	4	1	1	1	0	0	0	0	0	N	N	N	N	N	N	N	N	N	N	N	N	0.0000	0.0000	0.0000	0.0000	0.0000	0.0000	0.0000	0.0000	0.0000	0.0000	0.0000	0.0000	0.0000	0.0000	0.0000	0.0000	0.0000	0.0000	0.0000	0.0000	0.0000	4.3361	0.0000	4.6323	0.0000	0.0000	0.0000	0.0000	0.0000	0.0000	0.0000	0.0000	0.0000	0.0000	0.0000	0.0000	0.0000	0.0000	0.0000	0.0000	0.0000	0.0000	0.0000	0.0000	0.0000	0.0000	0.0000	0.0000	0.0000	0.0000	0.0000	0.0000	0.0000	0.0000	0.0000	0.0000	0.0000	0.0000	0.0000	0.0000	0.0000	0.0000	0.0000	0.0000	0.0000	0.0000	0.0000	0.0000	0.0000	0.0000	0.0000	0.0000	0.0000	0.0000	0.0000	0.0000	0.0000	0.0000											
102	115	0.0347	3	1	0	1	0	0	0	0	0	N	N	N	N	N	N	N	N	N	N	N	N	0.0000	0.0000	0.0000	0.0000	0.0000	0.0000	0.0000	0.0000	0.0000	0.0000	0.0000	0.0000	0.0000	0.0000	0.0000	0.0000	0.0000	0.0000	0.0000	0.0000	0.0000	1.9840	0.0000	0.2610	0.0000	0.0000	0.0000	0.0000	0.0000	0.0000	0.0000	0.0000	0.0000	0.0000	0.0000	0.0000	0.0000	0.0000	0.0000	0.0000	0.0000	0.0000	0.0000	0.0000	0.0000	0.0000	0.0000	0.0000	0.0000	0.0000	0.0000	0.0000	0.0000	0.0000	0.0000	0.0000	0.0000	0.0000	0.0000	0.0000	0.0000	0.0000	0.0000	0.0000	0.0000	0.0000	0.0000	0.0000	0.0000	0.0000	0.0000	0.0000	0.0000	0.0000	0.0000	0.0000	0.0000	0.0000											
102	116	0.5909	6	1	1	1	1	0	0	0	0	N	N	N	N	N	N	N	N	N	N	N	N	0.0000	0.0000	0.0000	0.0000	0.0000	0.0000	0.0000	0.0000	0.0000	0.0000	0.0000	0.0000	0.0000	0.0000	0.0000	0.0000	0.0000	0.0000	0.0000	0.0000	0.0000	5.0006	0.0000	2.0000	0.0000	0.0000	0.0000	0.0000	0.0000	0.0000	0.0000	0.0000	0.0000	0.0000	0.0000	0.0000	0.0000	0.0000	0.0000	0.0000	0.0000	0.0000	0.0000	0.0000	0.0000	0.0000	0.0000	0.0000	0.0000	0.0000	0.0000	0.0000	0.0000	0.0000	0.0000	0.0000	0.0000	0.0000	0.0000	0.0000	0.0000	0.0000	0.0000	0.0000	0.0000	0.0000	0.0000	0.0000	0.0000	0.0000	0.0000	0.0000	0.0000	0.0000	0.0000	0.0000	0.0000	0.0000											
102	117	0.0347	3	1	1	1	1	0	0	0	0	N	N	N	N	N	N	N	N	N	N	N	N	0.0000	0.0000	0.0000	0.0000	0.0000	0.0000	0.0000	0.0000	0.0000	0.0000	0.0000	0.0000	0.0000	0.0000	0.0000	0.0000	0.0000	0.0000	0.0000	0.0000	0.0000	0.0000	0.0000	1.0000	0.0000	0.0000	0.0000	0.0000	0.0000	0.0000	0.0000	0.0000	0.0000	0.0000	0.0000	0.0000	0.0000	0.0000	0.0000	0.0000	0.0000	0.0000	0.0000	0.0000	0.0000	0.0000	0.0000	0.0000	0.0000	0.0000	0.0000	0.0000	0.0000	0.0000	0.0000	0.0000	0.0000	0.0000	0.0000	0.0000	0.0000	0.0000	0.0000	0.0000	0.0000	0.0000	0.0000	0.0000	0.0000	0.0000	0.0000	0.0000	0.0000	0.0000	0.0000	0.0000	0.0000	0.0000											
102	118	0.5909	6	1	1	1	0	0	0	0	0	N	N	N	N	N	N	N	N	N	N	N	N	0.0000	0.0000	0.0000	0.0000	0.0000	0.0000	0.0000	0.0000	0.0000	0.0000	0.0000	0.0000	0.0000	0.0000	0.0000	0.0000	0.0000	0.0000	0.0000	0.0000	0.0000	16.9994	0.0000	6.0000	0.0000	0.0000	0.0000	0.0000	0.0000	0.0000	0.0000	0.0000	0.0000	0.0000	0.0000	0.0000	0.0000	0.0000	0.0000	0.0000	0.0000	0.0000	0.0000	0.0000	0.0000	0.0000	0.0000	0.0000	0.0000	0.0000	0.0000	0.0000	0.0000	0.0000	0.0000	0.0000	0.0000	0.0000	0.0000	0.0000	0.0000	0.0000	0.0000	0.0000	0.0000	0.0000	0.0000	0.0000	0.0000	0.0000	0.0000	0.0000	0.0000	0.0000	0.0000	0.0000	0.0000	0.0000											
102	119	0.0347	3	1	1	1	0	0	0	0	0	N	N	N	N	N	N	N	N	N	N	N	N	0.0000	0.0000	0.0000	0.0000	0.0000	0.0000	0.0000	0.0000	0.0000	0.0000	0.0000	0.0000	0.0000	0.0000	0.0000	0.0000	0.0000	0.0000	0.0000	0.0000	0.0000	5.0000	0.0000	6.0000	0.0000	0.0000	0.0000	0.0000	0.0000	0.0000	0.0000	0.0000	0.0000	0.0000	0.0000	0.0000	0.0000	0.0000	0.0000	0.0000	0.0000	0.0000	0.0000	0.0000	0.0000	0.0000	0.0000	0.0000	0.0000	0.0000	0.0000	0.0000	0.0000	0.0000	0.0000	0.0000	0.0000	0.0000	0.0000	0.0000	0.0000	0.0000	0.0000	0.0000	0.0000	0.0000	0.0000	0.0000	0.0000	0.0000	0.0000	0.0000	0.0000	0.0000	0.0000	0.0000	0.0000	0.0000											
102	120	0.0628	4	1	1	1	0	0	0	0	0	N	N	N	N	N	N	N	N	N	N	N	N	0.0000	0.0000	0.0000	0.0000	0.0000	0.0000	0.0000	0.0000	0.0000	0.0000	0.0000	0.0000	0.0000	0.0000	0.0000	0.0000	0.0000	0.0000	0.0000	0.0000	0.0000	0.9998	0.0000	0.9486	0.0000	0.0000	0.0000	0.0000	0.0000	0.0000	0.0000	0.0000	0.0000	0.0000	0.0000	0.0000	0.0000	0.0000	0.0000	0.0000	0.0000	0.0000	0.0000	0.0000	0.0000	0.0000	0.0000	0.0000	0.0000	0.0000	0.0000	0.0000	0.0000	0.0000	0.0000	0.0000	0.0000	0.0000	0.0000	0.0000	0.0000	0.0000	0.0000	0.0000	0.0000	0.0000	0.0000	0.0000	0.0000	0.0000	0.0000	0.0000	0.0000	0.0000	0.0000	0.0000	0.0000	0.0000											
102	121	0.0347	3	1	1	1	0	0	0	0	0	N	N	N	N	N	N	N	N	N	N	N	N	0.0000	0.0000	0.0000	0.0000	0.0000	0.0000	0.0000	0.0000	0.0000	0.0000	0.0000	0.0000	0.0000	0.0000	0.0000	0.0000	0.0000	0.0000	0.0000	0.0000	0.0000	3.0005	0.0000	1.1085	0.0000	0.0000	0.0000	0.0000	0.0000	0.0000	0.0000	0.0000	0.0000	0.0000	0.0000	0.0000	0.0000	0.0000	0.0000	0.0000	0.0000	0.0000	0.0000	0.0000	0.0000	0.0000	0.0000	0.0000	0.0000	0.0000	0.0000	0.0000	0.0000	0.0000	0.0000	0.0000	0.0000	0.0000	0.0000	0.0000	0.0000	0.0000	0.0000	0.0000	0.0000	0.0000	0.0000	0.0000	0.0000	0.0000	0.0000	0.0000	0.0000	0.0000	0.0000	0.0000	0.0000	0.0000											
102	122	0.6321	7	1	1	1	0	0	0	0	0	N	N	N	N	N	N	N	N	N	N	N	N	0.0000	0.0000	0.0000	0.0000	0.0000	0.0000	0.0000	0.0000	0.0000	0.0000	0.0000	0.0000	0.0000	0.0000	0.0000	0.0000	0.0000	0.0000	0.0000	0.0000	0.0000	2.0001	0.0000	3.0000	0.0000	0.0000	0.0000	0.0000	0.0000	0.0000	0.0000	0.0000	0.0000	0.0000	0.0000	0.0000	0.0000	0.0000	0.0000	0.0000	0.0000	0.0000	0.0000	0.0000	0.0000	0.0000	0.0000	0.0000	0.0000	0.0000	0.0000	0.0000	0.0000	0.0000	0.0000	0.0000	0.0000	0.0000	0.0000	0.0000	0.0000	0.0000	0.0000	0.0000	0.0000	0.0000	0.0000	0.0000	0.0000	0.0000	0.0000	0.0000	0.0000	0.0000	0.0000	0.0000	0.0000	0.0000											
102	123	0.5909	6	1	0	1	0	0	0	0	0	N	N	N	N	N	N	N	N	N	N	N	N	0.0000	0.0000	0.0000	0.0000	0.0000	0.0000	0.0000	0.0000	0.0000	0.0000	0.0000	0.0000	0.0000	0.0000	0.0000	0.0000	0.0000	0.0000	0.0000	0.0000	0.0000	6.9986	0.0000	2.0000	0.0000	0.0000	0.0000	0.0000	0.0000	0.0000	0.0000	0.0000	0.0000	0.0000	0.0000	0.0000	0.0000	0.0000	0.0000	0.0000	0.0000	0.0000	0.0000	0.0000	0.0000	0.0000	0.0000	0.0000	0.0000	0.0000	0.0000	0.0000	0.0000	0.0000	0.0000	0.0000	0.0000	0.0000	0.0000	0.0000	0.0000	0.0000	0.0000	0.0000	0.0000	0.0000	0.0000	0.0000	0.0000	0.0000	0.0000	0.0000	0.0000	0.0000	0.0000	0.0000	0.0000	0.0000											
102	124	0.0682	4	1	1	1	0	0	0	0	0	N	N	N	N	N	N	N	N	N	N	N	N	0.0000	0.0000	0.0000	0.0000	0.0000	0.0000	0.0000	0.0000	0.0000	0.0000	0.0000	0.0000	0.0000	0.0000	0.0000	0.0000	0.0000	0.0000	0.0000	0.0000	0.0000	3.9006	0.0000	3.1543	0.0000	0.0000	0.0000	0.0000	0.0000	0.0000	0.0000	0.0000	0.0000	0.0000	0.0000	0.0000	0.0000	0.0000	0.0000	0.0000	0.0000	0.0000	0.0000	0.0000	0.0000	0.0000	0.0000	0.0000	0.0000	0.0000	0.0000	0.0000	0.0000	0.0000	0.0000	0.0000	0.0000	0.0000	0.0000	0.0000	0.0000	0.0000	0.0000	0.0000	0.0000	0.0000	0.0000	0.0000	0.0000	0.0000	0.0000	0.0000	0.0000	0.0000	0.0000	0.0000	0.0000	0.0000											
102	125	0.0347	3	1	1	1	0	0	0	0	0	N	N	N	N	N	N	N	N	N	N	N	N	0.0000	0.0000	0.0000	0.0000	0.0000	0.0000	0.0000	0.0000	0.0000	0.0000	0.0000	0.0000	0.0000	0.0000	0.0000	0.0000	0.0000	0.0000	0.0000	0.0000	0.0000	1.6924	0.0000	1.9110	0.0000	0.0000	0.0000	0.0000	0.0000	0.0000	0.0000	0.0000	0.0000	0.0000	0.0000	0.0000	0.0000	0.0000	0.0000	0.0000	0.0000	0.0000	0.0000	0.0000	0.0000	0.0000	0.0000	0.0000	0.0000	0.0000	0.0000	0.0000	0.0000	0.0000	0.0000	0.0000	0.0000	0.0000	0.0000	0.0000	0.0000	0.0000	0.0000	0.0000	0.0000	0.0000	0.0000	0.0000	0.0000	0.0000	0.0000	0.0000	0.0000	0.0000	0.0000	0.0000	0.0000	0.0000											
102	126	0.5909	6	1	1	1	0	0	0	0	0	N	N	N	N	N	N	N	N	N	N	N	N	0.0000	0.0000	0.0000	0.0000	0.0000	0.0000	0.0000	0.0000	0.0000	0.0000	0.0000	0.0000	0.0000	0.0000	0.0000	0.0000	0.0000	0.0000	0.0000	0.0000	0.0000	0.9996	0.0000	8.0005	0.0000	0.0000	0.0000	0.0000	0.0000	0.0000	0.0000	0.0000	0.0000	0.0000	0.0000	0.0000	0.0000	0.0000	0.0000	0.0000	0.0000	0.0000	0.0000	0.0000	0.0000	0.0000	0.0000	0.0000	0.0000	0.0000	0.0000	0.0000	0.0000	0.0000	0.0000	0.0000	0.0000	0.0000	0.0000	0.0000	0.0000	0.0000	0.0000	0.0000	0.0000	0.0000	0.0000	0.0000	0.0000	0.0000	0.0000	0.0000	0.0000	0.0000	0.0000	0.0000	0.0000	0.0000											
102	127	0.4963	6	1	0	1	0	0	0	0	0	N	N	N	N	N	N	N	N	N	N	N	N	0.0000	0.0000	0.0000	0.0000	0.0000	0.0000	0.0000	0.0000	0.0000	0.0000	0.0000	0.0000	0.0000	0.0000	0.0000	0.0000	0.0000	0.0000	0.0000	0.0000	0.0000	3.6536	0.0000	12.3970	0.0000	0.0000	0.0000	0.0000	0.0000	0.0000	0.0000	0.0000	0.0000	0.0000	0.0000	0.0000	0.0000	0.0000	0.0000	0.0000	0.0000	0.0000	0.0000	0.0000	0.0000	0.0000	0.0000	0.0000	0.0000	0.0000	0.0000	0.0000	0.0000	0.0000	0.0000	0.0000	0.0000	0.0000	0.0000	0.0000	0.0000	0.0000	0.0000	0.0000	0.0000	0.0000	0.0000	0.0000	0.0000	0.0000	0.0000	0.0000	0.0000	0.0000	0.0000	0.0000	0.0000	0.0000											
102	128	0.2851	4	1	0	1	0	0	0	0	0	N	N	N	N	N	N	N	N	N	N	N	N	0.0000	0.0000	0.0000	0.0000	0.0000	0.0000	0.0000	0.0000	0.0000	0.0000	0.0000	0.0000	0.0000	0.0000	0.0000	0.0000	0.0000	0.0000	0.0000	0.0000	0.0000	5.3495	0.0000	12.4099	0.0000	0.0000	0.0000	0.0000	0.0000	0.0000	0.0000	0.0000	0.0000	0.0000	0.0000	0.0000	0.0000	0.0000	0.0000	0.0000	0.0000	0.0000	0.0000	0.0000	0.0000	0.0000	0.0000	0.0000	0.0000	0.0000	0.0000	0.0000	0.0000	0.0000	0.0000	0.0000	0.0000	0.0000	0.0000	0.0000	0.0000	0.0000	0.0000	0.0000	0.0000	0.0000	0.0000	0.0000	0.0000	0.0000	0.0000	0.0000	0.0000	0.0000	0.0000	0.0000	0.0000	0.0000											
102	129	0.7023	12	1	1	1	1	0	0	0	0	N	N	N	N	N	N	N	N	N	N	N	N	0.0000	0.0000	0.0000	0.0000	0.0000	0.0000	0.0000	0.0000	0.0000	0.0000	0.0000	0.0000	0.0000	0.0000	0.0000	0.0000	0.0000	0.0000	0.0000	0.0000	0.0000	0.0000	0.0000	0.0000	0.0000	0.0000	0.0000	0.0000	0.0000	0.0000	0.0000	0.0000	0.0000	0.0000	0.0000	0.0000	0.0000	0.0000	0.0000	0.0000	0.0000	0.0000	0.0000	0.0000	0.0000	0.0000	0.0000	0.0000	0.0000	0.0000	0.0000	0.0000	0.0000	0.0000	0.0000	0.0000	0.0000	0.0000	0.0000	0.0000	0.0000	0.0000	0.0000	0.0000	0.0000	0.0000	0.0000	0.0000	0.0000	0.0000	0.0000	0.0000	0.0000	0.0000	0.0000	0.0000	0.0000	0.0000											
102	130	0.6860	11	1	1	1	1	0	0	0	0	N	N	N	N	N	N	N	N	N	N	N	N	0.0000	0.0000	0.0000	0.0000	0.0000	0.0000	0.0000	0.0000	0.0000	0.0000	0.0000	0.0000	0.0000	0.0000	0.0000	0.0000	0.0000	0.0000	0.0000	0.0000	0.0000	0.0000	0.0000	3.0001	0.0000	0.0000	0.0000	0.0000	0.0000	0.0000	0.0000	0.0000	0.0000	0.0000	0.0000	0.0000	0.0000	0.0000	0.0000	0.0000	0.0000	0.0000	0.0000	0.0000	0.0000	0.0000	0.0000	0.0000	0.0000	0.0000	0.0000	0.0000	0.0000	0.0000	0.0000	0.0000	0.0000	0.0000	0.0000	0.0000	0.0000	0.0000	0.0000	0.0000	0.0000	0.0000	0.0000	0.0000	0.0000	0.0000	0.0000	0.0000	0.0000	0.0000	0.0000	0.0000	0.0000	0.0000											
102	131	0.6764	10	1	1	1	0	0	0	0	0	N	N	N	N	N	N	N	N	N	N	N	N	0.0000	0.0000	0.0000	0.0000	0.0000	0.0000	0.0000	0.0000	0.0000	0.0000	0.0000	0.0000	0.0000	0.0000	0.0000	0.0000	0.0000	0.0000	0.0000	0.0000	0.0000	0.0000	0.0000	0.0000	0.0000	0.0000	0.0000	0.0000	0.0000	0.0000	0.0000	0.0000	0.0000	0.0000	0.0000	0.0000	0.0000	0.0000	0.0000	0.0000	0.0000	0.0000	0.0000	0.0000	0.0000	0.0000	0.0000	0.0000	0.0000	0.0000	0.0000	0.0000	0.0000	0.0000	0.0000	0.0000	0.0000	0.0000	0.0000	0.0000	0.0000	0.0000	0.0000	0.0000	0.0000	0.0000	0.0000	0.0000	0.0000	0.0000	0.0000	0.0000	0.0000	0.0000	0.0000	0.0000	0.0000	0.0000											
102	132	0.6860	11	1	0	2	1	0	0	0	0	N	N	Y	N	N	N	N	N	N	N	N	N	0.0000	0.0000	0.0000	0.0000	0.0000	0.0000	0.0000	0.0000	0.0000	0.0000	0.0000	0.0000	0.0000	0.0000	0.0000	0.0000	0.0000	0.0000	0.0000	0.0000	0.0000	0.0000	0.0000	1.9999	0.0000	0.0000	0.0000	0.0000	0.0000	0.0000	0.0000	0.0000	0.0000	0.0000	0.0000	0.0000	0.0000	0.0000	0.0000	0.0000	0.0000	0.0000	0.0000	0.0000	0.0000	0.0000	0.0000	0.0000	0.0000	0.0000	0.0000	0.0000	0.0000	0.0000	0.0000	0.0000	0.0000	0.0000	0.0000	0.0000	0.0000	0.0000	0.0000	0.0000	0.0000	0.0000	0.0000	0.0000	0.0000	0.0000	0.0000	0.0000	0.0000	0.0000	0.0000	0.0000	0.0000	0.0000											
102	133	0.6970	12	1	0	2	1	0	0	0	0	N	N	Y	N	N	N	N	N	N	N	N	N	0.0000	0.0000	0.0000	0.0000	0.0000	0.0000	0.0000	0.0000	0.0000	0.0000	0.0000	0.0000	0.0000	0.0000	0.0000	0.0000	0.0000	0.0000	0.0000	0.0000	0.0000	1.0000	0.0000	0.0000	0.0000	0.0000	0.0000	0.0000	0.0000	0.0000	0.0000	0.0000	0.0000	0.0000	0.0000	0.0000	0.0000	0.0000	0.0000	0.0000	0.0000	0.0000	0.0000	0.0000	0.0000	0.0000	0.0000	0.0000	0.0000	0.0000	0.0000	0.0000	0.0000	0.0000	0.0000	0.0000	0.0000	0.0000	0.0000	0.0000	0.0000	0.0000	0.0000	0.0000	0.0000	0.0000	0.0000	0.0000	0.0000	0.0000	0.0000	0.0000	0.0000	0.0000	0.0000	0.0000	0.0000	0.0000											
102	134	0.6970	12	1	0	2	1	0	0	0	0	N	N	Y	N	N	N	N	N	N	N	N	N	0.0000	0.0000	0.0000	0.0000	0.0000	0.0000	0.0000	0.0000	0.0000	0.0000	0.0000	0.0000	0.0000	0.0000	0.0000	0.0000	0.0000	0.0000	0.0000	0.0000	0.0000	0.0000	0.0000	0.0000	0.0000	0.0000	0.0000	0.0000	0.0000	0.0000	0.0000	0.0000	0.0000	0.0000	0.0000	0.0000	0.0000	0.0000	0.0000	0.0000	0.0000	0.0000	0.0000	0.0000	0.0000	0.0000	0.0000	0.0000	0.0000	0.0000	0.0000	0.0000	0.0000	0.0000	0.0000	0.0000	0.0000	0.0000	0.0000	0.0000	0.0000	0.0000	0.0000	0.0000	0.0000	0.0000	0.0000	0.0000	0.0000	0.0000	0.0000	0.0000	0.0000	0.0000	0.0000	0.0000	0.0000	0.0000											
102	135	0.6860	11	1	0	2	1	0	0	0	0	N	N	Y	N	N	N	N	N	N	N	N	N	0.0000	0.0000	0.0000	0.0000	0.0000	0.0000	0.0000	0.0000	0.0000	0.0000	0.0000	0.0000	0.0000	0.0000	0.0000	0.0000	0.0000	0.0000	0.0000	0.0000	0.0000	2.0025	0.0000	0.9943	0.0000	0.0000	0.0000	0.0000	0.0000	0.0000	0.0000	0.0000	0.0000	0.0000	0.0000	0.0000	0.0000	0.0000	0.0000	0.0000	0.0000	0.0000	0.0000	0.0000	0.0000	0.0000	0.0000	0.0000	0.0000	0.0000	0.0000	0.0000	0.0000	0.0000	0.0000	0.0000	0.0000	0.0000	0.0000	0.0000	0.0000	0.0000	0.0000	0.0000	0.0000	0.0000	0.0000	0.0000	0.0000	0.0000	0.0000	0.0000	0.0000	0.0000	0.0000	0.0000	0.0000	0.0000											
102	136	0.6860	10	1	0	1	1	0	0	0	0	N	N	N	N	N	N	N	N	N	N	N	N	0.0000	0.0000	0.0000	0.0000	0.0000	0.0000	0.0000	0.0000	0.0000	0.0000	0.0000	0.0000	0.0000	0.0000	0.0000	0.0000	0.0000	0.0000	0.0000	0.0000	0.0000	0.0050	0.0000	0.0173	0.0000	0.0000	0.0000	0.0000	0.0000	0.0000	0.0000	0.0000	0.0000	0.0000	0.0000	0.0000	0.0000	0.0000	0.0000	0.0000	0.0000	0.0000	0.0000	0.0000	0.0000	0.0000	0.0000	0.0000	0.0000	0.0000	0.0000	0.0000	0.0000	0.0000	0.0000	0.0000	0.0000	0.0000	0.0000	0.0000	0.0000	0.0000	0.0000	0.0000	0.0000	0.0000	0.0000	0.0000	0.0000	0.0000	0.0000	0.0000	0.0000	0.0000	0.0000	0.0000	0.0000	0.0000											
102	137	0.6764	9	1	0	1	1	0	0	0	0	N	N	N	N	N	N	N	N	N	N	N	N	0.0000	0.0000	0.0000	0.0000	0.0000	0.0000	0.0000	0.0000	0.0000	0.0000	0.0000	0.0000	0.0000	0.0000	0.0000	0.0000	0.0000	0.0000	0.0000	0.0000	0.0000	1.9972	0.0000	1.0076	0.0000	0.0000	0.0000	0.0000	0.0000	0.0000	0.0000	0.0000	0.0000	0.0000	0.0000	0.0000	0.0000	0.0000	0.0000	0.0000	0.0000	0.0000	0.0000	0.0000	0.0000	0.0000	0.0000	0.0000	0.0000	0.0000	0.0000	0.0000	0.0000	0.0000	0.0000	0.0000	0.0000	0.0000	0.0000	0.0000	0.0000	0.0000	0.0000	0.0000	0.0000	0.0000	0.0000	0.0000	0.0000	0.0000	0.0000	0.0000	0.0000	0.0000	0.0000	0.0000	0.0000	0.0000											
102	138	0.6591	8	2	1	1	0	0	0	0	0	Y	N	N	N	N	N	N	N	N	N	N	N	0.0000	0.0000	0.0000	0.0000	0.0000	0.0000	0.0000	0.0000	0.0000	0.0000	0.0000	0.0000	0.0000	0.0000	0.0000	0.0000	0.0000	0.0000	0.0000	0.0000	0.0000	0.0002	0.0000	2.3255	0.0000	0.0000	0.0000	0.0000	0.0000	0.0000	0.0000	0.0000	0.0000	0.0000	0.0000	0.0000	0.0000	0.0000	0.0000	0.0000	0.0000	0.0000	0.0000	0.0000	0.0000	0.0000	0.0000	0.0000	0.0000	0.0000	0.0000	0.0000	0.0000	0.0000	0.0000	0.0000	0.0000	0.0000	0.0000	0.0000	0.0000	0.0000	0.0000	0.0000	0.0000	0.0000	0.0000	0.0000	0.0000	0.0000	0.0000	0.0000	0.0000	0.0000	0.0000	0.0000	0.0000	0.0000											
102	139	0.6412	7	2	1	1	0	0	0	0	0	Y	N	N	N	N	N	N	N	N	N	N	N	0.0000	0.0000	0.0000	0.0000	0.0000	0.0000	0.0000	0.0000	0.0000	0.0000	0.0000	0.0000	0.0000	0.0000	0.0000	0.0000	0.0000	0.0000	0.0000	0.0000	0.0000	2.0138	0.0000	2.7349	0.0000	0.0000	0.0000	0.0000	0.0000	0.0000	0.0000	0.0000	0.0000	0.0000	0.0000	0.0000	0.0000	0.0000	0.0000	0.0000	0.0000	0.0000	0.0000	0.0000	0.0000	0.0000	0.0000	0.0000	0.0000	0.0000	0.0000	0.0000	0.0000	0.0000	0.0000	0.0000	0.0000	0.0000	0.0000	0.0000	0.0000	0.0000	0.0000	0.0000	0.0000	0.0000	0.0000	0.0000	0.0000	0.0000	0.0000	0.0000	0.0000	0.0000	0.0000	0.0000	0.0000	0.0000											
102	140	0.6578	8	1	1	1	0	0	0	0	0	N	N	N	N	N	N	N	N	N	N	N	N	0.0000	0.0000	0.0000	0.0000	0.0000	0.0000	0.0000	0.0000	0.0000	0.0000	0.0000	0.0000	0.0000	0.0000	0.0000	0.0000	0.0000	0.0000	0.0000	0.0000	0.0000	1.9232	0.0000	1.1116	0.0000	0.0000	0.0000	0.0000	0.0000	0.0000	0.0000	0.0000	0.0000	0.0000	0.0000	0.0000	0.0000	0.0000	0.0000	0.0000	0.0000	0.0000	0.0000	0.0000	0.0000	0.0000	0.0000	0.0000	0.0000	0.0000	0.0000	0.0000	0.0000	0.0000	0.0000	0.0000	0.0000	0.0000	0.0000	0.0000	0.0000	0.0000	0.0000	0.0000	0.0000	0.0000	0.0000	0.0000	0.0000	0.0000	0.0000	0.0000	0.0000	0.0000	0.0000	0.0000	0.0000	0.0000											
102	141	0.0539	4	1	1	1	0	0	0	0	0	N	N	N	N	N	N	N	N	N	N	N	N	0.0000	0.0000	0.0000	0.0000	0.0000	0.0000	0.0000	0.0000	0.0000	0.0000	0.0000	0.0000	0.0000	0.0000	0.0000	0.0000	0.0000	0.0000	0.0000	0.0000	0.0000	3.0000	0.0000	1.0000	0.0000	0.0000	0.0000	0.0000	0.0000	0.0000	0.0000	0.0000	0.0000	0.0000	0.0000	0.0000	0.0000	0.0000	0.0000	0.0000	0.0000	0.0000	0.0000	0.0000	0.0000	0.0000	0.0000	0.0000	0.0000	0.0000	0.0000	0.0000	0.0000	0.0000	0.0000	0.0000	0.0000	0.0000	0.0000	0.0000	0.0000	0.0000	0.0000	0.0000	0.0000	0.0000	0.0000	0.0000	0.0000	0.0000	0.0000	0.0000	0.0000	0.0000	0.0000	0.0000	0.0000	0.0000											
102	142	0.0347	3	1	0	1	0	0	0	0	0	N	N	N	N	N	N	N	N	N	N	N	N	0.0000	0.0000	0.0000	0.0000	0.0000	0.0000	0.0000	0.0000	0.0000	0.0000	0.0000	0.0000	0.0000	0.0000	0.0000	0.0000	0.0000	0.0000	0.0000	0.0000	0.0000	1.0000	0.0000	1.0000	0.0000	0.0000	0.0000	0.0000	0.0000	0.0000	0.0000	0.0000	0.0000	0.0000	0.0000	0.0000	0.0000	0.0000	0.0000	0.0000	0.0000	0.0000	0.0000	0.0000	0.0000	0.0000	0.0000	0.0000	0.0000	0.0000	0.0000	0.0000	0.0000	0.0000	0.0000	0.0000	0.0000	0.0000	0.0000	0.0000	0.0000	0.0000	0.0000	0.0000	0.0000	0.0000	0.0000	0.0000	0.0000	0.0000	0.0000	0.0000	0.0000	0.0000	0.0000	0.0000	0.0000	0.0000											
102	145	0.6764	10	2	1	1	0	0	0	0	0	Y	N	N	N	N	N	N	N	N	N	N	N	0.0000	0.0000	0.0000	0.0000	0.0000	0.0000	0.0000	0.0000	0.0000	0.0000	0.0000	0.0000	0.0000	0.0000	0.0000	0.0000	0.0000	0.0000	0.0000	0.0000	0.0000	1.0000	0.0000	1.0000	0.0000	0.0000	0.0000	0.0000	0.0000	0.0000	0.0000	0.0000	0.0000	0.0000	0.0000	0.0000	0.0000	0.0000	0.0000	0.0000	0.0000	0.0000	0.0000	0.0000	0.0000	0.0000	0.0000	0.0000	0.0000	0.0000	0.0000	0.0000	0.0000	0.0000	0.0000	0.0000	0.0000	0.0000	0.0000	0.0000	0.0000	0.0000	0.0000	0.0000	0.0000	0.0000	0.0000	0.0000	0.0000	0.0000	0.0000	0.0000	0.0000	0.0000	0.0000	0.0000	0.0000	0.0000											
102	146	0.6764	9	1	1	1	0	0	0	0	0	N	N	N	N	N	N	N	N	N	N	N	N	0.0000	0.0000	0.0000	0.0000	0.0000	0.0000	0.0000	0.0000	0.0000	0.0000	0.0000	0.0000	0.0000	0.0000	0.0000	0.0000	0.0000	0.0000	0.0000	0.0000	0.0000	0.0003	0.0000	0.0000	0.0000	0.0000	0.0000	0.0000	0.0000	0.0000	0.0000	0.0000	0.0000	0.0000	0.0000	0.0000	0.0000	0.0000	0.0000	0.0000	0.0000	0.0000	0.0000	0.0000	0.0000	0.0000	0.0000	0.0000	0.0000	0.0000	0.0000	0.0000	0.0000	0.0000	0.0000	0.0000	0.0000	0.0000	0.0000	0.0000	0.0000	0.0000	0.0000	0.0000	0.0000	0.0000	0.0000	0.0000	0.0000	0.0000	0.0000	0.0000	0.0000	0.0000	0.0000	0.0000	0.0000	0.0000											
102	147	0.6578	8	1	0	1	0	0	0	0	0	N	N	N	N	N	N	N	N	N	N	N	N	0.0000	0.0000	0.0000	0.0000	0.0000	0.0000	0.0000	0.0000	0.0000	0.0000	0.0000	0.0000	0.0000	0.0000	0.0000	0.0000	0.0000	0.0000	0.0000	0.0000	0.0000	4.9449	0.0000	1.0063	0.0000	0.0000	0.0000	0.0000	0.0000	0.0000	0.0000	0.0000	0.0000	0.0000	0.0000	0.0000	0.0000	0.0000	0.0000	0.0000	0.0000	0.0000	0.0000	0.0000	0.0000	0.0000	0.0000	0.0000	0.0000	0.0000	0.0000	0.0000	0.0000	0.0000	0.0000	0.0000	0.0000	0.0000	0.0000	0.0000	0.0000	0.0000	0.0000	0.0000	0.0000	0.0000	0.0000	0.0000	0.0000	0.0000	0.0000	0.0000	0.0000	0.0000	0.0000	0.0000	0.0000	0.0000											
102	148	0.6412	7	1	0	1	0	0	0	0	0	N	N	N	N	N	N	N	N	N	N	N	N	0.0000	0.0000	0.0000	0.0000	0.0000	0.0000	0.0000	0.0000	0.0000	0.0000	0.0000	0.0000	0.0000	0.0000	0.0000	0.0000	0.0000	0.0000	0.0000	0.0000	0.0000	3.4778	0.0000	1.2917	0.0000	0.0000	0.0000	0.0000	0.0000	0.0000	0.0000	0.0000	0.0000	0.0000	0.0000	0.0000	0.0000	0.0000	0.0000	0.0000	0.0000	0.0000	0.0000	0.0000	0.0000	0.0000	0.0000	0.0000	0.0000	0.0000	0.0000	0.0000	0.0000	0.0000	0.0000	0.0000	0.0000	0.0000	0.0000	0.0000	0.0000	0.0000	0.0000	0.0000	0.0000	0.0000	0.0000	0.0000	0.0000	0.0000	0.0000	0.0000	0.0000	0.0000	0.0000	0.0000	0.0000	0.0000											
102	149	0.5909	6	1	0	1	0	0	0	0	0	N	N	N	N	N	N	N	N	N	N	N	N	0.0000	0.0000	0.0000	0.0000	0.0000	0.0000	0.0000	0.0000	0.0000	0.0000	0.0000	0.0000	0.0000	0.0000	0.0000	0.0000	0.0000	0.0000	0.0000	0.0000	0.0000	7.8050	0.0000	4.0035	0.0000	0.0000	0.0000	0.0000	0.0000	0.0000	0.0000	0.0000	0.0000	0.0000	0.0000	0.0000	0.0000	0.0000	0.0000	0.0000	0.0000	0.0000	0.0000	0.0000	0.0000	0.0000	0.0000	0.0000	0.0000	0.0000	0.0000	0.0000	0.0000	0.0000	0.0000	0.0000	0.0000	0.0000	0.0000	0.0000	0.0000	0.0000	0.0000	0.0000	0.0000	0.0000	0.0000	0.0000	0.0000	0.0000	0.0000	0.0000	0.0000	0.0000	0.0000	0.0000	0.0000	0.0000											
102	150	0.4963	6	1	0	1	0	0	0	0	0	N	N	N	N	N	N	N	N	N	N	N	N	0.0000	0.0000	0.0000	0.0000	0.0000	0.0000	0.0000	0.0000	0.0000	0.0000	0.0000	0.0000	0.0000	0.0000	0.0000	0.0000	0.0000	0.0000	0.0000	0.0000	0.0000	3.7255	0.0000	14.1767	0.0000	0.0000	0.0000	0.0000	0.0000	0.0000	0.0000	0.0000	0.0000	0.0000	0.0000	0.0000	0.0000	0.0000	0.0000	0.0000	0.0000	0.0000	0.0000	0.0000	0.0000	0.0000	0.0000	0.0000	0.0000	0.0000	0.0000	0.0000	0.0000	0.0000	0.0000	0.0000	0.0000	0.0000	0.0000	0.0000	0.0000	0.0000	0.0000	0.0000	0.0000	0.0000	0.0000	0.0000	0.0000	0.0000	0.0000	0.0000	0.0000	0.0000	0.0000	0.0000	0.0000	0.0000											
102	151	0.4799	5	1	0	1	0	0	0	0	0	N	N	N	N	N	N	N	N	N	N	N	N	0.0000	0.0000	0.0000	0.0000	0.0000	0.0000	0.0000	0.0000	0.0000	0.0000	0.0000	0.0000	0.0000	0.0000	0.0000	0.0000	0.0000	0.0000	0.0000	0.0000	0.0000	1.4205	0.0000	4.0377	0.0000	0.0000	0.0000	0.0000	0.0000	0.0000	0.0000	0.0000	0.0000	0.0000	0.0000	0.0000	0.0000	0.0000	0.0000	0.0000	0.0000	0.0000	0.0000	0.0000	0.0000	0.0000	0.0000	0.0000	0.0000	0.0000	0.0000	0.0000	0.0000	0.0000	0.0000	0.0000	0.0000	0.0000	0.0000	0.0000	0.0000	0.0000	0.0000	0.0000	0.0000	0.0000	0.0000	0.0000	0.0000	0.0000	0.0000	0.0000	0.0000	0.0000	0.0000	0.0000	0.0000	0.0000											
103	104	0.5909	5	1	1	1	0	0	0	0	0	N	N	N	N	N	N	N	N	N	N	N	N	0.0000	0.0000	0.0000	0.0000	0.0000	0.0000	0.0000	0.0000	0.0000	0.0000	0.0000	0.0000	0.0000	0.0000	0.0000	0.0000	0.0000	0.0000	0.0000	0.0000	0.0000	7.9994	1.0091	4.0001	0.0000	0.0000	0.0000	0.0000	0.0000	0.0000	0.0000	0.0000	0.0000	0.0000	0.0000	0.0000	0.0000	0.0000	0.0000	0.0000	0.0000	0.0000	0.0000	0.0000	0.0000	0.0000	0.0000	0.0000	0.0000	0.0000	0.0000	0.0176	0.0105	0.0071	0.0088	0.0076	0.0012	0.0089	0.0029	0.0059	0.0000	0.0000	0.0000	0.0000	0.0000	0.0000	0.0000	0.0000	0.0000	0.0000	0.0000	0.0000	0.0000	0.0000	0.0000	0.0000	0.0000	0.0000											
103	105	0.6533	9	2	0	2	0	0	0	0	0	Y	N	Y	N	N	N	N	N	N	N	N	N	0.0000	0.0000	0.0000	0.0000	0.0000	0.0000	0.0000	0.0000	0.0000	0.0000	0.0000	0.0000	0.0000	0.0000	0.0000	0.0000	0.0000	0.0000	0.0000	0.0000	0.0000	1.0000	1.0091	1.0005	0.0000	0.0000	0.0000	0.0000	0.0000	0.0000	0.0000	0.0000	0.0000	0.0000	0.0000	0.0000	0.0000	0.0000	0.0000	0.0000	0.0000	0.0000	0.0000	0.0000	0.0000	0.0000	0.0000	0.0000	0.0000	0.0000	0.0000	0.0027	0.0017	0.0010	0.0015	0.0013	0.0002	0.0011	0.0004	0.0007	0.0000	0.0000	0.0000	0.0000	0.0000	0.0000	0.0000	0.0000	0.0000	0.0000	0.0000	0.0000	0.0000	0.0000	0.0000	0.0000	0.0000	0.0000											
103	106	0.6498	8	2	0	2	0	0	0	0	0	Y	N	Y	N	N	N	N	N	N	N	N	N	0.0000	0.0000	0.0000	0.0000	0.0000	0.0000	0.0000	0.0000	0.0000	0.0000	0.0000	0.0000	0.0000	0.0000	0.0000	0.0000	0.0000	0.0000	0.0000	0.0000	0.0000	0.7249	1.0091	0.0368	0.0000	0.0000	0.0000	0.0000	0.0000	0.0000	0.0000	0.0000	0.0000	0.0000	0.0000	0.0000	0.0000	0.0000	0.0000	0.0000	0.0000	0.0000	0.0000	0.0000	0.0000	0.0000	0.0000	0.0000	0.0000	0.0000	0.0000	0.0010	0.0007	0.0004	0.0006	0.0005	0.0001	0.0004	0.0001	0.0003	0.0000	0.0000	0.0000	0.0000	0.0000	0.0000	0.0000	0.0000	0.0000	0.0000	0.0000	0.0000	0.0000	0.0000	0.0000	0.0000	0.0000	0.0000											
103	107	0.6484	7	2	0	2	0	0	0	0	0	Y	N	Y	N	N	N	N	N	N	N	N	N	0.0000	0.0000	0.0000	0.0000	0.0000	0.0000	0.0000	0.0000	0.0000	0.0000	0.0000	0.0000	0.0000	0.0000	0.0000	0.0000	0.0000	0.0000	0.0000	0.0000	0.0000	0.4159	1.0091	0.0887	0.0000	0.0000	0.0000	0.0000	0.0000	0.0000	0.0000	0.0000	0.0000	0.0000	0.0000	0.0000	0.0000	0.0000	0.0000	0.0000	0.0000	0.0000	0.0000	0.0000	0.0000	0.0000	0.0000	0.0000	0.0000	0.0000	0.0000	0.0007	0.0005	0.0003	0.0004	0.0004	0.0001	0.0003	0.0001	0.0002	0.0000	0.0000	0.0000	0.0000	0.0000	0.0000	0.0000	0.0000	0.0000	0.0000	0.0000	0.0000	0.0000	0.0000	0.0000	0.0000	0.0000	0.0000											
103	108	0.6321	6	2	0	1	0	0	0	0	0	Y	N	N	N	N	N	N	N	N	N	N	N	0.0000	0.0000	0.0000	0.0000	0.0000	0.0000	0.0000	0.0000	0.0000	0.0000	0.0000	0.0000	0.0000	0.0000	0.0000	0.0000	0.0000	0.0000	0.0000	0.0000	0.0000	3.9943	1.0091	0.9974	0.0000	0.0000	0.0000	0.0000	0.0000	0.0000	0.0000	0.0000	0.0000	0.0000	0.0000	0.0000	0.0000	0.0000	0.0000	0.0000	0.0000	0.0000	0.0000	0.0000	0.0000	0.0000	0.0000	0.0000	0.0000	0.0000	0.0000	0.0070	0.0043	0.0027	0.0039	0.0034	0.0005	0.0031	0.0009	0.0022	0.0000	0.0000	0.0000	0.0000	0.0000	0.0000	0.0000	0.0000	0.0000	0.0000	0.0000	0.0000	0.0000	0.0000	0.0000	0.0000	0.0000	0.0000											
103	112	0.6367	6	1	0	2	0	0	0	0	0	N	N	Y	N	N	N	N	N	N	N	N	N	0.0000	0.0000	0.0000	0.0000	0.0000	0.0000	0.0000	0.0000	0.0000	0.0000	0.0000	0.0000	0.0000	0.0000	0.0000	0.0000	0.0000	0.0000	0.0000	0.0000	0.0000	0.0000	1.0091	0.0001	0.0000	0.0000	0.0000	0.0000	0.0000	0.0000	0.0000	0.0000	0.0000	0.0000	0.0000	0.0000	0.0000	0.0000	0.0000	0.0000	0.0000	0.0000	0.0000	0.0000	0.0000	0.0000	0.0000	0.0000	0.0000	0.0000	0.0000	0.0000	0.0000	0.0000	0.0000	0.0000	0.0000	0.0000	0.0000	0.0000	0.0000	0.0000	0.0000	0.0000	0.0000	0.0000	0.0000	0.0000	0.0000	0.0000	0.0000	0.0000	0.0000	0.0000	0.0000	0.0000	0.0000	0.0000											
103	113	0.5909	5	1	0	2	0	0	0	0	0	N	N	Y	N	N	N	N	N	N	N	N	N	0.0000	0.0000	0.0000	0.0000	0.0000	0.0000	0.0000	0.0000	0.0000	0.0000	0.0000	0.0000	0.0000	0.0000	0.0000	0.0000	0.0000	0.0000	0.0000	0.0000	0.0000	4.0004	1.0091	4.9999	0.0000	0.0000	0.0000	0.0000	0.0000	0.0000	0.0000	0.0000	0.0000	0.0000	0.0000	0.0000	0.0000	0.0000	0.0000	0.0000	0.0000	0.0000	0.0000	0.0000	0.0000	0.0000	0.0000	0.0000	0.0000	0.0000	0.0000	0.0136	0.0081	0.0055	0.0067	0.0058	0.0009	0.0069	0.0023	0.0046	0.0000	0.0000	0.0000	0.0000	0.0000	0.0000	0.0000	0.0000	0.0000	0.0000	0.0000	0.0000	0.0000	0.0000	0.0000	0.0000	0.0000	0.0000											
103	114	0.0674	3	1	1	1	0	0	0	0	0	N	N	N	N	N	N	N	N	N	N	N	N	0.0000	0.0000	0.0000	0.0000	0.0000	0.0000	0.0000	0.0000	0.0000	0.0000	0.0000	0.0000	0.0000	0.0000	0.0000	0.0000	0.0000	0.0000	-0.0000	0.0000	0.0000	4.3361	1.0091	4.6323	0.0000	0.0000	0.0000	0.0000	0.0000	0.0000	0.0000	0.0000	0.0000	0.0000	0.0000	0.0000	0.0000	0.0000	0.0000	0.0000	0.0000	0.0000	0.0000	0.0000	0.0000	0.0000	0.0000	0.0000	0.0000	0.0000	0.0000	0.0207	0.0074	0.0133	0.0003	0.0003	0.0000	0.0204	0.0071	0.0133	0.0000	0.0000	0.0000	0.0000	0.0000	0.0000	0.0000	0.0000	0.0000	0.0000	0.0000	0.0000	0.0000	0.0000	0.0000	0.0000	0.0000	0.0000											
103	115	0.0347	2	1	0	1	0	0	0	0	0	N	N	N	N	N	N	N	N	N	N	N	N	0.0000	0.0000	0.0000	0.0000	0.0000	0.0000	0.0000	0.0000	0.0000	0.0000	0.0000	0.0000	0.0000	0.0000	0.0000	0.0000	0.0000	0.0000	0.0000	0.0000	0.0000	1.9840	1.0091	0.2610	0.0000	0.0000	0.0000	0.0000	0.0000	0.0000	0.0000	0.0000	0.0000	0.0000	0.0000	0.0000	0.0000	0.0000	0.0000	0.0000	0.0000	0.0000	0.0000	0.0000	0.0000	0.0000	0.0000	0.0000	0.0000	0.0000	0.0000	0.0040	0.0013	0.0027	0.0000	0.0000	0.0000	0.0040	0.0013	0.0027	0.0000	0.0000	0.0000	0.0000	0.0000	0.0000	0.0000	0.0000	0.0000	0.0000	0.0000	0.0000	0.0000	0.0000	0.0000	0.0000	0.0000	0.0000											
103	116	0.5909	5	1	1	1	1	0	0	0	0	N	N	N	N	N	N	N	N	N	N	N	N	0.0000	0.0000	0.0000	0.0000	0.0000	0.0000	0.0000	0.0000	0.0000	0.0000	0.0000	0.0000	0.0000	0.0000	0.0000	0.0000	0.0000	0.0000	0.0000	0.0000	0.0000	5.0006	1.0091	2.0000	0.0000	0.0000	0.0000	0.0000	0.0000	0.0000	0.0000	0.0000	0.0000	0.0000	0.0000	0.0000	0.0000	0.0000	0.0000	0.0000	0.0000	0.0000	0.0000	0.0000	0.0000	0.0000	0.0000	0.0000	0.0000	0.0000	0.0000	0.0108	0.0064	0.0044	0.0053	0.0046	0.0007	0.0055	0.0018	0.0037	0.0000	0.0000	0.0000	0.0000	0.0000	0.0000	0.0000	0.0000	0.0000	0.0000	0.0000	0.0000	0.0000	0.0000	0.0000	0.0000	0.0000	0.0000											
103	117	0.0347	2	1	1	1	1	0	0	0	0	N	N	N	N	N	N	N	N	N	N	N	N	0.0000	0.0000	0.0000	0.0000	0.0000	0.0000	0.0000	0.0000	0.0000	0.0000	0.0000	0.0000	0.0000	0.0000	0.0000	0.0000	0.0000	0.0000	0.0000	0.0000	0.0000	0.0000	1.0091	1.0000	0.0000	0.0000	0.0000	0.0000	0.0000	0.0000	0.0000	0.0000	0.0000	0.0000	0.0000	0.0000	0.0000	0.0000	0.0000	0.0000	0.0000	0.0000	0.0000	0.0000	0.0000	0.0000	0.0000	0.0000	0.0000	0.0000	0.0000	0.0025	0.0008	0.0017	0.0000	0.0000	0.0000	0.0025	0.0008	0.0017	0.0000	0.0000	0.0000	0.0000	0.0000	0.0000	0.0000	0.0000	0.0000	0.0000	0.0000	0.0000	0.0000	0.0000	0.0000	0.0000	0.0000	0.0000											
103	118	0.5909	5	1	1	1	0	0	0	0	0	N	N	N	N	N	N	N	N	N	N	N	N	0.0000	0.0000	0.0000	0.0000	0.0000	0.0000	0.0000	0.0000	0.0000	0.0000	0.0000	0.0000	0.0000	0.0000	0.0000	0.0000	0.0000	0.0000	0.0000	0.0000	0.0000	16.9994	1.0091	6.0000	0.0000	0.0000	0.0000	0.0000	0.0000	0.0000	0.0000	0.0000	0.0000	0.0000	0.0000	0.0000	0.0000	0.0000	0.0000	0.0000	0.0000	0.0000	0.0000	0.0000	0.0000	0.0000	0.0000	0.0000	0.0000	0.0000	0.0000	0.0305	0.0183	0.0122	0.0155	0.0133	0.0022	0.0150	0.0050	0.0099	0.0000	0.0000	0.0000	0.0000	0.0000	0.0000	0.0000	0.0000	0.0000	0.0000	0.0000	0.0000	0.0000	0.0000	0.0000	0.0000	0.0000	0.0000											
103	119	0.0347	2	1	1	1	0	0	0	0	0	N	N	N	N	N	N	N	N	N	N	N	N	0.0000	0.0000	0.0000	0.0000	0.0000	0.0000	0.0000	0.0000	0.0000	0.0000	0.0000	0.0000	0.0000	0.0000	0.0000	0.0000	0.0000	0.0000	0.0000	0.0000	0.0000	5.0000	1.0091	6.0000	0.0000	0.0000	0.0000	0.0000	0.0000	0.0000	0.0000	0.0000	0.0000	0.0000	0.0000	0.0000	0.0000	0.0000	0.0000	0.0000	0.0000	0.0000	0.0000	0.0000	0.0000	0.0000	0.0000	0.0000	0.0000	0.0000	0.0000	0.0167	0.0055	0.0112	0.0000	0.0000	0.0000	0.0167	0.0055	0.0112	0.0000	0.0000	0.0000	0.0000	0.0000	0.0000	0.0000	0.0000	0.0000	0.0000	0.0000	0.0000	0.0000	0.0000	0.0000	0.0000	0.0000	0.0000											
103	120	0.0628	3	1	1	1	0	0	0	0	0	N	N	N	N	N	N	N	N	N	N	N	N	2.1039	53.6301	0.0000	0.0000	168.4985	355.2552	0.0286	0.0000	0.1658	0.0000	0.0000	0.0000	0.0520	0.0000	0.1655	0.0136	0.0000	0.0031	0.0468	0.0000	1.0428	0.0003	0.0000	0.0005	inf	inf	0.0000	0.0000	0.0000	0.9998	1.0091	0.9486	0.0000	0.0000	0.0000	0.0000	0.0000	0.0000	0.0000	0.0000	0.0000	0.0000	0.0000	0.0000	0.0000	0.0000	0.0000	0.0000	0.0000	0.0000	0.0000	0.0000	0.0000	0.0000	0.0000	0.0000	0.0000	0.0000	0.0000	0.0081	0.0042	0.0038	0.0014	0.0014	0.0000	0.0066	0.0028	0.0038	19.4867	0.0000	53.6301	0.0000	0.0000	0.0000	195.0443	0.0000	355.2552	0.0015	0.0000	0.0031	0.0071	0.0000	0.3175	0.0003	0.0000	0.0005			
103	121	0.0347	2	1	1	1	0	0	0	0	0	N	N	N	N	N	N	N	N	N	N	N	N	inf	inf	inf	inf	0.9028	0.0000	9.4694	0.0000	0.0000	0.0000	1.7787	0.0000	9.7050	0.0000	0.0000	0.0000	0.0000	0.0000	0.0000	0.0000	0.0000	0.0000	inf	0.0000	0.0000	0.0000	3.0005	1.0091	1.1085	0.0000	0.0000	0.0000	0.0000	0.0000	0.0000	0.0000	0.0000	0.0000	0.0000	0.0000	0.0000	0.0000	0.0000	0.0000	0.0000	0.0000	0.0000	0.0000	0.0000	0.0000	0.0000	0.0000	0.0000	0.0000	0.0000	0.0000	0.0122	0.0040	0.0082	0.0000	0.0000	0.0000	0.0122	0.0040	0.0082	inf	0.0000	inf	0.0000	0.0000	0.0000	inf	0.0000	inf	0.0000	0.0000	0.0000	0.0000	0.0000	0.0000	0.0000	0.0000	0.0000						
103	122	0.6321	6	1	1	1	0	0	0	0	0	N	N	N	N	N	N	N	N	N	N	N	N	0.0000	0.0000	0.0000	0.0000	0.0000	0.0000	0.0000	0.0000	0.0000	0.0000	0.0000	0.0000	0.0000	0.0000	0.0000	0.0000	0.0000	0.0000	0.0000	0.0000	0.0000	2.0001	1.0091	3.0000	0.0000	0.0000	0.0000	0.0000	0.0000	0.0000	0.0000	0.0000	0.0000	0.0000	0.0000	0.0000	0.0000	0.0000	0.0000	0.0000	0.0000	0.0000	0.0000	0.0000	0.0000	0.0000	0.0000	0.0000	0.0000	0.0000	0.0000	0.0070	0.0043	0.0027	0.0039	0.0034	0.0005	0.0031	0.0009	0.0022	0.0000	0.0000	0.0000	0.0000	0.0000	0.0000	0.0000	0.0000	0.0000	0.0000	0.0000	0.0000	0.0000	0.0000	0.0000	0.0000	0.0000	0.0000											
103	123	0.5909	5	1	0	1	0	0	0	0	0	N	N	N	N	N	N	N	N	N	N	N	N	0.0000	0.0000	0.0000	0.0000	0.0000	0.0000	0.0000	0.0000	0.0000	0.0000	0.0000	0.0000	0.0000	0.0000	0.0000	0.0000	0.0000	0.0000	0.0000	0.0000	0.0000	6.9986	1.0091	2.0000	0.0000	0.0000	0.0000	0.0000	0.0000	0.0000	0.0000	0.0000	0.0000	0.0000	0.0000	0.0000	0.0000	0.0000	0.0000	0.0000	0.0000	0.0000	0.0000	0.0000	0.0000	0.0000	0.0000	0.0000	0.0000	0.0000	0.0000	0.0136	0.0081	0.0055	0.0067	0.0058	0.0009	0.0069	0.0023	0.0046	0.0000	0.0000	0.0000	0.0000	0.0000	0.0000	0.0000	0.0000	0.0000	0.0000	0.0000	0.0000	0.0000	0.0000	0.0000	0.0000	0.0000	0.0000											
103	124	0.0682	3	1	1	1	0	0	0	0	0	N	N	N	N	N	N	N	N	N	N	N	N	0.0000	0.0000	0.0000	0.0000	0.0000	0.0000	0.0000	0.0000	0.0000	0.0000	0.0000	0.0000	0.0000	0.0000	0.0000	0.0000	0.0000	0.0000	0.0000	0.0000	0.0000	3.9006	1.0091	3.1543	0.0000	0.0000	0.0000	0.0000	0.0000	0.0000	0.0000	0.0000	0.0000	0.0000	0.0000	0.0000	0.0000	0.0000	0.0000	0.0000	0.0000	0.0000	0.0000	0.0000	0.0000	0.0000	0.0000	0.0000	0.0000	0.0000	0.0000	0.0164	0.0049	0.0115	0.0005	0.0005	0.0001	0.0159	0.0044	0.0115	0.0000	0.0000	0.0000	0.0000	0.0000	0.0000	0.0000	0.0000	0.0000	0.0000	0.0000	0.0000	0.0000	0.0000	0.0000	0.0000	0.0000	0.0000											
103	125	0.0347	2	1	1	1	0	0	0	0	0	N	N	N	N	N	N	N	N	N	N	N	N	0.0000	0.0000	0.0000	0.0000	0.0000	0.0000	0.0000	0.0000	0.0000	0.0000	0.0000	0.0000	0.0000	0.0000	0.0000	0.0000	0.0000	0.0000	0.0000	0.0000	0.0000	1.6924	1.0091	1.9110	0.0000	0.0000	0.0000	0.0000	0.0000	0.0000	0.0000	0.0000	0.0000	0.0000	0.0000	0.0000	0.0000	0.0000	0.0000	0.0000	0.0000	0.0000	0.0000	0.0000	0.0000	0.0000	0.0000	0.0000	0.0000	0.0000	0.0000	0.0109	0.0036	0.0073	0.0000	0.0000	0.0000	0.0109	0.0036	0.0073	0.0000	0.0000	0.0000	0.0000	0.0000	0.0000	0.0000	0.0000	0.0000	0.0000	0.0000	0.0000	0.0000	0.0000	0.0000	0.0000	0.0000	0.0000											
103	126	0.5909	5	1	1	1	0	0	0	0	0	N	N	N	N	N	N	N	N	N	N	N	N	0.0000	0.0000	0.0000	0.0000	0.0000	0.0000	0.0000	0.0000	0.0000	0.0000	0.0000	0.0000	0.0000	0.0000	0.0000	0.0000	0.0000	0.0000	0.0000	0.0000	0.0000	0.9996	1.0091	8.0005	0.0000	0.0000	0.0000	0.0000	0.0000	0.0000	0.0000	0.0000	0.0000	0.0000	0.0000	0.0000	0.0000	0.0000	0.0000	0.0000	0.0000	0.0000	0.0000	0.0000	0.0000	0.0000	0.0000	0.0000	0.0000	0.0000	0.0000	0.0136	0.0081	0.0055	0.0067	0.0058	0.0009	0.0069	0.0023	0.0046	0.0000	0.0000	0.0000	0.0000	0.0000	0.0000	0.0000	0.0000	0.0000	0.0000	0.0000	0.0000	0.0000	0.0000	0.0000	0.0000	0.0000	0.0000											
103	127	0.4963	5	1	0	1	0	0	0	0	0	N	N	N	N	N	N	N	N	N	N	N	N	0.0000	0.0000	0.0000	0.0000	0.0000	0.0000	0.0000	0.0000	0.0000	0.0000	0.0000	0.0000	0.0000	0.0000	0.0000	0.0000	0.0000	0.0000	0.0000	0.0000	0.0000	3.6536	1.0091	12.3970	0.0000	0.0000	0.0000	0.0000	0.0000	0.0000	0.0000	0.0000	0.0000	0.0000	0.0000	0.0000	0.0000	0.0000	0.0000	0.0000	0.0000	0.0000	0.0000	0.0000	0.0000	0.0000	0.0000	0.0000	0.0000	0.0000	0.0000	0.0279	0.0160	0.0120	0.0115	0.0102	0.0013	0.0164	0.0058	0.0106	0.0000	0.0000	0.0000	0.0000	0.0000	0.0000	0.0000	0.0000	0.0000	0.0000	0.0000	0.0000	0.0000	0.0000	0.0000	0.0000	0.0000	0.0000											
103	128	0.2851	3	1	0	1	0	0	0	0	0	N	N	N	N	N	N	N	N	N	N	N	N	inf	inf	inf	inf	inf	inf	0.0104	0.0117	0.0000	0.0053	0.0059	0.0000	0.0353	0.0412	0.0000	0.0000	0.0000	0.0000	0.0000	0.0000	0.0000	0.0000	0.0000	0.0000	0.0000	-0.0000	0.0000	0.0000	5.3495	1.0091	12.4099	0.0000	0.0000	0.0000	0.0000	0.0000	0.0000	0.0000	0.0000	0.0000	0.0000	0.0000	0.0000	0.0000	0.0000	0.0000	0.0000	0.0000	0.0000	0.0000	0.0000	0.0000	0.0000	0.0000	0.0000	0.0000	0.0000	0.0000	0.0527	0.0302	0.0224	0.0216	0.0190	0.0026	0.0311	0.0112	0.0198	inf	inf	0.0000	inf	inf	0.0000	inf	inf	0.0000	0.0000	0.0000	0.0000	0.0000	0.0000	0.0000	0.0000	0.0000	0.0000				
103	129	0.7023	11	1	1	1	1	0	0	0	0	N	N	N	N	N	N	N	N	N	N	N	N	0.0000	0.0000	0.0000	0.0000	0.0000	0.0000	0.0000	0.0000	0.0000	0.0000	0.0000	0.0000	0.0000	0.0000	0.0000	0.0000	0.0000	0.0000	0.0000	0.0000	0.0000	0.0000	1.0091	0.0000	0.0000	0.0000	0.0000	0.0000	0.0000	0.0000	0.0000	0.0000	0.0000	0.0000	0.0000	0.0000	0.0000	0.0000	0.0000	0.0000	0.0000	0.0000	0.0000	0.0000	0.0000	0.0000	0.0000	0.0000	0.0000	0.0000	0.0000	0.0000	0.0000	0.0000	0.0000	0.0000	0.0000	0.0000	0.0000	0.0000	0.0000	0.0000	0.0000	0.0000	0.0000	0.0000	0.0000	0.0000	0.0000	0.0000	0.0000	0.0000	0.0000	0.0000	0.0000	0.0000	0.0000	0.0000											
103	130	0.6860	10	1	1	1	1	0	0	0	0	N	N	N	N	N	N	N	N	N	N	N	N	0.0000	0.0000	0.0000	0.0000	0.0000	0.0000	0.0000	0.0000	0.0000	0.0000	0.0000	0.0000	0.0000	0.0000	0.0000	0.0000	0.0000	0.0000	0.0000	0.0000	0.0000	0.0000	1.0091	3.0001	0.0000	0.0000	0.0000	0.0000	0.0000	0.0000	0.0000	0.0000	0.0000	0.0000	0.0000	0.0000	0.0000	0.0000	0.0000	0.0000	0.0000	0.0000	0.0000	0.0000	0.0000	0.0000	0.0000	0.0000	0.0000	0.0000	0.0000	0.0086	0.0058	0.0028	0.0032	0.0029	0.0003	0.0054	0.0029	0.0024	0.0000	0.0000	0.0000	0.0000	0.0000	0.0000	0.0000	0.0000	0.0000	0.0000	0.0000	0.0000	0.0000	0.0000	0.0000	0.0000	0.0000	0.0000											
103	131	0.6764	9	1	1	1	0	0	0	0	0	N	N	N	N	N	N	N	N	N	N	N	N	0.0000	0.0000	0.0000	0.0000	0.0000	0.0000	0.0000	0.0000	0.0000	0.0000	0.0000	0.0000	0.0000	0.0000	0.0000	0.0000	0.0000	0.0000	0.0000	0.0000	0.0000	0.0000	1.0091	0.0000	0.0000	0.0000	0.0000	0.0000	0.0000	0.0000	0.0000	0.0000	0.0000	0.0000	0.0000	0.0000	0.0000	0.0000	0.0000	0.0000	0.0000	0.0000	0.0000	0.0000	0.0000	0.0000	0.0000	0.0000	0.0000	0.0000	0.0000	0.0000	0.0000	0.0000	0.0000	0.0000	0.0000	0.0000	0.0000	0.0000	0.0000	0.0000	0.0000	0.0000	0.0000	0.0000	0.0000	0.0000	0.0000	0.0000	0.0000	0.0000	0.0000	0.0000	0.0000	0.0000	0.0000	0.0000											
103	132	0.6860	10	1	0	2	1	0	0	0	0	N	N	Y	N	N	N	N	N	N	N	N	N	0.0000	0.0000	0.0000	0.0000	0.0000	0.0000	0.0000	0.0000	0.0000	0.0000	0.0000	0.0000	0.0000	0.0000	0.0000	0.0000	0.0000	0.0000	0.0000	0.0000	0.0000	0.0000	1.0091	1.9999	0.0000	0.0000	0.0000	0.0000	0.0000	0.0000	0.0000	0.0000	0.0000	0.0000	0.0000	0.0000	0.0000	0.0000	0.0000	0.0000	0.0000	0.0000	0.0000	0.0000	0.0000	0.0000	0.0000	0.0000	0.0000	0.0000	0.0000	0.0059	0.0040	0.0019	0.0022	0.0020	0.0002	0.0037	0.0020	0.0017	0.0000	0.0000	0.0000	0.0000	0.0000	0.0000	0.0000	0.0000	0.0000	0.0000	0.0000	0.0000	0.0000	0.0000	0.0000	0.0000	0.0000	0.0000											
103	133	0.6970	11	1	0	2	1	0	0	0	0	N	N	Y	N	N	N	N	N	N	N	N	N	0.0000	0.0000	0.0000	0.0000	0.0000	0.0000	0.0000	0.0000	0.0000	0.0000	0.0000	0.0000	0.0000	0.0000	0.0000	0.0000	0.0000	0.0000	0.0000	0.0000	0.0000	1.0000	1.0091	0.0000	0.0000	0.0000	0.0000	0.0000	0.0000	0.0000	0.0000	0.0000	0.0000	0.0000	0.0000	0.0000	0.0000	0.0000	0.0000	0.0000	0.0000	0.0000	0.0000	0.0000	0.0000	0.0000	0.0000	0.0000	0.0000	0.0000	0.0000	0.0029	0.0020	0.0010	0.0010	0.0009	0.0001	0.0019	0.0010	0.0009	0.0000	0.0000	0.0000	0.0000	0.0000	0.0000	0.0000	0.0000	0.0000	0.0000	0.0000	0.0000	0.0000	0.0000	0.0000	0.0000	0.0000	0.0000											
103	134	0.6970	11	1	0	2	1	0	0	0	0	N	N	Y	N	N	N	N	N	N	N	N	N	0.0000	0.0000	0.0000	0.0000	0.0000	0.0000	0.0000	0.0000	0.0000	0.0000	0.0000	0.0000	0.0000	0.0000	0.0000	0.0000	0.0000	0.0000	0.0000	0.0000	0.0000	0.0000	1.0091	0.0000	0.0000	0.0000	0.0000	0.0000	0.0000	0.0000	0.0000	0.0000	0.0000	0.0000	0.0000	0.0000	0.0000	0.0000	0.0000	0.0000	0.0000	0.0000	0.0000	0.0000	0.0000	0.0000	0.0000	0.0000	0.0000	0.0000	0.0000	0.0000	0.0000	0.0000	0.0000	0.0000	0.0000	0.0000	0.0000	0.0000	0.0000	0.0000	0.0000	0.0000	0.0000	0.0000	0.0000	0.0000	0.0000	0.0000	0.0000	0.0000	0.0000	0.0000	0.0000	0.0000	0.0000	0.0000											
103	135	0.6860	10	1	0	2	1	0	0	0	0	N	N	Y	N	N	N	N	N	N	N	N	N	0.9648	16.8376	4.1894	24.5890	0.0000	0.0000	0.0067	0.0000	0.0513	0.0137	0.0000	0.6393	0.0000	0.0000	0.0000	0.0070	0.0000	0.0030	0.0033	0.0000	0.0260	0.0013	0.0000	0.0018	inf	inf	0.0000	0.0000	0.0000	2.0025	1.0091	0.9943	0.0000	0.0000	0.0000	0.0000	0.0000	0.0000	0.0000	0.0000	0.0000	0.0000	0.0000	0.0000	0.0000	0.0000	0.0000	0.0000	0.0000	0.0000	0.0000	0.0000	0.0000	0.0000	0.0000	0.0000	0.0000	0.0000	0.0000	0.0086	0.0058	0.0028	0.0032	0.0029	0.0003	0.0054	0.0029	0.0024	6.8072	0.0000	16.8376	10.7640	0.0000	52.2676	0.0000	0.0000	0.0000	0.0010	0.0000	0.0030	0.0013	0.0000	0.0122	0.0008	0.0000	0.0018			
103	136	0.6860	9	1	0	1	1	0	0	0	0	N	N	N	N	N	N	N	N	N	N	N	N	0.3412	0.1967	1.2782	0.3259	0.2796	0.3285	0.0000	0.0000	0.0000	0.4381	0.2858	0.9376	0.6098	0.4399	0.9984	0.0000	0.0000	0.0000	1.2838	1.4527	0.7335	1.8709	1.5737	3.0392	0.6077	0.0018	0.1917	0.9999	0.9994	0.0000	-0.0000	0.0000	0.0050	1.0091	0.0173	0.0000	0.0000	0.0000	0.0000	0.0000	0.0000	0.0000	0.0000	0.0000	0.0000	0.0000	0.0000	0.0000	0.0000	0.0000	0.0000	0.0000	0.0000	0.0000	0.0000	0.0000	0.0000	0.0000	0.0000	0.0000	0.0000	0.0000	0.0002	0.0001	0.0000	0.0001	0.0001	0.0000	0.0001	0.0000	0.0000	4.1727	3.9345	4.9524	3.6415	3.5685	1.5625	0.0000	0.0000	0.0000	0.1050	0.0726	0.1893	0.1675	0.1233	0.6390	0.0505	0.0000	0.1137
103	137	0.6764	8	1	0	1	1	0	0	0	0	N	N	N	N	N	N	N	N	N	N	N	N	39792.2647	0.0000	694525.0296	79210.5151	0.0000	33263739.3031	0.0000	0.0000	7.1786	0.0000	90.8197	8.9132	0.0000	141.3398	0.0000	0.0000	0.0000	0.0002	0.0001	0.0001	0.0001	0.0001	0.0000	0.0002	0.0000	0.0002	inf	107.3279	0.0000	0.0000	0.0000	1.9972	1.0091	1.0076	0.0000	0.0000	0.0000	0.0000	0.0000	0.0000	0.0000	0.0000	0.0000	0.0000	0.0000	0.0000	0.0000	0.0000	0.0000	0.0000	0.0000	0.0000	0.0000	0.0000	0.0000	0.0000	0.0000	0.0000	0.0000	0.0000	0.0000	0.0039	0.0025	0.0014	0.0024	0.0021	0.0003	0.0015	0.0004	0.0011	153298.8823	0.0000	694525.0296	7196852.4204	0.0000	33263739.3031	0.0000	0.0000	0.0000	0.0000	0.0000	0.0001	0.0000	0.0000	0.0000	0.0001	0.0000	0.0002	
103	138	0.6591	7	2	1	1	0	0	0	0	0	Y	N	N	N	N	N	N	N	N	N	N	N	0.0000	0.0000	0.0000	0.0000	0.0000	0.0000	0.0000	0.0000	0.0000	0.0000	0.0000	0.0000	0.0000	0.0000	0.0000	0.0000	0.0000	0.0000	0.0000	0.0000	0.0000	0.0002	1.0091	2.3255	0.0000	0.0000	0.0000	0.0000	0.0000	0.0000	0.0000	0.0000	0.0000	0.0000	0.0000	0.0000	0.0000	0.0000	0.0000	0.0000	0.0000	0.0000	0.0000	0.0000	0.0000	0.0000	0.0000	0.0000	0.0000	0.0000	0.0000	0.0045	0.0030	0.0016	0.0024	0.0022	0.0003	0.0021	0.0008	0.0013	0.0000	0.0000	0.0000	0.0000	0.0000	0.0000	0.0000	0.0000	0.0000	0.0000	0.0000	0.0000	0.0000	0.0000	0.0000	0.0000	0.0000	0.0000											
103	139	0.6412	6	2	1	1	0	0	0	0	0	Y	N	N	N	N	N	N	N	N	N	N	N	inf	inf	inf	inf	0.0231	0.0258	0.0000	0.0264	0.0295	0.0000	0.0000	0.0000	0.0000	0.0000	0.0000	0.0000	0.0000	0.0000	0.0000	0.0000	0.0000	0.0000	0.0000	-0.0000	0.0000	0.0000	2.0138	1.0091	2.7349	0.0000	0.0000	0.0000	0.0000	0.0000	0.0000	0.0000	0.0000	0.0000	0.0000	0.0000	0.0000	0.0000	0.0000	0.0000	0.0000	0.0000	0.0000	0.0000	0.0000	0.0000	0.0000	0.0000	0.0000	0.0000	0.0000	0.0000	0.0092	0.0056	0.0036	0.0048	0.0043	0.0005	0.0044	0.0013	0.0031	inf	inf	0.0000	inf	inf	0.0000	0.0000	0.0000	0.0000	0.0000	0.0000	0.0000	0.0000	0.0000	0.0000	0.0000	0.0000	0.0000						
103	140	0.6578	7	1	1	1	0	0	0	0	0	N	N	N	N	N	N	N	N	N	N	N	N	inf	inf	inf	inf	inf	inf	0.3713	0.3811	0.0000	0.3812	0.3902	0.0000	0.0560	0.0630	0.0000	0.0000	0.0000	0.0000	0.0000	0.0000	0.0000	0.0000	0.0000	0.0000	0.0000	-0.0000	0.0000	0.0000	1.9232	1.0091	1.1116	0.0000	0.0000	0.0000	0.0000	0.0000	0.0000	0.0000	0.0000	0.0000	0.0000	0.0000	0.0000	0.0000	0.0000	0.0000	0.0000	0.0000	0.0000	0.0000	0.0000	0.0000	0.0000	0.0000	0.0000	0.0000	0.0000	0.0000	0.0041	0.0027	0.0015	0.0025	0.0022	0.0003	0.0016	0.0005	0.0011	inf	inf	0.0000	inf	inf	0.0000	inf	inf	0.0000	0.0000	0.0000	0.0000	0.0000	0.0000	0.0000	0.0000	0.0000	0.0000				
103	141	0.0539	3	1	1	1	0	0	0	0	0	N	N	N	N	N	N	N	N	N	N	N	N	0.0000	0.0000	0.0000	0.0000	0.0000	0.0000	0.0000	0.0000	0.0000	0.0000	0.0000	0.0000	0.0000	0.0000	0.0000	0.0000	0.0000	0.0000	0.0000	0.0000	0.0000	3.0000	1.0091	1.0000	0.0000	0.0000	0.0000	0.0000	0.0000	0.0000	0.0000	0.0000	0.0000	0.0000	0.0000	0.0000	0.0000	0.0000	0.0000	0.0000	0.0000	0.0000	0.0000	0.0000	0.0000	0.0000	0.0000	0.0000	0.0000	0.0000	0.0000	0.0109	0.0039	0.0070	0.0000	0.0000	0.0000	0.0109	0.0039	0.0070	0.0000	0.0000	0.0000	0.0000	0.0000	0.0000	0.0000	0.0000	0.0000	0.0000	0.0000	0.0000	0.0000	0.0000	0.0000	0.0000	0.0000	0.0000											
103	142	0.0347	2	1	0	1	0	0	0	0	0	N	N	N	N	N	N	N	N	N	N	N	N	0.0000	0.0000	0.0000	0.0000	0.0000	0.0000	0.0000	0.0000	0.0000	0.0000	0.0000	0.0000	0.0000	0.0000	0.0000	0.0000	0.0000	0.0000	0.0000	0.0000	0.0000	1.0000	1.0091	1.0000	0.0000	0.0000	0.0000	0.0000	0.0000	0.0000	0.0000	0.0000	0.0000	0.0000	0.0000	0.0000	0.0000	0.0000	0.0000	0.0000	0.0000	0.0000	0.0000	0.0000	0.0000	0.0000	0.0000	0.0000	0.0000	0.0000	0.0000	0.0064	0.0021	0.0043	0.0000	0.0000	0.0000	0.0064	0.0021	0.0043	0.0000	0.0000	0.0000	0.0000	0.0000	0.0000	0.0000	0.0000	0.0000	0.0000	0.0000	0.0000	0.0000	0.0000	0.0000	0.0000	0.0000	0.0000											
103	145	0.6764	9	2	1	1	0	0	0	0	0	Y	N	N	N	N	N	N	N	N	N	N	N	0.0000	0.0000	0.0000	0.0000	0.0000	0.0000	0.0000	0.0000	0.0000	0.0000	0.0000	0.0000	0.0000	0.0000	0.0000	0.0000	0.0000	0.0000	0.0000	0.0000	0.0000	1.0000	1.0091	1.0000	0.0000	0.0000	0.0000	0.0000	0.0000	0.0000	0.0000	0.0000	0.0000	0.0000	0.0000	0.0000	0.0000	0.0000	0.0000	0.0000	0.0000	0.0000	0.0000	0.0000	0.0000	0.0000	0.0000	0.0000	0.0000	0.0000	0.0000	0.0026	0.0017	0.0009	0.0016	0.0014	0.0002	0.0010	0.0003	0.0007	0.0000	0.0000	0.0000	0.0000	0.0000	0.0000	0.0000	0.0000	0.0000	0.0000	0.0000	0.0000	0.0000	0.0000	0.0000	0.0000	0.0000	0.0000											
103	146	0.6764	8	1	1	1	0	0	0	0	0	N	N	N	N	N	N	N	N	N	N	N	N	inf	inf	inf	inf	0.2330	0.3007	0.0000	0.3098	0.4410	0.0000	0.0000	0.0000	0.0000	0.0000	0.0000	0.0000	0.0000	0.0000	0.0000	0.0000	0.0000	0.0000	0.0000	-0.0000	0.0000	0.0000	0.0003	1.0091	0.0000	0.0000	0.0000	0.0000	0.0000	0.0000	0.0000	0.0000	0.0000	0.0000	0.0000	0.0000	0.0000	0.0000	0.0000	0.0000	0.0000	0.0000	0.0000	0.0000	0.0000	0.0000	0.0000	0.0000	0.0000	0.0000	0.0000	0.0000	0.0000	0.0000	0.0000	0.0000	0.0000	0.0000	0.0000	0.0000	0.0000	inf	inf	0.0000	inf	inf	0.0000	0.0000	0.0000	0.0000	0.0000	0.0000	0.0000	0.0000	0.0000	0.0000	0.0000	0.0000	0.0000						
103	147	0.6578	7	1	0	1	0	0	0	0	0	N	N	N	N	N	N	N	N	N	N	N	N	10545.5261	inf	714.6761	inf	inf	inf	7704.9276	inf	0.0000	0.5934	0.6186	0.0031	0.6232	0.6465	0.0037	0.0300	0.0345	0.0000	0.0001	0.0000	0.0000	0.0000	0.0000	0.0000	0.0000	0.0000	0.0000	0.0002	inf	-0.0000	0.0000	0.0000	4.9449	1.0091	1.0063	0.0000	0.0000	0.0000	0.0000	0.0000	0.0000	0.0000	0.0000	0.0000	0.0000	0.0000	0.0000	0.0000	0.0000	0.0000	0.0000	0.0000	0.0000	0.0000	0.0000	0.0000	0.0000	0.0000	0.0000	0.0000	0.0000	0.0000	0.0078	0.0050	0.0028	0.0048	0.0041	0.0006	0.0030	0.0009	0.0021	380457.7420	inf	714.6761	inf	inf	inf	7704.9276	inf	0.0000	0.0000	0.0000	0.0000	0.0000	0.0000	0.0000	0.0000	0.0000	0.0000
103	148	0.6412	6	1	0	1	0	0	0	0	0	N	N	N	N	N	N	N	N	N	N	N	N	inf	inf	inf	inf	inf	inf	1.6669	1.8440	0.1909	1.9459	2.1356	0.2390	0.0000	0.0000	0.0000	0.0000	0.0000	0.0000	0.0000	0.0000	0.0000	0.0000	0.0000	0.0000	0.0124	-0.0000	-0.0000	0.0000	3.4778	1.0091	1.2917	0.0000	0.0000	0.0000	0.0000	0.0000	0.0000	0.0000	0.0000	0.0000	0.0000	0.0000	0.0000	0.0000	0.0000	0.0000	0.0000	0.0000	0.0000	0.0000	0.0000	0.0000	0.0000	0.0000	0.0000	0.0000	0.0000	0.0000	0.0092	0.0056	0.0036	0.0048	0.0043	0.0005	0.0045	0.0013	0.0031	inf	inf	inf	inf	inf	inf	0.0000	0.0000	0.0000	0.0000	0.0000	0.0000	0.0000	0.0000	0.0000	0.0000	0.0000	0.0000				
103	149	0.5909	5	1	0	1	0	0	0	0	0	N	N	N	N	N	N	N	N	N	N	N	N	inf	inf	inf	inf	0.0074	0.0081	0.0000	0.0086	0.0095	0.0000	0.0000	0.0000	0.0000	0.0000	0.0000	0.0000	0.0000	0.0000	0.0000	0.0000	0.0000	0.0000	0.0117	-0.0000	0.0000	0.0000	7.8050	1.0091	4.0035	0.0000	0.0000	0.0000	0.0000	0.0000	0.0000	0.0000	0.0000	0.0000	0.0000	0.0000	0.0000	0.0000	0.0000	0.0000	0.0000	0.0000	0.0000	0.0000	0.0000	0.0000	0.0000	0.0000	0.0000	0.0000	0.0000	0.0000	0.0174	0.0104	0.0070	0.0087	0.0074	0.0012	0.0087	0.0029	0.0058	inf	inf	0.0000	inf	inf	0.0000	0.0000	0.0000	0.0000	0.0000	0.0000	0.0000	0.0000	0.0000	0.0000	0.0000	0.0000	0.0000						
103	150	0.4963	5	1	0	1	0	0	0	0	0	N	N	N	N	N	N	N	N	N	N	N	N	0.0000	0.0000	0.0000	0.0000	0.0000	0.0000	0.0000	0.0000	0.0000	0.0000	0.0000	0.0000	0.0000	0.0000	0.0000	0.0000	0.0000	0.0000	0.0000	0.0000	0.0000	3.7255	1.0091	14.1767	0.0000	0.0000	0.0000	0.0000	0.0000	0.0000	0.0000	0.0000	0.0000	0.0000	0.0000	0.0000	0.0000	0.0000	0.0000	0.0000	0.0000	0.0000	0.0000	0.0000	0.0000	0.0000	0.0000	0.0000	0.0000	0.0000	0.0000	0.0300	0.0171	0.0129	0.0123	0.0109	0.0015	0.0177	0.0062	0.0115	0.0000	0.0000	0.0000	0.0000	0.0000	0.0000	0.0000	0.0000	0.0000	0.0000	0.0000	0.0000	0.0000	0.0000	0.0000	0.0000	0.0000	0.0000											
103	151	0.4799	4	1	0	1	0	0	0	0	0	N	N	N	N	N	N	N	N	N	N	N	N	0.0000	0.0000	0.0000	0.0000	0.0000	0.0000	0.0000	0.0000	0.0000	0.0000	0.0000	0.0000	0.0000	0.0000	0.0000	0.0000	0.0000	0.0000	0.0000	0.0000	0.0000	1.4205	1.0091	4.0377	0.0000	0.0000	0.0000	0.0000	0.0000	0.0000	0.0000	0.0000	0.0000	0.0000	0.0000	0.0000	0.0000	0.0000	0.0000	0.0000	0.0000	0.0000	0.0000	0.0000	0.0000	0.0000	0.0000	0.0000	0.0000	0.0000	0.0000	0.0163	0.0097	0.0066	0.0072	0.0067	0.0006	0.0091	0.0031	0.0060	0.0000	0.0000	0.0000	0.0000	0.0000	0.0000	0.0000	0.0000	0.0000	0.0000	0.0000	0.0000	0.0000	0.0000	0.0000	0.0000	0.0000	0.0000											
104	105	0.1797	5	1	1	1	0	0	0	0	0	N	N	N	N	N	N	N	N	N	N	N	N	0.0000	0.0000	0.0000	0.0000	0.0000	0.0000	0.0000	0.0000	0.0000	0.0000	0.0000	0.0000	0.0000	0.0000	0.0000	0.0000	0.0000	0.0000	0.0000	0.0000	7.9994	1.0000	4.0001	1.0005	0.0000	0.0000	0.0000	0.0000	0.0000	0.0000	0.0000	0.0000	0.0000	0.0000	0.0000	0.0000	0.0000	0.0000	0.0000	0.0000	0.0000	0.0000	0.2398	0.2178	0.0220	0.1223	0.1159	0.0064	0.1175	0.1019	0.0156	0.0390	0.0171	0.0219	0.0010	0.0010	0.0001	0.0379	0.0161	0.0219	0.0000	0.0000	0.0000	0.0000	0.0000	0.0000	0.0000	0.0000	0.0000	0.0000	0.0000	0.0000	0.0000	0.0000	0.0000	0.0000	0.0000	0.0000											
104	106	0.1762	4	1	1	1	0	0	0	0	0	N	N	N	N	N	N	N	N	N	N	N	N	inf	inf	inf	inf	inf	inf	0.1919	0.2105	0.0000	0.3376	0.3543	0.0000	0.0118	0.0138	0.0000	0.0000	0.0000	0.0000	0.0000	0.0000	0.0000	0.0000	0.0000	0.0000	0.0000	-0.0101	0.0000	7.9994	0.7249	4.0001	0.0368	0.0388	0.0388	0.0000	0.0377	0.0377	0.0000	0.0011	0.0011	0.0000	0.0000	0.0000	0.0000	0.0000	0.0000	0.0000	0.0000	0.0000	0.0000	0.2021	0.1842	0.0178	0.1117	0.1064	0.0053	0.0904	0.0778	0.0126	0.0152	0.0067	0.0085	0.0005	0.0005	0.0000	0.0147	0.0062	0.0085	inf	inf	0.0000	inf	inf	0.0000	inf	inf	0.0000	0.0000	0.0000	0.0000	0.0000	0.0000	0.0000	0.0000	0.0000	0.0000				
104	107	0.1747	3	1	1	1	0	0	0	0	0	N	N	N	N	N	N	N	N	N	N	N	N	inf	inf	inf	inf	inf	inf	inf	inf	inf	0.7117	0.7737	0.0010	1.1499	1.2051	0.0028	0.0307	0.0354	0.0000	0.0000	0.0000	0.0000	0.0000	0.0000	0.0000	0.0000	0.0000	0.0000	0.0001	-0.0237	0.0000	7.9994	0.4159	4.0001	0.0887	0.0912	0.0912	0.0000	0.0897	0.0897	0.0000	0.0015	0.0015	0.0000	0.0000	0.0000	0.0000	0.0000	0.0000	0.0000	0.0000	0.0000	0.0000	0.1282	0.1179	0.0103	0.0780	0.0744	0.0036	0.0502	0.0435	0.0067	0.0110	0.0051	0.0060	0.0008	0.0008	0.0000	0.0102	0.0043	0.0060	inf	inf	inf	inf	inf	inf	inf	inf	inf	0.0000	0.0000	0.0000	0.0000	0.0000	0.0000	0.0000	0.0000	0.0000	
104	108	0.1585	2	1	1	0	0	0	0	0	0	N	N	N	N	N	N	N	N	N	N	N	N	inf	inf	inf	inf	inf	inf	inf	inf	2.2177	2.4676	0.0002	2.3530	2.5129	0.0000	2.0998	2.4250	0.0003	0.0000	0.0000	0.0000	0.0000	0.0000	0.0000	0.0000	0.0000	0.0000	0.0000	-0.5137	0.0000	7.9994	3.9943	4.0001	0.9974	1.9744	1.9744	0.0000	0.9750	0.9750	0.0000	0.9994	0.9994	0.0000	0.0000	0.0000	0.0000	0.0000	0.0000	0.0000	0.0000	0.0000	0.0000	0.8903	0.8001	0.0902	0.4143	0.3880	0.0264	0.4760	0.4121	0.0638	0.1002	0.0419	0.0583	0.0008	0.0008	0.0000	0.0994	0.0411	0.0583	inf	inf	inf	inf	inf	0.0000	inf	inf	inf	0.0000	0.0000	0.0000	0.0000	0.0000	0.0000	0.0000	0.0000	0.0000		
104	109	0.7020	5	1	1	1	0	0	0	0	0	N	N	N	N	N	N	N	N	N	N	N	N	0.0000	0.0000	0.0000	0.0000	0.0000	0.0000	0.0000	0.0000	0.0000	0.0000	0.0000	0.0000	0.0000	0.0000	0.0000	0.0000	0.0000	0.0000	0.0000	0.0000	7.9994	0.0000	4.0001	0.9909	0.0000	0.0000	0.0000	0.0000	0.0000	0.0000	0.0000	0.0000	0.0000	0.0000	0.0000	0.0000	0.0000	0.0000	0.0000	0.0000	0.0000	0.0000	0.0000	0.0000	0.0000	0.0000	0.0000	0.0000	0.0000	0.0000	0.0000	0.0173	0.0103	0.0070	0.0086	0.0074	0.0012	0.0087	0.0029	0.0058	0.0000	0.0000	0.0000	0.0000	0.0000	0.0000	0.0000	0.0000	0.0000	0.0000	0.0000	0.0000	0.0000	0.0000	0.0000	0.0000	0.0000	0.0000											
104	110	0.6733	4	1	1	1	0	0	0	0	0	N	N	N	N	N	N	N	N	N	N	N	N	inf	inf	inf	inf	1.5819	1.7521	0.0000	0.0000	0.0000	0.0000	3.9443	4.5861	0.0000	0.0000	0.0000	0.0000	0.0000	0.0000	0.0000	0.0000	0.0000	0.0000	0.0000	-0.2602	0.0000	7.9994	4.0000	4.0001	0.0000	1.0000	1.0000	0.0000	0.0000	0.0000	0.0000	1.0000	1.0000	0.0000	0.0000	0.0000	0.0000	0.0000	0.0000	0.0000	0.0000	0.0000	0.0000	0.6322	0.5708	0.0614	0.3786	0.3527	0.0259	0.2535	0.2180	0.0355	0.0422	0.0210	0.0212	0.0139	0.0118	0.0021	0.0283	0.0092	0.0191	inf	inf	0.0000	0.0000	0.0000	0.0000	inf	inf	0.0000	0.0000	0.0000	0.0000	0.0000	0.0000	0.0000	0.0000	0.0000	0.0000						
104	112	0.1630	2	0	1	1	0	0	0	0	0	N	N	N	N	N	N	N	N	N	N	N	N	0.0000	0.0000	0.0000	0.0000	0.0000	0.0000	0.0000	0.0000	0.0000	0.0000	0.0000	0.0000	0.0000	0.0000	0.0000	0.0000	0.0000	0.0000	0.0000	0.0000	7.9994	0.0000	4.0001	0.0001	0.0000	0.0000	0.0000	0.0000	0.0000	0.0000	0.0000	0.0000	0.0000	0.0000	0.0000	0.0000	0.0000	0.0000	0.0000	0.0000	0.0000	0.0000	0.0000	0.0000	0.0000	0.0000	0.0000	0.0000	0.0000	0.0000	0.0000	0.0000	0.0000	0.0000	0.0000	0.0000	0.0000	0.0000	0.0000	0.0000	0.0000	0.0000	0.0000	0.0000	0.0000	0.0000	0.0000	0.0000	0.0000	0.0000	0.0000	0.0000	0.0000	0.0000	0.0000	0.0000	0.0000	0.0000											
104	114	0.7060	5	0	2	0	0	0	0	0	0	N	Y	N	N	N	N	N	N	N	N	N	N	inf	inf	inf	inf	inf	inf	inf	inf	inf	1.7952	1.0397	8.8507	3.1221	1.7539	24.7428	0.0411	0.0000	0.2812	0.0000	0.0000	0.0000	0.0000	0.0000	0.0000	0.0000	0.0000	0.0000	0.9115	0.4129	0.0000	7.9994	4.3361	4.0001	4.6323	1.9058	0.9970	0.9088	1.8871	0.9970	0.8901	0.0188	0.0000	0.0188	0.0000	0.0000	0.0000	0.0000	0.0000	0.0000	0.0000	0.0000	0.0000	1.0616	0.9589	0.1027	0.6044	0.5684	0.0360	0.4572	0.3905	0.0667	0.1332	0.0814	0.0518	0.0689	0.0596	0.0093	0.0643	0.0218	0.0425	inf	inf	inf	inf	inf	inf	inf	inf	inf	0.0000	0.0000	0.0000	0.0000	0.0000	0.0000	0.0000	0.0000	0.0000	
104	115	0.6733	4	0	1	0	0	0	0	0	0	N	N	N	N	N	N	N	N	N	N	N	N	inf	inf	inf	inf	inf	inf	inf	inf	inf	2.9660	2.9808	2.8286	0.0162	0.0167	0.0093	7.5535	7.9766	4.9764	0.0000	0.0000	0.0000	0.0000	0.0000	0.0000	0.0000	0.0000	0.0000	0.1022	-0.1649	0.0000	7.9994	1.9840	4.0001	0.2610	0.9845	0.8932	0.0913	0.0033	0.0031	0.0001	0.9812	0.8901	0.0912	0.0000	0.0000	0.0000	0.0000	0.0000	0.0000	0.0000	0.0000	0.0000	0.3319	0.2997	0.0323	0.2020	0.1881	0.0140	0.1299	0.1116	0.0183	0.0242	0.0120	0.0122	0.0079	0.0067	0.0012	0.0163	0.0053	0.0110	inf	inf	inf	inf	inf	inf	inf	inf	inf	0.0000	0.0000	0.0000	0.0000	0.0000	0.0000	0.0000	0.0000	0.0000	
104	117	0.6733	4	0	2	0	1	0	0	0	0	N	Y	N	N	N	N	N	N	N	N	N	N	0.0000	0.0000	0.0000	0.0000	0.0000	0.0000	0.0000	0.0000	0.0000	0.0000	0.0000	0.0000	0.0000	0.0000	0.0000	0.0000	0.0000	0.0000	0.0000	0.0000	7.9994	0.0000	4.0001	1.0000	0.0000	0.0000	0.0000	0.0000	0.0000	0.0000	0.0000	0.0000	0.0000	0.0000	0.0000	0.0000	0.0000	0.0000	0.0000	0.0000	0.0000	0.0000	0.0000	0.0000	0.0000	0.0000	0.0000	0.0000	0.0000	0.0000	0.0000	0.0152	0.0075	0.0077	0.0050	0.0042	0.0008	0.0102	0.0033	0.0069	0.0000	0.0000	0.0000	0.0000	0.0000	0.0000	0.0000	0.0000	0.0000	0.0000	0.0000	0.0000	0.0000	0.0000	0.0000	0.0000	0.0000	0.0000											
104	119	0.6733	4	0	2	0	0	0	0	0	0	N	Y	N	N	N	N	N	N	N	N	N	N	inf	inf	inf	inf	inf	inf	2.6003	0.0000	26.7892	2.1872	0.0000	32.0805	3.2057	0.0000	22.9966	0.0000	0.0000	0.0000	0.0000	0.0000	0.0000	0.0000	0.0000	0.0000	inf	1.4796	0.0000	7.9994	5.0000	4.0001	6.0000	1.9999	0.0000	1.9999	0.9999	0.0000	0.9999	1.0000	0.0000	1.0000	0.0000	0.0000	0.0000	0.0000	0.0000	0.0000	0.0000	0.0000	0.0000	0.7691	0.6945	0.0747	0.4572	0.4260	0.0312	0.3119	0.2685	0.0435	0.1069	0.0536	0.0533	0.0360	0.0305	0.0055	0.0709	0.0231	0.0478	inf	0.0000	inf	inf	0.0000	inf	inf	0.0000	inf	0.0000	0.0000	0.0000	0.0000	0.0000	0.0000	0.0000	0.0000	0.0000				
104	120	0.7014	5	0	2	0	0	0	0	0	0	N	Y	N	N	N	N	N	N	N	N	N	N	inf	inf	inf	inf	inf	inf	5.7715	6.3967	0.0000	0.0019	0.0020	0.0000	14.0727	16.3197	0.0000	0.0000	0.0000	0.0000	0.0000	0.0000	0.0000	0.0000	0.0000	0.0000	0.0000	-0.2567	0.0000	7.9994	0.9998	4.0001	0.9486	0.9867	0.9867	0.0000	0.0002	0.0002	0.0000	0.9865	0.9865	0.0000	0.0000	0.0000	0.0000	0.0000	0.0000	0.0000	0.0000	0.0000	0.0000	0.1710	0.1543	0.0167	0.1009	0.0938	0.0071	0.0701	0.0605	0.0097	0.0350	0.0187	0.0162	0.0155	0.0135	0.0020	0.0195	0.0052	0.0142	inf	inf	0.0000	inf	inf	0.0000	inf	inf	0.0000	0.0000	0.0000	0.0000	0.0000	0.0000	0.0000	0.0000	0.0000	0.0000				
104	121	0.6733	4	0	2	0	0	0	0	0	0	N	Y	N	N	N	N	N	N	N	N	N	N	inf	inf	inf	inf	inf	inf	inf	inf	inf	0.0161	0.0178	0.0004	0.0000	0.0000	0.0003	0.0394	0.0457	0.0004	0.0000	0.0000	0.0000	0.0000	0.0000	0.0000	0.0000	0.0000	0.0000	0.0022	-0.0035	0.0000	7.9994	3.0005	4.0001	1.1085	0.0135	0.0135	0.0000	0.0000	0.0000	0.0000	0.0135	0.0135	0.0000	0.0000	0.0000	0.0000	0.0000	0.0000	0.0000	0.0000	0.0000	0.0000	0.8392	0.7578	0.0814	0.4969	0.4630	0.0338	0.3423	0.2947	0.0476	0.0766	0.0383	0.0383	0.0255	0.0217	0.0039	0.0511	0.0166	0.0345	inf	inf	inf	inf	inf	inf	inf	inf	inf	0.0000	0.0000	0.0000	0.0000	0.0000	0.0000	0.0000	0.0000	0.0000	
104	122	0.1585	2	0	2	0	0	0	0	0	0	N	Y	N	N	N	N	N	N	N	N	N	N	inf	inf	inf	inf	inf	inf	2.1131	2.3484	0.0000	0.0010	0.0010	0.0000	4.0765	4.7110	0.0000	0.0000	0.0000	0.0000	0.0000	0.0000	0.0000	0.0000	0.0000	0.0000	0.0000	-0.2602	0.0000	7.9994	2.0001	4.0001	3.0000	1.0000	1.0000	0.0000	0.0002	0.0002	0.0000	0.9998	0.9998	0.0000	0.0000	0.0000	0.0000	0.0000	0.0000	0.0000	0.0000	0.0000	0.0000	0.4732	0.4258	0.0474	0.2280	0.2136	0.0144	0.2453	0.2122	0.0330	0.1004	0.0420	0.0584	0.0008	0.0008	0.0000	0.0995	0.0411	0.0584	inf	inf	0.0000	inf	inf	0.0000	inf	inf	0.0000	0.0000	0.0000	0.0000	0.0000	0.0000	0.0000	0.0000	0.0000	0.0000				
104	124	0.7068	5	0	2	0	0	0	0	0	0	N	Y	N	N	N	N	N	N	N	N	N	N	1194.7093	335.6565	inf	582.2947	737.2616	inf	inf	inf	inf	1.5556	0.8116	8.9377	1.1510	1.2309	0.0020	2.2764	0.0002	16.3833	0.0013	0.0024	0.0000	0.0020	0.0017	0.0000	0.0000	0.0000	0.0000	1.1098	0.0000	0.4994	-0.0000	7.9994	3.9006	4.0001	3.1543	1.8784	0.8903	0.9881	0.8903	0.8902	0.0001	0.9881	0.0001	0.9880	0.0001	0.0001	0.0000	0.0001	0.0001	0.0000	0.0000	0.0000	0.0000	1.2076	1.0970	0.1106	0.7735	0.7233	0.0502	0.4341	0.3738	0.0603	0.1487	0.0904	0.0583	0.0729	0.0658	0.0071	0.0758	0.0246	0.0512	3856.0421	1222.6542	inf	1399.3588	1350.5888	inf	inf	inf	inf	0.0004	0.0007	0.0000	0.0008	0.0009	0.0000	0.0000	0.0000	0.0000
104	125	0.6733	4	0	2	0	0	0	0	0	0	N	Y	N	N	N	N	N	N	N	N	N	N	223.7276	inf	6393.2088	inf	inf	inf	14.2948	inf	215.4376	1.3165	0.2454	11.2671	2.1435	0.3940	25.8497	0.0599	0.0008	0.4221	0.0059	0.0000	0.0018	0.0000	0.0000	0.0000	0.0042	0.0000	0.0020	4.9420	inf	0.3803	0.0000	7.9994	1.6924	4.0001	1.9110	0.6654	0.1120	0.5534	0.6534	0.1119	0.5415	0.0120	0.0001	0.0119	0.0001	0.0000	0.0001	0.0000	0.0000	0.0000	0.0001	0.0000	0.0001	0.5054	0.4563	0.0491	0.3048	0.2839	0.0209	0.2006	0.1724	0.0282	0.0680	0.0339	0.0340	0.0226	0.0191	0.0034	0.0454	0.0148	0.0306	1491.0390	inf	6393.2088	inf	inf	inf	45.3291	inf	215.4376	0.0009	0.0000	0.0018	0.0000	0.0000	0.0000	0.0013	0.0000	0.0020
104	127	0.2446	3	0	1	0	0	0	0	0	0	N	N	N	N	N	N	N	N	N	N	N	N	0.9537	0.5368	0.8886	1.1312	0.0004	0.0004	0.0000	0.0021	0.0022	0.0000	0.0000	0.0000	0.0000	0.0004	0.0008	0.0000	0.0024	0.0019	0.0000	0.0000	0.0000	0.0000	0.0000	0.0000	-0.0001	-0.0000	7.9994	3.6536	4.0001	12.3970	0.0004	0.0004	0.0000	0.0004	0.0004	0.0000	0.0000	0.0000	0.0000	0.0001	0.0001	0.0000	0.0001	0.0001	0.0000	0.0000	0.0000	0.0000	1.1252	0.9982	0.1270	0.1925	0.1859	0.0066	0.9326	0.8122	0.1204	0.5130	0.2989	0.2141	0.0929	0.0860	0.0069	0.4201	0.2129	0.2072	2.0769	1.3641	0.0000	2.1971	2.1063	0.0000	0.0000	0.0000	0.0000	0.0002	0.0003	0.0000	0.0010	0.0010	0.0000	0.0000	0.0000	0.0000					
104	128	0.4230	3	0	1	0	0	0	0	0	0	N	N	N	N	N	N	N	N	N	N	N	N	0.4915	0.3570	inf	0.6687	0.7235	inf	inf	inf	inf	0.3811	0.4021	0.2009	0.5552	0.5907	0.0259	0.2768	0.2806	0.2516	0.7753	1.1264	0.0000	0.8303	0.8165	0.0000	0.0000	0.0000	0.0000	0.0584	0.0000	-0.1346	-0.0086	7.9994	5.3495	4.0001	12.4099	0.6567	0.6205	0.0362	0.3583	0.3572	0.0010	0.2985	0.2633	0.0352	0.0165	0.0165	0.0000	0.0165	0.0165	0.0000	0.0000	0.0000	0.0000	1.7234	1.5431	0.1803	0.6453	0.6048	0.0405	1.0781	0.9383	0.1398	0.6900	0.4413	0.2487	0.3242	0.2766	0.0475	0.3658	0.1646	0.2012	15.9256	10.7472	inf	10.9013	9.8970	inf	inf	inf	inf	0.0239	0.0374	0.0000	0.0509	0.0597	0.0000	0.0000	0.0000	0.0000
104	129	0.2287	7	0	2	0	1	0	0	0	0	N	Y	N	N	N	N	N	N	N	N	N	N	0.0000	0.0000	0.0000	0.0000	0.0000	0.0000	0.0000	0.0000	0.0000	0.0000	0.0000	0.0000	0.0000	0.0000	0.0000	0.0000	0.0000	0.0000	0.0000	0.0000	7.9994	0.0000	4.0001	0.0000	0.0000	0.0000	0.0000	0.0000	0.0000	0.0000	0.0000	0.0000	0.0000	0.0000	0.0000	0.0000	0.0000	0.0000	0.0000	0.0000	0.0000	0.0000	0.0000	0.0000	0.0000	0.0000	0.0000	0.0000	0.0000	0.0000	0.0000	0.0000	0.0000	0.0000	0.0000	0.0000	0.0000	0.0000	0.0000	0.0000	0.0000	0.0000	0.0000	0.0000	0.0000	0.0000	0.0000	0.0000	0.0000	0.0000	0.0000	0.0000	0.0000	0.0000	0.0000	0.0000	0.0000	0.0000											
104	130	0.2124	6	0	2	0	1	0	0	0	0	N	Y	N	N	N	N	N	N	N	N	N	N	0.0000	0.0000	0.0000	0.0000	0.0000	0.0000	0.0000	0.0000	0.0000	0.0000	0.0000	0.0000	0.0000	0.0000	0.0000	0.0000	0.0000	0.0000	0.0000	0.0000	7.9994	0.0000	4.0001	3.0001	0.0000	0.0000	0.0000	0.0000	0.0000	0.0000	0.0000	0.0000	0.0000	0.0000	0.0000	0.0000	0.0000	0.0000	0.0000	0.0000	0.0000	0.0000	0.0000	0.0000	0.0000	0.0000	0.0000	0.0000	0.0000	0.0000	0.0000	0.0509	0.0201	0.0308	0.0012	0.0011	0.0000	0.0497	0.0189	0.0308	0.0000	0.0000	0.0000	0.0000	0.0000	0.0000	0.0000	0.0000	0.0000	0.0000	0.0000	0.0000	0.0000	0.0000	0.0000	0.0000	0.0000	0.0000											
104	131	0.2027	5	0	2	0	0	0	0	0	0	N	Y	N	N	N	N	N	N	N	N	N	N	0.0000	0.0000	0.0000	0.0000	0.0000	0.0000	0.0000	0.0000	0.0000	0.0000	0.0000	0.0000	0.0000	0.0000	0.0000	0.0000	0.0000	0.0000	0.0000	0.0000	7.9994	0.0000	4.0001	0.0000	0.0000	0.0000	0.0000	0.0000	0.0000	0.0000	0.0000	0.0000	0.0000	0.0000	0.0000	0.0000	0.0000	0.0000	0.0000	0.0000	0.0000	0.0000	0.0000	0.0000	0.0000	0.0000	0.0000	0.0000	0.0000	0.0000	0.0000	0.0000	0.0000	0.0000	0.0000	0.0000	0.0000	0.0000	0.0000	0.0000	0.0000	0.0000	0.0000	0.0000	0.0000	0.0000	0.0000	0.0000	0.0000	0.0000	0.0000	0.0000	0.0000	0.0000	0.0000	0.0000	0.0000	0.0000											
104	132	0.2124	6	0	1	1	1	0	0	0	0	N	N	N	N	N	N	N	N	N	N	N	N	0.0000	0.0000	0.0000	0.0000	0.0000	0.0000	0.0000	0.0000	0.0000	0.0000	0.0000	0.0000	0.0000	0.0000	0.0000	0.0000	0.0000	0.0000	0.0000	0.0000	7.9994	0.0000	4.0001	1.9999	0.0000	0.0000	0.0000	0.0000	0.0000	0.0000	0.0000	0.0000	0.0000	0.0000	0.0000	0.0000	0.0000	0.0000	0.0000	0.0000	0.0000	0.0000	0.0000	0.0000	0.0000	0.0000	0.0000	0.0000	0.0000	0.0000	0.0000	0.0343	0.0135	0.0208	0.0008	0.0008	0.0000	0.0335	0.0127	0.0207	0.0000	0.0000	0.0000	0.0000	0.0000	0.0000	0.0000	0.0000	0.0000	0.0000	0.0000	0.0000	0.0000	0.0000	0.0000	0.0000	0.0000	0.0000											
104	133	0.2234	7	0	1	1	1	0	0	0	0	N	N	N	N	N	N	N	N	N	N	N	N	0.0000	0.0000	0.0000	0.0000	0.0000	0.0000	0.0000	0.0000	0.0000	0.0000	0.0000	0.0000	0.0000	0.0000	0.0000	0.0000	0.0000	0.0000	0.0000	0.0000	7.9994	1.0000	4.0001	0.0000	0.0000	0.0000	0.0000	0.0000	0.0000	0.0000	0.0000	0.0000	0.0000	0.0000	0.0000	0.0000	0.0000	0.0000	0.0000	0.0000	0.0000	0.0000	0.2311	0.2063	0.0248	0.1226	0.1129	0.0097	0.1085	0.0934	0.0151	0.0164	0.0063	0.0101	0.0004	0.0004	0.0000	0.0160	0.0059	0.0100	0.0000	0.0000	0.0000	0.0000	0.0000	0.0000	0.0000	0.0000	0.0000	0.0000	0.0000	0.0000	0.0000	0.0000	0.0000	0.0000	0.0000	0.0000											
104	134	0.2234	7	0	1	1	1	0	0	0	0	N	N	N	N	N	N	N	N	N	N	N	N	0.0000	0.0000	0.0000	0.0000	0.0000	0.0000	0.0000	0.0000	0.0000	0.0000	0.0000	0.0000	0.0000	0.0000	0.0000	0.0000	0.0000	0.0000	0.0000	0.0000	7.9994	0.0000	4.0001	0.0000	0.0000	0.0000	0.0000	0.0000	0.0000	0.0000	0.0000	0.0000	0.0000	0.0000	0.0000	0.0000	0.0000	0.0000	0.0000	0.0000	0.0000	0.0000	0.0000	0.0000	0.0000	0.0000	0.0000	0.0000	0.0000	0.0000	0.0000	0.0000	0.0000	0.0000	0.0000	0.0000	0.0000	0.0000	0.0000	0.0000	0.0000	0.0000	0.0000	0.0000	0.0000	0.0000	0.0000	0.0000	0.0000	0.0000	0.0000	0.0000	0.0000	0.0000	0.0000	0.0000	0.0000	0.0000											
104	135	0.2124	6	0	1	1	1	0	0	0	0	N	N	N	N	N	N	N	N	N	N	N	N	0.0000	0.0000	0.0000	0.0000	0.0000	0.0000	0.0000	0.0000	0.0000	0.0000	0.0000	0.0000	0.0000	0.0000	0.0000	0.0000	0.0000	0.0000	0.0000	0.0000	7.9994	2.0025	4.0001	0.9943	0.0000	0.0000	0.0000	0.0000	0.0000	0.0000	0.0000	0.0000	0.0000	0.0000	0.0000	0.0000	0.0000	0.0000	0.0000	0.0000	0.0000	0.0000	0.4569	0.4078	0.0491	0.2345	0.2161	0.0184	0.2225	0.1917	0.0307	0.0508	0.0200	0.0308	0.0012	0.0011	0.0000	0.0497	0.0189	0.0307	0.0000	0.0000	0.0000	0.0000	0.0000	0.0000	0.0000	0.0000	0.0000	0.0000	0.0000	0.0000	0.0000	0.0000	0.0000	0.0000	0.0000	0.0000											
104	136	0.2124	5	0	1	0	1	0	0	0	0	N	N	N	N	N	N	N	N	N	N	N	N	0.0000	0.0000	0.0000	0.0000	0.0000	0.0000	0.0000	0.0000	0.0000	0.0000	0.0000	0.0000	0.0000	0.0000	0.0000	0.0000	0.0000	0.0000	0.0000	0.0000	7.9994	0.0050	4.0001	0.0173	0.0000	0.0000	0.0000	0.0000	0.0000	0.0000	0.0000	0.0000	0.0000	0.0000	0.0000	0.0000	0.0000	0.0000	0.0000	0.0000	0.0000	0.0000	0.0025	0.0023	0.0002	0.0019	0.0018	0.0001	0.0006	0.0005	0.0001	0.0004	0.0002	0.0002	0.0000	0.0000	0.0000	0.0004	0.0001	0.0002	0.0000	0.0000	0.0000	0.0000	0.0000	0.0000	0.0000	0.0000	0.0000	0.0000	0.0000	0.0000	0.0000	0.0000	0.0000	0.0000	0.0000	0.0000											
104	137	0.2027	4	0	1	0	1	0	0	0	0	N	N	N	N	N	N	N	N	N	N	N	N	0.0000	0.0000	0.0000	0.0000	0.0000	0.0000	0.0000	0.0000	0.0000	0.0000	0.0000	0.0000	0.0000	0.0000	0.0000	0.0000	0.0000	0.0000	0.0000	0.0000	7.9994	1.9972	4.0001	1.0076	0.0000	0.0000	0.0000	0.0000	0.0000	0.0000	0.0000	0.0000	0.0000	0.0000	0.0000	0.0000	0.0000	0.0000	0.0000	0.0000	0.0000	0.0000	0.4258	0.3796	0.0462	0.2089	0.1927	0.0162	0.2170	0.1869	0.0300	0.0483	0.0188	0.0294	0.0011	0.0011	0.0000	0.0471	0.0178	0.0294	0.0000	0.0000	0.0000	0.0000	0.0000	0.0000	0.0000	0.0000	0.0000	0.0000	0.0000	0.0000	0.0000	0.0000	0.0000	0.0000	0.0000	0.0000											
104	138	0.1854	3	1	2	0	0	0	0	0	0	N	Y	N	N	N	N	N	N	N	N	N	N	0.0000	0.0000	0.0000	0.0000	0.0000	0.0000	0.0000	0.0000	0.0000	0.0000	0.0000	0.0000	0.0000	0.0000	0.0000	0.0000	0.0000	0.0000	0.0000	0.0000	7.9994	0.0002	4.0001	2.3255	0.0000	0.0000	0.0000	0.0000	0.0000	0.0000	0.0000	0.0000	0.0000	0.0000	0.0000	0.0000	0.0000	0.0000	0.0000	0.0000	0.0000	0.0000	0.0001	0.0001	0.0000	0.0000	0.0000	0.0000	0.0001	0.0001	0.0000	0.0605	0.0319	0.0286	0.0100	0.0096	0.0004	0.0506	0.0223	0.0282	0.0000	0.0000	0.0000	0.0000	0.0000	0.0000	0.0000	0.0000	0.0000	0.0000	0.0000	0.0000	0.0000	0.0000	0.0000	0.0000	0.0000	0.0000											
104	139	0.1676	2	1	2	0	0	0	0	0	0	N	Y	N	N	N	N	N	N	N	N	N	N	1.6170	4345.3221	0.1152	25.3888	27.2171	inf	3.2398	inf	0.2519	1.6894	1.8424	0.0503	0.0232	0.0224	0.0415	2.6043	2.9111	0.0523	1.0448	0.0004	0.4366	0.0009	0.0008	0.0000	0.8039	0.0000	0.2077	0.0025	806.7645	-0.2605	0.0039	7.9994	2.0138	4.0001	2.7349	1.0110	1.0084	0.0026	0.0049	0.0045	0.0004	1.0061	1.0039	0.0022	0.0081	0.0000	0.0081	0.0000	0.0000	0.0000	0.0081	0.0000	0.0081	0.5984	0.5473	0.0511	0.2121	0.2025	0.0096	0.3863	0.3449	0.0415	0.1455	0.0746	0.0709	0.0278	0.0266	0.0012	0.1176	0.0480	0.0696	30.2626	13669.8697	0.4394	64.3103	59.1572	inf	37.7761	inf	0.4493	0.0558	0.0001	0.1144	0.0004	0.0004	0.0000	0.0689	0.0000	0.1165
104	140	0.1841	3	0	2	0	0	0	0	0	0	N	Y	N	N	N	N	N	N	N	N	N	N	16.0785	4396.0868	2.4192	362.6081	407.3238	inf	55.9773	inf	0.3731	0.6123	0.6677	0.0132	0.1106	0.1140	0.0446	1.0574	1.1977	0.0018	0.0381	0.0002	0.0054	0.0003	0.0003	0.0000	0.0189	0.0000	0.0048	0.0018	1249.0242	-0.0992	0.0001	7.9994	1.9232	4.0001	1.1116	0.3841	0.3834	0.0007	0.0326	0.0320	0.0006	0.3515	0.3514	0.0001	0.0002	0.0000	0.0002	0.0000	0.0000	0.0000	0.0002	0.0000	0.0002	0.6274	0.5743	0.0531	0.2950	0.2809	0.0141	0.3324	0.2934	0.0390	0.0606	0.0270	0.0336	0.0051	0.0048	0.0003	0.0554	0.0222	0.0333	231.6330	140770.6653	2.7651	4441.1210	4302.1232	inf	366.3886	inf	0.3731	0.0026	0.0000	0.0048	0.0000	0.0000	0.0000	0.0029	0.0000	0.0048
104	141	0.6925	5	0	2	0	0	0	0	0	0	N	Y	N	N	N	N	N	N	N	N	N	N	inf	inf	inf	inf	inf	inf	2.9338	3.2362	0.0000	2.9399	3.1629	0.0000	2.9214	3.3935	0.0000	0.0000	0.0000	0.0000	0.0000	0.0000	0.0000	0.0000	0.0000	0.0000	0.0000	-0.7806	0.0000	7.9994	3.0000	4.0001	1.0000	2.9999	2.9999	0.0000	1.9999	1.9999	0.0000	1.0000	1.0000	0.0000	0.0000	0.0000	0.0000	0.0000	0.0000	0.0000	0.0000	0.0000	0.0000	1.0226	0.9270	0.0956	0.6803	0.6323	0.0479	0.3423	0.2947	0.0476	0.0748	0.0374	0.0374	0.0250	0.0212	0.0038	0.0499	0.0162	0.0336	inf	inf	0.0000	inf	inf	0.0000	inf	inf	0.0000	0.0000	0.0000	0.0000	0.0000	0.0000	0.0000	0.0000	0.0000	0.0000				
104	142	0.6733	4	0	1	0	0	0	0	0	0	N	N	N	N	N	N	N	N	N	N	N	N	inf	inf	inf	inf	inf	inf	inf	3.2281	0.0000	33.1938	5.2976	0.0000	76.6344	0.0001	0.0001	0.0000	0.0000	0.0000	0.0000	0.0000	0.0000	0.0000	0.0000	0.0000	0.0000	100000.0000	0.7398	0.0000	7.9994	1.0000	4.0001	1.0000	1.0000	0.0000	1.0000	1.0000	0.0000	1.0000	0.0000	0.0000	0.0000	0.0000	0.0000	0.0000	0.0000	0.0000	0.0000	0.0000	0.0000	0.0000	0.3098	0.2797	0.0301	0.1888	0.1757	0.0130	0.1210	0.1039	0.0171	0.0391	0.0194	0.0197	0.0128	0.0109	0.0019	0.0262	0.0085	0.0177	inf	inf	inf	inf	0.0000	inf	inf	inf	0.0000	0.0000	0.0000	0.0000	0.0000	0.0000	0.0000	0.0000	0.0000	0.0000			
104	143	0.4230	3	0	1	0	0	0	0	0	0	N	N	N	N	N	N	N	N	N	N	N	N	0.5778	1.7071	0.0141	4.1570	4.1966	inf	0.2718	inf	0.0174	1.4291	1.5779	0.1713	2.3608	2.5200	0.0238	0.9376	1.0444	0.2100	2.4733	0.9243	12.1672	0.5679	0.6005	0.0000	3.4498	0.0000	12.0908	0.0128	86.4656	-0.7071	0.4682	7.9994	7.1211	4.0001	10.9474	2.8567	2.8205	0.0362	1.6296	1.6286	0.0010	1.2271	1.1919	0.0352	1.0032	0.0115	0.9918	0.0115	0.0115	0.0000	0.9918	0.0000	0.9918	1.9990	1.7875	0.2116	0.6903	0.6462	0.0440	1.3087	1.1412	0.1675	0.6928	0.4425	0.2503	0.3246	0.2770	0.0476	0.3682	0.1655	0.2026	0.9869	60.8785	0.0432	66.8168	60.8558	inf	0.3481	inf	0.0429	1.4480	0.0259	3.9624	0.0353	0.0414	0.0000	2.6936	0.0000	4.8940
104	144	0.2282	2	0	1	0	0	0	0	0	0	N	N	N	N	N	N	N	N	N	N	N	N	1.4468	97.1043	36.5927	203.3939	241.1474	inf	3.5681	25.7704	103.5569	0.9314	0.5023	4.2758	0.3811	0.3911	0.1790	1.0027	0.5179	4.4811	0.6438	0.0052	0.1168	0.0019	0.0016	0.0000	0.2810	0.0201	0.0433	1.0922	27.5150	0.4911	0.0055	7.9994	8.5175	4.0001	23.1696	1.8755	0.8964	0.9791	0.0880	0.0860	0.0020	1.7875	0.8104	0.9771	0.0125	0.0004	0.0120	0.0001	0.0001	0.0000	0.0124	0.0003	0.0120	2.0136	1.7846	0.2290	0.2309	0.2199	0.0109	1.7827	1.5647	0.2181	0.7618	0.4121	0.3497	0.1219	0.1101	0.0119	0.6399	0.3020	0.3378	56.9578	473.8039	124.3917	479.5320	444.3047	inf	51.9065	460.0975	125.9446	0.0164	0.0011	0.0344	0.0008	0.0009	0.0000	0.0193	0.0011	0.0356
104	145	0.2027	5	1	2	0	0	0	0	0	0	N	Y	N	N	N	N	N	N	N	N	N	N	0.0000	0.0000	0.0000	0.0000	0.0000	0.0000	0.0000	0.0000	0.0000	0.0000	0.0000	0.0000	0.0000	0.0000	0.0000	0.0000	0.0000	0.0000	0.0000	0.0000	7.9994	1.0000	4.0001	1.0000	0.0000	0.0000	0.0000	0.0000	0.0000	0.0000	0.0000	0.0000	0.0000	0.0000	0.0000	0.0000	0.0000	0.0000	0.0000	0.0000	0.0000	0.0000	0.2183	0.1946	0.0237	0.1082	0.0997	0.0085	0.1101	0.0949	0.0153	0.0324	0.0126	0.0198	0.0007	0.0007	0.0000	0.0317	0.0119	0.0198	0.0000	0.0000	0.0000	0.0000	0.0000	0.0000	0.0000	0.0000	0.0000	0.0000	0.0000	0.0000	0.0000	0.0000	0.0000	0.0000	0.0000	0.0000											
104	146	0.2027	4	0	2	0	0	0	0	0	0	N	Y	N	N	N	N	N	N	N	N	N	N	0.0000	0.0000	0.0000	0.0000	0.0000	0.0000	0.0000	0.0000	0.0000	0.0000	0.0000	0.0000	0.0000	0.0000	0.0000	0.0000	0.0000	0.0000	0.0000	0.0000	7.9994	0.0003	4.0001	0.0000	0.0000	0.0000	0.0000	0.0000	0.0000	0.0000	0.0000	0.0000	0.0000	0.0000	0.0000	0.0000	0.0000	0.0000	0.0000	0.0000	0.0000	0.0000	0.0002	0.0002	0.0000	0.0002	0.0002	0.0000	0.0001	0.0000	0.0000	0.0000	0.0000	0.0000	0.0000	0.0000	0.0000	0.0000	0.0000	0.0000	0.0000	0.0000	0.0000	0.0000	0.0000	0.0000	0.0000	0.0000	0.0000	0.0000	0.0000	0.0000	0.0000	0.0000	0.0000	0.0000	0.0000	0.0000											
104	147	0.1841	3	0	1	0	0	0	0	0	0	N	N	N	N	N	N	N	N	N	N	N	N	188.9463	inf	3401.9795	inf	inf	inf	90.0555	inf	0.7388	2.6044	1.9196	8.7906	5.3524	3.5297	32.8781	0.5396	0.6185	0.0019	0.0138	0.0000	0.0026	0.0000	0.0000	0.0000	0.0060	0.0000	0.0026	0.5070	inf	0.2265	0.0001	7.9994	4.9449	4.0001	1.0063	2.9711	1.9716	0.9995	2.6196	1.6202	0.9994	0.3515	0.3513	0.0002	0.0002	0.0000	0.0002	0.0000	0.0000	0.0000	0.0002	0.0000	0.0002	1.1408	1.0271	0.1137	0.4894	0.4590	0.0304	0.6514	0.5681	0.0833	0.1087	0.0468	0.0619	0.0062	0.0058	0.0004	0.1025	0.0410	0.0615	1769.4924	inf	3401.9795	inf	inf	inf	345.8586	inf	0.7388	0.0015	0.0000	0.0026	0.0000	0.0000	0.0000	0.0016	0.0000	0.0026
104	148	0.1676	2	0	1	0	0	0	0	0	0	N	N	N	N	N	N	N	N	N	N	N	N	0.9859	61.3094	0.1272	1.9432	2.1859	inf	1.8608	5915.0860	0.2634	1.0362	1.1417	0.0544	0.0678	0.0684	0.0566	1.4947	1.6849	0.0539	1.0510	0.0186	0.4278	0.0349	0.0313	0.0000	0.8033	0.0003	0.2047	0.0051	48.0357	-0.2250	0.0038	7.9994	3.4778	4.0001	1.2917	0.8822	0.8777	0.0045	0.0185	0.0177	0.0009	0.8637	0.8601	0.0036	0.0083	0.0002	0.0081	0.0002	0.0002	0.0000	0.0081	0.0000	0.0081	0.8514	0.7688	0.0827	0.2736	0.2583	0.0153	0.5778	0.5105	0.0674	0.1459	0.0748	0.0711	0.0278	0.0266	0.0012	0.1180	0.0482	0.0699	18.2585	505.6468	0.4772	11.1756	10.7835	inf	21.7576	1548245.5604	0.4647	0.0567	0.0023	0.1140	0.0061	0.0063	0.0000	0.0687	0.0000	0.1161
104	150	0.2446	3	0	1	0	0	0	0	0	0	N	N	N	N	N	N	N	N	N	N	N	N	0.9836	0.5962	0.9518	1.1636	0.0004	0.0004	0.0000	0.0021	0.0022	0.0000	0.0000	0.0000	0.0000	0.0004	0.0007	0.0000	0.0022	0.0019	0.0000	0.0000	0.0000	0.0000	0.0000	0.0000	-0.0001	-0.0000	7.9994	3.7255	4.0001	14.1767	0.0004	0.0004	0.0000	0.0004	0.0004	0.0000	0.0000	0.0000	0.0000	0.0001	0.0001	0.0000	0.0001	0.0001	0.0000	0.0000	0.0000	0.0000	1.1409	1.0121	0.1288	0.1940	0.1873	0.0067	0.9469	0.8248	0.1221	0.5442	0.3156	0.2286	0.0960	0.0886	0.0075	0.4482	0.2270	0.2212	2.1730	1.4204	0.0000	2.2549	2.1542	0.0000	0.0000	0.0000	0.0000	0.0002	0.0003	0.0000	0.0009	0.0010	0.0000	0.0000	0.0000	0.0000					
104	151	0.2282	2	0	1	0	0	0	0	0	0	N	N	N	N	N	N	N	N	N	N	N	N	4.4508	11.6157	5.1143	5.0579	5.7555	inf	12.0088	inf	5.1484	0.0053	0.0055	0.0037	0.0046	0.0047	0.0000	0.0055	0.0058	0.0038	0.0012	0.0005	0.0007	0.0009	0.0008	0.0000	0.0005	0.0000	0.0007	0.0857	3.0080	-0.0006	0.0000	7.9994	1.4205	4.0001	4.0377	0.0030	0.0028	0.0002	0.0006	0.0006	0.0000	0.0025	0.0022	0.0002	0.0001	0.0000	0.0001	0.0000	0.0000	0.0000	0.0001	0.0000	0.0001	0.5743	0.5095	0.0648	0.1259	0.1238	0.0022	0.4484	0.3857	0.0627	0.3211	0.1928	0.1283	0.0883	0.0849	0.0035	0.2327	0.1079	0.1248	13.7374	34.3298	5.1143	13.1793	12.8849	inf	13.7528	inf	5.1484	0.0004	0.0002	0.0007	0.0003	0.0004	0.0000	0.0004	0.0000	0.0007
105	109	0.6564	9	2	0	2	0	0	0	0	0	Y	N	Y	N	N	N	N	N	N	N	N	N	0.0000	0.0000	0.0000	0.0000	0.0000	0.0000	0.0000	0.0000	0.0000	0.0000	0.0000	0.0000	0.0000	0.0000	0.0000	0.0000	0.0000	0.0000	0.0000	0.0000	1.0000	0.0000	1.0005	0.9909	0.0000	0.0000	0.0000	0.0000	0.0000	0.0000	0.0000	0.0000	0.0000	0.0000	0.0000	0.0000	0.0000	0.0000	0.0000	0.0000	0.0000	0.0000	0.0000	0.0000	0.0000	0.0000	0.0000	0.0000	0.0000	0.0000	0.0000	0.0026	0.0017	0.0009	0.0015	0.0013	0.0002	0.0011	0.0004	0.0007	0.0000	0.0000	0.0000	0.0000	0.0000	0.0000	0.0000	0.0000	0.0000	0.0000	0.0000	0.0000	0.0000	0.0000	0.0000	0.0000	0.0000	0.0000											
105	110	0.6277	8	2	0	2	0	0	0	0	0	Y	N	Y	N	N	N	N	N	N	N	N	N	0.0000	0.0000	0.0000	0.0000	0.0000	0.0000	0.0000	0.0000	0.0000	0.0000	0.0000	0.0000	0.0000	0.0000	0.0000	0.0000	0.0000	0.0000	0.0000	0.0000	1.0000	4.0000	1.0005	0.0000	0.0000	0.0000	0.0000	0.0000	0.0000	0.0000	0.0000	0.0000	0.0000	0.0000	0.0000	0.0000	0.0000	0.0000	0.0000	0.0000	0.0000	0.0000	0.0918	0.0851	0.0067	0.0740	0.0697	0.0043	0.0178	0.0154	0.0024	0.0044	0.0027	0.0017	0.0024	0.0020	0.0004	0.0020	0.0007	0.0013	0.0000	0.0000	0.0000	0.0000	0.0000	0.0000	0.0000	0.0000	0.0000	0.0000	0.0000	0.0000	0.0000	0.0000	0.0000	0.0000	0.0000	0.0000											
105	112	0.1174	6	1	0	2	0	0	0	0	0	N	N	Y	N	N	N	N	N	N	N	N	N	0.0000	0.0000	0.0000	0.0000	0.0000	0.0000	0.0000	0.0000	0.0000	0.0000	0.0000	0.0000	0.0000	0.0000	0.0000	0.0000	0.0000	0.0000	0.0000	-0.0000	1.0000	0.0000	1.0005	0.0001	0.0000	0.0000	0.0000	0.0000	0.0000	0.0000	0.0000	0.0000	0.0000	0.0000	0.0000	0.0000	0.0000	0.0000	0.0000	0.0000	0.0000	0.0000	0.0000	0.0000	0.0000	0.0000	0.0000	0.0000	0.0000	0.0000	0.0000	0.0000	0.0000	0.0000	0.0000	0.0000	0.0000	0.0000	0.0000	0.0000	0.0000	0.0000	0.0000	0.0000	0.0000	0.0000	0.0000	0.0000	0.0000	0.0000	0.0000	0.0000	0.0000	0.0000	0.0000	0.0000	0.0000	0.0000											
105	113	0.0716	5	1	0	2	0	0	0	0	0	N	N	Y	N	N	N	N	N	N	N	N	N	0.0000	0.0000	0.0000	0.0000	0.0000	0.0000	0.0000	0.0000	0.0000	0.0000	0.0000	0.0000	0.0000	0.0071	0.0197	0.0000	0.6052	0.5946	0.0000	0.0000	0.0000	0.0000	0.0000	0.0000	-0.0000	1.0000	4.0004	1.0005	4.9999	0.0000	0.0000	0.0000	0.0000	0.0000	0.0000	0.0000	0.0000	0.0000	0.0000	0.0000	0.0000	0.0000	0.0000	0.0000	0.0000	0.0000	0.0000	0.1328	0.1208	0.0120	0.0708	0.0671	0.0037	0.0620	0.0537	0.0083	0.0301	0.0131	0.0170	0.0008	0.0008	0.0000	0.0293	0.0124	0.0170	0.0000	0.0000	0.0000	0.0000	0.0000	0.0000	0.0000	0.0000	0.0000	0.0010	0.0023	0.0000	0.0375	0.0395	0.0000	0.0000	0.0000	0.0000						
105	114	0.6604	9	1	1	1	0	0	0	0	0	N	N	N	N	N	N	N	N	N	N	N	N	0.0000	0.5243	0.0000	0.2521	0.8528	0.0000	0.0000	0.0000	0.0000	0.0000	0.0000	0.0000	0.0000	0.0000	0.0000	0.0000	0.0000	48.3988	0.0001	153.7029	0.0002	0.0001	0.0000	133.1352	0.0000	205.4897	0.0000	382700059.4031	-0.0000	0.4757	1.0000	4.3361	1.0005	4.6323	0.0000	0.0000	0.0000	0.0000	0.0000	0.0000	0.0000	0.0000	0.0000	0.9950	0.0000	0.9950	0.0000	0.0000	0.0000	0.9950	0.0000	0.9950	0.1524	0.1394	0.0130	0.0950	0.0900	0.0050	0.0574	0.0493	0.0081	0.0206	0.0141	0.0065	0.0131	0.0115	0.0016	0.0075	0.0026	0.0048	0.0000	167.2737	0.0000	7.5202	210.5276	0.0000	0.0000	0.0000	0.0000	48.3988	0.0000	153.7029	0.0000	0.0000	0.0000	133.1352	0.0000	205.4897	
105	115	0.6277	8	1	0	1	0	0	0	0	0	N	N	N	N	N	N	N	N	N	N	N	N	0.0000	0.0000	0.0000	0.0000	0.0000	0.0000	0.0000	0.0000	0.0000	0.0000	0.0000	0.0000	0.0000	2.6750	0.0000	13.2976	0.0000	0.0000	0.0000	4.3007	0.0000	14.3896	inf	0.0000	0.0024	1.0000	1.9840	1.0005	0.2610	0.0000	0.0000	0.0000	0.0000	0.0000	0.0000	0.0000	0.0000	0.0000	0.0050	0.0000	0.0050	0.0000	0.0000	0.0000	0.0050	0.0000	0.0050	0.0483	0.0448	0.0035	0.0393	0.0370	0.0023	0.0090	0.0078	0.0012	0.0025	0.0015	0.0010	0.0013	0.0011	0.0002	0.0012	0.0004	0.0008	0.0000	0.0000	0.0000	0.0000	0.0000	0.0000	0.0000	0.0000	0.0000	1.9928	0.0000	5.1006	0.0000	0.0000	0.0000	4.3007	0.0000	6.5148						
105	116	0.0716	5	1	1	1	1	0	0	0	0	N	N	N	N	N	N	N	N	N	N	N	N	0.0000	0.0000	0.0000	0.0000	0.0000	0.0000	0.0000	0.0000	0.0000	0.0000	0.0000	0.0000	0.0000	0.0000	0.0000	0.0000	0.0000	0.0000	0.0000	0.0000	1.0000	5.0006	1.0005	2.0000	0.0000	0.0000	0.0000	0.0000	0.0000	0.0000	0.0000	0.0000	0.0000	0.0000	0.0000	0.0000	0.0000	0.0000	0.0000	0.0000	0.0000	0.0000	0.1616	0.1470	0.0146	0.0852	0.0807	0.0044	0.0765	0.0662	0.0102	0.0239	0.0104	0.0135	0.0006	0.0006	0.0000	0.0233	0.0098	0.0135	0.0000	0.0000	0.0000	0.0000	0.0000	0.0000	0.0000	0.0000	0.0000	0.0000	0.0000	0.0000	0.0000	0.0000	0.0000	0.0000	0.0000	0.0000											
105	117	0.6277	8	1	1	1	1	0	0	0	0	N	N	N	N	N	N	N	N	N	N	N	N	0.0000	0.0000	0.0000	0.0000	0.0000	0.0000	0.0000	0.0000	0.0000	0.0000	0.0000	0.0000	0.0000	0.0000	0.0000	0.0000	0.0000	0.0000	0.0000	0.0000	1.0000	0.0000	1.0005	1.0000	0.0000	0.0000	0.0000	0.0000	0.0000	0.0000	0.0000	0.0000	0.0000	0.0000	0.0000	0.0000	0.0000	0.0000	0.0000	0.0000	0.0000	0.0000	0.0000	0.0000	0.0000	0.0000	0.0000	0.0000	0.0000	0.0000	0.0000	0.0016	0.0010	0.0006	0.0008	0.0007	0.0001	0.0007	0.0002	0.0005	0.0000	0.0000	0.0000	0.0000	0.0000	0.0000	0.0000	0.0000	0.0000	0.0000	0.0000	0.0000	0.0000	0.0000	0.0000	0.0000	0.0000	0.0000											
105	118	0.0716	5	1	1	1	0	0	0	0	0	N	N	N	N	N	N	N	N	N	N	N	N	6906.1446	0.0304	inf	0.0019	0.0020	inf	inf	2.3820	0.0000	25.4154	0.0001	0.0001	0.0000	4.4843	0.0000	34.5795	0.0003	0.0009	0.0000	0.0267	0.0266	0.0000	0.0000	0.0000	0.0000	100000.0000	0.0000	0.7398	-0.0000	1.0000	16.9994	1.0005	6.0000	1.0000	0.0000	1.0000	0.0000	0.0000	0.0000	1.0000	0.0000	1.0000	0.0000	0.0000	0.0000	0.0000	0.0000	0.0000	0.0000	0.0000	0.0000	0.4198	0.3805	0.0393	0.1968	0.1864	0.0104	0.2230	0.1941	0.0289	0.0670	0.0298	0.0372	0.0018	0.0017	0.0001	0.0652	0.0280	0.0371	15960.9008	0.0783	inf	0.0094	0.0094	0.0000	inf	0.0000	inf	0.0001	0.0003	0.0000	0.0054	0.0057	0.0000	0.0000	0.0000	0.0000		
105	119	0.6277	8	1	1	1	0	0	0	0	0	N	N	N	N	N	N	N	N	N	N	N	N	0.0000	0.0000	0.0000	0.0000	0.0000	0.0000	0.0000	0.0000	0.0000	0.0000	0.0000	0.0000	0.0000	0.0000	0.0000	0.0000	0.0000	0.0000	0.0000	0.0000	1.0000	5.0000	1.0005	6.0000	0.0000	0.0000	0.0000	0.0000	0.0000	0.0000	0.0000	0.0000	0.0000	0.0000	0.0000	0.0000	0.0000	0.0000	0.0000	0.0000	0.0000	0.0000	0.1116	0.1034	0.0082	0.0895	0.0843	0.0052	0.0221	0.0191	0.0030	0.0114	0.0069	0.0045	0.0061	0.0051	0.0010	0.0054	0.0018	0.0035	0.0000	0.0000	0.0000	0.0000	0.0000	0.0000	0.0000	0.0000	0.0000	0.0000	0.0000	0.0000	0.0000	0.0000	0.0000	0.0000	0.0000	0.0000											
105	120	0.6558	9	1	1	1	0	0	0	0	0	N	N	N	N	N	N	N	N	N	N	N	N	0.0000	0.0000	0.0000	0.0000	0.0000	0.0000	0.0000	0.0000	0.0000	0.0000	0.0000	0.0000	0.0000	0.3385	0.5552	0.0000	0.1378	0.1944	0.0000	0.0000	0.0000	0.0000	0.0000	0.0000	-0.0000	1.0000	0.9998	1.0005	0.9486	0.0000	0.0000	0.0000	0.0000	0.0000	0.0000	0.0000	0.0000	0.0000	0.0000	0.0000	0.0000	0.0000	0.0000	0.0000	0.0000	0.0000	0.0000	0.0240	0.0222	0.0018	0.0196	0.0183	0.0012	0.0045	0.0039	0.0006	0.0027	0.0017	0.0010	0.0017	0.0014	0.0004	0.0010	0.0003	0.0007	0.0000	0.0000	0.0000	0.0000	0.0000	0.0000	0.0000	0.0000	0.0000	0.0073	0.0117	0.0000	0.0116	0.0146	0.0000	0.0000	0.0000	0.0000						
105	121	0.6277	8	1	1	1	0	0	0	0	0	N	N	N	N	N	N	N	N	N	N	N	N	0.0000	0.0000	0.0000	0.0000	0.0000	0.0000	0.0000	0.0000	0.0000	0.0000	0.0000	0.0000	0.0000	0.0344	0.0000	0.0098	0.0000	0.0000	0.0000	0.0401	0.0000	0.0080	inf	0.0000	0.0000	1.0000	3.0005	1.0005	1.1085	0.0000	0.0000	0.0000	0.0000	0.0000	0.0000	0.0000	0.0000	0.0000	0.0000	0.0000	0.0000	0.0000	0.0000	0.0000	0.0000	0.0000	0.0000	0.1217	0.1127	0.0090	0.0973	0.0917	0.0057	0.0243	0.0210	0.0033	0.0081	0.0049	0.0032	0.0043	0.0036	0.0007	0.0038	0.0013	0.0025	0.0000	0.0000	0.0000	0.0000	0.0000	0.0000	0.0000	0.0000	0.0000	0.0025	0.0000	0.0063	0.0000	0.0000	0.0000	0.0053	0.0000	0.0080						
105	122	0.0304	4	1	1	1	0	0	0	0	0	N	N	N	N	N	N	N	N	N	N	N	N	inf	inf	inf	inf	0.0000	0.0000	0.0000	0.0000	0.0000	0.0000	0.0000	0.0000	0.0000	0.0000	0.0000	0.0000	0.0000	0.0000	0.0000	0.0000	0.0000	0.0000	inf	0.0000	0.0000	1.0000	2.0001	1.0005	3.0000	0.0000	0.0000	0.0000	0.0000	0.0000	0.0000	0.0000	0.0000	0.0000	0.0000	0.0000	0.0000	0.0000	0.0000	0.0000	0.0000	0.0000	0.0000	0.0805	0.0721	0.0084	0.0178	0.0171	0.0006	0.0627	0.0550	0.0078	0.0261	0.0124	0.0138	0.0003	0.0003	0.0000	0.0258	0.0121	0.0138	inf	0.0000	inf	inf	0.0000	inf	0.0000	0.0000	0.0000	0.0000	0.0000	0.0000	0.0000	0.0000	0.0000	0.0000	0.0000	0.0000						
105	124	0.6613	9	1	1	1	0	0	0	0	0	N	N	N	N	N	N	N	N	N	N	N	N	0.0000	0.0000	0.0000	0.0000	0.0000	0.0000	0.0000	0.0000	0.0000	0.0000	0.0000	0.0000	0.0000	0.4746	0.7188	0.0000	0.3071	0.3436	0.0000	0.0000	0.0000	0.0000	0.0000	0.0000	-0.0001	1.0000	3.9006	1.0005	3.1543	0.0000	0.0000	0.0000	0.0000	0.0000	0.0000	0.0000	0.0000	0.0000	0.0001	0.0001	0.0000	0.0001	0.0001	0.0000	0.0000	0.0000	0.0000	0.1906	0.1759	0.0147	0.1594	0.1489	0.0105	0.0312	0.0270	0.0042	0.0142	0.0091	0.0052	0.0080	0.0068	0.0012	0.0062	0.0023	0.0039	0.0000	0.0000	0.0000	0.0000	0.0000	0.0000	0.0000	0.0000	0.0000	0.0105	0.0165	0.0000	0.0187	0.0222	0.0000	0.0000	0.0000	0.0000						
105	125	0.6277	8	1	1	1	0	0	0	0	0	N	N	N	N	N	N	N	N	N	N	N	N	0.0000	0.0000	0.0000	0.0000	0.0000	0.0000	0.0000	0.0000	0.0000	0.0000	0.0000	0.0000	0.0000	0.7183	0.0000	0.1663	0.0000	0.0000	0.0000	0.5648	0.0000	0.1021	inf	0.0000	0.0001	1.0000	1.6924	1.0005	1.9110	0.0000	0.0000	0.0000	0.0000	0.0000	0.0000	0.0000	0.0000	0.0000	0.0001	0.0000	0.0001	0.0000	0.0000	0.0000	0.0001	0.0000	0.0001	0.0735	0.0681	0.0054	0.0595	0.0560	0.0035	0.0140	0.0121	0.0019	0.0072	0.0044	0.0028	0.0038	0.0032	0.0006	0.0033	0.0011	0.0022	0.0000	0.0000	0.0000	0.0000	0.0000	0.0000	0.0000	0.0000	0.0000	0.0210	0.0000	0.0535	0.0000	0.0000	0.0000	0.0450	0.0000	0.0682						
105	126	0.0716	5	1	1	1	0	0	0	0	0	N	N	N	N	N	N	N	N	N	N	N	N	0.0000	0.0000	0.0000	0.0000	0.0000	0.0000	0.0000	0.0000	0.0000	0.0000	0.0000	0.0000	0.0000	0.0000	0.0000	0.0000	0.0000	0.0000	0.0000	0.0000	1.0000	0.9996	1.0005	8.0005	0.0000	0.0000	0.0000	0.0000	0.0000	0.0000	0.0000	0.0000	0.0000	0.0000	0.0000	0.0000	0.0000	0.0000	0.0000	0.0000	0.0000	0.0000	0.0361	0.0329	0.0032	0.0200	0.0190	0.0010	0.0162	0.0140	0.0022	0.0301	0.0131	0.0170	0.0008	0.0008	0.0000	0.0293	0.0124	0.0170	0.0000	0.0000	0.0000	0.0000	0.0000	0.0000	0.0000	0.0000	0.0000	0.0000	0.0000	0.0000	0.0000	0.0000	0.0000	0.0000	0.0000	0.0000											
105	127	0.1990	7	1	0	1	0	0	0	0	0	N	N	N	N	N	N	N	N	N	N	N	N	0.0000	0.0878	0.0000	0.0747	0.0910	0.0000	0.0000	inf	0.0000	0.0000	0.0000	0.0000	0.0001	0.0001	0.0000	0.0000	0.0000	0.0000	2.6756	0.0004	13.1265	0.0007	0.0006	0.0000	3.5596	0.0000	13.1224	0.0002	34552.1311	-0.0000	0.0564	1.0000	3.6536	1.0005	12.3970	0.0000	0.0000	0.0000	0.0000	0.0000	0.0000	0.0000	0.0000	0.0000	0.1180	0.0000	0.1180	0.0000	0.0000	0.0000	0.1180	0.0000	0.1180	0.1524	0.1386	0.0138	0.0895	0.0855	0.0040	0.0629	0.0530	0.0098	0.0587	0.0346	0.0242	0.0178	0.0165	0.0013	0.0409	0.0180	0.0228	0.0000	0.3390	0.0000	0.2660	0.2622	0.0000	0.0000	inf	0.0000	2.0095	0.0001	4.8850	0.0002	0.0002	0.0000	2.8870	0.0000	5.1700
105	128	0.3774	7	1	0	1	0	0	0	0	0	N	N	N	N	N	N	N	N	N	N	N	N	0.0000	0.0333	0.0000	0.0505	0.0573	0.0430	0.0000	0.0000	0.0000	0.0000	0.0000	0.0000	0.0000	0.0000	0.0000	0.0000	0.0000	0.0000	3.4292	0.0010	18.6378	0.0009	0.0009	0.0000	7.2706	0.0044	24.9377	0.0035	14415.3973	-0.0000	0.1497	1.0000	5.3495	1.0005	12.4099	0.0000	0.0000	0.0000	0.0000	0.0000	0.0000	0.0000	0.0000	0.0000	0.3131	0.0000	0.3131	0.0000	0.0000	0.0000	0.3131	0.0000	0.3131	0.2310	0.2103	0.0207	0.1434	0.1349	0.0085	0.0876	0.0754	0.0122	0.0913	0.0598	0.0315	0.0482	0.0410	0.0072	0.0431	0.0188	0.0243	0.0000	0.0869	0.0000	0.1269	0.1161	0.0430	0.0000	0.0000	0.0000	3.4292	0.0004	9.9246	0.0004	0.0004	0.0000	7.2706	0.0002	12.8806
105	129	0.1831	11	1	1	1	1	0	0	0	0	N	N	N	N	N	N	N	N	N	N	N	N	0.0000	0.0000	0.0000	0.0000	0.0000	0.0000	0.0000	0.0000	0.0000	0.0000	0.0000	0.0000	0.0000	0.0000	0.0000	0.0000	0.0000	0.0000	0.0000	0.0000	1.0000	0.0000	1.0005	0.0000	0.0000	0.0000	0.0000	0.0000	0.0000	0.0000	0.0000	0.0000	0.0000	0.0000	0.0000	0.0000	0.0000	0.0000	0.0000	0.0000	0.0000	0.0000	0.0000	0.0000	0.0000	0.0000	0.0000	0.0000	0.0000	0.0000	0.0000	0.0000	0.0000	0.0000	0.0000	0.0000	0.0000	0.0000	0.0000	0.0000	0.0000	0.0000	0.0000	0.0000	0.0000	0.0000	0.0000	0.0000	0.0000	0.0000	0.0000	0.0000	0.0000	0.0000	0.0000	0.0000	0.0000	0.0000											
105	130	0.1668	10	1	1	1	1	0	0	0	0	N	N	N	N	N	N	N	N	N	N	N	N	0.0000	0.0000	0.0000	0.0000	0.0000	0.0000	0.0000	0.0000	0.0000	0.0000	0.0000	0.0000	0.0000	101.8166	236.1906	0.0000	2189.2057	2260.5578	0.0000	0.0000	0.0000	0.0000	0.0000	0.0000	-0.5219	1.0000	0.0000	1.0005	3.0001	0.0000	0.0000	0.0000	0.0000	0.0000	0.0000	0.0000	0.0000	0.0000	1.0000	1.0000	0.0000	1.0000	1.0000	0.0000	0.0000	0.0000	0.0000	0.0000	0.0000	0.0000	0.0000	0.0000	0.0000	0.0000	0.0000	0.0000	0.0098	0.0042	0.0056	0.0005	0.0004	0.0000	0.0094	0.0038	0.0056	0.0000	0.0000	0.0000	0.0000	0.0000	0.0000	0.0000	0.0000	0.0000	101.8166	236.1906	0.0000	2189.2057	2260.5578	0.0000	0.0000	0.0000	0.0000						
105	131	0.1571	9	1	1	1	0	0	0	0	0	N	N	N	N	N	N	N	N	N	N	N	N	0.0000	0.0000	0.0000	0.0000	0.0000	0.0000	0.0000	0.0000	0.0000	0.0000	0.0000	0.0000	0.0000	0.0000	0.0000	0.0000	0.0000	0.0000	0.0000	0.0000	1.0000	0.0000	1.0005	0.0000	0.0000	0.0000	0.0000	0.0000	0.0000	0.0000	0.0000	0.0000	0.0000	0.0000	0.0000	0.0000	0.0000	0.0000	0.0000	0.0000	0.0000	0.0000	0.0000	0.0000	0.0000	0.0000	0.0000	0.0000	0.0000	0.0000	0.0000	0.0000	0.0000	0.0000	0.0000	0.0000	0.0000	0.0000	0.0000	0.0000	0.0000	0.0000	0.0000	0.0000	0.0000	0.0000	0.0000	0.0000	0.0000	0.0000	0.0000	0.0000	0.0000	0.0000	0.0000	0.0000	0.0000	0.0000											
105	132	0.1668	10	1	0	2	1	0	0	0	0	N	N	Y	N	N	N	N	N	N	N	N	N	0.0000	0.0000	0.0000	0.0000	0.0000	0.0000	0.0000	0.0000	0.0000	0.0000	0.0000	0.0000	0.0000	0.0000	0.0000	0.0000	0.0000	0.0000	0.0000	0.0000	1.0000	0.0000	1.0005	1.9999	0.0000	0.0000	0.0000	0.0000	0.0000	0.0000	0.0000	0.0000	0.0000	0.0000	0.0000	0.0000	0.0000	0.0000	0.0000	0.0000	0.0000	0.0000	0.0000	0.0000	0.0000	0.0000	0.0000	0.0000	0.0000	0.0000	0.0000	0.0067	0.0029	0.0038	0.0004	0.0003	0.0000	0.0064	0.0026	0.0038	0.0000	0.0000	0.0000	0.0000	0.0000	0.0000	0.0000	0.0000	0.0000	0.0000	0.0000	0.0000	0.0000	0.0000	0.0000	0.0000	0.0000	0.0000											
105	133	0.1778	11	1	0	2	1	0	0	0	0	N	N	Y	N	N	N	N	N	N	N	N	N	0.0000	0.0000	0.0000	0.0000	0.0000	0.0000	0.0000	0.0000	0.0000	0.0000	0.0000	0.0000	0.0000	0.0000	0.0000	0.0000	0.0000	0.0000	0.0000	0.0000	1.0000	1.0000	1.0005	0.0000	0.0000	0.0000	0.0000	0.0000	0.0000	0.0000	0.0000	0.0000	0.0000	0.0000	0.0000	0.0000	0.0000	0.0000	0.0000	0.0000	0.0000	0.0000	0.0370	0.0336	0.0034	0.0225	0.0211	0.0014	0.0145	0.0125	0.0020	0.0033	0.0014	0.0019	0.0005	0.0003	0.0002	0.0027	0.0010	0.0017	0.0000	0.0000	0.0000	0.0000	0.0000	0.0000	0.0000	0.0000	0.0000	0.0000	0.0000	0.0000	0.0000	0.0000	0.0000	0.0000	0.0000	0.0000											
105	134	0.1778	11	1	0	2	1	0	0	0	0	N	N	Y	N	N	N	N	N	N	N	N	N	0.0000	0.0000	0.0000	0.0000	0.0000	0.0000	0.0000	0.0000	0.0000	0.0000	0.0000	0.0000	0.0000	0.0000	0.0000	0.0000	0.0000	0.0000	0.0000	0.0000	1.0000	0.0000	1.0005	0.0000	0.0000	0.0000	0.0000	0.0000	0.0000	0.0000	0.0000	0.0000	0.0000	0.0000	0.0000	0.0000	0.0000	0.0000	0.0000	0.0000	0.0000	0.0000	0.0000	0.0000	0.0000	0.0000	0.0000	0.0000	0.0000	0.0000	0.0000	0.0000	0.0000	0.0000	0.0000	0.0000	0.0000	0.0000	0.0000	0.0000	0.0000	0.0000	0.0000	0.0000	0.0000	0.0000	0.0000	0.0000	0.0000	0.0000	0.0000	0.0000	0.0000	0.0000	0.0000	0.0000	0.0000	0.0000											
105	135	0.1668	10	1	0	2	1	0	0	0	0	N	N	Y	N	N	N	N	N	N	N	N	N	0.0000	0.0000	0.0000	0.0000	0.0000	0.0000	0.0000	0.0000	0.0000	0.0000	0.0000	0.0000	0.0000	0.0000	0.0000	0.0000	0.0000	0.0000	0.0000	0.0000	1.0000	2.0025	1.0005	0.9943	0.0000	0.0000	0.0000	0.0000	0.0000	0.0000	0.0000	0.0000	0.0000	0.0000	0.0000	0.0000	0.0000	0.0000	0.0000	0.0000	0.0000	0.0000	0.0726	0.0658	0.0067	0.0429	0.0402	0.0027	0.0296	0.0256	0.0040	0.0098	0.0042	0.0056	0.0005	0.0004	0.0000	0.0094	0.0038	0.0056	0.0000	0.0000	0.0000	0.0000	0.0000	0.0000	0.0000	0.0000	0.0000	0.0000	0.0000	0.0000	0.0000	0.0000	0.0000	0.0000	0.0000	0.0000											
105	136	0.1668	9	1	0	1	1	0	0	0	0	N	N	N	N	N	N	N	N	N	N	N	N	0.0000	0.0000	0.0000	0.0000	0.0000	0.0000	0.0000	0.0000	0.0000	0.0000	0.0000	0.0000	0.0000	0.0000	0.0000	0.0000	0.0000	0.0000	0.0000	0.0000	1.0000	0.0050	1.0005	0.0173	0.0000	0.0000	0.0000	0.0000	0.0000	0.0000	0.0000	0.0000	0.0000	0.0000	0.0000	0.0000	0.0000	0.0000	0.0000	0.0000	0.0000	0.0000	0.0004	0.0003	0.0000	0.0003	0.0003	0.0000	0.0001	0.0001	0.0000	0.0004	0.0003	0.0001	0.0002	0.0002	0.0000	0.0002	0.0002	0.0001	0.0000	0.0000	0.0000	0.0000	0.0000	0.0000	0.0000	0.0000	0.0000	0.0000	0.0000	0.0000	0.0000	0.0000	0.0000	0.0000	0.0000	0.0000											
105	137	0.1571	8	1	0	1	1	0	0	0	0	N	N	N	N	N	N	N	N	N	N	N	N	inf	inf	inf	inf	14.6790	16.1734	0.0000	25.4944	27.1335	0.0000	0.0000	0.0000	0.0000	0.0000	0.0000	0.0000	0.0000	0.0000	0.0000	0.0000	0.0000	0.0000	0.0000	-0.2602	0.0000	1.0000	1.9972	1.0005	1.0076	0.9999	0.9999	0.0000	0.9999	0.9999	0.0000	0.0000	0.0000	0.0000	0.0000	0.0000	0.0000	0.0000	0.0000	0.0000	0.0000	0.0000	0.0000	0.0681	0.0618	0.0063	0.0392	0.0369	0.0024	0.0289	0.0250	0.0039	0.0090	0.0037	0.0053	0.0003	0.0003	0.0000	0.0087	0.0035	0.0053	inf	inf	0.0000	inf	inf	0.0000	0.0000	0.0000	0.0000	0.0000	0.0000	0.0000	0.0000	0.0000	0.0000	0.0000	0.0000	0.0000						
105	138	0.1398	7	2	1	1	0	0	0	0	0	Y	N	N	N	N	N	N	N	N	N	N	N	0.6125	19.7226	0.0000	0.0000	0.0000	0.0000	0.0001	0.0000	0.0009	0.0000	0.0000	0.0000	0.0000	0.0000	0.0000	0.0001	0.0000	0.0000	0.0003	0.0000	0.0003	0.0000	0.0000	0.0000	inf	inf	0.0000	0.0000	1.0000	0.0002	1.0005	2.3255	0.0000	0.0000	0.0000	0.0000	0.0000	0.0000	0.0000	0.0000	0.0000	0.0000	0.0000	0.0000	0.0000	0.0000	0.0000	0.0000	0.0000	0.0000	0.0000	0.0000	0.0000	0.0000	0.0000	0.0000	0.0000	0.0000	0.0000	0.0100	0.0051	0.0050	0.0016	0.0015	0.0001	0.0085	0.0036	0.0049	3.6844	0.0000	19.7226	0.0000	0.0000	0.0000	0.0000	0.0000	0.0000	0.0000	0.0000	0.0000	0.0000	0.0000	0.0003	0.0000	0.0000	0.0000			
105	139	0.1220	6	2	1	1	0	0	0	0	0	Y	N	N	N	N	N	N	N	N	N	N	N	0.0297	221.7370	0.0000	260.4004	295.0023	0.0000	0.0000	0.0000	0.0424	0.0469	0.0000	0.1037	0.1087	0.0000	0.0000	0.0000	0.0000	1.4292	0.0002	1.4080	0.0004	0.0004	0.0000	1.4103	0.0000	0.5175	0.0000	16226.9624	-0.0008	0.0017	1.0000	2.0138	1.0005	2.7349	0.0029	0.0029	0.0000	0.0029	0.0029	0.0000	0.0000	0.0000	0.0000	0.0035	0.0000	0.0035	0.0000	0.0000	0.0000	0.0035	0.0000	0.0035	0.0682	0.0617	0.0065	0.0279	0.0266	0.0013	0.0403	0.0351	0.0052	0.0232	0.0122	0.0111	0.0044	0.0041	0.0002	0.0189	0.0080	0.0108	0.2791	2619.6951	0.0000	2041.6542	2068.5826	0.0000	0.0000	0.0000	0.0000	0.1519	0.0000	0.3185	0.0001	0.0001	0.0000	0.1873	0.0000	0.3258	
105	140	0.1385	7	1	1	1	0	0	0	0	0	N	N	N	N	N	N	N	N	N	N	N	N	0.3937	24.0520	1.7987	59.8426	0.0153	0.0000	0.1382	0.0000	0.0000	0.0000	0.0348	0.0000	0.3025	0.0389	0.0000	0.0057	0.0000	0.0000	0.0000	0.0193	0.0000	0.0051	inf	inf	0.0010	0.0000	1.0000	1.9232	1.0005	1.1116	0.0013	0.0000	0.0013	0.0000	0.0000	0.0000	0.0013	0.0000	0.0013	0.0000	0.0000	0.0000	0.0000	0.0000	0.0000	0.0000	0.0000	0.0000	0.0856	0.0761	0.0095	0.0479	0.0428	0.0051	0.0377	0.0334	0.0043	0.0112	0.0052	0.0060	0.0010	0.0010	0.0001	0.0102	0.0042	0.0059	5.7140	0.0000	27.6321	0.0000	0.0000	0.0000	11.7668	0.0000	59.8426	0.0027	0.0000	0.0050	0.0000	0.0000	0.0000	0.0030	0.0000	0.0051					
105	141	0.6470	9	1	1	1	0	0	0	0	0	N	N	N	N	N	N	N	N	N	N	N	N	0.0000	0.0000	0.0000	0.0000	0.0000	0.0000	0.0000	0.0000	0.0000	0.0000	0.0000	0.0000	0.0000	0.0000	0.0000	0.0000	0.0000	0.0000	0.0000	0.0000	1.0000	3.0000	1.0005	1.0000	0.0000	0.0000	0.0000	0.0000	0.0000	0.0000	0.0000	0.0000	0.0000	0.0000	0.0000	0.0000	0.0000	0.0000	0.0000	0.0000	0.0000	0.0000	0.1325	0.1225	0.0100	0.1081	0.1014	0.0067	0.0243	0.0210	0.0033	0.0079	0.0048	0.0031	0.0042	0.0036	0.0007	0.0037	0.0013	0.0024	0.0000	0.0000	0.0000	0.0000	0.0000	0.0000	0.0000	0.0000	0.0000	0.0000	0.0000	0.0000	0.0000	0.0000	0.0000	0.0000	0.0000	0.0000											
105	142	0.6277	8	1	0	1	0	0	0	0	0	N	N	N	N	N	N	N	N	N	N	N	N	0.0000	0.0000	0.0000	0.0000	0.0000	0.0000	0.0000	0.0000	0.0000	0.0000	0.0000	0.0000	0.0000	0.0000	0.0000	0.0000	0.0000	0.0000	0.0000	0.0000	1.0000	1.0000	1.0005	1.0000	0.0000	0.0000	0.0000	0.0000	0.0000	0.0000	0.0000	0.0000	0.0000	0.0000	0.0000	0.0000	0.0000	0.0000	0.0000	0.0000	0.0000	0.0000	0.0451	0.0418	0.0033	0.0367	0.0346	0.0021	0.0084	0.0072	0.0011	0.0041	0.0025	0.0016	0.0022	0.0018	0.0003	0.0019	0.0006	0.0012	0.0000	0.0000	0.0000	0.0000	0.0000	0.0000	0.0000	0.0000	0.0000	0.0000	0.0000	0.0000	0.0000	0.0000	0.0000	0.0000	0.0000	0.0000											
105	143	0.3774	7	1	0	1	0	0	0	0	0	N	N	N	N	N	N	N	N	N	N	N	N	0.0000	0.0000	0.0000	0.0000	0.0000	0.0000	0.0000	0.0000	0.0000	0.0000	0.0000	0.0000	0.0000	7.4785	11.4357	0.0000	14.1837	16.6885	0.0000	0.0000	0.0000	0.0000	0.0000	0.0000	-0.3582	1.0000	7.1211	1.0005	10.9474	0.0000	0.0000	0.0000	0.0000	0.0000	0.0000	0.0000	0.0000	0.0000	0.6863	0.6863	0.0000	0.6863	0.6863	0.0000	0.0000	0.0000	0.0000	0.2708	0.2465	0.0243	0.1627	0.1532	0.0095	0.1081	0.0933	0.0149	0.0918	0.0600	0.0318	0.0484	0.0411	0.0073	0.0434	0.0189	0.0245	0.0000	0.0000	0.0000	0.0000	0.0000	0.0000	0.0000	0.0000	0.0000	7.4785	11.4357	0.0000	14.1837	16.6885	0.0000	0.0000	0.0000	0.0000						
105	144	0.1826	6	1	0	1	0	0	0	0	0	N	N	N	N	N	N	N	N	N	N	N	N	0.0000	0.0000	0.0000	0.0000	0.0000	8.5862	0.0000	0.0000	0.0000	0.0000	0.0000	0.0001	0.0000	0.0000	0.0004	0.0000	0.0000	0.0000	4.9356	3.7206	14.5657	7.9773	8.7954	0.0000	4.0476	0.0003	15.2363	0.7785	1.5043	0.0000	0.0366	1.0000	8.5175	1.0005	23.1696	0.0000	0.0000	0.0000	0.0000	0.0000	0.0000	0.0000	0.0000	0.0000	0.4651	0.1857	0.2794	0.1857	0.1857	0.0000	0.2794	0.0000	0.2794	0.2729	0.2482	0.0246	0.1528	0.1452	0.0075	0.1201	0.1030	0.0171	0.0942	0.0499	0.0443	0.0233	0.0211	0.0022	0.0709	0.0288	0.0421	0.0000	0.0000	0.0000	0.0000	0.0000	8.5862	0.0000	0.0000	0.0000	4.9356	3.7206	6.3040	7.9773	8.7954	0.0000	3.9375	0.0000	6.6279
105	145	0.1571	9	2	1	1	0	0	0	0	0	Y	N	N	N	N	N	N	N	N	N	N	N	inf	inf	inf	inf	0.0003	0.0003	0.0000	0.0005	0.0005	0.0000	0.0000	0.0000	0.0000	0.0000	0.0000	0.0000	0.0000	0.0000	0.0000	0.0000	0.0000	0.0000	0.0000	-0.0000	0.0000	1.0000	1.0000	1.0005	1.0000	0.0000	0.0000	0.0000	0.0000	0.0000	0.0000	0.0000	0.0000	0.0000	0.0000	0.0000	0.0000	0.0000	0.0000	0.0000	0.0000	0.0000	0.0000	0.0351	0.0319	0.0032	0.0204	0.0192	0.0012	0.0147	0.0127	0.0020	0.0061	0.0025	0.0036	0.0002	0.0002	0.0000	0.0059	0.0023	0.0036	inf	inf	0.0000	inf	inf	0.0000	0.0000	0.0000	0.0000	0.0000	0.0000	0.0000	0.0000	0.0000	0.0000	0.0000	0.0000	0.0000						
105	146	0.1571	8	1	1	1	0	0	0	0	0	N	N	N	N	N	N	N	N	N	N	N	N	inf	inf	inf	inf	3.4444	0.0000	52.6836	0.0000	0.0000	0.0000	15.8607	0.0000	127.5496	0.0000	0.0000	0.0000	0.0000	0.0000	0.0000	0.0000	0.0000	0.0000	inf	0.0001	0.0000	1.0000	0.0003	1.0005	0.0000	0.0001	0.0000	0.0001	0.0000	0.0000	0.0000	0.0001	0.0000	0.0001	0.0000	0.0000	0.0000	0.0000	0.0000	0.0000	0.0000	0.0000	0.0000	0.0000	0.0000	0.0000	0.0000	0.0000	0.0000	0.0000	0.0000	0.0000	0.0000	0.0000	0.0000	0.0000	0.0000	0.0000	0.0000	0.0000	0.0000	inf	0.0000	inf	0.0000	0.0000	0.0000	inf	0.0000	inf	0.0000	0.0000	0.0000	0.0000	0.0000	0.0000	0.0000	0.0000	0.0000						
105	147	0.1385	7	1	0	1	0	0	0	0	0	N	N	N	N	N	N	N	N	N	N	N	N	0.6327	inf	28.5168	inf	inf	2.5816	47.7915	0.0089	0.0008	0.0773	0.0014	0.0015	0.0000	0.0164	0.0000	0.1305	0.0141	0.0000	0.0027	0.0000	0.0000	0.0000	0.0064	0.0000	0.0027	11.9234	inf	0.0009	0.0000	1.0000	4.9449	1.0005	1.0063	0.0014	0.0001	0.0013	0.0001	0.0001	0.0000	0.0013	0.0000	0.0013	0.0000	0.0000	0.0000	0.0000	0.0000	0.0000	0.0000	0.0000	0.0000	0.1596	0.1426	0.0169	0.0797	0.0728	0.0069	0.0798	0.0698	0.0100	0.0201	0.0090	0.0111	0.0013	0.0012	0.0001	0.0188	0.0078	0.0110	5.9562	inf	28.5168	inf	inf	0.0000	10.2617	0.0000	47.7915	0.0015	0.0000	0.0027	0.0000	0.0000	0.0000	0.0016	0.0000	0.0027		
105	148	0.1220	6	1	0	1	0	0	0	0	0	N	N	N	N	N	N	N	N	N	N	N	N	6.5880	0.0018	69.2892	0.0021	0.0025	0.0000	11.1457	234.8523	9.4613	0.0000	96.9164	0.0001	0.0001	0.0000	15.6877	0.0000	121.4804	1.4361	0.0220	1.3987	0.0429	0.0387	0.0000	1.4075	0.0000	0.5173	263026.9682	118.0330	0.7367	0.0017	1.0000	3.4778	1.0005	1.2917	0.9958	0.0000	0.9958	0.0000	0.0000	0.0000	0.9958	0.0000	0.9958	0.0036	0.0000	0.0035	0.0000	0.0000	0.0000	0.0035	0.0000	0.0035	0.1052	0.0950	0.0103	0.0418	0.0397	0.0021	0.0635	0.0553	0.0082	0.0233	0.0122	0.0111	0.0044	0.0041	0.0002	0.0189	0.0080	0.0109	61.9543	0.0162	305.3591	0.0133	0.0132	0.0000	84.0716	0.0000	374.1798	0.1527	0.0025	0.3174	0.0068	0.0072	0.0000	0.1866	0.0000	0.3247	
105	149	0.0716	5	1	0	1	0	0	0	0	0	N	N	N	N	N	N	N	N	N	N	N	N	0.0005	0.0000	0.0029	0.0000	0.0000	0.0009	0.0035	0.0123	0.0000	0.1342	0.0000	0.0000	0.0000	0.0251	0.0000	0.1894	25.9317	0.0001	46.1261	0.0004	0.0004	0.0000	26.6440	0.0000	53.8579	inf	13782434.3068	0.0021	0.4764	1.0000	7.8050	1.0005	4.0035	0.0029	0.0000	0.0029	0.0000	0.0000	0.0000	0.0029	0.0000	0.0029	0.9965	0.0000	0.9965	0.0000	0.0000	0.0000	0.9965	0.0000	0.9965	0.2350	0.2135	0.0215	0.1201	0.1138	0.0063	0.1149	0.0997	0.0153	0.0384	0.0168	0.0216	0.0010	0.0010	0.0001	0.0374	0.0158	0.0216	0.0005	0.0000	0.0029	0.0000	0.0000	0.0000	0.0009	0.0000	0.0041	25.9317	0.0000	46.1261	0.0001	0.0001	0.0000	26.6440	0.0000	46.2371		
105	150	0.1990	7	1	0	1	0	0	0	0	0	N	N	N	N	N	N	N	N	N	N	N	N	0.0000	0.0000	0.0000	0.0319	0.0000	12.2382	0.0000	0.0000	0.0000	0.0000	0.0000	0.0004	0.0001	0.0000	0.0013	0.0000	0.0000	0.0000	2.6473	0.0010	12.9526	0.0018	0.0016	0.0001	3.4448	0.0001	11.8055	inf	8124.1310	0.0000	0.0564	1.0000	3.7255	1.0005	14.1767	0.0000	0.0000	0.0000	0.0000	0.0000	0.0000	0.0000	0.0000	0.0000	0.1180	0.0000	0.1180	0.0000	0.0000	0.0000	0.1180	0.0000	0.1180	0.1545	0.1405	0.0140	0.0907	0.0867	0.0040	0.0638	0.0538	0.0100	0.0625	0.0365	0.0259	0.0185	0.0171	0.0014	0.0439	0.0195	0.0245	0.0000	0.0000	0.0001	0.0746	0.0000	12.2382	0.0000	0.0000	0.0000	1.8891	0.0004	4.5539	0.0008	0.0008	0.0001	2.6860	0.0000	4.8227
105	151	0.1826	6	1	0	1	0	0	0	0	0	N	N	N	N	N	N	N	N	N	N	N	N	0.0000	0.0000	0.0000	0.0000	0.0000	9.8659	0.0000	0.0007	0.0000	0.0001	0.0000	0.0003	0.0001	0.0001	0.0015	0.0000	0.0000	0.0000	10.8273	3.5137	29.7749	6.2966	6.0786	0.0002	14.4876	0.0002	33.3952	0.9881	5.1313	0.0000	0.1351	1.0000	1.4205	1.0005	4.0377	0.0000	0.0000	0.0000	0.0000	0.0000	0.0000	0.0000	0.0000	0.0000	0.4290	0.0700	0.3590	0.0700	0.0700	0.0000	0.3590	0.0000	0.3590	0.0794	0.0718	0.0076	0.0453	0.0437	0.0016	0.0341	0.0281	0.0060	0.0396	0.0234	0.0162	0.0148	0.0142	0.0006	0.0248	0.0092	0.0156	0.0000	0.0000	0.0000	0.0000	0.0000	9.8659	0.0000	0.4082	0.0000	10.8273	2.9837	22.2012	4.7149	4.9097	0.0002	14.4876	0.0000	23.0403
105	152	0.0716	5	1	0	1	0	0	0	0	0	N	N	N	N	N	N	N	N	N	N	N	N	0.0000	0.0005	0.0000	0.0001	0.0001	0.0000	0.0000	0.0000	0.0000	0.0000	0.0001	0.0001	0.0000	0.0000	0.0000	0.0000	10.3479	0.0601	26.5582	0.9827	0.9055	0.0000	10.6359	0.0000	29.4001	0.0000	5956.9112	-0.0000	0.2834	1.0000	6.4701	1.0005	12.4371	0.0000	0.0000	0.0000	0.0000	0.0000	0.0000	0.0000	0.0000	0.0000	0.5931	0.0001	0.5930	0.0001	0.0001	0.0000	0.5930	0.0000	0.5930	0.2014	0.1830	0.0184	0.1044	0.0990	0.0054	0.0970	0.0841	0.0129	0.0573	0.0253	0.0320	0.0016	0.0015	0.0001	0.0558	0.0239	0.0319	0.0000	0.0074	0.0000	0.0008	0.0008	0.0000	0.0000	0.0000	0.0000	10.3479	0.0039	18.5465	0.0638	0.0673	0.0000	10.6359	0.0000	18.5940		
106	109	0.6472	8	2	0	2	0	0	0	0	0	Y	N	Y	N	N	N	N	N	N	N	N	N	0.0000	0.0000	0.0000	0.0000	0.0000	0.0000	0.0000	0.0000	0.0000	0.0000	0.0000	0.0000	0.0000	0.0000	0.0000	0.0000	0.0000	0.0000	0.0000	0.0000	0.7249	0.0000	0.0368	0.9909	0.0000	0.0000	0.0000	0.0000	0.0000	0.0000	0.0000	0.0000	0.0000	0.0000	0.0000	0.0000	0.0000	0.0000	0.0000	0.0000	0.0000	0.0000	0.0000	0.0000	0.0000	0.0000	0.0000	0.0000	0.0000	0.0000	0.0000	0.0010	0.0007	0.0004	0.0006	0.0005	0.0001	0.0004	0.0001	0.0003	0.0000	0.0000	0.0000	0.0000	0.0000	0.0000	0.0000	0.0000	0.0000	0.0000	0.0000	0.0000	0.0000	0.0000	0.0000	0.0000	0.0000	0.0000											
106	110	0.6186	7	2	0	2	0	0	0	0	0	Y	N	Y	N	N	N	N	N	N	N	N	N	inf	inf	inf	inf	0.0015	0.0016	0.0000	0.0000	0.0000	0.0000	0.0078	0.0092	0.0000	0.0000	0.0000	0.0000	0.0000	0.0000	0.0000	0.0000	0.0000	0.0000	0.0000	-0.0000	0.0000	0.7249	4.0000	0.0368	0.0000	0.0001	0.0001	0.0000	0.0000	0.0000	0.0000	0.0001	0.0001	0.0000	0.0000	0.0000	0.0000	0.0000	0.0000	0.0000	0.0000	0.0000	0.0000	0.0805	0.0746	0.0059	0.0651	0.0616	0.0035	0.0154	0.0130	0.0024	0.0018	0.0011	0.0007	0.0010	0.0008	0.0001	0.0008	0.0003	0.0005	inf	inf	0.0000	0.0000	0.0000	0.0000	inf	inf	0.0000	0.0000	0.0000	0.0000	0.0000	0.0000	0.0000	0.0000	0.0000	0.0000						
106	112	0.1083	5	1	0	2	0	0	0	0	0	N	N	Y	N	N	N	N	N	N	N	N	N	0.0000	0.0000	0.0000	0.0000	0.0000	0.0000	0.0000	0.0000	0.0000	0.0000	0.0000	0.0000	0.0000	0.0000	0.0000	0.0000	0.0000	0.0000	0.0000	-0.0000	0.7249	0.0000	0.0368	0.0001	0.0000	0.0000	0.0000	0.0000	0.0000	0.0000	0.0000	0.0000	0.0000	0.0000	0.0000	0.0000	0.0000	0.0000	0.0000	0.0000	0.0000	0.0000	0.0000	0.0000	0.0000	0.0000	0.0000	0.0000	0.0000	0.0000	0.0000	0.0000	0.0000	0.0000	0.0000	0.0000	0.0000	0.0000	0.0000	0.0000	0.0000	0.0000	0.0000	0.0000	0.0000	0.0000	0.0000	0.0000	0.0000	0.0000	0.0000	0.0000	0.0000	0.0000	0.0000	0.0000	0.0000	0.0000											
106	113	0.0625	4	1	0	2	0	0	0	0	0	N	N	Y	N	N	N	N	N	N	N	N	N	0.0000	0.0000	0.0000	0.0000	0.0000	0.0000	0.0000	0.0000	0.0000	0.0000	0.0000	0.0000	0.0000	0.0000	0.0000	0.0361	0.0550	0.0015	0.0000	0.0000	0.0000	0.0164	0.1627	0.0015	0.5000	0.0000	-0.0000	0.7249	4.0004	0.0368	4.9999	0.0000	0.0000	0.0000	0.0000	0.0000	0.0000	0.0000	0.0000	0.0000	0.0000	0.0000	0.0000	0.0000	0.0000	0.0000	0.0000	0.0000	0.0000	0.1112	0.1015	0.0097	0.0636	0.0606	0.0030	0.0476	0.0409	0.0067	0.0118	0.0052	0.0066	0.0004	0.0004	0.0000	0.0114	0.0048	0.0066	0.0000	0.0000	0.0000	0.0000	0.0000	0.0000	0.0000	0.0000	0.0000	0.0025	0.0039	0.0015	0.0000	0.0000	0.0000	0.0026	0.0042	0.0015				
106	114	0.6512	8	1	1	1	0	0	0	0	0	N	N	N	N	N	N	N	N	N	N	N	N	0.0033	0.0001	25.4598	0.0000	0.0000	3.0292	0.0028	31.0232	0.0000	0.0000	0.0004	0.0000	0.0000	0.0000	0.0001	0.0000	0.0006	0.0104	0.0129	0.0000	0.0054	0.0054	0.0000	0.0000	0.0008	0.0000	43.3108	0.0039	0.0000	-0.0000	0.7249	4.3361	0.0368	4.6323	0.0000	0.0000	0.0000	0.0000	0.0000	0.0000	0.0000	0.0000	0.0000	0.0000	0.0000	0.0000	0.0000	0.0000	0.0000	0.0000	0.0000	0.0000	0.1258	0.1152	0.0106	0.0813	0.0773	0.0041	0.0444	0.0379	0.0065	0.0081	0.0055	0.0026	0.0051	0.0045	0.0006	0.0029	0.0010	0.0019	0.0267	0.0005	25.4598	0.0001	0.0001	0.0000	6.0026	0.2932	31.0232	0.0013	0.0019	0.0000	0.0020	0.0023	0.0000	0.0000	0.0000	0.0000	
106	115	0.6186	7	1	0	1	0	0	0	0	0	N	N	N	N	N	N	N	N	N	N	N	N	0.0007	0.0012	0.0000	0.0002	0.0004	0.0000	0.0357	inf	0.0000	0.0000	0.0000	0.0000	0.0000	0.0000	0.0000	0.0000	0.0000	0.0000	0.0006	0.0004	0.0005	0.0010	0.0005	0.0026	0.0000	0.0000	0.0000	0.0000	4.0688	-0.0000	0.0000	0.7249	1.9840	0.0368	0.2610	0.0000	0.0000	0.0000	0.0000	0.0000	0.0000	0.0000	0.0000	0.0000	0.0000	0.0000	0.0000	0.0000	0.0000	0.0000	0.0000	0.0000	0.0000	0.0422	0.0391	0.0031	0.0344	0.0325	0.0019	0.0078	0.0066	0.0012	0.0010	0.0006	0.0004	0.0005	0.0005	0.0001	0.0005	0.0002	0.0003	0.0017	0.0057	0.0000	0.0004	0.0018	0.0000	0.0709	inf	0.0000	0.0002	0.0001	0.0005	0.0004	0.0001	0.0021	0.0000	0.0000	0.0000
106	116	0.0625	4	1	1	1	1	0	0	0	0	N	N	N	N	N	N	N	N	N	N	N	N	inf	inf	inf	inf	inf	inf	0.2870	0.3145	0.0000	0.4924	0.5169	0.0000	0.0182	0.0212	0.0000	0.0000	0.0000	0.0000	0.0000	0.0000	0.0000	0.0000	0.0000	0.0000	0.0000	-0.0101	0.0000	0.7249	5.0006	0.0368	2.0000	0.0389	0.0389	0.0000	0.0378	0.0378	0.0000	0.0011	0.0011	0.0000	0.0000	0.0000	0.0000	0.0000	0.0000	0.0000	0.0000	0.0000	0.0000	0.1356	0.1237	0.0119	0.0769	0.0732	0.0036	0.0587	0.0505	0.0082	0.0094	0.0041	0.0053	0.0003	0.0003	0.0000	0.0091	0.0038	0.0053	inf	inf	0.0000	inf	inf	0.0000	inf	inf	0.0000	0.0000	0.0000	0.0000	0.0000	0.0000	0.0000	0.0000	0.0000	0.0000				
106	117	0.6186	7	1	1	1	1	0	0	0	0	N	N	N	N	N	N	N	N	N	N	N	N	0.0000	0.0000	0.0000	0.0000	0.0000	0.0000	0.0000	0.0000	0.0000	0.0000	0.0000	0.0000	0.0000	0.0000	0.0000	0.0000	0.0000	0.0000	0.0000	0.0000	0.7249	0.0000	0.0368	1.0000	0.0000	0.0000	0.0000	0.0000	0.0000	0.0000	0.0000	0.0000	0.0000	0.0000	0.0000	0.0000	0.0000	0.0000	0.0000	0.0000	0.0000	0.0000	0.0000	0.0000	0.0000	0.0000	0.0000	0.0000	0.0000	0.0000	0.0000	0.0006	0.0004	0.0002	0.0003	0.0003	0.0001	0.0003	0.0001	0.0002	0.0000	0.0000	0.0000	0.0000	0.0000	0.0000	0.0000	0.0000	0.0000	0.0000	0.0000	0.0000	0.0000	0.0000	0.0000	0.0000	0.0000	0.0000											
106	118	0.0625	4	1	1	1	0	0	0	0	0	N	N	N	N	N	N	N	N	N	N	N	N	0.0019	0.0013	0.0000	0.0000	0.0000	0.1295	inf	0.0000	0.0000	0.0000	0.0000	0.0000	0.0000	0.0000	0.0001	0.0001	0.0000	0.0145	0.0237	0.0007	0.5317	0.5044	0.0000	0.0004	0.0000	0.0007	0.0000	0.3333	-0.0000	-0.0000	0.7249	16.9994	0.0368	6.0000	0.0000	0.0000	0.0000	0.0000	0.0000	0.0000	0.0000	0.0000	0.0000	0.0000	0.0000	0.0000	0.0000	0.0000	0.0000	0.0000	0.0000	0.0000	0.3582	0.3260	0.0322	0.1858	0.1771	0.0087	0.1724	0.1489	0.0235	0.0262	0.0117	0.0145	0.0009	0.0009	0.0000	0.0253	0.0108	0.0145	0.0183	0.0120	0.0000	0.0000	0.0000	0.0000	0.1468	inf	0.0000	0.0015	0.0026	0.0007	0.0334	0.0349	0.0000	0.0004	0.0000	0.0007	
106	119	0.6186	7	1	1	1	0	0	0	0	0	N	N	N	N	N	N	N	N	N	N	N	N	0.0000	0.0000	0.0000	0.0000	0.0000	0.0000	0.0000	0.0000	0.0000	0.0000	0.0000	0.0000	0.0000	0.0000	0.0000	0.0000	0.0000	0.0000	0.0000	0.0000	0.7249	5.0000	0.0368	6.0000	0.0000	0.0000	0.0000	0.0000	0.0000	0.0000	0.0000	0.0000	0.0000	0.0000	0.0000	0.0000	0.0000	0.0000	0.0000	0.0000	0.0000	0.0000	0.0981	0.0908	0.0072	0.0789	0.0747	0.0043	0.0191	0.0162	0.0029	0.0046	0.0028	0.0018	0.0025	0.0021	0.0004	0.0021	0.0007	0.0014	0.0000	0.0000	0.0000	0.0000	0.0000	0.0000	0.0000	0.0000	0.0000	0.0000	0.0000	0.0000	0.0000	0.0000	0.0000	0.0000	0.0000	0.0000											
106	120	0.6467	8	1	1	1	0	0	0	0	0	N	N	N	N	N	N	N	N	N	N	N	N	0.2253	inf	0.0000	inf	inf	1.2891	inf	0.0000	0.0000	0.0000	0.0000	0.0000	0.0000	0.0000	0.0002	0.0002	0.0000	0.0002	0.0000	0.0001	0.0000	0.0000	0.0000	0.0001	0.0000	0.0001	0.0000	inf	-0.0000	0.0000	0.7249	0.9998	0.0368	0.9486	0.0000	0.0000	0.0000	0.0000	0.0000	0.0000	0.0000	0.0000	0.0000	0.0000	0.0000	0.0000	0.0000	0.0000	0.0000	0.0000	0.0000	0.0000	0.0211	0.0195	0.0016	0.0172	0.0162	0.0010	0.0039	0.0033	0.0006	0.0011	0.0007	0.0004	0.0007	0.0005	0.0001	0.0004	0.0001	0.0003	1.0075	inf	0.0000	inf	inf	0.0000	1.8771	inf	0.0000	0.0000	0.0000	0.0001	0.0000	0.0000	0.0000	0.0001	0.0000	0.0001	
106	121	0.6186	7	1	1	1	0	0	0	0	0	N	N	N	N	N	N	N	N	N	N	N	N	10.0775	5.5496	0.0007	0.0008	inf	inf	0.0011	0.0012	0.0000	0.0000	0.0000	0.0000	0.0057	0.0067	0.0000	0.0001	0.0002	0.0000	0.0003	0.0003	0.0000	0.0000	0.0000	0.0000	0.0000	0.0000	-0.0000	-0.0000	0.7249	3.0005	0.0368	1.1085	0.0001	0.0001	0.0000	0.0000	0.0000	0.0000	0.0001	0.0001	0.0000	0.0000	0.0000	0.0000	0.0000	0.0000	0.0000	0.0000	0.0000	0.0000	0.1071	0.0992	0.0079	0.0860	0.0813	0.0046	0.0211	0.0178	0.0032	0.0033	0.0020	0.0013	0.0017	0.0015	0.0003	0.0015	0.0005	0.0010	96.4175	63.1637	0.0000	0.0099	0.0088	0.0000	inf	inf	0.0000	0.0000	0.0000	0.0000	0.0000	0.0000	0.0000	0.0000	0.0000	0.0000			
106	122	0.0212	3	1	1	1	0	0	0	0	0	N	N	N	N	N	N	N	N	N	N	N	N	0.0554	inf	0.0000	inf	inf	0.2007	inf	0.0000	0.0223	0.0245	0.0000	0.0249	0.0255	0.0000	0.0211	0.0240	0.0000	0.4032	0.0000	0.0513	0.0000	0.0000	0.0000	0.1051	0.0000	0.0188	0.0000	inf	-0.0004	0.0000	0.7249	2.0001	0.0368	3.0000	0.0017	0.0017	0.0000	0.0006	0.0006	0.0000	0.0011	0.0011	0.0000	0.0001	0.0000	0.0001	0.0000	0.0000	0.0000	0.0001	0.0000	0.0001	0.0752	0.0685	0.0067	0.0245	0.0239	0.0006	0.0507	0.0446	0.0061	0.0103	0.0049	0.0054	0.0002	0.0002	0.0000	0.0101	0.0047	0.0054	2.5478	inf	0.0000	inf	inf	0.0000	2.3650	inf	0.0000	0.0088	0.0000	0.0167	0.0000	0.0000	0.0000	0.0089	0.0000	0.0167	
106	124	0.6521	8	1	1	1	0	0	0	0	0	N	N	N	N	N	N	N	N	N	N	N	N	0.4135	0.2750	0.0000	0.3178	0.2891	757.6183	22.1122	0.0000	0.0109	0.0118	0.0000	0.0044	0.0047	0.0000	0.0434	0.0513	0.0000	0.0265	0.0431	0.0000	0.0140	0.0164	0.0000	0.0001	0.0023	0.0000	0.0000	0.0001	-0.0005	-0.0000	0.7249	3.9006	0.0368	3.1543	0.0018	0.0018	0.0000	0.0006	0.0006	0.0000	0.0012	0.0012	0.0000	0.0000	0.0000	0.0000	0.0000	0.0000	0.0000	0.0000	0.0000	0.0000	0.1627	0.1502	0.0125	0.1356	0.1273	0.0083	0.0271	0.0229	0.0041	0.0059	0.0037	0.0022	0.0035	0.0028	0.0007	0.0024	0.0009	0.0015	4.9429	3.3764	0.0000	1.1933	1.0279	0.0000	1601.9871	728.0044	0.0000	0.0022	0.0035	0.0000	0.0037	0.0046	0.0000	0.0000	0.0001	0.0000	
106	125	0.6186	7	1	1	1	0	0	0	0	0	N	N	N	N	N	N	N	N	N	N	N	N	0.0002	0.0001	0.0651	0.0000	0.0000	0.0000	inf	inf	inf	0.0003	0.0004	0.0000	0.0001	0.0001	0.0000	0.0011	0.0013	0.0000	2.0227	2.8744	0.0000	4.1782	4.2876	0.0000	0.0000	0.0000	0.0000	0.0001	0.0000	-0.0000	-0.0010	0.7249	1.6924	0.0368	1.9110	0.0000	0.0000	0.0000	0.0000	0.0000	0.0000	0.0000	0.0000	0.0000	0.0019	0.0019	0.0000	0.0019	0.0019	0.0000	0.0000	0.0000	0.0000	0.0643	0.0596	0.0047	0.0522	0.0493	0.0029	0.0121	0.0102	0.0019	0.0029	0.0017	0.0011	0.0015	0.0013	0.0002	0.0013	0.0004	0.0009	0.0005	0.0003	0.0651	0.0001	0.0001	0.0000	inf	inf	inf	0.6464	1.0648	0.0000	1.2016	1.4265	0.0000	0.0000	0.0000	0.0000
106	126	0.0625	4	1	1	1	0	0	0	0	0	N	N	N	N	N	N	N	N	N	N	N	N	0.0000	0.0000	0.0000	0.0000	0.0000	0.0000	0.0000	0.0000	0.0000	0.0000	0.0000	0.0000	0.0000	0.0000	0.0000	0.0000	0.4545	0.1964	0.0418	1.1513	1.1463	0.0000	0.0803	0.0000	0.0141	3.0000	0.0000	0.0000	0.7249	0.9996	0.0368	8.0005	0.0000	0.0000	0.0000	0.0000	0.0000	0.0000	0.0000	0.0000	0.0000	0.0001	0.0000	0.0001	0.0000	0.0000	0.0000	0.0001	0.0000	0.0001	0.0301	0.0275	0.0026	0.0177	0.0169	0.0008	0.0124	0.0106	0.0018	0.0118	0.0052	0.0066	0.0004	0.0004	0.0000	0.0114	0.0048	0.0066	0.0000	0.0000	0.0000	0.0000	0.0000	0.0000	0.0000	0.0000	0.0000	0.0102	0.0058	0.0136	0.0770	0.0801	0.0000	0.0079	0.0000	0.0136			
106	127	0.1898	6	1	0	1	0	0	0	0	0	N	N	N	N	N	N	N	N	N	N	N	N	0.0001	0.0027	0.0003	0.0002	0.0004	0.0006	0.0018	0.3831	0.0000	0.0000	0.0000	0.0000	0.0000	0.0000	0.0000	0.0001	0.0001	0.0000	0.2937	0.0167	0.0344	0.0366	0.0159	0.0651	0.0537	0.0003	0.0113	0.0244	3.9792	-0.0000	0.0000	0.7249	3.6536	0.0368	12.3970	0.0000	0.0000	0.0000	0.0000	0.0000	0.0000	0.0000	0.0000	0.0000	0.0001	0.0000	0.0001	0.0000	0.0000	0.0000	0.0001	0.0000	0.0001	0.1258	0.1148	0.0110	0.0778	0.0745	0.0033	0.0480	0.0403	0.0077	0.0229	0.0135	0.0094	0.0070	0.0065	0.0005	0.0159	0.0070	0.0089	0.0066	0.0207	0.0009	0.0012	0.0014	0.0013	0.0152	97.0717	0.0000	0.0063	0.0021	0.0123	0.0062	0.0044	0.0283	0.0063	0.0000	0.0113
106	128	0.3682	6	1	0	1	0	0	0	0	0	N	N	N	N	N	N	N	N	N	N	N	N	0.5448	3.1803	0.0821	3.7457	9.0220	0.0187	0.1003	0.1855	0.1469	0.0166	0.0181	0.0004	0.0243	0.0257	0.0002	0.0015	0.0017	0.0006	0.0304	0.0057	0.0052	0.0065	0.0028	0.0115	0.0152	0.0090	0.0039	0.0022	2.2122	-0.0008	0.0000	0.7249	5.3495	0.0368	12.4099	0.0033	0.0033	0.0000	0.0032	0.0032	0.0000	0.0001	0.0001	0.0000	0.0001	0.0000	0.0001	0.0000	0.0000	0.0000	0.0000	0.0000	0.0000	0.1980	0.1815	0.0166	0.1308	0.1240	0.0068	0.0672	0.0575	0.0097	0.0355	0.0233	0.0123	0.0188	0.0160	0.0028	0.0168	0.0073	0.0095	7.1318	16.3197	0.0926	11.0344	18.6870	0.0308	0.6175	3.2250	0.1469	0.0023	0.0011	0.0046	0.0022	0.0014	0.0069	0.0025	0.0005	0.0039
106	129	0.1739	10	1	1	1	1	0	0	0	0	N	N	N	N	N	N	N	N	N	N	N	N	0.0000	0.0000	0.0000	0.0000	0.0000	0.0000	0.0000	0.0000	0.0000	0.0000	0.0000	0.0000	0.0000	0.0000	0.0000	0.0000	0.0000	0.0000	0.0000	0.0000	0.7249	0.0000	0.0368	0.0000	0.0000	0.0000	0.0000	0.0000	0.0000	0.0000	0.0000	0.0000	0.0000	0.0000	0.0000	0.0000	0.0000	0.0000	0.0000	0.0000	0.0000	0.0000	0.0000	0.0000	0.0000	0.0000	0.0000	0.0000	0.0000	0.0000	0.0000	0.0000	0.0000	0.0000	0.0000	0.0000	0.0000	0.0000	0.0000	0.0000	0.0000	0.0000	0.0000	0.0000	0.0000	0.0000	0.0000	0.0000	0.0000	0.0000	0.0000	0.0000	0.0000	0.0000	0.0000	0.0000	0.0000	0.0000											
106	130	0.1576	9	1	1	1	1	0	0	0	0	N	N	N	N	N	N	N	N	N	N	N	N	0.0000	0.0000	0.0000	0.0000	0.0000	0.0000	0.0000	0.0000	0.0000	0.0000	0.0000	0.0000	0.0000	0.0000	0.0000	0.0000	0.0000	0.0000	0.0000	0.0000	0.7249	0.0000	0.0368	3.0001	0.0000	0.0000	0.0000	0.0000	0.0000	0.0000	0.0000	0.0000	0.0000	0.0000	0.0000	0.0000	0.0000	0.0000	0.0000	0.0000	0.0000	0.0000	0.0000	0.0000	0.0000	0.0000	0.0000	0.0000	0.0000	0.0000	0.0000	0.0038	0.0016	0.0022	0.0002	0.0002	0.0000	0.0036	0.0015	0.0022	0.0000	0.0000	0.0000	0.0000	0.0000	0.0000	0.0000	0.0000	0.0000	0.0000	0.0000	0.0000	0.0000	0.0000	0.0000	0.0000	0.0000	0.0000											
106	131	0.1480	8	1	1	1	0	0	0	0	0	N	N	N	N	N	N	N	N	N	N	N	N	0.0000	0.0000	0.0000	0.0000	0.0000	0.0000	0.0000	0.0000	0.0000	0.0000	0.0000	0.0000	0.0000	0.0000	0.0000	0.0000	0.0000	0.0000	0.0000	0.0000	0.7249	0.0000	0.0368	0.0000	0.0000	0.0000	0.0000	0.0000	0.0000	0.0000	0.0000	0.0000	0.0000	0.0000	0.0000	0.0000	0.0000	0.0000	0.0000	0.0000	0.0000	0.0000	0.0000	0.0000	0.0000	0.0000	0.0000	0.0000	0.0000	0.0000	0.0000	0.0000	0.0000	0.0000	0.0000	0.0000	0.0000	0.0000	0.0000	0.0000	0.0000	0.0000	0.0000	0.0000	0.0000	0.0000	0.0000	0.0000	0.0000	0.0000	0.0000	0.0000	0.0000	0.0000	0.0000	0.0000	0.0000	0.0000											
106	132	0.1576	9	1	0	2	1	0	0	0	0	N	N	Y	N	N	N	N	N	N	N	N	N	0.0000	0.0000	0.0000	0.0000	0.0000	0.0000	0.0000	0.0000	0.0000	0.0000	0.0000	0.0000	0.0000	0.0000	0.0000	0.0000	0.0000	0.0000	0.0000	0.0000	0.7249	0.0000	0.0368	1.9999	0.0000	0.0000	0.0000	0.0000	0.0000	0.0000	0.0000	0.0000	0.0000	0.0000	0.0000	0.0000	0.0000	0.0000	0.0000	0.0000	0.0000	0.0000	0.0000	0.0000	0.0000	0.0000	0.0000	0.0000	0.0000	0.0000	0.0000	0.0026	0.0011	0.0015	0.0001	0.0001	0.0000	0.0025	0.0010	0.0015	0.0000	0.0000	0.0000	0.0000	0.0000	0.0000	0.0000	0.0000	0.0000	0.0000	0.0000	0.0000	0.0000	0.0000	0.0000	0.0000	0.0000	0.0000											
106	133	0.1687	10	1	0	2	1	0	0	0	0	N	N	Y	N	N	N	N	N	N	N	N	N	0.0000	0.0000	0.0000	0.0000	0.0000	0.0000	0.0000	0.0000	0.0000	0.0000	0.0000	0.0000	0.0000	0.0000	0.0000	0.0000	0.0000	0.0000	0.0000	0.0000	0.7249	1.0000	0.0368	0.0000	0.0000	0.0000	0.0000	0.0000	0.0000	0.0000	0.0000	0.0000	0.0000	0.0000	0.0000	0.0000	0.0000	0.0000	0.0000	0.0000	0.0000	0.0000	0.0307	0.0280	0.0027	0.0196	0.0184	0.0011	0.0111	0.0095	0.0016	0.0013	0.0005	0.0007	0.0002	0.0001	0.0001	0.0011	0.0004	0.0007	0.0000	0.0000	0.0000	0.0000	0.0000	0.0000	0.0000	0.0000	0.0000	0.0000	0.0000	0.0000	0.0000	0.0000	0.0000	0.0000	0.0000	0.0000											
106	134	0.1687	10	1	0	2	1	0	0	0	0	N	N	Y	N	N	N	N	N	N	N	N	N	0.0000	0.0000	0.0000	0.0000	0.0000	0.0000	0.0000	0.0000	0.0000	0.0000	0.0000	0.0000	0.0000	0.0000	0.0000	0.0000	0.0000	0.0000	0.0000	0.0000	0.7249	0.0000	0.0368	0.0000	0.0000	0.0000	0.0000	0.0000	0.0000	0.0000	0.0000	0.0000	0.0000	0.0000	0.0000	0.0000	0.0000	0.0000	0.0000	0.0000	0.0000	0.0000	0.0000	0.0000	0.0000	0.0000	0.0000	0.0000	0.0000	0.0000	0.0000	0.0000	0.0000	0.0000	0.0000	0.0000	0.0000	0.0000	0.0000	0.0000	0.0000	0.0000	0.0000	0.0000	0.0000	0.0000	0.0000	0.0000	0.0000	0.0000	0.0000	0.0000	0.0000	0.0000	0.0000	0.0000	0.0000	0.0000											
106	135	0.1576	9	1	0	2	1	0	0	0	0	N	N	Y	N	N	N	N	N	N	N	N	N	0.0027	0.0014	0.0009	0.0009	0.0000	0.0000	0.0010	0.0011	0.0000	0.0016	0.0017	0.0000	0.0000	0.0000	0.0000	0.3713	0.7699	0.0000	1.8538	1.8929	0.0000	0.0000	0.0009	0.0000	0.0000	0.0000	-0.0000	-0.0000	0.7249	2.0025	0.0368	0.9943	0.0001	0.0001	0.0000	0.0001	0.0001	0.0000	0.0000	0.0000	0.0000	0.0000	0.0000	0.0000	0.0000	0.0000	0.0000	0.0000	0.0000	0.0000	0.0603	0.0549	0.0054	0.0375	0.0354	0.0022	0.0228	0.0196	0.0032	0.0038	0.0016	0.0022	0.0002	0.0002	0.0000	0.0036	0.0015	0.0022	0.1268	0.0602	0.0000	0.0098	0.0101	0.0000	0.0000	0.0000	0.0000	0.0078	0.0182	0.0000	0.1629	0.1681	0.0000	0.0000	0.0000	0.0000			
106	136	0.1576	8	1	0	1	1	0	0	0	0	N	N	N	N	N	N	N	N	N	N	N	N	0.0000	0.0000	0.0000	0.0000	0.0000	0.0000	0.0000	0.0000	0.0000	0.0000	0.0000	0.0000	0.0000	0.0000	0.0000	0.0000	0.0000	0.0516	0.0119	0.0209	0.0443	0.0117	6.1993	0.0002	0.0000	0.0005	0.9865	0.0000	-0.0000	0.7249	0.0050	0.0368	0.0173	0.0000	0.0000	0.0000	0.0000	0.0000	0.0000	0.0000	0.0000	0.0000	0.0000	0.0000	0.0000	0.0000	0.0000	0.0000	0.0000	0.0000	0.0000	0.0003	0.0003	0.0000	0.0002	0.0002	0.0000	0.0001	0.0001	0.0000	0.0002	0.0001	0.0000	0.0001	0.0001	0.0000	0.0001	0.0001	0.0000	0.0000	0.0000	0.0000	0.0000	0.0000	0.0000	0.0000	0.0000	0.0000	0.0030	0.0018	0.0085	0.0069	0.0036	0.7580	0.0002	0.0000	0.0005		
106	137	0.1480	7	1	0	1	1	0	0	0	0	N	N	N	N	N	N	N	N	N	N	N	N	0.0000	0.0000	0.0000	0.0000	0.0000	0.0000	0.0000	0.0000	0.0000	0.0000	0.0000	0.0000	0.0000	0.0002	0.0005	0.0000	0.0049	0.0043	0.0000	0.0000	0.0000	0.0000	0.0000	0.0000	-0.0000	0.7249	1.9972	0.0368	1.0076	0.0000	0.0000	0.0000	0.0000	0.0000	0.0000	0.0000	0.0000	0.0000	0.0000	0.0000	0.0000	0.0000	0.0000	0.0000	0.0000	0.0000	0.0000	0.0571	0.0520	0.0051	0.0348	0.0329	0.0019	0.0223	0.0191	0.0032	0.0035	0.0014	0.0021	0.0001	0.0001	0.0000	0.0034	0.0013	0.0020	0.0000	0.0000	0.0000	0.0000	0.0000	0.0000	0.0000	0.0000	0.0000	0.0001	0.0002	0.0000	0.0019	0.0020	0.0000	0.0000	0.0000	0.0000						
106	138	0.1307	6	2	1	1	0	0	0	0	0	Y	N	N	N	N	N	N	N	N	N	N	N	0.0003	0.2590	0.0000	0.0003	0.2223	0.0000	0.0000	0.0000	0.0001	0.0001	0.0000	0.0002	0.0002	0.0000	0.0000	0.0000	0.0000	0.3682	0.0004	0.0502	0.5113	0.0008	3.8080	0.0207	0.0000	0.0053	0.0000	137.8118	-0.0000	0.0000	0.7249	0.0002	0.0368	2.3255	0.0000	0.0000	0.0000	0.0000	0.0000	0.0000	0.0000	0.0000	0.0000	0.0000	0.0000	0.0000	0.0000	0.0000	0.0000	0.0000	0.0000	0.0000	0.0000	0.0000	0.0000	0.0000	0.0000	0.0000	0.0000	0.0000	0.0000	0.0039	0.0020	0.0019	0.0006	0.0006	0.0000	0.0033	0.0014	0.0019	0.0121	0.9279	0.0000	0.0054	0.4882	0.0000	0.0000	0.0000	0.0000	0.0078	0.0001	0.0156	0.0330	0.0004	0.6650	0.0031	0.0000	0.0053	
106	139	0.1128	5	2	1	1	0	0	0	0	0	Y	N	N	N	N	N	N	N	N	N	N	N	238.1345	131.7315	34.4236	137.1058	160.5220	0.0000	4.3896	0.0000	47.3248	0.6506	0.7165	0.0019	1.4018	1.4638	0.0000	0.0003	0.0000	0.0024	0.0027	0.0054	0.0001	0.0102	0.0091	0.0002	0.0001	0.0014	0.0001	0.0003	0.0463	-0.0096	-0.0000	0.7249	2.0138	0.0368	2.7349	0.0371	0.0371	0.0000	0.0371	0.0371	0.0000	0.0000	0.0000	0.0000	0.0000	0.0000	0.0000	0.0000	0.0000	0.0000	0.0000	0.0000	0.0000	0.0570	0.0518	0.0053	0.0265	0.0254	0.0011	0.0306	0.0264	0.0041	0.0090	0.0047	0.0043	0.0017	0.0016	0.0001	0.0073	0.0031	0.0042	1105.0016	667.5985	34.4236	484.2330	478.6944	0.0000	7.6222	0.0016	47.3248	0.0006	0.0011	0.0001	0.0029	0.0031	0.0002	0.0000	0.0000	0.0001
106	140	0.1294	6	1	1	1	0	0	0	0	0	N	N	N	N	N	N	N	N	N	N	N	N	0.0064	0.0018	0.2666	0.0031	0.0015	0.0280	0.0000	0.0000	0.0000	0.0000	0.0000	0.0000	0.0000	0.0000	0.0000	0.0000	0.0000	0.0001	0.0002	0.0000	0.0004	0.0003	0.0003	0.0000	0.0000	0.0000	1.9059	3.0560	0.0000	0.0000	0.7249	1.9232	0.0368	1.1116	0.0000	0.0000	0.0000	0.0000	0.0000	0.0000	0.0000	0.0000	0.0000	0.0000	0.0000	0.0000	0.0000	0.0000	0.0000	0.0000	0.0000	0.0000	0.0694	0.0620	0.0074	0.0408	0.0369	0.0039	0.0286	0.0252	0.0035	0.0043	0.0020	0.0023	0.0004	0.0004	0.0000	0.0039	0.0016	0.0023	0.0610	0.0444	0.2666	0.0255	0.0144	0.0289	0.0000	0.0000	0.0000	0.0000	0.0000	0.0000	0.0000	0.0000	0.0003	0.0000	0.0000	0.0000	
106	141	0.6378	8	1	1	1	0	0	0	0	0	N	N	N	N	N	N	N	N	N	N	N	N	0.0000	0.0000	0.0000	0.0000	0.0000	0.0000	0.0000	0.0000	0.0000	0.0000	0.0000	0.0000	0.0000	0.0000	0.0000	0.0000	0.0000	0.0000	0.0000	0.0000	0.7249	3.0000	0.0368	1.0000	0.0000	0.0000	0.0000	0.0000	0.0000	0.0000	0.0000	0.0000	0.0000	0.0000	0.0000	0.0000	0.0000	0.0000	0.0000	0.0000	0.0000	0.0000	0.1149	0.1063	0.0087	0.0939	0.0884	0.0054	0.0211	0.0178	0.0032	0.0032	0.0019	0.0012	0.0017	0.0014	0.0003	0.0015	0.0005	0.0010	0.0000	0.0000	0.0000	0.0000	0.0000	0.0000	0.0000	0.0000	0.0000	0.0000	0.0000	0.0000	0.0000	0.0000	0.0000	0.0000	0.0000	0.0000											
106	142	0.6186	7	1	0	1	0	0	0	0	0	N	N	N	N	N	N	N	N	N	N	N	N	0.0000	0.0000	0.0000	0.0000	0.0000	0.0000	0.0000	0.0000	0.0000	0.0000	0.0000	0.0000	0.0000	0.0000	0.0000	0.0000	0.0000	0.0000	0.0000	0.0000	0.7249	1.0000	0.0368	1.0000	0.0000	0.0000	0.0000	0.0000	0.0000	0.0000	0.0000	0.0000	0.0000	0.0000	0.0000	0.0000	0.0000	0.0000	0.0000	0.0000	0.0000	0.0000	0.0393	0.0365	0.0029	0.0321	0.0304	0.0018	0.0072	0.0061	0.0011	0.0016	0.0010	0.0006	0.0009	0.0007	0.0001	0.0008	0.0003	0.0005	0.0000	0.0000	0.0000	0.0000	0.0000	0.0000	0.0000	0.0000	0.0000	0.0000	0.0000	0.0000	0.0000	0.0000	0.0000	0.0000	0.0000	0.0000											
106	143	0.3682	6	1	0	1	0	0	0	0	0	N	N	N	N	N	N	N	N	N	N	N	N	0.2708	0.2142	0.0000	0.6250	0.6125	0.0000	0.1897	0.3177	0.0000	0.1511	0.1650	0.0000	0.2347	0.2474	0.0000	0.0012	0.0014	0.0000	0.5581	0.7703	0.0023	0.3756	0.4040	0.0013	0.0061	0.0043	0.0026	0.0000	0.0656	-0.0091	-0.0002	0.7249	7.1211	0.0368	10.9474	0.0351	0.0351	0.0000	0.0350	0.0350	0.0000	0.0001	0.0001	0.0000	0.0005	0.0004	0.0000	0.0004	0.0004	0.0000	0.0000	0.0000	0.0000	0.2324	0.2129	0.0196	0.1492	0.1416	0.0076	0.0832	0.0713	0.0119	0.0357	0.0234	0.0124	0.0188	0.0160	0.0028	0.0169	0.0073	0.0096	11.9017	9.0518	0.0000	10.3576	9.3538	0.0000	0.7383	6.3130	0.0000	0.0127	0.0182	0.0023	0.0227	0.0265	0.0011	0.0016	0.0002	0.0026
106	144	0.1734	5	1	0	1	0	0	0	0	0	N	N	N	N	N	N	N	N	N	N	N	N	0.0795	0.4884	0.0526	0.9645	1.0481	0.1438	0.0055	0.0052	0.0865	0.0151	0.0164	0.0006	0.0250	0.0262	0.0006	0.0002	0.0001	0.0006	0.1894	0.0337	0.0118	0.0259	0.0250	0.0045	0.0358	0.0235	0.0071	0.0036	1.9317	-0.0009	0.0000	0.7249	8.5175	0.0368	23.1696	0.0035	0.0035	0.0000	0.0035	0.0035	0.0000	0.0000	0.0000	0.0000	0.0002	0.0001	0.0001	0.0000	0.0000	0.0000	0.0001	0.0000	0.0001	0.2307	0.2107	0.0200	0.1381	0.1319	0.0062	0.0926	0.0788	0.0138	0.0368	0.0195	0.0173	0.0092	0.0084	0.0008	0.0276	0.0112	0.0164	3.0731	5.2208	0.0904	4.6566	4.6748	0.2071	0.0413	0.0947	0.0865	0.0049	0.0031	0.0069	0.0054	0.0056	0.0031	0.0047	0.0013	0.0071
106	145	0.1480	8	2	1	1	0	0	0	0	0	Y	N	N	N	N	N	N	N	N	N	N	N	inf	inf	inf	inf	0.0003	0.0004	0.0000	0.0000	0.0000	0.0000	0.0009	0.0010	0.0000	0.0000	0.0000	0.0000	0.0000	0.0000	0.0000	0.0000	0.0000	0.0000	0.0000	-0.0000	0.0000	0.7249	1.0000	0.0368	1.0000	0.0000	0.0000	0.0000	0.0000	0.0000	0.0000	0.0000	0.0000	0.0000	0.0000	0.0000	0.0000	0.0000	0.0000	0.0000	0.0000	0.0000	0.0000	0.0294	0.0268	0.0026	0.0181	0.0171	0.0010	0.0113	0.0097	0.0016	0.0024	0.0010	0.0014	0.0001	0.0001	0.0000	0.0023	0.0009	0.0014	inf	inf	0.0000	0.0000	0.0000	0.0000	inf	inf	0.0000	0.0000	0.0000	0.0000	0.0000	0.0000	0.0000	0.0000	0.0000	0.0000						
106	146	0.1480	7	1	1	1	0	0	0	0	0	N	N	N	N	N	N	N	N	N	N	N	N	0.0000	0.0000	0.0000	0.0000	0.0000	0.0000	0.0000	0.0000	0.0000	0.0000	0.0000	0.0000	0.0000	0.0000	0.0000	0.0000	0.0000	0.0000	0.0000	0.0000	0.7249	0.0003	0.0368	0.0000	0.0000	0.0000	0.0000	0.0000	0.0000	0.0000	0.0000	0.0000	0.0000	0.0000	0.0000	0.0000	0.0000	0.0000	0.0000	0.0000	0.0000	0.0000	0.0000	0.0000	0.0000	0.0000	0.0000	0.0000	0.0000	0.0000	0.0000	0.0000	0.0000	0.0000	0.0000	0.0000	0.0000	0.0000	0.0000	0.0000	0.0000	0.0000	0.0000	0.0000	0.0000	0.0000	0.0000	0.0000	0.0000	0.0000	0.0000	0.0000	0.0000	0.0000	0.0000	0.0000	0.0000	0.0000											
106	147	0.1294	6	1	0	1	0	0	0	0	0	N	N	N	N	N	N	N	N	N	N	N	N	14.5843	7.7355	0.0000	5.1518	6.5441	0.0000	0.0000	0.0000	0.0009	0.0010	0.0000	0.0017	0.0018	0.0000	0.0000	0.0000	0.0000	0.0001	0.0001	0.0000	0.0003	0.0003	0.0001	0.0000	0.0000	0.0000	0.0000	0.5120	-0.0000	-0.0000	0.7249	4.9449	0.0368	1.0063	0.0001	0.0001	0.0000	0.0001	0.0001	0.0000	0.0000	0.0000	0.0000	0.0000	0.0000	0.0000	0.0000	0.0000	0.0000	0.0000	0.0000	0.0000	0.1337	0.1202	0.0135	0.0726	0.0671	0.0055	0.0611	0.0531	0.0081	0.0078	0.0035	0.0043	0.0005	0.0005	0.0000	0.0073	0.0030	0.0043	369.9468	280.1729	0.0000	60.8079	71.1683	0.0000	0.0000	0.0000	0.0000	0.0000	0.0000	0.0000	0.0000	0.0000	0.0001	0.0000	0.0000	0.0000	
106	148	0.1128	5	1	0	1	0	0	0	0	0	N	N	N	N	N	N	N	N	N	N	N	N	0.0186	0.0302	0.0000	0.0080	0.0170	0.0000	0.1591	0.0190	0.0000	0.0000	0.0000	0.0000	0.0000	0.0000	0.0000	0.0000	0.0000	0.0000	0.0017	0.0012	0.0005	0.0048	0.0024	0.0293	0.0002	0.0016	0.0002	0.0001	1.0366	-0.0000	-0.0000	0.7249	3.4778	0.0368	1.2917	0.0000	0.0000	0.0000	0.0000	0.0000	0.0000	0.0000	0.0000	0.0000	0.0000	0.0000	0.0000	0.0000	0.0000	0.0000	0.0000	0.0000	0.0000	0.0892	0.0808	0.0083	0.0408	0.0390	0.0018	0.0483	0.0418	0.0065	0.0091	0.0047	0.0043	0.0017	0.0016	0.0001	0.0073	0.0031	0.0042	0.0700	0.0825	0.0000	0.0205	0.0345	0.0000	0.2233	0.8445	0.0000	0.0005	0.0004	0.0005	0.0019	0.0012	0.0135	0.0001	0.0000	0.0002
106	149	0.0625	4	1	0	1	0	0	0	0	0	N	N	N	N	N	N	N	N	N	N	N	N	0.0009	0.0003	0.6423	0.0000	0.0000	0.3496	0.0031	0.9114	0.0000	0.0000	0.0000	0.0000	0.0000	0.0000	0.0000	0.0000	0.0000	0.0162	0.0541	0.0000	0.8279	0.7322	0.0000	0.0000	0.0003	0.0000	0.0331	0.0027	-0.0000	-0.0000	0.7249	7.8050	0.0368	4.0035	0.0000	0.0000	0.0000	0.0000	0.0000	0.0000	0.0000	0.0000	0.0000	0.0000	0.0000	0.0000	0.0000	0.0000	0.0000	0.0000	0.0000	0.0000	0.1980	0.1806	0.0175	0.1097	0.1045	0.0052	0.0884	0.0761	0.0123	0.0150	0.0066	0.0084	0.0005	0.0005	0.0000	0.0145	0.0061	0.0084	0.0084	0.0039	0.6423	0.0005	0.0005	0.0000	0.3496	0.9628	0.9114	0.0017	0.0038	0.0000	0.0504	0.0525	0.0000	0.0000	0.0000	0.0000	
106	150	0.1898	6	1	0	1	0	0	0	0	0	N	N	N	N	N	N	N	N	N	N	N	N	0.0392	0.0352	0.0000	0.0885	0.1028	0.0000	0.0000	0.0000	0.0000	0.0005	0.0006	0.0000	0.0008	0.0009	0.0000	0.0000	0.0000	0.0000	0.0131	0.0160	0.0006	0.0094	0.0085	0.0005	0.0019	0.0243	0.0006	0.0000	0.1877	-0.0000	-0.0000	0.7249	3.7255	0.0368	14.1767	0.0001	0.0001	0.0000	0.0001	0.0001	0.0000	0.0000	0.0000	0.0000	0.0000	0.0000	0.0000	0.0000	0.0000	0.0000	0.0000	0.0000	0.0000	0.1276	0.1164	0.0112	0.0789	0.0755	0.0033	0.0487	0.0409	0.0078	0.0244	0.0143	0.0101	0.0073	0.0068	0.0006	0.0171	0.0075	0.0095	0.3537	0.2699	0.0000	0.3036	0.2965	0.0000	0.0001	0.0000	0.0000	0.0015	0.0021	0.0006	0.0027	0.0029	0.0005	0.0009	0.0013	0.0006
106	151	0.1734	5	1	0	1	0	0	0	0	0	N	N	N	N	N	N	N	N	N	N	N	N	0.0810	0.2537	0.0004	0.2759	0.5903	0.0001	0.0400	0.0865	0.0004	0.0015	0.0017	0.0000	0.0024	0.0025	0.0000	0.0002	0.0002	0.0000	0.0188	0.0066	0.0027	0.0088	0.0043	0.0423	0.0044	0.0025	0.0021	0.0001	1.5005	-0.0000	0.0000	0.7249	1.4205	0.0368	4.0377	0.0001	0.0001	0.0000	0.0001	0.0001	0.0000	0.0000	0.0000	0.0000	0.0000	0.0000	0.0000	0.0000	0.0000	0.0000	0.0000	0.0000	0.0000	0.0641	0.0582	0.0059	0.0384	0.0371	0.0013	0.0257	0.0211	0.0046	0.0154	0.0091	0.0063	0.0058	0.0056	0.0002	0.0096	0.0036	0.0060	0.8343	1.3616	0.0004	0.9268	1.2781	0.0001	0.1317	2.3861	0.0004	0.0018	0.0012	0.0027	0.0026	0.0020	0.0183	0.0014	0.0001	0.0021
106	152	0.0625	4	1	0	1	0	0	0	0	0	N	N	N	N	N	N	N	N	N	N	N	N	0.9892	1.5180	0.0001	0.8186	0.8922	0.0021	0.0009	0.0001	0.2188	0.2398	0.0000	0.3907	0.4101	0.0000	0.0001	0.0001	0.0000	0.2212	0.1580	0.0077	0.4773	0.4597	0.0000	0.0347	0.0898	0.0056	0.0000	1.3283	-0.0096	0.0000	0.7249	6.4701	0.0368	12.4371	0.0370	0.0370	0.0000	0.0370	0.0370	0.0000	0.0000	0.0000	0.0000	0.0001	0.0001	0.0001	0.0000	0.0000	0.0000	0.0001	0.0000	0.0001	0.1693	0.1544	0.0149	0.0948	0.0903	0.0045	0.0745	0.0641	0.0104	0.0224	0.0100	0.0125	0.0008	0.0007	0.0000	0.0217	0.0092	0.0124	40.1002	45.4792	0.0001	13.2575	13.3431	0.0000	0.0158	0.0260	0.0001	0.0055	0.0053	0.0056	0.0295	0.0307	0.0000	0.0046	0.0033	0.0056	
107	109	0.6438	7	2	0	2	0	0	0	0	0	Y	N	Y	N	N	N	N	N	N	N	N	N	0.0000	0.0000	0.0000	0.0000	0.0000	0.0000	0.0000	0.0000	0.0000	0.0000	0.0000	0.0000	0.0000	0.0000	0.0000	0.0000	0.0000	0.0000	0.0000	0.0000	0.4159	0.0000	0.0887	0.9909	0.0000	0.0000	0.0000	0.0000	0.0000	0.0000	0.0000	0.0000	0.0000	0.0000	0.0000	0.0000	0.0000	0.0000	0.0000	0.0000	0.0000	0.0000	0.0000	0.0000	0.0000	0.0000	0.0000	0.0000	0.0000	0.0000	0.0000	0.0007	0.0005	0.0003	0.0004	0.0004	0.0001	0.0003	0.0001	0.0002	0.0000	0.0000	0.0000	0.0000	0.0000	0.0000	0.0000	0.0000	0.0000	0.0000	0.0000	0.0000	0.0000	0.0000	0.0000	0.0000	0.0000	0.0000											
107	110	0.6151	6	2	0	2	0	0	0	0	0	Y	N	Y	N	N	N	N	N	N	N	N	N	inf	inf	inf	inf	inf	inf	0.0058	0.0062	0.0000	0.0027	0.0029	0.0000	0.0227	0.0263	0.0000	0.0000	0.0000	0.0000	0.0000	0.0000	0.0000	0.0000	0.0000	0.0000	0.0000	-0.0001	0.0000	0.4159	4.0000	0.0887	0.0000	0.0003	0.0003	0.0000	0.0001	0.0001	0.0000	0.0002	0.0002	0.0000	0.0000	0.0000	0.0000	0.0000	0.0000	0.0000	0.0000	0.0000	0.0000	0.0521	0.0486	0.0035	0.0442	0.0418	0.0024	0.0079	0.0068	0.0011	0.0014	0.0009	0.0005	0.0007	0.0006	0.0001	0.0006	0.0002	0.0004	inf	inf	0.0000	inf	inf	0.0000	inf	inf	0.0000	0.0000	0.0000	0.0000	0.0000	0.0000	0.0000	0.0000	0.0000	0.0000				
107	112	0.1048	4	1	0	2	0	0	0	0	0	N	N	Y	N	N	N	N	N	N	N	N	N	0.0000	0.0000	0.0000	0.0000	0.0000	0.0000	0.0000	0.0000	0.0000	0.0000	0.0000	0.0000	0.0000	0.0000	0.0000	0.0000	0.0000	0.0000	0.0000	-0.0000	0.4159	0.0000	0.0887	0.0001	0.0000	0.0000	0.0000	0.0000	0.0000	0.0000	0.0000	0.0000	0.0000	0.0000	0.0000	0.0000	0.0000	0.0000	0.0000	0.0000	0.0000	0.0000	0.0000	0.0000	0.0000	0.0000	0.0000	0.0000	0.0000	0.0000	0.0000	0.0000	0.0000	0.0000	0.0000	0.0000	0.0000	0.0000	0.0000	0.0000	0.0000	0.0000	0.0000	0.0000	0.0000	0.0000	0.0000	0.0000	0.0000	0.0000	0.0000	0.0000	0.0000	0.0000	0.0000	0.0000	0.0000	0.0000											
107	113	0.0590	3	1	0	2	0	0	0	0	0	N	N	Y	N	N	N	N	N	N	N	N	N	0.0000	0.0000	0.0000	0.0000	0.0000	0.0000	0.0000	0.0000	0.0000	0.0000	0.0000	0.0000	0.0000	0.0987	0.3744	0.0000	0.8054	0.7049	0.0000	0.0000	0.0000	0.0000	0.0000	0.0000	-0.0000	0.4159	4.0004	0.0887	4.9999	0.0000	0.0000	0.0000	0.0000	0.0000	0.0000	0.0000	0.0000	0.0000	0.0000	0.0000	0.0000	0.0000	0.0000	0.0000	0.0000	0.0000	0.0000	0.0705	0.0649	0.0056	0.0440	0.0420	0.0020	0.0265	0.0229	0.0036	0.0085	0.0039	0.0046	0.0006	0.0006	0.0000	0.0079	0.0033	0.0046	0.0000	0.0000	0.0000	0.0000	0.0000	0.0000	0.0000	0.0000	0.0000	0.0035	0.0077	0.0000	0.0497	0.0506	0.0000	0.0000	0.0000	0.0000						
107	114	0.6478	7	1	1	1	0	0	0	0	0	N	N	N	N	N	N	N	N	N	N	N	N	0.0029	0.1431	0.0002	0.1662	0.1774	inf	0.0000	0.0000	0.0000	0.0001	0.0001	0.0000	0.0001	0.0001	0.0000	0.0000	0.0000	0.0000	0.0185	0.0004	0.0079	0.0005	0.0005	0.0000	0.0356	0.0044	0.0075	0.0025	19.9734	-0.0000	0.0000	0.4159	4.3361	0.0887	4.6323	0.0000	0.0000	0.0000	0.0000	0.0000	0.0000	0.0000	0.0000	0.0000	0.0000	0.0000	0.0000	0.0000	0.0000	0.0000	0.0000	0.0000	0.0000	0.0787	0.0725	0.0062	0.0541	0.0514	0.0027	0.0246	0.0211	0.0035	0.0058	0.0040	0.0018	0.0037	0.0032	0.0004	0.0022	0.0008	0.0013	0.0300	0.4730	0.0003	0.9258	0.8575	inf	0.0000	0.0000	0.0000	0.0018	0.0001	0.0056	0.0001	0.0001	0.0000	0.0047	0.0002	0.0075
107	115	0.6151	6	1	0	1	0	0	0	0	0	N	N	N	N	N	N	N	N	N	N	N	N	0.0004	0.0013	0.0000	0.0004	0.0010	0.0000	0.0216	inf	0.0000	0.0000	0.0000	0.0000	0.0000	0.0000	0.0000	0.0000	0.0000	0.0000	0.0038	0.0013	0.0011	0.0030	0.0011	0.0064	0.0002	0.0000	0.0002	0.0025	1.3841	-0.0000	0.0000	0.4159	1.9840	0.0887	0.2610	0.0000	0.0000	0.0000	0.0000	0.0000	0.0000	0.0000	0.0000	0.0000	0.0000	0.0000	0.0000	0.0000	0.0000	0.0000	0.0000	0.0000	0.0000	0.0273	0.0255	0.0018	0.0233	0.0220	0.0013	0.0040	0.0035	0.0006	0.0008	0.0005	0.0003	0.0004	0.0004	0.0001	0.0004	0.0001	0.0002	0.0022	0.0036	0.0000	0.0010	0.0019	0.0000	0.0271	inf	0.0000	0.0007	0.0004	0.0011	0.0011	0.0006	0.0043	0.0001	0.0000	0.0002
107	116	0.0590	3	1	1	1	1	0	0	0	0	N	N	N	N	N	N	N	N	N	N	N	N	inf	inf	inf	inf	inf	inf	inf	inf	inf	1.0666	1.1564	0.0306	1.6848	1.7662	0.0041	0.0569	0.0587	0.0455	0.0000	0.0000	0.0000	0.0000	0.0000	0.0000	0.0000	0.0000	0.0000	0.0023	-0.0237	0.0000	0.4159	5.0006	0.0887	2.0000	0.0917	0.0915	0.0002	0.0899	0.0899	0.0000	0.0019	0.0017	0.0002	0.0000	0.0000	0.0000	0.0000	0.0000	0.0000	0.0000	0.0000	0.0000	0.0860	0.0791	0.0069	0.0533	0.0509	0.0025	0.0327	0.0283	0.0044	0.0068	0.0031	0.0037	0.0005	0.0005	0.0000	0.0063	0.0026	0.0037	inf	inf	inf	inf	inf	inf	inf	inf	inf	0.0000	0.0000	0.0000	0.0000	0.0000	0.0000	0.0000	0.0000	0.0000	
107	117	0.6151	6	1	1	1	1	0	0	0	0	N	N	N	N	N	N	N	N	N	N	N	N	0.0000	0.0000	0.0000	0.0000	0.0000	0.0000	0.0000	0.0000	0.0000	0.0000	0.0000	0.0000	0.0000	0.0000	0.0000	0.0000	0.0000	0.0000	0.0000	0.0000	0.4159	0.0000	0.0887	1.0000	0.0000	0.0000	0.0000	0.0000	0.0000	0.0000	0.0000	0.0000	0.0000	0.0000	0.0000	0.0000	0.0000	0.0000	0.0000	0.0000	0.0000	0.0000	0.0000	0.0000	0.0000	0.0000	0.0000	0.0000	0.0000	0.0000	0.0000	0.0005	0.0003	0.0002	0.0003	0.0002	0.0000	0.0002	0.0001	0.0001	0.0000	0.0000	0.0000	0.0000	0.0000	0.0000	0.0000	0.0000	0.0000	0.0000	0.0000	0.0000	0.0000	0.0000	0.0000	0.0000	0.0000	0.0000											
107	118	0.0590	3	1	1	1	0	0	0	0	0	N	N	N	N	N	N	N	N	N	N	N	N	0.0000	0.0000	0.0000	0.0000	0.0000	0.0000	0.0000	0.0000	0.0000	0.0000	0.0000	0.0000	0.0000	0.0000	0.0000	0.0000	0.0000	0.0376	0.1063	0.0010	0.2161	0.1957	0.0000	0.0070	0.0666	0.0010	0.2500	0.0000	-0.0000	0.4159	16.9994	0.0887	6.0000	0.0000	0.0000	0.0000	0.0000	0.0000	0.0000	0.0000	0.0000	0.0000	0.0000	0.0000	0.0000	0.0000	0.0000	0.0000	0.0000	0.0000	0.0000	0.2266	0.2082	0.0184	0.1312	0.1253	0.0059	0.0953	0.0829	0.0124	0.0190	0.0088	0.0102	0.0014	0.0014	0.0000	0.0176	0.0075	0.0101	0.0000	0.0000	0.0000	0.0000	0.0000	0.0000	0.0000	0.0000	0.0000	0.0026	0.0045	0.0010	0.0144	0.0147	0.0000	0.0017	0.0027	0.0010		
107	119	0.6151	6	1	1	1	0	0	0	0	0	N	N	N	N	N	N	N	N	N	N	N	N	0.0000	0.0000	0.0000	0.0000	0.0000	0.0000	0.0000	0.0000	0.0000	0.0000	0.0000	0.0000	0.0000	0.0000	0.0000	0.0001	0.0002	0.0000	0.0002	0.0002	0.0000	0.0000	0.0013	0.0000	0.0000	0.0000	-0.0000	0.4159	5.0000	0.0887	6.0000	0.0000	0.0000	0.0000	0.0000	0.0000	0.0000	0.0000	0.0000	0.0000	0.0000	0.0000	0.0000	0.0000	0.0000	0.0000	0.0000	0.0000	0.0000	0.0635	0.0592	0.0042	0.0536	0.0507	0.0029	0.0098	0.0085	0.0014	0.0036	0.0023	0.0013	0.0019	0.0016	0.0003	0.0017	0.0007	0.0010	0.0000	0.0000	0.0000	0.0000	0.0000	0.0000	0.0000	0.0000	0.0000	0.0000	0.0000	0.0000	0.0000	0.0000	0.0000	0.0000	0.0000	0.0000				
107	120	0.6432	7	1	1	1	0	0	0	0	0	N	N	N	N	N	N	N	N	N	N	N	N	0.4772	0.3339	0.5008	0.1296	0.1281	inf	3.2937	0.2005	0.0000	0.0001	0.0001	0.0000	0.0001	0.0001	0.0000	0.0005	0.0006	0.0000	0.0003	0.0004	0.0001	0.0005	0.0005	0.0000	0.0002	0.0030	0.0001	0.0178	0.2676	-0.0000	-0.0000	0.4159	0.9998	0.0887	0.9486	0.0000	0.0000	0.0000	0.0000	0.0000	0.0000	0.0000	0.0000	0.0000	0.0000	0.0000	0.0000	0.0000	0.0000	0.0000	0.0000	0.0000	0.0000	0.0137	0.0128	0.0010	0.0117	0.0110	0.0007	0.0020	0.0017	0.0003	0.0008	0.0005	0.0003	0.0005	0.0004	0.0001	0.0003	0.0001	0.0002	1.2201	1.0665	0.5008	0.6151	0.5093	inf	4.8797	5.2592	0.0000	0.0001	0.0001	0.0001	0.0001	0.0001	0.0000	0.0001	0.0001	0.0001
107	121	0.6151	6	1	1	1	0	0	0	0	0	N	N	N	N	N	N	N	N	N	N	N	N	30.9899	23.4155	0.0000	8.1887	9.5240	253.5198	43.4093	0.0000	0.0043	0.0046	0.0000	0.0020	0.0022	0.0000	0.0165	0.0191	0.0000	0.0001	0.0002	0.0000	0.0002	0.0002	0.0000	0.0001	0.0004	0.0001	0.0000	1.7029	-0.0001	0.0000	0.4159	3.0005	0.0887	1.1085	0.0003	0.0003	0.0000	0.0001	0.0001	0.0000	0.0002	0.0002	0.0000	0.0000	0.0000	0.0000	0.0000	0.0000	0.0000	0.0000	0.0000	0.0000	0.0693	0.0647	0.0046	0.0584	0.0553	0.0031	0.0108	0.0094	0.0015	0.0025	0.0016	0.0009	0.0014	0.0012	0.0002	0.0012	0.0005	0.0007	183.0447	340.1079	0.0000	133.4004	121.0432	0.0000	499.8507	7026.3016	0.0000	0.0000	0.0000	0.0000	0.0000	0.0000	0.0000	0.0000	0.0000	0.0001	
107	122	0.0177	2	1	1	1	0	0	0	0	0	N	N	N	N	N	N	N	N	N	N	N	N	0.0345	0.0872	0.0000	0.0461	0.0472	0.0000	0.0212	inf	0.0000	0.0747	0.0805	0.0000	0.1118	0.1142	0.0000	0.0482	0.0541	0.0000	2.1634	0.9229	8.3888	2.4257	2.4180	32.6295	2.2719	0.0000	4.7193	0.0000	64.7015	-0.0011	0.0027	0.4159	2.0001	0.0887	3.0000	0.0041	0.0041	0.0000	0.0025	0.0025	0.0000	0.0015	0.0015	0.0000	0.0059	0.0001	0.0058	0.0001	0.0001	0.0000	0.0058	0.0000	0.0058	0.0547	0.0507	0.0040	0.0228	0.0223	0.0005	0.0319	0.0284	0.0035	0.0072	0.0035	0.0037	0.0003	0.0003	0.0000	0.0069	0.0032	0.0037	0.0919	3.1586	0.0000	0.3577	0.4008	0.0000	0.0576	inf	0.0000	0.8125	0.0255	1.5545	0.3127	0.2850	2.3862	0.8355	0.0000	1.5536
107	124	0.6486	7	1	1	1	0	0	0	0	0	N	N	N	N	N	N	N	N	N	N	N	N	0.2756	0.1572	340.3371	3.7638	3.5652	inf	2.0555	0.1215	1.5727	0.0419	0.0450	0.0014	0.0294	0.0312	0.0018	0.1220	0.1413	0.0000	0.1520	0.2860	0.0000	0.0078	0.0087	0.0000	0.0594	1.1625	0.0000	0.0023	0.0003	-0.0011	-0.0000	0.4159	3.9006	0.0887	3.1543	0.0043	0.0043	0.0000	0.0026	0.0026	0.0000	0.0017	0.0017	0.0000	0.0000	0.0000	0.0000	0.0000	0.0000	0.0000	0.0000	0.0000	0.0000	0.1034	0.0962	0.0073	0.0895	0.0842	0.0054	0.0139	0.0120	0.0019	0.0045	0.0030	0.0015	0.0026	0.0022	0.0004	0.0019	0.0008	0.0011	9.6954	6.8775	340.3371	11.8581	10.4926	inf	17.8748	8.7720	1.5727	0.0043	0.0065	0.0000	0.0025	0.0030	0.0000	0.0068	0.0161	0.0000
107	125	0.6151	6	1	1	1	0	0	0	0	0	N	N	N	N	N	N	N	N	N	N	N	N	0.0005	0.0004	0.4663	0.0003	0.0003	0.7979	0.0011	0.0006	0.0236	0.0012	0.0013	0.0000	0.0009	0.0009	0.0001	0.0031	0.0036	0.0000	2.4151	3.1878	0.0001	3.4617	3.6077	0.0001	2.9645	6.2921	0.0001	0.0024	0.0000	-0.0000	-0.0014	0.4159	1.6924	0.0887	1.9110	0.0001	0.0001	0.0000	0.0000	0.0000	0.0000	0.0000	0.0000	0.0000	0.0028	0.0028	0.0000	0.0009	0.0009	0.0000	0.0019	0.0019	0.0000	0.0417	0.0389	0.0028	0.0354	0.0335	0.0019	0.0062	0.0054	0.0009	0.0022	0.0014	0.0008	0.0012	0.0010	0.0002	0.0010	0.0004	0.0006	0.0010	0.0007	0.4663	0.0012	0.0011	0.7979	0.0017	0.0008	0.0236	1.2361	1.9262	0.0001	0.7593	0.8842	0.0001	1.7884	4.5809	0.0001
107	126	0.0590	3	1	1	1	0	0	0	0	0	N	N	N	N	N	N	N	N	N	N	N	N	0.0000	0.0000	0.0000	0.0000	0.0000	0.0000	0.0000	0.0000	0.0000	0.0000	0.0000	0.0000	0.0000	0.0000	0.0000	0.0000	0.0000	0.0000	2.0500	1.0122	7.5341	1.9359	1.8909	11.6783	2.2716	0.3794	2.9864	48.5377	0.0000	0.0027	0.4159	0.9996	0.0887	8.0005	0.0000	0.0000	0.0000	0.0000	0.0000	0.0000	0.0000	0.0000	0.0000	0.0059	0.0001	0.0058	0.0001	0.0001	0.0000	0.0058	0.0000	0.0058	0.0191	0.0176	0.0015	0.0122	0.0116	0.0006	0.0069	0.0060	0.0009	0.0085	0.0039	0.0046	0.0006	0.0006	0.0000	0.0079	0.0033	0.0046	0.0000	0.0000	0.0000	0.0000	0.0000	0.0000	0.0000	0.0000	0.0000	0.6942	0.0307	1.2506	0.1813	0.1677	0.9492	0.7333	0.0061	1.2513	
107	127	0.1863	5	1	0	1	0	0	0	0	0	N	N	N	N	N	N	N	N	N	N	N	N	0.0000	0.0001	0.0000	0.0003	0.0003	0.0014	0.0000	inf	0.0000	0.0001	0.0001	0.0001	0.0001	0.0001	0.0002	0.0000	0.0000	0.0000	1.7958	0.5465	5.5996	0.4226	0.3517	0.1469	2.0069	0.0000	1.9555	0.0851	50.1665	-0.0000	0.0027	0.4159	3.6536	0.0887	12.3970	0.0000	0.0000	0.0000	0.0000	0.0000	0.0000	0.0000	0.0000	0.0000	0.0059	0.0001	0.0058	0.0001	0.0001	0.0000	0.0057	0.0000	0.0057	0.0798	0.0733	0.0065	0.0529	0.0507	0.0022	0.0268	0.0226	0.0042	0.0165	0.0098	0.0067	0.0053	0.0050	0.0003	0.0112	0.0048	0.0064	0.0002	0.0065	0.0001	0.0046	0.0048	0.0041	0.0000	inf	0.0000	0.3551	0.0117	0.8577	0.0248	0.0230	0.0513	0.5125	0.0000	0.9013
107	128	0.3647	5	1	0	1	0	0	0	0	0	N	N	N	N	N	N	N	N	N	N	N	N	0.0718	1.2191	0.0075	1.2871	4.2131	0.0349	0.0063	0.3248	0.0086	0.0584	0.0629	0.0016	0.0801	0.0840	0.0020	0.0038	0.0042	0.0012	0.8123	0.0516	0.2122	0.0623	0.0199	0.0581	0.6056	0.0131	0.1419	0.0020	10.3554	-0.0020	0.0003	0.4159	5.3495	0.0887	12.4099	0.0077	0.0077	0.0000	0.0076	0.0075	0.0000	0.0001	0.0001	0.0000	0.0007	0.0001	0.0007	0.0001	0.0001	0.0000	0.0006	0.0000	0.0006	0.1318	0.1221	0.0097	0.0942	0.0897	0.0045	0.0376	0.0324	0.0053	0.0263	0.0171	0.0092	0.0139	0.0120	0.0019	0.0125	0.0051	0.0073	2.1155	16.8342	0.0221	10.0903	16.7126	0.0769	0.0773	5.8675	0.0146	0.0276	0.0037	0.0719	0.0079	0.0050	0.0264	0.0495	0.0007	0.0837
107	129	0.1705	9	1	1	1	1	0	0	0	0	N	N	N	N	N	N	N	N	N	N	N	N	0.0000	0.0000	0.0000	0.0000	0.0000	0.0000	0.0000	0.0000	0.0000	0.0000	0.0000	0.0000	0.0000	0.0000	0.0000	0.0000	0.0000	0.0000	0.0000	0.0000	0.4159	0.0000	0.0887	0.0000	0.0000	0.0000	0.0000	0.0000	0.0000	0.0000	0.0000	0.0000	0.0000	0.0000	0.0000	0.0000	0.0000	0.0000	0.0000	0.0000	0.0000	0.0000	0.0000	0.0000	0.0000	0.0000	0.0000	0.0000	0.0000	0.0000	0.0000	0.0000	0.0000	0.0000	0.0000	0.0000	0.0000	0.0000	0.0000	0.0000	0.0000	0.0000	0.0000	0.0000	0.0000	0.0000	0.0000	0.0000	0.0000	0.0000	0.0000	0.0000	0.0000	0.0000	0.0000	0.0000	0.0000	0.0000											
107	130	0.1542	8	1	1	1	1	0	0	0	0	N	N	N	N	N	N	N	N	N	N	N	N	0.0000	0.0000	0.0000	0.0000	0.0000	0.0000	0.0000	0.0000	0.0000	0.0000	0.0000	0.0000	0.0000	0.0000	0.0000	0.0000	0.0000	0.0000	0.0000	0.0000	0.4159	0.0000	0.0887	3.0001	0.0000	0.0000	0.0000	0.0000	0.0000	0.0000	0.0000	0.0000	0.0000	0.0000	0.0000	0.0000	0.0000	0.0000	0.0000	0.0000	0.0000	0.0000	0.0000	0.0000	0.0000	0.0000	0.0000	0.0000	0.0000	0.0000	0.0000	0.0028	0.0013	0.0015	0.0002	0.0002	0.0000	0.0025	0.0010	0.0015	0.0000	0.0000	0.0000	0.0000	0.0000	0.0000	0.0000	0.0000	0.0000	0.0000	0.0000	0.0000	0.0000	0.0000	0.0000	0.0000	0.0000	0.0000											
107	131	0.1445	7	1	1	1	0	0	0	0	0	N	N	N	N	N	N	N	N	N	N	N	N	0.0000	0.0000	0.0000	0.0000	0.0000	0.0000	0.0000	0.0000	0.0000	0.0000	0.0000	0.0000	0.0000	0.0000	0.0000	0.0000	0.0000	0.0000	0.0000	0.0000	0.4159	0.0000	0.0887	0.0000	0.0000	0.0000	0.0000	0.0000	0.0000	0.0000	0.0000	0.0000	0.0000	0.0000	0.0000	0.0000	0.0000	0.0000	0.0000	0.0000	0.0000	0.0000	0.0000	0.0000	0.0000	0.0000	0.0000	0.0000	0.0000	0.0000	0.0000	0.0000	0.0000	0.0000	0.0000	0.0000	0.0000	0.0000	0.0000	0.0000	0.0000	0.0000	0.0000	0.0000	0.0000	0.0000	0.0000	0.0000	0.0000	0.0000	0.0000	0.0000	0.0000	0.0000	0.0000	0.0000	0.0000	0.0000											
107	132	0.1542	8	1	0	2	1	0	0	0	0	N	N	Y	N	N	N	N	N	N	N	N	N	0.0000	0.0000	0.0000	0.0000	0.0000	0.0000	0.0000	0.0000	0.0000	0.0000	0.0000	0.0000	0.0000	0.0000	0.0000	0.0000	0.0000	0.0000	0.0000	0.0000	0.4159	0.0000	0.0887	1.9999	0.0000	0.0000	0.0000	0.0000	0.0000	0.0000	0.0000	0.0000	0.0000	0.0000	0.0000	0.0000	0.0000	0.0000	0.0000	0.0000	0.0000	0.0000	0.0000	0.0000	0.0000	0.0000	0.0000	0.0000	0.0000	0.0000	0.0000	0.0019	0.0009	0.0010	0.0002	0.0002	0.0000	0.0017	0.0007	0.0010	0.0000	0.0000	0.0000	0.0000	0.0000	0.0000	0.0000	0.0000	0.0000	0.0000	0.0000	0.0000	0.0000	0.0000	0.0000	0.0000	0.0000	0.0000											
107	133	0.1652	9	1	0	2	1	0	0	0	0	N	N	Y	N	N	N	N	N	N	N	N	N	0.0000	0.0000	0.0000	0.0000	0.0000	0.0000	0.0000	0.0000	0.0000	0.0000	0.0000	0.0000	0.0000	0.0000	0.0000	0.0000	0.0000	0.0000	0.0000	0.0000	0.4159	1.0000	0.0887	0.0000	0.0000	0.0000	0.0000	0.0000	0.0000	0.0000	0.0000	0.0000	0.0000	0.0000	0.0000	0.0000	0.0000	0.0000	0.0000	0.0000	0.0000	0.0000	0.0195	0.0179	0.0016	0.0133	0.0125	0.0007	0.0062	0.0053	0.0009	0.0009	0.0004	0.0005	0.0002	0.0001	0.0000	0.0007	0.0003	0.0005	0.0000	0.0000	0.0000	0.0000	0.0000	0.0000	0.0000	0.0000	0.0000	0.0000	0.0000	0.0000	0.0000	0.0000	0.0000	0.0000	0.0000	0.0000											
107	134	0.1652	9	1	0	2	1	0	0	0	0	N	N	Y	N	N	N	N	N	N	N	N	N	0.0000	0.0000	0.0000	0.0000	0.0000	0.0000	0.0000	0.0000	0.0000	0.0000	0.0000	0.0000	0.0000	0.0000	0.0000	0.0000	0.0000	0.0000	0.0000	0.0000	0.4159	0.0000	0.0887	0.0000	0.0000	0.0000	0.0000	0.0000	0.0000	0.0000	0.0000	0.0000	0.0000	0.0000	0.0000	0.0000	0.0000	0.0000	0.0000	0.0000	0.0000	0.0000	0.0000	0.0000	0.0000	0.0000	0.0000	0.0000	0.0000	0.0000	0.0000	0.0000	0.0000	0.0000	0.0000	0.0000	0.0000	0.0000	0.0000	0.0000	0.0000	0.0000	0.0000	0.0000	0.0000	0.0000	0.0000	0.0000	0.0000	0.0000	0.0000	0.0000	0.0000	0.0000	0.0000	0.0000	0.0000	0.0000											
107	135	0.1542	8	1	0	2	1	0	0	0	0	N	N	Y	N	N	N	N	N	N	N	N	N	0.0053	0.0021	inf	0.0022	0.0024	0.0268	0.0000	inf	0.0039	0.0026	0.0191	0.0035	0.0037	0.0000	0.0047	0.0000	0.0347	0.7340	1.2279	0.0000	1.5893	1.5786	0.0000	0.1771	1.6024	0.0000	0.6667	0.0000	0.0000	-0.0000	0.4159	2.0025	0.0887	0.9943	0.0001	0.0001	0.0001	0.0001	0.0001	0.0000	0.0001	0.0000	0.0001	0.0001	0.0001	0.0000	0.0000	0.0000	0.0000	0.0000	0.0000	0.0000	0.0382	0.0351	0.0031	0.0256	0.0241	0.0014	0.0127	0.0109	0.0017	0.0028	0.0013	0.0015	0.0002	0.0002	0.0000	0.0025	0.0010	0.0015	0.1825	0.0539	inf	0.0289	0.0301	0.0000	0.4020	0.0000	inf	0.0215	0.0476	0.0000	0.1217	0.1237	0.0000	0.0118	0.0295	0.0000	
107	136	0.1542	7	1	0	1	1	0	0	0	0	N	N	N	N	N	N	N	N	N	N	N	N	0.0000	0.0000	0.0000	0.0000	0.0000	0.0000	0.0000	0.0000	0.0000	0.0000	0.0000	0.0000	0.0000	0.0000	0.0000	0.0000	0.0000	0.0000	0.4025	0.3811	0.0398	0.2246	0.0891	8.7016	0.0291	0.2770	0.0015	0.3577	0.0000	-0.0000	0.4159	0.0050	0.0887	0.0173	0.0000	0.0000	0.0000	0.0000	0.0000	0.0000	0.0000	0.0000	0.0000	0.0000	0.0000	0.0000	0.0000	0.0000	0.0000	0.0000	0.0000	0.0000	0.0002	0.0002	0.0000	0.0001	0.0001	0.0000	0.0000	0.0000	0.0000	0.0001	0.0001	0.0000	0.0000	0.0000	0.0000	0.0001	0.0000	0.0000	0.0000	0.0000	0.0000	0.0000	0.0000	0.0000	0.0000	0.0000	0.0000	0.0087	0.0078	0.0131	0.0154	0.0105	0.8217	0.0040	0.0051	0.0015	
107	137	0.1445	6	1	0	1	1	0	0	0	0	N	N	N	N	N	N	N	N	N	N	N	N	0.0000	0.0000	0.0000	0.0000	0.0000	0.0000	0.0000	0.0000	0.0000	0.0000	0.0000	0.0000	0.0000	0.0000	0.0000	0.0000	0.0000	0.0004	0.0010	0.0000	0.0030	0.0023	0.0000	0.0001	0.0044	0.0000	0.0311	0.0000	-0.0000	0.4159	1.9972	0.0887	1.0076	0.0000	0.0000	0.0000	0.0000	0.0000	0.0000	0.0000	0.0000	0.0000	0.0000	0.0000	0.0000	0.0000	0.0000	0.0000	0.0000	0.0000	0.0000	0.0363	0.0334	0.0030	0.0240	0.0227	0.0013	0.0123	0.0107	0.0017	0.0026	0.0011	0.0014	0.0002	0.0002	0.0000	0.0024	0.0009	0.0014	0.0000	0.0000	0.0000	0.0000	0.0000	0.0000	0.0000	0.0000	0.0000	0.0002	0.0004	0.0000	0.0011	0.0011	0.0000	0.0001	0.0002	0.0000		
107	138	0.1272	5	2	1	1	0	0	0	0	0	Y	N	N	N	N	N	N	N	N	N	N	N	0.0000	0.0000	0.0000	0.0000	0.0000	0.0000	0.0000	0.0000	0.0000	0.0000	0.0000	0.0000	0.0000	0.0000	0.0000	0.0000	0.0000	0.5917	0.8399	0.0149	1.1725	0.8345	2.2900	0.0001	0.0000	0.0001	0.3383	0.0000	-0.0000	0.4159	0.0002	0.0887	2.3255	0.0000	0.0000	0.0000	0.0000	0.0000	0.0000	0.0000	0.0000	0.0000	0.0000	0.0000	0.0000	0.0000	0.0000	0.0000	0.0000	0.0000	0.0000	0.0000	0.0000	0.0000	0.0000	0.0000	0.0000	0.0000	0.0000	0.0000	0.0028	0.0014	0.0013	0.0005	0.0005	0.0000	0.0023	0.0009	0.0013	0.0000	0.0000	0.0000	0.0000	0.0000	0.0000	0.0000	0.0000	0.0000	0.0145	0.0209	0.0076	0.0794	0.0620	0.4987	0.0001	0.0000	0.0001		
107	139	0.1094	4	2	1	1	0	0	0	0	0	Y	N	N	N	N	N	N	N	N	N	N	N	306.4532	242.7340	10585.9831	1094.1157	1108.4610	8659.5110	49.3029	0.0002	1410.5916	2.4501	2.1002	6.2118	4.5585	3.8096	21.4852	0.1038	0.0000	0.7828	0.0080	0.0087	0.0006	0.0042	0.0034	0.0025	0.0021	0.0283	0.0006	0.2751	0.3371	-0.0040	-0.0000	0.4159	2.0138	0.0887	2.7349	0.0889	0.0697	0.0192	0.0871	0.0697	0.0174	0.0018	0.0000	0.0018	0.0000	0.0000	0.0000	0.0000	0.0000	0.0000	0.0000	0.0000	0.0000	0.0363	0.0332	0.0031	0.0191	0.0183	0.0008	0.0172	0.0149	0.0023	0.0064	0.0034	0.0030	0.0013	0.0013	0.0001	0.0050	0.0021	0.0029	2251.6108	1374.1470	10585.9831	2792.6701	2361.0502	10766.1821	110.0695	0.0035	1410.5916	0.0011	0.0015	0.0006	0.0016	0.0016	0.0020	0.0009	0.0015	0.0006
107	140	0.1259	5	1	1	1	0	0	0	0	0	N	N	N	N	N	N	N	N	N	N	N	N	0.0240	0.0102	0.3942	0.0108	0.0084	0.0471	0.0000	0.0000	0.0000	0.0000	0.0000	0.0000	0.0000	0.0000	0.0000	0.0000	0.0000	0.0002	0.0002	0.0000	0.0005	0.0005	0.0005	0.0000	0.0000	0.0000	0.6035	1.5000	0.0000	0.0000	0.4159	1.9232	0.0887	1.1116	0.0000	0.0000	0.0000	0.0000	0.0000	0.0000	0.0000	0.0000	0.0000	0.0000	0.0000	0.0000	0.0000	0.0000	0.0000	0.0000	0.0000	0.0000	0.0432	0.0389	0.0043	0.0272	0.0247	0.0024	0.0160	0.0142	0.0019	0.0031	0.0015	0.0016	0.0004	0.0004	0.0000	0.0027	0.0011	0.0016	0.1201	0.1000	0.3942	0.0506	0.0401	0.0524	0.0000	0.0000	0.0000	0.0000	0.0000	0.0000	0.0001	0.0001	0.0005	0.0000	0.0000	0.0000	
107	141	0.6343	7	1	1	1	0	0	0	0	0	N	N	N	N	N	N	N	N	N	N	N	N	0.0000	0.0000	0.0000	0.0000	0.0000	0.0000	0.0000	0.0000	0.0000	0.0000	0.0000	0.0000	0.0000	0.0000	0.0000	0.0000	0.0000	0.0000	0.0000	0.0000	0.4159	3.0000	0.0887	1.0000	0.0000	0.0000	0.0000	0.0000	0.0000	0.0000	0.0000	0.0000	0.0000	0.0000	0.0000	0.0000	0.0000	0.0000	0.0000	0.0000	0.0000	0.0000	0.0738	0.0688	0.0051	0.0630	0.0594	0.0036	0.0108	0.0094	0.0015	0.0025	0.0016	0.0009	0.0013	0.0011	0.0002	0.0011	0.0004	0.0007	0.0000	0.0000	0.0000	0.0000	0.0000	0.0000	0.0000	0.0000	0.0000	0.0000	0.0000	0.0000	0.0000	0.0000	0.0000	0.0000	0.0000	0.0000											
107	142	0.6151	6	1	0	1	0	0	0	0	0	N	N	N	N	N	N	N	N	N	N	N	N	0.0000	0.0000	0.0000	0.0000	0.0000	0.0000	0.0000	0.0000	0.0000	0.0000	0.0000	0.0000	0.0000	0.0000	0.0000	0.0000	0.0000	0.0000	0.0000	0.0000	0.4159	1.0000	0.0887	1.0000	0.0000	0.0000	0.0000	0.0000	0.0000	0.0000	0.0000	0.0000	0.0000	0.0000	0.0000	0.0000	0.0000	0.0000	0.0000	0.0000	0.0000	0.0000	0.0255	0.0238	0.0017	0.0218	0.0206	0.0012	0.0037	0.0032	0.0005	0.0013	0.0008	0.0005	0.0007	0.0006	0.0001	0.0006	0.0002	0.0004	0.0000	0.0000	0.0000	0.0000	0.0000	0.0000	0.0000	0.0000	0.0000	0.0000	0.0000	0.0000	0.0000	0.0000	0.0000	0.0000	0.0000	0.0000											
107	143	0.3647	5	1	0	1	0	0	0	0	0	N	N	N	N	N	N	N	N	N	N	N	N	0.4731	0.4234	0.0064	1.0411	1.1357	0.0549	0.0050	0.0022	0.0070	0.5368	0.5798	0.0013	0.7671	0.8048	0.0017	0.0046	0.0052	0.0010	1.1347	1.3696	0.2037	0.7368	0.7086	0.0303	0.9186	2.3499	0.1437	0.0002	0.6364	-0.0214	-0.0002	0.4159	7.1211	0.0887	10.9474	0.0825	0.0825	0.0000	0.0823	0.0823	0.0000	0.0002	0.0002	0.0000	0.0017	0.0010	0.0007	0.0006	0.0006	0.0000	0.0010	0.0004	0.0006	0.1537	0.1422	0.0114	0.1073	0.1022	0.0050	0.0464	0.0400	0.0064	0.0265	0.0172	0.0093	0.0139	0.0120	0.0019	0.0125	0.0052	0.0074	8.4735	9.7357	0.0184	16.5059	15.5962	0.1188	0.0558	0.0660	0.0118	0.0634	0.0596	0.0704	0.0465	0.0516	0.0140	0.0821	0.0780	0.0849
107	144	0.1700	4	1	0	1	0	0	0	0	0	N	N	N	N	N	N	N	N	N	N	N	N	0.0357	0.0881	0.0086	0.2221	0.2462	0.4880	0.0016	0.0009	0.0182	0.0552	0.0583	0.0186	0.0832	0.0859	0.0236	0.0026	0.0004	0.0157	1.5471	0.6620	2.1582	0.3745	0.3491	0.0484	1.6139	0.4150	0.8633	0.0272	25.9616	-0.0019	0.0024	0.4159	8.5175	0.0887	23.1696	0.0082	0.0079	0.0002	0.0080	0.0079	0.0001	0.0001	0.0000	0.0001	0.0054	0.0002	0.0052	0.0002	0.0002	0.0000	0.0052	0.0000	0.0052	0.1478	0.1362	0.0116	0.0965	0.0922	0.0042	0.0513	0.0440	0.0074	0.0265	0.0144	0.0122	0.0072	0.0066	0.0006	0.0194	0.0078	0.0116	0.2727	4.2092	0.0438	3.6828	3.7594	1.2172	0.0095	0.0575	0.0354	0.2023	0.0139	0.4252	0.0226	0.0229	0.0194	0.2690	0.0062	0.4447
107	145	0.1445	7	2	1	1	0	0	0	0	0	Y	N	N	N	N	N	N	N	N	N	N	N	0.0000	0.0000	0.0000	0.0000	0.0000	0.0000	0.0000	0.0000	0.0000	0.0000	0.0000	0.0000	0.0000	0.0000	0.0000	0.0000	0.0000	0.0000	0.0000	0.0000	0.4159	1.0000	0.0887	1.0000	0.0000	0.0000	0.0000	0.0000	0.0000	0.0000	0.0000	0.0000	0.0000	0.0000	0.0000	0.0000	0.0000	0.0000	0.0000	0.0000	0.0000	0.0000	0.0187	0.0172	0.0015	0.0124	0.0118	0.0007	0.0063	0.0054	0.0009	0.0017	0.0008	0.0010	0.0001	0.0001	0.0000	0.0016	0.0006	0.0010	0.0000	0.0000	0.0000	0.0000	0.0000	0.0000	0.0000	0.0000	0.0000	0.0000	0.0000	0.0000	0.0000	0.0000	0.0000	0.0000	0.0000	0.0000											
107	146	0.1445	6	1	1	1	0	0	0	0	0	N	N	N	N	N	N	N	N	N	N	N	N	0.0000	0.0000	0.0000	0.0000	0.0000	0.0000	0.0000	0.0000	0.0000	0.0000	0.0000	0.0000	0.0000	0.0000	0.0000	0.0000	0.0000	0.0000	0.0000	0.0000	0.4159	0.0003	0.0887	0.0000	0.0000	0.0000	0.0000	0.0000	0.0000	0.0000	0.0000	0.0000	0.0000	0.0000	0.0000	0.0000	0.0000	0.0000	0.0000	0.0000	0.0000	0.0000	0.0000	0.0000	0.0000	0.0000	0.0000	0.0000	0.0000	0.0000	0.0000	0.0000	0.0000	0.0000	0.0000	0.0000	0.0000	0.0000	0.0000	0.0000	0.0000	0.0000	0.0000	0.0000	0.0000	0.0000	0.0000	0.0000	0.0000	0.0000	0.0000	0.0000	0.0000	0.0000	0.0000	0.0000	0.0000	0.0000											
107	147	0.1259	5	1	0	1	0	0	0	0	0	N	N	N	N	N	N	N	N	N	N	N	N	45.2785	33.2345	0.2798	14.2975	19.3257	0.0255	1438.7041	inf	0.0000	0.0035	0.0039	0.0000	0.0036	0.0038	0.0000	0.0035	0.0040	0.0000	0.0001	0.0001	0.0000	0.0002	0.0002	0.0001	0.0000	0.0000	0.0000	0.0000	2.3221	-0.0001	0.0000	0.4159	4.9449	0.0887	1.0063	0.0003	0.0003	0.0000	0.0002	0.0002	0.0000	0.0001	0.0001	0.0000	0.0000	0.0000	0.0000	0.0000	0.0000	0.0000	0.0000	0.0000	0.0000	0.0847	0.0769	0.0078	0.0507	0.0471	0.0035	0.0341	0.0298	0.0043	0.0057	0.0026	0.0030	0.0006	0.0006	0.0000	0.0051	0.0021	0.0030	936.1912	1603.4190	0.2798	234.1631	338.8318	0.0255	1438.7041	inf	0.0000	0.0000	0.0000	0.0000	0.0000	0.0000	0.0001	0.0000	0.0000	0.0000
107	148	0.1094	4	1	0	1	0	0	0	0	0	N	N	N	N	N	N	N	N	N	N	N	N	0.0682	0.0663	0.0796	0.0685	0.1255	0.0020	0.1894	0.0092	0.1497	0.0004	0.0004	0.0000	0.0007	0.0007	0.0000	0.0001	0.0001	0.0000	0.0058	0.0065	0.0005	0.0101	0.0058	0.0239	0.0004	0.0087	0.0002	0.0084	0.3526	-0.0000	-0.0000	0.4159	3.4778	0.0887	1.2917	0.0000	0.0000	0.0000	0.0000	0.0000	0.0000	0.0000	0.0000	0.0000	0.0000	0.0000	0.0000	0.0000	0.0000	0.0000	0.0000	0.0000	0.0000	0.0570	0.0522	0.0049	0.0300	0.0287	0.0013	0.0271	0.0235	0.0035	0.0064	0.0034	0.0030	0.0013	0.0013	0.0001	0.0051	0.0021	0.0029	0.4561	0.3560	0.0796	0.2412	0.2992	0.0042	0.2143	0.1606	0.1497	0.0009	0.0012	0.0005	0.0029	0.0024	0.0117	0.0003	0.0005	0.0002
107	149	0.0590	3	1	0	1	0	0	0	0	0	N	N	N	N	N	N	N	N	N	N	N	N	0.0279	0.0121	1.2052	0.0007	0.0007	inf	0.2842	0.0328	1.7174	0.0018	0.0018	0.0017	0.0001	0.0001	0.0003	0.0044	0.0047	0.0024	0.0636	0.1473	0.0014	0.1210	0.1069	0.0000	0.0155	0.1435	0.0014	0.0841	0.3308	-0.0000	-0.0000	0.4159	7.8050	0.0887	4.0035	0.0002	0.0002	0.0000	0.0000	0.0000	0.0000	0.0002	0.0002	0.0000	0.0000	0.0000	0.0000	0.0000	0.0000	0.0000	0.0000	0.0000	0.0000	0.1256	0.1155	0.0101	0.0765	0.0730	0.0035	0.0491	0.0425	0.0066	0.0109	0.0050	0.0059	0.0008	0.0008	0.0000	0.0101	0.0042	0.0059	0.5714	0.3493	1.2052	0.0076	0.0063	inf	1.7624	1.1778	1.7174	0.0031	0.0051	0.0014	0.0109	0.0111	0.0000	0.0025	0.0040	0.0014
107	150	0.1863	5	1	0	1	0	0	0	0	0	N	N	N	N	N	N	N	N	N	N	N	N	0.0091	0.0056	0.4289	0.0095	0.0102	1.6612	0.3370	0.1345	0.0005	0.0019	0.0020	0.0009	0.0018	0.0018	0.0025	0.0022	0.0026	0.0000	0.2109	0.3636	0.0020	0.1893	0.1724	0.0015	0.0065	0.0194	0.0021	0.0375	0.1831	-0.0000	-0.0000	0.4159	3.7255	0.0887	14.1767	0.0002	0.0002	0.0000	0.0001	0.0001	0.0000	0.0001	0.0001	0.0000	0.0001	0.0001	0.0000	0.0001	0.0001	0.0000	0.0000	0.0000	0.0000	0.0809	0.0744	0.0065	0.0537	0.0515	0.0023	0.0272	0.0229	0.0043	0.0176	0.0104	0.0072	0.0056	0.0052	0.0004	0.0121	0.0052	0.0068	0.3628	0.2661	0.4289	0.1351	0.1246	2.0991	1.3426	2.3953	0.0005	0.0053	0.0076	0.0020	0.0133	0.0141	0.0012	0.0016	0.0011	0.0021
107	151	0.1700	4	1	0	1	0	0	0	0	0	N	N	N	N	N	N	N	N	N	N	N	N	0.0120	0.0175	0.0166	0.0700	0.0883	0.0820	0.0017	0.0061	0.0001	0.0055	0.0060	0.0007	0.0085	0.0087	0.0028	0.0002	0.0003	0.0000	0.4622	0.3421	0.0449	0.1218	0.0990	0.0343	0.1260	0.0417	0.0157	0.0117	1.3327	-0.0001	0.0000	0.4159	1.4205	0.0887	4.0377	0.0002	0.0002	0.0000	0.0002	0.0002	0.0000	0.0000	0.0000	0.0000	0.0001	0.0000	0.0001	0.0000	0.0000	0.0000	0.0001	0.0000	0.0001	0.0403	0.0368	0.0035	0.0258	0.0249	0.0009	0.0145	0.0120	0.0026	0.0108	0.0064	0.0044	0.0041	0.0040	0.0002	0.0066	0.0024	0.0042	0.5369	0.8052	0.0514	0.7735	0.8064	0.1770	0.0213	0.1335	0.0001	0.0103	0.0074	0.0145	0.0110	0.0108	0.0159	0.0099	0.0019	0.0145
107	152	0.0590	3	1	0	1	0	0	0	0	0	N	N	N	N	N	N	N	N	N	N	N	N	2.6970	1.9567	0.0572	1.7043	2.0136	0.2456	0.0002	0.0001	0.0001	0.8097	0.8801	0.0002	1.3180	1.3816	0.0006	0.0000	0.0000	0.0000	0.3002	0.4498	0.0035	0.7733	0.6862	0.0023	0.0198	0.0542	0.0035	0.0000	0.4273	-0.0226	-0.0000	0.4159	6.4701	0.0887	12.4371	0.0870	0.0870	0.0000	0.0870	0.0870	0.0000	0.0000	0.0000	0.0000	0.0001	0.0001	0.0000	0.0001	0.0001	0.0000	0.0000	0.0000	0.0000	0.1074	0.0988	0.0086	0.0660	0.0629	0.0030	0.0414	0.0359	0.0056	0.0162	0.0075	0.0087	0.0012	0.0012	0.0000	0.0151	0.0064	0.0087	127.2800	91.3590	0.0572	26.8950	27.6965	0.3056	0.0012	0.0019	0.0001	0.0064	0.0096	0.0035	0.0490	0.0499	0.0019	0.0030	0.0023	0.0035
108	109	0.6423	6	2	0	1	0	0	0	0	0	Y	N	N	N	N	N	N	N	N	N	N	N	0.0000	0.0000	0.0000	0.0000	0.0000	0.0000	0.0000	0.0000	0.0000	0.0000	0.0000	0.0000	0.0000	0.0000	0.0000	0.0000	0.0000	0.0000	0.0000	0.0000	3.9943	0.0000	0.9974	0.9909	0.0000	0.0000	0.0000	0.0000	0.0000	0.0000	0.0000	0.0000	0.0000	0.0000	0.0000	0.0000	0.0000	0.0000	0.0000	0.0000	0.0000	0.0000	0.0000	0.0000	0.0000	0.0000	0.0000	0.0000	0.0000	0.0000	0.0000	0.0069	0.0042	0.0027	0.0039	0.0033	0.0005	0.0030	0.0009	0.0021	0.0000	0.0000	0.0000	0.0000	0.0000	0.0000	0.0000	0.0000	0.0000	0.0000	0.0000	0.0000	0.0000	0.0000	0.0000	0.0000	0.0000	0.0000											
108	110	0.6136	5	2	0	1	0	0	0	0	0	Y	N	N	N	N	N	N	N	N	N	N	N	inf	inf	inf	inf	0.0005	0.0006	0.0000	0.0007	0.0008	0.0000	0.0000	0.0000	0.0000	0.0000	0.0000	0.0000	0.0000	0.0000	0.0000	0.0000	0.0000	0.0000	0.0000	-0.0000	0.0000	3.9943	4.0000	0.9974	0.0000	0.0002	0.0002	0.0000	0.0002	0.0002	0.0000	0.0000	0.0000	0.0000	0.0000	0.0000	0.0000	0.0000	0.0000	0.0000	0.0000	0.0000	0.0000	0.3373	0.3100	0.0273	0.2549	0.2394	0.0155	0.0825	0.0707	0.0118	0.0130	0.0073	0.0057	0.0064	0.0055	0.0009	0.0065	0.0018	0.0048	inf	inf	0.0000	inf	inf	0.0000	0.0000	0.0000	0.0000	0.0000	0.0000	0.0000	0.0000	0.0000	0.0000	0.0000	0.0000	0.0000						
108	112	0.1033	3	1	0	1	0	0	0	0	0	N	N	N	N	N	N	N	N	N	N	N	N	0.0000	0.0000	0.0000	0.0000	0.0000	0.0000	0.0000	0.0000	0.0000	0.0000	0.0000	0.0000	0.0000	0.0000	0.0000	0.0000	0.0000	0.0000	0.0000	-0.0000	3.9943	0.0000	0.9974	0.0001	0.0000	0.0000	0.0000	0.0000	0.0000	0.0000	0.0000	0.0000	0.0000	0.0000	0.0000	0.0000	0.0000	0.0000	0.0000	0.0000	0.0000	0.0000	0.0000	0.0000	0.0000	0.0000	0.0000	0.0000	0.0000	0.0000	0.0000	0.0000	0.0000	0.0000	0.0000	0.0000	0.0000	0.0000	0.0000	0.0000	0.0000	0.0000	0.0000	0.0000	0.0000	0.0000	0.0000	0.0000	0.0000	0.0000	0.0000	0.0000	0.0000	0.0000	0.0000	0.0000	0.0000	0.0000											
108	113	0.0575	2	1	0	1	0	0	0	0	0	N	N	N	N	N	N	N	N	N	N	N	N	2.4761	0.0000	inf	inf	inf	10.9111	0.0000	inf	0.0030	0.0000	0.0298	0.0010	0.0000	0.0167	0.0048	0.0000	0.0355	0.0012	0.0043	0.0000	0.0000	0.0000	0.0000	0.0004	0.0177	0.0000	inf	0.0000	0.0011	-0.0000	3.9943	4.0004	0.9974	4.9999	0.0015	0.0000	0.0015	0.0002	0.0000	0.0002	0.0012	0.0000	0.0012	0.0000	0.0000	0.0000	0.0000	0.0000	0.0000	0.0000	0.0000	0.0000	0.4920	0.4430	0.0491	0.2409	0.2259	0.0150	0.2511	0.2171	0.0341	0.0775	0.0323	0.0453	0.0007	0.0006	0.0000	0.0769	0.0316	0.0452	7.6677	0.0000	inf	inf	0.0000	inf	12.3456	0.0000	inf	0.0004	0.0009	0.0000	0.0000	0.0000	0.0000	0.0004	0.0009	0.0000	
108	114	0.6463	6	1	1	0	0	0	0	0	0	N	N	N	N	N	N	N	N	N	N	N	N	6.2543	4.1222	110.3629	4.5944	5.1776	47.9865	0.5311	139.4498	0.0026	0.0029	0.0001	0.0039	0.0041	0.0000	0.0008	0.0009	0.0001	0.0004	0.0007	0.0000	0.0008	0.0008	0.0000	0.0000	0.0017	0.0000	0.0029	0.0014	-0.0004	-0.0000	3.9943	4.3361	0.9974	4.6323	0.0015	0.0015	0.0000	0.0013	0.0013	0.0000	0.0002	0.0002	0.0000	0.0000	0.0000	0.0000	0.0000	0.0000	0.0000	0.0000	0.0000	0.0000	0.5642	0.5131	0.0511	0.3308	0.3129	0.0179	0.2334	0.2002	0.0332	0.0548	0.0358	0.0190	0.0333	0.0292	0.0041	0.0215	0.0066	0.0149	13.8737	9.9556	110.3629	12.9224	11.9965	0.0000	64.2021	23.5383	139.4498	0.0002	0.0003	0.0000	0.0003	0.0003	0.0000	0.0000	0.0000	0.0000	
108	115	0.6136	5	1	0	0	0	0	0	0	0	N	N	N	N	N	N	N	N	N	N	N	N	0.5016	0.2648	0.0000	0.0673	0.0739	0.0000	42.7687	0.7121	0.0000	0.0001	0.0001	0.0000	0.0000	0.0000	0.0000	0.0003	0.0003	0.0000	0.0002	0.0003	0.0000	0.0005	0.0004	0.0000	0.0000	0.0004	0.0000	0.0000	0.1129	-0.0000	-0.0000	3.9943	1.9840	0.9974	0.2610	0.0000	0.0000	0.0000	0.0000	0.0000	0.0000	0.0000	0.0000	0.0000	0.0000	0.0000	0.0000	0.0000	0.0000	0.0000	0.0000	0.0000	0.0000	0.1775	0.1632	0.0143	0.1358	0.1275	0.0083	0.0416	0.0356	0.0060	0.0074	0.0041	0.0033	0.0037	0.0031	0.0005	0.0037	0.0010	0.0027	2.0718	1.4028	0.0000	0.4117	0.3893	0.0000	42.7687	123.9392	0.0000	0.0000	0.0001	0.0000	0.0001	0.0001	0.0000	0.0000	0.0000	0.0000
108	116	0.0575	2	1	1	0	1	0	0	0	0	N	N	N	N	N	N	N	N	N	N	N	N	inf	inf	inf	inf	inf	inf	inf	inf	inf	4.9617	3.6596	16.6606	3.3667	3.5916	0.0000	6.4530	3.7285	23.8728	0.0000	0.0000	0.0000	0.0000	0.0000	0.0000	0.0000	0.0000	0.0000	0.5067	0.2263	0.0000	3.9943	5.0006	0.9974	2.0000	2.9729	1.9731	0.9998	0.9747	0.9747	0.0000	1.9982	0.9984	0.9998	0.0000	0.0000	0.0000	0.0000	0.0000	0.0000	0.0000	0.0000	0.0000	0.5992	0.5392	0.0600	0.2895	0.2714	0.0181	0.3097	0.2678	0.0419	0.0616	0.0255	0.0360	0.0005	0.0005	0.0000	0.0610	0.0250	0.0360	inf	inf	inf	inf	inf	inf	inf	inf	inf	0.0000	0.0000	0.0000	0.0000	0.0000	0.0000	0.0000	0.0000	0.0000	
108	117	0.6136	5	1	1	0	1	0	0	0	0	N	N	N	N	N	N	N	N	N	N	N	N	0.0000	0.0000	0.0000	0.0000	0.0000	0.0000	0.0000	0.0000	0.0000	0.0000	0.0000	0.0000	0.0000	0.0000	0.0000	0.0000	0.0000	0.0000	0.0000	0.0000	3.9943	0.0000	0.9974	1.0000	0.0000	0.0000	0.0000	0.0000	0.0000	0.0000	0.0000	0.0000	0.0000	0.0000	0.0000	0.0000	0.0000	0.0000	0.0000	0.0000	0.0000	0.0000	0.0000	0.0000	0.0000	0.0000	0.0000	0.0000	0.0000	0.0000	0.0000	0.0046	0.0026	0.0020	0.0023	0.0020	0.0003	0.0023	0.0006	0.0017	0.0000	0.0000	0.0000	0.0000	0.0000	0.0000	0.0000	0.0000	0.0000	0.0000	0.0000	0.0000	0.0000	0.0000	0.0000	0.0000	0.0000	0.0000											
108	118	0.0575	2	1	1	0	0	0	0	0	0	N	N	N	N	N	N	N	N	N	N	N	N	3.4716	0.2162	89.5880	inf	inf	inf	8.1183	0.0000	101.3350	0.0010	0.0001	0.0090	0.0006	0.0002	0.0058	0.0013	0.0000	0.0102	0.0003	0.0004	0.0001	0.0000	0.0000	0.0000	0.0002	0.0033	0.0001	11.2308	1.0000	0.0010	-0.0000	3.9943	16.9994	0.9974	6.0000	0.0016	0.0001	0.0015	0.0004	0.0001	0.0002	0.0012	0.0000	0.0012	0.0000	0.0000	0.0000	0.0000	0.0000	0.0000	0.0000	0.0000	0.0000	1.5656	1.4038	0.1617	0.6607	0.6174	0.0433	0.9048	0.7864	0.1184	0.1723	0.0731	0.0992	0.0015	0.0014	0.0001	0.1708	0.0717	0.0992	8.7511	0.6768	89.5880	inf	inf	inf	11.4226	0.0000	101.3350	0.0001	0.0001	0.0001	0.0000	0.0000	0.0000	0.0001	0.0001	0.0001
108	119	0.6136	5	1	1	0	0	0	0	0	0	N	N	N	N	N	N	N	N	N	N	N	N	0.0000	0.0000	0.0000	0.0000	0.0000	0.0000	0.0000	0.0000	0.0000	0.0000	0.0000	0.0000	0.0000	0.0000	0.0000	0.0028	0.0052	0.0000	0.0001	0.0001	0.0000	0.0029	0.1817	0.0000	0.0000	0.0000	-0.0000	3.9943	5.0000	0.9974	6.0000	0.0000	0.0000	0.0000	0.0000	0.0000	0.0000	0.0000	0.0000	0.0000	0.0000	0.0000	0.0000	0.0000	0.0000	0.0000	0.0000	0.0000	0.0000	0.4100	0.3768	0.0333	0.3079	0.2892	0.0187	0.1021	0.0876	0.0145	0.0336	0.0188	0.0148	0.0166	0.0142	0.0024	0.0169	0.0046	0.0123	0.0000	0.0000	0.0000	0.0000	0.0000	0.0000	0.0000	0.0000	0.0000	0.0006	0.0011	0.0000	0.0000	0.0000	0.0000	0.0012	0.0044	0.0000				
108	120	0.6417	6	1	1	0	0	0	0	0	0	N	N	N	N	N	N	N	N	N	N	N	N	0.0271	0.0171	2.2416	2.5233	0.0000	0.0000	0.0004	0.0004	0.0000	0.0005	0.0005	0.0000	0.0000	0.0000	0.0000	0.0130	0.0224	0.0000	0.0002	0.0002	0.0000	0.0212	1.1441	0.0000	0.0000	0.0000	-0.0000	-0.0000	3.9943	0.9998	0.9974	0.9486	0.0000	0.0000	0.0000	0.0000	0.0000	0.0000	0.0000	0.0000	0.0000	0.0000	0.0000	0.0000	0.0000	0.0000	0.0000	0.0000	0.0000	0.0000	0.0882	0.0808	0.0074	0.0673	0.0630	0.0044	0.0209	0.0178	0.0030	0.0128	0.0074	0.0054	0.0071	0.0062	0.0009	0.0057	0.0012	0.0045	0.2450	0.1542	0.0000	51.4876	48.1948	0.0000	0.0001	0.0000	0.0000	0.0014	0.0025	0.0000	0.0000	0.0000	0.0000	0.0032	0.0157	0.0000			
108	121	0.6136	5	1	1	0	0	0	0	0	0	N	N	N	N	N	N	N	N	N	N	N	N	2.0948	1.2506	0.0000	7.3200	8.5329	1.5101	0.0351	0.0000	0.0005	0.0005	0.0000	0.0005	0.0006	0.0000	0.0003	0.0003	0.0000	0.0002	0.0004	0.0000	0.0001	0.0001	0.0000	0.0002	0.0088	0.0000	0.0000	0.0133	-0.0001	-0.0000	3.9943	3.0005	0.9974	1.1085	0.0002	0.0002	0.0000	0.0002	0.0002	0.0000	0.0000	0.0000	0.0000	0.0000	0.0000	0.0000	0.0000	0.0000	0.0000	0.0000	0.0000	0.0000	0.4472	0.4109	0.0363	0.3347	0.3144	0.0203	0.1125	0.0965	0.0160	0.0238	0.0133	0.0105	0.0118	0.0101	0.0017	0.0120	0.0032	0.0088	6.6632	4.1133	0.0000	1681.7333	1529.0467	0.0000	1.9178	0.6120	0.0000	0.0001	0.0001	0.0000	0.0000	0.0000	0.0000	0.0001	0.0005	0.0000	
108	124	0.6471	6	1	1	0	0	0	0	0	0	N	N	N	N	N	N	N	N	N	N	N	N	4102.8210	2467.0413	inf	7.0136	8.1658	inf	19060.6514	399.2594	inf	1.4398	1.5698	0.0003	0.0009	0.0010	0.0000	6.8159	7.9448	0.0010	0.0004	0.0006	0.0000	0.0001	0.0001	0.0000	0.0004	0.0199	0.0000	0.0000	0.0001	-0.2567	-0.0000	3.9943	3.9006	0.9974	3.1543	0.9868	0.9867	0.0000	0.0005	0.0005	0.0000	0.9863	0.9862	0.0000	0.0000	0.0000	0.0000	0.0000	0.0000	0.0000	0.0000	0.0000	0.0000	0.6853	0.6286	0.0568	0.5406	0.5044	0.0362	0.1447	0.1241	0.0206	0.0413	0.0243	0.0170	0.0217	0.0185	0.0031	0.0196	0.0058	0.0138	9235.6792	5932.3418	inf	439.1507	408.0856	inf	20923.0557	7188.1784	inf	0.0002	0.0003	0.0000	0.0000	0.0000	0.0000	0.0003	0.0011	0.0000
108	125	0.6136	5	1	1	0	0	0	0	0	0	N	N	N	N	N	N	N	N	N	N	N	N	0.0455	0.0318	2.1017	0.0006	0.0006	0.0000	0.1938	0.0604	5.2553	0.0443	0.0482	0.0000	0.0000	0.0000	0.0000	0.1844	0.2153	0.0000	0.9731	1.5165	0.0000	0.0304	0.0347	0.0000	0.9518	3.5670	0.0000	0.0000	0.0000	-0.0031	-0.0005	3.9943	1.6924	0.9974	1.9110	0.0120	0.0120	0.0000	0.0000	0.0000	0.0000	0.0120	0.0120	0.0000	0.0010	0.0010	0.0000	0.0001	0.0001	0.0000	0.0009	0.0009	0.0000	0.2699	0.2481	0.0218	0.2051	0.1926	0.0125	0.0648	0.0555	0.0093	0.0211	0.0118	0.0093	0.0104	0.0089	0.0015	0.0106	0.0029	0.0077	0.9585	0.5837	2.1017	0.0034	0.0031	0.0000	2.1416	0.6752	5.2553	0.0462	0.0826	0.0000	0.0057	0.0067	0.0000	0.0861	0.3189	0.0000
108	126	0.0575	2	1	1	0	0	0	0	0	0	N	N	N	N	N	N	N	N	N	N	N	N	0.0000	0.0000	0.0000	0.0000	0.0000	0.0000	0.0000	0.0000	0.0000	0.0000	0.0000	0.0000	0.0000	0.0000	0.0000	12.8263	0.0022	29.1591	0.0000	0.0000	0.0000	12.9348	0.0114	32.5886	49698.3239	0.0000	0.4753	3.9943	0.9996	0.9974	8.0005	0.0000	0.0000	0.0000	0.0000	0.0000	0.0000	0.0000	0.0000	0.0000	0.9942	0.0000	0.9942	0.0000	0.0000	0.0000	0.9942	0.0000	0.9942	0.1337	0.1206	0.0131	0.0682	0.0640	0.0042	0.0655	0.0565	0.0090	0.0775	0.0323	0.0453	0.0007	0.0006	0.0000	0.0769	0.0316	0.0452	0.0000	0.0000	0.0000	0.0000	0.0000	0.0000	0.0000	0.0000	0.0000	12.8263	0.0006	21.9665	0.0000	0.0000	0.0000	12.9348	0.0006	21.9815				
108	127	0.1849	4	1	0	0	0	0	0	0	0	N	N	N	N	N	N	N	N	N	N	N	N	0.0001	0.4285	0.0000	0.0992	0.6854	0.0000	0.0000	0.0052	0.0000	0.0005	0.0005	0.0000	0.0009	0.0009	0.0000	0.0000	0.0000	0.0000	6.5454	0.0013	23.1333	0.0086	0.0013	0.0579	9.0125	0.0043	28.3721	0.0000	26409.2416	-0.0001	0.4708	3.9943	3.6536	0.9974	12.3970	0.0003	0.0003	0.0000	0.0003	0.0003	0.0000	0.0000	0.0000	0.0000	0.9848	0.0000	0.9848	0.0001	0.0000	0.0001	0.9847	0.0000	0.9847	0.5668	0.5087	0.0581	0.3145	0.2954	0.0191	0.2523	0.2134	0.0390	0.1505	0.0845	0.0659	0.0412	0.0381	0.0031	0.1093	0.0464	0.0628	0.0001	1.2229	0.0000	0.3305	1.2706	0.0000	0.0000	0.1029	0.0000	6.5454	0.0004	14.9390	0.0026	0.0007	0.0256	9.0125	0.0002	15.6759
108	128	0.3633	4	1	0	0	0	0	0	0	0	N	N	N	N	N	N	N	N	N	N	N	N	0.0561	185.1244	0.0000	0.3070	227.9303	0.0001	0.0066	8.3041	0.0001	0.1072	0.1202	0.0002	0.1699	0.1860	0.0001	0.0159	0.0184	0.0003	1.9109	0.0006	7.7595	0.5533	0.0008	0.8215	2.3983	0.0022	4.4821	0.0002	2598.5412	-0.0242	0.0511	3.9943	5.3495	0.9974	12.4099	0.0931	0.0931	0.0000	0.0875	0.0875	0.0000	0.0056	0.0056	0.0000	0.1070	0.0000	0.1070	0.0042	0.0000	0.0041	0.1029	0.0000	0.1029	0.8685	0.7743	0.0942	0.5150	0.4703	0.0447	0.3535	0.3040	0.0495	0.2347	0.1501	0.0847	0.1219	0.1041	0.0178	0.1128	0.0459	0.0669	0.2351	438.1271	0.0002	4.9499	504.1724	0.0003	0.0174	306.9945	0.0002	0.4560	0.0003	1.2638	0.0343	0.0004	0.2330	0.9117	0.0001	1.5381
108	129	0.1690	8	1	1	0	1	0	0	0	0	N	N	N	N	N	N	N	N	N	N	N	N	0.0000	0.0000	0.0000	0.0000	0.0000	0.0000	0.0000	0.0000	0.0000	0.0000	0.0000	0.0000	0.0000	0.0000	0.0000	0.0000	0.0000	0.0000	0.0000	0.0000	3.9943	0.0000	0.9974	0.0000	0.0000	0.0000	0.0000	0.0000	0.0000	0.0000	0.0000	0.0000	0.0000	0.0000	0.0000	0.0000	0.0000	0.0000	0.0000	0.0000	0.0000	0.0000	0.0000	0.0000	0.0000	0.0000	0.0000	0.0000	0.0000	0.0000	0.0000	0.0000	0.0000	0.0000	0.0000	0.0000	0.0000	0.0000	0.0000	0.0000	0.0000	0.0000	0.0000	0.0000	0.0000	0.0000	0.0000	0.0000	0.0000	0.0000	0.0000	0.0000	0.0000	0.0000	0.0000	0.0000	0.0000	0.0000											
108	130	0.1527	7	1	1	0	1	0	0	0	0	N	N	N	N	N	N	N	N	N	N	N	N	0.0000	0.0000	0.0000	0.0000	0.0000	0.0000	0.0000	0.0000	0.0000	0.0000	0.0000	0.0000	0.0000	0.0000	0.0000	0.0000	0.0000	0.0000	0.0000	0.0000	3.9943	0.0000	0.9974	3.0001	0.0000	0.0000	0.0000	0.0000	0.0000	0.0000	0.0000	0.0000	0.0000	0.0000	0.0000	0.0000	0.0000	0.0000	0.0000	0.0000	0.0000	0.0000	0.0000	0.0000	0.0000	0.0000	0.0000	0.0000	0.0000	0.0000	0.0000	0.0247	0.0103	0.0144	0.0007	0.0007	0.0000	0.0241	0.0097	0.0144	0.0000	0.0000	0.0000	0.0000	0.0000	0.0000	0.0000	0.0000	0.0000	0.0000	0.0000	0.0000	0.0000	0.0000	0.0000	0.0000	0.0000	0.0000											
108	131	0.1430	6	1	1	0	0	0	0	0	0	N	N	N	N	N	N	N	N	N	N	N	N	0.0000	0.0000	0.0000	0.0000	0.0000	0.0000	0.0000	0.0000	0.0000	0.0000	0.0000	0.0000	0.0000	0.0000	0.0000	0.0000	0.0000	0.0000	0.0000	0.0000	3.9943	0.0000	0.9974	0.0000	0.0000	0.0000	0.0000	0.0000	0.0000	0.0000	0.0000	0.0000	0.0000	0.0000	0.0000	0.0000	0.0000	0.0000	0.0000	0.0000	0.0000	0.0000	0.0000	0.0000	0.0000	0.0000	0.0000	0.0000	0.0000	0.0000	0.0000	0.0000	0.0000	0.0000	0.0000	0.0000	0.0000	0.0000	0.0000	0.0000	0.0000	0.0000	0.0000	0.0000	0.0000	0.0000	0.0000	0.0000	0.0000	0.0000	0.0000	0.0000	0.0000	0.0000	0.0000	0.0000	0.0000	0.0000											
108	132	0.1527	7	1	0	1	1	0	0	0	0	N	N	N	N	N	N	N	N	N	N	N	N	0.0000	0.0000	0.0000	0.0000	0.0000	0.0000	0.0000	0.0000	0.0000	0.0000	0.0000	0.0000	0.0000	0.0000	0.0000	0.0000	0.0000	0.0000	0.0000	0.0000	3.9943	0.0000	0.9974	1.9999	0.0000	0.0000	0.0000	0.0000	0.0000	0.0000	0.0000	0.0000	0.0000	0.0000	0.0000	0.0000	0.0000	0.0000	0.0000	0.0000	0.0000	0.0000	0.0000	0.0000	0.0000	0.0000	0.0000	0.0000	0.0000	0.0000	0.0000	0.0169	0.0072	0.0097	0.0006	0.0006	0.0000	0.0163	0.0066	0.0097	0.0000	0.0000	0.0000	0.0000	0.0000	0.0000	0.0000	0.0000	0.0000	0.0000	0.0000	0.0000	0.0000	0.0000	0.0000	0.0000	0.0000	0.0000											
108	133	0.1637	8	1	0	1	1	0	0	0	0	N	N	N	N	N	N	N	N	N	N	N	N	0.0000	0.0000	0.0000	0.0000	0.0000	0.0000	0.0000	0.0000	0.0000	0.0000	0.0000	0.0000	0.0000	0.0000	0.0000	0.0000	0.0000	0.0000	0.0000	0.0000	3.9943	1.0000	0.9974	0.0000	0.0000	0.0000	0.0000	0.0000	0.0000	0.0000	0.0000	0.0000	0.0000	0.0000	0.0000	0.0000	0.0000	0.0000	0.0000	0.0000	0.0000	0.0000	0.1347	0.1210	0.0137	0.0767	0.0711	0.0056	0.0579	0.0498	0.0081	0.0082	0.0033	0.0049	0.0011	0.0007	0.0004	0.0071	0.0027	0.0045	0.0000	0.0000	0.0000	0.0000	0.0000	0.0000	0.0000	0.0000	0.0000	0.0000	0.0000	0.0000	0.0000	0.0000	0.0000	0.0000	0.0000	0.0000											
108	134	0.1637	8	1	0	1	1	0	0	0	0	N	N	N	N	N	N	N	N	N	N	N	N	0.0000	0.0000	0.0000	0.0000	0.0000	0.0000	0.0000	0.0000	0.0000	0.0000	0.0000	0.0000	0.0000	0.0000	0.0000	0.0000	0.0000	0.0000	0.0000	0.0000	3.9943	0.0000	0.9974	0.0000	0.0000	0.0000	0.0000	0.0000	0.0000	0.0000	0.0000	0.0000	0.0000	0.0000	0.0000	0.0000	0.0000	0.0000	0.0000	0.0000	0.0000	0.0000	0.0000	0.0000	0.0000	0.0000	0.0000	0.0000	0.0000	0.0000	0.0000	0.0000	0.0000	0.0000	0.0000	0.0000	0.0000	0.0000	0.0000	0.0000	0.0000	0.0000	0.0000	0.0000	0.0000	0.0000	0.0000	0.0000	0.0000	0.0000	0.0000	0.0000	0.0000	0.0000	0.0000	0.0000	0.0000	0.0000											
108	135	0.1527	7	1	0	1	1	0	0	0	0	N	N	N	N	N	N	N	N	N	N	N	N	0.0004	0.0000	inf	0.0000	0.0000	0.2173	0.0000	inf	0.0003	0.0000	0.0033	0.0000	0.0000	0.0000	0.0008	0.0000	0.0055	0.8212	1.4272	0.0000	3.8627	3.8534	0.0000	0.0035	0.0850	0.0000	inf	0.0000	0.0001	-0.0004	3.9943	2.0025	0.9974	0.9943	0.0001	0.0000	0.0001	0.0000	0.0000	0.0000	0.0001	0.0000	0.0001	0.0007	0.0007	0.0000	0.0007	0.0007	0.0000	0.0000	0.0000	0.0000	0.2649	0.2378	0.0271	0.1463	0.1356	0.0107	0.1186	0.1022	0.0164	0.0247	0.0103	0.0144	0.0007	0.0007	0.0000	0.0240	0.0097	0.0144	0.0117	0.0000	inf	0.0000	0.0000	0.0000	0.6076	0.0000	inf	0.0289	0.0693	0.0000	1.0025	1.0283	0.0000	0.0012	0.0031	0.0000	
108	136	0.1527	6	1	0	0	1	0	0	0	0	N	N	N	N	N	N	N	N	N	N	N	N	0.0000	0.0000	0.0000	0.0000	0.0000	0.0000	0.0000	0.0000	0.0000	0.0000	0.0000	0.0000	0.0000	0.0000	0.0000	0.0000	0.0000	0.0000	0.5107	0.3336	0.1006	0.4318	0.1678	13.4050	0.0029	0.0095	0.0026	0.9127	0.0000	-0.0000	3.9943	0.0050	0.9974	0.0173	0.0000	0.0000	0.0000	0.0000	0.0000	0.0000	0.0000	0.0000	0.0000	0.0000	0.0000	0.0000	0.0000	0.0000	0.0000	0.0000	0.0000	0.0000	0.0014	0.0013	0.0001	0.0011	0.0010	0.0001	0.0003	0.0003	0.0000	0.0010	0.0008	0.0002	0.0004	0.0004	0.0000	0.0006	0.0004	0.0002	0.0000	0.0000	0.0000	0.0000	0.0000	0.0000	0.0000	0.0000	0.0000	0.0114	0.0073	0.0296	0.0261	0.0141	1.0327	0.0012	0.0006	0.0026	
108	137	0.1430	5	1	0	0	1	0	0	0	0	N	N	N	N	N	N	N	N	N	N	N	N	0.0000	0.0000	0.0000	0.0000	0.0000	0.0000	0.0000	0.0000	0.0000	0.0000	0.0000	0.0000	0.0000	0.0000	0.0000	0.0000	0.0000	0.0006	0.0020	0.0000	0.3070	0.2795	0.0000	0.0000	0.0013	0.0000	0.0025	0.0000	-0.0000	3.9943	1.9972	0.9974	1.0076	0.0000	0.0000	0.0000	0.0000	0.0000	0.0000	0.0000	0.0000	0.0000	0.0000	0.0000	0.0000	0.0000	0.0000	0.0000	0.0000	0.0000	0.0000	0.2481	0.2226	0.0255	0.1324	0.1229	0.0095	0.1157	0.0997	0.0160	0.0228	0.0091	0.0137	0.0003	0.0003	0.0000	0.0226	0.0088	0.0137	0.0000	0.0000	0.0000	0.0000	0.0000	0.0000	0.0000	0.0000	0.0000	0.0002	0.0006	0.0000	0.0186	0.0192	0.0000	0.0000	0.0000	0.0000		
108	138	0.1257	4	2	1	0	0	0	0	0	0	Y	N	N	N	N	N	N	N	N	N	N	N	0.1621	0.0000	inf	0.0466	0.0000	inf	inf	inf	0.0002	0.0000	0.0015	0.0003	0.0000	0.0219	0.0001	0.0000	0.0005	0.0011	0.0026	0.0000	0.0074	0.0062	0.0000	0.0000	0.0000	0.0000	inf	0.0000	0.0000	-0.0000	3.9943	0.0002	0.9974	2.3255	0.0000	0.0000	0.0000	0.0000	0.0000	0.0000	0.0000	0.0000	0.0000	0.0000	0.0000	0.0000	0.0000	0.0000	0.0000	0.0000	0.0000	0.0000	0.0001	0.0001	0.0000	0.0000	0.0000	0.0000	0.0000	0.0000	0.0000	0.0272	0.0144	0.0128	0.0043	0.0041	0.0002	0.0230	0.0103	0.0127	0.4841	0.0000	inf	0.1449	0.0000	inf	inf	0.0000	inf	0.0004	0.0007	0.0000	0.0024	0.0025	0.0000	0.0000	0.0000	0.0000	
108	139	0.1079	3	2	1	0	0	0	0	0	0	Y	N	N	N	N	N	N	N	N	N	N	N	8627.1066	1947.1634	8457207.1775	36756.8321	44475.1749	inf	13773.2805	0.1537	10532496.7175	7.6498	4.2362	37.1515	10.0167	10.6332	0.0053	6.2058	0.0027	47.1403	0.0009	0.0022	0.0000	0.0003	0.0002	0.0000	0.0005	0.0178	0.0000	1.0148	0.0067	0.4782	-0.0000	3.9943	2.0138	0.9974	2.7349	1.9642	0.9749	0.9893	0.9745	0.9745	0.0000	0.9897	0.0004	0.9893	0.0000	0.0000	0.0000	0.0000	0.0000	0.0000	0.0000	0.0000	0.0000	0.2568	0.2301	0.0266	0.0973	0.0916	0.0056	0.1595	0.1385	0.0210	0.0627	0.0324	0.0304	0.0125	0.0120	0.0006	0.0502	0.0204	0.0298	23900.9577	6873.9024	8457207.1775	531478.7459	538891.0153	inf	15698.5871	2.8379	10532496.7175	0.0003	0.0006	0.0000	0.0000	0.0000	0.0000	0.0004	0.0010	0.0000
108	140	0.1244	4	1	1	0	0	0	0	0	0	N	N	N	N	N	N	N	N	N	N	N	N	0.9888	0.6264	1.4206	0.3582	0.5198	0.0050	1.4959	inf	7.4439	0.0001	0.0001	0.0000	0.0002	0.0002	0.0000	0.0000	0.0000	0.0000	0.0001	0.0002	0.0000	0.0005	0.0004	0.0007	0.0000	0.0000	0.0000	0.0127	0.9809	-0.0000	-0.0000	3.9943	1.9232	0.9974	1.1116	0.0000	0.0000	0.0000	0.0000	0.0000	0.0000	0.0000	0.0000	0.0000	0.0000	0.0000	0.0000	0.0000	0.0000	0.0000	0.0000	0.0000	0.0000	0.3220	0.2846	0.0374	0.1733	0.1533	0.0199	0.1487	0.1313	0.0175	0.0282	0.0127	0.0155	0.0022	0.0020	0.0001	0.0261	0.0107	0.0153	11.9240	11.9188	1.4206	2.0107	3.5180	0.0058	1.4959	inf	7.4439	0.0000	0.0000	0.0000	0.0001	0.0001	0.0006	0.0000	0.0000	0.0000
108	141	0.6328	6	1	1	0	0	0	0	0	0	N	N	N	N	N	N	N	N	N	N	N	N	inf	inf	inf	inf	inf	inf	0.0030	0.0033	0.0000	0.0039	0.0041	0.0000	0.0001	0.0001	0.0000	0.0000	0.0000	0.0000	0.0000	0.0000	0.0000	0.0000	0.0000	0.0000	0.0000	-0.0004	0.0000	3.9943	3.0000	0.9974	1.0000	0.0015	0.0015	0.0000	0.0014	0.0014	0.0000	0.0000	0.0000	0.0000	0.0000	0.0000	0.0000	0.0000	0.0000	0.0000	0.0000	0.0000	0.0000	0.4887	0.4483	0.0404	0.3762	0.3518	0.0244	0.1125	0.0965	0.0160	0.0232	0.0130	0.0102	0.0116	0.0099	0.0017	0.0117	0.0032	0.0085	inf	inf	0.0000	inf	inf	0.0000	inf	inf	0.0000	0.0000	0.0000	0.0000	0.0000	0.0000	0.0000	0.0000	0.0000	0.0000				
108	142	0.6136	5	1	0	0	0	0	0	0	0	N	N	N	N	N	N	N	N	N	N	N	N	inf	inf	inf	inf	inf	inf	0.0088	0.0096	0.0000	0.0101	0.0107	0.0000	0.0046	0.0054	0.0000	0.0000	0.0000	0.0000	0.0000	0.0000	0.0000	0.0000	0.0000	0.0000	0.0000	-0.0004	0.0000	3.9943	1.0000	0.9974	1.0000	0.0015	0.0015	0.0000	0.0013	0.0013	0.0000	0.0002	0.0002	0.0000	0.0000	0.0000	0.0000	0.0000	0.0000	0.0000	0.0000	0.0000	0.0000	0.1656	0.1523	0.0133	0.1269	0.1191	0.0078	0.0388	0.0332	0.0056	0.0120	0.0067	0.0053	0.0059	0.0051	0.0009	0.0060	0.0016	0.0044	inf	inf	0.0000	inf	inf	0.0000	inf	inf	0.0000	0.0000	0.0000	0.0000	0.0000	0.0000	0.0000	0.0000	0.0000	0.0000				
108	143	0.3633	4	1	0	0	0	0	0	0	0	N	N	N	N	N	N	N	N	N	N	N	N	0.4790	19.4670	0.0000	2.8952	3101.1485	0.0000	0.0054	0.0166	0.0000	0.9131	1.0235	0.0001	1.5934	1.7412	0.0000	0.0130	0.0151	0.0002	1.9061	0.0526	7.6833	0.5504	0.0006	0.7905	2.3906	0.9066	3.7737	0.0000	186.9567	-0.2416	0.0509	3.9943	7.1211	0.9974	10.9474	0.9286	0.9286	0.0000	0.9229	0.9229	0.0000	0.0057	0.0057	0.0000	0.1076	0.0006	0.1070	0.0042	0.0000	0.0041	0.1034	0.0006	0.1029	1.0170	0.9073	0.1097	0.5792	0.5301	0.0491	0.4378	0.3772	0.0606	0.2360	0.1507	0.0852	0.1223	0.1044	0.0179	0.1137	0.0463	0.0674	2.0026	269.4914	0.0001	46.8189	11388.3011	0.0001	0.0143	1.2527	0.0001	0.4560	0.0038	1.2555	0.0340	0.0002	0.2322	0.9099	0.0120	1.5266
108	144	0.1685	3	1	0	0	0	0	0	0	0	N	N	N	N	N	N	N	N	N	N	N	N	0.0256	0.0930	0.0001	2.5873	2.6659	34.0481	0.0036	0.0088	0.0002	0.0943	0.1050	0.0024	0.1658	0.1780	0.0016	0.0168	0.0191	0.0028	3.6771	1.1299	16.2989	0.0641	0.0668	0.0000	4.6998	2.1615	16.9343	0.0026	192.1758	-0.0247	0.4200	3.9943	8.5175	0.9974	23.1696	0.0960	0.0957	0.0003	0.0878	0.0877	0.0001	0.0082	0.0080	0.0002	0.8882	0.0046	0.8836	0.0004	0.0004	0.0000	0.8877	0.0042	0.8836	1.0176	0.9112	0.1064	0.5296	0.4928	0.0368	0.4880	0.4185	0.0696	0.2415	0.1223	0.1193	0.0527	0.0476	0.0050	0.1889	0.0746	0.1142	0.0256	2.7937	0.0003	20.1971	19.6329	34.0481	0.0036	0.3424	0.0004	3.6771	0.0376	7.4086	0.0082	0.0091	0.0000	4.6998	0.0558	7.7344
108	145	0.1430	6	2	1	0	0	0	0	0	0	Y	N	N	N	N	N	N	N	N	N	N	N	inf	inf	inf	inf	0.0010	0.0011	0.0000	0.0019	0.0020	0.0000	0.0000	0.0000	0.0000	0.0000	0.0000	0.0000	0.0000	0.0000	0.0000	0.0000	0.0000	0.0000	0.0000	-0.0000	0.0000	3.9943	1.0000	0.9974	1.0000	0.0001	0.0001	0.0000	0.0001	0.0001	0.0000	0.0000	0.0000	0.0000	0.0000	0.0000	0.0000	0.0000	0.0000	0.0000	0.0000	0.0000	0.0000	0.1278	0.1147	0.0131	0.0690	0.0641	0.0049	0.0588	0.0506	0.0082	0.0154	0.0061	0.0092	0.0002	0.0002	0.0000	0.0152	0.0059	0.0092	inf	inf	0.0000	inf	inf	0.0000	0.0000	0.0000	0.0000	0.0000	0.0000	0.0000	0.0000	0.0000	0.0000	0.0000	0.0000	0.0000						
108	146	0.1430	5	1	1	0	0	0	0	0	0	N	N	N	N	N	N	N	N	N	N	N	N	0.0000	0.0000	0.0000	0.0000	0.0000	0.0000	0.0000	0.0000	0.0000	0.0000	0.0000	0.0000	0.0000	0.0000	0.0000	0.0000	0.0000	0.0000	0.0000	0.0000	3.9943	0.0003	0.9974	0.0000	0.0000	0.0000	0.0000	0.0000	0.0000	0.0000	0.0000	0.0000	0.0000	0.0000	0.0000	0.0000	0.0000	0.0000	0.0000	0.0000	0.0000	0.0000	0.0001	0.0001	0.0000	0.0001	0.0001	0.0000	0.0000	0.0000	0.0000	0.0000	0.0000	0.0000	0.0000	0.0000	0.0000	0.0000	0.0000	0.0000	0.0000	0.0000	0.0000	0.0000	0.0000	0.0000	0.0000	0.0000	0.0000	0.0000	0.0000	0.0000	0.0000	0.0000	0.0000	0.0000	0.0000	0.0000											
108	147	0.1244	4	1	0	0	0	0	0	0	0	N	N	N	N	N	N	N	N	N	N	N	N	4.5103	3.1357	1.4328	0.2588	0.3991	0.0042	737.1305	inf	5.9106	0.0004	0.0004	0.0000	0.0001	0.0001	0.0000	0.0006	0.0007	0.0000	0.0001	0.0001	0.0000	0.0004	0.0003	0.0006	0.0000	0.0000	0.0000	0.0018	1.5727	-0.0001	0.0000	3.9943	4.9449	0.9974	1.0063	0.0002	0.0002	0.0000	0.0000	0.0000	0.0000	0.0002	0.0002	0.0000	0.0000	0.0000	0.0000	0.0000	0.0000	0.0000	0.0000	0.0000	0.0000	0.5994	0.5310	0.0684	0.2819	0.2542	0.0277	0.3175	0.2768	0.0407	0.0506	0.0221	0.0285	0.0024	0.0023	0.0002	0.0482	0.0198	0.0284	98.1549	124.0646	1.4328	1.7914	3.8002	0.0048	737.1305	inf	5.9106	0.0000	0.0000	0.0000	0.0001	0.0000	0.0005	0.0000	0.0000	0.0000
108	148	0.1079	3	1	0	0	0	0	0	0	0	N	N	N	N	N	N	N	N	N	N	N	N	82.2657	67.6304	60.7565	58.7785	99.1446	1.1063	39.5801	1.5334	159.1125	0.0248	0.0267	0.0083	0.0630	0.0667	0.0080	0.0029	0.0021	0.0084	0.0003	0.0004	0.0001	0.0011	0.0007	0.0072	0.0001	0.0014	0.0001	0.0370	1.1869	-0.0022	0.0000	3.9943	3.4778	0.9974	1.2917	0.0098	0.0095	0.0003	0.0091	0.0090	0.0001	0.0007	0.0005	0.0003	0.0000	0.0000	0.0000	0.0000	0.0000	0.0000	0.0000	0.0000	0.0000	0.3957	0.3535	0.0422	0.1440	0.1348	0.0092	0.2517	0.2187	0.0330	0.0629	0.0324	0.0305	0.0125	0.0120	0.0006	0.0503	0.0204	0.0299	203.5919	247.8307	60.7565	143.3322	272.8932	1.7450	68.5826	75.2025	159.1125	0.0001	0.0001	0.0001	0.0004	0.0002	0.0046	0.0000	0.0000	0.0001
108	149	0.0575	2	1	0	0	0	0	0	0	0	N	N	N	N	N	N	N	N	N	N	N	N	4176.9818	2069.0100	68340.8543	3.7532	1.1661	inf	13896.8333	527.0149	94718.2689	1.1569	1.2744	0.1136	0.0007	0.0002	0.0075	2.1679	2.4795	0.1575	0.0003	0.0006	0.0000	0.0002	0.0002	0.0000	0.0002	0.0047	0.0000	0.0100	0.0093	-0.2527	-0.0000	3.9943	7.8050	0.9974	4.0035	1.0096	0.9996	0.0100	0.0003	0.0001	0.0002	1.0093	0.9995	0.0098	0.0000	0.0000	0.0000	0.0000	0.0000	0.0000	0.0000	0.0000	0.0000	0.8727	0.7843	0.0883	0.4071	0.3812	0.0259	0.4656	0.4031	0.0625	0.0988	0.0413	0.0575	0.0008	0.0008	0.0000	0.0980	0.0405	0.0575	11066.6979	5141.4076	68340.8543	120.1208	33.0598	inf	20571.5475	9814.6835	94718.2689	0.0001	0.0002	0.0000	0.0000	0.0000	0.0000	0.0001	0.0003	0.0000
108	150	0.1849	4	1	0	0	0	0	0	0	0	N	N	N	N	N	N	N	N	N	N	N	N	0.0006	0.0004	0.0009	0.0004	0.0004	0.2853	1.9566	0.1914	0.0005	0.0006	0.0007	0.0000	0.0009	0.0009	0.0000	0.0004	0.0004	0.0000	1.0921	1.5939	0.0002	2.1334	2.2164	0.0000	0.0002	0.0022	0.0002	0.0000	0.0015	-0.0001	-0.0050	3.9943	3.7255	0.9974	14.1767	0.0004	0.0004	0.0000	0.0003	0.0003	0.0000	0.0001	0.0001	0.0000	0.0095	0.0095	0.0000	0.0095	0.0095	0.0000	0.0000	0.0000	0.0000	0.5747	0.5158	0.0589	0.3188	0.2993	0.0195	0.2559	0.2165	0.0394	0.1603	0.0894	0.0708	0.0426	0.0393	0.0034	0.1176	0.0501	0.0675	0.0107	0.0066	0.0009	0.0039	0.0038	0.2853	2.4655	7.3801	0.0005	0.0595	0.1065	0.0002	0.2234	0.2425	0.0000	0.0001	0.0001	0.0002
108	151	0.1685	3	1	0	0	0	0	0	0	0	N	N	N	N	N	N	N	N	N	N	N	N	0.0069	0.0073	0.0000	0.0100	0.0103	0.1079	0.0022	0.0324	0.0000	0.0095	0.0106	0.0000	0.0151	0.0159	0.0000	0.0028	0.0033	0.0000	1.3782	1.4468	0.8519	1.5001	1.5370	0.0000	1.2656	0.1028	0.4138	0.0000	2.3333	-0.0007	0.0024	3.9943	1.4205	0.9974	4.0377	0.0028	0.0028	0.0000	0.0024	0.0024	0.0000	0.0004	0.0004	0.0000	0.0135	0.0040	0.0094	0.0040	0.0040	0.0000	0.0095	0.0001	0.0094	0.2944	0.2638	0.0306	0.1606	0.1528	0.0079	0.1338	0.1110	0.0228	0.0990	0.0570	0.0420	0.0352	0.0338	0.0014	0.0638	0.0232	0.0406	0.0698	0.1495	0.0000	0.1341	0.1354	0.1079	0.0186	0.9484	0.0000	0.1359	0.0708	0.2244	0.1125	0.1171	0.0000	0.1488	0.0035	0.2320
108	152	0.0575	2	1	0	0	0	0	0	0	0	N	N	N	N	N	N	N	N	N	N	N	N	1.6089	2170.9557	0.0009	inf	inf	inf	0.0007	0.0606	0.0000	1.3018	1.4476	0.0001	2.7447	2.9297	0.0004	0.0003	0.0003	0.0000	0.8091	0.0007	0.1518	0.0000	0.0000	0.0000	0.3846	0.0051	0.0574	0.0000	230.0982	-0.2531	0.0019	3.9943	6.4701	0.9974	12.4371	0.9726	0.9726	0.0000	0.9725	0.9725	0.0000	0.0001	0.0001	0.0000	0.0040	0.0000	0.0040	0.0000	0.0000	0.0000	0.0040	0.0000	0.0040	0.7471	0.6719	0.0753	0.3543	0.3319	0.0224	0.3928	0.3399	0.0529	0.1474	0.0622	0.0852	0.0013	0.0012	0.0001	0.1461	0.0610	0.0851	47.4454	5144.5968	0.0028	inf	inf	inf	0.0097	1.0783	0.0000	0.0274	0.0003	0.0473	0.0000	0.0000	0.0000	0.0277	0.0003	0.0473
109	112	0.6316	6	1	0	2	0	0	0	0	0	N	N	Y	N	N	N	N	N	N	N	N	N	0.0000	0.0000	0.0000	0.0000	0.0000	0.0000	0.0000	0.0000	0.0000	0.0000	0.0000	0.0000	0.0000	0.0000	0.0000	0.0000	0.0000	0.0000	0.0000	0.0000	0.0000	0.0000	0.9909	0.0001	0.0000	0.0000	0.0000	0.0000	0.0000	0.0000	0.0000	0.0000	0.0000	0.0000	0.0000	0.0000	0.0000	0.0000	0.0000	0.0000	0.0000	0.0000	0.0000	0.0000	0.0000	0.0000	0.0000	0.0000	0.0000	0.0000	0.0000	0.0000	0.0000	0.0000	0.0000	0.0000	0.0000	0.0000	0.0000	0.0000	0.0000	0.0000	0.0000	0.0000	0.0000	0.0000	0.0000	0.0000	0.0000	0.0000	0.0000	0.0000	0.0000	0.0000	0.0000	0.0000	0.0000	0.0000											
109	113	0.5857	5	1	0	2	0	0	0	0	0	N	N	Y	N	N	N	N	N	N	N	N	N	0.0000	0.0000	0.0000	0.0000	0.0000	0.0000	0.0000	0.0000	0.0000	0.0000	0.0000	0.0000	0.0000	0.0000	0.0000	0.0000	0.0000	0.0000	0.0000	0.0000	0.0000	4.0004	0.9909	4.9999	0.0000	0.0000	0.0000	0.0000	0.0000	0.0000	0.0000	0.0000	0.0000	0.0000	0.0000	0.0000	0.0000	0.0000	0.0000	0.0000	0.0000	0.0000	0.0000	0.0000	0.0000	0.0000	0.0000	0.0000	0.0000	0.0000	0.0000	0.0134	0.0079	0.0054	0.0066	0.0057	0.0009	0.0068	0.0022	0.0045	0.0000	0.0000	0.0000	0.0000	0.0000	0.0000	0.0000	0.0000	0.0000	0.0000	0.0000	0.0000	0.0000	0.0000	0.0000	0.0000	0.0000	0.0000											
109	114	0.0622	3	1	1	1	0	0	0	0	0	N	N	N	N	N	N	N	N	N	N	N	N	0.0000	0.0000	0.0000	0.0000	0.0000	0.0000	0.0000	0.0000	0.0000	0.0000	0.0000	0.0000	0.0000	0.0000	0.0000	0.0000	0.0000	0.0000	-0.0000	0.0000	0.0000	4.3361	0.9909	4.6323	0.0000	0.0000	0.0000	0.0000	0.0000	0.0000	0.0000	0.0000	0.0000	0.0000	0.0000	0.0000	0.0000	0.0000	0.0000	0.0000	0.0000	0.0000	0.0000	0.0000	0.0000	0.0000	0.0000	0.0000	0.0000	0.0000	0.0000	0.0204	0.0073	0.0131	0.0003	0.0003	0.0000	0.0200	0.0070	0.0130	0.0000	0.0000	0.0000	0.0000	0.0000	0.0000	0.0000	0.0000	0.0000	0.0000	0.0000	0.0000	0.0000	0.0000	0.0000	0.0000	0.0000	0.0000											
109	115	0.0296	2	1	0	1	0	0	0	0	0	N	N	N	N	N	N	N	N	N	N	N	N	0.0000	0.0000	0.0000	0.0000	0.0000	0.0000	0.0000	0.0000	0.0000	0.0000	0.0000	0.0000	0.0000	0.0000	0.0000	0.0000	0.0000	0.0000	0.0000	0.0000	0.0000	1.9840	0.9909	0.2610	0.0000	0.0000	0.0000	0.0000	0.0000	0.0000	0.0000	0.0000	0.0000	0.0000	0.0000	0.0000	0.0000	0.0000	0.0000	0.0000	0.0000	0.0000	0.0000	0.0000	0.0000	0.0000	0.0000	0.0000	0.0000	0.0000	0.0000	0.0039	0.0013	0.0027	0.0000	0.0000	0.0000	0.0039	0.0013	0.0027	0.0000	0.0000	0.0000	0.0000	0.0000	0.0000	0.0000	0.0000	0.0000	0.0000	0.0000	0.0000	0.0000	0.0000	0.0000	0.0000	0.0000	0.0000											
109	116	0.5857	5	1	1	1	1	0	0	0	0	N	N	N	N	N	N	N	N	N	N	N	N	0.0000	0.0000	0.0000	0.0000	0.0000	0.0000	0.0000	0.0000	0.0000	0.0000	0.0000	0.0000	0.0000	0.0000	0.0000	0.0000	0.0000	0.0000	0.0000	0.0000	0.0000	5.0006	0.9909	2.0000	0.0000	0.0000	0.0000	0.0000	0.0000	0.0000	0.0000	0.0000	0.0000	0.0000	0.0000	0.0000	0.0000	0.0000	0.0000	0.0000	0.0000	0.0000	0.0000	0.0000	0.0000	0.0000	0.0000	0.0000	0.0000	0.0000	0.0000	0.0106	0.0063	0.0043	0.0052	0.0045	0.0007	0.0054	0.0018	0.0036	0.0000	0.0000	0.0000	0.0000	0.0000	0.0000	0.0000	0.0000	0.0000	0.0000	0.0000	0.0000	0.0000	0.0000	0.0000	0.0000	0.0000	0.0000											
109	117	0.0296	2	1	1	1	1	0	0	0	0	N	N	N	N	N	N	N	N	N	N	N	N	0.0000	0.0000	0.0000	0.0000	0.0000	0.0000	0.0000	0.0000	0.0000	0.0000	0.0000	0.0000	0.0000	0.0000	0.0000	0.0000	0.0000	0.0000	0.0000	0.0000	0.0000	0.0000	0.9909	1.0000	0.0000	0.0000	0.0000	0.0000	0.0000	0.0000	0.0000	0.0000	0.0000	0.0000	0.0000	0.0000	0.0000	0.0000	0.0000	0.0000	0.0000	0.0000	0.0000	0.0000	0.0000	0.0000	0.0000	0.0000	0.0000	0.0000	0.0000	0.0025	0.0008	0.0017	0.0000	0.0000	0.0000	0.0025	0.0008	0.0017	0.0000	0.0000	0.0000	0.0000	0.0000	0.0000	0.0000	0.0000	0.0000	0.0000	0.0000	0.0000	0.0000	0.0000	0.0000	0.0000	0.0000	0.0000											
109	118	0.5857	5	1	1	1	0	0	0	0	0	N	N	N	N	N	N	N	N	N	N	N	N	0.0000	0.0000	0.0000	0.0000	0.0000	0.0000	0.0000	0.0000	0.0000	0.0000	0.0000	0.0000	0.0000	0.0000	0.0000	0.0000	0.0000	0.0000	0.0000	0.0000	0.0000	16.9994	0.9909	6.0000	0.0000	0.0000	0.0000	0.0000	0.0000	0.0000	0.0000	0.0000	0.0000	0.0000	0.0000	0.0000	0.0000	0.0000	0.0000	0.0000	0.0000	0.0000	0.0000	0.0000	0.0000	0.0000	0.0000	0.0000	0.0000	0.0000	0.0000	0.0299	0.0180	0.0120	0.0152	0.0130	0.0022	0.0147	0.0049	0.0098	0.0000	0.0000	0.0000	0.0000	0.0000	0.0000	0.0000	0.0000	0.0000	0.0000	0.0000	0.0000	0.0000	0.0000	0.0000	0.0000	0.0000	0.0000											
109	119	0.0296	2	1	1	1	0	0	0	0	0	N	N	N	N	N	N	N	N	N	N	N	N	0.0000	0.0000	0.0000	0.0000	0.0000	0.0000	0.0000	0.0000	0.0000	0.0000	0.0000	0.0000	0.0000	0.0000	0.0000	0.0000	0.0000	0.0000	0.0000	0.0000	0.0000	5.0000	0.9909	6.0000	0.0000	0.0000	0.0000	0.0000	0.0000	0.0000	0.0000	0.0000	0.0000	0.0000	0.0000	0.0000	0.0000	0.0000	0.0000	0.0000	0.0000	0.0000	0.0000	0.0000	0.0000	0.0000	0.0000	0.0000	0.0000	0.0000	0.0000	0.0164	0.0054	0.0110	0.0000	0.0000	0.0000	0.0164	0.0054	0.0110	0.0000	0.0000	0.0000	0.0000	0.0000	0.0000	0.0000	0.0000	0.0000	0.0000	0.0000	0.0000	0.0000	0.0000	0.0000	0.0000	0.0000	0.0000											
109	120	0.0577	3	1	1	1	0	0	0	0	0	N	N	N	N	N	N	N	N	N	N	N	N	0.0198	0.0000	inf	0.0000	0.0000	6441.5736	0.0000	inf	0.0286	0.0000	0.1658	0.0000	0.0000	0.0000	0.0520	0.0000	0.1655	1.4430	2.1002	0.0000	3.8386	3.6824	0.0000	0.0000	0.0012	0.0000	inf	0.0000	0.0000	-0.0007	0.0000	0.9998	0.9909	0.9486	0.0000	0.0000	0.0000	0.0000	0.0000	0.0000	0.0000	0.0000	0.0000	0.0013	0.0013	0.0000	0.0013	0.0013	0.0000	0.0000	0.0000	0.0000	0.0000	0.0000	0.0000	0.0000	0.0000	0.0000	0.0000	0.0000	0.0000	0.0079	0.0042	0.0038	0.0014	0.0014	0.0000	0.0065	0.0028	0.0037	0.1766	0.0000	inf	0.0000	0.0000	0.0000	6441.5736	0.0000	inf	0.1621	0.3087	0.0000	0.9136	0.9344	0.0000	0.0000	0.0000	0.0000	
109	121	0.0296	2	1	1	1	0	0	0	0	0	N	N	N	N	N	N	N	N	N	N	N	N	inf	inf	inf	inf	0.9028	0.0000	9.4694	0.0000	0.0000	0.0000	1.7787	0.0000	9.7050	0.0000	0.0000	0.0000	0.0000	0.0000	0.0000	0.0000	0.0000	0.0000	inf	0.0000	0.0000	0.0000	3.0005	0.9909	1.1085	0.0000	0.0000	0.0000	0.0000	0.0000	0.0000	0.0000	0.0000	0.0000	0.0000	0.0000	0.0000	0.0000	0.0000	0.0000	0.0000	0.0000	0.0000	0.0000	0.0000	0.0000	0.0000	0.0000	0.0000	0.0000	0.0000	0.0000	0.0120	0.0040	0.0081	0.0000	0.0000	0.0000	0.0120	0.0040	0.0081	inf	0.0000	inf	0.0000	0.0000	0.0000	inf	0.0000	inf	0.0000	0.0000	0.0000	0.0000	0.0000	0.0000	0.0000	0.0000	0.0000						
109	122	0.6270	6	1	1	1	0	0	0	0	0	N	N	N	N	N	N	N	N	N	N	N	N	0.0000	0.0000	0.0000	0.0000	0.0000	0.0000	0.0000	0.0000	0.0000	0.0000	0.0000	0.0000	0.0000	0.0000	0.0000	0.0000	0.0000	0.0000	0.0000	0.0000	0.0000	2.0001	0.9909	3.0000	0.0000	0.0000	0.0000	0.0000	0.0000	0.0000	0.0000	0.0000	0.0000	0.0000	0.0000	0.0000	0.0000	0.0000	0.0000	0.0000	0.0000	0.0000	0.0000	0.0000	0.0000	0.0000	0.0000	0.0000	0.0000	0.0000	0.0000	0.0069	0.0043	0.0027	0.0039	0.0033	0.0005	0.0030	0.0009	0.0021	0.0000	0.0000	0.0000	0.0000	0.0000	0.0000	0.0000	0.0000	0.0000	0.0000	0.0000	0.0000	0.0000	0.0000	0.0000	0.0000	0.0000	0.0000											
109	123	0.5857	5	1	0	1	0	0	0	0	0	N	N	N	N	N	N	N	N	N	N	N	N	0.0000	0.0000	0.0000	0.0000	0.0000	0.0000	0.0000	0.0000	0.0000	0.0000	0.0000	0.0000	0.0000	0.0000	0.0000	0.0000	0.0000	0.0000	0.0000	0.0000	0.0000	6.9986	0.9909	2.0000	0.0000	0.0000	0.0000	0.0000	0.0000	0.0000	0.0000	0.0000	0.0000	0.0000	0.0000	0.0000	0.0000	0.0000	0.0000	0.0000	0.0000	0.0000	0.0000	0.0000	0.0000	0.0000	0.0000	0.0000	0.0000	0.0000	0.0000	0.0134	0.0079	0.0054	0.0066	0.0057	0.0009	0.0068	0.0022	0.0045	0.0000	0.0000	0.0000	0.0000	0.0000	0.0000	0.0000	0.0000	0.0000	0.0000	0.0000	0.0000	0.0000	0.0000	0.0000	0.0000	0.0000	0.0000											
109	124	0.0631	3	1	1	1	0	0	0	0	0	N	N	N	N	N	N	N	N	N	N	N	N	0.0000	0.0000	0.0000	0.0000	0.0000	0.0000	0.0000	0.0000	0.0000	0.0000	0.0000	0.0000	0.0000	0.0000	0.0000	0.0000	0.0000	0.0000	0.0000	0.0000	0.0000	3.9006	0.9909	3.1543	0.0000	0.0000	0.0000	0.0000	0.0000	0.0000	0.0000	0.0000	0.0000	0.0000	0.0000	0.0000	0.0000	0.0000	0.0000	0.0000	0.0000	0.0000	0.0000	0.0000	0.0000	0.0000	0.0000	0.0000	0.0000	0.0000	0.0000	0.0161	0.0048	0.0113	0.0005	0.0004	0.0001	0.0156	0.0044	0.0113	0.0000	0.0000	0.0000	0.0000	0.0000	0.0000	0.0000	0.0000	0.0000	0.0000	0.0000	0.0000	0.0000	0.0000	0.0000	0.0000	0.0000	0.0000											
109	125	0.0296	2	1	1	1	0	0	0	0	0	N	N	N	N	N	N	N	N	N	N	N	N	0.0000	0.0000	0.0000	0.0000	0.0000	0.0000	0.0000	0.0000	0.0000	0.0000	0.0000	0.0000	0.0000	0.0000	0.0000	0.0000	0.0000	0.0000	0.0000	0.0000	0.0000	1.6924	0.9909	1.9110	0.0000	0.0000	0.0000	0.0000	0.0000	0.0000	0.0000	0.0000	0.0000	0.0000	0.0000	0.0000	0.0000	0.0000	0.0000	0.0000	0.0000	0.0000	0.0000	0.0000	0.0000	0.0000	0.0000	0.0000	0.0000	0.0000	0.0000	0.0107	0.0035	0.0072	0.0000	0.0000	0.0000	0.0107	0.0035	0.0072	0.0000	0.0000	0.0000	0.0000	0.0000	0.0000	0.0000	0.0000	0.0000	0.0000	0.0000	0.0000	0.0000	0.0000	0.0000	0.0000	0.0000	0.0000											
109	126	0.5857	5	1	1	1	0	0	0	0	0	N	N	N	N	N	N	N	N	N	N	N	N	0.0000	0.0000	0.0000	0.0000	0.0000	0.0000	0.0000	0.0000	0.0000	0.0000	0.0000	0.0000	0.0000	0.0000	0.0000	0.0000	0.0000	0.0000	0.0000	0.0000	0.0000	0.9996	0.9909	8.0005	0.0000	0.0000	0.0000	0.0000	0.0000	0.0000	0.0000	0.0000	0.0000	0.0000	0.0000	0.0000	0.0000	0.0000	0.0000	0.0000	0.0000	0.0000	0.0000	0.0000	0.0000	0.0000	0.0000	0.0000	0.0000	0.0000	0.0000	0.0134	0.0079	0.0054	0.0066	0.0057	0.0009	0.0068	0.0022	0.0045	0.0000	0.0000	0.0000	0.0000	0.0000	0.0000	0.0000	0.0000	0.0000	0.0000	0.0000	0.0000	0.0000	0.0000	0.0000	0.0000	0.0000	0.0000											
109	127	0.4911	5	1	0	1	0	0	0	0	0	N	N	N	N	N	N	N	N	N	N	N	N	0.0000	0.0000	0.0000	0.0000	0.0000	0.0000	0.0000	0.0000	0.0000	0.0000	0.0000	0.0000	0.0000	0.0000	0.0000	0.0000	0.0000	0.0000	0.0000	0.0000	0.0000	3.6536	0.9909	12.3970	0.0000	0.0000	0.0000	0.0000	0.0000	0.0000	0.0000	0.0000	0.0000	0.0000	0.0000	0.0000	0.0000	0.0000	0.0000	0.0000	0.0000	0.0000	0.0000	0.0000	0.0000	0.0000	0.0000	0.0000	0.0000	0.0000	0.0000	0.0274	0.0157	0.0118	0.0113	0.0100	0.0013	0.0161	0.0057	0.0104	0.0000	0.0000	0.0000	0.0000	0.0000	0.0000	0.0000	0.0000	0.0000	0.0000	0.0000	0.0000	0.0000	0.0000	0.0000	0.0000	0.0000	0.0000											
109	128	0.2800	3	1	0	1	0	0	0	0	0	N	N	N	N	N	N	N	N	N	N	N	N	inf	inf	inf	inf	inf	inf	0.0104	0.0117	0.0000	0.0053	0.0059	0.0000	0.0353	0.0412	0.0000	0.0000	0.0000	0.0000	0.0000	0.0000	0.0000	0.0000	0.0000	0.0000	0.0000	-0.0000	0.0000	0.0000	5.3495	0.9909	12.4099	0.0000	0.0000	0.0000	0.0000	0.0000	0.0000	0.0000	0.0000	0.0000	0.0000	0.0000	0.0000	0.0000	0.0000	0.0000	0.0000	0.0000	0.0000	0.0000	0.0000	0.0000	0.0000	0.0000	0.0000	0.0000	0.0000	0.0000	0.0517	0.0297	0.0220	0.0212	0.0186	0.0026	0.0305	0.0110	0.0195	inf	inf	0.0000	inf	inf	0.0000	inf	inf	0.0000	0.0000	0.0000	0.0000	0.0000	0.0000	0.0000	0.0000	0.0000	0.0000				
109	129	0.6972	11	1	1	1	1	0	0	0	0	N	N	N	N	N	N	N	N	N	N	N	N	0.0000	0.0000	0.0000	0.0000	0.0000	0.0000	0.0000	0.0000	0.0000	0.0000	0.0000	0.0000	0.0000	0.0000	0.0000	0.0000	0.0000	0.0000	0.0000	0.0000	0.0000	0.0000	0.9909	0.0000	0.0000	0.0000	0.0000	0.0000	0.0000	0.0000	0.0000	0.0000	0.0000	0.0000	0.0000	0.0000	0.0000	0.0000	0.0000	0.0000	0.0000	0.0000	0.0000	0.0000	0.0000	0.0000	0.0000	0.0000	0.0000	0.0000	0.0000	0.0000	0.0000	0.0000	0.0000	0.0000	0.0000	0.0000	0.0000	0.0000	0.0000	0.0000	0.0000	0.0000	0.0000	0.0000	0.0000	0.0000	0.0000	0.0000	0.0000	0.0000	0.0000	0.0000	0.0000	0.0000	0.0000	0.0000											
109	130	0.6809	10	1	1	1	1	0	0	0	0	N	N	N	N	N	N	N	N	N	N	N	N	0.0000	0.0000	0.0000	0.0000	0.0000	0.0000	0.0000	0.0000	0.0000	0.0000	0.0000	0.0000	0.0000	0.0000	0.0000	0.0000	0.0000	0.0000	0.0000	0.0000	0.0000	0.0000	0.9909	3.0001	0.0000	0.0000	0.0000	0.0000	0.0000	0.0000	0.0000	0.0000	0.0000	0.0000	0.0000	0.0000	0.0000	0.0000	0.0000	0.0000	0.0000	0.0000	0.0000	0.0000	0.0000	0.0000	0.0000	0.0000	0.0000	0.0000	0.0000	0.0085	0.0057	0.0027	0.0032	0.0029	0.0003	0.0053	0.0029	0.0024	0.0000	0.0000	0.0000	0.0000	0.0000	0.0000	0.0000	0.0000	0.0000	0.0000	0.0000	0.0000	0.0000	0.0000	0.0000	0.0000	0.0000	0.0000											
109	131	0.6712	9	1	1	1	0	0	0	0	0	N	N	N	N	N	N	N	N	N	N	N	N	0.0000	0.0000	0.0000	0.0000	0.0000	0.0000	0.0000	0.0000	0.0000	0.0000	0.0000	0.0000	0.0000	0.0000	0.0000	0.0000	0.0000	0.0000	0.0000	0.0000	0.0000	0.0000	0.9909	0.0000	0.0000	0.0000	0.0000	0.0000	0.0000	0.0000	0.0000	0.0000	0.0000	0.0000	0.0000	0.0000	0.0000	0.0000	0.0000	0.0000	0.0000	0.0000	0.0000	0.0000	0.0000	0.0000	0.0000	0.0000	0.0000	0.0000	0.0000	0.0000	0.0000	0.0000	0.0000	0.0000	0.0000	0.0000	0.0000	0.0000	0.0000	0.0000	0.0000	0.0000	0.0000	0.0000	0.0000	0.0000	0.0000	0.0000	0.0000	0.0000	0.0000	0.0000	0.0000	0.0000	0.0000	0.0000											
109	132	0.6809	10	1	0	2	1	0	0	0	0	N	N	Y	N	N	N	N	N	N	N	N	N	0.0000	0.0000	0.0000	0.0000	0.0000	0.0000	0.0000	0.0000	0.0000	0.0000	0.0000	0.0000	0.0000	0.0000	0.0000	0.0000	0.0000	0.0000	0.0000	0.0000	0.0000	0.0000	0.9909	1.9999	0.0000	0.0000	0.0000	0.0000	0.0000	0.0000	0.0000	0.0000	0.0000	0.0000	0.0000	0.0000	0.0000	0.0000	0.0000	0.0000	0.0000	0.0000	0.0000	0.0000	0.0000	0.0000	0.0000	0.0000	0.0000	0.0000	0.0000	0.0058	0.0040	0.0019	0.0022	0.0020	0.0002	0.0037	0.0020	0.0017	0.0000	0.0000	0.0000	0.0000	0.0000	0.0000	0.0000	0.0000	0.0000	0.0000	0.0000	0.0000	0.0000	0.0000	0.0000	0.0000	0.0000	0.0000											
109	133	0.6919	11	1	0	2	1	0	0	0	0	N	N	Y	N	N	N	N	N	N	N	N	N	0.0000	0.0000	0.0000	0.0000	0.0000	0.0000	0.0000	0.0000	0.0000	0.0000	0.0000	0.0000	0.0000	0.0000	0.0000	0.0000	0.0000	0.0000	0.0000	0.0000	0.0000	1.0000	0.9909	0.0000	0.0000	0.0000	0.0000	0.0000	0.0000	0.0000	0.0000	0.0000	0.0000	0.0000	0.0000	0.0000	0.0000	0.0000	0.0000	0.0000	0.0000	0.0000	0.0000	0.0000	0.0000	0.0000	0.0000	0.0000	0.0000	0.0000	0.0000	0.0029	0.0020	0.0009	0.0010	0.0009	0.0001	0.0019	0.0010	0.0008	0.0000	0.0000	0.0000	0.0000	0.0000	0.0000	0.0000	0.0000	0.0000	0.0000	0.0000	0.0000	0.0000	0.0000	0.0000	0.0000	0.0000	0.0000											
109	134	0.6919	11	1	0	2	1	0	0	0	0	N	N	Y	N	N	N	N	N	N	N	N	N	0.0000	0.0000	0.0000	0.0000	0.0000	0.0000	0.0000	0.0000	0.0000	0.0000	0.0000	0.0000	0.0000	0.0000	0.0000	0.0000	0.0000	0.0000	0.0000	0.0000	0.0000	0.0000	0.9909	0.0000	0.0000	0.0000	0.0000	0.0000	0.0000	0.0000	0.0000	0.0000	0.0000	0.0000	0.0000	0.0000	0.0000	0.0000	0.0000	0.0000	0.0000	0.0000	0.0000	0.0000	0.0000	0.0000	0.0000	0.0000	0.0000	0.0000	0.0000	0.0000	0.0000	0.0000	0.0000	0.0000	0.0000	0.0000	0.0000	0.0000	0.0000	0.0000	0.0000	0.0000	0.0000	0.0000	0.0000	0.0000	0.0000	0.0000	0.0000	0.0000	0.0000	0.0000	0.0000	0.0000	0.0000	0.0000											
109	135	0.6809	10	1	0	2	1	0	0	0	0	N	N	Y	N	N	N	N	N	N	N	N	N	0.0052	0.0000	inf	0.0058	0.0000	inf	0.0000	0.0000	0.0067	0.0000	0.0513	0.0137	0.0000	0.6393	0.0000	0.0000	0.0000	1.2986	1.7945	0.0000	2.3613	2.5117	0.0000	0.0000	0.0007	0.0000	inf	0.0000	0.0000	-0.0005	0.0000	2.0025	0.9909	0.9943	0.0000	0.0000	0.0000	0.0000	0.0000	0.0000	0.0000	0.0000	0.0000	0.0009	0.0009	0.0000	0.0009	0.0009	0.0000	0.0000	0.0000	0.0000	0.0000	0.0000	0.0000	0.0000	0.0000	0.0000	0.0000	0.0000	0.0000	0.0085	0.0057	0.0027	0.0032	0.0029	0.0003	0.0053	0.0029	0.0024	0.0618	0.0000	inf	0.0475	0.0000	inf	0.0000	0.0000	0.0000	0.1087	0.1605	0.0000	0.2891	0.3225	0.0000	0.0000	0.0000	0.0000	
109	136	0.6809	9	1	0	1	1	0	0	0	0	N	N	N	N	N	N	N	N	N	N	N	N	0.0379	0.0241	0.0492	0.0492	0.0325	10.3722	0.0000	0.0000	0.0000	0.4381	0.2858	0.9376	0.6098	0.4399	0.9984	0.0000	0.0000	0.0000	11.5494	11.8577	19.0648	12.3884	13.5511	0.0963	10.8164	9.4232	23.6997	0.9999	0.3479	0.0000	-0.0005	0.0000	0.0050	0.9909	0.0173	0.0000	0.0000	0.0000	0.0000	0.0000	0.0000	0.0000	0.0000	0.0000	0.0018	0.0014	0.0005	0.0009	0.0009	0.0000	0.0009	0.0004	0.0005	0.0000	0.0000	0.0000	0.0000	0.0000	0.0000	0.0000	0.0000	0.0000	0.0002	0.0001	0.0000	0.0001	0.0001	0.0000	0.0001	0.0000	0.0000	0.0379	0.0241	0.0873	0.0492	0.0325	25.7456	0.0000	0.0000	0.0000	11.5494	11.8577	10.7463	12.3884	13.5511	0.0388	10.8164	9.4232	12.5569
109	137	0.6712	8	1	0	1	1	0	0	0	0	N	N	N	N	N	N	N	N	N	N	N	N	35.0794	0.0000	1372037.9176	133.0051	0.0000	inf	0.0000	0.0000	0.0000	7.1786	0.0000	90.8197	8.9132	0.0000	141.3398	0.0000	0.0000	0.0000	0.2046	0.3922	0.0001	0.0670	0.0715	0.0000	0.0002	0.0041	0.0001	inf	0.0046	0.0000	-0.0000	0.0000	1.9972	0.9909	1.0076	0.0000	0.0000	0.0000	0.0000	0.0000	0.0000	0.0000	0.0000	0.0000	0.0000	0.0000	0.0000	0.0000	0.0000	0.0000	0.0000	0.0000	0.0000	0.0000	0.0000	0.0000	0.0000	0.0000	0.0000	0.0000	0.0000	0.0000	0.0038	0.0025	0.0014	0.0024	0.0021	0.0003	0.0015	0.0004	0.0010	1385.7016	0.0000	1372037.9176	1075.7704	0.0000	inf	0.0000	0.0000	0.0000	0.0052	0.0080	0.0001	0.0083	0.0096	0.0000	0.0001	0.0002	0.0001
109	138	0.6540	7	2	1	1	0	0	0	0	0	Y	N	N	N	N	N	N	N	N	N	N	N	0.0000	0.0000	0.0000	0.0000	0.0000	0.0000	0.0000	0.0000	0.0000	0.0000	0.0000	0.0000	0.0000	0.0000	0.0000	0.0000	0.0000	0.0000	0.0000	0.0000	0.0000	0.0002	0.9909	2.3255	0.0000	0.0000	0.0000	0.0000	0.0000	0.0000	0.0000	0.0000	0.0000	0.0000	0.0000	0.0000	0.0000	0.0000	0.0000	0.0000	0.0000	0.0000	0.0000	0.0000	0.0000	0.0000	0.0000	0.0000	0.0000	0.0000	0.0000	0.0045	0.0029	0.0015	0.0024	0.0021	0.0003	0.0021	0.0008	0.0013	0.0000	0.0000	0.0000	0.0000	0.0000	0.0000	0.0000	0.0000	0.0000	0.0000	0.0000	0.0000	0.0000	0.0000	0.0000	0.0000	0.0000	0.0000											
109	139	0.6361	6	2	1	1	0	0	0	0	0	Y	N	N	N	N	N	N	N	N	N	N	N	inf	inf	inf	inf	0.0231	0.0258	0.0000	0.0264	0.0295	0.0000	0.0000	0.0000	0.0000	0.0000	0.0000	0.0000	0.0000	0.0000	0.0000	0.0000	0.0000	0.0000	0.0000	-0.0000	0.0000	0.0000	2.0138	0.9909	2.7349	0.0000	0.0000	0.0000	0.0000	0.0000	0.0000	0.0000	0.0000	0.0000	0.0000	0.0000	0.0000	0.0000	0.0000	0.0000	0.0000	0.0000	0.0000	0.0000	0.0000	0.0000	0.0000	0.0000	0.0000	0.0000	0.0000	0.0000	0.0091	0.0055	0.0036	0.0047	0.0042	0.0005	0.0044	0.0013	0.0031	inf	inf	0.0000	inf	inf	0.0000	0.0000	0.0000	0.0000	0.0000	0.0000	0.0000	0.0000	0.0000	0.0000	0.0000	0.0000	0.0000						
109	140	0.6526	7	1	1	1	0	0	0	0	0	N	N	N	N	N	N	N	N	N	N	N	N	inf	inf	inf	inf	inf	inf	0.3713	0.3811	0.0000	0.3812	0.3902	0.0000	0.0560	0.0630	0.0000	0.0000	0.0000	0.0000	0.0000	0.0000	0.0000	0.0000	0.0000	0.0000	0.0000	-0.0000	0.0000	0.0000	1.9232	0.9909	1.1116	0.0000	0.0000	0.0000	0.0000	0.0000	0.0000	0.0000	0.0000	0.0000	0.0000	0.0000	0.0000	0.0000	0.0000	0.0000	0.0000	0.0000	0.0000	0.0000	0.0000	0.0000	0.0000	0.0000	0.0000	0.0000	0.0000	0.0000	0.0041	0.0026	0.0014	0.0025	0.0022	0.0003	0.0016	0.0005	0.0011	inf	inf	0.0000	inf	inf	0.0000	inf	inf	0.0000	0.0000	0.0000	0.0000	0.0000	0.0000	0.0000	0.0000	0.0000	0.0000				
109	141	0.0488	3	1	1	1	0	0	0	0	0	N	N	N	N	N	N	N	N	N	N	N	N	0.0000	0.0000	0.0000	0.0000	0.0000	0.0000	0.0000	0.0000	0.0000	0.0000	0.0000	0.0000	0.0000	0.0000	0.0000	0.0000	0.0000	0.0000	0.0000	0.0000	0.0000	3.0000	0.9909	1.0000	0.0000	0.0000	0.0000	0.0000	0.0000	0.0000	0.0000	0.0000	0.0000	0.0000	0.0000	0.0000	0.0000	0.0000	0.0000	0.0000	0.0000	0.0000	0.0000	0.0000	0.0000	0.0000	0.0000	0.0000	0.0000	0.0000	0.0000	0.0107	0.0039	0.0068	0.0000	0.0000	0.0000	0.0107	0.0039	0.0068	0.0000	0.0000	0.0000	0.0000	0.0000	0.0000	0.0000	0.0000	0.0000	0.0000	0.0000	0.0000	0.0000	0.0000	0.0000	0.0000	0.0000	0.0000											
109	142	0.0296	2	1	0	1	0	0	0	0	0	N	N	N	N	N	N	N	N	N	N	N	N	0.0000	0.0000	0.0000	0.0000	0.0000	0.0000	0.0000	0.0000	0.0000	0.0000	0.0000	0.0000	0.0000	0.0000	0.0000	0.0000	0.0000	0.0000	0.0000	0.0000	0.0000	1.0000	0.9909	1.0000	0.0000	0.0000	0.0000	0.0000	0.0000	0.0000	0.0000	0.0000	0.0000	0.0000	0.0000	0.0000	0.0000	0.0000	0.0000	0.0000	0.0000	0.0000	0.0000	0.0000	0.0000	0.0000	0.0000	0.0000	0.0000	0.0000	0.0000	0.0063	0.0021	0.0042	0.0000	0.0000	0.0000	0.0063	0.0021	0.0042	0.0000	0.0000	0.0000	0.0000	0.0000	0.0000	0.0000	0.0000	0.0000	0.0000	0.0000	0.0000	0.0000	0.0000	0.0000	0.0000	0.0000	0.0000											
109	145	0.6712	9	2	1	1	0	0	0	0	0	Y	N	N	N	N	N	N	N	N	N	N	N	0.0000	0.0000	0.0000	0.0000	0.0000	0.0000	0.0000	0.0000	0.0000	0.0000	0.0000	0.0000	0.0000	0.0000	0.0000	0.0000	0.0000	0.0000	0.0000	0.0000	0.0000	1.0000	0.9909	1.0000	0.0000	0.0000	0.0000	0.0000	0.0000	0.0000	0.0000	0.0000	0.0000	0.0000	0.0000	0.0000	0.0000	0.0000	0.0000	0.0000	0.0000	0.0000	0.0000	0.0000	0.0000	0.0000	0.0000	0.0000	0.0000	0.0000	0.0000	0.0026	0.0017	0.0009	0.0016	0.0014	0.0002	0.0010	0.0003	0.0007	0.0000	0.0000	0.0000	0.0000	0.0000	0.0000	0.0000	0.0000	0.0000	0.0000	0.0000	0.0000	0.0000	0.0000	0.0000	0.0000	0.0000	0.0000											
109	146	0.6712	8	1	1	1	0	0	0	0	0	N	N	N	N	N	N	N	N	N	N	N	N	inf	inf	inf	inf	0.2330	0.3007	0.0000	0.3098	0.4410	0.0000	0.0000	0.0000	0.0000	0.0000	0.0000	0.0000	0.0000	0.0000	0.0000	0.0000	0.0000	0.0000	0.0000	-0.0000	0.0000	0.0000	0.0003	0.9909	0.0000	0.0000	0.0000	0.0000	0.0000	0.0000	0.0000	0.0000	0.0000	0.0000	0.0000	0.0000	0.0000	0.0000	0.0000	0.0000	0.0000	0.0000	0.0000	0.0000	0.0000	0.0000	0.0000	0.0000	0.0000	0.0000	0.0000	0.0000	0.0000	0.0000	0.0000	0.0000	0.0000	0.0000	0.0000	0.0000	0.0000	inf	inf	0.0000	inf	inf	0.0000	0.0000	0.0000	0.0000	0.0000	0.0000	0.0000	0.0000	0.0000	0.0000	0.0000	0.0000	0.0000						
109	147	0.6526	7	1	0	1	0	0	0	0	0	N	N	N	N	N	N	N	N	N	N	N	N	1567.2477	968.9247	888.6360	762.4801	842.0287	790.6334	13530.1749	inf	0.0000	0.5934	0.6186	0.0031	0.6232	0.6465	0.0037	0.0300	0.0345	0.0000	0.0004	0.0006	0.0000	0.0008	0.0008	0.0000	0.0000	0.0000	0.0000	0.0002	0.0073	-0.0000	-0.0000	0.0000	4.9449	0.9909	1.0063	0.0000	0.0000	0.0000	0.0000	0.0000	0.0000	0.0000	0.0000	0.0000	0.0000	0.0000	0.0000	0.0000	0.0000	0.0000	0.0000	0.0000	0.0000	0.0000	0.0000	0.0000	0.0000	0.0000	0.0000	0.0000	0.0000	0.0000	0.0076	0.0049	0.0027	0.0047	0.0041	0.0006	0.0029	0.0009	0.0021	3439.0437	2330.1770	888.6360	2228.6721	2003.1151	790.6334	13530.1749	inf	0.0000	0.0002	0.0003	0.0000	0.0003	0.0003	0.0000	0.0000	0.0000	0.0000
109	148	0.6361	6	1	0	1	0	0	0	0	0	N	N	N	N	N	N	N	N	N	N	N	N	15773.3041	12719.8055	10154.8799	11376.3599	13274.9597	inf	0.0000	0.0000	0.0000	1.6669	1.8440	0.1909	1.9459	2.1356	0.2390	0.0000	0.0000	0.0000	0.0001	0.0001	0.0000	0.0002	0.0002	0.0000	0.0000	0.0003	0.0000	0.0124	2.6667	-0.0000	0.0000	0.0000	3.4778	0.9909	1.2917	0.0000	0.0000	0.0000	0.0000	0.0000	0.0000	0.0000	0.0000	0.0000	0.0000	0.0000	0.0000	0.0000	0.0000	0.0000	0.0000	0.0000	0.0000	0.0000	0.0000	0.0000	0.0000	0.0000	0.0000	0.0000	0.0000	0.0000	0.0091	0.0055	0.0036	0.0047	0.0042	0.0005	0.0044	0.0013	0.0031	163359.4814	401086.0869	10154.8799	384883.1215	376928.8444	inf	0.0000	0.0000	0.0000	0.0000	0.0000	0.0000	0.0000	0.0000	0.0000	0.0000	0.0000	0.0000
109	149	0.5857	5	1	0	1	0	0	0	0	0	N	N	N	N	N	N	N	N	N	N	N	N	inf	inf	inf	inf	0.0074	0.0081	0.0000	0.0086	0.0095	0.0000	0.0000	0.0000	0.0000	0.0000	0.0000	0.0000	0.0000	0.0000	0.0000	0.0000	0.0000	0.0000	0.0117	-0.0000	0.0000	0.0000	7.8050	0.9909	4.0035	0.0000	0.0000	0.0000	0.0000	0.0000	0.0000	0.0000	0.0000	0.0000	0.0000	0.0000	0.0000	0.0000	0.0000	0.0000	0.0000	0.0000	0.0000	0.0000	0.0000	0.0000	0.0000	0.0000	0.0000	0.0000	0.0000	0.0000	0.0171	0.0102	0.0069	0.0085	0.0073	0.0012	0.0086	0.0029	0.0057	inf	inf	0.0000	inf	inf	0.0000	0.0000	0.0000	0.0000	0.0000	0.0000	0.0000	0.0000	0.0000	0.0000	0.0000	0.0000	0.0000						
109	150	0.4911	5	1	0	1	0	0	0	0	0	N	N	N	N	N	N	N	N	N	N	N	N	0.0000	0.0000	0.0000	0.0000	0.0000	0.0000	0.0000	0.0000	0.0000	0.0000	0.0000	0.0000	0.0000	0.0000	0.0000	0.0000	0.0000	0.0000	0.0000	0.0000	0.0000	3.7255	0.9909	14.1767	0.0000	0.0000	0.0000	0.0000	0.0000	0.0000	0.0000	0.0000	0.0000	0.0000	0.0000	0.0000	0.0000	0.0000	0.0000	0.0000	0.0000	0.0000	0.0000	0.0000	0.0000	0.0000	0.0000	0.0000	0.0000	0.0000	0.0000	0.0295	0.0168	0.0127	0.0121	0.0107	0.0014	0.0174	0.0061	0.0113	0.0000	0.0000	0.0000	0.0000	0.0000	0.0000	0.0000	0.0000	0.0000	0.0000	0.0000	0.0000	0.0000	0.0000	0.0000	0.0000	0.0000	0.0000											
109	151	0.4747	4	1	0	1	0	0	0	0	0	N	N	N	N	N	N	N	N	N	N	N	N	0.0000	0.0000	0.0000	0.0000	0.0000	0.0000	0.0000	0.0000	0.0000	0.0000	0.0000	0.0000	0.0000	0.0000	0.0000	0.0000	0.0000	0.0000	0.0000	0.0000	0.0000	1.4205	0.9909	4.0377	0.0000	0.0000	0.0000	0.0000	0.0000	0.0000	0.0000	0.0000	0.0000	0.0000	0.0000	0.0000	0.0000	0.0000	0.0000	0.0000	0.0000	0.0000	0.0000	0.0000	0.0000	0.0000	0.0000	0.0000	0.0000	0.0000	0.0000	0.0160	0.0096	0.0064	0.0071	0.0066	0.0005	0.0089	0.0030	0.0059	0.0000	0.0000	0.0000	0.0000	0.0000	0.0000	0.0000	0.0000	0.0000	0.0000	0.0000	0.0000	0.0000	0.0000	0.0000	0.0000	0.0000	0.0000											
110	112	0.6306	5	1	0	2	0	0	0	0	0	N	N	Y	N	N	N	N	N	N	N	N	N	0.0000	0.0000	0.0000	0.0000	0.0000	0.0000	0.0000	0.0000	0.0000	0.0000	0.0000	0.0000	0.0000	0.0000	0.0000	0.0000	0.0000	0.0000	0.0000	0.0000	4.0000	0.0000	0.0000	0.0001	0.0000	0.0000	0.0000	0.0000	0.0000	0.0000	0.0000	0.0000	0.0000	0.0000	0.0000	0.0000	0.0000	0.0000	0.0000	0.0000	0.0000	0.0000	0.0000	0.0000	0.0000	0.0000	0.0000	0.0000	0.0000	0.0000	0.0000	0.0000	0.0000	0.0000	0.0000	0.0000	0.0000	0.0000	0.0000	0.0000	0.0000	0.0000	0.0000	0.0000	0.0000	0.0000	0.0000	0.0000	0.0000	0.0000	0.0000	0.0000	0.0000	0.0000	0.0000	0.0000	0.0000	0.0000											
110	113	0.5848	4	1	0	2	0	0	0	0	0	N	N	Y	N	N	N	N	N	N	N	N	N	0.0000	0.0000	0.0000	0.0000	0.0000	0.0000	0.0000	0.0000	0.0000	0.0000	0.0000	0.0000	0.0000	0.0000	0.0000	0.0000	0.0000	0.0000	0.0000	0.0000	4.0000	4.0004	0.0000	4.9999	0.0000	0.0000	0.0000	0.0000	0.0000	0.0000	0.0000	0.0000	0.0000	0.0000	0.0000	0.0000	0.0000	0.0000	0.0000	0.0000	0.0000	0.0000	0.3507	0.3164	0.0343	0.2156	0.2005	0.0151	0.1351	0.1159	0.0192	0.0328	0.0163	0.0166	0.0107	0.0091	0.0016	0.0221	0.0072	0.0149	0.0000	0.0000	0.0000	0.0000	0.0000	0.0000	0.0000	0.0000	0.0000	0.0000	0.0000	0.0000	0.0000	0.0000	0.0000	0.0000	0.0000	0.0000											
110	114	0.0613	2	1	1	1	0	0	0	0	0	N	N	N	N	N	N	N	N	N	N	N	N	inf	inf	inf	inf	inf	inf	1.9960	2.2372	0.0000	18.9791	20.0789	0.0000	0.0459	0.0518	0.0000	0.0000	0.0000	0.0000	0.0000	0.0000	0.0000	0.0000	0.0000	0.0000	0.0000	-0.2365	0.0000	4.0000	4.3361	0.0000	4.6323	0.9088	0.9088	0.0000	0.8901	0.8901	0.0000	0.0188	0.0188	0.0000	0.0000	0.0000	0.0000	0.0000	0.0000	0.0000	0.0000	0.0000	0.0000	0.4553	0.4062	0.0491	0.0469	0.0443	0.0026	0.4084	0.3619	0.0465	0.0981	0.0537	0.0444	0.0162	0.0150	0.0012	0.0820	0.0387	0.0433	inf	inf	0.0000	inf	inf	0.0000	inf	inf	0.0000	0.0000	0.0000	0.0000	0.0000	0.0000	0.0000	0.0000	0.0000	0.0000				
110	116	0.5848	4	1	1	1	1	0	0	0	0	N	N	N	N	N	N	N	N	N	N	N	N	inf	inf	inf	inf	2.3439	2.5976	0.0000	3.8386	4.1257	0.0000	0.0000	0.0000	0.0000	0.0000	0.0000	0.0000	0.0000	0.0000	0.0000	0.0000	0.0000	0.0000	0.0000	-0.2602	0.0000	4.0000	5.0006	0.0000	2.0000	1.0000	1.0000	0.0000	1.0000	1.0000	0.0000	0.0000	0.0000	0.0000	0.0000	0.0000	0.0000	0.0000	0.0000	0.0000	0.0000	0.0000	0.0000	0.4266	0.3850	0.0417	0.2605	0.2424	0.0181	0.1661	0.1426	0.0235	0.0261	0.0129	0.0132	0.0085	0.0072	0.0013	0.0177	0.0057	0.0120	inf	inf	0.0000	inf	inf	0.0000	0.0000	0.0000	0.0000	0.0000	0.0000	0.0000	0.0000	0.0000	0.0000	0.0000	0.0000	0.0000						
110	118	0.5848	4	1	1	1	0	0	0	0	0	N	N	N	N	N	N	N	N	N	N	N	N	inf	inf	inf	inf	inf	inf	1.8128	1.0022	9.4833	0.0000	0.0000	0.0000	4.2265	2.4429	15.6603	0.0000	0.0000	0.0000	0.0000	0.0000	0.0000	0.0000	0.0000	0.0000	1.0000	0.4796	0.0000	4.0000	16.9994	0.0000	6.0000	2.0000	1.0000	1.0000	0.0000	0.0000	0.0000	2.0000	1.0000	1.0000	0.0000	0.0000	0.0000	0.0000	0.0000	0.0000	0.0000	0.0000	0.0000	1.1032	0.9978	0.1054	0.6300	0.5884	0.0416	0.4732	0.4094	0.0639	0.0714	0.0360	0.0354	0.0243	0.0206	0.0037	0.0471	0.0154	0.0317	inf	inf	inf	0.0000	0.0000	0.0000	inf	inf	inf	0.0000	0.0000	0.0000	0.0000	0.0000	0.0000	0.0000	0.0000	0.0000				
110	120	0.0567	2	1	1	1	0	0	0	0	0	N	N	N	N	N	N	N	N	N	N	N	N	inf	inf	inf	inf	inf	inf	inf	inf	inf	9.2967	10.1163	1.3090	0.0059	0.0036	0.0581	14.9785	16.8795	1.5690	0.0000	0.0000	0.0000	0.0000	0.0000	0.0000	0.0000	0.0000	0.0000	0.0133	-0.2470	0.0000	4.0000	0.9998	0.0000	0.9486	0.9998	0.9867	0.0131	0.0002	0.0001	0.0001	0.9995	0.9865	0.0130	0.0000	0.0000	0.0000	0.0000	0.0000	0.0000	0.0000	0.0000	0.0000	0.1075	0.0975	0.0100	0.0408	0.0391	0.0017	0.0667	0.0584	0.0083	0.0199	0.0081	0.0118	0.0032	0.0031	0.0001	0.0167	0.0049	0.0117	inf	inf	inf	inf	inf	inf	inf	inf	inf	0.0000	0.0000	0.0000	0.0000	0.0000	0.0000	0.0000	0.0000	0.0000	
110	122	0.6260	5	1	1	1	0	0	0	0	0	N	N	N	N	N	N	N	N	N	N	N	N	0.0000	0.0000	0.0000	0.0000	0.0000	0.0000	0.0000	0.0000	0.0000	0.0000	0.0000	0.0000	0.0000	0.0000	0.0000	0.0000	0.0000	0.0000	0.0000	0.0000	4.0000	2.0001	0.0000	3.0000	0.0000	0.0000	0.0000	0.0000	0.0000	0.0000	0.0000	0.0000	0.0000	0.0000	0.0000	0.0000	0.0000	0.0000	0.0000	0.0000	0.0000	0.0000	0.1805	0.1660	0.0145	0.1384	0.1300	0.0084	0.0421	0.0360	0.0061	0.0130	0.0073	0.0057	0.0064	0.0055	0.0009	0.0065	0.0018	0.0048	0.0000	0.0000	0.0000	0.0000	0.0000	0.0000	0.0000	0.0000	0.0000	0.0000	0.0000	0.0000	0.0000	0.0000	0.0000	0.0000	0.0000	0.0000											
110	123	0.5848	4	1	0	1	0	0	0	0	0	N	N	N	N	N	N	N	N	N	N	N	N	inf	inf	inf	inf	1.7637	1.9538	0.0000	0.0000	0.0000	0.0000	4.4391	5.1648	0.0000	0.0000	0.0000	0.0000	0.0000	0.0000	0.0000	0.0000	0.0000	0.0000	0.0000	-0.2602	0.0000	4.0000	6.9986	0.0000	2.0000	1.0000	1.0000	0.0000	0.0000	0.0000	0.0000	1.0000	1.0000	0.0000	0.0000	0.0000	0.0000	0.0000	0.0000	0.0000	0.0000	0.0000	0.0000	0.5670	0.5118	0.0552	0.3417	0.3182	0.0235	0.2253	0.1936	0.0317	0.0328	0.0163	0.0166	0.0107	0.0091	0.0016	0.0221	0.0072	0.0149	inf	inf	0.0000	0.0000	0.0000	0.0000	inf	inf	0.0000	0.0000	0.0000	0.0000	0.0000	0.0000	0.0000	0.0000	0.0000	0.0000						
110	124	0.0621	2	1	1	1	0	0	0	0	0	N	N	N	N	N	N	N	N	N	N	N	N	inf	inf	inf	inf	inf	inf	inf	inf	1.3113	0.0000	12.9650	0.0010	0.0003	0.0167	1.5126	0.0000	13.7161	0.0000	0.0000	0.0000	0.0000	0.0000	0.0000	0.0000	0.0000	0.0000	33132.3333	0.7353	0.0000	4.0000	3.9006	0.0000	3.1543	0.9940	0.0000	0.9940	0.0001	0.0000	0.0001	0.9939	0.0000	0.9939	0.0000	0.0000	0.0000	0.0000	0.0000	0.0000	0.0000	0.0000	0.0000	0.7580	0.6813	0.0767	0.1009	0.0967	0.0042	0.6571	0.5846	0.0725	0.1058	0.0479	0.0579	0.0125	0.0122	0.0003	0.0933	0.0357	0.0576	inf	inf	inf	inf	inf	inf	inf	0.0000	inf	0.0000	0.0000	0.0000	0.0000	0.0000	0.0000	0.0000	0.0000	0.0000		
110	126	0.5848	4	1	1	1	0	0	0	0	0	N	N	N	N	N	N	N	N	N	N	N	N	0.0000	0.0000	0.0000	0.0000	0.0000	0.0000	0.0000	0.0000	0.0000	0.0000	0.0000	0.0000	0.0000	0.0000	0.0000	0.0000	0.0000	0.0000	0.0000	0.0000	4.0000	0.9996	0.0000	8.0005	0.0000	0.0000	0.0000	0.0000	0.0000	0.0000	0.0000	0.0000	0.0000	0.0000	0.0000	0.0000	0.0000	0.0000	0.0000	0.0000	0.0000	0.0000	0.0956	0.0862	0.0094	0.0601	0.0558	0.0043	0.0355	0.0304	0.0051	0.0328	0.0163	0.0166	0.0107	0.0091	0.0016	0.0221	0.0072	0.0149	0.0000	0.0000	0.0000	0.0000	0.0000	0.0000	0.0000	0.0000	0.0000	0.0000	0.0000	0.0000	0.0000	0.0000	0.0000	0.0000	0.0000	0.0000											
110	127	0.4902	4	1	0	1	0	0	0	0	0	N	N	N	N	N	N	N	N	N	N	N	N	inf	inf	inf	inf	0.0003	0.0004	0.0000	0.0005	0.0006	0.0000	0.0000	0.0000	0.0000	0.0000	0.0000	0.0000	0.0000	0.0000	0.0000	0.0000	0.0000	0.0000	0.0000	-0.0000	0.0000	4.0000	3.6536	0.0000	12.3970	0.0001	0.0001	0.0000	0.0001	0.0001	0.0000	0.0000	0.0000	0.0000	0.0000	0.0000	0.0000	0.0000	0.0000	0.0000	0.0000	0.0000	0.0000	0.3479	0.3132	0.0347	0.2235	0.2065	0.0170	0.1244	0.1067	0.0178	0.0690	0.0377	0.0314	0.0257	0.0226	0.0031	0.0434	0.0151	0.0283	inf	inf	0.0000	inf	inf	0.0000	0.0000	0.0000	0.0000	0.0000	0.0000	0.0000	0.0000	0.0000	0.0000	0.0000	0.0000	0.0000						
110	128	0.2790	2	1	0	1	0	0	0	0	0	N	N	N	N	N	N	N	N	N	N	N	N	inf	inf	inf	inf	inf	inf	0.1209	0.1339	0.0000	0.2178	0.2331	0.0000	0.0125	0.0143	0.0000	0.0000	0.0000	0.0000	0.0000	0.0000	0.0000	0.0000	0.0000	0.0000	0.0000	-0.0185	0.0000	4.0000	5.3495	0.0000	12.4099	0.0712	0.0712	0.0000	0.0677	0.0677	0.0000	0.0035	0.0035	0.0000	0.0000	0.0000	0.0000	0.0000	0.0000	0.0000	0.0000	0.0000	0.0000	0.5889	0.5319	0.0570	0.3111	0.2906	0.0205	0.2779	0.2413	0.0365	0.1277	0.0678	0.0599	0.0444	0.0398	0.0045	0.0833	0.0280	0.0553	inf	inf	0.0000	inf	inf	0.0000	inf	inf	0.0000	0.0000	0.0000	0.0000	0.0000	0.0000	0.0000	0.0000	0.0000	0.0000				
110	129	0.6962	10	1	1	1	1	0	0	0	0	N	N	N	N	N	N	N	N	N	N	N	N	0.0000	0.0000	0.0000	0.0000	0.0000	0.0000	0.0000	0.0000	0.0000	0.0000	0.0000	0.0000	0.0000	0.0000	0.0000	0.0000	0.0000	0.0000	0.0000	0.0000	4.0000	0.0000	0.0000	0.0000	0.0000	0.0000	0.0000	0.0000	0.0000	0.0000	0.0000	0.0000	0.0000	0.0000	0.0000	0.0000	0.0000	0.0000	0.0000	0.0000	0.0000	0.0000	0.0000	0.0000	0.0000	0.0000	0.0000	0.0000	0.0000	0.0000	0.0000	0.0000	0.0000	0.0000	0.0000	0.0000	0.0000	0.0000	0.0000	0.0000	0.0000	0.0000	0.0000	0.0000	0.0000	0.0000	0.0000	0.0000	0.0000	0.0000	0.0000	0.0000	0.0000	0.0000	0.0000	0.0000	0.0000	0.0000											
110	130	0.6799	9	1	1	1	1	0	0	0	0	N	N	N	N	N	N	N	N	N	N	N	N	0.0000	0.0000	0.0000	0.0000	0.0000	0.0000	0.0000	0.0000	0.0000	0.0000	0.0000	0.0000	0.0000	0.0000	0.0000	0.0000	0.0000	0.0000	0.0000	0.0000	4.0000	0.0000	0.0000	3.0001	0.0000	0.0000	0.0000	0.0000	0.0000	0.0000	0.0000	0.0000	0.0000	0.0000	0.0000	0.0000	0.0000	0.0000	0.0000	0.0000	0.0000	0.0000	0.0000	0.0000	0.0000	0.0000	0.0000	0.0000	0.0000	0.0000	0.0000	0.0072	0.0044	0.0028	0.0040	0.0034	0.0006	0.0032	0.0010	0.0023	0.0000	0.0000	0.0000	0.0000	0.0000	0.0000	0.0000	0.0000	0.0000	0.0000	0.0000	0.0000	0.0000	0.0000	0.0000	0.0000	0.0000	0.0000											
110	131	0.6703	8	1	1	1	0	0	0	0	0	N	N	N	N	N	N	N	N	N	N	N	N	0.0000	0.0000	0.0000	0.0000	0.0000	0.0000	0.0000	0.0000	0.0000	0.0000	0.0000	0.0000	0.0000	0.0000	0.0000	0.0000	0.0000	0.0000	0.0000	0.0000	4.0000	0.0000	0.0000	0.0000	0.0000	0.0000	0.0000	0.0000	0.0000	0.0000	0.0000	0.0000	0.0000	0.0000	0.0000	0.0000	0.0000	0.0000	0.0000	0.0000	0.0000	0.0000	0.0000	0.0000	0.0000	0.0000	0.0000	0.0000	0.0000	0.0000	0.0000	0.0000	0.0000	0.0000	0.0000	0.0000	0.0000	0.0000	0.0000	0.0000	0.0000	0.0000	0.0000	0.0000	0.0000	0.0000	0.0000	0.0000	0.0000	0.0000	0.0000	0.0000	0.0000	0.0000	0.0000	0.0000	0.0000	0.0000											
110	132	0.6799	9	1	0	2	1	0	0	0	0	N	N	Y	N	N	N	N	N	N	N	N	N	0.0000	0.0000	0.0000	0.0000	0.0000	0.0000	0.0000	0.0000	0.0000	0.0000	0.0000	0.0000	0.0000	0.0000	0.0000	0.0000	0.0000	0.0000	0.0000	0.0000	4.0000	0.0000	0.0000	1.9999	0.0000	0.0000	0.0000	0.0000	0.0000	0.0000	0.0000	0.0000	0.0000	0.0000	0.0000	0.0000	0.0000	0.0000	0.0000	0.0000	0.0000	0.0000	0.0000	0.0000	0.0000	0.0000	0.0000	0.0000	0.0000	0.0000	0.0000	0.0049	0.0030	0.0019	0.0027	0.0023	0.0004	0.0022	0.0007	0.0015	0.0000	0.0000	0.0000	0.0000	0.0000	0.0000	0.0000	0.0000	0.0000	0.0000	0.0000	0.0000	0.0000	0.0000	0.0000	0.0000	0.0000	0.0000											
110	133	0.6910	10	1	0	2	1	0	0	0	0	N	N	Y	N	N	N	N	N	N	N	N	N	0.0000	0.0000	0.0000	0.0000	0.0000	0.0000	0.0000	0.0000	0.0000	0.0000	0.0000	0.0000	0.0000	0.0000	0.0000	0.0000	0.0000	0.0000	0.0000	0.0000	4.0000	1.0000	0.0000	0.0000	0.0000	0.0000	0.0000	0.0000	0.0000	0.0000	0.0000	0.0000	0.0000	0.0000	0.0000	0.0000	0.0000	0.0000	0.0000	0.0000	0.0000	0.0000	0.0985	0.0909	0.0076	0.0804	0.0754	0.0049	0.0181	0.0155	0.0026	0.0022	0.0013	0.0009	0.0011	0.0010	0.0001	0.0011	0.0003	0.0008	0.0000	0.0000	0.0000	0.0000	0.0000	0.0000	0.0000	0.0000	0.0000	0.0000	0.0000	0.0000	0.0000	0.0000	0.0000	0.0000	0.0000	0.0000											
110	134	0.6910	10	1	0	2	1	0	0	0	0	N	N	Y	N	N	N	N	N	N	N	N	N	0.0000	0.0000	0.0000	0.0000	0.0000	0.0000	0.0000	0.0000	0.0000	0.0000	0.0000	0.0000	0.0000	0.0000	0.0000	0.0000	0.0000	0.0000	0.0000	0.0000	4.0000	0.0000	0.0000	0.0000	0.0000	0.0000	0.0000	0.0000	0.0000	0.0000	0.0000	0.0000	0.0000	0.0000	0.0000	0.0000	0.0000	0.0000	0.0000	0.0000	0.0000	0.0000	0.0000	0.0000	0.0000	0.0000	0.0000	0.0000	0.0000	0.0000	0.0000	0.0000	0.0000	0.0000	0.0000	0.0000	0.0000	0.0000	0.0000	0.0000	0.0000	0.0000	0.0000	0.0000	0.0000	0.0000	0.0000	0.0000	0.0000	0.0000	0.0000	0.0000	0.0000	0.0000	0.0000	0.0000	0.0000	0.0000											
110	135	0.6799	9	1	0	2	1	0	0	0	0	N	N	Y	N	N	N	N	N	N	N	N	N	inf	inf	inf	inf	inf	inf	0.0130	0.0000	0.1663	0.0161	0.0000	0.2597	0.0005	0.0000	0.0036	0.0000	0.0000	0.0000	0.0000	0.0000	0.0000	0.0000	0.0000	0.0000	inf	0.0019	0.0000	4.0000	2.0025	0.0000	0.9943	0.0025	0.0000	0.0025	0.0025	0.0000	0.0025	0.0000	0.0000	0.0000	0.0000	0.0000	0.0000	0.0000	0.0000	0.0000	0.0000	0.0000	0.0000	0.1947	0.1795	0.0152	0.1562	0.1465	0.0097	0.0385	0.0330	0.0055	0.0072	0.0044	0.0028	0.0040	0.0034	0.0006	0.0032	0.0010	0.0023	inf	0.0000	inf	inf	0.0000	inf	inf	0.0000	inf	0.0000	0.0000	0.0000	0.0000	0.0000	0.0000	0.0000	0.0000	0.0000				
110	136	0.6799	8	1	0	1	1	0	0	0	0	N	N	N	N	N	N	N	N	N	N	N	N	inf	inf	inf	inf	inf	inf	inf	inf	inf	2.0319	1.1299	10.0778	2.1147	1.1778	10.6769	0.1874	0.0006	1.2532	0.0000	0.0000	0.0000	0.0000	0.0000	0.0000	0.0000	0.0000	0.0000	0.9999	0.0012	0.0000	4.0000	0.0050	0.0000	0.0173	0.0050	0.0025	0.0025	0.0050	0.0025	0.0025	0.0000	0.0000	0.0000	0.0000	0.0000	0.0000	0.0000	0.0000	0.0000	0.0000	0.0000	0.0000	0.0025	0.0022	0.0003	0.0024	0.0021	0.0002	0.0001	0.0001	0.0000	0.0001	0.0000	0.0000	0.0000	0.0000	0.0000	0.0000	0.0000	0.0000	inf	inf	inf	inf	inf	inf	inf	inf	inf	0.0000	0.0000	0.0000	0.0000	0.0000	0.0000	0.0000	0.0000	0.0000	
110	137	0.6703	7	1	0	1	1	0	0	0	0	N	N	N	N	N	N	N	N	N	N	N	N	inf	inf	inf	inf	inf	inf	6.6735	0.0004	77.2982	8.7800	0.0006	129.5368	0.0000	0.0000	0.0000	0.0000	0.0000	0.0000	0.0000	0.0000	0.0000	0.0000	0.0000	0.0000	16471.8275	0.7378	0.0000	4.0000	1.9972	0.0000	1.0076	0.9973	0.0001	0.9972	0.9973	0.0001	0.9972	0.0000	0.0000	0.0000	0.0000	0.0000	0.0000	0.0000	0.0000	0.0000	0.0000	0.0000	0.0000	0.1494	0.1365	0.0129	0.1136	0.1059	0.0077	0.0359	0.0307	0.0052	0.0063	0.0040	0.0023	0.0040	0.0035	0.0006	0.0023	0.0005	0.0017	inf	inf	inf	inf	inf	inf	0.0000	0.0000	0.0000	0.0000	0.0000	0.0000	0.0000	0.0000	0.0000	0.0000	0.0000	0.0000				
110	138	0.6530	6	2	1	1	0	0	0	0	0	Y	N	N	N	N	N	N	N	N	N	N	N	0.0000	0.0000	0.0000	0.0000	0.0000	0.0000	0.0000	0.0000	0.0000	0.0000	0.0000	0.0000	0.0000	0.0000	0.0000	0.0000	0.0000	0.0000	0.0000	0.0000	4.0000	0.0002	0.0000	2.3255	0.0000	0.0000	0.0000	0.0000	0.0000	0.0000	0.0000	0.0000	0.0000	0.0000	0.0000	0.0000	0.0000	0.0000	0.0000	0.0000	0.0000	0.0000	0.0000	0.0000	0.0000	0.0000	0.0000	0.0000	0.0000	0.0000	0.0000	0.0076	0.0046	0.0030	0.0036	0.0032	0.0004	0.0040	0.0014	0.0025	0.0000	0.0000	0.0000	0.0000	0.0000	0.0000	0.0000	0.0000	0.0000	0.0000	0.0000	0.0000	0.0000	0.0000	0.0000	0.0000	0.0000	0.0000											
110	139	0.6351	5	2	1	1	0	0	0	0	0	Y	N	N	N	N	N	N	N	N	N	N	N	inf	inf	inf	inf	inf	inf	inf	inf	inf	0.0468	0.0307	0.2139	0.0379	0.0404	0.0011	0.0718	0.0010	0.4590	0.0000	0.0000	0.0000	0.0000	0.0000	0.0000	0.0000	0.0000	0.0000	0.6692	0.0012	0.0000	4.0000	2.0138	0.0000	2.7349	0.0087	0.0052	0.0035	0.0052	0.0052	0.0000	0.0035	0.0000	0.0035	0.0000	0.0000	0.0000	0.0000	0.0000	0.0000	0.0000	0.0000	0.0000	0.1854	0.1692	0.0163	0.1366	0.1278	0.0087	0.0489	0.0413	0.0076	0.0216	0.0124	0.0092	0.0100	0.0091	0.0009	0.0116	0.0033	0.0083	inf	inf	inf	inf	inf	inf	inf	inf	inf	0.0000	0.0000	0.0000	0.0000	0.0000	0.0000	0.0000	0.0000	0.0000	
110	140	0.6517	6	1	1	1	0	0	0	0	0	N	N	N	N	N	N	N	N	N	N	N	N	inf	inf	inf	inf	inf	inf	inf	inf	1.2742	1.3511	0.0012	1.4986	1.5667	0.0000	0.0384	0.0437	0.0035	0.0000	0.0000	0.0000	0.0000	0.0000	0.0000	0.0000	0.0000	0.0000	0.0001	-0.1397	0.0000	4.0000	1.9232	0.0000	1.1116	0.5369	0.5368	0.0000	0.5344	0.5344	0.0000	0.0025	0.0025	0.0000	0.0000	0.0000	0.0000	0.0000	0.0000	0.0000	0.0000	0.0000	0.0000	0.4214	0.3973	0.0240	0.3566	0.3411	0.0155	0.0648	0.0562	0.0085	0.0068	0.0043	0.0025	0.0042	0.0036	0.0006	0.0026	0.0007	0.0020	inf	inf	inf	inf	inf	0.0000	inf	inf	inf	0.0000	0.0000	0.0000	0.0000	0.0000	0.0000	0.0000	0.0000	0.0000		
110	141	0.0478	2	1	1	1	0	0	0	0	0	N	N	N	N	N	N	N	N	N	N	N	N	inf	inf	inf	inf	1.6964	0.0000	15.7336	0.0000	0.0000	0.0000	1.8781	0.0000	16.4432	0.0000	0.0000	0.0000	0.0000	0.0000	0.0000	0.0000	0.0000	0.0000	inf	0.7398	0.0000	4.0000	3.0000	0.0000	1.0000	1.0000	0.0000	1.0000	0.0000	0.0000	0.0000	1.0000	0.0000	1.0000	0.0000	0.0000	0.0000	0.0000	0.0000	0.0000	0.0000	0.0000	0.0000	0.5895	0.5259	0.0636	0.0570	0.0543	0.0027	0.5325	0.4716	0.0608	0.0649	0.0281	0.0368	0.0000	0.0000	0.0000	0.0649	0.0281	0.0368	inf	0.0000	inf	0.0000	0.0000	0.0000	inf	0.0000	inf	0.0000	0.0000	0.0000	0.0000	0.0000	0.0000	0.0000	0.0000	0.0000						
110	145	0.6703	8	2	1	1	0	0	0	0	0	Y	N	N	N	N	N	N	N	N	N	N	N	0.0000	0.0000	0.0000	0.0000	0.0000	0.0000	0.0000	0.0000	0.0000	0.0000	0.0000	0.0000	0.0000	0.0000	0.0000	0.0000	0.0000	0.0000	0.0000	0.0000	4.0000	1.0000	0.0000	1.0000	0.0000	0.0000	0.0000	0.0000	0.0000	0.0000	0.0000	0.0000	0.0000	0.0000	0.0000	0.0000	0.0000	0.0000	0.0000	0.0000	0.0000	0.0000	0.0767	0.0701	0.0066	0.0586	0.0546	0.0040	0.0181	0.0155	0.0026	0.0042	0.0027	0.0015	0.0027	0.0023	0.0004	0.0015	0.0004	0.0012	0.0000	0.0000	0.0000	0.0000	0.0000	0.0000	0.0000	0.0000	0.0000	0.0000	0.0000	0.0000	0.0000	0.0000	0.0000	0.0000	0.0000	0.0000											
110	146	0.6703	7	1	1	1	0	0	0	0	0	N	N	N	N	N	N	N	N	N	N	N	N	inf	inf	inf	inf	1.0335	1.1444	0.0000	1.1055	1.2221	0.0000	0.0000	0.0000	0.0000	0.0000	0.0000	0.0000	0.0000	0.0000	0.0000	0.0000	0.0000	0.0000	0.0000	-0.0001	0.0000	4.0000	0.0003	0.0000	0.0000	0.0002	0.0002	0.0000	0.0002	0.0002	0.0000	0.0000	0.0000	0.0000	0.0000	0.0000	0.0000	0.0000	0.0000	0.0000	0.0000	0.0000	0.0000	0.0002	0.0002	0.0000	0.0002	0.0002	0.0000	0.0000	0.0000	0.0000	0.0000	0.0000	0.0000	0.0000	0.0000	0.0000	0.0000	0.0000	0.0000	inf	inf	0.0000	inf	inf	0.0000	0.0000	0.0000	0.0000	0.0000	0.0000	0.0000	0.0000	0.0000	0.0000	0.0000	0.0000	0.0000						
110	147	0.6517	6	1	0	1	0	0	0	0	0	N	N	N	N	N	N	N	N	N	N	N	N	inf	inf	inf	inf	inf	inf	inf	inf	inf	3.3280	3.5828	0.0057	4.1483	4.3875	0.0080	0.0212	0.0243	0.0019	0.0000	0.0000	0.0000	0.0000	0.0000	0.0000	0.0000	0.0000	0.0000	0.0001	-0.5122	0.0000	4.0000	4.9449	0.0000	1.0063	1.9696	1.9693	0.0002	1.9671	1.9669	0.0002	0.0025	0.0025	0.0000	0.0000	0.0000	0.0000	0.0000	0.0000	0.0000	0.0000	0.0000	0.0000	0.5918	0.5497	0.0422	0.4742	0.4483	0.0259	0.1176	0.1014	0.0163	0.0128	0.0081	0.0048	0.0079	0.0068	0.0011	0.0050	0.0013	0.0037	inf	inf	inf	inf	inf	inf	inf	inf	inf	0.0000	0.0000	0.0000	0.0000	0.0000	0.0000	0.0000	0.0000	0.0000	
110	148	0.6351	5	1	0	1	0	0	0	0	0	N	N	N	N	N	N	N	N	N	N	N	N	inf	inf	inf	inf	inf	inf	inf	inf	inf	2.1526	2.3266	0.4241	3.0322	3.2046	0.5695	0.0430	0.0006	0.2761	0.0000	0.0000	0.0000	0.0000	0.0000	0.0000	0.0000	0.0000	0.0000	0.0184	-0.1445	0.0000	4.0000	3.4778	0.0000	1.2917	0.5968	0.5861	0.0108	0.5933	0.5860	0.0073	0.0035	0.0000	0.0035	0.0000	0.0000	0.0000	0.0000	0.0000	0.0000	0.0000	0.0000	0.0000	0.2773	0.2519	0.0254	0.1957	0.1829	0.0128	0.0816	0.0690	0.0126	0.0216	0.0124	0.0092	0.0100	0.0091	0.0009	0.0116	0.0033	0.0083	inf	inf	inf	inf	inf	inf	inf	inf	inf	0.0000	0.0000	0.0000	0.0000	0.0000	0.0000	0.0000	0.0000	0.0000	
110	149	0.5848	4	1	0	1	0	0	0	0	0	N	N	N	N	N	N	N	N	N	N	N	N	inf	inf	inf	inf	inf	inf	inf	inf	inf	1.6163	0.0092	16.5498	0.0140	0.0148	0.0024	4.0165	0.0000	28.6788	0.0000	0.0000	0.0000	0.0000	0.0000	0.0000	0.0000	0.0000	0.0000	193.5087	0.7359	0.0000	4.0000	7.8050	0.0000	4.0035	1.0017	0.0051	0.9966	0.0052	0.0051	0.0001	0.9965	0.0000	0.9965	0.0000	0.0000	0.0000	0.0000	0.0000	0.0000	0.0000	0.0000	0.0000	0.6197	0.5595	0.0602	0.3716	0.3462	0.0255	0.2481	0.2134	0.0347	0.0416	0.0207	0.0209	0.0137	0.0116	0.0021	0.0279	0.0091	0.0189	inf	inf	inf	inf	inf	inf	inf	inf	inf	0.0000	0.0000	0.0000	0.0000	0.0000	0.0000	0.0000	0.0000	0.0000	
110	150	0.4902	4	1	0	1	0	0	0	0	0	N	N	N	N	N	N	N	N	N	N	N	N	inf	inf	inf	inf	0.0003	0.0004	0.0000	0.0005	0.0006	0.0000	0.0000	0.0000	0.0000	0.0000	0.0000	0.0000	0.0000	0.0000	0.0000	0.0000	0.0000	0.0000	0.0000	-0.0000	0.0000	4.0000	3.7255	0.0000	14.1767	0.0001	0.0001	0.0000	0.0001	0.0001	0.0000	0.0000	0.0000	0.0000	0.0000	0.0000	0.0000	0.0000	0.0000	0.0000	0.0000	0.0000	0.0000	0.3537	0.3184	0.0353	0.2270	0.2098	0.0172	0.1267	0.1086	0.0181	0.0737	0.0400	0.0337	0.0272	0.0239	0.0033	0.0464	0.0161	0.0304	inf	inf	0.0000	inf	inf	0.0000	0.0000	0.0000	0.0000	0.0000	0.0000	0.0000	0.0000	0.0000	0.0000	0.0000	0.0000	0.0000						
110	151	0.4738	3	1	0	1	0	0	0	0	0	N	N	N	N	N	N	N	N	N	N	N	N	inf	inf	inf	inf	inf	inf	inf	inf	0.0010	0.0006	0.0048	0.0002	0.0002	0.0000	0.0024	0.0013	0.0087	0.0000	0.0000	0.0000	0.0000	0.0000	0.0000	0.0000	0.0000	0.0000	0.8750	0.0000	0.0000	4.0000	1.4205	0.0000	4.0377	0.0001	0.0001	0.0001	0.0000	0.0000	0.0000	0.0001	0.0001	0.0001	0.0000	0.0000	0.0000	0.0000	0.0000	0.0000	0.0000	0.0000	0.0000	0.1464	0.1317	0.0147	0.0930	0.0863	0.0066	0.0534	0.0454	0.0080	0.0422	0.0249	0.0173	0.0174	0.0161	0.0013	0.0248	0.0088	0.0160	inf	inf	inf	inf	inf	0.0000	inf	inf	inf	0.0000	0.0000	0.0000	0.0000	0.0000	0.0000	0.0000	0.0000	0.0000		
112	114	0.6346	6	0	1	1	0	0	0	0	0	N	N	N	N	N	N	N	N	N	N	N	N	0.0000	0.0000	0.0000	0.0000	0.0000	0.0000	0.0000	0.0000	0.0000	0.0000	0.0000	0.0000	0.0000	0.0000	0.0000	0.0000	0.0000	0.0000	0.0000	0.0000	0.0000	4.3361	0.0001	4.6323	0.0000	0.0000	0.0000	0.0000	0.0000	0.0000	0.0000	0.0000	0.0000	0.0000	0.0000	0.0000	0.0000	0.0000	0.0000	0.0000	0.0000	0.0000	0.0000	0.0000	0.0000	0.0000	0.0000	0.0000	0.0000	0.0000	0.0000	0.0000	0.0000	0.0000	0.0000	0.0000	0.0000	0.0000	0.0000	0.0000	0.0000	0.0000	0.0000	0.0000	0.0000	0.0000	0.0000	0.0000	0.0000	0.0000	0.0000	0.0000	0.0000	0.0000	0.0000	0.0000	0.0000	0.0000											
112	115	0.6020	5	0	0	1	0	0	0	0	0	N	N	N	N	N	N	N	N	N	N	N	N	0.0000	0.0000	0.0000	0.0000	0.0000	0.0000	0.0000	0.0000	0.0000	0.0000	0.0000	0.0000	0.0000	0.0000	0.0000	0.0000	0.0000	0.0000	0.0000	0.0000	0.0000	1.9840	0.0001	0.2610	0.0000	0.0000	0.0000	0.0000	0.0000	0.0000	0.0000	0.0000	0.0000	0.0000	0.0000	0.0000	0.0000	0.0000	0.0000	0.0000	0.0000	0.0000	0.0000	0.0000	0.0000	0.0000	0.0000	0.0000	0.0000	0.0000	0.0000	0.0000	0.0000	0.0000	0.0000	0.0000	0.0000	0.0000	0.0000	0.0000	0.0000	0.0000	0.0000	0.0000	0.0000	0.0000	0.0000	0.0000	0.0000	0.0000	0.0000	0.0000	0.0000	0.0000	0.0000	0.0000	0.0000	0.0000											
112	116	0.0458	2	0	1	1	1	0	0	0	0	N	N	N	N	N	N	N	N	N	N	N	N	0.0000	0.0000	0.0000	0.0000	0.0000	0.0000	0.0000	0.0000	0.0000	0.0000	0.0000	0.0000	0.0000	0.0000	0.0000	0.0000	0.0000	0.0000	0.0000	0.0000	0.0000	5.0006	0.0001	2.0000	0.0000	0.0000	0.0000	0.0000	0.0000	0.0000	0.0000	0.0000	0.0000	0.0000	0.0000	0.0000	0.0000	0.0000	0.0000	0.0000	0.0000	0.0000	0.0000	0.0000	0.0000	0.0000	0.0000	0.0000	0.0000	0.0000	0.0000	0.0000	0.0000	0.0000	0.0000	0.0000	0.0000	0.0000	0.0000	0.0000	0.0000	0.0000	0.0000	0.0000	0.0000	0.0000	0.0000	0.0000	0.0000	0.0000	0.0000	0.0000	0.0000	0.0000	0.0000	0.0000	0.0000	0.0000											
112	117	0.6020	5	0	1	1	1	0	0	0	0	N	N	N	N	N	N	N	N	N	N	N	N	0.0000	0.0000	0.0000	0.0000	0.0000	0.0000	0.0000	0.0000	0.0000	0.0000	0.0000	0.0000	0.0000	0.0000	0.0000	0.0000	0.0000	0.0000	0.0000	0.0000	0.0000	0.0000	0.0001	1.0000	0.0000	0.0000	0.0000	0.0000	0.0000	0.0000	0.0000	0.0000	0.0000	0.0000	0.0000	0.0000	0.0000	0.0000	0.0000	0.0000	0.0000	0.0000	0.0000	0.0000	0.0000	0.0000	0.0000	0.0000	0.0000	0.0000	0.0000	0.0000	0.0000	0.0000	0.0000	0.0000	0.0000	0.0000	0.0000	0.0000	0.0000	0.0000	0.0000	0.0000	0.0000	0.0000	0.0000	0.0000	0.0000	0.0000	0.0000	0.0000	0.0000	0.0000	0.0000	0.0000	0.0000	0.0000											
112	118	0.0458	2	0	1	1	0	0	0	0	0	N	N	N	N	N	N	N	N	N	N	N	N	0.0000	0.0000	0.0000	0.0000	0.0000	0.0000	0.0000	0.0000	0.0000	0.0000	0.0000	0.0000	0.0000	0.0000	0.0000	0.0000	0.0000	0.0000	0.0000	-0.0000	0.0000	16.9994	0.0001	6.0000	0.0000	0.0000	0.0000	0.0000	0.0000	0.0000	0.0000	0.0000	0.0000	0.0000	0.0000	0.0000	0.0000	0.0000	0.0000	0.0000	0.0000	0.0000	0.0000	0.0000	0.0000	0.0000	0.0000	0.0000	0.0000	0.0000	0.0000	0.0000	0.0000	0.0000	0.0000	0.0000	0.0000	0.0000	0.0000	0.0000	0.0000	0.0000	0.0000	0.0000	0.0000	0.0000	0.0000	0.0000	0.0000	0.0000	0.0000	0.0000	0.0000	0.0000	0.0000	0.0000	0.0000	0.0000											
112	119	0.6020	5	0	1	1	0	0	0	0	0	N	N	N	N	N	N	N	N	N	N	N	N	0.0000	0.0000	0.0000	0.0000	0.0000	0.0000	0.0000	0.0000	0.0000	0.0000	0.0000	0.0000	0.0000	0.0000	0.0000	0.0000	0.0000	0.0000	0.0000	0.0000	0.0000	5.0000	0.0001	6.0000	0.0000	0.0000	0.0000	0.0000	0.0000	0.0000	0.0000	0.0000	0.0000	0.0000	0.0000	0.0000	0.0000	0.0000	0.0000	0.0000	0.0000	0.0000	0.0000	0.0000	0.0000	0.0000	0.0000	0.0000	0.0000	0.0000	0.0000	0.0000	0.0000	0.0000	0.0000	0.0000	0.0000	0.0000	0.0000	0.0000	0.0000	0.0000	0.0000	0.0000	0.0000	0.0000	0.0000	0.0000	0.0000	0.0000	0.0000	0.0000	0.0000	0.0000	0.0000	0.0000	0.0000	0.0000											
112	120	0.6300	6	0	1	1	0	0	0	0	0	N	N	N	N	N	N	N	N	N	N	N	N	0.0000	0.0000	0.0000	0.0000	0.0000	0.0000	0.0000	0.0000	0.0000	0.0000	0.0000	0.0000	0.0000	0.0000	0.0000	0.0000	0.0000	0.0000	0.0000	0.0000	0.0000	0.9998	0.0001	0.9486	0.0000	0.0000	0.0000	0.0000	0.0000	0.0000	0.0000	0.0000	0.0000	0.0000	0.0000	0.0000	0.0000	0.0000	0.0000	0.0000	0.0000	0.0000	0.0000	0.0000	0.0000	0.0000	0.0000	0.0000	0.0000	0.0000	0.0000	0.0000	0.0000	0.0000	0.0000	0.0000	0.0000	0.0000	0.0000	0.0000	0.0000	0.0000	0.0000	0.0000	0.0000	0.0000	0.0000	0.0000	0.0000	0.0000	0.0000	0.0000	0.0000	0.0000	0.0000	0.0000	0.0000	0.0000											
112	121	0.6020	5	0	1	1	0	0	0	0	0	N	N	N	N	N	N	N	N	N	N	N	N	0.0000	0.0000	0.0000	0.0000	0.0000	0.0000	0.0000	0.0000	0.0000	0.0000	0.0000	0.0000	0.0000	0.0000	0.0000	0.0000	0.0000	0.0000	0.0000	0.0000	0.0000	3.0005	0.0001	1.1085	0.0000	0.0000	0.0000	0.0000	0.0000	0.0000	0.0000	0.0000	0.0000	0.0000	0.0000	0.0000	0.0000	0.0000	0.0000	0.0000	0.0000	0.0000	0.0000	0.0000	0.0000	0.0000	0.0000	0.0000	0.0000	0.0000	0.0000	0.0000	0.0000	0.0000	0.0000	0.0000	0.0000	0.0000	0.0000	0.0000	0.0000	0.0000	0.0000	0.0000	0.0000	0.0000	0.0000	0.0000	0.0000	0.0000	0.0000	0.0000	0.0000	0.0000	0.0000	0.0000	0.0000	0.0000											
112	122	0.0871	3	0	1	1	0	0	0	0	0	N	N	N	N	N	N	N	N	N	N	N	N	0.0000	0.0000	0.0000	0.0000	0.0000	0.0000	0.0000	0.0000	0.0000	0.0000	0.0000	0.0000	0.0000	0.0000	0.0000	0.0000	0.0000	0.0000	0.0000	0.0000	0.0000	2.0001	0.0001	3.0000	0.0000	0.0000	0.0000	0.0000	0.0000	0.0000	0.0000	0.0000	0.0000	0.0000	0.0000	0.0000	0.0000	0.0000	0.0000	0.0000	0.0000	0.0000	0.0000	0.0000	0.0000	0.0000	0.0000	0.0000	0.0000	0.0000	0.0000	0.0000	0.0000	0.0000	0.0000	0.0000	0.0000	0.0000	0.0000	0.0000	0.0000	0.0000	0.0000	0.0000	0.0000	0.0000	0.0000	0.0000	0.0000	0.0000	0.0000	0.0000	0.0000	0.0000	0.0000	0.0000	0.0000	0.0000											
112	123	0.0458	2	0	0	1	0	0	0	0	0	N	N	N	N	N	N	N	N	N	N	N	N	0.0000	0.0000	0.0000	0.0000	0.0000	0.0000	0.0000	0.0000	0.0000	0.0000	0.0000	0.0000	0.0000	0.0000	0.0000	0.0000	0.0000	0.0000	0.0000	-0.0000	0.0000	6.9986	0.0001	2.0000	0.0000	0.0000	0.0000	0.0000	0.0000	0.0000	0.0000	0.0000	0.0000	0.0000	0.0000	0.0000	0.0000	0.0000	0.0000	0.0000	0.0000	0.0000	0.0000	0.0000	0.0000	0.0000	0.0000	0.0000	0.0000	0.0000	0.0000	0.0000	0.0000	0.0000	0.0000	0.0000	0.0000	0.0000	0.0000	0.0000	0.0000	0.0000	0.0000	0.0000	0.0000	0.0000	0.0000	0.0000	0.0000	0.0000	0.0000	0.0000	0.0000	0.0000	0.0000	0.0000	0.0000	0.0000											
112	124	0.6355	6	0	1	1	0	0	0	0	0	N	N	N	N	N	N	N	N	N	N	N	N	0.0000	0.0000	0.0000	0.0000	0.0000	0.0000	0.0000	0.0000	0.0000	0.0000	0.0000	0.0000	0.0000	0.0000	0.0000	0.0000	0.0000	0.0000	0.0000	0.0000	0.0000	3.9006	0.0001	3.1543	0.0000	0.0000	0.0000	0.0000	0.0000	0.0000	0.0000	0.0000	0.0000	0.0000	0.0000	0.0000	0.0000	0.0000	0.0000	0.0000	0.0000	0.0000	0.0000	0.0000	0.0000	0.0000	0.0000	0.0000	0.0000	0.0000	0.0000	0.0000	0.0000	0.0000	0.0000	0.0000	0.0000	0.0000	0.0000	0.0000	0.0000	0.0000	0.0000	0.0000	0.0000	0.0000	0.0000	0.0000	0.0000	0.0000	0.0000	0.0000	0.0000	0.0000	0.0000	0.0000	0.0000	0.0000											
112	125	0.6020	5	0	1	1	0	0	0	0	0	N	N	N	N	N	N	N	N	N	N	N	N	0.0000	0.0000	0.0000	0.0000	0.0000	0.0000	0.0000	0.0000	0.0000	0.0000	0.0000	0.0000	0.0000	0.0000	0.0000	0.0000	0.0000	0.0000	0.0000	0.0000	0.0000	1.6924	0.0001	1.9110	0.0000	0.0000	0.0000	0.0000	0.0000	0.0000	0.0000	0.0000	0.0000	0.0000	0.0000	0.0000	0.0000	0.0000	0.0000	0.0000	0.0000	0.0000	0.0000	0.0000	0.0000	0.0000	0.0000	0.0000	0.0000	0.0000	0.0000	0.0000	0.0000	0.0000	0.0000	0.0000	0.0000	0.0000	0.0000	0.0000	0.0000	0.0000	0.0000	0.0000	0.0000	0.0000	0.0000	0.0000	0.0000	0.0000	0.0000	0.0000	0.0000	0.0000	0.0000	0.0000	0.0000	0.0000											
112	126	0.0458	2	0	1	1	0	0	0	0	0	N	N	N	N	N	N	N	N	N	N	N	N	0.0000	0.0000	0.0000	0.0000	0.0000	0.0000	0.0000	0.0000	0.0000	0.0000	0.0000	0.0000	0.0000	0.0000	0.0000	0.0000	0.0000	0.0000	0.0000	0.0000	0.0000	0.9996	0.0001	8.0005	0.0000	0.0000	0.0000	0.0000	0.0000	0.0000	0.0000	0.0000	0.0000	0.0000	0.0000	0.0000	0.0000	0.0000	0.0000	0.0000	0.0000	0.0000	0.0000	0.0000	0.0000	0.0000	0.0000	0.0000	0.0000	0.0000	0.0000	0.0000	0.0000	0.0000	0.0000	0.0000	0.0000	0.0000	0.0000	0.0000	0.0000	0.0000	0.0000	0.0000	0.0000	0.0000	0.0000	0.0000	0.0000	0.0000	0.0000	0.0000	0.0000	0.0000	0.0000	0.0000	0.0000	0.0000											
112	127	0.1732	4	0	0	1	0	0	0	0	0	N	N	N	N	N	N	N	N	N	N	N	N	0.0000	0.0000	0.0000	0.0000	0.0000	0.0000	0.0000	0.0000	0.0000	0.0000	0.0000	0.0000	0.0000	0.0000	0.0000	0.0000	0.0000	0.0055	0.0005	0.0035	0.0026	0.0007	0.4424	0.0009	0.0000	0.0018	5.4286	0.0000	0.0000	0.0000	3.6536	0.0001	12.3970	0.0000	0.0000	0.0000	0.0000	0.0000	0.0000	0.0000	0.0000	0.0000	0.0000	0.0000	0.0000	0.0000	0.0000	0.0000	0.0000	0.0000	0.0000	0.0000	0.0000	0.0000	0.0000	0.0000	0.0000	0.0000	0.0000	0.0000	0.0000	0.0000	0.0000	0.0000	0.0000	0.0000	0.0000	0.0000	0.0000	0.0000	0.0000	0.0000	0.0000	0.0000	0.0000	0.0000	0.0000	0.0000	0.0008	0.0002	0.0035	0.0011	0.0003	0.1267	0.0006	0.0000	0.0018		
112	128	0.3516	4	0	0	1	0	0	0	0	0	N	N	N	N	N	N	N	N	N	N	N	N	0.0000	0.0000	0.0000	0.0000	0.0000	0.0000	0.0000	0.0000	0.0000	0.0000	0.0000	0.0000	0.0000	0.0000	0.0000	0.0000	0.0000	1.5554	0.0121	5.0401	2.1148	0.0070	19.4525	1.3958	0.0000	0.8276	152.5813	0.0000	0.0000	0.0000	5.3495	0.0001	12.4099	0.0000	0.0000	0.0000	0.0000	0.0000	0.0000	0.0000	0.0000	0.0000	0.0000	0.0000	0.0000	0.0000	0.0000	0.0000	0.0000	0.0000	0.0000	0.0000	0.0000	0.0000	0.0000	0.0000	0.0000	0.0000	0.0000	0.0000	0.0000	0.0000	0.0000	0.0000	0.0000	0.0000	0.0000	0.0000	0.0000	0.0000	0.0000	0.0000	0.0000	0.0000	0.0000	0.0000	0.0000	0.0000	0.2035	0.0018	0.7387	0.2166	0.0027	1.2061	0.1839	0.0000	0.4395		
112	129	0.1573	8	0	1	1	1	0	0	0	0	N	N	N	N	N	N	N	N	N	N	N	N	0.0000	0.0000	0.0000	0.0000	0.0000	0.0000	0.0000	0.0000	0.0000	0.0000	0.0000	0.0000	0.0000	0.0000	0.0000	0.0000	0.0000	0.0000	0.0000	0.0000	0.0000	0.0000	0.0001	0.0000	0.0000	0.0000	0.0000	0.0000	0.0000	0.0000	0.0000	0.0000	0.0000	0.0000	0.0000	0.0000	0.0000	0.0000	0.0000	0.0000	0.0000	0.0000	0.0000	0.0000	0.0000	0.0000	0.0000	0.0000	0.0000	0.0000	0.0000	0.0000	0.0000	0.0000	0.0000	0.0000	0.0000	0.0000	0.0000	0.0000	0.0000	0.0000	0.0000	0.0000	0.0000	0.0000	0.0000	0.0000	0.0000	0.0000	0.0000	0.0000	0.0000	0.0000	0.0000	0.0000	0.0000	0.0000											
112	130	0.1410	7	0	1	1	1	0	0	0	0	N	N	N	N	N	N	N	N	N	N	N	N	0.0000	0.0000	0.0000	0.0000	0.0000	0.0000	0.0000	0.0000	0.0000	0.0000	0.0000	0.0000	0.0000	0.0000	0.0000	0.0000	0.0000	0.0000	0.0000	0.0000	0.0000	0.0000	0.0001	3.0001	0.0000	0.0000	0.0000	0.0000	0.0000	0.0000	0.0000	0.0000	0.0000	0.0000	0.0000	0.0000	0.0000	0.0000	0.0000	0.0000	0.0000	0.0000	0.0000	0.0000	0.0000	0.0000	0.0000	0.0000	0.0000	0.0000	0.0000	0.0000	0.0000	0.0000	0.0000	0.0000	0.0000	0.0000	0.0000	0.0000	0.0000	0.0000	0.0000	0.0000	0.0000	0.0000	0.0000	0.0000	0.0000	0.0000	0.0000	0.0000	0.0000	0.0000	0.0000	0.0000	0.0000	0.0000											
112	131	0.1313	6	0	1	1	0	0	0	0	0	N	N	N	N	N	N	N	N	N	N	N	N	0.0000	0.0000	0.0000	0.0000	0.0000	0.0000	0.0000	0.0000	0.0000	0.0000	0.0000	0.0000	0.0000	0.0000	0.0000	0.0000	0.0000	0.0000	0.0000	0.0000	0.0000	0.0000	0.0001	0.0000	0.0000	0.0000	0.0000	0.0000	0.0000	0.0000	0.0000	0.0000	0.0000	0.0000	0.0000	0.0000	0.0000	0.0000	0.0000	0.0000	0.0000	0.0000	0.0000	0.0000	0.0000	0.0000	0.0000	0.0000	0.0000	0.0000	0.0000	0.0000	0.0000	0.0000	0.0000	0.0000	0.0000	0.0000	0.0000	0.0000	0.0000	0.0000	0.0000	0.0000	0.0000	0.0000	0.0000	0.0000	0.0000	0.0000	0.0000	0.0000	0.0000	0.0000	0.0000	0.0000	0.0000	0.0000											
112	132	0.1410	7	0	0	2	1	0	0	0	0	N	N	Y	N	N	N	N	N	N	N	N	N	0.0000	0.0000	0.0000	0.0000	0.0000	0.0000	0.0000	0.0000	0.0000	0.0000	0.0000	0.0000	0.0000	0.0000	0.0000	0.0000	0.0000	0.0000	0.0000	0.0000	0.0000	0.0000	0.0001	1.9999	0.0000	0.0000	0.0000	0.0000	0.0000	0.0000	0.0000	0.0000	0.0000	0.0000	0.0000	0.0000	0.0000	0.0000	0.0000	0.0000	0.0000	0.0000	0.0000	0.0000	0.0000	0.0000	0.0000	0.0000	0.0000	0.0000	0.0000	0.0000	0.0000	0.0000	0.0000	0.0000	0.0000	0.0000	0.0000	0.0000	0.0000	0.0000	0.0000	0.0000	0.0000	0.0000	0.0000	0.0000	0.0000	0.0000	0.0000	0.0000	0.0000	0.0000	0.0000	0.0000	0.0000	0.0000											
112	133	0.1520	8	0	0	2	1	0	0	0	0	N	N	Y	N	N	N	N	N	N	N	N	N	0.0000	0.0000	0.0000	0.0000	0.0000	0.0000	0.0000	0.0000	0.0000	0.0000	0.0000	0.0000	0.0000	0.0000	0.0000	0.0000	0.0000	0.0000	0.0000	0.0000	0.0000	1.0000	0.0001	0.0000	0.0000	0.0000	0.0000	0.0000	0.0000	0.0000	0.0000	0.0000	0.0000	0.0000	0.0000	0.0000	0.0000	0.0000	0.0000	0.0000	0.0000	0.0000	0.0000	0.0000	0.0000	0.0000	0.0000	0.0000	0.0000	0.0000	0.0000	0.0000	0.0000	0.0000	0.0000	0.0000	0.0000	0.0000	0.0000	0.0000	0.0000	0.0000	0.0000	0.0000	0.0000	0.0000	0.0000	0.0000	0.0000	0.0000	0.0000	0.0000	0.0000	0.0000	0.0000	0.0000	0.0000	0.0000											
112	134	0.1520	8	0	0	2	1	0	0	0	0	N	N	Y	N	N	N	N	N	N	N	N	N	0.0000	0.0000	0.0000	0.0000	0.0000	0.0000	0.0000	0.0000	0.0000	0.0000	0.0000	0.0000	0.0000	0.0000	0.0000	0.0000	0.0000	0.0000	0.0000	0.0000	0.0000	0.0000	0.0001	0.0000	0.0000	0.0000	0.0000	0.0000	0.0000	0.0000	0.0000	0.0000	0.0000	0.0000	0.0000	0.0000	0.0000	0.0000	0.0000	0.0000	0.0000	0.0000	0.0000	0.0000	0.0000	0.0000	0.0000	0.0000	0.0000	0.0000	0.0000	0.0000	0.0000	0.0000	0.0000	0.0000	0.0000	0.0000	0.0000	0.0000	0.0000	0.0000	0.0000	0.0000	0.0000	0.0000	0.0000	0.0000	0.0000	0.0000	0.0000	0.0000	0.0000	0.0000	0.0000	0.0000	0.0000	0.0000											
112	135	0.1410	7	0	0	2	1	0	0	0	0	N	N	Y	N	N	N	N	N	N	N	N	N	0.0000	0.0000	0.0000	0.0000	0.0000	0.0000	0.0000	0.0000	0.0000	0.0000	0.0000	0.0000	0.0000	0.0000	0.0000	0.0000	0.0000	0.0000	0.0000	0.0000	0.0000	2.0025	0.0001	0.9943	0.0000	0.0000	0.0000	0.0000	0.0000	0.0000	0.0000	0.0000	0.0000	0.0000	0.0000	0.0000	0.0000	0.0000	0.0000	0.0000	0.0000	0.0000	0.0000	0.0000	0.0000	0.0000	0.0000	0.0000	0.0000	0.0000	0.0000	0.0000	0.0000	0.0000	0.0000	0.0000	0.0000	0.0000	0.0000	0.0000	0.0000	0.0000	0.0000	0.0000	0.0000	0.0000	0.0000	0.0000	0.0000	0.0000	0.0000	0.0000	0.0000	0.0000	0.0000	0.0000	0.0000	0.0000											
112	136	0.1410	6	0	0	1	1	0	0	0	0	N	N	N	N	N	N	N	N	N	N	N	N	0.0000	0.0000	0.0000	0.0000	0.0000	0.0000	0.0000	0.0000	0.0000	0.0000	0.0000	0.0000	0.0000	0.0000	0.0000	0.0000	0.0000	0.0000	0.0000	0.0000	0.0000	0.0050	0.0001	0.0173	0.0000	0.0000	0.0000	0.0000	0.0000	0.0000	0.0000	0.0000	0.0000	0.0000	0.0000	0.0000	0.0000	0.0000	0.0000	0.0000	0.0000	0.0000	0.0000	0.0000	0.0000	0.0000	0.0000	0.0000	0.0000	0.0000	0.0000	0.0000	0.0000	0.0000	0.0000	0.0000	0.0000	0.0000	0.0000	0.0000	0.0000	0.0000	0.0000	0.0000	0.0000	0.0000	0.0000	0.0000	0.0000	0.0000	0.0000	0.0000	0.0000	0.0000	0.0000	0.0000	0.0000	0.0000											
112	137	0.1313	5	0	0	1	1	0	0	0	0	N	N	N	N	N	N	N	N	N	N	N	N	0.0000	0.0000	0.0000	0.0000	0.0000	0.0000	0.0000	0.0000	0.0000	0.0000	0.0000	0.0000	0.0000	0.0000	0.0000	0.0000	0.0000	0.0000	0.0000	0.0000	0.0000	1.9972	0.0001	1.0076	0.0000	0.0000	0.0000	0.0000	0.0000	0.0000	0.0000	0.0000	0.0000	0.0000	0.0000	0.0000	0.0000	0.0000	0.0000	0.0000	0.0000	0.0000	0.0000	0.0000	0.0000	0.0000	0.0000	0.0000	0.0000	0.0000	0.0000	0.0000	0.0000	0.0000	0.0000	0.0000	0.0000	0.0000	0.0000	0.0000	0.0000	0.0000	0.0000	0.0000	0.0000	0.0000	0.0000	0.0000	0.0000	0.0000	0.0000	0.0000	0.0000	0.0000	0.0000	0.0000	0.0000	0.0000											
112	138	0.1141	4	1	1	1	0	0	0	0	0	N	N	N	N	N	N	N	N	N	N	N	N	0.0000	0.0000	0.0000	0.0000	0.0000	0.0000	0.0000	0.0000	0.0000	0.0000	0.0000	0.0000	0.0000	0.0167	0.0185	0.0000	0.0153	0.0132	0.0000	0.0000	0.0000	0.0000	0.0000	0.0000	-0.0000	0.0000	0.0002	0.0001	2.3255	0.0000	0.0000	0.0000	0.0000	0.0000	0.0000	0.0000	0.0000	0.0000	0.0000	0.0000	0.0000	0.0000	0.0000	0.0000	0.0000	0.0000	0.0000	0.0000	0.0000	0.0000	0.0000	0.0000	0.0000	0.0000	0.0000	0.0000	0.0000	0.0000	0.0000	0.0000	0.0000	0.0000	0.0000	0.0000	0.0000	0.0000	0.0000	0.0000	0.0000	0.0000	0.0000	0.0000	0.0000	0.0000	0.0017	0.0023	0.0000	0.0039	0.0039	0.0000	0.0000	0.0000	0.0000						
112	139	0.0962	3	1	1	1	0	0	0	0	0	N	N	N	N	N	N	N	N	N	N	N	N	0.0000	0.0000	0.0000	0.0000	0.0000	0.0000	0.0000	0.0000	0.0000	0.0000	0.0000	0.0000	0.0000	0.0055	0.0026	0.0000	0.0000	0.0000	0.0000	0.0050	0.0322	0.0000	0.5556	0.0000	-0.0000	0.0000	2.0138	0.0001	2.7349	0.0000	0.0000	0.0000	0.0000	0.0000	0.0000	0.0000	0.0000	0.0000	0.0000	0.0000	0.0000	0.0000	0.0000	0.0000	0.0000	0.0000	0.0000	0.0000	0.0000	0.0000	0.0000	0.0000	0.0000	0.0000	0.0000	0.0000	0.0000	0.0000	0.0000	0.0000	0.0000	0.0000	0.0000	0.0000	0.0000	0.0000	0.0000	0.0000	0.0000	0.0000	0.0000	0.0000	0.0000	0.0000	0.0008	0.0007	0.0000	0.0000	0.0000	0.0000	0.0014	0.0017	0.0000						
112	140	0.1127	4	0	1	1	0	0	0	0	0	N	N	N	N	N	N	N	N	N	N	N	N	0.0000	0.0000	0.0000	0.0000	0.0000	0.0000	0.0000	0.0000	0.0000	0.0000	0.0000	0.0000	0.0000	0.0000	0.0000	0.0000	0.0000	0.0000	0.0000	0.0000	0.0000	1.9232	0.0001	1.1116	0.0000	0.0000	0.0000	0.0000	0.0000	0.0000	0.0000	0.0000	0.0000	0.0000	0.0000	0.0000	0.0000	0.0000	0.0000	0.0000	0.0000	0.0000	0.0000	0.0000	0.0000	0.0000	0.0000	0.0000	0.0000	0.0000	0.0000	0.0000	0.0000	0.0000	0.0000	0.0000	0.0000	0.0000	0.0000	0.0000	0.0000	0.0000	0.0000	0.0000	0.0000	0.0000	0.0000	0.0000	0.0000	0.0000	0.0000	0.0000	0.0000	0.0000	0.0000	0.0000	0.0000	0.0000											
112	141	0.6212	6	0	1	1	0	0	0	0	0	N	N	N	N	N	N	N	N	N	N	N	N	0.0000	0.0000	0.0000	0.0000	0.0000	0.0000	0.0000	0.0000	0.0000	0.0000	0.0000	0.0000	0.0000	0.0000	0.0000	0.0000	0.0000	0.0000	0.0000	0.0000	0.0000	3.0000	0.0001	1.0000	0.0000	0.0000	0.0000	0.0000	0.0000	0.0000	0.0000	0.0000	0.0000	0.0000	0.0000	0.0000	0.0000	0.0000	0.0000	0.0000	0.0000	0.0000	0.0000	0.0000	0.0000	0.0000	0.0000	0.0000	0.0000	0.0000	0.0000	0.0000	0.0000	0.0000	0.0000	0.0000	0.0000	0.0000	0.0000	0.0000	0.0000	0.0000	0.0000	0.0000	0.0000	0.0000	0.0000	0.0000	0.0000	0.0000	0.0000	0.0000	0.0000	0.0000	0.0000	0.0000	0.0000	0.0000											
112	142	0.6020	5	0	0	1	0	0	0	0	0	N	N	N	N	N	N	N	N	N	N	N	N	0.0000	0.0000	0.0000	0.0000	0.0000	0.0000	0.0000	0.0000	0.0000	0.0000	0.0000	0.0000	0.0000	0.0000	0.0000	0.0000	0.0000	0.0000	0.0000	0.0000	0.0000	1.0000	0.0001	1.0000	0.0000	0.0000	0.0000	0.0000	0.0000	0.0000	0.0000	0.0000	0.0000	0.0000	0.0000	0.0000	0.0000	0.0000	0.0000	0.0000	0.0000	0.0000	0.0000	0.0000	0.0000	0.0000	0.0000	0.0000	0.0000	0.0000	0.0000	0.0000	0.0000	0.0000	0.0000	0.0000	0.0000	0.0000	0.0000	0.0000	0.0000	0.0000	0.0000	0.0000	0.0000	0.0000	0.0000	0.0000	0.0000	0.0000	0.0000	0.0000	0.0000	0.0000	0.0000	0.0000	0.0000	0.0000											
112	143	0.3516	4	0	0	1	0	0	0	0	0	N	N	N	N	N	N	N	N	N	N	N	N	0.0000	0.0000	0.0000	0.0000	0.0000	0.0000	0.0000	0.0000	0.0000	0.0000	0.0000	0.0000	0.0000	0.0000	0.0000	0.0000	0.0000	0.0000	0.0000	0.0000	0.0000	7.1211	0.0001	10.9474	0.0000	0.0000	0.0000	0.0000	0.0000	0.0000	0.0000	0.0000	0.0000	0.0000	0.0000	0.0000	0.0000	0.0000	0.0000	0.0000	0.0000	0.0000	0.0000	0.0000	0.0000	0.0000	0.0000	0.0000	0.0000	0.0000	0.0000	0.0000	0.0000	0.0000	0.0000	0.0000	0.0000	0.0000	0.0000	0.0000	0.0000	0.0000	0.0000	0.0000	0.0000	0.0000	0.0000	0.0000	0.0000	0.0000	0.0000	0.0000	0.0000	0.0000	0.0000	0.0000	0.0000	0.0000											
112	144	0.1568	3	0	0	1	0	0	0	0	0	N	N	N	N	N	N	N	N	N	N	N	N	0.0000	0.0000	0.0000	0.0000	0.0000	0.0000	0.0000	0.0000	0.0000	0.0000	0.0000	0.0000	0.0000	0.0000	0.0000	0.0000	0.0000	0.0000	2.2594	2.0326	11.5309	0.1215	0.0910	0.2638	2.8971	3.9603	11.1499	3.4969	0.0000	0.0000	0.0000	8.5175	0.0001	23.1696	0.0000	0.0000	0.0000	0.0000	0.0000	0.0000	0.0000	0.0000	0.0000	0.0000	0.0000	0.0000	0.0000	0.0000	0.0000	0.0000	0.0000	0.0000	0.0000	0.0000	0.0000	0.0000	0.0000	0.0000	0.0000	0.0000	0.0000	0.0000	0.0000	0.0000	0.0000	0.0000	0.0000	0.0000	0.0000	0.0000	0.0000	0.0000	0.0000	0.0000	0.0000	0.0000	0.0000	0.0000	0.0000	0.9573	0.2674	3.6505	0.0110	0.0106	0.0855	1.7166	0.5893	3.6923	
112	145	0.1313	6	1	1	1	0	0	0	0	0	N	N	N	N	N	N	N	N	N	N	N	N	0.0000	0.0000	0.0000	0.0000	0.0000	0.0000	0.0000	0.0000	0.0000	0.0000	0.0000	0.0000	0.0000	0.0000	0.0000	0.0000	0.0000	0.0000	0.0000	0.0000	0.0000	1.0000	0.0001	1.0000	0.0000	0.0000	0.0000	0.0000	0.0000	0.0000	0.0000	0.0000	0.0000	0.0000	0.0000	0.0000	0.0000	0.0000	0.0000	0.0000	0.0000	0.0000	0.0000	0.0000	0.0000	0.0000	0.0000	0.0000	0.0000	0.0000	0.0000	0.0000	0.0000	0.0000	0.0000	0.0000	0.0000	0.0000	0.0000	0.0000	0.0000	0.0000	0.0000	0.0000	0.0000	0.0000	0.0000	0.0000	0.0000	0.0000	0.0000	0.0000	0.0000	0.0000	0.0000	0.0000	0.0000	0.0000											
112	146	0.1313	5	0	1	1	0	0	0	0	0	N	N	N	N	N	N	N	N	N	N	N	N	0.0000	0.0000	0.0000	0.0000	0.0000	0.0000	0.0000	0.0000	0.0000	0.0000	0.0000	0.0000	0.0000	0.0000	0.0000	0.0000	0.0000	0.0000	0.0000	0.0000	0.0000	0.0003	0.0001	0.0000	0.0000	0.0000	0.0000	0.0000	0.0000	0.0000	0.0000	0.0000	0.0000	0.0000	0.0000	0.0000	0.0000	0.0000	0.0000	0.0000	0.0000	0.0000	0.0000	0.0000	0.0000	0.0000	0.0000	0.0000	0.0000	0.0000	0.0000	0.0000	0.0000	0.0000	0.0000	0.0000	0.0000	0.0000	0.0000	0.0000	0.0000	0.0000	0.0000	0.0000	0.0000	0.0000	0.0000	0.0000	0.0000	0.0000	0.0000	0.0000	0.0000	0.0000	0.0000	0.0000	0.0000	0.0000											
112	147	0.1127	4	0	0	1	0	0	0	0	0	N	N	N	N	N	N	N	N	N	N	N	N	0.0000	0.0000	0.0000	0.0000	0.0000	0.0000	0.0000	0.0000	0.0000	0.0000	0.0000	0.0000	0.0000	0.0000	0.0000	0.0000	0.0000	0.0000	0.0000	0.0000	0.0000	4.9449	0.0001	1.0063	0.0000	0.0000	0.0000	0.0000	0.0000	0.0000	0.0000	0.0000	0.0000	0.0000	0.0000	0.0000	0.0000	0.0000	0.0000	0.0000	0.0000	0.0000	0.0000	0.0000	0.0000	0.0000	0.0000	0.0000	0.0000	0.0000	0.0000	0.0000	0.0000	0.0000	0.0000	0.0000	0.0000	0.0000	0.0000	0.0000	0.0000	0.0000	0.0000	0.0000	0.0000	0.0000	0.0000	0.0000	0.0000	0.0000	0.0000	0.0000	0.0000	0.0000	0.0000	0.0000	0.0000	0.0000											
112	148	0.0962	3	0	0	1	0	0	0	0	0	N	N	N	N	N	N	N	N	N	N	N	N	0.0000	0.0000	0.0000	0.0000	0.0000	0.0000	0.0000	0.0000	0.0000	0.0000	0.0000	0.0000	0.0000	0.0000	0.0000	0.0000	0.0000	0.0000	0.0000	0.0000	0.0000	3.4778	0.0001	1.2917	0.0000	0.0000	0.0000	0.0000	0.0000	0.0000	0.0000	0.0000	0.0000	0.0000	0.0000	0.0000	0.0000	0.0000	0.0000	0.0000	0.0000	0.0000	0.0000	0.0000	0.0000	0.0000	0.0000	0.0000	0.0000	0.0000	0.0000	0.0000	0.0000	0.0000	0.0000	0.0000	0.0000	0.0000	0.0000	0.0000	0.0000	0.0000	0.0000	0.0000	0.0000	0.0000	0.0000	0.0000	0.0000	0.0000	0.0000	0.0000	0.0000	0.0000	0.0000	0.0000	0.0000	0.0000											
112	149	0.0458	2	0	0	1	0	0	0	0	0	N	N	N	N	N	N	N	N	N	N	N	N	0.0000	0.0000	0.0000	0.0000	0.0000	0.0000	0.0000	0.0000	0.0000	0.0000	0.0000	0.0000	0.0000	0.0000	0.0000	0.0000	0.0000	0.0000	0.0000	-0.0000	0.0000	7.8050	0.0001	4.0035	0.0000	0.0000	0.0000	0.0000	0.0000	0.0000	0.0000	0.0000	0.0000	0.0000	0.0000	0.0000	0.0000	0.0000	0.0000	0.0000	0.0000	0.0000	0.0000	0.0000	0.0000	0.0000	0.0000	0.0000	0.0000	0.0000	0.0000	0.0000	0.0000	0.0000	0.0000	0.0000	0.0000	0.0000	0.0000	0.0000	0.0000	0.0000	0.0000	0.0000	0.0000	0.0000	0.0000	0.0000	0.0000	0.0000	0.0000	0.0000	0.0000	0.0000	0.0000	0.0000	0.0000	0.0000											
112	150	0.1732	4	0	0	1	0	0	0	0	0	N	N	N	N	N	N	N	N	N	N	N	N	0.0000	0.0000	0.0000	0.0000	0.0000	0.0000	0.0000	0.0000	0.0000	0.0000	0.0000	0.0000	0.0000	0.0000	0.0000	0.0000	0.0000	0.0045	0.0004	0.0032	0.0024	0.0007	0.3811	0.0007	0.0000	0.0016	5.4286	0.0000	0.0000	0.0000	3.7255	0.0001	14.1767	0.0000	0.0000	0.0000	0.0000	0.0000	0.0000	0.0000	0.0000	0.0000	0.0000	0.0000	0.0000	0.0000	0.0000	0.0000	0.0000	0.0000	0.0000	0.0000	0.0000	0.0000	0.0000	0.0000	0.0000	0.0000	0.0000	0.0000	0.0000	0.0000	0.0000	0.0000	0.0000	0.0000	0.0000	0.0000	0.0000	0.0000	0.0000	0.0000	0.0000	0.0000	0.0000	0.0000	0.0000	0.0000	0.0008	0.0001	0.0032	0.0010	0.0003	0.1188	0.0006	0.0000	0.0016		
112	151	0.1568	3	0	0	1	0	0	0	0	0	N	N	N	N	N	N	N	N	N	N	N	N	0.0000	0.0000	0.0000	0.0000	0.0000	0.0000	0.0000	0.0000	0.0000	0.0000	0.0000	0.0000	0.0000	0.0000	0.0000	0.0000	0.0000	0.2295	0.0214	0.0513	0.0285	0.0144	0.9147	0.0443	0.0000	0.0128	1.9545	0.0000	0.0000	0.0000	1.4205	0.0001	4.0377	0.0000	0.0000	0.0000	0.0000	0.0000	0.0000	0.0000	0.0000	0.0000	0.0000	0.0000	0.0000	0.0000	0.0000	0.0000	0.0000	0.0000	0.0000	0.0000	0.0000	0.0000	0.0000	0.0000	0.0000	0.0000	0.0000	0.0000	0.0000	0.0000	0.0000	0.0000	0.0000	0.0000	0.0000	0.0000	0.0000	0.0000	0.0000	0.0000	0.0000	0.0000	0.0000	0.0000	0.0000	0.0000	0.0055	0.0024	0.0162	0.0056	0.0042	0.2372	0.0055	0.0000	0.0128		
112	152	0.0458	2	0	0	1	0	0	0	0	0	N	N	N	N	N	N	N	N	N	N	N	N	0.0000	0.0000	0.0000	0.0000	0.0000	0.0000	0.0000	0.0000	0.0000	0.0000	0.0000	0.0000	0.0000	0.0000	0.0000	2.6191	0.0014	16.0761	0.0000	0.0000	0.0000	3.6040	0.0191	16.3837	4995.9550	0.0000	0.0000	0.0000	6.4701	0.0001	12.4371	0.0000	0.0000	0.0000	0.0000	0.0000	0.0000	0.0000	0.0000	0.0000	0.0000	0.0000	0.0000	0.0000	0.0000	0.0000	0.0000	0.0000	0.0000	0.0000	0.0000	0.0000	0.0000	0.0000	0.0000	0.0000	0.0000	0.0000	0.0000	0.0000	0.0000	0.0000	0.0000	0.0000	0.0000	0.0000	0.0000	0.0000	0.0000	0.0000	0.0000	0.0000	0.0000	0.0000	0.0000	0.0000	1.7713	0.0005	7.0005	0.0000	0.0000	0.0000	3.0320	0.0010	7.0504				
113	114	0.6346	5	0	1	1	0	0	0	0	0	N	N	N	N	N	N	N	N	N	N	N	N	6498.7029	inf	0.0000	4260.2717	inf	0.0000	inf	inf	1.7063	1.8887	0.0000	2.9167	3.1047	0.0000	0.0000	0.0000	0.0000	0.0003	0.0000	0.0003	0.0007	0.0000	0.0017	0.0000	0.0000	0.0000	0.0000	inf	-0.2594	0.0000	4.0004	4.3361	4.9999	4.6323	0.9970	0.9970	0.0000	0.9970	0.9970	0.0000	0.0000	0.0000	0.0000	0.0000	0.0000	0.0000	0.0000	0.0000	0.0000	0.0000	0.0000	0.0000	0.5843	0.5279	0.0564	0.3418	0.3211	0.0207	0.2425	0.2068	0.0357	0.1025	0.0626	0.0399	0.0529	0.0458	0.0071	0.0497	0.0169	0.0328	17496.8054	inf	0.0000	15424.7616	inf	0.0000	inf	inf	0.0000	0.0001	0.0000	0.0003	0.0002	0.0000	0.0014	0.0000	0.0000	0.0000	
113	115	0.6020	4	0	0	1	0	0	0	0	0	N	N	N	N	N	N	N	N	N	N	N	N	inf	inf	inf	inf	inf	inf	inf	0.0178	0.0197	0.0006	0.0284	0.0306	0.0000	0.0001	0.0000	0.0010	0.0000	0.0000	0.0000	0.0000	0.0000	0.0000	0.0000	0.0000	0.0000	0.0031	-0.0008	0.0000	4.0004	1.9840	4.9999	0.2610	0.0033	0.0033	0.0000	0.0033	0.0033	0.0000	0.0000	0.0000	0.0000	0.0000	0.0000	0.0000	0.0000	0.0000	0.0000	0.0000	0.0000	0.0000	0.1842	0.1661	0.0181	0.1149	0.1068	0.0081	0.0693	0.0593	0.0099	0.0188	0.0093	0.0095	0.0061	0.0052	0.0009	0.0127	0.0041	0.0086	inf	inf	inf	inf	inf	0.0000	inf	0.0000	inf	0.0000	0.0000	0.0000	0.0000	0.0000	0.0000	0.0000	0.0000	0.0000			
113	117	0.6020	4	0	1	1	1	0	0	0	0	N	N	N	N	N	N	N	N	N	N	N	N	0.0000	0.0000	0.0000	0.0000	0.0000	0.0000	0.0000	0.0000	0.0000	0.0000	0.0000	0.0000	0.0000	0.0000	0.0000	0.0000	0.0000	0.0000	0.0000	0.0000	4.0004	0.0000	4.9999	1.0000	0.0000	0.0000	0.0000	0.0000	0.0000	0.0000	0.0000	0.0000	0.0000	0.0000	0.0000	0.0000	0.0000	0.0000	0.0000	0.0000	0.0000	0.0000	0.0000	0.0000	0.0000	0.0000	0.0000	0.0000	0.0000	0.0000	0.0000	0.0118	0.0058	0.0060	0.0038	0.0032	0.0006	0.0080	0.0026	0.0054	0.0000	0.0000	0.0000	0.0000	0.0000	0.0000	0.0000	0.0000	0.0000	0.0000	0.0000	0.0000	0.0000	0.0000	0.0000	0.0000	0.0000	0.0000											
113	119	0.6020	4	0	1	1	0	0	0	0	0	N	N	N	N	N	N	N	N	N	N	N	N	inf	inf	inf	inf	2.3442	0.0000	23.9980	3.8396	0.0000	55.1479	0.0000	0.0000	0.0000	0.0000	0.0000	0.0000	0.0000	0.0000	0.0000	0.0000	0.0000	0.0000	inf	0.7398	0.0000	4.0004	5.0000	4.9999	6.0000	0.9999	0.0000	0.9999	0.9999	0.0000	0.9999	0.0000	0.0000	0.0000	0.0000	0.0000	0.0000	0.0000	0.0000	0.0000	0.0000	0.0000	0.0000	0.4266	0.3849	0.0417	0.2604	0.2423	0.0181	0.1661	0.1426	0.0235	0.0830	0.0415	0.0415	0.0277	0.0235	0.0042	0.0553	0.0180	0.0373	inf	0.0000	inf	inf	0.0000	inf	0.0000	0.0000	0.0000	0.0000	0.0000	0.0000	0.0000	0.0000	0.0000	0.0000	0.0000	0.0000						
113	120	0.6300	5	0	1	1	0	0	0	0	0	N	N	N	N	N	N	N	N	N	N	N	N	inf	inf	inf	inf	0.0002	0.0002	0.0000	0.0003	0.0004	0.0000	0.0000	0.0000	0.0000	0.0000	0.0000	0.0000	0.0000	0.0000	0.0000	0.0000	0.0000	0.0000	0.0000	-0.0000	0.0000	4.0004	0.9998	4.9999	0.9486	0.0000	0.0000	0.0000	0.0000	0.0000	0.0000	0.0000	0.0000	0.0000	0.0000	0.0000	0.0000	0.0000	0.0000	0.0000	0.0000	0.0000	0.0000	0.0952	0.0857	0.0094	0.0577	0.0535	0.0042	0.0375	0.0323	0.0052	0.0273	0.0146	0.0127	0.0120	0.0105	0.0015	0.0152	0.0041	0.0112	inf	inf	0.0000	inf	inf	0.0000	0.0000	0.0000	0.0000	0.0000	0.0000	0.0000	0.0000	0.0000	0.0000	0.0000	0.0000	0.0000						
113	121	0.6020	4	0	1	1	0	0	0	0	0	N	N	N	N	N	N	N	N	N	N	N	N	inf	inf	inf	inf	0.0000	0.0000	0.0000	0.0001	0.0001	0.0000	0.0000	0.0000	0.0000	0.0000	0.0000	0.0000	0.0000	0.0000	0.0000	0.0000	0.0000	0.0000	0.0000	-0.0000	0.0000	4.0004	3.0005	4.9999	1.1085	0.0000	0.0000	0.0000	0.0000	0.0000	0.0000	0.0000	0.0000	0.0000	0.0000	0.0000	0.0000	0.0000	0.0000	0.0000	0.0000	0.0000	0.0000	0.4654	0.4199	0.0454	0.2831	0.2634	0.0197	0.1823	0.1565	0.0258	0.0595	0.0296	0.0299	0.0196	0.0167	0.0030	0.0399	0.0130	0.0269	inf	inf	0.0000	inf	inf	0.0000	0.0000	0.0000	0.0000	0.0000	0.0000	0.0000	0.0000	0.0000	0.0000	0.0000	0.0000	0.0000						
113	122	0.0871	2	0	1	1	0	0	0	0	0	N	N	N	N	N	N	N	N	N	N	N	N	0.0000	0.0000	0.0000	0.0000	0.0000	0.0000	0.0000	0.0000	0.0000	0.0000	0.0000	0.0000	0.0000	0.0000	0.0000	0.0000	0.0000	0.0000	0.0000	0.0000	4.0004	2.0001	4.9999	3.0000	0.0000	0.0000	0.0000	0.0000	0.0000	0.0000	0.0000	0.0000	0.0000	0.0000	0.0000	0.0000	0.0000	0.0000	0.0000	0.0000	0.0000	0.0000	0.2620	0.2362	0.0258	0.1325	0.1243	0.0082	0.1295	0.1119	0.0176	0.0776	0.0323	0.0453	0.0007	0.0006	0.0000	0.0770	0.0317	0.0453	0.0000	0.0000	0.0000	0.0000	0.0000	0.0000	0.0000	0.0000	0.0000	0.0000	0.0000	0.0000	0.0000	0.0000	0.0000	0.0000	0.0000	0.0000											
113	124	0.6355	5	0	1	1	0	0	0	0	0	N	N	N	N	N	N	N	N	N	N	N	N	inf	inf	inf	inf	inf	inf	1.3204	1.4527	0.0000	2.0085	2.1480	0.0000	0.0004	0.0005	0.0000	0.0000	0.0000	0.0000	0.0000	0.0000	0.0000	0.0000	0.0000	0.0000	0.0000	-0.2316	0.0000	4.0004	3.9006	4.9999	3.1543	0.8903	0.8903	0.0000	0.8902	0.8902	0.0000	0.0001	0.0001	0.0000	0.0000	0.0000	0.0000	0.0000	0.0000	0.0000	0.0000	0.0000	0.0000	0.6743	0.6128	0.0614	0.4432	0.4144	0.0288	0.2310	0.1984	0.0326	0.1160	0.0706	0.0454	0.0570	0.0516	0.0055	0.0590	0.0191	0.0399	inf	inf	0.0000	inf	inf	0.0000	inf	inf	0.0000	0.0000	0.0000	0.0000	0.0000	0.0000	0.0000	0.0000	0.0000	0.0000				
113	125	0.6020	4	0	1	1	0	0	0	0	0	N	N	N	N	N	N	N	N	N	N	N	N	inf	inf	inf	inf	inf	inf	inf	inf	2.3300	0.4426	19.7094	3.7655	0.6940	44.3509	0.0001	0.0000	0.0007	0.0000	0.0000	0.0000	0.0000	0.0000	0.0000	0.0000	0.0000	0.0000	4.8363	0.3714	0.0000	4.0004	1.6924	4.9999	1.9110	0.6534	0.1120	0.5414	0.6534	0.1120	0.5414	0.0000	0.0000	0.0000	0.0000	0.0000	0.0000	0.0000	0.0000	0.0000	0.0000	0.0000	0.0000	0.2804	0.2530	0.0275	0.1735	0.1613	0.0122	0.1069	0.0916	0.0153	0.0528	0.0262	0.0266	0.0174	0.0147	0.0026	0.0354	0.0115	0.0239	inf	inf	inf	inf	inf	inf	inf	0.0000	inf	0.0000	0.0000	0.0000	0.0000	0.0000	0.0000	0.0000	0.0000	0.0000		
113	127	0.1732	3	0	0	1	0	0	0	0	0	N	N	N	N	N	N	N	N	N	N	N	N	0.0053	0.0726	0.0000	0.0204	0.1513	0.0000	0.0000	0.0000	0.0000	0.0001	0.0000	0.0003	0.0003	0.0000	0.0000	0.0000	0.0000	0.0090	0.0007	0.0024	0.0141	0.0020	0.0925	0.0008	0.0000	0.0012	0.0000	5.7143	-0.0000	0.0002	4.0004	3.6536	4.9999	12.3970	0.0000	0.0000	0.0000	0.0000	0.0000	0.0000	0.0000	0.0000	0.0000	0.0005	0.0001	0.0004	0.0003	0.0001	0.0002	0.0002	0.0000	0.0002	0.6317	0.5584	0.0733	0.1048	0.1013	0.0035	0.5269	0.4572	0.0698	0.4051	0.2366	0.1685	0.0720	0.0666	0.0053	0.3332	0.1700	0.1632	0.0409	0.1816	0.0000	0.0763	0.2820	0.0000	0.0000	0.0000	0.0000	0.0012	0.0003	0.0024	0.0038	0.0011	0.0376	0.0006	0.0000	0.0012	
113	128	0.3516	3	0	0	1	0	0	0	0	0	N	N	N	N	N	N	N	N	N	N	N	N	0.2666	2.9537	0.0000	0.1886	10.5486	0.0000	0.2347	inf	0.0000	0.5335	0.5971	0.0000	0.6820	0.7291	0.0000	0.4393	0.5068	0.0000	2.0012	0.2022	8.5468	3.6169	0.0691	50.2636	1.8723	0.0000	1.5690	0.0000	152.6666	-0.1356	0.1471	4.0004	5.3495	4.9999	12.4099	0.5213	0.5213	0.0000	0.2586	0.2586	0.0000	0.2626	0.2626	0.0000	0.3119	0.0020	0.3099	0.1995	0.0020	0.1975	0.1124	0.0000	0.1124	0.9770	0.8729	0.1041	0.3792	0.3547	0.0245	0.5978	0.5182	0.0796	0.5396	0.3455	0.1941	0.2526	0.2156	0.0370	0.2870	0.1299	0.1571	0.9229	101.6225	0.0000	0.8633	77.4238	0.0000	1.1220	inf	0.0000	0.5781	0.0059	1.5963	0.7900	0.0094	5.3343	0.3916	0.0000	0.7153
113	129	0.1573	7	0	1	1	1	0	0	0	0	N	N	N	N	N	N	N	N	N	N	N	N	0.0000	0.0000	0.0000	0.0000	0.0000	0.0000	0.0000	0.0000	0.0000	0.0000	0.0000	0.0000	0.0000	0.0000	0.0000	0.0000	0.0000	0.0000	0.0000	0.0000	4.0004	0.0000	4.9999	0.0000	0.0000	0.0000	0.0000	0.0000	0.0000	0.0000	0.0000	0.0000	0.0000	0.0000	0.0000	0.0000	0.0000	0.0000	0.0000	0.0000	0.0000	0.0000	0.0000	0.0000	0.0000	0.0000	0.0000	0.0000	0.0000	0.0000	0.0000	0.0000	0.0000	0.0000	0.0000	0.0000	0.0000	0.0000	0.0000	0.0000	0.0000	0.0000	0.0000	0.0000	0.0000	0.0000	0.0000	0.0000	0.0000	0.0000	0.0000	0.0000	0.0000	0.0000	0.0000	0.0000	0.0000	0.0000											
113	130	0.1410	6	0	1	1	1	0	0	0	0	N	N	N	N	N	N	N	N	N	N	N	N	0.0000	0.0000	0.0000	0.0000	0.0000	0.0000	0.0000	0.0000	0.0000	0.0000	0.0000	0.0000	0.0000	0.0000	0.0000	0.0000	0.0000	0.0000	0.0000	0.0000	4.0004	0.0000	4.9999	3.0001	0.0000	0.0000	0.0000	0.0000	0.0000	0.0000	0.0000	0.0000	0.0000	0.0000	0.0000	0.0000	0.0000	0.0000	0.0000	0.0000	0.0000	0.0000	0.0000	0.0000	0.0000	0.0000	0.0000	0.0000	0.0000	0.0000	0.0000	0.0393	0.0154	0.0239	0.0009	0.0009	0.0000	0.0384	0.0145	0.0239	0.0000	0.0000	0.0000	0.0000	0.0000	0.0000	0.0000	0.0000	0.0000	0.0000	0.0000	0.0000	0.0000	0.0000	0.0000	0.0000	0.0000	0.0000											
113	131	0.1313	5	0	1	1	0	0	0	0	0	N	N	N	N	N	N	N	N	N	N	N	N	0.0000	0.0000	0.0000	0.0000	0.0000	0.0000	0.0000	0.0000	0.0000	0.0000	0.0000	0.0000	0.0000	0.0000	0.0000	0.0000	0.0000	0.0000	0.0000	0.0000	4.0004	0.0000	4.9999	0.0000	0.0000	0.0000	0.0000	0.0000	0.0000	0.0000	0.0000	0.0000	0.0000	0.0000	0.0000	0.0000	0.0000	0.0000	0.0000	0.0000	0.0000	0.0000	0.0000	0.0000	0.0000	0.0000	0.0000	0.0000	0.0000	0.0000	0.0000	0.0000	0.0000	0.0000	0.0000	0.0000	0.0000	0.0000	0.0000	0.0000	0.0000	0.0000	0.0000	0.0000	0.0000	0.0000	0.0000	0.0000	0.0000	0.0000	0.0000	0.0000	0.0000	0.0000	0.0000	0.0000	0.0000	0.0000											
113	132	0.1410	6	0	0	2	1	0	0	0	0	N	N	Y	N	N	N	N	N	N	N	N	N	0.0000	0.0000	0.0000	0.0000	0.0000	0.0000	0.0000	0.0000	0.0000	0.0000	0.0000	0.0000	0.0000	0.0000	0.0000	0.0000	0.0000	0.0000	0.0000	0.0000	4.0004	0.0000	4.9999	1.9999	0.0000	0.0000	0.0000	0.0000	0.0000	0.0000	0.0000	0.0000	0.0000	0.0000	0.0000	0.0000	0.0000	0.0000	0.0000	0.0000	0.0000	0.0000	0.0000	0.0000	0.0000	0.0000	0.0000	0.0000	0.0000	0.0000	0.0000	0.0265	0.0103	0.0161	0.0006	0.0006	0.0000	0.0259	0.0098	0.0161	0.0000	0.0000	0.0000	0.0000	0.0000	0.0000	0.0000	0.0000	0.0000	0.0000	0.0000	0.0000	0.0000	0.0000	0.0000	0.0000	0.0000	0.0000											
113	133	0.1520	7	0	0	2	1	0	0	0	0	N	N	Y	N	N	N	N	N	N	N	N	N	0.0000	0.0000	0.0000	0.0000	0.0000	0.0000	0.0000	0.0000	0.0000	0.0000	0.0000	0.0000	0.0000	0.0000	0.0000	0.0000	0.0000	0.0000	0.0000	0.0000	4.0004	1.0000	4.9999	0.0000	0.0000	0.0000	0.0000	0.0000	0.0000	0.0000	0.0000	0.0000	0.0000	0.0000	0.0000	0.0000	0.0000	0.0000	0.0000	0.0000	0.0000	0.0000	0.1280	0.1142	0.0138	0.0707	0.0650	0.0057	0.0573	0.0492	0.0081	0.0127	0.0049	0.0078	0.0003	0.0003	0.0000	0.0124	0.0046	0.0078	0.0000	0.0000	0.0000	0.0000	0.0000	0.0000	0.0000	0.0000	0.0000	0.0000	0.0000	0.0000	0.0000	0.0000	0.0000	0.0000	0.0000	0.0000											
113	134	0.1520	7	0	0	2	1	0	0	0	0	N	N	Y	N	N	N	N	N	N	N	N	N	0.0000	0.0000	0.0000	0.0000	0.0000	0.0000	0.0000	0.0000	0.0000	0.0000	0.0000	0.0000	0.0000	0.0000	0.0000	0.0000	0.0000	0.0000	0.0000	0.0000	4.0004	0.0000	4.9999	0.0000	0.0000	0.0000	0.0000	0.0000	0.0000	0.0000	0.0000	0.0000	0.0000	0.0000	0.0000	0.0000	0.0000	0.0000	0.0000	0.0000	0.0000	0.0000	0.0000	0.0000	0.0000	0.0000	0.0000	0.0000	0.0000	0.0000	0.0000	0.0000	0.0000	0.0000	0.0000	0.0000	0.0000	0.0000	0.0000	0.0000	0.0000	0.0000	0.0000	0.0000	0.0000	0.0000	0.0000	0.0000	0.0000	0.0000	0.0000	0.0000	0.0000	0.0000	0.0000	0.0000	0.0000	0.0000											
113	135	0.1410	6	0	0	2	1	0	0	0	0	N	N	Y	N	N	N	N	N	N	N	N	N	0.0000	0.0000	0.0000	0.0000	0.0000	0.0000	0.0000	0.0000	0.0000	0.0000	0.0000	0.0000	0.0000	0.0000	0.0000	0.0000	0.0000	0.0000	0.0000	0.0000	4.0004	2.0025	4.9999	0.9943	0.0000	0.0000	0.0000	0.0000	0.0000	0.0000	0.0000	0.0000	0.0000	0.0000	0.0000	0.0000	0.0000	0.0000	0.0000	0.0000	0.0000	0.0000	0.2527	0.2255	0.0272	0.1353	0.1245	0.0108	0.1174	0.1010	0.0164	0.0393	0.0154	0.0239	0.0009	0.0009	0.0000	0.0384	0.0145	0.0239	0.0000	0.0000	0.0000	0.0000	0.0000	0.0000	0.0000	0.0000	0.0000	0.0000	0.0000	0.0000	0.0000	0.0000	0.0000	0.0000	0.0000	0.0000											
113	136	0.1410	5	0	0	1	1	0	0	0	0	N	N	N	N	N	N	N	N	N	N	N	N	0.0000	0.0000	0.0000	0.0000	0.0000	0.0000	0.0000	0.0000	0.0000	0.0000	0.0000	0.0000	0.0000	0.0000	0.0000	0.0000	0.0000	0.0000	0.0000	0.0000	4.0004	0.0050	4.9999	0.0173	0.0000	0.0000	0.0000	0.0000	0.0000	0.0000	0.0000	0.0000	0.0000	0.0000	0.0000	0.0000	0.0000	0.0000	0.0000	0.0000	0.0000	0.0000	0.0014	0.0013	0.0001	0.0011	0.0010	0.0001	0.0003	0.0003	0.0000	0.0003	0.0001	0.0002	0.0000	0.0000	0.0000	0.0003	0.0001	0.0002	0.0000	0.0000	0.0000	0.0000	0.0000	0.0000	0.0000	0.0000	0.0000	0.0000	0.0000	0.0000	0.0000	0.0000	0.0000	0.0000	0.0000	0.0000											
113	137	0.1313	4	0	0	1	1	0	0	0	0	N	N	N	N	N	N	N	N	N	N	N	N	0.0000	0.0000	0.0000	0.0000	0.0000	0.0000	0.0000	0.0000	0.0000	0.0000	0.0000	0.0000	0.0000	0.0000	0.0000	0.0000	0.0000	0.0000	0.0000	0.0000	4.0004	1.9972	4.9999	1.0076	0.0000	0.0000	0.0000	0.0000	0.0000	0.0000	0.0000	0.0000	0.0000	0.0000	0.0000	0.0000	0.0000	0.0000	0.0000	0.0000	0.0000	0.0000	0.2360	0.2104	0.0256	0.1214	0.1119	0.0095	0.1145	0.0985	0.0160	0.0373	0.0144	0.0228	0.0009	0.0008	0.0000	0.0364	0.0136	0.0228	0.0000	0.0000	0.0000	0.0000	0.0000	0.0000	0.0000	0.0000	0.0000	0.0000	0.0000	0.0000	0.0000	0.0000	0.0000	0.0000	0.0000	0.0000											
113	138	0.1141	3	1	1	1	0	0	0	0	0	N	N	N	N	N	N	N	N	N	N	N	N	0.0000	0.0000	0.0000	0.0000	0.0000	0.0000	0.0000	0.0000	0.0000	0.0000	0.0000	0.0000	0.0000	0.0533	0.1897	0.0000	0.2923	0.2776	0.0000	0.0000	0.0000	0.0000	0.0000	0.0000	-0.0001	4.0004	0.0002	4.9999	2.3255	0.0000	0.0000	0.0000	0.0000	0.0000	0.0000	0.0000	0.0000	0.0000	0.0001	0.0001	0.0000	0.0001	0.0001	0.0000	0.0000	0.0000	0.0000	0.0001	0.0001	0.0000	0.0000	0.0000	0.0000	0.0000	0.0000	0.0000	0.0468	0.0246	0.0222	0.0077	0.0074	0.0003	0.0391	0.0172	0.0219	0.0000	0.0000	0.0000	0.0000	0.0000	0.0000	0.0000	0.0000	0.0000	0.0030	0.0057	0.0000	0.0182	0.0189	0.0000	0.0000	0.0000	0.0000						
113	139	0.0962	2	1	1	1	0	0	0	0	0	N	N	N	N	N	N	N	N	N	N	N	N	1.6392	1.7164	28.9366	inf	inf	inf	0.6894	0.0441	17.2574	0.0166	0.0157	0.0262	0.0375	0.0361	0.0651	0.0040	0.0026	0.0159	0.0101	0.0091	0.0009	0.0000	0.0000	0.0000	0.0058	0.0587	0.0009	0.1512	0.5556	-0.0007	-0.0000	4.0004	2.0138	4.9999	2.7349	0.0057	0.0050	0.0007	0.0049	0.0045	0.0004	0.0009	0.0005	0.0004	0.0001	0.0001	0.0000	0.0000	0.0000	0.0000	0.0001	0.0001	0.0000	0.3451	0.3164	0.0286	0.1294	0.1234	0.0060	0.2156	0.1930	0.0226	0.1133	0.0581	0.0552	0.0219	0.0209	0.0010	0.0914	0.0372	0.0542	13.3974	10.1227	28.9366	inf	inf	inf	2.6050	1.0708	17.2574	0.0012	0.0015	0.0009	0.0000	0.0000	0.0000	0.0015	0.0024	0.0009
113	140	0.1127	3	0	1	1	0	0	0	0	0	N	N	N	N	N	N	N	N	N	N	N	N	inf	inf	inf	inf	inf	inf	inf	inf	inf	1.1258	1.2277	0.0327	0.1984	0.2048	0.0773	1.9886	2.2537	0.0153	0.0000	0.0000	0.0000	0.0000	0.0000	0.0000	0.0000	0.0000	0.0000	0.0025	-0.0990	0.0000	4.0004	1.9232	4.9999	1.1116	0.3841	0.3831	0.0009	0.0326	0.0320	0.0006	0.3515	0.3511	0.0003	0.0000	0.0000	0.0000	0.0000	0.0000	0.0000	0.0000	0.0000	0.0000	0.3412	0.3121	0.0291	0.1644	0.1563	0.0082	0.1767	0.1558	0.0209	0.0469	0.0209	0.0261	0.0040	0.0038	0.0002	0.0429	0.0171	0.0259	inf	inf	inf	inf	inf	inf	inf	inf	inf	0.0000	0.0000	0.0000	0.0000	0.0000	0.0000	0.0000	0.0000	0.0000	
113	141	0.6212	5	0	1	1	0	0	0	0	0	N	N	N	N	N	N	N	N	N	N	N	N	inf	inf	inf	inf	3.4399	3.7904	0.0000	5.0107	5.3886	0.0000	0.0000	0.0000	0.0000	0.0000	0.0000	0.0000	0.0000	0.0000	0.0000	0.0000	0.0000	0.0000	0.0000	-0.5204	0.0000	4.0004	3.0000	4.9999	1.0000	1.9999	1.9999	0.0000	1.9999	1.9999	0.0000	0.0000	0.0000	0.0000	0.0000	0.0000	0.0000	0.0000	0.0000	0.0000	0.0000	0.0000	0.0000	0.5814	0.5276	0.0538	0.3991	0.3711	0.0280	0.1823	0.1565	0.0258	0.0581	0.0290	0.0292	0.0192	0.0163	0.0029	0.0389	0.0127	0.0263	inf	inf	0.0000	inf	inf	0.0000	0.0000	0.0000	0.0000	0.0000	0.0000	0.0000	0.0000	0.0000	0.0000	0.0000	0.0000	0.0000						
113	142	0.6020	4	0	0	1	0	0	0	0	0	N	N	N	N	N	N	N	N	N	N	N	N	inf	inf	inf	inf	5.8166	6.4496	0.0000	9.3113	10.0218	0.0000	0.0000	0.0000	0.0000	0.0000	0.0000	0.0000	0.0000	0.0000	0.0000	0.0000	0.0000	0.0000	0.0000	-0.2602	0.0000	4.0004	1.0000	4.9999	1.0000	1.0000	1.0000	0.0000	1.0000	1.0000	0.0000	0.0000	0.0000	0.0000	0.0000	0.0000	0.0000	0.0000	0.0000	0.0000	0.0000	0.0000	0.0000	0.1719	0.1550	0.0169	0.1074	0.0998	0.0076	0.0645	0.0553	0.0093	0.0304	0.0150	0.0153	0.0099	0.0084	0.0015	0.0205	0.0067	0.0138	inf	inf	0.0000	inf	inf	0.0000	0.0000	0.0000	0.0000	0.0000	0.0000	0.0000	0.0000	0.0000	0.0000	0.0000	0.0000	0.0000						
113	143	0.3516	3	0	0	1	0	0	0	0	0	N	N	N	N	N	N	N	N	N	N	N	N	1933.4979	inf	0.0000	1286.0872	inf	0.0000	10641.1686	inf	0.0000	1.6553	1.8540	0.0000	1.6651	1.7812	0.0000	1.6498	1.8978	0.0000	0.0009	0.0000	0.0009	0.0013	0.0000	0.0052	0.0002	0.0000	0.0002	0.0000	inf	-0.4851	0.0001	4.0004	7.1211	4.9999	10.9474	1.8646	1.8646	0.0000	0.6733	0.6733	0.0000	1.1913	1.1913	0.0000	0.0002	0.0000	0.0002	0.0001	0.0000	0.0001	0.0000	0.0000	0.0000	1.1264	1.0057	0.1207	0.4044	0.3780	0.0264	0.7221	0.6277	0.0944	0.5417	0.3464	0.1953	0.2529	0.2158	0.0371	0.2888	0.1306	0.1582	5275.0588	inf	0.0000	3008.2200	inf	0.0000	15883.4394	inf	0.0000	0.0003	0.0000	0.0009	0.0006	0.0000	0.0038	0.0001	0.0000	0.0002
113	144	0.1568	2	0	0	1	0	0	0	0	0	N	N	N	N	N	N	N	N	N	N	N	N	0.2879	0.3285	0.0019	0.0048	0.0055	0.0001	0.2777	0.2262	0.0022	0.7195	0.8107	0.0202	0.0040	0.0041	0.0000	0.8093	0.9209	0.0211	2.4995	2.4681	10.7606	0.8285	0.7535	0.0540	2.9143	4.0716	9.7050	0.0032	3.4942	-0.2081	0.2289	4.0004	8.5175	4.9999	23.1696	0.8100	0.8074	0.0026	0.0005	0.0005	0.0000	0.8095	0.8069	0.0026	0.8956	0.1993	0.6963	0.0048	0.0046	0.0002	0.8909	0.1947	0.6961	1.1258	0.9959	0.1300	0.1255	0.1197	0.0058	1.0003	0.8762	0.1241	0.5985	0.3247	0.2738	0.0946	0.0854	0.0092	0.5039	0.2393	0.2646	0.4808	1.3210	0.0079	0.0785	0.0775	0.0002	0.4577	1.1320	0.0080	1.4964	0.6137	2.5435	0.0504	0.0535	0.0216	1.7679	0.8136	2.6313
113	145	0.1313	5	1	1	1	0	0	0	0	0	N	N	N	N	N	N	N	N	N	N	N	N	0.0000	0.0000	0.0000	0.0000	0.0000	0.0000	0.0000	0.0000	0.0000	0.0000	0.0000	0.0000	0.0000	0.0000	0.0000	0.0000	0.0000	0.0000	0.0000	0.0000	4.0004	1.0000	4.9999	1.0000	0.0000	0.0000	0.0000	0.0000	0.0000	0.0000	0.0000	0.0000	0.0000	0.0000	0.0000	0.0000	0.0000	0.0000	0.0000	0.0000	0.0000	0.0000	0.1211	0.1079	0.0131	0.0629	0.0579	0.0050	0.0582	0.0500	0.0082	0.0251	0.0097	0.0154	0.0006	0.0006	0.0000	0.0245	0.0091	0.0154	0.0000	0.0000	0.0000	0.0000	0.0000	0.0000	0.0000	0.0000	0.0000	0.0000	0.0000	0.0000	0.0000	0.0000	0.0000	0.0000	0.0000	0.0000											
113	146	0.1313	4	0	1	1	0	0	0	0	0	N	N	N	N	N	N	N	N	N	N	N	N	0.0000	0.0000	0.0000	0.0000	0.0000	0.0000	0.0000	0.0000	0.0000	0.0000	0.0000	0.0000	0.0000	0.0000	0.0000	0.0000	0.0000	0.0000	0.0000	0.0000	4.0004	0.0003	4.9999	0.0000	0.0000	0.0000	0.0000	0.0000	0.0000	0.0000	0.0000	0.0000	0.0000	0.0000	0.0000	0.0000	0.0000	0.0000	0.0000	0.0000	0.0000	0.0000	0.0001	0.0001	0.0000	0.0001	0.0001	0.0000	0.0000	0.0000	0.0000	0.0000	0.0000	0.0000	0.0000	0.0000	0.0000	0.0000	0.0000	0.0000	0.0000	0.0000	0.0000	0.0000	0.0000	0.0000	0.0000	0.0000	0.0000	0.0000	0.0000	0.0000	0.0000	0.0000	0.0000	0.0000	0.0000	0.0000											
113	147	0.1127	3	0	0	1	0	0	0	0	0	N	N	N	N	N	N	N	N	N	N	N	N	inf	inf	inf	inf	inf	inf	inf	inf	inf	4.7771	3.5217	16.0759	9.4563	6.2467	56.6143	1.0190	1.1687	0.0092	0.0000	0.0000	0.0000	0.0000	0.0000	0.0000	0.0000	0.0000	0.0000	0.5072	0.2268	0.0000	4.0004	4.9449	4.9999	1.0063	2.9710	1.9713	0.9998	2.6196	1.6202	0.9994	0.3515	0.3510	0.0004	0.0000	0.0000	0.0000	0.0000	0.0000	0.0000	0.0000	0.0000	0.0000	0.6219	0.5597	0.0622	0.2770	0.2594	0.0177	0.3449	0.3004	0.0445	0.0841	0.0360	0.0481	0.0048	0.0045	0.0003	0.0793	0.0315	0.0478	inf	inf	inf	inf	inf	inf	inf	inf	inf	0.0000	0.0000	0.0000	0.0000	0.0000	0.0000	0.0000	0.0000	0.0000	
113	148	0.0962	2	0	0	1	0	0	0	0	0	N	N	N	N	N	N	N	N	N	N	N	N	inf	inf	inf	inf	inf	inf	inf	inf	inf	1.8167	1.4848	4.9648	0.1110	0.0191	1.6251	2.7063	2.2994	5.8286	0.0000	0.0000	0.0000	0.0000	0.0000	0.0000	0.0000	0.0000	0.0000	0.3525	0.0004	0.0000	4.0004	3.4778	4.9999	1.2917	0.8768	0.6482	0.2285	0.0184	0.0030	0.0154	0.8584	0.6452	0.2132	0.0000	0.0000	0.0000	0.0000	0.0000	0.0000	0.0000	0.0000	0.0000	0.4826	0.4366	0.0460	0.1654	0.1560	0.0095	0.3172	0.2806	0.0366	0.1136	0.0582	0.0554	0.0219	0.0209	0.0010	0.0917	0.0373	0.0544	inf	inf	inf	inf	inf	inf	inf	inf	inf	0.0000	0.0000	0.0000	0.0000	0.0000	0.0000	0.0000	0.0000	0.0000	
113	150	0.1732	3	0	0	1	0	0	0	0	0	N	N	N	N	N	N	N	N	N	N	N	N	0.0058	0.0798	0.0000	0.0205	0.1551	0.0000	0.0000	0.0000	0.0000	0.0001	0.0000	0.0003	0.0003	0.0000	0.0000	0.0000	0.0000	0.0080	0.0007	0.0022	0.0139	0.0019	0.0900	0.0007	0.0000	0.0011	0.0000	5.7143	-0.0000	0.0002	4.0004	3.7255	4.9999	14.1767	0.0000	0.0000	0.0000	0.0000	0.0000	0.0000	0.0000	0.0000	0.0000	0.0005	0.0001	0.0004	0.0003	0.0001	0.0002	0.0002	0.0000	0.0002	0.6405	0.5662	0.0743	0.1055	0.1020	0.0035	0.5349	0.4642	0.0707	0.4296	0.2497	0.1798	0.0744	0.0686	0.0058	0.3552	0.1811	0.1741	0.0428	0.1890	0.0000	0.0783	0.2884	0.0000	0.0000	0.0000	0.0000	0.0011	0.0003	0.0022	0.0036	0.0010	0.0347	0.0006	0.0000	0.0011	
113	151	0.1568	2	0	0	1	0	0	0	0	0	N	N	N	N	N	N	N	N	N	N	N	N	0.0008	0.0044	0.0243	0.0050	0.0144	0.0000	0.0039	0.0056	0.0747	0.0002	0.0001	0.0005	0.0004	0.0004	0.0000	0.0001	0.0000	0.0005	0.2191	0.0321	0.0218	0.0863	0.0305	0.2154	0.0300	0.0083	0.0073	0.5000	2.0000	0.0000	0.0002	4.0004	1.4205	4.9999	4.0377	0.0001	0.0000	0.0000	0.0000	0.0000	0.0000	0.0000	0.0000	0.0000	0.0014	0.0005	0.0009	0.0006	0.0004	0.0002	0.0008	0.0000	0.0007	0.3231	0.2854	0.0377	0.0695	0.0683	0.0012	0.2536	0.2171	0.0366	0.2541	0.1530	0.1011	0.0691	0.0664	0.0027	0.1849	0.0866	0.0984	0.0342	0.0466	0.0582	0.0482	0.0695	0.0000	0.0288	0.0994	0.0747	0.0054	0.0030	0.0091	0.0090	0.0063	0.0738	0.0041	0.0005	0.0073
114	116	0.6493	5	0	2	0	1	0	0	0	0	N	Y	N	N	N	N	N	N	N	N	N	N	0.0921	inf	0.0000	inf	inf	0.0000	0.0000	0.0000	0.0000	0.0000	0.0000	0.0001	0.0000	0.0000	0.0000	0.0000	0.0003	0.0000	0.0003	0.0000	0.0000	0.0000	0.0003	0.0000	0.0004	0.0000	inf	-0.0000	0.0000	4.3361	5.0006	4.6323	2.0000	0.0000	0.0000	0.0000	0.0000	0.0000	0.0000	0.0000	0.0000	0.0000	0.0000	0.0000	0.0000	0.0000	0.0000	0.0000	0.0000	0.0000	0.0000	0.7124	0.6436	0.0688	0.4138	0.3889	0.0249	0.2986	0.2547	0.0439	0.0812	0.0496	0.0316	0.0418	0.0362	0.0056	0.0394	0.0134	0.0260	0.2278	inf	0.0000	inf	inf	0.0000	0.0000	0.0000	0.0000	0.0001	0.0000	0.0003	0.0000	0.0000	0.0000	0.0003	0.0000	0.0004		
114	117	0.0932	2	0	2	0	1	0	0	0	0	N	Y	N	N	N	N	N	N	N	N	N	N	0.0000	0.0000	0.0000	0.0000	0.0000	0.0000	0.0000	0.0000	0.0000	0.0000	0.0000	0.0000	0.0000	0.0000	0.0000	0.0000	0.0000	0.0000	0.0000	0.0000	4.3361	0.0000	4.6323	1.0000	0.0000	0.0000	0.0000	0.0000	0.0000	0.0000	0.0000	0.0000	0.0000	0.0000	0.0000	0.0000	0.0000	0.0000	0.0000	0.0000	0.0000	0.0000	0.0000	0.0000	0.0000	0.0000	0.0000	0.0000	0.0000	0.0000	0.0000	0.0366	0.0201	0.0164	0.0062	0.0057	0.0005	0.0304	0.0144	0.0160	0.0000	0.0000	0.0000	0.0000	0.0000	0.0000	0.0000	0.0000	0.0000	0.0000	0.0000	0.0000	0.0000	0.0000	0.0000	0.0000	0.0000	0.0000											
114	118	0.6493	5	0	2	0	0	0	0	0	0	N	Y	N	N	N	N	N	N	N	N	N	N	0.2381	0.1606	inf	0.2265	0.2074	inf	inf	inf	inf	1.0214	1.1262	0.0445	1.8632	1.9779	0.0002	0.0312	0.0254	0.0657	4.2907	7.0121	0.0000	8.2268	9.5352	0.0000	0.0000	0.0000	0.0000	0.0042	0.0000	-0.4899	-0.5215	4.3361	16.9994	4.6323	6.0000	1.9139	1.9058	0.0081	1.8871	1.8870	0.0000	0.0268	0.0188	0.0081	0.9992	0.9992	0.0000	0.9992	0.9992	0.0000	0.0000	0.0000	0.0000	1.8737	1.6922	0.1815	1.0128	0.9541	0.0588	0.8609	0.7382	0.1227	0.2329	0.1425	0.0904	0.1215	0.1048	0.0167	0.1114	0.0377	0.0737	0.2381	0.1606	inf	0.2265	0.2074	inf	inf	inf	inf	4.2907	7.0121	0.0000	8.2268	9.5352	0.0000	0.0000	0.0000	0.0000
114	119	0.0932	2	0	2	0	0	0	0	0	0	N	Y	N	N	N	N	N	N	N	N	N	N	112.2440	0.0000	inf	145.8671	0.0000	inf	inf	inf	1.6549	0.0000	15.4311	15.6233	0.0000	284.2134	0.0381	0.0000	0.3364	0.0147	0.0304	0.0000	0.1071	0.0930	0.0000	0.0000	0.0000	0.0000	inf	0.0000	0.6724	-0.0002	4.3361	5.0000	4.6323	6.0000	0.9088	0.0000	0.9088	0.8901	0.0000	0.8901	0.0188	0.0000	0.0188	0.0004	0.0004	0.0000	0.0004	0.0004	0.0000	0.0000	0.0000	0.0000	0.5492	0.4903	0.0589	0.0570	0.0538	0.0031	0.4922	0.4364	0.0558	0.2279	0.1225	0.1054	0.0352	0.0327	0.0025	0.1927	0.0897	0.1029	1077.5471	0.0000	inf	1573.2753	0.0000	inf	inf	0.0000	inf	0.0015	0.0029	0.0000	0.0099	0.0107	0.0000	0.0000	0.0000	0.0000	
114	120	0.1213	3	0	2	0	0	0	0	0	0	N	Y	N	N	N	N	N	N	N	N	N	N	54.6035	18.0163	0.0000	38.8457	41.1714	48511.0643	2151.9255	0.0000	7.6714	8.3980	0.0000	14.8246	15.5660	0.0000	0.3210	0.3675	0.0000	0.1405	0.4661	0.0000	0.3816	0.3781	0.0000	0.0000	0.0002	0.0000	0.0000	0.0013	-0.2333	-0.0001	4.3361	0.9998	4.6323	0.9486	0.8967	0.8967	0.0000	0.8782	0.8782	0.0000	0.0185	0.0185	0.0000	0.0002	0.0002	0.0000	0.0002	0.0002	0.0000	0.0000	0.0000	0.0000	0.1169	0.1068	0.0101	0.0592	0.0564	0.0028	0.0577	0.0504	0.0073	0.0382	0.0158	0.0224	0.0067	0.0066	0.0002	0.0315	0.0092	0.0222	1848.3678	839.1768	0.0000	631.6092	647.6589	0.0000	48511.0643	1131494.5742	0.0000	0.0042	0.0100	0.0000	0.0235	0.0240	0.0000	0.0000	0.0000	0.0000	
114	121	0.0932	2	0	2	0	0	0	0	0	0	N	Y	N	N	N	N	N	N	N	N	N	N	7.9554	8.9126	0.4078	25.7215	31.8481	inf	2.0661	inf	0.4199	0.0205	0.0230	0.0002	0.1929	0.2042	0.0000	0.0005	0.0006	0.0002	0.0026	0.0026	0.0004	0.0075	0.0064	0.0000	0.0002	0.0000	0.0004	0.0008	0.4578	-0.0032	-0.0000	4.3361	3.0005	4.6323	1.1085	0.0123	0.0122	0.0000	0.0120	0.0120	0.0000	0.0003	0.0003	0.0000	0.0001	0.0001	0.0000	0.0001	0.0001	0.0000	0.0000	0.0000	0.0000	0.5965	0.5327	0.0638	0.0621	0.0587	0.0034	0.5344	0.4741	0.0604	0.1703	0.0923	0.0780	0.0272	0.0252	0.0020	0.1431	0.0671	0.0760	36.7683	32.5179	0.4078	80.3805	78.9228	inf	2.4400	inf	0.4199	0.0006	0.0007	0.0004	0.0024	0.0026	0.0000	0.0002	0.0000	0.0004
114	122	0.6906	6	0	2	0	0	0	0	0	0	N	Y	N	N	N	N	N	N	N	N	N	N	inf	inf	inf	inf	inf	inf	0.0000	0.0000	0.0000	0.0001	0.0001	0.0000	0.0000	0.0000	0.0000	0.0000	0.0000	0.0000	0.0000	0.0000	0.0000	0.0000	0.0000	0.0000	0.0000	-0.0000	0.0000	4.3361	2.0001	4.6323	3.0000	0.0000	0.0000	0.0000	0.0000	0.0000	0.0000	0.0000	0.0000	0.0000	0.0000	0.0000	0.0000	0.0000	0.0000	0.0000	0.0000	0.0000	0.0000	0.2992	0.2723	0.0269	0.1789	0.1692	0.0097	0.1203	0.1031	0.0172	0.0548	0.0358	0.0190	0.0334	0.0293	0.0041	0.0215	0.0066	0.0149	inf	inf	0.0000	inf	inf	0.0000	inf	inf	0.0000	0.0000	0.0000	0.0000	0.0000	0.0000	0.0000	0.0000	0.0000	0.0000				
114	123	0.6493	5	0	1	0	0	0	0	0	0	N	N	N	N	N	N	N	N	N	N	N	N	553767.6734	41997.0400	inf	68660.8733	71611.5216	inf	inf	inf	inf	2.0038	2.2182	0.0001	3.4622	3.6822	0.0003	0.0463	0.0542	0.0000	0.0000	0.0001	0.0000	0.0001	0.0001	0.0000	0.0000	0.0000	0.0000	0.0000	0.0000	-0.4955	-0.0000	4.3361	6.9986	4.6323	2.0000	1.9046	1.9046	0.0000	1.8858	1.8858	0.0000	0.0188	0.0188	0.0000	0.0000	0.0000	0.0000	0.0000	0.0000	0.0000	0.0000	0.0000	0.0000	0.9505	0.8586	0.0919	0.5447	0.5121	0.0325	0.4058	0.3465	0.0594	0.1025	0.0626	0.0399	0.0529	0.0458	0.0071	0.0496	0.0169	0.0328	48911996.7041	33081897.4079	inf	43585902.8416	40136876.5925	inf	inf	inf	inf	0.0000	0.0000	0.0000	0.0000	0.0000	0.0000	0.0000	0.0000	0.0000
114	124	0.1267	3	0	2	0	0	0	0	0	0	N	Y	N	N	N	N	N	N	N	N	N	N	0.4320	0.4081	0.0000	0.0329	0.0646	0.0000	143.9095	55.9713	0.0000	0.0054	0.0059	0.0000	0.0019	0.0020	0.0000	0.0064	0.0072	0.0000	0.0124	0.0145	0.0008	0.0569	0.0304	0.0566	0.0000	0.0001	0.0000	0.0000	0.3418	-0.0011	-0.0001	4.3361	3.9006	4.6323	3.1543	0.0044	0.0044	0.0000	0.0003	0.0003	0.0000	0.0040	0.0040	0.0000	0.0003	0.0002	0.0001	0.0003	0.0002	0.0001	0.0000	0.0000	0.0000	0.8175	0.7394	0.0781	0.1853	0.1766	0.0088	0.6322	0.5629	0.0693	0.2373	0.1266	0.1107	0.0428	0.0395	0.0033	0.1945	0.0871	0.1074	3.8068	3.0135	0.0000	0.2422	0.3109	0.0000	297.4133	446570.9899	0.0000	0.0014	0.0020	0.0008	0.0077	0.0063	0.0246	0.0000	0.0000	0.0000
114	125	0.0932	2	0	2	0	0	0	0	0	0	N	Y	N	N	N	N	N	N	N	N	N	N	89.8080	355.2222	0.5347	0.0406	0.0460	3.6705	339.5973	606.5352	0.5492	2.7137	3.0432	0.0018	0.0007	0.0008	0.0000	3.0227	3.4133	0.0019	0.0302	0.0086	0.0033	0.0176	0.0164	0.0000	0.0089	0.0056	0.0034	0.0001	1.8253	-0.2590	0.0000	4.3361	1.6924	4.6323	1.9110	0.9958	0.9958	0.0001	0.0000	0.0000	0.0000	0.9958	0.9957	0.0001	0.0004	0.0001	0.0002	0.0001	0.0001	0.0000	0.0002	0.0000	0.0002	0.3670	0.3272	0.0398	0.0375	0.0355	0.0020	0.3294	0.2917	0.0377	0.1527	0.0830	0.0697	0.0246	0.0228	0.0018	0.1282	0.0602	0.0679	1169.0675	2013.2341	0.5347	0.1668	0.1636	3.6705	1555.6380	10300.3968	0.5492	0.0023	0.0015	0.0033	0.0043	0.0046	0.0000	0.0019	0.0003	0.0034
114	126	0.6493	5	0	2	0	0	0	0	0	0	N	Y	N	N	N	N	N	N	N	N	N	N	0.0000	0.0000	0.0000	0.0000	0.0000	0.0000	0.0000	0.0000	0.0000	0.0000	0.0000	0.0000	0.0000	0.0000	0.0000	0.0000	0.0000	0.0007	0.0001	0.0008	0.0007	0.0001	0.0017	0.0005	0.0000	0.0006	1020.4082	0.0000	0.0000	4.3361	0.9996	4.6323	8.0005	0.0000	0.0000	0.0000	0.0000	0.0000	0.0000	0.0000	0.0000	0.0000	0.0000	0.0000	0.0000	0.0000	0.0000	0.0000	0.0000	0.0000	0.0000	0.1580	0.1428	0.0152	0.0945	0.0887	0.0058	0.0635	0.0541	0.0094	0.1025	0.0626	0.0399	0.0529	0.0458	0.0071	0.0497	0.0169	0.0328	0.0000	0.0000	0.0000	0.0000	0.0000	0.0000	0.0000	0.0000	0.0000	0.0003	0.0000	0.0008	0.0002	0.0000	0.0014	0.0004	0.0000	0.0006		
114	127	0.5547	5	0	1	0	0	0	0	0	0	N	N	N	N	N	N	N	N	N	N	N	N	0.7844	85.2509	0.0000	0.0643	0.0750	0.0000	1.9356	40473.5527	0.0000	1.5452	1.7776	0.0000	0.0008	0.0009	0.0000	4.5840	5.2349	0.0000	1.9700	0.0209	7.3389	0.0118	0.0117	0.0000	2.3682	0.0001	3.5340	0.0000	378.2020	-0.3110	0.0562	4.3361	3.6536	4.6323	12.3970	1.1954	1.1954	0.0000	0.0004	0.0004	0.0000	1.1951	1.1951	0.0000	0.1182	0.0003	0.1179	0.0003	0.0003	0.0000	0.1179	0.0000	0.1179	0.7736	0.6725	0.1011	0.5129	0.4442	0.0687	0.2607	0.2283	0.0324	0.2278	0.1310	0.0968	0.0971	0.0864	0.0107	0.1307	0.0446	0.0861	2.9780	746.9591	0.0000	0.2362	0.2428	0.0000	5.0804	93290064.4214	0.0000	0.5189	0.0024	1.2177	0.0032	0.0036	0.0000	0.9023	0.0000	1.3691
114	128	0.3436	3	0	1	0	0	0	0	0	0	N	N	N	N	N	N	N	N	N	N	N	N	0.3006	0.2427	0.1883	0.2609	0.2354	6329.1620	0.2670	801.4670	0.2767	0.6530	0.4741	1.6674	0.6369	0.6111	0.9634	0.6716	0.2812	1.9163	2.1726	1.9535	8.8526	2.4407	2.5962	0.0002	2.5153	0.0004	6.9263	0.6203	5.2151	0.0899	0.1178	4.3361	5.3495	4.6323	12.4099	0.7328	0.4523	0.2805	0.3832	0.3408	0.0423	0.3496	0.1114	0.2382	0.3713	0.0597	0.3116	0.0597	0.0597	0.0000	0.3116	0.0000	0.3116	1.1222	0.9539	0.1682	0.6016	0.5577	0.0439	0.5206	0.3963	0.1243	0.4477	0.2562	0.1916	0.1863	0.1638	0.0225	0.2614	0.0924	0.1690	0.7874	2.0328	1.0252	1.9859	1.6754	6329.1620	0.5636	176847.3215	1.0397	0.8293	0.2332	1.6264	0.3207	0.3648	0.0002	1.1918	0.0000	1.8431
114	129	0.7608	11	0	2	0	1	0	0	0	0	N	Y	N	N	N	N	N	N	N	N	N	N	0.0000	0.0000	0.0000	0.0000	0.0000	0.0000	0.0000	0.0000	0.0000	0.0000	0.0000	0.0000	0.0000	0.0000	0.0000	0.0000	0.0000	0.0000	0.0000	0.0000	4.3361	0.0000	4.6323	0.0000	0.0000	0.0000	0.0000	0.0000	0.0000	0.0000	0.0000	0.0000	0.0000	0.0000	0.0000	0.0000	0.0000	0.0000	0.0000	0.0000	0.0000	0.0000	0.0000	0.0000	0.0000	0.0000	0.0000	0.0000	0.0000	0.0000	0.0000	0.0000	0.0000	0.0000	0.0000	0.0000	0.0000	0.0000	0.0000	0.0000	0.0000	0.0000	0.0000	0.0000	0.0000	0.0000	0.0000	0.0000	0.0000	0.0000	0.0000	0.0000	0.0000	0.0000	0.0000	0.0000	0.0000	0.0000											
114	130	0.7445	10	0	2	0	1	0	0	0	0	N	Y	N	N	N	N	N	N	N	N	N	N	0.0000	0.0000	0.0000	0.0000	0.0000	0.0000	0.0000	0.0000	0.0000	0.0000	0.0000	0.0000	0.0000	0.0000	0.0000	0.0000	32.7020	49.0468	0.0020	52.4413	60.2363	0.0000	0.0072	0.0000	0.0026	0.0000	0.0000	-0.5193	4.3361	0.0000	4.6323	3.0001	0.0000	0.0000	0.0000	0.0000	0.0000	0.0000	0.0000	0.0000	0.0000	0.9950	0.9950	0.0000	0.9950	0.9950	0.0000	0.0000	0.0000	0.0000	0.0000	0.0000	0.0000	0.0000	0.0000	0.0000	0.0000	0.0000	0.0000	0.0304	0.0203	0.0101	0.0190	0.0165	0.0025	0.0115	0.0038	0.0077	0.0000	0.0000	0.0000	0.0000	0.0000	0.0000	0.0000	0.0000	0.0000	32.7020	49.0468	0.0020	52.4413	60.2363	0.0000	0.0017	0.0000	0.0026			
114	131	0.7348	9	0	2	0	0	0	0	0	0	N	Y	N	N	N	N	N	N	N	N	N	N	0.0000	0.0000	0.0000	0.0000	0.0000	0.0000	0.0000	0.0000	0.0000	0.0000	0.0000	0.0000	0.0000	0.0000	0.0000	0.0000	0.0000	0.0000	0.0000	0.0000	4.3361	0.0000	4.6323	0.0000	0.0000	0.0000	0.0000	0.0000	0.0000	0.0000	0.0000	0.0000	0.0000	0.0000	0.0000	0.0000	0.0000	0.0000	0.0000	0.0000	0.0000	0.0000	0.0000	0.0000	0.0000	0.0000	0.0000	0.0000	0.0000	0.0000	0.0000	0.0000	0.0000	0.0000	0.0000	0.0000	0.0000	0.0000	0.0000	0.0000	0.0000	0.0000	0.0000	0.0000	0.0000	0.0000	0.0000	0.0000	0.0000	0.0000	0.0000	0.0000	0.0000	0.0000	0.0000	0.0000	0.0000	0.0000											
114	132	0.7445	10	0	1	1	1	0	0	0	0	N	N	N	N	N	N	N	N	N	N	N	N	0.0000	0.0000	0.0000	0.0000	0.0000	0.0000	0.0000	0.0000	0.0000	0.0000	0.0000	0.0000	0.0000	0.0000	0.0000	0.0000	0.0000	0.0000	0.0000	0.0000	4.3361	0.0000	4.6323	1.9999	0.0000	0.0000	0.0000	0.0000	0.0000	0.0000	0.0000	0.0000	0.0000	0.0000	0.0000	0.0000	0.0000	0.0000	0.0000	0.0000	0.0000	0.0000	0.0000	0.0000	0.0000	0.0000	0.0000	0.0000	0.0000	0.0000	0.0000	0.0204	0.0136	0.0068	0.0127	0.0111	0.0016	0.0077	0.0025	0.0052	0.0000	0.0000	0.0000	0.0000	0.0000	0.0000	0.0000	0.0000	0.0000	0.0000	0.0000	0.0000	0.0000	0.0000	0.0000	0.0000	0.0000	0.0000											
114	133	0.7555	11	0	1	1	1	0	0	0	0	N	N	N	N	N	N	N	N	N	N	N	N	0.0000	0.0000	0.0000	0.0000	0.0000	0.0000	0.0000	0.0000	0.0000	0.0000	0.0000	0.0000	0.0000	0.0000	0.0000	0.0000	0.0000	0.0000	0.0000	0.0000	4.3361	1.0000	4.6323	0.0000	0.0000	0.0000	0.0000	0.0000	0.0000	0.0000	0.0000	0.0000	0.0000	0.0000	0.0000	0.0000	0.0000	0.0000	0.0000	0.0000	0.0000	0.0000	0.1595	0.1455	0.0140	0.1039	0.0979	0.0060	0.0556	0.0476	0.0080	0.0097	0.0064	0.0033	0.0059	0.0052	0.0007	0.0039	0.0013	0.0026	0.0000	0.0000	0.0000	0.0000	0.0000	0.0000	0.0000	0.0000	0.0000	0.0000	0.0000	0.0000	0.0000	0.0000	0.0000	0.0000	0.0000	0.0000											
114	134	0.7555	11	0	1	1	1	0	0	0	0	N	N	N	N	N	N	N	N	N	N	N	N	0.0000	0.0000	0.0000	0.0000	0.0000	0.0000	0.0000	0.0000	0.0000	0.0000	0.0000	0.0000	0.0000	0.0000	0.0000	0.0000	0.0000	0.0000	0.0000	0.0000	4.3361	0.0000	4.6323	0.0000	0.0000	0.0000	0.0000	0.0000	0.0000	0.0000	0.0000	0.0000	0.0000	0.0000	0.0000	0.0000	0.0000	0.0000	0.0000	0.0000	0.0000	0.0000	0.0000	0.0000	0.0000	0.0000	0.0000	0.0000	0.0000	0.0000	0.0000	0.0000	0.0000	0.0000	0.0000	0.0000	0.0000	0.0000	0.0000	0.0000	0.0000	0.0000	0.0000	0.0000	0.0000	0.0000	0.0000	0.0000	0.0000	0.0000	0.0000	0.0000	0.0000	0.0000	0.0000	0.0000	0.0000	0.0000											
114	135	0.7445	10	0	1	1	1	0	0	0	0	N	N	N	N	N	N	N	N	N	N	N	N	0.0095	inf	0.0000	inf	inf	0.0000	0.0000	0.0000	0.0000	0.0000	0.0000	0.0000	0.0000	0.0000	0.0000	0.0000	0.0000	0.0000	0.0000	0.0000	0.0000	0.0000	0.0000	0.0000	0.0000	0.0000	inf	-0.0000	0.0000	4.3361	2.0025	4.6323	0.9943	0.0000	0.0000	0.0000	0.0000	0.0000	0.0000	0.0000	0.0000	0.0000	0.0000	0.0000	0.0000	0.0000	0.0000	0.0000	0.0000	0.0000	0.0000	0.3144	0.2865	0.0279	0.2020	0.1902	0.0118	0.1124	0.0963	0.0161	0.0304	0.0203	0.0101	0.0190	0.0165	0.0025	0.0114	0.0038	0.0077	0.8735	inf	0.0000	inf	inf	0.0000	0.0000	0.0000	0.0000	0.0000	0.0000	0.0000	0.0000	0.0000	0.0000	0.0000	0.0000	0.0000		
114	136	0.7445	9	0	1	0	1	0	0	0	0	N	N	N	N	N	N	N	N	N	N	N	N	0.1230	0.0905	0.0000	0.0325	0.0412	1.4664	inf	0.0000	0.0000	0.0000	0.0000	0.0000	0.0000	0.0000	0.0001	0.0001	0.0000	0.0001	0.0002	0.0000	0.0003	0.0003	0.0000	0.0001	0.0000	0.0000	0.0040	1.0000	-0.0000	-0.0000	4.3361	0.0050	4.6323	0.0173	0.0000	0.0000	0.0000	0.0000	0.0000	0.0000	0.0000	0.0000	0.0000	0.0000	0.0000	0.0000	0.0000	0.0000	0.0000	0.0000	0.0000	0.0000	0.0029	0.0026	0.0003	0.0026	0.0024	0.0003	0.0003	0.0003	0.0000	0.0002	0.0002	0.0001	0.0001	0.0001	0.0000	0.0001	0.0000	0.0001	0.7255	1.0676	0.0000	0.4366	0.4851	0.0000	3.1455	inf	0.0000	0.0000	0.0000	0.0000	0.0000	0.0000	0.0000	0.0000	0.0000	0.0000	
114	137	0.7348	8	0	1	0	1	0	0	0	0	N	N	N	N	N	N	N	N	N	N	N	N	4.1820	0.7223	1.1139	1.2476	0.0000	0.0000	0.0000	0.0001	0.0001	0.0000	0.0000	0.0000	0.0000	0.0000	0.0001	0.0000	0.0001	0.0001	0.0000	0.0000	0.0000	0.0000	0.0000	0.0000	-0.0000	-0.0000	4.3361	1.9972	4.6323	1.0076	0.0000	0.0000	0.0000	0.0000	0.0000	0.0000	0.0000	0.0000	0.0000	0.0000	0.0000	0.0000	0.0000	0.0000	0.0000	0.0000	0.0000	0.0000	0.2661	0.2407	0.0254	0.1567	0.1470	0.0097	0.1094	0.0936	0.0157	0.0284	0.0194	0.0090	0.0190	0.0166	0.0025	0.0094	0.0028	0.0065	380.0920	287.2471	0.0000	432.6882	401.6192	0.0000	0.0000	0.0000	0.0000	0.0000	0.0000	0.0000	0.0000	0.0000	0.0000	0.0000	0.0000	0.0000					
114	138	0.7176	7	1	2	0	0	0	0	0	0	N	Y	N	N	N	N	N	N	N	N	N	N	8.9699	236.0002	0.0000	273.1613	375.8759	0.0000	0.0000	0.0000	0.2068	0.2675	0.0000	0.3451	0.3867	0.0000	0.0000	0.0000	0.0000	0.0231	0.0011	0.0078	0.0013	0.0010	0.0002	0.0288	0.0000	0.0068	0.0000	6.0578	-0.0000	0.0000	4.3361	0.0002	4.6323	2.3255	0.0000	0.0000	0.0000	0.0000	0.0000	0.0000	0.0000	0.0000	0.0000	0.0001	0.0000	0.0001	0.0000	0.0000	0.0000	0.0001	0.0000	0.0001	0.0001	0.0001	0.0000	0.0001	0.0001	0.0000	0.0000	0.0000	0.0000	0.0345	0.0237	0.0108	0.0193	0.0173	0.0020	0.0152	0.0064	0.0088	100.9681	633.0474	0.0000	636.0938	669.4070	0.0000	0.0000	0.0000	0.0000	0.0020	0.0004	0.0056	0.0005	0.0006	0.0002	0.0040	0.0000	0.0068	
114	139	0.6997	6	1	2	0	0	0	0	0	0	N	Y	N	N	N	N	N	N	N	N	N	N	0.0099	0.0274	0.0009	0.1621	0.1752	0.1920	0.0007	3.6936	0.0025	0.0104	0.0114	0.0004	0.0168	0.0179	0.0000	0.0007	0.0007	0.0007	1.0473	0.4151	0.5175	0.1037	0.1020	0.0000	1.0768	0.0002	0.2830	0.0041	9.5911	-0.0008	0.0015	4.3361	2.0138	4.6323	2.7349	0.0032	0.0032	0.0000	0.0031	0.0031	0.0000	0.0001	0.0001	0.0000	0.0039	0.0004	0.0035	0.0004	0.0004	0.0000	0.0035	0.0000	0.0035	0.3076	0.2785	0.0291	0.1843	0.1734	0.0109	0.1233	0.1051	0.0183	0.0695	0.0435	0.0259	0.0377	0.0339	0.0039	0.0317	0.0096	0.0221	0.1849	1.3496	0.0033	1.7267	1.6477	0.1920	0.0064	1544.0311	0.0044	0.0560	0.0084	0.1357	0.0097	0.0108	0.0000	0.1110	0.0000	0.1595
114	140	0.7162	7	0	2	0	0	0	0	0	0	N	Y	N	N	N	N	N	N	N	N	N	N	0.0742	inf	0.0000	4.8945	inf	0.0000	0.0002	inf	0.0000	0.0005	0.0006	0.0000	0.0007	0.0007	0.0000	0.0000	0.0000	0.0000	0.0072	0.0000	0.0031	0.0001	0.0000	0.0000	0.0193	0.0000	0.0043	0.0000	inf	-0.0001	0.0000	4.3361	1.9232	4.6323	1.1116	0.0003	0.0003	0.0000	0.0003	0.0003	0.0000	0.0000	0.0000	0.0000	0.0000	0.0000	0.0000	0.0000	0.0000	0.0000	0.0000	0.0000	0.0000	0.5517	0.5148	0.0369	0.4137	0.3958	0.0179	0.1380	0.1190	0.0190	0.0301	0.0205	0.0096	0.0199	0.0173	0.0026	0.0102	0.0032	0.0071	0.5334	inf	0.0000	244.3062	inf	0.0000	0.0016	inf	0.0000	0.0010	0.0000	0.0031	0.0000	0.0000	0.0000	0.0030	0.0000	0.0043
114	141	0.1124	3	0	2	0	0	0	0	0	0	N	Y	N	N	N	N	N	N	N	N	N	N	inf	inf	inf	inf	inf	inf	2.9890	3.3303	0.0000	15.0509	15.9435	0.0000	0.0369	0.0416	0.0000	0.0000	0.0000	0.0000	0.0000	0.0000	0.0000	0.0000	0.0000	0.0000	0.0000	-0.4959	0.0000	4.3361	3.0000	4.6323	1.0000	1.9058	1.9058	0.0000	1.8869	1.8869	0.0000	0.0189	0.0189	0.0000	0.0000	0.0000	0.0000	0.0000	0.0000	0.0000	0.0000	0.0000	0.0000	0.6376	0.5723	0.0653	0.1254	0.1183	0.0070	0.5122	0.4539	0.0583	0.1595	0.0904	0.0691	0.0266	0.0247	0.0019	0.1329	0.0657	0.0672	inf	inf	0.0000	inf	inf	0.0000	inf	inf	0.0000	0.0000	0.0000	0.0000	0.0000	0.0000	0.0000	0.0000	0.0000	0.0000				
114	142	0.0932	2	0	1	0	0	0	0	0	0	N	N	N	N	N	N	N	N	N	N	N	N	inf	inf	inf	inf	inf	inf	4.3792	4.9158	0.0000	0.0121	0.0128	0.0000	4.8704	5.5054	0.0000	0.0000	0.0000	0.0000	0.0000	0.0000	0.0000	0.0000	0.0000	0.0000	0.0000	-0.2594	0.0000	4.3361	1.0000	4.6323	1.0000	0.9970	0.9970	0.0000	0.0003	0.0003	0.0000	0.9967	0.9967	0.0000	0.0000	0.0000	0.0000	0.0000	0.0000	0.0000	0.0000	0.0000	0.0000	0.2277	0.2028	0.0249	0.0230	0.0218	0.0013	0.2046	0.1810	0.0236	0.0912	0.0499	0.0413	0.0151	0.0140	0.0011	0.0761	0.0360	0.0402	inf	inf	0.0000	inf	inf	0.0000	inf	inf	0.0000	0.0000	0.0000	0.0000	0.0000	0.0000	0.0000	0.0000	0.0000	0.0000				
114	145	0.7348	9	1	2	0	0	0	0	0	0	N	Y	N	N	N	N	N	N	N	N	N	N	inf	inf	inf	inf	inf	inf	0.0592	0.0000	0.6194	0.0001	0.0000	0.0020	0.1450	0.0000	1.0061	0.0000	0.0000	0.0000	0.0000	0.0000	0.0000	0.0000	0.0000	0.0000	inf	0.0060	0.0000	4.3361	1.0000	4.6323	1.0000	0.0081	0.0000	0.0081	0.0000	0.0000	0.0000	0.0081	0.0000	0.0081	0.0000	0.0000	0.0000	0.0000	0.0000	0.0000	0.0000	0.0000	0.0000	0.1364	0.1233	0.0130	0.0808	0.0758	0.0050	0.0556	0.0476	0.0080	0.0190	0.0130	0.0060	0.0128	0.0111	0.0016	0.0063	0.0019	0.0044	inf	0.0000	inf	inf	0.0000	inf	inf	0.0000	inf	0.0000	0.0000	0.0000	0.0000	0.0000	0.0000	0.0000	0.0000	0.0000				
114	146	0.7348	8	0	2	0	0	0	0	0	0	N	Y	N	N	N	N	N	N	N	N	N	N	inf	inf	inf	inf	0.0000	0.0000	0.0000	0.0000	0.0000	0.0000	0.0001	0.0001	0.0000	0.0000	0.0000	0.0000	0.0000	0.0000	0.0000	0.0000	0.0000	0.0000	0.0000	-0.0000	0.0000	4.3361	0.0003	4.6323	0.0000	0.0000	0.0000	0.0000	0.0000	0.0000	0.0000	0.0000	0.0000	0.0000	0.0000	0.0000	0.0000	0.0000	0.0000	0.0000	0.0000	0.0000	0.0000	0.0002	0.0002	0.0000	0.0002	0.0002	0.0000	0.0000	0.0000	0.0000	0.0000	0.0000	0.0000	0.0000	0.0000	0.0000	0.0000	0.0000	0.0000	inf	inf	0.0000	0.0000	0.0000	0.0000	inf	inf	0.0000	0.0000	0.0000	0.0000	0.0000	0.0000	0.0000	0.0000	0.0000	0.0000						
114	147	0.7162	7	0	1	0	0	0	0	0	0	N	N	N	N	N	N	N	N	N	N	N	N	0.1474	7.5955	0.0000	4.1988	11.1395	0.0000	0.0004	inf	0.0000	0.0003	0.0004	0.0000	0.0005	0.0005	0.0000	0.0000	0.0000	0.0000	0.0024	0.0000	0.0017	0.0001	0.0000	0.0000	0.0059	0.0000	0.0023	0.0000	20160.0667	-0.0001	0.0000	4.3361	4.9449	4.6323	1.0063	0.0003	0.0003	0.0000	0.0003	0.0003	0.0000	0.0000	0.0000	0.0000	0.0000	0.0000	0.0000	0.0000	0.0000	0.0000	0.0000	0.0000	0.0000	0.8791	0.8069	0.0722	0.5864	0.5554	0.0310	0.2927	0.2515	0.0412	0.0569	0.0387	0.0182	0.0375	0.0326	0.0049	0.0194	0.0060	0.0133	0.6543	9771.5313	0.0000	331.8241	11952.9695	0.0000	0.0014	inf	0.0000	0.0005	0.0000	0.0017	0.0000	0.0000	0.0000	0.0016	0.0000	0.0023
114	148	0.6997	6	0	1	0	0	0	0	0	0	N	N	N	N	N	N	N	N	N	N	N	N	0.4433	31.9204	0.0000	105.3132	122.3013	0.0042	0.0059	39.0033	0.0000	0.4782	0.5301	0.0000	0.8386	0.8920	0.0000	0.0070	0.0082	0.0000	1.0789	0.0166	0.6168	0.0080	0.0073	0.0006	1.1745	0.0002	0.3458	0.0000	42.6787	-0.0595	0.0019	4.3361	3.4778	4.6323	1.2917	0.2286	0.2286	0.0000	0.2271	0.2271	0.0000	0.0014	0.0014	0.0000	0.0041	0.0001	0.0040	0.0001	0.0001	0.0000	0.0040	0.0000	0.0040	0.4780	0.4312	0.0468	0.2708	0.2547	0.0162	0.2071	0.1765	0.0306	0.0697	0.0437	0.0260	0.0379	0.0340	0.0039	0.0318	0.0097	0.0222	8.1976	248.6828	0.0000	334.0684	325.7016	0.0048	0.0559	13912.1137	0.0000	0.0583	0.0021	0.1526	0.0025	0.0027	0.0005	0.1247	0.0000	0.1792
114	149	0.6493	5	0	1	0	0	0	0	0	0	N	N	N	N	N	N	N	N	N	N	N	N	0.2153	1658.2203	0.0006	3138.5448	3589.5279	65131.4177	0.0027	5.7784	0.0000	1.6261	1.7984	0.0172	2.8211	2.9966	0.0491	0.0418	0.0490	0.0000	7.5522	0.0011	26.7895	0.0009	0.0008	0.0000	15.6375	0.0085	34.8521	0.0010	30001.9634	-0.4385	0.4741	4.3361	7.8050	4.6323	4.0035	1.6919	1.6901	0.0017	1.6732	1.6714	0.0017	0.0187	0.0187	0.0000	0.9917	0.0000	0.9917	0.0000	0.0000	0.0000	0.9917	0.0000	0.9917	1.0404	0.9398	0.1006	0.5931	0.5578	0.0353	0.4473	0.3820	0.0653	0.1313	0.0803	0.0511	0.0679	0.0587	0.0092	0.0634	0.0215	0.0419	0.2153	4366.8378	0.0009	8298.9523	7629.4986	65131.4177	0.0027	105.5395	0.0000	7.5522	0.0004	19.4249	0.0003	0.0004	0.0000	15.6375	0.0005	23.6675
114	150	0.5547	5	0	1	0	0	0	0	0	0	N	N	N	N	N	N	N	N	N	N	N	N	0.1496	19.3651	0.0000	42.4806	50.0953	0.0000	0.0000	0.0003	0.0000	0.2901	0.3336	0.0000	0.4382	0.5054	0.0000	0.0000	0.0000	0.0000	1.9392	0.0172	7.0300	0.0103	0.0101	0.0000	2.2769	0.0005	3.0956	0.0000	388.3019	-0.0591	0.0562	4.3361	3.7255	4.6323	14.1767	0.2270	0.2270	0.0000	0.2270	0.2270	0.0000	0.0000	0.0000	0.0000	0.1182	0.0003	0.1179	0.0003	0.0003	0.0000	0.1179	0.0000	0.1179	0.7823	0.6804	0.1019	0.5180	0.4491	0.0689	0.2643	0.2313	0.0330	0.2446	0.1402	0.1044	0.1039	0.0922	0.0117	0.1407	0.0480	0.0927	0.6005	154.0321	0.0000	149.9577	153.5624	0.0000	0.0000	0.0458	0.0000	0.4832	0.0022	1.1289	0.0029	0.0033	0.0000	0.8378	0.0000	1.2713
114	151	0.5384	4	0	1	0	0	0	0	0	0	N	N	N	N	N	N	N	N	N	N	N	N	0.1401	0.1902	0.0002	0.0777	0.0938	5.7244	0.1475	12.9142	0.0004	0.4396	0.5199	0.0029	0.3176	0.3861	0.0018	0.7101	0.7917	0.0071	3.1390	2.7338	14.8560	4.0867	4.1170	0.0003	4.8141	0.0613	16.4160	0.0010	5.1015	-0.0547	0.1347	4.3361	1.4205	4.6323	4.0377	0.2110	0.2107	0.0002	0.1050	0.1049	0.0001	0.1060	0.1059	0.0001	0.4287	0.0703	0.3585	0.0702	0.0702	0.0000	0.3585	0.0001	0.3585	0.4798	0.4054	0.0745	0.3306	0.2716	0.0590	0.1492	0.1337	0.0155	0.1366	0.0816	0.0550	0.0621	0.0577	0.0044	0.0745	0.0239	0.0506	0.1401	0.6037	0.0004	0.2809	0.3174	5.7522	0.1475	314.8963	0.0010	3.1390	0.8612	6.5184	1.1304	1.2166	0.0003	4.8141	0.0025	7.0852
115	116	0.5888	4	0	1	0	1	0	0	0	0	N	N	N	N	N	N	N	N	N	N	N	N	0.0040	0.0007	inf	0.0000	0.0000	inf	inf	inf	0.0001	0.0000	0.0005	0.0000	0.0000	0.0000	0.0002	0.0001	0.0008	0.0223	0.0743	0.0000	0.0367	0.0395	0.0000	0.0000	0.0000	0.0000	1.0000	0.0000	0.0000	-0.0000	1.9840	5.0006	0.2610	2.0000	0.0000	0.0000	0.0000	0.0000	0.0000	0.0000	0.0000	0.0000	0.0000	0.0000	0.0000	0.0000	0.0000	0.0000	0.0000	0.0000	0.0000	0.0000	0.2241	0.2021	0.0219	0.1389	0.1291	0.0098	0.0852	0.0730	0.0122	0.0150	0.0074	0.0076	0.0048	0.0041	0.0007	0.0102	0.0033	0.0069	0.0446	0.0122	inf	0.0000	0.0000	0.0000	inf	inf	inf	0.0020	0.0041	0.0000	0.0062	0.0073	0.0000	0.0000	0.0000	0.0000	
115	118	0.5888	4	0	1	0	0	0	0	0	0	N	N	N	N	N	N	N	N	N	N	N	N	2868.8351	inf	0.0000	5.6327	inf	0.0000	inf	inf	1.7013	1.8808	0.0000	0.0097	0.0104	0.0000	4.0529	4.6901	0.0000	0.0006	0.0000	0.0005	0.0017	0.0000	0.0074	0.0000	0.0000	0.0000	0.0000	inf	-0.2562	0.0000	1.9840	16.9994	0.2610	6.0000	0.9845	0.9845	0.0000	0.0033	0.0033	0.0000	0.9812	0.9812	0.0000	0.0000	0.0000	0.0000	0.0000	0.0000	0.0000	0.0000	0.0000	0.0000	0.5787	0.5235	0.0552	0.3366	0.3142	0.0223	0.2421	0.2092	0.0329	0.0409	0.0206	0.0203	0.0139	0.0117	0.0021	0.0270	0.0088	0.0182	6958.8162	inf	0.0000	13.4704	inf	0.0000	inf	inf	0.0000	0.0002	0.0000	0.0005	0.0007	0.0000	0.0047	0.0000	0.0000	0.0000	
115	120	0.0607	2	0	1	0	0	0	0	0	0	N	N	N	N	N	N	N	N	N	N	N	N	33.1761	227.5842	0.1456	3.7498	5.1646	0.0153	134.1334	75.3682	0.5404	16.8639	18.5852	0.0074	0.0061	0.0063	0.0000	27.8940	31.9106	0.0090	0.5083	0.0817	0.0510	0.0016	0.0012	0.0004	0.2080	0.4234	0.0167	0.0000	5.6243	-0.2519	0.0000	1.9840	0.9998	0.2610	0.9486	0.9681	0.9681	0.0000	0.0001	0.0001	0.0000	0.9680	0.9680	0.0000	0.0001	0.0000	0.0001	0.0000	0.0000	0.0000	0.0001	0.0000	0.0001	0.0574	0.0521	0.0053	0.0227	0.0218	0.0009	0.0347	0.0303	0.0044	0.0115	0.0047	0.0069	0.0018	0.0018	0.0000	0.0097	0.0029	0.0068	1498.1853	4418.3673	0.4634	9.0734	9.3839	0.0156	2102.2804	4962.0279	0.5608	0.0113	0.0042	0.0160	0.0007	0.0007	0.0004	0.0133	0.0064	0.0161
115	122	0.6300	5	0	1	0	0	0	0	0	0	N	N	N	N	N	N	N	N	N	N	N	N	inf	inf	inf	inf	inf	inf	0.0001	0.0001	0.0000	0.0000	0.0000	0.0000	0.0005	0.0006	0.0000	0.0000	0.0000	0.0000	0.0000	0.0000	0.0000	0.0000	0.0000	0.0000	0.0000	-0.0000	0.0000	1.9840	2.0001	0.2610	3.0000	0.0000	0.0000	0.0000	0.0000	0.0000	0.0000	0.0000	0.0000	0.0000	0.0000	0.0000	0.0000	0.0000	0.0000	0.0000	0.0000	0.0000	0.0000	0.0950	0.0874	0.0076	0.0737	0.0692	0.0045	0.0212	0.0182	0.0031	0.0074	0.0041	0.0033	0.0037	0.0031	0.0005	0.0037	0.0010	0.0027	inf	inf	0.0000	inf	inf	0.0000	inf	inf	0.0000	0.0000	0.0000	0.0000	0.0000	0.0000	0.0000	0.0000	0.0000	0.0000				
115	123	0.5888	4	0	0	0	0	0	0	0	0	N	N	N	N	N	N	N	N	N	N	N	N	156892.1752	5181.1045	inf	inf	inf	inf	25753733.7488	3519.4815	inf	3.3065	0.3542	30.6473	0.0179	0.0193	0.0000	8.4994	0.9276	54.3901	0.0000	0.0001	0.0000	0.0000	0.0000	0.0000	0.0000	0.0003	0.0000	9.3428	0.1667	0.6331	-0.0000	1.9840	6.9986	0.2610	2.0000	0.9845	0.0952	0.8893	0.0033	0.0033	0.0000	0.9812	0.0919	0.8893	0.0000	0.0000	0.0000	0.0000	0.0000	0.0000	0.0000	0.0000	0.0000	0.2977	0.2687	0.0290	0.1823	0.1696	0.0127	0.1154	0.0991	0.0164	0.0188	0.0093	0.0095	0.0061	0.0052	0.0009	0.0127	0.0041	0.0086	14813625.7057	914668.8718	inf	inf	inf	inf	25753733.7488	1063383.3718	inf	0.0000	0.0000	0.0000	0.0000	0.0000	0.0000	0.0000	0.0000	0.0000
115	124	0.0662	2	0	1	0	0	0	0	0	0	N	N	N	N	N	N	N	N	N	N	N	N	0.0001	0.0019	0.0022	0.0033	0.0043	0.0000	0.0001	0.0008	0.0067	0.0001	0.0001	0.0002	0.0006	0.0006	0.0000	0.0000	0.0000	0.0003	0.6845	0.0450	0.1090	0.1704	0.1360	0.0014	0.2951	0.0054	0.0379	0.3148	11.0869	-0.0000	0.0005	1.9840	3.9006	0.2610	3.1543	0.0000	0.0000	0.0000	0.0000	0.0000	0.0000	0.0000	0.0000	0.0000	0.0012	0.0001	0.0011	0.0001	0.0001	0.0000	0.0011	0.0000	0.0011	0.4042	0.3630	0.0412	0.0536	0.0514	0.0022	0.3506	0.3117	0.0390	0.0616	0.0279	0.0337	0.0073	0.0072	0.0002	0.0543	0.0207	0.0336	0.0053	0.0244	0.0074	0.0443	0.0454	0.0000	0.0016	0.0132	0.0078	0.0194	0.0035	0.0325	0.0127	0.0129	0.0011	0.0203	0.0003	0.0326
115	126	0.5888	4	0	1	0	0	0	0	0	0	N	N	N	N	N	N	N	N	N	N	N	N	0.0000	0.0000	0.0000	0.0000	0.0000	0.0000	0.0000	0.0000	0.0000	0.0000	0.0000	0.0000	0.0000	0.0000	0.0000	0.0151	0.0350	0.0000	0.0233	0.0269	0.0000	0.0000	0.0008	0.0000	0.0000	0.0000	-0.0000	1.9840	0.9996	0.2610	8.0005	0.0000	0.0000	0.0000	0.0000	0.0000	0.0000	0.0000	0.0000	0.0000	0.0000	0.0000	0.0000	0.0000	0.0000	0.0000	0.0000	0.0000	0.0000	0.0502	0.0453	0.0050	0.0320	0.0297	0.0023	0.0182	0.0156	0.0026	0.0188	0.0093	0.0095	0.0061	0.0052	0.0009	0.0127	0.0041	0.0086	0.0000	0.0000	0.0000	0.0000	0.0000	0.0000	0.0000	0.0000	0.0000	0.0016	0.0032	0.0000	0.0049	0.0058	0.0000	0.0000	0.0000	0.0000				
115	127	0.4942	4	0	0	0	0	0	0	0	0	N	N	N	N	N	N	N	N	N	N	N	N	0.0035	0.0222	0.0000	0.0164	0.0205	0.0000	0.0152	29.6238	0.0000	0.0023	0.0026	0.0000	0.0009	0.0010	0.0000	0.0050	0.0059	0.0000	0.6684	0.1176	0.1142	0.0556	0.0483	0.0089	0.3294	0.0002	0.0438	0.0000	5.8699	-0.0001	0.0002	1.9840	3.6536	0.2610	12.3970	0.0004	0.0004	0.0000	0.0001	0.0001	0.0000	0.0003	0.0003	0.0000	0.0007	0.0001	0.0006	0.0001	0.0001	0.0000	0.0006	0.0000	0.0006	0.1823	0.1640	0.0182	0.1185	0.1094	0.0091	0.0638	0.0546	0.0092	0.0395	0.0215	0.0180	0.0146	0.0129	0.0018	0.0249	0.0087	0.0162	0.1319	0.5487	0.0000	0.1188	0.1242	0.0000	0.2111	11021.7996	0.0000	0.0178	0.0048	0.0334	0.0077	0.0079	0.0057	0.0237	0.0000	0.0364
115	128	0.2830	2	0	0	0	0	0	0	0	0	N	N	N	N	N	N	N	N	N	N	N	N	0.0231	0.0264	0.0010	0.0706	0.0740	0.1121	0.0058	1.6610	0.0009	0.0198	0.0219	0.0001	0.0347	0.0372	0.0003	0.0025	0.0029	0.0001	0.8575	0.8305	0.1433	0.4921	0.5024	0.0027	0.4397	0.0018	0.0630	0.0007	2.0070	-0.0016	0.0003	1.9840	5.3495	0.2610	12.4099	0.0061	0.0061	0.0000	0.0058	0.0058	0.0000	0.0004	0.0004	0.0000	0.0024	0.0008	0.0016	0.0008	0.0008	0.0000	0.0016	0.0000	0.0016	0.3091	0.2790	0.0301	0.1657	0.1546	0.0111	0.1433	0.1244	0.0190	0.0732	0.0388	0.0344	0.0253	0.0228	0.0026	0.0478	0.0160	0.0318	0.6092	1.0753	0.0032	1.1056	1.0712	0.1375	0.0770	72.3773	0.0012	0.0325	0.0204	0.0462	0.0314	0.0347	0.0022	0.0331	0.0000	0.0498
115	129	0.7002	10	0	1	0	1	0	0	0	0	N	N	N	N	N	N	N	N	N	N	N	N	0.0000	0.0000	0.0000	0.0000	0.0000	0.0000	0.0000	0.0000	0.0000	0.0000	0.0000	0.0000	0.0000	0.0000	0.0000	0.0000	0.0000	0.0000	0.0000	0.0000	1.9840	0.0000	0.2610	0.0000	0.0000	0.0000	0.0000	0.0000	0.0000	0.0000	0.0000	0.0000	0.0000	0.0000	0.0000	0.0000	0.0000	0.0000	0.0000	0.0000	0.0000	0.0000	0.0000	0.0000	0.0000	0.0000	0.0000	0.0000	0.0000	0.0000	0.0000	0.0000	0.0000	0.0000	0.0000	0.0000	0.0000	0.0000	0.0000	0.0000	0.0000	0.0000	0.0000	0.0000	0.0000	0.0000	0.0000	0.0000	0.0000	0.0000	0.0000	0.0000	0.0000	0.0000	0.0000	0.0000	0.0000	0.0000											
115	130	0.6839	9	0	1	0	1	0	0	0	0	N	N	N	N	N	N	N	N	N	N	N	N	0.0000	0.0000	0.0000	0.0000	0.0000	0.0000	0.0000	0.0000	0.0000	0.0000	0.0000	0.0000	0.0000	2.4005	3.2366	0.0000	4.9923	5.1151	0.0000	0.0000	0.0000	0.0000	0.0000	0.0000	-0.0026	1.9840	0.0000	0.2610	3.0001	0.0000	0.0000	0.0000	0.0000	0.0000	0.0000	0.0000	0.0000	0.0000	0.0050	0.0050	0.0000	0.0050	0.0050	0.0000	0.0000	0.0000	0.0000	0.0000	0.0000	0.0000	0.0000	0.0000	0.0000	0.0000	0.0000	0.0000	0.0041	0.0025	0.0016	0.0023	0.0020	0.0003	0.0018	0.0006	0.0013	0.0000	0.0000	0.0000	0.0000	0.0000	0.0000	0.0000	0.0000	0.0000	1.2194	1.9982	0.0000	2.1985	2.5596	0.0000	0.0000	0.0000	0.0000						
115	131	0.6743	8	0	1	0	0	0	0	0	0	N	N	N	N	N	N	N	N	N	N	N	N	0.0000	0.0000	0.0000	0.0000	0.0000	0.0000	0.0000	0.0000	0.0000	0.0000	0.0000	0.0000	0.0000	0.0000	0.0000	0.0000	0.0000	0.0000	0.0000	0.0000	1.9840	0.0000	0.2610	0.0000	0.0000	0.0000	0.0000	0.0000	0.0000	0.0000	0.0000	0.0000	0.0000	0.0000	0.0000	0.0000	0.0000	0.0000	0.0000	0.0000	0.0000	0.0000	0.0000	0.0000	0.0000	0.0000	0.0000	0.0000	0.0000	0.0000	0.0000	0.0000	0.0000	0.0000	0.0000	0.0000	0.0000	0.0000	0.0000	0.0000	0.0000	0.0000	0.0000	0.0000	0.0000	0.0000	0.0000	0.0000	0.0000	0.0000	0.0000	0.0000	0.0000	0.0000	0.0000	0.0000	0.0000	0.0000											
115	132	0.6839	9	0	0	1	1	0	0	0	0	N	N	N	N	N	N	N	N	N	N	N	N	0.0000	0.0000	0.0000	0.0000	0.0000	0.0000	0.0000	0.0000	0.0000	0.0000	0.0000	0.0000	0.0000	0.0000	0.0000	0.0000	0.0000	0.0000	0.0000	0.0000	1.9840	0.0000	0.2610	1.9999	0.0000	0.0000	0.0000	0.0000	0.0000	0.0000	0.0000	0.0000	0.0000	0.0000	0.0000	0.0000	0.0000	0.0000	0.0000	0.0000	0.0000	0.0000	0.0000	0.0000	0.0000	0.0000	0.0000	0.0000	0.0000	0.0000	0.0000	0.0028	0.0017	0.0011	0.0015	0.0013	0.0002	0.0012	0.0004	0.0009	0.0000	0.0000	0.0000	0.0000	0.0000	0.0000	0.0000	0.0000	0.0000	0.0000	0.0000	0.0000	0.0000	0.0000	0.0000	0.0000	0.0000	0.0000											
115	133	0.6950	10	0	0	1	1	0	0	0	0	N	N	N	N	N	N	N	N	N	N	N	N	0.0000	0.0000	0.0000	0.0000	0.0000	0.0000	0.0000	0.0000	0.0000	0.0000	0.0000	0.0000	0.0000	0.0000	0.0000	0.0000	0.0000	0.0000	0.0000	0.0000	1.9840	1.0000	0.2610	0.0000	0.0000	0.0000	0.0000	0.0000	0.0000	0.0000	0.0000	0.0000	0.0000	0.0000	0.0000	0.0000	0.0000	0.0000	0.0000	0.0000	0.0000	0.0000	0.0525	0.0486	0.0040	0.0434	0.0408	0.0026	0.0092	0.0078	0.0013	0.0012	0.0007	0.0005	0.0006	0.0006	0.0001	0.0006	0.0002	0.0004	0.0000	0.0000	0.0000	0.0000	0.0000	0.0000	0.0000	0.0000	0.0000	0.0000	0.0000	0.0000	0.0000	0.0000	0.0000	0.0000	0.0000	0.0000											
115	134	0.6950	10	0	0	1	1	0	0	0	0	N	N	N	N	N	N	N	N	N	N	N	N	0.0000	0.0000	0.0000	0.0000	0.0000	0.0000	0.0000	0.0000	0.0000	0.0000	0.0000	0.0000	0.0000	0.0000	0.0000	0.0000	0.0000	0.0000	0.0000	0.0000	1.9840	0.0000	0.2610	0.0000	0.0000	0.0000	0.0000	0.0000	0.0000	0.0000	0.0000	0.0000	0.0000	0.0000	0.0000	0.0000	0.0000	0.0000	0.0000	0.0000	0.0000	0.0000	0.0000	0.0000	0.0000	0.0000	0.0000	0.0000	0.0000	0.0000	0.0000	0.0000	0.0000	0.0000	0.0000	0.0000	0.0000	0.0000	0.0000	0.0000	0.0000	0.0000	0.0000	0.0000	0.0000	0.0000	0.0000	0.0000	0.0000	0.0000	0.0000	0.0000	0.0000	0.0000	0.0000	0.0000	0.0000	0.0000											
115	135	0.6839	9	0	0	1	1	0	0	0	0	N	N	N	N	N	N	N	N	N	N	N	N	0.0059	0.0000	inf	0.0026	0.0000	inf	0.0000	0.0000	0.0000	0.0000	0.0000	0.0000	0.0000	0.0000	0.0000	0.0000	0.0001	0.0000	0.0001	0.0001	0.0000	0.0000	0.0000	0.0000	inf	0.0000	0.0000	-0.0000	1.9840	2.0025	0.2610	0.9943	0.0000	0.0000	0.0000	0.0000	0.0000	0.0000	0.0000	0.0000	0.0000	0.0000	0.0000	0.0000	0.0000	0.0000	0.0000	0.0000	0.0000	0.0000	0.1038	0.0958	0.0080	0.0843	0.0791	0.0052	0.0195	0.0166	0.0028	0.0041	0.0025	0.0016	0.0023	0.0020	0.0003	0.0018	0.0006	0.0013	0.3588	0.0000	inf	0.2430	0.0000	inf	0.0000	0.0000	0.0000	0.0000	0.0000	0.0000	0.0000	0.0000	0.0000	0.0000	0.0000	0.0000			
115	136	0.6839	8	0	0	0	1	0	0	0	0	N	N	N	N	N	N	N	N	N	N	N	N	0.0957	0.0426	0.9052	0.0615	0.0348	inf	0.0000	0.0000	0.0000	0.0000	0.0002	0.0000	0.0000	0.0002	0.0000	0.0000	0.0000	0.0004	0.0005	0.0002	0.0006	0.0006	0.0000	0.0002	0.0000	0.0002	0.9999	0.7388	0.0000	-0.0000	1.9840	0.0050	0.2610	0.0173	0.0000	0.0000	0.0000	0.0000	0.0000	0.0000	0.0000	0.0000	0.0000	0.0000	0.0000	0.0000	0.0000	0.0000	0.0000	0.0000	0.0000	0.0000	0.0014	0.0012	0.0001	0.0013	0.0012	0.0001	0.0001	0.0000	0.0000	0.0000	0.0000	0.0000	0.0000	0.0000	0.0000	0.0000	0.0000	0.0000	0.2078	0.1230	0.9052	0.2384	0.1001	inf	0.0000	0.0000	0.0000	0.0002	0.0002	0.0002	0.0002	0.0002	0.0000	0.0002	0.0000	0.0002	
115	137	0.6743	7	0	0	0	1	0	0	0	0	N	N	N	N	N	N	N	N	N	N	N	N	2.8577	808.3703	inf	inf	0.0000	0.0000	0.0001	0.0000	0.0015	0.0002	0.0000	0.0025	0.0000	0.0000	0.0000	0.0000	0.0000	0.0000	0.0000	0.0000	0.0000	0.0000	0.0000	0.0000	inf	inf	0.0000	0.0000	1.9840	1.9972	0.2610	1.0076	0.0000	0.0000	0.0000	0.0000	0.0000	0.0000	0.0000	0.0000	0.0000	0.0000	0.0000	0.0000	0.0000	0.0000	0.0000	0.0000	0.0000	0.0000	0.0783	0.0716	0.0067	0.0602	0.0561	0.0041	0.0181	0.0155	0.0027	0.0036	0.0023	0.0013	0.0023	0.0020	0.0003	0.0013	0.0003	0.0010	162.6009	0.0000	808.3703	inf	0.0000	inf	0.0000	0.0000	0.0000	0.0000	0.0000	0.0000	0.0000	0.0000	0.0000	0.0000	0.0000	0.0000			
115	138	0.6570	6	1	1	0	0	0	0	0	0	N	N	N	N	N	N	N	N	N	N	N	N	0.0000	0.0000	0.0000	0.0000	0.0000	0.0000	0.0000	0.0000	0.0000	0.0000	0.0000	0.0000	0.0000	0.0294	0.0000	0.0083	0.0000	0.0000	0.0000	0.0334	0.0000	0.0069	inf	0.0000	0.0000	1.9840	0.0002	0.2610	2.3255	0.0000	0.0000	0.0000	0.0000	0.0000	0.0000	0.0000	0.0000	0.0000	0.0000	0.0000	0.0000	0.0000	0.0000	0.0000	0.0000	0.0000	0.0000	0.0000	0.0000	0.0000	0.0000	0.0000	0.0000	0.0000	0.0000	0.0000	0.0043	0.0026	0.0017	0.0021	0.0018	0.0003	0.0023	0.0008	0.0014	0.0000	0.0000	0.0000	0.0000	0.0000	0.0000	0.0000	0.0000	0.0000	0.0023	0.0000	0.0059	0.0000	0.0000	0.0000	0.0044	0.0000	0.0069						
115	139	0.6391	5	1	1	0	0	0	0	0	0	N	N	N	N	N	N	N	N	N	N	N	N	0.0674	1.5689	0.0018	0.2837	0.3227	0.0138	0.4445	0.2129	0.0095	0.0351	0.0385	0.0001	0.0001	0.0001	0.0000	0.1372	0.1626	0.0003	0.5208	0.0245	0.0825	0.0005	0.0005	0.0001	0.3087	0.7636	0.0338	0.0004	6.8006	-0.0009	0.0001	1.9840	2.0138	0.2610	2.7349	0.0034	0.0034	0.0000	0.0000	0.0000	0.0000	0.0034	0.0034	0.0000	0.0001	0.0000	0.0001	0.0000	0.0000	0.0000	0.0001	0.0000	0.0001	0.0972	0.0887	0.0086	0.0724	0.0677	0.0047	0.0248	0.0209	0.0039	0.0123	0.0071	0.0053	0.0057	0.0052	0.0005	0.0066	0.0019	0.0048	2.9874	14.6414	0.0061	1.6007	1.6548	0.0138	6.3057	16.8779	0.0121	0.0118	0.0026	0.0240	0.0001	0.0001	0.0001	0.0218	0.0096	0.0266
115	140	0.6557	6	0	1	0	0	0	0	0	0	N	N	N	N	N	N	N	N	N	N	N	N	0.5282	0.3858	0.0081	0.0517	0.0593	6.8611	inf	0.0185	0.0002	0.0002	0.0000	0.0000	0.0000	0.0000	0.0010	0.0011	0.0000	0.0003	0.0005	0.0001	0.0006	0.0006	0.0000	0.0001	0.0000	0.0001	0.0003	0.3846	-0.0000	-0.0000	1.9840	1.9232	0.2610	1.1116	0.0000	0.0000	0.0000	0.0000	0.0000	0.0000	0.0000	0.0000	0.0000	0.0000	0.0000	0.0000	0.0000	0.0000	0.0000	0.0000	0.0000	0.0000	0.2297	0.2169	0.0129	0.1967	0.1882	0.0085	0.0331	0.0287	0.0044	0.0039	0.0024	0.0014	0.0024	0.0021	0.0003	0.0015	0.0004	0.0011	1.2388	1.1398	0.0081	0.2021	0.1823	0.0000	10.0339	inf	0.0185	0.0001	0.0002	0.0001	0.0002	0.0002	0.0000	0.0001	0.0000	0.0001	
115	141	0.0519	2	0	1	0	0	0	0	0	0	N	N	N	N	N	N	N	N	N	N	N	N	inf	inf	inf	inf	inf	inf	inf	inf	3.1309	3.5128	0.0105	0.1105	0.1161	0.0000	3.4447	3.8926	0.0110	0.0000	0.0000	0.0000	0.0000	0.0000	0.0000	0.0000	0.0000	0.0000	0.0004	-0.2558	0.0000	1.9840	3.0000	0.2610	1.0000	0.9845	0.9841	0.0004	0.0033	0.0033	0.0000	0.9812	0.9808	0.0004	0.0000	0.0000	0.0000	0.0000	0.0000	0.0000	0.0000	0.0000	0.0000	0.3144	0.2801	0.0343	0.0296	0.0282	0.0014	0.2848	0.2520	0.0329	0.0379	0.0164	0.0215	0.0000	0.0000	0.0000	0.0378	0.0164	0.0215	inf	inf	inf	inf	inf	0.0000	inf	inf	inf	0.0000	0.0000	0.0000	0.0000	0.0000	0.0000	0.0000	0.0000	0.0000		
115	145	0.6743	8	1	1	0	0	0	0	0	0	N	N	N	N	N	N	N	N	N	N	N	N	0.0000	0.0000	0.0000	0.0000	0.0000	0.0000	0.0000	0.0000	0.0000	0.0000	0.0000	0.0000	0.0000	0.0000	0.0000	0.0000	0.0000	0.0000	0.0000	0.0000	1.9840	1.0000	0.2610	1.0000	0.0000	0.0000	0.0000	0.0000	0.0000	0.0000	0.0000	0.0000	0.0000	0.0000	0.0000	0.0000	0.0000	0.0000	0.0000	0.0000	0.0000	0.0000	0.0402	0.0367	0.0035	0.0310	0.0289	0.0021	0.0092	0.0078	0.0013	0.0024	0.0015	0.0009	0.0015	0.0013	0.0002	0.0009	0.0002	0.0007	0.0000	0.0000	0.0000	0.0000	0.0000	0.0000	0.0000	0.0000	0.0000	0.0000	0.0000	0.0000	0.0000	0.0000	0.0000	0.0000	0.0000	0.0000											
115	146	0.6743	7	0	1	0	0	0	0	0	0	N	N	N	N	N	N	N	N	N	N	N	N	inf	inf	inf	inf	0.0000	0.0000	0.0000	0.0000	0.0000	0.0000	0.0000	0.0000	0.0000	0.0000	0.0000	0.0000	0.0000	0.0000	0.0000	0.0000	0.0000	0.0000	0.0000	-0.0000	0.0000	1.9840	0.0003	0.2610	0.0000	0.0000	0.0000	0.0000	0.0000	0.0000	0.0000	0.0000	0.0000	0.0000	0.0000	0.0000	0.0000	0.0000	0.0000	0.0000	0.0000	0.0000	0.0000	0.0001	0.0001	0.0000	0.0001	0.0001	0.0000	0.0000	0.0000	0.0000	0.0000	0.0000	0.0000	0.0000	0.0000	0.0000	0.0000	0.0000	0.0000	inf	inf	0.0000	inf	inf	0.0000	0.0000	0.0000	0.0000	0.0000	0.0000	0.0000	0.0000	0.0000	0.0000	0.0000	0.0000	0.0000						
115	147	0.6557	6	0	0	0	0	0	0	0	0	N	N	N	N	N	N	N	N	N	N	N	N	0.6874	0.4593	0.0105	0.1325	0.1434	inf	6.3055	inf	0.0181	0.0002	0.0002	0.0000	0.0001	0.0001	0.0000	0.0006	0.0006	0.0000	0.0002	0.0004	0.0001	0.0005	0.0005	0.0000	0.0001	0.0000	0.0001	0.0003	0.3837	-0.0000	-0.0000	1.9840	4.9449	0.2610	1.0063	0.0000	0.0000	0.0000	0.0000	0.0000	0.0000	0.0000	0.0000	0.0000	0.0000	0.0000	0.0000	0.0000	0.0000	0.0000	0.0000	0.0000	0.0000	0.3187	0.2964	0.0223	0.2589	0.2449	0.0140	0.0598	0.0515	0.0083	0.0073	0.0046	0.0027	0.0045	0.0039	0.0006	0.0028	0.0007	0.0021	2.1101	1.9723	0.0105	0.7437	0.6756	inf	10.3550	inf	0.0181	0.0001	0.0001	0.0001	0.0001	0.0001	0.0000	0.0001	0.0000	0.0001
115	148	0.6391	5	0	0	0	0	0	0	0	0	N	N	N	N	N	N	N	N	N	N	N	N	0.7830	2.4355	0.0281	1.0534	1.2592	1.2857	4.3948	57.9546	0.0494	0.0288	0.0317	0.0001	0.0075	0.0080	0.0000	0.0825	0.0977	0.0002	0.0368	0.0130	0.0036	0.0071	0.0064	0.0000	0.0188	0.0017	0.0040	0.0003	1.4192	-0.0011	0.0000	1.9840	3.4778	0.2610	1.2917	0.0042	0.0042	0.0000	0.0008	0.0008	0.0000	0.0034	0.0034	0.0000	0.0000	0.0000	0.0000	0.0000	0.0000	0.0000	0.0000	0.0000	0.0000	0.1454	0.1321	0.0133	0.1040	0.0972	0.0069	0.0414	0.0349	0.0064	0.0124	0.0071	0.0053	0.0057	0.0052	0.0005	0.0067	0.0019	0.0048	11.0455	16.8574	0.0281	3.2209	3.1426	1.2857	28.8947	2582.9952	0.0494	0.0026	0.0019	0.0036	0.0023	0.0026	0.0000	0.0029	0.0000	0.0040
115	149	0.5888	4	0	0	0	0	0	0	0	0	N	N	N	N	N	N	N	N	N	N	N	N	1.9285	7008.5772	0.0055	105.5989	123.4245	inf	4.4134	1401.5584	0.0225	3.0126	3.3361	0.0115	0.0130	0.0139	0.0004	7.6912	8.9519	0.0200	1.5621	0.0005	2.0943	0.0001	0.0001	0.0000	1.7427	0.0064	0.8873	0.0004	2596.1439	-0.2547	0.0024	1.9840	7.8050	0.2610	4.0035	0.9804	0.9800	0.0004	0.0026	0.0026	0.0000	0.9778	0.9774	0.0004	0.0050	0.0000	0.0050	0.0000	0.0000	0.0000	0.0050	0.0000	0.0050	0.3254	0.2938	0.0317	0.1983	0.1846	0.0137	0.1271	0.1092	0.0179	0.0239	0.0118	0.0120	0.0078	0.0066	0.0012	0.0161	0.0052	0.0109	14.4268	20578.6485	0.0278	8530.8324	7758.5806	inf	24.7902	24490.1841	0.0435	0.2088	0.0002	0.4142	0.0000	0.0000	0.0000	0.3103	0.0004	0.4593
115	150	0.4942	4	0	0	0	0	0	0	0	0	N	N	N	N	N	N	N	N	N	N	N	N	0.0009	0.0060	0.0000	0.0221	0.0237	0.0000	0.0000	0.0000	0.0000	0.0006	0.0006	0.0000	0.0009	0.0010	0.0000	0.0000	0.0000	0.0000	0.6528	0.1080	0.1013	0.0407	0.0410	0.0000	0.3197	0.0036	0.0398	0.0000	5.7881	-0.0000	0.0002	1.9840	3.7255	0.2610	14.1767	0.0001	0.0001	0.0000	0.0001	0.0001	0.0000	0.0000	0.0000	0.0000	0.0007	0.0001	0.0006	0.0001	0.0001	0.0000	0.0006	0.0000	0.0006	0.1853	0.1668	0.0185	0.1204	0.1112	0.0092	0.0650	0.0556	0.0093	0.0422	0.0229	0.0193	0.0155	0.0136	0.0019	0.0267	0.0092	0.0174	0.0349	0.1427	0.0000	0.1362	0.1295	0.0000	0.0000	0.0000	0.0000	0.0167	0.0045	0.0311	0.0066	0.0075	0.0000	0.0226	0.0002	0.0345
115	151	0.4778	3	0	0	0	0	0	0	0	0	N	N	N	N	N	N	N	N	N	N	N	N	0.0013	0.0018	0.0000	0.0006	0.0007	0.0000	0.0033	0.2397	0.0000	0.0017	0.0019	0.0000	0.0004	0.0004	0.0000	0.0039	0.0047	0.0000	1.2673	1.0182	0.7408	0.6749	0.6516	0.0003	1.2102	0.0194	0.3898	0.0003	4.3167	-0.0000	0.0007	1.9840	1.4205	0.2610	4.0377	0.0001	0.0001	0.0000	0.0000	0.0000	0.0000	0.0001	0.0001	0.0000	0.0023	0.0004	0.0019	0.0004	0.0004	0.0000	0.0019	0.0000	0.0019	0.0767	0.0689	0.0077	0.0493	0.0457	0.0036	0.0274	0.0232	0.0042	0.0241	0.0142	0.0099	0.0099	0.0092	0.0007	0.0142	0.0051	0.0092	0.0172	0.0599	0.0000	0.0091	0.0091	0.0000	0.0295	4.2637	0.0000	0.0969	0.0309	0.1915	0.0439	0.0474	0.0003	0.1338	0.0011	0.2069
116	117	0.6111	4	0	2	0	2	0	0	0	0	N	Y	N	Y	N	N	N	N	N	N	N	N	0.0000	0.0000	0.0000	0.0000	0.0000	0.0000	0.0000	0.0000	0.0000	0.0000	0.0000	0.0000	0.0000	0.0000	0.0000	0.0000	0.0000	0.0000	0.0000	0.0000	5.0006	0.0000	2.0000	1.0000	0.0000	0.0000	0.0000	0.0000	0.0000	0.0000	0.0000	0.0000	0.0000	0.0000	0.0000	0.0000	0.0000	0.0000	0.0000	0.0000	0.0000	0.0000	0.0000	0.0000	0.0000	0.0000	0.0000	0.0000	0.0000	0.0000	0.0000	0.0094	0.0046	0.0048	0.0030	0.0026	0.0005	0.0064	0.0021	0.0043	0.0000	0.0000	0.0000	0.0000	0.0000	0.0000	0.0000	0.0000	0.0000	0.0000	0.0000	0.0000	0.0000	0.0000	0.0000	0.0000	0.0000	0.0000											
116	119	0.6111	4	0	2	0	1	0	0	0	0	N	Y	N	N	N	N	N	N	N	N	N	N	0.0000	inf	0.0000	0.0000	inf	0.0000	0.0001	0.0001	0.0000	0.0002	0.0002	0.0000	0.0000	0.0000	0.0000	15.1297	0.0000	34.1426	45.7018	0.0000	302.3403	0.0000	0.0000	0.0000	0.0000	inf	-0.0000	0.4781	5.0006	5.0000	2.0000	6.0000	0.0001	0.0001	0.0000	0.0001	0.0001	0.0000	0.0000	0.0000	0.0000	1.0000	0.0000	1.0000	1.0000	0.0000	1.0000	0.0000	0.0000	0.0000	0.5190	0.4684	0.0506	0.3146	0.2929	0.0218	0.2044	0.1755	0.0288	0.0661	0.0330	0.0331	0.0219	0.0186	0.0033	0.0442	0.0144	0.0298	0.0000	inf	0.0000	0.0000	inf	0.0000	0.0000	0.0000	0.0000	15.1297	0.0000	30.1746	45.7018	0.0000	302.3403	0.0000	0.0000	0.0000			
116	120	0.6391	5	0	2	0	1	0	0	0	0	N	Y	N	N	N	N	N	N	N	N	N	N	28.4630	inf	0.0000	inf	inf	0.0000	0.0000	0.0495	0.0550	0.0000	0.0823	0.0887	0.0000	0.0000	0.0000	0.0000	0.0017	0.0000	0.0010	0.0000	0.0000	0.0000	0.0013	0.0000	0.0011	0.0000	inf	-0.0015	0.0000	5.0006	0.9998	2.0000	0.9486	0.0057	0.0057	0.0000	0.0057	0.0057	0.0000	0.0000	0.0000	0.0000	0.0000	0.0000	0.0000	0.0000	0.0000	0.0000	0.0000	0.0000	0.0000	0.1157	0.1043	0.0114	0.0696	0.0646	0.0050	0.0461	0.0397	0.0064	0.0218	0.0116	0.0101	0.0096	0.0084	0.0012	0.0122	0.0033	0.0089	107.8656	inf	0.0000	inf	inf	0.0000	0.0000	0.0000	0.0000	0.0005	0.0000	0.0010	0.0000	0.0000	0.0000	0.0008	0.0000	0.0011		
116	121	0.6111	4	0	2	0	1	0	0	0	0	N	Y	N	N	N	N	N	N	N	N	N	N	3688.9568	1685.9834	1837.7178	2197.5423	inf	inf	1.7561	1.9457	0.0000	2.9074	3.1231	0.0000	0.0001	0.0002	0.0000	0.0005	0.0012	0.0000	0.0016	0.0014	0.0000	0.0000	0.0000	0.0000	0.0000	0.0000	-0.2587	-0.0000	5.0006	3.0005	2.0000	1.1085	0.9943	0.9943	0.0000	0.9943	0.9943	0.0000	0.0000	0.0000	0.0000	0.0000	0.0000	0.0000	0.0000	0.0000	0.0000	0.0000	0.0000	0.0000	0.5662	0.5110	0.0552	0.3420	0.3184	0.0236	0.2242	0.1927	0.0316	0.0474	0.0235	0.0239	0.0155	0.0132	0.0023	0.0319	0.0104	0.0215	8327.9445	4579.9348	0.0000	4513.3665	4115.5624	0.0000	inf	inf	0.0000	0.0002	0.0004	0.0000	0.0006	0.0008	0.0000	0.0000	0.0000	0.0000			
116	122	0.0962	2	0	2	0	1	0	0	0	0	N	Y	N	N	N	N	N	N	N	N	N	N	inf	inf	inf	inf	inf	inf	3.1355	3.4800	0.0000	0.0014	0.0015	0.0000	6.2621	7.2467	0.0000	0.0000	0.0000	0.0000	0.0000	0.0000	0.0000	0.0000	0.0000	0.0000	0.0000	-0.2602	0.0000	5.0006	2.0001	2.0000	3.0000	1.0000	1.0000	0.0000	0.0002	0.0002	0.0000	0.9998	0.9998	0.0000	0.0000	0.0000	0.0000	0.0000	0.0000	0.0000	0.0000	0.0000	0.0000	0.3189	0.2873	0.0316	0.1593	0.1494	0.0099	0.1597	0.1380	0.0217	0.0617	0.0256	0.0361	0.0005	0.0005	0.0000	0.0611	0.0251	0.0361	inf	inf	0.0000	inf	inf	0.0000	inf	inf	0.0000	0.0000	0.0000	0.0000	0.0000	0.0000	0.0000	0.0000	0.0000	0.0000				
116	124	0.6446	5	0	2	0	1	0	0	0	0	N	Y	N	N	N	N	N	N	N	N	N	N	1.5273	1.1917	0.0000	207.7790	245.1809	1.8141	0.9186	0.0000	2.4204	2.6634	0.0000	1.8591	1.9884	0.0000	3.4764	4.0451	0.0000	1.5848	2.2350	0.0017	0.0089	0.0081	0.0000	1.9163	4.4036	0.0019	0.0000	0.0028	-0.5157	-0.0111	5.0006	3.9006	2.0000	3.1543	1.9822	1.9822	0.0000	0.9941	0.9941	0.0000	0.9881	0.9881	0.0000	0.0214	0.0213	0.0001	0.0001	0.0001	0.0000	0.0212	0.0212	0.0001	0.8189	0.7442	0.0747	0.5347	0.5000	0.0348	0.2842	0.2443	0.0400	0.0927	0.0565	0.0362	0.0456	0.0413	0.0043	0.0470	0.0152	0.0319	10.5038	7.0658	0.0000	706.7477	684.5107	0.0000	7.7017	2.8985	0.0000	0.2304	0.3769	0.0017	0.0026	0.0029	0.0000	0.4514	1.3956	0.0019	
116	125	0.6111	4	0	2	0	1	0	0	0	0	N	Y	N	N	N	N	N	N	N	N	N	N	0.0273	0.0206	0.1061	0.0066	0.0068	0.0000	inf	inf	inf	0.0532	0.0589	0.0003	0.0293	0.0315	0.0000	0.0912	0.1062	0.0005	1.9442	2.8622	0.0028	4.4519	4.6451	0.0706	0.0000	0.0000	0.0000	0.0006	0.0028	-0.0047	-0.0111	5.0006	1.6924	2.0000	1.9110	0.0181	0.0181	0.0000	0.0061	0.0061	0.0000	0.0120	0.0120	0.0000	0.0214	0.0213	0.0001	0.0214	0.0213	0.0001	0.0000	0.0000	0.0000	0.3412	0.3078	0.0334	0.2097	0.1950	0.0147	0.1315	0.1128	0.0187	0.0421	0.0208	0.0212	0.0137	0.0117	0.0021	0.0283	0.0092	0.0191	0.1047	0.0577	0.1061	0.0188	0.0172	0.0000	inf	inf	inf	0.5076	1.0211	0.0028	1.5556	1.8274	0.0289	0.0000	0.0000	0.0000
116	127	0.1823	3	0	1	0	1	0	0	0	0	N	N	N	N	N	N	N	N	N	N	N	N	0.0002	0.0002	0.0005	0.0005	0.0004	0.0004	0.0000	0.0023	0.0023	0.0000	0.0000	0.0000	0.0000	1.5733	2.2143	0.0000	4.1932	4.2635	0.0000	0.0000	0.0000	0.0000	0.0000	0.0000	-0.0001	-0.0367	5.0006	3.6536	2.0000	12.3970	0.0003	0.0003	0.0000	0.0003	0.0003	0.0000	0.0000	0.0000	0.0000	0.0704	0.0704	0.0000	0.0704	0.0704	0.0000	0.0000	0.0000	0.0000	0.7660	0.6778	0.0882	0.1281	0.1239	0.0043	0.6379	0.5540	0.0839	0.3265	0.1910	0.1355	0.0572	0.0530	0.0042	0.2693	0.1380	0.1313	0.0018	0.0012	0.0000	0.0018	0.0018	0.0000	0.0000	0.0000	0.0000	0.2156	0.3685	0.0000	1.2306	1.3288	0.0000	0.0000	0.0000	0.0000					
116	128	0.3607	3	0	1	0	1	0	0	0	0	N	N	N	N	N	N	N	N	N	N	N	N	0.0814	0.0924	0.0000	3.4031	3.1384	inf	0.0373	0.0247	0.0000	0.1316	0.1472	0.0000	0.2256	0.2411	0.0002	0.0728	0.0839	0.0000	1.6165	1.5919	2.7129	0.0663	0.0768	0.0000	1.9499	3.3938	1.3357	0.0000	2.7917	-0.0405	0.0238	5.0006	5.3495	2.0000	12.4099	0.1555	0.1555	0.0000	0.1025	0.1025	0.0000	0.0530	0.0530	0.0000	0.1111	0.0293	0.0818	0.0017	0.0017	0.0000	0.1094	0.0276	0.0818	1.1817	1.0564	0.1253	0.4544	0.4252	0.0291	0.7273	0.6312	0.0961	0.4320	0.2768	0.1552	0.2017	0.1721	0.0296	0.2303	0.1047	0.1256	0.5118	1.3909	0.0001	27.2508	24.8476	inf	0.1533	0.3180	0.0000	0.2571	0.1058	0.5269	0.0083	0.0097	0.0000	0.4750	0.2639	0.6509
116	129	0.1664	7	0	2	0	2	0	0	0	0	N	Y	N	Y	N	N	N	N	N	N	N	N	0.0000	0.0000	0.0000	0.0000	0.0000	0.0000	0.0000	0.0000	0.0000	0.0000	0.0000	0.0000	0.0000	0.0000	0.0000	0.0000	0.0000	0.0000	0.0000	0.0000	5.0006	0.0000	2.0000	0.0000	0.0000	0.0000	0.0000	0.0000	0.0000	0.0000	0.0000	0.0000	0.0000	0.0000	0.0000	0.0000	0.0000	0.0000	0.0000	0.0000	0.0000	0.0000	0.0000	0.0000	0.0000	0.0000	0.0000	0.0000	0.0000	0.0000	0.0000	0.0000	0.0000	0.0000	0.0000	0.0000	0.0000	0.0000	0.0000	0.0000	0.0000	0.0000	0.0000	0.0000	0.0000	0.0000	0.0000	0.0000	0.0000	0.0000	0.0000	0.0000	0.0000	0.0000	0.0000	0.0000	0.0000	0.0000											
116	130	0.1501	6	0	2	0	2	0	0	0	0	N	Y	N	Y	N	N	N	N	N	N	N	N	0.0000	0.0000	0.0000	0.0000	0.0000	0.0000	0.0000	0.0000	0.0000	0.0000	0.0000	0.0000	0.0000	32.0462	82.2259	0.0000	0.0000	0.0000	0.0000	32.7844	87.0707	0.0000	0.0000	0.0000	-0.5219	5.0006	0.0000	2.0000	3.0001	0.0000	0.0000	0.0000	0.0000	0.0000	0.0000	0.0000	0.0000	0.0000	1.0000	1.0000	0.0000	0.0000	0.0000	0.0000	1.0000	1.0000	0.0000	0.0000	0.0000	0.0000	0.0000	0.0000	0.0000	0.0000	0.0000	0.0000	0.0312	0.0122	0.0190	0.0007	0.0007	0.0000	0.0305	0.0115	0.0190	0.0000	0.0000	0.0000	0.0000	0.0000	0.0000	0.0000	0.0000	0.0000	32.0462	82.2259	0.0000	0.0000	0.0000	0.0000	32.7844	87.0707	0.0000						
116	131	0.1404	5	0	2	0	1	0	0	0	0	N	Y	N	N	N	N	N	N	N	N	N	N	0.0000	0.0000	0.0000	0.0000	0.0000	0.0000	0.0000	0.0000	0.0000	0.0000	0.0000	0.0000	0.0000	0.0000	0.0000	0.0000	0.0000	0.0000	0.0000	0.0000	5.0006	0.0000	2.0000	0.0000	0.0000	0.0000	0.0000	0.0000	0.0000	0.0000	0.0000	0.0000	0.0000	0.0000	0.0000	0.0000	0.0000	0.0000	0.0000	0.0000	0.0000	0.0000	0.0000	0.0000	0.0000	0.0000	0.0000	0.0000	0.0000	0.0000	0.0000	0.0000	0.0000	0.0000	0.0000	0.0000	0.0000	0.0000	0.0000	0.0000	0.0000	0.0000	0.0000	0.0000	0.0000	0.0000	0.0000	0.0000	0.0000	0.0000	0.0000	0.0000	0.0000	0.0000	0.0000	0.0000	0.0000	0.0000											
116	132	0.1501	6	0	1	1	2	0	0	0	0	N	N	N	Y	N	N	N	N	N	N	N	N	0.0000	0.0000	0.0000	0.0000	0.0000	0.0000	0.0000	0.0000	0.0000	0.0000	0.0000	0.0000	0.0000	0.0000	0.0000	0.0000	0.0000	0.0000	0.0000	0.0000	5.0006	0.0000	2.0000	1.9999	0.0000	0.0000	0.0000	0.0000	0.0000	0.0000	0.0000	0.0000	0.0000	0.0000	0.0000	0.0000	0.0000	0.0000	0.0000	0.0000	0.0000	0.0000	0.0000	0.0000	0.0000	0.0000	0.0000	0.0000	0.0000	0.0000	0.0000	0.0210	0.0082	0.0128	0.0005	0.0005	0.0000	0.0205	0.0077	0.0128	0.0000	0.0000	0.0000	0.0000	0.0000	0.0000	0.0000	0.0000	0.0000	0.0000	0.0000	0.0000	0.0000	0.0000	0.0000	0.0000	0.0000	0.0000											
116	133	0.1611	7	0	1	1	2	0	0	0	0	N	N	N	Y	N	N	N	N	N	N	N	N	0.0000	0.0000	0.0000	0.0000	0.0000	0.0000	0.0000	0.0000	0.0000	0.0000	0.0000	0.0000	0.0000	0.0000	0.0000	0.0000	0.0000	0.0000	0.0000	0.0000	5.0006	1.0000	2.0000	0.0000	0.0000	0.0000	0.0000	0.0000	0.0000	0.0000	0.0000	0.0000	0.0000	0.0000	0.0000	0.0000	0.0000	0.0000	0.0000	0.0000	0.0000	0.0000	0.1558	0.1390	0.0167	0.0851	0.0783	0.0068	0.0707	0.0607	0.0099	0.0101	0.0038	0.0062	0.0002	0.0002	0.0000	0.0098	0.0036	0.0062	0.0000	0.0000	0.0000	0.0000	0.0000	0.0000	0.0000	0.0000	0.0000	0.0000	0.0000	0.0000	0.0000	0.0000	0.0000	0.0000	0.0000	0.0000											
116	134	0.1611	7	0	1	1	2	0	0	0	0	N	N	N	Y	N	N	N	N	N	N	N	N	0.0000	0.0000	0.0000	0.0000	0.0000	0.0000	0.0000	0.0000	0.0000	0.0000	0.0000	0.0000	0.0000	0.0000	0.0000	0.0000	0.0000	0.0000	0.0000	0.0000	5.0006	0.0000	2.0000	0.0000	0.0000	0.0000	0.0000	0.0000	0.0000	0.0000	0.0000	0.0000	0.0000	0.0000	0.0000	0.0000	0.0000	0.0000	0.0000	0.0000	0.0000	0.0000	0.0000	0.0000	0.0000	0.0000	0.0000	0.0000	0.0000	0.0000	0.0000	0.0000	0.0000	0.0000	0.0000	0.0000	0.0000	0.0000	0.0000	0.0000	0.0000	0.0000	0.0000	0.0000	0.0000	0.0000	0.0000	0.0000	0.0000	0.0000	0.0000	0.0000	0.0000	0.0000	0.0000	0.0000	0.0000	0.0000											
116	135	0.1501	6	0	1	1	2	0	0	0	0	N	N	N	Y	N	N	N	N	N	N	N	N	0.0000	0.0000	0.0000	0.0000	0.0000	0.0000	0.0000	0.0000	0.0000	0.0000	0.0000	0.0000	0.0000	0.0000	0.0000	0.0000	0.0000	0.0000	0.0000	0.0000	5.0006	2.0025	2.0000	0.9943	0.0000	0.0000	0.0000	0.0000	0.0000	0.0000	0.0000	0.0000	0.0000	0.0000	0.0000	0.0000	0.0000	0.0000	0.0000	0.0000	0.0000	0.0000	0.3077	0.2746	0.0331	0.1629	0.1500	0.0129	0.1448	0.1246	0.0202	0.0312	0.0121	0.0190	0.0007	0.0007	0.0000	0.0305	0.0115	0.0190	0.0000	0.0000	0.0000	0.0000	0.0000	0.0000	0.0000	0.0000	0.0000	0.0000	0.0000	0.0000	0.0000	0.0000	0.0000	0.0000	0.0000	0.0000											
116	136	0.1501	5	0	1	0	2	0	0	0	0	N	N	N	Y	N	N	N	N	N	N	N	N	0.0000	0.0000	0.0000	0.0000	0.0000	0.0000	0.0000	0.0000	0.0000	0.0000	0.0000	0.0000	0.0000	0.0000	0.0000	0.0000	0.0000	0.0000	0.0000	0.0000	5.0006	0.0050	2.0000	0.0173	0.0000	0.0000	0.0000	0.0000	0.0000	0.0000	0.0000	0.0000	0.0000	0.0000	0.0000	0.0000	0.0000	0.0000	0.0000	0.0000	0.0000	0.0000	0.0017	0.0015	0.0001	0.0013	0.0012	0.0001	0.0004	0.0003	0.0001	0.0002	0.0001	0.0001	0.0000	0.0000	0.0000	0.0002	0.0001	0.0001	0.0000	0.0000	0.0000	0.0000	0.0000	0.0000	0.0000	0.0000	0.0000	0.0000	0.0000	0.0000	0.0000	0.0000	0.0000	0.0000	0.0000	0.0000											
116	137	0.1404	4	0	1	0	2	0	0	0	0	N	N	N	Y	N	N	N	N	N	N	N	N	0.0000	0.0000	0.0000	0.0000	0.0000	0.0000	0.0000	0.0000	0.0000	0.0000	0.0000	0.0000	0.0000	0.0000	0.0000	0.0000	0.0000	0.0000	0.0000	0.0000	5.0006	1.9972	2.0000	1.0076	0.0000	0.0000	0.0000	0.0000	0.0000	0.0000	0.0000	0.0000	0.0000	0.0000	0.0000	0.0000	0.0000	0.0000	0.0000	0.0000	0.0000	0.0000	0.2871	0.2560	0.0311	0.1459	0.1345	0.0114	0.1412	0.1215	0.0197	0.0296	0.0114	0.0182	0.0007	0.0006	0.0000	0.0289	0.0108	0.0182	0.0000	0.0000	0.0000	0.0000	0.0000	0.0000	0.0000	0.0000	0.0000	0.0000	0.0000	0.0000	0.0000	0.0000	0.0000	0.0000	0.0000	0.0000											
116	138	0.1232	3	1	2	0	1	0	0	0	0	N	Y	N	N	N	N	N	N	N	N	N	N	0.0000	0.0000	0.0000	0.0000	0.0000	0.0000	0.0000	0.0000	0.0000	0.0000	0.0000	0.0000	0.0000	0.0000	0.0000	0.0000	0.0000	0.0000	0.0000	0.0000	5.0006	0.0002	2.0000	2.3255	0.0000	0.0000	0.0000	0.0000	0.0000	0.0000	0.0000	0.0000	0.0000	0.0000	0.0000	0.0000	0.0000	0.0000	0.0000	0.0000	0.0000	0.0000	0.0001	0.0001	0.0000	0.0000	0.0000	0.0000	0.0000	0.0000	0.0000	0.0371	0.0194	0.0177	0.0061	0.0059	0.0002	0.0310	0.0136	0.0174	0.0000	0.0000	0.0000	0.0000	0.0000	0.0000	0.0000	0.0000	0.0000	0.0000	0.0000	0.0000	0.0000	0.0000	0.0000	0.0000	0.0000	0.0000											
116	139	0.1053	2	1	2	0	1	0	0	0	0	N	Y	N	N	N	N	N	N	N	N	N	N	4695.0261	2184.0306	9.2818	11.9651	inf	inf	2.4186	2.6392	0.0000	0.0286	0.0300	0.0000	3.8205	4.2716	0.0000	0.0005	0.0012	0.0000	0.0031	0.0025	0.0000	0.0000	0.0000	0.0000	0.0000	0.0000	-0.2614	-0.0000	5.0006	2.0138	2.0000	2.7349	1.0047	1.0047	0.0000	0.0044	0.0044	0.0000	1.0003	1.0003	0.0000	0.0000	0.0000	0.0000	0.0000	0.0000	0.0000	0.0000	0.0000	0.0000	0.4154	0.3807	0.0347	0.1536	0.1465	0.0071	0.2618	0.2342	0.0277	0.0904	0.0464	0.0441	0.0176	0.0168	0.0008	0.0729	0.0296	0.0433	10936.6576	6119.3936	0.0000	25.1244	25.1666	0.0000	inf	inf	0.0000	0.0002	0.0004	0.0000	0.0011	0.0012	0.0000	0.0000	0.0000	0.0000			
116	140	0.1218	3	0	2	0	1	0	0	0	0	N	Y	N	N	N	N	N	N	N	N	N	N	inf	inf	inf	inf	inf	inf	0.9173	1.0026	0.0000	0.1592	0.1674	0.0000	1.6137	1.8299	0.0000	0.0000	0.0000	0.0000	0.0000	0.0000	0.0000	0.0000	0.0000	0.0000	0.0000	-0.0996	0.0000	5.0006	1.9232	2.0000	1.1116	0.3828	0.3828	0.0000	0.0318	0.0318	0.0000	0.3510	0.3510	0.0000	0.0000	0.0000	0.0000	0.0000	0.0000	0.0000	0.0000	0.0000	0.0000	0.4173	0.3818	0.0355	0.1998	0.1900	0.0098	0.2175	0.1918	0.0257	0.0373	0.0165	0.0208	0.0032	0.0030	0.0002	0.0341	0.0135	0.0206	inf	inf	0.0000	inf	inf	0.0000	inf	inf	0.0000	0.0000	0.0000	0.0000	0.0000	0.0000	0.0000	0.0000	0.0000	0.0000				
116	141	0.6303	5	0	2	0	1	0	0	0	0	N	Y	N	N	N	N	N	N	N	N	N	N	inf	inf	inf	inf	0.0001	0.0001	0.0000	0.0001	0.0002	0.0000	0.0000	0.0000	0.0000	0.0000	0.0000	0.0000	0.0000	0.0000	0.0000	0.0000	0.0000	0.0000	0.0000	-0.0000	0.0000	5.0006	3.0000	2.0000	1.0000	0.0001	0.0001	0.0000	0.0001	0.0001	0.0000	0.0000	0.0000	0.0000	0.0000	0.0000	0.0000	0.0000	0.0000	0.0000	0.0000	0.0000	0.0000	0.7026	0.6375	0.0652	0.4784	0.4448	0.0336	0.2242	0.1926	0.0316	0.0463	0.0230	0.0233	0.0152	0.0129	0.0023	0.0311	0.0101	0.0210	inf	inf	0.0000	inf	inf	0.0000	0.0000	0.0000	0.0000	0.0000	0.0000	0.0000	0.0000	0.0000	0.0000	0.0000	0.0000	0.0000						
116	142	0.6111	4	0	1	0	1	0	0	0	0	N	N	N	N	N	N	N	N	N	N	N	N	0.0000	0.0000	0.0000	0.0000	0.0000	0.0000	0.0000	0.0000	0.0000	0.0000	0.0000	0.0000	0.0000	0.0000	0.0000	0.0000	0.0000	0.0000	0.0000	0.0000	5.0006	1.0000	2.0000	1.0000	0.0000	0.0000	0.0000	0.0000	0.0000	0.0000	0.0000	0.0000	0.0000	0.0000	0.0000	0.0000	0.0000	0.0000	0.0000	0.0000	0.0000	0.0000	0.2091	0.1887	0.0205	0.1298	0.1207	0.0091	0.0793	0.0680	0.0113	0.0242	0.0119	0.0123	0.0078	0.0066	0.0012	0.0164	0.0053	0.0111	0.0000	0.0000	0.0000	0.0000	0.0000	0.0000	0.0000	0.0000	0.0000	0.0000	0.0000	0.0000	0.0000	0.0000	0.0000	0.0000	0.0000	0.0000											
116	143	0.3607	3	0	1	0	1	0	0	0	0	N	N	N	N	N	N	N	N	N	N	N	N	0.4591	0.5218	0.0000	29.9792	27.8206	0.0309	0.0207	0.0000	0.7418	0.8305	0.0000	1.9783	2.1155	0.0000	0.0602	0.0692	0.0000	1.6157	1.5915	2.6310	0.0660	0.0760	0.0000	1.9463	3.3442	1.2751	0.0000	2.7917	-0.2634	0.0238	5.0006	7.1211	2.0000	10.9474	1.0122	1.0122	0.0000	0.9592	0.9592	0.0000	0.0530	0.0530	0.0000	0.1111	0.0293	0.0818	0.0017	0.0017	0.0000	0.1094	0.0276	0.0818	1.3646	1.2188	0.1457	0.4849	0.4534	0.0314	0.8797	0.7654	0.1143	0.4337	0.2775	0.1562	0.2020	0.1723	0.0296	0.2317	0.1052	0.1265	2.8966	7.8691	0.0000	239.2497	218.2839	0.0000	0.1276	0.2636	0.0000	0.2561	0.1055	0.5237	0.0083	0.0097	0.0000	0.4721	0.2625	0.6464	
116	144	0.1659	2	0	1	0	1	0	0	0	0	N	N	N	N	N	N	N	N	N	N	N	N	0.2124	0.2290	0.0005	0.2517	0.2493	139.0763	0.1868	0.1373	0.0004	0.7652	0.8639	0.0052	0.5756	0.6028	0.0195	0.7892	0.8999	0.0045	3.6024	3.7730	11.5309	2.2872	2.4180	0.0001	4.2239	6.5544	10.9523	0.0008	0.7561	-0.2713	-0.1582	5.0006	8.5175	2.0000	23.1696	1.0458	1.0450	0.0008	0.0884	0.0883	0.0001	0.9574	0.9567	0.0007	1.7314	0.9859	0.7454	0.0193	0.0193	0.0000	1.7121	0.9667	0.7454	1.3667	1.2096	0.1571	0.1536	0.1464	0.0072	1.2131	1.0631	0.1500	0.4806	0.2613	0.2193	0.0753	0.0680	0.0073	0.4053	0.1934	0.2120	0.2124	0.2290	0.0015	2.2486	2.1255	139.0763	0.1868	0.1800	0.0013	3.6024	3.7730	3.3991	0.2560	0.2836	0.0001	4.2239	4.9993	3.5166
116	145	0.1404	5	1	2	0	1	0	0	0	0	N	Y	N	N	N	N	N	N	N	N	N	N	0.0000	0.0000	0.0000	0.0000	0.0000	0.0000	0.0000	0.0000	0.0000	0.0000	0.0000	0.0000	0.0000	0.0000	0.0000	0.0000	0.0000	0.0000	0.0000	0.0000	5.0006	1.0000	2.0000	1.0000	0.0000	0.0000	0.0000	0.0000	0.0000	0.0000	0.0000	0.0000	0.0000	0.0000	0.0000	0.0000	0.0000	0.0000	0.0000	0.0000	0.0000	0.0000	0.1473	0.1313	0.0160	0.0756	0.0696	0.0060	0.0717	0.0617	0.0100	0.0199	0.0077	0.0123	0.0005	0.0004	0.0000	0.0195	0.0072	0.0122	0.0000	0.0000	0.0000	0.0000	0.0000	0.0000	0.0000	0.0000	0.0000	0.0000	0.0000	0.0000	0.0000	0.0000	0.0000	0.0000	0.0000	0.0000											
116	146	0.1404	4	0	2	0	1	0	0	0	0	N	Y	N	N	N	N	N	N	N	N	N	N	0.0000	0.0000	0.0000	0.0000	0.0000	0.0000	0.0000	0.0000	0.0000	0.0000	0.0000	0.0000	0.0000	0.0000	0.0000	0.0000	0.0000	0.0000	0.0000	0.0000	5.0006	0.0003	2.0000	0.0000	0.0000	0.0000	0.0000	0.0000	0.0000	0.0000	0.0000	0.0000	0.0000	0.0000	0.0000	0.0000	0.0000	0.0000	0.0000	0.0000	0.0000	0.0000	0.0001	0.0001	0.0000	0.0001	0.0001	0.0000	0.0000	0.0000	0.0000	0.0000	0.0000	0.0000	0.0000	0.0000	0.0000	0.0000	0.0000	0.0000	0.0000	0.0000	0.0000	0.0000	0.0000	0.0000	0.0000	0.0000	0.0000	0.0000	0.0000	0.0000	0.0000	0.0000	0.0000	0.0000	0.0000	0.0000											
116	147	0.1218	3	0	1	0	1	0	0	0	0	N	N	N	N	N	N	N	N	N	N	N	N	inf	inf	inf	inf	inf	inf	2.5938	2.8817	0.0000	1.8521	1.9773	0.0000	3.1790	3.6491	0.0000	0.0000	0.0000	0.0000	0.0000	0.0000	0.0000	0.0000	0.0000	0.0000	0.0000	-0.5130	0.0000	5.0006	4.9449	2.0000	1.0063	1.9717	1.9717	0.0000	0.6209	0.6209	0.0000	1.3508	1.3508	0.0000	0.0000	0.0000	0.0000	0.0000	0.0000	0.0000	0.0000	0.0000	0.0000	0.7602	0.6842	0.0760	0.3353	0.3140	0.0212	0.4249	0.3702	0.0547	0.0668	0.0286	0.0383	0.0038	0.0036	0.0002	0.0630	0.0249	0.0381	inf	inf	0.0000	inf	inf	0.0000	inf	inf	0.0000	0.0000	0.0000	0.0000	0.0000	0.0000	0.0000	0.0000	0.0000	0.0000				
116	148	0.1053	2	0	1	0	1	0	0	0	0	N	N	N	N	N	N	N	N	N	N	N	N	2216.7688	1018.9482	inf	3.2044	4.1659	inf	inf	inf	inf	1.1116	1.2267	0.0261	0.0098	0.0104	0.0005	1.6720	1.8865	0.0325	0.0005	0.0012	0.0000	0.0031	0.0025	0.0000	0.0000	0.0000	0.0000	0.0023	0.0000	-0.1673	-0.0000	5.0006	3.4778	2.0000	1.2917	0.6488	0.6473	0.0015	0.0019	0.0019	0.0000	0.6469	0.6454	0.0015	0.0000	0.0000	0.0000	0.0000	0.0000	0.0000	0.0000	0.0000	0.0000	0.5836	0.5277	0.0559	0.1968	0.1856	0.0112	0.3869	0.3421	0.0448	0.0907	0.0465	0.0442	0.0176	0.0168	0.0008	0.0731	0.0297	0.0434	5040.7048	2850.9679	inf	8.6456	8.7314	inf	inf	inf	inf	0.0002	0.0004	0.0000	0.0011	0.0012	0.0000	0.0000	0.0000	0.0000
116	150	0.1823	3	0	1	0	1	0	0	0	0	N	N	N	N	N	N	N	N	N	N	N	N	0.0002	0.0002	0.0005	0.0006	0.0004	0.0004	0.0000	0.0022	0.0023	0.0000	0.0000	0.0000	0.0000	1.5541	2.1860	0.0000	4.1489	4.1257	0.0000	0.0000	0.0000	0.0000	0.0000	0.0000	-0.0001	-0.0367	5.0006	3.7255	2.0000	14.1767	0.0003	0.0003	0.0000	0.0003	0.0003	0.0000	0.0000	0.0000	0.0000	0.0704	0.0704	0.0000	0.0704	0.0704	0.0000	0.0000	0.0000	0.0000	0.7767	0.6873	0.0894	0.1291	0.1247	0.0044	0.6476	0.5625	0.0851	0.3461	0.2015	0.1445	0.0591	0.0545	0.0046	0.2869	0.1470	0.1400	0.0018	0.0012	0.0000	0.0019	0.0018	0.0000	0.0000	0.0000	0.0000	0.2034	0.3493	0.0000	1.1907	1.2906	0.0000	0.0000	0.0000	0.0000					
116	151	0.1659	2	0	1	0	1	0	0	0	0	N	N	N	N	N	N	N	N	N	N	N	N	0.0031	0.0028	0.0001	0.0012	0.0012	0.0026	0.0041	0.1125	0.0003	0.0074	0.0083	0.0004	0.0064	0.0065	0.0000	0.0076	0.0088	0.0005	2.3925	2.9903	4.9670	5.4610	5.6340	0.0004	1.8570	0.0784	1.5694	0.0070	0.3150	-0.0007	-0.0672	5.0006	1.4205	2.0000	4.0377	0.0029	0.0029	0.0000	0.0005	0.0005	0.0000	0.0023	0.0023	0.0000	0.2381	0.1811	0.0570	0.1809	0.1809	0.0000	0.0573	0.0002	0.0570	0.3917	0.3463	0.0454	0.0847	0.0833	0.0014	0.3070	0.2631	0.0439	0.2050	0.1237	0.0813	0.0554	0.0532	0.0022	0.1497	0.0705	0.0792	0.0063	0.0056	0.0006	0.0020	0.0019	0.0026	0.0199	2.9754	0.0006	1.1615	1.4641	0.7014	3.2673	3.4007	0.0004	0.3825	0.0030	0.7206
117	118	0.6027	4	0	2	0	1	0	0	0	0	N	Y	N	N	N	N	N	N	N	N	N	N	0.0000	0.0000	0.0000	0.0000	0.0000	0.0000	0.0000	0.0000	0.0000	0.0000	0.0000	0.0000	0.0000	0.0000	0.0000	0.0000	0.0000	0.0000	0.0000	0.0000	0.0000	16.9994	1.0000	6.0000	0.0000	0.0000	0.0000	0.0000	0.0000	0.0000	0.0000	0.0000	0.0000	0.0000	0.0000	0.0000	0.0000	0.0000	0.0000	0.0000	0.0000	0.0000	0.0000	0.0000	0.0000	0.0000	0.0000	0.0000	0.0000	0.0000	0.0000	0.0257	0.0129	0.0128	0.0087	0.0074	0.0013	0.0170	0.0055	0.0115	0.0000	0.0000	0.0000	0.0000	0.0000	0.0000	0.0000	0.0000	0.0000	0.0000	0.0000	0.0000	0.0000	0.0000	0.0000	0.0000	0.0000	0.0000											
117	120	0.0746	2	0	2	0	1	0	0	0	0	N	Y	N	N	N	N	N	N	N	N	N	N	0.0000	0.0000	0.0000	0.0000	0.0000	0.0000	0.0000	0.0000	0.0000	0.0000	0.0000	0.0000	0.0000	0.0000	0.0000	0.0000	0.0000	0.0000	0.0000	0.0000	0.0000	0.9998	1.0000	0.9486	0.0000	0.0000	0.0000	0.0000	0.0000	0.0000	0.0000	0.0000	0.0000	0.0000	0.0000	0.0000	0.0000	0.0000	0.0000	0.0000	0.0000	0.0000	0.0000	0.0000	0.0000	0.0000	0.0000	0.0000	0.0000	0.0000	0.0000	0.0073	0.0029	0.0043	0.0012	0.0011	0.0000	0.0061	0.0018	0.0043	0.0000	0.0000	0.0000	0.0000	0.0000	0.0000	0.0000	0.0000	0.0000	0.0000	0.0000	0.0000	0.0000	0.0000	0.0000	0.0000	0.0000	0.0000											
117	122	0.6439	5	0	2	0	1	0	0	0	0	N	Y	N	N	N	N	N	N	N	N	N	N	0.0000	0.0000	0.0000	0.0000	0.0000	0.0000	0.0000	0.0000	0.0000	0.0000	0.0000	0.0000	0.0000	0.0000	0.0000	0.0000	0.0000	0.0000	0.0000	0.0000	0.0000	2.0001	1.0000	3.0000	0.0000	0.0000	0.0000	0.0000	0.0000	0.0000	0.0000	0.0000	0.0000	0.0000	0.0000	0.0000	0.0000	0.0000	0.0000	0.0000	0.0000	0.0000	0.0000	0.0000	0.0000	0.0000	0.0000	0.0000	0.0000	0.0000	0.0000	0.0046	0.0026	0.0020	0.0023	0.0020	0.0003	0.0023	0.0006	0.0017	0.0000	0.0000	0.0000	0.0000	0.0000	0.0000	0.0000	0.0000	0.0000	0.0000	0.0000	0.0000	0.0000	0.0000	0.0000	0.0000	0.0000	0.0000											
117	123	0.6027	4	0	1	0	1	0	0	0	0	N	N	N	N	N	N	N	N	N	N	N	N	0.0000	0.0000	0.0000	0.0000	0.0000	0.0000	0.0000	0.0000	0.0000	0.0000	0.0000	0.0000	0.0000	0.0000	0.0000	0.0000	0.0000	0.0000	0.0000	0.0000	0.0000	6.9986	1.0000	2.0000	0.0000	0.0000	0.0000	0.0000	0.0000	0.0000	0.0000	0.0000	0.0000	0.0000	0.0000	0.0000	0.0000	0.0000	0.0000	0.0000	0.0000	0.0000	0.0000	0.0000	0.0000	0.0000	0.0000	0.0000	0.0000	0.0000	0.0000	0.0118	0.0058	0.0060	0.0038	0.0032	0.0006	0.0080	0.0026	0.0054	0.0000	0.0000	0.0000	0.0000	0.0000	0.0000	0.0000	0.0000	0.0000	0.0000	0.0000	0.0000	0.0000	0.0000	0.0000	0.0000	0.0000	0.0000											
117	124	0.0801	2	0	2	0	1	0	0	0	0	N	Y	N	N	N	N	N	N	N	N	N	N	0.0000	0.0000	0.0000	0.0000	0.0000	0.0000	0.0000	0.0000	0.0000	0.0000	0.0000	0.0000	0.0000	0.0000	0.0000	0.0000	0.0000	0.0000	0.0000	0.0000	0.0000	3.9006	1.0000	3.1543	0.0000	0.0000	0.0000	0.0000	0.0000	0.0000	0.0000	0.0000	0.0000	0.0000	0.0000	0.0000	0.0000	0.0000	0.0000	0.0000	0.0000	0.0000	0.0000	0.0000	0.0000	0.0000	0.0000	0.0000	0.0000	0.0000	0.0000	0.0390	0.0177	0.0214	0.0046	0.0045	0.0001	0.0344	0.0131	0.0213	0.0000	0.0000	0.0000	0.0000	0.0000	0.0000	0.0000	0.0000	0.0000	0.0000	0.0000	0.0000	0.0000	0.0000	0.0000	0.0000	0.0000	0.0000											
117	126	0.6027	4	0	2	0	1	0	0	0	0	N	Y	N	N	N	N	N	N	N	N	N	N	0.0000	0.0000	0.0000	0.0000	0.0000	0.0000	0.0000	0.0000	0.0000	0.0000	0.0000	0.0000	0.0000	0.0000	0.0000	0.0000	0.0000	0.0000	0.0000	0.0000	0.0000	0.9996	1.0000	8.0005	0.0000	0.0000	0.0000	0.0000	0.0000	0.0000	0.0000	0.0000	0.0000	0.0000	0.0000	0.0000	0.0000	0.0000	0.0000	0.0000	0.0000	0.0000	0.0000	0.0000	0.0000	0.0000	0.0000	0.0000	0.0000	0.0000	0.0000	0.0118	0.0058	0.0060	0.0038	0.0032	0.0006	0.0080	0.0026	0.0054	0.0000	0.0000	0.0000	0.0000	0.0000	0.0000	0.0000	0.0000	0.0000	0.0000	0.0000	0.0000	0.0000	0.0000	0.0000	0.0000	0.0000	0.0000											
117	127	0.5081	4	0	1	0	1	0	0	0	0	N	N	N	N	N	N	N	N	N	N	N	N	0.0000	0.0000	0.0000	0.0000	0.0000	0.0000	0.0000	0.0000	0.0000	0.0000	0.0000	0.0000	0.0000	0.0000	0.0000	0.0000	0.0000	0.0000	0.0000	0.0000	0.0000	3.6536	1.0000	12.3970	0.0000	0.0000	0.0000	0.0000	0.0000	0.0000	0.0000	0.0000	0.0000	0.0000	0.0000	0.0000	0.0000	0.0000	0.0000	0.0000	0.0000	0.0000	0.0000	0.0000	0.0000	0.0000	0.0000	0.0000	0.0000	0.0000	0.0000	0.0248	0.0135	0.0113	0.0092	0.0081	0.0011	0.0157	0.0054	0.0102	0.0000	0.0000	0.0000	0.0000	0.0000	0.0000	0.0000	0.0000	0.0000	0.0000	0.0000	0.0000	0.0000	0.0000	0.0000	0.0000	0.0000	0.0000											
117	128	0.2969	2	0	1	0	1	0	0	0	0	N	N	N	N	N	N	N	N	N	N	N	N	0.0000	0.0000	0.0000	0.0000	0.0000	0.0000	0.0000	0.0000	0.0000	0.0000	0.0000	0.0000	0.0000	0.0080	0.0158	0.0000	0.0116	0.0112	0.0000	0.0000	0.0000	0.0000	0.0000	0.0000	-0.0000	0.0000	5.3495	1.0000	12.4099	0.0000	0.0000	0.0000	0.0000	0.0000	0.0000	0.0000	0.0000	0.0000	0.0001	0.0001	0.0000	0.0001	0.0001	0.0000	0.0000	0.0000	0.0000	0.0000	0.0000	0.0000	0.0000	0.0000	0.0000	0.0000	0.0000	0.0000	0.0460	0.0244	0.0216	0.0159	0.0143	0.0016	0.0301	0.0101	0.0200	0.0000	0.0000	0.0000	0.0000	0.0000	0.0000	0.0000	0.0000	0.0000	0.0011	0.0021	0.0000	0.0031	0.0035	0.0000	0.0000	0.0000	0.0000						
117	129	0.7141	10	0	2	0	2	0	0	0	0	N	Y	N	Y	N	N	N	N	N	N	N	N	0.0000	0.0000	0.0000	0.0000	0.0000	0.0000	0.0000	0.0000	0.0000	0.0000	0.0000	0.0000	0.0000	0.0000	0.0000	0.0000	0.0000	0.0000	0.0000	0.0000	0.0000	0.0000	1.0000	0.0000	0.0000	0.0000	0.0000	0.0000	0.0000	0.0000	0.0000	0.0000	0.0000	0.0000	0.0000	0.0000	0.0000	0.0000	0.0000	0.0000	0.0000	0.0000	0.0000	0.0000	0.0000	0.0000	0.0000	0.0000	0.0000	0.0000	0.0000	0.0000	0.0000	0.0000	0.0000	0.0000	0.0000	0.0000	0.0000	0.0000	0.0000	0.0000	0.0000	0.0000	0.0000	0.0000	0.0000	0.0000	0.0000	0.0000	0.0000	0.0000	0.0000	0.0000	0.0000	0.0000	0.0000	0.0000											
117	130	0.6978	9	0	2	0	2	0	0	0	0	N	Y	N	Y	N	N	N	N	N	N	N	N	0.0000	0.0000	0.0000	0.0000	0.0000	0.0000	0.0000	0.0000	0.0000	0.0000	0.0000	0.0000	0.0000	0.0000	0.0000	0.0000	0.0000	0.0000	0.0000	0.0000	0.0000	0.0000	1.0000	3.0001	0.0000	0.0000	0.0000	0.0000	0.0000	0.0000	0.0000	0.0000	0.0000	0.0000	0.0000	0.0000	0.0000	0.0000	0.0000	0.0000	0.0000	0.0000	0.0000	0.0000	0.0000	0.0000	0.0000	0.0000	0.0000	0.0000	0.0000	0.0026	0.0016	0.0010	0.0014	0.0012	0.0002	0.0012	0.0003	0.0008	0.0000	0.0000	0.0000	0.0000	0.0000	0.0000	0.0000	0.0000	0.0000	0.0000	0.0000	0.0000	0.0000	0.0000	0.0000	0.0000	0.0000	0.0000											
117	131	0.6882	8	0	2	0	1	0	0	0	0	N	Y	N	N	N	N	N	N	N	N	N	N	0.0000	0.0000	0.0000	0.0000	0.0000	0.0000	0.0000	0.0000	0.0000	0.0000	0.0000	0.0000	0.0000	0.0000	0.0000	0.0000	0.0000	0.0000	0.0000	0.0000	0.0000	0.0000	1.0000	0.0000	0.0000	0.0000	0.0000	0.0000	0.0000	0.0000	0.0000	0.0000	0.0000	0.0000	0.0000	0.0000	0.0000	0.0000	0.0000	0.0000	0.0000	0.0000	0.0000	0.0000	0.0000	0.0000	0.0000	0.0000	0.0000	0.0000	0.0000	0.0000	0.0000	0.0000	0.0000	0.0000	0.0000	0.0000	0.0000	0.0000	0.0000	0.0000	0.0000	0.0000	0.0000	0.0000	0.0000	0.0000	0.0000	0.0000	0.0000	0.0000	0.0000	0.0000	0.0000	0.0000	0.0000	0.0000											
117	132	0.6978	9	0	1	1	2	0	0	0	0	N	N	N	Y	N	N	N	N	N	N	N	N	0.0000	0.0000	0.0000	0.0000	0.0000	0.0000	0.0000	0.0000	0.0000	0.0000	0.0000	0.0000	0.0000	0.0000	0.0000	0.0000	0.0000	0.0000	0.0000	0.0000	0.0000	0.0000	1.0000	1.9999	0.0000	0.0000	0.0000	0.0000	0.0000	0.0000	0.0000	0.0000	0.0000	0.0000	0.0000	0.0000	0.0000	0.0000	0.0000	0.0000	0.0000	0.0000	0.0000	0.0000	0.0000	0.0000	0.0000	0.0000	0.0000	0.0000	0.0000	0.0017	0.0011	0.0007	0.0010	0.0008	0.0001	0.0008	0.0002	0.0005	0.0000	0.0000	0.0000	0.0000	0.0000	0.0000	0.0000	0.0000	0.0000	0.0000	0.0000	0.0000	0.0000	0.0000	0.0000	0.0000	0.0000	0.0000											
117	133	0.7089	10	0	1	1	2	0	0	0	0	N	N	N	Y	N	N	N	N	N	N	N	N	0.0000	0.0000	0.0000	0.0000	0.0000	0.0000	0.0000	0.0000	0.0000	0.0000	0.0000	0.0000	0.0000	0.0000	0.0000	0.0000	0.0000	0.0000	0.0000	0.0000	0.0000	1.0000	1.0000	0.0000	0.0000	0.0000	0.0000	0.0000	0.0000	0.0000	0.0000	0.0000	0.0000	0.0000	0.0000	0.0000	0.0000	0.0000	0.0000	0.0000	0.0000	0.0000	0.0000	0.0000	0.0000	0.0000	0.0000	0.0000	0.0000	0.0000	0.0000	0.0008	0.0005	0.0003	0.0004	0.0003	0.0000	0.0004	0.0001	0.0003	0.0000	0.0000	0.0000	0.0000	0.0000	0.0000	0.0000	0.0000	0.0000	0.0000	0.0000	0.0000	0.0000	0.0000	0.0000	0.0000	0.0000	0.0000											
117	134	0.7089	10	0	1	1	2	0	0	0	0	N	N	N	Y	N	N	N	N	N	N	N	N	0.0000	0.0000	0.0000	0.0000	0.0000	0.0000	0.0000	0.0000	0.0000	0.0000	0.0000	0.0000	0.0000	0.0000	0.0000	0.0000	0.0000	0.0000	0.0000	0.0000	0.0000	0.0000	1.0000	0.0000	0.0000	0.0000	0.0000	0.0000	0.0000	0.0000	0.0000	0.0000	0.0000	0.0000	0.0000	0.0000	0.0000	0.0000	0.0000	0.0000	0.0000	0.0000	0.0000	0.0000	0.0000	0.0000	0.0000	0.0000	0.0000	0.0000	0.0000	0.0000	0.0000	0.0000	0.0000	0.0000	0.0000	0.0000	0.0000	0.0000	0.0000	0.0000	0.0000	0.0000	0.0000	0.0000	0.0000	0.0000	0.0000	0.0000	0.0000	0.0000	0.0000	0.0000	0.0000	0.0000	0.0000	0.0000											
117	135	0.6978	9	0	1	1	2	0	0	0	0	N	N	N	Y	N	N	N	N	N	N	N	N	0.0000	0.0000	0.0000	0.0000	0.0000	0.0000	0.0000	0.0000	0.0000	0.0000	0.0000	0.0000	0.0000	0.0000	0.0000	0.0000	0.0000	0.0000	0.0000	0.0000	0.0000	2.0025	1.0000	0.9943	0.0000	0.0000	0.0000	0.0000	0.0000	0.0000	0.0000	0.0000	0.0000	0.0000	0.0000	0.0000	0.0000	0.0000	0.0000	0.0000	0.0000	0.0000	0.0000	0.0000	0.0000	0.0000	0.0000	0.0000	0.0000	0.0000	0.0000	0.0026	0.0016	0.0010	0.0014	0.0012	0.0002	0.0011	0.0003	0.0008	0.0000	0.0000	0.0000	0.0000	0.0000	0.0000	0.0000	0.0000	0.0000	0.0000	0.0000	0.0000	0.0000	0.0000	0.0000	0.0000	0.0000	0.0000											
117	136	0.6978	8	0	1	0	2	0	0	0	0	N	N	N	Y	N	N	N	N	N	N	N	N	0.0000	0.0000	0.0000	0.0000	0.0000	0.0000	0.0000	0.0000	0.0000	0.0000	0.0000	0.0000	0.0000	0.0000	0.0000	0.0000	0.0000	0.0000	0.0000	0.0000	0.0000	0.0050	1.0000	0.0173	0.0000	0.0000	0.0000	0.0000	0.0000	0.0000	0.0000	0.0000	0.0000	0.0000	0.0000	0.0000	0.0000	0.0000	0.0000	0.0000	0.0000	0.0000	0.0000	0.0000	0.0000	0.0000	0.0000	0.0000	0.0000	0.0000	0.0000	0.0000	0.0000	0.0000	0.0000	0.0000	0.0000	0.0000	0.0000	0.0000	0.0000	0.0000	0.0000	0.0000	0.0000	0.0000	0.0000	0.0000	0.0000	0.0000	0.0000	0.0000	0.0000	0.0000	0.0000	0.0000	0.0000	0.0000											
117	137	0.6882	7	0	1	0	2	0	0	0	0	N	N	N	Y	N	N	N	N	N	N	N	N	0.0000	0.0000	0.0000	0.0000	0.0000	0.0000	0.0000	0.0000	0.0000	0.0000	0.0000	0.0000	0.0000	0.0000	0.0000	0.0000	0.0000	0.0000	0.0000	0.0000	0.0000	1.9972	1.0000	1.0076	0.0000	0.0000	0.0000	0.0000	0.0000	0.0000	0.0000	0.0000	0.0000	0.0000	0.0000	0.0000	0.0000	0.0000	0.0000	0.0000	0.0000	0.0000	0.0000	0.0000	0.0000	0.0000	0.0000	0.0000	0.0000	0.0000	0.0000	0.0022	0.0014	0.0008	0.0014	0.0012	0.0002	0.0008	0.0002	0.0006	0.0000	0.0000	0.0000	0.0000	0.0000	0.0000	0.0000	0.0000	0.0000	0.0000	0.0000	0.0000	0.0000	0.0000	0.0000	0.0000	0.0000	0.0000											
117	138	0.6709	6	1	2	0	1	0	0	0	0	N	Y	N	N	N	N	N	N	N	N	N	N	0.0000	0.0000	0.0000	0.0000	0.0000	0.0000	0.0000	0.0000	0.0000	0.0000	0.0000	0.0000	0.0000	0.0000	0.0000	0.0000	0.0000	0.0000	0.0000	0.0000	0.0000	0.0002	1.0000	2.3255	0.0000	0.0000	0.0000	0.0000	0.0000	0.0000	0.0000	0.0000	0.0000	0.0000	0.0000	0.0000	0.0000	0.0000	0.0000	0.0000	0.0000	0.0000	0.0000	0.0000	0.0000	0.0000	0.0000	0.0000	0.0000	0.0000	0.0000	0.0027	0.0017	0.0011	0.0013	0.0011	0.0002	0.0014	0.0005	0.0009	0.0000	0.0000	0.0000	0.0000	0.0000	0.0000	0.0000	0.0000	0.0000	0.0000	0.0000	0.0000	0.0000	0.0000	0.0000	0.0000	0.0000	0.0000											
117	139	0.6530	5	1	2	0	1	0	0	0	0	N	Y	N	N	N	N	N	N	N	N	N	N	0.0000	0.0000	0.0000	0.0000	0.0000	0.0000	0.0000	0.0000	0.0000	0.0000	0.0000	0.0000	0.0000	0.0000	0.0000	0.0000	0.0000	0.0000	0.0000	0.0000	0.0000	2.0138	1.0000	2.7349	0.0000	0.0000	0.0000	0.0000	0.0000	0.0000	0.0000	0.0000	0.0000	0.0000	0.0000	0.0000	0.0000	0.0000	0.0000	0.0000	0.0000	0.0000	0.0000	0.0000	0.0000	0.0000	0.0000	0.0000	0.0000	0.0000	0.0000	0.0077	0.0044	0.0033	0.0036	0.0033	0.0003	0.0042	0.0012	0.0030	0.0000	0.0000	0.0000	0.0000	0.0000	0.0000	0.0000	0.0000	0.0000	0.0000	0.0000	0.0000	0.0000	0.0000	0.0000	0.0000	0.0000	0.0000											
117	140	0.6696	6	0	2	0	1	0	0	0	0	N	Y	N	N	N	N	N	N	N	N	N	N	0.0000	0.0000	0.0000	0.0000	0.0000	0.0000	0.0000	0.0000	0.0000	0.0000	0.0000	0.0000	0.0000	0.0000	0.0000	0.0000	0.0000	0.0000	0.0000	0.0000	0.0000	1.9232	1.0000	1.1116	0.0000	0.0000	0.0000	0.0000	0.0000	0.0000	0.0000	0.0000	0.0000	0.0000	0.0000	0.0000	0.0000	0.0000	0.0000	0.0000	0.0000	0.0000	0.0000	0.0000	0.0000	0.0000	0.0000	0.0000	0.0000	0.0000	0.0000	0.0024	0.0015	0.0009	0.0015	0.0013	0.0002	0.0009	0.0002	0.0007	0.0000	0.0000	0.0000	0.0000	0.0000	0.0000	0.0000	0.0000	0.0000	0.0000	0.0000	0.0000	0.0000	0.0000	0.0000	0.0000	0.0000	0.0000											
117	141	0.0658	2	0	2	0	1	0	0	0	0	N	Y	N	N	N	N	N	N	N	N	N	N	0.0000	0.0000	0.0000	0.0000	0.0000	0.0000	0.0000	0.0000	0.0000	0.0000	0.0000	0.0000	0.0000	0.0000	0.0000	0.0000	0.0000	0.0000	0.0000	0.0000	0.0000	3.0000	1.0000	1.0000	0.0000	0.0000	0.0000	0.0000	0.0000	0.0000	0.0000	0.0000	0.0000	0.0000	0.0000	0.0000	0.0000	0.0000	0.0000	0.0000	0.0000	0.0000	0.0000	0.0000	0.0000	0.0000	0.0000	0.0000	0.0000	0.0000	0.0000	0.0240	0.0104	0.0136	0.0000	0.0000	0.0000	0.0240	0.0104	0.0136	0.0000	0.0000	0.0000	0.0000	0.0000	0.0000	0.0000	0.0000	0.0000	0.0000	0.0000	0.0000	0.0000	0.0000	0.0000	0.0000	0.0000	0.0000											
117	145	0.6882	8	1	2	0	1	0	0	0	0	N	Y	N	N	N	N	N	N	N	N	N	N	0.0000	0.0000	0.0000	0.0000	0.0000	0.0000	0.0000	0.0000	0.0000	0.0000	0.0000	0.0000	0.0000	0.0000	0.0000	0.0000	0.0000	0.0000	0.0000	0.0000	0.0000	1.0000	1.0000	1.0000	0.0000	0.0000	0.0000	0.0000	0.0000	0.0000	0.0000	0.0000	0.0000	0.0000	0.0000	0.0000	0.0000	0.0000	0.0000	0.0000	0.0000	0.0000	0.0000	0.0000	0.0000	0.0000	0.0000	0.0000	0.0000	0.0000	0.0000	0.0015	0.0010	0.0005	0.0010	0.0008	0.0001	0.0005	0.0001	0.0004	0.0000	0.0000	0.0000	0.0000	0.0000	0.0000	0.0000	0.0000	0.0000	0.0000	0.0000	0.0000	0.0000	0.0000	0.0000	0.0000	0.0000	0.0000											
117	146	0.6882	7	0	2	0	1	0	0	0	0	N	Y	N	N	N	N	N	N	N	N	N	N	0.0000	0.0000	0.0000	0.0000	0.0000	0.0000	0.0000	0.0000	0.0000	0.0000	0.0000	0.0000	0.0000	0.0000	0.0000	0.0000	0.0000	0.0000	0.0000	0.0000	0.0000	0.0003	1.0000	0.0000	0.0000	0.0000	0.0000	0.0000	0.0000	0.0000	0.0000	0.0000	0.0000	0.0000	0.0000	0.0000	0.0000	0.0000	0.0000	0.0000	0.0000	0.0000	0.0000	0.0000	0.0000	0.0000	0.0000	0.0000	0.0000	0.0000	0.0000	0.0000	0.0000	0.0000	0.0000	0.0000	0.0000	0.0000	0.0000	0.0000	0.0000	0.0000	0.0000	0.0000	0.0000	0.0000	0.0000	0.0000	0.0000	0.0000	0.0000	0.0000	0.0000	0.0000	0.0000	0.0000	0.0000	0.0000											
117	147	0.6696	6	0	1	0	1	0	0	0	0	N	N	N	N	N	N	N	N	N	N	N	N	0.0000	0.0000	0.0000	0.0000	0.0000	0.0000	0.0000	0.0000	0.0000	0.0000	0.0000	0.0000	0.0000	0.0000	0.0000	0.0000	0.0000	0.0000	0.0000	0.0000	0.0000	4.9449	1.0000	1.0063	0.0000	0.0000	0.0000	0.0000	0.0000	0.0000	0.0000	0.0000	0.0000	0.0000	0.0000	0.0000	0.0000	0.0000	0.0000	0.0000	0.0000	0.0000	0.0000	0.0000	0.0000	0.0000	0.0000	0.0000	0.0000	0.0000	0.0000	0.0046	0.0029	0.0017	0.0028	0.0024	0.0004	0.0018	0.0005	0.0013	0.0000	0.0000	0.0000	0.0000	0.0000	0.0000	0.0000	0.0000	0.0000	0.0000	0.0000	0.0000	0.0000	0.0000	0.0000	0.0000	0.0000	0.0000											
117	148	0.6530	5	0	1	0	1	0	0	0	0	N	N	N	N	N	N	N	N	N	N	N	N	0.0000	0.0000	0.0000	0.0000	0.0000	0.0000	0.0000	0.0000	0.0000	0.0000	0.0000	0.0000	0.0000	0.0000	0.0000	0.0000	0.0000	0.0000	0.0000	0.0000	0.0000	3.4778	1.0000	1.2917	0.0000	0.0000	0.0000	0.0000	0.0000	0.0000	0.0000	0.0000	0.0000	0.0000	0.0000	0.0000	0.0000	0.0000	0.0000	0.0000	0.0000	0.0000	0.0000	0.0000	0.0000	0.0000	0.0000	0.0000	0.0000	0.0000	0.0000	0.0078	0.0045	0.0033	0.0036	0.0033	0.0003	0.0042	0.0012	0.0030	0.0000	0.0000	0.0000	0.0000	0.0000	0.0000	0.0000	0.0000	0.0000	0.0000	0.0000	0.0000	0.0000	0.0000	0.0000	0.0000	0.0000	0.0000											
117	149	0.6027	4	0	1	0	1	0	0	0	0	N	N	N	N	N	N	N	N	N	N	N	N	0.0000	0.0000	0.0000	0.0000	0.0000	0.0000	0.0000	0.0000	0.0000	0.0000	0.0000	0.0000	0.0000	0.0000	0.0000	0.0000	0.0000	0.0000	0.0000	0.0000	0.0000	7.8050	1.0000	4.0035	0.0000	0.0000	0.0000	0.0000	0.0000	0.0000	0.0000	0.0000	0.0000	0.0000	0.0000	0.0000	0.0000	0.0000	0.0000	0.0000	0.0000	0.0000	0.0000	0.0000	0.0000	0.0000	0.0000	0.0000	0.0000	0.0000	0.0000	0.0150	0.0074	0.0076	0.0049	0.0041	0.0007	0.0101	0.0033	0.0068	0.0000	0.0000	0.0000	0.0000	0.0000	0.0000	0.0000	0.0000	0.0000	0.0000	0.0000	0.0000	0.0000	0.0000	0.0000	0.0000	0.0000	0.0000											
117	150	0.5081	4	0	1	0	1	0	0	0	0	N	N	N	N	N	N	N	N	N	N	N	N	0.0000	0.0000	0.0000	0.0000	0.0000	0.0000	0.0000	0.0000	0.0000	0.0000	0.0000	0.0000	0.0000	0.0000	0.0000	0.0000	0.0000	0.0000	0.0000	0.0000	0.0000	3.7255	1.0000	14.1767	0.0000	0.0000	0.0000	0.0000	0.0000	0.0000	0.0000	0.0000	0.0000	0.0000	0.0000	0.0000	0.0000	0.0000	0.0000	0.0000	0.0000	0.0000	0.0000	0.0000	0.0000	0.0000	0.0000	0.0000	0.0000	0.0000	0.0000	0.0265	0.0143	0.0122	0.0097	0.0085	0.0012	0.0168	0.0058	0.0110	0.0000	0.0000	0.0000	0.0000	0.0000	0.0000	0.0000	0.0000	0.0000	0.0000	0.0000	0.0000	0.0000	0.0000	0.0000	0.0000	0.0000	0.0000											
117	151	0.4917	3	0	1	0	1	0	0	0	0	N	N	N	N	N	N	N	N	N	N	N	N	0.0000	0.0000	0.0000	0.0000	0.0000	0.0000	0.0000	0.0000	0.0000	0.0000	0.0000	0.0000	0.0000	0.0000	0.0000	0.0000	0.0000	0.0000	0.0000	0.0000	0.0000	1.4205	1.0000	4.0377	0.0000	0.0000	0.0000	0.0000	0.0000	0.0000	0.0000	0.0000	0.0000	0.0000	0.0000	0.0000	0.0000	0.0000	0.0000	0.0000	0.0000	0.0000	0.0000	0.0000	0.0000	0.0000	0.0000	0.0000	0.0000	0.0000	0.0000	0.0151	0.0089	0.0062	0.0062	0.0057	0.0005	0.0089	0.0032	0.0058	0.0000	0.0000	0.0000	0.0000	0.0000	0.0000	0.0000	0.0000	0.0000	0.0000	0.0000	0.0000	0.0000	0.0000	0.0000	0.0000	0.0000	0.0000											
118	119	0.7106	4	0	2	0	0	0	0	0	0	N	Y	N	N	N	N	N	N	N	N	N	N	0.2700	0.0758	inf	0.0829	0.0000	inf	inf	inf	1.4891	0.8234	7.7838	1.3151	0.0000	19.9599	1.7162	1.9829	0.0000	5.5162	10.8679	0.0000	15.8637	18.7260	0.0000	0.0000	0.0000	0.0000	0.9999	0.0000	0.4796	-0.5219	16.9994	5.0000	6.0000	6.0000	1.9999	1.0000	0.9999	0.9999	0.0000	0.9999	1.0000	1.0000	0.0000	1.0000	1.0000	0.0000	1.0000	1.0000	0.0000	0.0000	0.0000	0.0000	1.3430	1.2145	0.1285	0.7603	0.7102	0.0501	0.5827	0.5043	0.0784	0.1813	0.0920	0.0893	0.0630	0.0534	0.0096	0.1182	0.0386	0.0796	0.2700	0.0758	inf	0.0829	0.0000	inf	inf	inf	0.0000	5.5162	10.8679	0.0000	15.8637	18.7260	0.0000	0.0000	0.0000	0.0000	
118	120	0.7386	5	0	2	0	0	0	0	0	0	N	Y	N	N	N	N	N	N	N	N	N	N	3.9056	2.6870	inf	0.0012	0.0009	inf	1270.9720	25.8772	inf	3.3377	3.6823	0.0565	0.0013	0.0010	0.0046	7.6210	8.7775	0.0892	0.8546	1.3704	0.0000	1.0934	1.1482	0.0000	0.0060	0.3392	0.0000	0.0016	0.0000	-0.2556	-0.0010	16.9994	0.9998	6.0000	0.9486	0.9883	0.9867	0.0016	0.0002	0.0002	0.0001	0.9881	0.9865	0.0015	0.0019	0.0019	0.0000	0.0018	0.0018	0.0000	0.0001	0.0001	0.0000	0.2961	0.2680	0.0281	0.1664	0.1556	0.0109	0.1297	0.1124	0.0173	0.0583	0.0314	0.0269	0.0263	0.0228	0.0035	0.0320	0.0087	0.0234	102.9829	61.2590	inf	0.0180	0.0127	inf	4883.5066	1522.0101	inf	0.0324	0.0601	0.0000	0.0700	0.0808	0.0000	0.0016	0.0058	0.0000
118	121	0.7106	4	0	2	0	0	0	0	0	0	N	Y	N	N	N	N	N	N	N	N	N	N	0.0898	0.0007	22828.3307	0.0000	0.0000	0.0000	inf	inf	inf	0.6904	0.0102	7.1184	0.0000	0.0000	0.0000	1.5818	0.0244	11.6254	7.6908	15.2042	0.0003	22.3302	26.3578	0.0039	0.0000	0.0000	0.0000	73.8469	0.0000	0.7351	-0.5209	16.9994	3.0005	6.0000	1.1085	1.0119	0.0135	0.9984	0.0000	0.0000	0.0000	1.0119	0.0135	0.9984	0.9982	0.9982	0.0000	0.9982	0.9982	0.0000	0.0000	0.0000	0.0000	1.4658	1.3256	0.1403	0.8261	0.7717	0.0544	0.6397	0.5538	0.0859	0.1298	0.0657	0.0641	0.0447	0.0379	0.0068	0.0851	0.0278	0.0573	0.0898	0.0007	22828.3307	0.0000	0.0000	0.0000	inf	inf	inf	7.6908	15.2042	0.0003	22.3302	26.3578	0.0029	0.0000	0.0000	0.0000
118	122	0.1957	2	0	2	0	0	0	0	0	0	N	Y	N	N	N	N	N	N	N	N	N	N	inf	inf	inf	inf	0.0002	0.0002	0.0000	0.0004	0.0004	0.0000	0.0000	0.0000	0.0000	0.0000	0.0000	0.0000	0.0000	0.0000	0.0000	0.0000	0.0000	0.0000	0.0000	-0.0000	0.0000	16.9994	2.0001	6.0000	3.0000	0.0001	0.0001	0.0000	0.0001	0.0001	0.0000	0.0000	0.0000	0.0000	0.0000	0.0000	0.0000	0.0000	0.0000	0.0000	0.0000	0.0000	0.0000	0.8292	0.7443	0.0848	0.3636	0.3399	0.0237	0.4655	0.4044	0.0611	0.1726	0.0732	0.0994	0.0015	0.0014	0.0001	0.1711	0.0718	0.0993	inf	inf	0.0000	inf	inf	0.0000	0.0000	0.0000	0.0000	0.0000	0.0000	0.0000	0.0000	0.0000	0.0000	0.0000	0.0000	0.0000						
118	124	0.7441	5	0	2	0	0	0	0	0	0	N	Y	N	N	N	N	N	N	N	N	N	N	593.1657	356.5324	518.9242	647.2567	inf	inf	0.4276	0.4708	0.0000	0.7009	0.7491	0.0000	0.0001	0.0001	0.0000	0.0007	0.0013	0.0000	0.0014	0.0012	0.0000	0.0000	0.0000	0.0000	0.0000	0.0000	-0.2317	-0.0000	16.9994	3.9006	6.0000	3.1543	0.8903	0.8903	0.0000	0.8902	0.8902	0.0000	0.0001	0.0001	0.0000	0.0001	0.0001	0.0000	0.0001	0.0001	0.0000	0.0000	0.0000	0.0000	2.0820	1.8913	0.1907	1.2702	1.1884	0.0818	0.8118	0.7029	0.1089	0.2486	0.1502	0.0985	0.1210	0.1085	0.0125	0.1276	0.0417	0.0859	1518.9458	1009.8170	0.0000	1211.7541	1160.9448	0.0000	inf	inf	0.0000	0.0003	0.0005	0.0000	0.0006	0.0006	0.0000	0.0000	0.0000	0.0000			
118	125	0.7106	4	0	2	0	0	0	0	0	0	N	Y	N	N	N	N	N	N	N	N	N	N	252.0896	inf	5227.2469	283.7832	inf	685.1262	inf	inf	0.7411	0.1404	6.4299	1.2876	0.2362	16.1325	0.0001	0.0001	0.0000	0.0029	0.0000	0.0012	0.0045	0.0000	0.0235	0.0000	0.0000	0.0000	4.8349	inf	0.3714	0.0000	16.9994	1.6924	6.0000	1.9110	0.6534	0.1120	0.5414	0.6534	0.1120	0.5414	0.0000	0.0000	0.0000	0.0001	0.0000	0.0001	0.0001	0.0000	0.0001	0.0000	0.0000	0.0000	0.8816	0.7974	0.0842	0.5075	0.4739	0.0336	0.3742	0.3236	0.0506	0.1150	0.0581	0.0569	0.0395	0.0335	0.0060	0.0755	0.0247	0.0509	1217.9737	inf	5227.2469	726.8164	inf	1391.6209	inf	inf	0.0000	0.0006	0.0000	0.0012	0.0018	0.0000	0.0116	0.0000	0.0000	0.0000	
118	127	0.2818	3	0	1	0	0	0	0	0	0	N	N	N	N	N	N	N	N	N	N	N	N	0.0338	0.0001	0.0756	0.0007	0.0001	0.4855	0.0393	inf	0.0863	0.0916	0.0002	0.8516	0.0043	0.0008	0.0977	0.1105	0.0000	0.8997	2.7129	3.0127	11.2682	5.9726	6.0263	0.2011	2.8091	0.0000	10.4265	533.4545	1.3789	0.1302	0.0987	16.9994	3.6536	6.0000	12.3970	0.1764	0.0003	0.1760	0.0015	0.0003	0.0012	0.1749	0.0000	0.1748	1.7106	0.7191	0.9915	0.7199	0.7191	0.0008	0.9907	0.0000	0.9907	1.9261	1.7194	0.2067	0.3440	0.3316	0.0124	1.5821	1.3878	0.1943	0.8267	0.4776	0.3491	0.1584	0.1466	0.0118	0.6683	0.3310	0.3373	0.0443	0.0001	0.2999	0.0010	0.0002	1.3736	0.0746	inf	0.3063	2.0691	1.5056	2.8400	4.5436	4.9040	0.0711	1.4824	0.0000	2.9370
118	128	0.4602	3	0	1	0	0	0	0	0	0	N	N	N	N	N	N	N	N	N	N	N	N	0.3056	0.3335	0.0261	0.1178	0.1637	0.0018	0.3650	0.2474	0.1113	0.5476	0.5956	0.1229	0.2691	0.2851	0.0173	0.6983	0.7759	0.1503	1.7923	1.7860	4.7146	2.2853	1.7412	9.4433	1.9131	3.1363	1.3509	0.0233	2.4726	-0.3778	0.0770	16.9994	5.3495	6.0000	12.4099	1.5913	1.5551	0.0362	0.2745	0.2734	0.0010	1.3168	1.2816	0.0352	0.4051	0.1166	0.2884	0.1362	0.0674	0.0688	0.2689	0.0493	0.2197	2.9057	2.6109	0.2949	1.0199	0.9591	0.0608	1.8858	1.6517	0.2341	1.1509	0.7340	0.4169	0.5469	0.4667	0.0802	0.6040	0.2673	0.3367	1.5559	3.7478	0.1776	1.0810	1.9750	0.0201	1.5682	4.2081	0.2304	0.3520	0.1589	0.6919	0.2490	0.1443	0.8580	0.4453	0.1844	0.6523
118	129	0.2659	7	0	2	0	1	0	0	0	0	N	Y	N	N	N	N	N	N	N	N	N	N	0.0000	0.0000	0.0000	0.0000	0.0000	0.0000	0.0000	0.0000	0.0000	0.0000	0.0000	0.0000	0.0000	0.0000	0.0000	0.0000	0.0000	0.0000	0.0000	0.0000	16.9994	0.0000	6.0000	0.0000	0.0000	0.0000	0.0000	0.0000	0.0000	0.0000	0.0000	0.0000	0.0000	0.0000	0.0000	0.0000	0.0000	0.0000	0.0000	0.0000	0.0000	0.0000	0.0000	0.0000	0.0000	0.0000	0.0000	0.0000	0.0000	0.0000	0.0000	0.0000	0.0000	0.0000	0.0000	0.0000	0.0000	0.0000	0.0000	0.0000	0.0000	0.0000	0.0000	0.0000	0.0000	0.0000	0.0000	0.0000	0.0000	0.0000	0.0000	0.0000	0.0000	0.0000	0.0000	0.0000	0.0000	0.0000											
118	130	0.2496	6	0	2	0	1	0	0	0	0	N	Y	N	N	N	N	N	N	N	N	N	N	0.0000	0.0000	0.0000	0.0000	0.0000	0.0000	0.0000	0.0000	0.0000	0.0000	0.0000	0.0000	0.0000	0.0000	0.0000	0.0000	0.0000	0.0000	0.0000	0.0000	16.9994	0.0000	6.0000	3.0001	0.0000	0.0000	0.0000	0.0000	0.0000	0.0000	0.0000	0.0000	0.0000	0.0000	0.0000	0.0000	0.0000	0.0000	0.0000	0.0000	0.0000	0.0000	0.0000	0.0000	0.0000	0.0000	0.0000	0.0000	0.0000	0.0000	0.0000	0.0878	0.0354	0.0523	0.0021	0.0020	0.0001	0.0857	0.0334	0.0522	0.0000	0.0000	0.0000	0.0000	0.0000	0.0000	0.0000	0.0000	0.0000	0.0000	0.0000	0.0000	0.0000	0.0000	0.0000	0.0000	0.0000	0.0000											
118	131	0.2399	5	0	2	0	0	0	0	0	0	N	Y	N	N	N	N	N	N	N	N	N	N	0.0000	0.0000	0.0000	0.0000	0.0000	0.0000	0.0000	0.0000	0.0000	0.0000	0.0000	0.0000	0.0000	0.0000	0.0000	0.0000	0.0000	0.0000	0.0000	0.0000	16.9994	0.0000	6.0000	0.0000	0.0000	0.0000	0.0000	0.0000	0.0000	0.0000	0.0000	0.0000	0.0000	0.0000	0.0000	0.0000	0.0000	0.0000	0.0000	0.0000	0.0000	0.0000	0.0000	0.0000	0.0000	0.0000	0.0000	0.0000	0.0000	0.0000	0.0000	0.0000	0.0000	0.0000	0.0000	0.0000	0.0000	0.0000	0.0000	0.0000	0.0000	0.0000	0.0000	0.0000	0.0000	0.0000	0.0000	0.0000	0.0000	0.0000	0.0000	0.0000	0.0000	0.0000	0.0000	0.0000	0.0000	0.0000											
118	132	0.2496	6	0	1	1	1	0	0	0	0	N	N	N	N	N	N	N	N	N	N	N	N	0.0000	0.0000	0.0000	0.0000	0.0000	0.0000	0.0000	0.0000	0.0000	0.0000	0.0000	0.0000	0.0000	0.0000	0.0000	0.0000	0.0000	0.0000	0.0000	0.0000	16.9994	0.0000	6.0000	1.9999	0.0000	0.0000	0.0000	0.0000	0.0000	0.0000	0.0000	0.0000	0.0000	0.0000	0.0000	0.0000	0.0000	0.0000	0.0000	0.0000	0.0000	0.0000	0.0000	0.0000	0.0000	0.0000	0.0000	0.0000	0.0000	0.0000	0.0000	0.0591	0.0238	0.0353	0.0014	0.0013	0.0001	0.0577	0.0225	0.0352	0.0000	0.0000	0.0000	0.0000	0.0000	0.0000	0.0000	0.0000	0.0000	0.0000	0.0000	0.0000	0.0000	0.0000	0.0000	0.0000	0.0000	0.0000											
118	133	0.2606	7	0	1	1	1	0	0	0	0	N	N	N	N	N	N	N	N	N	N	N	N	inf	inf	inf	inf	2.4712	0.0000	23.1264	0.0000	0.0000	0.0000	4.8586	0.0000	35.7239	0.0000	0.0000	0.0000	0.0000	0.0000	0.0000	0.0000	0.0000	0.0000	inf	0.7398	0.0000	16.9994	1.0000	6.0000	0.0000	1.0000	0.0000	1.0000	0.0000	0.0000	0.0000	1.0000	0.0000	1.0000	0.0000	0.0000	0.0000	0.0000	0.0000	0.0000	0.0000	0.0000	0.0000	0.4047	0.3614	0.0432	0.1988	0.1836	0.0152	0.2058	0.1778	0.0280	0.0282	0.0112	0.0171	0.0007	0.0007	0.0000	0.0275	0.0105	0.0170	inf	0.0000	inf	0.0000	0.0000	0.0000	inf	0.0000	inf	0.0000	0.0000	0.0000	0.0000	0.0000	0.0000	0.0000	0.0000	0.0000						
118	134	0.2606	7	0	1	1	1	0	0	0	0	N	N	N	N	N	N	N	N	N	N	N	N	0.0000	0.0000	0.0000	0.0000	0.0000	0.0000	0.0000	0.0000	0.0000	0.0000	0.0000	0.0000	0.0000	0.0000	0.0000	0.0000	0.0000	0.0000	0.0000	0.0000	16.9994	0.0000	6.0000	0.0000	0.0000	0.0000	0.0000	0.0000	0.0000	0.0000	0.0000	0.0000	0.0000	0.0000	0.0000	0.0000	0.0000	0.0000	0.0000	0.0000	0.0000	0.0000	0.0000	0.0000	0.0000	0.0000	0.0000	0.0000	0.0000	0.0000	0.0000	0.0000	0.0000	0.0000	0.0000	0.0000	0.0000	0.0000	0.0000	0.0000	0.0000	0.0000	0.0000	0.0000	0.0000	0.0000	0.0000	0.0000	0.0000	0.0000	0.0000	0.0000	0.0000	0.0000	0.0000	0.0000	0.0000	0.0000											
118	135	0.2496	6	0	1	1	1	0	0	0	0	N	N	N	N	N	N	N	N	N	N	N	N	0.0000	0.0000	0.0000	0.0000	0.0000	0.0000	0.0000	0.0000	0.0000	0.0000	0.0000	0.0000	0.0000	0.0000	0.0000	0.0000	0.0000	0.0000	0.0000	0.0000	16.9994	2.0025	6.0000	0.9943	0.0000	0.0000	0.0000	0.0000	0.0000	0.0000	0.0000	0.0000	0.0000	0.0000	0.0000	0.0000	0.0000	0.0000	0.0000	0.0000	0.0000	0.0000	0.8024	0.7165	0.0859	0.3797	0.3507	0.0290	0.4227	0.3658	0.0569	0.0877	0.0354	0.0523	0.0021	0.0020	0.0001	0.0856	0.0334	0.0522	0.0000	0.0000	0.0000	0.0000	0.0000	0.0000	0.0000	0.0000	0.0000	0.0000	0.0000	0.0000	0.0000	0.0000	0.0000	0.0000	0.0000	0.0000											
118	136	0.2496	5	0	1	0	1	0	0	0	0	N	N	N	N	N	N	N	N	N	N	N	N	0.0000	0.0000	0.0000	0.0000	0.0000	0.0000	0.0000	0.0000	0.0000	0.0000	0.0000	0.0000	0.0000	0.0000	0.0000	0.0000	0.0000	0.0000	0.0000	0.0000	16.9994	0.0050	6.0000	0.0173	0.0000	0.0000	0.0000	0.0000	0.0000	0.0000	0.0000	0.0000	0.0000	0.0000	0.0000	0.0000	0.0000	0.0000	0.0000	0.0000	0.0000	0.0000	0.0045	0.0041	0.0003	0.0034	0.0032	0.0002	0.0011	0.0009	0.0001	0.0007	0.0003	0.0004	0.0000	0.0000	0.0000	0.0007	0.0003	0.0004	0.0000	0.0000	0.0000	0.0000	0.0000	0.0000	0.0000	0.0000	0.0000	0.0000	0.0000	0.0000	0.0000	0.0000	0.0000	0.0000	0.0000	0.0000											
118	137	0.2399	4	0	1	0	1	0	0	0	0	N	N	N	N	N	N	N	N	N	N	N	N	inf	inf	inf	inf	1.3406	1.5040	0.0000	2.9949	3.2417	0.0000	0.0000	0.0000	0.0000	0.0000	0.0000	0.0000	0.0000	0.0000	0.0000	0.0000	0.0000	0.0000	0.0000	-0.2602	0.0000	16.9994	1.9972	6.0000	1.0076	0.9999	0.9999	0.0000	0.9999	0.9999	0.0000	0.0000	0.0000	0.0000	0.0000	0.0000	0.0000	0.0000	0.0000	0.0000	0.0000	0.0000	0.0000	0.7459	0.6648	0.0811	0.3339	0.3084	0.0254	0.4120	0.3564	0.0556	0.0833	0.0333	0.0500	0.0020	0.0019	0.0001	0.0813	0.0314	0.0499	inf	inf	0.0000	inf	inf	0.0000	0.0000	0.0000	0.0000	0.0000	0.0000	0.0000	0.0000	0.0000	0.0000	0.0000	0.0000	0.0000						
118	138	0.2227	3	1	2	0	0	0	0	0	0	N	Y	N	N	N	N	N	N	N	N	N	N	0.0450	0.0268	0.0176	0.0173	0.4291	0.4775	0.0000	1.0120	1.0347	0.0000	0.0000	0.0000	0.0000	9.5341	17.8345	0.0000	57.6354	59.7813	0.0000	0.0000	0.0000	0.0000	0.0000	0.0000	-0.0000	-0.5214	16.9994	0.0002	6.0000	2.3255	0.0001	0.0001	0.0000	0.0001	0.0001	0.0000	0.0000	0.0000	0.0000	0.9990	0.9990	0.0000	0.9990	0.9990	0.0000	0.0000	0.0000	0.0000	0.0002	0.0002	0.0000	0.0001	0.0001	0.0000	0.0001	0.0001	0.0000	0.1048	0.0560	0.0488	0.0173	0.0167	0.0006	0.0875	0.0393	0.0481	0.0450	0.0268	0.0000	0.0176	0.0173	0.0000	0.0000	0.0000	0.0000	9.5341	17.8345	0.0000	57.6354	59.7813	0.0000	0.0000	0.0000	0.0000					
118	139	0.2048	2	1	2	0	0	0	0	0	0	N	Y	N	N	N	N	N	N	N	N	N	N	0.0051	0.0265	0.0036	0.0048	0.0342	0.0005	0.0044	inf	0.0091	0.0103	0.0084	0.0296	0.0113	0.0104	0.0293	0.0099	0.0074	0.0297	2.0355	0.3183	8.2719	2.3526	0.3051	55.1610	2.2716	0.0000	3.2610	0.3438	187.3031	-0.0000	0.0787	16.9994	2.0138	6.0000	2.7349	0.0102	0.0076	0.0026	0.0035	0.0031	0.0004	0.0066	0.0044	0.0022	0.1664	0.0009	0.1655	0.0120	0.0009	0.0111	0.1544	0.0000	0.1544	0.9844	0.8967	0.0877	0.3116	0.2979	0.0137	0.6728	0.5987	0.0741	0.2437	0.1249	0.1188	0.0449	0.0429	0.0020	0.1988	0.0820	0.1168	0.0151	1.1915	0.0213	0.0421	0.5069	0.0052	0.0127	inf	0.0225	0.6829	0.0071	1.3936	0.2675	0.0206	5.6121	0.7768	0.0000	1.3220
118	140	0.2213	3	0	2	0	0	0	0	0	0	N	Y	N	N	N	N	N	N	N	N	N	N	inf	inf	inf	inf	inf	inf	inf	inf	inf	0.0026	0.0006	0.0241	0.0022	0.0010	0.0276	0.0029	0.0003	0.0230	0.0000	0.0000	0.0000	0.0000	0.0000	0.0000	0.0000	0.0000	0.0000	3.4922	0.0015	0.0000	16.9994	1.9232	6.0000	1.1116	0.0029	0.0006	0.0023	0.0011	0.0005	0.0006	0.0018	0.0002	0.0016	0.0000	0.0000	0.0000	0.0000	0.0000	0.0000	0.0000	0.0000	0.0000	1.1293	1.0350	0.0943	0.5081	0.4852	0.0229	0.6212	0.5497	0.0714	0.1035	0.0467	0.0568	0.0084	0.0079	0.0005	0.0951	0.0388	0.0563	inf	inf	inf	inf	inf	inf	inf	inf	inf	0.0000	0.0000	0.0000	0.0000	0.0000	0.0000	0.0000	0.0000	0.0000	
118	141	0.7298	5	0	2	0	0	0	0	0	0	N	Y	N	N	N	N	N	N	N	N	N	N	inf	inf	inf	inf	inf	inf	1.7481	1.9304	0.0000	1.8578	1.9994	0.0000	1.5634	1.8059	0.0000	0.0000	0.0000	0.0000	0.0000	0.0000	0.0000	0.0000	0.0000	0.0000	0.0000	-0.7806	0.0000	16.9994	3.0000	6.0000	1.0000	2.9999	2.9999	0.0000	1.9999	1.9999	0.0000	1.0000	1.0000	0.0000	0.0000	0.0000	0.0000	0.0000	0.0000	0.0000	0.0000	0.0000	0.0000	1.7161	1.5540	0.1621	1.0765	1.0003	0.0762	0.6396	0.5537	0.0859	0.1267	0.0642	0.0626	0.0437	0.0371	0.0067	0.0830	0.0271	0.0559	inf	inf	0.0000	inf	inf	0.0000	inf	inf	0.0000	0.0000	0.0000	0.0000	0.0000	0.0000	0.0000	0.0000	0.0000	0.0000				
118	142	0.7106	4	0	1	0	0	0	0	0	0	N	N	N	N	N	N	N	N	N	N	N	N	inf	inf	inf	inf	inf	inf	1.8518	2.0471	0.0000	3.1797	3.4056	0.0000	0.0000	0.0001	0.0000	0.0000	0.0000	0.0000	0.0000	0.0000	0.0000	0.0000	0.0000	0.0000	0.0000	-0.2602	0.0000	16.9994	1.0000	6.0000	1.0000	1.0000	1.0000	0.0000	1.0000	1.0000	0.0000	0.0000	0.0000	0.0000	0.0000	0.0000	0.0000	0.0000	0.0000	0.0000	0.0000	0.0000	0.0000	0.5400	0.4885	0.0515	0.3145	0.2936	0.0209	0.2255	0.1949	0.0307	0.0661	0.0333	0.0328	0.0225	0.0191	0.0034	0.0436	0.0142	0.0294	inf	inf	0.0000	inf	inf	0.0000	inf	inf	0.0000	0.0000	0.0000	0.0000	0.0000	0.0000	0.0000	0.0000	0.0000	0.0000				
118	143	0.4602	3	0	1	0	0	0	0	0	0	N	N	N	N	N	N	N	N	N	N	N	N	0.3313	0.3839	0.2262	0.6644	0.6805	0.5662	0.2584	0.1958	0.2668	0.8679	0.6295	2.9328	0.6356	0.6759	0.0193	0.9783	0.6058	3.6208	2.6198	1.6396	12.9650	0.9566	0.9933	0.0341	3.7858	3.0941	13.5714	0.5379	23.8419	0.2648	0.8975	16.9994	7.1211	6.0000	10.9474	2.9566	1.9225	1.0340	0.6980	0.6967	0.0013	2.2586	1.2259	1.0327	2.0499	0.0825	1.9674	0.0345	0.0332	0.0012	2.0155	0.0493	1.9662	3.4068	3.0542	0.3526	1.0981	1.0308	0.0674	2.3087	2.0234	0.2852	1.1560	0.7364	0.4196	0.5479	0.4675	0.0804	0.6081	0.2689	0.3392	0.4894	5.6173	0.6255	10.0970	9.5060	1.2407	0.2952	3.3055	0.6247	1.7733	0.1121	4.6888	0.0629	0.0711	0.0155	3.3144	0.1833	5.7962
118	144	0.2654	2	0	1	0	0	0	0	0	0	N	N	N	N	N	N	N	N	N	N	N	N	0.3022	0.1876	0.2497	0.0202	0.0216	0.0001	0.2858	0.1408	0.3309	0.7953	0.5803	2.5237	0.0760	0.0799	0.0001	0.8922	0.6531	2.6647	2.6313	3.0932	10.1056	3.7662	3.6917	1.6858	3.1218	4.6366	8.0537	0.5409	1.0964	0.2513	0.0025	16.9994	8.5175	6.0000	23.1696	2.7662	1.7951	0.9711	0.0314	0.0314	0.0000	2.7348	1.7637	0.9710	2.3390	1.1158	1.2233	0.1840	0.1763	0.0077	2.1550	0.9395	1.2155	3.4782	3.0935	0.3848	0.4131	0.3927	0.0203	3.0652	2.7007	0.3644	1.2490	0.6692	0.5798	0.2075	0.1873	0.0201	1.0415	0.4819	0.5597	0.4247	0.3481	1.1962	0.0857	0.0849	0.0004	0.4312	0.3350	1.2268	1.8727	1.6672	2.1098	0.8867	0.9408	0.3835	2.0691	1.9496	2.1720
118	145	0.2399	5	1	2	0	0	0	0	0	0	N	Y	N	N	N	N	N	N	N	N	N	N	inf	inf	inf	inf	2.6198	0.0000	24.0881	0.0000	0.0000	0.0000	4.7841	0.0000	35.3552	0.0000	0.0000	0.0000	0.0000	0.0000	0.0000	0.0000	0.0000	0.0000	inf	0.7398	0.0000	16.9994	1.0000	6.0000	1.0000	1.0000	0.0000	1.0000	0.0000	0.0000	0.0000	1.0000	0.0000	1.0000	0.0000	0.0000	0.0000	0.0000	0.0000	0.0000	0.0000	0.0000	0.0000	0.3817	0.3402	0.0415	0.1727	0.1595	0.0132	0.2090	0.1807	0.0283	0.0560	0.0223	0.0337	0.0013	0.0013	0.0001	0.0547	0.0211	0.0336	inf	0.0000	inf	0.0000	0.0000	0.0000	inf	0.0000	inf	0.0000	0.0000	0.0000	0.0000	0.0000	0.0000	0.0000	0.0000	0.0000						
118	146	0.2399	4	0	2	0	0	0	0	0	0	N	Y	N	N	N	N	N	N	N	N	N	N	inf	inf	inf	inf	0.2814	0.0000	4.0828	0.0000	0.0000	0.0000	1.1097	0.0000	8.9178	0.0000	0.0000	0.0000	0.0000	0.0000	0.0000	0.0000	0.0000	0.0000	inf	0.0001	0.0000	16.9994	0.0003	6.0000	0.0000	0.0001	0.0000	0.0001	0.0000	0.0000	0.0000	0.0001	0.0000	0.0001	0.0000	0.0000	0.0000	0.0000	0.0000	0.0000	0.0000	0.0000	0.0000	0.0004	0.0004	0.0000	0.0003	0.0003	0.0000	0.0001	0.0001	0.0000	0.0000	0.0000	0.0000	0.0000	0.0000	0.0000	0.0000	0.0000	0.0000	inf	0.0000	inf	0.0000	0.0000	0.0000	inf	0.0000	inf	0.0000	0.0000	0.0000	0.0000	0.0000	0.0000	0.0000	0.0000	0.0000						
118	147	0.2213	3	0	1	0	0	0	0	0	0	N	N	N	N	N	N	N	N	N	N	N	N	inf	inf	inf	inf	inf	inf	inf	inf	0.9754	1.0815	0.0078	2.4299	2.5831	0.0000	0.0015	0.0002	0.0103	0.0000	0.0000	0.0000	0.0000	0.0000	0.0000	0.0000	0.0000	0.0000	0.0008	-0.5190	0.0000	16.9994	4.9449	6.0000	1.0063	2.0006	1.9990	0.0016	1.9988	1.9988	0.0000	0.0018	0.0002	0.0016	0.0000	0.0000	0.0000	0.0000	0.0000	0.0000	0.0000	0.0000	0.0000	2.0510	1.8484	0.2026	0.8226	0.7738	0.0488	1.2285	1.0746	0.1539	0.1866	0.0815	0.1051	0.0102	0.0096	0.0006	0.1764	0.0719	0.1044	inf	inf	inf	inf	inf	0.0000	inf	inf	inf	0.0000	0.0000	0.0000	0.0000	0.0000	0.0000	0.0000	0.0000	0.0000		
118	148	0.2048	2	0	1	0	0	0	0	0	0	N	N	N	N	N	N	N	N	N	N	N	N	0.4343	0.0019	3.5381	0.0088	0.0010	0.0263	0.7434	0.0037	12.7247	0.8529	0.0047	8.5418	0.0408	0.0046	0.6800	1.1743	0.0048	9.9624	1.9639	2.4499	2.4143	4.6591	4.4873	25.8508	1.5796	1.2995	0.7829	198.4866	0.7282	0.9041	-0.0127	16.9994	3.4778	6.0000	1.2917	1.2304	0.0062	1.2242	0.0167	0.0018	0.0149	1.2137	0.0044	1.2093	0.1265	0.0732	0.0533	0.0752	0.0716	0.0036	0.0514	0.0016	0.0497	1.4425	1.2992	0.1433	0.4089	0.3870	0.0219	1.0336	0.9122	0.1214	0.2444	0.1252	0.1192	0.0449	0.0429	0.0020	0.1995	0.0823	0.1172	1.6473	0.0081	19.0911	0.0244	0.0028	0.3766	4.5612	0.2450	23.4739	0.5178	0.5848	0.4474	1.6739	1.6678	1.8055	0.2574	0.0196	0.4244
118	150	0.2818	3	0	1	0	0	0	0	0	0	N	N	N	N	N	N	N	N	N	N	N	N	0.0511	0.0002	0.1530	0.0026	0.0009	0.0087	0.0580	inf	0.5425	0.0903	0.0002	0.8394	0.0043	0.0008	0.0959	0.1089	0.0000	0.8869	1.7674	0.8181	5.4862	1.6592	0.8927	11.0529	1.8784	0.0000	1.6350	533.4545	29.8272	0.1302	0.1352	16.9994	3.7255	6.0000	14.1767	0.1764	0.0003	0.1760	0.0015	0.0003	0.0012	0.1749	0.0000	0.1748	0.3033	0.0098	0.2935	0.0219	0.0098	0.0121	0.2814	0.0000	0.2814	1.9532	1.7435	0.2097	0.3467	0.3341	0.0126	1.6065	1.4094	0.1971	0.8788	0.5051	0.3737	0.1640	0.1512	0.0128	0.7148	0.3539	0.3609	0.2616	0.0097	1.0686	0.0322	0.0129	0.1019	0.2765	inf	1.1372	0.3452	0.0195	0.7855	0.1336	0.0651	0.9420	0.3937	0.0000	0.7799
118	151	0.2654	2	0	1	0	0	0	0	0	0	N	N	N	N	N	N	N	N	N	N	N	N	0.3786	0.0033	1.2166	0.0083	0.0065	0.0241	0.5028	0.0017	3.5816	0.8266	0.0088	7.7589	0.0366	0.0284	0.4738	1.0548	0.0024	8.0535	2.1832	2.6398	6.3775	4.4188	4.3876	19.6898	2.0977	1.4211	2.2485	103.5211	0.9387	0.5888	-0.0162	16.9994	1.4205	6.0000	4.0377	0.8063	0.0077	0.7986	0.0080	0.0061	0.0019	0.7983	0.0016	0.7967	0.4303	0.2219	0.2083	0.2250	0.2178	0.0072	0.2052	0.0041	0.2011	0.9755	0.8726	0.1029	0.2187	0.2147	0.0040	0.7569	0.6579	0.0989	0.5139	0.3057	0.2082	0.1463	0.1406	0.0057	0.3676	0.1651	0.2025	0.9873	0.0122	7.7538	0.0238	0.0184	0.3745	1.8894	0.0981	8.1085	0.8372	0.7259	1.0007	1.5381	1.5492	1.2652	0.5583	0.0249	0.9932
119	120	0.1254	2	0	2	0	0	0	0	0	0	N	Y	N	N	N	N	N	N	N	N	N	N	0.3992	26.6200	0.0000	0.0042	0.0125	0.0000	0.5315	inf	0.0000	7.5993	8.3806	0.0000	0.0029	0.0030	0.0000	12.0992	13.8017	0.0000	19.0383	0.3148	34.1461	0.6875	0.2429	17.7145	22.7653	0.0000	40.1316	0.0000	6568.7857	-0.2567	0.4396	5.0000	0.9998	6.0000	0.9486	0.9867	0.9867	0.0000	0.0001	0.0001	0.0000	0.9865	0.9865	0.0000	0.9198	0.0001	0.9196	0.0003	0.0001	0.0002	0.9194	0.0000	0.9194	0.1298	0.1177	0.0121	0.0483	0.0463	0.0020	0.0815	0.0715	0.0101	0.0483	0.0199	0.0284	0.0079	0.0077	0.0002	0.0404	0.0121	0.0283	0.3992	1189.0299	0.0000	0.0656	0.1673	0.0000	0.5315	inf	0.0000	19.0383	0.0070	32.3263	0.0442	0.0181	1.1271	22.7653	0.0000	32.5320
119	122	0.6947	5	0	2	0	0	0	0	0	0	N	Y	N	N	N	N	N	N	N	N	N	N	0.0000	0.0000	0.0000	0.0000	0.0000	0.0000	0.0000	0.0000	0.0000	0.0000	0.0000	0.0000	0.0000	0.0000	0.0000	0.0000	0.0000	0.0000	0.0000	0.0000	5.0000	2.0001	6.0000	3.0000	0.0000	0.0000	0.0000	0.0000	0.0000	0.0000	0.0000	0.0000	0.0000	0.0000	0.0000	0.0000	0.0000	0.0000	0.0000	0.0000	0.0000	0.0000	0.2193	0.2017	0.0176	0.1672	0.1571	0.0101	0.0521	0.0446	0.0075	0.0336	0.0188	0.0148	0.0167	0.0142	0.0024	0.0169	0.0046	0.0124	0.0000	0.0000	0.0000	0.0000	0.0000	0.0000	0.0000	0.0000	0.0000	0.0000	0.0000	0.0000	0.0000	0.0000	0.0000	0.0000	0.0000	0.0000											
119	123	0.6534	4	0	1	0	0	0	0	0	0	N	N	N	N	N	N	N	N	N	N	N	N	2779.5018	1197.2002	inf	inf	5749.2318	127.2300	2.8994	3.2117	0.0000	2.4235	2.6017	0.0000	3.6081	4.1953	0.0000	0.0010	0.0027	0.0000	0.0000	0.0000	0.0000	0.0006	0.0330	0.0000	0.0000	0.0000	-0.5204	-0.0000	5.0000	6.9986	6.0000	2.0000	2.0000	2.0000	0.0000	1.0000	1.0000	0.0000	1.0000	1.0000	0.0000	0.0000	0.0000	0.0000	0.0000	0.0000	0.0000	0.0000	0.0000	0.0000	0.6898	0.6227	0.0671	0.4126	0.3844	0.0283	0.2772	0.2384	0.0388	0.0830	0.0415	0.0415	0.0277	0.0235	0.0042	0.0553	0.0180	0.0373	8020.7490	4440.9436	0.0000	inf	inf	0.0000	6654.2528	2518.3452	0.0000	0.0004	0.0007	0.0000	0.0000	0.0000	0.0000	0.0005	0.0017	0.0000			
119	124	0.1308	2	0	2	0	0	0	0	0	0	N	Y	N	N	N	N	N	N	N	N	N	N	0.7778	0.5629	1.2173	1.3320	inf	inf	0.9723	1.0812	0.0000	4.4516	4.6449	0.0000	0.4370	0.4909	0.0000	1.2501	1.9208	0.0000	3.6570	3.4870	0.0000	0.0000	0.0000	0.0000	0.0000	0.0000	-0.2316	-0.0124	5.0000	3.9006	6.0000	3.1543	0.8902	0.8902	0.0000	0.5435	0.5435	0.0000	0.3467	0.3467	0.0000	0.0237	0.0237	0.0000	0.0237	0.0237	0.0000	0.0000	0.0000	0.0000	0.9156	0.8233	0.0923	0.1221	0.1170	0.0051	0.7935	0.7063	0.0872	0.2521	0.1141	0.1380	0.0296	0.0289	0.0007	0.2225	0.0852	0.1373	10.3234	5.1966	0.0000	5.5415	5.6462	0.0000	inf	inf	0.0000	0.0942	0.2081	0.0000	0.8033	0.8227	0.0000	0.0000	0.0000	0.0000			
119	126	0.6534	4	0	2	0	0	0	0	0	0	N	Y	N	N	N	N	N	N	N	N	N	N	0.0000	0.0000	0.0000	0.0000	0.0006	0.0007	0.0000	0.0010	0.0010	0.0000	0.0000	0.0000	0.0000	12.0481	24.1032	0.0000	36.1462	42.5944	0.0000	0.0000	0.0000	0.0000	0.0000	0.0000	-0.0000	-0.5219	5.0000	0.9996	6.0000	8.0005	0.0001	0.0001	0.0000	0.0001	0.0001	0.0000	0.0000	0.0000	0.0000	1.0000	1.0000	0.0000	1.0000	1.0000	0.0000	0.0000	0.0000	0.0000	0.1162	0.1048	0.0114	0.0726	0.0674	0.0051	0.0436	0.0374	0.0063	0.0830	0.0415	0.0415	0.0277	0.0235	0.0042	0.0553	0.0180	0.0373	0.0000	0.0000	0.0000	0.0000	0.0000	0.0000	0.0000	0.0000	0.0000	12.0481	24.1032	0.0000	36.1462	42.5944	0.0000	0.0000	0.0000	0.0000					
119	127	0.5588	4	0	1	0	0	0	0	0	0	N	N	N	N	N	N	N	N	N	N	N	N	0.0000	0.0000	0.0000	0.0000	0.0000	0.0000	0.0003	0.0003	0.0000	0.0004	0.0004	0.0000	0.0000	0.0000	0.0000	5.6762	10.3402	0.0000	15.0120	17.0677	0.0000	0.0740	1.3490	0.0000	0.0000	0.0000	-0.0000	-0.5200	5.0000	3.6536	6.0000	12.3970	0.0001	0.0001	0.0000	0.0001	0.0001	0.0000	0.0000	0.0000	0.0000	0.9964	0.9964	0.0000	0.9955	0.9955	0.0000	0.0008	0.0008	0.0000	0.4237	0.3815	0.0422	0.2706	0.2502	0.0205	0.1530	0.1313	0.0217	0.1755	0.0964	0.0792	0.0663	0.0583	0.0080	0.1092	0.0380	0.0712	0.0000	0.0000	0.0000	0.0000	0.0000	0.0000	0.0000	0.0000	0.0000	5.6762	10.3402	0.0000	15.0120	17.0677	0.0000	0.0075	0.0216	0.0000			
119	128	0.3477	2	0	1	0	0	0	0	0	0	N	N	N	N	N	N	N	N	N	N	N	N	0.7474	0.0425	inf	0.0323	0.0334	inf	inf	inf	inf	1.4390	0.1175	13.8126	0.1376	0.1466	0.0082	2.8744	0.0830	21.3941	1.9254	2.7633	0.0000	4.2627	4.3875	0.0000	0.0000	0.0000	0.0000	12.5506	0.0000	0.6868	-0.0804	5.0000	5.3495	6.0000	12.4099	1.0312	0.0761	0.9551	0.0517	0.0515	0.0002	0.9795	0.0246	0.9549	0.1541	0.1541	0.0000	0.1541	0.1541	0.0000	0.0000	0.0000	0.0000	0.7166	0.6475	0.0691	0.3758	0.3513	0.0245	0.3408	0.2961	0.0446	0.3241	0.1734	0.1507	0.1139	0.1020	0.0119	0.2103	0.0714	0.1389	3.0262	0.1322	inf	0.1017	0.0971	inf	inf	inf	inf	0.4755	0.8890	0.0000	1.3535	1.5108	0.0000	0.0000	0.0000	0.0000
119	129	0.7649	10	0	2	0	1	0	0	0	0	N	Y	N	N	N	N	N	N	N	N	N	N	0.0000	0.0000	0.0000	0.0000	0.0000	0.0000	0.0000	0.0000	0.0000	0.0000	0.0000	0.0000	0.0000	0.0000	0.0000	0.0000	0.0000	0.0000	0.0000	0.0000	5.0000	0.0000	6.0000	0.0000	0.0000	0.0000	0.0000	0.0000	0.0000	0.0000	0.0000	0.0000	0.0000	0.0000	0.0000	0.0000	0.0000	0.0000	0.0000	0.0000	0.0000	0.0000	0.0000	0.0000	0.0000	0.0000	0.0000	0.0000	0.0000	0.0000	0.0000	0.0000	0.0000	0.0000	0.0000	0.0000	0.0000	0.0000	0.0000	0.0000	0.0000	0.0000	0.0000	0.0000	0.0000	0.0000	0.0000	0.0000	0.0000	0.0000	0.0000	0.0000	0.0000	0.0000	0.0000	0.0000	0.0000	0.0000											
119	130	0.7486	9	0	2	0	1	0	0	0	0	N	Y	N	N	N	N	N	N	N	N	N	N	0.0000	0.0000	0.0000	0.0000	0.0000	0.0000	0.0000	0.0000	0.0000	0.0000	0.0000	0.0000	0.0000	53.3805	87.4326	0.0000	96.3211	112.1708	0.0000	0.0000	0.0000	0.0000	0.0000	0.0000	-0.5219	5.0000	0.0000	6.0000	3.0001	0.0000	0.0000	0.0000	0.0000	0.0000	0.0000	0.0000	0.0000	0.0000	1.0000	1.0000	0.0000	1.0000	1.0000	0.0000	0.0000	0.0000	0.0000	0.0000	0.0000	0.0000	0.0000	0.0000	0.0000	0.0000	0.0000	0.0000	0.0187	0.0114	0.0073	0.0104	0.0089	0.0015	0.0084	0.0025	0.0058	0.0000	0.0000	0.0000	0.0000	0.0000	0.0000	0.0000	0.0000	0.0000	53.3805	87.4326	0.0000	96.3211	112.1708	0.0000	0.0000	0.0000	0.0000						
119	131	0.7389	8	0	2	0	0	0	0	0	0	N	Y	N	N	N	N	N	N	N	N	N	N	0.0000	0.0000	0.0000	0.0000	0.0000	0.0000	0.0000	0.0000	0.0000	0.0000	0.0000	0.0000	0.0000	0.0000	0.0000	0.0000	0.0000	0.0000	0.0000	0.0000	5.0000	0.0000	6.0000	0.0000	0.0000	0.0000	0.0000	0.0000	0.0000	0.0000	0.0000	0.0000	0.0000	0.0000	0.0000	0.0000	0.0000	0.0000	0.0000	0.0000	0.0000	0.0000	0.0000	0.0000	0.0000	0.0000	0.0000	0.0000	0.0000	0.0000	0.0000	0.0000	0.0000	0.0000	0.0000	0.0000	0.0000	0.0000	0.0000	0.0000	0.0000	0.0000	0.0000	0.0000	0.0000	0.0000	0.0000	0.0000	0.0000	0.0000	0.0000	0.0000	0.0000	0.0000	0.0000	0.0000	0.0000	0.0000											
119	132	0.7486	9	0	1	1	1	0	0	0	0	N	N	N	N	N	N	N	N	N	N	N	N	0.0000	0.0000	0.0000	0.0000	0.0000	0.0000	0.0000	0.0000	0.0000	0.0000	0.0000	0.0000	0.0000	0.0000	0.0000	0.0000	0.0000	0.0000	0.0000	0.0000	5.0000	0.0000	6.0000	1.9999	0.0000	0.0000	0.0000	0.0000	0.0000	0.0000	0.0000	0.0000	0.0000	0.0000	0.0000	0.0000	0.0000	0.0000	0.0000	0.0000	0.0000	0.0000	0.0000	0.0000	0.0000	0.0000	0.0000	0.0000	0.0000	0.0000	0.0000	0.0126	0.0077	0.0049	0.0070	0.0060	0.0010	0.0056	0.0017	0.0039	0.0000	0.0000	0.0000	0.0000	0.0000	0.0000	0.0000	0.0000	0.0000	0.0000	0.0000	0.0000	0.0000	0.0000	0.0000	0.0000	0.0000	0.0000											
119	133	0.7596	10	0	1	1	1	0	0	0	0	N	N	N	N	N	N	N	N	N	N	N	N	0.0000	0.0000	0.0000	0.0000	0.0000	0.0000	0.0000	0.0000	0.0000	0.0000	0.0000	0.0000	0.0000	0.0000	0.0000	0.0000	0.0000	0.0000	0.0000	0.0000	5.0000	1.0000	6.0000	0.0000	0.0000	0.0000	0.0000	0.0000	0.0000	0.0000	0.0000	0.0000	0.0000	0.0000	0.0000	0.0000	0.0000	0.0000	0.0000	0.0000	0.0000	0.0000	0.1190	0.1097	0.0092	0.0965	0.0906	0.0059	0.0224	0.0192	0.0033	0.0057	0.0034	0.0023	0.0028	0.0025	0.0003	0.0028	0.0009	0.0020	0.0000	0.0000	0.0000	0.0000	0.0000	0.0000	0.0000	0.0000	0.0000	0.0000	0.0000	0.0000	0.0000	0.0000	0.0000	0.0000	0.0000	0.0000											
119	134	0.7596	10	0	1	1	1	0	0	0	0	N	N	N	N	N	N	N	N	N	N	N	N	0.0000	0.0000	0.0000	0.0000	0.0000	0.0000	0.0000	0.0000	0.0000	0.0000	0.0000	0.0000	0.0000	0.0000	0.0000	0.0000	0.0000	0.0000	0.0000	0.0000	5.0000	0.0000	6.0000	0.0000	0.0000	0.0000	0.0000	0.0000	0.0000	0.0000	0.0000	0.0000	0.0000	0.0000	0.0000	0.0000	0.0000	0.0000	0.0000	0.0000	0.0000	0.0000	0.0000	0.0000	0.0000	0.0000	0.0000	0.0000	0.0000	0.0000	0.0000	0.0000	0.0000	0.0000	0.0000	0.0000	0.0000	0.0000	0.0000	0.0000	0.0000	0.0000	0.0000	0.0000	0.0000	0.0000	0.0000	0.0000	0.0000	0.0000	0.0000	0.0000	0.0000	0.0000	0.0000	0.0000	0.0000	0.0000											
119	135	0.7486	9	0	1	1	1	0	0	0	0	N	N	N	N	N	N	N	N	N	N	N	N	0.0000	0.0000	0.0000	0.0000	0.0000	0.0000	0.0000	0.0000	0.0000	0.0000	0.0000	0.0000	0.0000	0.0077	0.0115	0.0000	0.0050	0.0051	0.0000	0.0000	0.0000	0.0000	0.0000	0.0000	-0.0000	5.0000	2.0025	6.0000	0.9943	0.0000	0.0000	0.0000	0.0000	0.0000	0.0000	0.0000	0.0000	0.0000	0.0000	0.0000	0.0000	0.0000	0.0000	0.0000	0.0000	0.0000	0.0000	0.2352	0.2167	0.0185	0.1875	0.1758	0.0117	0.0477	0.0409	0.0068	0.0187	0.0114	0.0073	0.0104	0.0089	0.0015	0.0083	0.0025	0.0058	0.0000	0.0000	0.0000	0.0000	0.0000	0.0000	0.0000	0.0000	0.0000	0.0011	0.0018	0.0000	0.0019	0.0022	0.0000	0.0000	0.0000	0.0000						
119	136	0.7486	8	0	1	0	1	0	0	0	0	N	N	N	N	N	N	N	N	N	N	N	N	0.0000	0.0000	0.0000	0.0000	0.0000	0.0000	0.0000	0.0000	0.0000	0.0000	0.0000	0.0000	0.0000	0.0000	0.0000	0.0000	1.6550	1.9326	1.4929	2.2820	2.4223	0.0000	1.7306	0.0000	0.7876	1.0000	0.0000	-0.0000	5.0000	0.0050	6.0000	0.0173	0.0000	0.0000	0.0000	0.0000	0.0000	0.0000	0.0000	0.0000	0.0000	0.0000	0.0000	0.0000	0.0000	0.0000	0.0000	0.0000	0.0000	0.0000	0.0029	0.0026	0.0003	0.0028	0.0025	0.0003	0.0001	0.0001	0.0000	0.0001	0.0001	0.0001	0.0001	0.0001	0.0000	0.0001	0.0000	0.0000	0.0000	0.0000	0.0000	0.0000	0.0000	0.0000	0.0000	0.0000	0.0000	0.2740	0.2248	0.3508	0.2477	0.2875	0.0000	0.3066	0.0000	0.4364			
119	137	0.7389	7	0	1	0	1	0	0	0	0	N	N	N	N	N	N	N	N	N	N	N	N	0.0000	0.0000	0.0000	0.0000	0.0000	0.0000	0.0000	0.0000	0.0000	0.0000	0.0000	0.0000	0.0000	0.0099	0.0000	0.0034	0.0000	0.0000	0.0000	0.0222	0.0000	0.0045	inf	0.0000	0.0000	5.0000	1.9972	6.0000	1.0076	0.0000	0.0000	0.0000	0.0000	0.0000	0.0000	0.0000	0.0000	0.0000	0.0000	0.0000	0.0000	0.0000	0.0000	0.0000	0.0000	0.0000	0.0000	0.1820	0.1662	0.0158	0.1376	0.1282	0.0093	0.0444	0.0380	0.0064	0.0163	0.0103	0.0060	0.0104	0.0089	0.0015	0.0059	0.0014	0.0045	0.0000	0.0000	0.0000	0.0000	0.0000	0.0000	0.0000	0.0000	0.0000	0.0012	0.0000	0.0034	0.0000	0.0000	0.0000	0.0034	0.0000	0.0045						
119	138	0.7217	6	1	2	0	0	0	0	0	0	N	Y	N	N	N	N	N	N	N	N	N	N	0.0000	0.0000	0.0000	0.0000	0.0000	0.0000	0.0000	0.0000	0.0000	0.0000	0.0000	0.0000	0.0000	0.0000	0.0000	0.0000	0.0000	0.0000	0.0000	0.0000	5.0000	0.0002	6.0000	2.3255	0.0000	0.0000	0.0000	0.0000	0.0000	0.0000	0.0000	0.0000	0.0000	0.0000	0.0000	0.0000	0.0000	0.0000	0.0000	0.0000	0.0000	0.0000	0.0000	0.0000	0.0000	0.0000	0.0000	0.0000	0.0000	0.0000	0.0000	0.0194	0.0118	0.0076	0.0093	0.0081	0.0012	0.0101	0.0036	0.0065	0.0000	0.0000	0.0000	0.0000	0.0000	0.0000	0.0000	0.0000	0.0000	0.0000	0.0000	0.0000	0.0000	0.0000	0.0000	0.0000	0.0000	0.0000											
119	139	0.7038	5	1	2	0	0	0	0	0	0	N	Y	N	N	N	N	N	N	N	N	N	N	0.0011	inf	0.0010	0.0748	inf	0.2650	0.0019	inf	0.0000	0.0187	0.0169	0.0379	0.0045	0.0001	0.0705	0.0576	0.0679	0.0011	16.5474	0.0000	38.8640	0.0606	0.0000	0.2662	30.9174	0.0000	50.5632	0.2155	inf	-0.0004	0.4338	5.0000	2.0138	6.0000	2.7349	0.0042	0.0035	0.0008	0.0008	0.0000	0.0007	0.0035	0.0035	0.0000	0.9073	0.0000	0.9073	0.0002	0.0000	0.0002	0.9071	0.0000	0.9071	0.2258	0.2060	0.0198	0.1654	0.1549	0.0105	0.0604	0.0511	0.0093	0.0548	0.0315	0.0233	0.0255	0.0232	0.0023	0.0293	0.0083	0.0210	0.0011	inf	0.0010	0.5781	inf	0.8111	0.0019	inf	0.0000	16.5474	0.0000	38.8640	0.0078	0.0000	0.0870	30.9174	0.0000	43.1008
119	140	0.7203	6	0	2	0	0	0	0	0	0	N	Y	N	N	N	N	N	N	N	N	N	N	0.0010	0.0000	inf	0.0007	0.0000	inf	inf	inf	0.0014	0.0001	0.0238	0.0016	0.0000	0.0374	0.0004	0.0004	0.0000	1.4390	1.9640	0.0000	2.2914	2.4515	0.0000	0.0000	0.0000	0.0000	23.0000	0.0000	0.0005	-0.0014	5.0000	1.9232	6.0000	1.1116	0.0007	0.0000	0.0007	0.0007	0.0000	0.0007	0.0000	0.0000	0.0000	0.0028	0.0028	0.0000	0.0028	0.0028	0.0000	0.0000	0.0000	0.0000	0.5037	0.4748	0.0290	0.4239	0.4054	0.0185	0.0798	0.0693	0.0105	0.0176	0.0111	0.0066	0.0108	0.0093	0.0015	0.0069	0.0018	0.0051	0.0091	0.0003	inf	0.0063	0.0000	inf	inf	inf	0.0000	0.1569	0.2502	0.0000	0.2567	0.2976	0.0000	0.0000	0.0000	0.0000	
119	141	0.1165	2	0	2	0	0	0	0	0	0	N	Y	N	N	N	N	N	N	N	N	N	N	inf	inf	inf	inf	2.8092	3.1466	0.0000	0.0000	0.0000	0.0000	3.1141	3.5134	0.0000	0.0000	0.0000	0.0000	0.0000	0.0000	0.0000	0.0000	0.0000	0.0000	0.0000	-0.5204	0.0000	5.0000	3.0000	6.0000	1.0000	2.0000	2.0000	0.0000	0.0000	0.0000	0.0000	2.0000	2.0000	0.0000	0.0000	0.0000	0.0000	0.0000	0.0000	0.0000	0.0000	0.0000	0.0000	0.7120	0.6356	0.0764	0.0697	0.0664	0.0034	0.6422	0.5692	0.0730	0.1544	0.0664	0.0879	0.0001	0.0001	0.0000	0.1543	0.0663	0.0879	inf	inf	0.0000	0.0000	0.0000	0.0000	inf	inf	0.0000	0.0000	0.0000	0.0000	0.0000	0.0000	0.0000	0.0000	0.0000	0.0000						
119	145	0.7389	8	1	2	0	0	0	0	0	0	N	Y	N	N	N	N	N	N	N	N	N	N	0.0000	0.0000	0.0000	0.0000	0.0000	0.0000	0.0000	0.0000	0.0000	0.0000	0.0000	0.0000	0.0000	0.0000	0.0000	0.0000	0.0000	0.0000	0.0000	0.0000	5.0000	1.0000	6.0000	1.0000	0.0000	0.0000	0.0000	0.0000	0.0000	0.0000	0.0000	0.0000	0.0000	0.0000	0.0000	0.0000	0.0000	0.0000	0.0000	0.0000	0.0000	0.0000	0.0934	0.0853	0.0081	0.0710	0.0661	0.0048	0.0224	0.0192	0.0033	0.0109	0.0069	0.0040	0.0070	0.0060	0.0010	0.0039	0.0009	0.0030	0.0000	0.0000	0.0000	0.0000	0.0000	0.0000	0.0000	0.0000	0.0000	0.0000	0.0000	0.0000	0.0000	0.0000	0.0000	0.0000	0.0000	0.0000											
119	146	0.7389	7	0	2	0	0	0	0	0	0	N	Y	N	N	N	N	N	N	N	N	N	N	0.0000	0.0000	0.0000	0.0000	0.0000	0.0000	0.0000	0.0000	0.0000	0.0000	0.0000	0.0000	0.0000	0.0000	0.0000	0.0000	0.0000	0.0000	0.0000	0.0000	5.0000	0.0003	6.0000	0.0000	0.0000	0.0000	0.0000	0.0000	0.0000	0.0000	0.0000	0.0000	0.0000	0.0000	0.0000	0.0000	0.0000	0.0000	0.0000	0.0000	0.0000	0.0000	0.0003	0.0002	0.0000	0.0002	0.0002	0.0000	0.0000	0.0000	0.0000	0.0000	0.0000	0.0000	0.0000	0.0000	0.0000	0.0000	0.0000	0.0000	0.0000	0.0000	0.0000	0.0000	0.0000	0.0000	0.0000	0.0000	0.0000	0.0000	0.0000	0.0000	0.0000	0.0000	0.0000	0.0000	0.0000	0.0000											
119	147	0.7203	6	0	1	0	0	0	0	0	0	N	N	N	N	N	N	N	N	N	N	N	N	1.1568	0.8671	1.0486	1.0324	inf	inf	1.4042	1.5128	0.0000	1.7643	1.8666	0.0000	0.0002	0.0002	0.0000	1.2138	1.7446	0.0000	1.6824	1.8080	0.0000	0.0000	0.0000	0.0000	0.0000	0.0000	-0.2600	-0.0014	5.0000	4.9449	6.0000	1.0063	0.9994	0.9994	0.0000	0.9994	0.9994	0.0000	0.0000	0.0000	0.0000	0.0028	0.0028	0.0000	0.0028	0.0028	0.0000	0.0000	0.0000	0.0000	0.7118	0.6607	0.0511	0.5665	0.5354	0.0311	0.1453	0.1253	0.0200	0.0332	0.0209	0.0124	0.0204	0.0175	0.0028	0.0129	0.0033	0.0095	16.8393	11.3915	0.0000	12.9701	11.8045	0.0000	inf	inf	0.0000	0.0834	0.1328	0.0000	0.1360	0.1581	0.0000	0.0000	0.0000	0.0000			
119	148	0.7038	5	0	1	0	0	0	0	0	0	N	N	N	N	N	N	N	N	N	N	N	N	0.0056	0.0039	0.0617	0.0011	0.0006	201.5155	0.0368	0.7899	0.0031	0.0147	0.0137	0.0243	0.0062	0.0033	0.0480	0.0345	0.0406	0.0006	2.6004	3.4917	0.3938	5.6795	5.8301	0.0002	0.9381	0.0514	0.2097	0.1785	0.0270	-0.0005	-0.0471	5.0000	3.4778	6.0000	1.2917	0.0049	0.0042	0.0007	0.0015	0.0007	0.0007	0.0035	0.0035	0.0000	0.0951	0.0926	0.0025	0.0926	0.0926	0.0000	0.0025	0.0000	0.0025	0.3375	0.3067	0.0309	0.2367	0.2213	0.0154	0.1009	0.0854	0.0155	0.0550	0.0316	0.0234	0.0256	0.0232	0.0023	0.0294	0.0083	0.0211	0.0085	0.0047	0.2278	0.0017	0.0008	201.5155	0.4039	18.6397	0.0055	1.7294	2.9324	0.1066	3.6219	3.9816	0.0002	0.0854	0.0022	0.1182
119	149	0.6534	4	0	1	0	0	0	0	0	0	N	N	N	N	N	N	N	N	N	N	N	N	1.1938	27.9352	1.4412	inf	inf	inf	1.2380	5.8082	0.0000	2.6473	1.4643	13.6480	2.2275	0.0009	32.6285	3.2643	3.7936	0.0000	2.2176	0.0524	9.4697	0.0000	0.0000	0.0000	2.6367	0.6531	7.3340	1.0023	463.1000	0.4798	0.0442	5.0000	7.8050	6.0000	4.0035	1.9961	0.9969	0.9992	0.9996	0.0004	0.9992	0.9965	0.9965	0.0000	0.0928	0.0002	0.0926	0.0000	0.0000	0.0000	0.0928	0.0002	0.0926	0.7540	0.6808	0.0732	0.4487	0.4181	0.0306	0.3053	0.2627	0.0426	0.1054	0.0529	0.0525	0.0355	0.0301	0.0054	0.0700	0.0228	0.0472	3.0065	387.1010	7.7426	inf	inf	inf	2.4601	432.2475	0.0000	0.8805	0.0038	1.7627	0.0000	0.0000	0.0000	1.3269	0.0088	1.9638
119	150	0.5588	4	0	1	0	0	0	0	0	0	N	N	N	N	N	N	N	N	N	N	N	N	0.0002	0.0002	0.0002	0.0002	0.0000	0.0000	0.0003	0.0003	0.0000	0.0004	0.0004	0.0000	0.0000	0.0000	0.0000	1.1797	1.7504	0.0000	2.0042	2.1356	0.0000	0.0647	1.3220	0.0000	0.0000	0.0000	-0.0000	-0.0074	5.0000	3.7255	6.0000	14.1767	0.0001	0.0001	0.0000	0.0001	0.0001	0.0000	0.0000	0.0000	0.0000	0.0142	0.0142	0.0000	0.0133	0.0133	0.0000	0.0008	0.0008	0.0000	0.4308	0.3879	0.0429	0.2749	0.2542	0.0207	0.1558	0.1337	0.0221	0.1874	0.1023	0.0851	0.0704	0.0617	0.0087	0.1170	0.0406	0.0764	0.0034	0.0020	0.0000	0.0021	0.0020	0.0000	0.0000	0.0000	0.0000	0.0756	0.1385	0.0000	0.1896	0.2162	0.0000	0.0070	0.0202	0.0000			
119	151	0.5425	3	0	1	0	0	0	0	0	0	N	N	N	N	N	N	N	N	N	N	N	N	0.0005	0.0004	0.0000	0.0001	0.0001	0.0000	0.0018	0.0008	0.0000	0.0008	0.0009	0.0000	0.0004	0.0004	0.0000	0.0017	0.0020	0.0000	1.5893	2.1385	0.3366	2.7963	2.8179	0.9786	0.9529	2.6093	0.1278	0.0000	0.2034	-0.0000	-0.0089	5.0000	1.4205	6.0000	4.0377	0.0001	0.0001	0.0000	0.0000	0.0000	0.0000	0.0001	0.0001	0.0000	0.0252	0.0209	0.0043	0.0197	0.0188	0.0009	0.0055	0.0022	0.0033	0.1783	0.1605	0.0178	0.1126	0.1046	0.0080	0.0657	0.0559	0.0098	0.1075	0.0636	0.0439	0.0447	0.0414	0.0033	0.0628	0.0223	0.0405	0.0036	0.0028	0.0000	0.0008	0.0008	0.0000	0.0191	0.0202	0.0000	0.2344	0.3290	0.0971	0.4402	0.4536	0.2745	0.0877	0.0974	0.0824
120	122	0.6397	6	0	2	0	0	0	0	0	0	N	Y	N	N	N	N	N	N	N	N	N	N	inf	inf	inf	inf	inf	inf	0.0006	0.0007	0.0000	0.0008	0.0009	0.0000	0.0000	0.0000	0.0000	0.0000	0.0000	0.0000	0.0000	0.0000	0.0000	0.0000	0.0000	0.0000	0.0000	-0.0000	0.0000	0.9998	2.0001	0.9486	3.0000	0.0000	0.0000	0.0000	0.0000	0.0000	0.0000	0.0000	0.0000	0.0000	0.0000	0.0000	0.0000	0.0000	0.0000	0.0000	0.0000	0.0000	0.0000	0.0473	0.0433	0.0039	0.0366	0.0343	0.0024	0.0106	0.0091	0.0016	0.0128	0.0074	0.0054	0.0071	0.0062	0.0009	0.0057	0.0012	0.0046	inf	inf	0.0000	inf	inf	0.0000	inf	inf	0.0000	0.0000	0.0000	0.0000	0.0000	0.0000	0.0000	0.0000	0.0000	0.0000				
120	123	0.5984	5	0	1	0	0	0	0	0	0	N	N	N	N	N	N	N	N	N	N	N	N	882.4258	537.1584	inf	23.7798	27.5719	inf	2108.9331	42.4559	6.4289	7.1282	0.0000	0.0018	0.0019	0.0000	15.8202	18.3574	0.0000	0.0073	0.0133	0.0000	0.0001	0.0001	0.0000	0.0075	0.4324	0.0000	0.0000	0.0000	-0.2567	-0.0000	0.9998	6.9986	0.9486	2.0000	0.9867	0.9867	0.0000	0.0002	0.0002	0.0000	0.9865	0.9865	0.0000	0.0000	0.0000	0.0000	0.0000	0.0000	0.0000	0.0000	0.0000	0.0000	0.1535	0.1384	0.0151	0.0911	0.0847	0.0064	0.0624	0.0537	0.0086	0.0273	0.0146	0.0127	0.0120	0.0105	0.0015	0.0152	0.0041	0.0112	6366.8067	3775.6280	inf	5028.4124	4722.0682	inf	8756.9363	2724.1964	0.0000	0.0010	0.0019	0.0000	0.0000	0.0000	0.0000	0.0018	0.0067	0.0000	
120	124	0.0758	3	0	2	0	0	0	0	0	0	N	Y	N	N	N	N	N	N	N	N	N	N	100.2948	1.8213	1723.1490	2.3401	3.0423	5.2870	285.7480	0.0002	2282.2476	0.0293	0.0003	0.3473	0.0008	0.0007	0.0027	0.0536	0.0000	0.4521	0.0003	0.0002	0.0002	0.0003	0.0002	0.0005	0.0002	0.0001	0.0002	95.6327	22.0011	0.0042	0.0000	0.9998	3.9006	0.9486	3.1543	0.0057	0.0001	0.0057	0.0001	0.0001	0.0000	0.0057	0.0000	0.0057	0.0000	0.0000	0.0000	0.0000	0.0000	0.0000	0.0000	0.0000	0.0000	0.1952	0.1789	0.0163	0.0897	0.0859	0.0038	0.1056	0.0930	0.0125	0.0543	0.0247	0.0297	0.0154	0.0150	0.0004	0.0389	0.0097	0.0293	254.9376	30.0757	1723.1490	26.5185	38.3710	5.8533	359.7797	0.1768	2282.2476	0.0001	0.0000	0.0002	0.0000	0.0000	0.0005	0.0001	0.0000	0.0002
120	125	0.0423	2	0	2	0	0	0	0	0	0	N	Y	N	N	N	N	N	N	N	N	N	N	0.0009	0.0005	0.0337	0.0005	0.0005	0.0381	0.0026	0.0004	0.1110	0.0007	0.0004	0.0043	0.0000	0.0000	0.0000	0.0012	0.0006	0.0052	0.8393	0.8235	0.1268	0.0246	0.0213	0.0011	0.4642	1.5965	0.0466	1.1320	2.8028	0.0000	0.0002	0.9998	1.6924	0.9486	1.9110	0.0001	0.0000	0.0000	0.0000	0.0000	0.0000	0.0001	0.0000	0.0000	0.0010	0.0003	0.0007	0.0000	0.0000	0.0000	0.0009	0.0002	0.0007	0.0866	0.0785	0.0080	0.0335	0.0320	0.0014	0.0531	0.0465	0.0066	0.0315	0.0128	0.0186	0.0051	0.0050	0.0001	0.0264	0.0079	0.0185	0.0242	0.0194	0.1113	0.0025	0.0022	0.0462	0.0338	0.0221	0.1339	0.0308	0.0199	0.0384	0.0051	0.0052	0.0009	0.0358	0.0292	0.0386
120	126	0.5984	5	0	2	0	0	0	0	0	0	N	Y	N	N	N	N	N	N	N	N	N	N	0.0000	0.0000	0.0000	0.0000	0.0000	0.0000	0.0000	0.0000	0.0000	0.0000	0.0000	0.0000	0.0000	0.0000	0.0000	0.0000	0.0000	1.1495	1.7361	0.0016	1.7945	1.9721	0.0000	0.0339	0.9161	0.0018	0.0106	0.0000	-0.0010	0.9998	0.9996	0.9486	8.0005	0.0000	0.0000	0.0000	0.0000	0.0000	0.0000	0.0000	0.0000	0.0000	0.0019	0.0019	0.0000	0.0018	0.0018	0.0000	0.0001	0.0001	0.0000	0.0260	0.0234	0.0026	0.0161	0.0149	0.0012	0.0099	0.0085	0.0014	0.0273	0.0146	0.0127	0.0120	0.0105	0.0015	0.0152	0.0041	0.0112	0.0000	0.0000	0.0000	0.0000	0.0000	0.0000	0.0000	0.0000	0.0000	0.0700	0.1296	0.0016	0.1529	0.1752	0.0000	0.0046	0.0122	0.0018		
120	127	0.5038	5	0	1	0	0	0	0	0	0	N	N	N	N	N	N	N	N	N	N	N	N	0.0009	0.0007	0.0629	0.0009	0.0009	1.3716	0.0001	0.0000	0.0619	0.0012	0.0013	0.0000	0.0018	0.0020	0.0000	0.0000	0.0000	0.0000	1.2381	1.7770	0.0000	1.9573	2.1356	0.0000	0.0069	0.2748	0.0000	0.0001	0.0001	-0.0000	-0.0028	0.9998	3.6536	0.9486	12.3970	0.0001	0.0001	0.0000	0.0001	0.0001	0.0000	0.0000	0.0000	0.0000	0.0054	0.0054	0.0000	0.0053	0.0053	0.0000	0.0001	0.0001	0.0000	0.0941	0.0846	0.0095	0.0595	0.0549	0.0047	0.0346	0.0297	0.0048	0.0597	0.0349	0.0248	0.0291	0.0247	0.0044	0.0306	0.0102	0.0204	0.0128	0.0083	0.0629	0.0099	0.0092	1.3716	0.0002	0.0001	0.0619	0.0903	0.1546	0.0000	0.1833	0.2161	0.0000	0.0017	0.0050	0.0000
120	128	0.2927	3	0	1	0	0	0	0	0	0	N	N	N	N	N	N	N	N	N	N	N	N	0.0171	0.0134	0.1415	0.0141	0.0146	0.8396	1.1727	0.0349	0.1264	0.0325	0.0361	0.0000	0.0545	0.0586	0.0000	0.0003	0.0004	0.0000	1.8999	2.6898	0.0001	3.8557	4.0266	0.0000	0.0003	0.0110	0.0001	0.0000	0.0001	-0.0013	-0.0239	0.9998	5.3495	0.9486	12.4099	0.0050	0.0050	0.0000	0.0050	0.0050	0.0000	0.0000	0.0000	0.0000	0.0459	0.0459	0.0000	0.0459	0.0459	0.0000	0.0000	0.0000	0.0000	0.1535	0.1385	0.0150	0.0913	0.0849	0.0064	0.0622	0.0537	0.0085	0.1007	0.0564	0.0443	0.0467	0.0414	0.0053	0.0540	0.0150	0.0390	0.0715	0.0444	0.1415	0.0555	0.0529	0.8396	1.3290	0.6240	0.1264	0.4555	0.8131	0.0001	0.9827	1.1083	0.0000	0.0002	0.0006	0.0001
120	129	0.7099	11	0	2	0	1	0	0	0	0	N	Y	N	N	N	N	N	N	N	N	N	N	0.0000	0.0000	0.0000	0.0000	0.0000	0.0000	0.0000	0.0000	0.0000	0.0000	0.0000	0.0000	0.0000	0.0000	0.0000	0.0000	0.0000	0.0000	0.0000	0.0000	0.9998	0.0000	0.9486	0.0000	0.0000	0.0000	0.0000	0.0000	0.0000	0.0000	0.0000	0.0000	0.0000	0.0000	0.0000	0.0000	0.0000	0.0000	0.0000	0.0000	0.0000	0.0000	0.0000	0.0000	0.0000	0.0000	0.0000	0.0000	0.0000	0.0000	0.0000	0.0000	0.0000	0.0000	0.0000	0.0000	0.0000	0.0000	0.0000	0.0000	0.0000	0.0000	0.0000	0.0000	0.0000	0.0000	0.0000	0.0000	0.0000	0.0000	0.0000	0.0000	0.0000	0.0000	0.0000	0.0000	0.0000	0.0000											
120	130	0.6936	10	0	2	0	1	0	0	0	0	N	Y	N	N	N	N	N	N	N	N	N	N	0.0000	0.0000	0.0000	0.0000	0.0000	0.0000	0.0000	0.0000	0.0000	0.0000	0.0000	0.0000	0.0000	0.0585	0.0000	0.0183	0.0000	0.0000	0.0000	0.0353	0.0000	0.0093	inf	0.0000	0.0000	0.9998	0.0000	0.9486	3.0001	0.0000	0.0000	0.0000	0.0000	0.0000	0.0000	0.0000	0.0000	0.0000	0.0000	0.0000	0.0000	0.0000	0.0000	0.0000	0.0000	0.0000	0.0000	0.0000	0.0000	0.0000	0.0000	0.0000	0.0000	0.0000	0.0000	0.0000	0.0131	0.0083	0.0048	0.0046	0.0040	0.0005	0.0085	0.0043	0.0043	0.0000	0.0000	0.0000	0.0000	0.0000	0.0000	0.0000	0.0000	0.0000	0.0030	0.0000	0.0083	0.0000	0.0000	0.0000	0.0047	0.0000	0.0093						
120	131	0.6839	9	0	2	0	0	0	0	0	0	N	Y	N	N	N	N	N	N	N	N	N	N	0.0000	0.0000	0.0000	0.0000	0.0000	0.0000	0.0000	0.0000	0.0000	0.0000	0.0000	0.0000	0.0000	0.0000	0.0000	0.0000	0.0000	0.0000	0.0000	0.0000	0.9998	0.0000	0.9486	0.0000	0.0000	0.0000	0.0000	0.0000	0.0000	0.0000	0.0000	0.0000	0.0000	0.0000	0.0000	0.0000	0.0000	0.0000	0.0000	0.0000	0.0000	0.0000	0.0000	0.0000	0.0000	0.0000	0.0000	0.0000	0.0000	0.0000	0.0000	0.0000	0.0000	0.0000	0.0000	0.0000	0.0000	0.0000	0.0000	0.0000	0.0000	0.0000	0.0000	0.0000	0.0000	0.0000	0.0000	0.0000	0.0000	0.0000	0.0000	0.0000	0.0000	0.0000	0.0000	0.0000	0.0000	0.0000											
120	132	0.6936	10	0	1	1	1	0	0	0	0	N	N	N	N	N	N	N	N	N	N	N	N	0.0000	0.0000	0.0000	0.0000	0.0000	0.0000	0.0000	0.0000	0.0000	0.0000	0.0000	0.0000	0.0000	0.0000	0.0000	0.0000	0.0000	0.0000	0.0000	0.0000	0.9998	0.0000	0.9486	1.9999	0.0000	0.0000	0.0000	0.0000	0.0000	0.0000	0.0000	0.0000	0.0000	0.0000	0.0000	0.0000	0.0000	0.0000	0.0000	0.0000	0.0000	0.0000	0.0000	0.0000	0.0000	0.0000	0.0000	0.0000	0.0000	0.0000	0.0000	0.0090	0.0057	0.0033	0.0031	0.0027	0.0004	0.0059	0.0030	0.0029	0.0000	0.0000	0.0000	0.0000	0.0000	0.0000	0.0000	0.0000	0.0000	0.0000	0.0000	0.0000	0.0000	0.0000	0.0000	0.0000	0.0000	0.0000											
120	133	0.7046	11	0	1	1	1	0	0	0	0	N	N	N	N	N	N	N	N	N	N	N	N	0.0000	0.0000	0.0000	0.0000	0.0000	0.0000	0.0000	0.0000	0.0000	0.0000	0.0000	0.0000	0.0000	0.0000	0.0000	0.0000	0.0000	0.0000	0.0000	0.0000	0.9998	1.0000	0.9486	0.0000	0.0000	0.0000	0.0000	0.0000	0.0000	0.0000	0.0000	0.0000	0.0000	0.0000	0.0000	0.0000	0.0000	0.0000	0.0000	0.0000	0.0000	0.0000	0.0253	0.0228	0.0026	0.0141	0.0131	0.0010	0.0113	0.0097	0.0016	0.0042	0.0026	0.0016	0.0012	0.0011	0.0001	0.0030	0.0015	0.0015	0.0000	0.0000	0.0000	0.0000	0.0000	0.0000	0.0000	0.0000	0.0000	0.0000	0.0000	0.0000	0.0000	0.0000	0.0000	0.0000	0.0000	0.0000											
120	134	0.7046	11	0	1	1	1	0	0	0	0	N	N	N	N	N	N	N	N	N	N	N	N	0.0000	0.0000	0.0000	0.0000	0.0000	0.0000	0.0000	0.0000	0.0000	0.0000	0.0000	0.0000	0.0000	0.0000	0.0000	0.0000	0.0000	0.0000	0.0000	0.0000	0.9998	0.0000	0.9486	0.0000	0.0000	0.0000	0.0000	0.0000	0.0000	0.0000	0.0000	0.0000	0.0000	0.0000	0.0000	0.0000	0.0000	0.0000	0.0000	0.0000	0.0000	0.0000	0.0000	0.0000	0.0000	0.0000	0.0000	0.0000	0.0000	0.0000	0.0000	0.0000	0.0000	0.0000	0.0000	0.0000	0.0000	0.0000	0.0000	0.0000	0.0000	0.0000	0.0000	0.0000	0.0000	0.0000	0.0000	0.0000	0.0000	0.0000	0.0000	0.0000	0.0000	0.0000	0.0000	0.0000	0.0000	0.0000											
120	135	0.6936	10	0	1	1	1	0	0	0	0	N	N	N	N	N	N	N	N	N	N	N	N	0.0209	0.0000	11.6560	0.0328	0.0000	4.2576	0.0630	0.3933	0.0003	0.0000	0.0029	0.0005	0.0000	0.0074	0.0000	0.0000	0.0000	0.0140	0.0179	0.0003	0.0162	0.0162	0.0017	0.0001	0.0000	0.0001	inf	0.0659	0.0000	-0.0000	0.9998	2.0025	0.9486	0.9943	0.0000	0.0000	0.0000	0.0000	0.0000	0.0000	0.0000	0.0000	0.0000	0.0000	0.0000	0.0000	0.0000	0.0000	0.0000	0.0000	0.0000	0.0000	0.0501	0.0450	0.0050	0.0274	0.0254	0.0020	0.0227	0.0196	0.0031	0.0131	0.0083	0.0048	0.0046	0.0040	0.0005	0.0085	0.0042	0.0043	0.1966	0.0000	11.6560	0.1271	0.0000	5.0302	0.1061	0.0000	0.3933	0.0015	0.0022	0.0003	0.0042	0.0046	0.0015	0.0000	0.0000	0.0001	
120	136	0.6936	9	0	1	0	1	0	0	0	0	N	N	N	N	N	N	N	N	N	N	N	N	0.0335	0.0158	0.3060	0.0444	0.0234	1.3640	0.0003	0.0140	0.0500	0.0265	0.4275	0.0929	0.0496	0.7784	0.0004	0.0000	0.0074	1.4928	1.6835	1.3971	2.0944	2.1162	0.5707	1.2523	0.0000	0.5293	0.9999	1.0000	0.0000	-0.0000	0.9998	0.0050	0.9486	0.0173	0.0000	0.0000	0.0000	0.0000	0.0000	0.0000	0.0000	0.0000	0.0000	0.0000	0.0000	0.0000	0.0000	0.0000	0.0000	0.0000	0.0000	0.0000	0.0006	0.0006	0.0000	0.0003	0.0003	0.0000	0.0003	0.0003	0.0000	0.0002	0.0002	0.0001	0.0001	0.0001	0.0000	0.0001	0.0001	0.0001	0.2880	0.2222	1.3485	0.4393	0.2317	4.7328	0.0029	0.0000	0.0224	0.1735	0.1194	0.3170	0.2116	0.2141	0.1645	0.1451	0.0000	0.3300	
120	137	0.6839	8	0	1	0	1	0	0	0	0	N	N	N	N	N	N	N	N	N	N	N	N	4.0054	inf	144.9724	1072.8586	inf	56845.9273	0.0000	0.0000	0.1463	0.0000	1.6429	0.1898	0.0000	2.6374	0.0000	0.0000	0.0000	0.0365	0.0000	0.0113	0.0002	0.0000	0.0000	0.0622	0.0000	0.0083	16471.8275	inf	0.0043	0.0000	0.9998	1.9972	0.9486	1.0076	0.0058	0.0000	0.0058	0.0058	0.0000	0.0058	0.0000	0.0000	0.0000	0.0000	0.0000	0.0000	0.0000	0.0000	0.0000	0.0000	0.0000	0.0000	0.0396	0.0361	0.0035	0.0305	0.0283	0.0022	0.0091	0.0077	0.0013	0.0071	0.0043	0.0027	0.0044	0.0039	0.0005	0.0027	0.0004	0.0022	56.3064	inf	245.3812	33344.6224	inf	56845.9273	0.0000	0.0000	0.0000	0.0026	0.0000	0.0067	0.0000	0.0000	0.0000	0.0069	0.0000	0.0083	
120	138	0.6666	7	1	2	0	0	0	0	0	0	N	Y	N	N	N	N	N	N	N	N	N	N	0.0000	0.0000	0.0000	0.0000	0.0000	0.0000	0.0000	0.0000	0.0000	0.0000	0.0000	0.0000	0.0000	0.0108	0.0196	0.0000	0.0078	0.0076	0.0000	0.0000	0.0000	0.0000	0.0000	0.0000	-0.0000	0.9998	0.0002	0.9486	2.3255	0.0000	0.0000	0.0000	0.0000	0.0000	0.0000	0.0000	0.0000	0.0000	0.0000	0.0000	0.0000	0.0000	0.0000	0.0000	0.0000	0.0000	0.0000	0.0000	0.0000	0.0000	0.0000	0.0000	0.0000	0.0000	0.0000	0.0000	0.0076	0.0044	0.0033	0.0040	0.0036	0.0004	0.0036	0.0008	0.0028	0.0000	0.0000	0.0000	0.0000	0.0000	0.0000	0.0000	0.0000	0.0000	0.0013	0.0023	0.0000	0.0025	0.0028	0.0000	0.0000	0.0000	0.0000						
120	139	0.6488	6	1	2	0	0	0	0	0	0	N	Y	N	N	N	N	N	N	N	N	N	N	0.0033	618.1763	0.0000	0.0048	8.5080	0.0000	0.0062	inf	0.0000	0.0714	0.0789	0.0000	0.0011	0.0012	0.0000	0.2733	0.3240	0.0000	21.5789	0.0001	46.4135	0.2351	0.0001	1.2300	43.8109	0.0000	54.1831	0.0000	11629791.2951	-0.0009	0.3981	0.9998	2.0138	0.9486	2.7349	0.0035	0.0035	0.0000	0.0000	0.0000	0.0000	0.0034	0.0034	0.0000	0.8327	0.0000	0.8327	0.0003	0.0000	0.0003	0.8324	0.0000	0.8324	0.0485	0.0439	0.0046	0.0360	0.0334	0.0026	0.0125	0.0106	0.0020	0.0386	0.0206	0.0179	0.0196	0.0187	0.0009	0.0190	0.0019	0.0171	0.0033	22743.8404	0.0000	0.0707	316.2036	0.0000	0.0062	inf	0.0000	21.5789	0.0000	46.4135	0.0159	0.0000	0.3597	43.8109	0.0000	48.7417
120	140	0.6653	7	0	2	0	0	0	0	0	0	N	Y	N	N	N	N	N	N	N	N	N	N	0.0179	0.0138	0.0000	0.0123	0.0124	1947.5910	4.7864	0.0000	0.0306	0.0325	0.0000	0.0362	0.0379	0.0000	0.0026	0.0030	0.0000	1.7078	2.3621	0.0000	2.9435	3.0604	0.0000	0.0000	0.0006	0.0000	0.0000	0.0000	-0.0008	-0.0013	0.9998	1.9232	0.9486	1.1116	0.0031	0.0031	0.0000	0.0031	0.0031	0.0000	0.0000	0.0000	0.0000	0.0025	0.0025	0.0000	0.0025	0.0025	0.0000	0.0000	0.0000	0.0000	0.1029	0.0968	0.0060	0.0858	0.0820	0.0038	0.0171	0.0149	0.0022	0.0081	0.0049	0.0033	0.0049	0.0044	0.0005	0.0032	0.0005	0.0027	0.0979	0.0624	0.0000	0.0698	0.0649	0.0000	1947.5910	556.0701	0.0000	0.3125	0.5212	0.0000	0.5188	0.5838	0.0000	0.0000	0.0000	0.0000	
120	141	0.0615	3	0	2	0	0	0	0	0	0	N	Y	N	N	N	N	N	N	N	N	N	N	inf	inf	inf	inf	inf	inf	inf	inf	inf	6.5374	7.1736	0.0015	0.0022	0.0022	0.0034	11.7836	13.4638	0.0010	0.0000	0.0000	0.0000	0.0000	0.0000	0.0000	0.0000	0.0000	0.0000	0.0000	-0.2567	0.0000	0.9998	3.0000	0.9486	1.0000	0.9867	0.9867	0.0000	0.0001	0.0001	0.0000	0.9865	0.9865	0.0000	0.0000	0.0000	0.0000	0.0000	0.0000	0.0000	0.0000	0.0000	0.0000	0.1509	0.1375	0.0134	0.0672	0.0643	0.0029	0.0837	0.0733	0.0104	0.0324	0.0140	0.0184	0.0056	0.0054	0.0001	0.0269	0.0086	0.0182	inf	inf	inf	inf	inf	inf	inf	inf	inf	0.0000	0.0000	0.0000	0.0000	0.0000	0.0000	0.0000	0.0000	0.0000	
120	142	0.0423	2	0	1	0	0	0	0	0	0	N	N	N	N	N	N	N	N	N	N	N	N	inf	inf	inf	inf	inf	inf	0.0006	0.0006	0.0000	0.0009	0.0010	0.0000	0.0003	0.0003	0.0000	0.0000	0.0000	0.0000	0.0000	0.0000	0.0000	0.0000	0.0000	0.0000	0.0000	-0.0000	0.0000	0.9998	1.0000	0.9486	1.0000	0.0000	0.0000	0.0000	0.0000	0.0000	0.0000	0.0000	0.0000	0.0000	0.0000	0.0000	0.0000	0.0000	0.0000	0.0000	0.0000	0.0000	0.0000	0.0536	0.0487	0.0050	0.0213	0.0204	0.0009	0.0324	0.0283	0.0041	0.0184	0.0075	0.0110	0.0030	0.0029	0.0001	0.0155	0.0046	0.0109	inf	inf	0.0000	inf	inf	0.0000	inf	inf	0.0000	0.0000	0.0000	0.0000	0.0000	0.0000	0.0000	0.0000	0.0000	0.0000				
120	145	0.6839	9	1	2	0	0	0	0	0	0	N	Y	N	N	N	N	N	N	N	N	N	N	0.0000	0.0000	0.0000	0.0000	0.0000	0.0000	0.0000	0.0000	0.0000	0.0000	0.0000	0.0000	0.0000	0.0000	0.0000	0.0000	0.0000	0.0000	0.0000	0.0000	0.9998	1.0000	0.9486	1.0000	0.0000	0.0000	0.0000	0.0000	0.0000	0.0000	0.0000	0.0000	0.0000	0.0000	0.0000	0.0000	0.0000	0.0000	0.0000	0.0000	0.0000	0.0000	0.0203	0.0185	0.0018	0.0158	0.0146	0.0011	0.0046	0.0039	0.0007	0.0048	0.0029	0.0018	0.0030	0.0026	0.0004	0.0018	0.0003	0.0015	0.0000	0.0000	0.0000	0.0000	0.0000	0.0000	0.0000	0.0000	0.0000	0.0000	0.0000	0.0000	0.0000	0.0000	0.0000	0.0000	0.0000	0.0000											
120	146	0.6839	8	0	2	0	0	0	0	0	0	N	Y	N	N	N	N	N	N	N	N	N	N	inf	inf	inf	inf	0.0253	0.0267	0.0000	0.0437	0.0462	0.0000	0.0000	0.0000	0.0000	0.0000	0.0000	0.0000	0.0000	0.0000	0.0000	0.0000	0.0000	0.0000	0.0000	-0.0000	0.0000	0.9998	0.0003	0.9486	0.0000	0.0000	0.0000	0.0000	0.0000	0.0000	0.0000	0.0000	0.0000	0.0000	0.0000	0.0000	0.0000	0.0000	0.0000	0.0000	0.0000	0.0000	0.0000	0.0001	0.0000	0.0000	0.0000	0.0000	0.0000	0.0000	0.0000	0.0000	0.0000	0.0000	0.0000	0.0000	0.0000	0.0000	0.0000	0.0000	0.0000	inf	inf	0.0000	inf	inf	0.0000	0.0000	0.0000	0.0000	0.0000	0.0000	0.0000	0.0000	0.0000	0.0000	0.0000	0.0000	0.0000						
120	147	0.6653	7	0	1	0	0	0	0	0	0	N	N	N	N	N	N	N	N	N	N	N	N	0.0514	0.0404	195.0956	0.0411	0.0408	124.0649	23.4298	0.4227	2.1032	0.0771	0.0834	0.0001	0.0968	0.1029	0.0002	0.0015	0.0017	0.0000	1.4998	2.0662	0.0000	2.3572	2.5215	0.0000	0.0001	0.0040	0.0000	0.0001	0.0000	-0.0030	-0.0013	0.9998	4.9449	0.9486	1.0063	0.0114	0.0114	0.0000	0.0113	0.0113	0.0000	0.0000	0.0000	0.0000	0.0025	0.0025	0.0000	0.0025	0.0025	0.0000	0.0000	0.0000	0.0000	0.1474	0.1363	0.0111	0.1169	0.1100	0.0069	0.0304	0.0262	0.0042	0.0146	0.0088	0.0058	0.0089	0.0078	0.0010	0.0057	0.0010	0.0047	0.4416	0.2888	195.0956	0.3375	0.3166	124.0649	46.0719	9.2996	2.1032	0.1746	0.2887	0.0000	0.2867	0.3249	0.0000	0.0000	0.0002	0.0000
120	148	0.6488	6	0	1	0	0	0	0	0	0	N	N	N	N	N	N	N	N	N	N	N	N	0.0345	0.0257	0.0132	0.0115	0.0121	4.4654	0.1443	0.3208	0.0000	0.0957	0.1054	0.0060	0.0679	0.0725	0.0111	0.1641	0.1945	0.0000	2.7748	4.1099	0.4541	5.9249	6.0138	0.0025	1.1373	0.6063	0.2320	0.0062	0.0270	-0.0018	-0.0432	0.9998	3.4778	0.9486	1.2917	0.0069	0.0069	0.0000	0.0035	0.0034	0.0000	0.0034	0.0034	0.0000	0.0873	0.0850	0.0023	0.0850	0.0850	0.0000	0.0023	0.0000	0.0023	0.0723	0.0652	0.0071	0.0514	0.0476	0.0038	0.0209	0.0176	0.0033	0.0386	0.0207	0.0180	0.0196	0.0187	0.0009	0.0190	0.0019	0.0171	0.0424	0.0257	0.0469	0.0157	0.0160	5.5628	1.3537	22.4983	0.0000	2.2588	4.1099	0.1276	4.3318	4.5320	0.0020	0.1212	0.0086	0.1339
120	149	0.5984	5	0	1	0	0	0	0	0	0	N	N	N	N	N	N	N	N	N	N	N	N	2.0752	12.5450	0.0000	0.3029	0.6476	0.0050	3.2305	9.0793	0.0000	5.8655	6.5014	0.0000	0.0019	0.0020	0.0001	14.3269	16.6165	0.0000	2.8265	0.5182	13.5680	0.0062	0.0031	0.0108	4.4349	1.8301	13.7302	0.0000	417.7355	-0.2558	0.0405	0.9998	7.8050	0.9486	4.0035	0.9833	0.9833	0.0000	0.0002	0.0002	0.0000	0.9831	0.9831	0.0000	0.0852	0.0002	0.0850	0.0000	0.0000	0.0000	0.0852	0.0002	0.0850	0.1676	0.1512	0.0164	0.0990	0.0921	0.0069	0.0686	0.0592	0.0095	0.0345	0.0185	0.0160	0.0153	0.0133	0.0020	0.0192	0.0052	0.0140	2.3743	590.4643	0.0000	0.8696	1.3418	0.0082	3.2305	467.1131	0.0000	2.4704	0.0110	5.3092	0.0022	0.0015	0.0066	4.4349	0.0356	6.0507
120	150	0.5038	5	0	1	0	0	0	0	0	0	N	N	N	N	N	N	N	N	N	N	N	N	0.0009	0.0007	0.2185	0.0009	0.0009	1.4121	0.0000	0.0000	0.2191	0.0011	0.0013	0.0000	0.0018	0.0019	0.0000	0.0000	0.0000	0.0000	1.2733	1.8440	0.0000	2.0599	2.2093	0.0000	0.0211	0.7765	0.0000	0.0001	0.0000	-0.0000	-0.0033	0.9998	3.7255	0.9486	14.1767	0.0001	0.0001	0.0000	0.0001	0.0001	0.0000	0.0000	0.0000	0.0000	0.0063	0.0063	0.0000	0.0062	0.0062	0.0000	0.0001	0.0001	0.0000	0.0957	0.0860	0.0097	0.0605	0.0557	0.0047	0.0352	0.0303	0.0049	0.0633	0.0368	0.0266	0.0307	0.0261	0.0046	0.0326	0.0107	0.0219	0.0114	0.0074	0.2185	0.0089	0.0082	1.4121	0.0001	0.0000	0.2191	0.0993	0.1710	0.0000	0.2016	0.2372	0.0000	0.0032	0.0098	0.0000
120	151	0.4874	4	0	1	0	0	0	0	0	0	N	N	N	N	N	N	N	N	N	N	N	N	0.0019	0.0017	0.0016	0.0003	0.0003	0.0000	0.0052	0.0032	0.0098	0.0032	0.0033	0.0024	0.0008	0.0009	0.0000	0.0073	0.0078	0.0045	1.6895	2.0050	1.5128	2.6295	2.5471	2.6585	1.4239	2.4486	0.4590	0.0833	0.8110	-0.0000	-0.0008	0.9998	1.4205	0.9486	4.0377	0.0001	0.0001	0.0000	0.0000	0.0000	0.0000	0.0001	0.0001	0.0000	0.0114	0.0063	0.0051	0.0078	0.0056	0.0021	0.0036	0.0006	0.0030	0.0396	0.0356	0.0041	0.0248	0.0230	0.0019	0.0148	0.0126	0.0022	0.0385	0.0242	0.0143	0.0206	0.0171	0.0035	0.0179	0.0072	0.0108	0.0110	0.0128	0.0068	0.0021	0.0026	0.0000	0.0362	0.0876	0.0162	0.2957	0.2594	0.3573	0.3769	0.3309	0.6005	0.2024	0.0894	0.2778
121	122	0.6255	5	0	2	0	0	0	0	0	0	N	Y	N	N	N	N	N	N	N	N	N	N	inf	inf	inf	inf	inf	inf	0.0001	0.0001	0.0000	0.0000	0.0000	0.0000	0.0005	0.0006	0.0000	0.0000	0.0000	0.0000	0.0000	0.0000	0.0000	0.0000	0.0000	0.0000	0.0000	-0.0000	0.0000	3.0005	2.0001	1.1085	3.0000	0.0000	0.0000	0.0000	0.0000	0.0000	0.0000	0.0000	0.0000	0.0000	0.0000	0.0000	0.0000	0.0000	0.0000	0.0000	0.0000	0.0000	0.0000	0.2392	0.2200	0.0192	0.1818	0.1708	0.0110	0.0574	0.0492	0.0082	0.0239	0.0134	0.0105	0.0118	0.0101	0.0017	0.0120	0.0032	0.0088	inf	inf	0.0000	inf	inf	0.0000	inf	inf	0.0000	0.0000	0.0000	0.0000	0.0000	0.0000	0.0000	0.0000	0.0000	0.0000				
121	123	0.5842	4	0	1	0	0	0	0	0	0	N	N	N	N	N	N	N	N	N	N	N	N	102.2526	54.4309	0.4478	inf	inf	434.8633	12.7556	0.6642	0.0179	0.0198	0.0000	0.0000	0.0000	0.0000	0.0442	0.0514	0.0000	0.0002	0.0004	0.0000	0.0000	0.0000	0.0000	0.0001	0.0040	0.0000	0.0000	0.0017	-0.0035	-0.0000	3.0005	6.9986	1.1085	2.0000	0.0135	0.0135	0.0000	0.0000	0.0000	0.0000	0.0135	0.0135	0.0000	0.0000	0.0000	0.0000	0.0000	0.0000	0.0000	0.0000	0.0000	0.0000	0.7526	0.6795	0.0731	0.4485	0.4178	0.0307	0.3041	0.2617	0.0425	0.0595	0.0296	0.0299	0.0196	0.0167	0.0030	0.0399	0.0130	0.0269	431.1463	238.0700	0.4478	inf	inf	0.0000	714.1154	270.2810	0.6642	0.0000	0.0001	0.0000	0.0000	0.0000	0.0000	0.0001	0.0002	0.0000	
121	124	0.0616	2	0	2	0	0	0	0	0	0	N	Y	N	N	N	N	N	N	N	N	N	N	229.1289	0.0040	23137.6869	0.0390	0.0003	910.0923	2693.4364	0.0054	24372.1521	0.9930	0.0000	9.8732	0.0005	0.0000	0.0126	1.1458	0.0000	10.4487	0.0043	0.0057	0.0004	0.0135	0.0113	0.0000	0.0004	0.0048	0.0004	48858.4787	0.4686	0.7312	-0.0000	3.0005	3.9006	1.1085	3.1543	0.9883	0.0000	0.9883	0.0001	0.0000	0.0001	0.9883	0.0000	0.9882	0.0001	0.0001	0.0000	0.0001	0.0001	0.0000	0.0001	0.0000	0.0000	0.9953	0.8952	0.1001	0.1328	0.1272	0.0055	0.8625	0.7679	0.0946	0.1860	0.0842	0.1018	0.0219	0.0214	0.0005	0.1641	0.0628	0.1013	1357.3088	0.0205	23137.6869	0.1522	0.0009	910.0923	3125.4407	0.0968	24372.1521	0.0007	0.0011	0.0004	0.0035	0.0035	0.0000	0.0004	0.0003	0.0004
121	126	0.5842	4	0	2	0	0	0	0	0	0	N	Y	N	N	N	N	N	N	N	N	N	N	0.0000	0.0000	0.0000	0.0000	0.0000	0.0000	0.0000	0.0000	0.0000	0.0000	0.0000	0.0000	0.0000	0.0000	0.0000	16.7664	33.6894	0.0000	50.8604	59.9296	0.0000	0.0000	0.0004	0.0000	0.0000	0.0000	-0.5210	3.0005	0.9996	1.1085	8.0005	0.0000	0.0000	0.0000	0.0000	0.0000	0.0000	0.0000	0.0000	0.0000	0.9982	0.9982	0.0000	0.9982	0.9982	0.0000	0.0000	0.0000	0.0000	0.1268	0.1144	0.0124	0.0789	0.0733	0.0056	0.0479	0.0410	0.0069	0.0595	0.0296	0.0299	0.0196	0.0167	0.0030	0.0399	0.0130	0.0269	0.0000	0.0000	0.0000	0.0000	0.0000	0.0000	0.0000	0.0000	0.0000	16.7664	33.6894	0.0000	50.8604	59.9296	0.0000	0.0000	0.0000	0.0000				
121	127	0.4896	4	0	1	0	0	0	0	0	0	N	N	N	N	N	N	N	N	N	N	N	N	0.0000	0.0000	0.0000	0.0000	0.0000	0.0000	0.0000	0.0000	0.0000	0.0000	0.0000	0.0000	0.0000	0.0000	0.0000	0.0000	0.0000	0.0000	7.8829	14.3994	0.0004	21.0084	23.8814	0.0049	0.0779	1.4152	0.0001	0.0000	0.0000	-0.0000	-0.5167	3.0005	3.6536	1.1085	12.3970	0.0000	0.0000	0.0000	0.0000	0.0000	0.0000	0.0000	0.0000	0.0000	0.9900	0.9900	0.0000	0.9894	0.9894	0.0000	0.0006	0.0006	0.0000	0.4625	0.4165	0.0460	0.2946	0.2724	0.0222	0.1679	0.1441	0.0238	0.1256	0.0688	0.0568	0.0471	0.0414	0.0057	0.0785	0.0273	0.0512	0.0000	0.0000	0.0000	0.0000	0.0000	0.0000	0.0000	0.0000	0.0000	7.8829	14.3994	0.0004	21.0084	23.8814	0.0035	0.0078	0.0223	0.0001
121	128	0.2784	2	0	1	0	0	0	0	0	0	N	N	N	N	N	N	N	N	N	N	N	N	0.0459	0.0357	0.0000	0.0385	0.0402	0.0000	0.0164	1.6523	0.0000	0.0847	0.0937	0.0000	0.1537	0.1643	0.0000	0.0092	0.0106	0.0000	1.8468	2.6232	0.2745	3.9929	4.0877	1.0029	0.5625	0.0064	0.0836	0.0000	0.1058	-0.0172	-0.0404	3.0005	5.3495	1.1085	12.4099	0.0662	0.0662	0.0000	0.0628	0.0628	0.0000	0.0034	0.0034	0.0000	0.0948	0.0857	0.0091	0.0882	0.0857	0.0025	0.0066	0.0000	0.0066	0.7819	0.7066	0.0753	0.4086	0.3821	0.0265	0.3733	0.3245	0.0488	0.2321	0.1237	0.1083	0.0811	0.0727	0.0084	0.1510	0.0510	0.1000	0.2074	0.1353	0.0000	0.1413	0.1394	0.0000	0.2115	28.9128	0.0000	0.4084	0.6928	0.0837	1.0877	1.1786	0.2988	0.0436	0.0004	0.0657
121	129	0.6957	10	0	2	0	1	0	0	0	0	N	Y	N	N	N	N	N	N	N	N	N	N	0.0000	0.0000	0.0000	0.0000	0.0000	0.0000	0.0000	0.0000	0.0000	0.0000	0.0000	0.0000	0.0000	0.0000	0.0000	0.0000	0.0000	0.0000	0.0000	0.0000	3.0005	0.0000	1.1085	0.0000	0.0000	0.0000	0.0000	0.0000	0.0000	0.0000	0.0000	0.0000	0.0000	0.0000	0.0000	0.0000	0.0000	0.0000	0.0000	0.0000	0.0000	0.0000	0.0000	0.0000	0.0000	0.0000	0.0000	0.0000	0.0000	0.0000	0.0000	0.0000	0.0000	0.0000	0.0000	0.0000	0.0000	0.0000	0.0000	0.0000	0.0000	0.0000	0.0000	0.0000	0.0000	0.0000	0.0000	0.0000	0.0000	0.0000	0.0000	0.0000	0.0000	0.0000	0.0000	0.0000	0.0000	0.0000											
121	130	0.6794	9	0	2	0	1	0	0	0	0	N	Y	N	N	N	N	N	N	N	N	N	N	0.0000	0.0000	0.0000	0.0000	0.0000	0.0000	0.0000	0.0000	0.0000	0.0000	0.0000	0.0000	0.0000	0.0547	0.1315	0.0000	0.0269	0.0306	0.0000	0.0000	0.0000	0.0000	0.0000	0.0000	-0.0000	3.0005	0.0000	1.1085	3.0001	0.0000	0.0000	0.0000	0.0000	0.0000	0.0000	0.0000	0.0000	0.0000	0.0000	0.0000	0.0000	0.0000	0.0000	0.0000	0.0000	0.0000	0.0000	0.0000	0.0000	0.0000	0.0000	0.0000	0.0000	0.0000	0.0000	0.0000	0.0133	0.0081	0.0052	0.0074	0.0063	0.0010	0.0059	0.0018	0.0041	0.0000	0.0000	0.0000	0.0000	0.0000	0.0000	0.0000	0.0000	0.0000	0.0030	0.0049	0.0000	0.0054	0.0063	0.0000	0.0000	0.0000	0.0000						
121	131	0.6697	8	0	2	0	0	0	0	0	0	N	Y	N	N	N	N	N	N	N	N	N	N	0.0000	0.0000	0.0000	0.0000	0.0000	0.0000	0.0000	0.0000	0.0000	0.0000	0.0000	0.0000	0.0000	0.0000	0.0000	0.0000	0.0000	0.0000	0.0000	0.0000	3.0005	0.0000	1.1085	0.0000	0.0000	0.0000	0.0000	0.0000	0.0000	0.0000	0.0000	0.0000	0.0000	0.0000	0.0000	0.0000	0.0000	0.0000	0.0000	0.0000	0.0000	0.0000	0.0000	0.0000	0.0000	0.0000	0.0000	0.0000	0.0000	0.0000	0.0000	0.0000	0.0000	0.0000	0.0000	0.0000	0.0000	0.0000	0.0000	0.0000	0.0000	0.0000	0.0000	0.0000	0.0000	0.0000	0.0000	0.0000	0.0000	0.0000	0.0000	0.0000	0.0000	0.0000	0.0000	0.0000	0.0000	0.0000											
121	132	0.6794	9	0	1	1	1	0	0	0	0	N	N	N	N	N	N	N	N	N	N	N	N	0.0000	0.0000	0.0000	0.0000	0.0000	0.0000	0.0000	0.0000	0.0000	0.0000	0.0000	0.0000	0.0000	0.0000	0.0000	0.0000	0.0000	0.0000	0.0000	0.0000	3.0005	0.0000	1.1085	1.9999	0.0000	0.0000	0.0000	0.0000	0.0000	0.0000	0.0000	0.0000	0.0000	0.0000	0.0000	0.0000	0.0000	0.0000	0.0000	0.0000	0.0000	0.0000	0.0000	0.0000	0.0000	0.0000	0.0000	0.0000	0.0000	0.0000	0.0000	0.0089	0.0055	0.0035	0.0050	0.0043	0.0007	0.0040	0.0012	0.0028	0.0000	0.0000	0.0000	0.0000	0.0000	0.0000	0.0000	0.0000	0.0000	0.0000	0.0000	0.0000	0.0000	0.0000	0.0000	0.0000	0.0000	0.0000											
121	133	0.6904	10	0	1	1	1	0	0	0	0	N	N	N	N	N	N	N	N	N	N	N	N	0.0000	0.0000	0.0000	0.0000	0.0000	0.0000	0.0000	0.0000	0.0000	0.0000	0.0000	0.0000	0.0000	0.0000	0.0000	0.0000	0.0000	0.0000	0.0000	0.0000	3.0005	1.0000	1.1085	0.0000	0.0000	0.0000	0.0000	0.0000	0.0000	0.0000	0.0000	0.0000	0.0000	0.0000	0.0000	0.0000	0.0000	0.0000	0.0000	0.0000	0.0000	0.0000	0.1293	0.1193	0.0100	0.1046	0.0981	0.0065	0.0247	0.0211	0.0036	0.0040	0.0024	0.0016	0.0020	0.0018	0.0002	0.0020	0.0006	0.0014	0.0000	0.0000	0.0000	0.0000	0.0000	0.0000	0.0000	0.0000	0.0000	0.0000	0.0000	0.0000	0.0000	0.0000	0.0000	0.0000	0.0000	0.0000											
121	134	0.6904	10	0	1	1	1	0	0	0	0	N	N	N	N	N	N	N	N	N	N	N	N	0.0000	0.0000	0.0000	0.0000	0.0000	0.0000	0.0000	0.0000	0.0000	0.0000	0.0000	0.0000	0.0000	0.0000	0.0000	0.0000	0.0000	0.0000	0.0000	0.0000	3.0005	0.0000	1.1085	0.0000	0.0000	0.0000	0.0000	0.0000	0.0000	0.0000	0.0000	0.0000	0.0000	0.0000	0.0000	0.0000	0.0000	0.0000	0.0000	0.0000	0.0000	0.0000	0.0000	0.0000	0.0000	0.0000	0.0000	0.0000	0.0000	0.0000	0.0000	0.0000	0.0000	0.0000	0.0000	0.0000	0.0000	0.0000	0.0000	0.0000	0.0000	0.0000	0.0000	0.0000	0.0000	0.0000	0.0000	0.0000	0.0000	0.0000	0.0000	0.0000	0.0000	0.0000	0.0000	0.0000	0.0000	0.0000											
121	135	0.6794	9	0	1	1	1	0	0	0	0	N	N	N	N	N	N	N	N	N	N	N	N	32.1732	0.0008	inf	16.5526	0.0008	inf	inf	inf	0.0098	0.0000	0.1246	0.0123	0.0000	0.1969	0.0004	0.0000	0.0026	0.0003	0.0006	0.0000	0.0007	0.0007	0.0000	0.0000	0.0000	0.0000	24854.7500	0.0000	0.0019	-0.0000	3.0005	2.0025	1.1085	0.9943	0.0025	0.0000	0.0025	0.0025	0.0000	0.0025	0.0000	0.0000	0.0000	0.0000	0.0000	0.0000	0.0000	0.0000	0.0000	0.0000	0.0000	0.0000	0.2558	0.2356	0.0202	0.2032	0.1905	0.0127	0.0526	0.0451	0.0075	0.0133	0.0081	0.0052	0.0074	0.0063	0.0010	0.0059	0.0018	0.0041	79.2540	0.0021	inf	54.8701	0.0020	inf	inf	0.0000	inf	0.0001	0.0002	0.0000	0.0002	0.0003	0.0000	0.0000	0.0000	0.0000	
121	136	0.6794	8	0	1	0	1	0	0	0	0	N	N	N	N	N	N	N	N	N	N	N	N	1.8631	0.9473	60.7829	3.5432	1.8632	inf	0.2982	0.0984	14.6193	1.5892	0.8804	8.1596	1.6589	0.9202	8.6984	0.1374	0.0004	0.9301	0.8530	0.9293	0.1342	0.4682	0.4939	0.0000	0.4607	0.0042	0.0636	0.9998	0.9966	0.0012	-0.0000	3.0005	0.0050	1.1085	0.0173	0.0050	0.0025	0.0025	0.0050	0.0025	0.0025	0.0000	0.0000	0.0000	0.0000	0.0000	0.0000	0.0000	0.0000	0.0000	0.0000	0.0000	0.0000	0.0032	0.0029	0.0003	0.0030	0.0027	0.0003	0.0001	0.0001	0.0000	0.0001	0.0001	0.0000	0.0001	0.0000	0.0000	0.0000	0.0000	0.0000	49.9880	33.6943	200.8517	57.7433	27.5994	inf	3.8600	2.0168	18.4078	0.0318	0.0261	0.0406	0.0287	0.0333	0.0000	0.0356	0.0002	0.0505
121	137	0.6697	7	0	1	0	1	0	0	0	0	N	N	N	N	N	N	N	N	N	N	N	N	14682.9058	8.1414	147581.2271	inf	inf	inf	0.0000	0.0000	0.0000	4.9914	0.0006	57.5265	6.6218	0.0007	97.3735	0.0000	0.0000	0.0000	0.0003	0.0001	0.0004	0.0000	0.0000	0.0000	0.0005	0.0005	0.0005	9906.3341	587.3571	0.7335	0.0000	3.0005	1.9972	1.1085	1.0076	0.9916	0.0001	0.9915	0.9916	0.0001	0.9915	0.0000	0.0000	0.0000	0.0000	0.0000	0.0000	0.0000	0.0000	0.0000	0.0000	0.0000	0.0000	0.1987	0.1814	0.0172	0.1497	0.1396	0.0102	0.0489	0.0419	0.0071	0.0115	0.0073	0.0042	0.0074	0.0063	0.0010	0.0042	0.0010	0.0032	34955.1656	1441.7781	147581.2271	inf	inf	inf	0.0000	0.0000	0.0000	0.0001	0.0000	0.0004	0.0000	0.0000	0.0000	0.0004	0.0000	0.0005
121	138	0.6524	6	1	2	0	0	0	0	0	0	N	Y	N	N	N	N	N	N	N	N	N	N	0.0000	0.0000	0.0000	0.0000	0.0000	0.0000	0.0000	0.0000	0.0000	0.0000	0.0000	0.0000	0.0000	0.0043	0.0000	0.0018	0.0000	0.0000	0.0000	0.0046	0.0000	0.0022	inf	0.0000	0.0000	3.0005	0.0002	1.1085	2.3255	0.0000	0.0000	0.0000	0.0000	0.0000	0.0000	0.0000	0.0000	0.0000	0.0000	0.0000	0.0000	0.0000	0.0000	0.0000	0.0000	0.0000	0.0000	0.0000	0.0000	0.0000	0.0000	0.0000	0.0000	0.0000	0.0000	0.0000	0.0138	0.0084	0.0054	0.0066	0.0058	0.0008	0.0072	0.0026	0.0046	0.0000	0.0000	0.0000	0.0000	0.0000	0.0000	0.0000	0.0000	0.0000	0.0007	0.0000	0.0018	0.0000	0.0000	0.0000	0.0014	0.0000	0.0022						
121	139	0.6346	5	1	2	0	0	0	0	0	0	N	Y	N	N	N	N	N	N	N	N	N	N	0.0080	0.1236	0.0000	13.4103	232.0701	0.0000	0.0003	0.0011	0.0000	0.0212	0.0232	0.0000	0.0285	0.0304	0.0000	0.0013	0.0015	0.0000	2.6484	0.1877	12.4856	0.0021	0.0001	0.0182	3.9225	1.3487	12.5400	0.0001	587.2560	-0.0014	0.0356	3.0005	2.0138	1.1085	2.7349	0.0052	0.0052	0.0000	0.0051	0.0051	0.0000	0.0001	0.0001	0.0000	0.0747	0.0001	0.0746	0.0000	0.0000	0.0000	0.0747	0.0001	0.0746	0.2465	0.2249	0.0216	0.1800	0.1686	0.0114	0.0665	0.0563	0.0102	0.0392	0.0225	0.0167	0.0182	0.0166	0.0016	0.0210	0.0060	0.0151	0.0111	4.1105	0.0000	31.4325	10077.8783	0.0000	0.0004	0.0717	0.0000	1.9051	0.0056	4.4629	0.0009	0.0000	0.0101	3.5513	0.0213	4.9443
121	140	0.6511	6	0	2	0	0	0	0	0	0	N	Y	N	N	N	N	N	N	N	N	N	N	1.4521	1.0556	inf	2.3955	2.4280	inf	inf	inf	0.9800	1.0400	0.0000	1.1626	1.2156	0.0000	0.0279	0.0321	0.0000	0.6749	0.9852	0.0000	0.4853	0.5007	0.0000	0.0000	0.0000	0.0000	0.0000	0.0000	-0.1389	-0.0001	3.0005	1.9232	1.1085	1.1116	0.5338	0.5338	0.0000	0.5313	0.5313	0.0000	0.0024	0.0024	0.0000	0.0002	0.0002	0.0000	0.0002	0.0002	0.0000	0.0000	0.0000	0.0000	0.5447	0.5132	0.0315	0.4570	0.4371	0.0199	0.0877	0.0761	0.0115	0.0125	0.0079	0.0047	0.0077	0.0066	0.0011	0.0049	0.0012	0.0036	53.7947	35.8172	inf	39.0456	35.2157	0.0000	inf	inf	inf	0.0182	0.0290	0.0000	0.0298	0.0345	0.0000	0.0000	0.0000	0.0000	
121	141	0.0473	2	0	2	0	0	0	0	0	0	N	Y	N	N	N	N	N	N	N	N	N	N	inf	inf	inf	inf	inf	inf	inf	inf	0.0174	0.0193	0.0014	0.0003	0.0003	0.0000	0.0193	0.0216	0.0015	0.0000	0.0000	0.0000	0.0000	0.0000	0.0000	0.0000	0.0000	0.0000	0.0090	-0.0034	0.0000	3.0005	3.0000	1.1085	1.0000	0.0135	0.0133	0.0001	0.0000	0.0000	0.0000	0.0134	0.0133	0.0001	0.0000	0.0000	0.0000	0.0000	0.0000	0.0000	0.0000	0.0000	0.0000	0.7739	0.6911	0.0828	0.0763	0.0726	0.0037	0.6976	0.6186	0.0791	0.1141	0.0492	0.0648	0.0001	0.0001	0.0000	0.1140	0.0492	0.0648	inf	inf	inf	inf	inf	0.0000	inf	inf	inf	0.0000	0.0000	0.0000	0.0000	0.0000	0.0000	0.0000	0.0000	0.0000		
121	145	0.6697	8	1	2	0	0	0	0	0	0	N	Y	N	N	N	N	N	N	N	N	N	N	0.0000	0.0000	0.0000	0.0000	0.0000	0.0000	0.0000	0.0000	0.0000	0.0000	0.0000	0.0000	0.0000	0.0000	0.0000	0.0000	0.0000	0.0000	0.0000	0.0000	3.0005	1.0000	1.1085	1.0000	0.0000	0.0000	0.0000	0.0000	0.0000	0.0000	0.0000	0.0000	0.0000	0.0000	0.0000	0.0000	0.0000	0.0000	0.0000	0.0000	0.0000	0.0000	0.1020	0.0931	0.0089	0.0772	0.0720	0.0053	0.0247	0.0211	0.0036	0.0077	0.0049	0.0028	0.0050	0.0043	0.0007	0.0028	0.0007	0.0021	0.0000	0.0000	0.0000	0.0000	0.0000	0.0000	0.0000	0.0000	0.0000	0.0000	0.0000	0.0000	0.0000	0.0000	0.0000	0.0000	0.0000	0.0000											
121	146	0.6697	7	0	2	0	0	0	0	0	0	N	Y	N	N	N	N	N	N	N	N	N	N	inf	inf	inf	inf	0.8053	0.8881	0.0000	0.8655	0.9526	0.0000	0.0000	0.0000	0.0000	0.0000	0.0000	0.0000	0.0000	0.0000	0.0000	0.0000	0.0000	0.0000	0.0000	-0.0001	0.0000	3.0005	0.0003	1.1085	0.0000	0.0002	0.0002	0.0000	0.0002	0.0002	0.0000	0.0000	0.0000	0.0000	0.0000	0.0000	0.0000	0.0000	0.0000	0.0000	0.0000	0.0000	0.0000	0.0003	0.0002	0.0000	0.0003	0.0002	0.0000	0.0000	0.0000	0.0000	0.0000	0.0000	0.0000	0.0000	0.0000	0.0000	0.0000	0.0000	0.0000	inf	inf	0.0000	inf	inf	0.0000	0.0000	0.0000	0.0000	0.0000	0.0000	0.0000	0.0000	0.0000	0.0000	0.0000	0.0000	0.0000						
121	147	0.6511	6	0	1	0	0	0	0	0	0	N	N	N	N	N	N	N	N	N	N	N	N	5.7884	3.9379	7422.1215	13.6072	12.9239	7756.3849	106.1969	2.6518	56.6564	2.5366	2.7332	0.0037	3.1945	3.3797	0.0061	0.0153	0.0178	0.0000	0.4382	0.6941	0.0000	0.2348	0.2615	0.0000	0.0001	0.0067	0.0000	0.0001	0.0000	-0.5093	-0.0001	3.0005	4.9449	1.1085	1.0063	1.9583	1.9580	0.0002	1.9558	1.9556	0.0002	0.0024	0.0024	0.0000	0.0002	0.0002	0.0000	0.0002	0.0002	0.0000	0.0000	0.0000	0.0000	0.7720	0.7164	0.0556	0.6123	0.5786	0.0336	0.1598	0.1378	0.0220	0.0236	0.0148	0.0088	0.0145	0.0124	0.0020	0.0091	0.0024	0.0067	260.1563	176.0794	7422.1215	201.7444	183.6405	7756.3849	158.7173	47.9255	56.6564	0.0098	0.0155	0.0000	0.0158	0.0184	0.0000	0.0001	0.0004	0.0000
121	148	0.6346	5	0	1	0	0	0	0	0	0	N	N	N	N	N	N	N	N	N	N	N	N	1.0376	0.8022	6.2986	0.8544	0.8578	3209.4748	0.0064	0.1690	0.0030	1.6013	1.7408	0.2149	2.2913	2.4204	0.4328	0.0008	0.0009	0.0000	1.5433	2.1700	0.0341	2.6818	2.8215	0.0001	0.1221	0.0054	0.0140	0.0124	0.0269	-0.1463	-0.0039	3.0005	3.4778	1.1085	1.2917	0.5900	0.5827	0.0072	0.5899	0.5826	0.0072	0.0001	0.0001	0.0000	0.0078	0.0076	0.0002	0.0076	0.0076	0.0000	0.0002	0.0000	0.0002	0.3684	0.3347	0.0337	0.2574	0.2407	0.0167	0.1110	0.0940	0.0170	0.0393	0.0226	0.0168	0.0182	0.0166	0.0016	0.0211	0.0060	0.0151	8.0410	5.1520	17.5307	5.4792	5.2682	3209.4748	0.0793	2.9572	0.0031	0.1991	0.3379	0.0123	0.4182	0.4594	0.0001	0.0098	0.0003	0.0136
121	149	0.5842	4	0	1	0	0	0	0	0	0	N	N	N	N	N	N	N	N	N	N	N	N	0.0177	8.4472	0.0029	228.7064	226.5768	inf	0.0313	1.2926	0.0064	0.0226	0.0248	0.0022	0.0106	0.0113	0.0018	0.0400	0.0461	0.0026	1.2743	0.0029	0.7859	0.0000	0.0000	0.0000	1.2794	0.0356	0.4037	0.0097	259.5842	-0.0047	0.0036	3.0005	7.8050	1.1085	4.0035	0.0186	0.0184	0.0002	0.0052	0.0051	0.0001	0.0134	0.0133	0.0001	0.0077	0.0000	0.0076	0.0000	0.0000	0.0000	0.0077	0.0000	0.0076	0.8227	0.7429	0.0798	0.4877	0.4545	0.0332	0.3350	0.2884	0.0466	0.0756	0.0378	0.0378	0.0252	0.0213	0.0038	0.0504	0.0164	0.0340	0.2228	31.8041	0.0111	267487.5765	240703.2218	inf	0.2632	25.6986	0.0114	0.1014	0.0008	0.2018	0.0000	0.0000	0.0000	0.1520	0.0018	0.2245
121	150	0.4896	4	0	1	0	0	0	0	0	0	N	N	N	N	N	N	N	N	N	N	N	N	0.0000	0.0000	0.0000	0.0000	0.0000	0.0000	0.0000	0.0000	0.0000	0.0000	0.0000	0.0000	0.0000	0.0000	0.0000	0.0000	0.0000	0.0000	1.2473	1.8425	0.0003	1.9459	2.1047	0.0001	0.4869	2.7077	0.0004	0.0000	0.0017	-0.0000	-0.0064	3.0005	3.7255	1.1085	14.1767	0.0000	0.0000	0.0000	0.0000	0.0000	0.0000	0.0000	0.0000	0.0000	0.0124	0.0124	0.0000	0.0091	0.0091	0.0000	0.0032	0.0032	0.0000	0.4703	0.4235	0.0468	0.2993	0.2767	0.0225	0.1710	0.1468	0.0242	0.1340	0.0730	0.0611	0.0500	0.0438	0.0061	0.0841	0.0291	0.0549	0.0003	0.0002	0.0000	0.0002	0.0002	0.0000	0.0000	0.0000	0.0000	0.0924	0.1694	0.0003	0.1828	0.2085	0.0001	0.0386	0.1107	0.0004
121	151	0.4732	3	0	1	0	0	0	0	0	0	N	N	N	N	N	N	N	N	N	N	N	N	0.0001	0.0001	0.0001	0.0000	0.0000	0.0000	0.0003	0.0001	0.0013	0.0001	0.0001	0.0000	0.0000	0.0000	0.0000	0.0003	0.0003	0.0000	1.5919	2.2369	0.0644	2.9127	2.8755	0.4615	0.8735	3.1543	0.0107	0.0068	0.0357	-0.0000	-0.0089	3.0005	1.4205	1.1085	4.0377	0.0000	0.0000	0.0000	0.0000	0.0000	0.0000	0.0000	0.0000	0.0000	0.0182	0.0175	0.0006	0.0146	0.0143	0.0003	0.0036	0.0033	0.0003	0.1947	0.1752	0.0195	0.1225	0.1139	0.0087	0.0721	0.0614	0.0108	0.0768	0.0454	0.0314	0.0318	0.0294	0.0024	0.0450	0.0160	0.0291	0.0005	0.0003	0.0004	0.0000	0.0000	0.0000	0.0037	0.0017	0.0013	0.2364	0.3863	0.0199	0.4588	0.4852	0.1319	0.0793	0.2040	0.0107
122	124	0.6570	6	0	2	0	0	0	0	0	0	N	Y	N	N	N	N	N	N	N	N	N	N	inf	inf	inf	inf	inf	inf	2.7342	2.9801	0.0000	0.0834	0.0895	0.0000	13.3769	15.6142	0.0000	0.0000	0.0000	0.0000	0.0000	0.0000	0.0000	0.0000	0.0000	0.0000	0.0000	-0.2635	0.0000	2.0001	3.9006	3.0000	3.1543	1.0125	1.0125	0.0000	0.0247	0.0247	0.0000	0.9878	0.9878	0.0000	0.0000	0.0000	0.0000	0.0000	0.0000	0.0000	0.0000	0.0000	0.0000	0.3703	0.3398	0.0306	0.2965	0.2765	0.0200	0.0738	0.0633	0.0106	0.0414	0.0244	0.0170	0.0217	0.0186	0.0031	0.0197	0.0058	0.0139	inf	inf	0.0000	inf	inf	0.0000	inf	inf	0.0000	0.0000	0.0000	0.0000	0.0000	0.0000	0.0000	0.0000	0.0000	0.0000				
122	125	0.6235	5	0	2	0	0	0	0	0	0	N	Y	N	N	N	N	N	N	N	N	N	N	5.5673	1.8443	inf	7.0469	6.6871	inf	inf	inf	0.2521	0.2739	0.0017	0.2194	0.2334	0.0030	0.3621	0.4233	0.0000	0.0453	0.1485	0.0000	0.0311	0.0349	0.0000	0.0000	0.0000	0.0000	0.0005	0.0000	-0.0095	-0.0000	2.0001	1.6924	3.0000	1.9110	0.0364	0.0364	0.0000	0.0244	0.0244	0.0000	0.0120	0.0120	0.0000	0.0001	0.0001	0.0000	0.0001	0.0001	0.0000	0.0000	0.0000	0.0000	0.1444	0.1329	0.0115	0.1113	0.1046	0.0068	0.0331	0.0283	0.0048	0.0211	0.0118	0.0093	0.0105	0.0089	0.0015	0.0106	0.0029	0.0078	88.5915	53.8631	inf	38.2475	34.7465	inf	inf	inf	0.0000	0.0028	0.0051	0.0000	0.0057	0.0067	0.0000	0.0000	0.0000	0.0000	
122	126	0.0674	2	0	2	0	0	0	0	0	0	N	Y	N	N	N	N	N	N	N	N	N	N	0.0000	0.0000	0.0000	0.0000	0.0000	0.0000	0.0000	0.0000	0.0000	0.0000	0.0000	0.0000	0.0000	12.8800	0.0000	29.6907	0.0000	0.0000	0.0000	12.9889	0.0000	32.8381	inf	0.0000	0.4781	2.0001	0.9996	3.0000	8.0005	0.0000	0.0000	0.0000	0.0000	0.0000	0.0000	0.0000	0.0000	0.0000	1.0000	0.0000	1.0000	0.0000	0.0000	0.0000	1.0000	0.0000	1.0000	0.0713	0.0644	0.0069	0.0375	0.0352	0.0023	0.0338	0.0291	0.0046	0.0776	0.0323	0.0453	0.0007	0.0006	0.0000	0.0770	0.0317	0.0453	0.0000	0.0000	0.0000	0.0000	0.0000	0.0000	0.0000	0.0000	0.0000	12.8800	0.0000	22.0591	0.0000	0.0000	0.0000	12.9889	0.0000	22.0742						
122	127	0.1947	4	0	1	0	0	0	0	0	0	N	N	N	N	N	N	N	N	N	N	N	N	0.0001	inf	0.0000	0.3101	inf	0.0000	0.0000	inf	0.0000	0.0009	0.0010	0.0000	0.0016	0.0017	0.0000	0.0000	0.0000	0.0000	6.5726	0.0000	23.9981	0.0051	0.0000	0.0581	9.0501	0.0000	28.4805	0.0000	inf	-0.0001	0.4736	2.0001	3.6536	3.0000	12.3970	0.0003	0.0003	0.0000	0.0003	0.0003	0.0000	0.0000	0.0000	0.0000	0.9905	0.0000	0.9905	0.0001	0.0000	0.0001	0.9904	0.0000	0.9904	0.3014	0.2705	0.0309	0.1709	0.1605	0.0105	0.1304	0.1100	0.0204	0.1507	0.0847	0.0660	0.0413	0.0382	0.0031	0.1094	0.0465	0.0629	0.0001	inf	0.0000	0.8147	inf	0.0000	0.0000	inf	0.0000	6.5726	0.0000	15.0016	0.0019	0.0000	0.0257	9.0501	0.0000	15.7416
122	128	0.3731	4	0	1	0	0	0	0	0	0	N	N	N	N	N	N	N	N	N	N	N	N	0.0114	0.0118	0.0000	0.0428	0.0972	0.0000	0.0000	0.0000	0.0000	0.0237	0.0266	0.0000	0.0391	0.0429	0.0000	0.0000	0.0000	0.0000	2.0741	2.2549	7.7889	0.9134	0.4410	0.8675	2.7403	4.2720	4.5234	0.0000	1.7793	-0.0029	0.0199	2.0001	5.3495	3.0000	12.4099	0.0110	0.0110	0.0000	0.0110	0.0110	0.0000	0.0000	0.0000	0.0000	0.1681	0.0605	0.1076	0.0072	0.0030	0.0042	0.1609	0.0574	0.1034	0.4639	0.4133	0.0507	0.2811	0.2562	0.0249	0.1829	0.1571	0.0258	0.2351	0.1503	0.0848	0.1221	0.1043	0.0178	0.1130	0.0460	0.0670	0.0331	0.0660	0.0000	0.6616	1.4702	0.0000	0.0000	0.0000	0.0000	0.7149	0.4024	1.2690	0.0590	0.0291	0.2339	1.4238	1.2481	1.5444
122	129	0.1788	8	0	2	0	1	0	0	0	0	N	Y	N	N	N	N	N	N	N	N	N	N	0.0000	0.0000	0.0000	0.0000	0.0000	0.0000	0.0000	0.0000	0.0000	0.0000	0.0000	0.0000	0.0000	0.0000	0.0000	0.0000	0.0000	0.0000	0.0000	0.0000	2.0001	0.0000	3.0000	0.0000	0.0000	0.0000	0.0000	0.0000	0.0000	0.0000	0.0000	0.0000	0.0000	0.0000	0.0000	0.0000	0.0000	0.0000	0.0000	0.0000	0.0000	0.0000	0.0000	0.0000	0.0000	0.0000	0.0000	0.0000	0.0000	0.0000	0.0000	0.0000	0.0000	0.0000	0.0000	0.0000	0.0000	0.0000	0.0000	0.0000	0.0000	0.0000	0.0000	0.0000	0.0000	0.0000	0.0000	0.0000	0.0000	0.0000	0.0000	0.0000	0.0000	0.0000	0.0000	0.0000	0.0000	0.0000											
122	130	0.1625	7	0	2	0	1	0	0	0	0	N	Y	N	N	N	N	N	N	N	N	N	N	0.0000	0.0000	0.0000	0.0000	0.0000	0.0000	0.0000	0.0000	0.0000	0.0000	0.0000	0.0000	0.0000	0.0000	0.0000	0.0000	0.0000	0.0000	0.0000	0.0000	2.0001	0.0000	3.0000	3.0001	0.0000	0.0000	0.0000	0.0000	0.0000	0.0000	0.0000	0.0000	0.0000	0.0000	0.0000	0.0000	0.0000	0.0000	0.0000	0.0000	0.0000	0.0000	0.0000	0.0000	0.0000	0.0000	0.0000	0.0000	0.0000	0.0000	0.0000	0.0248	0.0104	0.0144	0.0007	0.0007	0.0000	0.0241	0.0097	0.0144	0.0000	0.0000	0.0000	0.0000	0.0000	0.0000	0.0000	0.0000	0.0000	0.0000	0.0000	0.0000	0.0000	0.0000	0.0000	0.0000	0.0000	0.0000											
122	131	0.1529	6	0	2	0	0	0	0	0	0	N	Y	N	N	N	N	N	N	N	N	N	N	0.0000	0.0000	0.0000	0.0000	0.0000	0.0000	0.0000	0.0000	0.0000	0.0000	0.0000	0.0000	0.0000	0.0000	0.0000	0.0000	0.0000	0.0000	0.0000	0.0000	2.0001	0.0000	3.0000	0.0000	0.0000	0.0000	0.0000	0.0000	0.0000	0.0000	0.0000	0.0000	0.0000	0.0000	0.0000	0.0000	0.0000	0.0000	0.0000	0.0000	0.0000	0.0000	0.0000	0.0000	0.0000	0.0000	0.0000	0.0000	0.0000	0.0000	0.0000	0.0000	0.0000	0.0000	0.0000	0.0000	0.0000	0.0000	0.0000	0.0000	0.0000	0.0000	0.0000	0.0000	0.0000	0.0000	0.0000	0.0000	0.0000	0.0000	0.0000	0.0000	0.0000	0.0000	0.0000	0.0000	0.0000	0.0000											
122	132	0.1625	7	0	1	1	1	0	0	0	0	N	N	N	N	N	N	N	N	N	N	N	N	0.0000	0.0000	0.0000	0.0000	0.0000	0.0000	0.0000	0.0000	0.0000	0.0000	0.0000	0.0000	0.0000	0.0000	0.0000	0.0000	0.0000	0.0000	0.0000	0.0000	2.0001	0.0000	3.0000	1.9999	0.0000	0.0000	0.0000	0.0000	0.0000	0.0000	0.0000	0.0000	0.0000	0.0000	0.0000	0.0000	0.0000	0.0000	0.0000	0.0000	0.0000	0.0000	0.0000	0.0000	0.0000	0.0000	0.0000	0.0000	0.0000	0.0000	0.0000	0.0169	0.0072	0.0098	0.0006	0.0006	0.0000	0.0164	0.0066	0.0097	0.0000	0.0000	0.0000	0.0000	0.0000	0.0000	0.0000	0.0000	0.0000	0.0000	0.0000	0.0000	0.0000	0.0000	0.0000	0.0000	0.0000	0.0000											
122	133	0.1736	8	0	1	1	1	0	0	0	0	N	N	N	N	N	N	N	N	N	N	N	N	0.0000	0.0000	0.0000	0.0000	0.0000	0.0000	0.0000	0.0000	0.0000	0.0000	0.0000	0.0000	0.0000	0.0000	0.0000	0.0000	0.0000	0.0000	0.0000	0.0000	2.0001	1.0000	3.0000	0.0000	0.0000	0.0000	0.0000	0.0000	0.0000	0.0000	0.0000	0.0000	0.0000	0.0000	0.0000	0.0000	0.0000	0.0000	0.0000	0.0000	0.0000	0.0000	0.0723	0.0650	0.0073	0.0424	0.0393	0.0031	0.0299	0.0257	0.0042	0.0082	0.0034	0.0049	0.0011	0.0007	0.0004	0.0071	0.0027	0.0045	0.0000	0.0000	0.0000	0.0000	0.0000	0.0000	0.0000	0.0000	0.0000	0.0000	0.0000	0.0000	0.0000	0.0000	0.0000	0.0000	0.0000	0.0000											
122	134	0.1736	8	0	1	1	1	0	0	0	0	N	N	N	N	N	N	N	N	N	N	N	N	0.0000	0.0000	0.0000	0.0000	0.0000	0.0000	0.0000	0.0000	0.0000	0.0000	0.0000	0.0000	0.0000	0.0000	0.0000	0.0000	0.0000	0.0000	0.0000	0.0000	2.0001	0.0000	3.0000	0.0000	0.0000	0.0000	0.0000	0.0000	0.0000	0.0000	0.0000	0.0000	0.0000	0.0000	0.0000	0.0000	0.0000	0.0000	0.0000	0.0000	0.0000	0.0000	0.0000	0.0000	0.0000	0.0000	0.0000	0.0000	0.0000	0.0000	0.0000	0.0000	0.0000	0.0000	0.0000	0.0000	0.0000	0.0000	0.0000	0.0000	0.0000	0.0000	0.0000	0.0000	0.0000	0.0000	0.0000	0.0000	0.0000	0.0000	0.0000	0.0000	0.0000	0.0000	0.0000	0.0000	0.0000	0.0000											
122	135	0.1625	7	0	1	1	1	0	0	0	0	N	N	N	N	N	N	N	N	N	N	N	N	0.0000	0.0000	0.0000	0.0000	0.0000	0.0000	0.0000	0.0000	0.0000	0.0000	0.0000	0.0000	0.0000	0.0000	0.0000	0.0000	0.0000	0.0000	0.0000	0.0000	2.0001	2.0025	3.0000	0.9943	0.0000	0.0000	0.0000	0.0000	0.0000	0.0000	0.0000	0.0000	0.0000	0.0000	0.0000	0.0000	0.0000	0.0000	0.0000	0.0000	0.0000	0.0000	0.1419	0.1276	0.0144	0.0808	0.0749	0.0059	0.0611	0.0526	0.0085	0.0248	0.0103	0.0144	0.0007	0.0007	0.0000	0.0241	0.0097	0.0144	0.0000	0.0000	0.0000	0.0000	0.0000	0.0000	0.0000	0.0000	0.0000	0.0000	0.0000	0.0000	0.0000	0.0000	0.0000	0.0000	0.0000	0.0000											
122	136	0.1625	6	0	1	0	1	0	0	0	0	N	N	N	N	N	N	N	N	N	N	N	N	0.0000	0.0000	0.0000	0.0000	0.0000	0.0000	0.0000	0.0000	0.0000	0.0000	0.0000	0.0000	0.0000	0.0000	0.0000	0.0000	0.0000	0.0000	0.0000	0.0000	2.0001	0.0050	3.0000	0.0173	0.0000	0.0000	0.0000	0.0000	0.0000	0.0000	0.0000	0.0000	0.0000	0.0000	0.0000	0.0000	0.0000	0.0000	0.0000	0.0000	0.0000	0.0000	0.0007	0.0007	0.0001	0.0006	0.0005	0.0000	0.0002	0.0001	0.0000	0.0010	0.0008	0.0002	0.0004	0.0004	0.0000	0.0006	0.0004	0.0002	0.0000	0.0000	0.0000	0.0000	0.0000	0.0000	0.0000	0.0000	0.0000	0.0000	0.0000	0.0000	0.0000	0.0000	0.0000	0.0000	0.0000	0.0000											
122	137	0.1529	5	0	1	0	1	0	0	0	0	N	N	N	N	N	N	N	N	N	N	N	N	0.0000	0.0000	0.0000	0.0000	0.0000	0.0000	0.0000	0.0000	0.0000	0.0000	0.0000	0.0000	0.0000	0.0000	0.0000	0.0000	0.0000	0.0000	0.0000	0.0000	2.0001	1.9972	3.0000	1.0076	0.0000	0.0000	0.0000	0.0000	0.0000	0.0000	0.0000	0.0000	0.0000	0.0000	0.0000	0.0000	0.0000	0.0000	0.0000	0.0000	0.0000	0.0000	0.1332	0.1197	0.0135	0.0736	0.0684	0.0052	0.0597	0.0513	0.0083	0.0229	0.0091	0.0137	0.0003	0.0003	0.0000	0.0226	0.0089	0.0137	0.0000	0.0000	0.0000	0.0000	0.0000	0.0000	0.0000	0.0000	0.0000	0.0000	0.0000	0.0000	0.0000	0.0000	0.0000	0.0000	0.0000	0.0000											
122	138	0.1356	4	1	2	0	0	0	0	0	0	N	Y	N	N	N	N	N	N	N	N	N	N	0.0742	0.0000	inf	0.0310	0.0000	inf	inf	inf	0.0003	0.0000	0.0027	0.0006	0.0000	0.0388	0.0002	0.0000	0.0010	0.0044	0.0078	0.0000	0.0198	0.0188	0.0000	0.0000	0.0000	0.0000	inf	0.0000	0.0000	-0.0000	2.0001	0.0002	3.0000	2.3255	0.0000	0.0000	0.0000	0.0000	0.0000	0.0000	0.0000	0.0000	0.0000	0.0000	0.0000	0.0000	0.0000	0.0000	0.0000	0.0000	0.0000	0.0000	0.0000	0.0000	0.0000	0.0000	0.0000	0.0000	0.0000	0.0000	0.0000	0.0273	0.0144	0.0129	0.0043	0.0041	0.0002	0.0230	0.0103	0.0127	0.4470	0.0000	inf	0.1311	0.0000	inf	inf	0.0000	inf	0.0007	0.0014	0.0000	0.0047	0.0049	0.0000	0.0000	0.0000	0.0000	
122	139	0.1177	3	1	2	0	0	0	0	0	0	N	Y	N	N	N	N	N	N	N	N	N	N	21.8265	9.7306	inf	inf	inf	inf	0.0003	0.0000	0.0190	0.0213	0.0000	0.0485	0.0516	0.0000	0.0000	0.0000	0.0000	0.0009	0.0022	0.0000	0.0000	0.0000	0.0000	0.0005	0.0184	0.0000	0.0000	0.0000	-0.0007	-0.0000	2.0001	2.0138	3.0000	2.7349	0.0026	0.0026	0.0000	0.0026	0.0026	0.0000	0.0000	0.0000	0.0000	0.0000	0.0000	0.0000	0.0000	0.0000	0.0000	0.0000	0.0000	0.0000	0.1357	0.1214	0.0143	0.0532	0.0500	0.0032	0.0825	0.0714	0.0111	0.0628	0.0324	0.0304	0.0126	0.0120	0.0006	0.0503	0.0204	0.0298	59.7170	34.4378	inf	inf	inf	inf	0.0003	0.0002	0.0000	0.0003	0.0006	0.0000	0.0000	0.0000	0.0000	0.0004	0.0010	0.0000	
122	140	0.1343	4	0	2	0	0	0	0	0	0	N	Y	N	N	N	N	N	N	N	N	N	N	inf	inf	inf	inf	inf	inf	0.0109	0.0124	0.0000	0.0003	0.0004	0.0000	0.0237	0.0269	0.0000	0.0000	0.0000	0.0000	0.0000	0.0000	0.0000	0.0000	0.0000	0.0000	0.0000	-0.0005	0.0000	2.0001	1.9232	3.0000	1.1116	0.0018	0.0018	0.0000	0.0000	0.0000	0.0000	0.0018	0.0018	0.0000	0.0000	0.0000	0.0000	0.0000	0.0000	0.0000	0.0000	0.0000	0.0000	0.1690	0.1492	0.0197	0.0921	0.0815	0.0106	0.0768	0.0677	0.0091	0.0283	0.0128	0.0155	0.0022	0.0020	0.0001	0.0261	0.0107	0.0154	inf	inf	0.0000	inf	inf	0.0000	inf	inf	0.0000	0.0000	0.0000	0.0000	0.0000	0.0000	0.0000	0.0000	0.0000	0.0000				
122	141	0.6427	6	0	2	0	0	0	0	0	0	N	Y	N	N	N	N	N	N	N	N	N	N	0.0000	0.0000	0.0000	0.0000	0.0000	0.0000	0.0000	0.0000	0.0000	0.0000	0.0000	0.0000	0.0000	0.0000	0.0000	0.0000	0.0000	0.0000	0.0000	0.0000	2.0001	3.0000	3.0000	1.0000	0.0000	0.0000	0.0000	0.0000	0.0000	0.0000	0.0000	0.0000	0.0000	0.0000	0.0000	0.0000	0.0000	0.0000	0.0000	0.0000	0.0000	0.0000	0.2611	0.2398	0.0213	0.2038	0.1907	0.0131	0.0573	0.0491	0.0082	0.0233	0.0131	0.0102	0.0116	0.0099	0.0017	0.0117	0.0032	0.0085	0.0000	0.0000	0.0000	0.0000	0.0000	0.0000	0.0000	0.0000	0.0000	0.0000	0.0000	0.0000	0.0000	0.0000	0.0000	0.0000	0.0000	0.0000											
122	142	0.6235	5	0	1	0	0	0	0	0	0	N	N	N	N	N	N	N	N	N	N	N	N	0.0000	0.0000	0.0000	0.0000	0.0000	0.0000	0.0000	0.0000	0.0000	0.0000	0.0000	0.0000	0.0000	0.0000	0.0000	0.0000	0.0000	0.0000	0.0000	0.0000	2.0001	1.0000	3.0000	1.0000	0.0000	0.0000	0.0000	0.0000	0.0000	0.0000	0.0000	0.0000	0.0000	0.0000	0.0000	0.0000	0.0000	0.0000	0.0000	0.0000	0.0000	0.0000	0.0886	0.0816	0.0071	0.0689	0.0647	0.0042	0.0198	0.0169	0.0029	0.0120	0.0067	0.0053	0.0060	0.0051	0.0009	0.0061	0.0016	0.0044	0.0000	0.0000	0.0000	0.0000	0.0000	0.0000	0.0000	0.0000	0.0000	0.0000	0.0000	0.0000	0.0000	0.0000	0.0000	0.0000	0.0000	0.0000											
122	143	0.3731	4	0	1	0	0	0	0	0	0	N	N	N	N	N	N	N	N	N	N	N	N	0.9780	inf	0.0000	0.0531	inf	0.0000	1.8436	inf	0.0000	1.8532	2.0784	0.0000	0.0293	0.0320	0.0000	4.4060	5.1191	0.0000	1.8948	0.0000	7.7499	0.5514	0.0000	0.8405	2.3899	0.0000	4.1361	0.0000	inf	-0.2615	0.0514	2.0001	7.1211	3.0000	10.9474	1.0052	1.0052	0.0000	0.0093	0.0093	0.0000	0.9960	0.9960	0.0000	0.1076	0.0000	0.1076	0.0042	0.0000	0.0042	0.1034	0.0000	0.1034	0.5424	0.4837	0.0588	0.3164	0.2891	0.0273	0.2260	0.1946	0.0315	0.2363	0.1510	0.0854	0.1225	0.1046	0.0179	0.1138	0.0464	0.0675	4.0702	inf	0.0000	0.8597	inf	0.0000	4.8493	inf	0.0000	0.4553	0.0000	1.2604	0.0340	0.0000	0.2332	0.9086	0.0000	1.5325
122	144	0.1783	3	0	1	0	0	0	0	0	0	N	N	N	N	N	N	N	N	N	N	N	N	0.0027	0.0029	0.0002	0.0055	0.0057	inf	0.0045	0.0039	0.0004	0.0205	0.0224	0.0041	0.0004	0.0004	0.0000	0.0437	0.0499	0.0064	7.5883	7.7331	16.5508	0.0634	0.0664	0.0000	9.7013	12.6615	17.5810	0.0212	0.9383	-0.0027	-0.0694	2.0001	8.5175	3.0000	23.1696	0.0111	0.0108	0.0002	0.0001	0.0001	0.0000	0.0110	0.0107	0.0002	1.8359	0.9471	0.8887	0.0004	0.0004	0.0000	1.8354	0.9467	0.8887	0.5408	0.4845	0.0563	0.2895	0.2693	0.0202	0.2513	0.2152	0.0361	0.2419	0.1225	0.1195	0.0527	0.0477	0.0050	0.1892	0.0748	0.1144	0.0027	0.0029	0.0005	0.0427	0.0415	inf	0.0045	0.0039	0.0008	7.5883	7.7331	7.4399	0.0082	0.0091	0.0000	9.7013	12.6615	7.7670
122	145	0.1529	6	1	2	0	0	0	0	0	0	N	Y	N	N	N	N	N	N	N	N	N	N	inf	inf	inf	inf	0.0019	0.0021	0.0000	0.0034	0.0036	0.0000	0.0000	0.0000	0.0000	0.0000	0.0000	0.0000	0.0000	0.0000	0.0000	0.0000	0.0000	0.0000	0.0000	-0.0000	0.0000	2.0001	1.0000	3.0000	1.0000	0.0001	0.0001	0.0000	0.0001	0.0001	0.0000	0.0000	0.0000	0.0000	0.0000	0.0000	0.0000	0.0000	0.0000	0.0000	0.0000	0.0000	0.0000	0.0687	0.0617	0.0069	0.0384	0.0357	0.0027	0.0303	0.0261	0.0042	0.0154	0.0061	0.0093	0.0002	0.0002	0.0000	0.0152	0.0060	0.0093	inf	inf	0.0000	inf	inf	0.0000	0.0000	0.0000	0.0000	0.0000	0.0000	0.0000	0.0000	0.0000	0.0000	0.0000	0.0000	0.0000						
122	146	0.1529	5	0	2	0	0	0	0	0	0	N	Y	N	N	N	N	N	N	N	N	N	N	0.0000	0.0000	0.0000	0.0000	0.0000	0.0000	0.0000	0.0000	0.0000	0.0000	0.0000	0.0000	0.0000	0.0000	0.0000	0.0000	0.0000	0.0000	0.0000	0.0000	2.0001	0.0003	3.0000	0.0000	0.0000	0.0000	0.0000	0.0000	0.0000	0.0000	0.0000	0.0000	0.0000	0.0000	0.0000	0.0000	0.0000	0.0000	0.0000	0.0000	0.0000	0.0000	0.0001	0.0001	0.0000	0.0000	0.0000	0.0000	0.0000	0.0000	0.0000	0.0000	0.0000	0.0000	0.0000	0.0000	0.0000	0.0000	0.0000	0.0000	0.0000	0.0000	0.0000	0.0000	0.0000	0.0000	0.0000	0.0000	0.0000	0.0000	0.0000	0.0000	0.0000	0.0000	0.0000	0.0000	0.0000	0.0000											
122	147	0.1343	4	0	1	0	0	0	0	0	0	N	N	N	N	N	N	N	N	N	N	N	N	inf	inf	inf	inf	inf	inf	0.0059	0.0066	0.0000	0.0002	0.0002	0.0000	0.0111	0.0128	0.0000	0.0000	0.0000	0.0000	0.0000	0.0000	0.0000	0.0000	0.0000	0.0000	0.0000	-0.0005	0.0000	2.0001	4.9449	3.0000	1.0063	0.0018	0.0018	0.0000	0.0000	0.0000	0.0000	0.0018	0.0018	0.0000	0.0000	0.0000	0.0000	0.0000	0.0000	0.0000	0.0000	0.0000	0.0000	0.3154	0.2794	0.0360	0.1517	0.1368	0.0149	0.1637	0.1426	0.0211	0.0507	0.0221	0.0286	0.0024	0.0023	0.0002	0.0482	0.0198	0.0284	inf	inf	0.0000	inf	inf	0.0000	inf	inf	0.0000	0.0000	0.0000	0.0000	0.0000	0.0000	0.0000	0.0000	0.0000	0.0000				
122	148	0.1177	3	0	1	0	0	0	0	0	0	N	N	N	N	N	N	N	N	N	N	N	N	inf	inf	inf	inf	inf	inf	inf	inf	inf	4.7631	5.3369	0.0004	0.0011	0.0011	0.0000	7.6546	8.8314	0.0006	0.0000	0.0000	0.0000	0.0000	0.0000	0.0000	0.0000	0.0000	0.0000	0.0000	-0.2591	0.0000	2.0001	3.4778	3.0000	1.2917	0.9957	0.9957	0.0000	0.0001	0.0001	0.0000	0.9956	0.9956	0.0000	0.0000	0.0000	0.0000	0.0000	0.0000	0.0000	0.0000	0.0000	0.0000	0.2090	0.1866	0.0225	0.0790	0.0738	0.0051	0.1301	0.1127	0.0173	0.0630	0.0325	0.0305	0.0126	0.0120	0.0006	0.0504	0.0205	0.0299	inf	inf	inf	inf	inf	inf	inf	inf	inf	0.0000	0.0000	0.0000	0.0000	0.0000	0.0000	0.0000	0.0000	0.0000	
122	149	0.0674	2	0	1	0	0	0	0	0	0	N	N	N	N	N	N	N	N	N	N	N	N	inf	inf	inf	inf	inf	inf	inf	inf	0.0056	0.0062	0.0002	0.0000	0.0000	0.0000	0.0108	0.0124	0.0003	0.0000	0.0000	0.0000	0.0000	0.0000	0.0000	0.0000	0.0000	0.0000	0.0039	-0.0007	0.0000	2.0001	7.8050	3.0000	4.0035	0.0026	0.0026	0.0000	0.0000	0.0000	0.0000	0.0026	0.0026	0.0000	0.0000	0.0000	0.0000	0.0000	0.0000	0.0000	0.0000	0.0000	0.0000	0.4639	0.4175	0.0465	0.2240	0.2099	0.0141	0.2399	0.2076	0.0323	0.0990	0.0414	0.0576	0.0008	0.0008	0.0000	0.0981	0.0406	0.0576	inf	inf	inf	inf	inf	0.0000	inf	inf	inf	0.0000	0.0000	0.0000	0.0000	0.0000	0.0000	0.0000	0.0000	0.0000		
122	150	0.1947	4	0	1	0	0	0	0	0	0	N	N	N	N	N	N	N	N	N	N	N	N	0.0008	0.0006	inf	0.0007	0.0007	inf	inf	inf	inf	0.0009	0.0010	0.0000	0.0016	0.0017	0.0000	0.0000	0.0000	0.0000	1.0983	1.5950	0.0000	2.1742	2.2389	0.0000	0.0000	0.0000	0.0000	0.0000	0.0000	-0.0001	-0.0050	2.0001	3.7255	3.0000	14.1767	0.0003	0.0003	0.0000	0.0003	0.0003	0.0000	0.0000	0.0000	0.0000	0.0096	0.0096	0.0000	0.0096	0.0096	0.0000	0.0000	0.0000	0.0000	0.3055	0.2742	0.0313	0.1732	0.1626	0.0106	0.1323	0.1116	0.0207	0.1605	0.0896	0.0709	0.0427	0.0393	0.0034	0.1178	0.0502	0.0676	0.0148	0.0092	inf	0.0069	0.0068	inf	inf	inf	inf	0.0597	0.1070	0.0000	0.2243	0.2435	0.0000	0.0000	0.0000	0.0000
122	151	0.1783	3	0	1	0	0	0	0	0	0	N	N	N	N	N	N	N	N	N	N	N	N	0.0017	0.0018	0.0000	0.0008	0.0008	inf	0.0031	0.0465	0.0000	0.0024	0.0026	0.0000	0.0011	0.0012	0.0000	0.0039	0.0047	0.0000	1.3822	1.4477	0.8585	1.5107	1.5434	0.0000	1.2685	0.1008	0.4145	0.0000	2.3296	-0.0001	0.0024	2.0001	1.4205	3.0000	4.0377	0.0004	0.0004	0.0000	0.0001	0.0001	0.0000	0.0003	0.0003	0.0000	0.0135	0.0041	0.0095	0.0040	0.0040	0.0000	0.0095	0.0001	0.0095	0.1566	0.1403	0.0164	0.0871	0.0828	0.0043	0.0696	0.0575	0.0121	0.0991	0.0571	0.0420	0.0352	0.0338	0.0014	0.0639	0.0233	0.0407	0.0173	0.0371	0.0000	0.0102	0.0103	inf	0.0260	1.3711	0.0000	0.1364	0.0711	0.2251	0.1131	0.1177	0.0000	0.1493	0.0034	0.2328
122	152	0.0674	2	0	1	0	0	0	0	0	0	N	N	N	N	N	N	N	N	N	N	N	N	0.0003	0.5896	0.0000	inf	inf	0.0013	0.1518	0.0000	0.0003	0.0003	0.0000	0.0000	0.0000	0.0000	0.0005	0.0006	0.0000	0.8057	0.0005	0.1490	0.0000	0.0000	0.0000	0.3779	0.0038	0.0570	0.0000	401.0000	-0.0000	0.0019	2.0001	6.4701	3.0000	12.4371	0.0001	0.0001	0.0000	0.0000	0.0000	0.0000	0.0001	0.0001	0.0000	0.0040	0.0000	0.0040	0.0000	0.0000	0.0000	0.0040	0.0000	0.0040	0.3974	0.3578	0.0396	0.1949	0.1827	0.0122	0.2025	0.1751	0.0274	0.1476	0.0623	0.0853	0.0013	0.0012	0.0001	0.1464	0.0611	0.0853	0.0092	1.7409	0.0000	inf	inf	0.0000	0.0180	3.4883	0.0000	0.0272	0.0002	0.0470	0.0000	0.0000	0.0000	0.0275	0.0002	0.0470	
123	124	0.6309	5	0	1	0	0	0	0	0	0	N	N	N	N	N	N	N	N	N	N	N	N	1328.9230	789.6985	inf	1044.9773	1311.1010	inf	inf	inf	inf	0.8210	0.9034	0.0022	1.2733	1.3618	0.0000	0.0009	0.0004	0.0040	0.0006	0.0011	0.0000	0.0012	0.0010	0.0000	0.0000	0.0000	0.0000	0.0002	0.0000	-0.2315	-0.0000	6.9986	3.9006	2.0000	3.1543	0.8906	0.8904	0.0002	0.8903	0.8903	0.0000	0.0003	0.0001	0.0002	0.0000	0.0000	0.0000	0.0000	0.0000	0.0000	0.0000	0.0000	0.0000	1.0848	0.9856	0.0992	0.6992	0.6537	0.0454	0.3856	0.3318	0.0538	0.1160	0.0706	0.0454	0.0570	0.0516	0.0055	0.0590	0.0191	0.0399	3174.1526	2126.5868	inf	2419.8719	2340.5276	inf	inf	inf	inf	0.0003	0.0004	0.0000	0.0005	0.0006	0.0000	0.0000	0.0000	0.0000
123	125	0.5974	4	0	1	0	0	0	0	0	0	N	N	N	N	N	N	N	N	N	N	N	N	553.0259	17362.0611	25.3074	inf	inf	inf	0.1566	0.4914	0.4001	1.4414	1.5938	0.0286	2.3754	2.5469	0.0658	0.0002	0.0002	0.0005	0.0026	0.0001	0.0011	0.0000	0.0000	0.0000	0.0015	0.0004	0.0013	0.0019	1282.3718	-0.1688	0.0000	6.9986	1.6924	2.0000	1.9110	0.6535	0.6522	0.0013	0.6534	0.6522	0.0013	0.0000	0.0000	0.0000	0.0000	0.0000	0.0000	0.0000	0.0000	0.0000	0.0000	0.0000	0.0000	0.4533	0.4092	0.0441	0.2751	0.2561	0.0190	0.1783	0.1531	0.0251	0.0528	0.0262	0.0266	0.0173	0.0147	0.0026	0.0354	0.0115	0.0239	2533.8423	1787281.6570	25.3074	inf	inf	inf	0.2823	96.4899	0.4001	0.0006	0.0000	0.0011	0.0000	0.0000	0.0000	0.0008	0.0000	0.0013
123	127	0.1686	3	0	0	0	0	0	0	0	0	N	N	N	N	N	N	N	N	N	N	N	N	1.3062	0.7520	1.4044	1.5132	inf	inf	0.0002	0.0002	0.0000	0.0008	0.0008	0.0000	0.0001	0.0001	0.0000	0.0001	0.0003	0.0000	0.0006	0.0006	0.0000	0.0000	0.0000	0.0000	0.0000	0.0001	-0.0000	-0.0000	6.9986	3.6536	2.0000	12.3970	0.0002	0.0002	0.0000	0.0001	0.0001	0.0000	0.0001	0.0001	0.0000	0.0000	0.0000	0.0000	0.0000	0.0000	0.0000	0.0000	0.0000	0.0000	1.0120	0.8970	0.1150	0.1720	0.1661	0.0058	0.8400	0.7309	0.1091	0.4051	0.2366	0.1685	0.0719	0.0666	0.0053	0.3331	0.1700	0.1632	7.5207	4.9561	0.0000	5.7928	5.5531	0.0000	inf	inf	0.0000	0.0000	0.0000	0.0000	0.0001	0.0002	0.0000	0.0000	0.0000	0.0000			
123	128	0.3470	3	0	0	0	0	0	0	0	0	N	N	N	N	N	N	N	N	N	N	N	N	0.1605	0.4965	0.0171	0.7799	1.1320	0.0851	0.0828	inf	0.0203	0.4179	0.4409	0.2220	0.5983	0.6367	0.0284	0.3085	0.3129	0.2789	2.6043	0.8882	12.9678	0.7671	0.5625	0.3340	3.7272	0.0000	13.7160	0.0591	114.0892	-0.1327	0.4382	6.9986	5.3495	2.0000	12.4099	0.6493	0.6130	0.0362	0.3510	0.3500	0.0011	0.2982	0.2631	0.0352	0.9335	0.0081	0.9254	0.0121	0.0081	0.0040	0.9214	0.0000	0.9214	1.5535	1.3903	0.1632	0.5867	0.5496	0.0371	0.9668	0.8407	0.1262	0.5395	0.3454	0.1941	0.2525	0.2155	0.0370	0.2870	0.1299	0.1571	0.2415	18.7762	0.0466	12.4552	16.9186	0.2617	0.0961	inf	0.0476	1.7303	0.0235	4.7675	0.0480	0.0376	0.1086	3.2108	0.0000	5.8655
123	129	0.1527	7	0	1	0	1	0	0	0	0	N	N	N	N	N	N	N	N	N	N	N	N	0.0000	0.0000	0.0000	0.0000	0.0000	0.0000	0.0000	0.0000	0.0000	0.0000	0.0000	0.0000	0.0000	0.0000	0.0000	0.0000	0.0000	0.0000	0.0000	0.0000	6.9986	0.0000	2.0000	0.0000	0.0000	0.0000	0.0000	0.0000	0.0000	0.0000	0.0000	0.0000	0.0000	0.0000	0.0000	0.0000	0.0000	0.0000	0.0000	0.0000	0.0000	0.0000	0.0000	0.0000	0.0000	0.0000	0.0000	0.0000	0.0000	0.0000	0.0000	0.0000	0.0000	0.0000	0.0000	0.0000	0.0000	0.0000	0.0000	0.0000	0.0000	0.0000	0.0000	0.0000	0.0000	0.0000	0.0000	0.0000	0.0000	0.0000	0.0000	0.0000	0.0000	0.0000	0.0000	0.0000	0.0000	0.0000											
123	130	0.1364	6	0	1	0	1	0	0	0	0	N	N	N	N	N	N	N	N	N	N	N	N	0.0000	0.0000	0.0000	0.0000	0.0000	0.0000	0.0000	0.0000	0.0000	0.0000	0.0000	0.0000	0.0000	0.0000	0.0000	0.0000	0.0000	0.0000	0.0000	0.0000	6.9986	0.0000	2.0000	3.0001	0.0000	0.0000	0.0000	0.0000	0.0000	0.0000	0.0000	0.0000	0.0000	0.0000	0.0000	0.0000	0.0000	0.0000	0.0000	0.0000	0.0000	0.0000	0.0000	0.0000	0.0000	0.0000	0.0000	0.0000	0.0000	0.0000	0.0000	0.0393	0.0154	0.0239	0.0009	0.0009	0.0000	0.0384	0.0145	0.0239	0.0000	0.0000	0.0000	0.0000	0.0000	0.0000	0.0000	0.0000	0.0000	0.0000	0.0000	0.0000	0.0000	0.0000	0.0000	0.0000	0.0000	0.0000											
123	131	0.1268	5	0	1	0	0	0	0	0	0	N	N	N	N	N	N	N	N	N	N	N	N	0.0000	0.0000	0.0000	0.0000	0.0000	0.0000	0.0000	0.0000	0.0000	0.0000	0.0000	0.0000	0.0000	0.0000	0.0000	0.0000	0.0000	0.0000	0.0000	0.0000	6.9986	0.0000	2.0000	0.0000	0.0000	0.0000	0.0000	0.0000	0.0000	0.0000	0.0000	0.0000	0.0000	0.0000	0.0000	0.0000	0.0000	0.0000	0.0000	0.0000	0.0000	0.0000	0.0000	0.0000	0.0000	0.0000	0.0000	0.0000	0.0000	0.0000	0.0000	0.0000	0.0000	0.0000	0.0000	0.0000	0.0000	0.0000	0.0000	0.0000	0.0000	0.0000	0.0000	0.0000	0.0000	0.0000	0.0000	0.0000	0.0000	0.0000	0.0000	0.0000	0.0000	0.0000	0.0000	0.0000	0.0000	0.0000											
123	132	0.1364	6	0	0	1	1	0	0	0	0	N	N	N	N	N	N	N	N	N	N	N	N	0.0000	0.0000	0.0000	0.0000	0.0000	0.0000	0.0000	0.0000	0.0000	0.0000	0.0000	0.0000	0.0000	0.0000	0.0000	0.0000	0.0000	0.0000	0.0000	0.0000	6.9986	0.0000	2.0000	1.9999	0.0000	0.0000	0.0000	0.0000	0.0000	0.0000	0.0000	0.0000	0.0000	0.0000	0.0000	0.0000	0.0000	0.0000	0.0000	0.0000	0.0000	0.0000	0.0000	0.0000	0.0000	0.0000	0.0000	0.0000	0.0000	0.0000	0.0000	0.0265	0.0103	0.0161	0.0006	0.0006	0.0000	0.0259	0.0098	0.0161	0.0000	0.0000	0.0000	0.0000	0.0000	0.0000	0.0000	0.0000	0.0000	0.0000	0.0000	0.0000	0.0000	0.0000	0.0000	0.0000	0.0000	0.0000											
123	133	0.1474	7	0	0	1	1	0	0	0	0	N	N	N	N	N	N	N	N	N	N	N	N	0.0000	0.0000	0.0000	0.0000	0.0000	0.0000	0.0000	0.0000	0.0000	0.0000	0.0000	0.0000	0.0000	0.0000	0.0000	0.0000	0.0000	0.0000	0.0000	0.0000	6.9986	1.0000	2.0000	0.0000	0.0000	0.0000	0.0000	0.0000	0.0000	0.0000	0.0000	0.0000	0.0000	0.0000	0.0000	0.0000	0.0000	0.0000	0.0000	0.0000	0.0000	0.0000	0.2072	0.1849	0.0222	0.1110	0.1022	0.0088	0.0962	0.0828	0.0135	0.0127	0.0049	0.0078	0.0003	0.0003	0.0000	0.0124	0.0046	0.0078	0.0000	0.0000	0.0000	0.0000	0.0000	0.0000	0.0000	0.0000	0.0000	0.0000	0.0000	0.0000	0.0000	0.0000	0.0000	0.0000	0.0000	0.0000											
123	134	0.1474	7	0	0	1	1	0	0	0	0	N	N	N	N	N	N	N	N	N	N	N	N	0.0000	0.0000	0.0000	0.0000	0.0000	0.0000	0.0000	0.0000	0.0000	0.0000	0.0000	0.0000	0.0000	0.0000	0.0000	0.0000	0.0000	0.0000	0.0000	0.0000	6.9986	0.0000	2.0000	0.0000	0.0000	0.0000	0.0000	0.0000	0.0000	0.0000	0.0000	0.0000	0.0000	0.0000	0.0000	0.0000	0.0000	0.0000	0.0000	0.0000	0.0000	0.0000	0.0000	0.0000	0.0000	0.0000	0.0000	0.0000	0.0000	0.0000	0.0000	0.0000	0.0000	0.0000	0.0000	0.0000	0.0000	0.0000	0.0000	0.0000	0.0000	0.0000	0.0000	0.0000	0.0000	0.0000	0.0000	0.0000	0.0000	0.0000	0.0000	0.0000	0.0000	0.0000	0.0000	0.0000	0.0000	0.0000											
123	135	0.1364	6	0	0	1	1	0	0	0	0	N	N	N	N	N	N	N	N	N	N	N	N	0.0000	0.0000	0.0000	0.0000	0.0000	0.0000	0.0000	0.0000	0.0000	0.0000	0.0000	0.0000	0.0000	0.0000	0.0000	0.0000	0.0000	0.0000	0.0000	-0.0000	6.9986	2.0025	2.0000	0.9943	0.0000	0.0000	0.0000	0.0000	0.0000	0.0000	0.0000	0.0000	0.0000	0.0000	0.0000	0.0000	0.0000	0.0000	0.0000	0.0000	0.0000	0.0000	0.4095	0.3655	0.0440	0.2123	0.1956	0.0167	0.1972	0.1699	0.0273	0.0393	0.0154	0.0239	0.0009	0.0009	0.0000	0.0384	0.0145	0.0239	0.0000	0.0000	0.0000	0.0000	0.0000	0.0000	0.0000	0.0000	0.0000	0.0000	0.0000	0.0000	0.0000	0.0000	0.0000	0.0000	0.0000	0.0000											
123	136	0.1364	5	0	0	0	1	0	0	0	0	N	N	N	N	N	N	N	N	N	N	N	N	0.0000	0.0000	0.0000	0.0000	0.0000	0.0000	0.0000	0.0000	0.0000	0.0000	0.0000	0.0000	0.0001	0.0002	0.0000	0.0000	0.0005	0.0000	0.0000	0.0000	0.0000	0.0000	0.0000	-0.0000	6.9986	0.0050	2.0000	0.0173	0.0000	0.0000	0.0000	0.0000	0.0000	0.0000	0.0000	0.0000	0.0000	0.0000	0.0000	0.0000	0.0000	0.0000	0.0000	0.0000	0.0000	0.0000	0.0022	0.0021	0.0002	0.0017	0.0016	0.0001	0.0005	0.0004	0.0001	0.0003	0.0001	0.0002	0.0000	0.0000	0.0000	0.0003	0.0001	0.0002	0.0000	0.0000	0.0000	0.0000	0.0000	0.0000	0.0000	0.0000	0.0000	0.0000	0.0000	0.0000	0.0000	0.0001	0.0000	0.0000	0.0000	0.0000							
123	137	0.1268	4	0	0	0	1	0	0	0	0	N	N	N	N	N	N	N	N	N	N	N	N	0.0000	0.0000	0.0000	0.0000	0.0000	0.0000	0.0000	0.0000	0.0000	0.0000	0.0000	0.0000	0.0000	0.0000	0.0000	0.0000	0.0000	0.0000	0.0000	-0.0000	6.9986	1.9972	2.0000	1.0076	0.0000	0.0000	0.0000	0.0000	0.0000	0.0000	0.0000	0.0000	0.0000	0.0000	0.0000	0.0000	0.0000	0.0000	0.0000	0.0000	0.0000	0.0000	0.3818	0.3404	0.0414	0.1895	0.1747	0.0147	0.1924	0.1656	0.0267	0.0373	0.0144	0.0228	0.0009	0.0008	0.0000	0.0364	0.0136	0.0228	0.0000	0.0000	0.0000	0.0000	0.0000	0.0000	0.0000	0.0000	0.0000	0.0000	0.0000	0.0000	0.0000	0.0000	0.0000	0.0000	0.0000	0.0000											
123	138	0.1095	3	1	1	0	0	0	0	0	0	N	N	N	N	N	N	N	N	N	N	N	N	inf	inf	inf	inf	0.0001	0.0001	0.0000	0.0003	0.0003	0.0000	0.0000	0.0000	0.0000	0.0000	0.0000	0.0000	0.0000	0.0000	0.0000	0.0000	0.0000	0.0000	0.0000	-0.0000	0.0000	6.9986	0.0002	2.0000	2.3255	0.0000	0.0000	0.0000	0.0000	0.0000	0.0000	0.0000	0.0000	0.0000	0.0000	0.0000	0.0000	0.0000	0.0000	0.0000	0.0000	0.0000	0.0000	0.0001	0.0001	0.0000	0.0000	0.0000	0.0000	0.0001	0.0000	0.0000	0.0467	0.0246	0.0222	0.0077	0.0074	0.0003	0.0390	0.0172	0.0219	inf	inf	0.0000	inf	inf	0.0000	0.0000	0.0000	0.0000	0.0000	0.0000	0.0000	0.0000	0.0000	0.0000	0.0000	0.0000	0.0000						
123	139	0.0916	2	1	1	0	0	0	0	0	0	N	N	N	N	N	N	N	N	N	N	N	N	1.5861	12.5099	34.7299	21.9874	396.8709	0.0610	2.9842	0.9229	96.5196	1.8657	0.0173	21.8127	0.0243	0.0254	0.0011	2.8988	0.0124	27.0405	1.1763	0.0014	0.6281	0.0011	0.0001	0.0185	0.9714	0.0134	0.2802	117.1633	311.8961	0.7389	0.0040	6.9986	2.0138	2.0000	2.7349	1.0103	0.0086	1.0017	0.0047	0.0047	0.0000	1.0056	0.0038	1.0017	0.0085	0.0000	0.0085	0.0000	0.0000	0.0000	0.0085	0.0000	0.0085	0.5415	0.4956	0.0459	0.1946	0.1857	0.0089	0.3469	0.3098	0.0370	0.1133	0.0581	0.0552	0.0219	0.0209	0.0010	0.0914	0.0372	0.0542	24.8204	36.8246	141.8378	53.1418	79300.9826	0.1094	31.1539	16.8938	172.9401	0.0752	0.0005	0.1538	0.0005	0.0000	0.0103	0.0930	0.0007	0.1564
123	140	0.1082	3	0	1	0	0	0	0	0	0	N	N	N	N	N	N	N	N	N	N	N	N	7.7004	5496.4991	0.6059	432.3269	497.0465	46.3475	inf	1.2544	0.6846	0.7475	0.0057	0.1214	0.1275	0.0000	1.1900	1.3476	0.0078	0.0889	0.0001	0.0094	0.0003	0.0003	0.0000	0.0257	0.0000	0.0062	0.0007	1925.3911	-0.0995	0.0001	6.9986	1.9232	2.0000	1.1116	0.3835	0.3832	0.0003	0.0322	0.0322	0.0000	0.3513	0.3511	0.0003	0.0002	0.0000	0.0002	0.0000	0.0000	0.0000	0.0002	0.0000	0.0002	0.5602	0.5127	0.0475	0.2649	0.2521	0.0128	0.2952	0.2605	0.0347	0.0469	0.0209	0.0261	0.0040	0.0038	0.0002	0.0429	0.0171	0.0258	200.7414	187571.1164	0.9254	5882.5801	5813.3451	0.0000	319.1595	inf	1.2544	0.0034	0.0000	0.0061	0.0000	0.0000	0.0000	0.0037	0.0000	0.0062	
123	141	0.6166	5	0	1	0	0	0	0	0	0	N	N	N	N	N	N	N	N	N	N	N	N	inf	inf	inf	inf	inf	inf	inf	inf	3.2512	3.5853	0.0021	3.2329	3.4775	0.0041	3.2884	3.8222	0.0000	0.0000	0.0000	0.0000	0.0000	0.0000	0.0000	0.0000	0.0000	0.0000	0.0001	-0.7801	0.0000	6.9986	3.0000	2.0000	1.0000	2.9988	2.9986	0.0002	1.9988	1.9986	0.0002	1.0000	1.0000	0.0000	0.0000	0.0000	0.0000	0.0000	0.0000	0.0000	0.0000	0.0000	0.0000	0.9224	0.8364	0.0860	0.6183	0.5747	0.0435	0.3041	0.2616	0.0425	0.0581	0.0290	0.0292	0.0192	0.0163	0.0029	0.0389	0.0127	0.0263	inf	inf	inf	inf	inf	inf	inf	inf	0.0000	0.0000	0.0000	0.0000	0.0000	0.0000	0.0000	0.0000	0.0000	0.0000		
123	142	0.5974	4	0	0	0	0	0	0	0	0	N	N	N	N	N	N	N	N	N	N	N	N	inf	inf	inf	inf	inf	inf	inf	inf	3.5943	3.9824	0.0004	5.8639	6.3020	0.0008	0.0001	0.0001	0.0000	0.0000	0.0000	0.0000	0.0000	0.0000	0.0000	0.0000	0.0000	0.0000	0.0000	-0.2599	0.0000	6.9986	1.0000	2.0000	1.0000	0.9988	0.9988	0.0000	0.9988	0.9988	0.0000	0.0000	0.0000	0.0000	0.0000	0.0000	0.0000	0.0000	0.0000	0.0000	0.0000	0.0000	0.0000	0.2779	0.2508	0.0271	0.1703	0.1585	0.0118	0.1076	0.0923	0.0152	0.0304	0.0150	0.0153	0.0099	0.0084	0.0015	0.0205	0.0066	0.0138	inf	inf	inf	inf	inf	inf	inf	inf	0.0000	0.0000	0.0000	0.0000	0.0000	0.0000	0.0000	0.0000	0.0000	0.0000		
123	143	0.3470	3	0	0	0	0	0	0	0	0	N	N	N	N	N	N	N	N	N	N	N	N	1.0983	0.8891	inf	1.0037	1.0333	inf	inf	inf	inf	1.5832	1.7486	0.1906	2.5864	2.7616	0.0289	1.0466	1.1666	0.2337	1.4415	1.9667	0.0000	2.5768	2.6727	0.0000	0.0000	0.0000	0.0000	0.0129	0.0000	-0.7048	-0.0453	6.9986	7.1211	2.0000	10.9474	2.8488	2.8124	0.0364	1.6218	1.6207	0.0012	1.2269	1.1917	0.0352	0.0867	0.0867	0.0000	0.0867	0.0867	0.0000	0.0000	0.0000	0.0000	1.7993	1.6084	0.1910	0.6271	0.5869	0.0402	1.1723	1.0215	0.1508	0.5417	0.3464	0.1953	0.2529	0.2158	0.0371	0.2888	0.1306	0.1582	9.8888	6.9836	inf	7.5420	6.8711	inf	inf	inf	inf	0.1601	0.2504	0.0000	0.3429	0.4019	0.0000	0.0000	0.0000	0.0000
123	144	0.1522	2	0	0	0	0	0	0	0	0	N	N	N	N	N	N	N	N	N	N	N	N	0.7610	0.9220	3.8413	241.2540	285.3471	inf	0.8447	0.4768	10.3685	1.0324	0.5439	4.8246	0.4274	0.4211	0.5552	1.1102	0.5610	5.0353	1.3566	0.5899	1.2560	0.0018	0.0015	0.0000	1.3143	1.1766	0.4856	1.1428	18.4280	0.5101	0.0339	6.9986	8.5175	2.0000	23.1696	1.8678	0.8717	0.9961	0.0881	0.0827	0.0054	1.7797	0.7890	0.9907	0.0794	0.0041	0.0754	0.0001	0.0001	0.0000	0.0794	0.0040	0.0754	1.8091	1.6027	0.2065	0.2062	0.1964	0.0097	1.6030	1.4062	0.1968	0.5984	0.3247	0.2737	0.0946	0.0854	0.0092	0.5038	0.2393	0.2645	7.7761	43.1815	17.5245	590.7268	525.3533	inf	7.0466	33.3893	17.6746	0.1328	0.0126	0.2753	0.0007	0.0008	0.0000	0.1576	0.0168	0.2849
123	145	0.1268	5	1	1	0	0	0	0	0	0	N	N	N	N	N	N	N	N	N	N	N	N	inf	inf	inf	inf	0.0007	0.0000	0.0061	0.0000	0.0000	0.0000	0.0013	0.0000	0.0096	0.0000	0.0000	0.0000	0.0000	0.0000	0.0000	0.0000	0.0000	0.0000	inf	0.0001	0.0000	6.9986	1.0000	2.0000	1.0000	0.0001	0.0000	0.0001	0.0000	0.0000	0.0000	0.0001	0.0000	0.0001	0.0000	0.0000	0.0000	0.0000	0.0000	0.0000	0.0000	0.0000	0.0000	0.1958	0.1745	0.0213	0.0981	0.0904	0.0077	0.0977	0.0841	0.0136	0.0251	0.0097	0.0154	0.0006	0.0006	0.0000	0.0245	0.0091	0.0154	inf	0.0000	inf	0.0000	0.0000	0.0000	inf	0.0000	inf	0.0000	0.0000	0.0000	0.0000	0.0000	0.0000	0.0000	0.0000	0.0000						
123	146	0.1268	4	0	1	0	0	0	0	0	0	N	N	N	N	N	N	N	N	N	N	N	N	0.0000	0.0000	0.0000	0.0000	0.0000	0.0000	0.0000	0.0000	0.0000	0.0000	0.0000	0.0000	0.0000	0.0000	0.0000	0.0000	0.0000	0.0000	0.0000	0.0000	6.9986	0.0003	2.0000	0.0000	0.0000	0.0000	0.0000	0.0000	0.0000	0.0000	0.0000	0.0000	0.0000	0.0000	0.0000	0.0000	0.0000	0.0000	0.0000	0.0000	0.0000	0.0000	0.0002	0.0002	0.0000	0.0001	0.0001	0.0000	0.0000	0.0000	0.0000	0.0000	0.0000	0.0000	0.0000	0.0000	0.0000	0.0000	0.0000	0.0000	0.0000	0.0000	0.0000	0.0000	0.0000	0.0000	0.0000	0.0000	0.0000	0.0000	0.0000	0.0000	0.0000	0.0000	0.0000	0.0000	0.0000	0.0000											
123	147	0.1082	3	0	0	0	0	0	0	0	0	N	N	N	N	N	N	N	N	N	N	N	N	92.6681	18961.5981	0.7970	13886.4552	17058.9336	61.9902	inf	1.0868	1.9348	2.1489	0.0027	3.6732	3.9181	0.0000	0.6081	0.6969	0.0036	0.0209	0.0001	0.0033	0.0003	0.0002	0.0000	0.0098	0.0000	0.0033	0.0001	1925.3911	-0.5127	0.0001	6.9986	4.9449	2.0000	1.0063	1.9716	1.9714	0.0003	1.6202	1.6202	0.0000	0.3514	0.3512	0.0003	0.0002	0.0000	0.0002	0.0000	0.0000	0.0000	0.0002	0.0000	0.0002	1.0190	0.9174	0.1017	0.4411	0.4135	0.0276	0.5779	0.5038	0.0741	0.0841	0.0360	0.0481	0.0048	0.0045	0.0003	0.0793	0.0315	0.0478	1016.7232	932009.8551	0.7970	212736.5912	213186.4724	0.0000	301.4017	inf	1.0868	0.0019	0.0000	0.0033	0.0000	0.0000	0.0000	0.0020	0.0000	0.0033	
123	148	0.0916	2	0	0	0	0	0	0	0	0	N	N	N	N	N	N	N	N	N	N	N	N	0.9709	33.4146	4.9753	1.1777	0.3000	56.2467	1.7218	3641.1878	12.7772	1.1476	0.9404	3.0837	0.0707	0.0135	1.0305	1.6696	1.4201	3.5646	1.1821	0.0281	0.6198	0.0600	0.0450	0.0183	0.9697	0.0004	0.2790	0.3510	52.5440	-0.0003	0.0040	6.9986	3.4778	2.0000	1.2917	0.8806	0.6518	0.2288	0.0177	0.0032	0.0145	0.8629	0.6486	0.2143	0.0087	0.0002	0.0085	0.0002	0.0002	0.0000	0.0085	0.0000	0.0085	0.7673	0.6931	0.0742	0.2505	0.2364	0.0141	0.5169	0.4567	0.0601	0.1136	0.0582	0.0554	0.0219	0.0209	0.0010	0.0917	0.0373	0.0544	15.0743	338.9931	20.1198	9.0232	1.7508	100.3438	18.0632	708214.0856	22.8756	0.0761	0.0028	0.1533	0.0078	0.0077	0.0103	0.0924	0.0000	0.1558
123	150	0.1686	3	0	0	0	0	0	0	0	0	N	N	N	N	N	N	N	N	N	N	N	N	1.3286	0.7479	1.4117	1.5216	inf	inf	0.0002	0.0002	0.0000	0.0008	0.0008	0.0000	0.0001	0.0001	0.0000	0.0001	0.0003	0.0000	0.0006	0.0006	0.0000	0.0000	0.0000	0.0000	0.0000	0.0001	-0.0000	-0.0000	6.9986	3.7255	2.0000	14.1767	0.0002	0.0002	0.0000	0.0001	0.0001	0.0000	0.0001	0.0001	0.0000	0.0000	0.0000	0.0000	0.0000	0.0000	0.0000	0.0000	0.0000	0.0000	1.0261	0.9095	0.1166	0.1733	0.1673	0.0059	0.8528	0.7422	0.1106	0.4295	0.2497	0.1798	0.0744	0.0686	0.0058	0.3551	0.1811	0.1740	7.8644	5.1582	0.0000	5.9436	5.6779	0.0000	inf	inf	0.0000	0.0000	0.0000	0.0000	0.0001	0.0001	0.0000	0.0000	0.0000	0.0000			
123	151	0.1522	2	0	0	0	0	0	0	0	0	N	N	N	N	N	N	N	N	N	N	N	N	30.4021	18.4311	12.0086	20.4509	22.2540	54.2531	2.2725	12.0825	0.0057	0.0064	0.0003	0.0047	0.0048	0.0000	0.0060	0.0069	0.0004	0.0002	0.0003	0.0000	0.0002	0.0002	0.0000	0.0001	0.0031	0.0000	0.0068	0.2595	-0.0008	-0.0000	6.9986	1.4205	2.0000	4.0377	0.0030	0.0029	0.0000	0.0005	0.0005	0.0000	0.0024	0.0024	0.0000	0.0000	0.0000	0.0000	0.0000	0.0000	0.0000	0.0000	0.0000	0.0000	0.5169	0.4580	0.0588	0.1129	0.1109	0.0019	0.4040	0.3471	0.0569	0.2540	0.1530	0.1011	0.0691	0.0664	0.0027	0.1849	0.0866	0.0983	104.4787	88.8111	12.0086	338.6124	331.0028	0.0000	85.7783	59.5188	12.0825	0.0001	0.0001	0.0000	0.0000	0.0000	0.0000	0.0001	0.0001	0.0000	
124	126	0.6625	5	0	2	0	0	0	0	0	0	N	Y	N	N	N	N	N	N	N	N	N	N	0.0094	0.1061	0.0000	0.0220	0.0898	0.0000	0.0483	inf	0.0000	0.0003	0.0004	0.0000	0.0002	0.0002	0.0000	0.0006	0.0007	0.0000	0.0359	0.0035	0.0058	0.0089	0.0023	0.0382	0.0129	0.0000	0.0035	0.0000	3.8221	-0.0000	0.0001	3.9006	0.9996	3.1543	8.0005	0.0001	0.0001	0.0000	0.0000	0.0000	0.0000	0.0000	0.0000	0.0000	0.0003	0.0001	0.0002	0.0002	0.0001	0.0001	0.0001	0.0000	0.0001	0.1848	0.1680	0.0167	0.1241	0.1160	0.0080	0.0607	0.0520	0.0087	0.1160	0.0706	0.0454	0.0570	0.0516	0.0055	0.0590	0.0191	0.0399	0.1348	0.4352	0.0000	0.0747	0.1803	0.0000	0.2631	inf	0.0000	0.0025	0.0009	0.0051	0.0026	0.0012	0.0165	0.0024	0.0000	0.0035
124	127	0.5679	5	0	1	0	0	0	0	0	0	N	N	N	N	N	N	N	N	N	N	N	N	0.0206	0.0140	0.0028	0.0041	0.0043	0.0617	130.9304	4.7471	0.0029	0.0067	0.0073	0.0000	0.0009	0.0009	0.0000	0.0190	0.0221	0.0000	0.3229	0.5234	0.0000	0.2081	0.2120	0.0000	0.0001	0.0047	0.0000	0.0000	0.0012	-0.0012	-0.0009	3.9006	3.6536	3.1543	12.3970	0.0044	0.0044	0.0000	0.0004	0.0004	0.0000	0.0040	0.0040	0.0000	0.0016	0.0016	0.0000	0.0016	0.0016	0.0000	0.0000	0.0000	0.0000	0.6649	0.6031	0.0619	0.4521	0.4204	0.0317	0.2128	0.1827	0.0301	0.2365	0.1473	0.0892	0.1161	0.1057	0.0104	0.1205	0.0416	0.0789	0.9547	0.6562	0.0028	0.0607	0.0594	0.0617	193.0988	92.6984	0.0029	0.0070	0.0112	0.0000	0.0141	0.0155	0.0000	0.0001	0.0002	0.0000
124	128	0.3567	3	0	1	0	0	0	0	0	0	N	N	N	N	N	N	N	N	N	N	N	N	0.1413	0.1037	0.0004	0.1865	0.1974	0.0005	1.2133	18.3153	0.0003	0.1163	0.1279	0.0000	0.1863	0.1989	0.0000	0.0188	0.0216	0.0000	0.8226	1.2334	0.0036	0.9992	1.0072	0.0036	0.0155	0.0012	0.0037	0.0000	0.0562	-0.0339	-0.0057	3.9006	5.3495	3.1543	12.4099	0.1304	0.1304	0.0000	0.1216	0.1216	0.0000	0.0088	0.0088	0.0000	0.0122	0.0116	0.0007	0.0116	0.0116	0.0000	0.0006	0.0000	0.0006	1.1220	1.0200	0.1021	0.6528	0.6117	0.0410	0.4693	0.4083	0.0610	0.4232	0.2421	0.1811	0.1782	0.1619	0.0163	0.2450	0.0802	0.1648	4.0170	2.6701	0.0004	2.8539	2.7773	0.0007	7.5347	1020.2344	0.0003	0.0289	0.0479	0.0036	0.0653	0.0716	0.0027	0.0025	0.0000	0.0037
124	129	0.7739	11	0	2	0	1	0	0	0	0	N	Y	N	N	N	N	N	N	N	N	N	N	0.0000	0.0000	0.0000	0.0000	0.0000	0.0000	0.0000	0.0000	0.0000	0.0000	0.0000	0.0000	0.0000	0.0000	0.0000	0.0000	0.0000	0.0000	0.0000	0.0000	3.9006	0.0000	3.1543	0.0000	0.0000	0.0000	0.0000	0.0000	0.0000	0.0000	0.0000	0.0000	0.0000	0.0000	0.0000	0.0000	0.0000	0.0000	0.0000	0.0000	0.0000	0.0000	0.0000	0.0000	0.0000	0.0000	0.0000	0.0000	0.0000	0.0000	0.0000	0.0000	0.0000	0.0000	0.0000	0.0000	0.0000	0.0000	0.0000	0.0000	0.0000	0.0000	0.0000	0.0000	0.0000	0.0000	0.0000	0.0000	0.0000	0.0000	0.0000	0.0000	0.0000	0.0000	0.0000	0.0000	0.0000	0.0000											
124	130	0.7576	10	0	2	0	1	0	0	0	0	N	Y	N	N	N	N	N	N	N	N	N	N	0.0000	0.0000	0.0000	0.0000	0.0000	0.0000	0.0000	0.0000	0.0000	0.0000	0.0000	0.0000	0.0000	0.0000	0.0000	0.0000	0.0000	2.2566	3.0189	0.1114	0.1027	0.1072	0.0000	3.1750	7.4812	0.0508	0.0132	0.0000	-0.0110	3.9006	0.0000	3.1543	3.0001	0.0000	0.0000	0.0000	0.0000	0.0000	0.0000	0.0000	0.0000	0.0000	0.0216	0.0213	0.0003	0.0001	0.0001	0.0000	0.0215	0.0212	0.0003	0.0000	0.0000	0.0000	0.0000	0.0000	0.0000	0.0000	0.0000	0.0000	0.0226	0.0140	0.0086	0.0125	0.0108	0.0017	0.0101	0.0033	0.0069	0.0000	0.0000	0.0000	0.0000	0.0000	0.0000	0.0000	0.0000	0.0000	0.9552	1.5193	0.0327	0.0096	0.0112	0.0000	2.1212	6.4978	0.0409		
124	131	0.7480	9	0	2	0	0	0	0	0	0	N	Y	N	N	N	N	N	N	N	N	N	N	0.0000	0.0000	0.0000	0.0000	0.0000	0.0000	0.0000	0.0000	0.0000	0.0000	0.0000	0.0000	0.0000	0.0000	0.0000	0.0000	0.0000	0.0000	0.0000	0.0000	3.9006	0.0000	3.1543	0.0000	0.0000	0.0000	0.0000	0.0000	0.0000	0.0000	0.0000	0.0000	0.0000	0.0000	0.0000	0.0000	0.0000	0.0000	0.0000	0.0000	0.0000	0.0000	0.0000	0.0000	0.0000	0.0000	0.0000	0.0000	0.0000	0.0000	0.0000	0.0000	0.0000	0.0000	0.0000	0.0000	0.0000	0.0000	0.0000	0.0000	0.0000	0.0000	0.0000	0.0000	0.0000	0.0000	0.0000	0.0000	0.0000	0.0000	0.0000	0.0000	0.0000	0.0000	0.0000	0.0000	0.0000	0.0000											
124	132	0.7576	10	0	1	1	1	0	0	0	0	N	N	N	N	N	N	N	N	N	N	N	N	0.0000	0.0000	0.0000	0.0000	0.0000	0.0000	0.0000	0.0000	0.0000	0.0000	0.0000	0.0000	0.0000	0.0000	0.0000	0.0000	0.0000	0.0000	0.0000	0.0000	3.9006	0.0000	3.1543	1.9999	0.0000	0.0000	0.0000	0.0000	0.0000	0.0000	0.0000	0.0000	0.0000	0.0000	0.0000	0.0000	0.0000	0.0000	0.0000	0.0000	0.0000	0.0000	0.0000	0.0000	0.0000	0.0000	0.0000	0.0000	0.0000	0.0000	0.0000	0.0152	0.0094	0.0058	0.0084	0.0072	0.0012	0.0068	0.0022	0.0046	0.0000	0.0000	0.0000	0.0000	0.0000	0.0000	0.0000	0.0000	0.0000	0.0000	0.0000	0.0000	0.0000	0.0000	0.0000	0.0000	0.0000	0.0000											
124	133	0.7687	11	0	1	1	1	0	0	0	0	N	N	N	N	N	N	N	N	N	N	N	N	0.0000	0.0000	0.0000	0.0000	0.0000	0.0000	0.0000	0.0000	0.0000	0.0000	0.0000	0.0000	0.0000	0.0000	0.0000	0.0000	0.0000	0.0000	0.0000	0.0000	3.9006	1.0000	3.1543	0.0000	0.0000	0.0000	0.0000	0.0000	0.0000	0.0000	0.0000	0.0000	0.0000	0.0000	0.0000	0.0000	0.0000	0.0000	0.0000	0.0000	0.0000	0.0000	0.1951	0.1822	0.0129	0.1626	0.1544	0.0082	0.0325	0.0278	0.0047	0.0069	0.0042	0.0027	0.0034	0.0031	0.0004	0.0034	0.0011	0.0023	0.0000	0.0000	0.0000	0.0000	0.0000	0.0000	0.0000	0.0000	0.0000	0.0000	0.0000	0.0000	0.0000	0.0000	0.0000	0.0000	0.0000	0.0000											
124	134	0.7687	11	0	1	1	1	0	0	0	0	N	N	N	N	N	N	N	N	N	N	N	N	0.0000	0.0000	0.0000	0.0000	0.0000	0.0000	0.0000	0.0000	0.0000	0.0000	0.0000	0.0000	0.0000	0.0000	0.0000	0.0000	0.0000	0.0000	0.0000	0.0000	3.9006	0.0000	3.1543	0.0000	0.0000	0.0000	0.0000	0.0000	0.0000	0.0000	0.0000	0.0000	0.0000	0.0000	0.0000	0.0000	0.0000	0.0000	0.0000	0.0000	0.0000	0.0000	0.0000	0.0000	0.0000	0.0000	0.0000	0.0000	0.0000	0.0000	0.0000	0.0000	0.0000	0.0000	0.0000	0.0000	0.0000	0.0000	0.0000	0.0000	0.0000	0.0000	0.0000	0.0000	0.0000	0.0000	0.0000	0.0000	0.0000	0.0000	0.0000	0.0000	0.0000	0.0000	0.0000	0.0000	0.0000	0.0000											
124	135	0.7576	10	0	1	1	1	0	0	0	0	N	N	N	N	N	N	N	N	N	N	N	N	0.0000	0.0000	0.0000	0.0000	0.0000	0.0000	0.0000	0.0000	0.0000	0.0000	0.0000	0.0000	0.0000	0.0000	0.0000	0.0000	0.0000	0.0000	0.0000	0.0000	3.9006	2.0025	3.1543	0.9943	0.0000	0.0000	0.0000	0.0000	0.0000	0.0000	0.0000	0.0000	0.0000	0.0000	0.0000	0.0000	0.0000	0.0000	0.0000	0.0000	0.0000	0.0000	0.3832	0.3572	0.0259	0.3142	0.2981	0.0161	0.0690	0.0591	0.0098	0.0226	0.0140	0.0086	0.0125	0.0107	0.0017	0.0101	0.0033	0.0068	0.0000	0.0000	0.0000	0.0000	0.0000	0.0000	0.0000	0.0000	0.0000	0.0000	0.0000	0.0000	0.0000	0.0000	0.0000	0.0000	0.0000	0.0000											
124	136	0.7576	9	0	1	0	1	0	0	0	0	N	N	N	N	N	N	N	N	N	N	N	N	0.0000	0.0000	0.0000	0.0000	0.0000	0.0000	0.0000	0.0000	0.0000	0.0000	0.0000	0.0000	0.0000	0.0000	0.0000	0.0000	0.0000	0.0000	0.0000	-0.0000	3.9006	0.0050	3.1543	0.0173	0.0000	0.0000	0.0000	0.0000	0.0000	0.0000	0.0000	0.0000	0.0000	0.0000	0.0000	0.0000	0.0000	0.0000	0.0000	0.0000	0.0000	0.0000	0.0040	0.0036	0.0004	0.0038	0.0034	0.0003	0.0002	0.0002	0.0000	0.0002	0.0001	0.0001	0.0001	0.0001	0.0000	0.0001	0.0000	0.0001	0.0000	0.0000	0.0000	0.0000	0.0000	0.0000	0.0000	0.0000	0.0000	0.0000	0.0000	0.0000	0.0000	0.0000	0.0000	0.0000	0.0000	0.0000											
124	137	0.7480	8	0	1	0	1	0	0	0	0	N	N	N	N	N	N	N	N	N	N	N	N	0.0000	0.0000	0.0000	0.0000	0.0000	0.0000	0.0000	0.0000	0.0000	0.0000	0.0000	0.0000	0.0000	0.0000	0.0000	0.0000	0.0000	0.0000	0.0000	0.0000	3.9006	1.9972	3.1543	1.0076	0.0000	0.0000	0.0000	0.0000	0.0000	0.0000	0.0000	0.0000	0.0000	0.0000	0.0000	0.0000	0.0000	0.0000	0.0000	0.0000	0.0000	0.0000	0.3155	0.2931	0.0224	0.2512	0.2381	0.0132	0.0643	0.0551	0.0092	0.0197	0.0127	0.0070	0.0125	0.0108	0.0017	0.0073	0.0020	0.0053	0.0000	0.0000	0.0000	0.0000	0.0000	0.0000	0.0000	0.0000	0.0000	0.0000	0.0000	0.0000	0.0000	0.0000	0.0000	0.0000	0.0000	0.0000											
124	138	0.7307	7	1	2	0	0	0	0	0	0	N	Y	N	N	N	N	N	N	N	N	N	N	0.0000	0.0000	0.0000	0.0000	0.0000	0.0000	0.0000	0.0000	0.0000	0.0000	0.0000	0.0000	0.0000	0.0159	0.0243	0.0000	0.0119	0.0123	0.0000	0.0000	0.0000	0.0000	0.0000	0.0000	-0.0000	3.9006	0.0002	3.1543	2.3255	0.0000	0.0000	0.0000	0.0000	0.0000	0.0000	0.0000	0.0000	0.0000	0.0000	0.0000	0.0000	0.0000	0.0000	0.0000	0.0000	0.0000	0.0000	0.0000	0.0000	0.0000	0.0000	0.0000	0.0000	0.0000	0.0000	0.0000	0.0244	0.0152	0.0092	0.0123	0.0108	0.0016	0.0121	0.0045	0.0076	0.0000	0.0000	0.0000	0.0000	0.0000	0.0000	0.0000	0.0000	0.0000	0.0016	0.0026	0.0000	0.0032	0.0037	0.0000	0.0000	0.0000	0.0000						
124	139	0.7128	6	1	2	0	0	0	0	0	0	N	Y	N	N	N	N	N	N	N	N	N	N	6.7192	11.8586	0.0043	10.5692	12.2406	1.0936	1.6758	inf	0.0003	0.0024	0.0026	0.0000	0.0032	0.0034	0.0000	0.0006	0.0006	0.0000	0.0004	0.0002	0.0003	0.0003	0.0003	0.0000	0.0003	0.0000	0.0004	0.0001	12.3814	-0.0002	0.0000	3.9006	2.0138	3.1543	2.7349	0.0008	0.0008	0.0000	0.0007	0.0007	0.0000	0.0001	0.0001	0.0000	0.0000	0.0000	0.0000	0.0000	0.0000	0.0000	0.0000	0.0000	0.0000	0.3348	0.3060	0.0288	0.2271	0.2134	0.0137	0.1077	0.0926	0.0151	0.0672	0.0396	0.0276	0.0327	0.0296	0.0032	0.0345	0.0101	0.0244	15.1853	131.0670	0.0043	133.1823	129.4508	1.0936	1.9932	inf	0.0003	0.0002	0.0000	0.0003	0.0000	0.0000	0.0000	0.0003	0.0000	0.0004
124	140	0.7294	7	0	2	0	0	0	0	0	0	N	Y	N	N	N	N	N	N	N	N	N	N	25.4878	14.7481	0.0000	15.0640	16.2322	0.2244	inf	0.0000	0.0014	0.0015	0.0000	0.0017	0.0018	0.0000	0.0000	0.0000	0.0000	0.0001	0.0001	0.0000	0.0001	0.0001	0.0000	0.0000	0.0000	0.0000	0.0000	0.6452	-0.0002	-0.0000	3.9006	1.9232	3.1543	1.1116	0.0009	0.0009	0.0000	0.0009	0.0009	0.0000	0.0000	0.0000	0.0000	0.0000	0.0000	0.0000	0.0000	0.0000	0.0000	0.0000	0.0000	0.0000	0.6872	0.6467	0.0404	0.5525	0.5288	0.0236	0.1347	0.1179	0.0168	0.0232	0.0151	0.0081	0.0147	0.0127	0.0021	0.0084	0.0024	0.0060	1036.8922	1178.8253	0.0000	1328.9931	1212.0841	0.0000	0.2244	inf	0.0000	0.0000	0.0000	0.0000	0.0000	0.0000	0.0000	0.0000	0.0000	0.0000	
124	141	0.1256	3	0	2	0	0	0	0	0	0	N	Y	N	N	N	N	N	N	N	N	N	N	inf	inf	inf	inf	inf	inf	inf	inf	inf	0.8425	0.9319	0.0019	2.3789	2.4891	0.0089	0.4187	0.4706	0.0011	0.0000	0.0000	0.0000	0.0000	0.0000	0.0000	0.0000	0.0000	0.0000	0.0002	-0.2315	0.0000	3.9006	3.0000	3.1543	1.0000	0.8904	0.8902	0.0002	0.5435	0.5435	0.0001	0.3468	0.3467	0.0001	0.0000	0.0000	0.0000	0.0000	0.0000	0.0000	0.0000	0.0000	0.0000	1.0569	0.9552	0.1016	0.2285	0.2183	0.0101	0.8284	0.7369	0.0915	0.1726	0.0821	0.0905	0.0212	0.0208	0.0005	0.1514	0.0614	0.0900	inf	inf	inf	inf	inf	inf	inf	inf	inf	0.0000	0.0000	0.0000	0.0000	0.0000	0.0000	0.0000	0.0000	0.0000	
124	142	0.1063	2	0	1	0	0	0	0	0	0	N	N	N	N	N	N	N	N	N	N	N	N	inf	inf	inf	inf	0.0005	0.0006	0.0000	0.0038	0.0040	0.0000	0.0000	0.0000	0.0000	0.0000	0.0000	0.0000	0.0000	0.0000	0.0000	0.0000	0.0000	0.0000	0.0000	-0.0000	0.0000	3.9006	1.0000	3.1543	1.0000	0.0002	0.0002	0.0000	0.0002	0.0002	0.0000	0.0000	0.0000	0.0000	0.0000	0.0000	0.0000	0.0000	0.0000	0.0000	0.0000	0.0000	0.0000	0.3777	0.3392	0.0385	0.0501	0.0480	0.0021	0.3276	0.2912	0.0364	0.0982	0.0445	0.0537	0.0116	0.0114	0.0002	0.0866	0.0331	0.0535	inf	inf	0.0000	inf	inf	0.0000	0.0000	0.0000	0.0000	0.0000	0.0000	0.0000	0.0000	0.0000	0.0000	0.0000	0.0000	0.0000						
124	145	0.7480	9	1	2	0	0	0	0	0	0	N	Y	N	N	N	N	N	N	N	N	N	N	0.0000	0.0000	0.0000	0.0000	0.0000	0.0000	0.0000	0.0000	0.0000	0.0000	0.0000	0.0000	0.0000	0.0000	0.0000	0.0000	0.0000	0.0000	0.0000	0.0000	3.9006	1.0000	3.1543	1.0000	0.0000	0.0000	0.0000	0.0000	0.0000	0.0000	0.0000	0.0000	0.0000	0.0000	0.0000	0.0000	0.0000	0.0000	0.0000	0.0000	0.0000	0.0000	0.1629	0.1515	0.0115	0.1305	0.1237	0.0068	0.0325	0.0278	0.0047	0.0132	0.0085	0.0047	0.0084	0.0072	0.0012	0.0049	0.0013	0.0036	0.0000	0.0000	0.0000	0.0000	0.0000	0.0000	0.0000	0.0000	0.0000	0.0000	0.0000	0.0000	0.0000	0.0000	0.0000	0.0000	0.0000	0.0000											
124	146	0.7480	8	0	2	0	0	0	0	0	0	N	Y	N	N	N	N	N	N	N	N	N	N	0.0000	0.0000	0.0000	0.0000	0.0000	0.0000	0.0000	0.0000	0.0000	0.0000	0.0000	0.0000	0.0000	0.0000	0.0000	0.0000	0.0000	0.0000	0.0000	0.0000	3.9006	0.0003	3.1543	0.0000	0.0000	0.0000	0.0000	0.0000	0.0000	0.0000	0.0000	0.0000	0.0000	0.0000	0.0000	0.0000	0.0000	0.0000	0.0000	0.0000	0.0000	0.0000	0.0003	0.0003	0.0000	0.0003	0.0003	0.0000	0.0000	0.0000	0.0000	0.0000	0.0000	0.0000	0.0000	0.0000	0.0000	0.0000	0.0000	0.0000	0.0000	0.0000	0.0000	0.0000	0.0000	0.0000	0.0000	0.0000	0.0000	0.0000	0.0000	0.0000	0.0000	0.0000	0.0000	0.0000	0.0000	0.0000											
124	147	0.7294	7	0	1	0	0	0	0	0	0	N	N	N	N	N	N	N	N	N	N	N	N	40278.4538	21703.4158	0.0000	16577.1626	18408.5423	2607152.6287	inf	0.0000	1.8666	2.0120	0.0000	1.7920	1.8924	0.0000	2.0815	2.3861	0.0000	0.0000	0.0001	0.0000	0.0001	0.0001	0.0000	0.0000	0.0000	0.0000	0.0000	0.4348	-0.4900	-0.0000	3.9006	4.9449	3.1543	1.0063	1.8834	1.8834	0.0000	1.3423	1.3423	0.0000	0.5411	0.5411	0.0000	0.0000	0.0000	0.0000	0.0000	0.0000	0.0000	0.0000	0.0000	0.0000	1.0090	0.9361	0.0729	0.7491	0.7093	0.0397	0.2600	0.2268	0.0332	0.0434	0.0283	0.0152	0.0277	0.0237	0.0039	0.0158	0.0045	0.0112	2047607.0343	2061467.8158	0.0000	1835708.3386	1627543.1950	0.0000	2607152.6287	inf	0.0000	0.0000	0.0000	0.0000	0.0000	0.0000	0.0000	0.0000	0.0000	0.0000	
124	148	0.7128	6	0	1	0	0	0	0	0	0	N	N	N	N	N	N	N	N	N	N	N	N	377.6046	208.9951	35.9492	209.2868	238.5328	0.2609	477.9862	inf	60.5214	0.0515	0.0565	0.0002	0.0787	0.0839	0.0000	0.0022	0.0025	0.0004	0.0001	0.0003	0.0000	0.0004	0.0004	0.0000	0.0000	0.0000	0.0000	0.0004	0.1253	-0.0068	-0.0000	3.9006	3.4778	3.1543	1.2917	0.0260	0.0260	0.0000	0.0256	0.0256	0.0000	0.0004	0.0004	0.0000	0.0000	0.0000	0.0000	0.0000	0.0000	0.0000	0.0000	0.0000	0.0000	0.5050	0.4599	0.0450	0.3251	0.3052	0.0200	0.1799	0.1548	0.0251	0.0674	0.0398	0.0277	0.0328	0.0296	0.0032	0.0346	0.0101	0.0245	2284.3878	1663.6244	35.9492	1899.8211	1840.6824	0.2609	477.9862	inf	60.5214	0.0000	0.0000	0.0000	0.0000	0.0000	0.0000	0.0000	0.0000	0.0000
124	149	0.6625	5	0	1	0	0	0	0	0	0	N	N	N	N	N	N	N	N	N	N	N	N	74.2003	55.0192	8.5840	148.7518	167.6521	inf	4.8039	inf	13.7649	0.7516	0.8273	0.0005	1.1718	1.2532	0.0000	0.0004	0.0003	0.0008	0.0101	0.0150	0.0001	0.0079	0.0075	0.0000	0.0001	0.0000	0.0001	0.0001	0.0171	-0.2315	-0.0001	3.9006	7.8050	3.1543	4.0035	0.8901	0.8900	0.0000	0.8899	0.8899	0.0000	0.0001	0.0001	0.0000	0.0002	0.0002	0.0000	0.0002	0.0002	0.0000	0.0000	0.0000	0.0000	1.1842	1.0758	0.1084	0.7595	0.7101	0.0493	0.4248	0.3657	0.0591	0.1467	0.0892	0.0575	0.0720	0.0650	0.0070	0.0748	0.0242	0.0505	604.8562	411.5815	8.5840	470.4660	454.1807	inf	8.5549	inf	13.7649	0.0012	0.0020	0.0001	0.0025	0.0028	0.0000	0.0000	0.0000	0.0001
124	150	0.5679	5	0	1	0	0	0	0	0	0	N	N	N	N	N	N	N	N	N	N	N	N	0.0013	0.0009	0.0251	0.0030	0.0032	0.0660	0.0031	0.0000	0.0262	0.0004	0.0004	0.0000	0.0006	0.0006	0.0000	0.0000	0.0000	0.0000	0.3133	0.4969	0.0000	0.1932	0.1970	0.0000	0.0000	0.0013	0.0000	0.0000	0.0001	-0.0001	-0.0009	3.9006	3.7255	3.1543	14.1767	0.0003	0.0003	0.0000	0.0003	0.0003	0.0000	0.0000	0.0000	0.0000	0.0017	0.0017	0.0000	0.0017	0.0017	0.0000	0.0000	0.0000	0.0000	0.6760	0.6132	0.0629	0.4593	0.4271	0.0322	0.2167	0.1860	0.0307	0.2524	0.1566	0.0958	0.1235	0.1123	0.0112	0.1289	0.0444	0.0846	0.0603	0.0413	0.0251	0.0435	0.0425	0.0660	0.0032	0.0011	0.0262	0.0066	0.0106	0.0000	0.0134	0.0148	0.0000	0.0000	0.0000	0.0000
124	151	0.5515	4	0	1	0	0	0	0	0	0	N	N	N	N	N	N	N	N	N	N	N	N	0.0019	0.0010	0.0837	0.0017	0.0019	0.0006	0.0100	0.0124	0.4406	0.0014	0.0007	0.0084	0.0006	0.0007	0.0000	0.0030	0.0008	0.0159	0.7335	0.7296	0.0999	0.3541	0.3461	0.0036	0.3037	0.0630	0.0362	1.2238	0.9812	0.0001	-0.0001	3.9006	1.4205	3.1543	4.0377	0.0004	0.0002	0.0002	0.0001	0.0001	0.0000	0.0003	0.0001	0.0002	0.0030	0.0015	0.0015	0.0015	0.0015	0.0000	0.0015	0.0001	0.0015	0.2805	0.2545	0.0260	0.1890	0.1766	0.0124	0.0915	0.0778	0.0136	0.1407	0.0900	0.0508	0.0697	0.0653	0.0044	0.0710	0.0246	0.0464	0.0661	0.0415	0.2856	0.0294	0.0297	0.0008	0.1405	0.3024	0.5013	0.0213	0.0168	0.0293	0.0210	0.0222	0.0026	0.0217	0.0026	0.0318
125	126	0.5896	4	0	2	0	0	0	0	0	0	N	Y	N	N	N	N	N	N	N	N	N	N	0.0019	0.0013	0.0004	0.0036	0.0035	inf	0.0000	0.0000	0.0000	0.0006	0.0007	0.0000	0.0009	0.0010	0.0000	0.0000	0.0000	0.0000	0.3140	0.5194	0.0023	0.2618	0.2936	0.0000	0.0070	0.0011	0.0025	0.0001	0.2068	-0.0000	-0.0001	1.6924	0.9996	1.9110	8.0005	0.0000	0.0000	0.0000	0.0000	0.0000	0.0000	0.0000	0.0000	0.0000	0.0004	0.0003	0.0001	0.0003	0.0003	0.0000	0.0001	0.0000	0.0001	0.0764	0.0689	0.0075	0.0483	0.0449	0.0035	0.0281	0.0240	0.0041	0.0528	0.0262	0.0266	0.0174	0.0147	0.0026	0.0354	0.0115	0.0239	0.0902	0.0600	0.0004	0.0566	0.0518	inf	0.0000	0.0000	0.0000	0.0066	0.0111	0.0023	0.0167	0.0197	0.0000	0.0017	0.0000	0.0025
125	127	0.4950	4	0	1	0	0	0	0	0	0	N	N	N	N	N	N	N	N	N	N	N	N	2.8232	2.1470	0.0000	0.0002	0.0002	0.0000	16424.2808	40621.8847	0.0000	3.5827	3.9805	0.0000	0.0004	0.0004	0.0000	10.1082	11.7977	0.0000	1.2690	1.8540	0.0024	2.2939	2.4359	0.0382	0.0006	0.0003	0.0008	0.0000	0.0112	-0.2590	-0.0055	1.6924	3.6536	1.9110	12.3970	0.9956	0.9956	0.0000	0.0001	0.0001	0.0000	0.9955	0.9955	0.0000	0.0109	0.0107	0.0001	0.0108	0.0107	0.0001	0.0000	0.0000	0.0000	0.2779	0.2501	0.0278	0.1794	0.1657	0.0137	0.0985	0.0844	0.0141	0.1113	0.0609	0.0504	0.0416	0.0366	0.0050	0.0697	0.0242	0.0454	36.7205	22.5668	0.0000	0.0016	0.0015	0.0000	19188.1707	10553581.1931	0.0000	0.0976	0.1764	0.0024	0.2599	0.2931	0.0168	0.0005	0.0000	0.0008
125	128	0.2839	2	0	1	0	0	0	0	0	0	N	N	N	N	N	N	N	N	N	N	N	N	0.0541	0.0417	0.1272	0.0299	0.0314	0.1194	66.5565	28.9266	0.0725	0.1003	0.1110	0.0001	0.1242	0.1330	0.0003	0.0731	0.0842	0.0001	1.8535	2.6604	0.0011	4.1483	4.2361	0.0021	0.0011	0.0029	0.0011	0.0001	0.0013	-0.0123	-0.0443	1.6924	5.3495	1.9110	12.4099	0.0472	0.0472	0.0000	0.0311	0.0311	0.0000	0.0161	0.0161	0.0000	0.0850	0.0849	0.0001	0.0849	0.0849	0.0000	0.0001	0.0000	0.0001	0.4708	0.4251	0.0456	0.2503	0.2337	0.0166	0.2205	0.1914	0.0291	0.2057	0.1096	0.0961	0.0718	0.0644	0.0074	0.1339	0.0452	0.0887	0.2426	0.1433	0.1272	0.1050	0.1008	0.1447	99.2538	793.9559	0.0725	0.4134	0.7750	0.0011	1.1834	1.3191	0.0018	0.0007	0.0001	0.0011
125	129	0.7011	10	0	2	0	1	0	0	0	0	N	Y	N	N	N	N	N	N	N	N	N	N	0.0000	0.0000	0.0000	0.0000	0.0000	0.0000	0.0000	0.0000	0.0000	0.0000	0.0000	0.0000	0.0000	0.0000	0.0000	0.0000	0.0000	0.0000	0.0000	0.0000	1.6924	0.0000	1.9110	0.0000	0.0000	0.0000	0.0000	0.0000	0.0000	0.0000	0.0000	0.0000	0.0000	0.0000	0.0000	0.0000	0.0000	0.0000	0.0000	0.0000	0.0000	0.0000	0.0000	0.0000	0.0000	0.0000	0.0000	0.0000	0.0000	0.0000	0.0000	0.0000	0.0000	0.0000	0.0000	0.0000	0.0000	0.0000	0.0000	0.0000	0.0000	0.0000	0.0000	0.0000	0.0000	0.0000	0.0000	0.0000	0.0000	0.0000	0.0000	0.0000	0.0000	0.0000	0.0000	0.0000	0.0000	0.0000											
125	130	0.6848	9	0	2	0	1	0	0	0	0	N	Y	N	N	N	N	N	N	N	N	N	N	0.0000	0.0000	0.0000	0.0000	0.0000	0.0000	0.0000	0.0000	0.0000	0.0000	0.0000	0.0000	0.0000	2.6309	3.5344	0.0000	5.5550	5.8265	0.0000	0.0000	0.0000	0.0000	0.0000	0.0000	-0.0113	1.6924	0.0000	1.9110	3.0001	0.0000	0.0000	0.0000	0.0000	0.0000	0.0000	0.0000	0.0000	0.0000	0.0216	0.0216	0.0000	0.0216	0.0216	0.0000	0.0000	0.0000	0.0000	0.0000	0.0000	0.0000	0.0000	0.0000	0.0000	0.0000	0.0000	0.0000	0.0117	0.0072	0.0046	0.0065	0.0056	0.0009	0.0052	0.0016	0.0037	0.0000	0.0000	0.0000	0.0000	0.0000	0.0000	0.0000	0.0000	0.0000	1.8359	3.0076	0.0000	3.3111	3.8555	0.0000	0.0000	0.0000	0.0000						
125	131	0.6751	8	0	2	0	0	0	0	0	0	N	Y	N	N	N	N	N	N	N	N	N	N	0.0000	0.0000	0.0000	0.0000	0.0000	0.0000	0.0000	0.0000	0.0000	0.0000	0.0000	0.0000	0.0000	0.0000	0.0000	0.0000	0.0000	0.0000	0.0000	0.0000	1.6924	0.0000	1.9110	0.0000	0.0000	0.0000	0.0000	0.0000	0.0000	0.0000	0.0000	0.0000	0.0000	0.0000	0.0000	0.0000	0.0000	0.0000	0.0000	0.0000	0.0000	0.0000	0.0000	0.0000	0.0000	0.0000	0.0000	0.0000	0.0000	0.0000	0.0000	0.0000	0.0000	0.0000	0.0000	0.0000	0.0000	0.0000	0.0000	0.0000	0.0000	0.0000	0.0000	0.0000	0.0000	0.0000	0.0000	0.0000	0.0000	0.0000	0.0000	0.0000	0.0000	0.0000	0.0000	0.0000	0.0000	0.0000											
125	132	0.6848	9	0	1	1	1	0	0	0	0	N	N	N	N	N	N	N	N	N	N	N	N	0.0000	0.0000	0.0000	0.0000	0.0000	0.0000	0.0000	0.0000	0.0000	0.0000	0.0000	0.0000	0.0000	0.0000	0.0000	0.0000	0.0000	0.0000	0.0000	0.0000	1.6924	0.0000	1.9110	1.9999	0.0000	0.0000	0.0000	0.0000	0.0000	0.0000	0.0000	0.0000	0.0000	0.0000	0.0000	0.0000	0.0000	0.0000	0.0000	0.0000	0.0000	0.0000	0.0000	0.0000	0.0000	0.0000	0.0000	0.0000	0.0000	0.0000	0.0000	0.0079	0.0048	0.0031	0.0044	0.0038	0.0006	0.0035	0.0011	0.0025	0.0000	0.0000	0.0000	0.0000	0.0000	0.0000	0.0000	0.0000	0.0000	0.0000	0.0000	0.0000	0.0000	0.0000	0.0000	0.0000	0.0000	0.0000											
125	133	0.6958	10	0	1	1	1	0	0	0	0	N	N	N	N	N	N	N	N	N	N	N	N	0.0000	0.0000	0.0000	0.0000	0.0000	0.0000	0.0000	0.0000	0.0000	0.0000	0.0000	0.0000	0.0000	0.0000	0.0000	0.0000	0.0000	0.0000	0.0000	0.0000	1.6924	1.0000	1.9110	0.0000	0.0000	0.0000	0.0000	0.0000	0.0000	0.0000	0.0000	0.0000	0.0000	0.0000	0.0000	0.0000	0.0000	0.0000	0.0000	0.0000	0.0000	0.0000	0.0793	0.0732	0.0060	0.0650	0.0611	0.0040	0.0142	0.0122	0.0021	0.0036	0.0021	0.0014	0.0018	0.0016	0.0002	0.0018	0.0005	0.0012	0.0000	0.0000	0.0000	0.0000	0.0000	0.0000	0.0000	0.0000	0.0000	0.0000	0.0000	0.0000	0.0000	0.0000	0.0000	0.0000	0.0000	0.0000											
125	134	0.6958	10	0	1	1	1	0	0	0	0	N	N	N	N	N	N	N	N	N	N	N	N	0.0000	0.0000	0.0000	0.0000	0.0000	0.0000	0.0000	0.0000	0.0000	0.0000	0.0000	0.0000	0.0000	0.0000	0.0000	0.0000	0.0000	0.0000	0.0000	0.0000	1.6924	0.0000	1.9110	0.0000	0.0000	0.0000	0.0000	0.0000	0.0000	0.0000	0.0000	0.0000	0.0000	0.0000	0.0000	0.0000	0.0000	0.0000	0.0000	0.0000	0.0000	0.0000	0.0000	0.0000	0.0000	0.0000	0.0000	0.0000	0.0000	0.0000	0.0000	0.0000	0.0000	0.0000	0.0000	0.0000	0.0000	0.0000	0.0000	0.0000	0.0000	0.0000	0.0000	0.0000	0.0000	0.0000	0.0000	0.0000	0.0000	0.0000	0.0000	0.0000	0.0000	0.0000	0.0000	0.0000	0.0000	0.0000											
125	135	0.6848	9	0	1	1	1	0	0	0	0	N	N	N	N	N	N	N	N	N	N	N	N	0.0000	0.0000	0.0000	0.0000	0.0000	0.0000	0.0000	0.0000	0.0000	0.0000	0.0000	0.0000	0.0000	0.0001	0.0001	0.0000	0.0001	0.0001	0.0000	0.0000	0.0000	0.0000	0.0000	0.0000	-0.0000	1.6924	2.0025	1.9110	0.9943	0.0000	0.0000	0.0000	0.0000	0.0000	0.0000	0.0000	0.0000	0.0000	0.0000	0.0000	0.0000	0.0000	0.0000	0.0000	0.0000	0.0000	0.0000	0.1567	0.1445	0.0122	0.1263	0.1186	0.0078	0.0303	0.0259	0.0044	0.0117	0.0072	0.0046	0.0065	0.0056	0.0009	0.0052	0.0016	0.0037	0.0000	0.0000	0.0000	0.0000	0.0000	0.0000	0.0000	0.0000	0.0000	0.0000	0.0000	0.0000	0.0000	0.0000	0.0000	0.0000	0.0000	0.0000						
125	136	0.6848	8	0	1	0	1	0	0	0	0	N	N	N	N	N	N	N	N	N	N	N	N	0.0000	0.0000	0.0000	0.0000	0.0000	0.0000	0.0000	0.0000	0.0000	0.0000	0.0000	0.0000	0.0000	0.0000	0.0000	0.0000	0.0000	0.0017	0.0013	0.0004	0.0010	0.0009	0.0000	0.0006	0.0074	0.0005	0.6094	0.0000	-0.0000	1.6924	0.0050	1.9110	0.0173	0.0000	0.0000	0.0000	0.0000	0.0000	0.0000	0.0000	0.0000	0.0000	0.0000	0.0000	0.0000	0.0000	0.0000	0.0000	0.0000	0.0000	0.0000	0.0020	0.0018	0.0002	0.0020	0.0018	0.0002	0.0001	0.0001	0.0000	0.0001	0.0001	0.0000	0.0001	0.0000	0.0000	0.0000	0.0000	0.0000	0.0000	0.0000	0.0000	0.0000	0.0000	0.0000	0.0000	0.0000	0.0000	0.0004	0.0005	0.0004	0.0004	0.0005	0.0000	0.0005	0.0004	0.0005		
125	137	0.6751	7	0	1	0	1	0	0	0	0	N	N	N	N	N	N	N	N	N	N	N	N	0.0000	0.0000	0.0000	0.0000	0.0000	0.0000	0.0000	0.0000	0.0000	0.0000	0.0000	0.0000	0.0000	0.0000	0.0000	0.0001	0.0001	0.0000	0.0000	0.0000	0.0000	0.0000	0.0006	0.0000	3.1200	0.0000	0.0000	1.6924	1.9972	1.9110	1.0076	0.0000	0.0000	0.0000	0.0000	0.0000	0.0000	0.0000	0.0000	0.0000	0.0000	0.0000	0.0000	0.0000	0.0000	0.0000	0.0000	0.0000	0.0000	0.1194	0.1091	0.0103	0.0912	0.0850	0.0062	0.0282	0.0241	0.0041	0.0102	0.0065	0.0037	0.0065	0.0056	0.0009	0.0037	0.0009	0.0028	0.0000	0.0000	0.0000	0.0000	0.0000	0.0000	0.0000	0.0000	0.0000	0.0000	0.0000	0.0000	0.0000	0.0000	0.0000	0.0000	0.0000	0.0000				
125	138	0.6579	6	1	2	0	0	0	0	0	0	N	Y	N	N	N	N	N	N	N	N	N	N	0.0000	0.0000	0.0000	0.0000	0.0000	0.0000	0.0000	0.0000	0.0000	0.0000	0.0000	0.0000	0.0000	0.0738	0.0000	0.0186	0.0000	0.0000	0.0000	0.0532	0.0000	0.0098	inf	0.0000	0.0000	1.6924	0.0002	1.9110	2.3255	0.0000	0.0000	0.0000	0.0000	0.0000	0.0000	0.0000	0.0000	0.0000	0.0000	0.0000	0.0000	0.0000	0.0000	0.0000	0.0000	0.0000	0.0000	0.0000	0.0000	0.0000	0.0000	0.0000	0.0000	0.0000	0.0000	0.0000	0.0123	0.0074	0.0048	0.0059	0.0051	0.0007	0.0064	0.0023	0.0041	0.0000	0.0000	0.0000	0.0000	0.0000	0.0000	0.0000	0.0000	0.0000	0.0033	0.0000	0.0083	0.0000	0.0000	0.0000	0.0063	0.0000	0.0098						
125	139	0.6400	5	1	2	0	0	0	0	0	0	N	Y	N	N	N	N	N	N	N	N	N	N	0.0046	0.0019	0.1922	3.4497	1.1850	526.4714	0.0003	0.0000	0.0138	0.0037	0.0011	0.0312	0.0050	0.0014	0.0570	0.0002	0.0000	0.0009	0.8053	0.5755	0.1624	0.0014	0.0012	0.0001	0.6062	1.9188	0.0663	2.7790	2.9960	0.0003	0.0002	1.6924	2.0138	1.9110	2.7349	0.0006	0.0001	0.0004	0.0005	0.0001	0.0004	0.0000	0.0000	0.0000	0.0009	0.0002	0.0007	0.0000	0.0000	0.0000	0.0009	0.0002	0.0007	0.1482	0.1352	0.0130	0.1096	0.1026	0.0070	0.0385	0.0325	0.0060	0.0348	0.0199	0.0148	0.0161	0.0147	0.0014	0.0187	0.0053	0.0134	0.1371	0.0912	0.6528	8.1323	2.1361	526.4714	0.0034	0.0008	0.0173	0.0272	0.0119	0.0478	0.0006	0.0007	0.0001	0.0501	0.0429	0.0530
125	140	0.6565	6	0	2	0	0	0	0	0	0	N	Y	N	N	N	N	N	N	N	N	N	N	2.3073	0.2452	4755.3125	1.6833	0.3230	inf	15.8510	inf	0.0000	0.0015	0.0003	0.0214	0.0017	0.0003	0.0329	0.0001	0.0001	0.0000	0.0006	0.0011	0.0000	0.0010	0.0009	0.0000	0.0000	0.0000	0.0000	4.8170	0.0065	0.0003	-0.0000	1.6924	1.9232	1.9110	1.1116	0.0005	0.0001	0.0004	0.0005	0.0001	0.0004	0.0000	0.0000	0.0000	0.0000	0.0000	0.0000	0.0000	0.0000	0.0000	0.0000	0.0000	0.0000	0.3423	0.3230	0.0194	0.2911	0.2785	0.0126	0.0512	0.0444	0.0068	0.0111	0.0069	0.0041	0.0068	0.0058	0.0009	0.0043	0.0011	0.0032	5.6241	0.6471	4755.3125	4.0439	0.6055	inf	15.8510	inf	0.0000	0.0003	0.0004	0.0000	0.0004	0.0005	0.0000	0.0000	0.0000	0.0000
125	141	0.0527	2	0	2	0	0	0	0	0	0	N	Y	N	N	N	N	N	N	N	N	N	N	inf	inf	inf	inf	inf	inf	inf	inf	1.3772	1.5442	0.0031	0.0042	0.0044	0.0000	1.5224	1.7192	0.0033	0.0000	0.0000	0.0000	0.0000	0.0000	0.0000	0.0000	0.0000	0.0000	0.0002	-0.1699	0.0000	1.6924	3.0000	1.9110	1.0000	0.6534	0.6533	0.0002	0.0002	0.0002	0.0000	0.6533	0.6531	0.0002	0.0000	0.0000	0.0000	0.0000	0.0000	0.0000	0.0000	0.0000	0.0000	0.4745	0.4231	0.0514	0.0454	0.0432	0.0022	0.4291	0.3799	0.0492	0.1020	0.0440	0.0579	0.0000	0.0000	0.0000	0.1019	0.0440	0.0579	inf	inf	inf	inf	inf	0.0000	inf	inf	inf	0.0000	0.0000	0.0000	0.0000	0.0000	0.0000	0.0000	0.0000	0.0000		
125	145	0.6751	8	1	2	0	0	0	0	0	0	N	Y	N	N	N	N	N	N	N	N	N	N	0.0000	0.0000	0.0000	0.0000	0.0000	0.0000	0.0000	0.0000	0.0000	0.0000	0.0000	0.0000	0.0000	0.0000	0.0000	0.0000	0.0000	0.0000	0.0000	0.0000	1.6924	1.0000	1.9110	1.0000	0.0000	0.0000	0.0000	0.0000	0.0000	0.0000	0.0000	0.0000	0.0000	0.0000	0.0000	0.0000	0.0000	0.0000	0.0000	0.0000	0.0000	0.0000	0.0613	0.0560	0.0053	0.0470	0.0438	0.0032	0.0142	0.0122	0.0021	0.0068	0.0043	0.0025	0.0044	0.0038	0.0006	0.0025	0.0006	0.0019	0.0000	0.0000	0.0000	0.0000	0.0000	0.0000	0.0000	0.0000	0.0000	0.0000	0.0000	0.0000	0.0000	0.0000	0.0000	0.0000	0.0000	0.0000											
125	146	0.6751	7	0	2	0	0	0	0	0	0	N	Y	N	N	N	N	N	N	N	N	N	N	0.0000	0.0000	0.0000	0.0000	0.0000	0.0000	0.0000	0.0000	0.0000	0.0000	0.0000	0.0000	0.0000	0.0000	0.0000	0.0000	0.0000	0.0000	0.0000	0.0000	1.6924	0.0003	1.9110	0.0000	0.0000	0.0000	0.0000	0.0000	0.0000	0.0000	0.0000	0.0000	0.0000	0.0000	0.0000	0.0000	0.0000	0.0000	0.0000	0.0000	0.0000	0.0000	0.0002	0.0002	0.0000	0.0002	0.0001	0.0000	0.0000	0.0000	0.0000	0.0000	0.0000	0.0000	0.0000	0.0000	0.0000	0.0000	0.0000	0.0000	0.0000	0.0000	0.0000	0.0000	0.0000	0.0000	0.0000	0.0000	0.0000	0.0000	0.0000	0.0000	0.0000	0.0000	0.0000	0.0000	0.0000	0.0000											
125	147	0.6565	6	0	1	0	0	0	0	0	0	N	N	N	N	N	N	N	N	N	N	N	N	4198.4344	2565.9217	487.4864	2300.2781	2563.3419	inf	12.9125	0.1090	0.0000	1.3779	1.4827	0.0012	1.7094	1.8077	0.0020	0.0000	0.0000	0.0000	0.0003	0.0006	0.0000	0.0007	0.0007	0.0000	0.0000	0.0004	0.0000	0.0001	0.0068	-0.1714	-0.0000	1.6924	4.9449	1.9110	1.0063	0.6590	0.6590	0.0000	0.6590	0.6590	0.0000	0.0000	0.0000	0.0000	0.0000	0.0000	0.0000	0.0000	0.0000	0.0000	0.0000	0.0000	0.0000	0.4783	0.4444	0.0338	0.3855	0.3645	0.0210	0.0928	0.0799	0.0129	0.0208	0.0131	0.0077	0.0128	0.0110	0.0018	0.0081	0.0021	0.0060	9922.9226	6752.9177	487.4864	7614.6528	6929.1680	inf	12.9125	20.4008	0.0000	0.0001	0.0002	0.0000	0.0002	0.0003	0.0000	0.0000	0.0000	0.0000
125	148	0.6400	5	0	1	0	0	0	0	0	0	N	N	N	N	N	N	N	N	N	N	N	N	2.4818	0.1009	5095.8453	4.8877	0.5071	1693677.6888	0.8380	0.0461	2.3016	0.1143	0.0121	1.1282	0.1609	0.0165	2.2142	0.0002	0.0001	0.0006	0.0460	0.1201	0.0002	0.0329	0.0326	0.0000	0.0003	0.0031	0.0002	9.3812	0.0342	0.0163	-0.0000	1.6924	3.4778	1.9110	1.2917	0.0253	0.0024	0.0229	0.0253	0.0024	0.0229	0.0000	0.0000	0.0000	0.0001	0.0001	0.0000	0.0001	0.0001	0.0000	0.0000	0.0000	0.0000	0.2216	0.2013	0.0203	0.1573	0.1470	0.0103	0.0643	0.0543	0.0099	0.0349	0.0200	0.0149	0.0161	0.0147	0.0014	0.0187	0.0053	0.0134	40.0447	2.5197	5095.8453	27.1967	2.5457	1693677.6888	0.9972	1.1862	2.3016	0.0029	0.0048	0.0002	0.0059	0.0065	0.0000	0.0002	0.0001	0.0002
125	149	0.5896	4	0	1	0	0	0	0	0	0	N	N	N	N	N	N	N	N	N	N	N	N	8.4240	94.9831	650.3673	7308.8837	1420.0731	inf	0.0028	0.0019	0.0836	1.3182	0.2506	11.2324	2.1831	0.4023	26.2871	0.0002	0.0001	0.0007	0.1565	0.0026	0.0173	0.0003	0.0003	0.0000	0.0560	0.0314	0.0089	4.8270	11.2859	0.3711	0.0001	1.6924	7.8050	1.9110	4.0035	0.6532	0.1121	0.5411	0.6532	0.1121	0.5411	0.0000	0.0000	0.0000	0.0003	0.0000	0.0003	0.0000	0.0000	0.0000	0.0003	0.0000	0.0003	0.4955	0.4473	0.0482	0.2992	0.2786	0.0206	0.1963	0.1687	0.0276	0.0670	0.0334	0.0336	0.0222	0.0189	0.0034	0.0448	0.0146	0.0302	301.7157	351.5380	1402.4874	93762.0650	14659.0572	inf	0.0239	0.0375	0.0836	0.0044	0.0007	0.0080	0.0000	0.0000	0.0000	0.0065	0.0016	0.0089
125	150	0.4950	4	0	1	0	0	0	0	0	0	N	N	N	N	N	N	N	N	N	N	N	N	0.0012	0.0009	0.0000	0.0010	0.0010	0.0000	0.0000	0.0000	0.0000	0.0015	0.0017	0.0000	0.0023	0.0025	0.0000	0.0000	0.0000	0.0000	1.2382	1.8118	0.0024	2.2689	2.4105	0.0037	0.0072	0.0092	0.0024	0.0000	0.0123	-0.0001	-0.0055	1.6924	3.7255	1.9110	14.1767	0.0004	0.0004	0.0000	0.0004	0.0004	0.0000	0.0000	0.0000	0.0000	0.0108	0.0107	0.0001	0.0107	0.0107	0.0000	0.0001	0.0000	0.0001	0.2825	0.2543	0.0282	0.1822	0.1684	0.0139	0.1003	0.0859	0.0144	0.1188	0.0646	0.0542	0.0442	0.0388	0.0054	0.0746	0.0259	0.0487	0.0164	0.0100	0.0000	0.0096	0.0091	0.0000	0.0000	0.0000	0.0000	0.0910	0.1654	0.0024	0.2418	0.2753	0.0027	0.0017	0.0005	0.0024
125	151	0.4787	3	0	1	0	0	0	0	0	0	N	N	N	N	N	N	N	N	N	N	N	N	0.0022	0.0021	0.0007	0.0001	0.0001	0.0000	0.0062	0.0053	0.0029	0.0037	0.0040	0.0011	0.0002	0.0002	0.0000	0.0100	0.0114	0.0020	1.6656	1.9520	1.5218	2.4193	2.5408	0.1039	1.6059	2.1454	0.6813	0.0297	1.0864	-0.0001	-0.0000	1.6924	1.4205	1.9110	4.0377	0.0004	0.0004	0.0000	0.0000	0.0000	0.0000	0.0004	0.0004	0.0000	0.0194	0.0093	0.0101	0.0087	0.0086	0.0001	0.0107	0.0007	0.0100	0.1169	0.1051	0.0118	0.0746	0.0693	0.0054	0.0423	0.0359	0.0064	0.0681	0.0402	0.0279	0.0281	0.0260	0.0021	0.0399	0.0142	0.0258	0.0131	0.0174	0.0030	0.0006	0.0006	0.0000	0.0372	0.2262	0.0051	0.2847	0.2310	0.3621	0.3077	0.3293	0.0398	0.2685	0.0504	0.3884
126	127	0.2136	3	0	1	0	0	0	0	0	0	N	N	N	N	N	N	N	N	N	N	N	N	0.0000	0.0000	0.0000	0.0000	0.0000	0.0000	0.0000	0.0000	0.0000	0.0000	0.0000	0.0000	0.0000	0.0000	0.0000	0.0000	0.0000	0.0000	6.6679	7.2301	14.0681	10.0097	10.8082	0.0336	5.9462	7.2722	13.8451	0.5790	0.0000	-0.4193	0.9996	3.6536	8.0005	12.3970	0.0000	0.0000	0.0000	0.0000	0.0000	0.0000	0.0000	0.0000	0.0000	2.7013	1.7108	0.9905	0.7202	0.7201	0.0001	1.9811	0.9907	0.9904	0.1740	0.1534	0.0206	0.0280	0.0271	0.0009	0.1460	0.1263	0.0197	0.4051	0.2366	0.1685	0.0720	0.0666	0.0053	0.3332	0.1700	0.1632	0.0000	0.0000	0.0000	0.0000	0.0000	0.0000	0.0000	0.0000	0.0000	6.6679	7.2301	5.8784	10.0097	10.8082	0.0150	5.9462	5.8276	6.0697	
126	128	0.3920	3	0	1	0	0	0	0	0	0	N	N	N	N	N	N	N	N	N	N	N	N	0.0578	0.0000	0.1193	0.0025	0.0000	0.0038	0.0877	0.2078	0.1335	0.0000	1.2334	0.0097	0.0000	0.1468	0.2160	0.0000	1.5849	2.3081	2.2350	10.3359	3.8386	3.0790	38.5307	2.4632	0.0000	7.6284	inf	3.3097	0.0268	0.1374	0.9996	5.3495	8.0005	12.4099	0.0362	0.0000	0.0362	0.0011	0.0000	0.0011	0.0352	0.0000	0.0352	0.5585	0.1296	0.4289	0.2358	0.1296	0.1062	0.3227	0.0000	0.3227	0.2715	0.2421	0.0294	0.1086	0.1014	0.0072	0.1629	0.1407	0.0222	0.5396	0.3454	0.1941	0.2526	0.2156	0.0370	0.2870	0.1299	0.1571	0.1290	0.0000	0.5582	0.0104	0.0000	0.0512	0.1921	0.0000	0.7715	1.0351	0.3752	2.2094	0.9335	0.6012	2.8679	1.1245	0.0000	2.0542	
126	129	0.1977	7	0	2	0	1	0	0	0	0	N	Y	N	N	N	N	N	N	N	N	N	N	0.0000	0.0000	0.0000	0.0000	0.0000	0.0000	0.0000	0.0000	0.0000	0.0000	0.0000	0.0000	0.0000	0.0000	0.0000	0.0000	0.0000	0.0000	0.0000	0.0000	0.9996	0.0000	8.0005	0.0000	0.0000	0.0000	0.0000	0.0000	0.0000	0.0000	0.0000	0.0000	0.0000	0.0000	0.0000	0.0000	0.0000	0.0000	0.0000	0.0000	0.0000	0.0000	0.0000	0.0000	0.0000	0.0000	0.0000	0.0000	0.0000	0.0000	0.0000	0.0000	0.0000	0.0000	0.0000	0.0000	0.0000	0.0000	0.0000	0.0000	0.0000	0.0000	0.0000	0.0000	0.0000	0.0000	0.0000	0.0000	0.0000	0.0000	0.0000	0.0000	0.0000	0.0000	0.0000	0.0000	0.0000	0.0000											
126	130	0.1814	6	0	2	0	1	0	0	0	0	N	Y	N	N	N	N	N	N	N	N	N	N	0.0000	0.0000	0.0000	0.0000	0.0000	0.0000	0.0000	0.0000	0.0000	0.0000	0.0000	0.0000	0.0000	25.4375	0.0000	41.8121	0.0000	0.0000	0.0000	26.0274	0.0000	50.5568	inf	0.0000	0.4781	0.9996	0.0000	8.0005	3.0001	0.0000	0.0000	0.0000	0.0000	0.0000	0.0000	0.0000	0.0000	0.0000	1.0000	0.0000	1.0000	0.0000	0.0000	0.0000	1.0000	0.0000	1.0000	0.0000	0.0000	0.0000	0.0000	0.0000	0.0000	0.0000	0.0000	0.0000	0.0393	0.0154	0.0239	0.0009	0.0009	0.0000	0.0384	0.0145	0.0239	0.0000	0.0000	0.0000	0.0000	0.0000	0.0000	0.0000	0.0000	0.0000	25.4375	0.0000	41.8121	0.0000	0.0000	0.0000	26.0274	0.0000	41.8702						
126	131	0.1718	5	0	2	0	0	0	0	0	0	N	Y	N	N	N	N	N	N	N	N	N	N	0.0000	0.0000	0.0000	0.0000	0.0000	0.0000	0.0000	0.0000	0.0000	0.0000	0.0000	0.0000	0.0000	0.0000	0.0000	0.0000	0.0000	0.0000	0.0000	0.0000	0.9996	0.0000	8.0005	0.0000	0.0000	0.0000	0.0000	0.0000	0.0000	0.0000	0.0000	0.0000	0.0000	0.0000	0.0000	0.0000	0.0000	0.0000	0.0000	0.0000	0.0000	0.0000	0.0000	0.0000	0.0000	0.0000	0.0000	0.0000	0.0000	0.0000	0.0000	0.0000	0.0000	0.0000	0.0000	0.0000	0.0000	0.0000	0.0000	0.0000	0.0000	0.0000	0.0000	0.0000	0.0000	0.0000	0.0000	0.0000	0.0000	0.0000	0.0000	0.0000	0.0000	0.0000	0.0000	0.0000	0.0000	0.0000											
126	132	0.1814	6	0	1	1	1	0	0	0	0	N	N	N	N	N	N	N	N	N	N	N	N	0.0000	0.0000	0.0000	0.0000	0.0000	0.0000	0.0000	0.0000	0.0000	0.0000	0.0000	0.0000	0.0000	0.0000	0.0000	0.0000	0.0000	0.0000	0.0000	0.0000	0.9996	0.0000	8.0005	1.9999	0.0000	0.0000	0.0000	0.0000	0.0000	0.0000	0.0000	0.0000	0.0000	0.0000	0.0000	0.0000	0.0000	0.0000	0.0000	0.0000	0.0000	0.0000	0.0000	0.0000	0.0000	0.0000	0.0000	0.0000	0.0000	0.0000	0.0000	0.0265	0.0103	0.0161	0.0006	0.0006	0.0000	0.0259	0.0098	0.0161	0.0000	0.0000	0.0000	0.0000	0.0000	0.0000	0.0000	0.0000	0.0000	0.0000	0.0000	0.0000	0.0000	0.0000	0.0000	0.0000	0.0000	0.0000											
126	133	0.1925	7	0	1	1	1	0	0	0	0	N	N	N	N	N	N	N	N	N	N	N	N	0.0000	0.0000	0.0000	0.0000	0.0000	0.0000	0.0000	0.0000	0.0000	0.0000	0.0000	0.0000	0.0000	0.0000	0.0000	0.0000	0.0000	0.0000	0.0000	0.0000	0.9996	1.0000	8.0005	0.0000	0.0000	0.0000	0.0000	0.0000	0.0000	0.0000	0.0000	0.0000	0.0000	0.0000	0.0000	0.0000	0.0000	0.0000	0.0000	0.0000	0.0000	0.0000	0.0348	0.0311	0.0037	0.0199	0.0183	0.0016	0.0150	0.0128	0.0021	0.0127	0.0049	0.0078	0.0003	0.0003	0.0000	0.0124	0.0046	0.0078	0.0000	0.0000	0.0000	0.0000	0.0000	0.0000	0.0000	0.0000	0.0000	0.0000	0.0000	0.0000	0.0000	0.0000	0.0000	0.0000	0.0000	0.0000											
126	134	0.1925	7	0	1	1	1	0	0	0	0	N	N	N	N	N	N	N	N	N	N	N	N	0.0000	0.0000	0.0000	0.0000	0.0000	0.0000	0.0000	0.0000	0.0000	0.0000	0.0000	0.0000	0.0000	0.0000	0.0000	0.0000	0.0000	0.0000	0.0000	0.0000	0.9996	0.0000	8.0005	0.0000	0.0000	0.0000	0.0000	0.0000	0.0000	0.0000	0.0000	0.0000	0.0000	0.0000	0.0000	0.0000	0.0000	0.0000	0.0000	0.0000	0.0000	0.0000	0.0000	0.0000	0.0000	0.0000	0.0000	0.0000	0.0000	0.0000	0.0000	0.0000	0.0000	0.0000	0.0000	0.0000	0.0000	0.0000	0.0000	0.0000	0.0000	0.0000	0.0000	0.0000	0.0000	0.0000	0.0000	0.0000	0.0000	0.0000	0.0000	0.0000	0.0000	0.0000	0.0000	0.0000	0.0000	0.0000											
126	135	0.1814	6	0	1	1	1	0	0	0	0	N	N	N	N	N	N	N	N	N	N	N	N	0.0000	0.0000	0.0000	0.0000	0.0000	0.0000	0.0000	0.0000	0.0000	0.0000	0.0000	0.0000	0.0000	0.0000	0.0000	0.0000	0.0000	0.0000	0.0000	0.0000	0.9996	2.0025	8.0005	0.9943	0.0000	0.0000	0.0000	0.0000	0.0000	0.0000	0.0000	0.0000	0.0000	0.0000	0.0000	0.0000	0.0000	0.0000	0.0000	0.0000	0.0000	0.0000	0.0687	0.0613	0.0074	0.0381	0.0350	0.0031	0.0306	0.0263	0.0043	0.0393	0.0154	0.0239	0.0009	0.0009	0.0000	0.0384	0.0145	0.0239	0.0000	0.0000	0.0000	0.0000	0.0000	0.0000	0.0000	0.0000	0.0000	0.0000	0.0000	0.0000	0.0000	0.0000	0.0000	0.0000	0.0000	0.0000											
126	136	0.1814	5	0	1	0	1	0	0	0	0	N	N	N	N	N	N	N	N	N	N	N	N	0.0000	0.0000	0.0000	0.0000	0.0000	0.0000	0.0000	0.0000	0.0000	0.0000	0.0000	0.0000	0.0000	0.0000	0.0000	0.0000	0.0000	0.0000	0.0000	0.0000	0.9996	0.0050	8.0005	0.0173	0.0000	0.0000	0.0000	0.0000	0.0000	0.0000	0.0000	0.0000	0.0000	0.0000	0.0000	0.0000	0.0000	0.0000	0.0000	0.0000	0.0000	0.0000	0.0004	0.0003	0.0000	0.0003	0.0003	0.0000	0.0001	0.0001	0.0000	0.0003	0.0001	0.0002	0.0000	0.0000	0.0000	0.0003	0.0001	0.0002	0.0000	0.0000	0.0000	0.0000	0.0000	0.0000	0.0000	0.0000	0.0000	0.0000	0.0000	0.0000	0.0000	0.0000	0.0000	0.0000	0.0000	0.0000											
126	137	0.1718	4	0	1	0	1	0	0	0	0	N	N	N	N	N	N	N	N	N	N	N	N	0.0000	0.0000	0.0000	0.0000	0.0000	0.0000	0.0000	0.0000	0.0000	0.0000	0.0000	0.0000	0.0000	0.0000	0.0000	0.0000	0.0000	0.0000	0.0000	0.0000	0.9996	1.9972	8.0005	1.0076	0.0000	0.0000	0.0000	0.0000	0.0000	0.0000	0.0000	0.0000	0.0000	0.0000	0.0000	0.0000	0.0000	0.0000	0.0000	0.0000	0.0000	0.0000	0.0643	0.0573	0.0069	0.0344	0.0317	0.0027	0.0299	0.0257	0.0042	0.0373	0.0144	0.0228	0.0009	0.0008	0.0000	0.0364	0.0136	0.0228	0.0000	0.0000	0.0000	0.0000	0.0000	0.0000	0.0000	0.0000	0.0000	0.0000	0.0000	0.0000	0.0000	0.0000	0.0000	0.0000	0.0000	0.0000											
126	138	0.1545	3	1	2	0	0	0	0	0	0	N	Y	N	N	N	N	N	N	N	N	N	N	0.0000	0.0000	0.0000	0.0000	0.0000	0.0000	0.0000	0.0000	0.0000	0.0000	0.0000	0.0000	0.0000	21.3670	40.6658	0.0000	129.7675	135.0219	0.0000	0.0000	0.0000	0.0000	0.0000	0.0000	-0.5214	0.9996	0.0002	8.0005	2.3255	0.0000	0.0000	0.0000	0.0000	0.0000	0.0000	0.0000	0.0000	0.0000	0.9990	0.9990	0.0000	0.9990	0.9990	0.0000	0.0000	0.0000	0.0000	0.0000	0.0000	0.0000	0.0000	0.0000	0.0000	0.0000	0.0000	0.0000	0.0468	0.0246	0.0222	0.0077	0.0074	0.0003	0.0391	0.0172	0.0219	0.0000	0.0000	0.0000	0.0000	0.0000	0.0000	0.0000	0.0000	0.0000	21.3670	40.6658	0.0000	129.7675	135.0219	0.0000	0.0000	0.0000	0.0000						
126	139	0.1367	2	1	2	0	0	0	0	0	0	N	Y	N	N	N	N	N	N	N	N	N	N	0.0074	0.0000	0.0201	0.0001	0.0000	0.0001	0.0105	0.0285	0.0187	0.0000	0.2312	0.0003	0.0000	0.0056	0.0306	0.0000	0.2978	2.5374	0.7040	11.4813	2.9495	0.6234	84.8147	2.9215	0.0000	10.4489	34649.6800	187.8484	0.0013	0.0825	0.9996	2.0138	8.0005	2.7349	0.0018	0.0000	0.0018	0.0000	0.0000	0.0000	0.0018	0.0000	0.0018	0.1745	0.0009	0.1736	0.0121	0.0009	0.0111	0.1624	0.0000	0.1624	0.0974	0.0895	0.0079	0.0382	0.0364	0.0018	0.0592	0.0531	0.0061	0.1133	0.0581	0.0552	0.0219	0.0209	0.0010	0.0914	0.0372	0.0542	0.0121	0.0000	0.0735	0.0005	0.0000	0.0005	0.0172	0.0000	0.0994	1.5399	0.0159	3.1437	0.5508	0.0442	11.4469	1.7766	0.0000	2.9949	
126	140	0.1532	3	0	2	0	0	0	0	0	0	N	Y	N	N	N	N	N	N	N	N	N	N	0.0010	0.0004	0.1372	0.0001	0.0002	0.0085	0.2921	0.0001	0.0000	0.0013	0.0000	0.0000	0.0000	0.0002	0.0000	0.0018	0.1125	0.0015	0.0093	0.0079	0.0068	0.0000	0.0253	0.0000	0.0062	206.9379	15.9765	0.0000	0.0001	0.9996	1.9232	8.0005	1.1116	0.0000	0.0000	0.0000	0.0000	0.0000	0.0000	0.0000	0.0000	0.0000	0.0002	0.0000	0.0002	0.0000	0.0000	0.0000	0.0002	0.0000	0.0002	0.0913	0.0834	0.0078	0.0449	0.0426	0.0023	0.0463	0.0408	0.0055	0.0469	0.0209	0.0261	0.0040	0.0038	0.0002	0.0429	0.0171	0.0259	0.0304	0.0012	0.2082	0.0004	0.0004	0.0000	0.0579	0.0000	0.2921	0.0036	0.0005	0.0061	0.0025	0.0026	0.0000	0.0037	0.0000	0.0062		
126	141	0.6616	5	0	2	0	0	0	0	0	0	N	Y	N	N	N	N	N	N	N	N	N	N	inf	inf	inf	inf	0.0004	0.0005	0.0000	0.0006	0.0007	0.0000	0.0000	0.0000	0.0000	0.0000	0.0000	0.0000	0.0000	0.0000	0.0000	0.0000	0.0000	0.0000	0.0000	-0.0000	0.0000	0.9996	3.0000	8.0005	1.0000	0.0001	0.0001	0.0000	0.0001	0.0001	0.0000	0.0000	0.0000	0.0000	0.0000	0.0000	0.0000	0.0000	0.0000	0.0000	0.0000	0.0000	0.0000	0.1620	0.1472	0.0148	0.1141	0.1061	0.0080	0.0479	0.0410	0.0069	0.0581	0.0290	0.0292	0.0192	0.0163	0.0029	0.0389	0.0127	0.0263	inf	inf	0.0000	inf	inf	0.0000	0.0000	0.0000	0.0000	0.0000	0.0000	0.0000	0.0000	0.0000	0.0000	0.0000	0.0000	0.0000						
126	142	0.6424	4	0	1	0	0	0	0	0	0	N	N	N	N	N	N	N	N	N	N	N	N	0.0000	0.0000	0.0000	0.0000	0.0000	0.0000	0.0000	0.0000	0.0000	0.0000	0.0000	0.0000	0.0000	0.0000	0.0000	0.0000	0.0000	0.0000	0.0000	0.0000	0.9996	1.0000	8.0005	1.0000	0.0000	0.0000	0.0000	0.0000	0.0000	0.0000	0.0000	0.0000	0.0000	0.0000	0.0000	0.0000	0.0000	0.0000	0.0000	0.0000	0.0000	0.0000	0.0469	0.0422	0.0046	0.0299	0.0277	0.0022	0.0170	0.0145	0.0025	0.0304	0.0150	0.0153	0.0099	0.0084	0.0015	0.0205	0.0067	0.0138	0.0000	0.0000	0.0000	0.0000	0.0000	0.0000	0.0000	0.0000	0.0000	0.0000	0.0000	0.0000	0.0000	0.0000	0.0000	0.0000	0.0000	0.0000											
126	143	0.3920	3	0	1	0	0	0	0	0	0	N	N	N	N	N	N	N	N	N	N	N	N	0.0303	0.0003	0.0567	0.0047	0.0010	0.0091	0.0255	inf	0.0549	0.1166	0.0002	1.0737	0.0097	0.0006	0.1369	0.1796	0.0000	1.3491	3.8431	0.9506	18.9376	2.0411	0.6241	15.0235	7.0374	0.0000	24.5661	530.6467	216.1998	0.0268	0.9858	0.9996	7.1211	8.0005	10.9474	0.0363	0.0001	0.0362	0.0011	0.0001	0.0010	0.0352	0.0000	0.0352	2.0820	0.0096	2.0724	0.0494	0.0096	0.0399	2.0325	0.0000	2.0325	0.3114	0.2777	0.0337	0.1155	0.1079	0.0077	0.1959	0.1698	0.0261	0.5417	0.3464	0.1953	0.2529	0.2158	0.0371	0.2888	0.1306	0.1582	0.0303	0.0089	0.1012	0.0495	0.0142	0.1275	0.0255	inf	0.1050	3.8431	0.0277	10.6093	0.1955	0.0444	1.0738	7.0374	0.0000	12.8466
126	144	0.1973	2	0	1	0	0	0	0	0	0	N	N	N	N	N	N	N	N	N	N	N	N	0.7871	0.0015	1.5971	0.0000	0.0000	0.0000	0.8063	0.0013	1.5654	3.1188	0.0039	26.6616	0.0001	0.0002	0.0000	3.4989	0.0044	27.8357	3.9625	2.6396	16.6942	4.9058	4.8090	16.1423	4.3395	3.2638	17.7822	913.5235	9.1757	0.7124	0.9007	0.9996	8.5175	8.0005	23.1696	0.9643	0.0011	0.9633	0.0000	0.0000	0.0000	0.9643	0.0010	0.9633	2.3715	0.2331	2.1384	0.1849	0.1746	0.0102	2.1866	0.0584	2.1282	0.3092	0.2731	0.0361	0.0336	0.0321	0.0015	0.2756	0.2410	0.0346	0.5985	0.3247	0.2738	0.0946	0.0854	0.0092	0.5039	0.2393	0.2646	0.7871	0.0054	3.4133	0.0001	0.0001	0.0000	0.8063	0.0178	3.4603	3.9625	0.7177	7.8112	1.9542	2.0449	1.1124	4.3395	0.2442	8.0443
126	145	0.1718	5	1	2	0	0	0	0	0	0	N	Y	N	N	N	N	N	N	N	N	N	N	0.0000	0.0000	0.0000	0.0000	0.0000	0.0000	0.0000	0.0000	0.0000	0.0000	0.0000	0.0000	0.0000	0.0000	0.0000	0.0000	0.0000	0.0000	0.0000	0.0000	0.9996	1.0000	8.0005	1.0000	0.0000	0.0000	0.0000	0.0000	0.0000	0.0000	0.0000	0.0000	0.0000	0.0000	0.0000	0.0000	0.0000	0.0000	0.0000	0.0000	0.0000	0.0000	0.0330	0.0294	0.0036	0.0178	0.0164	0.0014	0.0152	0.0130	0.0021	0.0251	0.0097	0.0154	0.0006	0.0006	0.0000	0.0245	0.0091	0.0154	0.0000	0.0000	0.0000	0.0000	0.0000	0.0000	0.0000	0.0000	0.0000	0.0000	0.0000	0.0000	0.0000	0.0000	0.0000	0.0000	0.0000	0.0000											
126	146	0.1718	4	0	2	0	0	0	0	0	0	N	Y	N	N	N	N	N	N	N	N	N	N	0.0000	0.0000	0.0000	0.0000	0.0000	0.0000	0.0000	0.0000	0.0000	0.0000	0.0000	0.0000	0.0000	0.0000	0.0000	0.0000	0.0000	0.0000	0.0000	0.0000	0.9996	0.0003	8.0005	0.0000	0.0000	0.0000	0.0000	0.0000	0.0000	0.0000	0.0000	0.0000	0.0000	0.0000	0.0000	0.0000	0.0000	0.0000	0.0000	0.0000	0.0000	0.0000	0.0000	0.0000	0.0000	0.0000	0.0000	0.0000	0.0000	0.0000	0.0000	0.0000	0.0000	0.0000	0.0000	0.0000	0.0000	0.0000	0.0000	0.0000	0.0000	0.0000	0.0000	0.0000	0.0000	0.0000	0.0000	0.0000	0.0000	0.0000	0.0000	0.0000	0.0000	0.0000	0.0000	0.0000	0.0000	0.0000											
126	147	0.1532	3	0	1	0	0	0	0	0	0	N	N	N	N	N	N	N	N	N	N	N	N	0.0213	0.7029	0.1796	0.0000	0.0000	0.0908	inf	0.2546	0.0005	0.0005	0.0006	0.0000	0.0000	0.0000	0.0009	0.0009	0.0009	0.0225	0.0007	0.0033	0.0057	0.0049	0.0000	0.0098	0.0000	0.0033	0.1429	15.9765	-0.0000	0.0001	0.9996	4.9449	8.0005	1.0063	0.0001	0.0001	0.0000	0.0000	0.0000	0.0000	0.0001	0.0001	0.0000	0.0002	0.0000	0.0002	0.0000	0.0000	0.0000	0.0002	0.0000	0.0002	0.1669	0.1502	0.0167	0.0768	0.0718	0.0050	0.0902	0.0784	0.0117	0.0841	0.0360	0.0481	0.0048	0.0045	0.0003	0.0793	0.0315	0.0478	0.2370	1.6765	0.1796	0.0000	0.0000	0.0000	0.4396	inf	0.2546	0.0020	0.0003	0.0033	0.0021	0.0022	0.0000	0.0020	0.0000	0.0033	
126	148	0.1367	2	0	1	0	0	0	0	0	0	N	N	N	N	N	N	N	N	N	N	N	N	0.0057	0.0000	0.0210	0.0001	0.0000	0.0001	0.0098	0.0000	0.0685	0.0136	0.0001	0.1445	0.0004	0.0002	0.0035	0.0211	0.0000	0.1852	2.3995	2.9221	6.8803	5.6471	5.6707	40.5471	2.1589	1.9227	2.7038	180.5829	0.8368	0.0013	-0.0089	0.9996	3.4778	8.0005	1.2917	0.0018	0.0000	0.0018	0.0000	0.0000	0.0000	0.0018	0.0000	0.0018	0.1349	0.0734	0.0614	0.0754	0.0718	0.0036	0.0595	0.0016	0.0579	0.1342	0.1216	0.0126	0.0484	0.0456	0.0028	0.0858	0.0760	0.0098	0.1136	0.0582	0.0554	0.0219	0.0209	0.0010	0.0917	0.0373	0.0544	0.0115	0.0001	0.1303	0.0001	0.0001	0.0010	0.0325	0.0000	0.1742	1.1868	1.2606	1.1092	3.4437	3.4325	3.6825	0.6482	0.0433	1.0632
126	150	0.2136	3	0	1	0	0	0	0	0	0	N	N	N	N	N	N	N	N	N	N	N	N	0.0000	0.0000	0.0000	0.0000	0.0000	0.0000	0.0000	0.0000	0.0000	0.0000	0.0000	0.0000	0.0000	0.0000	0.0000	0.0000	0.0000	2.0815	1.4947	8.9295	2.7090	2.4212	30.2570	2.2716	0.0000	5.4704	14.9516	0.0000	0.1301	0.9996	3.7255	8.0005	14.1767	0.0000	0.0000	0.0000	0.0000	0.0000	0.0000	0.0000	0.0000	0.0000	0.3131	0.0196	0.2935	0.0317	0.0196	0.0121	0.2814	0.0000	0.2814	0.1764	0.1555	0.0209	0.0282	0.0273	0.0009	0.1482	0.1282	0.0200	0.4295	0.2497	0.1798	0.0744	0.0686	0.0058	0.3552	0.1811	0.1741	0.0000	0.0000	0.0000	0.0000	0.0000	0.0000	0.0000	0.0000	0.0000	0.7290	0.0786	1.6321	0.4262	0.2861	2.0932	0.7924	0.0000	1.6168		
126	151	0.1973	2	0	1	0	0	0	0	0	0	N	N	N	N	N	N	N	N	N	N	N	N	0.0000	0.0000	0.0000	0.0000	0.0000	0.0000	0.0000	0.0000	0.0000	0.0000	0.0000	0.0000	0.0000	0.0000	0.0000	0.0000	0.0000	0.0000	2.6089	3.0305	10.0778	5.4700	5.5463	33.4933	2.4862	2.9112	7.6371	inf	0.9008	0.0000	-0.0213	0.9996	1.4205	8.0005	4.0377	0.0000	0.0000	0.0000	0.0000	0.0000	0.0000	0.0000	0.0000	0.0000	0.4434	0.2333	0.2101	0.2285	0.2212	0.0072	0.2150	0.0121	0.2029	0.0891	0.0784	0.0107	0.0188	0.0185	0.0003	0.0703	0.0599	0.0104	0.2541	0.1530	0.1011	0.0691	0.0664	0.0027	0.1849	0.0866	0.0984	0.0000	0.0000	0.0000	0.0000	0.0000	0.0000	0.0000	0.0000	0.0000	1.7454	1.5249	2.0793	3.3045	3.3307	2.6621	1.1626	0.1393	2.0632
127	128	0.3070	3	0	0	0	0	0	0	0	0	N	N	N	N	N	N	N	N	N	N	N	N	0.1148	0.1014	0.0001	0.0326	0.0352	0.0015	0.1462	0.0946	0.0000	0.2607	0.3020	0.0001	0.0867	0.0988	0.0003	0.4058	0.4765	0.0000	2.2720	2.9791	1.3090	2.6629	2.8077	0.1645	2.7753	5.0360	0.5776	0.0001	0.1341	-0.0820	-0.5286	3.6536	5.3495	12.3970	12.4099	0.3152	0.3152	0.0000	0.0476	0.0476	0.0000	0.2676	0.2676	0.0000	1.3095	1.1547	0.1548	0.2472	0.2423	0.0049	1.0623	0.9124	0.1499	1.2090	1.0438	0.1652	0.5496	0.4822	0.0674	0.6594	0.5616	0.0978	1.3498	0.8242	0.5256	0.6241	0.5363	0.0878	0.7257	0.2879	0.4378	0.2688	0.2156	0.0004	0.2188	0.2186	0.0045	0.2772	0.1504	0.0001	0.9702	1.4010	0.2946	0.3961	0.4518	0.0560	1.4639	3.1691	0.3424
127	129	0.3347	9	0	1	0	1	0	0	0	0	N	N	N	N	N	N	N	N	N	N	N	N	0.0000	0.0000	0.0000	0.0000	0.0000	0.0000	0.0000	0.0000	0.0000	0.0000	0.0000	0.0000	0.0000	0.0000	0.0000	0.0000	0.0000	0.0000	0.0000	0.0000	3.6536	0.0000	12.3970	0.0000	0.0000	0.0000	0.0000	0.0000	0.0000	0.0000	0.0000	0.0000	0.0000	0.0000	0.0000	0.0000	0.0000	0.0000	0.0000	0.0000	0.0000	0.0000	0.0000	0.0000	0.0000	0.0000	0.0000	0.0000	0.0000	0.0000	0.0000	0.0000	0.0000	0.0000	0.0000	0.0000	0.0000	0.0000	0.0000	0.0000	0.0000	0.0000	0.0000	0.0000	0.0000	0.0000	0.0000	0.0000	0.0000	0.0000	0.0000	0.0000	0.0000	0.0000	0.0000	0.0000	0.0000	0.0000											
127	130	0.3184	8	0	1	0	1	0	0	0	0	N	N	N	N	N	N	N	N	N	N	N	N	0.0000	0.0000	0.0000	0.0000	0.0000	0.0000	0.0000	0.0000	0.0000	0.0000	0.0000	0.0000	0.0000	2.5924	3.5854	0.0000	6.7962	6.9688	0.0000	0.0000	0.0000	0.0000	0.0000	0.0000	-0.0624	3.6536	0.0000	12.3970	3.0001	0.0000	0.0000	0.0000	0.0000	0.0000	0.0000	0.0000	0.0000	0.0000	0.1195	0.1195	0.0000	0.1195	0.1195	0.0000	0.0000	0.0000	0.0000	0.0000	0.0000	0.0000	0.0000	0.0000	0.0000	0.0000	0.0000	0.0000	0.0708	0.0371	0.0337	0.0187	0.0173	0.0014	0.0521	0.0199	0.0323	0.0000	0.0000	0.0000	0.0000	0.0000	0.0000	0.0000	0.0000	0.0000	1.6879	3.2182	0.0000	6.4036	6.9202	0.0000	0.0000	0.0000	0.0000						
127	131	0.3087	7	0	1	0	0	0	0	0	0	N	N	N	N	N	N	N	N	N	N	N	N	0.0000	0.0000	0.0000	0.0000	0.0000	0.0000	0.0000	0.0000	0.0000	0.0000	0.0000	0.0000	0.0000	0.0000	0.0000	0.0000	0.0000	0.0000	0.0000	0.0000	3.6536	0.0000	12.3970	0.0000	0.0000	0.0000	0.0000	0.0000	0.0000	0.0000	0.0000	0.0000	0.0000	0.0000	0.0000	0.0000	0.0000	0.0000	0.0000	0.0000	0.0000	0.0000	0.0000	0.0000	0.0000	0.0000	0.0000	0.0000	0.0000	0.0000	0.0000	0.0000	0.0000	0.0000	0.0000	0.0000	0.0000	0.0000	0.0000	0.0000	0.0000	0.0000	0.0000	0.0000	0.0000	0.0000	0.0000	0.0000	0.0000	0.0000	0.0000	0.0000	0.0000	0.0000	0.0000	0.0000	0.0000	0.0000											
127	132	0.3184	8	0	0	1	1	0	0	0	0	N	N	N	N	N	N	N	N	N	N	N	N	0.0000	0.0000	0.0000	0.0000	0.0000	0.0000	0.0000	0.0000	0.0000	0.0000	0.0000	0.0000	0.0000	0.0015	0.0031	0.0000	0.0041	0.0038	0.0000	0.0000	0.0000	0.0000	0.0000	0.0000	-0.0000	3.6536	0.0000	12.3970	1.9999	0.0000	0.0000	0.0000	0.0000	0.0000	0.0000	0.0000	0.0000	0.0000	0.0000	0.0000	0.0000	0.0000	0.0000	0.0000	0.0000	0.0000	0.0000	0.0000	0.0000	0.0000	0.0000	0.0000	0.0000	0.0000	0.0000	0.0000	0.0476	0.0249	0.0226	0.0125	0.0116	0.0009	0.0350	0.0133	0.0217	0.0000	0.0000	0.0000	0.0000	0.0000	0.0000	0.0000	0.0000	0.0000	0.0004	0.0008	0.0000	0.0016	0.0017	0.0000	0.0000	0.0000	0.0000						
127	133	0.3294	9	0	0	1	1	0	0	0	0	N	N	N	N	N	N	N	N	N	N	N	N	inf	inf	inf	inf	inf	inf	1.1970	0.0000	11.4728	0.0130	0.0000	0.1964	3.2509	0.0000	19.0381	0.0000	0.0000	0.0000	0.0000	0.0000	0.0000	0.0000	0.0000	0.0000	inf	0.1302	0.0000	3.6536	1.0000	12.3970	0.0000	0.1760	0.0000	0.1760	0.0012	0.0000	0.0012	0.1748	0.0000	0.1748	0.0000	0.0000	0.0000	0.0000	0.0000	0.0000	0.0000	0.0000	0.0000	0.1471	0.1317	0.0153	0.0933	0.0871	0.0062	0.0538	0.0446	0.0092	0.0212	0.0107	0.0105	0.0054	0.0050	0.0004	0.0158	0.0057	0.0101	inf	0.0000	inf	inf	0.0000	inf	inf	0.0000	inf	0.0000	0.0000	0.0000	0.0000	0.0000	0.0000	0.0000	0.0000	0.0000				
127	134	0.3294	9	0	0	1	1	0	0	0	0	N	N	N	N	N	N	N	N	N	N	N	N	0.0000	0.0000	0.0000	0.0000	0.0000	0.0000	0.0000	0.0000	0.0000	0.0000	0.0000	0.0000	0.0000	0.0000	0.0000	0.0000	0.0000	0.0000	0.0000	0.0000	3.6536	0.0000	12.3970	0.0000	0.0000	0.0000	0.0000	0.0000	0.0000	0.0000	0.0000	0.0000	0.0000	0.0000	0.0000	0.0000	0.0000	0.0000	0.0000	0.0000	0.0000	0.0000	0.0000	0.0000	0.0000	0.0000	0.0000	0.0000	0.0000	0.0000	0.0000	0.0000	0.0000	0.0000	0.0000	0.0000	0.0000	0.0000	0.0000	0.0000	0.0000	0.0000	0.0000	0.0000	0.0000	0.0000	0.0000	0.0000	0.0000	0.0000	0.0000	0.0000	0.0000	0.0000	0.0000	0.0000	0.0000	0.0000											
127	135	0.3184	8	0	0	1	1	0	0	0	0	N	N	N	N	N	N	N	N	N	N	N	N	68468.8067	inf	14367952.8419	130.7439	inf	601.8518	7196491.2856	26629113.5628	3.4473	0.0080	33.0660	0.0118	0.0123	0.0051	9.0639	0.0000	54.1823	0.0001	0.0000	0.0000	0.0001	0.0000	0.0000	0.0000	0.0000	0.0000	481.8068	inf	0.7373	0.0000	3.6536	2.0025	12.3970	0.9943	0.9994	0.0021	0.9973	0.0021	0.0021	0.0001	0.9973	0.0000	0.9973	0.0000	0.0000	0.0000	0.0000	0.0000	0.0000	0.0000	0.0000	0.0000	0.2899	0.2597	0.0302	0.1799	0.1681	0.0118	0.1100	0.0916	0.0184	0.0707	0.0371	0.0336	0.0186	0.0173	0.0014	0.0521	0.0198	0.0322	3146062.4185	inf	14367952.8419	18550.5788	inf	601.8518	7196491.2856	0.0000	26629113.5628	0.0000	0.0000	0.0000	0.0000	0.0000	0.0000	0.0000	0.0000	0.0000	
127	136	0.3184	7	0	0	0	1	0	0	0	0	N	N	N	N	N	N	N	N	N	N	N	N	0.0000	0.0000	0.0000	0.0000	0.0000	0.0000	0.0000	0.0000	0.0000	0.0000	0.0000	0.0000	0.0000	0.0000	0.0000	0.0000	0.0000	0.0007	0.0006	0.0003	0.0015	0.0010	0.0014	0.0002	0.0000	0.0003	0.9885	0.0000	-0.0000	3.6536	0.0050	12.3970	0.0173	0.0000	0.0000	0.0000	0.0000	0.0000	0.0000	0.0000	0.0000	0.0000	0.0000	0.0000	0.0000	0.0000	0.0000	0.0000	0.0000	0.0000	0.0000	0.0014	0.0013	0.0001	0.0011	0.0011	0.0001	0.0003	0.0002	0.0000	0.0005	0.0003	0.0003	0.0001	0.0001	0.0000	0.0004	0.0002	0.0002	0.0000	0.0000	0.0000	0.0000	0.0000	0.0000	0.0000	0.0000	0.0000	0.0003	0.0003	0.0003	0.0006	0.0006	0.0011	0.0002	0.0000	0.0003		
127	137	0.3087	6	0	0	0	1	0	0	0	0	N	N	N	N	N	N	N	N	N	N	N	N	0.0000	0.0000	0.0000	0.0000	0.0000	0.0000	0.0000	0.0000	0.0000	0.0000	0.0000	0.0000	0.0000	0.0003	0.0007	0.0000	0.0012	0.0011	0.0000	0.0000	0.0000	0.0000	0.0000	0.0000	-0.0000	3.6536	1.9972	12.3970	1.0076	0.0000	0.0000	0.0000	0.0000	0.0000	0.0000	0.0000	0.0000	0.0000	0.0000	0.0000	0.0000	0.0000	0.0000	0.0000	0.0000	0.0000	0.0000	0.2744	0.2457	0.0287	0.1670	0.1564	0.0106	0.1074	0.0893	0.0181	0.0675	0.0356	0.0319	0.0186	0.0172	0.0014	0.0488	0.0183	0.0305	0.0000	0.0000	0.0000	0.0000	0.0000	0.0000	0.0000	0.0000	0.0000	0.0001	0.0003	0.0000	0.0005	0.0006	0.0000	0.0000	0.0000	0.0000						
127	138	0.2914	5	1	1	0	0	0	0	0	0	N	N	N	N	N	N	N	N	N	N	N	N	0.0293	4.3506	0.0000	0.1333	8.3531	0.0000	0.0000	0.4503	0.0000	0.2294	0.2824	0.0004	0.3850	0.4593	0.0005	0.0004	0.0004	0.0003	7.8403	0.0649	26.8289	2.8883	0.0550	76.6444	10.9672	0.0010	30.3975	0.0003	3294.1207	-0.0000	0.3431	3.6536	0.0002	12.3970	2.3255	0.0000	0.0000	0.0000	0.0000	0.0000	0.0000	0.0000	0.0000	0.0000	0.7182	0.0002	0.7179	0.0123	0.0002	0.0121	0.7059	0.0000	0.7059	0.0001	0.0001	0.0000	0.0001	0.0001	0.0000	0.0000	0.0000	0.0000	0.0916	0.0547	0.0369	0.0272	0.0259	0.0014	0.0644	0.0289	0.0355	0.0293	70.9359	0.0000	0.8542	54.6057	0.0001	0.0000	32.6405	0.0000	7.8403	0.0040	19.4788	0.4507	0.0084	8.8169	10.9672	0.0000	19.8897
127	139	0.2736	4	1	1	0	0	0	0	0	0	N	N	N	N	N	N	N	N	N	N	N	N	0.0000	0.0000	0.0052	0.0000	0.0000	0.0007	0.0015	0.0021	0.0181	0.0001	0.0001	0.0002	0.0000	0.0000	0.0000	0.0001	0.0001	0.0002	1.8666	2.6539	0.0289	4.1098	4.0968	0.0173	0.0753	0.0508	0.0107	0.2501	0.0105	-0.0000	-0.0634	3.6536	2.0138	12.3970	2.7349	0.0000	0.0000	0.0000	0.0000	0.0000	0.0000	0.0000	0.0000	0.0000	0.1239	0.1226	0.0013	0.1226	0.1225	0.0001	0.0014	0.0001	0.0012	0.3767	0.3451	0.0316	0.1754	0.1680	0.0074	0.2012	0.1771	0.0242	0.2857	0.1650	0.1207	0.1071	0.1014	0.0056	0.1786	0.0635	0.1151	0.0001	0.0001	0.0142	0.0000	0.0000	0.0013	0.0151	0.0486	0.0181	0.4337	0.7433	0.0106	1.1446	1.2076	0.0099	0.0076	0.0022	0.0107
127	140	0.2901	5	0	1	0	0	0	0	0	0	N	N	N	N	N	N	N	N	N	N	N	N	3756.9865	0.0660	57094.6852	0.4932	0.0740	6.8843	16098.2368	inf	82459.9444	2.7016	0.0000	31.4001	0.0003	0.0000	0.0065	6.0570	0.0000	44.3672	0.0007	0.0003	0.0005	0.0007	0.0005	0.0009	0.0004	0.0000	0.0005	130144.1231	6.3662	0.7372	0.0000	3.6536	1.9232	12.3970	1.1116	0.9964	0.0000	0.9964	0.0001	0.0000	0.0001	0.9964	0.0000	0.9964	0.0000	0.0000	0.0000	0.0000	0.0000	0.0000	0.0000	0.0000	0.0000	0.3688	0.3371	0.0317	0.2043	0.1951	0.0093	0.1645	0.1420	0.0225	0.0998	0.0557	0.0441	0.0326	0.0302	0.0024	0.0673	0.0255	0.0417	9603.3245	0.3318	57094.6852	1.9160	0.3095	8.5134	18138.6277	inf	82459.9444	0.0003	0.0001	0.0005	0.0002	0.0001	0.0008	0.0003	0.0000	0.0005
127	141	0.5766	5	0	1	0	0	0	0	0	0	N	N	N	N	N	N	N	N	N	N	N	N	0.8693	0.5108	0.4131	0.4716	0.0002	0.0002	0.0000	0.0003	0.0003	0.0000	0.0000	0.0000	0.0000	0.0002	0.0005	0.0000	0.0007	0.0007	0.0000	0.0000	0.0000	0.0000	0.0000	0.0000	-0.0000	-0.0000	3.6536	3.0000	12.3970	1.0000	0.0001	0.0001	0.0000	0.0001	0.0001	0.0000	0.0000	0.0000	0.0000	0.0000	0.0000	0.0000	0.0000	0.0000	0.0000	0.0000	0.0000	0.0000	0.5708	0.5170	0.0538	0.4029	0.3730	0.0299	0.1679	0.1441	0.0238	0.1226	0.0672	0.0554	0.0460	0.0405	0.0055	0.0766	0.0267	0.0499	2.5778	1.5591	0.0000	1.3711	1.3034	0.0000	0.0000	0.0000	0.0000	0.0001	0.0001	0.0000	0.0002	0.0002	0.0000	0.0000	0.0000	0.0000					
127	142	0.5574	4	0	0	0	0	0	0	0	0	N	N	N	N	N	N	N	N	N	N	N	N	0.1672	0.0948	0.0906	0.1083	0.0001	0.0001	0.0000	0.0001	0.0001	0.0000	0.0000	0.0000	0.0000	0.0004	0.0007	0.0000	0.0010	0.0009	0.0000	0.0000	0.0000	0.0000	0.0000	0.0000	-0.0000	-0.0000	3.6536	1.0000	12.3970	1.0000	0.0000	0.0000	0.0000	0.0000	0.0000	0.0000	0.0000	0.0000	0.0000	0.0000	0.0000	0.0000	0.0000	0.0000	0.0000	0.0000	0.0000	0.0000	0.1701	0.1531	0.0170	0.1106	0.1022	0.0085	0.0594	0.0509	0.0086	0.0639	0.0349	0.0290	0.0237	0.0209	0.0029	0.0401	0.0140	0.0262	0.3757	0.2278	0.0000	0.2146	0.2045	0.0000	0.0000	0.0000	0.0000	0.0002	0.0003	0.0000	0.0004	0.0005	0.0000	0.0000	0.0000	0.0000					
127	143	0.3070	3	0	0	0	0	0	0	0	0	N	N	N	N	N	N	N	N	N	N	N	N	0.0030	0.0026	0.0000	0.0017	0.0019	0.0001	0.0031	0.0018	0.0000	0.0065	0.0075	0.0000	0.0049	0.0056	0.0000	0.0077	0.0089	0.0000	2.1880	2.9045	0.8281	2.9171	2.9829	0.1667	2.5105	4.8896	0.4222	0.0003	0.1046	-0.0023	-0.4911	3.6536	7.1211	12.3970	10.9474	0.0089	0.0089	0.0000	0.0029	0.0029	0.0000	0.0060	0.0060	0.0000	1.1493	1.0406	0.1088	0.3002	0.2952	0.0051	0.8491	0.7454	0.1037	1.3666	1.1871	0.1794	0.5800	0.5126	0.0674	0.7866	0.6745	0.1121	1.3540	0.8259	0.5281	0.6242	0.5363	0.0878	0.7299	0.2895	0.4403	0.0077	0.0059	0.0001	0.0103	0.0102	0.0003	0.0066	0.0035	0.0001	0.8488	1.2599	0.2060	0.4810	0.5503	0.0577	1.1634	2.5744	0.2356
127	144	0.1122	2	0	0	0	0	0	0	0	0	N	N	N	N	N	N	N	N	N	N	N	N	0.1363	0.1249	0.0111	0.2614	0.2653	0.0118	0.0705	0.0509	0.0158	0.3597	0.4066	0.0993	1.0156	1.0306	0.0143	0.2239	0.2511	0.1007	2.6394	3.2558	8.9768	3.8851	3.8849	1.2174	3.1775	4.9300	6.3802	0.0439	0.7243	-0.1091	-0.2890	3.6536	8.5175	12.3970	23.1696	0.4999	0.4789	0.0210	0.2422	0.2422	0.0001	0.2577	0.2367	0.0210	2.8371	1.6453	1.1917	0.3552	0.3522	0.0030	2.4819	1.2932	1.1887	1.3896	1.1779	0.2117	0.2385	0.2350	0.0035	1.1511	0.9429	0.2082	1.5143	0.8023	0.7120	0.3494	0.3409	0.0085	1.1650	0.4614	0.7036	0.1920	0.1982	0.0593	0.9989	0.9976	0.0400	0.1051	0.0896	0.0596	1.8735	2.0509	1.6737	1.0167	1.0331	0.3583	2.1305	2.8029	1.6895
127	145	0.3087	7	1	1	0	0	0	0	0	0	N	N	N	N	N	N	N	N	N	N	N	N	1.1186	0.5625	0.4947	0.6198	0.0006	0.0006	0.0000	0.0009	0.0010	0.0000	0.0000	0.0000	0.0000	0.0005	0.0011	0.0000	0.0019	0.0016	0.0000	0.0000	0.0000	0.0000	0.0000	0.0000	-0.0000	-0.0000	3.6536	1.0000	12.3970	1.0000	0.0001	0.0001	0.0000	0.0001	0.0001	0.0000	0.0000	0.0000	0.0000	0.0000	0.0000	0.0000	0.0000	0.0000	0.0000	0.0000	0.0000	0.0000	0.1408	0.1260	0.0148	0.0862	0.0807	0.0055	0.0546	0.0453	0.0093	0.0452	0.0238	0.0214	0.0125	0.0116	0.0009	0.0328	0.0123	0.0205	2.5711	1.5138	0.0000	1.1597	1.1463	0.0000	0.0000	0.0000	0.0000	0.0002	0.0004	0.0000	0.0008	0.0009	0.0000	0.0000	0.0000	0.0000					
127	146	0.3087	6	0	1	0	0	0	0	0	0	N	N	N	N	N	N	N	N	N	N	N	N	0.0000	0.0000	0.0000	0.0000	0.0000	0.0000	0.0000	0.0000	0.0000	0.0000	0.0000	0.0000	0.0000	0.0000	0.0000	0.0000	0.0000	0.0000	0.0000	0.0000	3.6536	0.0003	12.3970	0.0000	0.0000	0.0000	0.0000	0.0000	0.0000	0.0000	0.0000	0.0000	0.0000	0.0000	0.0000	0.0000	0.0000	0.0000	0.0000	0.0000	0.0000	0.0000	0.0001	0.0001	0.0000	0.0001	0.0001	0.0000	0.0000	0.0000	0.0000	0.0000	0.0000	0.0000	0.0000	0.0000	0.0000	0.0000	0.0000	0.0000	0.0000	0.0000	0.0000	0.0000	0.0000	0.0000	0.0000	0.0000	0.0000	0.0000	0.0000	0.0000	0.0000	0.0000	0.0000	0.0000	0.0000	0.0000											
127	147	0.2901	5	0	0	0	0	0	0	0	0	N	N	N	N	N	N	N	N	N	N	N	N	1.0021	1.0183	0.0001	1.1154	1.4411	0.0000	0.0004	inf	0.0001	0.0013	0.0014	0.0000	0.0024	0.0025	0.0000	0.0000	0.0000	0.0000	0.0013	0.0014	0.0003	0.0021	0.0018	0.0005	0.0002	0.0000	0.0003	0.0000	0.5450	-0.0002	-0.0000	3.6536	4.9449	12.3970	1.0063	0.0009	0.0009	0.0000	0.0009	0.0009	0.0000	0.0000	0.0000	0.0000	0.0001	0.0000	0.0000	0.0000	0.0000	0.0000	0.0000	0.0000	0.0000	0.7038	0.6352	0.0686	0.3827	0.3621	0.0206	0.3211	0.2731	0.0480	0.1678	0.0921	0.0757	0.0497	0.0460	0.0037	0.1181	0.0461	0.0720	3.2414	3.0449	0.0001	2.6242	2.6683	0.0000	0.0005	inf	0.0001	0.0004	0.0005	0.0003	0.0009	0.0009	0.0005	0.0002	0.0000	0.0003
127	148	0.2736	4	0	0	0	0	0	0	0	0	N	N	N	N	N	N	N	N	N	N	N	N	0.0010	0.0000	0.0114	0.0000	0.0000	0.0000	0.0018	0.0000	0.0350	0.0017	0.0000	0.0176	0.0001	0.0001	0.0000	0.0030	0.0000	0.0230	1.7291	2.0788	1.5416	2.6789	2.6981	0.9347	1.6475	2.5570	0.6576	57.5714	0.9536	0.0007	-0.0032	3.6536	3.4778	12.3970	1.2917	0.0009	0.0000	0.0009	0.0000	0.0000	0.0000	0.0009	0.0000	0.0009	0.0942	0.0482	0.0460	0.0435	0.0421	0.0014	0.0507	0.0061	0.0446	0.5415	0.4906	0.0509	0.2458	0.2339	0.0119	0.2957	0.2567	0.0390	0.2863	0.1653	0.1210	0.1072	0.1016	0.0056	0.1791	0.0638	0.1154	0.0051	0.0001	0.0464	0.0002	0.0002	0.0000	0.0107	0.0000	0.0595	0.3291	0.2917	0.3801	0.4055	0.4143	0.2478	0.2833	0.0965	0.3866
127	149	0.2232	3	0	0	0	0	0	0	0	0	N	N	N	N	N	N	N	N	N	N	N	N	0.0001	0.0000	0.0000	0.0001	0.0001	0.0000	0.0000	0.0000	0.0000	0.0001	0.0002	0.0000	0.0008	0.0009	0.0000	0.0000	0.0000	0.0000	2.4713	3.2435	2.9361	7.1772	7.1268	0.0000	1.6505	0.0027	1.0776	0.0000	0.1946	-0.0000	-0.2591	3.6536	7.8050	12.3970	4.0035	0.0002	0.0002	0.0000	0.0002	0.0002	0.0000	0.0000	0.0000	0.0000	0.7218	0.6042	0.1176	0.6042	0.6042	0.0000	0.1176	0.0000	0.1176	1.1036	0.9789	0.1247	0.1886	0.1822	0.0064	0.9150	0.7968	0.1183	0.5064	0.2951	0.2113	0.0916	0.0848	0.0068	0.4149	0.2103	0.2045	0.0001	0.0001	0.0000	0.0001	0.0001	0.0000	0.0000	0.0000	0.0000	1.4254	2.0474	0.5566	6.5987	7.1268	0.0000	0.2835	0.0001	0.5750
128	129	0.5215	9	0	1	0	1	0	0	0	0	N	N	N	N	N	N	N	N	N	N	N	N	0.0000	0.0000	0.0000	0.0000	0.0000	0.0000	0.0000	0.0000	0.0000	0.0000	0.0000	0.0000	0.0000	0.0000	0.0000	0.0000	0.0000	0.0000	0.0000	0.0000	5.3495	0.0000	12.4099	0.0000	0.0000	0.0000	0.0000	0.0000	0.0000	0.0000	0.0000	0.0000	0.0000	0.0000	0.0000	0.0000	0.0000	0.0000	0.0000	0.0000	0.0000	0.0000	0.0000	0.0000	0.0000	0.0000	0.0000	0.0000	0.0000	0.0000	0.0000	0.0000	0.0000	0.0000	0.0000	0.0000	0.0000	0.0000	0.0000	0.0000	0.0000	0.0000	0.0000	0.0000	0.0000	0.0000	0.0000	0.0000	0.0000	0.0000	0.0000	0.0000	0.0000	0.0000	0.0000	0.0000	0.0000	0.0000											
128	130	0.5052	8	0	1	0	1	0	0	0	0	N	N	N	N	N	N	N	N	N	N	N	N	0.0000	0.0000	0.0000	0.0000	0.0000	0.0000	0.0000	0.0000	0.0000	0.0000	0.0000	0.0000	0.0000	0.0000	0.0000	0.0000	0.0000	3.4894	5.5840	0.0000	6.7337	7.3075	0.0000	1.9369	4.2621	0.0000	0.0000	0.0000	-0.2297	5.3495	0.0000	12.4099	3.0001	0.0000	0.0000	0.0000	0.0000	0.0000	0.0000	0.0000	0.0000	0.0000	0.4402	0.4402	0.0000	0.4126	0.4126	0.0000	0.0276	0.0276	0.0000	0.0000	0.0000	0.0000	0.0000	0.0000	0.0000	0.0000	0.0000	0.0000	0.1262	0.0788	0.0473	0.0659	0.0565	0.0094	0.0603	0.0224	0.0379	0.0000	0.0000	0.0000	0.0000	0.0000	0.0000	0.0000	0.0000	0.0000	3.4894	5.5840	0.0000	6.2637	7.3075	0.0000	0.4582	1.2345	0.0000		
128	131	0.4955	7	0	1	0	0	0	0	0	0	N	N	N	N	N	N	N	N	N	N	N	N	0.0000	0.0000	0.0000	0.0000	0.0000	0.0000	0.0000	0.0000	0.0000	0.0000	0.0000	0.0000	0.0000	0.0000	0.0000	0.0000	0.0000	0.0000	0.0000	0.0000	5.3495	0.0000	12.4099	0.0000	0.0000	0.0000	0.0000	0.0000	0.0000	0.0000	0.0000	0.0000	0.0000	0.0000	0.0000	0.0000	0.0000	0.0000	0.0000	0.0000	0.0000	0.0000	0.0000	0.0000	0.0000	0.0000	0.0000	0.0000	0.0000	0.0000	0.0000	0.0000	0.0000	0.0000	0.0000	0.0000	0.0000	0.0000	0.0000	0.0000	0.0000	0.0000	0.0000	0.0000	0.0000	0.0000	0.0000	0.0000	0.0000	0.0000	0.0000	0.0000	0.0000	0.0000	0.0000	0.0000	0.0000	0.0000											
128	132	0.5052	8	0	0	1	1	0	0	0	0	N	N	N	N	N	N	N	N	N	N	N	N	0.0000	0.0000	0.0000	0.0000	0.0000	0.0000	0.0000	0.0000	0.0000	0.0000	0.0000	0.0000	0.0000	0.1727	0.3545	0.0000	0.0883	0.0894	0.0000	0.0000	0.0000	0.0000	0.0000	0.0000	-0.0002	5.3495	0.0000	12.4099	1.9999	0.0000	0.0000	0.0000	0.0000	0.0000	0.0000	0.0000	0.0000	0.0000	0.0004	0.0004	0.0000	0.0004	0.0004	0.0000	0.0000	0.0000	0.0000	0.0000	0.0000	0.0000	0.0000	0.0000	0.0000	0.0000	0.0000	0.0000	0.0847	0.0529	0.0318	0.0442	0.0379	0.0063	0.0405	0.0150	0.0255	0.0000	0.0000	0.0000	0.0000	0.0000	0.0000	0.0000	0.0000	0.0000	0.0047	0.0076	0.0000	0.0090	0.0106	0.0000	0.0000	0.0000	0.0000						
128	133	0.5162	9	0	0	1	1	0	0	0	0	N	N	N	N	N	N	N	N	N	N	N	N	inf	inf	inf	inf	inf	inf	0.1658	0.1843	0.0000	0.0120	0.0130	0.0000	0.4752	0.5585	0.0000	0.0000	0.0000	0.0000	0.0000	0.0000	0.0000	0.0000	0.0000	0.0000	0.0000	-0.0094	0.0000	5.3495	1.0000	12.4099	0.0000	0.0362	0.0362	0.0000	0.0017	0.0017	0.0000	0.0345	0.0345	0.0000	0.0000	0.0000	0.0000	0.0000	0.0000	0.0000	0.0000	0.0000	0.0000	0.2186	0.1965	0.0220	0.1460	0.1348	0.0112	0.0726	0.0617	0.0108	0.0379	0.0234	0.0145	0.0188	0.0165	0.0023	0.0191	0.0069	0.0122	inf	inf	0.0000	inf	inf	0.0000	inf	inf	0.0000	0.0000	0.0000	0.0000	0.0000	0.0000	0.0000	0.0000	0.0000	0.0000				
128	134	0.5162	9	0	0	1	1	0	0	0	0	N	N	N	N	N	N	N	N	N	N	N	N	0.0000	0.0000	0.0000	0.0000	0.0000	0.0000	0.0000	0.0000	0.0000	0.0000	0.0000	0.0000	0.0000	0.0000	0.0000	0.0000	0.0000	0.0000	0.0000	0.0000	5.3495	0.0000	12.4099	0.0000	0.0000	0.0000	0.0000	0.0000	0.0000	0.0000	0.0000	0.0000	0.0000	0.0000	0.0000	0.0000	0.0000	0.0000	0.0000	0.0000	0.0000	0.0000	0.0000	0.0000	0.0000	0.0000	0.0000	0.0000	0.0000	0.0000	0.0000	0.0000	0.0000	0.0000	0.0000	0.0000	0.0000	0.0000	0.0000	0.0000	0.0000	0.0000	0.0000	0.0000	0.0000	0.0000	0.0000	0.0000	0.0000	0.0000	0.0000	0.0000	0.0000	0.0000	0.0000	0.0000	0.0000	0.0000											
128	135	0.5052	8	0	0	1	1	0	0	0	0	N	N	N	N	N	N	N	N	N	N	N	N	191.4344	164.7591	0.0000	164.1202	201.3383	0.0000	0.0433	inf	0.0000	0.0186	0.0207	0.0000	0.0284	0.0307	0.0000	0.0000	0.0000	0.0000	0.0001	0.0001	0.0000	0.0002	0.0002	0.0000	0.0000	0.0000	0.0000	0.0000	3.3470	-0.0021	0.0000	5.3495	2.0025	12.4099	0.9943	0.0080	0.0080	0.0000	0.0080	0.0080	0.0000	0.0000	0.0000	0.0000	0.0000	0.0000	0.0000	0.0000	0.0000	0.0000	0.0000	0.0000	0.0000	0.4305	0.3871	0.0434	0.2815	0.2601	0.0214	0.1490	0.1270	0.0220	0.1260	0.0787	0.0473	0.0658	0.0564	0.0094	0.0602	0.0223	0.0379	2211.1981	6679.7053	0.0000	5350.7244	7121.1263	0.0000	0.0553	inf	0.0000	0.0000	0.0000	0.0000	0.0000	0.0000	0.0000	0.0000	0.0000	0.0000
128	136	0.5052	7	0	0	0	1	0	0	0	0	N	N	N	N	N	N	N	N	N	N	N	N	0.0926	0.0951	0.0000	0.4269	0.4483	0.0000	0.3989	inf	0.0000	0.0146	0.0158	0.0000	0.0170	0.0181	0.0000	0.0040	0.0047	0.0000	0.1571	0.1661	0.0029	0.0397	0.0404	0.0017	0.0101	0.0000	0.0032	0.0000	0.3257	-0.0000	-0.0000	5.3495	0.0050	12.4099	0.0173	0.0000	0.0000	0.0000	0.0000	0.0000	0.0000	0.0000	0.0000	0.0000	0.0000	0.0000	0.0000	0.0000	0.0000	0.0000	0.0000	0.0000	0.0000	0.0021	0.0019	0.0002	0.0017	0.0016	0.0001	0.0004	0.0003	0.0001	0.0010	0.0006	0.0004	0.0005	0.0004	0.0001	0.0005	0.0002	0.0003	3.3113	2.9660	0.0000	2.5814	2.4472	0.0000	1.9819	inf	0.0000	0.0044	0.0053	0.0029	0.0066	0.0074	0.0015	0.0020	0.0000	0.0032
128	137	0.4955	6	0	0	0	1	0	0	0	0	N	N	N	N	N	N	N	N	N	N	N	N	0.0096	0.0078	0.0088	0.0090	inf	inf	0.0148	0.0165	0.0000	0.0229	0.0248	0.0000	0.0001	0.0001	0.0000	1.5377	2.1022	0.0000	2.6137	2.7478	0.0000	0.0000	0.0000	0.0000	0.0000	0.0000	-0.0016	-0.0127	5.3495	1.9972	12.4099	1.0076	0.0060	0.0060	0.0000	0.0060	0.0060	0.0000	0.0000	0.0000	0.0000	0.0243	0.0243	0.0000	0.0243	0.0243	0.0000	0.0000	0.0000	0.0000	0.4073	0.3661	0.0412	0.2622	0.2424	0.0197	0.1451	0.1237	0.0215	0.1224	0.0771	0.0454	0.0658	0.0564	0.0094	0.0566	0.0207	0.0359	0.0744	0.0521	0.0000	0.0620	0.0574	0.0000	inf	inf	0.0000	0.1989	0.3160	0.0000	0.3701	0.4319	0.0000	0.0000	0.0000	0.0000			
128	138	0.4782	5	1	1	0	0	0	0	0	0	N	N	N	N	N	N	N	N	N	N	N	N	0.0971	0.0911	10.4300	0.0750	0.0833	39.6167	8.6003	1.2525	4.9722	0.2547	0.3139	0.0084	0.4396	0.4939	0.0166	0.0181	0.0239	0.0044	2.6221	3.4457	0.0008	5.8621	5.9264	0.0004	0.0021	0.0191	0.0009	0.0065	0.0002	-0.0000	-0.1265	5.3495	0.0002	12.4099	2.3255	0.0000	0.0000	0.0000	0.0000	0.0000	0.0000	0.0000	0.0000	0.0000	0.2425	0.2425	0.0000	0.2424	0.2424	0.0000	0.0001	0.0000	0.0000	0.0001	0.0001	0.0000	0.0001	0.0001	0.0000	0.0001	0.0000	0.0000	0.1329	0.0861	0.0468	0.0650	0.0570	0.0079	0.0680	0.0291	0.0389	0.1396	0.1115	10.4300	0.1178	0.1162	39.6167	19.2027	23.5368	4.9722	1.8245	2.8158	0.0008	3.7324	4.2514	0.0004	0.0009	0.0010	0.0009
128	139	0.4604	4	1	1	0	0	0	0	0	0	N	N	N	N	N	N	N	N	N	N	N	N	0.0910	0.0889	0.0016	0.0974	0.1146	0.0006	0.0026	0.2387	0.0066	0.1432	0.1591	0.0021	0.2249	0.2464	0.0014	0.0034	0.0034	0.0029	1.5730	1.7892	1.3110	2.3085	2.1499	2.5131	1.3187	0.0144	0.4477	0.0015	1.1443	-0.0227	0.0009	5.3495	2.0138	12.4099	2.7349	0.0879	0.0878	0.0001	0.0872	0.0871	0.0000	0.0008	0.0007	0.0001	0.0795	0.0371	0.0424	0.0499	0.0370	0.0129	0.0296	0.0001	0.0295	0.6139	0.5518	0.0621	0.3876	0.3536	0.0340	0.2263	0.1982	0.0281	0.3696	0.2316	0.1380	0.1894	0.1661	0.0233	0.1802	0.0654	0.1148	0.6661	0.9941	0.0069	0.8533	1.1060	0.0026	0.0206	4.3852	0.0114	0.2150	0.1600	0.3072	0.2635	0.2228	0.5547	0.1640	0.0008	0.2571
128	140	0.4769	5	0	1	0	0	0	0	0	0	N	N	N	N	N	N	N	N	N	N	N	N	0.0062	0.0048	0.0034	0.0073	0.0072	0.0010	0.0564	2.9427	0.0046	0.0073	0.0080	0.0000	0.0122	0.0130	0.0000	0.0005	0.0006	0.0000	1.1740	1.6772	0.0027	1.6852	1.8143	0.0016	0.0090	0.0002	0.0031	0.0001	0.0136	-0.0010	-0.0057	5.3495	1.9232	12.4099	1.1116	0.0039	0.0039	0.0000	0.0038	0.0038	0.0000	0.0001	0.0001	0.0000	0.0111	0.0110	0.0001	0.0110	0.0110	0.0000	0.0001	0.0000	0.0001	0.5393	0.4926	0.0467	0.3131	0.2943	0.0188	0.2262	0.1983	0.0278	0.1492	0.0948	0.0544	0.0807	0.0694	0.0114	0.0685	0.0254	0.0431	0.0981	0.0691	0.0034	0.0898	0.0822	0.0012	0.2592	1182.1240	0.0046	0.0746	0.1158	0.0027	0.1362	0.1583	0.0014	0.0020	0.0000	0.0031
128	141	0.3738	3	0	1	0	0	0	0	0	0	N	N	N	N	N	N	N	N	N	N	N	N	198.9971	107.5788	185.0610	204.9424	inf	inf	0.5264	0.5873	0.0000	0.7741	0.8481	0.0000	0.0893	0.1030	0.0000	0.0026	0.0055	0.0000	0.0042	0.0041	0.0000	0.0000	0.0000	0.0000	0.0000	0.0000	-0.1366	-0.0001	5.3495	3.0000	12.4099	1.0000	0.5250	0.5250	0.0000	0.4928	0.4928	0.0000	0.0322	0.0322	0.0000	0.0001	0.0001	0.0000	0.0001	0.0001	0.0000	0.0000	0.0000	0.0000	0.9974	0.8940	0.1034	0.6366	0.5811	0.0556	0.3608	0.3130	0.0478	0.2261	0.1206	0.1055	0.0790	0.0708	0.0082	0.1471	0.0498	0.0973	915.5610	544.8488	0.0000	470.3847	462.0745	0.0000	inf	inf	0.0000	0.0006	0.0011	0.0000	0.0016	0.0018	0.0000	0.0000	0.0000	0.0000			
128	142	0.3546	2	0	0	0	0	0	0	0	0	N	N	N	N	N	N	N	N	N	N	N	N	86.6344	44.1394	88.6115	89.0229	inf	inf	1.5570	1.7248	0.0000	2.1794	2.3359	0.0000	0.8357	0.9632	0.0000	0.0180	0.0391	0.0000	0.0246	0.0262	0.0000	0.0000	0.0000	0.0000	0.0000	0.0000	-0.1168	-0.0001	5.3495	1.0000	12.4099	1.0000	0.4491	0.4491	0.0000	0.3374	0.3374	0.0000	0.1117	0.1117	0.0000	0.0002	0.0002	0.0000	0.0002	0.0002	0.0000	0.0000	0.0000	0.0000	0.2884	0.2604	0.0281	0.1548	0.1444	0.0104	0.1336	0.1159	0.0177	0.1182	0.0628	0.0554	0.0410	0.0368	0.0042	0.0771	0.0259	0.0512	876.1922	515.5223	0.0000	425.8443	409.7462	0.0000	inf	inf	0.0000	0.0018	0.0033	0.0000	0.0051	0.0057	0.0000	0.0000	0.0000	0.0000			
128	145	0.4955	7	1	1	0	0	0	0	0	0	N	N	N	N	N	N	N	N	N	N	N	N	0.7354	0.5383	1.6429	1.7099	0.0110	0.0123	0.0000	0.0171	0.0185	0.0000	0.0000	0.0000	0.0000	0.0150	0.0228	0.0000	0.0104	0.0108	0.0000	0.0000	0.0000	0.0000	0.0000	0.0000	-0.0006	-0.0001	5.3495	1.0000	12.4099	1.0000	0.0023	0.0023	0.0000	0.0023	0.0023	0.0000	0.0000	0.0000	0.0000	0.0001	0.0001	0.0000	0.0001	0.0001	0.0000	0.0000	0.0000	0.0000	0.2091	0.1879	0.0212	0.1354	0.1251	0.0103	0.0737	0.0628	0.0109	0.0821	0.0517	0.0304	0.0441	0.0378	0.0063	0.0380	0.0139	0.0241	6.9751	4.8850	0.0000	5.7899	5.3679	0.0000	0.0000	0.0000	0.0000	0.0016	0.0025	0.0000	0.0029	0.0034	0.0000	0.0000	0.0000	0.0000					
128	146	0.4955	6	0	1	0	0	0	0	0	0	N	N	N	N	N	N	N	N	N	N	N	N	inf	inf	inf	inf	inf	inf	0.0076	0.0082	0.0000	0.0087	0.0092	0.0000	0.0035	0.0040	0.0000	0.0000	0.0000	0.0000	0.0000	0.0000	0.0000	0.0000	0.0000	0.0000	0.0000	-0.0000	0.0000	5.3495	0.0003	12.4099	0.0000	0.0000	0.0000	0.0000	0.0000	0.0000	0.0000	0.0000	0.0000	0.0000	0.0000	0.0000	0.0000	0.0000	0.0000	0.0000	0.0000	0.0000	0.0000	0.0002	0.0002	0.0000	0.0001	0.0001	0.0000	0.0000	0.0000	0.0000	0.0000	0.0000	0.0000	0.0000	0.0000	0.0000	0.0000	0.0000	0.0000	inf	inf	0.0000	inf	inf	0.0000	inf	inf	0.0000	0.0000	0.0000	0.0000	0.0000	0.0000	0.0000	0.0000	0.0000	0.0000				
128	147	0.4769	5	0	0	0	0	0	0	0	0	N	N	N	N	N	N	N	N	N	N	N	N	21.4400	207.0764	0.0033	134.3255	227.3229	0.0034	23.7124	18.6613	0.0033	0.1344	0.1488	0.0000	0.1442	0.1548	0.0000	0.1210	0.1399	0.0000	0.0063	0.0007	0.0020	0.0011	0.0007	0.0018	0.0051	0.0075	0.0021	0.0000	3.9078	-0.0360	0.0001	5.3495	4.9449	12.4099	1.0063	0.1382	0.1382	0.0000	0.0853	0.0853	0.0000	0.0529	0.0529	0.0000	0.0002	0.0000	0.0002	0.0001	0.0000	0.0000	0.0002	0.0000	0.0002	1.0289	0.9291	0.0997	0.5915	0.5510	0.0405	0.4374	0.3781	0.0593	0.2642	0.1674	0.0968	0.1420	0.1218	0.0201	0.1222	0.0455	0.0767	147.4718	507.7930	0.0033	327.2625	627.7444	0.0038	83.0125	335.6111	0.0033	0.0009	0.0003	0.0020	0.0004	0.0002	0.0016	0.0015	0.0004	0.0021
128	148	0.4604	4	0	0	0	0	0	0	0	0	N	N	N	N	N	N	N	N	N	N	N	N	0.0918	0.0966	0.0010	0.0691	0.0853	0.0007	0.1156	0.7045	0.0031	0.1289	0.1434	0.0010	0.1083	0.1178	0.0005	0.1579	0.1816	0.0014	1.4037	1.4853	0.9777	1.5668	1.3818	0.7298	1.3659	0.2577	0.4521	0.0008	1.9844	-0.0285	0.0076	5.3495	3.4778	12.4099	1.2917	0.1098	0.1097	0.0001	0.0539	0.0539	0.0000	0.0558	0.0558	0.0001	0.0532	0.0178	0.0354	0.0223	0.0175	0.0048	0.0309	0.0003	0.0306	0.8516	0.7647	0.0869	0.4980	0.4575	0.0405	0.3537	0.3073	0.0464	0.3705	0.2321	0.1384	0.1898	0.1665	0.0233	0.1807	0.0656	0.1150	0.8970	1.8664	0.0038	0.9214	1.1199	0.0025	0.9224	37.1868	0.0052	0.1437	0.0769	0.2558	0.1175	0.1052	0.2054	0.1712	0.0049	0.2661
128	149	0.4100	3	0	0	0	0	0	0	0	0	N	N	N	N	N	N	N	N	N	N	N	N	0.3155	0.8865	0.0152	0.1579	0.5886	0.0020	0.2898	1.4764	0.0167	0.8594	0.9351	0.2121	0.3575	0.3787	0.0408	1.1605	1.2947	0.2618	2.7242	1.0548	13.9742	2.2640	0.6434	20.7929	4.0046	0.8769	15.6708	0.0265	99.3723	-0.3406	0.6787	5.3495	7.8050	12.4099	4.0035	1.4534	1.4158	0.0376	0.2267	0.2251	0.0016	1.2266	1.1907	0.0359	1.4499	0.0144	1.4354	0.0736	0.0125	0.0610	1.3763	0.0019	1.3744	1.6912	1.5141	0.1771	0.6343	0.5944	0.0399	1.0569	0.9197	0.1372	0.6808	0.4354	0.2454	0.3198	0.2729	0.0469	0.3610	0.1625	0.1985	0.4035	28.1844	0.0363	1.5534	8.2412	0.0313	0.3044	110.4635	0.0378	2.1297	0.0332	5.8498	0.2301	0.0460	1.3023	3.8122	0.0117	6.9236
128	150	0.3154	3	0	0	0	0	0	0	0	0	N	N	N	N	N	N	N	N	N	N	N	N	0.1292	0.1149	0.0000	0.1855	0.2034	0.0000	0.0310	0.0197	0.0000	0.3029	0.3506	0.0000	0.5648	0.6432	0.0000	0.0858	0.1007	0.0000	2.3439	3.0515	0.9098	3.0441	3.1631	0.9406	2.7671	5.1176	0.4105	0.0000	0.0931	-0.0964	-0.6568	5.3495	3.7255	12.4099	14.1767	0.3706	0.3706	0.0000	0.3131	0.3131	0.0000	0.0574	0.0574	0.0000	1.5038	1.3757	0.1280	0.3939	0.3707	0.0232	1.1099	1.0051	0.1048	1.2236	1.0570	0.1666	0.5544	0.4868	0.0676	0.6692	0.5702	0.0990	1.4211	0.8666	0.5545	0.6508	0.5595	0.0913	0.7702	0.3071	0.4631	0.2862	0.2208	0.0001	0.9332	0.9709	0.0001	0.0596	0.0308	0.0001	1.0582	1.5875	0.2309	0.6052	0.6625	0.2543	1.4410	3.2730	0.2263
128	151	0.2990	2	0	0	0	0	0	0	0	0	N	N	N	N	N	N	N	N	N	N	N	N	0.2696	0.2668	0.0025	0.1728	0.2000	0.0059	0.2808	0.1767	0.0062	0.5204	0.6207	0.0064	0.4756	0.5588	0.0071	0.5676	0.6878	0.0058	1.9307	2.3265	2.5638	2.7524	2.7937	1.2052	2.0212	3.8926	0.9303	0.0020	0.6790	-0.0935	-0.0609	5.3495	1.4205	12.4099	4.0377	0.3620	0.3613	0.0007	0.1696	0.1692	0.0004	0.1924	0.1921	0.0003	0.5181	0.3086	0.2095	0.2452	0.2189	0.0263	0.2730	0.0897	0.1833	0.6956	0.5820	0.1136	0.3566	0.3028	0.0538	0.3390	0.2793	0.0598	1.0873	0.6593	0.4280	0.5665	0.4928	0.0737	0.5207	0.1665	0.3543	1.0921	1.3261	0.0131	1.0990	1.2582	0.0199	1.0828	1.2764	0.0112	0.4765	0.4681	0.4896	0.4327	0.4442	0.3564	0.5242	0.5389	0.5173
129	131	0.0260	5	0	2	0	1	0	0	0	0	N	Y	N	N	N	N	N	N	N	N	N	N	0.0000	0.0000	0.0000	0.0000	0.0000	0.0000	0.0000	0.0000	0.0000	0.0000	0.0000	0.0000	0.0000	0.0000	0.0000	0.0000	0.0000	0.0000	0.0000	0.0000	0.0000	0.0000	0.0000	0.0000	0.0000	0.0000	0.0000	0.0000	0.0000	0.0000	0.0000	0.0000	0.0000	0.0000	0.0000	0.0000	0.0000	0.0000	0.0000	0.0000	0.0000	0.0000	0.0000	0.0000	0.0000	0.0000	0.0000	0.0000	0.0000	0.0000	0.0000	0.0000	0.0000	0.0000	0.0000	0.0000	0.0000	0.0000	0.0000	0.0000	0.0000	0.0000	0.0000	0.0000	0.0000	0.0000	0.0000	0.0000	0.0000	0.0000	0.0000	0.0000	0.0000	0.0000	0.0000	0.0000	0.0000	0.0000											
129	132	0.0163	2	0	1	1	2	0	0	0	0	N	N	N	Y	N	N	N	N	N	N	N	N	0.0000	0.0000	0.0000	0.0000	0.0000	0.0000	0.0000	0.0000	0.0000	0.0000	0.0000	0.0000	0.0000	0.0000	0.0000	0.0000	0.0000	0.0000	0.0000	0.0000	0.0000	0.0000	0.0000	1.9999	0.0000	0.0000	0.0000	0.0000	0.0000	0.0000	0.0000	0.0000	0.0000	0.0000	0.0000	0.0000	0.0000	0.0000	0.0000	0.0000	0.0000	0.0000	0.0000	0.0000	0.0000	0.0000	0.0000	0.0000	0.0000	0.0000	0.0000	0.0000	0.0000	0.0000	0.0000	0.0000	0.0000	0.0000	0.0000	0.0000	0.0000	0.0000	0.0000	0.0000	0.0000	0.0000	0.0000	0.0000	0.0000	0.0000	0.0000	0.0000	0.0000	0.0000	0.0000	0.0000	0.0000	0.0000											
129	133	0.0273	3	0	1	1	2	0	0	0	0	N	N	N	Y	N	N	N	N	N	N	N	N	0.0000	0.0000	0.0000	0.0000	0.0000	0.0000	0.0000	0.0000	0.0000	0.0000	0.0000	0.0000	0.0000	0.0000	0.0000	0.0000	0.0000	0.0000	0.0000	0.0000	0.0000	1.0000	0.0000	0.0000	0.0000	0.0000	0.0000	0.0000	0.0000	0.0000	0.0000	0.0000	0.0000	0.0000	0.0000	0.0000	0.0000	0.0000	0.0000	0.0000	0.0000	0.0000	0.0000	0.0000	0.0000	0.0000	0.0000	0.0000	0.0000	0.0000	0.0000	0.0000	0.0000	0.0000	0.0000	0.0000	0.0000	0.0000	0.0000	0.0000	0.0000	0.0000	0.0000	0.0000	0.0000	0.0000	0.0000	0.0000	0.0000	0.0000	0.0000	0.0000	0.0000	0.0000	0.0000	0.0000	0.0000	0.0000											
129	134	0.0273	3	0	1	1	2	0	0	0	0	N	N	N	Y	N	N	N	N	N	N	N	N	0.0000	0.0000	0.0000	0.0000	0.0000	0.0000	0.0000	0.0000	0.0000	0.0000	0.0000	0.0000	0.0000	0.0000	0.0000	0.0000	0.0000	0.0000	0.0000	0.0000	0.0000	0.0000	0.0000	0.0000	0.0000	0.0000	0.0000	0.0000	0.0000	0.0000	0.0000	0.0000	0.0000	0.0000	0.0000	0.0000	0.0000	0.0000	0.0000	0.0000	0.0000	0.0000	0.0000	0.0000	0.0000	0.0000	0.0000	0.0000	0.0000	0.0000	0.0000	0.0000	0.0000	0.0000	0.0000	0.0000	0.0000	0.0000	0.0000	0.0000	0.0000	0.0000	0.0000	0.0000	0.0000	0.0000	0.0000	0.0000	0.0000	0.0000	0.0000	0.0000	0.0000	0.0000	0.0000	0.0000	0.0000	0.0000											
129	135	0.0163	2	0	1	1	2	0	0	0	0	N	N	N	Y	N	N	N	N	N	N	N	N	0.0000	0.0000	0.0000	0.0000	0.0000	0.0000	0.0000	0.0000	0.0000	0.0000	0.0000	0.0000	0.0000	0.0000	0.0000	0.0000	0.0000	0.0000	0.0000	0.0000	0.0000	2.0025	0.0000	0.9943	0.0000	0.0000	0.0000	0.0000	0.0000	0.0000	0.0000	0.0000	0.0000	0.0000	0.0000	0.0000	0.0000	0.0000	0.0000	0.0000	0.0000	0.0000	0.0000	0.0000	0.0000	0.0000	0.0000	0.0000	0.0000	0.0000	0.0000	0.0000	0.0000	0.0000	0.0000	0.0000	0.0000	0.0000	0.0000	0.0000	0.0000	0.0000	0.0000	0.0000	0.0000	0.0000	0.0000	0.0000	0.0000	0.0000	0.0000	0.0000	0.0000	0.0000	0.0000	0.0000	0.0000	0.0000											
129	138	0.0789	7	1	2	0	1	0	0	0	0	N	Y	N	N	N	N	N	N	N	N	N	N	0.0000	0.0000	0.0000	0.0000	0.0000	0.0000	0.0000	0.0000	0.0000	0.0000	0.0000	0.0000	0.0000	0.0000	0.0000	0.0000	0.0000	0.0000	0.0000	0.0000	0.0000	0.0002	0.0000	2.3255	0.0000	0.0000	0.0000	0.0000	0.0000	0.0000	0.0000	0.0000	0.0000	0.0000	0.0000	0.0000	0.0000	0.0000	0.0000	0.0000	0.0000	0.0000	0.0000	0.0000	0.0000	0.0000	0.0000	0.0000	0.0000	0.0000	0.0000	0.0000	0.0000	0.0000	0.0000	0.0000	0.0000	0.0000	0.0000	0.0000	0.0000	0.0000	0.0000	0.0000	0.0000	0.0000	0.0000	0.0000	0.0000	0.0000	0.0000	0.0000	0.0000	0.0000	0.0000	0.0000	0.0000	0.0000											
129	139	0.0611	6	1	2	0	1	0	0	0	0	N	Y	N	N	N	N	N	N	N	N	N	N	0.0000	0.0000	0.0000	0.0000	0.0000	0.0000	0.0000	0.0000	0.0000	0.0000	0.0000	0.0000	0.0000	0.0000	0.0000	0.0000	0.0000	0.0000	0.0000	0.0000	0.0000	2.0138	0.0000	2.7349	0.0000	0.0000	0.0000	0.0000	0.0000	0.0000	0.0000	0.0000	0.0000	0.0000	0.0000	0.0000	0.0000	0.0000	0.0000	0.0000	0.0000	0.0000	0.0000	0.0000	0.0000	0.0000	0.0000	0.0000	0.0000	0.0000	0.0000	0.0000	0.0000	0.0000	0.0000	0.0000	0.0000	0.0000	0.0000	0.0000	0.0000	0.0000	0.0000	0.0000	0.0000	0.0000	0.0000	0.0000	0.0000	0.0000	0.0000	0.0000	0.0000	0.0000	0.0000	0.0000	0.0000	0.0000											
129	140	0.0446	5	0	2	0	1	0	0	0	0	N	Y	N	N	N	N	N	N	N	N	N	N	0.0000	0.0000	0.0000	0.0000	0.0000	0.0000	0.0000	0.0000	0.0000	0.0000	0.0000	0.0000	0.0000	0.0000	0.0000	0.0000	0.0000	0.0000	0.0000	0.0000	0.0000	1.9232	0.0000	1.1116	0.0000	0.0000	0.0000	0.0000	0.0000	0.0000	0.0000	0.0000	0.0000	0.0000	0.0000	0.0000	0.0000	0.0000	0.0000	0.0000	0.0000	0.0000	0.0000	0.0000	0.0000	0.0000	0.0000	0.0000	0.0000	0.0000	0.0000	0.0000	0.0000	0.0000	0.0000	0.0000	0.0000	0.0000	0.0000	0.0000	0.0000	0.0000	0.0000	0.0000	0.0000	0.0000	0.0000	0.0000	0.0000	0.0000	0.0000	0.0000	0.0000	0.0000	0.0000	0.0000	0.0000	0.0000											
129	141	0.6868	11	0	2	0	1	0	0	0	0	N	Y	N	N	N	N	N	N	N	N	N	N	0.0000	0.0000	0.0000	0.0000	0.0000	0.0000	0.0000	0.0000	0.0000	0.0000	0.0000	0.0000	0.0000	0.0000	0.0000	0.0000	0.0000	0.0000	0.0000	0.0000	0.0000	3.0000	0.0000	1.0000	0.0000	0.0000	0.0000	0.0000	0.0000	0.0000	0.0000	0.0000	0.0000	0.0000	0.0000	0.0000	0.0000	0.0000	0.0000	0.0000	0.0000	0.0000	0.0000	0.0000	0.0000	0.0000	0.0000	0.0000	0.0000	0.0000	0.0000	0.0000	0.0000	0.0000	0.0000	0.0000	0.0000	0.0000	0.0000	0.0000	0.0000	0.0000	0.0000	0.0000	0.0000	0.0000	0.0000	0.0000	0.0000	0.0000	0.0000	0.0000	0.0000	0.0000	0.0000	0.0000	0.0000	0.0000											
129	142	0.6676	10	0	1	0	1	0	0	0	0	N	N	N	N	N	N	N	N	N	N	N	N	0.0000	0.0000	0.0000	0.0000	0.0000	0.0000	0.0000	0.0000	0.0000	0.0000	0.0000	0.0000	0.0000	0.0000	0.0000	0.0000	0.0000	0.0000	0.0000	0.0000	0.0000	1.0000	0.0000	1.0000	0.0000	0.0000	0.0000	0.0000	0.0000	0.0000	0.0000	0.0000	0.0000	0.0000	0.0000	0.0000	0.0000	0.0000	0.0000	0.0000	0.0000	0.0000	0.0000	0.0000	0.0000	0.0000	0.0000	0.0000	0.0000	0.0000	0.0000	0.0000	0.0000	0.0000	0.0000	0.0000	0.0000	0.0000	0.0000	0.0000	0.0000	0.0000	0.0000	0.0000	0.0000	0.0000	0.0000	0.0000	0.0000	0.0000	0.0000	0.0000	0.0000	0.0000	0.0000	0.0000	0.0000	0.0000											
129	143	0.4172	9	0	1	0	1	0	0	0	0	N	N	N	N	N	N	N	N	N	N	N	N	0.0000	0.0000	0.0000	0.0000	0.0000	0.0000	0.0000	0.0000	0.0000	0.0000	0.0000	0.0000	0.0000	0.0000	0.0000	0.0000	0.0000	0.0000	0.0000	0.0000	0.0000	7.1211	0.0000	10.9474	0.0000	0.0000	0.0000	0.0000	0.0000	0.0000	0.0000	0.0000	0.0000	0.0000	0.0000	0.0000	0.0000	0.0000	0.0000	0.0000	0.0000	0.0000	0.0000	0.0000	0.0000	0.0000	0.0000	0.0000	0.0000	0.0000	0.0000	0.0000	0.0000	0.0000	0.0000	0.0000	0.0000	0.0000	0.0000	0.0000	0.0000	0.0000	0.0000	0.0000	0.0000	0.0000	0.0000	0.0000	0.0000	0.0000	0.0000	0.0000	0.0000	0.0000	0.0000	0.0000	0.0000	0.0000											
129	144	0.2225	8	0	1	0	1	0	0	0	0	N	N	N	N	N	N	N	N	N	N	N	N	0.0000	0.0000	0.0000	0.0000	0.0000	0.0000	0.0000	0.0000	0.0000	0.0000	0.0000	0.0000	0.0000	0.0000	0.0000	0.0000	0.0000	0.0000	0.0000	0.0000	0.0000	8.5175	0.0000	23.1696	0.0000	0.0000	0.0000	0.0000	0.0000	0.0000	0.0000	0.0000	0.0000	0.0000	0.0000	0.0000	0.0000	0.0000	0.0000	0.0000	0.0000	0.0000	0.0000	0.0000	0.0000	0.0000	0.0000	0.0000	0.0000	0.0000	0.0000	0.0000	0.0000	0.0000	0.0000	0.0000	0.0000	0.0000	0.0000	0.0000	0.0000	0.0000	0.0000	0.0000	0.0000	0.0000	0.0000	0.0000	0.0000	0.0000	0.0000	0.0000	0.0000	0.0000	0.0000	0.0000	0.0000	0.0000											
129	145	0.0260	5	1	2	0	1	0	0	0	0	N	Y	N	N	N	N	N	N	N	N	N	N	0.0000	0.0000	0.0000	0.0000	0.0000	0.0000	0.0000	0.0000	0.0000	0.0000	0.0000	0.0000	0.0000	0.0000	0.0000	0.0000	0.0000	0.0000	0.0000	0.0000	0.0000	1.0000	0.0000	1.0000	0.0000	0.0000	0.0000	0.0000	0.0000	0.0000	0.0000	0.0000	0.0000	0.0000	0.0000	0.0000	0.0000	0.0000	0.0000	0.0000	0.0000	0.0000	0.0000	0.0000	0.0000	0.0000	0.0000	0.0000	0.0000	0.0000	0.0000	0.0000	0.0000	0.0000	0.0000	0.0000	0.0000	0.0000	0.0000	0.0000	0.0000	0.0000	0.0000	0.0000	0.0000	0.0000	0.0000	0.0000	0.0000	0.0000	0.0000	0.0000	0.0000	0.0000	0.0000	0.0000	0.0000	0.0000											
129	146	0.0260	4	0	2	0	1	0	0	0	0	N	Y	N	N	N	N	N	N	N	N	N	N	0.0000	0.0000	0.0000	0.0000	0.0000	0.0000	0.0000	0.0000	0.0000	0.0000	0.0000	0.0000	0.0000	0.0000	0.0000	0.0000	0.0000	0.0000	0.0000	0.0000	0.0000	0.0003	0.0000	0.0000	0.0000	0.0000	0.0000	0.0000	0.0000	0.0000	0.0000	0.0000	0.0000	0.0000	0.0000	0.0000	0.0000	0.0000	0.0000	0.0000	0.0000	0.0000	0.0000	0.0000	0.0000	0.0000	0.0000	0.0000	0.0000	0.0000	0.0000	0.0000	0.0000	0.0000	0.0000	0.0000	0.0000	0.0000	0.0000	0.0000	0.0000	0.0000	0.0000	0.0000	0.0000	0.0000	0.0000	0.0000	0.0000	0.0000	0.0000	0.0000	0.0000	0.0000	0.0000	0.0000	0.0000	0.0000											
129	150	0.2388	9	0	1	0	1	0	0	0	0	N	N	N	N	N	N	N	N	N	N	N	N	0.0000	0.0000	0.0000	0.0000	0.0000	0.0000	0.0000	0.0000	0.0000	0.0000	0.0000	0.0000	0.0000	0.0000	0.0000	0.0000	0.0000	0.0000	0.0000	0.0000	0.0000	3.7255	0.0000	14.1767	0.0000	0.0000	0.0000	0.0000	0.0000	0.0000	0.0000	0.0000	0.0000	0.0000	0.0000	0.0000	0.0000	0.0000	0.0000	0.0000	0.0000	0.0000	0.0000	0.0000	0.0000	0.0000	0.0000	0.0000	0.0000	0.0000	0.0000	0.0000	0.0000	0.0000	0.0000	0.0000	0.0000	0.0000	0.0000	0.0000	0.0000	0.0000	0.0000	0.0000	0.0000	0.0000	0.0000	0.0000	0.0000	0.0000	0.0000	0.0000	0.0000	0.0000	0.0000	0.0000	0.0000	0.0000											
129	151	0.2225	8	0	1	0	1	0	0	0	0	N	N	N	N	N	N	N	N	N	N	N	N	0.0000	0.0000	0.0000	0.0000	0.0000	0.0000	0.0000	0.0000	0.0000	0.0000	0.0000	0.0000	0.0000	0.0000	0.0000	0.0000	0.0000	0.0000	0.0000	0.0000	0.0000	1.4205	0.0000	4.0377	0.0000	0.0000	0.0000	0.0000	0.0000	0.0000	0.0000	0.0000	0.0000	0.0000	0.0000	0.0000	0.0000	0.0000	0.0000	0.0000	0.0000	0.0000	0.0000	0.0000	0.0000	0.0000	0.0000	0.0000	0.0000	0.0000	0.0000	0.0000	0.0000	0.0000	0.0000	0.0000	0.0000	0.0000	0.0000	0.0000	0.0000	0.0000	0.0000	0.0000	0.0000	0.0000	0.0000	0.0000	0.0000	0.0000	0.0000	0.0000	0.0000	0.0000	0.0000	0.0000	0.0000	0.0000											
129	152	0.1115	7	0	1	0	1	0	0	0	0	N	N	N	N	N	N	N	N	N	N	N	N	0.0000	0.0000	0.0000	0.0000	0.0000	0.0000	0.0000	0.0000	0.0000	0.0000	0.0000	0.0000	0.0000	0.0000	0.0000	0.0000	0.0000	0.0000	0.0000	0.0000	0.0000	6.4701	0.0000	12.4371	0.0000	0.0000	0.0000	0.0000	0.0000	0.0000	0.0000	0.0000	0.0000	0.0000	0.0000	0.0000	0.0000	0.0000	0.0000	0.0000	0.0000	0.0000	0.0000	0.0000	0.0000	0.0000	0.0000	0.0000	0.0000	0.0000	0.0000	0.0000	0.0000	0.0000	0.0000	0.0000	0.0000	0.0000	0.0000	0.0000	0.0000	0.0000	0.0000	0.0000	0.0000	0.0000	0.0000	0.0000	0.0000	0.0000	0.0000	0.0000	0.0000	0.0000	0.0000	0.0000	0.0000	0.0000											
130	131	0.0260	4	0	2	0	1	0	0	0	0	N	Y	N	N	N	N	N	N	N	N	N	N	0.0000	0.0000	0.0000	0.0000	0.0000	0.0000	0.0000	0.0000	0.0000	0.0000	0.0000	0.0000	0.0000	0.0000	0.0000	0.0000	0.0000	0.0000	0.0000	0.0000	0.0000	0.0000	3.0001	0.0000	0.0000	0.0000	0.0000	0.0000	0.0000	0.0000	0.0000	0.0000	0.0000	0.0000	0.0000	0.0000	0.0000	0.0000	0.0000	0.0000	0.0000	0.0000	0.0000	0.0000	0.0000	0.0000	0.0000	0.0000	0.0000	0.0000	0.0000	0.0000	0.0000	0.0000	0.0000	0.0000	0.0000	0.0000	0.0000	0.0000	0.0000	0.0000	0.0000	0.0000	0.0000	0.0000	0.0000	0.0000	0.0000	0.0000	0.0000	0.0000	0.0000	0.0000	0.0000	0.0000	0.0000	0.0000											
130	133	0.0273	2	0	1	1	2	0	0	0	0	N	N	N	Y	N	N	N	N	N	N	N	N	0.0000	0.0000	0.0000	0.0000	0.0000	0.0000	0.0000	0.0000	0.0000	0.0000	0.0000	0.0000	0.0000	0.0000	0.0000	0.0000	0.0000	0.0000	0.0000	0.0000	0.0000	1.0000	3.0001	0.0000	0.0000	0.0000	0.0000	0.0000	0.0000	0.0000	0.0000	0.0000	0.0000	0.0000	0.0000	0.0000	0.0000	0.0000	0.0000	0.0000	0.0000	0.0000	0.0000	0.0000	0.0000	0.0000	0.0000	0.0000	0.0000	0.0000	0.0000	0.0112	0.0059	0.0054	0.0008	0.0005	0.0003	0.0104	0.0053	0.0051	0.0000	0.0000	0.0000	0.0000	0.0000	0.0000	0.0000	0.0000	0.0000	0.0000	0.0000	0.0000	0.0000	0.0000	0.0000	0.0000	0.0000	0.0000											
130	134	0.0273	2	0	1	1	2	0	0	0	0	N	N	N	Y	N	N	N	N	N	N	N	N	0.0000	0.0000	0.0000	0.0000	0.0000	0.0000	0.0000	0.0000	0.0000	0.0000	0.0000	0.0000	0.0000	0.0000	0.0000	0.0000	0.0000	0.0000	0.0000	0.0000	0.0000	0.0000	3.0001	0.0000	0.0000	0.0000	0.0000	0.0000	0.0000	0.0000	0.0000	0.0000	0.0000	0.0000	0.0000	0.0000	0.0000	0.0000	0.0000	0.0000	0.0000	0.0000	0.0000	0.0000	0.0000	0.0000	0.0000	0.0000	0.0000	0.0000	0.0000	0.0000	0.0000	0.0000	0.0000	0.0000	0.0000	0.0000	0.0000	0.0000	0.0000	0.0000	0.0000	0.0000	0.0000	0.0000	0.0000	0.0000	0.0000	0.0000	0.0000	0.0000	0.0000	0.0000	0.0000	0.0000	0.0000	0.0000											
130	138	0.0789	6	1	2	0	1	0	0	0	0	N	Y	N	N	N	N	N	N	N	N	N	N	0.0000	0.0000	0.0000	0.0000	0.0000	0.0000	0.0000	0.0000	0.0000	0.0000	0.0000	0.0000	0.0000	0.0000	0.0000	0.0000	0.0000	0.0000	0.0000	0.0000	0.0000	0.0002	3.0001	2.3255	0.0000	0.0000	0.0000	0.0000	0.0000	0.0000	0.0000	0.0000	0.0000	0.0000	0.0000	0.0000	0.0000	0.0000	0.0000	0.0000	0.0000	0.0000	0.0000	0.0000	0.0000	0.0000	0.0000	0.0000	0.0000	0.0000	0.0000	0.0142	0.0068	0.0074	0.0018	0.0018	0.0000	0.0124	0.0050	0.0074	0.0000	0.0000	0.0000	0.0000	0.0000	0.0000	0.0000	0.0000	0.0000	0.0000	0.0000	0.0000	0.0000	0.0000	0.0000	0.0000	0.0000	0.0000											
130	139	0.0611	5	1	2	0	1	0	0	0	0	N	Y	N	N	N	N	N	N	N	N	N	N	0.0000	0.0000	0.0000	0.0000	0.0000	0.0000	0.0000	0.0000	0.0000	0.0000	0.0000	0.0000	0.0000	1.3184	2.0654	0.0000	4.2467	4.2208	0.0000	0.0000	0.0000	0.0000	0.0000	0.0000	-0.0019	0.0000	2.0138	3.0001	2.7349	0.0000	0.0000	0.0000	0.0000	0.0000	0.0000	0.0000	0.0000	0.0000	0.0036	0.0036	0.0000	0.0036	0.0036	0.0000	0.0000	0.0000	0.0000	0.0000	0.0000	0.0000	0.0000	0.0000	0.0000	0.0000	0.0000	0.0000	0.0298	0.0124	0.0173	0.0028	0.0027	0.0000	0.0270	0.0097	0.0173	0.0000	0.0000	0.0000	0.0000	0.0000	0.0000	0.0000	0.0000	0.0000	0.1200	0.2868	0.0000	1.2979	1.3174	0.0000	0.0000	0.0000	0.0000						
130	140	0.0446	4	0	2	0	1	0	0	0	0	N	Y	N	N	N	N	N	N	N	N	N	N	0.0000	0.0000	0.0000	0.0000	0.0000	0.0000	0.0000	0.0000	0.0000	0.0000	0.0000	0.0000	0.0000	0.0259	0.1516	0.0000	1.2305	1.1780	0.0000	0.0000	0.0000	0.0000	0.0000	0.0000	-0.0000	0.0000	1.9232	3.0001	1.1116	0.0000	0.0000	0.0000	0.0000	0.0000	0.0000	0.0000	0.0000	0.0000	0.0000	0.0000	0.0000	0.0000	0.0000	0.0000	0.0000	0.0000	0.0000	0.0000	0.0000	0.0000	0.0000	0.0000	0.0000	0.0000	0.0000	0.0000	0.0183	0.0078	0.0105	0.0005	0.0004	0.0000	0.0179	0.0074	0.0105	0.0000	0.0000	0.0000	0.0000	0.0000	0.0000	0.0000	0.0000	0.0000	0.0022	0.0051	0.0000	0.0872	0.0890	0.0000	0.0000	0.0000	0.0000						
130	141	0.6868	10	0	2	0	1	0	0	0	0	N	Y	N	N	N	N	N	N	N	N	N	N	0.0000	0.0000	0.0000	0.0000	0.0000	0.0000	0.0000	0.0000	0.0000	0.0000	0.0000	0.0000	0.0000	0.0000	0.0000	0.0000	0.0000	0.0000	0.0000	0.0000	0.0000	3.0000	3.0001	1.0000	0.0000	0.0000	0.0000	0.0000	0.0000	0.0000	0.0000	0.0000	0.0000	0.0000	0.0000	0.0000	0.0000	0.0000	0.0000	0.0000	0.0000	0.0000	0.0000	0.0000	0.0000	0.0000	0.0000	0.0000	0.0000	0.0000	0.0000	0.0130	0.0079	0.0050	0.0072	0.0062	0.0010	0.0058	0.0017	0.0040	0.0000	0.0000	0.0000	0.0000	0.0000	0.0000	0.0000	0.0000	0.0000	0.0000	0.0000	0.0000	0.0000	0.0000	0.0000	0.0000	0.0000	0.0000											
130	142	0.6676	9	0	1	0	1	0	0	0	0	N	N	N	N	N	N	N	N	N	N	N	N	0.0000	0.0000	0.0000	0.0000	0.0000	0.0000	0.0000	0.0000	0.0000	0.0000	0.0000	0.0000	0.0000	0.0000	0.0000	0.0000	0.0000	0.0000	0.0000	0.0000	0.0000	1.0000	3.0001	1.0000	0.0000	0.0000	0.0000	0.0000	0.0000	0.0000	0.0000	0.0000	0.0000	0.0000	0.0000	0.0000	0.0000	0.0000	0.0000	0.0000	0.0000	0.0000	0.0000	0.0000	0.0000	0.0000	0.0000	0.0000	0.0000	0.0000	0.0000	0.0067	0.0041	0.0026	0.0037	0.0032	0.0005	0.0030	0.0009	0.0021	0.0000	0.0000	0.0000	0.0000	0.0000	0.0000	0.0000	0.0000	0.0000	0.0000	0.0000	0.0000	0.0000	0.0000	0.0000	0.0000	0.0000	0.0000											
130	143	0.4172	8	0	1	0	1	0	0	0	0	N	N	N	N	N	N	N	N	N	N	N	N	0.0000	0.0000	0.0000	0.0000	0.0000	0.0000	0.0000	0.0000	0.0000	0.0000	0.0000	0.0000	0.0000	0.0000	0.0000	0.0000	0.0000	0.0000	12.7590	2.2188	36.7060	0.4863	0.4428	0.0773	26.6094	4.2609	50.3774	54.2376	0.0000	0.7442	0.0000	7.1211	3.0001	10.9474	0.0000	0.0000	0.0000	0.0000	0.0000	0.0000	0.0000	0.0000	0.0000	1.6179	0.0293	1.5886	0.0020	0.0017	0.0003	1.6159	0.0276	1.5883	0.0000	0.0000	0.0000	0.0000	0.0000	0.0000	0.0000	0.0000	0.0000	0.1268	0.0792	0.0476	0.0661	0.0566	0.0094	0.0607	0.0225	0.0382	0.0000	0.0000	0.0000	0.0000	0.0000	0.0000	0.0000	0.0000	0.0000	12.7590	0.3699	33.3569	0.0298	0.0295	0.0318	26.6094	1.2251	41.5975	
130	144	0.2225	7	0	1	0	1	0	0	0	0	N	N	N	N	N	N	N	N	N	N	N	N	0.0000	0.0000	0.0000	0.0000	0.0000	0.0000	0.0000	0.0000	0.0000	0.0000	0.0000	0.0000	0.0000	0.0000	0.0000	0.0000	0.0000	0.0000	12.5196	21.3550	12.4549	10.3871	11.4051	0.0000	13.1306	28.6876	11.8006	0.2263	0.0000	-0.5177	0.0000	8.5175	3.0001	23.1696	0.0000	0.0000	0.0000	0.0000	0.0000	0.0000	0.0000	0.0000	0.0000	1.5345	1.2514	0.2831	0.2836	0.2836	0.0000	1.2510	0.9678	0.2831	0.0000	0.0000	0.0000	0.0000	0.0000	0.0000	0.0000	0.0000	0.0000	0.1226	0.0586	0.0640	0.0273	0.0249	0.0024	0.0953	0.0337	0.0615	0.0000	0.0000	0.0000	0.0000	0.0000	0.0000	0.0000	0.0000	0.0000	12.5196	21.3550	4.4260	10.3871	11.4051	0.0000	13.1306	28.6876	4.6013	
130	145	0.0260	4	1	2	0	1	0	0	0	0	N	Y	N	N	N	N	N	N	N	N	N	N	0.0000	0.0000	0.0000	0.0000	0.0000	0.0000	0.0000	0.0000	0.0000	0.0000	0.0000	0.0000	0.0000	0.0000	0.0000	0.0000	0.0000	0.0000	0.0000	0.0000	0.0000	1.0000	3.0001	1.0000	0.0000	0.0000	0.0000	0.0000	0.0000	0.0000	0.0000	0.0000	0.0000	0.0000	0.0000	0.0000	0.0000	0.0000	0.0000	0.0000	0.0000	0.0000	0.0000	0.0000	0.0000	0.0000	0.0000	0.0000	0.0000	0.0000	0.0000	0.0156	0.0072	0.0084	0.0002	0.0002	0.0000	0.0154	0.0071	0.0084	0.0000	0.0000	0.0000	0.0000	0.0000	0.0000	0.0000	0.0000	0.0000	0.0000	0.0000	0.0000	0.0000	0.0000	0.0000	0.0000	0.0000	0.0000											
130	146	0.0260	3	0	2	0	1	0	0	0	0	N	Y	N	N	N	N	N	N	N	N	N	N	0.0000	0.0000	0.0000	0.0000	0.0000	0.0000	0.0000	0.0000	0.0000	0.0000	0.0000	0.0000	0.0000	0.0000	0.0000	0.0000	0.0000	0.0000	0.0000	0.0000	0.0000	0.0003	3.0001	0.0000	0.0000	0.0000	0.0000	0.0000	0.0000	0.0000	0.0000	0.0000	0.0000	0.0000	0.0000	0.0000	0.0000	0.0000	0.0000	0.0000	0.0000	0.0000	0.0000	0.0000	0.0000	0.0000	0.0000	0.0000	0.0000	0.0000	0.0000	0.0000	0.0000	0.0000	0.0000	0.0000	0.0000	0.0000	0.0000	0.0000	0.0000	0.0000	0.0000	0.0000	0.0000	0.0000	0.0000	0.0000	0.0000	0.0000	0.0000	0.0000	0.0000	0.0000	0.0000	0.0000	0.0000	0.0000											
130	150	0.2388	8	0	1	0	1	0	0	0	0	N	N	N	N	N	N	N	N	N	N	N	N	0.0000	0.0000	0.0000	0.0000	0.0000	0.0000	0.0000	0.0000	0.0000	0.0000	0.0000	0.0000	0.0000	2.5698	3.5562	0.0000	6.7115	6.9036	0.0000	0.0000	0.0000	0.0000	0.0000	0.0000	-0.0624	0.0000	3.7255	3.0001	14.1767	0.0000	0.0000	0.0000	0.0000	0.0000	0.0000	0.0000	0.0000	0.0000	0.1195	0.1195	0.0000	0.1195	0.1195	0.0000	0.0000	0.0000	0.0000	0.0000	0.0000	0.0000	0.0000	0.0000	0.0000	0.0000	0.0000	0.0000	0.0759	0.0396	0.0363	0.0195	0.0180	0.0015	0.0564	0.0216	0.0347	0.0000	0.0000	0.0000	0.0000	0.0000	0.0000	0.0000	0.0000	0.0000	1.5754	3.0173	0.0000	6.1296	6.6509	0.0000	0.0000	0.0000	0.0000						
130	151	0.2225	7	0	1	0	1	0	0	0	0	N	N	N	N	N	N	N	N	N	N	N	N	0.0000	0.0000	0.0000	0.0000	0.0000	0.0000	0.0000	0.0000	0.0000	0.0000	0.0000	0.0000	0.0000	0.0000	0.0000	0.0000	0.0000	8.7546	13.9615	11.3501	20.6634	21.3136	0.0000	3.2094	2.6269	10.9245	0.1932	0.0000	-0.1569	0.0000	1.4205	3.0001	4.0377	0.0000	0.0000	0.0000	0.0000	0.0000	0.0000	0.0000	0.0000	0.0000	0.4358	0.3653	0.0706	0.3644	0.3644	0.0000	0.0715	0.0009	0.0706	0.0000	0.0000	0.0000	0.0000	0.0000	0.0000	0.0000	0.0000	0.0000	0.0498	0.0262	0.0236	0.0176	0.0171	0.0005	0.0322	0.0091	0.0231	0.0000	0.0000	0.0000	0.0000	0.0000	0.0000	0.0000	0.0000	0.0000	8.7546	13.9615	2.9880	20.6634	21.3136	0.0000	2.2235	0.0999	3.0576		
130	152	0.1115	6	0	1	0	1	0	0	0	0	N	N	N	N	N	N	N	N	N	N	N	N	0.0000	0.0000	0.0000	0.0000	0.0000	0.0000	0.0000	0.0000	0.0000	0.0000	0.0000	0.0000	0.0000	0.0000	0.0000	0.0000	0.0000	7.9812	19.9182	0.0247	338.6139	352.3796	0.0000	0.8308	3.0934	0.0098	0.0007	0.0000	-0.3118	0.0000	6.4701	3.0001	12.4371	0.0000	0.0000	0.0000	0.0000	0.0000	0.0000	0.0000	0.0000	0.0000	0.5983	0.5979	0.0004	0.5930	0.5930	0.0000	0.0054	0.0049	0.0004	0.0000	0.0000	0.0000	0.0000	0.0000	0.0000	0.0000	0.0000	0.0000	0.0750	0.0300	0.0450	0.0018	0.0017	0.0001	0.0732	0.0283	0.0449	0.0000	0.0000	0.0000	0.0000	0.0000	0.0000	0.0000	0.0000	0.0000	7.9812	19.9182	0.0098	338.6139	352.3796	0.0000	0.0732	0.1736	0.0098		
131	132	0.0097	4	0	1	1	1	0	0	0	0	N	N	N	N	N	N	N	N	N	N	N	N	0.0000	0.0000	0.0000	0.0000	0.0000	0.0000	0.0000	0.0000	0.0000	0.0000	0.0000	0.0000	0.0000	0.0000	0.0000	0.0000	0.0000	0.0000	0.0000	0.0000	0.0000	0.0000	0.0000	1.9999	0.0000	0.0000	0.0000	0.0000	0.0000	0.0000	0.0000	0.0000	0.0000	0.0000	0.0000	0.0000	0.0000	0.0000	0.0000	0.0000	0.0000	0.0000	0.0000	0.0000	0.0000	0.0000	0.0000	0.0000	0.0000	0.0000	0.0000	0.0000	0.0000	0.0000	0.0000	0.0000	0.0000	0.0000	0.0000	0.0000	0.0000	0.0000	0.0000	0.0000	0.0000	0.0000	0.0000	0.0000	0.0000	0.0000	0.0000	0.0000	0.0000	0.0000	0.0000	0.0000	0.0000	0.0000											
131	133	0.0207	5	0	1	1	1	0	0	0	0	N	N	N	N	N	N	N	N	N	N	N	N	0.0000	0.0000	0.0000	0.0000	0.0000	0.0000	0.0000	0.0000	0.0000	0.0000	0.0000	0.0000	0.0000	0.0000	0.0000	0.0000	0.0000	0.0000	0.0000	0.0000	0.0000	1.0000	0.0000	0.0000	0.0000	0.0000	0.0000	0.0000	0.0000	0.0000	0.0000	0.0000	0.0000	0.0000	0.0000	0.0000	0.0000	0.0000	0.0000	0.0000	0.0000	0.0000	0.0000	0.0000	0.0000	0.0000	0.0000	0.0000	0.0000	0.0000	0.0000	0.0000	0.0000	0.0000	0.0000	0.0000	0.0000	0.0000	0.0000	0.0000	0.0000	0.0000	0.0000	0.0000	0.0000	0.0000	0.0000	0.0000	0.0000	0.0000	0.0000	0.0000	0.0000	0.0000	0.0000	0.0000	0.0000	0.0000											
131	134	0.0207	5	0	1	1	1	0	0	0	0	N	N	N	N	N	N	N	N	N	N	N	N	0.0000	0.0000	0.0000	0.0000	0.0000	0.0000	0.0000	0.0000	0.0000	0.0000	0.0000	0.0000	0.0000	0.0000	0.0000	0.0000	0.0000	0.0000	0.0000	0.0000	0.0000	0.0000	0.0000	0.0000	0.0000	0.0000	0.0000	0.0000	0.0000	0.0000	0.0000	0.0000	0.0000	0.0000	0.0000	0.0000	0.0000	0.0000	0.0000	0.0000	0.0000	0.0000	0.0000	0.0000	0.0000	0.0000	0.0000	0.0000	0.0000	0.0000	0.0000	0.0000	0.0000	0.0000	0.0000	0.0000	0.0000	0.0000	0.0000	0.0000	0.0000	0.0000	0.0000	0.0000	0.0000	0.0000	0.0000	0.0000	0.0000	0.0000	0.0000	0.0000	0.0000	0.0000	0.0000	0.0000	0.0000	0.0000											
131	135	0.0097	4	0	1	1	1	0	0	0	0	N	N	N	N	N	N	N	N	N	N	N	N	0.0000	0.0000	0.0000	0.0000	0.0000	0.0000	0.0000	0.0000	0.0000	0.0000	0.0000	0.0000	0.0000	0.0000	0.0000	0.0000	0.0000	0.0000	0.0000	0.0000	0.0000	2.0025	0.0000	0.9943	0.0000	0.0000	0.0000	0.0000	0.0000	0.0000	0.0000	0.0000	0.0000	0.0000	0.0000	0.0000	0.0000	0.0000	0.0000	0.0000	0.0000	0.0000	0.0000	0.0000	0.0000	0.0000	0.0000	0.0000	0.0000	0.0000	0.0000	0.0000	0.0000	0.0000	0.0000	0.0000	0.0000	0.0000	0.0000	0.0000	0.0000	0.0000	0.0000	0.0000	0.0000	0.0000	0.0000	0.0000	0.0000	0.0000	0.0000	0.0000	0.0000	0.0000	0.0000	0.0000	0.0000	0.0000											
131	136	0.0097	3	0	1	0	1	0	0	0	0	N	N	N	N	N	N	N	N	N	N	N	N	0.0000	0.0000	0.0000	0.0000	0.0000	0.0000	0.0000	0.0000	0.0000	0.0000	0.0000	0.0000	0.0000	0.0000	0.0000	0.0000	0.0000	0.0000	0.0000	0.0000	0.0000	0.0050	0.0000	0.0173	0.0000	0.0000	0.0000	0.0000	0.0000	0.0000	0.0000	0.0000	0.0000	0.0000	0.0000	0.0000	0.0000	0.0000	0.0000	0.0000	0.0000	0.0000	0.0000	0.0000	0.0000	0.0000	0.0000	0.0000	0.0000	0.0000	0.0000	0.0000	0.0000	0.0000	0.0000	0.0000	0.0000	0.0000	0.0000	0.0000	0.0000	0.0000	0.0000	0.0000	0.0000	0.0000	0.0000	0.0000	0.0000	0.0000	0.0000	0.0000	0.0000	0.0000	0.0000	0.0000	0.0000	0.0000											
131	137	0.0000	2	0	1	0	1	0	0	0	0	N	N	N	N	N	N	N	N	N	N	N	N	0.0000	0.0000	0.0000	0.0000	0.0000	0.0000	0.0000	0.0000	0.0000	0.0000	0.0000	0.0000	0.0000	0.0000	0.0000	0.0000	0.0000	0.0000	0.0000	0.0000	0.0000	1.9972	0.0000	1.0076	0.0000	0.0000	0.0000	0.0000	0.0000	0.0000	0.0000	0.0000	0.0000	0.0000	0.0000	0.0000	0.0000	0.0000	0.0000	0.0000	0.0000	0.0000	0.0000	0.0000	0.0000	0.0000	0.0000	0.0000	0.0000	0.0000	0.0000	0.0000	0.0000	0.0000	0.0000	0.0000	0.0000	0.0000	0.0000	0.0000	0.0000	0.0000	0.0000	0.0000	0.0000	0.0000	0.0000	0.0000	0.0000	0.0000	0.0000	0.0000	0.0000	0.0000	0.0000	0.0000	0.0000	0.0000											
131	138	0.0530	5	1	2	0	0	0	0	0	0	N	Y	N	N	N	N	N	N	N	N	N	N	0.0000	0.0000	0.0000	0.0000	0.0000	0.0000	0.0000	0.0000	0.0000	0.0000	0.0000	0.0000	0.0000	0.0000	0.0000	0.0000	0.0000	0.0000	0.0000	0.0000	0.0000	0.0002	0.0000	2.3255	0.0000	0.0000	0.0000	0.0000	0.0000	0.0000	0.0000	0.0000	0.0000	0.0000	0.0000	0.0000	0.0000	0.0000	0.0000	0.0000	0.0000	0.0000	0.0000	0.0000	0.0000	0.0000	0.0000	0.0000	0.0000	0.0000	0.0000	0.0000	0.0000	0.0000	0.0000	0.0000	0.0000	0.0000	0.0000	0.0000	0.0000	0.0000	0.0000	0.0000	0.0000	0.0000	0.0000	0.0000	0.0000	0.0000	0.0000	0.0000	0.0000	0.0000	0.0000	0.0000	0.0000	0.0000											
131	139	0.0351	4	1	2	0	0	0	0	0	0	N	Y	N	N	N	N	N	N	N	N	N	N	0.0000	0.0000	0.0000	0.0000	0.0000	0.0000	0.0000	0.0000	0.0000	0.0000	0.0000	0.0000	0.0000	0.0000	0.0000	0.0000	0.0000	0.0000	0.0000	0.0000	0.0000	2.0138	0.0000	2.7349	0.0000	0.0000	0.0000	0.0000	0.0000	0.0000	0.0000	0.0000	0.0000	0.0000	0.0000	0.0000	0.0000	0.0000	0.0000	0.0000	0.0000	0.0000	0.0000	0.0000	0.0000	0.0000	0.0000	0.0000	0.0000	0.0000	0.0000	0.0000	0.0000	0.0000	0.0000	0.0000	0.0000	0.0000	0.0000	0.0000	0.0000	0.0000	0.0000	0.0000	0.0000	0.0000	0.0000	0.0000	0.0000	0.0000	0.0000	0.0000	0.0000	0.0000	0.0000	0.0000	0.0000	0.0000											
131	140	0.0186	3	0	2	0	0	0	0	0	0	N	Y	N	N	N	N	N	N	N	N	N	N	0.0000	0.0000	0.0000	0.0000	0.0000	0.0000	0.0000	0.0000	0.0000	0.0000	0.0000	0.0000	0.0000	0.0000	0.0000	0.0000	0.0000	0.0000	0.0000	0.0000	0.0000	1.9232	0.0000	1.1116	0.0000	0.0000	0.0000	0.0000	0.0000	0.0000	0.0000	0.0000	0.0000	0.0000	0.0000	0.0000	0.0000	0.0000	0.0000	0.0000	0.0000	0.0000	0.0000	0.0000	0.0000	0.0000	0.0000	0.0000	0.0000	0.0000	0.0000	0.0000	0.0000	0.0000	0.0000	0.0000	0.0000	0.0000	0.0000	0.0000	0.0000	0.0000	0.0000	0.0000	0.0000	0.0000	0.0000	0.0000	0.0000	0.0000	0.0000	0.0000	0.0000	0.0000	0.0000	0.0000	0.0000	0.0000											
131	141	0.6608	9	0	2	0	0	0	0	0	0	N	Y	N	N	N	N	N	N	N	N	N	N	0.0000	0.0000	0.0000	0.0000	0.0000	0.0000	0.0000	0.0000	0.0000	0.0000	0.0000	0.0000	0.0000	0.0000	0.0000	0.0000	0.0000	0.0000	0.0000	0.0000	0.0000	3.0000	0.0000	1.0000	0.0000	0.0000	0.0000	0.0000	0.0000	0.0000	0.0000	0.0000	0.0000	0.0000	0.0000	0.0000	0.0000	0.0000	0.0000	0.0000	0.0000	0.0000	0.0000	0.0000	0.0000	0.0000	0.0000	0.0000	0.0000	0.0000	0.0000	0.0000	0.0000	0.0000	0.0000	0.0000	0.0000	0.0000	0.0000	0.0000	0.0000	0.0000	0.0000	0.0000	0.0000	0.0000	0.0000	0.0000	0.0000	0.0000	0.0000	0.0000	0.0000	0.0000	0.0000	0.0000	0.0000	0.0000											
131	142	0.6416	8	0	1	0	0	0	0	0	0	N	N	N	N	N	N	N	N	N	N	N	N	0.0000	0.0000	0.0000	0.0000	0.0000	0.0000	0.0000	0.0000	0.0000	0.0000	0.0000	0.0000	0.0000	0.0000	0.0000	0.0000	0.0000	0.0000	0.0000	0.0000	0.0000	1.0000	0.0000	1.0000	0.0000	0.0000	0.0000	0.0000	0.0000	0.0000	0.0000	0.0000	0.0000	0.0000	0.0000	0.0000	0.0000	0.0000	0.0000	0.0000	0.0000	0.0000	0.0000	0.0000	0.0000	0.0000	0.0000	0.0000	0.0000	0.0000	0.0000	0.0000	0.0000	0.0000	0.0000	0.0000	0.0000	0.0000	0.0000	0.0000	0.0000	0.0000	0.0000	0.0000	0.0000	0.0000	0.0000	0.0000	0.0000	0.0000	0.0000	0.0000	0.0000	0.0000	0.0000	0.0000	0.0000	0.0000											
131	143	0.3913	7	0	1	0	0	0	0	0	0	N	N	N	N	N	N	N	N	N	N	N	N	0.0000	0.0000	0.0000	0.0000	0.0000	0.0000	0.0000	0.0000	0.0000	0.0000	0.0000	0.0000	0.0000	0.0000	0.0000	0.0000	0.0000	0.0000	0.0000	0.0000	0.0000	7.1211	0.0000	10.9474	0.0000	0.0000	0.0000	0.0000	0.0000	0.0000	0.0000	0.0000	0.0000	0.0000	0.0000	0.0000	0.0000	0.0000	0.0000	0.0000	0.0000	0.0000	0.0000	0.0000	0.0000	0.0000	0.0000	0.0000	0.0000	0.0000	0.0000	0.0000	0.0000	0.0000	0.0000	0.0000	0.0000	0.0000	0.0000	0.0000	0.0000	0.0000	0.0000	0.0000	0.0000	0.0000	0.0000	0.0000	0.0000	0.0000	0.0000	0.0000	0.0000	0.0000	0.0000	0.0000	0.0000	0.0000											
131	144	0.1965	6	0	1	0	0	0	0	0	0	N	N	N	N	N	N	N	N	N	N	N	N	0.0000	0.0000	0.0000	0.0000	0.0000	0.0000	0.0000	0.0000	0.0000	0.0000	0.0000	0.0000	0.0000	0.0000	0.0000	0.0000	0.0000	0.0000	0.0000	0.0000	0.0000	8.5175	0.0000	23.1696	0.0000	0.0000	0.0000	0.0000	0.0000	0.0000	0.0000	0.0000	0.0000	0.0000	0.0000	0.0000	0.0000	0.0000	0.0000	0.0000	0.0000	0.0000	0.0000	0.0000	0.0000	0.0000	0.0000	0.0000	0.0000	0.0000	0.0000	0.0000	0.0000	0.0000	0.0000	0.0000	0.0000	0.0000	0.0000	0.0000	0.0000	0.0000	0.0000	0.0000	0.0000	0.0000	0.0000	0.0000	0.0000	0.0000	0.0000	0.0000	0.0000	0.0000	0.0000	0.0000	0.0000	0.0000											
131	150	0.2129	7	0	1	0	0	0	0	0	0	N	N	N	N	N	N	N	N	N	N	N	N	0.0000	0.0000	0.0000	0.0000	0.0000	0.0000	0.0000	0.0000	0.0000	0.0000	0.0000	0.0000	0.0000	0.0000	0.0000	0.0000	0.0000	0.0000	0.0000	0.0000	0.0000	3.7255	0.0000	14.1767	0.0000	0.0000	0.0000	0.0000	0.0000	0.0000	0.0000	0.0000	0.0000	0.0000	0.0000	0.0000	0.0000	0.0000	0.0000	0.0000	0.0000	0.0000	0.0000	0.0000	0.0000	0.0000	0.0000	0.0000	0.0000	0.0000	0.0000	0.0000	0.0000	0.0000	0.0000	0.0000	0.0000	0.0000	0.0000	0.0000	0.0000	0.0000	0.0000	0.0000	0.0000	0.0000	0.0000	0.0000	0.0000	0.0000	0.0000	0.0000	0.0000	0.0000	0.0000	0.0000	0.0000	0.0000											
131	151	0.1965	6	0	1	0	0	0	0	0	0	N	N	N	N	N	N	N	N	N	N	N	N	0.0000	0.0000	0.0000	0.0000	0.0000	0.0000	0.0000	0.0000	0.0000	0.0000	0.0000	0.0000	0.0000	0.0000	0.0000	0.0000	0.0000	0.0000	0.0000	0.0000	0.0000	1.4205	0.0000	4.0377	0.0000	0.0000	0.0000	0.0000	0.0000	0.0000	0.0000	0.0000	0.0000	0.0000	0.0000	0.0000	0.0000	0.0000	0.0000	0.0000	0.0000	0.0000	0.0000	0.0000	0.0000	0.0000	0.0000	0.0000	0.0000	0.0000	0.0000	0.0000	0.0000	0.0000	0.0000	0.0000	0.0000	0.0000	0.0000	0.0000	0.0000	0.0000	0.0000	0.0000	0.0000	0.0000	0.0000	0.0000	0.0000	0.0000	0.0000	0.0000	0.0000	0.0000	0.0000	0.0000	0.0000	0.0000											
131	152	0.0855	5	0	1	0	0	0	0	0	0	N	N	N	N	N	N	N	N	N	N	N	N	0.0000	0.0000	0.0000	0.0000	0.0000	0.0000	0.0000	0.0000	0.0000	0.0000	0.0000	0.0000	0.0000	0.0000	0.0000	0.0000	0.0000	0.0000	0.0000	0.0000	0.0000	6.4701	0.0000	12.4371	0.0000	0.0000	0.0000	0.0000	0.0000	0.0000	0.0000	0.0000	0.0000	0.0000	0.0000	0.0000	0.0000	0.0000	0.0000	0.0000	0.0000	0.0000	0.0000	0.0000	0.0000	0.0000	0.0000	0.0000	0.0000	0.0000	0.0000	0.0000	0.0000	0.0000	0.0000	0.0000	0.0000	0.0000	0.0000	0.0000	0.0000	0.0000	0.0000	0.0000	0.0000	0.0000	0.0000	0.0000	0.0000	0.0000	0.0000	0.0000	0.0000	0.0000	0.0000	0.0000	0.0000	0.0000											
132	133	0.0217	2	0	0	2	2	0	0	0	0	N	N	Y	Y	N	N	N	N	N	N	N	N	0.0000	0.0000	0.0000	0.0000	0.0000	0.0000	0.0000	0.0000	0.0000	0.0000	0.0000	0.0000	0.0000	0.0000	0.0000	0.0000	0.0000	0.0000	0.0000	0.0000	0.0000	1.0000	1.9999	0.0000	0.0000	0.0000	0.0000	0.0000	0.0000	0.0000	0.0000	0.0000	0.0000	0.0000	0.0000	0.0000	0.0000	0.0000	0.0000	0.0000	0.0000	0.0000	0.0000	0.0000	0.0000	0.0000	0.0000	0.0000	0.0000	0.0000	0.0000	0.0078	0.0041	0.0037	0.0006	0.0004	0.0002	0.0072	0.0037	0.0035	0.0000	0.0000	0.0000	0.0000	0.0000	0.0000	0.0000	0.0000	0.0000	0.0000	0.0000	0.0000	0.0000	0.0000	0.0000	0.0000	0.0000	0.0000											
132	134	0.0217	2	0	0	2	2	0	0	0	0	N	N	Y	Y	N	N	N	N	N	N	N	N	0.0000	0.0000	0.0000	0.0000	0.0000	0.0000	0.0000	0.0000	0.0000	0.0000	0.0000	0.0000	0.0000	0.0000	0.0000	0.0000	0.0000	0.0000	0.0000	0.0000	0.0000	0.0000	1.9999	0.0000	0.0000	0.0000	0.0000	0.0000	0.0000	0.0000	0.0000	0.0000	0.0000	0.0000	0.0000	0.0000	0.0000	0.0000	0.0000	0.0000	0.0000	0.0000	0.0000	0.0000	0.0000	0.0000	0.0000	0.0000	0.0000	0.0000	0.0000	0.0000	0.0000	0.0000	0.0000	0.0000	0.0000	0.0000	0.0000	0.0000	0.0000	0.0000	0.0000	0.0000	0.0000	0.0000	0.0000	0.0000	0.0000	0.0000	0.0000	0.0000	0.0000	0.0000	0.0000	0.0000	0.0000	0.0000											
132	138	0.0734	6	1	1	1	1	0	0	0	0	N	N	N	N	N	N	N	N	N	N	N	N	0.0000	0.0000	0.0000	0.0000	0.0000	0.0000	0.0000	0.0000	0.0000	0.0000	0.0000	0.0000	0.0000	0.0076	0.0178	0.0000	0.0680	0.0551	0.0000	0.0000	0.0000	0.0000	0.0000	0.0000	-0.0000	0.0000	0.0002	1.9999	2.3255	0.0000	0.0000	0.0000	0.0000	0.0000	0.0000	0.0000	0.0000	0.0000	0.0000	0.0000	0.0000	0.0000	0.0000	0.0000	0.0000	0.0000	0.0000	0.0000	0.0000	0.0000	0.0000	0.0000	0.0000	0.0000	0.0000	0.0000	0.0095	0.0045	0.0050	0.0012	0.0012	0.0000	0.0084	0.0033	0.0050	0.0000	0.0000	0.0000	0.0000	0.0000	0.0000	0.0000	0.0000	0.0000	0.0010	0.0022	0.0000	0.0084	0.0084	0.0000	0.0000	0.0000	0.0000						
132	139	0.0555	5	1	1	1	1	0	0	0	0	N	N	N	N	N	N	N	N	N	N	N	N	0.0000	0.0000	0.0000	0.0000	0.0000	0.0000	0.0000	0.0000	0.0000	0.0000	0.0000	0.0000	0.0000	0.0020	0.0000	0.0009	0.0000	0.0000	0.0000	0.0006	0.0000	0.0009	inf	0.0000	0.0000	0.0000	2.0138	1.9999	2.7349	0.0000	0.0000	0.0000	0.0000	0.0000	0.0000	0.0000	0.0000	0.0000	0.0000	0.0000	0.0000	0.0000	0.0000	0.0000	0.0000	0.0000	0.0000	0.0000	0.0000	0.0000	0.0000	0.0000	0.0000	0.0000	0.0000	0.0000	0.0202	0.0085	0.0117	0.0020	0.0019	0.0000	0.0183	0.0066	0.0117	0.0000	0.0000	0.0000	0.0000	0.0000	0.0000	0.0000	0.0000	0.0000	0.0005	0.0000	0.0009	0.0000	0.0000	0.0000	0.0005	0.0000	0.0009						
132	140	0.0390	4	0	1	1	1	0	0	0	0	N	N	N	N	N	N	N	N	N	N	N	N	0.0000	0.0000	0.0000	0.0000	0.0000	0.0000	0.0000	0.0000	0.0000	0.0000	0.0000	0.0000	0.0000	0.0000	0.0000	0.0000	0.0000	0.0000	0.0000	0.0000	0.0000	1.9232	1.9999	1.1116	0.0000	0.0000	0.0000	0.0000	0.0000	0.0000	0.0000	0.0000	0.0000	0.0000	0.0000	0.0000	0.0000	0.0000	0.0000	0.0000	0.0000	0.0000	0.0000	0.0000	0.0000	0.0000	0.0000	0.0000	0.0000	0.0000	0.0000	0.0125	0.0054	0.0071	0.0004	0.0004	0.0000	0.0121	0.0050	0.0071	0.0000	0.0000	0.0000	0.0000	0.0000	0.0000	0.0000	0.0000	0.0000	0.0000	0.0000	0.0000	0.0000	0.0000	0.0000	0.0000	0.0000	0.0000											
132	141	0.6812	10	0	1	1	1	0	0	0	0	N	N	N	N	N	N	N	N	N	N	N	N	0.0000	0.0000	0.0000	0.0000	0.0000	0.0000	0.0000	0.0000	0.0000	0.0000	0.0000	0.0000	0.0000	0.0000	0.0000	0.0000	0.0000	0.0000	0.0000	0.0000	0.0000	3.0000	1.9999	1.0000	0.0000	0.0000	0.0000	0.0000	0.0000	0.0000	0.0000	0.0000	0.0000	0.0000	0.0000	0.0000	0.0000	0.0000	0.0000	0.0000	0.0000	0.0000	0.0000	0.0000	0.0000	0.0000	0.0000	0.0000	0.0000	0.0000	0.0000	0.0087	0.0053	0.0034	0.0048	0.0042	0.0007	0.0039	0.0012	0.0027	0.0000	0.0000	0.0000	0.0000	0.0000	0.0000	0.0000	0.0000	0.0000	0.0000	0.0000	0.0000	0.0000	0.0000	0.0000	0.0000	0.0000	0.0000											
132	142	0.6620	9	0	0	1	1	0	0	0	0	N	N	N	N	N	N	N	N	N	N	N	N	0.0000	0.0000	0.0000	0.0000	0.0000	0.0000	0.0000	0.0000	0.0000	0.0000	0.0000	0.0000	0.0000	0.0000	0.0000	0.0000	0.0000	0.0000	0.0000	0.0000	0.0000	1.0000	1.9999	1.0000	0.0000	0.0000	0.0000	0.0000	0.0000	0.0000	0.0000	0.0000	0.0000	0.0000	0.0000	0.0000	0.0000	0.0000	0.0000	0.0000	0.0000	0.0000	0.0000	0.0000	0.0000	0.0000	0.0000	0.0000	0.0000	0.0000	0.0000	0.0045	0.0027	0.0018	0.0025	0.0021	0.0004	0.0020	0.0006	0.0014	0.0000	0.0000	0.0000	0.0000	0.0000	0.0000	0.0000	0.0000	0.0000	0.0000	0.0000	0.0000	0.0000	0.0000	0.0000	0.0000	0.0000	0.0000											
132	143	0.4116	8	0	0	1	1	0	0	0	0	N	N	N	N	N	N	N	N	N	N	N	N	0.0000	0.0000	0.0000	0.0000	0.0000	0.0000	0.0000	0.0000	0.0000	0.0000	0.0000	0.0000	0.0000	0.0275	0.0458	0.0000	0.0171	0.0195	0.0000	0.0000	0.0000	0.0000	0.0000	0.0000	-0.0001	0.0000	7.1211	1.9999	10.9474	0.0000	0.0000	0.0000	0.0000	0.0000	0.0000	0.0000	0.0000	0.0000	0.0002	0.0002	0.0000	0.0002	0.0002	0.0000	0.0000	0.0000	0.0000	0.0000	0.0000	0.0000	0.0000	0.0000	0.0000	0.0000	0.0000	0.0000	0.0852	0.0532	0.0320	0.0444	0.0380	0.0063	0.0408	0.0151	0.0257	0.0000	0.0000	0.0000	0.0000	0.0000	0.0000	0.0000	0.0000	0.0000	0.0022	0.0036	0.0000	0.0043	0.0050	0.0000	0.0000	0.0000	0.0000						
132	144	0.2169	7	0	0	1	1	0	0	0	0	N	N	N	N	N	N	N	N	N	N	N	N	0.0000	0.0000	0.0000	0.0000	0.0000	0.0000	0.0000	0.0000	0.0000	0.0000	0.0000	0.0000	0.0000	0.0000	0.0000	0.1853	0.0000	0.0225	0.0000	0.0000	0.0000	0.0529	0.0001	0.0097	286374.3936	0.0000	0.0002	0.0000	8.5175	1.9999	23.1696	0.0000	0.0000	0.0000	0.0000	0.0000	0.0000	0.0000	0.0000	0.0000	0.0004	0.0000	0.0004	0.0000	0.0000	0.0000	0.0004	0.0000	0.0004	0.0000	0.0000	0.0000	0.0000	0.0000	0.0000	0.0000	0.0000	0.0000	0.0824	0.0394	0.0430	0.0183	0.0167	0.0016	0.0640	0.0226	0.0414	0.0000	0.0000	0.0000	0.0000	0.0000	0.0000	0.0000	0.0000	0.0000	0.0049	0.0000	0.0093	0.0000	0.0000	0.0000	0.0062	0.0000	0.0097				
132	145	0.0204	4	1	1	1	1	0	0	0	0	N	N	N	N	N	N	N	N	N	N	N	N	0.0000	0.0000	0.0000	0.0000	0.0000	0.0000	0.0000	0.0000	0.0000	0.0000	0.0000	0.0000	0.0000	0.0000	0.0000	0.0000	0.0000	0.0000	0.0000	0.0000	0.0000	1.0000	1.9999	1.0000	0.0000	0.0000	0.0000	0.0000	0.0000	0.0000	0.0000	0.0000	0.0000	0.0000	0.0000	0.0000	0.0000	0.0000	0.0000	0.0000	0.0000	0.0000	0.0000	0.0000	0.0000	0.0000	0.0000	0.0000	0.0000	0.0000	0.0000	0.0107	0.0050	0.0057	0.0002	0.0002	0.0000	0.0105	0.0048	0.0057	0.0000	0.0000	0.0000	0.0000	0.0000	0.0000	0.0000	0.0000	0.0000	0.0000	0.0000	0.0000	0.0000	0.0000	0.0000	0.0000	0.0000	0.0000											
132	146	0.0204	3	0	1	1	1	0	0	0	0	N	N	N	N	N	N	N	N	N	N	N	N	0.0000	0.0000	0.0000	0.0000	0.0000	0.0000	0.0000	0.0000	0.0000	0.0000	0.0000	0.0000	0.0000	0.0000	0.0000	0.0000	0.0000	0.0000	0.0000	0.0000	0.0000	0.0003	1.9999	0.0000	0.0000	0.0000	0.0000	0.0000	0.0000	0.0000	0.0000	0.0000	0.0000	0.0000	0.0000	0.0000	0.0000	0.0000	0.0000	0.0000	0.0000	0.0000	0.0000	0.0000	0.0000	0.0000	0.0000	0.0000	0.0000	0.0000	0.0000	0.0000	0.0000	0.0000	0.0000	0.0000	0.0000	0.0000	0.0000	0.0000	0.0000	0.0000	0.0000	0.0000	0.0000	0.0000	0.0000	0.0000	0.0000	0.0000	0.0000	0.0000	0.0000	0.0000	0.0000	0.0000	0.0000	0.0000											
132	150	0.2332	8	0	0	1	1	0	0	0	0	N	N	N	N	N	N	N	N	N	N	N	N	0.0000	0.0000	0.0000	0.0000	0.0000	0.0000	0.0000	0.0000	0.0000	0.0000	0.0000	0.0000	0.0000	0.0012	0.0028	0.0000	0.0039	0.0036	0.0000	0.0000	0.0000	0.0000	0.0000	0.0000	-0.0000	0.0000	3.7255	1.9999	14.1767	0.0000	0.0000	0.0000	0.0000	0.0000	0.0000	0.0000	0.0000	0.0000	0.0000	0.0000	0.0000	0.0000	0.0000	0.0000	0.0000	0.0000	0.0000	0.0000	0.0000	0.0000	0.0000	0.0000	0.0000	0.0000	0.0000	0.0000	0.0510	0.0266	0.0244	0.0131	0.0121	0.0010	0.0379	0.0145	0.0233	0.0000	0.0000	0.0000	0.0000	0.0000	0.0000	0.0000	0.0000	0.0000	0.0004	0.0008	0.0000	0.0015	0.0017	0.0000	0.0000	0.0000	0.0000						
132	151	0.2169	7	0	0	1	1	0	0	0	0	N	N	N	N	N	N	N	N	N	N	N	N	0.0000	0.0000	0.0000	0.0000	0.0000	0.0000	0.0000	0.0000	0.0000	0.0000	0.0000	0.0000	0.0000	0.0028	0.0000	0.0013	0.0000	0.0000	0.0000	0.0020	0.0000	0.0013	inf	0.0000	0.0000	0.0000	1.4205	1.9999	4.0377	0.0000	0.0000	0.0000	0.0000	0.0000	0.0000	0.0000	0.0000	0.0000	0.0000	0.0000	0.0000	0.0000	0.0000	0.0000	0.0000	0.0000	0.0000	0.0000	0.0000	0.0000	0.0000	0.0000	0.0000	0.0000	0.0000	0.0000	0.0335	0.0176	0.0159	0.0119	0.0115	0.0004	0.0216	0.0061	0.0155	0.0000	0.0000	0.0000	0.0000	0.0000	0.0000	0.0000	0.0000	0.0000	0.0006	0.0000	0.0013	0.0000	0.0000	0.0000	0.0009	0.0000	0.0013						
132	152	0.1059	6	0	0	1	1	0	0	0	0	N	N	N	N	N	N	N	N	N	N	N	N	0.0000	0.0000	0.0000	0.0000	0.0000	0.0000	0.0000	0.0000	0.0000	0.0000	0.0000	0.0000	0.0000	0.0000	0.0000	0.0000	0.0000	0.0000	0.0000	0.0000	0.0000	6.4701	1.9999	12.4371	0.0000	0.0000	0.0000	0.0000	0.0000	0.0000	0.0000	0.0000	0.0000	0.0000	0.0000	0.0000	0.0000	0.0000	0.0000	0.0000	0.0000	0.0000	0.0000	0.0000	0.0000	0.0000	0.0000	0.0000	0.0000	0.0000	0.0000	0.0505	0.0202	0.0303	0.0012	0.0011	0.0000	0.0493	0.0190	0.0303	0.0000	0.0000	0.0000	0.0000	0.0000	0.0000	0.0000	0.0000	0.0000	0.0000	0.0000	0.0000	0.0000	0.0000	0.0000	0.0000	0.0000	0.0000											
133	138	0.0780	7	1	1	1	1	0	0	0	0	N	N	N	N	N	N	N	N	N	N	N	N	0.0000	0.0000	0.0000	0.0000	0.0000	0.0000	0.0000	0.0000	0.0000	0.0000	0.0000	0.0000	0.0000	0.0000	0.0000	0.0000	0.0000	0.0000	0.0000	0.0000	1.0000	0.0002	0.0000	2.3255	0.0000	0.0000	0.0000	0.0000	0.0000	0.0000	0.0000	0.0000	0.0000	0.0000	0.0000	0.0000	0.0000	0.0000	0.0000	0.0000	0.0000	0.0000	0.0000	0.0000	0.0000	0.0000	0.0000	0.0000	0.0000	0.0000	0.0000	0.0046	0.0022	0.0024	0.0006	0.0006	0.0000	0.0040	0.0016	0.0024	0.0000	0.0000	0.0000	0.0000	0.0000	0.0000	0.0000	0.0000	0.0000	0.0000	0.0000	0.0000	0.0000	0.0000	0.0000	0.0000	0.0000	0.0000											
133	139	0.0601	6	1	1	1	1	0	0	0	0	N	N	N	N	N	N	N	N	N	N	N	N	0.0000	0.0000	0.0000	0.0000	0.0000	0.0000	0.0000	0.0000	0.0000	0.0000	0.0000	0.0000	0.0000	0.0000	0.0000	0.0000	0.0000	0.0000	0.0000	0.0000	1.0000	2.0138	0.0000	2.7349	0.0000	0.0000	0.0000	0.0000	0.0000	0.0000	0.0000	0.0000	0.0000	0.0000	0.0000	0.0000	0.0000	0.0000	0.0000	0.0000	0.0000	0.0000	0.0666	0.0595	0.0071	0.0261	0.0245	0.0016	0.0406	0.0350	0.0055	0.0099	0.0041	0.0058	0.0015	0.0012	0.0003	0.0084	0.0028	0.0056	0.0000	0.0000	0.0000	0.0000	0.0000	0.0000	0.0000	0.0000	0.0000	0.0000	0.0000	0.0000	0.0000	0.0000	0.0000	0.0000	0.0000	0.0000											
133	140	0.0436	5	0	1	1	1	0	0	0	0	N	N	N	N	N	N	N	N	N	N	N	N	0.0000	0.0000	0.0000	0.0000	0.0000	0.0000	0.0000	0.0000	0.0000	0.0000	0.0000	0.0000	0.0000	0.0000	0.0000	0.0000	0.0000	0.0000	0.0000	0.0000	1.0000	1.9232	0.0000	1.1116	0.0000	0.0000	0.0000	0.0000	0.0000	0.0000	0.0000	0.0000	0.0000	0.0000	0.0000	0.0000	0.0000	0.0000	0.0000	0.0000	0.0000	0.0000	0.1064	0.0986	0.0078	0.0700	0.0670	0.0030	0.0365	0.0316	0.0049	0.0061	0.0026	0.0036	0.0007	0.0004	0.0003	0.0054	0.0021	0.0033	0.0000	0.0000	0.0000	0.0000	0.0000	0.0000	0.0000	0.0000	0.0000	0.0000	0.0000	0.0000	0.0000	0.0000	0.0000	0.0000	0.0000	0.0000											
133	141	0.6858	11	0	1	1	1	0	0	0	0	N	N	N	N	N	N	N	N	N	N	N	N	0.0000	0.0000	0.0000	0.0000	0.0000	0.0000	0.0000	0.0000	0.0000	0.0000	0.0000	0.0000	0.0000	0.0000	0.0000	0.0000	0.0000	0.0000	0.0000	0.0000	1.0000	3.0000	0.0000	1.0000	0.0000	0.0000	0.0000	0.0000	0.0000	0.0000	0.0000	0.0000	0.0000	0.0000	0.0000	0.0000	0.0000	0.0000	0.0000	0.0000	0.0000	0.0000	0.1401	0.1290	0.0111	0.1154	0.1079	0.0075	0.0247	0.0211	0.0036	0.0039	0.0023	0.0016	0.0020	0.0017	0.0002	0.0020	0.0006	0.0014	0.0000	0.0000	0.0000	0.0000	0.0000	0.0000	0.0000	0.0000	0.0000	0.0000	0.0000	0.0000	0.0000	0.0000	0.0000	0.0000	0.0000	0.0000											
133	142	0.6666	10	0	0	1	1	0	0	0	0	N	N	N	N	N	N	N	N	N	N	N	N	0.0000	0.0000	0.0000	0.0000	0.0000	0.0000	0.0000	0.0000	0.0000	0.0000	0.0000	0.0000	0.0000	0.0000	0.0000	0.0000	0.0000	0.0000	0.0000	0.0000	1.0000	1.0000	0.0000	1.0000	0.0000	0.0000	0.0000	0.0000	0.0000	0.0000	0.0000	0.0000	0.0000	0.0000	0.0000	0.0000	0.0000	0.0000	0.0000	0.0000	0.0000	0.0000	0.0491	0.0454	0.0037	0.0406	0.0381	0.0025	0.0085	0.0073	0.0013	0.0020	0.0012	0.0008	0.0010	0.0009	0.0001	0.0010	0.0003	0.0007	0.0000	0.0000	0.0000	0.0000	0.0000	0.0000	0.0000	0.0000	0.0000	0.0000	0.0000	0.0000	0.0000	0.0000	0.0000	0.0000	0.0000	0.0000											
133	143	0.4162	9	0	0	1	1	0	0	0	0	N	N	N	N	N	N	N	N	N	N	N	N	inf	inf	inf	inf	inf	inf	0.1410	0.1569	0.0000	0.0105	0.0113	0.0000	0.3842	0.4511	0.0000	0.0000	0.0000	0.0000	0.0000	0.0000	0.0000	0.0000	0.0000	0.0000	0.0000	-0.0094	0.0000	1.0000	7.1211	0.0000	10.9474	0.0362	0.0362	0.0000	0.0017	0.0017	0.0000	0.0345	0.0345	0.0000	0.0000	0.0000	0.0000	0.0000	0.0000	0.0000	0.0000	0.0000	0.0000	0.2570	0.2309	0.0261	0.1673	0.1544	0.0128	0.0897	0.0764	0.0133	0.0381	0.0235	0.0146	0.0188	0.0166	0.0023	0.0193	0.0070	0.0123	inf	inf	0.0000	inf	inf	0.0000	inf	inf	0.0000	0.0000	0.0000	0.0000	0.0000	0.0000	0.0000	0.0000	0.0000	0.0000				
133	144	0.2215	8	0	0	1	1	0	0	0	0	N	N	N	N	N	N	N	N	N	N	N	N	inf	inf	inf	inf	inf	inf	inf	inf	inf	3.6777	4.1009	0.0418	0.1913	0.2061	0.0002	9.2874	10.9949	0.0726	0.0000	0.0000	0.0000	0.0000	0.0000	0.0000	0.0000	0.0000	0.0000	0.0012	-0.2498	0.0000	1.0000	8.5175	0.0000	23.1696	0.9644	0.9633	0.0011	0.0309	0.0309	0.0000	0.9335	0.9323	0.0011	0.0000	0.0000	0.0000	0.0000	0.0000	0.0000	0.0000	0.0000	0.0000	0.2622	0.2349	0.0273	0.1617	0.1501	0.0116	0.1005	0.0848	0.0157	0.0380	0.0175	0.0205	0.0083	0.0075	0.0008	0.0297	0.0100	0.0197	inf	inf	inf	inf	inf	inf	inf	inf	inf	0.0000	0.0000	0.0000	0.0000	0.0000	0.0000	0.0000	0.0000	0.0000	
133	145	0.0250	5	1	1	1	1	0	0	0	0	N	N	N	N	N	N	N	N	N	N	N	N	0.0000	0.0000	0.0000	0.0000	0.0000	0.0000	0.0000	0.0000	0.0000	0.0000	0.0000	0.0000	0.0000	0.0000	0.0000	0.0000	0.0000	0.0000	0.0000	0.0000	1.0000	1.0000	0.0000	1.0000	0.0000	0.0000	0.0000	0.0000	0.0000	0.0000	0.0000	0.0000	0.0000	0.0000	0.0000	0.0000	0.0000	0.0000	0.0000	0.0000	0.0000	0.0000	0.0329	0.0275	0.0054	0.0022	0.0020	0.0001	0.0307	0.0255	0.0052	0.0053	0.0024	0.0029	0.0004	0.0003	0.0002	0.0049	0.0022	0.0027	0.0000	0.0000	0.0000	0.0000	0.0000	0.0000	0.0000	0.0000	0.0000	0.0000	0.0000	0.0000	0.0000	0.0000	0.0000	0.0000	0.0000	0.0000											
133	146	0.0250	4	0	1	1	1	0	0	0	0	N	N	N	N	N	N	N	N	N	N	N	N	0.0000	0.0000	0.0000	0.0000	0.0000	0.0000	0.0000	0.0000	0.0000	0.0000	0.0000	0.0000	0.0000	0.0000	0.0000	0.0000	0.0000	0.0000	0.0000	0.0000	1.0000	0.0003	0.0000	0.0000	0.0000	0.0000	0.0000	0.0000	0.0000	0.0000	0.0000	0.0000	0.0000	0.0000	0.0000	0.0000	0.0000	0.0000	0.0000	0.0000	0.0000	0.0000	0.0001	0.0000	0.0000	0.0000	0.0000	0.0000	0.0000	0.0000	0.0000	0.0000	0.0000	0.0000	0.0000	0.0000	0.0000	0.0000	0.0000	0.0000	0.0000	0.0000	0.0000	0.0000	0.0000	0.0000	0.0000	0.0000	0.0000	0.0000	0.0000	0.0000	0.0000	0.0000	0.0000	0.0000	0.0000	0.0000											
133	150	0.2378	9	0	0	1	1	0	0	0	0	N	N	N	N	N	N	N	N	N	N	N	N	inf	inf	inf	inf	inf	inf	1.1809	0.0000	11.3229	0.0128	0.0000	0.1932	3.2090	0.0000	18.8330	0.0000	0.0000	0.0000	0.0000	0.0000	0.0000	0.0000	0.0000	0.0000	inf	0.1302	0.0000	1.0000	3.7255	0.0000	14.1767	0.1760	0.0000	0.1760	0.0012	0.0000	0.0012	0.1748	0.0000	0.1748	0.0000	0.0000	0.0000	0.0000	0.0000	0.0000	0.0000	0.0000	0.0000	0.1491	0.1335	0.0155	0.0946	0.0883	0.0063	0.0545	0.0452	0.0093	0.0229	0.0115	0.0114	0.0057	0.0052	0.0005	0.0171	0.0063	0.0109	inf	0.0000	inf	inf	0.0000	inf	inf	0.0000	inf	0.0000	0.0000	0.0000	0.0000	0.0000	0.0000	0.0000	0.0000	0.0000				
133	151	0.2215	8	0	0	1	1	0	0	0	0	N	N	N	N	N	N	N	N	N	N	N	N	inf	inf	inf	inf	inf	inf	inf	inf	inf	10.4607	0.1019	96.6155	0.1663	0.1328	0.7419	26.1397	0.0472	139.5030	0.0000	0.0000	0.0000	0.0000	0.0000	0.0000	0.0000	0.0000	0.0000	114.0025	0.5889	0.0000	1.0000	1.4205	0.0000	4.0377	0.8055	0.0070	0.7985	0.0077	0.0058	0.0019	0.7978	0.0012	0.7966	0.0000	0.0000	0.0000	0.0000	0.0000	0.0000	0.0000	0.0000	0.0000	0.0770	0.0687	0.0083	0.0465	0.0439	0.0026	0.0305	0.0248	0.0057	0.0143	0.0069	0.0074	0.0048	0.0047	0.0002	0.0094	0.0022	0.0072	inf	inf	inf	inf	inf	inf	inf	inf	inf	0.0000	0.0000	0.0000	0.0000	0.0000	0.0000	0.0000	0.0000	0.0000	
133	152	0.1105	7	0	0	1	1	0	0	0	0	N	N	N	N	N	N	N	N	N	N	N	N	inf	inf	inf	inf	inf	inf	0.1708	0.0133	1.4801	0.0000	0.0000	0.0000	0.3700	0.0299	2.4580	0.0000	0.0000	0.0000	0.0000	0.0000	0.0000	0.0000	0.0000	0.0000	13.4130	0.0222	0.0000	1.0000	6.4701	0.0000	12.4371	0.0331	0.0023	0.0308	0.0000	0.0000	0.0000	0.0331	0.0023	0.0308	0.0000	0.0000	0.0000	0.0000	0.0000	0.0000	0.0000	0.0000	0.0000	0.1941	0.1732	0.0208	0.1045	0.0962	0.0083	0.0896	0.0770	0.0126	0.0241	0.0095	0.0147	0.0006	0.0006	0.0000	0.0235	0.0089	0.0146	inf	inf	inf	0.0000	0.0000	0.0000	inf	inf	inf	0.0000	0.0000	0.0000	0.0000	0.0000	0.0000	0.0000	0.0000	0.0000				
134	138	0.0737	7	1	1	1	1	0	0	0	0	N	N	N	N	N	N	N	N	N	N	N	N	0.0000	0.0000	0.0000	0.0000	0.0000	0.0000	0.0000	0.0000	0.0000	0.0000	0.0000	0.0000	0.0000	0.0000	0.0000	0.0000	0.0000	0.0000	0.0000	0.0000	0.0000	0.0002	0.0000	2.3255	0.0000	0.0000	0.0000	0.0000	0.0000	0.0000	0.0000	0.0000	0.0000	0.0000	0.0000	0.0000	0.0000	0.0000	0.0000	0.0000	0.0000	0.0000	0.0000	0.0000	0.0000	0.0000	0.0000	0.0000	0.0000	0.0000	0.0000	0.0000	0.0000	0.0000	0.0000	0.0000	0.0000	0.0000	0.0000	0.0000	0.0000	0.0000	0.0000	0.0000	0.0000	0.0000	0.0000	0.0000	0.0000	0.0000	0.0000	0.0000	0.0000	0.0000	0.0000	0.0000	0.0000	0.0000											
134	139	0.0558	6	1	1	1	1	0	0	0	0	N	N	N	N	N	N	N	N	N	N	N	N	0.0000	0.0000	0.0000	0.0000	0.0000	0.0000	0.0000	0.0000	0.0000	0.0000	0.0000	0.0000	0.0000	0.0000	0.0000	0.0000	0.0000	0.0000	0.0000	0.0000	0.0000	2.0138	0.0000	2.7349	0.0000	0.0000	0.0000	0.0000	0.0000	0.0000	0.0000	0.0000	0.0000	0.0000	0.0000	0.0000	0.0000	0.0000	0.0000	0.0000	0.0000	0.0000	0.0000	0.0000	0.0000	0.0000	0.0000	0.0000	0.0000	0.0000	0.0000	0.0000	0.0000	0.0000	0.0000	0.0000	0.0000	0.0000	0.0000	0.0000	0.0000	0.0000	0.0000	0.0000	0.0000	0.0000	0.0000	0.0000	0.0000	0.0000	0.0000	0.0000	0.0000	0.0000	0.0000	0.0000	0.0000	0.0000											
134	140	0.0393	5	0	1	1	1	0	0	0	0	N	N	N	N	N	N	N	N	N	N	N	N	0.0000	0.0000	0.0000	0.0000	0.0000	0.0000	0.0000	0.0000	0.0000	0.0000	0.0000	0.0000	0.0000	0.0000	0.0000	0.0000	0.0000	0.0000	0.0000	0.0000	0.0000	1.9232	0.0000	1.1116	0.0000	0.0000	0.0000	0.0000	0.0000	0.0000	0.0000	0.0000	0.0000	0.0000	0.0000	0.0000	0.0000	0.0000	0.0000	0.0000	0.0000	0.0000	0.0000	0.0000	0.0000	0.0000	0.0000	0.0000	0.0000	0.0000	0.0000	0.0000	0.0000	0.0000	0.0000	0.0000	0.0000	0.0000	0.0000	0.0000	0.0000	0.0000	0.0000	0.0000	0.0000	0.0000	0.0000	0.0000	0.0000	0.0000	0.0000	0.0000	0.0000	0.0000	0.0000	0.0000	0.0000	0.0000											
134	141	0.6815	11	0	1	1	1	0	0	0	0	N	N	N	N	N	N	N	N	N	N	N	N	0.0000	0.0000	0.0000	0.0000	0.0000	0.0000	0.0000	0.0000	0.0000	0.0000	0.0000	0.0000	0.0000	0.0000	0.0000	0.0000	0.0000	0.0000	0.0000	0.0000	0.0000	3.0000	0.0000	1.0000	0.0000	0.0000	0.0000	0.0000	0.0000	0.0000	0.0000	0.0000	0.0000	0.0000	0.0000	0.0000	0.0000	0.0000	0.0000	0.0000	0.0000	0.0000	0.0000	0.0000	0.0000	0.0000	0.0000	0.0000	0.0000	0.0000	0.0000	0.0000	0.0000	0.0000	0.0000	0.0000	0.0000	0.0000	0.0000	0.0000	0.0000	0.0000	0.0000	0.0000	0.0000	0.0000	0.0000	0.0000	0.0000	0.0000	0.0000	0.0000	0.0000	0.0000	0.0000	0.0000	0.0000	0.0000											
134	142	0.6623	10	0	0	1	1	0	0	0	0	N	N	N	N	N	N	N	N	N	N	N	N	0.0000	0.0000	0.0000	0.0000	0.0000	0.0000	0.0000	0.0000	0.0000	0.0000	0.0000	0.0000	0.0000	0.0000	0.0000	0.0000	0.0000	0.0000	0.0000	0.0000	0.0000	1.0000	0.0000	1.0000	0.0000	0.0000	0.0000	0.0000	0.0000	0.0000	0.0000	0.0000	0.0000	0.0000	0.0000	0.0000	0.0000	0.0000	0.0000	0.0000	0.0000	0.0000	0.0000	0.0000	0.0000	0.0000	0.0000	0.0000	0.0000	0.0000	0.0000	0.0000	0.0000	0.0000	0.0000	0.0000	0.0000	0.0000	0.0000	0.0000	0.0000	0.0000	0.0000	0.0000	0.0000	0.0000	0.0000	0.0000	0.0000	0.0000	0.0000	0.0000	0.0000	0.0000	0.0000	0.0000	0.0000	0.0000											
134	143	0.4119	9	0	0	1	1	0	0	0	0	N	N	N	N	N	N	N	N	N	N	N	N	0.0000	0.0000	0.0000	0.0000	0.0000	0.0000	0.0000	0.0000	0.0000	0.0000	0.0000	0.0000	0.0000	0.0000	0.0000	0.0000	0.0000	0.0000	0.0000	0.0000	0.0000	7.1211	0.0000	10.9474	0.0000	0.0000	0.0000	0.0000	0.0000	0.0000	0.0000	0.0000	0.0000	0.0000	0.0000	0.0000	0.0000	0.0000	0.0000	0.0000	0.0000	0.0000	0.0000	0.0000	0.0000	0.0000	0.0000	0.0000	0.0000	0.0000	0.0000	0.0000	0.0000	0.0000	0.0000	0.0000	0.0000	0.0000	0.0000	0.0000	0.0000	0.0000	0.0000	0.0000	0.0000	0.0000	0.0000	0.0000	0.0000	0.0000	0.0000	0.0000	0.0000	0.0000	0.0000	0.0000	0.0000	0.0000											
134	144	0.2172	8	0	0	1	1	0	0	0	0	N	N	N	N	N	N	N	N	N	N	N	N	0.0000	0.0000	0.0000	0.0000	0.0000	0.0000	0.0000	0.0000	0.0000	0.0000	0.0000	0.0000	0.0000	0.0000	0.0000	0.0000	0.0000	0.0000	0.0000	0.0000	0.0000	8.5175	0.0000	23.1696	0.0000	0.0000	0.0000	0.0000	0.0000	0.0000	0.0000	0.0000	0.0000	0.0000	0.0000	0.0000	0.0000	0.0000	0.0000	0.0000	0.0000	0.0000	0.0000	0.0000	0.0000	0.0000	0.0000	0.0000	0.0000	0.0000	0.0000	0.0000	0.0000	0.0000	0.0000	0.0000	0.0000	0.0000	0.0000	0.0000	0.0000	0.0000	0.0000	0.0000	0.0000	0.0000	0.0000	0.0000	0.0000	0.0000	0.0000	0.0000	0.0000	0.0000	0.0000	0.0000	0.0000	0.0000											
134	145	0.0207	5	1	1	1	1	0	0	0	0	N	N	N	N	N	N	N	N	N	N	N	N	0.0000	0.0000	0.0000	0.0000	0.0000	0.0000	0.0000	0.0000	0.0000	0.0000	0.0000	0.0000	0.0000	0.0000	0.0000	0.0000	0.0000	0.0000	0.0000	0.0000	0.0000	1.0000	0.0000	1.0000	0.0000	0.0000	0.0000	0.0000	0.0000	0.0000	0.0000	0.0000	0.0000	0.0000	0.0000	0.0000	0.0000	0.0000	0.0000	0.0000	0.0000	0.0000	0.0000	0.0000	0.0000	0.0000	0.0000	0.0000	0.0000	0.0000	0.0000	0.0000	0.0000	0.0000	0.0000	0.0000	0.0000	0.0000	0.0000	0.0000	0.0000	0.0000	0.0000	0.0000	0.0000	0.0000	0.0000	0.0000	0.0000	0.0000	0.0000	0.0000	0.0000	0.0000	0.0000	0.0000	0.0000	0.0000											
134	146	0.0207	4	0	1	1	1	0	0	0	0	N	N	N	N	N	N	N	N	N	N	N	N	0.0000	0.0000	0.0000	0.0000	0.0000	0.0000	0.0000	0.0000	0.0000	0.0000	0.0000	0.0000	0.0000	0.0000	0.0000	0.0000	0.0000	0.0000	0.0000	0.0000	0.0000	0.0003	0.0000	0.0000	0.0000	0.0000	0.0000	0.0000	0.0000	0.0000	0.0000	0.0000	0.0000	0.0000	0.0000	0.0000	0.0000	0.0000	0.0000	0.0000	0.0000	0.0000	0.0000	0.0000	0.0000	0.0000	0.0000	0.0000	0.0000	0.0000	0.0000	0.0000	0.0000	0.0000	0.0000	0.0000	0.0000	0.0000	0.0000	0.0000	0.0000	0.0000	0.0000	0.0000	0.0000	0.0000	0.0000	0.0000	0.0000	0.0000	0.0000	0.0000	0.0000	0.0000	0.0000	0.0000	0.0000	0.0000											
134	150	0.2335	9	0	0	1	1	0	0	0	0	N	N	N	N	N	N	N	N	N	N	N	N	0.0000	0.0000	0.0000	0.0000	0.0000	0.0000	0.0000	0.0000	0.0000	0.0000	0.0000	0.0000	0.0000	0.0000	0.0000	0.0000	0.0000	0.0000	0.0000	0.0000	0.0000	3.7255	0.0000	14.1767	0.0000	0.0000	0.0000	0.0000	0.0000	0.0000	0.0000	0.0000	0.0000	0.0000	0.0000	0.0000	0.0000	0.0000	0.0000	0.0000	0.0000	0.0000	0.0000	0.0000	0.0000	0.0000	0.0000	0.0000	0.0000	0.0000	0.0000	0.0000	0.0000	0.0000	0.0000	0.0000	0.0000	0.0000	0.0000	0.0000	0.0000	0.0000	0.0000	0.0000	0.0000	0.0000	0.0000	0.0000	0.0000	0.0000	0.0000	0.0000	0.0000	0.0000	0.0000	0.0000	0.0000	0.0000											
134	151	0.2172	8	0	0	1	1	0	0	0	0	N	N	N	N	N	N	N	N	N	N	N	N	0.0000	0.0000	0.0000	0.0000	0.0000	0.0000	0.0000	0.0000	0.0000	0.0000	0.0000	0.0000	0.0000	0.0000	0.0000	0.0000	0.0000	0.0000	0.0000	0.0000	0.0000	1.4205	0.0000	4.0377	0.0000	0.0000	0.0000	0.0000	0.0000	0.0000	0.0000	0.0000	0.0000	0.0000	0.0000	0.0000	0.0000	0.0000	0.0000	0.0000	0.0000	0.0000	0.0000	0.0000	0.0000	0.0000	0.0000	0.0000	0.0000	0.0000	0.0000	0.0000	0.0000	0.0000	0.0000	0.0000	0.0000	0.0000	0.0000	0.0000	0.0000	0.0000	0.0000	0.0000	0.0000	0.0000	0.0000	0.0000	0.0000	0.0000	0.0000	0.0000	0.0000	0.0000	0.0000	0.0000	0.0000	0.0000											
134	152	0.1062	7	0	0	1	1	0	0	0	0	N	N	N	N	N	N	N	N	N	N	N	N	0.0000	0.0000	0.0000	0.0000	0.0000	0.0000	0.0000	0.0000	0.0000	0.0000	0.0000	0.0000	0.0000	0.0000	0.0000	0.0000	0.0000	0.0000	0.0000	0.0000	0.0000	6.4701	0.0000	12.4371	0.0000	0.0000	0.0000	0.0000	0.0000	0.0000	0.0000	0.0000	0.0000	0.0000	0.0000	0.0000	0.0000	0.0000	0.0000	0.0000	0.0000	0.0000	0.0000	0.0000	0.0000	0.0000	0.0000	0.0000	0.0000	0.0000	0.0000	0.0000	0.0000	0.0000	0.0000	0.0000	0.0000	0.0000	0.0000	0.0000	0.0000	0.0000	0.0000	0.0000	0.0000	0.0000	0.0000	0.0000	0.0000	0.0000	0.0000	0.0000	0.0000	0.0000	0.0000	0.0000	0.0000	0.0000											
135	138	0.0737	6	1	1	1	1	0	0	0	0	N	N	N	N	N	N	N	N	N	N	N	N	0.0000	0.0000	0.0000	0.0000	0.0000	0.0000	0.0000	0.0000	0.0000	0.0000	0.0000	0.0000	0.0000	0.0000	0.0000	0.0000	0.0000	0.0000	0.0000	0.0000	2.0025	0.0002	0.9943	2.3255	0.0000	0.0000	0.0000	0.0000	0.0000	0.0000	0.0000	0.0000	0.0000	0.0000	0.0000	0.0000	0.0000	0.0000	0.0000	0.0000	0.0000	0.0000	0.0000	0.0000	0.0000	0.0000	0.0000	0.0000	0.0000	0.0000	0.0000	0.0142	0.0067	0.0074	0.0018	0.0018	0.0000	0.0124	0.0050	0.0074	0.0000	0.0000	0.0000	0.0000	0.0000	0.0000	0.0000	0.0000	0.0000	0.0000	0.0000	0.0000	0.0000	0.0000	0.0000	0.0000	0.0000	0.0000											
135	139	0.0558	5	1	1	1	1	0	0	0	0	N	N	N	N	N	N	N	N	N	N	N	N	0.0334	0.0137	0.0062	0.0078	inf	inf	0.0001	0.0001	0.0000	0.0003	0.0003	0.0000	0.0000	0.0000	0.0000	0.0030	0.0081	0.0000	0.0409	0.0348	0.0000	0.0000	0.0000	0.0000	0.0000	0.0000	-0.0000	-0.0000	2.0025	2.0138	0.9943	2.7349	0.0000	0.0000	0.0000	0.0000	0.0000	0.0000	0.0000	0.0000	0.0000	0.0000	0.0000	0.0000	0.0000	0.0000	0.0000	0.0000	0.0000	0.0000	0.1320	0.1179	0.0141	0.0499	0.0469	0.0030	0.0822	0.0711	0.0111	0.0297	0.0124	0.0173	0.0027	0.0027	0.0000	0.0270	0.0097	0.0172	0.1632	0.0764	0.0000	0.0385	0.0404	0.0000	inf	inf	0.0000	0.0006	0.0015	0.0000	0.0066	0.0067	0.0000	0.0000	0.0000	0.0000			
135	140	0.0393	4	0	1	1	1	0	0	0	0	N	N	N	N	N	N	N	N	N	N	N	N	11.8462	0.0084	12195525.4687	0.0036	0.0038	1874264.8921	1.3304	19539210.2199	4.7529	0.0070	64.1985	0.0094	0.0098	0.0000	13.4867	0.0012	102.2004	0.4012	0.8292	0.0000	2.5818	2.5853	0.0000	0.0000	0.0009	0.0000	735.9448	0.0003	0.7388	-0.0001	2.0025	1.9232	0.9943	1.1116	1.0004	0.0014	0.9991	0.0013	0.0013	0.0000	0.9992	0.0001	0.9991	0.0002	0.0002	0.0000	0.0002	0.0002	0.0000	0.0000	0.0000	0.0000	0.2105	0.1949	0.0156	0.1364	0.1306	0.0058	0.0741	0.0643	0.0098	0.0183	0.0078	0.0105	0.0005	0.0004	0.0000	0.0179	0.0074	0.0105	548.0133	0.3421	12195525.4687	0.0271	0.0278	0.0000	1874264.8921	116.5716	19539210.2199	0.0087	0.0204	0.0000	0.3465	0.3534	0.0000	0.0000	0.0000	0.0000	
135	141	0.6815	10	0	1	1	1	0	0	0	0	N	N	N	N	N	N	N	N	N	N	N	N	0.0000	0.0000	0.0000	0.0000	0.0000	0.0000	0.0000	0.0000	0.0000	0.0000	0.0000	0.0000	0.0000	0.0000	0.0000	0.0000	0.0000	0.0000	0.0000	0.0000	2.0025	3.0000	0.9943	1.0000	0.0000	0.0000	0.0000	0.0000	0.0000	0.0000	0.0000	0.0000	0.0000	0.0000	0.0000	0.0000	0.0000	0.0000	0.0000	0.0000	0.0000	0.0000	0.2770	0.2547	0.0223	0.2244	0.2097	0.0148	0.0526	0.0450	0.0075	0.0130	0.0079	0.0050	0.0072	0.0062	0.0010	0.0058	0.0017	0.0040	0.0000	0.0000	0.0000	0.0000	0.0000	0.0000	0.0000	0.0000	0.0000	0.0000	0.0000	0.0000	0.0000	0.0000	0.0000	0.0000	0.0000	0.0000											
135	142	0.6623	9	0	0	1	1	0	0	0	0	N	N	N	N	N	N	N	N	N	N	N	N	0.0000	0.0000	0.0000	0.0000	0.0000	0.0000	0.0000	0.0000	0.0000	0.0000	0.0000	0.0000	0.0000	0.0000	0.0000	0.0000	0.0000	0.0000	0.0000	0.0000	2.0025	1.0000	0.9943	1.0000	0.0000	0.0000	0.0000	0.0000	0.0000	0.0000	0.0000	0.0000	0.0000	0.0000	0.0000	0.0000	0.0000	0.0000	0.0000	0.0000	0.0000	0.0000	0.0970	0.0895	0.0075	0.0788	0.0740	0.0048	0.0181	0.0155	0.0026	0.0067	0.0041	0.0026	0.0037	0.0032	0.0005	0.0030	0.0009	0.0021	0.0000	0.0000	0.0000	0.0000	0.0000	0.0000	0.0000	0.0000	0.0000	0.0000	0.0000	0.0000	0.0000	0.0000	0.0000	0.0000	0.0000	0.0000											
135	143	0.4119	8	0	0	1	1	0	0	0	0	N	N	N	N	N	N	N	N	N	N	N	N	21699.2927	inf	0.0000	74.6966	inf	0.0000	412868.7875	inf	0.0000	1.9635	2.1858	0.0000	0.0093	0.0101	0.0000	5.3709	6.2920	0.0000	0.0001	0.0000	0.0000	0.0001	0.0000	0.0000	0.0000	0.0000	0.0000	0.0000	inf	-0.2589	0.0000	2.0025	7.1211	0.9943	10.9474	0.9952	0.9952	0.0000	0.0030	0.0030	0.0000	0.9922	0.9922	0.0000	0.0000	0.0000	0.0000	0.0000	0.0000	0.0000	0.0000	0.0000	0.0000	0.5068	0.4553	0.0515	0.3221	0.2976	0.0245	0.1847	0.1577	0.0270	0.1267	0.0791	0.0476	0.0660	0.0566	0.0094	0.0607	0.0225	0.0381	311603.2298	inf	0.0000	5812.8250	inf	0.0000	470561.7563	inf	0.0000	0.0000	0.0000	0.0000	0.0000	0.0000	0.0000	0.0000	0.0000	0.0000
135	144	0.2172	7	0	0	1	1	0	0	0	0	N	N	N	N	N	N	N	N	N	N	N	N	155.1009	87.2105	84.9900	0.3392	0.3904	17.9684	12578.9950	352.7628	133.1951	0.0155	0.0172	0.0004	0.0001	0.0001	0.0001	0.0385	0.0454	0.0006	0.0001	0.0002	0.0000	0.0003	0.0003	0.0000	0.0000	0.0001	0.0000	0.0027	0.3666	-0.0021	-0.0000	2.0025	8.5175	0.9943	23.1696	0.0080	0.0080	0.0000	0.0000	0.0000	0.0000	0.0080	0.0080	0.0000	0.0000	0.0000	0.0000	0.0000	0.0000	0.0000	0.0000	0.0000	0.0000	0.5182	0.4641	0.0541	0.3108	0.2887	0.0222	0.2073	0.1754	0.0319	0.1224	0.0585	0.0639	0.0273	0.0248	0.0024	0.0952	0.0337	0.0615	1701.4600	1237.8152	84.9900	3.7656	3.5785	17.9684	12578.9950	977974.2192	133.1951	0.0000	0.0000	0.0000	0.0000	0.0000	0.0000	0.0000	0.0000	0.0000
135	145	0.0207	4	1	1	1	1	0	0	0	0	N	N	N	N	N	N	N	N	N	N	N	N	0.0000	0.0000	0.0000	0.0000	0.0000	0.0000	0.0000	0.0000	0.0000	0.0000	0.0000	0.0000	0.0000	0.0000	0.0000	0.0000	0.0000	0.0000	0.0000	0.0000	2.0025	1.0000	0.9943	1.0000	0.0000	0.0000	0.0000	0.0000	0.0000	0.0000	0.0000	0.0000	0.0000	0.0000	0.0000	0.0000	0.0000	0.0000	0.0000	0.0000	0.0000	0.0000	0.0646	0.0542	0.0104	0.0038	0.0035	0.0002	0.0608	0.0507	0.0101	0.0156	0.0072	0.0084	0.0002	0.0002	0.0000	0.0154	0.0071	0.0083	0.0000	0.0000	0.0000	0.0000	0.0000	0.0000	0.0000	0.0000	0.0000	0.0000	0.0000	0.0000	0.0000	0.0000	0.0000	0.0000	0.0000	0.0000											
135	146	0.0207	3	0	1	1	1	0	0	0	0	N	N	N	N	N	N	N	N	N	N	N	N	inf	inf	inf	inf	0.0056	0.0060	0.0000	0.0135	0.0136	0.0000	0.0000	0.0000	0.0000	0.0000	0.0000	0.0000	0.0000	0.0000	0.0000	0.0000	0.0000	0.0000	0.0000	-0.0000	0.0000	2.0025	0.0003	0.9943	0.0000	0.0000	0.0000	0.0000	0.0000	0.0000	0.0000	0.0000	0.0000	0.0000	0.0000	0.0000	0.0000	0.0000	0.0000	0.0000	0.0000	0.0000	0.0000	0.0001	0.0001	0.0000	0.0000	0.0000	0.0000	0.0001	0.0001	0.0000	0.0000	0.0000	0.0000	0.0000	0.0000	0.0000	0.0000	0.0000	0.0000	inf	inf	0.0000	inf	inf	0.0000	0.0000	0.0000	0.0000	0.0000	0.0000	0.0000	0.0000	0.0000	0.0000	0.0000	0.0000	0.0000						
135	150	0.2335	8	0	0	1	1	0	0	0	0	N	N	N	N	N	N	N	N	N	N	N	N	68991.5626	inf	0.0000	169.1255	inf	0.0000	7681747.1263	inf	0.0000	3.4049	3.8001	0.0000	0.0151	0.0161	0.0000	8.9504	10.7439	0.0000	0.0000	0.0000	0.0000	0.0001	0.0000	0.0000	0.0000	0.0000	0.0000	0.0000	inf	-0.2604	0.0000	2.0025	3.7255	0.9943	14.1767	1.0007	1.0007	0.0000	0.0027	0.0027	0.0000	0.9979	0.9979	0.0000	0.0000	0.0000	0.0000	0.0000	0.0000	0.0000	0.0000	0.0000	0.0000	0.2939	0.2633	0.0306	0.1824	0.1704	0.0120	0.1115	0.0929	0.0186	0.0758	0.0396	0.0362	0.0195	0.0179	0.0015	0.0563	0.0216	0.0347	3329254.5530	inf	0.0000	24676.5936	inf	0.0000	7681747.1263	inf	0.0000	0.0000	0.0000	0.0000	0.0000	0.0000	0.0000	0.0000	0.0000	0.0000
135	151	0.2172	7	0	0	1	1	0	0	0	0	N	N	N	N	N	N	N	N	N	N	N	N	468.9106	130.2299	65830.3321	1.3034	1.5349	0.0000	50312.5172	inf	109449.4919	0.0318	0.0159	0.1648	0.0002	0.0002	0.0000	0.0779	0.0424	0.2359	0.0001	0.0001	0.0000	0.0002	0.0002	0.0000	0.0000	0.0000	0.0000	1.2372	0.7637	0.0014	-0.0000	2.0025	1.4205	0.9943	4.0377	0.0048	0.0021	0.0027	0.0000	0.0000	0.0000	0.0048	0.0021	0.0027	0.0000	0.0000	0.0000	0.0000	0.0000	0.0000	0.0000	0.0000	0.0000	0.1512	0.1351	0.0161	0.0897	0.0848	0.0049	0.0615	0.0502	0.0113	0.0497	0.0261	0.0236	0.0176	0.0171	0.0005	0.0321	0.0091	0.0231	11600.2753	5380.3798	65830.3321	45.2115	51.9409	0.0000	50312.5172	inf	109449.4919	0.0000	0.0000	0.0000	0.0000	0.0000	0.0000	0.0000	0.0000	0.0000
135	152	0.1062	6	0	0	1	1	0	0	0	0	N	N	N	N	N	N	N	N	N	N	N	N	1.1545	0.2769	inf	0.0000	0.0000	inf	inf	inf	0.0001	0.0000	0.0002	0.0000	0.0000	0.0000	0.0001	0.0001	0.0004	0.0000	0.0001	0.0000	0.0003	0.0003	0.0000	0.0000	0.0000	0.0000	1.0000	0.0017	0.0000	-0.0000	2.0025	6.4701	0.9943	12.4371	0.0000	0.0000	0.0000	0.0000	0.0000	0.0000	0.0000	0.0000	0.0000	0.0000	0.0000	0.0000	0.0000	0.0000	0.0000	0.0000	0.0000	0.0000	0.3835	0.3423	0.0412	0.1999	0.1842	0.0157	0.1836	0.1582	0.0255	0.0749	0.0300	0.0449	0.0017	0.0017	0.0001	0.0731	0.0283	0.0448	65.8528	14.7960	inf	0.0000	0.0000	0.0000	inf	inf	inf	0.0000	0.0000	0.0000	0.0000	0.0000	0.0000	0.0000	0.0000	0.0000	
136	138	0.0626	5	1	1	0	1	0	0	0	0	N	N	N	N	N	N	N	N	N	N	N	N	0.0000	0.0000	0.0000	0.0000	0.0000	0.0000	0.0000	0.0000	0.0000	0.0000	0.0000	0.0000	0.0000	0.0001	0.0003	0.0000	0.0006	0.0005	0.0000	0.0000	0.0000	0.0000	0.5000	0.0000	-0.0000	0.0050	0.0002	0.0173	2.3255	0.0000	0.0000	0.0000	0.0000	0.0000	0.0000	0.0000	0.0000	0.0000	0.0000	0.0000	0.0000	0.0000	0.0000	0.0000	0.0000	0.0000	0.0000	0.0000	0.0000	0.0000	0.0000	0.0000	0.0000	0.0000	0.0000	0.0000	0.0001	0.0001	0.0001	0.0000	0.0000	0.0000	0.0001	0.0000	0.0001	0.0000	0.0000	0.0000	0.0000	0.0000	0.0000	0.0000	0.0000	0.0000	0.0000	0.0000	0.0000	0.0001	0.0001	0.0000	0.0000	0.0000	0.0000						
136	139	0.0448	4	1	1	0	1	0	0	0	0	N	N	N	N	N	N	N	N	N	N	N	N	0.0356	0.0365	0.0000	0.0552	0.0608	0.0000	0.0059	inf	0.0000	0.0347	0.0375	0.0000	0.0472	0.0497	0.0000	0.0029	0.0034	0.0000	0.9723	1.0260	0.3005	0.8536	0.8175	0.0001	0.4956	0.0000	0.1654	0.0000	1.0000	-0.0000	-0.0000	0.0050	2.0138	0.0173	2.7349	0.0000	0.0000	0.0000	0.0000	0.0000	0.0000	0.0000	0.0000	0.0000	0.0000	0.0000	0.0000	0.0000	0.0000	0.0000	0.0000	0.0000	0.0000	0.0008	0.0007	0.0001	0.0005	0.0005	0.0000	0.0002	0.0002	0.0000	0.0008	0.0006	0.0002	0.0003	0.0003	0.0000	0.0005	0.0003	0.0002	0.7524	1.2033	0.0000	0.8562	0.8252	0.0000	0.0740	inf	0.0000	0.0461	0.0312	0.0883	0.0551	0.0603	0.0001	0.0396	0.0000	0.1024
136	140	0.0283	3	0	1	0	1	0	0	0	0	N	N	N	N	N	N	N	N	N	N	N	N	5.0092	30.0635	0.0000	6.8430	33.9446	0.0000	859.2247	inf	0.0000	0.6913	0.7187	0.0000	0.7194	0.7445	0.0000	0.3293	0.3643	0.0000	0.1380	0.0239	0.0277	0.1051	0.0219	10.6791	0.0004	0.0000	0.0011	0.0000	0.9871	-0.0007	-0.0000	0.0050	1.9232	0.0173	1.1116	0.0027	0.0027	0.0000	0.0026	0.0026	0.0000	0.0001	0.0001	0.0000	0.0000	0.0000	0.0000	0.0000	0.0000	0.0000	0.0000	0.0000	0.0000	0.0039	0.0038	0.0001	0.0036	0.0035	0.0001	0.0003	0.0003	0.0000	0.0006	0.0005	0.0001	0.0002	0.0002	0.0000	0.0004	0.0003	0.0001	168.4371	280.4486	0.0000	72.5836	140.9789	0.0000	962.2392	inf	0.0000	0.0041	0.0026	0.0105	0.0099	0.0053	0.9081	0.0003	0.0000	0.0011
136	141	0.6705	9	0	1	0	1	0	0	0	0	N	N	N	N	N	N	N	N	N	N	N	N	0.0000	0.0000	0.0000	0.0000	0.0000	0.0000	0.0000	0.0000	0.0000	0.0000	0.0000	0.0000	0.0000	0.0000	0.0000	0.0000	0.0000	0.0000	0.0000	0.0000	0.0050	3.0000	0.0173	1.0000	0.0000	0.0000	0.0000	0.0000	0.0000	0.0000	0.0000	0.0000	0.0000	0.0000	0.0000	0.0000	0.0000	0.0000	0.0000	0.0000	0.0000	0.0000	0.0032	0.0029	0.0003	0.0031	0.0028	0.0003	0.0001	0.0001	0.0000	0.0001	0.0001	0.0000	0.0001	0.0000	0.0000	0.0000	0.0000	0.0000	0.0000	0.0000	0.0000	0.0000	0.0000	0.0000	0.0000	0.0000	0.0000	0.0000	0.0000	0.0000	0.0000	0.0000	0.0000	0.0000	0.0000	0.0000											
136	142	0.6513	8	0	0	0	1	0	0	0	0	N	N	N	N	N	N	N	N	N	N	N	N	0.0000	0.0000	0.0000	0.0000	0.0000	0.0000	0.0000	0.0000	0.0000	0.0000	0.0000	0.0000	0.0000	0.0000	0.0000	0.0000	0.0000	0.0000	0.0000	0.0000	0.0050	1.0000	0.0173	1.0000	0.0000	0.0000	0.0000	0.0000	0.0000	0.0000	0.0000	0.0000	0.0000	0.0000	0.0000	0.0000	0.0000	0.0000	0.0000	0.0000	0.0000	0.0000	0.0013	0.0012	0.0001	0.0012	0.0011	0.0001	0.0001	0.0000	0.0000	0.0001	0.0000	0.0000	0.0000	0.0000	0.0000	0.0000	0.0000	0.0000	0.0000	0.0000	0.0000	0.0000	0.0000	0.0000	0.0000	0.0000	0.0000	0.0000	0.0000	0.0000	0.0000	0.0000	0.0000	0.0000	0.0000	0.0000											
136	143	0.4009	7	0	0	0	1	0	0	0	0	N	N	N	N	N	N	N	N	N	N	N	N	126.0482	295.6382	46.4407	536.5725	628.5484	88.0753	0.5980	inf	0.0713	1.9699	2.1291	0.0995	2.4255	2.5773	0.1535	0.0031	0.0036	0.0002	0.0156	0.0072	0.0021	0.0045	0.0041	0.0017	0.0052	0.0000	0.0023	0.0040	1.0000	-0.0013	-0.0000	0.0050	7.1211	0.0173	10.9474	0.0050	0.0050	0.0000	0.0050	0.0050	0.0000	0.0000	0.0000	0.0000	0.0000	0.0000	0.0000	0.0000	0.0000	0.0000	0.0000	0.0000	0.0000	0.0026	0.0024	0.0002	0.0021	0.0019	0.0001	0.0005	0.0004	0.0001	0.0010	0.0006	0.0004	0.0005	0.0004	0.0001	0.0005	0.0002	0.0003	1215.8301	1634.5249	46.4407	1376.1379	1423.6894	104.3865	2.1191	inf	0.0713	0.0016	0.0013	0.0021	0.0018	0.0018	0.0015	0.0015	0.0000	0.0023
136	144	0.2061	6	0	0	0	1	0	0	0	0	N	N	N	N	N	N	N	N	N	N	N	N	0.0653	0.4268	0.6998	0.5576	0.5431	21.1175	0.0000	0.0000	0.0000	0.0112	0.0115	0.0073	0.0139	0.0140	0.0118	0.0000	0.0000	0.0000	0.1711	0.0270	0.0104	0.0249	0.0258	0.0006	0.0335	0.0083	0.0067	0.0540	2.5844	-0.0000	0.0000	0.0050	8.5175	0.0173	23.1696	0.0000	0.0000	0.0000	0.0000	0.0000	0.0000	0.0000	0.0000	0.0000	0.0000	0.0000	0.0000	0.0000	0.0000	0.0000	0.0000	0.0000	0.0000	0.0027	0.0025	0.0002	0.0022	0.0021	0.0001	0.0005	0.0005	0.0001	0.0009	0.0005	0.0005	0.0002	0.0002	0.0000	0.0007	0.0003	0.0005	2.3992	4.2326	1.1284	2.6584	2.4723	23.6501	0.0000	0.0000	0.0000	0.0047	0.0027	0.0064	0.0052	0.0057	0.0005	0.0045	0.0005	0.0067
136	145	0.0097	3	1	1	0	1	0	0	0	0	N	N	N	N	N	N	N	N	N	N	N	N	0.0000	0.0000	0.0000	0.0000	0.0000	0.0000	0.0000	0.0000	0.0000	0.0000	0.0000	0.0000	0.0000	0.0000	0.0000	0.0000	0.0000	0.0000	0.0000	0.0000	0.0050	1.0000	0.0173	1.0000	0.0000	0.0000	0.0000	0.0000	0.0000	0.0000	0.0000	0.0000	0.0000	0.0000	0.0000	0.0000	0.0000	0.0000	0.0000	0.0000	0.0000	0.0000	0.0003	0.0002	0.0000	0.0001	0.0001	0.0000	0.0002	0.0002	0.0000	0.0004	0.0003	0.0001	0.0002	0.0002	0.0000	0.0003	0.0002	0.0001	0.0000	0.0000	0.0000	0.0000	0.0000	0.0000	0.0000	0.0000	0.0000	0.0000	0.0000	0.0000	0.0000	0.0000	0.0000	0.0000	0.0000	0.0000											
136	146	0.0097	2	0	1	0	1	0	0	0	0	N	N	N	N	N	N	N	N	N	N	N	N	inf	inf	inf	inf	inf	inf	inf	inf	inf	0.4408	0.3968	0.4988	0.4547	0.4486	0.6542	0.4265	0.0649	0.4932	0.0000	0.0000	0.0000	0.0000	0.0000	0.0000	0.0000	0.0000	0.0000	0.9537	0.0000	0.0000	0.0050	0.0003	0.0173	0.0000	0.0000	0.0000	0.0000	0.0000	0.0000	0.0000	0.0000	0.0000	0.0000	0.0000	0.0000	0.0000	0.0000	0.0000	0.0000	0.0000	0.0000	0.0000	0.0000	0.0000	0.0000	0.0000	0.0000	0.0000	0.0000	0.0000	0.0000	0.0000	0.0000	0.0000	0.0000	0.0000	0.0000	0.0000	0.0000	0.0000	inf	inf	inf	inf	inf	inf	inf	inf	inf	0.0000	0.0000	0.0000	0.0000	0.0000	0.0000	0.0000	0.0000	0.0000	
136	150	0.2225	7	0	0	0	1	0	0	0	0	N	N	N	N	N	N	N	N	N	N	N	N	0.0000	0.0000	0.0000	0.0000	0.0000	0.0000	0.0000	0.0000	0.0000	0.0000	0.0000	0.0000	0.0000	0.0000	0.0000	0.0000	0.0000	0.0007	0.0006	0.0003	0.0014	0.0010	0.0013	0.0002	0.0000	0.0002	0.9885	0.0000	-0.0000	0.0050	3.7255	0.0173	14.1767	0.0000	0.0000	0.0000	0.0000	0.0000	0.0000	0.0000	0.0000	0.0000	0.0000	0.0000	0.0000	0.0000	0.0000	0.0000	0.0000	0.0000	0.0000	0.0014	0.0013	0.0001	0.0011	0.0011	0.0001	0.0003	0.0002	0.0000	0.0006	0.0003	0.0003	0.0002	0.0001	0.0000	0.0004	0.0002	0.0003	0.0000	0.0000	0.0000	0.0000	0.0000	0.0000	0.0000	0.0000	0.0000	0.0003	0.0003	0.0003	0.0006	0.0006	0.0010	0.0002	0.0000	0.0002		
136	151	0.2061	6	0	0	0	1	0	0	0	0	N	N	N	N	N	N	N	N	N	N	N	N	0.0000	0.0000	0.0000	0.0000	0.0000	0.0000	0.0000	0.0000	0.0000	0.0000	0.0000	0.0000	0.0000	0.0000	0.0000	0.0000	0.0000	0.0000	0.0042	0.0028	0.0007	0.0028	0.0019	0.0028	0.0006	0.0038	0.0007	0.8418	0.0000	-0.0000	0.0050	1.4205	0.0173	4.0377	0.0000	0.0000	0.0000	0.0000	0.0000	0.0000	0.0000	0.0000	0.0000	0.0000	0.0000	0.0000	0.0000	0.0000	0.0000	0.0000	0.0000	0.0000	0.0007	0.0006	0.0001	0.0005	0.0005	0.0000	0.0002	0.0001	0.0000	0.0004	0.0002	0.0002	0.0001	0.0001	0.0000	0.0002	0.0001	0.0002	0.0000	0.0000	0.0000	0.0000	0.0000	0.0000	0.0000	0.0000	0.0000	0.0007	0.0007	0.0007	0.0011	0.0010	0.0023	0.0005	0.0002	0.0007	
136	152	0.0952	5	0	0	0	1	0	0	0	0	N	N	N	N	N	N	N	N	N	N	N	N	0.0000	0.0000	0.0000	0.0000	0.0000	0.0000	0.0000	0.0000	0.0000	0.0000	0.0000	0.0000	0.0000	0.0000	0.0000	0.0000	0.0000	0.0005	0.0007	0.0001	0.0128	0.0110	0.0000	0.0002	0.0019	0.0001	0.7394	0.0000	-0.0000	0.0050	6.4701	0.0173	12.4371	0.0000	0.0000	0.0000	0.0000	0.0000	0.0000	0.0000	0.0000	0.0000	0.0000	0.0000	0.0000	0.0000	0.0000	0.0000	0.0000	0.0000	0.0000	0.0021	0.0019	0.0002	0.0016	0.0015	0.0001	0.0005	0.0004	0.0001	0.0006	0.0002	0.0004	0.0000	0.0000	0.0000	0.0006	0.0002	0.0003	0.0000	0.0000	0.0000	0.0000	0.0000	0.0000	0.0000	0.0000	0.0000	0.0002	0.0003	0.0001	0.0034	0.0035	0.0000	0.0001	0.0000	0.0001		
137	138	0.0626	4	1	1	0	1	0	0	0	0	N	N	N	N	N	N	N	N	N	N	N	N	0.0000	0.0000	0.0000	0.0000	0.0000	0.0000	0.0000	0.0000	0.0000	0.0000	0.0000	0.0000	0.0000	0.0044	0.0090	0.0000	0.0293	0.0257	0.0000	0.0000	0.0000	0.0000	0.0000	0.0000	-0.0000	1.9972	0.0002	1.0076	2.3255	0.0000	0.0000	0.0000	0.0000	0.0000	0.0000	0.0000	0.0000	0.0000	0.0000	0.0000	0.0000	0.0000	0.0000	0.0000	0.0000	0.0000	0.0000	0.0000	0.0000	0.0000	0.0000	0.0000	0.0000	0.0000	0.0000	0.0000	0.0136	0.0065	0.0071	0.0018	0.0018	0.0000	0.0119	0.0047	0.0071	0.0000	0.0000	0.0000	0.0000	0.0000	0.0000	0.0000	0.0000	0.0000	0.0007	0.0015	0.0000	0.0056	0.0057	0.0000	0.0000	0.0000	0.0000						
137	139	0.0448	3	1	1	0	1	0	0	0	0	N	N	N	N	N	N	N	N	N	N	N	N	9.2474	inf	129.2389	959.0930	inf	0.0000	14.7463	inf	156.6156	0.0661	0.0476	0.2185	0.1203	0.1274	0.0000	0.0382	0.0027	0.2649	0.0071	0.0000	0.0017	0.0001	0.0000	0.0004	0.0026	0.0000	0.0017	0.5572	inf	0.0008	0.0000	1.9972	2.0138	1.0076	2.7349	0.0081	0.0052	0.0029	0.0050	0.0050	0.0000	0.0031	0.0002	0.0029	0.0000	0.0000	0.0000	0.0000	0.0000	0.0000	0.0000	0.0000	0.0000	0.1222	0.1089	0.0132	0.0416	0.0392	0.0023	0.0806	0.0697	0.0109	0.0281	0.0115	0.0167	0.0024	0.0024	0.0000	0.0257	0.0090	0.0166	66.0310	inf	129.2389	73058.7376	inf	0.0000	34.8595	inf	156.6156	0.0010	0.0000	0.0017	0.0000	0.0000	0.0004	0.0011	0.0000	0.0017
137	140	0.0283	2	0	1	0	1	0	0	0	0	N	N	N	N	N	N	N	N	N	N	N	N	18157.2089	8862.3719	242.5301	298.1958	inf	inf	4.0027	4.4056	0.0000	8.5429	8.9096	0.0000	0.4027	0.4635	0.0000	0.0002	0.0005	0.0000	0.0352	0.0299	0.0000	0.0000	0.0000	0.0000	0.0000	0.0000	-0.1396	-0.0000	1.9972	1.9232	1.0076	1.1116	0.5364	0.5364	0.0000	0.5063	0.5063	0.0000	0.0301	0.0301	0.0000	0.0000	0.0000	0.0000	0.0000	0.0000	0.0000	0.0000	0.0000	0.0000	0.1340	0.1218	0.0123	0.0593	0.0568	0.0024	0.0748	0.0649	0.0098	0.0182	0.0075	0.0107	0.0002	0.0002	0.0000	0.0180	0.0073	0.0107	57384.8210	25903.9506	0.0000	1408.7148	1436.9023	0.0000	inf	inf	0.0000	0.0001	0.0002	0.0000	0.0061	0.0062	0.0000	0.0000	0.0000	0.0000			
137	141	0.6705	8	0	1	0	1	0	0	0	0	N	N	N	N	N	N	N	N	N	N	N	N	0.0000	0.0000	0.0000	0.0000	0.0000	0.0000	0.0000	0.0000	0.0000	0.0000	0.0000	0.0000	0.0000	0.0000	0.0000	0.0000	0.0000	0.0000	0.0000	0.0000	1.9972	3.0000	1.0076	1.0000	0.0000	0.0000	0.0000	0.0000	0.0000	0.0000	0.0000	0.0000	0.0000	0.0000	0.0000	0.0000	0.0000	0.0000	0.0000	0.0000	0.0000	0.0000	0.2198	0.2005	0.0193	0.1709	0.1586	0.0123	0.0489	0.0419	0.0071	0.0113	0.0072	0.0041	0.0072	0.0062	0.0010	0.0040	0.0010	0.0031	0.0000	0.0000	0.0000	0.0000	0.0000	0.0000	0.0000	0.0000	0.0000	0.0000	0.0000	0.0000	0.0000	0.0000	0.0000	0.0000	0.0000	0.0000											
137	142	0.6513	7	0	0	0	1	0	0	0	0	N	N	N	N	N	N	N	N	N	N	N	N	0.0000	0.0000	0.0000	0.0000	0.0000	0.0000	0.0000	0.0000	0.0000	0.0000	0.0000	0.0000	0.0000	0.0000	0.0000	0.0000	0.0000	0.0000	0.0000	0.0000	1.9972	1.0000	1.0076	1.0000	0.0000	0.0000	0.0000	0.0000	0.0000	0.0000	0.0000	0.0000	0.0000	0.0000	0.0000	0.0000	0.0000	0.0000	0.0000	0.0000	0.0000	0.0000	0.0731	0.0668	0.0063	0.0562	0.0524	0.0038	0.0169	0.0144	0.0025	0.0058	0.0037	0.0021	0.0037	0.0032	0.0005	0.0021	0.0005	0.0016	0.0000	0.0000	0.0000	0.0000	0.0000	0.0000	0.0000	0.0000	0.0000	0.0000	0.0000	0.0000	0.0000	0.0000	0.0000	0.0000	0.0000	0.0000											
137	143	0.4009	6	0	0	0	1	0	0	0	0	N	N	N	N	N	N	N	N	N	N	N	N	22958.7458	13253.7997	inf	15129.1099	17015.4362	inf	inf	inf	2.0815	2.3186	0.0004	3.3380	3.6098	0.0009	0.0001	0.0001	0.0000	0.0001	0.0002	0.0000	0.0002	0.0002	0.0000	0.0000	0.0000	0.0000	0.0000	0.0000	-0.2586	-0.0000	1.9972	7.1211	1.0076	10.9474	0.9938	0.9938	0.0000	0.9938	0.9938	0.0000	0.0000	0.0000	0.0000	0.0000	0.0000	0.0000	0.0000	0.0000	0.0000	0.0000	0.0000	0.0000	0.4775	0.4286	0.0488	0.2977	0.2753	0.0224	0.1797	0.1533	0.0264	0.1230	0.0774	0.0456	0.0660	0.0565	0.0095	0.0570	0.0208	0.0362	320798.3034	224794.4913	inf	275997.0632	255716.3004	inf	inf	inf	0.0000	0.0000	0.0000	0.0000	0.0000	0.0000	0.0000	0.0000	0.0000	0.0000	
137	144	0.2061	5	0	0	0	1	0	0	0	0	N	N	N	N	N	N	N	N	N	N	N	N	0.0080	0.5540	0.0060	23.2133	24.6523	inf	0.0000	0.0000	0.0000	0.0124	0.0125	0.0113	0.0212	0.0206	0.0290	0.0000	0.0000	0.0000	1.5570	0.0226	1.8821	0.0009	0.0008	0.0000	1.6212	0.1650	0.7692	0.1062	173.1045	-0.0010	0.0115	1.9972	8.5175	1.0076	23.1696	0.0060	0.0054	0.0006	0.0060	0.0054	0.0006	0.0000	0.0000	0.0000	0.0244	0.0001	0.0242	0.0000	0.0000	0.0000	0.0243	0.0001	0.0242	0.4853	0.4342	0.0511	0.2837	0.2638	0.0199	0.2015	0.1704	0.0311	0.1170	0.0559	0.0611	0.0272	0.0248	0.0024	0.0898	0.0311	0.0586	0.0596	5.0123	0.0286	58.8742	52.1089	inf	0.0000	0.0000	0.0000	0.2082	0.0025	0.3965	0.0004	0.0004	0.0000	0.2712	0.0042	0.4130
137	145	0.0097	2	1	1	0	1	0	0	0	0	N	N	N	N	N	N	N	N	N	N	N	N	0.0000	0.0000	0.0000	0.0000	0.0000	0.0000	0.0000	0.0000	0.0000	0.0000	0.0000	0.0000	0.0000	0.0000	0.0000	0.0000	0.0000	0.0000	0.0000	0.0000	1.9972	1.0000	1.0076	1.0000	0.0000	0.0000	0.0000	0.0000	0.0000	0.0000	0.0000	0.0000	0.0000	0.0000	0.0000	0.0000	0.0000	0.0000	0.0000	0.0000	0.0000	0.0000	0.0619	0.0517	0.0103	0.0000	0.0000	0.0000	0.0619	0.0517	0.0103	0.0155	0.0070	0.0085	0.0000	0.0000	0.0000	0.0155	0.0070	0.0085	0.0000	0.0000	0.0000	0.0000	0.0000	0.0000	0.0000	0.0000	0.0000	0.0000	0.0000	0.0000	0.0000	0.0000	0.0000	0.0000	0.0000	0.0000											
137	150	0.2225	6	0	0	0	1	0	0	0	0	N	N	N	N	N	N	N	N	N	N	N	N	0.0000	0.0000	0.0000	0.0000	0.0000	0.0000	0.0000	0.0000	0.0000	0.0000	0.0000	0.0000	0.0000	0.0003	0.0006	0.0000	0.0012	0.0010	0.0000	0.0000	0.0000	0.0000	0.0000	0.0000	-0.0000	1.9972	3.7255	1.0076	14.1767	0.0000	0.0000	0.0000	0.0000	0.0000	0.0000	0.0000	0.0000	0.0000	0.0000	0.0000	0.0000	0.0000	0.0000	0.0000	0.0000	0.0000	0.0000	0.2781	0.2490	0.0290	0.1693	0.1585	0.0108	0.1088	0.0905	0.0183	0.0722	0.0379	0.0343	0.0194	0.0179	0.0015	0.0528	0.0200	0.0328	0.0000	0.0000	0.0000	0.0000	0.0000	0.0000	0.0000	0.0000	0.0000	0.0001	0.0003	0.0000	0.0005	0.0006	0.0000	0.0000	0.0000	0.0000						
137	151	0.2061	5	0	0	0	1	0	0	0	0	N	N	N	N	N	N	N	N	N	N	N	N	0.0000	0.0000	0.0000	0.0000	0.0000	0.0000	0.0000	0.0000	0.0000	0.0000	0.0000	0.0000	0.0000	0.0000	0.0000	0.0000	0.0000	0.0014	0.0010	0.0004	0.0013	0.0011	0.0000	0.0004	0.0003	0.0004	0.9995	0.0000	-0.0000	1.9972	1.4205	1.0076	4.0377	0.0000	0.0000	0.0000	0.0000	0.0000	0.0000	0.0000	0.0000	0.0000	0.0000	0.0000	0.0000	0.0000	0.0000	0.0000	0.0000	0.0000	0.0000	0.1448	0.1293	0.0155	0.0844	0.0800	0.0044	0.0604	0.0493	0.0111	0.0485	0.0256	0.0230	0.0176	0.0171	0.0005	0.0309	0.0085	0.0224	0.0000	0.0000	0.0000	0.0000	0.0000	0.0000	0.0000	0.0000	0.0000	0.0004	0.0004	0.0004	0.0006	0.0006	0.0000	0.0003	0.0000	0.0004		
137	152	0.0952	4	0	0	0	1	0	0	0	0	N	N	N	N	N	N	N	N	N	N	N	N	0.0000	0.0000	0.0000	0.0000	0.0000	0.0000	0.0000	0.0000	0.0000	0.0000	0.0000	0.0000	0.0000	0.0000	0.0000	0.0003	0.0001	0.0002	0.0000	0.0000	0.0000	0.0002	0.0002	0.0002	1069.0213	0.0000	0.0000	1.9972	6.4701	1.0076	12.4371	0.0000	0.0000	0.0000	0.0000	0.0000	0.0000	0.0000	0.0000	0.0000	0.0000	0.0000	0.0000	0.0000	0.0000	0.0000	0.0000	0.0000	0.0000	0.3577	0.3189	0.0388	0.1786	0.1647	0.0139	0.1791	0.1542	0.0249	0.0711	0.0282	0.0429	0.0017	0.0016	0.0001	0.0695	0.0266	0.0429	0.0000	0.0000	0.0000	0.0000	0.0000	0.0000	0.0000	0.0000	0.0000	0.0001	0.0000	0.0002	0.0000	0.0000	0.0000	0.0001	0.0000	0.0002				
138	140	0.0429	3	1	2	0	0	0	0	0	0	N	Y	N	N	N	N	N	N	N	N	N	N	0.0000	0.0000	0.0000	0.0000	0.0000	0.0000	0.0000	0.0000	0.0000	0.0000	0.0000	0.0000	0.0000	0.0000	0.0000	0.0000	0.0000	0.0228	0.0595	0.0000	0.1927	0.1482	0.0001	0.0000	0.0000	0.0000	0.0017	0.0000	-0.0000	0.0002	1.9232	2.3255	1.1116	0.0000	0.0000	0.0000	0.0000	0.0000	0.0000	0.0000	0.0000	0.0000	0.0000	0.0000	0.0000	0.0000	0.0000	0.0000	0.0000	0.0000	0.0000	0.0000	0.0000	0.0000	0.0000	0.0000	0.0000	0.0000	0.0000	0.0000	0.0179	0.0093	0.0086	0.0027	0.0027	0.0000	0.0151	0.0066	0.0085	0.0000	0.0000	0.0000	0.0000	0.0000	0.0000	0.0000	0.0000	0.0000	0.0020	0.0039	0.0000	0.0134	0.0135	0.0001	0.0000	0.0000	0.0000		
138	141	0.6521	7	1	2	0	0	0	0	0	0	N	Y	N	N	N	N	N	N	N	N	N	N	0.0000	0.0000	0.0000	0.0000	0.0000	0.0000	0.0000	0.0000	0.0000	0.0000	0.0000	0.0000	0.0000	0.0000	0.0000	0.0000	0.0000	0.0000	0.0000	0.0000	0.0002	3.0000	2.3255	1.0000	0.0000	0.0000	0.0000	0.0000	0.0000	0.0000	0.0000	0.0000	0.0000	0.0000	0.0000	0.0000	0.0000	0.0000	0.0000	0.0000	0.0000	0.0000	0.0000	0.0000	0.0000	0.0000	0.0000	0.0000	0.0000	0.0000	0.0000	0.0135	0.0082	0.0053	0.0065	0.0057	0.0008	0.0070	0.0025	0.0045	0.0000	0.0000	0.0000	0.0000	0.0000	0.0000	0.0000	0.0000	0.0000	0.0000	0.0000	0.0000	0.0000	0.0000	0.0000	0.0000	0.0000	0.0000											
138	142	0.6329	6	1	1	0	0	0	0	0	0	N	N	N	N	N	N	N	N	N	N	N	N	0.0000	0.0000	0.0000	0.0000	0.0000	0.0000	0.0000	0.0000	0.0000	0.0000	0.0000	0.0000	0.0000	0.0000	0.0000	0.0000	0.0000	0.0000	0.0000	0.0000	0.0002	1.0000	2.3255	1.0000	0.0000	0.0000	0.0000	0.0000	0.0000	0.0000	0.0000	0.0000	0.0000	0.0000	0.0000	0.0000	0.0000	0.0000	0.0000	0.0000	0.0000	0.0000	0.0000	0.0000	0.0000	0.0000	0.0000	0.0000	0.0000	0.0000	0.0000	0.0070	0.0043	0.0027	0.0034	0.0029	0.0004	0.0037	0.0013	0.0023	0.0000	0.0000	0.0000	0.0000	0.0000	0.0000	0.0000	0.0000	0.0000	0.0000	0.0000	0.0000	0.0000	0.0000	0.0000	0.0000	0.0000	0.0000											
138	143	0.3826	5	1	1	0	0	0	0	0	0	N	N	N	N	N	N	N	N	N	N	N	N	0.0000	0.0000	0.0000	0.0000	0.0000	0.0000	0.0000	0.0000	0.0000	0.0000	0.0000	0.0000	0.0000	0.8121	1.1616	0.0000	0.8710	0.8756	0.0000	0.0000	0.0000	0.0000	0.0000	0.0000	-0.0019	0.0002	7.1211	2.3255	10.9474	0.0000	0.0000	0.0000	0.0000	0.0000	0.0000	0.0000	0.0000	0.0000	0.0037	0.0037	0.0000	0.0037	0.0037	0.0000	0.0000	0.0000	0.0000	0.0001	0.0001	0.0000	0.0001	0.0001	0.0000	0.0001	0.0000	0.0000	0.1338	0.0866	0.0471	0.0652	0.0573	0.0080	0.0685	0.0293	0.0392	0.0000	0.0000	0.0000	0.0000	0.0000	0.0000	0.0000	0.0000	0.0000	0.0275	0.0425	0.0000	0.0564	0.0643	0.0000	0.0000	0.0000	0.0000						
138	144	0.1878	4	1	1	0	0	0	0	0	0	N	N	N	N	N	N	N	N	N	N	N	N	0.0793	0.0421	0.0673	0.0539	0.0365	0.1984	0.0250	0.0079	0.0303	0.2286	0.1516	0.6640	0.3567	0.2390	1.2782	0.0713	0.0333	0.2277	2.8805	3.5965	9.8587	6.6238	6.5499	6.4423	2.8582	4.2304	7.5105	0.7745	0.4497	0.0000	-0.0866	0.0002	8.5175	2.3255	23.1696	0.0000	0.0000	0.0000	0.0000	0.0000	0.0000	0.0000	0.0000	0.0000	0.4090	0.2821	0.1269	0.2340	0.2323	0.0017	0.1750	0.0499	0.1251	0.0002	0.0001	0.0000	0.0001	0.0001	0.0000	0.0001	0.0001	0.0000	0.1498	0.0839	0.0660	0.0393	0.0370	0.0023	0.1106	0.0469	0.0637	0.0837	0.0451	0.3452	0.0598	0.0381	1.6672	0.0451	0.0313	0.1159	2.7294	3.3633	1.9232	5.9609	6.2790	0.7667	1.5822	1.0631	1.9644
138	145	0.0615	5	2	2	0	0	0	0	0	0	Y	Y	N	N	N	N	N	N	N	N	N	N	691.6716	312.0260	170.7567	218.1673	5.5425	6.1744	0.0000	11.7780	12.1156	0.0000	0.0000	0.0000	0.0000	0.0080	0.0198	0.0000	0.0690	0.0555	0.0000	0.0000	0.0000	0.0000	0.0000	0.0000	-0.0000	-0.0000	0.0002	1.0000	2.3255	1.0000	0.0001	0.0001	0.0000	0.0001	0.0001	0.0000	0.0000	0.0000	0.0000	0.0000	0.0000	0.0000	0.0000	0.0000	0.0000	0.0000	0.0000	0.0000	0.0000	0.0000	0.0000	0.0000	0.0000	0.0000	0.0000	0.0000	0.0000	0.0092	0.0044	0.0048	0.0012	0.0012	0.0000	0.0080	0.0032	0.0048	5074.8021	2688.1014	0.0000	1401.7432	1431.1307	0.0000	0.0000	0.0000	0.0000	0.0011	0.0023	0.0000	0.0084	0.0085	0.0000	0.0000	0.0000	0.0000					
138	146	0.0615	4	1	2	0	0	0	0	0	0	N	Y	N	N	N	N	N	N	N	N	N	N	0.0000	0.0000	0.0000	0.0000	0.0000	0.0000	0.0000	0.0000	0.0000	0.0000	0.0000	0.0000	0.0000	0.0000	0.0000	0.0000	0.0000	0.0000	0.0000	0.0000	0.0002	0.0003	2.3255	0.0000	0.0000	0.0000	0.0000	0.0000	0.0000	0.0000	0.0000	0.0000	0.0000	0.0000	0.0000	0.0000	0.0000	0.0000	0.0000	0.0000	0.0000	0.0000	0.0000	0.0000	0.0000	0.0000	0.0000	0.0000	0.0000	0.0000	0.0000	0.0000	0.0000	0.0000	0.0000	0.0000	0.0000	0.0000	0.0000	0.0000	0.0000	0.0000	0.0000	0.0000	0.0000	0.0000	0.0000	0.0000	0.0000	0.0000	0.0000	0.0000	0.0000	0.0000	0.0000	0.0000	0.0000	0.0000											
138	147	0.0429	3	1	1	0	0	0	0	0	0	N	N	N	N	N	N	N	N	N	N	N	N	0.0000	0.0000	0.0000	0.0000	0.0000	0.0000	0.0000	0.0000	0.0000	0.0000	0.0000	0.0000	0.0000	0.0000	0.0000	0.0000	0.0000	0.0005	0.0010	0.0000	0.0039	0.0031	0.0011	0.0000	0.0000	0.0000	0.0272	0.0000	-0.0000	0.0002	4.9449	2.3255	1.0063	0.0000	0.0000	0.0000	0.0000	0.0000	0.0000	0.0000	0.0000	0.0000	0.0000	0.0000	0.0000	0.0000	0.0000	0.0000	0.0000	0.0000	0.0000	0.0001	0.0001	0.0000	0.0000	0.0000	0.0000	0.0000	0.0000	0.0000	0.0323	0.0164	0.0158	0.0043	0.0043	0.0000	0.0280	0.0122	0.0158	0.0000	0.0000	0.0000	0.0000	0.0000	0.0000	0.0000	0.0000	0.0000	0.0002	0.0004	0.0000	0.0015	0.0015	0.0009	0.0000	0.0000	0.0000		
138	148	0.0264	2	1	1	0	0	0	0	0	0	N	N	N	N	N	N	N	N	N	N	N	N	0.0000	0.0000	0.0000	0.0000	0.0000	0.0000	0.0000	0.0000	0.0000	0.0000	0.0000	0.0000	0.0000	0.0000	0.0000	0.0000	0.0000	0.0000	2.8807	3.3695	11.4730	6.3991	6.2468	58.1528	3.0529	4.0455	10.4655	0.9622	0.0000	-0.0040	0.0002	3.4778	2.3255	1.2917	0.0000	0.0000	0.0000	0.0000	0.0000	0.0000	0.0000	0.0000	0.0000	0.1281	0.0653	0.0628	0.0575	0.0566	0.0008	0.0707	0.0087	0.0620	0.0001	0.0000	0.0000	0.0000	0.0000	0.0000	0.0000	0.0000	0.0000	0.0455	0.0247	0.0208	0.0111	0.0110	0.0001	0.0344	0.0138	0.0207	0.0000	0.0000	0.0000	0.0000	0.0000	0.0000	0.0000	0.0000	0.0000	2.8160	2.6408	3.0245	5.1883	5.1632	7.7552	2.0527	0.6298	2.9999	
138	150	0.2042	5	1	1	0	0	0	0	0	0	N	N	N	N	N	N	N	N	N	N	N	N	0.0878	0.0000	16410.1707	0.0344	0.0000	2196.4677	2025.3779	0.0000	9996.9612	0.2629	0.0000	1.4064	0.3536	0.0000	2.1997	0.1300	0.0000	0.5767	2.9962	5.0316	0.0001	10.2674	10.8317	0.0010	0.0001	0.0002	0.0001	inf	0.0000	0.0000	-0.1532	0.0002	3.7255	2.3255	14.1767	0.0000	0.0000	0.0000	0.0000	0.0000	0.0000	0.0000	0.0000	0.0000	0.2935	0.2934	0.0000	0.2934	0.2934	0.0000	0.0000	0.0000	0.0000	0.0001	0.0001	0.0000	0.0001	0.0001	0.0000	0.0000	0.0000	0.0000	0.0979	0.0583	0.0396	0.0286	0.0271	0.0015	0.0694	0.0312	0.0381	0.0878	0.0000	16410.1707	0.0344	0.0000	2738.2273	4074.0566	0.0000	9996.9612	2.9962	5.0316	0.0001	10.2674	10.8317	0.0008	0.0000	0.0000	0.0001
138	151	0.1878	4	1	1	0	0	0	0	0	0	N	N	N	N	N	N	N	N	N	N	N	N	0.0478	0.0366	0.0417	0.0509	0.0355	0.0206	0.0162	0.0002	0.0184	0.3344	0.2181	0.7258	0.4767	0.3369	1.0028	0.0908	0.0006	0.3454	7.0015	5.9641	17.3861	9.3678	9.4838	48.7669	5.6173	3.9720	18.7978	0.9879	0.9696	0.0000	-0.0123	0.0002	1.4205	2.3255	4.0377	0.0000	0.0000	0.0000	0.0000	0.0000	0.0000	0.0000	0.0000	0.0000	0.4160	0.2112	0.2048	0.2054	0.2026	0.0029	0.2106	0.0087	0.2019	0.0001	0.0001	0.0000	0.0000	0.0000	0.0000	0.0000	0.0000	0.0000	0.0594	0.0354	0.0240	0.0219	0.0214	0.0006	0.0375	0.0141	0.0234	0.0478	0.0366	0.0851	0.0509	0.0355	0.1994	0.0162	0.0010	0.0401	7.0015	5.9641	8.5321	9.3678	9.4838	5.0300	5.6173	0.6164	8.6174
138	152	0.0768	3	1	1	0	0	0	0	0	0	N	N	N	N	N	N	N	N	N	N	N	N	0.0344	0.0204	0.0000	0.0131	0.0129	0.0000	0.0000	0.2797	0.3118	0.0000	0.6463	0.6615	0.0000	0.0000	0.0000	0.0000	8.1408	15.3007	0.0005	49.2868	51.1682	0.0000	0.0003	0.0000	0.0005	0.0000	0.0000	-0.0000	-0.3798	0.0002	6.4701	2.3255	12.4371	0.0000	0.0000	0.0000	0.0000	0.0000	0.0000	0.0000	0.0000	0.0000	0.7278	0.7278	0.0000	0.7278	0.7278	0.0000	0.0000	0.0000	0.0000	0.0001	0.0001	0.0000	0.0000	0.0000	0.0000	0.0001	0.0000	0.0000	0.0894	0.0476	0.0418	0.0148	0.0142	0.0005	0.0746	0.0333	0.0413	0.0344	0.0204	0.0000	0.0131	0.0129	0.0000	0.0000	0.0000	0.0000	8.1408	15.3007	0.0005	49.2868	51.1682	0.0000	0.0003	0.0000	0.0005		
139	140	0.0344	2	1	2	0	0	0	0	0	0	N	Y	N	N	N	N	N	N	N	N	N	N	0.0199	0.0145	0.0590	0.0255	0.0258	0.1570	0.2523	0.0320	0.0315	0.0227	0.0253	0.0001	0.0599	0.0624	0.0002	0.0004	0.0004	0.0000	1.1409	1.7431	0.0009	2.3469	2.4189	0.0013	0.0015	0.0132	0.0009	0.0002	0.0069	-0.0012	-0.0017	2.0138	1.9232	2.7349	1.1116	0.0045	0.0045	0.0000	0.0044	0.0044	0.0000	0.0000	0.0000	0.0000	0.0034	0.0034	0.0000	0.0034	0.0034	0.0000	0.0000	0.0000	0.0000	0.1967	0.1770	0.0196	0.0738	0.0710	0.0029	0.1228	0.1061	0.0167	0.0514	0.0255	0.0260	0.0126	0.0118	0.0008	0.0389	0.0137	0.0252	0.3445	0.1907	0.0590	0.2241	0.2187	0.1923	0.4426	0.5812	0.0315	0.0660	0.1324	0.0009	0.2675	0.2852	0.0010	0.0008	0.0007	0.0009
139	141	0.6436	6	1	2	0	0	0	0	0	0	N	Y	N	N	N	N	N	N	N	N	N	N	inf	inf	inf	inf	inf	inf	inf	inf	inf	0.0115	0.0022	0.1247	0.0025	0.0026	0.0006	0.0524	0.0002	0.3403	0.0000	0.0000	0.0000	0.0000	0.0000	0.0000	0.0000	0.0000	0.0000	4.6400	0.0024	0.0000	2.0138	3.0000	2.7349	1.0000	0.0042	0.0008	0.0035	0.0007	0.0007	0.0000	0.0035	0.0000	0.0035	0.0000	0.0000	0.0000	0.0000	0.0000	0.0000	0.0000	0.0000	0.0000	0.3676	0.3396	0.0279	0.3011	0.2834	0.0177	0.0665	0.0563	0.0102	0.0383	0.0220	0.0163	0.0178	0.0162	0.0016	0.0205	0.0058	0.0147	inf	inf	inf	inf	inf	inf	inf	inf	inf	0.0000	0.0000	0.0000	0.0000	0.0000	0.0000	0.0000	0.0000	0.0000	
139	142	0.6244	5	1	1	0	0	0	0	0	0	N	N	N	N	N	N	N	N	N	N	N	N	inf	inf	inf	inf	0.0000	0.0000	0.0000	0.0000	0.0000	0.0000	0.0000	0.0000	0.0000	0.0000	0.0000	0.0000	0.0000	0.0000	0.0000	0.0000	0.0000	0.0000	inf	0.0000	0.0000	2.0138	1.0000	2.7349	1.0000	0.0000	0.0000	0.0000	0.0000	0.0000	0.0000	0.0000	0.0000	0.0000	0.0000	0.0000	0.0000	0.0000	0.0000	0.0000	0.0000	0.0000	0.0000	0.0907	0.0828	0.0080	0.0676	0.0633	0.0044	0.0231	0.0195	0.0036	0.0199	0.0114	0.0085	0.0092	0.0084	0.0008	0.0107	0.0030	0.0077	inf	0.0000	inf	0.0000	0.0000	0.0000	inf	0.0000	inf	0.0000	0.0000	0.0000	0.0000	0.0000	0.0000	0.0000	0.0000	0.0000						
139	143	0.3740	4	1	1	0	0	0	0	0	0	N	N	N	N	N	N	N	N	N	N	N	N	1.0631	0.8362	0.0417	1.1010	1.1302	4.5522	0.0539	3.7804	0.1613	1.3819	1.5334	0.0010	2.2870	2.4887	0.0002	0.0038	0.0041	0.0019	1.2999	1.8338	0.0244	2.0772	2.2021	0.0000	0.0714	0.0011	0.0115	0.0001	0.0341	-0.2478	-0.0198	2.0138	7.1211	2.7349	10.9474	0.9528	0.9527	0.0001	0.9517	0.9517	0.0000	0.0011	0.0010	0.0001	0.0404	0.0391	0.0013	0.0391	0.0391	0.0000	0.0013	0.0000	0.0013	0.6895	0.6213	0.0682	0.4161	0.3824	0.0337	0.2733	0.2389	0.0344	0.3711	0.2324	0.1387	0.1898	0.1665	0.0233	0.1812	0.0659	0.1154	12.6819	9.1139	0.1058	11.1026	10.5997	4.5522	0.5223	239.4474	0.1613	0.1090	0.1683	0.0096	0.2060	0.2348	0.0000	0.0074	0.0000	0.0115
139	144	0.1792	3	1	1	0	0	0	0	0	0	N	N	N	N	N	N	N	N	N	N	N	N	0.0799	0.0678	0.0752	0.1080	0.1081	0.1719	0.0063	0.0026	0.0622	0.1383	0.1392	0.1281	0.3070	0.3019	0.4153	0.0103	0.0064	0.0413	1.7314	2.0545	1.7026	2.8417	2.7922	2.4157	1.6417	2.4149	0.6645	0.0849	1.1536	-0.0167	0.0018	2.0138	8.5175	2.7349	23.1696	0.0918	0.0847	0.0072	0.0879	0.0825	0.0054	0.0039	0.0021	0.0018	0.1278	0.0594	0.0685	0.0550	0.0515	0.0035	0.0728	0.0079	0.0649	0.6642	0.6081	0.0561	0.2864	0.2734	0.0130	0.3778	0.3348	0.0431	0.3876	0.2134	0.1742	0.1228	0.1160	0.0067	0.2648	0.0973	0.1675	0.4192	0.5004	0.3258	0.6848	0.6803	0.7861	0.0376	0.0787	0.1066	0.3298	0.2782	0.3931	0.4484	0.4437	0.5283	0.2749	0.0808	0.3876
139	145	0.0530	4	2	2	0	0	0	0	0	0	Y	Y	N	N	N	N	N	N	N	N	N	N	0.6800	inf	4.9537	inf	inf	3.0041	inf	6.0244	0.0016	0.0013	0.0044	0.0005	0.0005	0.0000	0.0022	0.0017	0.0054	0.0024	0.0000	0.0009	0.0000	0.0000	0.0000	0.0007	0.0000	0.0009	0.4286	inf	0.0000	0.0000	2.0138	1.0000	2.7349	1.0000	0.0001	0.0001	0.0000	0.0000	0.0000	0.0000	0.0001	0.0001	0.0000	0.0000	0.0000	0.0000	0.0000	0.0000	0.0000	0.0000	0.0000	0.0000	0.0624	0.0556	0.0068	0.0214	0.0202	0.0012	0.0410	0.0354	0.0056	0.0189	0.0077	0.0112	0.0016	0.0016	0.0000	0.0173	0.0061	0.0112	3.0331	inf	4.9537	inf	inf	0.0000	3.7974	inf	6.0244	0.0005	0.0000	0.0009	0.0000	0.0000	0.0000	0.0006	0.0000	0.0009	
139	146	0.0530	3	1	2	0	0	0	0	0	0	N	Y	N	N	N	N	N	N	N	N	N	N	inf	inf	inf	inf	inf	inf	0.0221	0.0239	0.0000	0.0297	0.0310	0.0000	0.0027	0.0033	0.0000	0.0000	0.0000	0.0000	0.0000	0.0000	0.0000	0.0000	0.0000	0.0000	0.0000	-0.0000	0.0000	2.0138	0.0003	2.7349	0.0000	0.0000	0.0000	0.0000	0.0000	0.0000	0.0000	0.0000	0.0000	0.0000	0.0000	0.0000	0.0000	0.0000	0.0000	0.0000	0.0000	0.0000	0.0000	0.0001	0.0001	0.0000	0.0000	0.0000	0.0000	0.0000	0.0000	0.0000	0.0000	0.0000	0.0000	0.0000	0.0000	0.0000	0.0000	0.0000	0.0000	inf	inf	0.0000	inf	inf	0.0000	inf	inf	0.0000	0.0000	0.0000	0.0000	0.0000	0.0000	0.0000	0.0000	0.0000	0.0000				
139	147	0.0344	2	1	1	0	0	0	0	0	0	N	N	N	N	N	N	N	N	N	N	N	N	0.0321	0.0217	0.2980	0.0263	0.0275	0.0000	323.6391	139.2104	0.3339	0.0300	0.0335	0.0000	0.0595	0.0622	0.0000	0.0174	0.0200	0.0000	0.9341	1.5452	0.0000	2.2656	2.2596	0.0000	0.0001	0.0001	0.0000	0.0000	0.0005	-0.0028	-0.0018	2.0138	4.9449	2.7349	1.0063	0.0107	0.0107	0.0000	0.0063	0.0063	0.0000	0.0043	0.0043	0.0000	0.0034	0.0034	0.0000	0.0034	0.0034	0.0000	0.0000	0.0000	0.0000	0.3553	0.3179	0.0374	0.1064	0.1018	0.0046	0.2489	0.2161	0.0327	0.0809	0.0385	0.0423	0.0147	0.0140	0.0008	0.0661	0.0246	0.0416	0.7067	0.3765	0.2980	0.2555	0.2532	0.0000	685.6949	119657.8147	0.3339	0.0425	0.0891	0.0000	0.2328	0.2457	0.0000	0.0000	0.0000	0.0000
139	150	0.1956	4	1	1	0	0	0	0	0	0	N	N	N	N	N	N	N	N	N	N	N	N	0.0000	0.0000	0.0000	0.0001	0.0001	0.0000	0.0000	0.0000	0.0000	0.0001	0.0001	0.0000	0.0002	0.0002	0.0000	0.0000	0.0000	0.0000	1.5976	1.7259	1.6437	2.2729	2.1103	10.6769	1.5504	0.0234	0.6186	0.0038	2.2460	-0.0000	0.0121	2.0138	3.7255	2.7349	14.1767	0.0000	0.0000	0.0000	0.0000	0.0000	0.0000	0.0000	0.0000	0.0000	0.0711	0.0219	0.0492	0.0269	0.0218	0.0051	0.0442	0.0001	0.0441	0.3819	0.3499	0.0320	0.1777	0.1702	0.0075	0.2042	0.1797	0.0245	0.2973	0.1714	0.1258	0.1090	0.1032	0.0058	0.1882	0.0682	0.1200	0.0003	0.0006	0.0000	0.0006	0.0008	0.0000	0.0000	0.0000	0.0000	0.2391	0.1277	0.3907	0.2464	0.2113	0.8711	0.2348	0.0013	0.3675
139	151	0.1792	3	1	1	0	0	0	0	0	0	N	N	N	N	N	N	N	N	N	N	N	N	0.0073	0.0068	0.0001	0.0018	0.0019	0.0000	0.0122	0.0133	0.0003	0.0131	0.0144	0.0002	0.0049	0.0051	0.0000	0.0204	0.0235	0.0002	1.7905	2.1019	1.6876	2.7059	2.6789	8.5095	1.6670	1.7696	0.6413	0.0011	0.9535	-0.0006	-0.0026	2.0138	1.4205	2.7349	4.0377	0.0025	0.0025	0.0000	0.0004	0.0004	0.0000	0.0021	0.0021	0.0000	0.0776	0.0397	0.0379	0.0420	0.0387	0.0033	0.0357	0.0011	0.0346	0.1910	0.1742	0.0168	0.0897	0.0866	0.0031	0.1013	0.0876	0.0138	0.2234	0.1269	0.0965	0.0985	0.0944	0.0042	0.1248	0.0325	0.0923	0.0377	0.0459	0.0004	0.0116	0.0125	0.0000	0.0713	0.7182	0.0005	0.3476	0.3132	0.3928	0.4260	0.4099	0.7920	0.2856	0.0328	0.3748
139	152	0.0682	2	1	1	0	0	0	0	0	0	N	N	N	N	N	N	N	N	N	N	N	N	0.3832	2.2146	0.0001	0.0000	0.0000	0.0000	0.4924	2.0375	0.0002	1.9572	2.1376	0.0024	0.0000	0.0000	0.0000	3.0680	3.4334	0.0030	5.1082	0.9652	18.8689	2.1447	0.3365	44.3631	6.2306	1.6851	20.2037	0.0001	356.9371	-0.2595	0.5109	2.0138	6.4701	2.7349	12.4371	0.9979	0.9978	0.0001	0.0000	0.0000	0.0000	0.9979	0.9978	0.0001	1.0749	0.0030	1.0719	0.0088	0.0008	0.0080	1.0661	0.0022	1.0639	0.5099	0.4668	0.0431	0.1846	0.1762	0.0084	0.3253	0.2906	0.0346	0.2104	0.1079	0.1026	0.0393	0.0376	0.0017	0.1711	0.0703	0.1008	0.3832	76.7908	0.0002	0.0000	0.0002	0.0000	0.4924	110.5531	0.0003	5.1082	0.0278	10.4526	0.2240	0.0218	4.5916	6.2306	0.0311	10.5538
140	141	0.6535	7	0	2	0	0	0	0	0	0	N	Y	N	N	N	N	N	N	N	N	N	N	inf	inf	inf	inf	inf	inf	inf	0.0017	0.0018	0.0009	0.0020	0.0021	0.0000	0.0003	0.0000	0.0026	0.0000	0.0000	0.0000	0.0000	0.0000	0.0000	0.0000	0.0000	0.0000	0.0316	-0.0002	0.0000	1.9232	3.0000	1.1116	1.0000	0.0010	0.0010	0.0000	0.0010	0.0010	0.0000	0.0000	0.0000	0.0000	0.0000	0.0000	0.0000	0.0000	0.0000	0.0000	0.0000	0.0000	0.0000	0.5652	0.5317	0.0335	0.4775	0.4556	0.0219	0.0876	0.0761	0.0115	0.0122	0.0077	0.0045	0.0075	0.0065	0.0010	0.0047	0.0012	0.0035	inf	inf	inf	inf	inf	0.0000	inf	0.0000	inf	0.0000	0.0000	0.0000	0.0000	0.0000	0.0000	0.0000	0.0000	0.0000			
140	142	0.6343	6	0	1	0	0	0	0	0	0	N	N	N	N	N	N	N	N	N	N	N	N	inf	inf	inf	inf	0.0012	0.0013	0.0000	0.0014	0.0015	0.0000	0.0000	0.0000	0.0000	0.0000	0.0000	0.0000	0.0000	0.0000	0.0000	0.0000	0.0000	0.0000	0.0000	-0.0001	0.0000	1.9232	1.0000	1.1116	1.0000	0.0003	0.0003	0.0000	0.0003	0.0003	0.0000	0.0000	0.0000	0.0000	0.0000	0.0000	0.0000	0.0000	0.0000	0.0000	0.0000	0.0000	0.0000	0.2150	0.2030	0.0120	0.1842	0.1762	0.0079	0.0308	0.0267	0.0041	0.0063	0.0040	0.0024	0.0039	0.0033	0.0005	0.0024	0.0006	0.0018	inf	inf	0.0000	inf	inf	0.0000	0.0000	0.0000	0.0000	0.0000	0.0000	0.0000	0.0000	0.0000	0.0000	0.0000	0.0000	0.0000						
140	143	0.3839	5	0	1	0	0	0	0	0	0	N	N	N	N	N	N	N	N	N	N	N	N	95.0046	1033.2712	0.0031	255.5912	423.5678	0.0009	193.8684	inf	0.0041	0.8233	0.9000	0.0000	0.3546	0.3763	0.0000	1.4352	1.6340	0.0000	0.0087	0.0009	0.0025	0.0014	0.0009	0.0016	0.0074	0.0000	0.0028	0.0000	4.3076	-0.1400	0.0000	1.9232	7.1211	1.1116	10.9474	0.5380	0.5380	0.0000	0.1312	0.1312	0.0000	0.4067	0.4067	0.0000	0.0002	0.0000	0.0001	0.0000	0.0000	0.0000	0.0001	0.0000	0.0001	0.6535	0.5977	0.0557	0.3701	0.3488	0.0213	0.2834	0.2489	0.0345	0.1499	0.0951	0.0547	0.0809	0.0696	0.0114	0.0689	0.0256	0.0433	725.8896	2674.2356	0.0031	604.6120	817.2507	0.0011	807.5719	inf	0.0041	0.0011	0.0003	0.0025	0.0006	0.0005	0.0014	0.0018	0.0000	0.0028
140	144	0.1891	4	0	1	0	0	0	0	0	0	N	N	N	N	N	N	N	N	N	N	N	N	0.0051	0.0049	0.0028	0.2539	0.2859	1.3887	0.0091	0.0041	0.0074	0.0061	0.0066	0.0012	0.0030	0.0031	0.0006	0.0098	0.0110	0.0014	1.2079	1.3537	0.4186	0.0118	0.0109	0.0004	1.0755	2.6924	0.1888	0.0161	1.7570	-0.0010	0.0015	1.9232	8.5175	1.1116	23.1696	0.0043	0.0042	0.0001	0.0011	0.0011	0.0000	0.0032	0.0031	0.0001	0.0126	0.0046	0.0080	0.0001	0.0001	0.0000	0.0124	0.0044	0.0080	0.6973	0.6391	0.0583	0.3730	0.3554	0.0177	0.3243	0.2837	0.0406	0.1530	0.0790	0.0740	0.0406	0.0374	0.0033	0.1124	0.0416	0.0707	0.0746	0.1141	0.0107	0.9313	0.9003	1.4047	0.0881	0.1028	0.0123	0.0822	0.0578	0.1083	0.0032	0.0034	0.0004	0.1108	0.1065	0.1133
140	145	0.0299	3	1	2	0	0	0	0	0	0	N	Y	N	N	N	N	N	N	N	N	N	N	0.0000	0.0000	0.0000	0.0000	0.0000	0.0000	0.0000	0.0000	0.0000	0.0000	0.0000	0.0000	0.0000	0.0000	0.0000	0.0000	0.0000	0.0000	0.0000	0.0000	1.9232	1.0000	1.1116	1.0000	0.0000	0.0000	0.0000	0.0000	0.0000	0.0000	0.0000	0.0000	0.0000	0.0000	0.0000	0.0000	0.0000	0.0000	0.0000	0.0000	0.0000	0.0000	0.0682	0.0619	0.0063	0.0302	0.0289	0.0013	0.0380	0.0330	0.0050	0.0122	0.0050	0.0072	0.0001	0.0001	0.0000	0.0121	0.0049	0.0072	0.0000	0.0000	0.0000	0.0000	0.0000	0.0000	0.0000	0.0000	0.0000	0.0000	0.0000	0.0000	0.0000	0.0000	0.0000	0.0000	0.0000	0.0000											
140	146	0.0299	2	0	2	0	0	0	0	0	0	N	Y	N	N	N	N	N	N	N	N	N	N	inf	inf	inf	inf	inf	inf	inf	inf	0.3665	0.3828	0.0102	0.3942	0.4101	0.0000	0.0622	0.0631	0.0534	0.0000	0.0000	0.0000	0.0000	0.0000	0.0000	0.0000	0.0000	0.0000	0.0012	-0.0000	0.0000	1.9232	0.0003	1.1116	0.0000	0.0001	0.0001	0.0000	0.0001	0.0001	0.0000	0.0000	0.0000	0.0000	0.0000	0.0000	0.0000	0.0000	0.0000	0.0000	0.0000	0.0000	0.0000	0.0003	0.0003	0.0000	0.0003	0.0003	0.0000	0.0000	0.0000	0.0000	0.0000	0.0000	0.0000	0.0000	0.0000	0.0000	0.0000	0.0000	0.0000	inf	inf	inf	inf	inf	0.0000	inf	inf	inf	0.0000	0.0000	0.0000	0.0000	0.0000	0.0000	0.0000	0.0000	0.0000		
140	150	0.2055	5	0	1	0	0	0	0	0	0	N	N	N	N	N	N	N	N	N	N	N	N	0.0124	0.0088	0.0003	26.7029	41.2478	0.0000	0.0000	0.0000	0.0003	0.0073	0.0080	0.0000	0.0131	0.0138	0.0000	0.0000	0.0000	0.0000	0.5885	0.9094	0.0003	0.0005	0.0003	0.0009	0.2956	2.1541	0.0003	0.0000	0.0100	-0.0007	-0.0008	1.9232	3.7255	1.1116	14.1767	0.0027	0.0027	0.0000	0.0027	0.0027	0.0000	0.0000	0.0000	0.0000	0.0015	0.0015	0.0000	0.0000	0.0000	0.0000	0.0015	0.0015	0.0000	0.3744	0.3422	0.0322	0.2074	0.1980	0.0094	0.1670	0.1442	0.0227	0.1052	0.0585	0.0467	0.0334	0.0309	0.0025	0.0718	0.0276	0.0442	0.5130	0.3153	0.0003	142.0172	343.3360	0.0000	0.0000	0.0000	0.0003	0.0142	0.0253	0.0003	0.0001	0.0000	0.0007	0.0207	0.0534	0.0003
140	151	0.1891	4	0	1	0	0	0	0	0	0	N	N	N	N	N	N	N	N	N	N	N	N	7.0602	0.4135	266.8024	0.0903	0.1211	0.0007	61.3696	0.2033	354.9275	0.0151	0.0005	0.1603	0.0001	0.0001	0.0000	0.0328	0.0010	0.2077	0.0021	0.0011	0.0006	0.0012	0.0009	0.0011	0.0005	0.0047	0.0006	34.2542	1.1524	0.0019	0.0000	1.9232	1.4205	1.1116	4.0377	0.0027	0.0001	0.0027	0.0000	0.0000	0.0000	0.0027	0.0001	0.0027	0.0000	0.0000	0.0000	0.0000	0.0000	0.0000	0.0000	0.0000	0.0000	0.1812	0.1646	0.0166	0.0982	0.0944	0.0038	0.0830	0.0702	0.0128	0.0759	0.0419	0.0341	0.0311	0.0295	0.0015	0.0448	0.0123	0.0325	29.9725	1.1101	266.8024	0.2077	0.2252	0.0008	66.7387	3.8857	354.9275	0.0005	0.0004	0.0006	0.0005	0.0005	0.0009	0.0005	0.0002	0.0006
140	152	0.0782	3	0	1	0	0	0	0	0	0	N	N	N	N	N	N	N	N	N	N	N	N	0.0000	0.0000	0.5922	0.0000	0.0000	0.1362	0.0000	0.8050	0.0000	0.0000	0.0002	0.0000	0.0000	0.0000	0.0000	0.0000	0.0003	0.4294	0.8310	0.0004	1.4988	1.5622	0.0000	0.0003	0.0004	0.0004	136.3111	0.0227	0.0000	-0.0004	1.9232	6.4701	1.1116	12.4371	0.0000	0.0000	0.0000	0.0000	0.0000	0.0000	0.0000	0.0000	0.0000	0.0008	0.0008	0.0000	0.0008	0.0008	0.0000	0.0000	0.0000	0.0000	0.5235	0.4791	0.0444	0.2484	0.2363	0.0120	0.2752	0.2428	0.0324	0.0887	0.0399	0.0489	0.0073	0.0069	0.0004	0.0814	0.0330	0.0484	0.0020	0.0000	0.5922	0.0000	0.0000	0.0000	0.1587	0.0070	0.8050	0.0094	0.0205	0.0004	0.1114	0.1184	0.0000	0.0002	0.0000	0.0004	
141	145	0.7008	9	1	2	0	0	0	0	0	0	N	Y	N	N	N	N	N	N	N	N	N	N	0.0000	0.0000	0.0000	0.0000	0.0000	0.0000	0.0000	0.0000	0.0000	0.0000	0.0000	0.0000	0.0000	0.0000	0.0000	0.0000	0.0000	0.0000	0.0000	0.0000	3.0000	1.0000	1.0000	1.0000	0.0000	0.0000	0.0000	0.0000	0.0000	0.0000	0.0000	0.0000	0.0000	0.0000	0.0000	0.0000	0.0000	0.0000	0.0000	0.0000	0.0000	0.0000	0.1128	0.1028	0.0099	0.0880	0.0817	0.0063	0.0247	0.0211	0.0036	0.0076	0.0048	0.0028	0.0048	0.0042	0.0007	0.0027	0.0006	0.0021	0.0000	0.0000	0.0000	0.0000	0.0000	0.0000	0.0000	0.0000	0.0000	0.0000	0.0000	0.0000	0.0000	0.0000	0.0000	0.0000	0.0000	0.0000											
141	146	0.7008	8	0	2	0	0	0	0	0	0	N	Y	N	N	N	N	N	N	N	N	N	N	0.0000	0.0000	0.0000	0.0000	0.0000	0.0000	0.0000	0.0000	0.0000	0.0000	0.0000	0.0000	0.0000	0.0000	0.0000	0.0000	0.0000	0.0000	0.0000	0.0000	3.0000	0.0003	1.0000	0.0000	0.0000	0.0000	0.0000	0.0000	0.0000	0.0000	0.0000	0.0000	0.0000	0.0000	0.0000	0.0000	0.0000	0.0000	0.0000	0.0000	0.0000	0.0000	0.0003	0.0002	0.0000	0.0003	0.0002	0.0000	0.0000	0.0000	0.0000	0.0000	0.0000	0.0000	0.0000	0.0000	0.0000	0.0000	0.0000	0.0000	0.0000	0.0000	0.0000	0.0000	0.0000	0.0000	0.0000	0.0000	0.0000	0.0000	0.0000	0.0000	0.0000	0.0000	0.0000	0.0000	0.0000	0.0000											
141	147	0.6822	7	0	1	0	0	0	0	0	0	N	N	N	N	N	N	N	N	N	N	N	N	inf	inf	inf	inf	inf	inf	inf	1.2166	1.3134	0.0005	1.5102	1.6037	0.0000	0.0002	0.0000	0.0014	0.0000	0.0000	0.0000	0.0000	0.0000	0.0000	0.0000	0.0000	0.0000	0.0000	-0.2601	0.0000	3.0000	4.9449	1.0000	1.0063	0.9997	0.9997	0.0000	0.9997	0.9997	0.0000	0.0000	0.0000	0.0000	0.0000	0.0000	0.0000	0.0000	0.0000	0.0000	0.0000	0.0000	0.0000	0.8217	0.7611	0.0606	0.6620	0.6234	0.0386	0.1597	0.1377	0.0220	0.0230	0.0145	0.0085	0.0141	0.0122	0.0020	0.0089	0.0023	0.0066	inf	inf	inf	inf	inf	0.0000	inf	0.0000	inf	0.0000	0.0000	0.0000	0.0000	0.0000	0.0000	0.0000	0.0000	0.0000			
141	148	0.6657	6	0	1	0	0	0	0	0	0	N	N	N	N	N	N	N	N	N	N	N	N	inf	inf	inf	inf	inf	inf	inf	inf	inf	0.4626	0.4966	0.0844	0.5845	0.6234	0.0004	0.0358	0.0053	0.2046	0.0000	0.0000	0.0000	0.0000	0.0000	0.0000	0.0000	0.0000	0.0000	0.0153	-0.0566	0.0000	3.0000	3.4778	1.0000	1.2917	0.2310	0.2275	0.0035	0.2270	0.2270	0.0000	0.0040	0.0005	0.0035	0.0000	0.0000	0.0000	0.0000	0.0000	0.0000	0.0000	0.0000	0.0000	0.4994	0.4582	0.0412	0.3885	0.3642	0.0243	0.1110	0.0940	0.0170	0.0384	0.0221	0.0163	0.0178	0.0162	0.0016	0.0206	0.0058	0.0147	inf	inf	inf	inf	inf	inf	inf	inf	inf	0.0000	0.0000	0.0000	0.0000	0.0000	0.0000	0.0000	0.0000	0.0000	
141	149	0.6153	5	0	1	0	0	0	0	0	0	N	N	N	N	N	N	N	N	N	N	N	N	inf	inf	inf	inf	inf	inf	inf	inf	inf	2.7748	1.9639	10.6444	2.6745	2.8750	0.0293	2.9749	0.0000	21.3685	0.0000	0.0000	0.0000	0.0000	0.0000	0.0000	0.0000	0.0000	0.0000	0.5585	0.2733	0.0000	3.0000	7.8050	1.0000	4.0035	2.7846	1.7868	0.9979	1.7881	1.7868	0.0014	0.9965	0.0000	0.9965	0.0000	0.0000	0.0000	0.0000	0.0000	0.0000	0.0000	0.0000	0.0000	1.0036	0.9098	0.0937	0.6686	0.6215	0.0471	0.3350	0.2883	0.0466	0.0738	0.0369	0.0369	0.0246	0.0209	0.0037	0.0492	0.0160	0.0332	inf	inf	inf	inf	inf	inf	inf	inf	inf	0.0000	0.0000	0.0000	0.0000	0.0000	0.0000	0.0000	0.0000	0.0000	
141	150	0.5207	5	0	1	0	0	0	0	0	0	N	N	N	N	N	N	N	N	N	N	N	N	0.9037	0.5170	0.4115	0.4943	0.0002	0.0002	0.0000	0.0003	0.0003	0.0000	0.0000	0.0000	0.0000	0.0002	0.0004	0.0000	0.0007	0.0006	0.0000	0.0000	0.0000	0.0000	0.0000	0.0000	-0.0000	-0.0000	3.0000	3.7255	1.0000	14.1767	0.0001	0.0001	0.0000	0.0001	0.0001	0.0000	0.0000	0.0000	0.0000	0.0000	0.0000	0.0000	0.0000	0.0000	0.0000	0.0000	0.0000	0.0000	0.5802	0.5255	0.0546	0.4092	0.3788	0.0304	0.1710	0.1467	0.0242	0.1309	0.0713	0.0596	0.0488	0.0429	0.0060	0.0820	0.0284	0.0536	2.7068	1.6278	0.0000	1.4325	1.3576	0.0000	0.0000	0.0000	0.0000	0.0001	0.0001	0.0000	0.0002	0.0002	0.0000	0.0000	0.0000	0.0000					
141	151	0.5043	4	0	1	0	0	0	0	0	0	N	N	N	N	N	N	N	N	N	N	N	N	2.1777	inf	9.4239	inf	inf	5.7271	inf	18.4061	0.0007	0.0005	0.0031	0.0004	0.0004	0.0000	0.0015	0.0007	0.0065	0.0003	0.0000	0.0003	0.0000	0.0000	0.0000	0.0003	0.0000	0.0004	0.7000	inf	0.0000	0.0000	3.0000	1.4205	1.0000	4.0377	0.0002	0.0001	0.0001	0.0001	0.0001	0.0000	0.0001	0.0000	0.0001	0.0000	0.0000	0.0000	0.0000	0.0000	0.0000	0.0000	0.0000	0.0000	0.2433	0.2205	0.0228	0.1712	0.1592	0.0120	0.0721	0.0613	0.0108	0.0750	0.0443	0.0307	0.0311	0.0287	0.0023	0.0439	0.0156	0.0283	5.2397	inf	9.4239	inf	inf	0.0000	6.6999	inf	18.4061	0.0001	0.0000	0.0003	0.0000	0.0000	0.0000	0.0002	0.0000	0.0004	
142	145	0.6608	8	1	1	0	0	0	0	0	0	N	N	N	N	N	N	N	N	N	N	N	N	0.0000	0.0000	0.0000	0.0000	0.0000	0.0000	0.0000	0.0000	0.0000	0.0000	0.0000	0.0000	0.0000	0.0000	0.0000	0.0000	0.0000	0.0000	0.0000	0.0000	1.0000	1.0000	1.0000	1.0000	0.0000	0.0000	0.0000	0.0000	0.0000	0.0000	0.0000	0.0000	0.0000	0.0000	0.0000	0.0000	0.0000	0.0000	0.0000	0.0000	0.0000	0.0000	0.0375	0.0343	0.0032	0.0290	0.0270	0.0020	0.0085	0.0073	0.0013	0.0039	0.0025	0.0014	0.0025	0.0021	0.0004	0.0014	0.0003	0.0011	0.0000	0.0000	0.0000	0.0000	0.0000	0.0000	0.0000	0.0000	0.0000	0.0000	0.0000	0.0000	0.0000	0.0000	0.0000	0.0000	0.0000	0.0000											
142	146	0.6608	7	0	1	0	0	0	0	0	0	N	N	N	N	N	N	N	N	N	N	N	N	0.0000	0.0000	0.0000	0.0000	0.0000	0.0000	0.0000	0.0000	0.0000	0.0000	0.0000	0.0000	0.0000	0.0000	0.0000	0.0000	0.0000	0.0000	0.0000	0.0000	1.0000	0.0003	1.0000	0.0000	0.0000	0.0000	0.0000	0.0000	0.0000	0.0000	0.0000	0.0000	0.0000	0.0000	0.0000	0.0000	0.0000	0.0000	0.0000	0.0000	0.0000	0.0000	0.0001	0.0001	0.0000	0.0001	0.0001	0.0000	0.0000	0.0000	0.0000	0.0000	0.0000	0.0000	0.0000	0.0000	0.0000	0.0000	0.0000	0.0000	0.0000	0.0000	0.0000	0.0000	0.0000	0.0000	0.0000	0.0000	0.0000	0.0000	0.0000	0.0000	0.0000	0.0000	0.0000	0.0000	0.0000	0.0000											
142	147	0.6422	6	0	0	0	0	0	0	0	0	N	N	N	N	N	N	N	N	N	N	N	N	inf	inf	inf	inf	0.0009	0.0009	0.0000	0.0011	0.0011	0.0000	0.0000	0.0000	0.0000	0.0000	0.0000	0.0000	0.0000	0.0000	0.0000	0.0000	0.0000	0.0000	0.0000	-0.0001	0.0000	1.0000	4.9449	1.0000	1.0063	0.0003	0.0003	0.0000	0.0003	0.0003	0.0000	0.0000	0.0000	0.0000	0.0000	0.0000	0.0000	0.0000	0.0000	0.0000	0.0000	0.0000	0.0000	0.2980	0.2771	0.0209	0.2423	0.2292	0.0131	0.0557	0.0479	0.0077	0.0119	0.0075	0.0044	0.0073	0.0063	0.0010	0.0046	0.0012	0.0034	inf	inf	0.0000	inf	inf	0.0000	0.0000	0.0000	0.0000	0.0000	0.0000	0.0000	0.0000	0.0000	0.0000	0.0000	0.0000	0.0000						
142	148	0.6257	5	0	0	0	0	0	0	0	0	N	N	N	N	N	N	N	N	N	N	N	N	inf	inf	inf	inf	inf	inf	inf	inf	1.6656	1.8335	0.0000	2.3118	2.4754	0.0000	0.0358	0.0424	0.0000	0.0000	0.0000	0.0000	0.0000	0.0000	0.0000	0.0000	0.0000	0.0000	0.0000	-0.0588	0.0000	1.0000	3.4778	1.0000	1.2917	0.2261	0.2261	0.0000	0.2247	0.2247	0.0000	0.0014	0.0014	0.0000	0.0000	0.0000	0.0000	0.0000	0.0000	0.0000	0.0000	0.0000	0.0000	0.1357	0.1233	0.0124	0.0972	0.0908	0.0064	0.0385	0.0325	0.0060	0.0200	0.0115	0.0085	0.0092	0.0084	0.0008	0.0108	0.0031	0.0077	inf	inf	inf	inf	inf	0.0000	inf	inf	inf	0.0000	0.0000	0.0000	0.0000	0.0000	0.0000	0.0000	0.0000	0.0000		
142	149	0.5753	4	0	0	0	0	0	0	0	0	N	N	N	N	N	N	N	N	N	N	N	N	inf	inf	inf	inf	inf	inf	inf	inf	2.5965	2.8746	0.0169	4.2564	4.5700	0.0382	0.0001	0.0000	0.0006	0.0000	0.0000	0.0000	0.0000	0.0000	0.0000	0.0000	0.0000	0.0000	0.0006	-0.2047	0.0000	1.0000	7.8050	1.0000	4.0035	0.7886	0.7881	0.0005	0.7886	0.7881	0.0005	0.0000	0.0000	0.0000	0.0000	0.0000	0.0000	0.0000	0.0000	0.0000	0.0000	0.0000	0.0000	0.3037	0.2742	0.0295	0.1853	0.1724	0.0128	0.1184	0.1017	0.0167	0.0385	0.0192	0.0194	0.0127	0.0107	0.0019	0.0259	0.0084	0.0175	inf	inf	inf	inf	inf	inf	inf	0.0000	inf	0.0000	0.0000	0.0000	0.0000	0.0000	0.0000	0.0000	0.0000	0.0000		
142	150	0.4807	4	0	0	0	0	0	0	0	0	N	N	N	N	N	N	N	N	N	N	N	N	0.1698	0.0994	0.0933	0.1100	0.0001	0.0001	0.0000	0.0001	0.0001	0.0000	0.0000	0.0000	0.0000	0.0003	0.0006	0.0000	0.0010	0.0009	0.0000	0.0000	0.0000	0.0000	0.0000	0.0000	-0.0000	-0.0000	1.0000	3.7255	1.0000	14.1767	0.0000	0.0000	0.0000	0.0000	0.0000	0.0000	0.0000	0.0000	0.0000	0.0000	0.0000	0.0000	0.0000	0.0000	0.0000	0.0000	0.0000	0.0000	0.1729	0.1556	0.0173	0.1124	0.1038	0.0086	0.0605	0.0518	0.0087	0.0682	0.0370	0.0312	0.0252	0.0221	0.0031	0.0430	0.0149	0.0281	0.3943	0.2377	0.0000	0.2241	0.2128	0.0000	0.0000	0.0000	0.0000	0.0001	0.0003	0.0000	0.0004	0.0005	0.0000	0.0000	0.0000	0.0000					
142	151	0.4644	3	0	0	0	0	0	0	0	0	N	N	N	N	N	N	N	N	N	N	N	N	0.4550	inf	0.0000	inf	inf	0.0001	0.0000	0.0003	0.0003	0.0000	0.0004	0.0005	0.0000	0.0000	0.0000	0.0000	0.0006	0.0000	0.0006	0.0000	0.0000	0.0000	0.0005	0.0000	0.0007	0.0000	inf	-0.0000	0.0000	1.0000	1.4205	1.0000	4.0377	0.0000	0.0000	0.0000	0.0000	0.0000	0.0000	0.0000	0.0000	0.0000	0.0000	0.0000	0.0000	0.0000	0.0000	0.0000	0.0000	0.0000	0.0000	0.0715	0.0643	0.0072	0.0460	0.0427	0.0033	0.0255	0.0216	0.0039	0.0390	0.0230	0.0160	0.0161	0.0149	0.0012	0.0230	0.0082	0.0148	1.0912	inf	0.0000	inf	inf	0.0000	0.0001	0.0000	0.0000	0.0003	0.0000	0.0006	0.0000	0.0000	0.0000	0.0004	0.0000	0.0007		
143	145	0.6416	7	1	1	0	0	0	0	0	0	N	N	N	N	N	N	N	N	N	N	N	N	0.0000	0.0000	0.0000	0.0000	0.0000	0.0000	0.0000	0.0000	0.0000	0.0000	0.0000	0.0000	0.0000	0.0000	0.0000	0.0000	0.0000	0.0000	0.0000	0.0000	7.1211	1.0000	10.9474	1.0000	0.0000	0.0000	0.0000	0.0000	0.0000	0.0000	0.0000	0.0000	0.0000	0.0000	0.0000	0.0000	0.0000	0.0000	0.0000	0.0000	0.0000	0.0000	0.2450	0.2199	0.0251	0.1537	0.1421	0.0117	0.0912	0.0778	0.0134	0.0825	0.0519	0.0306	0.0442	0.0379	0.0063	0.0382	0.0140	0.0243	0.0000	0.0000	0.0000	0.0000	0.0000	0.0000	0.0000	0.0000	0.0000	0.0000	0.0000	0.0000	0.0000	0.0000	0.0000	0.0000	0.0000	0.0000											
143	146	0.6416	6	0	1	0	0	0	0	0	0	N	N	N	N	N	N	N	N	N	N	N	N	inf	inf	inf	inf	inf	inf	1.0185	1.0951	0.0000	1.2806	1.3537	0.0000	0.0028	0.0032	0.0000	0.0000	0.0000	0.0000	0.0000	0.0000	0.0000	0.0000	0.0000	0.0000	0.0000	-0.0001	0.0000	7.1211	0.0003	10.9474	0.0000	0.0002	0.0002	0.0000	0.0002	0.0002	0.0000	0.0000	0.0000	0.0000	0.0000	0.0000	0.0000	0.0000	0.0000	0.0000	0.0000	0.0000	0.0000	0.0002	0.0002	0.0000	0.0002	0.0002	0.0000	0.0000	0.0000	0.0000	0.0000	0.0000	0.0000	0.0000	0.0000	0.0000	0.0000	0.0000	0.0000	inf	inf	0.0000	inf	inf	0.0000	inf	inf	0.0000	0.0000	0.0000	0.0000	0.0000	0.0000	0.0000	0.0000	0.0000	0.0000				
143	147	0.6230	5	0	0	0	0	0	0	0	0	N	N	N	N	N	N	N	N	N	N	N	N	284.3179	1087.3388	0.0039	1348.4063	1975.0334	0.0056	343.1865	332.1960	0.0035	1.6296	1.8043	0.0000	2.2568	2.4189	0.0000	0.8425	0.9731	0.0000	0.0057	0.0017	0.0014	0.0017	0.0012	0.0010	0.0025	0.0029	0.0016	0.0000	1.5621	-0.5215	0.0000	7.1211	4.9449	10.9474	1.0063	2.0044	2.0044	0.0000	1.5449	1.5449	0.0000	0.4595	0.4595	0.0000	0.0002	0.0001	0.0001	0.0001	0.0001	0.0000	0.0001	0.0000	0.0001	1.2300	1.1109	0.1191	0.6845	0.6387	0.0459	0.5455	0.4722	0.0732	0.2654	0.1680	0.0973	0.1424	0.1222	0.0202	0.1230	0.0458	0.0772	1911.3092	3433.1524	0.0039	3255.9127	3551.4677	0.0070	812.2827	8766.6729	0.0035	0.0009	0.0005	0.0014	0.0007	0.0007	0.0008	0.0010	0.0001	0.0016
143	148	0.6065	4	0	0	0	0	0	0	0	0	N	N	N	N	N	N	N	N	N	N	N	N	1.6133	3.5347	0.0414	1.0000	1.3393	0.0086	3.4960	1757.0741	0.1274	1.8404	2.0450	0.0256	0.2824	0.3058	0.0006	3.7855	4.3544	0.0438	1.1408	0.5786	0.6178	0.2824	0.2284	0.0643	1.0828	0.0025	0.3435	0.0014	7.6726	-0.4626	0.0087	7.1211	3.4778	10.9474	1.2917	1.7878	1.7852	0.0025	0.1523	0.1523	0.0000	1.6354	1.6329	0.0025	0.0240	0.0028	0.0213	0.0034	0.0028	0.0006	0.0206	0.0000	0.0206	0.9714	0.8730	0.0984	0.5394	0.4980	0.0414	0.4320	0.3750	0.0570	0.3720	0.2330	0.1390	0.1903	0.1669	0.0234	0.1817	0.0661	0.1157	28.4993	172.0076	0.1674	15.7457	18.4661	0.0199	33.3799	52214.6805	0.2458	0.0646	0.0119	0.1529	0.0179	0.0166	0.0277	0.1134	0.0001	0.1781
143	149	0.5561	3	0	0	0	0	0	0	0	0	N	N	N	N	N	N	N	N	N	N	N	N	0.3722	0.3082	102.7610	0.1652	0.1663	877.4306	301.6436	462.1064	100.3132	0.8878	0.9716	0.1803	0.8298	0.8834	0.0441	0.9185	1.0217	0.2162	2.3855	3.1523	0.0018	5.0239	5.3117	0.0001	0.0030	0.0022	0.0022	0.0220	0.0006	-0.4156	-0.4039	7.1211	7.8050	10.9474	4.0035	1.7411	1.7037	0.0374	0.5629	0.5610	0.0019	1.1782	1.1427	0.0355	0.7747	0.7743	0.0004	0.7742	0.7742	0.0000	0.0004	0.0000	0.0004	1.9611	1.7534	0.2077	0.6784	0.6351	0.0433	1.2827	1.1184	0.1643	0.6836	0.4366	0.2469	0.3202	0.2732	0.0470	0.3633	0.1634	0.1999	0.7834	0.5479	102.7610	0.3432	0.3117	877.4306	757.6973	17436.1518	100.3132	1.1333	1.7732	0.0018	2.4178	2.8337	0.0001	0.0012	0.0001	0.0022
143	150	0.4615	3	0	0	0	0	0	0	0	0	N	N	N	N	N	N	N	N	N	N	N	N	0.4499	0.3705	0.0082	0.0005	0.0005	0.0139	1.5881	0.4810	0.0060	0.7205	0.8291	0.0000	0.0014	0.0016	0.0000	1.2474	1.4542	0.0000	1.6016	2.2375	0.0021	2.8855	2.9304	0.0018	0.7855	3.0236	0.0022	0.0000	0.0035	-0.2594	-0.1784	7.1211	3.7255	10.9474	14.1767	0.9970	0.9970	0.0000	0.0008	0.0008	0.0000	0.9962	0.9962	0.0000	0.3442	0.3430	0.0012	0.2923	0.2922	0.0001	0.0518	0.0508	0.0010	1.3837	1.2025	0.1812	0.5851	0.5175	0.0676	0.7986	0.6850	0.1136	1.4257	0.8684	0.5573	0.6509	0.5596	0.0914	0.7748	0.3089	0.4660	2.9849	2.0993	0.0082	0.0031	0.0030	0.0154	18.6507	8.8446	0.0060	0.2414	0.3949	0.0021	0.4491	0.5222	0.0016	0.0669	0.1644	0.0022
143	151	0.4451	2	0	0	0	0	0	0	0	0	N	N	N	N	N	N	N	N	N	N	N	N	0.0237	0.0220	0.0012	0.0042	0.0050	0.0000	0.0564	0.0367	0.0073	0.0460	0.0540	0.0017	0.0149	0.0173	0.0002	0.0753	0.0897	0.0028	1.9408	2.4548	1.3641	3.5253	3.4311	8.5725	1.3354	2.4438	0.3893	0.0056	0.3320	-0.0090	-0.1446	7.1211	1.4205	10.9474	4.0377	0.0353	0.0351	0.0002	0.0055	0.0055	0.0000	0.0298	0.0296	0.0002	0.5304	0.3982	0.1322	0.4439	0.3839	0.0600	0.0865	0.0143	0.0722	0.7673	0.6498	0.1175	0.3723	0.3203	0.0520	0.3950	0.3295	0.0655	1.0889	0.6600	0.4289	0.5665	0.4928	0.0736	0.5224	0.1671	0.3553	0.0944	0.0895	0.0055	0.0190	0.0222	0.0003	0.4550	1.0505	0.0139	0.4871	0.6033	0.3082	0.7836	0.7790	0.8148	0.1655	0.0854	0.2032
144	145	0.3913	6	1	1	0	0	0	0	0	0	N	N	N	N	N	N	N	N	N	N	N	N	0.5840	inf	8.3012	inf	inf	inf	1.9810	inf	13.1679	0.0093	0.0073	0.0263	0.0001	0.0001	0.0000	0.0226	0.0188	0.0435	0.0160	0.0000	0.0032	0.0000	0.0000	0.0000	0.0114	0.0000	0.0033	0.4233	inf	0.0001	0.0001	8.5175	1.0000	23.1696	1.0000	0.0023	0.0016	0.0007	0.0000	0.0000	0.0000	0.0023	0.0016	0.0007	0.0001	0.0000	0.0001	0.0000	0.0000	0.0000	0.0001	0.0000	0.0001	0.2487	0.2225	0.0262	0.1465	0.1362	0.0104	0.1022	0.0864	0.0159	0.0785	0.0375	0.0410	0.0183	0.0166	0.0016	0.0602	0.0209	0.0394	5.6322	inf	8.3012	inf	inf	inf	10.4717	inf	13.1679	0.0017	0.0000	0.0032	0.0000	0.0000	0.0000	0.0022	0.0000	0.0033
144	146	0.3913	5	0	1	0	0	0	0	0	0	N	N	N	N	N	N	N	N	N	N	N	N	inf	inf	inf	inf	inf	inf	0.0057	0.0061	0.0001	0.0072	0.0076	0.0002	0.0000	0.0000	0.0000	0.0000	0.0000	0.0000	0.0000	0.0000	0.0000	0.0000	0.0000	0.0000	0.0017	-0.0000	0.0000	8.5175	0.0003	23.1696	0.0000	0.0000	0.0000	0.0000	0.0000	0.0000	0.0000	0.0000	0.0000	0.0000	0.0000	0.0000	0.0000	0.0000	0.0000	0.0000	0.0000	0.0000	0.0000	0.0002	0.0002	0.0000	0.0002	0.0002	0.0000	0.0001	0.0000	0.0000	0.0000	0.0000	0.0000	0.0000	0.0000	0.0000	0.0000	0.0000	0.0000	inf	inf	inf	inf	inf	inf	0.0000	0.0000	0.0000	0.0000	0.0000	0.0000	0.0000	0.0000	0.0000	0.0000	0.0000	0.0000				
144	147	0.3727	4	0	0	0	0	0	0	0	0	N	N	N	N	N	N	N	N	N	N	N	N	1.4531	9.8607	0.0627	8.2464	9.3140	26.9824	6.5335	7.6757	0.0203	0.7960	0.8811	0.0044	0.1132	0.1194	0.0130	1.5248	1.7696	0.0005	0.5478	0.0894	0.0701	0.0137	0.0128	0.0005	0.2334	0.2305	0.0255	0.0005	4.6855	-0.2663	0.0010	8.5175	4.9449	23.1696	1.0063	1.0256	1.0250	0.0006	0.0753	0.0748	0.0005	0.9503	0.9502	0.0000	0.0033	0.0006	0.0027	0.0002	0.0002	0.0000	0.0031	0.0004	0.0027	1.2885	1.1634	0.1251	0.6652	0.6264	0.0389	0.6232	0.5370	0.0862	0.2696	0.1360	0.1336	0.0654	0.0599	0.0055	0.2042	0.0762	0.1281	64.8403	205.8735	0.2154	32.0137	31.2602	28.8945	101.1487	381.1879	0.0244	0.0123	0.0043	0.0204	0.0035	0.0038	0.0005	0.0151	0.0046	0.0213
144	148	0.3561	3	0	0	0	0	0	0	0	0	N	N	N	N	N	N	N	N	N	N	N	N	0.0646	0.1093	0.0020	0.0121	0.0122	0.0019	0.0741	0.1527	0.0025	0.1850	0.2016	0.0270	0.0278	0.0293	0.0015	0.2956	0.3327	0.0346	2.8621	1.8440	13.6075	2.3056	2.3922	0.8020	3.9896	2.1791	13.6996	0.0141	26.9464	-0.0436	0.4512	8.5175	3.4778	23.1696	1.2917	0.1769	0.1744	0.0025	0.0110	0.0109	0.0000	0.1659	0.1635	0.0024	1.0200	0.0365	0.9835	0.0323	0.0307	0.0016	0.9877	0.0058	0.9819	0.9561	0.8653	0.0908	0.3950	0.3740	0.0210	0.5611	0.4913	0.0699	0.3886	0.2139	0.1747	0.1229	0.1162	0.0067	0.2656	0.0977	0.1680	0.0705	1.1811	0.0048	0.1060	0.1109	0.0066	0.0795	5.5884	0.0059	2.6251	0.1707	5.6297	0.2623	0.2641	0.2327	3.7185	0.0595	5.8461
144	149	0.3058	2	0	0	0	0	0	0	0	0	N	N	N	N	N	N	N	N	N	N	N	N	0.3454	0.1388	0.4898	0.0001	0.0001	0.0000	0.3957	0.1830	0.7805	0.8290	0.3824	4.3067	0.0003	0.0003	0.0000	0.9362	0.4361	4.5219	2.4000	2.7551	8.7921	5.2976	5.4764	2.6376	2.3658	2.3827	5.7936	1.4461	1.5577	0.5418	0.0790	8.5175	7.8050	23.1696	4.0035	1.6370	0.6693	0.9678	0.0001	0.0001	0.0000	1.6370	0.6692	0.9678	0.9064	0.3544	0.5521	0.3377	0.3310	0.0067	0.5688	0.0234	0.5454	1.9747	1.7500	0.2247	0.2261	0.2155	0.0107	1.7485	1.5345	0.2140	0.7518	0.4068	0.3451	0.1202	0.1085	0.0117	0.6316	0.2982	0.3334	0.6876	0.4390	2.6919	0.0001	0.0001	0.0001	1.0396	5.5578	2.7641	1.2056	0.8712	1.5999	2.8084	3.0494	0.5712	0.9005	0.0785	1.6360
144	150	0.2112	2	0	0	0	0	0	0	0	0	N	N	N	N	N	N	N	N	N	N	N	N	0.1407	0.0923	0.0847	0.1382	0.1429	0.0101	0.1035	0.0448	0.1317	0.3954	0.3306	0.7575	0.5311	0.5378	0.0924	0.3676	0.2796	0.7689	2.8107	3.5828	8.9385	3.8423	3.7627	9.1129	3.5516	6.2423	5.8386	0.4099	0.4792	0.0170	-0.7591	8.5175	3.7255	23.1696	14.1767	0.5564	0.3946	0.1618	0.1271	0.1268	0.0003	0.4293	0.2678	0.1614	3.8353	2.5927	1.2425	0.3424	0.3352	0.0072	3.4928	2.2575	1.2353	1.4073	1.1937	0.2136	0.2394	0.2358	0.0036	1.1679	0.9579	0.2100	1.5896	0.8379	0.7517	0.3513	0.3425	0.0087	1.2383	0.4953	0.7430	0.1639	0.1068	0.4583	0.5448	0.5495	0.1117	0.1303	0.0613	0.4624	2.4127	3.0944	1.6529	0.9749	0.9786	0.8270	2.8206	4.5576	1.6626
145	150	0.2191	7	1	1	0	0	0	0	0	0	N	N	N	N	N	N	N	N	N	N	N	N	1.1964	0.6051	0.5033	0.6378	0.0006	0.0006	0.0000	0.0009	0.0010	0.0000	0.0000	0.0000	0.0000	0.0005	0.0010	0.0000	0.0018	0.0015	0.0000	0.0000	0.0000	0.0000	0.0000	0.0000	-0.0000	-0.0000	1.0000	3.7255	1.0000	14.1767	0.0001	0.0001	0.0000	0.0001	0.0001	0.0000	0.0000	0.0000	0.0000	0.0000	0.0000	0.0000	0.0000	0.0000	0.0000	0.0000	0.0000	0.0000	0.1427	0.1277	0.0150	0.0874	0.0818	0.0056	0.0553	0.0460	0.0094	0.0484	0.0254	0.0230	0.0131	0.0120	0.0010	0.0354	0.0134	0.0220	2.7151	1.5911	0.0000	1.1950	1.1766	0.0000	0.0000	0.0000	0.0000	0.0002	0.0004	0.0000	0.0008	0.0008	0.0000	0.0000	0.0000	0.0000					
145	151	0.2027	6	1	1	0	0	0	0	0	0	N	N	N	N	N	N	N	N	N	N	N	N	1.4286	inf	5.7659	inf	inf	4.9355	inf	7.8725	0.0012	0.0009	0.0037	0.0002	0.0002	0.0000	0.0026	0.0020	0.0052	0.0008	0.0000	0.0006	0.0000	0.0000	0.0000	0.0005	0.0000	0.0007	0.5000	inf	0.0000	0.0000	1.0000	1.4205	1.0000	4.0377	0.0001	0.0001	0.0000	0.0000	0.0000	0.0000	0.0001	0.0000	0.0000	0.0000	0.0000	0.0000	0.0000	0.0000	0.0000	0.0000	0.0000	0.0000	0.0744	0.0664	0.0080	0.0436	0.0413	0.0023	0.0308	0.0251	0.0057	0.0326	0.0172	0.0154	0.0118	0.0115	0.0004	0.0208	0.0057	0.0151	3.9414	inf	5.7659	inf	inf	0.0000	5.3863	inf	7.8725	0.0003	0.0000	0.0006	0.0000	0.0000	0.0000	0.0005	0.0000	0.0007	
145	152	0.0917	5	1	1	0	0	0	0	0	0	N	N	N	N	N	N	N	N	N	N	N	N	inf	inf	inf	inf	0.0001	0.0001	0.0000	0.0000	0.0000	0.0000	0.0001	0.0001	0.0000	0.0000	0.0000	0.0000	0.0000	0.0000	0.0000	0.0000	0.0000	0.0000	0.0000	-0.0000	0.0000	1.0000	6.4701	1.0000	12.4371	0.0000	0.0000	0.0000	0.0000	0.0000	0.0000	0.0000	0.0000	0.0000	0.0000	0.0000	0.0000	0.0000	0.0000	0.0000	0.0000	0.0000	0.0000	0.1834	0.1635	0.0199	0.0925	0.0852	0.0073	0.0909	0.0783	0.0127	0.0478	0.0189	0.0289	0.0011	0.0011	0.0000	0.0467	0.0178	0.0289	inf	inf	0.0000	0.0000	0.0000	0.0000	inf	inf	0.0000	0.0000	0.0000	0.0000	0.0000	0.0000	0.0000	0.0000	0.0000	0.0000						
146	150	0.2129	6	0	1	0	0	0	0	0	0	N	N	N	N	N	N	N	N	N	N	N	N	0.0000	0.0000	0.0000	0.0000	0.0000	0.0000	0.0000	0.0000	0.0000	0.0000	0.0000	0.0000	0.0000	0.0000	0.0000	0.0000	0.0000	0.0000	0.0000	0.0000	0.0003	3.7255	0.0000	14.1767	0.0000	0.0000	0.0000	0.0000	0.0000	0.0000	0.0000	0.0000	0.0000	0.0000	0.0000	0.0000	0.0000	0.0000	0.0000	0.0000	0.0000	0.0000	0.0001	0.0001	0.0000	0.0001	0.0001	0.0000	0.0000	0.0000	0.0000	0.0000	0.0000	0.0000	0.0000	0.0000	0.0000	0.0000	0.0000	0.0000	0.0000	0.0000	0.0000	0.0000	0.0000	0.0000	0.0000	0.0000	0.0000	0.0000	0.0000	0.0000	0.0000	0.0000	0.0000	0.0000	0.0000	0.0000											
146	151	0.1965	5	0	1	0	0	0	0	0	0	N	N	N	N	N	N	N	N	N	N	N	N	0.0000	0.0000	0.0000	0.0000	0.0000	0.0000	0.0000	0.0000	0.0000	0.0000	0.0000	0.0000	0.0000	0.0000	0.0000	0.0000	0.0000	0.0000	0.0000	0.0000	0.0003	1.4205	0.0000	4.0377	0.0000	0.0000	0.0000	0.0000	0.0000	0.0000	0.0000	0.0000	0.0000	0.0000	0.0000	0.0000	0.0000	0.0000	0.0000	0.0000	0.0000	0.0000	0.0001	0.0000	0.0000	0.0000	0.0000	0.0000	0.0000	0.0000	0.0000	0.0000	0.0000	0.0000	0.0000	0.0000	0.0000	0.0000	0.0000	0.0000	0.0000	0.0000	0.0000	0.0000	0.0000	0.0000	0.0000	0.0000	0.0000	0.0000	0.0000	0.0000	0.0000	0.0000	0.0000	0.0000	0.0000	0.0000											
146	152	0.0855	4	0	1	0	0	0	0	0	0	N	N	N	N	N	N	N	N	N	N	N	N	0.0000	0.0000	0.0000	0.0000	0.0000	0.0000	0.0000	0.0000	0.0000	0.0000	0.0000	0.0000	0.0000	0.0000	0.0000	0.0000	0.0000	0.0000	0.0000	0.0000	0.0003	6.4701	0.0000	12.4371	0.0000	0.0000	0.0000	0.0000	0.0000	0.0000	0.0000	0.0000	0.0000	0.0000	0.0000	0.0000	0.0000	0.0000	0.0000	0.0000	0.0000	0.0000	0.0002	0.0002	0.0000	0.0001	0.0001	0.0000	0.0000	0.0000	0.0000	0.0000	0.0000	0.0000	0.0000	0.0000	0.0000	0.0000	0.0000	0.0000	0.0000	0.0000	0.0000	0.0000	0.0000	0.0000	0.0000	0.0000	0.0000	0.0000	0.0000	0.0000	0.0000	0.0000	0.0000	0.0000	0.0000	0.0000											
147	150	0.2129	5	0	0	0	0	0	0	0	0	N	N	N	N	N	N	N	N	N	N	N	N	0.0001	0.0000	0.1003	0.0215	0.0327	0.0010	0.0000	0.0000	0.1882	0.0000	0.0000	0.0000	0.0001	0.0001	0.0000	0.0000	0.0000	0.0000	0.4017	0.6958	0.0004	0.0023	0.0016	0.0025	0.1782	1.6095	0.0003	0.1260	0.0187	-0.0000	-0.0008	4.9449	3.7255	1.0063	14.1767	0.0000	0.0000	0.0000	0.0000	0.0000	0.0000	0.0000	0.0000	0.0000	0.0015	0.0015	0.0000	0.0000	0.0000	0.0000	0.0015	0.0015	0.0000	0.7137	0.6442	0.0695	0.3880	0.3671	0.0209	0.3257	0.2771	0.0486	0.1780	0.0973	0.0807	0.0512	0.0473	0.0039	0.1268	0.0500	0.0768	0.0035	0.0019	0.1003	0.0521	0.0609	0.0012	0.0006	0.0000	0.1882	0.0087	0.0156	0.0004	0.0010	0.0009	0.0021	0.0118	0.0295	0.0003
147	151	0.1965	4	0	0	0	0	0	0	0	0	N	N	N	N	N	N	N	N	N	N	N	N	0.0181	0.0319	0.0003	0.0681	0.0955	0.0000	0.0208	0.0046	0.0004	0.0001	0.0002	0.0000	0.0002	0.0002	0.0000	0.0000	0.0000	0.0000	0.0080	0.0050	0.0012	0.0034	0.0026	0.0058	0.0020	0.0109	0.0011	0.0002	0.9439	-0.0000	-0.0000	4.9449	1.4205	1.0063	4.0377	0.0001	0.0001	0.0000	0.0000	0.0000	0.0000	0.0000	0.0000	0.0000	0.0001	0.0001	0.0001	0.0001	0.0001	0.0000	0.0001	0.0000	0.0001	0.3598	0.3236	0.0362	0.1912	0.1829	0.0084	0.1686	0.1408	0.0278	0.1231	0.0672	0.0558	0.0475	0.0454	0.0020	0.0756	0.0218	0.0538	0.1330	0.1569	0.0003	0.1745	0.2004	0.0000	0.0453	0.0833	0.0004	0.0011	0.0010	0.0012	0.0013	0.0012	0.0040	0.0009	0.0006	0.0011
147	152	0.0855	3	0	0	0	0	0	0	0	0	N	N	N	N	N	N	N	N	N	N	N	N	0.0005	0.0002	0.0000	0.0000	0.0000	0.4229	0.0453	0.0000	0.0001	0.0001	0.0000	0.0000	0.0001	0.0000	0.0001	0.0002	0.0000	0.2298	0.5805	0.0004	1.3367	1.3000	0.0000	0.0004	0.0038	0.0004	0.0000	0.0455	-0.0000	-0.0004	4.9449	6.4701	1.0063	12.4371	0.0001	0.0001	0.0000	0.0000	0.0000	0.0000	0.0001	0.0001	0.0000	0.0009	0.0008	0.0000	0.0008	0.0008	0.0000	0.0000	0.0000	0.0000	0.9527	0.8576	0.0951	0.4144	0.3884	0.0260	0.5383	0.4692	0.0691	0.1597	0.0694	0.0903	0.0089	0.0083	0.0005	0.1508	0.0611	0.0898	0.0190	0.0096	0.0000	0.0005	0.0005	0.0000	0.4618	1.0372	0.0000	0.0055	0.0122	0.0004	0.0944	0.1004	0.0000	0.0003	0.0002	0.0004	
148	150	0.1943	4	0	0	0	0	0	0	0	0	N	N	N	N	N	N	N	N	N	N	N	N	0.0000	0.0000	0.0000	0.0000	0.0000	0.0000	0.0000	0.0000	0.0000	0.0000	0.0000	0.0000	0.0001	0.0001	0.0000	0.0000	0.0000	0.0000	3.4125	5.8227	0.4648	2.0988	2.1091	0.9984	5.2628	14.2999	0.2216	0.0029	0.0164	-0.0000	-0.5141	3.4778	3.7255	1.2917	14.1767	0.0000	0.0000	0.0000	0.0000	0.0000	0.0000	0.0000	0.0000	0.0000	1.0165	1.0001	0.0164	0.0233	0.0216	0.0017	0.9932	0.9785	0.0147	0.5489	0.4974	0.0515	0.2489	0.2369	0.0121	0.3000	0.2605	0.0395	0.2979	0.1718	0.1261	0.1092	0.1033	0.0058	0.1887	0.0684	0.1203	0.0000	0.0000	0.0000	0.0003	0.0004	0.0000	0.0000	0.0000	0.0000	3.4125	5.8227	0.1302	0.2134	0.2091	0.2897	5.2628	14.2999	0.1225
148	151	0.1779	3	0	0	0	0	0	0	0	0	N	N	N	N	N	N	N	N	N	N	N	N	0.0000	0.0000	0.0001	0.0000	0.0000	0.0000	0.0001	0.0000	0.0003	0.0001	0.0001	0.0001	0.0000	0.0000	0.0000	0.0001	0.0001	0.0001	1.6196	1.9837	1.1293	2.3790	2.4260	1.1588	1.5325	2.9404	0.4478	0.1491	0.7920	-0.0000	-0.0046	3.4778	1.4205	1.2917	4.0377	0.0000	0.0000	0.0000	0.0000	0.0000	0.0000	0.0000	0.0000	0.0000	0.0579	0.0323	0.0256	0.0290	0.0275	0.0015	0.0289	0.0048	0.0241	0.2792	0.2521	0.0271	0.1284	0.1235	0.0049	0.1508	0.1286	0.0222	0.2238	0.1271	0.0966	0.0987	0.0945	0.0042	0.1251	0.0326	0.0925	0.0003	0.0003	0.0004	0.0001	0.0001	0.0000	0.0005	0.0008	0.0005	0.2589	0.2543	0.2649	0.2937	0.2911	0.3537	0.2314	0.1477	0.2609
148	152	0.0669	2	0	0	0	0	0	0	0	0	N	N	N	N	N	N	N	N	N	N	N	N	0.0000	0.0000	0.0000	0.0001	0.0001	0.0000	0.0000	0.0000	0.0000	0.0001	0.0001	0.0000	0.0003	0.0003	0.0000	0.0000	0.0000	0.0000	2.0512	2.8361	2.0539	5.2203	5.2887	21.5024	1.5636	1.4181	0.6449	0.0012	0.3964	-0.0000	-0.0350	3.4778	6.4701	1.2917	12.4371	0.0001	0.0001	0.0000	0.0001	0.0001	0.0000	0.0000	0.0000	0.0000	0.1469	0.1052	0.0417	0.1061	0.1035	0.0026	0.0408	0.0017	0.0391	0.7209	0.6514	0.0696	0.2373	0.2239	0.0134	0.4836	0.4274	0.0562	0.2110	0.1081	0.1029	0.0393	0.0376	0.0017	0.1717	0.0705	0.1011	0.0001	0.0001	0.0000	0.0001	0.0001	0.0000	0.0000	0.0002	0.0000	0.6962	0.9729	0.4054	2.6968	2.7521	1.5021	0.2378	0.0246	0.3865
149	150	0.1777	3	0	0	0	0	0	0	0	0	N	N	N	N	N	N	N	N	N	N	N	N	0.0001	0.0001	0.0000	0.0006	0.0307	0.0000	0.0000	0.0000	0.0000	0.0001	0.0002	0.0000	0.0008	0.0009	0.0000	0.0000	0.0000	0.0000	2.0723	1.4406	8.7875	1.4986	0.0280	21.1393	2.2928	2.4666	5.2325	0.0000	16.6225	-0.0000	0.1612	7.8050	3.7255	4.0035	14.1767	0.0002	0.0002	0.0000	0.0002	0.0002	0.0000	0.0000	0.0000	0.0000	0.3826	0.0217	0.3609	0.0105	0.0005	0.0100	0.3721	0.0212	0.3509	1.1190	0.9926	0.1265	0.1900	0.1835	0.0066	0.9290	0.8091	0.1199	0.5372	0.3116	0.2257	0.0947	0.0873	0.0074	0.4426	0.2243	0.2183	0.0002	0.0023	0.0000	0.0075	0.1434	0.0000	0.0000	0.0000	0.0000	0.7122	0.0697	1.5994	0.1112	0.0060	1.3612	0.8408	0.0945	1.6075
149	151	0.1614	2	0	0	0	0	0	0	0	0	N	N	N	N	N	N	N	N	N	N	N	N	0.0001	0.0001	0.0001	0.0001	0.0001	0.0000	0.0001	0.0001	0.0001	0.0004	0.0003	0.0011	0.0005	0.0005	0.0000	0.0004	0.0002	0.0011	2.8196	2.9741	12.3435	5.3203	5.3737	25.6602	3.2512	2.0934	11.8006	0.4789	2.0565	0.0000	0.1174	7.8050	1.4205	4.0035	4.0377	0.0002	0.0001	0.0001	0.0001	0.0001	0.0000	0.0002	0.0001	0.0001	0.7780	0.2545	0.5234	0.2556	0.2495	0.0060	0.5224	0.0050	0.5174	0.5634	0.4997	0.0637	0.1234	0.1213	0.0021	0.4400	0.3784	0.0616	0.3170	0.1904	0.1266	0.0872	0.0837	0.0034	0.2299	0.1067	0.1232	0.0002	0.0002	0.0003	0.0002	0.0002	0.0000	0.0002	0.0050	0.0003	2.4539	1.3366	4.1344	2.9321	2.9796	1.7667	2.2726	0.0468	4.1999
