223
76
213
249
101
75
113
333
81
272
251
283
233
62
40
80
168
165
250
77
91
115
90
152
256
54
214
186
14
282
132
328
33
164
188
280
46
260
294
208
255
82
263
106
338
93
179
197
207
23
85
187
181
39
279
78
259
111
131
352
306
56
299
331
293
103
254
230
266
235
185
126
100
330
335
253
64
0
262
51
83
129
337
292
52
178
212
88
258
2
96
110
31
351
305
104
107
127
229
114
191
21
87
79
269
61
257
15
234
271
109
149
60
196
277
329
163
359
209
120
167
97
102
336
160
119
12
228
180
190
154
99
22
41
195
206
94
153
112
1
270
84
108
121
162
358
295
302
32
150
158
159
53
189
63
298
334
30
296
308
327
194
92
157
274
288
156
161
307
357
300
55
297
345
326
166
86
193
231
13
287
105
356
303
177
192
57
